i13_j11,REU_i13_j11,RE,4.0,-21.08,55.36,1734.0
Date (MM/DD/YYYY),Time (HH:MM),ETR (W/m^2),ETRN (W/m^2),GHI (W/m^2),GHI source,GHI uncert (%),DNI (W/m^2),DNI source,DNI uncert (%),DHI (W/m^2),DHI source,DHI uncert (%),GH illum (lx),GH illum source,Global illum uncert (%),DN illum (lx),DN illum source,DN illum uncert (%),DH illum (lx),DH illum source,DH illum uncert (%),Zenith lum (cd/m^2),Zenith lum source,Zenith lum uncert (%),TotCld (tenths),TotCld source,TotCld uncert (code),OpqCld (tenths),OpqCld source,OpqCld uncert (code),Dry-bulb (C),Dry-bulb source,Dry-bulb uncert (code),Dew-point (C),Dew-point source,Dew-point uncert (code),RHum (%),RHum source,RHum uncert (code),Pressure (mbar),Pressure source,Pressure uncert (code),Wdir (degrees),Wdir source,Wdir uncert (code),Wspd (m/s),Wspd source,Wspd uncert (code),Hvis (m),Hvis source,Hvis uncert (code),CeilHgt (m),CeilHgt source,CeilHgt uncert (code),Pwat (cm),Pwat source,Pwat uncert (code),AOD (unitless),AOD source,AOD uncert (code),Alb (unitless),Alb source,Alb uncert (code),Lprecip depth (mm),Lprecip quantity (hr),Lprecip source,Lprecip uncert (code)
01/01/2020,01:00,0.0,1413.941,0.0,1,8,0.0,1,8,0.0,1,8,0.0,1,8,0.0,1,8,0.0,1,8,-0.0,1,8,-9900,?,9,-9900,?,9,12.186,E,8,6.43,E,8,68.4,E,8,822.9788000000001,E,8,999.0,E,8,0.826,E,8,-9900,?,9,-9900,?,9,0.0002,E,8,-9900,?,9,-9900,?,9,0.002,99.0,E,8
01/01/2020,02:00,0.0,1413.941,0.0,1,8,0.0,1,8,0.0,1,8,0.0,1,8,0.0,1,8,0.0,1,8,-0.0,1,8,-9900,?,9,-9900,?,9,11.188,E,8,5.884,E,8,69.6,E,8,822.9788000000001,E,8,999.0,E,8,0.72,E,8,-9900,?,9,-9900,?,9,0.0,E,8,-9900,?,9,-9900,?,9,0.0,0.0,E,8
01/01/2020,03:00,0.0,1413.941,0.0,1,8,0.0,1,8,0.0,1,8,0.0,1,8,0.0,1,8,0.0,1,8,-0.0,1,8,-9900,?,9,-9900,?,9,10.672,E,8,6.444,E,8,75.0,E,8,822.9788000000001,E,8,999.0,E,8,0.72,E,8,-9900,?,9,-9900,?,9,0.0,E,8,-9900,?,9,-9900,?,9,0.0,0.0,E,8
01/01/2020,04:00,0.0,1413.982,0.0,1,8,0.0,1,8,0.0,1,8,0.0,1,8,0.0,1,8,0.0,1,8,-0.0,1,8,-9900,?,9,-9900,?,9,10.19,E,8,6.952,E,8,80.2,E,8,822.9788000000001,E,8,999.0,E,8,0.72,E,8,-9900,?,9,-9900,?,9,0.0,E,8,-9900,?,9,-9900,?,9,0.0,0.0,E,8
01/01/2020,05:00,0.0,1413.982,13.49,1,8,0.0,1,8,0.0,1,8,1618.8,1,8,0.0,1,8,0.0,1,8,-0.0,1,8,-9900,?,9,-9900,?,9,9.744,E,8,7.408,E,8,85.2,E,8,822.9788000000001,E,8,999.0,E,8,0.72,E,8,-9900,?,9,-9900,?,9,0.0,E,8,-9900,?,9,-9900,?,9,0.0,0.0,E,8
01/01/2020,06:00,89.538,1413.982,0.0,1,8,0.0,1,8,0.0,1,8,0.0,1,8,0.0,1,8,0.0,1,8,0.0,1,8,-9900,?,9,-9900,?,9,9.31,E,8,7.85,E,8,90.0,E,8,822.9788000000001,E,8,999.0,E,8,0.72,E,8,-9900,?,9,-9900,?,9,0.0,E,8,-9900,?,9,-9900,?,9,0.0,0.0,E,8
01/01/2020,07:00,402.29,1413.982,67.45,1,8,0.0,1,8,67.45,1,8,8094.0,1,8,0.0,1,8,7419.5,1,8,75.711,1,8,-9900,?,9,-9900,?,9,8.96,E,8,8.18,E,8,94.0,E,8,822.9788000000001,E,8,999.0,E,8,0.72,E,8,-9900,?,9,-9900,?,9,0.0,E,8,-9900,?,9,-9900,?,9,0.0,0.0,E,8
01/01/2020,08:00,704.457,1413.982,232.79,1,8,29.966,1,8,217.874,1,8,27934.8,1,8,2846.796,1,8,23966.116,1,8,139.325,1,8,-9900,?,9,-9900,?,9,12.37,E,8,4.55,E,8,58.0,E,8,822.9788000000001,E,8,999.0,E,8,0.72,E,8,-9900,?,9,-9900,?,9,0.0,E,8,-9900,?,9,-9900,?,9,0.0,0.0,E,8
01/01/2020,09:00,972.649,1413.982,396.97,1,8,61.891,1,8,354.411,1,8,47636.4,1,8,5879.601,1,8,38985.177,1,8,164.054,1,8,-9900,?,9,-9900,?,9,14.23,E,8,2.14,E,8,43.0,E,8,822.9788000000001,E,8,999.0,E,8,0.72,E,8,-9900,?,9,-9900,?,9,0.0,E,8,-9900,?,9,-9900,?,9,0.0,0.0,E,8
01/01/2020,10:00,1188.321,1413.982,538.52,1,8,93.358,1,8,460.071,1,8,64622.4,1,8,8869.034,1,8,50607.763,1,8,174.276,1,8,-9900,?,9,-9900,?,9,15.97,E,8,-0.44,E,8,32.0,E,8,822.9788000000001,E,8,999.0,E,8,0.72,E,8,-9900,?,9,-9900,?,9,0.0,E,8,-9900,?,9,-9900,?,9,0.0,0.0,E,8
01/01/2020,11:00,1336.709,1413.982,645.65,1,8,6.982,1,8,639.05,1,8,77478.0,1,8,663.308,1,8,70295.457,1,8,215.182,1,8,-9900,?,9,-9900,?,9,17.49,E,8,-2.89,E,8,24.0,E,8,822.9788000000001,E,8,999.0,E,8,1.13,E,8,-9900,?,9,-9900,?,9,0.0,E,8,-9900,?,9,-9900,?,9,0.0,0.0,E,8
01/01/2020,12:00,1407.673,1413.982,710.36,1,8,7.974,1,8,702.422,1,8,85243.2,1,8,757.513,1,8,77266.395,1,8,224.59,1,8,-9900,?,9,-9900,?,9,18.75,E,8,-5.34,E,8,18.0,E,8,822.9788000000001,E,8,999.0,E,8,1.12,E,8,-9900,?,9,-9900,?,9,0.0,E,8,-9900,?,9,-9900,?,9,0.0,0.0,E,8
01/01/2020,13:00,1396.365,1413.982,727.97,1,8,9.192,1,8,718.892,1,8,87356.4,1,8,873.257,1,8,79078.165,1,8,231.719,1,8,-9900,?,9,-9900,?,9,19.71,E,8,-7.59,E,8,13.0,E,8,822.9788000000001,E,8,999.0,E,8,2.16,E,8,-9900,?,9,-9900,?,9,0.0,E,8,-9900,?,9,-9900,?,9,0.0,0.0,E,8
01/01/2020,14:00,1303.551,1413.982,697.23,1,8,10.852,1,8,687.226,1,8,83667.6,1,8,1030.956,1,8,75594.848,1,8,237.295,1,8,-9900,?,9,-9900,?,9,20.34,E,8,-9.32,E,8,11.0,E,8,822.9788000000001,E,8,999.0,E,8,2.63,E,8,-9900,?,9,-9900,?,9,0.0,E,8,-9900,?,9,-9900,?,9,0.0,0.0,E,8
01/01/2020,15:00,1135.56,1413.982,620.34,1,8,206.319,1,8,454.673,1,8,74440.8,1,8,19600.332,1,8,50014.035,1,8,180.241,1,8,-9900,?,9,-9900,?,9,20.64,E,8,-10.24,E,8,10.0,E,8,822.9788000000001,E,8,999.0,E,8,2.55,E,8,-9900,?,9,-9900,?,9,0.0,E,8,-9900,?,9,-9900,?,9,0.0,0.0,E,8
01/01/2020,16:00,903.862,1413.982,502.86,1,8,228.211,1,8,357.042,1,8,60343.2,1,8,21680.085,1,8,39274.616,1,8,177.867,1,8,-9900,?,9,-9900,?,9,20.59,E,8,-10.08,E,8,10.0,E,8,822.9788000000001,E,8,999.0,E,8,2.51,E,8,-9900,?,9,-9900,?,9,0.0,E,8,-9900,?,9,-9900,?,9,0.0,0.0,E,8
01/01/2020,17:00,624.332,1413.982,353.73,1,8,326.275,1,8,209.84,1,8,42447.6,1,8,30996.103,1,8,23082.358,1,8,151.457,1,8,-9900,?,9,-9900,?,9,20.03,E,8,-8.44,E,8,12.0,E,8,822.9788000000001,E,8,999.0,E,8,1.4,E,8,-9900,?,9,-9900,?,9,0.0,E,8,-9900,?,9,-9900,?,9,0.0,0.0,E,8
01/01/2020,18:00,316.447,1413.982,186.18,1,8,588.811,1,8,55.115,1,8,22341.6,1,8,55936.999,1,8,6062.677,1,8,78.815,1,8,-9900,?,9,-9900,?,9,19.03,E,8,-5.96,E,8,16.0,E,8,822.9788000000001,E,8,999.0,E,8,0.99,E,8,-9900,?,9,-9900,?,9,0.0,E,8,-9900,?,9,-9900,?,9,0.0,0.0,E,8
01/01/2020,19:00,10.164,1413.982,30.21,1,8,0.0,1,8,0.0,1,8,3625.2,1,8,0.0,1,8,0.0,1,8,-0.0,1,8,-9900,?,9,-9900,?,9,17.71,E,8,-3.28,E,8,22.0,E,8,822.9788000000001,E,8,999.0,E,8,0.72,E,8,-9900,?,9,-9900,?,9,0.0,E,8,-9900,?,9,-9900,?,9,0.0,0.0,E,8
01/01/2020,20:00,0.0,1413.982,0.0,1,8,0.0,1,8,0.0,1,8,0.0,1,8,0.0,1,8,0.0,1,8,-0.0,1,8,-9900,?,9,-9900,?,9,16.84,E,8,-1.79,E,8,27.0,E,8,822.9788000000001,E,8,999.0,E,8,0.72,E,8,-9900,?,9,-9900,?,9,0.0,E,8,-9900,?,9,-9900,?,9,0.0,0.0,E,8
01/01/2020,21:00,0.0,1413.982,0.0,1,8,0.0,1,8,0.0,1,8,0.0,1,8,0.0,1,8,0.0,1,8,-0.0,1,8,-9900,?,9,-9900,?,9,15.97,E,8,-0.44,E,8,32.0,E,8,822.9788000000001,E,8,999.0,E,8,0.72,E,8,-9900,?,9,-9900,?,9,0.0,E,8,-9900,?,9,-9900,?,9,0.0,0.0,E,8
01/01/2020,22:00,0.0,1413.982,0.0,1,8,0.0,1,8,0.0,1,8,0.0,1,8,0.0,1,8,0.0,1,8,-0.0,1,8,-9900,?,9,-9900,?,9,15.1,E,8,0.88,E,8,37.0,E,8,822.9788000000001,E,8,999.0,E,8,0.72,E,8,-9900,?,9,-9900,?,9,0.0,E,8,-9900,?,9,-9900,?,9,0.0,0.0,E,8
01/01/2020,23:00,0.0,1413.982,0.0,1,8,0.0,1,8,0.0,1,8,0.0,1,8,0.0,1,8,0.0,1,8,-0.0,1,8,-9900,?,9,-9900,?,9,14.23,E,8,2.14,E,8,43.0,E,8,822.9788000000001,E,8,999.0,E,8,0.72,E,8,-9900,?,9,-9900,?,9,0.0,E,8,-9900,?,9,-9900,?,9,0.0,0.0,E,8
01/01/2020,24:00,0.0,1413.982,0.0,1,8,0.0,1,8,0.0,1,8,0.0,1,8,0.0,1,8,0.0,1,8,-0.0,1,8,-9900,?,9,-9900,?,9,13.36,E,8,8.98,E,8,71.0,E,8,822.9788000000001,E,8,999.0,E,8,1.08,E,8,-9900,?,9,-9900,?,9,0.0,E,8,-9900,?,9,-9900,?,9,0.0,0.0,E,8
01/02/2020,01:00,0.0,1413.982,0.0,1,8,0.0,1,8,0.0,1,8,0.0,1,8,0.0,1,8,0.0,1,8,-0.0,1,8,-9900,?,9,-9900,?,9,12.93,E,8,9.26,E,8,75.0,E,8,822.9788000000001,E,8,999.0,E,8,1.08,E,8,-9900,?,9,-9900,?,9,0.0,E,8,-9900,?,9,-9900,?,9,0.0,0.0,E,8
01/02/2020,02:00,0.0,1413.982,0.0,1,8,0.0,1,8,0.0,1,8,0.0,1,8,0.0,1,8,0.0,1,8,-0.0,1,8,-9900,?,9,-9900,?,9,12.49,E,8,9.54,E,8,78.0,E,8,822.9788000000001,E,8,999.0,E,8,1.1,E,8,-9900,?,9,-9900,?,9,0.0,E,8,-9900,?,9,-9900,?,9,0.0,0.0,E,8
01/02/2020,03:00,0.0,1413.982,0.0,1,8,0.0,1,8,0.0,1,8,0.0,1,8,0.0,1,8,0.0,1,8,-0.0,1,8,-9900,?,9,-9900,?,9,12.06,E,8,9.81,E,8,87.0,E,8,822.9788000000001,E,8,999.0,E,8,1.08,E,8,-9900,?,9,-9900,?,9,0.001,E,8,-9900,?,9,-9900,?,9,0.01,99.0,E,8
01/02/2020,04:00,0.0,1414.008,0.0,1,8,0.0,1,8,0.0,1,8,0.0,1,8,0.0,1,8,0.0,1,8,-0.0,1,8,-9900,?,9,-9900,?,9,11.62,E,8,10.08,E,8,86.0,E,8,822.9788000000001,E,8,999.0,E,8,1.08,E,8,-9900,?,9,-9900,?,9,0.0,E,8,-9900,?,9,-9900,?,9,0.0,0.0,E,8
01/02/2020,05:00,0.0,1414.008,0.0,1,8,0.0,1,8,0.0,1,8,0.0,1,8,0.0,1,8,0.0,1,8,-0.0,1,8,-9900,?,9,-9900,?,9,11.24,E,8,10.31,E,8,94.0,E,8,822.9788000000001,E,8,999.0,E,8,1.08,E,8,-9900,?,9,-9900,?,9,0.01,E,8,-9900,?,9,-9900,?,9,0.1,99.0,E,8
01/02/2020,06:00,86.439,1414.008,0.0,1,8,0.0,1,8,0.0,1,8,0.0,1,8,0.0,1,8,0.0,1,8,0.0,1,8,-9900,?,9,-9900,?,9,10.95,E,8,10.49,E,8,97.0,E,8,822.9788000000001,E,8,999.0,E,8,1.08,E,8,-9900,?,9,-9900,?,9,0.018,E,8,-9900,?,9,-9900,?,9,0.18,99.0,E,8
01/02/2020,07:00,399.29,1414.008,43.74,1,8,0.0,1,8,43.74,1,8,5248.8,1,8,0.0,1,8,4811.4,1,8,49.469,1,8,-9900,?,9,-9900,?,9,10.66,E,8,10.66,E,8,99.0,E,8,822.9788000000001,E,8,999.0,E,8,1.08,E,8,-9900,?,9,-9900,?,9,0.013000000000000001,E,8,-9900,?,9,-9900,?,9,0.13,99.0,E,8
01/02/2020,08:00,701.83,1414.008,153.32,1,8,10.869,1,8,147.93,1,8,18398.4,1,8,1032.55,1,8,16272.314,1,8,94.954,1,8,-9900,?,9,-9900,?,9,13.48,E,8,8.9,E,8,84.0,E,8,822.9788000000001,E,8,999.0,E,8,1.08,E,8,-9900,?,9,-9900,?,9,1.327,E,8,-9900,?,9,-9900,?,9,13.27,99.0,E,8
01/02/2020,09:00,970.534,1414.008,262.36,1,8,5.017,1,8,258.917,1,8,31483.2,1,8,476.634,1,8,28480.922,1,8,120.115,1,8,-9900,?,9,-9900,?,9,15.04,E,8,7.84,E,8,64.0,E,8,822.9788000000001,E,8,999.0,E,8,1.08,E,8,-9900,?,9,-9900,?,9,0.036,E,8,-9900,?,9,-9900,?,9,0.36,99.0,E,8
01/02/2020,10:00,1186.82,1414.008,356.46,1,8,5.638,1,8,351.728,1,8,42775.2,1,8,535.627,1,8,38690.112,1,8,133.407,1,8,-9900,?,9,-9900,?,9,16.49,E,8,6.79,E,8,55.0,E,8,822.9788000000001,E,8,999.0,E,8,1.08,E,8,-9900,?,9,-9900,?,9,0.002,E,8,-9900,?,9,-9900,?,9,0.02,99.0,E,8
01/02/2020,11:00,1335.878,1414.008,427.76,1,8,9.814,1,8,418.489,1,8,51331.2,1,8,932.289,1,8,46033.79,1,8,141.005,1,8,-9900,?,9,-9900,?,9,17.77,E,8,5.8,E,8,44.0,E,8,822.9788000000001,E,8,999.0,E,8,1.08,E,8,-9900,?,9,-9900,?,9,0.0,E,8,-9900,?,9,-9900,?,9,0.0,0.0,E,8
01/02/2020,12:00,1407.524,1414.008,537.83,1,8,15.873,1,8,522.03,1,8,64539.6,1,8,1507.958,1,8,57423.255,1,8,166.933,1,8,-9900,?,9,-9900,?,9,19.14,E,8,4.66,E,8,38.0,E,8,822.9788000000001,E,8,999.0,E,8,1.08,E,8,-9900,?,9,-9900,?,9,0.0,E,8,-9900,?,9,-9900,?,9,0.0,0.0,E,8
01/02/2020,13:00,1396.861,1414.008,439.44,1,8,9.333,1,8,430.22,1,8,52732.8,1,8,886.63,1,8,47324.232,1,8,138.625,1,8,-9900,?,9,-9900,?,9,19.73,E,8,4.15,E,8,35.0,E,8,822.9788000000001,E,8,999.0,E,8,1.08,E,8,-9900,?,9,-9900,?,9,0.0,E,8,-9900,?,9,-9900,?,9,0.0,0.0,E,8
01/02/2020,14:00,1304.612,1414.008,462.74,1,8,13.144,1,8,450.613,1,8,55528.8,1,8,1248.695,1,8,49567.47,1,8,155.47,1,8,-9900,?,9,-9900,?,9,20.25,E,8,3.68,E,8,33.0,E,8,822.9788000000001,E,8,999.0,E,8,1.08,E,8,-9900,?,9,-9900,?,9,0.0,E,8,-9900,?,9,-9900,?,9,0.0,0.0,E,8
01/02/2020,15:00,1137.066,1414.008,411.93,1,8,13.777,1,8,400.853,1,8,49431.6,1,8,1308.813,1,8,44093.842,1,8,158.698,1,8,-9900,?,9,-9900,?,9,20.49,E,8,3.46,E,8,32.0,E,8,822.9788000000001,E,8,999.0,E,8,1.08,E,8,-9900,?,9,-9900,?,9,0.0,E,8,-9900,?,9,-9900,?,9,0.0,0.0,E,8
01/02/2020,16:00,905.662,1414.008,334.15,1,8,15.314,1,8,324.346,1,8,40098.0,1,8,1454.829,1,8,35678.02,1,8,161.26,1,8,-9900,?,9,-9900,?,9,20.44,E,8,3.51,E,8,32.0,E,8,822.9788000000001,E,8,999.0,E,8,1.08,E,8,-9900,?,9,-9900,?,9,0.0,E,8,-9900,?,9,-9900,?,9,0.0,0.0,E,8
01/02/2020,17:00,626.254,1414.008,235.3,1,8,67.62,1,8,205.387,1,8,28236.0,1,8,6423.907,1,8,22592.609,1,8,147.79,1,8,-9900,?,9,-9900,?,9,19.97,E,8,3.94,E,8,39.0,E,8,822.9788000000001,E,8,999.0,E,8,1.08,E,8,-9900,?,9,-9900,?,9,0.005,E,8,-9900,?,9,-9900,?,9,0.05,99.0,E,8
01/02/2020,18:00,318.307,1414.008,124.15,1,8,98.144,1,8,102.175,1,8,14898.0,1,8,9323.647,1,8,11239.203,1,8,145.251,1,8,-9900,?,9,-9900,?,9,19.12,E,8,4.68,E,8,42.0,E,8,822.9788000000001,E,8,999.0,E,8,1.08,E,8,-9900,?,9,-9900,?,9,0.003,E,8,-9900,?,9,-9900,?,9,0.03,99.0,E,8
01/02/2020,19:00,11.562,1414.008,20.46,1,8,0.0,1,8,0.0,1,8,2455.2,1,8,0.0,1,8,0.0,1,8,-0.0,1,8,-9900,?,9,-9900,?,9,18.02,E,8,5.6,E,8,43.0,E,8,822.9788000000001,E,8,999.0,E,8,1.08,E,8,-9900,?,9,-9900,?,9,0.0,E,8,-9900,?,9,-9900,?,9,0.0,0.0,E,8
01/02/2020,20:00,0.0,1414.008,0.0,1,8,0.0,1,8,0.0,1,8,0.0,1,8,0.0,1,8,0.0,1,8,-0.0,1,8,-9900,?,9,-9900,?,9,17.18,E,8,6.26,E,8,52.0,E,8,822.9788000000001,E,8,999.0,E,8,1.08,E,8,-9900,?,9,-9900,?,9,0.007000000000000001,E,8,-9900,?,9,-9900,?,9,0.07,99.0,E,8
01/02/2020,21:00,0.0,1414.008,0.0,1,8,0.0,1,8,0.0,1,8,0.0,1,8,0.0,1,8,0.0,1,8,-0.0,1,8,-9900,?,9,-9900,?,9,16.34,E,8,6.9,E,8,56.0,E,8,822.9788000000001,E,8,999.0,E,8,1.08,E,8,-9900,?,9,-9900,?,9,0.05500000000000001,E,8,-9900,?,9,-9900,?,9,0.55,99.0,E,8
01/02/2020,22:00,0.0,1414.008,0.0,1,8,0.0,1,8,0.0,1,8,0.0,1,8,0.0,1,8,0.0,1,8,-0.0,1,8,-9900,?,9,-9900,?,9,15.5,E,8,7.51,E,8,61.0,E,8,822.9788000000001,E,8,999.0,E,8,1.08,E,8,-9900,?,9,-9900,?,9,0.097,E,8,-9900,?,9,-9900,?,9,0.97,99.0,E,8
01/02/2020,23:00,0.0,1414.008,0.0,1,8,0.0,1,8,0.0,1,8,0.0,1,8,0.0,1,8,0.0,1,8,-0.0,1,8,-9900,?,9,-9900,?,9,14.66,E,8,8.1,E,8,67.0,E,8,822.9788000000001,E,8,999.0,E,8,1.08,E,8,-9900,?,9,-9900,?,9,0.026000000000000002,E,8,-9900,?,9,-9900,?,9,0.26,99.0,E,8
01/02/2020,24:00,0.0,1414.008,0.0,1,8,0.0,1,8,0.0,1,8,0.0,1,8,0.0,1,8,0.0,1,8,-0.0,1,8,-9900,?,9,-9900,?,9,13.81,E,8,11.12,E,8,83.0,E,8,822.9788000000001,E,8,999.0,E,8,1.08,E,8,-9900,?,9,-9900,?,9,0.0,E,8,-9900,?,9,-9900,?,9,0.0,0.0,E,8
01/03/2020,01:00,0.0,1414.008,0.0,1,8,0.0,1,8,0.0,1,8,0.0,1,8,0.0,1,8,0.0,1,8,-0.0,1,8,-9900,?,9,-9900,?,9,13.39,E,8,11.02,E,8,85.0,E,8,822.9788000000001,E,8,999.0,E,8,1.08,E,8,-9900,?,9,-9900,?,9,0.0,E,8,-9900,?,9,-9900,?,9,0.0,0.0,E,8
01/03/2020,02:00,0.0,1414.008,0.0,1,8,0.0,1,8,0.0,1,8,0.0,1,8,0.0,1,8,0.0,1,8,-0.0,1,8,-9900,?,9,-9900,?,9,12.97,E,8,10.93,E,8,87.0,E,8,822.9788000000001,E,8,999.0,E,8,1.08,E,8,-9900,?,9,-9900,?,9,0.0,E,8,-9900,?,9,-9900,?,9,0.0,0.0,E,8
01/03/2020,03:00,0.0,1414.008,0.0,1,8,0.0,1,8,0.0,1,8,0.0,1,8,0.0,1,8,0.0,1,8,-0.0,1,8,-9900,?,9,-9900,?,9,12.55,E,8,10.83,E,8,89.0,E,8,822.9788000000001,E,8,999.0,E,8,1.08,E,8,-9900,?,9,-9900,?,9,0.0,E,8,-9900,?,9,-9900,?,9,0.0,0.0,E,8
01/03/2020,04:00,0.0,1414.019,0.0,1,8,0.0,1,8,0.0,1,8,0.0,1,8,0.0,1,8,0.0,1,8,-0.0,1,8,-9900,?,9,-9900,?,9,12.13,E,8,10.74,E,8,91.0,E,8,822.9788000000001,E,8,999.0,E,8,1.08,E,8,-9900,?,9,-9900,?,9,0.0,E,8,-9900,?,9,-9900,?,9,0.0,0.0,E,8
01/03/2020,05:00,0.0,1414.019,0.0,1,8,0.0,1,8,0.0,1,8,0.0,1,8,0.0,1,8,0.0,1,8,-0.0,1,8,-9900,?,9,-9900,?,9,11.76,E,8,10.65,E,8,92.0,E,8,822.9788000000001,E,8,999.0,E,8,1.08,E,8,-9900,?,9,-9900,?,9,0.0,E,8,-9900,?,9,-9900,?,9,0.0,0.0,E,8
01/03/2020,06:00,83.304,1414.019,0.0,1,8,0.0,1,8,0.0,1,8,0.0,1,8,0.0,1,8,0.0,1,8,0.0,1,8,-9900,?,9,-9900,?,9,11.48,E,8,10.59,E,8,94.0,E,8,822.9788000000001,E,8,999.0,E,8,1.08,E,8,-9900,?,9,-9900,?,9,0.0,E,8,-9900,?,9,-9900,?,9,0.0,0.0,E,8
01/03/2020,07:00,396.261,1414.019,47.28,1,8,0.0,1,8,47.28,1,8,5673.6,1,8,0.0,1,8,5200.8,1,8,53.885,1,8,-9900,?,9,-9900,?,9,11.21,E,8,10.52,E,8,95.0,E,8,822.9788000000001,E,8,999.0,E,8,1.08,E,8,-9900,?,9,-9900,?,9,0.0,E,8,-9900,?,9,-9900,?,9,0.0,0.0,E,8
01/03/2020,08:00,699.183,1414.019,168.4,1,8,5.327,1,8,165.768,1,8,20208.0,1,8,506.073,1,8,18234.516,1,8,106.809,1,8,-9900,?,9,-9900,?,9,13.44,E,8,11.03,E,8,85.0,E,8,822.9788000000001,E,8,999.0,E,8,1.08,E,8,-9900,?,9,-9900,?,9,0.0,E,8,-9900,?,9,-9900,?,9,0.0,0.0,E,8
01/03/2020,09:00,968.406,1414.019,289.18,1,8,29.312,1,8,269.112,1,8,34701.6,1,8,2784.669,1,8,29602.301,1,8,125.12,1,8,-9900,?,9,-9900,?,9,14.7,E,8,11.32,E,8,80.0,E,8,822.9788000000001,E,8,999.0,E,8,1.08,E,8,-9900,?,9,-9900,?,9,0.0,E,8,-9900,?,9,-9900,?,9,0.0,0.0,E,8
01/03/2020,10:00,1185.308,1414.019,393.52,1,8,17.661,1,8,378.718,1,8,47222.4,1,8,1677.783,1,8,41658.928,1,8,143.828,1,8,-9900,?,9,-9900,?,9,15.86,E,8,11.57,E,8,75.0,E,8,822.9788000000001,E,8,999.0,E,8,1.08,E,8,-9900,?,9,-9900,?,9,0.0,E,8,-9900,?,9,-9900,?,9,0.0,0.0,E,8
01/03/2020,11:00,1335.037,1414.019,472.68,1,8,36.988,1,8,437.759,1,8,56721.6,1,8,3513.839,1,8,48153.543,1,8,147.592,1,8,-9900,?,9,-9900,?,9,16.89,E,8,11.8,E,8,71.0,E,8,822.9788000000001,E,8,999.0,E,8,1.08,E,8,-9900,?,9,-9900,?,9,0.0,E,8,-9900,?,9,-9900,?,9,0.0,0.0,E,8
01/03/2020,12:00,1407.36,1414.019,520.75,1,8,40.965,1,8,479.978,1,8,62490.0,1,8,3891.658,1,8,52797.604,1,8,153.505,1,8,-9900,?,9,-9900,?,9,17.74,E,8,11.98,E,8,68.0,E,8,822.9788000000001,E,8,999.0,E,8,1.08,E,8,-9900,?,9,-9900,?,9,0.0,E,8,-9900,?,9,-9900,?,9,0.0,0.0,E,8
01/03/2020,13:00,1397.335,1414.019,534.25,1,8,45.95,1,8,488.843,1,8,64110.0,1,8,4365.208,1,8,53772.722,1,8,157.463,1,8,-9900,?,9,-9900,?,9,18.39,E,8,12.12,E,8,66.0,E,8,822.9788000000001,E,8,999.0,E,8,1.08,E,8,-9900,?,9,-9900,?,9,0.0,E,8,-9900,?,9,-9900,?,9,0.0,0.0,E,8
01/03/2020,14:00,1305.64,1414.019,512.21,1,8,53.295,1,8,463.003,1,8,61465.2,1,8,5062.995,1,8,50930.292,1,8,159.62,1,8,-9900,?,9,-9900,?,9,18.82,E,8,12.21,E,8,65.0,E,8,822.9788000000001,E,8,999.0,E,8,1.08,E,8,-9900,?,9,-9900,?,9,0.0,E,8,-9900,?,9,-9900,?,9,0.0,0.0,E,8
01/03/2020,15:00,1138.525,1414.019,456.21,1,8,35.283,1,8,427.806,1,8,54745.2,1,8,3351.842,1,8,47058.67,1,8,169.153,1,8,-9900,?,9,-9900,?,9,19.03,E,8,12.25,E,8,64.0,E,8,822.9788000000001,E,8,999.0,E,8,1.08,E,8,-9900,?,9,-9900,?,9,0.0,E,8,-9900,?,9,-9900,?,9,0.0,0.0,E,8
01/03/2020,16:00,907.401,1414.019,370.31,1,8,75.144,1,8,322.109,1,8,44437.2,1,8,7138.709,1,8,35431.964,1,8,159.842,1,8,-9900,?,9,-9900,?,9,19.0,E,8,12.24,E,8,64.0,E,8,822.9788000000001,E,8,999.0,E,8,1.08,E,8,-9900,?,9,-9900,?,9,0.0,E,8,-9900,?,9,-9900,?,9,0.0,0.0,E,8
01/03/2020,17:00,628.102,1414.019,261.04,1,8,106.368,1,8,213.848,1,8,31324.8,1,8,10104.98,1,8,23523.252,1,8,153.425,1,8,-9900,?,9,-9900,?,9,18.63,E,8,12.17,E,8,66.0,E,8,822.9788000000001,E,8,999.0,E,8,1.08,E,8,-9900,?,9,-9900,?,9,0.0,E,8,-9900,?,9,-9900,?,9,0.0,0.0,E,8
01/03/2020,18:00,320.078,1414.019,138.06,1,8,210.696,1,8,90.618,1,8,16567.2,1,8,20016.075,1,8,9967.973,1,8,128.102,1,8,-9900,?,9,-9900,?,9,17.96,E,8,12.02,E,8,68.0,E,8,822.9788000000001,E,8,999.0,E,8,1.08,E,8,-9900,?,9,-9900,?,9,0.0,E,8,-9900,?,9,-9900,?,9,0.0,0.0,E,8
01/03/2020,19:00,12.878,1414.019,23.09,1,8,0.0,1,8,23.09,1,8,2770.8,1,8,0.0,1,8,2539.9,1,8,8874.0,1,8,-9900,?,9,-9900,?,9,17.09,E,8,11.84,E,8,71.0,E,8,822.9788000000001,E,8,999.0,E,8,1.08,E,8,-9900,?,9,-9900,?,9,0.0,E,8,-9900,?,9,-9900,?,9,0.0,0.0,E,8
01/03/2020,20:00,0.0,1414.019,0.0,1,8,0.0,1,8,0.0,1,8,0.0,1,8,0.0,1,8,0.0,1,8,-0.0,1,8,-9900,?,9,-9900,?,9,16.28,E,8,11.66,E,8,74.0,E,8,822.9788000000001,E,8,999.0,E,8,1.08,E,8,-9900,?,9,-9900,?,9,0.0,E,8,-9900,?,9,-9900,?,9,0.0,0.0,E,8
01/03/2020,21:00,0.0,1414.019,0.0,1,8,0.0,1,8,0.0,1,8,0.0,1,8,0.0,1,8,0.0,1,8,-0.0,1,8,-9900,?,9,-9900,?,9,15.47,E,8,11.49,E,8,77.0,E,8,822.9788000000001,E,8,999.0,E,8,1.08,E,8,-9900,?,9,-9900,?,9,0.0,E,8,-9900,?,9,-9900,?,9,0.0,0.0,E,8
01/03/2020,22:00,0.0,1414.019,0.0,1,8,0.0,1,8,0.0,1,8,0.0,1,8,0.0,1,8,0.0,1,8,-0.0,1,8,-9900,?,9,-9900,?,9,14.66,E,8,11.31,E,8,80.0,E,8,822.9788000000001,E,8,999.0,E,8,1.08,E,8,-9900,?,9,-9900,?,9,0.0,E,8,-9900,?,9,-9900,?,9,0.0,0.0,E,8
01/03/2020,23:00,0.0,1414.019,0.0,1,8,0.0,1,8,0.0,1,8,0.0,1,8,0.0,1,8,0.0,1,8,-0.0,1,8,-9900,?,9,-9900,?,9,13.85,E,8,11.13,E,8,83.0,E,8,822.9788000000001,E,8,999.0,E,8,1.08,E,8,-9900,?,9,-9900,?,9,0.0,E,8,-9900,?,9,-9900,?,9,0.0,0.0,E,8
01/03/2020,24:00,0.0,1414.019,0.0,1,8,0.0,1,8,0.0,1,8,0.0,1,8,0.0,1,8,0.0,1,8,-0.0,1,8,-9900,?,9,-9900,?,9,13.04,E,8,10.62,E,8,85.0,E,8,822.9788000000001,E,8,999.0,E,8,0.8,E,8,-9900,?,9,-9900,?,9,0.0,E,8,-9900,?,9,-9900,?,9,0.0,0.0,E,8
01/04/2020,01:00,0.0,1414.019,0.0,1,8,0.0,1,8,0.0,1,8,0.0,1,8,0.0,1,8,0.0,1,8,-0.0,1,8,-9900,?,9,-9900,?,9,12.63,E,8,10.6,E,8,87.0,E,8,822.9788000000001,E,8,999.0,E,8,0.8,E,8,-9900,?,9,-9900,?,9,0.0,E,8,-9900,?,9,-9900,?,9,0.0,0.0,E,8
01/04/2020,02:00,0.0,1414.019,0.0,1,8,0.0,1,8,0.0,1,8,0.0,1,8,0.0,1,8,0.0,1,8,-0.0,1,8,-9900,?,9,-9900,?,9,12.23,E,8,10.59,E,8,89.0,E,8,822.9788000000001,E,8,999.0,E,8,0.8,E,8,-9900,?,9,-9900,?,9,0.0,E,8,-9900,?,9,-9900,?,9,0.0,0.0,E,8
01/04/2020,03:00,0.0,1414.019,0.0,1,8,0.0,1,8,0.0,1,8,0.0,1,8,0.0,1,8,0.0,1,8,-0.0,1,8,-9900,?,9,-9900,?,9,11.82,E,8,10.57,E,8,92.0,E,8,822.9788000000001,E,8,999.0,E,8,0.8,E,8,-9900,?,9,-9900,?,9,0.0,E,8,-9900,?,9,-9900,?,9,0.0,0.0,E,8
01/04/2020,04:00,0.0,1414.015,0.0,1,8,0.0,1,8,0.0,1,8,0.0,1,8,0.0,1,8,0.0,1,8,-0.0,1,8,-9900,?,9,-9900,?,9,11.42,E,8,10.55,E,8,94.0,E,8,822.9788000000001,E,8,999.0,E,8,1.06,E,8,-9900,?,9,-9900,?,9,0.0,E,8,-9900,?,9,-9900,?,9,0.0,0.0,E,8
01/04/2020,05:00,0.0,1414.015,0.0,1,8,0.0,1,8,0.0,1,8,0.0,1,8,0.0,1,8,0.0,1,8,-0.0,1,8,-9900,?,9,-9900,?,9,11.06,E,8,10.54,E,8,96.0,E,8,822.9788000000001,E,8,999.0,E,8,1.47,E,8,-9900,?,9,-9900,?,9,0.0,E,8,-9900,?,9,-9900,?,9,0.0,0.0,E,8
01/04/2020,06:00,80.138,1414.015,0.0,1,8,0.0,1,8,0.0,1,8,0.0,1,8,0.0,1,8,0.0,1,8,0.0,1,8,-9900,?,9,-9900,?,9,10.79,E,8,10.53,E,8,98.0,E,8,822.9788000000001,E,8,999.0,E,8,2.03,E,8,-9900,?,9,-9900,?,9,0.0,E,8,-9900,?,9,-9900,?,9,0.0,0.0,E,8
01/04/2020,07:00,393.204,1414.015,37.49,1,8,0.0,1,8,37.49,1,8,4498.8,1,8,0.0,1,8,4123.9,1,8,43.062,1,8,-9900,?,9,-9900,?,9,10.52,E,8,10.52,E,8,99.0,E,8,822.9788000000001,E,8,999.0,E,8,1.66,E,8,-9900,?,9,-9900,?,9,0.0,E,8,-9900,?,9,-9900,?,9,0.0,0.0,E,8
01/04/2020,08:00,696.517,1414.015,135.78,1,8,0.0,1,8,135.78,1,8,16293.6,1,8,0.0,1,8,14935.8,1,8,87.822,1,8,-9900,?,9,-9900,?,9,12.47,E,8,10.6,E,8,88.0,E,8,822.9788000000001,E,8,999.0,E,8,0.94,E,8,-9900,?,9,-9900,?,9,0.0,E,8,-9900,?,9,-9900,?,9,0.0,0.0,E,8
01/04/2020,09:00,966.267,1414.015,234.02,1,8,3.802,1,8,231.423,1,8,28082.4,1,8,361.219,1,8,25456.483,1,8,107.835,1,8,-9900,?,9,-9900,?,9,13.57,E,8,10.64,E,8,82.0,E,8,822.9788000000001,E,8,999.0,E,8,1.53,E,8,-9900,?,9,-9900,?,9,0.0,E,8,-9900,?,9,-9900,?,9,0.0,0.0,E,8
01/04/2020,10:00,1183.788,1414.015,318.96,1,8,4.546,1,8,315.154,1,8,38275.2,1,8,431.915,1,8,34666.968,1,8,119.842,1,8,-9900,?,9,-9900,?,9,14.6,E,8,10.68,E,8,77.0,E,8,822.9788000000001,E,8,999.0,E,8,0.8,E,8,-9900,?,9,-9900,?,9,0.0,E,8,-9900,?,9,-9900,?,9,0.0,0.0,E,8
01/04/2020,11:00,1334.185,1414.015,383.48,1,8,7.981,1,8,375.95,1,8,46017.6,1,8,758.167,1,8,41354.515,1,8,126.834,1,8,-9900,?,9,-9900,?,9,15.5,E,8,10.72,E,8,73.0,E,8,822.9788000000001,E,8,999.0,E,8,0.8,E,8,-9900,?,9,-9900,?,9,0.0,E,8,-9900,?,9,-9900,?,9,0.0,0.0,E,8
01/04/2020,12:00,1407.18,1414.015,422.75,1,8,8.575,1,8,414.217,1,8,50730.0,1,8,814.616,1,8,45563.823,1,8,132.49,1,8,-9900,?,9,-9900,?,9,16.26,E,8,10.75,E,8,69.0,E,8,822.9788000000001,E,8,999.0,E,8,0.84,E,8,-9900,?,9,-9900,?,9,0.0,E,8,-9900,?,9,-9900,?,9,0.0,0.0,E,8
01/04/2020,13:00,1397.785,1414.015,433.95,1,8,9.093,1,8,424.961,1,8,52074.0,1,8,863.855,1,8,46745.735,1,8,136.841,1,8,-9900,?,9,-9900,?,9,16.83,E,8,10.78,E,8,67.0,E,8,822.9788000000001,E,8,999.0,E,8,1.4,E,8,-9900,?,9,-9900,?,9,0.0,E,8,-9900,?,9,-9900,?,9,0.0,0.0,E,8
01/04/2020,14:00,1306.633,1414.015,416.26,1,8,9.761,1,8,407.241,1,8,49951.2,1,8,927.265,1,8,44796.511,1,8,140.289,1,8,-9900,?,9,-9900,?,9,17.21,E,8,10.79,E,8,65.0,E,8,822.9788000000001,E,8,999.0,E,8,0.8,E,8,-9900,?,9,-9900,?,9,0.0,E,8,-9900,?,9,-9900,?,9,0.0,0.0,E,8
01/04/2020,15:00,1139.937,1414.015,370.94,1,8,9.633,1,8,363.176,1,8,44512.8,1,8,915.09,1,8,39949.335,1,8,143.42,1,8,-9900,?,9,-9900,?,9,17.39,E,8,10.8,E,8,65.0,E,8,822.9788000000001,E,8,999.0,E,8,0.8,E,8,-9900,?,9,-9900,?,9,0.0,E,8,-9900,?,9,-9900,?,9,0.0,0.0,E,8
01/04/2020,16:00,909.078,1414.015,301.28,1,8,13.092,1,8,292.866,1,8,36153.6,1,8,1243.78,1,8,32215.295,1,8,145.062,1,8,-9900,?,9,-9900,?,9,17.37,E,8,10.8,E,8,65.0,E,8,822.9788000000001,E,8,999.0,E,8,0.8,E,8,-9900,?,9,-9900,?,9,0.0,E,8,-9900,?,9,-9900,?,9,0.0,0.0,E,8
01/04/2020,17:00,629.872,1414.015,266.45,1,8,111.011,1,8,217.059,1,8,31974.0,1,8,10546.009,1,8,23876.455,1,8,155.289,1,8,-9900,?,9,-9900,?,9,17.24,E,8,10.79,E,8,65.0,E,8,822.9788000000001,E,8,999.0,E,8,0.88,E,8,-9900,?,9,-9900,?,9,0.0,E,8,-9900,?,9,-9900,?,9,0.0,0.0,E,8
01/04/2020,18:00,321.76,1414.015,112.68,1,8,60.155,1,8,99.063,1,8,13521.6,1,8,5714.772,1,8,10896.92,1,8,139.3,1,8,-9900,?,9,-9900,?,9,16.64,E,8,10.77,E,8,68.0,E,8,822.9788000000001,E,8,999.0,E,8,0.8,E,8,-9900,?,9,-9900,?,9,0.0,E,8,-9900,?,9,-9900,?,9,0.0,0.0,E,8
01/04/2020,19:00,14.111,1414.015,19.09,1,8,0.0,1,8,19.09,1,8,2290.8,1,8,0.0,1,8,2099.9,1,8,3297.112,1,8,-9900,?,9,-9900,?,9,15.85,E,8,10.74,E,8,71.0,E,8,822.9788000000001,E,8,999.0,E,8,1.04,E,8,-9900,?,9,-9900,?,9,0.0,E,8,-9900,?,9,-9900,?,9,0.0,0.0,E,8
01/04/2020,20:00,0.0,1414.015,0.0,1,8,0.0,1,8,0.0,1,8,0.0,1,8,0.0,1,8,0.0,1,8,-0.0,1,8,-9900,?,9,-9900,?,9,15.23,E,8,10.71,E,8,74.0,E,8,822.9788000000001,E,8,999.0,E,8,1.82,E,8,-9900,?,9,-9900,?,9,0.0,E,8,-9900,?,9,-9900,?,9,0.0,0.0,E,8
01/04/2020,21:00,0.0,1414.015,0.0,1,8,0.0,1,8,0.0,1,8,0.0,1,8,0.0,1,8,0.0,1,8,-0.0,1,8,-9900,?,9,-9900,?,9,14.61,E,8,10.68,E,8,77.0,E,8,822.9788000000001,E,8,999.0,E,8,1.24,E,8,-9900,?,9,-9900,?,9,0.0,E,8,-9900,?,9,-9900,?,9,0.0,0.0,E,8
01/04/2020,22:00,0.0,1414.015,0.0,1,8,0.0,1,8,0.0,1,8,0.0,1,8,0.0,1,8,0.0,1,8,-0.0,1,8,-9900,?,9,-9900,?,9,13.99,E,8,10.66,E,8,80.0,E,8,822.9788000000001,E,8,999.0,E,8,0.91,E,8,-9900,?,9,-9900,?,9,0.0,E,8,-9900,?,9,-9900,?,9,0.0,0.0,E,8
01/04/2020,23:00,0.0,1414.015,0.0,1,8,0.0,1,8,0.0,1,8,0.0,1,8,0.0,1,8,0.0,1,8,-0.0,1,8,-9900,?,9,-9900,?,9,13.37,E,8,10.63,E,8,83.0,E,8,822.9788000000001,E,8,999.0,E,8,1.18,E,8,-9900,?,9,-9900,?,9,0.0,E,8,-9900,?,9,-9900,?,9,0.0,0.0,E,8
01/04/2020,24:00,0.0,1414.015,0.0,1,8,0.0,1,8,0.0,1,8,0.0,1,8,0.0,1,8,0.0,1,8,-0.0,1,8,-9900,?,9,-9900,?,9,12.75,E,8,7.99,E,8,72.0,E,8,822.9788000000001,E,8,999.0,E,8,0.75,E,8,-9900,?,9,-9900,?,9,0.0,E,8,-9900,?,9,-9900,?,9,0.0,0.0,E,8
01/05/2020,01:00,0.0,1414.015,0.0,1,8,0.0,1,8,0.0,1,8,0.0,1,8,0.0,1,8,0.0,1,8,-0.0,1,8,-9900,?,9,-9900,?,9,12.45,E,8,7.99,E,8,74.0,E,8,822.9788000000001,E,8,999.0,E,8,0.75,E,8,-9900,?,9,-9900,?,9,0.0,E,8,-9900,?,9,-9900,?,9,0.0,0.0,E,8
01/05/2020,02:00,0.0,1414.015,0.0,1,8,0.0,1,8,0.0,1,8,0.0,1,8,0.0,1,8,0.0,1,8,-0.0,1,8,-9900,?,9,-9900,?,9,12.14,E,8,7.99,E,8,75.0,E,8,822.9788000000001,E,8,999.0,E,8,0.75,E,8,-9900,?,9,-9900,?,9,0.0,E,8,-9900,?,9,-9900,?,9,0.0,0.0,E,8
01/05/2020,03:00,0.0,1414.015,0.0,1,8,0.0,1,8,0.0,1,8,0.0,1,8,0.0,1,8,0.0,1,8,-0.0,1,8,-9900,?,9,-9900,?,9,11.83,E,8,7.98,E,8,77.0,E,8,822.9788000000001,E,8,999.0,E,8,0.75,E,8,-9900,?,9,-9900,?,9,0.0,E,8,-9900,?,9,-9900,?,9,0.0,0.0,E,8
01/05/2020,04:00,0.0,1413.996,0.0,1,8,0.0,1,8,0.0,1,8,0.0,1,8,0.0,1,8,0.0,1,8,-0.0,1,8,-9900,?,9,-9900,?,9,11.52,E,8,7.98,E,8,78.0,E,8,822.9788000000001,E,8,999.0,E,8,0.75,E,8,-9900,?,9,-9900,?,9,0.0,E,8,-9900,?,9,-9900,?,9,0.0,0.0,E,8
01/05/2020,05:00,0.0,1413.996,0.0,1,8,0.0,1,8,0.0,1,8,0.0,1,8,0.0,1,8,0.0,1,8,-0.0,1,8,-9900,?,9,-9900,?,9,11.24,E,8,7.97,E,8,80.0,E,8,822.9788000000001,E,8,999.0,E,8,0.75,E,8,-9900,?,9,-9900,?,9,0.0,E,8,-9900,?,9,-9900,?,9,0.0,0.0,E,8
01/05/2020,06:00,76.944,1413.996,0.0,1,8,0.0,1,8,0.0,1,8,0.0,1,8,0.0,1,8,0.0,1,8,0.0,1,8,-9900,?,9,-9900,?,9,11.04,E,8,7.97,E,8,81.0,E,8,822.9788000000001,E,8,999.0,E,8,0.75,E,8,-9900,?,9,-9900,?,9,0.0,E,8,-9900,?,9,-9900,?,9,0.0,0.0,E,8
01/05/2020,07:00,390.123,1413.996,53.88,1,8,0.0,1,8,53.88,1,8,6465.6,1,8,0.0,1,8,5926.8,1,8,62.38,1,8,-9900,?,9,-9900,?,9,10.83,E,8,7.97,E,8,82.0,E,8,822.9788000000001,E,8,999.0,E,8,0.75,E,8,-9900,?,9,-9900,?,9,0.0,E,8,-9900,?,9,-9900,?,9,0.0,0.0,E,8
01/05/2020,08:00,693.836,1413.996,198.54,1,8,15.117,1,8,191.129,1,8,23824.8,1,8,1436.145,1,8,21024.18,1,8,124.099,1,8,-9900,?,9,-9900,?,9,13.16,E,8,8.0,E,8,70.0,E,8,822.9788000000001,E,8,999.0,E,8,0.75,E,8,-9900,?,9,-9900,?,9,0.0,E,8,-9900,?,9,-9900,?,9,0.0,0.0,E,8
01/05/2020,09:00,964.117,1413.996,343.44,1,8,16.698,1,8,332.059,1,8,41212.8,1,8,1586.301,1,8,36526.444,1,8,155.071,1,8,-9900,?,9,-9900,?,9,14.5,E,8,8.02,E,8,65.0,E,8,822.9788000000001,E,8,999.0,E,8,0.75,E,8,-9900,?,9,-9900,?,9,0.0,E,8,-9900,?,9,-9900,?,9,0.0,0.0,E,8
01/05/2020,10:00,1182.259,1413.996,468.84,1,8,13.703,1,8,457.384,1,8,56260.8,1,8,1301.816,1,8,50312.233,1,8,174.149,1,8,-9900,?,9,-9900,?,9,15.75,E,8,8.03,E,8,60.0,E,8,822.9788000000001,E,8,999.0,E,8,0.75,E,8,-9900,?,9,-9900,?,9,0.0,E,8,-9900,?,9,-9900,?,9,0.0,0.0,E,8
01/05/2020,11:00,1333.323,1413.996,564.22,1,8,4.102,1,8,560.352,1,8,67706.4,1,8,389.729,1,8,61638.697,1,8,189.164,1,8,-9900,?,9,-9900,?,9,16.85,E,8,8.05,E,8,56.0,E,8,822.9788000000001,E,8,999.0,E,8,0.75,E,8,-9900,?,9,-9900,?,9,0.0,E,8,-9900,?,9,-9900,?,9,0.0,0.0,E,8
01/05/2020,12:00,1406.985,1413.996,622.43,1,8,4.65,1,8,617.803,1,8,74691.6,1,8,441.797,1,8,67958.283,1,8,197.633,1,8,-9900,?,9,-9900,?,9,17.76,E,8,8.06,E,8,52.0,E,8,822.9788000000001,E,8,999.0,E,8,1.75,E,8,-9900,?,9,-9900,?,9,0.0,E,8,-9900,?,9,-9900,?,9,0.0,0.0,E,8
01/05/2020,13:00,1398.21,1413.996,639.24,1,8,116.489,1,8,524.052,1,8,76708.8,1,8,11066.476,1,8,57645.726,1,8,168.695,1,8,-9900,?,9,-9900,?,9,18.46,E,8,8.07,E,8,50.0,E,8,822.9788000000001,E,8,999.0,E,8,1.57,E,8,-9900,?,9,-9900,?,9,0.0,E,8,-9900,?,9,-9900,?,9,0.0,0.0,E,8
01/05/2020,14:00,1307.589,1413.996,613.48,1,8,6.326,1,8,607.63,1,8,73617.6,1,8,600.999,1,8,66839.307,1,8,209.165,1,8,-9900,?,9,-9900,?,9,18.92,E,8,8.07,E,8,49.0,E,8,822.9788000000001,E,8,999.0,E,8,1.69,E,8,-9900,?,9,-9900,?,9,0.0,E,8,-9900,?,9,-9900,?,9,0.0,0.0,E,8
01/05/2020,15:00,1141.298,1413.996,546.97,1,8,121.49,1,8,448.926,1,8,65636.4,1,8,11541.532,1,8,49381.827,1,8,177.069,1,8,-9900,?,9,-9900,?,9,19.15,E,8,8.08,E,8,48.0,E,8,822.9788000000001,E,8,999.0,E,8,2.91,E,8,-9900,?,9,-9900,?,9,0.0,E,8,-9900,?,9,-9900,?,9,0.0,0.0,E,8
01/05/2020,16:00,910.691,1413.996,444.53,1,8,184.333,1,8,325.859,1,8,53343.6,1,8,17511.655,1,8,35844.439,1,8,161.115,1,8,-9900,?,9,-9900,?,9,19.13,E,8,8.08,E,8,48.0,E,8,822.9788000000001,E,8,999.0,E,8,2.21,E,8,-9900,?,9,-9900,?,9,0.0,E,8,-9900,?,9,-9900,?,9,0.0,0.0,E,8
01/05/2020,17:00,631.563,1413.996,313.94,1,8,221.202,1,8,215.255,1,8,37672.8,1,8,21014.235,1,8,23678.087,1,8,153.583,1,8,-9900,?,9,-9900,?,9,18.74,E,8,8.07,E,8,49.0,E,8,822.9788000000001,E,8,999.0,E,8,2.2,E,8,-9900,?,9,-9900,?,9,0.0,E,8,-9900,?,9,-9900,?,9,0.0,0.0,E,8
01/05/2020,18:00,323.348,1413.996,166.74,1,8,396.813,1,8,76.466,1,8,20008.8,1,8,37697.234,1,8,8411.263,1,8,106.99,1,8,-9900,?,9,-9900,?,9,18.03,E,8,8.06,E,8,52.0,E,8,822.9788000000001,E,8,999.0,E,8,0.92,E,8,-9900,?,9,-9900,?,9,0.0,E,8,-9900,?,9,-9900,?,9,0.0,0.0,E,8
01/05/2020,19:00,15.257,1413.996,28.6,1,8,0.0,1,8,28.6,1,8,3432.0,1,8,0.0,1,8,3146.0,1,8,3270.328,1,8,-9900,?,9,-9900,?,9,17.1,E,8,8.05,E,8,55.0,E,8,822.9788000000001,E,8,999.0,E,8,0.75,E,8,-9900,?,9,-9900,?,9,0.0,E,8,-9900,?,9,-9900,?,9,0.0,0.0,E,8
01/05/2020,20:00,0.0,1413.996,0.0,1,8,0.0,1,8,0.0,1,8,0.0,1,8,0.0,1,8,0.0,1,8,-0.0,1,8,-9900,?,9,-9900,?,9,16.43,E,8,8.04,E,8,57.0,E,8,822.9788000000001,E,8,999.0,E,8,0.75,E,8,-9900,?,9,-9900,?,9,0.0,E,8,-9900,?,9,-9900,?,9,0.0,0.0,E,8
01/05/2020,21:00,0.0,1413.996,0.0,1,8,0.0,1,8,0.0,1,8,0.0,1,8,0.0,1,8,0.0,1,8,-0.0,1,8,-9900,?,9,-9900,?,9,15.75,E,8,8.03,E,8,60.0,E,8,822.9788000000001,E,8,999.0,E,8,0.75,E,8,-9900,?,9,-9900,?,9,0.0,E,8,-9900,?,9,-9900,?,9,0.0,0.0,E,8
01/05/2020,22:00,0.0,1413.996,0.0,1,8,0.0,1,8,0.0,1,8,0.0,1,8,0.0,1,8,0.0,1,8,-0.0,1,8,-9900,?,9,-9900,?,9,15.08,E,8,8.02,E,8,62.0,E,8,822.9788000000001,E,8,999.0,E,8,0.75,E,8,-9900,?,9,-9900,?,9,0.0,E,8,-9900,?,9,-9900,?,9,0.0,0.0,E,8
01/05/2020,23:00,0.0,1413.996,0.0,1,8,0.0,1,8,0.0,1,8,0.0,1,8,0.0,1,8,0.0,1,8,-0.0,1,8,-9900,?,9,-9900,?,9,14.4,E,8,8.01,E,8,65.0,E,8,822.9788000000001,E,8,999.0,E,8,0.75,E,8,-9900,?,9,-9900,?,9,0.0,E,8,-9900,?,9,-9900,?,9,0.0,0.0,E,8
01/05/2020,24:00,0.0,1413.996,0.0,1,8,0.0,1,8,0.0,1,8,0.0,1,8,0.0,1,8,0.0,1,8,-0.0,1,8,-9900,?,9,-9900,?,9,13.73,E,8,2.18,E,8,45.0,E,8,822.9788000000001,E,8,999.0,E,8,0.96,E,8,-9900,?,9,-9900,?,9,0.0,E,8,-9900,?,9,-9900,?,9,0.0,0.0,E,8
01/06/2020,01:00,0.0,1413.996,0.0,1,8,0.0,1,8,0.0,1,8,0.0,1,8,0.0,1,8,0.0,1,8,-0.0,1,8,-9900,?,9,-9900,?,9,13.39,E,8,2.42,E,8,47.0,E,8,822.9788000000001,E,8,999.0,E,8,0.96,E,8,-9900,?,9,-9900,?,9,0.0,E,8,-9900,?,9,-9900,?,9,0.0,0.0,E,8
01/06/2020,02:00,0.0,1413.996,0.0,1,8,0.0,1,8,0.0,1,8,0.0,1,8,0.0,1,8,0.0,1,8,-0.0,1,8,-9900,?,9,-9900,?,9,13.05,E,8,2.66,E,8,49.0,E,8,822.9788000000001,E,8,999.0,E,8,0.96,E,8,-9900,?,9,-9900,?,9,0.0,E,8,-9900,?,9,-9900,?,9,0.0,0.0,E,8
01/06/2020,03:00,0.0,1413.996,0.0,1,8,0.0,1,8,0.0,1,8,0.0,1,8,0.0,1,8,0.0,1,8,-0.0,1,8,-9900,?,9,-9900,?,9,12.72,E,8,2.89,E,8,51.0,E,8,822.9788000000001,E,8,999.0,E,8,0.96,E,8,-9900,?,9,-9900,?,9,0.0,E,8,-9900,?,9,-9900,?,9,0.0,0.0,E,8
01/06/2020,04:00,0.0,1413.963,0.0,1,8,0.0,1,8,0.0,1,8,0.0,1,8,0.0,1,8,0.0,1,8,-0.0,1,8,-9900,?,9,-9900,?,9,12.38,E,8,3.12,E,8,53.0,E,8,822.9788000000001,E,8,999.0,E,8,0.96,E,8,-9900,?,9,-9900,?,9,0.0,E,8,-9900,?,9,-9900,?,9,0.0,0.0,E,8
01/06/2020,05:00,0.0,1413.963,0.0,1,8,0.0,1,8,0.0,1,8,0.0,1,8,0.0,1,8,0.0,1,8,-0.0,1,8,-9900,?,9,-9900,?,9,12.08,E,8,3.32,E,8,55.0,E,8,822.9788000000001,E,8,999.0,E,8,0.96,E,8,-9900,?,9,-9900,?,9,0.0,E,8,-9900,?,9,-9900,?,9,0.0,0.0,E,8
01/06/2020,06:00,73.725,1413.963,0.0,1,8,0.0,1,8,0.0,1,8,0.0,1,8,0.0,1,8,0.0,1,8,0.0,1,8,-9900,?,9,-9900,?,9,11.86,E,8,3.47,E,8,56.0,E,8,822.9788000000001,E,8,999.0,E,8,0.96,E,8,-9900,?,9,-9900,?,9,0.0,E,8,-9900,?,9,-9900,?,9,0.0,0.0,E,8
01/06/2020,07:00,387.019,1413.963,68.47,1,8,0.0,1,8,68.47,1,8,8216.4,1,8,0.0,1,8,7531.7,1,8,79.91,1,8,-9900,?,9,-9900,?,9,11.64,E,8,3.61,E,8,57.0,E,8,822.9788000000001,E,8,999.0,E,8,0.96,E,8,-9900,?,9,-9900,?,9,0.0,E,8,-9900,?,9,-9900,?,9,0.0,0.0,E,8
01/06/2020,08:00,691.141,1413.963,169.1,1,8,6.133,1,8,166.105,1,8,20292.0,1,8,582.681,1,8,18271.524,1,8,108.27,1,8,-9900,?,9,-9900,?,9,13.47,E,8,2.37,E,8,46.0,E,8,822.9788000000001,E,8,999.0,E,8,0.96,E,8,-9900,?,9,-9900,?,9,0.0,E,8,-9900,?,9,-9900,?,9,0.0,0.0,E,8
01/06/2020,09:00,961.958,1413.963,398.83,1,8,82.69,1,8,342.593,1,8,47859.6,1,8,7855.504,1,8,37685.252,1,8,160.346,1,8,-9900,?,9,-9900,?,9,14.91,E,8,1.31,E,8,39.0,E,8,822.9788000000001,E,8,999.0,E,8,0.96,E,8,-9900,?,9,-9900,?,9,0.0,E,8,-9900,?,9,-9900,?,9,0.0,0.0,E,8
01/06/2020,10:00,1180.723,1413.963,469.09,1,8,46.918,1,8,429.916,1,8,56290.8,1,8,4457.254,1,8,47290.756,1,8,163.9,1,8,-9900,?,9,-9900,?,9,15.9,E,8,0.54,E,8,35.0,E,8,822.9788000000001,E,8,999.0,E,8,0.96,E,8,-9900,?,9,-9900,?,9,0.0,E,8,-9900,?,9,-9900,?,9,0.0,0.0,E,8
01/06/2020,11:00,1332.451,1413.963,714.74,1,8,199.254,1,8,526.979,1,8,85768.8,1,8,18929.142,1,8,57967.721,1,8,178.011,1,8,-9900,?,9,-9900,?,9,17.25,E,8,-0.51,E,8,29.0,E,8,822.9788000000001,E,8,999.0,E,8,0.96,E,8,-9900,?,9,-9900,?,9,0.0,E,8,-9900,?,9,-9900,?,9,0.0,0.0,E,8
01/06/2020,12:00,1406.774,1413.963,744.73,1,8,15.212,1,8,729.595,1,8,89367.6,1,8,1445.13,1,8,80255.503,1,8,233.425,1,8,-9900,?,9,-9900,?,9,18.23,E,8,-1.27,E,8,26.0,E,8,822.9788000000001,E,8,999.0,E,8,0.96,E,8,-9900,?,9,-9900,?,9,0.0,E,8,-9900,?,9,-9900,?,9,0.0,0.0,E,8
01/06/2020,13:00,1398.61,1413.963,862.95,1,8,291.412,1,8,574.704,1,8,103554.0,1,8,27684.111,1,8,63217.478,1,8,184.943,1,8,-9900,?,9,-9900,?,9,19.19,E,8,-2.07,E,8,23.0,E,8,822.9788000000001,E,8,999.0,E,8,1.34,E,8,-9900,?,9,-9900,?,9,0.0,E,8,-9900,?,9,-9900,?,9,0.0,0.0,E,8
01/06/2020,14:00,1308.507,1413.963,781.5,1,8,355.813,1,8,452.24,1,8,93780.0,1,8,33802.267,1,8,49746.403,1,8,155.562,1,8,-9900,?,9,-9900,?,9,19.76,E,8,-2.56,E,8,21.0,E,8,822.9788000000001,E,8,999.0,E,8,2.32,E,8,-9900,?,9,-9900,?,9,0.0,E,8,-9900,?,9,-9900,?,9,0.0,0.0,E,8
01/06/2020,15:00,1142.607,1413.963,849.47,1,8,599.865,1,8,364.801,1,8,101936.4,1,8,56987.191,1,8,40128.158,1,8,143.719,1,8,-9900,?,9,-9900,?,9,20.31,E,8,-3.06,E,8,19.0,E,8,822.9788000000001,E,8,999.0,E,8,1.92,E,8,-9900,?,9,-9900,?,9,0.0,E,8,-9900,?,9,-9900,?,9,0.0,0.0,E,8
01/06/2020,16:00,912.236,1413.963,696.01,1,8,747.691,1,8,213.827,1,8,83521.2,1,8,71030.603,1,8,23520.919,1,8,105.541,1,8,-9900,?,9,-9900,?,9,20.52,E,8,-3.25,E,8,19.0,E,8,822.9788000000001,E,8,999.0,E,8,1.25,E,8,-9900,?,9,-9900,?,9,0.0,E,8,-9900,?,9,-9900,?,9,0.0,0.0,E,8
01/06/2020,17:00,633.173,1413.963,478.22,1,8,814.718,1,8,113.814,1,8,57386.4,1,8,77398.186,1,8,12519.508,1,8,80.996,1,8,-9900,?,9,-9900,?,9,20.29,E,8,-3.04,E,8,19.0,E,8,822.9788000000001,E,8,999.0,E,8,0.96,E,8,-9900,?,9,-9900,?,9,0.0,E,8,-9900,?,9,-9900,?,9,0.0,0.0,E,8
01/06/2020,18:00,324.842,1413.963,271.31,1,8,615.092,1,8,130.721,1,8,32557.2,1,8,58433.721,1,8,14379.347,1,8,182.048,1,8,-9900,?,9,-9900,?,9,19.64,E,8,-2.46,E,8,21.0,E,8,822.9788000000001,E,8,999.0,E,8,0.96,E,8,-9900,?,9,-9900,?,9,0.0,E,8,-9900,?,9,-9900,?,9,0.0,0.0,E,8
01/06/2020,19:00,16.315,1413.963,42.74,1,8,0.0,1,8,42.74,1,8,5128.8,1,8,0.0,1,8,4701.4,1,8,3728.033,1,8,-9900,?,9,-9900,?,9,18.63,E,8,-1.6,E,8,24.0,E,8,822.9788000000001,E,8,999.0,E,8,0.96,E,8,-9900,?,9,-9900,?,9,0.0,E,8,-9900,?,9,-9900,?,9,0.0,0.0,E,8
01/06/2020,20:00,0.0,1413.963,0.0,1,8,0.0,1,8,0.0,1,8,0.0,1,8,0.0,1,8,0.0,1,8,-0.0,1,8,-9900,?,9,-9900,?,9,17.81,E,8,-0.94,E,8,27.0,E,8,822.9788000000001,E,8,999.0,E,8,0.96,E,8,-9900,?,9,-9900,?,9,0.0,E,8,-9900,?,9,-9900,?,9,0.0,0.0,E,8
01/06/2020,21:00,0.0,1413.963,0.0,1,8,0.0,1,8,0.0,1,8,0.0,1,8,0.0,1,8,0.0,1,8,-0.0,1,8,-9900,?,9,-9900,?,9,16.99,E,8,-0.31,E,8,30.0,E,8,822.9788000000001,E,8,999.0,E,8,0.96,E,8,-9900,?,9,-9900,?,9,0.0,E,8,-9900,?,9,-9900,?,9,0.0,0.0,E,8
01/06/2020,22:00,0.0,1413.963,0.0,1,8,0.0,1,8,0.0,1,8,0.0,1,8,0.0,1,8,0.0,1,8,-0.0,1,8,-9900,?,9,-9900,?,9,16.18,E,8,0.31,E,8,34.0,E,8,822.9788000000001,E,8,999.0,E,8,0.96,E,8,-9900,?,9,-9900,?,9,0.0,E,8,-9900,?,9,-9900,?,9,0.0,0.0,E,8
01/06/2020,23:00,0.0,1413.963,0.0,1,8,0.0,1,8,0.0,1,8,0.0,1,8,0.0,1,8,0.0,1,8,-0.0,1,8,-9900,?,9,-9900,?,9,15.36,E,8,0.96,E,8,37.0,E,8,822.9788000000001,E,8,999.0,E,8,0.96,E,8,-9900,?,9,-9900,?,9,0.0,E,8,-9900,?,9,-9900,?,9,0.0,0.0,E,8
01/06/2020,24:00,0.0,1413.963,0.0,1,8,0.0,1,8,0.0,1,8,0.0,1,8,0.0,1,8,0.0,1,8,-0.0,1,8,-9900,?,9,-9900,?,9,14.54,E,8,3.51,E,8,47.0,E,8,822.9788000000001,E,8,999.0,E,8,0.39,E,8,-9900,?,9,-9900,?,9,0.0,E,8,-9900,?,9,-9900,?,9,0.0,0.0,E,8
01/07/2020,01:00,0.0,1413.963,0.0,1,8,0.0,1,8,0.0,1,8,0.0,1,8,0.0,1,8,0.0,1,8,-0.0,1,8,-9900,?,9,-9900,?,9,14.13,E,8,3.99,E,8,50.0,E,8,822.9788000000001,E,8,999.0,E,8,0.39,E,8,-9900,?,9,-9900,?,9,0.0,E,8,-9900,?,9,-9900,?,9,0.0,0.0,E,8
01/07/2020,02:00,0.0,1413.963,0.0,1,8,0.0,1,8,0.0,1,8,0.0,1,8,0.0,1,8,0.0,1,8,-0.0,1,8,-9900,?,9,-9900,?,9,13.72,E,8,4.45,E,8,53.0,E,8,822.9788000000001,E,8,999.0,E,8,0.39,E,8,-9900,?,9,-9900,?,9,0.0,E,8,-9900,?,9,-9900,?,9,0.0,0.0,E,8
01/07/2020,03:00,0.0,1413.963,0.0,1,8,0.0,1,8,0.0,1,8,0.0,1,8,0.0,1,8,0.0,1,8,-0.0,1,8,-9900,?,9,-9900,?,9,13.31,E,8,4.9,E,8,56.0,E,8,822.9788000000001,E,8,999.0,E,8,0.39,E,8,-9900,?,9,-9900,?,9,0.0,E,8,-9900,?,9,-9900,?,9,0.0,0.0,E,8
01/07/2020,04:00,0.0,1413.914,0.0,1,8,0.0,1,8,0.0,1,8,0.0,1,8,0.0,1,8,0.0,1,8,-0.0,1,8,-9900,?,9,-9900,?,9,12.9,E,8,5.34,E,8,60.0,E,8,822.9788000000001,E,8,999.0,E,8,0.39,E,8,-9900,?,9,-9900,?,9,0.0,E,8,-9900,?,9,-9900,?,9,0.0,0.0,E,8
01/07/2020,05:00,0.0,1413.914,0.0,1,8,0.0,1,8,0.0,1,8,0.0,1,8,0.0,1,8,0.0,1,8,-0.0,1,8,-9900,?,9,-9900,?,9,12.54,E,8,5.71,E,8,63.0,E,8,822.9788000000001,E,8,999.0,E,8,0.39,E,8,-9900,?,9,-9900,?,9,0.0,E,8,-9900,?,9,-9900,?,9,0.0,0.0,E,8
01/07/2020,06:00,70.484,1413.914,0.0,1,8,0.0,1,8,0.0,1,8,0.0,1,8,0.0,1,8,0.0,1,8,0.0,1,8,-9900,?,9,-9900,?,9,12.27,E,8,5.99,E,8,65.0,E,8,822.9788000000001,E,8,999.0,E,8,0.39,E,8,-9900,?,9,-9900,?,9,0.0,E,8,-9900,?,9,-9900,?,9,0.0,0.0,E,8
01/07/2020,07:00,383.895,1413.914,101.26,1,8,6.995,1,8,99.368,1,8,12151.2,1,8,664.513,1,8,10930.442,1,8,116.916,1,8,-9900,?,9,-9900,?,9,12.0,E,8,6.26,E,8,67.0,E,8,822.9788000000001,E,8,999.0,E,8,0.39,E,8,-9900,?,9,-9900,?,9,0.0,E,8,-9900,?,9,-9900,?,9,0.0,0.0,E,8
01/07/2020,08:00,688.433,1413.914,307.68,1,8,137.841,1,8,240.629,1,8,36921.6,1,8,13094.861,1,8,26469.155,1,8,157.459,1,8,-9900,?,9,-9900,?,9,15.08,E,8,2.86,E,8,43.0,E,8,822.9788000000001,E,8,999.0,E,8,0.39,E,8,-9900,?,9,-9900,?,9,0.0,E,8,-9900,?,9,-9900,?,9,0.0,0.0,E,8
01/07/2020,09:00,959.792,1413.914,460.77,1,8,165.177,1,8,348.683,1,8,55292.4,1,8,15691.832,1,8,38355.14,1,8,163.56,1,8,-9900,?,9,-9900,?,9,16.37,E,8,1.18,E,8,35.0,E,8,822.9788000000001,E,8,999.0,E,8,0.49,E,8,-9900,?,9,-9900,?,9,0.0,E,8,-9900,?,9,-9900,?,9,0.0,0.0,E,8
01/07/2020,10:00,1179.18,1413.914,581.25,1,8,104.45,1,8,494.152,1,8,69750.0,1,8,9922.739,1,8,54356.699,1,8,188.629,1,8,-9900,?,9,-9900,?,9,17.46,E,8,-0.34,E,8,29.0,E,8,822.9788000000001,E,8,999.0,E,8,1.07,E,8,-9900,?,9,-9900,?,9,0.0,E,8,-9900,?,9,-9900,?,9,0.0,0.0,E,8
01/07/2020,11:00,1331.57,1413.914,702.0,1,8,15.699,1,8,687.216,1,8,84240.0,1,8,1491.395,1,8,75593.753,1,8,232.284,1,8,-9900,?,9,-9900,?,9,18.49,E,8,-1.81,E,8,24.0,E,8,822.9788000000001,E,8,999.0,E,8,0.89,E,8,-9900,?,9,-9900,?,9,0.0,E,8,-9900,?,9,-9900,?,9,0.0,0.0,E,8
01/07/2020,12:00,1406.545,1413.914,825.05,1,8,226.701,1,8,599.531,1,8,99006.0,1,8,21536.616,1,8,65948.394,1,8,191.837,1,8,-9900,?,9,-9900,?,9,19.48,E,8,-3.39,E,8,20.0,E,8,822.9788000000001,E,8,999.0,E,8,1.45,E,8,-9900,?,9,-9900,?,9,0.0,E,8,-9900,?,9,-9900,?,9,0.0,0.0,E,8
01/07/2020,13:00,1398.982,1413.914,740.21,1,8,15.253,1,8,725.119,1,8,88825.2,1,8,1448.993,1,8,79763.047,1,8,233.277,1,8,-9900,?,9,-9900,?,9,20.0,E,8,-4.3,E,8,18.0,E,8,822.9788000000001,E,8,999.0,E,8,2.51,E,8,-9900,?,9,-9900,?,9,0.0,E,8,-9900,?,9,-9900,?,9,0.0,0.0,E,8
01/07/2020,14:00,1309.385,1413.914,780.27,1,8,352.446,1,8,453.896,1,8,93632.4,1,8,33482.337,1,8,49928.566,1,8,156.021,1,8,-9900,?,9,-9900,?,9,20.47,E,8,-5.19,E,8,16.0,E,8,822.9788000000001,E,8,999.0,E,8,3.36,E,8,-9900,?,9,-9900,?,9,0.0,E,8,-9900,?,9,-9900,?,9,0.0,0.0,E,8
01/07/2020,15:00,1143.862,1413.914,855.72,1,8,616.197,1,8,357.291,1,8,102686.4,1,8,58538.744,1,8,39302.025,1,8,140.601,1,8,-9900,?,9,-9900,?,9,20.96,E,8,-6.18,E,8,14.0,E,8,822.9788000000001,E,8,999.0,E,8,4.72,E,8,-9900,?,9,-9900,?,9,0.0,E,8,-9900,?,9,-9900,?,9,0.0,0.0,E,8
01/07/2020,16:00,913.712,1413.914,690.94,1,8,815.33,1,8,164.266,1,8,82912.8,1,8,77456.383,1,8,18069.218,1,8,80.945,1,8,-9900,?,9,-9900,?,9,21.11,E,8,-6.49,E,8,14.0,E,8,822.9788000000001,E,8,999.0,E,8,3.26,E,8,-9900,?,9,-9900,?,9,0.0,E,8,-9900,?,9,-9900,?,9,0.0,0.0,E,8
01/07/2020,17:00,634.699,1413.914,477.06,1,8,810.885,1,8,113.479,1,8,57247.2,1,8,77034.05,1,8,12482.689,1,8,80.561,1,8,-9900,?,9,-9900,?,9,20.81,E,8,-5.87,E,8,15.0,E,8,822.9788000000001,E,8,999.0,E,8,1.92,E,8,-9900,?,9,-9900,?,9,0.0,E,8,-9900,?,9,-9900,?,9,0.0,0.0,E,8
01/07/2020,18:00,326.24,1413.914,254.82,1,8,694.727,1,8,95.334,1,8,30578.4,1,8,65999.023,1,8,10486.705,1,8,132.186,1,8,-9900,?,9,-9900,?,9,20.09,E,8,-4.47,E,8,17.0,E,8,822.9788000000001,E,8,999.0,E,8,0.92,E,8,-9900,?,9,-9900,?,9,0.0,E,8,-9900,?,9,-9900,?,9,0.0,0.0,E,8
01/07/2020,19:00,17.282,1413.914,45.01,1,8,0.0,1,8,45.01,1,8,5401.2,1,8,0.0,1,8,4951.1,1,8,3227.876,1,8,-9900,?,9,-9900,?,9,19.06,E,8,-2.69,E,8,22.0,E,8,822.9788000000001,E,8,999.0,E,8,0.4,E,8,-9900,?,9,-9900,?,9,0.0,E,8,-9900,?,9,-9900,?,9,0.0,0.0,E,8
01/07/2020,20:00,0.0,1413.914,0.0,1,8,0.0,1,8,0.0,1,8,0.0,1,8,0.0,1,8,0.0,1,8,-0.0,1,8,-9900,?,9,-9900,?,9,18.13,E,8,-1.28,E,8,26.0,E,8,822.9788000000001,E,8,999.0,E,8,0.39,E,8,-9900,?,9,-9900,?,9,0.0,E,8,-9900,?,9,-9900,?,9,0.0,0.0,E,8
01/07/2020,21:00,0.0,1413.914,0.0,1,8,0.0,1,8,0.0,1,8,0.0,1,8,0.0,1,8,0.0,1,8,-0.0,1,8,-9900,?,9,-9900,?,9,17.19,E,8,0.01,E,8,31.0,E,8,822.9788000000001,E,8,999.0,E,8,0.39,E,8,-9900,?,9,-9900,?,9,0.0,E,8,-9900,?,9,-9900,?,9,0.0,0.0,E,8
01/07/2020,22:00,0.0,1413.914,0.0,1,8,0.0,1,8,0.0,1,8,0.0,1,8,0.0,1,8,0.0,1,8,-0.0,1,8,-9900,?,9,-9900,?,9,16.26,E,8,1.33,E,8,36.0,E,8,822.9788000000001,E,8,999.0,E,8,0.39,E,8,-9900,?,9,-9900,?,9,0.0,E,8,-9900,?,9,-9900,?,9,0.0,0.0,E,8
01/07/2020,23:00,0.0,1413.914,0.0,1,8,0.0,1,8,0.0,1,8,0.0,1,8,0.0,1,8,0.0,1,8,-0.0,1,8,-9900,?,9,-9900,?,9,15.33,E,8,2.55,E,8,42.0,E,8,822.9788000000001,E,8,999.0,E,8,0.39,E,8,-9900,?,9,-9900,?,9,0.0,E,8,-9900,?,9,-9900,?,9,0.0,0.0,E,8
01/07/2020,24:00,0.0,1413.914,0.0,1,8,0.0,1,8,0.0,1,8,0.0,1,8,0.0,1,8,0.0,1,8,-0.0,1,8,-9900,?,9,-9900,?,9,14.4,E,8,5.89,E,8,56.0,E,8,822.9788000000001,E,8,999.0,E,8,0.19,E,8,-9900,?,9,-9900,?,9,0.0,E,8,-9900,?,9,-9900,?,9,0.0,0.0,E,8
01/08/2020,01:00,0.0,1413.914,0.0,1,8,0.0,1,8,0.0,1,8,0.0,1,8,0.0,1,8,0.0,1,8,-0.0,1,8,-9900,?,9,-9900,?,9,13.93,E,8,6.74,E,8,61.0,E,8,822.9788000000001,E,8,999.0,E,8,0.19,E,8,-9900,?,9,-9900,?,9,0.0,E,8,-9900,?,9,-9900,?,9,0.0,0.0,E,8
01/08/2020,02:00,0.0,1413.914,0.0,1,8,0.0,1,8,0.0,1,8,0.0,1,8,0.0,1,8,0.0,1,8,-0.0,1,8,-9900,?,9,-9900,?,9,13.46,E,8,7.55,E,8,67.0,E,8,822.9788000000001,E,8,999.0,E,8,0.19,E,8,-9900,?,9,-9900,?,9,0.0,E,8,-9900,?,9,-9900,?,9,0.0,0.0,E,8
01/08/2020,03:00,0.0,1413.914,0.0,1,8,0.0,1,8,0.0,1,8,0.0,1,8,0.0,1,8,0.0,1,8,-0.0,1,8,-9900,?,9,-9900,?,9,13.0,E,8,8.31,E,8,73.0,E,8,822.9788000000001,E,8,999.0,E,8,0.19,E,8,-9900,?,9,-9900,?,9,0.0,E,8,-9900,?,9,-9900,?,9,0.0,0.0,E,8
01/08/2020,04:00,0.0,1413.85,0.0,1,8,0.0,1,8,0.0,1,8,0.0,1,8,0.0,1,8,0.0,1,8,-0.0,1,8,-9900,?,9,-9900,?,9,12.53,E,8,9.05,E,8,79.0,E,8,822.9788000000001,E,8,999.0,E,8,0.19,E,8,-9900,?,9,-9900,?,9,0.0,E,8,-9900,?,9,-9900,?,9,0.0,0.0,E,8
01/08/2020,05:00,0.0,1413.85,0.0,1,8,0.0,1,8,0.0,1,8,0.0,1,8,0.0,1,8,0.0,1,8,-0.0,1,8,-9900,?,9,-9900,?,9,12.12,E,8,9.66,E,8,84.0,E,8,822.9788000000001,E,8,999.0,E,8,0.19,E,8,-9900,?,9,-9900,?,9,0.0,E,8,-9900,?,9,-9900,?,9,0.0,0.0,E,8
01/08/2020,06:00,67.224,1413.85,0.0,1,8,0.0,1,8,0.0,1,8,0.0,1,8,0.0,1,8,0.0,1,8,0.0,1,8,-9900,?,9,-9900,?,9,11.81,E,8,10.11,E,8,89.0,E,8,822.9788000000001,E,8,999.0,E,8,0.19,E,8,-9900,?,9,-9900,?,9,0.0,E,8,-9900,?,9,-9900,?,9,0.0,0.0,E,8
01/08/2020,07:00,380.753,1413.85,44.6,1,8,0.0,1,8,44.6,1,8,5352.0,1,8,0.0,1,8,4906.0,1,8,52.911,1,8,-9900,?,9,-9900,?,9,11.5,E,8,10.55,E,8,93.0,E,8,822.9788000000001,E,8,999.0,E,8,0.19,E,8,-9900,?,9,-9900,?,9,0.0,E,8,-9900,?,9,-9900,?,9,0.0,0.0,E,8
01/08/2020,08:00,685.715,1413.85,173.63,1,8,7.572,1,8,169.961,1,8,20835.6,1,8,719.357,1,8,18695.71,1,8,111.653,1,8,-9900,?,9,-9900,?,9,13.8,E,8,6.97,E,8,63.0,E,8,822.9788000000001,E,8,999.0,E,8,0.19,E,8,-9900,?,9,-9900,?,9,0.0,E,8,-9900,?,9,-9900,?,9,0.0,0.0,E,8
01/08/2020,09:00,957.619,1413.85,303.8,1,8,11.513,1,8,296.005,1,8,36456.0,1,8,1093.701,1,8,32560.554,1,8,139.159,1,8,-9900,?,9,-9900,?,9,15.17,E,8,4.38,E,8,48.0,E,8,822.9788000000001,E,8,999.0,E,8,0.5,E,8,-9900,?,9,-9900,?,9,0.0,E,8,-9900,?,9,-9900,?,9,0.0,0.0,E,8
01/08/2020,10:00,1177.63,1413.85,622.46,1,8,237.943,1,8,424.297,1,8,74695.2,1,8,22604.617,1,8,46672.658,1,8,162.17,1,8,-9900,?,9,-9900,?,9,17.53,E,8,-1.25,E,8,27.0,E,8,822.9788000000001,E,8,999.0,E,8,0.77,E,8,-9900,?,9,-9900,?,9,0.0,E,8,-9900,?,9,-9900,?,9,0.0,0.0,E,8
01/08/2020,11:00,1330.677,1413.85,560.29,1,8,81.434,1,8,483.649,1,8,67234.8,1,8,7736.258,1,8,53201.405,1,8,163.579,1,8,-9900,?,9,-9900,?,9,18.69,E,8,-4.75,E,8,19.0,E,8,822.9788000000001,E,8,999.0,E,8,1.62,E,8,-9900,?,9,-9900,?,9,0.0,E,8,-9900,?,9,-9900,?,9,0.0,0.0,E,8
01/08/2020,12:00,1406.299,1413.85,251.96,1,8,9.543,1,8,242.468,1,8,30235.2,1,8,906.561,1,8,26671.507,1,8,77.595,1,8,-9900,?,9,-9900,?,9,18.38,E,8,-3.72,E,8,21.0,E,8,822.9788000000001,E,8,999.0,E,8,2.0,E,8,-9900,?,9,-9900,?,9,0.0,E,8,-9900,?,9,-9900,?,9,0.0,0.0,E,8
01/08/2020,13:00,1399.325,1413.85,571.88,1,8,35.177,1,8,537.065,1,8,68625.6,1,8,3341.782,1,8,59077.142,1,8,172.729,1,8,-9900,?,9,-9900,?,9,19.12,E,8,-6.34,E,8,16.0,E,8,822.9788000000001,E,8,999.0,E,8,3.35,E,8,-9900,?,9,-9900,?,9,0.0,E,8,-9900,?,9,-9900,?,9,0.0,0.0,E,8
01/08/2020,14:00,1310.222,1413.85,549.61,1,8,87.81,1,8,468.24,1,8,65953.2,1,8,8341.931,1,8,51506.415,1,8,160.842,1,8,-9900,?,9,-9900,?,9,19.61,E,8,-8.43,E,8,13.0,E,8,822.9788000000001,E,8,999.0,E,8,3.27,E,8,-9900,?,9,-9900,?,9,0.0,E,8,-9900,?,9,-9900,?,9,0.0,0.0,E,8
01/08/2020,15:00,1145.061,1413.85,490.71,1,8,77.074,1,8,428.298,1,8,58885.2,1,8,7322.058,1,8,47112.783,1,8,168.36,1,8,-9900,?,9,-9900,?,9,19.86,E,8,-9.65,E,8,11.0,E,8,822.9788000000001,E,8,999.0,E,8,3.22,E,8,-9900,?,9,-9900,?,9,0.0,E,8,-9900,?,9,-9900,?,9,0.0,0.0,E,8
01/08/2020,16:00,915.117,1413.85,399.47,1,8,68.909,1,8,354.886,1,8,47936.4,1,8,6546.401,1,8,39037.501,1,8,174.6,1,8,-9900,?,9,-9900,?,9,19.87,E,8,-9.68,E,8,11.0,E,8,822.9788000000001,E,8,999.0,E,8,3.08,E,8,-9900,?,9,-9900,?,9,0.0,E,8,-9900,?,9,-9900,?,9,0.0,0.0,E,8
01/08/2020,17:00,636.139,1413.85,282.8,1,8,80.038,1,8,246.83,1,8,33936.0,1,8,7603.598,1,8,27151.263,1,8,174.823,1,8,-9900,?,9,-9900,?,9,19.49,E,8,-7.89,E,8,13.0,E,8,822.9788000000001,E,8,999.0,E,8,2.08,E,8,-9900,?,9,-9900,?,9,0.0,E,8,-9900,?,9,-9900,?,9,0.0,0.0,E,8
01/08/2020,18:00,327.539,1413.85,150.99,1,8,229.13,1,8,98.175,1,8,18118.8,1,8,21767.305,1,8,10799.286,1,8,135.575,1,8,-9900,?,9,-9900,?,9,18.79,E,8,-5.1,E,8,18.0,E,8,822.9788000000001,E,8,999.0,E,8,1.57,E,8,-9900,?,9,-9900,?,9,0.0,E,8,-9900,?,9,-9900,?,9,0.0,0.0,E,8
01/08/2020,19:00,18.156,1413.85,26.69,1,8,0.0,1,8,26.69,1,8,3202.8,1,8,0.0,1,8,2935.9,1,8,1649.435,1,8,-9900,?,9,-9900,?,9,17.85,E,8,-2.13,E,8,25.0,E,8,822.9788000000001,E,8,999.0,E,8,0.89,E,8,-9900,?,9,-9900,?,9,0.0,E,8,-9900,?,9,-9900,?,9,0.0,0.0,E,8
01/08/2020,20:00,0.0,1413.85,0.0,1,8,0.0,1,8,0.0,1,8,0.0,1,8,0.0,1,8,0.0,1,8,-0.0,1,8,-9900,?,9,-9900,?,9,17.11,E,8,-0.19,E,8,30.0,E,8,822.9788000000001,E,8,999.0,E,8,0.72,E,8,-9900,?,9,-9900,?,9,0.0,E,8,-9900,?,9,-9900,?,9,0.0,0.0,E,8
01/08/2020,21:00,0.0,1413.85,0.0,1,8,0.0,1,8,0.0,1,8,0.0,1,8,0.0,1,8,0.0,1,8,-0.0,1,8,-9900,?,9,-9900,?,9,16.37,E,8,1.7,E,8,37.0,E,8,822.9788000000001,E,8,999.0,E,8,0.39,E,8,-9900,?,9,-9900,?,9,0.0,E,8,-9900,?,9,-9900,?,9,0.0,0.0,E,8
01/08/2020,22:00,0.0,1413.85,0.0,1,8,0.0,1,8,0.0,1,8,0.0,1,8,0.0,1,8,0.0,1,8,-0.0,1,8,-9900,?,9,-9900,?,9,15.64,E,8,3.39,E,8,43.0,E,8,822.9788000000001,E,8,999.0,E,8,0.53,E,8,-9900,?,9,-9900,?,9,0.0,E,8,-9900,?,9,-9900,?,9,0.0,0.0,E,8
01/08/2020,23:00,0.0,1413.85,0.0,1,8,0.0,1,8,0.0,1,8,0.0,1,8,0.0,1,8,0.0,1,8,-0.0,1,8,-9900,?,9,-9900,?,9,14.9,E,8,4.93,E,8,51.0,E,8,822.9788000000001,E,8,999.0,E,8,0.32,E,8,-9900,?,9,-9900,?,9,0.0,E,8,-9900,?,9,-9900,?,9,0.0,0.0,E,8
01/08/2020,24:00,0.0,1413.85,0.0,1,8,0.0,1,8,0.0,1,8,0.0,1,8,0.0,1,8,0.0,1,8,-0.0,1,8,-9900,?,9,-9900,?,9,14.16,E,8,10.25,E,8,77.0,E,8,822.9788000000001,E,8,999.0,E,8,0.47,E,8,-9900,?,9,-9900,?,9,0.0,E,8,-9900,?,9,-9900,?,9,0.0,0.0,E,8
01/09/2020,01:00,0.0,1413.85,0.0,1,8,0.0,1,8,0.0,1,8,0.0,1,8,0.0,1,8,0.0,1,8,-0.0,1,8,-9900,?,9,-9900,?,9,13.79,E,8,10.31,E,8,79.0,E,8,822.9788000000001,E,8,999.0,E,8,0.63,E,8,-9900,?,9,-9900,?,9,0.0,E,8,-9900,?,9,-9900,?,9,0.0,0.0,E,8
01/09/2020,02:00,0.0,1413.85,0.0,1,8,0.0,1,8,0.0,1,8,0.0,1,8,0.0,1,8,0.0,1,8,-0.0,1,8,-9900,?,9,-9900,?,9,13.42,E,8,10.37,E,8,81.0,E,8,822.9788000000001,E,8,999.0,E,8,0.85,E,8,-9900,?,9,-9900,?,9,0.0,E,8,-9900,?,9,-9900,?,9,0.0,0.0,E,8
01/09/2020,03:00,0.0,1413.85,0.0,1,8,0.0,1,8,0.0,1,8,0.0,1,8,0.0,1,8,0.0,1,8,-0.0,1,8,-9900,?,9,-9900,?,9,13.05,E,8,10.43,E,8,84.0,E,8,822.9788000000001,E,8,999.0,E,8,0.82,E,8,-9900,?,9,-9900,?,9,0.0,E,8,-9900,?,9,-9900,?,9,0.0,0.0,E,8
01/09/2020,04:00,0.0,1413.771,0.0,1,8,0.0,1,8,0.0,1,8,0.0,1,8,0.0,1,8,0.0,1,8,-0.0,1,8,-9900,?,9,-9900,?,9,12.68,E,8,10.49,E,8,86.0,E,8,822.9788000000001,E,8,999.0,E,8,0.69,E,8,-9900,?,9,-9900,?,9,0.0,E,8,-9900,?,9,-9900,?,9,0.0,0.0,E,8
01/09/2020,05:00,0.0,1413.771,0.0,1,8,0.0,1,8,0.0,1,8,0.0,1,8,0.0,1,8,0.0,1,8,-0.0,1,8,-9900,?,9,-9900,?,9,12.36,E,8,10.54,E,8,88.0,E,8,822.9788000000001,E,8,999.0,E,8,0.61,E,8,-9900,?,9,-9900,?,9,0.0,E,8,-9900,?,9,-9900,?,9,0.0,0.0,E,8
01/09/2020,06:00,63.95,1413.771,0.0,1,8,0.0,1,8,0.0,1,8,0.0,1,8,0.0,1,8,0.0,1,8,0.0,1,8,-9900,?,9,-9900,?,9,12.11,E,8,10.58,E,8,90.0,E,8,822.9788000000001,E,8,999.0,E,8,0.74,E,8,-9900,?,9,-9900,?,9,0.0,E,8,-9900,?,9,-9900,?,9,0.0,0.0,E,8
01/09/2020,07:00,377.596,1413.771,68.11,1,8,0.0,1,8,68.11,1,8,8173.2,1,8,0.0,1,8,7492.1,1,8,81.478,1,8,-9900,?,9,-9900,?,9,11.87,E,8,10.62,E,8,92.0,E,8,822.9788000000001,E,8,999.0,E,8,0.6,E,8,-9900,?,9,-9900,?,9,0.0,E,8,-9900,?,9,-9900,?,9,0.0,0.0,E,8
01/09/2020,08:00,682.989,1413.771,286.26,1,8,107.021,1,8,234.608,1,8,34351.2,1,8,10166.956,1,8,25806.915,1,8,154.731,1,8,-9900,?,9,-9900,?,9,15.1,E,8,10.09,E,8,71.0,E,8,822.9788000000001,E,8,999.0,E,8,0.48,E,8,-9900,?,9,-9900,?,9,0.0,E,8,-9900,?,9,-9900,?,9,0.0,0.0,E,8
01/09/2020,09:00,955.441,1413.771,376.73,1,8,54.652,1,8,339.808,1,8,45207.6,1,8,5191.98,1,8,37378.906,1,8,160.107,1,8,-9900,?,9,-9900,?,9,16.31,E,8,9.88,E,8,65.0,E,8,822.9788000000001,E,8,999.0,E,8,0.78,E,8,-9900,?,9,-9900,?,9,0.0,E,8,-9900,?,9,-9900,?,9,0.0,0.0,E,8
01/09/2020,10:00,1176.074,1413.771,399.31,1,8,14.426,1,8,387.311,1,8,47917.2,1,8,1370.501,1,8,42604.18,1,8,148.221,1,8,-9900,?,9,-9900,?,9,17.02,E,8,9.76,E,8,62.0,E,8,822.9788000000001,E,8,999.0,E,8,1.53,E,8,-9900,?,9,-9900,?,9,0.0,E,8,-9900,?,9,-9900,?,9,0.0,0.0,E,8
01/09/2020,11:00,1329.775,1413.771,203.59,1,8,7.518,1,8,196.519,1,8,24430.8,1,8,714.248,1,8,21617.042,1,8,66.508,1,8,-9900,?,9,-9900,?,9,16.73,E,8,9.81,E,8,63.0,E,8,822.9788000000001,E,8,999.0,E,8,2.27,E,8,-9900,?,9,-9900,?,9,0.0,E,8,-9900,?,9,-9900,?,9,0.0,0.0,E,8
01/09/2020,12:00,1406.034,1413.771,533.53,1,8,26.844,1,8,506.833,1,8,64023.6,1,8,2550.154,1,8,55751.658,1,8,162.218,1,8,-9900,?,9,-9900,?,9,17.54,E,8,9.67,E,8,59.0,E,8,822.9788000000001,E,8,999.0,E,8,2.86,E,8,-9900,?,9,-9900,?,9,0.0,E,8,-9900,?,9,-9900,?,9,0.0,0.0,E,8
01/09/2020,13:00,1399.639,1413.771,549.09,1,8,17.484,1,8,531.781,1,8,65890.8,1,8,1660.948,1,8,58495.932,1,8,170.981,1,8,-9900,?,9,-9900,?,9,18.16,E,8,9.57,E,8,57.0,E,8,822.9788000000001,E,8,999.0,E,8,3.7,E,8,-9900,?,9,-9900,?,9,0.0,E,8,-9900,?,9,-9900,?,9,0.0,0.0,E,8
01/09/2020,14:00,1311.015,1413.771,527.94,1,8,20.376,1,8,509.046,1,8,63352.8,1,8,1935.754,1,8,55995.009,1,8,174.743,1,8,-9900,?,9,-9900,?,9,18.58,E,8,9.49,E,8,55.0,E,8,822.9788000000001,E,8,999.0,E,8,4.51,E,8,-9900,?,9,-9900,?,9,0.0,E,8,-9900,?,9,-9900,?,9,0.0,0.0,E,8
01/09/2020,15:00,1146.202,1413.771,471.57,1,8,65.466,1,8,418.503,1,8,56588.4,1,8,6219.23,1,8,46035.277,1,8,164.336,1,8,-9900,?,9,-9900,?,9,18.79,E,8,9.46,E,8,54.0,E,8,822.9788000000001,E,8,999.0,E,8,4.41,E,8,-9900,?,9,-9900,?,9,0.0,E,8,-9900,?,9,-9900,?,9,0.0,0.0,E,8
01/09/2020,16:00,916.448,1413.771,384.07,1,8,99.399,1,8,319.663,1,8,46088.4,1,8,9442.88,1,8,35162.915,1,8,157.032,1,8,-9900,?,9,-9900,?,9,18.79,E,8,9.46,E,8,54.0,E,8,822.9788000000001,E,8,999.0,E,8,3.58,E,8,-9900,?,9,-9900,?,9,0.0,E,8,-9900,?,9,-9900,?,9,0.0,0.0,E,8
01/09/2020,17:00,637.492,1413.771,272.09,1,8,114.028,1,8,220.732,1,8,32650.8,1,8,10832.622,1,8,24280.517,1,8,155.997,1,8,-9900,?,9,-9900,?,9,18.49,E,8,9.51,E,8,55.0,E,8,822.9788000000001,E,8,999.0,E,8,3.68,E,8,-9900,?,9,-9900,?,9,0.0,E,8,-9900,?,9,-9900,?,9,0.0,0.0,E,8
01/09/2020,18:00,328.739,1413.771,145.48,1,8,157.199,1,8,109.109,1,8,17457.6,1,8,14933.863,1,8,12002.034,1,8,150.11,1,8,-9900,?,9,-9900,?,9,17.91,E,8,9.61,E,8,58.0,E,8,822.9788000000001,E,8,999.0,E,8,2.61,E,8,-9900,?,9,-9900,?,9,0.0,E,8,-9900,?,9,-9900,?,9,0.0,0.0,E,8
01/09/2020,19:00,18.936,1413.771,25.92,1,8,0.0,1,8,25.92,1,8,3110.4,1,8,0.0,1,8,2851.2,1,8,1426.274,1,8,-9900,?,9,-9900,?,9,17.13,E,8,9.74,E,8,61.0,E,8,822.9788000000001,E,8,999.0,E,8,1.58,E,8,-9900,?,9,-9900,?,9,0.0,E,8,-9900,?,9,-9900,?,9,0.0,0.0,E,8
01/09/2020,20:00,0.0,1413.771,0.0,1,8,0.0,1,8,0.0,1,8,0.0,1,8,0.0,1,8,0.0,1,8,-0.0,1,8,-9900,?,9,-9900,?,9,16.52,E,8,9.85,E,8,64.0,E,8,822.9788000000001,E,8,999.0,E,8,1.52,E,8,-9900,?,9,-9900,?,9,0.0,E,8,-9900,?,9,-9900,?,9,0.0,0.0,E,8
01/09/2020,21:00,0.0,1413.771,0.0,1,8,0.0,1,8,0.0,1,8,0.0,1,8,0.0,1,8,0.0,1,8,-0.0,1,8,-9900,?,9,-9900,?,9,15.92,E,8,9.95,E,8,67.0,E,8,822.9788000000001,E,8,999.0,E,8,1.87,E,8,-9900,?,9,-9900,?,9,0.0,E,8,-9900,?,9,-9900,?,9,0.0,0.0,E,8
01/09/2020,22:00,0.0,1413.771,0.0,1,8,0.0,1,8,0.0,1,8,0.0,1,8,0.0,1,8,0.0,1,8,-0.0,1,8,-9900,?,9,-9900,?,9,15.31,E,8,10.05,E,8,70.0,E,8,822.9788000000001,E,8,999.0,E,8,2.21,E,8,-9900,?,9,-9900,?,9,0.0,E,8,-9900,?,9,-9900,?,9,0.0,0.0,E,8
01/09/2020,23:00,0.0,1413.771,0.0,1,8,0.0,1,8,0.0,1,8,0.0,1,8,0.0,1,8,0.0,1,8,-0.0,1,8,-9900,?,9,-9900,?,9,14.7,E,8,10.16,E,8,74.0,E,8,822.9788000000001,E,8,999.0,E,8,2.53,E,8,-9900,?,9,-9900,?,9,0.0,E,8,-9900,?,9,-9900,?,9,0.0,0.0,E,8
01/09/2020,24:00,0.0,1413.771,0.0,1,8,0.0,1,8,0.0,1,8,0.0,1,8,0.0,1,8,0.0,1,8,-0.0,1,8,-9900,?,9,-9900,?,9,14.1,E,8,10.07,E,8,79.0,E,8,822.9788000000001,E,8,999.0,E,8,26.09,E,8,-9900,?,9,-9900,?,9,0.002,E,8,-9900,?,9,-9900,?,9,0.02,99.0,E,8
01/10/2020,01:00,0.0,1413.771,0.0,1,8,0.0,1,8,0.0,1,8,0.0,1,8,0.0,1,8,0.0,1,8,-0.0,1,8,-9900,?,9,-9900,?,9,13.79,E,8,10.33,E,8,82.0,E,8,822.9788000000001,E,8,999.0,E,8,24.93,E,8,-9900,?,9,-9900,?,9,0.006,E,8,-9900,?,9,-9900,?,9,0.06,99.0,E,8
01/10/2020,02:00,0.0,1413.771,0.0,1,8,0.0,1,8,0.0,1,8,0.0,1,8,0.0,1,8,0.0,1,8,-0.0,1,8,-9900,?,9,-9900,?,9,13.49,E,8,10.58,E,8,85.0,E,8,822.9788000000001,E,8,999.0,E,8,27.3,E,8,-9900,?,9,-9900,?,9,0.001,E,8,-9900,?,9,-9900,?,9,0.01,99.0,E,8
01/10/2020,03:00,0.0,1413.771,0.0,1,8,0.0,1,8,0.0,1,8,0.0,1,8,0.0,1,8,0.0,1,8,-0.0,1,8,-9900,?,9,-9900,?,9,13.19,E,8,10.82,E,8,83.0,E,8,822.9788000000001,E,8,999.0,E,8,20.11,E,8,-9900,?,9,-9900,?,9,0.0,E,8,-9900,?,9,-9900,?,9,0.0,0.0,E,8
01/10/2020,04:00,0.0,1413.677,0.0,1,8,0.0,1,8,0.0,1,8,0.0,1,8,0.0,1,8,0.0,1,8,-0.0,1,8,-9900,?,9,-9900,?,9,12.88,E,8,11.07,E,8,86.0,E,8,822.9788000000001,E,8,999.0,E,8,17.08,E,8,-9900,?,9,-9900,?,9,0.0,E,8,-9900,?,9,-9900,?,9,0.0,0.0,E,8
01/10/2020,05:00,0.0,1413.677,0.0,1,8,0.0,1,8,0.0,1,8,0.0,1,8,0.0,1,8,0.0,1,8,-0.0,1,8,-9900,?,9,-9900,?,9,12.62,E,8,11.28,E,8,89.0,E,8,822.9788000000001,E,8,999.0,E,8,13.32,E,8,-9900,?,9,-9900,?,9,0.0,E,8,-9900,?,9,-9900,?,9,0.0,0.0,E,8
01/10/2020,06:00,60.663,1413.677,0.0,1,8,0.0,1,8,0.0,1,8,0.0,1,8,0.0,1,8,0.0,1,8,0.0,1,8,-9900,?,9,-9900,?,9,12.42,E,8,11.44,E,8,95.0,E,8,822.9788000000001,E,8,999.0,E,8,12.14,E,8,-9900,?,9,-9900,?,9,0.004,E,8,-9900,?,9,-9900,?,9,0.04,99.0,E,8
01/10/2020,07:00,374.425,1413.677,78.26,1,8,0.0,1,8,78.26,1,8,9391.2,1,8,0.0,1,8,8608.6,1,8,94.413,1,8,-9900,?,9,-9900,?,9,12.22,E,8,11.59,E,8,93.0,E,8,822.9788000000001,E,8,999.0,E,8,12.73,E,8,-9900,?,9,-9900,?,9,0.0,E,8,-9900,?,9,-9900,?,9,0.0,0.0,E,8
01/10/2020,08:00,680.255,1413.677,171.9,1,8,3.844,1,8,170.052,1,8,20628.0,1,8,365.182,1,8,18705.728,1,8,112.598,1,8,-9900,?,9,-9900,?,9,14.71,E,8,9.54,E,8,69.0,E,8,822.9788000000001,E,8,999.0,E,8,11.65,E,8,-9900,?,9,-9900,?,9,0.0,E,8,-9900,?,9,-9900,?,9,0.0,0.0,E,8
01/10/2020,09:00,953.258,1413.677,282.51,1,8,6.591,1,8,278.067,1,8,33901.2,1,8,626.108,1,8,30587.419,1,8,131.309,1,8,-9900,?,9,-9900,?,9,15.76,E,8,8.59,E,8,61.0,E,8,822.9788000000001,E,8,999.0,E,8,7.9,E,8,-9900,?,9,-9900,?,9,0.0,E,8,-9900,?,9,-9900,?,9,0.0,0.0,E,8
01/10/2020,10:00,1174.513,1413.677,365.61,1,8,8.416,1,8,358.619,1,8,43873.2,1,8,799.539,1,8,39448.042,1,8,137.414,1,8,-9900,?,9,-9900,?,9,16.7,E,8,7.7,E,8,59.0,E,8,822.9788000000001,E,8,999.0,E,8,7.51,E,8,-9900,?,9,-9900,?,9,0.002,E,8,-9900,?,9,-9900,?,9,0.02,99.0,E,8
01/10/2020,11:00,1328.861,1413.677,442.09,1,8,10.806,1,8,431.933,1,8,53050.8,1,8,1026.569,1,8,47512.6,1,8,146.269,1,8,-9900,?,9,-9900,?,9,17.57,E,8,6.82,E,8,48.0,E,8,822.9788000000001,E,8,999.0,E,8,11.72,E,8,-9900,?,9,-9900,?,9,0.0,E,8,-9900,?,9,-9900,?,9,0.0,0.0,E,8
01/10/2020,12:00,1405.75,1413.677,489.29,1,8,11.866,1,8,477.491,1,8,58714.8,1,8,1127.224,1,8,52524.016,1,8,152.848,1,8,-9900,?,9,-9900,?,9,18.3,E,8,6.04,E,8,44.0,E,8,822.9788000000001,E,8,999.0,E,8,13.49,E,8,-9900,?,9,-9900,?,9,0.0,E,8,-9900,?,9,-9900,?,9,0.0,0.0,E,8
01/10/2020,13:00,1399.922,1413.677,503.81,1,8,13.117,1,8,490.821,1,8,60457.2,1,8,1246.082,1,8,53990.315,1,8,157.769,1,8,-9900,?,9,-9900,?,9,18.87,E,8,5.41,E,8,45.0,E,8,822.9788000000001,E,8,999.0,E,8,13.82,E,8,-9900,?,9,-9900,?,9,0.011,E,8,-9900,?,9,-9900,?,9,0.11,99.0,E,8
01/10/2020,14:00,1311.764,1413.677,484.61,1,8,14.946,1,8,470.742,1,8,58153.2,1,8,1419.883,1,8,51781.62,1,8,161.491,1,8,-9900,?,9,-9900,?,9,19.25,E,8,4.97,E,8,38.0,E,8,822.9788000000001,E,8,999.0,E,8,12.57,E,8,-9900,?,9,-9900,?,9,0.0,E,8,-9900,?,9,-9900,?,9,0.0,0.0,E,8
01/10/2020,15:00,1147.283,1413.677,433.05,1,8,11.649,1,8,423.598,1,8,51966.0,1,8,1106.64,1,8,46595.748,1,8,166.169,1,8,-9900,?,9,-9900,?,9,19.43,E,8,4.76,E,8,38.0,E,8,822.9788000000001,E,8,999.0,E,8,15.5,E,8,-9900,?,9,-9900,?,9,0.0,E,8,-9900,?,9,-9900,?,9,0.0,0.0,E,8
01/10/2020,16:00,917.705,1413.677,352.86,1,8,17.903,1,8,341.243,1,8,42343.2,1,8,1700.765,1,8,37536.716,1,8,167.392,1,8,-9900,?,9,-9900,?,9,19.4,E,8,4.79,E,8,38.0,E,8,822.9788000000001,E,8,999.0,E,8,12.76,E,8,-9900,?,9,-9900,?,9,0.0,E,8,-9900,?,9,-9900,?,9,0.0,0.0,E,8
01/10/2020,17:00,638.755,1413.677,250.14,1,8,79.626,1,8,214.203,1,8,30016.8,1,8,7564.431,1,8,23562.326,1,8,151.073,1,8,-9900,?,9,-9900,?,9,19.06,E,8,5.19,E,8,39.0,E,8,822.9788000000001,E,8,999.0,E,8,10.72,E,8,-9900,?,9,-9900,?,9,0.0,E,8,-9900,?,9,-9900,?,9,0.0,0.0,E,8
01/10/2020,18:00,329.837,1413.677,133.92,1,8,113.096,1,8,107.663,1,8,16070.4,1,8,10744.141,1,8,11842.948,1,8,147.612,1,8,-9900,?,9,-9900,?,9,18.45,E,8,5.88,E,8,43.0,E,8,822.9788000000001,E,8,999.0,E,8,10.65,E,8,-9900,?,9,-9900,?,9,0.0,E,8,-9900,?,9,-9900,?,9,0.0,0.0,E,8
01/10/2020,19:00,19.62,1413.677,24.03,1,8,0.0,1,8,24.03,1,8,2883.6,1,8,0.0,1,8,2643.3,1,8,1206.473,1,8,-9900,?,9,-9900,?,9,17.64,E,8,6.74,E,8,53.0,E,8,822.9788000000001,E,8,999.0,E,8,9.18,E,8,-9900,?,9,-9900,?,9,0.001,E,8,-9900,?,9,-9900,?,9,0.01,99.0,E,8
01/10/2020,20:00,0.0,1413.677,0.0,1,8,0.0,1,8,0.0,1,8,0.0,1,8,0.0,1,8,0.0,1,8,-0.0,1,8,-9900,?,9,-9900,?,9,17.14,E,8,7.26,E,8,51.0,E,8,822.9788000000001,E,8,999.0,E,8,10.08,E,8,-9900,?,9,-9900,?,9,0.0,E,8,-9900,?,9,-9900,?,9,0.0,0.0,E,8
01/10/2020,21:00,0.0,1413.677,0.0,1,8,0.0,1,8,0.0,1,8,0.0,1,8,0.0,1,8,0.0,1,8,-0.0,1,8,-9900,?,9,-9900,?,9,16.64,E,8,7.75,E,8,64.0,E,8,822.9788000000001,E,8,999.0,E,8,11.47,E,8,-9900,?,9,-9900,?,9,0.173,E,8,-9900,?,9,-9900,?,9,1.73,99.0,E,8
01/10/2020,22:00,0.0,1413.677,0.0,1,8,0.0,1,8,0.0,1,8,0.0,1,8,0.0,1,8,0.0,1,8,-0.0,1,8,-9900,?,9,-9900,?,9,16.13,E,8,8.25,E,8,58.0,E,8,822.9788000000001,E,8,999.0,E,8,10.76,E,8,-9900,?,9,-9900,?,9,0.0,E,8,-9900,?,9,-9900,?,9,0.0,0.0,E,8
01/10/2020,23:00,0.0,1413.677,0.0,1,8,0.0,1,8,0.0,1,8,0.0,1,8,0.0,1,8,0.0,1,8,-0.0,1,8,-9900,?,9,-9900,?,9,15.63,E,8,8.71,E,8,62.0,E,8,822.9788000000001,E,8,999.0,E,8,11.94,E,8,-9900,?,9,-9900,?,9,0.0,E,8,-9900,?,9,-9900,?,9,0.0,0.0,E,8
01/10/2020,24:00,0.0,1413.677,0.0,1,8,0.0,1,8,0.0,1,8,0.0,1,8,0.0,1,8,0.0,1,8,-0.0,1,8,-9900,?,9,-9900,?,9,15.13,E,8,11.44,E,8,78.0,E,8,822.9788000000001,E,8,999.0,E,8,6.34,E,8,-9900,?,9,-9900,?,9,0.0,E,8,-9900,?,9,-9900,?,9,0.0,0.0,E,8
01/11/2020,01:00,0.0,1413.677,0.0,1,8,0.0,1,8,0.0,1,8,0.0,1,8,0.0,1,8,0.0,1,8,-0.0,1,8,-9900,?,9,-9900,?,9,14.88,E,8,11.44,E,8,79.0,E,8,822.9788000000001,E,8,999.0,E,8,7.81,E,8,-9900,?,9,-9900,?,9,0.0,E,8,-9900,?,9,-9900,?,9,0.0,0.0,E,8
01/11/2020,02:00,0.0,1413.677,0.0,1,8,0.0,1,8,0.0,1,8,0.0,1,8,0.0,1,8,0.0,1,8,-0.0,1,8,-9900,?,9,-9900,?,9,14.63,E,8,11.44,E,8,81.0,E,8,822.9788000000001,E,8,999.0,E,8,7.87,E,8,-9900,?,9,-9900,?,9,0.0,E,8,-9900,?,9,-9900,?,9,0.0,0.0,E,8
01/11/2020,03:00,0.0,1413.677,0.0,1,8,0.0,1,8,0.0,1,8,0.0,1,8,0.0,1,8,0.0,1,8,-0.0,1,8,-9900,?,9,-9900,?,9,14.38,E,8,11.44,E,8,82.0,E,8,822.9788000000001,E,8,999.0,E,8,7.22,E,8,-9900,?,9,-9900,?,9,0.0,E,8,-9900,?,9,-9900,?,9,0.0,0.0,E,8
01/11/2020,04:00,0.0,1413.568,0.0,1,8,0.0,1,8,0.0,1,8,0.0,1,8,0.0,1,8,0.0,1,8,-0.0,1,8,-9900,?,9,-9900,?,9,14.13,E,8,11.45,E,8,83.0,E,8,822.9788000000001,E,8,999.0,E,8,8.07,E,8,-9900,?,9,-9900,?,9,0.0,E,8,-9900,?,9,-9900,?,9,0.0,0.0,E,8
01/11/2020,05:00,0.0,1413.568,0.0,1,8,0.0,1,8,0.0,1,8,0.0,1,8,0.0,1,8,0.0,1,8,-0.0,1,8,-9900,?,9,-9900,?,9,13.9,E,8,11.45,E,8,85.0,E,8,822.9788000000001,E,8,999.0,E,8,7.67,E,8,-9900,?,9,-9900,?,9,0.0,E,8,-9900,?,9,-9900,?,9,0.0,0.0,E,8
01/11/2020,06:00,57.367,1413.568,0.0,1,8,0.0,1,8,0.0,1,8,0.0,1,8,0.0,1,8,0.0,1,8,0.0,1,8,-9900,?,9,-9900,?,9,13.74,E,8,11.45,E,8,86.0,E,8,822.9788000000001,E,8,999.0,E,8,6.81,E,8,-9900,?,9,-9900,?,9,0.0,E,8,-9900,?,9,-9900,?,9,0.0,0.0,E,8
01/11/2020,07:00,371.242,1413.568,30.35,1,8,0.0,1,8,30.35,1,8,3642.0,1,8,0.0,1,8,3338.5,1,8,36.928,1,8,-9900,?,9,-9900,?,9,13.57,E,8,11.45,E,8,87.0,E,8,822.9788000000001,E,8,999.0,E,8,4.92,E,8,-9900,?,9,-9900,?,9,0.0,E,8,-9900,?,9,-9900,?,9,0.0,0.0,E,8
01/11/2020,08:00,677.515,1413.568,125.57,1,8,0.0,1,8,125.57,1,8,15068.4,1,8,0.0,1,8,13812.7,1,8,83.476,1,8,-9900,?,9,-9900,?,9,15.0,E,8,11.44,E,8,79.0,E,8,822.9788000000001,E,8,999.0,E,8,4.05,E,8,-9900,?,9,-9900,?,9,0.0,E,8,-9900,?,9,-9900,?,9,0.0,0.0,E,8
01/11/2020,09:00,951.072,1413.568,222.34,1,8,2.665,1,8,220.548,1,8,26680.8,1,8,253.137,1,8,24260.264,1,8,104.378,1,8,-9900,?,9,-9900,?,9,15.88,E,8,11.43,E,8,74.0,E,8,822.9788000000001,E,8,999.0,E,8,4.41,E,8,-9900,?,9,-9900,?,9,0.0,E,8,-9900,?,9,-9900,?,9,0.0,0.0,E,8
01/11/2020,10:00,1172.947,1413.568,306.55,1,8,10.326,1,8,297.983,1,8,36786.0,1,8,980.975,1,8,32778.109,1,8,114.324,1,8,-9900,?,9,-9900,?,9,16.71,E,8,11.41,E,8,70.0,E,8,822.9788000000001,E,8,999.0,E,8,6.09,E,8,-9900,?,9,-9900,?,9,0.0,E,8,-9900,?,9,-9900,?,9,0.0,0.0,E,8
01/11/2020,11:00,1327.937,1413.568,371.02,1,8,21.975,1,8,350.377,1,8,44522.4,1,8,2087.585,1,8,38541.515,1,8,118.725,1,8,-9900,?,9,-9900,?,9,17.44,E,8,11.41,E,8,67.0,E,8,822.9788000000001,E,8,999.0,E,8,5.49,E,8,-9900,?,9,-9900,?,9,0.0,E,8,-9900,?,9,-9900,?,9,0.0,0.0,E,8
01/11/2020,12:00,1405.446,1413.568,410.91,1,8,23.616,1,8,387.43,1,8,49309.2,1,8,2243.503,1,8,42617.294,1,8,124.036,1,8,-9900,?,9,-9900,?,9,18.05,E,8,11.4,E,8,65.0,E,8,822.9788000000001,E,8,999.0,E,8,4.33,E,8,-9900,?,9,-9900,?,9,0.0,E,8,-9900,?,9,-9900,?,9,0.0,0.0,E,8
01/11/2020,13:00,1400.173,1413.568,423.31,1,8,24.885,1,8,398.661,1,8,50797.2,1,8,2364.081,1,8,43852.698,1,8,128.112,1,8,-9900,?,9,-9900,?,9,18.52,E,8,11.39,E,8,63.0,E,8,822.9788000000001,E,8,999.0,E,8,6.0,E,8,-9900,?,9,-9900,?,9,0.0,E,8,-9900,?,9,-9900,?,9,0.0,0.0,E,8
01/11/2020,14:00,1312.466,1413.568,407.34,1,8,26.389,1,8,382.84,1,8,48880.8,1,8,2506.927,1,8,42112.382,1,8,131.255,1,8,-9900,?,9,-9900,?,9,18.83,E,8,11.39,E,8,61.0,E,8,822.9788000000001,E,8,999.0,E,8,3.87,E,8,-9900,?,9,-9900,?,9,0.0,E,8,-9900,?,9,-9900,?,9,0.0,0.0,E,8
01/11/2020,15:00,1148.302,1413.568,364.15,1,8,20.779,1,8,347.273,1,8,43698.0,1,8,1973.958,1,8,38200.061,1,8,136.097,1,8,-9900,?,9,-9900,?,9,18.99,E,8,11.39,E,8,61.0,E,8,822.9788000000001,E,8,999.0,E,8,5.67,E,8,-9900,?,9,-9900,?,9,0.0,E,8,-9900,?,9,-9900,?,9,0.0,0.0,E,8
01/11/2020,16:00,918.885,1413.568,296.85,1,8,13.93,1,8,287.798,1,8,35622.0,1,8,1323.35,1,8,31657.833,1,8,140.984,1,8,-9900,?,9,-9900,?,9,18.99,E,8,11.39,E,8,61.0,E,8,822.9788000000001,E,8,999.0,E,8,7.1,E,8,-9900,?,9,-9900,?,9,0.0,E,8,-9900,?,9,-9900,?,9,0.0,0.0,E,8
01/11/2020,17:00,639.928,1413.568,210.56,1,8,21.119,1,8,201.01,1,8,25267.2,1,8,2006.284,1,8,22111.131,1,8,141.497,1,8,-9900,?,9,-9900,?,9,18.75,E,8,11.39,E,8,62.0,E,8,822.9788000000001,E,8,999.0,E,8,6.35,E,8,-9900,?,9,-9900,?,9,0.0,E,8,-9900,?,9,-9900,?,9,0.0,0.0,E,8
01/11/2020,18:00,330.832,1413.568,112.86,1,8,70.693,1,8,96.396,1,8,13543.2,1,8,6715.838,1,8,10603.596,1,8,131.753,1,8,-9900,?,9,-9900,?,9,18.29,E,8,11.39,E,8,64.0,E,8,822.9788000000001,E,8,999.0,E,8,6.98,E,8,-9900,?,9,-9900,?,9,0.0,E,8,-9900,?,9,-9900,?,9,0.0,0.0,E,8
01/11/2020,19:00,20.206,1413.568,20.37,1,8,0.0,1,8,20.37,1,8,2444.4,1,8,0.0,1,8,2240.7,1,8,951.33,1,8,-9900,?,9,-9900,?,9,17.69,E,8,11.4,E,8,66.0,E,8,822.9788000000001,E,8,999.0,E,8,5.48,E,8,-9900,?,9,-9900,?,9,0.0,E,8,-9900,?,9,-9900,?,9,0.0,0.0,E,8
01/11/2020,20:00,0.0,1413.568,0.0,1,8,0.0,1,8,0.0,1,8,0.0,1,8,0.0,1,8,0.0,1,8,-0.0,1,8,-9900,?,9,-9900,?,9,17.14,E,8,11.41,E,8,68.0,E,8,822.9788000000001,E,8,999.0,E,8,6.49,E,8,-9900,?,9,-9900,?,9,0.0,E,8,-9900,?,9,-9900,?,9,0.0,0.0,E,8
01/11/2020,21:00,0.0,1413.568,0.0,1,8,0.0,1,8,0.0,1,8,0.0,1,8,0.0,1,8,0.0,1,8,-0.0,1,8,-9900,?,9,-9900,?,9,16.58,E,8,11.42,E,8,71.0,E,8,822.9788000000001,E,8,999.0,E,8,7.38,E,8,-9900,?,9,-9900,?,9,0.0,E,8,-9900,?,9,-9900,?,9,0.0,0.0,E,8
01/11/2020,22:00,0.0,1413.568,0.0,1,8,0.0,1,8,0.0,1,8,0.0,1,8,0.0,1,8,0.0,1,8,-0.0,1,8,-9900,?,9,-9900,?,9,16.03,E,8,11.42,E,8,74.0,E,8,822.9788000000001,E,8,999.0,E,8,7.39,E,8,-9900,?,9,-9900,?,9,0.0,E,8,-9900,?,9,-9900,?,9,0.0,0.0,E,8
01/11/2020,23:00,0.0,1413.568,0.0,1,8,0.0,1,8,0.0,1,8,0.0,1,8,0.0,1,8,0.0,1,8,-0.0,1,8,-9900,?,9,-9900,?,9,15.48,E,8,11.43,E,8,76.0,E,8,822.9788000000001,E,8,999.0,E,8,7.7,E,8,-9900,?,9,-9900,?,9,0.0,E,8,-9900,?,9,-9900,?,9,0.0,0.0,E,8
01/11/2020,24:00,0.0,1413.568,0.0,1,8,0.0,1,8,0.0,1,8,0.0,1,8,0.0,1,8,0.0,1,8,-0.0,1,8,-9900,?,9,-9900,?,9,14.92,E,8,12.36,E,8,84.0,E,8,822.9788000000001,E,8,999.0,E,8,2.97,E,8,-9900,?,9,-9900,?,9,0.0,E,8,-9900,?,9,-9900,?,9,0.0,0.0,E,8
01/12/2020,01:00,0.0,1413.568,0.0,1,8,0.0,1,8,0.0,1,8,0.0,1,8,0.0,1,8,0.0,1,8,-0.0,1,8,-9900,?,9,-9900,?,9,14.65,E,8,12.39,E,8,86.0,E,8,822.9788000000001,E,8,999.0,E,8,2.23,E,8,-9900,?,9,-9900,?,9,0.0,E,8,-9900,?,9,-9900,?,9,0.0,0.0,E,8
01/12/2020,02:00,0.0,1413.568,0.0,1,8,0.0,1,8,0.0,1,8,0.0,1,8,0.0,1,8,0.0,1,8,-0.0,1,8,-9900,?,9,-9900,?,9,14.37,E,8,12.42,E,8,88.0,E,8,822.9788000000001,E,8,999.0,E,8,1.94,E,8,-9900,?,9,-9900,?,9,0.0,E,8,-9900,?,9,-9900,?,9,0.0,0.0,E,8
01/12/2020,03:00,0.0,1413.568,0.0,1,8,0.0,1,8,0.0,1,8,0.0,1,8,0.0,1,8,0.0,1,8,-0.0,1,8,-9900,?,9,-9900,?,9,14.09,E,8,12.45,E,8,89.0,E,8,822.9788000000001,E,8,999.0,E,8,2.17,E,8,-9900,?,9,-9900,?,9,0.0,E,8,-9900,?,9,-9900,?,9,0.0,0.0,E,8
01/12/2020,04:00,0.0,1413.445,0.0,1,8,0.0,1,8,0.0,1,8,0.0,1,8,0.0,1,8,0.0,1,8,-0.0,1,8,-9900,?,9,-9900,?,9,13.82,E,8,12.47,E,8,91.0,E,8,822.9788000000001,E,8,999.0,E,8,2.75,E,8,-9900,?,9,-9900,?,9,0.0,E,8,-9900,?,9,-9900,?,9,0.0,0.0,E,8
01/12/2020,05:00,0.0,1413.445,0.0,1,8,0.0,1,8,0.0,1,8,0.0,1,8,0.0,1,8,0.0,1,8,-0.0,1,8,-9900,?,9,-9900,?,9,13.57,E,8,12.5,E,8,93.0,E,8,822.9788000000001,E,8,999.0,E,8,2.22,E,8,-9900,?,9,-9900,?,9,0.0,E,8,-9900,?,9,-9900,?,9,0.0,0.0,E,8
01/12/2020,06:00,54.066,1413.445,0.0,1,8,0.0,1,8,0.0,1,8,0.0,1,8,0.0,1,8,0.0,1,8,0.0,1,8,-9900,?,9,-9900,?,9,13.39,E,8,12.52,E,8,94.0,E,8,822.9788000000001,E,8,999.0,E,8,2.3,E,8,-9900,?,9,-9900,?,9,0.0,E,8,-9900,?,9,-9900,?,9,0.0,0.0,E,8
01/12/2020,07:00,368.049,1413.445,51.25,1,8,0.0,1,8,51.25,1,8,6150.0,1,8,0.0,1,8,5637.5,1,8,62.897,1,8,-9900,?,9,-9900,?,9,13.21,E,8,12.53,E,8,95.0,E,8,822.9788000000001,E,8,999.0,E,8,2.2,E,8,-9900,?,9,-9900,?,9,0.0,E,8,-9900,?,9,-9900,?,9,0.0,0.0,E,8
01/12/2020,08:00,674.771,1413.445,166.16,1,8,5.931,1,8,163.331,1,8,19939.2,1,8,563.47,1,8,17966.438,1,8,109.011,1,8,-9900,?,9,-9900,?,9,14.68,E,8,12.39,E,8,86.0,E,8,822.9788000000001,E,8,999.0,E,8,3.56,E,8,-9900,?,9,-9900,?,9,0.0,E,8,-9900,?,9,-9900,?,9,0.0,0.0,E,8
01/12/2020,09:00,948.883,1413.445,504.34,1,8,204.682,1,8,366.981,1,8,60520.8,1,8,19444.76,1,8,40367.9,1,8,174.066,1,8,-9900,?,9,-9900,?,9,16.45,E,8,12.21,E,8,75.0,E,8,822.9788000000001,E,8,999.0,E,8,4.78,E,8,-9900,?,9,-9900,?,9,0.0,E,8,-9900,?,9,-9900,?,9,0.0,0.0,E,8
01/12/2020,10:00,1171.375,1413.445,852.67,1,8,579.666,1,8,372.343,1,8,102320.4,1,8,55068.307,1,8,40957.713,1,8,143.032,1,8,-9900,?,9,-9900,?,9,18.52,E,8,12.0,E,8,65.0,E,8,822.9788000000001,E,8,999.0,E,8,4.95,E,8,-9900,?,9,-9900,?,9,0.0,E,8,-9900,?,9,-9900,?,9,0.0,0.0,E,8
01/12/2020,11:00,1327.001,1413.445,920.47,1,8,423.89,1,8,522.52,1,8,110456.4,1,8,40269.574,1,8,57477.171,1,8,177.165,1,8,-9900,?,9,-9900,?,9,19.94,E,8,11.85,E,8,59.0,E,8,822.9788000000001,E,8,999.0,E,8,7.0,E,8,-9900,?,9,-9900,?,9,0.0,E,8,-9900,?,9,-9900,?,9,0.0,0.0,E,8
01/12/2020,12:00,1405.12,1413.445,825.73,1,8,217.225,1,8,609.785,1,8,99087.6,1,8,20636.365,1,8,67076.367,1,8,195.251,1,8,-9900,?,9,-9900,?,9,20.68,E,8,11.77,E,8,56.0,E,8,822.9788000000001,E,8,999.0,E,8,6.15,E,8,-9900,?,9,-9900,?,9,0.0,E,8,-9900,?,9,-9900,?,9,0.0,0.0,E,8
01/12/2020,13:00,1400.39,1413.445,546.41,1,8,15.753,1,8,530.803,1,8,65569.2,1,8,1496.489,1,8,58388.337,1,8,170.536,1,8,-9900,?,9,-9900,?,9,20.65,E,8,11.78,E,8,56.0,E,8,822.9788000000001,E,8,999.0,E,8,7.6,E,8,-9900,?,9,-9900,?,9,0.0,E,8,-9900,?,9,-9900,?,9,0.0,0.0,E,8
01/12/2020,14:00,1313.12,1413.445,245.56,1,8,7.818,1,8,238.298,1,8,29467.2,1,8,742.665,1,8,26212.746,1,8,81.652,1,8,-9900,?,9,-9900,?,9,19.77,E,8,11.87,E,8,60.0,E,8,822.9788000000001,E,8,999.0,E,8,9.42,E,8,-9900,?,9,-9900,?,9,0.0,E,8,-9900,?,9,-9900,?,9,0.0,0.0,E,8
01/12/2020,15:00,1149.258,1413.445,633.61,1,8,343.569,1,8,354.3,1,8,76033.2,1,8,32639.017,1,8,38972.978,1,8,138.723,1,8,-9900,?,9,-9900,?,9,20.08,E,8,11.84,E,8,59.0,E,8,822.9788000000001,E,8,999.0,E,8,10.23,E,8,-9900,?,9,-9900,?,9,0.0,E,8,-9900,?,9,-9900,?,9,0.0,0.0,E,8
01/12/2020,16:00,919.987,1413.445,516.73,1,8,303.771,1,8,319.09,1,8,62007.6,1,8,28858.232,1,8,35099.874,1,8,156.111,1,8,-9900,?,9,-9900,?,9,20.05,E,8,11.84,E,8,59.0,E,8,822.9788000000001,E,8,999.0,E,8,9.5,E,8,-9900,?,9,-9900,?,9,0.0,E,8,-9900,?,9,-9900,?,9,0.0,0.0,E,8
01/12/2020,17:00,641.008,1413.445,366.72,1,8,376.927,1,8,195.974,1,8,44006.4,1,8,35808.027,1,8,21557.115,1,8,137.706,1,8,-9900,?,9,-9900,?,9,19.72,E,8,11.87,E,8,60.0,E,8,822.9788000000001,E,8,999.0,E,8,8.13,E,8,-9900,?,9,-9900,?,9,0.0,E,8,-9900,?,9,-9900,?,9,0.0,0.0,E,8
01/12/2020,18:00,331.724,1413.445,196.74,1,8,503.71,1,8,79.101,1,8,23608.8,1,8,47852.485,1,8,8701.154,1,8,107.812,1,8,-9900,?,9,-9900,?,9,19.12,E,8,11.93,E,8,63.0,E,8,822.9788000000001,E,8,999.0,E,8,4.77,E,8,-9900,?,9,-9900,?,9,0.0,E,8,-9900,?,9,-9900,?,9,0.0,0.0,E,8
01/12/2020,19:00,20.694,1413.445,35.69,1,8,0.0,1,8,35.69,1,8,4282.8,1,8,0.0,1,8,3925.9,1,8,1575.367,1,8,-9900,?,9,-9900,?,9,18.33,E,8,12.02,E,8,66.0,E,8,822.9788000000001,E,8,999.0,E,8,2.86,E,8,-9900,?,9,-9900,?,9,0.0,E,8,-9900,?,9,-9900,?,9,0.0,0.0,E,8
01/12/2020,20:00,0.0,1413.445,0.0,1,8,0.0,1,8,0.0,1,8,0.0,1,8,0.0,1,8,0.0,1,8,-0.0,1,8,-9900,?,9,-9900,?,9,17.72,E,8,12.08,E,8,69.0,E,8,822.9788000000001,E,8,999.0,E,8,1.61,E,8,-9900,?,9,-9900,?,9,0.0,E,8,-9900,?,9,-9900,?,9,0.0,0.0,E,8
01/12/2020,21:00,0.0,1413.445,0.0,1,8,0.0,1,8,0.0,1,8,0.0,1,8,0.0,1,8,0.0,1,8,-0.0,1,8,-9900,?,9,-9900,?,9,17.11,E,8,12.14,E,8,72.0,E,8,822.9788000000001,E,8,999.0,E,8,1.89,E,8,-9900,?,9,-9900,?,9,0.0,E,8,-9900,?,9,-9900,?,9,0.0,0.0,E,8
01/12/2020,22:00,0.0,1413.445,0.0,1,8,0.0,1,8,0.0,1,8,0.0,1,8,0.0,1,8,0.0,1,8,-0.0,1,8,-9900,?,9,-9900,?,9,16.5,E,8,12.2,E,8,75.0,E,8,822.9788000000001,E,8,999.0,E,8,1.84,E,8,-9900,?,9,-9900,?,9,0.0,E,8,-9900,?,9,-9900,?,9,0.0,0.0,E,8
01/12/2020,23:00,0.0,1413.445,0.0,1,8,0.0,1,8,0.0,1,8,0.0,1,8,0.0,1,8,0.0,1,8,-0.0,1,8,-9900,?,9,-9900,?,9,15.89,E,8,12.27,E,8,79.0,E,8,822.9788000000001,E,8,999.0,E,8,2.25,E,8,-9900,?,9,-9900,?,9,0.0,E,8,-9900,?,9,-9900,?,9,0.0,0.0,E,8
01/12/2020,24:00,0.0,1413.445,0.0,1,8,0.0,1,8,0.0,1,8,0.0,1,8,0.0,1,8,0.0,1,8,-0.0,1,8,-9900,?,9,-9900,?,9,15.28,E,8,12.9,E,8,85.0,E,8,822.9788000000001,E,8,999.0,E,8,2.3,E,8,-9900,?,9,-9900,?,9,0.0,E,8,-9900,?,9,-9900,?,9,0.0,0.0,E,8
01/13/2020,01:00,0.0,1413.445,0.0,1,8,0.0,1,8,0.0,1,8,0.0,1,8,0.0,1,8,0.0,1,8,-0.0,1,8,-9900,?,9,-9900,?,9,14.98,E,8,12.88,E,8,87.0,E,8,822.9788000000001,E,8,999.0,E,8,2.35,E,8,-9900,?,9,-9900,?,9,0.0,E,8,-9900,?,9,-9900,?,9,0.0,0.0,E,8
01/13/2020,02:00,0.0,1413.445,0.0,1,8,0.0,1,8,0.0,1,8,0.0,1,8,0.0,1,8,0.0,1,8,-0.0,1,8,-9900,?,9,-9900,?,9,14.67,E,8,12.85,E,8,88.0,E,8,822.9788000000001,E,8,999.0,E,8,1.98,E,8,-9900,?,9,-9900,?,9,0.0,E,8,-9900,?,9,-9900,?,9,0.0,0.0,E,8
01/13/2020,03:00,0.0,1413.445,0.0,1,8,0.0,1,8,0.0,1,8,0.0,1,8,0.0,1,8,0.0,1,8,-0.0,1,8,-9900,?,9,-9900,?,9,14.37,E,8,12.83,E,8,90.0,E,8,822.9788000000001,E,8,999.0,E,8,2.08,E,8,-9900,?,9,-9900,?,9,0.0,E,8,-9900,?,9,-9900,?,9,0.0,0.0,E,8
01/13/2020,04:00,0.0,1413.306,0.0,1,8,0.0,1,8,0.0,1,8,0.0,1,8,0.0,1,8,0.0,1,8,-0.0,1,8,-9900,?,9,-9900,?,9,14.07,E,8,12.8,E,8,92.0,E,8,822.9788000000001,E,8,999.0,E,8,2.0,E,8,-9900,?,9,-9900,?,9,0.0,E,8,-9900,?,9,-9900,?,9,0.0,0.0,E,8
01/13/2020,05:00,0.0,1413.306,0.0,1,8,0.0,1,8,0.0,1,8,0.0,1,8,0.0,1,8,0.0,1,8,-0.0,1,8,-9900,?,9,-9900,?,9,13.8,E,8,12.78,E,8,93.0,E,8,822.9788000000001,E,8,999.0,E,8,1.97,E,8,-9900,?,9,-9900,?,9,0.0,E,8,-9900,?,9,-9900,?,9,0.0,0.0,E,8
01/13/2020,06:00,50.762,1413.306,0.0,1,8,0.0,1,8,0.0,1,8,0.0,1,8,0.0,1,8,0.0,1,8,0.0,1,8,-9900,?,9,-9900,?,9,13.59,E,8,12.76,E,8,94.0,E,8,822.9788000000001,E,8,999.0,E,8,2.28,E,8,-9900,?,9,-9900,?,9,0.0,E,8,-9900,?,9,-9900,?,9,0.0,0.0,E,8
01/13/2020,07:00,364.848,1413.306,42.46,1,8,0.0,1,8,42.46,1,8,5095.2,1,8,0.0,1,8,4670.6,1,8,52.565,1,8,-9900,?,9,-9900,?,9,13.39,E,8,12.75,E,8,95.0,E,8,822.9788000000001,E,8,999.0,E,8,1.72,E,8,-9900,?,9,-9900,?,9,0.0,E,8,-9900,?,9,-9900,?,9,0.0,0.0,E,8
01/13/2020,08:00,672.023,1413.306,183.51,1,8,10.995,1,8,178.287,1,8,22021.2,1,8,1044.494,1,8,19611.602,1,8,119.469,1,8,-9900,?,9,-9900,?,9,15.07,E,8,12.89,E,8,86.0,E,8,822.9788000000001,E,8,999.0,E,8,2.56,E,8,-9900,?,9,-9900,?,9,0.0,E,8,-9900,?,9,-9900,?,9,0.0,0.0,E,8
01/13/2020,09:00,946.692,1413.306,327.62,1,8,50.047,1,8,294.108,1,8,39314.4,1,8,4754.501,1,8,32351.908,1,8,139.811,1,8,-9900,?,9,-9900,?,9,16.14,E,8,12.98,E,8,81.0,E,8,822.9788000000001,E,8,999.0,E,8,4.25,E,8,-9900,?,9,-9900,?,9,0.0,E,8,-9900,?,9,-9900,?,9,0.0,0.0,E,8
01/13/2020,10:00,1169.798,1413.306,453.24,1,8,30.277,1,8,428.183,1,8,54388.8,1,8,2876.305,1,8,47100.141,1,8,164.689,1,8,-9900,?,9,-9900,?,9,17.14,E,8,13.06,E,8,76.0,E,8,822.9788000000001,E,8,999.0,E,8,4.85,E,8,-9900,?,9,-9900,?,9,0.0,E,8,-9900,?,9,-9900,?,9,0.0,0.0,E,8
01/13/2020,11:00,1326.053,1413.306,549.61,1,8,43.809,1,8,508.507,1,8,65953.2,1,8,4161.896,1,8,55935.754,1,8,172.52,1,8,-9900,?,9,-9900,?,9,18.02,E,8,13.13,E,8,73.0,E,8,822.9788000000001,E,8,999.0,E,8,5.87,E,8,-9900,?,9,-9900,?,9,0.0,E,8,-9900,?,9,-9900,?,9,0.0,0.0,E,8
01/13/2020,12:00,1404.773,1413.306,609.47,1,8,49.647,1,8,560.123,1,8,73136.4,1,8,4716.469,1,8,61613.519,1,8,179.376,1,8,-9900,?,9,-9900,?,9,18.76,E,8,13.19,E,8,70.0,E,8,822.9788000000001,E,8,999.0,E,8,7.17,E,8,-9900,?,9,-9900,?,9,0.0,E,8,-9900,?,9,-9900,?,9,0.0,0.0,E,8
01/13/2020,13:00,1400.572,1413.306,628.47,1,8,107.72,1,8,521.722,1,8,75416.4,1,8,10233.362,1,8,57389.372,1,8,167.58,1,8,-9900,?,9,-9900,?,9,19.33,E,8,13.24,E,8,67.0,E,8,822.9788000000001,E,8,999.0,E,8,9.31,E,8,-9900,?,9,-9900,?,9,0.0,E,8,-9900,?,9,-9900,?,9,0.0,0.0,E,8
01/13/2020,14:00,1313.725,1413.306,605.25,1,8,67.366,1,8,542.633,1,8,72630.0,1,8,6399.811,1,8,59689.639,1,8,185.827,1,8,-9900,?,9,-9900,?,9,19.71,E,8,13.27,E,8,66.0,E,8,822.9788000000001,E,8,999.0,E,8,7.24,E,8,-9900,?,9,-9900,?,9,0.0,E,8,-9900,?,9,-9900,?,9,0.0,0.0,E,8
01/13/2020,15:00,1150.149,1413.306,541.48,1,8,168.745,1,8,404.176,1,8,64977.6,1,8,16030.782,1,8,44459.337,1,8,158.113,1,8,-9900,?,9,-9900,?,9,19.91,E,8,13.29,E,8,65.0,E,8,822.9788000000001,E,8,999.0,E,8,8.11,E,8,-9900,?,9,-9900,?,9,0.0,E,8,-9900,?,9,-9900,?,9,0.0,0.0,E,8
01/13/2020,16:00,921.008,1413.306,441.75,1,8,142.131,1,8,349.165,1,8,53010.0,1,8,13502.419,1,8,38408.112,1,8,170.618,1,8,-9900,?,9,-9900,?,9,19.91,E,8,13.29,E,8,65.0,E,8,822.9788000000001,E,8,999.0,E,8,6.31,E,8,-9900,?,9,-9900,?,9,0.0,E,8,-9900,?,9,-9900,?,9,0.0,0.0,E,8
01/13/2020,17:00,641.993,1413.306,313.65,1,8,213.169,1,8,216.927,1,8,37638.0,1,8,20251.098,1,8,23861.932,1,8,152.18,1,8,-9900,?,9,-9900,?,9,19.63,E,8,13.26,E,8,66.0,E,8,822.9788000000001,E,8,999.0,E,8,4.46,E,8,-9900,?,9,-9900,?,9,0.0,E,8,-9900,?,9,-9900,?,9,0.0,0.0,E,8
01/13/2020,18:00,332.51,1413.306,168.42,1,8,404.761,1,8,73.655,1,8,20210.4,1,8,38452.336,1,8,8102.013,1,8,100.138,1,8,-9900,?,9,-9900,?,9,19.08,E,8,13.22,E,8,68.0,E,8,822.9788000000001,E,8,999.0,E,8,2.66,E,8,-9900,?,9,-9900,?,9,0.0,E,8,-9900,?,9,-9900,?,9,0.0,0.0,E,8
01/13/2020,19:00,21.082,1413.306,30.68,1,8,0.0,1,8,30.68,1,8,3681.6,1,8,0.0,1,8,3374.8,1,8,1297.555,1,8,-9900,?,9,-9900,?,9,18.35,E,8,13.16,E,8,71.0,E,8,822.9788000000001,E,8,999.0,E,8,1.16,E,8,-9900,?,9,-9900,?,9,0.0,E,8,-9900,?,9,-9900,?,9,0.0,0.0,E,8
01/13/2020,20:00,0.0,1413.306,0.0,1,8,0.0,1,8,0.0,1,8,0.0,1,8,0.0,1,8,0.0,1,8,-0.0,1,8,-9900,?,9,-9900,?,9,17.72,E,8,13.11,E,8,74.0,E,8,822.9788000000001,E,8,999.0,E,8,0.72,E,8,-9900,?,9,-9900,?,9,0.0,E,8,-9900,?,9,-9900,?,9,0.0,0.0,E,8
01/13/2020,21:00,0.0,1413.306,0.0,1,8,0.0,1,8,0.0,1,8,0.0,1,8,0.0,1,8,0.0,1,8,-0.0,1,8,-9900,?,9,-9900,?,9,17.08,E,8,13.05,E,8,77.0,E,8,822.9788000000001,E,8,999.0,E,8,0.72,E,8,-9900,?,9,-9900,?,9,0.0,E,8,-9900,?,9,-9900,?,9,0.0,0.0,E,8
01/13/2020,22:00,0.0,1413.306,0.0,1,8,0.0,1,8,0.0,1,8,0.0,1,8,0.0,1,8,0.0,1,8,-0.0,1,8,-9900,?,9,-9900,?,9,16.45,E,8,13.0,E,8,80.0,E,8,822.9788000000001,E,8,999.0,E,8,0.72,E,8,-9900,?,9,-9900,?,9,0.0,E,8,-9900,?,9,-9900,?,9,0.0,0.0,E,8
01/13/2020,23:00,0.0,1413.306,0.0,1,8,0.0,1,8,0.0,1,8,0.0,1,8,0.0,1,8,0.0,1,8,-0.0,1,8,-9900,?,9,-9900,?,9,15.81,E,8,12.95,E,8,83.0,E,8,822.9788000000001,E,8,999.0,E,8,0.72,E,8,-9900,?,9,-9900,?,9,0.0,E,8,-9900,?,9,-9900,?,9,0.0,0.0,E,8
01/13/2020,24:00,0.0,1413.306,0.0,1,8,0.0,1,8,0.0,1,8,0.0,1,8,0.0,1,8,0.0,1,8,-0.0,1,8,-9900,?,9,-9900,?,9,15.18,E,8,13.69,E,8,90.0,E,8,822.9788000000001,E,8,999.0,E,8,0.83,E,8,-9900,?,9,-9900,?,9,0.0,E,8,-9900,?,9,-9900,?,9,0.0,0.0,E,8
01/14/2020,01:00,0.0,1413.306,0.0,1,8,0.0,1,8,0.0,1,8,0.0,1,8,0.0,1,8,0.0,1,8,-0.0,1,8,-9900,?,9,-9900,?,9,14.86,E,8,13.53,E,8,91.0,E,8,822.9788000000001,E,8,999.0,E,8,0.83,E,8,-9900,?,9,-9900,?,9,0.0,E,8,-9900,?,9,-9900,?,9,0.0,0.0,E,8
01/14/2020,02:00,0.0,1413.306,0.0,1,8,0.0,1,8,0.0,1,8,0.0,1,8,0.0,1,8,0.0,1,8,-0.0,1,8,-9900,?,9,-9900,?,9,14.54,E,8,13.37,E,8,92.0,E,8,822.9788000000001,E,8,999.0,E,8,0.83,E,8,-9900,?,9,-9900,?,9,0.0,E,8,-9900,?,9,-9900,?,9,0.0,0.0,E,8
01/14/2020,03:00,0.0,1413.306,0.0,1,8,0.0,1,8,0.0,1,8,0.0,1,8,0.0,1,8,0.0,1,8,-0.0,1,8,-9900,?,9,-9900,?,9,14.22,E,8,13.21,E,8,93.0,E,8,822.9788000000001,E,8,999.0,E,8,0.83,E,8,-9900,?,9,-9900,?,9,0.0,E,8,-9900,?,9,-9900,?,9,0.0,0.0,E,8
01/14/2020,04:00,0.0,1413.153,0.0,1,8,0.0,1,8,0.0,1,8,0.0,1,8,0.0,1,8,0.0,1,8,-0.0,1,8,-9900,?,9,-9900,?,9,13.91,E,8,13.05,E,8,94.0,E,8,822.9788000000001,E,8,999.0,E,8,0.83,E,8,-9900,?,9,-9900,?,9,0.0,E,8,-9900,?,9,-9900,?,9,0.0,0.0,E,8
01/14/2020,05:00,0.0,1413.153,0.0,1,8,0.0,1,8,0.0,1,8,0.0,1,8,0.0,1,8,0.0,1,8,-0.0,1,8,-9900,?,9,-9900,?,9,13.63,E,8,12.91,E,8,95.0,E,8,822.9788000000001,E,8,999.0,E,8,0.83,E,8,-9900,?,9,-9900,?,9,0.0,E,8,-9900,?,9,-9900,?,9,0.0,0.0,E,8
01/14/2020,06:00,47.458,1413.153,0.0,1,8,0.0,1,8,0.0,1,8,0.0,1,8,0.0,1,8,0.0,1,8,0.0,1,8,-9900,?,9,-9900,?,9,13.42,E,8,12.8,E,8,96.0,E,8,822.9788000000001,E,8,999.0,E,8,0.83,E,8,-9900,?,9,-9900,?,9,0.0,E,8,-9900,?,9,-9900,?,9,0.0,0.0,E,8
01/14/2020,07:00,361.64,1413.153,40.0,1,8,0.0,1,8,40.0,1,8,4800.0,1,8,0.0,1,8,4400.0,1,8,49.957,1,8,-9900,?,9,-9900,?,9,13.21,E,8,12.7,E,8,96.0,E,8,822.9788000000001,E,8,999.0,E,8,0.83,E,8,-9900,?,9,-9900,?,9,0.0,E,8,-9900,?,9,-9900,?,9,0.0,0.0,E,8
01/14/2020,08:00,669.274,1413.153,143.52,1,8,3.227,1,8,141.993,1,8,17222.4,1,8,306.584,1,8,15619.245,1,8,95.53,1,8,-9900,?,9,-9900,?,9,14.76,E,8,13.48,E,8,92.0,E,8,822.9788000000001,E,8,999.0,E,8,0.83,E,8,-9900,?,9,-9900,?,9,0.0,E,8,-9900,?,9,-9900,?,9,0.0,0.0,E,8
01/14/2020,09:00,944.499,1413.153,289.0,1,8,31.894,1,8,267.691,1,8,34680.0,1,8,3029.962,1,8,29445.983,1,8,127.535,1,8,-9900,?,9,-9900,?,9,15.88,E,8,14.02,E,8,88.0,E,8,822.9788000000001,E,8,999.0,E,8,0.83,E,8,-9900,?,9,-9900,?,9,0.0,E,8,-9900,?,9,-9900,?,9,0.0,0.0,E,8
01/14/2020,10:00,1168.217,1413.153,400.49,1,8,19.655,1,8,384.244,1,8,48058.8,1,8,1867.18,1,8,42266.876,1,8,147.973,1,8,-9900,?,9,-9900,?,9,16.91,E,8,14.51,E,8,85.0,E,8,822.9788000000001,E,8,999.0,E,8,0.83,E,8,-9900,?,9,-9900,?,9,0.0,E,8,-9900,?,9,-9900,?,9,0.0,0.0,E,8
01/14/2020,11:00,1325.093,1413.153,486.11,1,8,41.592,1,8,447.112,1,8,58333.2,1,8,3951.209,1,8,49182.282,1,8,151.784,1,8,-9900,?,9,-9900,?,9,17.82,E,8,14.93,E,8,83.0,E,8,822.9788000000001,E,8,999.0,E,8,0.83,E,8,-9900,?,9,-9900,?,9,0.0,E,8,-9900,?,9,-9900,?,9,0.0,0.0,E,8
01/14/2020,12:00,1404.402,1413.153,539.39,1,8,46.43,1,8,493.248,1,8,64726.8,1,8,4410.845,1,8,54257.251,1,8,157.985,1,8,-9900,?,9,-9900,?,9,18.58,E,8,15.27,E,8,81.0,E,8,822.9788000000001,E,8,999.0,E,8,1.11,E,8,-9900,?,9,-9900,?,9,0.0,E,8,-9900,?,9,-9900,?,9,0.0,0.0,E,8
01/14/2020,13:00,1400.717,1413.153,556.47,1,8,52.466,1,8,504.466,1,8,66776.4,1,8,4984.27,1,8,55491.257,1,8,162.003,1,8,-9900,?,9,-9900,?,9,19.16,E,8,15.52,E,8,79.0,E,8,822.9788000000001,E,8,999.0,E,8,2.73,E,8,-9900,?,9,-9900,?,9,0.0,E,8,-9900,?,9,-9900,?,9,0.0,0.0,E,8
01/14/2020,14:00,1314.278,1413.153,536.12,1,8,78.533,1,8,463.085,1,8,64334.4,1,8,7460.66,1,8,50939.333,1,8,158.501,1,8,-9900,?,9,-9900,?,9,19.56,E,8,15.7,E,8,78.0,E,8,822.9788000000001,E,8,999.0,E,8,2.35,E,8,-9900,?,9,-9900,?,9,0.0,E,8,-9900,?,9,-9900,?,9,0.0,0.0,E,8
01/14/2020,15:00,1150.973,1413.153,479.79,1,8,103.292,1,8,395.674,1,8,57574.8,1,8,9812.711,1,8,43524.183,1,8,154.66,1,8,-9900,?,9,-9900,?,9,19.75,E,8,15.78,E,8,77.0,E,8,822.9788000000001,E,8,999.0,E,8,2.2,E,8,-9900,?,9,-9900,?,9,0.0,E,8,-9900,?,9,-9900,?,9,0.0,0.0,E,8
01/14/2020,16:00,921.947,1413.153,391.57,1,8,87.098,1,8,334.769,1,8,46988.4,1,8,8274.331,1,8,36824.619,1,8,163.4,1,8,-9900,?,9,-9900,?,9,19.76,E,8,15.78,E,8,77.0,E,8,822.9788000000001,E,8,999.0,E,8,1.78,E,8,-9900,?,9,-9900,?,9,0.0,E,8,-9900,?,9,-9900,?,9,0.0,0.0,E,8
01/14/2020,17:00,642.884,1413.153,278.14,1,8,122.93,1,8,222.278,1,8,33376.8,1,8,11678.327,1,8,24450.612,1,8,155.7,1,8,-9900,?,9,-9900,?,9,19.48,E,8,15.66,E,8,78.0,E,8,822.9788000000001,E,8,999.0,E,8,0.83,E,8,-9900,?,9,-9900,?,9,0.0,E,8,-9900,?,9,-9900,?,9,0.0,0.0,E,8
01/14/2020,18:00,333.19,1413.153,149.45,1,8,223.55,1,8,96.997,1,8,17934.0,1,8,21237.219,1,8,10669.703,1,8,131.588,1,8,-9900,?,9,-9900,?,9,18.94,E,8,15.43,E,8,80.0,E,8,822.9788000000001,E,8,999.0,E,8,0.83,E,8,-9900,?,9,-9900,?,9,0.0,E,8,-9900,?,9,-9900,?,9,0.0,0.0,E,8
01/14/2020,19:00,21.37,1413.153,27.31,1,8,0.0,1,8,27.31,1,8,3277.2,1,8,0.0,1,8,3004.1,1,8,1120.235,1,8,-9900,?,9,-9900,?,9,18.2,E,8,15.1,E,8,82.0,E,8,822.9788000000001,E,8,999.0,E,8,0.83,E,8,-9900,?,9,-9900,?,9,0.0,E,8,-9900,?,9,-9900,?,9,0.0,0.0,E,8
01/14/2020,20:00,0.0,1413.153,0.0,1,8,0.0,1,8,0.0,1,8,0.0,1,8,0.0,1,8,0.0,1,8,-0.0,1,8,-9900,?,9,-9900,?,9,17.62,E,8,14.84,E,8,83.0,E,8,822.9788000000001,E,8,999.0,E,8,0.83,E,8,-9900,?,9,-9900,?,9,0.0,E,8,-9900,?,9,-9900,?,9,0.0,0.0,E,8
01/14/2020,21:00,0.0,1413.153,0.0,1,8,0.0,1,8,0.0,1,8,0.0,1,8,0.0,1,8,0.0,1,8,-0.0,1,8,-9900,?,9,-9900,?,9,17.04,E,8,14.57,E,8,85.0,E,8,822.9788000000001,E,8,999.0,E,8,0.83,E,8,-9900,?,9,-9900,?,9,0.0,E,8,-9900,?,9,-9900,?,9,0.0,0.0,E,8
01/14/2020,22:00,0.0,1413.153,0.0,1,8,0.0,1,8,0.0,1,8,0.0,1,8,0.0,1,8,0.0,1,8,-0.0,1,8,-9900,?,9,-9900,?,9,16.47,E,8,14.3,E,8,87.0,E,8,822.9788000000001,E,8,999.0,E,8,0.83,E,8,-9900,?,9,-9900,?,9,0.0,E,8,-9900,?,9,-9900,?,9,0.0,0.0,E,8
01/14/2020,23:00,0.0,1413.153,0.0,1,8,0.0,1,8,0.0,1,8,0.0,1,8,0.0,1,8,0.0,1,8,-0.0,1,8,-9900,?,9,-9900,?,9,15.89,E,8,14.03,E,8,88.0,E,8,822.9788000000001,E,8,999.0,E,8,0.83,E,8,-9900,?,9,-9900,?,9,0.0,E,8,-9900,?,9,-9900,?,9,0.0,0.0,E,8
01/14/2020,24:00,0.0,1413.153,0.0,1,8,0.0,1,8,0.0,1,8,0.0,1,8,0.0,1,8,0.0,1,8,-0.0,1,8,-9900,?,9,-9900,?,9,15.31,E,8,13.71,E,8,90.0,E,8,822.9788000000001,E,8,999.0,E,8,0.33,E,8,-9900,?,9,-9900,?,9,0.0,E,8,-9900,?,9,-9900,?,9,0.0,0.0,E,8
01/15/2020,01:00,0.0,1413.153,0.0,1,8,0.0,1,8,0.0,1,8,0.0,1,8,0.0,1,8,0.0,1,8,-0.0,1,8,-9900,?,9,-9900,?,9,15.02,E,8,13.68,E,8,96.0,E,8,822.9788000000001,E,8,999.0,E,8,0.33,E,8,-9900,?,9,-9900,?,9,0.001,E,8,-9900,?,9,-9900,?,9,0.01,99.0,E,8
01/15/2020,02:00,0.0,1413.153,0.0,1,8,0.0,1,8,0.0,1,8,0.0,1,8,0.0,1,8,0.0,1,8,-0.0,1,8,-9900,?,9,-9900,?,9,14.73,E,8,13.65,E,8,93.0,E,8,822.9788000000001,E,8,999.0,E,8,0.37,E,8,-9900,?,9,-9900,?,9,0.0,E,8,-9900,?,9,-9900,?,9,0.0,0.0,E,8
01/15/2020,03:00,0.0,1413.153,0.0,1,8,0.0,1,8,0.0,1,8,0.0,1,8,0.0,1,8,0.0,1,8,-0.0,1,8,-9900,?,9,-9900,?,9,14.44,E,8,13.61,E,8,99.0,E,8,822.9788000000001,E,8,999.0,E,8,0.58,E,8,-9900,?,9,-9900,?,9,0.003,E,8,-9900,?,9,-9900,?,9,0.03,99.0,E,8
01/15/2020,04:00,0.0,1412.985,0.0,1,8,0.0,1,8,0.0,1,8,0.0,1,8,0.0,1,8,0.0,1,8,-0.0,1,8,-9900,?,9,-9900,?,9,14.15,E,8,13.58,E,8,96.0,E,8,822.9788000000001,E,8,999.0,E,8,0.48,E,8,-9900,?,9,-9900,?,9,0.0,E,8,-9900,?,9,-9900,?,9,0.0,0.0,E,8
01/15/2020,05:00,0.0,1412.985,0.0,1,8,0.0,1,8,0.0,1,8,0.0,1,8,0.0,1,8,0.0,1,8,-0.0,1,8,-9900,?,9,-9900,?,9,13.9,E,8,13.55,E,8,97.0,E,8,822.9788000000001,E,8,999.0,E,8,0.51,E,8,-9900,?,9,-9900,?,9,0.0,E,8,-9900,?,9,-9900,?,9,0.0,0.0,E,8
01/15/2020,06:00,44.159,1412.985,0.0,1,8,0.0,1,8,0.0,1,8,0.0,1,8,0.0,1,8,0.0,1,8,0.0,1,8,-9900,?,9,-9900,?,9,13.71,E,8,13.53,E,8,98.0,E,8,822.9788000000001,E,8,999.0,E,8,0.43,E,8,-9900,?,9,-9900,?,9,0.0,E,8,-9900,?,9,-9900,?,9,0.0,0.0,E,8
01/15/2020,07:00,358.428,1412.985,27.72,1,8,0.0,1,8,27.72,1,8,3326.4,1,8,0.0,1,8,3049.2,1,8,34.929,1,8,-9900,?,9,-9900,?,9,13.52,E,8,13.51,E,8,99.0,E,8,822.9788000000001,E,8,999.0,E,8,0.47,E,8,-9900,?,9,-9900,?,9,0.0,E,8,-9900,?,9,-9900,?,9,0.0,0.0,E,8
01/15/2020,08:00,666.524,1412.985,125.48,1,8,0.0,1,8,125.48,1,8,15057.6,1,8,0.0,1,8,13802.8,1,8,84.76,1,8,-9900,?,9,-9900,?,9,15.12,E,8,13.69,E,8,91.0,E,8,822.9788000000001,E,8,999.0,E,8,0.62,E,8,-9900,?,9,-9900,?,9,0.0,E,8,-9900,?,9,-9900,?,9,0.0,0.0,E,8
01/15/2020,09:00,942.305,1412.985,225.91,1,8,5.555,1,8,222.207,1,8,27109.2,1,8,527.69,1,8,24442.773,1,8,106.099,1,8,-9900,?,9,-9900,?,9,16.16,E,8,13.81,E,8,85.0,E,8,822.9788000000001,E,8,999.0,E,8,1.09,E,8,-9900,?,9,-9900,?,9,0.0,E,8,-9900,?,9,-9900,?,9,0.0,0.0,E,8
01/15/2020,10:00,1166.63,1412.985,264.18,1,8,4.492,1,8,260.472,1,8,31701.6,1,8,426.701,1,8,28651.923,1,8,100.433,1,8,-9900,?,9,-9900,?,9,16.88,E,8,13.89,E,8,82.0,E,8,822.9788000000001,E,8,999.0,E,8,1.46,E,8,-9900,?,9,-9900,?,9,0.0,E,8,-9900,?,9,-9900,?,9,0.0,0.0,E,8
01/15/2020,11:00,1324.12,1412.985,381.02,1,8,22.924,1,8,359.539,1,8,45722.4,1,8,2177.775,1,8,39549.251,1,8,122.13,1,8,-9900,?,9,-9900,?,9,17.8,E,8,13.99,E,8,78.0,E,8,822.9788000000001,E,8,999.0,E,8,1.56,E,8,-9900,?,9,-9900,?,9,0.0,E,8,-9900,?,9,-9900,?,9,0.0,0.0,E,8
01/15/2020,12:00,1404.007,1412.985,423.04,1,8,24.73,1,8,398.467,1,8,50764.8,1,8,2349.331,1,8,43831.416,1,8,127.648,1,8,-9900,?,9,-9900,?,9,18.56,E,8,14.08,E,8,75.0,E,8,822.9788000000001,E,8,999.0,E,8,1.24,E,8,-9900,?,9,-9900,?,9,0.0,E,8,-9900,?,9,-9900,?,9,0.0,0.0,E,8
01/15/2020,13:00,1400.825,1412.985,436.63,1,8,26.282,1,8,410.574,1,8,52395.6,1,8,2496.786,1,8,45163.179,1,8,131.825,1,8,-9900,?,9,-9900,?,9,19.14,E,8,14.14,E,8,72.0,E,8,822.9788000000001,E,8,999.0,E,8,1.61,E,8,-9900,?,9,-9900,?,9,0.0,E,8,-9900,?,9,-9900,?,9,0.0,0.0,E,8
01/15/2020,14:00,1314.779,1412.985,420.82,1,8,28.266,1,8,394.52,1,8,50498.4,1,8,2685.242,1,8,43397.204,1,8,134.966,1,8,-9900,?,9,-9900,?,9,19.54,E,8,14.18,E,8,71.0,E,8,822.9788000000001,E,8,999.0,E,8,1.42,E,8,-9900,?,9,-9900,?,9,0.0,E,8,-9900,?,9,-9900,?,9,0.0,0.0,E,8
01/15/2020,15:00,1151.728,1412.985,376.73,1,8,22.712,1,8,358.22,1,8,45207.6,1,8,2157.675,1,8,39404.181,1,8,139.911,1,8,-9900,?,9,-9900,?,9,19.75,E,8,14.21,E,8,70.0,E,8,822.9788000000001,E,8,999.0,E,8,1.61,E,8,-9900,?,9,-9900,?,9,0.0,E,8,-9900,?,9,-9900,?,9,0.0,0.0,E,8
01/15/2020,16:00,922.802,1412.985,307.55,1,8,15.633,1,8,297.344,1,8,36906.0,1,8,1485.162,1,8,32707.854,1,8,144.981,1,8,-9900,?,9,-9900,?,9,19.77,E,8,14.21,E,8,70.0,E,8,822.9788000000001,E,8,999.0,E,8,1.21,E,8,-9900,?,9,-9900,?,9,0.0,E,8,-9900,?,9,-9900,?,9,0.0,0.0,E,8
01/15/2020,17:00,643.677,1412.985,218.54,1,8,24.391,1,8,207.441,1,8,26224.8,1,8,2317.184,1,8,22818.513,1,8,145.11,1,8,-9900,?,9,-9900,?,9,19.51,E,8,14.18,E,8,71.0,E,8,822.9788000000001,E,8,999.0,E,8,1.38,E,8,-9900,?,9,-9900,?,9,0.0,E,8,-9900,?,9,-9900,?,9,0.0,0.0,E,8
01/15/2020,18:00,333.762,1412.985,117.5,1,8,82.112,1,8,98.198,1,8,14100.0,1,8,7800.658,1,8,10801.76,1,8,132.97,1,8,-9900,?,9,-9900,?,9,18.99,E,8,14.12,E,8,73.0,E,8,822.9788000000001,E,8,999.0,E,8,1.27,E,8,-9900,?,9,-9900,?,9,0.0,E,8,-9900,?,9,-9900,?,9,0.0,0.0,E,8
01/15/2020,19:00,21.556,1412.985,21.51,1,8,0.0,1,8,21.51,1,8,2581.2,1,8,0.0,1,8,2366.1,1,8,865.369,1,8,-9900,?,9,-9900,?,9,18.29,E,8,14.05,E,8,81.0,E,8,822.9788000000001,E,8,999.0,E,8,1.63,E,8,-9900,?,9,-9900,?,9,0.002,E,8,-9900,?,9,-9900,?,9,0.02,99.0,E,8
01/15/2020,20:00,0.0,1412.985,0.0,1,8,0.0,1,8,0.0,1,8,0.0,1,8,0.0,1,8,0.0,1,8,-0.0,1,8,-9900,?,9,-9900,?,9,17.63,E,8,13.97,E,8,84.0,E,8,822.9788000000001,E,8,999.0,E,8,1.49,E,8,-9900,?,9,-9900,?,9,0.001,E,8,-9900,?,9,-9900,?,9,0.01,99.0,E,8
01/15/2020,21:00,0.0,1412.985,0.0,1,8,0.0,1,8,0.0,1,8,0.0,1,8,0.0,1,8,0.0,1,8,-0.0,1,8,-9900,?,9,-9900,?,9,16.98,E,8,13.9,E,8,87.0,E,8,822.9788000000001,E,8,999.0,E,8,1.54,E,8,-9900,?,9,-9900,?,9,0.001,E,8,-9900,?,9,-9900,?,9,0.01,99.0,E,8
01/15/2020,22:00,0.0,1412.985,0.0,1,8,0.0,1,8,0.0,1,8,0.0,1,8,0.0,1,8,0.0,1,8,-0.0,1,8,-9900,?,9,-9900,?,9,16.32,E,8,13.83,E,8,90.0,E,8,822.9788000000001,E,8,999.0,E,8,1.56,E,8,-9900,?,9,-9900,?,9,0.005,E,8,-9900,?,9,-9900,?,9,0.05,99.0,E,8
01/15/2020,23:00,0.0,1412.985,0.0,1,8,0.0,1,8,0.0,1,8,0.0,1,8,0.0,1,8,0.0,1,8,-0.0,1,8,-9900,?,9,-9900,?,9,15.67,E,8,13.75,E,8,93.0,E,8,822.9788000000001,E,8,999.0,E,8,1.86,E,8,-9900,?,9,-9900,?,9,0.086,E,8,-9900,?,9,-9900,?,9,0.86,99.0,E,8
01/15/2020,24:00,0.0,1412.985,0.0,1,8,0.0,1,8,0.0,1,8,0.0,1,8,0.0,1,8,0.0,1,8,-0.0,1,8,-9900,?,9,-9900,?,9,15.01,E,8,13.13,E,8,85.0,E,8,822.9788000000001,E,8,999.0,E,8,17.33,E,8,-9900,?,9,-9900,?,9,0.0,E,8,-9900,?,9,-9900,?,9,0.0,0.0,E,8
01/16/2020,01:00,0.0,1412.985,0.0,1,8,0.0,1,8,0.0,1,8,0.0,1,8,0.0,1,8,0.0,1,8,-0.0,1,8,-9900,?,9,-9900,?,9,14.68,E,8,13.02,E,8,91.0,E,8,822.9788000000001,E,8,999.0,E,8,11.97,E,8,-9900,?,9,-9900,?,9,0.005,E,8,-9900,?,9,-9900,?,9,0.05,99.0,E,8
01/16/2020,02:00,0.0,1412.985,0.0,1,8,0.0,1,8,0.0,1,8,0.0,1,8,0.0,1,8,0.0,1,8,-0.0,1,8,-9900,?,9,-9900,?,9,14.36,E,8,12.92,E,8,92.0,E,8,822.9788000000001,E,8,999.0,E,8,11.88,E,8,-9900,?,9,-9900,?,9,0.025,E,8,-9900,?,9,-9900,?,9,0.25,99.0,E,8
01/16/2020,03:00,0.0,1412.985,0.0,1,8,0.0,1,8,0.0,1,8,0.0,1,8,0.0,1,8,0.0,1,8,-0.0,1,8,-9900,?,9,-9900,?,9,14.03,E,8,12.81,E,8,93.0,E,8,822.9788000000001,E,8,999.0,E,8,12.85,E,8,-9900,?,9,-9900,?,9,0.002,E,8,-9900,?,9,-9900,?,9,0.02,99.0,E,8
01/16/2020,04:00,0.0,1412.802,0.0,1,8,0.0,1,8,0.0,1,8,0.0,1,8,0.0,1,8,0.0,1,8,-0.0,1,8,-9900,?,9,-9900,?,9,13.7,E,8,12.71,E,8,90.0,E,8,822.9788000000001,E,8,999.0,E,8,13.53,E,8,-9900,?,9,-9900,?,9,0.0,E,8,-9900,?,9,-9900,?,9,0.0,0.0,E,8
01/16/2020,05:00,0.0,1412.802,0.0,1,8,0.0,1,8,0.0,1,8,0.0,1,8,0.0,1,8,0.0,1,8,-0.0,1,8,-9900,?,9,-9900,?,9,13.41,E,8,12.61,E,8,91.0,E,8,822.9788000000001,E,8,999.0,E,8,6.67,E,8,-9900,?,9,-9900,?,9,0.0,E,8,-9900,?,9,-9900,?,9,0.0,0.0,E,8
01/16/2020,06:00,40.866,1412.802,0.0,1,8,0.0,1,8,0.0,1,8,0.0,1,8,0.0,1,8,0.0,1,8,0.0,1,8,-9900,?,9,-9900,?,9,13.19,E,8,12.54,E,8,91.0,E,8,822.9788000000001,E,8,999.0,E,8,8.45,E,8,-9900,?,9,-9900,?,9,0.0,E,8,-9900,?,9,-9900,?,9,0.0,0.0,E,8
01/16/2020,07:00,355.213,1412.802,25.64,1,8,0.0,1,8,25.64,1,8,3076.8,1,8,0.0,1,8,2820.4,1,8,32.599,1,8,-9900,?,9,-9900,?,9,12.98,E,8,12.47,E,8,96.0,E,8,822.9788000000001,E,8,999.0,E,8,6.17,E,8,-9900,?,9,-9900,?,9,0.007000000000000001,E,8,-9900,?,9,-9900,?,9,0.07,99.0,E,8
01/16/2020,08:00,663.773,1412.802,118.9,1,8,0.0,1,8,118.9,1,8,14268.0,1,8,0.0,1,8,13079.0,1,8,80.638,1,8,-9900,?,9,-9900,?,9,14.53,E,8,12.98,E,8,87.0,E,8,822.9788000000001,E,8,999.0,E,8,5.19,E,8,-9900,?,9,-9900,?,9,0.0,E,8,-9900,?,9,-9900,?,9,0.0,0.0,E,8
01/16/2020,09:00,940.111,1412.802,214.98,1,8,2.486,1,8,213.326,1,8,25797.6,1,8,236.195,1,8,23465.882,1,8,102.084,1,8,-9900,?,9,-9900,?,9,15.56,E,8,13.31,E,8,84.0,E,8,822.9788000000001,E,8,999.0,E,8,3.18,E,8,-9900,?,9,-9900,?,9,0.0,E,8,-9900,?,9,-9900,?,9,0.0,0.0,E,8
01/16/2020,10:00,1165.038,1412.802,298.93,1,8,10.003,1,8,290.682,1,8,35871.6,1,8,950.293,1,8,31975.054,1,8,112.22,1,8,-9900,?,9,-9900,?,9,16.53,E,8,13.61,E,8,81.0,E,8,822.9788000000001,E,8,999.0,E,8,3.18,E,8,-9900,?,9,-9900,?,9,0.0,E,8,-9900,?,9,-9900,?,9,0.0,0.0,E,8
01/16/2020,11:00,1323.134,1412.802,363.52,1,8,21.462,1,8,343.421,1,8,43622.4,1,8,2038.86,1,8,37776.341,1,8,116.727,1,8,-9900,?,9,-9900,?,9,17.38,E,8,13.87,E,8,78.0,E,8,822.9788000000001,E,8,999.0,E,8,3.18,E,8,-9900,?,9,-9900,?,9,0.0,E,8,-9900,?,9,-9900,?,9,0.0,0.0,E,8
01/16/2020,12:00,1403.587,1412.802,403.86,1,8,23.085,1,8,380.926,1,8,48463.2,1,8,2193.081,1,8,41901.816,1,8,122.049,1,8,-9900,?,9,-9900,?,9,18.1,E,8,14.09,E,8,80.0,E,8,822.9788000000001,E,8,999.0,E,8,3.18,E,8,-9900,?,9,-9900,?,9,0.001,E,8,-9900,?,9,-9900,?,9,0.01,99.0,E,8
01/16/2020,13:00,1400.894,1412.802,417.02,1,8,24.25,1,8,392.975,1,8,50042.4,1,8,2303.705,1,8,43227.25,1,8,126.152,1,8,-9900,?,9,-9900,?,9,18.65,E,8,14.26,E,8,75.0,E,8,822.9788000000001,E,8,999.0,E,8,3.18,E,8,-9900,?,9,-9900,?,9,0.0,E,8,-9900,?,9,-9900,?,9,0.0,0.0,E,8
01/16/2020,14:00,1315.224,1412.802,402.06,1,8,25.543,1,8,378.282,1,8,48247.2,1,8,2426.619,1,8,41611.011,1,8,129.35,1,8,-9900,?,9,-9900,?,9,19.03,E,8,14.37,E,8,74.0,E,8,822.9788000000001,E,8,999.0,E,8,3.18,E,8,-9900,?,9,-9900,?,9,0.0,E,8,-9900,?,9,-9900,?,9,0.0,0.0,E,8
01/16/2020,15:00,1152.414,1412.802,360.05,1,8,19.903,1,8,343.817,1,8,43206.0,1,8,1890.825,1,8,37819.904,1,8,134.188,1,8,-9900,?,9,-9900,?,9,19.22,E,8,14.43,E,8,73.0,E,8,822.9788000000001,E,8,999.0,E,8,3.18,E,8,-9900,?,9,-9900,?,9,0.0,E,8,-9900,?,9,-9900,?,9,0.0,0.0,E,8
01/16/2020,16:00,923.573,1412.802,294.03,1,8,13.155,1,8,285.434,1,8,35283.6,1,8,1249.754,1,8,31397.69,1,8,139.039,1,8,-9900,?,9,-9900,?,9,19.23,E,8,14.43,E,8,73.0,E,8,822.9788000000001,E,8,999.0,E,8,3.18,E,8,-9900,?,9,-9900,?,9,0.0,E,8,-9900,?,9,-9900,?,9,0.0,0.0,E,8
01/16/2020,17:00,644.372,1412.802,209.0,1,8,19.618,1,8,200.062,1,8,25080.0,1,8,1863.694,1,8,22006.859,1,8,139.779,1,8,-9900,?,9,-9900,?,9,18.96,E,8,14.35,E,8,74.0,E,8,822.9788000000001,E,8,999.0,E,8,3.18,E,8,-9900,?,9,-9900,?,9,0.0,E,8,-9900,?,9,-9900,?,9,0.0,0.0,E,8
01/16/2020,18:00,334.225,1412.802,112.42,1,8,65.199,1,8,97.07,1,8,13490.4,1,8,6193.887,1,8,10677.717,1,8,131.242,1,8,-9900,?,9,-9900,?,9,18.44,E,8,14.19,E,8,79.0,E,8,822.9788000000001,E,8,999.0,E,8,3.18,E,8,-9900,?,9,-9900,?,9,0.011,E,8,-9900,?,9,-9900,?,9,0.11,99.0,E,8
01/16/2020,19:00,21.64,1412.802,20.62,1,8,0.0,1,8,20.62,1,8,2474.4,1,8,0.0,1,8,2268.2,1,8,822.304,1,8,-9900,?,9,-9900,?,9,17.74,E,8,13.98,E,8,90.0,E,8,822.9788000000001,E,8,999.0,E,8,3.18,E,8,-9900,?,9,-9900,?,9,0.682,E,8,-9900,?,9,-9900,?,9,6.82,99.0,E,8
01/16/2020,20:00,0.0,1412.802,0.0,1,8,0.0,1,8,0.0,1,8,0.0,1,8,0.0,1,8,0.0,1,8,-0.0,1,8,-9900,?,9,-9900,?,9,17.04,E,8,13.77,E,8,83.0,E,8,822.9788000000001,E,8,999.0,E,8,3.18,E,8,-9900,?,9,-9900,?,9,0.001,E,8,-9900,?,9,-9900,?,9,0.01,99.0,E,8
01/16/2020,21:00,0.0,1412.802,0.0,1,8,0.0,1,8,0.0,1,8,0.0,1,8,0.0,1,8,0.0,1,8,-0.0,1,8,-9900,?,9,-9900,?,9,16.34,E,8,13.55,E,8,85.0,E,8,822.9788000000001,E,8,999.0,E,8,3.18,E,8,-9900,?,9,-9900,?,9,0.003,E,8,-9900,?,9,-9900,?,9,0.03,99.0,E,8
01/16/2020,22:00,0.0,1412.802,0.0,1,8,0.0,1,8,0.0,1,8,0.0,1,8,0.0,1,8,0.0,1,8,-0.0,1,8,-9900,?,9,-9900,?,9,15.64,E,8,13.33,E,8,88.0,E,8,822.9788000000001,E,8,999.0,E,8,3.18,E,8,-9900,?,9,-9900,?,9,0.016,E,8,-9900,?,9,-9900,?,9,0.16,99.0,E,8
01/16/2020,23:00,0.0,1412.802,0.0,1,8,0.0,1,8,0.0,1,8,0.0,1,8,0.0,1,8,0.0,1,8,-0.0,1,8,-9900,?,9,-9900,?,9,14.94,E,8,13.11,E,8,90.0,E,8,822.9788000000001,E,8,999.0,E,8,3.18,E,8,-9900,?,9,-9900,?,9,0.046,E,8,-9900,?,9,-9900,?,9,0.46,99.0,E,8
01/16/2020,24:00,0.0,1412.802,0.0,1,8,0.0,1,8,0.0,1,8,0.0,1,8,0.0,1,8,0.0,1,8,-0.0,1,8,-9900,?,9,-9900,?,9,14.24,E,8,9.1,E,8,71.0,E,8,822.9788000000001,E,8,999.0,E,8,0.95,E,8,-9900,?,9,-9900,?,9,0.0,E,8,-9900,?,9,-9900,?,9,0.0,0.0,E,8
01/17/2020,01:00,0.0,1412.802,0.0,1,8,0.0,1,8,0.0,1,8,0.0,1,8,0.0,1,8,0.0,1,8,-0.0,1,8,-9900,?,9,-9900,?,9,13.9,E,8,9.52,E,8,74.0,E,8,822.9788000000001,E,8,999.0,E,8,0.95,E,8,-9900,?,9,-9900,?,9,0.0,E,8,-9900,?,9,-9900,?,9,0.0,0.0,E,8
01/17/2020,02:00,0.0,1412.802,0.0,1,8,0.0,1,8,0.0,1,8,0.0,1,8,0.0,1,8,0.0,1,8,-0.0,1,8,-9900,?,9,-9900,?,9,13.55,E,8,9.93,E,8,78.0,E,8,822.9788000000001,E,8,999.0,E,8,0.95,E,8,-9900,?,9,-9900,?,9,0.0,E,8,-9900,?,9,-9900,?,9,0.0,0.0,E,8
01/17/2020,03:00,0.0,1412.802,0.0,1,8,0.0,1,8,0.0,1,8,0.0,1,8,0.0,1,8,0.0,1,8,-0.0,1,8,-9900,?,9,-9900,?,9,13.2,E,8,10.34,E,8,82.0,E,8,822.9788000000001,E,8,999.0,E,8,0.95,E,8,-9900,?,9,-9900,?,9,0.0,E,8,-9900,?,9,-9900,?,9,0.0,0.0,E,8
01/17/2020,04:00,0.0,1412.605,0.0,1,8,0.0,1,8,0.0,1,8,0.0,1,8,0.0,1,8,0.0,1,8,-0.0,1,8,-9900,?,9,-9900,?,9,12.85,E,8,10.74,E,8,87.0,E,8,822.9788000000001,E,8,999.0,E,8,0.95,E,8,-9900,?,9,-9900,?,9,0.0,E,8,-9900,?,9,-9900,?,9,0.0,0.0,E,8
01/17/2020,05:00,0.0,1412.605,0.0,1,8,0.0,1,8,0.0,1,8,0.0,1,8,0.0,1,8,0.0,1,8,-0.0,1,8,-9900,?,9,-9900,?,9,12.54,E,8,11.08,E,8,90.0,E,8,822.9788000000001,E,8,999.0,E,8,0.95,E,8,-9900,?,9,-9900,?,9,0.0,E,8,-9900,?,9,-9900,?,9,0.0,0.0,E,8
01/17/2020,06:00,37.584,1412.605,0.0,1,8,0.0,1,8,0.0,1,8,0.0,1,8,0.0,1,8,0.0,1,8,0.0,1,8,-9900,?,9,-9900,?,9,12.31,E,8,11.33,E,8,93.0,E,8,822.9788000000001,E,8,999.0,E,8,0.95,E,8,-9900,?,9,-9900,?,9,0.0,E,8,-9900,?,9,-9900,?,9,0.0,0.0,E,8
01/17/2020,07:00,351.996,1412.605,41.01,1,8,0.0,1,8,41.01,1,8,4921.2,1,8,0.0,1,8,4511.1,1,8,52.614,1,8,-9900,?,9,-9900,?,9,12.08,E,8,11.58,E,8,96.0,E,8,822.9788000000001,E,8,999.0,E,8,0.95,E,8,-9900,?,9,-9900,?,9,0.0,E,8,-9900,?,9,-9900,?,9,0.0,0.0,E,8
01/17/2020,08:00,661.025,1412.605,285.31,1,8,134.108,1,8,222.62,1,8,34237.2,1,8,12740.303,1,8,24488.169,1,8,151.59,1,8,-9900,?,9,-9900,?,9,15.28,E,8,7.76,E,8,60.0,E,8,822.9788000000001,E,8,999.0,E,8,0.95,E,8,-9900,?,9,-9900,?,9,0.0,E,8,-9900,?,9,-9900,?,9,0.0,0.0,E,8
01/17/2020,09:00,937.918,1412.605,461.13,1,8,167.261,1,8,350.116,1,8,55335.6,1,8,15889.776,1,8,38512.799,1,8,167.911,1,8,-9900,?,9,-9900,?,9,17.24,E,8,4.88,E,8,43.0,E,8,822.9788000000001,E,8,999.0,E,8,0.95,E,8,-9900,?,9,-9900,?,9,0.0,E,8,-9900,?,9,-9900,?,9,0.0,0.0,E,8
01/17/2020,10:00,1163.44,1412.605,446.22,1,8,22.207,1,8,427.933,1,8,53546.4,1,8,2109.65,1,8,47072.596,1,8,165.41,1,8,-9900,?,9,-9900,?,9,18.14,E,8,3.36,E,8,37.0,E,8,822.9788000000001,E,8,999.0,E,8,0.95,E,8,-9900,?,9,-9900,?,9,0.0,E,8,-9900,?,9,-9900,?,9,0.0,0.0,E,8
01/17/2020,11:00,1322.133,1412.605,380.48,1,8,13.811,1,8,367.554,1,8,45657.6,1,8,1312.069,1,8,40430.924,1,8,125.007,1,8,-9900,?,9,-9900,?,9,18.43,E,8,2.84,E,8,35.0,E,8,822.9788000000001,E,8,999.0,E,8,0.95,E,8,-9900,?,9,-9900,?,9,0.0,E,8,-9900,?,9,-9900,?,9,0.0,0.0,E,8
01/17/2020,12:00,1403.141,1412.605,602.8,1,8,76.614,1,8,526.7,1,8,72336.0,1,8,7278.283,1,8,57937.011,1,8,168.785,1,8,-9900,?,9,-9900,?,9,19.34,E,8,1.07,E,8,29.0,E,8,822.9788000000001,E,8,999.0,E,8,0.95,E,8,-9900,?,9,-9900,?,9,0.0,E,8,-9900,?,9,-9900,?,9,0.0,0.0,E,8
01/17/2020,13:00,1400.922,1412.605,622.71,1,8,103.569,1,8,519.998,1,8,74725.2,1,8,9839.086,1,8,57199.754,1,8,166.902,1,8,-9900,?,9,-9900,?,9,20.06,E,8,-0.43,E,8,25.0,E,8,822.9788000000001,E,8,999.0,E,8,1.34,E,8,-9900,?,9,-9900,?,9,0.0,E,8,-9900,?,9,-9900,?,9,0.0,0.0,E,8
01/17/2020,14:00,1315.614,1412.605,600.59,1,8,5.616,1,8,595.36,1,8,72070.8,1,8,533.5,1,8,65489.603,1,8,203.489,1,8,-9900,?,9,-9900,?,9,20.53,E,8,-1.41,E,8,22.0,E,8,822.9788000000001,E,8,999.0,E,8,1.48,E,8,-9900,?,9,-9900,?,9,0.0,E,8,-9900,?,9,-9900,?,9,0.0,0.0,E,8
01/17/2020,15:00,1153.026,1412.605,537.99,1,8,107.796,1,8,450.015,1,8,64558.8,1,8,10240.646,1,8,49501.672,1,8,175.518,1,8,-9900,?,9,-9900,?,9,20.77,E,8,-1.94,E,8,21.0,E,8,822.9788000000001,E,8,999.0,E,8,2.46,E,8,-9900,?,9,-9900,?,9,0.0,E,8,-9900,?,9,-9900,?,9,0.0,0.0,E,8
01/17/2020,16:00,924.256,1412.605,439.48,1,8,96.155,1,8,376.591,1,8,52737.6,1,8,9134.739,1,8,41425.028,1,8,183.282,1,8,-9900,?,9,-9900,?,9,20.76,E,8,-1.92,E,8,21.0,E,8,822.9788000000001,E,8,999.0,E,8,1.54,E,8,-9900,?,9,-9900,?,9,0.0,E,8,-9900,?,9,-9900,?,9,0.0,0.0,E,8
01/17/2020,17:00,644.967,1412.605,312.49,1,8,110.382,1,8,262.148,1,8,37498.8,1,8,10486.323,1,8,28836.228,1,8,182.962,1,8,-9900,?,9,-9900,?,9,20.37,E,8,-1.07,E,8,23.0,E,8,822.9788000000001,E,8,999.0,E,8,1.07,E,8,-9900,?,9,-9900,?,9,0.0,E,8,-9900,?,9,-9900,?,9,0.0,0.0,E,8
01/17/2020,18:00,334.579,1412.605,168.18,1,8,324.092,1,8,91.786,1,8,20181.6,1,8,30788.76,1,8,10096.481,1,8,123.948,1,8,-9900,?,9,-9900,?,9,19.64,E,8,0.44,E,8,27.0,E,8,822.9788000000001,E,8,999.0,E,8,0.95,E,8,-9900,?,9,-9900,?,9,0.0,E,8,-9900,?,9,-9900,?,9,0.0,0.0,E,8
01/17/2020,19:00,21.621,1412.605,30.88,1,8,0.0,1,8,30.88,1,8,3705.6,1,8,0.0,1,8,3396.8,1,8,1233.445,1,8,-9900,?,9,-9900,?,9,18.67,E,8,2.39,E,8,33.0,E,8,822.9788000000001,E,8,999.0,E,8,0.95,E,8,-9900,?,9,-9900,?,9,0.0,E,8,-9900,?,9,-9900,?,9,0.0,0.0,E,8
01/17/2020,20:00,0.0,1412.605,0.0,1,8,0.0,1,8,0.0,1,8,0.0,1,8,0.0,1,8,0.0,1,8,-0.0,1,8,-9900,?,9,-9900,?,9,17.92,E,8,3.75,E,8,38.0,E,8,822.9788000000001,E,8,999.0,E,8,0.95,E,8,-9900,?,9,-9900,?,9,0.0,E,8,-9900,?,9,-9900,?,9,0.0,0.0,E,8
01/17/2020,21:00,0.0,1412.605,0.0,1,8,0.0,1,8,0.0,1,8,0.0,1,8,0.0,1,8,0.0,1,8,-0.0,1,8,-9900,?,9,-9900,?,9,17.17,E,8,4.99,E,8,44.0,E,8,822.9788000000001,E,8,999.0,E,8,0.95,E,8,-9900,?,9,-9900,?,9,0.0,E,8,-9900,?,9,-9900,?,9,0.0,0.0,E,8
01/17/2020,22:00,0.0,1412.605,0.0,1,8,0.0,1,8,0.0,1,8,0.0,1,8,0.0,1,8,0.0,1,8,-0.0,1,8,-9900,?,9,-9900,?,9,16.42,E,8,6.15,E,8,50.0,E,8,822.9788000000001,E,8,999.0,E,8,0.95,E,8,-9900,?,9,-9900,?,9,0.0,E,8,-9900,?,9,-9900,?,9,0.0,0.0,E,8
01/17/2020,23:00,0.0,1412.605,0.0,1,8,0.0,1,8,0.0,1,8,0.0,1,8,0.0,1,8,0.0,1,8,-0.0,1,8,-9900,?,9,-9900,?,9,15.67,E,8,7.23,E,8,57.0,E,8,822.9788000000001,E,8,999.0,E,8,0.95,E,8,-9900,?,9,-9900,?,9,0.0,E,8,-9900,?,9,-9900,?,9,0.0,0.0,E,8
01/17/2020,24:00,0.0,1412.605,0.0,1,8,0.0,1,8,0.0,1,8,0.0,1,8,0.0,1,8,0.0,1,8,-0.0,1,8,-9900,?,9,-9900,?,9,14.92,E,8,13.37,E,8,95.0,E,8,822.9788000000001,E,8,999.0,E,8,1.08,E,8,-9900,?,9,-9900,?,9,0.001,E,8,-9900,?,9,-9900,?,9,0.01,99.0,E,8
01/18/2020,01:00,0.0,1412.605,0.0,1,8,0.0,1,8,0.0,1,8,0.0,1,8,0.0,1,8,0.0,1,8,-0.0,1,8,-9900,?,9,-9900,?,9,14.55,E,8,13.25,E,8,96.0,E,8,822.9788000000001,E,8,999.0,E,8,1.08,E,8,-9900,?,9,-9900,?,9,0.001,E,8,-9900,?,9,-9900,?,9,0.01,99.0,E,8
01/18/2020,02:00,0.0,1412.605,0.0,1,8,0.0,1,8,0.0,1,8,0.0,1,8,0.0,1,8,0.0,1,8,-0.0,1,8,-9900,?,9,-9900,?,9,14.17,E,8,13.12,E,8,98.0,E,8,822.9788000000001,E,8,999.0,E,8,1.08,E,8,-9900,?,9,-9900,?,9,0.005,E,8,-9900,?,9,-9900,?,9,0.05,99.0,E,8
01/18/2020,03:00,0.0,1412.605,0.0,1,8,0.0,1,8,0.0,1,8,0.0,1,8,0.0,1,8,0.0,1,8,-0.0,1,8,-9900,?,9,-9900,?,9,13.8,E,8,13.0,E,8,99.0,E,8,822.9788000000001,E,8,999.0,E,8,1.08,E,8,-9900,?,9,-9900,?,9,0.003,E,8,-9900,?,9,-9900,?,9,0.03,99.0,E,8
01/18/2020,04:00,0.0,1412.393,0.0,1,8,0.0,1,8,0.0,1,8,0.0,1,8,0.0,1,8,0.0,1,8,-0.0,1,8,-9900,?,9,-9900,?,9,13.42,E,8,12.87,E,8,96.0,E,8,822.9788000000001,E,8,999.0,E,8,1.08,E,8,-9900,?,9,-9900,?,9,0.0,E,8,-9900,?,9,-9900,?,9,0.0,0.0,E,8
01/18/2020,05:00,0.0,1412.393,0.0,1,8,0.0,1,8,0.0,1,8,0.0,1,8,0.0,1,8,0.0,1,8,-0.0,1,8,-9900,?,9,-9900,?,9,13.09,E,8,12.76,E,8,97.0,E,8,822.9788000000001,E,8,999.0,E,8,1.08,E,8,-9900,?,9,-9900,?,9,0.0,E,8,-9900,?,9,-9900,?,9,0.0,0.0,E,8
01/18/2020,06:00,34.315,1412.393,0.0,1,8,0.0,1,8,0.0,1,8,0.0,1,8,0.0,1,8,0.0,1,8,0.0,1,8,-9900,?,9,-9900,?,9,12.84,E,8,12.67,E,8,98.0,E,8,822.9788000000001,E,8,999.0,E,8,1.08,E,8,-9900,?,9,-9900,?,9,0.0,E,8,-9900,?,9,-9900,?,9,0.0,0.0,E,8
01/18/2020,07:00,348.78,1412.393,23.76,1,8,0.0,1,8,23.76,1,8,2851.2,1,8,0.0,1,8,2613.6,1,8,30.762,1,8,-9900,?,9,-9900,?,9,12.6,E,8,12.59,E,8,99.0,E,8,822.9788000000001,E,8,999.0,E,8,1.08,E,8,-9900,?,9,-9900,?,9,0.0,E,8,-9900,?,9,-9900,?,9,0.0,0.0,E,8
01/18/2020,08:00,658.279,1412.393,115.73,1,8,0.0,1,8,115.73,1,8,13887.6,1,8,0.0,1,8,12730.3,1,8,79.122,1,8,-9900,?,9,-9900,?,9,14.26,E,8,13.15,E,8,93.0,E,8,822.9788000000001,E,8,999.0,E,8,1.08,E,8,-9900,?,9,-9900,?,9,0.0,E,8,-9900,?,9,-9900,?,9,0.0,0.0,E,8
01/18/2020,09:00,935.725,1412.393,210.98,1,8,2.386,1,8,209.4,1,8,25317.6,1,8,226.713,1,8,23033.95,1,8,100.646,1,8,-9900,?,9,-9900,?,9,15.38,E,8,13.52,E,8,88.0,E,8,822.9788000000001,E,8,999.0,E,8,1.08,E,8,-9900,?,9,-9900,?,9,0.0,E,8,-9900,?,9,-9900,?,9,0.0,0.0,E,8
01/18/2020,10:00,1161.838,1412.393,294.33,1,8,9.802,1,8,286.268,1,8,35319.6,1,8,931.205,1,8,31489.463,1,8,110.788,1,8,-9900,?,9,-9900,?,9,16.43,E,8,13.86,E,8,84.0,E,8,822.9788000000001,E,8,999.0,E,8,1.08,E,8,-9900,?,9,-9900,?,9,0.0,E,8,-9900,?,9,-9900,?,9,0.0,0.0,E,8
01/18/2020,11:00,1321.117,1412.393,358.57,1,8,21.123,1,8,338.813,1,8,43028.4,1,8,2006.675,1,8,37269.43,1,8,115.304,1,8,-9900,?,9,-9900,?,9,17.37,E,8,14.16,E,8,81.0,E,8,822.9788000000001,E,8,999.0,E,8,1.08,E,8,-9900,?,9,-9900,?,9,0.0,E,8,-9900,?,9,-9900,?,9,0.0,0.0,E,8
01/18/2020,12:00,1402.667,1412.393,398.83,1,8,22.725,1,8,376.262,1,8,47859.6,1,8,2158.876,1,8,41388.773,1,8,120.599,1,8,-9900,?,9,-9900,?,9,18.16,E,8,14.4,E,8,78.0,E,8,822.9788000000001,E,8,999.0,E,8,1.08,E,8,-9900,?,9,-9900,?,9,0.0,E,8,-9900,?,9,-9900,?,9,0.0,0.0,E,8
01/18/2020,13:00,1400.908,1412.393,412.18,1,8,23.813,1,8,388.561,1,8,49461.6,1,8,2262.197,1,8,42741.727,1,8,124.698,1,8,-9900,?,9,-9900,?,9,18.76,E,8,14.59,E,8,76.0,E,8,822.9788000000001,E,8,999.0,E,8,1.08,E,8,-9900,?,9,-9900,?,9,0.0,E,8,-9900,?,9,-9900,?,9,0.0,0.0,E,8
01/18/2020,14:00,1315.945,1412.393,397.67,1,8,24.958,1,8,374.418,1,8,47720.4,1,8,2370.984,1,8,41185.936,1,8,127.922,1,8,-9900,?,9,-9900,?,9,19.18,E,8,14.71,E,8,80.0,E,8,822.9788000000001,E,8,999.0,E,8,1.08,E,8,-9900,?,9,-9900,?,9,0.001,E,8,-9900,?,9,-9900,?,9,0.01,99.0,E,8
01/18/2020,15:00,1153.565,1412.393,356.33,1,8,19.294,1,8,340.574,1,8,42759.6,1,8,1832.963,1,8,37463.112,1,8,132.751,1,8,-9900,?,9,-9900,?,9,19.39,E,8,14.78,E,8,74.0,E,8,822.9788000000001,E,8,999.0,E,8,1.08,E,8,-9900,?,9,-9900,?,9,0.0,E,8,-9900,?,9,-9900,?,9,0.0,0.0,E,8
01/18/2020,16:00,924.85,1412.393,291.15,1,8,12.614,1,8,282.894,1,8,34938.0,1,8,1198.318,1,8,31118.289,1,8,137.571,1,8,-9900,?,9,-9900,?,9,19.4,E,8,14.78,E,8,74.0,E,8,822.9788000000001,E,8,999.0,E,8,1.08,E,8,-9900,?,9,-9900,?,9,0.0,E,8,-9900,?,9,-9900,?,9,0.0,0.0,E,8
01/18/2020,17:00,645.46,1412.393,207.08,1,8,18.581,1,8,198.598,1,8,24849.6,1,8,1765.194,1,8,21845.772,1,8,138.481,1,8,-9900,?,9,-9900,?,9,19.11,E,8,14.69,E,8,75.0,E,8,822.9788000000001,E,8,999.0,E,8,1.08,E,8,-9900,?,9,-9900,?,9,0.0,E,8,-9900,?,9,-9900,?,9,0.0,0.0,E,8
01/18/2020,18:00,334.822,1412.393,111.49,1,8,61.694,1,8,96.935,1,8,13378.8,1,8,5860.932,1,8,10662.833,1,8,130.785,1,8,-9900,?,9,-9900,?,9,18.55,E,8,14.52,E,8,77.0,E,8,822.9788000000001,E,8,999.0,E,8,1.08,E,8,-9900,?,9,-9900,?,9,0.0,E,8,-9900,?,9,-9900,?,9,0.0,0.0,E,8
01/18/2020,19:00,21.498,1412.393,20.48,1,8,0.0,1,8,20.48,1,8,2457.6,1,8,0.0,1,8,2252.8,1,8,828.011,1,8,-9900,?,9,-9900,?,9,17.79,E,8,14.29,E,8,79.0,E,8,822.9788000000001,E,8,999.0,E,8,1.08,E,8,-9900,?,9,-9900,?,9,0.0,E,8,-9900,?,9,-9900,?,9,0.0,0.0,E,8
01/18/2020,20:00,0.0,1412.393,0.0,1,8,0.0,1,8,0.0,1,8,0.0,1,8,0.0,1,8,0.0,1,8,-0.0,1,8,-9900,?,9,-9900,?,9,17.09,E,8,14.07,E,8,82.0,E,8,822.9788000000001,E,8,999.0,E,8,1.08,E,8,-9900,?,9,-9900,?,9,0.0,E,8,-9900,?,9,-9900,?,9,0.0,0.0,E,8
01/18/2020,21:00,0.0,1412.393,0.0,1,8,0.0,1,8,0.0,1,8,0.0,1,8,0.0,1,8,0.0,1,8,-0.0,1,8,-9900,?,9,-9900,?,9,16.39,E,8,13.85,E,8,84.0,E,8,822.9788000000001,E,8,999.0,E,8,1.08,E,8,-9900,?,9,-9900,?,9,0.0,E,8,-9900,?,9,-9900,?,9,0.0,0.0,E,8
01/18/2020,22:00,0.0,1412.393,0.0,1,8,0.0,1,8,0.0,1,8,0.0,1,8,0.0,1,8,0.0,1,8,-0.0,1,8,-9900,?,9,-9900,?,9,15.68,E,8,13.62,E,8,92.0,E,8,822.9788000000001,E,8,999.0,E,8,1.08,E,8,-9900,?,9,-9900,?,9,0.086,E,8,-9900,?,9,-9900,?,9,0.86,99.0,E,8
01/18/2020,23:00,0.0,1412.393,0.0,1,8,0.0,1,8,0.0,1,8,0.0,1,8,0.0,1,8,0.0,1,8,-0.0,1,8,-9900,?,9,-9900,?,9,14.98,E,8,13.39,E,8,95.0,E,8,822.9788000000001,E,8,999.0,E,8,1.08,E,8,-9900,?,9,-9900,?,9,0.002,E,8,-9900,?,9,-9900,?,9,0.02,99.0,E,8
01/18/2020,24:00,0.0,1412.393,0.0,1,8,0.0,1,8,0.0,1,8,0.0,1,8,0.0,1,8,0.0,1,8,-0.0,1,8,-9900,?,9,-9900,?,9,14.28,E,8,12.17,E,8,89.0,E,8,822.9788000000001,E,8,999.0,E,8,1.03,E,8,-9900,?,9,-9900,?,9,0.045,E,8,-9900,?,9,-9900,?,9,0.45,99.0,E,8
01/19/2020,01:00,0.0,1412.393,0.0,1,8,0.0,1,8,0.0,1,8,0.0,1,8,0.0,1,8,0.0,1,8,-0.0,1,8,-9900,?,9,-9900,?,9,13.93,E,8,12.16,E,8,91.0,E,8,822.9788000000001,E,8,999.0,E,8,1.03,E,8,-9900,?,9,-9900,?,9,0.022,E,8,-9900,?,9,-9900,?,9,0.22,99.0,E,8
01/19/2020,02:00,0.0,1412.393,0.0,1,8,0.0,1,8,0.0,1,8,0.0,1,8,0.0,1,8,0.0,1,8,-0.0,1,8,-9900,?,9,-9900,?,9,13.58,E,8,12.14,E,8,93.0,E,8,822.9788000000001,E,8,999.0,E,8,1.28,E,8,-9900,?,9,-9900,?,9,0.036,E,8,-9900,?,9,-9900,?,9,0.36,99.0,E,8
01/19/2020,03:00,0.0,1412.393,0.0,1,8,0.0,1,8,0.0,1,8,0.0,1,8,0.0,1,8,0.0,1,8,-0.0,1,8,-9900,?,9,-9900,?,9,13.23,E,8,12.13,E,8,99.0,E,8,822.9788000000001,E,8,999.0,E,8,1.17,E,8,-9900,?,9,-9900,?,9,0.23900000000000002,E,8,-9900,?,9,-9900,?,9,2.39,99.0,E,8
01/19/2020,04:00,0.0,1412.167,0.0,1,8,0.0,1,8,0.0,1,8,0.0,1,8,0.0,1,8,0.0,1,8,-0.0,1,8,-9900,?,9,-9900,?,9,12.87,E,8,12.12,E,8,96.0,E,8,822.9788000000001,E,8,999.0,E,8,1.03,E,8,-9900,?,9,-9900,?,9,0.057999999999999996,E,8,-9900,?,9,-9900,?,9,0.58,99.0,E,8
01/19/2020,05:00,0.0,1412.167,0.0,1,8,0.0,1,8,0.0,1,8,0.0,1,8,0.0,1,8,0.0,1,8,-0.0,1,8,-9900,?,9,-9900,?,9,12.56,E,8,12.11,E,8,98.0,E,8,822.9788000000001,E,8,999.0,E,8,1.03,E,8,-9900,?,9,-9900,?,9,0.002,E,8,-9900,?,9,-9900,?,9,0.02,99.0,E,8
01/19/2020,06:00,31.064,1412.167,0.0,1,8,0.0,1,8,0.0,1,8,0.0,1,8,0.0,1,8,0.0,1,8,0.0,1,8,-9900,?,9,-9900,?,9,12.33,E,8,12.1,E,8,99.0,E,8,822.9788000000001,E,8,999.0,E,8,1.03,E,8,-9900,?,9,-9900,?,9,0.001,E,8,-9900,?,9,-9900,?,9,0.01,99.0,E,8
01/19/2020,07:00,345.567,1412.167,48.35,1,8,0.0,1,8,48.35,1,8,5802.0,1,8,0.0,1,8,5318.5,1,8,63.176,1,8,-9900,?,9,-9900,?,9,12.1,E,8,12.09,E,8,96.0,E,8,822.9788000000001,E,8,999.0,E,8,1.03,E,8,-9900,?,9,-9900,?,9,0.0,E,8,-9900,?,9,-9900,?,9,0.0,0.0,E,8
01/19/2020,08:00,655.537,1412.167,102.43,1,8,0.0,1,8,102.43,1,8,12291.6,1,8,0.0,1,8,11267.3,1,8,70.312,1,8,-9900,?,9,-9900,?,9,14.05,E,8,12.16,E,8,90.0,E,8,822.9788000000001,E,8,999.0,E,8,1.03,E,8,-9900,?,9,-9900,?,9,0.028000000000000004,E,8,-9900,?,9,-9900,?,9,0.28,99.0,E,8
01/19/2020,09:00,933.533,1412.167,180.42,1,8,2.708,1,8,178.631,1,8,21650.4,1,8,257.248,1,8,19649.366,1,8,86.045,1,8,-9900,?,9,-9900,?,9,14.96,E,8,12.19,E,8,86.0,E,8,822.9788000000001,E,8,999.0,E,8,1.03,E,8,-9900,?,9,-9900,?,9,0.017,E,8,-9900,?,9,-9900,?,9,0.17,99.0,E,8
01/19/2020,10:00,1160.231,1412.167,280.41,1,8,9.202,1,8,272.851,1,8,33649.2,1,8,874.187,1,8,30013.585,1,8,105.725,1,8,-9900,?,9,-9900,?,9,16.06,E,8,12.23,E,8,81.0,E,8,822.9788000000001,E,8,999.0,E,8,1.03,E,8,-9900,?,9,-9900,?,9,0.001,E,8,-9900,?,9,-9900,?,9,0.01,99.0,E,8
01/19/2020,11:00,1320.086,1412.167,341.91,1,8,20.054,1,8,323.164,1,8,41029.2,1,8,1905.173,1,8,35548.041,1,8,110.046,1,8,-9900,?,9,-9900,?,9,17.05,E,8,12.26,E,8,72.0,E,8,822.9788000000001,E,8,999.0,E,8,1.03,E,8,-9900,?,9,-9900,?,9,0.0,E,8,-9900,?,9,-9900,?,9,0.0,0.0,E,8
01/19/2020,12:00,1402.165,1412.167,380.52,1,8,21.563,1,8,359.11,1,8,45662.4,1,8,2048.496,1,8,39502.067,1,8,115.124,1,8,-9900,?,9,-9900,?,9,17.87,E,8,12.29,E,8,69.0,E,8,822.9788000000001,E,8,999.0,E,8,1.03,E,8,-9900,?,9,-9900,?,9,0.0,E,8,-9900,?,9,-9900,?,9,0.0,0.0,E,8
01/19/2020,13:00,1400.85,1412.167,393.42,1,8,22.376,1,8,371.223,1,8,47210.4,1,8,2125.716,1,8,40834.582,1,8,119.119,1,8,-9900,?,9,-9900,?,9,18.5,E,8,12.31,E,8,71.0,E,8,822.9788000000001,E,8,999.0,E,8,1.03,E,8,-9900,?,9,-9900,?,9,0.005,E,8,-9900,?,9,-9900,?,9,0.05,99.0,E,8
01/19/2020,14:00,1316.217,1412.167,379.69,1,8,22.986,1,8,358.266,1,8,45562.8,1,8,2183.715,1,8,39409.294,1,8,122.358,1,8,-9900,?,9,-9900,?,9,18.93,E,8,12.33,E,8,65.0,E,8,822.9788000000001,E,8,999.0,E,8,1.03,E,8,-9900,?,9,-9900,?,9,0.0,E,8,-9900,?,9,-9900,?,9,0.0,0.0,E,8
01/19/2020,15:00,1154.028,1412.167,340.31,1,8,17.191,1,8,326.264,1,8,40837.2,1,8,1633.129,1,8,35889.001,1,8,127.102,1,8,-9900,?,9,-9900,?,9,19.15,E,8,12.34,E,8,69.0,E,8,822.9788000000001,E,8,999.0,E,8,1.03,E,8,-9900,?,9,-9900,?,9,0.01,E,8,-9900,?,9,-9900,?,9,0.1,99.0,E,8
01/19/2020,16:00,925.353,1412.167,278.13,1,8,10.693,1,8,271.126,1,8,33375.6,1,8,1015.833,1,8,29823.852,1,8,131.756,1,8,-9900,?,9,-9900,?,9,19.17,E,8,12.34,E,8,64.0,E,8,822.9788000000001,E,8,999.0,E,8,1.03,E,8,-9900,?,9,-9900,?,9,0.0,E,8,-9900,?,9,-9900,?,9,0.0,0.0,E,8
01/19/2020,17:00,645.851,1412.167,197.87,1,8,14.76,1,8,191.127,1,8,23744.4,1,8,1402.242,1,8,21023.949,1,8,133.17,1,8,-9900,?,9,-9900,?,9,18.87,E,8,12.33,E,8,70.0,E,8,822.9788000000001,E,8,999.0,E,8,1.03,E,8,-9900,?,9,-9900,?,9,0.004,E,8,-9900,?,9,-9900,?,9,0.04,99.0,E,8
01/19/2020,18:00,334.953,1412.167,106.55,1,8,30.233,1,8,99.413,1,8,12786.0,1,8,2872.092,1,8,10935.477,1,8,134.054,1,8,-9900,?,9,-9900,?,9,18.28,E,8,12.31,E,8,81.0,E,8,822.9788000000001,E,8,999.0,E,8,1.03,E,8,-9900,?,9,-9900,?,9,2.791,E,8,-9900,?,9,-9900,?,9,27.91,99.0,E,8
01/19/2020,19:00,21.272,1412.167,19.56,1,8,0.0,1,8,19.56,1,8,2347.2,1,8,0.0,1,8,2151.6,1,8,809.284,1,8,-9900,?,9,-9900,?,9,17.49,E,8,12.28,E,8,79.0,E,8,822.9788000000001,E,8,999.0,E,8,1.03,E,8,-9900,?,9,-9900,?,9,0.143,E,8,-9900,?,9,-9900,?,9,1.43,99.0,E,8
01/19/2020,20:00,0.0,1412.167,0.0,1,8,0.0,1,8,0.0,1,8,0.0,1,8,0.0,1,8,0.0,1,8,-0.0,1,8,-9900,?,9,-9900,?,9,16.88,E,8,12.26,E,8,77.0,E,8,822.9788000000001,E,8,999.0,E,8,1.03,E,8,-9900,?,9,-9900,?,9,0.008,E,8,-9900,?,9,-9900,?,9,0.08,99.0,E,8
01/19/2020,21:00,0.0,1412.167,0.0,1,8,0.0,1,8,0.0,1,8,0.0,1,8,0.0,1,8,0.0,1,8,-0.0,1,8,-9900,?,9,-9900,?,9,16.27,E,8,12.24,E,8,80.0,E,8,822.9788000000001,E,8,999.0,E,8,1.21,E,8,-9900,?,9,-9900,?,9,0.013000000000000001,E,8,-9900,?,9,-9900,?,9,0.13,99.0,E,8
01/19/2020,22:00,0.0,1412.167,0.0,1,8,0.0,1,8,0.0,1,8,0.0,1,8,0.0,1,8,0.0,1,8,-0.0,1,8,-9900,?,9,-9900,?,9,15.67,E,8,12.22,E,8,83.0,E,8,822.9788000000001,E,8,999.0,E,8,1.03,E,8,-9900,?,9,-9900,?,9,0.075,E,8,-9900,?,9,-9900,?,9,0.75,99.0,E,8
01/19/2020,23:00,0.0,1412.167,0.0,1,8,0.0,1,8,0.0,1,8,0.0,1,8,0.0,1,8,0.0,1,8,-0.0,1,8,-9900,?,9,-9900,?,9,15.06,E,8,12.2,E,8,90.0,E,8,822.9788000000001,E,8,999.0,E,8,1.67,E,8,-9900,?,9,-9900,?,9,0.101,E,8,-9900,?,9,-9900,?,9,1.01,99.0,E,8
01/19/2020,24:00,0.0,1412.167,0.0,1,8,0.0,1,8,0.0,1,8,0.0,1,8,0.0,1,8,0.0,1,8,-0.0,1,8,-9900,?,9,-9900,?,9,14.45,E,8,12.86,E,8,92.0,E,8,822.9788000000001,E,8,999.0,E,8,1.56,E,8,-9900,?,9,-9900,?,9,0.004,E,8,-9900,?,9,-9900,?,9,0.04,99.0,E,8
01/20/2020,01:00,0.0,1412.167,0.0,1,8,0.0,1,8,0.0,1,8,0.0,1,8,0.0,1,8,0.0,1,8,-0.0,1,8,-9900,?,9,-9900,?,9,14.15,E,8,12.81,E,8,93.0,E,8,822.9788000000001,E,8,999.0,E,8,1.34,E,8,-9900,?,9,-9900,?,9,0.002,E,8,-9900,?,9,-9900,?,9,0.02,99.0,E,8
01/20/2020,02:00,0.0,1412.167,0.0,1,8,0.0,1,8,0.0,1,8,0.0,1,8,0.0,1,8,0.0,1,8,-0.0,1,8,-9900,?,9,-9900,?,9,13.84,E,8,12.76,E,8,95.0,E,8,822.9788000000001,E,8,999.0,E,8,1.57,E,8,-9900,?,9,-9900,?,9,0.051000000000000004,E,8,-9900,?,9,-9900,?,9,0.51,99.0,E,8
01/20/2020,03:00,0.0,1412.167,0.0,1,8,0.0,1,8,0.0,1,8,0.0,1,8,0.0,1,8,0.0,1,8,-0.0,1,8,-9900,?,9,-9900,?,9,13.54,E,8,12.71,E,8,96.0,E,8,822.9788000000001,E,8,999.0,E,8,1.85,E,8,-9900,?,9,-9900,?,9,0.013000000000000001,E,8,-9900,?,9,-9900,?,9,0.13,99.0,E,8
01/20/2020,04:00,0.0,1411.927,0.0,1,8,0.0,1,8,0.0,1,8,0.0,1,8,0.0,1,8,0.0,1,8,-0.0,1,8,-9900,?,9,-9900,?,9,13.24,E,8,12.67,E,8,93.0,E,8,822.9788000000001,E,8,999.0,E,8,1.9,E,8,-9900,?,9,-9900,?,9,0.0,E,8,-9900,?,9,-9900,?,9,0.0,0.0,E,8
01/20/2020,05:00,0.0,1411.927,0.0,1,8,0.0,1,8,0.0,1,8,0.0,1,8,0.0,1,8,0.0,1,8,-0.0,1,8,-9900,?,9,-9900,?,9,12.97,E,8,12.62,E,8,94.0,E,8,822.9788000000001,E,8,999.0,E,8,1.25,E,8,-9900,?,9,-9900,?,9,0.0,E,8,-9900,?,9,-9900,?,9,0.0,0.0,E,8
01/20/2020,06:00,27.834,1411.927,0.0,1,8,0.0,1,8,0.0,1,8,0.0,1,8,0.0,1,8,0.0,1,8,0.0,1,8,-9900,?,9,-9900,?,9,12.77,E,8,12.59,E,8,99.0,E,8,822.9788000000001,E,8,999.0,E,8,1.25,E,8,-9900,?,9,-9900,?,9,0.003,E,8,-9900,?,9,-9900,?,9,0.03,99.0,E,8
01/20/2020,07:00,342.357,1411.927,19.8,1,8,0.0,1,8,19.8,1,8,2376.0,1,8,0.0,1,8,2178.0,1,8,26.112,1,8,-9900,?,9,-9900,?,9,12.56,E,8,12.56,E,8,96.0,E,8,822.9788000000001,E,8,999.0,E,8,1.26,E,8,-9900,?,9,-9900,?,9,0.0,E,8,-9900,?,9,-9900,?,9,0.0,0.0,E,8
01/20/2020,08:00,652.8,1411.927,101.57,1,8,0.0,1,8,101.57,1,8,12188.4,1,8,0.0,1,8,11172.7,1,8,70.003,1,8,-9900,?,9,-9900,?,9,13.79,E,8,12.75,E,8,91.0,E,8,822.9788000000001,E,8,999.0,E,8,1.25,E,8,-9900,?,9,-9900,?,9,0.0,E,8,-9900,?,9,-9900,?,9,0.0,0.0,E,8
01/20/2020,09:00,931.344,1411.927,186.74,1,8,1.799,1,8,185.554,1,8,22408.8,1,8,170.878,1,8,20410.937,1,8,89.575,1,8,-9900,?,9,-9900,?,9,14.64,E,8,12.89,E,8,87.0,E,8,822.9788000000001,E,8,999.0,E,8,1.25,E,8,-9900,?,9,-9900,?,9,0.0,E,8,-9900,?,9,-9900,?,9,0.0,0.0,E,8
01/20/2020,10:00,1158.618,1411.927,261.38,1,8,3.123,1,8,258.817,1,8,31365.6,1,8,296.708,1,8,28469.919,1,8,100.41,1,8,-9900,?,9,-9900,?,9,15.45,E,8,13.02,E,8,84.0,E,8,822.9788000000001,E,8,999.0,E,8,1.39,E,8,-9900,?,9,-9900,?,9,0.0,E,8,-9900,?,9,-9900,?,9,0.0,0.0,E,8
01/20/2020,11:00,1319.039,1411.927,318.99,1,8,7.508,1,8,311.977,1,8,38278.8,1,8,713.216,1,8,34317.433,1,8,106.303,1,8,-9900,?,9,-9900,?,9,16.16,E,8,13.13,E,8,81.0,E,8,822.9788000000001,E,8,999.0,E,8,1.25,E,8,-9900,?,9,-9900,?,9,0.0,E,8,-9900,?,9,-9900,?,9,0.0,0.0,E,8
01/20/2020,12:00,1401.633,1411.927,355.2,1,8,20.352,1,8,334.996,1,8,42624.0,1,8,1933.455,1,8,36849.594,1,8,107.416,1,8,-9900,?,9,-9900,?,9,16.76,E,8,13.22,E,8,79.0,E,8,822.9788000000001,E,8,999.0,E,8,1.25,E,8,-9900,?,9,-9900,?,9,0.0,E,8,-9900,?,9,-9900,?,9,0.0,0.0,E,8
01/20/2020,13:00,1400.747,1411.927,367.39,1,8,20.891,1,8,346.664,1,8,44086.8,1,8,1984.687,1,8,38133.048,1,8,111.228,1,8,-9900,?,9,-9900,?,9,17.22,E,8,13.29,E,8,81.0,E,8,822.9788000000001,E,8,999.0,E,8,1.25,E,8,-9900,?,9,-9900,?,9,0.001,E,8,-9900,?,9,-9900,?,9,0.01,99.0,E,8
01/20/2020,14:00,1316.426,1411.927,354.68,1,8,20.905,1,8,335.19,1,8,42561.6,1,8,1985.948,1,8,36870.911,1,8,114.44,1,8,-9900,?,9,-9900,?,9,17.54,E,8,13.34,E,8,80.0,E,8,822.9788000000001,E,8,999.0,E,8,1.25,E,8,-9900,?,9,-9900,?,9,0.009,E,8,-9900,?,9,-9900,?,9,0.09,99.0,E,8
01/20/2020,15:00,1154.414,1411.927,317.97,1,8,14.892,1,8,305.796,1,8,38156.4,1,8,1414.748,1,8,33637.534,1,8,119.068,1,8,-9900,?,9,-9900,?,9,17.7,E,8,13.37,E,8,75.0,E,8,822.9788000000001,E,8,999.0,E,8,1.25,E,8,-9900,?,9,-9900,?,9,0.0,E,8,-9900,?,9,-9900,?,9,0.0,0.0,E,8
01/20/2020,16:00,925.764,1411.927,259.93,1,8,8.519,1,8,254.347,1,8,31191.6,1,8,809.29,1,8,27978.124,1,8,123.526,1,8,-9900,?,9,-9900,?,9,17.71,E,8,13.37,E,8,75.0,E,8,822.9788000000001,E,8,999.0,E,8,1.27,E,8,-9900,?,9,-9900,?,9,0.0,E,8,-9900,?,9,-9900,?,9,0.0,0.0,E,8
01/20/2020,17:00,646.136,1411.927,184.95,1,8,10.283,1,8,180.249,1,8,22194.0,1,8,976.923,1,8,19827.414,1,8,125.514,1,8,-9900,?,9,-9900,?,9,17.5,E,8,13.34,E,8,76.0,E,8,822.9788000000001,E,8,999.0,E,8,1.38,E,8,-9900,?,9,-9900,?,9,0.0,E,8,-9900,?,9,-9900,?,9,0.0,0.0,E,8
01/20/2020,18:00,334.971,1411.927,99.59,1,8,13.978,1,8,96.29,1,8,11950.8,1,8,1327.943,1,8,10591.854,1,8,129.813,1,8,-9900,?,9,-9900,?,9,17.07,E,8,13.27,E,8,82.0,E,8,822.9788000000001,E,8,999.0,E,8,1.64,E,8,-9900,?,9,-9900,?,9,0.017,E,8,-9900,?,9,-9900,?,9,0.17,99.0,E,8
01/20/2020,19:00,20.942,1411.927,18.25,1,8,0.0,1,8,18.25,1,8,2190.0,1,8,0.0,1,8,2007.5,1,8,781.899,1,8,-9900,?,9,-9900,?,9,16.5,E,8,13.18,E,8,84.0,E,8,822.9788000000001,E,8,999.0,E,8,1.25,E,8,-9900,?,9,-9900,?,9,0.034,E,8,-9900,?,9,-9900,?,9,0.34,99.0,E,8
01/20/2020,20:00,0.0,1411.927,0.0,1,8,0.0,1,8,0.0,1,8,0.0,1,8,0.0,1,8,0.0,1,8,-0.0,1,8,-9900,?,9,-9900,?,9,16.02,E,8,13.11,E,8,94.0,E,8,822.9788000000001,E,8,999.0,E,8,1.25,E,8,-9900,?,9,-9900,?,9,1.244,E,8,-9900,?,9,-9900,?,9,12.44,99.0,E,8
01/20/2020,21:00,0.0,1411.927,0.0,1,8,0.0,1,8,0.0,1,8,0.0,1,8,0.0,1,8,0.0,1,8,-0.0,1,8,-9900,?,9,-9900,?,9,15.55,E,8,13.03,E,8,87.0,E,8,822.9788000000001,E,8,999.0,E,8,1.25,E,8,-9900,?,9,-9900,?,9,0.091,E,8,-9900,?,9,-9900,?,9,0.91,99.0,E,8
01/20/2020,22:00,0.0,1411.927,0.0,1,8,0.0,1,8,0.0,1,8,0.0,1,8,0.0,1,8,0.0,1,8,-0.0,1,8,-9900,?,9,-9900,?,9,15.07,E,8,12.96,E,8,89.0,E,8,822.9788000000001,E,8,999.0,E,8,1.25,E,8,-9900,?,9,-9900,?,9,0.024,E,8,-9900,?,9,-9900,?,9,0.24,99.0,E,8
01/20/2020,23:00,0.0,1411.927,0.0,1,8,0.0,1,8,0.0,1,8,0.0,1,8,0.0,1,8,0.0,1,8,-0.0,1,8,-9900,?,9,-9900,?,9,14.59,E,8,12.88,E,8,91.0,E,8,822.9788000000001,E,8,999.0,E,8,1.25,E,8,-9900,?,9,-9900,?,9,0.006,E,8,-9900,?,9,-9900,?,9,0.06,99.0,E,8
01/20/2020,24:00,0.0,1411.927,0.0,1,8,0.0,1,8,0.0,1,8,0.0,1,8,0.0,1,8,0.0,1,8,-0.0,1,8,-9900,?,9,-9900,?,9,14.12,E,8,12.84,E,8,93.0,E,8,822.9788000000001,E,8,999.0,E,8,0.96,E,8,-9900,?,9,-9900,?,9,0.006,E,8,-9900,?,9,-9900,?,9,0.06,99.0,E,8
01/21/2020,01:00,0.0,1411.927,0.0,1,8,0.0,1,8,0.0,1,8,0.0,1,8,0.0,1,8,0.0,1,8,-0.0,1,8,-9900,?,9,-9900,?,9,13.88,E,8,12.81,E,8,94.0,E,8,822.9788000000001,E,8,999.0,E,8,1.28,E,8,-9900,?,9,-9900,?,9,0.009,E,8,-9900,?,9,-9900,?,9,0.09,99.0,E,8
01/21/2020,02:00,0.0,1411.927,0.0,1,8,0.0,1,8,0.0,1,8,0.0,1,8,0.0,1,8,0.0,1,8,-0.0,1,8,-9900,?,9,-9900,?,9,13.64,E,8,12.78,E,8,95.0,E,8,822.9788000000001,E,8,999.0,E,8,1.04,E,8,-9900,?,9,-9900,?,9,0.003,E,8,-9900,?,9,-9900,?,9,0.03,99.0,E,8
01/21/2020,03:00,0.0,1411.927,0.0,1,8,0.0,1,8,0.0,1,8,0.0,1,8,0.0,1,8,0.0,1,8,-0.0,1,8,-9900,?,9,-9900,?,9,13.4,E,8,12.74,E,8,97.0,E,8,822.9788000000001,E,8,999.0,E,8,1.96,E,8,-9900,?,9,-9900,?,9,0.051000000000000004,E,8,-9900,?,9,-9900,?,9,0.51,99.0,E,8
01/21/2020,04:00,0.0,1411.672,0.0,1,8,0.0,1,8,0.0,1,8,0.0,1,8,0.0,1,8,0.0,1,8,-0.0,1,8,-9900,?,9,-9900,?,9,13.17,E,8,12.71,E,8,98.0,E,8,822.9788000000001,E,8,999.0,E,8,2.11,E,8,-9900,?,9,-9900,?,9,0.017,E,8,-9900,?,9,-9900,?,9,0.17,99.0,E,8
01/21/2020,05:00,0.0,1411.672,0.0,1,8,0.0,1,8,0.0,1,8,0.0,1,8,0.0,1,8,0.0,1,8,-0.0,1,8,-9900,?,9,-9900,?,9,12.95,E,8,12.68,E,8,99.0,E,8,822.9788000000001,E,8,999.0,E,8,1.48,E,8,-9900,?,9,-9900,?,9,0.034,E,8,-9900,?,9,-9900,?,9,0.34,99.0,E,8
01/21/2020,06:00,24.629,1411.672,0.0,1,8,0.0,1,8,0.0,1,8,0.0,1,8,0.0,1,8,0.0,1,8,0.0,1,8,-9900,?,9,-9900,?,9,12.8,E,8,12.66,E,8,99.0,E,8,822.9788000000001,E,8,999.0,E,8,0.96,E,8,-9900,?,9,-9900,?,9,0.013000000000000001,E,8,-9900,?,9,-9900,?,9,0.13,99.0,E,8
01/21/2020,07:00,339.155,1411.672,21.56,1,8,0.0,1,8,21.56,1,8,2587.2,1,8,0.0,1,8,2371.6,1,8,28.699,1,8,-9900,?,9,-9900,?,9,12.64,E,8,12.63,E,8,96.0,E,8,822.9788000000001,E,8,999.0,E,8,0.96,E,8,-9900,?,9,-9900,?,9,0.0,E,8,-9900,?,9,-9900,?,9,0.0,0.0,E,8
01/21/2020,08:00,650.07,1411.672,113.65,1,8,0.0,1,8,113.65,1,8,13638.0,1,8,0.0,1,8,12501.5,1,8,78.644,1,8,-9900,?,9,-9900,?,9,14.17,E,8,12.85,E,8,89.0,E,8,822.9788000000001,E,8,999.0,E,8,0.96,E,8,-9900,?,9,-9900,?,9,0.0,E,8,-9900,?,9,-9900,?,9,0.0,0.0,E,8
01/21/2020,09:00,929.157,1411.672,209.83,1,8,2.365,1,8,208.274,1,8,25179.6,1,8,224.644,1,8,22910.16,1,8,100.762,1,8,-9900,?,9,-9900,?,9,15.24,E,8,13.0,E,8,84.0,E,8,822.9788000000001,E,8,999.0,E,8,0.96,E,8,-9900,?,9,-9900,?,9,0.0,E,8,-9900,?,9,-9900,?,9,0.0,0.0,E,8
01/21/2020,10:00,1157.001,1411.672,294.18,1,8,9.823,1,8,286.13,1,8,35301.6,1,8,933.179,1,8,31474.334,1,8,111.142,1,8,-9900,?,9,-9900,?,9,16.26,E,8,13.14,E,8,80.0,E,8,822.9788000000001,E,8,999.0,E,8,0.96,E,8,-9900,?,9,-9900,?,9,0.0,E,8,-9900,?,9,-9900,?,9,0.0,0.0,E,8
01/21/2020,11:00,1317.976,1411.672,359.34,1,8,21.216,1,8,339.533,1,8,43120.8,1,8,2015.55,1,8,37348.598,1,8,115.765,1,8,-9900,?,9,-9900,?,9,17.16,E,8,13.27,E,8,77.0,E,8,822.9788000000001,E,8,999.0,E,8,0.96,E,8,-9900,?,9,-9900,?,9,0.0,E,8,-9900,?,9,-9900,?,9,0.0,0.0,E,8
01/21/2020,12:00,1401.07,1411.672,400.35,1,8,36.096,1,8,364.525,1,8,48042.0,1,8,3429.128,1,8,40097.766,1,8,116.91,1,8,-9900,?,9,-9900,?,9,17.92,E,8,13.37,E,8,74.0,E,8,822.9788000000001,E,8,999.0,E,8,0.96,E,8,-9900,?,9,-9900,?,9,0.0,E,8,-9900,?,9,-9900,?,9,0.0,0.0,E,8
01/21/2020,13:00,1400.597,1411.672,259.33,1,8,3.047,1,8,256.307,1,8,31119.6,1,8,289.419,1,8,28193.814,1,8,82.231,1,8,-9900,?,9,-9900,?,9,18.01,E,8,13.39,E,8,73.0,E,8,822.9788000000001,E,8,999.0,E,8,0.96,E,8,-9900,?,9,-9900,?,9,0.0,E,8,-9900,?,9,-9900,?,9,0.0,0.0,E,8
01/21/2020,14:00,1316.573,1411.672,400.04,1,8,39.817,1,8,362.907,1,8,48004.8,1,8,3782.604,1,8,39919.777,1,8,123.866,1,8,-9900,?,9,-9900,?,9,18.47,E,8,13.45,E,8,72.0,E,8,822.9788000000001,E,8,999.0,E,8,0.96,E,8,-9900,?,9,-9900,?,9,0.0,E,8,-9900,?,9,-9900,?,9,0.0,0.0,E,8
01/21/2020,15:00,1154.719,1411.672,358.72,1,8,19.572,1,8,342.713,1,8,43046.4,1,8,1859.315,1,8,37698.434,1,8,133.383,1,8,-9900,?,9,-9900,?,9,18.72,E,8,13.48,E,8,71.0,E,8,822.9788000000001,E,8,999.0,E,8,0.96,E,8,-9900,?,9,-9900,?,9,0.0,E,8,-9900,?,9,-9900,?,9,0.0,0.0,E,8
01/21/2020,16:00,926.081,1411.672,293.29,1,8,12.878,1,8,284.845,1,8,35194.8,1,8,1223.437,1,8,31332.94,1,8,138.265,1,8,-9900,?,9,-9900,?,9,18.78,E,8,13.49,E,8,71.0,E,8,822.9788000000001,E,8,999.0,E,8,0.96,E,8,-9900,?,9,-9900,?,9,0.0,E,8,-9900,?,9,-9900,?,9,0.0,0.0,E,8
01/21/2020,17:00,646.315,1411.672,208.71,1,8,19.151,1,8,199.952,1,8,25045.2,1,8,1819.368,1,8,21994.666,1,8,139.169,1,8,-9900,?,9,-9900,?,9,18.56,E,8,13.46,E,8,72.0,E,8,822.9788000000001,E,8,999.0,E,8,0.96,E,8,-9900,?,9,-9900,?,9,0.0,E,8,-9900,?,9,-9900,?,9,0.0,0.0,E,8
01/21/2020,18:00,334.874,1411.672,112.37,1,8,64.215,1,8,97.21,1,8,13484.4,1,8,6100.434,1,8,10693.089,1,8,131.068,1,8,-9900,?,9,-9900,?,9,18.07,E,8,13.4,E,8,78.0,E,8,822.9788000000001,E,8,999.0,E,8,0.96,E,8,-9900,?,9,-9900,?,9,0.002,E,8,-9900,?,9,-9900,?,9,0.02,99.0,E,8
01/21/2020,19:00,20.507,1411.672,20.54,1,8,0.0,1,8,20.54,1,8,2464.8,1,8,0.0,1,8,2259.4,1,8,923.326,1,8,-9900,?,9,-9900,?,9,17.38,E,8,13.3,E,8,80.0,E,8,822.9788000000001,E,8,999.0,E,8,0.96,E,8,-9900,?,9,-9900,?,9,0.004,E,8,-9900,?,9,-9900,?,9,0.04,99.0,E,8
01/21/2020,20:00,0.0,1411.672,0.0,1,8,0.0,1,8,0.0,1,8,0.0,1,8,0.0,1,8,0.0,1,8,-0.0,1,8,-9900,?,9,-9900,?,9,16.8,E,8,13.22,E,8,82.0,E,8,822.9788000000001,E,8,999.0,E,8,0.96,E,8,-9900,?,9,-9900,?,9,0.001,E,8,-9900,?,9,-9900,?,9,0.01,99.0,E,8
01/21/2020,21:00,0.0,1411.672,0.0,1,8,0.0,1,8,0.0,1,8,0.0,1,8,0.0,1,8,0.0,1,8,-0.0,1,8,-9900,?,9,-9900,?,9,16.22,E,8,13.14,E,8,85.0,E,8,822.9788000000001,E,8,999.0,E,8,0.96,E,8,-9900,?,9,-9900,?,9,0.024,E,8,-9900,?,9,-9900,?,9,0.24,99.0,E,8
01/21/2020,22:00,0.0,1411.672,0.0,1,8,0.0,1,8,0.0,1,8,0.0,1,8,0.0,1,8,0.0,1,8,-0.0,1,8,-9900,?,9,-9900,?,9,15.64,E,8,13.06,E,8,87.0,E,8,822.9788000000001,E,8,999.0,E,8,0.96,E,8,-9900,?,9,-9900,?,9,0.091,E,8,-9900,?,9,-9900,?,9,0.91,99.0,E,8
01/21/2020,23:00,0.0,1411.672,0.0,1,8,0.0,1,8,0.0,1,8,0.0,1,8,0.0,1,8,0.0,1,8,-0.0,1,8,-9900,?,9,-9900,?,9,15.06,E,8,12.98,E,8,98.0,E,8,822.9788000000001,E,8,999.0,E,8,0.96,E,8,-9900,?,9,-9900,?,9,1.244,E,8,-9900,?,9,-9900,?,9,12.44,99.0,E,8
01/21/2020,24:00,0.0,1411.672,0.0,1,8,0.0,1,8,0.0,1,8,0.0,1,8,0.0,1,8,0.0,1,8,-0.0,1,8,-9900,?,9,-9900,?,9,14.48,E,8,13.45,E,8,91.0,E,8,822.9788000000001,E,8,999.0,E,8,1.05,E,8,-9900,?,9,-9900,?,9,0.0,E,8,-9900,?,9,-9900,?,9,0.0,0.0,E,8
01/22/2020,01:00,0.0,1411.672,0.0,1,8,0.0,1,8,0.0,1,8,0.0,1,8,0.0,1,8,0.0,1,8,-0.0,1,8,-9900,?,9,-9900,?,9,14.19,E,8,13.32,E,8,96.0,E,8,822.9788000000001,E,8,999.0,E,8,1.05,E,8,-9900,?,9,-9900,?,9,0.039,E,8,-9900,?,9,-9900,?,9,0.39,99.0,E,8
01/22/2020,02:00,0.0,1411.672,0.0,1,8,0.0,1,8,0.0,1,8,0.0,1,8,0.0,1,8,0.0,1,8,-0.0,1,8,-9900,?,9,-9900,?,9,13.9,E,8,13.2,E,8,97.0,E,8,822.9788000000001,E,8,999.0,E,8,1.05,E,8,-9900,?,9,-9900,?,9,0.013000000000000001,E,8,-9900,?,9,-9900,?,9,0.13,99.0,E,8
01/22/2020,03:00,0.0,1411.672,0.0,1,8,0.0,1,8,0.0,1,8,0.0,1,8,0.0,1,8,0.0,1,8,-0.0,1,8,-9900,?,9,-9900,?,9,13.61,E,8,13.08,E,8,98.0,E,8,822.9788000000001,E,8,999.0,E,8,1.05,E,8,-9900,?,9,-9900,?,9,0.004,E,8,-9900,?,9,-9900,?,9,0.04,99.0,E,8
01/22/2020,04:00,0.0,1411.403,0.0,1,8,0.0,1,8,0.0,1,8,0.0,1,8,0.0,1,8,0.0,1,8,-0.0,1,8,-9900,?,9,-9900,?,9,13.32,E,8,12.95,E,8,99.0,E,8,822.9788000000001,E,8,999.0,E,8,1.05,E,8,-9900,?,9,-9900,?,9,0.018,E,8,-9900,?,9,-9900,?,9,0.18,99.0,E,8
01/22/2020,05:00,0.0,1411.403,0.0,1,8,0.0,1,8,0.0,1,8,0.0,1,8,0.0,1,8,0.0,1,8,-0.0,1,8,-9900,?,9,-9900,?,9,13.06,E,8,12.84,E,8,99.0,E,8,822.9788000000001,E,8,999.0,E,8,1.05,E,8,-9900,?,9,-9900,?,9,0.006,E,8,-9900,?,9,-9900,?,9,0.06,99.0,E,8
01/22/2020,06:00,21.452,1411.403,0.0,1,8,0.0,1,8,0.0,1,8,0.0,1,8,0.0,1,8,0.0,1,8,0.0,1,8,-9900,?,9,-9900,?,9,12.87,E,8,12.75,E,8,96.0,E,8,822.9788000000001,E,8,999.0,E,8,1.05,E,8,-9900,?,9,-9900,?,9,0.0,E,8,-9900,?,9,-9900,?,9,0.0,0.0,E,8
01/22/2020,07:00,335.96,1411.403,16.29,1,8,0.0,1,8,16.29,1,8,1954.8,1,8,0.0,1,8,1791.9,1,8,21.888,1,8,-9900,?,9,-9900,?,9,12.68,E,8,12.67,E,8,96.0,E,8,822.9788000000001,E,8,999.0,E,8,1.05,E,8,-9900,?,9,-9900,?,9,0.0,E,8,-9900,?,9,-9900,?,9,0.0,0.0,E,8
01/22/2020,08:00,647.348,1411.403,88.28,1,8,0.0,1,8,88.28,1,8,10593.6,1,8,0.0,1,8,9710.8,1,8,61.334,1,8,-9900,?,9,-9900,?,9,13.79,E,8,13.15,E,8,93.0,E,8,822.9788000000001,E,8,999.0,E,8,1.05,E,8,-9900,?,9,-9900,?,9,0.0,E,8,-9900,?,9,-9900,?,9,0.0,0.0,E,8
01/22/2020,09:00,926.974,1411.403,163.69,1,8,1.255,1,8,162.866,1,8,19642.8,1,8,119.221,1,8,17915.27,1,8,78.965,1,8,-9900,?,9,-9900,?,9,14.59,E,8,13.49,E,8,95.0,E,8,822.9788000000001,E,8,999.0,E,8,1.05,E,8,-9900,?,9,-9900,?,9,0.009,E,8,-9900,?,9,-9900,?,9,0.09,99.0,E,8
01/22/2020,10:00,1155.378,1411.403,229.87,1,8,5.455,1,8,225.405,1,8,27584.4,1,8,518.261,1,8,24794.534,1,8,87.66,1,8,-9900,?,9,-9900,?,9,15.34,E,8,13.8,E,8,93.0,E,8,822.9788000000001,E,8,999.0,E,8,1.05,E,8,-9900,?,9,-9900,?,9,0.001,E,8,-9900,?,9,-9900,?,9,0.01,99.0,E,8
01/22/2020,11:00,1316.896,1411.403,281.02,1,8,6.902,1,8,274.581,1,8,33722.4,1,8,655.681,1,8,30203.858,1,8,93.678,1,8,-9900,?,9,-9900,?,9,16.01,E,8,14.08,E,8,91.0,E,8,822.9788000000001,E,8,999.0,E,8,1.05,E,8,-9900,?,9,-9900,?,9,0.003,E,8,-9900,?,9,-9900,?,9,0.03,99.0,E,8
01/22/2020,12:00,1400.476,1411.403,313.27,1,8,7.533,1,8,305.796,1,8,37592.4,1,8,715.609,1,8,33637.518,1,8,98.098,1,8,-9900,?,9,-9900,?,9,16.57,E,8,14.3,E,8,98.0,E,8,822.9788000000001,E,8,999.0,E,8,1.05,E,8,-9900,?,9,-9900,?,9,1.009,E,8,-9900,?,9,-9900,?,9,10.09,99.0,E,8
01/22/2020,13:00,1400.399,1411.403,324.27,1,8,4.799,1,8,319.508,1,8,38912.4,1,8,455.921,1,8,35145.91,1,8,102.502,1,8,-9900,?,9,-9900,?,9,17.01,E,8,14.48,E,8,88.0,E,8,822.9788000000001,E,8,999.0,E,8,1.05,E,8,-9900,?,9,-9900,?,9,0.002,E,8,-9900,?,9,-9900,?,9,0.02,99.0,E,8
01/22/2020,14:00,1316.654,1411.403,204.61,1,8,2.364,1,8,202.405,1,8,24553.2,1,8,224.557,1,8,22264.552,1,8,69.067,1,8,-9900,?,9,-9900,?,9,17.01,E,8,14.48,E,8,84.0,E,8,822.9788000000001,E,8,999.0,E,8,1.05,E,8,-9900,?,9,-9900,?,9,0.0,E,8,-9900,?,9,-9900,?,9,0.0,0.0,E,8
01/22/2020,15:00,1154.943,1411.403,411.96,1,8,20.192,1,8,395.439,1,8,49435.2,1,8,1918.261,1,8,43498.314,1,8,153.845,1,8,-9900,?,9,-9900,?,9,17.51,E,8,14.68,E,8,83.0,E,8,822.9788000000001,E,8,999.0,E,8,1.05,E,8,-9900,?,9,-9900,?,9,0.0,E,8,-9900,?,9,-9900,?,9,0.0,0.0,E,8
01/22/2020,16:00,926.302,1411.403,270.7,1,8,9.708,1,8,264.331,1,8,32484.0,1,8,922.298,1,8,29076.395,1,8,128.252,1,8,-9900,?,9,-9900,?,9,17.61,E,8,14.71,E,8,83.0,E,8,822.9788000000001,E,8,999.0,E,8,1.05,E,8,-9900,?,9,-9900,?,9,0.0,E,8,-9900,?,9,-9900,?,9,0.0,0.0,E,8
01/22/2020,17:00,646.387,1411.403,175.67,1,8,7.982,1,8,172.019,1,8,21080.4,1,8,758.279,1,8,18922.037,1,8,119.691,1,8,-9900,?,9,-9900,?,9,17.43,E,8,14.65,E,8,83.0,E,8,822.9788000000001,E,8,999.0,E,8,1.05,E,8,-9900,?,9,-9900,?,9,0.0,E,8,-9900,?,9,-9900,?,9,0.0,0.0,E,8
01/22/2020,18:00,334.661,1411.403,88.0,1,8,3.535,1,8,87.166,1,8,10560.0,1,8,335.797,1,8,9588.248,1,8,117.578,1,8,-9900,?,9,-9900,?,9,17.01,E,8,14.48,E,8,84.0,E,8,822.9788000000001,E,8,999.0,E,8,1.05,E,8,-9900,?,9,-9900,?,9,0.0,E,8,-9900,?,9,-9900,?,9,0.0,0.0,E,8
01/22/2020,19:00,19.968,1411.403,16.02,1,8,0.0,1,8,16.02,1,8,1922.4,1,8,0.0,1,8,1762.2,1,8,767.124,1,8,-9900,?,9,-9900,?,9,16.46,E,8,14.26,E,8,86.0,E,8,822.9788000000001,E,8,999.0,E,8,1.05,E,8,-9900,?,9,-9900,?,9,0.0,E,8,-9900,?,9,-9900,?,9,0.0,0.0,E,8
01/22/2020,20:00,0.0,1411.403,0.0,1,8,0.0,1,8,0.0,1,8,0.0,1,8,0.0,1,8,0.0,1,8,-0.0,1,8,-9900,?,9,-9900,?,9,15.89,E,8,14.03,E,8,87.0,E,8,822.9788000000001,E,8,999.0,E,8,1.05,E,8,-9900,?,9,-9900,?,9,0.0,E,8,-9900,?,9,-9900,?,9,0.0,0.0,E,8
01/22/2020,21:00,0.0,1411.403,0.0,1,8,0.0,1,8,0.0,1,8,0.0,1,8,0.0,1,8,0.0,1,8,-0.0,1,8,-9900,?,9,-9900,?,9,15.33,E,8,13.8,E,8,89.0,E,8,822.9788000000001,E,8,999.0,E,8,1.05,E,8,-9900,?,9,-9900,?,9,0.0,E,8,-9900,?,9,-9900,?,9,0.0,0.0,E,8
01/22/2020,22:00,0.0,1411.403,0.0,1,8,0.0,1,8,0.0,1,8,0.0,1,8,0.0,1,8,0.0,1,8,-0.0,1,8,-9900,?,9,-9900,?,9,14.76,E,8,13.56,E,8,95.0,E,8,822.9788000000001,E,8,999.0,E,8,1.52,E,8,-9900,?,9,-9900,?,9,0.071,E,8,-9900,?,9,-9900,?,9,0.71,99.0,E,8
01/22/2020,23:00,0.0,1411.403,0.0,1,8,0.0,1,8,0.0,1,8,0.0,1,8,0.0,1,8,0.0,1,8,-0.0,1,8,-9900,?,9,-9900,?,9,14.2,E,8,13.33,E,8,96.0,E,8,822.9788000000001,E,8,999.0,E,8,1.5,E,8,-9900,?,9,-9900,?,9,0.026000000000000002,E,8,-9900,?,9,-9900,?,9,0.26,99.0,E,8
01/22/2020,24:00,0.0,1411.403,0.0,1,8,0.0,1,8,0.0,1,8,0.0,1,8,0.0,1,8,0.0,1,8,-0.0,1,8,-9900,?,9,-9900,?,9,13.63,E,8,11.85,E,8,93.0,E,8,822.9788000000001,E,8,999.0,E,8,1.03,E,8,-9900,?,9,-9900,?,9,0.004,E,8,-9900,?,9,-9900,?,9,0.04,99.0,E,8
01/23/2020,01:00,0.0,1411.403,0.0,1,8,0.0,1,8,0.0,1,8,0.0,1,8,0.0,1,8,0.0,1,8,-0.0,1,8,-9900,?,9,-9900,?,9,13.35,E,8,11.78,E,8,95.0,E,8,822.9788000000001,E,8,999.0,E,8,0.9,E,8,-9900,?,9,-9900,?,9,0.005,E,8,-9900,?,9,-9900,?,9,0.05,99.0,E,8
01/23/2020,02:00,0.0,1411.403,0.0,1,8,0.0,1,8,0.0,1,8,0.0,1,8,0.0,1,8,0.0,1,8,-0.0,1,8,-9900,?,9,-9900,?,9,13.07,E,8,11.71,E,8,96.0,E,8,822.9788000000001,E,8,999.0,E,8,1.32,E,8,-9900,?,9,-9900,?,9,0.001,E,8,-9900,?,9,-9900,?,9,0.01,99.0,E,8
01/23/2020,03:00,0.0,1411.403,0.0,1,8,0.0,1,8,0.0,1,8,0.0,1,8,0.0,1,8,0.0,1,8,-0.0,1,8,-9900,?,9,-9900,?,9,12.79,E,8,11.65,E,8,92.0,E,8,822.9788000000001,E,8,999.0,E,8,0.9,E,8,-9900,?,9,-9900,?,9,0.0,E,8,-9900,?,9,-9900,?,9,0.0,0.0,E,8
01/23/2020,04:00,0.0,1411.119,0.0,1,8,0.0,1,8,0.0,1,8,0.0,1,8,0.0,1,8,0.0,1,8,-0.0,1,8,-9900,?,9,-9900,?,9,12.5,E,8,11.58,E,8,94.0,E,8,822.9788000000001,E,8,999.0,E,8,0.9,E,8,-9900,?,9,-9900,?,9,0.0,E,8,-9900,?,9,-9900,?,9,0.0,0.0,E,8
01/23/2020,05:00,0.0,1411.119,0.0,1,8,0.0,1,8,0.0,1,8,0.0,1,8,0.0,1,8,0.0,1,8,-0.0,1,8,-9900,?,9,-9900,?,9,12.25,E,8,11.51,E,8,95.0,E,8,822.9788000000001,E,8,999.0,E,8,1.03,E,8,-9900,?,9,-9900,?,9,0.0,E,8,-9900,?,9,-9900,?,9,0.0,0.0,E,8
01/23/2020,06:00,18.306,1411.119,0.0,1,8,0.0,1,8,0.0,1,8,0.0,1,8,0.0,1,8,0.0,1,8,0.0,1,8,-9900,?,9,-9900,?,9,12.07,E,8,11.47,E,8,96.0,E,8,822.9788000000001,E,8,999.0,E,8,0.95,E,8,-9900,?,9,-9900,?,9,0.0,E,8,-9900,?,9,-9900,?,9,0.0,0.0,E,8
01/23/2020,07:00,332.776,1411.119,17.56,1,8,0.0,1,8,17.56,1,8,2107.2,1,8,0.0,1,8,1931.6,1,8,23.817,1,8,-9900,?,9,-9900,?,9,11.88,E,8,11.42,E,8,97.0,E,8,822.9788000000001,E,8,999.0,E,8,1.28,E,8,-9900,?,9,-9900,?,9,0.0,E,8,-9900,?,9,-9900,?,9,0.0,0.0,E,8
01/23/2020,08:00,644.636,1411.119,95.17,1,8,0.0,1,8,95.17,1,8,11420.4,1,8,0.0,1,8,10468.7,1,8,66.387,1,8,-9900,?,9,-9900,?,9,13.31,E,8,11.77,E,8,90.0,E,8,822.9788000000001,E,8,999.0,E,8,1.04,E,8,-9900,?,9,-9900,?,9,0.0,E,8,-9900,?,9,-9900,?,9,0.0,0.0,E,8
01/23/2020,09:00,924.796,1411.119,182.43,1,8,1.692,1,8,181.321,1,8,21891.6,1,8,160.748,1,8,19945.365,1,8,88.102,1,8,-9900,?,9,-9900,?,9,14.37,E,8,12.02,E,8,85.0,E,8,822.9788000000001,E,8,999.0,E,8,2.56,E,8,-9900,?,9,-9900,?,9,0.0,E,8,-9900,?,9,-9900,?,9,0.0,0.0,E,8
01/23/2020,10:00,1153.751,1411.119,256.6,1,8,3.061,1,8,254.098,1,8,30792.0,1,8,290.789,1,8,27950.747,1,8,98.939,1,8,-9900,?,9,-9900,?,9,15.37,E,8,12.26,E,8,81.0,E,8,822.9788000000001,E,8,999.0,E,8,2.64,E,8,-9900,?,9,-9900,?,9,0.0,E,8,-9900,?,9,-9900,?,9,0.0,0.0,E,8
01/23/2020,11:00,1315.797,1411.119,313.97,1,8,4.26,1,8,309.998,1,8,37676.4,1,8,404.744,1,8,34099.726,1,8,105.828,1,8,-9900,?,9,-9900,?,9,16.26,E,8,12.46,E,8,83.0,E,8,822.9788000000001,E,8,999.0,E,8,2.02,E,8,-9900,?,9,-9900,?,9,0.016,E,8,-9900,?,9,-9900,?,9,0.16,99.0,E,8
01/23/2020,12:00,1399.848,1411.119,407.03,1,8,23.388,1,8,383.829,1,8,48843.6,1,8,2221.82,1,8,42221.227,1,8,123.161,1,8,-9900,?,9,-9900,?,9,17.25,E,8,12.69,E,8,84.0,E,8,822.9788000000001,E,8,999.0,E,8,0.96,E,8,-9900,?,9,-9900,?,9,0.259,E,8,-9900,?,9,-9900,?,9,2.59,99.0,E,8
01/23/2020,13:00,1400.15,1411.119,401.32,1,8,22.936,1,8,378.562,1,8,48158.4,1,8,2178.967,1,8,41641.81,1,8,121.445,1,8,-9900,?,9,-9900,?,9,17.94,E,8,12.85,E,8,77.0,E,8,822.9788000000001,E,8,999.0,E,8,1.25,E,8,-9900,?,9,-9900,?,9,0.009,E,8,-9900,?,9,-9900,?,9,0.09,99.0,E,8
01/23/2020,14:00,1316.667,1411.119,350.37,1,8,20.601,1,8,331.148,1,8,42044.4,1,8,1957.14,1,8,36426.314,1,8,112.974,1,8,-9900,?,9,-9900,?,9,18.29,E,8,12.93,E,8,70.0,E,8,822.9788000000001,E,8,999.0,E,8,1.4,E,8,-9900,?,9,-9900,?,9,0.0,E,8,-9900,?,9,-9900,?,9,0.0,0.0,E,8
01/23/2020,15:00,1155.083,1411.119,314.3,1,8,14.558,1,8,302.385,1,8,37716.0,1,8,1383.048,1,8,33262.331,1,8,117.604,1,8,-9900,?,9,-9900,?,9,18.46,E,8,12.96,E,8,70.0,E,8,822.9788000000001,E,8,999.0,E,8,0.99,E,8,-9900,?,9,-9900,?,9,0.0,E,8,-9900,?,9,-9900,?,9,0.0,0.0,E,8
01/23/2020,16:00,926.425,1411.119,257.04,1,8,8.203,1,8,251.657,1,8,30844.8,1,8,779.274,1,8,27682.242,1,8,122.062,1,8,-9900,?,9,-9900,?,9,18.45,E,8,12.96,E,8,75.0,E,8,822.9788000000001,E,8,999.0,E,8,0.9,E,8,-9900,?,9,-9900,?,9,0.001,E,8,-9900,?,9,-9900,?,9,0.01,99.0,E,8
01/23/2020,17:00,646.349,1411.119,182.91,1,8,9.64,1,8,178.499,1,8,21949.2,1,8,915.825,1,8,19634.916,1,8,124.183,1,8,-9900,?,9,-9900,?,9,18.15,E,8,12.89,E,8,76.0,E,8,822.9788000000001,E,8,999.0,E,8,0.9,E,8,-9900,?,9,-9900,?,9,0.002,E,8,-9900,?,9,-9900,?,9,0.02,99.0,E,8
01/23/2020,18:00,334.332,1411.119,98.42,1,8,17.915,1,8,94.196,1,8,11810.4,1,8,1701.96,1,8,10361.53,1,8,127.161,1,8,-9900,?,9,-9900,?,9,17.59,E,8,12.77,E,8,73.0,E,8,822.9788000000001,E,8,999.0,E,8,0.9,E,8,-9900,?,9,-9900,?,9,0.0,E,8,-9900,?,9,-9900,?,9,0.0,0.0,E,8
01/23/2020,19:00,19.323,1411.119,17.84,1,8,0.0,1,8,17.84,1,8,2140.8,1,8,0.0,1,8,1962.4,1,8,926.667,1,8,-9900,?,9,-9900,?,9,16.86,E,8,12.6,E,8,75.0,E,8,822.9788000000001,E,8,999.0,E,8,0.9,E,8,-9900,?,9,-9900,?,9,0.0,E,8,-9900,?,9,-9900,?,9,0.0,0.0,E,8
01/23/2020,20:00,0.0,1411.119,0.0,1,8,0.0,1,8,0.0,1,8,0.0,1,8,0.0,1,8,0.0,1,8,-0.0,1,8,-9900,?,9,-9900,?,9,16.24,E,8,12.46,E,8,78.0,E,8,822.9788000000001,E,8,999.0,E,8,0.9,E,8,-9900,?,9,-9900,?,9,0.0,E,8,-9900,?,9,-9900,?,9,0.0,0.0,E,8
01/23/2020,21:00,0.0,1411.119,0.0,1,8,0.0,1,8,0.0,1,8,0.0,1,8,0.0,1,8,0.0,1,8,-0.0,1,8,-9900,?,9,-9900,?,9,15.62,E,8,12.32,E,8,80.0,E,8,822.9788000000001,E,8,999.0,E,8,1.08,E,8,-9900,?,9,-9900,?,9,0.0,E,8,-9900,?,9,-9900,?,9,0.0,0.0,E,8
01/23/2020,22:00,0.0,1411.119,0.0,1,8,0.0,1,8,0.0,1,8,0.0,1,8,0.0,1,8,0.0,1,8,-0.0,1,8,-9900,?,9,-9900,?,9,14.99,E,8,12.17,E,8,83.0,E,8,822.9788000000001,E,8,999.0,E,8,1.51,E,8,-9900,?,9,-9900,?,9,0.0,E,8,-9900,?,9,-9900,?,9,0.0,0.0,E,8
01/23/2020,23:00,0.0,1411.119,0.0,1,8,0.0,1,8,0.0,1,8,0.0,1,8,0.0,1,8,0.0,1,8,-0.0,1,8,-9900,?,9,-9900,?,9,14.37,E,8,12.02,E,8,90.0,E,8,822.9788000000001,E,8,999.0,E,8,1.67,E,8,-9900,?,9,-9900,?,9,0.002,E,8,-9900,?,9,-9900,?,9,0.02,99.0,E,8
01/23/2020,24:00,0.0,1411.119,0.0,1,8,0.0,1,8,0.0,1,8,0.0,1,8,0.0,1,8,0.0,1,8,-0.0,1,8,-9900,?,9,-9900,?,9,13.75,E,8,10.5,E,8,85.0,E,8,822.9788000000001,E,8,999.0,E,8,0.4,E,8,-9900,?,9,-9900,?,9,0.002,E,8,-9900,?,9,-9900,?,9,0.02,99.0,E,8
01/24/2020,01:00,0.0,1411.119,0.0,1,8,0.0,1,8,0.0,1,8,0.0,1,8,0.0,1,8,0.0,1,8,-0.0,1,8,-9900,?,9,-9900,?,9,13.44,E,8,10.49,E,8,82.0,E,8,822.9788000000001,E,8,999.0,E,8,0.4,E,8,-9900,?,9,-9900,?,9,0.0,E,8,-9900,?,9,-9900,?,9,0.0,0.0,E,8
01/24/2020,02:00,0.0,1411.119,0.0,1,8,0.0,1,8,0.0,1,8,0.0,1,8,0.0,1,8,0.0,1,8,-0.0,1,8,-9900,?,9,-9900,?,9,13.13,E,8,10.49,E,8,88.0,E,8,822.9788000000001,E,8,999.0,E,8,0.4,E,8,-9900,?,9,-9900,?,9,0.001,E,8,-9900,?,9,-9900,?,9,0.01,99.0,E,8
01/24/2020,03:00,0.0,1411.119,0.0,1,8,0.0,1,8,0.0,1,8,0.0,1,8,0.0,1,8,0.0,1,8,-0.0,1,8,-9900,?,9,-9900,?,9,12.81,E,8,10.48,E,8,85.0,E,8,822.9788000000001,E,8,999.0,E,8,0.4,E,8,-9900,?,9,-9900,?,9,0.0,E,8,-9900,?,9,-9900,?,9,0.0,0.0,E,8
01/24/2020,04:00,0.0,1410.822,0.0,1,8,0.0,1,8,0.0,1,8,0.0,1,8,0.0,1,8,0.0,1,8,-0.0,1,8,-9900,?,9,-9900,?,9,12.5,E,8,10.48,E,8,87.0,E,8,822.9788000000001,E,8,999.0,E,8,0.4,E,8,-9900,?,9,-9900,?,9,0.0,E,8,-9900,?,9,-9900,?,9,0.0,0.0,E,8
01/24/2020,05:00,0.0,1410.822,0.0,1,8,0.0,1,8,0.0,1,8,0.0,1,8,0.0,1,8,0.0,1,8,-0.0,1,8,-9900,?,9,-9900,?,9,12.23,E,8,10.47,E,8,89.0,E,8,822.9788000000001,E,8,999.0,E,8,0.4,E,8,-9900,?,9,-9900,?,9,0.0,E,8,-9900,?,9,-9900,?,9,0.0,0.0,E,8
01/24/2020,06:00,15.194,1410.822,0.0,1,8,0.0,1,8,0.0,1,8,0.0,1,8,0.0,1,8,0.0,1,8,0.0,1,8,-9900,?,9,-9900,?,9,12.02,E,8,10.47,E,8,90.0,E,8,822.9788000000001,E,8,999.0,E,8,0.4,E,8,-9900,?,9,-9900,?,9,0.0,E,8,-9900,?,9,-9900,?,9,0.0,0.0,E,8
01/24/2020,07:00,329.605,1410.822,25.85,1,8,0.0,1,8,25.85,1,8,3102.0,1,8,0.0,1,8,2843.5,1,8,35.395,1,8,-9900,?,9,-9900,?,9,11.82,E,8,10.46,E,8,91.0,E,8,822.9788000000001,E,8,999.0,E,8,0.4,E,8,-9900,?,9,-9900,?,9,0.0,E,8,-9900,?,9,-9900,?,9,0.0,0.0,E,8
01/24/2020,08:00,641.935,1410.822,148.48,1,8,2.868,1,8,147.176,1,8,17817.6,1,8,272.473,1,8,16189.408,1,8,103.076,1,8,-9900,?,9,-9900,?,9,13.29,E,8,10.49,E,8,83.0,E,8,822.9788000000001,E,8,999.0,E,8,0.4,E,8,-9900,?,9,-9900,?,9,0.0,E,8,-9900,?,9,-9900,?,9,0.0,0.0,E,8
01/24/2020,09:00,922.623,1410.822,277.72,1,8,9.11,1,8,271.765,1,8,33326.4,1,8,865.452,1,8,29894.122,1,8,132.331,1,8,-9900,?,9,-9900,?,9,14.36,E,8,10.51,E,8,77.0,E,8,822.9788000000001,E,8,999.0,E,8,0.4,E,8,-9900,?,9,-9900,?,9,0.0,E,8,-9900,?,9,-9900,?,9,0.0,0.0,E,8
01/24/2020,10:00,1152.119,1410.822,391.29,1,8,8.003,1,8,384.755,1,8,46954.8,1,8,760.295,1,8,42323.093,1,8,149.994,1,8,-9900,?,9,-9900,?,9,15.38,E,8,10.52,E,8,72.0,E,8,822.9788000000001,E,8,999.0,E,8,0.4,E,8,-9900,?,9,-9900,?,9,0.0,E,8,-9900,?,9,-9900,?,9,0.0,0.0,E,8
01/24/2020,11:00,1314.681,1410.822,479.18,1,8,14.217,1,8,465.933,1,8,57501.6,1,8,1350.601,1,8,51252.581,1,8,159.164,1,8,-9900,?,9,-9900,?,9,16.28,E,8,10.54,E,8,68.0,E,8,822.9788000000001,E,8,999.0,E,8,0.4,E,8,-9900,?,9,-9900,?,9,0.0,E,8,-9900,?,9,-9900,?,9,0.0,0.0,E,8
01/24/2020,12:00,1399.187,1410.822,534.74,1,8,15.895,1,8,518.977,1,8,64168.8,1,8,1509.987,1,8,57087.422,1,8,166.57,1,8,-9900,?,9,-9900,?,9,17.04,E,8,10.55,E,8,65.0,E,8,822.9788000000001,E,8,999.0,E,8,0.98,E,8,-9900,?,9,-9900,?,9,0.0,E,8,-9900,?,9,-9900,?,9,0.0,0.0,E,8
01/24/2020,13:00,1399.851,1410.822,553.91,1,8,17.96,1,8,536.09,1,8,66469.2,1,8,1706.2,1,8,58969.873,1,8,171.981,1,8,-9900,?,9,-9900,?,9,17.63,E,8,10.56,E,8,63.0,E,8,822.9788000000001,E,8,999.0,E,8,2.28,E,8,-9900,?,9,-9900,?,9,0.0,E,8,-9900,?,9,-9900,?,9,0.0,0.0,E,8
01/24/2020,14:00,1316.612,1410.822,535.33,1,8,20.972,1,8,515.76,1,8,64239.6,1,8,1992.31,1,8,56733.555,1,8,175.926,1,8,-9900,?,9,-9900,?,9,18.04,E,8,10.57,E,8,61.0,E,8,822.9788000000001,E,8,999.0,E,8,3.13,E,8,-9900,?,9,-9900,?,9,0.0,E,8,-9900,?,9,-9900,?,9,0.0,0.0,E,8
01/24/2020,15:00,1155.138,1410.822,480.3,1,8,67.527,1,8,425.019,1,8,57636.0,1,8,6415.065,1,8,46752.084,1,8,165.257,1,8,-9900,?,9,-9900,?,9,18.25,E,8,10.57,E,8,60.0,E,8,822.9788000000001,E,8,999.0,E,8,4.26,E,8,-9900,?,9,-9900,?,9,0.0,E,8,-9900,?,9,-9900,?,9,0.0,0.0,E,8
01/24/2020,16:00,926.447,1410.822,392.82,1,8,74.968,1,8,343.61,1,8,47138.4,1,8,7121.952,1,8,37797.07,1,8,166.623,1,8,-9900,?,9,-9900,?,9,18.27,E,8,10.57,E,8,60.0,E,8,822.9788000000001,E,8,999.0,E,8,3.91,E,8,-9900,?,9,-9900,?,9,0.0,E,8,-9900,?,9,-9900,?,9,0.0,0.0,E,8
01/24/2020,17:00,646.2,1410.822,207.6,1,8,57.39,1,8,181.343,1,8,24912.0,1,8,5452.013,1,8,19947.697,1,8,126.163,1,8,-9900,?,9,-9900,?,9,17.81,E,8,10.56,E,8,62.0,E,8,822.9788000000001,E,8,999.0,E,8,3.02,E,8,-9900,?,9,-9900,?,9,0.0,E,8,-9900,?,9,-9900,?,9,0.0,0.0,E,8
01/24/2020,18:00,333.885,1410.822,150.31,1,8,247.619,1,8,91.99,1,8,18037.2,1,8,23523.829,1,8,10118.912,1,8,124.325,1,8,-9900,?,9,-9900,?,9,17.29,E,8,10.56,E,8,69.0,E,8,822.9788000000001,E,8,999.0,E,8,1.46,E,8,-9900,?,9,-9900,?,9,0.001,E,8,-9900,?,9,-9900,?,9,0.01,99.0,E,8
01/24/2020,19:00,18.575,1410.822,27.09,1,8,0.0,1,8,27.09,1,8,3250.8,1,8,0.0,1,8,2979.9,1,8,1561.357,1,8,-9900,?,9,-9900,?,9,16.59,E,8,10.54,E,8,72.0,E,8,822.9788000000001,E,8,999.0,E,8,0.56,E,8,-9900,?,9,-9900,?,9,0.011,E,8,-9900,?,9,-9900,?,9,0.11,99.0,E,8
01/24/2020,20:00,0.0,1410.822,0.0,1,8,0.0,1,8,0.0,1,8,0.0,1,8,0.0,1,8,0.0,1,8,-0.0,1,8,-9900,?,9,-9900,?,9,16.01,E,8,10.53,E,8,74.0,E,8,822.9788000000001,E,8,999.0,E,8,0.4,E,8,-9900,?,9,-9900,?,9,0.002,E,8,-9900,?,9,-9900,?,9,0.02,99.0,E,8
01/24/2020,21:00,0.0,1410.822,0.0,1,8,0.0,1,8,0.0,1,8,0.0,1,8,0.0,1,8,0.0,1,8,-0.0,1,8,-9900,?,9,-9900,?,9,15.43,E,8,10.52,E,8,77.0,E,8,822.9788000000001,E,8,999.0,E,8,0.4,E,8,-9900,?,9,-9900,?,9,0.004,E,8,-9900,?,9,-9900,?,9,0.04,99.0,E,8
01/24/2020,22:00,0.0,1410.822,0.0,1,8,0.0,1,8,0.0,1,8,0.0,1,8,0.0,1,8,0.0,1,8,-0.0,1,8,-9900,?,9,-9900,?,9,14.86,E,8,10.52,E,8,80.0,E,8,822.9788000000001,E,8,999.0,E,8,0.4,E,8,-9900,?,9,-9900,?,9,0.006,E,8,-9900,?,9,-9900,?,9,0.06,99.0,E,8
01/24/2020,23:00,0.0,1410.822,0.0,1,8,0.0,1,8,0.0,1,8,0.0,1,8,0.0,1,8,0.0,1,8,-0.0,1,8,-9900,?,9,-9900,?,9,14.28,E,8,10.51,E,8,88.0,E,8,822.9788000000001,E,8,999.0,E,8,0.4,E,8,-9900,?,9,-9900,?,9,0.173,E,8,-9900,?,9,-9900,?,9,1.73,99.0,E,8
01/24/2020,24:00,0.0,1410.822,0.0,1,8,0.0,1,8,0.0,1,8,0.0,1,8,0.0,1,8,0.0,1,8,-0.0,1,8,-9900,?,9,-9900,?,9,13.7,E,8,10.66,E,8,81.0,E,8,822.9788000000001,E,8,999.0,E,8,0.35,E,8,-9900,?,9,-9900,?,9,0.0,E,8,-9900,?,9,-9900,?,9,0.0,0.0,E,8
01/25/2020,01:00,0.0,1410.822,0.0,1,8,0.0,1,8,0.0,1,8,0.0,1,8,0.0,1,8,0.0,1,8,-0.0,1,8,-9900,?,9,-9900,?,9,13.41,E,8,10.78,E,8,84.0,E,8,822.9788000000001,E,8,999.0,E,8,0.35,E,8,-9900,?,9,-9900,?,9,0.0,E,8,-9900,?,9,-9900,?,9,0.0,0.0,E,8
01/25/2020,02:00,0.0,1410.822,0.0,1,8,0.0,1,8,0.0,1,8,0.0,1,8,0.0,1,8,0.0,1,8,-0.0,1,8,-9900,?,9,-9900,?,9,13.12,E,8,10.89,E,8,86.0,E,8,822.9788000000001,E,8,999.0,E,8,0.35,E,8,-9900,?,9,-9900,?,9,0.0,E,8,-9900,?,9,-9900,?,9,0.0,0.0,E,8
01/25/2020,03:00,0.0,1410.822,0.0,1,8,0.0,1,8,0.0,1,8,0.0,1,8,0.0,1,8,0.0,1,8,-0.0,1,8,-9900,?,9,-9900,?,9,12.83,E,8,11.01,E,8,88.0,E,8,822.9788000000001,E,8,999.0,E,8,0.35,E,8,-9900,?,9,-9900,?,9,0.0,E,8,-9900,?,9,-9900,?,9,0.0,0.0,E,8
01/25/2020,04:00,0.0,1410.511,0.0,1,8,0.0,1,8,0.0,1,8,0.0,1,8,0.0,1,8,0.0,1,8,-0.0,1,8,-9900,?,9,-9900,?,9,12.54,E,8,11.12,E,8,91.0,E,8,822.9788000000001,E,8,999.0,E,8,0.35,E,8,-9900,?,9,-9900,?,9,0.0,E,8,-9900,?,9,-9900,?,9,0.0,0.0,E,8
01/25/2020,05:00,0.0,1410.511,0.0,1,8,0.0,1,8,0.0,1,8,0.0,1,8,0.0,1,8,0.0,1,8,-0.0,1,8,-9900,?,9,-9900,?,9,12.29,E,8,11.22,E,8,93.0,E,8,822.9788000000001,E,8,999.0,E,8,0.35,E,8,-9900,?,9,-9900,?,9,0.0,E,8,-9900,?,9,-9900,?,9,0.0,0.0,E,8
01/25/2020,06:00,12.118,1410.511,0.0,1,8,0.0,1,8,0.0,1,8,0.0,1,8,0.0,1,8,0.0,1,8,0.0,1,8,-9900,?,9,-9900,?,9,12.1,E,8,11.3,E,8,94.0,E,8,822.9788000000001,E,8,999.0,E,8,0.35,E,8,-9900,?,9,-9900,?,9,0.0,E,8,-9900,?,9,-9900,?,9,0.0,0.0,E,8
01/25/2020,07:00,326.448,1410.511,24.72,1,8,0.0,1,8,24.72,1,8,2966.4,1,8,0.0,1,8,2719.2,1,8,34.171,1,8,-9900,?,9,-9900,?,9,11.91,E,8,11.37,E,8,96.0,E,8,822.9788000000001,E,8,999.0,E,8,0.35,E,8,-9900,?,9,-9900,?,9,0.0,E,8,-9900,?,9,-9900,?,9,0.0,0.0,E,8
01/25/2020,08:00,639.246,1410.511,146.36,1,8,2.426,1,8,145.262,1,8,17563.2,1,8,230.477,1,8,15978.792,1,8,102.141,1,8,-9900,?,9,-9900,?,9,13.48,E,8,10.75,E,8,83.0,E,8,822.9788000000001,E,8,999.0,E,8,0.35,E,8,-9900,?,9,-9900,?,9,0.0,E,8,-9900,?,9,-9900,?,9,0.0,0.0,E,8
01/25/2020,09:00,920.455,1410.511,274.96,1,8,8.871,1,8,269.173,1,8,32995.2,1,8,842.775,1,8,29609.046,1,8,131.349,1,8,-9900,?,9,-9900,?,9,14.63,E,8,10.28,E,8,75.0,E,8,822.9788000000001,E,8,999.0,E,8,0.41,E,8,-9900,?,9,-9900,?,9,0.0,E,8,-9900,?,9,-9900,?,9,0.0,0.0,E,8
01/25/2020,10:00,1150.482,1410.511,388.03,1,8,7.83,1,8,381.645,1,8,46563.6,1,8,743.836,1,8,41980.899,1,8,148.96,1,8,-9900,?,9,-9900,?,9,15.73,E,8,9.82,E,8,67.0,E,8,822.9788000000001,E,8,999.0,E,8,0.73,E,8,-9900,?,9,-9900,?,9,0.0,E,8,-9900,?,9,-9900,?,9,0.0,0.0,E,8
01/25/2020,11:00,1313.546,1410.511,475.59,1,8,13.914,1,8,462.633,1,8,57070.8,1,8,1321.872,1,8,50889.596,1,8,158.138,1,8,-9900,?,9,-9900,?,9,16.71,E,8,9.4,E,8,62.0,E,8,822.9788000000001,E,8,999.0,E,8,1.1,E,8,-9900,?,9,-9900,?,9,0.0,E,8,-9900,?,9,-9900,?,9,0.0,0.0,E,8
01/25/2020,12:00,1398.49,1410.511,531.0,1,8,15.545,1,8,515.588,1,8,63720.0,1,8,1476.746,1,8,56714.666,1,8,165.528,1,8,-9900,?,9,-9900,?,9,17.53,E,8,9.04,E,8,57.0,E,8,822.9788000000001,E,8,999.0,E,8,1.77,E,8,-9900,?,9,-9900,?,9,0.0,E,8,-9900,?,9,-9900,?,9,0.0,0.0,E,8
01/25/2020,13:00,1399.498,1410.511,550.23,1,8,17.547,1,8,532.821,1,8,66027.6,1,8,1666.922,1,8,58610.259,1,8,170.937,1,8,-9900,?,9,-9900,?,9,18.17,E,8,8.75,E,8,54.0,E,8,822.9788000000001,E,8,999.0,E,8,3.06,E,8,-9900,?,9,-9900,?,9,0.0,E,8,-9900,?,9,-9900,?,9,0.0,0.0,E,8
01/25/2020,14:00,1316.486,1410.511,531.89,1,8,20.466,1,8,512.789,1,8,63826.8,1,8,1944.271,1,8,56406.799,1,8,174.891,1,8,-9900,?,9,-9900,?,9,18.61,E,8,8.55,E,8,51.0,E,8,822.9788000000001,E,8,999.0,E,8,3.61,E,8,-9900,?,9,-9900,?,9,0.0,E,8,-9900,?,9,-9900,?,9,0.0,0.0,E,8
01/25/2020,15:00,1155.106,1410.511,477.29,1,8,65.851,1,8,423.371,1,8,57274.8,1,8,6255.835,1,8,46570.776,1,8,164.584,1,8,-9900,?,9,-9900,?,9,18.84,E,8,8.45,E,8,50.0,E,8,822.9788000000001,E,8,999.0,E,8,3.94,E,8,-9900,?,9,-9900,?,9,0.0,E,8,-9900,?,9,-9900,?,9,0.0,0.0,E,8
01/25/2020,16:00,926.369,1410.511,390.38,1,8,100.302,1,8,324.531,1,8,46845.6,1,8,9528.662,1,8,35698.434,1,8,157.35,1,8,-9900,?,9,-9900,?,9,18.86,E,8,8.44,E,8,50.0,E,8,822.9788000000001,E,8,999.0,E,8,3.31,E,8,-9900,?,9,-9900,?,9,0.0,E,8,-9900,?,9,-9900,?,9,0.0,0.0,E,8
01/25/2020,17:00,645.939,1410.511,277.74,1,8,115.844,1,8,224.748,1,8,33328.8,1,8,11005.173,1,8,24722.281,1,8,156.39,1,8,-9900,?,9,-9900,?,9,18.57,E,8,8.57,E,8,52.0,E,8,822.9788000000001,E,8,999.0,E,8,1.85,E,8,-9900,?,9,-9900,?,9,0.0,E,8,-9900,?,9,-9900,?,9,0.0,0.0,E,8
01/25/2020,18:00,333.32,1410.511,149.24,1,8,162.222,1,8,111.09,1,8,17908.8,1,8,15411.051,1,8,12219.903,1,8,150.363,1,8,-9900,?,9,-9900,?,9,18.0,E,8,8.83,E,8,54.0,E,8,822.9788000000001,E,8,999.0,E,8,1.26,E,8,-9900,?,9,-9900,?,9,0.0,E,8,-9900,?,9,-9900,?,9,0.0,0.0,E,8
01/25/2020,19:00,17.722,1410.511,26.72,1,8,0.0,1,8,26.72,1,8,3206.4,1,8,0.0,1,8,2939.2,1,8,1760.474,1,8,-9900,?,9,-9900,?,9,17.22,E,8,9.18,E,8,59.0,E,8,822.9788000000001,E,8,999.0,E,8,0.48,E,8,-9900,?,9,-9900,?,9,0.0,E,8,-9900,?,9,-9900,?,9,0.0,0.0,E,8
01/25/2020,20:00,0.0,1410.511,0.0,1,8,0.0,1,8,0.0,1,8,0.0,1,8,0.0,1,8,0.0,1,8,-0.0,1,8,-9900,?,9,-9900,?,9,16.6,E,8,9.45,E,8,62.0,E,8,822.9788000000001,E,8,999.0,E,8,0.35,E,8,-9900,?,9,-9900,?,9,0.0,E,8,-9900,?,9,-9900,?,9,0.0,0.0,E,8
01/25/2020,21:00,0.0,1410.511,0.0,1,8,0.0,1,8,0.0,1,8,0.0,1,8,0.0,1,8,0.0,1,8,-0.0,1,8,-9900,?,9,-9900,?,9,15.99,E,8,9.71,E,8,66.0,E,8,822.9788000000001,E,8,999.0,E,8,0.35,E,8,-9900,?,9,-9900,?,9,0.0,E,8,-9900,?,9,-9900,?,9,0.0,0.0,E,8
01/25/2020,22:00,0.0,1410.511,0.0,1,8,0.0,1,8,0.0,1,8,0.0,1,8,0.0,1,8,0.0,1,8,-0.0,1,8,-9900,?,9,-9900,?,9,15.37,E,8,9.97,E,8,70.0,E,8,822.9788000000001,E,8,999.0,E,8,0.35,E,8,-9900,?,9,-9900,?,9,0.0,E,8,-9900,?,9,-9900,?,9,0.0,0.0,E,8
01/25/2020,23:00,0.0,1410.511,0.0,1,8,0.0,1,8,0.0,1,8,0.0,1,8,0.0,1,8,0.0,1,8,-0.0,1,8,-9900,?,9,-9900,?,9,14.75,E,8,10.23,E,8,74.0,E,8,822.9788000000001,E,8,999.0,E,8,0.35,E,8,-9900,?,9,-9900,?,9,0.0,E,8,-9900,?,9,-9900,?,9,0.0,0.0,E,8
01/25/2020,24:00,0.0,1410.511,0.0,1,8,0.0,1,8,0.0,1,8,0.0,1,8,0.0,1,8,0.0,1,8,-0.0,1,8,-9900,?,9,-9900,?,9,14.14,E,8,12.38,E,8,84.0,E,8,822.9788000000001,E,8,999.0,E,8,0.97,E,8,-9900,?,9,-9900,?,9,0.0,E,8,-9900,?,9,-9900,?,9,0.0,0.0,E,8
01/26/2020,01:00,0.0,1410.511,0.0,1,8,0.0,1,8,0.0,1,8,0.0,1,8,0.0,1,8,0.0,1,8,-0.0,1,8,-9900,?,9,-9900,?,9,13.83,E,8,12.28,E,8,85.0,E,8,822.9788000000001,E,8,999.0,E,8,1.52,E,8,-9900,?,9,-9900,?,9,0.0,E,8,-9900,?,9,-9900,?,9,0.0,0.0,E,8
01/26/2020,02:00,0.0,1410.511,0.0,1,8,0.0,1,8,0.0,1,8,0.0,1,8,0.0,1,8,0.0,1,8,-0.0,1,8,-9900,?,9,-9900,?,9,13.52,E,8,12.18,E,8,86.0,E,8,822.9788000000001,E,8,999.0,E,8,1.6,E,8,-9900,?,9,-9900,?,9,0.0,E,8,-9900,?,9,-9900,?,9,0.0,0.0,E,8
01/26/2020,03:00,0.0,1410.511,0.0,1,8,0.0,1,8,0.0,1,8,0.0,1,8,0.0,1,8,0.0,1,8,-0.0,1,8,-9900,?,9,-9900,?,9,13.21,E,8,12.08,E,8,87.0,E,8,822.9788000000001,E,8,999.0,E,8,1.73,E,8,-9900,?,9,-9900,?,9,0.0,E,8,-9900,?,9,-9900,?,9,0.0,0.0,E,8
01/26/2020,04:00,0.0,1410.186,0.0,1,8,0.0,1,8,0.0,1,8,0.0,1,8,0.0,1,8,0.0,1,8,-0.0,1,8,-9900,?,9,-9900,?,9,12.91,E,8,11.98,E,8,88.0,E,8,822.9788000000001,E,8,999.0,E,8,1.68,E,8,-9900,?,9,-9900,?,9,0.0,E,8,-9900,?,9,-9900,?,9,0.0,0.0,E,8
01/26/2020,05:00,0.0,1410.186,0.0,1,8,0.0,1,8,0.0,1,8,0.0,1,8,0.0,1,8,0.0,1,8,-0.0,1,8,-9900,?,9,-9900,?,9,12.63,E,8,11.89,E,8,92.0,E,8,822.9788000000001,E,8,999.0,E,8,1.56,E,8,-9900,?,9,-9900,?,9,0.001,E,8,-9900,?,9,-9900,?,9,0.01,99.0,E,8
01/26/2020,06:00,9.08,1410.186,0.0,1,8,0.0,1,8,0.0,1,8,0.0,1,8,0.0,1,8,0.0,1,8,-0.0,1,8,-9900,?,9,-9900,?,9,12.43,E,8,11.83,E,8,96.0,E,8,822.9788000000001,E,8,999.0,E,8,1.36,E,8,-9900,?,9,-9900,?,9,0.173,E,8,-9900,?,9,-9900,?,9,1.73,99.0,E,8
01/26/2020,07:00,323.308,1410.186,15.88,1,8,0.0,1,8,15.88,1,8,1905.6,1,8,0.0,1,8,1746.8,1,8,22.161,1,8,-9900,?,9,-9900,?,9,12.23,E,8,11.76,E,8,93.0,E,8,822.9788000000001,E,8,999.0,E,8,1.47,E,8,-9900,?,9,-9900,?,9,0.006,E,8,-9900,?,9,-9900,?,9,0.06,99.0,E,8
01/26/2020,08:00,636.571,1410.186,97.01,1,8,0.0,1,8,97.01,1,8,11641.2,1,8,0.0,1,8,10671.1,1,8,68.485,1,8,-9900,?,9,-9900,?,9,13.64,E,8,12.22,E,8,86.0,E,8,822.9788000000001,E,8,999.0,E,8,1.42,E,8,-9900,?,9,-9900,?,9,0.0,E,8,-9900,?,9,-9900,?,9,0.0,0.0,E,8
01/26/2020,09:00,918.294,1410.186,183.05,1,8,1.7,1,8,181.943,1,8,21966.0,1,8,161.491,1,8,20013.783,1,8,88.972,1,8,-9900,?,9,-9900,?,9,14.7,E,8,12.56,E,8,86.0,E,8,822.9788000000001,E,8,999.0,E,8,0.84,E,8,-9900,?,9,-9900,?,9,0.001,E,8,-9900,?,9,-9900,?,9,0.01,99.0,E,8
01/26/2020,10:00,1148.84,1410.186,258.74,1,8,3.086,1,8,256.226,1,8,31048.8,1,8,293.197,1,8,28184.867,1,8,100.128,1,8,-9900,?,9,-9900,?,9,15.71,E,8,12.87,E,8,80.0,E,8,822.9788000000001,E,8,999.0,E,8,0.84,E,8,-9900,?,9,-9900,?,9,0.0,E,8,-9900,?,9,-9900,?,9,0.0,0.0,E,8
01/26/2020,11:00,1312.391,1410.186,317.39,1,8,7.476,1,8,310.432,1,8,38086.8,1,8,710.256,1,8,34147.566,1,8,106.182,1,8,-9900,?,9,-9900,?,9,16.6,E,8,13.14,E,8,78.0,E,8,822.9788000000001,E,8,999.0,E,8,1.37,E,8,-9900,?,9,-9900,?,9,0.0,E,8,-9900,?,9,-9900,?,9,0.0,0.0,E,8
01/26/2020,12:00,1397.756,1410.186,354.55,1,8,20.323,1,8,334.406,1,8,42546.0,1,8,1930.672,1,8,36784.702,1,8,107.392,1,8,-9900,?,9,-9900,?,9,17.36,E,8,13.37,E,8,79.0,E,8,822.9788000000001,E,8,999.0,E,8,0.86,E,8,-9900,?,9,-9900,?,9,0.002,E,8,-9900,?,9,-9900,?,9,0.02,99.0,E,8
01/26/2020,13:00,1399.091,1410.186,367.51,1,8,20.893,1,8,346.782,1,8,44101.2,1,8,1984.805,1,8,38145.998,1,8,111.26,1,8,-9900,?,9,-9900,?,9,17.94,E,8,13.54,E,8,74.0,E,8,822.9788000000001,E,8,999.0,E,8,1.27,E,8,-9900,?,9,-9900,?,9,0.0,E,8,-9900,?,9,-9900,?,9,0.0,0.0,E,8
01/26/2020,14:00,1316.288,1410.186,355.34,1,8,20.937,1,8,335.798,1,8,42640.8,1,8,1989.017,1,8,36937.773,1,8,114.518,1,8,-9900,?,9,-9900,?,9,18.34,E,8,13.66,E,8,73.0,E,8,822.9788000000001,E,8,999.0,E,8,1.16,E,8,-9900,?,9,-9900,?,9,0.0,E,8,-9900,?,9,-9900,?,9,0.0,0.0,E,8
01/26/2020,15:00,1154.985,1410.186,318.9,1,8,14.95,1,8,306.657,1,8,38268.0,1,8,1420.286,1,8,33732.266,1,8,119.197,1,8,-9900,?,9,-9900,?,9,18.55,E,8,13.72,E,8,73.0,E,8,822.9788000000001,E,8,999.0,E,8,1.09,E,8,-9900,?,9,-9900,?,9,0.0,E,8,-9900,?,9,-9900,?,9,0.0,0.0,E,8
01/26/2020,16:00,926.188,1410.186,260.83,1,8,10.556,1,8,253.9,1,8,31299.6,1,8,1002.839,1,8,27928.949,1,8,123.1,1,8,-9900,?,9,-9900,?,9,18.57,E,8,13.73,E,8,73.0,E,8,822.9788000000001,E,8,999.0,E,8,1.56,E,8,-9900,?,9,-9900,?,9,0.0,E,8,-9900,?,9,-9900,?,9,0.0,0.0,E,8
01/26/2020,17:00,645.565,1410.186,180.02,1,8,8.854,1,8,175.971,1,8,21602.4,1,8,841.134,1,8,19356.832,1,8,122.492,1,8,-9900,?,9,-9900,?,9,18.29,E,8,13.65,E,8,74.0,E,8,822.9788000000001,E,8,999.0,E,8,1.97,E,8,-9900,?,9,-9900,?,9,0.0,E,8,-9900,?,9,-9900,?,9,0.0,0.0,E,8
01/26/2020,18:00,332.635,1410.186,99.61,1,8,20.411,1,8,94.819,1,8,11953.2,1,8,1939.075,1,8,10430.054,1,8,128.576,1,8,-9900,?,9,-9900,?,9,17.77,E,8,13.49,E,8,75.0,E,8,822.9788000000001,E,8,999.0,E,8,1.34,E,8,-9900,?,9,-9900,?,9,0.0,E,8,-9900,?,9,-9900,?,9,0.0,0.0,E,8
01/26/2020,19:00,16.765,1410.186,17.69,1,8,0.0,1,8,17.69,1,8,2122.8,1,8,0.0,1,8,1945.9,1,8,1389.254,1,8,-9900,?,9,-9900,?,9,17.06,E,8,13.28,E,8,80.0,E,8,822.9788000000001,E,8,999.0,E,8,0.84,E,8,-9900,?,9,-9900,?,9,0.011,E,8,-9900,?,9,-9900,?,9,0.11,99.0,E,8
01/26/2020,20:00,0.0,1410.186,0.0,1,8,0.0,1,8,0.0,1,8,0.0,1,8,0.0,1,8,0.0,1,8,-0.0,1,8,-9900,?,9,-9900,?,9,16.44,E,8,13.09,E,8,78.0,E,8,822.9788000000001,E,8,999.0,E,8,0.84,E,8,-9900,?,9,-9900,?,9,0.0,E,8,-9900,?,9,-9900,?,9,0.0,0.0,E,8
01/26/2020,21:00,0.0,1410.186,0.0,1,8,0.0,1,8,0.0,1,8,0.0,1,8,0.0,1,8,0.0,1,8,-0.0,1,8,-9900,?,9,-9900,?,9,15.82,E,8,12.9,E,8,80.0,E,8,822.9788000000001,E,8,999.0,E,8,0.84,E,8,-9900,?,9,-9900,?,9,0.0,E,8,-9900,?,9,-9900,?,9,0.0,0.0,E,8
01/26/2020,22:00,0.0,1410.186,0.0,1,8,0.0,1,8,0.0,1,8,0.0,1,8,0.0,1,8,0.0,1,8,-0.0,1,8,-9900,?,9,-9900,?,9,15.2,E,8,12.71,E,8,85.0,E,8,822.9788000000001,E,8,999.0,E,8,0.84,E,8,-9900,?,9,-9900,?,9,0.004,E,8,-9900,?,9,-9900,?,9,0.04,99.0,E,8
01/26/2020,23:00,0.0,1410.186,0.0,1,8,0.0,1,8,0.0,1,8,0.0,1,8,0.0,1,8,0.0,1,8,-0.0,1,8,-9900,?,9,-9900,?,9,14.58,E,8,12.52,E,8,87.0,E,8,822.9788000000001,E,8,999.0,E,8,1.1,E,8,-9900,?,9,-9900,?,9,0.002,E,8,-9900,?,9,-9900,?,9,0.02,99.0,E,8
01/26/2020,24:00,0.0,1410.186,0.0,1,8,0.0,1,8,0.0,1,8,0.0,1,8,0.0,1,8,0.0,1,8,-0.0,1,8,-9900,?,9,-9900,?,9,13.96,E,8,12.4,E,8,91.0,E,8,822.9788000000001,E,8,999.0,E,8,1.08,E,8,-9900,?,9,-9900,?,9,0.003,E,8,-9900,?,9,-9900,?,9,0.03,99.0,E,8
01/27/2020,01:00,0.0,1410.186,0.0,1,8,0.0,1,8,0.0,1,8,0.0,1,8,0.0,1,8,0.0,1,8,-0.0,1,8,-9900,?,9,-9900,?,9,13.65,E,8,12.27,E,8,96.0,E,8,822.9788000000001,E,8,999.0,E,8,1.08,E,8,-9900,?,9,-9900,?,9,0.346,E,8,-9900,?,9,-9900,?,9,3.46,99.0,E,8
01/27/2020,02:00,0.0,1410.186,0.0,1,8,0.0,1,8,0.0,1,8,0.0,1,8,0.0,1,8,0.0,1,8,-0.0,1,8,-9900,?,9,-9900,?,9,13.33,E,8,12.13,E,8,89.0,E,8,822.9788000000001,E,8,999.0,E,8,1.08,E,8,-9900,?,9,-9900,?,9,0.0,E,8,-9900,?,9,-9900,?,9,0.0,0.0,E,8
01/27/2020,03:00,0.0,1410.186,0.0,1,8,0.0,1,8,0.0,1,8,0.0,1,8,0.0,1,8,0.0,1,8,-0.0,1,8,-9900,?,9,-9900,?,9,13.02,E,8,11.99,E,8,94.0,E,8,822.9788000000001,E,8,999.0,E,8,1.08,E,8,-9900,?,9,-9900,?,9,0.002,E,8,-9900,?,9,-9900,?,9,0.02,99.0,E,8
01/27/2020,04:00,0.0,1409.848,0.0,1,8,0.0,1,8,0.0,1,8,0.0,1,8,0.0,1,8,0.0,1,8,-0.0,1,8,-9900,?,9,-9900,?,9,12.71,E,8,11.85,E,8,95.0,E,8,822.9788000000001,E,8,999.0,E,8,1.08,E,8,-9900,?,9,-9900,?,9,0.001,E,8,-9900,?,9,-9900,?,9,0.01,99.0,E,8
01/27/2020,05:00,0.0,1409.848,0.0,1,8,0.0,1,8,0.0,1,8,0.0,1,8,0.0,1,8,0.0,1,8,-0.0,1,8,-9900,?,9,-9900,?,9,12.44,E,8,11.73,E,8,91.0,E,8,822.9788000000001,E,8,999.0,E,8,1.08,E,8,-9900,?,9,-9900,?,9,0.0,E,8,-9900,?,9,-9900,?,9,0.0,0.0,E,8
01/27/2020,06:00,6.08,1409.848,0.0,1,8,0.0,1,8,0.0,1,8,0.0,1,8,0.0,1,8,0.0,1,8,-0.0,1,8,-9900,?,9,-9900,?,9,12.23,E,8,11.63,E,8,92.0,E,8,822.9788000000001,E,8,999.0,E,8,1.08,E,8,-9900,?,9,-9900,?,9,0.0,E,8,-9900,?,9,-9900,?,9,0.0,0.0,E,8
01/27/2020,07:00,320.185,1409.848,20.15,1,8,0.0,1,8,20.15,1,8,2418.0,1,8,0.0,1,8,2216.5,1,8,28.391,1,8,-9900,?,9,-9900,?,9,12.03,E,8,11.54,E,8,93.0,E,8,822.9788000000001,E,8,999.0,E,8,1.08,E,8,-9900,?,9,-9900,?,9,0.0,E,8,-9900,?,9,-9900,?,9,0.0,0.0,E,8
01/27/2020,08:00,633.91,1409.848,127.04,1,8,0.0,1,8,127.04,1,8,15244.8,1,8,0.0,1,8,13974.4,1,8,90.04,1,8,-9900,?,9,-9900,?,9,13.53,E,8,12.21,E,8,88.0,E,8,822.9788000000001,E,8,999.0,E,8,1.08,E,8,-9900,?,9,-9900,?,9,0.0,E,8,-9900,?,9,-9900,?,9,0.0,0.0,E,8
01/27/2020,09:00,916.139,1409.848,240.76,1,8,19.427,1,8,228.141,1,8,28891.2,1,8,1845.547,1,8,25095.538,1,8,111.799,1,8,-9900,?,9,-9900,?,9,14.67,E,8,12.71,E,8,85.0,E,8,822.9788000000001,E,8,999.0,E,8,1.08,E,8,-9900,?,9,-9900,?,9,0.0,E,8,-9900,?,9,-9900,?,9,0.0,0.0,E,8
01/27/2020,10:00,1147.192,1409.848,340.86,1,8,13.142,1,8,330.168,1,8,40903.2,1,8,1248.522,1,8,36318.446,1,8,129.177,1,8,-9900,?,9,-9900,?,9,15.75,E,8,13.17,E,8,83.0,E,8,822.9788000000001,E,8,999.0,E,8,1.08,E,8,-9900,?,9,-9900,?,9,0.0,E,8,-9900,?,9,-9900,?,9,0.0,0.0,E,8
01/27/2020,11:00,1311.215,1409.848,418.47,1,8,28.015,1,8,392.416,1,8,50216.4,1,8,2661.446,1,8,43165.75,1,8,134.312,1,8,-9900,?,9,-9900,?,9,16.72,E,8,13.57,E,8,80.0,E,8,822.9788000000001,E,8,999.0,E,8,1.08,E,8,-9900,?,9,-9900,?,9,0.0,E,8,-9900,?,9,-9900,?,9,0.0,0.0,E,8
01/27/2020,12:00,1396.985,1409.848,467.7,1,8,30.718,1,8,437.262,1,8,56124.0,1,8,2918.252,1,8,48098.819,1,8,140.467,1,8,-9900,?,9,-9900,?,9,17.53,E,8,13.89,E,8,78.0,E,8,822.9788000000001,E,8,999.0,E,8,1.08,E,8,-9900,?,9,-9900,?,9,0.0,E,8,-9900,?,9,-9900,?,9,0.0,0.0,E,8
01/27/2020,13:00,1398.628,1409.848,484.93,1,8,33.667,1,8,451.531,1,8,58191.6,1,8,3198.334,1,8,49668.456,1,8,144.881,1,8,-9900,?,9,-9900,?,9,18.16,E,8,14.14,E,8,77.0,E,8,822.9788000000001,E,8,999.0,E,8,1.08,E,8,-9900,?,9,-9900,?,9,0.0,E,8,-9900,?,9,-9900,?,9,0.0,0.0,E,8
01/27/2020,14:00,1316.016,1409.848,468.97,1,8,37.905,1,8,433.589,1,8,56276.4,1,8,3601.017,1,8,47694.777,1,8,147.863,1,8,-9900,?,9,-9900,?,9,18.6,E,8,14.32,E,8,76.0,E,8,822.9788000000001,E,8,999.0,E,8,1.08,E,8,-9900,?,9,-9900,?,9,0.0,E,8,-9900,?,9,-9900,?,9,0.0,0.0,E,8
01/27/2020,15:00,1154.773,1409.848,420.91,1,8,24.32,1,8,400.993,1,8,50509.2,1,8,2310.41,1,8,44109.214,1,8,155.857,1,8,-9900,?,9,-9900,?,9,18.82,E,8,14.4,E,8,75.0,E,8,822.9788000000001,E,8,999.0,E,8,1.08,E,8,-9900,?,9,-9900,?,9,0.0,E,8,-9900,?,9,-9900,?,9,0.0,0.0,E,8
01/27/2020,16:00,925.902,1409.848,344.27,1,8,23.882,1,8,328.592,1,8,41312.4,1,8,2268.774,1,8,36145.114,1,8,159.324,1,8,-9900,?,9,-9900,?,9,18.85,E,8,14.41,E,8,75.0,E,8,822.9788000000001,E,8,999.0,E,8,1.08,E,8,-9900,?,9,-9900,?,9,0.0,E,8,-9900,?,9,-9900,?,9,0.0,0.0,E,8
01/27/2020,17:00,645.076,1409.848,244.82,1,8,73.569,1,8,211.196,1,8,29378.4,1,8,6989.07,1,8,23231.509,1,8,147.087,1,8,-9900,?,9,-9900,?,9,18.57,E,8,14.31,E,8,76.0,E,8,822.9788000000001,E,8,999.0,E,8,1.08,E,8,-9900,?,9,-9900,?,9,0.0,E,8,-9900,?,9,-9900,?,9,0.0,0.0,E,8
01/27/2020,18:00,331.83,1409.848,210.96,1,8,362.891,1,8,125.963,1,8,25315.2,1,8,34474.683,1,8,13855.92,1,8,171.185,1,8,-9900,?,9,-9900,?,9,18.24,E,8,14.18,E,8,76.0,E,8,822.9788000000001,E,8,999.0,E,8,1.08,E,8,-9900,?,9,-9900,?,9,0.0,E,8,-9900,?,9,-9900,?,9,0.0,0.0,E,8
01/27/2020,19:00,15.706,1409.848,23.12,1,8,0.0,1,8,23.12,1,8,2774.4,1,8,0.0,1,8,2543.2,1,8,2308.052,1,8,-9900,?,9,-9900,?,9,17.45,E,8,13.86,E,8,82.0,E,8,822.9788000000001,E,8,999.0,E,8,1.08,E,8,-9900,?,9,-9900,?,9,0.007000000000000001,E,8,-9900,?,9,-9900,?,9,0.07,99.0,E,8
01/27/2020,20:00,0.0,1409.848,0.0,1,8,0.0,1,8,0.0,1,8,0.0,1,8,0.0,1,8,0.0,1,8,-0.0,1,8,-9900,?,9,-9900,?,9,16.99,E,8,13.68,E,8,84.0,E,8,822.9788000000001,E,8,999.0,E,8,1.08,E,8,-9900,?,9,-9900,?,9,0.022,E,8,-9900,?,9,-9900,?,9,0.22,99.0,E,8
01/27/2020,21:00,0.0,1409.848,0.0,1,8,0.0,1,8,0.0,1,8,0.0,1,8,0.0,1,8,0.0,1,8,-0.0,1,8,-9900,?,9,-9900,?,9,16.53,E,8,13.49,E,8,85.0,E,8,822.9788000000001,E,8,999.0,E,8,1.08,E,8,-9900,?,9,-9900,?,9,0.012,E,8,-9900,?,9,-9900,?,9,0.12,99.0,E,8
01/27/2020,22:00,0.0,1409.848,0.0,1,8,0.0,1,8,0.0,1,8,0.0,1,8,0.0,1,8,0.0,1,8,-0.0,1,8,-9900,?,9,-9900,?,9,16.07,E,8,13.3,E,8,86.0,E,8,822.9788000000001,E,8,999.0,E,8,1.08,E,8,-9900,?,9,-9900,?,9,0.005,E,8,-9900,?,9,-9900,?,9,0.05,99.0,E,8
01/27/2020,23:00,0.0,1409.848,0.0,1,8,0.0,1,8,0.0,1,8,0.0,1,8,0.0,1,8,0.0,1,8,-0.0,1,8,-9900,?,9,-9900,?,9,15.62,E,8,13.11,E,8,87.0,E,8,822.9788000000001,E,8,999.0,E,8,1.08,E,8,-9900,?,9,-9900,?,9,0.001,E,8,-9900,?,9,-9900,?,9,0.01,99.0,E,8
01/27/2020,24:00,0.0,1409.848,0.0,1,8,0.0,1,8,0.0,1,8,0.0,1,8,0.0,1,8,0.0,1,8,-0.0,1,8,-9900,?,9,-9900,?,9,15.16,E,8,13.07,E,8,85.0,E,8,822.9788000000001,E,8,999.0,E,8,0.52,E,8,-9900,?,9,-9900,?,9,0.028000000000000004,E,8,-9900,?,9,-9900,?,9,0.28,99.0,E,8
01/28/2020,01:00,0.0,1409.848,0.0,1,8,0.0,1,8,0.0,1,8,0.0,1,8,0.0,1,8,0.0,1,8,-0.0,1,8,-9900,?,9,-9900,?,9,14.93,E,8,13.09,E,8,90.0,E,8,822.9788000000001,E,8,999.0,E,8,0.52,E,8,-9900,?,9,-9900,?,9,0.11699999999999999,E,8,-9900,?,9,-9900,?,9,1.17,99.0,E,8
01/28/2020,02:00,0.0,1409.848,0.0,1,8,0.0,1,8,0.0,1,8,0.0,1,8,0.0,1,8,0.0,1,8,-0.0,1,8,-9900,?,9,-9900,?,9,14.7,E,8,13.12,E,8,91.0,E,8,822.9788000000001,E,8,999.0,E,8,0.52,E,8,-9900,?,9,-9900,?,9,0.197,E,8,-9900,?,9,-9900,?,9,1.97,99.0,E,8
01/28/2020,03:00,0.0,1409.848,0.0,1,8,0.0,1,8,0.0,1,8,0.0,1,8,0.0,1,8,0.0,1,8,-0.0,1,8,-9900,?,9,-9900,?,9,14.47,E,8,13.15,E,8,96.0,E,8,822.9788000000001,E,8,999.0,E,8,0.52,E,8,-9900,?,9,-9900,?,9,2.357,E,8,-9900,?,9,-9900,?,9,23.57,99.0,E,8
01/28/2020,04:00,0.0,1409.496,0.0,1,8,0.0,1,8,0.0,1,8,0.0,1,8,0.0,1,8,0.0,1,8,-0.0,1,8,-9900,?,9,-9900,?,9,14.24,E,8,13.17,E,8,90.0,E,8,822.9788000000001,E,8,999.0,E,8,0.52,E,8,-9900,?,9,-9900,?,9,0.020999999999999998,E,8,-9900,?,9,-9900,?,9,0.21,99.0,E,8
01/28/2020,05:00,0.0,1409.496,0.0,1,8,0.0,1,8,0.0,1,8,0.0,1,8,0.0,1,8,0.0,1,8,-0.0,1,8,-9900,?,9,-9900,?,9,14.04,E,8,13.19,E,8,91.0,E,8,822.9788000000001,E,8,999.0,E,8,0.52,E,8,-9900,?,9,-9900,?,9,0.017,E,8,-9900,?,9,-9900,?,9,0.17,99.0,E,8
01/28/2020,06:00,3.119,1409.496,0.0,1,8,0.0,1,8,0.0,1,8,0.0,1,8,0.0,1,8,0.0,1,8,-0.0,1,8,-9900,?,9,-9900,?,9,13.89,E,8,13.21,E,8,92.0,E,8,822.9788000000001,E,8,999.0,E,8,0.52,E,8,-9900,?,9,-9900,?,9,0.013000000000000001,E,8,-9900,?,9,-9900,?,9,0.13,99.0,E,8
01/28/2020,07:00,317.083,1409.496,26.0,1,8,0.0,1,8,26.0,1,8,3120.0,1,8,0.0,1,8,2860.0,1,8,36.986,1,8,-9900,?,9,-9900,?,9,13.73,E,8,13.23,E,8,92.0,E,8,822.9788000000001,E,8,999.0,E,8,0.52,E,8,-9900,?,9,-9900,?,9,0.001,E,8,-9900,?,9,-9900,?,9,0.01,99.0,E,8
01/28/2020,08:00,631.265,1409.496,169.42,1,8,9.573,1,8,165.137,1,8,20330.4,1,8,909.454,1,8,18165.123,1,8,117.504,1,8,-9900,?,9,-9900,?,9,15.14,E,8,13.07,E,8,85.0,E,8,822.9788000000001,E,8,999.0,E,8,0.52,E,8,-9900,?,9,-9900,?,9,0.002,E,8,-9900,?,9,-9900,?,9,0.02,99.0,E,8
01/28/2020,09:00,913.992,1409.496,322.5,1,8,54.974,1,8,286.866,1,8,38700.0,1,8,5222.57,1,8,31555.271,1,8,140.873,1,8,-9900,?,9,-9900,?,9,16.21,E,8,12.94,E,8,80.0,E,8,822.9788000000001,E,8,999.0,E,8,0.52,E,8,-9900,?,9,-9900,?,9,0.001,E,8,-9900,?,9,-9900,?,9,0.01,99.0,E,8
01/28/2020,10:00,1145.539,1409.496,457.32,1,8,34.389,1,8,429.375,1,8,54878.4,1,8,3266.931,1,8,47231.302,1,8,168.193,1,8,-9900,?,9,-9900,?,9,17.24,E,8,12.82,E,8,72.0,E,8,822.9788000000001,E,8,999.0,E,8,0.55,E,8,-9900,?,9,-9900,?,9,0.0,E,8,-9900,?,9,-9900,?,9,0.0,0.0,E,8
01/28/2020,11:00,1310.019,1409.496,561.91,1,8,50.402,1,8,515.067,1,8,67429.2,1,8,4788.21,1,8,56657.389,1,8,176.409,1,8,-9900,?,9,-9900,?,9,18.15,E,8,12.71,E,8,68.0,E,8,822.9788000000001,E,8,999.0,E,8,0.89,E,8,-9900,?,9,-9900,?,9,0.0,E,8,-9900,?,9,-9900,?,9,0.0,0.0,E,8
01/28/2020,12:00,1396.174,1409.496,628.3,1,8,57.506,1,8,571.338,1,8,75396.0,1,8,5463.052,1,8,62847.182,1,8,183.599,1,8,-9900,?,9,-9900,?,9,18.92,E,8,12.62,E,8,65.0,E,8,822.9788000000001,E,8,999.0,E,8,1.68,E,8,-9900,?,9,-9900,?,9,0.0,E,8,-9900,?,9,-9900,?,9,0.0,0.0,E,8
01/28/2020,13:00,1398.107,1409.496,651.66,1,8,66.256,1,8,585.94,1,8,78199.2,1,8,6294.288,1,8,64453.401,1,8,188.031,1,8,-9900,?,9,-9900,?,9,19.52,E,8,12.55,E,8,63.0,E,8,822.9788000000001,E,8,999.0,E,8,2.19,E,8,-9900,?,9,-9900,?,9,0.0,E,8,-9900,?,9,-9900,?,9,0.0,0.0,E,8
01/28/2020,14:00,1315.668,1409.496,630.32,1,8,78.527,1,8,557.024,1,8,75638.4,1,8,7460.05,1,8,61272.612,1,8,189.959,1,8,-9900,?,9,-9900,?,9,19.92,E,8,12.5,E,8,65.0,E,8,822.9788000000001,E,8,999.0,E,8,3.07,E,8,-9900,?,9,-9900,?,9,0.005,E,8,-9900,?,9,-9900,?,9,0.05,99.0,E,8
01/28/2020,15:00,1154.469,1409.496,565.77,1,8,196.881,1,8,404.535,1,8,67892.4,1,8,18703.693,1,8,44498.837,1,8,157.235,1,8,-9900,?,9,-9900,?,9,20.14,E,8,12.48,E,8,61.0,E,8,822.9788000000001,E,8,999.0,E,8,3.43,E,8,-9900,?,9,-9900,?,9,0.0,E,8,-9900,?,9,-9900,?,9,0.0,0.0,E,8
01/28/2020,16:00,925.511,1409.496,462.72,1,8,165.934,1,8,353.806,1,8,55526.4,1,8,15763.756,1,8,38918.612,1,8,171.58,1,8,-9900,?,9,-9900,?,9,20.16,E,8,12.47,E,8,65.0,E,8,822.9788000000001,E,8,999.0,E,8,2.22,E,8,-9900,?,9,-9900,?,9,0.003,E,8,-9900,?,9,-9900,?,9,0.03,99.0,E,8
01/28/2020,17:00,644.472,1409.496,328.95,1,8,249.058,1,8,215.197,1,8,39474.0,1,8,23660.525,1,8,23671.723,1,8,149.978,1,8,-9900,?,9,-9900,?,9,19.9,E,8,12.51,E,8,62.0,E,8,822.9788000000001,E,8,999.0,E,8,1.87,E,8,-9900,?,9,-9900,?,9,0.0,E,8,-9900,?,9,-9900,?,9,0.0,0.0,E,8
01/28/2020,18:00,330.905,1409.496,176.21,1,8,412.683,1,8,79.799,1,8,21145.2,1,8,39204.855,1,8,8777.843,1,8,108.726,1,8,-9900,?,9,-9900,?,9,19.37,E,8,12.57,E,8,67.0,E,8,822.9788000000001,E,8,999.0,E,8,1.33,E,8,-9900,?,9,-9900,?,9,0.007000000000000001,E,8,-9900,?,9,-9900,?,9,0.07,99.0,E,8
01/28/2020,19:00,14.544,1409.496,30.71,1,8,0.0,1,8,30.71,1,8,3685.2,1,8,0.0,1,8,3378.1,1,8,4369.249,1,8,-9900,?,9,-9900,?,9,18.65,E,8,12.65,E,8,70.0,E,8,822.9788000000001,E,8,999.0,E,8,1.0,E,8,-9900,?,9,-9900,?,9,0.01,E,8,-9900,?,9,-9900,?,9,0.1,99.0,E,8
01/28/2020,20:00,0.0,1409.496,0.0,1,8,0.0,1,8,0.0,1,8,0.0,1,8,0.0,1,8,0.0,1,8,-0.0,1,8,-9900,?,9,-9900,?,9,18.18,E,8,12.71,E,8,72.0,E,8,822.9788000000001,E,8,999.0,E,8,1.0,E,8,-9900,?,9,-9900,?,9,0.034999999999999996,E,8,-9900,?,9,-9900,?,9,0.35,99.0,E,8
01/28/2020,21:00,0.0,1409.496,0.0,1,8,0.0,1,8,0.0,1,8,0.0,1,8,0.0,1,8,0.0,1,8,-0.0,1,8,-9900,?,9,-9900,?,9,17.72,E,8,12.77,E,8,74.0,E,8,822.9788000000001,E,8,999.0,E,8,0.52,E,8,-9900,?,9,-9900,?,9,0.06,E,8,-9900,?,9,-9900,?,9,0.6,99.0,E,8
01/28/2020,22:00,0.0,1409.496,0.0,1,8,0.0,1,8,0.0,1,8,0.0,1,8,0.0,1,8,0.0,1,8,-0.0,1,8,-9900,?,9,-9900,?,9,17.25,E,8,12.82,E,8,75.0,E,8,822.9788000000001,E,8,999.0,E,8,0.52,E,8,-9900,?,9,-9900,?,9,0.046,E,8,-9900,?,9,-9900,?,9,0.46,99.0,E,8
01/28/2020,23:00,0.0,1409.496,0.0,1,8,0.0,1,8,0.0,1,8,0.0,1,8,0.0,1,8,0.0,1,8,-0.0,1,8,-9900,?,9,-9900,?,9,16.79,E,8,12.87,E,8,77.0,E,8,822.9788000000001,E,8,999.0,E,8,0.52,E,8,-9900,?,9,-9900,?,9,0.081,E,8,-9900,?,9,-9900,?,9,0.81,99.0,E,8
01/28/2020,24:00,0.0,1409.496,0.0,1,8,0.0,1,8,0.0,1,8,0.0,1,8,0.0,1,8,0.0,1,8,-0.0,1,8,-9900,?,9,-9900,?,9,16.32,E,8,14.87,E,8,88.0,E,8,822.9788000000001,E,8,999.0,E,8,0.65,E,8,-9900,?,9,-9900,?,9,0.032,E,8,-9900,?,9,-9900,?,9,0.32,99.0,E,8
01/29/2020,01:00,0.0,1409.496,0.0,1,8,0.0,1,8,0.0,1,8,0.0,1,8,0.0,1,8,0.0,1,8,-0.0,1,8,-9900,?,9,-9900,?,9,16.09,E,8,14.75,E,8,91.0,E,8,822.9788000000001,E,8,999.0,E,8,0.65,E,8,-9900,?,9,-9900,?,9,0.187,E,8,-9900,?,9,-9900,?,9,1.87,99.0,E,8
01/29/2020,02:00,0.0,1409.496,0.0,1,8,0.0,1,8,0.0,1,8,0.0,1,8,0.0,1,8,0.0,1,8,-0.0,1,8,-9900,?,9,-9900,?,9,15.85,E,8,14.61,E,8,89.0,E,8,822.9788000000001,E,8,999.0,E,8,0.65,E,8,-9900,?,9,-9900,?,9,0.076,E,8,-9900,?,9,-9900,?,9,0.76,99.0,E,8
01/29/2020,03:00,0.0,1409.496,0.0,1,8,0.0,1,8,0.0,1,8,0.0,1,8,0.0,1,8,0.0,1,8,-0.0,1,8,-9900,?,9,-9900,?,9,15.62,E,8,14.48,E,8,94.0,E,8,822.9788000000001,E,8,999.0,E,8,0.65,E,8,-9900,?,9,-9900,?,9,2.309,E,8,-9900,?,9,-9900,?,9,23.09,99.0,E,8
01/29/2020,04:00,0.0,1409.131,0.0,1,8,0.0,1,8,0.0,1,8,0.0,1,8,0.0,1,8,0.0,1,8,-0.0,1,8,-9900,?,9,-9900,?,9,15.39,E,8,14.35,E,8,90.0,E,8,822.9788000000001,E,8,999.0,E,8,0.65,E,8,-9900,?,9,-9900,?,9,0.05500000000000001,E,8,-9900,?,9,-9900,?,9,0.55,99.0,E,8
01/29/2020,05:00,0.0,1409.131,0.0,1,8,0.0,1,8,0.0,1,8,0.0,1,8,0.0,1,8,0.0,1,8,-0.0,1,8,-9900,?,9,-9900,?,9,15.18,E,8,14.23,E,8,90.0,E,8,822.9788000000001,E,8,999.0,E,8,0.65,E,8,-9900,?,9,-9900,?,9,0.019,E,8,-9900,?,9,-9900,?,9,0.19,99.0,E,8
01/29/2020,06:00,0.192,1409.131,0.0,1,8,0.0,1,8,0.0,1,8,0.0,1,8,0.0,1,8,0.0,1,8,-0.0,1,8,-9900,?,9,-9900,?,9,15.03,E,8,14.15,E,8,90.0,E,8,822.9788000000001,E,8,999.0,E,8,0.65,E,8,-9900,?,9,-9900,?,9,0.041999999999999996,E,8,-9900,?,9,-9900,?,9,0.42,99.0,E,8
01/29/2020,07:00,314.002,1409.131,22.81,1,8,0.0,1,8,22.81,1,8,2737.2,1,8,0.0,1,8,2509.1,1,8,32.761,1,8,-9900,?,9,-9900,?,9,14.87,E,8,14.06,E,8,90.0,E,8,822.9788000000001,E,8,999.0,E,8,0.65,E,8,-9900,?,9,-9900,?,9,0.024,E,8,-9900,?,9,-9900,?,9,0.24,99.0,E,8
01/29/2020,08:00,628.636,1409.131,262.09,1,8,111.409,1,8,212.447,1,8,31450.8,1,8,10583.887,1,8,23369.154,1,8,151.762,1,8,-9900,?,9,-9900,?,9,16.67,E,8,15.06,E,8,86.0,E,8,822.9788000000001,E,8,999.0,E,8,0.65,E,8,-9900,?,9,-9900,?,9,0.0,E,8,-9900,?,9,-9900,?,9,0.0,0.0,E,8
01/29/2020,09:00,911.851,1409.131,276.64,1,8,34.479,1,8,254.338,1,8,33196.8,1,8,3275.467,1,8,27977.171,1,8,125.16,1,8,-9900,?,9,-9900,?,9,17.24,E,8,15.37,E,8,87.0,E,8,822.9788000000001,E,8,999.0,E,8,0.65,E,8,-9900,?,9,-9900,?,9,0.011,E,8,-9900,?,9,-9900,?,9,0.11,99.0,E,8
01/29/2020,10:00,1143.88,1409.131,557.21,1,8,170.801,1,8,418.581,1,8,66865.2,1,8,16226.07,1,8,46043.946,1,8,164.16,1,8,-9900,?,9,-9900,?,9,18.41,E,8,15.98,E,8,83.0,E,8,822.9788000000001,E,8,999.0,E,8,0.65,E,8,-9900,?,9,-9900,?,9,0.0,E,8,-9900,?,9,-9900,?,9,0.0,0.0,E,8
01/29/2020,11:00,1308.8,1409.131,655.06,1,8,201.074,1,8,468.311,1,8,78607.2,1,8,19102.073,1,8,51514.191,1,8,160.503,1,8,-9900,?,9,-9900,?,9,19.35,E,8,16.46,E,8,82.0,E,8,822.9788000000001,E,8,999.0,E,8,0.83,E,8,-9900,?,9,-9900,?,9,0.0,E,8,-9900,?,9,-9900,?,9,0.0,0.0,E,8
01/29/2020,12:00,1395.324,1409.131,297.18,1,8,3.273,1,8,293.939,1,8,35661.6,1,8,310.925,1,8,32333.312,1,8,94.49,1,8,-9900,?,9,-9900,?,9,19.23,E,8,16.4,E,8,85.0,E,8,822.9788000000001,E,8,999.0,E,8,1.48,E,8,-9900,?,9,-9900,?,9,0.008,E,8,-9900,?,9,-9900,?,9,0.08,99.0,E,8
01/29/2020,13:00,1397.527,1409.131,278.47,1,8,3.171,1,8,275.325,1,8,33416.4,1,8,301.268,1,8,30285.737,1,8,88.367,1,8,-9900,?,9,-9900,?,9,19.11,E,8,16.34,E,8,85.0,E,8,822.9788000000001,E,8,999.0,E,8,2.34,E,8,-9900,?,9,-9900,?,9,0.014000000000000002,E,8,-9900,?,9,-9900,?,9,0.14,99.0,E,8
01/29/2020,14:00,1315.243,1409.131,576.33,1,8,116.416,1,8,467.676,1,8,69159.6,1,8,11059.473,1,8,51444.334,1,8,159.499,1,8,-9900,?,9,-9900,?,9,19.49,E,8,16.53,E,8,87.0,E,8,822.9788000000001,E,8,999.0,E,8,4.11,E,8,-9900,?,9,-9900,?,9,0.11000000000000001,E,8,-9900,?,9,-9900,?,9,1.1,99.0,E,8
01/29/2020,15:00,1154.072,1409.131,517.35,1,8,137.166,1,8,405.028,1,8,62082.0,1,8,13030.746,1,8,44553.087,1,8,157.44,1,8,-9900,?,9,-9900,?,9,19.71,E,8,16.64,E,8,84.0,E,8,822.9788000000001,E,8,999.0,E,8,3.31,E,8,-9900,?,9,-9900,?,9,0.004,E,8,-9900,?,9,-9900,?,9,0.04,99.0,E,8
01/29/2020,16:00,925.012,1409.131,423.08,1,8,116.508,1,8,346.629,1,8,50769.6,1,8,11068.297,1,8,38129.153,1,8,168.146,1,8,-9900,?,9,-9900,?,9,19.76,E,8,16.66,E,8,84.0,E,8,822.9788000000001,E,8,999.0,E,8,1.91,E,8,-9900,?,9,-9900,?,9,0.001,E,8,-9900,?,9,-9900,?,9,0.01,99.0,E,8
01/29/2020,17:00,643.752,1409.131,300.65,1,8,178.253,1,8,219.306,1,8,36078.0,1,8,16934.075,1,8,24123.694,1,8,152.973,1,8,-9900,?,9,-9900,?,9,19.59,E,8,16.58,E,8,82.0,E,8,822.9788000000001,E,8,999.0,E,8,0.95,E,8,-9900,?,9,-9900,?,9,0.0,E,8,-9900,?,9,-9900,?,9,0.0,0.0,E,8
01/29/2020,18:00,329.859,1409.131,160.82,1,8,312.225,1,8,88.091,1,8,19298.4,1,8,29661.399,1,8,9690.051,1,8,120.378,1,8,-9900,?,9,-9900,?,9,19.2,E,8,16.39,E,8,82.0,E,8,822.9788000000001,E,8,999.0,E,8,0.65,E,8,-9900,?,9,-9900,?,9,0.0,E,8,-9900,?,9,-9900,?,9,0.0,0.0,E,8
01/29/2020,19:00,13.283,1409.131,27.72,1,8,0.0,1,8,27.72,1,8,3326.4,1,8,0.0,1,8,3049.2,1,8,7355.822,1,8,-9900,?,9,-9900,?,9,18.65,E,8,16.11,E,8,86.0,E,8,822.9788000000001,E,8,999.0,E,8,0.65,E,8,-9900,?,9,-9900,?,9,0.002,E,8,-9900,?,9,-9900,?,9,0.02,99.0,E,8
01/29/2020,20:00,0.0,1409.131,0.0,1,8,0.0,1,8,0.0,1,8,0.0,1,8,0.0,1,8,0.0,1,8,-0.0,1,8,-9900,?,9,-9900,?,9,18.13,E,8,15.84,E,8,84.0,E,8,822.9788000000001,E,8,999.0,E,8,0.65,E,8,-9900,?,9,-9900,?,9,0.0,E,8,-9900,?,9,-9900,?,9,0.0,0.0,E,8
01/29/2020,21:00,0.0,1409.131,0.0,1,8,0.0,1,8,0.0,1,8,0.0,1,8,0.0,1,8,0.0,1,8,-0.0,1,8,-9900,?,9,-9900,?,9,17.61,E,8,15.57,E,8,84.0,E,8,822.9788000000001,E,8,999.0,E,8,0.65,E,8,-9900,?,9,-9900,?,9,0.0,E,8,-9900,?,9,-9900,?,9,0.0,0.0,E,8
01/29/2020,22:00,0.0,1409.131,0.0,1,8,0.0,1,8,0.0,1,8,0.0,1,8,0.0,1,8,0.0,1,8,-0.0,1,8,-9900,?,9,-9900,?,9,17.08,E,8,15.29,E,8,88.0,E,8,822.9788000000001,E,8,999.0,E,8,0.65,E,8,-9900,?,9,-9900,?,9,0.001,E,8,-9900,?,9,-9900,?,9,0.01,99.0,E,8
01/29/2020,23:00,0.0,1409.131,0.0,1,8,0.0,1,8,0.0,1,8,0.0,1,8,0.0,1,8,0.0,1,8,-0.0,1,8,-9900,?,9,-9900,?,9,16.56,E,8,15.0,E,8,88.0,E,8,822.9788000000001,E,8,999.0,E,8,0.65,E,8,-9900,?,9,-9900,?,9,0.006,E,8,-9900,?,9,-9900,?,9,0.06,99.0,E,8
01/29/2020,24:00,0.0,1409.131,0.0,1,8,0.0,1,8,0.0,1,8,0.0,1,8,0.0,1,8,0.0,1,8,-0.0,1,8,-9900,?,9,-9900,?,9,16.04,E,8,15.64,E,8,98.0,E,8,822.9788000000001,E,8,999.0,E,8,0.9,E,8,-9900,?,9,-9900,?,9,0.137,E,8,-9900,?,9,-9900,?,9,1.37,99.0,E,8
01/30/2020,01:00,0.0,1409.131,0.0,1,8,0.0,1,8,0.0,1,8,0.0,1,8,0.0,1,8,0.0,1,8,-0.0,1,8,-9900,?,9,-9900,?,9,15.78,E,8,15.45,E,8,98.0,E,8,822.9788000000001,E,8,999.0,E,8,0.9,E,8,-9900,?,9,-9900,?,9,0.11200000000000002,E,8,-9900,?,9,-9900,?,9,1.12,99.0,E,8
01/30/2020,02:00,0.0,1409.131,0.0,1,8,0.0,1,8,0.0,1,8,0.0,1,8,0.0,1,8,0.0,1,8,-0.0,1,8,-9900,?,9,-9900,?,9,15.52,E,8,15.26,E,8,98.0,E,8,822.9788000000001,E,8,999.0,E,8,0.9,E,8,-9900,?,9,-9900,?,9,0.254,E,8,-9900,?,9,-9900,?,9,2.54,99.0,E,8
01/30/2020,03:00,0.0,1409.131,0.0,1,8,0.0,1,8,0.0,1,8,0.0,1,8,0.0,1,8,0.0,1,8,-0.0,1,8,-9900,?,9,-9900,?,9,15.26,E,8,15.06,E,8,97.0,E,8,822.9788000000001,E,8,999.0,E,8,0.9,E,8,-9900,?,9,-9900,?,9,0.031,E,8,-9900,?,9,-9900,?,9,0.31,99.0,E,8
01/30/2020,04:00,0.0,1408.752,0.0,1,8,0.0,1,8,0.0,1,8,0.0,1,8,0.0,1,8,0.0,1,8,-0.0,1,8,-9900,?,9,-9900,?,9,15.0,E,8,14.86,E,8,97.0,E,8,822.9788000000001,E,8,999.0,E,8,0.9,E,8,-9900,?,9,-9900,?,9,0.018,E,8,-9900,?,9,-9900,?,9,0.18,99.0,E,8
01/30/2020,05:00,0.0,1408.752,0.0,1,8,0.0,1,8,0.0,1,8,0.0,1,8,0.0,1,8,0.0,1,8,-0.0,1,8,-9900,?,9,-9900,?,9,14.77,E,8,14.69,E,8,97.0,E,8,822.9788000000001,E,8,999.0,E,8,0.9,E,8,-9900,?,9,-9900,?,9,0.001,E,8,-9900,?,9,-9900,?,9,0.01,99.0,E,8
01/30/2020,06:00,0.0,1408.752,0.0,1,8,0.0,1,8,0.0,1,8,0.0,1,8,0.0,1,8,0.0,1,8,-0.0,1,8,-9900,?,9,-9900,?,9,14.59,E,8,14.55,E,8,97.0,E,8,822.9788000000001,E,8,999.0,E,8,0.9,E,8,-9900,?,9,-9900,?,9,0.006,E,8,-9900,?,9,-9900,?,9,0.06,99.0,E,8
01/30/2020,07:00,310.943,1408.752,4.62,1,8,0.0,1,8,4.62,1,8,554.4,1,8,0.0,1,8,508.2,1,8,6.7,1,8,-9900,?,9,-9900,?,9,14.42,E,8,14.41,E,8,98.0,E,8,822.9788000000001,E,8,999.0,E,8,0.9,E,8,-9900,?,9,-9900,?,9,0.16699999999999998,E,8,-9900,?,9,-9900,?,9,1.67,99.0,E,8
01/30/2020,08:00,626.025,1408.752,32.21,1,8,0.0,1,8,32.21,1,8,3865.2,1,8,0.0,1,8,3543.1,1,8,23.099,1,8,-9900,?,9,-9900,?,9,14.94,E,8,14.82,E,8,99.0,E,8,822.9788000000001,E,8,999.0,E,8,0.9,E,8,-9900,?,9,-9900,?,9,9.942,E,8,-9900,?,9,-9900,?,9,99.42,99.0,E,8
01/30/2020,09:00,909.719,1408.752,61.87,1,8,0.0,1,8,61.87,1,8,7424.4,1,8,0.0,1,8,6805.7,1,8,30.51,1,8,-9900,?,9,-9900,?,9,15.35,E,8,15.13,E,8,98.0,E,8,822.9788000000001,E,8,999.0,E,8,0.9,E,8,-9900,?,9,-9900,?,9,0.321,E,8,-9900,?,9,-9900,?,9,3.21,99.0,E,8
01/30/2020,10:00,1142.215,1408.752,88.01,1,8,0.0,1,8,88.01,1,8,10561.2,1,8,0.0,1,8,9681.1,1,8,34.557,1,8,-9900,?,9,-9900,?,9,15.74,E,8,15.42,E,8,97.0,E,8,822.9788000000001,E,8,999.0,E,8,0.9,E,8,-9900,?,9,-9900,?,9,0.024,E,8,-9900,?,9,-9900,?,9,0.24,99.0,E,8
01/30/2020,11:00,1307.559,1408.752,108.31,1,8,0.0,1,8,108.31,1,8,12997.2,1,8,0.0,1,8,11914.1,1,8,37.146,1,8,-9900,?,9,-9900,?,9,16.08,E,8,15.67,E,8,97.0,E,8,822.9788000000001,E,8,999.0,E,8,0.9,E,8,-9900,?,9,-9900,?,9,0.092,E,8,-9900,?,9,-9900,?,9,0.92,99.0,E,8
01/30/2020,12:00,1394.432,1408.752,121.22,1,8,0.547,1,8,120.678,1,8,14546.4,1,8,51.996,1,8,13274.607,1,8,38.808,1,8,-9900,?,9,-9900,?,9,16.38,E,8,15.89,E,8,98.0,E,8,822.9788000000001,E,8,999.0,E,8,0.9,E,8,-9900,?,9,-9900,?,9,0.205,E,8,-9900,?,9,-9900,?,9,2.05,99.0,E,8
01/30/2020,13:00,1396.887,1408.752,125.8,1,8,0.942,1,8,124.866,1,8,15096.0,1,8,89.475,1,8,13735.27,1,8,40.084,1,8,-9900,?,9,-9900,?,9,16.6,E,8,16.04,E,8,98.0,E,8,822.9788000000001,E,8,999.0,E,8,1.01,E,8,-9900,?,9,-9900,?,9,0.41900000000000004,E,8,-9900,?,9,-9900,?,9,4.19,99.0,E,8
01/30/2020,14:00,1314.739,1408.752,121.71,1,8,0.63,1,8,121.122,1,8,14605.2,1,8,59.823,1,8,13323.456,1,8,41.313,1,8,-9900,?,9,-9900,?,9,16.76,E,8,16.16,E,8,99.0,E,8,822.9788000000001,E,8,999.0,E,8,1.06,E,8,-9900,?,9,-9900,?,9,0.9380000000000001,E,8,-9900,?,9,-9900,?,9,9.38,99.0,E,8
01/30/2020,15:00,1153.579,1408.752,109.26,1,8,0.0,1,8,109.26,1,8,13111.2,1,8,0.0,1,8,12018.6,1,8,42.478,1,8,-9900,?,9,-9900,?,9,16.84,E,8,16.22,E,8,99.0,E,8,822.9788000000001,E,8,999.0,E,8,0.95,E,8,-9900,?,9,-9900,?,9,0.58,E,8,-9900,?,9,-9900,?,9,5.8,99.0,E,8
01/30/2020,16:00,924.406,1408.752,89.34,1,8,0.0,1,8,89.34,1,8,10720.8,1,8,0.0,1,8,9827.4,1,8,43.355,1,8,-9900,?,9,-9900,?,9,16.85,E,8,16.22,E,8,96.0,E,8,822.9788000000001,E,8,999.0,E,8,0.9,E,8,-9900,?,9,-9900,?,9,0.075,E,8,-9900,?,9,-9900,?,9,0.75,99.0,E,8
01/30/2020,17:00,642.914,1408.752,63.46,1,8,0.0,1,8,63.46,1,8,7615.2,1,8,0.0,1,8,6980.6,1,8,44.311,1,8,-9900,?,9,-9900,?,9,16.75,E,8,16.15,E,8,96.0,E,8,822.9788000000001,E,8,999.0,E,8,0.9,E,8,-9900,?,9,-9900,?,9,0.04,E,8,-9900,?,9,-9900,?,9,0.4,99.0,E,8
01/30/2020,18:00,328.693,1408.752,33.89,1,8,0.0,1,8,33.89,1,8,4066.8,1,8,0.0,1,8,3727.9,1,8,46.464,1,8,-9900,?,9,-9900,?,9,16.55,E,8,16.01,E,8,96.0,E,8,822.9788000000001,E,8,999.0,E,8,1.35,E,8,-9900,?,9,-9900,?,9,0.05,E,8,-9900,?,9,-9900,?,9,0.5,99.0,E,8
01/30/2020,19:00,11.922,1408.752,5.77,1,8,0.0,1,8,5.77,1,8,692.4,1,8,0.0,1,8,634.7,1,8,24340.666,1,8,-9900,?,9,-9900,?,9,16.28,E,8,15.81,E,8,96.0,E,8,822.9788000000001,E,8,999.0,E,8,2.23,E,8,-9900,?,9,-9900,?,9,0.061,E,8,-9900,?,9,-9900,?,9,0.61,99.0,E,8
01/30/2020,20:00,0.0,1408.752,0.0,1,8,0.0,1,8,0.0,1,8,0.0,1,8,0.0,1,8,0.0,1,8,-0.0,1,8,-9900,?,9,-9900,?,9,16.01,E,8,15.62,E,8,97.0,E,8,822.9788000000001,E,8,999.0,E,8,2.55,E,8,-9900,?,9,-9900,?,9,0.013000000000000001,E,8,-9900,?,9,-9900,?,9,0.13,99.0,E,8
01/30/2020,21:00,0.0,1408.752,0.0,1,8,0.0,1,8,0.0,1,8,0.0,1,8,0.0,1,8,0.0,1,8,-0.0,1,8,-9900,?,9,-9900,?,9,15.74,E,8,15.42,E,8,97.0,E,8,822.9788000000001,E,8,999.0,E,8,1.56,E,8,-9900,?,9,-9900,?,9,0.009,E,8,-9900,?,9,-9900,?,9,0.09,99.0,E,8
01/30/2020,22:00,0.0,1408.752,0.0,1,8,0.0,1,8,0.0,1,8,0.0,1,8,0.0,1,8,0.0,1,8,-0.0,1,8,-9900,?,9,-9900,?,9,15.46,E,8,15.21,E,8,96.0,E,8,822.9788000000001,E,8,999.0,E,8,0.99,E,8,-9900,?,9,-9900,?,9,0.0,E,8,-9900,?,9,-9900,?,9,0.0,0.0,E,8
01/30/2020,23:00,0.0,1408.752,0.0,1,8,0.0,1,8,0.0,1,8,0.0,1,8,0.0,1,8,0.0,1,8,-0.0,1,8,-9900,?,9,-9900,?,9,15.19,E,8,15.01,E,8,97.0,E,8,822.9788000000001,E,8,999.0,E,8,0.9,E,8,-9900,?,9,-9900,?,9,0.003,E,8,-9900,?,9,-9900,?,9,0.03,99.0,E,8
01/30/2020,24:00,0.0,1408.752,0.0,1,8,0.0,1,8,0.0,1,8,0.0,1,8,0.0,1,8,0.0,1,8,-0.0,1,8,-9900,?,9,-9900,?,9,14.92,E,8,14.64,E,8,95.0,E,8,822.9788000000001,E,8,999.0,E,8,2.1,E,8,-9900,?,9,-9900,?,9,0.068,E,8,-9900,?,9,-9900,?,9,0.68,99.0,E,8
01/31/2020,01:00,0.0,1408.752,0.0,1,8,0.0,1,8,0.0,1,8,0.0,1,8,0.0,1,8,0.0,1,8,-0.0,1,8,-9900,?,9,-9900,?,9,14.78,E,8,14.55,E,8,98.0,E,8,822.9788000000001,E,8,999.0,E,8,1.95,E,8,-9900,?,9,-9900,?,9,0.236,E,8,-9900,?,9,-9900,?,9,2.36,99.0,E,8
01/31/2020,02:00,0.0,1408.752,0.0,1,8,0.0,1,8,0.0,1,8,0.0,1,8,0.0,1,8,0.0,1,8,-0.0,1,8,-9900,?,9,-9900,?,9,14.65,E,8,14.46,E,8,98.0,E,8,822.9788000000001,E,8,999.0,E,8,1.4,E,8,-9900,?,9,-9900,?,9,0.10400000000000001,E,8,-9900,?,9,-9900,?,9,1.04,99.0,E,8
01/31/2020,03:00,0.0,1408.752,0.0,1,8,0.0,1,8,0.0,1,8,0.0,1,8,0.0,1,8,0.0,1,8,-0.0,1,8,-9900,?,9,-9900,?,9,14.51,E,8,14.37,E,8,98.0,E,8,822.9788000000001,E,8,999.0,E,8,1.61,E,8,-9900,?,9,-9900,?,9,0.131,E,8,-9900,?,9,-9900,?,9,1.31,99.0,E,8
01/31/2020,04:00,0.0,1408.36,0.0,1,8,0.0,1,8,0.0,1,8,0.0,1,8,0.0,1,8,0.0,1,8,-0.0,1,8,-9900,?,9,-9900,?,9,14.37,E,8,14.27,E,8,96.0,E,8,822.9788000000001,E,8,999.0,E,8,1.39,E,8,-9900,?,9,-9900,?,9,0.02,E,8,-9900,?,9,-9900,?,9,0.2,99.0,E,8
01/31/2020,05:00,0.0,1408.36,0.0,1,8,0.0,1,8,0.0,1,8,0.0,1,8,0.0,1,8,0.0,1,8,-0.0,1,8,-9900,?,9,-9900,?,9,14.25,E,8,14.19,E,8,96.0,E,8,822.9788000000001,E,8,999.0,E,8,1.39,E,8,-9900,?,9,-9900,?,9,0.002,E,8,-9900,?,9,-9900,?,9,0.02,99.0,E,8
01/31/2020,06:00,0.0,1408.36,0.0,1,8,0.0,1,8,0.0,1,8,0.0,1,8,0.0,1,8,0.0,1,8,-0.0,1,8,-9900,?,9,-9900,?,9,14.16,E,8,14.13,E,8,96.0,E,8,822.9788000000001,E,8,999.0,E,8,1.39,E,8,-9900,?,9,-9900,?,9,0.016,E,8,-9900,?,9,-9900,?,9,0.16,99.0,E,8
01/31/2020,07:00,307.908,1408.36,5.91,1,8,0.0,1,8,5.91,1,8,709.2,1,8,0.0,1,8,650.1,1,8,8.653,1,8,-9900,?,9,-9900,?,9,14.07,E,8,14.07,E,8,96.0,E,8,822.9788000000001,E,8,999.0,E,8,1.39,E,8,-9900,?,9,-9900,?,9,0.001,E,8,-9900,?,9,-9900,?,9,0.01,99.0,E,8
01/31/2020,08:00,623.432,1408.36,42.67,1,8,0.0,1,8,42.67,1,8,5120.4,1,8,0.0,1,8,4693.7,1,8,30.72,1,8,-9900,?,9,-9900,?,9,14.68,E,8,14.48,E,8,93.0,E,8,822.9788000000001,E,8,999.0,E,8,1.39,E,8,-9900,?,9,-9900,?,9,0.0,E,8,-9900,?,9,-9900,?,9,0.0,0.0,E,8
01/31/2020,09:00,907.594,1408.36,82.31,1,8,0.0,1,8,82.31,1,8,9877.2,1,8,0.0,1,8,9054.1,1,8,40.673,1,8,-9900,?,9,-9900,?,9,15.16,E,8,14.81,E,8,95.0,E,8,822.9788000000001,E,8,999.0,E,8,1.39,E,8,-9900,?,9,-9900,?,9,0.007000000000000001,E,8,-9900,?,9,-9900,?,9,0.07,99.0,E,8
01/31/2020,10:00,1140.544,1408.36,117.28,1,8,0.182,1,8,117.133,1,8,14073.6,1,8,17.25,1,8,12884.627,1,8,46.047,1,8,-9900,?,9,-9900,?,9,15.62,E,8,15.11,E,8,95.0,E,8,822.9788000000001,E,8,999.0,E,8,1.39,E,8,-9900,?,9,-9900,?,9,0.01,E,8,-9900,?,9,-9900,?,9,0.1,99.0,E,8
01/31/2020,11:00,1306.293,1408.36,144.44,1,8,2.384,1,8,142.228,1,8,17332.8,1,8,226.523,1,8,15645.131,1,8,48.812,1,8,-9900,?,9,-9900,?,9,16.04,E,8,15.38,E,8,94.0,E,8,822.9788000000001,E,8,999.0,E,8,1.39,E,8,-9900,?,9,-9900,?,9,0.046,E,8,-9900,?,9,-9900,?,9,0.46,99.0,E,8
01/31/2020,12:00,1393.498,1408.36,161.73,1,8,3.497,1,8,158.27,1,8,19407.6,1,8,332.243,1,8,17409.659,1,8,50.916,1,8,-9900,?,9,-9900,?,9,16.38,E,8,15.6,E,8,96.0,E,8,822.9788000000001,E,8,999.0,E,8,1.39,E,8,-9900,?,9,-9900,?,9,0.382,E,8,-9900,?,9,-9900,?,9,3.82,99.0,E,8
01/31/2020,13:00,1396.185,1408.36,167.87,1,8,3.845,1,8,164.059,1,8,20144.4,1,8,365.247,1,8,18046.441,1,8,52.677,1,8,-9900,?,9,-9900,?,9,16.65,E,8,15.77,E,8,94.0,E,8,822.9788000000001,E,8,999.0,E,8,1.67,E,8,-9900,?,9,-9900,?,9,0.031,E,8,-9900,?,9,-9900,?,9,0.31,99.0,E,8
01/31/2020,14:00,1314.155,1408.36,162.45,1,8,3.494,1,8,159.19,1,8,19494.0,1,8,331.924,1,8,17510.891,1,8,54.306,1,8,-9900,?,9,-9900,?,9,16.84,E,8,15.89,E,8,94.0,E,8,822.9788000000001,E,8,999.0,E,8,1.39,E,8,-9900,?,9,-9900,?,9,0.004,E,8,-9900,?,9,-9900,?,9,0.04,99.0,E,8
01/31/2020,15:00,1152.991,1408.36,145.83,1,8,2.299,1,8,143.948,1,8,17499.6,1,8,218.405,1,8,15834.295,1,8,55.977,1,8,-9900,?,9,-9900,?,9,16.94,E,8,15.95,E,8,93.0,E,8,822.9788000000001,E,8,999.0,E,8,1.39,E,8,-9900,?,9,-9900,?,9,0.001,E,8,-9900,?,9,-9900,?,9,0.01,99.0,E,8
01/31/2020,16:00,923.691,1408.36,119.22,1,8,0.0,1,8,119.22,1,8,14306.4,1,8,0.0,1,8,13114.2,1,8,57.884,1,8,-9900,?,9,-9900,?,9,16.95,E,8,15.96,E,8,93.0,E,8,822.9788000000001,E,8,999.0,E,8,1.54,E,8,-9900,?,9,-9900,?,9,0.013000000000000001,E,8,-9900,?,9,-9900,?,9,0.13,99.0,E,8
01/31/2020,17:00,641.959,1408.36,84.64,1,8,0.0,1,8,84.64,1,8,10156.8,1,8,0.0,1,8,9310.4,1,8,59.172,1,8,-9900,?,9,-9900,?,9,16.83,E,8,15.88,E,8,94.0,E,8,822.9788000000001,E,8,999.0,E,8,1.79,E,8,-9900,?,9,-9900,?,9,0.05600000000000001,E,8,-9900,?,9,-9900,?,9,0.56,99.0,E,8
01/31/2020,18:00,327.405,1408.36,51.314,1,8,0.0,1,8,51.314,1,8,6157.68,1,8,0.0,1,8,5644.54,1,8,70.613,1,8,-9900,?,9,-9900,?,9,16.524,E,8,15.688,E,8,94.2,E,8,822.9788000000001,E,8,999.0,E,8,2.22,E,8,-9900,?,9,-9900,?,9,0.0566,E,8,-9900,?,9,-9900,?,9,0.566,99.0,E,8
01/31/2020,19:00,10.464,1408.36,27.47,1,8,0.0,1,8,0.0,1,8,3296.4,1,8,0.0,1,8,0.0,1,8,-0.0,1,8,-9900,?,9,-9900,?,9,16.272,E,8,15.526,E,8,94.6,E,8,822.9788000000001,E,8,999.0,E,8,2.19,E,8,-9900,?,9,-9900,?,9,0.059,E,8,-9900,?,9,-9900,?,9,0.59,99.0,E,8
01/31/2020,20:00,0.0,1408.36,10.542,1,8,0.0,1,8,0.0,1,8,1265.04,1,8,0.0,1,8,0.0,1,8,-0.0,1,8,-9900,?,9,-9900,?,9,15.986,E,8,15.342,E,8,94.8,E,8,822.9788000000001,E,8,999.0,E,8,2.11,E,8,-9900,?,9,-9900,?,9,0.0644,E,8,-9900,?,9,-9900,?,9,0.644,99.0,E,8
01/31/2020,21:00,0.0,1408.36,1.516,1,8,0.0,1,8,0.0,1,8,181.92,1,8,0.0,1,8,0.0,1,8,-0.0,1,8,-9900,?,9,-9900,?,9,15.688,E,8,15.15,E,8,95.4,E,8,822.9788000000001,E,8,999.0,E,8,1.826,E,8,-9900,?,9,-9900,?,9,0.8402,E,8,-9900,?,9,-9900,?,9,8.402,99.0,E,8
01/31/2020,22:00,0.0,1408.36,0.0,1,8,0.0,1,8,0.0,1,8,0.0,1,8,0.0,1,8,0.0,1,8,-0.0,1,8,-9900,?,9,-9900,?,9,15.796,E,8,15.152,E,8,94.8,E,8,822.9788000000001,E,8,999.0,E,8,1.31,E,8,-9900,?,9,-9900,?,9,0.8326,E,8,-9900,?,9,-9900,?,9,8.326,99.0,E,8
01/31/2020,23:00,0.0,1408.36,0.0,1,8,0.0,1,8,0.0,1,8,0.0,1,8,0.0,1,8,0.0,1,8,-0.0,1,8,-9900,?,9,-9900,?,9,15.898,E,8,15.154,E,8,94.4,E,8,822.9788000000001,E,8,999.0,E,8,1.082,E,8,-9900,?,9,-9900,?,9,0.8316000000000001,E,8,-9900,?,9,-9900,?,9,8.316,99.0,E,8
01/31/2022,24:00,0.0,1408.36,0.0,1,8,0.0,1,8,0.0,1,8,0.0,1,8,0.0,1,8,0.0,1,8,-0.0,1,8,-9900,?,9,-9900,?,9,15.994,E,8,15.156,E,8,94.0,E,8,822.9788000000001,E,8,999.0,E,8,0.928,E,8,-9900,?,9,-9900,?,9,0.8266,E,8,-9900,?,9,-9900,?,9,8.266,99.0,E,8
02/01/2022,01:00,0.0,1408.36,0.0,1,8,0.0,1,8,0.0,1,8,0.0,1,8,0.0,1,8,0.0,1,8,-0.0,1,8,-9900,?,9,-9900,?,9,16.084,E,8,15.158,E,8,93.8,E,8,822.9788000000001,E,8,999.0,E,8,0.774,E,8,-9900,?,9,-9900,?,9,0.8099999999999999,E,8,-9900,?,9,-9900,?,9,8.1,99.0,E,8
02/01/2022,02:00,0.0,1408.36,0.0,1,8,0.0,1,8,0.0,1,8,0.0,1,8,0.0,1,8,0.0,1,8,-0.0,1,8,-9900,?,9,-9900,?,9,16.17,E,8,15.158,E,8,92.8,E,8,822.9788000000001,E,8,999.0,E,8,0.62,E,8,-9900,?,9,-9900,?,9,0.0,E,8,-9900,?,9,-9900,?,9,0.0,0.0,E,8
02/01/2022,03:00,0.0,1408.36,0.0,1,8,0.0,1,8,0.0,1,8,0.0,1,8,0.0,1,8,0.0,1,8,-0.0,1,8,-9900,?,9,-9900,?,9,15.856,E,8,14.968,E,8,93.6,E,8,822.9788000000001,E,8,999.0,E,8,0.62,E,8,-9900,?,9,-9900,?,9,0.0,E,8,-9900,?,9,-9900,?,9,0.0,0.0,E,8
02/01/2022,04:00,0.0,1407.955,0.0,1,8,0.0,1,8,0.0,1,8,0.0,1,8,0.0,1,8,0.0,1,8,-0.0,1,8,-9900,?,9,-9900,?,9,15.564,E,8,14.79,E,8,94.2,E,8,822.9788000000001,E,8,999.0,E,8,0.62,E,8,-9900,?,9,-9900,?,9,0.0,E,8,-9900,?,9,-9900,?,9,0.0,0.0,E,8
02/01/2022,05:00,0.0,1407.955,3.768,1,8,0.0,1,8,0.0,1,8,452.16,1,8,0.0,1,8,0.0,1,8,-0.0,1,8,-9900,?,9,-9900,?,9,15.294,E,8,14.624,E,8,94.8,E,8,822.9788000000001,E,8,999.0,E,8,0.62,E,8,-9900,?,9,-9900,?,9,0.0,E,8,-9900,?,9,-9900,?,9,0.0,0.0,E,8
02/01/2022,06:00,0.0,1407.955,0.0,1,8,0.0,1,8,0.0,1,8,0.0,1,8,0.0,1,8,0.0,1,8,-0.0,1,8,-9900,?,9,-9900,?,9,15.03,E,8,14.46,E,8,95.0,E,8,822.9788000000001,E,8,999.0,E,8,0.62,E,8,-9900,?,9,-9900,?,9,0.0,E,8,-9900,?,9,-9900,?,9,0.0,0.0,E,8
02/01/2022,07:00,303.617,1407.955,18.84,1,8,0.0,1,8,18.84,1,8,2260.8,1,8,0.0,1,8,2072.4,1,8,27.972,1,8,-9900,?,9,-9900,?,9,14.82,E,8,14.33,E,8,96.0,E,8,822.9788000000001,E,8,999.0,E,8,0.62,E,8,-9900,?,9,-9900,?,9,0.0,E,8,-9900,?,9,-9900,?,9,0.0,0.0,E,8
02/01/2022,08:00,619.827,1407.955,124.5,1,8,0.0,1,8,124.5,1,8,14940.0,1,8,0.0,1,8,13695.0,1,8,90.129,1,8,-9900,?,9,-9900,?,9,15.77,E,8,14.92,E,8,94.0,E,8,822.9788000000001,E,8,999.0,E,8,0.62,E,8,-9900,?,9,-9900,?,9,0.0,E,8,-9900,?,9,-9900,?,9,0.0,0.0,E,8
02/01/2022,09:00,904.691,1407.955,422.72,1,8,127.379,1,8,340.906,1,8,50726.4,1,8,12101.049,1,8,37499.623,1,8,168.949,1,8,-9900,?,9,-9900,?,9,17.32,E,8,15.83,E,8,90.0,E,8,822.9788000000001,E,8,999.0,E,8,0.62,E,8,-9900,?,9,-9900,?,9,0.0,E,8,-9900,?,9,-9900,?,9,0.0,0.0,E,8
02/01/2022,10:00,1138.296,1407.955,644.23,1,8,256.681,1,8,436.742,1,8,77307.6,1,8,24384.727,1,8,48041.612,1,8,171.979,1,8,-9900,?,9,-9900,?,9,18.83,E,8,16.68,E,8,87.0,E,8,822.9788000000001,E,8,999.0,E,8,0.62,E,8,-9900,?,9,-9900,?,9,0.0,E,8,-9900,?,9,-9900,?,9,0.0,0.0,E,8
02/01/2022,11:00,1304.608,1407.955,518.21,1,8,52.302,1,8,469.75,1,8,62185.2,1,8,4968.674,1,8,51672.456,1,8,161.379,1,8,-9900,?,9,-9900,?,9,19.4,E,8,16.99,E,8,85.0,E,8,822.9788000000001,E,8,999.0,E,8,1.02,E,8,-9900,?,9,-9900,?,9,0.0,E,8,-9900,?,9,-9900,?,9,0.0,0.0,E,8
02/01/2022,12:00,1392.241,1407.955,549.55,1,8,48.312,1,8,501.777,1,8,65946.0,1,8,4589.646,1,8,55195.521,1,8,161.525,1,8,-9900,?,9,-9900,?,9,19.85,E,8,17.23,E,8,89.0,E,8,822.9788000000001,E,8,999.0,E,8,1.27,E,8,-9900,?,9,-9900,?,9,0.001,E,8,-9900,?,9,-9900,?,9,0.01,99.0,E,8
02/01/2022,13:00,1395.195,1407.955,224.76,1,8,15.266,1,8,209.633,1,8,26971.2,1,8,1450.241,1,8,23059.601,1,8,67.339,1,8,-9900,?,9,-9900,?,9,19.56,E,8,17.07,E,8,90.0,E,8,822.9788000000001,E,8,999.0,E,8,3.08,E,8,-9900,?,9,-9900,?,9,0.003,E,8,-9900,?,9,-9900,?,9,0.03,99.0,E,8
02/01/2022,14:00,1313.251,1407.955,552.24,1,8,76.633,1,8,480.765,1,8,66268.8,1,8,7280.091,1,8,52884.173,1,8,164.075,1,8,-9900,?,9,-9900,?,9,19.88,E,8,17.24,E,8,84.0,E,8,822.9788000000001,E,8,999.0,E,8,3.29,E,8,-9900,?,9,-9900,?,9,0.0,E,8,-9900,?,9,-9900,?,9,0.0,0.0,E,8
02/01/2022,15:00,1151.985,1407.955,495.71,1,8,69.785,1,8,438.621,1,8,59485.2,1,8,6629.538,1,8,48248.277,1,8,170.665,1,8,-9900,?,9,-9900,?,9,20.05,E,8,17.33,E,8,84.0,E,8,822.9788000000001,E,8,999.0,E,8,4.27,E,8,-9900,?,9,-9900,?,9,0.0,E,8,-9900,?,9,-9900,?,9,0.0,0.0,E,8
02/01/2022,16:00,922.404,1407.955,405.11,1,8,75.627,1,8,355.583,1,8,48613.2,1,8,7184.553,1,8,39114.166,1,8,172.834,1,8,-9900,?,9,-9900,?,9,20.07,E,8,17.34,E,8,84.0,E,8,822.9788000000001,E,8,999.0,E,8,3.72,E,8,-9900,?,9,-9900,?,9,0.0,E,8,-9900,?,9,-9900,?,9,0.0,0.0,E,8
02/01/2022,17:00,640.232,1407.955,287.33,1,8,146.942,1,8,220.587,1,8,34479.6,1,8,13959.474,1,8,24264.539,1,8,154.585,1,8,-9900,?,9,-9900,?,9,19.84,E,8,17.22,E,8,84.0,E,8,822.9788000000001,E,8,999.0,E,8,2.95,E,8,-9900,?,9,-9900,?,9,0.0,E,8,-9900,?,9,-9900,?,9,0.0,0.0,E,8
02/01/2022,18:00,325.115,1407.955,152.71,1,8,336.868,1,8,75.316,1,8,18325.2,1,8,32002.44,1,8,8284.778,1,8,104.35,1,8,-9900,?,9,-9900,?,9,19.41,E,8,16.99,E,8,90.0,E,8,822.9788000000001,E,8,999.0,E,8,1.01,E,8,-9900,?,9,-9900,?,9,0.007000000000000001,E,8,-9900,?,9,-9900,?,9,0.07,99.0,E,8
02/01/2022,19:00,7.943,1407.955,25.02,1,8,0.0,1,8,0.0,1,8,3002.4,1,8,0.0,1,8,0.0,1,8,-0.0,1,8,-9900,?,9,-9900,?,9,18.81,E,8,16.67,E,8,96.0,E,8,822.9788000000001,E,8,999.0,E,8,0.62,E,8,-9900,?,9,-9900,?,9,0.189,E,8,-9900,?,9,-9900,?,9,1.89,99.0,E,8
02/01/2022,20:00,0.0,1407.955,0.0,1,8,0.0,1,8,0.0,1,8,0.0,1,8,0.0,1,8,0.0,1,8,-0.0,1,8,-9900,?,9,-9900,?,9,18.29,E,8,16.38,E,8,88.0,E,8,822.9788000000001,E,8,999.0,E,8,0.62,E,8,-9900,?,9,-9900,?,9,0.0,E,8,-9900,?,9,-9900,?,9,0.0,0.0,E,8
02/01/2022,21:00,0.0,1407.955,0.0,1,8,0.0,1,8,0.0,1,8,0.0,1,8,0.0,1,8,0.0,1,8,-0.0,1,8,-9900,?,9,-9900,?,9,17.76,E,8,16.08,E,8,89.0,E,8,822.9788000000001,E,8,999.0,E,8,0.62,E,8,-9900,?,9,-9900,?,9,0.0,E,8,-9900,?,9,-9900,?,9,0.0,0.0,E,8
02/01/2022,22:00,0.0,1407.955,0.0,1,8,0.0,1,8,0.0,1,8,0.0,1,8,0.0,1,8,0.0,1,8,-0.0,1,8,-9900,?,9,-9900,?,9,17.24,E,8,15.79,E,8,90.0,E,8,822.9788000000001,E,8,999.0,E,8,0.62,E,8,-9900,?,9,-9900,?,9,0.0,E,8,-9900,?,9,-9900,?,9,0.0,0.0,E,8
02/01/2022,23:00,0.0,1407.955,0.0,1,8,0.0,1,8,0.0,1,8,0.0,1,8,0.0,1,8,0.0,1,8,-0.0,1,8,-9900,?,9,-9900,?,9,16.72,E,8,15.48,E,8,92.0,E,8,822.9788000000001,E,8,999.0,E,8,0.62,E,8,-9900,?,9,-9900,?,9,0.0,E,8,-9900,?,9,-9900,?,9,0.0,0.0,E,8
02/01/2022,24:00,0.0,1407.955,0.0,1,8,0.0,1,8,0.0,1,8,0.0,1,8,0.0,1,8,0.0,1,8,-0.0,1,8,-9900,?,9,-9900,?,9,16.2,E,8,14.27,E,8,88.0,E,8,822.9788000000001,E,8,999.0,E,8,0.73,E,8,-9900,?,9,-9900,?,9,0.0,E,8,-9900,?,9,-9900,?,9,0.0,0.0,E,8
02/02/2022,01:00,0.0,1407.955,0.0,1,8,0.0,1,8,0.0,1,8,0.0,1,8,0.0,1,8,0.0,1,8,-0.0,1,8,-9900,?,9,-9900,?,9,15.93,E,8,14.13,E,8,89.0,E,8,822.9788000000001,E,8,999.0,E,8,0.73,E,8,-9900,?,9,-9900,?,9,0.0,E,8,-9900,?,9,-9900,?,9,0.0,0.0,E,8
02/02/2022,02:00,0.0,1407.955,0.0,1,8,0.0,1,8,0.0,1,8,0.0,1,8,0.0,1,8,0.0,1,8,-0.0,1,8,-9900,?,9,-9900,?,9,15.67,E,8,14.0,E,8,89.0,E,8,822.9788000000001,E,8,999.0,E,8,0.73,E,8,-9900,?,9,-9900,?,9,0.0,E,8,-9900,?,9,-9900,?,9,0.0,0.0,E,8
02/02/2022,03:00,0.0,1407.955,0.0,1,8,0.0,1,8,0.0,1,8,0.0,1,8,0.0,1,8,0.0,1,8,-0.0,1,8,-9900,?,9,-9900,?,9,15.41,E,8,13.87,E,8,90.0,E,8,822.9788000000001,E,8,999.0,E,8,0.73,E,8,-9900,?,9,-9900,?,9,0.0,E,8,-9900,?,9,-9900,?,9,0.0,0.0,E,8
02/02/2022,04:00,0.0,1407.537,0.0,1,8,0.0,1,8,0.0,1,8,0.0,1,8,0.0,1,8,0.0,1,8,-0.0,1,8,-9900,?,9,-9900,?,9,15.15,E,8,13.73,E,8,91.0,E,8,822.9788000000001,E,8,999.0,E,8,0.73,E,8,-9900,?,9,-9900,?,9,0.0,E,8,-9900,?,9,-9900,?,9,0.0,0.0,E,8
02/02/2022,05:00,0.0,1407.537,0.0,1,8,0.0,1,8,0.0,1,8,0.0,1,8,0.0,1,8,0.0,1,8,-0.0,1,8,-9900,?,9,-9900,?,9,14.92,E,8,13.61,E,8,91.0,E,8,822.9788000000001,E,8,999.0,E,8,0.73,E,8,-9900,?,9,-9900,?,9,0.0,E,8,-9900,?,9,-9900,?,9,0.0,0.0,E,8
02/02/2022,06:00,0.0,1407.537,0.0,1,8,0.0,1,8,0.0,1,8,0.0,1,8,0.0,1,8,0.0,1,8,-0.0,1,8,-9900,?,9,-9900,?,9,14.75,E,8,13.52,E,8,92.0,E,8,822.9788000000001,E,8,999.0,E,8,0.73,E,8,-9900,?,9,-9900,?,9,0.0,E,8,-9900,?,9,-9900,?,9,0.0,0.0,E,8
02/02/2022,07:00,300.639,1407.537,21.6,1,8,0.0,1,8,21.6,1,8,2592.0,1,8,0.0,1,8,2376.0,1,8,32.382,1,8,-9900,?,9,-9900,?,9,14.57,E,8,13.43,E,8,92.0,E,8,822.9788000000001,E,8,999.0,E,8,0.73,E,8,-9900,?,9,-9900,?,9,0.0,E,8,-9900,?,9,-9900,?,9,0.0,0.0,E,8
02/02/2022,08:00,617.275,1407.537,170.79,1,8,11.52,1,8,165.744,1,8,20494.8,1,8,1094.359,1,8,18231.872,1,8,120.449,1,8,-9900,?,9,-9900,?,9,15.66,E,8,14.0,E,8,89.0,E,8,822.9788000000001,E,8,999.0,E,8,0.73,E,8,-9900,?,9,-9900,?,9,0.0,E,8,-9900,?,9,-9900,?,9,0.0,0.0,E,8
02/02/2022,09:00,902.581,1407.537,333.06,1,8,66.18,1,8,290.64,1,8,39967.2,1,8,6287.069,1,8,31970.424,1,8,144.332,1,8,-9900,?,9,-9900,?,9,16.56,E,8,14.45,E,8,87.0,E,8,822.9788000000001,E,8,999.0,E,8,0.73,E,8,-9900,?,9,-9900,?,9,0.0,E,8,-9900,?,9,-9900,?,9,0.0,0.0,E,8
02/02/2022,10:00,1136.605,1407.537,476.34,1,8,105.894,1,8,390.842,1,8,57160.8,1,8,10059.961,1,8,42992.657,1,8,154.088,1,8,-9900,?,9,-9900,?,9,17.41,E,8,14.87,E,8,85.0,E,8,822.9788000000001,E,8,999.0,E,8,0.73,E,8,-9900,?,9,-9900,?,9,0.0,E,8,-9900,?,9,-9900,?,9,0.0,0.0,E,8
02/02/2022,11:00,1303.281,1407.537,587.73,1,8,61.735,1,8,530.571,1,8,70527.6,1,8,5864.787,1,8,58362.797,1,8,182.405,1,8,-9900,?,9,-9900,?,9,18.18,E,8,15.24,E,8,82.0,E,8,822.9788000000001,E,8,999.0,E,8,0.73,E,8,-9900,?,9,-9900,?,9,0.0,E,8,-9900,?,9,-9900,?,9,0.0,0.0,E,8
02/02/2022,12:00,1391.2,1407.537,658.72,1,8,70.814,1,8,588.729,1,8,79046.4,1,8,6727.324,1,8,64760.137,1,8,189.6,1,8,-9900,?,9,-9900,?,9,18.82,E,8,15.55,E,8,81.0,E,8,822.9788000000001,E,8,999.0,E,8,1.04,E,8,-9900,?,9,-9900,?,9,0.0,E,8,-9900,?,9,-9900,?,9,0.0,0.0,E,8
02/02/2022,13:00,1394.34,1407.537,684.14,1,8,81.844,1,8,603.064,1,8,82096.8,1,8,7775.207,1,8,66336.994,1,8,193.779,1,8,-9900,?,9,-9900,?,9,19.32,E,8,15.78,E,8,79.0,E,8,822.9788000000001,E,8,999.0,E,8,2.85,E,8,-9900,?,9,-9900,?,9,0.0,E,8,-9900,?,9,-9900,?,9,0.0,0.0,E,8
02/02/2022,14:00,1312.469,1407.537,662.17,1,8,97.075,1,8,571.656,1,8,79460.4,1,8,9222.126,1,8,62882.121,1,8,195.153,1,8,-9900,?,9,-9900,?,9,19.67,E,8,15.94,E,8,79.0,E,8,822.9788000000001,E,8,999.0,E,8,3.51,E,8,-9900,?,9,-9900,?,9,0.0,E,8,-9900,?,9,-9900,?,9,0.0,0.0,E,8
02/02/2022,15:00,1151.161,1407.537,594.34,1,8,242.971,1,8,395.654,1,8,71320.8,1,8,23082.232,1,8,43521.949,1,8,154.011,1,8,-9900,?,9,-9900,?,9,19.85,E,8,16.02,E,8,78.0,E,8,822.9788000000001,E,8,999.0,E,8,4.23,E,8,-9900,?,9,-9900,?,9,0.0,E,8,-9900,?,9,-9900,?,9,0.0,0.0,E,8
02/02/2022,16:00,921.423,1407.537,485.61,1,8,203.922,1,8,352.168,1,8,58273.2,1,8,19372.546,1,8,38738.489,1,8,171.305,1,8,-9900,?,9,-9900,?,9,19.87,E,8,16.03,E,8,78.0,E,8,822.9788000000001,E,8,999.0,E,8,3.5,E,8,-9900,?,9,-9900,?,9,0.0,E,8,-9900,?,9,-9900,?,9,0.0,0.0,E,8
02/02/2022,17:00,638.992,1407.537,344.19,1,8,303.714,1,8,206.465,1,8,41302.8,1,8,28852.875,1,8,22711.169,1,8,144.927,1,8,-9900,?,9,-9900,?,9,19.66,E,8,15.94,E,8,79.0,E,8,822.9788000000001,E,8,999.0,E,8,1.83,E,8,-9900,?,9,-9900,?,9,0.0,E,8,-9900,?,9,-9900,?,9,0.0,0.0,E,8
02/02/2022,18:00,323.535,1407.537,182.55,1,8,526.356,1,8,62.18,1,8,21906.0,1,8,50003.779,1,8,6839.798,1,8,86.549,1,8,-9900,?,9,-9900,?,9,19.22,E,8,15.73,E,8,80.0,E,8,822.9788000000001,E,8,999.0,E,8,1.29,E,8,-9900,?,9,-9900,?,9,0.0,E,8,-9900,?,9,-9900,?,9,0.0,0.0,E,8
02/02/2022,19:00,6.255,1407.537,29.41,1,8,0.0,1,8,0.0,1,8,3529.2,1,8,0.0,1,8,0.0,1,8,-0.0,1,8,-9900,?,9,-9900,?,9,18.62,E,8,15.45,E,8,81.0,E,8,822.9788000000001,E,8,999.0,E,8,0.73,E,8,-9900,?,9,-9900,?,9,0.0,E,8,-9900,?,9,-9900,?,9,0.0,0.0,E,8
02/02/2022,20:00,0.0,1407.537,0.0,1,8,0.0,1,8,0.0,1,8,0.0,1,8,0.0,1,8,0.0,1,8,-0.0,1,8,-9900,?,9,-9900,?,9,18.08,E,8,15.2,E,8,83.0,E,8,822.9788000000001,E,8,999.0,E,8,0.73,E,8,-9900,?,9,-9900,?,9,0.0,E,8,-9900,?,9,-9900,?,9,0.0,0.0,E,8
02/02/2022,21:00,0.0,1407.537,0.0,1,8,0.0,1,8,0.0,1,8,0.0,1,8,0.0,1,8,0.0,1,8,-0.0,1,8,-9900,?,9,-9900,?,9,17.55,E,8,14.94,E,8,84.0,E,8,822.9788000000001,E,8,999.0,E,8,0.73,E,8,-9900,?,9,-9900,?,9,0.0,E,8,-9900,?,9,-9900,?,9,0.0,0.0,E,8
02/02/2022,22:00,0.0,1407.537,0.0,1,8,0.0,1,8,0.0,1,8,0.0,1,8,0.0,1,8,0.0,1,8,-0.0,1,8,-9900,?,9,-9900,?,9,17.01,E,8,14.68,E,8,86.0,E,8,822.9788000000001,E,8,999.0,E,8,0.73,E,8,-9900,?,9,-9900,?,9,0.0,E,8,-9900,?,9,-9900,?,9,0.0,0.0,E,8
02/02/2022,23:00,0.0,1407.537,0.0,1,8,0.0,1,8,0.0,1,8,0.0,1,8,0.0,1,8,0.0,1,8,-0.0,1,8,-9900,?,9,-9900,?,9,16.47,E,8,14.41,E,8,87.0,E,8,822.9788000000001,E,8,999.0,E,8,0.73,E,8,-9900,?,9,-9900,?,9,0.0,E,8,-9900,?,9,-9900,?,9,0.0,0.0,E,8
02/02/2022,24:00,0.0,1407.537,0.0,1,8,0.0,1,8,0.0,1,8,0.0,1,8,0.0,1,8,0.0,1,8,-0.0,1,8,-9900,?,9,-9900,?,9,15.94,E,8,12.71,E,8,81.0,E,8,822.9788000000001,E,8,999.0,E,8,1.08,E,8,-9900,?,9,-9900,?,9,0.0,E,8,-9900,?,9,-9900,?,9,0.0,0.0,E,8
02/03/2022,01:00,0.0,1407.537,0.0,1,8,0.0,1,8,0.0,1,8,0.0,1,8,0.0,1,8,0.0,1,8,-0.0,1,8,-9900,?,9,-9900,?,9,15.67,E,8,12.89,E,8,83.0,E,8,822.9788000000001,E,8,999.0,E,8,1.08,E,8,-9900,?,9,-9900,?,9,0.0,E,8,-9900,?,9,-9900,?,9,0.0,0.0,E,8
02/03/2022,02:00,0.0,1407.537,0.0,1,8,0.0,1,8,0.0,1,8,0.0,1,8,0.0,1,8,0.0,1,8,-0.0,1,8,-9900,?,9,-9900,?,9,15.4,E,8,13.06,E,8,85.0,E,8,822.9788000000001,E,8,999.0,E,8,1.08,E,8,-9900,?,9,-9900,?,9,0.0,E,8,-9900,?,9,-9900,?,9,0.0,0.0,E,8
02/03/2022,03:00,0.0,1407.537,0.0,1,8,0.0,1,8,0.0,1,8,0.0,1,8,0.0,1,8,0.0,1,8,-0.0,1,8,-9900,?,9,-9900,?,9,15.13,E,8,13.23,E,8,88.0,E,8,822.9788000000001,E,8,999.0,E,8,1.08,E,8,-9900,?,9,-9900,?,9,0.0,E,8,-9900,?,9,-9900,?,9,0.0,0.0,E,8
02/03/2022,04:00,0.0,1407.107,0.0,1,8,0.0,1,8,0.0,1,8,0.0,1,8,0.0,1,8,0.0,1,8,-0.0,1,8,-9900,?,9,-9900,?,9,14.86,E,8,13.4,E,8,90.0,E,8,822.9788000000001,E,8,999.0,E,8,1.08,E,8,-9900,?,9,-9900,?,9,0.0,E,8,-9900,?,9,-9900,?,9,0.0,0.0,E,8
02/03/2022,05:00,0.0,1407.107,0.0,1,8,0.0,1,8,0.0,1,8,0.0,1,8,0.0,1,8,0.0,1,8,-0.0,1,8,-9900,?,9,-9900,?,9,14.62,E,8,13.55,E,8,93.0,E,8,822.9788000000001,E,8,999.0,E,8,1.08,E,8,-9900,?,9,-9900,?,9,0.0,E,8,-9900,?,9,-9900,?,9,0.0,0.0,E,8
02/03/2022,06:00,0.0,1407.107,0.0,1,8,0.0,1,8,0.0,1,8,0.0,1,8,0.0,1,8,0.0,1,8,-0.0,1,8,-9900,?,9,-9900,?,9,14.45,E,8,13.65,E,8,94.0,E,8,822.9788000000001,E,8,999.0,E,8,1.08,E,8,-9900,?,9,-9900,?,9,0.0,E,8,-9900,?,9,-9900,?,9,0.0,0.0,E,8
02/03/2022,07:00,297.688,1407.107,14.81,1,8,0.0,1,8,14.81,1,8,1777.2,1,8,0.0,1,8,1629.1,1,8,22.418,1,8,-9900,?,9,-9900,?,9,14.27,E,8,13.76,E,8,96.0,E,8,822.9788000000001,E,8,999.0,E,8,1.08,E,8,-9900,?,9,-9900,?,9,0.0,E,8,-9900,?,9,-9900,?,9,0.0,0.0,E,8
02/03/2022,08:00,614.742,1407.107,121.75,1,8,0.0,1,8,121.75,1,8,14610.0,1,8,0.0,1,8,13392.5,1,8,88.816,1,8,-9900,?,9,-9900,?,9,15.47,E,8,13.02,E,8,85.0,E,8,822.9788000000001,E,8,999.0,E,8,1.08,E,8,-9900,?,9,-9900,?,9,0.0,E,8,-9900,?,9,-9900,?,9,0.0,0.0,E,8
02/03/2022,09:00,900.478,1407.107,238.47,1,8,19.647,1,8,225.902,1,8,28616.4,1,8,1866.483,1,8,24849.232,1,8,112.411,1,8,-9900,?,9,-9900,?,9,16.47,E,8,12.37,E,8,76.0,E,8,822.9788000000001,E,8,999.0,E,8,1.08,E,8,-9900,?,9,-9900,?,9,0.0,E,8,-9900,?,9,-9900,?,9,0.0,0.0,E,8
02/03/2022,10:00,1134.904,1407.107,341.58,1,8,13.545,1,8,330.657,1,8,40989.6,1,8,1286.814,1,8,36372.232,1,8,130.516,1,8,-9900,?,9,-9900,?,9,17.43,E,8,11.72,E,8,69.0,E,8,822.9788000000001,E,8,999.0,E,8,1.08,E,8,-9900,?,9,-9900,?,9,0.0,E,8,-9900,?,9,-9900,?,9,0.0,0.0,E,8
02/03/2022,11:00,1301.926,1407.107,421.77,1,8,29.041,1,8,394.901,1,8,50612.4,1,8,2758.919,1,8,43439.098,1,8,135.863,1,8,-9900,?,9,-9900,?,9,18.29,E,8,11.11,E,8,62.0,E,8,822.9788000000001,E,8,999.0,E,8,1.08,E,8,-9900,?,9,-9900,?,9,0.0,E,8,-9900,?,9,-9900,?,9,0.0,0.0,E,8
02/03/2022,12:00,1390.111,1407.107,472.9,1,8,11.139,1,8,461.896,1,8,56748.0,1,8,1058.176,1,8,50808.552,1,8,148.825,1,8,-9900,?,9,-9900,?,9,19.01,E,8,10.59,E,8,58.0,E,8,822.9788000000001,E,8,999.0,E,8,1.08,E,8,-9900,?,9,-9900,?,9,0.0,E,8,-9900,?,9,-9900,?,9,0.0,0.0,E,8
02/03/2022,13:00,1393.418,1407.107,491.25,1,8,12.28,1,8,479.09,1,8,58950.0,1,8,1166.566,1,8,52699.889,1,8,153.998,1,8,-9900,?,9,-9900,?,9,19.57,E,8,10.17,E,8,59.0,E,8,822.9788000000001,E,8,999.0,E,8,1.08,E,8,-9900,?,9,-9900,?,9,0.007000000000000001,E,8,-9900,?,9,-9900,?,9,0.07,99.0,E,8
02/03/2022,14:00,1311.603,1407.107,475.51,1,8,13.931,1,8,462.525,1,8,57061.2,1,8,1323.445,1,8,50877.761,1,8,157.954,1,8,-9900,?,9,-9900,?,9,19.95,E,8,9.88,E,8,57.0,E,8,822.9788000000001,E,8,999.0,E,8,1.08,E,8,-9900,?,9,-9900,?,9,0.003,E,8,-9900,?,9,-9900,?,9,0.03,99.0,E,8
02/03/2022,15:00,1150.237,1407.107,426.78,1,8,10.824,1,8,417.933,1,8,51213.6,1,8,1028.264,1,8,45972.671,1,8,162.765,1,8,-9900,?,9,-9900,?,9,20.16,E,8,9.72,E,8,50.0,E,8,822.9788000000001,E,8,999.0,E,8,1.08,E,8,-9900,?,9,-9900,?,9,0.0,E,8,-9900,?,9,-9900,?,9,0.0,0.0,E,8
02/03/2022,16:00,920.331,1407.107,348.6,1,8,16.673,1,8,337.699,1,8,41832.0,1,8,1583.946,1,8,37146.898,1,8,164.412,1,8,-9900,?,9,-9900,?,9,20.18,E,8,9.7,E,8,50.0,E,8,822.9788000000001,E,8,999.0,E,8,1.08,E,8,-9900,?,9,-9900,?,9,0.0,E,8,-9900,?,9,-9900,?,9,0.0,0.0,E,8
02/03/2022,17:00,637.634,1407.107,246.9,1,8,75.364,1,8,212.787,1,8,29628.0,1,8,7159.549,1,8,23406.609,1,8,149.638,1,8,-9900,?,9,-9900,?,9,19.94,E,8,9.89,E,8,52.0,E,8,822.9788000000001,E,8,999.0,E,8,1.08,E,8,-9900,?,9,-9900,?,9,0.0,E,8,-9900,?,9,-9900,?,9,0.0,0.0,E,8
02/03/2022,18:00,321.836,1407.107,130.65,1,8,113.811,1,8,104.753,1,8,15678.0,1,8,10812.071,1,8,11522.841,1,8,146.539,1,8,-9900,?,9,-9900,?,9,19.45,E,8,10.26,E,8,55.0,E,8,822.9788000000001,E,8,999.0,E,8,1.08,E,8,-9900,?,9,-9900,?,9,0.0,E,8,-9900,?,9,-9900,?,9,0.0,0.0,E,8
02/03/2022,19:00,4.477,1407.107,20.67,1,8,0.0,1,8,0.0,1,8,2480.4,1,8,0.0,1,8,0.0,1,8,-0.0,1,8,-9900,?,9,-9900,?,9,18.78,E,8,10.76,E,8,59.0,E,8,822.9788000000001,E,8,999.0,E,8,1.42,E,8,-9900,?,9,-9900,?,9,0.0,E,8,-9900,?,9,-9900,?,9,0.0,0.0,E,8
02/03/2022,20:00,0.0,1407.107,0.0,1,8,0.0,1,8,0.0,1,8,0.0,1,8,0.0,1,8,0.0,1,8,-0.0,1,8,-9900,?,9,-9900,?,9,18.12,E,8,11.24,E,8,64.0,E,8,822.9788000000001,E,8,999.0,E,8,2.17,E,8,-9900,?,9,-9900,?,9,0.0,E,8,-9900,?,9,-9900,?,9,0.0,0.0,E,8
02/03/2022,21:00,0.0,1407.107,0.0,1,8,0.0,1,8,0.0,1,8,0.0,1,8,0.0,1,8,0.0,1,8,-0.0,1,8,-9900,?,9,-9900,?,9,17.45,E,8,11.7,E,8,73.0,E,8,822.9788000000001,E,8,999.0,E,8,2.34,E,8,-9900,?,9,-9900,?,9,0.001,E,8,-9900,?,9,-9900,?,9,0.01,99.0,E,8
02/03/2022,22:00,0.0,1407.107,0.0,1,8,0.0,1,8,0.0,1,8,0.0,1,8,0.0,1,8,0.0,1,8,-0.0,1,8,-9900,?,9,-9900,?,9,16.79,E,8,12.15,E,8,74.0,E,8,822.9788000000001,E,8,999.0,E,8,2.68,E,8,-9900,?,9,-9900,?,9,0.0,E,8,-9900,?,9,-9900,?,9,0.0,0.0,E,8
02/03/2022,23:00,0.0,1407.107,0.0,1,8,0.0,1,8,0.0,1,8,0.0,1,8,0.0,1,8,0.0,1,8,-0.0,1,8,-9900,?,9,-9900,?,9,16.13,E,8,12.59,E,8,89.0,E,8,822.9788000000001,E,8,999.0,E,8,1.49,E,8,-9900,?,9,-9900,?,9,0.189,E,8,-9900,?,9,-9900,?,9,1.89,99.0,E,8
02/03/2022,24:00,0.0,1407.107,0.0,1,8,0.0,1,8,0.0,1,8,0.0,1,8,0.0,1,8,0.0,1,8,-0.0,1,8,-9900,?,9,-9900,?,9,15.46,E,8,14.93,E,8,97.0,E,8,822.9788000000001,E,8,999.0,E,8,1.12,E,8,-9900,?,9,-9900,?,9,0.136,E,8,-9900,?,9,-9900,?,9,1.36,99.0,E,8
02/04/2022,01:00,0.0,1407.107,0.0,1,8,0.0,1,8,0.0,1,8,0.0,1,8,0.0,1,8,0.0,1,8,-0.0,1,8,-9900,?,9,-9900,?,9,15.13,E,8,14.69,E,8,97.0,E,8,822.9788000000001,E,8,999.0,E,8,1.12,E,8,-9900,?,9,-9900,?,9,0.10700000000000001,E,8,-9900,?,9,-9900,?,9,1.07,99.0,E,8
02/04/2022,02:00,0.0,1407.107,0.0,1,8,0.0,1,8,0.0,1,8,0.0,1,8,0.0,1,8,0.0,1,8,-0.0,1,8,-9900,?,9,-9900,?,9,14.8,E,8,14.45,E,8,97.0,E,8,822.9788000000001,E,8,999.0,E,8,1.13,E,8,-9900,?,9,-9900,?,9,0.396,E,8,-9900,?,9,-9900,?,9,3.96,99.0,E,8
02/04/2022,03:00,0.0,1407.107,0.0,1,8,0.0,1,8,0.0,1,8,0.0,1,8,0.0,1,8,0.0,1,8,-0.0,1,8,-9900,?,9,-9900,?,9,14.47,E,8,14.21,E,8,99.0,E,8,822.9788000000001,E,8,999.0,E,8,1.12,E,8,-9900,?,9,-9900,?,9,4.1979999999999995,E,8,-9900,?,9,-9900,?,9,41.98,99.0,E,8
02/04/2022,04:00,0.0,1406.664,0.0,1,8,0.0,1,8,0.0,1,8,0.0,1,8,0.0,1,8,0.0,1,8,-0.0,1,8,-9900,?,9,-9900,?,9,14.14,E,8,13.96,E,8,98.0,E,8,822.9788000000001,E,8,999.0,E,8,1.12,E,8,-9900,?,9,-9900,?,9,0.24500000000000002,E,8,-9900,?,9,-9900,?,9,2.45,99.0,E,8
02/04/2022,05:00,0.0,1406.664,0.0,1,8,0.0,1,8,0.0,1,8,0.0,1,8,0.0,1,8,0.0,1,8,-0.0,1,8,-9900,?,9,-9900,?,9,13.84,E,8,13.73,E,8,96.0,E,8,822.9788000000001,E,8,999.0,E,8,1.25,E,8,-9900,?,9,-9900,?,9,0.032,E,8,-9900,?,9,-9900,?,9,0.32,99.0,E,8
02/04/2022,06:00,0.0,1406.664,0.0,1,8,0.0,1,8,0.0,1,8,0.0,1,8,0.0,1,8,0.0,1,8,-0.0,1,8,-9900,?,9,-9900,?,9,13.62,E,8,13.57,E,8,98.0,E,8,822.9788000000001,E,8,999.0,E,8,1.17,E,8,-9900,?,9,-9900,?,9,0.177,E,8,-9900,?,9,-9900,?,9,1.77,99.0,E,8
02/04/2022,07:00,294.764,1406.664,5.53,1,8,0.0,1,8,5.53,1,8,663.6,1,8,0.0,1,8,608.3,1,8,8.452,1,8,-9900,?,9,-9900,?,9,13.41,E,8,13.4,E,8,96.0,E,8,822.9788000000001,E,8,999.0,E,8,1.28,E,8,-9900,?,9,-9900,?,9,0.01,E,8,-9900,?,9,-9900,?,9,0.1,99.0,E,8
02/04/2022,08:00,612.228,1406.664,47.3,1,8,0.0,1,8,47.3,1,8,5676.0,1,8,0.0,1,8,5203.0,1,8,34.636,1,8,-9900,?,9,-9900,?,9,14.07,E,8,13.91,E,8,96.0,E,8,822.9788000000001,E,8,999.0,E,8,1.12,E,8,-9900,?,9,-9900,?,9,0.001,E,8,-9900,?,9,-9900,?,9,0.01,99.0,E,8
02/04/2022,09:00,898.381,1406.664,93.06,1,8,0.0,1,8,93.06,1,8,11167.2,1,8,0.0,1,8,10236.6,1,8,46.401,1,8,-9900,?,9,-9900,?,9,14.63,E,8,14.33,E,8,96.0,E,8,822.9788000000001,E,8,999.0,E,8,1.45,E,8,-9900,?,9,-9900,?,9,0.001,E,8,-9900,?,9,-9900,?,9,0.01,99.0,E,8
02/04/2022,10:00,1133.194,1406.664,133.49,1,8,1.461,1,8,132.313,1,8,16018.8,1,8,138.769,1,8,14554.479,1,8,52.289,1,8,-9900,?,9,-9900,?,9,15.16,E,8,14.71,E,8,94.0,E,8,822.9788000000001,E,8,999.0,E,8,1.86,E,8,-9900,?,9,-9900,?,9,0.0,E,8,-9900,?,9,-9900,?,9,0.0,0.0,E,8
02/04/2022,11:00,1300.543,1406.664,164.95,1,8,3.623,1,8,161.6,1,8,19794.0,1,8,344.187,1,8,17776.051,1,8,55.639,1,8,-9900,?,9,-9900,?,9,15.64,E,8,15.05,E,8,95.0,E,8,822.9788000000001,E,8,999.0,E,8,1.23,E,8,-9900,?,9,-9900,?,9,0.002,E,8,-9900,?,9,-9900,?,9,0.02,99.0,E,8
02/04/2022,12:00,1388.974,1406.664,185.02,1,8,4.692,1,8,180.387,1,8,22202.4,1,8,445.712,1,8,19842.607,1,8,58.151,1,8,-9900,?,9,-9900,?,9,16.04,E,8,15.33,E,8,95.0,E,8,822.9788000000001,E,8,999.0,E,8,1.32,E,8,-9900,?,9,-9900,?,9,0.004,E,8,-9900,?,9,-9900,?,9,0.04,99.0,E,8
02/04/2022,13:00,1392.428,1406.664,192.24,1,8,5.002,1,8,187.289,1,8,23068.8,1,8,475.185,1,8,20601.757,1,8,60.226,1,8,-9900,?,9,-9900,?,9,16.36,E,8,15.55,E,8,95.0,E,8,822.9788000000001,E,8,999.0,E,8,1.67,E,8,-9900,?,9,-9900,?,9,0.008,E,8,-9900,?,9,-9900,?,9,0.08,99.0,E,8
02/04/2022,14:00,1310.652,1406.664,195.84,1,8,4.998,1,8,191.183,1,8,23500.8,1,8,474.851,1,8,21030.124,1,8,65.316,1,8,-9900,?,9,-9900,?,9,16.6,E,8,15.72,E,8,94.0,E,8,822.9788000000001,E,8,999.0,E,8,1.12,E,8,-9900,?,9,-9900,?,9,0.026000000000000002,E,8,-9900,?,9,-9900,?,9,0.26,99.0,E,8
02/04/2022,15:00,1149.213,1406.664,180.2,1,8,1.998,1,8,178.568,1,8,21624.0,1,8,189.839,1,8,19642.444,1,8,69.584,1,8,-9900,?,9,-9900,?,9,16.75,E,8,15.82,E,8,94.0,E,8,822.9788000000001,E,8,999.0,E,8,1.4,E,8,-9900,?,9,-9900,?,9,0.047,E,8,-9900,?,9,-9900,?,9,0.47,99.0,E,8
02/04/2022,16:00,919.128,1406.664,160.65,1,8,1.178,1,8,159.881,1,8,19278.0,1,8,111.902,1,8,17586.871,1,8,77.917,1,8,-9900,?,9,-9900,?,9,16.82,E,8,15.86,E,8,94.0,E,8,822.9788000000001,E,8,999.0,E,8,1.12,E,8,-9900,?,9,-9900,?,9,0.06999999999999999,E,8,-9900,?,9,-9900,?,9,0.7,99.0,E,8
02/04/2022,17:00,636.158,1406.664,96.51,1,8,0.0,1,8,96.51,1,8,11581.2,1,8,0.0,1,8,10616.1,1,8,68.005,1,8,-9900,?,9,-9900,?,9,16.67,E,8,15.76,E,8,94.0,E,8,822.9788000000001,E,8,999.0,E,8,1.12,E,8,-9900,?,9,-9900,?,9,0.020999999999999998,E,8,-9900,?,9,-9900,?,9,0.21,99.0,E,8
02/04/2022,18:00,320.018,1406.664,50.94,1,8,0.0,1,8,50.94,1,8,6112.8,1,8,0.0,1,8,5603.4,1,8,71.646,1,8,-9900,?,9,-9900,?,9,16.38,E,8,15.57,E,8,95.0,E,8,822.9788000000001,E,8,999.0,E,8,1.17,E,8,-9900,?,9,-9900,?,9,0.039,E,8,-9900,?,9,-9900,?,9,0.39,99.0,E,8
02/04/2022,19:00,2.609,1406.664,7.9,1,8,0.0,1,8,0.0,1,8,948.0,1,8,0.0,1,8,0.0,1,8,-0.0,1,8,-9900,?,9,-9900,?,9,15.99,E,8,15.3,E,8,95.0,E,8,822.9788000000001,E,8,999.0,E,8,1.15,E,8,-9900,?,9,-9900,?,9,0.086,E,8,-9900,?,9,-9900,?,9,0.86,99.0,E,8
02/04/2022,20:00,0.0,1406.664,0.0,1,8,0.0,1,8,0.0,1,8,0.0,1,8,0.0,1,8,0.0,1,8,-0.0,1,8,-9900,?,9,-9900,?,9,15.64,E,8,15.05,E,8,95.0,E,8,822.9788000000001,E,8,999.0,E,8,1.24,E,8,-9900,?,9,-9900,?,9,0.057999999999999996,E,8,-9900,?,9,-9900,?,9,0.58,99.0,E,8
02/04/2022,21:00,0.0,1406.664,0.0,1,8,0.0,1,8,0.0,1,8,0.0,1,8,0.0,1,8,0.0,1,8,-0.0,1,8,-9900,?,9,-9900,?,9,15.3,E,8,14.81,E,8,95.0,E,8,822.9788000000001,E,8,999.0,E,8,1.24,E,8,-9900,?,9,-9900,?,9,0.006,E,8,-9900,?,9,-9900,?,9,0.06,99.0,E,8
02/04/2022,22:00,0.0,1406.664,0.0,1,8,0.0,1,8,0.0,1,8,0.0,1,8,0.0,1,8,0.0,1,8,-0.0,1,8,-9900,?,9,-9900,?,9,14.95,E,8,14.56,E,8,96.0,E,8,822.9788000000001,E,8,999.0,E,8,1.51,E,8,-9900,?,9,-9900,?,9,0.013000000000000001,E,8,-9900,?,9,-9900,?,9,0.13,99.0,E,8
02/04/2022,23:00,0.0,1406.664,0.0,1,8,0.0,1,8,0.0,1,8,0.0,1,8,0.0,1,8,0.0,1,8,-0.0,1,8,-9900,?,9,-9900,?,9,14.6,E,8,14.3,E,8,96.0,E,8,822.9788000000001,E,8,999.0,E,8,1.59,E,8,-9900,?,9,-9900,?,9,0.017,E,8,-9900,?,9,-9900,?,9,0.17,99.0,E,8
02/04/2022,24:00,0.0,1406.664,0.0,1,8,0.0,1,8,0.0,1,8,0.0,1,8,0.0,1,8,0.0,1,8,-0.0,1,8,-9900,?,9,-9900,?,9,14.26,E,8,11.72,E,8,84.0,E,8,822.9788000000001,E,8,999.0,E,8,0.42,E,8,-9900,?,9,-9900,?,9,0.0,E,8,-9900,?,9,-9900,?,9,0.0,0.0,E,8
02/05/2022,01:00,0.0,1406.664,0.0,1,8,0.0,1,8,0.0,1,8,0.0,1,8,0.0,1,8,0.0,1,8,-0.0,1,8,-9900,?,9,-9900,?,9,14.09,E,8,11.83,E,8,86.0,E,8,822.9788000000001,E,8,999.0,E,8,0.42,E,8,-9900,?,9,-9900,?,9,0.0,E,8,-9900,?,9,-9900,?,9,0.0,0.0,E,8
02/05/2022,02:00,0.0,1406.664,0.0,1,8,0.0,1,8,0.0,1,8,0.0,1,8,0.0,1,8,0.0,1,8,-0.0,1,8,-9900,?,9,-9900,?,9,13.91,E,8,11.96,E,8,87.0,E,8,822.9788000000001,E,8,999.0,E,8,0.42,E,8,-9900,?,9,-9900,?,9,0.0,E,8,-9900,?,9,-9900,?,9,0.0,0.0,E,8
02/05/2022,03:00,0.0,1406.664,0.0,1,8,0.0,1,8,0.0,1,8,0.0,1,8,0.0,1,8,0.0,1,8,-0.0,1,8,-9900,?,9,-9900,?,9,13.74,E,8,12.07,E,8,89.0,E,8,822.9788000000001,E,8,999.0,E,8,0.42,E,8,-9900,?,9,-9900,?,9,0.0,E,8,-9900,?,9,-9900,?,9,0.0,0.0,E,8
02/05/2022,04:00,0.0,1406.209,0.0,1,8,0.0,1,8,0.0,1,8,0.0,1,8,0.0,1,8,0.0,1,8,-0.0,1,8,-9900,?,9,-9900,?,9,13.57,E,8,12.18,E,8,91.0,E,8,822.9788000000001,E,8,999.0,E,8,0.42,E,8,-9900,?,9,-9900,?,9,0.0,E,8,-9900,?,9,-9900,?,9,0.0,0.0,E,8
02/05/2022,05:00,0.0,1406.209,0.0,1,8,0.0,1,8,0.0,1,8,0.0,1,8,0.0,1,8,0.0,1,8,-0.0,1,8,-9900,?,9,-9900,?,9,13.41,E,8,12.29,E,8,92.0,E,8,822.9788000000001,E,8,999.0,E,8,0.42,E,8,-9900,?,9,-9900,?,9,0.0,E,8,-9900,?,9,-9900,?,9,0.0,0.0,E,8
02/05/2022,06:00,0.0,1406.209,0.0,1,8,0.0,1,8,0.0,1,8,0.0,1,8,0.0,1,8,0.0,1,8,-0.0,1,8,-9900,?,9,-9900,?,9,13.3,E,8,12.36,E,8,93.0,E,8,822.9788000000001,E,8,999.0,E,8,0.42,E,8,-9900,?,9,-9900,?,9,0.0,E,8,-9900,?,9,-9900,?,9,0.0,0.0,E,8
02/05/2022,07:00,291.869,1406.209,26.16,1,8,0.0,1,8,26.16,1,8,3139.2,1,8,0.0,1,8,2877.6,1,8,40.373,1,8,-9900,?,9,-9900,?,9,13.18,E,8,12.43,E,8,95.0,E,8,822.9788000000001,E,8,999.0,E,8,0.42,E,8,-9900,?,9,-9900,?,9,0.0,E,8,-9900,?,9,-9900,?,9,0.0,0.0,E,8
02/05/2022,08:00,609.733,1406.209,242.17,1,8,92.811,1,8,201.978,1,8,29060.4,1,8,8817.047,1,8,22217.558,1,8,148.461,1,8,-9900,?,9,-9900,?,9,14.86,E,8,11.31,E,8,79.0,E,8,822.9788000000001,E,8,999.0,E,8,0.42,E,8,-9900,?,9,-9900,?,9,0.0,E,8,-9900,?,9,-9900,?,9,0.0,0.0,E,8
02/05/2022,09:00,896.29,1406.209,488.11,1,8,255.581,1,8,325.277,1,8,58573.2,1,8,24280.225,1,8,35780.509,1,8,162.514,1,8,-9900,?,9,-9900,?,9,16.33,E,8,10.25,E,8,67.0,E,8,822.9788000000001,E,8,999.0,E,8,0.48,E,8,-9900,?,9,-9900,?,9,0.0,E,8,-9900,?,9,-9900,?,9,0.0,0.0,E,8
02/05/2022,10:00,1131.472,1406.209,702.6,1,8,372.417,1,8,402.992,1,8,84312.0,1,8,35379.596,1,8,44329.084,1,8,159.449,1,8,-9900,?,9,-9900,?,9,17.73,E,8,9.18,E,8,57.0,E,8,822.9788000000001,E,8,999.0,E,8,0.73,E,8,-9900,?,9,-9900,?,9,0.0,E,8,-9900,?,9,-9900,?,9,0.0,0.0,E,8
02/05/2022,11:00,1299.13,1406.209,874.81,1,8,360.534,1,8,541.746,1,8,104977.2,1,8,34250.731,1,8,59592.087,1,8,186.666,1,8,-9900,?,9,-9900,?,9,19.0,E,8,8.14,E,8,49.0,E,8,822.9788000000001,E,8,999.0,E,8,1.64,E,8,-9900,?,9,-9900,?,9,0.0,E,8,-9900,?,9,-9900,?,9,0.0,0.0,E,8
02/05/2022,12:00,1387.787,1406.209,985.28,1,8,401.268,1,8,589.272,1,8,118233.6,1,8,38120.451,1,8,64819.911,1,8,190.062,1,8,-9900,?,9,-9900,?,9,20.08,E,8,7.2,E,8,43.0,E,8,822.9788000000001,E,8,999.0,E,8,2.82,E,8,-9900,?,9,-9900,?,9,0.0,E,8,-9900,?,9,-9900,?,9,0.0,0.0,E,8
02/05/2022,13:00,1391.369,1406.209,1036.98,1,8,570.666,1,8,472.34,1,8,124437.6,1,8,54213.234,1,8,51957.418,1,8,151.955,1,8,-9900,?,9,-9900,?,9,20.94,E,8,6.41,E,8,38.0,E,8,822.9788000000001,E,8,999.0,E,8,2.9,E,8,-9900,?,9,-9900,?,9,0.0,E,8,-9900,?,9,-9900,?,9,0.0,0.0,E,8
02/05/2022,14:00,1309.614,1406.209,993.4,1,8,696.655,1,8,344.629,1,8,119208.0,1,8,66182.224,1,8,37909.14,1,8,117.795,1,8,-9900,?,9,-9900,?,9,21.52,E,8,5.86,E,8,36.0,E,8,822.9788000000001,E,8,999.0,E,8,2.63,E,8,-9900,?,9,-9900,?,9,0.0,E,8,-9900,?,9,-9900,?,9,0.0,0.0,E,8
02/05/2022,15:00,1148.087,1406.209,890.74,1,8,831.713,1,8,211.795,1,8,106888.8,1,8,79012.739,1,8,23297.436,1,8,82.586,1,8,-9900,?,9,-9900,?,9,21.82,E,8,5.56,E,8,34.0,E,8,822.9788000000001,E,8,999.0,E,8,3.98,E,8,-9900,?,9,-9900,?,9,0.0,E,8,-9900,?,9,-9900,?,9,0.0,0.0,E,8
02/05/2022,16:00,917.812,1406.209,715.35,1,8,875.831,1,8,143.934,1,8,85842.0,1,8,83203.943,1,8,15832.72,1,8,70.223,1,8,-9900,?,9,-9900,?,9,21.85,E,8,5.53,E,8,34.0,E,8,822.9788000000001,E,8,999.0,E,8,4.25,E,8,-9900,?,9,-9900,?,9,0.0,E,8,-9900,?,9,-9900,?,9,0.0,0.0,E,8
02/05/2022,17:00,634.564,1406.209,512.74,1,8,839.0,1,8,134.566,1,8,61528.8,1,8,79705.039,1,8,14802.24,1,8,95.029,1,8,-9900,?,9,-9900,?,9,21.5,E,8,5.88,E,8,36.0,E,8,822.9788000000001,E,8,999.0,E,8,3.13,E,8,-9900,?,9,-9900,?,9,0.0,E,8,-9900,?,9,-9900,?,9,0.0,0.0,E,8
02/05/2022,18:00,318.082,1406.209,272.28,1,8,669.768,1,8,121.578,1,8,32673.6,1,8,63627.959,1,8,13373.634,1,8,171.994,1,8,-9900,?,9,-9900,?,9,20.78,E,8,6.56,E,8,39.0,E,8,822.9788000000001,E,8,999.0,E,8,1.55,E,8,-9900,?,9,-9900,?,9,0.0,E,8,-9900,?,9,-9900,?,9,0.0,0.0,E,8
02/05/2022,19:00,0.653,1406.209,41.46,1,8,0.0,1,8,0.0,1,8,4975.2,1,8,0.0,1,8,0.0,1,8,-0.0,1,8,-9900,?,9,-9900,?,9,19.8,E,8,7.45,E,8,44.0,E,8,822.9788000000001,E,8,999.0,E,8,0.71,E,8,-9900,?,9,-9900,?,9,0.0,E,8,-9900,?,9,-9900,?,9,0.0,0.0,E,8
02/05/2022,20:00,0.0,1406.209,0.0,1,8,0.0,1,8,0.0,1,8,0.0,1,8,0.0,1,8,0.0,1,8,-0.0,1,8,-9900,?,9,-9900,?,9,18.91,E,8,8.22,E,8,49.0,E,8,822.9788000000001,E,8,999.0,E,8,0.55,E,8,-9900,?,9,-9900,?,9,0.0,E,8,-9900,?,9,-9900,?,9,0.0,0.0,E,8
02/05/2022,21:00,0.0,1406.209,0.0,1,8,0.0,1,8,0.0,1,8,0.0,1,8,0.0,1,8,0.0,1,8,-0.0,1,8,-9900,?,9,-9900,?,9,18.02,E,8,8.95,E,8,55.0,E,8,822.9788000000001,E,8,999.0,E,8,0.63,E,8,-9900,?,9,-9900,?,9,0.0,E,8,-9900,?,9,-9900,?,9,0.0,0.0,E,8
02/05/2022,22:00,0.0,1406.209,0.0,1,8,0.0,1,8,0.0,1,8,0.0,1,8,0.0,1,8,0.0,1,8,-0.0,1,8,-9900,?,9,-9900,?,9,17.13,E,8,9.65,E,8,61.0,E,8,822.9788000000001,E,8,999.0,E,8,0.42,E,8,-9900,?,9,-9900,?,9,0.0,E,8,-9900,?,9,-9900,?,9,0.0,0.0,E,8
02/05/2022,23:00,0.0,1406.209,0.0,1,8,0.0,1,8,0.0,1,8,0.0,1,8,0.0,1,8,0.0,1,8,-0.0,1,8,-9900,?,9,-9900,?,9,16.24,E,8,10.32,E,8,67.0,E,8,822.9788000000001,E,8,999.0,E,8,0.42,E,8,-9900,?,9,-9900,?,9,0.0,E,8,-9900,?,9,-9900,?,9,0.0,0.0,E,8
02/05/2022,24:00,0.0,1406.209,0.0,1,8,0.0,1,8,0.0,1,8,0.0,1,8,0.0,1,8,0.0,1,8,-0.0,1,8,-9900,?,9,-9900,?,9,15.35,E,8,8.91,E,8,65.0,E,8,822.9788000000001,E,8,999.0,E,8,1.18,E,8,-9900,?,9,-9900,?,9,0.0,E,8,-9900,?,9,-9900,?,9,0.0,0.0,E,8
02/06/2022,01:00,0.0,1406.209,0.0,1,8,0.0,1,8,0.0,1,8,0.0,1,8,0.0,1,8,0.0,1,8,-0.0,1,8,-9900,?,9,-9900,?,9,14.91,E,8,9.33,E,8,69.0,E,8,822.9788000000001,E,8,999.0,E,8,1.18,E,8,-9900,?,9,-9900,?,9,0.0,E,8,-9900,?,9,-9900,?,9,0.0,0.0,E,8
02/06/2022,02:00,0.0,1406.209,0.0,1,8,0.0,1,8,0.0,1,8,0.0,1,8,0.0,1,8,0.0,1,8,-0.0,1,8,-9900,?,9,-9900,?,9,14.46,E,8,9.76,E,8,73.0,E,8,822.9788000000001,E,8,999.0,E,8,1.18,E,8,-9900,?,9,-9900,?,9,0.0,E,8,-9900,?,9,-9900,?,9,0.0,0.0,E,8
02/06/2022,03:00,0.0,1406.209,0.0,1,8,0.0,1,8,0.0,1,8,0.0,1,8,0.0,1,8,0.0,1,8,-0.0,1,8,-9900,?,9,-9900,?,9,14.02,E,8,10.16,E,8,77.0,E,8,822.9788000000001,E,8,999.0,E,8,1.18,E,8,-9900,?,9,-9900,?,9,0.0,E,8,-9900,?,9,-9900,?,9,0.0,0.0,E,8
02/06/2022,04:00,0.0,1405.741,0.0,1,8,0.0,1,8,0.0,1,8,0.0,1,8,0.0,1,8,0.0,1,8,-0.0,1,8,-9900,?,9,-9900,?,9,13.57,E,8,10.56,E,8,82.0,E,8,822.9788000000001,E,8,999.0,E,8,1.18,E,8,-9900,?,9,-9900,?,9,0.0,E,8,-9900,?,9,-9900,?,9,0.0,0.0,E,8
02/06/2022,05:00,0.0,1405.741,0.0,1,8,0.0,1,8,0.0,1,8,0.0,1,8,0.0,1,8,0.0,1,8,-0.0,1,8,-9900,?,9,-9900,?,9,13.18,E,8,10.9,E,8,86.0,E,8,822.9788000000001,E,8,999.0,E,8,1.18,E,8,-9900,?,9,-9900,?,9,0.0,E,8,-9900,?,9,-9900,?,9,0.0,0.0,E,8
02/06/2022,06:00,0.0,1405.741,0.0,1,8,0.0,1,8,0.0,1,8,0.0,1,8,0.0,1,8,0.0,1,8,-0.0,1,8,-9900,?,9,-9900,?,9,12.89,E,8,11.15,E,8,89.0,E,8,822.9788000000001,E,8,999.0,E,8,1.18,E,8,-9900,?,9,-9900,?,9,0.0,E,8,-9900,?,9,-9900,?,9,0.0,0.0,E,8
02/06/2022,07:00,289.003,1405.741,28.67,1,8,0.0,1,8,28.67,1,8,3440.4,1,8,0.0,1,8,3153.7,1,8,44.676,1,8,-9900,?,9,-9900,?,9,12.59,E,8,11.4,E,8,92.0,E,8,822.9788000000001,E,8,999.0,E,8,1.18,E,8,-9900,?,9,-9900,?,9,0.0,E,8,-9900,?,9,-9900,?,9,0.0,0.0,E,8
02/06/2022,08:00,607.258,1405.741,259.98,1,8,137.211,1,8,200.783,1,8,31197.6,1,8,13035.019,1,8,22086.078,1,8,148.136,1,8,-9900,?,9,-9900,?,9,14.45,E,8,9.77,E,8,73.0,E,8,822.9788000000001,E,8,999.0,E,8,1.18,E,8,-9900,?,9,-9900,?,9,0.0,E,8,-9900,?,9,-9900,?,9,0.0,0.0,E,8
02/06/2022,09:00,894.205,1405.741,514.29,1,8,306.339,1,8,319.509,1,8,61714.8,1,8,29102.159,1,8,35146.037,1,8,159.952,1,8,-9900,?,9,-9900,?,9,16.03,E,8,8.23,E,8,59.0,E,8,822.9788000000001,E,8,999.0,E,8,1.18,E,8,-9900,?,9,-9900,?,9,0.0,E,8,-9900,?,9,-9900,?,9,0.0,0.0,E,8
02/06/2022,10:00,1129.739,1405.741,741.18,1,8,433.55,1,8,392.809,1,8,88941.6,1,8,41187.252,1,8,43208.971,1,8,155.607,1,8,-9900,?,9,-9900,?,9,17.55,E,8,6.6,E,8,48.0,E,8,822.9788000000001,E,8,999.0,E,8,1.18,E,8,-9900,?,9,-9900,?,9,0.0,E,8,-9900,?,9,-9900,?,9,0.0,0.0,E,8
02/06/2022,11:00,1297.687,1405.741,915.29,1,8,400.491,1,8,545.602,1,8,109834.8,1,8,38046.674,1,8,60016.193,1,8,188.141,1,8,-9900,?,9,-9900,?,9,18.91,E,8,4.99,E,8,39.0,E,8,822.9788000000001,E,8,999.0,E,8,1.18,E,8,-9900,?,9,-9900,?,9,0.0,E,8,-9900,?,9,-9900,?,9,0.0,0.0,E,8
02/06/2022,12:00,1386.549,1405.741,1030.58,1,8,564.402,1,8,473.888,1,8,123669.6,1,8,53618.227,1,8,52127.629,1,8,152.932,1,8,-9900,?,9,-9900,?,9,20.06,E,8,3.48,E,8,33.0,E,8,822.9788000000001,E,8,999.0,E,8,1.18,E,8,-9900,?,9,-9900,?,9,0.0,E,8,-9900,?,9,-9900,?,9,0.0,0.0,E,8
02/06/2022,13:00,1390.24,1405.741,1072.17,1,8,700.616,1,8,379.285,1,8,128660.4,1,8,66558.485,1,8,41721.316,1,8,122.077,1,8,-9900,?,9,-9900,?,9,20.96,E,8,2.2,E,8,28.0,E,8,822.9788000000001,E,8,999.0,E,8,1.18,E,8,-9900,?,9,-9900,?,9,0.0,E,8,-9900,?,9,-9900,?,9,0.0,0.0,E,8
02/06/2022,14:00,1308.488,1405.741,1038.44,1,8,865.558,1,8,232.8,1,8,124612.8,1,8,82228.044,1,8,25607.991,1,8,79.614,1,8,-9900,?,9,-9900,?,9,21.58,E,8,1.24,E,8,25.0,E,8,822.9788000000001,E,8,999.0,E,8,1.18,E,8,-9900,?,9,-9900,?,9,0.0,E,8,-9900,?,9,-9900,?,9,0.0,0.0,E,8
02/06/2022,15:00,1146.859,1405.741,937.37,1,8,913.958,1,8,191.837,1,8,112484.4,1,8,86825.978,1,8,21102.12,1,8,74.859,1,8,-9900,?,9,-9900,?,9,21.92,E,8,0.69,E,8,24.0,E,8,822.9788000000001,E,8,999.0,E,8,1.22,E,8,-9900,?,9,-9900,?,9,0.0,E,8,-9900,?,9,-9900,?,9,0.0,0.0,E,8
02/06/2022,16:00,916.384,1405.741,767.26,1,8,949.98,1,8,148.227,1,8,92071.2,1,8,90248.067,1,8,16304.949,1,8,72.406,1,8,-9900,?,9,-9900,?,9,21.97,E,8,0.61,E,8,24.0,E,8,822.9788000000001,E,8,999.0,E,8,1.73,E,8,-9900,?,9,-9900,?,9,0.0,E,8,-9900,?,9,-9900,?,9,0.0,0.0,E,8
02/06/2022,17:00,632.852,1405.741,546.1,1,8,838.903,1,8,168.867,1,8,65532.0,1,8,79695.753,1,8,18575.37,1,8,119.535,1,8,-9900,?,9,-9900,?,9,21.6,E,8,1.21,E,8,25.0,E,8,822.9788000000001,E,8,999.0,E,8,2.83,E,8,-9900,?,9,-9900,?,9,0.0,E,8,-9900,?,9,-9900,?,9,0.0,0.0,E,8
02/06/2022,18:00,316.029,1405.741,291.26,1,8,751.366,1,8,123.245,1,8,34951.2,1,8,71379.781,1,8,13556.979,1,8,175.438,1,8,-9900,?,9,-9900,?,9,20.84,E,8,2.37,E,8,29.0,E,8,822.9788000000001,E,8,999.0,E,8,1.18,E,8,-9900,?,9,-9900,?,9,0.0,E,8,-9900,?,9,-9900,?,9,0.0,0.0,E,8
02/06/2022,19:00,0.0,1405.741,46.07,1,8,0.0,1,8,0.0,1,8,5528.4,1,8,0.0,1,8,0.0,1,8,-0.0,1,8,-9900,?,9,-9900,?,9,19.77,E,8,3.88,E,8,34.0,E,8,822.9788000000001,E,8,999.0,E,8,1.18,E,8,-9900,?,9,-9900,?,9,0.0,E,8,-9900,?,9,-9900,?,9,0.0,0.0,E,8
02/06/2022,20:00,0.0,1405.741,0.0,1,8,0.0,1,8,0.0,1,8,0.0,1,8,0.0,1,8,0.0,1,8,-0.0,1,8,-9900,?,9,-9900,?,9,18.99,E,8,4.89,E,8,39.0,E,8,822.9788000000001,E,8,999.0,E,8,1.18,E,8,-9900,?,9,-9900,?,9,0.0,E,8,-9900,?,9,-9900,?,9,0.0,0.0,E,8
02/06/2022,21:00,0.0,1405.741,0.0,1,8,0.0,1,8,0.0,1,8,0.0,1,8,0.0,1,8,0.0,1,8,-0.0,1,8,-9900,?,9,-9900,?,9,18.21,E,8,5.84,E,8,44.0,E,8,822.9788000000001,E,8,999.0,E,8,1.18,E,8,-9900,?,9,-9900,?,9,0.0,E,8,-9900,?,9,-9900,?,9,0.0,0.0,E,8
02/06/2022,22:00,0.0,1405.741,0.0,1,8,0.0,1,8,0.0,1,8,0.0,1,8,0.0,1,8,0.0,1,8,-0.0,1,8,-9900,?,9,-9900,?,9,17.43,E,8,6.74,E,8,49.0,E,8,822.9788000000001,E,8,999.0,E,8,1.18,E,8,-9900,?,9,-9900,?,9,0.0,E,8,-9900,?,9,-9900,?,9,0.0,0.0,E,8
02/06/2022,23:00,0.0,1405.741,0.0,1,8,0.0,1,8,0.0,1,8,0.0,1,8,0.0,1,8,0.0,1,8,-0.0,1,8,-9900,?,9,-9900,?,9,16.65,E,8,7.59,E,8,55.0,E,8,822.9788000000001,E,8,999.0,E,8,1.18,E,8,-9900,?,9,-9900,?,9,0.0,E,8,-9900,?,9,-9900,?,9,0.0,0.0,E,8
02/06/2022,24:00,0.0,1405.741,0.0,1,8,0.0,1,8,0.0,1,8,0.0,1,8,0.0,1,8,0.0,1,8,-0.0,1,8,-9900,?,9,-9900,?,9,15.88,E,8,11.69,E,8,76.0,E,8,822.9788000000001,E,8,999.0,E,8,0.43,E,8,-9900,?,9,-9900,?,9,0.0,E,8,-9900,?,9,-9900,?,9,0.0,0.0,E,8
02/07/2022,01:00,0.0,1405.741,0.0,1,8,0.0,1,8,0.0,1,8,0.0,1,8,0.0,1,8,0.0,1,8,-0.0,1,8,-9900,?,9,-9900,?,9,15.49,E,8,11.8,E,8,78.0,E,8,822.9788000000001,E,8,999.0,E,8,0.43,E,8,-9900,?,9,-9900,?,9,0.0,E,8,-9900,?,9,-9900,?,9,0.0,0.0,E,8
02/07/2022,02:00,0.0,1405.741,0.0,1,8,0.0,1,8,0.0,1,8,0.0,1,8,0.0,1,8,0.0,1,8,-0.0,1,8,-9900,?,9,-9900,?,9,15.1,E,8,11.9,E,8,81.0,E,8,822.9788000000001,E,8,999.0,E,8,0.43,E,8,-9900,?,9,-9900,?,9,0.0,E,8,-9900,?,9,-9900,?,9,0.0,0.0,E,8
02/07/2022,03:00,0.0,1405.741,0.0,1,8,0.0,1,8,0.0,1,8,0.0,1,8,0.0,1,8,0.0,1,8,-0.0,1,8,-9900,?,9,-9900,?,9,14.71,E,8,12.01,E,8,83.0,E,8,822.9788000000001,E,8,999.0,E,8,0.43,E,8,-9900,?,9,-9900,?,9,0.0,E,8,-9900,?,9,-9900,?,9,0.0,0.0,E,8
02/07/2022,04:00,0.0,1405.261,0.0,1,8,0.0,1,8,0.0,1,8,0.0,1,8,0.0,1,8,0.0,1,8,-0.0,1,8,-9900,?,9,-9900,?,9,14.32,E,8,12.11,E,8,86.0,E,8,822.9788000000001,E,8,999.0,E,8,0.43,E,8,-9900,?,9,-9900,?,9,0.0,E,8,-9900,?,9,-9900,?,9,0.0,0.0,E,8
02/07/2022,05:00,0.0,1405.261,0.0,1,8,0.0,1,8,0.0,1,8,0.0,1,8,0.0,1,8,0.0,1,8,-0.0,1,8,-9900,?,9,-9900,?,9,13.93,E,8,12.21,E,8,89.0,E,8,822.9788000000001,E,8,999.0,E,8,0.43,E,8,-9900,?,9,-9900,?,9,0.0,E,8,-9900,?,9,-9900,?,9,0.0,0.0,E,8
02/07/2022,06:00,0.0,1405.261,0.0,1,8,0.0,1,8,0.0,1,8,0.0,1,8,0.0,1,8,0.0,1,8,-0.0,1,8,-9900,?,9,-9900,?,9,13.63,E,8,12.29,E,8,91.0,E,8,822.9788000000001,E,8,999.0,E,8,0.43,E,8,-9900,?,9,-9900,?,9,0.0,E,8,-9900,?,9,-9900,?,9,0.0,0.0,E,8
02/07/2022,07:00,286.167,1405.261,19.23,1,8,0.0,1,8,19.23,1,8,2307.6,1,8,0.0,1,8,2115.3,1,8,30.256,1,8,-9900,?,9,-9900,?,9,13.37,E,8,12.36,E,8,93.0,E,8,822.9788000000001,E,8,999.0,E,8,0.43,E,8,-9900,?,9,-9900,?,9,0.0,E,8,-9900,?,9,-9900,?,9,0.0,0.0,E,8
02/07/2022,08:00,604.802,1405.261,104.29,1,8,0.0,1,8,104.29,1,8,12514.8,1,8,0.0,1,8,11471.9,1,8,77.231,1,8,-9900,?,9,-9900,?,9,13.11,E,8,12.43,E,8,95.0,E,8,822.9788000000001,E,8,999.0,E,8,0.43,E,8,-9900,?,9,-9900,?,9,0.0,E,8,-9900,?,9,-9900,?,9,0.0,0.0,E,8
02/07/2022,09:00,892.125,1405.261,288.44,1,8,19.324,1,8,276.178,1,8,34612.8,1,8,1835.773,1,8,30379.537,1,8,138.535,1,8,-9900,?,9,-9900,?,9,15.41,E,8,11.82,E,8,79.0,E,8,822.9788000000001,E,8,999.0,E,8,0.43,E,8,-9900,?,9,-9900,?,9,0.0,E,8,-9900,?,9,-9900,?,9,0.0,0.0,E,8
02/07/2022,10:00,1127.995,1405.261,502.27,1,8,119.595,1,8,406.287,1,8,60272.4,1,8,11361.531,1,8,44691.608,1,8,161.14,1,8,-9900,?,9,-9900,?,9,16.6,E,8,11.49,E,8,71.0,E,8,822.9788000000001,E,8,999.0,E,8,0.52,E,8,-9900,?,9,-9900,?,9,0.0,E,8,-9900,?,9,-9900,?,9,0.0,0.0,E,8
02/07/2022,11:00,1296.212,1405.261,715.41,1,8,300.85,1,8,437.921,1,8,85849.2,1,8,28580.72,1,8,48171.282,1,8,151.129,1,8,-9900,?,9,-9900,?,9,17.82,E,8,11.15,E,8,64.0,E,8,822.9788000000001,E,8,999.0,E,8,1.4,E,8,-9900,?,9,-9900,?,9,0.0,E,8,-9900,?,9,-9900,?,9,0.0,0.0,E,8
02/07/2022,12:00,1385.26,1405.261,958.13,1,8,466.581,1,8,498.194,1,8,114975.6,1,8,44325.187,1,8,54801.327,1,8,160.871,1,8,-9900,?,9,-9900,?,9,19.12,E,8,10.78,E,8,58.0,E,8,822.9788000000001,E,8,999.0,E,8,1.81,E,8,-9900,?,9,-9900,?,9,0.0,E,8,-9900,?,9,-9900,?,9,0.0,0.0,E,8
02/07/2022,13:00,1389.039,1405.261,1002.1,1,8,424.746,1,8,582.26,1,8,120252.0,1,8,40350.88,1,8,64048.599,1,8,187.505,1,8,-9900,?,9,-9900,?,9,20.07,E,8,10.5,E,8,54.0,E,8,822.9788000000001,E,8,999.0,E,8,2.95,E,8,-9900,?,9,-9900,?,9,0.0,E,8,-9900,?,9,-9900,?,9,0.0,0.0,E,8
02/07/2022,14:00,1307.273,1405.261,765.13,1,8,324.888,1,8,462.91,1,8,91815.6,1,8,30864.402,1,8,50920.067,1,8,158.401,1,8,-9900,?,9,-9900,?,9,20.35,E,8,10.42,E,8,52.0,E,8,822.9788000000001,E,8,999.0,E,8,3.12,E,8,-9900,?,9,-9900,?,9,0.0,E,8,-9900,?,9,-9900,?,9,0.0,0.0,E,8
02/07/2022,15:00,1145.528,1405.261,575.18,1,8,175.283,1,8,432.316,1,8,69021.6,1,8,16651.845,1,8,47554.758,1,8,168.837,1,8,-9900,?,9,-9900,?,9,20.24,E,8,10.45,E,8,53.0,E,8,822.9788000000001,E,8,999.0,E,8,3.73,E,8,-9900,?,9,-9900,?,9,0.0,E,8,-9900,?,9,-9900,?,9,0.0,0.0,E,8
02/07/2022,16:00,914.843,1405.261,388.03,1,8,110.463,1,8,316.146,1,8,46563.6,1,8,10493.96,1,8,34776.065,1,8,154.64,1,8,-9900,?,9,-9900,?,9,19.75,E,8,10.6,E,8,55.0,E,8,822.9788000000001,E,8,999.0,E,8,3.79,E,8,-9900,?,9,-9900,?,9,0.0,E,8,-9900,?,9,-9900,?,9,0.0,0.0,E,8
02/07/2022,17:00,631.023,1405.261,440.41,1,8,632.238,1,8,156.836,1,8,52849.2,1,8,60062.602,1,8,17251.957,1,8,111.304,1,8,-9900,?,9,-9900,?,9,19.45,E,8,10.69,E,8,56.0,E,8,822.9788000000001,E,8,999.0,E,8,3.69,E,8,-9900,?,9,-9900,?,9,0.0,E,8,-9900,?,9,-9900,?,9,0.0,0.0,E,8
02/07/2022,18:00,313.858,1405.261,176.36,1,8,534.722,1,8,57.579,1,8,21163.2,1,8,50798.581,1,8,6333.66,1,8,82.507,1,8,-9900,?,9,-9900,?,9,18.73,E,8,10.89,E,8,60.0,E,8,822.9788000000001,E,8,999.0,E,8,1.87,E,8,-9900,?,9,-9900,?,9,0.0,E,8,-9900,?,9,-9900,?,9,0.0,0.0,E,8
02/07/2022,19:00,0.0,1405.261,29.29,1,8,0.0,1,8,0.0,1,8,3514.8,1,8,0.0,1,8,0.0,1,8,-0.0,1,8,-9900,?,9,-9900,?,9,17.89,E,8,11.13,E,8,64.0,E,8,822.9788000000001,E,8,999.0,E,8,1.12,E,8,-9900,?,9,-9900,?,9,0.0,E,8,-9900,?,9,-9900,?,9,0.0,0.0,E,8
02/07/2022,20:00,0.0,1405.261,0.0,1,8,0.0,1,8,0.0,1,8,0.0,1,8,0.0,1,8,0.0,1,8,-0.0,1,8,-9900,?,9,-9900,?,9,17.28,E,8,11.3,E,8,67.0,E,8,822.9788000000001,E,8,999.0,E,8,0.85,E,8,-9900,?,9,-9900,?,9,0.0,E,8,-9900,?,9,-9900,?,9,0.0,0.0,E,8
02/07/2022,21:00,0.0,1405.261,0.0,1,8,0.0,1,8,0.0,1,8,0.0,1,8,0.0,1,8,0.0,1,8,-0.0,1,8,-9900,?,9,-9900,?,9,16.67,E,8,11.47,E,8,71.0,E,8,822.9788000000001,E,8,999.0,E,8,0.57,E,8,-9900,?,9,-9900,?,9,0.0,E,8,-9900,?,9,-9900,?,9,0.0,0.0,E,8
02/07/2022,22:00,0.0,1405.261,0.0,1,8,0.0,1,8,0.0,1,8,0.0,1,8,0.0,1,8,0.0,1,8,-0.0,1,8,-9900,?,9,-9900,?,9,16.06,E,8,11.64,E,8,75.0,E,8,822.9788000000001,E,8,999.0,E,8,0.43,E,8,-9900,?,9,-9900,?,9,0.0,E,8,-9900,?,9,-9900,?,9,0.0,0.0,E,8
02/07/2022,23:00,0.0,1405.261,0.0,1,8,0.0,1,8,0.0,1,8,0.0,1,8,0.0,1,8,0.0,1,8,-0.0,1,8,-9900,?,9,-9900,?,9,15.45,E,8,11.81,E,8,78.0,E,8,822.9788000000001,E,8,999.0,E,8,0.43,E,8,-9900,?,9,-9900,?,9,0.0,E,8,-9900,?,9,-9900,?,9,0.0,0.0,E,8
02/07/2022,24:00,0.0,1405.261,0.0,1,8,0.0,1,8,0.0,1,8,0.0,1,8,0.0,1,8,0.0,1,8,-0.0,1,8,-9900,?,9,-9900,?,9,14.83,E,8,11.03,E,8,78.0,E,8,822.9788000000001,E,8,999.0,E,8,0.55,E,8,-9900,?,9,-9900,?,9,0.0,E,8,-9900,?,9,-9900,?,9,0.0,0.0,E,8
02/08/2022,01:00,0.0,1405.261,0.0,1,8,0.0,1,8,0.0,1,8,0.0,1,8,0.0,1,8,0.0,1,8,-0.0,1,8,-9900,?,9,-9900,?,9,14.53,E,8,11.16,E,8,80.0,E,8,822.9788000000001,E,8,999.0,E,8,0.55,E,8,-9900,?,9,-9900,?,9,0.0,E,8,-9900,?,9,-9900,?,9,0.0,0.0,E,8
02/08/2022,02:00,0.0,1405.261,0.0,1,8,0.0,1,8,0.0,1,8,0.0,1,8,0.0,1,8,0.0,1,8,-0.0,1,8,-9900,?,9,-9900,?,9,14.22,E,8,11.29,E,8,82.0,E,8,822.9788000000001,E,8,999.0,E,8,0.55,E,8,-9900,?,9,-9900,?,9,0.0,E,8,-9900,?,9,-9900,?,9,0.0,0.0,E,8
02/08/2022,03:00,0.0,1405.261,0.0,1,8,0.0,1,8,0.0,1,8,0.0,1,8,0.0,1,8,0.0,1,8,-0.0,1,8,-9900,?,9,-9900,?,9,13.92,E,8,11.41,E,8,84.0,E,8,822.9788000000001,E,8,999.0,E,8,0.55,E,8,-9900,?,9,-9900,?,9,0.0,E,8,-9900,?,9,-9900,?,9,0.0,0.0,E,8
02/08/2022,04:00,0.0,1404.77,0.0,1,8,0.0,1,8,0.0,1,8,0.0,1,8,0.0,1,8,0.0,1,8,-0.0,1,8,-9900,?,9,-9900,?,9,13.61,E,8,11.54,E,8,87.0,E,8,822.9788000000001,E,8,999.0,E,8,0.55,E,8,-9900,?,9,-9900,?,9,0.0,E,8,-9900,?,9,-9900,?,9,0.0,0.0,E,8
02/08/2022,05:00,0.0,1404.77,0.0,1,8,0.0,1,8,0.0,1,8,0.0,1,8,0.0,1,8,0.0,1,8,-0.0,1,8,-9900,?,9,-9900,?,9,13.31,E,8,11.66,E,8,89.0,E,8,822.9788000000001,E,8,999.0,E,8,0.55,E,8,-9900,?,9,-9900,?,9,0.0,E,8,-9900,?,9,-9900,?,9,0.0,0.0,E,8
02/08/2022,06:00,0.0,1404.77,0.0,1,8,0.0,1,8,0.0,1,8,0.0,1,8,0.0,1,8,0.0,1,8,-0.0,1,8,-9900,?,9,-9900,?,9,13.07,E,8,11.76,E,8,91.0,E,8,822.9788000000001,E,8,999.0,E,8,0.55,E,8,-9900,?,9,-9900,?,9,0.0,E,8,-9900,?,9,-9900,?,9,0.0,0.0,E,8
02/08/2022,07:00,283.363,1404.77,18.79,1,8,0.0,1,8,18.79,1,8,2254.8,1,8,0.0,1,8,2066.9,1,8,29.85,1,8,-9900,?,9,-9900,?,9,12.87,E,8,11.84,E,8,93.0,E,8,822.9788000000001,E,8,999.0,E,8,0.55,E,8,-9900,?,9,-9900,?,9,0.0,E,8,-9900,?,9,-9900,?,9,0.0,0.0,E,8
02/08/2022,08:00,602.367,1404.77,189.81,1,8,24.803,1,8,179.188,1,8,22777.2,1,8,2356.271,1,8,19710.71,1,8,133.188,1,8,-9900,?,9,-9900,?,9,12.67,E,8,11.92,E,8,95.0,E,8,822.9788000000001,E,8,999.0,E,8,0.55,E,8,-9900,?,9,-9900,?,9,0.0,E,8,-9900,?,9,-9900,?,9,0.0,0.0,E,8
02/08/2022,09:00,890.051,1404.77,380.06,1,8,98.35,1,8,317.774,1,8,45607.2,1,8,9343.208,1,8,34955.116,1,8,159.716,1,8,-9900,?,9,-9900,?,9,15.94,E,8,10.56,E,8,70.0,E,8,822.9788000000001,E,8,999.0,E,8,0.55,E,8,-9900,?,9,-9900,?,9,0.0,E,8,-9900,?,9,-9900,?,9,0.0,0.0,E,8
02/08/2022,10:00,1126.237,1404.77,548.41,1,8,131.817,1,8,442.746,1,8,65809.2,1,8,12522.654,1,8,48702.072,1,8,175.813,1,8,-9900,?,9,-9900,?,9,16.95,E,8,10.11,E,8,64.0,E,8,822.9788000000001,E,8,999.0,E,8,0.55,E,8,-9900,?,9,-9900,?,9,0.0,E,8,-9900,?,9,-9900,?,9,0.0,0.0,E,8
02/08/2022,11:00,1294.704,1404.77,679.47,1,8,9.98,1,8,670.273,1,8,81536.4,1,8,948.059,1,8,73730.01,1,8,231.504,1,8,-9900,?,9,-9900,?,9,17.83,E,8,9.71,E,8,58.0,E,8,822.9788000000001,E,8,999.0,E,8,1.56,E,8,-9900,?,9,-9900,?,9,0.0,E,8,-9900,?,9,-9900,?,9,0.0,0.0,E,8
02/08/2022,12:00,1383.918,1404.77,763.19,1,8,11.539,1,8,751.823,1,8,91582.8,1,8,1096.172,1,8,82700.5,1,8,242.921,1,8,-9900,?,9,-9900,?,9,18.55,E,8,9.38,E,8,55.0,E,8,822.9788000000001,E,8,999.0,E,8,2.2,E,8,-9900,?,9,-9900,?,9,0.0,E,8,-9900,?,9,-9900,?,9,0.0,0.0,E,8
02/08/2022,13:00,1387.766,1404.77,793.47,1,8,13.346,1,8,780.285,1,8,95216.4,1,8,1267.898,1,8,85831.389,1,8,251.418,1,8,-9900,?,9,-9900,?,9,19.09,E,8,9.12,E,8,52.0,E,8,822.9788000000001,E,8,999.0,E,8,3.04,E,8,-9900,?,9,-9900,?,9,0.0,E,8,-9900,?,9,-9900,?,9,0.0,0.0,E,8
02/08/2022,14:00,1305.969,1404.77,768.11,1,8,264.89,1,8,521.862,1,8,92173.2,1,8,25164.573,1,8,57404.77,1,8,178.689,1,8,-9900,?,9,-9900,?,9,19.44,E,8,8.95,E,8,50.0,E,8,822.9788000000001,E,8,999.0,E,8,3.62,E,8,-9900,?,9,-9900,?,9,0.0,E,8,-9900,?,9,-9900,?,9,0.0,0.0,E,8
02/08/2022,15:00,1144.093,1404.77,688.93,1,8,295.998,1,8,447.894,1,8,82671.6,1,8,28119.856,1,8,49268.395,1,8,175.079,1,8,-9900,?,9,-9900,?,9,19.58,E,8,8.89,E,8,50.0,E,8,822.9788000000001,E,8,999.0,E,8,4.29,E,8,-9900,?,9,-9900,?,9,0.0,E,8,-9900,?,9,-9900,?,9,0.0,0.0,E,8
02/08/2022,16:00,913.189,1404.77,561.67,1,8,416.187,1,8,291.231,1,8,67400.4,1,8,39537.743,1,8,32035.388,1,8,142.661,1,8,-9900,?,9,-9900,?,9,19.49,E,8,8.93,E,8,50.0,E,8,822.9788000000001,E,8,999.0,E,8,3.06,E,8,-9900,?,9,-9900,?,9,0.0,E,8,-9900,?,9,-9900,?,9,0.0,0.0,E,8
02/08/2022,17:00,629.076,1404.77,395.99,1,8,541.173,1,8,153.927,1,8,47518.8,1,8,51411.466,1,8,16931.932,1,8,109.54,1,8,-9900,?,9,-9900,?,9,19.1,E,8,9.12,E,8,52.0,E,8,822.9788000000001,E,8,999.0,E,8,2.12,E,8,-9900,?,9,-9900,?,9,0.0,E,8,-9900,?,9,-9900,?,9,0.0,0.0,E,8
02/08/2022,18:00,311.573,1404.77,206.63,1,8,618.738,1,8,70.15,1,8,24795.6,1,8,58780.106,1,8,7716.455,1,8,101.231,1,8,-9900,?,9,-9900,?,9,18.44,E,8,9.43,E,8,55.0,E,8,822.9788000000001,E,8,999.0,E,8,1.41,E,8,-9900,?,9,-9900,?,9,0.0,E,8,-9900,?,9,-9900,?,9,0.0,0.0,E,8
02/08/2022,19:00,0.0,1404.77,29.16,1,8,0.0,1,8,0.0,1,8,3499.2,1,8,0.0,1,8,0.0,1,8,-0.0,1,8,-9900,?,9,-9900,?,9,17.61,E,8,9.81,E,8,60.0,E,8,822.9788000000001,E,8,999.0,E,8,1.02,E,8,-9900,?,9,-9900,?,9,0.0,E,8,-9900,?,9,-9900,?,9,0.0,0.0,E,8
02/08/2022,20:00,0.0,1404.77,0.0,1,8,0.0,1,8,0.0,1,8,0.0,1,8,0.0,1,8,0.0,1,8,-0.0,1,8,-9900,?,9,-9900,?,9,17.0,E,8,10.09,E,8,63.0,E,8,822.9788000000001,E,8,999.0,E,8,0.55,E,8,-9900,?,9,-9900,?,9,0.0,E,8,-9900,?,9,-9900,?,9,0.0,0.0,E,8
02/08/2022,21:00,0.0,1404.77,0.0,1,8,0.0,1,8,0.0,1,8,0.0,1,8,0.0,1,8,0.0,1,8,-0.0,1,8,-9900,?,9,-9900,?,9,16.38,E,8,10.36,E,8,67.0,E,8,822.9788000000001,E,8,999.0,E,8,0.55,E,8,-9900,?,9,-9900,?,9,0.0,E,8,-9900,?,9,-9900,?,9,0.0,0.0,E,8
02/08/2022,22:00,0.0,1404.77,0.0,1,8,0.0,1,8,0.0,1,8,0.0,1,8,0.0,1,8,0.0,1,8,-0.0,1,8,-9900,?,9,-9900,?,9,15.77,E,8,10.63,E,8,71.0,E,8,822.9788000000001,E,8,999.0,E,8,0.55,E,8,-9900,?,9,-9900,?,9,0.0,E,8,-9900,?,9,-9900,?,9,0.0,0.0,E,8
02/08/2022,23:00,0.0,1404.77,0.0,1,8,0.0,1,8,0.0,1,8,0.0,1,8,0.0,1,8,0.0,1,8,-0.0,1,8,-9900,?,9,-9900,?,9,15.16,E,8,10.89,E,8,75.0,E,8,822.9788000000001,E,8,999.0,E,8,0.55,E,8,-9900,?,9,-9900,?,9,0.0,E,8,-9900,?,9,-9900,?,9,0.0,0.0,E,8
02/08/2022,24:00,0.0,1404.77,0.0,1,8,0.0,1,8,0.0,1,8,0.0,1,8,0.0,1,8,0.0,1,8,-0.0,1,8,-9900,?,9,-9900,?,9,14.54,E,8,12.81,E,8,88.0,E,8,822.9788000000001,E,8,999.0,E,8,0.58,E,8,-9900,?,9,-9900,?,9,0.0,E,8,-9900,?,9,-9900,?,9,0.0,0.0,E,8
02/09/2022,01:00,0.0,1404.77,0.0,1,8,0.0,1,8,0.0,1,8,0.0,1,8,0.0,1,8,0.0,1,8,-0.0,1,8,-9900,?,9,-9900,?,9,14.24,E,8,12.75,E,8,89.0,E,8,822.9788000000001,E,8,999.0,E,8,0.58,E,8,-9900,?,9,-9900,?,9,0.0,E,8,-9900,?,9,-9900,?,9,0.0,0.0,E,8
02/09/2022,02:00,0.0,1404.77,0.0,1,8,0.0,1,8,0.0,1,8,0.0,1,8,0.0,1,8,0.0,1,8,-0.0,1,8,-9900,?,9,-9900,?,9,13.93,E,8,12.69,E,8,95.0,E,8,822.9788000000001,E,8,999.0,E,8,0.58,E,8,-9900,?,9,-9900,?,9,0.094,E,8,-9900,?,9,-9900,?,9,0.94,99.0,E,8
02/09/2022,03:00,0.0,1404.77,0.0,1,8,0.0,1,8,0.0,1,8,0.0,1,8,0.0,1,8,0.0,1,8,-0.0,1,8,-9900,?,9,-9900,?,9,13.62,E,8,12.62,E,8,97.0,E,8,822.9788000000001,E,8,999.0,E,8,0.58,E,8,-9900,?,9,-9900,?,9,0.004,E,8,-9900,?,9,-9900,?,9,0.04,99.0,E,8
02/09/2022,04:00,0.0,1404.266,0.0,1,8,0.0,1,8,0.0,1,8,0.0,1,8,0.0,1,8,0.0,1,8,-0.0,1,8,-9900,?,9,-9900,?,9,13.31,E,8,12.56,E,8,98.0,E,8,822.9788000000001,E,8,999.0,E,8,0.58,E,8,-9900,?,9,-9900,?,9,0.001,E,8,-9900,?,9,-9900,?,9,0.01,99.0,E,8
02/09/2022,05:00,0.0,1404.266,0.0,1,8,0.0,1,8,0.0,1,8,0.0,1,8,0.0,1,8,0.0,1,8,-0.0,1,8,-9900,?,9,-9900,?,9,13.01,E,8,12.5,E,8,99.0,E,8,822.9788000000001,E,8,999.0,E,8,0.58,E,8,-9900,?,9,-9900,?,9,0.001,E,8,-9900,?,9,-9900,?,9,0.01,99.0,E,8
02/09/2022,06:00,0.0,1404.266,0.0,1,8,0.0,1,8,0.0,1,8,0.0,1,8,0.0,1,8,0.0,1,8,-0.0,1,8,-9900,?,9,-9900,?,9,12.77,E,8,12.44,E,8,96.0,E,8,822.9788000000001,E,8,999.0,E,8,0.58,E,8,-9900,?,9,-9900,?,9,0.0,E,8,-9900,?,9,-9900,?,9,0.0,0.0,E,8
02/09/2022,07:00,280.589,1404.266,14.1,1,8,0.0,1,8,14.1,1,8,1692.0,1,8,0.0,1,8,1551.0,1,8,22.615,1,8,-9900,?,9,-9900,?,9,12.57,E,8,12.4,E,8,97.0,E,8,822.9788000000001,E,8,999.0,E,8,0.58,E,8,-9900,?,9,-9900,?,9,0.0,E,8,-9900,?,9,-9900,?,9,0.0,0.0,E,8
02/09/2022,08:00,599.952,1404.266,148.84,1,8,4.781,1,8,146.8,1,8,17860.8,1,8,454.194,1,8,16148.007,1,8,109.516,1,8,-9900,?,9,-9900,?,9,12.37,E,8,12.36,E,8,98.0,E,8,822.9788000000001,E,8,999.0,E,8,0.58,E,8,-9900,?,9,-9900,?,9,0.0,E,8,-9900,?,9,-9900,?,9,0.0,0.0,E,8
02/09/2022,09:00,887.981,1404.266,299.32,1,8,46.444,1,8,269.964,1,8,35918.4,1,8,4412.179,1,8,29696.073,1,8,135.955,1,8,-9900,?,9,-9900,?,9,15.65,E,8,13.04,E,8,83.0,E,8,822.9788000000001,E,8,999.0,E,8,0.58,E,8,-9900,?,9,-9900,?,9,0.0,E,8,-9900,?,9,-9900,?,9,0.0,0.0,E,8
02/09/2022,10:00,1124.466,1404.266,432.53,1,8,30.072,1,8,408.454,1,8,51903.6,1,8,2856.813,1,8,44929.944,1,8,162.393,1,8,-9900,?,9,-9900,?,9,16.67,E,8,13.24,E,8,79.0,E,8,822.9788000000001,E,8,999.0,E,8,0.97,E,8,-9900,?,9,-9900,?,9,0.0,E,8,-9900,?,9,-9900,?,9,0.0,0.0,E,8
02/09/2022,11:00,1293.163,1404.266,536.24,1,8,44.359,1,8,495.392,1,8,64348.8,1,8,4214.135,1,8,54493.172,1,8,171.245,1,8,-9900,?,9,-9900,?,9,17.56,E,8,13.42,E,8,76.0,E,8,822.9788000000001,E,8,999.0,E,8,1.86,E,8,-9900,?,9,-9900,?,9,0.0,E,8,-9900,?,9,-9900,?,9,0.0,0.0,E,8
02/09/2022,12:00,1382.521,1404.266,602.5,1,8,50.667,1,8,552.618,1,8,72300.0,1,8,4813.333,1,8,60788.021,1,8,178.672,1,8,-9900,?,9,-9900,?,9,18.29,E,8,13.57,E,8,73.0,E,8,822.9788000000001,E,8,999.0,E,8,2.38,E,8,-9900,?,9,-9900,?,9,0.0,E,8,-9900,?,9,-9900,?,9,0.0,0.0,E,8
02/09/2022,13:00,1386.42,1404.266,626.47,1,8,58.433,1,8,568.78,1,8,75176.4,1,8,5551.093,1,8,62565.854,1,8,183.38,1,8,-9900,?,9,-9900,?,9,18.83,E,8,13.67,E,8,71.0,E,8,822.9788000000001,E,8,999.0,E,8,3.78,E,8,-9900,?,9,-9900,?,9,0.0,E,8,-9900,?,9,-9900,?,9,0.0,0.0,E,8
02/09/2022,14:00,1304.574,1404.266,606.44,1,8,69.462,1,8,541.913,1,8,72772.8,1,8,6598.845,1,8,59610.402,1,8,185.687,1,8,-9900,?,9,-9900,?,9,19.18,E,8,13.74,E,8,70.0,E,8,822.9788000000001,E,8,999.0,E,8,4.26,E,8,-9900,?,9,-9900,?,9,0.0,E,8,-9900,?,9,-9900,?,9,0.0,0.0,E,8
02/09/2022,15:00,1142.555,1404.266,543.81,1,8,175.288,1,8,401.212,1,8,65257.2,1,8,16652.336,1,8,44133.301,1,8,156.986,1,8,-9900,?,9,-9900,?,9,19.33,E,8,13.77,E,8,70.0,E,8,822.9788000000001,E,8,999.0,E,8,4.9,E,8,-9900,?,9,-9900,?,9,0.0,E,8,-9900,?,9,-9900,?,9,0.0,0.0,E,8
02/09/2022,16:00,911.422,1404.266,443.14,1,8,149.537,1,8,346.124,1,8,53176.8,1,8,14206.013,1,8,38073.634,1,8,169.819,1,8,-9900,?,9,-9900,?,9,19.24,E,8,13.75,E,8,70.0,E,8,822.9788000000001,E,8,999.0,E,8,2.2,E,8,-9900,?,9,-9900,?,9,0.0,E,8,-9900,?,9,-9900,?,9,0.0,0.0,E,8
02/09/2022,17:00,627.013,1404.266,312.08,1,8,229.816,1,8,209.586,1,8,37449.6,1,8,21832.487,1,8,23054.486,1,8,149.587,1,8,-9900,?,9,-9900,?,9,18.84,E,8,13.67,E,8,71.0,E,8,822.9788000000001,E,8,999.0,E,8,0.94,E,8,-9900,?,9,-9900,?,9,0.0,E,8,-9900,?,9,-9900,?,9,0.0,0.0,E,8
02/09/2022,18:00,309.172,1404.266,162.3,1,8,461.086,1,8,61.35,1,8,19476.0,1,8,43803.123,1,8,6748.521,1,8,89.195,1,8,-9900,?,9,-9900,?,9,18.18,E,8,13.54,E,8,74.0,E,8,822.9788000000001,E,8,999.0,E,8,0.68,E,8,-9900,?,9,-9900,?,9,0.0,E,8,-9900,?,9,-9900,?,9,0.0,0.0,E,8
02/09/2022,19:00,0.0,1404.266,22.27,1,8,0.0,1,8,0.0,1,8,2672.4,1,8,0.0,1,8,0.0,1,8,-0.0,1,8,-9900,?,9,-9900,?,9,17.33,E,8,13.38,E,8,77.0,E,8,822.9788000000001,E,8,999.0,E,8,0.58,E,8,-9900,?,9,-9900,?,9,0.0,E,8,-9900,?,9,-9900,?,9,0.0,0.0,E,8
02/09/2022,20:00,0.0,1404.266,0.0,1,8,0.0,1,8,0.0,1,8,0.0,1,8,0.0,1,8,0.0,1,8,-0.0,1,8,-9900,?,9,-9900,?,9,16.86,E,8,13.28,E,8,78.0,E,8,822.9788000000001,E,8,999.0,E,8,0.58,E,8,-9900,?,9,-9900,?,9,0.0,E,8,-9900,?,9,-9900,?,9,0.0,0.0,E,8
02/09/2022,21:00,0.0,1404.266,0.0,1,8,0.0,1,8,0.0,1,8,0.0,1,8,0.0,1,8,0.0,1,8,-0.0,1,8,-9900,?,9,-9900,?,9,16.4,E,8,13.19,E,8,80.0,E,8,822.9788000000001,E,8,999.0,E,8,0.58,E,8,-9900,?,9,-9900,?,9,0.0,E,8,-9900,?,9,-9900,?,9,0.0,0.0,E,8
02/09/2022,22:00,0.0,1404.266,0.0,1,8,0.0,1,8,0.0,1,8,0.0,1,8,0.0,1,8,0.0,1,8,-0.0,1,8,-9900,?,9,-9900,?,9,15.93,E,8,13.1,E,8,82.0,E,8,822.9788000000001,E,8,999.0,E,8,0.58,E,8,-9900,?,9,-9900,?,9,0.0,E,8,-9900,?,9,-9900,?,9,0.0,0.0,E,8
02/09/2022,23:00,0.0,1404.266,0.0,1,8,0.0,1,8,0.0,1,8,0.0,1,8,0.0,1,8,0.0,1,8,-0.0,1,8,-9900,?,9,-9900,?,9,15.47,E,8,13.0,E,8,84.0,E,8,822.9788000000001,E,8,999.0,E,8,0.58,E,8,-9900,?,9,-9900,?,9,0.0,E,8,-9900,?,9,-9900,?,9,0.0,0.0,E,8
02/09/2022,24:00,0.0,1404.266,0.0,1,8,0.0,1,8,0.0,1,8,0.0,1,8,0.0,1,8,0.0,1,8,-0.0,1,8,-9900,?,9,-9900,?,9,15.0,E,8,14.48,E,8,97.0,E,8,822.9788000000001,E,8,999.0,E,8,1.2,E,8,-9900,?,9,-9900,?,9,0.007000000000000001,E,8,-9900,?,9,-9900,?,9,0.07,99.0,E,8
02/10/2022,01:00,0.0,1404.266,0.0,1,8,0.0,1,8,0.0,1,8,0.0,1,8,0.0,1,8,0.0,1,8,-0.0,1,8,-9900,?,9,-9900,?,9,14.77,E,8,14.32,E,8,97.0,E,8,822.9788000000001,E,8,999.0,E,8,1.2,E,8,-9900,?,9,-9900,?,9,0.001,E,8,-9900,?,9,-9900,?,9,0.01,99.0,E,8
02/10/2022,02:00,0.0,1404.266,0.0,1,8,0.0,1,8,0.0,1,8,0.0,1,8,0.0,1,8,0.0,1,8,-0.0,1,8,-9900,?,9,-9900,?,9,14.53,E,8,14.16,E,8,97.0,E,8,822.9788000000001,E,8,999.0,E,8,1.2,E,8,-9900,?,9,-9900,?,9,0.038,E,8,-9900,?,9,-9900,?,9,0.38,99.0,E,8
02/10/2022,03:00,0.0,1404.266,0.0,1,8,0.0,1,8,0.0,1,8,0.0,1,8,0.0,1,8,0.0,1,8,-0.0,1,8,-9900,?,9,-9900,?,9,14.3,E,8,14.0,E,8,97.0,E,8,822.9788000000001,E,8,999.0,E,8,1.2,E,8,-9900,?,9,-9900,?,9,0.024,E,8,-9900,?,9,-9900,?,9,0.24,99.0,E,8
02/10/2022,04:00,0.0,1403.751,0.0,1,8,0.0,1,8,0.0,1,8,0.0,1,8,0.0,1,8,0.0,1,8,-0.0,1,8,-9900,?,9,-9900,?,9,14.07,E,8,13.85,E,8,95.0,E,8,822.9788000000001,E,8,999.0,E,8,1.45,E,8,-9900,?,9,-9900,?,9,0.0,E,8,-9900,?,9,-9900,?,9,0.0,0.0,E,8
02/10/2022,05:00,0.0,1403.751,0.0,1,8,0.0,1,8,0.0,1,8,0.0,1,8,0.0,1,8,0.0,1,8,-0.0,1,8,-9900,?,9,-9900,?,9,13.83,E,8,13.68,E,8,95.0,E,8,822.9788000000001,E,8,999.0,E,8,1.2,E,8,-9900,?,9,-9900,?,9,0.0,E,8,-9900,?,9,-9900,?,9,0.0,0.0,E,8
02/10/2022,06:00,0.0,1403.751,0.0,1,8,0.0,1,8,0.0,1,8,0.0,1,8,0.0,1,8,0.0,1,8,-0.0,1,8,-9900,?,9,-9900,?,9,13.65,E,8,13.55,E,8,95.0,E,8,822.9788000000001,E,8,999.0,E,8,1.2,E,8,-9900,?,9,-9900,?,9,0.0,E,8,-9900,?,9,-9900,?,9,0.0,0.0,E,8
02/10/2022,07:00,277.848,1403.751,7.24,1,8,0.0,1,8,7.24,1,8,868.8,1,8,0.0,1,8,796.4,1,8,11.724,1,8,-9900,?,9,-9900,?,9,13.5,E,8,13.45,E,8,95.0,E,8,822.9788000000001,E,8,999.0,E,8,1.27,E,8,-9900,?,9,-9900,?,9,0.0,E,8,-9900,?,9,-9900,?,9,0.0,0.0,E,8
02/10/2022,08:00,597.557,1403.751,96.31,1,8,0.0,1,8,96.31,1,8,11557.2,1,8,0.0,1,8,10594.1,1,8,72.112,1,8,-9900,?,9,-9900,?,9,13.35,E,8,13.34,E,8,96.0,E,8,822.9788000000001,E,8,999.0,E,8,1.35,E,8,-9900,?,9,-9900,?,9,0.0,E,8,-9900,?,9,-9900,?,9,0.0,0.0,E,8
02/10/2022,09:00,885.915,1403.751,165.74,1,8,2.426,1,8,164.21,1,8,19888.8,1,8,230.452,1,8,18063.071,1,8,82.859,1,8,-9900,?,9,-9900,?,9,15.48,E,8,14.79,E,8,93.0,E,8,822.9788000000001,E,8,999.0,E,8,1.2,E,8,-9900,?,9,-9900,?,9,0.0,E,8,-9900,?,9,-9900,?,9,0.0,0.0,E,8
02/10/2022,10:00,1122.68,1403.751,216.91,1,8,3.598,1,8,214.033,1,8,26029.2,1,8,341.771,1,8,23543.655,1,8,85.2,1,8,-9900,?,9,-9900,?,9,15.95,E,8,15.1,E,8,93.0,E,8,822.9788000000001,E,8,999.0,E,8,1.2,E,8,-9900,?,9,-9900,?,9,0.0,E,8,-9900,?,9,-9900,?,9,0.0,0.0,E,8
02/10/2022,11:00,1291.587,1403.751,389.41,1,8,21.609,1,8,369.529,1,8,46729.2,1,8,2052.812,1,8,40648.202,1,8,127.846,1,8,-9900,?,9,-9900,?,9,16.89,E,8,15.69,E,8,92.0,E,8,822.9788000000001,E,8,999.0,E,8,1.2,E,8,-9900,?,9,-9900,?,9,0.0,E,8,-9900,?,9,-9900,?,9,0.0,0.0,E,8
02/10/2022,12:00,1381.07,1403.751,288.28,1,8,4.499,1,8,283.853,1,8,34593.6,1,8,427.437,1,8,31223.874,1,8,91.838,1,8,-9900,?,9,-9900,?,9,17.12,E,8,15.83,E,8,91.0,E,8,822.9788000000001,E,8,999.0,E,8,1.2,E,8,-9900,?,9,-9900,?,9,0.0,E,8,-9900,?,9,-9900,?,9,0.0,0.0,E,8
02/10/2022,13:00,1384.999,1403.751,234.24,1,8,3.946,1,8,230.347,1,8,28108.8,1,8,374.827,1,8,25338.192,1,8,74.315,1,8,-9900,?,9,-9900,?,9,17.13,E,8,15.84,E,8,94.0,E,8,822.9788000000001,E,8,999.0,E,8,1.2,E,8,-9900,?,9,-9900,?,9,0.004,E,8,-9900,?,9,-9900,?,9,0.04,99.0,E,8
02/10/2022,14:00,1303.087,1403.751,327.94,1,8,30.514,1,8,299.616,1,8,39352.8,1,8,2898.8,1,8,32957.739,1,8,102.743,1,8,-9900,?,9,-9900,?,9,17.36,E,8,15.98,E,8,91.0,E,8,822.9788000000001,E,8,999.0,E,8,1.2,E,8,-9900,?,9,-9900,?,9,0.0,E,8,-9900,?,9,-9900,?,9,0.0,0.0,E,8
02/10/2022,15:00,1140.912,1403.751,294.01,1,8,9.91,1,8,285.957,1,8,35281.2,1,8,941.415,1,8,31455.278,1,8,112.009,1,8,-9900,?,9,-9900,?,9,17.45,E,8,16.03,E,8,91.0,E,8,822.9788000000001,E,8,999.0,E,8,1.2,E,8,-9900,?,9,-9900,?,9,0.0,E,8,-9900,?,9,-9900,?,9,0.0,0.0,E,8
02/10/2022,16:00,909.543,1403.751,190.28,1,8,3.077,1,8,188.287,1,8,22833.6,1,8,292.297,1,8,20711.595,1,8,92.537,1,8,-9900,?,9,-9900,?,9,17.26,E,8,15.92,E,8,99.0,E,8,822.9788000000001,E,8,999.0,E,8,1.2,E,8,-9900,?,9,-9900,?,9,1.124,E,8,-9900,?,9,-9900,?,9,11.24,99.0,E,8
02/10/2022,17:00,624.834,1403.751,168.44,1,8,9.781,1,8,164.092,1,8,20212.8,1,8,929.167,1,8,18050.074,1,8,117.483,1,8,-9900,?,9,-9900,?,9,17.05,E,8,15.79,E,8,94.0,E,8,822.9788000000001,E,8,999.0,E,8,1.2,E,8,-9900,?,9,-9900,?,9,0.001,E,8,-9900,?,9,-9900,?,9,0.01,99.0,E,8
02/10/2022,18:00,306.658,1403.751,87.29,1,8,10.275,1,8,85.058,1,8,10474.8,1,8,976.147,1,8,9356.382,1,8,124.643,1,8,-9900,?,9,-9900,?,9,16.67,E,8,15.55,E,8,95.0,E,8,822.9788000000001,E,8,999.0,E,8,1.54,E,8,-9900,?,9,-9900,?,9,0.016,E,8,-9900,?,9,-9900,?,9,0.16,99.0,E,8
02/10/2022,19:00,0.0,1403.751,11.62,1,8,0.0,1,8,0.0,1,8,1394.4,1,8,0.0,1,8,0.0,1,8,-0.0,1,8,-9900,?,9,-9900,?,9,16.18,E,8,15.24,E,8,92.0,E,8,822.9788000000001,E,8,999.0,E,8,1.3,E,8,-9900,?,9,-9900,?,9,0.0,E,8,-9900,?,9,-9900,?,9,0.0,0.0,E,8
02/10/2022,20:00,0.0,1403.751,0.0,1,8,0.0,1,8,0.0,1,8,0.0,1,8,0.0,1,8,0.0,1,8,-0.0,1,8,-9900,?,9,-9900,?,9,15.84,E,8,15.03,E,8,96.0,E,8,822.9788000000001,E,8,999.0,E,8,1.43,E,8,-9900,?,9,-9900,?,9,0.011,E,8,-9900,?,9,-9900,?,9,0.11,99.0,E,8
02/10/2022,21:00,0.0,1403.751,0.0,1,8,0.0,1,8,0.0,1,8,0.0,1,8,0.0,1,8,0.0,1,8,-0.0,1,8,-9900,?,9,-9900,?,9,15.5,E,8,14.81,E,8,96.0,E,8,822.9788000000001,E,8,999.0,E,8,1.23,E,8,-9900,?,9,-9900,?,9,0.071,E,8,-9900,?,9,-9900,?,9,0.71,99.0,E,8
02/10/2022,22:00,0.0,1403.751,0.0,1,8,0.0,1,8,0.0,1,8,0.0,1,8,0.0,1,8,0.0,1,8,-0.0,1,8,-9900,?,9,-9900,?,9,15.16,E,8,14.58,E,8,94.0,E,8,822.9788000000001,E,8,999.0,E,8,1.65,E,8,-9900,?,9,-9900,?,9,0.0,E,8,-9900,?,9,-9900,?,9,0.0,0.0,E,8
02/10/2022,23:00,0.0,1403.751,0.0,1,8,0.0,1,8,0.0,1,8,0.0,1,8,0.0,1,8,0.0,1,8,-0.0,1,8,-9900,?,9,-9900,?,9,14.82,E,8,14.36,E,8,97.0,E,8,822.9788000000001,E,8,999.0,E,8,1.34,E,8,-9900,?,9,-9900,?,9,0.003,E,8,-9900,?,9,-9900,?,9,0.03,99.0,E,8
02/10/2022,24:00,0.0,1403.751,0.0,1,8,0.0,1,8,0.0,1,8,0.0,1,8,0.0,1,8,0.0,1,8,-0.0,1,8,-9900,?,9,-9900,?,9,14.48,E,8,13.8,E,8,92.0,E,8,822.9788000000001,E,8,999.0,E,8,1.45,E,8,-9900,?,9,-9900,?,9,0.005,E,8,-9900,?,9,-9900,?,9,0.05,99.0,E,8
02/11/2022,01:00,0.0,1403.751,0.0,1,8,0.0,1,8,0.0,1,8,0.0,1,8,0.0,1,8,0.0,1,8,-0.0,1,8,-9900,?,9,-9900,?,9,14.32,E,8,13.73,E,8,93.0,E,8,822.9788000000001,E,8,999.0,E,8,1.72,E,8,-9900,?,9,-9900,?,9,0.02,E,8,-9900,?,9,-9900,?,9,0.2,99.0,E,8
02/11/2022,02:00,0.0,1403.751,0.0,1,8,0.0,1,8,0.0,1,8,0.0,1,8,0.0,1,8,0.0,1,8,-0.0,1,8,-9900,?,9,-9900,?,9,14.15,E,8,13.66,E,8,96.0,E,8,822.9788000000001,E,8,999.0,E,8,1.65,E,8,-9900,?,9,-9900,?,9,0.155,E,8,-9900,?,9,-9900,?,9,1.55,99.0,E,8
02/11/2022,03:00,0.0,1403.751,0.0,1,8,0.0,1,8,0.0,1,8,0.0,1,8,0.0,1,8,0.0,1,8,-0.0,1,8,-9900,?,9,-9900,?,9,13.98,E,8,13.58,E,8,99.0,E,8,822.9788000000001,E,8,999.0,E,8,1.62,E,8,-9900,?,9,-9900,?,9,1.911,E,8,-9900,?,9,-9900,?,9,19.11,99.0,E,8
02/11/2022,04:00,0.0,1403.225,0.0,1,8,0.0,1,8,0.0,1,8,0.0,1,8,0.0,1,8,0.0,1,8,-0.0,1,8,-9900,?,9,-9900,?,9,13.81,E,8,13.51,E,8,94.0,E,8,822.9788000000001,E,8,999.0,E,8,2.06,E,8,-9900,?,9,-9900,?,9,0.091,E,8,-9900,?,9,-9900,?,9,0.91,99.0,E,8
02/11/2022,05:00,0.0,1403.225,0.0,1,8,0.0,1,8,0.0,1,8,0.0,1,8,0.0,1,8,0.0,1,8,-0.0,1,8,-9900,?,9,-9900,?,9,13.64,E,8,13.44,E,8,94.0,E,8,822.9788000000001,E,8,999.0,E,8,2.06,E,8,-9900,?,9,-9900,?,9,0.009,E,8,-9900,?,9,-9900,?,9,0.09,99.0,E,8
02/11/2022,06:00,0.0,1403.225,0.0,1,8,0.0,1,8,0.0,1,8,0.0,1,8,0.0,1,8,0.0,1,8,-0.0,1,8,-9900,?,9,-9900,?,9,13.51,E,8,13.38,E,8,94.0,E,8,822.9788000000001,E,8,999.0,E,8,1.3,E,8,-9900,?,9,-9900,?,9,0.026000000000000002,E,8,-9900,?,9,-9900,?,9,0.26,99.0,E,8
02/11/2022,07:00,275.138,1403.225,6.52,1,8,0.0,1,8,6.52,1,8,782.4,1,8,0.0,1,8,717.2,1,8,10.66,1,8,-9900,?,9,-9900,?,9,13.39,E,8,13.32,E,8,95.0,E,8,822.9788000000001,E,8,999.0,E,8,1.3,E,8,-9900,?,9,-9900,?,9,0.001,E,8,-9900,?,9,-9900,?,9,0.01,99.0,E,8
02/11/2022,08:00,595.181,1403.225,75.38,1,8,0.0,1,8,75.38,1,8,9045.6,1,8,0.0,1,8,8291.8,1,8,56.645,1,8,-9900,?,9,-9900,?,9,13.28,E,8,13.28,E,8,92.0,E,8,822.9788000000001,E,8,999.0,E,8,1.3,E,8,-9900,?,9,-9900,?,9,0.0,E,8,-9900,?,9,-9900,?,9,0.0,0.0,E,8
02/11/2022,09:00,883.853,1403.225,171.04,1,8,2.244,1,8,169.627,1,8,20524.8,1,8,213.139,1,8,18659.022,1,8,85.761,1,8,-9900,?,9,-9900,?,9,15.95,E,8,14.43,E,8,86.0,E,8,822.9788000000001,E,8,999.0,E,8,1.3,E,8,-9900,?,9,-9900,?,9,0.0,E,8,-9900,?,9,-9900,?,9,0.0,0.0,E,8
02/11/2022,10:00,1120.879,1403.225,184.56,1,8,2.895,1,8,182.248,1,8,22147.2,1,8,275.066,1,8,20047.231,1,8,72.636,1,8,-9900,?,9,-9900,?,9,16.39,E,8,14.61,E,8,85.0,E,8,822.9788000000001,E,8,999.0,E,8,1.3,E,8,-9900,?,9,-9900,?,9,0.0,E,8,-9900,?,9,-9900,?,9,0.0,0.0,E,8
02/11/2022,11:00,1289.975,1403.225,275.03,1,8,3.874,1,8,271.469,1,8,33003.6,1,8,367.987,1,8,29861.619,1,8,94.003,1,8,-9900,?,9,-9900,?,9,17.1,E,8,14.9,E,8,84.0,E,8,822.9788000000001,E,8,999.0,E,8,1.3,E,8,-9900,?,9,-9900,?,9,0.0,E,8,-9900,?,9,-9900,?,9,0.0,0.0,E,8
02/11/2022,12:00,1379.562,1403.225,269.06,1,8,3.975,1,8,265.152,1,8,32287.2,1,8,377.658,1,8,29166.69,1,8,85.849,1,8,-9900,?,9,-9900,?,9,17.5,E,8,15.06,E,8,83.0,E,8,822.9788000000001,E,8,999.0,E,8,1.3,E,8,-9900,?,9,-9900,?,9,0.0,E,8,-9900,?,9,-9900,?,9,0.0,0.0,E,8
02/11/2022,13:00,1383.502,1403.225,321.56,1,8,4.362,1,8,317.26,1,8,38587.2,1,8,414.349,1,8,34898.575,1,8,102.427,1,8,-9900,?,9,-9900,?,9,17.96,E,8,15.25,E,8,82.0,E,8,822.9788000000001,E,8,999.0,E,8,1.3,E,8,-9900,?,9,-9900,?,9,0.0,E,8,-9900,?,9,-9900,?,9,0.0,0.0,E,8
02/11/2022,14:00,1301.509,1403.225,311.24,1,8,7.356,1,8,304.417,1,8,37348.8,1,8,698.835,1,8,33485.913,1,8,104.477,1,8,-9900,?,9,-9900,?,9,18.25,E,8,15.36,E,8,85.0,E,8,822.9788000000001,E,8,999.0,E,8,1.3,E,8,-9900,?,9,-9900,?,9,0.002,E,8,-9900,?,9,-9900,?,9,0.02,99.0,E,8
02/11/2022,15:00,1139.165,1403.225,278.96,1,8,12.229,1,8,269.034,1,8,33475.2,1,8,1161.771,1,8,29593.7,1,8,105.503,1,8,-9900,?,9,-9900,?,9,18.39,E,8,15.41,E,8,85.0,E,8,822.9788000000001,E,8,999.0,E,8,1.3,E,8,-9900,?,9,-9900,?,9,0.034999999999999996,E,8,-9900,?,9,-9900,?,9,0.35,99.0,E,8
02/11/2022,16:00,907.551,1403.225,227.08,1,8,5.944,1,8,223.237,1,8,27249.6,1,8,564.716,1,8,24556.068,1,8,109.913,1,8,-9900,?,9,-9900,?,9,18.35,E,8,15.4,E,8,85.0,E,8,822.9788000000001,E,8,999.0,E,8,1.3,E,8,-9900,?,9,-9900,?,9,0.006,E,8,-9900,?,9,-9900,?,9,0.06,99.0,E,8
02/11/2022,17:00,622.54,1403.225,159.53,1,8,4.929,1,8,157.346,1,8,19143.6,1,8,468.236,1,8,17308.054,1,8,113.027,1,8,-9900,?,9,-9900,?,9,18.07,E,8,15.29,E,8,85.0,E,8,822.9788000000001,E,8,999.0,E,8,1.3,E,8,-9900,?,9,-9900,?,9,0.012,E,8,-9900,?,9,-9900,?,9,0.12,99.0,E,8
02/11/2022,18:00,304.033,1403.225,82.37,1,8,5.981,1,8,81.082,1,8,9884.4,1,8,568.209,1,8,8918.97,1,8,119.808,1,8,-9900,?,9,-9900,?,9,17.59,E,8,15.1,E,8,86.0,E,8,822.9788000000001,E,8,999.0,E,8,1.3,E,8,-9900,?,9,-9900,?,9,0.063,E,8,-9900,?,9,-9900,?,9,0.63,99.0,E,8
02/11/2022,19:00,0.0,1403.225,10.62,1,8,0.0,1,8,0.0,1,8,1274.4,1,8,0.0,1,8,0.0,1,8,-0.0,1,8,-9900,?,9,-9900,?,9,16.97,E,8,14.85,E,8,87.0,E,8,822.9788000000001,E,8,999.0,E,8,1.3,E,8,-9900,?,9,-9900,?,9,0.046,E,8,-9900,?,9,-9900,?,9,0.46,99.0,E,8
02/11/2022,20:00,0.0,1403.225,0.0,1,8,0.0,1,8,0.0,1,8,0.0,1,8,0.0,1,8,0.0,1,8,-0.0,1,8,-9900,?,9,-9900,?,9,16.56,E,8,14.68,E,8,88.0,E,8,822.9788000000001,E,8,999.0,E,8,1.3,E,8,-9900,?,9,-9900,?,9,0.016,E,8,-9900,?,9,-9900,?,9,0.16,99.0,E,8
02/11/2022,21:00,0.0,1403.225,0.0,1,8,0.0,1,8,0.0,1,8,0.0,1,8,0.0,1,8,0.0,1,8,-0.0,1,8,-9900,?,9,-9900,?,9,16.16,E,8,14.51,E,8,89.0,E,8,822.9788000000001,E,8,999.0,E,8,1.3,E,8,-9900,?,9,-9900,?,9,0.003,E,8,-9900,?,9,-9900,?,9,0.03,99.0,E,8
02/11/2022,22:00,0.0,1403.225,0.0,1,8,0.0,1,8,0.0,1,8,0.0,1,8,0.0,1,8,0.0,1,8,-0.0,1,8,-9900,?,9,-9900,?,9,15.75,E,8,14.34,E,8,87.0,E,8,822.9788000000001,E,8,999.0,E,8,1.3,E,8,-9900,?,9,-9900,?,9,0.0,E,8,-9900,?,9,-9900,?,9,0.0,0.0,E,8
02/11/2022,23:00,0.0,1403.225,0.0,1,8,0.0,1,8,0.0,1,8,0.0,1,8,0.0,1,8,0.0,1,8,-0.0,1,8,-9900,?,9,-9900,?,9,15.35,E,8,14.18,E,8,87.0,E,8,822.9788000000001,E,8,999.0,E,8,1.3,E,8,-9900,?,9,-9900,?,9,0.0,E,8,-9900,?,9,-9900,?,9,0.0,0.0,E,8
02/11/2022,24:00,0.0,1403.225,0.0,1,8,0.0,1,8,0.0,1,8,0.0,1,8,0.0,1,8,0.0,1,8,-0.0,1,8,-9900,?,9,-9900,?,9,14.94,E,8,14.49,E,8,93.0,E,8,822.9788000000001,E,8,999.0,E,8,0.68,E,8,-9900,?,9,-9900,?,9,0.0,E,8,-9900,?,9,-9900,?,9,0.0,0.0,E,8
02/12/2022,01:00,0.0,1403.225,0.0,1,8,0.0,1,8,0.0,1,8,0.0,1,8,0.0,1,8,0.0,1,8,-0.0,1,8,-9900,?,9,-9900,?,9,14.74,E,8,14.36,E,8,95.0,E,8,822.9788000000001,E,8,999.0,E,8,0.68,E,8,-9900,?,9,-9900,?,9,0.026000000000000002,E,8,-9900,?,9,-9900,?,9,0.26,99.0,E,8
02/12/2022,02:00,0.0,1403.225,0.0,1,8,0.0,1,8,0.0,1,8,0.0,1,8,0.0,1,8,0.0,1,8,-0.0,1,8,-9900,?,9,-9900,?,9,14.54,E,8,14.22,E,8,96.0,E,8,822.9788000000001,E,8,999.0,E,8,0.68,E,8,-9900,?,9,-9900,?,9,0.012,E,8,-9900,?,9,-9900,?,9,0.12,99.0,E,8
02/12/2022,03:00,0.0,1403.225,0.0,1,8,0.0,1,8,0.0,1,8,0.0,1,8,0.0,1,8,0.0,1,8,-0.0,1,8,-9900,?,9,-9900,?,9,14.33,E,8,14.08,E,8,99.0,E,8,822.9788000000001,E,8,999.0,E,8,0.68,E,8,-9900,?,9,-9900,?,9,0.55,E,8,-9900,?,9,-9900,?,9,5.5,99.0,E,8
02/12/2022,04:00,0.0,1402.688,0.0,1,8,0.0,1,8,0.0,1,8,0.0,1,8,0.0,1,8,0.0,1,8,-0.0,1,8,-9900,?,9,-9900,?,9,14.13,E,8,13.94,E,8,96.0,E,8,822.9788000000001,E,8,999.0,E,8,0.68,E,8,-9900,?,9,-9900,?,9,0.006,E,8,-9900,?,9,-9900,?,9,0.06,99.0,E,8
02/12/2022,05:00,0.0,1402.688,0.0,1,8,0.0,1,8,0.0,1,8,0.0,1,8,0.0,1,8,0.0,1,8,-0.0,1,8,-9900,?,9,-9900,?,9,13.93,E,8,13.8,E,8,96.0,E,8,822.9788000000001,E,8,999.0,E,8,0.68,E,8,-9900,?,9,-9900,?,9,0.002,E,8,-9900,?,9,-9900,?,9,0.02,99.0,E,8
02/12/2022,06:00,0.0,1402.688,0.0,1,8,0.0,1,8,0.0,1,8,0.0,1,8,0.0,1,8,0.0,1,8,-0.0,1,8,-9900,?,9,-9900,?,9,13.77,E,8,13.69,E,8,94.0,E,8,822.9788000000001,E,8,999.0,E,8,0.68,E,8,-9900,?,9,-9900,?,9,0.0,E,8,-9900,?,9,-9900,?,9,0.0,0.0,E,8
02/12/2022,07:00,272.46,1402.688,5.82,1,8,0.0,1,8,5.82,1,8,698.4,1,8,0.0,1,8,640.2,1,8,9.606,1,8,-9900,?,9,-9900,?,9,13.64,E,8,13.59,E,8,94.0,E,8,822.9788000000001,E,8,999.0,E,8,0.68,E,8,-9900,?,9,-9900,?,9,0.0,E,8,-9900,?,9,-9900,?,9,0.0,0.0,E,8
02/12/2022,08:00,592.824,1402.688,105.51,1,8,0.0,1,8,105.51,1,8,12661.2,1,8,0.0,1,8,11606.1,1,8,79.572,1,8,-9900,?,9,-9900,?,9,13.5,E,8,13.5,E,8,94.0,E,8,822.9788000000001,E,8,999.0,E,8,0.86,E,8,-9900,?,9,-9900,?,9,0.0,E,8,-9900,?,9,-9900,?,9,0.0,0.0,E,8
02/12/2022,09:00,881.794,1402.688,175.44,1,8,2.905,1,8,173.615,1,8,21052.8,1,8,275.955,1,8,19097.621,1,8,87.948,1,8,-9900,?,9,-9900,?,9,16.05,E,8,15.22,E,8,92.0,E,8,822.9788000000001,E,8,999.0,E,8,1.1,E,8,-9900,?,9,-9900,?,9,0.0,E,8,-9900,?,9,-9900,?,9,0.0,0.0,E,8
02/12/2022,10:00,1119.062,1402.688,239.19,1,8,5.611,1,8,234.715,1,8,28702.8,1,8,533.011,1,8,25818.605,1,8,93.663,1,8,-9900,?,9,-9900,?,9,16.65,E,8,15.6,E,8,92.0,E,8,822.9788000000001,E,8,999.0,E,8,0.91,E,8,-9900,?,9,-9900,?,9,0.0,E,8,-9900,?,9,-9900,?,9,0.0,0.0,E,8
02/12/2022,11:00,1288.326,1402.688,259.2,1,8,3.723,1,8,255.781,1,8,31104.0,1,8,353.691,1,8,28135.873,1,8,88.65,1,8,-9900,?,9,-9900,?,9,17.04,E,8,15.85,E,8,92.0,E,8,822.9788000000001,E,8,999.0,E,8,1.71,E,8,-9900,?,9,-9900,?,9,0.0,E,8,-9900,?,9,-9900,?,9,0.0,0.0,E,8
02/12/2022,12:00,1377.997,1402.688,247.95,1,8,3.772,1,8,244.245,1,8,29754.0,1,8,358.328,1,8,26866.902,1,8,79.139,1,8,-9900,?,9,-9900,?,9,17.23,E,8,15.96,E,8,92.0,E,8,822.9788000000001,E,8,999.0,E,8,1.28,E,8,-9900,?,9,-9900,?,9,0.0,E,8,-9900,?,9,-9900,?,9,0.0,0.0,E,8
02/12/2022,13:00,1381.93,1402.688,217.85,1,8,3.374,1,8,214.526,1,8,26142.0,1,8,320.521,1,8,23597.866,1,8,69.312,1,8,-9900,?,9,-9900,?,9,17.27,E,8,15.99,E,8,91.0,E,8,822.9788000000001,E,8,999.0,E,8,1.83,E,8,-9900,?,9,-9900,?,9,0.0,E,8,-9900,?,9,-9900,?,9,0.0,0.0,E,8
02/12/2022,14:00,1299.839,1402.688,216.87,1,8,3.53,1,8,213.599,1,8,26024.4,1,8,335.361,1,8,23495.877,1,8,73.374,1,8,-9900,?,9,-9900,?,9,17.29,E,8,16.0,E,8,91.0,E,8,822.9788000000001,E,8,999.0,E,8,2.2,E,8,-9900,?,9,-9900,?,9,0.0,E,8,-9900,?,9,-9900,?,9,0.0,0.0,E,8
02/12/2022,15:00,1137.313,1402.688,262.91,1,8,4.466,1,8,259.289,1,8,31549.2,1,8,424.273,1,8,28521.839,1,8,101.808,1,8,-9900,?,9,-9900,?,9,17.42,E,8,16.08,E,8,91.0,E,8,822.9788000000001,E,8,999.0,E,8,2.92,E,8,-9900,?,9,-9900,?,9,0.0,E,8,-9900,?,9,-9900,?,9,0.0,0.0,E,8
02/12/2022,16:00,905.447,1402.688,213.89,1,8,5.065,1,8,210.622,1,8,25666.8,1,8,481.176,1,8,23168.402,1,8,103.903,1,8,-9900,?,9,-9900,?,9,17.41,E,8,16.07,E,8,91.0,E,8,822.9788000000001,E,8,999.0,E,8,2.3,E,8,-9900,?,9,-9900,?,9,0.0,E,8,-9900,?,9,-9900,?,9,0.0,0.0,E,8
02/12/2022,17:00,620.132,1402.688,150.07,1,8,2.927,1,8,148.778,1,8,18008.4,1,8,278.059,1,8,16365.53,1,8,107.247,1,8,-9900,?,9,-9900,?,9,17.21,E,8,15.95,E,8,93.0,E,8,822.9788000000001,E,8,999.0,E,8,2.3,E,8,-9900,?,9,-9900,?,9,0.001,E,8,-9900,?,9,-9900,?,9,0.01,99.0,E,8
02/12/2022,18:00,301.297,1402.688,77.18,1,8,1.844,1,8,76.786,1,8,9261.6,1,8,175.203,1,8,8446.48,1,8,114.459,1,8,-9900,?,9,-9900,?,9,16.84,E,8,15.72,E,8,92.0,E,8,822.9788000000001,E,8,999.0,E,8,1.37,E,8,-9900,?,9,-9900,?,9,0.0,E,8,-9900,?,9,-9900,?,9,0.0,0.0,E,8
02/12/2022,19:00,0.0,1402.688,9.61,1,8,0.0,1,8,0.0,1,8,1153.2,1,8,0.0,1,8,0.0,1,8,-0.0,1,8,-9900,?,9,-9900,?,9,16.36,E,8,15.42,E,8,92.0,E,8,822.9788000000001,E,8,999.0,E,8,1.74,E,8,-9900,?,9,-9900,?,9,0.0,E,8,-9900,?,9,-9900,?,9,0.0,0.0,E,8
02/12/2022,20:00,0.0,1402.688,0.0,1,8,0.0,1,8,0.0,1,8,0.0,1,8,0.0,1,8,0.0,1,8,-0.0,1,8,-9900,?,9,-9900,?,9,16.03,E,8,15.21,E,8,92.0,E,8,822.9788000000001,E,8,999.0,E,8,1.71,E,8,-9900,?,9,-9900,?,9,0.0,E,8,-9900,?,9,-9900,?,9,0.0,0.0,E,8
02/12/2022,21:00,0.0,1402.688,0.0,1,8,0.0,1,8,0.0,1,8,0.0,1,8,0.0,1,8,0.0,1,8,-0.0,1,8,-9900,?,9,-9900,?,9,15.69,E,8,14.99,E,8,93.0,E,8,822.9788000000001,E,8,999.0,E,8,1.49,E,8,-9900,?,9,-9900,?,9,0.0,E,8,-9900,?,9,-9900,?,9,0.0,0.0,E,8
02/12/2022,22:00,0.0,1402.688,0.0,1,8,0.0,1,8,0.0,1,8,0.0,1,8,0.0,1,8,0.0,1,8,-0.0,1,8,-9900,?,9,-9900,?,9,15.36,E,8,14.77,E,8,93.0,E,8,822.9788000000001,E,8,999.0,E,8,0.7,E,8,-9900,?,9,-9900,?,9,0.0,E,8,-9900,?,9,-9900,?,9,0.0,0.0,E,8
02/12/2022,23:00,0.0,1402.688,0.0,1,8,0.0,1,8,0.0,1,8,0.0,1,8,0.0,1,8,0.0,1,8,-0.0,1,8,-9900,?,9,-9900,?,9,15.02,E,8,14.54,E,8,95.0,E,8,822.9788000000001,E,8,999.0,E,8,0.7,E,8,-9900,?,9,-9900,?,9,0.003,E,8,-9900,?,9,-9900,?,9,0.03,99.0,E,8
02/12/2022,24:00,0.0,1402.688,0.0,1,8,0.0,1,8,0.0,1,8,0.0,1,8,0.0,1,8,0.0,1,8,-0.0,1,8,-9900,?,9,-9900,?,9,14.69,E,8,13.04,E,8,89.0,E,8,822.9788000000001,E,8,999.0,E,8,0.23,E,8,-9900,?,9,-9900,?,9,0.0,E,8,-9900,?,9,-9900,?,9,0.0,0.0,E,8
02/13/2022,01:00,0.0,1402.688,0.0,1,8,0.0,1,8,0.0,1,8,0.0,1,8,0.0,1,8,0.0,1,8,-0.0,1,8,-9900,?,9,-9900,?,9,14.52,E,8,13.03,E,8,90.0,E,8,822.9788000000001,E,8,999.0,E,8,0.23,E,8,-9900,?,9,-9900,?,9,0.0,E,8,-9900,?,9,-9900,?,9,0.0,0.0,E,8
02/13/2022,02:00,0.0,1402.688,0.0,1,8,0.0,1,8,0.0,1,8,0.0,1,8,0.0,1,8,0.0,1,8,-0.0,1,8,-9900,?,9,-9900,?,9,14.36,E,8,13.02,E,8,91.0,E,8,822.9788000000001,E,8,999.0,E,8,0.23,E,8,-9900,?,9,-9900,?,9,0.0,E,8,-9900,?,9,-9900,?,9,0.0,0.0,E,8
02/13/2022,03:00,0.0,1402.688,0.0,1,8,0.0,1,8,0.0,1,8,0.0,1,8,0.0,1,8,0.0,1,8,-0.0,1,8,-9900,?,9,-9900,?,9,14.19,E,8,13.0,E,8,92.0,E,8,822.9788000000001,E,8,999.0,E,8,0.23,E,8,-9900,?,9,-9900,?,9,0.0,E,8,-9900,?,9,-9900,?,9,0.0,0.0,E,8
02/13/2022,04:00,0.0,1402.139,0.0,1,8,0.0,1,8,0.0,1,8,0.0,1,8,0.0,1,8,0.0,1,8,-0.0,1,8,-9900,?,9,-9900,?,9,14.02,E,8,12.99,E,8,93.0,E,8,822.9788000000001,E,8,999.0,E,8,0.23,E,8,-9900,?,9,-9900,?,9,0.0,E,8,-9900,?,9,-9900,?,9,0.0,0.0,E,8
02/13/2022,05:00,0.0,1402.139,0.0,1,8,0.0,1,8,0.0,1,8,0.0,1,8,0.0,1,8,0.0,1,8,-0.0,1,8,-9900,?,9,-9900,?,9,13.85,E,8,12.98,E,8,94.0,E,8,822.9788000000001,E,8,999.0,E,8,0.23,E,8,-9900,?,9,-9900,?,9,0.0,E,8,-9900,?,9,-9900,?,9,0.0,0.0,E,8
02/13/2022,06:00,0.0,1402.139,0.0,1,8,0.0,1,8,0.0,1,8,0.0,1,8,0.0,1,8,0.0,1,8,-0.0,1,8,-9900,?,9,-9900,?,9,13.73,E,8,12.97,E,8,95.0,E,8,822.9788000000001,E,8,999.0,E,8,0.23,E,8,-9900,?,9,-9900,?,9,0.0,E,8,-9900,?,9,-9900,?,9,0.0,0.0,E,8
02/13/2022,07:00,269.814,1402.139,10.31,1,8,0.0,1,8,10.31,1,8,1237.2,1,8,0.0,1,8,1134.1,1,8,17.18,1,8,-9900,?,9,-9900,?,9,13.62,E,8,12.96,E,8,95.0,E,8,822.9788000000001,E,8,999.0,E,8,0.23,E,8,-9900,?,9,-9900,?,9,0.0,E,8,-9900,?,9,-9900,?,9,0.0,0.0,E,8
02/13/2022,08:00,590.486,1402.139,131.13,1,8,0.039,1,8,131.114,1,8,15735.6,1,8,3.669,1,8,14422.513,1,8,99.236,1,8,-9900,?,9,-9900,?,9,13.51,E,8,12.95,E,8,96.0,E,8,822.9788000000001,E,8,999.0,E,8,0.37,E,8,-9900,?,9,-9900,?,9,0.0,E,8,-9900,?,9,-9900,?,9,0.0,0.0,E,8
02/13/2022,09:00,879.736,1402.139,268.29,1,8,31.675,1,8,248.425,1,8,32194.8,1,8,3009.111,1,8,27326.795,1,8,126.09,1,8,-9900,?,9,-9900,?,9,16.77,E,8,13.19,E,8,79.0,E,8,822.9788000000001,E,8,999.0,E,8,1.08,E,8,-9900,?,9,-9900,?,9,0.0,E,8,-9900,?,9,-9900,?,9,0.0,0.0,E,8
02/13/2022,10:00,1117.227,1402.139,389.81,1,8,21.14,1,8,372.969,1,8,46777.2,1,8,2008.281,1,8,41026.549,1,8,149.02,1,8,-9900,?,9,-9900,?,9,17.8,E,8,13.26,E,8,74.0,E,8,822.9788000000001,E,8,999.0,E,8,1.4,E,8,-9900,?,9,-9900,?,9,0.0,E,8,-9900,?,9,-9900,?,9,0.0,0.0,E,8
02/13/2022,11:00,1286.639,1402.139,484.44,1,8,45.833,1,8,442.385,1,8,58132.8,1,8,4354.159,1,8,48662.299,1,8,153.465,1,8,-9900,?,9,-9900,?,9,18.71,E,8,13.33,E,8,70.0,E,8,822.9788000000001,E,8,999.0,E,8,2.16,E,8,-9900,?,9,-9900,?,9,0.0,E,8,-9900,?,9,-9900,?,9,0.0,0.0,E,8
02/13/2022,12:00,1376.373,1402.139,544.9,1,8,51.839,1,8,494.014,1,8,65388.0,1,8,4924.696,1,8,54341.57,1,8,160.195,1,8,-9900,?,9,-9900,?,9,19.45,E,8,13.38,E,8,67.0,E,8,822.9788000000001,E,8,999.0,E,8,2.91,E,8,-9900,?,9,-9900,?,9,0.0,E,8,-9900,?,9,-9900,?,9,0.0,0.0,E,8
02/13/2022,13:00,1380.28,1402.139,566.78,1,8,75.91,1,8,492.054,1,8,68013.6,1,8,7211.452,1,8,54125.951,1,8,159.108,1,8,-9900,?,9,-9900,?,9,20.0,E,8,13.42,E,8,65.0,E,8,822.9788000000001,E,8,999.0,E,8,3.68,E,8,-9900,?,9,-9900,?,9,0.0,E,8,-9900,?,9,-9900,?,9,0.0,0.0,E,8
02/13/2022,14:00,1298.076,1402.139,548.48,1,8,47.427,1,8,504.575,1,8,65817.6,1,8,4505.552,1,8,55503.271,1,8,173.496,1,8,-9900,?,9,-9900,?,9,20.36,E,8,13.44,E,8,64.0,E,8,822.9788000000001,E,8,999.0,E,8,3.94,E,8,-9900,?,9,-9900,?,9,0.0,E,8,-9900,?,9,-9900,?,9,0.0,0.0,E,8
02/13/2022,15:00,1135.357,1402.139,491.33,1,8,119.633,1,8,394.474,1,8,58959.6,1,8,11365.127,1,8,43392.178,1,8,155.094,1,8,-9900,?,9,-9900,?,9,20.5,E,8,13.45,E,8,63.0,E,8,822.9788000000001,E,8,999.0,E,8,3.57,E,8,-9900,?,9,-9900,?,9,0.0,E,8,-9900,?,9,-9900,?,9,0.0,0.0,E,8
02/13/2022,16:00,903.232,1402.139,399.47,1,8,102.905,1,8,333.208,1,8,47936.4,1,8,9775.981,1,8,36652.87,1,8,164.716,1,8,-9900,?,9,-9900,?,9,20.41,E,8,13.45,E,8,64.0,E,8,822.9788000000001,E,8,999.0,E,8,2.55,E,8,-9900,?,9,-9900,?,9,0.0,E,8,-9900,?,9,-9900,?,9,0.0,0.0,E,8
02/13/2022,17:00,617.61,1402.139,279.9,1,8,162.114,1,8,208.579,1,8,33588.0,1,8,15400.824,1,8,22943.698,1,8,150.912,1,8,-9900,?,9,-9900,?,9,20.01,E,8,13.42,E,8,65.0,E,8,822.9788000000001,E,8,999.0,E,8,2.2,E,8,-9900,?,9,-9900,?,9,0.0,E,8,-9900,?,9,-9900,?,9,0.0,0.0,E,8
02/13/2022,18:00,298.453,1402.139,143.36,1,8,352.793,1,8,68.714,1,8,17203.2,1,8,33515.36,1,8,7558.554,1,8,103.374,1,8,-9900,?,9,-9900,?,9,19.34,E,8,13.37,E,8,68.0,E,8,822.9788000000001,E,8,999.0,E,8,1.68,E,8,-9900,?,9,-9900,?,9,0.0,E,8,-9900,?,9,-9900,?,9,0.0,0.0,E,8
02/13/2022,19:00,0.0,1402.139,17.21,1,8,0.0,1,8,0.0,1,8,2065.2,1,8,0.0,1,8,0.0,1,8,-0.0,1,8,-9900,?,9,-9900,?,9,18.48,E,8,13.31,E,8,71.0,E,8,822.9788000000001,E,8,999.0,E,8,0.93,E,8,-9900,?,9,-9900,?,9,0.0,E,8,-9900,?,9,-9900,?,9,0.0,0.0,E,8
02/13/2022,20:00,0.0,1402.139,0.0,1,8,0.0,1,8,0.0,1,8,0.0,1,8,0.0,1,8,0.0,1,8,-0.0,1,8,-9900,?,9,-9900,?,9,17.83,E,8,13.26,E,8,74.0,E,8,822.9788000000001,E,8,999.0,E,8,0.86,E,8,-9900,?,9,-9900,?,9,0.0,E,8,-9900,?,9,-9900,?,9,0.0,0.0,E,8
02/13/2022,21:00,0.0,1402.139,0.0,1,8,0.0,1,8,0.0,1,8,0.0,1,8,0.0,1,8,0.0,1,8,-0.0,1,8,-9900,?,9,-9900,?,9,17.17,E,8,13.22,E,8,77.0,E,8,822.9788000000001,E,8,999.0,E,8,0.61,E,8,-9900,?,9,-9900,?,9,0.0,E,8,-9900,?,9,-9900,?,9,0.0,0.0,E,8
02/13/2022,22:00,0.0,1402.139,0.0,1,8,0.0,1,8,0.0,1,8,0.0,1,8,0.0,1,8,0.0,1,8,-0.0,1,8,-9900,?,9,-9900,?,9,16.52,E,8,13.17,E,8,80.0,E,8,822.9788000000001,E,8,999.0,E,8,0.41,E,8,-9900,?,9,-9900,?,9,0.0,E,8,-9900,?,9,-9900,?,9,0.0,0.0,E,8
02/13/2022,23:00,0.0,1402.139,0.0,1,8,0.0,1,8,0.0,1,8,0.0,1,8,0.0,1,8,0.0,1,8,-0.0,1,8,-9900,?,9,-9900,?,9,15.87,E,8,13.12,E,8,83.0,E,8,822.9788000000001,E,8,999.0,E,8,0.39,E,8,-9900,?,9,-9900,?,9,0.0,E,8,-9900,?,9,-9900,?,9,0.0,0.0,E,8
02/13/2022,24:00,0.0,1402.139,0.0,1,8,0.0,1,8,0.0,1,8,0.0,1,8,0.0,1,8,0.0,1,8,-0.0,1,8,-9900,?,9,-9900,?,9,15.22,E,8,11.95,E,8,80.0,E,8,822.9788000000001,E,8,999.0,E,8,0.54,E,8,-9900,?,9,-9900,?,9,0.0,E,8,-9900,?,9,-9900,?,9,0.0,0.0,E,8
02/14/2022,01:00,0.0,1402.139,0.0,1,8,0.0,1,8,0.0,1,8,0.0,1,8,0.0,1,8,0.0,1,8,-0.0,1,8,-9900,?,9,-9900,?,9,14.89,E,8,11.99,E,8,82.0,E,8,822.9788000000001,E,8,999.0,E,8,0.66,E,8,-9900,?,9,-9900,?,9,0.0,E,8,-9900,?,9,-9900,?,9,0.0,0.0,E,8
02/14/2022,02:00,0.0,1402.139,0.0,1,8,0.0,1,8,0.0,1,8,0.0,1,8,0.0,1,8,0.0,1,8,-0.0,1,8,-9900,?,9,-9900,?,9,14.56,E,8,12.02,E,8,84.0,E,8,822.9788000000001,E,8,999.0,E,8,0.51,E,8,-9900,?,9,-9900,?,9,0.0,E,8,-9900,?,9,-9900,?,9,0.0,0.0,E,8
02/14/2022,03:00,0.0,1402.139,0.0,1,8,0.0,1,8,0.0,1,8,0.0,1,8,0.0,1,8,0.0,1,8,-0.0,1,8,-9900,?,9,-9900,?,9,14.24,E,8,12.06,E,8,86.0,E,8,822.9788000000001,E,8,999.0,E,8,0.45,E,8,-9900,?,9,-9900,?,9,0.0,E,8,-9900,?,9,-9900,?,9,0.0,0.0,E,8
02/14/2022,04:00,0.0,1401.58,0.0,1,8,0.0,1,8,0.0,1,8,0.0,1,8,0.0,1,8,0.0,1,8,-0.0,1,8,-9900,?,9,-9900,?,9,13.91,E,8,12.1,E,8,88.0,E,8,822.9788000000001,E,8,999.0,E,8,0.8,E,8,-9900,?,9,-9900,?,9,0.0,E,8,-9900,?,9,-9900,?,9,0.0,0.0,E,8
02/14/2022,05:00,0.0,1401.58,0.0,1,8,0.0,1,8,0.0,1,8,0.0,1,8,0.0,1,8,0.0,1,8,-0.0,1,8,-9900,?,9,-9900,?,9,13.58,E,8,12.14,E,8,90.0,E,8,822.9788000000001,E,8,999.0,E,8,0.55,E,8,-9900,?,9,-9900,?,9,0.0,E,8,-9900,?,9,-9900,?,9,0.0,0.0,E,8
02/14/2022,06:00,0.0,1401.58,0.0,1,8,0.0,1,8,0.0,1,8,0.0,1,8,0.0,1,8,0.0,1,8,-0.0,1,8,-9900,?,9,-9900,?,9,13.33,E,8,12.17,E,8,92.0,E,8,822.9788000000001,E,8,999.0,E,8,0.72,E,8,-9900,?,9,-9900,?,9,0.0,E,8,-9900,?,9,-9900,?,9,0.0,0.0,E,8
02/14/2022,07:00,267.2,1401.58,9.87,1,8,0.0,1,8,9.87,1,8,1184.4,1,8,0.0,1,8,1085.7,1,8,16.603,1,8,-9900,?,9,-9900,?,9,13.12,E,8,12.19,E,8,94.0,E,8,822.9788000000001,E,8,999.0,E,8,0.41,E,8,-9900,?,9,-9900,?,9,0.0,E,8,-9900,?,9,-9900,?,9,0.0,0.0,E,8
02/14/2022,08:00,588.167,1401.58,131.89,1,8,0.317,1,8,131.757,1,8,15826.8,1,8,30.078,1,8,14493.305,1,8,100.077,1,8,-9900,?,9,-9900,?,9,12.9,E,8,12.22,E,8,95.0,E,8,822.9788000000001,E,8,999.0,E,8,0.47,E,8,-9900,?,9,-9900,?,9,0.0,E,8,-9900,?,9,-9900,?,9,0.0,0.0,E,8
02/14/2022,09:00,877.68,1401.58,270.99,1,8,33.178,1,8,250.223,1,8,32518.8,1,8,3151.885,1,8,27524.564,1,8,127.25,1,8,-9900,?,9,-9900,?,9,16.54,E,8,11.79,E,8,73.0,E,8,822.9788000000001,E,8,999.0,E,8,0.67,E,8,-9900,?,9,-9900,?,9,0.0,E,8,-9900,?,9,-9900,?,9,0.0,0.0,E,8
02/14/2022,10:00,1115.373,1401.58,394.26,1,8,22.125,1,8,376.656,1,8,47311.2,1,8,2101.886,1,8,41432.149,1,8,150.684,1,8,-9900,?,9,-9900,?,9,17.7,E,8,11.66,E,8,67.0,E,8,822.9788000000001,E,8,999.0,E,8,0.94,E,8,-9900,?,9,-9900,?,9,0.0,E,8,-9900,?,9,-9900,?,9,0.0,0.0,E,8
02/14/2022,11:00,1284.913,1401.58,490.24,1,8,48.044,1,8,446.197,1,8,58828.8,1,8,4564.206,1,8,49081.709,1,8,154.934,1,8,-9900,?,9,-9900,?,9,18.71,E,8,11.54,E,8,63.0,E,8,822.9788000000001,E,8,999.0,E,8,1.78,E,8,-9900,?,9,-9900,?,9,0.0,E,8,-9900,?,9,-9900,?,9,0.0,0.0,E,8
02/14/2022,12:00,1374.69,1401.58,551.56,1,8,54.461,1,8,498.145,1,8,66187.2,1,8,5173.757,1,8,54795.936,1,8,161.668,1,8,-9900,?,9,-9900,?,9,19.54,E,8,11.44,E,8,59.0,E,8,822.9788000000001,E,8,999.0,E,8,3.09,E,8,-9900,?,9,-9900,?,9,0.0,E,8,-9900,?,9,-9900,?,9,0.0,0.0,E,8
02/14/2022,13:00,1378.553,1401.58,573.73,1,8,79.932,1,8,495.112,1,8,68847.6,1,8,7593.526,1,8,54462.338,1,8,160.233,1,8,-9900,?,9,-9900,?,9,20.16,E,8,11.36,E,8,56.0,E,8,822.9788000000001,E,8,999.0,E,8,4.07,E,8,-9900,?,9,-9900,?,9,0.0,E,8,-9900,?,9,-9900,?,9,0.0,0.0,E,8
02/14/2022,14:00,1296.22,1401.58,555.15,1,8,50.05,1,8,508.865,1,8,66618.0,1,8,4754.705,1,8,55975.164,1,8,175.151,1,8,-9900,?,9,-9900,?,9,20.56,E,8,11.32,E,8,55.0,E,8,822.9788000000001,E,8,999.0,E,8,5.61,E,8,-9900,?,9,-9900,?,9,0.0,E,8,-9900,?,9,-9900,?,9,0.0,0.0,E,8
02/14/2022,15:00,1133.296,1401.58,497.15,1,8,126.468,1,8,394.906,1,8,59658.0,1,8,12014.458,1,8,43439.64,1,8,155.484,1,8,-9900,?,9,-9900,?,9,20.72,E,8,11.3,E,8,54.0,E,8,822.9788000000001,E,8,999.0,E,8,6.03,E,8,-9900,?,9,-9900,?,9,0.0,E,8,-9900,?,9,-9900,?,9,0.0,0.0,E,8
02/14/2022,16:00,900.906,1401.58,403.94,1,8,108.907,1,8,333.966,1,8,48472.8,1,8,10346.173,1,8,36736.262,1,8,165.452,1,8,-9900,?,9,-9900,?,9,20.62,E,8,11.31,E,8,55.0,E,8,822.9788000000001,E,8,999.0,E,8,5.0,E,8,-9900,?,9,-9900,?,9,0.0,E,8,-9900,?,9,-9900,?,9,0.0,0.0,E,8
02/14/2022,17:00,614.977,1401.58,282.62,1,8,171.578,1,8,207.428,1,8,33914.4,1,8,16299.915,1,8,22817.09,1,8,150.664,1,8,-9900,?,9,-9900,?,9,20.17,E,8,11.36,E,8,56.0,E,8,822.9788000000001,E,8,999.0,E,8,3.47,E,8,-9900,?,9,-9900,?,9,0.0,E,8,-9900,?,9,-9900,?,9,0.0,0.0,E,8
02/14/2022,18:00,295.502,1401.58,144.13,1,8,372.019,1,8,66.172,1,8,17295.6,1,8,35341.831,1,8,7278.973,1,8,100.516,1,8,-9900,?,9,-9900,?,9,19.42,E,8,11.45,E,8,59.0,E,8,822.9788000000001,E,8,999.0,E,8,1.89,E,8,-9900,?,9,-9900,?,9,0.0,E,8,-9900,?,9,-9900,?,9,0.0,0.0,E,8
02/14/2022,19:00,0.0,1401.58,16.64,1,8,0.0,1,8,0.0,1,8,1996.8,1,8,0.0,1,8,0.0,1,8,-0.0,1,8,-9900,?,9,-9900,?,9,18.46,E,8,11.57,E,8,64.0,E,8,822.9788000000001,E,8,999.0,E,8,0.96,E,8,-9900,?,9,-9900,?,9,0.0,E,8,-9900,?,9,-9900,?,9,0.0,0.0,E,8
02/14/2022,20:00,0.0,1401.58,0.0,1,8,0.0,1,8,0.0,1,8,0.0,1,8,0.0,1,8,0.0,1,8,-0.0,1,8,-9900,?,9,-9900,?,9,17.88,E,8,11.64,E,8,66.0,E,8,822.9788000000001,E,8,999.0,E,8,0.59,E,8,-9900,?,9,-9900,?,9,0.0,E,8,-9900,?,9,-9900,?,9,0.0,0.0,E,8
02/14/2022,21:00,0.0,1401.58,0.0,1,8,0.0,1,8,0.0,1,8,0.0,1,8,0.0,1,8,0.0,1,8,-0.0,1,8,-9900,?,9,-9900,?,9,17.3,E,8,11.7,E,8,69.0,E,8,822.9788000000001,E,8,999.0,E,8,0.56,E,8,-9900,?,9,-9900,?,9,0.0,E,8,-9900,?,9,-9900,?,9,0.0,0.0,E,8
02/14/2022,22:00,0.0,1401.58,0.0,1,8,0.0,1,8,0.0,1,8,0.0,1,8,0.0,1,8,0.0,1,8,-0.0,1,8,-9900,?,9,-9900,?,9,16.72,E,8,11.77,E,8,72.0,E,8,822.9788000000001,E,8,999.0,E,8,0.41,E,8,-9900,?,9,-9900,?,9,0.0,E,8,-9900,?,9,-9900,?,9,0.0,0.0,E,8
02/14/2022,23:00,0.0,1401.58,0.0,1,8,0.0,1,8,0.0,1,8,0.0,1,8,0.0,1,8,0.0,1,8,-0.0,1,8,-9900,?,9,-9900,?,9,16.13,E,8,11.84,E,8,75.0,E,8,822.9788000000001,E,8,999.0,E,8,0.41,E,8,-9900,?,9,-9900,?,9,0.0,E,8,-9900,?,9,-9900,?,9,0.0,0.0,E,8
02/14/2022,24:00,0.0,1401.58,0.0,1,8,0.0,1,8,0.0,1,8,0.0,1,8,0.0,1,8,0.0,1,8,-0.0,1,8,-9900,?,9,-9900,?,9,15.55,E,8,13.79,E,8,90.0,E,8,822.9788000000001,E,8,999.0,E,8,0.64,E,8,-9900,?,9,-9900,?,9,0.027000000000000003,E,8,-9900,?,9,-9900,?,9,0.27,99.0,E,8
02/15/2022,01:00,0.0,1401.58,0.0,1,8,0.0,1,8,0.0,1,8,0.0,1,8,0.0,1,8,0.0,1,8,-0.0,1,8,-9900,?,9,-9900,?,9,15.26,E,8,13.75,E,8,87.0,E,8,822.9788000000001,E,8,999.0,E,8,0.72,E,8,-9900,?,9,-9900,?,9,0.0,E,8,-9900,?,9,-9900,?,9,0.0,0.0,E,8
02/15/2022,02:00,0.0,1401.58,0.0,1,8,0.0,1,8,0.0,1,8,0.0,1,8,0.0,1,8,0.0,1,8,-0.0,1,8,-9900,?,9,-9900,?,9,14.97,E,8,13.71,E,8,89.0,E,8,822.9788000000001,E,8,999.0,E,8,0.62,E,8,-9900,?,9,-9900,?,9,0.0,E,8,-9900,?,9,-9900,?,9,0.0,0.0,E,8
02/15/2022,03:00,0.0,1401.58,0.0,1,8,0.0,1,8,0.0,1,8,0.0,1,8,0.0,1,8,0.0,1,8,-0.0,1,8,-9900,?,9,-9900,?,9,14.68,E,8,13.66,E,8,90.0,E,8,822.9788000000001,E,8,999.0,E,8,1.11,E,8,-9900,?,9,-9900,?,9,0.0,E,8,-9900,?,9,-9900,?,9,0.0,0.0,E,8
02/15/2022,04:00,0.0,1401.01,0.0,1,8,0.0,1,8,0.0,1,8,0.0,1,8,0.0,1,8,0.0,1,8,-0.0,1,8,-9900,?,9,-9900,?,9,14.39,E,8,13.62,E,8,91.0,E,8,822.9788000000001,E,8,999.0,E,8,1.54,E,8,-9900,?,9,-9900,?,9,0.0,E,8,-9900,?,9,-9900,?,9,0.0,0.0,E,8
02/15/2022,05:00,0.0,1401.01,0.0,1,8,0.0,1,8,0.0,1,8,0.0,1,8,0.0,1,8,0.0,1,8,-0.0,1,8,-9900,?,9,-9900,?,9,14.1,E,8,13.58,E,8,93.0,E,8,822.9788000000001,E,8,999.0,E,8,1.12,E,8,-9900,?,9,-9900,?,9,0.0,E,8,-9900,?,9,-9900,?,9,0.0,0.0,E,8
02/15/2022,06:00,0.0,1401.01,0.0,1,8,0.0,1,8,0.0,1,8,0.0,1,8,0.0,1,8,0.0,1,8,-0.0,1,8,-9900,?,9,-9900,?,9,13.88,E,8,13.54,E,8,98.0,E,8,822.9788000000001,E,8,999.0,E,8,1.35,E,8,-9900,?,9,-9900,?,9,0.017,E,8,-9900,?,9,-9900,?,9,0.17,99.0,E,8
02/15/2022,07:00,264.618,1401.01,6.33,1,8,0.0,1,8,6.33,1,8,759.6,1,8,0.0,1,8,696.3,1,8,10.749,1,8,-9900,?,9,-9900,?,9,13.68,E,8,13.51,E,8,99.0,E,8,822.9788000000001,E,8,999.0,E,8,1.12,E,8,-9900,?,9,-9900,?,9,0.053000000000000005,E,8,-9900,?,9,-9900,?,9,0.53,99.0,E,8
02/15/2022,08:00,585.865,1401.01,88.92,1,8,0.0,1,8,88.92,1,8,10670.4,1,8,0.0,1,8,9781.2,1,8,67.778,1,8,-9900,?,9,-9900,?,9,13.49,E,8,13.49,E,8,95.0,E,8,822.9788000000001,E,8,999.0,E,8,0.68,E,8,-9900,?,9,-9900,?,9,0.0,E,8,-9900,?,9,-9900,?,9,0.0,0.0,E,8
02/15/2022,09:00,875.623,1401.01,183.44,1,8,2.773,1,8,181.708,1,8,22012.8,1,8,263.426,1,8,19987.852,1,8,92.586,1,8,-9900,?,9,-9900,?,9,16.14,E,8,13.88,E,8,88.0,E,8,822.9788000000001,E,8,999.0,E,8,0.84,E,8,-9900,?,9,-9900,?,9,0.001,E,8,-9900,?,9,-9900,?,9,0.01,99.0,E,8
02/15/2022,10:00,1113.5,1401.01,267.22,1,8,3.221,1,8,264.661,1,8,32066.4,1,8,305.951,1,8,29112.689,1,8,106.015,1,8,-9900,?,9,-9900,?,9,16.99,E,8,14.01,E,8,81.0,E,8,822.9788000000001,E,8,999.0,E,8,1.25,E,8,-9900,?,9,-9900,?,9,0.0,E,8,-9900,?,9,-9900,?,9,0.0,0.0,E,8
02/15/2022,11:00,1283.147,1401.01,332.45,1,8,19.684,1,8,314.423,1,8,39894.0,1,8,1869.935,1,8,34586.575,1,8,109.283,1,8,-9900,?,9,-9900,?,9,17.73,E,8,14.11,E,8,78.0,E,8,822.9788000000001,E,8,999.0,E,8,1.37,E,8,-9900,?,9,-9900,?,9,0.0,E,8,-9900,?,9,-9900,?,9,0.0,0.0,E,8
02/15/2022,12:00,1372.947,1401.01,374.11,1,8,21.388,1,8,353.151,1,8,44893.2,1,8,2031.835,1,8,38846.602,1,8,114.711,1,8,-9900,?,9,-9900,?,9,18.34,E,8,14.2,E,8,76.0,E,8,822.9788000000001,E,8,999.0,E,8,2.85,E,8,-9900,?,9,-9900,?,9,0.0,E,8,-9900,?,9,-9900,?,9,0.0,0.0,E,8
02/15/2022,13:00,1376.747,1401.01,389.16,1,8,22.333,1,8,367.214,1,8,46699.2,1,8,2121.593,1,8,40393.588,1,8,118.949,1,8,-9900,?,9,-9900,?,9,18.79,E,8,14.27,E,8,78.0,E,8,822.9788000000001,E,8,999.0,E,8,2.11,E,8,-9900,?,9,-9900,?,9,0.003,E,8,-9900,?,9,-9900,?,9,0.03,99.0,E,8
02/15/2022,14:00,1294.27,1401.01,376.51,1,8,23.104,1,8,355.168,1,8,45181.2,1,8,2194.852,1,8,39068.436,1,8,122.383,1,8,-9900,?,9,-9900,?,9,19.08,E,8,14.31,E,8,77.0,E,8,822.9788000000001,E,8,999.0,E,8,1.7,E,8,-9900,?,9,-9900,?,9,0.011,E,8,-9900,?,9,-9900,?,9,0.11,99.0,E,8
02/15/2022,15:00,1131.131,1401.01,337.06,1,8,17.489,1,8,322.942,1,8,40447.2,1,8,1661.462,1,8,35523.63,1,8,127.342,1,8,-9900,?,9,-9900,?,9,19.2,E,8,14.33,E,8,73.0,E,8,822.9788000000001,E,8,999.0,E,8,2.08,E,8,-9900,?,9,-9900,?,9,0.0,E,8,-9900,?,9,-9900,?,9,0.0,0.0,E,8
02/15/2022,16:00,898.47,1401.01,273.68,1,8,11.162,1,8,266.525,1,8,32841.6,1,8,1060.366,1,8,29317.746,1,8,132.345,1,8,-9900,?,9,-9900,?,9,19.13,E,8,14.32,E,8,73.0,E,8,822.9788000000001,E,8,999.0,E,8,2.4,E,8,-9900,?,9,-9900,?,9,0.0,E,8,-9900,?,9,-9900,?,9,0.0,0.0,E,8
02/15/2022,17:00,612.234,1401.01,191.21,1,8,16.447,1,8,184.031,1,8,22945.2,1,8,1562.496,1,8,20243.464,1,8,134.216,1,8,-9900,?,9,-9900,?,9,18.8,E,8,14.27,E,8,78.0,E,8,822.9788000000001,E,8,999.0,E,8,1.91,E,8,-9900,?,9,-9900,?,9,0.001,E,8,-9900,?,9,-9900,?,9,0.01,99.0,E,8
02/15/2022,18:00,292.447,1401.01,97.09,1,8,65.724,1,8,83.456,1,8,11650.8,1,8,6243.787,1,8,9180.153,1,8,128.058,1,8,-9900,?,9,-9900,?,9,18.24,E,8,14.19,E,8,80.0,E,8,822.9788000000001,E,8,999.0,E,8,1.39,E,8,-9900,?,9,-9900,?,9,0.007000000000000001,E,8,-9900,?,9,-9900,?,9,0.07,99.0,E,8
02/15/2022,19:00,0.0,1401.01,10.76,1,8,0.0,1,8,0.0,1,8,1291.2,1,8,0.0,1,8,0.0,1,8,-0.0,1,8,-9900,?,9,-9900,?,9,17.54,E,8,14.09,E,8,79.0,E,8,822.9788000000001,E,8,999.0,E,8,1.19,E,8,-9900,?,9,-9900,?,9,0.0,E,8,-9900,?,9,-9900,?,9,0.0,0.0,E,8
02/15/2022,20:00,0.0,1401.01,0.0,1,8,0.0,1,8,0.0,1,8,0.0,1,8,0.0,1,8,0.0,1,8,-0.0,1,8,-9900,?,9,-9900,?,9,17.01,E,8,14.01,E,8,81.0,E,8,822.9788000000001,E,8,999.0,E,8,1.18,E,8,-9900,?,9,-9900,?,9,0.0,E,8,-9900,?,9,-9900,?,9,0.0,0.0,E,8
02/15/2022,21:00,0.0,1401.01,0.0,1,8,0.0,1,8,0.0,1,8,0.0,1,8,0.0,1,8,0.0,1,8,-0.0,1,8,-9900,?,9,-9900,?,9,16.48,E,8,13.93,E,8,83.0,E,8,822.9788000000001,E,8,999.0,E,8,0.86,E,8,-9900,?,9,-9900,?,9,0.0,E,8,-9900,?,9,-9900,?,9,0.0,0.0,E,8
02/15/2022,22:00,0.0,1401.01,0.0,1,8,0.0,1,8,0.0,1,8,0.0,1,8,0.0,1,8,0.0,1,8,-0.0,1,8,-9900,?,9,-9900,?,9,15.95,E,8,13.85,E,8,89.0,E,8,822.9788000000001,E,8,999.0,E,8,0.89,E,8,-9900,?,9,-9900,?,9,0.004,E,8,-9900,?,9,-9900,?,9,0.04,99.0,E,8
02/15/2022,23:00,0.0,1401.01,0.0,1,8,0.0,1,8,0.0,1,8,0.0,1,8,0.0,1,8,0.0,1,8,-0.0,1,8,-9900,?,9,-9900,?,9,15.42,E,8,13.77,E,8,99.0,E,8,822.9788000000001,E,8,999.0,E,8,0.81,E,8,-9900,?,9,-9900,?,9,0.877,E,8,-9900,?,9,-9900,?,9,8.77,99.0,E,8
02/15/2022,24:00,0.0,1401.01,0.0,1,8,0.0,1,8,0.0,1,8,0.0,1,8,0.0,1,8,0.0,1,8,-0.0,1,8,-9900,?,9,-9900,?,9,14.89,E,8,13.62,E,8,93.0,E,8,822.9788000000001,E,8,999.0,E,8,1.21,E,8,-9900,?,9,-9900,?,9,0.001,E,8,-9900,?,9,-9900,?,9,0.01,99.0,E,8
02/16/2022,01:00,0.0,1401.01,0.0,1,8,0.0,1,8,0.0,1,8,0.0,1,8,0.0,1,8,0.0,1,8,-0.0,1,8,-9900,?,9,-9900,?,9,14.63,E,8,13.54,E,8,90.0,E,8,822.9788000000001,E,8,999.0,E,8,1.21,E,8,-9900,?,9,-9900,?,9,0.0,E,8,-9900,?,9,-9900,?,9,0.0,0.0,E,8
02/16/2022,02:00,0.0,1401.01,0.0,1,8,0.0,1,8,0.0,1,8,0.0,1,8,0.0,1,8,0.0,1,8,-0.0,1,8,-9900,?,9,-9900,?,9,14.36,E,8,13.45,E,8,91.0,E,8,822.9788000000001,E,8,999.0,E,8,1.21,E,8,-9900,?,9,-9900,?,9,0.0,E,8,-9900,?,9,-9900,?,9,0.0,0.0,E,8
02/16/2022,03:00,0.0,1401.01,0.0,1,8,0.0,1,8,0.0,1,8,0.0,1,8,0.0,1,8,0.0,1,8,-0.0,1,8,-9900,?,9,-9900,?,9,14.1,E,8,13.36,E,8,96.0,E,8,822.9788000000001,E,8,999.0,E,8,1.21,E,8,-9900,?,9,-9900,?,9,0.012,E,8,-9900,?,9,-9900,?,9,0.12,99.0,E,8
02/16/2022,04:00,0.0,1400.43,0.0,1,8,0.0,1,8,0.0,1,8,0.0,1,8,0.0,1,8,0.0,1,8,-0.0,1,8,-9900,?,9,-9900,?,9,13.83,E,8,13.28,E,8,97.0,E,8,822.9788000000001,E,8,999.0,E,8,1.21,E,8,-9900,?,9,-9900,?,9,0.026000000000000002,E,8,-9900,?,9,-9900,?,9,0.26,99.0,E,8
02/16/2022,05:00,0.0,1400.43,0.0,1,8,0.0,1,8,0.0,1,8,0.0,1,8,0.0,1,8,0.0,1,8,-0.0,1,8,-9900,?,9,-9900,?,9,13.57,E,8,13.19,E,8,94.0,E,8,822.9788000000001,E,8,999.0,E,8,1.21,E,8,-9900,?,9,-9900,?,9,0.0,E,8,-9900,?,9,-9900,?,9,0.0,0.0,E,8
02/16/2022,06:00,0.0,1400.43,0.0,1,8,0.0,1,8,0.0,1,8,0.0,1,8,0.0,1,8,0.0,1,8,-0.0,1,8,-9900,?,9,-9900,?,9,13.36,E,8,13.12,E,8,94.0,E,8,822.9788000000001,E,8,999.0,E,8,1.21,E,8,-9900,?,9,-9900,?,9,0.0,E,8,-9900,?,9,-9900,?,9,0.0,0.0,E,8
02/16/2022,07:00,262.067,1400.43,5.54,1,8,0.0,1,8,5.54,1,8,664.8,1,8,0.0,1,8,609.4,1,8,9.497,1,8,-9900,?,9,-9900,?,9,13.19,E,8,13.06,E,8,95.0,E,8,822.9788000000001,E,8,999.0,E,8,1.21,E,8,-9900,?,9,-9900,?,9,0.0,E,8,-9900,?,9,-9900,?,9,0.0,0.0,E,8
02/16/2022,08:00,583.58,1400.43,81.82,1,8,0.0,1,8,81.82,1,8,9818.4,1,8,0.0,1,8,9000.2,1,8,62.585,1,8,-9900,?,9,-9900,?,9,13.01,E,8,13.01,E,8,96.0,E,8,822.9788000000001,E,8,999.0,E,8,1.21,E,8,-9900,?,9,-9900,?,9,0.0,E,8,-9900,?,9,-9900,?,9,0.0,0.0,E,8
02/16/2022,09:00,873.566,1400.43,169.47,1,8,1.325,1,8,168.644,1,8,20336.4,1,8,125.831,1,8,18550.857,1,8,86.097,1,8,-9900,?,9,-9900,?,9,15.7,E,8,13.88,E,8,87.0,E,8,822.9788000000001,E,8,999.0,E,8,1.21,E,8,-9900,?,9,-9900,?,9,0.0,E,8,-9900,?,9,-9900,?,9,0.0,0.0,E,8
02/16/2022,10:00,1111.606,1400.43,247.16,1,8,2.921,1,8,244.842,1,8,29659.2,1,8,277.478,1,8,26932.616,1,8,98.202,1,8,-9900,?,9,-9900,?,9,16.57,E,8,14.15,E,8,84.0,E,8,822.9788000000001,E,8,999.0,E,8,1.21,E,8,-9900,?,9,-9900,?,9,0.0,E,8,-9900,?,9,-9900,?,9,0.0,0.0,E,8
02/16/2022,11:00,1281.34,1400.43,307.65,1,8,7.283,1,8,300.986,1,8,36918.0,1,8,691.922,1,8,33108.499,1,8,104.717,1,8,-9900,?,9,-9900,?,9,17.33,E,8,14.38,E,8,81.0,E,8,822.9788000000001,E,8,999.0,E,8,1.21,E,8,-9900,?,9,-9900,?,9,0.0,E,8,-9900,?,9,-9900,?,9,0.0,0.0,E,8
02/16/2022,12:00,1371.142,1400.43,346.28,1,8,19.975,1,8,326.723,1,8,41553.6,1,8,1897.662,1,8,35939.487,1,8,106.222,1,8,-9900,?,9,-9900,?,9,17.95,E,8,14.57,E,8,80.0,E,8,822.9788000000001,E,8,999.0,E,8,1.21,E,8,-9900,?,9,-9900,?,9,0.0,E,8,-9900,?,9,-9900,?,9,0.0,0.0,E,8
02/16/2022,13:00,1374.862,1400.43,360.21,1,8,20.602,1,8,339.985,1,8,43225.2,1,8,1957.159,1,8,37398.315,1,8,110.234,1,8,-9900,?,9,-9900,?,9,18.41,E,8,14.71,E,8,78.0,E,8,822.9788000000001,E,8,999.0,E,8,1.21,E,8,-9900,?,9,-9900,?,9,0.0,E,8,-9900,?,9,-9900,?,9,0.0,0.0,E,8
02/16/2022,14:00,1292.226,1400.43,348.45,1,8,20.672,1,8,329.376,1,8,41814.0,1,8,1963.826,1,8,36231.396,1,8,113.629,1,8,-9900,?,9,-9900,?,9,18.7,E,8,14.8,E,8,77.0,E,8,822.9788000000001,E,8,999.0,E,8,1.21,E,8,-9900,?,9,-9900,?,9,0.0,E,8,-9900,?,9,-9900,?,9,0.0,0.0,E,8
02/16/2022,15:00,1128.863,1400.43,311.84,1,8,14.786,1,8,299.923,1,8,37420.8,1,8,1404.675,1,8,32991.541,1,8,118.454,1,8,-9900,?,9,-9900,?,9,18.83,E,8,14.84,E,8,77.0,E,8,822.9788000000001,E,8,999.0,E,8,1.21,E,8,-9900,?,9,-9900,?,9,0.0,E,8,-9900,?,9,-9900,?,9,0.0,0.0,E,8
02/16/2022,16:00,895.924,1400.43,253.03,1,8,8.565,1,8,247.553,1,8,30363.6,1,8,813.722,1,8,27230.78,1,8,123.223,1,8,-9900,?,9,-9900,?,9,18.75,E,8,14.81,E,8,77.0,E,8,822.9788000000001,E,8,999.0,E,8,1.21,E,8,-9900,?,9,-9900,?,9,0.0,E,8,-9900,?,9,-9900,?,9,0.0,0.0,E,8
02/16/2022,17:00,609.381,1400.43,176.52,1,8,10.932,1,8,171.769,1,8,21182.4,1,8,1038.544,1,8,18894.589,1,8,125.808,1,8,-9900,?,9,-9900,?,9,18.41,E,8,14.71,E,8,78.0,E,8,822.9788000000001,E,8,999.0,E,8,1.21,E,8,-9900,?,9,-9900,?,9,0.0,E,8,-9900,?,9,-9900,?,9,0.0,0.0,E,8
02/16/2022,18:00,289.288,1400.43,89.22,1,8,27.281,1,8,83.62,1,8,10706.4,1,8,2591.716,1,8,9198.225,1,8,129.674,1,8,-9900,?,9,-9900,?,9,17.85,E,8,14.54,E,8,84.0,E,8,822.9788000000001,E,8,999.0,E,8,1.21,E,8,-9900,?,9,-9900,?,9,0.003,E,8,-9900,?,9,-9900,?,9,0.03,99.0,E,8
02/16/2022,19:00,0.0,1400.43,9.46,1,8,0.0,1,8,0.0,1,8,1135.2,1,8,0.0,1,8,0.0,1,8,-0.0,1,8,-9900,?,9,-9900,?,9,17.13,E,8,14.32,E,8,86.0,E,8,822.9788000000001,E,8,999.0,E,8,1.21,E,8,-9900,?,9,-9900,?,9,0.002,E,8,-9900,?,9,-9900,?,9,0.02,99.0,E,8
02/16/2022,20:00,0.0,1400.43,0.0,1,8,0.0,1,8,0.0,1,8,0.0,1,8,0.0,1,8,0.0,1,8,-0.0,1,8,-9900,?,9,-9900,?,9,16.61,E,8,14.16,E,8,84.0,E,8,822.9788000000001,E,8,999.0,E,8,1.21,E,8,-9900,?,9,-9900,?,9,0.0,E,8,-9900,?,9,-9900,?,9,0.0,0.0,E,8
02/16/2022,21:00,0.0,1400.43,0.0,1,8,0.0,1,8,0.0,1,8,0.0,1,8,0.0,1,8,0.0,1,8,-0.0,1,8,-9900,?,9,-9900,?,9,16.09,E,8,14.0,E,8,89.0,E,8,822.9788000000001,E,8,999.0,E,8,1.21,E,8,-9900,?,9,-9900,?,9,0.006,E,8,-9900,?,9,-9900,?,9,0.06,99.0,E,8
02/16/2022,22:00,0.0,1400.43,0.0,1,8,0.0,1,8,0.0,1,8,0.0,1,8,0.0,1,8,0.0,1,8,-0.0,1,8,-9900,?,9,-9900,?,9,15.57,E,8,13.84,E,8,99.0,E,8,822.9788000000001,E,8,999.0,E,8,1.88,E,8,-9900,?,9,-9900,?,9,0.55,E,8,-9900,?,9,-9900,?,9,5.5,99.0,E,8
02/16/2022,23:00,0.0,1400.43,0.0,1,8,0.0,1,8,0.0,1,8,0.0,1,8,0.0,1,8,0.0,1,8,-0.0,1,8,-9900,?,9,-9900,?,9,15.05,E,8,13.67,E,8,89.0,E,8,822.9788000000001,E,8,999.0,E,8,2.01,E,8,-9900,?,9,-9900,?,9,0.0,E,8,-9900,?,9,-9900,?,9,0.0,0.0,E,8
02/16/2022,24:00,0.0,1400.43,0.0,1,8,0.0,1,8,0.0,1,8,0.0,1,8,0.0,1,8,0.0,1,8,-0.0,1,8,-9900,?,9,-9900,?,9,14.54,E,8,11.39,E,8,81.0,E,8,822.9788000000001,E,8,999.0,E,8,0.84,E,8,-9900,?,9,-9900,?,9,0.0,E,8,-9900,?,9,-9900,?,9,0.0,0.0,E,8
02/17/2022,01:00,0.0,1400.43,0.0,1,8,0.0,1,8,0.0,1,8,0.0,1,8,0.0,1,8,0.0,1,8,-0.0,1,8,-9900,?,9,-9900,?,9,14.28,E,8,11.58,E,8,88.0,E,8,822.9788000000001,E,8,999.0,E,8,0.8,E,8,-9900,?,9,-9900,?,9,0.005,E,8,-9900,?,9,-9900,?,9,0.05,99.0,E,8
02/17/2022,02:00,0.0,1400.43,0.0,1,8,0.0,1,8,0.0,1,8,0.0,1,8,0.0,1,8,0.0,1,8,-0.0,1,8,-9900,?,9,-9900,?,9,14.02,E,8,11.77,E,8,86.0,E,8,822.9788000000001,E,8,999.0,E,8,1.09,E,8,-9900,?,9,-9900,?,9,0.0,E,8,-9900,?,9,-9900,?,9,0.0,0.0,E,8
02/17/2022,03:00,0.0,1400.43,0.0,1,8,0.0,1,8,0.0,1,8,0.0,1,8,0.0,1,8,0.0,1,8,-0.0,1,8,-9900,?,9,-9900,?,9,13.76,E,8,11.95,E,8,88.0,E,8,822.9788000000001,E,8,999.0,E,8,1.55,E,8,-9900,?,9,-9900,?,9,0.0,E,8,-9900,?,9,-9900,?,9,0.0,0.0,E,8
02/17/2022,04:00,0.0,1399.839,0.0,1,8,0.0,1,8,0.0,1,8,0.0,1,8,0.0,1,8,0.0,1,8,-0.0,1,8,-9900,?,9,-9900,?,9,13.5,E,8,12.13,E,8,96.0,E,8,822.9788000000001,E,8,999.0,E,8,1.67,E,8,-9900,?,9,-9900,?,9,0.003,E,8,-9900,?,9,-9900,?,9,0.03,99.0,E,8
02/17/2022,05:00,0.0,1399.839,0.0,1,8,0.0,1,8,0.0,1,8,0.0,1,8,0.0,1,8,0.0,1,8,-0.0,1,8,-9900,?,9,-9900,?,9,13.24,E,8,12.31,E,8,94.0,E,8,822.9788000000001,E,8,999.0,E,8,1.5,E,8,-9900,?,9,-9900,?,9,0.0,E,8,-9900,?,9,-9900,?,9,0.0,0.0,E,8
02/17/2022,06:00,0.0,1399.839,0.0,1,8,0.0,1,8,0.0,1,8,0.0,1,8,0.0,1,8,0.0,1,8,-0.0,1,8,-9900,?,9,-9900,?,9,13.04,E,8,12.45,E,8,96.0,E,8,822.9788000000001,E,8,999.0,E,8,1.89,E,8,-9900,?,9,-9900,?,9,0.0,E,8,-9900,?,9,-9900,?,9,0.0,0.0,E,8
02/17/2022,07:00,259.547,1399.839,6.48,1,8,0.0,1,8,6.48,1,8,777.6,1,8,0.0,1,8,712.8,1,8,11.213,1,8,-9900,?,9,-9900,?,9,12.87,E,8,12.57,E,8,98.0,E,8,822.9788000000001,E,8,999.0,E,8,2.07,E,8,-9900,?,9,-9900,?,9,0.0,E,8,-9900,?,9,-9900,?,9,0.0,0.0,E,8
02/17/2022,08:00,581.311,1399.839,164.6,1,8,13.575,1,8,158.971,1,8,19752.0,1,8,1289.639,1,8,17486.759,1,8,122.024,1,8,-9900,?,9,-9900,?,9,12.69,E,8,12.69,E,8,99.0,E,8,822.9788000000001,E,8,999.0,E,8,2.05,E,8,-9900,?,9,-9900,?,9,0.0,E,8,-9900,?,9,-9900,?,9,0.0,0.0,E,8
02/17/2022,09:00,871.507,1399.839,297.63,1,8,15.701,1,8,287.86,1,8,35715.6,1,8,1491.587,1,8,31664.546,1,8,147.245,1,8,-9900,?,9,-9900,?,9,18.1,E,8,8.55,E,8,53.0,E,8,822.9788000000001,E,8,999.0,E,8,2.33,E,8,-9900,?,9,-9900,?,9,0.0,E,8,-9900,?,9,-9900,?,9,0.0,0.0,E,8
02/17/2022,10:00,1109.69,1399.839,243.25,1,8,2.733,1,8,241.084,1,8,29190.0,1,8,259.672,1,8,26519.19,1,8,96.821,1,8,-9900,?,9,-9900,?,9,18.19,E,8,8.47,E,8,53.0,E,8,822.9788000000001,E,8,999.0,E,8,2.3,E,8,-9900,?,9,-9900,?,9,0.0,E,8,-9900,?,9,-9900,?,9,0.0,0.0,E,8
02/17/2022,11:00,1279.49,1399.839,381.04,1,8,8.382,1,8,373.379,1,8,45724.8,1,8,796.307,1,8,41071.68,1,8,130.037,1,8,-9900,?,9,-9900,?,9,19.05,E,8,7.7,E,8,47.0,E,8,822.9788000000001,E,8,999.0,E,8,2.73,E,8,-9900,?,9,-9900,?,9,0.0,E,8,-9900,?,9,-9900,?,9,0.0,0.0,E,8
02/17/2022,12:00,1369.276,1399.839,428.96,1,8,9.182,1,8,419.979,1,8,51475.2,1,8,872.264,1,8,46197.675,1,8,136.669,1,8,-9900,?,9,-9900,?,9,19.78,E,8,7.01,E,8,43.0,E,8,822.9788000000001,E,8,999.0,E,8,2.92,E,8,-9900,?,9,-9900,?,9,0.0,E,8,-9900,?,9,-9900,?,9,0.0,0.0,E,8
02/17/2022,13:00,1372.897,1399.839,446.22,1,8,9.933,1,8,436.478,1,8,53546.4,1,8,943.62,1,8,48012.629,1,8,141.664,1,8,-9900,?,9,-9900,?,9,20.34,E,8,6.46,E,8,40.0,E,8,822.9788000000001,E,8,999.0,E,8,3.51,E,8,-9900,?,9,-9900,?,9,0.0,E,8,-9900,?,9,-9900,?,9,0.0,0.0,E,8
02/17/2022,14:00,1290.089,1399.839,431.59,1,8,10.96,1,8,421.49,1,8,51790.8,1,8,1041.215,1,8,46363.864,1,8,145.586,1,8,-9900,?,9,-9900,?,9,20.69,E,8,6.11,E,8,38.0,E,8,822.9788000000001,E,8,999.0,E,8,3.62,E,8,-9900,?,9,-9900,?,9,0.0,E,8,-9900,?,9,-9900,?,9,0.0,0.0,E,8
02/17/2022,15:00,1126.49,1399.839,386.1,1,8,8.249,1,8,379.463,1,8,46332.0,1,8,783.666,1,8,41740.904,1,8,150.12,1,8,-9900,?,9,-9900,?,9,20.82,E,8,5.98,E,8,37.0,E,8,822.9788000000001,E,8,999.0,E,8,3.71,E,8,-9900,?,9,-9900,?,9,0.0,E,8,-9900,?,9,-9900,?,9,0.0,0.0,E,8
02/17/2022,16:00,893.271,1399.839,313.05,1,8,12.367,1,8,305.161,1,8,37566.0,1,8,1174.901,1,8,33567.76,1,8,152.286,1,8,-9900,?,9,-9900,?,9,20.67,E,8,6.13,E,8,38.0,E,8,822.9788000000001,E,8,999.0,E,8,5.14,E,8,-9900,?,9,-9900,?,9,0.0,E,8,-9900,?,9,-9900,?,9,0.0,0.0,E,8
02/17/2022,17:00,606.421,1399.839,218.04,1,8,13.401,1,8,212.242,1,8,26164.8,1,8,1273.072,1,8,23346.622,1,8,156.147,1,8,-9900,?,9,-9900,?,9,20.17,E,8,6.63,E,8,46.0,E,8,822.9788000000001,E,8,999.0,E,8,5.72,E,8,-9900,?,9,-9900,?,9,0.001,E,8,-9900,?,9,-9900,?,9,0.01,99.0,E,8
02/17/2022,18:00,286.029,1399.839,104.97,1,8,79.364,1,8,88.859,1,8,12596.4,1,8,7539.561,1,8,9774.457,1,8,139.329,1,8,-9900,?,9,-9900,?,9,19.35,E,8,7.42,E,8,45.0,E,8,822.9788000000001,E,8,999.0,E,8,6.0,E,8,-9900,?,9,-9900,?,9,0.0,E,8,-9900,?,9,-9900,?,9,0.0,0.0,E,8
02/17/2022,19:00,0.0,1399.839,28.83,1,8,0.0,1,8,0.0,1,8,3459.6,1,8,0.0,1,8,0.0,1,8,-0.0,1,8,-9900,?,9,-9900,?,9,18.7,E,8,8.01,E,8,54.0,E,8,822.9788000000001,E,8,999.0,E,8,4.93,E,8,-9900,?,9,-9900,?,9,0.001,E,8,-9900,?,9,-9900,?,9,0.01,99.0,E,8
02/17/2022,20:00,0.0,1399.839,0.0,1,8,0.0,1,8,0.0,1,8,0.0,1,8,0.0,1,8,0.0,1,8,-0.0,1,8,-9900,?,9,-9900,?,9,18.04,E,8,8.6,E,8,63.0,E,8,822.9788000000001,E,8,999.0,E,8,4.78,E,8,-9900,?,9,-9900,?,9,0.458,E,8,-9900,?,9,-9900,?,9,4.58,99.0,E,8
02/17/2022,21:00,0.0,1399.839,0.0,1,8,0.0,1,8,0.0,1,8,0.0,1,8,0.0,1,8,0.0,1,8,-0.0,1,8,-9900,?,9,-9900,?,9,17.39,E,8,9.15,E,8,63.0,E,8,822.9788000000001,E,8,999.0,E,8,4.63,E,8,-9900,?,9,-9900,?,9,0.022,E,8,-9900,?,9,-9900,?,9,0.22,99.0,E,8
02/17/2022,22:00,0.0,1399.839,0.0,1,8,0.0,1,8,0.0,1,8,0.0,1,8,0.0,1,8,0.0,1,8,-0.0,1,8,-9900,?,9,-9900,?,9,16.74,E,8,9.69,E,8,63.0,E,8,822.9788000000001,E,8,999.0,E,8,4.28,E,8,-9900,?,9,-9900,?,9,0.0,E,8,-9900,?,9,-9900,?,9,0.0,0.0,E,8
02/17/2022,23:00,0.0,1399.839,0.0,1,8,0.0,1,8,0.0,1,8,0.0,1,8,0.0,1,8,0.0,1,8,-0.0,1,8,-9900,?,9,-9900,?,9,16.08,E,8,10.22,E,8,73.0,E,8,822.9788000000001,E,8,999.0,E,8,3.4,E,8,-9900,?,9,-9900,?,9,0.01,E,8,-9900,?,9,-9900,?,9,0.1,99.0,E,8
02/17/2022,24:00,0.0,1399.839,0.0,1,8,0.0,1,8,0.0,1,8,0.0,1,8,0.0,1,8,0.0,1,8,-0.0,1,8,-9900,?,9,-9900,?,9,15.43,E,8,13.25,E,8,85.0,E,8,822.9788000000001,E,8,999.0,E,8,19.66,E,8,-9900,?,9,-9900,?,9,0.0,E,8,-9900,?,9,-9900,?,9,0.0,0.0,E,8
02/18/2022,01:00,0.0,1399.839,0.0,1,8,0.0,1,8,0.0,1,8,0.0,1,8,0.0,1,8,0.0,1,8,-0.0,1,8,-9900,?,9,-9900,?,9,15.1,E,8,13.19,E,8,91.0,E,8,822.9788000000001,E,8,999.0,E,8,17.89,E,8,-9900,?,9,-9900,?,9,0.001,E,8,-9900,?,9,-9900,?,9,0.01,99.0,E,8
02/18/2022,02:00,0.0,1399.839,0.0,1,8,0.0,1,8,0.0,1,8,0.0,1,8,0.0,1,8,0.0,1,8,-0.0,1,8,-9900,?,9,-9900,?,9,14.78,E,8,13.14,E,8,88.0,E,8,822.9788000000001,E,8,999.0,E,8,14.14,E,8,-9900,?,9,-9900,?,9,0.0,E,8,-9900,?,9,-9900,?,9,0.0,0.0,E,8
02/18/2022,03:00,0.0,1399.839,0.0,1,8,0.0,1,8,0.0,1,8,0.0,1,8,0.0,1,8,0.0,1,8,-0.0,1,8,-9900,?,9,-9900,?,9,14.45,E,8,13.08,E,8,89.0,E,8,822.9788000000001,E,8,999.0,E,8,14.08,E,8,-9900,?,9,-9900,?,9,0.0,E,8,-9900,?,9,-9900,?,9,0.0,0.0,E,8
02/18/2022,04:00,0.0,1399.239,0.0,1,8,0.0,1,8,0.0,1,8,0.0,1,8,0.0,1,8,0.0,1,8,-0.0,1,8,-9900,?,9,-9900,?,9,14.12,E,8,13.03,E,8,95.0,E,8,822.9788000000001,E,8,999.0,E,8,12.73,E,8,-9900,?,9,-9900,?,9,0.012,E,8,-9900,?,9,-9900,?,9,0.12,99.0,E,8
02/18/2022,05:00,0.0,1399.239,0.0,1,8,0.0,1,8,0.0,1,8,0.0,1,8,0.0,1,8,0.0,1,8,-0.0,1,8,-9900,?,9,-9900,?,9,13.8,E,8,12.97,E,8,92.0,E,8,822.9788000000001,E,8,999.0,E,8,11.76,E,8,-9900,?,9,-9900,?,9,0.0,E,8,-9900,?,9,-9900,?,9,0.0,0.0,E,8
02/18/2022,06:00,0.0,1399.239,0.0,1,8,0.0,1,8,0.0,1,8,0.0,1,8,0.0,1,8,0.0,1,8,-0.0,1,8,-9900,?,9,-9900,?,9,13.55,E,8,12.93,E,8,98.0,E,8,822.9788000000001,E,8,999.0,E,8,10.69,E,8,-9900,?,9,-9900,?,9,0.003,E,8,-9900,?,9,-9900,?,9,0.03,99.0,E,8
02/18/2022,07:00,257.058,1399.239,6.54,1,8,0.0,1,8,6.54,1,8,784.8,1,8,0.0,1,8,719.4,1,8,11.423,1,8,-9900,?,9,-9900,?,9,13.33,E,8,12.89,E,8,94.0,E,8,822.9788000000001,E,8,999.0,E,8,10.11,E,8,-9900,?,9,-9900,?,9,0.0,E,8,-9900,?,9,-9900,?,9,0.0,0.0,E,8
02/18/2022,08:00,579.057,1399.239,107.1,1,8,0.0,1,8,107.1,1,8,12852.0,1,8,0.0,1,8,11781.0,1,8,82.494,1,8,-9900,?,9,-9900,?,9,13.11,E,8,12.86,E,8,95.0,E,8,822.9788000000001,E,8,999.0,E,8,9.51,E,8,-9900,?,9,-9900,?,9,0.0,E,8,-9900,?,9,-9900,?,9,0.0,0.0,E,8
02/18/2022,09:00,869.445,1399.239,223.62,1,8,17.414,1,8,212.805,1,8,26834.4,1,8,1654.293,1,8,23408.523,1,8,109.065,1,8,-9900,?,9,-9900,?,9,16.48,E,8,13.43,E,8,80.0,E,8,822.9788000000001,E,8,999.0,E,8,12.52,E,8,-9900,?,9,-9900,?,9,0.0,E,8,-9900,?,9,-9900,?,9,0.0,0.0,E,8
02/18/2022,10:00,1107.752,1399.239,326.92,1,8,12.834,1,8,316.761,1,8,39230.4,1,8,1219.255,1,8,34843.724,1,8,127.382,1,8,-9900,?,9,-9900,?,9,17.58,E,8,13.61,E,8,76.0,E,8,822.9788000000001,E,8,999.0,E,8,13.76,E,8,-9900,?,9,-9900,?,9,0.0,E,8,-9900,?,9,-9900,?,9,0.0,0.0,E,8
02/18/2022,11:00,1277.596,1399.239,407.32,1,8,27.887,1,8,381.859,1,8,48878.4,1,8,2649.3,1,8,42004.436,1,8,133.13,1,8,-9900,?,9,-9900,?,9,18.54,E,8,13.76,E,8,73.0,E,8,822.9788000000001,E,8,999.0,E,8,13.04,E,8,-9900,?,9,-9900,?,9,0.0,E,8,-9900,?,9,-9900,?,9,0.0,0.0,E,8
02/18/2022,12:00,1367.346,1399.239,458.62,1,8,30.826,1,8,428.497,1,8,55034.4,1,8,2928.459,1,8,47134.686,1,8,139.578,1,8,-9900,?,9,-9900,?,9,19.32,E,8,13.89,E,8,70.0,E,8,822.9788000000001,E,8,999.0,E,8,10.6,E,8,-9900,?,9,-9900,?,9,0.0,E,8,-9900,?,9,-9900,?,9,0.0,0.0,E,8
02/18/2022,13:00,1370.852,1399.239,477.08,1,8,34.01,1,8,443.761,1,8,57249.6,1,8,3230.919,1,8,48813.676,1,8,144.18,1,8,-9900,?,9,-9900,?,9,19.91,E,8,13.99,E,8,68.0,E,8,822.9788000000001,E,8,999.0,E,8,8.59,E,8,-9900,?,9,-9900,?,9,0.0,E,8,-9900,?,9,-9900,?,9,0.0,0.0,E,8
02/18/2022,14:00,1287.858,1399.239,461.35,1,8,38.612,1,8,425.814,1,8,55362.0,1,8,3668.12,1,8,46839.5,1,8,147.271,1,8,-9900,?,9,-9900,?,9,20.28,E,8,14.05,E,8,67.0,E,8,822.9788000000001,E,8,999.0,E,8,10.27,E,8,-9900,?,9,-9900,?,9,0.0,E,8,-9900,?,9,-9900,?,9,0.0,0.0,E,8
02/18/2022,15:00,1124.015,1399.239,412.56,1,8,25.103,1,8,392.398,1,8,49507.2,1,8,2384.787,1,8,43163.768,1,8,155.513,1,8,-9900,?,9,-9900,?,9,20.44,E,8,14.07,E,8,66.0,E,8,822.9788000000001,E,8,999.0,E,8,13.38,E,8,-9900,?,9,-9900,?,9,0.0,E,8,-9900,?,9,-9900,?,9,0.0,0.0,E,8
02/18/2022,16:00,890.51,1399.239,334.26,1,8,25.219,1,8,318.217,1,8,40111.2,1,8,2395.847,1,8,35003.831,1,8,159.226,1,8,-9900,?,9,-9900,?,9,20.34,E,8,14.06,E,8,67.0,E,8,822.9788000000001,E,8,999.0,E,8,9.79,E,8,-9900,?,9,-9900,?,9,0.0,E,8,-9900,?,9,-9900,?,9,0.0,0.0,E,8
02/18/2022,17:00,603.356,1399.239,232.43,1,8,84.391,1,8,196.087,1,8,27891.6,1,8,8017.145,1,8,21569.55,1,8,144.934,1,8,-9900,?,9,-9900,?,9,19.91,E,8,13.99,E,8,68.0,E,8,822.9788000000001,E,8,999.0,E,8,10.77,E,8,-9900,?,9,-9900,?,9,0.0,E,8,-9900,?,9,-9900,?,9,0.0,0.0,E,8
02/18/2022,18:00,282.672,1399.239,116.34,1,8,174.619,1,8,81.298,1,8,13960.8,1,8,16588.839,1,8,8942.741,1,8,128.952,1,8,-9900,?,9,-9900,?,9,19.19,E,8,13.87,E,8,70.0,E,8,822.9788000000001,E,8,999.0,E,8,10.23,E,8,-9900,?,9,-9900,?,9,0.0,E,8,-9900,?,9,-9900,?,9,0.0,0.0,E,8
02/18/2022,19:00,0.0,1399.239,11.19,1,8,0.0,1,8,0.0,1,8,1342.8,1,8,0.0,1,8,0.0,1,8,-0.0,1,8,-9900,?,9,-9900,?,9,18.53,E,8,13.76,E,8,73.0,E,8,822.9788000000001,E,8,999.0,E,8,9.76,E,8,-9900,?,9,-9900,?,9,0.0,E,8,-9900,?,9,-9900,?,9,0.0,0.0,E,8
02/18/2022,20:00,0.0,1399.239,0.0,1,8,0.0,1,8,0.0,1,8,0.0,1,8,0.0,1,8,0.0,1,8,-0.0,1,8,-9900,?,9,-9900,?,9,17.86,E,8,13.65,E,8,80.0,E,8,822.9788000000001,E,8,999.0,E,8,8.55,E,8,-9900,?,9,-9900,?,9,0.006,E,8,-9900,?,9,-9900,?,9,0.06,99.0,E,8
02/18/2022,21:00,0.0,1399.239,0.0,1,8,0.0,1,8,0.0,1,8,0.0,1,8,0.0,1,8,0.0,1,8,-0.0,1,8,-9900,?,9,-9900,?,9,17.2,E,8,13.55,E,8,82.0,E,8,822.9788000000001,E,8,999.0,E,8,9.37,E,8,-9900,?,9,-9900,?,9,0.002,E,8,-9900,?,9,-9900,?,9,0.02,99.0,E,8
02/18/2022,22:00,0.0,1399.239,0.0,1,8,0.0,1,8,0.0,1,8,0.0,1,8,0.0,1,8,0.0,1,8,-0.0,1,8,-9900,?,9,-9900,?,9,16.53,E,8,13.43,E,8,85.0,E,8,822.9788000000001,E,8,999.0,E,8,7.3,E,8,-9900,?,9,-9900,?,9,0.026000000000000002,E,8,-9900,?,9,-9900,?,9,0.26,99.0,E,8
02/18/2022,23:00,0.0,1399.239,0.0,1,8,0.0,1,8,0.0,1,8,0.0,1,8,0.0,1,8,0.0,1,8,-0.0,1,8,-9900,?,9,-9900,?,9,15.87,E,8,13.32,E,8,97.0,E,8,822.9788000000001,E,8,999.0,E,8,3.91,E,8,-9900,?,9,-9900,?,9,0.55,E,8,-9900,?,9,-9900,?,9,5.5,99.0,E,8
02/18/2022,24:00,0.0,1399.239,0.0,1,8,0.0,1,8,0.0,1,8,0.0,1,8,0.0,1,8,0.0,1,8,-0.0,1,8,-9900,?,9,-9900,?,9,15.2,E,8,13.11,E,8,87.0,E,8,822.9788000000001,E,8,999.0,E,8,3.27,E,8,-9900,?,9,-9900,?,9,0.0,E,8,-9900,?,9,-9900,?,9,0.0,0.0,E,8
02/19/2022,01:00,0.0,1399.239,0.0,1,8,0.0,1,8,0.0,1,8,0.0,1,8,0.0,1,8,0.0,1,8,-0.0,1,8,-9900,?,9,-9900,?,9,14.87,E,8,13.01,E,8,88.0,E,8,822.9788000000001,E,8,999.0,E,8,2.51,E,8,-9900,?,9,-9900,?,9,0.0,E,8,-9900,?,9,-9900,?,9,0.0,0.0,E,8
02/19/2022,02:00,0.0,1399.239,0.0,1,8,0.0,1,8,0.0,1,8,0.0,1,8,0.0,1,8,0.0,1,8,-0.0,1,8,-9900,?,9,-9900,?,9,14.54,E,8,12.9,E,8,89.0,E,8,822.9788000000001,E,8,999.0,E,8,2.79,E,8,-9900,?,9,-9900,?,9,0.0,E,8,-9900,?,9,-9900,?,9,0.0,0.0,E,8
02/19/2022,03:00,0.0,1399.239,0.0,1,8,0.0,1,8,0.0,1,8,0.0,1,8,0.0,1,8,0.0,1,8,-0.0,1,8,-9900,?,9,-9900,?,9,14.21,E,8,12.79,E,8,91.0,E,8,822.9788000000001,E,8,999.0,E,8,2.28,E,8,-9900,?,9,-9900,?,9,0.0,E,8,-9900,?,9,-9900,?,9,0.0,0.0,E,8
02/19/2022,04:00,0.0,1398.629,0.0,1,8,0.0,1,8,0.0,1,8,0.0,1,8,0.0,1,8,0.0,1,8,-0.0,1,8,-9900,?,9,-9900,?,9,13.87,E,8,12.68,E,8,92.0,E,8,822.9788000000001,E,8,999.0,E,8,2.35,E,8,-9900,?,9,-9900,?,9,0.0,E,8,-9900,?,9,-9900,?,9,0.0,0.0,E,8
02/19/2022,05:00,0.0,1398.629,0.0,1,8,0.0,1,8,0.0,1,8,0.0,1,8,0.0,1,8,0.0,1,8,-0.0,1,8,-9900,?,9,-9900,?,9,13.54,E,8,12.57,E,8,93.0,E,8,822.9788000000001,E,8,999.0,E,8,2.18,E,8,-9900,?,9,-9900,?,9,0.0,E,8,-9900,?,9,-9900,?,9,0.0,0.0,E,8
02/19/2022,06:00,0.0,1398.629,0.0,1,8,0.0,1,8,0.0,1,8,0.0,1,8,0.0,1,8,0.0,1,8,-0.0,1,8,-9900,?,9,-9900,?,9,13.29,E,8,12.48,E,8,94.0,E,8,822.9788000000001,E,8,999.0,E,8,1.74,E,8,-9900,?,9,-9900,?,9,0.0,E,8,-9900,?,9,-9900,?,9,0.0,0.0,E,8
02/19/2022,07:00,254.598,1398.629,5.84,1,8,0.0,1,8,5.84,1,8,700.8,1,8,0.0,1,8,642.4,1,8,10.296,1,8,-9900,?,9,-9900,?,9,13.07,E,8,12.41,E,8,95.0,E,8,822.9788000000001,E,8,999.0,E,8,3.31,E,8,-9900,?,9,-9900,?,9,0.0,E,8,-9900,?,9,-9900,?,9,0.0,0.0,E,8
02/19/2022,08:00,576.818,1398.629,100.86,1,8,0.0,1,8,100.86,1,8,12103.2,1,8,0.0,1,8,11094.6,1,8,77.956,1,8,-9900,?,9,-9900,?,9,12.85,E,8,12.34,E,8,96.0,E,8,822.9788000000001,E,8,999.0,E,8,4.21,E,8,-9900,?,9,-9900,?,9,0.0,E,8,-9900,?,9,-9900,?,9,0.0,0.0,E,8
02/19/2022,09:00,867.379,1398.629,179.62,1,8,2.606,1,8,178.005,1,8,21554.4,1,8,247.572,1,8,19580.506,1,8,91.407,1,8,-9900,?,9,-9900,?,9,15.45,E,8,13.19,E,8,86.0,E,8,822.9788000000001,E,8,999.0,E,8,4.67,E,8,-9900,?,9,-9900,?,9,0.0,E,8,-9900,?,9,-9900,?,9,0.0,0.0,E,8
02/19/2022,10:00,1105.789,1398.629,309.45,1,8,2.571,1,8,307.418,1,8,37134.0,1,8,244.231,1,8,33815.956,1,8,123.79,1,8,-9900,?,9,-9900,?,9,16.5,E,8,13.53,E,8,82.0,E,8,822.9788000000001,E,8,999.0,E,8,3.58,E,8,-9900,?,9,-9900,?,9,0.0,E,8,-9900,?,9,-9900,?,9,0.0,0.0,E,8
02/19/2022,11:00,1275.658,1398.629,385.73,1,8,24.787,1,8,363.124,1,8,46287.6,1,8,2354.749,1,8,39943.621,1,8,126.736,1,8,-9900,?,9,-9900,?,9,17.38,E,8,13.8,E,8,79.0,E,8,822.9788000000001,E,8,999.0,E,8,3.85,E,8,-9900,?,9,-9900,?,9,0.0,E,8,-9900,?,9,-9900,?,9,0.0,0.0,E,8
02/19/2022,12:00,1365.352,1398.629,434.38,1,8,27.219,1,8,407.809,1,8,52125.6,1,8,2585.816,1,8,44858.975,1,8,132.975,1,8,-9900,?,9,-9900,?,9,18.08,E,8,14.02,E,8,77.0,E,8,822.9788000000001,E,8,999.0,E,8,3.93,E,8,-9900,?,9,-9900,?,9,0.0,E,8,-9900,?,9,-9900,?,9,0.0,0.0,E,8
02/19/2022,13:00,1368.727,1398.629,451.85,1,8,46.743,1,8,406.106,1,8,54222.0,1,8,4440.63,1,8,44671.711,1,8,132.093,1,8,-9900,?,9,-9900,?,9,18.61,E,8,14.18,E,8,75.0,E,8,822.9788000000001,E,8,999.0,E,8,5.14,E,8,-9900,?,9,-9900,?,9,0.0,E,8,-9900,?,9,-9900,?,9,0.0,0.0,E,8
02/19/2022,14:00,1285.533,1398.629,325.57,1,8,16.822,1,8,310.109,1,8,39068.4,1,8,1598.101,1,8,34111.988,1,8,107.401,1,8,-9900,?,9,-9900,?,9,18.65,E,8,14.19,E,8,75.0,E,8,822.9788000000001,E,8,999.0,E,8,4.42,E,8,-9900,?,9,-9900,?,9,0.0,E,8,-9900,?,9,-9900,?,9,0.0,0.0,E,8
02/19/2022,15:00,1121.437,1398.629,447.31,1,8,30.774,1,8,422.639,1,8,53677.2,1,8,2923.535,1,8,46490.294,1,8,167.81,1,8,-9900,?,9,-9900,?,9,18.96,E,8,14.29,E,8,74.0,E,8,822.9788000000001,E,8,999.0,E,8,3.65,E,8,-9900,?,9,-9900,?,9,0.0,E,8,-9900,?,9,-9900,?,9,0.0,0.0,E,8
02/19/2022,16:00,887.644,1398.629,302.9,1,8,48.448,1,8,272.166,1,8,36348.0,1,8,4602.576,1,8,29938.218,1,8,136.564,1,8,-9900,?,9,-9900,?,9,18.87,E,8,14.26,E,8,74.0,E,8,822.9788000000001,E,8,999.0,E,8,5.08,E,8,-9900,?,9,-9900,?,9,0.0,E,8,-9900,?,9,-9900,?,9,0.0,0.0,E,8
02/19/2022,17:00,600.186,1398.629,233.47,1,8,88.277,1,8,195.637,1,8,28016.4,1,8,8386.296,1,8,21520.089,1,8,145.305,1,8,-9900,?,9,-9900,?,9,18.57,E,8,14.17,E,8,75.0,E,8,822.9788000000001,E,8,999.0,E,8,3.77,E,8,-9900,?,9,-9900,?,9,0.0,E,8,-9900,?,9,-9900,?,9,0.0,0.0,E,8
02/19/2022,18:00,279.218,1398.629,109.29,1,8,144.221,1,8,80.694,1,8,13114.8,1,8,13701.04,1,8,8876.293,1,8,129.541,1,8,-9900,?,9,-9900,?,9,17.98,E,8,13.99,E,8,77.0,E,8,822.9788000000001,E,8,999.0,E,8,3.3,E,8,-9900,?,9,-9900,?,9,0.0,E,8,-9900,?,9,-9900,?,9,0.0,0.0,E,8
02/19/2022,19:00,0.0,1398.629,9.96,1,8,0.0,1,8,0.0,1,8,1195.2,1,8,0.0,1,8,0.0,1,8,-0.0,1,8,-9900,?,9,-9900,?,9,17.38,E,8,13.8,E,8,79.0,E,8,822.9788000000001,E,8,999.0,E,8,3.81,E,8,-9900,?,9,-9900,?,9,0.0,E,8,-9900,?,9,-9900,?,9,0.0,0.0,E,8
02/19/2022,20:00,0.0,1398.629,0.0,1,8,0.0,1,8,0.0,1,8,0.0,1,8,0.0,1,8,0.0,1,8,-0.0,1,8,-9900,?,9,-9900,?,9,16.78,E,8,13.62,E,8,81.0,E,8,822.9788000000001,E,8,999.0,E,8,3.86,E,8,-9900,?,9,-9900,?,9,0.0,E,8,-9900,?,9,-9900,?,9,0.0,0.0,E,8
02/19/2022,21:00,0.0,1398.629,0.0,1,8,0.0,1,8,0.0,1,8,0.0,1,8,0.0,1,8,0.0,1,8,-0.0,1,8,-9900,?,9,-9900,?,9,16.18,E,8,13.43,E,8,83.0,E,8,822.9788000000001,E,8,999.0,E,8,2.88,E,8,-9900,?,9,-9900,?,9,0.0,E,8,-9900,?,9,-9900,?,9,0.0,0.0,E,8
02/19/2022,22:00,0.0,1398.629,0.0,1,8,0.0,1,8,0.0,1,8,0.0,1,8,0.0,1,8,0.0,1,8,-0.0,1,8,-9900,?,9,-9900,?,9,15.59,E,8,13.24,E,8,85.0,E,8,822.9788000000001,E,8,999.0,E,8,2.11,E,8,-9900,?,9,-9900,?,9,0.0,E,8,-9900,?,9,-9900,?,9,0.0,0.0,E,8
02/19/2022,23:00,0.0,1398.629,0.0,1,8,0.0,1,8,0.0,1,8,0.0,1,8,0.0,1,8,0.0,1,8,-0.0,1,8,-9900,?,9,-9900,?,9,14.99,E,8,13.05,E,8,88.0,E,8,822.9788000000001,E,8,999.0,E,8,1.54,E,8,-9900,?,9,-9900,?,9,0.0,E,8,-9900,?,9,-9900,?,9,0.0,0.0,E,8
02/19/2022,24:00,0.0,1398.629,0.0,1,8,0.0,1,8,0.0,1,8,0.0,1,8,0.0,1,8,0.0,1,8,-0.0,1,8,-9900,?,9,-9900,?,9,14.39,E,8,10.28,E,8,76.0,E,8,822.9788000000001,E,8,999.0,E,8,0.9,E,8,-9900,?,9,-9900,?,9,0.0,E,8,-9900,?,9,-9900,?,9,0.0,0.0,E,8
02/20/2022,01:00,0.0,1398.629,0.0,1,8,0.0,1,8,0.0,1,8,0.0,1,8,0.0,1,8,0.0,1,8,-0.0,1,8,-9900,?,9,-9900,?,9,14.09,E,8,10.54,E,8,79.0,E,8,822.9788000000001,E,8,999.0,E,8,0.9,E,8,-9900,?,9,-9900,?,9,0.0,E,8,-9900,?,9,-9900,?,9,0.0,0.0,E,8
02/20/2022,02:00,0.0,1398.629,0.0,1,8,0.0,1,8,0.0,1,8,0.0,1,8,0.0,1,8,0.0,1,8,-0.0,1,8,-9900,?,9,-9900,?,9,13.79,E,8,10.8,E,8,82.0,E,8,822.9788000000001,E,8,999.0,E,8,0.9,E,8,-9900,?,9,-9900,?,9,0.0,E,8,-9900,?,9,-9900,?,9,0.0,0.0,E,8
02/20/2022,03:00,0.0,1398.629,0.0,1,8,0.0,1,8,0.0,1,8,0.0,1,8,0.0,1,8,0.0,1,8,-0.0,1,8,-9900,?,9,-9900,?,9,13.49,E,8,11.05,E,8,85.0,E,8,822.9788000000001,E,8,999.0,E,8,0.9,E,8,-9900,?,9,-9900,?,9,0.0,E,8,-9900,?,9,-9900,?,9,0.0,0.0,E,8
02/20/2022,04:00,0.0,1398.009,0.0,1,8,0.0,1,8,0.0,1,8,0.0,1,8,0.0,1,8,0.0,1,8,-0.0,1,8,-9900,?,9,-9900,?,9,13.19,E,8,11.3,E,8,88.0,E,8,822.9788000000001,E,8,999.0,E,8,0.9,E,8,-9900,?,9,-9900,?,9,0.0,E,8,-9900,?,9,-9900,?,9,0.0,0.0,E,8
02/20/2022,05:00,0.0,1398.009,0.0,1,8,0.0,1,8,0.0,1,8,0.0,1,8,0.0,1,8,0.0,1,8,-0.0,1,8,-9900,?,9,-9900,?,9,12.89,E,8,11.55,E,8,91.0,E,8,822.9788000000001,E,8,999.0,E,8,0.9,E,8,-9900,?,9,-9900,?,9,0.0,E,8,-9900,?,9,-9900,?,9,0.0,0.0,E,8
02/20/2022,06:00,0.0,1398.009,0.0,1,8,0.0,1,8,0.0,1,8,0.0,1,8,0.0,1,8,0.0,1,8,-0.0,1,8,-9900,?,9,-9900,?,9,12.66,E,8,11.73,E,8,94.0,E,8,822.9788000000001,E,8,999.0,E,8,0.9,E,8,-9900,?,9,-9900,?,9,0.0,E,8,-9900,?,9,-9900,?,9,0.0,0.0,E,8
02/20/2022,07:00,252.168,1398.009,12.51,1,8,0.0,1,8,12.51,1,8,1501.2,1,8,0.0,1,8,1376.1,1,8,22.261,1,8,-9900,?,9,-9900,?,9,12.46,E,8,11.89,E,8,96.0,E,8,822.9788000000001,E,8,999.0,E,8,0.9,E,8,-9900,?,9,-9900,?,9,0.0,E,8,-9900,?,9,-9900,?,9,0.0,0.0,E,8
02/20/2022,08:00,574.592,1398.009,165.55,1,8,14.666,1,8,159.531,1,8,19866.0,1,8,1393.232,1,8,17548.407,1,8,123.728,1,8,-9900,?,9,-9900,?,9,12.27,E,8,12.05,E,8,98.0,E,8,822.9788000000001,E,8,999.0,E,8,0.9,E,8,-9900,?,9,-9900,?,9,0.0,E,8,-9900,?,9,-9900,?,9,0.0,0.0,E,8
02/20/2022,09:00,865.307,1398.009,281.34,1,8,9.34,1,8,275.562,1,8,33760.8,1,8,887.283,1,8,30311.796,1,8,141.78,1,8,-9900,?,9,-9900,?,9,16.69,E,8,8.13,E,8,56.0,E,8,822.9788000000001,E,8,999.0,E,8,0.9,E,8,-9900,?,9,-9900,?,9,0.0,E,8,-9900,?,9,-9900,?,9,0.0,0.0,E,8
02/20/2022,10:00,1103.8,1398.009,412.25,1,8,11.313,1,8,403.32,1,8,49470.0,1,8,1074.718,1,8,44365.148,1,8,162.628,1,8,-9900,?,9,-9900,?,9,17.93,E,8,6.83,E,8,48.0,E,8,822.9788000000001,E,8,999.0,E,8,1.36,E,8,-9900,?,9,-9900,?,9,0.0,E,8,-9900,?,9,-9900,?,9,0.0,0.0,E,8
02/20/2022,11:00,1273.674,1398.009,514.1,1,8,20.648,1,8,495.29,1,8,61692.0,1,8,1961.521,1,8,54481.886,1,8,173.056,1,8,-9900,?,9,-9900,?,9,19.06,E,8,5.56,E,8,41.0,E,8,822.9788000000001,E,8,999.0,E,8,1.23,E,8,-9900,?,9,-9900,?,9,0.0,E,8,-9900,?,9,-9900,?,9,0.0,0.0,E,8
02/20/2022,12:00,1363.294,1398.009,579.03,1,8,3.988,1,8,575.141,1,8,69483.6,1,8,378.894,1,8,63265.481,1,8,187.738,1,8,-9900,?,9,-9900,?,9,19.99,E,8,4.42,E,8,35.0,E,8,822.9788000000001,E,8,999.0,E,8,1.37,E,8,-9900,?,9,-9900,?,9,0.0,E,8,-9900,?,9,-9900,?,9,0.0,0.0,E,8
02/20/2022,13:00,1366.52,1398.009,602.29,1,8,4.607,1,8,597.786,1,8,72274.8,1,8,437.706,1,8,65756.505,1,8,194.669,1,8,-9900,?,9,-9900,?,9,20.69,E,8,3.51,E,8,32.0,E,8,822.9788000000001,E,8,999.0,E,8,1.94,E,8,-9900,?,9,-9900,?,9,0.0,E,8,-9900,?,9,-9900,?,9,0.0,0.0,E,8
02/20/2022,14:00,1283.114,1398.009,582.21,1,8,5.497,1,8,577.165,1,8,69865.2,1,8,522.259,1,8,63488.108,1,8,200.179,1,8,-9900,?,9,-9900,?,9,21.14,E,8,2.9,E,8,29.0,E,8,822.9788000000001,E,8,999.0,E,8,2.22,E,8,-9900,?,9,-9900,?,9,0.0,E,8,-9900,?,9,-9900,?,9,0.0,0.0,E,8
02/20/2022,15:00,1118.757,1398.009,520.2,1,8,107.09,1,8,434.515,1,8,62424.0,1,8,10173.535,1,8,47796.7,1,8,172.863,1,8,-9900,?,9,-9900,?,9,21.31,E,8,2.66,E,8,29.0,E,8,822.9788000000001,E,8,999.0,E,8,3.07,E,8,-9900,?,9,-9900,?,9,0.0,E,8,-9900,?,9,-9900,?,9,0.0,0.0,E,8
02/20/2022,16:00,884.672,1398.009,420.8,1,8,121.657,1,8,343.848,1,8,50496.0,1,8,11557.407,1,8,37823.307,1,8,173.036,1,8,-9900,?,9,-9900,?,9,21.18,E,8,2.84,E,8,29.0,E,8,822.9788000000001,E,8,999.0,E,8,2.42,E,8,-9900,?,9,-9900,?,9,0.0,E,8,-9900,?,9,-9900,?,9,0.0,0.0,E,8
02/20/2022,17:00,596.915,1398.009,291.6,1,8,211.48,1,8,201.422,1,8,34992.0,1,8,20090.582,1,8,22156.369,1,8,150.356,1,8,-9900,?,9,-9900,?,9,20.63,E,8,3.59,E,8,32.0,E,8,822.9788000000001,E,8,999.0,E,8,2.49,E,8,-9900,?,9,-9900,?,9,0.0,E,8,-9900,?,9,-9900,?,9,0.0,0.0,E,8
02/20/2022,18:00,275.671,1398.009,144.43,1,8,433.094,1,8,59.623,1,8,17331.6,1,8,41143.884,1,8,6558.585,1,8,96.921,1,8,-9900,?,9,-9900,?,9,19.74,E,8,4.73,E,8,37.0,E,8,822.9788000000001,E,8,999.0,E,8,1.01,E,8,-9900,?,9,-9900,?,9,0.0,E,8,-9900,?,9,-9900,?,9,0.0,0.0,E,8
02/20/2022,19:00,0.0,1398.009,12.43,1,8,0.0,1,8,0.0,1,8,1491.6,1,8,0.0,1,8,0.0,1,8,-0.0,1,8,-9900,?,9,-9900,?,9,18.93,E,8,5.71,E,8,41.0,E,8,822.9788000000001,E,8,999.0,E,8,0.9,E,8,-9900,?,9,-9900,?,9,0.0,E,8,-9900,?,9,-9900,?,9,0.0,0.0,E,8
02/20/2022,20:00,0.0,1398.009,0.0,1,8,0.0,1,8,0.0,1,8,0.0,1,8,0.0,1,8,0.0,1,8,-0.0,1,8,-9900,?,9,-9900,?,9,18.12,E,8,6.62,E,8,46.0,E,8,822.9788000000001,E,8,999.0,E,8,0.9,E,8,-9900,?,9,-9900,?,9,0.0,E,8,-9900,?,9,-9900,?,9,0.0,0.0,E,8
02/20/2022,21:00,0.0,1398.009,0.0,1,8,0.0,1,8,0.0,1,8,0.0,1,8,0.0,1,8,0.0,1,8,-0.0,1,8,-9900,?,9,-9900,?,9,17.31,E,8,7.49,E,8,52.0,E,8,822.9788000000001,E,8,999.0,E,8,0.9,E,8,-9900,?,9,-9900,?,9,0.0,E,8,-9900,?,9,-9900,?,9,0.0,0.0,E,8
02/20/2022,22:00,0.0,1398.009,0.0,1,8,0.0,1,8,0.0,1,8,0.0,1,8,0.0,1,8,0.0,1,8,-0.0,1,8,-9900,?,9,-9900,?,9,16.5,E,8,8.32,E,8,58.0,E,8,822.9788000000001,E,8,999.0,E,8,0.9,E,8,-9900,?,9,-9900,?,9,0.0,E,8,-9900,?,9,-9900,?,9,0.0,0.0,E,8
02/20/2022,23:00,0.0,1398.009,0.0,1,8,0.0,1,8,0.0,1,8,0.0,1,8,0.0,1,8,0.0,1,8,-0.0,1,8,-9900,?,9,-9900,?,9,15.7,E,8,9.09,E,8,64.0,E,8,822.9788000000001,E,8,999.0,E,8,0.9,E,8,-9900,?,9,-9900,?,9,0.0,E,8,-9900,?,9,-9900,?,9,0.0,0.0,E,8
02/20/2022,24:00,0.0,1398.009,0.0,1,8,0.0,1,8,0.0,1,8,0.0,1,8,0.0,1,8,0.0,1,8,-0.0,1,8,-9900,?,9,-9900,?,9,14.89,E,8,13.07,E,8,88.0,E,8,822.9788000000001,E,8,999.0,E,8,2.02,E,8,-9900,?,9,-9900,?,9,0.0,E,8,-9900,?,9,-9900,?,9,0.0,0.0,E,8
02/21/2022,01:00,0.0,1398.009,0.0,1,8,0.0,1,8,0.0,1,8,0.0,1,8,0.0,1,8,0.0,1,8,-0.0,1,8,-9900,?,9,-9900,?,9,14.48,E,8,12.89,E,8,90.0,E,8,822.9788000000001,E,8,999.0,E,8,1.99,E,8,-9900,?,9,-9900,?,9,0.0,E,8,-9900,?,9,-9900,?,9,0.0,0.0,E,8
02/21/2022,02:00,0.0,1398.009,0.0,1,8,0.0,1,8,0.0,1,8,0.0,1,8,0.0,1,8,0.0,1,8,-0.0,1,8,-9900,?,9,-9900,?,9,14.08,E,8,12.71,E,8,91.0,E,8,822.9788000000001,E,8,999.0,E,8,2.18,E,8,-9900,?,9,-9900,?,9,0.0,E,8,-9900,?,9,-9900,?,9,0.0,0.0,E,8
02/21/2022,03:00,0.0,1398.009,0.0,1,8,0.0,1,8,0.0,1,8,0.0,1,8,0.0,1,8,0.0,1,8,-0.0,1,8,-9900,?,9,-9900,?,9,13.67,E,8,12.53,E,8,92.0,E,8,822.9788000000001,E,8,999.0,E,8,2.31,E,8,-9900,?,9,-9900,?,9,0.0,E,8,-9900,?,9,-9900,?,9,0.0,0.0,E,8
02/21/2022,04:00,0.0,1397.379,0.0,1,8,0.0,1,8,0.0,1,8,0.0,1,8,0.0,1,8,0.0,1,8,-0.0,1,8,-9900,?,9,-9900,?,9,13.27,E,8,12.35,E,8,94.0,E,8,822.9788000000001,E,8,999.0,E,8,1.22,E,8,-9900,?,9,-9900,?,9,0.0,E,8,-9900,?,9,-9900,?,9,0.0,0.0,E,8
02/21/2022,05:00,0.0,1397.379,0.0,1,8,0.0,1,8,0.0,1,8,0.0,1,8,0.0,1,8,0.0,1,8,-0.0,1,8,-9900,?,9,-9900,?,9,12.86,E,8,12.17,E,8,95.0,E,8,822.9788000000001,E,8,999.0,E,8,1.22,E,8,-9900,?,9,-9900,?,9,0.0,E,8,-9900,?,9,-9900,?,9,0.0,0.0,E,8
02/21/2022,06:00,0.0,1397.379,0.0,1,8,0.0,1,8,0.0,1,8,0.0,1,8,0.0,1,8,0.0,1,8,-0.0,1,8,-9900,?,9,-9900,?,9,12.55,E,8,12.02,E,8,96.0,E,8,822.9788000000001,E,8,999.0,E,8,1.22,E,8,-9900,?,9,-9900,?,9,0.0,E,8,-9900,?,9,-9900,?,9,0.0,0.0,E,8
02/21/2022,07:00,249.766,1397.379,5.44,1,8,0.0,1,8,5.44,1,8,652.8,1,8,0.0,1,8,598.4,1,8,9.771,1,8,-9900,?,9,-9900,?,9,12.28,E,8,11.9,E,8,97.0,E,8,822.9788000000001,E,8,999.0,E,8,1.22,E,8,-9900,?,9,-9900,?,9,0.0,E,8,-9900,?,9,-9900,?,9,0.0,0.0,E,8
02/21/2022,08:00,572.378,1397.379,104.91,1,8,0.0,1,8,104.91,1,8,12589.2,1,8,0.0,1,8,11540.1,1,8,81.644,1,8,-9900,?,9,-9900,?,9,12.02,E,8,11.78,E,8,98.0,E,8,822.9788000000001,E,8,999.0,E,8,1.22,E,8,-9900,?,9,-9900,?,9,0.0,E,8,-9900,?,9,-9900,?,9,0.0,0.0,E,8
02/21/2022,09:00,863.229,1397.379,221.64,1,8,17.202,1,8,211.018,1,8,26596.8,1,8,1634.237,1,8,23212.006,1,8,108.784,1,8,-9900,?,9,-9900,?,9,15.28,E,8,13.23,E,8,87.0,E,8,822.9788000000001,E,8,999.0,E,8,3.63,E,8,-9900,?,9,-9900,?,9,0.0,E,8,-9900,?,9,-9900,?,9,0.0,0.0,E,8
02/21/2022,10:00,1101.785,1397.379,325.13,1,8,12.814,1,8,315.028,1,8,39015.6,1,8,1217.357,1,8,34653.101,1,8,127.202,1,8,-9900,?,9,-9900,?,9,16.35,E,8,13.69,E,8,84.0,E,8,822.9788000000001,E,8,999.0,E,8,3.58,E,8,-9900,?,9,-9900,?,9,0.0,E,8,-9900,?,9,-9900,?,9,0.0,0.0,E,8
02/21/2022,11:00,1271.643,1397.379,405.63,1,8,27.913,1,8,380.231,1,8,48675.6,1,8,2651.699,1,8,41825.355,1,8,133.006,1,8,-9900,?,9,-9900,?,9,17.29,E,8,14.07,E,8,81.0,E,8,822.9788000000001,E,8,999.0,E,8,4.19,E,8,-9900,?,9,-9900,?,9,0.0,E,8,-9900,?,9,-9900,?,9,0.0,0.0,E,8
02/21/2022,12:00,1361.17,1397.379,456.92,1,8,30.895,1,8,426.826,1,8,54830.4,1,8,2935.059,1,8,46950.825,1,8,139.479,1,8,-9900,?,9,-9900,?,9,18.06,E,8,14.38,E,8,79.0,E,8,822.9788000000001,E,8,999.0,E,8,3.86,E,8,-9900,?,9,-9900,?,9,0.0,E,8,-9900,?,9,-9900,?,9,0.0,0.0,E,8
02/21/2022,13:00,1364.232,1397.379,475.25,1,8,34.131,1,8,441.929,1,8,57030.0,1,8,3242.456,1,8,48612.19,1,8,144.09,1,8,-9900,?,9,-9900,?,9,18.63,E,8,14.61,E,8,77.0,E,8,822.9788000000001,E,8,999.0,E,8,3.7,E,8,-9900,?,9,-9900,?,9,0.0,E,8,-9900,?,9,-9900,?,9,0.0,0.0,E,8
02/21/2022,14:00,1280.602,1397.379,459.3,1,8,38.822,1,8,423.724,1,8,55116.0,1,8,3688.108,1,8,46609.655,1,8,147.183,1,8,-9900,?,9,-9900,?,9,19.0,E,8,14.75,E,8,76.0,E,8,822.9788000000001,E,8,999.0,E,8,2.54,E,8,-9900,?,9,-9900,?,9,0.0,E,8,-9900,?,9,-9900,?,9,0.0,0.0,E,8
02/21/2022,15:00,1115.976,1397.379,410.2,1,8,25.31,1,8,389.99,1,8,49224.0,1,8,2404.492,1,8,42898.892,1,8,155.466,1,8,-9900,?,9,-9900,?,9,19.15,E,8,14.81,E,8,75.0,E,8,822.9788000000001,E,8,999.0,E,8,1.3,E,8,-9900,?,9,-9900,?,9,0.0,E,8,-9900,?,9,-9900,?,9,0.0,0.0,E,8
02/21/2022,16:00,881.598,1397.379,331.54,1,8,25.55,1,8,315.428,1,8,39784.8,1,8,2427.262,1,8,34697.052,1,8,159.216,1,8,-9900,?,9,-9900,?,9,19.05,E,8,14.77,E,8,76.0,E,8,822.9788000000001,E,8,999.0,E,8,2.75,E,8,-9900,?,9,-9900,?,9,0.0,E,8,-9900,?,9,-9900,?,9,0.0,0.0,E,8
02/21/2022,17:00,593.543,1397.379,229.32,1,8,86.308,1,8,192.709,1,8,27518.4,1,8,8199.295,1,8,21197.96,1,8,144.607,1,8,-9900,?,9,-9900,?,9,18.63,E,8,14.61,E,8,77.0,E,8,822.9788000000001,E,8,999.0,E,8,2.08,E,8,-9900,?,9,-9900,?,9,0.0,E,8,-9900,?,9,-9900,?,9,0.0,0.0,E,8
02/21/2022,18:00,272.033,1397.379,112.95,1,8,183.782,1,8,77.428,1,8,13554.0,1,8,17459.263,1,8,8517.092,1,8,127.513,1,8,-9900,?,9,-9900,?,9,17.92,E,8,14.33,E,8,79.0,E,8,822.9788000000001,E,8,999.0,E,8,1.71,E,8,-9900,?,9,-9900,?,9,0.0,E,8,-9900,?,9,-9900,?,9,0.0,0.0,E,8
02/21/2022,19:00,0.0,1397.379,35.94,1,8,0.0,1,8,0.0,1,8,4312.8,1,8,0.0,1,8,0.0,1,8,-0.0,1,8,-9900,?,9,-9900,?,9,17.15,E,8,14.02,E,8,81.0,E,8,822.9788000000001,E,8,999.0,E,8,1.22,E,8,-9900,?,9,-9900,?,9,0.0,E,8,-9900,?,9,-9900,?,9,0.0,0.0,E,8
02/21/2022,20:00,0.0,1397.379,0.0,1,8,0.0,1,8,0.0,1,8,0.0,1,8,0.0,1,8,0.0,1,8,-0.0,1,8,-9900,?,9,-9900,?,9,16.38,E,8,13.7,E,8,84.0,E,8,822.9788000000001,E,8,999.0,E,8,1.22,E,8,-9900,?,9,-9900,?,9,0.0,E,8,-9900,?,9,-9900,?,9,0.0,0.0,E,8
02/21/2022,21:00,0.0,1397.379,0.0,1,8,0.0,1,8,0.0,1,8,0.0,1,8,0.0,1,8,0.0,1,8,-0.0,1,8,-9900,?,9,-9900,?,9,15.6,E,8,13.37,E,8,86.0,E,8,822.9788000000001,E,8,999.0,E,8,1.28,E,8,-9900,?,9,-9900,?,9,0.0,E,8,-9900,?,9,-9900,?,9,0.0,0.0,E,8
02/21/2022,22:00,0.0,1397.379,0.0,1,8,0.0,1,8,0.0,1,8,0.0,1,8,0.0,1,8,0.0,1,8,-0.0,1,8,-9900,?,9,-9900,?,9,14.83,E,8,13.04,E,8,89.0,E,8,822.9788000000001,E,8,999.0,E,8,1.45,E,8,-9900,?,9,-9900,?,9,0.0,E,8,-9900,?,9,-9900,?,9,0.0,0.0,E,8
02/21/2022,23:00,0.0,1397.379,0.0,1,8,0.0,1,8,0.0,1,8,0.0,1,8,0.0,1,8,0.0,1,8,-0.0,1,8,-9900,?,9,-9900,?,9,14.06,E,8,12.7,E,8,91.0,E,8,822.9788000000001,E,8,999.0,E,8,1.64,E,8,-9900,?,9,-9900,?,9,0.0,E,8,-9900,?,9,-9900,?,9,0.0,0.0,E,8
02/21/2022,24:00,0.0,1397.379,0.0,1,8,0.0,1,8,0.0,1,8,0.0,1,8,0.0,1,8,0.0,1,8,-0.0,1,8,-9900,?,9,-9900,?,9,13.29,E,8,8.51,E,8,72.0,E,8,822.9788000000001,E,8,999.0,E,8,0.32,E,8,-9900,?,9,-9900,?,9,0.0,E,8,-9900,?,9,-9900,?,9,0.0,0.0,E,8
02/22/2022,01:00,0.0,1397.379,0.0,1,8,0.0,1,8,0.0,1,8,0.0,1,8,0.0,1,8,0.0,1,8,-0.0,1,8,-9900,?,9,-9900,?,9,12.9,E,8,8.71,E,8,75.0,E,8,822.9788000000001,E,8,999.0,E,8,0.32,E,8,-9900,?,9,-9900,?,9,0.0,E,8,-9900,?,9,-9900,?,9,0.0,0.0,E,8
02/22/2022,02:00,0.0,1397.379,0.0,1,8,0.0,1,8,0.0,1,8,0.0,1,8,0.0,1,8,0.0,1,8,-0.0,1,8,-9900,?,9,-9900,?,9,12.51,E,8,8.9,E,8,78.0,E,8,822.9788000000001,E,8,999.0,E,8,0.32,E,8,-9900,?,9,-9900,?,9,0.0,E,8,-9900,?,9,-9900,?,9,0.0,0.0,E,8
02/22/2022,03:00,0.0,1397.379,0.0,1,8,0.0,1,8,0.0,1,8,0.0,1,8,0.0,1,8,0.0,1,8,-0.0,1,8,-9900,?,9,-9900,?,9,12.13,E,8,9.08,E,8,81.0,E,8,822.9788000000001,E,8,999.0,E,8,0.32,E,8,-9900,?,9,-9900,?,9,0.0,E,8,-9900,?,9,-9900,?,9,0.0,0.0,E,8
02/22/2022,04:00,0.0,1396.741,0.0,1,8,0.0,1,8,0.0,1,8,0.0,1,8,0.0,1,8,0.0,1,8,-0.0,1,8,-9900,?,9,-9900,?,9,11.74,E,8,9.27,E,8,84.0,E,8,822.9788000000001,E,8,999.0,E,8,0.32,E,8,-9900,?,9,-9900,?,9,0.0,E,8,-9900,?,9,-9900,?,9,0.0,0.0,E,8
02/22/2022,05:00,0.0,1396.741,0.0,1,8,0.0,1,8,0.0,1,8,0.0,1,8,0.0,1,8,0.0,1,8,-0.0,1,8,-9900,?,9,-9900,?,9,11.36,E,8,9.45,E,8,88.0,E,8,822.9788000000001,E,8,999.0,E,8,0.32,E,8,-9900,?,9,-9900,?,9,0.0,E,8,-9900,?,9,-9900,?,9,0.0,0.0,E,8
02/22/2022,06:00,0.0,1396.741,0.0,1,8,0.0,1,8,0.0,1,8,0.0,1,8,0.0,1,8,0.0,1,8,-0.0,1,8,-9900,?,9,-9900,?,9,11.06,E,8,9.59,E,8,90.0,E,8,822.9788000000001,E,8,999.0,E,8,0.32,E,8,-9900,?,9,-9900,?,9,0.0,E,8,-9900,?,9,-9900,?,9,0.0,0.0,E,8
02/22/2022,07:00,247.392,1396.741,9.73,1,8,0.0,1,8,9.73,1,8,1167.6,1,8,0.0,1,8,1070.3,1,8,17.638,1,8,-9900,?,9,-9900,?,9,10.8,E,8,9.71,E,8,93.0,E,8,822.9788000000001,E,8,999.0,E,8,0.32,E,8,-9900,?,9,-9900,?,9,0.0,E,8,-9900,?,9,-9900,?,9,0.0,0.0,E,8
02/22/2022,08:00,570.175,1396.741,189.6,1,8,71.762,1,8,160.348,1,8,22752.0,1,8,6817.394,1,8,17638.291,1,8,125.214,1,8,-9900,?,9,-9900,?,9,10.55,E,8,9.83,E,8,95.0,E,8,822.9788000000001,E,8,999.0,E,8,0.36,E,8,-9900,?,9,-9900,?,9,0.0,E,8,-9900,?,9,-9900,?,9,0.0,0.0,E,8
02/22/2022,09:00,861.143,1396.741,406.62,1,8,149.84,1,8,314.282,1,8,48794.4,1,8,14234.784,1,8,34571.052,1,8,162.337,1,8,-9900,?,9,-9900,?,9,15.67,E,8,7.27,E,8,57.0,E,8,822.9788000000001,E,8,999.0,E,8,0.55,E,8,-9900,?,9,-9900,?,9,0.0,E,8,-9900,?,9,-9900,?,9,0.0,0.0,E,8
02/22/2022,10:00,1099.742,1396.741,643.75,1,8,286.368,1,8,418.315,1,8,77250.0,1,8,27204.919,1,8,46014.7,1,8,169.144,1,8,-9900,?,9,-9900,?,9,17.65,E,8,6.17,E,8,46.0,E,8,822.9788000000001,E,8,999.0,E,8,1.01,E,8,-9900,?,9,-9900,?,9,0.0,E,8,-9900,?,9,-9900,?,9,0.0,0.0,E,8
02/22/2022,11:00,1269.565,1396.741,748.42,1,8,281.657,1,8,492.424,1,8,89810.4,1,8,26757.427,1,8,54166.654,1,8,172.456,1,8,-9900,?,9,-9900,?,9,19.09,E,8,5.31,E,8,40.0,E,8,822.9788000000001,E,8,999.0,E,8,1.4,E,8,-9900,?,9,-9900,?,9,0.0,E,8,-9900,?,9,-9900,?,9,0.0,0.0,E,8
02/22/2022,12:00,1358.98,1396.741,797.34,1,8,228.196,1,8,575.317,1,8,95680.8,1,8,21678.585,1,8,63284.897,1,8,188.221,1,8,-9900,?,9,-9900,?,9,20.13,E,8,4.66,E,8,36.0,E,8,822.9788000000001,E,8,999.0,E,8,2.13,E,8,-9900,?,9,-9900,?,9,0.0,E,8,-9900,?,9,-9900,?,9,0.0,0.0,E,8
02/22/2022,13:00,1361.862,1396.741,928.45,1,8,463.117,1,8,476.904,1,8,111414.0,1,8,43996.155,1,8,52459.461,1,8,155.694,1,8,-9900,?,9,-9900,?,9,21.19,E,8,3.97,E,8,32.0,E,8,822.9788000000001,E,8,999.0,E,8,3.19,E,8,-9900,?,9,-9900,?,9,0.0,E,8,-9900,?,9,-9900,?,9,0.0,0.0,E,8
02/22/2022,14:00,1277.996,1396.741,935.79,1,8,548.107,1,8,434.31,1,8,112294.8,1,8,52070.123,1,8,47774.069,1,8,151.099,1,8,-9900,?,9,-9900,?,9,21.97,E,8,3.45,E,8,29.0,E,8,822.9788000000001,E,8,999.0,E,8,3.74,E,8,-9900,?,9,-9900,?,9,0.0,E,8,-9900,?,9,-9900,?,9,0.0,0.0,E,8
02/22/2022,15:00,1113.095,1396.741,736.96,1,8,430.864,1,8,393.653,1,8,88435.2,1,8,40932.039,1,8,43301.816,1,8,157.261,1,8,-9900,?,9,-9900,?,9,22.12,E,8,3.34,E,8,29.0,E,8,822.9788000000001,E,8,999.0,E,8,4.09,E,8,-9900,?,9,-9900,?,9,0.0,E,8,-9900,?,9,-9900,?,9,0.0,0.0,E,8
02/22/2022,16:00,878.421,1396.741,557.53,1,8,484.947,1,8,252.68,1,8,66903.6,1,8,46069.979,1,8,27794.779,1,8,127.947,1,8,-9900,?,9,-9900,?,9,21.75,E,8,3.6,E,8,30.0,E,8,822.9788000000001,E,8,999.0,E,8,3.95,E,8,-9900,?,9,-9900,?,9,0.0,E,8,-9900,?,9,-9900,?,9,0.0,0.0,E,8
02/22/2022,17:00,590.072,1396.741,328.22,1,8,355.038,1,8,178.431,1,8,39386.4,1,8,33728.627,1,8,19627.358,1,8,134.621,1,8,-9900,?,9,-9900,?,9,20.78,E,8,4.24,E,8,33.0,E,8,822.9788000000001,E,8,999.0,E,8,3.1,E,8,-9900,?,9,-9900,?,9,0.0,E,8,-9900,?,9,-9900,?,9,0.0,0.0,E,8
02/22/2022,18:00,268.306,1396.741,174.56,1,8,591.756,1,8,61.721,1,8,20947.2,1,8,56216.829,1,8,6789.304,1,8,103.031,1,8,-9900,?,9,-9900,?,9,19.57,E,8,5.01,E,8,38.0,E,8,822.9788000000001,E,8,999.0,E,8,2.03,E,8,-9900,?,9,-9900,?,9,0.0,E,8,-9900,?,9,-9900,?,9,0.0,0.0,E,8
02/22/2022,19:00,0.0,1396.741,16.13,1,8,0.0,1,8,0.0,1,8,1935.6,1,8,0.0,1,8,0.0,1,8,-0.0,1,8,-9900,?,9,-9900,?,9,18.6,E,8,5.61,E,8,42.0,E,8,822.9788000000001,E,8,999.0,E,8,0.86,E,8,-9900,?,9,-9900,?,9,0.0,E,8,-9900,?,9,-9900,?,9,0.0,0.0,E,8
02/22/2022,20:00,0.0,1396.741,0.0,1,8,0.0,1,8,0.0,1,8,0.0,1,8,0.0,1,8,0.0,1,8,-0.0,1,8,-9900,?,9,-9900,?,9,17.64,E,8,6.17,E,8,46.0,E,8,822.9788000000001,E,8,999.0,E,8,0.52,E,8,-9900,?,9,-9900,?,9,0.0,E,8,-9900,?,9,-9900,?,9,0.0,0.0,E,8
02/22/2022,21:00,0.0,1396.741,0.0,1,8,0.0,1,8,0.0,1,8,0.0,1,8,0.0,1,8,0.0,1,8,-0.0,1,8,-9900,?,9,-9900,?,9,16.67,E,8,6.72,E,8,51.0,E,8,822.9788000000001,E,8,999.0,E,8,0.46,E,8,-9900,?,9,-9900,?,9,0.0,E,8,-9900,?,9,-9900,?,9,0.0,0.0,E,8
02/22/2022,22:00,0.0,1396.741,0.0,1,8,0.0,1,8,0.0,1,8,0.0,1,8,0.0,1,8,0.0,1,8,-0.0,1,8,-9900,?,9,-9900,?,9,15.71,E,8,7.25,E,8,57.0,E,8,822.9788000000001,E,8,999.0,E,8,0.35,E,8,-9900,?,9,-9900,?,9,0.0,E,8,-9900,?,9,-9900,?,9,0.0,0.0,E,8
02/22/2022,23:00,0.0,1396.741,0.0,1,8,0.0,1,8,0.0,1,8,0.0,1,8,0.0,1,8,0.0,1,8,-0.0,1,8,-9900,?,9,-9900,?,9,14.74,E,8,7.77,E,8,62.0,E,8,822.9788000000001,E,8,999.0,E,8,0.33,E,8,-9900,?,9,-9900,?,9,0.0,E,8,-9900,?,9,-9900,?,9,0.0,0.0,E,8
02/22/2022,24:00,0.0,1396.741,0.0,1,8,0.0,1,8,0.0,1,8,0.0,1,8,0.0,1,8,0.0,1,8,-0.0,1,8,-9900,?,9,-9900,?,9,13.78,E,8,7.67,E,8,66.0,E,8,822.9788000000001,E,8,999.0,E,8,0.54,E,8,-9900,?,9,-9900,?,9,0.0,E,8,-9900,?,9,-9900,?,9,0.0,0.0,E,8
02/23/2022,01:00,0.0,1396.741,0.0,1,8,0.0,1,8,0.0,1,8,0.0,1,8,0.0,1,8,0.0,1,8,-0.0,1,8,-9900,?,9,-9900,?,9,13.29,E,8,8.04,E,8,70.0,E,8,822.9788000000001,E,8,999.0,E,8,0.55,E,8,-9900,?,9,-9900,?,9,0.0,E,8,-9900,?,9,-9900,?,9,0.0,0.0,E,8
02/23/2022,02:00,0.0,1396.741,0.0,1,8,0.0,1,8,0.0,1,8,0.0,1,8,0.0,1,8,0.0,1,8,-0.0,1,8,-9900,?,9,-9900,?,9,12.81,E,8,8.4,E,8,74.0,E,8,822.9788000000001,E,8,999.0,E,8,0.48,E,8,-9900,?,9,-9900,?,9,0.0,E,8,-9900,?,9,-9900,?,9,0.0,0.0,E,8
02/23/2022,03:00,0.0,1396.741,0.0,1,8,0.0,1,8,0.0,1,8,0.0,1,8,0.0,1,8,0.0,1,8,-0.0,1,8,-9900,?,9,-9900,?,9,12.33,E,8,8.74,E,8,78.0,E,8,822.9788000000001,E,8,999.0,E,8,0.48,E,8,-9900,?,9,-9900,?,9,0.0,E,8,-9900,?,9,-9900,?,9,0.0,0.0,E,8
02/23/2022,04:00,0.0,1396.094,0.0,1,8,0.0,1,8,0.0,1,8,0.0,1,8,0.0,1,8,0.0,1,8,-0.0,1,8,-9900,?,9,-9900,?,9,11.85,E,8,9.08,E,8,83.0,E,8,822.9788000000001,E,8,999.0,E,8,0.48,E,8,-9900,?,9,-9900,?,9,0.0,E,8,-9900,?,9,-9900,?,9,0.0,0.0,E,8
02/23/2022,05:00,0.0,1396.094,0.0,1,8,0.0,1,8,0.0,1,8,0.0,1,8,0.0,1,8,0.0,1,8,-0.0,1,8,-9900,?,9,-9900,?,9,11.36,E,8,9.42,E,8,87.0,E,8,822.9788000000001,E,8,999.0,E,8,0.48,E,8,-9900,?,9,-9900,?,9,0.0,E,8,-9900,?,9,-9900,?,9,0.0,0.0,E,8
02/23/2022,06:00,0.0,1396.094,0.0,1,8,0.0,1,8,0.0,1,8,0.0,1,8,0.0,1,8,0.0,1,8,-0.0,1,8,-9900,?,9,-9900,?,9,10.99,E,8,9.67,E,8,91.0,E,8,822.9788000000001,E,8,999.0,E,8,0.48,E,8,-9900,?,9,-9900,?,9,0.0,E,8,-9900,?,9,-9900,?,9,0.0,0.0,E,8
02/23/2022,07:00,245.045,1396.094,26.14,1,8,0.0,1,8,26.14,1,8,3136.8,1,8,0.0,1,8,2875.4,1,8,47.825,1,8,-9900,?,9,-9900,?,9,10.67,E,8,9.89,E,8,94.0,E,8,822.9788000000001,E,8,999.0,E,8,0.48,E,8,-9900,?,9,-9900,?,9,0.0,E,8,-9900,?,9,-9900,?,9,0.0,0.0,E,8
02/23/2022,08:00,567.983,1396.094,271.0,1,8,217.062,1,8,182.821,1,8,32520.0,1,8,20620.843,1,8,20110.31,1,8,143.25,1,8,-9900,?,9,-9900,?,9,10.35,E,8,10.1,E,8,98.0,E,8,822.9788000000001,E,8,999.0,E,8,0.48,E,8,-9900,?,9,-9900,?,9,0.0,E,8,-9900,?,9,-9900,?,9,0.0,0.0,E,8
02/23/2022,09:00,859.049,1396.094,303.15,1,8,41.291,1,8,277.755,1,8,36378.0,1,8,3922.652,1,8,30553.037,1,8,143.753,1,8,-9900,?,9,-9900,?,9,16.73,E,8,5.24,E,8,46.0,E,8,822.9788000000001,E,8,999.0,E,8,0.48,E,8,-9900,?,9,-9900,?,9,0.0,E,8,-9900,?,9,-9900,?,9,0.0,0.0,E,8
02/23/2022,10:00,1097.67,1396.094,202.43,1,8,1.562,1,8,201.202,1,8,24291.6,1,8,148.351,1,8,22132.267,1,8,81.471,1,8,-9900,?,9,-9900,?,9,16.1,E,8,5.79,E,8,50.0,E,8,822.9788000000001,E,8,999.0,E,8,0.88,E,8,-9900,?,9,-9900,?,9,0.0,E,8,-9900,?,9,-9900,?,9,0.0,0.0,E,8
02/23/2022,11:00,1267.438,1396.094,556.48,1,8,89.826,1,8,474.937,1,8,66777.6,1,8,8533.505,1,8,52243.028,1,8,166.533,1,8,-9900,?,9,-9900,?,9,17.76,E,8,4.3,E,8,40.0,E,8,822.9788000000001,E,8,999.0,E,8,1.6,E,8,-9900,?,9,-9900,?,9,0.0,E,8,-9900,?,9,-9900,?,9,0.0,0.0,E,8
02/23/2022,12:00,1356.724,1396.094,626.99,1,8,5.604,1,8,621.544,1,8,75238.8,1,8,532.41,1,8,68369.82,1,8,203.588,1,8,-9900,?,9,-9900,?,9,19.06,E,8,3.02,E,8,34.0,E,8,822.9788000000001,E,8,999.0,E,8,1.92,E,8,-9900,?,9,-9900,?,9,0.0,E,8,-9900,?,9,-9900,?,9,0.0,0.0,E,8
02/23/2022,13:00,1359.411,1396.094,652.06,1,8,6.516,1,8,645.715,1,8,78247.2,1,8,619.065,1,8,71028.634,1,8,211.087,1,8,-9900,?,9,-9900,?,9,20.02,E,8,2.0,E,8,30.0,E,8,822.9788000000001,E,8,999.0,E,8,2.84,E,8,-9900,?,9,-9900,?,9,0.0,E,8,-9900,?,9,-9900,?,9,0.0,0.0,E,8
02/23/2022,14:00,1275.298,1396.094,629.86,1,8,7.796,1,8,622.739,1,8,75583.2,1,8,740.658,1,8,68501.245,1,8,217.012,1,8,-9900,?,9,-9900,?,9,20.64,E,8,1.31,E,8,27.0,E,8,822.9788000000001,E,8,999.0,E,8,4.07,E,8,-9900,?,9,-9900,?,9,0.0,E,8,-9900,?,9,-9900,?,9,0.0,0.0,E,8
02/23/2022,15:00,1110.115,1396.094,562.0,1,8,151.63,1,8,441.451,1,8,67440.0,1,8,14404.862,1,8,48559.582,1,8,176.748,1,8,-9900,?,9,-9900,?,9,20.92,E,8,0.99,E,8,26.0,E,8,822.9788000000001,E,8,999.0,E,8,4.11,E,8,-9900,?,9,-9900,?,9,0.0,E,8,-9900,?,9,-9900,?,9,0.0,0.0,E,8
02/23/2022,16:00,875.144,1396.094,453.41,1,8,171.001,1,8,346.266,1,8,54409.2,1,8,16245.112,1,8,38089.28,1,8,175.911,1,8,-9900,?,9,-9900,?,9,20.82,E,8,1.1,E,8,26.0,E,8,822.9788000000001,E,8,999.0,E,8,4.2,E,8,-9900,?,9,-9900,?,9,0.0,E,8,-9900,?,9,-9900,?,9,0.0,0.0,E,8
02/23/2022,17:00,586.506,1396.094,312.41,1,8,306.19,1,8,183.953,1,8,37489.2,1,8,29088.036,1,8,20234.839,1,8,139.569,1,8,-9900,?,9,-9900,?,9,20.22,E,8,1.78,E,8,29.0,E,8,822.9788000000001,E,8,999.0,E,8,3.21,E,8,-9900,?,9,-9900,?,9,0.0,E,8,-9900,?,9,-9900,?,9,0.0,0.0,E,8
02/23/2022,18:00,264.493,1396.094,152.05,1,8,513.836,1,8,55.437,1,8,18246.0,1,8,48814.39,1,8,6098.061,1,8,93.851,1,8,-9900,?,9,-9900,?,9,19.17,E,8,2.9,E,8,33.0,E,8,822.9788000000001,E,8,999.0,E,8,1.96,E,8,-9900,?,9,-9900,?,9,0.0,E,8,-9900,?,9,-9900,?,9,0.0,0.0,E,8
02/23/2022,19:00,0.0,1396.094,10.72,1,8,0.0,1,8,0.0,1,8,1286.4,1,8,0.0,1,8,0.0,1,8,-0.0,1,8,-9900,?,9,-9900,?,9,18.34,E,8,3.74,E,8,37.0,E,8,822.9788000000001,E,8,999.0,E,8,1.78,E,8,-9900,?,9,-9900,?,9,0.0,E,8,-9900,?,9,-9900,?,9,0.0,0.0,E,8
02/23/2022,20:00,0.0,1396.094,0.0,1,8,0.0,1,8,0.0,1,8,0.0,1,8,0.0,1,8,0.0,1,8,-0.0,1,8,-9900,?,9,-9900,?,9,17.5,E,8,4.54,E,8,42.0,E,8,822.9788000000001,E,8,999.0,E,8,1.1,E,8,-9900,?,9,-9900,?,9,0.0,E,8,-9900,?,9,-9900,?,9,0.0,0.0,E,8
02/23/2022,21:00,0.0,1396.094,0.0,1,8,0.0,1,8,0.0,1,8,0.0,1,8,0.0,1,8,0.0,1,8,-0.0,1,8,-9900,?,9,-9900,?,9,16.67,E,8,5.29,E,8,46.0,E,8,822.9788000000001,E,8,999.0,E,8,0.78,E,8,-9900,?,9,-9900,?,9,0.0,E,8,-9900,?,9,-9900,?,9,0.0,0.0,E,8
02/23/2022,22:00,0.0,1396.094,0.0,1,8,0.0,1,8,0.0,1,8,0.0,1,8,0.0,1,8,0.0,1,8,-0.0,1,8,-9900,?,9,-9900,?,9,15.83,E,8,6.02,E,8,52.0,E,8,822.9788000000001,E,8,999.0,E,8,0.69,E,8,-9900,?,9,-9900,?,9,0.0,E,8,-9900,?,9,-9900,?,9,0.0,0.0,E,8
02/23/2022,23:00,0.0,1396.094,0.0,1,8,0.0,1,8,0.0,1,8,0.0,1,8,0.0,1,8,0.0,1,8,-0.0,1,8,-9900,?,9,-9900,?,9,15.0,E,8,6.71,E,8,57.0,E,8,822.9788000000001,E,8,999.0,E,8,0.7,E,8,-9900,?,9,-9900,?,9,0.0,E,8,-9900,?,9,-9900,?,9,0.0,0.0,E,8
02/23/2022,24:00,0.0,1396.094,0.0,1,8,0.0,1,8,0.0,1,8,0.0,1,8,0.0,1,8,0.0,1,8,-0.0,1,8,-9900,?,9,-9900,?,9,14.17,E,8,11.4,E,8,83.0,E,8,822.9788000000001,E,8,999.0,E,8,6.46,E,8,-9900,?,9,-9900,?,9,0.0,E,8,-9900,?,9,-9900,?,9,0.0,0.0,E,8
02/24/2022,01:00,0.0,1396.094,0.0,1,8,0.0,1,8,0.0,1,8,0.0,1,8,0.0,1,8,0.0,1,8,-0.0,1,8,-9900,?,9,-9900,?,9,13.75,E,8,11.32,E,8,85.0,E,8,822.9788000000001,E,8,999.0,E,8,6.89,E,8,-9900,?,9,-9900,?,9,0.0,E,8,-9900,?,9,-9900,?,9,0.0,0.0,E,8
02/24/2022,02:00,0.0,1396.094,0.0,1,8,0.0,1,8,0.0,1,8,0.0,1,8,0.0,1,8,0.0,1,8,-0.0,1,8,-9900,?,9,-9900,?,9,13.33,E,8,11.25,E,8,92.0,E,8,822.9788000000001,E,8,999.0,E,8,8.25,E,8,-9900,?,9,-9900,?,9,0.004,E,8,-9900,?,9,-9900,?,9,0.04,99.0,E,8
02/24/2022,03:00,0.0,1396.094,0.0,1,8,0.0,1,8,0.0,1,8,0.0,1,8,0.0,1,8,0.0,1,8,-0.0,1,8,-9900,?,9,-9900,?,9,12.92,E,8,11.17,E,8,89.0,E,8,822.9788000000001,E,8,999.0,E,8,9.76,E,8,-9900,?,9,-9900,?,9,0.0,E,8,-9900,?,9,-9900,?,9,0.0,0.0,E,8
02/24/2022,04:00,0.0,1395.438,0.0,1,8,0.0,1,8,0.0,1,8,0.0,1,8,0.0,1,8,0.0,1,8,-0.0,1,8,-9900,?,9,-9900,?,9,12.5,E,8,11.1,E,8,91.0,E,8,822.9788000000001,E,8,999.0,E,8,8.06,E,8,-9900,?,9,-9900,?,9,0.0,E,8,-9900,?,9,-9900,?,9,0.0,0.0,E,8
02/24/2022,05:00,0.0,1395.438,0.0,1,8,0.0,1,8,0.0,1,8,0.0,1,8,0.0,1,8,0.0,1,8,-0.0,1,8,-9900,?,9,-9900,?,9,12.08,E,8,11.02,E,8,93.0,E,8,822.9788000000001,E,8,999.0,E,8,6.14,E,8,-9900,?,9,-9900,?,9,0.0,E,8,-9900,?,9,-9900,?,9,0.0,0.0,E,8
02/24/2022,06:00,0.0,1395.438,0.0,1,8,0.0,1,8,0.0,1,8,0.0,1,8,0.0,1,8,0.0,1,8,-0.0,1,8,-9900,?,9,-9900,?,9,11.76,E,8,10.96,E,8,94.0,E,8,822.9788000000001,E,8,999.0,E,8,5.02,E,8,-9900,?,9,-9900,?,9,0.0,E,8,-9900,?,9,-9900,?,9,0.0,0.0,E,8
02/24/2022,07:00,242.724,1395.438,4.91,1,8,0.0,1,8,4.91,1,8,589.2,1,8,0.0,1,8,540.1,1,8,9.066,1,8,-9900,?,9,-9900,?,9,11.48,E,8,10.91,E,8,96.0,E,8,822.9788000000001,E,8,999.0,E,8,5.96,E,8,-9900,?,9,-9900,?,9,0.0,E,8,-9900,?,9,-9900,?,9,0.0,0.0,E,8
02/24/2022,08:00,565.8,1395.438,112.86,1,8,0.0,1,8,112.86,1,8,13543.2,1,8,0.0,1,8,12414.6,1,8,88.732,1,8,-9900,?,9,-9900,?,9,11.21,E,8,10.86,E,8,97.0,E,8,822.9788000000001,E,8,999.0,E,8,3.03,E,8,-9900,?,9,-9900,?,9,0.0,E,8,-9900,?,9,-9900,?,9,0.0,0.0,E,8
02/24/2022,09:00,856.944,1395.438,241.18,1,8,23.494,1,8,226.759,1,8,28941.6,1,8,2231.891,1,8,24943.542,1,8,117.594,1,8,-9900,?,9,-9900,?,9,14.89,E,8,11.53,E,8,80.0,E,8,822.9788000000001,E,8,999.0,E,8,3.07,E,8,-9900,?,9,-9900,?,9,0.0,E,8,-9900,?,9,-9900,?,9,0.0,0.0,E,8
02/24/2022,10:00,1095.568,1395.438,354.95,1,8,16.636,1,8,341.891,1,8,42594.0,1,8,1580.408,1,8,37608.059,1,8,138.64,1,8,-9900,?,9,-9900,?,9,16.12,E,8,11.74,E,8,75.0,E,8,822.9788000000001,E,8,999.0,E,8,2.73,E,8,-9900,?,9,-9900,?,9,0.0,E,8,-9900,?,9,-9900,?,9,0.0,0.0,E,8
02/24/2022,11:00,1265.261,1395.438,443.37,1,8,36.263,1,8,410.492,1,8,53204.4,1,8,3445.006,1,8,45154.094,1,8,144.116,1,8,-9900,?,9,-9900,?,9,17.2,E,8,11.93,E,8,76.0,E,8,822.9788000000001,E,8,999.0,E,8,2.93,E,8,-9900,?,9,-9900,?,9,0.001,E,8,-9900,?,9,-9900,?,9,0.01,99.0,E,8
02/24/2022,12:00,1354.4,1395.438,499.6,1,8,40.774,1,8,460.026,1,8,59952.0,1,8,3873.526,1,8,50602.845,1,8,150.87,1,8,-9900,?,9,-9900,?,9,18.07,E,8,12.08,E,8,67.0,E,8,822.9788000000001,E,8,999.0,E,8,2.1,E,8,-9900,?,9,-9900,?,9,0.0,E,8,-9900,?,9,-9900,?,9,0.0,0.0,E,8
02/24/2022,13:00,1356.877,1395.438,519.52,1,8,46.172,1,8,474.625,1,8,62342.4,1,8,4386.348,1,8,52208.702,1,8,155.374,1,8,-9900,?,9,-9900,?,9,18.73,E,8,12.19,E,8,65.0,E,8,822.9788000000001,E,8,999.0,E,8,2.1,E,8,-9900,?,9,-9900,?,9,0.0,E,8,-9900,?,9,-9900,?,9,0.0,0.0,E,8
02/24/2022,14:00,1272.506,1395.438,501.71,1,8,54.147,1,8,452.336,1,8,60205.2,1,8,5143.957,1,8,49756.972,1,8,157.902,1,8,-9900,?,9,-9900,?,9,19.14,E,8,12.26,E,8,64.0,E,8,822.9788000000001,E,8,999.0,E,8,2.1,E,8,-9900,?,9,-9900,?,9,0.0,E,8,-9900,?,9,-9900,?,9,0.0,0.0,E,8
02/24/2022,15:00,1107.036,1395.438,447.43,1,8,92.388,1,8,374.149,1,8,53691.6,1,8,8776.849,1,8,41156.396,1,8,150.148,1,8,-9900,?,9,-9900,?,9,19.31,E,8,12.29,E,8,63.0,E,8,822.9788000000001,E,8,999.0,E,8,2.1,E,8,-9900,?,9,-9900,?,9,0.0,E,8,-9900,?,9,-9900,?,9,0.0,0.0,E,8
02/24/2022,16:00,871.768,1395.438,360.64,1,8,80.155,1,8,310.588,1,8,43276.8,1,8,7614.735,1,8,34164.667,1,8,158.323,1,8,-9900,?,9,-9900,?,9,19.2,E,8,12.27,E,8,64.0,E,8,822.9788000000001,E,8,999.0,E,8,2.23,E,8,-9900,?,9,-9900,?,9,0.0,E,8,-9900,?,9,-9900,?,9,0.0,0.0,E,8
02/24/2022,17:00,582.845,1395.438,247.98,1,8,130.541,1,8,193.531,1,8,29757.6,1,8,12401.37,1,8,21288.418,1,8,147.692,1,8,-9900,?,9,-9900,?,9,18.71,E,8,12.19,E,8,65.0,E,8,822.9788000000001,E,8,999.0,E,8,2.26,E,8,-9900,?,9,-9900,?,9,0.0,E,8,-9900,?,9,-9900,?,9,0.0,0.0,E,8
02/24/2022,18:00,260.596,1395.438,119.94,1,8,281.32,1,8,67.812,1,8,14392.8,1,8,26725.394,1,8,7459.275,1,8,116.488,1,8,-9900,?,9,-9900,?,9,17.9,E,8,12.05,E,8,68.0,E,8,822.9788000000001,E,8,999.0,E,8,2.63,E,8,-9900,?,9,-9900,?,9,0.0,E,8,-9900,?,9,-9900,?,9,0.0,0.0,E,8
02/24/2022,19:00,0.0,1395.438,7.84,1,8,0.0,1,8,0.0,1,8,940.8,1,8,0.0,1,8,0.0,1,8,-0.0,1,8,-9900,?,9,-9900,?,9,17.34,E,8,11.95,E,8,70.0,E,8,822.9788000000001,E,8,999.0,E,8,2.1,E,8,-9900,?,9,-9900,?,9,0.0,E,8,-9900,?,9,-9900,?,9,0.0,0.0,E,8
02/24/2022,20:00,0.0,1395.438,0.0,1,8,0.0,1,8,0.0,1,8,0.0,1,8,0.0,1,8,0.0,1,8,-0.0,1,8,-9900,?,9,-9900,?,9,16.77,E,8,11.86,E,8,72.0,E,8,822.9788000000001,E,8,999.0,E,8,2.1,E,8,-9900,?,9,-9900,?,9,0.0,E,8,-9900,?,9,-9900,?,9,0.0,0.0,E,8
02/24/2022,21:00,0.0,1395.438,0.0,1,8,0.0,1,8,0.0,1,8,0.0,1,8,0.0,1,8,0.0,1,8,-0.0,1,8,-9900,?,9,-9900,?,9,16.21,E,8,11.76,E,8,79.0,E,8,822.9788000000001,E,8,999.0,E,8,2.1,E,8,-9900,?,9,-9900,?,9,0.001,E,8,-9900,?,9,-9900,?,9,0.01,99.0,E,8
02/24/2022,22:00,0.0,1395.438,0.0,1,8,0.0,1,8,0.0,1,8,0.0,1,8,0.0,1,8,0.0,1,8,-0.0,1,8,-9900,?,9,-9900,?,9,15.65,E,8,11.66,E,8,82.0,E,8,822.9788000000001,E,8,999.0,E,8,2.1,E,8,-9900,?,9,-9900,?,9,0.094,E,8,-9900,?,9,-9900,?,9,0.94,99.0,E,8
02/24/2022,23:00,0.0,1395.438,0.0,1,8,0.0,1,8,0.0,1,8,0.0,1,8,0.0,1,8,0.0,1,8,-0.0,1,8,-9900,?,9,-9900,?,9,15.09,E,8,11.56,E,8,79.0,E,8,822.9788000000001,E,8,999.0,E,8,2.1,E,8,-9900,?,9,-9900,?,9,0.0,E,8,-9900,?,9,-9900,?,9,0.0,0.0,E,8
02/24/2022,24:00,0.0,1395.438,0.0,1,8,0.0,1,8,0.0,1,8,0.0,1,8,0.0,1,8,0.0,1,8,-0.0,1,8,-9900,?,9,-9900,?,9,14.52,E,8,12.22,E,8,86.0,E,8,822.9788000000001,E,8,999.0,E,8,0.61,E,8,-9900,?,9,-9900,?,9,0.0,E,8,-9900,?,9,-9900,?,9,0.0,0.0,E,8
02/25/2022,01:00,0.0,1395.438,0.0,1,8,0.0,1,8,0.0,1,8,0.0,1,8,0.0,1,8,0.0,1,8,-0.0,1,8,-9900,?,9,-9900,?,9,14.24,E,8,12.17,E,8,87.0,E,8,822.9788000000001,E,8,999.0,E,8,0.61,E,8,-9900,?,9,-9900,?,9,0.0,E,8,-9900,?,9,-9900,?,9,0.0,0.0,E,8
02/25/2022,02:00,0.0,1395.438,0.0,1,8,0.0,1,8,0.0,1,8,0.0,1,8,0.0,1,8,0.0,1,8,-0.0,1,8,-9900,?,9,-9900,?,9,13.96,E,8,12.13,E,8,88.0,E,8,822.9788000000001,E,8,999.0,E,8,0.61,E,8,-9900,?,9,-9900,?,9,0.0,E,8,-9900,?,9,-9900,?,9,0.0,0.0,E,8
02/25/2022,03:00,0.0,1395.438,0.0,1,8,0.0,1,8,0.0,1,8,0.0,1,8,0.0,1,8,0.0,1,8,-0.0,1,8,-9900,?,9,-9900,?,9,13.68,E,8,12.08,E,8,90.0,E,8,822.9788000000001,E,8,999.0,E,8,0.61,E,8,-9900,?,9,-9900,?,9,0.0,E,8,-9900,?,9,-9900,?,9,0.0,0.0,E,8
02/25/2022,04:00,0.0,1394.773,0.0,1,8,0.0,1,8,0.0,1,8,0.0,1,8,0.0,1,8,0.0,1,8,-0.0,1,8,-9900,?,9,-9900,?,9,13.4,E,8,12.04,E,8,91.0,E,8,822.9788000000001,E,8,999.0,E,8,0.61,E,8,-9900,?,9,-9900,?,9,0.0,E,8,-9900,?,9,-9900,?,9,0.0,0.0,E,8
02/25/2022,05:00,0.0,1394.773,0.0,1,8,0.0,1,8,0.0,1,8,0.0,1,8,0.0,1,8,0.0,1,8,-0.0,1,8,-9900,?,9,-9900,?,9,13.12,E,8,11.99,E,8,92.0,E,8,822.9788000000001,E,8,999.0,E,8,0.61,E,8,-9900,?,9,-9900,?,9,0.0,E,8,-9900,?,9,-9900,?,9,0.0,0.0,E,8
02/25/2022,06:00,0.0,1394.773,0.0,1,8,0.0,1,8,0.0,1,8,0.0,1,8,0.0,1,8,0.0,1,8,-0.0,1,8,-9900,?,9,-9900,?,9,12.9,E,8,11.95,E,8,93.0,E,8,822.9788000000001,E,8,999.0,E,8,0.61,E,8,-9900,?,9,-9900,?,9,0.0,E,8,-9900,?,9,-9900,?,9,0.0,0.0,E,8
02/25/2022,07:00,240.429,1394.773,5.53,1,8,0.0,1,8,5.53,1,8,663.6,1,8,0.0,1,8,608.3,1,8,10.305,1,8,-9900,?,9,-9900,?,9,12.72,E,8,11.92,E,8,94.0,E,8,822.9788000000001,E,8,999.0,E,8,0.61,E,8,-9900,?,9,-9900,?,9,0.0,E,8,-9900,?,9,-9900,?,9,0.0,0.0,E,8
02/25/2022,08:00,563.625,1394.773,134.97,1,8,2.481,1,8,133.969,1,8,16196.4,1,8,235.732,1,8,14736.565,1,8,105.686,1,8,-9900,?,9,-9900,?,9,12.53,E,8,11.89,E,8,95.0,E,8,822.9788000000001,E,8,999.0,E,8,0.61,E,8,-9900,?,9,-9900,?,9,0.0,E,8,-9900,?,9,-9900,?,9,0.0,0.0,E,8
02/25/2022,09:00,854.829,1394.773,289.52,1,8,47.857,1,8,260.203,1,8,34742.4,1,8,4546.455,1,8,28622.378,1,8,135.207,1,8,-9900,?,9,-9900,?,9,16.11,E,8,12.47,E,8,79.0,E,8,822.9788000000001,E,8,999.0,E,8,0.61,E,8,-9900,?,9,-9900,?,9,0.0,E,8,-9900,?,9,-9900,?,9,0.0,0.0,E,8
02/25/2022,10:00,1093.435,1394.773,426.54,1,8,32.073,1,8,401.401,1,8,51184.8,1,8,3046.965,1,8,44154.076,1,8,163.012,1,8,-9900,?,9,-9900,?,9,17.31,E,8,12.67,E,8,74.0,E,8,822.9788000000001,E,8,999.0,E,8,0.8,E,8,-9900,?,9,-9900,?,9,0.0,E,8,-9900,?,9,-9900,?,9,0.0,0.0,E,8
02/25/2022,11:00,1263.034,1394.773,532.99,1,8,97.238,1,8,444.942,1,8,63958.8,1,8,9237.628,1,8,48943.601,1,8,156.412,1,8,-9900,?,9,-9900,?,9,18.36,E,8,12.83,E,8,70.0,E,8,822.9788000000001,E,8,999.0,E,8,1.8,E,8,-9900,?,9,-9900,?,9,0.0,E,8,-9900,?,9,-9900,?,9,0.0,0.0,E,8
02/25/2022,12:00,1352.008,1394.773,600.64,1,8,55.151,1,8,547.181,1,8,72076.8,1,8,5239.313,1,8,60189.945,1,8,179.686,1,8,-9900,?,9,-9900,?,9,19.22,E,8,12.96,E,8,67.0,E,8,822.9788000000001,E,8,999.0,E,8,1.72,E,8,-9900,?,9,-9900,?,9,0.0,E,8,-9900,?,9,-9900,?,9,0.0,0.0,E,8
02/25/2022,13:00,1354.261,1394.773,624.54,1,8,64.06,1,8,562.342,1,8,74944.8,1,8,6085.725,1,8,61857.567,1,8,184.357,1,8,-9900,?,9,-9900,?,9,19.86,E,8,13.06,E,8,64.0,E,8,822.9788000000001,E,8,999.0,E,8,3.18,E,8,-9900,?,9,-9900,?,9,0.0,E,8,-9900,?,9,-9900,?,9,0.0,0.0,E,8
02/25/2022,14:00,1269.623,1394.773,602.96,1,8,76.74,1,8,533.11,1,8,72355.2,1,8,7290.28,1,8,58642.12,1,8,186.433,1,8,-9900,?,9,-9900,?,9,20.27,E,8,13.13,E,8,63.0,E,8,822.9788000000001,E,8,999.0,E,8,3.97,E,8,-9900,?,9,-9900,?,9,0.0,E,8,-9900,?,9,-9900,?,9,0.0,0.0,E,8
02/25/2022,15:00,1103.859,1394.773,537.44,1,8,195.578,1,8,382.681,1,8,64492.8,1,8,18579.942,1,8,42094.956,1,8,153.941,1,8,-9900,?,9,-9900,?,9,20.43,E,8,13.15,E,8,62.0,E,8,822.9788000000001,E,8,999.0,E,8,3.41,E,8,-9900,?,9,-9900,?,9,0.0,E,8,-9900,?,9,-9900,?,9,0.0,0.0,E,8
02/25/2022,16:00,868.294,1394.773,432.76,1,8,158.518,1,8,334.123,1,8,51931.2,1,8,15059.257,1,8,36753.482,1,8,170.92,1,8,-9900,?,9,-9900,?,9,20.32,E,8,13.13,E,8,63.0,E,8,822.9788000000001,E,8,999.0,E,8,2.96,E,8,-9900,?,9,-9900,?,9,0.0,E,8,-9900,?,9,-9900,?,9,0.0,0.0,E,8
02/25/2022,17:00,579.092,1394.773,296.96,1,8,267.381,1,8,186.102,1,8,35635.2,1,8,25401.173,1,8,20471.248,1,8,142.878,1,8,-9900,?,9,-9900,?,9,19.84,E,8,13.06,E,8,64.0,E,8,822.9788000000001,E,8,999.0,E,8,1.84,E,8,-9900,?,9,-9900,?,9,0.0,E,8,-9900,?,9,-9900,?,9,0.0,0.0,E,8
02/25/2022,18:00,256.618,1394.773,142.7,1,8,441.692,1,8,62.085,1,8,17124.0,1,8,41960.766,1,8,6829.308,1,8,108.277,1,8,-9900,?,9,-9900,?,9,19.04,E,8,12.94,E,8,67.0,E,8,822.9788000000001,E,8,999.0,E,8,1.36,E,8,-9900,?,9,-9900,?,9,0.0,E,8,-9900,?,9,-9900,?,9,0.0,0.0,E,8
02/25/2022,19:00,0.0,1394.773,8.59,1,8,0.0,1,8,0.0,1,8,1030.8,1,8,0.0,1,8,0.0,1,8,-0.0,1,8,-9900,?,9,-9900,?,9,18.43,E,8,12.84,E,8,69.0,E,8,822.9788000000001,E,8,999.0,E,8,1.0,E,8,-9900,?,9,-9900,?,9,0.0,E,8,-9900,?,9,-9900,?,9,0.0,0.0,E,8
02/25/2022,20:00,0.0,1394.773,0.0,1,8,0.0,1,8,0.0,1,8,0.0,1,8,0.0,1,8,0.0,1,8,-0.0,1,8,-9900,?,9,-9900,?,9,17.81,E,8,12.74,E,8,72.0,E,8,822.9788000000001,E,8,999.0,E,8,0.61,E,8,-9900,?,9,-9900,?,9,0.0,E,8,-9900,?,9,-9900,?,9,0.0,0.0,E,8
02/25/2022,21:00,0.0,1394.773,0.0,1,8,0.0,1,8,0.0,1,8,0.0,1,8,0.0,1,8,0.0,1,8,-0.0,1,8,-9900,?,9,-9900,?,9,17.2,E,8,12.65,E,8,74.0,E,8,822.9788000000001,E,8,999.0,E,8,0.61,E,8,-9900,?,9,-9900,?,9,0.0,E,8,-9900,?,9,-9900,?,9,0.0,0.0,E,8
02/25/2022,22:00,0.0,1394.773,0.0,1,8,0.0,1,8,0.0,1,8,0.0,1,8,0.0,1,8,0.0,1,8,-0.0,1,8,-9900,?,9,-9900,?,9,16.58,E,8,12.55,E,8,77.0,E,8,822.9788000000001,E,8,999.0,E,8,0.61,E,8,-9900,?,9,-9900,?,9,0.0,E,8,-9900,?,9,-9900,?,9,0.0,0.0,E,8
02/25/2022,23:00,0.0,1394.773,0.0,1,8,0.0,1,8,0.0,1,8,0.0,1,8,0.0,1,8,0.0,1,8,-0.0,1,8,-9900,?,9,-9900,?,9,15.97,E,8,12.45,E,8,79.0,E,8,822.9788000000001,E,8,999.0,E,8,0.61,E,8,-9900,?,9,-9900,?,9,0.0,E,8,-9900,?,9,-9900,?,9,0.0,0.0,E,8
02/25/2022,24:00,0.0,1394.773,0.0,1,8,0.0,1,8,0.0,1,8,0.0,1,8,0.0,1,8,0.0,1,8,-0.0,1,8,-9900,?,9,-9900,?,9,15.35,E,8,12.36,E,8,82.0,E,8,822.9788000000001,E,8,999.0,E,8,0.83,E,8,-9900,?,9,-9900,?,9,0.0,E,8,-9900,?,9,-9900,?,9,0.0,0.0,E,8
02/26/2022,01:00,0.0,1394.773,0.0,1,8,0.0,1,8,0.0,1,8,0.0,1,8,0.0,1,8,0.0,1,8,-0.0,1,8,-9900,?,9,-9900,?,9,15.04,E,8,12.43,E,8,84.0,E,8,822.9788000000001,E,8,999.0,E,8,0.83,E,8,-9900,?,9,-9900,?,9,0.0,E,8,-9900,?,9,-9900,?,9,0.0,0.0,E,8
02/26/2022,02:00,0.0,1394.773,0.0,1,8,0.0,1,8,0.0,1,8,0.0,1,8,0.0,1,8,0.0,1,8,-0.0,1,8,-9900,?,9,-9900,?,9,14.74,E,8,12.49,E,8,86.0,E,8,822.9788000000001,E,8,999.0,E,8,0.99,E,8,-9900,?,9,-9900,?,9,0.0,E,8,-9900,?,9,-9900,?,9,0.0,0.0,E,8
02/26/2022,03:00,0.0,1394.773,0.0,1,8,0.0,1,8,0.0,1,8,0.0,1,8,0.0,1,8,0.0,1,8,-0.0,1,8,-9900,?,9,-9900,?,9,14.43,E,8,12.56,E,8,88.0,E,8,822.9788000000001,E,8,999.0,E,8,0.83,E,8,-9900,?,9,-9900,?,9,0.0,E,8,-9900,?,9,-9900,?,9,0.0,0.0,E,8
02/26/2022,04:00,0.0,1394.1,0.0,1,8,0.0,1,8,0.0,1,8,0.0,1,8,0.0,1,8,0.0,1,8,-0.0,1,8,-9900,?,9,-9900,?,9,14.12,E,8,12.63,E,8,90.0,E,8,822.9788000000001,E,8,999.0,E,8,0.83,E,8,-9900,?,9,-9900,?,9,0.0,E,8,-9900,?,9,-9900,?,9,0.0,0.0,E,8
02/26/2022,05:00,0.0,1394.1,0.0,1,8,0.0,1,8,0.0,1,8,0.0,1,8,0.0,1,8,0.0,1,8,-0.0,1,8,-9900,?,9,-9900,?,9,13.81,E,8,12.69,E,8,92.0,E,8,822.9788000000001,E,8,999.0,E,8,0.83,E,8,-9900,?,9,-9900,?,9,0.0,E,8,-9900,?,9,-9900,?,9,0.0,0.0,E,8
02/26/2022,06:00,0.0,1394.1,0.0,1,8,0.0,1,8,0.0,1,8,0.0,1,8,0.0,1,8,0.0,1,8,-0.0,1,8,-9900,?,9,-9900,?,9,13.58,E,8,12.74,E,8,94.0,E,8,822.9788000000001,E,8,999.0,E,8,0.83,E,8,-9900,?,9,-9900,?,9,0.0,E,8,-9900,?,9,-9900,?,9,0.0,0.0,E,8
02/26/2022,07:00,238.159,1394.1,3.56,1,8,0.0,1,8,3.56,1,8,427.2,1,8,0.0,1,8,391.6,1,8,6.695,1,8,-9900,?,9,-9900,?,9,13.37,E,8,12.79,E,8,96.0,E,8,822.9788000000001,E,8,999.0,E,8,0.83,E,8,-9900,?,9,-9900,?,9,0.0,E,8,-9900,?,9,-9900,?,9,0.0,0.0,E,8
02/26/2022,08:00,561.458,1394.1,92.43,1,8,0.0,1,8,92.43,1,8,11091.6,1,8,0.0,1,8,10167.3,1,8,73.163,1,8,-9900,?,9,-9900,?,9,13.17,E,8,12.83,E,8,97.0,E,8,822.9788000000001,E,8,999.0,E,8,0.83,E,8,-9900,?,9,-9900,?,9,0.0,E,8,-9900,?,9,-9900,?,9,0.0,0.0,E,8
02/26/2022,09:00,852.702,1394.1,199.0,1,8,12.45,1,8,191.389,1,8,23880.0,1,8,1182.771,1,8,21052.741,1,8,99.65,1,8,-9900,?,9,-9900,?,9,15.44,E,8,12.34,E,8,81.0,E,8,822.9788000000001,E,8,999.0,E,8,0.83,E,8,-9900,?,9,-9900,?,9,0.0,E,8,-9900,?,9,-9900,?,9,0.0,0.0,E,8
02/26/2022,10:00,1091.271,1394.1,293.48,1,8,10.385,1,8,285.352,1,8,35217.6,1,8,986.588,1,8,31388.748,1,8,116.058,1,8,-9900,?,9,-9900,?,9,16.2,E,8,12.18,E,8,77.0,E,8,822.9788000000001,E,8,999.0,E,8,0.83,E,8,-9900,?,9,-9900,?,9,0.0,E,8,-9900,?,9,-9900,?,9,0.0,0.0,E,8
02/26/2022,11:00,1260.756,1394.1,366.85,1,8,12.475,1,8,355.569,1,8,44022.0,1,8,1185.147,1,8,39112.562,1,8,125.16,1,8,-9900,?,9,-9900,?,9,16.87,E,8,12.03,E,8,73.0,E,8,822.9788000000001,E,8,999.0,E,8,0.83,E,8,-9900,?,9,-9900,?,9,0.0,E,8,-9900,?,9,-9900,?,9,0.0,0.0,E,8
02/26/2022,12:00,1349.548,1394.1,413.45,1,8,25.188,1,8,389.067,1,8,49614.0,1,8,2392.871,1,8,42797.405,1,8,127.935,1,8,-9900,?,9,-9900,?,9,17.42,E,8,11.9,E,8,70.0,E,8,822.9788000000001,E,8,999.0,E,8,0.83,E,8,-9900,?,9,-9900,?,9,0.0,E,8,-9900,?,9,-9900,?,9,0.0,0.0,E,8
02/26/2022,13:00,1351.563,1394.1,429.85,1,8,27.163,1,8,403.517,1,8,51582.0,1,8,2580.457,1,8,44386.824,1,8,132.488,1,8,-9900,?,9,-9900,?,9,17.82,E,8,11.81,E,8,67.0,E,8,822.9788000000001,E,8,999.0,E,8,0.83,E,8,-9900,?,9,-9900,?,9,0.0,E,8,-9900,?,9,-9900,?,9,0.0,0.0,E,8
02/26/2022,14:00,1266.647,1394.1,414.88,1,8,29.798,1,8,387.808,1,8,49785.6,1,8,2830.819,1,8,42658.861,1,8,135.873,1,8,-9900,?,9,-9900,?,9,18.08,E,8,11.76,E,8,66.0,E,8,822.9788000000001,E,8,999.0,E,8,0.83,E,8,-9900,?,9,-9900,?,9,0.0,E,8,-9900,?,9,-9900,?,9,0.0,0.0,E,8
02/26/2022,15:00,1100.586,1394.1,369.6,1,8,18.584,1,8,354.931,1,8,44352.0,1,8,1765.515,1,8,39042.409,1,8,143.133,1,8,-9900,?,9,-9900,?,9,18.19,E,8,11.73,E,8,65.0,E,8,822.9788000000001,E,8,999.0,E,8,1.18,E,8,-9900,?,9,-9900,?,9,0.0,E,8,-9900,?,9,-9900,?,9,0.0,0.0,E,8
02/26/2022,16:00,864.724,1394.1,297.31,1,8,17.949,1,8,286.182,1,8,35677.2,1,8,1705.151,1,8,31480.015,1,8,146.931,1,8,-9900,?,9,-9900,?,9,18.11,E,8,11.75,E,8,66.0,E,8,822.9788000000001,E,8,999.0,E,8,1.07,E,8,-9900,?,9,-9900,?,9,0.0,E,8,-9900,?,9,-9900,?,9,0.0,0.0,E,8
02/26/2022,17:00,575.248,1394.1,203.58,1,8,43.026,1,8,185.852,1,8,24429.6,1,8,4087.43,1,8,20443.669,1,8,143.573,1,8,-9900,?,9,-9900,?,9,17.8,E,8,11.82,E,8,68.0,E,8,822.9788000000001,E,8,999.0,E,8,1.96,E,8,-9900,?,9,-9900,?,9,0.0,E,8,-9900,?,9,-9900,?,9,0.0,0.0,E,8
02/26/2022,18:00,252.562,1394.1,97.17,1,8,141.55,1,8,71.738,1,8,11660.4,1,8,13447.228,1,8,7891.134,1,8,127.092,1,8,-9900,?,9,-9900,?,9,17.3,E,8,11.93,E,8,70.0,E,8,822.9788000000001,E,8,999.0,E,8,1.65,E,8,-9900,?,9,-9900,?,9,0.0,E,8,-9900,?,9,-9900,?,9,0.0,0.0,E,8
02/26/2022,19:00,0.0,1394.1,5.35,1,8,0.0,1,8,0.0,1,8,642.0,1,8,0.0,1,8,0.0,1,8,-0.0,1,8,-9900,?,9,-9900,?,9,16.82,E,8,12.04,E,8,73.0,E,8,822.9788000000001,E,8,999.0,E,8,1.48,E,8,-9900,?,9,-9900,?,9,0.0,E,8,-9900,?,9,-9900,?,9,0.0,0.0,E,8
02/26/2022,20:00,0.0,1394.1,0.0,1,8,0.0,1,8,0.0,1,8,0.0,1,8,0.0,1,8,0.0,1,8,-0.0,1,8,-9900,?,9,-9900,?,9,16.34,E,8,12.14,E,8,76.0,E,8,822.9788000000001,E,8,999.0,E,8,2.26,E,8,-9900,?,9,-9900,?,9,0.0,E,8,-9900,?,9,-9900,?,9,0.0,0.0,E,8
02/26/2022,21:00,0.0,1394.1,0.0,1,8,0.0,1,8,0.0,1,8,0.0,1,8,0.0,1,8,0.0,1,8,-0.0,1,8,-9900,?,9,-9900,?,9,15.86,E,8,12.25,E,8,79.0,E,8,822.9788000000001,E,8,999.0,E,8,2.68,E,8,-9900,?,9,-9900,?,9,0.0,E,8,-9900,?,9,-9900,?,9,0.0,0.0,E,8
02/26/2022,22:00,0.0,1394.1,0.0,1,8,0.0,1,8,0.0,1,8,0.0,1,8,0.0,1,8,0.0,1,8,-0.0,1,8,-9900,?,9,-9900,?,9,15.39,E,8,12.35,E,8,82.0,E,8,822.9788000000001,E,8,999.0,E,8,3.51,E,8,-9900,?,9,-9900,?,9,0.0,E,8,-9900,?,9,-9900,?,9,0.0,0.0,E,8
02/26/2022,23:00,0.0,1394.1,0.0,1,8,0.0,1,8,0.0,1,8,0.0,1,8,0.0,1,8,0.0,1,8,-0.0,1,8,-9900,?,9,-9900,?,9,14.91,E,8,12.46,E,8,85.0,E,8,822.9788000000001,E,8,999.0,E,8,2.22,E,8,-9900,?,9,-9900,?,9,0.0,E,8,-9900,?,9,-9900,?,9,0.0,0.0,E,8
02/26/2022,24:00,0.0,1394.1,0.0,1,8,0.0,1,8,0.0,1,8,0.0,1,8,0.0,1,8,0.0,1,8,-0.0,1,8,-9900,?,9,-9900,?,9,14.43,E,8,7.52,E,8,63.0,E,8,822.9788000000001,E,8,999.0,E,8,0.27,E,8,-9900,?,9,-9900,?,9,0.0,E,8,-9900,?,9,-9900,?,9,0.0,0.0,E,8
02/27/2022,01:00,0.0,1394.1,0.0,1,8,0.0,1,8,0.0,1,8,0.0,1,8,0.0,1,8,0.0,1,8,-0.0,1,8,-9900,?,9,-9900,?,9,14.19,E,8,7.39,E,8,63.0,E,8,822.9788000000001,E,8,999.0,E,8,0.27,E,8,-9900,?,9,-9900,?,9,0.0,E,8,-9900,?,9,-9900,?,9,0.0,0.0,E,8
02/27/2022,02:00,0.0,1394.1,0.0,1,8,0.0,1,8,0.0,1,8,0.0,1,8,0.0,1,8,0.0,1,8,-0.0,1,8,-9900,?,9,-9900,?,9,13.95,E,8,7.26,E,8,64.0,E,8,822.9788000000001,E,8,999.0,E,8,0.27,E,8,-9900,?,9,-9900,?,9,0.0,E,8,-9900,?,9,-9900,?,9,0.0,0.0,E,8
02/27/2022,03:00,0.0,1394.1,0.0,1,8,0.0,1,8,0.0,1,8,0.0,1,8,0.0,1,8,0.0,1,8,-0.0,1,8,-9900,?,9,-9900,?,9,13.71,E,8,7.13,E,8,64.0,E,8,822.9788000000001,E,8,999.0,E,8,0.27,E,8,-9900,?,9,-9900,?,9,0.0,E,8,-9900,?,9,-9900,?,9,0.0,0.0,E,8
02/27/2022,04:00,0.0,1393.419,0.0,1,8,0.0,1,8,0.0,1,8,0.0,1,8,0.0,1,8,0.0,1,8,-0.0,1,8,-9900,?,9,-9900,?,9,13.47,E,8,7.0,E,8,64.0,E,8,822.9788000000001,E,8,999.0,E,8,0.27,E,8,-9900,?,9,-9900,?,9,0.0,E,8,-9900,?,9,-9900,?,9,0.0,0.0,E,8
02/27/2022,05:00,0.0,1393.419,0.0,1,8,0.0,1,8,0.0,1,8,0.0,1,8,0.0,1,8,0.0,1,8,-0.0,1,8,-9900,?,9,-9900,?,9,13.23,E,8,6.87,E,8,65.0,E,8,822.9788000000001,E,8,999.0,E,8,0.27,E,8,-9900,?,9,-9900,?,9,0.0,E,8,-9900,?,9,-9900,?,9,0.0,0.0,E,8
02/27/2022,06:00,0.0,1393.419,0.0,1,8,0.0,1,8,0.0,1,8,0.0,1,8,0.0,1,8,0.0,1,8,-0.0,1,8,-9900,?,9,-9900,?,9,13.05,E,8,6.77,E,8,65.0,E,8,822.9788000000001,E,8,999.0,E,8,0.27,E,8,-9900,?,9,-9900,?,9,0.0,E,8,-9900,?,9,-9900,?,9,0.0,0.0,E,8
02/27/2022,07:00,235.914,1393.419,5.63,1,8,0.0,1,8,5.63,1,8,675.6,1,8,0.0,1,8,619.3,1,8,10.686,1,8,-9900,?,9,-9900,?,9,12.89,E,8,6.68,E,8,65.0,E,8,822.9788000000001,E,8,999.0,E,8,0.32,E,8,-9900,?,9,-9900,?,9,0.0,E,8,-9900,?,9,-9900,?,9,0.0,0.0,E,8
02/27/2022,08:00,559.298,1393.419,155.68,1,8,25.939,1,8,145.284,1,8,18681.6,1,8,2464.174,1,8,15981.281,1,8,115.389,1,8,-9900,?,9,-9900,?,9,12.73,E,8,6.59,E,8,66.0,E,8,822.9788000000001,E,8,999.0,E,8,0.29,E,8,-9900,?,9,-9900,?,9,0.0,E,8,-9900,?,9,-9900,?,9,0.0,0.0,E,8
02/27/2022,09:00,850.563,1393.419,336.44,1,8,73.638,1,8,291.513,1,8,40372.8,1,8,6995.567,1,8,32066.41,1,8,152.089,1,8,-9900,?,9,-9900,?,9,16.07,E,8,8.37,E,8,60.0,E,8,822.9788000000001,E,8,999.0,E,8,0.71,E,8,-9900,?,9,-9900,?,9,0.0,E,8,-9900,?,9,-9900,?,9,0.0,0.0,E,8
02/27/2022,10:00,1089.074,1393.419,496.68,1,8,122.265,1,8,401.137,1,8,59601.6,1,8,11615.209,1,8,44125.102,1,8,163.399,1,8,-9900,?,9,-9900,?,9,17.2,E,8,8.94,E,8,58.0,E,8,822.9788000000001,E,8,999.0,E,8,0.8,E,8,-9900,?,9,-9900,?,9,0.0,E,8,-9900,?,9,-9900,?,9,0.0,0.0,E,8
02/27/2022,11:00,1258.426,1393.419,454.44,1,8,16.496,1,8,439.543,1,8,54532.8,1,8,1567.166,1,8,48349.693,1,8,154.929,1,8,-9900,?,9,-9900,?,9,17.62,E,8,9.14,E,8,57.0,E,8,822.9788000000001,E,8,999.0,E,8,1.12,E,8,-9900,?,9,-9900,?,9,0.0,E,8,-9900,?,9,-9900,?,9,0.0,0.0,E,8
02/27/2022,12:00,1347.019,1393.419,698.18,1,8,166.736,1,8,537.0,1,8,83781.6,1,8,15839.894,1,8,59069.976,1,8,176.824,1,8,-9900,?,9,-9900,?,9,18.54,E,8,9.58,E,8,55.0,E,8,822.9788000000001,E,8,999.0,E,8,2.08,E,8,-9900,?,9,-9900,?,9,0.0,E,8,-9900,?,9,-9900,?,9,0.0,0.0,E,8
02/27/2022,13:00,1348.783,1393.419,562.62,1,8,69.019,1,8,495.813,1,8,67514.4,1,8,6556.789,1,8,54539.477,1,8,163.048,1,8,-9900,?,9,-9900,?,9,18.84,E,8,9.72,E,8,55.0,E,8,822.9788000000001,E,8,999.0,E,8,2.48,E,8,-9900,?,9,-9900,?,9,0.0,E,8,-9900,?,9,-9900,?,9,0.0,0.0,E,8
02/27/2022,14:00,1263.58,1393.419,740.01,1,8,329.526,1,8,441.208,1,8,88801.2,1,8,31304.965,1,8,48532.915,1,8,154.882,1,8,-9900,?,9,-9900,?,9,19.4,E,8,9.98,E,8,54.0,E,8,822.9788000000001,E,8,999.0,E,8,3.26,E,8,-9900,?,9,-9900,?,9,0.0,E,8,-9900,?,9,-9900,?,9,0.0,0.0,E,8
02/27/2022,15:00,1097.217,1393.419,732.26,1,8,499.887,1,8,338.706,1,8,87871.2,1,8,47489.245,1,8,37257.666,1,8,136.943,1,8,-9900,?,9,-9900,?,9,19.81,E,8,10.17,E,8,53.0,E,8,822.9788000000001,E,8,999.0,E,8,3.37,E,8,-9900,?,9,-9900,?,9,0.0,E,8,-9900,?,9,-9900,?,9,0.0,0.0,E,8
02/27/2022,16:00,861.059,1393.419,502.35,1,8,342.367,1,8,290.886,1,8,60282.0,1,8,32524.866,1,8,31997.436,1,8,149.909,1,8,-9900,?,9,-9900,?,9,19.76,E,8,10.14,E,8,53.0,E,8,822.9788000000001,E,8,999.0,E,8,2.8,E,8,-9900,?,9,-9900,?,9,0.0,E,8,-9900,?,9,-9900,?,9,0.0,0.0,E,8
02/27/2022,17:00,571.317,1393.419,343.21,1,8,466.08,1,8,152.388,1,8,41185.2,1,8,44277.561,1,8,16762.679,1,8,118.477,1,8,-9900,?,9,-9900,?,9,19.35,E,8,9.96,E,8,54.0,E,8,822.9788000000001,E,8,999.0,E,8,3.1,E,8,-9900,?,9,-9900,?,9,0.0,E,8,-9900,?,9,-9900,?,9,0.0,0.0,E,8
02/27/2022,18:00,248.429,1393.419,101.86,1,8,133.839,1,8,78.201,1,8,12223.2,1,8,12714.664,1,8,8602.147,1,8,140.817,1,8,-9900,?,9,-9900,?,9,18.51,E,8,9.57,E,8,55.0,E,8,822.9788000000001,E,8,999.0,E,8,2.15,E,8,-9900,?,9,-9900,?,9,0.0,E,8,-9900,?,9,-9900,?,9,0.0,0.0,E,8
02/27/2022,19:00,0.0,1393.419,8.15,1,8,0.0,1,8,0.0,1,8,978.0,1,8,0.0,1,8,0.0,1,8,-0.0,1,8,-9900,?,9,-9900,?,9,17.86,E,8,9.26,E,8,57.0,E,8,822.9788000000001,E,8,999.0,E,8,1.59,E,8,-9900,?,9,-9900,?,9,0.0,E,8,-9900,?,9,-9900,?,9,0.0,0.0,E,8
02/27/2022,20:00,0.0,1393.419,0.0,1,8,0.0,1,8,0.0,1,8,0.0,1,8,0.0,1,8,0.0,1,8,-0.0,1,8,-9900,?,9,-9900,?,9,17.22,E,8,8.95,E,8,58.0,E,8,822.9788000000001,E,8,999.0,E,8,1.02,E,8,-9900,?,9,-9900,?,9,0.0,E,8,-9900,?,9,-9900,?,9,0.0,0.0,E,8
02/27/2022,21:00,0.0,1393.419,0.0,1,8,0.0,1,8,0.0,1,8,0.0,1,8,0.0,1,8,0.0,1,8,-0.0,1,8,-9900,?,9,-9900,?,9,16.57,E,8,8.63,E,8,59.0,E,8,822.9788000000001,E,8,999.0,E,8,1.22,E,8,-9900,?,9,-9900,?,9,0.0,E,8,-9900,?,9,-9900,?,9,0.0,0.0,E,8
02/27/2022,22:00,0.0,1393.419,0.0,1,8,0.0,1,8,0.0,1,8,0.0,1,8,0.0,1,8,0.0,1,8,-0.0,1,8,-9900,?,9,-9900,?,9,15.93,E,8,8.3,E,8,60.0,E,8,822.9788000000001,E,8,999.0,E,8,1.47,E,8,-9900,?,9,-9900,?,9,0.0,E,8,-9900,?,9,-9900,?,9,0.0,0.0,E,8
02/27/2022,23:00,0.0,1393.419,0.0,1,8,0.0,1,8,0.0,1,8,0.0,1,8,0.0,1,8,0.0,1,8,-0.0,1,8,-9900,?,9,-9900,?,9,15.28,E,8,7.97,E,8,61.0,E,8,822.9788000000001,E,8,999.0,E,8,0.93,E,8,-9900,?,9,-9900,?,9,0.0,E,8,-9900,?,9,-9900,?,9,0.0,0.0,E,8
02/27/2022,24:00,0.0,1393.419,0.0,1,8,0.0,1,8,0.0,1,8,0.0,1,8,0.0,1,8,0.0,1,8,-0.0,1,8,-9900,?,9,-9900,?,9,14.63,E,8,11.72,E,8,82.0,E,8,822.9788000000001,E,8,999.0,E,8,11.78,E,8,-9900,?,9,-9900,?,9,0.0,E,8,-9900,?,9,-9900,?,9,0.0,0.0,E,8
02/28/2022,01:00,0.0,1393.419,0.0,1,8,0.0,1,8,0.0,1,8,0.0,1,8,0.0,1,8,0.0,1,8,-0.0,1,8,-9900,?,9,-9900,?,9,14.31,E,8,11.76,E,8,89.0,E,8,822.9788000000001,E,8,999.0,E,8,16.73,E,8,-9900,?,9,-9900,?,9,0.003,E,8,-9900,?,9,-9900,?,9,0.03,99.0,E,8
02/28/2022,02:00,0.0,1393.419,0.0,1,8,0.0,1,8,0.0,1,8,0.0,1,8,0.0,1,8,0.0,1,8,-0.0,1,8,-9900,?,9,-9900,?,9,13.99,E,8,11.81,E,8,91.0,E,8,822.9788000000001,E,8,999.0,E,8,17.52,E,8,-9900,?,9,-9900,?,9,0.007000000000000001,E,8,-9900,?,9,-9900,?,9,0.07,99.0,E,8
02/28/2022,03:00,0.0,1393.419,0.0,1,8,0.0,1,8,0.0,1,8,0.0,1,8,0.0,1,8,0.0,1,8,-0.0,1,8,-9900,?,9,-9900,?,9,13.66,E,8,11.86,E,8,93.0,E,8,822.9788000000001,E,8,999.0,E,8,19.16,E,8,-9900,?,9,-9900,?,9,0.001,E,8,-9900,?,9,-9900,?,9,0.01,99.0,E,8
02/28/2022,04:00,0.0,1392.731,0.0,1,8,0.0,1,8,0.0,1,8,0.0,1,8,0.0,1,8,0.0,1,8,-0.0,1,8,-9900,?,9,-9900,?,9,13.34,E,8,11.9,E,8,91.0,E,8,822.9788000000001,E,8,999.0,E,8,16.09,E,8,-9900,?,9,-9900,?,9,0.0,E,8,-9900,?,9,-9900,?,9,0.0,0.0,E,8
02/28/2022,05:00,0.0,1392.731,0.0,1,8,0.0,1,8,0.0,1,8,0.0,1,8,0.0,1,8,0.0,1,8,-0.0,1,8,-9900,?,9,-9900,?,9,13.02,E,8,11.95,E,8,93.0,E,8,822.9788000000001,E,8,999.0,E,8,16.65,E,8,-9900,?,9,-9900,?,9,0.0,E,8,-9900,?,9,-9900,?,9,0.0,0.0,E,8
02/28/2022,06:00,0.0,1392.731,0.0,1,8,0.0,1,8,0.0,1,8,0.0,1,8,0.0,1,8,0.0,1,8,-0.0,1,8,-9900,?,9,-9900,?,9,12.77,E,8,11.99,E,8,94.0,E,8,822.9788000000001,E,8,999.0,E,8,12.29,E,8,-9900,?,9,-9900,?,9,0.0,E,8,-9900,?,9,-9900,?,9,0.0,0.0,E,8
02/28/2022,07:00,233.694,1392.731,7.5,1,8,0.0,1,8,7.5,1,8,900.0,1,8,0.0,1,8,825.0,1,8,14.365,1,8,-9900,?,9,-9900,?,9,12.56,E,8,12.02,E,8,96.0,E,8,822.9788000000001,E,8,999.0,E,8,10.27,E,8,-9900,?,9,-9900,?,9,0.0,E,8,-9900,?,9,-9900,?,9,0.0,0.0,E,8
02/28/2022,08:00,557.145,1392.731,196.99,1,8,45.096,1,8,178.977,1,8,23638.8,1,8,4284.154,1,8,19687.504,1,8,142.63,1,8,-9900,?,9,-9900,?,9,12.34,E,8,12.05,E,8,98.0,E,8,822.9788000000001,E,8,999.0,E,8,9.58,E,8,-9900,?,9,-9900,?,9,0.0,E,8,-9900,?,9,-9900,?,9,0.0,0.0,E,8
02/28/2022,09:00,848.41,1392.731,168.24,1,8,4.7,1,8,165.379,1,8,20188.8,1,8,446.47,1,8,18191.636,1,8,86.458,1,8,-9900,?,9,-9900,?,9,16.25,E,8,11.48,E,8,73.0,E,8,822.9788000000001,E,8,999.0,E,8,6.12,E,8,-9900,?,9,-9900,?,9,0.0,E,8,-9900,?,9,-9900,?,9,0.0,0.0,E,8
02/28/2022,10:00,1086.844,1392.731,173.35,1,8,2.408,1,8,171.471,1,8,20802.0,1,8,228.754,1,8,18861.84,1,8,69.956,1,8,-9900,?,9,-9900,?,9,16.19,E,8,11.49,E,8,73.0,E,8,822.9788000000001,E,8,999.0,E,8,5.81,E,8,-9900,?,9,-9900,?,9,0.0,E,8,-9900,?,9,-9900,?,9,0.0,0.0,E,8
02/28/2022,11:00,1256.045,1392.731,437.19,1,8,17.283,1,8,421.605,1,8,52462.8,1,8,1641.852,1,8,46376.502,1,8,148.815,1,8,-9900,?,9,-9900,?,9,17.57,E,8,11.28,E,8,66.0,E,8,822.9788000000001,E,8,999.0,E,8,2.84,E,8,-9900,?,9,-9900,?,9,0.0,E,8,-9900,?,9,-9900,?,9,0.0,0.0,E,8
02/28/2022,12:00,1344.422,1392.731,492.77,1,8,40.02,1,8,454.139,1,8,59132.4,1,8,3801.92,1,8,49955.265,1,8,149.754,1,8,-9900,?,9,-9900,?,9,18.63,E,8,11.13,E,8,61.0,E,8,822.9788000000001,E,8,999.0,E,8,2.12,E,8,-9900,?,9,-9900,?,9,0.0,E,8,-9900,?,9,-9900,?,9,0.0,0.0,E,8
02/28/2022,13:00,1345.921,1392.731,512.2,1,8,45.346,1,8,468.379,1,8,61464.0,1,8,4307.886,1,8,51521.671,1,8,154.278,1,8,-9900,?,9,-9900,?,9,19.41,E,8,11.01,E,8,58.0,E,8,822.9788000000001,E,8,999.0,E,8,2.17,E,8,-9900,?,9,-9900,?,9,0.0,E,8,-9900,?,9,-9900,?,9,0.0,0.0,E,8
02/28/2022,14:00,1260.423,1392.731,494.04,1,8,16.476,1,8,479.13,1,8,59284.8,1,8,1565.196,1,8,52704.344,1,8,168.532,1,8,-9900,?,9,-9900,?,9,19.91,E,8,10.93,E,8,56.0,E,8,822.9788000000001,E,8,999.0,E,8,2.12,E,8,-9900,?,9,-9900,?,9,0.0,E,8,-9900,?,9,-9900,?,9,0.0,0.0,E,8
02/28/2022,15:00,1093.754,1392.731,439.62,1,8,60.486,1,8,392.127,1,8,52754.4,1,8,5746.191,1,8,43133.969,1,8,158.966,1,8,-9900,?,9,-9900,?,9,20.15,E,8,10.9,E,8,55.0,E,8,822.9788000000001,E,8,999.0,E,8,2.12,E,8,-9900,?,9,-9900,?,9,0.0,E,8,-9900,?,9,-9900,?,9,0.0,0.0,E,8
02/28/2022,16:00,857.302,1392.731,352.9,1,8,95.06,1,8,294.413,1,8,42348.0,1,8,9030.708,1,8,32385.481,1,8,152.318,1,8,-9900,?,9,-9900,?,9,20.1,E,8,10.9,E,8,55.0,E,8,822.9788000000001,E,8,999.0,E,8,2.12,E,8,-9900,?,9,-9900,?,9,0.0,E,8,-9900,?,9,-9900,?,9,0.0,0.0,E,8
02/28/2022,17:00,567.298,1392.731,240.55,1,8,136.572,1,8,185.002,1,8,28866.0,1,8,12974.328,1,8,20350.21,1,8,144.783,1,8,-9900,?,9,-9900,?,9,19.65,E,8,10.97,E,8,57.0,E,8,822.9788000000001,E,8,999.0,E,8,2.12,E,8,-9900,?,9,-9900,?,9,0.0,E,8,-9900,?,9,-9900,?,9,0.0,0.0,E,8
02/28/2022,18:00,244.222,1392.731,142.352,1,8,391.256,1,8,74.347,1,8,17082.24,1,8,37169.335,1,8,8178.12,1,8,136.153,1,8,-9900,?,9,-9900,?,9,18.878,E,8,11.088,E,8,62.2,E,8,822.9788000000001,E,8,999.0,E,8,2.12,E,8,-9900,?,9,-9900,?,9,0.0378,E,8,-9900,?,9,-9900,?,9,0.378,99.0,E,8
02/28/2022,19:00,0.0,1392.731,71.772,1,8,0.0,1,8,0.0,1,8,8612.64,1,8,0.0,1,8,0.0,1,8,-0.0,1,8,-9900,?,9,-9900,?,9,18.238,E,8,11.184,E,8,65.0,E,8,822.9788000000001,E,8,999.0,E,8,2.12,E,8,-9900,?,9,-9900,?,9,0.0378,E,8,-9900,?,9,-9900,?,9,0.378,99.0,E,8
02/28/2022,20:00,0.0,1392.731,23.662,1,8,0.0,1,8,0.0,1,8,2839.44,1,8,0.0,1,8,0.0,1,8,-0.0,1,8,-9900,?,9,-9900,?,9,17.558,E,8,11.286,E,8,68.2,E,8,822.9788000000001,E,8,999.0,E,8,2.12,E,8,-9900,?,9,-9900,?,9,0.0378,E,8,-9900,?,9,-9900,?,9,0.378,99.0,E,8
02/28/2022,21:00,0.0,1392.731,1.022,1,8,0.0,1,8,0.0,1,8,122.64,1,8,0.0,1,8,0.0,1,8,-0.0,1,8,-9900,?,9,-9900,?,9,16.902,E,8,11.384,E,8,71.6,E,8,822.9788000000001,E,8,999.0,E,8,2.12,E,8,-9900,?,9,-9900,?,9,0.0378,E,8,-9900,?,9,-9900,?,9,0.378,99.0,E,8
02/28/2022,22:00,0.0,1392.731,0.0,1,8,0.0,1,8,0.0,1,8,0.0,1,8,0.0,1,8,0.0,1,8,-0.0,1,8,-9900,?,9,-9900,?,9,16.4,E,8,11.172,E,8,72.8,E,8,822.9788000000001,E,8,999.0,E,8,1.76,E,8,-9900,?,9,-9900,?,9,0.0378,E,8,-9900,?,9,-9900,?,9,0.378,99.0,E,8
02/28/2022,23:00,0.0,1392.731,0.0,1,8,0.0,1,8,0.0,1,8,0.0,1,8,0.0,1,8,0.0,1,8,-0.0,1,8,-9900,?,9,-9900,?,9,15.938,E,8,10.99,E,8,72.0,E,8,822.9788000000001,E,8,999.0,E,8,1.408,E,8,-9900,?,9,-9900,?,9,0.0,E,8,-9900,?,9,-9900,?,9,0.0,0.0,E,8
02/28/2018,24:00,0.0,1392.731,0.0,1,8,0.0,1,8,0.0,1,8,0.0,1,8,0.0,1,8,0.0,1,8,-0.0,1,8,-9900,?,9,-9900,?,9,15.52,E,8,10.836,E,8,73.2,E,8,822.9788000000001,E,8,999.0,E,8,1.046,E,8,-9900,?,9,-9900,?,9,0.0,E,8,-9900,?,9,-9900,?,9,0.0,0.0,E,8
03/01/2018,01:00,0.0,1392.731,0.0,1,8,0.0,1,8,0.0,1,8,0.0,1,8,0.0,1,8,0.0,1,8,-0.0,1,8,-9900,?,9,-9900,?,9,15.142,E,8,10.71,E,8,74.4,E,8,822.9788000000001,E,8,999.0,E,8,0.676,E,8,-9900,?,9,-9900,?,9,0.0,E,8,-9900,?,9,-9900,?,9,0.0,0.0,E,8
03/01/2018,02:00,0.0,1392.731,0.0,1,8,0.0,1,8,0.0,1,8,0.0,1,8,0.0,1,8,0.0,1,8,-0.0,1,8,-9900,?,9,-9900,?,9,14.806,E,8,10.612,E,8,75.6,E,8,822.9788000000001,E,8,999.0,E,8,0.298,E,8,-9900,?,9,-9900,?,9,0.0,E,8,-9900,?,9,-9900,?,9,0.0,0.0,E,8
03/01/2018,03:00,0.0,1392.731,0.0,1,8,0.0,1,8,0.0,1,8,0.0,1,8,0.0,1,8,0.0,1,8,-0.0,1,8,-9900,?,9,-9900,?,9,14.358,E,8,10.85,E,8,79.0,E,8,822.9788000000001,E,8,999.0,E,8,0.28,E,8,-9900,?,9,-9900,?,9,0.0,E,8,-9900,?,9,-9900,?,9,0.0,0.0,E,8
03/01/2018,04:00,0.0,1392.035,0.0,1,8,0.0,1,8,0.0,1,8,0.0,1,8,0.0,1,8,0.0,1,8,-0.0,1,8,-9900,?,9,-9900,?,9,13.932,E,8,11.072,E,8,82.4,E,8,822.9788000000001,E,8,999.0,E,8,0.27,E,8,-9900,?,9,-9900,?,9,0.0,E,8,-9900,?,9,-9900,?,9,0.0,0.0,E,8
03/01/2018,05:00,0.0,1392.035,3.814,1,8,0.0,1,8,0.0,1,8,457.68,1,8,0.0,1,8,0.0,1,8,-0.0,1,8,-9900,?,9,-9900,?,9,13.534,E,8,11.28,E,8,85.8,E,8,822.9788000000001,E,8,999.0,E,8,0.258,E,8,-9900,?,9,-9900,?,9,0.0,E,8,-9900,?,9,-9900,?,9,0.0,0.0,E,8
03/01/2018,06:00,0.0,1392.035,0.0,1,8,0.0,1,8,0.0,1,8,0.0,1,8,0.0,1,8,0.0,1,8,-0.0,1,8,-9900,?,9,-9900,?,9,13.12,E,8,11.49,E,8,89.0,E,8,822.9788000000001,E,8,999.0,E,8,0.31,E,8,-9900,?,9,-9900,?,9,0.0,E,8,-9900,?,9,-9900,?,9,0.0,0.0,E,8
03/01/2018,07:00,231.465,1392.035,19.07,1,8,0.0,1,8,19.07,1,8,2288.4,1,8,0.0,1,8,2097.7,1,8,36.866,1,8,-9900,?,9,-9900,?,9,12.82,E,8,11.65,E,8,92.0,E,8,822.9788000000001,E,8,999.0,E,8,0.25,E,8,-9900,?,9,-9900,?,9,0.0,E,8,-9900,?,9,-9900,?,9,0.0,0.0,E,8
03/01/2018,08:00,554.966,1392.035,121.62,1,8,0.0,1,8,121.62,1,8,14594.4,1,8,0.0,1,8,13378.2,1,8,97.254,1,8,-9900,?,9,-9900,?,9,12.53,E,8,11.79,E,8,95.0,E,8,822.9788000000001,E,8,999.0,E,8,0.3,E,8,-9900,?,9,-9900,?,9,0.0,E,8,-9900,?,9,-9900,?,9,0.0,0.0,E,8
03/01/2018,09:00,846.221,1392.035,270.24,1,8,12.1,1,8,262.888,1,8,32428.8,1,8,1149.514,1,8,28917.677,1,8,137.722,1,8,-9900,?,9,-9900,?,9,16.42,E,8,9.73,E,8,64.0,E,8,822.9788000000001,E,8,999.0,E,8,0.36,E,8,-9900,?,9,-9900,?,9,0.0,E,8,-9900,?,9,-9900,?,9,0.0,0.0,E,8
03/01/2018,10:00,1084.572,1392.035,430.58,1,8,25.299,1,8,410.873,1,8,51669.6,1,8,2403.359,1,8,45196.029,1,8,167.893,1,8,-9900,?,9,-9900,?,9,17.97,E,8,8.83,E,8,55.0,E,8,822.9788000000001,E,8,999.0,E,8,0.49,E,8,-9900,?,9,-9900,?,9,0.0,E,8,-9900,?,9,-9900,?,9,0.0,0.0,E,8
03/01/2018,11:00,1253.624,1392.035,490.11,1,8,16.379,1,8,475.361,1,8,58813.2,1,8,1556.009,1,8,52289.66,1,8,168.03,1,8,-9900,?,9,-9900,?,9,19.04,E,8,8.18,E,8,49.0,E,8,822.9788000000001,E,8,999.0,E,8,1.31,E,8,-9900,?,9,-9900,?,9,0.0,E,8,-9900,?,9,-9900,?,9,0.0,0.0,E,8
03/01/2018,12:00,1341.794,1392.035,552.46,1,8,3.56,1,8,549.029,1,8,66295.2,1,8,338.19,1,8,60393.153,1,8,181.309,1,8,-9900,?,9,-9900,?,9,19.93,E,8,7.62,E,8,44.0,E,8,822.9788000000001,E,8,999.0,E,8,2.04,E,8,-9900,?,9,-9900,?,9,0.0,E,8,-9900,?,9,-9900,?,9,0.0,0.0,E,8
03/01/2018,13:00,1343.043,1392.035,574.16,1,8,4.115,1,8,570.19,1,8,68899.2,1,8,390.925,1,8,62720.89,1,8,188.122,1,8,-9900,?,9,-9900,?,9,20.6,E,8,7.18,E,8,41.0,E,8,822.9788000000001,E,8,999.0,E,8,3.01,E,8,-9900,?,9,-9900,?,9,0.0,E,8,-9900,?,9,-9900,?,9,0.0,0.0,E,8
03/01/2018,14:00,1257.269,1392.035,553.65,1,8,76.59,1,8,484.479,1,8,66438.0,1,8,7276.078,1,8,53292.704,1,8,170.756,1,8,-9900,?,9,-9900,?,9,21.01,E,8,6.91,E,8,39.0,E,8,822.9788000000001,E,8,999.0,E,8,3.28,E,8,-9900,?,9,-9900,?,9,0.0,E,8,-9900,?,9,-9900,?,9,0.0,0.0,E,8
03/01/2018,15:00,1090.318,1392.035,492.38,1,8,96.585,1,8,416.743,1,8,59085.6,1,8,9175.55,1,8,45841.784,1,8,169.393,1,8,-9900,?,9,-9900,?,9,21.17,E,8,6.8,E,8,39.0,E,8,822.9788000000001,E,8,999.0,E,8,4.1,E,8,-9900,?,9,-9900,?,9,0.0,E,8,-9900,?,9,-9900,?,9,0.0,0.0,E,8
03/01/2018,16:00,853.597,1392.035,394.84,1,8,111.273,1,8,326.64,1,8,47380.8,1,8,10570.959,1,8,35930.434,1,8,169.64,1,8,-9900,?,9,-9900,?,9,21.02,E,8,6.9,E,8,39.0,E,8,822.9788000000001,E,8,999.0,E,8,3.35,E,8,-9900,?,9,-9900,?,9,0.0,E,8,-9900,?,9,-9900,?,9,0.0,0.0,E,8
03/01/2018,17:00,563.359,1392.035,268.54,1,8,199.317,1,8,187.996,1,8,32224.8,1,8,18935.075,1,8,20679.569,1,8,148.084,1,8,-9900,?,9,-9900,?,9,20.47,E,8,7.26,E,8,42.0,E,8,822.9788000000001,E,8,999.0,E,8,2.57,E,8,-9900,?,9,-9900,?,9,0.0,E,8,-9900,?,9,-9900,?,9,0.0,0.0,E,8
03/01/2018,18:00,240.12,1392.035,125.47,1,8,346.495,1,8,66.244,1,8,15056.4,1,8,32917.035,1,8,7286.825,1,8,123.361,1,8,-9900,?,9,-9900,?,9,19.59,E,8,7.83,E,8,46.0,E,8,822.9788000000001,E,8,999.0,E,8,1.49,E,8,-9900,?,9,-9900,?,9,0.0,E,8,-9900,?,9,-9900,?,9,0.0,0.0,E,8
03/01/2018,19:00,0.0,1392.035,5.09,1,8,0.0,1,8,0.0,1,8,610.8,1,8,0.0,1,8,0.0,1,8,-0.0,1,8,-9900,?,9,-9900,?,9,18.93,E,8,8.25,E,8,49.0,E,8,822.9788000000001,E,8,999.0,E,8,0.97,E,8,-9900,?,9,-9900,?,9,0.0,E,8,-9900,?,9,-9900,?,9,0.0,0.0,E,8
03/01/2018,20:00,0.0,1392.035,0.0,1,8,0.0,1,8,0.0,1,8,0.0,1,8,0.0,1,8,0.0,1,8,-0.0,1,8,-9900,?,9,-9900,?,9,18.26,E,8,8.66,E,8,53.0,E,8,822.9788000000001,E,8,999.0,E,8,0.52,E,8,-9900,?,9,-9900,?,9,0.0,E,8,-9900,?,9,-9900,?,9,0.0,0.0,E,8
03/01/2018,21:00,0.0,1392.035,0.0,1,8,0.0,1,8,0.0,1,8,0.0,1,8,0.0,1,8,0.0,1,8,-0.0,1,8,-9900,?,9,-9900,?,9,17.6,E,8,9.05,E,8,57.0,E,8,822.9788000000001,E,8,999.0,E,8,0.49,E,8,-9900,?,9,-9900,?,9,0.0,E,8,-9900,?,9,-9900,?,9,0.0,0.0,E,8
03/01/2018,22:00,0.0,1392.035,0.0,1,8,0.0,1,8,0.0,1,8,0.0,1,8,0.0,1,8,0.0,1,8,-0.0,1,8,-9900,?,9,-9900,?,9,16.93,E,8,9.44,E,8,61.0,E,8,822.9788000000001,E,8,999.0,E,8,0.31,E,8,-9900,?,9,-9900,?,9,0.0,E,8,-9900,?,9,-9900,?,9,0.0,0.0,E,8
03/01/2018,23:00,0.0,1392.035,0.0,1,8,0.0,1,8,0.0,1,8,0.0,1,8,0.0,1,8,0.0,1,8,-0.0,1,8,-9900,?,9,-9900,?,9,16.27,E,8,9.81,E,8,65.0,E,8,822.9788000000001,E,8,999.0,E,8,0.27,E,8,-9900,?,9,-9900,?,9,0.0,E,8,-9900,?,9,-9900,?,9,0.0,0.0,E,8
03/01/2018,24:00,0.0,1392.035,0.0,1,8,0.0,1,8,0.0,1,8,0.0,1,8,0.0,1,8,0.0,1,8,-0.0,1,8,-9900,?,9,-9900,?,9,15.6,E,8,12.39,E,8,81.0,E,8,822.9788000000001,E,8,999.0,E,8,0.39,E,8,-9900,?,9,-9900,?,9,0.0,E,8,-9900,?,9,-9900,?,9,0.0,0.0,E,8
03/02/2018,01:00,0.0,1392.035,0.0,1,8,0.0,1,8,0.0,1,8,0.0,1,8,0.0,1,8,0.0,1,8,-0.0,1,8,-9900,?,9,-9900,?,9,15.27,E,8,12.35,E,8,82.0,E,8,822.9788000000001,E,8,999.0,E,8,0.39,E,8,-9900,?,9,-9900,?,9,0.0,E,8,-9900,?,9,-9900,?,9,0.0,0.0,E,8
03/02/2018,02:00,0.0,1392.035,0.0,1,8,0.0,1,8,0.0,1,8,0.0,1,8,0.0,1,8,0.0,1,8,-0.0,1,8,-9900,?,9,-9900,?,9,14.94,E,8,12.31,E,8,84.0,E,8,822.9788000000001,E,8,999.0,E,8,0.39,E,8,-9900,?,9,-9900,?,9,0.0,E,8,-9900,?,9,-9900,?,9,0.0,0.0,E,8
03/02/2018,03:00,0.0,1392.035,0.0,1,8,0.0,1,8,0.0,1,8,0.0,1,8,0.0,1,8,0.0,1,8,-0.0,1,8,-9900,?,9,-9900,?,9,14.6,E,8,12.26,E,8,85.0,E,8,822.9788000000001,E,8,999.0,E,8,0.39,E,8,-9900,?,9,-9900,?,9,0.0,E,8,-9900,?,9,-9900,?,9,0.0,0.0,E,8
03/02/2018,04:00,0.0,1391.331,0.0,1,8,0.0,1,8,0.0,1,8,0.0,1,8,0.0,1,8,0.0,1,8,-0.0,1,8,-9900,?,9,-9900,?,9,14.27,E,8,12.22,E,8,87.0,E,8,822.9788000000001,E,8,999.0,E,8,0.39,E,8,-9900,?,9,-9900,?,9,0.0,E,8,-9900,?,9,-9900,?,9,0.0,0.0,E,8
03/02/2018,05:00,0.0,1391.331,0.0,1,8,0.0,1,8,0.0,1,8,0.0,1,8,0.0,1,8,0.0,1,8,-0.0,1,8,-9900,?,9,-9900,?,9,13.94,E,8,12.18,E,8,89.0,E,8,822.9788000000001,E,8,999.0,E,8,0.39,E,8,-9900,?,9,-9900,?,9,0.0,E,8,-9900,?,9,-9900,?,9,0.0,0.0,E,8
03/02/2018,06:00,0.0,1391.331,0.0,1,8,0.0,1,8,0.0,1,8,0.0,1,8,0.0,1,8,0.0,1,8,-0.0,1,8,-9900,?,9,-9900,?,9,13.68,E,8,12.15,E,8,90.0,E,8,822.9788000000001,E,8,999.0,E,8,0.39,E,8,-9900,?,9,-9900,?,9,0.0,E,8,-9900,?,9,-9900,?,9,0.0,0.0,E,8
03/02/2018,07:00,229.315,1391.331,3.36,1,8,0.0,1,8,3.36,1,8,403.2,1,8,0.0,1,8,369.6,1,8,6.554,1,8,-9900,?,9,-9900,?,9,13.46,E,8,12.12,E,8,91.0,E,8,822.9788000000001,E,8,999.0,E,8,0.39,E,8,-9900,?,9,-9900,?,9,0.0,E,8,-9900,?,9,-9900,?,9,0.0,0.0,E,8
03/02/2018,08:00,552.846,1391.331,113.36,1,8,0.0,1,8,113.36,1,8,13603.2,1,8,0.0,1,8,12469.6,1,8,90.952,1,8,-9900,?,9,-9900,?,9,13.24,E,8,12.1,E,8,92.0,E,8,822.9788000000001,E,8,999.0,E,8,0.39,E,8,-9900,?,9,-9900,?,9,0.0,E,8,-9900,?,9,-9900,?,9,0.0,0.0,E,8
03/02/2018,09:00,844.059,1391.331,247.69,1,8,27.309,1,8,231.131,1,8,29722.8,1,8,2594.36,1,8,25424.426,1,8,121.335,1,8,-9900,?,9,-9900,?,9,16.2,E,8,12.46,E,8,78.0,E,8,822.9788000000001,E,8,999.0,E,8,0.49,E,8,-9900,?,9,-9900,?,9,0.0,E,8,-9900,?,9,-9900,?,9,0.0,0.0,E,8
03/02/2018,10:00,1082.29,1391.331,366.73,1,8,19.257,1,8,351.753,1,8,44007.6,1,8,1829.396,1,8,38692.871,1,8,143.966,1,8,-9900,?,9,-9900,?,9,17.21,E,8,12.58,E,8,74.0,E,8,822.9788000000001,E,8,999.0,E,8,0.96,E,8,-9900,?,9,-9900,?,9,0.0,E,8,-9900,?,9,-9900,?,9,0.0,0.0,E,8
03/02/2018,11:00,1251.148,1391.331,459.03,1,8,22.946,1,8,438.397,1,8,55083.6,1,8,2179.875,1,8,48223.703,1,8,155.192,1,8,-9900,?,9,-9900,?,9,18.1,E,8,12.69,E,8,70.0,E,8,822.9788000000001,E,8,999.0,E,8,1.78,E,8,-9900,?,9,-9900,?,9,0.0,E,8,-9900,?,9,-9900,?,9,0.0,0.0,E,8
03/02/2018,12:00,1339.066,1391.331,517.45,1,8,47.955,1,8,471.298,1,8,62094.0,1,8,4555.702,1,8,51842.75,1,8,155.878,1,8,-9900,?,9,-9900,?,9,18.82,E,8,12.78,E,8,67.0,E,8,822.9788000000001,E,8,999.0,E,8,1.72,E,8,-9900,?,9,-9900,?,9,0.0,E,8,-9900,?,9,-9900,?,9,0.0,0.0,E,8
03/02/2018,13:00,1340.02,1391.331,537.69,1,8,54.954,1,8,484.763,1,8,64522.8,1,8,5220.674,1,8,53323.977,1,8,160.217,1,8,-9900,?,9,-9900,?,9,19.36,E,8,12.84,E,8,65.0,E,8,822.9788000000001,E,8,999.0,E,8,2.31,E,8,-9900,?,9,-9900,?,9,0.0,E,8,-9900,?,9,-9900,?,9,0.0,0.0,E,8
03/02/2018,14:00,1253.929,1391.331,518.3,1,8,89.843,1,8,437.335,1,8,62196.0,1,8,8535.108,1,8,48106.826,1,8,154.472,1,8,-9900,?,9,-9900,?,9,19.7,E,8,12.88,E,8,64.0,E,8,822.9788000000001,E,8,999.0,E,8,2.16,E,8,-9900,?,9,-9900,?,9,0.0,E,8,-9900,?,9,-9900,?,9,0.0,0.0,E,8
03/02/2018,15:00,1086.662,1391.331,460.66,1,8,112.877,1,8,372.517,1,8,55279.2,1,8,10723.347,1,8,40976.84,1,8,151.85,1,8,-9900,?,9,-9900,?,9,19.83,E,8,12.9,E,8,64.0,E,8,822.9788000000001,E,8,999.0,E,8,1.61,E,8,-9900,?,9,-9900,?,9,0.0,E,8,-9900,?,9,-9900,?,9,0.0,0.0,E,8
03/02/2018,16:00,849.647,1391.331,368.99,1,8,92.893,1,8,312.291,1,8,44278.8,1,8,8824.83,1,8,34351.99,1,8,162.86,1,8,-9900,?,9,-9900,?,9,19.73,E,8,12.88,E,8,64.0,E,8,822.9788000000001,E,8,999.0,E,8,1.1,E,8,-9900,?,9,-9900,?,9,0.0,E,8,-9900,?,9,-9900,?,9,0.0,0.0,E,8
03/02/2018,17:00,559.161,1391.331,250.35,1,8,163.935,1,8,184.566,1,8,30042.0,1,8,15573.843,1,8,20302.236,1,8,146.404,1,8,-9900,?,9,-9900,?,9,19.32,E,8,12.84,E,8,66.0,E,8,822.9788000000001,E,8,999.0,E,8,1.25,E,8,-9900,?,9,-9900,?,9,0.0,E,8,-9900,?,9,-9900,?,9,0.0,0.0,E,8
03/02/2018,18:00,235.758,1391.331,116.06,1,8,373.722,1,8,53.329,1,8,13927.2,1,8,35503.619,1,8,5866.194,1,8,101.13,1,8,-9900,?,9,-9900,?,9,18.64,E,8,12.75,E,8,68.0,E,8,822.9788000000001,E,8,999.0,E,8,0.74,E,8,-9900,?,9,-9900,?,9,0.0,E,8,-9900,?,9,-9900,?,9,0.0,0.0,E,8
03/02/2018,19:00,0.0,1391.331,4.17,1,8,0.0,1,8,0.0,1,8,500.4,1,8,0.0,1,8,0.0,1,8,-0.0,1,8,-9900,?,9,-9900,?,9,17.95,E,8,12.67,E,8,71.0,E,8,822.9788000000001,E,8,999.0,E,8,0.39,E,8,-9900,?,9,-9900,?,9,0.0,E,8,-9900,?,9,-9900,?,9,0.0,0.0,E,8
03/02/2018,20:00,0.0,1391.331,0.0,1,8,0.0,1,8,0.0,1,8,0.0,1,8,0.0,1,8,0.0,1,8,-0.0,1,8,-9900,?,9,-9900,?,9,17.25,E,8,12.59,E,8,74.0,E,8,822.9788000000001,E,8,999.0,E,8,0.39,E,8,-9900,?,9,-9900,?,9,0.0,E,8,-9900,?,9,-9900,?,9,0.0,0.0,E,8
03/02/2018,21:00,0.0,1391.331,0.0,1,8,0.0,1,8,0.0,1,8,0.0,1,8,0.0,1,8,0.0,1,8,-0.0,1,8,-9900,?,9,-9900,?,9,16.56,E,8,12.5,E,8,76.0,E,8,822.9788000000001,E,8,999.0,E,8,0.39,E,8,-9900,?,9,-9900,?,9,0.0,E,8,-9900,?,9,-9900,?,9,0.0,0.0,E,8
03/02/2018,22:00,0.0,1391.331,0.0,1,8,0.0,1,8,0.0,1,8,0.0,1,8,0.0,1,8,0.0,1,8,-0.0,1,8,-9900,?,9,-9900,?,9,15.86,E,8,12.42,E,8,79.0,E,8,822.9788000000001,E,8,999.0,E,8,0.39,E,8,-9900,?,9,-9900,?,9,0.0,E,8,-9900,?,9,-9900,?,9,0.0,0.0,E,8
03/02/2018,23:00,0.0,1391.331,0.0,1,8,0.0,1,8,0.0,1,8,0.0,1,8,0.0,1,8,0.0,1,8,-0.0,1,8,-9900,?,9,-9900,?,9,15.17,E,8,12.33,E,8,83.0,E,8,822.9788000000001,E,8,999.0,E,8,0.39,E,8,-9900,?,9,-9900,?,9,0.0,E,8,-9900,?,9,-9900,?,9,0.0,0.0,E,8
03/02/2018,24:00,0.0,1391.331,0.0,1,8,0.0,1,8,0.0,1,8,0.0,1,8,0.0,1,8,0.0,1,8,-0.0,1,8,-9900,?,9,-9900,?,9,14.47,E,8,8.6,E,8,67.0,E,8,822.9788000000001,E,8,999.0,E,8,0.55,E,8,-9900,?,9,-9900,?,9,0.0,E,8,-9900,?,9,-9900,?,9,0.0,0.0,E,8
03/03/2018,01:00,0.0,1391.331,0.0,1,8,0.0,1,8,0.0,1,8,0.0,1,8,0.0,1,8,0.0,1,8,-0.0,1,8,-9900,?,9,-9900,?,9,14.13,E,8,9.03,E,8,71.0,E,8,822.9788000000001,E,8,999.0,E,8,0.55,E,8,-9900,?,9,-9900,?,9,0.0,E,8,-9900,?,9,-9900,?,9,0.0,0.0,E,8
03/03/2018,02:00,0.0,1391.331,0.0,1,8,0.0,1,8,0.0,1,8,0.0,1,8,0.0,1,8,0.0,1,8,-0.0,1,8,-9900,?,9,-9900,?,9,13.78,E,8,9.47,E,8,75.0,E,8,822.9788000000001,E,8,999.0,E,8,0.55,E,8,-9900,?,9,-9900,?,9,0.0,E,8,-9900,?,9,-9900,?,9,0.0,0.0,E,8
03/03/2018,03:00,0.0,1391.331,0.0,1,8,0.0,1,8,0.0,1,8,0.0,1,8,0.0,1,8,0.0,1,8,-0.0,1,8,-9900,?,9,-9900,?,9,13.43,E,8,9.89,E,8,79.0,E,8,822.9788000000001,E,8,999.0,E,8,0.55,E,8,-9900,?,9,-9900,?,9,0.0,E,8,-9900,?,9,-9900,?,9,0.0,0.0,E,8
03/03/2018,04:00,0.0,1390.62,0.0,1,8,0.0,1,8,0.0,1,8,0.0,1,8,0.0,1,8,0.0,1,8,-0.0,1,8,-9900,?,9,-9900,?,9,13.09,E,8,10.29,E,8,83.0,E,8,822.9788000000001,E,8,999.0,E,8,0.55,E,8,-9900,?,9,-9900,?,9,0.0,E,8,-9900,?,9,-9900,?,9,0.0,0.0,E,8
03/03/2018,05:00,0.0,1390.62,0.0,1,8,0.0,1,8,0.0,1,8,0.0,1,8,0.0,1,8,0.0,1,8,-0.0,1,8,-9900,?,9,-9900,?,9,12.74,E,8,10.69,E,8,87.0,E,8,822.9788000000001,E,8,999.0,E,8,0.55,E,8,-9900,?,9,-9900,?,9,0.0,E,8,-9900,?,9,-9900,?,9,0.0,0.0,E,8
03/03/2018,06:00,0.0,1390.62,0.0,1,8,0.0,1,8,0.0,1,8,0.0,1,8,0.0,1,8,0.0,1,8,-0.0,1,8,-9900,?,9,-9900,?,9,12.47,E,8,10.99,E,8,90.0,E,8,822.9788000000001,E,8,999.0,E,8,0.55,E,8,-9900,?,9,-9900,?,9,0.0,E,8,-9900,?,9,-9900,?,9,0.0,0.0,E,8
03/03/2018,07:00,227.189,1390.62,6.39,1,8,0.0,1,8,6.39,1,8,766.8,1,8,0.0,1,8,702.9,1,8,12.577,1,8,-9900,?,9,-9900,?,9,12.24,E,8,11.25,E,8,93.0,E,8,822.9788000000001,E,8,999.0,E,8,0.55,E,8,-9900,?,9,-9900,?,9,0.0,E,8,-9900,?,9,-9900,?,9,0.0,0.0,E,8
03/03/2018,08:00,550.731,1390.62,223.07,1,8,106.604,1,8,180.917,1,8,26768.4,1,8,10127.363,1,8,19900.92,1,8,145.64,1,8,-9900,?,9,-9900,?,9,12.01,E,8,11.5,E,8,96.0,E,8,822.9788000000001,E,8,999.0,E,8,0.55,E,8,-9900,?,9,-9900,?,9,0.0,E,8,-9900,?,9,-9900,?,9,0.0,0.0,E,8
03/03/2018,09:00,841.884,1390.62,485.38,1,8,316.563,1,8,293.83,1,8,58245.6,1,8,30073.471,1,8,32321.248,1,8,154.569,1,8,-9900,?,9,-9900,?,9,16.54,E,8,5.68,E,8,48.0,E,8,822.9788000000001,E,8,999.0,E,8,0.55,E,8,-9900,?,9,-9900,?,9,0.0,E,8,-9900,?,9,-9900,?,9,0.0,0.0,E,8
03/03/2018,10:00,1079.973,1390.62,712.79,1,8,447.159,1,8,365.587,1,8,85534.8,1,8,42480.146,1,8,40214.617,1,8,149.872,1,8,-9900,?,9,-9900,?,9,18.06,E,8,3.14,E,8,36.0,E,8,822.9788000000001,E,8,999.0,E,8,0.55,E,8,-9900,?,9,-9900,?,9,0.0,E,8,-9900,?,9,-9900,?,9,0.0,0.0,E,8
03/03/2018,11:00,1248.62,1390.62,894.09,1,8,462.118,1,8,479.189,1,8,107290.8,1,8,43901.239,1,8,52710.826,1,8,169.889,1,8,-9900,?,9,-9900,?,9,19.41,E,8,0.47,E,8,28.0,E,8,822.9788000000001,E,8,999.0,E,8,0.88,E,8,-9900,?,9,-9900,?,9,0.0,E,8,-9900,?,9,-9900,?,9,0.0,0.0,E,8
03/03/2018,12:00,1336.269,1390.62,1010.53,1,8,608.993,1,8,425.353,1,8,121263.6,1,8,57854.35,1,8,46788.854,1,8,140.905,1,8,-9900,?,9,-9900,?,9,20.51,E,8,-1.87,E,8,21.0,E,8,822.9788000000001,E,8,999.0,E,8,1.27,E,8,-9900,?,9,-9900,?,9,0.0,E,8,-9900,?,9,-9900,?,9,0.0,0.0,E,8
03/03/2018,13:00,1336.916,1390.62,1044.23,1,8,725.106,1,8,347.144,1,8,125307.6,1,8,68885.086,1,8,38185.8,1,8,114.941,1,8,-9900,?,9,-9900,?,9,21.32,E,8,-3.85,E,8,17.0,E,8,822.9788000000001,E,8,999.0,E,8,1.91,E,8,-9900,?,9,-9900,?,9,0.0,E,8,-9900,?,9,-9900,?,9,0.0,0.0,E,8
03/03/2018,14:00,1250.501,1390.62,1007.59,1,8,804.815,1,8,283.918,1,8,120910.8,1,8,76457.459,1,8,31231.029,1,8,100.508,1,8,-9900,?,9,-9900,?,9,21.83,E,8,-5.27,E,8,14.0,E,8,822.9788000000001,E,8,999.0,E,8,1.78,E,8,-9900,?,9,-9900,?,9,0.0,E,8,-9900,?,9,-9900,?,9,0.0,0.0,E,8
03/03/2018,15:00,1082.915,1390.62,893.98,1,8,930.939,1,8,169.17,1,8,107277.6,1,8,88439.183,1,8,18608.724,1,8,69.163,1,8,-9900,?,9,-9900,?,9,22.03,E,8,-5.87,E,8,14.0,E,8,822.9788000000001,E,8,999.0,E,8,1.7,E,8,-9900,?,9,-9900,?,9,0.0,E,8,-9900,?,9,-9900,?,9,0.0,0.0,E,8
03/03/2018,16:00,845.61,1390.62,716.09,1,8,817.815,1,8,219.041,1,8,85930.8,1,8,77692.462,1,8,24094.483,1,8,114.718,1,8,-9900,?,9,-9900,?,9,21.86,E,8,-5.36,E,8,14.0,E,8,822.9788000000001,E,8,999.0,E,8,0.87,E,8,-9900,?,9,-9900,?,9,0.0,E,8,-9900,?,9,-9900,?,9,0.0,0.0,E,8
03/03/2018,17:00,554.883,1390.62,485.23,1,8,807.782,1,8,163.406,1,8,58227.6,1,8,76739.247,1,8,17974.652,1,8,130.555,1,8,-9900,?,9,-9900,?,9,21.23,E,8,-3.61,E,8,17.0,E,8,822.9788000000001,E,8,999.0,E,8,1.33,E,8,-9900,?,9,-9900,?,9,0.0,E,8,-9900,?,9,-9900,?,9,0.0,0.0,E,8
03/03/2018,18:00,231.331,1390.62,223.97,1,8,549.325,1,8,133.48,1,8,26876.4,1,8,52185.841,1,8,14682.845,1,8,257.928,1,8,-9900,?,9,-9900,?,9,20.2,E,8,-1.18,E,8,23.0,E,8,822.9788000000001,E,8,999.0,E,8,0.82,E,8,-9900,?,9,-9900,?,9,0.0,E,8,-9900,?,9,-9900,?,9,0.0,0.0,E,8
03/03/2018,19:00,0.0,1390.62,7.25,1,8,0.0,1,8,0.0,1,8,870.0,1,8,0.0,1,8,0.0,1,8,-0.0,1,8,-9900,?,9,-9900,?,9,19.29,E,8,0.72,E,8,28.0,E,8,822.9788000000001,E,8,999.0,E,8,0.74,E,8,-9900,?,9,-9900,?,9,0.0,E,8,-9900,?,9,-9900,?,9,0.0,0.0,E,8
03/03/2018,20:00,0.0,1390.62,0.0,1,8,0.0,1,8,0.0,1,8,0.0,1,8,0.0,1,8,0.0,1,8,-0.0,1,8,-9900,?,9,-9900,?,9,18.39,E,8,2.53,E,8,34.0,E,8,822.9788000000001,E,8,999.0,E,8,0.55,E,8,-9900,?,9,-9900,?,9,0.0,E,8,-9900,?,9,-9900,?,9,0.0,0.0,E,8
03/03/2018,21:00,0.0,1390.62,0.0,1,8,0.0,1,8,0.0,1,8,0.0,1,8,0.0,1,8,0.0,1,8,-0.0,1,8,-9900,?,9,-9900,?,9,17.48,E,8,4.16,E,8,41.0,E,8,822.9788000000001,E,8,999.0,E,8,0.55,E,8,-9900,?,9,-9900,?,9,0.0,E,8,-9900,?,9,-9900,?,9,0.0,0.0,E,8
03/03/2018,22:00,0.0,1390.62,0.0,1,8,0.0,1,8,0.0,1,8,0.0,1,8,0.0,1,8,0.0,1,8,-0.0,1,8,-9900,?,9,-9900,?,9,16.58,E,8,5.62,E,8,48.0,E,8,822.9788000000001,E,8,999.0,E,8,0.55,E,8,-9900,?,9,-9900,?,9,0.0,E,8,-9900,?,9,-9900,?,9,0.0,0.0,E,8
03/03/2018,23:00,0.0,1390.62,0.0,1,8,0.0,1,8,0.0,1,8,0.0,1,8,0.0,1,8,0.0,1,8,-0.0,1,8,-9900,?,9,-9900,?,9,15.67,E,8,6.97,E,8,56.0,E,8,822.9788000000001,E,8,999.0,E,8,0.55,E,8,-9900,?,9,-9900,?,9,0.0,E,8,-9900,?,9,-9900,?,9,0.0,0.0,E,8
03/03/2018,24:00,0.0,1390.62,0.0,1,8,0.0,1,8,0.0,1,8,0.0,1,8,0.0,1,8,0.0,1,8,-0.0,1,8,-9900,?,9,-9900,?,9,14.77,E,8,10.72,E,8,76.0,E,8,822.9788000000001,E,8,999.0,E,8,0.24,E,8,-9900,?,9,-9900,?,9,0.0,E,8,-9900,?,9,-9900,?,9,0.0,0.0,E,8
03/04/2018,01:00,0.0,1390.62,0.0,1,8,0.0,1,8,0.0,1,8,0.0,1,8,0.0,1,8,0.0,1,8,-0.0,1,8,-9900,?,9,-9900,?,9,14.31,E,8,10.84,E,8,79.0,E,8,822.9788000000001,E,8,999.0,E,8,0.36,E,8,-9900,?,9,-9900,?,9,0.0,E,8,-9900,?,9,-9900,?,9,0.0,0.0,E,8
03/04/2018,02:00,0.0,1390.62,0.0,1,8,0.0,1,8,0.0,1,8,0.0,1,8,0.0,1,8,0.0,1,8,-0.0,1,8,-9900,?,9,-9900,?,9,13.86,E,8,10.95,E,8,82.0,E,8,822.9788000000001,E,8,999.0,E,8,0.56,E,8,-9900,?,9,-9900,?,9,0.0,E,8,-9900,?,9,-9900,?,9,0.0,0.0,E,8
03/04/2018,03:00,0.0,1390.62,0.0,1,8,0.0,1,8,0.0,1,8,0.0,1,8,0.0,1,8,0.0,1,8,-0.0,1,8,-9900,?,9,-9900,?,9,13.41,E,8,11.07,E,8,85.0,E,8,822.9788000000001,E,8,999.0,E,8,0.55,E,8,-9900,?,9,-9900,?,9,0.0,E,8,-9900,?,9,-9900,?,9,0.0,0.0,E,8
03/04/2018,04:00,0.0,1389.903,0.0,1,8,0.0,1,8,0.0,1,8,0.0,1,8,0.0,1,8,0.0,1,8,-0.0,1,8,-9900,?,9,-9900,?,9,12.95,E,8,11.19,E,8,89.0,E,8,822.9788000000001,E,8,999.0,E,8,0.61,E,8,-9900,?,9,-9900,?,9,0.0,E,8,-9900,?,9,-9900,?,9,0.0,0.0,E,8
03/04/2018,05:00,0.0,1389.903,0.0,1,8,0.0,1,8,0.0,1,8,0.0,1,8,0.0,1,8,0.0,1,8,-0.0,1,8,-9900,?,9,-9900,?,9,12.5,E,8,11.31,E,8,92.0,E,8,822.9788000000001,E,8,999.0,E,8,0.72,E,8,-9900,?,9,-9900,?,9,0.0,E,8,-9900,?,9,-9900,?,9,0.0,0.0,E,8
03/04/2018,06:00,0.0,1389.903,0.0,1,8,0.0,1,8,0.0,1,8,0.0,1,8,0.0,1,8,0.0,1,8,-0.0,1,8,-9900,?,9,-9900,?,9,12.15,E,8,11.4,E,8,95.0,E,8,822.9788000000001,E,8,999.0,E,8,0.92,E,8,-9900,?,9,-9900,?,9,0.0,E,8,-9900,?,9,-9900,?,9,0.0,0.0,E,8
03/04/2018,07:00,225.086,1389.903,2.23,1,8,0.0,1,8,2.23,1,8,267.6,1,8,0.0,1,8,245.3,1,8,4.429,1,8,-9900,?,9,-9900,?,9,11.85,E,8,11.47,E,8,97.0,E,8,822.9788000000001,E,8,999.0,E,8,0.57,E,8,-9900,?,9,-9900,?,9,0.0,E,8,-9900,?,9,-9900,?,9,0.0,0.0,E,8
03/04/2018,08:00,548.62,1389.903,86.34,1,8,0.0,1,8,86.34,1,8,10360.8,1,8,0.0,1,8,9497.4,1,8,69.736,1,8,-9900,?,9,-9900,?,9,11.55,E,8,11.55,E,8,99.0,E,8,822.9788000000001,E,8,999.0,E,8,0.89,E,8,-9900,?,9,-9900,?,9,0.0,E,8,-9900,?,9,-9900,?,9,0.0,0.0,E,8
03/04/2018,09:00,839.692,1389.903,111.85,1,8,0.0,1,8,111.85,1,8,13422.0,1,8,0.0,1,8,12303.5,1,8,58.962,1,8,-9900,?,9,-9900,?,9,14.09,E,8,10.89,E,8,86.0,E,8,822.9788000000001,E,8,999.0,E,8,1.22,E,8,-9900,?,9,-9900,?,9,0.001,E,8,-9900,?,9,-9900,?,9,0.01,99.0,E,8
03/04/2018,10:00,1077.622,1389.903,281.82,1,8,7.416,1,8,276.071,1,8,33818.4,1,8,704.567,1,8,30367.805,1,8,113.364,1,8,-9900,?,9,-9900,?,9,15.65,E,8,10.48,E,8,71.0,E,8,822.9788000000001,E,8,999.0,E,8,1.28,E,8,-9900,?,9,-9900,?,9,0.0,E,8,-9900,?,9,-9900,?,9,0.0,0.0,E,8
03/04/2018,11:00,1246.038,1389.903,352.96,1,8,4.954,1,8,348.519,1,8,42355.2,1,8,470.62,1,8,38337.11,1,8,123.755,1,8,-9900,?,9,-9900,?,9,16.89,E,8,10.14,E,8,69.0,E,8,822.9788000000001,E,8,999.0,E,8,0.9,E,8,-9900,?,9,-9900,?,9,0.001,E,8,-9900,?,9,-9900,?,9,0.01,99.0,E,8
03/04/2018,12:00,1333.403,1389.903,328.53,1,8,11.582,1,8,317.419,1,8,39423.6,1,8,1100.296,1,8,34916.094,1,8,105.322,1,8,-9900,?,9,-9900,?,9,17.5,E,8,9.97,E,8,61.0,E,8,822.9788000000001,E,8,999.0,E,8,0.89,E,8,-9900,?,9,-9900,?,9,0.0,E,8,-9900,?,9,-9900,?,9,0.0,0.0,E,8
03/04/2018,13:00,1333.731,1389.903,481.41,1,8,23.015,1,8,459.326,1,8,57769.2,1,8,2186.432,1,8,50525.818,1,8,152.369,1,8,-9900,?,9,-9900,?,9,18.57,E,8,9.68,E,8,56.0,E,8,822.9788000000001,E,8,999.0,E,8,0.57,E,8,-9900,?,9,-9900,?,9,0.0,E,8,-9900,?,9,-9900,?,9,0.0,0.0,E,8
03/04/2018,14:00,1246.985,1389.903,543.13,1,8,89.322,1,8,462.999,1,8,65175.6,1,8,8485.568,1,8,50929.835,1,8,164.28,1,8,-9900,?,9,-9900,?,9,19.55,E,8,9.4,E,8,51.0,E,8,822.9788000000001,E,8,999.0,E,8,0.29,E,8,-9900,?,9,-9900,?,9,0.0,E,8,-9900,?,9,-9900,?,9,0.0,0.0,E,8
03/04/2018,15:00,1079.079,1389.903,223.64,1,8,1.752,1,8,222.28,1,8,26836.8,1,8,166.394,1,8,24450.848,1,8,91.152,1,8,-9900,?,9,-9900,?,9,19.07,E,8,9.53,E,8,53.0,E,8,822.9788000000001,E,8,999.0,E,8,0.34,E,8,-9900,?,9,-9900,?,9,0.0,E,8,-9900,?,9,-9900,?,9,0.0,0.0,E,8
03/04/2018,16:00,841.486,1389.903,334.26,1,8,88.823,1,8,280.511,1,8,40111.2,1,8,8438.158,1,8,30856.265,1,8,147.557,1,8,-9900,?,9,-9900,?,9,19.23,E,8,9.49,E,8,53.0,E,8,822.9788000000001,E,8,999.0,E,8,0.63,E,8,-9900,?,9,-9900,?,9,0.0,E,8,-9900,?,9,-9900,?,9,0.0,0.0,E,8
03/04/2018,17:00,550.528,1389.903,286.43,1,8,291.004,1,8,171.346,1,8,34371.6,1,8,27645.336,1,8,18848.112,1,8,137.915,1,8,-9900,?,9,-9900,?,9,19.15,E,8,9.51,E,8,53.0,E,8,822.9788000000001,E,8,999.0,E,8,1.01,E,8,-9900,?,9,-9900,?,9,0.0,E,8,-9900,?,9,-9900,?,9,0.0,0.0,E,8
03/04/2018,18:00,226.841,1389.903,99.21,1,8,221.429,1,8,63.437,1,8,11905.2,1,8,21035.723,1,8,6978.096,1,8,124.99,1,8,-9900,?,9,-9900,?,9,18.34,E,8,9.74,E,8,62.0,E,8,822.9788000000001,E,8,999.0,E,8,1.01,E,8,-9900,?,9,-9900,?,9,0.005,E,8,-9900,?,9,-9900,?,9,0.05,99.0,E,8
03/04/2018,19:00,0.0,1389.903,2.37,1,8,0.0,1,8,0.0,1,8,284.4,1,8,0.0,1,8,0.0,1,8,-0.0,1,8,-9900,?,9,-9900,?,9,17.73,E,8,9.91,E,8,75.0,E,8,822.9788000000001,E,8,999.0,E,8,0.87,E,8,-9900,?,9,-9900,?,9,0.632,E,8,-9900,?,9,-9900,?,9,6.32,99.0,E,8
03/04/2018,20:00,0.0,1389.903,0.0,1,8,0.0,1,8,0.0,1,8,0.0,1,8,0.0,1,8,0.0,1,8,-0.0,1,8,-9900,?,9,-9900,?,9,17.12,E,8,10.08,E,8,68.0,E,8,822.9788000000001,E,8,999.0,E,8,0.89,E,8,-9900,?,9,-9900,?,9,0.009,E,8,-9900,?,9,-9900,?,9,0.09,99.0,E,8
03/04/2018,21:00,0.0,1389.903,0.0,1,8,0.0,1,8,0.0,1,8,0.0,1,8,0.0,1,8,0.0,1,8,-0.0,1,8,-9900,?,9,-9900,?,9,16.51,E,8,10.25,E,8,71.0,E,8,822.9788000000001,E,8,999.0,E,8,1.33,E,8,-9900,?,9,-9900,?,9,0.033,E,8,-9900,?,9,-9900,?,9,0.33,99.0,E,8
03/04/2018,22:00,0.0,1389.903,0.0,1,8,0.0,1,8,0.0,1,8,0.0,1,8,0.0,1,8,0.0,1,8,-0.0,1,8,-9900,?,9,-9900,?,9,15.9,E,8,10.41,E,8,74.0,E,8,822.9788000000001,E,8,999.0,E,8,1.53,E,8,-9900,?,9,-9900,?,9,0.003,E,8,-9900,?,9,-9900,?,9,0.03,99.0,E,8
03/04/2018,23:00,0.0,1389.903,0.0,1,8,0.0,1,8,0.0,1,8,0.0,1,8,0.0,1,8,0.0,1,8,-0.0,1,8,-9900,?,9,-9900,?,9,15.29,E,8,10.58,E,8,78.0,E,8,822.9788000000001,E,8,999.0,E,8,1.35,E,8,-9900,?,9,-9900,?,9,0.016,E,8,-9900,?,9,-9900,?,9,0.16,99.0,E,8
03/04/2018,24:00,0.0,1389.903,0.0,1,8,0.0,1,8,0.0,1,8,0.0,1,8,0.0,1,8,0.0,1,8,-0.0,1,8,-9900,?,9,-9900,?,9,14.68,E,8,10.04,E,8,73.0,E,8,822.9788000000001,E,8,999.0,E,8,0.72,E,8,-9900,?,9,-9900,?,9,0.0,E,8,-9900,?,9,-9900,?,9,0.0,0.0,E,8
03/05/2018,01:00,0.0,1389.903,0.0,1,8,0.0,1,8,0.0,1,8,0.0,1,8,0.0,1,8,0.0,1,8,-0.0,1,8,-9900,?,9,-9900,?,9,14.38,E,8,10.22,E,8,76.0,E,8,822.9788000000001,E,8,999.0,E,8,1.29,E,8,-9900,?,9,-9900,?,9,0.0,E,8,-9900,?,9,-9900,?,9,0.0,0.0,E,8
03/05/2018,02:00,0.0,1389.903,0.0,1,8,0.0,1,8,0.0,1,8,0.0,1,8,0.0,1,8,0.0,1,8,-0.0,1,8,-9900,?,9,-9900,?,9,14.07,E,8,10.4,E,8,78.0,E,8,822.9788000000001,E,8,999.0,E,8,0.48,E,8,-9900,?,9,-9900,?,9,0.0,E,8,-9900,?,9,-9900,?,9,0.0,0.0,E,8
03/05/2018,03:00,0.0,1389.903,0.0,1,8,0.0,1,8,0.0,1,8,0.0,1,8,0.0,1,8,0.0,1,8,-0.0,1,8,-9900,?,9,-9900,?,9,13.77,E,8,10.57,E,8,81.0,E,8,822.9788000000001,E,8,999.0,E,8,0.69,E,8,-9900,?,9,-9900,?,9,0.0,E,8,-9900,?,9,-9900,?,9,0.0,0.0,E,8
03/05/2018,04:00,0.0,1389.179,0.0,1,8,0.0,1,8,0.0,1,8,0.0,1,8,0.0,1,8,0.0,1,8,-0.0,1,8,-9900,?,9,-9900,?,9,13.46,E,8,10.75,E,8,83.0,E,8,822.9788000000001,E,8,999.0,E,8,0.95,E,8,-9900,?,9,-9900,?,9,0.0,E,8,-9900,?,9,-9900,?,9,0.0,0.0,E,8
03/05/2018,05:00,0.0,1389.179,0.0,1,8,0.0,1,8,0.0,1,8,0.0,1,8,0.0,1,8,0.0,1,8,-0.0,1,8,-9900,?,9,-9900,?,9,13.16,E,8,10.92,E,8,86.0,E,8,822.9788000000001,E,8,999.0,E,8,0.56,E,8,-9900,?,9,-9900,?,9,0.0,E,8,-9900,?,9,-9900,?,9,0.0,0.0,E,8
03/05/2018,06:00,0.0,1389.179,0.0,1,8,0.0,1,8,0.0,1,8,0.0,1,8,0.0,1,8,0.0,1,8,-0.0,1,8,-9900,?,9,-9900,?,9,12.92,E,8,11.05,E,8,88.0,E,8,822.9788000000001,E,8,999.0,E,8,0.33,E,8,-9900,?,9,-9900,?,9,0.0,E,8,-9900,?,9,-9900,?,9,0.0,0.0,E,8
03/05/2018,07:00,223.004,1389.179,3.74,1,8,0.0,1,8,3.74,1,8,448.8,1,8,0.0,1,8,411.4,1,8,7.494,1,8,-9900,?,9,-9900,?,9,12.72,E,8,11.16,E,8,90.0,E,8,822.9788000000001,E,8,999.0,E,8,0.95,E,8,-9900,?,9,-9900,?,9,0.0,E,8,-9900,?,9,-9900,?,9,0.0,0.0,E,8
03/05/2018,08:00,546.512,1389.179,155.61,1,8,13.973,1,8,150.122,1,8,18673.2,1,8,1327.441,1,8,16513.38,1,8,121.658,1,8,-9900,?,9,-9900,?,9,12.52,E,8,11.27,E,8,92.0,E,8,822.9788000000001,E,8,999.0,E,8,0.74,E,8,-9900,?,9,-9900,?,9,0.0,E,8,-9900,?,9,-9900,?,9,0.0,0.0,E,8
03/05/2018,09:00,837.483,1389.179,343.62,1,8,86.168,1,8,291.699,1,8,41234.4,1,8,8185.99,1,8,32086.896,1,8,154.096,1,8,-9900,?,9,-9900,?,9,16.23,E,8,9.1,E,8,62.0,E,8,822.9788000000001,E,8,999.0,E,8,1.12,E,8,-9900,?,9,-9900,?,9,0.0,E,8,-9900,?,9,-9900,?,9,0.0,0.0,E,8
03/05/2018,10:00,1075.233,1389.179,510.16,1,8,121.084,1,8,416.459,1,8,61219.2,1,8,11502.979,1,8,45810.45,1,8,171.302,1,8,-9900,?,9,-9900,?,9,17.52,E,8,8.27,E,8,54.0,E,8,822.9788000000001,E,8,999.0,E,8,1.31,E,8,-9900,?,9,-9900,?,9,0.0,E,8,-9900,?,9,-9900,?,9,0.0,0.0,E,8
03/05/2018,11:00,1243.402,1389.179,639.11,1,8,144.69,1,8,509.613,1,8,76693.2,1,8,13745.518,1,8,56057.446,1,8,181.246,1,8,-9900,?,9,-9900,?,9,18.64,E,8,7.51,E,8,48.0,E,8,822.9788000000001,E,8,999.0,E,8,2.47,E,8,-9900,?,9,-9900,?,9,0.0,E,8,-9900,?,9,-9900,?,9,0.0,0.0,E,8
03/05/2018,12:00,1330.468,1389.179,720.45,1,8,10.849,1,8,710.06,1,8,86454.0,1,8,1030.609,1,8,78106.628,1,8,235.999,1,8,-9900,?,9,-9900,?,9,19.56,E,8,6.86,E,8,43.0,E,8,822.9788000000001,E,8,999.0,E,8,4.02,E,8,-9900,?,9,-9900,?,9,0.0,E,8,-9900,?,9,-9900,?,9,0.0,0.0,E,8
03/05/2018,13:00,1330.467,1389.179,748.24,1,8,12.661,1,8,736.114,1,8,89788.8,1,8,1202.816,1,8,80972.564,1,8,244.659,1,8,-9900,?,9,-9900,?,9,20.24,E,8,6.37,E,8,40.0,E,8,822.9788000000001,E,8,999.0,E,8,5.38,E,8,-9900,?,9,-9900,?,9,0.0,E,8,-9900,?,9,-9900,?,9,0.0,0.0,E,8
03/05/2018,14:00,1243.384,1389.179,720.45,1,8,241.956,1,8,503.903,1,8,86454.0,1,8,22985.812,1,8,55429.363,1,8,179.218,1,8,-9900,?,9,-9900,?,9,20.67,E,8,6.04,E,8,38.0,E,8,822.9788000000001,E,8,999.0,E,8,6.27,E,8,-9900,?,9,-9900,?,9,0.0,E,8,-9900,?,9,-9900,?,9,0.0,0.0,E,8
03/05/2018,15:00,1075.155,1389.179,639.08,1,8,298.757,1,8,407.902,1,8,76689.6,1,8,28381.95,1,8,44869.233,1,8,167.795,1,8,-9900,?,9,-9900,?,9,20.84,E,8,5.92,E,8,37.0,E,8,822.9788000000001,E,8,999.0,E,8,6.56,E,8,-9900,?,9,-9900,?,9,0.0,E,8,-9900,?,9,-9900,?,9,0.0,0.0,E,8
03/05/2018,16:00,837.279,1389.179,510.07,1,8,410.172,1,8,262.98,1,8,61208.4,1,8,38966.387,1,8,28927.777,1,8,138.958,1,8,-9900,?,9,-9900,?,9,20.7,E,8,6.02,E,8,38.0,E,8,822.9788000000001,E,8,999.0,E,8,4.64,E,8,-9900,?,9,-9900,?,9,0.0,E,8,-9900,?,9,-9900,?,9,0.0,0.0,E,8
03/05/2018,17:00,546.098,1389.179,343.44,1,8,493.54,1,8,149.734,1,8,41212.8,1,8,46886.317,1,8,16470.731,1,8,121.437,1,8,-9900,?,9,-9900,?,9,20.16,E,8,6.43,E,8,40.0,E,8,822.9788000000001,E,8,999.0,E,8,2.92,E,8,-9900,?,9,-9900,?,9,0.0,E,8,-9900,?,9,-9900,?,9,0.0,0.0,E,8
03/05/2018,18:00,222.292,1389.179,155.28,1,8,414.155,1,8,89.706,1,8,18633.6,1,8,39344.685,1,8,9867.609,1,8,180.342,1,8,-9900,?,9,-9900,?,9,19.3,E,8,7.05,E,8,44.0,E,8,822.9788000000001,E,8,999.0,E,8,2.45,E,8,-9900,?,9,-9900,?,9,0.0,E,8,-9900,?,9,-9900,?,9,0.0,0.0,E,8
03/05/2018,19:00,0.0,1389.179,3.61,1,8,0.0,1,8,0.0,1,8,433.2,1,8,0.0,1,8,0.0,1,8,-0.0,1,8,-9900,?,9,-9900,?,9,18.54,E,8,7.58,E,8,48.0,E,8,822.9788000000001,E,8,999.0,E,8,1.98,E,8,-9900,?,9,-9900,?,9,0.0,E,8,-9900,?,9,-9900,?,9,0.0,0.0,E,8
03/05/2018,20:00,0.0,1389.179,0.0,1,8,0.0,1,8,0.0,1,8,0.0,1,8,0.0,1,8,0.0,1,8,-0.0,1,8,-9900,?,9,-9900,?,9,17.79,E,8,8.09,E,8,52.0,E,8,822.9788000000001,E,8,999.0,E,8,0.75,E,8,-9900,?,9,-9900,?,9,0.0,E,8,-9900,?,9,-9900,?,9,0.0,0.0,E,8
03/05/2018,21:00,0.0,1389.179,0.0,1,8,0.0,1,8,0.0,1,8,0.0,1,8,0.0,1,8,0.0,1,8,-0.0,1,8,-9900,?,9,-9900,?,9,17.03,E,8,8.59,E,8,57.0,E,8,822.9788000000001,E,8,999.0,E,8,0.59,E,8,-9900,?,9,-9900,?,9,0.0,E,8,-9900,?,9,-9900,?,9,0.0,0.0,E,8
03/05/2018,22:00,0.0,1389.179,0.0,1,8,0.0,1,8,0.0,1,8,0.0,1,8,0.0,1,8,0.0,1,8,-0.0,1,8,-9900,?,9,-9900,?,9,16.27,E,8,9.07,E,8,62.0,E,8,822.9788000000001,E,8,999.0,E,8,0.56,E,8,-9900,?,9,-9900,?,9,0.0,E,8,-9900,?,9,-9900,?,9,0.0,0.0,E,8
03/05/2018,23:00,0.0,1389.179,0.0,1,8,0.0,1,8,0.0,1,8,0.0,1,8,0.0,1,8,0.0,1,8,-0.0,1,8,-9900,?,9,-9900,?,9,15.51,E,8,9.54,E,8,67.0,E,8,822.9788000000001,E,8,999.0,E,8,0.39,E,8,-9900,?,9,-9900,?,9,0.0,E,8,-9900,?,9,-9900,?,9,0.0,0.0,E,8
03/05/2018,24:00,0.0,1389.179,0.0,1,8,0.0,1,8,0.0,1,8,0.0,1,8,0.0,1,8,0.0,1,8,-0.0,1,8,-9900,?,9,-9900,?,9,14.76,E,8,12.44,E,8,85.0,E,8,822.9788000000001,E,8,999.0,E,8,0.19,E,8,-9900,?,9,-9900,?,9,0.0,E,8,-9900,?,9,-9900,?,9,0.0,0.0,E,8
03/06/2018,01:00,0.0,1389.179,0.0,1,8,0.0,1,8,0.0,1,8,0.0,1,8,0.0,1,8,0.0,1,8,-0.0,1,8,-9900,?,9,-9900,?,9,14.38,E,8,12.34,E,8,87.0,E,8,822.9788000000001,E,8,999.0,E,8,0.19,E,8,-9900,?,9,-9900,?,9,0.0,E,8,-9900,?,9,-9900,?,9,0.0,0.0,E,8
03/06/2018,02:00,0.0,1389.179,0.0,1,8,0.0,1,8,0.0,1,8,0.0,1,8,0.0,1,8,0.0,1,8,-0.0,1,8,-9900,?,9,-9900,?,9,14.0,E,8,12.24,E,8,89.0,E,8,822.9788000000001,E,8,999.0,E,8,0.19,E,8,-9900,?,9,-9900,?,9,0.0,E,8,-9900,?,9,-9900,?,9,0.0,0.0,E,8
03/06/2018,03:00,0.0,1389.179,0.0,1,8,0.0,1,8,0.0,1,8,0.0,1,8,0.0,1,8,0.0,1,8,-0.0,1,8,-9900,?,9,-9900,?,9,13.62,E,8,12.14,E,8,90.0,E,8,822.9788000000001,E,8,999.0,E,8,0.19,E,8,-9900,?,9,-9900,?,9,0.0,E,8,-9900,?,9,-9900,?,9,0.0,0.0,E,8
03/06/2018,04:00,0.0,1388.448,0.0,1,8,0.0,1,8,0.0,1,8,0.0,1,8,0.0,1,8,0.0,1,8,-0.0,1,8,-9900,?,9,-9900,?,9,13.24,E,8,12.04,E,8,92.0,E,8,822.9788000000001,E,8,999.0,E,8,0.19,E,8,-9900,?,9,-9900,?,9,0.0,E,8,-9900,?,9,-9900,?,9,0.0,0.0,E,8
03/06/2018,05:00,0.0,1388.448,0.0,1,8,0.0,1,8,0.0,1,8,0.0,1,8,0.0,1,8,0.0,1,8,-0.0,1,8,-9900,?,9,-9900,?,9,12.86,E,8,11.94,E,8,94.0,E,8,822.9788000000001,E,8,999.0,E,8,0.19,E,8,-9900,?,9,-9900,?,9,0.0,E,8,-9900,?,9,-9900,?,9,0.0,0.0,E,8
03/06/2018,06:00,0.0,1388.448,0.0,1,8,0.0,1,8,0.0,1,8,0.0,1,8,0.0,1,8,0.0,1,8,-0.0,1,8,-9900,?,9,-9900,?,9,12.57,E,8,11.86,E,8,95.0,E,8,822.9788000000001,E,8,999.0,E,8,0.19,E,8,-9900,?,9,-9900,?,9,0.0,E,8,-9900,?,9,-9900,?,9,0.0,0.0,E,8
03/06/2018,07:00,220.942,1388.448,2.8,1,8,0.0,1,8,2.8,1,8,336.0,1,8,0.0,1,8,308.0,1,8,5.661,1,8,-9900,?,9,-9900,?,9,12.32,E,8,11.8,E,8,96.0,E,8,822.9788000000001,E,8,999.0,E,8,0.31,E,8,-9900,?,9,-9900,?,9,0.0,E,8,-9900,?,9,-9900,?,9,0.0,0.0,E,8
03/06/2018,08:00,544.405,1388.448,125.15,1,8,0.199,1,8,125.072,1,8,15018.0,1,8,18.951,1,8,13757.91,1,8,101.698,1,8,-9900,?,9,-9900,?,9,12.07,E,8,11.73,E,8,97.0,E,8,822.9788000000001,E,8,999.0,E,8,0.22,E,8,-9900,?,9,-9900,?,9,0.0,E,8,-9900,?,9,-9900,?,9,0.0,0.0,E,8
03/06/2018,09:00,835.257,1388.448,277.33,1,8,44.426,1,8,250.618,1,8,33279.6,1,8,4220.491,1,8,27567.989,1,8,132.677,1,8,-9900,?,9,-9900,?,9,15.5,E,8,12.63,E,8,83.0,E,8,822.9788000000001,E,8,999.0,E,8,0.4,E,8,-9900,?,9,-9900,?,9,0.0,E,8,-9900,?,9,-9900,?,9,0.0,0.0,E,8
03/06/2018,10:00,1072.808,1388.448,412.1,1,8,30.447,1,8,388.579,1,8,49452.0,1,8,2892.452,1,8,42743.733,1,8,160.112,1,8,-9900,?,9,-9900,?,9,16.7,E,8,12.94,E,8,78.0,E,8,822.9788000000001,E,8,999.0,E,8,0.59,E,8,-9900,?,9,-9900,?,9,0.0,E,8,-9900,?,9,-9900,?,9,0.0,0.0,E,8
03/06/2018,11:00,1240.711,1388.448,516.4,1,8,92.82,1,8,433.462,1,8,61968.0,1,8,8817.928,1,8,47680.858,1,8,154.416,1,8,-9900,?,9,-9900,?,9,17.74,E,8,13.2,E,8,74.0,E,8,822.9788000000001,E,8,999.0,E,8,0.85,E,8,-9900,?,9,-9900,?,9,0.0,E,8,-9900,?,9,-9900,?,9,0.0,0.0,E,8
03/06/2018,12:00,1327.464,1388.448,582.12,1,8,52.797,1,8,531.644,1,8,69854.4,1,8,5015.668,1,8,58480.822,1,8,177.007,1,8,-9900,?,9,-9900,?,9,18.59,E,8,13.4,E,8,71.0,E,8,822.9788000000001,E,8,999.0,E,8,0.98,E,8,-9900,?,9,-9900,?,9,0.0,E,8,-9900,?,9,-9900,?,9,0.0,0.0,E,8
03/06/2018,13:00,1327.123,1388.448,604.46,1,8,61.53,1,8,545.649,1,8,72535.2,1,8,5845.397,1,8,60021.371,1,8,181.716,1,8,-9900,?,9,-9900,?,9,19.22,E,8,13.56,E,8,69.0,E,8,822.9788000000001,E,8,999.0,E,8,2.16,E,8,-9900,?,9,-9900,?,9,0.0,E,8,-9900,?,9,-9900,?,9,0.0,0.0,E,8
03/06/2018,14:00,1239.697,1388.448,581.78,1,8,150.371,1,8,447.529,1,8,69813.6,1,8,14285.258,1,8,49228.178,1,8,159.558,1,8,-9900,?,9,-9900,?,9,19.62,E,8,13.65,E,8,68.0,E,8,822.9788000000001,E,8,999.0,E,8,2.34,E,8,-9900,?,9,-9900,?,9,0.0,E,8,-9900,?,9,-9900,?,9,0.0,0.0,E,8
03/06/2018,15:00,1071.146,1388.448,515.72,1,8,190.336,1,8,368.911,1,8,61886.4,1,8,18081.945,1,8,40580.164,1,8,152.244,1,8,-9900,?,9,-9900,?,9,19.77,E,8,13.69,E,8,67.0,E,8,822.9788000000001,E,8,999.0,E,8,2.6,E,8,-9900,?,9,-9900,?,9,0.0,E,8,-9900,?,9,-9900,?,9,0.0,0.0,E,8
03/06/2018,16:00,832.992,1388.448,411.1,1,8,156.405,1,8,317.314,1,8,49332.0,1,8,14858.501,1,8,34904.589,1,8,168.444,1,8,-9900,?,9,-9900,?,9,19.64,E,8,13.66,E,8,68.0,E,8,822.9788000000001,E,8,999.0,E,8,2.34,E,8,-9900,?,9,-9900,?,9,0.0,E,8,-9900,?,9,-9900,?,9,0.0,0.0,E,8
03/06/2018,17:00,541.598,1388.448,276.05,1,8,271.015,1,8,170.505,1,8,33126.0,1,8,25746.472,1,8,18755.58,1,8,139.362,1,8,-9900,?,9,-9900,?,9,19.15,E,8,13.54,E,8,69.0,E,8,822.9788000000001,E,8,999.0,E,8,1.93,E,8,-9900,?,9,-9900,?,9,0.0,E,8,-9900,?,9,-9900,?,9,0.0,0.0,E,8
03/06/2018,18:00,217.686,1388.448,123.72,1,8,441.1,1,8,55.32,1,8,14846.4,1,8,41904.518,1,8,6085.153,1,8,113.555,1,8,-9900,?,9,-9900,?,9,18.34,E,8,13.34,E,8,72.0,E,8,822.9788000000001,E,8,999.0,E,8,1.3,E,8,-9900,?,9,-9900,?,9,0.0,E,8,-9900,?,9,-9900,?,9,0.0,0.0,E,8
03/06/2018,19:00,0.0,1388.448,2.42,1,8,0.0,1,8,0.0,1,8,290.4,1,8,0.0,1,8,0.0,1,8,-0.0,1,8,-9900,?,9,-9900,?,9,17.65,E,8,13.17,E,8,75.0,E,8,822.9788000000001,E,8,999.0,E,8,0.94,E,8,-9900,?,9,-9900,?,9,0.0,E,8,-9900,?,9,-9900,?,9,0.0,0.0,E,8
03/06/2018,20:00,0.0,1388.448,0.0,1,8,0.0,1,8,0.0,1,8,0.0,1,8,0.0,1,8,0.0,1,8,-0.0,1,8,-9900,?,9,-9900,?,9,16.97,E,8,13.0,E,8,77.0,E,8,822.9788000000001,E,8,999.0,E,8,0.51,E,8,-9900,?,9,-9900,?,9,0.0,E,8,-9900,?,9,-9900,?,9,0.0,0.0,E,8
03/06/2018,21:00,0.0,1388.448,0.0,1,8,0.0,1,8,0.0,1,8,0.0,1,8,0.0,1,8,0.0,1,8,-0.0,1,8,-9900,?,9,-9900,?,9,16.28,E,8,12.83,E,8,80.0,E,8,822.9788000000001,E,8,999.0,E,8,0.37,E,8,-9900,?,9,-9900,?,9,0.0,E,8,-9900,?,9,-9900,?,9,0.0,0.0,E,8
03/06/2018,22:00,0.0,1388.448,0.0,1,8,0.0,1,8,0.0,1,8,0.0,1,8,0.0,1,8,0.0,1,8,-0.0,1,8,-9900,?,9,-9900,?,9,15.59,E,8,12.66,E,8,82.0,E,8,822.9788000000001,E,8,999.0,E,8,0.19,E,8,-9900,?,9,-9900,?,9,0.0,E,8,-9900,?,9,-9900,?,9,0.0,0.0,E,8
03/06/2018,23:00,0.0,1388.448,0.0,1,8,0.0,1,8,0.0,1,8,0.0,1,8,0.0,1,8,0.0,1,8,-0.0,1,8,-9900,?,9,-9900,?,9,14.91,E,8,12.48,E,8,85.0,E,8,822.9788000000001,E,8,999.0,E,8,0.19,E,8,-9900,?,9,-9900,?,9,0.0,E,8,-9900,?,9,-9900,?,9,0.0,0.0,E,8
03/06/2018,24:00,0.0,1388.448,0.0,1,8,0.0,1,8,0.0,1,8,0.0,1,8,0.0,1,8,0.0,1,8,-0.0,1,8,-9900,?,9,-9900,?,9,14.22,E,8,12.24,E,8,87.0,E,8,822.9788000000001,E,8,999.0,E,8,0.96,E,8,-9900,?,9,-9900,?,9,0.0,E,8,-9900,?,9,-9900,?,9,0.0,0.0,E,8
03/07/2018,01:00,0.0,1388.448,0.0,1,8,0.0,1,8,0.0,1,8,0.0,1,8,0.0,1,8,0.0,1,8,-0.0,1,8,-9900,?,9,-9900,?,9,13.88,E,8,12.15,E,8,89.0,E,8,822.9788000000001,E,8,999.0,E,8,0.84,E,8,-9900,?,9,-9900,?,9,0.0,E,8,-9900,?,9,-9900,?,9,0.0,0.0,E,8
03/07/2018,02:00,0.0,1388.448,0.0,1,8,0.0,1,8,0.0,1,8,0.0,1,8,0.0,1,8,0.0,1,8,-0.0,1,8,-9900,?,9,-9900,?,9,13.53,E,8,12.05,E,8,90.0,E,8,822.9788000000001,E,8,999.0,E,8,0.8,E,8,-9900,?,9,-9900,?,9,0.0,E,8,-9900,?,9,-9900,?,9,0.0,0.0,E,8
03/07/2018,03:00,0.0,1388.448,0.0,1,8,0.0,1,8,0.0,1,8,0.0,1,8,0.0,1,8,0.0,1,8,-0.0,1,8,-9900,?,9,-9900,?,9,13.19,E,8,11.95,E,8,92.0,E,8,822.9788000000001,E,8,999.0,E,8,0.79,E,8,-9900,?,9,-9900,?,9,0.0,E,8,-9900,?,9,-9900,?,9,0.0,0.0,E,8
03/07/2018,04:00,0.0,1387.711,0.0,1,8,0.0,1,8,0.0,1,8,0.0,1,8,0.0,1,8,0.0,1,8,-0.0,1,8,-9900,?,9,-9900,?,9,12.85,E,8,11.86,E,8,93.0,E,8,822.9788000000001,E,8,999.0,E,8,0.97,E,8,-9900,?,9,-9900,?,9,0.0,E,8,-9900,?,9,-9900,?,9,0.0,0.0,E,8
03/07/2018,05:00,0.0,1387.711,0.0,1,8,0.0,1,8,0.0,1,8,0.0,1,8,0.0,1,8,0.0,1,8,-0.0,1,8,-9900,?,9,-9900,?,9,12.5,E,8,11.76,E,8,95.0,E,8,822.9788000000001,E,8,999.0,E,8,0.8,E,8,-9900,?,9,-9900,?,9,0.0,E,8,-9900,?,9,-9900,?,9,0.0,0.0,E,8
03/07/2018,06:00,0.0,1387.711,0.0,1,8,0.0,1,8,0.0,1,8,0.0,1,8,0.0,1,8,0.0,1,8,-0.0,1,8,-9900,?,9,-9900,?,9,12.24,E,8,11.68,E,8,96.0,E,8,822.9788000000001,E,8,999.0,E,8,0.92,E,8,-9900,?,9,-9900,?,9,0.0,E,8,-9900,?,9,-9900,?,9,0.0,0.0,E,8
03/07/2018,07:00,218.9,1387.711,1.86,1,8,0.0,1,8,1.86,1,8,223.2,1,8,0.0,1,8,204.6,1,8,3.794,1,8,-9900,?,9,-9900,?,9,12.01,E,8,11.61,E,8,97.0,E,8,822.9788000000001,E,8,999.0,E,8,0.87,E,8,-9900,?,9,-9900,?,9,0.0,E,8,-9900,?,9,-9900,?,9,0.0,0.0,E,8
03/07/2018,08:00,542.299,1387.711,89.5,1,8,0.0,1,8,89.5,1,8,10740.0,1,8,0.0,1,8,9845.0,1,8,73.019,1,8,-9900,?,9,-9900,?,9,11.79,E,8,11.55,E,8,98.0,E,8,822.9788000000001,E,8,999.0,E,8,0.82,E,8,-9900,?,9,-9900,?,9,0.0,E,8,-9900,?,9,-9900,?,9,0.0,0.0,E,8
03/07/2018,09:00,833.011,1387.711,199.0,1,8,12.947,1,8,191.232,1,8,23880.0,1,8,1229.931,1,8,21035.573,1,8,101.458,1,8,-9900,?,9,-9900,?,9,14.85,E,8,12.42,E,8,85.0,E,8,822.9788000000001,E,8,999.0,E,8,1.21,E,8,-9900,?,9,-9900,?,9,0.0,E,8,-9900,?,9,-9900,?,9,0.0,0.0,E,8
03/07/2018,10:00,1070.344,1387.711,295.96,1,8,10.889,1,8,287.563,1,8,35515.2,1,8,1034.443,1,8,31631.938,1,8,118.699,1,8,-9900,?,9,-9900,?,9,15.92,E,8,12.71,E,8,81.0,E,8,822.9788000000001,E,8,999.0,E,8,2.53,E,8,-9900,?,9,-9900,?,9,0.0,E,8,-9900,?,9,-9900,?,9,0.0,0.0,E,8
03/07/2018,11:00,1237.966,1387.711,370.96,1,8,13.137,1,8,359.242,1,8,44515.2,1,8,1247.984,1,8,39516.594,1,8,128.192,1,8,-9900,?,9,-9900,?,9,16.86,E,8,12.96,E,8,77.0,E,8,822.9788000000001,E,8,999.0,E,8,2.66,E,8,-9900,?,9,-9900,?,9,0.0,E,8,-9900,?,9,-9900,?,9,0.0,0.0,E,8
03/07/2018,12:00,1324.392,1387.711,418.16,1,8,26.725,1,8,392.656,1,8,50179.2,1,8,2538.832,1,8,43192.116,1,8,130.966,1,8,-9900,?,9,-9900,?,9,17.62,E,8,13.16,E,8,75.0,E,8,822.9788000000001,E,8,999.0,E,8,2.82,E,8,-9900,?,9,-9900,?,9,0.0,E,8,-9900,?,9,-9900,?,9,0.0,0.0,E,8
03/07/2018,13:00,1323.701,1387.711,434.11,1,8,29.191,1,8,406.266,1,8,52093.2,1,8,2773.183,1,8,44689.251,1,8,135.576,1,8,-9900,?,9,-9900,?,9,18.18,E,8,13.31,E,8,73.0,E,8,822.9788000000001,E,8,999.0,E,8,3.3,E,8,-9900,?,9,-9900,?,9,0.0,E,8,-9900,?,9,-9900,?,9,0.0,0.0,E,8
03/07/2018,14:00,1235.927,1387.711,417.66,1,8,23.583,1,8,396.658,1,8,50119.2,1,8,2240.374,1,8,43632.398,1,8,141.777,1,8,-9900,?,9,-9900,?,9,18.53,E,8,13.4,E,8,72.0,E,8,822.9788000000001,E,8,999.0,E,8,2.94,E,8,-9900,?,9,-9900,?,9,0.0,E,8,-9900,?,9,-9900,?,9,0.0,0.0,E,8
03/07/2018,15:00,1067.054,1387.711,369.97,1,8,20.923,1,8,353.885,1,8,44396.4,1,8,1987.646,1,8,38927.377,1,8,146.526,1,8,-9900,?,9,-9900,?,9,18.67,E,8,13.44,E,8,71.0,E,8,822.9788000000001,E,8,999.0,E,8,2.21,E,8,-9900,?,9,-9900,?,9,0.0,E,8,-9900,?,9,-9900,?,9,0.0,0.0,E,8
03/07/2018,16:00,828.626,1387.711,294.55,1,8,20.975,1,8,282.032,1,8,35346.0,1,8,1992.66,1,8,31023.507,1,8,150.425,1,8,-9900,?,9,-9900,?,9,18.55,E,8,13.41,E,8,71.0,E,8,822.9788000000001,E,8,999.0,E,8,1.64,E,8,-9900,?,9,-9900,?,9,0.0,E,8,-9900,?,9,-9900,?,9,0.0,0.0,E,8
03/07/2018,17:00,537.028,1387.711,197.24,1,8,73.335,1,8,168.907,1,8,23668.8,1,8,6966.782,1,8,18579.796,1,8,139.161,1,8,-9900,?,9,-9900,?,9,18.11,E,8,13.29,E,8,73.0,E,8,822.9788000000001,E,8,999.0,E,8,1.26,E,8,-9900,?,9,-9900,?,9,0.0,E,8,-9900,?,9,-9900,?,9,0.0,0.0,E,8
03/07/2018,18:00,213.028,1387.711,87.59,1,8,215.222,1,8,54.928,1,8,10510.8,1,8,20446.061,1,8,6042.077,1,8,115.209,1,8,-9900,?,9,-9900,?,9,17.38,E,8,13.1,E,8,75.0,E,8,822.9788000000001,E,8,999.0,E,8,1.28,E,8,-9900,?,9,-9900,?,9,0.0,E,8,-9900,?,9,-9900,?,9,0.0,0.0,E,8
03/07/2018,19:00,0.0,1387.711,1.42,1,8,0.0,1,8,0.0,1,8,170.4,1,8,0.0,1,8,0.0,1,8,-0.0,1,8,-9900,?,9,-9900,?,9,16.83,E,8,12.95,E,8,77.0,E,8,822.9788000000001,E,8,999.0,E,8,1.47,E,8,-9900,?,9,-9900,?,9,0.0,E,8,-9900,?,9,-9900,?,9,0.0,0.0,E,8
03/07/2018,20:00,0.0,1387.711,0.0,1,8,0.0,1,8,0.0,1,8,0.0,1,8,0.0,1,8,0.0,1,8,-0.0,1,8,-9900,?,9,-9900,?,9,16.28,E,8,12.81,E,8,79.0,E,8,822.9788000000001,E,8,999.0,E,8,1.57,E,8,-9900,?,9,-9900,?,9,0.0,E,8,-9900,?,9,-9900,?,9,0.0,0.0,E,8
03/07/2018,21:00,0.0,1387.711,0.0,1,8,0.0,1,8,0.0,1,8,0.0,1,8,0.0,1,8,0.0,1,8,-0.0,1,8,-9900,?,9,-9900,?,9,15.73,E,8,12.66,E,8,81.0,E,8,822.9788000000001,E,8,999.0,E,8,1.25,E,8,-9900,?,9,-9900,?,9,0.0,E,8,-9900,?,9,-9900,?,9,0.0,0.0,E,8
03/07/2018,22:00,0.0,1387.711,0.0,1,8,0.0,1,8,0.0,1,8,0.0,1,8,0.0,1,8,0.0,1,8,-0.0,1,8,-9900,?,9,-9900,?,9,15.17,E,8,12.5,E,8,84.0,E,8,822.9788000000001,E,8,999.0,E,8,0.97,E,8,-9900,?,9,-9900,?,9,0.0,E,8,-9900,?,9,-9900,?,9,0.0,0.0,E,8
03/07/2018,23:00,0.0,1387.711,0.0,1,8,0.0,1,8,0.0,1,8,0.0,1,8,0.0,1,8,0.0,1,8,-0.0,1,8,-9900,?,9,-9900,?,9,14.62,E,8,12.35,E,8,86.0,E,8,822.9788000000001,E,8,999.0,E,8,0.81,E,8,-9900,?,9,-9900,?,9,0.0,E,8,-9900,?,9,-9900,?,9,0.0,0.0,E,8
03/07/2018,24:00,0.0,1387.711,0.0,1,8,0.0,1,8,0.0,1,8,0.0,1,8,0.0,1,8,0.0,1,8,-0.0,1,8,-9900,?,9,-9900,?,9,14.07,E,8,12.46,E,8,90.0,E,8,822.9788000000001,E,8,999.0,E,8,2.56,E,8,-9900,?,9,-9900,?,9,0.0,E,8,-9900,?,9,-9900,?,9,0.0,0.0,E,8
03/08/2018,01:00,0.0,1387.711,0.0,1,8,0.0,1,8,0.0,1,8,0.0,1,8,0.0,1,8,0.0,1,8,-0.0,1,8,-9900,?,9,-9900,?,9,13.8,E,8,12.37,E,8,91.0,E,8,822.9788000000001,E,8,999.0,E,8,1.67,E,8,-9900,?,9,-9900,?,9,0.0,E,8,-9900,?,9,-9900,?,9,0.0,0.0,E,8
03/08/2018,02:00,0.0,1387.711,0.0,1,8,0.0,1,8,0.0,1,8,0.0,1,8,0.0,1,8,0.0,1,8,-0.0,1,8,-9900,?,9,-9900,?,9,13.52,E,8,12.28,E,8,92.0,E,8,822.9788000000001,E,8,999.0,E,8,1.64,E,8,-9900,?,9,-9900,?,9,0.0,E,8,-9900,?,9,-9900,?,9,0.0,0.0,E,8
03/08/2018,03:00,0.0,1387.711,0.0,1,8,0.0,1,8,0.0,1,8,0.0,1,8,0.0,1,8,0.0,1,8,-0.0,1,8,-9900,?,9,-9900,?,9,13.24,E,8,12.18,E,8,93.0,E,8,822.9788000000001,E,8,999.0,E,8,2.4,E,8,-9900,?,9,-9900,?,9,0.0,E,8,-9900,?,9,-9900,?,9,0.0,0.0,E,8
03/08/2018,04:00,0.0,1386.969,0.0,1,8,0.0,1,8,0.0,1,8,0.0,1,8,0.0,1,8,0.0,1,8,-0.0,1,8,-9900,?,9,-9900,?,9,12.97,E,8,12.08,E,8,94.0,E,8,822.9788000000001,E,8,999.0,E,8,3.96,E,8,-9900,?,9,-9900,?,9,0.0,E,8,-9900,?,9,-9900,?,9,0.0,0.0,E,8
03/08/2018,05:00,0.0,1386.969,0.0,1,8,0.0,1,8,0.0,1,8,0.0,1,8,0.0,1,8,0.0,1,8,-0.0,1,8,-9900,?,9,-9900,?,9,12.69,E,8,11.99,E,8,95.0,E,8,822.9788000000001,E,8,999.0,E,8,1.75,E,8,-9900,?,9,-9900,?,9,0.0,E,8,-9900,?,9,-9900,?,9,0.0,0.0,E,8
03/08/2018,06:00,0.0,1386.969,0.0,1,8,0.0,1,8,0.0,1,8,0.0,1,8,0.0,1,8,0.0,1,8,-0.0,1,8,-9900,?,9,-9900,?,9,12.48,E,8,11.91,E,8,96.0,E,8,822.9788000000001,E,8,999.0,E,8,1.72,E,8,-9900,?,9,-9900,?,9,0.0,E,8,-9900,?,9,-9900,?,9,0.0,0.0,E,8
03/08/2018,07:00,216.875,1386.969,1.81,1,8,0.0,1,8,1.81,1,8,217.2,1,8,0.0,1,8,199.1,1,8,3.726,1,8,-9900,?,9,-9900,?,9,12.3,E,8,11.85,E,8,97.0,E,8,822.9788000000001,E,8,999.0,E,8,1.45,E,8,-9900,?,9,-9900,?,9,0.0,E,8,-9900,?,9,-9900,?,9,0.0,0.0,E,8
03/08/2018,08:00,540.192,1386.969,94.01,1,8,0.0,1,8,94.01,1,8,11281.2,1,8,0.0,1,8,10341.1,1,8,76.957,1,8,-9900,?,9,-9900,?,9,12.12,E,8,11.78,E,8,97.0,E,8,822.9788000000001,E,8,999.0,E,8,1.12,E,8,-9900,?,9,-9900,?,9,0.0,E,8,-9900,?,9,-9900,?,9,0.0,0.0,E,8
03/08/2018,09:00,830.744,1386.969,209.75,1,8,15.635,1,8,200.39,1,8,25170.0,1,8,1485.324,1,8,22042.912,1,8,106.55,1,8,-9900,?,9,-9900,?,9,14.77,E,8,12.7,E,8,87.0,E,8,822.9788000000001,E,8,999.0,E,8,1.12,E,8,-9900,?,9,-9900,?,9,0.0,E,8,-9900,?,9,-9900,?,9,0.0,0.0,E,8
03/08/2018,10:00,1067.842,1386.969,312.23,1,8,12.421,1,8,302.669,1,8,37467.6,1,8,1179.998,1,8,33293.573,1,8,125.16,1,8,-9900,?,9,-9900,?,9,15.7,E,8,13.01,E,8,84.0,E,8,822.9788000000001,E,8,999.0,E,8,2.04,E,8,-9900,?,9,-9900,?,9,0.0,E,8,-9900,?,9,-9900,?,9,0.0,0.0,E,8
03/08/2018,11:00,1235.165,1386.969,391.43,1,8,14.906,1,8,378.157,1,8,46971.6,1,8,1416.051,1,8,41597.233,1,8,135.175,1,8,-9900,?,9,-9900,?,9,16.51,E,8,13.28,E,8,81.0,E,8,822.9788000000001,E,8,999.0,E,8,1.15,E,8,-9900,?,9,-9900,?,9,0.0,E,8,-9900,?,9,-9900,?,9,0.0,0.0,E,8
03/08/2018,12:00,1321.251,1386.969,441.23,1,8,30.569,1,8,412.111,1,8,52947.6,1,8,2904.034,1,8,45332.158,1,8,137.708,1,8,-9900,?,9,-9900,?,9,17.17,E,8,13.49,E,8,78.0,E,8,822.9788000000001,E,8,999.0,E,8,2.08,E,8,-9900,?,9,-9900,?,9,0.0,E,8,-9900,?,9,-9900,?,9,0.0,0.0,E,8
03/08/2018,13:00,1320.201,1386.969,457.97,1,8,33.965,1,8,425.641,1,8,54956.4,1,8,3226.643,1,8,46820.549,1,8,142.342,1,8,-9900,?,9,-9900,?,9,17.66,E,8,13.65,E,8,77.0,E,8,822.9788000000001,E,8,999.0,E,8,1.12,E,8,-9900,?,9,-9900,?,9,0.0,E,8,-9900,?,9,-9900,?,9,0.0,0.0,E,8
03/08/2018,14:00,1232.074,1386.969,440.42,1,8,28.115,1,8,415.447,1,8,52850.4,1,8,2670.894,1,8,45699.18,1,8,148.878,1,8,-9900,?,9,-9900,?,9,17.96,E,8,13.75,E,8,76.0,E,8,822.9788000000001,E,8,999.0,E,8,1.12,E,8,-9900,?,9,-9900,?,9,0.0,E,8,-9900,?,9,-9900,?,9,0.0,0.0,E,8
03/08/2018,15:00,1062.88,1386.969,389.86,1,8,25.696,1,8,370.172,1,8,46783.2,1,8,2441.112,1,8,40718.968,1,8,153.789,1,8,-9900,?,9,-9900,?,9,18.08,E,8,13.78,E,8,75.0,E,8,822.9788000000001,E,8,999.0,E,8,1.98,E,8,-9900,?,9,-9900,?,9,0.0,E,8,-9900,?,9,-9900,?,9,0.0,0.0,E,8
03/08/2018,16:00,824.184,1386.969,309.98,1,8,26.56,1,8,294.206,1,8,37197.6,1,8,2523.162,1,8,32362.644,1,8,157.68,1,8,-9900,?,9,-9900,?,9,17.98,E,8,13.75,E,8,76.0,E,8,822.9788000000001,E,8,999.0,E,8,2.63,E,8,-9900,?,9,-9900,?,9,0.0,E,8,-9900,?,9,-9900,?,9,0.0,0.0,E,8
03/08/2018,17:00,532.394,1386.969,206.99,1,8,94.791,1,8,170.665,1,8,24838.8,1,8,9005.163,1,8,18773.179,1,8,141.762,1,8,-9900,?,9,-9900,?,9,17.59,E,8,13.63,E,8,77.0,E,8,822.9788000000001,E,8,999.0,E,8,2.0,E,8,-9900,?,9,-9900,?,9,0.0,E,8,-9900,?,9,-9900,?,9,0.0,0.0,E,8
03/08/2018,18:00,208.321,1386.969,91.05,1,8,267.295,1,8,51.38,1,8,10926.0,1,8,25392.979,1,8,5651.836,1,8,110.199,1,8,-9900,?,9,-9900,?,9,16.96,E,8,13.43,E,8,79.0,E,8,822.9788000000001,E,8,999.0,E,8,3.05,E,8,-9900,?,9,-9900,?,9,0.0,E,8,-9900,?,9,-9900,?,9,0.0,0.0,E,8
03/08/2018,19:00,0.0,1386.969,1.19,1,8,0.0,1,8,0.0,1,8,142.8,1,8,0.0,1,8,0.0,1,8,-0.0,1,8,-9900,?,9,-9900,?,9,16.52,E,8,13.28,E,8,81.0,E,8,822.9788000000001,E,8,999.0,E,8,2.94,E,8,-9900,?,9,-9900,?,9,0.0,E,8,-9900,?,9,-9900,?,9,0.0,0.0,E,8
03/08/2018,20:00,0.0,1386.969,0.0,1,8,0.0,1,8,0.0,1,8,0.0,1,8,0.0,1,8,0.0,1,8,-0.0,1,8,-9900,?,9,-9900,?,9,16.08,E,8,13.14,E,8,82.0,E,8,822.9788000000001,E,8,999.0,E,8,1.56,E,8,-9900,?,9,-9900,?,9,0.0,E,8,-9900,?,9,-9900,?,9,0.0,0.0,E,8
03/08/2018,21:00,0.0,1386.969,0.0,1,8,0.0,1,8,0.0,1,8,0.0,1,8,0.0,1,8,0.0,1,8,-0.0,1,8,-9900,?,9,-9900,?,9,15.64,E,8,12.99,E,8,84.0,E,8,822.9788000000001,E,8,999.0,E,8,1.15,E,8,-9900,?,9,-9900,?,9,0.0,E,8,-9900,?,9,-9900,?,9,0.0,0.0,E,8
03/08/2018,22:00,0.0,1386.969,0.0,1,8,0.0,1,8,0.0,1,8,0.0,1,8,0.0,1,8,0.0,1,8,-0.0,1,8,-9900,?,9,-9900,?,9,15.21,E,8,12.85,E,8,85.0,E,8,822.9788000000001,E,8,999.0,E,8,1.46,E,8,-9900,?,9,-9900,?,9,0.0,E,8,-9900,?,9,-9900,?,9,0.0,0.0,E,8
03/08/2018,23:00,0.0,1386.969,0.0,1,8,0.0,1,8,0.0,1,8,0.0,1,8,0.0,1,8,0.0,1,8,-0.0,1,8,-9900,?,9,-9900,?,9,14.77,E,8,12.7,E,8,87.0,E,8,822.9788000000001,E,8,999.0,E,8,1.12,E,8,-9900,?,9,-9900,?,9,0.0,E,8,-9900,?,9,-9900,?,9,0.0,0.0,E,8
03/08/2018,24:00,0.0,1386.969,0.0,1,8,0.0,1,8,0.0,1,8,0.0,1,8,0.0,1,8,0.0,1,8,-0.0,1,8,-9900,?,9,-9900,?,9,14.33,E,8,12.33,E,8,87.0,E,8,822.9788000000001,E,8,999.0,E,8,0.22,E,8,-9900,?,9,-9900,?,9,0.0,E,8,-9900,?,9,-9900,?,9,0.0,0.0,E,8
03/09/2018,01:00,0.0,1386.969,0.0,1,8,0.0,1,8,0.0,1,8,0.0,1,8,0.0,1,8,0.0,1,8,-0.0,1,8,-9900,?,9,-9900,?,9,14.11,E,8,12.32,E,8,88.0,E,8,822.9788000000001,E,8,999.0,E,8,0.22,E,8,-9900,?,9,-9900,?,9,0.0,E,8,-9900,?,9,-9900,?,9,0.0,0.0,E,8
03/09/2018,02:00,0.0,1386.969,0.0,1,8,0.0,1,8,0.0,1,8,0.0,1,8,0.0,1,8,0.0,1,8,-0.0,1,8,-9900,?,9,-9900,?,9,13.89,E,8,12.31,E,8,90.0,E,8,822.9788000000001,E,8,999.0,E,8,0.22,E,8,-9900,?,9,-9900,?,9,0.0,E,8,-9900,?,9,-9900,?,9,0.0,0.0,E,8
03/09/2018,03:00,0.0,1386.969,0.0,1,8,0.0,1,8,0.0,1,8,0.0,1,8,0.0,1,8,0.0,1,8,-0.0,1,8,-9900,?,9,-9900,?,9,13.67,E,8,12.3,E,8,91.0,E,8,822.9788000000001,E,8,999.0,E,8,0.22,E,8,-9900,?,9,-9900,?,9,0.0,E,8,-9900,?,9,-9900,?,9,0.0,0.0,E,8
03/09/2018,04:00,0.0,1386.221,0.0,1,8,0.0,1,8,0.0,1,8,0.0,1,8,0.0,1,8,0.0,1,8,-0.0,1,8,-9900,?,9,-9900,?,9,13.45,E,8,12.29,E,8,92.0,E,8,822.9788000000001,E,8,999.0,E,8,0.22,E,8,-9900,?,9,-9900,?,9,0.0,E,8,-9900,?,9,-9900,?,9,0.0,0.0,E,8
03/09/2018,05:00,0.0,1386.221,0.0,1,8,0.0,1,8,0.0,1,8,0.0,1,8,0.0,1,8,0.0,1,8,-0.0,1,8,-9900,?,9,-9900,?,9,13.23,E,8,12.28,E,8,93.0,E,8,822.9788000000001,E,8,999.0,E,8,0.22,E,8,-9900,?,9,-9900,?,9,0.0,E,8,-9900,?,9,-9900,?,9,0.0,0.0,E,8
03/09/2018,06:00,0.0,1386.221,0.0,1,8,0.0,1,8,0.0,1,8,0.0,1,8,0.0,1,8,0.0,1,8,-0.0,1,8,-9900,?,9,-9900,?,9,13.06,E,8,12.27,E,8,94.0,E,8,822.9788000000001,E,8,999.0,E,8,0.22,E,8,-9900,?,9,-9900,?,9,0.0,E,8,-9900,?,9,-9900,?,9,0.0,0.0,E,8
03/09/2018,07:00,214.867,1386.221,2.6,1,8,0.0,1,8,2.6,1,8,312.0,1,8,0.0,1,8,286.0,1,8,5.4,1,8,-9900,?,9,-9900,?,9,12.92,E,8,12.27,E,8,95.0,E,8,822.9788000000001,E,8,999.0,E,8,0.22,E,8,-9900,?,9,-9900,?,9,0.0,E,8,-9900,?,9,-9900,?,9,0.0,0.0,E,8
03/09/2018,08:00,538.082,1386.221,145.81,1,8,9.686,1,8,142.057,1,8,17497.2,1,8,920.133,1,8,15626.221,1,8,116.683,1,8,-9900,?,9,-9900,?,9,12.77,E,8,12.26,E,8,96.0,E,8,822.9788000000001,E,8,999.0,E,8,0.22,E,8,-9900,?,9,-9900,?,9,0.0,E,8,-9900,?,9,-9900,?,9,0.0,0.0,E,8
03/09/2018,09:00,828.457,1386.221,326.45,1,8,71.496,1,8,283.744,1,8,39174.0,1,8,6792.075,1,8,31211.857,1,8,151.206,1,8,-9900,?,9,-9900,?,9,15.86,E,8,12.39,E,8,79.0,E,8,822.9788000000001,E,8,999.0,E,8,0.22,E,8,-9900,?,9,-9900,?,9,0.0,E,8,-9900,?,9,-9900,?,9,0.0,0.0,E,8
03/09/2018,10:00,1065.3,1386.221,486.35,1,8,110.084,1,8,401.769,1,8,58362.0,1,8,10457.941,1,8,44194.571,1,8,166.447,1,8,-9900,?,9,-9900,?,9,16.95,E,8,12.44,E,8,74.0,E,8,822.9788000000001,E,8,999.0,E,8,0.25,E,8,-9900,?,9,-9900,?,9,0.0,E,8,-9900,?,9,-9900,?,9,0.0,0.0,E,8
03/09/2018,11:00,1232.309,1386.221,609.88,1,8,187.281,1,8,443.406,1,8,73185.6,1,8,17791.681,1,8,48774.648,1,8,158.781,1,8,-9900,?,9,-9900,?,9,17.91,E,8,12.48,E,8,70.0,E,8,822.9788000000001,E,8,999.0,E,8,1.04,E,8,-9900,?,9,-9900,?,9,0.0,E,8,-9900,?,9,-9900,?,9,0.0,0.0,E,8
03/09/2018,12:00,1318.041,1386.221,687.44,1,8,107.687,1,8,585.052,1,8,82492.8,1,8,10230.292,1,8,64355.759,1,8,195.867,1,8,-9900,?,9,-9900,?,9,18.68,E,8,12.51,E,8,67.0,E,8,822.9788000000001,E,8,999.0,E,8,1.79,E,8,-9900,?,9,-9900,?,9,0.0,E,8,-9900,?,9,-9900,?,9,0.0,0.0,E,8
03/09/2018,13:00,1316.624,1386.221,713.35,1,8,126.007,1,8,593.673,1,8,85602.0,1,8,11970.625,1,8,65304.085,1,8,198.967,1,8,-9900,?,9,-9900,?,9,19.25,E,8,12.53,E,8,65.0,E,8,822.9788000000001,E,8,999.0,E,8,2.46,E,8,-9900,?,9,-9900,?,9,0.0,E,8,-9900,?,9,-9900,?,9,0.0,0.0,E,8
03/09/2018,14:00,1228.141,1386.221,685.73,1,8,306.37,1,8,414.319,1,8,82287.6,1,8,29105.143,1,8,45575.112,1,8,148.869,1,8,-9900,?,9,-9900,?,9,19.61,E,8,12.55,E,8,63.0,E,8,822.9788000000001,E,8,999.0,E,8,2.59,E,8,-9900,?,9,-9900,?,9,0.0,E,8,-9900,?,9,-9900,?,9,0.0,0.0,E,8
03/09/2018,15:00,1058.626,1386.221,606.56,1,8,285.12,1,8,388.866,1,8,72787.2,1,8,27086.357,1,8,42775.277,1,8,162.118,1,8,-9900,?,9,-9900,?,9,19.75,E,8,12.55,E,8,63.0,E,8,822.9788000000001,E,8,999.0,E,8,2.59,E,8,-9900,?,9,-9900,?,9,0.0,E,8,-9900,?,9,-9900,?,9,0.0,0.0,E,8
03/09/2018,16:00,819.669,1386.221,481.63,1,8,358.205,1,8,269.94,1,8,57795.6,1,8,34029.469,1,8,29693.388,1,8,145.395,1,8,-9900,?,9,-9900,?,9,19.62,E,8,12.55,E,8,63.0,E,8,822.9788000000001,E,8,999.0,E,8,2.15,E,8,-9900,?,9,-9900,?,9,0.0,E,8,-9900,?,9,-9900,?,9,0.0,0.0,E,8
03/09/2018,17:00,527.696,1386.221,320.69,1,8,437.905,1,8,154.278,1,8,38482.8,1,8,41601.0,1,8,16970.532,1,8,129.225,1,8,-9900,?,9,-9900,?,9,19.16,E,8,12.53,E,8,65.0,E,8,822.9788000000001,E,8,999.0,E,8,1.7,E,8,-9900,?,9,-9900,?,9,0.0,E,8,-9900,?,9,-9900,?,9,0.0,0.0,E,8
03/09/2018,18:00,203.567,1386.221,139.69,1,8,428.726,1,8,77.514,1,8,16762.8,1,8,40728.94,1,8,8526.512,1,8,170.131,1,8,-9900,?,9,-9900,?,9,18.42,E,8,12.5,E,8,68.0,E,8,822.9788000000001,E,8,999.0,E,8,0.85,E,8,-9900,?,9,-9900,?,9,0.0,E,8,-9900,?,9,-9900,?,9,0.0,0.0,E,8
03/09/2018,19:00,0.0,1386.221,1.45,1,8,0.0,1,8,0.0,1,8,174.0,1,8,0.0,1,8,0.0,1,8,-0.0,1,8,-9900,?,9,-9900,?,9,17.9,E,8,12.48,E,8,70.0,E,8,822.9788000000001,E,8,999.0,E,8,0.77,E,8,-9900,?,9,-9900,?,9,0.0,E,8,-9900,?,9,-9900,?,9,0.0,0.0,E,8
03/09/2018,20:00,0.0,1386.221,0.0,1,8,0.0,1,8,0.0,1,8,0.0,1,8,0.0,1,8,0.0,1,8,-0.0,1,8,-9900,?,9,-9900,?,9,17.37,E,8,12.45,E,8,72.0,E,8,822.9788000000001,E,8,999.0,E,8,0.44,E,8,-9900,?,9,-9900,?,9,0.0,E,8,-9900,?,9,-9900,?,9,0.0,0.0,E,8
03/09/2018,21:00,0.0,1386.221,0.0,1,8,0.0,1,8,0.0,1,8,0.0,1,8,0.0,1,8,0.0,1,8,-0.0,1,8,-9900,?,9,-9900,?,9,16.85,E,8,12.43,E,8,75.0,E,8,822.9788000000001,E,8,999.0,E,8,0.22,E,8,-9900,?,9,-9900,?,9,0.0,E,8,-9900,?,9,-9900,?,9,0.0,0.0,E,8
03/09/2018,22:00,0.0,1386.221,0.0,1,8,0.0,1,8,0.0,1,8,0.0,1,8,0.0,1,8,0.0,1,8,-0.0,1,8,-9900,?,9,-9900,?,9,16.32,E,8,12.41,E,8,77.0,E,8,822.9788000000001,E,8,999.0,E,8,0.22,E,8,-9900,?,9,-9900,?,9,0.0,E,8,-9900,?,9,-9900,?,9,0.0,0.0,E,8
03/09/2018,23:00,0.0,1386.221,0.0,1,8,0.0,1,8,0.0,1,8,0.0,1,8,0.0,1,8,0.0,1,8,-0.0,1,8,-9900,?,9,-9900,?,9,15.8,E,8,12.39,E,8,80.0,E,8,822.9788000000001,E,8,999.0,E,8,0.22,E,8,-9900,?,9,-9900,?,9,0.0,E,8,-9900,?,9,-9900,?,9,0.0,0.0,E,8
03/09/2018,24:00,0.0,1386.221,0.0,1,8,0.0,1,8,0.0,1,8,0.0,1,8,0.0,1,8,0.0,1,8,-0.0,1,8,-9900,?,9,-9900,?,9,15.27,E,8,14.54,E,8,93.0,E,8,822.9788000000001,E,8,999.0,E,8,0.71,E,8,-9900,?,9,-9900,?,9,0.0,E,8,-9900,?,9,-9900,?,9,0.0,0.0,E,8
03/10/2018,01:00,0.0,1386.221,0.0,1,8,0.0,1,8,0.0,1,8,0.0,1,8,0.0,1,8,0.0,1,8,-0.0,1,8,-9900,?,9,-9900,?,9,15.01,E,8,14.38,E,8,93.0,E,8,822.9788000000001,E,8,999.0,E,8,0.71,E,8,-9900,?,9,-9900,?,9,0.0,E,8,-9900,?,9,-9900,?,9,0.0,0.0,E,8
03/10/2018,02:00,0.0,1386.221,0.0,1,8,0.0,1,8,0.0,1,8,0.0,1,8,0.0,1,8,0.0,1,8,-0.0,1,8,-9900,?,9,-9900,?,9,14.75,E,8,14.23,E,8,94.0,E,8,822.9788000000001,E,8,999.0,E,8,0.71,E,8,-9900,?,9,-9900,?,9,0.0,E,8,-9900,?,9,-9900,?,9,0.0,0.0,E,8
03/10/2018,03:00,0.0,1386.221,0.0,1,8,0.0,1,8,0.0,1,8,0.0,1,8,0.0,1,8,0.0,1,8,-0.0,1,8,-9900,?,9,-9900,?,9,14.48,E,8,14.07,E,8,94.0,E,8,822.9788000000001,E,8,999.0,E,8,0.71,E,8,-9900,?,9,-9900,?,9,0.0,E,8,-9900,?,9,-9900,?,9,0.0,0.0,E,8
03/10/2018,04:00,0.0,1385.467,0.0,1,8,0.0,1,8,0.0,1,8,0.0,1,8,0.0,1,8,0.0,1,8,-0.0,1,8,-9900,?,9,-9900,?,9,14.22,E,8,13.91,E,8,94.0,E,8,822.9788000000001,E,8,999.0,E,8,0.71,E,8,-9900,?,9,-9900,?,9,0.0,E,8,-9900,?,9,-9900,?,9,0.0,0.0,E,8
03/10/2018,05:00,0.0,1385.467,0.0,1,8,0.0,1,8,0.0,1,8,0.0,1,8,0.0,1,8,0.0,1,8,-0.0,1,8,-9900,?,9,-9900,?,9,13.96,E,8,13.75,E,8,95.0,E,8,822.9788000000001,E,8,999.0,E,8,0.71,E,8,-9900,?,9,-9900,?,9,0.0,E,8,-9900,?,9,-9900,?,9,0.0,0.0,E,8
03/10/2018,06:00,0.0,1385.467,0.0,1,8,0.0,1,8,0.0,1,8,0.0,1,8,0.0,1,8,0.0,1,8,-0.0,1,8,-9900,?,9,-9900,?,9,13.76,E,8,13.62,E,8,95.0,E,8,822.9788000000001,E,8,999.0,E,8,0.71,E,8,-9900,?,9,-9900,?,9,0.0,E,8,-9900,?,9,-9900,?,9,0.0,0.0,E,8
03/10/2018,07:00,212.875,1385.467,1.37,1,8,0.0,1,8,1.37,1,8,164.4,1,8,0.0,1,8,150.7,1,8,2.871,1,8,-9900,?,9,-9900,?,9,13.58,E,8,13.51,E,8,96.0,E,8,822.9788000000001,E,8,999.0,E,8,0.71,E,8,-9900,?,9,-9900,?,9,0.0,E,8,-9900,?,9,-9900,?,9,0.0,0.0,E,8
03/10/2018,08:00,535.97,1385.467,82.99,1,8,0.0,1,8,82.99,1,8,9958.8,1,8,0.0,1,8,9128.9,1,8,68.399,1,8,-9900,?,9,-9900,?,9,13.41,E,8,13.4,E,8,99.0,E,8,822.9788000000001,E,8,999.0,E,8,0.71,E,8,-9900,?,9,-9900,?,9,0.001,E,8,-9900,?,9,-9900,?,9,0.01,99.0,E,8
03/10/2018,09:00,826.148,1385.467,186.44,1,8,3.057,1,8,184.618,1,8,22372.8,1,8,290.376,1,8,20308.017,1,8,98.604,1,8,-9900,?,9,-9900,?,9,15.62,E,8,14.74,E,8,96.0,E,8,822.9788000000001,E,8,999.0,E,8,0.71,E,8,-9900,?,9,-9900,?,9,0.012,E,8,-9900,?,9,-9900,?,9,0.12,99.0,E,8
03/10/2018,10:00,1062.719,1385.467,277.99,1,8,9.676,1,8,270.569,1,8,33358.8,1,8,919.263,1,8,29762.615,1,8,112.304,1,8,-9900,?,9,-9900,?,9,16.41,E,8,15.2,E,8,91.0,E,8,822.9788000000001,E,8,999.0,E,8,0.71,E,8,-9900,?,9,-9900,?,9,0.0,E,8,-9900,?,9,-9900,?,9,0.0,0.0,E,8
03/10/2018,11:00,1229.397,1385.467,348.68,1,8,11.827,1,8,338.186,1,8,41841.6,1,8,1123.577,1,8,37200.46,1,8,121.323,1,8,-9900,?,9,-9900,?,9,17.09,E,8,15.58,E,8,97.0,E,8,822.9788000000001,E,8,999.0,E,8,0.71,E,8,-9900,?,9,-9900,?,9,0.279,E,8,-9900,?,9,-9900,?,9,2.79,99.0,E,8
03/10/2018,12:00,1314.764,1385.467,393.01,1,8,23.968,1,8,370.266,1,8,47161.2,1,8,2276.938,1,8,40729.27,1,8,124.201,1,8,-9900,?,9,-9900,?,9,17.64,E,8,15.88,E,8,88.0,E,8,822.9788000000001,E,8,999.0,E,8,0.71,E,8,-9900,?,9,-9900,?,9,0.0,E,8,-9900,?,9,-9900,?,9,0.0,0.0,E,8
03/10/2018,13:00,1312.972,1385.467,407.73,1,8,25.797,1,8,383.283,1,8,48927.6,1,8,2450.731,1,8,42161.185,1,8,128.744,1,8,-9900,?,9,-9900,?,9,18.05,E,8,16.1,E,8,88.0,E,8,822.9788000000001,E,8,999.0,E,8,0.71,E,8,-9900,?,9,-9900,?,9,0.0,E,8,-9900,?,9,-9900,?,9,0.0,0.0,E,8
03/10/2018,14:00,1224.129,1385.467,391.77,1,8,20.34,1,8,373.8,1,8,47012.4,1,8,1932.323,1,8,41117.986,1,8,134.677,1,8,-9900,?,9,-9900,?,9,18.31,E,8,16.24,E,8,87.0,E,8,822.9788000000001,E,8,999.0,E,8,0.71,E,8,-9900,?,9,-9900,?,9,0.0,E,8,-9900,?,9,-9900,?,9,0.0,0.0,E,8
03/10/2018,15:00,1054.295,1385.467,346.27,1,8,13.511,1,8,335.991,1,8,41552.4,1,8,1283.554,1,8,36958.976,1,8,140.574,1,8,-9900,?,9,-9900,?,9,18.41,E,8,16.29,E,8,87.0,E,8,822.9788000000001,E,8,999.0,E,8,0.71,E,8,-9900,?,9,-9900,?,9,0.0,E,8,-9900,?,9,-9900,?,9,0.0,0.0,E,8
03/10/2018,16:00,815.082,1385.467,274.59,1,8,16.942,1,8,264.628,1,8,32950.8,1,8,1609.476,1,8,29109.133,1,8,143.259,1,8,-9900,?,9,-9900,?,9,18.31,E,8,16.24,E,8,87.0,E,8,822.9788000000001,E,8,999.0,E,8,0.79,E,8,-9900,?,9,-9900,?,9,0.0,E,8,-9900,?,9,-9900,?,9,0.0,0.0,E,8
03/10/2018,17:00,522.938,1385.467,182.3,1,8,42.311,1,8,166.358,1,8,21876.0,1,8,4019.519,1,8,18299.374,1,8,140.54,1,8,-9900,?,9,-9900,?,9,17.98,E,8,16.06,E,8,88.0,E,8,822.9788000000001,E,8,999.0,E,8,0.76,E,8,-9900,?,9,-9900,?,9,0.0,E,8,-9900,?,9,-9900,?,9,0.0,0.0,E,8
03/10/2018,18:00,198.77,1385.467,78.6,1,8,192.195,1,8,51.384,1,8,9432.0,1,8,18258.526,1,8,5652.294,1,8,115.507,1,8,-9900,?,9,-9900,?,9,17.45,E,8,15.78,E,8,89.0,E,8,822.9788000000001,E,8,999.0,E,8,0.71,E,8,-9900,?,9,-9900,?,9,0.0,E,8,-9900,?,9,-9900,?,9,0.0,0.0,E,8
03/10/2018,19:00,0.0,1385.467,0.63,1,8,0.0,1,8,0.0,1,8,75.6,1,8,0.0,1,8,0.0,1,8,-0.0,1,8,-9900,?,9,-9900,?,9,17.0,E,8,15.53,E,8,93.0,E,8,822.9788000000001,E,8,999.0,E,8,0.71,E,8,-9900,?,9,-9900,?,9,0.005,E,8,-9900,?,9,-9900,?,9,0.05,99.0,E,8
03/10/2018,20:00,0.0,1385.467,0.0,1,8,0.0,1,8,0.0,1,8,0.0,1,8,0.0,1,8,0.0,1,8,-0.0,1,8,-9900,?,9,-9900,?,9,16.55,E,8,15.28,E,8,94.0,E,8,822.9788000000001,E,8,999.0,E,8,0.71,E,8,-9900,?,9,-9900,?,9,0.002,E,8,-9900,?,9,-9900,?,9,0.02,99.0,E,8
03/10/2018,21:00,0.0,1385.467,0.0,1,8,0.0,1,8,0.0,1,8,0.0,1,8,0.0,1,8,0.0,1,8,-0.0,1,8,-9900,?,9,-9900,?,9,16.1,E,8,15.02,E,8,91.0,E,8,822.9788000000001,E,8,999.0,E,8,1.09,E,8,-9900,?,9,-9900,?,9,0.0,E,8,-9900,?,9,-9900,?,9,0.0,0.0,E,8
03/10/2018,22:00,0.0,1385.467,0.0,1,8,0.0,1,8,0.0,1,8,0.0,1,8,0.0,1,8,0.0,1,8,-0.0,1,8,-9900,?,9,-9900,?,9,15.65,E,8,14.76,E,8,92.0,E,8,822.9788000000001,E,8,999.0,E,8,1.51,E,8,-9900,?,9,-9900,?,9,0.0,E,8,-9900,?,9,-9900,?,9,0.0,0.0,E,8
03/10/2018,23:00,0.0,1385.467,0.0,1,8,0.0,1,8,0.0,1,8,0.0,1,8,0.0,1,8,0.0,1,8,-0.0,1,8,-9900,?,9,-9900,?,9,15.19,E,8,14.49,E,8,93.0,E,8,822.9788000000001,E,8,999.0,E,8,1.93,E,8,-9900,?,9,-9900,?,9,0.0,E,8,-9900,?,9,-9900,?,9,0.0,0.0,E,8
03/10/2018,24:00,0.0,1385.467,0.0,1,8,0.0,1,8,0.0,1,8,0.0,1,8,0.0,1,8,0.0,1,8,-0.0,1,8,-9900,?,9,-9900,?,9,14.74,E,8,13.96,E,8,95.0,E,8,822.9788000000001,E,8,999.0,E,8,1.2,E,8,-9900,?,9,-9900,?,9,0.014000000000000002,E,8,-9900,?,9,-9900,?,9,0.14,99.0,E,8
03/11/2018,01:00,0.0,1385.467,0.0,1,8,0.0,1,8,0.0,1,8,0.0,1,8,0.0,1,8,0.0,1,8,-0.0,1,8,-9900,?,9,-9900,?,9,14.52,E,8,13.85,E,8,92.0,E,8,822.9788000000001,E,8,999.0,E,8,1.28,E,8,-9900,?,9,-9900,?,9,0.0,E,8,-9900,?,9,-9900,?,9,0.0,0.0,E,8
03/11/2018,02:00,0.0,1385.467,0.0,1,8,0.0,1,8,0.0,1,8,0.0,1,8,0.0,1,8,0.0,1,8,-0.0,1,8,-9900,?,9,-9900,?,9,14.29,E,8,13.73,E,8,92.0,E,8,822.9788000000001,E,8,999.0,E,8,1.6,E,8,-9900,?,9,-9900,?,9,0.0,E,8,-9900,?,9,-9900,?,9,0.0,0.0,E,8
03/11/2018,03:00,0.0,1385.467,0.0,1,8,0.0,1,8,0.0,1,8,0.0,1,8,0.0,1,8,0.0,1,8,-0.0,1,8,-9900,?,9,-9900,?,9,14.07,E,8,13.62,E,8,93.0,E,8,822.9788000000001,E,8,999.0,E,8,1.97,E,8,-9900,?,9,-9900,?,9,0.0,E,8,-9900,?,9,-9900,?,9,0.0,0.0,E,8
03/11/2018,04:00,0.0,1384.708,0.0,1,8,0.0,1,8,0.0,1,8,0.0,1,8,0.0,1,8,0.0,1,8,-0.0,1,8,-9900,?,9,-9900,?,9,13.84,E,8,13.5,E,8,97.0,E,8,822.9788000000001,E,8,999.0,E,8,1.76,E,8,-9900,?,9,-9900,?,9,0.003,E,8,-9900,?,9,-9900,?,9,0.03,99.0,E,8
03/11/2018,05:00,0.0,1384.708,0.0,1,8,0.0,1,8,0.0,1,8,0.0,1,8,0.0,1,8,0.0,1,8,-0.0,1,8,-9900,?,9,-9900,?,9,13.62,E,8,13.39,E,8,94.0,E,8,822.9788000000001,E,8,999.0,E,8,1.7,E,8,-9900,?,9,-9900,?,9,0.0,E,8,-9900,?,9,-9900,?,9,0.0,0.0,E,8
03/11/2018,06:00,0.0,1384.708,0.0,1,8,0.0,1,8,0.0,1,8,0.0,1,8,0.0,1,8,0.0,1,8,-0.0,1,8,-9900,?,9,-9900,?,9,13.44,E,8,13.29,E,8,94.0,E,8,822.9788000000001,E,8,999.0,E,8,1.53,E,8,-9900,?,9,-9900,?,9,0.0,E,8,-9900,?,9,-9900,?,9,0.0,0.0,E,8
03/11/2018,07:00,210.899,1384.708,0.96,1,8,0.0,1,8,0.96,1,8,115.2,1,8,0.0,1,8,105.6,1,8,2.03,1,8,-9900,?,9,-9900,?,9,13.29,E,8,13.21,E,8,95.0,E,8,822.9788000000001,E,8,999.0,E,8,2.07,E,8,-9900,?,9,-9900,?,9,0.0,E,8,-9900,?,9,-9900,?,9,0.0,0.0,E,8
03/11/2018,08:00,533.854,1384.708,63.19,1,8,0.0,1,8,63.19,1,8,7582.8,1,8,0.0,1,8,6950.9,1,8,52.259,1,8,-9900,?,9,-9900,?,9,13.14,E,8,13.14,E,8,98.0,E,8,822.9788000000001,E,8,999.0,E,8,2.0,E,8,-9900,?,9,-9900,?,9,0.005,E,8,-9900,?,9,-9900,?,9,0.05,99.0,E,8
03/11/2018,09:00,823.816,1384.708,142.43,1,8,0.849,1,8,141.925,1,8,17091.6,1,8,80.655,1,8,15611.769,1,8,75.975,1,8,-9900,?,9,-9900,?,9,15.39,E,8,14.28,E,8,94.0,E,8,822.9788000000001,E,8,999.0,E,8,1.11,E,8,-9900,?,9,-9900,?,9,0.007000000000000001,E,8,-9900,?,9,-9900,?,9,0.07,99.0,E,8
03/11/2018,10:00,1060.097,1384.708,149.87,1,8,2.111,1,8,148.254,1,8,17984.4,1,8,200.583,1,8,16307.929,1,8,61.654,1,8,-9900,?,9,-9900,?,9,15.74,E,8,14.45,E,8,93.0,E,8,822.9788000000001,E,8,999.0,E,8,1.27,E,8,-9900,?,9,-9900,?,9,0.02,E,8,-9900,?,9,-9900,?,9,0.2,99.0,E,8
03/11/2018,11:00,1226.43,1384.708,266.64,1,8,4.613,1,8,262.555,1,8,31996.8,1,8,438.2,1,8,28881.044,1,8,94.367,1,8,-9900,?,9,-9900,?,9,16.55,E,8,14.84,E,8,88.0,E,8,822.9788000000001,E,8,999.0,E,8,2.14,E,8,-9900,?,9,-9900,?,9,0.0,E,8,-9900,?,9,-9900,?,9,0.0,0.0,E,8
03/11/2018,12:00,1311.42,1384.708,300.53,1,8,7.179,1,8,293.731,1,8,36063.6,1,8,682.023,1,8,32310.411,1,8,98.726,1,8,-9900,?,9,-9900,?,9,17.18,E,8,15.14,E,8,90.0,E,8,822.9788000000001,E,8,999.0,E,8,2.46,E,8,-9900,?,9,-9900,?,9,0.01,E,8,-9900,?,9,-9900,?,9,0.1,99.0,E,8
03/11/2018,13:00,1309.244,1384.708,311.71,1,8,7.349,1,8,304.762,1,8,37405.2,1,8,698.171,1,8,33523.775,1,8,102.604,1,8,-9900,?,9,-9900,?,9,17.64,E,8,15.35,E,8,85.0,E,8,822.9788000000001,E,8,999.0,E,8,2.26,E,8,-9900,?,9,-9900,?,9,0.0,E,8,-9900,?,9,-9900,?,9,0.0,0.0,E,8
03/11/2018,14:00,1220.039,1384.708,299.38,1,8,12.949,1,8,287.972,1,8,35925.6,1,8,1230.184,1,8,31676.875,1,8,104.045,1,8,-9900,?,9,-9900,?,9,17.94,E,8,15.49,E,8,85.0,E,8,822.9788000000001,E,8,999.0,E,8,2.42,E,8,-9900,?,9,-9900,?,9,0.0,E,8,-9900,?,9,-9900,?,9,0.0,0.0,E,8
03/11/2018,15:00,1049.888,1384.708,264.41,1,8,8.491,1,8,257.974,1,8,31729.2,1,8,806.624,1,8,28377.105,1,8,108.327,1,8,-9900,?,9,-9900,?,9,18.06,E,8,15.55,E,8,88.0,E,8,822.9788000000001,E,8,999.0,E,8,2.49,E,8,-9900,?,9,-9900,?,9,0.027000000000000003,E,8,-9900,?,9,-9900,?,9,0.27,99.0,E,8
03/11/2018,16:00,810.427,1384.708,209.38,1,8,5.902,1,8,205.928,1,8,25125.6,1,8,560.667,1,8,22652.061,1,8,112.061,1,8,-9900,?,9,-9900,?,9,18.0,E,8,15.52,E,8,85.0,E,8,822.9788000000001,E,8,999.0,E,8,2.66,E,8,-9900,?,9,-9900,?,9,0.0,E,8,-9900,?,9,-9900,?,9,0.0,0.0,E,8
03/11/2018,17:00,518.124,1384.708,138.59,1,8,8.242,1,8,135.512,1,8,16630.8,1,8,782.984,1,8,14906.273,1,8,115.485,1,8,-9900,?,9,-9900,?,9,17.68,E,8,15.37,E,8,85.0,E,8,822.9788000000001,E,8,999.0,E,8,1.89,E,8,-9900,?,9,-9900,?,9,0.0,E,8,-9900,?,9,-9900,?,9,0.0,0.0,E,8
03/11/2018,18:00,193.934,1384.708,59.14,1,8,61.105,1,8,50.699,1,8,7096.8,1,8,5804.946,1,8,5576.838,1,8,116.816,1,8,-9900,?,9,-9900,?,9,17.16,E,8,15.13,E,8,90.0,E,8,822.9788000000001,E,8,999.0,E,8,2.45,E,8,-9900,?,9,-9900,?,9,0.002,E,8,-9900,?,9,-9900,?,9,0.02,99.0,E,8
03/11/2018,19:00,0.0,1384.708,0.35,1,8,0.0,1,8,0.0,1,8,42.0,1,8,0.0,1,8,0.0,1,8,-0.0,1,8,-9900,?,9,-9900,?,9,16.74,E,8,14.93,E,8,91.0,E,8,822.9788000000001,E,8,999.0,E,8,2.84,E,8,-9900,?,9,-9900,?,9,0.001,E,8,-9900,?,9,-9900,?,9,0.01,99.0,E,8
03/11/2018,20:00,0.0,1384.708,0.0,1,8,0.0,1,8,0.0,1,8,0.0,1,8,0.0,1,8,0.0,1,8,-0.0,1,8,-9900,?,9,-9900,?,9,16.32,E,8,14.73,E,8,95.0,E,8,822.9788000000001,E,8,999.0,E,8,2.33,E,8,-9900,?,9,-9900,?,9,0.10300000000000001,E,8,-9900,?,9,-9900,?,9,1.03,99.0,E,8
03/11/2018,21:00,0.0,1384.708,0.0,1,8,0.0,1,8,0.0,1,8,0.0,1,8,0.0,1,8,0.0,1,8,-0.0,1,8,-9900,?,9,-9900,?,9,15.91,E,8,14.53,E,8,99.0,E,8,822.9788000000001,E,8,999.0,E,8,1.91,E,8,-9900,?,9,-9900,?,9,1.41,E,8,-9900,?,9,-9900,?,9,14.1,99.0,E,8
03/11/2018,22:00,0.0,1384.708,0.0,1,8,0.0,1,8,0.0,1,8,0.0,1,8,0.0,1,8,0.0,1,8,-0.0,1,8,-9900,?,9,-9900,?,9,15.49,E,8,14.33,E,8,93.0,E,8,822.9788000000001,E,8,999.0,E,8,1.6,E,8,-9900,?,9,-9900,?,9,0.057999999999999996,E,8,-9900,?,9,-9900,?,9,0.58,99.0,E,8
03/11/2018,23:00,0.0,1384.708,0.0,1,8,0.0,1,8,0.0,1,8,0.0,1,8,0.0,1,8,0.0,1,8,-0.0,1,8,-9900,?,9,-9900,?,9,15.07,E,8,14.12,E,8,94.0,E,8,822.9788000000001,E,8,999.0,E,8,0.8,E,8,-9900,?,9,-9900,?,9,0.039,E,8,-9900,?,9,-9900,?,9,0.39,99.0,E,8
03/11/2018,24:00,0.0,1384.708,0.0,1,8,0.0,1,8,0.0,1,8,0.0,1,8,0.0,1,8,0.0,1,8,-0.0,1,8,-9900,?,9,-9900,?,9,14.65,E,8,13.98,E,8,97.0,E,8,822.9788000000001,E,8,999.0,E,8,0.55,E,8,-9900,?,9,-9900,?,9,0.003,E,8,-9900,?,9,-9900,?,9,0.03,99.0,E,8
03/12/2018,01:00,0.0,1384.708,0.0,1,8,0.0,1,8,0.0,1,8,0.0,1,8,0.0,1,8,0.0,1,8,-0.0,1,8,-9900,?,9,-9900,?,9,14.44,E,8,13.87,E,8,93.0,E,8,822.9788000000001,E,8,999.0,E,8,0.93,E,8,-9900,?,9,-9900,?,9,0.0,E,8,-9900,?,9,-9900,?,9,0.0,0.0,E,8
03/12/2018,02:00,0.0,1384.708,0.0,1,8,0.0,1,8,0.0,1,8,0.0,1,8,0.0,1,8,0.0,1,8,-0.0,1,8,-9900,?,9,-9900,?,9,14.24,E,8,13.76,E,8,94.0,E,8,822.9788000000001,E,8,999.0,E,8,1.31,E,8,-9900,?,9,-9900,?,9,0.0,E,8,-9900,?,9,-9900,?,9,0.0,0.0,E,8
03/12/2018,03:00,0.0,1384.708,0.0,1,8,0.0,1,8,0.0,1,8,0.0,1,8,0.0,1,8,0.0,1,8,-0.0,1,8,-9900,?,9,-9900,?,9,14.03,E,8,13.64,E,8,99.0,E,8,822.9788000000001,E,8,999.0,E,8,1.04,E,8,-9900,?,9,-9900,?,9,0.001,E,8,-9900,?,9,-9900,?,9,0.01,99.0,E,8
03/12/2018,04:00,0.0,1383.945,0.0,1,8,0.0,1,8,0.0,1,8,0.0,1,8,0.0,1,8,0.0,1,8,-0.0,1,8,-9900,?,9,-9900,?,9,13.82,E,8,13.53,E,8,99.0,E,8,822.9788000000001,E,8,999.0,E,8,1.66,E,8,-9900,?,9,-9900,?,9,0.009,E,8,-9900,?,9,-9900,?,9,0.09,99.0,E,8
03/12/2018,05:00,0.0,1383.945,0.0,1,8,0.0,1,8,0.0,1,8,0.0,1,8,0.0,1,8,0.0,1,8,-0.0,1,8,-9900,?,9,-9900,?,9,13.61,E,8,13.41,E,8,95.0,E,8,822.9788000000001,E,8,999.0,E,8,1.75,E,8,-9900,?,9,-9900,?,9,0.0,E,8,-9900,?,9,-9900,?,9,0.0,0.0,E,8
03/12/2018,06:00,0.0,1383.945,0.0,1,8,0.0,1,8,0.0,1,8,0.0,1,8,0.0,1,8,0.0,1,8,-0.0,1,8,-9900,?,9,-9900,?,9,13.45,E,8,13.32,E,8,96.0,E,8,822.9788000000001,E,8,999.0,E,8,2.29,E,8,-9900,?,9,-9900,?,9,0.0,E,8,-9900,?,9,-9900,?,9,0.0,0.0,E,8
03/12/2018,07:00,208.936,1383.945,2.83,1,8,0.0,1,8,2.83,1,8,339.6,1,8,0.0,1,8,311.3,1,8,6.038,1,8,-9900,?,9,-9900,?,9,13.31,E,8,13.24,E,8,96.0,E,8,822.9788000000001,E,8,999.0,E,8,1.8,E,8,-9900,?,9,-9900,?,9,0.0,E,8,-9900,?,9,-9900,?,9,0.0,0.0,E,8
03/12/2018,08:00,531.734,1383.945,56.28,1,8,0.0,1,8,56.28,1,8,6753.6,1,8,0.0,1,8,6190.8,1,8,46.705,1,8,-9900,?,9,-9900,?,9,13.17,E,8,13.17,E,8,97.0,E,8,822.9788000000001,E,8,999.0,E,8,1.4,E,8,-9900,?,9,-9900,?,9,0.0,E,8,-9900,?,9,-9900,?,9,0.0,0.0,E,8
03/12/2018,09:00,821.461,1383.945,119.87,1,8,0.0,1,8,119.87,1,8,14384.4,1,8,0.0,1,8,13185.7,1,8,64.317,1,8,-9900,?,9,-9900,?,9,15.12,E,8,14.23,E,8,92.0,E,8,822.9788000000001,E,8,999.0,E,8,0.78,E,8,-9900,?,9,-9900,?,9,0.0,E,8,-9900,?,9,-9900,?,9,0.0,0.0,E,8
03/12/2018,10:00,1057.435,1383.945,190.11,1,8,2.171,1,8,188.452,1,8,22813.2,1,8,206.216,1,8,20729.695,1,8,78.525,1,8,-9900,?,9,-9900,?,9,15.88,E,8,14.63,E,8,90.0,E,8,822.9788000000001,E,8,999.0,E,8,1.36,E,8,-9900,?,9,-9900,?,9,0.0,E,8,-9900,?,9,-9900,?,9,0.0,0.0,E,8
03/12/2018,11:00,1223.407,1383.945,191.71,1,8,3.369,1,8,188.732,1,8,23005.2,1,8,320.036,1,8,20760.544,1,8,67.964,1,8,-9900,?,9,-9900,?,9,16.26,E,8,14.82,E,8,93.0,E,8,822.9788000000001,E,8,999.0,E,8,0.66,E,8,-9900,?,9,-9900,?,9,0.005,E,8,-9900,?,9,-9900,?,9,0.05,99.0,E,8
03/12/2018,12:00,1308.008,1383.945,268.86,1,8,4.206,1,8,264.885,1,8,32263.2,1,8,399.563,1,8,29137.349,1,8,89.214,1,8,-9900,?,9,-9900,?,9,16.84,E,8,15.12,E,8,87.0,E,8,822.9788000000001,E,8,999.0,E,8,0.57,E,8,-9900,?,9,-9900,?,9,0.0,E,8,-9900,?,9,-9900,?,9,0.0,0.0,E,8
03/12/2018,13:00,1305.443,1383.945,208.94,1,8,3.434,1,8,205.701,1,8,25072.8,1,8,326.26,1,8,22627.067,1,8,69.416,1,8,-9900,?,9,-9900,?,9,17.0,E,8,15.2,E,8,87.0,E,8,822.9788000000001,E,8,999.0,E,8,0.5,E,8,-9900,?,9,-9900,?,9,0.0,E,8,-9900,?,9,-9900,?,9,0.0,0.0,E,8
03/12/2018,14:00,1215.872,1383.945,244.62,1,8,4.3,1,8,240.843,1,8,29354.4,1,8,408.471,1,8,26492.708,1,8,87.267,1,8,-9900,?,9,-9900,?,9,17.23,E,8,15.31,E,8,91.0,E,8,822.9788000000001,E,8,999.0,E,8,0.5,E,8,-9900,?,9,-9900,?,9,0.001,E,8,-9900,?,9,-9900,?,9,0.01,99.0,E,8
03/12/2018,15:00,1045.408,1383.945,261.98,1,8,9.4,1,8,254.881,1,8,31437.6,1,8,892.985,1,8,28036.92,1,8,107.428,1,8,-9900,?,9,-9900,?,9,17.45,E,8,15.42,E,8,99.0,E,8,822.9788000000001,E,8,999.0,E,8,0.5,E,8,-9900,?,9,-9900,?,9,0.632,E,8,-9900,?,9,-9900,?,9,6.32,99.0,E,8
03/12/2018,16:00,805.706,1383.945,272.19,1,8,48.414,1,8,244.02,1,8,32662.8,1,8,4599.361,1,8,26842.225,1,8,133.495,1,8,-9900,?,9,-9900,?,9,17.64,E,8,15.51,E,8,90.0,E,8,822.9788000000001,E,8,999.0,E,8,0.5,E,8,-9900,?,9,-9900,?,9,0.016,E,8,-9900,?,9,-9900,?,9,0.16,99.0,E,8
03/12/2018,17:00,513.255,1383.945,148.83,1,8,15.364,1,8,143.143,1,8,17859.6,1,8,1459.543,1,8,15745.683,1,8,123.083,1,8,-9900,?,9,-9900,?,9,17.44,E,8,15.42,E,8,90.0,E,8,822.9788000000001,E,8,999.0,E,8,0.5,E,8,-9900,?,9,-9900,?,9,0.033,E,8,-9900,?,9,-9900,?,9,0.33,99.0,E,8
03/12/2018,18:00,189.061,1383.945,67.44,1,8,135.907,1,8,49.139,1,8,8092.8,1,8,12911.177,1,8,5405.263,1,8,116.154,1,8,-9900,?,9,-9900,?,9,17.0,E,8,15.2,E,8,87.0,E,8,822.9788000000001,E,8,999.0,E,8,0.5,E,8,-9900,?,9,-9900,?,9,0.0,E,8,-9900,?,9,-9900,?,9,0.0,0.0,E,8
03/12/2018,19:00,0.0,1383.945,1.74,1,8,0.0,1,8,0.0,1,8,208.8,1,8,0.0,1,8,0.0,1,8,-0.0,1,8,-9900,?,9,-9900,?,9,16.53,E,8,14.96,E,8,88.0,E,8,822.9788000000001,E,8,999.0,E,8,0.5,E,8,-9900,?,9,-9900,?,9,0.0,E,8,-9900,?,9,-9900,?,9,0.0,0.0,E,8
03/12/2018,20:00,0.0,1383.945,0.0,1,8,0.0,1,8,0.0,1,8,0.0,1,8,0.0,1,8,0.0,1,8,-0.0,1,8,-9900,?,9,-9900,?,9,16.05,E,8,14.72,E,8,89.0,E,8,822.9788000000001,E,8,999.0,E,8,0.5,E,8,-9900,?,9,-9900,?,9,0.0,E,8,-9900,?,9,-9900,?,9,0.0,0.0,E,8
03/12/2018,21:00,0.0,1383.945,0.0,1,8,0.0,1,8,0.0,1,8,0.0,1,8,0.0,1,8,0.0,1,8,-0.0,1,8,-9900,?,9,-9900,?,9,15.58,E,8,14.47,E,8,90.0,E,8,822.9788000000001,E,8,999.0,E,8,0.5,E,8,-9900,?,9,-9900,?,9,0.0,E,8,-9900,?,9,-9900,?,9,0.0,0.0,E,8
03/12/2018,22:00,0.0,1383.945,0.0,1,8,0.0,1,8,0.0,1,8,0.0,1,8,0.0,1,8,0.0,1,8,-0.0,1,8,-9900,?,9,-9900,?,9,15.11,E,8,14.23,E,8,92.0,E,8,822.9788000000001,E,8,999.0,E,8,0.5,E,8,-9900,?,9,-9900,?,9,0.0,E,8,-9900,?,9,-9900,?,9,0.0,0.0,E,8
03/12/2018,23:00,0.0,1383.945,0.0,1,8,0.0,1,8,0.0,1,8,0.0,1,8,0.0,1,8,0.0,1,8,-0.0,1,8,-9900,?,9,-9900,?,9,14.63,E,8,13.97,E,8,93.0,E,8,822.9788000000001,E,8,999.0,E,8,0.5,E,8,-9900,?,9,-9900,?,9,0.0,E,8,-9900,?,9,-9900,?,9,0.0,0.0,E,8
03/12/2018,24:00,0.0,1383.945,0.0,1,8,0.0,1,8,0.0,1,8,0.0,1,8,0.0,1,8,0.0,1,8,-0.0,1,8,-9900,?,9,-9900,?,9,14.16,E,8,13.64,E,8,94.0,E,8,822.9788000000001,E,8,999.0,E,8,0.81,E,8,-9900,?,9,-9900,?,9,0.002,E,8,-9900,?,9,-9900,?,9,0.02,99.0,E,8
03/13/2018,01:00,0.0,1383.945,0.0,1,8,0.0,1,8,0.0,1,8,0.0,1,8,0.0,1,8,0.0,1,8,-0.0,1,8,-9900,?,9,-9900,?,9,13.92,E,8,13.48,E,8,92.0,E,8,822.9788000000001,E,8,999.0,E,8,0.81,E,8,-9900,?,9,-9900,?,9,0.0,E,8,-9900,?,9,-9900,?,9,0.0,0.0,E,8
03/13/2018,02:00,0.0,1383.945,0.0,1,8,0.0,1,8,0.0,1,8,0.0,1,8,0.0,1,8,0.0,1,8,-0.0,1,8,-9900,?,9,-9900,?,9,13.69,E,8,13.32,E,8,95.0,E,8,822.9788000000001,E,8,999.0,E,8,0.81,E,8,-9900,?,9,-9900,?,9,0.006,E,8,-9900,?,9,-9900,?,9,0.06,99.0,E,8
03/13/2018,03:00,0.0,1383.945,0.0,1,8,0.0,1,8,0.0,1,8,0.0,1,8,0.0,1,8,0.0,1,8,-0.0,1,8,-9900,?,9,-9900,?,9,13.45,E,8,13.16,E,8,95.0,E,8,822.9788000000001,E,8,999.0,E,8,0.81,E,8,-9900,?,9,-9900,?,9,0.001,E,8,-9900,?,9,-9900,?,9,0.01,99.0,E,8
03/13/2018,04:00,0.0,1383.176,0.0,1,8,0.0,1,8,0.0,1,8,0.0,1,8,0.0,1,8,0.0,1,8,-0.0,1,8,-9900,?,9,-9900,?,9,13.21,E,8,12.99,E,8,95.0,E,8,822.9788000000001,E,8,999.0,E,8,0.81,E,8,-9900,?,9,-9900,?,9,0.011,E,8,-9900,?,9,-9900,?,9,0.11,99.0,E,8
03/13/2018,05:00,0.0,1383.176,0.0,1,8,0.0,1,8,0.0,1,8,0.0,1,8,0.0,1,8,0.0,1,8,-0.0,1,8,-9900,?,9,-9900,?,9,12.98,E,8,12.83,E,8,96.0,E,8,822.9788000000001,E,8,999.0,E,8,0.81,E,8,-9900,?,9,-9900,?,9,0.024,E,8,-9900,?,9,-9900,?,9,0.24,99.0,E,8
03/13/2018,06:00,0.0,1383.176,0.0,1,8,0.0,1,8,0.0,1,8,0.0,1,8,0.0,1,8,0.0,1,8,-0.0,1,8,-9900,?,9,-9900,?,9,12.79,E,8,12.7,E,8,96.0,E,8,822.9788000000001,E,8,999.0,E,8,0.81,E,8,-9900,?,9,-9900,?,9,0.003,E,8,-9900,?,9,-9900,?,9,0.03,99.0,E,8
03/13/2018,07:00,206.986,1383.176,0.65,1,8,0.0,1,8,0.65,1,8,78.0,1,8,0.0,1,8,71.5,1,8,1.399,1,8,-9900,?,9,-9900,?,9,12.64,E,8,12.59,E,8,93.0,E,8,822.9788000000001,E,8,999.0,E,8,0.81,E,8,-9900,?,9,-9900,?,9,0.0,E,8,-9900,?,9,-9900,?,9,0.0,0.0,E,8
03/13/2018,08:00,529.608,1383.176,50.69,1,8,0.0,1,8,50.69,1,8,6082.8,1,8,0.0,1,8,5575.9,1,8,42.212,1,8,-9900,?,9,-9900,?,9,12.48,E,8,12.48,E,8,94.0,E,8,822.9788000000001,E,8,999.0,E,8,0.81,E,8,-9900,?,9,-9900,?,9,0.0,E,8,-9900,?,9,-9900,?,9,0.0,0.0,E,8
03/13/2018,09:00,819.083,1383.176,115.04,1,8,0.0,1,8,115.04,1,8,13804.8,1,8,0.0,1,8,12654.4,1,8,61.871,1,8,-9900,?,9,-9900,?,9,14.63,E,8,13.95,E,8,92.0,E,8,822.9788000000001,E,8,999.0,E,8,0.81,E,8,-9900,?,9,-9900,?,9,0.0,E,8,-9900,?,9,-9900,?,9,0.0,0.0,E,8
03/13/2018,10:00,1054.731,1383.176,145.7,1,8,2.285,1,8,143.958,1,8,17484.0,1,8,217.073,1,8,15835.378,1,8,60.105,1,8,-9900,?,9,-9900,?,9,15.17,E,8,14.3,E,8,91.0,E,8,822.9788000000001,E,8,999.0,E,8,0.81,E,8,-9900,?,9,-9900,?,9,0.0,E,8,-9900,?,9,-9900,?,9,0.0,0.0,E,8
03/13/2018,11:00,1220.329,1383.176,198.91,1,8,2.485,1,8,196.717,1,8,23869.2,1,8,236.116,1,8,21638.911,1,8,70.979,1,8,-9900,?,9,-9900,?,9,15.79,E,8,14.69,E,8,90.0,E,8,822.9788000000001,E,8,999.0,E,8,0.81,E,8,-9900,?,9,-9900,?,9,0.0,E,8,-9900,?,9,-9900,?,9,0.0,0.0,E,8
03/13/2018,12:00,1304.531,1383.176,226.92,1,8,5.948,1,8,221.311,1,8,27230.4,1,8,565.031,1,8,24344.176,1,8,74.695,1,8,-9900,?,9,-9900,?,9,16.31,E,8,15.01,E,8,90.0,E,8,822.9788000000001,E,8,999.0,E,8,0.81,E,8,-9900,?,9,-9900,?,9,0.0,E,8,-9900,?,9,-9900,?,9,0.0,0.0,E,8
03/13/2018,13:00,1301.568,1383.176,247.28,1,8,3.646,1,8,243.849,1,8,29673.6,1,8,346.376,1,8,26823.411,1,8,82.489,1,8,-9900,?,9,-9900,?,9,16.74,E,8,15.28,E,8,89.0,E,8,822.9788000000001,E,8,999.0,E,8,0.81,E,8,-9900,?,9,-9900,?,9,0.0,E,8,-9900,?,9,-9900,?,9,0.0,0.0,E,8
03/13/2018,14:00,1211.631,1383.176,262.62,1,8,3.193,1,8,259.823,1,8,31514.4,1,8,303.331,1,8,28580.562,1,8,94.422,1,8,-9900,?,9,-9900,?,9,17.1,E,8,15.49,E,8,91.0,E,8,822.9788000000001,E,8,999.0,E,8,0.81,E,8,-9900,?,9,-9900,?,9,0.014000000000000002,E,8,-9900,?,9,-9900,?,9,0.14,99.0,E,8
03/13/2018,15:00,1040.856,1383.176,227.56,1,8,5.394,1,8,223.502,1,8,27307.2,1,8,512.417,1,8,24585.217,1,8,94.562,1,8,-9900,?,9,-9900,?,9,17.26,E,8,15.59,E,8,91.0,E,8,822.9788000000001,E,8,999.0,E,8,0.81,E,8,-9900,?,9,-9900,?,9,0.004,E,8,-9900,?,9,-9900,?,9,0.04,99.0,E,8
03/13/2018,16:00,800.921,1383.176,177.05,1,8,3.117,1,8,175.246,1,8,21246.0,1,8,296.125,1,8,19277.071,1,8,96.391,1,8,-9900,?,9,-9900,?,9,17.23,E,8,15.57,E,8,91.0,E,8,822.9788000000001,E,8,999.0,E,8,0.81,E,8,-9900,?,9,-9900,?,9,0.008,E,8,-9900,?,9,-9900,?,9,0.08,99.0,E,8
03/13/2018,17:00,508.335,1383.176,111.32,1,8,0.0,1,8,111.32,1,8,13358.4,1,8,0.0,1,8,12245.2,1,8,96.596,1,8,-9900,?,9,-9900,?,9,16.91,E,8,15.38,E,8,92.0,E,8,822.9788000000001,E,8,999.0,E,8,0.81,E,8,-9900,?,9,-9900,?,9,0.041999999999999996,E,8,-9900,?,9,-9900,?,9,0.42,99.0,E,8
03/13/2018,18:00,184.154,1383.176,46.26,1,8,4.054,1,8,45.728,1,8,5551.2,1,8,385.125,1,8,5030.119,1,8,110.992,1,8,-9900,?,9,-9900,?,9,16.39,E,8,15.06,E,8,92.0,E,8,822.9788000000001,E,8,999.0,E,8,0.81,E,8,-9900,?,9,-9900,?,9,0.08299999999999999,E,8,-9900,?,9,-9900,?,9,0.83,99.0,E,8
03/13/2018,19:00,0.0,1383.176,0.14,1,8,0.0,1,8,0.0,1,8,16.8,1,8,0.0,1,8,0.0,1,8,-0.0,1,8,-9900,?,9,-9900,?,9,15.89,E,8,14.75,E,8,95.0,E,8,822.9788000000001,E,8,999.0,E,8,0.81,E,8,-9900,?,9,-9900,?,9,0.142,E,8,-9900,?,9,-9900,?,9,1.42,99.0,E,8
03/13/2018,20:00,0.0,1383.176,0.0,1,8,0.0,1,8,0.0,1,8,0.0,1,8,0.0,1,8,0.0,1,8,-0.0,1,8,-9900,?,9,-9900,?,9,15.39,E,8,14.44,E,8,93.0,E,8,822.9788000000001,E,8,999.0,E,8,0.81,E,8,-9900,?,9,-9900,?,9,0.056999999999999995,E,8,-9900,?,9,-9900,?,9,0.57,99.0,E,8
03/13/2018,21:00,0.0,1383.176,0.0,1,8,0.0,1,8,0.0,1,8,0.0,1,8,0.0,1,8,0.0,1,8,-0.0,1,8,-9900,?,9,-9900,?,9,14.89,E,8,14.12,E,8,94.0,E,8,822.9788000000001,E,8,999.0,E,8,0.81,E,8,-9900,?,9,-9900,?,9,0.019,E,8,-9900,?,9,-9900,?,9,0.19,99.0,E,8
03/13/2018,22:00,0.0,1383.176,0.0,1,8,0.0,1,8,0.0,1,8,0.0,1,8,0.0,1,8,0.0,1,8,-0.0,1,8,-9900,?,9,-9900,?,9,14.38,E,8,13.78,E,8,94.0,E,8,822.9788000000001,E,8,999.0,E,8,0.81,E,8,-9900,?,9,-9900,?,9,0.032,E,8,-9900,?,9,-9900,?,9,0.32,99.0,E,8
03/13/2018,23:00,0.0,1383.176,0.0,1,8,0.0,1,8,0.0,1,8,0.0,1,8,0.0,1,8,0.0,1,8,-0.0,1,8,-9900,?,9,-9900,?,9,13.88,E,8,13.45,E,8,99.0,E,8,822.9788000000001,E,8,999.0,E,8,0.81,E,8,-9900,?,9,-9900,?,9,1.7510000000000001,E,8,-9900,?,9,-9900,?,9,17.51,99.0,E,8
03/13/2018,24:00,0.0,1383.176,0.0,1,8,0.0,1,8,0.0,1,8,0.0,1,8,0.0,1,8,0.0,1,8,-0.0,1,8,-9900,?,9,-9900,?,9,13.38,E,8,12.21,E,8,89.0,E,8,822.9788000000001,E,8,999.0,E,8,0.46,E,8,-9900,?,9,-9900,?,9,0.0,E,8,-9900,?,9,-9900,?,9,0.0,0.0,E,8
03/14/2018,01:00,0.0,1383.176,0.0,1,8,0.0,1,8,0.0,1,8,0.0,1,8,0.0,1,8,0.0,1,8,-0.0,1,8,-9900,?,9,-9900,?,9,13.13,E,8,12.08,E,8,94.0,E,8,822.9788000000001,E,8,999.0,E,8,0.46,E,8,-9900,?,9,-9900,?,9,0.003,E,8,-9900,?,9,-9900,?,9,0.03,99.0,E,8
03/14/2018,02:00,0.0,1383.176,0.0,1,8,0.0,1,8,0.0,1,8,0.0,1,8,0.0,1,8,0.0,1,8,-0.0,1,8,-9900,?,9,-9900,?,9,12.88,E,8,11.95,E,8,91.0,E,8,822.9788000000001,E,8,999.0,E,8,0.46,E,8,-9900,?,9,-9900,?,9,0.0,E,8,-9900,?,9,-9900,?,9,0.0,0.0,E,8
03/14/2018,03:00,0.0,1383.176,0.0,1,8,0.0,1,8,0.0,1,8,0.0,1,8,0.0,1,8,0.0,1,8,-0.0,1,8,-9900,?,9,-9900,?,9,12.63,E,8,11.81,E,8,91.0,E,8,822.9788000000001,E,8,999.0,E,8,0.46,E,8,-9900,?,9,-9900,?,9,0.0,E,8,-9900,?,9,-9900,?,9,0.0,0.0,E,8
03/14/2018,04:00,0.0,1382.404,0.0,1,8,0.0,1,8,0.0,1,8,0.0,1,8,0.0,1,8,0.0,1,8,-0.0,1,8,-9900,?,9,-9900,?,9,12.38,E,8,11.68,E,8,95.0,E,8,822.9788000000001,E,8,999.0,E,8,0.46,E,8,-9900,?,9,-9900,?,9,0.001,E,8,-9900,?,9,-9900,?,9,0.01,99.0,E,8
03/14/2018,05:00,0.0,1382.404,0.0,1,8,0.0,1,8,0.0,1,8,0.0,1,8,0.0,1,8,0.0,1,8,-0.0,1,8,-9900,?,9,-9900,?,9,12.13,E,8,11.55,E,8,92.0,E,8,822.9788000000001,E,8,999.0,E,8,0.46,E,8,-9900,?,9,-9900,?,9,0.0,E,8,-9900,?,9,-9900,?,9,0.0,0.0,E,8
03/14/2018,06:00,0.0,1382.404,0.0,1,8,0.0,1,8,0.0,1,8,0.0,1,8,0.0,1,8,0.0,1,8,-0.0,1,8,-9900,?,9,-9900,?,9,11.93,E,8,11.44,E,8,93.0,E,8,822.9788000000001,E,8,999.0,E,8,0.46,E,8,-9900,?,9,-9900,?,9,0.0,E,8,-9900,?,9,-9900,?,9,0.0,0.0,E,8
03/14/2018,07:00,205.049,1382.404,0.8,1,8,0.0,1,8,0.8,1,8,96.0,1,8,0.0,1,8,88.0,1,8,1.738,1,8,-9900,?,9,-9900,?,9,11.77,E,8,11.35,E,8,93.0,E,8,822.9788000000001,E,8,999.0,E,8,0.46,E,8,-9900,?,9,-9900,?,9,0.0,E,8,-9900,?,9,-9900,?,9,0.0,0.0,E,8
03/14/2018,08:00,527.475,1382.404,68.32,1,8,0.0,1,8,68.32,1,8,8198.4,1,8,0.0,1,8,7515.2,1,8,57.092,1,8,-9900,?,9,-9900,?,9,11.6,E,8,11.26,E,8,97.0,E,8,822.9788000000001,E,8,999.0,E,8,0.46,E,8,-9900,?,9,-9900,?,9,0.001,E,8,-9900,?,9,-9900,?,9,0.01,99.0,E,8
03/14/2018,09:00,816.679,1382.404,155.56,1,8,1.476,1,8,154.688,1,8,18667.2,1,8,140.265,1,8,17015.705,1,8,83.393,1,8,-9900,?,9,-9900,?,9,14.09,E,8,12.57,E,8,92.0,E,8,822.9788000000001,E,8,999.0,E,8,0.46,E,8,-9900,?,9,-9900,?,9,0.01,E,8,-9900,?,9,-9900,?,9,0.1,99.0,E,8
03/14/2018,10:00,1051.987,1382.404,232.7,1,8,2.849,1,8,230.532,1,8,27924.0,1,8,270.69,1,8,25358.535,1,8,96.449,1,8,-9900,?,9,-9900,?,9,14.98,E,8,13.01,E,8,86.0,E,8,822.9788000000001,E,8,999.0,E,8,0.46,E,8,-9900,?,9,-9900,?,9,0.0,E,8,-9900,?,9,-9900,?,9,0.0,0.0,E,8
03/14/2018,11:00,1217.196,1382.404,292.11,1,8,6.963,1,8,285.98,1,8,35053.2,1,8,661.477,1,8,31457.77,1,8,103.394,1,8,-9900,?,9,-9900,?,9,15.76,E,8,13.39,E,8,84.0,E,8,822.9788000000001,E,8,999.0,E,8,0.78,E,8,-9900,?,9,-9900,?,9,0.0,E,8,-9900,?,9,-9900,?,9,0.0,0.0,E,8
03/14/2018,12:00,1300.988,1382.404,329.17,1,8,19.283,1,8,311.024,1,8,39500.4,1,8,1831.843,1,8,34212.615,1,8,105.201,1,8,-9900,?,9,-9900,?,9,16.39,E,8,13.69,E,8,83.0,E,8,822.9788000000001,E,8,999.0,E,8,0.75,E,8,-9900,?,9,-9900,?,9,0.0,E,8,-9900,?,9,-9900,?,9,0.0,0.0,E,8
03/14/2018,13:00,1297.622,1382.404,341.16,1,8,19.975,1,8,322.411,1,8,40939.2,1,8,1897.61,1,8,35465.202,1,8,109.336,1,8,-9900,?,9,-9900,?,9,16.85,E,8,13.91,E,8,82.0,E,8,822.9788000000001,E,8,999.0,E,8,0.8,E,8,-9900,?,9,-9900,?,9,0.0,E,8,-9900,?,9,-9900,?,9,0.0,0.0,E,8
03/14/2018,14:00,1207.318,1382.404,327.2,1,8,14.528,1,8,314.513,1,8,39264.0,1,8,1380.128,1,8,34596.482,1,8,114.642,1,8,-9900,?,9,-9900,?,9,17.14,E,8,14.05,E,8,81.0,E,8,822.9788000000001,E,8,999.0,E,8,0.52,E,8,-9900,?,9,-9900,?,9,0.0,E,8,-9900,?,9,-9900,?,9,0.0,0.0,E,8
03/14/2018,15:00,1036.235,1382.404,288.3,1,8,10.356,1,8,280.539,1,8,34596.0,1,8,983.843,1,8,30859.273,1,8,119.157,1,8,-9900,?,9,-9900,?,9,17.25,E,8,14.1,E,8,85.0,E,8,822.9788000000001,E,8,999.0,E,8,1.19,E,8,-9900,?,9,-9900,?,9,0.005,E,8,-9900,?,9,-9900,?,9,0.05,99.0,E,8
03/14/2018,16:00,796.076,1382.404,227.32,1,8,8.655,1,8,222.339,1,8,27278.4,1,8,822.182,1,8,24457.302,1,8,122.971,1,8,-9900,?,9,-9900,?,9,17.14,E,8,14.05,E,8,89.0,E,8,822.9788000000001,E,8,999.0,E,8,1.11,E,8,-9900,?,9,-9900,?,9,0.458,E,8,-9900,?,9,-9900,?,9,4.58,99.0,E,8
03/14/2018,17:00,503.366,1382.404,144.28,1,8,29.979,1,8,133.385,1,8,17313.6,1,8,2848.018,1,8,14672.308,1,8,116.824,1,8,-9900,?,9,-9900,?,9,16.73,E,8,13.85,E,8,86.0,E,8,822.9788000000001,E,8,999.0,E,8,1.13,E,8,-9900,?,9,-9900,?,9,0.022,E,8,-9900,?,9,-9900,?,9,0.22,99.0,E,8
03/14/2018,18:00,179.218,1382.404,128.35,1,8,323.354,1,8,87.091,1,8,15402.0,1,8,30718.641,1,8,9579.983,1,8,217.26,1,8,-9900,?,9,-9900,?,9,16.35,E,8,13.68,E,8,83.0,E,8,822.9788000000001,E,8,999.0,E,8,1.73,E,8,-9900,?,9,-9900,?,9,0.0,E,8,-9900,?,9,-9900,?,9,0.0,0.0,E,8
03/14/2018,19:00,0.0,1382.404,2.48,1,8,0.0,1,8,0.0,1,8,297.6,1,8,0.0,1,8,0.0,1,8,-0.0,1,8,-9900,?,9,-9900,?,9,15.88,E,8,13.45,E,8,84.0,E,8,822.9788000000001,E,8,999.0,E,8,2.0,E,8,-9900,?,9,-9900,?,9,0.0,E,8,-9900,?,9,-9900,?,9,0.0,0.0,E,8
03/14/2018,20:00,0.0,1382.404,0.0,1,8,0.0,1,8,0.0,1,8,0.0,1,8,0.0,1,8,0.0,1,8,-0.0,1,8,-9900,?,9,-9900,?,9,15.41,E,8,13.22,E,8,85.0,E,8,822.9788000000001,E,8,999.0,E,8,1.57,E,8,-9900,?,9,-9900,?,9,0.0,E,8,-9900,?,9,-9900,?,9,0.0,0.0,E,8
03/14/2018,21:00,0.0,1382.404,0.0,1,8,0.0,1,8,0.0,1,8,0.0,1,8,0.0,1,8,0.0,1,8,-0.0,1,8,-9900,?,9,-9900,?,9,14.94,E,8,12.99,E,8,86.0,E,8,822.9788000000001,E,8,999.0,E,8,1.41,E,8,-9900,?,9,-9900,?,9,0.0,E,8,-9900,?,9,-9900,?,9,0.0,0.0,E,8
03/14/2018,22:00,0.0,1382.404,0.0,1,8,0.0,1,8,0.0,1,8,0.0,1,8,0.0,1,8,0.0,1,8,-0.0,1,8,-9900,?,9,-9900,?,9,14.47,E,8,12.76,E,8,87.0,E,8,822.9788000000001,E,8,999.0,E,8,0.89,E,8,-9900,?,9,-9900,?,9,0.0,E,8,-9900,?,9,-9900,?,9,0.0,0.0,E,8
03/14/2018,23:00,0.0,1382.404,0.0,1,8,0.0,1,8,0.0,1,8,0.0,1,8,0.0,1,8,0.0,1,8,-0.0,1,8,-9900,?,9,-9900,?,9,14.01,E,8,12.53,E,8,88.0,E,8,822.9788000000001,E,8,999.0,E,8,0.61,E,8,-9900,?,9,-9900,?,9,0.0,E,8,-9900,?,9,-9900,?,9,0.0,0.0,E,8
03/14/2018,24:00,0.0,1382.404,0.0,1,8,0.0,1,8,0.0,1,8,0.0,1,8,0.0,1,8,0.0,1,8,-0.0,1,8,-9900,?,9,-9900,?,9,13.54,E,8,11.26,E,8,80.0,E,8,822.9788000000001,E,8,999.0,E,8,0.74,E,8,-9900,?,9,-9900,?,9,0.0,E,8,-9900,?,9,-9900,?,9,0.0,0.0,E,8
03/15/2018,01:00,0.0,1382.404,0.0,1,8,0.0,1,8,0.0,1,8,0.0,1,8,0.0,1,8,0.0,1,8,-0.0,1,8,-9900,?,9,-9900,?,9,13.3,E,8,11.26,E,8,85.0,E,8,822.9788000000001,E,8,999.0,E,8,0.61,E,8,-9900,?,9,-9900,?,9,0.012,E,8,-9900,?,9,-9900,?,9,0.12,99.0,E,8
03/15/2018,02:00,0.0,1382.404,0.0,1,8,0.0,1,8,0.0,1,8,0.0,1,8,0.0,1,8,0.0,1,8,-0.0,1,8,-9900,?,9,-9900,?,9,13.07,E,8,11.26,E,8,82.0,E,8,822.9788000000001,E,8,999.0,E,8,0.61,E,8,-9900,?,9,-9900,?,9,0.0,E,8,-9900,?,9,-9900,?,9,0.0,0.0,E,8
03/15/2018,03:00,0.0,1382.404,0.0,1,8,0.0,1,8,0.0,1,8,0.0,1,8,0.0,1,8,0.0,1,8,-0.0,1,8,-9900,?,9,-9900,?,9,12.83,E,8,11.25,E,8,83.0,E,8,822.9788000000001,E,8,999.0,E,8,0.61,E,8,-9900,?,9,-9900,?,9,0.0,E,8,-9900,?,9,-9900,?,9,0.0,0.0,E,8
03/15/2018,04:00,0.0,1381.627,0.0,1,8,0.0,1,8,0.0,1,8,0.0,1,8,0.0,1,8,0.0,1,8,-0.0,1,8,-9900,?,9,-9900,?,9,12.6,E,8,11.25,E,8,95.0,E,8,822.9788000000001,E,8,999.0,E,8,0.61,E,8,-9900,?,9,-9900,?,9,0.55,E,8,-9900,?,9,-9900,?,9,5.5,99.0,E,8
03/15/2018,05:00,0.0,1381.627,0.0,1,8,0.0,1,8,0.0,1,8,0.0,1,8,0.0,1,8,0.0,1,8,-0.0,1,8,-9900,?,9,-9900,?,9,12.36,E,8,11.24,E,8,85.0,E,8,822.9788000000001,E,8,999.0,E,8,0.61,E,8,-9900,?,9,-9900,?,9,0.0,E,8,-9900,?,9,-9900,?,9,0.0,0.0,E,8
03/15/2018,06:00,0.0,1381.627,0.0,1,8,0.0,1,8,0.0,1,8,0.0,1,8,0.0,1,8,0.0,1,8,-0.0,1,8,-9900,?,9,-9900,?,9,12.18,E,8,11.24,E,8,90.0,E,8,822.9788000000001,E,8,999.0,E,8,0.85,E,8,-9900,?,9,-9900,?,9,0.003,E,8,-9900,?,9,-9900,?,9,0.03,99.0,E,8
03/15/2018,07:00,203.124,1381.627,0.96,1,8,0.0,1,8,0.96,1,8,115.2,1,8,0.0,1,8,105.6,1,8,2.105,1,8,-9900,?,9,-9900,?,9,12.03,E,8,11.24,E,8,90.0,E,8,822.9788000000001,E,8,999.0,E,8,1.03,E,8,-9900,?,9,-9900,?,9,0.006,E,8,-9900,?,9,-9900,?,9,0.06,99.0,E,8
03/15/2018,08:00,525.336,1381.627,89.23,1,8,0.0,1,8,89.23,1,8,10707.6,1,8,0.0,1,8,9815.3,1,8,74.828,1,8,-9900,?,9,-9900,?,9,11.87,E,8,11.23,E,8,87.0,E,8,822.9788000000001,E,8,999.0,E,8,0.66,E,8,-9900,?,9,-9900,?,9,0.0,E,8,-9900,?,9,-9900,?,9,0.0,0.0,E,8
03/15/2018,09:00,814.251,1381.627,203.85,1,8,14.826,1,8,195.117,1,8,24462.0,1,8,1408.457,1,8,21462.904,1,8,105.443,1,8,-9900,?,9,-9900,?,9,14.7,E,8,11.28,E,8,75.0,E,8,822.9788000000001,E,8,999.0,E,8,0.61,E,8,-9900,?,9,-9900,?,9,0.0,E,8,-9900,?,9,-9900,?,9,0.0,0.0,E,8
03/15/2018,10:00,1049.201,1381.627,305.16,1,8,9.429,1,8,298.001,1,8,36619.2,1,8,895.779,1,8,32780.112,1,8,124.938,1,8,-9900,?,9,-9900,?,9,15.72,E,8,11.3,E,8,72.0,E,8,822.9788000000001,E,8,999.0,E,8,0.62,E,8,-9900,?,9,-9900,?,9,0.0,E,8,-9900,?,9,-9900,?,9,0.0,0.0,E,8
03/15/2018,11:00,1214.008,1381.627,383.15,1,8,14.752,1,8,370.189,1,8,45978.0,1,8,1401.4,1,8,40720.813,1,8,134.116,1,8,-9900,?,9,-9900,?,9,16.6,E,8,11.32,E,8,69.0,E,8,822.9788000000001,E,8,999.0,E,8,0.61,E,8,-9900,?,9,-9900,?,9,0.0,E,8,-9900,?,9,-9900,?,9,0.0,0.0,E,8
03/15/2018,12:00,1297.38,1381.627,431.73,1,8,30.366,1,8,403.217,1,8,51807.6,1,8,2884.744,1,8,44353.869,1,8,136.688,1,8,-9900,?,9,-9900,?,9,17.32,E,8,11.33,E,8,70.0,E,8,822.9788000000001,E,8,999.0,E,8,0.61,E,8,-9900,?,9,-9900,?,9,0.002,E,8,-9900,?,9,-9900,?,9,0.02,99.0,E,8
03/15/2018,13:00,1293.606,1381.627,447.33,1,8,33.843,1,8,415.644,1,8,53679.6,1,8,3215.124,1,8,45720.84,1,8,141.312,1,8,-9900,?,9,-9900,?,9,17.85,E,8,11.34,E,8,65.0,E,8,822.9788000000001,E,8,999.0,E,8,0.68,E,8,-9900,?,9,-9900,?,9,0.0,E,8,-9900,?,9,-9900,?,9,0.0,0.0,E,8
03/15/2018,14:00,1202.933,1381.627,428.82,1,8,28.127,1,8,404.333,1,8,51458.4,1,8,2672.081,1,8,44476.627,1,8,147.836,1,8,-9900,?,9,-9900,?,9,18.18,E,8,11.35,E,8,64.0,E,8,822.9788000000001,E,8,999.0,E,8,1.06,E,8,-9900,?,9,-9900,?,9,0.0,E,8,-9900,?,9,-9900,?,9,0.0,0.0,E,8
03/15/2018,15:00,1031.548,1381.627,377.53,1,8,20.003,1,8,362.599,1,8,45303.6,1,8,1900.261,1,8,39885.898,1,8,154.625,1,8,-9900,?,9,-9900,?,9,18.3,E,8,11.35,E,8,63.0,E,8,822.9788000000001,E,8,999.0,E,8,0.95,E,8,-9900,?,9,-9900,?,9,0.0,E,8,-9900,?,9,-9900,?,9,0.0,0.0,E,8
03/15/2018,16:00,791.172,1381.627,297.24,1,8,31.704,1,8,279.096,1,8,35668.8,1,8,3011.903,1,8,30700.544,1,8,155.233,1,8,-9900,?,9,-9900,?,9,18.17,E,8,11.35,E,8,64.0,E,8,822.9788000000001,E,8,999.0,E,8,2.03,E,8,-9900,?,9,-9900,?,9,0.0,E,8,-9900,?,9,-9900,?,9,0.0,0.0,E,8
03/15/2018,17:00,498.352,1381.627,194.26,1,8,99.853,1,8,158.313,1,8,23311.2,1,8,9486.004,1,8,17414.44,1,8,139.98,1,8,-9900,?,9,-9900,?,9,17.73,E,8,11.34,E,8,65.0,E,8,822.9788000000001,E,8,999.0,E,8,1.85,E,8,-9900,?,9,-9900,?,9,0.0,E,8,-9900,?,9,-9900,?,9,0.0,0.0,E,8
03/15/2018,18:00,174.255,1381.627,79.23,1,8,316.823,1,8,39.935,1,8,9507.6,1,8,30098.149,1,8,4392.885,1,8,102.492,1,8,-9900,?,9,-9900,?,9,17.02,E,8,11.33,E,8,67.0,E,8,822.9788000000001,E,8,999.0,E,8,1.22,E,8,-9900,?,9,-9900,?,9,0.0,E,8,-9900,?,9,-9900,?,9,0.0,0.0,E,8
03/15/2018,19:00,0.0,1381.627,0.09,1,8,0.0,1,8,0.0,1,8,10.8,1,8,0.0,1,8,0.0,1,8,-0.0,1,8,-9900,?,9,-9900,?,9,16.51,E,8,11.32,E,8,69.0,E,8,822.9788000000001,E,8,999.0,E,8,2.19,E,8,-9900,?,9,-9900,?,9,0.0,E,8,-9900,?,9,-9900,?,9,0.0,0.0,E,8
03/15/2018,20:00,0.0,1381.627,0.0,1,8,0.0,1,8,0.0,1,8,0.0,1,8,0.0,1,8,0.0,1,8,-0.0,1,8,-9900,?,9,-9900,?,9,16.0,E,8,11.31,E,8,71.0,E,8,822.9788000000001,E,8,999.0,E,8,1.6,E,8,-9900,?,9,-9900,?,9,0.0,E,8,-9900,?,9,-9900,?,9,0.0,0.0,E,8
03/15/2018,21:00,0.0,1381.627,0.0,1,8,0.0,1,8,0.0,1,8,0.0,1,8,0.0,1,8,0.0,1,8,-0.0,1,8,-9900,?,9,-9900,?,9,15.5,E,8,11.3,E,8,73.0,E,8,822.9788000000001,E,8,999.0,E,8,1.29,E,8,-9900,?,9,-9900,?,9,0.0,E,8,-9900,?,9,-9900,?,9,0.0,0.0,E,8
03/15/2018,22:00,0.0,1381.627,0.0,1,8,0.0,1,8,0.0,1,8,0.0,1,8,0.0,1,8,0.0,1,8,-0.0,1,8,-9900,?,9,-9900,?,9,14.99,E,8,11.29,E,8,78.0,E,8,822.9788000000001,E,8,999.0,E,8,1.24,E,8,-9900,?,9,-9900,?,9,0.001,E,8,-9900,?,9,-9900,?,9,0.01,99.0,E,8
03/15/2018,23:00,0.0,1381.627,0.0,1,8,0.0,1,8,0.0,1,8,0.0,1,8,0.0,1,8,0.0,1,8,-0.0,1,8,-9900,?,9,-9900,?,9,14.48,E,8,11.28,E,8,80.0,E,8,822.9788000000001,E,8,999.0,E,8,0.91,E,8,-9900,?,9,-9900,?,9,0.026000000000000002,E,8,-9900,?,9,-9900,?,9,0.26,99.0,E,8
03/15/2018,24:00,0.0,1381.627,0.0,1,8,0.0,1,8,0.0,1,8,0.0,1,8,0.0,1,8,0.0,1,8,-0.0,1,8,-9900,?,9,-9900,?,9,13.97,E,8,11.25,E,8,83.0,E,8,822.9788000000001,E,8,999.0,E,8,0.42,E,8,-9900,?,9,-9900,?,9,0.0,E,8,-9900,?,9,-9900,?,9,0.0,0.0,E,8
03/16/2018,01:00,0.0,1381.627,0.0,1,8,0.0,1,8,0.0,1,8,0.0,1,8,0.0,1,8,0.0,1,8,-0.0,1,8,-9900,?,9,-9900,?,9,13.72,E,8,11.24,E,8,84.0,E,8,822.9788000000001,E,8,999.0,E,8,0.49,E,8,-9900,?,9,-9900,?,9,0.0,E,8,-9900,?,9,-9900,?,9,0.0,0.0,E,8
03/16/2018,02:00,0.0,1381.627,0.0,1,8,0.0,1,8,0.0,1,8,0.0,1,8,0.0,1,8,0.0,1,8,-0.0,1,8,-9900,?,9,-9900,?,9,13.47,E,8,11.23,E,8,86.0,E,8,822.9788000000001,E,8,999.0,E,8,0.42,E,8,-9900,?,9,-9900,?,9,0.0,E,8,-9900,?,9,-9900,?,9,0.0,0.0,E,8
03/16/2018,03:00,0.0,1381.627,0.0,1,8,0.0,1,8,0.0,1,8,0.0,1,8,0.0,1,8,0.0,1,8,-0.0,1,8,-9900,?,9,-9900,?,9,13.21,E,8,11.22,E,8,87.0,E,8,822.9788000000001,E,8,999.0,E,8,0.42,E,8,-9900,?,9,-9900,?,9,0.0,E,8,-9900,?,9,-9900,?,9,0.0,0.0,E,8
03/16/2018,04:00,0.0,1380.846,0.0,1,8,0.0,1,8,0.0,1,8,0.0,1,8,0.0,1,8,0.0,1,8,-0.0,1,8,-9900,?,9,-9900,?,9,12.96,E,8,11.22,E,8,89.0,E,8,822.9788000000001,E,8,999.0,E,8,0.42,E,8,-9900,?,9,-9900,?,9,0.0,E,8,-9900,?,9,-9900,?,9,0.0,0.0,E,8
03/16/2018,05:00,0.0,1380.846,0.0,1,8,0.0,1,8,0.0,1,8,0.0,1,8,0.0,1,8,0.0,1,8,-0.0,1,8,-9900,?,9,-9900,?,9,12.7,E,8,11.21,E,8,90.0,E,8,822.9788000000001,E,8,999.0,E,8,0.42,E,8,-9900,?,9,-9900,?,9,0.0,E,8,-9900,?,9,-9900,?,9,0.0,0.0,E,8
03/16/2018,06:00,0.0,1380.846,0.0,1,8,0.0,1,8,0.0,1,8,0.0,1,8,0.0,1,8,0.0,1,8,-0.0,1,8,-9900,?,9,-9900,?,9,12.51,E,8,11.2,E,8,91.0,E,8,822.9788000000001,E,8,999.0,E,8,0.42,E,8,-9900,?,9,-9900,?,9,0.0,E,8,-9900,?,9,-9900,?,9,0.0,0.0,E,8
03/16/2018,07:00,201.209,1380.846,2.78,1,8,0.0,1,8,2.78,1,8,333.6,1,8,0.0,1,8,305.8,1,8,6.15,1,8,-9900,?,9,-9900,?,9,12.34,E,8,11.2,E,8,92.0,E,8,822.9788000000001,E,8,999.0,E,8,0.42,E,8,-9900,?,9,-9900,?,9,0.0,E,8,-9900,?,9,-9900,?,9,0.0,0.0,E,8
03/16/2018,08:00,523.189,1380.846,139.1,1,8,8.082,1,8,136.043,1,8,16692.0,1,8,767.801,1,8,14964.738,1,8,114.49,1,8,-9900,?,9,-9900,?,9,12.17,E,8,11.19,E,8,93.0,E,8,822.9788000000001,E,8,999.0,E,8,0.42,E,8,-9900,?,9,-9900,?,9,0.0,E,8,-9900,?,9,-9900,?,9,0.0,0.0,E,8
03/16/2018,09:00,811.797,1380.846,380.89,1,8,146.356,1,8,294.895,1,8,45706.8,1,8,13903.843,1,8,32438.464,1,8,159.756,1,8,-9900,?,9,-9900,?,9,15.82,E,8,11.31,E,8,74.0,E,8,822.9788000000001,E,8,999.0,E,8,0.42,E,8,-9900,?,9,-9900,?,9,0.0,E,8,-9900,?,9,-9900,?,9,0.0,0.0,E,8
03/16/2018,10:00,1046.374,1380.846,448.76,1,8,82.14,1,8,386.529,1,8,53851.2,1,8,7803.328,1,8,42518.245,1,8,162.4,1,8,-9900,?,9,-9900,?,9,16.71,E,8,11.34,E,8,70.0,E,8,822.9788000000001,E,8,999.0,E,8,0.61,E,8,-9900,?,9,-9900,?,9,0.0,E,8,-9900,?,9,-9900,?,9,0.0,0.0,E,8
03/16/2018,11:00,1210.766,1380.846,644.98,1,8,224.729,1,8,447.949,1,8,77397.6,1,8,21349.253,1,8,49274.344,1,8,162.63,1,8,-9900,?,9,-9900,?,9,17.84,E,8,11.37,E,8,65.0,E,8,822.9788000000001,E,8,999.0,E,8,1.08,E,8,-9900,?,9,-9900,?,9,0.0,E,8,-9900,?,9,-9900,?,9,0.0,0.0,E,8
03/16/2018,12:00,1293.708,1380.846,604.53,1,8,117.823,1,8,494.146,1,8,72543.6,1,8,11193.228,1,8,54356.09,1,8,167.893,1,8,-9900,?,9,-9900,?,9,18.4,E,8,11.39,E,8,63.0,E,8,822.9788000000001,E,8,999.0,E,8,1.65,E,8,-9900,?,9,-9900,?,9,0.0,E,8,-9900,?,9,-9900,?,9,0.0,0.0,E,8
03/16/2018,13:00,1289.521,1380.846,958.99,1,8,465.655,1,8,524.151,1,8,115078.8,1,8,44237.203,1,8,57656.601,1,8,178.666,1,8,-9900,?,9,-9900,?,9,19.61,E,8,11.43,E,8,59.0,E,8,822.9788000000001,E,8,999.0,E,8,2.62,E,8,-9900,?,9,-9900,?,9,0.0,E,8,-9900,?,9,-9900,?,9,0.0,0.0,E,8
03/16/2018,14:00,1198.479,1380.846,290.12,1,8,16.681,1,8,275.644,1,8,34814.4,1,8,1584.658,1,8,30320.815,1,8,101.101,1,8,-9900,?,9,-9900,?,9,18.79,E,8,11.4,E,8,62.0,E,8,822.9788000000001,E,8,999.0,E,8,2.9,E,8,-9900,?,9,-9900,?,9,0.0,E,8,-9900,?,9,-9900,?,9,0.0,0.0,E,8
03/16/2018,15:00,1026.795,1380.846,442.42,1,8,85.105,1,8,379.151,1,8,53090.4,1,8,8085.004,1,8,41706.594,1,8,162.34,1,8,-9900,?,9,-9900,?,9,18.63,E,8,11.4,E,8,62.0,E,8,822.9788000000001,E,8,999.0,E,8,2.06,E,8,-9900,?,9,-9900,?,9,0.0,E,8,-9900,?,9,-9900,?,9,0.0,0.0,E,8
03/16/2018,16:00,786.213,1380.846,264.73,1,8,20.093,1,8,253.297,1,8,31767.6,1,8,1908.796,1,8,27862.655,1,8,141.694,1,8,-9900,?,9,-9900,?,9,18.04,E,8,11.38,E,8,65.0,E,8,822.9788000000001,E,8,999.0,E,8,1.25,E,8,-9900,?,9,-9900,?,9,0.0,E,8,-9900,?,9,-9900,?,9,0.0,0.0,E,8
03/16/2018,17:00,493.295,1380.846,148.12,1,8,40.994,1,8,133.504,1,8,17774.4,1,8,3894.4,1,8,14685.485,1,8,119.192,1,8,-9900,?,9,-9900,?,9,17.29,E,8,11.36,E,8,68.0,E,8,822.9788000000001,E,8,999.0,E,8,0.62,E,8,-9900,?,9,-9900,?,9,0.0,E,8,-9900,?,9,-9900,?,9,0.0,0.0,E,8
03/16/2018,18:00,169.268,1380.846,163.69,1,8,260.555,1,8,132.31,1,8,19642.8,1,8,24752.694,1,8,14554.149,1,8,349.701,1,8,-9900,?,9,-9900,?,9,16.7,E,8,11.34,E,8,70.0,E,8,822.9788000000001,E,8,999.0,E,8,0.42,E,8,-9900,?,9,-9900,?,9,0.0,E,8,-9900,?,9,-9900,?,9,0.0,0.0,E,8
03/16/2018,19:00,0.0,1380.846,0.0,1,8,0.0,1,8,0.0,1,8,0.0,1,8,0.0,1,8,0.0,1,8,-0.0,1,8,-9900,?,9,-9900,?,9,16.34,E,8,11.32,E,8,72.0,E,8,822.9788000000001,E,8,999.0,E,8,0.42,E,8,-9900,?,9,-9900,?,9,0.0,E,8,-9900,?,9,-9900,?,9,0.0,0.0,E,8
03/16/2018,20:00,0.0,1380.846,0.0,1,8,0.0,1,8,0.0,1,8,0.0,1,8,0.0,1,8,0.0,1,8,-0.0,1,8,-9900,?,9,-9900,?,9,15.98,E,8,11.31,E,8,73.0,E,8,822.9788000000001,E,8,999.0,E,8,0.42,E,8,-9900,?,9,-9900,?,9,0.0,E,8,-9900,?,9,-9900,?,9,0.0,0.0,E,8
03/16/2018,21:00,0.0,1380.846,0.0,1,8,0.0,1,8,0.0,1,8,0.0,1,8,0.0,1,8,0.0,1,8,-0.0,1,8,-9900,?,9,-9900,?,9,15.62,E,8,11.3,E,8,75.0,E,8,822.9788000000001,E,8,999.0,E,8,0.42,E,8,-9900,?,9,-9900,?,9,0.0,E,8,-9900,?,9,-9900,?,9,0.0,0.0,E,8
03/16/2018,22:00,0.0,1380.846,0.0,1,8,0.0,1,8,0.0,1,8,0.0,1,8,0.0,1,8,0.0,1,8,-0.0,1,8,-9900,?,9,-9900,?,9,15.26,E,8,11.29,E,8,77.0,E,8,822.9788000000001,E,8,999.0,E,8,0.42,E,8,-9900,?,9,-9900,?,9,0.0,E,8,-9900,?,9,-9900,?,9,0.0,0.0,E,8
03/16/2018,23:00,0.0,1380.846,0.0,1,8,0.0,1,8,0.0,1,8,0.0,1,8,0.0,1,8,0.0,1,8,-0.0,1,8,-9900,?,9,-9900,?,9,14.9,E,8,11.28,E,8,78.0,E,8,822.9788000000001,E,8,999.0,E,8,0.42,E,8,-9900,?,9,-9900,?,9,0.0,E,8,-9900,?,9,-9900,?,9,0.0,0.0,E,8
03/16/2018,24:00,0.0,1380.846,0.0,1,8,0.0,1,8,0.0,1,8,0.0,1,8,0.0,1,8,0.0,1,8,-0.0,1,8,-9900,?,9,-9900,?,9,14.54,E,8,10.49,E,8,76.0,E,8,822.9788000000001,E,8,999.0,E,8,0.65,E,8,-9900,?,9,-9900,?,9,0.0,E,8,-9900,?,9,-9900,?,9,0.0,0.0,E,8
03/17/2018,01:00,0.0,1380.846,0.0,1,8,0.0,1,8,0.0,1,8,0.0,1,8,0.0,1,8,0.0,1,8,-0.0,1,8,-9900,?,9,-9900,?,9,14.36,E,8,10.66,E,8,78.0,E,8,822.9788000000001,E,8,999.0,E,8,0.65,E,8,-9900,?,9,-9900,?,9,0.0,E,8,-9900,?,9,-9900,?,9,0.0,0.0,E,8
03/17/2018,02:00,0.0,1380.846,0.0,1,8,0.0,1,8,0.0,1,8,0.0,1,8,0.0,1,8,0.0,1,8,-0.0,1,8,-9900,?,9,-9900,?,9,14.18,E,8,10.84,E,8,80.0,E,8,822.9788000000001,E,8,999.0,E,8,0.65,E,8,-9900,?,9,-9900,?,9,0.0,E,8,-9900,?,9,-9900,?,9,0.0,0.0,E,8
03/17/2018,03:00,0.0,1380.846,0.0,1,8,0.0,1,8,0.0,1,8,0.0,1,8,0.0,1,8,0.0,1,8,-0.0,1,8,-9900,?,9,-9900,?,9,14.0,E,8,11.01,E,8,82.0,E,8,822.9788000000001,E,8,999.0,E,8,0.65,E,8,-9900,?,9,-9900,?,9,0.0,E,8,-9900,?,9,-9900,?,9,0.0,0.0,E,8
03/17/2018,04:00,0.0,1380.062,0.0,1,8,0.0,1,8,0.0,1,8,0.0,1,8,0.0,1,8,0.0,1,8,-0.0,1,8,-9900,?,9,-9900,?,9,13.82,E,8,11.18,E,8,84.0,E,8,822.9788000000001,E,8,999.0,E,8,0.65,E,8,-9900,?,9,-9900,?,9,0.0,E,8,-9900,?,9,-9900,?,9,0.0,0.0,E,8
03/17/2018,05:00,0.0,1380.062,0.0,1,8,0.0,1,8,0.0,1,8,0.0,1,8,0.0,1,8,0.0,1,8,-0.0,1,8,-9900,?,9,-9900,?,9,13.64,E,8,11.34,E,8,85.0,E,8,822.9788000000001,E,8,999.0,E,8,0.65,E,8,-9900,?,9,-9900,?,9,0.0,E,8,-9900,?,9,-9900,?,9,0.0,0.0,E,8
03/17/2018,06:00,0.0,1380.062,0.0,1,8,0.0,1,8,0.0,1,8,0.0,1,8,0.0,1,8,0.0,1,8,-0.0,1,8,-9900,?,9,-9900,?,9,13.5,E,8,11.47,E,8,87.0,E,8,822.9788000000001,E,8,999.0,E,8,0.65,E,8,-9900,?,9,-9900,?,9,0.0,E,8,-9900,?,9,-9900,?,9,0.0,0.0,E,8
03/17/2018,07:00,199.304,1380.062,10.56,1,8,0.0,1,8,10.56,1,8,1267.2,1,8,0.0,1,8,1161.6,1,8,23.578,1,8,-9900,?,9,-9900,?,9,13.38,E,8,11.58,E,8,88.0,E,8,822.9788000000001,E,8,999.0,E,8,0.65,E,8,-9900,?,9,-9900,?,9,0.0,E,8,-9900,?,9,-9900,?,9,0.0,0.0,E,8
03/17/2018,08:00,521.034,1380.062,113.41,1,8,0.0,1,8,113.41,1,8,13609.2,1,8,0.0,1,8,12475.1,1,8,95.784,1,8,-9900,?,9,-9900,?,9,13.26,E,8,11.68,E,8,90.0,E,8,822.9788000000001,E,8,999.0,E,8,0.65,E,8,-9900,?,9,-9900,?,9,0.0,E,8,-9900,?,9,-9900,?,9,0.0,0.0,E,8
03/17/2018,09:00,809.318,1380.062,288.61,1,8,19.198,1,8,277.358,1,8,34633.2,1,8,1823.789,1,8,30509.382,1,8,150.631,1,8,-9900,?,9,-9900,?,9,16.35,E,8,8.63,E,8,60.0,E,8,822.9788000000001,E,8,999.0,E,8,0.65,E,8,-9900,?,9,-9900,?,9,0.0,E,8,-9900,?,9,-9900,?,9,0.0,0.0,E,8
03/17/2018,10:00,1043.506,1380.062,217.37,1,8,4.743,1,8,213.785,1,8,26084.4,1,8,450.553,1,8,23516.319,1,8,90.017,1,8,-9900,?,9,-9900,?,9,16.43,E,8,8.54,E,8,59.0,E,8,822.9788000000001,E,8,999.0,E,8,0.65,E,8,-9900,?,9,-9900,?,9,0.0,E,8,-9900,?,9,-9900,?,9,0.0,0.0,E,8
03/17/2018,11:00,1207.469,1380.062,707.59,1,8,273.645,1,8,468.189,1,8,84910.8,1,8,25996.317,1,8,51500.752,1,8,170.346,1,8,-9900,?,9,-9900,?,9,18.35,E,8,6.29,E,8,45.0,E,8,822.9788000000001,E,8,999.0,E,8,0.65,E,8,-9900,?,9,-9900,?,9,0.0,E,8,-9900,?,9,-9900,?,9,0.0,0.0,E,8
03/17/2018,12:00,1289.973,1380.062,622.02,1,8,10.693,1,8,612.026,1,8,74642.4,1,8,1015.813,1,8,67322.822,1,8,208.428,1,8,-9900,?,9,-9900,?,9,19.24,E,8,5.13,E,8,39.0,E,8,822.9788000000001,E,8,999.0,E,8,0.65,E,8,-9900,?,9,-9900,?,9,0.0,E,8,-9900,?,9,-9900,?,9,0.0,0.0,E,8
03/17/2018,13:00,1285.369,1380.062,634.08,1,8,164.256,1,8,481.102,1,8,76089.6,1,8,15604.282,1,8,52921.184,1,8,164.429,1,8,-9900,?,9,-9900,?,9,19.87,E,8,4.26,E,8,35.0,E,8,822.9788000000001,E,8,999.0,E,8,0.97,E,8,-9900,?,9,-9900,?,9,0.0,E,8,-9900,?,9,-9900,?,9,0.0,0.0,E,8
03/17/2018,14:00,1193.958,1380.062,607.25,1,8,141.889,1,8,484.507,1,8,72870.0,1,8,13479.461,1,8,53295.773,1,8,178.28,1,8,-9900,?,9,-9900,?,9,20.26,E,8,3.69,E,8,33.0,E,8,822.9788000000001,E,8,999.0,E,8,1.52,E,8,-9900,?,9,-9900,?,9,0.0,E,8,-9900,?,9,-9900,?,9,0.0,0.0,E,8
03/17/2018,15:00,1021.98,1380.062,533.74,1,8,209.359,1,8,378.74,1,8,64048.8,1,8,19889.109,1,8,41661.44,1,8,162.837,1,8,-9900,?,9,-9900,?,9,20.4,E,8,3.48,E,8,32.0,E,8,822.9788000000001,E,8,999.0,E,8,1.45,E,8,-9900,?,9,-9900,?,9,0.0,E,8,-9900,?,9,-9900,?,9,0.0,0.0,E,8
03/17/2018,16:00,781.2,1380.062,418.96,1,8,262.638,1,8,270.383,1,8,50275.2,1,8,24950.633,1,8,29742.122,1,8,152.137,1,8,-9900,?,9,-9900,?,9,20.27,E,8,3.67,E,8,33.0,E,8,822.9788000000001,E,8,999.0,E,8,1.46,E,8,-9900,?,9,-9900,?,9,0.0,E,8,-9900,?,9,-9900,?,9,0.0,0.0,E,8
03/17/2018,17:00,488.199,1380.062,271.97,1,8,340.817,1,8,151.65,1,8,32636.4,1,8,32377.642,1,8,16681.492,1,8,136.734,1,8,-9900,?,9,-9900,?,9,19.78,E,8,4.39,E,8,36.0,E,8,822.9788000000001,E,8,999.0,E,8,1.42,E,8,-9900,?,9,-9900,?,9,0.0,E,8,-9900,?,9,-9900,?,9,0.0,0.0,E,8
03/17/2018,18:00,164.261,1380.062,108.21,1,8,341.642,1,8,68.3,1,8,12985.2,1,8,32455.966,1,8,7512.985,1,8,186.105,1,8,-9900,?,9,-9900,?,9,18.99,E,8,5.47,E,8,41.0,E,8,822.9788000000001,E,8,999.0,E,8,0.98,E,8,-9900,?,9,-9900,?,9,0.0,E,8,-9900,?,9,-9900,?,9,0.0,0.0,E,8
03/17/2018,19:00,0.0,1380.062,0.0,1,8,0.0,1,8,0.0,1,8,0.0,1,8,0.0,1,8,0.0,1,8,-0.0,1,8,-9900,?,9,-9900,?,9,18.37,E,8,6.27,E,8,45.0,E,8,822.9788000000001,E,8,999.0,E,8,0.65,E,8,-9900,?,9,-9900,?,9,0.0,E,8,-9900,?,9,-9900,?,9,0.0,0.0,E,8
03/17/2018,20:00,0.0,1380.062,0.0,1,8,0.0,1,8,0.0,1,8,0.0,1,8,0.0,1,8,0.0,1,8,-0.0,1,8,-9900,?,9,-9900,?,9,17.74,E,8,7.04,E,8,49.0,E,8,822.9788000000001,E,8,999.0,E,8,0.65,E,8,-9900,?,9,-9900,?,9,0.0,E,8,-9900,?,9,-9900,?,9,0.0,0.0,E,8
03/17/2018,21:00,0.0,1380.062,0.0,1,8,0.0,1,8,0.0,1,8,0.0,1,8,0.0,1,8,0.0,1,8,-0.0,1,8,-9900,?,9,-9900,?,9,17.12,E,8,7.77,E,8,54.0,E,8,822.9788000000001,E,8,999.0,E,8,0.65,E,8,-9900,?,9,-9900,?,9,0.0,E,8,-9900,?,9,-9900,?,9,0.0,0.0,E,8
03/17/2018,22:00,0.0,1380.062,0.0,1,8,0.0,1,8,0.0,1,8,0.0,1,8,0.0,1,8,0.0,1,8,-0.0,1,8,-9900,?,9,-9900,?,9,16.49,E,8,8.48,E,8,59.0,E,8,822.9788000000001,E,8,999.0,E,8,0.65,E,8,-9900,?,9,-9900,?,9,0.0,E,8,-9900,?,9,-9900,?,9,0.0,0.0,E,8
03/17/2018,23:00,0.0,1380.062,0.0,1,8,0.0,1,8,0.0,1,8,0.0,1,8,0.0,1,8,0.0,1,8,-0.0,1,8,-9900,?,9,-9900,?,9,15.87,E,8,9.15,E,8,64.0,E,8,822.9788000000001,E,8,999.0,E,8,0.65,E,8,-9900,?,9,-9900,?,9,0.0,E,8,-9900,?,9,-9900,?,9,0.0,0.0,E,8
03/17/2018,24:00,0.0,1380.062,0.0,1,8,0.0,1,8,0.0,1,8,0.0,1,8,0.0,1,8,0.0,1,8,-0.0,1,8,-9900,?,9,-9900,?,9,15.24,E,8,9.54,E,8,68.0,E,8,822.9788000000001,E,8,999.0,E,8,0.58,E,8,-9900,?,9,-9900,?,9,0.0,E,8,-9900,?,9,-9900,?,9,0.0,0.0,E,8
03/18/2018,01:00,0.0,1380.062,0.0,1,8,0.0,1,8,0.0,1,8,0.0,1,8,0.0,1,8,0.0,1,8,-0.0,1,8,-9900,?,9,-9900,?,9,14.93,E,8,9.86,E,8,71.0,E,8,822.9788000000001,E,8,999.0,E,8,0.58,E,8,-9900,?,9,-9900,?,9,0.0,E,8,-9900,?,9,-9900,?,9,0.0,0.0,E,8
03/18/2018,02:00,0.0,1380.062,0.0,1,8,0.0,1,8,0.0,1,8,0.0,1,8,0.0,1,8,0.0,1,8,-0.0,1,8,-9900,?,9,-9900,?,9,14.62,E,8,10.19,E,8,74.0,E,8,822.9788000000001,E,8,999.0,E,8,0.58,E,8,-9900,?,9,-9900,?,9,0.0,E,8,-9900,?,9,-9900,?,9,0.0,0.0,E,8
03/18/2018,03:00,0.0,1380.062,0.0,1,8,0.0,1,8,0.0,1,8,0.0,1,8,0.0,1,8,0.0,1,8,-0.0,1,8,-9900,?,9,-9900,?,9,14.31,E,8,10.5,E,8,77.0,E,8,822.9788000000001,E,8,999.0,E,8,0.58,E,8,-9900,?,9,-9900,?,9,0.0,E,8,-9900,?,9,-9900,?,9,0.0,0.0,E,8
03/18/2018,04:00,0.0,1379.274,0.0,1,8,0.0,1,8,0.0,1,8,0.0,1,8,0.0,1,8,0.0,1,8,-0.0,1,8,-9900,?,9,-9900,?,9,14.0,E,8,10.81,E,8,81.0,E,8,822.9788000000001,E,8,999.0,E,8,0.58,E,8,-9900,?,9,-9900,?,9,0.0,E,8,-9900,?,9,-9900,?,9,0.0,0.0,E,8
03/18/2018,05:00,0.0,1379.274,0.0,1,8,0.0,1,8,0.0,1,8,0.0,1,8,0.0,1,8,0.0,1,8,-0.0,1,8,-9900,?,9,-9900,?,9,13.68,E,8,11.13,E,8,84.0,E,8,822.9788000000001,E,8,999.0,E,8,0.58,E,8,-9900,?,9,-9900,?,9,0.0,E,8,-9900,?,9,-9900,?,9,0.0,0.0,E,8
03/18/2018,06:00,0.0,1379.274,0.0,1,8,0.0,1,8,0.0,1,8,0.0,1,8,0.0,1,8,0.0,1,8,-0.0,1,8,-9900,?,9,-9900,?,9,13.44,E,8,11.36,E,8,87.0,E,8,822.9788000000001,E,8,999.0,E,8,0.58,E,8,-9900,?,9,-9900,?,9,0.0,E,8,-9900,?,9,-9900,?,9,0.0,0.0,E,8
03/18/2018,07:00,197.409,1379.274,1.29,1,8,0.0,1,8,1.29,1,8,154.8,1,8,0.0,1,8,141.9,1,8,2.907,1,8,-9900,?,9,-9900,?,9,13.24,E,8,11.55,E,8,89.0,E,8,822.9788000000001,E,8,999.0,E,8,0.58,E,8,-9900,?,9,-9900,?,9,0.0,E,8,-9900,?,9,-9900,?,9,0.0,0.0,E,8
03/18/2018,08:00,518.871,1379.274,145.9,1,8,12.72,1,8,141.123,1,8,17508.0,1,8,1208.402,1,8,15523.561,1,8,119.621,1,8,-9900,?,9,-9900,?,9,13.03,E,8,11.75,E,8,91.0,E,8,822.9788000000001,E,8,999.0,E,8,0.58,E,8,-9900,?,9,-9900,?,9,0.0,E,8,-9900,?,9,-9900,?,9,0.0,0.0,E,8
03/18/2018,09:00,806.813,1379.274,340.27,1,8,98.14,1,8,282.895,1,8,40832.4,1,8,9323.347,1,8,31118.406,1,8,154.027,1,8,-9900,?,9,-9900,?,9,16.35,E,8,8.3,E,8,58.0,E,8,822.9788000000001,E,8,999.0,E,8,0.58,E,8,-9900,?,9,-9900,?,9,0.0,E,8,-9900,?,9,-9900,?,9,0.0,0.0,E,8
03/18/2018,10:00,1040.596,1379.274,537.76,1,8,144.013,1,8,429.133,1,8,64531.2,1,8,13681.239,1,8,47204.656,1,8,181.095,1,8,-9900,?,9,-9900,?,9,17.69,E,8,6.67,E,8,48.0,E,8,822.9788000000001,E,8,999.0,E,8,0.58,E,8,-9900,?,9,-9900,?,9,0.0,E,8,-9900,?,9,-9900,?,9,0.0,0.0,E,8
03/18/2018,11:00,1204.119,1379.274,672.43,1,8,208.865,1,8,490.106,1,8,80691.6,1,8,19842.19,1,8,53911.608,1,8,178.715,1,8,-9900,?,9,-9900,?,9,18.82,E,8,5.16,E,8,40.0,E,8,822.9788000000001,E,8,999.0,E,8,0.58,E,8,-9900,?,9,-9900,?,9,0.0,E,8,-9900,?,9,-9900,?,9,0.0,0.0,E,8
03/18/2018,12:00,1286.177,1379.274,787.43,1,8,283.232,1,8,523.327,1,8,94491.6,1,8,26907.008,1,8,57566.002,1,8,178.646,1,8,-9900,?,9,-9900,?,9,19.81,E,8,3.7,E,8,34.0,E,8,822.9788000000001,E,8,999.0,E,8,0.58,E,8,-9900,?,9,-9900,?,9,0.0,E,8,-9900,?,9,-9900,?,9,0.0,0.0,E,8
03/18/2018,13:00,1281.15,1379.274,845.42,1,8,346.337,1,8,523.737,1,8,101450.4,1,8,32902.034,1,8,57611.048,1,8,179.487,1,8,-9900,?,9,-9900,?,9,20.61,E,8,2.41,E,8,29.0,E,8,822.9788000000001,E,8,999.0,E,8,1.32,E,8,-9900,?,9,-9900,?,9,0.0,E,8,-9900,?,9,-9900,?,9,0.0,0.0,E,8
03/18/2018,14:00,1189.372,1379.274,831.89,1,8,454.414,1,8,440.08,1,8,99826.8,1,8,43169.347,1,8,48408.855,1,8,162.465,1,8,-9900,?,9,-9900,?,9,21.15,E,8,1.48,E,8,27.0,E,8,822.9788000000001,E,8,999.0,E,8,1.67,E,8,-9900,?,9,-9900,?,9,0.0,E,8,-9900,?,9,-9900,?,9,0.0,0.0,E,8
03/18/2018,15:00,1017.105,1379.274,749.65,1,8,601.197,1,8,306.424,1,8,89958.0,1,8,57113.724,1,8,33706.628,1,8,132.301,1,8,-9900,?,9,-9900,?,9,21.41,E,8,1.01,E,8,25.0,E,8,822.9788000000001,E,8,999.0,E,8,2.1,E,8,-9900,?,9,-9900,?,9,0.0,E,8,-9900,?,9,-9900,?,9,0.0,0.0,E,8
03/18/2018,16:00,776.137,1379.274,611.13,1,8,829.937,1,8,144.408,1,8,73335.6,1,8,78843.997,1,8,15884.866,1,8,81.739,1,8,-9900,?,9,-9900,?,9,21.41,E,8,1.01,E,8,25.0,E,8,822.9788000000001,E,8,999.0,E,8,2.01,E,8,-9900,?,9,-9900,?,9,0.0,E,8,-9900,?,9,-9900,?,9,0.0,0.0,E,8
03/18/2018,17:00,483.065,1379.274,409.53,1,8,776.101,1,8,138.279,1,8,49143.6,1,8,73729.618,1,8,15210.654,1,8,125.937,1,8,-9900,?,9,-9900,?,9,20.93,E,8,1.87,E,8,28.0,E,8,822.9788000000001,E,8,999.0,E,8,1.44,E,8,-9900,?,9,-9900,?,9,0.0,E,8,-9900,?,9,-9900,?,9,0.0,0.0,E,8
03/18/2018,18:00,159.237,1379.274,173.93,1,8,308.274,1,8,139.038,1,8,20871.6,1,8,29286.065,1,8,15294.196,1,8,391.019,1,8,-9900,?,9,-9900,?,9,20.05,E,8,3.32,E,8,33.0,E,8,822.9788000000001,E,8,999.0,E,8,0.61,E,8,-9900,?,9,-9900,?,9,0.0,E,8,-9900,?,9,-9900,?,9,0.0,0.0,E,8
03/18/2018,19:00,0.0,1379.274,0.0,1,8,0.0,1,8,0.0,1,8,0.0,1,8,0.0,1,8,0.0,1,8,-0.0,1,8,-9900,?,9,-9900,?,9,19.08,E,8,4.79,E,8,38.0,E,8,822.9788000000001,E,8,999.0,E,8,0.58,E,8,-9900,?,9,-9900,?,9,0.0,E,8,-9900,?,9,-9900,?,9,0.0,0.0,E,8
03/18/2018,20:00,0.0,1379.274,0.0,1,8,0.0,1,8,0.0,1,8,0.0,1,8,0.0,1,8,0.0,1,8,-0.0,1,8,-9900,?,9,-9900,?,9,18.11,E,8,6.12,E,8,45.0,E,8,822.9788000000001,E,8,999.0,E,8,0.58,E,8,-9900,?,9,-9900,?,9,0.0,E,8,-9900,?,9,-9900,?,9,0.0,0.0,E,8
03/18/2018,21:00,0.0,1379.274,0.0,1,8,0.0,1,8,0.0,1,8,0.0,1,8,0.0,1,8,0.0,1,8,-0.0,1,8,-9900,?,9,-9900,?,9,17.14,E,8,7.36,E,8,52.0,E,8,822.9788000000001,E,8,999.0,E,8,0.58,E,8,-9900,?,9,-9900,?,9,0.0,E,8,-9900,?,9,-9900,?,9,0.0,0.0,E,8
03/18/2018,22:00,0.0,1379.274,0.0,1,8,0.0,1,8,0.0,1,8,0.0,1,8,0.0,1,8,0.0,1,8,-0.0,1,8,-9900,?,9,-9900,?,9,16.17,E,8,8.51,E,8,60.0,E,8,822.9788000000001,E,8,999.0,E,8,0.58,E,8,-9900,?,9,-9900,?,9,0.0,E,8,-9900,?,9,-9900,?,9,0.0,0.0,E,8
03/18/2018,23:00,0.0,1379.274,0.0,1,8,0.0,1,8,0.0,1,8,0.0,1,8,0.0,1,8,0.0,1,8,-0.0,1,8,-9900,?,9,-9900,?,9,15.2,E,8,9.58,E,8,69.0,E,8,822.9788000000001,E,8,999.0,E,8,0.58,E,8,-9900,?,9,-9900,?,9,0.0,E,8,-9900,?,9,-9900,?,9,0.0,0.0,E,8
03/18/2018,24:00,0.0,1379.274,0.0,1,8,0.0,1,8,0.0,1,8,0.0,1,8,0.0,1,8,0.0,1,8,-0.0,1,8,-9900,?,9,-9900,?,9,14.23,E,8,6.69,E,8,60.0,E,8,822.9788000000001,E,8,999.0,E,8,0.22,E,8,-9900,?,9,-9900,?,9,0.0,E,8,-9900,?,9,-9900,?,9,0.0,0.0,E,8
03/19/2018,01:00,0.0,1379.274,0.0,1,8,0.0,1,8,0.0,1,8,0.0,1,8,0.0,1,8,0.0,1,8,-0.0,1,8,-9900,?,9,-9900,?,9,13.74,E,8,7.19,E,8,64.0,E,8,822.9788000000001,E,8,999.0,E,8,0.22,E,8,-9900,?,9,-9900,?,9,0.0,E,8,-9900,?,9,-9900,?,9,0.0,0.0,E,8
03/19/2018,02:00,0.0,1379.274,0.0,1,8,0.0,1,8,0.0,1,8,0.0,1,8,0.0,1,8,0.0,1,8,-0.0,1,8,-9900,?,9,-9900,?,9,13.26,E,8,7.66,E,8,68.0,E,8,822.9788000000001,E,8,999.0,E,8,0.22,E,8,-9900,?,9,-9900,?,9,0.0,E,8,-9900,?,9,-9900,?,9,0.0,0.0,E,8
03/19/2018,03:00,0.0,1379.274,0.0,1,8,0.0,1,8,0.0,1,8,0.0,1,8,0.0,1,8,0.0,1,8,-0.0,1,8,-9900,?,9,-9900,?,9,12.77,E,8,8.13,E,8,73.0,E,8,822.9788000000001,E,8,999.0,E,8,0.22,E,8,-9900,?,9,-9900,?,9,0.0,E,8,-9900,?,9,-9900,?,9,0.0,0.0,E,8
03/19/2018,04:00,0.0,1378.483,0.0,1,8,0.0,1,8,0.0,1,8,0.0,1,8,0.0,1,8,0.0,1,8,-0.0,1,8,-9900,?,9,-9900,?,9,12.29,E,8,8.58,E,8,78.0,E,8,822.9788000000001,E,8,999.0,E,8,0.22,E,8,-9900,?,9,-9900,?,9,0.0,E,8,-9900,?,9,-9900,?,9,0.0,0.0,E,8
03/19/2018,05:00,0.0,1378.483,0.0,1,8,0.0,1,8,0.0,1,8,0.0,1,8,0.0,1,8,0.0,1,8,-0.0,1,8,-9900,?,9,-9900,?,9,11.8,E,8,9.03,E,8,83.0,E,8,822.9788000000001,E,8,999.0,E,8,0.33,E,8,-9900,?,9,-9900,?,9,0.0,E,8,-9900,?,9,-9900,?,9,0.0,0.0,E,8
03/19/2018,06:00,0.0,1378.483,0.0,1,8,0.0,1,8,0.0,1,8,0.0,1,8,0.0,1,8,0.0,1,8,-0.0,1,8,-9900,?,9,-9900,?,9,11.43,E,8,9.36,E,8,87.0,E,8,822.9788000000001,E,8,999.0,E,8,0.22,E,8,-9900,?,9,-9900,?,9,0.0,E,8,-9900,?,9,-9900,?,9,0.0,0.0,E,8
03/19/2018,07:00,195.522,1378.483,0.98,1,8,0.0,1,8,0.98,1,8,117.6,1,8,0.0,1,8,107.8,1,8,2.229,1,8,-9900,?,9,-9900,?,9,11.11,E,8,9.64,E,8,90.0,E,8,822.9788000000001,E,8,999.0,E,8,0.22,E,8,-9900,?,9,-9900,?,9,0.0,E,8,-9900,?,9,-9900,?,9,0.0,0.0,E,8
03/19/2018,08:00,516.698,1378.483,96.04,1,8,0.0,1,8,96.04,1,8,11524.8,1,8,0.0,1,8,10564.4,1,8,81.703,1,8,-9900,?,9,-9900,?,9,10.78,E,8,9.92,E,8,94.0,E,8,822.9788000000001,E,8,999.0,E,8,0.22,E,8,-9900,?,9,-9900,?,9,0.0,E,8,-9900,?,9,-9900,?,9,0.0,0.0,E,8
03/19/2018,09:00,804.281,1378.483,164.32,1,8,4.319,1,8,161.802,1,8,19718.4,1,8,410.301,1,8,17798.167,1,8,88.323,1,8,-9900,?,9,-9900,?,9,13.26,E,8,7.66,E,8,68.0,E,8,822.9788000000001,E,8,999.0,E,8,0.22,E,8,-9900,?,9,-9900,?,9,0.0,E,8,-9900,?,9,-9900,?,9,0.0,0.0,E,8
03/19/2018,10:00,1037.645,1378.483,470.19,1,8,105.682,1,8,390.656,1,8,56422.8,1,8,10039.788,1,8,42972.201,1,8,165.232,1,8,-9900,?,9,-9900,?,9,15.41,E,8,5.41,E,8,51.0,E,8,822.9788000000001,E,8,999.0,E,8,0.61,E,8,-9900,?,9,-9900,?,9,0.0,E,8,-9900,?,9,-9900,?,9,0.0,0.0,E,8
03/19/2018,11:00,1200.716,1378.483,590.76,1,8,123.076,1,8,483.566,1,8,70891.2,1,8,11692.188,1,8,53192.262,1,8,176.729,1,8,-9900,?,9,-9900,?,9,17.06,E,8,3.44,E,8,40.0,E,8,822.9788000000001,E,8,999.0,E,8,0.93,E,8,-9900,?,9,-9900,?,9,0.0,E,8,-9900,?,9,-9900,?,9,0.0,0.0,E,8
03/19/2018,12:00,1282.319,1378.483,665.43,1,8,9.275,1,8,656.802,1,8,79851.6,1,8,881.134,1,8,72248.256,1,8,224.755,1,8,-9900,?,9,-9900,?,9,18.33,E,8,1.73,E,8,32.0,E,8,822.9788000000001,E,8,999.0,E,8,1.4,E,8,-9900,?,9,-9900,?,9,0.0,E,8,-9900,?,9,-9900,?,9,0.0,0.0,E,8
03/19/2018,13:00,1276.867,1378.483,688.69,1,8,10.902,1,8,678.592,1,8,82642.8,1,8,1035.654,1,8,74645.174,1,8,233.204,1,8,-9900,?,9,-9900,?,9,19.25,E,8,0.36,E,8,28.0,E,8,822.9788000000001,E,8,999.0,E,8,1.36,E,8,-9900,?,9,-9900,?,9,0.0,E,8,-9900,?,9,-9900,?,9,0.0,0.0,E,8
03/19/2018,14:00,1184.722,1378.483,658.88,1,8,204.33,1,8,483.29,1,8,79065.6,1,8,19411.303,1,8,53161.847,1,8,179.014,1,8,-9900,?,9,-9900,?,9,19.83,E,8,-0.5,E,8,25.0,E,8,822.9788000000001,E,8,999.0,E,8,1.91,E,8,-9900,?,9,-9900,?,9,0.0,E,8,-9900,?,9,-9900,?,9,0.0,0.0,E,8
03/19/2018,15:00,1012.173,1378.483,578.13,1,8,237.083,1,8,404.092,1,8,69375.6,1,8,22522.903,1,8,44450.074,1,8,175.221,1,8,-9900,?,9,-9900,?,9,20.07,E,8,-0.86,E,8,24.0,E,8,822.9788000000001,E,8,999.0,E,8,2.53,E,8,-9900,?,9,-9900,?,9,0.0,E,8,-9900,?,9,-9900,?,9,0.0,0.0,E,8
03/19/2018,16:00,771.027,1378.483,452.39,1,8,310.127,1,8,279.038,1,8,54286.8,1,8,29462.063,1,8,30694.212,1,8,158.901,1,8,-9900,?,9,-9900,?,9,19.94,E,8,-0.66,E,8,24.0,E,8,822.9788000000001,E,8,999.0,E,8,2.13,E,8,-9900,?,9,-9900,?,9,0.0,E,8,-9900,?,9,-9900,?,9,0.0,0.0,E,8
03/19/2018,17:00,477.898,1378.483,291.63,1,8,448.74,1,8,136.389,1,8,34995.6,1,8,42630.312,1,8,15002.814,1,8,125.493,1,8,-9900,?,9,-9900,?,9,19.31,E,8,0.27,E,8,27.0,E,8,822.9788000000001,E,8,999.0,E,8,1.46,E,8,-9900,?,9,-9900,?,9,0.0,E,8,-9900,?,9,-9900,?,9,0.0,0.0,E,8
03/19/2018,18:00,154.198,1378.483,113.03,1,8,318.921,1,8,78.098,1,8,13563.6,1,8,30297.505,1,8,8590.738,1,8,226.957,1,8,-9900,?,9,-9900,?,9,18.28,E,8,1.8,E,8,33.0,E,8,822.9788000000001,E,8,999.0,E,8,1.19,E,8,-9900,?,9,-9900,?,9,0.0,E,8,-9900,?,9,-9900,?,9,0.0,0.0,E,8
03/19/2018,19:00,0.0,1378.483,0.0,1,8,0.0,1,8,0.0,1,8,0.0,1,8,0.0,1,8,0.0,1,8,-0.0,1,8,-9900,?,9,-9900,?,9,17.45,E,8,2.93,E,8,37.0,E,8,822.9788000000001,E,8,999.0,E,8,0.98,E,8,-9900,?,9,-9900,?,9,0.0,E,8,-9900,?,9,-9900,?,9,0.0,0.0,E,8
03/19/2018,20:00,0.0,1378.483,0.0,1,8,0.0,1,8,0.0,1,8,0.0,1,8,0.0,1,8,0.0,1,8,-0.0,1,8,-9900,?,9,-9900,?,9,16.62,E,8,3.99,E,8,42.0,E,8,822.9788000000001,E,8,999.0,E,8,0.84,E,8,-9900,?,9,-9900,?,9,0.0,E,8,-9900,?,9,-9900,?,9,0.0,0.0,E,8
03/19/2018,21:00,0.0,1378.483,0.0,1,8,0.0,1,8,0.0,1,8,0.0,1,8,0.0,1,8,0.0,1,8,-0.0,1,8,-9900,?,9,-9900,?,9,15.79,E,8,4.98,E,8,48.0,E,8,822.9788000000001,E,8,999.0,E,8,0.82,E,8,-9900,?,9,-9900,?,9,0.0,E,8,-9900,?,9,-9900,?,9,0.0,0.0,E,8
03/19/2018,22:00,0.0,1378.483,0.0,1,8,0.0,1,8,0.0,1,8,0.0,1,8,0.0,1,8,0.0,1,8,-0.0,1,8,-9900,?,9,-9900,?,9,14.96,E,8,5.91,E,8,54.0,E,8,822.9788000000001,E,8,999.0,E,8,0.65,E,8,-9900,?,9,-9900,?,9,0.0,E,8,-9900,?,9,-9900,?,9,0.0,0.0,E,8
03/19/2018,23:00,0.0,1378.483,0.0,1,8,0.0,1,8,0.0,1,8,0.0,1,8,0.0,1,8,0.0,1,8,-0.0,1,8,-9900,?,9,-9900,?,9,14.13,E,8,6.79,E,8,61.0,E,8,822.9788000000001,E,8,999.0,E,8,0.38,E,8,-9900,?,9,-9900,?,9,0.0,E,8,-9900,?,9,-9900,?,9,0.0,0.0,E,8
03/19/2018,24:00,0.0,1378.483,0.0,1,8,0.0,1,8,0.0,1,8,0.0,1,8,0.0,1,8,0.0,1,8,-0.0,1,8,-9900,?,9,-9900,?,9,13.3,E,8,6.23,E,8,62.0,E,8,822.9788000000001,E,8,999.0,E,8,0.45,E,8,-9900,?,9,-9900,?,9,0.0,E,8,-9900,?,9,-9900,?,9,0.0,0.0,E,8
03/20/2018,01:00,0.0,1378.483,0.0,1,8,0.0,1,8,0.0,1,8,0.0,1,8,0.0,1,8,0.0,1,8,-0.0,1,8,-9900,?,9,-9900,?,9,12.88,E,8,6.77,E,8,66.0,E,8,822.9788000000001,E,8,999.0,E,8,0.69,E,8,-9900,?,9,-9900,?,9,0.0,E,8,-9900,?,9,-9900,?,9,0.0,0.0,E,8
03/20/2018,02:00,0.0,1378.483,0.0,1,8,0.0,1,8,0.0,1,8,0.0,1,8,0.0,1,8,0.0,1,8,-0.0,1,8,-9900,?,9,-9900,?,9,12.47,E,8,7.27,E,8,70.0,E,8,822.9788000000001,E,8,999.0,E,8,0.4,E,8,-9900,?,9,-9900,?,9,0.0,E,8,-9900,?,9,-9900,?,9,0.0,0.0,E,8
03/20/2018,03:00,0.0,1378.483,0.0,1,8,0.0,1,8,0.0,1,8,0.0,1,8,0.0,1,8,0.0,1,8,-0.0,1,8,-9900,?,9,-9900,?,9,12.05,E,8,7.78,E,8,75.0,E,8,822.9788000000001,E,8,999.0,E,8,0.57,E,8,-9900,?,9,-9900,?,9,0.0,E,8,-9900,?,9,-9900,?,9,0.0,0.0,E,8
03/20/2018,04:00,0.0,1377.689,0.0,1,8,0.0,1,8,0.0,1,8,0.0,1,8,0.0,1,8,0.0,1,8,-0.0,1,8,-9900,?,9,-9900,?,9,11.64,E,8,8.26,E,8,79.0,E,8,822.9788000000001,E,8,999.0,E,8,0.49,E,8,-9900,?,9,-9900,?,9,0.0,E,8,-9900,?,9,-9900,?,9,0.0,0.0,E,8
03/20/2018,05:00,0.0,1377.689,0.0,1,8,0.0,1,8,0.0,1,8,0.0,1,8,0.0,1,8,0.0,1,8,-0.0,1,8,-9900,?,9,-9900,?,9,11.22,E,8,8.73,E,8,84.0,E,8,822.9788000000001,E,8,999.0,E,8,0.4,E,8,-9900,?,9,-9900,?,9,0.0,E,8,-9900,?,9,-9900,?,9,0.0,0.0,E,8
03/20/2018,06:00,0.0,1377.689,0.0,1,8,0.0,1,8,0.0,1,8,0.0,1,8,0.0,1,8,0.0,1,8,-0.0,1,8,-9900,?,9,-9900,?,9,10.9,E,8,9.08,E,8,88.0,E,8,822.9788000000001,E,8,999.0,E,8,0.4,E,8,-9900,?,9,-9900,?,9,0.0,E,8,-9900,?,9,-9900,?,9,0.0,0.0,E,8
03/20/2018,07:00,193.644,1377.689,1.28,1,8,0.0,1,8,1.28,1,8,153.6,1,8,0.0,1,8,140.8,1,8,2.938,1,8,-9900,?,9,-9900,?,9,10.63,E,8,9.38,E,8,91.0,E,8,822.9788000000001,E,8,999.0,E,8,0.4,E,8,-9900,?,9,-9900,?,9,0.0,E,8,-9900,?,9,-9900,?,9,0.0,0.0,E,8
03/20/2018,08:00,514.515,1377.689,180.07,1,8,96.16,1,8,144.222,1,8,21608.4,1,8,9135.178,1,8,15864.458,1,8,123.145,1,8,-9900,?,9,-9900,?,9,10.35,E,8,9.67,E,8,95.0,E,8,822.9788000000001,E,8,999.0,E,8,0.4,E,8,-9900,?,9,-9900,?,9,0.0,E,8,-9900,?,9,-9900,?,9,0.0,0.0,E,8
03/20/2018,09:00,801.723,1377.689,417.76,1,8,226.822,1,8,285.84,1,8,50131.2,1,8,21548.091,1,8,31442.424,1,8,156.44,1,8,-9900,?,9,-9900,?,9,14.88,E,8,4.03,E,8,48.0,E,8,822.9788000000001,E,8,999.0,E,8,0.49,E,8,-9900,?,9,-9900,?,9,0.0,E,8,-9900,?,9,-9900,?,9,0.0,0.0,E,8
03/20/2018,10:00,1034.653,1377.689,622.92,1,8,322.46,1,8,380.806,1,8,74750.4,1,8,30633.672,1,8,41888.62,1,8,161.439,1,8,-9900,?,9,-9900,?,9,16.52,E,8,1.36,E,8,35.0,E,8,822.9788000000001,E,8,999.0,E,8,0.87,E,8,-9900,?,9,-9900,?,9,0.0,E,8,-9900,?,9,-9900,?,9,0.0,0.0,E,8
03/20/2018,11:00,1197.26,1377.689,787.76,1,8,312.629,1,8,516.1,1,8,94531.2,1,8,29699.793,1,8,56770.992,1,8,189.055,1,8,-9900,?,9,-9900,?,9,17.96,E,8,-1.27,E,8,26.0,E,8,822.9788000000001,E,8,999.0,E,8,1.36,E,8,-9900,?,9,-9900,?,9,0.0,E,8,-9900,?,9,-9900,?,9,0.0,0.0,E,8
03/20/2018,12:00,1278.402,1377.689,889.53,1,8,410.389,1,8,508.735,1,8,106743.6,1,8,38986.994,1,8,55960.799,1,8,174.52,1,8,-9900,?,9,-9900,?,9,19.13,E,8,-3.69,E,8,20.0,E,8,822.9788000000001,E,8,999.0,E,8,1.61,E,8,-9900,?,9,-9900,?,9,0.0,E,8,-9900,?,9,-9900,?,9,0.0,0.0,E,8
03/20/2018,13:00,1272.521,1377.689,920.5,1,8,503.095,1,8,455.833,1,8,110460.0,1,8,47793.981,1,8,50141.664,1,8,157.096,1,8,-9900,?,9,-9900,?,9,19.99,E,8,-5.82,E,8,16.0,E,8,822.9788000000001,E,8,999.0,E,8,2.6,E,8,-9900,?,9,-9900,?,9,0.0,E,8,-9900,?,9,-9900,?,9,0.0,0.0,E,8
03/20/2018,14:00,1180.011,1377.689,883.29,1,8,609.405,1,8,361.382,1,8,105994.8,1,8,57893.434,1,8,39751.989,1,8,134.316,1,8,-9900,?,9,-9900,?,9,20.53,E,8,-7.36,E,8,13.0,E,8,822.9788000000001,E,8,999.0,E,8,2.79,E,8,-9900,?,9,-9900,?,9,0.0,E,8,-9900,?,9,-9900,?,9,0.0,0.0,E,8
03/20/2018,15:00,1007.185,1377.689,782.79,1,8,725.741,1,8,252.359,1,8,93934.8,1,8,68945.417,1,8,27759.48,1,8,109.906,1,8,-9900,?,9,-9900,?,9,20.74,E,8,-8.01,E,8,12.0,E,8,822.9788000000001,E,8,999.0,E,8,2.9,E,8,-9900,?,9,-9900,?,9,0.0,E,8,-9900,?,9,-9900,?,9,0.0,0.0,E,8
03/20/2018,16:00,765.871,1377.689,603.85,1,8,830.164,1,8,142.655,1,8,72462.0,1,8,78865.595,1,8,15692.104,1,8,81.737,1,8,-9900,?,9,-9900,?,9,20.5,E,8,-7.27,E,8,13.0,E,8,822.9788000000001,E,8,999.0,E,8,1.73,E,8,-9900,?,9,-9900,?,9,0.0,E,8,-9900,?,9,-9900,?,9,0.0,0.0,E,8
03/20/2018,17:00,472.699,1377.689,394.87,1,8,771.799,1,8,130.633,1,8,47384.4,1,8,73320.866,1,8,14369.661,1,8,121.455,1,8,-9900,?,9,-9900,?,9,19.78,E,8,-5.27,E,8,17.0,E,8,822.9788000000001,E,8,999.0,E,8,0.85,E,8,-9900,?,9,-9900,?,9,0.0,E,8,-9900,?,9,-9900,?,9,0.0,0.0,E,8
03/20/2018,18:00,149.149,1377.689,150.49,1,8,396.449,1,8,108.519,1,8,18058.8,1,8,37662.618,1,8,11937.135,1,8,326.287,1,8,-9900,?,9,-9900,?,9,18.61,E,8,-2.56,E,8,23.0,E,8,822.9788000000001,E,8,999.0,E,8,0.4,E,8,-9900,?,9,-9900,?,9,0.0,E,8,-9900,?,9,-9900,?,9,0.0,0.0,E,8
03/20/2018,19:00,0.0,1377.689,0.0,1,8,0.0,1,8,0.0,1,8,0.0,1,8,0.0,1,8,0.0,1,8,-0.0,1,8,-9900,?,9,-9900,?,9,17.99,E,8,-1.33,E,8,26.0,E,8,822.9788000000001,E,8,999.0,E,8,0.4,E,8,-9900,?,9,-9900,?,9,0.0,E,8,-9900,?,9,-9900,?,9,0.0,0.0,E,8
03/20/2018,20:00,0.0,1377.689,0.0,1,8,0.0,1,8,0.0,1,8,0.0,1,8,0.0,1,8,0.0,1,8,-0.0,1,8,-9900,?,9,-9900,?,9,17.38,E,8,-0.22,E,8,30.0,E,8,822.9788000000001,E,8,999.0,E,8,0.4,E,8,-9900,?,9,-9900,?,9,0.0,E,8,-9900,?,9,-9900,?,9,0.0,0.0,E,8
03/20/2018,21:00,0.0,1377.689,0.0,1,8,0.0,1,8,0.0,1,8,0.0,1,8,0.0,1,8,0.0,1,8,-0.0,1,8,-9900,?,9,-9900,?,9,16.76,E,8,0.92,E,8,34.0,E,8,822.9788000000001,E,8,999.0,E,8,0.4,E,8,-9900,?,9,-9900,?,9,0.0,E,8,-9900,?,9,-9900,?,9,0.0,0.0,E,8
03/20/2018,22:00,0.0,1377.689,0.0,1,8,0.0,1,8,0.0,1,8,0.0,1,8,0.0,1,8,0.0,1,8,-0.0,1,8,-9900,?,9,-9900,?,9,16.14,E,8,2.02,E,8,38.0,E,8,822.9788000000001,E,8,999.0,E,8,0.4,E,8,-9900,?,9,-9900,?,9,0.0,E,8,-9900,?,9,-9900,?,9,0.0,0.0,E,8
03/20/2018,23:00,0.0,1377.689,0.0,1,8,0.0,1,8,0.0,1,8,0.0,1,8,0.0,1,8,0.0,1,8,-0.0,1,8,-9900,?,9,-9900,?,9,15.53,E,8,3.02,E,8,43.0,E,8,822.9788000000001,E,8,999.0,E,8,0.4,E,8,-9900,?,9,-9900,?,9,0.0,E,8,-9900,?,9,-9900,?,9,0.0,0.0,E,8
03/20/2018,24:00,0.0,1377.689,0.0,1,8,0.0,1,8,0.0,1,8,0.0,1,8,0.0,1,8,0.0,1,8,-0.0,1,8,-9900,?,9,-9900,?,9,14.91,E,8,12.48,E,8,85.0,E,8,822.9788000000001,E,8,999.0,E,8,0.66,E,8,-9900,?,9,-9900,?,9,0.0,E,8,-9900,?,9,-9900,?,9,0.0,0.0,E,8
03/21/2018,01:00,0.0,1377.689,0.0,1,8,0.0,1,8,0.0,1,8,0.0,1,8,0.0,1,8,0.0,1,8,-0.0,1,8,-9900,?,9,-9900,?,9,14.6,E,8,12.43,E,8,86.0,E,8,822.9788000000001,E,8,999.0,E,8,0.66,E,8,-9900,?,9,-9900,?,9,0.0,E,8,-9900,?,9,-9900,?,9,0.0,0.0,E,8
03/21/2018,02:00,0.0,1377.689,0.0,1,8,0.0,1,8,0.0,1,8,0.0,1,8,0.0,1,8,0.0,1,8,-0.0,1,8,-9900,?,9,-9900,?,9,14.29,E,8,12.39,E,8,88.0,E,8,822.9788000000001,E,8,999.0,E,8,0.66,E,8,-9900,?,9,-9900,?,9,0.0,E,8,-9900,?,9,-9900,?,9,0.0,0.0,E,8
03/21/2018,03:00,0.0,1377.689,0.0,1,8,0.0,1,8,0.0,1,8,0.0,1,8,0.0,1,8,0.0,1,8,-0.0,1,8,-9900,?,9,-9900,?,9,13.98,E,8,12.35,E,8,89.0,E,8,822.9788000000001,E,8,999.0,E,8,0.66,E,8,-9900,?,9,-9900,?,9,0.0,E,8,-9900,?,9,-9900,?,9,0.0,0.0,E,8
03/21/2018,04:00,0.0,1376.892,0.0,1,8,0.0,1,8,0.0,1,8,0.0,1,8,0.0,1,8,0.0,1,8,-0.0,1,8,-9900,?,9,-9900,?,9,13.67,E,8,12.31,E,8,91.0,E,8,822.9788000000001,E,8,999.0,E,8,0.66,E,8,-9900,?,9,-9900,?,9,0.0,E,8,-9900,?,9,-9900,?,9,0.0,0.0,E,8
03/21/2018,05:00,0.0,1376.892,0.0,1,8,0.0,1,8,0.0,1,8,0.0,1,8,0.0,1,8,0.0,1,8,-0.0,1,8,-9900,?,9,-9900,?,9,13.37,E,8,12.27,E,8,93.0,E,8,822.9788000000001,E,8,999.0,E,8,0.66,E,8,-9900,?,9,-9900,?,9,0.0,E,8,-9900,?,9,-9900,?,9,0.0,0.0,E,8
03/21/2018,06:00,0.0,1376.892,0.0,1,8,0.0,1,8,0.0,1,8,0.0,1,8,0.0,1,8,0.0,1,8,-0.0,1,8,-9900,?,9,-9900,?,9,13.13,E,8,12.23,E,8,94.0,E,8,822.9788000000001,E,8,999.0,E,8,0.66,E,8,-9900,?,9,-9900,?,9,0.0,E,8,-9900,?,9,-9900,?,9,0.0,0.0,E,8
03/21/2018,07:00,191.773,1376.892,0.66,1,8,0.0,1,8,0.66,1,8,79.2,1,8,0.0,1,8,72.6,1,8,1.529,1,8,-9900,?,9,-9900,?,9,12.92,E,8,12.2,E,8,95.0,E,8,822.9788000000001,E,8,999.0,E,8,0.66,E,8,-9900,?,9,-9900,?,9,0.0,E,8,-9900,?,9,-9900,?,9,0.0,0.0,E,8
03/21/2018,08:00,512.322,1376.892,112.36,1,8,0.0,1,8,112.36,1,8,13483.2,1,8,0.0,1,8,12359.6,1,8,96.295,1,8,-9900,?,9,-9900,?,9,12.72,E,8,12.18,E,8,96.0,E,8,822.9788000000001,E,8,999.0,E,8,0.66,E,8,-9900,?,9,-9900,?,9,0.0,E,8,-9900,?,9,-9900,?,9,0.0,0.0,E,8
03/21/2018,09:00,799.139,1376.892,121.51,1,8,0.0,1,8,121.51,1,8,14581.2,1,8,0.0,1,8,13366.1,1,8,66.679,1,8,-9900,?,9,-9900,?,9,14.65,E,8,12.44,E,8,86.0,E,8,822.9788000000001,E,8,999.0,E,8,0.66,E,8,-9900,?,9,-9900,?,9,0.0,E,8,-9900,?,9,-9900,?,9,0.0,0.0,E,8
03/21/2018,10:00,1031.621,1376.892,393.74,1,8,32.14,1,8,369.665,1,8,47248.8,1,8,3053.259,1,8,40663.184,1,8,157.086,1,8,-9900,?,9,-9900,?,9,16.17,E,8,12.64,E,8,79.0,E,8,822.9788000000001,E,8,999.0,E,8,0.66,E,8,-9900,?,9,-9900,?,9,0.0,E,8,-9900,?,9,-9900,?,9,0.0,0.0,E,8
03/21/2018,11:00,1193.753,1376.892,494.86,1,8,93.111,1,8,414.141,1,8,59383.2,1,8,8845.586,1,8,45555.517,1,8,152.064,1,8,-9900,?,9,-9900,?,9,17.35,E,8,12.8,E,8,74.0,E,8,822.9788000000001,E,8,999.0,E,8,0.66,E,8,-9900,?,9,-9900,?,9,0.0,E,8,-9900,?,9,-9900,?,9,0.0,0.0,E,8
03/21/2018,12:00,1274.426,1376.892,557.3,1,8,53.374,1,8,507.901,1,8,66876.0,1,8,5070.523,1,8,55869.057,1,8,174.677,1,8,-9900,?,9,-9900,?,9,18.27,E,8,12.92,E,8,70.0,E,8,822.9788000000001,E,8,999.0,E,8,0.66,E,8,-9900,?,9,-9900,?,9,0.0,E,8,-9900,?,9,-9900,?,9,0.0,0.0,E,8
03/21/2018,13:00,1268.114,1376.892,576.44,1,8,62.683,1,8,518.712,1,8,69172.8,1,8,5954.886,1,8,57058.335,1,8,179.284,1,8,-9900,?,9,-9900,?,9,18.93,E,8,13.01,E,8,68.0,E,8,822.9788000000001,E,8,999.0,E,8,0.97,E,8,-9900,?,9,-9900,?,9,0.0,E,8,-9900,?,9,-9900,?,9,0.0,0.0,E,8
03/21/2018,14:00,1175.241,1376.892,550.91,1,8,154.708,1,8,418.874,1,8,66109.2,1,8,14697.293,1,8,46076.118,1,8,156.226,1,8,-9900,?,9,-9900,?,9,19.34,E,8,13.06,E,8,66.0,E,8,822.9788000000001,E,8,999.0,E,8,1.26,E,8,-9900,?,9,-9900,?,9,0.0,E,8,-9900,?,9,-9900,?,9,0.0,0.0,E,8
03/21/2018,15:00,1002.145,1376.892,482.55,1,8,128.079,1,8,389.355,1,8,57906.0,1,8,12167.493,1,8,42828.996,1,8,170.325,1,8,-9900,?,9,-9900,?,9,19.51,E,8,13.08,E,8,66.0,E,8,822.9788000000001,E,8,999.0,E,8,1.87,E,8,-9900,?,9,-9900,?,9,0.0,E,8,-9900,?,9,-9900,?,9,0.0,0.0,E,8
03/21/2018,16:00,760.674,1376.892,376.39,1,8,174.763,1,8,279.905,1,8,45166.8,1,8,16602.47,1,8,30789.596,1,8,161.381,1,8,-9900,?,9,-9900,?,9,19.4,E,8,13.07,E,8,66.0,E,8,822.9788000000001,E,8,999.0,E,8,1.75,E,8,-9900,?,9,-9900,?,9,0.0,E,8,-9900,?,9,-9900,?,9,0.0,0.0,E,8
03/21/2018,17:00,467.472,1376.892,240.89,1,8,295.723,1,8,140.711,1,8,28906.8,1,8,28093.732,1,8,15478.261,1,8,132.218,1,8,-9900,?,9,-9900,?,9,18.93,E,8,13.01,E,8,68.0,E,8,822.9788000000001,E,8,999.0,E,8,1.12,E,8,-9900,?,9,-9900,?,9,0.0,E,8,-9900,?,9,-9900,?,9,0.0,0.0,E,8
03/21/2018,18:00,144.093,1376.892,90.78,1,8,361.962,1,8,53.792,1,8,10893.6,1,8,34386.427,1,8,5917.145,1,8,167.562,1,8,-9900,?,9,-9900,?,9,18.17,E,8,12.91,E,8,71.0,E,8,822.9788000000001,E,8,999.0,E,8,0.66,E,8,-9900,?,9,-9900,?,9,0.0,E,8,-9900,?,9,-9900,?,9,0.0,0.0,E,8
03/21/2018,19:00,0.0,1376.892,0.0,1,8,0.0,1,8,0.0,1,8,0.0,1,8,0.0,1,8,0.0,1,8,-0.0,1,8,-9900,?,9,-9900,?,9,17.49,E,8,12.82,E,8,74.0,E,8,822.9788000000001,E,8,999.0,E,8,0.66,E,8,-9900,?,9,-9900,?,9,0.0,E,8,-9900,?,9,-9900,?,9,0.0,0.0,E,8
03/21/2018,20:00,0.0,1376.892,0.0,1,8,0.0,1,8,0.0,1,8,0.0,1,8,0.0,1,8,0.0,1,8,-0.0,1,8,-9900,?,9,-9900,?,9,16.81,E,8,12.73,E,8,81.0,E,8,822.9788000000001,E,8,999.0,E,8,0.66,E,8,-9900,?,9,-9900,?,9,0.001,E,8,-9900,?,9,-9900,?,9,0.01,99.0,E,8
03/21/2018,21:00,0.0,1376.892,0.0,1,8,0.0,1,8,0.0,1,8,0.0,1,8,0.0,1,8,0.0,1,8,-0.0,1,8,-9900,?,9,-9900,?,9,16.12,E,8,12.64,E,8,84.0,E,8,822.9788000000001,E,8,999.0,E,8,0.66,E,8,-9900,?,9,-9900,?,9,0.096,E,8,-9900,?,9,-9900,?,9,0.96,99.0,E,8
03/21/2018,22:00,0.0,1376.892,0.0,1,8,0.0,1,8,0.0,1,8,0.0,1,8,0.0,1,8,0.0,1,8,-0.0,1,8,-9900,?,9,-9900,?,9,15.44,E,8,12.55,E,8,87.0,E,8,822.9788000000001,E,8,999.0,E,8,0.66,E,8,-9900,?,9,-9900,?,9,0.003,E,8,-9900,?,9,-9900,?,9,0.03,99.0,E,8
03/21/2018,23:00,0.0,1376.892,0.0,1,8,0.0,1,8,0.0,1,8,0.0,1,8,0.0,1,8,0.0,1,8,-0.0,1,8,-9900,?,9,-9900,?,9,14.76,E,8,12.45,E,8,86.0,E,8,822.9788000000001,E,8,999.0,E,8,0.66,E,8,-9900,?,9,-9900,?,9,0.0,E,8,-9900,?,9,-9900,?,9,0.0,0.0,E,8
03/21/2018,24:00,0.0,1376.892,0.0,1,8,0.0,1,8,0.0,1,8,0.0,1,8,0.0,1,8,0.0,1,8,-0.0,1,8,-9900,?,9,-9900,?,9,14.08,E,8,11.75,E,8,85.0,E,8,822.9788000000001,E,8,999.0,E,8,0.54,E,8,-9900,?,9,-9900,?,9,0.02,E,8,-9900,?,9,-9900,?,9,0.2,99.0,E,8
03/22/2018,01:00,0.0,1376.892,0.0,1,8,0.0,1,8,0.0,1,8,0.0,1,8,0.0,1,8,0.0,1,8,-0.0,1,8,-9900,?,9,-9900,?,9,13.74,E,8,11.74,E,8,87.0,E,8,822.9788000000001,E,8,999.0,E,8,0.54,E,8,-9900,?,9,-9900,?,9,0.003,E,8,-9900,?,9,-9900,?,9,0.03,99.0,E,8
03/22/2018,02:00,0.0,1376.892,0.0,1,8,0.0,1,8,0.0,1,8,0.0,1,8,0.0,1,8,0.0,1,8,-0.0,1,8,-9900,?,9,-9900,?,9,13.4,E,8,11.72,E,8,84.0,E,8,822.9788000000001,E,8,999.0,E,8,0.54,E,8,-9900,?,9,-9900,?,9,0.0,E,8,-9900,?,9,-9900,?,9,0.0,0.0,E,8
03/22/2018,03:00,0.0,1376.892,0.0,1,8,0.0,1,8,0.0,1,8,0.0,1,8,0.0,1,8,0.0,1,8,-0.0,1,8,-9900,?,9,-9900,?,9,13.05,E,8,11.71,E,8,86.0,E,8,822.9788000000001,E,8,999.0,E,8,0.54,E,8,-9900,?,9,-9900,?,9,0.0,E,8,-9900,?,9,-9900,?,9,0.0,0.0,E,8
03/22/2018,04:00,0.0,1376.093,0.0,1,8,0.0,1,8,0.0,1,8,0.0,1,8,0.0,1,8,0.0,1,8,-0.0,1,8,-9900,?,9,-9900,?,9,12.71,E,8,11.7,E,8,87.0,E,8,822.9788000000001,E,8,999.0,E,8,0.54,E,8,-9900,?,9,-9900,?,9,0.0,E,8,-9900,?,9,-9900,?,9,0.0,0.0,E,8
03/22/2018,05:00,0.0,1376.093,0.0,1,8,0.0,1,8,0.0,1,8,0.0,1,8,0.0,1,8,0.0,1,8,-0.0,1,8,-9900,?,9,-9900,?,9,12.37,E,8,11.68,E,8,93.0,E,8,822.9788000000001,E,8,999.0,E,8,0.54,E,8,-9900,?,9,-9900,?,9,0.012,E,8,-9900,?,9,-9900,?,9,0.12,99.0,E,8
03/22/2018,06:00,0.0,1376.093,0.0,1,8,0.0,1,8,0.0,1,8,0.0,1,8,0.0,1,8,0.0,1,8,-0.0,1,8,-9900,?,9,-9900,?,9,12.11,E,8,11.67,E,8,94.0,E,8,822.9788000000001,E,8,999.0,E,8,0.56,E,8,-9900,?,9,-9900,?,9,0.001,E,8,-9900,?,9,-9900,?,9,0.01,99.0,E,8
03/22/2018,07:00,189.908,1376.093,0.39,1,8,0.0,1,8,0.39,1,8,46.8,1,8,0.0,1,8,42.9,1,8,0.912,1,8,-9900,?,9,-9900,?,9,11.88,E,8,11.66,E,8,99.0,E,8,822.9788000000001,E,8,999.0,E,8,0.78,E,8,-9900,?,9,-9900,?,9,0.10400000000000001,E,8,-9900,?,9,-9900,?,9,1.04,99.0,E,8
03/22/2018,08:00,510.118,1376.093,74.09,1,8,0.0,1,8,74.09,1,8,8890.8,1,8,0.0,1,8,8149.9,1,8,63.735,1,8,-9900,?,9,-9900,?,9,11.66,E,8,11.65,E,8,97.0,E,8,822.9788000000001,E,8,999.0,E,8,0.86,E,8,-9900,?,9,-9900,?,9,0.007000000000000001,E,8,-9900,?,9,-9900,?,9,0.07,99.0,E,8
03/22/2018,09:00,796.528,1376.093,173.21,1,8,2.418,1,8,171.811,1,8,20785.2,1,8,229.71,1,8,18899.232,1,8,94.537,1,8,-9900,?,9,-9900,?,9,14.61,E,8,11.77,E,8,83.0,E,8,822.9788000000001,E,8,999.0,E,8,1.16,E,8,-9900,?,9,-9900,?,9,0.026000000000000002,E,8,-9900,?,9,-9900,?,9,0.26,99.0,E,8
03/22/2018,10:00,1028.549,1376.093,260.67,1,8,6.869,1,8,255.537,1,8,31280.4,1,8,652.527,1,8,28109.096,1,8,108.85,1,8,-9900,?,9,-9900,?,9,15.7,E,8,11.82,E,8,79.0,E,8,822.9788000000001,E,8,999.0,E,8,1.05,E,8,-9900,?,9,-9900,?,9,0.033,E,8,-9900,?,9,-9900,?,9,0.33,99.0,E,8
03/22/2018,11:00,1190.196,1376.093,327.67,1,8,11.109,1,8,318.063,1,8,39320.4,1,8,1055.354,1,8,34986.896,1,8,117.067,1,8,-9900,?,9,-9900,?,9,16.65,E,8,11.86,E,8,75.0,E,8,822.9788000000001,E,8,999.0,E,8,1.25,E,8,-9900,?,9,-9900,?,9,0.016,E,8,-9900,?,9,-9900,?,9,0.16,99.0,E,8
03/22/2018,12:00,1270.393,1376.093,322.88,1,8,30.084,1,8,295.108,1,8,38745.6,1,8,2858.006,1,8,32461.878,1,8,101.757,1,8,-9900,?,9,-9900,?,9,17.19,E,8,11.88,E,8,73.0,E,8,822.9788000000001,E,8,999.0,E,8,1.38,E,8,-9900,?,9,-9900,?,9,0.005,E,8,-9900,?,9,-9900,?,9,0.05,99.0,E,8
03/22/2018,13:00,1263.648,1376.093,396.43,1,8,41.646,1,8,358.19,1,8,47571.6,1,8,3956.331,1,8,39400.846,1,8,124.168,1,8,-9900,?,9,-9900,?,9,17.85,E,8,11.9,E,8,67.0,E,8,822.9788000000001,E,8,999.0,E,8,1.42,E,8,-9900,?,9,-9900,?,9,0.0,E,8,-9900,?,9,-9900,?,9,0.0,0.0,E,8
03/22/2018,14:00,1170.414,1376.093,449.09,1,8,24.866,1,8,427.943,1,8,53890.8,1,8,2362.281,1,8,47073.72,1,8,160.174,1,8,-9900,?,9,-9900,?,9,18.49,E,8,11.93,E,8,65.0,E,8,822.9788000000001,E,8,999.0,E,8,0.88,E,8,-9900,?,9,-9900,?,9,0.0,E,8,-9900,?,9,-9900,?,9,0.0,0.0,E,8
03/22/2018,15:00,997.055,1376.093,298.93,1,8,28.745,1,8,278.108,1,8,35871.6,1,8,2730.8,1,8,30591.882,1,8,122.21,1,8,-9900,?,9,-9900,?,9,18.53,E,8,11.93,E,8,69.0,E,8,822.9788000000001,E,8,999.0,E,8,1.03,E,8,-9900,?,9,-9900,?,9,0.002,E,8,-9900,?,9,-9900,?,9,0.02,99.0,E,8
03/22/2018,16:00,755.437,1376.093,226.98,1,8,12.507,1,8,220.119,1,8,27237.6,1,8,1188.128,1,8,24213.077,1,8,127.718,1,8,-9900,?,9,-9900,?,9,18.26,E,8,11.92,E,8,70.0,E,8,822.9788000000001,E,8,999.0,E,8,0.54,E,8,-9900,?,9,-9900,?,9,0.004,E,8,-9900,?,9,-9900,?,9,0.04,99.0,E,8
03/22/2018,17:00,462.22,1376.093,158.36,1,8,53.451,1,8,140.447,1,8,19003.2,1,8,5077.889,1,8,15449.161,1,8,133.399,1,8,-9900,?,9,-9900,?,9,17.76,E,8,11.9,E,8,71.0,E,8,822.9788000000001,E,8,999.0,E,8,0.54,E,8,-9900,?,9,-9900,?,9,0.01,E,8,-9900,?,9,-9900,?,9,0.1,99.0,E,8
03/22/2018,18:00,139.033,1376.093,58.94,1,8,269.382,1,8,32.407,1,8,7072.8,1,8,25591.263,1,8,3564.762,1,8,104.729,1,8,-9900,?,9,-9900,?,9,16.98,E,8,11.87,E,8,70.0,E,8,822.9788000000001,E,8,999.0,E,8,0.54,E,8,-9900,?,9,-9900,?,9,0.0,E,8,-9900,?,9,-9900,?,9,0.0,0.0,E,8
03/22/2018,19:00,0.0,1376.093,0.0,1,8,0.0,1,8,0.0,1,8,0.0,1,8,0.0,1,8,0.0,1,8,-0.0,1,8,-9900,?,9,-9900,?,9,16.29,E,8,11.84,E,8,76.0,E,8,822.9788000000001,E,8,999.0,E,8,0.54,E,8,-9900,?,9,-9900,?,9,0.041999999999999996,E,8,-9900,?,9,-9900,?,9,0.42,99.0,E,8
03/22/2018,20:00,0.0,1376.093,0.0,1,8,0.0,1,8,0.0,1,8,0.0,1,8,0.0,1,8,0.0,1,8,-0.0,1,8,-9900,?,9,-9900,?,9,15.6,E,8,11.81,E,8,79.0,E,8,822.9788000000001,E,8,999.0,E,8,0.55,E,8,-9900,?,9,-9900,?,9,0.054000000000000006,E,8,-9900,?,9,-9900,?,9,0.54,99.0,E,8
03/22/2018,21:00,0.0,1376.093,0.0,1,8,0.0,1,8,0.0,1,8,0.0,1,8,0.0,1,8,0.0,1,8,-0.0,1,8,-9900,?,9,-9900,?,9,14.92,E,8,11.79,E,8,90.0,E,8,822.9788000000001,E,8,999.0,E,8,0.71,E,8,-9900,?,9,-9900,?,9,2.016,E,8,-9900,?,9,-9900,?,9,20.16,99.0,E,8
03/22/2018,22:00,0.0,1376.093,0.0,1,8,0.0,1,8,0.0,1,8,0.0,1,8,0.0,1,8,0.0,1,8,-0.0,1,8,-9900,?,9,-9900,?,9,14.23,E,8,11.76,E,8,85.0,E,8,822.9788000000001,E,8,999.0,E,8,1.11,E,8,-9900,?,9,-9900,?,9,0.073,E,8,-9900,?,9,-9900,?,9,0.73,99.0,E,8
03/22/2018,23:00,0.0,1376.093,0.0,1,8,0.0,1,8,0.0,1,8,0.0,1,8,0.0,1,8,0.0,1,8,-0.0,1,8,-9900,?,9,-9900,?,9,13.54,E,8,11.73,E,8,92.0,E,8,822.9788000000001,E,8,999.0,E,8,1.31,E,8,-9900,?,9,-9900,?,9,0.173,E,8,-9900,?,9,-9900,?,9,1.73,99.0,E,8
03/22/2018,24:00,0.0,1376.093,0.0,1,8,0.0,1,8,0.0,1,8,0.0,1,8,0.0,1,8,0.0,1,8,-0.0,1,8,-9900,?,9,-9900,?,9,12.85,E,8,10.32,E,8,84.0,E,8,822.9788000000001,E,8,999.0,E,8,0.36,E,8,-9900,?,9,-9900,?,9,0.0,E,8,-9900,?,9,-9900,?,9,0.0,0.0,E,8
03/23/2018,01:00,0.0,1376.093,0.0,1,8,0.0,1,8,0.0,1,8,0.0,1,8,0.0,1,8,0.0,1,8,-0.0,1,8,-9900,?,9,-9900,?,9,12.51,E,8,10.27,E,8,86.0,E,8,822.9788000000001,E,8,999.0,E,8,0.53,E,8,-9900,?,9,-9900,?,9,0.0,E,8,-9900,?,9,-9900,?,9,0.0,0.0,E,8
03/23/2018,02:00,0.0,1376.093,0.0,1,8,0.0,1,8,0.0,1,8,0.0,1,8,0.0,1,8,0.0,1,8,-0.0,1,8,-9900,?,9,-9900,?,9,12.17,E,8,10.22,E,8,87.0,E,8,822.9788000000001,E,8,999.0,E,8,0.27,E,8,-9900,?,9,-9900,?,9,0.0,E,8,-9900,?,9,-9900,?,9,0.0,0.0,E,8
03/23/2018,03:00,0.0,1376.093,0.0,1,8,0.0,1,8,0.0,1,8,0.0,1,8,0.0,1,8,0.0,1,8,-0.0,1,8,-9900,?,9,-9900,?,9,11.82,E,8,10.16,E,8,89.0,E,8,822.9788000000001,E,8,999.0,E,8,0.27,E,8,-9900,?,9,-9900,?,9,0.0,E,8,-9900,?,9,-9900,?,9,0.0,0.0,E,8
03/23/2018,04:00,0.0,1375.292,0.0,1,8,0.0,1,8,0.0,1,8,0.0,1,8,0.0,1,8,0.0,1,8,-0.0,1,8,-9900,?,9,-9900,?,9,11.48,E,8,10.11,E,8,91.0,E,8,822.9788000000001,E,8,999.0,E,8,0.27,E,8,-9900,?,9,-9900,?,9,0.0,E,8,-9900,?,9,-9900,?,9,0.0,0.0,E,8
03/23/2018,05:00,0.0,1375.292,0.0,1,8,0.0,1,8,0.0,1,8,0.0,1,8,0.0,1,8,0.0,1,8,-0.0,1,8,-9900,?,9,-9900,?,9,11.13,E,8,10.05,E,8,93.0,E,8,822.9788000000001,E,8,999.0,E,8,0.27,E,8,-9900,?,9,-9900,?,9,0.0,E,8,-9900,?,9,-9900,?,9,0.0,0.0,E,8
03/23/2018,06:00,0.0,1375.292,0.0,1,8,0.0,1,8,0.0,1,8,0.0,1,8,0.0,1,8,0.0,1,8,-0.0,1,8,-9900,?,9,-9900,?,9,10.87,E,8,10.01,E,8,94.0,E,8,822.9788000000001,E,8,999.0,E,8,0.27,E,8,-9900,?,9,-9900,?,9,0.0,E,8,-9900,?,9,-9900,?,9,0.0,0.0,E,8
03/23/2018,07:00,188.05,1375.292,0.49,1,8,0.0,1,8,0.49,1,8,58.8,1,8,0.0,1,8,53.9,1,8,1.157,1,8,-9900,?,9,-9900,?,9,10.64,E,8,9.97,E,8,95.0,E,8,822.9788000000001,E,8,999.0,E,8,0.28,E,8,-9900,?,9,-9900,?,9,0.0,E,8,-9900,?,9,-9900,?,9,0.0,0.0,E,8
03/23/2018,08:00,507.904,1375.292,105.78,1,8,0.0,1,8,105.78,1,8,12693.6,1,8,0.0,1,8,11635.8,1,8,91.341,1,8,-9900,?,9,-9900,?,9,10.41,E,8,9.94,E,8,96.0,E,8,822.9788000000001,E,8,999.0,E,8,0.27,E,8,-9900,?,9,-9900,?,9,0.0,E,8,-9900,?,9,-9900,?,9,0.0,0.0,E,8
03/23/2018,09:00,793.891,1375.292,248.13,1,8,10.562,1,8,242.037,1,8,29775.6,1,8,1003.368,1,8,26624.044,1,8,133.543,1,8,-9900,?,9,-9900,?,9,13.58,E,8,10.44,E,8,81.0,E,8,822.9788000000001,E,8,999.0,E,8,0.27,E,8,-9900,?,9,-9900,?,9,0.0,E,8,-9900,?,9,-9900,?,9,0.0,0.0,E,8
03/23/2018,10:00,1025.436,1375.292,373.68,1,8,12.693,1,8,364.218,1,8,44841.6,1,8,1205.862,1,8,40063.974,1,8,155.525,1,8,-9900,?,9,-9900,?,9,14.76,E,8,10.62,E,8,81.0,E,8,822.9788000000001,E,8,999.0,E,8,0.47,E,8,-9900,?,9,-9900,?,9,0.096,E,8,-9900,?,9,-9900,?,9,0.96,99.0,E,8
03/23/2018,11:00,1186.588,1375.292,469.81,1,8,12.897,1,8,458.684,1,8,56377.2,1,8,1225.218,1,8,50455.207,1,8,169.24,1,8,-9900,?,9,-9900,?,9,15.78,E,8,10.77,E,8,72.0,E,8,822.9788000000001,E,8,999.0,E,8,1.21,E,8,-9900,?,9,-9900,?,9,0.0,E,8,-9900,?,9,-9900,?,9,0.0,0.0,E,8
03/23/2018,12:00,1266.304,1375.292,528.97,1,8,3.877,1,8,525.4,1,8,63476.4,1,8,368.35,1,8,57794.011,1,8,181.644,1,8,-9900,?,9,-9900,?,9,16.6,E,8,10.9,E,8,69.0,E,8,822.9788000000001,E,8,999.0,E,8,1.95,E,8,-9900,?,9,-9900,?,9,0.0,E,8,-9900,?,9,-9900,?,9,0.0,0.0,E,8
03/23/2018,13:00,1259.124,1375.292,546.8,1,8,52.385,1,8,498.843,1,8,65616.0,1,8,4976.539,1,8,54872.72,1,8,173.446,1,8,-9900,?,9,-9900,?,9,17.2,E,8,10.99,E,8,66.0,E,8,822.9788000000001,E,8,999.0,E,8,2.48,E,8,-9900,?,9,-9900,?,9,0.0,E,8,-9900,?,9,-9900,?,9,0.0,0.0,E,8
03/23/2018,14:00,1165.532,1375.292,522.03,1,8,129.301,1,8,412.463,1,8,62643.6,1,8,12283.566,1,8,45370.925,1,8,154.937,1,8,-9900,?,9,-9900,?,9,17.57,E,8,11.04,E,8,65.0,E,8,822.9788000000001,E,8,999.0,E,8,2.72,E,8,-9900,?,9,-9900,?,9,0.0,E,8,-9900,?,9,-9900,?,9,0.0,0.0,E,8
03/23/2018,15:00,991.917,1375.292,456.43,1,8,107.436,1,8,378.964,1,8,54771.6,1,8,10206.444,1,8,41685.992,1,8,167.296,1,8,-9900,?,9,-9900,?,9,17.7,E,8,11.06,E,8,65.0,E,8,822.9788000000001,E,8,999.0,E,8,2.54,E,8,-9900,?,9,-9900,?,9,0.0,E,8,-9900,?,9,-9900,?,9,0.0,0.0,E,8
03/23/2018,16:00,750.164,1375.292,354.85,1,8,148.043,1,8,274.155,1,8,42582.0,1,8,14064.045,1,8,30157.037,1,8,160.098,1,8,-9900,?,9,-9900,?,9,17.52,E,8,11.04,E,8,65.0,E,8,822.9788000000001,E,8,999.0,E,8,3.02,E,8,-9900,?,9,-9900,?,9,0.0,E,8,-9900,?,9,-9900,?,9,0.0,0.0,E,8
03/23/2018,17:00,456.946,1375.292,225.41,1,8,222.211,1,8,151.752,1,8,27049.2,1,8,21110.092,1,8,16692.688,1,8,145.723,1,8,-9900,?,9,-9900,?,9,16.99,E,8,10.96,E,8,67.0,E,8,822.9788000000001,E,8,999.0,E,8,2.28,E,8,-9900,?,9,-9900,?,9,0.0,E,8,-9900,?,9,-9900,?,9,0.0,0.0,E,8
03/23/2018,18:00,133.972,1375.292,82.46,1,8,328.128,1,8,51.355,1,8,9895.2,1,8,31172.143,1,8,5648.997,1,8,172.439,1,8,-9900,?,9,-9900,?,9,16.15,E,8,10.83,E,8,75.0,E,8,822.9788000000001,E,8,999.0,E,8,1.66,E,8,-9900,?,9,-9900,?,9,0.003,E,8,-9900,?,9,-9900,?,9,0.03,99.0,E,8
03/23/2018,19:00,0.0,1375.292,0.0,1,8,0.0,1,8,0.0,1,8,0.0,1,8,0.0,1,8,0.0,1,8,-0.0,1,8,-9900,?,9,-9900,?,9,15.69,E,8,10.76,E,8,72.0,E,8,822.9788000000001,E,8,999.0,E,8,1.39,E,8,-9900,?,9,-9900,?,9,0.0,E,8,-9900,?,9,-9900,?,9,0.0,0.0,E,8
03/23/2018,20:00,0.0,1375.292,0.0,1,8,0.0,1,8,0.0,1,8,0.0,1,8,0.0,1,8,0.0,1,8,-0.0,1,8,-9900,?,9,-9900,?,9,15.22,E,8,10.69,E,8,79.0,E,8,822.9788000000001,E,8,999.0,E,8,0.86,E,8,-9900,?,9,-9900,?,9,0.001,E,8,-9900,?,9,-9900,?,9,0.01,99.0,E,8
03/23/2018,21:00,0.0,1375.292,0.0,1,8,0.0,1,8,0.0,1,8,0.0,1,8,0.0,1,8,0.0,1,8,-0.0,1,8,-9900,?,9,-9900,?,9,14.76,E,8,10.62,E,8,76.0,E,8,822.9788000000001,E,8,999.0,E,8,0.92,E,8,-9900,?,9,-9900,?,9,0.0,E,8,-9900,?,9,-9900,?,9,0.0,0.0,E,8
03/23/2018,22:00,0.0,1375.292,0.0,1,8,0.0,1,8,0.0,1,8,0.0,1,8,0.0,1,8,0.0,1,8,-0.0,1,8,-9900,?,9,-9900,?,9,14.3,E,8,10.55,E,8,78.0,E,8,822.9788000000001,E,8,999.0,E,8,0.66,E,8,-9900,?,9,-9900,?,9,0.0,E,8,-9900,?,9,-9900,?,9,0.0,0.0,E,8
03/23/2018,23:00,0.0,1375.292,0.0,1,8,0.0,1,8,0.0,1,8,0.0,1,8,0.0,1,8,0.0,1,8,-0.0,1,8,-9900,?,9,-9900,?,9,13.83,E,8,10.47,E,8,80.0,E,8,822.9788000000001,E,8,999.0,E,8,0.59,E,8,-9900,?,9,-9900,?,9,0.0,E,8,-9900,?,9,-9900,?,9,0.0,0.0,E,8
03/23/2018,24:00,0.0,1375.292,0.0,1,8,0.0,1,8,0.0,1,8,0.0,1,8,0.0,1,8,0.0,1,8,-0.0,1,8,-9900,?,9,-9900,?,9,13.37,E,8,12.48,E,8,94.0,E,8,822.9788000000001,E,8,999.0,E,8,5.33,E,8,-9900,?,9,-9900,?,9,0.0,E,8,-9900,?,9,-9900,?,9,0.0,0.0,E,8
03/24/2018,01:00,0.0,1375.292,0.0,1,8,0.0,1,8,0.0,1,8,0.0,1,8,0.0,1,8,0.0,1,8,-0.0,1,8,-9900,?,9,-9900,?,9,13.14,E,8,12.31,E,8,94.0,E,8,822.9788000000001,E,8,999.0,E,8,3.95,E,8,-9900,?,9,-9900,?,9,0.0,E,8,-9900,?,9,-9900,?,9,0.0,0.0,E,8
03/24/2018,02:00,0.0,1375.292,0.0,1,8,0.0,1,8,0.0,1,8,0.0,1,8,0.0,1,8,0.0,1,8,-0.0,1,8,-9900,?,9,-9900,?,9,12.91,E,8,12.14,E,8,95.0,E,8,822.9788000000001,E,8,999.0,E,8,4.61,E,8,-9900,?,9,-9900,?,9,0.0,E,8,-9900,?,9,-9900,?,9,0.0,0.0,E,8
03/24/2018,03:00,0.0,1375.292,0.0,1,8,0.0,1,8,0.0,1,8,0.0,1,8,0.0,1,8,0.0,1,8,-0.0,1,8,-9900,?,9,-9900,?,9,12.67,E,8,11.96,E,8,95.0,E,8,822.9788000000001,E,8,999.0,E,8,5.52,E,8,-9900,?,9,-9900,?,9,0.0,E,8,-9900,?,9,-9900,?,9,0.0,0.0,E,8
03/24/2018,04:00,0.0,1374.489,0.0,1,8,0.0,1,8,0.0,1,8,0.0,1,8,0.0,1,8,0.0,1,8,-0.0,1,8,-9900,?,9,-9900,?,9,12.44,E,8,11.79,E,8,95.0,E,8,822.9788000000001,E,8,999.0,E,8,5.06,E,8,-9900,?,9,-9900,?,9,0.0,E,8,-9900,?,9,-9900,?,9,0.0,0.0,E,8
03/24/2018,05:00,0.0,1374.489,0.0,1,8,0.0,1,8,0.0,1,8,0.0,1,8,0.0,1,8,0.0,1,8,-0.0,1,8,-9900,?,9,-9900,?,9,12.21,E,8,11.61,E,8,96.0,E,8,822.9788000000001,E,8,999.0,E,8,4.96,E,8,-9900,?,9,-9900,?,9,0.0,E,8,-9900,?,9,-9900,?,9,0.0,0.0,E,8
03/24/2018,06:00,0.0,1374.489,0.0,1,8,0.0,1,8,0.0,1,8,0.0,1,8,0.0,1,8,0.0,1,8,-0.0,1,8,-9900,?,9,-9900,?,9,12.03,E,8,11.47,E,8,96.0,E,8,822.9788000000001,E,8,999.0,E,8,5.52,E,8,-9900,?,9,-9900,?,9,0.0,E,8,-9900,?,9,-9900,?,9,0.0,0.0,E,8
03/24/2018,07:00,186.197,1374.489,0.32,1,8,0.0,1,8,0.32,1,8,38.4,1,8,0.0,1,8,35.2,1,8,0.763,1,8,-9900,?,9,-9900,?,9,11.88,E,8,11.35,E,8,96.0,E,8,822.9788000000001,E,8,999.0,E,8,5.62,E,8,-9900,?,9,-9900,?,9,0.0,E,8,-9900,?,9,-9900,?,9,0.0,0.0,E,8
03/24/2018,08:00,505.678,1374.489,77.63,1,8,0.0,1,8,77.63,1,8,9315.6,1,8,0.0,1,8,8539.3,1,8,67.291,1,8,-9900,?,9,-9900,?,9,11.73,E,8,11.24,E,8,96.0,E,8,822.9788000000001,E,8,999.0,E,8,5.2,E,8,-9900,?,9,-9900,?,9,0.0,E,8,-9900,?,9,-9900,?,9,0.0,0.0,E,8
03/24/2018,09:00,791.226,1374.489,182.71,1,8,10.403,1,8,176.725,1,8,21925.2,1,8,988.241,1,8,19439.784,1,8,97.779,1,8,-9900,?,9,-9900,?,9,14.2,E,8,13.07,E,8,92.0,E,8,822.9788000000001,E,8,999.0,E,8,4.84,E,8,-9900,?,9,-9900,?,9,0.0,E,8,-9900,?,9,-9900,?,9,0.0,0.0,E,8
03/24/2018,10:00,1022.285,1374.489,275.37,1,8,7.756,1,8,269.603,1,8,33044.4,1,8,736.844,1,8,29656.287,1,8,115.411,1,8,-9900,?,9,-9900,?,9,15.13,E,8,13.72,E,8,91.0,E,8,822.9788000000001,E,8,999.0,E,8,5.61,E,8,-9900,?,9,-9900,?,9,0.0,E,8,-9900,?,9,-9900,?,9,0.0,0.0,E,8
03/24/2018,11:00,1182.932,1374.489,346.25,1,8,12.402,1,8,335.578,1,8,41550.0,1,8,1178.146,1,8,36913.571,1,8,124.128,1,8,-9900,?,9,-9900,?,9,15.92,E,8,14.24,E,8,89.0,E,8,822.9788000000001,E,8,999.0,E,8,8.06,E,8,-9900,?,9,-9900,?,9,0.0,E,8,-9900,?,9,-9900,?,9,0.0,0.0,E,8
03/24/2018,12:00,1262.16,1374.489,389.8,1,8,25.438,1,8,366.442,1,8,46776.0,1,8,2416.619,1,8,40308.629,1,8,127.03,1,8,-9900,?,9,-9900,?,9,16.57,E,8,14.67,E,8,88.0,E,8,822.9788000000001,E,8,999.0,E,8,5.51,E,8,-9900,?,9,-9900,?,9,0.0,E,8,-9900,?,9,-9900,?,9,0.0,0.0,E,8
03/24/2018,13:00,1254.545,1374.489,402.83,1,8,27.879,1,8,377.386,1,8,48339.6,1,8,2648.458,1,8,41512.438,1,8,131.618,1,8,-9900,?,9,-9900,?,9,17.04,E,8,14.97,E,8,87.0,E,8,822.9788000000001,E,8,999.0,E,8,4.95,E,8,-9900,?,9,-9900,?,9,0.0,E,8,-9900,?,9,-9900,?,9,0.0,0.0,E,8
03/24/2018,14:00,1160.598,1374.489,384.36,1,8,22.579,1,8,365.297,1,8,46123.2,1,8,2144.992,1,8,40182.67,1,8,137.723,1,8,-9900,?,9,-9900,?,9,17.33,E,8,15.15,E,8,87.0,E,8,822.9788000000001,E,8,999.0,E,8,4.4,E,8,-9900,?,9,-9900,?,9,0.0,E,8,-9900,?,9,-9900,?,9,0.0,0.0,E,8
03/24/2018,15:00,986.735,1374.489,335.75,1,8,15.6,1,8,324.554,1,8,40290.0,1,8,1482.036,1,8,35700.907,1,8,143.945,1,8,-9900,?,9,-9900,?,9,17.43,E,8,15.21,E,8,86.0,E,8,822.9788000000001,E,8,999.0,E,8,2.9,E,8,-9900,?,9,-9900,?,9,0.0,E,8,-9900,?,9,-9900,?,9,0.0,0.0,E,8
03/24/2018,16:00,744.857,1374.489,260.6,1,8,24.275,1,8,247.454,1,8,31272.0,1,8,2306.165,1,8,27219.944,1,8,145.452,1,8,-9900,?,9,-9900,?,9,17.29,E,8,15.12,E,8,87.0,E,8,822.9788000000001,E,8,999.0,E,8,3.38,E,8,-9900,?,9,-9900,?,9,0.0,E,8,-9900,?,9,-9900,?,9,0.0,0.0,E,8
03/24/2018,17:00,451.653,1374.489,164.9,1,8,97.499,1,8,132.939,1,8,19788.0,1,8,9262.421,1,8,14623.259,1,8,129.086,1,8,-9900,?,9,-9900,?,9,16.86,E,8,14.85,E,8,87.0,E,8,822.9788000000001,E,8,999.0,E,8,2.13,E,8,-9900,?,9,-9900,?,9,0.0,E,8,-9900,?,9,-9900,?,9,0.0,0.0,E,8
03/24/2018,18:00,128.913,1374.489,59.39,1,8,135.214,1,8,47.073,1,8,7126.8,1,8,12845.37,1,8,5178.051,1,8,164.493,1,8,-9900,?,9,-9900,?,9,16.21,E,8,14.43,E,8,89.0,E,8,822.9788000000001,E,8,999.0,E,8,2.02,E,8,-9900,?,9,-9900,?,9,0.0,E,8,-9900,?,9,-9900,?,9,0.0,0.0,E,8
03/24/2018,19:00,0.0,1374.489,0.0,1,8,0.0,1,8,0.0,1,8,0.0,1,8,0.0,1,8,0.0,1,8,-0.0,1,8,-9900,?,9,-9900,?,9,15.7,E,8,14.1,E,8,90.0,E,8,822.9788000000001,E,8,999.0,E,8,1.46,E,8,-9900,?,9,-9900,?,9,0.0,E,8,-9900,?,9,-9900,?,9,0.0,0.0,E,8
03/24/2018,20:00,0.0,1374.489,0.0,1,8,0.0,1,8,0.0,1,8,0.0,1,8,0.0,1,8,0.0,1,8,-0.0,1,8,-9900,?,9,-9900,?,9,15.19,E,8,13.76,E,8,91.0,E,8,822.9788000000001,E,8,999.0,E,8,1.14,E,8,-9900,?,9,-9900,?,9,0.0,E,8,-9900,?,9,-9900,?,9,0.0,0.0,E,8
03/24/2018,21:00,0.0,1374.489,0.0,1,8,0.0,1,8,0.0,1,8,0.0,1,8,0.0,1,8,0.0,1,8,-0.0,1,8,-9900,?,9,-9900,?,9,14.68,E,8,13.41,E,8,92.0,E,8,822.9788000000001,E,8,999.0,E,8,1.09,E,8,-9900,?,9,-9900,?,9,0.0,E,8,-9900,?,9,-9900,?,9,0.0,0.0,E,8
03/24/2018,22:00,0.0,1374.489,0.0,1,8,0.0,1,8,0.0,1,8,0.0,1,8,0.0,1,8,0.0,1,8,-0.0,1,8,-9900,?,9,-9900,?,9,14.17,E,8,13.05,E,8,93.0,E,8,822.9788000000001,E,8,999.0,E,8,1.09,E,8,-9900,?,9,-9900,?,9,0.0,E,8,-9900,?,9,-9900,?,9,0.0,0.0,E,8
03/24/2018,23:00,0.0,1374.489,0.0,1,8,0.0,1,8,0.0,1,8,0.0,1,8,0.0,1,8,0.0,1,8,-0.0,1,8,-9900,?,9,-9900,?,9,13.65,E,8,12.68,E,8,93.0,E,8,822.9788000000001,E,8,999.0,E,8,1.09,E,8,-9900,?,9,-9900,?,9,0.0,E,8,-9900,?,9,-9900,?,9,0.0,0.0,E,8
03/24/2018,24:00,0.0,1374.489,0.0,1,8,0.0,1,8,0.0,1,8,0.0,1,8,0.0,1,8,0.0,1,8,-0.0,1,8,-9900,?,9,-9900,?,9,13.14,E,8,11.94,E,8,92.0,E,8,822.9788000000001,E,8,999.0,E,8,0.81,E,8,-9900,?,9,-9900,?,9,0.011,E,8,-9900,?,9,-9900,?,9,0.11,99.0,E,8
03/25/2018,01:00,0.0,1374.489,0.0,1,8,0.0,1,8,0.0,1,8,0.0,1,8,0.0,1,8,0.0,1,8,-0.0,1,8,-9900,?,9,-9900,?,9,12.89,E,8,11.79,E,8,89.0,E,8,822.9788000000001,E,8,999.0,E,8,0.81,E,8,-9900,?,9,-9900,?,9,0.0,E,8,-9900,?,9,-9900,?,9,0.0,0.0,E,8
03/25/2018,02:00,0.0,1374.489,0.0,1,8,0.0,1,8,0.0,1,8,0.0,1,8,0.0,1,8,0.0,1,8,-0.0,1,8,-9900,?,9,-9900,?,9,12.63,E,8,11.63,E,8,93.0,E,8,822.9788000000001,E,8,999.0,E,8,0.81,E,8,-9900,?,9,-9900,?,9,0.008,E,8,-9900,?,9,-9900,?,9,0.08,99.0,E,8
03/25/2018,03:00,0.0,1374.489,0.0,1,8,0.0,1,8,0.0,1,8,0.0,1,8,0.0,1,8,0.0,1,8,-0.0,1,8,-9900,?,9,-9900,?,9,12.38,E,8,11.48,E,8,93.0,E,8,822.9788000000001,E,8,999.0,E,8,0.81,E,8,-9900,?,9,-9900,?,9,0.016,E,8,-9900,?,9,-9900,?,9,0.16,99.0,E,8
03/25/2018,04:00,0.0,1373.685,0.0,1,8,0.0,1,8,0.0,1,8,0.0,1,8,0.0,1,8,0.0,1,8,-0.0,1,8,-9900,?,9,-9900,?,9,12.12,E,8,11.32,E,8,90.0,E,8,822.9788000000001,E,8,999.0,E,8,0.81,E,8,-9900,?,9,-9900,?,9,0.0,E,8,-9900,?,9,-9900,?,9,0.0,0.0,E,8
03/25/2018,05:00,0.0,1373.685,0.0,1,8,0.0,1,8,0.0,1,8,0.0,1,8,0.0,1,8,0.0,1,8,-0.0,1,8,-9900,?,9,-9900,?,9,11.87,E,8,11.16,E,8,94.0,E,8,822.9788000000001,E,8,999.0,E,8,0.81,E,8,-9900,?,9,-9900,?,9,0.004,E,8,-9900,?,9,-9900,?,9,0.04,99.0,E,8
03/25/2018,06:00,0.0,1373.685,0.0,1,8,0.0,1,8,0.0,1,8,0.0,1,8,0.0,1,8,0.0,1,8,-0.0,1,8,-9900,?,9,-9900,?,9,11.67,E,8,11.03,E,8,94.0,E,8,822.9788000000001,E,8,999.0,E,8,0.81,E,8,-9900,?,9,-9900,?,9,0.005,E,8,-9900,?,9,-9900,?,9,0.05,99.0,E,8
03/25/2018,07:00,184.348,1373.685,0.27,1,8,0.0,1,8,0.27,1,8,32.4,1,8,0.0,1,8,29.7,1,8,0.65,1,8,-9900,?,9,-9900,?,9,11.5,E,8,10.93,E,8,91.0,E,8,822.9788000000001,E,8,999.0,E,8,0.81,E,8,-9900,?,9,-9900,?,9,0.0,E,8,-9900,?,9,-9900,?,9,0.0,0.0,E,8
03/25/2018,08:00,503.44,1373.685,73.2,1,8,0.0,1,8,73.2,1,8,8784.0,1,8,0.0,1,8,8052.0,1,8,63.696,1,8,-9900,?,9,-9900,?,9,11.33,E,8,10.82,E,8,91.0,E,8,822.9788000000001,E,8,999.0,E,8,0.81,E,8,-9900,?,9,-9900,?,9,0.0,E,8,-9900,?,9,-9900,?,9,0.0,0.0,E,8
03/25/2018,09:00,788.535,1373.685,172.85,1,8,2.428,1,8,171.457,1,8,20742.0,1,8,230.63,1,8,18860.3,1,8,95.133,1,8,-9900,?,9,-9900,?,9,14.08,E,8,12.5,E,8,87.0,E,8,822.9788000000001,E,8,999.0,E,8,0.81,E,8,-9900,?,9,-9900,?,9,0.0,E,8,-9900,?,9,-9900,?,9,0.0,0.0,E,8
03/25/2018,10:00,1019.094,1373.685,260.71,1,8,6.942,1,8,255.561,1,8,31285.2,1,8,659.488,1,8,28111.732,1,8,109.679,1,8,-9900,?,9,-9900,?,9,15.1,E,8,13.08,E,8,85.0,E,8,822.9788000000001,E,8,999.0,E,8,0.81,E,8,-9900,?,9,-9900,?,9,0.0,E,8,-9900,?,9,-9900,?,9,0.0,0.0,E,8
03/25/2018,11:00,1179.227,1373.685,327.86,1,8,10.061,1,8,319.224,1,8,39343.2,1,8,955.816,1,8,35114.633,1,8,118.381,1,8,-9900,?,9,-9900,?,9,15.99,E,8,13.57,E,8,84.0,E,8,822.9788000000001,E,8,999.0,E,8,0.81,E,8,-9900,?,9,-9900,?,9,0.0,E,8,-9900,?,9,-9900,?,9,0.0,0.0,E,8
03/25/2018,12:00,1257.964,1373.685,182.75,1,8,2.015,1,8,180.905,1,8,21930.0,1,8,191.444,1,8,19899.513,1,8,62.884,1,8,-9900,?,9,-9900,?,9,15.87,E,8,13.5,E,8,84.0,E,8,822.9788000000001,E,8,999.0,E,8,0.81,E,8,-9900,?,9,-9900,?,9,0.0,E,8,-9900,?,9,-9900,?,9,0.0,0.0,E,8
03/25/2018,13:00,1249.912,1373.685,367.41,1,8,20.155,1,8,349.073,1,8,44089.2,1,8,1914.685,1,8,38397.977,1,8,122.124,1,8,-9900,?,9,-9900,?,9,16.48,E,8,13.83,E,8,83.0,E,8,822.9788000000001,E,8,999.0,E,8,0.81,E,8,-9900,?,9,-9900,?,9,0.0,E,8,-9900,?,9,-9900,?,9,0.0,0.0,E,8
03/25/2018,14:00,1155.615,1373.685,286.01,1,8,8.412,1,8,278.934,1,8,34321.2,1,8,799.186,1,8,30682.723,1,8,105.555,1,8,-9900,?,9,-9900,?,9,16.66,E,8,13.93,E,8,83.0,E,8,822.9788000000001,E,8,999.0,E,8,0.81,E,8,-9900,?,9,-9900,?,9,0.0,E,8,-9900,?,9,-9900,?,9,0.0,0.0,E,8
03/25/2018,15:00,981.511,1373.685,369.96,1,8,31.706,1,8,347.312,1,8,44395.2,1,8,3012.026,1,8,38204.372,1,8,154.769,1,8,-9900,?,9,-9900,?,9,17.02,E,8,14.12,E,8,82.0,E,8,822.9788000000001,E,8,999.0,E,8,0.81,E,8,-9900,?,9,-9900,?,9,0.0,E,8,-9900,?,9,-9900,?,9,0.0,0.0,E,8
03/25/2018,16:00,739.52,1373.685,322.68,1,8,116.994,1,8,259.742,1,8,38721.6,1,8,11114.449,1,8,28571.579,1,8,153.688,1,8,-9900,?,9,-9900,?,9,17.19,E,8,14.21,E,8,85.0,E,8,822.9788000000001,E,8,999.0,E,8,0.81,E,8,-9900,?,9,-9900,?,9,0.001,E,8,-9900,?,9,-9900,?,9,0.01,99.0,E,8
03/25/2018,17:00,446.343,1373.685,210.79,1,8,280.507,1,8,119.87,1,8,25294.8,1,8,26648.173,1,8,13185.686,1,8,117.718,1,8,-9900,?,9,-9900,?,9,16.99,E,8,14.1,E,8,86.0,E,8,822.9788000000001,E,8,999.0,E,8,0.81,E,8,-9900,?,9,-9900,?,9,0.002,E,8,-9900,?,9,-9900,?,9,0.02,99.0,E,8
03/25/2018,18:00,123.862,1373.685,65.25,1,8,293.724,1,8,39.584,1,8,7830.0,1,8,27903.784,1,8,4354.259,1,8,144.197,1,8,-9900,?,9,-9900,?,9,16.33,E,8,13.75,E,8,87.0,E,8,822.9788000000001,E,8,999.0,E,8,0.81,E,8,-9900,?,9,-9900,?,9,0.049,E,8,-9900,?,9,-9900,?,9,0.49,99.0,E,8
03/25/2018,19:00,0.0,1373.685,0.0,1,8,0.0,1,8,0.0,1,8,0.0,1,8,0.0,1,8,0.0,1,8,-0.0,1,8,-9900,?,9,-9900,?,9,15.92,E,8,13.53,E,8,87.0,E,8,822.9788000000001,E,8,999.0,E,8,0.81,E,8,-9900,?,9,-9900,?,9,0.001,E,8,-9900,?,9,-9900,?,9,0.01,99.0,E,8
03/25/2018,20:00,0.0,1373.685,0.0,1,8,0.0,1,8,0.0,1,8,0.0,1,8,0.0,1,8,0.0,1,8,-0.0,1,8,-9900,?,9,-9900,?,9,15.51,E,8,13.31,E,8,88.0,E,8,822.9788000000001,E,8,999.0,E,8,0.81,E,8,-9900,?,9,-9900,?,9,0.022,E,8,-9900,?,9,-9900,?,9,0.22,99.0,E,8
03/25/2018,21:00,0.0,1373.685,0.0,1,8,0.0,1,8,0.0,1,8,0.0,1,8,0.0,1,8,0.0,1,8,-0.0,1,8,-9900,?,9,-9900,?,9,15.1,E,8,13.08,E,8,89.0,E,8,822.9788000000001,E,8,999.0,E,8,0.81,E,8,-9900,?,9,-9900,?,9,0.032,E,8,-9900,?,9,-9900,?,9,0.32,99.0,E,8
03/25/2018,22:00,0.0,1373.685,0.0,1,8,0.0,1,8,0.0,1,8,0.0,1,8,0.0,1,8,0.0,1,8,-0.0,1,8,-9900,?,9,-9900,?,9,14.69,E,8,12.85,E,8,96.0,E,8,822.9788000000001,E,8,999.0,E,8,0.81,E,8,-9900,?,9,-9900,?,9,1.261,E,8,-9900,?,9,-9900,?,9,12.61,99.0,E,8
03/25/2018,23:00,0.0,1373.685,0.0,1,8,0.0,1,8,0.0,1,8,0.0,1,8,0.0,1,8,0.0,1,8,-0.0,1,8,-9900,?,9,-9900,?,9,14.28,E,8,12.61,E,8,90.0,E,8,822.9788000000001,E,8,999.0,E,8,0.81,E,8,-9900,?,9,-9900,?,9,0.088,E,8,-9900,?,9,-9900,?,9,0.88,99.0,E,8
03/25/2018,24:00,0.0,1373.685,0.0,1,8,0.0,1,8,0.0,1,8,0.0,1,8,0.0,1,8,0.0,1,8,-0.0,1,8,-9900,?,9,-9900,?,9,13.86,E,8,11.43,E,8,85.0,E,8,822.9788000000001,E,8,999.0,E,8,0.21,E,8,-9900,?,9,-9900,?,9,0.0,E,8,-9900,?,9,-9900,?,9,0.0,0.0,E,8
03/26/2018,01:00,0.0,1373.685,0.0,1,8,0.0,1,8,0.0,1,8,0.0,1,8,0.0,1,8,0.0,1,8,-0.0,1,8,-9900,?,9,-9900,?,9,13.66,E,8,11.48,E,8,86.0,E,8,822.9788000000001,E,8,999.0,E,8,0.21,E,8,-9900,?,9,-9900,?,9,0.0,E,8,-9900,?,9,-9900,?,9,0.0,0.0,E,8
03/26/2018,02:00,0.0,1373.685,0.0,1,8,0.0,1,8,0.0,1,8,0.0,1,8,0.0,1,8,0.0,1,8,-0.0,1,8,-9900,?,9,-9900,?,9,13.45,E,8,11.53,E,8,88.0,E,8,822.9788000000001,E,8,999.0,E,8,0.21,E,8,-9900,?,9,-9900,?,9,0.0,E,8,-9900,?,9,-9900,?,9,0.0,0.0,E,8
03/26/2018,03:00,0.0,1373.685,0.0,1,8,0.0,1,8,0.0,1,8,0.0,1,8,0.0,1,8,0.0,1,8,-0.0,1,8,-9900,?,9,-9900,?,9,13.25,E,8,11.58,E,8,89.0,E,8,822.9788000000001,E,8,999.0,E,8,0.21,E,8,-9900,?,9,-9900,?,9,0.0,E,8,-9900,?,9,-9900,?,9,0.0,0.0,E,8
03/26/2018,04:00,0.0,1372.879,0.0,1,8,0.0,1,8,0.0,1,8,0.0,1,8,0.0,1,8,0.0,1,8,-0.0,1,8,-9900,?,9,-9900,?,9,13.04,E,8,11.63,E,8,91.0,E,8,822.9788000000001,E,8,999.0,E,8,0.21,E,8,-9900,?,9,-9900,?,9,0.0,E,8,-9900,?,9,-9900,?,9,0.0,0.0,E,8
03/26/2018,05:00,0.0,1372.879,0.0,1,8,0.0,1,8,0.0,1,8,0.0,1,8,0.0,1,8,0.0,1,8,-0.0,1,8,-9900,?,9,-9900,?,9,12.84,E,8,11.68,E,8,92.0,E,8,822.9788000000001,E,8,999.0,E,8,0.21,E,8,-9900,?,9,-9900,?,9,0.0,E,8,-9900,?,9,-9900,?,9,0.0,0.0,E,8
03/26/2018,06:00,0.0,1372.879,0.0,1,8,0.0,1,8,0.0,1,8,0.0,1,8,0.0,1,8,0.0,1,8,-0.0,1,8,-9900,?,9,-9900,?,9,12.68,E,8,11.72,E,8,93.0,E,8,822.9788000000001,E,8,999.0,E,8,0.21,E,8,-9900,?,9,-9900,?,9,0.0,E,8,-9900,?,9,-9900,?,9,0.0,0.0,E,8
03/26/2018,07:00,182.503,1372.879,2.89,1,8,0.0,1,8,2.89,1,8,346.8,1,8,0.0,1,8,317.9,1,8,7.026,1,8,-9900,?,9,-9900,?,9,12.54,E,8,11.75,E,8,94.0,E,8,822.9788000000001,E,8,999.0,E,8,0.21,E,8,-9900,?,9,-9900,?,9,0.0,E,8,-9900,?,9,-9900,?,9,0.0,0.0,E,8
03/26/2018,08:00,501.189,1372.879,148.88,1,8,18.483,1,8,142.145,1,8,17865.6,1,8,1755.872,1,8,15635.984,1,8,124.175,1,8,-9900,?,9,-9900,?,9,12.41,E,8,11.78,E,8,95.0,E,8,822.9788000000001,E,8,999.0,E,8,0.21,E,8,-9900,?,9,-9900,?,9,0.0,E,8,-9900,?,9,-9900,?,9,0.0,0.0,E,8
03/26/2018,09:00,785.817,1372.879,288.49,1,8,40.761,1,8,265.173,1,8,34618.8,1,8,3872.341,1,8,29168.999,1,8,147.554,1,8,-9900,?,9,-9900,?,9,15.37,E,8,11.06,E,8,75.0,E,8,822.9788000000001,E,8,999.0,E,8,0.37,E,8,-9900,?,9,-9900,?,9,0.0,E,8,-9900,?,9,-9900,?,9,0.0,0.0,E,8
03/26/2018,10:00,1015.864,1372.879,719.89,1,8,334.565,1,8,472.388,1,8,86386.8,1,8,31783.692,1,8,51962.692,1,8,203.26,1,8,-9900,?,9,-9900,?,9,17.64,E,8,10.49,E,8,62.0,E,8,822.9788000000001,E,8,999.0,E,8,0.53,E,8,-9900,?,9,-9900,?,9,0.0,E,8,-9900,?,9,-9900,?,9,0.0,0.0,E,8
03/26/2018,11:00,1175.476,1372.879,521.11,1,8,110.538,1,8,426.476,1,8,62533.2,1,8,10501.149,1,8,46912.335,1,8,158.566,1,8,-9900,?,9,-9900,?,9,18.1,E,8,10.38,E,8,60.0,E,8,822.9788000000001,E,8,999.0,E,8,0.94,E,8,-9900,?,9,-9900,?,9,0.0,E,8,-9900,?,9,-9900,?,9,0.0,0.0,E,8
03/26/2018,12:00,1253.716,1372.879,268.56,1,8,14.154,1,8,255.636,1,8,32227.2,1,8,1344.585,1,8,28119.929,1,8,89.111,1,8,-9900,?,9,-9900,?,9,17.4,E,8,10.55,E,8,64.0,E,8,822.9788000000001,E,8,999.0,E,8,1.16,E,8,-9900,?,9,-9900,?,9,0.0,E,8,-9900,?,9,-9900,?,9,0.0,0.0,E,8
03/26/2018,13:00,1245.228,1372.879,334.3,1,8,6.969,1,8,327.979,1,8,40116.0,1,8,662.064,1,8,36077.722,1,8,115.108,1,8,-9900,?,9,-9900,?,9,17.19,E,8,10.61,E,8,65.0,E,8,822.9788000000001,E,8,999.0,E,8,1.38,E,8,-9900,?,9,-9900,?,9,0.0,E,8,-9900,?,9,-9900,?,9,0.0,0.0,E,8
03/26/2018,14:00,1150.584,1372.879,401.85,1,8,15.286,1,8,389.04,1,8,48222.0,1,8,1452.209,1,8,42794.437,1,8,147.779,1,8,-9900,?,9,-9900,?,9,17.26,E,8,10.59,E,8,64.0,E,8,822.9788000000001,E,8,999.0,E,8,1.82,E,8,-9900,?,9,-9900,?,9,0.0,E,8,-9900,?,9,-9900,?,9,0.0,0.0,E,8
03/26/2018,15:00,976.248,1372.879,441.39,1,8,109.669,1,8,363.427,1,8,52966.8,1,8,10418.598,1,8,39976.963,1,8,162.729,1,8,-9900,?,9,-9900,?,9,17.43,E,8,10.55,E,8,63.0,E,8,822.9788000000001,E,8,999.0,E,8,2.44,E,8,-9900,?,9,-9900,?,9,0.0,E,8,-9900,?,9,-9900,?,9,0.0,0.0,E,8
03/26/2018,16:00,734.156,1372.879,341.41,1,8,136.579,1,8,268.427,1,8,40969.2,1,8,12975.046,1,8,29526.929,1,8,159.896,1,8,-9900,?,9,-9900,?,9,17.3,E,8,10.58,E,8,64.0,E,8,822.9788000000001,E,8,999.0,E,8,2.08,E,8,-9900,?,9,-9900,?,9,0.0,E,8,-9900,?,9,-9900,?,9,0.0,0.0,E,8
03/26/2018,17:00,441.022,1372.879,214.35,1,8,214.641,1,8,145.572,1,8,25722.0,1,8,20390.854,1,8,16012.968,1,8,144.609,1,8,-9900,?,9,-9900,?,9,16.91,E,8,10.68,E,8,66.0,E,8,822.9788000000001,E,8,999.0,E,8,1.33,E,8,-9900,?,9,-9900,?,9,0.0,E,8,-9900,?,9,-9900,?,9,0.0,0.0,E,8
03/26/2018,18:00,118.821,1372.879,74.72,1,8,305.559,1,8,49.154,1,8,8966.4,1,8,29028.1,1,8,5406.971,1,8,187.003,1,8,-9900,?,9,-9900,?,9,16.29,E,8,10.83,E,8,70.0,E,8,822.9788000000001,E,8,999.0,E,8,1.26,E,8,-9900,?,9,-9900,?,9,0.0,E,8,-9900,?,9,-9900,?,9,0.0,0.0,E,8
03/26/2018,19:00,0.0,1372.879,0.0,1,8,0.0,1,8,0.0,1,8,0.0,1,8,0.0,1,8,0.0,1,8,-0.0,1,8,-9900,?,9,-9900,?,9,15.87,E,8,10.94,E,8,72.0,E,8,822.9788000000001,E,8,999.0,E,8,0.97,E,8,-9900,?,9,-9900,?,9,0.0,E,8,-9900,?,9,-9900,?,9,0.0,0.0,E,8
03/26/2018,20:00,0.0,1372.879,0.0,1,8,0.0,1,8,0.0,1,8,0.0,1,8,0.0,1,8,0.0,1,8,-0.0,1,8,-9900,?,9,-9900,?,9,15.46,E,8,11.04,E,8,74.0,E,8,822.9788000000001,E,8,999.0,E,8,1.04,E,8,-9900,?,9,-9900,?,9,0.0,E,8,-9900,?,9,-9900,?,9,0.0,0.0,E,8
03/26/2018,21:00,0.0,1372.879,0.0,1,8,0.0,1,8,0.0,1,8,0.0,1,8,0.0,1,8,0.0,1,8,-0.0,1,8,-9900,?,9,-9900,?,9,15.04,E,8,11.14,E,8,77.0,E,8,822.9788000000001,E,8,999.0,E,8,0.67,E,8,-9900,?,9,-9900,?,9,0.0,E,8,-9900,?,9,-9900,?,9,0.0,0.0,E,8
03/26/2018,22:00,0.0,1372.879,0.0,1,8,0.0,1,8,0.0,1,8,0.0,1,8,0.0,1,8,0.0,1,8,-0.0,1,8,-9900,?,9,-9900,?,9,14.63,E,8,11.25,E,8,80.0,E,8,822.9788000000001,E,8,999.0,E,8,0.73,E,8,-9900,?,9,-9900,?,9,0.0,E,8,-9900,?,9,-9900,?,9,0.0,0.0,E,8
03/26/2018,23:00,0.0,1372.879,0.0,1,8,0.0,1,8,0.0,1,8,0.0,1,8,0.0,1,8,0.0,1,8,-0.0,1,8,-9900,?,9,-9900,?,9,14.21,E,8,11.35,E,8,82.0,E,8,822.9788000000001,E,8,999.0,E,8,0.94,E,8,-9900,?,9,-9900,?,9,0.0,E,8,-9900,?,9,-9900,?,9,0.0,0.0,E,8
03/26/2018,24:00,0.0,1372.879,0.0,1,8,0.0,1,8,0.0,1,8,0.0,1,8,0.0,1,8,0.0,1,8,-0.0,1,8,-9900,?,9,-9900,?,9,13.8,E,8,10.93,E,8,82.0,E,8,822.9788000000001,E,8,999.0,E,8,18.02,E,8,-9900,?,9,-9900,?,9,0.0,E,8,-9900,?,9,-9900,?,9,0.0,0.0,E,8
03/27/2018,01:00,0.0,1372.879,0.0,1,8,0.0,1,8,0.0,1,8,0.0,1,8,0.0,1,8,0.0,1,8,-0.0,1,8,-9900,?,9,-9900,?,9,13.59,E,8,11.02,E,8,84.0,E,8,822.9788000000001,E,8,999.0,E,8,19.03,E,8,-9900,?,9,-9900,?,9,0.0,E,8,-9900,?,9,-9900,?,9,0.0,0.0,E,8
03/27/2018,02:00,0.0,1372.879,0.0,1,8,0.0,1,8,0.0,1,8,0.0,1,8,0.0,1,8,0.0,1,8,-0.0,1,8,-9900,?,9,-9900,?,9,13.38,E,8,11.1,E,8,86.0,E,8,822.9788000000001,E,8,999.0,E,8,16.42,E,8,-9900,?,9,-9900,?,9,0.0,E,8,-9900,?,9,-9900,?,9,0.0,0.0,E,8
03/27/2018,03:00,0.0,1372.879,0.0,1,8,0.0,1,8,0.0,1,8,0.0,1,8,0.0,1,8,0.0,1,8,-0.0,1,8,-9900,?,9,-9900,?,9,13.17,E,8,11.18,E,8,87.0,E,8,822.9788000000001,E,8,999.0,E,8,15.3,E,8,-9900,?,9,-9900,?,9,0.0,E,8,-9900,?,9,-9900,?,9,0.0,0.0,E,8
03/27/2018,04:00,0.0,1372.072,0.0,1,8,0.0,1,8,0.0,1,8,0.0,1,8,0.0,1,8,0.0,1,8,-0.0,1,8,-9900,?,9,-9900,?,9,12.96,E,8,11.27,E,8,89.0,E,8,822.9788000000001,E,8,999.0,E,8,16.06,E,8,-9900,?,9,-9900,?,9,0.0,E,8,-9900,?,9,-9900,?,9,0.0,0.0,E,8
03/27/2018,05:00,0.0,1372.072,0.0,1,8,0.0,1,8,0.0,1,8,0.0,1,8,0.0,1,8,0.0,1,8,-0.0,1,8,-9900,?,9,-9900,?,9,12.76,E,8,11.35,E,8,91.0,E,8,822.9788000000001,E,8,999.0,E,8,17.47,E,8,-9900,?,9,-9900,?,9,0.0,E,8,-9900,?,9,-9900,?,9,0.0,0.0,E,8
03/27/2018,06:00,0.0,1372.072,0.0,1,8,0.0,1,8,0.0,1,8,0.0,1,8,0.0,1,8,0.0,1,8,-0.0,1,8,-9900,?,9,-9900,?,9,12.6,E,8,11.41,E,8,92.0,E,8,822.9788000000001,E,8,999.0,E,8,15.25,E,8,-9900,?,9,-9900,?,9,0.0,E,8,-9900,?,9,-9900,?,9,0.0,0.0,E,8
03/27/2018,07:00,180.661,1372.072,0.23,1,8,0.0,1,8,0.23,1,8,27.6,1,8,0.0,1,8,25.3,1,8,0.565,1,8,-9900,?,9,-9900,?,9,12.46,E,8,11.47,E,8,93.0,E,8,822.9788000000001,E,8,999.0,E,8,8.77,E,8,-9900,?,9,-9900,?,9,0.0,E,8,-9900,?,9,-9900,?,9,0.0,0.0,E,8
03/27/2018,08:00,498.925,1372.072,81.42,1,8,0.0,1,8,81.42,1,8,9770.4,1,8,0.0,1,8,8956.2,1,8,71.409,1,8,-9900,?,9,-9900,?,9,12.32,E,8,11.52,E,8,94.0,E,8,822.9788000000001,E,8,999.0,E,8,9.01,E,8,-9900,?,9,-9900,?,9,0.0,E,8,-9900,?,9,-9900,?,9,0.0,0.0,E,8
03/27/2018,09:00,783.071,1372.072,193.56,1,8,2.305,1,8,192.245,1,8,23227.2,1,8,218.955,1,8,21146.994,1,8,107.286,1,8,-9900,?,9,-9900,?,9,15.0,E,8,10.43,E,8,74.0,E,8,822.9788000000001,E,8,999.0,E,8,7.03,E,8,-9900,?,9,-9900,?,9,0.0,E,8,-9900,?,9,-9900,?,9,0.0,0.0,E,8
03/27/2018,10:00,1012.595,1372.072,292.37,1,8,5.932,1,8,287.993,1,8,35084.4,1,8,563.528,1,8,31679.266,1,8,124.245,1,8,-9900,?,9,-9900,?,9,16.0,E,8,10.01,E,8,67.0,E,8,822.9788000000001,E,8,999.0,E,8,9.22,E,8,-9900,?,9,-9900,?,9,0.0,E,8,-9900,?,9,-9900,?,9,0.0,0.0,E,8
03/27/2018,11:00,1171.678,1372.072,367.8,1,8,6.079,1,8,362.609,1,8,44136.0,1,8,577.497,1,8,39887.044,1,8,135.178,1,8,-9900,?,9,-9900,?,9,16.87,E,8,9.63,E,8,62.0,E,8,822.9788000000001,E,8,999.0,E,8,6.81,E,8,-9900,?,9,-9900,?,9,0.0,E,8,-9900,?,9,-9900,?,9,0.0,0.0,E,8
03/27/2018,12:00,1249.419,1372.072,413.92,1,8,10.517,1,8,404.343,1,8,49670.4,1,8,999.144,1,8,44477.779,1,8,141.35,1,8,-9900,?,9,-9900,?,9,17.57,E,8,9.32,E,8,58.0,E,8,822.9788000000001,E,8,999.0,E,8,4.54,E,8,-9900,?,9,-9900,?,9,0.0,E,8,-9900,?,9,-9900,?,9,0.0,0.0,E,8
03/27/2018,13:00,1240.495,1372.072,427.34,1,8,10.494,1,8,417.853,1,8,51280.8,1,8,996.968,1,8,45963.786,1,8,147.124,1,8,-9900,?,9,-9900,?,9,18.08,E,8,9.08,E,8,55.0,E,8,822.9788000000001,E,8,999.0,E,8,2.91,E,8,-9900,?,9,-9900,?,9,0.0,E,8,-9900,?,9,-9900,?,9,0.0,0.0,E,8
03/27/2018,14:00,1145.509,1372.072,407.08,1,8,8.927,1,8,399.628,1,8,48849.6,1,8,848.093,1,8,43959.055,1,8,152.384,1,8,-9900,?,9,-9900,?,9,18.39,E,8,8.94,E,8,54.0,E,8,822.9788000000001,E,8,999.0,E,8,4.46,E,8,-9900,?,9,-9900,?,9,0.0,E,8,-9900,?,9,-9900,?,9,0.0,0.0,E,8
03/27/2018,15:00,970.949,1372.072,354.61,1,8,13.264,1,8,345.226,1,8,42553.2,1,8,1260.105,1,8,37974.889,1,8,155.332,1,8,-9900,?,9,-9900,?,9,18.49,E,8,8.9,E,8,53.0,E,8,822.9788000000001,E,8,999.0,E,8,5.74,E,8,-9900,?,9,-9900,?,9,0.0,E,8,-9900,?,9,-9900,?,9,0.0,0.0,E,8
03/27/2018,16:00,728.769,1372.072,273.82,1,8,13.736,1,8,266.53,1,8,32858.4,1,8,1304.879,1,8,29318.285,1,8,159.848,1,8,-9900,?,9,-9900,?,9,18.33,E,8,8.97,E,8,54.0,E,8,822.9788000000001,E,8,999.0,E,8,4.79,E,8,-9900,?,9,-9900,?,9,0.0,E,8,-9900,?,9,-9900,?,9,0.0,0.0,E,8
03/27/2018,17:00,435.691,1372.072,171.22,1,8,116.872,1,8,134.204,1,8,20546.4,1,8,11102.877,1,8,14762.407,1,8,134.876,1,8,-9900,?,9,-9900,?,9,17.87,E,8,9.18,E,8,56.0,E,8,822.9788000000001,E,8,999.0,E,8,2.92,E,8,-9900,?,9,-9900,?,9,0.0,E,8,-9900,?,9,-9900,?,9,0.0,0.0,E,8
03/27/2018,18:00,113.794,1372.072,58.67,1,8,255.625,1,8,38.231,1,8,7040.4,1,8,24284.406,1,8,4205.402,1,8,152.198,1,8,-9900,?,9,-9900,?,9,17.15,E,8,9.5,E,8,60.0,E,8,822.9788000000001,E,8,999.0,E,8,2.56,E,8,-9900,?,9,-9900,?,9,0.0,E,8,-9900,?,9,-9900,?,9,0.0,0.0,E,8
03/27/2018,19:00,0.0,1372.072,0.0,1,8,0.0,1,8,0.0,1,8,0.0,1,8,0.0,1,8,0.0,1,8,-0.0,1,8,-9900,?,9,-9900,?,9,16.6,E,8,9.75,E,8,63.0,E,8,822.9788000000001,E,8,999.0,E,8,1.79,E,8,-9900,?,9,-9900,?,9,0.0,E,8,-9900,?,9,-9900,?,9,0.0,0.0,E,8
03/27/2018,20:00,0.0,1372.072,0.0,1,8,0.0,1,8,0.0,1,8,0.0,1,8,0.0,1,8,0.0,1,8,-0.0,1,8,-9900,?,9,-9900,?,9,16.05,E,8,9.99,E,8,67.0,E,8,822.9788000000001,E,8,999.0,E,8,1.79,E,8,-9900,?,9,-9900,?,9,0.0,E,8,-9900,?,9,-9900,?,9,0.0,0.0,E,8
03/27/2018,21:00,0.0,1372.072,0.0,1,8,0.0,1,8,0.0,1,8,0.0,1,8,0.0,1,8,0.0,1,8,-0.0,1,8,-9900,?,9,-9900,?,9,15.5,E,8,10.22,E,8,70.0,E,8,822.9788000000001,E,8,999.0,E,8,2.08,E,8,-9900,?,9,-9900,?,9,0.0,E,8,-9900,?,9,-9900,?,9,0.0,0.0,E,8
03/27/2018,22:00,0.0,1372.072,0.0,1,8,0.0,1,8,0.0,1,8,0.0,1,8,0.0,1,8,0.0,1,8,-0.0,1,8,-9900,?,9,-9900,?,9,14.95,E,8,10.45,E,8,74.0,E,8,822.9788000000001,E,8,999.0,E,8,1.79,E,8,-9900,?,9,-9900,?,9,0.0,E,8,-9900,?,9,-9900,?,9,0.0,0.0,E,8
03/27/2018,23:00,0.0,1372.072,0.0,1,8,0.0,1,8,0.0,1,8,0.0,1,8,0.0,1,8,0.0,1,8,-0.0,1,8,-9900,?,9,-9900,?,9,14.4,E,8,10.68,E,8,78.0,E,8,822.9788000000001,E,8,999.0,E,8,2.28,E,8,-9900,?,9,-9900,?,9,0.0,E,8,-9900,?,9,-9900,?,9,0.0,0.0,E,8
03/27/2018,24:00,0.0,1372.072,0.0,1,8,0.0,1,8,0.0,1,8,0.0,1,8,0.0,1,8,0.0,1,8,-0.0,1,8,-9900,?,9,-9900,?,9,13.85,E,8,11.72,E,8,86.0,E,8,822.9788000000001,E,8,999.0,E,8,0.59,E,8,-9900,?,9,-9900,?,9,0.0,E,8,-9900,?,9,-9900,?,9,0.0,0.0,E,8
03/28/2018,01:00,0.0,1372.072,0.0,1,8,0.0,1,8,0.0,1,8,0.0,1,8,0.0,1,8,0.0,1,8,-0.0,1,8,-9900,?,9,-9900,?,9,13.57,E,8,11.65,E,8,88.0,E,8,822.9788000000001,E,8,999.0,E,8,0.61,E,8,-9900,?,9,-9900,?,9,0.0,E,8,-9900,?,9,-9900,?,9,0.0,0.0,E,8
03/28/2018,02:00,0.0,1372.072,0.0,1,8,0.0,1,8,0.0,1,8,0.0,1,8,0.0,1,8,0.0,1,8,-0.0,1,8,-9900,?,9,-9900,?,9,13.3,E,8,11.58,E,8,89.0,E,8,822.9788000000001,E,8,999.0,E,8,0.79,E,8,-9900,?,9,-9900,?,9,0.0,E,8,-9900,?,9,-9900,?,9,0.0,0.0,E,8
03/28/2018,03:00,0.0,1372.072,0.0,1,8,0.0,1,8,0.0,1,8,0.0,1,8,0.0,1,8,0.0,1,8,-0.0,1,8,-9900,?,9,-9900,?,9,13.02,E,8,11.5,E,8,90.0,E,8,822.9788000000001,E,8,999.0,E,8,0.7,E,8,-9900,?,9,-9900,?,9,0.0,E,8,-9900,?,9,-9900,?,9,0.0,0.0,E,8
03/28/2018,04:00,0.0,1371.264,0.0,1,8,0.0,1,8,0.0,1,8,0.0,1,8,0.0,1,8,0.0,1,8,-0.0,1,8,-9900,?,9,-9900,?,9,12.75,E,8,11.43,E,8,91.0,E,8,822.9788000000001,E,8,999.0,E,8,1.06,E,8,-9900,?,9,-9900,?,9,0.0,E,8,-9900,?,9,-9900,?,9,0.0,0.0,E,8
03/28/2018,05:00,0.0,1371.264,0.0,1,8,0.0,1,8,0.0,1,8,0.0,1,8,0.0,1,8,0.0,1,8,-0.0,1,8,-9900,?,9,-9900,?,9,12.47,E,8,11.36,E,8,92.0,E,8,822.9788000000001,E,8,999.0,E,8,1.46,E,8,-9900,?,9,-9900,?,9,0.0,E,8,-9900,?,9,-9900,?,9,0.0,0.0,E,8
03/28/2018,06:00,0.0,1371.264,0.0,1,8,0.0,1,8,0.0,1,8,0.0,1,8,0.0,1,8,0.0,1,8,-0.0,1,8,-9900,?,9,-9900,?,9,12.26,E,8,11.3,E,8,93.0,E,8,822.9788000000001,E,8,999.0,E,8,1.27,E,8,-9900,?,9,-9900,?,9,0.0,E,8,-9900,?,9,-9900,?,9,0.0,0.0,E,8
03/28/2018,07:00,178.82,1371.264,0.21,1,8,0.0,1,8,0.21,1,8,25.2,1,8,0.0,1,8,23.1,1,8,0.521,1,8,-9900,?,9,-9900,?,9,12.08,E,8,11.25,E,8,94.0,E,8,822.9788000000001,E,8,999.0,E,8,1.64,E,8,-9900,?,9,-9900,?,9,0.0,E,8,-9900,?,9,-9900,?,9,0.0,0.0,E,8
03/28/2018,08:00,496.646,1371.264,88.21,1,8,0.0,1,8,88.21,1,8,10585.2,1,8,0.0,1,8,9703.1,1,8,77.674,1,8,-9900,?,9,-9900,?,9,11.89,E,8,11.2,E,8,95.0,E,8,822.9788000000001,E,8,999.0,E,8,1.47,E,8,-9900,?,9,-9900,?,9,0.0,E,8,-9900,?,9,-9900,?,9,0.0,0.0,E,8
03/28/2018,09:00,780.298,1371.264,210.41,1,8,7.933,1,8,205.899,1,8,25249.2,1,8,753.633,1,8,22648.847,1,8,115.247,1,8,-9900,?,9,-9900,?,9,14.42,E,8,11.87,E,8,84.0,E,8,822.9788000000001,E,8,999.0,E,8,1.69,E,8,-9900,?,9,-9900,?,9,0.0,E,8,-9900,?,9,-9900,?,9,0.0,0.0,E,8
03/28/2018,10:00,1009.289,1371.264,318.05,1,8,11.846,1,8,309.333,1,8,38166.0,1,8,1125.402,1,8,34026.622,1,8,133.81,1,8,-9900,?,9,-9900,?,9,15.36,E,8,12.11,E,8,80.0,E,8,822.9788000000001,E,8,999.0,E,8,1.35,E,8,-9900,?,9,-9900,?,9,0.0,E,8,-9900,?,9,-9900,?,9,0.0,0.0,E,8
03/28/2018,11:00,1167.835,1371.264,400.16,1,8,18.726,1,8,384.214,1,8,48019.2,1,8,1778.929,1,8,42263.558,1,8,143.619,1,8,-9900,?,9,-9900,?,9,16.19,E,8,12.32,E,8,77.0,E,8,822.9788000000001,E,8,999.0,E,8,1.15,E,8,-9900,?,9,-9900,?,9,0.0,E,8,-9900,?,9,-9900,?,9,0.0,0.0,E,8
03/28/2018,12:00,1245.073,1371.264,450.29,1,8,39.396,1,8,414.522,1,8,54034.8,1,8,3742.619,1,8,45597.384,1,8,145.328,1,8,-9900,?,9,-9900,?,9,16.85,E,8,12.48,E,8,75.0,E,8,822.9788000000001,E,8,999.0,E,8,1.15,E,8,-9900,?,9,-9900,?,9,0.0,E,8,-9900,?,9,-9900,?,9,0.0,0.0,E,8
03/28/2018,13:00,1235.714,1371.264,464.74,1,8,32.709,1,8,435.267,1,8,55768.8,1,8,3107.321,1,8,47879.327,1,8,153.758,1,8,-9900,?,9,-9900,?,9,17.33,E,8,12.6,E,8,73.0,E,8,822.9788000000001,E,8,999.0,E,8,1.28,E,8,-9900,?,9,-9900,?,9,0.0,E,8,-9900,?,9,-9900,?,9,0.0,0.0,E,8
03/28/2018,14:00,1140.392,1371.264,442.46,1,8,29.415,1,8,418.0,1,8,53095.2,1,8,2794.459,1,8,45980.037,1,8,160.011,1,8,-9900,?,9,-9900,?,9,17.62,E,8,12.67,E,8,72.0,E,8,822.9788000000001,E,8,999.0,E,8,1.03,E,8,-9900,?,9,-9900,?,9,0.0,E,8,-9900,?,9,-9900,?,9,0.0,0.0,E,8
03/28/2018,15:00,965.618,1371.264,385.07,1,8,61.42,1,8,341.832,1,8,46208.4,1,8,5834.856,1,8,37601.568,1,8,154.564,1,8,-9900,?,9,-9900,?,9,17.72,E,8,12.7,E,8,72.0,E,8,822.9788000000001,E,8,999.0,E,8,1.24,E,8,-9900,?,9,-9900,?,9,0.0,E,8,-9900,?,9,-9900,?,9,0.0,0.0,E,8
03/28/2018,16:00,723.361,1371.264,296.82,1,8,85.612,1,8,251.693,1,8,35618.4,1,8,8133.158,1,8,27686.194,1,8,151.991,1,8,-9900,?,9,-9900,?,9,17.56,E,8,12.66,E,8,72.0,E,8,822.9788000000001,E,8,999.0,E,8,1.29,E,8,-9900,?,9,-9900,?,9,0.0,E,8,-9900,?,9,-9900,?,9,0.0,0.0,E,8
03/28/2018,17:00,430.355,1371.264,184.84,1,8,199.938,1,8,122.258,1,8,22180.8,1,8,18994.132,1,8,13448.342,1,8,124.328,1,8,-9900,?,9,-9900,?,9,17.12,E,8,12.55,E,8,74.0,E,8,822.9788000000001,E,8,999.0,E,8,1.61,E,8,-9900,?,9,-9900,?,9,0.0,E,8,-9900,?,9,-9900,?,9,0.0,0.0,E,8
03/28/2018,18:00,108.785,1371.264,62.23,1,8,341.974,1,8,36.155,1,8,7467.6,1,8,32487.527,1,8,3977.047,1,8,150.934,1,8,-9900,?,9,-9900,?,9,16.44,E,8,12.38,E,8,76.0,E,8,822.9788000000001,E,8,999.0,E,8,1.29,E,8,-9900,?,9,-9900,?,9,0.0,E,8,-9900,?,9,-9900,?,9,0.0,0.0,E,8
03/28/2018,19:00,0.0,1371.264,0.0,1,8,0.0,1,8,0.0,1,8,0.0,1,8,0.0,1,8,0.0,1,8,-0.0,1,8,-9900,?,9,-9900,?,9,15.92,E,8,12.25,E,8,78.0,E,8,822.9788000000001,E,8,999.0,E,8,1.04,E,8,-9900,?,9,-9900,?,9,0.0,E,8,-9900,?,9,-9900,?,9,0.0,0.0,E,8
03/28/2018,20:00,0.0,1371.264,0.0,1,8,0.0,1,8,0.0,1,8,0.0,1,8,0.0,1,8,0.0,1,8,-0.0,1,8,-9900,?,9,-9900,?,9,15.4,E,8,12.12,E,8,80.0,E,8,822.9788000000001,E,8,999.0,E,8,1.23,E,8,-9900,?,9,-9900,?,9,0.0,E,8,-9900,?,9,-9900,?,9,0.0,0.0,E,8
03/28/2018,21:00,0.0,1371.264,0.0,1,8,0.0,1,8,0.0,1,8,0.0,1,8,0.0,1,8,0.0,1,8,-0.0,1,8,-9900,?,9,-9900,?,9,14.88,E,8,11.99,E,8,82.0,E,8,822.9788000000001,E,8,999.0,E,8,1.28,E,8,-9900,?,9,-9900,?,9,0.0,E,8,-9900,?,9,-9900,?,9,0.0,0.0,E,8
03/28/2018,22:00,0.0,1371.264,0.0,1,8,0.0,1,8,0.0,1,8,0.0,1,8,0.0,1,8,0.0,1,8,-0.0,1,8,-9900,?,9,-9900,?,9,14.36,E,8,11.85,E,8,84.0,E,8,822.9788000000001,E,8,999.0,E,8,1.57,E,8,-9900,?,9,-9900,?,9,0.0,E,8,-9900,?,9,-9900,?,9,0.0,0.0,E,8
03/28/2018,23:00,0.0,1371.264,0.0,1,8,0.0,1,8,0.0,1,8,0.0,1,8,0.0,1,8,0.0,1,8,-0.0,1,8,-9900,?,9,-9900,?,9,13.85,E,8,11.72,E,8,86.0,E,8,822.9788000000001,E,8,999.0,E,8,0.99,E,8,-9900,?,9,-9900,?,9,0.0,E,8,-9900,?,9,-9900,?,9,0.0,0.0,E,8
03/28/2018,24:00,0.0,1371.264,0.0,1,8,0.0,1,8,0.0,1,8,0.0,1,8,0.0,1,8,0.0,1,8,-0.0,1,8,-9900,?,9,-9900,?,9,13.33,E,8,11.1,E,8,86.0,E,8,822.9788000000001,E,8,999.0,E,8,0.52,E,8,-9900,?,9,-9900,?,9,0.0,E,8,-9900,?,9,-9900,?,9,0.0,0.0,E,8
03/29/2018,01:00,0.0,1371.264,0.0,1,8,0.0,1,8,0.0,1,8,0.0,1,8,0.0,1,8,0.0,1,8,-0.0,1,8,-9900,?,9,-9900,?,9,13.07,E,8,11.02,E,8,87.0,E,8,822.9788000000001,E,8,999.0,E,8,0.52,E,8,-9900,?,9,-9900,?,9,0.0,E,8,-9900,?,9,-9900,?,9,0.0,0.0,E,8
03/29/2018,02:00,0.0,1371.264,0.0,1,8,0.0,1,8,0.0,1,8,0.0,1,8,0.0,1,8,0.0,1,8,-0.0,1,8,-9900,?,9,-9900,?,9,12.81,E,8,10.95,E,8,88.0,E,8,822.9788000000001,E,8,999.0,E,8,0.41,E,8,-9900,?,9,-9900,?,9,0.0,E,8,-9900,?,9,-9900,?,9,0.0,0.0,E,8
03/29/2018,03:00,0.0,1371.264,0.0,1,8,0.0,1,8,0.0,1,8,0.0,1,8,0.0,1,8,0.0,1,8,-0.0,1,8,-9900,?,9,-9900,?,9,12.55,E,8,10.87,E,8,89.0,E,8,822.9788000000001,E,8,999.0,E,8,0.44,E,8,-9900,?,9,-9900,?,9,0.0,E,8,-9900,?,9,-9900,?,9,0.0,0.0,E,8
03/29/2018,04:00,0.0,1370.455,0.0,1,8,0.0,1,8,0.0,1,8,0.0,1,8,0.0,1,8,0.0,1,8,-0.0,1,8,-9900,?,9,-9900,?,9,12.29,E,8,10.79,E,8,90.0,E,8,822.9788000000001,E,8,999.0,E,8,0.46,E,8,-9900,?,9,-9900,?,9,0.0,E,8,-9900,?,9,-9900,?,9,0.0,0.0,E,8
03/29/2018,05:00,0.0,1370.455,0.0,1,8,0.0,1,8,0.0,1,8,0.0,1,8,0.0,1,8,0.0,1,8,-0.0,1,8,-9900,?,9,-9900,?,9,12.03,E,8,10.71,E,8,91.0,E,8,822.9788000000001,E,8,999.0,E,8,0.45,E,8,-9900,?,9,-9900,?,9,0.0,E,8,-9900,?,9,-9900,?,9,0.0,0.0,E,8
03/29/2018,06:00,0.0,1370.455,0.0,1,8,0.0,1,8,0.0,1,8,0.0,1,8,0.0,1,8,0.0,1,8,-0.0,1,8,-9900,?,9,-9900,?,9,11.83,E,8,10.65,E,8,92.0,E,8,822.9788000000001,E,8,999.0,E,8,0.41,E,8,-9900,?,9,-9900,?,9,0.0,E,8,-9900,?,9,-9900,?,9,0.0,0.0,E,8
03/29/2018,07:00,176.979,1370.455,0.2,1,8,0.0,1,8,0.2,1,8,24.0,1,8,0.0,1,8,22.0,1,8,0.501,1,8,-9900,?,9,-9900,?,9,11.66,E,8,10.6,E,8,93.0,E,8,822.9788000000001,E,8,999.0,E,8,0.41,E,8,-9900,?,9,-9900,?,9,0.0,E,8,-9900,?,9,-9900,?,9,0.0,0.0,E,8
03/29/2018,08:00,494.353,1370.455,96.96,1,8,0.0,1,8,96.96,1,8,11635.2,1,8,0.0,1,8,10665.6,1,8,85.726,1,8,-9900,?,9,-9900,?,9,11.49,E,8,10.54,E,8,93.0,E,8,822.9788000000001,E,8,999.0,E,8,0.41,E,8,-9900,?,9,-9900,?,9,0.0,E,8,-9900,?,9,-9900,?,9,0.0,0.0,E,8
03/29/2018,09:00,777.497,1370.455,155.06,1,8,8.608,1,8,150.179,1,8,18607.2,1,8,817.784,1,8,16519.725,1,8,84.313,1,8,-9900,?,9,-9900,?,9,13.68,E,8,11.21,E,8,85.0,E,8,822.9788000000001,E,8,999.0,E,8,0.73,E,8,-9900,?,9,-9900,?,9,0.0,E,8,-9900,?,9,-9900,?,9,0.0,0.0,E,8
03/29/2018,10:00,1005.944,1370.455,422.59,1,8,77.144,1,8,365.979,1,8,50710.8,1,8,7328.646,1,8,40257.703,1,8,158.747,1,8,-9900,?,9,-9900,?,9,15.41,E,8,11.71,E,8,78.0,E,8,822.9788000000001,E,8,999.0,E,8,0.83,E,8,-9900,?,9,-9900,?,9,0.0,E,8,-9900,?,9,-9900,?,9,0.0,0.0,E,8
03/29/2018,11:00,1163.947,1370.455,459.51,1,8,27.595,1,8,436.076,1,8,55141.2,1,8,2621.48,1,8,47968.385,1,8,163.453,1,8,-9900,?,9,-9900,?,9,16.43,E,8,12.0,E,8,75.0,E,8,822.9788000000001,E,8,999.0,E,8,1.17,E,8,-9900,?,9,-9900,?,9,0.0,E,8,-9900,?,9,-9900,?,9,0.0,0.0,E,8
03/29/2018,12:00,1240.68,1370.455,813.27,1,8,302.612,1,8,539.331,1,8,97592.4,1,8,28748.151,1,8,59326.453,1,8,189.644,1,8,-9900,?,9,-9900,?,9,18.28,E,8,12.52,E,8,69.0,E,8,822.9788000000001,E,8,999.0,E,8,1.88,E,8,-9900,?,9,-9900,?,9,0.0,E,8,-9900,?,9,-9900,?,9,0.0,0.0,E,8
03/29/2018,13:00,1230.889,1370.455,218.65,1,8,13.383,1,8,206.631,1,8,26238.0,1,8,1271.354,1,8,22729.417,1,8,73.236,1,8,-9900,?,9,-9900,?,9,17.44,E,8,12.28,E,8,71.0,E,8,822.9788000000001,E,8,999.0,E,8,2.4,E,8,-9900,?,9,-9900,?,9,0.0,E,8,-9900,?,9,-9900,?,9,0.0,0.0,E,8
03/29/2018,14:00,1135.236,1370.455,488.01,1,8,120.271,1,8,388.395,1,8,58561.2,1,8,11425.74,1,8,42723.474,1,8,149.266,1,8,-9900,?,9,-9900,?,9,17.97,E,8,12.43,E,8,70.0,E,8,822.9788000000001,E,8,999.0,E,8,2.48,E,8,-9900,?,9,-9900,?,9,0.0,E,8,-9900,?,9,-9900,?,9,0.0,0.0,E,8
03/29/2018,15:00,960.257,1370.455,272.85,1,8,27.133,1,8,253.844,1,8,32742.0,1,8,2577.614,1,8,27922.869,1,8,115.352,1,8,-9900,?,9,-9900,?,9,17.58,E,8,12.32,E,8,71.0,E,8,822.9788000000001,E,8,999.0,E,8,2.63,E,8,-9900,?,9,-9900,?,9,0.0,E,8,-9900,?,9,-9900,?,9,0.0,0.0,E,8
03/29/2018,16:00,717.936,1370.455,326.48,1,8,140.718,1,8,252.819,1,8,39177.6,1,8,13368.238,1,8,27810.136,1,8,153.736,1,8,-9900,?,9,-9900,?,9,17.45,E,8,12.29,E,8,71.0,E,8,822.9788000000001,E,8,999.0,E,8,2.36,E,8,-9900,?,9,-9900,?,9,0.0,E,8,-9900,?,9,-9900,?,9,0.0,0.0,E,8
03/29/2018,17:00,425.017,1370.455,202.47,1,8,296.952,1,8,110.627,1,8,24296.4,1,8,28210.417,1,8,12168.942,1,8,113.854,1,8,-9900,?,9,-9900,?,9,16.98,E,8,12.16,E,8,73.0,E,8,822.9788000000001,E,8,999.0,E,8,1.82,E,8,-9900,?,9,-9900,?,9,0.0,E,8,-9900,?,9,-9900,?,9,0.0,0.0,E,8
03/29/2018,18:00,103.799,1370.455,66.94,1,8,303.205,1,8,44.944,1,8,8032.8,1,8,28804.491,1,8,4943.822,1,8,197.201,1,8,-9900,?,9,-9900,?,9,16.23,E,8,11.94,E,8,75.0,E,8,822.9788000000001,E,8,999.0,E,8,1.41,E,8,-9900,?,9,-9900,?,9,0.0,E,8,-9900,?,9,-9900,?,9,0.0,0.0,E,8
03/29/2018,19:00,0.0,1370.455,0.0,1,8,0.0,1,8,0.0,1,8,0.0,1,8,0.0,1,8,0.0,1,8,-0.0,1,8,-9900,?,9,-9900,?,9,15.67,E,8,11.79,E,8,77.0,E,8,822.9788000000001,E,8,999.0,E,8,0.89,E,8,-9900,?,9,-9900,?,9,0.0,E,8,-9900,?,9,-9900,?,9,0.0,0.0,E,8
03/29/2018,20:00,0.0,1370.455,0.0,1,8,0.0,1,8,0.0,1,8,0.0,1,8,0.0,1,8,0.0,1,8,-0.0,1,8,-9900,?,9,-9900,?,9,15.12,E,8,11.63,E,8,79.0,E,8,822.9788000000001,E,8,999.0,E,8,0.61,E,8,-9900,?,9,-9900,?,9,0.0,E,8,-9900,?,9,-9900,?,9,0.0,0.0,E,8
03/29/2018,21:00,0.0,1370.455,0.0,1,8,0.0,1,8,0.0,1,8,0.0,1,8,0.0,1,8,0.0,1,8,-0.0,1,8,-9900,?,9,-9900,?,9,14.56,E,8,11.46,E,8,81.0,E,8,822.9788000000001,E,8,999.0,E,8,0.65,E,8,-9900,?,9,-9900,?,9,0.0,E,8,-9900,?,9,-9900,?,9,0.0,0.0,E,8
03/29/2018,22:00,0.0,1370.455,0.0,1,8,0.0,1,8,0.0,1,8,0.0,1,8,0.0,1,8,0.0,1,8,-0.0,1,8,-9900,?,9,-9900,?,9,14.0,E,8,11.3,E,8,83.0,E,8,822.9788000000001,E,8,999.0,E,8,0.41,E,8,-9900,?,9,-9900,?,9,0.0,E,8,-9900,?,9,-9900,?,9,0.0,0.0,E,8
03/29/2018,23:00,0.0,1370.455,0.0,1,8,0.0,1,8,0.0,1,8,0.0,1,8,0.0,1,8,0.0,1,8,-0.0,1,8,-9900,?,9,-9900,?,9,13.45,E,8,11.14,E,8,85.0,E,8,822.9788000000001,E,8,999.0,E,8,0.41,E,8,-9900,?,9,-9900,?,9,0.0,E,8,-9900,?,9,-9900,?,9,0.0,0.0,E,8
03/29/2018,24:00,0.0,1370.455,0.0,1,8,0.0,1,8,0.0,1,8,0.0,1,8,0.0,1,8,0.0,1,8,-0.0,1,8,-9900,?,9,-9900,?,9,12.89,E,8,10.44,E,8,85.0,E,8,822.9788000000001,E,8,999.0,E,8,0.33,E,8,-9900,?,9,-9900,?,9,0.0,E,8,-9900,?,9,-9900,?,9,0.0,0.0,E,8
03/30/2018,01:00,0.0,1370.455,0.0,1,8,0.0,1,8,0.0,1,8,0.0,1,8,0.0,1,8,0.0,1,8,-0.0,1,8,-9900,?,9,-9900,?,9,12.61,E,8,10.37,E,8,86.0,E,8,822.9788000000001,E,8,999.0,E,8,0.28,E,8,-9900,?,9,-9900,?,9,0.0,E,8,-9900,?,9,-9900,?,9,0.0,0.0,E,8
03/30/2018,02:00,0.0,1370.455,0.0,1,8,0.0,1,8,0.0,1,8,0.0,1,8,0.0,1,8,0.0,1,8,-0.0,1,8,-9900,?,9,-9900,?,9,12.34,E,8,10.31,E,8,87.0,E,8,822.9788000000001,E,8,999.0,E,8,0.21,E,8,-9900,?,9,-9900,?,9,0.0,E,8,-9900,?,9,-9900,?,9,0.0,0.0,E,8
03/30/2018,03:00,0.0,1370.455,0.0,1,8,0.0,1,8,0.0,1,8,0.0,1,8,0.0,1,8,0.0,1,8,-0.0,1,8,-9900,?,9,-9900,?,9,12.06,E,8,10.24,E,8,88.0,E,8,822.9788000000001,E,8,999.0,E,8,0.21,E,8,-9900,?,9,-9900,?,9,0.0,E,8,-9900,?,9,-9900,?,9,0.0,0.0,E,8
03/30/2018,04:00,0.0,1369.646,0.0,1,8,0.0,1,8,0.0,1,8,0.0,1,8,0.0,1,8,0.0,1,8,-0.0,1,8,-9900,?,9,-9900,?,9,11.78,E,8,10.18,E,8,89.0,E,8,822.9788000000001,E,8,999.0,E,8,0.21,E,8,-9900,?,9,-9900,?,9,0.0,E,8,-9900,?,9,-9900,?,9,0.0,0.0,E,8
03/30/2018,05:00,0.0,1369.646,0.0,1,8,0.0,1,8,0.0,1,8,0.0,1,8,0.0,1,8,0.0,1,8,-0.0,1,8,-9900,?,9,-9900,?,9,11.5,E,8,10.11,E,8,91.0,E,8,822.9788000000001,E,8,999.0,E,8,0.21,E,8,-9900,?,9,-9900,?,9,0.0,E,8,-9900,?,9,-9900,?,9,0.0,0.0,E,8
03/30/2018,06:00,0.0,1369.646,0.0,1,8,0.0,1,8,0.0,1,8,0.0,1,8,0.0,1,8,0.0,1,8,-0.0,1,8,-9900,?,9,-9900,?,9,11.29,E,8,10.06,E,8,92.0,E,8,822.9788000000001,E,8,999.0,E,8,0.21,E,8,-9900,?,9,-9900,?,9,0.0,E,8,-9900,?,9,-9900,?,9,0.0,0.0,E,8
03/30/2018,07:00,175.136,1369.646,0.16,1,8,0.0,1,8,0.16,1,8,19.2,1,8,0.0,1,8,17.6,1,8,0.405,1,8,-9900,?,9,-9900,?,9,11.1,E,8,10.02,E,8,93.0,E,8,822.9788000000001,E,8,999.0,E,8,0.22,E,8,-9900,?,9,-9900,?,9,0.0,E,8,-9900,?,9,-9900,?,9,0.0,0.0,E,8
03/30/2018,08:00,492.043,1369.646,91.03,1,8,0.0,1,8,91.03,1,8,10923.6,1,8,0.0,1,8,10013.3,1,8,80.815,1,8,-9900,?,9,-9900,?,9,10.92,E,8,9.98,E,8,93.0,E,8,822.9788000000001,E,8,999.0,E,8,0.39,E,8,-9900,?,9,-9900,?,9,0.0,E,8,-9900,?,9,-9900,?,9,0.0,0.0,E,8
03/30/2018,09:00,774.667,1369.646,218.64,1,8,3.93,1,8,216.419,1,8,26236.8,1,8,373.35,1,8,23806.045,1,8,121.873,1,8,-9900,?,9,-9900,?,9,14.12,E,8,10.72,E,8,79.0,E,8,822.9788000000001,E,8,999.0,E,8,1.08,E,8,-9900,?,9,-9900,?,9,0.0,E,8,-9900,?,9,-9900,?,9,0.0,0.0,E,8
03/30/2018,10:00,1002.562,1369.646,330.99,1,8,13.835,1,8,320.866,1,8,39718.8,1,8,1314.329,1,8,35295.207,1,8,139.566,1,8,-9900,?,9,-9900,?,9,15.33,E,8,10.99,E,8,75.0,E,8,822.9788000000001,E,8,999.0,E,8,1.74,E,8,-9900,?,9,-9900,?,9,0.0,E,8,-9900,?,9,-9900,?,9,0.0,0.0,E,8
03/30/2018,11:00,1160.016,1369.646,416.57,1,8,21.905,1,8,398.02,1,8,49988.4,1,8,2080.945,1,8,43782.206,1,8,149.606,1,8,-9900,?,9,-9900,?,9,16.38,E,8,11.22,E,8,71.0,E,8,822.9788000000001,E,8,999.0,E,8,1.84,E,8,-9900,?,9,-9900,?,9,0.0,E,8,-9900,?,9,-9900,?,9,0.0,0.0,E,8
03/30/2018,12:00,1236.242,1369.646,468.64,1,8,25.242,1,8,445.858,1,8,56236.8,1,8,2398.004,1,8,49044.376,1,8,157.246,1,8,-9900,?,9,-9900,?,9,17.22,E,8,11.41,E,8,68.0,E,8,822.9788000000001,E,8,999.0,E,8,2.52,E,8,-9900,?,9,-9900,?,9,0.0,E,8,-9900,?,9,-9900,?,9,0.0,0.0,E,8
03/30/2018,13:00,1226.021,1369.646,483.37,1,8,29.334,1,8,457.114,1,8,58004.4,1,8,2786.717,1,8,50282.55,1,8,162.561,1,8,-9900,?,9,-9900,?,9,17.84,E,8,11.54,E,8,66.0,E,8,822.9788000000001,E,8,999.0,E,8,3.5,E,8,-9900,?,9,-9900,?,9,0.0,E,8,-9900,?,9,-9900,?,9,0.0,0.0,E,8
03/30/2018,14:00,1130.044,1369.646,459.68,1,8,89.881,1,8,385.533,1,8,55161.6,1,8,8538.648,1,8,42408.648,1,8,148.76,1,8,-9900,?,9,-9900,?,9,18.21,E,8,11.62,E,8,65.0,E,8,822.9788000000001,E,8,999.0,E,8,4.01,E,8,-9900,?,9,-9900,?,9,0.0,E,8,-9900,?,9,-9900,?,9,0.0,0.0,E,8
03/30/2018,15:00,954.87,1369.646,399.29,1,8,74.889,1,8,347.096,1,8,47914.8,1,8,7114.44,1,8,38180.592,1,8,158.525,1,8,-9900,?,9,-9900,?,9,18.33,E,8,11.65,E,8,65.0,E,8,822.9788000000001,E,8,999.0,E,8,4.23,E,8,-9900,?,9,-9900,?,9,0.0,E,8,-9900,?,9,-9900,?,9,0.0,0.0,E,8
03/30/2018,16:00,712.497,1369.646,306.69,1,8,105.155,1,8,252.031,1,8,36802.8,1,8,9989.714,1,8,27723.41,1,8,154.338,1,8,-9900,?,9,-9900,?,9,18.12,E,8,11.6,E,8,65.0,E,8,822.9788000000001,E,8,999.0,E,8,3.05,E,8,-9900,?,9,-9900,?,9,0.0,E,8,-9900,?,9,-9900,?,9,0.0,0.0,E,8
03/30/2018,17:00,419.681,1369.646,189.39,1,8,245.067,1,8,114.507,1,8,22726.8,1,8,23281.391,1,8,12595.751,1,8,119.284,1,8,-9900,?,9,-9900,?,9,17.55,E,8,11.48,E,8,67.0,E,8,822.9788000000001,E,8,999.0,E,8,2.28,E,8,-9900,?,9,-9900,?,9,0.0,E,8,-9900,?,9,-9900,?,9,0.0,0.0,E,8
03/30/2018,18:00,98.839,1369.646,61.46,1,8,306.521,1,8,40.356,1,8,7375.2,1,8,29119.51,1,8,4439.15,1,8,186.574,1,8,-9900,?,9,-9900,?,9,16.67,E,8,11.29,E,8,70.0,E,8,822.9788000000001,E,8,999.0,E,8,1.65,E,8,-9900,?,9,-9900,?,9,0.0,E,8,-9900,?,9,-9900,?,9,0.0,0.0,E,8
03/30/2018,19:00,0.0,1369.646,0.0,1,8,0.0,1,8,0.0,1,8,0.0,1,8,0.0,1,8,0.0,1,8,-0.0,1,8,-9900,?,9,-9900,?,9,16.05,E,8,11.15,E,8,72.0,E,8,822.9788000000001,E,8,999.0,E,8,0.83,E,8,-9900,?,9,-9900,?,9,0.0,E,8,-9900,?,9,-9900,?,9,0.0,0.0,E,8
03/30/2018,20:00,0.0,1369.646,0.0,1,8,0.0,1,8,0.0,1,8,0.0,1,8,0.0,1,8,0.0,1,8,-0.0,1,8,-9900,?,9,-9900,?,9,15.44,E,8,11.01,E,8,74.0,E,8,822.9788000000001,E,8,999.0,E,8,0.61,E,8,-9900,?,9,-9900,?,9,0.0,E,8,-9900,?,9,-9900,?,9,0.0,0.0,E,8
03/30/2018,21:00,0.0,1369.646,0.0,1,8,0.0,1,8,0.0,1,8,0.0,1,8,0.0,1,8,0.0,1,8,-0.0,1,8,-9900,?,9,-9900,?,9,14.82,E,8,10.88,E,8,77.0,E,8,822.9788000000001,E,8,999.0,E,8,0.43,E,8,-9900,?,9,-9900,?,9,0.0,E,8,-9900,?,9,-9900,?,9,0.0,0.0,E,8
03/30/2018,22:00,0.0,1369.646,0.0,1,8,0.0,1,8,0.0,1,8,0.0,1,8,0.0,1,8,0.0,1,8,-0.0,1,8,-9900,?,9,-9900,?,9,14.21,E,8,10.74,E,8,79.0,E,8,822.9788000000001,E,8,999.0,E,8,0.44,E,8,-9900,?,9,-9900,?,9,0.0,E,8,-9900,?,9,-9900,?,9,0.0,0.0,E,8
03/30/2018,23:00,0.0,1369.646,0.0,1,8,0.0,1,8,0.0,1,8,0.0,1,8,0.0,1,8,0.0,1,8,-0.0,1,8,-9900,?,9,-9900,?,9,13.59,E,8,10.6,E,8,82.0,E,8,822.9788000000001,E,8,999.0,E,8,0.62,E,8,-9900,?,9,-9900,?,9,0.0,E,8,-9900,?,9,-9900,?,9,0.0,0.0,E,8
03/30/2018,24:00,0.0,1369.646,0.0,1,8,0.0,1,8,0.0,1,8,0.0,1,8,0.0,1,8,0.0,1,8,-0.0,1,8,-9900,?,9,-9900,?,9,12.98,E,8,10.61,E,8,82.0,E,8,822.9788000000001,E,8,999.0,E,8,1.64,E,8,-9900,?,9,-9900,?,9,0.0,E,8,-9900,?,9,-9900,?,9,0.0,0.0,E,8
03/31/2018,01:00,0.0,1369.646,0.0,1,8,0.0,1,8,0.0,1,8,0.0,1,8,0.0,1,8,0.0,1,8,-0.0,1,8,-9900,?,9,-9900,?,9,12.67,E,8,10.55,E,8,83.0,E,8,822.9788000000001,E,8,999.0,E,8,1.2,E,8,-9900,?,9,-9900,?,9,0.0,E,8,-9900,?,9,-9900,?,9,0.0,0.0,E,8
03/31/2018,02:00,0.0,1369.646,0.0,1,8,0.0,1,8,0.0,1,8,0.0,1,8,0.0,1,8,0.0,1,8,-0.0,1,8,-9900,?,9,-9900,?,9,12.36,E,8,10.48,E,8,93.0,E,8,822.9788000000001,E,8,999.0,E,8,1.19,E,8,-9900,?,9,-9900,?,9,0.372,E,8,-9900,?,9,-9900,?,9,3.72,99.0,E,8
03/31/2018,03:00,0.0,1369.646,0.0,1,8,0.0,1,8,0.0,1,8,0.0,1,8,0.0,1,8,0.0,1,8,-0.0,1,8,-9900,?,9,-9900,?,9,12.06,E,8,10.42,E,8,90.0,E,8,822.9788000000001,E,8,999.0,E,8,1.01,E,8,-9900,?,9,-9900,?,9,0.001,E,8,-9900,?,9,-9900,?,9,0.01,99.0,E,8
03/31/2018,04:00,0.0,1368.837,0.0,1,8,0.0,1,8,0.0,1,8,0.0,1,8,0.0,1,8,0.0,1,8,-0.0,1,8,-9900,?,9,-9900,?,9,11.75,E,8,10.35,E,8,87.0,E,8,822.9788000000001,E,8,999.0,E,8,1.0,E,8,-9900,?,9,-9900,?,9,0.0,E,8,-9900,?,9,-9900,?,9,0.0,0.0,E,8
03/31/2018,05:00,0.0,1368.837,0.0,1,8,0.0,1,8,0.0,1,8,0.0,1,8,0.0,1,8,0.0,1,8,-0.0,1,8,-9900,?,9,-9900,?,9,11.44,E,8,10.29,E,8,88.0,E,8,822.9788000000001,E,8,999.0,E,8,1.58,E,8,-9900,?,9,-9900,?,9,0.0,E,8,-9900,?,9,-9900,?,9,0.0,0.0,E,8
03/31/2018,06:00,0.0,1368.837,0.0,1,8,0.0,1,8,0.0,1,8,0.0,1,8,0.0,1,8,0.0,1,8,-0.0,1,8,-9900,?,9,-9900,?,9,11.2,E,8,10.24,E,8,89.0,E,8,822.9788000000001,E,8,999.0,E,8,1.67,E,8,-9900,?,9,-9900,?,9,0.0,E,8,-9900,?,9,-9900,?,9,0.0,0.0,E,8
03/31/2018,07:00,173.291,1368.837,0.16,1,8,0.0,1,8,0.16,1,8,19.2,1,8,0.0,1,8,17.6,1,8,0.409,1,8,-9900,?,9,-9900,?,9,11.0,E,8,10.19,E,8,90.0,E,8,822.9788000000001,E,8,999.0,E,8,2.21,E,8,-9900,?,9,-9900,?,9,0.0,E,8,-9900,?,9,-9900,?,9,0.0,0.0,E,8
03/31/2018,08:00,489.716,1368.837,108.93,1,8,0.0,1,8,108.93,1,8,13071.6,1,8,0.0,1,8,11982.3,1,8,97.11,1,8,-9900,?,9,-9900,?,9,10.8,E,8,10.15,E,8,95.0,E,8,822.9788000000001,E,8,999.0,E,8,2.07,E,8,-9900,?,9,-9900,?,9,0.016,E,8,-9900,?,9,-9900,?,9,0.16,99.0,E,8
03/31/2018,09:00,771.809,1368.837,262.55,1,8,30.673,1,8,245.266,1,8,31506.0,1,8,2913.965,1,8,26979.253,1,8,138.549,1,8,-9900,?,9,-9900,?,9,14.46,E,8,10.92,E,8,81.0,E,8,822.9788000000001,E,8,999.0,E,8,3.23,E,8,-9900,?,9,-9900,?,9,0.002,E,8,-9900,?,9,-9900,?,9,0.02,99.0,E,8
03/31/2018,10:00,999.142,1368.837,397.77,1,8,55.32,1,8,357.401,1,8,47732.4,1,8,5255.399,1,8,39314.134,1,8,155.899,1,8,-9900,?,9,-9900,?,9,15.85,E,8,11.2,E,8,72.0,E,8,822.9788000000001,E,8,999.0,E,8,3.61,E,8,-9900,?,9,-9900,?,9,0.0,E,8,-9900,?,9,-9900,?,9,0.0,0.0,E,8
03/31/2018,11:00,1156.043,1368.837,500.69,1,8,99.497,1,8,416.67,1,8,60082.8,1,8,9452.227,1,8,45833.723,1,8,157.062,1,8,-9900,?,9,-9900,?,9,17.06,E,8,11.45,E,8,68.0,E,8,822.9788000000001,E,8,999.0,E,8,4.62,E,8,-9900,?,9,-9900,?,9,0.0,E,8,-9900,?,9,-9900,?,9,0.0,0.0,E,8
03/31/2018,12:00,1231.761,1368.837,311.37,1,8,31.557,1,8,282.975,1,8,37364.4,1,8,2997.898,1,8,31127.278,1,8,100.105,1,8,-9900,?,9,-9900,?,9,17.03,E,8,11.44,E,8,68.0,E,8,822.9788000000001,E,8,999.0,E,8,3.77,E,8,-9900,?,9,-9900,?,9,0.0,E,8,-9900,?,9,-9900,?,9,0.0,0.0,E,8
03/31/2018,13:00,1221.112,1368.837,757.81,1,8,339.921,1,8,454.596,1,8,90937.2,1,8,32292.454,1,8,50005.614,1,8,162.22,1,8,-9900,?,9,-9900,?,9,18.49,E,8,11.73,E,8,64.0,E,8,822.9788000000001,E,8,999.0,E,8,4.95,E,8,-9900,?,9,-9900,?,9,0.0,E,8,-9900,?,9,-9900,?,9,0.0,0.0,E,8
03/31/2018,14:00,1124.818,1368.837,491.41,1,8,105.621,1,8,404.63,1,8,58969.2,1,8,10034.005,1,8,44509.291,1,8,156.761,1,8,-9900,?,9,-9900,?,9,18.77,E,8,11.78,E,8,63.0,E,8,822.9788000000001,E,8,999.0,E,8,5.0,E,8,-9900,?,9,-9900,?,9,0.0,E,8,-9900,?,9,-9900,?,9,0.0,0.0,E,8
03/31/2018,15:00,949.46,1368.837,487.33,1,8,159.924,1,8,376.438,1,8,58479.6,1,8,15192.752,1,8,41408.179,1,8,172.805,1,8,-9900,?,9,-9900,?,9,18.98,E,8,11.83,E,8,63.0,E,8,822.9788000000001,E,8,999.0,E,8,4.19,E,8,-9900,?,9,-9900,?,9,0.0,E,8,-9900,?,9,-9900,?,9,0.0,0.0,E,8
03/31/2018,16:00,707.049,1368.837,367.24,1,8,219.46,1,8,253.973,1,8,44068.8,1,8,20848.73,1,8,27936.999,1,8,156.635,1,8,-9900,?,9,-9900,?,9,18.8,E,8,11.79,E,8,63.0,E,8,822.9788000000001,E,8,999.0,E,8,2.57,E,8,-9900,?,9,-9900,?,9,0.0,E,8,-9900,?,9,-9900,?,9,0.0,0.0,E,8
03/31/2018,17:00,414.349,1368.837,225.81,1,8,376.006,1,8,112.318,1,8,27097.2,1,8,35720.581,1,8,12354.971,1,8,118.448,1,8,-9900,?,9,-9900,?,9,18.18,E,8,11.67,E,8,65.0,E,8,822.9788000000001,E,8,999.0,E,8,2.19,E,8,-9900,?,9,-9900,?,9,0.0,E,8,-9900,?,9,-9900,?,9,0.0,0.0,E,8
03/31/2018,18:00,93.909,1368.837,129.358,1,8,193.327,1,8,116.76,1,8,15522.96,1,8,18366.026,1,8,12843.571,1,8,570.327,1,8,-9900,?,9,-9900,?,9,17.446,E,8,11.524,E,8,67.8,E,8,822.9788000000001,E,8,999.0,E,8,1.35,E,8,-9900,?,9,-9900,?,9,0.0006000000000000001,E,8,-9900,?,9,-9900,?,9,0.006,99.0,E,8
03/31/2018,19:00,0.0,1368.837,55.91,1,8,0.0,1,8,0.0,1,8,6709.2,1,8,0.0,1,8,0.0,1,8,-0.0,1,8,-9900,?,9,-9900,?,9,16.872,E,8,11.41,E,8,70.4,E,8,822.9788000000001,E,8,999.0,E,8,0.96,E,8,-9900,?,9,-9900,?,9,0.002,E,8,-9900,?,9,-9900,?,9,0.02,99.0,E,8
03/31/2018,20:00,0.0,1368.837,10.748,1,8,0.0,1,8,0.0,1,8,1289.76,1,8,0.0,1,8,0.0,1,8,-0.0,1,8,-9900,?,9,-9900,?,9,16.34,E,8,11.304,E,8,72.0,E,8,822.9788000000001,E,8,999.0,E,8,0.646,E,8,-9900,?,9,-9900,?,9,0.002,E,8,-9900,?,9,-9900,?,9,0.02,99.0,E,8
03/31/2018,21:00,0.0,1368.837,0.0,1,8,0.0,1,8,0.0,1,8,0.0,1,8,0.0,1,8,0.0,1,8,-0.0,1,8,-9900,?,9,-9900,?,9,15.93,E,8,11.22,E,8,73.2,E,8,822.9788000000001,E,8,999.0,E,8,0.62,E,8,-9900,?,9,-9900,?,9,0.002,E,8,-9900,?,9,-9900,?,9,0.02,99.0,E,8
03/31/2018,22:00,0.0,1368.837,0.0,1,8,0.0,1,8,0.0,1,8,0.0,1,8,0.0,1,8,0.0,1,8,-0.0,1,8,-9900,?,9,-9900,?,9,15.52,E,8,10.612,E,8,71.6,E,8,822.9788000000001,E,8,999.0,E,8,0.6,E,8,-9900,?,9,-9900,?,9,0.0014,E,8,-9900,?,9,-9900,?,9,0.014,99.0,E,8
03/31/2018,23:00,0.0,1368.837,0.0,1,8,0.0,1,8,0.0,1,8,0.0,1,8,0.0,1,8,0.0,1,8,-0.0,1,8,-9900,?,9,-9900,?,9,15.152,E,8,10.132,E,8,71.4,E,8,822.9788000000001,E,8,999.0,E,8,0.596,E,8,-9900,?,9,-9900,?,9,0.0014,E,8,-9900,?,9,-9900,?,9,0.014,99.0,E,8
03/31/2018,24:00,0.0,1368.837,0.0,1,8,0.0,1,8,0.0,1,8,0.0,1,8,0.0,1,8,0.0,1,8,-0.0,1,8,-9900,?,9,-9900,?,9,14.824,E,8,9.778,E,8,70.6,E,8,822.9788000000001,E,8,999.0,E,8,0.594,E,8,-9900,?,9,-9900,?,9,0.0,E,8,-9900,?,9,-9900,?,9,0.0,0.0,E,8
04/01/2018,01:00,0.0,1368.837,0.0,1,8,0.0,1,8,0.0,1,8,0.0,1,8,0.0,1,8,0.0,1,8,-0.0,1,8,-9900,?,9,-9900,?,9,14.538,E,8,9.542,E,8,72.2,E,8,822.9788000000001,E,8,999.0,E,8,0.568,E,8,-9900,?,9,-9900,?,9,0.0004,E,8,-9900,?,9,-9900,?,9,0.004,99.0,E,8
04/01/2018,02:00,0.0,1368.837,0.0,1,8,0.0,1,8,0.0,1,8,0.0,1,8,0.0,1,8,0.0,1,8,-0.0,1,8,-9900,?,9,-9900,?,9,14.292,E,8,9.428,E,8,74.2,E,8,822.9788000000001,E,8,999.0,E,8,0.542,E,8,-9900,?,9,-9900,?,9,0.02,E,8,-9900,?,9,-9900,?,9,0.2,99.0,E,8
04/01/2018,03:00,0.0,1368.837,0.0,1,8,0.0,1,8,0.0,1,8,0.0,1,8,0.0,1,8,0.0,1,8,-0.0,1,8,-9900,?,9,-9900,?,9,14.088,E,8,9.95,E,8,77.8,E,8,822.9788000000001,E,8,999.0,E,8,0.592,E,8,-9900,?,9,-9900,?,9,0.02,E,8,-9900,?,9,-9900,?,9,0.2,99.0,E,8
04/01/2018,04:00,0.0,1368.028,0.0,1,8,0.0,1,8,0.0,1,8,0.0,1,8,0.0,1,8,0.0,1,8,-0.0,1,8,-9900,?,9,-9900,?,9,13.892,E,8,10.436,E,8,81.2,E,8,822.9788000000001,E,8,999.0,E,8,0.7,E,8,-9900,?,9,-9900,?,9,0.02,E,8,-9900,?,9,-9900,?,9,0.2,99.0,E,8
04/01/2018,05:00,0.0,1368.028,0.078,1,8,0.0,1,8,0.0,1,8,9.36,1,8,0.0,1,8,0.0,1,8,-0.0,1,8,-9900,?,9,-9900,?,9,13.712,E,8,10.872,E,8,84.6,E,8,822.9788000000001,E,8,999.0,E,8,0.896,E,8,-9900,?,9,-9900,?,9,0.02,E,8,-9900,?,9,-9900,?,9,0.2,99.0,E,8
04/01/2018,06:00,0.0,1368.028,0.0,1,8,0.0,1,8,0.0,1,8,0.0,1,8,0.0,1,8,0.0,1,8,-0.0,1,8,-9900,?,9,-9900,?,9,13.52,E,8,11.33,E,8,86.0,E,8,822.9788000000001,E,8,999.0,E,8,1.14,E,8,-9900,?,9,-9900,?,9,0.0,E,8,-9900,?,9,-9900,?,9,0.0,0.0,E,8
04/01/2018,07:00,171.442,1368.028,0.39,1,8,0.0,1,8,0.39,1,8,46.8,1,8,0.0,1,8,42.9,1,8,1.008,1,8,-9900,?,9,-9900,?,9,13.39,E,8,11.63,E,8,89.0,E,8,822.9788000000001,E,8,999.0,E,8,1.59,E,8,-9900,?,9,-9900,?,9,0.0,E,8,-9900,?,9,-9900,?,9,0.0,0.0,E,8
04/01/2018,08:00,487.372,1368.028,92.41,1,8,0.0,1,8,92.41,1,8,11089.2,1,8,0.0,1,8,10165.1,1,8,82.732,1,8,-9900,?,9,-9900,?,9,13.25,E,8,11.94,E,8,91.0,E,8,822.9788000000001,E,8,999.0,E,8,0.97,E,8,-9900,?,9,-9900,?,9,0.0,E,8,-9900,?,9,-9900,?,9,0.0,0.0,E,8
04/01/2018,09:00,768.921,1368.028,204.17,1,8,3.037,1,8,202.464,1,8,24500.4,1,8,288.475,1,8,22271.076,1,8,114.733,1,8,-9900,?,9,-9900,?,9,15.21,E,8,6.87,E,8,57.0,E,8,822.9788000000001,E,8,999.0,E,8,0.56,E,8,-9900,?,9,-9900,?,9,0.0,E,8,-9900,?,9,-9900,?,9,0.0,0.0,E,8
04/01/2018,10:00,995.685,1368.028,312.3,1,8,7.561,1,8,306.798,1,8,37476.0,1,8,718.308,1,8,33747.807,1,8,134.211,1,8,-9900,?,9,-9900,?,9,15.93,E,8,4.52,E,8,46.0,E,8,822.9788000000001,E,8,999.0,E,8,0.49,E,8,-9900,?,9,-9900,?,9,0.0,E,8,-9900,?,9,-9900,?,9,0.0,0.0,E,8
04/01/2018,11:00,1152.028,1368.028,393.17,1,8,7.751,1,8,386.643,1,8,47180.4,1,8,736.387,1,8,42530.755,1,8,146.165,1,8,-9900,?,9,-9900,?,9,16.56,E,8,2.13,E,8,37.0,E,8,822.9788000000001,E,8,999.0,E,8,0.66,E,8,-9900,?,9,-9900,?,9,0.0,E,8,-9900,?,9,-9900,?,9,0.0,0.0,E,8
04/01/2018,12:00,1227.238,1368.028,442.22,1,8,8.884,1,8,434.251,1,8,53066.4,1,8,843.971,1,8,47767.604,1,8,154.095,1,8,-9900,?,9,-9900,?,9,17.06,E,8,-0.06,E,8,31.0,E,8,822.9788000000001,E,8,999.0,E,8,0.49,E,8,-9900,?,9,-9900,?,9,0.0,E,8,-9900,?,9,-9900,?,9,0.0,0.0,E,8
04/01/2018,13:00,1216.165,1368.028,455.82,1,8,13.963,1,8,443.408,1,8,54698.4,1,8,1326.495,1,8,48774.867,1,8,158.778,1,8,-9900,?,9,-9900,?,9,17.43,E,8,-1.7,E,8,26.0,E,8,822.9788000000001,E,8,999.0,E,8,0.49,E,8,-9900,?,9,-9900,?,9,0.0,E,8,-9900,?,9,-9900,?,9,0.0,0.0,E,8
04/01/2018,14:00,1119.562,1368.028,432.99,1,8,12.268,1,8,422.951,1,8,51958.8,1,8,1165.479,1,8,46524.658,1,8,164.532,1,8,-9900,?,9,-9900,?,9,17.65,E,8,-2.79,E,8,23.0,E,8,822.9788000000001,E,8,999.0,E,8,0.49,E,8,-9900,?,9,-9900,?,9,0.0,E,8,-9900,?,9,-9900,?,9,0.0,0.0,E,8
04/01/2018,15:00,944.03,1368.028,375.38,1,8,43.303,1,8,345.508,1,8,45045.6,1,8,4113.766,1,8,38005.863,1,8,159.425,1,8,-9900,?,9,-9900,?,9,17.72,E,8,-3.16,E,8,23.0,E,8,822.9788000000001,E,8,999.0,E,8,0.49,E,8,-9900,?,9,-9900,?,9,0.0,E,8,-9900,?,9,-9900,?,9,0.0,0.0,E,8
04/01/2018,16:00,701.594,1368.028,287.29,1,8,50.143,1,8,261.595,1,8,34474.8,1,8,4763.565,1,8,28775.484,1,8,162.497,1,8,-9900,?,9,-9900,?,9,17.59,E,8,-2.49,E,8,24.0,E,8,822.9788000000001,E,8,999.0,E,8,0.49,E,8,-9900,?,9,-9900,?,9,0.0,E,8,-9900,?,9,-9900,?,9,0.0,0.0,E,8
04/01/2018,17:00,409.026,1368.028,175.89,1,8,136.22,1,8,135.281,1,8,21106.8,1,8,12940.853,1,8,14880.956,1,8,144.447,1,8,-9900,?,9,-9900,?,9,17.24,E,8,-0.83,E,8,28.0,E,8,822.9788000000001,E,8,999.0,E,8,0.49,E,8,-9900,?,9,-9900,?,9,0.0,E,8,-9900,?,9,-9900,?,9,0.0,0.0,E,8
04/01/2018,18:00,89.015,1368.028,54.88,1,8,289.138,1,8,37.1,1,8,6585.6,1,8,27468.075,1,8,4080.976,1,8,192.039,1,8,-9900,?,9,-9900,?,9,16.7,E,8,1.55,E,8,35.0,E,8,822.9788000000001,E,8,999.0,E,8,0.49,E,8,-9900,?,9,-9900,?,9,0.0,E,8,-9900,?,9,-9900,?,9,0.0,0.0,E,8
04/01/2018,19:00,0.0,1368.028,0.0,1,8,0.0,1,8,0.0,1,8,0.0,1,8,0.0,1,8,0.0,1,8,-0.0,1,8,-9900,?,9,-9900,?,9,16.28,E,8,3.24,E,8,41.0,E,8,822.9788000000001,E,8,999.0,E,8,0.55,E,8,-9900,?,9,-9900,?,9,0.0,E,8,-9900,?,9,-9900,?,9,0.0,0.0,E,8
04/01/2018,20:00,0.0,1368.028,0.0,1,8,0.0,1,8,0.0,1,8,0.0,1,8,0.0,1,8,0.0,1,8,-0.0,1,8,-9900,?,9,-9900,?,9,15.87,E,8,4.73,E,8,47.0,E,8,822.9788000000001,E,8,999.0,E,8,0.74,E,8,-9900,?,9,-9900,?,9,0.0,E,8,-9900,?,9,-9900,?,9,0.0,0.0,E,8
04/01/2018,21:00,0.0,1368.028,0.0,1,8,0.0,1,8,0.0,1,8,0.0,1,8,0.0,1,8,0.0,1,8,-0.0,1,8,-9900,?,9,-9900,?,9,15.45,E,8,6.13,E,8,53.0,E,8,822.9788000000001,E,8,999.0,E,8,0.63,E,8,-9900,?,9,-9900,?,9,0.0,E,8,-9900,?,9,-9900,?,9,0.0,0.0,E,8
04/01/2018,22:00,0.0,1368.028,0.0,1,8,0.0,1,8,0.0,1,8,0.0,1,8,0.0,1,8,0.0,1,8,-0.0,1,8,-9900,?,9,-9900,?,9,15.04,E,8,7.38,E,8,60.0,E,8,822.9788000000001,E,8,999.0,E,8,0.64,E,8,-9900,?,9,-9900,?,9,0.0,E,8,-9900,?,9,-9900,?,9,0.0,0.0,E,8
04/01/2018,23:00,0.0,1368.028,0.0,1,8,0.0,1,8,0.0,1,8,0.0,1,8,0.0,1,8,0.0,1,8,-0.0,1,8,-9900,?,9,-9900,?,9,14.62,E,8,8.57,E,8,67.0,E,8,822.9788000000001,E,8,999.0,E,8,0.73,E,8,-9900,?,9,-9900,?,9,0.0,E,8,-9900,?,9,-9900,?,9,0.0,0.0,E,8
04/01/2018,24:00,0.0,1368.028,0.0,1,8,0.0,1,8,0.0,1,8,0.0,1,8,0.0,1,8,0.0,1,8,-0.0,1,8,-9900,?,9,-9900,?,9,14.21,E,8,10.43,E,8,77.0,E,8,822.9788000000001,E,8,999.0,E,8,0.18,E,8,-9900,?,9,-9900,?,9,0.0,E,8,-9900,?,9,-9900,?,9,0.0,0.0,E,8
04/02/2018,01:00,0.0,1368.028,0.0,1,8,0.0,1,8,0.0,1,8,0.0,1,8,0.0,1,8,0.0,1,8,-0.0,1,8,-9900,?,9,-9900,?,9,14.0,E,8,10.67,E,8,80.0,E,8,822.9788000000001,E,8,999.0,E,8,0.18,E,8,-9900,?,9,-9900,?,9,0.0,E,8,-9900,?,9,-9900,?,9,0.0,0.0,E,8
04/02/2018,02:00,0.0,1368.028,0.0,1,8,0.0,1,8,0.0,1,8,0.0,1,8,0.0,1,8,0.0,1,8,-0.0,1,8,-9900,?,9,-9900,?,9,13.79,E,8,10.92,E,8,82.0,E,8,822.9788000000001,E,8,999.0,E,8,0.18,E,8,-9900,?,9,-9900,?,9,0.0,E,8,-9900,?,9,-9900,?,9,0.0,0.0,E,8
04/02/2018,03:00,0.0,1368.028,0.0,1,8,0.0,1,8,0.0,1,8,0.0,1,8,0.0,1,8,0.0,1,8,-0.0,1,8,-9900,?,9,-9900,?,9,13.58,E,8,11.15,E,8,85.0,E,8,822.9788000000001,E,8,999.0,E,8,0.18,E,8,-9900,?,9,-9900,?,9,0.0,E,8,-9900,?,9,-9900,?,9,0.0,0.0,E,8
04/02/2018,04:00,0.0,1367.219,0.0,1,8,0.0,1,8,0.0,1,8,0.0,1,8,0.0,1,8,0.0,1,8,-0.0,1,8,-9900,?,9,-9900,?,9,13.38,E,8,11.38,E,8,87.0,E,8,822.9788000000001,E,8,999.0,E,8,0.18,E,8,-9900,?,9,-9900,?,9,0.0,E,8,-9900,?,9,-9900,?,9,0.0,0.0,E,8
04/02/2018,05:00,0.0,1367.219,0.0,1,8,0.0,1,8,0.0,1,8,0.0,1,8,0.0,1,8,0.0,1,8,-0.0,1,8,-9900,?,9,-9900,?,9,13.17,E,8,11.61,E,8,90.0,E,8,822.9788000000001,E,8,999.0,E,8,0.18,E,8,-9900,?,9,-9900,?,9,0.0,E,8,-9900,?,9,-9900,?,9,0.0,0.0,E,8
04/02/2018,06:00,0.0,1367.219,0.0,1,8,0.0,1,8,0.0,1,8,0.0,1,8,0.0,1,8,0.0,1,8,-0.0,1,8,-9900,?,9,-9900,?,9,13.01,E,8,11.79,E,8,92.0,E,8,822.9788000000001,E,8,999.0,E,8,0.18,E,8,-9900,?,9,-9900,?,9,0.0,E,8,-9900,?,9,-9900,?,9,0.0,0.0,E,8
04/02/2018,07:00,169.588,1367.219,0.13,1,8,0.0,1,8,0.13,1,8,15.6,1,8,0.0,1,8,14.3,1,8,0.339,1,8,-9900,?,9,-9900,?,9,12.87,E,8,11.94,E,8,94.0,E,8,822.9788000000001,E,8,999.0,E,8,0.18,E,8,-9900,?,9,-9900,?,9,0.0,E,8,-9900,?,9,-9900,?,9,0.0,0.0,E,8
04/02/2018,08:00,485.009,1367.219,130.0,1,8,8.326,1,8,127.052,1,8,15600.0,1,8,790.961,1,8,13975.765,1,8,114.235,1,8,-9900,?,9,-9900,?,9,12.73,E,8,12.08,E,8,95.0,E,8,822.9788000000001,E,8,999.0,E,8,0.33,E,8,-9900,?,9,-9900,?,9,0.0,E,8,-9900,?,9,-9900,?,9,0.0,0.0,E,8
04/02/2018,09:00,766.005,1367.219,315.59,1,8,85.729,1,8,267.59,1,8,37870.8,1,8,8144.245,1,8,29434.885,1,8,152.126,1,8,-9900,?,9,-9900,?,9,15.5,E,8,8.83,E,8,64.0,E,8,822.9788000000001,E,8,999.0,E,8,0.35,E,8,-9900,?,9,-9900,?,9,0.0,E,8,-9900,?,9,-9900,?,9,0.0,0.0,E,8
04/02/2018,10:00,992.191,1367.219,478.86,1,8,112.325,1,8,397.367,1,8,57463.2,1,8,10670.921,1,8,43710.354,1,8,174.341,1,8,-9900,?,9,-9900,?,9,16.56,E,8,7.38,E,8,54.0,E,8,822.9788000000001,E,8,999.0,E,8,0.38,E,8,-9900,?,9,-9900,?,9,0.0,E,8,-9900,?,9,-9900,?,9,0.0,0.0,E,8
04/02/2018,11:00,1147.973,1367.219,602.97,1,8,164.337,1,8,465.003,1,8,72356.4,1,8,15611.984,1,8,51150.345,1,8,176.305,1,8,-9900,?,9,-9900,?,9,17.47,E,8,6.03,E,8,46.0,E,8,822.9788000000001,E,8,999.0,E,8,0.48,E,8,-9900,?,9,-9900,?,9,0.0,E,8,-9900,?,9,-9900,?,9,0.0,0.0,E,8
04/02/2018,12:00,1222.675,1367.219,678.11,1,8,193.971,1,8,504.659,1,8,81373.2,1,8,18427.254,1,8,55512.436,1,8,179.642,1,8,-9900,?,9,-9900,?,9,18.21,E,8,4.84,E,8,41.0,E,8,822.9788000000001,E,8,999.0,E,8,1.33,E,8,-9900,?,9,-9900,?,9,0.0,E,8,-9900,?,9,-9900,?,9,0.0,0.0,E,8
04/02/2018,13:00,1211.183,1367.219,698.74,1,8,235.963,1,8,489.724,1,8,83848.8,1,8,22416.478,1,8,53869.586,1,8,175.98,1,8,-9900,?,9,-9900,?,9,18.74,E,8,3.93,E,8,37.0,E,8,822.9788000000001,E,8,999.0,E,8,1.69,E,8,-9900,?,9,-9900,?,9,0.0,E,8,-9900,?,9,-9900,?,9,0.0,0.0,E,8
04/02/2018,14:00,1114.278,1367.219,663.37,1,8,284.671,1,8,431.399,1,8,79604.4,1,8,27043.747,1,8,47453.848,1,8,168.515,1,8,-9900,?,9,-9900,?,9,19.06,E,8,3.36,E,8,35.0,E,8,822.9788000000001,E,8,999.0,E,8,2.37,E,8,-9900,?,9,-9900,?,9,0.0,E,8,-9900,?,9,-9900,?,9,0.0,0.0,E,8
04/02/2018,15:00,938.583,1367.219,574.55,1,8,381.055,1,8,313.045,1,8,68946.0,1,8,36200.268,1,8,34434.957,1,8,145.2,1,8,-9900,?,9,-9900,?,9,19.16,E,8,3.17,E,8,34.0,E,8,822.9788000000001,E,8,999.0,E,8,2.33,E,8,-9900,?,9,-9900,?,9,0.0,E,8,-9900,?,9,-9900,?,9,0.0,0.0,E,8
04/02/2018,16:00,696.136,1367.219,438.91,1,8,497.686,1,8,185.719,1,8,52669.2,1,8,47280.139,1,8,20429.103,1,8,116.202,1,8,-9900,?,9,-9900,?,9,18.97,E,8,3.52,E,8,35.0,E,8,822.9788000000001,E,8,999.0,E,8,1.68,E,8,-9900,?,9,-9900,?,9,0.0,E,8,-9900,?,9,-9900,?,9,0.0,0.0,E,8
04/02/2018,17:00,403.715,1367.219,267.55,1,8,512.046,1,8,116.808,1,8,32106.0,1,8,48644.388,1,8,12848.906,1,8,126.299,1,8,-9900,?,9,-9900,?,9,18.46,E,8,4.42,E,8,39.0,E,8,822.9788000000001,E,8,999.0,E,8,1.22,E,8,-9900,?,9,-9900,?,9,0.0,E,8,-9900,?,9,-9900,?,9,0.0,0.0,E,8
04/02/2018,18:00,84.159,1367.219,81.79,1,8,243.711,1,8,67.694,1,8,9814.8,1,8,23152.515,1,8,7446.381,1,8,372.557,1,8,-9900,?,9,-9900,?,9,17.69,E,8,5.69,E,8,45.0,E,8,822.9788000000001,E,8,999.0,E,8,0.18,E,8,-9900,?,9,-9900,?,9,0.0,E,8,-9900,?,9,-9900,?,9,0.0,0.0,E,8
04/02/2018,19:00,0.0,1367.219,0.0,1,8,0.0,1,8,0.0,1,8,0.0,1,8,0.0,1,8,0.0,1,8,-0.0,1,8,-9900,?,9,-9900,?,9,17.16,E,8,6.51,E,8,49.0,E,8,822.9788000000001,E,8,999.0,E,8,0.18,E,8,-9900,?,9,-9900,?,9,0.0,E,8,-9900,?,9,-9900,?,9,0.0,0.0,E,8
04/02/2018,20:00,0.0,1367.219,0.0,1,8,0.0,1,8,0.0,1,8,0.0,1,8,0.0,1,8,0.0,1,8,-0.0,1,8,-9900,?,9,-9900,?,9,16.63,E,8,7.28,E,8,53.0,E,8,822.9788000000001,E,8,999.0,E,8,0.18,E,8,-9900,?,9,-9900,?,9,0.0,E,8,-9900,?,9,-9900,?,9,0.0,0.0,E,8
04/02/2018,21:00,0.0,1367.219,0.0,1,8,0.0,1,8,0.0,1,8,0.0,1,8,0.0,1,8,0.0,1,8,-0.0,1,8,-9900,?,9,-9900,?,9,16.1,E,8,8.03,E,8,58.0,E,8,822.9788000000001,E,8,999.0,E,8,0.18,E,8,-9900,?,9,-9900,?,9,0.0,E,8,-9900,?,9,-9900,?,9,0.0,0.0,E,8
04/02/2018,22:00,0.0,1367.219,0.0,1,8,0.0,1,8,0.0,1,8,0.0,1,8,0.0,1,8,0.0,1,8,-0.0,1,8,-9900,?,9,-9900,?,9,15.57,E,8,8.74,E,8,63.0,E,8,822.9788000000001,E,8,999.0,E,8,0.18,E,8,-9900,?,9,-9900,?,9,0.0,E,8,-9900,?,9,-9900,?,9,0.0,0.0,E,8
04/02/2018,23:00,0.0,1367.219,0.0,1,8,0.0,1,8,0.0,1,8,0.0,1,8,0.0,1,8,0.0,1,8,-0.0,1,8,-9900,?,9,-9900,?,9,15.04,E,8,9.42,E,8,69.0,E,8,822.9788000000001,E,8,999.0,E,8,0.18,E,8,-9900,?,9,-9900,?,9,0.0,E,8,-9900,?,9,-9900,?,9,0.0,0.0,E,8
04/02/2018,24:00,0.0,1367.219,0.0,1,8,0.0,1,8,0.0,1,8,0.0,1,8,0.0,1,8,0.0,1,8,-0.0,1,8,-9900,?,9,-9900,?,9,14.51,E,8,11.7,E,8,83.0,E,8,822.9788000000001,E,8,999.0,E,8,0.61,E,8,-9900,?,9,-9900,?,9,0.0,E,8,-9900,?,9,-9900,?,9,0.0,0.0,E,8
04/03/2018,01:00,0.0,1367.219,0.0,1,8,0.0,1,8,0.0,1,8,0.0,1,8,0.0,1,8,0.0,1,8,-0.0,1,8,-9900,?,9,-9900,?,9,14.25,E,8,11.76,E,8,84.0,E,8,822.9788000000001,E,8,999.0,E,8,0.61,E,8,-9900,?,9,-9900,?,9,0.0,E,8,-9900,?,9,-9900,?,9,0.0,0.0,E,8
04/03/2018,02:00,0.0,1367.219,0.0,1,8,0.0,1,8,0.0,1,8,0.0,1,8,0.0,1,8,0.0,1,8,-0.0,1,8,-9900,?,9,-9900,?,9,13.98,E,8,11.82,E,8,86.0,E,8,822.9788000000001,E,8,999.0,E,8,0.61,E,8,-9900,?,9,-9900,?,9,0.0,E,8,-9900,?,9,-9900,?,9,0.0,0.0,E,8
04/03/2018,03:00,0.0,1367.219,0.0,1,8,0.0,1,8,0.0,1,8,0.0,1,8,0.0,1,8,0.0,1,8,-0.0,1,8,-9900,?,9,-9900,?,9,13.72,E,8,11.88,E,8,88.0,E,8,822.9788000000001,E,8,999.0,E,8,0.61,E,8,-9900,?,9,-9900,?,9,0.0,E,8,-9900,?,9,-9900,?,9,0.0,0.0,E,8
04/03/2018,04:00,0.0,1366.411,0.0,1,8,0.0,1,8,0.0,1,8,0.0,1,8,0.0,1,8,0.0,1,8,-0.0,1,8,-9900,?,9,-9900,?,9,13.45,E,8,11.94,E,8,90.0,E,8,822.9788000000001,E,8,999.0,E,8,0.61,E,8,-9900,?,9,-9900,?,9,0.0,E,8,-9900,?,9,-9900,?,9,0.0,0.0,E,8
04/03/2018,05:00,0.0,1366.411,0.0,1,8,0.0,1,8,0.0,1,8,0.0,1,8,0.0,1,8,0.0,1,8,-0.0,1,8,-9900,?,9,-9900,?,9,13.19,E,8,12.0,E,8,92.0,E,8,822.9788000000001,E,8,999.0,E,8,0.61,E,8,-9900,?,9,-9900,?,9,0.0,E,8,-9900,?,9,-9900,?,9,0.0,0.0,E,8
04/03/2018,06:00,0.0,1366.411,0.0,1,8,0.0,1,8,0.0,1,8,0.0,1,8,0.0,1,8,0.0,1,8,-0.0,1,8,-9900,?,9,-9900,?,9,12.98,E,8,12.05,E,8,94.0,E,8,822.9788000000001,E,8,999.0,E,8,0.61,E,8,-9900,?,9,-9900,?,9,0.0,E,8,-9900,?,9,-9900,?,9,0.0,0.0,E,8
04/03/2018,07:00,167.728,1366.411,0.0,1,8,0.0,1,8,0.0,1,8,0.0,1,8,0.0,1,8,0.0,1,8,0.0,1,8,-9900,?,9,-9900,?,9,12.81,E,8,12.09,E,8,95.0,E,8,822.9788000000001,E,8,999.0,E,8,0.61,E,8,-9900,?,9,-9900,?,9,0.0,E,8,-9900,?,9,-9900,?,9,0.0,0.0,E,8
04/03/2018,08:00,482.627,1366.411,77.25,1,8,0.0,1,8,77.25,1,8,9270.0,1,8,0.0,1,8,8497.5,1,8,69.76,1,8,-9900,?,9,-9900,?,9,12.63,E,8,12.12,E,8,96.0,E,8,822.9788000000001,E,8,999.0,E,8,0.61,E,8,-9900,?,9,-9900,?,9,0.0,E,8,-9900,?,9,-9900,?,9,0.0,0.0,E,8
04/03/2018,09:00,763.059,1366.411,188.22,1,8,5.35,1,8,185.234,1,8,22586.4,1,8,508.24,1,8,20375.777,1,8,105.652,1,8,-9900,?,9,-9900,?,9,14.84,E,8,11.62,E,8,81.0,E,8,822.9788000000001,E,8,999.0,E,8,0.61,E,8,-9900,?,9,-9900,?,9,0.0,E,8,-9900,?,9,-9900,?,9,0.0,0.0,E,8
04/03/2018,10:00,988.662,1366.411,285.83,1,8,9.142,1,8,279.217,1,8,34299.6,1,8,868.472,1,8,30713.897,1,8,122.869,1,8,-9900,?,9,-9900,?,9,15.69,E,8,11.43,E,8,75.0,E,8,822.9788000000001,E,8,999.0,E,8,0.61,E,8,-9900,?,9,-9900,?,9,0.0,E,8,-9900,?,9,-9900,?,9,0.0,0.0,E,8
04/03/2018,11:00,1143.879,1366.411,359.96,1,8,14.666,1,8,347.684,1,8,43195.2,1,8,1393.247,1,8,38245.265,1,8,132.218,1,8,-9900,?,9,-9900,?,9,16.42,E,8,11.26,E,8,71.0,E,8,822.9788000000001,E,8,999.0,E,8,0.61,E,8,-9900,?,9,-9900,?,9,0.0,E,8,-9900,?,9,-9900,?,9,0.0,0.0,E,8
04/03/2018,12:00,1218.074,1366.411,404.77,1,8,22.12,1,8,385.053,1,8,48572.4,1,8,2101.354,1,8,42355.859,1,8,137.503,1,8,-9900,?,9,-9900,?,9,17.01,E,8,11.12,E,8,68.0,E,8,822.9788000000001,E,8,999.0,E,8,0.61,E,8,-9900,?,9,-9900,?,9,0.0,E,8,-9900,?,9,-9900,?,9,0.0,0.0,E,8
04/03/2018,13:00,1206.168,1366.411,416.95,1,8,24.984,1,8,394.898,1,8,50034.0,1,8,2373.495,1,8,43438.741,1,8,142.411,1,8,-9900,?,9,-9900,?,9,17.44,E,8,11.01,E,8,65.0,E,8,822.9788000000001,E,8,999.0,E,8,0.61,E,8,-9900,?,9,-9900,?,9,0.0,E,8,-9900,?,9,-9900,?,9,0.0,0.0,E,8
04/03/2018,14:00,1108.97,1366.411,395.62,1,8,9.181,1,8,388.17,1,8,47474.4,1,8,872.24,1,8,42698.646,1,8,152.265,1,8,-9900,?,9,-9900,?,9,17.69,E,8,10.95,E,8,64.0,E,8,822.9788000000001,E,8,999.0,E,8,0.61,E,8,-9900,?,9,-9900,?,9,0.0,E,8,-9900,?,9,-9900,?,9,0.0,0.0,E,8
04/03/2018,15:00,933.123,1366.411,342.32,1,8,13.796,1,8,332.902,1,8,41078.4,1,8,1310.603,1,8,36619.219,1,8,155.222,1,8,-9900,?,9,-9900,?,9,17.77,E,8,10.93,E,8,64.0,E,8,822.9788000000001,E,8,999.0,E,8,0.61,E,8,-9900,?,9,-9900,?,9,0.0,E,8,-9900,?,9,-9900,?,9,0.0,0.0,E,8
04/03/2018,16:00,690.678,1366.411,261.02,1,8,60.737,1,8,230.346,1,8,31322.4,1,8,5769.998,1,8,25338.014,1,8,145.18,1,8,-9900,?,9,-9900,?,9,17.62,E,8,10.97,E,8,65.0,E,8,822.9788000000001,E,8,999.0,E,8,0.61,E,8,-9900,?,9,-9900,?,9,0.0,E,8,-9900,?,9,-9900,?,9,0.0,0.0,E,8
04/03/2018,17:00,398.42,1366.411,158.41,1,8,152.963,1,8,113.947,1,8,19009.2,1,8,14531.478,1,8,12534.191,1,8,124.779,1,8,-9900,?,9,-9900,?,9,17.21,E,8,11.07,E,8,67.0,E,8,822.9788000000001,E,8,999.0,E,8,0.61,E,8,-9900,?,9,-9900,?,9,0.0,E,8,-9900,?,9,-9900,?,9,0.0,0.0,E,8
04/03/2018,18:00,79.346,1366.411,47.41,1,8,246.927,1,8,34.027,1,8,5689.2,1,8,23458.02,1,8,3742.956,1,8,199.84,1,8,-9900,?,9,-9900,?,9,16.59,E,8,11.22,E,8,70.0,E,8,822.9788000000001,E,8,999.0,E,8,0.61,E,8,-9900,?,9,-9900,?,9,0.0,E,8,-9900,?,9,-9900,?,9,0.0,0.0,E,8
04/03/2018,19:00,0.0,1366.411,0.0,1,8,0.0,1,8,0.0,1,8,0.0,1,8,0.0,1,8,0.0,1,8,-0.0,1,8,-9900,?,9,-9900,?,9,16.22,E,8,11.3,E,8,72.0,E,8,822.9788000000001,E,8,999.0,E,8,0.61,E,8,-9900,?,9,-9900,?,9,0.0,E,8,-9900,?,9,-9900,?,9,0.0,0.0,E,8
04/03/2018,20:00,0.0,1366.411,0.0,1,8,0.0,1,8,0.0,1,8,0.0,1,8,0.0,1,8,0.0,1,8,-0.0,1,8,-9900,?,9,-9900,?,9,15.85,E,8,11.39,E,8,74.0,E,8,822.9788000000001,E,8,999.0,E,8,0.61,E,8,-9900,?,9,-9900,?,9,0.0,E,8,-9900,?,9,-9900,?,9,0.0,0.0,E,8
04/03/2018,21:00,0.0,1366.411,0.0,1,8,0.0,1,8,0.0,1,8,0.0,1,8,0.0,1,8,0.0,1,8,-0.0,1,8,-9900,?,9,-9900,?,9,15.49,E,8,11.47,E,8,76.0,E,8,822.9788000000001,E,8,999.0,E,8,0.61,E,8,-9900,?,9,-9900,?,9,0.0,E,8,-9900,?,9,-9900,?,9,0.0,0.0,E,8
04/03/2018,22:00,0.0,1366.411,0.0,1,8,0.0,1,8,0.0,1,8,0.0,1,8,0.0,1,8,0.0,1,8,-0.0,1,8,-9900,?,9,-9900,?,9,15.12,E,8,11.56,E,8,79.0,E,8,822.9788000000001,E,8,999.0,E,8,0.61,E,8,-9900,?,9,-9900,?,9,0.0,E,8,-9900,?,9,-9900,?,9,0.0,0.0,E,8
04/03/2018,23:00,0.0,1366.411,0.0,1,8,0.0,1,8,0.0,1,8,0.0,1,8,0.0,1,8,0.0,1,8,-0.0,1,8,-9900,?,9,-9900,?,9,14.75,E,8,11.64,E,8,81.0,E,8,822.9788000000001,E,8,999.0,E,8,0.61,E,8,-9900,?,9,-9900,?,9,0.0,E,8,-9900,?,9,-9900,?,9,0.0,0.0,E,8
04/03/2018,24:00,0.0,1366.411,0.0,1,8,0.0,1,8,0.0,1,8,0.0,1,8,0.0,1,8,0.0,1,8,-0.0,1,8,-9900,?,9,-9900,?,9,14.38,E,8,14.09,E,8,97.0,E,8,822.9788000000001,E,8,999.0,E,8,0.19,E,8,-9900,?,9,-9900,?,9,0.02,E,8,-9900,?,9,-9900,?,9,0.2,99.0,E,8
04/04/2018,01:00,0.0,1366.411,0.0,1,8,0.0,1,8,0.0,1,8,0.0,1,8,0.0,1,8,0.0,1,8,-0.0,1,8,-9900,?,9,-9900,?,9,14.2,E,8,13.96,E,8,97.0,E,8,822.9788000000001,E,8,999.0,E,8,0.19,E,8,-9900,?,9,-9900,?,9,0.006,E,8,-9900,?,9,-9900,?,9,0.06,99.0,E,8
04/04/2018,02:00,0.0,1366.411,0.0,1,8,0.0,1,8,0.0,1,8,0.0,1,8,0.0,1,8,0.0,1,8,-0.0,1,8,-9900,?,9,-9900,?,9,14.02,E,8,13.82,E,8,95.0,E,8,822.9788000000001,E,8,999.0,E,8,0.19,E,8,-9900,?,9,-9900,?,9,0.0,E,8,-9900,?,9,-9900,?,9,0.0,0.0,E,8
04/04/2018,03:00,0.0,1366.411,0.0,1,8,0.0,1,8,0.0,1,8,0.0,1,8,0.0,1,8,0.0,1,8,-0.0,1,8,-9900,?,9,-9900,?,9,13.83,E,8,13.67,E,8,95.0,E,8,822.9788000000001,E,8,999.0,E,8,0.19,E,8,-9900,?,9,-9900,?,9,0.0,E,8,-9900,?,9,-9900,?,9,0.0,0.0,E,8
04/04/2018,04:00,0.0,1365.603,0.0,1,8,0.0,1,8,0.0,1,8,0.0,1,8,0.0,1,8,0.0,1,8,-0.0,1,8,-9900,?,9,-9900,?,9,13.65,E,8,13.53,E,8,95.0,E,8,822.9788000000001,E,8,999.0,E,8,0.19,E,8,-9900,?,9,-9900,?,9,0.0,E,8,-9900,?,9,-9900,?,9,0.0,0.0,E,8
04/04/2018,05:00,0.0,1365.603,0.0,1,8,0.0,1,8,0.0,1,8,0.0,1,8,0.0,1,8,0.0,1,8,-0.0,1,8,-9900,?,9,-9900,?,9,13.47,E,8,13.39,E,8,95.0,E,8,822.9788000000001,E,8,999.0,E,8,0.31,E,8,-9900,?,9,-9900,?,9,0.0,E,8,-9900,?,9,-9900,?,9,0.0,0.0,E,8
04/04/2018,06:00,0.0,1365.603,0.0,1,8,0.0,1,8,0.0,1,8,0.0,1,8,0.0,1,8,0.0,1,8,-0.0,1,8,-9900,?,9,-9900,?,9,13.32,E,8,13.27,E,8,95.0,E,8,822.9788000000001,E,8,999.0,E,8,0.55,E,8,-9900,?,9,-9900,?,9,0.0,E,8,-9900,?,9,-9900,?,9,0.0,0.0,E,8
04/04/2018,07:00,165.861,1365.603,0.0,1,8,0.0,1,8,0.0,1,8,0.0,1,8,0.0,1,8,0.0,1,8,0.0,1,8,-9900,?,9,-9900,?,9,13.2,E,8,13.17,E,8,96.0,E,8,822.9788000000001,E,8,999.0,E,8,0.72,E,8,-9900,?,9,-9900,?,9,0.0,E,8,-9900,?,9,-9900,?,9,0.0,0.0,E,8
04/04/2018,08:00,480.224,1365.603,62.5,1,8,0.0,1,8,62.5,1,8,7500.0,1,8,0.0,1,8,6875.0,1,8,56.69,1,8,-9900,?,9,-9900,?,9,13.08,E,8,13.08,E,8,96.0,E,8,822.9788000000001,E,8,999.0,E,8,1.0,E,8,-9900,?,9,-9900,?,9,0.0,E,8,-9900,?,9,-9900,?,9,0.0,0.0,E,8
04/04/2018,09:00,760.083,1365.603,152.85,1,8,9.082,1,8,147.798,1,8,18342.0,1,8,862.804,1,8,16257.808,1,8,84.58,1,8,-9900,?,9,-9900,?,9,15.06,E,8,14.6,E,8,94.0,E,8,822.9788000000001,E,8,999.0,E,8,1.57,E,8,-9900,?,9,-9900,?,9,0.0,E,8,-9900,?,9,-9900,?,9,0.0,0.0,E,8
04/04/2018,10:00,985.097,1365.603,232.3,1,8,2.889,1,8,230.217,1,8,27876.0,1,8,274.431,1,8,25323.84,1,8,101.613,1,8,-9900,?,9,-9900,?,9,15.82,E,8,15.15,E,8,94.0,E,8,822.9788000000001,E,8,999.0,E,8,1.07,E,8,-9900,?,9,-9900,?,9,0.0,E,8,-9900,?,9,-9900,?,9,0.0,0.0,E,8
04/04/2018,11:00,1139.747,1365.603,292.6,1,8,2.21,1,8,290.756,1,8,35112.0,1,8,209.959,1,8,31983.123,1,8,110.905,1,8,-9900,?,9,-9900,?,9,16.48,E,8,15.62,E,8,95.0,E,8,822.9788000000001,E,8,999.0,E,8,1.12,E,8,-9900,?,9,-9900,?,9,0.001,E,8,-9900,?,9,-9900,?,9,0.01,99.0,E,8
04/04/2018,12:00,1213.436,1365.603,232.88,1,8,4.154,1,8,229.189,1,8,27945.6,1,8,394.674,1,8,25210.762,1,8,82.108,1,8,-9900,?,9,-9900,?,9,16.66,E,8,15.74,E,8,95.0,E,8,822.9788000000001,E,8,999.0,E,8,1.09,E,8,-9900,?,9,-9900,?,9,0.002,E,8,-9900,?,9,-9900,?,9,0.02,99.0,E,8
04/04/2018,13:00,1201.121,1365.603,236.94,1,8,4.184,1,8,233.261,1,8,28432.8,1,8,397.448,1,8,25658.661,1,8,84.424,1,8,-9900,?,9,-9900,?,9,16.79,E,8,15.83,E,8,95.0,E,8,822.9788000000001,E,8,999.0,E,8,0.95,E,8,-9900,?,9,-9900,?,9,0.008,E,8,-9900,?,9,-9900,?,9,0.08,99.0,E,8
04/04/2018,14:00,1103.639,1365.603,287.85,1,8,2.219,1,8,286.057,1,8,34542.0,1,8,210.811,1,8,31466.259,1,8,112.685,1,8,-9900,?,9,-9900,?,9,17.02,E,8,15.99,E,8,95.0,E,8,822.9788000000001,E,8,999.0,E,8,1.26,E,8,-9900,?,9,-9900,?,9,0.001,E,8,-9900,?,9,-9900,?,9,0.01,99.0,E,8
04/04/2018,15:00,927.653,1365.603,245.38,1,8,19.728,1,8,231.983,1,8,29445.6,1,8,1874.196,1,8,25518.143,1,8,108.741,1,8,-9900,?,9,-9900,?,9,17.09,E,8,16.04,E,8,95.0,E,8,822.9788000000001,E,8,999.0,E,8,1.13,E,8,-9900,?,9,-9900,?,9,0.004,E,8,-9900,?,9,-9900,?,9,0.04,99.0,E,8
04/04/2018,16:00,685.224,1365.603,221.18,1,8,25.156,1,8,208.569,1,8,26541.6,1,8,2389.779,1,8,22942.542,1,8,132.425,1,8,-9900,?,9,-9900,?,9,17.09,E,8,16.04,E,8,99.0,E,8,822.9788000000001,E,8,999.0,E,8,0.67,E,8,-9900,?,9,-9900,?,9,0.605,E,8,-9900,?,9,-9900,?,9,6.05,99.0,E,8
04/04/2018,17:00,393.143,1365.603,257.92,1,8,369.575,1,8,151.862,1,8,30950.4,1,8,35109.606,1,8,16704.861,1,8,168.446,1,8,-9900,?,9,-9900,?,9,17.17,E,8,16.09,E,8,95.0,E,8,822.9788000000001,E,8,999.0,E,8,0.64,E,8,-9900,?,9,-9900,?,9,0.038,E,8,-9900,?,9,-9900,?,9,0.38,99.0,E,8
04/04/2018,18:00,74.581,1365.603,118.54,1,8,0.0,1,8,118.54,1,8,14224.8,1,8,0.0,1,8,13039.4,1,8,745.994,1,8,-9900,?,9,-9900,?,9,16.87,E,8,15.89,E,8,93.0,E,8,822.9788000000001,E,8,999.0,E,8,0.51,E,8,-9900,?,9,-9900,?,9,0.0,E,8,-9900,?,9,-9900,?,9,0.0,0.0,E,8
04/04/2018,19:00,0.0,1365.603,0.0,1,8,0.0,1,8,0.0,1,8,0.0,1,8,0.0,1,8,0.0,1,8,-0.0,1,8,-9900,?,9,-9900,?,9,16.22,E,8,15.44,E,8,93.0,E,8,822.9788000000001,E,8,999.0,E,8,0.38,E,8,-9900,?,9,-9900,?,9,0.0,E,8,-9900,?,9,-9900,?,9,0.0,0.0,E,8
04/04/2018,20:00,0.0,1365.603,0.0,1,8,0.0,1,8,0.0,1,8,0.0,1,8,0.0,1,8,0.0,1,8,-0.0,1,8,-9900,?,9,-9900,?,9,15.57,E,8,14.97,E,8,94.0,E,8,822.9788000000001,E,8,999.0,E,8,0.19,E,8,-9900,?,9,-9900,?,9,0.0,E,8,-9900,?,9,-9900,?,9,0.0,0.0,E,8
04/04/2018,21:00,0.0,1365.603,0.0,1,8,0.0,1,8,0.0,1,8,0.0,1,8,0.0,1,8,0.0,1,8,-0.0,1,8,-9900,?,9,-9900,?,9,14.92,E,8,14.5,E,8,94.0,E,8,822.9788000000001,E,8,999.0,E,8,0.19,E,8,-9900,?,9,-9900,?,9,0.0,E,8,-9900,?,9,-9900,?,9,0.0,0.0,E,8
04/04/2018,22:00,0.0,1365.603,0.0,1,8,0.0,1,8,0.0,1,8,0.0,1,8,0.0,1,8,0.0,1,8,-0.0,1,8,-9900,?,9,-9900,?,9,14.27,E,8,14.01,E,8,97.0,E,8,822.9788000000001,E,8,999.0,E,8,0.19,E,8,-9900,?,9,-9900,?,9,0.013000000000000001,E,8,-9900,?,9,-9900,?,9,0.13,99.0,E,8
04/04/2018,23:00,0.0,1365.603,0.0,1,8,0.0,1,8,0.0,1,8,0.0,1,8,0.0,1,8,0.0,1,8,-0.0,1,8,-9900,?,9,-9900,?,9,13.62,E,8,13.5,E,8,95.0,E,8,822.9788000000001,E,8,999.0,E,8,0.19,E,8,-9900,?,9,-9900,?,9,0.0,E,8,-9900,?,9,-9900,?,9,0.0,0.0,E,8
04/04/2018,24:00,0.0,1365.603,0.0,1,8,0.0,1,8,0.0,1,8,0.0,1,8,0.0,1,8,0.0,1,8,-0.0,1,8,-9900,?,9,-9900,?,9,12.98,E,8,12.37,E,8,96.0,E,8,822.9788000000001,E,8,999.0,E,8,0.59,E,8,-9900,?,9,-9900,?,9,0.0,E,8,-9900,?,9,-9900,?,9,0.0,0.0,E,8
04/05/2018,01:00,0.0,1365.603,0.0,1,8,0.0,1,8,0.0,1,8,0.0,1,8,0.0,1,8,0.0,1,8,-0.0,1,8,-9900,?,9,-9900,?,9,12.65,E,8,12.13,E,8,96.0,E,8,822.9788000000001,E,8,999.0,E,8,0.59,E,8,-9900,?,9,-9900,?,9,0.0,E,8,-9900,?,9,-9900,?,9,0.0,0.0,E,8
04/05/2018,02:00,0.0,1365.603,0.0,1,8,0.0,1,8,0.0,1,8,0.0,1,8,0.0,1,8,0.0,1,8,-0.0,1,8,-9900,?,9,-9900,?,9,12.33,E,8,11.91,E,8,97.0,E,8,822.9788000000001,E,8,999.0,E,8,0.59,E,8,-9900,?,9,-9900,?,9,0.0,E,8,-9900,?,9,-9900,?,9,0.0,0.0,E,8
04/05/2018,03:00,0.0,1365.603,0.0,1,8,0.0,1,8,0.0,1,8,0.0,1,8,0.0,1,8,0.0,1,8,-0.0,1,8,-9900,?,9,-9900,?,9,12.0,E,8,11.67,E,8,97.0,E,8,822.9788000000001,E,8,999.0,E,8,0.59,E,8,-9900,?,9,-9900,?,9,0.0,E,8,-9900,?,9,-9900,?,9,0.0,0.0,E,8
04/05/2018,04:00,0.0,1364.797,0.0,1,8,0.0,1,8,0.0,1,8,0.0,1,8,0.0,1,8,0.0,1,8,-0.0,1,8,-9900,?,9,-9900,?,9,11.68,E,8,11.43,E,8,98.0,E,8,822.9788000000001,E,8,999.0,E,8,0.59,E,8,-9900,?,9,-9900,?,9,0.0,E,8,-9900,?,9,-9900,?,9,0.0,0.0,E,8
04/05/2018,05:00,0.0,1364.797,0.0,1,8,0.0,1,8,0.0,1,8,0.0,1,8,0.0,1,8,0.0,1,8,-0.0,1,8,-9900,?,9,-9900,?,9,11.35,E,8,11.18,E,8,98.0,E,8,822.9788000000001,E,8,999.0,E,8,0.59,E,8,-9900,?,9,-9900,?,9,0.0,E,8,-9900,?,9,-9900,?,9,0.0,0.0,E,8
04/05/2018,06:00,0.0,1364.797,0.0,1,8,0.0,1,8,0.0,1,8,0.0,1,8,0.0,1,8,0.0,1,8,-0.0,1,8,-9900,?,9,-9900,?,9,11.1,E,8,11.0,E,8,99.0,E,8,822.9788000000001,E,8,999.0,E,8,0.59,E,8,-9900,?,9,-9900,?,9,0.0,E,8,-9900,?,9,-9900,?,9,0.0,0.0,E,8
04/05/2018,07:00,163.985,1364.797,0.0,1,8,0.0,1,8,0.0,1,8,0.0,1,8,0.0,1,8,0.0,1,8,0.0,1,8,-9900,?,9,-9900,?,9,10.89,E,8,10.83,E,8,99.0,E,8,822.9788000000001,E,8,999.0,E,8,0.59,E,8,-9900,?,9,-9900,?,9,0.0,E,8,-9900,?,9,-9900,?,9,0.0,0.0,E,8
04/05/2018,08:00,477.801,1364.797,67.43,1,8,0.0,1,8,67.43,1,8,8091.6,1,8,0.0,1,8,7417.3,1,8,61.437,1,8,-9900,?,9,-9900,?,9,10.67,E,8,10.67,E,8,99.0,E,8,822.9788000000001,E,8,999.0,E,8,0.59,E,8,-9900,?,9,-9900,?,9,0.0,E,8,-9900,?,9,-9900,?,9,0.0,0.0,E,8
04/05/2018,09:00,757.078,1364.797,165.51,1,8,12.606,1,8,158.522,1,8,19861.2,1,8,1197.559,1,8,17437.408,1,8,91.023,1,8,-9900,?,9,-9900,?,9,13.64,E,8,12.82,E,8,94.0,E,8,822.9788000000001,E,8,999.0,E,8,0.59,E,8,-9900,?,9,-9900,?,9,0.0,E,8,-9900,?,9,-9900,?,9,0.0,0.0,E,8
04/05/2018,10:00,981.497,1364.797,322.02,1,8,18.733,1,8,308.552,1,8,38642.4,1,8,1779.622,1,8,33940.71,1,8,136.608,1,8,-9900,?,9,-9900,?,9,15.38,E,8,13.97,E,8,91.0,E,8,822.9788000000001,E,8,999.0,E,8,0.59,E,8,-9900,?,9,-9900,?,9,0.0,E,8,-9900,?,9,-9900,?,9,0.0,0.0,E,8
04/05/2018,11:00,1135.578,1364.797,323.68,1,8,2.635,1,8,321.488,1,8,38841.6,1,8,250.289,1,8,35363.697,1,8,123.005,1,8,-9900,?,9,-9900,?,9,16.26,E,8,14.52,E,8,89.0,E,8,822.9788000000001,E,8,999.0,E,8,0.59,E,8,-9900,?,9,-9900,?,9,0.0,E,8,-9900,?,9,-9900,?,9,0.0,0.0,E,8
04/05/2018,12:00,1208.765,1364.797,439.11,1,8,19.682,1,8,421.679,1,8,52693.2,1,8,1869.825,1,8,46384.717,1,8,151.563,1,8,-9900,?,9,-9900,?,9,17.38,E,8,15.2,E,8,91.0,E,8,822.9788000000001,E,8,999.0,E,8,0.59,E,8,-9900,?,9,-9900,?,9,0.098,E,8,-9900,?,9,-9900,?,9,0.98,99.0,E,8
04/05/2018,13:00,1196.047,1364.797,278.62,1,8,4.502,1,8,274.675,1,8,33434.4,1,8,427.715,1,8,30214.224,1,8,99.776,1,8,-9900,?,9,-9900,?,9,17.44,E,8,15.23,E,8,86.0,E,8,822.9788000000001,E,8,999.0,E,8,0.59,E,8,-9900,?,9,-9900,?,9,0.0,E,8,-9900,?,9,-9900,?,9,0.0,0.0,E,8
04/05/2018,14:00,1098.29,1364.797,347.89,1,8,3.418,1,8,345.14,1,8,41746.8,1,8,324.721,1,8,37965.377,1,8,136.542,1,8,-9900,?,9,-9900,?,9,17.74,E,8,15.41,E,8,86.0,E,8,822.9788000000001,E,8,999.0,E,8,0.59,E,8,-9900,?,9,-9900,?,9,0.0,E,8,-9900,?,9,-9900,?,9,0.0,0.0,E,8
04/05/2018,15:00,922.176,1364.797,270.95,1,8,26.866,1,8,252.803,1,8,32514.0,1,8,2552.251,1,8,27808.381,1,8,119.135,1,8,-9900,?,9,-9900,?,9,17.7,E,8,15.38,E,8,86.0,E,8,822.9788000000001,E,8,999.0,E,8,0.59,E,8,-9900,?,9,-9900,?,9,0.0,E,8,-9900,?,9,-9900,?,9,0.0,0.0,E,8
04/05/2018,16:00,679.777,1364.797,228.24,1,8,21.203,1,8,217.689,1,8,27388.8,1,8,2014.244,1,8,23945.768,1,8,139.243,1,8,-9900,?,9,-9900,?,9,17.47,E,8,15.25,E,8,86.0,E,8,822.9788000000001,E,8,999.0,E,8,0.59,E,8,-9900,?,9,-9900,?,9,0.0,E,8,-9900,?,9,-9900,?,9,0.0,0.0,E,8
04/05/2018,17:00,387.888,1364.797,137.27,1,8,92.26,1,8,111.135,1,8,16472.4,1,8,8764.704,1,8,12224.821,1,8,124.878,1,8,-9900,?,9,-9900,?,9,16.89,E,8,14.9,E,8,88.0,E,8,822.9788000000001,E,8,999.0,E,8,0.59,E,8,-9900,?,9,-9900,?,9,0.0,E,8,-9900,?,9,-9900,?,9,0.0,0.0,E,8
04/05/2018,18:00,69.866,1364.797,39.31,1,8,0.0,1,8,39.31,1,8,4717.2,1,8,0.0,1,8,4324.1,1,8,266.322,1,8,-9900,?,9,-9900,?,9,16.03,E,8,14.38,E,8,89.0,E,8,822.9788000000001,E,8,999.0,E,8,0.59,E,8,-9900,?,9,-9900,?,9,0.0,E,8,-9900,?,9,-9900,?,9,0.0,0.0,E,8
04/05/2018,19:00,0.0,1364.797,0.0,1,8,0.0,1,8,0.0,1,8,0.0,1,8,0.0,1,8,0.0,1,8,-0.0,1,8,-9900,?,9,-9900,?,9,15.44,E,8,14.01,E,8,91.0,E,8,822.9788000000001,E,8,999.0,E,8,0.59,E,8,-9900,?,9,-9900,?,9,0.0,E,8,-9900,?,9,-9900,?,9,0.0,0.0,E,8
04/05/2018,20:00,0.0,1364.797,0.0,1,8,0.0,1,8,0.0,1,8,0.0,1,8,0.0,1,8,0.0,1,8,-0.0,1,8,-9900,?,9,-9900,?,9,14.85,E,8,13.63,E,8,92.0,E,8,822.9788000000001,E,8,999.0,E,8,0.59,E,8,-9900,?,9,-9900,?,9,0.0,E,8,-9900,?,9,-9900,?,9,0.0,0.0,E,8
04/05/2018,21:00,0.0,1364.797,0.0,1,8,0.0,1,8,0.0,1,8,0.0,1,8,0.0,1,8,0.0,1,8,-0.0,1,8,-9900,?,9,-9900,?,9,14.26,E,8,13.24,E,8,98.0,E,8,822.9788000000001,E,8,999.0,E,8,0.59,E,8,-9900,?,9,-9900,?,9,0.002,E,8,-9900,?,9,-9900,?,9,0.02,99.0,E,8
04/05/2018,22:00,0.0,1364.797,0.0,1,8,0.0,1,8,0.0,1,8,0.0,1,8,0.0,1,8,0.0,1,8,-0.0,1,8,-9900,?,9,-9900,?,9,13.67,E,8,12.84,E,8,94.0,E,8,822.9788000000001,E,8,999.0,E,8,0.59,E,8,-9900,?,9,-9900,?,9,0.0,E,8,-9900,?,9,-9900,?,9,0.0,0.0,E,8
04/05/2018,23:00,0.0,1364.797,0.0,1,8,0.0,1,8,0.0,1,8,0.0,1,8,0.0,1,8,0.0,1,8,-0.0,1,8,-9900,?,9,-9900,?,9,13.08,E,8,12.44,E,8,95.0,E,8,822.9788000000001,E,8,999.0,E,8,1.21,E,8,-9900,?,9,-9900,?,9,0.0,E,8,-9900,?,9,-9900,?,9,0.0,0.0,E,8
04/05/2018,24:00,0.0,1364.797,0.0,1,8,0.0,1,8,0.0,1,8,0.0,1,8,0.0,1,8,0.0,1,8,-0.0,1,8,-9900,?,9,-9900,?,9,12.48,E,8,8.69,E,8,75.0,E,8,822.9788000000001,E,8,999.0,E,8,0.16,E,8,-9900,?,9,-9900,?,9,0.0,E,8,-9900,?,9,-9900,?,9,0.0,0.0,E,8
04/06/2018,01:00,0.0,1364.797,0.0,1,8,0.0,1,8,0.0,1,8,0.0,1,8,0.0,1,8,0.0,1,8,-0.0,1,8,-9900,?,9,-9900,?,9,12.19,E,8,8.93,E,8,78.0,E,8,822.9788000000001,E,8,999.0,E,8,0.16,E,8,-9900,?,9,-9900,?,9,0.0,E,8,-9900,?,9,-9900,?,9,0.0,0.0,E,8
04/06/2018,02:00,0.0,1364.797,0.0,1,8,0.0,1,8,0.0,1,8,0.0,1,8,0.0,1,8,0.0,1,8,-0.0,1,8,-9900,?,9,-9900,?,9,11.89,E,8,9.18,E,8,86.0,E,8,822.9788000000001,E,8,999.0,E,8,0.16,E,8,-9900,?,9,-9900,?,9,0.002,E,8,-9900,?,9,-9900,?,9,0.02,99.0,E,8
04/06/2018,03:00,0.0,1364.797,0.0,1,8,0.0,1,8,0.0,1,8,0.0,1,8,0.0,1,8,0.0,1,8,-0.0,1,8,-9900,?,9,-9900,?,9,11.6,E,8,9.42,E,8,89.0,E,8,822.9788000000001,E,8,999.0,E,8,0.16,E,8,-9900,?,9,-9900,?,9,0.001,E,8,-9900,?,9,-9900,?,9,0.01,99.0,E,8
04/06/2018,04:00,0.0,1363.992,0.0,1,8,0.0,1,8,0.0,1,8,0.0,1,8,0.0,1,8,0.0,1,8,-0.0,1,8,-9900,?,9,-9900,?,9,11.3,E,8,9.67,E,8,87.0,E,8,822.9788000000001,E,8,999.0,E,8,0.16,E,8,-9900,?,9,-9900,?,9,0.0,E,8,-9900,?,9,-9900,?,9,0.0,0.0,E,8
04/06/2018,05:00,0.0,1363.992,0.0,1,8,0.0,1,8,0.0,1,8,0.0,1,8,0.0,1,8,0.0,1,8,-0.0,1,8,-9900,?,9,-9900,?,9,11.01,E,8,9.9,E,8,90.0,E,8,822.9788000000001,E,8,999.0,E,8,0.16,E,8,-9900,?,9,-9900,?,9,0.0,E,8,-9900,?,9,-9900,?,9,0.0,0.0,E,8
04/06/2018,06:00,0.0,1363.992,0.0,1,8,0.0,1,8,0.0,1,8,0.0,1,8,0.0,1,8,0.0,1,8,-0.0,1,8,-9900,?,9,-9900,?,9,10.78,E,8,10.08,E,8,92.0,E,8,822.9788000000001,E,8,999.0,E,8,0.16,E,8,-9900,?,9,-9900,?,9,0.0,E,8,-9900,?,9,-9900,?,9,0.0,0.0,E,8
04/06/2018,07:00,162.1,1363.992,0.0,1,8,0.0,1,8,0.0,1,8,0.0,1,8,0.0,1,8,0.0,1,8,0.0,1,8,-9900,?,9,-9900,?,9,10.58,E,8,10.24,E,8,99.0,E,8,822.9788000000001,E,8,999.0,E,8,0.16,E,8,-9900,?,9,-9900,?,9,0.003,E,8,-9900,?,9,-9900,?,9,0.03,99.0,E,8
04/06/2018,08:00,475.358,1363.992,117.58,1,8,5.277,1,8,115.745,1,8,14109.6,1,8,501.283,1,8,12731.941,1,8,105.939,1,8,-9900,?,9,-9900,?,9,10.39,E,8,10.38,E,8,97.0,E,8,822.9788000000001,E,8,999.0,E,8,0.16,E,8,-9900,?,9,-9900,?,9,0.0,E,8,-9900,?,9,-9900,?,9,0.0,0.0,E,8
04/06/2018,09:00,754.045,1363.992,289.73,1,8,64.724,1,8,253.973,1,8,34767.6,1,8,6148.788,1,8,27937.022,1,8,146.333,1,8,-9900,?,9,-9900,?,9,13.91,E,8,7.42,E,8,63.0,E,8,822.9788000000001,E,8,999.0,E,8,0.16,E,8,-9900,?,9,-9900,?,9,0.0,E,8,-9900,?,9,-9900,?,9,0.0,0.0,E,8
04/06/2018,10:00,977.863,1363.992,441.06,1,8,86.259,1,8,379.237,1,8,52927.2,1,8,8194.612,1,8,41716.066,1,8,168.428,1,8,-9900,?,9,-9900,?,9,15.27,E,8,6.11,E,8,53.0,E,8,822.9788000000001,E,8,999.0,E,8,0.16,E,8,-9900,?,9,-9900,?,9,0.0,E,8,-9900,?,9,-9900,?,9,0.0,0.0,E,8
04/06/2018,11:00,1131.375,1363.992,555.76,1,8,126.411,1,8,450.921,1,8,66691.2,1,8,12009.081,1,8,49601.305,1,8,173.067,1,8,-9900,?,9,-9900,?,9,16.45,E,8,4.88,E,8,45.0,E,8,822.9788000000001,E,8,999.0,E,8,0.24,E,8,-9900,?,9,-9900,?,9,0.0,E,8,-9900,?,9,-9900,?,9,0.0,0.0,E,8
04/06/2018,12:00,1204.061,1363.992,624.76,1,8,149.445,1,8,492.849,1,8,74971.2,1,8,14197.252,1,8,54213.381,1,8,177.731,1,8,-9900,?,9,-9900,?,9,17.4,E,8,3.81,E,8,40.0,E,8,822.9788000000001,E,8,999.0,E,8,0.42,E,8,-9900,?,9,-9900,?,9,0.0,E,8,-9900,?,9,-9900,?,9,0.0,0.0,E,8
04/06/2018,13:00,1190.947,1363.992,642.95,1,8,177.126,1,8,488.309,1,8,77154.0,1,8,16827.016,1,8,53714.009,1,8,178.035,1,8,-9900,?,9,-9900,?,9,18.08,E,8,3.0,E,8,36.0,E,8,822.9788000000001,E,8,999.0,E,8,1.21,E,8,-9900,?,9,-9900,?,9,0.0,E,8,-9900,?,9,-9900,?,9,0.0,0.0,E,8
04/06/2018,14:00,1092.924,1363.992,609.02,1,8,215.633,1,8,436.268,1,8,73082.4,1,8,20485.149,1,8,47989.503,1,8,173.339,1,8,-9900,?,9,-9900,?,9,18.48,E,8,2.5,E,8,34.0,E,8,822.9788000000001,E,8,999.0,E,8,1.39,E,8,-9900,?,9,-9900,?,9,0.0,E,8,-9900,?,9,-9900,?,9,0.0,0.0,E,8
04/06/2018,15:00,916.695,1363.992,525.43,1,8,295.722,1,8,326.755,1,8,63051.6,1,8,28093.612,1,8,35943.095,1,8,154.816,1,8,-9900,?,9,-9900,?,9,18.61,E,8,2.34,E,8,33.0,E,8,822.9788000000001,E,8,999.0,E,8,2.66,E,8,-9900,?,9,-9900,?,9,0.0,E,8,-9900,?,9,-9900,?,9,0.0,0.0,E,8
04/06/2018,16:00,674.34,1363.992,398.43,1,8,388.493,1,8,206.538,1,8,47811.6,1,8,36906.854,1,8,22719.14,1,8,133.099,1,8,-9900,?,9,-9900,?,9,18.35,E,8,2.67,E,8,35.0,E,8,822.9788000000001,E,8,999.0,E,8,2.15,E,8,-9900,?,9,-9900,?,9,0.0,E,8,-9900,?,9,-9900,?,9,0.0,0.0,E,8
04/06/2018,17:00,382.658,1363.992,238.52,1,8,443.708,1,8,114.46,1,8,28622.4,1,8,42152.244,1,8,12590.622,1,8,130.308,1,8,-9900,?,9,-9900,?,9,17.68,E,8,3.48,E,8,38.0,E,8,822.9788000000001,E,8,999.0,E,8,2.12,E,8,-9900,?,9,-9900,?,9,0.0,E,8,-9900,?,9,-9900,?,9,0.0,0.0,E,8
04/06/2018,18:00,65.207,1363.992,66.75,1,8,0.0,1,8,66.75,1,8,8010.0,1,8,0.0,1,8,7342.5,1,8,489.436,1,8,-9900,?,9,-9900,?,9,16.68,E,8,4.62,E,8,49.0,E,8,822.9788000000001,E,8,999.0,E,8,1.12,E,8,-9900,?,9,-9900,?,9,0.032,E,8,-9900,?,9,-9900,?,9,0.32,99.0,E,8
04/06/2018,19:00,0.0,1363.992,0.0,1,8,0.0,1,8,0.0,1,8,0.0,1,8,0.0,1,8,0.0,1,8,-0.0,1,8,-9900,?,9,-9900,?,9,16.17,E,8,5.18,E,8,52.0,E,8,822.9788000000001,E,8,999.0,E,8,0.59,E,8,-9900,?,9,-9900,?,9,0.006,E,8,-9900,?,9,-9900,?,9,0.06,99.0,E,8
04/06/2018,20:00,0.0,1363.992,0.0,1,8,0.0,1,8,0.0,1,8,0.0,1,8,0.0,1,8,0.0,1,8,-0.0,1,8,-9900,?,9,-9900,?,9,15.67,E,8,5.7,E,8,55.0,E,8,822.9788000000001,E,8,999.0,E,8,0.25,E,8,-9900,?,9,-9900,?,9,0.004,E,8,-9900,?,9,-9900,?,9,0.04,99.0,E,8
04/06/2018,21:00,0.0,1363.992,0.0,1,8,0.0,1,8,0.0,1,8,0.0,1,8,0.0,1,8,0.0,1,8,-0.0,1,8,-9900,?,9,-9900,?,9,15.16,E,8,6.22,E,8,59.0,E,8,822.9788000000001,E,8,999.0,E,8,0.2,E,8,-9900,?,9,-9900,?,9,0.01,E,8,-9900,?,9,-9900,?,9,0.1,99.0,E,8
04/06/2018,22:00,0.0,1363.992,0.0,1,8,0.0,1,8,0.0,1,8,0.0,1,8,0.0,1,8,0.0,1,8,-0.0,1,8,-9900,?,9,-9900,?,9,14.66,E,8,6.71,E,8,72.0,E,8,822.9788000000001,E,8,999.0,E,8,0.3,E,8,-9900,?,9,-9900,?,9,0.526,E,8,-9900,?,9,-9900,?,9,5.26,99.0,E,8
04/06/2018,23:00,0.0,1363.992,0.0,1,8,0.0,1,8,0.0,1,8,0.0,1,8,0.0,1,8,0.0,1,8,-0.0,1,8,-9900,?,9,-9900,?,9,14.15,E,8,7.19,E,8,66.0,E,8,822.9788000000001,E,8,999.0,E,8,0.25,E,8,-9900,?,9,-9900,?,9,0.016,E,8,-9900,?,9,-9900,?,9,0.16,99.0,E,8
04/06/2018,24:00,0.0,1363.992,0.0,1,8,0.0,1,8,0.0,1,8,0.0,1,8,0.0,1,8,0.0,1,8,-0.0,1,8,-9900,?,9,-9900,?,9,13.65,E,8,13.13,E,8,95.0,E,8,822.9788000000001,E,8,999.0,E,8,1.8,E,8,-9900,?,9,-9900,?,9,0.006,E,8,-9900,?,9,-9900,?,9,0.06,99.0,E,8
04/07/2018,01:00,0.0,1363.992,0.0,1,8,0.0,1,8,0.0,1,8,0.0,1,8,0.0,1,8,0.0,1,8,-0.0,1,8,-9900,?,9,-9900,?,9,13.39,E,8,12.92,E,8,95.0,E,8,822.9788000000001,E,8,999.0,E,8,1.67,E,8,-9900,?,9,-9900,?,9,0.047,E,8,-9900,?,9,-9900,?,9,0.47,99.0,E,8
04/07/2018,02:00,0.0,1363.992,0.0,1,8,0.0,1,8,0.0,1,8,0.0,1,8,0.0,1,8,0.0,1,8,-0.0,1,8,-9900,?,9,-9900,?,9,13.14,E,8,12.72,E,8,95.0,E,8,822.9788000000001,E,8,999.0,E,8,1.86,E,8,-9900,?,9,-9900,?,9,0.001,E,8,-9900,?,9,-9900,?,9,0.01,99.0,E,8
04/07/2018,03:00,0.0,1363.992,0.0,1,8,0.0,1,8,0.0,1,8,0.0,1,8,0.0,1,8,0.0,1,8,-0.0,1,8,-9900,?,9,-9900,?,9,12.89,E,8,12.51,E,8,93.0,E,8,822.9788000000001,E,8,999.0,E,8,1.4,E,8,-9900,?,9,-9900,?,9,0.0,E,8,-9900,?,9,-9900,?,9,0.0,0.0,E,8
04/07/2018,04:00,0.0,1363.188,0.0,1,8,0.0,1,8,0.0,1,8,0.0,1,8,0.0,1,8,0.0,1,8,-0.0,1,8,-9900,?,9,-9900,?,9,12.63,E,8,12.29,E,8,93.0,E,8,822.9788000000001,E,8,999.0,E,8,1.7,E,8,-9900,?,9,-9900,?,9,0.0,E,8,-9900,?,9,-9900,?,9,0.0,0.0,E,8
04/07/2018,05:00,0.0,1363.188,0.0,1,8,0.0,1,8,0.0,1,8,0.0,1,8,0.0,1,8,0.0,1,8,-0.0,1,8,-9900,?,9,-9900,?,9,12.38,E,8,12.08,E,8,93.0,E,8,822.9788000000001,E,8,999.0,E,8,2.26,E,8,-9900,?,9,-9900,?,9,0.0,E,8,-9900,?,9,-9900,?,9,0.0,0.0,E,8
04/07/2018,06:00,0.0,1363.188,0.0,1,8,0.0,1,8,0.0,1,8,0.0,1,8,0.0,1,8,0.0,1,8,-0.0,1,8,-9900,?,9,-9900,?,9,12.19,E,8,11.92,E,8,93.0,E,8,822.9788000000001,E,8,999.0,E,8,1.66,E,8,-9900,?,9,-9900,?,9,0.0,E,8,-9900,?,9,-9900,?,9,0.0,0.0,E,8
04/07/2018,07:00,160.205,1363.188,0.0,1,8,0.0,1,8,0.0,1,8,0.0,1,8,0.0,1,8,0.0,1,8,0.0,1,8,-9900,?,9,-9900,?,9,12.02,E,8,11.77,E,8,93.0,E,8,822.9788000000001,E,8,999.0,E,8,1.28,E,8,-9900,?,9,-9900,?,9,0.0,E,8,-9900,?,9,-9900,?,9,0.0,0.0,E,8
04/07/2018,08:00,472.893,1363.188,48.65,1,8,0.0,1,8,48.65,1,8,5838.0,1,8,0.0,1,8,5351.5,1,8,44.735,1,8,-9900,?,9,-9900,?,9,11.85,E,8,11.62,E,8,93.0,E,8,822.9788000000001,E,8,999.0,E,8,1.47,E,8,-9900,?,9,-9900,?,9,0.0,E,8,-9900,?,9,-9900,?,9,0.0,0.0,E,8
04/07/2018,09:00,750.982,1363.188,134.56,1,8,1.931,1,8,133.497,1,8,16147.2,1,8,183.419,1,8,14684.679,1,8,77.186,1,8,-9900,?,9,-9900,?,9,14.26,E,8,13.61,E,8,92.0,E,8,822.9788000000001,E,8,999.0,E,8,1.03,E,8,-9900,?,9,-9900,?,9,0.0,E,8,-9900,?,9,-9900,?,9,0.0,0.0,E,8
04/07/2018,10:00,974.196,1363.188,120.21,1,8,0.238,1,8,120.04,1,8,14425.2,1,8,22.625,1,8,13204.383,1,8,53.482,1,8,-9900,?,9,-9900,?,9,14.52,E,8,13.82,E,8,92.0,E,8,822.9788000000001,E,8,999.0,E,8,2.55,E,8,-9900,?,9,-9900,?,9,0.0,E,8,-9900,?,9,-9900,?,9,0.0,0.0,E,8
04/07/2018,11:00,1127.138,1363.188,134.76,1,8,1.31,1,8,133.677,1,8,16171.2,1,8,124.463,1,8,14704.456,1,8,51.469,1,8,-9900,?,9,-9900,?,9,14.74,E,8,13.99,E,8,92.0,E,8,822.9788000000001,E,8,999.0,E,8,2.21,E,8,-9900,?,9,-9900,?,9,0.0,E,8,-9900,?,9,-9900,?,9,0.0,0.0,E,8
04/07/2018,12:00,1199.327,1363.188,257.52,1,8,4.462,1,8,253.595,1,8,30902.4,1,8,423.896,1,8,27895.409,1,8,91.758,1,8,-9900,?,9,-9900,?,9,15.52,E,8,14.57,E,8,91.0,E,8,822.9788000000001,E,8,999.0,E,8,1.06,E,8,-9900,?,9,-9900,?,9,0.0,E,8,-9900,?,9,-9900,?,9,0.0,0.0,E,8
04/07/2018,13:00,1185.823,1363.188,291.0,1,8,2.151,1,8,289.129,1,8,34920.0,1,8,204.376,1,8,31804.164,1,8,105.808,1,8,-9900,?,9,-9900,?,9,16.18,E,8,15.05,E,8,91.0,E,8,822.9788000000001,E,8,999.0,E,8,0.59,E,8,-9900,?,9,-9900,?,9,0.0,E,8,-9900,?,9,-9900,?,9,0.0,0.0,E,8
04/07/2018,14:00,1087.545,1363.188,327.65,1,8,2.984,1,8,325.27,1,8,39318.0,1,8,283.495,1,8,35779.662,1,8,129.8,1,8,-9900,?,9,-9900,?,9,16.8,E,8,15.49,E,8,93.0,E,8,822.9788000000001,E,8,999.0,E,8,0.59,E,8,-9900,?,9,-9900,?,9,0.004,E,8,-9900,?,9,-9900,?,9,0.04,99.0,E,8
04/07/2018,15:00,911.214,1363.188,290.38,1,8,35.515,1,8,266.649,1,8,34845.6,1,8,3373.926,1,8,29331.376,1,8,127.023,1,8,-9900,?,9,-9900,?,9,17.13,E,8,15.72,E,8,92.0,E,8,822.9788000000001,E,8,999.0,E,8,1.18,E,8,-9900,?,9,-9900,?,9,0.002,E,8,-9900,?,9,-9900,?,9,0.02,99.0,E,8
04/07/2018,16:00,668.916,1363.188,171.68,1,8,7.581,1,8,167.964,1,8,20601.6,1,8,720.169,1,8,18475.993,1,8,109.056,1,8,-9900,?,9,-9900,?,9,16.99,E,8,15.62,E,8,93.0,E,8,822.9788000000001,E,8,999.0,E,8,1.08,E,8,-9900,?,9,-9900,?,9,0.008,E,8,-9900,?,9,-9900,?,9,0.08,99.0,E,8
04/07/2018,17:00,377.456,1363.188,125.76,1,8,151.039,1,8,84.083,1,8,15091.2,1,8,14348.675,1,8,9249.171,1,8,96.996,1,8,-9900,?,9,-9900,?,9,16.67,E,8,15.4,E,8,93.0,E,8,822.9788000000001,E,8,999.0,E,8,1.33,E,8,-9900,?,9,-9900,?,9,0.026000000000000002,E,8,-9900,?,9,-9900,?,9,0.26,99.0,E,8
04/07/2018,18:00,60.608,1363.188,43.42,1,8,0.0,1,8,43.42,1,8,5210.4,1,8,0.0,1,8,4776.2,1,8,346.686,1,8,-9900,?,9,-9900,?,9,16.07,E,8,14.97,E,8,98.0,E,8,822.9788000000001,E,8,999.0,E,8,2.25,E,8,-9900,?,9,-9900,?,9,0.673,E,8,-9900,?,9,-9900,?,9,6.73,99.0,E,8
04/07/2018,19:00,0.0,1363.188,0.0,1,8,0.0,1,8,0.0,1,8,0.0,1,8,0.0,1,8,0.0,1,8,-0.0,1,8,-9900,?,9,-9900,?,9,15.48,E,8,14.54,E,8,94.0,E,8,822.9788000000001,E,8,999.0,E,8,3.7,E,8,-9900,?,9,-9900,?,9,0.017,E,8,-9900,?,9,-9900,?,9,0.17,99.0,E,8
04/07/2018,20:00,0.0,1363.188,0.0,1,8,0.0,1,8,0.0,1,8,0.0,1,8,0.0,1,8,0.0,1,8,-0.0,1,8,-9900,?,9,-9900,?,9,14.89,E,8,14.1,E,8,94.0,E,8,822.9788000000001,E,8,999.0,E,8,2.64,E,8,-9900,?,9,-9900,?,9,0.003,E,8,-9900,?,9,-9900,?,9,0.03,99.0,E,8
04/07/2018,21:00,0.0,1363.188,0.0,1,8,0.0,1,8,0.0,1,8,0.0,1,8,0.0,1,8,0.0,1,8,-0.0,1,8,-9900,?,9,-9900,?,9,14.3,E,8,13.65,E,8,92.0,E,8,822.9788000000001,E,8,999.0,E,8,3.69,E,8,-9900,?,9,-9900,?,9,0.0,E,8,-9900,?,9,-9900,?,9,0.0,0.0,E,8
04/07/2018,22:00,0.0,1363.188,0.0,1,8,0.0,1,8,0.0,1,8,0.0,1,8,0.0,1,8,0.0,1,8,-0.0,1,8,-9900,?,9,-9900,?,9,13.71,E,8,13.18,E,8,95.0,E,8,822.9788000000001,E,8,999.0,E,8,3.97,E,8,-9900,?,9,-9900,?,9,0.001,E,8,-9900,?,9,-9900,?,9,0.01,99.0,E,8
04/07/2018,23:00,0.0,1363.188,0.0,1,8,0.0,1,8,0.0,1,8,0.0,1,8,0.0,1,8,0.0,1,8,-0.0,1,8,-9900,?,9,-9900,?,9,13.12,E,8,12.7,E,8,95.0,E,8,822.9788000000001,E,8,999.0,E,8,1.94,E,8,-9900,?,9,-9900,?,9,0.012,E,8,-9900,?,9,-9900,?,9,0.12,99.0,E,8
04/07/2018,24:00,0.0,1363.188,0.0,1,8,0.0,1,8,0.0,1,8,0.0,1,8,0.0,1,8,0.0,1,8,-0.0,1,8,-9900,?,9,-9900,?,9,12.52,E,8,10.94,E,8,90.0,E,8,822.9788000000001,E,8,999.0,E,8,1.88,E,8,-9900,?,9,-9900,?,9,0.0,E,8,-9900,?,9,-9900,?,9,0.0,0.0,E,8
04/08/2018,01:00,0.0,1363.188,0.0,1,8,0.0,1,8,0.0,1,8,0.0,1,8,0.0,1,8,0.0,1,8,-0.0,1,8,-9900,?,9,-9900,?,9,12.23,E,8,10.81,E,8,91.0,E,8,822.9788000000001,E,8,999.0,E,8,2.36,E,8,-9900,?,9,-9900,?,9,0.0,E,8,-9900,?,9,-9900,?,9,0.0,0.0,E,8
04/08/2018,02:00,0.0,1363.188,0.0,1,8,0.0,1,8,0.0,1,8,0.0,1,8,0.0,1,8,0.0,1,8,-0.0,1,8,-9900,?,9,-9900,?,9,11.93,E,8,10.66,E,8,91.0,E,8,822.9788000000001,E,8,999.0,E,8,3.32,E,8,-9900,?,9,-9900,?,9,0.0,E,8,-9900,?,9,-9900,?,9,0.0,0.0,E,8
04/08/2018,03:00,0.0,1363.188,0.0,1,8,0.0,1,8,0.0,1,8,0.0,1,8,0.0,1,8,0.0,1,8,-0.0,1,8,-9900,?,9,-9900,?,9,11.64,E,8,10.52,E,8,92.0,E,8,822.9788000000001,E,8,999.0,E,8,3.97,E,8,-9900,?,9,-9900,?,9,0.0,E,8,-9900,?,9,-9900,?,9,0.0,0.0,E,8
04/08/2018,04:00,0.0,1362.387,0.0,1,8,0.0,1,8,0.0,1,8,0.0,1,8,0.0,1,8,0.0,1,8,-0.0,1,8,-9900,?,9,-9900,?,9,11.34,E,8,10.38,E,8,93.0,E,8,822.9788000000001,E,8,999.0,E,8,4.81,E,8,-9900,?,9,-9900,?,9,0.0,E,8,-9900,?,9,-9900,?,9,0.0,0.0,E,8
04/08/2018,05:00,0.0,1362.387,0.0,1,8,0.0,1,8,0.0,1,8,0.0,1,8,0.0,1,8,0.0,1,8,-0.0,1,8,-9900,?,9,-9900,?,9,11.05,E,8,10.23,E,8,94.0,E,8,822.9788000000001,E,8,999.0,E,8,4.39,E,8,-9900,?,9,-9900,?,9,0.0,E,8,-9900,?,9,-9900,?,9,0.0,0.0,E,8
04/08/2018,06:00,0.0,1362.387,0.0,1,8,0.0,1,8,0.0,1,8,0.0,1,8,0.0,1,8,0.0,1,8,-0.0,1,8,-9900,?,9,-9900,?,9,10.82,E,8,10.12,E,8,95.0,E,8,822.9788000000001,E,8,999.0,E,8,3.71,E,8,-9900,?,9,-9900,?,9,0.0,E,8,-9900,?,9,-9900,?,9,0.0,0.0,E,8
04/08/2018,07:00,158.3,1362.387,0.0,1,8,0.0,1,8,0.0,1,8,0.0,1,8,0.0,1,8,0.0,1,8,0.0,1,8,-9900,?,9,-9900,?,9,10.62,E,8,10.02,E,8,96.0,E,8,822.9788000000001,E,8,999.0,E,8,3.28,E,8,-9900,?,9,-9900,?,9,0.0,E,8,-9900,?,9,-9900,?,9,0.0,0.0,E,8
04/08/2018,08:00,470.408,1362.387,69.07,1,8,0.0,1,8,69.07,1,8,8288.4,1,8,0.0,1,8,7597.7,1,8,63.811,1,8,-9900,?,9,-9900,?,9,10.43,E,8,9.93,E,8,96.0,E,8,822.9788000000001,E,8,999.0,E,8,3.58,E,8,-9900,?,9,-9900,?,9,0.0,E,8,-9900,?,9,-9900,?,9,0.0,0.0,E,8
04/08/2018,09:00,747.891,1362.387,171.55,1,8,3.687,1,8,169.527,1,8,20586.0,1,8,350.254,1,8,18648.018,1,8,98.367,1,8,-9900,?,9,-9900,?,9,13.33,E,8,11.32,E,8,87.0,E,8,822.9788000000001,E,8,999.0,E,8,1.85,E,8,-9900,?,9,-9900,?,9,0.0,E,8,-9900,?,9,-9900,?,9,0.0,0.0,E,8
04/08/2018,10:00,970.497,1362.387,261.61,1,8,7.546,1,8,256.236,1,8,31393.2,1,8,716.827,1,8,28186.01,1,8,114.53,1,8,-9900,?,9,-9900,?,9,14.47,E,8,11.84,E,8,84.0,E,8,822.9788000000001,E,8,999.0,E,8,2.23,E,8,-9900,?,9,-9900,?,9,0.0,E,8,-9900,?,9,-9900,?,9,0.0,0.0,E,8
04/08/2018,11:00,1122.869,1362.387,329.77,1,8,12.36,1,8,319.584,1,8,39572.4,1,8,1174.239,1,8,35154.246,1,8,123.443,1,8,-9900,?,9,-9900,?,9,15.45,E,8,12.27,E,8,81.0,E,8,822.9788000000001,E,8,999.0,E,8,1.89,E,8,-9900,?,9,-9900,?,9,0.0,E,8,-9900,?,9,-9900,?,9,0.0,0.0,E,8
04/08/2018,12:00,1194.566,1362.387,370.65,1,8,18.562,1,8,354.376,1,8,44478.0,1,8,1763.416,1,8,38981.327,1,8,128.66,1,8,-9900,?,9,-9900,?,9,16.24,E,8,12.62,E,8,79.0,E,8,822.9788000000001,E,8,999.0,E,8,1.54,E,8,-9900,?,9,-9900,?,9,0.0,E,8,-9900,?,9,-9900,?,9,0.0,0.0,E,8
04/08/2018,13:00,1180.679,1362.387,381.2,1,8,20.604,1,8,363.345,1,8,45744.0,1,8,1957.415,1,8,39968.001,1,8,133.469,1,8,-9900,?,9,-9900,?,9,16.8,E,8,12.85,E,8,77.0,E,8,822.9788000000001,E,8,999.0,E,8,2.94,E,8,-9900,?,9,-9900,?,9,0.0,E,8,-9900,?,9,-9900,?,9,0.0,0.0,E,8
04/08/2018,14:00,1082.157,1362.387,360.68,1,8,17.669,1,8,346.648,1,8,43281.6,1,8,1678.536,1,8,38131.271,1,8,138.939,1,8,-9900,?,9,-9900,?,9,17.14,E,8,13.0,E,8,76.0,E,8,822.9788000000001,E,8,999.0,E,8,2.33,E,8,-9900,?,9,-9900,?,9,0.0,E,8,-9900,?,9,-9900,?,9,0.0,0.0,E,8
04/08/2018,15:00,905.735,1362.387,310.57,1,8,16.642,1,8,299.511,1,8,37268.4,1,8,1580.944,1,8,32946.164,1,8,143.457,1,8,-9900,?,9,-9900,?,9,17.23,E,8,13.03,E,8,76.0,E,8,822.9788000000001,E,8,999.0,E,8,1.86,E,8,-9900,?,9,-9900,?,9,0.0,E,8,-9900,?,9,-9900,?,9,0.0,0.0,E,8
04/08/2018,16:00,663.509,1362.387,234.62,1,8,27.084,1,8,221.442,1,8,28154.4,1,8,2572.974,1,8,24358.62,1,8,144.868,1,8,-9900,?,9,-9900,?,9,17.02,E,8,12.95,E,8,76.0,E,8,822.9788000000001,E,8,999.0,E,8,1.55,E,8,-9900,?,9,-9900,?,9,0.0,E,8,-9900,?,9,-9900,?,9,0.0,0.0,E,8
04/08/2018,17:00,372.286,1362.387,139.16,1,8,121.921,1,8,105.962,1,8,16699.2,1,8,11582.541,1,8,11655.861,1,8,123.873,1,8,-9900,?,9,-9900,?,9,16.45,E,8,12.71,E,8,78.0,E,8,822.9788000000001,E,8,999.0,E,8,0.73,E,8,-9900,?,9,-9900,?,9,0.0,E,8,-9900,?,9,-9900,?,9,0.0,0.0,E,8
04/08/2018,18:00,56.072,1362.387,37.11,1,8,0.0,1,8,37.11,1,8,4453.2,1,8,0.0,1,8,4082.1,1,8,324.972,1,8,-9900,?,9,-9900,?,9,15.61,E,8,12.34,E,8,80.0,E,8,822.9788000000001,E,8,999.0,E,8,0.84,E,8,-9900,?,9,-9900,?,9,0.0,E,8,-9900,?,9,-9900,?,9,0.0,0.0,E,8
04/08/2018,19:00,0.0,1362.387,0.0,1,8,0.0,1,8,0.0,1,8,0.0,1,8,0.0,1,8,0.0,1,8,-0.0,1,8,-9900,?,9,-9900,?,9,15.07,E,8,12.11,E,8,82.0,E,8,822.9788000000001,E,8,999.0,E,8,1.0,E,8,-9900,?,9,-9900,?,9,0.0,E,8,-9900,?,9,-9900,?,9,0.0,0.0,E,8
04/08/2018,20:00,0.0,1362.387,0.0,1,8,0.0,1,8,0.0,1,8,0.0,1,8,0.0,1,8,0.0,1,8,-0.0,1,8,-9900,?,9,-9900,?,9,14.53,E,8,11.87,E,8,84.0,E,8,822.9788000000001,E,8,999.0,E,8,2.34,E,8,-9900,?,9,-9900,?,9,0.0,E,8,-9900,?,9,-9900,?,9,0.0,0.0,E,8
04/08/2018,21:00,0.0,1362.387,0.0,1,8,0.0,1,8,0.0,1,8,0.0,1,8,0.0,1,8,0.0,1,8,-0.0,1,8,-9900,?,9,-9900,?,9,13.98,E,8,11.62,E,8,85.0,E,8,822.9788000000001,E,8,999.0,E,8,4.03,E,8,-9900,?,9,-9900,?,9,0.0,E,8,-9900,?,9,-9900,?,9,0.0,0.0,E,8
04/08/2018,22:00,0.0,1362.387,0.0,1,8,0.0,1,8,0.0,1,8,0.0,1,8,0.0,1,8,0.0,1,8,-0.0,1,8,-9900,?,9,-9900,?,9,13.44,E,8,11.37,E,8,87.0,E,8,822.9788000000001,E,8,999.0,E,8,3.6,E,8,-9900,?,9,-9900,?,9,0.0,E,8,-9900,?,9,-9900,?,9,0.0,0.0,E,8
04/08/2018,23:00,0.0,1362.387,0.0,1,8,0.0,1,8,0.0,1,8,0.0,1,8,0.0,1,8,0.0,1,8,-0.0,1,8,-9900,?,9,-9900,?,9,12.9,E,8,11.12,E,8,88.0,E,8,822.9788000000001,E,8,999.0,E,8,2.35,E,8,-9900,?,9,-9900,?,9,0.0,E,8,-9900,?,9,-9900,?,9,0.0,0.0,E,8
04/08/2018,24:00,0.0,1362.387,0.0,1,8,0.0,1,8,0.0,1,8,0.0,1,8,0.0,1,8,0.0,1,8,-0.0,1,8,-9900,?,9,-9900,?,9,12.36,E,8,11.37,E,8,93.0,E,8,822.9788000000001,E,8,999.0,E,8,0.38,E,8,-9900,?,9,-9900,?,9,0.0,E,8,-9900,?,9,-9900,?,9,0.0,0.0,E,8
04/09/2018,01:00,0.0,1362.387,0.0,1,8,0.0,1,8,0.0,1,8,0.0,1,8,0.0,1,8,0.0,1,8,-0.0,1,8,-9900,?,9,-9900,?,9,12.09,E,8,11.21,E,8,94.0,E,8,822.9788000000001,E,8,999.0,E,8,0.19,E,8,-9900,?,9,-9900,?,9,0.0,E,8,-9900,?,9,-9900,?,9,0.0,0.0,E,8
04/09/2018,02:00,0.0,1362.387,0.0,1,8,0.0,1,8,0.0,1,8,0.0,1,8,0.0,1,8,0.0,1,8,-0.0,1,8,-9900,?,9,-9900,?,9,11.81,E,8,11.05,E,8,95.0,E,8,822.9788000000001,E,8,999.0,E,8,0.17,E,8,-9900,?,9,-9900,?,9,0.0,E,8,-9900,?,9,-9900,?,9,0.0,0.0,E,8
04/09/2018,03:00,0.0,1362.387,0.0,1,8,0.0,1,8,0.0,1,8,0.0,1,8,0.0,1,8,0.0,1,8,-0.0,1,8,-9900,?,9,-9900,?,9,11.54,E,8,10.9,E,8,95.0,E,8,822.9788000000001,E,8,999.0,E,8,0.16,E,8,-9900,?,9,-9900,?,9,0.0,E,8,-9900,?,9,-9900,?,9,0.0,0.0,E,8
04/09/2018,04:00,0.0,1361.587,0.0,1,8,0.0,1,8,0.0,1,8,0.0,1,8,0.0,1,8,0.0,1,8,-0.0,1,8,-9900,?,9,-9900,?,9,11.27,E,8,10.74,E,8,96.0,E,8,822.9788000000001,E,8,999.0,E,8,0.25,E,8,-9900,?,9,-9900,?,9,0.0,E,8,-9900,?,9,-9900,?,9,0.0,0.0,E,8
04/09/2018,05:00,0.0,1361.587,0.0,1,8,0.0,1,8,0.0,1,8,0.0,1,8,0.0,1,8,0.0,1,8,-0.0,1,8,-9900,?,9,-9900,?,9,11.0,E,8,10.58,E,8,97.0,E,8,822.9788000000001,E,8,999.0,E,8,0.18,E,8,-9900,?,9,-9900,?,9,0.0,E,8,-9900,?,9,-9900,?,9,0.0,0.0,E,8
04/09/2018,06:00,0.0,1361.587,0.0,1,8,0.0,1,8,0.0,1,8,0.0,1,8,0.0,1,8,0.0,1,8,-0.0,1,8,-9900,?,9,-9900,?,9,10.79,E,8,10.45,E,8,97.0,E,8,822.9788000000001,E,8,999.0,E,8,0.16,E,8,-9900,?,9,-9900,?,9,0.0,E,8,-9900,?,9,-9900,?,9,0.0,0.0,E,8
04/09/2018,07:00,156.384,1361.587,0.0,1,8,0.0,1,8,0.0,1,8,0.0,1,8,0.0,1,8,0.0,1,8,0.0,1,8,-9900,?,9,-9900,?,9,10.61,E,8,10.35,E,8,98.0,E,8,822.9788000000001,E,8,999.0,E,8,0.17,E,8,-9900,?,9,-9900,?,9,0.0,E,8,-9900,?,9,-9900,?,9,0.0,0.0,E,8
04/09/2018,08:00,467.901,1361.587,82.43,1,8,0.0,1,8,82.43,1,8,9891.6,1,8,0.0,1,8,9067.3,1,8,76.519,1,8,-9900,?,9,-9900,?,9,10.43,E,8,10.24,E,8,98.0,E,8,822.9788000000001,E,8,999.0,E,8,0.16,E,8,-9900,?,9,-9900,?,9,0.0,E,8,-9900,?,9,-9900,?,9,0.0,0.0,E,8
04/09/2018,09:00,744.772,1361.587,205.57,1,8,8.545,1,8,200.899,1,8,24668.4,1,8,811.771,1,8,22098.914,1,8,116.99,1,8,-9900,?,9,-9900,?,9,13.53,E,8,12.01,E,8,90.0,E,8,822.9788000000001,E,8,999.0,E,8,0.41,E,8,-9900,?,9,-9900,?,9,0.0,E,8,-9900,?,9,-9900,?,9,0.0,0.0,E,8
04/09/2018,10:00,966.768,1361.587,313.76,1,8,13.144,1,8,304.43,1,8,37651.2,1,8,1248.645,1,8,33487.336,1,8,136.517,1,8,-9900,?,9,-9900,?,9,14.74,E,8,12.66,E,8,87.0,E,8,822.9788000000001,E,8,999.0,E,8,1.04,E,8,-9900,?,9,-9900,?,9,0.0,E,8,-9900,?,9,-9900,?,9,0.0,0.0,E,8
04/09/2018,11:00,1118.571,1361.587,395.59,1,8,21.09,1,8,378.267,1,8,47470.8,1,8,2003.506,1,8,41609.368,1,8,146.586,1,8,-9900,?,9,-9900,?,9,15.79,E,8,13.2,E,8,84.0,E,8,822.9788000000001,E,8,999.0,E,8,1.64,E,8,-9900,?,9,-9900,?,9,0.0,E,8,-9900,?,9,-9900,?,9,0.0,0.0,E,8
04/09/2018,12:00,1189.778,1361.587,444.58,1,8,24.453,1,8,423.214,1,8,53349.6,1,8,2323.051,1,8,46553.578,1,8,154.18,1,8,-9900,?,9,-9900,?,9,16.63,E,8,13.62,E,8,82.0,E,8,822.9788000000001,E,8,999.0,E,8,2.9,E,8,-9900,?,9,-9900,?,9,0.0,E,8,-9900,?,9,-9900,?,9,0.0,0.0,E,8
04/09/2018,13:00,1175.518,1361.587,457.11,1,8,28.554,1,8,432.46,1,8,54853.2,1,8,2712.647,1,8,47570.645,1,8,159.462,1,8,-9900,?,9,-9900,?,9,17.24,E,8,13.92,E,8,80.0,E,8,822.9788000000001,E,8,999.0,E,8,4.31,E,8,-9900,?,9,-9900,?,9,0.0,E,8,-9900,?,9,-9900,?,9,0.0,0.0,E,8
04/09/2018,14:00,1076.761,1361.587,432.26,1,8,88.025,1,8,362.661,1,8,51871.2,1,8,8362.401,1,8,39892.68,1,8,146.0,1,8,-9900,?,9,-9900,?,9,17.59,E,8,14.08,E,8,79.0,E,8,822.9788000000001,E,8,999.0,E,8,5.11,E,8,-9900,?,9,-9900,?,9,0.0,E,8,-9900,?,9,-9900,?,9,0.0,0.0,E,8
04/09/2018,15:00,900.261,1361.587,371.84,1,8,74.097,1,8,322.867,1,8,44620.8,1,8,7039.172,1,8,35515.368,1,8,155.494,1,8,-9900,?,9,-9900,?,9,17.7,E,8,14.13,E,8,79.0,E,8,822.9788000000001,E,8,999.0,E,8,4.93,E,8,-9900,?,9,-9900,?,9,0.0,E,8,-9900,?,9,-9900,?,9,0.0,0.0,E,8
04/09/2018,16:00,658.122,1361.587,280.38,1,8,106.224,1,8,229.086,1,8,33645.6,1,8,10091.245,1,8,25199.479,1,8,151.01,1,8,-9900,?,9,-9900,?,9,17.46,E,8,14.02,E,8,80.0,E,8,822.9788000000001,E,8,999.0,E,8,4.64,E,8,-9900,?,9,-9900,?,9,0.0,E,8,-9900,?,9,-9900,?,9,0.0,0.0,E,8
04/09/2018,17:00,367.149,1361.587,165.51,1,8,261.765,1,8,95.184,1,8,19861.2,1,8,24867.693,1,8,10470.238,1,8,112.774,1,8,-9900,?,9,-9900,?,9,16.86,E,8,13.73,E,8,81.0,E,8,822.9788000000001,E,8,999.0,E,8,3.91,E,8,-9900,?,9,-9900,?,9,0.0,E,8,-9900,?,9,-9900,?,9,0.0,0.0,E,8
04/09/2018,18:00,51.604,1361.587,43.04,1,8,0.0,1,8,43.04,1,8,5164.8,1,8,0.0,1,8,4734.4,1,8,416.884,1,8,-9900,?,9,-9900,?,9,15.95,E,8,13.28,E,8,84.0,E,8,822.9788000000001,E,8,999.0,E,8,1.91,E,8,-9900,?,9,-9900,?,9,0.0,E,8,-9900,?,9,-9900,?,9,0.0,0.0,E,8
04/09/2018,19:00,0.0,1361.587,0.0,1,8,0.0,1,8,0.0,1,8,0.0,1,8,0.0,1,8,0.0,1,8,-0.0,1,8,-9900,?,9,-9900,?,9,15.37,E,8,12.98,E,8,85.0,E,8,822.9788000000001,E,8,999.0,E,8,1.32,E,8,-9900,?,9,-9900,?,9,0.0,E,8,-9900,?,9,-9900,?,9,0.0,0.0,E,8
04/09/2018,20:00,0.0,1361.587,0.0,1,8,0.0,1,8,0.0,1,8,0.0,1,8,0.0,1,8,0.0,1,8,-0.0,1,8,-9900,?,9,-9900,?,9,14.79,E,8,12.68,E,8,87.0,E,8,822.9788000000001,E,8,999.0,E,8,0.53,E,8,-9900,?,9,-9900,?,9,0.0,E,8,-9900,?,9,-9900,?,9,0.0,0.0,E,8
04/09/2018,21:00,0.0,1361.587,0.0,1,8,0.0,1,8,0.0,1,8,0.0,1,8,0.0,1,8,0.0,1,8,-0.0,1,8,-9900,?,9,-9900,?,9,14.22,E,8,12.38,E,8,88.0,E,8,822.9788000000001,E,8,999.0,E,8,0.33,E,8,-9900,?,9,-9900,?,9,0.0,E,8,-9900,?,9,-9900,?,9,0.0,0.0,E,8
04/09/2018,22:00,0.0,1361.587,0.0,1,8,0.0,1,8,0.0,1,8,0.0,1,8,0.0,1,8,0.0,1,8,-0.0,1,8,-9900,?,9,-9900,?,9,13.64,E,8,12.07,E,8,90.0,E,8,822.9788000000001,E,8,999.0,E,8,0.37,E,8,-9900,?,9,-9900,?,9,0.0,E,8,-9900,?,9,-9900,?,9,0.0,0.0,E,8
04/09/2018,23:00,0.0,1361.587,0.0,1,8,0.0,1,8,0.0,1,8,0.0,1,8,0.0,1,8,0.0,1,8,-0.0,1,8,-9900,?,9,-9900,?,9,13.06,E,8,11.76,E,8,91.0,E,8,822.9788000000001,E,8,999.0,E,8,0.39,E,8,-9900,?,9,-9900,?,9,0.0,E,8,-9900,?,9,-9900,?,9,0.0,0.0,E,8
04/09/2018,24:00,0.0,1361.587,0.0,1,8,0.0,1,8,0.0,1,8,0.0,1,8,0.0,1,8,0.0,1,8,-0.0,1,8,-9900,?,9,-9900,?,9,12.48,E,8,11.47,E,8,93.0,E,8,822.9788000000001,E,8,999.0,E,8,3.07,E,8,-9900,?,9,-9900,?,9,0.0,E,8,-9900,?,9,-9900,?,9,0.0,0.0,E,8
04/10/2018,01:00,0.0,1361.587,0.0,1,8,0.0,1,8,0.0,1,8,0.0,1,8,0.0,1,8,0.0,1,8,-0.0,1,8,-9900,?,9,-9900,?,9,12.19,E,8,11.33,E,8,94.0,E,8,822.9788000000001,E,8,999.0,E,8,1.84,E,8,-9900,?,9,-9900,?,9,0.0,E,8,-9900,?,9,-9900,?,9,0.0,0.0,E,8
04/10/2018,02:00,0.0,1361.587,0.0,1,8,0.0,1,8,0.0,1,8,0.0,1,8,0.0,1,8,0.0,1,8,-0.0,1,8,-9900,?,9,-9900,?,9,11.91,E,8,11.19,E,8,95.0,E,8,822.9788000000001,E,8,999.0,E,8,3.25,E,8,-9900,?,9,-9900,?,9,0.0,E,8,-9900,?,9,-9900,?,9,0.0,0.0,E,8
04/10/2018,03:00,0.0,1361.587,0.0,1,8,0.0,1,8,0.0,1,8,0.0,1,8,0.0,1,8,0.0,1,8,-0.0,1,8,-9900,?,9,-9900,?,9,11.62,E,8,11.04,E,8,96.0,E,8,822.9788000000001,E,8,999.0,E,8,4.67,E,8,-9900,?,9,-9900,?,9,0.0,E,8,-9900,?,9,-9900,?,9,0.0,0.0,E,8
04/10/2018,04:00,0.0,1360.79,0.0,1,8,0.0,1,8,0.0,1,8,0.0,1,8,0.0,1,8,0.0,1,8,-0.0,1,8,-9900,?,9,-9900,?,9,11.33,E,8,10.89,E,8,97.0,E,8,822.9788000000001,E,8,999.0,E,8,3.22,E,8,-9900,?,9,-9900,?,9,0.0,E,8,-9900,?,9,-9900,?,9,0.0,0.0,E,8
04/10/2018,05:00,0.0,1360.79,0.0,1,8,0.0,1,8,0.0,1,8,0.0,1,8,0.0,1,8,0.0,1,8,-0.0,1,8,-9900,?,9,-9900,?,9,11.04,E,8,10.74,E,8,98.0,E,8,822.9788000000001,E,8,999.0,E,8,3.51,E,8,-9900,?,9,-9900,?,9,0.0,E,8,-9900,?,9,-9900,?,9,0.0,0.0,E,8
04/10/2018,06:00,0.0,1360.79,0.0,1,8,0.0,1,8,0.0,1,8,0.0,1,8,0.0,1,8,0.0,1,8,-0.0,1,8,-9900,?,9,-9900,?,9,10.82,E,8,10.63,E,8,98.0,E,8,822.9788000000001,E,8,999.0,E,8,4.06,E,8,-9900,?,9,-9900,?,9,0.0,E,8,-9900,?,9,-9900,?,9,0.0,0.0,E,8
04/10/2018,07:00,154.456,1360.79,0.0,1,8,0.0,1,8,0.0,1,8,0.0,1,8,0.0,1,8,0.0,1,8,0.0,1,8,-9900,?,9,-9900,?,9,10.62,E,8,10.53,E,8,99.0,E,8,822.9788000000001,E,8,999.0,E,8,4.91,E,8,-9900,?,9,-9900,?,9,0.0,E,8,-9900,?,9,-9900,?,9,0.0,0.0,E,8
04/10/2018,08:00,465.372,1360.79,61.86,1,8,0.0,1,8,61.86,1,8,7423.2,1,8,0.0,1,8,6804.6,1,8,57.703,1,8,-9900,?,9,-9900,?,9,10.43,E,8,10.43,E,8,99.0,E,8,822.9788000000001,E,8,999.0,E,8,7.09,E,8,-9900,?,9,-9900,?,9,0.0,E,8,-9900,?,9,-9900,?,9,0.0,0.0,E,8
04/10/2018,09:00,741.626,1360.79,154.9,1,8,10.138,1,8,149.378,1,8,18588.0,1,8,963.156,1,8,16431.623,1,8,87.306,1,8,-9900,?,9,-9900,?,9,13.33,E,8,11.88,E,8,90.0,E,8,822.9788000000001,E,8,999.0,E,8,4.75,E,8,-9900,?,9,-9900,?,9,0.0,E,8,-9900,?,9,-9900,?,9,0.0,0.0,E,8
04/10/2018,10:00,963.008,1360.79,236.64,1,8,6.072,1,8,232.344,1,8,28396.8,1,8,576.848,1,8,25557.856,1,8,104.537,1,8,-9900,?,9,-9900,?,9,14.47,E,8,12.42,E,8,87.0,E,8,822.9788000000001,E,8,999.0,E,8,5.68,E,8,-9900,?,9,-9900,?,9,0.0,E,8,-9900,?,9,-9900,?,9,0.0,0.0,E,8
04/10/2018,11:00,1114.244,1360.79,298.43,1,8,10.271,1,8,290.021,1,8,35811.6,1,8,975.788,1,8,31902.28,1,8,112.759,1,8,-9900,?,9,-9900,?,9,15.46,E,8,12.88,E,8,84.0,E,8,822.9788000000001,E,8,999.0,E,8,2.9,E,8,-9900,?,9,-9900,?,9,0.0,E,8,-9900,?,9,-9900,?,9,0.0,0.0,E,8
04/10/2018,12:00,1184.968,1360.79,335.37,1,8,15.332,1,8,322.02,1,8,40244.4,1,8,1456.516,1,8,35422.25,1,8,117.722,1,8,-9900,?,9,-9900,?,9,16.25,E,8,13.23,E,8,82.0,E,8,822.9788000000001,E,8,999.0,E,8,3.11,E,8,-9900,?,9,-9900,?,9,0.0,E,8,-9900,?,9,-9900,?,9,0.0,0.0,E,8
04/10/2018,13:00,1170.341,1360.79,344.71,1,8,16.535,1,8,330.491,1,8,41365.2,1,8,1570.794,1,8,36354.0,1,8,122.33,1,8,-9900,?,9,-9900,?,9,16.81,E,8,13.48,E,8,80.0,E,8,822.9788000000001,E,8,999.0,E,8,2.64,E,8,-9900,?,9,-9900,?,9,0.0,E,8,-9900,?,9,-9900,?,9,0.0,0.0,E,8
04/10/2018,14:00,1071.361,1360.79,325.79,1,8,17.936,1,8,311.671,1,8,39094.8,1,8,1703.958,1,8,34283.818,1,8,126.032,1,8,-9900,?,9,-9900,?,9,17.15,E,8,13.62,E,8,79.0,E,8,822.9788000000001,E,8,999.0,E,8,1.67,E,8,-9900,?,9,-9900,?,9,0.0,E,8,-9900,?,9,-9900,?,9,0.0,0.0,E,8
04/10/2018,15:00,894.797,1360.79,279.98,1,8,11.872,1,8,272.176,1,8,33597.6,1,8,1127.854,1,8,29939.403,1,8,131.806,1,8,-9900,?,9,-9900,?,9,17.24,E,8,13.66,E,8,79.0,E,8,822.9788000000001,E,8,999.0,E,8,2.56,E,8,-9900,?,9,-9900,?,9,0.0,E,8,-9900,?,9,-9900,?,9,0.0,0.0,E,8
04/10/2018,16:00,652.757,1360.79,210.71,1,8,17.997,1,8,202.085,1,8,25285.2,1,8,1709.733,1,8,22229.391,1,8,134.23,1,8,-9900,?,9,-9900,?,9,17.02,E,8,13.57,E,8,80.0,E,8,822.9788000000001,E,8,999.0,E,8,2.59,E,8,-9900,?,9,-9900,?,9,0.0,E,8,-9900,?,9,-9900,?,9,0.0,0.0,E,8
04/10/2018,17:00,362.05,1360.79,123.8,1,8,67.178,1,8,105.994,1,8,14856.0,1,8,6381.892,1,8,11659.348,1,8,127.29,1,8,-9900,?,9,-9900,?,9,16.45,E,8,13.32,E,8,81.0,E,8,822.9788000000001,E,8,999.0,E,8,1.66,E,8,-9900,?,9,-9900,?,9,0.0,E,8,-9900,?,9,-9900,?,9,0.0,0.0,E,8
04/10/2018,18:00,47.208,1360.79,31.37,1,8,0.0,1,8,31.37,1,8,3764.4,1,8,0.0,1,8,3450.7,1,8,339.53,1,8,-9900,?,9,-9900,?,9,15.6,E,8,12.94,E,8,84.0,E,8,822.9788000000001,E,8,999.0,E,8,0.67,E,8,-9900,?,9,-9900,?,9,0.0,E,8,-9900,?,9,-9900,?,9,0.0,0.0,E,8
04/10/2018,19:00,0.0,1360.79,0.0,1,8,0.0,1,8,0.0,1,8,0.0,1,8,0.0,1,8,0.0,1,8,-0.0,1,8,-9900,?,9,-9900,?,9,14.99,E,8,12.66,E,8,85.0,E,8,822.9788000000001,E,8,999.0,E,8,0.67,E,8,-9900,?,9,-9900,?,9,0.0,E,8,-9900,?,9,-9900,?,9,0.0,0.0,E,8
04/10/2018,20:00,0.0,1360.79,0.0,1,8,0.0,1,8,0.0,1,8,0.0,1,8,0.0,1,8,0.0,1,8,-0.0,1,8,-9900,?,9,-9900,?,9,14.38,E,8,12.38,E,8,87.0,E,8,822.9788000000001,E,8,999.0,E,8,0.67,E,8,-9900,?,9,-9900,?,9,0.0,E,8,-9900,?,9,-9900,?,9,0.0,0.0,E,8
04/10/2018,21:00,0.0,1360.79,0.0,1,8,0.0,1,8,0.0,1,8,0.0,1,8,0.0,1,8,0.0,1,8,-0.0,1,8,-9900,?,9,-9900,?,9,13.76,E,8,12.09,E,8,89.0,E,8,822.9788000000001,E,8,999.0,E,8,0.67,E,8,-9900,?,9,-9900,?,9,0.0,E,8,-9900,?,9,-9900,?,9,0.0,0.0,E,8
04/10/2018,22:00,0.0,1360.79,0.0,1,8,0.0,1,8,0.0,1,8,0.0,1,8,0.0,1,8,0.0,1,8,-0.0,1,8,-9900,?,9,-9900,?,9,13.15,E,8,11.8,E,8,91.0,E,8,822.9788000000001,E,8,999.0,E,8,0.67,E,8,-9900,?,9,-9900,?,9,0.0,E,8,-9900,?,9,-9900,?,9,0.0,0.0,E,8
04/10/2018,23:00,0.0,1360.79,0.0,1,8,0.0,1,8,0.0,1,8,0.0,1,8,0.0,1,8,0.0,1,8,-0.0,1,8,-9900,?,9,-9900,?,9,12.54,E,8,11.5,E,8,93.0,E,8,822.9788000000001,E,8,999.0,E,8,0.67,E,8,-9900,?,9,-9900,?,9,0.0,E,8,-9900,?,9,-9900,?,9,0.0,0.0,E,8
04/10/2018,24:00,0.0,1360.79,0.0,1,8,0.0,1,8,0.0,1,8,0.0,1,8,0.0,1,8,0.0,1,8,-0.0,1,8,-9900,?,9,-9900,?,9,11.93,E,8,9.56,E,8,85.0,E,8,822.9788000000001,E,8,999.0,E,8,0.61,E,8,-9900,?,9,-9900,?,9,0.0,E,8,-9900,?,9,-9900,?,9,0.0,0.0,E,8
04/11/2018,01:00,0.0,1360.79,0.0,1,8,0.0,1,8,0.0,1,8,0.0,1,8,0.0,1,8,0.0,1,8,-0.0,1,8,-9900,?,9,-9900,?,9,11.62,E,8,9.59,E,8,92.0,E,8,822.9788000000001,E,8,999.0,E,8,0.61,E,8,-9900,?,9,-9900,?,9,0.002,E,8,-9900,?,9,-9900,?,9,0.02,99.0,E,8
04/11/2018,02:00,0.0,1360.79,0.0,1,8,0.0,1,8,0.0,1,8,0.0,1,8,0.0,1,8,0.0,1,8,-0.0,1,8,-9900,?,9,-9900,?,9,11.31,E,8,9.61,E,8,89.0,E,8,822.9788000000001,E,8,999.0,E,8,0.61,E,8,-9900,?,9,-9900,?,9,0.0,E,8,-9900,?,9,-9900,?,9,0.0,0.0,E,8
04/11/2018,03:00,0.0,1360.79,0.0,1,8,0.0,1,8,0.0,1,8,0.0,1,8,0.0,1,8,0.0,1,8,-0.0,1,8,-9900,?,9,-9900,?,9,11.01,E,8,9.64,E,8,91.0,E,8,822.9788000000001,E,8,999.0,E,8,0.61,E,8,-9900,?,9,-9900,?,9,0.0,E,8,-9900,?,9,-9900,?,9,0.0,0.0,E,8
04/11/2018,04:00,0.0,1359.995,0.0,1,8,0.0,1,8,0.0,1,8,0.0,1,8,0.0,1,8,0.0,1,8,-0.0,1,8,-9900,?,9,-9900,?,9,10.7,E,8,9.67,E,8,93.0,E,8,822.9788000000001,E,8,999.0,E,8,0.61,E,8,-9900,?,9,-9900,?,9,0.0,E,8,-9900,?,9,-9900,?,9,0.0,0.0,E,8
04/11/2018,05:00,0.0,1359.995,0.0,1,8,0.0,1,8,0.0,1,8,0.0,1,8,0.0,1,8,0.0,1,8,-0.0,1,8,-9900,?,9,-9900,?,9,10.39,E,8,9.69,E,8,95.0,E,8,822.9788000000001,E,8,999.0,E,8,0.61,E,8,-9900,?,9,-9900,?,9,0.0,E,8,-9900,?,9,-9900,?,9,0.0,0.0,E,8
04/11/2018,06:00,0.0,1359.995,0.0,1,8,0.0,1,8,0.0,1,8,0.0,1,8,0.0,1,8,0.0,1,8,-0.0,1,8,-9900,?,9,-9900,?,9,10.16,E,8,9.71,E,8,97.0,E,8,822.9788000000001,E,8,999.0,E,8,0.61,E,8,-9900,?,9,-9900,?,9,0.0,E,8,-9900,?,9,-9900,?,9,0.0,0.0,E,8
04/11/2018,07:00,152.517,1359.995,0.0,1,8,0.0,1,8,0.0,1,8,0.0,1,8,0.0,1,8,0.0,1,8,0.0,1,8,-9900,?,9,-9900,?,9,9.96,E,8,9.73,E,8,98.0,E,8,822.9788000000001,E,8,999.0,E,8,0.61,E,8,-9900,?,9,-9900,?,9,0.0,E,8,-9900,?,9,-9900,?,9,0.0,0.0,E,8
04/11/2018,08:00,462.823,1359.995,72.3,1,8,0.0,1,8,72.3,1,8,8676.0,1,8,0.0,1,8,7953.0,1,8,67.775,1,8,-9900,?,9,-9900,?,9,9.75,E,8,9.75,E,8,99.0,E,8,822.9788000000001,E,8,999.0,E,8,0.61,E,8,-9900,?,9,-9900,?,9,0.0,E,8,-9900,?,9,-9900,?,9,0.0,0.0,E,8
04/11/2018,09:00,738.453,1359.995,181.81,1,8,2.082,1,8,180.68,1,8,21817.2,1,8,197.821,1,8,19874.814,1,8,105.993,1,8,-9900,?,9,-9900,?,9,13.08,E,8,9.46,E,8,78.0,E,8,822.9788000000001,E,8,999.0,E,8,0.61,E,8,-9900,?,9,-9900,?,9,0.0,E,8,-9900,?,9,-9900,?,9,0.0,0.0,E,8
04/11/2018,10:00,959.221,1359.995,278.01,1,8,5.919,1,8,273.836,1,8,33361.2,1,8,562.334,1,8,30121.991,1,8,123.62,1,8,-9900,?,9,-9900,?,9,14.4,E,8,9.34,E,8,71.0,E,8,822.9788000000001,E,8,999.0,E,8,0.61,E,8,-9900,?,9,-9900,?,9,0.0,E,8,-9900,?,9,-9900,?,9,0.0,0.0,E,8
04/11/2018,11:00,1109.89,1359.995,350.68,1,8,6.206,1,8,345.616,1,8,42081.6,1,8,589.6,1,8,38017.736,1,8,134.823,1,8,-9900,?,9,-9900,?,9,15.53,E,8,9.24,E,8,66.0,E,8,822.9788000000001,E,8,999.0,E,8,0.61,E,8,-9900,?,9,-9900,?,9,0.0,E,8,-9900,?,9,-9900,?,9,0.0,0.0,E,8
04/11/2018,12:00,1180.136,1359.995,394.05,1,8,9.686,1,8,385.646,1,8,47286.0,1,8,920.18,1,8,42421.026,1,8,141.477,1,8,-9900,?,9,-9900,?,9,16.44,E,8,9.16,E,8,62.0,E,8,822.9788000000001,E,8,999.0,E,8,0.61,E,8,-9900,?,9,-9900,?,9,0.0,E,8,-9900,?,9,-9900,?,9,0.0,0.0,E,8
04/11/2018,13:00,1165.151,1359.995,404.91,1,8,11.03,1,8,395.461,1,8,48589.2,1,8,1047.827,1,8,43500.76,1,8,146.945,1,8,-9900,?,9,-9900,?,9,17.09,E,8,9.11,E,8,59.0,E,8,822.9788000000001,E,8,999.0,E,8,0.61,E,8,-9900,?,9,-9900,?,9,0.0,E,8,-9900,?,9,-9900,?,9,0.0,0.0,E,8
04/11/2018,14:00,1065.959,1359.995,382.48,1,8,9.552,1,8,374.995,1,8,45897.6,1,8,907.416,1,8,41249.423,1,8,152.318,1,8,-9900,?,9,-9900,?,9,17.47,E,8,9.07,E,8,57.0,E,8,822.9788000000001,E,8,999.0,E,8,0.61,E,8,-9900,?,9,-9900,?,9,0.0,E,8,-9900,?,9,-9900,?,9,0.0,0.0,E,8
04/11/2018,15:00,889.344,1359.995,328.37,1,8,14.546,1,8,318.862,1,8,39404.4,1,8,1381.877,1,8,35074.776,1,8,155.271,1,8,-9900,?,9,-9900,?,9,17.58,E,8,9.06,E,8,57.0,E,8,822.9788000000001,E,8,999.0,E,8,0.61,E,8,-9900,?,9,-9900,?,9,0.0,E,8,-9900,?,9,-9900,?,9,0.0,0.0,E,8
04/11/2018,16:00,647.418,1359.995,246.67,1,8,65.487,1,8,215.526,1,8,29600.4,1,8,6221.295,1,8,23707.885,1,8,144.257,1,8,-9900,?,9,-9900,?,9,17.32,E,8,9.09,E,8,58.0,E,8,822.9788000000001,E,8,999.0,E,8,0.61,E,8,-9900,?,9,-9900,?,9,0.0,E,8,-9900,?,9,-9900,?,9,0.0,0.0,E,8
04/11/2018,17:00,356.991,1359.995,144.23,1,8,147.319,1,8,105.709,1,8,17307.6,1,8,13995.292,1,8,11628.044,1,8,128.686,1,8,-9900,?,9,-9900,?,9,16.66,E,8,9.14,E,8,61.0,E,8,822.9788000000001,E,8,999.0,E,8,0.61,E,8,-9900,?,9,-9900,?,9,0.0,E,8,-9900,?,9,-9900,?,9,0.0,0.0,E,8
04/11/2018,18:00,42.888,1359.995,35.59,1,8,0.0,1,8,35.59,1,8,4270.8,1,8,0.0,1,8,3914.9,1,8,435.88,1,8,-9900,?,9,-9900,?,9,15.68,E,8,9.23,E,8,65.0,E,8,822.9788000000001,E,8,999.0,E,8,0.61,E,8,-9900,?,9,-9900,?,9,0.0,E,8,-9900,?,9,-9900,?,9,0.0,0.0,E,8
04/11/2018,19:00,0.0,1359.995,0.0,1,8,0.0,1,8,0.0,1,8,0.0,1,8,0.0,1,8,0.0,1,8,-0.0,1,8,-9900,?,9,-9900,?,9,15.01,E,8,9.29,E,8,68.0,E,8,822.9788000000001,E,8,999.0,E,8,0.61,E,8,-9900,?,9,-9900,?,9,0.0,E,8,-9900,?,9,-9900,?,9,0.0,0.0,E,8
04/11/2018,20:00,0.0,1359.995,0.0,1,8,0.0,1,8,0.0,1,8,0.0,1,8,0.0,1,8,0.0,1,8,-0.0,1,8,-9900,?,9,-9900,?,9,14.33,E,8,9.35,E,8,76.0,E,8,822.9788000000001,E,8,999.0,E,8,0.61,E,8,-9900,?,9,-9900,?,9,0.098,E,8,-9900,?,9,-9900,?,9,0.98,99.0,E,8
04/11/2018,21:00,0.0,1359.995,0.0,1,8,0.0,1,8,0.0,1,8,0.0,1,8,0.0,1,8,0.0,1,8,-0.0,1,8,-9900,?,9,-9900,?,9,13.66,E,8,9.41,E,8,75.0,E,8,822.9788000000001,E,8,999.0,E,8,0.61,E,8,-9900,?,9,-9900,?,9,0.0,E,8,-9900,?,9,-9900,?,9,0.0,0.0,E,8
04/11/2018,22:00,0.0,1359.995,0.0,1,8,0.0,1,8,0.0,1,8,0.0,1,8,0.0,1,8,0.0,1,8,-0.0,1,8,-9900,?,9,-9900,?,9,12.99,E,8,9.47,E,8,79.0,E,8,822.9788000000001,E,8,999.0,E,8,0.61,E,8,-9900,?,9,-9900,?,9,0.0,E,8,-9900,?,9,-9900,?,9,0.0,0.0,E,8
04/11/2018,23:00,0.0,1359.995,0.0,1,8,0.0,1,8,0.0,1,8,0.0,1,8,0.0,1,8,0.0,1,8,-0.0,1,8,-9900,?,9,-9900,?,9,12.31,E,8,9.53,E,8,83.0,E,8,822.9788000000001,E,8,999.0,E,8,0.61,E,8,-9900,?,9,-9900,?,9,0.0,E,8,-9900,?,9,-9900,?,9,0.0,0.0,E,8
04/11/2018,24:00,0.0,1359.995,0.0,1,8,0.0,1,8,0.0,1,8,0.0,1,8,0.0,1,8,0.0,1,8,-0.0,1,8,-9900,?,9,-9900,?,9,11.64,E,8,8.75,E,8,82.0,E,8,822.9788000000001,E,8,999.0,E,8,0.28,E,8,-9900,?,9,-9900,?,9,0.0,E,8,-9900,?,9,-9900,?,9,0.0,0.0,E,8
04/12/2018,01:00,0.0,1359.995,0.0,1,8,0.0,1,8,0.0,1,8,0.0,1,8,0.0,1,8,0.0,1,8,-0.0,1,8,-9900,?,9,-9900,?,9,11.3,E,8,8.82,E,8,84.0,E,8,822.9788000000001,E,8,999.0,E,8,0.28,E,8,-9900,?,9,-9900,?,9,0.0,E,8,-9900,?,9,-9900,?,9,0.0,0.0,E,8
04/12/2018,02:00,0.0,1359.995,0.0,1,8,0.0,1,8,0.0,1,8,0.0,1,8,0.0,1,8,0.0,1,8,-0.0,1,8,-9900,?,9,-9900,?,9,10.97,E,8,8.89,E,8,86.0,E,8,822.9788000000001,E,8,999.0,E,8,0.28,E,8,-9900,?,9,-9900,?,9,0.0,E,8,-9900,?,9,-9900,?,9,0.0,0.0,E,8
04/12/2018,03:00,0.0,1359.995,0.0,1,8,0.0,1,8,0.0,1,8,0.0,1,8,0.0,1,8,0.0,1,8,-0.0,1,8,-9900,?,9,-9900,?,9,10.63,E,8,8.96,E,8,89.0,E,8,822.9788000000001,E,8,999.0,E,8,0.28,E,8,-9900,?,9,-9900,?,9,0.0,E,8,-9900,?,9,-9900,?,9,0.0,0.0,E,8
04/12/2018,04:00,0.0,1359.203,0.0,1,8,0.0,1,8,0.0,1,8,0.0,1,8,0.0,1,8,0.0,1,8,-0.0,1,8,-9900,?,9,-9900,?,9,10.29,E,8,9.03,E,8,91.0,E,8,822.9788000000001,E,8,999.0,E,8,0.28,E,8,-9900,?,9,-9900,?,9,0.0,E,8,-9900,?,9,-9900,?,9,0.0,0.0,E,8
04/12/2018,05:00,0.0,1359.203,0.0,1,8,0.0,1,8,0.0,1,8,0.0,1,8,0.0,1,8,0.0,1,8,-0.0,1,8,-9900,?,9,-9900,?,9,9.96,E,8,9.1,E,8,94.0,E,8,822.9788000000001,E,8,999.0,E,8,0.28,E,8,-9900,?,9,-9900,?,9,0.0,E,8,-9900,?,9,-9900,?,9,0.0,0.0,E,8
04/12/2018,06:00,0.0,1359.203,0.0,1,8,0.0,1,8,0.0,1,8,0.0,1,8,0.0,1,8,0.0,1,8,-0.0,1,8,-9900,?,9,-9900,?,9,9.7,E,8,9.16,E,8,96.0,E,8,822.9788000000001,E,8,999.0,E,8,0.28,E,8,-9900,?,9,-9900,?,9,0.0,E,8,-9900,?,9,-9900,?,9,0.0,0.0,E,8
04/12/2018,07:00,150.565,1359.203,0.0,1,8,0.0,1,8,0.0,1,8,0.0,1,8,0.0,1,8,0.0,1,8,0.0,1,8,-9900,?,9,-9900,?,9,9.48,E,8,9.2,E,8,98.0,E,8,822.9788000000001,E,8,999.0,E,8,0.28,E,8,-9900,?,9,-9900,?,9,0.0,E,8,-9900,?,9,-9900,?,9,0.0,0.0,E,8
04/12/2018,08:00,460.253,1359.203,105.71,1,8,0.0,1,8,105.71,1,8,12685.2,1,8,0.0,1,8,11628.1,1,8,99.593,1,8,-9900,?,9,-9900,?,9,9.25,E,8,9.25,E,8,99.0,E,8,822.9788000000001,E,8,999.0,E,8,0.28,E,8,-9900,?,9,-9900,?,9,0.0,E,8,-9900,?,9,-9900,?,9,0.0,0.0,E,8
04/12/2018,09:00,735.255,1359.203,126.08,1,8,0.0,1,8,126.08,1,8,15129.6,1,8,0.0,1,8,13868.8,1,8,74.242,1,8,-9900,?,9,-9900,?,9,11.56,E,8,8.77,E,8,82.0,E,8,822.9788000000001,E,8,999.0,E,8,0.28,E,8,-9900,?,9,-9900,?,9,0.0,E,8,-9900,?,9,-9900,?,9,0.0,0.0,E,8
04/12/2018,10:00,955.406,1359.203,408.66,1,8,87.666,1,8,347.057,1,8,49039.2,1,8,8328.289,1,8,38176.215,1,8,157.209,1,8,-9900,?,9,-9900,?,9,13.5,E,8,8.35,E,8,71.0,E,8,822.9788000000001,E,8,999.0,E,8,0.28,E,8,-9900,?,9,-9900,?,9,0.0,E,8,-9900,?,9,-9900,?,9,0.0,0.0,E,8
04/12/2018,11:00,1105.512,1359.203,515.61,1,8,103.881,1,8,431.13,1,8,61873.2,1,8,9868.738,1,8,47424.343,1,8,168.75,1,8,-9900,?,9,-9900,?,9,15.0,E,8,8.03,E,8,63.0,E,8,822.9788000000001,E,8,999.0,E,8,0.58,E,8,-9900,?,9,-9900,?,9,0.0,E,8,-9900,?,9,-9900,?,9,0.0,0.0,E,8
04/12/2018,12:00,1175.285,1359.203,579.34,1,8,123.099,1,8,472.909,1,8,69520.8,1,8,11694.387,1,8,52019.943,1,8,174.105,1,8,-9900,?,9,-9900,?,9,16.15,E,8,7.77,E,8,57.0,E,8,822.9788000000001,E,8,999.0,E,8,0.89,E,8,-9900,?,9,-9900,?,9,0.0,E,8,-9900,?,9,-9900,?,9,0.0,0.0,E,8
04/12/2018,13:00,1159.952,1359.203,595.14,1,8,146.541,1,8,470.095,1,8,71416.8,1,8,13921.398,1,8,51710.41,1,8,175.359,1,8,-9900,?,9,-9900,?,9,16.98,E,8,7.58,E,8,53.0,E,8,822.9788000000001,E,8,999.0,E,8,1.72,E,8,-9900,?,9,-9900,?,9,0.0,E,8,-9900,?,9,-9900,?,9,0.0,0.0,E,8
04/12/2018,14:00,1060.56,1359.203,561.85,1,8,179.818,1,8,421.568,1,8,67422.0,1,8,17082.663,1,8,46372.52,1,8,172.008,1,8,-9900,?,9,-9900,?,9,17.47,E,8,7.47,E,8,51.0,E,8,822.9788000000001,E,8,999.0,E,8,1.7,E,8,-9900,?,9,-9900,?,9,0.0,E,8,-9900,?,9,-9900,?,9,0.0,0.0,E,8
04/12/2018,15:00,883.905,1359.203,481.91,1,8,196.738,1,8,354.02,1,8,57829.2,1,8,18690.095,1,8,38942.234,1,8,173.353,1,8,-9900,?,9,-9900,?,9,17.64,E,8,7.43,E,8,51.0,E,8,822.9788000000001,E,8,999.0,E,8,1.2,E,8,-9900,?,9,-9900,?,9,0.0,E,8,-9900,?,9,-9900,?,9,0.0,0.0,E,8
04/12/2018,16:00,642.107,1359.203,361.32,1,8,335.93,1,8,202.783,1,8,43358.4,1,8,31913.337,1,8,22306.149,1,8,136.773,1,8,-9900,?,9,-9900,?,9,17.41,E,8,7.49,E,8,52.0,E,8,822.9788000000001,E,8,999.0,E,8,1.42,E,8,-9900,?,9,-9900,?,9,0.0,E,8,-9900,?,9,-9900,?,9,0.0,0.0,E,8
04/12/2018,17:00,351.974,1359.203,210.25,1,8,402.007,1,8,106.563,1,8,25230.0,1,8,38190.649,1,8,11721.907,1,8,131.512,1,8,-9900,?,9,-9900,?,9,16.72,E,8,7.64,E,8,54.0,E,8,822.9788000000001,E,8,999.0,E,8,1.21,E,8,-9900,?,9,-9900,?,9,0.0,E,8,-9900,?,9,-9900,?,9,0.0,0.0,E,8
04/12/2018,18:00,38.647,1359.203,50.48,1,8,0.0,1,8,50.48,1,8,6057.6,1,8,0.0,1,8,5552.8,1,8,710.751,1,8,-9900,?,9,-9900,?,9,15.66,E,8,7.88,E,8,59.0,E,8,822.9788000000001,E,8,999.0,E,8,0.44,E,8,-9900,?,9,-9900,?,9,0.0,E,8,-9900,?,9,-9900,?,9,0.0,0.0,E,8
04/12/2018,19:00,0.0,1359.203,0.0,1,8,0.0,1,8,0.0,1,8,0.0,1,8,0.0,1,8,0.0,1,8,-0.0,1,8,-9900,?,9,-9900,?,9,15.03,E,8,8.02,E,8,62.0,E,8,822.9788000000001,E,8,999.0,E,8,0.28,E,8,-9900,?,9,-9900,?,9,0.0,E,8,-9900,?,9,-9900,?,9,0.0,0.0,E,8
04/12/2018,20:00,0.0,1359.203,0.0,1,8,0.0,1,8,0.0,1,8,0.0,1,8,0.0,1,8,0.0,1,8,-0.0,1,8,-9900,?,9,-9900,?,9,14.41,E,8,8.16,E,8,66.0,E,8,822.9788000000001,E,8,999.0,E,8,0.28,E,8,-9900,?,9,-9900,?,9,0.0,E,8,-9900,?,9,-9900,?,9,0.0,0.0,E,8
04/12/2018,21:00,0.0,1359.203,0.0,1,8,0.0,1,8,0.0,1,8,0.0,1,8,0.0,1,8,0.0,1,8,-0.0,1,8,-9900,?,9,-9900,?,9,13.78,E,8,8.29,E,8,69.0,E,8,822.9788000000001,E,8,999.0,E,8,0.83,E,8,-9900,?,9,-9900,?,9,0.0,E,8,-9900,?,9,-9900,?,9,0.0,0.0,E,8
04/12/2018,22:00,0.0,1359.203,0.0,1,8,0.0,1,8,0.0,1,8,0.0,1,8,0.0,1,8,0.0,1,8,-0.0,1,8,-9900,?,9,-9900,?,9,13.16,E,8,8.43,E,8,72.0,E,8,822.9788000000001,E,8,999.0,E,8,0.74,E,8,-9900,?,9,-9900,?,9,0.0,E,8,-9900,?,9,-9900,?,9,0.0,0.0,E,8
04/12/2018,23:00,0.0,1359.203,0.0,1,8,0.0,1,8,0.0,1,8,0.0,1,8,0.0,1,8,0.0,1,8,-0.0,1,8,-9900,?,9,-9900,?,9,12.53,E,8,8.56,E,8,76.0,E,8,822.9788000000001,E,8,999.0,E,8,0.28,E,8,-9900,?,9,-9900,?,9,0.0,E,8,-9900,?,9,-9900,?,9,0.0,0.0,E,8
04/12/2018,24:00,0.0,1359.203,0.0,1,8,0.0,1,8,0.0,1,8,0.0,1,8,0.0,1,8,0.0,1,8,-0.0,1,8,-9900,?,9,-9900,?,9,11.91,E,8,10.16,E,8,88.0,E,8,822.9788000000001,E,8,999.0,E,8,0.16,E,8,-9900,?,9,-9900,?,9,0.0,E,8,-9900,?,9,-9900,?,9,0.0,0.0,E,8
04/13/2018,01:00,0.0,1359.203,0.0,1,8,0.0,1,8,0.0,1,8,0.0,1,8,0.0,1,8,0.0,1,8,-0.0,1,8,-9900,?,9,-9900,?,9,11.59,E,8,10.02,E,8,90.0,E,8,822.9788000000001,E,8,999.0,E,8,0.25,E,8,-9900,?,9,-9900,?,9,0.0,E,8,-9900,?,9,-9900,?,9,0.0,0.0,E,8
04/13/2018,02:00,0.0,1359.203,0.0,1,8,0.0,1,8,0.0,1,8,0.0,1,8,0.0,1,8,0.0,1,8,-0.0,1,8,-9900,?,9,-9900,?,9,11.28,E,8,9.9,E,8,91.0,E,8,822.9788000000001,E,8,999.0,E,8,0.2,E,8,-9900,?,9,-9900,?,9,0.0,E,8,-9900,?,9,-9900,?,9,0.0,0.0,E,8
04/13/2018,03:00,0.0,1359.203,0.0,1,8,0.0,1,8,0.0,1,8,0.0,1,8,0.0,1,8,0.0,1,8,-0.0,1,8,-9900,?,9,-9900,?,9,10.97,E,8,9.77,E,8,92.0,E,8,822.9788000000001,E,8,999.0,E,8,0.17,E,8,-9900,?,9,-9900,?,9,0.0,E,8,-9900,?,9,-9900,?,9,0.0,0.0,E,8
04/13/2018,04:00,0.0,1358.413,0.0,1,8,0.0,1,8,0.0,1,8,0.0,1,8,0.0,1,8,0.0,1,8,-0.0,1,8,-9900,?,9,-9900,?,9,10.66,E,8,9.63,E,8,93.0,E,8,822.9788000000001,E,8,999.0,E,8,0.16,E,8,-9900,?,9,-9900,?,9,0.0,E,8,-9900,?,9,-9900,?,9,0.0,0.0,E,8
04/13/2018,05:00,0.0,1358.413,0.0,1,8,0.0,1,8,0.0,1,8,0.0,1,8,0.0,1,8,0.0,1,8,-0.0,1,8,-9900,?,9,-9900,?,9,10.34,E,8,9.5,E,8,94.0,E,8,822.9788000000001,E,8,999.0,E,8,0.16,E,8,-9900,?,9,-9900,?,9,0.0,E,8,-9900,?,9,-9900,?,9,0.0,0.0,E,8
04/13/2018,06:00,0.0,1358.413,0.0,1,8,0.0,1,8,0.0,1,8,0.0,1,8,0.0,1,8,0.0,1,8,-0.0,1,8,-9900,?,9,-9900,?,9,10.1,E,8,9.4,E,8,95.0,E,8,822.9788000000001,E,8,999.0,E,8,0.16,E,8,-9900,?,9,-9900,?,9,0.0,E,8,-9900,?,9,-9900,?,9,0.0,0.0,E,8
04/13/2018,07:00,148.601,1358.413,0.0,1,8,0.0,1,8,0.0,1,8,0.0,1,8,0.0,1,8,0.0,1,8,0.0,1,8,-9900,?,9,-9900,?,9,9.9,E,8,9.31,E,8,96.0,E,8,822.9788000000001,E,8,999.0,E,8,0.16,E,8,-9900,?,9,-9900,?,9,0.0,E,8,-9900,?,9,-9900,?,9,0.0,0.0,E,8
04/13/2018,08:00,457.662,1358.413,144.28,1,8,30.086,1,8,134.167,1,8,17313.6,1,8,2858.196,1,8,14758.326,1,8,127.047,1,8,-9900,?,9,-9900,?,9,9.69,E,8,9.22,E,8,96.0,E,8,822.9788000000001,E,8,999.0,E,8,0.2,E,8,-9900,?,9,-9900,?,9,0.0,E,8,-9900,?,9,-9900,?,9,0.0,0.0,E,8
04/13/2018,09:00,732.032,1358.413,382.02,1,8,222.894,1,8,261.991,1,8,45842.4,1,8,21174.976,1,8,28819.004,1,8,154.864,1,8,-9900,?,9,-9900,?,9,13.76,E,8,10.9,E,8,82.0,E,8,822.9788000000001,E,8,999.0,E,8,0.62,E,8,-9900,?,9,-9900,?,9,0.0,E,8,-9900,?,9,-9900,?,9,0.0,0.0,E,8
04/13/2018,10:00,951.566,1358.413,550.78,1,8,309.821,1,8,333.817,1,8,66093.6,1,8,29432.964,1,8,36719.912,1,8,151.735,1,8,-9900,?,9,-9900,?,9,15.24,E,8,11.47,E,8,78.0,E,8,822.9788000000001,E,8,999.0,E,8,0.53,E,8,-9900,?,9,-9900,?,9,0.0,E,8,-9900,?,9,-9900,?,9,0.0,0.0,E,8
04/13/2018,11:00,1101.111,1358.413,672.24,1,8,341.581,1,8,395.402,1,8,80668.8,1,8,32450.209,1,8,43494.168,1,8,155.294,1,8,-9900,?,9,-9900,?,9,16.45,E,8,11.92,E,8,74.0,E,8,822.9788000000001,E,8,999.0,E,8,0.96,E,8,-9900,?,9,-9900,?,9,0.0,E,8,-9900,?,9,-9900,?,9,0.0,0.0,E,8
04/13/2018,12:00,1170.419,1358.413,741.19,1,8,335.571,1,8,452.089,1,8,88942.8,1,8,31879.236,1,8,49729.813,1,8,167.036,1,8,-9900,?,9,-9900,?,9,17.39,E,8,12.27,E,8,71.0,E,8,822.9788000000001,E,8,999.0,E,8,1.12,E,8,-9900,?,9,-9900,?,9,0.0,E,8,-9900,?,9,-9900,?,9,0.0,0.0,E,8
04/13/2018,13:00,1154.746,1358.413,724.74,1,8,329.413,1,8,444.748,1,8,86968.8,1,8,31294.232,1,8,48922.227,1,8,166.555,1,8,-9900,?,9,-9900,?,9,17.97,E,8,12.47,E,8,70.0,E,8,822.9788000000001,E,8,999.0,E,8,1.8,E,8,-9900,?,9,-9900,?,9,0.0,E,8,-9900,?,9,-9900,?,9,0.0,0.0,E,8
04/13/2018,14:00,1055.165,1358.413,650.72,1,8,380.555,1,8,355.176,1,8,78086.4,1,8,36152.708,1,8,39069.401,1,8,145.576,1,8,-9900,?,9,-9900,?,9,18.23,E,8,12.57,E,8,69.0,E,8,822.9788000000001,E,8,999.0,E,8,1.68,E,8,-9900,?,9,-9900,?,9,0.0,E,8,-9900,?,9,-9900,?,9,0.0,0.0,E,8
04/13/2018,15:00,878.485,1358.413,597.77,1,8,561.412,1,8,234.853,1,8,71732.4,1,8,53334.152,1,8,25833.864,1,8,115.644,1,8,-9900,?,9,-9900,?,9,18.31,E,8,12.59,E,8,69.0,E,8,822.9788000000001,E,8,999.0,E,8,2.11,E,8,-9900,?,9,-9900,?,9,0.0,E,8,-9900,?,9,-9900,?,9,0.0,0.0,E,8
04/13/2018,16:00,636.829,1358.413,391.91,1,8,464.479,1,8,174.386,1,8,47029.2,1,8,44125.529,1,8,19182.506,1,8,118.528,1,8,-9900,?,9,-9900,?,9,17.83,E,8,12.42,E,8,70.0,E,8,822.9788000000001,E,8,999.0,E,8,1.37,E,8,-9900,?,9,-9900,?,9,0.0,E,8,-9900,?,9,-9900,?,9,0.0,0.0,E,8
04/13/2018,17:00,347.003,1358.413,242.12,1,8,511.29,1,8,112.048,1,8,29054.4,1,8,48572.592,1,8,12325.289,1,8,140.197,1,8,-9900,?,9,-9900,?,9,17.05,E,8,12.14,E,8,72.0,E,8,822.9788000000001,E,8,999.0,E,8,1.06,E,8,-9900,?,9,-9900,?,9,0.0,E,8,-9900,?,9,-9900,?,9,0.0,0.0,E,8
04/13/2018,18:00,34.489,1358.413,58.95,1,8,0.0,1,8,58.95,1,8,7074.0,1,8,0.0,1,8,6484.5,1,8,974.127,1,8,-9900,?,9,-9900,?,9,15.97,E,8,11.74,E,8,75.0,E,8,822.9788000000001,E,8,999.0,E,8,0.68,E,8,-9900,?,9,-9900,?,9,0.0,E,8,-9900,?,9,-9900,?,9,0.0,0.0,E,8
04/13/2018,19:00,0.0,1358.413,0.0,1,8,0.0,1,8,0.0,1,8,0.0,1,8,0.0,1,8,0.0,1,8,-0.0,1,8,-9900,?,9,-9900,?,9,15.32,E,8,11.5,E,8,77.0,E,8,822.9788000000001,E,8,999.0,E,8,0.48,E,8,-9900,?,9,-9900,?,9,0.0,E,8,-9900,?,9,-9900,?,9,0.0,0.0,E,8
04/13/2018,20:00,0.0,1358.413,0.0,1,8,0.0,1,8,0.0,1,8,0.0,1,8,0.0,1,8,0.0,1,8,-0.0,1,8,-9900,?,9,-9900,?,9,14.67,E,8,11.25,E,8,79.0,E,8,822.9788000000001,E,8,999.0,E,8,0.16,E,8,-9900,?,9,-9900,?,9,0.0,E,8,-9900,?,9,-9900,?,9,0.0,0.0,E,8
04/13/2018,21:00,0.0,1358.413,0.0,1,8,0.0,1,8,0.0,1,8,0.0,1,8,0.0,1,8,0.0,1,8,-0.0,1,8,-9900,?,9,-9900,?,9,14.02,E,8,11.0,E,8,82.0,E,8,822.9788000000001,E,8,999.0,E,8,0.16,E,8,-9900,?,9,-9900,?,9,0.0,E,8,-9900,?,9,-9900,?,9,0.0,0.0,E,8
04/13/2018,22:00,0.0,1358.413,0.0,1,8,0.0,1,8,0.0,1,8,0.0,1,8,0.0,1,8,0.0,1,8,-0.0,1,8,-9900,?,9,-9900,?,9,13.37,E,8,10.74,E,8,84.0,E,8,822.9788000000001,E,8,999.0,E,8,0.16,E,8,-9900,?,9,-9900,?,9,0.0,E,8,-9900,?,9,-9900,?,9,0.0,0.0,E,8
04/13/2018,23:00,0.0,1358.413,0.0,1,8,0.0,1,8,0.0,1,8,0.0,1,8,0.0,1,8,0.0,1,8,-0.0,1,8,-9900,?,9,-9900,?,9,12.72,E,8,10.49,E,8,86.0,E,8,822.9788000000001,E,8,999.0,E,8,0.16,E,8,-9900,?,9,-9900,?,9,0.0,E,8,-9900,?,9,-9900,?,9,0.0,0.0,E,8
04/13/2018,24:00,0.0,1358.413,0.0,1,8,0.0,1,8,0.0,1,8,0.0,1,8,0.0,1,8,0.0,1,8,-0.0,1,8,-9900,?,9,-9900,?,9,12.07,E,8,11.02,E,8,93.0,E,8,822.9788000000001,E,8,999.0,E,8,0.43,E,8,-9900,?,9,-9900,?,9,0.0,E,8,-9900,?,9,-9900,?,9,0.0,0.0,E,8
04/14/2018,01:00,0.0,1358.413,0.0,1,8,0.0,1,8,0.0,1,8,0.0,1,8,0.0,1,8,0.0,1,8,-0.0,1,8,-9900,?,9,-9900,?,9,11.74,E,8,10.78,E,8,93.0,E,8,822.9788000000001,E,8,999.0,E,8,0.43,E,8,-9900,?,9,-9900,?,9,0.0,E,8,-9900,?,9,-9900,?,9,0.0,0.0,E,8
04/14/2018,02:00,0.0,1358.413,0.0,1,8,0.0,1,8,0.0,1,8,0.0,1,8,0.0,1,8,0.0,1,8,-0.0,1,8,-9900,?,9,-9900,?,9,11.42,E,8,10.55,E,8,94.0,E,8,822.9788000000001,E,8,999.0,E,8,0.43,E,8,-9900,?,9,-9900,?,9,0.0,E,8,-9900,?,9,-9900,?,9,0.0,0.0,E,8
04/14/2018,03:00,0.0,1358.413,0.0,1,8,0.0,1,8,0.0,1,8,0.0,1,8,0.0,1,8,0.0,1,8,-0.0,1,8,-9900,?,9,-9900,?,9,11.09,E,8,10.31,E,8,94.0,E,8,822.9788000000001,E,8,999.0,E,8,0.43,E,8,-9900,?,9,-9900,?,9,0.0,E,8,-9900,?,9,-9900,?,9,0.0,0.0,E,8
04/14/2018,04:00,0.0,1357.627,0.0,1,8,0.0,1,8,0.0,1,8,0.0,1,8,0.0,1,8,0.0,1,8,-0.0,1,8,-9900,?,9,-9900,?,9,10.77,E,8,10.07,E,8,95.0,E,8,822.9788000000001,E,8,999.0,E,8,0.43,E,8,-9900,?,9,-9900,?,9,0.0,E,8,-9900,?,9,-9900,?,9,0.0,0.0,E,8
04/14/2018,05:00,0.0,1357.627,0.0,1,8,0.0,1,8,0.0,1,8,0.0,1,8,0.0,1,8,0.0,1,8,-0.0,1,8,-9900,?,9,-9900,?,9,10.44,E,8,9.82,E,8,95.0,E,8,822.9788000000001,E,8,999.0,E,8,0.43,E,8,-9900,?,9,-9900,?,9,0.0,E,8,-9900,?,9,-9900,?,9,0.0,0.0,E,8
04/14/2018,06:00,0.0,1357.627,0.0,1,8,0.0,1,8,0.0,1,8,0.0,1,8,0.0,1,8,0.0,1,8,-0.0,1,8,-9900,?,9,-9900,?,9,10.19,E,8,9.62,E,8,96.0,E,8,822.9788000000001,E,8,999.0,E,8,0.43,E,8,-9900,?,9,-9900,?,9,0.0,E,8,-9900,?,9,-9900,?,9,0.0,0.0,E,8
04/14/2018,07:00,146.624,1357.627,0.0,1,8,0.0,1,8,0.0,1,8,0.0,1,8,0.0,1,8,0.0,1,8,0.0,1,8,-9900,?,9,-9900,?,9,9.98,E,8,9.46,E,8,96.0,E,8,822.9788000000001,E,8,999.0,E,8,0.43,E,8,-9900,?,9,-9900,?,9,0.0,E,8,-9900,?,9,-9900,?,9,0.0,0.0,E,8
04/14/2018,08:00,455.051,1357.627,88.6,1,8,0.0,1,8,88.6,1,8,10632.0,1,8,0.0,1,8,9746.0,1,8,84.333,1,8,-9900,?,9,-9900,?,9,9.76,E,8,9.29,E,8,96.0,E,8,822.9788000000001,E,8,999.0,E,8,0.43,E,8,-9900,?,9,-9900,?,9,0.0,E,8,-9900,?,9,-9900,?,9,0.0,0.0,E,8
04/14/2018,09:00,728.784,1357.627,225.78,1,8,19.593,1,8,215.27,1,8,27093.6,1,8,1861.353,1,8,23679.682,1,8,127.741,1,8,-9900,?,9,-9900,?,9,12.91,E,8,11.61,E,8,91.0,E,8,822.9788000000001,E,8,999.0,E,8,0.43,E,8,-9900,?,9,-9900,?,9,0.0,E,8,-9900,?,9,-9900,?,9,0.0,0.0,E,8
04/14/2018,10:00,947.702,1357.627,346.26,1,8,57.657,1,8,306.025,1,8,41551.2,1,8,5477.37,1,8,33662.736,1,8,139.589,1,8,-9900,?,9,-9900,?,9,14.18,E,8,12.46,E,8,89.0,E,8,822.9788000000001,E,8,999.0,E,8,0.43,E,8,-9900,?,9,-9900,?,9,0.0,E,8,-9900,?,9,-9900,?,9,0.0,0.0,E,8
04/14/2018,11:00,1096.69,1357.627,437.1,1,8,33.084,1,8,410.379,1,8,52452.0,1,8,3143.022,1,8,45141.647,1,8,161.733,1,8,-9900,?,9,-9900,?,9,15.27,E,8,13.16,E,8,87.0,E,8,822.9788000000001,E,8,999.0,E,8,0.52,E,8,-9900,?,9,-9900,?,9,0.0,E,8,-9900,?,9,-9900,?,9,0.0,0.0,E,8
04/14/2018,12:00,1165.538,1357.627,491.08,1,8,98.747,1,8,406.313,1,8,58929.6,1,8,9380.987,1,8,44694.462,1,8,150.664,1,8,-9900,?,9,-9900,?,9,16.13,E,8,13.69,E,8,85.0,E,8,822.9788000000001,E,8,999.0,E,8,0.72,E,8,-9900,?,9,-9900,?,9,0.0,E,8,-9900,?,9,-9900,?,9,0.0,0.0,E,8
04/14/2018,13:00,1149.536,1357.627,504.19,1,8,117.394,1,8,404.801,1,8,60502.8,1,8,11152.471,1,8,44528.088,1,8,152.195,1,8,-9900,?,9,-9900,?,9,16.76,E,8,14.07,E,8,84.0,E,8,822.9788000000001,E,8,999.0,E,8,1.6,E,8,-9900,?,9,-9900,?,9,0.0,E,8,-9900,?,9,-9900,?,9,0.0,0.0,E,8
04/14/2018,14:00,1049.777,1357.627,475.47,1,8,145.099,1,8,363.296,1,8,57056.4,1,8,13784.364,1,8,39962.512,1,8,149.582,1,8,-9900,?,9,-9900,?,9,17.12,E,8,14.28,E,8,83.0,E,8,822.9788000000001,E,8,999.0,E,8,2.14,E,8,-9900,?,9,-9900,?,9,0.0,E,8,-9900,?,9,-9900,?,9,0.0,0.0,E,8
04/14/2018,15:00,873.086,1357.627,407.04,1,8,123.298,1,8,327.78,1,8,48844.8,1,8,11713.346,1,8,36055.823,1,8,162.307,1,8,-9900,?,9,-9900,?,9,17.22,E,8,14.34,E,8,83.0,E,8,822.9788000000001,E,8,999.0,E,8,1.49,E,8,-9900,?,9,-9900,?,9,0.0,E,8,-9900,?,9,-9900,?,9,0.0,0.0,E,8
04/14/2018,16:00,631.584,1357.627,304.04,1,8,190.344,1,8,215.583,1,8,36484.8,1,8,18082.653,1,8,23714.183,1,8,147.664,1,8,-9900,?,9,-9900,?,9,16.96,E,8,14.19,E,8,83.0,E,8,822.9788000000001,E,8,999.0,E,8,0.51,E,8,-9900,?,9,-9900,?,9,0.0,E,8,-9900,?,9,-9900,?,9,0.0,0.0,E,8
04/14/2018,17:00,342.079,1357.627,175.2,1,8,341.891,1,8,89.418,1,8,21024.0,1,8,32479.649,1,8,9835.966,1,8,113.44,1,8,-9900,?,9,-9900,?,9,16.32,E,8,13.81,E,8,85.0,E,8,822.9788000000001,E,8,999.0,E,8,0.43,E,8,-9900,?,9,-9900,?,9,0.0,E,8,-9900,?,9,-9900,?,9,0.0,0.0,E,8
04/14/2018,18:00,30.419,1357.627,39.73,1,8,0.0,1,8,39.73,1,8,4767.6,1,8,0.0,1,8,4370.3,1,8,792.494,1,8,-9900,?,9,-9900,?,9,15.37,E,8,13.22,E,8,87.0,E,8,822.9788000000001,E,8,999.0,E,8,0.43,E,8,-9900,?,9,-9900,?,9,0.0,E,8,-9900,?,9,-9900,?,9,0.0,0.0,E,8
04/14/2018,19:00,0.0,1357.627,0.0,1,8,0.0,1,8,0.0,1,8,0.0,1,8,0.0,1,8,0.0,1,8,-0.0,1,8,-9900,?,9,-9900,?,9,14.74,E,8,12.82,E,8,88.0,E,8,822.9788000000001,E,8,999.0,E,8,0.43,E,8,-9900,?,9,-9900,?,9,0.0,E,8,-9900,?,9,-9900,?,9,0.0,0.0,E,8
04/14/2018,20:00,0.0,1357.627,0.0,1,8,0.0,1,8,0.0,1,8,0.0,1,8,0.0,1,8,0.0,1,8,-0.0,1,8,-9900,?,9,-9900,?,9,14.11,E,8,12.42,E,8,89.0,E,8,822.9788000000001,E,8,999.0,E,8,0.43,E,8,-9900,?,9,-9900,?,9,0.0,E,8,-9900,?,9,-9900,?,9,0.0,0.0,E,8
04/14/2018,21:00,0.0,1357.627,0.0,1,8,0.0,1,8,0.0,1,8,0.0,1,8,0.0,1,8,0.0,1,8,-0.0,1,8,-9900,?,9,-9900,?,9,13.48,E,8,12.0,E,8,90.0,E,8,822.9788000000001,E,8,999.0,E,8,0.43,E,8,-9900,?,9,-9900,?,9,0.0,E,8,-9900,?,9,-9900,?,9,0.0,0.0,E,8
04/14/2018,22:00,0.0,1357.627,0.0,1,8,0.0,1,8,0.0,1,8,0.0,1,8,0.0,1,8,0.0,1,8,-0.0,1,8,-9900,?,9,-9900,?,9,12.86,E,8,11.58,E,8,91.0,E,8,822.9788000000001,E,8,999.0,E,8,0.43,E,8,-9900,?,9,-9900,?,9,0.0,E,8,-9900,?,9,-9900,?,9,0.0,0.0,E,8
04/14/2018,23:00,0.0,1357.627,0.0,1,8,0.0,1,8,0.0,1,8,0.0,1,8,0.0,1,8,0.0,1,8,-0.0,1,8,-9900,?,9,-9900,?,9,12.23,E,8,11.14,E,8,93.0,E,8,822.9788000000001,E,8,999.0,E,8,0.43,E,8,-9900,?,9,-9900,?,9,0.0,E,8,-9900,?,9,-9900,?,9,0.0,0.0,E,8
04/14/2018,24:00,0.0,1357.627,0.0,1,8,0.0,1,8,0.0,1,8,0.0,1,8,0.0,1,8,0.0,1,8,-0.0,1,8,-9900,?,9,-9900,?,9,11.6,E,8,8.45,E,8,80.0,E,8,822.9788000000001,E,8,999.0,E,8,0.18,E,8,-9900,?,9,-9900,?,9,0.0,E,8,-9900,?,9,-9900,?,9,0.0,0.0,E,8
04/15/2018,01:00,0.0,1357.627,0.0,1,8,0.0,1,8,0.0,1,8,0.0,1,8,0.0,1,8,0.0,1,8,-0.0,1,8,-9900,?,9,-9900,?,9,11.28,E,8,8.41,E,8,82.0,E,8,822.9788000000001,E,8,999.0,E,8,0.18,E,8,-9900,?,9,-9900,?,9,0.0,E,8,-9900,?,9,-9900,?,9,0.0,0.0,E,8
04/15/2018,02:00,0.0,1357.627,0.0,1,8,0.0,1,8,0.0,1,8,0.0,1,8,0.0,1,8,0.0,1,8,-0.0,1,8,-9900,?,9,-9900,?,9,10.97,E,8,8.37,E,8,83.0,E,8,822.9788000000001,E,8,999.0,E,8,0.18,E,8,-9900,?,9,-9900,?,9,0.0,E,8,-9900,?,9,-9900,?,9,0.0,0.0,E,8
04/15/2018,03:00,0.0,1357.627,0.0,1,8,0.0,1,8,0.0,1,8,0.0,1,8,0.0,1,8,0.0,1,8,-0.0,1,8,-9900,?,9,-9900,?,9,10.66,E,8,8.34,E,8,85.0,E,8,822.9788000000001,E,8,999.0,E,8,0.18,E,8,-9900,?,9,-9900,?,9,0.0,E,8,-9900,?,9,-9900,?,9,0.0,0.0,E,8
04/15/2018,04:00,0.0,1356.845,0.0,1,8,0.0,1,8,0.0,1,8,0.0,1,8,0.0,1,8,0.0,1,8,-0.0,1,8,-9900,?,9,-9900,?,9,10.34,E,8,8.3,E,8,87.0,E,8,822.9788000000001,E,8,999.0,E,8,0.18,E,8,-9900,?,9,-9900,?,9,0.0,E,8,-9900,?,9,-9900,?,9,0.0,0.0,E,8
04/15/2018,05:00,0.0,1356.845,0.0,1,8,0.0,1,8,0.0,1,8,0.0,1,8,0.0,1,8,0.0,1,8,-0.0,1,8,-9900,?,9,-9900,?,9,10.03,E,8,8.26,E,8,88.0,E,8,822.9788000000001,E,8,999.0,E,8,0.18,E,8,-9900,?,9,-9900,?,9,0.0,E,8,-9900,?,9,-9900,?,9,0.0,0.0,E,8
04/15/2018,06:00,0.0,1356.845,0.0,1,8,0.0,1,8,0.0,1,8,0.0,1,8,0.0,1,8,0.0,1,8,-0.0,1,8,-9900,?,9,-9900,?,9,9.78,E,8,8.23,E,8,90.0,E,8,822.9788000000001,E,8,999.0,E,8,0.18,E,8,-9900,?,9,-9900,?,9,0.0,E,8,-9900,?,9,-9900,?,9,0.0,0.0,E,8
04/15/2018,07:00,144.635,1356.845,0.0,1,8,0.0,1,8,0.0,1,8,0.0,1,8,0.0,1,8,0.0,1,8,0.0,1,8,-9900,?,9,-9900,?,9,9.58,E,8,8.21,E,8,91.0,E,8,822.9788000000001,E,8,999.0,E,8,0.18,E,8,-9900,?,9,-9900,?,9,0.0,E,8,-9900,?,9,-9900,?,9,0.0,0.0,E,8
04/15/2018,08:00,452.42,1356.845,159.75,1,8,68.927,1,8,136.82,1,8,19170.0,1,8,6548.103,1,8,15050.244,1,8,130.917,1,8,-9900,?,9,-9900,?,9,9.37,E,8,8.18,E,8,92.0,E,8,822.9788000000001,E,8,999.0,E,8,0.18,E,8,-9900,?,9,-9900,?,9,0.0,E,8,-9900,?,9,-9900,?,9,0.0,0.0,E,8
04/15/2018,09:00,725.514,1356.845,408.71,1,8,310.678,1,8,242.71,1,8,49045.2,1,8,29514.441,1,8,26698.054,1,8,144.59,1,8,-9900,?,9,-9900,?,9,13.15,E,8,8.63,E,8,74.0,E,8,822.9788000000001,E,8,999.0,E,8,0.18,E,8,-9900,?,9,-9900,?,9,0.0,E,8,-9900,?,9,-9900,?,9,0.0,0.0,E,8
04/15/2018,10:00,943.815,1356.845,630.08,1,8,502.246,1,8,280.829,1,8,75609.6,1,8,47713.399,1,8,30891.206,1,8,128.55,1,8,-9900,?,9,-9900,?,9,14.68,E,8,8.81,E,8,67.0,E,8,822.9788000000001,E,8,999.0,E,8,0.18,E,8,-9900,?,9,-9900,?,9,0.0,E,8,-9900,?,9,-9900,?,9,0.0,0.0,E,8
04/15/2018,11:00,1092.25,1356.845,801.63,1,8,610.93,1,8,309.914,1,8,96195.6,1,8,58038.396,1,8,34090.536,1,8,122.566,1,8,-9900,?,9,-9900,?,9,16.01,E,8,8.96,E,8,62.0,E,8,822.9788000000001,E,8,999.0,E,8,0.19,E,8,-9900,?,9,-9900,?,9,0.0,E,8,-9900,?,9,-9900,?,9,0.0,0.0,E,8
04/15/2018,12:00,1160.646,1356.845,904.75,1,8,749.047,1,8,264.084,1,8,108570.0,1,8,71159.428,1,8,29049.219,1,8,98.281,1,8,-9900,?,9,-9900,?,9,17.09,E,8,9.09,E,8,59.0,E,8,822.9788000000001,E,8,999.0,E,8,0.63,E,8,-9900,?,9,-9900,?,9,0.0,E,8,-9900,?,9,-9900,?,9,0.0,0.0,E,8
04/15/2018,13:00,1144.325,1356.845,935.7,1,8,897.183,1,8,179.131,1,8,112284.0,1,8,85232.361,1,8,19704.463,1,8,67.617,1,8,-9900,?,9,-9900,?,9,17.88,E,8,9.18,E,8,56.0,E,8,822.9788000000001,E,8,999.0,E,8,1.73,E,8,-9900,?,9,-9900,?,9,0.0,E,8,-9900,?,9,-9900,?,9,0.0,0.0,E,8
04/15/2018,14:00,1044.4,1356.845,888.5,1,8,965.252,1,8,145.669,1,8,106620.0,1,8,91698.926,1,8,16023.633,1,8,60.252,1,8,-9900,?,9,-9900,?,9,18.35,E,8,9.23,E,8,55.0,E,8,822.9788000000001,E,8,999.0,E,8,1.86,E,8,-9900,?,9,-9900,?,9,0.0,E,8,-9900,?,9,-9900,?,9,0.0,0.0,E,8
04/15/2018,15:00,867.71,1356.845,769.84,1,8,869.334,1,8,214.132,1,8,92380.8,1,8,82586.716,1,8,23554.502,1,8,106.628,1,8,-9900,?,9,-9900,?,9,18.5,E,8,9.25,E,8,54.0,E,8,822.9788000000001,E,8,999.0,E,8,2.19,E,8,-9900,?,9,-9900,?,9,0.0,E,8,-9900,?,9,-9900,?,9,0.0,0.0,E,8
04/15/2018,16:00,626.377,1356.845,582.21,1,8,792.009,1,8,216.979,1,8,69865.2,1,8,75240.883,1,8,23867.695,1,8,149.772,1,8,-9900,?,9,-9900,?,9,18.24,E,8,9.22,E,8,55.0,E,8,822.9788000000001,E,8,999.0,E,8,1.92,E,8,-9900,?,9,-9900,?,9,0.0,E,8,-9900,?,9,-9900,?,9,0.0,0.0,E,8
04/15/2018,17:00,337.206,1356.845,340.81,1,8,599.594,1,8,192.445,1,8,40897.2,1,8,56961.472,1,8,21168.924,1,8,247.561,1,8,-9900,?,9,-9900,?,9,17.48,E,8,9.13,E,8,57.0,E,8,822.9788000000001,E,8,999.0,E,8,1.59,E,8,-9900,?,9,-9900,?,9,0.0,E,8,-9900,?,9,-9900,?,9,0.0,0.0,E,8
04/15/2018,18:00,26.438,1356.845,81.8,1,8,0.0,1,8,81.8,1,8,9816.0,1,8,0.0,1,8,8998.0,1,8,2051.16,1,8,-9900,?,9,-9900,?,9,16.33,E,8,9.0,E,8,61.0,E,8,822.9788000000001,E,8,999.0,E,8,1.02,E,8,-9900,?,9,-9900,?,9,0.0,E,8,-9900,?,9,-9900,?,9,0.0,0.0,E,8
04/15/2018,19:00,0.0,1356.845,0.0,1,8,0.0,1,8,0.0,1,8,0.0,1,8,0.0,1,8,0.0,1,8,-0.0,1,8,-9900,?,9,-9900,?,9,15.65,E,8,8.92,E,8,64.0,E,8,822.9788000000001,E,8,999.0,E,8,0.61,E,8,-9900,?,9,-9900,?,9,0.0,E,8,-9900,?,9,-9900,?,9,0.0,0.0,E,8
04/15/2018,20:00,0.0,1356.845,0.0,1,8,0.0,1,8,0.0,1,8,0.0,1,8,0.0,1,8,0.0,1,8,-0.0,1,8,-9900,?,9,-9900,?,9,14.96,E,8,8.84,E,8,66.0,E,8,822.9788000000001,E,8,999.0,E,8,0.24,E,8,-9900,?,9,-9900,?,9,0.0,E,8,-9900,?,9,-9900,?,9,0.0,0.0,E,8
04/15/2018,21:00,0.0,1356.845,0.0,1,8,0.0,1,8,0.0,1,8,0.0,1,8,0.0,1,8,0.0,1,8,-0.0,1,8,-9900,?,9,-9900,?,9,14.28,E,8,8.76,E,8,69.0,E,8,822.9788000000001,E,8,999.0,E,8,0.26,E,8,-9900,?,9,-9900,?,9,0.0,E,8,-9900,?,9,-9900,?,9,0.0,0.0,E,8
04/15/2018,22:00,0.0,1356.845,0.0,1,8,0.0,1,8,0.0,1,8,0.0,1,8,0.0,1,8,0.0,1,8,-0.0,1,8,-9900,?,9,-9900,?,9,13.59,E,8,8.68,E,8,72.0,E,8,822.9788000000001,E,8,999.0,E,8,0.25,E,8,-9900,?,9,-9900,?,9,0.0,E,8,-9900,?,9,-9900,?,9,0.0,0.0,E,8
04/15/2018,23:00,0.0,1356.845,0.0,1,8,0.0,1,8,0.0,1,8,0.0,1,8,0.0,1,8,0.0,1,8,-0.0,1,8,-9900,?,9,-9900,?,9,12.91,E,8,8.6,E,8,75.0,E,8,822.9788000000001,E,8,999.0,E,8,0.18,E,8,-9900,?,9,-9900,?,9,0.0,E,8,-9900,?,9,-9900,?,9,0.0,0.0,E,8
04/15/2018,24:00,0.0,1356.845,0.0,1,8,0.0,1,8,0.0,1,8,0.0,1,8,0.0,1,8,0.0,1,8,-0.0,1,8,-9900,?,9,-9900,?,9,12.22,E,8,10.35,E,8,88.0,E,8,822.9788000000001,E,8,999.0,E,8,0.23,E,8,-9900,?,9,-9900,?,9,0.0,E,8,-9900,?,9,-9900,?,9,0.0,0.0,E,8
04/16/2018,01:00,0.0,1356.845,0.0,1,8,0.0,1,8,0.0,1,8,0.0,1,8,0.0,1,8,0.0,1,8,-0.0,1,8,-9900,?,9,-9900,?,9,11.88,E,8,10.23,E,8,89.0,E,8,822.9788000000001,E,8,999.0,E,8,0.25,E,8,-9900,?,9,-9900,?,9,0.0,E,8,-9900,?,9,-9900,?,9,0.0,0.0,E,8
04/16/2018,02:00,0.0,1356.845,0.0,1,8,0.0,1,8,0.0,1,8,0.0,1,8,0.0,1,8,0.0,1,8,-0.0,1,8,-9900,?,9,-9900,?,9,11.54,E,8,10.1,E,8,90.0,E,8,822.9788000000001,E,8,999.0,E,8,0.25,E,8,-9900,?,9,-9900,?,9,0.0,E,8,-9900,?,9,-9900,?,9,0.0,0.0,E,8
04/16/2018,03:00,0.0,1356.845,0.0,1,8,0.0,1,8,0.0,1,8,0.0,1,8,0.0,1,8,0.0,1,8,-0.0,1,8,-9900,?,9,-9900,?,9,11.19,E,8,9.98,E,8,92.0,E,8,822.9788000000001,E,8,999.0,E,8,0.22,E,8,-9900,?,9,-9900,?,9,0.0,E,8,-9900,?,9,-9900,?,9,0.0,0.0,E,8
04/16/2018,04:00,0.0,1356.066,0.0,1,8,0.0,1,8,0.0,1,8,0.0,1,8,0.0,1,8,0.0,1,8,-0.0,1,8,-9900,?,9,-9900,?,9,10.85,E,8,9.85,E,8,93.0,E,8,822.9788000000001,E,8,999.0,E,8,0.22,E,8,-9900,?,9,-9900,?,9,0.0,E,8,-9900,?,9,-9900,?,9,0.0,0.0,E,8
04/16/2018,05:00,0.0,1356.066,0.0,1,8,0.0,1,8,0.0,1,8,0.0,1,8,0.0,1,8,0.0,1,8,-0.0,1,8,-9900,?,9,-9900,?,9,10.51,E,8,9.73,E,8,94.0,E,8,822.9788000000001,E,8,999.0,E,8,0.22,E,8,-9900,?,9,-9900,?,9,0.0,E,8,-9900,?,9,-9900,?,9,0.0,0.0,E,8
04/16/2018,06:00,0.0,1356.066,0.0,1,8,0.0,1,8,0.0,1,8,0.0,1,8,0.0,1,8,0.0,1,8,-0.0,1,8,-9900,?,9,-9900,?,9,10.24,E,8,9.62,E,8,95.0,E,8,822.9788000000001,E,8,999.0,E,8,0.22,E,8,-9900,?,9,-9900,?,9,0.0,E,8,-9900,?,9,-9900,?,9,0.0,0.0,E,8
04/16/2018,07:00,142.634,1356.066,0.0,1,8,0.0,1,8,0.0,1,8,0.0,1,8,0.0,1,8,0.0,1,8,0.0,1,8,-9900,?,9,-9900,?,9,10.02,E,8,9.54,E,8,96.0,E,8,822.9788000000001,E,8,999.0,E,8,0.22,E,8,-9900,?,9,-9900,?,9,0.0,E,8,-9900,?,9,-9900,?,9,0.0,0.0,E,8
04/16/2018,08:00,449.77,1356.066,76.15,1,8,0.0,1,8,76.15,1,8,9138.0,1,8,0.0,1,8,8376.5,1,8,73.254,1,8,-9900,?,9,-9900,?,9,9.79,E,8,9.46,E,8,97.0,E,8,822.9788000000001,E,8,999.0,E,8,0.22,E,8,-9900,?,9,-9900,?,9,0.0,E,8,-9900,?,9,-9900,?,9,0.0,0.0,E,8
04/16/2018,09:00,722.223,1356.066,195.88,1,8,3.203,1,8,194.176,1,8,23505.6,1,8,304.257,1,8,21359.31,1,8,116.138,1,8,-9900,?,9,-9900,?,9,13.04,E,8,10.64,E,8,85.0,E,8,822.9788000000001,E,8,999.0,E,8,0.35,E,8,-9900,?,9,-9900,?,9,0.0,E,8,-9900,?,9,-9900,?,9,0.0,0.0,E,8
04/16/2018,10:00,939.908,1356.066,301.04,1,8,12.624,1,8,292.293,1,8,36124.8,1,8,1199.258,1,8,32152.238,1,8,134.277,1,8,-9900,?,9,-9900,?,9,14.35,E,8,11.1,E,8,80.0,E,8,822.9788000000001,E,8,999.0,E,8,0.47,E,8,-9900,?,9,-9900,?,9,0.0,E,8,-9900,?,9,-9900,?,9,0.0,0.0,E,8
04/16/2018,11:00,1087.794,1356.066,380.23,1,8,20.487,1,8,363.798,1,8,45627.6,1,8,1946.289,1,8,40017.828,1,8,144.383,1,8,-9900,?,9,-9900,?,9,15.48,E,8,11.48,E,8,77.0,E,8,822.9788000000001,E,8,999.0,E,8,0.89,E,8,-9900,?,9,-9900,?,9,0.0,E,8,-9900,?,9,-9900,?,9,0.0,0.0,E,8
04/16/2018,12:00,1155.746,1356.066,427.15,1,8,23.87,1,8,406.808,1,8,51258.0,1,8,2267.692,1,8,44748.879,1,8,151.952,1,8,-9900,?,9,-9900,?,9,16.38,E,8,11.78,E,8,74.0,E,8,822.9788000000001,E,8,999.0,E,8,1.1,E,8,-9900,?,9,-9900,?,9,0.0,E,8,-9900,?,9,-9900,?,9,0.0,0.0,E,8
04/16/2018,13:00,1139.115,1356.066,438.33,1,8,27.97,1,8,414.838,1,8,52599.6,1,8,2657.105,1,8,45632.188,1,8,157.215,1,8,-9900,?,9,-9900,?,9,17.03,E,8,11.99,E,8,72.0,E,8,822.9788000000001,E,8,999.0,E,8,1.46,E,8,-9900,?,9,-9900,?,9,0.0,E,8,-9900,?,9,-9900,?,9,0.0,0.0,E,8
04/16/2018,14:00,1039.037,1356.066,412.93,1,8,34.177,1,8,386.749,1,8,49551.6,1,8,3246.775,1,8,42542.371,1,8,160.701,1,8,-9900,?,9,-9900,?,9,17.4,E,8,12.11,E,8,71.0,E,8,822.9788000000001,E,8,999.0,E,8,2.22,E,8,-9900,?,9,-9900,?,9,0.0,E,8,-9900,?,9,-9900,?,9,0.0,0.0,E,8
04/16/2018,15:00,862.361,1356.066,352.82,1,8,73.363,1,8,306.187,1,8,42338.4,1,8,6969.441,1,8,33680.553,1,8,153.326,1,8,-9900,?,9,-9900,?,9,17.5,E,8,12.14,E,8,70.0,E,8,822.9788000000001,E,8,999.0,E,8,2.12,E,8,-9900,?,9,-9900,?,9,0.0,E,8,-9900,?,9,-9900,?,9,0.0,0.0,E,8
04/16/2018,16:00,621.21,1356.066,262.55,1,8,106.738,1,8,213.708,1,8,31506.0,1,8,10140.073,1,8,23507.83,1,8,148.659,1,8,-9900,?,9,-9900,?,9,17.23,E,8,12.05,E,8,71.0,E,8,822.9788000000001,E,8,999.0,E,8,1.34,E,8,-9900,?,9,-9900,?,9,0.0,E,8,-9900,?,9,-9900,?,9,0.0,0.0,E,8
04/16/2018,17:00,332.385,1356.066,149.8,1,8,227.361,1,8,94.321,1,8,17976.0,1,8,21599.298,1,8,10375.271,1,8,123.039,1,8,-9900,?,9,-9900,?,9,16.56,E,8,11.84,E,8,73.0,E,8,822.9788000000001,E,8,999.0,E,8,1.03,E,8,-9900,?,9,-9900,?,9,0.0,E,8,-9900,?,9,-9900,?,9,0.0,0.0,E,8
04/16/2018,18:00,22.551,1356.066,31.98,1,8,0.0,1,8,31.98,1,8,3837.6,1,8,0.0,1,8,3517.8,1,8,1074.541,1,8,-9900,?,9,-9900,?,9,15.57,E,8,11.51,E,8,76.0,E,8,822.9788000000001,E,8,999.0,E,8,0.75,E,8,-9900,?,9,-9900,?,9,0.0,E,8,-9900,?,9,-9900,?,9,0.0,0.0,E,8
04/16/2018,19:00,0.0,1356.066,0.0,1,8,0.0,1,8,0.0,1,8,0.0,1,8,0.0,1,8,0.0,1,8,-0.0,1,8,-9900,?,9,-9900,?,9,14.92,E,8,11.29,E,8,78.0,E,8,822.9788000000001,E,8,999.0,E,8,0.67,E,8,-9900,?,9,-9900,?,9,0.0,E,8,-9900,?,9,-9900,?,9,0.0,0.0,E,8
04/16/2018,20:00,0.0,1356.066,0.0,1,8,0.0,1,8,0.0,1,8,0.0,1,8,0.0,1,8,0.0,1,8,-0.0,1,8,-9900,?,9,-9900,?,9,14.27,E,8,11.07,E,8,81.0,E,8,822.9788000000001,E,8,999.0,E,8,0.22,E,8,-9900,?,9,-9900,?,9,0.0,E,8,-9900,?,9,-9900,?,9,0.0,0.0,E,8
04/16/2018,21:00,0.0,1356.066,0.0,1,8,0.0,1,8,0.0,1,8,0.0,1,8,0.0,1,8,0.0,1,8,-0.0,1,8,-9900,?,9,-9900,?,9,13.62,E,8,10.84,E,8,83.0,E,8,822.9788000000001,E,8,999.0,E,8,0.22,E,8,-9900,?,9,-9900,?,9,0.0,E,8,-9900,?,9,-9900,?,9,0.0,0.0,E,8
04/16/2018,22:00,0.0,1356.066,0.0,1,8,0.0,1,8,0.0,1,8,0.0,1,8,0.0,1,8,0.0,1,8,-0.0,1,8,-9900,?,9,-9900,?,9,12.97,E,8,10.62,E,8,85.0,E,8,822.9788000000001,E,8,999.0,E,8,0.22,E,8,-9900,?,9,-9900,?,9,0.0,E,8,-9900,?,9,-9900,?,9,0.0,0.0,E,8
04/16/2018,23:00,0.0,1356.066,0.0,1,8,0.0,1,8,0.0,1,8,0.0,1,8,0.0,1,8,0.0,1,8,-0.0,1,8,-9900,?,9,-9900,?,9,12.32,E,8,10.39,E,8,87.0,E,8,822.9788000000001,E,8,999.0,E,8,0.22,E,8,-9900,?,9,-9900,?,9,0.0,E,8,-9900,?,9,-9900,?,9,0.0,0.0,E,8
04/16/2018,24:00,0.0,1356.066,0.0,1,8,0.0,1,8,0.0,1,8,0.0,1,8,0.0,1,8,0.0,1,8,-0.0,1,8,-9900,?,9,-9900,?,9,11.67,E,8,6.57,E,8,70.0,E,8,822.9788000000001,E,8,999.0,E,8,0.27,E,8,-9900,?,9,-9900,?,9,0.0,E,8,-9900,?,9,-9900,?,9,0.0,0.0,E,8
04/17/2018,01:00,0.0,1356.066,0.0,1,8,0.0,1,8,0.0,1,8,0.0,1,8,0.0,1,8,0.0,1,8,-0.0,1,8,-9900,?,9,-9900,?,9,11.34,E,8,7.0,E,8,74.0,E,8,822.9788000000001,E,8,999.0,E,8,0.27,E,8,-9900,?,9,-9900,?,9,0.0,E,8,-9900,?,9,-9900,?,9,0.0,0.0,E,8
04/17/2018,02:00,0.0,1356.066,0.0,1,8,0.0,1,8,0.0,1,8,0.0,1,8,0.0,1,8,0.0,1,8,-0.0,1,8,-9900,?,9,-9900,?,9,11.02,E,8,7.4,E,8,78.0,E,8,822.9788000000001,E,8,999.0,E,8,0.27,E,8,-9900,?,9,-9900,?,9,0.0,E,8,-9900,?,9,-9900,?,9,0.0,0.0,E,8
04/17/2018,03:00,0.0,1356.066,0.0,1,8,0.0,1,8,0.0,1,8,0.0,1,8,0.0,1,8,0.0,1,8,-0.0,1,8,-9900,?,9,-9900,?,9,10.69,E,8,7.81,E,8,82.0,E,8,822.9788000000001,E,8,999.0,E,8,0.27,E,8,-9900,?,9,-9900,?,9,0.0,E,8,-9900,?,9,-9900,?,9,0.0,0.0,E,8
04/17/2018,04:00,0.0,1355.29,0.0,1,8,0.0,1,8,0.0,1,8,0.0,1,8,0.0,1,8,0.0,1,8,-0.0,1,8,-9900,?,9,-9900,?,9,10.37,E,8,8.2,E,8,86.0,E,8,822.9788000000001,E,8,999.0,E,8,0.27,E,8,-9900,?,9,-9900,?,9,0.0,E,8,-9900,?,9,-9900,?,9,0.0,0.0,E,8
04/17/2018,05:00,0.0,1355.29,0.0,1,8,0.0,1,8,0.0,1,8,0.0,1,8,0.0,1,8,0.0,1,8,-0.0,1,8,-9900,?,9,-9900,?,9,10.04,E,8,8.59,E,8,90.0,E,8,822.9788000000001,E,8,999.0,E,8,0.27,E,8,-9900,?,9,-9900,?,9,0.0,E,8,-9900,?,9,-9900,?,9,0.0,0.0,E,8
04/17/2018,06:00,0.0,1355.29,0.0,1,8,0.0,1,8,0.0,1,8,0.0,1,8,0.0,1,8,0.0,1,8,-0.0,1,8,-9900,?,9,-9900,?,9,9.79,E,8,8.87,E,8,94.0,E,8,822.9788000000001,E,8,999.0,E,8,0.27,E,8,-9900,?,9,-9900,?,9,0.0,E,8,-9900,?,9,-9900,?,9,0.0,0.0,E,8
04/17/2018,07:00,140.62,1355.29,0.0,1,8,0.0,1,8,0.0,1,8,0.0,1,8,0.0,1,8,0.0,1,8,0.0,1,8,-9900,?,9,-9900,?,9,9.58,E,8,9.11,E,8,96.0,E,8,822.9788000000001,E,8,999.0,E,8,0.27,E,8,-9900,?,9,-9900,?,9,0.0,E,8,-9900,?,9,-9900,?,9,0.0,0.0,E,8
04/17/2018,08:00,447.101,1355.29,74.82,1,8,0.0,1,8,74.82,1,8,8978.4,1,8,0.0,1,8,8230.2,1,8,72.364,1,8,-9900,?,9,-9900,?,9,9.36,E,8,9.36,E,8,99.0,E,8,822.9788000000001,E,8,999.0,E,8,0.27,E,8,-9900,?,9,-9900,?,9,0.0,E,8,-9900,?,9,-9900,?,9,0.0,0.0,E,8
04/17/2018,09:00,718.911,1355.29,226.82,1,8,22.62,1,8,214.83,1,8,27218.4,1,8,2148.905,1,8,23631.324,1,8,129.011,1,8,-9900,?,9,-9900,?,9,12.13,E,8,5.95,E,8,65.0,E,8,822.9788000000001,E,8,999.0,E,8,0.27,E,8,-9900,?,9,-9900,?,9,0.0,E,8,-9900,?,9,-9900,?,9,0.0,0.0,E,8
04/17/2018,10:00,935.982,1355.29,447.9,1,8,139.455,1,8,351.622,1,8,53748.0,1,8,13248.18,1,8,38678.402,1,8,162.118,1,8,-9900,?,9,-9900,?,9,13.95,E,8,3.24,E,8,48.0,E,8,822.9788000000001,E,8,999.0,E,8,0.27,E,8,-9900,?,9,-9900,?,9,0.0,E,8,-9900,?,9,-9900,?,9,0.0,0.0,E,8
04/17/2018,11:00,1083.324,1355.29,618.74,1,8,196.752,1,8,461.496,1,8,74248.8,1,8,18691.435,1,8,50764.608,1,8,183.808,1,8,-9900,?,9,-9900,?,9,15.65,E,8,0.19,E,8,34.0,E,8,822.9788000000001,E,8,999.0,E,8,0.6,E,8,-9900,?,9,-9900,?,9,0.0,E,8,-9900,?,9,-9900,?,9,0.0,0.0,E,8
04/17/2018,12:00,1150.839,1355.29,659.65,1,8,245.098,1,8,451.549,1,8,79158.0,1,8,23284.349,1,8,49670.431,1,8,169.287,1,8,-9900,?,9,-9900,?,9,16.82,E,8,-2.05,E,8,26.0,E,8,822.9788000000001,E,8,999.0,E,8,1.11,E,8,-9900,?,9,-9900,?,9,0.0,E,8,-9900,?,9,-9900,?,9,0.0,0.0,E,8
04/17/2018,13:00,1133.909,1355.29,651.06,1,8,271.464,1,8,423.968,1,8,78127.2,1,8,25789.048,1,8,46636.428,1,8,161.321,1,8,-9900,?,9,-9900,?,9,17.57,E,8,-3.7,E,8,22.0,E,8,822.9788000000001,E,8,999.0,E,8,1.12,E,8,-9900,?,9,-9900,?,9,0.0,E,8,-9900,?,9,-9900,?,9,0.0,0.0,E,8
04/17/2018,14:00,1033.69,1355.29,731.91,1,8,525.194,1,8,331.425,1,8,87829.2,1,8,49893.447,1,8,36456.767,1,8,138.347,1,8,-9900,?,9,-9900,?,9,18.32,E,8,-5.61,E,8,18.0,E,8,822.9788000000001,E,8,999.0,E,8,1.08,E,8,-9900,?,9,-9900,?,9,0.0,E,8,-9900,?,9,-9900,?,9,0.0,0.0,E,8
04/17/2018,15:00,857.041,1355.29,594.58,1,8,531.421,1,8,258.675,1,8,71349.6,1,8,50485.012,1,8,28454.236,1,8,130.265,1,8,-9900,?,9,-9900,?,9,18.56,E,8,-6.28,E,8,16.0,E,8,822.9788000000001,E,8,999.0,E,8,1.04,E,8,-9900,?,9,-9900,?,9,0.0,E,8,-9900,?,9,-9900,?,9,0.0,0.0,E,8
04/17/2018,16:00,616.085,1355.29,464.99,1,8,780.791,1,8,110.457,1,8,55798.8,1,8,74175.182,1,8,12150.301,1,8,77.432,1,8,-9900,?,9,-9900,?,9,18.44,E,8,-5.94,E,8,17.0,E,8,822.9788000000001,E,8,999.0,E,8,1.78,E,8,-9900,?,9,-9900,?,9,0.0,E,8,-9900,?,9,-9900,?,9,0.0,0.0,E,8
04/17/2018,17:00,327.619,1355.29,275.66,1,8,676.632,1,8,112.848,1,8,33079.2,1,8,64280.042,1,8,12413.239,1,8,149.282,1,8,-9900,?,9,-9900,?,9,17.75,E,8,-4.14,E,8,21.0,E,8,822.9788000000001,E,8,999.0,E,8,1.88,E,8,-9900,?,9,-9900,?,9,0.0,E,8,-9900,?,9,-9900,?,9,0.0,0.0,E,8
04/17/2018,18:00,18.759,1355.29,46.51,1,8,0.0,1,8,46.51,1,8,5581.2,1,8,0.0,1,8,5116.1,1,8,2351.074,1,8,-9900,?,9,-9900,?,9,16.53,E,8,-1.46,E,8,28.0,E,8,822.9788000000001,E,8,999.0,E,8,1.05,E,8,-9900,?,9,-9900,?,9,0.0,E,8,-9900,?,9,-9900,?,9,0.0,0.0,E,8
04/17/2018,19:00,0.0,1355.29,0.0,1,8,0.0,1,8,0.0,1,8,0.0,1,8,0.0,1,8,0.0,1,8,-0.0,1,8,-9900,?,9,-9900,?,9,15.89,E,8,-0.25,E,8,33.0,E,8,822.9788000000001,E,8,999.0,E,8,0.78,E,8,-9900,?,9,-9900,?,9,0.0,E,8,-9900,?,9,-9900,?,9,0.0,0.0,E,8
04/17/2018,20:00,0.0,1355.29,0.0,1,8,0.0,1,8,0.0,1,8,0.0,1,8,0.0,1,8,0.0,1,8,-0.0,1,8,-9900,?,9,-9900,?,9,15.25,E,8,0.97,E,8,37.0,E,8,822.9788000000001,E,8,999.0,E,8,0.44,E,8,-9900,?,9,-9900,?,9,0.0,E,8,-9900,?,9,-9900,?,9,0.0,0.0,E,8
04/17/2018,21:00,0.0,1355.29,0.0,1,8,0.0,1,8,0.0,1,8,0.0,1,8,0.0,1,8,0.0,1,8,-0.0,1,8,-9900,?,9,-9900,?,9,14.6,E,8,2.14,E,8,42.0,E,8,822.9788000000001,E,8,999.0,E,8,0.27,E,8,-9900,?,9,-9900,?,9,0.0,E,8,-9900,?,9,-9900,?,9,0.0,0.0,E,8
04/17/2018,22:00,0.0,1355.29,0.0,1,8,0.0,1,8,0.0,1,8,0.0,1,8,0.0,1,8,0.0,1,8,-0.0,1,8,-9900,?,9,-9900,?,9,13.96,E,8,3.22,E,8,48.0,E,8,822.9788000000001,E,8,999.0,E,8,0.27,E,8,-9900,?,9,-9900,?,9,0.0,E,8,-9900,?,9,-9900,?,9,0.0,0.0,E,8
04/17/2018,23:00,0.0,1355.29,0.0,1,8,0.0,1,8,0.0,1,8,0.0,1,8,0.0,1,8,0.0,1,8,-0.0,1,8,-9900,?,9,-9900,?,9,13.32,E,8,4.23,E,8,54.0,E,8,822.9788000000001,E,8,999.0,E,8,0.27,E,8,-9900,?,9,-9900,?,9,0.0,E,8,-9900,?,9,-9900,?,9,0.0,0.0,E,8
04/17/2018,24:00,0.0,1355.29,0.0,1,8,0.0,1,8,0.0,1,8,0.0,1,8,0.0,1,8,0.0,1,8,-0.0,1,8,-9900,?,9,-9900,?,9,12.68,E,8,7.89,E,8,72.0,E,8,822.9788000000001,E,8,999.0,E,8,0.18,E,8,-9900,?,9,-9900,?,9,0.0,E,8,-9900,?,9,-9900,?,9,0.0,0.0,E,8
04/18/2018,01:00,0.0,1355.29,0.0,1,8,0.0,1,8,0.0,1,8,0.0,1,8,0.0,1,8,0.0,1,8,-0.0,1,8,-9900,?,9,-9900,?,9,12.36,E,8,8.19,E,8,75.0,E,8,822.9788000000001,E,8,999.0,E,8,0.18,E,8,-9900,?,9,-9900,?,9,0.0,E,8,-9900,?,9,-9900,?,9,0.0,0.0,E,8
04/18/2018,02:00,0.0,1355.29,0.0,1,8,0.0,1,8,0.0,1,8,0.0,1,8,0.0,1,8,0.0,1,8,-0.0,1,8,-9900,?,9,-9900,?,9,12.04,E,8,8.48,E,8,83.0,E,8,822.9788000000001,E,8,999.0,E,8,0.18,E,8,-9900,?,9,-9900,?,9,0.098,E,8,-9900,?,9,-9900,?,9,0.98,99.0,E,8
04/18/2018,03:00,0.0,1355.29,0.0,1,8,0.0,1,8,0.0,1,8,0.0,1,8,0.0,1,8,0.0,1,8,-0.0,1,8,-9900,?,9,-9900,?,9,11.72,E,8,8.77,E,8,87.0,E,8,822.9788000000001,E,8,999.0,E,8,0.18,E,8,-9900,?,9,-9900,?,9,0.002,E,8,-9900,?,9,-9900,?,9,0.02,99.0,E,8
04/18/2018,04:00,0.0,1354.519,0.0,1,8,0.0,1,8,0.0,1,8,0.0,1,8,0.0,1,8,0.0,1,8,-0.0,1,8,-9900,?,9,-9900,?,9,11.39,E,8,9.07,E,8,85.0,E,8,822.9788000000001,E,8,999.0,E,8,0.18,E,8,-9900,?,9,-9900,?,9,0.0,E,8,-9900,?,9,-9900,?,9,0.0,0.0,E,8
04/18/2018,05:00,0.0,1354.519,0.0,1,8,0.0,1,8,0.0,1,8,0.0,1,8,0.0,1,8,0.0,1,8,-0.0,1,8,-9900,?,9,-9900,?,9,11.07,E,8,9.35,E,8,89.0,E,8,822.9788000000001,E,8,999.0,E,8,0.18,E,8,-9900,?,9,-9900,?,9,0.0,E,8,-9900,?,9,-9900,?,9,0.0,0.0,E,8
04/18/2018,06:00,0.0,1354.519,0.0,1,8,0.0,1,8,0.0,1,8,0.0,1,8,0.0,1,8,0.0,1,8,-0.0,1,8,-9900,?,9,-9900,?,9,10.83,E,8,9.55,E,8,91.0,E,8,822.9788000000001,E,8,999.0,E,8,0.18,E,8,-9900,?,9,-9900,?,9,0.0,E,8,-9900,?,9,-9900,?,9,0.0,0.0,E,8
04/18/2018,07:00,138.595,1354.519,0.0,1,8,0.0,1,8,0.0,1,8,0.0,1,8,0.0,1,8,0.0,1,8,0.0,1,8,-9900,?,9,-9900,?,9,10.61,E,8,9.74,E,8,94.0,E,8,822.9788000000001,E,8,999.0,E,8,0.18,E,8,-9900,?,9,-9900,?,9,0.0,E,8,-9900,?,9,-9900,?,9,0.0,0.0,E,8
04/18/2018,08:00,444.416,1354.519,91.96,1,8,0.0,1,8,91.96,1,8,11035.2,1,8,0.0,1,8,10115.6,1,8,89.431,1,8,-9900,?,9,-9900,?,9,10.4,E,8,9.92,E,8,96.0,E,8,822.9788000000001,E,8,999.0,E,8,0.18,E,8,-9900,?,9,-9900,?,9,0.0,E,8,-9900,?,9,-9900,?,9,0.0,0.0,E,8
04/18/2018,09:00,715.58,1354.519,238.92,1,8,29.092,1,8,223.562,1,8,28670.4,1,8,2763.77,1,8,24591.866,1,8,134.805,1,8,-9900,?,9,-9900,?,9,13.89,E,8,6.7,E,8,61.0,E,8,822.9788000000001,E,8,999.0,E,8,0.19,E,8,-9900,?,9,-9900,?,9,0.0,E,8,-9900,?,9,-9900,?,9,0.0,0.0,E,8
04/18/2018,10:00,932.039,1354.519,367.99,1,8,51.867,1,8,332.312,1,8,44158.8,1,8,4927.364,1,8,36554.343,1,8,153.776,1,8,-9900,?,9,-9900,?,9,15.31,E,8,5.18,E,8,50.0,E,8,822.9788000000001,E,8,999.0,E,8,0.37,E,8,-9900,?,9,-9900,?,9,0.0,E,8,-9900,?,9,-9900,?,9,0.0,0.0,E,8
04/18/2018,11:00,1078.842,1354.519,465.09,1,8,76.766,1,8,403.958,1,8,55810.8,1,8,7292.767,1,8,44435.391,1,8,161.468,1,8,-9900,?,9,-9900,?,9,16.54,E,8,3.74,E,8,42.0,E,8,822.9788000000001,E,8,999.0,E,8,1.19,E,8,-9900,?,9,-9900,?,9,0.0,E,8,-9900,?,9,-9900,?,9,0.0,0.0,E,8
04/18/2018,12:00,1145.929,1354.519,522.48,1,8,91.111,1,8,445.409,1,8,62697.6,1,8,8655.531,1,8,48994.972,1,8,167.605,1,8,-9900,?,9,-9900,?,9,17.51,E,8,2.5,E,8,36.0,E,8,822.9788000000001,E,8,999.0,E,8,1.65,E,8,-9900,?,9,-9900,?,9,0.0,E,8,-9900,?,9,-9900,?,9,0.0,0.0,E,8
04/18/2018,13:00,1128.71,1354.519,535.87,1,8,108.861,1,8,445.169,1,8,64304.4,1,8,10341.787,1,8,48968.571,1,8,170.072,1,8,-9900,?,9,-9900,?,9,18.21,E,8,1.54,E,8,32.0,E,8,822.9788000000001,E,8,999.0,E,8,2.33,E,8,-9900,?,9,-9900,?,9,0.0,E,8,-9900,?,9,-9900,?,9,0.0,0.0,E,8
04/18/2018,14:00,1028.362,1354.519,504.3,1,8,91.89,1,8,434.551,1,8,60516.0,1,8,8729.564,1,8,47800.645,1,8,182.232,1,8,-9900,?,9,-9900,?,9,18.62,E,8,0.95,E,8,30.0,E,8,822.9788000000001,E,8,999.0,E,8,2.08,E,8,-9900,?,9,-9900,?,9,0.0,E,8,-9900,?,9,-9900,?,9,0.0,0.0,E,8
04/18/2018,15:00,851.753,1354.519,430.08,1,8,90.984,1,8,372.893,1,8,51609.6,1,8,8643.476,1,8,41018.215,1,8,188.843,1,8,-9900,?,9,-9900,?,9,18.72,E,8,0.8,E,8,29.0,E,8,822.9788000000001,E,8,999.0,E,8,2.16,E,8,-9900,?,9,-9900,?,9,0.0,E,8,-9900,?,9,-9900,?,9,0.0,0.0,E,8
04/18/2018,16:00,611.005,1354.519,318.83,1,8,263.575,1,8,200.071,1,8,38259.6,1,8,25039.584,1,8,22007.803,1,8,141.342,1,8,-9900,?,9,-9900,?,9,18.42,E,8,1.24,E,8,31.0,E,8,822.9788000000001,E,8,999.0,E,8,1.13,E,8,-9900,?,9,-9900,?,9,0.0,E,8,-9900,?,9,-9900,?,9,0.0,0.0,E,8
04/18/2018,17:00,322.911,1354.519,180.1,1,8,474.526,1,8,67.511,1,8,21612.0,1,8,45080.017,1,8,7426.185,1,8,90.571,1,8,-9900,?,9,-9900,?,9,17.68,E,8,2.27,E,8,35.0,E,8,822.9788000000001,E,8,999.0,E,8,0.88,E,8,-9900,?,9,-9900,?,9,0.0,E,8,-9900,?,9,-9900,?,9,0.0,0.0,E,8
04/18/2018,18:00,15.063,1354.519,36.07,1,8,0.0,1,8,36.07,1,8,4328.4,1,8,0.0,1,8,3967.7,1,8,3626.242,1,8,-9900,?,9,-9900,?,9,16.61,E,8,3.65,E,8,41.0,E,8,822.9788000000001,E,8,999.0,E,8,0.18,E,8,-9900,?,9,-9900,?,9,0.0,E,8,-9900,?,9,-9900,?,9,0.0,0.0,E,8
04/18/2018,19:00,0.0,1354.519,0.0,1,8,0.0,1,8,0.0,1,8,0.0,1,8,0.0,1,8,0.0,1,8,-0.0,1,8,-9900,?,9,-9900,?,9,16.11,E,8,4.26,E,8,45.0,E,8,822.9788000000001,E,8,999.0,E,8,0.19,E,8,-9900,?,9,-9900,?,9,0.0,E,8,-9900,?,9,-9900,?,9,0.0,0.0,E,8
04/18/2018,20:00,0.0,1354.519,0.0,1,8,0.0,1,8,0.0,1,8,0.0,1,8,0.0,1,8,0.0,1,8,-0.0,1,8,-9900,?,9,-9900,?,9,15.61,E,8,4.84,E,8,48.0,E,8,822.9788000000001,E,8,999.0,E,8,0.18,E,8,-9900,?,9,-9900,?,9,0.0,E,8,-9900,?,9,-9900,?,9,0.0,0.0,E,8
04/18/2018,21:00,0.0,1354.519,0.0,1,8,0.0,1,8,0.0,1,8,0.0,1,8,0.0,1,8,0.0,1,8,-0.0,1,8,-9900,?,9,-9900,?,9,15.1,E,8,5.42,E,8,52.0,E,8,822.9788000000001,E,8,999.0,E,8,0.18,E,8,-9900,?,9,-9900,?,9,0.0,E,8,-9900,?,9,-9900,?,9,0.0,0.0,E,8
04/18/2018,22:00,0.0,1354.519,0.0,1,8,0.0,1,8,0.0,1,8,0.0,1,8,0.0,1,8,0.0,1,8,-0.0,1,8,-9900,?,9,-9900,?,9,14.6,E,8,5.96,E,8,56.0,E,8,822.9788000000001,E,8,999.0,E,8,0.18,E,8,-9900,?,9,-9900,?,9,0.0,E,8,-9900,?,9,-9900,?,9,0.0,0.0,E,8
04/18/2018,23:00,0.0,1354.519,0.0,1,8,0.0,1,8,0.0,1,8,0.0,1,8,0.0,1,8,0.0,1,8,-0.0,1,8,-9900,?,9,-9900,?,9,14.1,E,8,6.49,E,8,60.0,E,8,822.9788000000001,E,8,999.0,E,8,0.18,E,8,-9900,?,9,-9900,?,9,0.0,E,8,-9900,?,9,-9900,?,9,0.0,0.0,E,8
04/18/2018,24:00,0.0,1354.519,0.0,1,8,0.0,1,8,0.0,1,8,0.0,1,8,0.0,1,8,0.0,1,8,-0.0,1,8,-9900,?,9,-9900,?,9,13.6,E,8,9.87,E,8,80.0,E,8,822.9788000000001,E,8,999.0,E,8,0.16,E,8,-9900,?,9,-9900,?,9,0.001,E,8,-9900,?,9,-9900,?,9,0.01,99.0,E,8
04/19/2018,01:00,0.0,1354.519,0.0,1,8,0.0,1,8,0.0,1,8,0.0,1,8,0.0,1,8,0.0,1,8,-0.0,1,8,-9900,?,9,-9900,?,9,13.35,E,8,10.08,E,8,82.0,E,8,822.9788000000001,E,8,999.0,E,8,0.16,E,8,-9900,?,9,-9900,?,9,0.016,E,8,-9900,?,9,-9900,?,9,0.16,99.0,E,8
04/19/2018,02:00,0.0,1354.519,0.0,1,8,0.0,1,8,0.0,1,8,0.0,1,8,0.0,1,8,0.0,1,8,-0.0,1,8,-9900,?,9,-9900,?,9,13.1,E,8,10.29,E,8,85.0,E,8,822.9788000000001,E,8,999.0,E,8,0.16,E,8,-9900,?,9,-9900,?,9,0.006,E,8,-9900,?,9,-9900,?,9,0.06,99.0,E,8
04/19/2018,03:00,0.0,1354.519,0.0,1,8,0.0,1,8,0.0,1,8,0.0,1,8,0.0,1,8,0.0,1,8,-0.0,1,8,-9900,?,9,-9900,?,9,12.85,E,8,10.5,E,8,96.0,E,8,822.9788000000001,E,8,999.0,E,8,0.16,E,8,-9900,?,9,-9900,?,9,0.526,E,8,-9900,?,9,-9900,?,9,5.26,99.0,E,8
04/19/2018,04:00,0.0,1353.752,0.0,1,8,0.0,1,8,0.0,1,8,0.0,1,8,0.0,1,8,0.0,1,8,-0.0,1,8,-9900,?,9,-9900,?,9,12.59,E,8,10.71,E,8,89.0,E,8,822.9788000000001,E,8,999.0,E,8,0.16,E,8,-9900,?,9,-9900,?,9,0.002,E,8,-9900,?,9,-9900,?,9,0.02,99.0,E,8
04/19/2018,05:00,0.0,1353.752,0.0,1,8,0.0,1,8,0.0,1,8,0.0,1,8,0.0,1,8,0.0,1,8,-0.0,1,8,-9900,?,9,-9900,?,9,12.34,E,8,10.91,E,8,87.0,E,8,822.9788000000001,E,8,999.0,E,8,0.16,E,8,-9900,?,9,-9900,?,9,0.0,E,8,-9900,?,9,-9900,?,9,0.0,0.0,E,8
04/19/2018,06:00,0.0,1353.752,0.0,1,8,0.0,1,8,0.0,1,8,0.0,1,8,0.0,1,8,0.0,1,8,-0.0,1,8,-9900,?,9,-9900,?,9,12.15,E,8,11.06,E,8,89.0,E,8,822.9788000000001,E,8,999.0,E,8,0.16,E,8,-9900,?,9,-9900,?,9,0.0,E,8,-9900,?,9,-9900,?,9,0.0,0.0,E,8
04/19/2018,07:00,136.558,1353.752,0.0,1,8,0.0,1,8,0.0,1,8,0.0,1,8,0.0,1,8,0.0,1,8,0.0,1,8,-9900,?,9,-9900,?,9,11.98,E,8,11.2,E,8,91.0,E,8,822.9788000000001,E,8,999.0,E,8,0.16,E,8,-9900,?,9,-9900,?,9,0.0,E,8,-9900,?,9,-9900,?,9,0.0,0.0,E,8
04/19/2018,08:00,441.713,1353.752,81.78,1,8,0.0,1,8,81.78,1,8,9813.6,1,8,0.0,1,8,8995.8,1,8,79.975,1,8,-9900,?,9,-9900,?,9,11.82,E,8,11.32,E,8,93.0,E,8,822.9788000000001,E,8,999.0,E,8,0.16,E,8,-9900,?,9,-9900,?,9,0.0,E,8,-9900,?,9,-9900,?,9,0.0,0.0,E,8
04/19/2018,09:00,712.231,1353.752,213.57,1,8,18.023,1,8,204.095,1,8,25628.4,1,8,1712.224,1,8,22450.432,1,8,123.576,1,8,-9900,?,9,-9900,?,9,14.57,E,8,9.01,E,8,67.0,E,8,822.9788000000001,E,8,999.0,E,8,0.16,E,8,-9900,?,9,-9900,?,9,0.0,E,8,-9900,?,9,-9900,?,9,0.0,0.0,E,8
04/19/2018,10:00,928.081,1353.752,329.31,1,8,15.688,1,8,318.558,1,8,39517.2,1,8,1490.389,1,8,35041.409,1,8,147.957,1,8,-9900,?,9,-9900,?,9,15.69,E,8,7.97,E,8,58.0,E,8,822.9788000000001,E,8,999.0,E,8,0.16,E,8,-9900,?,9,-9900,?,9,0.0,E,8,-9900,?,9,-9900,?,9,0.0,0.0,E,8
04/19/2018,11:00,1074.351,1353.752,416.35,1,8,12.547,1,8,406.394,1,8,49962.0,1,8,1191.987,1,8,44703.352,1,8,163.029,1,8,-9900,?,9,-9900,?,9,16.66,E,8,7.01,E,8,52.0,E,8,822.9788000000001,E,8,999.0,E,8,0.65,E,8,-9900,?,9,-9900,?,9,0.0,E,8,-9900,?,9,-9900,?,9,0.0,0.0,E,8
04/19/2018,12:00,1141.018,1353.752,467.72,1,8,59.708,1,8,417.401,1,8,56126.4,1,8,5672.247,1,8,45914.101,1,8,157.653,1,8,-9900,?,9,-9900,?,9,17.44,E,8,6.19,E,8,47.0,E,8,822.9788000000001,E,8,999.0,E,8,1.31,E,8,-9900,?,9,-9900,?,9,0.0,E,8,-9900,?,9,-9900,?,9,0.0,0.0,E,8
04/19/2018,13:00,1123.521,1353.752,479.59,1,8,71.063,1,8,420.62,1,8,57550.8,1,8,6751.026,1,8,46268.211,1,8,161.345,1,8,-9900,?,9,-9900,?,9,17.99,E,8,5.59,E,8,43.0,E,8,822.9788000000001,E,8,999.0,E,8,2.2,E,8,-9900,?,9,-9900,?,9,0.0,E,8,-9900,?,9,-9900,?,9,0.0,0.0,E,8
04/19/2018,14:00,1023.056,1353.752,451.11,1,8,102.335,1,8,373.791,1,8,54133.2,1,8,9721.789,1,8,41116.994,1,8,157.476,1,8,-9900,?,9,-9900,?,9,18.31,E,8,5.22,E,8,42.0,E,8,822.9788000000001,E,8,999.0,E,8,2.19,E,8,-9900,?,9,-9900,?,9,0.0,E,8,-9900,?,9,-9900,?,9,0.0,0.0,E,8
04/19/2018,15:00,846.5,1353.752,384.36,1,8,135.647,1,8,299.579,1,8,46123.2,1,8,12886.47,1,8,32953.668,1,8,152.571,1,8,-9900,?,9,-9900,?,9,18.39,E,8,5.13,E,8,41.0,E,8,822.9788000000001,E,8,999.0,E,8,2.47,E,8,-9900,?,9,-9900,?,9,0.0,E,8,-9900,?,9,-9900,?,9,0.0,0.0,E,8
04/19/2018,16:00,605.973,1353.752,284.4,1,8,170.178,1,8,208.313,1,8,34128.0,1,8,16166.866,1,8,22914.437,1,8,148.306,1,8,-9900,?,9,-9900,?,9,18.15,E,8,5.41,E,8,42.0,E,8,822.9788000000001,E,8,999.0,E,8,1.58,E,8,-9900,?,9,-9900,?,9,0.0,E,8,-9900,?,9,-9900,?,9,0.0,0.0,E,8
04/19/2018,17:00,318.261,1353.752,159.85,1,8,357.482,1,8,76.217,1,8,19182.0,1,8,33960.786,1,8,8383.873,1,8,103.7,1,8,-9900,?,9,-9900,?,9,17.56,E,8,6.06,E,8,46.0,E,8,822.9788000000001,E,8,999.0,E,8,1.06,E,8,-9900,?,9,-9900,?,9,0.0,E,8,-9900,?,9,-9900,?,9,0.0,0.0,E,8
04/19/2018,18:00,11.465,1353.752,30.97,1,8,0.0,1,8,30.97,1,8,3716.4,1,8,0.0,1,8,3406.7,1,8,119449.44,1,8,-9900,?,9,-9900,?,9,16.71,E,8,6.96,E,8,56.0,E,8,822.9788000000001,E,8,999.0,E,8,0.31,E,8,-9900,?,9,-9900,?,9,0.003,E,8,-9900,?,9,-9900,?,9,0.03,99.0,E,8
04/19/2018,19:00,0.0,1353.752,0.0,1,8,0.0,1,8,0.0,1,8,0.0,1,8,0.0,1,8,0.0,1,8,-0.0,1,8,-9900,?,9,-9900,?,9,16.2,E,8,7.47,E,8,59.0,E,8,822.9788000000001,E,8,999.0,E,8,0.21,E,8,-9900,?,9,-9900,?,9,0.032,E,8,-9900,?,9,-9900,?,9,0.32,99.0,E,8
04/19/2018,20:00,0.0,1353.752,0.0,1,8,0.0,1,8,0.0,1,8,0.0,1,8,0.0,1,8,0.0,1,8,-0.0,1,8,-9900,?,9,-9900,?,9,15.69,E,8,7.97,E,8,63.0,E,8,822.9788000000001,E,8,999.0,E,8,0.16,E,8,-9900,?,9,-9900,?,9,0.01,E,8,-9900,?,9,-9900,?,9,0.1,99.0,E,8
04/19/2018,21:00,0.0,1353.752,0.0,1,8,0.0,1,8,0.0,1,8,0.0,1,8,0.0,1,8,0.0,1,8,-0.0,1,8,-9900,?,9,-9900,?,9,15.18,E,8,8.45,E,8,67.0,E,8,822.9788000000001,E,8,999.0,E,8,0.28,E,8,-9900,?,9,-9900,?,9,0.004,E,8,-9900,?,9,-9900,?,9,0.04,99.0,E,8
04/19/2018,22:00,0.0,1353.752,0.0,1,8,0.0,1,8,0.0,1,8,0.0,1,8,0.0,1,8,0.0,1,8,-0.0,1,8,-9900,?,9,-9900,?,9,14.67,E,8,8.92,E,8,66.0,E,8,822.9788000000001,E,8,999.0,E,8,0.24,E,8,-9900,?,9,-9900,?,9,0.0,E,8,-9900,?,9,-9900,?,9,0.0,0.0,E,8
04/19/2018,23:00,0.0,1353.752,0.0,1,8,0.0,1,8,0.0,1,8,0.0,1,8,0.0,1,8,0.0,1,8,-0.0,1,8,-9900,?,9,-9900,?,9,14.16,E,8,9.38,E,8,70.0,E,8,822.9788000000001,E,8,999.0,E,8,0.26,E,8,-9900,?,9,-9900,?,9,0.0,E,8,-9900,?,9,-9900,?,9,0.0,0.0,E,8
04/19/2018,24:00,0.0,1353.752,0.0,1,8,0.0,1,8,0.0,1,8,0.0,1,8,0.0,1,8,0.0,1,8,-0.0,1,8,-9900,?,9,-9900,?,9,13.65,E,8,12.51,E,8,92.0,E,8,822.9788000000001,E,8,999.0,E,8,6.73,E,8,-9900,?,9,-9900,?,9,0.002,E,8,-9900,?,9,-9900,?,9,0.02,99.0,E,8
04/20/2018,01:00,0.0,1353.752,0.0,1,8,0.0,1,8,0.0,1,8,0.0,1,8,0.0,1,8,0.0,1,8,-0.0,1,8,-9900,?,9,-9900,?,9,13.4,E,8,12.36,E,8,93.0,E,8,822.9788000000001,E,8,999.0,E,8,10.62,E,8,-9900,?,9,-9900,?,9,0.004,E,8,-9900,?,9,-9900,?,9,0.04,99.0,E,8
04/20/2018,02:00,0.0,1353.752,0.0,1,8,0.0,1,8,0.0,1,8,0.0,1,8,0.0,1,8,0.0,1,8,-0.0,1,8,-9900,?,9,-9900,?,9,13.15,E,8,12.2,E,8,93.0,E,8,822.9788000000001,E,8,999.0,E,8,7.77,E,8,-9900,?,9,-9900,?,9,0.011,E,8,-9900,?,9,-9900,?,9,0.11,99.0,E,8
04/20/2018,03:00,0.0,1353.752,0.0,1,8,0.0,1,8,0.0,1,8,0.0,1,8,0.0,1,8,0.0,1,8,-0.0,1,8,-9900,?,9,-9900,?,9,12.89,E,8,12.04,E,8,96.0,E,8,822.9788000000001,E,8,999.0,E,8,11.29,E,8,-9900,?,9,-9900,?,9,0.28300000000000003,E,8,-9900,?,9,-9900,?,9,2.83,99.0,E,8
04/20/2018,04:00,0.0,1352.99,0.0,1,8,0.0,1,8,0.0,1,8,0.0,1,8,0.0,1,8,0.0,1,8,-0.0,1,8,-9900,?,9,-9900,?,9,12.64,E,8,11.88,E,8,91.0,E,8,822.9788000000001,E,8,999.0,E,8,16.02,E,8,-9900,?,9,-9900,?,9,0.0,E,8,-9900,?,9,-9900,?,9,0.0,0.0,E,8
04/20/2018,05:00,0.0,1352.99,0.0,1,8,0.0,1,8,0.0,1,8,0.0,1,8,0.0,1,8,0.0,1,8,-0.0,1,8,-9900,?,9,-9900,?,9,12.38,E,8,11.72,E,8,91.0,E,8,822.9788000000001,E,8,999.0,E,8,10.05,E,8,-9900,?,9,-9900,?,9,0.0,E,8,-9900,?,9,-9900,?,9,0.0,0.0,E,8
04/20/2018,06:00,0.0,1352.99,0.0,1,8,0.0,1,8,0.0,1,8,0.0,1,8,0.0,1,8,0.0,1,8,-0.0,1,8,-9900,?,9,-9900,?,9,12.18,E,8,11.59,E,8,91.0,E,8,822.9788000000001,E,8,999.0,E,8,4.93,E,8,-9900,?,9,-9900,?,9,0.0,E,8,-9900,?,9,-9900,?,9,0.0,0.0,E,8
04/20/2018,07:00,134.51,1352.99,0.0,1,8,0.0,1,8,0.0,1,8,0.0,1,8,0.0,1,8,0.0,1,8,0.0,1,8,-9900,?,9,-9900,?,9,12.02,E,8,11.49,E,8,91.0,E,8,822.9788000000001,E,8,999.0,E,8,4.28,E,8,-9900,?,9,-9900,?,9,0.0,E,8,-9900,?,9,-9900,?,9,0.0,0.0,E,8
04/20/2018,08:00,438.995,1352.99,60.9,1,8,0.0,1,8,60.9,1,8,7308.0,1,8,0.0,1,8,6699.0,1,8,59.892,1,8,-9900,?,9,-9900,?,9,11.85,E,8,11.38,E,8,92.0,E,8,822.9788000000001,E,8,999.0,E,8,3.57,E,8,-9900,?,9,-9900,?,9,0.0,E,8,-9900,?,9,-9900,?,9,0.0,0.0,E,8
04/20/2018,09:00,708.867,1352.99,159.88,1,8,13.736,1,8,152.689,1,8,19185.6,1,8,1304.956,1,8,16795.759,1,8,92.837,1,8,-9900,?,9,-9900,?,9,14.11,E,8,12.79,E,8,88.0,E,8,822.9788000000001,E,8,999.0,E,8,1.61,E,8,-9900,?,9,-9900,?,9,0.0,E,8,-9900,?,9,-9900,?,9,0.0,0.0,E,8
04/20/2018,10:00,924.109,1352.99,246.83,1,8,7.161,1,8,241.941,1,8,29619.6,1,8,680.282,1,8,26613.475,1,8,112.791,1,8,-9900,?,9,-9900,?,9,15.04,E,8,13.33,E,8,87.0,E,8,822.9788000000001,E,8,999.0,E,8,1.07,E,8,-9900,?,9,-9900,?,9,0.0,E,8,-9900,?,9,-9900,?,9,0.0,0.0,E,8
04/20/2018,11:00,1069.853,1352.99,312.17,1,8,12.07,1,8,302.628,1,8,37460.4,1,8,1146.653,1,8,33289.027,1,8,121.844,1,8,-9900,?,9,-9900,?,9,15.83,E,8,13.78,E,8,86.0,E,8,822.9788000000001,E,8,999.0,E,8,1.07,E,8,-9900,?,9,-9900,?,9,0.0,E,8,-9900,?,9,-9900,?,9,0.0,0.0,E,8
04/20/2018,12:00,1136.109,1352.99,350.68,1,8,18.351,1,8,335.272,1,8,42081.6,1,8,1743.383,1,8,36879.94,1,8,127.109,1,8,-9900,?,9,-9900,?,9,16.47,E,8,14.14,E,8,85.0,E,8,822.9788000000001,E,8,999.0,E,8,1.07,E,8,-9900,?,9,-9900,?,9,0.0,E,8,-9900,?,9,-9900,?,9,0.0,0.0,E,8
04/20/2018,13:00,1118.345,1352.99,359.51,1,8,20.556,1,8,342.521,1,8,43141.2,1,8,1952.857,1,8,37677.306,1,8,131.921,1,8,-9900,?,9,-9900,?,9,16.93,E,8,14.39,E,8,84.0,E,8,822.9788000000001,E,8,999.0,E,8,1.07,E,8,-9900,?,9,-9900,?,9,0.0,E,8,-9900,?,9,-9900,?,9,0.0,0.0,E,8
04/20/2018,14:00,1017.775,1352.99,337.99,1,8,13.762,1,8,327.64,1,8,40558.8,1,8,1307.358,1,8,36040.426,1,8,138.672,1,8,-9900,?,9,-9900,?,9,17.19,E,8,14.53,E,8,84.0,E,8,822.9788000000001,E,8,999.0,E,8,1.07,E,8,-9900,?,9,-9900,?,9,0.0,E,8,-9900,?,9,-9900,?,9,0.0,0.0,E,8
04/20/2018,15:00,841.285,1352.99,287.71,1,8,17.025,1,8,277.129,1,8,34525.2,1,8,1617.397,1,8,30484.157,1,8,141.934,1,8,-9900,?,9,-9900,?,9,17.26,E,8,14.57,E,8,84.0,E,8,822.9788000000001,E,8,999.0,E,8,1.07,E,8,-9900,?,9,-9900,?,9,0.0,E,8,-9900,?,9,-9900,?,9,0.0,0.0,E,8
04/20/2018,16:00,600.991,1352.99,212.49,1,8,28.628,1,8,199.788,1,8,25498.8,1,8,2719.703,1,8,21976.735,1,8,143.339,1,8,-9900,?,9,-9900,?,9,17.06,E,8,14.46,E,8,84.0,E,8,822.9788000000001,E,8,999.0,E,8,1.07,E,8,-9900,?,9,-9900,?,9,0.0,E,8,-9900,?,9,-9900,?,9,0.0,0.0,E,8
04/20/2018,17:00,313.673,1352.99,118.83,1,8,111.256,1,8,93.166,1,8,14259.6,1,8,10569.353,1,8,10248.259,1,8,128.561,1,8,-9900,?,9,-9900,?,9,16.57,E,8,14.19,E,8,85.0,E,8,822.9788000000001,E,8,999.0,E,8,1.07,E,8,-9900,?,9,-9900,?,9,0.0,E,8,-9900,?,9,-9900,?,9,0.0,0.0,E,8
04/20/2018,18:00,7.962,1352.99,22.25,1,8,0.0,1,8,0.0,1,8,2670.0,1,8,0.0,1,8,0.0,1,8,-0.0,1,8,-9900,?,9,-9900,?,9,15.87,E,8,13.8,E,8,86.0,E,8,822.9788000000001,E,8,999.0,E,8,1.07,E,8,-9900,?,9,-9900,?,9,0.0,E,8,-9900,?,9,-9900,?,9,0.0,0.0,E,8
04/20/2018,19:00,0.0,1352.99,0.0,1,8,0.0,1,8,0.0,1,8,0.0,1,8,0.0,1,8,0.0,1,8,-0.0,1,8,-9900,?,9,-9900,?,9,15.45,E,8,13.57,E,8,86.0,E,8,822.9788000000001,E,8,999.0,E,8,1.07,E,8,-9900,?,9,-9900,?,9,0.0,E,8,-9900,?,9,-9900,?,9,0.0,0.0,E,8
04/20/2018,20:00,0.0,1352.99,0.0,1,8,0.0,1,8,0.0,1,8,0.0,1,8,0.0,1,8,0.0,1,8,-0.0,1,8,-9900,?,9,-9900,?,9,15.03,E,8,13.33,E,8,87.0,E,8,822.9788000000001,E,8,999.0,E,8,1.07,E,8,-9900,?,9,-9900,?,9,0.0,E,8,-9900,?,9,-9900,?,9,0.0,0.0,E,8
04/20/2018,21:00,0.0,1352.99,0.0,1,8,0.0,1,8,0.0,1,8,0.0,1,8,0.0,1,8,0.0,1,8,-0.0,1,8,-9900,?,9,-9900,?,9,14.62,E,8,13.09,E,8,88.0,E,8,822.9788000000001,E,8,999.0,E,8,1.07,E,8,-9900,?,9,-9900,?,9,0.0,E,8,-9900,?,9,-9900,?,9,0.0,0.0,E,8
04/20/2018,22:00,0.0,1352.99,0.0,1,8,0.0,1,8,0.0,1,8,0.0,1,8,0.0,1,8,0.0,1,8,-0.0,1,8,-9900,?,9,-9900,?,9,14.2,E,8,12.84,E,8,88.0,E,8,822.9788000000001,E,8,999.0,E,8,1.07,E,8,-9900,?,9,-9900,?,9,0.0,E,8,-9900,?,9,-9900,?,9,0.0,0.0,E,8
04/20/2018,23:00,0.0,1352.99,0.0,1,8,0.0,1,8,0.0,1,8,0.0,1,8,0.0,1,8,0.0,1,8,-0.0,1,8,-9900,?,9,-9900,?,9,13.78,E,8,12.59,E,8,92.0,E,8,822.9788000000001,E,8,999.0,E,8,1.07,E,8,-9900,?,9,-9900,?,9,0.001,E,8,-9900,?,9,-9900,?,9,0.01,99.0,E,8
04/20/2018,24:00,0.0,1352.99,0.0,1,8,0.0,1,8,0.0,1,8,0.0,1,8,0.0,1,8,0.0,1,8,-0.0,1,8,-9900,?,9,-9900,?,9,13.36,E,8,11.57,E,8,88.0,E,8,822.9788000000001,E,8,999.0,E,8,0.19,E,8,-9900,?,9,-9900,?,9,0.0,E,8,-9900,?,9,-9900,?,9,0.0,0.0,E,8
04/21/2018,01:00,0.0,1352.99,0.0,1,8,0.0,1,8,0.0,1,8,0.0,1,8,0.0,1,8,0.0,1,8,-0.0,1,8,-9900,?,9,-9900,?,9,13.15,E,8,11.53,E,8,89.0,E,8,822.9788000000001,E,8,999.0,E,8,0.19,E,8,-9900,?,9,-9900,?,9,0.0,E,8,-9900,?,9,-9900,?,9,0.0,0.0,E,8
04/21/2018,02:00,0.0,1352.99,0.0,1,8,0.0,1,8,0.0,1,8,0.0,1,8,0.0,1,8,0.0,1,8,-0.0,1,8,-9900,?,9,-9900,?,9,12.94,E,8,11.48,E,8,90.0,E,8,822.9788000000001,E,8,999.0,E,8,0.19,E,8,-9900,?,9,-9900,?,9,0.0,E,8,-9900,?,9,-9900,?,9,0.0,0.0,E,8
04/21/2018,03:00,0.0,1352.99,0.0,1,8,0.0,1,8,0.0,1,8,0.0,1,8,0.0,1,8,0.0,1,8,-0.0,1,8,-9900,?,9,-9900,?,9,12.73,E,8,11.44,E,8,91.0,E,8,822.9788000000001,E,8,999.0,E,8,0.19,E,8,-9900,?,9,-9900,?,9,0.0,E,8,-9900,?,9,-9900,?,9,0.0,0.0,E,8
04/21/2018,04:00,0.0,1352.232,0.0,1,8,0.0,1,8,0.0,1,8,0.0,1,8,0.0,1,8,0.0,1,8,-0.0,1,8,-9900,?,9,-9900,?,9,12.53,E,8,11.39,E,8,92.0,E,8,822.9788000000001,E,8,999.0,E,8,0.19,E,8,-9900,?,9,-9900,?,9,0.0,E,8,-9900,?,9,-9900,?,9,0.0,0.0,E,8
04/21/2018,05:00,0.0,1352.232,0.0,1,8,0.0,1,8,0.0,1,8,0.0,1,8,0.0,1,8,0.0,1,8,-0.0,1,8,-9900,?,9,-9900,?,9,12.32,E,8,11.35,E,8,93.0,E,8,822.9788000000001,E,8,999.0,E,8,0.19,E,8,-9900,?,9,-9900,?,9,0.0,E,8,-9900,?,9,-9900,?,9,0.0,0.0,E,8
04/21/2018,06:00,0.0,1352.232,0.0,1,8,0.0,1,8,0.0,1,8,0.0,1,8,0.0,1,8,0.0,1,8,-0.0,1,8,-9900,?,9,-9900,?,9,12.15,E,8,11.31,E,8,94.0,E,8,822.9788000000001,E,8,999.0,E,8,0.19,E,8,-9900,?,9,-9900,?,9,0.0,E,8,-9900,?,9,-9900,?,9,0.0,0.0,E,8
04/21/2018,07:00,132.452,1352.232,0.0,1,8,0.0,1,8,0.0,1,8,0.0,1,8,0.0,1,8,0.0,1,8,0.0,1,8,-9900,?,9,-9900,?,9,12.02,E,8,11.28,E,8,95.0,E,8,822.9788000000001,E,8,999.0,E,8,0.19,E,8,-9900,?,9,-9900,?,9,0.0,E,8,-9900,?,9,-9900,?,9,0.0,0.0,E,8
04/21/2018,08:00,436.263,1352.232,153.88,1,8,82.56,1,8,127.31,1,8,18465.6,1,8,7843.231,1,8,14004.142,1,8,125.922,1,8,-9900,?,9,-9900,?,9,11.88,E,8,11.25,E,8,95.0,E,8,822.9788000000001,E,8,999.0,E,8,0.19,E,8,-9900,?,9,-9900,?,9,0.0,E,8,-9900,?,9,-9900,?,9,0.0,0.0,E,8
04/21/2018,09:00,705.488,1352.232,304.12,1,8,112.447,1,8,245.5,1,8,36494.4,1,8,10682.425,1,8,27005.02,1,8,149.901,1,8,-9900,?,9,-9900,?,9,15.4,E,8,12.0,E,8,80.0,E,8,822.9788000000001,E,8,999.0,E,8,0.19,E,8,-9900,?,9,-9900,?,9,0.0,E,8,-9900,?,9,-9900,?,9,0.0,0.0,E,8
04/21/2018,10:00,920.127,1352.232,266.56,1,8,28.267,1,8,247.332,1,8,31987.2,1,8,2685.386,1,8,27206.531,1,8,115.74,1,8,-9900,?,9,-9900,?,9,15.6,E,8,12.05,E,8,79.0,E,8,822.9788000000001,E,8,999.0,E,8,0.2,E,8,-9900,?,9,-9900,?,9,0.0,E,8,-9900,?,9,-9900,?,9,0.0,0.0,E,8
04/21/2018,11:00,1065.351,1352.232,513.36,1,8,161.08,1,8,386.477,1,8,61603.2,1,8,15302.568,1,8,42512.453,1,8,156.175,1,8,-9900,?,9,-9900,?,9,16.64,E,8,12.26,E,8,75.0,E,8,822.9788000000001,E,8,999.0,E,8,0.75,E,8,-9900,?,9,-9900,?,9,0.0,E,8,-9900,?,9,-9900,?,9,0.0,0.0,E,8
04/21/2018,12:00,1131.204,1352.232,576.7,1,8,217.535,1,8,394.745,1,8,69204.0,1,8,20665.79,1,8,43421.977,1,8,150.221,1,8,-9900,?,9,-9900,?,9,17.46,E,8,12.43,E,8,72.0,E,8,822.9788000000001,E,8,999.0,E,8,1.05,E,8,-9900,?,9,-9900,?,9,0.0,E,8,-9900,?,9,-9900,?,9,0.0,0.0,E,8
04/21/2018,13:00,1113.184,1352.232,591.07,1,8,259.754,1,8,377.265,1,8,70928.4,1,8,24676.618,1,8,41499.199,1,8,145.896,1,8,-9900,?,9,-9900,?,9,18.05,E,8,12.55,E,8,70.0,E,8,822.9788000000001,E,8,999.0,E,8,1.34,E,8,-9900,?,9,-9900,?,9,0.0,E,8,-9900,?,9,-9900,?,9,0.0,0.0,E,8
04/21/2018,14:00,1012.522,1352.232,555.43,1,8,205.84,1,8,401.337,1,8,66651.6,1,8,19554.785,1,8,44147.073,1,8,170.65,1,8,-9900,?,9,-9900,?,9,18.39,E,8,12.62,E,8,69.0,E,8,822.9788000000001,E,8,999.0,E,8,2.39,E,8,-9900,?,9,-9900,?,9,0.0,E,8,-9900,?,9,-9900,?,9,0.0,0.0,E,8
04/21/2018,15:00,836.11,1352.232,472.37,1,8,293.375,1,8,291.057,1,8,56684.4,1,8,27870.621,1,8,32016.253,1,8,149.907,1,8,-9900,?,9,-9900,?,9,18.48,E,8,12.63,E,8,68.0,E,8,822.9788000000001,E,8,999.0,E,8,2.66,E,8,-9900,?,9,-9900,?,9,0.0,E,8,-9900,?,9,-9900,?,9,0.0,0.0,E,8
04/21/2018,16:00,596.061,1352.232,348.22,1,8,393.783,1,8,174.851,1,8,41786.4,1,8,37409.427,1,8,19233.626,1,8,126.417,1,8,-9900,?,9,-9900,?,9,18.25,E,8,12.59,E,8,69.0,E,8,822.9788000000001,E,8,999.0,E,8,2.06,E,8,-9900,?,9,-9900,?,9,0.0,E,8,-9900,?,9,-9900,?,9,0.0,0.0,E,8
04/21/2018,17:00,309.148,1352.232,193.75,1,8,549.986,1,8,68.661,1,8,23250.0,1,8,52248.651,1,8,7552.66,1,8,96.092,1,8,-9900,?,9,-9900,?,9,17.66,E,8,12.47,E,8,71.0,E,8,822.9788000000001,E,8,999.0,E,8,1.07,E,8,-9900,?,9,-9900,?,9,0.0,E,8,-9900,?,9,-9900,?,9,0.0,0.0,E,8
04/21/2018,18:00,4.554,1352.232,35.03,1,8,0.0,1,8,0.0,1,8,4203.6,1,8,0.0,1,8,0.0,1,8,-0.0,1,8,-9900,?,9,-9900,?,9,16.79,E,8,12.29,E,8,74.0,E,8,822.9788000000001,E,8,999.0,E,8,0.28,E,8,-9900,?,9,-9900,?,9,0.0,E,8,-9900,?,9,-9900,?,9,0.0,0.0,E,8
04/21/2018,19:00,0.0,1352.232,0.0,1,8,0.0,1,8,0.0,1,8,0.0,1,8,0.0,1,8,0.0,1,8,-0.0,1,8,-9900,?,9,-9900,?,9,16.28,E,8,12.19,E,8,76.0,E,8,822.9788000000001,E,8,999.0,E,8,0.19,E,8,-9900,?,9,-9900,?,9,0.0,E,8,-9900,?,9,-9900,?,9,0.0,0.0,E,8
04/21/2018,20:00,0.0,1352.232,0.0,1,8,0.0,1,8,0.0,1,8,0.0,1,8,0.0,1,8,0.0,1,8,-0.0,1,8,-9900,?,9,-9900,?,9,15.76,E,8,12.08,E,8,78.0,E,8,822.9788000000001,E,8,999.0,E,8,0.19,E,8,-9900,?,9,-9900,?,9,0.0,E,8,-9900,?,9,-9900,?,9,0.0,0.0,E,8
04/21/2018,21:00,0.0,1352.232,0.0,1,8,0.0,1,8,0.0,1,8,0.0,1,8,0.0,1,8,0.0,1,8,-0.0,1,8,-9900,?,9,-9900,?,9,15.25,E,8,11.97,E,8,80.0,E,8,822.9788000000001,E,8,999.0,E,8,0.19,E,8,-9900,?,9,-9900,?,9,0.0,E,8,-9900,?,9,-9900,?,9,0.0,0.0,E,8
04/21/2018,22:00,0.0,1352.232,0.0,1,8,0.0,1,8,0.0,1,8,0.0,1,8,0.0,1,8,0.0,1,8,-0.0,1,8,-9900,?,9,-9900,?,9,14.73,E,8,11.86,E,8,82.0,E,8,822.9788000000001,E,8,999.0,E,8,0.19,E,8,-9900,?,9,-9900,?,9,0.0,E,8,-9900,?,9,-9900,?,9,0.0,0.0,E,8
04/21/2018,23:00,0.0,1352.232,0.0,1,8,0.0,1,8,0.0,1,8,0.0,1,8,0.0,1,8,0.0,1,8,-0.0,1,8,-9900,?,9,-9900,?,9,14.22,E,8,11.76,E,8,85.0,E,8,822.9788000000001,E,8,999.0,E,8,0.19,E,8,-9900,?,9,-9900,?,9,0.0,E,8,-9900,?,9,-9900,?,9,0.0,0.0,E,8
04/21/2018,24:00,0.0,1352.232,0.0,1,8,0.0,1,8,0.0,1,8,0.0,1,8,0.0,1,8,0.0,1,8,-0.0,1,8,-9900,?,9,-9900,?,9,13.71,E,8,11.63,E,8,87.0,E,8,822.9788000000001,E,8,999.0,E,8,0.08,E,8,-9900,?,9,-9900,?,9,0.0,E,8,-9900,?,9,-9900,?,9,0.0,0.0,E,8
04/22/2018,01:00,0.0,1352.232,0.0,1,8,0.0,1,8,0.0,1,8,0.0,1,8,0.0,1,8,0.0,1,8,-0.0,1,8,-9900,?,9,-9900,?,9,13.45,E,8,11.57,E,8,88.0,E,8,822.9788000000001,E,8,999.0,E,8,0.08,E,8,-9900,?,9,-9900,?,9,0.0,E,8,-9900,?,9,-9900,?,9,0.0,0.0,E,8
04/22/2018,02:00,0.0,1352.232,0.0,1,8,0.0,1,8,0.0,1,8,0.0,1,8,0.0,1,8,0.0,1,8,-0.0,1,8,-9900,?,9,-9900,?,9,13.19,E,8,11.52,E,8,89.0,E,8,822.9788000000001,E,8,999.0,E,8,0.08,E,8,-9900,?,9,-9900,?,9,0.0,E,8,-9900,?,9,-9900,?,9,0.0,0.0,E,8
04/22/2018,03:00,0.0,1352.232,0.0,1,8,0.0,1,8,0.0,1,8,0.0,1,8,0.0,1,8,0.0,1,8,-0.0,1,8,-9900,?,9,-9900,?,9,12.94,E,8,11.46,E,8,90.0,E,8,822.9788000000001,E,8,999.0,E,8,0.13,E,8,-9900,?,9,-9900,?,9,0.0,E,8,-9900,?,9,-9900,?,9,0.0,0.0,E,8
04/22/2018,04:00,0.0,1351.479,0.0,1,8,0.0,1,8,0.0,1,8,0.0,1,8,0.0,1,8,0.0,1,8,-0.0,1,8,-9900,?,9,-9900,?,9,12.68,E,8,11.41,E,8,91.0,E,8,822.9788000000001,E,8,999.0,E,8,0.11,E,8,-9900,?,9,-9900,?,9,0.0,E,8,-9900,?,9,-9900,?,9,0.0,0.0,E,8
04/22/2018,05:00,0.0,1351.479,0.0,1,8,0.0,1,8,0.0,1,8,0.0,1,8,0.0,1,8,0.0,1,8,-0.0,1,8,-9900,?,9,-9900,?,9,12.42,E,8,11.35,E,8,93.0,E,8,822.9788000000001,E,8,999.0,E,8,0.08,E,8,-9900,?,9,-9900,?,9,0.0,E,8,-9900,?,9,-9900,?,9,0.0,0.0,E,8
04/22/2018,06:00,0.0,1351.479,0.0,1,8,0.0,1,8,0.0,1,8,0.0,1,8,0.0,1,8,0.0,1,8,-0.0,1,8,-9900,?,9,-9900,?,9,12.22,E,8,11.31,E,8,94.0,E,8,822.9788000000001,E,8,999.0,E,8,0.08,E,8,-9900,?,9,-9900,?,9,0.0,E,8,-9900,?,9,-9900,?,9,0.0,0.0,E,8
04/22/2018,07:00,130.383,1351.479,0.0,1,8,0.0,1,8,0.0,1,8,0.0,1,8,0.0,1,8,0.0,1,8,0.0,1,8,-9900,?,9,-9900,?,9,12.05,E,8,11.28,E,8,94.0,E,8,822.9788000000001,E,8,999.0,E,8,0.08,E,8,-9900,?,9,-9900,?,9,0.0,E,8,-9900,?,9,-9900,?,9,0.0,0.0,E,8
04/22/2018,08:00,433.516,1351.479,126.6,1,8,21.048,1,8,119.866,1,8,15192.0,1,8,1999.535,1,8,13185.206,1,8,119.246,1,8,-9900,?,9,-9900,?,9,11.88,E,8,11.24,E,8,95.0,E,8,822.9788000000001,E,8,999.0,E,8,0.18,E,8,-9900,?,9,-9900,?,9,0.0,E,8,-9900,?,9,-9900,?,9,0.0,0.0,E,8
04/22/2018,09:00,702.096,1351.479,238.59,1,8,21.603,1,8,227.376,1,8,28630.8,1,8,2052.261,1,8,25011.385,1,8,139.429,1,8,-9900,?,9,-9900,?,9,14.89,E,8,11.87,E,8,82.0,E,8,822.9788000000001,E,8,999.0,E,8,0.43,E,8,-9900,?,9,-9900,?,9,0.0,E,8,-9900,?,9,-9900,?,9,0.0,0.0,E,8
04/22/2018,10:00,916.136,1351.479,422.7,1,8,118.988,1,8,342.069,1,8,50724.0,1,8,11303.841,1,8,37627.573,1,8,160.681,1,8,-9900,?,9,-9900,?,9,16.21,E,8,12.14,E,8,76.0,E,8,822.9788000000001,E,8,999.0,E,8,0.8,E,8,-9900,?,9,-9900,?,9,0.0,E,8,-9900,?,9,-9900,?,9,0.0,0.0,E,8
04/22/2018,11:00,1060.846,1351.479,450.5,1,8,96.97,1,8,374.397,1,8,54060.0,1,8,9212.115,1,8,41183.721,1,8,151.852,1,8,-9900,?,9,-9900,?,9,16.99,E,8,12.3,E,8,73.0,E,8,822.9788000000001,E,8,999.0,E,8,1.23,E,8,-9900,?,9,-9900,?,9,0.0,E,8,-9900,?,9,-9900,?,9,0.0,0.0,E,8
04/22/2018,12:00,1126.307,1351.479,635.99,1,8,238.371,1,8,437.36,1,8,76318.8,1,8,22645.279,1,8,48109.578,1,8,167.07,1,8,-9900,?,9,-9900,?,9,18.06,E,8,12.51,E,8,69.0,E,8,822.9788000000001,E,8,999.0,E,8,1.54,E,8,-9900,?,9,-9900,?,9,0.0,E,8,-9900,?,9,-9900,?,9,0.0,0.0,E,8
04/22/2018,13:00,1108.042,1351.479,617.31,1,8,225.667,1,8,432.318,1,8,74077.2,1,8,21438.404,1,8,47554.964,1,8,167.868,1,8,-9900,?,9,-9900,?,9,18.73,E,8,12.64,E,8,67.0,E,8,822.9788000000001,E,8,999.0,E,8,1.79,E,8,-9900,?,9,-9900,?,9,0.0,E,8,-9900,?,9,-9900,?,9,0.0,0.0,E,8
04/22/2018,14:00,1007.3,1351.479,633.76,1,8,394.132,1,8,340.07,1,8,76051.2,1,8,37442.587,1,8,37407.661,1,8,145.268,1,8,-9900,?,9,-9900,?,9,19.24,E,8,12.74,E,8,66.0,E,8,822.9788000000001,E,8,999.0,E,8,1.68,E,8,-9900,?,9,-9900,?,9,0.0,E,8,-9900,?,9,-9900,?,9,0.0,0.0,E,8
04/22/2018,15:00,830.979,1351.479,394.48,1,8,135.056,1,8,311.479,1,8,47337.6,1,8,12830.278,1,8,34262.691,1,8,161.327,1,8,-9900,?,9,-9900,?,9,19.06,E,8,12.71,E,8,66.0,E,8,822.9788000000001,E,8,999.0,E,8,1.69,E,8,-9900,?,9,-9900,?,9,0.0,E,8,-9900,?,9,-9900,?,9,0.0,0.0,E,8
04/22/2018,16:00,591.186,1351.479,377.17,1,8,481.949,1,8,166.608,1,8,45260.4,1,8,45785.186,1,8,18326.849,1,8,121.385,1,8,-9900,?,9,-9900,?,9,18.87,E,8,12.67,E,8,67.0,E,8,822.9788000000001,E,8,999.0,E,8,1.42,E,8,-9900,?,9,-9900,?,9,0.0,E,8,-9900,?,9,-9900,?,9,0.0,0.0,E,8
04/22/2018,17:00,304.689,1351.479,241.71,1,8,493.355,1,8,131.074,1,8,29005.2,1,8,46868.711,1,8,14418.167,1,8,186.051,1,8,-9900,?,9,-9900,?,9,18.33,E,8,12.56,E,8,69.0,E,8,822.9788000000001,E,8,999.0,E,8,1.05,E,8,-9900,?,9,-9900,?,9,0.0,E,8,-9900,?,9,-9900,?,9,0.0,0.0,E,8
04/22/2018,18:00,1.235,1351.479,51.52,1,8,0.0,1,8,0.0,1,8,6182.4,1,8,0.0,1,8,0.0,1,8,-0.0,1,8,-9900,?,9,-9900,?,9,17.41,E,8,12.38,E,8,72.0,E,8,822.9788000000001,E,8,999.0,E,8,0.72,E,8,-9900,?,9,-9900,?,9,0.0,E,8,-9900,?,9,-9900,?,9,0.0,0.0,E,8
04/22/2018,19:00,0.0,1351.479,0.0,1,8,0.0,1,8,0.0,1,8,0.0,1,8,0.0,1,8,0.0,1,8,-0.0,1,8,-9900,?,9,-9900,?,9,16.83,E,8,12.27,E,8,74.0,E,8,822.9788000000001,E,8,999.0,E,8,0.41,E,8,-9900,?,9,-9900,?,9,0.0,E,8,-9900,?,9,-9900,?,9,0.0,0.0,E,8
04/22/2018,20:00,0.0,1351.479,0.0,1,8,0.0,1,8,0.0,1,8,0.0,1,8,0.0,1,8,0.0,1,8,-0.0,1,8,-9900,?,9,-9900,?,9,16.25,E,8,12.15,E,8,76.0,E,8,822.9788000000001,E,8,999.0,E,8,0.23,E,8,-9900,?,9,-9900,?,9,0.0,E,8,-9900,?,9,-9900,?,9,0.0,0.0,E,8
04/22/2018,21:00,0.0,1351.479,0.0,1,8,0.0,1,8,0.0,1,8,0.0,1,8,0.0,1,8,0.0,1,8,-0.0,1,8,-9900,?,9,-9900,?,9,15.67,E,8,12.03,E,8,78.0,E,8,822.9788000000001,E,8,999.0,E,8,0.23,E,8,-9900,?,9,-9900,?,9,0.0,E,8,-9900,?,9,-9900,?,9,0.0,0.0,E,8
04/22/2018,22:00,0.0,1351.479,0.0,1,8,0.0,1,8,0.0,1,8,0.0,1,8,0.0,1,8,0.0,1,8,-0.0,1,8,-9900,?,9,-9900,?,9,15.1,E,8,11.91,E,8,81.0,E,8,822.9788000000001,E,8,999.0,E,8,0.27,E,8,-9900,?,9,-9900,?,9,0.0,E,8,-9900,?,9,-9900,?,9,0.0,0.0,E,8
04/22/2018,23:00,0.0,1351.479,0.0,1,8,0.0,1,8,0.0,1,8,0.0,1,8,0.0,1,8,0.0,1,8,-0.0,1,8,-9900,?,9,-9900,?,9,14.52,E,8,11.79,E,8,83.0,E,8,822.9788000000001,E,8,999.0,E,8,0.29,E,8,-9900,?,9,-9900,?,9,0.0,E,8,-9900,?,9,-9900,?,9,0.0,0.0,E,8
04/22/2018,24:00,0.0,1351.479,0.0,1,8,0.0,1,8,0.0,1,8,0.0,1,8,0.0,1,8,0.0,1,8,-0.0,1,8,-9900,?,9,-9900,?,9,13.94,E,8,11.33,E,8,84.0,E,8,822.9788000000001,E,8,999.0,E,8,3.6,E,8,-9900,?,9,-9900,?,9,0.0,E,8,-9900,?,9,-9900,?,9,0.0,0.0,E,8
04/23/2018,01:00,0.0,1351.479,0.0,1,8,0.0,1,8,0.0,1,8,0.0,1,8,0.0,1,8,0.0,1,8,-0.0,1,8,-9900,?,9,-9900,?,9,13.65,E,8,11.36,E,8,86.0,E,8,822.9788000000001,E,8,999.0,E,8,5.42,E,8,-9900,?,9,-9900,?,9,0.0,E,8,-9900,?,9,-9900,?,9,0.0,0.0,E,8
04/23/2018,02:00,0.0,1351.479,0.0,1,8,0.0,1,8,0.0,1,8,0.0,1,8,0.0,1,8,0.0,1,8,-0.0,1,8,-9900,?,9,-9900,?,9,13.36,E,8,11.39,E,8,87.0,E,8,822.9788000000001,E,8,999.0,E,8,4.31,E,8,-9900,?,9,-9900,?,9,0.0,E,8,-9900,?,9,-9900,?,9,0.0,0.0,E,8
04/23/2018,03:00,0.0,1351.479,0.0,1,8,0.0,1,8,0.0,1,8,0.0,1,8,0.0,1,8,0.0,1,8,-0.0,1,8,-9900,?,9,-9900,?,9,13.07,E,8,11.43,E,8,89.0,E,8,822.9788000000001,E,8,999.0,E,8,4.67,E,8,-9900,?,9,-9900,?,9,0.0,E,8,-9900,?,9,-9900,?,9,0.0,0.0,E,8
04/23/2018,04:00,0.0,1350.732,0.0,1,8,0.0,1,8,0.0,1,8,0.0,1,8,0.0,1,8,0.0,1,8,-0.0,1,8,-9900,?,9,-9900,?,9,12.78,E,8,11.46,E,8,91.0,E,8,822.9788000000001,E,8,999.0,E,8,3.32,E,8,-9900,?,9,-9900,?,9,0.0,E,8,-9900,?,9,-9900,?,9,0.0,0.0,E,8
04/23/2018,05:00,0.0,1350.732,0.0,1,8,0.0,1,8,0.0,1,8,0.0,1,8,0.0,1,8,0.0,1,8,-0.0,1,8,-9900,?,9,-9900,?,9,12.49,E,8,11.5,E,8,93.0,E,8,822.9788000000001,E,8,999.0,E,8,1.93,E,8,-9900,?,9,-9900,?,9,0.0,E,8,-9900,?,9,-9900,?,9,0.0,0.0,E,8
04/23/2018,06:00,0.0,1350.732,0.0,1,8,0.0,1,8,0.0,1,8,0.0,1,8,0.0,1,8,0.0,1,8,-0.0,1,8,-9900,?,9,-9900,?,9,12.27,E,8,11.52,E,8,95.0,E,8,822.9788000000001,E,8,999.0,E,8,2.56,E,8,-9900,?,9,-9900,?,9,0.0,E,8,-9900,?,9,-9900,?,9,0.0,0.0,E,8
04/23/2018,07:00,128.305,1350.732,0.0,1,8,0.0,1,8,0.0,1,8,0.0,1,8,0.0,1,8,0.0,1,8,0.0,1,8,-9900,?,9,-9900,?,9,12.08,E,8,11.54,E,8,96.0,E,8,822.9788000000001,E,8,999.0,E,8,2.84,E,8,-9900,?,9,-9900,?,9,0.0,E,8,-9900,?,9,-9900,?,9,0.0,0.0,E,8
04/23/2018,08:00,430.756,1350.732,86.36,1,8,0.0,1,8,86.36,1,8,10363.2,1,8,0.0,1,8,9499.6,1,8,86.419,1,8,-9900,?,9,-9900,?,9,11.89,E,8,11.56,E,8,97.0,E,8,822.9788000000001,E,8,999.0,E,8,2.56,E,8,-9900,?,9,-9900,?,9,0.0,E,8,-9900,?,9,-9900,?,9,0.0,0.0,E,8
04/23/2018,09:00,698.692,1350.732,184.61,1,8,9.255,1,8,179.826,1,8,22153.2,1,8,879.235,1,8,19780.91,1,8,110.748,1,8,-9900,?,9,-9900,?,9,14.65,E,8,11.25,E,8,80.0,E,8,822.9788000000001,E,8,999.0,E,8,1.26,E,8,-9900,?,9,-9900,?,9,0.0,E,8,-9900,?,9,-9900,?,9,0.0,0.0,E,8
04/23/2018,10:00,912.137,1350.732,357.14,1,8,37.931,1,8,331.534,1,8,42856.8,1,8,3603.473,1,8,36468.773,1,8,156.329,1,8,-9900,?,9,-9900,?,9,16.15,E,8,11.07,E,8,71.0,E,8,822.9788000000001,E,8,999.0,E,8,2.27,E,8,-9900,?,9,-9900,?,9,0.0,E,8,-9900,?,9,-9900,?,9,0.0,0.0,E,8
04/23/2018,11:00,1056.341,1350.732,452.2,1,8,75.647,1,8,393.051,1,8,54264.0,1,8,7186.489,1,8,43235.611,1,8,160.009,1,8,-9900,?,9,-9900,?,9,17.39,E,8,10.92,E,8,65.0,E,8,822.9788000000001,E,8,999.0,E,8,3.27,E,8,-9900,?,9,-9900,?,9,0.0,E,8,-9900,?,9,-9900,?,9,0.0,0.0,E,8
04/23/2018,12:00,1121.42,1350.732,508.03,1,8,90.056,1,8,433.272,1,8,60963.6,1,8,8555.352,1,8,47659.955,1,8,166.138,1,8,-9900,?,9,-9900,?,9,18.36,E,8,10.81,E,8,61.0,E,8,822.9788000000001,E,8,999.0,E,8,6.88,E,8,-9900,?,9,-9900,?,9,0.0,E,8,-9900,?,9,-9900,?,9,0.0,0.0,E,8
04/23/2018,13:00,1102.921,1350.732,520.47,1,8,107.882,1,8,432.393,1,8,62456.4,1,8,10248.807,1,8,47563.258,1,8,168.584,1,8,-9900,?,9,-9900,?,9,19.05,E,8,10.72,E,8,58.0,E,8,822.9788000000001,E,8,999.0,E,8,6.44,E,8,-9900,?,9,-9900,?,9,0.0,E,8,-9900,?,9,-9900,?,9,0.0,0.0,E,8
04/23/2018,14:00,1002.112,1350.732,488.62,1,8,155.653,1,8,373.168,1,8,58634.4,1,8,14787.023,1,8,41048.52,1,8,160.144,1,8,-9900,?,9,-9900,?,9,19.44,E,8,10.68,E,8,56.0,E,8,822.9788000000001,E,8,999.0,E,8,5.2,E,8,-9900,?,9,-9900,?,9,0.0,E,8,-9900,?,9,-9900,?,9,0.0,0.0,E,8
04/23/2018,15:00,825.893,1350.732,414.8,1,8,149.613,1,8,323.365,1,8,49776.0,1,8,14213.221,1,8,35570.198,1,8,168.423,1,8,-9900,?,9,-9900,?,9,19.56,E,8,10.66,E,8,56.0,E,8,822.9788000000001,E,8,999.0,E,8,4.09,E,8,-9900,?,9,-9900,?,9,0.0,E,8,-9900,?,9,-9900,?,9,0.0,0.0,E,8
04/23/2018,16:00,586.37,1350.732,304.65,1,8,265.395,1,8,189.583,1,8,36558.0,1,8,25212.543,1,8,20854.17,1,8,139.185,1,8,-9900,?,9,-9900,?,9,19.28,E,8,10.7,E,8,57.0,E,8,822.9788000000001,E,8,999.0,E,8,2.44,E,8,-9900,?,9,-9900,?,9,0.0,E,8,-9900,?,9,-9900,?,9,0.0,0.0,E,8
04/23/2018,17:00,300.298,1350.732,167.8,1,8,442.533,1,8,69.952,1,8,20136.0,1,8,42040.661,1,8,7694.748,1,8,100.704,1,8,-9900,?,9,-9900,?,9,18.58,E,8,10.78,E,8,60.0,E,8,822.9788000000001,E,8,999.0,E,8,1.13,E,8,-9900,?,9,-9900,?,9,0.0,E,8,-9900,?,9,-9900,?,9,0.0,0.0,E,8
04/23/2018,18:00,0.0,1350.732,28.22,1,8,0.0,1,8,0.0,1,8,3386.4,1,8,0.0,1,8,0.0,1,8,-0.0,1,8,-9900,?,9,-9900,?,9,17.58,E,8,10.9,E,8,64.0,E,8,822.9788000000001,E,8,999.0,E,8,0.77,E,8,-9900,?,9,-9900,?,9,0.0,E,8,-9900,?,9,-9900,?,9,0.0,0.0,E,8
04/23/2018,19:00,0.0,1350.732,0.0,1,8,0.0,1,8,0.0,1,8,0.0,1,8,0.0,1,8,0.0,1,8,-0.0,1,8,-9900,?,9,-9900,?,9,16.94,E,8,10.98,E,8,67.0,E,8,822.9788000000001,E,8,999.0,E,8,0.77,E,8,-9900,?,9,-9900,?,9,0.0,E,8,-9900,?,9,-9900,?,9,0.0,0.0,E,8
04/23/2018,20:00,0.0,1350.732,0.0,1,8,0.0,1,8,0.0,1,8,0.0,1,8,0.0,1,8,0.0,1,8,-0.0,1,8,-9900,?,9,-9900,?,9,16.31,E,8,11.05,E,8,71.0,E,8,822.9788000000001,E,8,999.0,E,8,0.77,E,8,-9900,?,9,-9900,?,9,0.0,E,8,-9900,?,9,-9900,?,9,0.0,0.0,E,8
04/23/2018,21:00,0.0,1350.732,0.0,1,8,0.0,1,8,0.0,1,8,0.0,1,8,0.0,1,8,0.0,1,8,-0.0,1,8,-9900,?,9,-9900,?,9,15.67,E,8,11.13,E,8,74.0,E,8,822.9788000000001,E,8,999.0,E,8,0.77,E,8,-9900,?,9,-9900,?,9,0.0,E,8,-9900,?,9,-9900,?,9,0.0,0.0,E,8
04/23/2018,22:00,0.0,1350.732,0.0,1,8,0.0,1,8,0.0,1,8,0.0,1,8,0.0,1,8,0.0,1,8,-0.0,1,8,-9900,?,9,-9900,?,9,15.04,E,8,11.2,E,8,77.0,E,8,822.9788000000001,E,8,999.0,E,8,0.77,E,8,-9900,?,9,-9900,?,9,0.0,E,8,-9900,?,9,-9900,?,9,0.0,0.0,E,8
04/23/2018,23:00,0.0,1350.732,0.0,1,8,0.0,1,8,0.0,1,8,0.0,1,8,0.0,1,8,0.0,1,8,-0.0,1,8,-9900,?,9,-9900,?,9,14.4,E,8,11.27,E,8,81.0,E,8,822.9788000000001,E,8,999.0,E,8,0.77,E,8,-9900,?,9,-9900,?,9,0.0,E,8,-9900,?,9,-9900,?,9,0.0,0.0,E,8
04/23/2018,24:00,0.0,1350.732,0.0,1,8,0.0,1,8,0.0,1,8,0.0,1,8,0.0,1,8,0.0,1,8,-0.0,1,8,-9900,?,9,-9900,?,9,13.77,E,8,7.74,E,8,66.0,E,8,822.9788000000001,E,8,999.0,E,8,0.06,E,8,-9900,?,9,-9900,?,9,0.0,E,8,-9900,?,9,-9900,?,9,0.0,0.0,E,8
04/24/2018,01:00,0.0,1350.732,0.0,1,8,0.0,1,8,0.0,1,8,0.0,1,8,0.0,1,8,0.0,1,8,-0.0,1,8,-9900,?,9,-9900,?,9,13.45,E,8,8.16,E,8,70.0,E,8,822.9788000000001,E,8,999.0,E,8,0.06,E,8,-9900,?,9,-9900,?,9,0.0,E,8,-9900,?,9,-9900,?,9,0.0,0.0,E,8
04/24/2018,02:00,0.0,1350.732,0.0,1,8,0.0,1,8,0.0,1,8,0.0,1,8,0.0,1,8,0.0,1,8,-0.0,1,8,-9900,?,9,-9900,?,9,13.13,E,8,8.58,E,8,73.0,E,8,822.9788000000001,E,8,999.0,E,8,0.06,E,8,-9900,?,9,-9900,?,9,0.0,E,8,-9900,?,9,-9900,?,9,0.0,0.0,E,8
04/24/2018,03:00,0.0,1350.732,0.0,1,8,0.0,1,8,0.0,1,8,0.0,1,8,0.0,1,8,0.0,1,8,-0.0,1,8,-9900,?,9,-9900,?,9,12.81,E,8,8.98,E,8,77.0,E,8,822.9788000000001,E,8,999.0,E,8,0.06,E,8,-9900,?,9,-9900,?,9,0.0,E,8,-9900,?,9,-9900,?,9,0.0,0.0,E,8
04/24/2018,04:00,0.0,1349.989,0.0,1,8,0.0,1,8,0.0,1,8,0.0,1,8,0.0,1,8,0.0,1,8,-0.0,1,8,-9900,?,9,-9900,?,9,12.5,E,8,9.36,E,8,81.0,E,8,822.9788000000001,E,8,999.0,E,8,0.06,E,8,-9900,?,9,-9900,?,9,0.0,E,8,-9900,?,9,-9900,?,9,0.0,0.0,E,8
04/24/2018,05:00,0.0,1349.989,0.0,1,8,0.0,1,8,0.0,1,8,0.0,1,8,0.0,1,8,0.0,1,8,-0.0,1,8,-9900,?,9,-9900,?,9,12.18,E,8,9.74,E,8,85.0,E,8,822.9788000000001,E,8,999.0,E,8,0.07,E,8,-9900,?,9,-9900,?,9,0.0,E,8,-9900,?,9,-9900,?,9,0.0,0.0,E,8
04/24/2018,06:00,0.0,1349.989,0.0,1,8,0.0,1,8,0.0,1,8,0.0,1,8,0.0,1,8,0.0,1,8,-0.0,1,8,-9900,?,9,-9900,?,9,11.93,E,8,10.03,E,8,88.0,E,8,822.9788000000001,E,8,999.0,E,8,0.18,E,8,-9900,?,9,-9900,?,9,0.0,E,8,-9900,?,9,-9900,?,9,0.0,0.0,E,8
04/24/2018,07:00,126.216,1349.989,0.0,1,8,0.0,1,8,0.0,1,8,0.0,1,8,0.0,1,8,0.0,1,8,0.0,1,8,-9900,?,9,-9900,?,9,11.72,E,8,10.28,E,8,90.0,E,8,822.9788000000001,E,8,999.0,E,8,0.15,E,8,-9900,?,9,-9900,?,9,0.0,E,8,-9900,?,9,-9900,?,9,0.0,0.0,E,8
04/24/2018,08:00,427.985,1349.989,73.01,1,8,0.0,1,8,73.01,1,8,8761.2,1,8,0.0,1,8,8031.1,1,8,73.495,1,8,-9900,?,9,-9900,?,9,11.51,E,8,10.51,E,8,93.0,E,8,822.9788000000001,E,8,999.0,E,8,0.24,E,8,-9900,?,9,-9900,?,9,0.0,E,8,-9900,?,9,-9900,?,9,0.0,0.0,E,8
04/24/2018,09:00,695.278,1349.989,195.97,1,8,13.468,1,8,189.039,1,8,23516.4,1,8,1279.459,1,8,20794.32,1,8,116.93,1,8,-9900,?,9,-9900,?,9,14.72,E,8,6.42,E,8,57.0,E,8,822.9788000000001,E,8,999.0,E,8,0.26,E,8,-9900,?,9,-9900,?,9,0.0,E,8,-9900,?,9,-9900,?,9,0.0,0.0,E,8
04/24/2018,10:00,908.134,1349.989,304.04,1,8,9.684,1,8,297.528,1,8,36484.8,1,8,919.934,1,8,32728.107,1,8,140.836,1,8,-9900,?,9,-9900,?,9,16.07,E,8,4.33,E,8,45.0,E,8,822.9788000000001,E,8,999.0,E,8,0.51,E,8,-9900,?,9,-9900,?,9,0.0,E,8,-9900,?,9,-9900,?,9,0.0,0.0,E,8
04/24/2018,11:00,1051.84,1349.989,385.12,1,8,10.25,1,8,377.136,1,8,46214.4,1,8,973.72,1,8,41484.906,1,8,154.103,1,8,-9900,?,9,-9900,?,9,17.23,E,8,2.28,E,8,36.0,E,8,822.9788000000001,E,8,999.0,E,8,0.92,E,8,-9900,?,9,-9900,?,9,0.0,E,8,-9900,?,9,-9900,?,9,0.0,0.0,E,8
04/24/2018,12:00,1116.545,1349.989,432.68,1,8,12.092,1,8,422.68,1,8,51921.6,1,8,1148.735,1,8,46494.842,1,8,162.695,1,8,-9900,?,9,-9900,?,9,18.15,E,8,0.43,E,8,30.0,E,8,822.9788000000001,E,8,999.0,E,8,1.27,E,8,-9900,?,9,-9900,?,9,0.0,E,8,-9900,?,9,-9900,?,9,0.0,0.0,E,8
04/24/2018,13:00,1097.825,1349.989,443.19,1,8,57.876,1,8,396.132,1,8,53182.8,1,8,5498.182,1,8,43574.527,1,8,155.079,1,8,-9900,?,9,-9900,?,9,18.8,E,8,-0.9,E,8,26.0,E,8,822.9788000000001,E,8,999.0,E,8,1.85,E,8,-9900,?,9,-9900,?,9,0.0,E,8,-9900,?,9,-9900,?,9,0.0,0.0,E,8
04/24/2018,14:00,996.96,1349.989,415.88,1,8,48.884,1,8,379.788,1,8,49905.6,1,8,4643.998,1,8,41776.692,1,8,163.738,1,8,-9900,?,9,-9900,?,9,19.18,E,8,-1.71,E,8,23.0,E,8,822.9788000000001,E,8,999.0,E,8,1.87,E,8,-9900,?,9,-9900,?,9,0.0,E,8,-9900,?,9,-9900,?,9,0.0,0.0,E,8
04/24/2018,15:00,820.857,1349.989,352.74,1,8,65.081,1,8,313.187,1,8,42328.8,1,8,6182.735,1,8,34450.594,1,8,164.034,1,8,-9900,?,9,-9900,?,9,19.27,E,8,-1.91,E,8,23.0,E,8,822.9788000000001,E,8,999.0,E,8,1.6,E,8,-9900,?,9,-9900,?,9,0.0,E,8,-9900,?,9,-9900,?,9,0.0,0.0,E,8
04/24/2018,16:00,581.613,1349.989,258.6,1,8,114.916,1,8,209.154,1,8,31032.0,1,8,10917.065,1,8,23006.957,1,8,154.728,1,8,-9900,?,9,-9900,?,9,18.97,E,8,-1.26,E,8,25.0,E,8,822.9788000000001,E,8,999.0,E,8,1.58,E,8,-9900,?,9,-9900,?,9,0.0,E,8,-9900,?,9,-9900,?,9,0.0,0.0,E,8
04/24/2018,17:00,295.977,1349.989,141.72,1,8,273.265,1,8,82.145,1,8,17006.4,1,8,25960.219,1,8,9035.935,1,8,119.936,1,8,-9900,?,9,-9900,?,9,18.26,E,8,0.2,E,8,29.0,E,8,822.9788000000001,E,8,999.0,E,8,1.29,E,8,-9900,?,9,-9900,?,9,0.0,E,8,-9900,?,9,-9900,?,9,0.0,0.0,E,8
04/24/2018,18:00,0.0,1349.989,22.95,1,8,0.0,1,8,0.0,1,8,2754.0,1,8,0.0,1,8,0.0,1,8,-0.0,1,8,-9900,?,9,-9900,?,9,17.24,E,8,2.26,E,8,36.0,E,8,822.9788000000001,E,8,999.0,E,8,1.03,E,8,-9900,?,9,-9900,?,9,0.0,E,8,-9900,?,9,-9900,?,9,0.0,0.0,E,8
04/24/2018,19:00,0.0,1349.989,0.0,1,8,0.0,1,8,0.0,1,8,0.0,1,8,0.0,1,8,0.0,1,8,-0.0,1,8,-9900,?,9,-9900,?,9,16.53,E,8,3.54,E,8,41.0,E,8,822.9788000000001,E,8,999.0,E,8,0.79,E,8,-9900,?,9,-9900,?,9,0.0,E,8,-9900,?,9,-9900,?,9,0.0,0.0,E,8
04/24/2018,20:00,0.0,1349.989,0.0,1,8,0.0,1,8,0.0,1,8,0.0,1,8,0.0,1,8,0.0,1,8,-0.0,1,8,-9900,?,9,-9900,?,9,15.81,E,8,4.75,E,8,47.0,E,8,822.9788000000001,E,8,999.0,E,8,0.36,E,8,-9900,?,9,-9900,?,9,0.0,E,8,-9900,?,9,-9900,?,9,0.0,0.0,E,8
04/24/2018,21:00,0.0,1349.989,0.0,1,8,0.0,1,8,0.0,1,8,0.0,1,8,0.0,1,8,0.0,1,8,-0.0,1,8,-9900,?,9,-9900,?,9,15.1,E,8,5.86,E,8,53.0,E,8,822.9788000000001,E,8,999.0,E,8,0.14,E,8,-9900,?,9,-9900,?,9,0.0,E,8,-9900,?,9,-9900,?,9,0.0,0.0,E,8
04/24/2018,22:00,0.0,1349.989,0.0,1,8,0.0,1,8,0.0,1,8,0.0,1,8,0.0,1,8,0.0,1,8,-0.0,1,8,-9900,?,9,-9900,?,9,14.38,E,8,6.9,E,8,60.0,E,8,822.9788000000001,E,8,999.0,E,8,0.15,E,8,-9900,?,9,-9900,?,9,0.0,E,8,-9900,?,9,-9900,?,9,0.0,0.0,E,8
04/24/2018,23:00,0.0,1349.989,0.0,1,8,0.0,1,8,0.0,1,8,0.0,1,8,0.0,1,8,0.0,1,8,-0.0,1,8,-9900,?,9,-9900,?,9,13.67,E,8,7.88,E,8,67.0,E,8,822.9788000000001,E,8,999.0,E,8,0.06,E,8,-9900,?,9,-9900,?,9,0.0,E,8,-9900,?,9,-9900,?,9,0.0,0.0,E,8
04/24/2018,24:00,0.0,1349.989,0.0,1,8,0.0,1,8,0.0,1,8,0.0,1,8,0.0,1,8,0.0,1,8,-0.0,1,8,-9900,?,9,-9900,?,9,12.95,E,8,11.19,E,8,90.0,E,8,822.9788000000001,E,8,999.0,E,8,2.45,E,8,-9900,?,9,-9900,?,9,0.008,E,8,-9900,?,9,-9900,?,9,0.08,99.0,E,8
04/25/2018,01:00,0.0,1349.989,0.0,1,8,0.0,1,8,0.0,1,8,0.0,1,8,0.0,1,8,0.0,1,8,-0.0,1,8,-9900,?,9,-9900,?,9,12.59,E,8,11.08,E,8,91.0,E,8,822.9788000000001,E,8,999.0,E,8,2.57,E,8,-9900,?,9,-9900,?,9,0.013000000000000001,E,8,-9900,?,9,-9900,?,9,0.13,99.0,E,8
04/25/2018,02:00,0.0,1349.989,0.0,1,8,0.0,1,8,0.0,1,8,0.0,1,8,0.0,1,8,0.0,1,8,-0.0,1,8,-9900,?,9,-9900,?,9,12.24,E,8,10.97,E,8,92.0,E,8,822.9788000000001,E,8,999.0,E,8,1.95,E,8,-9900,?,9,-9900,?,9,0.02,E,8,-9900,?,9,-9900,?,9,0.2,99.0,E,8
04/25/2018,03:00,0.0,1349.989,0.0,1,8,0.0,1,8,0.0,1,8,0.0,1,8,0.0,1,8,0.0,1,8,-0.0,1,8,-9900,?,9,-9900,?,9,11.88,E,8,10.86,E,8,89.0,E,8,822.9788000000001,E,8,999.0,E,8,2.31,E,8,-9900,?,9,-9900,?,9,0.0,E,8,-9900,?,9,-9900,?,9,0.0,0.0,E,8
04/25/2018,04:00,0.0,1349.253,0.0,1,8,0.0,1,8,0.0,1,8,0.0,1,8,0.0,1,8,0.0,1,8,-0.0,1,8,-9900,?,9,-9900,?,9,11.52,E,8,10.75,E,8,91.0,E,8,822.9788000000001,E,8,999.0,E,8,2.46,E,8,-9900,?,9,-9900,?,9,0.0,E,8,-9900,?,9,-9900,?,9,0.0,0.0,E,8
04/25/2018,05:00,0.0,1349.253,0.0,1,8,0.0,1,8,0.0,1,8,0.0,1,8,0.0,1,8,0.0,1,8,-0.0,1,8,-9900,?,9,-9900,?,9,11.16,E,8,10.64,E,8,96.0,E,8,822.9788000000001,E,8,999.0,E,8,3.51,E,8,-9900,?,9,-9900,?,9,0.004,E,8,-9900,?,9,-9900,?,9,0.04,99.0,E,8
04/25/2018,06:00,0.0,1349.253,0.0,1,8,0.0,1,8,0.0,1,8,0.0,1,8,0.0,1,8,0.0,1,8,-0.0,1,8,-9900,?,9,-9900,?,9,10.89,E,8,10.56,E,8,97.0,E,8,822.9788000000001,E,8,999.0,E,8,1.48,E,8,-9900,?,9,-9900,?,9,0.002,E,8,-9900,?,9,-9900,?,9,0.02,99.0,E,8
04/25/2018,07:00,124.119,1349.253,0.0,1,8,0.0,1,8,0.0,1,8,0.0,1,8,0.0,1,8,0.0,1,8,0.0,1,8,-9900,?,9,-9900,?,9,10.65,E,8,10.48,E,8,98.0,E,8,822.9788000000001,E,8,999.0,E,8,1.18,E,8,-9900,?,9,-9900,?,9,0.006,E,8,-9900,?,9,-9900,?,9,0.06,99.0,E,8
04/25/2018,08:00,425.201,1349.253,64.34,1,8,0.0,1,8,64.34,1,8,7720.8,1,8,0.0,1,8,7077.4,1,8,65.158,1,8,-9900,?,9,-9900,?,9,10.42,E,8,10.41,E,8,99.0,E,8,822.9788000000001,E,8,999.0,E,8,1.34,E,8,-9900,?,9,-9900,?,9,0.001,E,8,-9900,?,9,-9900,?,9,0.01,99.0,E,8
04/25/2018,09:00,691.854,1349.253,173.72,1,8,5.079,1,8,171.118,1,8,20846.4,1,8,482.495,1,8,18822.962,1,8,106.312,1,8,-9900,?,9,-9900,?,9,13.46,E,8,11.34,E,8,84.0,E,8,822.9788000000001,E,8,999.0,E,8,0.92,E,8,-9900,?,9,-9900,?,9,0.0,E,8,-9900,?,9,-9900,?,9,0.0,0.0,E,8
04/25/2018,10:00,904.127,1349.253,269.87,1,8,9.954,1,8,263.202,1,8,32384.4,1,8,945.667,1,8,28952.223,1,8,125.072,1,8,-9900,?,9,-9900,?,9,14.74,E,8,11.71,E,8,80.0,E,8,822.9788000000001,E,8,999.0,E,8,0.93,E,8,-9900,?,9,-9900,?,9,0.0,E,8,-9900,?,9,-9900,?,9,0.0,0.0,E,8
04/25/2018,11:00,1047.343,1349.253,341.98,1,8,16.559,1,8,329.129,1,8,41037.6,1,8,1573.118,1,8,36204.15,1,8,134.991,1,8,-9900,?,9,-9900,?,9,15.84,E,8,12.03,E,8,77.0,E,8,822.9788000000001,E,8,999.0,E,8,1.16,E,8,-9900,?,9,-9900,?,9,0.0,E,8,-9900,?,9,-9900,?,9,0.0,0.0,E,8
04/25/2018,12:00,1111.686,1349.253,384.24,1,8,19.312,1,8,368.331,1,8,46108.8,1,8,1834.626,1,8,40516.371,1,8,142.318,1,8,-9900,?,9,-9900,?,9,16.72,E,8,12.28,E,8,74.0,E,8,822.9788000000001,E,8,999.0,E,8,0.92,E,8,-9900,?,9,-9900,?,9,0.0,E,8,-9900,?,9,-9900,?,9,0.0,0.0,E,8
04/25/2018,13:00,1092.756,1349.253,393.5,1,8,22.47,1,8,375.304,1,8,47220.0,1,8,2134.648,1,8,41283.487,1,8,147.527,1,8,-9900,?,9,-9900,?,9,17.35,E,8,12.46,E,8,72.0,E,8,822.9788000000001,E,8,999.0,E,8,2.14,E,8,-9900,?,9,-9900,?,9,0.0,E,8,-9900,?,9,-9900,?,9,0.0,0.0,E,8
04/25/2018,14:00,991.848,1349.253,369.08,1,8,21.05,1,8,353.61,1,8,44289.6,1,8,1999.782,1,8,38897.052,1,8,153.155,1,8,-9900,?,9,-9900,?,9,17.7,E,8,12.55,E,8,71.0,E,8,822.9788000000001,E,8,999.0,E,8,0.99,E,8,-9900,?,9,-9900,?,9,0.0,E,8,-9900,?,9,-9900,?,9,0.0,0.0,E,8
04/25/2018,15:00,815.873,1349.253,312.78,1,8,27.583,1,8,296.109,1,8,37533.6,1,8,2620.416,1,8,32572.019,1,8,155.953,1,8,-9900,?,9,-9900,?,9,17.79,E,8,12.58,E,8,71.0,E,8,822.9788000000001,E,8,999.0,E,8,1.7,E,8,-9900,?,9,-9900,?,9,0.0,E,8,-9900,?,9,-9900,?,9,0.0,0.0,E,8
04/25/2018,16:00,576.919,1349.253,228.89,1,8,92.876,1,8,189.229,1,8,27466.8,1,8,8823.253,1,8,20815.222,1,8,141.053,1,8,-9900,?,9,-9900,?,9,17.5,E,8,12.5,E,8,72.0,E,8,822.9788000000001,E,8,999.0,E,8,1.19,E,8,-9900,?,9,-9900,?,9,0.0,E,8,-9900,?,9,-9900,?,9,0.0,0.0,E,8
04/25/2018,17:00,291.728,1349.253,124.8,1,8,187.881,1,8,84.412,1,8,14976.0,1,8,17848.726,1,8,9285.334,1,8,124.994,1,8,-9900,?,9,-9900,?,9,16.82,E,8,12.31,E,8,78.0,E,8,822.9788000000001,E,8,999.0,E,8,0.94,E,8,-9900,?,9,-9900,?,9,0.001,E,8,-9900,?,9,-9900,?,9,0.01,99.0,E,8
04/25/2018,18:00,0.0,1349.253,19.45,1,8,0.0,1,8,0.0,1,8,2334.0,1,8,0.0,1,8,0.0,1,8,-0.0,1,8,-9900,?,9,-9900,?,9,15.85,E,8,12.03,E,8,76.0,E,8,822.9788000000001,E,8,999.0,E,8,1.45,E,8,-9900,?,9,-9900,?,9,0.0,E,8,-9900,?,9,-9900,?,9,0.0,0.0,E,8
04/25/2018,19:00,0.0,1349.253,0.0,1,8,0.0,1,8,0.0,1,8,0.0,1,8,0.0,1,8,0.0,1,8,-0.0,1,8,-9900,?,9,-9900,?,9,15.2,E,8,11.85,E,8,78.0,E,8,822.9788000000001,E,8,999.0,E,8,1.63,E,8,-9900,?,9,-9900,?,9,0.0,E,8,-9900,?,9,-9900,?,9,0.0,0.0,E,8
04/25/2018,20:00,0.0,1349.253,0.0,1,8,0.0,1,8,0.0,1,8,0.0,1,8,0.0,1,8,0.0,1,8,-0.0,1,8,-9900,?,9,-9900,?,9,14.54,E,8,11.66,E,8,80.0,E,8,822.9788000000001,E,8,999.0,E,8,1.83,E,8,-9900,?,9,-9900,?,9,0.0,E,8,-9900,?,9,-9900,?,9,0.0,0.0,E,8
04/25/2018,21:00,0.0,1349.253,0.0,1,8,0.0,1,8,0.0,1,8,0.0,1,8,0.0,1,8,0.0,1,8,-0.0,1,8,-9900,?,9,-9900,?,9,13.89,E,8,11.47,E,8,83.0,E,8,822.9788000000001,E,8,999.0,E,8,2.12,E,8,-9900,?,9,-9900,?,9,0.0,E,8,-9900,?,9,-9900,?,9,0.0,0.0,E,8
04/25/2018,22:00,0.0,1349.253,0.0,1,8,0.0,1,8,0.0,1,8,0.0,1,8,0.0,1,8,0.0,1,8,-0.0,1,8,-9900,?,9,-9900,?,9,13.23,E,8,11.27,E,8,89.0,E,8,822.9788000000001,E,8,999.0,E,8,0.92,E,8,-9900,?,9,-9900,?,9,0.038,E,8,-9900,?,9,-9900,?,9,0.38,99.0,E,8
04/25/2018,23:00,0.0,1349.253,0.0,1,8,0.0,1,8,0.0,1,8,0.0,1,8,0.0,1,8,0.0,1,8,-0.0,1,8,-9900,?,9,-9900,?,9,12.58,E,8,11.08,E,8,99.0,E,8,822.9788000000001,E,8,999.0,E,8,0.92,E,8,-9900,?,9,-9900,?,9,0.605,E,8,-9900,?,9,-9900,?,9,6.05,99.0,E,8
04/25/2018,24:00,0.0,1349.253,0.0,1,8,0.0,1,8,0.0,1,8,0.0,1,8,0.0,1,8,0.0,1,8,-0.0,1,8,-9900,?,9,-9900,?,9,11.92,E,8,9.6,E,8,85.0,E,8,822.9788000000001,E,8,999.0,E,8,0.61,E,8,-9900,?,9,-9900,?,9,0.0,E,8,-9900,?,9,-9900,?,9,0.0,0.0,E,8
04/26/2018,01:00,0.0,1349.253,0.0,1,8,0.0,1,8,0.0,1,8,0.0,1,8,0.0,1,8,0.0,1,8,-0.0,1,8,-9900,?,9,-9900,?,9,11.59,E,8,9.6,E,8,87.0,E,8,822.9788000000001,E,8,999.0,E,8,0.61,E,8,-9900,?,9,-9900,?,9,0.0,E,8,-9900,?,9,-9900,?,9,0.0,0.0,E,8
04/26/2018,02:00,0.0,1349.253,0.0,1,8,0.0,1,8,0.0,1,8,0.0,1,8,0.0,1,8,0.0,1,8,-0.0,1,8,-9900,?,9,-9900,?,9,11.27,E,8,9.6,E,8,99.0,E,8,822.9788000000001,E,8,999.0,E,8,0.61,E,8,-9900,?,9,-9900,?,9,0.28300000000000003,E,8,-9900,?,9,-9900,?,9,2.83,99.0,E,8
04/26/2018,03:00,0.0,1349.253,0.0,1,8,0.0,1,8,0.0,1,8,0.0,1,8,0.0,1,8,0.0,1,8,-0.0,1,8,-9900,?,9,-9900,?,9,10.94,E,8,9.6,E,8,96.0,E,8,822.9788000000001,E,8,999.0,E,8,0.61,E,8,-9900,?,9,-9900,?,9,0.001,E,8,-9900,?,9,-9900,?,9,0.01,99.0,E,8
04/26/2018,04:00,0.0,1348.521,0.0,1,8,0.0,1,8,0.0,1,8,0.0,1,8,0.0,1,8,0.0,1,8,-0.0,1,8,-9900,?,9,-9900,?,9,10.61,E,8,9.6,E,8,93.0,E,8,822.9788000000001,E,8,999.0,E,8,0.61,E,8,-9900,?,9,-9900,?,9,0.0,E,8,-9900,?,9,-9900,?,9,0.0,0.0,E,8
04/26/2018,05:00,0.0,1348.521,0.0,1,8,0.0,1,8,0.0,1,8,0.0,1,8,0.0,1,8,0.0,1,8,-0.0,1,8,-9900,?,9,-9900,?,9,10.29,E,8,9.6,E,8,95.0,E,8,822.9788000000001,E,8,999.0,E,8,0.61,E,8,-9900,?,9,-9900,?,9,0.0,E,8,-9900,?,9,-9900,?,9,0.0,0.0,E,8
04/26/2018,06:00,0.0,1348.521,0.0,1,8,0.0,1,8,0.0,1,8,0.0,1,8,0.0,1,8,0.0,1,8,-0.0,1,8,-9900,?,9,-9900,?,9,10.03,E,8,9.6,E,8,97.0,E,8,822.9788000000001,E,8,999.0,E,8,0.61,E,8,-9900,?,9,-9900,?,9,0.0,E,8,-9900,?,9,-9900,?,9,0.0,0.0,E,8
04/26/2018,07:00,122.011,1348.521,0.0,1,8,0.0,1,8,0.0,1,8,0.0,1,8,0.0,1,8,0.0,1,8,0.0,1,8,-9900,?,9,-9900,?,9,9.82,E,8,9.6,E,8,98.0,E,8,822.9788000000001,E,8,999.0,E,8,0.61,E,8,-9900,?,9,-9900,?,9,0.0,E,8,-9900,?,9,-9900,?,9,0.0,0.0,E,8
04/26/2018,08:00,422.407,1348.521,71.64,1,8,0.0,1,8,71.64,1,8,8596.8,1,8,0.0,1,8,7880.4,1,8,72.994,1,8,-9900,?,9,-9900,?,9,9.6,E,8,9.59,E,8,99.0,E,8,822.9788000000001,E,8,999.0,E,8,0.61,E,8,-9900,?,9,-9900,?,9,0.0,E,8,-9900,?,9,-9900,?,9,0.0,0.0,E,8
04/26/2018,09:00,688.423,1348.521,194.61,1,8,13.626,1,8,187.66,1,8,23353.2,1,8,1294.491,1,8,20642.551,1,8,117.107,1,8,-9900,?,9,-9900,?,9,12.93,E,8,9.61,E,8,80.0,E,8,822.9788000000001,E,8,999.0,E,8,0.61,E,8,-9900,?,9,-9900,?,9,0.0,E,8,-9900,?,9,-9900,?,9,0.0,0.0,E,8
04/26/2018,10:00,900.118,1348.521,302.72,1,8,9.88,1,8,296.128,1,8,36326.4,1,8,938.605,1,8,32574.039,1,8,141.269,1,8,-9900,?,9,-9900,?,9,14.35,E,8,9.61,E,8,73.0,E,8,822.9788000000001,E,8,999.0,E,8,0.61,E,8,-9900,?,9,-9900,?,9,0.0,E,8,-9900,?,9,-9900,?,9,0.0,0.0,E,8
04/26/2018,11:00,1042.853,1348.521,383.78,1,8,10.491,1,8,375.668,1,8,46053.6,1,8,996.671,1,8,41323.522,1,8,154.659,1,8,-9900,?,9,-9900,?,9,15.56,E,8,9.61,E,8,67.0,E,8,822.9788000000001,E,8,999.0,E,8,0.61,E,8,-9900,?,9,-9900,?,9,0.0,E,8,-9900,?,9,-9900,?,9,0.0,0.0,E,8
04/26/2018,12:00,1106.845,1348.521,431.23,1,8,12.406,1,8,421.049,1,8,51747.6,1,8,1178.525,1,8,46315.41,1,8,163.311,1,8,-9900,?,9,-9900,?,9,16.53,E,8,9.62,E,8,63.0,E,8,822.9788000000001,E,8,999.0,E,8,0.61,E,8,-9900,?,9,-9900,?,9,0.0,E,8,-9900,?,9,-9900,?,9,0.0,0.0,E,8
04/26/2018,13:00,1087.717,1348.521,441.54,1,8,59.496,1,8,393.558,1,8,52984.8,1,8,5652.13,1,8,43291.384,1,8,155.335,1,8,-9900,?,9,-9900,?,9,17.22,E,8,9.62,E,8,65.0,E,8,822.9788000000001,E,8,999.0,E,8,0.61,E,8,-9900,?,9,-9900,?,9,0.004,E,8,-9900,?,9,-9900,?,9,0.04,99.0,E,8
04/26/2018,14:00,986.779,1348.521,413.96,1,8,85.791,1,8,351.198,1,8,49675.2,1,8,8150.168,1,8,38631.818,1,8,152.81,1,8,-9900,?,9,-9900,?,9,17.61,E,8,9.62,E,8,64.0,E,8,822.9788000000001,E,8,999.0,E,8,0.61,E,8,-9900,?,9,-9900,?,9,0.002,E,8,-9900,?,9,-9900,?,9,0.02,99.0,E,8
04/26/2018,15:00,810.943,1348.521,350.51,1,8,114.461,1,8,281.714,1,8,42061.2,1,8,10873.764,1,8,30988.528,1,8,149.194,1,8,-9900,?,9,-9900,?,9,17.71,E,8,9.62,E,8,59.0,E,8,822.9788000000001,E,8,999.0,E,8,0.61,E,8,-9900,?,9,-9900,?,9,0.0,E,8,-9900,?,9,-9900,?,9,0.0,0.0,E,8
04/26/2018,16:00,572.291,1348.521,256.04,1,8,146.349,1,8,194.014,1,8,30724.8,1,8,13903.139,1,8,21341.576,1,8,145.714,1,8,-9900,?,9,-9900,?,9,17.38,E,8,9.62,E,8,65.0,E,8,822.9788000000001,E,8,999.0,E,8,0.61,E,8,-9900,?,9,-9900,?,9,0.011,E,8,-9900,?,9,-9900,?,9,0.11,99.0,E,8
04/26/2018,17:00,287.554,1348.521,138.91,1,8,327.069,1,8,69.582,1,8,16669.2,1,8,31071.602,1,8,7653.971,1,8,104.49,1,8,-9900,?,9,-9900,?,9,16.63,E,8,9.62,E,8,63.0,E,8,822.9788000000001,E,8,999.0,E,8,0.61,E,8,-9900,?,9,-9900,?,9,0.0,E,8,-9900,?,9,-9900,?,9,0.0,0.0,E,8
04/26/2018,18:00,0.0,1348.521,20.81,1,8,0.0,1,8,0.0,1,8,2497.2,1,8,0.0,1,8,0.0,1,8,-0.0,1,8,-9900,?,9,-9900,?,9,15.56,E,8,9.61,E,8,67.0,E,8,822.9788000000001,E,8,999.0,E,8,0.61,E,8,-9900,?,9,-9900,?,9,0.0,E,8,-9900,?,9,-9900,?,9,0.0,0.0,E,8
04/26/2018,19:00,0.0,1348.521,0.0,1,8,0.0,1,8,0.0,1,8,0.0,1,8,0.0,1,8,0.0,1,8,-0.0,1,8,-9900,?,9,-9900,?,9,14.83,E,8,9.61,E,8,70.0,E,8,822.9788000000001,E,8,999.0,E,8,0.61,E,8,-9900,?,9,-9900,?,9,0.0,E,8,-9900,?,9,-9900,?,9,0.0,0.0,E,8
04/26/2018,20:00,0.0,1348.521,0.0,1,8,0.0,1,8,0.0,1,8,0.0,1,8,0.0,1,8,0.0,1,8,-0.0,1,8,-9900,?,9,-9900,?,9,14.09,E,8,9.61,E,8,74.0,E,8,822.9788000000001,E,8,999.0,E,8,0.61,E,8,-9900,?,9,-9900,?,9,0.0,E,8,-9900,?,9,-9900,?,9,0.0,0.0,E,8
04/26/2018,21:00,0.0,1348.521,0.0,1,8,0.0,1,8,0.0,1,8,0.0,1,8,0.0,1,8,0.0,1,8,-0.0,1,8,-9900,?,9,-9900,?,9,13.36,E,8,9.61,E,8,78.0,E,8,822.9788000000001,E,8,999.0,E,8,0.61,E,8,-9900,?,9,-9900,?,9,0.0,E,8,-9900,?,9,-9900,?,9,0.0,0.0,E,8
04/26/2018,22:00,0.0,1348.521,0.0,1,8,0.0,1,8,0.0,1,8,0.0,1,8,0.0,1,8,0.0,1,8,-0.0,1,8,-9900,?,9,-9900,?,9,12.63,E,8,9.6,E,8,81.0,E,8,822.9788000000001,E,8,999.0,E,8,0.61,E,8,-9900,?,9,-9900,?,9,0.0,E,8,-9900,?,9,-9900,?,9,0.0,0.0,E,8
04/26/2018,23:00,0.0,1348.521,0.0,1,8,0.0,1,8,0.0,1,8,0.0,1,8,0.0,1,8,0.0,1,8,-0.0,1,8,-9900,?,9,-9900,?,9,11.9,E,8,9.6,E,8,85.0,E,8,822.9788000000001,E,8,999.0,E,8,0.61,E,8,-9900,?,9,-9900,?,9,0.0,E,8,-9900,?,9,-9900,?,9,0.0,0.0,E,8
04/26/2018,24:00,0.0,1348.521,0.0,1,8,0.0,1,8,0.0,1,8,0.0,1,8,0.0,1,8,0.0,1,8,-0.0,1,8,-9900,?,9,-9900,?,9,11.16,E,8,8.79,E,8,85.0,E,8,822.9788000000001,E,8,999.0,E,8,0.26,E,8,-9900,?,9,-9900,?,9,0.0,E,8,-9900,?,9,-9900,?,9,0.0,0.0,E,8
04/27/2018,01:00,0.0,1348.521,0.0,1,8,0.0,1,8,0.0,1,8,0.0,1,8,0.0,1,8,0.0,1,8,-0.0,1,8,-9900,?,9,-9900,?,9,10.8,E,8,8.65,E,8,86.0,E,8,822.9788000000001,E,8,999.0,E,8,0.26,E,8,-9900,?,9,-9900,?,9,0.0,E,8,-9900,?,9,-9900,?,9,0.0,0.0,E,8
04/27/2018,02:00,0.0,1348.521,0.0,1,8,0.0,1,8,0.0,1,8,0.0,1,8,0.0,1,8,0.0,1,8,-0.0,1,8,-9900,?,9,-9900,?,9,10.43,E,8,8.51,E,8,87.0,E,8,822.9788000000001,E,8,999.0,E,8,0.26,E,8,-9900,?,9,-9900,?,9,0.0,E,8,-9900,?,9,-9900,?,9,0.0,0.0,E,8
04/27/2018,03:00,0.0,1348.521,0.0,1,8,0.0,1,8,0.0,1,8,0.0,1,8,0.0,1,8,0.0,1,8,-0.0,1,8,-9900,?,9,-9900,?,9,10.06,E,8,8.36,E,8,89.0,E,8,822.9788000000001,E,8,999.0,E,8,0.26,E,8,-9900,?,9,-9900,?,9,0.0,E,8,-9900,?,9,-9900,?,9,0.0,0.0,E,8
04/27/2018,04:00,0.0,1347.796,0.0,1,8,0.0,1,8,0.0,1,8,0.0,1,8,0.0,1,8,0.0,1,8,-0.0,1,8,-9900,?,9,-9900,?,9,9.7,E,8,8.22,E,8,90.0,E,8,822.9788000000001,E,8,999.0,E,8,0.26,E,8,-9900,?,9,-9900,?,9,0.0,E,8,-9900,?,9,-9900,?,9,0.0,0.0,E,8
04/27/2018,05:00,0.0,1347.796,0.0,1,8,0.0,1,8,0.0,1,8,0.0,1,8,0.0,1,8,0.0,1,8,-0.0,1,8,-9900,?,9,-9900,?,9,9.33,E,8,8.07,E,8,91.0,E,8,822.9788000000001,E,8,999.0,E,8,0.26,E,8,-9900,?,9,-9900,?,9,0.0,E,8,-9900,?,9,-9900,?,9,0.0,0.0,E,8
04/27/2018,06:00,0.0,1347.796,0.0,1,8,0.0,1,8,0.0,1,8,0.0,1,8,0.0,1,8,0.0,1,8,-0.0,1,8,-9900,?,9,-9900,?,9,9.05,E,8,7.95,E,8,92.0,E,8,822.9788000000001,E,8,999.0,E,8,0.26,E,8,-9900,?,9,-9900,?,9,0.0,E,8,-9900,?,9,-9900,?,9,0.0,0.0,E,8
04/27/2018,07:00,119.895,1347.796,0.0,1,8,0.0,1,8,0.0,1,8,0.0,1,8,0.0,1,8,0.0,1,8,0.0,1,8,-9900,?,9,-9900,?,9,8.81,E,8,7.85,E,8,93.0,E,8,822.9788000000001,E,8,999.0,E,8,0.26,E,8,-9900,?,9,-9900,?,9,0.0,E,8,-9900,?,9,-9900,?,9,0.0,0.0,E,8
04/27/2018,08:00,419.603,1347.796,103.08,1,8,0.975,1,8,102.777,1,8,12369.6,1,8,92.597,1,8,11305.51,1,8,105.367,1,8,-9900,?,9,-9900,?,9,8.56,E,8,7.75,E,8,94.0,E,8,822.9788000000001,E,8,999.0,E,8,0.26,E,8,-9900,?,9,-9900,?,9,0.0,E,8,-9900,?,9,-9900,?,9,0.0,0.0,E,8
04/27/2018,09:00,684.986,1347.796,273.38,1,8,80.067,1,8,232.722,1,8,32805.6,1,8,7606.378,1,8,25599.413,1,8,145.88,1,8,-9900,?,9,-9900,?,9,11.78,E,8,9.03,E,8,83.0,E,8,822.9788000000001,E,8,999.0,E,8,0.26,E,8,-9900,?,9,-9900,?,9,0.0,E,8,-9900,?,9,-9900,?,9,0.0,0.0,E,8
04/27/2018,10:00,896.109,1347.796,429.73,1,8,144.414,1,8,333.749,1,8,51567.6,1,8,13719.355,1,8,36712.374,1,8,159.843,1,8,-9900,?,9,-9900,?,9,13.16,E,8,9.56,E,8,78.0,E,8,822.9788000000001,E,8,999.0,E,8,0.26,E,8,-9900,?,9,-9900,?,9,0.0,E,8,-9900,?,9,-9900,?,9,0.0,0.0,E,8
04/27/2018,11:00,1038.373,1347.796,607.13,1,8,279.65,1,8,391.725,1,8,72855.6,1,8,26566.719,1,8,43089.733,1,8,161.879,1,8,-9900,?,9,-9900,?,9,14.6,E,8,10.08,E,8,74.0,E,8,822.9788000000001,E,8,999.0,E,8,0.66,E,8,-9900,?,9,-9900,?,9,0.0,E,8,-9900,?,9,-9900,?,9,0.0,0.0,E,8
04/27/2018,12:00,1102.025,1347.796,638.91,1,8,258.653,1,8,427.454,1,8,76669.2,1,8,24571.996,1,8,47019.908,1,8,166.431,1,8,-9900,?,9,-9900,?,9,15.58,E,8,10.43,E,8,71.0,E,8,822.9788000000001,E,8,999.0,E,8,0.75,E,8,-9900,?,9,-9900,?,9,0.0,E,8,-9900,?,9,-9900,?,9,0.0,0.0,E,8
04/27/2018,13:00,1082.711,1347.796,716.89,1,8,467.186,1,8,341.651,1,8,86026.8,1,8,44382.7,1,8,37581.579,1,8,135.399,1,8,-9900,?,9,-9900,?,9,16.45,E,8,10.73,E,8,68.0,E,8,822.9788000000001,E,8,999.0,E,8,1.41,E,8,-9900,?,9,-9900,?,9,0.0,E,8,-9900,?,9,-9900,?,9,0.0,0.0,E,8
04/27/2018,14:00,981.755,1347.796,749.01,1,8,759.562,1,8,195.878,1,8,89881.2,1,8,72158.348,1,8,21546.529,1,8,85.619,1,8,-9900,?,9,-9900,?,9,17.15,E,8,10.97,E,8,67.0,E,8,822.9788000000001,E,8,999.0,E,8,1.48,E,8,-9900,?,9,-9900,?,9,0.0,E,8,-9900,?,9,-9900,?,9,0.0,0.0,E,8
04/27/2018,15:00,806.071,1347.796,602.05,1,8,860.061,1,8,87.948,1,8,72246.0,1,8,81705.832,1,8,9674.241,1,8,46.833,1,8,-9900,?,9,-9900,?,9,17.37,E,8,11.05,E,8,66.0,E,8,822.9788000000001,E,8,999.0,E,8,2.66,E,8,-9900,?,9,-9900,?,9,0.0,E,8,-9900,?,9,-9900,?,9,0.0,0.0,E,8
04/27/2018,16:00,567.731,1347.796,405.99,1,8,718.358,1,8,103.806,1,8,48718.8,1,8,68244.05,1,8,11418.61,1,8,78.549,1,8,-9900,?,9,-9900,?,9,17.01,E,8,10.93,E,8,67.0,E,8,822.9788000000001,E,8,999.0,E,8,1.26,E,8,-9900,?,9,-9900,?,9,0.0,E,8,-9900,?,9,-9900,?,9,0.0,0.0,E,8
04/27/2018,17:00,283.456,1347.796,237.91,1,8,595.169,1,8,113.505,1,8,28549.2,1,8,56541.083,1,8,12485.529,1,8,172.849,1,8,-9900,?,9,-9900,?,9,16.24,E,8,10.66,E,8,69.0,E,8,822.9788000000001,E,8,999.0,E,8,1.16,E,8,-9900,?,9,-9900,?,9,0.0,E,8,-9900,?,9,-9900,?,9,0.0,0.0,E,8
04/27/2018,18:00,0.0,1347.796,39.91,1,8,0.0,1,8,0.0,1,8,4789.2,1,8,0.0,1,8,0.0,1,8,-0.0,1,8,-9900,?,9,-9900,?,9,15.09,E,8,10.26,E,8,72.0,E,8,822.9788000000001,E,8,999.0,E,8,0.88,E,8,-9900,?,9,-9900,?,9,0.0,E,8,-9900,?,9,-9900,?,9,0.0,0.0,E,8
04/27/2018,19:00,0.0,1347.796,0.0,1,8,0.0,1,8,0.0,1,8,0.0,1,8,0.0,1,8,0.0,1,8,-0.0,1,8,-9900,?,9,-9900,?,9,14.34,E,8,9.99,E,8,75.0,E,8,822.9788000000001,E,8,999.0,E,8,0.55,E,8,-9900,?,9,-9900,?,9,0.0,E,8,-9900,?,9,-9900,?,9,0.0,0.0,E,8
04/27/2018,20:00,0.0,1347.796,0.0,1,8,0.0,1,8,0.0,1,8,0.0,1,8,0.0,1,8,0.0,1,8,-0.0,1,8,-9900,?,9,-9900,?,9,13.59,E,8,9.71,E,8,77.0,E,8,822.9788000000001,E,8,999.0,E,8,0.26,E,8,-9900,?,9,-9900,?,9,0.0,E,8,-9900,?,9,-9900,?,9,0.0,0.0,E,8
04/27/2018,21:00,0.0,1347.796,0.0,1,8,0.0,1,8,0.0,1,8,0.0,1,8,0.0,1,8,0.0,1,8,-0.0,1,8,-9900,?,9,-9900,?,9,12.84,E,8,9.44,E,8,79.0,E,8,822.9788000000001,E,8,999.0,E,8,0.26,E,8,-9900,?,9,-9900,?,9,0.0,E,8,-9900,?,9,-9900,?,9,0.0,0.0,E,8
04/27/2018,22:00,0.0,1347.796,0.0,1,8,0.0,1,8,0.0,1,8,0.0,1,8,0.0,1,8,0.0,1,8,-0.0,1,8,-9900,?,9,-9900,?,9,12.09,E,8,9.15,E,8,82.0,E,8,822.9788000000001,E,8,999.0,E,8,0.26,E,8,-9900,?,9,-9900,?,9,0.0,E,8,-9900,?,9,-9900,?,9,0.0,0.0,E,8
04/27/2018,23:00,0.0,1347.796,0.0,1,8,0.0,1,8,0.0,1,8,0.0,1,8,0.0,1,8,0.0,1,8,-0.0,1,8,-9900,?,9,-9900,?,9,11.34,E,8,8.86,E,8,84.0,E,8,822.9788000000001,E,8,999.0,E,8,0.26,E,8,-9900,?,9,-9900,?,9,0.0,E,8,-9900,?,9,-9900,?,9,0.0,0.0,E,8
04/27/2018,24:00,0.0,1347.796,0.0,1,8,0.0,1,8,0.0,1,8,0.0,1,8,0.0,1,8,0.0,1,8,-0.0,1,8,-9900,?,9,-9900,?,9,10.59,E,8,4.7,E,8,66.0,E,8,822.9788000000001,E,8,999.0,E,8,0.32,E,8,-9900,?,9,-9900,?,9,0.0,E,8,-9900,?,9,-9900,?,9,0.0,0.0,E,8
04/28/2018,01:00,0.0,1347.796,0.0,1,8,0.0,1,8,0.0,1,8,0.0,1,8,0.0,1,8,0.0,1,8,-0.0,1,8,-9900,?,9,-9900,?,9,10.21,E,8,5.08,E,8,70.0,E,8,822.9788000000001,E,8,999.0,E,8,0.32,E,8,-9900,?,9,-9900,?,9,0.0,E,8,-9900,?,9,-9900,?,9,0.0,0.0,E,8
04/28/2018,02:00,0.0,1347.796,0.0,1,8,0.0,1,8,0.0,1,8,0.0,1,8,0.0,1,8,0.0,1,8,-0.0,1,8,-9900,?,9,-9900,?,9,9.84,E,8,5.43,E,8,74.0,E,8,822.9788000000001,E,8,999.0,E,8,0.32,E,8,-9900,?,9,-9900,?,9,0.0,E,8,-9900,?,9,-9900,?,9,0.0,0.0,E,8
04/28/2018,03:00,0.0,1347.796,0.0,1,8,0.0,1,8,0.0,1,8,0.0,1,8,0.0,1,8,0.0,1,8,-0.0,1,8,-9900,?,9,-9900,?,9,9.46,E,8,5.79,E,8,77.0,E,8,822.9788000000001,E,8,999.0,E,8,0.32,E,8,-9900,?,9,-9900,?,9,0.0,E,8,-9900,?,9,-9900,?,9,0.0,0.0,E,8
04/28/2018,04:00,0.0,1347.077,0.0,1,8,0.0,1,8,0.0,1,8,0.0,1,8,0.0,1,8,0.0,1,8,-0.0,1,8,-9900,?,9,-9900,?,9,9.09,E,8,6.13,E,8,81.0,E,8,822.9788000000001,E,8,999.0,E,8,0.32,E,8,-9900,?,9,-9900,?,9,0.0,E,8,-9900,?,9,-9900,?,9,0.0,0.0,E,8
04/28/2018,05:00,0.0,1347.077,0.0,1,8,0.0,1,8,0.0,1,8,0.0,1,8,0.0,1,8,0.0,1,8,-0.0,1,8,-9900,?,9,-9900,?,9,8.71,E,8,6.48,E,8,85.0,E,8,822.9788000000001,E,8,999.0,E,8,0.32,E,8,-9900,?,9,-9900,?,9,0.0,E,8,-9900,?,9,-9900,?,9,0.0,0.0,E,8
04/28/2018,06:00,0.0,1347.077,0.0,1,8,0.0,1,8,0.0,1,8,0.0,1,8,0.0,1,8,0.0,1,8,-0.0,1,8,-9900,?,9,-9900,?,9,8.42,E,8,6.73,E,8,89.0,E,8,822.9788000000001,E,8,999.0,E,8,0.32,E,8,-9900,?,9,-9900,?,9,0.0,E,8,-9900,?,9,-9900,?,9,0.0,0.0,E,8
04/28/2018,07:00,117.769,1347.077,0.0,1,8,0.0,1,8,0.0,1,8,0.0,1,8,0.0,1,8,0.0,1,8,0.0,1,8,-9900,?,9,-9900,?,9,8.18,E,8,6.94,E,8,91.0,E,8,822.9788000000001,E,8,999.0,E,8,0.32,E,8,-9900,?,9,-9900,?,9,0.0,E,8,-9900,?,9,-9900,?,9,0.0,0.0,E,8
04/28/2018,08:00,416.789,1347.077,124.9,1,8,22.752,1,8,117.88,1,8,14988.0,1,8,2161.427,1,8,12966.77,1,8,121.605,1,8,-9900,?,9,-9900,?,9,7.93,E,8,7.16,E,8,94.0,E,8,822.9788000000001,E,8,999.0,E,8,0.32,E,8,-9900,?,9,-9900,?,9,0.0,E,8,-9900,?,9,-9900,?,9,0.0,0.0,E,8
04/28/2018,09:00,681.543,1347.077,347.37,1,8,211.799,1,8,240.303,1,8,41684.4,1,8,20120.883,1,8,26433.356,1,8,151.314,1,8,-9900,?,9,-9900,?,9,11.51,E,8,3.75,E,8,58.0,E,8,822.9788000000001,E,8,999.0,E,8,0.32,E,8,-9900,?,9,-9900,?,9,0.0,E,8,-9900,?,9,-9900,?,9,0.0,0.0,E,8
04/28/2018,10:00,892.103,1347.077,548.1,1,8,392.138,1,8,288.504,1,8,65772.0,1,8,37253.099,1,8,31735.44,1,8,138.721,1,8,-9900,?,9,-9900,?,9,13.08,E,8,1.99,E,8,46.0,E,8,822.9788000000001,E,8,999.0,E,8,0.32,E,8,-9900,?,9,-9900,?,9,0.0,E,8,-9900,?,9,-9900,?,9,0.0,0.0,E,8
04/28/2018,11:00,1033.904,1347.077,697.31,1,8,361.831,1,8,419.655,1,8,83677.2,1,8,34373.957,1,8,46162.096,1,8,174.078,1,8,-9900,?,9,-9900,?,9,14.43,E,8,0.3,E,8,38.0,E,8,822.9788000000001,E,8,999.0,E,8,0.53,E,8,-9900,?,9,-9900,?,9,0.0,E,8,-9900,?,9,-9900,?,9,0.0,0.0,E,8
04/28/2018,12:00,1097.227,1347.077,775.92,1,8,490.883,1,8,376.144,1,8,93110.4,1,8,46633.863,1,8,41375.791,1,8,147.016,1,8,-9900,?,9,-9900,?,9,15.48,E,8,-1.03,E,8,31.0,E,8,822.9788000000001,E,8,999.0,E,8,1.41,E,8,-9900,?,9,-9900,?,9,0.0,E,8,-9900,?,9,-9900,?,9,0.0,0.0,E,8
04/28/2018,13:00,1077.741,1347.077,794.85,1,8,599.731,1,8,315.109,1,8,95382.0,1,8,56974.449,1,8,34662.015,1,8,125.389,1,8,-9900,?,9,-9900,?,9,16.23,E,8,-2.03,E,8,27.0,E,8,822.9788000000001,E,8,999.0,E,8,0.73,E,8,-9900,?,9,-9900,?,9,0.0,E,8,-9900,?,9,-9900,?,9,0.0,0.0,E,8
04/28/2018,14:00,976.78,1347.077,752.03,1,8,693.705,1,8,249.15,1,8,90243.6,1,8,65901.995,1,8,27406.526,1,8,109.401,1,8,-9900,?,9,-9900,?,9,16.67,E,8,-2.66,E,8,25.0,E,8,822.9788000000001,E,8,999.0,E,8,1.95,E,8,-9900,?,9,-9900,?,9,0.0,E,8,-9900,?,9,-9900,?,9,0.0,0.0,E,8
04/28/2018,15:00,801.259,1347.077,631.27,1,8,867.097,1,8,115.786,1,8,75752.4,1,8,82374.209,1,8,12736.444,1,8,61.995,1,8,-9900,?,9,-9900,?,9,16.78,E,8,-2.82,E,8,25.0,E,8,822.9788000000001,E,8,999.0,E,8,2.08,E,8,-9900,?,9,-9900,?,9,0.0,E,8,-9900,?,9,-9900,?,9,0.0,0.0,E,8
04/28/2018,16:00,563.241,1347.077,457.35,1,8,792.072,1,8,126.623,1,8,54882.0,1,8,75246.879,1,8,13928.582,1,8,96.53,1,8,-9900,?,9,-9900,?,9,16.41,E,8,-2.29,E,8,27.0,E,8,822.9788000000001,E,8,999.0,E,8,1.06,E,8,-9900,?,9,-9900,?,9,0.0,E,8,-9900,?,9,-9900,?,9,0.0,0.0,E,8
04/28/2018,17:00,279.437,1347.077,243.39,1,8,664.302,1,8,106.454,1,8,29206.8,1,8,63108.694,1,8,11709.913,1,8,164.384,1,8,-9900,?,9,-9900,?,9,15.57,E,8,-1.14,E,8,31.0,E,8,822.9788000000001,E,8,999.0,E,8,1.35,E,8,-9900,?,9,-9900,?,9,0.0,E,8,-9900,?,9,-9900,?,9,0.0,0.0,E,8
04/28/2018,18:00,0.0,1347.077,31.06,1,8,0.0,1,8,0.0,1,8,3727.2,1,8,0.0,1,8,0.0,1,8,-0.0,1,8,-9900,?,9,-9900,?,9,14.39,E,8,0.35,E,8,38.0,E,8,822.9788000000001,E,8,999.0,E,8,0.41,E,8,-9900,?,9,-9900,?,9,0.0,E,8,-9900,?,9,-9900,?,9,0.0,0.0,E,8
04/28/2018,19:00,0.0,1347.077,0.0,1,8,0.0,1,8,0.0,1,8,0.0,1,8,0.0,1,8,0.0,1,8,-0.0,1,8,-9900,?,9,-9900,?,9,13.48,E,8,1.51,E,8,44.0,E,8,822.9788000000001,E,8,999.0,E,8,0.32,E,8,-9900,?,9,-9900,?,9,0.0,E,8,-9900,?,9,-9900,?,9,0.0,0.0,E,8
04/28/2018,20:00,0.0,1347.077,0.0,1,8,0.0,1,8,0.0,1,8,0.0,1,8,0.0,1,8,0.0,1,8,-0.0,1,8,-9900,?,9,-9900,?,9,12.58,E,8,2.57,E,8,50.0,E,8,822.9788000000001,E,8,999.0,E,8,0.32,E,8,-9900,?,9,-9900,?,9,0.0,E,8,-9900,?,9,-9900,?,9,0.0,0.0,E,8
04/28/2018,21:00,0.0,1347.077,0.0,1,8,0.0,1,8,0.0,1,8,0.0,1,8,0.0,1,8,0.0,1,8,-0.0,1,8,-9900,?,9,-9900,?,9,11.67,E,8,3.58,E,8,57.0,E,8,822.9788000000001,E,8,999.0,E,8,0.32,E,8,-9900,?,9,-9900,?,9,0.0,E,8,-9900,?,9,-9900,?,9,0.0,0.0,E,8
04/28/2018,22:00,0.0,1347.077,0.0,1,8,0.0,1,8,0.0,1,8,0.0,1,8,0.0,1,8,0.0,1,8,-0.0,1,8,-9900,?,9,-9900,?,9,10.77,E,8,4.52,E,8,65.0,E,8,822.9788000000001,E,8,999.0,E,8,0.32,E,8,-9900,?,9,-9900,?,9,0.0,E,8,-9900,?,9,-9900,?,9,0.0,0.0,E,8
04/28/2018,23:00,0.0,1347.077,0.0,1,8,0.0,1,8,0.0,1,8,0.0,1,8,0.0,1,8,0.0,1,8,-0.0,1,8,-9900,?,9,-9900,?,9,9.86,E,8,5.41,E,8,73.0,E,8,822.9788000000001,E,8,999.0,E,8,0.32,E,8,-9900,?,9,-9900,?,9,0.0,E,8,-9900,?,9,-9900,?,9,0.0,0.0,E,8
04/28/2018,24:00,0.0,1347.077,0.0,1,8,0.0,1,8,0.0,1,8,0.0,1,8,0.0,1,8,0.0,1,8,-0.0,1,8,-9900,?,9,-9900,?,9,8.96,E,8,2.84,E,8,65.0,E,8,822.9788000000001,E,8,999.0,E,8,0.26,E,8,-9900,?,9,-9900,?,9,0.0,E,8,-9900,?,9,-9900,?,9,0.0,0.0,E,8
04/29/2018,01:00,0.0,1347.077,0.0,1,8,0.0,1,8,0.0,1,8,0.0,1,8,0.0,1,8,0.0,1,8,-0.0,1,8,-9900,?,9,-9900,?,9,8.51,E,8,3.19,E,8,69.0,E,8,822.9788000000001,E,8,999.0,E,8,0.26,E,8,-9900,?,9,-9900,?,9,0.0,E,8,-9900,?,9,-9900,?,9,0.0,0.0,E,8
04/29/2018,02:00,0.0,1347.077,0.0,1,8,0.0,1,8,0.0,1,8,0.0,1,8,0.0,1,8,0.0,1,8,-0.0,1,8,-9900,?,9,-9900,?,9,8.05,E,8,3.54,E,8,73.0,E,8,822.9788000000001,E,8,999.0,E,8,0.26,E,8,-9900,?,9,-9900,?,9,0.0,E,8,-9900,?,9,-9900,?,9,0.0,0.0,E,8
04/29/2018,03:00,0.0,1347.077,0.0,1,8,0.0,1,8,0.0,1,8,0.0,1,8,0.0,1,8,0.0,1,8,-0.0,1,8,-9900,?,9,-9900,?,9,7.6,E,8,3.87,E,8,77.0,E,8,822.9788000000001,E,8,999.0,E,8,0.26,E,8,-9900,?,9,-9900,?,9,0.0,E,8,-9900,?,9,-9900,?,9,0.0,0.0,E,8
04/29/2018,04:00,0.0,1346.364,0.0,1,8,0.0,1,8,0.0,1,8,0.0,1,8,0.0,1,8,0.0,1,8,-0.0,1,8,-9900,?,9,-9900,?,9,7.15,E,8,4.2,E,8,81.0,E,8,822.9788000000001,E,8,999.0,E,8,0.26,E,8,-9900,?,9,-9900,?,9,0.0,E,8,-9900,?,9,-9900,?,9,0.0,0.0,E,8
04/29/2018,05:00,0.0,1346.364,0.0,1,8,0.0,1,8,0.0,1,8,0.0,1,8,0.0,1,8,0.0,1,8,-0.0,1,8,-9900,?,9,-9900,?,9,6.7,E,8,4.52,E,8,85.0,E,8,822.9788000000001,E,8,999.0,E,8,0.26,E,8,-9900,?,9,-9900,?,9,0.0,E,8,-9900,?,9,-9900,?,9,0.0,0.0,E,8
04/29/2018,06:00,0.0,1346.364,0.0,1,8,0.0,1,8,0.0,1,8,0.0,1,8,0.0,1,8,0.0,1,8,-0.0,1,8,-9900,?,9,-9900,?,9,6.35,E,8,4.76,E,8,89.0,E,8,822.9788000000001,E,8,999.0,E,8,0.26,E,8,-9900,?,9,-9900,?,9,0.0,E,8,-9900,?,9,-9900,?,9,0.0,0.0,E,8
04/29/2018,07:00,115.633,1346.364,0.0,1,8,0.0,1,8,0.0,1,8,0.0,1,8,0.0,1,8,0.0,1,8,0.0,1,8,-9900,?,9,-9900,?,9,6.05,E,8,4.97,E,8,92.0,E,8,822.9788000000001,E,8,999.0,E,8,0.26,E,8,-9900,?,9,-9900,?,9,0.0,E,8,-9900,?,9,-9900,?,9,0.0,0.0,E,8
04/29/2018,08:00,413.965,1346.364,135.04,1,8,38.178,1,8,123.334,1,8,16204.8,1,8,3626.93,1,8,13566.724,1,8,128.037,1,8,-9900,?,9,-9900,?,9,5.75,E,8,5.17,E,8,96.0,E,8,822.9788000000001,E,8,999.0,E,8,0.26,E,8,-9900,?,9,-9900,?,9,0.0,E,8,-9900,?,9,-9900,?,9,0.0,0.0,E,8
04/29/2018,09:00,678.096,1346.364,373.59,1,8,296.145,1,8,224.565,1,8,44830.8,1,8,28133.807,1,8,24702.144,1,8,142.049,1,8,-9900,?,9,-9900,?,9,10.5,E,8,1.58,E,8,53.0,E,8,822.9788000000001,E,8,999.0,E,8,0.26,E,8,-9900,?,9,-9900,?,9,0.0,E,8,-9900,?,9,-9900,?,9,0.0,0.0,E,8
04/29/2018,10:00,888.1,1346.364,580.66,1,8,394.512,1,8,320.528,1,8,69679.2,1,8,37478.636,1,8,35258.081,1,8,154.733,1,8,-9900,?,9,-9900,?,9,12.53,E,8,-0.22,E,8,41.0,E,8,822.9788000000001,E,8,999.0,E,8,0.54,E,8,-9900,?,9,-9900,?,9,0.0,E,8,-9900,?,9,-9900,?,9,0.0,0.0,E,8
04/29/2018,11:00,1029.45,1346.364,737.57,1,8,502.67,1,8,353.301,1,8,88508.4,1,8,47753.695,1,8,38863.117,1,8,147.11,1,8,-9900,?,9,-9900,?,9,14.28,E,8,-1.79,E,8,32.0,E,8,822.9788000000001,E,8,999.0,E,8,0.89,E,8,-9900,?,9,-9900,?,9,0.0,E,8,-9900,?,9,-9900,?,9,0.0,0.0,E,8
04/29/2018,12:00,1092.456,1346.364,830.55,1,8,675.51,1,8,282.517,1,8,99666.0,1,8,64173.465,1,8,31076.838,1,8,110.846,1,8,-9900,?,9,-9900,?,9,15.68,E,8,-3.19,E,8,26.0,E,8,822.9788000000001,E,8,999.0,E,8,0.87,E,8,-9900,?,9,-9900,?,9,0.0,E,8,-9900,?,9,-9900,?,9,0.0,0.0,E,8
04/29/2018,13:00,1072.809,1346.364,848.83,1,8,786.316,1,8,222.384,1,8,101859.6,1,8,74700.043,1,8,24462.232,1,8,88.852,1,8,-9900,?,9,-9900,?,9,16.67,E,8,-4.29,E,8,22.0,E,8,822.9788000000001,E,8,999.0,E,8,1.57,E,8,-9900,?,9,-9900,?,9,0.0,E,8,-9900,?,9,-9900,?,9,0.0,0.0,E,8
04/29/2018,14:00,971.856,1346.364,796.63,1,8,891.31,1,8,153.423,1,8,95595.6,1,8,84674.465,1,8,16876.525,1,8,67.673,1,8,-9900,?,9,-9900,?,9,17.23,E,8,-4.96,E,8,20.0,E,8,822.9788000000001,E,8,999.0,E,8,2.06,E,8,-9900,?,9,-9900,?,9,0.0,E,8,-9900,?,9,-9900,?,9,0.0,0.0,E,8
04/29/2018,15:00,796.51,1346.364,665.8,1,8,902.696,1,8,132.056,1,8,79896.0,1,8,85756.081,1,8,14526.125,1,8,71.091,1,8,-9900,?,9,-9900,?,9,17.35,E,8,-5.1,E,8,20.0,E,8,822.9788000000001,E,8,999.0,E,8,1.74,E,8,-9900,?,9,-9900,?,9,0.0,E,8,-9900,?,9,-9900,?,9,0.0,0.0,E,8
04/29/2018,16:00,558.825,1346.364,480.87,1,8,792.248,1,8,152.498,1,8,57704.4,1,8,75263.522,1,8,16774.831,1,8,117.115,1,8,-9900,?,9,-9900,?,9,16.86,E,8,-4.51,E,8,21.0,E,8,822.9788000000001,E,8,999.0,E,8,1.28,E,8,-9900,?,9,-9900,?,9,0.0,E,8,-9900,?,9,-9900,?,9,0.0,0.0,E,8
04/29/2018,17:00,275.499,1346.364,255.77,1,8,642.057,1,8,125.238,1,8,30692.4,1,8,60995.426,1,8,13776.23,1,8,196.086,1,8,-9900,?,9,-9900,?,9,15.75,E,8,-3.27,E,8,26.0,E,8,822.9788000000001,E,8,999.0,E,8,1.09,E,8,-9900,?,9,-9900,?,9,0.0,E,8,-9900,?,9,-9900,?,9,0.0,0.0,E,8
04/29/2018,18:00,0.0,1346.364,31.92,1,8,0.0,1,8,0.0,1,8,3830.4,1,8,0.0,1,8,0.0,1,8,-0.0,1,8,-9900,?,9,-9900,?,9,14.19,E,8,-1.7,E,8,32.0,E,8,822.9788000000001,E,8,999.0,E,8,0.66,E,8,-9900,?,9,-9900,?,9,0.0,E,8,-9900,?,9,-9900,?,9,0.0,0.0,E,8
04/29/2018,19:00,0.0,1346.364,0.0,1,8,0.0,1,8,0.0,1,8,0.0,1,8,0.0,1,8,0.0,1,8,-0.0,1,8,-9900,?,9,-9900,?,9,13.12,E,8,-0.72,E,8,38.0,E,8,822.9788000000001,E,8,999.0,E,8,0.26,E,8,-9900,?,9,-9900,?,9,0.0,E,8,-9900,?,9,-9900,?,9,0.0,0.0,E,8
04/29/2018,20:00,0.0,1346.364,0.0,1,8,0.0,1,8,0.0,1,8,0.0,1,8,0.0,1,8,0.0,1,8,-0.0,1,8,-9900,?,9,-9900,?,9,12.04,E,8,0.22,E,8,44.0,E,8,822.9788000000001,E,8,999.0,E,8,0.26,E,8,-9900,?,9,-9900,?,9,0.0,E,8,-9900,?,9,-9900,?,9,0.0,0.0,E,8
04/29/2018,21:00,0.0,1346.364,0.0,1,8,0.0,1,8,0.0,1,8,0.0,1,8,0.0,1,8,0.0,1,8,-0.0,1,8,-9900,?,9,-9900,?,9,10.97,E,8,1.18,E,8,50.0,E,8,822.9788000000001,E,8,999.0,E,8,0.26,E,8,-9900,?,9,-9900,?,9,0.0,E,8,-9900,?,9,-9900,?,9,0.0,0.0,E,8
04/29/2018,22:00,0.0,1346.364,0.0,1,8,0.0,1,8,0.0,1,8,0.0,1,8,0.0,1,8,0.0,1,8,-0.0,1,8,-9900,?,9,-9900,?,9,9.9,E,8,2.08,E,8,58.0,E,8,822.9788000000001,E,8,999.0,E,8,0.26,E,8,-9900,?,9,-9900,?,9,0.0,E,8,-9900,?,9,-9900,?,9,0.0,0.0,E,8
04/29/2018,23:00,0.0,1346.364,0.0,1,8,0.0,1,8,0.0,1,8,0.0,1,8,0.0,1,8,0.0,1,8,-0.0,1,8,-9900,?,9,-9900,?,9,8.82,E,8,2.95,E,8,66.0,E,8,822.9788000000001,E,8,999.0,E,8,0.29,E,8,-9900,?,9,-9900,?,9,0.0,E,8,-9900,?,9,-9900,?,9,0.0,0.0,E,8
04/29/2018,24:00,0.0,1346.364,0.0,1,8,0.0,1,8,0.0,1,8,0.0,1,8,0.0,1,8,0.0,1,8,-0.0,1,8,-9900,?,9,-9900,?,9,7.75,E,8,0.26,E,8,59.0,E,8,822.9788000000001,E,8,999.0,E,8,0.3,E,8,-9900,?,9,-9900,?,9,0.0,E,8,-9900,?,9,-9900,?,9,0.0,0.0,E,8
04/30/2018,01:00,0.0,1346.364,0.0,1,8,0.0,1,8,0.0,1,8,0.0,1,8,0.0,1,8,0.0,1,8,-0.0,1,8,-9900,?,9,-9900,?,9,7.22,E,8,0.75,E,8,63.0,E,8,822.9788000000001,E,8,999.0,E,8,0.3,E,8,-9900,?,9,-9900,?,9,0.0,E,8,-9900,?,9,-9900,?,9,0.0,0.0,E,8
04/30/2018,02:00,0.0,1346.364,0.0,1,8,0.0,1,8,0.0,1,8,0.0,1,8,0.0,1,8,0.0,1,8,-0.0,1,8,-9900,?,9,-9900,?,9,6.68,E,8,1.24,E,8,68.0,E,8,822.9788000000001,E,8,999.0,E,8,0.3,E,8,-9900,?,9,-9900,?,9,0.0,E,8,-9900,?,9,-9900,?,9,0.0,0.0,E,8
04/30/2018,03:00,0.0,1346.364,0.0,1,8,0.0,1,8,0.0,1,8,0.0,1,8,0.0,1,8,0.0,1,8,-0.0,1,8,-9900,?,9,-9900,?,9,6.14,E,8,1.71,E,8,73.0,E,8,822.9788000000001,E,8,999.0,E,8,0.3,E,8,-9900,?,9,-9900,?,9,0.0,E,8,-9900,?,9,-9900,?,9,0.0,0.0,E,8
04/30/2018,04:00,0.0,1345.658,0.0,1,8,0.0,1,8,0.0,1,8,0.0,1,8,0.0,1,8,0.0,1,8,-0.0,1,8,-9900,?,9,-9900,?,9,5.61,E,8,2.15,E,8,78.0,E,8,822.9788000000001,E,8,999.0,E,8,0.3,E,8,-9900,?,9,-9900,?,9,0.0,E,8,-9900,?,9,-9900,?,9,0.0,0.0,E,8
04/30/2018,05:00,0.0,1345.658,0.0,1,8,0.0,1,8,0.0,1,8,0.0,1,8,0.0,1,8,0.0,1,8,-0.0,1,8,-9900,?,9,-9900,?,9,5.07,E,8,2.6,E,8,84.0,E,8,822.9788000000001,E,8,999.0,E,8,0.3,E,8,-9900,?,9,-9900,?,9,0.0,E,8,-9900,?,9,-9900,?,9,0.0,0.0,E,8
04/30/2018,06:00,0.0,1345.658,0.0,1,8,0.0,1,8,0.0,1,8,0.0,1,8,0.0,1,8,0.0,1,8,-0.0,1,8,-9900,?,9,-9900,?,9,4.65,E,8,2.93,E,8,88.0,E,8,822.9788000000001,E,8,999.0,E,8,0.3,E,8,-9900,?,9,-9900,?,9,0.0,E,8,-9900,?,9,-9900,?,9,0.0,0.0,E,8
04/30/2018,07:00,113.489,1345.658,0.0,1,8,0.0,1,8,0.0,1,8,0.0,1,8,0.0,1,8,0.0,1,8,0.0,1,8,-9900,?,9,-9900,?,9,4.3,E,8,3.21,E,8,92.0,E,8,822.9788000000001,E,8,999.0,E,8,0.3,E,8,-9900,?,9,-9900,?,9,0.0,E,8,-9900,?,9,-9900,?,9,0.0,0.0,E,8
04/30/2018,08:00,411.134,1345.658,130.12,1,8,32.261,1,8,120.291,1,8,15614.4,1,8,3064.816,1,8,13232.009,1,8,125.677,1,8,-9900,?,9,-9900,?,9,3.95,E,8,3.48,E,8,96.0,E,8,822.9788000000001,E,8,999.0,E,8,0.3,E,8,-9900,?,9,-9900,?,9,0.0,E,8,-9900,?,9,-9900,?,9,0.0,0.0,E,8
04/30/2018,09:00,674.645,1345.658,363.34,1,8,239.222,1,8,243.511,1,8,43600.8,1,8,22726.092,1,8,26786.162,1,8,154.741,1,8,-9900,?,9,-9900,?,9,9.23,E,8,-1.06,E,8,48.0,E,8,822.9788000000001,E,8,999.0,E,8,0.3,E,8,-9900,?,9,-9900,?,9,0.0,E,8,-9900,?,9,-9900,?,9,0.0,0.0,E,8
04/30/2018,10:00,884.102,1345.658,571.1,1,8,382.468,1,8,319.914,1,8,68532.0,1,8,36334.431,1,8,35190.593,1,8,155.054,1,8,-9900,?,9,-9900,?,9,11.55,E,8,-3.38,E,8,33.0,E,8,822.9788000000001,E,8,999.0,E,8,0.3,E,8,-9900,?,9,-9900,?,9,0.0,E,8,-9900,?,9,-9900,?,9,0.0,0.0,E,8
04/30/2018,11:00,1025.011,1345.658,726.61,1,8,482.594,1,8,359.088,1,8,87193.2,1,8,45846.458,1,8,39499.643,1,8,150.089,1,8,-9900,?,9,-9900,?,9,13.54,E,8,-5.78,E,8,24.0,E,8,822.9788000000001,E,8,999.0,E,8,0.3,E,8,-9900,?,9,-9900,?,9,0.0,E,8,-9900,?,9,-9900,?,9,0.0,0.0,E,8
04/30/2018,12:00,1087.713,1345.658,821.16,1,8,657.783,1,8,289.549,1,8,98539.2,1,8,62489.363,1,8,31850.353,1,8,114.041,1,8,-9900,?,9,-9900,?,9,15.14,E,8,-8.09,E,8,17.0,E,8,822.9788000000001,E,8,999.0,E,8,0.93,E,8,-9900,?,9,-9900,?,9,0.0,E,8,-9900,?,9,-9900,?,9,0.0,0.0,E,8
04/30/2018,13:00,1067.919,1345.658,845.38,1,8,788.621,1,8,219.636,1,8,101445.6,1,8,74918.965,1,8,24159.98,1,8,88.11,1,8,-9900,?,9,-9900,?,9,16.29,E,8,-10.08,E,8,13.0,E,8,822.9788000000001,E,8,999.0,E,8,1.63,E,8,-9900,?,9,-9900,?,9,0.0,E,8,-9900,?,9,-9900,?,9,0.0,0.0,E,8
04/30/2018,14:00,966.986,1345.658,797.83,1,8,897.862,1,8,152.807,1,8,95739.6,1,8,85296.861,1,8,16808.765,1,8,67.706,1,8,-9900,?,9,-9900,?,9,16.97,E,8,-11.42,E,8,11.0,E,8,822.9788000000001,E,8,999.0,E,8,2.5,E,8,-9900,?,9,-9900,?,9,0.0,E,8,-9900,?,9,-9900,?,9,0.0,0.0,E,8
04/30/2018,15:00,791.826,1345.658,677.21,1,8,788.939,1,8,213.231,1,8,81265.2,1,8,74949.171,1,8,23455.442,1,8,115.411,1,8,-9900,?,9,-9900,?,9,17.15,E,8,-11.8,E,8,11.0,E,8,822.9788000000001,E,8,999.0,E,8,2.25,E,8,-9900,?,9,-9900,?,9,0.0,E,8,-9900,?,9,-9900,?,9,0.0,0.0,E,8
04/30/2018,16:00,554.484,1345.658,493.11,1,8,783.444,1,8,170.749,1,8,59173.2,1,8,74427.182,1,8,18782.355,1,8,132.091,1,8,-9900,?,9,-9900,?,9,16.65,E,8,-10.77,E,8,12.0,E,8,822.9788000000001,E,8,999.0,E,8,1.24,E,8,-9900,?,9,-9900,?,9,0.0,E,8,-9900,?,9,-9900,?,9,0.0,0.0,E,8
04/30/2018,17:00,271.644,1345.658,264.53,1,8,602.033,1,8,143.807,1,8,31743.6,1,8,57193.174,1,8,15818.72,1,8,228.275,1,8,-9900,?,9,-9900,?,9,15.42,E,8,-8.55,E,8,16.0,E,8,822.9788000000001,E,8,999.0,E,8,0.68,E,8,-9900,?,9,-9900,?,9,0.0,E,8,-9900,?,9,-9900,?,9,0.0,0.0,E,8
04/30/2018,18:00,0.0,1345.658,158.72,1,8,0.0,1,8,0.0,1,8,19046.4,1,8,0.0,1,8,0.0,1,8,-0.0,1,8,-9900,?,9,-9900,?,9,14.274,E,8,-6.998,E,8,21.0,E,8,822.9788000000001,E,8,999.0,E,8,0.58,E,8,-9900,?,9,-9900,?,9,0.0,E,8,-9900,?,9,-9900,?,9,0.0,0.0,E,8
04/30/2018,19:00,0.0,1345.658,60.098,1,8,0.0,1,8,0.0,1,8,7211.76,1,8,0.0,1,8,0.0,1,8,-0.0,1,8,-9900,?,9,-9900,?,9,13.342,E,8,-5.618,E,8,24.8,E,8,822.9788000000001,E,8,999.0,E,8,0.392,E,8,-9900,?,9,-9900,?,9,0.0,E,8,-9900,?,9,-9900,?,9,0.0,0.0,E,8
04/30/2018,20:00,0.0,1345.658,7.192,1,8,0.0,1,8,0.0,1,8,863.04,1,8,0.0,1,8,0.0,1,8,-0.0,1,8,-9900,?,9,-9900,?,9,12.544,E,8,-4.558,E,8,28.4,E,8,822.9788000000001,E,8,999.0,E,8,0.316,E,8,-9900,?,9,-9900,?,9,0.0,E,8,-9900,?,9,-9900,?,9,0.0,0.0,E,8
04/30/2018,21:00,0.0,1345.658,0.0,1,8,0.0,1,8,0.0,1,8,0.0,1,8,0.0,1,8,0.0,1,8,-0.0,1,8,-9900,?,9,-9900,?,9,11.986,E,8,-3.902,E,8,31.2,E,8,822.9788000000001,E,8,999.0,E,8,0.3,E,8,-9900,?,9,-9900,?,9,0.0,E,8,-9900,?,9,-9900,?,9,0.0,0.0,E,8
04/30/2018,22:00,0.0,1345.658,0.0,1,8,0.0,1,8,0.0,1,8,0.0,1,8,0.0,1,8,0.0,1,8,-0.0,1,8,-9900,?,9,-9900,?,9,11.884,E,8,-0.638,E,8,43.4,E,8,822.9788000000001,E,8,999.0,E,8,0.34,E,8,-9900,?,9,-9900,?,9,0.0,E,8,-9900,?,9,-9900,?,9,0.0,0.0,E,8
04/30/2018,23:00,0.0,1345.658,0.0,1,8,0.0,1,8,0.0,1,8,0.0,1,8,0.0,1,8,0.0,1,8,-0.0,1,8,-9900,?,9,-9900,?,9,11.86,E,8,2.494,E,8,56.2,E,8,822.9788000000001,E,8,999.0,E,8,0.38,E,8,-9900,?,9,-9900,?,9,0.0024000000000000002,E,8,-9900,?,9,-9900,?,9,0.024,99.0,E,8
04/30/2014,24:00,0.0,1345.658,0.0,1,8,0.0,1,8,0.0,1,8,0.0,1,8,0.0,1,8,0.0,1,8,-0.0,1,8,-9900,?,9,-9900,?,9,11.91,E,8,5.504,E,8,69.6,E,8,822.9788000000001,E,8,999.0,E,8,0.42,E,8,-9900,?,9,-9900,?,9,0.058199999999999995,E,8,-9900,?,9,-9900,?,9,0.582,99.0,E,8
05/01/2014,01:00,0.0,1345.658,0.0,1,8,0.0,1,8,0.0,1,8,0.0,1,8,0.0,1,8,0.0,1,8,-0.0,1,8,-9900,?,9,-9900,?,9,12.038,E,8,8.396,E,8,80.8,E,8,822.9788000000001,E,8,999.0,E,8,0.536,E,8,-9900,?,9,-9900,?,9,0.058199999999999995,E,8,-9900,?,9,-9900,?,9,0.582,99.0,E,8
05/01/2014,02:00,0.0,1345.658,0.0,1,8,0.0,1,8,0.0,1,8,0.0,1,8,0.0,1,8,0.0,1,8,-0.0,1,8,-9900,?,9,-9900,?,9,12.244,E,8,11.178,E,8,91.6,E,8,822.9788000000001,E,8,999.0,E,8,0.61,E,8,-9900,?,9,-9900,?,9,0.058199999999999995,E,8,-9900,?,9,-9900,?,9,0.582,99.0,E,8
05/01/2014,03:00,0.0,1345.658,0.0,1,8,0.0,1,8,0.0,1,8,0.0,1,8,0.0,1,8,0.0,1,8,-0.0,1,8,-9900,?,9,-9900,?,9,12.07,E,8,11.212,E,8,93.6,E,8,822.9788000000001,E,8,999.0,E,8,0.784,E,8,-9900,?,9,-9900,?,9,0.058399999999999994,E,8,-9900,?,9,-9900,?,9,0.584,99.0,E,8
05/01/2014,04:00,0.0,1344.958,0.0,1,8,0.0,1,8,0.0,1,8,0.0,1,8,0.0,1,8,0.0,1,8,-0.0,1,8,-9900,?,9,-9900,?,9,11.904,E,8,11.246,E,8,94.8,E,8,822.9788000000001,E,8,999.0,E,8,0.996,E,8,-9900,?,9,-9900,?,9,0.056999999999999995,E,8,-9900,?,9,-9900,?,9,0.57,99.0,E,8
05/01/2014,05:00,0.0,1344.958,0.0,1,8,0.0,1,8,0.0,1,8,0.0,1,8,0.0,1,8,0.0,1,8,-0.0,1,8,-9900,?,9,-9900,?,9,11.75,E,8,11.276,E,8,94.0,E,8,822.9788000000001,E,8,999.0,E,8,1.282,E,8,-9900,?,9,-9900,?,9,0.0012000000000000001,E,8,-9900,?,9,-9900,?,9,0.012,99.0,E,8
05/01/2014,06:00,0.0,1344.958,0.0,1,8,0.0,1,8,0.0,1,8,0.0,1,8,0.0,1,8,0.0,1,8,-0.0,1,8,-9900,?,9,-9900,?,9,11.59,E,8,11.31,E,8,98.0,E,8,822.9788000000001,E,8,999.0,E,8,1.56,E,8,-9900,?,9,-9900,?,9,0.005,E,8,-9900,?,9,-9900,?,9,0.05,99.0,E,8
05/01/2014,07:00,111.397,1344.958,0.0,1,8,0.0,1,8,0.0,1,8,0.0,1,8,0.0,1,8,0.0,1,8,0.0,1,8,-9900,?,9,-9900,?,9,11.47,E,8,11.33,E,8,94.0,E,8,822.9788000000001,E,8,999.0,E,8,1.93,E,8,-9900,?,9,-9900,?,9,0.0,E,8,-9900,?,9,-9900,?,9,0.0,0.0,E,8
05/01/2014,08:00,408.369,1344.958,56.36,1,8,0.0,1,8,56.36,1,8,6763.2,1,8,0.0,1,8,6199.6,1,8,59.253,1,8,-9900,?,9,-9900,?,9,11.36,E,8,11.35,E,8,99.0,E,8,822.9788000000001,E,8,999.0,E,8,1.24,E,8,-9900,?,9,-9900,?,9,0.002,E,8,-9900,?,9,-9900,?,9,0.02,99.0,E,8
05/01/2014,09:00,671.28,1344.958,158.09,1,8,1.327,1,8,157.428,1,8,18970.8,1,8,126.046,1,8,17317.12,1,8,100.49,1,8,-9900,?,9,-9900,?,9,14.42,E,8,10.74,E,8,76.0,E,8,822.9788000000001,E,8,999.0,E,8,0.61,E,8,-9900,?,9,-9900,?,9,0.0,E,8,-9900,?,9,-9900,?,9,0.0,0.0,E,8
05/01/2014,10:00,880.208,1344.958,247.68,1,8,5.287,1,8,244.221,1,8,29721.6,1,8,502.275,1,8,26864.333,1,8,118.83,1,8,-9900,?,9,-9900,?,9,15.75,E,8,10.47,E,8,69.0,E,8,822.9788000000001,E,8,999.0,E,8,0.54,E,8,-9900,?,9,-9900,?,9,0.0,E,8,-9900,?,9,-9900,?,9,0.0,0.0,E,8
05/01/2014,11:00,1020.695,1344.958,314.75,1,8,6.984,1,8,309.451,1,8,37770.0,1,8,663.442,1,8,34039.639,1,8,129.822,1,8,-9900,?,9,-9900,?,9,16.9,E,8,10.23,E,8,63.0,E,8,822.9788000000001,E,8,999.0,E,8,0.5,E,8,-9900,?,9,-9900,?,9,0.0,E,8,-9900,?,9,-9900,?,9,0.0,0.0,E,8
05/01/2014,12:00,1083.11,1344.958,353.84,1,8,6.799,1,8,348.366,1,8,42460.8,1,8,645.876,1,8,38320.239,1,8,137.718,1,8,-9900,?,9,-9900,?,9,17.81,E,8,10.03,E,8,59.0,E,8,822.9788000000001,E,8,999.0,E,8,0.5,E,8,-9900,?,9,-9900,?,9,0.0,E,8,-9900,?,9,-9900,?,9,0.0,0.0,E,8
05/01/2014,13:00,1063.185,1344.958,362.04,1,8,7.834,1,8,355.848,1,8,43444.8,1,8,744.217,1,8,39143.33,1,8,143.315,1,8,-9900,?,9,-9900,?,9,18.46,E,8,9.89,E,8,57.0,E,8,822.9788000000001,E,8,999.0,E,8,0.85,E,8,-9900,?,9,-9900,?,9,0.0,E,8,-9900,?,9,-9900,?,9,0.0,0.0,E,8
05/01/2014,14:00,962.284,1344.958,338.74,1,8,11.218,1,8,330.716,1,8,40648.8,1,8,1065.751,1,8,36378.731,1,8,147.174,1,8,-9900,?,9,-9900,?,9,18.83,E,8,9.82,E,8,55.0,E,8,822.9788000000001,E,8,999.0,E,8,0.81,E,8,-9900,?,9,-9900,?,9,0.0,E,8,-9900,?,9,-9900,?,9,0.0,0.0,E,8
05/01/2014,15:00,787.321,1344.958,285.66,1,8,14.524,1,8,277.163,1,8,34279.2,1,8,1379.773,1,8,30487.893,1,8,150.795,1,8,-9900,?,9,-9900,?,9,18.91,E,8,9.8,E,8,55.0,E,8,822.9788000000001,E,8,999.0,E,8,0.67,E,8,-9900,?,9,-9900,?,9,0.0,E,8,-9900,?,9,-9900,?,9,0.0,0.0,E,8
05/01/2014,16:00,550.324,1344.958,206.89,1,8,72.808,1,8,177.142,1,8,24826.8,1,8,6916.776,1,8,19485.603,1,8,138.004,1,8,-9900,?,9,-9900,?,9,18.6,E,8,9.86,E,8,56.0,E,8,822.9788000000001,E,8,999.0,E,8,0.5,E,8,-9900,?,9,-9900,?,9,0.0,E,8,-9900,?,9,-9900,?,9,0.0,0.0,E,8
05/01/2014,17:00,267.968,1344.958,109.51,1,8,120.558,1,8,85.654,1,8,13141.2,1,8,11453.013,1,8,9421.936,1,8,137.783,1,8,-9900,?,9,-9900,?,9,17.88,E,8,10.02,E,8,59.0,E,8,822.9788000000001,E,8,999.0,E,8,0.5,E,8,-9900,?,9,-9900,?,9,0.0,E,8,-9900,?,9,-9900,?,9,0.0,0.0,E,8
05/01/2014,18:00,0.0,1344.958,13.34,1,8,0.0,1,8,0.0,1,8,1600.8,1,8,0.0,1,8,0.0,1,8,-0.0,1,8,-9900,?,9,-9900,?,9,17.36,E,8,10.13,E,8,61.0,E,8,822.9788000000001,E,8,999.0,E,8,0.5,E,8,-9900,?,9,-9900,?,9,0.0,E,8,-9900,?,9,-9900,?,9,0.0,0.0,E,8
05/01/2014,19:00,0.0,1344.958,0.0,1,8,0.0,1,8,0.0,1,8,0.0,1,8,0.0,1,8,0.0,1,8,-0.0,1,8,-9900,?,9,-9900,?,9,16.84,E,8,10.24,E,8,64.0,E,8,822.9788000000001,E,8,999.0,E,8,0.5,E,8,-9900,?,9,-9900,?,9,0.0,E,8,-9900,?,9,-9900,?,9,0.0,0.0,E,8
05/01/2014,20:00,0.0,1344.958,0.0,1,8,0.0,1,8,0.0,1,8,0.0,1,8,0.0,1,8,0.0,1,8,-0.0,1,8,-9900,?,9,-9900,?,9,16.32,E,8,10.35,E,8,66.0,E,8,822.9788000000001,E,8,999.0,E,8,0.78,E,8,-9900,?,9,-9900,?,9,0.0,E,8,-9900,?,9,-9900,?,9,0.0,0.0,E,8
05/01/2014,21:00,0.0,1344.958,0.0,1,8,0.0,1,8,0.0,1,8,0.0,1,8,0.0,1,8,0.0,1,8,-0.0,1,8,-9900,?,9,-9900,?,9,15.81,E,8,10.45,E,8,68.0,E,8,822.9788000000001,E,8,999.0,E,8,0.95,E,8,-9900,?,9,-9900,?,9,0.0,E,8,-9900,?,9,-9900,?,9,0.0,0.0,E,8
05/01/2014,22:00,0.0,1344.958,0.0,1,8,0.0,1,8,0.0,1,8,0.0,1,8,0.0,1,8,0.0,1,8,-0.0,1,8,-9900,?,9,-9900,?,9,15.29,E,8,10.56,E,8,71.0,E,8,822.9788000000001,E,8,999.0,E,8,0.61,E,8,-9900,?,9,-9900,?,9,0.0,E,8,-9900,?,9,-9900,?,9,0.0,0.0,E,8
05/01/2014,23:00,0.0,1344.958,0.0,1,8,0.0,1,8,0.0,1,8,0.0,1,8,0.0,1,8,0.0,1,8,-0.0,1,8,-9900,?,9,-9900,?,9,14.77,E,8,10.67,E,8,74.0,E,8,822.9788000000001,E,8,999.0,E,8,0.59,E,8,-9900,?,9,-9900,?,9,0.0,E,8,-9900,?,9,-9900,?,9,0.0,0.0,E,8
05/01/2014,24:00,0.0,1344.958,0.0,1,8,0.0,1,8,0.0,1,8,0.0,1,8,0.0,1,8,0.0,1,8,-0.0,1,8,-9900,?,9,-9900,?,9,14.25,E,8,11.96,E,8,86.0,E,8,822.9788000000001,E,8,999.0,E,8,0.19,E,8,-9900,?,9,-9900,?,9,0.0,E,8,-9900,?,9,-9900,?,9,0.0,0.0,E,8
05/02/2014,01:00,0.0,1344.958,0.0,1,8,0.0,1,8,0.0,1,8,0.0,1,8,0.0,1,8,0.0,1,8,-0.0,1,8,-9900,?,9,-9900,?,9,13.99,E,8,11.92,E,8,87.0,E,8,822.9788000000001,E,8,999.0,E,8,0.19,E,8,-9900,?,9,-9900,?,9,0.0,E,8,-9900,?,9,-9900,?,9,0.0,0.0,E,8
05/02/2014,02:00,0.0,1344.958,0.0,1,8,0.0,1,8,0.0,1,8,0.0,1,8,0.0,1,8,0.0,1,8,-0.0,1,8,-9900,?,9,-9900,?,9,13.73,E,8,11.88,E,8,88.0,E,8,822.9788000000001,E,8,999.0,E,8,0.19,E,8,-9900,?,9,-9900,?,9,0.0,E,8,-9900,?,9,-9900,?,9,0.0,0.0,E,8
05/02/2014,03:00,0.0,1344.958,0.0,1,8,0.0,1,8,0.0,1,8,0.0,1,8,0.0,1,8,0.0,1,8,-0.0,1,8,-9900,?,9,-9900,?,9,13.47,E,8,11.84,E,8,89.0,E,8,822.9788000000001,E,8,999.0,E,8,0.19,E,8,-9900,?,9,-9900,?,9,0.0,E,8,-9900,?,9,-9900,?,9,0.0,0.0,E,8
05/02/2014,04:00,0.0,1344.266,0.0,1,8,0.0,1,8,0.0,1,8,0.0,1,8,0.0,1,8,0.0,1,8,-0.0,1,8,-9900,?,9,-9900,?,9,13.21,E,8,11.8,E,8,91.0,E,8,822.9788000000001,E,8,999.0,E,8,0.19,E,8,-9900,?,9,-9900,?,9,0.0,E,8,-9900,?,9,-9900,?,9,0.0,0.0,E,8
05/02/2014,05:00,0.0,1344.266,0.0,1,8,0.0,1,8,0.0,1,8,0.0,1,8,0.0,1,8,0.0,1,8,-0.0,1,8,-9900,?,9,-9900,?,9,12.95,E,8,11.76,E,8,92.0,E,8,822.9788000000001,E,8,999.0,E,8,0.19,E,8,-9900,?,9,-9900,?,9,0.0,E,8,-9900,?,9,-9900,?,9,0.0,0.0,E,8
05/02/2014,06:00,0.0,1344.266,0.0,1,8,0.0,1,8,0.0,1,8,0.0,1,8,0.0,1,8,0.0,1,8,-0.0,1,8,-9900,?,9,-9900,?,9,12.75,E,8,11.73,E,8,93.0,E,8,822.9788000000001,E,8,999.0,E,8,0.19,E,8,-9900,?,9,-9900,?,9,0.0,E,8,-9900,?,9,-9900,?,9,0.0,0.0,E,8
05/02/2014,07:00,109.22,1344.266,0.0,1,8,0.0,1,8,0.0,1,8,0.0,1,8,0.0,1,8,0.0,1,8,0.0,1,8,-9900,?,9,-9900,?,9,12.58,E,8,11.71,E,8,94.0,E,8,822.9788000000001,E,8,999.0,E,8,0.19,E,8,-9900,?,9,-9900,?,9,0.0,E,8,-9900,?,9,-9900,?,9,0.0,0.0,E,8
05/02/2014,08:00,405.508,1344.266,72.14,1,8,0.0,1,8,72.14,1,8,8656.8,1,8,0.0,1,8,7935.4,1,8,76.342,1,8,-9900,?,9,-9900,?,9,12.41,E,8,11.68,E,8,95.0,E,8,822.9788000000001,E,8,999.0,E,8,0.19,E,8,-9900,?,9,-9900,?,9,0.0,E,8,-9900,?,9,-9900,?,9,0.0,0.0,E,8
05/02/2014,09:00,667.815,1344.266,203.78,1,8,18.532,1,8,194.582,1,8,24453.6,1,8,1760.546,1,8,21403.988,1,8,124.787,1,8,-9900,?,9,-9900,?,9,15.14,E,8,12.09,E,8,82.0,E,8,822.9788000000001,E,8,999.0,E,8,0.19,E,8,-9900,?,9,-9900,?,9,0.0,E,8,-9900,?,9,-9900,?,9,0.0,0.0,E,8
05/02/2014,10:00,876.216,1344.266,319.75,1,8,59.719,1,8,280.839,1,8,38370.0,1,8,5673.349,1,8,30892.319,1,8,137.2,1,8,-9900,?,9,-9900,?,9,16.34,E,8,12.27,E,8,76.0,E,8,822.9788000000001,E,8,999.0,E,8,0.31,E,8,-9900,?,9,-9900,?,9,0.0,E,8,-9900,?,9,-9900,?,9,0.0,0.0,E,8
05/02/2014,11:00,1016.288,1344.266,406.55,1,8,57.427,1,8,363.144,1,8,48786.0,1,8,5455.544,1,8,39945.833,1,8,152.93,1,8,-9900,?,9,-9900,?,9,17.37,E,8,12.42,E,8,72.0,E,8,822.9788000000001,E,8,999.0,E,8,1.08,E,8,-9900,?,9,-9900,?,9,0.0,E,8,-9900,?,9,-9900,?,9,0.0,0.0,E,8
05/02/2014,12:00,1078.427,1344.266,457.1,1,8,106.421,1,8,371.738,1,8,54852.0,1,8,10109.991,1,8,40891.234,1,8,147.521,1,8,-9900,?,9,-9900,?,9,18.18,E,8,12.54,E,8,69.0,E,8,822.9788000000001,E,8,999.0,E,8,1.35,E,8,-9900,?,9,-9900,?,9,0.0,E,8,-9900,?,9,-9900,?,9,0.0,0.0,E,8
05/02/2014,13:00,1058.384,1344.266,467.64,1,8,127.901,1,8,366.958,1,8,56116.8,1,8,12150.594,1,8,40365.333,1,8,148.384,1,8,-9900,?,9,-9900,?,9,18.76,E,8,12.62,E,8,67.0,E,8,822.9788000000001,E,8,999.0,E,8,2.11,E,8,-9900,?,9,-9900,?,9,0.0,E,8,-9900,?,9,-9900,?,9,0.0,0.0,E,8
05/02/2014,14:00,957.533,1344.266,437.39,1,8,103.07,1,8,363.994,1,8,52486.8,1,8,9791.611,1,8,40039.289,1,8,162.704,1,8,-9900,?,9,-9900,?,9,19.09,E,8,12.67,E,8,66.0,E,8,822.9788000000001,E,8,999.0,E,8,2.94,E,8,-9900,?,9,-9900,?,9,0.0,E,8,-9900,?,9,-9900,?,9,0.0,0.0,E,8
05/02/2014,15:00,782.781,1344.266,368.57,1,8,128.978,1,8,293.508,1,8,44228.4,1,8,12252.868,1,8,32285.858,1,8,160.532,1,8,-9900,?,9,-9900,?,9,19.17,E,8,12.68,E,8,66.0,E,8,822.9788000000001,E,8,999.0,E,8,2.42,E,8,-9900,?,9,-9900,?,9,0.0,E,8,-9900,?,9,-9900,?,9,0.0,0.0,E,8
05/02/2014,16:00,546.148,1344.266,266.5,1,8,218.039,1,8,178.046,1,8,31980.0,1,8,20713.728,1,8,19585.02,1,8,139.7,1,8,-9900,?,9,-9900,?,9,18.89,E,8,12.64,E,8,67.0,E,8,822.9788000000001,E,8,999.0,E,8,2.39,E,8,-9900,?,9,-9900,?,9,0.0,E,8,-9900,?,9,-9900,?,9,0.0,0.0,E,8
05/02/2014,17:00,264.292,1344.266,140.39,1,8,414.07,1,8,59.551,1,8,16846.8,1,8,39336.686,1,8,6550.608,1,8,97.094,1,8,-9900,?,9,-9900,?,9,18.24,E,8,12.55,E,8,69.0,E,8,822.9788000000001,E,8,999.0,E,8,2.05,E,8,-9900,?,9,-9900,?,9,0.0,E,8,-9900,?,9,-9900,?,9,0.0,0.0,E,8
05/02/2014,18:00,0.0,1344.266,16.37,1,8,0.0,1,8,0.0,1,8,1964.4,1,8,0.0,1,8,0.0,1,8,-0.0,1,8,-9900,?,9,-9900,?,9,17.73,E,8,12.47,E,8,71.0,E,8,822.9788000000001,E,8,999.0,E,8,1.0,E,8,-9900,?,9,-9900,?,9,0.0,E,8,-9900,?,9,-9900,?,9,0.0,0.0,E,8
05/02/2014,19:00,0.0,1344.266,0.0,1,8,0.0,1,8,0.0,1,8,0.0,1,8,0.0,1,8,0.0,1,8,-0.0,1,8,-9900,?,9,-9900,?,9,17.21,E,8,12.4,E,8,73.0,E,8,822.9788000000001,E,8,999.0,E,8,0.27,E,8,-9900,?,9,-9900,?,9,0.0,E,8,-9900,?,9,-9900,?,9,0.0,0.0,E,8
05/02/2014,20:00,0.0,1344.266,0.0,1,8,0.0,1,8,0.0,1,8,0.0,1,8,0.0,1,8,0.0,1,8,-0.0,1,8,-9900,?,9,-9900,?,9,16.7,E,8,12.32,E,8,75.0,E,8,822.9788000000001,E,8,999.0,E,8,0.19,E,8,-9900,?,9,-9900,?,9,0.0,E,8,-9900,?,9,-9900,?,9,0.0,0.0,E,8
05/02/2014,21:00,0.0,1344.266,0.0,1,8,0.0,1,8,0.0,1,8,0.0,1,8,0.0,1,8,0.0,1,8,-0.0,1,8,-9900,?,9,-9900,?,9,16.19,E,8,12.25,E,8,77.0,E,8,822.9788000000001,E,8,999.0,E,8,0.19,E,8,-9900,?,9,-9900,?,9,0.0,E,8,-9900,?,9,-9900,?,9,0.0,0.0,E,8
05/02/2014,22:00,0.0,1344.266,0.0,1,8,0.0,1,8,0.0,1,8,0.0,1,8,0.0,1,8,0.0,1,8,-0.0,1,8,-9900,?,9,-9900,?,9,15.68,E,8,12.17,E,8,79.0,E,8,822.9788000000001,E,8,999.0,E,8,0.19,E,8,-9900,?,9,-9900,?,9,0.0,E,8,-9900,?,9,-9900,?,9,0.0,0.0,E,8
05/02/2014,23:00,0.0,1344.266,0.0,1,8,0.0,1,8,0.0,1,8,0.0,1,8,0.0,1,8,0.0,1,8,-0.0,1,8,-9900,?,9,-9900,?,9,15.16,E,8,12.1,E,8,81.0,E,8,822.9788000000001,E,8,999.0,E,8,0.19,E,8,-9900,?,9,-9900,?,9,0.0,E,8,-9900,?,9,-9900,?,9,0.0,0.0,E,8
05/02/2014,24:00,0.0,1344.266,0.0,1,8,0.0,1,8,0.0,1,8,0.0,1,8,0.0,1,8,0.0,1,8,-0.0,1,8,-9900,?,9,-9900,?,9,14.65,E,8,14.0,E,8,95.0,E,8,822.9788000000001,E,8,999.0,E,8,0.69,E,8,-9900,?,9,-9900,?,9,0.007000000000000001,E,8,-9900,?,9,-9900,?,9,0.07,99.0,E,8
05/03/2014,01:00,0.0,1344.266,0.0,1,8,0.0,1,8,0.0,1,8,0.0,1,8,0.0,1,8,0.0,1,8,-0.0,1,8,-9900,?,9,-9900,?,9,14.4,E,8,13.82,E,8,95.0,E,8,822.9788000000001,E,8,999.0,E,8,0.69,E,8,-9900,?,9,-9900,?,9,0.011,E,8,-9900,?,9,-9900,?,9,0.11,99.0,E,8
05/03/2014,02:00,0.0,1344.266,0.0,1,8,0.0,1,8,0.0,1,8,0.0,1,8,0.0,1,8,0.0,1,8,-0.0,1,8,-9900,?,9,-9900,?,9,14.14,E,8,13.63,E,8,96.0,E,8,822.9788000000001,E,8,999.0,E,8,0.69,E,8,-9900,?,9,-9900,?,9,0.033,E,8,-9900,?,9,-9900,?,9,0.33,99.0,E,8
05/03/2014,03:00,0.0,1344.266,0.0,1,8,0.0,1,8,0.0,1,8,0.0,1,8,0.0,1,8,0.0,1,8,-0.0,1,8,-9900,?,9,-9900,?,9,13.88,E,8,13.44,E,8,96.0,E,8,822.9788000000001,E,8,999.0,E,8,0.69,E,8,-9900,?,9,-9900,?,9,0.001,E,8,-9900,?,9,-9900,?,9,0.01,99.0,E,8
05/03/2014,04:00,0.0,1343.58,0.0,1,8,0.0,1,8,0.0,1,8,0.0,1,8,0.0,1,8,0.0,1,8,-0.0,1,8,-9900,?,9,-9900,?,9,13.63,E,8,13.25,E,8,93.0,E,8,822.9788000000001,E,8,999.0,E,8,0.98,E,8,-9900,?,9,-9900,?,9,0.0,E,8,-9900,?,9,-9900,?,9,0.0,0.0,E,8
05/03/2014,05:00,0.0,1343.58,0.0,1,8,0.0,1,8,0.0,1,8,0.0,1,8,0.0,1,8,0.0,1,8,-0.0,1,8,-9900,?,9,-9900,?,9,13.37,E,8,13.05,E,8,93.0,E,8,822.9788000000001,E,8,999.0,E,8,0.81,E,8,-9900,?,9,-9900,?,9,0.0,E,8,-9900,?,9,-9900,?,9,0.0,0.0,E,8
05/03/2014,06:00,0.0,1343.58,0.0,1,8,0.0,1,8,0.0,1,8,0.0,1,8,0.0,1,8,0.0,1,8,-0.0,1,8,-9900,?,9,-9900,?,9,13.17,E,8,12.9,E,8,93.0,E,8,822.9788000000001,E,8,999.0,E,8,0.69,E,8,-9900,?,9,-9900,?,9,0.0,E,8,-9900,?,9,-9900,?,9,0.0,0.0,E,8
05/03/2014,07:00,107.037,1343.58,0.0,1,8,0.0,1,8,0.0,1,8,0.0,1,8,0.0,1,8,0.0,1,8,0.0,1,8,-9900,?,9,-9900,?,9,13.0,E,8,12.77,E,8,94.0,E,8,822.9788000000001,E,8,999.0,E,8,0.87,E,8,-9900,?,9,-9900,?,9,0.0,E,8,-9900,?,9,-9900,?,9,0.0,0.0,E,8
05/03/2014,08:00,402.643,1343.58,51.8,1,8,0.0,1,8,51.8,1,8,6216.0,1,8,0.0,1,8,5698.0,1,8,55.182,1,8,-9900,?,9,-9900,?,9,12.83,E,8,12.64,E,8,94.0,E,8,822.9788000000001,E,8,999.0,E,8,0.69,E,8,-9900,?,9,-9900,?,9,0.0,E,8,-9900,?,9,-9900,?,9,0.0,0.0,E,8
05/03/2014,09:00,664.353,1343.58,147.38,1,8,9.037,1,8,142.916,1,8,17685.6,1,8,858.474,1,8,15720.735,1,8,92.085,1,8,-9900,?,9,-9900,?,9,14.99,E,8,14.24,E,8,92.0,E,8,822.9788000000001,E,8,999.0,E,8,0.69,E,8,-9900,?,9,-9900,?,9,0.0,E,8,-9900,?,9,-9900,?,9,0.0,0.0,E,8
05/03/2014,10:00,872.237,1343.58,231.62,1,8,6.79,1,8,227.214,1,8,27794.4,1,8,645.081,1,8,24993.493,1,8,111.452,1,8,-9900,?,9,-9900,?,9,15.94,E,8,14.9,E,8,91.0,E,8,822.9788000000001,E,8,999.0,E,8,0.69,E,8,-9900,?,9,-9900,?,9,0.0,E,8,-9900,?,9,-9900,?,9,0.0,0.0,E,8
05/03/2014,11:00,1011.905,1343.58,294.66,1,8,9.193,1,8,287.738,1,8,35359.2,1,8,873.348,1,8,31651.161,1,8,121.638,1,8,-9900,?,9,-9900,?,9,16.76,E,8,15.45,E,8,90.0,E,8,822.9788000000001,E,8,999.0,E,8,0.69,E,8,-9900,?,9,-9900,?,9,0.0,E,8,-9900,?,9,-9900,?,9,0.0,0.0,E,8
05/03/2014,12:00,1073.78,1343.58,331.35,1,8,18.382,1,8,316.662,1,8,39762.0,1,8,1746.285,1,8,34832.788,1,8,126.144,1,8,-9900,?,9,-9900,?,9,17.41,E,8,15.88,E,8,98.0,E,8,822.9788000000001,E,8,999.0,E,8,0.69,E,8,-9900,?,9,-9900,?,9,0.519,E,8,-9900,?,9,-9900,?,9,5.19,99.0,E,8
05/03/2014,13:00,1053.632,1343.58,338.96,1,8,20.846,1,8,322.615,1,8,40675.2,1,8,1980.402,1,8,35487.689,1,8,130.975,1,8,-9900,?,9,-9900,?,9,17.87,E,8,16.17,E,8,91.0,E,8,822.9788000000001,E,8,999.0,E,8,0.69,E,8,-9900,?,9,-9900,?,9,0.018,E,8,-9900,?,9,-9900,?,9,0.18,99.0,E,8
05/03/2014,14:00,952.842,1343.58,316.92,1,8,14.145,1,8,306.892,1,8,38030.4,1,8,1343.769,1,8,33758.074,1,8,137.786,1,8,-9900,?,9,-9900,?,9,18.13,E,8,16.33,E,8,91.0,E,8,822.9788000000001,E,8,999.0,E,8,0.69,E,8,-9900,?,9,-9900,?,9,0.003,E,8,-9900,?,9,-9900,?,9,0.03,99.0,E,8
05/03/2014,15:00,778.314,1343.58,266.86,1,8,17.837,1,8,256.533,1,8,32023.2,1,8,1694.505,1,8,28218.671,1,8,141.044,1,8,-9900,?,9,-9900,?,9,18.19,E,8,16.37,E,8,91.0,E,8,822.9788000000001,E,8,999.0,E,8,0.69,E,8,-9900,?,9,-9900,?,9,0.005,E,8,-9900,?,9,-9900,?,9,0.05,99.0,E,8
05/03/2014,16:00,542.052,1343.58,192.65,1,8,42.952,1,8,175.347,1,8,23118.0,1,8,4080.464,1,8,19288.209,1,8,138.555,1,8,-9900,?,9,-9900,?,9,17.97,E,8,16.23,E,8,91.0,E,8,822.9788000000001,E,8,999.0,E,8,0.69,E,8,-9900,?,9,-9900,?,9,0.001,E,8,-9900,?,9,-9900,?,9,0.01,99.0,E,8
05/03/2014,17:00,260.703,1343.58,101.01,1,8,135.093,1,8,74.986,1,8,12121.2,1,8,12833.792,1,8,8248.423,1,8,123.902,1,8,-9900,?,9,-9900,?,9,17.45,E,8,15.9,E,8,89.0,E,8,822.9788000000001,E,8,999.0,E,8,1.27,E,8,-9900,?,9,-9900,?,9,0.0,E,8,-9900,?,9,-9900,?,9,0.0,0.0,E,8
05/03/2014,18:00,0.0,1343.58,11.27,1,8,0.0,1,8,0.0,1,8,1352.4,1,8,0.0,1,8,0.0,1,8,-0.0,1,8,-9900,?,9,-9900,?,9,16.79,E,8,15.47,E,8,89.0,E,8,822.9788000000001,E,8,999.0,E,8,1.15,E,8,-9900,?,9,-9900,?,9,0.0,E,8,-9900,?,9,-9900,?,9,0.0,0.0,E,8
05/03/2014,19:00,0.0,1343.58,0.0,1,8,0.0,1,8,0.0,1,8,0.0,1,8,0.0,1,8,0.0,1,8,-0.0,1,8,-9900,?,9,-9900,?,9,16.13,E,8,15.03,E,8,90.0,E,8,822.9788000000001,E,8,999.0,E,8,1.01,E,8,-9900,?,9,-9900,?,9,0.0,E,8,-9900,?,9,-9900,?,9,0.0,0.0,E,8
05/03/2014,20:00,0.0,1343.58,0.0,1,8,0.0,1,8,0.0,1,8,0.0,1,8,0.0,1,8,0.0,1,8,-0.0,1,8,-9900,?,9,-9900,?,9,15.47,E,8,14.58,E,8,94.0,E,8,822.9788000000001,E,8,999.0,E,8,0.69,E,8,-9900,?,9,-9900,?,9,0.002,E,8,-9900,?,9,-9900,?,9,0.02,99.0,E,8
05/03/2014,21:00,0.0,1343.58,0.0,1,8,0.0,1,8,0.0,1,8,0.0,1,8,0.0,1,8,0.0,1,8,-0.0,1,8,-9900,?,9,-9900,?,9,14.81,E,8,14.12,E,8,92.0,E,8,822.9788000000001,E,8,999.0,E,8,0.69,E,8,-9900,?,9,-9900,?,9,0.0,E,8,-9900,?,9,-9900,?,9,0.0,0.0,E,8
05/03/2014,22:00,0.0,1343.58,0.0,1,8,0.0,1,8,0.0,1,8,0.0,1,8,0.0,1,8,0.0,1,8,-0.0,1,8,-9900,?,9,-9900,?,9,14.14,E,8,13.63,E,8,93.0,E,8,822.9788000000001,E,8,999.0,E,8,0.69,E,8,-9900,?,9,-9900,?,9,0.0,E,8,-9900,?,9,-9900,?,9,0.0,0.0,E,8
05/03/2014,23:00,0.0,1343.58,0.0,1,8,0.0,1,8,0.0,1,8,0.0,1,8,0.0,1,8,0.0,1,8,-0.0,1,8,-9900,?,9,-9900,?,9,13.48,E,8,13.14,E,8,93.0,E,8,822.9788000000001,E,8,999.0,E,8,0.69,E,8,-9900,?,9,-9900,?,9,0.0,E,8,-9900,?,9,-9900,?,9,0.0,0.0,E,8
05/03/2014,24:00,0.0,1343.58,0.0,1,8,0.0,1,8,0.0,1,8,0.0,1,8,0.0,1,8,0.0,1,8,-0.0,1,8,-9900,?,9,-9900,?,9,12.82,E,8,8.94,E,8,77.0,E,8,822.9788000000001,E,8,999.0,E,8,0.27,E,8,-9900,?,9,-9900,?,9,0.0,E,8,-9900,?,9,-9900,?,9,0.0,0.0,E,8
05/04/2014,01:00,0.0,1343.58,0.0,1,8,0.0,1,8,0.0,1,8,0.0,1,8,0.0,1,8,0.0,1,8,-0.0,1,8,-9900,?,9,-9900,?,9,12.49,E,8,9.1,E,8,79.0,E,8,822.9788000000001,E,8,999.0,E,8,0.27,E,8,-9900,?,9,-9900,?,9,0.0,E,8,-9900,?,9,-9900,?,9,0.0,0.0,E,8
05/04/2014,02:00,0.0,1343.58,0.0,1,8,0.0,1,8,0.0,1,8,0.0,1,8,0.0,1,8,0.0,1,8,-0.0,1,8,-9900,?,9,-9900,?,9,12.16,E,8,9.25,E,8,82.0,E,8,822.9788000000001,E,8,999.0,E,8,0.27,E,8,-9900,?,9,-9900,?,9,0.0,E,8,-9900,?,9,-9900,?,9,0.0,0.0,E,8
05/04/2014,03:00,0.0,1343.58,0.0,1,8,0.0,1,8,0.0,1,8,0.0,1,8,0.0,1,8,0.0,1,8,-0.0,1,8,-9900,?,9,-9900,?,9,11.83,E,8,9.4,E,8,85.0,E,8,822.9788000000001,E,8,999.0,E,8,0.27,E,8,-9900,?,9,-9900,?,9,0.0,E,8,-9900,?,9,-9900,?,9,0.0,0.0,E,8
05/04/2014,04:00,0.0,1342.902,0.0,1,8,0.0,1,8,0.0,1,8,0.0,1,8,0.0,1,8,0.0,1,8,-0.0,1,8,-9900,?,9,-9900,?,9,11.5,E,8,9.55,E,8,87.0,E,8,822.9788000000001,E,8,999.0,E,8,0.27,E,8,-9900,?,9,-9900,?,9,0.0,E,8,-9900,?,9,-9900,?,9,0.0,0.0,E,8
05/04/2014,05:00,0.0,1342.902,0.0,1,8,0.0,1,8,0.0,1,8,0.0,1,8,0.0,1,8,0.0,1,8,-0.0,1,8,-9900,?,9,-9900,?,9,11.17,E,8,9.69,E,8,90.0,E,8,822.9788000000001,E,8,999.0,E,8,0.27,E,8,-9900,?,9,-9900,?,9,0.0,E,8,-9900,?,9,-9900,?,9,0.0,0.0,E,8
05/04/2014,06:00,0.0,1342.902,0.0,1,8,0.0,1,8,0.0,1,8,0.0,1,8,0.0,1,8,0.0,1,8,-0.0,1,8,-9900,?,9,-9900,?,9,10.91,E,8,9.81,E,8,92.0,E,8,822.9788000000001,E,8,999.0,E,8,0.27,E,8,-9900,?,9,-9900,?,9,0.0,E,8,-9900,?,9,-9900,?,9,0.0,0.0,E,8
05/04/2014,07:00,104.848,1342.902,0.0,1,8,0.0,1,8,0.0,1,8,0.0,1,8,0.0,1,8,0.0,1,8,0.0,1,8,-9900,?,9,-9900,?,9,10.69,E,8,9.9,E,8,94.0,E,8,822.9788000000001,E,8,999.0,E,8,0.27,E,8,-9900,?,9,-9900,?,9,0.0,E,8,-9900,?,9,-9900,?,9,0.0,0.0,E,8
05/04/2014,08:00,399.775,1342.902,83.46,1,8,0.0,1,8,83.46,1,8,10015.2,1,8,0.0,1,8,9180.6,1,8,89.505,1,8,-9900,?,9,-9900,?,9,10.48,E,8,10.0,E,8,96.0,E,8,822.9788000000001,E,8,999.0,E,8,0.27,E,8,-9900,?,9,-9900,?,9,0.0,E,8,-9900,?,9,-9900,?,9,0.0,0.0,E,8
05/04/2014,09:00,660.895,1342.902,110.63,1,8,0.0,1,8,110.63,1,8,13275.6,1,8,0.0,1,8,12169.3,1,8,71.62,1,8,-9900,?,9,-9900,?,9,12.93,E,8,8.89,E,8,76.0,E,8,822.9788000000001,E,8,999.0,E,8,0.37,E,8,-9900,?,9,-9900,?,9,0.0,E,8,-9900,?,9,-9900,?,9,0.0,0.0,E,8
05/04/2014,10:00,868.272,1342.902,183.75,1,8,6.799,1,8,179.356,1,8,22050.0,1,8,645.927,1,8,19729.122,1,8,88.335,1,8,-9900,?,9,-9900,?,9,13.66,E,8,8.55,E,8,71.0,E,8,822.9788000000001,E,8,999.0,E,8,0.58,E,8,-9900,?,9,-9900,?,9,0.0,E,8,-9900,?,9,-9900,?,9,0.0,0.0,E,8
05/04/2014,11:00,1007.548,1342.902,479.28,1,8,125.615,1,8,385.055,1,8,57513.6,1,8,11933.467,1,8,42356.068,1,8,163.4,1,8,-9900,?,9,-9900,?,9,15.89,E,8,7.45,E,8,57.0,E,8,822.9788000000001,E,8,999.0,E,8,0.99,E,8,-9900,?,9,-9900,?,9,0.0,E,8,-9900,?,9,-9900,?,9,0.0,0.0,E,8
05/04/2014,12:00,1069.172,1342.902,539.05,1,8,143.304,1,8,424.976,1,8,64686.0,1,8,13613.839,1,8,46747.353,1,8,169.936,1,8,-9900,?,9,-9900,?,9,17.54,E,8,6.59,E,8,48.0,E,8,822.9788000000001,E,8,999.0,E,8,2.04,E,8,-9900,?,9,-9900,?,9,0.0,E,8,-9900,?,9,-9900,?,9,0.0,0.0,E,8
05/04/2014,13:00,1048.933,1342.902,551.38,1,8,208.755,1,8,388.353,1,8,66165.6,1,8,19831.735,1,8,42718.854,1,8,158.291,1,8,-9900,?,9,-9900,?,9,18.68,E,8,5.96,E,8,43.0,E,8,822.9788000000001,E,8,999.0,E,8,1.88,E,8,-9900,?,9,-9900,?,9,0.0,E,8,-9900,?,9,-9900,?,9,0.0,0.0,E,8
05/04/2014,14:00,948.216,1342.902,379.08,1,8,77.594,1,8,324.308,1,8,45489.6,1,8,7371.417,1,8,35673.833,1,8,146.242,1,8,-9900,?,9,-9900,?,9,18.88,E,8,5.85,E,8,42.0,E,8,822.9788000000001,E,8,999.0,E,8,2.64,E,8,-9900,?,9,-9900,?,9,0.0,E,8,-9900,?,9,-9900,?,9,0.0,0.0,E,8
05/04/2014,15:00,773.921,1342.902,500.86,1,8,480.873,1,8,223.894,1,8,60103.2,1,8,45682.928,1,8,24628.304,1,8,123.736,1,8,-9900,?,9,-9900,?,9,19.41,E,8,5.55,E,8,40.0,E,8,822.9788000000001,E,8,999.0,E,8,2.87,E,8,-9900,?,9,-9900,?,9,0.0,E,8,-9900,?,9,-9900,?,9,0.0,0.0,E,8
05/04/2014,16:00,538.039,1342.902,441.45,1,8,629.308,1,8,189.699,1,8,52974.0,1,8,59784.277,1,8,20866.885,1,8,150.941,1,8,-9900,?,9,-9900,?,9,19.66,E,8,5.41,E,8,39.0,E,8,822.9788000000001,E,8,999.0,E,8,2.03,E,8,-9900,?,9,-9900,?,9,0.0,E,8,-9900,?,9,-9900,?,9,0.0,0.0,E,8
05/04/2014,17:00,257.201,1342.902,316.51,1,8,489.98,1,8,223.358,1,8,37981.2,1,8,46548.133,1,8,24569.408,1,8,373.973,1,8,-9900,?,9,-9900,?,9,19.46,E,8,5.52,E,8,40.0,E,8,822.9788000000001,E,8,999.0,E,8,0.96,E,8,-9900,?,9,-9900,?,9,0.0,E,8,-9900,?,9,-9900,?,9,0.0,0.0,E,8
05/04/2014,18:00,0.0,1342.902,50.2,1,8,0.0,1,8,0.0,1,8,6024.0,1,8,0.0,1,8,0.0,1,8,-0.0,1,8,-9900,?,9,-9900,?,9,18.59,E,8,6.01,E,8,43.0,E,8,822.9788000000001,E,8,999.0,E,8,0.36,E,8,-9900,?,9,-9900,?,9,0.0,E,8,-9900,?,9,-9900,?,9,0.0,0.0,E,8
05/04/2014,19:00,0.0,1342.902,0.0,1,8,0.0,1,8,0.0,1,8,0.0,1,8,0.0,1,8,0.0,1,8,-0.0,1,8,-9900,?,9,-9900,?,9,17.72,E,8,6.49,E,8,47.0,E,8,822.9788000000001,E,8,999.0,E,8,0.27,E,8,-9900,?,9,-9900,?,9,0.0,E,8,-9900,?,9,-9900,?,9,0.0,0.0,E,8
05/04/2014,20:00,0.0,1342.902,0.0,1,8,0.0,1,8,0.0,1,8,0.0,1,8,0.0,1,8,0.0,1,8,-0.0,1,8,-9900,?,9,-9900,?,9,16.85,E,8,6.96,E,8,52.0,E,8,822.9788000000001,E,8,999.0,E,8,0.27,E,8,-9900,?,9,-9900,?,9,0.0,E,8,-9900,?,9,-9900,?,9,0.0,0.0,E,8
05/04/2014,21:00,0.0,1342.902,0.0,1,8,0.0,1,8,0.0,1,8,0.0,1,8,0.0,1,8,0.0,1,8,-0.0,1,8,-9900,?,9,-9900,?,9,15.98,E,8,7.41,E,8,56.0,E,8,822.9788000000001,E,8,999.0,E,8,0.27,E,8,-9900,?,9,-9900,?,9,0.0,E,8,-9900,?,9,-9900,?,9,0.0,0.0,E,8
05/04/2014,22:00,0.0,1342.902,0.0,1,8,0.0,1,8,0.0,1,8,0.0,1,8,0.0,1,8,0.0,1,8,-0.0,1,8,-9900,?,9,-9900,?,9,15.12,E,8,7.84,E,8,61.0,E,8,822.9788000000001,E,8,999.0,E,8,0.27,E,8,-9900,?,9,-9900,?,9,0.0,E,8,-9900,?,9,-9900,?,9,0.0,0.0,E,8
05/04/2014,23:00,0.0,1342.902,0.0,1,8,0.0,1,8,0.0,1,8,0.0,1,8,0.0,1,8,0.0,1,8,-0.0,1,8,-9900,?,9,-9900,?,9,14.25,E,8,8.27,E,8,67.0,E,8,822.9788000000001,E,8,999.0,E,8,0.27,E,8,-9900,?,9,-9900,?,9,0.0,E,8,-9900,?,9,-9900,?,9,0.0,0.0,E,8
05/04/2014,24:00,0.0,1342.902,0.0,1,8,0.0,1,8,0.0,1,8,0.0,1,8,0.0,1,8,0.0,1,8,-0.0,1,8,-9900,?,9,-9900,?,9,13.38,E,8,8.18,E,8,70.0,E,8,822.9788000000001,E,8,999.0,E,8,0.26,E,8,-9900,?,9,-9900,?,9,0.0,E,8,-9900,?,9,-9900,?,9,0.0,0.0,E,8
05/05/2014,01:00,0.0,1342.902,0.0,1,8,0.0,1,8,0.0,1,8,0.0,1,8,0.0,1,8,0.0,1,8,-0.0,1,8,-9900,?,9,-9900,?,9,12.94,E,8,8.38,E,8,73.0,E,8,822.9788000000001,E,8,999.0,E,8,0.26,E,8,-9900,?,9,-9900,?,9,0.0,E,8,-9900,?,9,-9900,?,9,0.0,0.0,E,8
05/05/2014,02:00,0.0,1342.902,0.0,1,8,0.0,1,8,0.0,1,8,0.0,1,8,0.0,1,8,0.0,1,8,-0.0,1,8,-9900,?,9,-9900,?,9,12.51,E,8,8.57,E,8,76.0,E,8,822.9788000000001,E,8,999.0,E,8,0.26,E,8,-9900,?,9,-9900,?,9,0.0,E,8,-9900,?,9,-9900,?,9,0.0,0.0,E,8
05/05/2014,03:00,0.0,1342.902,0.0,1,8,0.0,1,8,0.0,1,8,0.0,1,8,0.0,1,8,0.0,1,8,-0.0,1,8,-9900,?,9,-9900,?,9,12.08,E,8,8.76,E,8,80.0,E,8,822.9788000000001,E,8,999.0,E,8,0.26,E,8,-9900,?,9,-9900,?,9,0.0,E,8,-9900,?,9,-9900,?,9,0.0,0.0,E,8
05/05/2014,04:00,0.0,1342.23,0.0,1,8,0.0,1,8,0.0,1,8,0.0,1,8,0.0,1,8,0.0,1,8,-0.0,1,8,-9900,?,9,-9900,?,9,11.64,E,8,8.96,E,8,83.0,E,8,822.9788000000001,E,8,999.0,E,8,0.26,E,8,-9900,?,9,-9900,?,9,0.0,E,8,-9900,?,9,-9900,?,9,0.0,0.0,E,8
05/05/2014,05:00,0.0,1342.23,0.0,1,8,0.0,1,8,0.0,1,8,0.0,1,8,0.0,1,8,0.0,1,8,-0.0,1,8,-9900,?,9,-9900,?,9,11.21,E,8,9.14,E,8,87.0,E,8,822.9788000000001,E,8,999.0,E,8,0.26,E,8,-9900,?,9,-9900,?,9,0.0,E,8,-9900,?,9,-9900,?,9,0.0,0.0,E,8
05/05/2014,06:00,0.0,1342.23,0.0,1,8,0.0,1,8,0.0,1,8,0.0,1,8,0.0,1,8,0.0,1,8,-0.0,1,8,-9900,?,9,-9900,?,9,10.87,E,8,9.29,E,8,89.0,E,8,822.9788000000001,E,8,999.0,E,8,0.26,E,8,-9900,?,9,-9900,?,9,0.0,E,8,-9900,?,9,-9900,?,9,0.0,0.0,E,8
05/05/2014,07:00,102.654,1342.23,0.0,1,8,0.0,1,8,0.0,1,8,0.0,1,8,0.0,1,8,0.0,1,8,0.0,1,8,-9900,?,9,-9900,?,9,10.58,E,8,9.41,E,8,92.0,E,8,822.9788000000001,E,8,999.0,E,8,0.26,E,8,-9900,?,9,-9900,?,9,0.0,E,8,-9900,?,9,-9900,?,9,0.0,0.0,E,8
05/05/2014,08:00,396.906,1342.23,69.77,1,8,0.0,1,8,69.77,1,8,8372.4,1,8,0.0,1,8,7674.7,1,8,75.33,1,8,-9900,?,9,-9900,?,9,10.3,E,8,9.53,E,8,94.0,E,8,822.9788000000001,E,8,999.0,E,8,0.26,E,8,-9900,?,9,-9900,?,9,0.0,E,8,-9900,?,9,-9900,?,9,0.0,0.0,E,8
05/05/2014,09:00,657.444,1342.23,252.7,1,8,76.01,1,8,215.504,1,8,30324.0,1,8,7220.909,1,8,23705.43,1,8,140.177,1,8,-9900,?,9,-9900,?,9,13.81,E,8,7.98,E,8,67.0,E,8,822.9788000000001,E,8,999.0,E,8,0.26,E,8,-9900,?,9,-9900,?,9,0.0,E,8,-9900,?,9,-9900,?,9,0.0,0.0,E,8
05/05/2014,10:00,864.324,1342.23,511.64,1,8,312.721,1,8,310.348,1,8,61396.8,1,8,29708.5,1,8,34138.273,1,8,153.472,1,8,-9900,?,9,-9900,?,9,16.35,E,8,6.76,E,8,52.0,E,8,822.9788000000001,E,8,999.0,E,8,0.26,E,8,-9900,?,9,-9900,?,9,0.0,E,8,-9900,?,9,-9900,?,9,0.0,0.0,E,8
05/05/2014,11:00,1003.219,1342.23,383.42,1,8,47.144,1,8,348.191,1,8,46010.4,1,8,4478.683,1,8,38301.06,1,8,148.32,1,8,-9900,?,9,-9900,?,9,16.93,E,8,6.47,E,8,50.0,E,8,822.9788000000001,E,8,999.0,E,8,0.26,E,8,-9900,?,9,-9900,?,9,0.0,E,8,-9900,?,9,-9900,?,9,0.0,0.0,E,8
05/05/2014,12:00,1064.607,1342.23,221.02,1,8,1.757,1,8,219.626,1,8,26522.4,1,8,166.944,1,8,24158.906,1,8,88.155,1,8,-9900,?,9,-9900,?,9,16.56,E,8,6.65,E,8,51.0,E,8,822.9788000000001,E,8,999.0,E,8,0.65,E,8,-9900,?,9,-9900,?,9,0.0,E,8,-9900,?,9,-9900,?,9,0.0,0.0,E,8
05/05/2014,13:00,1044.287,1342.23,465.5,1,8,107.825,1,8,381.625,1,8,55860.0,1,8,10243.407,1,8,41978.791,1,8,156.163,1,8,-9900,?,9,-9900,?,9,17.21,E,8,6.32,E,8,48.0,E,8,822.9788000000001,E,8,999.0,E,8,1.94,E,8,-9900,?,9,-9900,?,9,0.0,E,8,-9900,?,9,-9900,?,9,0.0,0.0,E,8
05/05/2014,14:00,943.656,1342.23,434.95,1,8,129.274,1,8,344.091,1,8,52194.0,1,8,12281.047,1,8,37850.016,1,8,155.836,1,8,-9900,?,9,-9900,?,9,17.58,E,8,6.13,E,8,46.0,E,8,822.9788000000001,E,8,999.0,E,8,2.4,E,8,-9900,?,9,-9900,?,9,0.0,E,8,-9900,?,9,-9900,?,9,0.0,0.0,E,8
05/05/2014,15:00,769.605,1342.23,365.73,1,8,137.575,1,8,286.895,1,8,43887.6,1,8,13069.639,1,8,31558.412,1,8,159.365,1,8,-9900,?,9,-9900,?,9,17.66,E,8,6.09,E,8,46.0,E,8,822.9788000000001,E,8,999.0,E,8,2.06,E,8,-9900,?,9,-9900,?,9,0.0,E,8,-9900,?,9,-9900,?,9,0.0,0.0,E,8
05/05/2014,16:00,534.11,1342.23,263.2,1,8,219.885,1,8,175.837,1,8,31584.0,1,8,20889.054,1,8,19342.091,1,8,140.874,1,8,-9900,?,9,-9900,?,9,17.35,E,8,6.25,E,8,48.0,E,8,822.9788000000001,E,8,999.0,E,8,1.65,E,8,-9900,?,9,-9900,?,9,0.0,E,8,-9900,?,9,-9900,?,9,0.0,0.0,E,8
05/05/2014,17:00,253.789,1342.23,136.71,1,8,414.403,1,8,58.948,1,8,16405.2,1,8,39368.265,1,8,6484.279,1,8,99.994,1,8,-9900,?,9,-9900,?,9,16.64,E,8,6.61,E,8,51.0,E,8,822.9788000000001,E,8,999.0,E,8,1.97,E,8,-9900,?,9,-9900,?,9,0.0,E,8,-9900,?,9,-9900,?,9,0.0,0.0,E,8
05/05/2014,18:00,0.0,1342.23,13.94,1,8,0.0,1,8,0.0,1,8,1672.8,1,8,0.0,1,8,0.0,1,8,-0.0,1,8,-9900,?,9,-9900,?,9,16.07,E,8,6.9,E,8,54.0,E,8,822.9788000000001,E,8,999.0,E,8,1.41,E,8,-9900,?,9,-9900,?,9,0.0,E,8,-9900,?,9,-9900,?,9,0.0,0.0,E,8
05/05/2014,19:00,0.0,1342.23,0.0,1,8,0.0,1,8,0.0,1,8,0.0,1,8,0.0,1,8,0.0,1,8,-0.0,1,8,-9900,?,9,-9900,?,9,15.5,E,8,7.18,E,8,57.0,E,8,822.9788000000001,E,8,999.0,E,8,0.83,E,8,-9900,?,9,-9900,?,9,0.0,E,8,-9900,?,9,-9900,?,9,0.0,0.0,E,8
05/05/2014,20:00,0.0,1342.23,0.0,1,8,0.0,1,8,0.0,1,8,0.0,1,8,0.0,1,8,0.0,1,8,-0.0,1,8,-9900,?,9,-9900,?,9,14.94,E,8,7.45,E,8,60.0,E,8,822.9788000000001,E,8,999.0,E,8,0.53,E,8,-9900,?,9,-9900,?,9,0.0,E,8,-9900,?,9,-9900,?,9,0.0,0.0,E,8
05/05/2014,21:00,0.0,1342.23,0.0,1,8,0.0,1,8,0.0,1,8,0.0,1,8,0.0,1,8,0.0,1,8,-0.0,1,8,-9900,?,9,-9900,?,9,14.37,E,8,7.72,E,8,64.0,E,8,822.9788000000001,E,8,999.0,E,8,0.65,E,8,-9900,?,9,-9900,?,9,0.0,E,8,-9900,?,9,-9900,?,9,0.0,0.0,E,8
05/05/2014,22:00,0.0,1342.23,0.0,1,8,0.0,1,8,0.0,1,8,0.0,1,8,0.0,1,8,0.0,1,8,-0.0,1,8,-9900,?,9,-9900,?,9,13.8,E,8,7.99,E,8,67.0,E,8,822.9788000000001,E,8,999.0,E,8,0.83,E,8,-9900,?,9,-9900,?,9,0.0,E,8,-9900,?,9,-9900,?,9,0.0,0.0,E,8
05/05/2014,23:00,0.0,1342.23,0.0,1,8,0.0,1,8,0.0,1,8,0.0,1,8,0.0,1,8,0.0,1,8,-0.0,1,8,-9900,?,9,-9900,?,9,13.23,E,8,8.25,E,8,71.0,E,8,822.9788000000001,E,8,999.0,E,8,0.59,E,8,-9900,?,9,-9900,?,9,0.0,E,8,-9900,?,9,-9900,?,9,0.0,0.0,E,8
05/05/2014,24:00,0.0,1342.23,0.0,1,8,0.0,1,8,0.0,1,8,0.0,1,8,0.0,1,8,0.0,1,8,-0.0,1,8,-9900,?,9,-9900,?,9,12.66,E,8,8.08,E,8,73.0,E,8,822.9788000000001,E,8,999.0,E,8,0.77,E,8,-9900,?,9,-9900,?,9,0.0,E,8,-9900,?,9,-9900,?,9,0.0,0.0,E,8
05/06/2014,01:00,0.0,1342.23,0.0,1,8,0.0,1,8,0.0,1,8,0.0,1,8,0.0,1,8,0.0,1,8,-0.0,1,8,-9900,?,9,-9900,?,9,12.38,E,8,8.36,E,8,76.0,E,8,822.9788000000001,E,8,999.0,E,8,0.46,E,8,-9900,?,9,-9900,?,9,0.0,E,8,-9900,?,9,-9900,?,9,0.0,0.0,E,8
05/06/2014,02:00,0.0,1342.23,0.0,1,8,0.0,1,8,0.0,1,8,0.0,1,8,0.0,1,8,0.0,1,8,-0.0,1,8,-9900,?,9,-9900,?,9,12.09,E,8,8.65,E,8,79.0,E,8,822.9788000000001,E,8,999.0,E,8,0.37,E,8,-9900,?,9,-9900,?,9,0.0,E,8,-9900,?,9,-9900,?,9,0.0,0.0,E,8
05/06/2014,03:00,0.0,1342.23,0.0,1,8,0.0,1,8,0.0,1,8,0.0,1,8,0.0,1,8,0.0,1,8,-0.0,1,8,-9900,?,9,-9900,?,9,11.81,E,8,8.92,E,8,82.0,E,8,822.9788000000001,E,8,999.0,E,8,0.37,E,8,-9900,?,9,-9900,?,9,0.0,E,8,-9900,?,9,-9900,?,9,0.0,0.0,E,8
05/06/2014,04:00,0.0,1341.567,0.0,1,8,0.0,1,8,0.0,1,8,0.0,1,8,0.0,1,8,0.0,1,8,-0.0,1,8,-9900,?,9,-9900,?,9,11.53,E,8,9.18,E,8,85.0,E,8,822.9788000000001,E,8,999.0,E,8,0.37,E,8,-9900,?,9,-9900,?,9,0.0,E,8,-9900,?,9,-9900,?,9,0.0,0.0,E,8
05/06/2014,05:00,0.0,1341.567,0.0,1,8,0.0,1,8,0.0,1,8,0.0,1,8,0.0,1,8,0.0,1,8,-0.0,1,8,-9900,?,9,-9900,?,9,11.24,E,8,9.45,E,8,88.0,E,8,822.9788000000001,E,8,999.0,E,8,0.37,E,8,-9900,?,9,-9900,?,9,0.0,E,8,-9900,?,9,-9900,?,9,0.0,0.0,E,8
05/06/2014,06:00,0.0,1341.567,0.0,1,8,0.0,1,8,0.0,1,8,0.0,1,8,0.0,1,8,0.0,1,8,-0.0,1,8,-9900,?,9,-9900,?,9,11.02,E,8,9.66,E,8,91.0,E,8,822.9788000000001,E,8,999.0,E,8,0.53,E,8,-9900,?,9,-9900,?,9,0.0,E,8,-9900,?,9,-9900,?,9,0.0,0.0,E,8
05/06/2014,07:00,100.457,1341.567,0.0,1,8,0.0,1,8,0.0,1,8,0.0,1,8,0.0,1,8,0.0,1,8,0.0,1,8,-9900,?,9,-9900,?,9,10.83,E,8,9.83,E,8,93.0,E,8,822.9788000000001,E,8,999.0,E,8,1.03,E,8,-9900,?,9,-9900,?,9,0.0,E,8,-9900,?,9,-9900,?,9,0.0,0.0,E,8
05/06/2014,08:00,394.036,1341.567,119.65,1,8,25.427,1,8,112.204,1,8,14358.0,1,8,2415.595,1,8,12342.49,1,8,121.973,1,8,-9900,?,9,-9900,?,9,10.65,E,8,9.99,E,8,95.0,E,8,822.9788000000001,E,8,999.0,E,8,0.86,E,8,-9900,?,9,-9900,?,9,0.0,E,8,-9900,?,9,-9900,?,9,0.0,0.0,E,8
05/06/2014,09:00,654.001,1341.567,342.24,1,8,238.8,1,8,225.936,1,8,41068.8,1,8,22686.041,1,8,24852.993,1,8,147.665,1,8,-9900,?,9,-9900,?,9,14.36,E,8,6.27,E,8,58.0,E,8,822.9788000000001,E,8,999.0,E,8,1.57,E,8,-9900,?,9,-9900,?,9,0.0,E,8,-9900,?,9,-9900,?,9,0.0,0.0,E,8
05/06/2014,10:00,860.395,1341.567,536.46,1,8,427.247,1,8,262.566,1,8,64375.2,1,8,40588.434,1,8,28882.311,1,8,130.373,1,8,-9900,?,9,-9900,?,9,16.0,E,8,4.3,E,8,45.0,E,8,822.9788000000001,E,8,999.0,E,8,2.04,E,8,-9900,?,9,-9900,?,9,0.0,E,8,-9900,?,9,-9900,?,9,0.0,0.0,E,8
05/06/2014,11:00,998.923,1341.567,676.0,1,8,484.236,1,8,315.526,1,8,81120.0,1,8,46002.374,1,8,34707.891,1,8,134.918,1,8,-9900,?,9,-9900,?,9,17.38,E,8,2.43,E,8,36.0,E,8,822.9788000000001,E,8,999.0,E,8,2.82,E,8,-9900,?,9,-9900,?,9,0.0,E,8,-9900,?,9,-9900,?,9,0.0,0.0,E,8
05/06/2014,12:00,1060.085,1341.567,758.14,1,8,531.843,1,8,337.96,1,8,90976.8,1,8,50525.128,1,8,37175.602,1,8,136.165,1,8,-9900,?,9,-9900,?,9,18.48,E,8,0.75,E,8,30.0,E,8,822.9788000000001,E,8,999.0,E,8,3.06,E,8,-9900,?,9,-9900,?,9,0.0,E,8,-9900,?,9,-9900,?,9,0.0,0.0,E,8
05/06/2014,13:00,1039.7,1341.567,768.29,1,8,627.452,1,8,282.117,1,8,92194.8,1,8,59607.915,1,8,31032.856,1,8,115.896,1,8,-9900,?,9,-9900,?,9,19.23,E,8,-0.44,E,8,26.0,E,8,822.9788000000001,E,8,999.0,E,8,4.12,E,8,-9900,?,9,-9900,?,9,0.0,E,8,-9900,?,9,-9900,?,9,0.0,0.0,E,8
05/06/2014,14:00,939.164,1341.567,717.52,1,8,767.63,1,8,180.304,1,8,86102.4,1,8,72924.865,1,8,19833.487,1,8,82.009,1,8,-9900,?,9,-9900,?,9,19.66,E,8,-1.12,E,8,24.0,E,8,822.9788000000001,E,8,999.0,E,8,3.3,E,8,-9900,?,9,-9900,?,9,0.0,E,8,-9900,?,9,-9900,?,9,0.0,0.0,E,8
05/06/2014,15:00,765.368,1341.567,592.69,1,8,793.709,1,8,140.152,1,8,71122.8,1,8,75402.394,1,8,15416.668,1,8,78.245,1,8,-9900,?,9,-9900,?,9,19.72,E,8,-1.22,E,8,24.0,E,8,822.9788000000001,E,8,999.0,E,8,3.97,E,8,-9900,?,9,-9900,?,9,0.0,E,8,-9900,?,9,-9900,?,9,0.0,0.0,E,8
05/06/2014,16:00,530.268,1341.567,423.88,1,8,777.704,1,8,116.968,1,8,50865.6,1,8,73881.87,1,8,12866.488,1,8,94.345,1,8,-9900,?,9,-9900,?,9,19.3,E,8,-0.55,E,8,26.0,E,8,822.9788000000001,E,8,999.0,E,8,4.43,E,8,-9900,?,9,-9900,?,9,0.0,E,8,-9900,?,9,-9900,?,9,0.0,0.0,E,8
05/06/2014,17:00,250.466,1341.567,221.12,1,8,631.063,1,8,104.217,1,8,26534.4,1,8,59950.974,1,8,11463.906,1,8,179.076,1,8,-9900,?,9,-9900,?,9,18.4,E,8,0.88,E,8,30.0,E,8,822.9788000000001,E,8,999.0,E,8,3.21,E,8,-9900,?,9,-9900,?,9,0.0,E,8,-9900,?,9,-9900,?,9,0.0,0.0,E,8
05/06/2014,18:00,0.0,1341.567,20.81,1,8,0.0,1,8,0.0,1,8,2497.2,1,8,0.0,1,8,0.0,1,8,-0.0,1,8,-9900,?,9,-9900,?,9,17.75,E,8,1.88,E,8,34.0,E,8,822.9788000000001,E,8,999.0,E,8,2.22,E,8,-9900,?,9,-9900,?,9,0.0,E,8,-9900,?,9,-9900,?,9,0.0,0.0,E,8
05/06/2014,19:00,0.0,1341.567,0.0,1,8,0.0,1,8,0.0,1,8,0.0,1,8,0.0,1,8,0.0,1,8,-0.0,1,8,-9900,?,9,-9900,?,9,17.11,E,8,2.81,E,8,38.0,E,8,822.9788000000001,E,8,999.0,E,8,0.95,E,8,-9900,?,9,-9900,?,9,0.0,E,8,-9900,?,9,-9900,?,9,0.0,0.0,E,8
05/06/2014,20:00,0.0,1341.567,0.0,1,8,0.0,1,8,0.0,1,8,0.0,1,8,0.0,1,8,0.0,1,8,-0.0,1,8,-9900,?,9,-9900,?,9,16.46,E,8,3.7,E,8,42.0,E,8,822.9788000000001,E,8,999.0,E,8,0.37,E,8,-9900,?,9,-9900,?,9,0.0,E,8,-9900,?,9,-9900,?,9,0.0,0.0,E,8
05/06/2014,21:00,0.0,1341.567,0.0,1,8,0.0,1,8,0.0,1,8,0.0,1,8,0.0,1,8,0.0,1,8,-0.0,1,8,-9900,?,9,-9900,?,9,15.82,E,8,4.53,E,8,46.0,E,8,822.9788000000001,E,8,999.0,E,8,0.37,E,8,-9900,?,9,-9900,?,9,0.0,E,8,-9900,?,9,-9900,?,9,0.0,0.0,E,8
05/06/2014,22:00,0.0,1341.567,0.0,1,8,0.0,1,8,0.0,1,8,0.0,1,8,0.0,1,8,0.0,1,8,-0.0,1,8,-9900,?,9,-9900,?,9,15.17,E,8,5.33,E,8,51.0,E,8,822.9788000000001,E,8,999.0,E,8,0.37,E,8,-9900,?,9,-9900,?,9,0.0,E,8,-9900,?,9,-9900,?,9,0.0,0.0,E,8
05/06/2014,23:00,0.0,1341.567,0.0,1,8,0.0,1,8,0.0,1,8,0.0,1,8,0.0,1,8,0.0,1,8,-0.0,1,8,-9900,?,9,-9900,?,9,14.52,E,8,6.09,E,8,56.0,E,8,822.9788000000001,E,8,999.0,E,8,0.37,E,8,-9900,?,9,-9900,?,9,0.0,E,8,-9900,?,9,-9900,?,9,0.0,0.0,E,8
05/06/2014,24:00,0.0,1341.567,0.0,1,8,0.0,1,8,0.0,1,8,0.0,1,8,0.0,1,8,0.0,1,8,-0.0,1,8,-9900,?,9,-9900,?,9,13.88,E,8,10.52,E,8,80.0,E,8,822.9788000000001,E,8,999.0,E,8,0.25,E,8,-9900,?,9,-9900,?,9,0.0,E,8,-9900,?,9,-9900,?,9,0.0,0.0,E,8
05/07/2014,01:00,0.0,1341.567,0.0,1,8,0.0,1,8,0.0,1,8,0.0,1,8,0.0,1,8,0.0,1,8,-0.0,1,8,-9900,?,9,-9900,?,9,13.55,E,8,10.61,E,8,82.0,E,8,822.9788000000001,E,8,999.0,E,8,0.25,E,8,-9900,?,9,-9900,?,9,0.0,E,8,-9900,?,9,-9900,?,9,0.0,0.0,E,8
05/07/2014,02:00,0.0,1341.567,0.0,1,8,0.0,1,8,0.0,1,8,0.0,1,8,0.0,1,8,0.0,1,8,-0.0,1,8,-9900,?,9,-9900,?,9,13.23,E,8,10.7,E,8,84.0,E,8,822.9788000000001,E,8,999.0,E,8,0.25,E,8,-9900,?,9,-9900,?,9,0.0,E,8,-9900,?,9,-9900,?,9,0.0,0.0,E,8
05/07/2014,03:00,0.0,1341.567,0.0,1,8,0.0,1,8,0.0,1,8,0.0,1,8,0.0,1,8,0.0,1,8,-0.0,1,8,-9900,?,9,-9900,?,9,12.91,E,8,10.79,E,8,86.0,E,8,822.9788000000001,E,8,999.0,E,8,0.25,E,8,-9900,?,9,-9900,?,9,0.0,E,8,-9900,?,9,-9900,?,9,0.0,0.0,E,8
05/07/2014,04:00,0.0,1340.911,0.0,1,8,0.0,1,8,0.0,1,8,0.0,1,8,0.0,1,8,0.0,1,8,-0.0,1,8,-9900,?,9,-9900,?,9,12.59,E,8,10.87,E,8,89.0,E,8,822.9788000000001,E,8,999.0,E,8,0.25,E,8,-9900,?,9,-9900,?,9,0.0,E,8,-9900,?,9,-9900,?,9,0.0,0.0,E,8
05/07/2014,05:00,0.0,1340.911,0.0,1,8,0.0,1,8,0.0,1,8,0.0,1,8,0.0,1,8,0.0,1,8,-0.0,1,8,-9900,?,9,-9900,?,9,12.26,E,8,10.96,E,8,91.0,E,8,822.9788000000001,E,8,999.0,E,8,0.25,E,8,-9900,?,9,-9900,?,9,0.0,E,8,-9900,?,9,-9900,?,9,0.0,0.0,E,8
05/07/2014,06:00,0.0,1340.911,0.0,1,8,0.0,1,8,0.0,1,8,0.0,1,8,0.0,1,8,0.0,1,8,-0.0,1,8,-9900,?,9,-9900,?,9,12.01,E,8,11.03,E,8,93.0,E,8,822.9788000000001,E,8,999.0,E,8,0.25,E,8,-9900,?,9,-9900,?,9,0.0,E,8,-9900,?,9,-9900,?,9,0.0,0.0,E,8
05/07/2014,07:00,98.257,1340.911,0.0,1,8,0.0,1,8,0.0,1,8,0.0,1,8,0.0,1,8,0.0,1,8,0.0,1,8,-9900,?,9,-9900,?,9,11.8,E,8,11.08,E,8,95.0,E,8,822.9788000000001,E,8,999.0,E,8,0.49,E,8,-9900,?,9,-9900,?,9,0.0,E,8,-9900,?,9,-9900,?,9,0.0,0.0,E,8
05/07/2014,08:00,391.168,1340.911,73.99,1,8,0.0,1,8,73.99,1,8,8878.8,1,8,0.0,1,8,8138.9,1,8,80.985,1,8,-9900,?,9,-9900,?,9,11.59,E,8,11.14,E,8,97.0,E,8,822.9788000000001,E,8,999.0,E,8,0.7,E,8,-9900,?,9,-9900,?,9,0.0,E,8,-9900,?,9,-9900,?,9,0.0,0.0,E,8
05/07/2014,09:00,650.568,1340.911,217.01,1,8,30.114,1,8,202.414,1,8,26041.2,1,8,2860.798,1,8,22265.503,1,8,132.926,1,8,-9900,?,9,-9900,?,9,14.67,E,8,10.3,E,8,75.0,E,8,822.9788000000001,E,8,999.0,E,8,0.66,E,8,-9900,?,9,-9900,?,9,0.0,E,8,-9900,?,9,-9900,?,9,0.0,0.0,E,8
05/07/2014,10:00,856.487,1340.911,343.33,1,8,58.053,1,8,306.265,1,8,41199.6,1,8,5515.049,1,8,33689.171,1,8,152.69,1,8,-9900,?,9,-9900,?,9,16.07,E,8,9.91,E,8,66.0,E,8,822.9788000000001,E,8,999.0,E,8,0.56,E,8,-9900,?,9,-9900,?,9,0.0,E,8,-9900,?,9,-9900,?,9,0.0,0.0,E,8
05/07/2014,11:00,994.66,1340.911,437.8,1,8,102.304,1,8,361.931,1,8,52536.0,1,8,9718.883,1,8,39812.436,1,8,155.348,1,8,-9900,?,9,-9900,?,9,17.26,E,8,9.57,E,8,60.0,E,8,822.9788000000001,E,8,999.0,E,8,0.82,E,8,-9900,?,9,-9900,?,9,0.0,E,8,-9900,?,9,-9900,?,9,0.0,0.0,E,8
05/07/2014,12:00,1055.61,1340.911,492.69,1,8,105.837,1,8,409.386,1,8,59122.8,1,8,10054.528,1,8,45032.511,1,8,165.561,1,8,-9900,?,9,-9900,?,9,18.22,E,8,9.29,E,8,55.0,E,8,822.9788000000001,E,8,999.0,E,8,1.38,E,8,-9900,?,9,-9900,?,9,0.0,E,8,-9900,?,9,-9900,?,9,0.0,0.0,E,8
05/07/2014,13:00,1035.171,1340.911,503.86,1,8,127.571,1,8,405.396,1,8,60463.2,1,8,12119.25,1,8,44593.551,1,8,167.187,1,8,-9900,?,9,-9900,?,9,18.89,E,8,9.09,E,8,52.0,E,8,822.9788000000001,E,8,999.0,E,8,1.55,E,8,-9900,?,9,-9900,?,9,0.0,E,8,-9900,?,9,-9900,?,9,0.0,0.0,E,8
05/07/2014,14:00,934.745,1340.911,470.52,1,8,184.885,1,8,341.677,1,8,56462.4,1,8,17564.074,1,8,37584.508,1,8,156.066,1,8,-9900,?,9,-9900,?,9,19.27,E,8,8.97,E,8,51.0,E,8,822.9788000000001,E,8,999.0,E,8,2.51,E,8,-9900,?,9,-9900,?,9,0.0,E,8,-9900,?,9,-9900,?,9,0.0,0.0,E,8
05/07/2014,15:00,761.211,1340.911,395.12,1,8,194.694,1,8,284.664,1,8,47414.4,1,8,18495.949,1,8,31313.009,1,8,159.715,1,8,-9900,?,9,-9900,?,9,19.36,E,8,8.95,E,8,50.0,E,8,822.9788000000001,E,8,999.0,E,8,2.23,E,8,-9900,?,9,-9900,?,9,0.0,E,8,-9900,?,9,-9900,?,9,0.0,0.0,E,8
05/07/2014,16:00,526.512,1340.911,283.5,1,8,318.221,1,8,158.749,1,8,34020.0,1,8,30231.025,1,8,17462.392,1,8,128.898,1,8,-9900,?,9,-9900,?,9,19.02,E,8,9.05,E,8,52.0,E,8,822.9788000000001,E,8,999.0,E,8,2.1,E,8,-9900,?,9,-9900,?,9,0.0,E,8,-9900,?,9,-9900,?,9,0.0,0.0,E,8
05/07/2014,17:00,247.235,1340.911,145.93,1,8,530.595,1,8,48.878,1,8,17511.6,1,8,50406.538,1,8,5376.62,1,8,85.06,1,8,-9900,?,9,-9900,?,9,18.26,E,8,9.27,E,8,55.0,E,8,822.9788000000001,E,8,999.0,E,8,1.62,E,8,-9900,?,9,-9900,?,9,0.0,E,8,-9900,?,9,-9900,?,9,0.0,0.0,E,8
05/07/2014,18:00,0.0,1340.911,13.58,1,8,0.0,1,8,0.0,1,8,1629.6,1,8,0.0,1,8,0.0,1,8,-0.0,1,8,-9900,?,9,-9900,?,9,17.41,E,8,9.52,E,8,59.0,E,8,822.9788000000001,E,8,999.0,E,8,0.87,E,8,-9900,?,9,-9900,?,9,0.0,E,8,-9900,?,9,-9900,?,9,0.0,0.0,E,8
05/07/2014,19:00,0.0,1340.911,0.0,1,8,0.0,1,8,0.0,1,8,0.0,1,8,0.0,1,8,0.0,1,8,-0.0,1,8,-9900,?,9,-9900,?,9,16.57,E,8,9.77,E,8,64.0,E,8,822.9788000000001,E,8,999.0,E,8,0.33,E,8,-9900,?,9,-9900,?,9,0.0,E,8,-9900,?,9,-9900,?,9,0.0,0.0,E,8
05/07/2014,20:00,0.0,1340.911,0.0,1,8,0.0,1,8,0.0,1,8,0.0,1,8,0.0,1,8,0.0,1,8,-0.0,1,8,-9900,?,9,-9900,?,9,15.72,E,8,10.01,E,8,68.0,E,8,822.9788000000001,E,8,999.0,E,8,0.25,E,8,-9900,?,9,-9900,?,9,0.0,E,8,-9900,?,9,-9900,?,9,0.0,0.0,E,8
05/07/2014,21:00,0.0,1340.911,0.0,1,8,0.0,1,8,0.0,1,8,0.0,1,8,0.0,1,8,0.0,1,8,-0.0,1,8,-9900,?,9,-9900,?,9,14.88,E,8,10.25,E,8,73.0,E,8,822.9788000000001,E,8,999.0,E,8,0.25,E,8,-9900,?,9,-9900,?,9,0.0,E,8,-9900,?,9,-9900,?,9,0.0,0.0,E,8
05/07/2014,22:00,0.0,1340.911,0.0,1,8,0.0,1,8,0.0,1,8,0.0,1,8,0.0,1,8,0.0,1,8,-0.0,1,8,-9900,?,9,-9900,?,9,14.03,E,8,10.48,E,8,79.0,E,8,822.9788000000001,E,8,999.0,E,8,0.25,E,8,-9900,?,9,-9900,?,9,0.0,E,8,-9900,?,9,-9900,?,9,0.0,0.0,E,8
05/07/2014,23:00,0.0,1340.911,0.0,1,8,0.0,1,8,0.0,1,8,0.0,1,8,0.0,1,8,0.0,1,8,-0.0,1,8,-9900,?,9,-9900,?,9,13.18,E,8,10.71,E,8,84.0,E,8,822.9788000000001,E,8,999.0,E,8,0.25,E,8,-9900,?,9,-9900,?,9,0.0,E,8,-9900,?,9,-9900,?,9,0.0,0.0,E,8
05/07/2014,24:00,0.0,1340.911,0.0,1,8,0.0,1,8,0.0,1,8,0.0,1,8,0.0,1,8,0.0,1,8,-0.0,1,8,-9900,?,9,-9900,?,9,12.34,E,8,7.54,E,8,72.0,E,8,822.9788000000001,E,8,999.0,E,8,0.39,E,8,-9900,?,9,-9900,?,9,0.0,E,8,-9900,?,9,-9900,?,9,0.0,0.0,E,8
05/08/2014,01:00,0.0,1340.911,0.0,1,8,0.0,1,8,0.0,1,8,0.0,1,8,0.0,1,8,0.0,1,8,-0.0,1,8,-9900,?,9,-9900,?,9,11.91,E,8,7.64,E,8,75.0,E,8,822.9788000000001,E,8,999.0,E,8,0.39,E,8,-9900,?,9,-9900,?,9,0.0,E,8,-9900,?,9,-9900,?,9,0.0,0.0,E,8
05/08/2014,02:00,0.0,1340.911,0.0,1,8,0.0,1,8,0.0,1,8,0.0,1,8,0.0,1,8,0.0,1,8,-0.0,1,8,-9900,?,9,-9900,?,9,11.49,E,8,7.74,E,8,77.0,E,8,822.9788000000001,E,8,999.0,E,8,0.39,E,8,-9900,?,9,-9900,?,9,0.0,E,8,-9900,?,9,-9900,?,9,0.0,0.0,E,8
05/08/2014,03:00,0.0,1340.911,0.0,1,8,0.0,1,8,0.0,1,8,0.0,1,8,0.0,1,8,0.0,1,8,-0.0,1,8,-9900,?,9,-9900,?,9,11.07,E,8,7.84,E,8,80.0,E,8,822.9788000000001,E,8,999.0,E,8,0.39,E,8,-9900,?,9,-9900,?,9,0.0,E,8,-9900,?,9,-9900,?,9,0.0,0.0,E,8
05/08/2014,04:00,0.0,1340.263,0.0,1,8,0.0,1,8,0.0,1,8,0.0,1,8,0.0,1,8,0.0,1,8,-0.0,1,8,-9900,?,9,-9900,?,9,10.65,E,8,7.94,E,8,83.0,E,8,822.9788000000001,E,8,999.0,E,8,0.39,E,8,-9900,?,9,-9900,?,9,0.0,E,8,-9900,?,9,-9900,?,9,0.0,0.0,E,8
05/08/2014,05:00,0.0,1340.263,0.0,1,8,0.0,1,8,0.0,1,8,0.0,1,8,0.0,1,8,0.0,1,8,-0.0,1,8,-9900,?,9,-9900,?,9,10.22,E,8,8.04,E,8,86.0,E,8,822.9788000000001,E,8,999.0,E,8,0.39,E,8,-9900,?,9,-9900,?,9,0.0,E,8,-9900,?,9,-9900,?,9,0.0,0.0,E,8
05/08/2014,06:00,0.0,1340.263,0.0,1,8,0.0,1,8,0.0,1,8,0.0,1,8,0.0,1,8,0.0,1,8,-0.0,1,8,-9900,?,9,-9900,?,9,9.89,E,8,8.12,E,8,88.0,E,8,822.9788000000001,E,8,999.0,E,8,0.39,E,8,-9900,?,9,-9900,?,9,0.0,E,8,-9900,?,9,-9900,?,9,0.0,0.0,E,8
05/08/2014,07:00,96.055,1340.263,0.0,1,8,0.0,1,8,0.0,1,8,0.0,1,8,0.0,1,8,0.0,1,8,0.0,1,8,-9900,?,9,-9900,?,9,9.62,E,8,8.18,E,8,90.0,E,8,822.9788000000001,E,8,999.0,E,8,0.39,E,8,-9900,?,9,-9900,?,9,0.0,E,8,-9900,?,9,-9900,?,9,0.0,0.0,E,8
05/08/2014,08:00,388.303,1340.263,76.95,1,8,0.0,1,8,76.95,1,8,9234.0,1,8,0.0,1,8,8464.5,1,8,84.81,1,8,-9900,?,9,-9900,?,9,9.34,E,8,8.25,E,8,92.0,E,8,822.9788000000001,E,8,999.0,E,8,0.39,E,8,-9900,?,9,-9900,?,9,0.0,E,8,-9900,?,9,-9900,?,9,0.0,0.0,E,8
05/08/2014,09:00,647.148,1340.263,227.51,1,8,38.3,1,8,209.034,1,8,27301.2,1,8,3638.544,1,8,22993.78,1,8,137.934,1,8,-9900,?,9,-9900,?,9,12.75,E,8,7.44,E,8,70.0,E,8,822.9788000000001,E,8,999.0,E,8,0.62,E,8,-9900,?,9,-9900,?,9,0.0,E,8,-9900,?,9,-9900,?,9,0.0,0.0,E,8
05/08/2014,10:00,852.603,1340.263,360.56,1,8,72.384,1,8,314.533,1,8,43267.2,1,8,6876.494,1,8,34598.628,1,8,157.452,1,8,-9900,?,9,-9900,?,9,14.31,E,8,7.05,E,8,61.0,E,8,822.9788000000001,E,8,999.0,E,8,0.59,E,8,-9900,?,9,-9900,?,9,0.0,E,8,-9900,?,9,-9900,?,9,0.0,0.0,E,8
05/08/2014,11:00,990.433,1340.263,460.07,1,8,127.524,1,8,365.855,1,8,55208.4,1,8,12114.791,1,8,40244.02,1,8,157.627,1,8,-9900,?,9,-9900,?,9,15.64,E,8,6.72,E,8,55.0,E,8,822.9788000000001,E,8,999.0,E,8,0.67,E,8,-9900,?,9,-9900,?,9,0.0,E,8,-9900,?,9,-9900,?,9,0.0,0.0,E,8
05/08/2014,12:00,1051.185,1340.263,517.86,1,8,132.015,1,8,414.338,1,8,62143.2,1,8,12541.432,1,8,45577.175,1,8,168.188,1,8,-9900,?,9,-9900,?,9,16.7,E,8,6.44,E,8,50.0,E,8,822.9788000000001,E,8,999.0,E,8,1.27,E,8,-9900,?,9,-9900,?,9,0.0,E,8,-9900,?,9,-9900,?,9,0.0,0.0,E,8
05/08/2014,13:00,1030.706,1340.263,529.59,1,8,158.927,1,8,407.395,1,8,63550.8,1,8,15098.024,1,8,44813.47,1,8,168.659,1,8,-9900,?,9,-9900,?,9,17.45,E,8,6.25,E,8,47.0,E,8,822.9788000000001,E,8,999.0,E,8,1.65,E,8,-9900,?,9,-9900,?,9,0.0,E,8,-9900,?,9,-9900,?,9,0.0,0.0,E,8
05/08/2014,14:00,930.398,1340.263,494.41,1,8,229.282,1,8,335.295,1,8,59329.2,1,8,21781.785,1,8,36882.432,1,8,153.793,1,8,-9900,?,9,-9900,?,9,17.88,E,8,6.13,E,8,46.0,E,8,822.9788000000001,E,8,999.0,E,8,2.29,E,8,-9900,?,9,-9900,?,9,0.0,E,8,-9900,?,9,-9900,?,9,0.0,0.0,E,8
05/08/2014,15:00,757.137,1340.263,414.92,1,8,276.759,1,8,258.672,1,8,49790.4,1,8,26292.144,1,8,28453.886,1,8,145.843,1,8,-9900,?,9,-9900,?,9,17.97,E,8,6.11,E,8,45.0,E,8,822.9788000000001,E,8,999.0,E,8,3.43,E,8,-9900,?,9,-9900,?,9,0.0,E,8,-9900,?,9,-9900,?,9,0.0,0.0,E,8
05/08/2014,16:00,522.847,1340.263,297.28,1,8,384.014,1,8,147.716,1,8,35673.6,1,8,36481.352,1,8,16248.769,1,8,120.725,1,8,-9900,?,9,-9900,?,9,17.6,E,8,6.21,E,8,47.0,E,8,822.9788000000001,E,8,999.0,E,8,1.39,E,8,-9900,?,9,-9900,?,9,0.0,E,8,-9900,?,9,-9900,?,9,0.0,0.0,E,8
05/08/2014,17:00,244.096,1340.263,152.35,1,8,539.969,1,8,54.81,1,8,18282.0,1,8,51297.057,1,8,6029.087,1,8,96.582,1,8,-9900,?,9,-9900,?,9,16.75,E,8,6.43,E,8,50.0,E,8,822.9788000000001,E,8,999.0,E,8,0.76,E,8,-9900,?,9,-9900,?,9,0.0,E,8,-9900,?,9,-9900,?,9,0.0,0.0,E,8
05/08/2014,18:00,0.0,1340.263,13.53,1,8,0.0,1,8,0.0,1,8,1623.6,1,8,0.0,1,8,0.0,1,8,-0.0,1,8,-9900,?,9,-9900,?,9,16.02,E,8,6.62,E,8,53.0,E,8,822.9788000000001,E,8,999.0,E,8,0.39,E,8,-9900,?,9,-9900,?,9,0.0,E,8,-9900,?,9,-9900,?,9,0.0,0.0,E,8
05/08/2014,19:00,0.0,1340.263,0.0,1,8,0.0,1,8,0.0,1,8,0.0,1,8,0.0,1,8,0.0,1,8,-0.0,1,8,-9900,?,9,-9900,?,9,15.3,E,8,6.8,E,8,56.0,E,8,822.9788000000001,E,8,999.0,E,8,0.39,E,8,-9900,?,9,-9900,?,9,0.0,E,8,-9900,?,9,-9900,?,9,0.0,0.0,E,8
05/08/2014,20:00,0.0,1340.263,0.0,1,8,0.0,1,8,0.0,1,8,0.0,1,8,0.0,1,8,0.0,1,8,-0.0,1,8,-9900,?,9,-9900,?,9,14.57,E,8,6.99,E,8,60.0,E,8,822.9788000000001,E,8,999.0,E,8,0.39,E,8,-9900,?,9,-9900,?,9,0.0,E,8,-9900,?,9,-9900,?,9,0.0,0.0,E,8
05/08/2014,21:00,0.0,1340.263,0.0,1,8,0.0,1,8,0.0,1,8,0.0,1,8,0.0,1,8,0.0,1,8,-0.0,1,8,-9900,?,9,-9900,?,9,13.84,E,8,7.17,E,8,64.0,E,8,822.9788000000001,E,8,999.0,E,8,0.39,E,8,-9900,?,9,-9900,?,9,0.0,E,8,-9900,?,9,-9900,?,9,0.0,0.0,E,8
05/08/2014,22:00,0.0,1340.263,0.0,1,8,0.0,1,8,0.0,1,8,0.0,1,8,0.0,1,8,0.0,1,8,-0.0,1,8,-9900,?,9,-9900,?,9,13.12,E,8,7.35,E,8,67.0,E,8,822.9788000000001,E,8,999.0,E,8,0.39,E,8,-9900,?,9,-9900,?,9,0.0,E,8,-9900,?,9,-9900,?,9,0.0,0.0,E,8
05/08/2014,23:00,0.0,1340.263,0.0,1,8,0.0,1,8,0.0,1,8,0.0,1,8,0.0,1,8,0.0,1,8,-0.0,1,8,-9900,?,9,-9900,?,9,12.39,E,8,7.52,E,8,72.0,E,8,822.9788000000001,E,8,999.0,E,8,0.39,E,8,-9900,?,9,-9900,?,9,0.0,E,8,-9900,?,9,-9900,?,9,0.0,0.0,E,8
05/08/2014,24:00,0.0,1340.263,0.0,1,8,0.0,1,8,0.0,1,8,0.0,1,8,0.0,1,8,0.0,1,8,-0.0,1,8,-9900,?,9,-9900,?,9,11.66,E,8,8.2,E,8,79.0,E,8,822.9788000000001,E,8,999.0,E,8,0.31,E,8,-9900,?,9,-9900,?,9,0.0,E,8,-9900,?,9,-9900,?,9,0.0,0.0,E,8
05/09/2014,01:00,0.0,1340.263,0.0,1,8,0.0,1,8,0.0,1,8,0.0,1,8,0.0,1,8,0.0,1,8,-0.0,1,8,-9900,?,9,-9900,?,9,11.3,E,8,8.23,E,8,81.0,E,8,822.9788000000001,E,8,999.0,E,8,0.31,E,8,-9900,?,9,-9900,?,9,0.0,E,8,-9900,?,9,-9900,?,9,0.0,0.0,E,8
05/09/2014,02:00,0.0,1340.263,0.0,1,8,0.0,1,8,0.0,1,8,0.0,1,8,0.0,1,8,0.0,1,8,-0.0,1,8,-9900,?,9,-9900,?,9,10.94,E,8,8.27,E,8,88.0,E,8,822.9788000000001,E,8,999.0,E,8,0.31,E,8,-9900,?,9,-9900,?,9,0.098,E,8,-9900,?,9,-9900,?,9,0.98,99.0,E,8
05/09/2014,03:00,0.0,1340.263,0.0,1,8,0.0,1,8,0.0,1,8,0.0,1,8,0.0,1,8,0.0,1,8,-0.0,1,8,-9900,?,9,-9900,?,9,10.57,E,8,8.3,E,8,90.0,E,8,822.9788000000001,E,8,999.0,E,8,0.31,E,8,-9900,?,9,-9900,?,9,0.002,E,8,-9900,?,9,-9900,?,9,0.02,99.0,E,8
05/09/2014,04:00,0.0,1339.624,0.0,1,8,0.0,1,8,0.0,1,8,0.0,1,8,0.0,1,8,0.0,1,8,-0.0,1,8,-9900,?,9,-9900,?,9,10.21,E,8,8.33,E,8,88.0,E,8,822.9788000000001,E,8,999.0,E,8,0.31,E,8,-9900,?,9,-9900,?,9,0.0,E,8,-9900,?,9,-9900,?,9,0.0,0.0,E,8
05/09/2014,05:00,0.0,1339.624,0.0,1,8,0.0,1,8,0.0,1,8,0.0,1,8,0.0,1,8,0.0,1,8,-0.0,1,8,-9900,?,9,-9900,?,9,9.85,E,8,8.37,E,8,90.0,E,8,822.9788000000001,E,8,999.0,E,8,0.31,E,8,-9900,?,9,-9900,?,9,0.0,E,8,-9900,?,9,-9900,?,9,0.0,0.0,E,8
05/09/2014,06:00,0.0,1339.624,0.0,1,8,0.0,1,8,0.0,1,8,0.0,1,8,0.0,1,8,0.0,1,8,-0.0,1,8,-9900,?,9,-9900,?,9,9.57,E,8,8.39,E,8,92.0,E,8,822.9788000000001,E,8,999.0,E,8,0.31,E,8,-9900,?,9,-9900,?,9,0.0,E,8,-9900,?,9,-9900,?,9,0.0,0.0,E,8
05/09/2014,07:00,93.852,1339.624,0.0,1,8,0.0,1,8,0.0,1,8,0.0,1,8,0.0,1,8,0.0,1,8,0.0,1,8,-9900,?,9,-9900,?,9,9.33,E,8,8.41,E,8,94.0,E,8,822.9788000000001,E,8,999.0,E,8,0.31,E,8,-9900,?,9,-9900,?,9,0.0,E,8,-9900,?,9,-9900,?,9,0.0,0.0,E,8
05/09/2014,08:00,385.442,1339.624,61.85,1,8,0.0,1,8,61.85,1,8,7422.0,1,8,0.0,1,8,6803.5,1,8,68.644,1,8,-9900,?,9,-9900,?,9,9.09,E,8,8.44,E,8,95.0,E,8,822.9788000000001,E,8,999.0,E,8,0.31,E,8,-9900,?,9,-9900,?,9,0.0,E,8,-9900,?,9,-9900,?,9,0.0,0.0,E,8
05/09/2014,09:00,643.741,1339.624,184.38,1,8,14.378,1,8,177.477,1,8,22125.6,1,8,1365.928,1,8,19522.52,1,8,117.676,1,8,-9900,?,9,-9900,?,9,12.38,E,8,8.13,E,8,75.0,E,8,822.9788000000001,E,8,999.0,E,8,0.31,E,8,-9900,?,9,-9900,?,9,0.0,E,8,-9900,?,9,-9900,?,9,0.0,0.0,E,8
05/09/2014,10:00,848.745,1339.624,292.72,1,8,14.619,1,8,283.462,1,8,35126.4,1,8,1388.762,1,8,31180.84,1,8,142.476,1,8,-9900,?,9,-9900,?,9,13.9,E,8,7.99,E,8,67.0,E,8,822.9788000000001,E,8,999.0,E,8,0.31,E,8,-9900,?,9,-9900,?,9,0.0,E,8,-9900,?,9,-9900,?,9,0.0,0.0,E,8
05/09/2014,11:00,986.246,1339.624,373.74,1,8,14.497,1,8,363.07,1,8,44848.8,1,8,1377.17,1,8,39937.716,1,8,157.017,1,8,-9900,?,9,-9900,?,9,15.19,E,8,7.87,E,8,61.0,E,8,822.9788000000001,E,8,999.0,E,8,0.86,E,8,-9900,?,9,-9900,?,9,0.0,E,8,-9900,?,9,-9900,?,9,0.0,0.0,E,8
05/09/2014,12:00,1046.813,1339.624,420.79,1,8,58.45,1,8,375.125,1,8,50494.8,1,8,5552.717,1,8,41263.713,1,8,152.834,1,8,-9900,?,9,-9900,?,9,16.23,E,8,7.77,E,8,57.0,E,8,822.9788000000001,E,8,999.0,E,8,1.39,E,8,-9900,?,9,-9900,?,9,0.0,E,8,-9900,?,9,-9900,?,9,0.0,0.0,E,8
05/09/2014,13:00,1026.305,1339.624,430.32,1,8,81.7,1,8,367.741,1,8,51638.4,1,8,7761.497,1,8,40451.559,1,8,152.823,1,8,-9900,?,9,-9900,?,9,16.96,E,8,7.7,E,8,54.0,E,8,822.9788000000001,E,8,999.0,E,8,1.16,E,8,-9900,?,9,-9900,?,9,0.0,E,8,-9900,?,9,-9900,?,9,0.0,0.0,E,8
05/09/2014,14:00,926.128,1339.624,401.63,1,8,102.376,1,8,330.876,1,8,48195.6,1,8,9725.744,1,8,36396.409,1,8,152.394,1,8,-9900,?,9,-9900,?,9,17.37,E,8,7.66,E,8,52.0,E,8,822.9788000000001,E,8,999.0,E,8,2.31,E,8,-9900,?,9,-9900,?,9,0.0,E,8,-9900,?,9,-9900,?,9,0.0,0.0,E,8
05/09/2014,15:00,753.148,1339.624,336.85,1,8,109.68,1,8,275.226,1,8,40422.0,1,8,10419.632,1,8,30274.84,1,8,155.925,1,8,-9900,?,9,-9900,?,9,17.46,E,8,7.65,E,8,52.0,E,8,822.9788000000001,E,8,999.0,E,8,3.64,E,8,-9900,?,9,-9900,?,9,0.0,E,8,-9900,?,9,-9900,?,9,0.0,0.0,E,8
05/09/2014,16:00,519.271,1339.624,241.01,1,8,178.633,1,8,171.881,1,8,28921.2,1,8,16970.101,1,8,18906.962,1,8,141.378,1,8,-9900,?,9,-9900,?,9,17.1,E,8,7.69,E,8,53.0,E,8,822.9788000000001,E,8,999.0,E,8,2.49,E,8,-9900,?,9,-9900,?,9,0.0,E,8,-9900,?,9,-9900,?,9,0.0,0.0,E,8
05/09/2014,17:00,241.051,1339.624,122.98,1,8,394.365,1,8,52.611,1,8,14757.6,1,8,37464.72,1,8,5787.205,1,8,93.852,1,8,-9900,?,9,-9900,?,9,16.27,E,8,7.76,E,8,57.0,E,8,822.9788000000001,E,8,999.0,E,8,1.27,E,8,-9900,?,9,-9900,?,9,0.0,E,8,-9900,?,9,-9900,?,9,0.0,0.0,E,8
05/09/2014,18:00,0.0,1339.624,10.43,1,8,0.0,1,8,0.0,1,8,1251.6,1,8,0.0,1,8,0.0,1,8,-0.0,1,8,-9900,?,9,-9900,?,9,15.63,E,8,7.83,E,8,59.0,E,8,822.9788000000001,E,8,999.0,E,8,0.49,E,8,-9900,?,9,-9900,?,9,0.0,E,8,-9900,?,9,-9900,?,9,0.0,0.0,E,8
05/09/2014,19:00,0.0,1339.624,0.0,1,8,0.0,1,8,0.0,1,8,0.0,1,8,0.0,1,8,0.0,1,8,-0.0,1,8,-9900,?,9,-9900,?,9,14.98,E,8,7.89,E,8,62.0,E,8,822.9788000000001,E,8,999.0,E,8,0.31,E,8,-9900,?,9,-9900,?,9,0.0,E,8,-9900,?,9,-9900,?,9,0.0,0.0,E,8
05/09/2014,20:00,0.0,1339.624,0.0,1,8,0.0,1,8,0.0,1,8,0.0,1,8,0.0,1,8,0.0,1,8,-0.0,1,8,-9900,?,9,-9900,?,9,14.34,E,8,7.95,E,8,65.0,E,8,822.9788000000001,E,8,999.0,E,8,0.31,E,8,-9900,?,9,-9900,?,9,0.0,E,8,-9900,?,9,-9900,?,9,0.0,0.0,E,8
05/09/2014,21:00,0.0,1339.624,0.0,1,8,0.0,1,8,0.0,1,8,0.0,1,8,0.0,1,8,0.0,1,8,-0.0,1,8,-9900,?,9,-9900,?,9,13.69,E,8,8.01,E,8,68.0,E,8,822.9788000000001,E,8,999.0,E,8,0.31,E,8,-9900,?,9,-9900,?,9,0.0,E,8,-9900,?,9,-9900,?,9,0.0,0.0,E,8
05/09/2014,22:00,0.0,1339.624,0.0,1,8,0.0,1,8,0.0,1,8,0.0,1,8,0.0,1,8,0.0,1,8,-0.0,1,8,-9900,?,9,-9900,?,9,13.05,E,8,8.07,E,8,71.0,E,8,822.9788000000001,E,8,999.0,E,8,0.31,E,8,-9900,?,9,-9900,?,9,0.0,E,8,-9900,?,9,-9900,?,9,0.0,0.0,E,8
05/09/2014,23:00,0.0,1339.624,0.0,1,8,0.0,1,8,0.0,1,8,0.0,1,8,0.0,1,8,0.0,1,8,-0.0,1,8,-9900,?,9,-9900,?,9,12.4,E,8,8.13,E,8,75.0,E,8,822.9788000000001,E,8,999.0,E,8,0.31,E,8,-9900,?,9,-9900,?,9,0.0,E,8,-9900,?,9,-9900,?,9,0.0,0.0,E,8
05/09/2014,24:00,0.0,1339.624,0.0,1,8,0.0,1,8,0.0,1,8,0.0,1,8,0.0,1,8,0.0,1,8,-0.0,1,8,-9900,?,9,-9900,?,9,11.76,E,8,7.26,E,8,73.0,E,8,822.9788000000001,E,8,999.0,E,8,0.27,E,8,-9900,?,9,-9900,?,9,0.0,E,8,-9900,?,9,-9900,?,9,0.0,0.0,E,8
05/10/2014,01:00,0.0,1339.624,0.0,1,8,0.0,1,8,0.0,1,8,0.0,1,8,0.0,1,8,0.0,1,8,-0.0,1,8,-9900,?,9,-9900,?,9,11.44,E,8,7.48,E,8,76.0,E,8,822.9788000000001,E,8,999.0,E,8,0.27,E,8,-9900,?,9,-9900,?,9,0.0,E,8,-9900,?,9,-9900,?,9,0.0,0.0,E,8
05/10/2014,02:00,0.0,1339.624,0.0,1,8,0.0,1,8,0.0,1,8,0.0,1,8,0.0,1,8,0.0,1,8,-0.0,1,8,-9900,?,9,-9900,?,9,11.11,E,8,7.69,E,8,79.0,E,8,822.9788000000001,E,8,999.0,E,8,0.27,E,8,-9900,?,9,-9900,?,9,0.0,E,8,-9900,?,9,-9900,?,9,0.0,0.0,E,8
05/10/2014,03:00,0.0,1339.624,0.0,1,8,0.0,1,8,0.0,1,8,0.0,1,8,0.0,1,8,0.0,1,8,-0.0,1,8,-9900,?,9,-9900,?,9,10.79,E,8,7.9,E,8,82.0,E,8,822.9788000000001,E,8,999.0,E,8,0.27,E,8,-9900,?,9,-9900,?,9,0.0,E,8,-9900,?,9,-9900,?,9,0.0,0.0,E,8
05/10/2014,04:00,0.0,1338.992,0.0,1,8,0.0,1,8,0.0,1,8,0.0,1,8,0.0,1,8,0.0,1,8,-0.0,1,8,-9900,?,9,-9900,?,9,10.47,E,8,8.11,E,8,90.0,E,8,822.9788000000001,E,8,999.0,E,8,0.27,E,8,-9900,?,9,-9900,?,9,0.002,E,8,-9900,?,9,-9900,?,9,0.02,99.0,E,8
05/10/2014,05:00,0.0,1338.992,0.0,1,8,0.0,1,8,0.0,1,8,0.0,1,8,0.0,1,8,0.0,1,8,-0.0,1,8,-9900,?,9,-9900,?,9,10.15,E,8,8.32,E,8,88.0,E,8,822.9788000000001,E,8,999.0,E,8,0.27,E,8,-9900,?,9,-9900,?,9,0.0,E,8,-9900,?,9,-9900,?,9,0.0,0.0,E,8
05/10/2014,06:00,0.0,1338.992,0.0,1,8,0.0,1,8,0.0,1,8,0.0,1,8,0.0,1,8,0.0,1,8,-0.0,1,8,-9900,?,9,-9900,?,9,9.9,E,8,8.47,E,8,90.0,E,8,822.9788000000001,E,8,999.0,E,8,0.27,E,8,-9900,?,9,-9900,?,9,0.0,E,8,-9900,?,9,-9900,?,9,0.0,0.0,E,8
05/10/2014,07:00,91.65,1338.992,0.0,1,8,0.0,1,8,0.0,1,8,0.0,1,8,0.0,1,8,0.0,1,8,0.0,1,8,-9900,?,9,-9900,?,9,9.69,E,8,8.6,E,8,92.0,E,8,822.9788000000001,E,8,999.0,E,8,0.27,E,8,-9900,?,9,-9900,?,9,0.0,E,8,-9900,?,9,-9900,?,9,0.0,0.0,E,8
05/10/2014,08:00,382.587,1338.992,70.39,1,8,0.0,1,8,70.39,1,8,8446.8,1,8,0.0,1,8,7742.9,1,8,78.672,1,8,-9900,?,9,-9900,?,9,9.47,E,8,8.74,E,8,95.0,E,8,822.9788000000001,E,8,999.0,E,8,0.27,E,8,-9900,?,9,-9900,?,9,0.0,E,8,-9900,?,9,-9900,?,9,0.0,0.0,E,8
05/10/2014,09:00,640.35,1338.992,211.6,1,8,29.027,1,8,197.732,1,8,25392.0,1,8,2757.609,1,8,21750.497,1,8,131.739,1,8,-9900,?,9,-9900,?,9,12.59,E,8,6.69,E,8,67.0,E,8,822.9788000000001,E,8,999.0,E,8,0.27,E,8,-9900,?,9,-9900,?,9,0.0,E,8,-9900,?,9,-9900,?,9,0.0,0.0,E,8
05/10/2014,10:00,844.915,1338.992,336.54,1,8,57.052,1,8,300.556,1,8,40384.8,1,8,5419.9,1,8,33061.154,1,8,151.682,1,8,-9900,?,9,-9900,?,9,14.03,E,8,5.64,E,8,56.0,E,8,822.9788000000001,E,8,999.0,E,8,0.4,E,8,-9900,?,9,-9900,?,9,0.0,E,8,-9900,?,9,-9900,?,9,0.0,0.0,E,8
05/10/2014,11:00,982.099,1338.992,429.98,1,8,100.988,1,8,355.928,1,8,51597.6,1,8,9593.899,1,8,39152.032,1,8,154.505,1,8,-9900,?,9,-9900,?,9,15.26,E,8,4.69,E,8,49.0,E,8,822.9788000000001,E,8,999.0,E,8,0.73,E,8,-9900,?,9,-9900,?,9,0.0,E,8,-9900,?,9,-9900,?,9,0.0,0.0,E,8
05/10/2014,12:00,1042.495,1338.992,484.22,1,8,104.666,1,8,402.746,1,8,58106.4,1,8,9943.245,1,8,44302.094,1,8,164.691,1,8,-9900,?,9,-9900,?,9,16.24,E,8,3.89,E,8,43.0,E,8,822.9788000000001,E,8,999.0,E,8,1.39,E,8,-9900,?,9,-9900,?,9,0.0,E,8,-9900,?,9,-9900,?,9,0.0,0.0,E,8
05/10/2014,13:00,1021.971,1338.992,495.18,1,8,146.8,1,8,383.16,1,8,59421.6,1,8,13946.03,1,8,42147.585,1,8,159.831,1,8,-9900,?,9,-9900,?,9,16.94,E,8,3.3,E,8,40.0,E,8,822.9788000000001,E,8,999.0,E,8,2.29,E,8,-9900,?,9,-9900,?,9,0.0,E,8,-9900,?,9,-9900,?,9,0.0,0.0,E,8
05/10/2014,14:00,921.937,1338.992,462.05,1,8,183.33,1,8,335.863,1,8,55446.0,1,8,17416.305,1,8,36944.952,1,8,155.321,1,8,-9900,?,9,-9900,?,9,17.33,E,8,2.95,E,8,38.0,E,8,822.9788000000001,E,8,999.0,E,8,2.5,E,8,-9900,?,9,-9900,?,9,0.0,E,8,-9900,?,9,-9900,?,9,0.0,0.0,E,8
05/10/2014,15:00,749.246,1338.992,387.3,1,8,193.459,1,8,279.117,1,8,46476.0,1,8,18378.643,1,8,30702.917,1,8,158.88,1,8,-9900,?,9,-9900,?,9,17.42,E,8,2.88,E,8,37.0,E,8,822.9788000000001,E,8,999.0,E,8,2.98,E,8,-9900,?,9,-9900,?,9,0.0,E,8,-9900,?,9,-9900,?,9,0.0,0.0,E,8
05/10/2014,16:00,515.789,1338.992,276.73,1,8,317.409,1,8,154.666,1,8,33207.6,1,8,30153.863,1,8,17013.262,1,8,128.02,1,8,-9900,?,9,-9900,?,9,17.07,E,8,3.18,E,8,39.0,E,8,822.9788000000001,E,8,999.0,E,8,1.79,E,8,-9900,?,9,-9900,?,9,0.0,E,8,-9900,?,9,-9900,?,9,0.0,0.0,E,8
05/10/2014,17:00,238.1,1338.992,140.62,1,8,533.216,1,8,46.614,1,8,16874.4,1,8,50655.478,1,8,5127.578,1,8,84.162,1,8,-9900,?,9,-9900,?,9,16.28,E,8,3.86,E,8,43.0,E,8,822.9788000000001,E,8,999.0,E,8,1.21,E,8,-9900,?,9,-9900,?,9,0.0,E,8,-9900,?,9,-9900,?,9,0.0,0.0,E,8
05/10/2014,18:00,0.0,1338.992,11.38,1,8,0.0,1,8,0.0,1,8,1365.6,1,8,0.0,1,8,0.0,1,8,-0.0,1,8,-9900,?,9,-9900,?,9,15.63,E,8,4.4,E,8,47.0,E,8,822.9788000000001,E,8,999.0,E,8,1.0,E,8,-9900,?,9,-9900,?,9,0.0,E,8,-9900,?,9,-9900,?,9,0.0,0.0,E,8
05/10/2014,19:00,0.0,1338.992,0.0,1,8,0.0,1,8,0.0,1,8,0.0,1,8,0.0,1,8,0.0,1,8,-0.0,1,8,-9900,?,9,-9900,?,9,14.98,E,8,4.92,E,8,50.0,E,8,822.9788000000001,E,8,999.0,E,8,0.52,E,8,-9900,?,9,-9900,?,9,0.0,E,8,-9900,?,9,-9900,?,9,0.0,0.0,E,8
05/10/2014,20:00,0.0,1338.992,0.0,1,8,0.0,1,8,0.0,1,8,0.0,1,8,0.0,1,8,0.0,1,8,-0.0,1,8,-9900,?,9,-9900,?,9,14.33,E,8,5.42,E,8,54.0,E,8,822.9788000000001,E,8,999.0,E,8,0.33,E,8,-9900,?,9,-9900,?,9,0.0,E,8,-9900,?,9,-9900,?,9,0.0,0.0,E,8
05/10/2014,21:00,0.0,1338.992,0.0,1,8,0.0,1,8,0.0,1,8,0.0,1,8,0.0,1,8,0.0,1,8,-0.0,1,8,-9900,?,9,-9900,?,9,13.68,E,8,5.9,E,8,59.0,E,8,822.9788000000001,E,8,999.0,E,8,0.27,E,8,-9900,?,9,-9900,?,9,0.0,E,8,-9900,?,9,-9900,?,9,0.0,0.0,E,8
05/10/2014,22:00,0.0,1338.992,0.0,1,8,0.0,1,8,0.0,1,8,0.0,1,8,0.0,1,8,0.0,1,8,-0.0,1,8,-9900,?,9,-9900,?,9,13.03,E,8,6.38,E,8,68.0,E,8,822.9788000000001,E,8,999.0,E,8,0.27,E,8,-9900,?,9,-9900,?,9,0.098,E,8,-9900,?,9,-9900,?,9,0.98,99.0,E,8
05/10/2014,23:00,0.0,1338.992,0.0,1,8,0.0,1,8,0.0,1,8,0.0,1,8,0.0,1,8,0.0,1,8,-0.0,1,8,-9900,?,9,-9900,?,9,12.38,E,8,6.83,E,8,68.0,E,8,822.9788000000001,E,8,999.0,E,8,0.27,E,8,-9900,?,9,-9900,?,9,0.0,E,8,-9900,?,9,-9900,?,9,0.0,0.0,E,8
05/10/2014,24:00,0.0,1338.992,0.0,1,8,0.0,1,8,0.0,1,8,0.0,1,8,0.0,1,8,0.0,1,8,-0.0,1,8,-9900,?,9,-9900,?,9,11.73,E,8,7.66,E,8,76.0,E,8,822.9788000000001,E,8,999.0,E,8,0.32,E,8,-9900,?,9,-9900,?,9,0.0,E,8,-9900,?,9,-9900,?,9,0.0,0.0,E,8
05/11/2014,01:00,0.0,1338.992,0.0,1,8,0.0,1,8,0.0,1,8,0.0,1,8,0.0,1,8,0.0,1,8,-0.0,1,8,-9900,?,9,-9900,?,9,11.41,E,8,7.81,E,8,78.0,E,8,822.9788000000001,E,8,999.0,E,8,0.32,E,8,-9900,?,9,-9900,?,9,0.0,E,8,-9900,?,9,-9900,?,9,0.0,0.0,E,8
05/11/2014,02:00,0.0,1338.992,0.0,1,8,0.0,1,8,0.0,1,8,0.0,1,8,0.0,1,8,0.0,1,8,-0.0,1,8,-9900,?,9,-9900,?,9,11.08,E,8,7.96,E,8,81.0,E,8,822.9788000000001,E,8,999.0,E,8,0.32,E,8,-9900,?,9,-9900,?,9,0.0,E,8,-9900,?,9,-9900,?,9,0.0,0.0,E,8
05/11/2014,03:00,0.0,1338.992,0.0,1,8,0.0,1,8,0.0,1,8,0.0,1,8,0.0,1,8,0.0,1,8,-0.0,1,8,-9900,?,9,-9900,?,9,10.76,E,8,8.1,E,8,83.0,E,8,822.9788000000001,E,8,999.0,E,8,0.32,E,8,-9900,?,9,-9900,?,9,0.0,E,8,-9900,?,9,-9900,?,9,0.0,0.0,E,8
05/11/2014,04:00,0.0,1338.369,0.0,1,8,0.0,1,8,0.0,1,8,0.0,1,8,0.0,1,8,0.0,1,8,-0.0,1,8,-9900,?,9,-9900,?,9,10.43,E,8,8.25,E,8,86.0,E,8,822.9788000000001,E,8,999.0,E,8,0.38,E,8,-9900,?,9,-9900,?,9,0.0,E,8,-9900,?,9,-9900,?,9,0.0,0.0,E,8
05/11/2014,05:00,0.0,1338.369,0.0,1,8,0.0,1,8,0.0,1,8,0.0,1,8,0.0,1,8,0.0,1,8,-0.0,1,8,-9900,?,9,-9900,?,9,10.11,E,8,8.39,E,8,89.0,E,8,822.9788000000001,E,8,999.0,E,8,0.6,E,8,-9900,?,9,-9900,?,9,0.0,E,8,-9900,?,9,-9900,?,9,0.0,0.0,E,8
05/11/2014,06:00,0.0,1338.369,0.0,1,8,0.0,1,8,0.0,1,8,0.0,1,8,0.0,1,8,0.0,1,8,-0.0,1,8,-9900,?,9,-9900,?,9,9.86,E,8,8.49,E,8,91.0,E,8,822.9788000000001,E,8,999.0,E,8,0.86,E,8,-9900,?,9,-9900,?,9,0.0,E,8,-9900,?,9,-9900,?,9,0.0,0.0,E,8
05/11/2014,07:00,89.449,1338.369,0.0,1,8,0.0,1,8,0.0,1,8,0.0,1,8,0.0,1,8,0.0,1,8,0.0,1,8,-9900,?,9,-9900,?,9,9.64,E,8,8.59,E,8,93.0,E,8,822.9788000000001,E,8,999.0,E,8,0.77,E,8,-9900,?,9,-9900,?,9,0.0,E,8,-9900,?,9,-9900,?,9,0.0,0.0,E,8
05/11/2014,08:00,379.738,1338.369,105.84,1,8,13.086,1,8,102.139,1,8,12700.8,1,8,1243.172,1,8,11235.321,1,8,114.965,1,8,-9900,?,9,-9900,?,9,9.43,E,8,8.68,E,8,95.0,E,8,822.9788000000001,E,8,999.0,E,8,0.8,E,8,-9900,?,9,-9900,?,9,0.0,E,8,-9900,?,9,-9900,?,9,0.0,0.0,E,8
05/11/2014,09:00,636.977,1338.369,314.91,1,8,196.132,1,8,221.657,1,8,37789.2,1,8,18632.51,1,8,24382.283,1,8,148.394,1,8,-9900,?,9,-9900,?,9,12.7,E,8,7.21,E,8,69.0,E,8,822.9788000000001,E,8,999.0,E,8,0.83,E,8,-9900,?,9,-9900,?,9,0.0,E,8,-9900,?,9,-9900,?,9,0.0,0.0,E,8
05/11/2014,10:00,841.115,1338.369,481.78,1,8,303.718,1,8,290.99,1,8,57813.6,1,8,28853.213,1,8,32008.929,1,8,147.45,1,8,-9900,?,9,-9900,?,9,14.1,E,8,6.54,E,8,60.0,E,8,822.9788000000001,E,8,999.0,E,8,0.69,E,8,-9900,?,9,-9900,?,9,0.0,E,8,-9900,?,9,-9900,?,9,0.0,0.0,E,8
05/11/2014,11:00,977.997,1338.369,591.02,1,8,331.161,1,8,349.09,1,8,70922.4,1,8,31460.289,1,8,38399.925,1,8,152.103,1,8,-9900,?,9,-9900,?,9,15.23,E,8,5.98,E,8,53.0,E,8,822.9788000000001,E,8,999.0,E,8,1.33,E,8,-9900,?,9,-9900,?,9,0.0,E,8,-9900,?,9,-9900,?,9,0.0,0.0,E,8
05/11/2014,12:00,1038.234,1338.369,656.3,1,8,389.307,1,8,354.356,1,8,78756.0,1,8,36984.144,1,8,38979.129,1,8,145.43,1,8,-9900,?,9,-9900,?,9,16.11,E,8,5.53,E,8,49.0,E,8,822.9788000000001,E,8,999.0,E,8,1.52,E,8,-9900,?,9,-9900,?,9,0.0,E,8,-9900,?,9,-9900,?,9,0.0,0.0,E,8
05/11/2014,13:00,1017.707,1338.369,710.32,1,8,510.987,1,8,321.844,1,8,85238.4,1,8,48543.759,1,8,35402.89,1,8,134.754,1,8,-9900,?,9,-9900,?,9,16.83,E,8,5.15,E,8,45.0,E,8,822.9788000000001,E,8,999.0,E,8,1.91,E,8,-9900,?,9,-9900,?,9,0.0,E,8,-9900,?,9,-9900,?,9,0.0,0.0,E,8
05/11/2014,14:00,917.825,1338.369,662.79,1,8,679.346,1,8,197.063,1,8,79534.8,1,8,64537.85,1,8,21676.933,1,8,91.499,1,8,-9900,?,9,-9900,?,9,17.24,E,8,4.93,E,8,44.0,E,8,822.9788000000001,E,8,999.0,E,8,2.05,E,8,-9900,?,9,-9900,?,9,0.0,E,8,-9900,?,9,-9900,?,9,0.0,0.0,E,8
05/11/2014,15:00,745.433,1338.369,541.53,1,8,741.48,1,8,128.816,1,8,64983.6,1,8,70440.57,1,8,14169.767,1,8,73.667,1,8,-9900,?,9,-9900,?,9,17.32,E,8,4.89,E,8,43.0,E,8,822.9788000000001,E,8,999.0,E,8,1.65,E,8,-9900,?,9,-9900,?,9,0.0,E,8,-9900,?,9,-9900,?,9,0.0,0.0,E,8
05/11/2014,16:00,512.4,1338.369,391.34,1,8,762.369,1,8,99.958,1,8,46960.8,1,8,72425.05,1,8,10995.411,1,8,83.248,1,8,-9900,?,9,-9900,?,9,16.98,E,8,5.07,E,8,45.0,E,8,822.9788000000001,E,8,999.0,E,8,1.36,E,8,-9900,?,9,-9900,?,9,0.0,E,8,-9900,?,9,-9900,?,9,0.0,0.0,E,8
05/11/2014,17:00,235.244,1338.369,202.74,1,8,548.108,1,8,107.242,1,8,24328.8,1,8,52070.248,1,8,11796.669,1,8,195.925,1,8,-9900,?,9,-9900,?,9,16.2,E,8,5.48,E,8,48.0,E,8,822.9788000000001,E,8,999.0,E,8,0.67,E,8,-9900,?,9,-9900,?,9,0.0,E,8,-9900,?,9,-9900,?,9,0.0,0.0,E,8
05/11/2014,18:00,0.0,1338.369,11.71,1,8,0.0,1,8,0.0,1,8,1405.2,1,8,0.0,1,8,0.0,1,8,-0.0,1,8,-9900,?,9,-9900,?,9,15.58,E,8,5.8,E,8,52.0,E,8,822.9788000000001,E,8,999.0,E,8,0.32,E,8,-9900,?,9,-9900,?,9,0.0,E,8,-9900,?,9,-9900,?,9,0.0,0.0,E,8
05/11/2014,19:00,0.0,1338.369,0.0,1,8,0.0,1,8,0.0,1,8,0.0,1,8,0.0,1,8,0.0,1,8,-0.0,1,8,-9900,?,9,-9900,?,9,14.96,E,8,6.12,E,8,55.0,E,8,822.9788000000001,E,8,999.0,E,8,0.32,E,8,-9900,?,9,-9900,?,9,0.0,E,8,-9900,?,9,-9900,?,9,0.0,0.0,E,8
05/11/2014,20:00,0.0,1338.369,0.0,1,8,0.0,1,8,0.0,1,8,0.0,1,8,0.0,1,8,0.0,1,8,-0.0,1,8,-9900,?,9,-9900,?,9,14.34,E,8,6.43,E,8,58.0,E,8,822.9788000000001,E,8,999.0,E,8,0.32,E,8,-9900,?,9,-9900,?,9,0.0,E,8,-9900,?,9,-9900,?,9,0.0,0.0,E,8
05/11/2014,21:00,0.0,1338.369,0.0,1,8,0.0,1,8,0.0,1,8,0.0,1,8,0.0,1,8,0.0,1,8,-0.0,1,8,-9900,?,9,-9900,?,9,13.72,E,8,6.73,E,8,62.0,E,8,822.9788000000001,E,8,999.0,E,8,0.32,E,8,-9900,?,9,-9900,?,9,0.0,E,8,-9900,?,9,-9900,?,9,0.0,0.0,E,8
05/11/2014,22:00,0.0,1338.369,0.0,1,8,0.0,1,8,0.0,1,8,0.0,1,8,0.0,1,8,0.0,1,8,-0.0,1,8,-9900,?,9,-9900,?,9,13.1,E,8,7.03,E,8,66.0,E,8,822.9788000000001,E,8,999.0,E,8,0.32,E,8,-9900,?,9,-9900,?,9,0.0,E,8,-9900,?,9,-9900,?,9,0.0,0.0,E,8
05/11/2014,23:00,0.0,1338.369,0.0,1,8,0.0,1,8,0.0,1,8,0.0,1,8,0.0,1,8,0.0,1,8,-0.0,1,8,-9900,?,9,-9900,?,9,12.48,E,8,7.32,E,8,70.0,E,8,822.9788000000001,E,8,999.0,E,8,0.32,E,8,-9900,?,9,-9900,?,9,0.0,E,8,-9900,?,9,-9900,?,9,0.0,0.0,E,8
05/11/2014,24:00,0.0,1338.369,0.0,1,8,0.0,1,8,0.0,1,8,0.0,1,8,0.0,1,8,0.0,1,8,-0.0,1,8,-9900,?,9,-9900,?,9,11.86,E,8,6.87,E,8,71.0,E,8,822.9788000000001,E,8,999.0,E,8,0.65,E,8,-9900,?,9,-9900,?,9,0.0,E,8,-9900,?,9,-9900,?,9,0.0,0.0,E,8
05/12/2014,01:00,0.0,1338.369,0.0,1,8,0.0,1,8,0.0,1,8,0.0,1,8,0.0,1,8,0.0,1,8,-0.0,1,8,-9900,?,9,-9900,?,9,11.55,E,8,7.18,E,8,74.0,E,8,822.9788000000001,E,8,999.0,E,8,0.65,E,8,-9900,?,9,-9900,?,9,0.0,E,8,-9900,?,9,-9900,?,9,0.0,0.0,E,8
05/12/2014,02:00,0.0,1338.369,0.0,1,8,0.0,1,8,0.0,1,8,0.0,1,8,0.0,1,8,0.0,1,8,-0.0,1,8,-9900,?,9,-9900,?,9,11.24,E,8,7.48,E,8,77.0,E,8,822.9788000000001,E,8,999.0,E,8,0.65,E,8,-9900,?,9,-9900,?,9,0.0,E,8,-9900,?,9,-9900,?,9,0.0,0.0,E,8
05/12/2014,03:00,0.0,1338.369,0.0,1,8,0.0,1,8,0.0,1,8,0.0,1,8,0.0,1,8,0.0,1,8,-0.0,1,8,-9900,?,9,-9900,?,9,10.93,E,8,7.77,E,8,80.0,E,8,822.9788000000001,E,8,999.0,E,8,0.65,E,8,-9900,?,9,-9900,?,9,0.0,E,8,-9900,?,9,-9900,?,9,0.0,0.0,E,8
05/12/2014,04:00,0.0,1337.754,0.0,1,8,0.0,1,8,0.0,1,8,0.0,1,8,0.0,1,8,0.0,1,8,-0.0,1,8,-9900,?,9,-9900,?,9,10.63,E,8,8.05,E,8,84.0,E,8,822.9788000000001,E,8,999.0,E,8,0.65,E,8,-9900,?,9,-9900,?,9,0.0,E,8,-9900,?,9,-9900,?,9,0.0,0.0,E,8
05/12/2014,05:00,0.0,1337.754,0.0,1,8,0.0,1,8,0.0,1,8,0.0,1,8,0.0,1,8,0.0,1,8,-0.0,1,8,-9900,?,9,-9900,?,9,10.32,E,8,8.33,E,8,87.0,E,8,822.9788000000001,E,8,999.0,E,8,0.65,E,8,-9900,?,9,-9900,?,9,0.0,E,8,-9900,?,9,-9900,?,9,0.0,0.0,E,8
05/12/2014,06:00,0.0,1337.754,0.0,1,8,0.0,1,8,0.0,1,8,0.0,1,8,0.0,1,8,0.0,1,8,-0.0,1,8,-9900,?,9,-9900,?,9,10.08,E,8,8.55,E,8,90.0,E,8,822.9788000000001,E,8,999.0,E,8,0.65,E,8,-9900,?,9,-9900,?,9,0.0,E,8,-9900,?,9,-9900,?,9,0.0,0.0,E,8
05/12/2014,07:00,87.25,1337.754,0.0,1,8,0.0,1,8,0.0,1,8,0.0,1,8,0.0,1,8,0.0,1,8,0.0,1,8,-9900,?,9,-9900,?,9,9.87,E,8,8.74,E,8,92.0,E,8,822.9788000000001,E,8,999.0,E,8,0.65,E,8,-9900,?,9,-9900,?,9,0.0,E,8,-9900,?,9,-9900,?,9,0.0,0.0,E,8
05/12/2014,08:00,376.898,1337.754,100.84,1,8,8.223,1,8,98.531,1,8,12100.8,1,8,781.162,1,8,10838.416,1,8,111.693,1,8,-9900,?,9,-9900,?,9,9.67,E,8,8.91,E,8,95.0,E,8,822.9788000000001,E,8,999.0,E,8,0.65,E,8,-9900,?,9,-9900,?,9,0.0,E,8,-9900,?,9,-9900,?,9,0.0,0.0,E,8
05/12/2014,09:00,633.624,1337.754,308.97,1,8,186.756,1,8,220.603,1,8,37076.4,1,8,17741.792,1,8,24266.332,1,8,148.404,1,8,-9900,?,9,-9900,?,9,13.01,E,8,5.69,E,8,61.0,E,8,822.9788000000001,E,8,999.0,E,8,0.65,E,8,-9900,?,9,-9900,?,9,0.0,E,8,-9900,?,9,-9900,?,9,0.0,0.0,E,8
05/12/2014,10:00,837.348,1337.754,500.81,1,8,356.751,1,8,277.608,1,8,60097.2,1,8,33891.371,1,8,30536.929,1,8,141.238,1,8,-9900,?,9,-9900,?,9,14.62,E,8,3.87,E,8,48.0,E,8,822.9788000000001,E,8,999.0,E,8,0.65,E,8,-9900,?,9,-9900,?,9,0.0,E,8,-9900,?,9,-9900,?,9,0.0,0.0,E,8
05/12/2014,11:00,973.94,1337.754,625.88,1,8,437.644,1,8,307.34,1,8,75105.6,1,8,41576.198,1,8,33807.397,1,8,134.408,1,8,-9900,?,9,-9900,?,9,15.94,E,8,2.2,E,8,39.0,E,8,822.9788000000001,E,8,999.0,E,8,0.65,E,8,-9900,?,9,-9900,?,9,0.0,E,8,-9900,?,9,-9900,?,9,0.0,0.0,E,8
05/12/2014,12:00,1034.033,1337.754,681.43,1,8,369.987,1,8,395.501,1,8,81771.6,1,8,35148.73,1,8,43505.131,1,8,162.902,1,8,-9900,?,9,-9900,?,9,16.91,E,8,0.85,E,8,33.0,E,8,822.9788000000001,E,8,999.0,E,8,0.65,E,8,-9900,?,9,-9900,?,9,0.0,E,8,-9900,?,9,-9900,?,9,0.0,0.0,E,8
05/12/2014,13:00,1013.516,1337.754,715.87,1,8,530.964,1,8,313.686,1,8,85904.4,1,8,50441.625,1,8,34505.461,1,8,131.821,1,8,-9900,?,9,-9900,?,9,17.65,E,8,-0.24,E,8,29.0,E,8,822.9788000000001,E,8,999.0,E,8,0.72,E,8,-9900,?,9,-9900,?,9,0.0,E,8,-9900,?,9,-9900,?,9,0.0,0.0,E,8
05/12/2014,14:00,913.797,1337.754,646.03,1,8,589.165,1,8,243.717,1,8,77523.6,1,8,55970.642,1,8,26808.863,1,8,113.608,1,8,-9900,?,9,-9900,?,9,18.02,E,8,-0.76,E,8,27.0,E,8,822.9788000000001,E,8,999.0,E,8,1.43,E,8,-9900,?,9,-9900,?,9,0.0,E,8,-9900,?,9,-9900,?,9,0.0,0.0,E,8
05/12/2014,15:00,741.711,1337.754,527.53,1,8,651.403,1,8,166.601,1,8,63303.6,1,8,61883.314,1,8,18326.15,1,8,95.71,1,8,-9900,?,9,-9900,?,9,18.05,E,8,-0.8,E,8,27.0,E,8,822.9788000000001,E,8,999.0,E,8,1.6,E,8,-9900,?,9,-9900,?,9,0.0,E,8,-9900,?,9,-9900,?,9,0.0,0.0,E,8
05/12/2014,16:00,509.106,1337.754,372.35,1,8,741.003,1,8,90.832,1,8,44682.0,1,8,70395.253,1,8,9991.564,1,8,76.104,1,8,-9900,?,9,-9900,?,9,17.61,E,8,-0.18,E,8,29.0,E,8,822.9788000000001,E,8,999.0,E,8,1.46,E,8,-9900,?,9,-9900,?,9,0.0,E,8,-9900,?,9,-9900,?,9,0.0,0.0,E,8
05/12/2014,17:00,232.485,1337.754,191.25,1,8,441.079,1,8,115.282,1,8,22950.0,1,8,41902.467,1,8,12681.022,1,8,213.058,1,8,-9900,?,9,-9900,?,9,16.76,E,8,1.06,E,8,34.0,E,8,822.9788000000001,E,8,999.0,E,8,1.02,E,8,-9900,?,9,-9900,?,9,0.0,E,8,-9900,?,9,-9900,?,9,0.0,0.0,E,8
05/12/2014,18:00,0.0,1337.754,15.5,1,8,0.0,1,8,0.0,1,8,1860.0,1,8,0.0,1,8,0.0,1,8,-0.0,1,8,-9900,?,9,-9900,?,9,16.19,E,8,1.86,E,8,37.0,E,8,822.9788000000001,E,8,999.0,E,8,0.65,E,8,-9900,?,9,-9900,?,9,0.0,E,8,-9900,?,9,-9900,?,9,0.0,0.0,E,8
05/12/2014,19:00,0.0,1337.754,0.0,1,8,0.0,1,8,0.0,1,8,0.0,1,8,0.0,1,8,0.0,1,8,-0.0,1,8,-9900,?,9,-9900,?,9,15.62,E,8,2.62,E,8,41.0,E,8,822.9788000000001,E,8,999.0,E,8,0.65,E,8,-9900,?,9,-9900,?,9,0.0,E,8,-9900,?,9,-9900,?,9,0.0,0.0,E,8
05/12/2014,20:00,0.0,1337.754,0.0,1,8,0.0,1,8,0.0,1,8,0.0,1,8,0.0,1,8,0.0,1,8,-0.0,1,8,-9900,?,9,-9900,?,9,15.06,E,8,3.33,E,8,45.0,E,8,822.9788000000001,E,8,999.0,E,8,0.65,E,8,-9900,?,9,-9900,?,9,0.0,E,8,-9900,?,9,-9900,?,9,0.0,0.0,E,8
05/12/2014,21:00,0.0,1337.754,0.0,1,8,0.0,1,8,0.0,1,8,0.0,1,8,0.0,1,8,0.0,1,8,-0.0,1,8,-9900,?,9,-9900,?,9,14.49,E,8,4.02,E,8,49.0,E,8,822.9788000000001,E,8,999.0,E,8,0.65,E,8,-9900,?,9,-9900,?,9,0.0,E,8,-9900,?,9,-9900,?,9,0.0,0.0,E,8
05/12/2014,22:00,0.0,1337.754,0.0,1,8,0.0,1,8,0.0,1,8,0.0,1,8,0.0,1,8,0.0,1,8,-0.0,1,8,-9900,?,9,-9900,?,9,13.92,E,8,4.68,E,8,53.0,E,8,822.9788000000001,E,8,999.0,E,8,0.65,E,8,-9900,?,9,-9900,?,9,0.0,E,8,-9900,?,9,-9900,?,9,0.0,0.0,E,8
05/12/2014,23:00,0.0,1337.754,0.0,1,8,0.0,1,8,0.0,1,8,0.0,1,8,0.0,1,8,0.0,1,8,-0.0,1,8,-9900,?,9,-9900,?,9,13.35,E,8,5.32,E,8,58.0,E,8,822.9788000000001,E,8,999.0,E,8,0.65,E,8,-9900,?,9,-9900,?,9,0.0,E,8,-9900,?,9,-9900,?,9,0.0,0.0,E,8
05/12/2014,24:00,0.0,1337.754,0.0,1,8,0.0,1,8,0.0,1,8,0.0,1,8,0.0,1,8,0.0,1,8,-0.0,1,8,-9900,?,9,-9900,?,9,12.79,E,8,12.08,E,8,92.0,E,8,822.9788000000001,E,8,999.0,E,8,0.48,E,8,-9900,?,9,-9900,?,9,0.0,E,8,-9900,?,9,-9900,?,9,0.0,0.0,E,8
05/13/2014,01:00,0.0,1337.754,0.0,1,8,0.0,1,8,0.0,1,8,0.0,1,8,0.0,1,8,0.0,1,8,-0.0,1,8,-9900,?,9,-9900,?,9,12.5,E,8,11.83,E,8,93.0,E,8,822.9788000000001,E,8,999.0,E,8,0.48,E,8,-9900,?,9,-9900,?,9,0.040999999999999995,E,8,-9900,?,9,-9900,?,9,0.41,99.0,E,8
05/13/2014,02:00,0.0,1337.754,0.0,1,8,0.0,1,8,0.0,1,8,0.0,1,8,0.0,1,8,0.0,1,8,-0.0,1,8,-9900,?,9,-9900,?,9,12.22,E,8,11.59,E,8,93.0,E,8,822.9788000000001,E,8,999.0,E,8,0.48,E,8,-9900,?,9,-9900,?,9,0.002,E,8,-9900,?,9,-9900,?,9,0.02,99.0,E,8
05/13/2014,03:00,0.0,1337.754,0.0,1,8,0.0,1,8,0.0,1,8,0.0,1,8,0.0,1,8,0.0,1,8,-0.0,1,8,-9900,?,9,-9900,?,9,11.94,E,8,11.34,E,8,96.0,E,8,822.9788000000001,E,8,999.0,E,8,0.48,E,8,-9900,?,9,-9900,?,9,0.589,E,8,-9900,?,9,-9900,?,9,5.89,99.0,E,8
05/13/2014,04:00,0.0,1337.149,0.0,1,8,0.0,1,8,0.0,1,8,0.0,1,8,0.0,1,8,0.0,1,8,-0.0,1,8,-9900,?,9,-9900,?,9,11.65,E,8,11.09,E,8,92.0,E,8,822.9788000000001,E,8,999.0,E,8,0.48,E,8,-9900,?,9,-9900,?,9,0.0,E,8,-9900,?,9,-9900,?,9,0.0,0.0,E,8
05/13/2014,05:00,0.0,1337.149,0.0,1,8,0.0,1,8,0.0,1,8,0.0,1,8,0.0,1,8,0.0,1,8,-0.0,1,8,-9900,?,9,-9900,?,9,11.37,E,8,10.83,E,8,92.0,E,8,822.9788000000001,E,8,999.0,E,8,0.48,E,8,-9900,?,9,-9900,?,9,0.0,E,8,-9900,?,9,-9900,?,9,0.0,0.0,E,8
05/13/2014,06:00,0.0,1337.149,0.0,1,8,0.0,1,8,0.0,1,8,0.0,1,8,0.0,1,8,0.0,1,8,-0.0,1,8,-9900,?,9,-9900,?,9,11.15,E,8,10.63,E,8,92.0,E,8,822.9788000000001,E,8,999.0,E,8,0.48,E,8,-9900,?,9,-9900,?,9,0.0,E,8,-9900,?,9,-9900,?,9,0.0,0.0,E,8
05/13/2014,07:00,85.054,1337.149,0.0,1,8,0.0,1,8,0.0,1,8,0.0,1,8,0.0,1,8,0.0,1,8,0.0,1,8,-9900,?,9,-9900,?,9,10.96,E,8,10.45,E,8,92.0,E,8,822.9788000000001,E,8,999.0,E,8,0.48,E,8,-9900,?,9,-9900,?,9,0.0,E,8,-9900,?,9,-9900,?,9,0.0,0.0,E,8
05/13/2014,08:00,374.068,1337.149,40.87,1,8,0.0,1,8,40.87,1,8,4904.4,1,8,0.0,1,8,4495.7,1,8,46.661,1,8,-9900,?,9,-9900,?,9,10.77,E,8,10.28,E,8,94.0,E,8,822.9788000000001,E,8,999.0,E,8,0.48,E,8,-9900,?,9,-9900,?,9,0.005,E,8,-9900,?,9,-9900,?,9,0.05,99.0,E,8
05/13/2014,09:00,630.292,1337.149,126.08,1,8,0.0,1,8,126.08,1,8,15129.6,1,8,0.0,1,8,13868.8,1,8,85.227,1,8,-9900,?,9,-9900,?,9,12.93,E,8,12.2,E,8,93.0,E,8,822.9788000000001,E,8,999.0,E,8,0.48,E,8,-9900,?,9,-9900,?,9,0.001,E,8,-9900,?,9,-9900,?,9,0.01,99.0,E,8
05/13/2014,10:00,833.615,1337.149,201.66,1,8,4.903,1,8,198.605,1,8,24199.2,1,8,465.756,1,8,21846.543,1,8,101.451,1,8,-9900,?,9,-9900,?,9,13.95,E,8,13.03,E,8,91.0,E,8,822.9788000000001,E,8,999.0,E,8,0.48,E,8,-9900,?,9,-9900,?,9,0.0,E,8,-9900,?,9,-9900,?,9,0.0,0.0,E,8
05/13/2014,11:00,969.932,1337.149,258.19,1,8,7.252,1,8,252.931,1,8,30982.8,1,8,688.959,1,8,27822.392,1,8,111.021,1,8,-9900,?,9,-9900,?,9,14.83,E,8,13.72,E,8,91.0,E,8,822.9788000000001,E,8,999.0,E,8,0.48,E,8,-9900,?,9,-9900,?,9,0.0,E,8,-9900,?,9,-9900,?,9,0.0,0.0,E,8
05/13/2014,12:00,1029.894,1337.149,290.98,1,8,14.642,1,8,279.705,1,8,34917.6,1,8,1390.95,1,8,30767.56,1,8,115.618,1,8,-9900,?,9,-9900,?,9,15.53,E,8,14.25,E,8,91.0,E,8,822.9788000000001,E,8,999.0,E,8,0.56,E,8,-9900,?,9,-9900,?,9,0.0,E,8,-9900,?,9,-9900,?,9,0.0,0.0,E,8
05/13/2014,13:00,1009.399,1337.149,297.59,1,8,11.616,1,8,288.823,1,8,35710.8,1,8,1103.509,1,8,31770.557,1,8,121.814,1,8,-9900,?,9,-9900,?,9,16.02,E,8,14.61,E,8,90.0,E,8,822.9788000000001,E,8,999.0,E,8,0.52,E,8,-9900,?,9,-9900,?,9,0.0,E,8,-9900,?,9,-9900,?,9,0.0,0.0,E,8
05/13/2014,14:00,909.853,1337.149,277.51,1,8,10.583,1,8,270.311,1,8,33301.2,1,8,1005.407,1,8,29734.229,1,8,126.494,1,8,-9900,?,9,-9900,?,9,16.29,E,8,14.81,E,8,90.0,E,8,822.9788000000001,E,8,999.0,E,8,1.49,E,8,-9900,?,9,-9900,?,9,0.0,E,8,-9900,?,9,-9900,?,9,0.0,0.0,E,8
05/13/2014,15:00,738.081,1337.149,232.24,1,8,15.544,1,8,223.666,1,8,27868.8,1,8,1476.687,1,8,24603.227,1,8,129.067,1,8,-9900,?,9,-9900,?,9,16.36,E,8,14.85,E,8,90.0,E,8,822.9788000000001,E,8,999.0,E,8,1.36,E,8,-9900,?,9,-9900,?,9,0.0,E,8,-9900,?,9,-9900,?,9,0.0,0.0,E,8
05/13/2014,16:00,505.91,1337.149,165.31,1,8,29.534,1,8,154.155,1,8,19837.2,1,8,2805.751,1,8,16957.071,1,8,129.919,1,8,-9900,?,9,-9900,?,9,16.11,E,8,14.68,E,8,92.0,E,8,822.9788000000001,E,8,999.0,E,8,1.18,E,8,-9900,?,9,-9900,?,9,0.01,E,8,-9900,?,9,-9900,?,9,0.1,99.0,E,8
05/13/2014,17:00,229.823,1337.149,83.0,1,8,77.744,1,8,69.76,1,8,9960.0,1,8,7385.678,1,8,7673.594,1,8,130.387,1,8,-9900,?,9,-9900,?,9,15.55,E,8,14.27,E,8,92.0,E,8,822.9788000000001,E,8,999.0,E,8,0.74,E,8,-9900,?,9,-9900,?,9,0.001,E,8,-9900,?,9,-9900,?,9,0.01,99.0,E,8
05/13/2014,18:00,0.0,1337.149,5.85,1,8,0.0,1,8,0.0,1,8,702.0,1,8,0.0,1,8,0.0,1,8,-0.0,1,8,-9900,?,9,-9900,?,9,15.11,E,8,13.94,E,8,91.0,E,8,822.9788000000001,E,8,999.0,E,8,0.84,E,8,-9900,?,9,-9900,?,9,0.0,E,8,-9900,?,9,-9900,?,9,0.0,0.0,E,8
05/13/2014,19:00,0.0,1337.149,0.0,1,8,0.0,1,8,0.0,1,8,0.0,1,8,0.0,1,8,0.0,1,8,-0.0,1,8,-9900,?,9,-9900,?,9,14.66,E,8,13.59,E,8,93.0,E,8,822.9788000000001,E,8,999.0,E,8,1.03,E,8,-9900,?,9,-9900,?,9,0.002,E,8,-9900,?,9,-9900,?,9,0.02,99.0,E,8
05/13/2014,20:00,0.0,1337.149,0.0,1,8,0.0,1,8,0.0,1,8,0.0,1,8,0.0,1,8,0.0,1,8,-0.0,1,8,-9900,?,9,-9900,?,9,14.22,E,8,13.25,E,8,93.0,E,8,822.9788000000001,E,8,999.0,E,8,1.06,E,8,-9900,?,9,-9900,?,9,0.023,E,8,-9900,?,9,-9900,?,9,0.23,99.0,E,8
05/13/2014,21:00,0.0,1337.149,0.0,1,8,0.0,1,8,0.0,1,8,0.0,1,8,0.0,1,8,0.0,1,8,-0.0,1,8,-9900,?,9,-9900,?,9,13.78,E,8,12.9,E,8,93.0,E,8,822.9788000000001,E,8,999.0,E,8,1.43,E,8,-9900,?,9,-9900,?,9,0.015,E,8,-9900,?,9,-9900,?,9,0.15,99.0,E,8
05/13/2014,22:00,0.0,1337.149,0.0,1,8,0.0,1,8,0.0,1,8,0.0,1,8,0.0,1,8,0.0,1,8,-0.0,1,8,-9900,?,9,-9900,?,9,13.34,E,8,12.54,E,8,93.0,E,8,822.9788000000001,E,8,999.0,E,8,1.05,E,8,-9900,?,9,-9900,?,9,0.007000000000000001,E,8,-9900,?,9,-9900,?,9,0.07,99.0,E,8
05/13/2014,23:00,0.0,1337.149,0.0,1,8,0.0,1,8,0.0,1,8,0.0,1,8,0.0,1,8,0.0,1,8,-0.0,1,8,-9900,?,9,-9900,?,9,12.89,E,8,12.16,E,8,93.0,E,8,822.9788000000001,E,8,999.0,E,8,1.5,E,8,-9900,?,9,-9900,?,9,0.004,E,8,-9900,?,9,-9900,?,9,0.04,99.0,E,8
05/13/2014,24:00,0.0,1337.149,0.0,1,8,0.0,1,8,0.0,1,8,0.0,1,8,0.0,1,8,0.0,1,8,-0.0,1,8,-9900,?,9,-9900,?,9,12.45,E,8,11.17,E,8,91.0,E,8,822.9788000000001,E,8,999.0,E,8,1.64,E,8,-9900,?,9,-9900,?,9,0.0,E,8,-9900,?,9,-9900,?,9,0.0,0.0,E,8
05/14/2014,01:00,0.0,1337.149,0.0,1,8,0.0,1,8,0.0,1,8,0.0,1,8,0.0,1,8,0.0,1,8,-0.0,1,8,-9900,?,9,-9900,?,9,12.23,E,8,11.13,E,8,92.0,E,8,822.9788000000001,E,8,999.0,E,8,0.97,E,8,-9900,?,9,-9900,?,9,0.0,E,8,-9900,?,9,-9900,?,9,0.0,0.0,E,8
05/14/2014,02:00,0.0,1337.149,0.0,1,8,0.0,1,8,0.0,1,8,0.0,1,8,0.0,1,8,0.0,1,8,-0.0,1,8,-9900,?,9,-9900,?,9,12.01,E,8,11.09,E,8,94.0,E,8,822.9788000000001,E,8,999.0,E,8,0.97,E,8,-9900,?,9,-9900,?,9,0.0,E,8,-9900,?,9,-9900,?,9,0.0,0.0,E,8
05/14/2014,03:00,0.0,1337.149,0.0,1,8,0.0,1,8,0.0,1,8,0.0,1,8,0.0,1,8,0.0,1,8,-0.0,1,8,-9900,?,9,-9900,?,9,11.79,E,8,11.05,E,8,95.0,E,8,822.9788000000001,E,8,999.0,E,8,0.97,E,8,-9900,?,9,-9900,?,9,0.0,E,8,-9900,?,9,-9900,?,9,0.0,0.0,E,8
05/14/2014,04:00,0.0,1336.552,0.0,1,8,0.0,1,8,0.0,1,8,0.0,1,8,0.0,1,8,0.0,1,8,-0.0,1,8,-9900,?,9,-9900,?,9,11.56,E,8,11.0,E,8,96.0,E,8,822.9788000000001,E,8,999.0,E,8,0.97,E,8,-9900,?,9,-9900,?,9,0.0,E,8,-9900,?,9,-9900,?,9,0.0,0.0,E,8
05/14/2014,05:00,0.0,1336.552,0.0,1,8,0.0,1,8,0.0,1,8,0.0,1,8,0.0,1,8,0.0,1,8,-0.0,1,8,-9900,?,9,-9900,?,9,11.34,E,8,10.96,E,8,97.0,E,8,822.9788000000001,E,8,999.0,E,8,0.97,E,8,-9900,?,9,-9900,?,9,0.0,E,8,-9900,?,9,-9900,?,9,0.0,0.0,E,8
05/14/2014,06:00,0.0,1336.552,0.0,1,8,0.0,1,8,0.0,1,8,0.0,1,8,0.0,1,8,0.0,1,8,-0.0,1,8,-9900,?,9,-9900,?,9,11.17,E,8,10.93,E,8,98.0,E,8,822.9788000000001,E,8,999.0,E,8,0.97,E,8,-9900,?,9,-9900,?,9,0.0,E,8,-9900,?,9,-9900,?,9,0.0,0.0,E,8
05/14/2014,07:00,82.863,1336.552,0.0,1,8,0.0,1,8,0.0,1,8,0.0,1,8,0.0,1,8,0.0,1,8,0.0,1,8,-9900,?,9,-9900,?,9,11.03,E,8,10.9,E,8,99.0,E,8,822.9788000000001,E,8,999.0,E,8,0.97,E,8,-9900,?,9,-9900,?,9,0.0,E,8,-9900,?,9,-9900,?,9,0.0,0.0,E,8
05/14/2014,08:00,371.249,1336.552,35.78,1,8,0.0,1,8,35.78,1,8,4293.6,1,8,0.0,1,8,3935.8,1,8,41.144,1,8,-9900,?,9,-9900,?,9,10.88,E,8,10.87,E,8,99.0,E,8,822.9788000000001,E,8,999.0,E,8,0.97,E,8,-9900,?,9,-9900,?,9,0.0,E,8,-9900,?,9,-9900,?,9,0.0,0.0,E,8
05/14/2014,09:00,626.983,1336.552,190.11,1,8,18.158,1,8,181.601,1,8,22813.2,1,8,1724.966,1,8,19976.114,1,8,123.353,1,8,-9900,?,9,-9900,?,9,13.65,E,8,11.39,E,8,86.0,E,8,822.9788000000001,E,8,999.0,E,8,0.97,E,8,-9900,?,9,-9900,?,9,0.0,E,8,-9900,?,9,-9900,?,9,0.0,0.0,E,8
05/14/2014,10:00,829.919,1336.552,274.89,1,8,14.82,1,8,265.692,1,8,32986.8,1,8,1407.883,1,8,29226.129,1,8,136.264,1,8,-9900,?,9,-9900,?,9,14.97,E,8,11.64,E,8,85.0,E,8,822.9788000000001,E,8,999.0,E,8,0.97,E,8,-9900,?,9,-9900,?,9,0.002,E,8,-9900,?,9,-9900,?,9,0.02,99.0,E,8
05/14/2014,11:00,965.975,1336.552,300.45,1,8,11.131,1,8,292.407,1,8,36054.0,1,8,1057.468,1,8,32164.792,1,8,128.817,1,8,-9900,?,9,-9900,?,9,15.79,E,8,11.79,E,8,82.0,E,8,822.9788000000001,E,8,999.0,E,8,0.97,E,8,-9900,?,9,-9900,?,9,0.006,E,8,-9900,?,9,-9900,?,9,0.06,99.0,E,8
05/14/2014,12:00,1025.819,1336.552,286.12,1,8,10.677,1,8,277.927,1,8,34334.4,1,8,1014.333,1,8,30571.949,1,8,115.288,1,8,-9900,?,9,-9900,?,9,16.21,E,8,11.86,E,8,80.0,E,8,822.9788000000001,E,8,999.0,E,8,1.1,E,8,-9900,?,9,-9900,?,9,0.001,E,8,-9900,?,9,-9900,?,9,0.01,99.0,E,8
05/14/2014,13:00,1005.358,1336.552,297.62,1,8,9.559,1,8,290.432,1,8,35714.4,1,8,908.06,1,8,31947.483,1,8,122.93,1,8,-9900,?,9,-9900,?,9,16.54,E,8,11.92,E,8,74.0,E,8,822.9788000000001,E,8,999.0,E,8,2.02,E,8,-9900,?,9,-9900,?,9,0.0,E,8,-9900,?,9,-9900,?,9,0.0,0.0,E,8
05/14/2014,14:00,905.997,1336.552,277.49,1,8,30.18,1,8,257.039,1,8,33298.8,1,8,2867.135,1,8,28274.285,1,8,120.742,1,8,-9900,?,9,-9900,?,9,16.7,E,8,11.95,E,8,73.0,E,8,822.9788000000001,E,8,999.0,E,8,3.77,E,8,-9900,?,9,-9900,?,9,0.0,E,8,-9900,?,9,-9900,?,9,0.0,0.0,E,8
05/14/2014,15:00,734.545,1336.552,142.78,1,8,5.326,1,8,139.855,1,8,17133.6,1,8,505.996,1,8,15384.023,1,8,81.057,1,8,-9900,?,9,-9900,?,9,16.21,E,8,11.86,E,8,75.0,E,8,822.9788000000001,E,8,999.0,E,8,2.15,E,8,-9900,?,9,-9900,?,9,0.0,E,8,-9900,?,9,-9900,?,9,0.0,0.0,E,8
05/14/2014,16:00,502.811,1336.552,167.23,1,8,32.441,1,8,155.047,1,8,20067.6,1,8,3081.907,1,8,17055.188,1,8,131.42,1,8,-9900,?,9,-9900,?,9,15.94,E,8,11.81,E,8,76.0,E,8,822.9788000000001,E,8,999.0,E,8,1.29,E,8,-9900,?,9,-9900,?,9,0.0,E,8,-9900,?,9,-9900,?,9,0.0,0.0,E,8
05/14/2014,17:00,227.259,1336.552,48.91,1,8,0.0,1,8,48.91,1,8,5869.2,1,8,0.0,1,8,5380.1,1,8,92.425,1,8,-9900,?,9,-9900,?,9,15.23,E,8,11.68,E,8,79.0,E,8,822.9788000000001,E,8,999.0,E,8,1.66,E,8,-9900,?,9,-9900,?,9,0.0,E,8,-9900,?,9,-9900,?,9,0.0,0.0,E,8
05/14/2014,18:00,0.0,1336.552,5.56,1,8,0.0,1,8,0.0,1,8,667.2,1,8,0.0,1,8,0.0,1,8,-0.0,1,8,-9900,?,9,-9900,?,9,14.77,E,8,11.6,E,8,81.0,E,8,822.9788000000001,E,8,999.0,E,8,1.45,E,8,-9900,?,9,-9900,?,9,0.0,E,8,-9900,?,9,-9900,?,9,0.0,0.0,E,8
05/14/2014,19:00,0.0,1336.552,0.0,1,8,0.0,1,8,0.0,1,8,0.0,1,8,0.0,1,8,0.0,1,8,-0.0,1,8,-9900,?,9,-9900,?,9,14.31,E,8,11.52,E,8,83.0,E,8,822.9788000000001,E,8,999.0,E,8,0.97,E,8,-9900,?,9,-9900,?,9,0.0,E,8,-9900,?,9,-9900,?,9,0.0,0.0,E,8
05/14/2014,20:00,0.0,1336.552,0.0,1,8,0.0,1,8,0.0,1,8,0.0,1,8,0.0,1,8,0.0,1,8,-0.0,1,8,-9900,?,9,-9900,?,9,13.85,E,8,11.43,E,8,95.0,E,8,822.9788000000001,E,8,999.0,E,8,1.09,E,8,-9900,?,9,-9900,?,9,0.191,E,8,-9900,?,9,-9900,?,9,1.91,99.0,E,8
05/14/2014,21:00,0.0,1336.552,0.0,1,8,0.0,1,8,0.0,1,8,0.0,1,8,0.0,1,8,0.0,1,8,-0.0,1,8,-9900,?,9,-9900,?,9,13.39,E,8,11.35,E,8,87.0,E,8,822.9788000000001,E,8,999.0,E,8,0.97,E,8,-9900,?,9,-9900,?,9,0.0,E,8,-9900,?,9,-9900,?,9,0.0,0.0,E,8
05/14/2014,22:00,0.0,1336.552,0.0,1,8,0.0,1,8,0.0,1,8,0.0,1,8,0.0,1,8,0.0,1,8,-0.0,1,8,-9900,?,9,-9900,?,9,12.93,E,8,11.26,E,8,89.0,E,8,822.9788000000001,E,8,999.0,E,8,1.51,E,8,-9900,?,9,-9900,?,9,0.0,E,8,-9900,?,9,-9900,?,9,0.0,0.0,E,8
05/14/2014,23:00,0.0,1336.552,0.0,1,8,0.0,1,8,0.0,1,8,0.0,1,8,0.0,1,8,0.0,1,8,-0.0,1,8,-9900,?,9,-9900,?,9,12.47,E,8,11.17,E,8,91.0,E,8,822.9788000000001,E,8,999.0,E,8,0.97,E,8,-9900,?,9,-9900,?,9,0.0,E,8,-9900,?,9,-9900,?,9,0.0,0.0,E,8
05/14/2014,24:00,0.0,1336.552,0.0,1,8,0.0,1,8,0.0,1,8,0.0,1,8,0.0,1,8,0.0,1,8,-0.0,1,8,-9900,?,9,-9900,?,9,12.01,E,8,9.06,E,8,82.0,E,8,822.9788000000001,E,8,999.0,E,8,0.23,E,8,-9900,?,9,-9900,?,9,0.0,E,8,-9900,?,9,-9900,?,9,0.0,0.0,E,8
05/15/2014,01:00,0.0,1336.552,0.0,1,8,0.0,1,8,0.0,1,8,0.0,1,8,0.0,1,8,0.0,1,8,-0.0,1,8,-9900,?,9,-9900,?,9,11.78,E,8,9.2,E,8,84.0,E,8,822.9788000000001,E,8,999.0,E,8,0.23,E,8,-9900,?,9,-9900,?,9,0.0,E,8,-9900,?,9,-9900,?,9,0.0,0.0,E,8
05/15/2014,02:00,0.0,1336.552,0.0,1,8,0.0,1,8,0.0,1,8,0.0,1,8,0.0,1,8,0.0,1,8,-0.0,1,8,-9900,?,9,-9900,?,9,11.55,E,8,9.35,E,8,86.0,E,8,822.9788000000001,E,8,999.0,E,8,0.23,E,8,-9900,?,9,-9900,?,9,0.0,E,8,-9900,?,9,-9900,?,9,0.0,0.0,E,8
05/15/2014,03:00,0.0,1336.552,0.0,1,8,0.0,1,8,0.0,1,8,0.0,1,8,0.0,1,8,0.0,1,8,-0.0,1,8,-9900,?,9,-9900,?,9,11.32,E,8,9.49,E,8,88.0,E,8,822.9788000000001,E,8,999.0,E,8,0.23,E,8,-9900,?,9,-9900,?,9,0.0,E,8,-9900,?,9,-9900,?,9,0.0,0.0,E,8
05/15/2014,04:00,0.0,1335.964,0.0,1,8,0.0,1,8,0.0,1,8,0.0,1,8,0.0,1,8,0.0,1,8,-0.0,1,8,-9900,?,9,-9900,?,9,11.09,E,8,9.63,E,8,90.0,E,8,822.9788000000001,E,8,999.0,E,8,0.23,E,8,-9900,?,9,-9900,?,9,0.0,E,8,-9900,?,9,-9900,?,9,0.0,0.0,E,8
05/15/2014,05:00,0.0,1335.964,0.0,1,8,0.0,1,8,0.0,1,8,0.0,1,8,0.0,1,8,0.0,1,8,-0.0,1,8,-9900,?,9,-9900,?,9,10.86,E,8,9.77,E,8,92.0,E,8,822.9788000000001,E,8,999.0,E,8,0.23,E,8,-9900,?,9,-9900,?,9,0.0,E,8,-9900,?,9,-9900,?,9,0.0,0.0,E,8
05/15/2014,06:00,0.0,1335.964,0.0,1,8,0.0,1,8,0.0,1,8,0.0,1,8,0.0,1,8,0.0,1,8,-0.0,1,8,-9900,?,9,-9900,?,9,10.68,E,8,9.88,E,8,94.0,E,8,822.9788000000001,E,8,999.0,E,8,0.23,E,8,-9900,?,9,-9900,?,9,0.0,E,8,-9900,?,9,-9900,?,9,0.0,0.0,E,8
05/15/2014,07:00,80.676,1335.964,0.0,1,8,0.0,1,8,0.0,1,8,0.0,1,8,0.0,1,8,0.0,1,8,0.0,1,8,-9900,?,9,-9900,?,9,10.53,E,8,9.97,E,8,96.0,E,8,822.9788000000001,E,8,999.0,E,8,0.23,E,8,-9900,?,9,-9900,?,9,0.0,E,8,-9900,?,9,-9900,?,9,0.0,0.0,E,8
05/15/2014,08:00,368.442,1335.964,59.45,1,8,0.0,1,8,59.45,1,8,7134.0,1,8,0.0,1,8,6539.5,1,8,68.857,1,8,-9900,?,9,-9900,?,9,10.37,E,8,10.06,E,8,97.0,E,8,822.9788000000001,E,8,999.0,E,8,0.23,E,8,-9900,?,9,-9900,?,9,0.0,E,8,-9900,?,9,-9900,?,9,0.0,0.0,E,8
05/15/2014,09:00,623.698,1335.964,186.81,1,8,18.133,1,8,178.353,1,8,22417.2,1,8,1722.677,1,8,19618.855,1,8,121.733,1,8,-9900,?,9,-9900,?,9,13.18,E,8,8.29,E,8,72.0,E,8,822.9788000000001,E,8,999.0,E,8,0.23,E,8,-9900,?,9,-9900,?,9,0.0,E,8,-9900,?,9,-9900,?,9,0.0,0.0,E,8
05/15/2014,10:00,826.261,1335.964,299.94,1,8,18.21,1,8,288.683,1,8,35992.8,1,8,1729.991,1,8,31755.089,1,8,148.646,1,8,-9900,?,9,-9900,?,9,14.52,E,8,7.38,E,8,62.0,E,8,822.9788000000001,E,8,999.0,E,8,0.53,E,8,-9900,?,9,-9900,?,9,0.0,E,8,-9900,?,9,-9900,?,9,0.0,0.0,E,8
05/15/2014,11:00,962.071,1335.964,384.57,1,8,71.009,1,8,333.448,1,8,46148.4,1,8,6745.858,1,8,36679.284,1,8,147.429,1,8,-9900,?,9,-9900,?,9,15.67,E,8,6.54,E,8,54.0,E,8,822.9788000000001,E,8,999.0,E,8,1.09,E,8,-9900,?,9,-9900,?,9,0.0,E,8,-9900,?,9,-9900,?,9,0.0,0.0,E,8
05/15/2014,12:00,1021.811,1335.964,433.69,1,8,85.682,1,8,368.17,1,8,52042.8,1,8,8139.767,1,8,40498.699,1,8,153.254,1,8,-9900,?,9,-9900,?,9,16.59,E,8,5.85,E,8,49.0,E,8,822.9788000000001,E,8,999.0,E,8,1.96,E,8,-9900,?,9,-9900,?,9,0.0,E,8,-9900,?,9,-9900,?,9,0.0,0.0,E,8
05/15/2014,13:00,1001.397,1335.964,443.58,1,8,75.515,1,8,386.99,1,8,53229.6,1,8,7173.888,1,8,42568.849,1,8,164.375,1,8,-9900,?,9,-9900,?,9,17.24,E,8,5.33,E,8,45.0,E,8,822.9788000000001,E,8,999.0,E,8,1.86,E,8,-9900,?,9,-9900,?,9,0.0,E,8,-9900,?,9,-9900,?,9,0.0,0.0,E,8
05/15/2014,14:00,902.229,1335.964,298.89,1,8,12.742,1,8,290.288,1,8,35866.8,1,8,1210.5,1,8,31931.654,1,8,136.87,1,8,-9900,?,9,-9900,?,9,17.23,E,8,5.34,E,8,45.0,E,8,822.9788000000001,E,8,999.0,E,8,2.25,E,8,-9900,?,9,-9900,?,9,0.0,E,8,-9900,?,9,-9900,?,9,0.0,0.0,E,8
05/15/2014,15:00,731.105,1335.964,345.74,1,8,148.553,1,8,264.5,1,8,41488.8,1,8,14112.536,1,8,29095.017,1,8,153.953,1,8,-9900,?,9,-9900,?,9,17.36,E,8,5.24,E,8,44.0,E,8,822.9788000000001,E,8,999.0,E,8,2.92,E,8,-9900,?,9,-9900,?,9,0.0,E,8,-9900,?,9,-9900,?,9,0.0,0.0,E,8
05/15/2014,16:00,499.812,1335.964,245.54,1,8,225.242,1,8,161.423,1,8,29464.8,1,8,21397.961,1,8,17756.518,1,8,137.588,1,8,-9900,?,9,-9900,?,9,17.09,E,8,5.45,E,8,46.0,E,8,822.9788000000001,E,8,999.0,E,8,1.88,E,8,-9900,?,9,-9900,?,9,0.0,E,8,-9900,?,9,-9900,?,9,0.0,0.0,E,8
05/15/2014,17:00,224.793,1335.964,122.37,1,8,373.649,1,8,60.098,1,8,14684.4,1,8,35496.668,1,8,6610.797,1,8,114.785,1,8,-9900,?,9,-9900,?,9,16.41,E,8,5.99,E,8,50.0,E,8,822.9788000000001,E,8,999.0,E,8,1.56,E,8,-9900,?,9,-9900,?,9,0.0,E,8,-9900,?,9,-9900,?,9,0.0,0.0,E,8
05/15/2014,18:00,0.0,1335.964,7.88,1,8,0.0,1,8,0.0,1,8,945.6,1,8,0.0,1,8,0.0,1,8,-0.0,1,8,-9900,?,9,-9900,?,9,15.79,E,8,6.46,E,8,53.0,E,8,822.9788000000001,E,8,999.0,E,8,0.89,E,8,-9900,?,9,-9900,?,9,0.0,E,8,-9900,?,9,-9900,?,9,0.0,0.0,E,8
05/15/2014,19:00,0.0,1335.964,0.0,1,8,0.0,1,8,0.0,1,8,0.0,1,8,0.0,1,8,0.0,1,8,-0.0,1,8,-9900,?,9,-9900,?,9,15.17,E,8,6.91,E,8,57.0,E,8,822.9788000000001,E,8,999.0,E,8,0.37,E,8,-9900,?,9,-9900,?,9,0.0,E,8,-9900,?,9,-9900,?,9,0.0,0.0,E,8
05/15/2014,20:00,0.0,1335.964,0.0,1,8,0.0,1,8,0.0,1,8,0.0,1,8,0.0,1,8,0.0,1,8,-0.0,1,8,-9900,?,9,-9900,?,9,14.55,E,8,7.36,E,8,61.0,E,8,822.9788000000001,E,8,999.0,E,8,0.23,E,8,-9900,?,9,-9900,?,9,0.0,E,8,-9900,?,9,-9900,?,9,0.0,0.0,E,8
05/15/2014,21:00,0.0,1335.964,0.0,1,8,0.0,1,8,0.0,1,8,0.0,1,8,0.0,1,8,0.0,1,8,-0.0,1,8,-9900,?,9,-9900,?,9,13.93,E,8,7.79,E,8,66.0,E,8,822.9788000000001,E,8,999.0,E,8,0.3,E,8,-9900,?,9,-9900,?,9,0.0,E,8,-9900,?,9,-9900,?,9,0.0,0.0,E,8
05/15/2014,22:00,0.0,1335.964,0.0,1,8,0.0,1,8,0.0,1,8,0.0,1,8,0.0,1,8,0.0,1,8,-0.0,1,8,-9900,?,9,-9900,?,9,13.31,E,8,8.21,E,8,71.0,E,8,822.9788000000001,E,8,999.0,E,8,0.23,E,8,-9900,?,9,-9900,?,9,0.0,E,8,-9900,?,9,-9900,?,9,0.0,0.0,E,8
05/15/2014,23:00,0.0,1335.964,0.0,1,8,0.0,1,8,0.0,1,8,0.0,1,8,0.0,1,8,0.0,1,8,-0.0,1,8,-9900,?,9,-9900,?,9,12.69,E,8,8.62,E,8,76.0,E,8,822.9788000000001,E,8,999.0,E,8,0.23,E,8,-9900,?,9,-9900,?,9,0.0,E,8,-9900,?,9,-9900,?,9,0.0,0.0,E,8
05/15/2014,24:00,0.0,1335.964,0.0,1,8,0.0,1,8,0.0,1,8,0.0,1,8,0.0,1,8,0.0,1,8,-0.0,1,8,-9900,?,9,-9900,?,9,12.08,E,8,10.0,E,8,92.0,E,8,822.9788000000001,E,8,999.0,E,8,0.53,E,8,-9900,?,9,-9900,?,9,0.098,E,8,-9900,?,9,-9900,?,9,0.98,99.0,E,8
05/16/2014,01:00,0.0,1335.964,0.0,1,8,0.0,1,8,0.0,1,8,0.0,1,8,0.0,1,8,0.0,1,8,-0.0,1,8,-9900,?,9,-9900,?,9,11.77,E,8,9.94,E,8,88.0,E,8,822.9788000000001,E,8,999.0,E,8,0.79,E,8,-9900,?,9,-9900,?,9,0.0,E,8,-9900,?,9,-9900,?,9,0.0,0.0,E,8
05/16/2014,02:00,0.0,1335.964,0.0,1,8,0.0,1,8,0.0,1,8,0.0,1,8,0.0,1,8,0.0,1,8,-0.0,1,8,-9900,?,9,-9900,?,9,11.46,E,8,9.88,E,8,89.0,E,8,822.9788000000001,E,8,999.0,E,8,1.12,E,8,-9900,?,9,-9900,?,9,0.0,E,8,-9900,?,9,-9900,?,9,0.0,0.0,E,8
05/16/2014,03:00,0.0,1335.964,0.0,1,8,0.0,1,8,0.0,1,8,0.0,1,8,0.0,1,8,0.0,1,8,-0.0,1,8,-9900,?,9,-9900,?,9,11.15,E,8,9.81,E,8,91.0,E,8,822.9788000000001,E,8,999.0,E,8,1.57,E,8,-9900,?,9,-9900,?,9,0.0,E,8,-9900,?,9,-9900,?,9,0.0,0.0,E,8
05/16/2014,04:00,0.0,1335.385,0.0,1,8,0.0,1,8,0.0,1,8,0.0,1,8,0.0,1,8,0.0,1,8,-0.0,1,8,-9900,?,9,-9900,?,9,10.84,E,8,9.75,E,8,92.0,E,8,822.9788000000001,E,8,999.0,E,8,0.79,E,8,-9900,?,9,-9900,?,9,0.0,E,8,-9900,?,9,-9900,?,9,0.0,0.0,E,8
05/16/2014,05:00,0.0,1335.385,0.0,1,8,0.0,1,8,0.0,1,8,0.0,1,8,0.0,1,8,0.0,1,8,-0.0,1,8,-9900,?,9,-9900,?,9,10.53,E,8,9.68,E,8,94.0,E,8,822.9788000000001,E,8,999.0,E,8,0.84,E,8,-9900,?,9,-9900,?,9,0.0,E,8,-9900,?,9,-9900,?,9,0.0,0.0,E,8
05/16/2014,06:00,0.0,1335.385,0.0,1,8,0.0,1,8,0.0,1,8,0.0,1,8,0.0,1,8,0.0,1,8,-0.0,1,8,-9900,?,9,-9900,?,9,10.29,E,8,9.63,E,8,95.0,E,8,822.9788000000001,E,8,999.0,E,8,1.68,E,8,-9900,?,9,-9900,?,9,0.0,E,8,-9900,?,9,-9900,?,9,0.0,0.0,E,8
05/16/2014,07:00,78.494,1335.385,0.0,1,8,0.0,1,8,0.0,1,8,0.0,1,8,0.0,1,8,0.0,1,8,0.0,1,8,-9900,?,9,-9900,?,9,10.08,E,8,9.59,E,8,96.0,E,8,822.9788000000001,E,8,999.0,E,8,1.66,E,8,-9900,?,9,-9900,?,9,0.0,E,8,-9900,?,9,-9900,?,9,0.0,0.0,E,8
05/16/2014,08:00,365.648,1335.385,44.7,1,8,0.0,1,8,44.7,1,8,5364.0,1,8,0.0,1,8,4917.0,1,8,52.149,1,8,-9900,?,9,-9900,?,9,9.88,E,8,9.55,E,8,97.0,E,8,822.9788000000001,E,8,999.0,E,8,1.33,E,8,-9900,?,9,-9900,?,9,0.0,E,8,-9900,?,9,-9900,?,9,0.0,0.0,E,8
05/16/2014,09:00,620.44,1335.385,135.4,1,8,4.307,1,8,133.401,1,8,16248.0,1,8,409.129,1,8,14674.132,1,8,91.491,1,8,-9900,?,9,-9900,?,9,12.67,E,8,10.12,E,8,89.0,E,8,822.9788000000001,E,8,999.0,E,8,1.26,E,8,-9900,?,9,-9900,?,9,0.002,E,8,-9900,?,9,-9900,?,9,0.02,99.0,E,8
05/16/2014,10:00,822.644,1335.385,217.86,1,8,4.189,1,8,215.281,1,8,26143.2,1,8,397.954,1,8,23680.874,1,8,111.291,1,8,-9900,?,9,-9900,?,9,13.99,E,8,10.39,E,8,78.0,E,8,822.9788000000001,E,8,999.0,E,8,1.12,E,8,-9900,?,9,-9900,?,9,0.0,E,8,-9900,?,9,-9900,?,9,0.0,0.0,E,8
05/16/2014,11:00,958.222,1335.385,279.55,1,8,5.93,1,8,275.296,1,8,33546.0,1,8,563.37,1,8,30282.547,1,8,122.155,1,8,-9900,?,9,-9900,?,9,15.13,E,8,10.61,E,8,74.0,E,8,822.9788000000001,E,8,999.0,E,8,0.8,E,8,-9900,?,9,-9900,?,9,0.0,E,8,-9900,?,9,-9900,?,9,0.0,0.0,E,8
05/16/2014,12:00,1017.873,1335.385,315.36,1,8,7.024,1,8,310.007,1,8,37843.2,1,8,667.284,1,8,34100.79,1,8,129.487,1,8,-9900,?,9,-9900,?,9,16.03,E,8,10.79,E,8,71.0,E,8,822.9788000000001,E,8,999.0,E,8,1.22,E,8,-9900,?,9,-9900,?,9,0.0,E,8,-9900,?,9,-9900,?,9,0.0,0.0,E,8
05/16/2014,13:00,997.518,1335.385,322.57,1,8,8.074,1,8,316.54,1,8,38708.4,1,8,767.07,1,8,34819.389,1,8,134.917,1,8,-9900,?,9,-9900,?,9,16.67,E,8,10.91,E,8,68.0,E,8,822.9788000000001,E,8,999.0,E,8,1.06,E,8,-9900,?,9,-9900,?,9,0.0,E,8,-9900,?,9,-9900,?,9,0.0,0.0,E,8
05/16/2014,14:00,898.553,1335.385,300.67,1,8,14.766,1,8,290.738,1,8,36080.4,1,8,1402.804,1,8,31981.13,1,8,137.584,1,8,-9900,?,9,-9900,?,9,17.03,E,8,10.98,E,8,67.0,E,8,822.9788000000001,E,8,999.0,E,8,1.59,E,8,-9900,?,9,-9900,?,9,0.0,E,8,-9900,?,9,-9900,?,9,0.0,0.0,E,8
05/16/2014,15:00,727.763,1335.385,251.27,1,8,23.301,1,8,238.58,1,8,30152.4,1,8,2213.61,1,8,26243.805,1,8,139.445,1,8,-9900,?,9,-9900,?,9,17.11,E,8,11.0,E,8,67.0,E,8,822.9788000000001,E,8,999.0,E,8,1.99,E,8,-9900,?,9,-9900,?,9,0.0,E,8,-9900,?,9,-9900,?,9,0.0,0.0,E,8
05/16/2014,16:00,496.913,1335.385,178.24,1,8,62.517,1,8,155.019,1,8,21388.8,1,8,5939.111,1,8,17052.059,1,8,132.845,1,8,-9900,?,9,-9900,?,9,16.79,E,8,10.94,E,8,68.0,E,8,822.9788000000001,E,8,999.0,E,8,1.33,E,8,-9900,?,9,-9900,?,9,0.0,E,8,-9900,?,9,-9900,?,9,0.0,0.0,E,8
05/16/2014,17:00,222.428,1335.385,88.5,1,8,136.462,1,8,65.991,1,8,10620.0,1,8,12963.873,1,8,7259.052,1,8,127.35,1,8,-9900,?,9,-9900,?,9,16.06,E,8,10.8,E,8,70.0,E,8,822.9788000000001,E,8,999.0,E,8,0.94,E,8,-9900,?,9,-9900,?,9,0.0,E,8,-9900,?,9,-9900,?,9,0.0,0.0,E,8
05/16/2014,18:00,0.0,1335.385,5.44,1,8,0.0,1,8,0.0,1,8,652.8,1,8,0.0,1,8,0.0,1,8,-0.0,1,8,-9900,?,9,-9900,?,9,15.5,E,8,10.69,E,8,72.0,E,8,822.9788000000001,E,8,999.0,E,8,1.36,E,8,-9900,?,9,-9900,?,9,0.0,E,8,-9900,?,9,-9900,?,9,0.0,0.0,E,8
05/16/2014,19:00,0.0,1335.385,0.0,1,8,0.0,1,8,0.0,1,8,0.0,1,8,0.0,1,8,0.0,1,8,-0.0,1,8,-9900,?,9,-9900,?,9,14.94,E,8,10.58,E,8,75.0,E,8,822.9788000000001,E,8,999.0,E,8,1.13,E,8,-9900,?,9,-9900,?,9,0.0,E,8,-9900,?,9,-9900,?,9,0.0,0.0,E,8
05/16/2014,20:00,0.0,1335.385,0.0,1,8,0.0,1,8,0.0,1,8,0.0,1,8,0.0,1,8,0.0,1,8,-0.0,1,8,-9900,?,9,-9900,?,9,14.39,E,8,10.47,E,8,77.0,E,8,822.9788000000001,E,8,999.0,E,8,1.09,E,8,-9900,?,9,-9900,?,9,0.0,E,8,-9900,?,9,-9900,?,9,0.0,0.0,E,8
05/16/2014,21:00,0.0,1335.385,0.0,1,8,0.0,1,8,0.0,1,8,0.0,1,8,0.0,1,8,0.0,1,8,-0.0,1,8,-9900,?,9,-9900,?,9,13.83,E,8,10.36,E,8,79.0,E,8,822.9788000000001,E,8,999.0,E,8,0.71,E,8,-9900,?,9,-9900,?,9,0.0,E,8,-9900,?,9,-9900,?,9,0.0,0.0,E,8
05/16/2014,22:00,0.0,1335.385,0.0,1,8,0.0,1,8,0.0,1,8,0.0,1,8,0.0,1,8,0.0,1,8,-0.0,1,8,-9900,?,9,-9900,?,9,13.27,E,8,10.24,E,8,81.0,E,8,822.9788000000001,E,8,999.0,E,8,1.12,E,8,-9900,?,9,-9900,?,9,0.0,E,8,-9900,?,9,-9900,?,9,0.0,0.0,E,8
05/16/2014,23:00,0.0,1335.385,0.0,1,8,0.0,1,8,0.0,1,8,0.0,1,8,0.0,1,8,0.0,1,8,-0.0,1,8,-9900,?,9,-9900,?,9,12.71,E,8,10.13,E,8,84.0,E,8,822.9788000000001,E,8,999.0,E,8,1.6,E,8,-9900,?,9,-9900,?,9,0.0,E,8,-9900,?,9,-9900,?,9,0.0,0.0,E,8
05/16/2014,24:00,0.0,1335.385,0.0,1,8,0.0,1,8,0.0,1,8,0.0,1,8,0.0,1,8,0.0,1,8,-0.0,1,8,-9900,?,9,-9900,?,9,12.15,E,8,10.38,E,8,88.0,E,8,822.9788000000001,E,8,999.0,E,8,0.74,E,8,-9900,?,9,-9900,?,9,0.0,E,8,-9900,?,9,-9900,?,9,0.0,0.0,E,8
05/17/2014,01:00,0.0,1335.385,0.0,1,8,0.0,1,8,0.0,1,8,0.0,1,8,0.0,1,8,0.0,1,8,-0.0,1,8,-9900,?,9,-9900,?,9,11.87,E,8,10.29,E,8,89.0,E,8,822.9788000000001,E,8,999.0,E,8,0.62,E,8,-9900,?,9,-9900,?,9,0.0,E,8,-9900,?,9,-9900,?,9,0.0,0.0,E,8
05/17/2014,02:00,0.0,1335.385,0.0,1,8,0.0,1,8,0.0,1,8,0.0,1,8,0.0,1,8,0.0,1,8,-0.0,1,8,-9900,?,9,-9900,?,9,11.6,E,8,10.2,E,8,90.0,E,8,822.9788000000001,E,8,999.0,E,8,0.52,E,8,-9900,?,9,-9900,?,9,0.0,E,8,-9900,?,9,-9900,?,9,0.0,0.0,E,8
05/17/2014,03:00,0.0,1335.385,0.0,1,8,0.0,1,8,0.0,1,8,0.0,1,8,0.0,1,8,0.0,1,8,-0.0,1,8,-9900,?,9,-9900,?,9,11.32,E,8,10.1,E,8,96.0,E,8,822.9788000000001,E,8,999.0,E,8,0.59,E,8,-9900,?,9,-9900,?,9,0.098,E,8,-9900,?,9,-9900,?,9,0.98,99.0,E,8
05/17/2014,04:00,0.0,1334.815,0.0,1,8,0.0,1,8,0.0,1,8,0.0,1,8,0.0,1,8,0.0,1,8,-0.0,1,8,-9900,?,9,-9900,?,9,11.04,E,8,10.01,E,8,93.0,E,8,822.9788000000001,E,8,999.0,E,8,0.66,E,8,-9900,?,9,-9900,?,9,0.0,E,8,-9900,?,9,-9900,?,9,0.0,0.0,E,8
05/17/2014,05:00,0.0,1334.815,0.0,1,8,0.0,1,8,0.0,1,8,0.0,1,8,0.0,1,8,0.0,1,8,-0.0,1,8,-9900,?,9,-9900,?,9,10.76,E,8,9.91,E,8,94.0,E,8,822.9788000000001,E,8,999.0,E,8,0.52,E,8,-9900,?,9,-9900,?,9,0.0,E,8,-9900,?,9,-9900,?,9,0.0,0.0,E,8
05/17/2014,06:00,0.0,1334.815,0.0,1,8,0.0,1,8,0.0,1,8,0.0,1,8,0.0,1,8,0.0,1,8,-0.0,1,8,-9900,?,9,-9900,?,9,10.54,E,8,9.84,E,8,95.0,E,8,822.9788000000001,E,8,999.0,E,8,0.52,E,8,-9900,?,9,-9900,?,9,0.0,E,8,-9900,?,9,-9900,?,9,0.0,0.0,E,8
05/17/2014,07:00,76.32,1334.815,0.0,1,8,0.0,1,8,0.0,1,8,0.0,1,8,0.0,1,8,0.0,1,8,0.0,1,8,-9900,?,9,-9900,?,9,10.36,E,8,9.78,E,8,95.0,E,8,822.9788000000001,E,8,999.0,E,8,0.52,E,8,-9900,?,9,-9900,?,9,0.0,E,8,-9900,?,9,-9900,?,9,0.0,0.0,E,8
05/17/2014,08:00,362.87,1334.815,51.07,1,8,0.0,1,8,51.07,1,8,6128.4,1,8,0.0,1,8,5617.7,1,8,60.014,1,8,-9900,?,9,-9900,?,9,10.17,E,8,9.71,E,8,96.0,E,8,822.9788000000001,E,8,999.0,E,8,0.52,E,8,-9900,?,9,-9900,?,9,0.0,E,8,-9900,?,9,-9900,?,9,0.0,0.0,E,8
05/17/2014,09:00,617.21,1334.815,163.8,1,8,9.151,1,8,159.573,1,8,19656.0,1,8,869.385,1,8,17553.028,1,8,109.967,1,8,-9900,?,9,-9900,?,9,12.99,E,8,10.66,E,8,85.0,E,8,822.9788000000001,E,8,999.0,E,8,0.52,E,8,-9900,?,9,-9900,?,9,0.0,E,8,-9900,?,9,-9900,?,9,0.0,0.0,E,8
05/17/2014,10:00,819.069,1334.815,264.16,1,8,37.657,1,8,241.064,1,8,31699.2,1,8,3577.411,1,8,26517.058,1,8,125.111,1,8,-9900,?,9,-9900,?,9,14.36,E,8,11.1,E,8,80.0,E,8,822.9788000000001,E,8,999.0,E,8,0.7,E,8,-9900,?,9,-9900,?,9,0.0,E,8,-9900,?,9,-9900,?,9,0.0,0.0,E,8
05/17/2014,11:00,954.43,1334.815,339.26,1,8,17.848,1,8,326.502,1,8,40711.2,1,8,1695.558,1,8,35915.196,1,8,145.39,1,8,-9900,?,9,-9900,?,9,15.53,E,8,11.46,E,8,76.0,E,8,822.9788000000001,E,8,999.0,E,8,1.32,E,8,-9900,?,9,-9900,?,9,0.0,E,8,-9900,?,9,-9900,?,9,0.0,0.0,E,8
05/17/2014,12:00,1014.005,1334.815,382.87,1,8,21.472,1,8,366.562,1,8,45944.4,1,8,2039.796,1,8,40321.87,1,8,153.629,1,8,-9900,?,9,-9900,?,9,16.47,E,8,11.75,E,8,73.0,E,8,822.9788000000001,E,8,999.0,E,8,1.49,E,8,-9900,?,9,-9900,?,9,0.0,E,8,-9900,?,9,-9900,?,9,0.0,0.0,E,8
05/17/2014,13:00,993.721,1334.815,391.67,1,8,25.79,1,8,372.475,1,8,47000.4,1,8,2450.047,1,8,40972.233,1,8,159.297,1,8,-9900,?,9,-9900,?,9,17.13,E,8,11.95,E,8,71.0,E,8,822.9788000000001,E,8,999.0,E,8,1.89,E,8,-9900,?,9,-9900,?,9,0.0,E,8,-9900,?,9,-9900,?,9,0.0,0.0,E,8
05/17/2014,14:00,894.97,1334.815,365.01,1,8,68.204,1,8,319.297,1,8,43801.2,1,8,6479.341,1,8,35122.685,1,8,151.64,1,8,-9900,?,9,-9900,?,9,17.5,E,8,12.06,E,8,70.0,E,8,822.9788000000001,E,8,999.0,E,8,2.9,E,8,-9900,?,9,-9900,?,9,0.0,E,8,-9900,?,9,-9900,?,9,0.0,0.0,E,8
05/17/2014,15:00,724.521,1334.815,304.9,1,8,90.349,1,8,255.894,1,8,36588.0,1,8,8583.146,1,8,28148.354,1,8,150.171,1,8,-9900,?,9,-9900,?,9,17.58,E,8,12.09,E,8,70.0,E,8,822.9788000000001,E,8,999.0,E,8,3.54,E,8,-9900,?,9,-9900,?,9,0.0,E,8,-9900,?,9,-9900,?,9,0.0,0.0,E,8
05/17/2014,16:00,494.117,1334.815,216.03,1,8,151.813,1,8,159.935,1,8,25923.6,1,8,14422.209,1,8,17592.888,1,8,137.778,1,8,-9900,?,9,-9900,?,9,17.25,E,8,11.99,E,8,71.0,E,8,822.9788000000001,E,8,999.0,E,8,3.54,E,8,-9900,?,9,-9900,?,9,0.0,E,8,-9900,?,9,-9900,?,9,0.0,0.0,E,8
05/17/2014,17:00,220.163,1334.815,106.85,1,8,346.337,1,8,50.292,1,8,12822.0,1,8,32902.022,1,8,5532.124,1,8,98.029,1,8,-9900,?,9,-9900,?,9,16.5,E,8,11.76,E,8,78.0,E,8,822.9788000000001,E,8,999.0,E,8,1.7,E,8,-9900,?,9,-9900,?,9,0.002,E,8,-9900,?,9,-9900,?,9,0.02,99.0,E,8
05/17/2014,18:00,0.0,1334.815,6.27,1,8,0.0,1,8,0.0,1,8,752.4,1,8,0.0,1,8,0.0,1,8,-0.0,1,8,-9900,?,9,-9900,?,9,15.89,E,8,11.57,E,8,75.0,E,8,822.9788000000001,E,8,999.0,E,8,0.69,E,8,-9900,?,9,-9900,?,9,0.0,E,8,-9900,?,9,-9900,?,9,0.0,0.0,E,8
05/17/2014,19:00,0.0,1334.815,0.0,1,8,0.0,1,8,0.0,1,8,0.0,1,8,0.0,1,8,0.0,1,8,-0.0,1,8,-9900,?,9,-9900,?,9,15.28,E,8,11.39,E,8,77.0,E,8,822.9788000000001,E,8,999.0,E,8,0.52,E,8,-9900,?,9,-9900,?,9,0.0,E,8,-9900,?,9,-9900,?,9,0.0,0.0,E,8
05/17/2014,20:00,0.0,1334.815,0.0,1,8,0.0,1,8,0.0,1,8,0.0,1,8,0.0,1,8,0.0,1,8,-0.0,1,8,-9900,?,9,-9900,?,9,14.67,E,8,11.19,E,8,79.0,E,8,822.9788000000001,E,8,999.0,E,8,0.52,E,8,-9900,?,9,-9900,?,9,0.0,E,8,-9900,?,9,-9900,?,9,0.0,0.0,E,8
05/17/2014,21:00,0.0,1334.815,0.0,1,8,0.0,1,8,0.0,1,8,0.0,1,8,0.0,1,8,0.0,1,8,-0.0,1,8,-9900,?,9,-9900,?,9,14.06,E,8,11.0,E,8,81.0,E,8,822.9788000000001,E,8,999.0,E,8,0.52,E,8,-9900,?,9,-9900,?,9,0.0,E,8,-9900,?,9,-9900,?,9,0.0,0.0,E,8
05/17/2014,22:00,0.0,1334.815,0.0,1,8,0.0,1,8,0.0,1,8,0.0,1,8,0.0,1,8,0.0,1,8,-0.0,1,8,-9900,?,9,-9900,?,9,13.45,E,8,10.81,E,8,83.0,E,8,822.9788000000001,E,8,999.0,E,8,0.52,E,8,-9900,?,9,-9900,?,9,0.0,E,8,-9900,?,9,-9900,?,9,0.0,0.0,E,8
05/17/2014,23:00,0.0,1334.815,0.0,1,8,0.0,1,8,0.0,1,8,0.0,1,8,0.0,1,8,0.0,1,8,-0.0,1,8,-9900,?,9,-9900,?,9,12.84,E,8,10.61,E,8,86.0,E,8,822.9788000000001,E,8,999.0,E,8,0.52,E,8,-9900,?,9,-9900,?,9,0.0,E,8,-9900,?,9,-9900,?,9,0.0,0.0,E,8
05/17/2014,24:00,0.0,1334.815,0.0,1,8,0.0,1,8,0.0,1,8,0.0,1,8,0.0,1,8,0.0,1,8,-0.0,1,8,-9900,?,9,-9900,?,9,12.23,E,8,8.98,E,8,81.0,E,8,822.9788000000001,E,8,999.0,E,8,0.75,E,8,-9900,?,9,-9900,?,9,0.004,E,8,-9900,?,9,-9900,?,9,0.04,99.0,E,8
05/18/2014,01:00,0.0,1334.815,0.0,1,8,0.0,1,8,0.0,1,8,0.0,1,8,0.0,1,8,0.0,1,8,-0.0,1,8,-9900,?,9,-9900,?,9,11.93,E,8,9.04,E,8,83.0,E,8,822.9788000000001,E,8,999.0,E,8,1.16,E,8,-9900,?,9,-9900,?,9,0.009,E,8,-9900,?,9,-9900,?,9,0.09,99.0,E,8
05/18/2014,02:00,0.0,1334.815,0.0,1,8,0.0,1,8,0.0,1,8,0.0,1,8,0.0,1,8,0.0,1,8,-0.0,1,8,-9900,?,9,-9900,?,9,11.62,E,8,9.1,E,8,85.0,E,8,822.9788000000001,E,8,999.0,E,8,0.75,E,8,-9900,?,9,-9900,?,9,0.002,E,8,-9900,?,9,-9900,?,9,0.02,99.0,E,8
05/18/2014,03:00,0.0,1334.815,0.0,1,8,0.0,1,8,0.0,1,8,0.0,1,8,0.0,1,8,0.0,1,8,-0.0,1,8,-9900,?,9,-9900,?,9,11.32,E,8,9.16,E,8,82.0,E,8,822.9788000000001,E,8,999.0,E,8,0.76,E,8,-9900,?,9,-9900,?,9,0.0,E,8,-9900,?,9,-9900,?,9,0.0,0.0,E,8
05/18/2014,04:00,0.0,1334.255,0.0,1,8,0.0,1,8,0.0,1,8,0.0,1,8,0.0,1,8,0.0,1,8,-0.0,1,8,-9900,?,9,-9900,?,9,11.01,E,8,9.22,E,8,84.0,E,8,822.9788000000001,E,8,999.0,E,8,0.75,E,8,-9900,?,9,-9900,?,9,0.0,E,8,-9900,?,9,-9900,?,9,0.0,0.0,E,8
05/18/2014,05:00,0.0,1334.255,0.0,1,8,0.0,1,8,0.0,1,8,0.0,1,8,0.0,1,8,0.0,1,8,-0.0,1,8,-9900,?,9,-9900,?,9,10.71,E,8,9.28,E,8,87.0,E,8,822.9788000000001,E,8,999.0,E,8,0.8,E,8,-9900,?,9,-9900,?,9,0.0,E,8,-9900,?,9,-9900,?,9,0.0,0.0,E,8
05/18/2014,06:00,0.0,1334.255,0.0,1,8,0.0,1,8,0.0,1,8,0.0,1,8,0.0,1,8,0.0,1,8,-0.0,1,8,-9900,?,9,-9900,?,9,10.47,E,8,9.33,E,8,88.0,E,8,822.9788000000001,E,8,999.0,E,8,0.75,E,8,-9900,?,9,-9900,?,9,0.0,E,8,-9900,?,9,-9900,?,9,0.0,0.0,E,8
05/18/2014,07:00,74.153,1334.255,0.0,1,8,0.0,1,8,0.0,1,8,0.0,1,8,0.0,1,8,0.0,1,8,0.0,1,8,-9900,?,9,-9900,?,9,10.27,E,8,9.37,E,8,95.0,E,8,822.9788000000001,E,8,999.0,E,8,0.75,E,8,-9900,?,9,-9900,?,9,0.001,E,8,-9900,?,9,-9900,?,9,0.01,99.0,E,8
05/18/2014,08:00,360.108,1334.255,41.08,1,8,0.0,1,8,41.08,1,8,4929.6,1,8,0.0,1,8,4518.8,1,8,48.627,1,8,-9900,?,9,-9900,?,9,10.07,E,8,9.41,E,8,92.0,E,8,822.9788000000001,E,8,999.0,E,8,0.75,E,8,-9900,?,9,-9900,?,9,0.0,E,8,-9900,?,9,-9900,?,9,0.0,0.0,E,8
05/18/2014,09:00,614.01,1334.255,133.21,1,8,3.091,1,8,131.789,1,8,15985.2,1,8,293.685,1,8,14496.78,1,8,91.257,1,8,-9900,?,9,-9900,?,9,12.77,E,8,8.87,E,8,72.0,E,8,822.9788000000001,E,8,999.0,E,8,0.75,E,8,-9900,?,9,-9900,?,9,0.0,E,8,-9900,?,9,-9900,?,9,0.0,0.0,E,8
05/18/2014,10:00,815.54,1334.255,215.32,1,8,4.12,1,8,212.803,1,8,25838.4,1,8,391.415,1,8,23408.315,1,8,110.875,1,8,-9900,?,9,-9900,?,9,14.1,E,8,8.6,E,8,64.0,E,8,822.9788000000001,E,8,999.0,E,8,0.75,E,8,-9900,?,9,-9900,?,9,0.0,E,8,-9900,?,9,-9900,?,9,0.0,0.0,E,8
05/18/2014,11:00,950.698,1334.255,276.79,1,8,5.888,1,8,272.596,1,8,33214.8,1,8,559.394,1,8,29985.512,1,8,121.812,1,8,-9900,?,9,-9900,?,9,15.24,E,8,8.37,E,8,58.0,E,8,822.9788000000001,E,8,999.0,E,8,0.75,E,8,-9900,?,9,-9900,?,9,0.0,E,8,-9900,?,9,-9900,?,9,0.0,0.0,E,8
05/18/2014,12:00,1010.212,1334.255,312.48,1,8,6.995,1,8,307.185,1,8,37497.6,1,8,664.512,1,8,33790.361,1,8,129.173,1,8,-9900,?,9,-9900,?,9,16.15,E,8,8.18,E,8,59.0,E,8,822.9788000000001,E,8,999.0,E,8,0.75,E,8,-9900,?,9,-9900,?,9,0.012,E,8,-9900,?,9,-9900,?,9,0.12,99.0,E,8
05/18/2014,13:00,990.011,1334.255,319.7,1,8,8.052,1,8,313.727,1,8,38364.0,1,8,764.975,1,8,34509.928,1,8,134.618,1,8,-9900,?,9,-9900,?,9,16.79,E,8,8.04,E,8,56.0,E,8,822.9788000000001,E,8,999.0,E,8,0.75,E,8,-9900,?,9,-9900,?,9,0.007000000000000001,E,8,-9900,?,9,-9900,?,9,0.07,99.0,E,8
05/18/2014,14:00,891.482,1334.255,297.91,1,8,9.538,1,8,291.539,1,8,35749.2,1,8,906.125,1,8,32069.334,1,8,138.941,1,8,-9900,?,9,-9900,?,9,17.15,E,8,7.96,E,8,54.0,E,8,822.9788000000001,E,8,999.0,E,8,0.75,E,8,-9900,?,9,-9900,?,9,0.005,E,8,-9900,?,9,-9900,?,9,0.05,99.0,E,8
05/18/2014,15:00,721.38,1334.255,248.74,1,8,32.511,1,8,231.175,1,8,29848.8,1,8,3088.552,1,8,25429.249,1,8,136.199,1,8,-9900,?,9,-9900,?,9,17.23,E,8,7.95,E,8,54.0,E,8,822.9788000000001,E,8,999.0,E,8,0.75,E,8,-9900,?,9,-9900,?,9,0.003,E,8,-9900,?,9,-9900,?,9,0.03,99.0,E,8
05/18/2014,16:00,491.424,1334.255,266.89,1,8,338.308,1,8,142.517,1,8,32026.8,1,8,32139.302,1,8,15676.884,1,8,123.397,1,8,-9900,?,9,-9900,?,9,17.35,E,8,7.92,E,8,53.0,E,8,822.9788000000001,E,8,999.0,E,8,0.75,E,8,-9900,?,9,-9900,?,9,0.001,E,8,-9900,?,9,-9900,?,9,0.01,99.0,E,8
05/18/2014,17:00,217.999,1334.255,92.89,1,8,194.381,1,8,61.452,1,8,11146.8,1,8,18466.197,1,8,6759.682,1,8,120.942,1,8,-9900,?,9,-9900,?,9,16.61,E,8,8.08,E,8,67.0,E,8,822.9788000000001,E,8,999.0,E,8,0.75,E,8,-9900,?,9,-9900,?,9,0.726,E,8,-9900,?,9,-9900,?,9,7.26,99.0,E,8
05/18/2014,18:00,0.0,1334.255,11.88,1,8,0.0,1,8,0.0,1,8,1425.6,1,8,0.0,1,8,0.0,1,8,-0.0,1,8,-9900,?,9,-9900,?,9,15.91,E,8,8.23,E,8,60.0,E,8,822.9788000000001,E,8,999.0,E,8,0.75,E,8,-9900,?,9,-9900,?,9,0.033,E,8,-9900,?,9,-9900,?,9,0.33,99.0,E,8
05/18/2014,19:00,0.0,1334.255,0.0,1,8,0.0,1,8,0.0,1,8,0.0,1,8,0.0,1,8,0.0,1,8,-0.0,1,8,-9900,?,9,-9900,?,9,15.22,E,8,8.37,E,8,63.0,E,8,822.9788000000001,E,8,999.0,E,8,0.75,E,8,-9900,?,9,-9900,?,9,0.016,E,8,-9900,?,9,-9900,?,9,0.16,99.0,E,8
05/18/2014,20:00,0.0,1334.255,0.0,1,8,0.0,1,8,0.0,1,8,0.0,1,8,0.0,1,8,0.0,1,8,-0.0,1,8,-9900,?,9,-9900,?,9,14.52,E,8,8.52,E,8,67.0,E,8,822.9788000000001,E,8,999.0,E,8,0.86,E,8,-9900,?,9,-9900,?,9,0.023,E,8,-9900,?,9,-9900,?,9,0.23,99.0,E,8
05/18/2014,21:00,0.0,1334.255,0.0,1,8,0.0,1,8,0.0,1,8,0.0,1,8,0.0,1,8,0.0,1,8,-0.0,1,8,-9900,?,9,-9900,?,9,13.83,E,8,8.66,E,8,71.0,E,8,822.9788000000001,E,8,999.0,E,8,0.75,E,8,-9900,?,9,-9900,?,9,0.056999999999999995,E,8,-9900,?,9,-9900,?,9,0.57,99.0,E,8
05/18/2014,22:00,0.0,1334.255,0.0,1,8,0.0,1,8,0.0,1,8,0.0,1,8,0.0,1,8,0.0,1,8,-0.0,1,8,-9900,?,9,-9900,?,9,13.13,E,8,8.8,E,8,70.0,E,8,822.9788000000001,E,8,999.0,E,8,0.75,E,8,-9900,?,9,-9900,?,9,0.0,E,8,-9900,?,9,-9900,?,9,0.0,0.0,E,8
05/18/2014,23:00,0.0,1334.255,0.0,1,8,0.0,1,8,0.0,1,8,0.0,1,8,0.0,1,8,0.0,1,8,-0.0,1,8,-9900,?,9,-9900,?,9,12.43,E,8,8.94,E,8,75.0,E,8,822.9788000000001,E,8,999.0,E,8,0.75,E,8,-9900,?,9,-9900,?,9,0.0,E,8,-9900,?,9,-9900,?,9,0.0,0.0,E,8
05/18/2014,24:00,0.0,1334.255,0.0,1,8,0.0,1,8,0.0,1,8,0.0,1,8,0.0,1,8,0.0,1,8,-0.0,1,8,-9900,?,9,-9900,?,9,11.74,E,8,7.09,E,8,73.0,E,8,822.9788000000001,E,8,999.0,E,8,0.24,E,8,-9900,?,9,-9900,?,9,0.0,E,8,-9900,?,9,-9900,?,9,0.0,0.0,E,8
05/19/2014,01:00,0.0,1334.255,0.0,1,8,0.0,1,8,0.0,1,8,0.0,1,8,0.0,1,8,0.0,1,8,-0.0,1,8,-9900,?,9,-9900,?,9,11.39,E,8,7.28,E,8,75.0,E,8,822.9788000000001,E,8,999.0,E,8,0.24,E,8,-9900,?,9,-9900,?,9,0.0,E,8,-9900,?,9,-9900,?,9,0.0,0.0,E,8
05/19/2014,02:00,0.0,1334.255,0.0,1,8,0.0,1,8,0.0,1,8,0.0,1,8,0.0,1,8,0.0,1,8,-0.0,1,8,-9900,?,9,-9900,?,9,11.04,E,8,7.46,E,8,78.0,E,8,822.9788000000001,E,8,999.0,E,8,0.24,E,8,-9900,?,9,-9900,?,9,0.0,E,8,-9900,?,9,-9900,?,9,0.0,0.0,E,8
05/19/2014,03:00,0.0,1334.255,0.0,1,8,0.0,1,8,0.0,1,8,0.0,1,8,0.0,1,8,0.0,1,8,-0.0,1,8,-9900,?,9,-9900,?,9,10.69,E,8,7.65,E,8,81.0,E,8,822.9788000000001,E,8,999.0,E,8,0.24,E,8,-9900,?,9,-9900,?,9,0.0,E,8,-9900,?,9,-9900,?,9,0.0,0.0,E,8
05/19/2014,04:00,0.0,1333.705,0.0,1,8,0.0,1,8,0.0,1,8,0.0,1,8,0.0,1,8,0.0,1,8,-0.0,1,8,-9900,?,9,-9900,?,9,10.34,E,8,7.83,E,8,84.0,E,8,822.9788000000001,E,8,999.0,E,8,0.24,E,8,-9900,?,9,-9900,?,9,0.0,E,8,-9900,?,9,-9900,?,9,0.0,0.0,E,8
05/19/2014,05:00,0.0,1333.705,0.0,1,8,0.0,1,8,0.0,1,8,0.0,1,8,0.0,1,8,0.0,1,8,-0.0,1,8,-9900,?,9,-9900,?,9,10.0,E,8,8.0,E,8,87.0,E,8,822.9788000000001,E,8,999.0,E,8,0.24,E,8,-9900,?,9,-9900,?,9,0.0,E,8,-9900,?,9,-9900,?,9,0.0,0.0,E,8
05/19/2014,06:00,0.0,1333.705,0.0,1,8,0.0,1,8,0.0,1,8,0.0,1,8,0.0,1,8,0.0,1,8,-0.0,1,8,-9900,?,9,-9900,?,9,9.73,E,8,8.14,E,8,89.0,E,8,822.9788000000001,E,8,999.0,E,8,0.24,E,8,-9900,?,9,-9900,?,9,0.0,E,8,-9900,?,9,-9900,?,9,0.0,0.0,E,8
05/19/2014,07:00,71.995,1333.705,0.0,1,8,0.0,1,8,0.0,1,8,0.0,1,8,0.0,1,8,0.0,1,8,0.0,1,8,-9900,?,9,-9900,?,9,9.5,E,8,8.25,E,8,91.0,E,8,822.9788000000001,E,8,999.0,E,8,0.24,E,8,-9900,?,9,-9900,?,9,0.0,E,8,-9900,?,9,-9900,?,9,0.0,0.0,E,8
05/19/2014,08:00,357.363,1333.705,44.1,1,8,0.0,1,8,44.1,1,8,5292.0,1,8,0.0,1,8,4851.0,1,8,52.584,1,8,-9900,?,9,-9900,?,9,9.27,E,8,8.37,E,8,94.0,E,8,822.9788000000001,E,8,999.0,E,8,0.24,E,8,-9900,?,9,-9900,?,9,0.0,E,8,-9900,?,9,-9900,?,9,0.0,0.0,E,8
05/19/2014,09:00,610.842,1333.705,213.88,1,8,38.778,1,8,196.139,1,8,25665.6,1,8,3683.898,1,8,21575.303,1,8,136.466,1,8,-9900,?,9,-9900,?,9,11.88,E,8,7.02,E,8,72.0,E,8,822.9788000000001,E,8,999.0,E,8,0.38,E,8,-9900,?,9,-9900,?,9,0.0,E,8,-9900,?,9,-9900,?,9,0.0,0.0,E,8
05/19/2014,10:00,812.057,1333.705,346.51,1,8,77.503,1,8,299.344,1,8,41581.2,1,8,7362.82,1,8,32927.818,1,8,156.571,1,8,-9900,?,9,-9900,?,9,13.34,E,8,6.21,E,8,61.0,E,8,822.9788000000001,E,8,999.0,E,8,0.55,E,8,-9900,?,9,-9900,?,9,0.0,E,8,-9900,?,9,-9900,?,9,0.0,0.0,E,8
05/19/2014,11:00,947.027,1333.705,445.83,1,8,138.648,1,8,347.409,1,8,53499.6,1,8,13171.516,1,8,38214.945,1,8,155.781,1,8,-9900,?,9,-9900,?,9,14.58,E,8,5.49,E,8,54.0,E,8,822.9788000000001,E,8,999.0,E,8,0.81,E,8,-9900,?,9,-9900,?,9,0.0,E,8,-9900,?,9,-9900,?,9,0.0,0.0,E,8
05/19/2014,12:00,1006.494,1333.705,503.52,1,8,167.855,1,8,376.875,1,8,60422.4,1,8,15946.206,1,8,41456.232,1,8,158.998,1,8,-9900,?,9,-9900,?,9,15.55,E,8,4.91,E,8,49.0,E,8,822.9788000000001,E,8,999.0,E,8,1.12,E,8,-9900,?,9,-9900,?,9,0.0,E,8,-9900,?,9,-9900,?,9,0.0,0.0,E,8
05/19/2014,13:00,986.388,1333.705,515.21,1,8,202.63,1,8,365.384,1,8,61825.2,1,8,19249.893,1,8,40192.241,1,8,157.296,1,8,-9900,?,9,-9900,?,9,16.24,E,8,4.48,E,8,45.0,E,8,822.9788000000001,E,8,999.0,E,8,2.02,E,8,-9900,?,9,-9900,?,9,0.0,E,8,-9900,?,9,-9900,?,9,0.0,0.0,E,8
05/19/2014,14:00,888.091,1333.705,480.05,1,8,251.753,1,8,312.474,1,8,57606.0,1,8,23916.519,1,8,34372.13,1,8,149.426,1,8,-9900,?,9,-9900,?,9,16.63,E,8,4.23,E,8,43.0,E,8,822.9788000000001,E,8,999.0,E,8,3.04,E,8,-9900,?,9,-9900,?,9,0.0,E,8,-9900,?,9,-9900,?,9,0.0,0.0,E,8
05/19/2014,15:00,718.341,1333.705,400.65,1,8,303.635,1,8,237.228,1,8,48078.0,1,8,28845.317,1,8,26095.049,1,8,140.299,1,8,-9900,?,9,-9900,?,9,16.73,E,8,4.17,E,8,43.0,E,8,822.9788000000001,E,8,999.0,E,8,2.75,E,8,-9900,?,9,-9900,?,9,0.0,E,8,-9900,?,9,-9900,?,9,0.0,0.0,E,8
05/19/2014,16:00,488.835,1333.705,283.24,1,8,367.715,1,8,148.716,1,8,33988.8,1,8,34932.888,1,8,16358.753,1,8,129.395,1,8,-9900,?,9,-9900,?,9,16.4,E,8,4.38,E,8,44.0,E,8,822.9788000000001,E,8,999.0,E,8,2.18,E,8,-9900,?,9,-9900,?,9,0.0,E,8,-9900,?,9,-9900,?,9,0.0,0.0,E,8
05/19/2014,17:00,215.936,1333.705,139.08,1,8,403.056,1,8,74.493,1,8,16689.6,1,8,38290.318,1,8,8194.271,1,8,147.976,1,8,-9900,?,9,-9900,?,9,15.64,E,8,4.85,E,8,48.0,E,8,822.9788000000001,E,8,999.0,E,8,1.59,E,8,-9900,?,9,-9900,?,9,0.0,E,8,-9900,?,9,-9900,?,9,0.0,0.0,E,8
05/19/2014,18:00,0.0,1333.705,7.45,1,8,0.0,1,8,0.0,1,8,894.0,1,8,0.0,1,8,0.0,1,8,-0.0,1,8,-9900,?,9,-9900,?,9,14.87,E,8,5.32,E,8,52.0,E,8,822.9788000000001,E,8,999.0,E,8,0.75,E,8,-9900,?,9,-9900,?,9,0.0,E,8,-9900,?,9,-9900,?,9,0.0,0.0,E,8
05/19/2014,19:00,0.0,1333.705,0.0,1,8,0.0,1,8,0.0,1,8,0.0,1,8,0.0,1,8,0.0,1,8,-0.0,1,8,-9900,?,9,-9900,?,9,14.09,E,8,5.78,E,8,57.0,E,8,822.9788000000001,E,8,999.0,E,8,0.24,E,8,-9900,?,9,-9900,?,9,0.0,E,8,-9900,?,9,-9900,?,9,0.0,0.0,E,8
05/19/2014,20:00,0.0,1333.705,0.0,1,8,0.0,1,8,0.0,1,8,0.0,1,8,0.0,1,8,0.0,1,8,-0.0,1,8,-9900,?,9,-9900,?,9,13.32,E,8,6.22,E,8,62.0,E,8,822.9788000000001,E,8,999.0,E,8,0.24,E,8,-9900,?,9,-9900,?,9,0.0,E,8,-9900,?,9,-9900,?,9,0.0,0.0,E,8
05/19/2014,21:00,0.0,1333.705,0.0,1,8,0.0,1,8,0.0,1,8,0.0,1,8,0.0,1,8,0.0,1,8,-0.0,1,8,-9900,?,9,-9900,?,9,12.54,E,8,6.66,E,8,67.0,E,8,822.9788000000001,E,8,999.0,E,8,0.24,E,8,-9900,?,9,-9900,?,9,0.0,E,8,-9900,?,9,-9900,?,9,0.0,0.0,E,8
05/19/2014,22:00,0.0,1333.705,0.0,1,8,0.0,1,8,0.0,1,8,0.0,1,8,0.0,1,8,0.0,1,8,-0.0,1,8,-9900,?,9,-9900,?,9,11.77,E,8,7.08,E,8,72.0,E,8,822.9788000000001,E,8,999.0,E,8,0.24,E,8,-9900,?,9,-9900,?,9,0.0,E,8,-9900,?,9,-9900,?,9,0.0,0.0,E,8
05/19/2014,23:00,0.0,1333.705,0.0,1,8,0.0,1,8,0.0,1,8,0.0,1,8,0.0,1,8,0.0,1,8,-0.0,1,8,-9900,?,9,-9900,?,9,10.99,E,8,7.49,E,8,79.0,E,8,822.9788000000001,E,8,999.0,E,8,0.24,E,8,-9900,?,9,-9900,?,9,0.0,E,8,-9900,?,9,-9900,?,9,0.0,0.0,E,8
05/19/2014,24:00,0.0,1333.705,0.0,1,8,0.0,1,8,0.0,1,8,0.0,1,8,0.0,1,8,0.0,1,8,-0.0,1,8,-9900,?,9,-9900,?,9,10.22,E,8,5.26,E,8,71.0,E,8,822.9788000000001,E,8,999.0,E,8,0.72,E,8,-9900,?,9,-9900,?,9,0.0,E,8,-9900,?,9,-9900,?,9,0.0,0.0,E,8
05/20/2014,01:00,0.0,1333.705,0.0,1,8,0.0,1,8,0.0,1,8,0.0,1,8,0.0,1,8,0.0,1,8,-0.0,1,8,-9900,?,9,-9900,?,9,9.83,E,8,5.47,E,8,74.0,E,8,822.9788000000001,E,8,999.0,E,8,0.72,E,8,-9900,?,9,-9900,?,9,0.0,E,8,-9900,?,9,-9900,?,9,0.0,0.0,E,8
05/20/2014,02:00,0.0,1333.705,0.0,1,8,0.0,1,8,0.0,1,8,0.0,1,8,0.0,1,8,0.0,1,8,-0.0,1,8,-9900,?,9,-9900,?,9,9.44,E,8,5.68,E,8,77.0,E,8,822.9788000000001,E,8,999.0,E,8,0.72,E,8,-9900,?,9,-9900,?,9,0.0,E,8,-9900,?,9,-9900,?,9,0.0,0.0,E,8
05/20/2014,03:00,0.0,1333.705,0.0,1,8,0.0,1,8,0.0,1,8,0.0,1,8,0.0,1,8,0.0,1,8,-0.0,1,8,-9900,?,9,-9900,?,9,9.06,E,8,5.88,E,8,80.0,E,8,822.9788000000001,E,8,999.0,E,8,0.72,E,8,-9900,?,9,-9900,?,9,0.0,E,8,-9900,?,9,-9900,?,9,0.0,0.0,E,8
05/20/2014,04:00,0.0,1333.164,0.0,1,8,0.0,1,8,0.0,1,8,0.0,1,8,0.0,1,8,0.0,1,8,-0.0,1,8,-9900,?,9,-9900,?,9,8.67,E,8,6.09,E,8,83.0,E,8,822.9788000000001,E,8,999.0,E,8,0.72,E,8,-9900,?,9,-9900,?,9,0.0,E,8,-9900,?,9,-9900,?,9,0.0,0.0,E,8
05/20/2014,05:00,0.0,1333.164,0.0,1,8,0.0,1,8,0.0,1,8,0.0,1,8,0.0,1,8,0.0,1,8,-0.0,1,8,-9900,?,9,-9900,?,9,8.28,E,8,6.29,E,8,87.0,E,8,822.9788000000001,E,8,999.0,E,8,0.72,E,8,-9900,?,9,-9900,?,9,0.0,E,8,-9900,?,9,-9900,?,9,0.0,0.0,E,8
05/20/2014,06:00,0.0,1333.164,0.0,1,8,0.0,1,8,0.0,1,8,0.0,1,8,0.0,1,8,0.0,1,8,-0.0,1,8,-9900,?,9,-9900,?,9,7.98,E,8,6.45,E,8,90.0,E,8,822.9788000000001,E,8,999.0,E,8,0.72,E,8,-9900,?,9,-9900,?,9,0.0,E,8,-9900,?,9,-9900,?,9,0.0,0.0,E,8
05/20/2014,07:00,69.847,1333.164,0.0,1,8,0.0,1,8,0.0,1,8,0.0,1,8,0.0,1,8,0.0,1,8,0.0,1,8,-9900,?,9,-9900,?,9,7.73,E,8,6.57,E,8,92.0,E,8,822.9788000000001,E,8,999.0,E,8,0.72,E,8,-9900,?,9,-9900,?,9,0.0,E,8,-9900,?,9,-9900,?,9,0.0,0.0,E,8
05/20/2014,08:00,354.638,1333.164,61.9,1,8,0.0,1,8,61.9,1,8,7428.0,1,8,0.0,1,8,6809.0,1,8,74.35,1,8,-9900,?,9,-9900,?,9,7.47,E,8,6.7,E,8,94.0,E,8,822.9788000000001,E,8,999.0,E,8,0.72,E,8,-9900,?,9,-9900,?,9,0.0,E,8,-9900,?,9,-9900,?,9,0.0,0.0,E,8
05/20/2014,09:00,607.707,1333.164,205.24,1,8,32.915,1,8,190.253,1,8,24628.8,1,8,3126.916,1,8,20927.811,1,8,133.001,1,8,-9900,?,9,-9900,?,9,10.38,E,8,5.17,E,8,70.0,E,8,822.9788000000001,E,8,999.0,E,8,0.72,E,8,-9900,?,9,-9900,?,9,0.0,E,8,-9900,?,9,-9900,?,9,0.0,0.0,E,8
05/20/2014,10:00,808.622,1333.164,333.31,1,8,67.5,1,8,292.389,1,8,39997.2,1,8,6412.514,1,8,32162.771,1,8,153.521,1,8,-9900,?,9,-9900,?,9,11.84,E,8,4.34,E,8,60.0,E,8,822.9788000000001,E,8,999.0,E,8,0.72,E,8,-9900,?,9,-9900,?,9,0.0,E,8,-9900,?,9,-9900,?,9,0.0,0.0,E,8
05/20/2014,11:00,943.421,1333.164,429.23,1,8,121.168,1,8,343.51,1,8,51507.6,1,8,11510.934,1,8,37786.108,1,8,154.559,1,8,-9900,?,9,-9900,?,9,13.09,E,8,3.59,E,8,52.0,E,8,822.9788000000001,E,8,999.0,E,8,0.72,E,8,-9900,?,9,-9900,?,9,0.0,E,8,-9900,?,9,-9900,?,9,0.0,0.0,E,8
05/20/2014,12:00,1002.854,1333.164,484.97,1,8,146.864,1,8,374.519,1,8,58196.4,1,8,13952.054,1,8,41197.063,1,8,158.514,1,8,-9900,?,9,-9900,?,9,14.08,E,8,2.97,E,8,47.0,E,8,822.9788000000001,E,8,999.0,E,8,0.72,E,8,-9900,?,9,-9900,?,9,0.0,E,8,-9900,?,9,-9900,?,9,0.0,0.0,E,8
05/20/2014,13:00,982.855,1333.164,496.31,1,8,177.641,1,8,365.379,1,8,59557.2,1,8,16875.857,1,8,40191.738,1,8,157.796,1,8,-9900,?,9,-9900,?,9,14.78,E,8,2.52,E,8,43.0,E,8,822.9788000000001,E,8,999.0,E,8,0.72,E,8,-9900,?,9,-9900,?,9,0.0,E,8,-9900,?,9,-9900,?,9,0.0,0.0,E,8
05/20/2014,14:00,884.798,1333.164,462.39,1,8,221.506,1,8,315.435,1,8,55486.8,1,8,21043.036,1,8,34697.877,1,8,151.343,1,8,-9900,?,9,-9900,?,9,15.18,E,8,2.25,E,8,41.0,E,8,822.9788000000001,E,8,999.0,E,8,1.0,E,8,-9900,?,9,-9900,?,9,0.0,E,8,-9900,?,9,-9900,?,9,0.0,0.0,E,8
05/20/2014,15:00,715.406,1333.164,385.76,1,8,268.937,1,8,241.547,1,8,46291.2,1,8,25548.99,1,8,26570.164,1,8,143.383,1,8,-9900,?,9,-9900,?,9,15.27,E,8,2.2,E,8,41.0,E,8,822.9788000000001,E,8,999.0,E,8,0.97,E,8,-9900,?,9,-9900,?,9,0.0,E,8,-9900,?,9,-9900,?,9,0.0,0.0,E,8
05/20/2014,16:00,486.351,1333.164,272.43,1,8,376.829,1,8,135.219,1,8,32691.6,1,8,35798.728,1,8,14874.113,1,8,118.207,1,8,-9900,?,9,-9900,?,9,14.92,E,8,2.43,E,8,42.0,E,8,822.9788000000001,E,8,999.0,E,8,1.09,E,8,-9900,?,9,-9900,?,9,0.0,E,8,-9900,?,9,-9900,?,9,0.0,0.0,E,8
05/20/2014,17:00,213.976,1333.164,133.32,1,8,394.129,1,8,70.723,1,8,15998.4,1,8,37442.272,1,8,7779.528,1,8,141.741,1,8,-9900,?,9,-9900,?,9,14.12,E,8,2.94,E,8,46.0,E,8,822.9788000000001,E,8,999.0,E,8,1.03,E,8,-9900,?,9,-9900,?,9,0.0,E,8,-9900,?,9,-9900,?,9,0.0,0.0,E,8
05/20/2014,18:00,0.0,1333.164,6.83,1,8,0.0,1,8,0.0,1,8,819.6,1,8,0.0,1,8,0.0,1,8,-0.0,1,8,-9900,?,9,-9900,?,9,13.38,E,8,3.41,E,8,50.0,E,8,822.9788000000001,E,8,999.0,E,8,0.72,E,8,-9900,?,9,-9900,?,9,0.0,E,8,-9900,?,9,-9900,?,9,0.0,0.0,E,8
05/20/2014,19:00,0.0,1333.164,0.0,1,8,0.0,1,8,0.0,1,8,0.0,1,8,0.0,1,8,0.0,1,8,-0.0,1,8,-9900,?,9,-9900,?,9,12.65,E,8,3.86,E,8,55.0,E,8,822.9788000000001,E,8,999.0,E,8,0.72,E,8,-9900,?,9,-9900,?,9,0.0,E,8,-9900,?,9,-9900,?,9,0.0,0.0,E,8
05/20/2014,20:00,0.0,1333.164,0.0,1,8,0.0,1,8,0.0,1,8,0.0,1,8,0.0,1,8,0.0,1,8,-0.0,1,8,-9900,?,9,-9900,?,9,11.91,E,8,4.3,E,8,59.0,E,8,822.9788000000001,E,8,999.0,E,8,0.72,E,8,-9900,?,9,-9900,?,9,0.0,E,8,-9900,?,9,-9900,?,9,0.0,0.0,E,8
05/20/2014,21:00,0.0,1333.164,0.0,1,8,0.0,1,8,0.0,1,8,0.0,1,8,0.0,1,8,0.0,1,8,-0.0,1,8,-9900,?,9,-9900,?,9,11.17,E,8,4.72,E,8,64.0,E,8,822.9788000000001,E,8,999.0,E,8,0.72,E,8,-9900,?,9,-9900,?,9,0.0,E,8,-9900,?,9,-9900,?,9,0.0,0.0,E,8
05/20/2014,22:00,0.0,1333.164,0.0,1,8,0.0,1,8,0.0,1,8,0.0,1,8,0.0,1,8,0.0,1,8,-0.0,1,8,-9900,?,9,-9900,?,9,10.44,E,8,5.14,E,8,69.0,E,8,822.9788000000001,E,8,999.0,E,8,0.72,E,8,-9900,?,9,-9900,?,9,0.0,E,8,-9900,?,9,-9900,?,9,0.0,0.0,E,8
05/20/2014,23:00,0.0,1333.164,0.0,1,8,0.0,1,8,0.0,1,8,0.0,1,8,0.0,1,8,0.0,1,8,-0.0,1,8,-9900,?,9,-9900,?,9,9.7,E,8,5.54,E,8,75.0,E,8,822.9788000000001,E,8,999.0,E,8,0.72,E,8,-9900,?,9,-9900,?,9,0.0,E,8,-9900,?,9,-9900,?,9,0.0,0.0,E,8
05/20/2014,24:00,0.0,1333.164,0.0,1,8,0.0,1,8,0.0,1,8,0.0,1,8,0.0,1,8,0.0,1,8,-0.0,1,8,-9900,?,9,-9900,?,9,8.96,E,8,4.68,E,8,74.0,E,8,822.9788000000001,E,8,999.0,E,8,0.77,E,8,-9900,?,9,-9900,?,9,0.0,E,8,-9900,?,9,-9900,?,9,0.0,0.0,E,8
05/21/2014,01:00,0.0,1333.164,0.0,1,8,0.0,1,8,0.0,1,8,0.0,1,8,0.0,1,8,0.0,1,8,-0.0,1,8,-9900,?,9,-9900,?,9,8.6,E,8,4.79,E,8,76.0,E,8,822.9788000000001,E,8,999.0,E,8,0.77,E,8,-9900,?,9,-9900,?,9,0.0,E,8,-9900,?,9,-9900,?,9,0.0,0.0,E,8
05/21/2014,02:00,0.0,1333.164,0.0,1,8,0.0,1,8,0.0,1,8,0.0,1,8,0.0,1,8,0.0,1,8,-0.0,1,8,-9900,?,9,-9900,?,9,8.23,E,8,4.9,E,8,79.0,E,8,822.9788000000001,E,8,999.0,E,8,0.77,E,8,-9900,?,9,-9900,?,9,0.0,E,8,-9900,?,9,-9900,?,9,0.0,0.0,E,8
05/21/2014,03:00,0.0,1333.164,0.0,1,8,0.0,1,8,0.0,1,8,0.0,1,8,0.0,1,8,0.0,1,8,-0.0,1,8,-9900,?,9,-9900,?,9,7.86,E,8,5.01,E,8,82.0,E,8,822.9788000000001,E,8,999.0,E,8,0.77,E,8,-9900,?,9,-9900,?,9,0.0,E,8,-9900,?,9,-9900,?,9,0.0,0.0,E,8
05/21/2014,04:00,0.0,1332.633,0.0,1,8,0.0,1,8,0.0,1,8,0.0,1,8,0.0,1,8,0.0,1,8,-0.0,1,8,-9900,?,9,-9900,?,9,7.49,E,8,5.12,E,8,84.0,E,8,822.9788000000001,E,8,999.0,E,8,0.77,E,8,-9900,?,9,-9900,?,9,0.0,E,8,-9900,?,9,-9900,?,9,0.0,0.0,E,8
05/21/2014,05:00,0.0,1332.633,0.0,1,8,0.0,1,8,0.0,1,8,0.0,1,8,0.0,1,8,0.0,1,8,-0.0,1,8,-9900,?,9,-9900,?,9,7.12,E,8,5.22,E,8,87.0,E,8,822.9788000000001,E,8,999.0,E,8,0.77,E,8,-9900,?,9,-9900,?,9,0.0,E,8,-9900,?,9,-9900,?,9,0.0,0.0,E,8
05/21/2014,06:00,0.0,1332.633,0.0,1,8,0.0,1,8,0.0,1,8,0.0,1,8,0.0,1,8,0.0,1,8,-0.0,1,8,-9900,?,9,-9900,?,9,6.84,E,8,5.31,E,8,89.0,E,8,822.9788000000001,E,8,999.0,E,8,0.77,E,8,-9900,?,9,-9900,?,9,0.0,E,8,-9900,?,9,-9900,?,9,0.0,0.0,E,8
05/21/2014,07:00,67.71,1332.633,0.0,1,8,0.0,1,8,0.0,1,8,0.0,1,8,0.0,1,8,0.0,1,8,0.0,1,8,-9900,?,9,-9900,?,9,6.59,E,8,5.38,E,8,91.0,E,8,822.9788000000001,E,8,999.0,E,8,0.77,E,8,-9900,?,9,-9900,?,9,0.0,E,8,-9900,?,9,-9900,?,9,0.0,0.0,E,8
05/21/2014,08:00,351.934,1332.633,55.08,1,8,0.0,1,8,55.08,1,8,6609.6,1,8,0.0,1,8,6058.8,1,8,66.644,1,8,-9900,?,9,-9900,?,9,6.35,E,8,5.45,E,8,93.0,E,8,822.9788000000001,E,8,999.0,E,8,0.77,E,8,-9900,?,9,-9900,?,9,0.0,E,8,-9900,?,9,-9900,?,9,0.0,0.0,E,8
05/21/2014,09:00,604.608,1332.633,219.66,1,8,46.057,1,8,198.788,1,8,26359.2,1,8,4375.454,1,8,21866.63,1,8,139.626,1,8,-9900,?,9,-9900,?,9,9.99,E,8,4.36,E,8,67.0,E,8,822.9788000000001,E,8,999.0,E,8,0.77,E,8,-9900,?,9,-9900,?,9,0.0,E,8,-9900,?,9,-9900,?,9,0.0,0.0,E,8
05/21/2014,10:00,805.239,1332.633,234.53,1,8,7.671,1,8,229.897,1,8,28143.6,1,8,728.741,1,8,25288.693,1,8,121.169,1,8,-9900,?,9,-9900,?,9,10.85,E,8,4.09,E,8,63.0,E,8,822.9788000000001,E,8,999.0,E,8,0.77,E,8,-9900,?,9,-9900,?,9,0.0,E,8,-9900,?,9,-9900,?,9,0.0,0.0,E,8
05/21/2014,11:00,939.881,1332.633,242.68,1,8,5.609,1,8,238.725,1,8,29121.6,1,8,532.862,1,8,26259.772,1,8,107.774,1,8,-9900,?,9,-9900,?,9,11.33,E,8,3.94,E,8,60.0,E,8,822.9788000000001,E,8,999.0,E,8,0.77,E,8,-9900,?,9,-9900,?,9,0.0,E,8,-9900,?,9,-9900,?,9,0.0,0.0,E,8
05/21/2014,12:00,999.294,1332.633,297.79,1,8,8.708,1,8,291.262,1,8,35734.8,1,8,827.247,1,8,32038.796,1,8,123.666,1,8,-9900,?,9,-9900,?,9,11.91,E,8,3.76,E,8,57.0,E,8,822.9788000000001,E,8,999.0,E,8,0.77,E,8,-9900,?,9,-9900,?,9,0.0,E,8,-9900,?,9,-9900,?,9,0.0,0.0,E,8
05/21/2014,13:00,979.414,1332.633,458.5,1,8,119.002,1,8,371.062,1,8,55020.0,1,8,11305.203,1,8,40816.782,1,8,160.749,1,8,-9900,?,9,-9900,?,9,13.01,E,8,3.4,E,8,52.0,E,8,822.9788000000001,E,8,999.0,E,8,0.77,E,8,-9900,?,9,-9900,?,9,0.0,E,8,-9900,?,9,-9900,?,9,0.0,0.0,E,8
05/21/2014,14:00,881.606,1332.633,355.88,1,8,79.112,1,8,303.563,1,8,42705.6,1,8,7515.605,1,8,33391.958,1,8,146.116,1,8,-9900,?,9,-9900,?,9,13.4,E,8,3.27,E,8,50.0,E,8,822.9788000000001,E,8,999.0,E,8,0.77,E,8,-9900,?,9,-9900,?,9,0.0,E,8,-9900,?,9,-9900,?,9,0.0,0.0,E,8
05/21/2014,15:00,712.576,1332.633,283.87,1,8,58.875,1,8,252.412,1,8,34064.4,1,8,5593.111,1,8,27765.305,1,8,150.368,1,8,-9900,?,9,-9900,?,9,13.46,E,8,3.25,E,8,49.0,E,8,822.9788000000001,E,8,999.0,E,8,0.77,E,8,-9900,?,9,-9900,?,9,0.0,E,8,-9900,?,9,-9900,?,9,0.0,0.0,E,8
05/21/2014,16:00,483.974,1332.633,200.28,1,8,118.355,1,8,157.379,1,8,24033.6,1,8,11243.727,1,8,17311.694,1,8,138.203,1,8,-9900,?,9,-9900,?,9,13.12,E,8,3.37,E,8,51.0,E,8,822.9788000000001,E,8,999.0,E,8,0.77,E,8,-9900,?,9,-9900,?,9,0.0,E,8,-9900,?,9,-9900,?,9,0.0,0.0,E,8
05/21/2014,17:00,212.117,1332.633,97.69,1,8,307.075,1,8,49.332,1,8,11722.8,1,8,29172.096,1,8,5426.512,1,8,99.713,1,8,-9900,?,9,-9900,?,9,12.38,E,8,3.61,E,8,55.0,E,8,822.9788000000001,E,8,999.0,E,8,0.77,E,8,-9900,?,9,-9900,?,9,0.0,E,8,-9900,?,9,-9900,?,9,0.0,0.0,E,8
05/21/2014,18:00,0.0,1332.633,4.8,1,8,0.0,1,8,0.0,1,8,576.0,1,8,0.0,1,8,0.0,1,8,-0.0,1,8,-9900,?,9,-9900,?,9,11.8,E,8,3.79,E,8,57.0,E,8,822.9788000000001,E,8,999.0,E,8,0.77,E,8,-9900,?,9,-9900,?,9,0.0,E,8,-9900,?,9,-9900,?,9,0.0,0.0,E,8
05/21/2014,19:00,0.0,1332.633,0.0,1,8,0.0,1,8,0.0,1,8,0.0,1,8,0.0,1,8,0.0,1,8,-0.0,1,8,-9900,?,9,-9900,?,9,11.22,E,8,3.98,E,8,60.0,E,8,822.9788000000001,E,8,999.0,E,8,0.77,E,8,-9900,?,9,-9900,?,9,0.0,E,8,-9900,?,9,-9900,?,9,0.0,0.0,E,8
05/21/2014,20:00,0.0,1332.633,0.0,1,8,0.0,1,8,0.0,1,8,0.0,1,8,0.0,1,8,0.0,1,8,-0.0,1,8,-9900,?,9,-9900,?,9,10.64,E,8,4.16,E,8,64.0,E,8,822.9788000000001,E,8,999.0,E,8,0.77,E,8,-9900,?,9,-9900,?,9,0.0,E,8,-9900,?,9,-9900,?,9,0.0,0.0,E,8
05/21/2014,21:00,0.0,1332.633,0.0,1,8,0.0,1,8,0.0,1,8,0.0,1,8,0.0,1,8,0.0,1,8,-0.0,1,8,-9900,?,9,-9900,?,9,10.06,E,8,4.34,E,8,67.0,E,8,822.9788000000001,E,8,999.0,E,8,0.77,E,8,-9900,?,9,-9900,?,9,0.0,E,8,-9900,?,9,-9900,?,9,0.0,0.0,E,8
05/21/2014,22:00,0.0,1332.633,0.0,1,8,0.0,1,8,0.0,1,8,0.0,1,8,0.0,1,8,0.0,1,8,-0.0,1,8,-9900,?,9,-9900,?,9,9.48,E,8,4.52,E,8,71.0,E,8,822.9788000000001,E,8,999.0,E,8,0.77,E,8,-9900,?,9,-9900,?,9,0.0,E,8,-9900,?,9,-9900,?,9,0.0,0.0,E,8
05/21/2014,23:00,0.0,1332.633,0.0,1,8,0.0,1,8,0.0,1,8,0.0,1,8,0.0,1,8,0.0,1,8,-0.0,1,8,-9900,?,9,-9900,?,9,8.9,E,8,4.69,E,8,74.0,E,8,822.9788000000001,E,8,999.0,E,8,0.77,E,8,-9900,?,9,-9900,?,9,0.0,E,8,-9900,?,9,-9900,?,9,0.0,0.0,E,8
05/21/2014,24:00,0.0,1332.633,0.0,1,8,0.0,1,8,0.0,1,8,0.0,1,8,0.0,1,8,0.0,1,8,-0.0,1,8,-9900,?,9,-9900,?,9,8.32,E,8,-3.11,E,8,43.0,E,8,822.9788000000001,E,8,999.0,E,8,0.46,E,8,-9900,?,9,-9900,?,9,0.0,E,8,-9900,?,9,-9900,?,9,0.0,0.0,E,8
05/22/2014,01:00,0.0,1332.633,0.0,1,8,0.0,1,8,0.0,1,8,0.0,1,8,0.0,1,8,0.0,1,8,-0.0,1,8,-9900,?,9,-9900,?,9,8.03,E,8,-3.19,E,8,43.0,E,8,822.9788000000001,E,8,999.0,E,8,0.46,E,8,-9900,?,9,-9900,?,9,0.0,E,8,-9900,?,9,-9900,?,9,0.0,0.0,E,8
05/22/2014,02:00,0.0,1332.633,0.0,1,8,0.0,1,8,0.0,1,8,0.0,1,8,0.0,1,8,0.0,1,8,-0.0,1,8,-9900,?,9,-9900,?,9,7.74,E,8,-3.28,E,8,44.0,E,8,822.9788000000001,E,8,999.0,E,8,0.46,E,8,-9900,?,9,-9900,?,9,0.0,E,8,-9900,?,9,-9900,?,9,0.0,0.0,E,8
05/22/2014,03:00,0.0,1332.633,0.0,1,8,0.0,1,8,0.0,1,8,0.0,1,8,0.0,1,8,0.0,1,8,-0.0,1,8,-9900,?,9,-9900,?,9,7.45,E,8,-3.36,E,8,44.0,E,8,822.9788000000001,E,8,999.0,E,8,0.46,E,8,-9900,?,9,-9900,?,9,0.0,E,8,-9900,?,9,-9900,?,9,0.0,0.0,E,8
05/22/2014,04:00,0.0,1332.112,0.0,1,8,0.0,1,8,0.0,1,8,0.0,1,8,0.0,1,8,0.0,1,8,-0.0,1,8,-9900,?,9,-9900,?,9,7.16,E,8,-3.45,E,8,45.0,E,8,822.9788000000001,E,8,999.0,E,8,0.46,E,8,-9900,?,9,-9900,?,9,0.0,E,8,-9900,?,9,-9900,?,9,0.0,0.0,E,8
05/22/2014,05:00,0.0,1332.112,0.0,1,8,0.0,1,8,0.0,1,8,0.0,1,8,0.0,1,8,0.0,1,8,-0.0,1,8,-9900,?,9,-9900,?,9,6.87,E,8,-3.53,E,8,45.0,E,8,822.9788000000001,E,8,999.0,E,8,0.46,E,8,-9900,?,9,-9900,?,9,0.0,E,8,-9900,?,9,-9900,?,9,0.0,0.0,E,8
05/22/2014,06:00,0.0,1332.112,0.0,1,8,0.0,1,8,0.0,1,8,0.0,1,8,0.0,1,8,0.0,1,8,-0.0,1,8,-9900,?,9,-9900,?,9,6.65,E,8,-3.6,E,8,46.0,E,8,822.9788000000001,E,8,999.0,E,8,0.46,E,8,-9900,?,9,-9900,?,9,0.0,E,8,-9900,?,9,-9900,?,9,0.0,0.0,E,8
05/22/2014,07:00,65.586,1332.112,0.0,1,8,0.0,1,8,0.0,1,8,0.0,1,8,0.0,1,8,0.0,1,8,0.0,1,8,-9900,?,9,-9900,?,9,6.46,E,8,-3.65,E,8,46.0,E,8,822.9788000000001,E,8,999.0,E,8,0.46,E,8,-9900,?,9,-9900,?,9,0.0,E,8,-9900,?,9,-9900,?,9,0.0,0.0,E,8
05/22/2014,08:00,349.252,1332.112,68.44,1,8,0.0,1,8,68.44,1,8,8212.8,1,8,0.0,1,8,7528.4,1,8,83.416,1,8,-9900,?,9,-9900,?,9,6.27,E,8,-3.71,E,8,47.0,E,8,822.9788000000001,E,8,999.0,E,8,0.46,E,8,-9900,?,9,-9900,?,9,0.0,E,8,-9900,?,9,-9900,?,9,0.0,0.0,E,8
05/22/2014,09:00,601.547,1332.112,232.21,1,8,61.144,1,8,204.63,1,8,27865.2,1,8,5808.693,1,8,22509.343,1,8,144.407,1,8,-9900,?,9,-9900,?,9,9.45,E,8,-2.79,E,8,40.0,E,8,822.9788000000001,E,8,999.0,E,8,0.46,E,8,-9900,?,9,-9900,?,9,0.0,E,8,-9900,?,9,-9900,?,9,0.0,0.0,E,8
05/22/2014,10:00,801.91,1332.112,378.92,1,8,71.454,1,8,335.928,1,8,45470.4,1,8,6788.155,1,8,36952.069,1,8,177.72,1,8,-9900,?,9,-9900,?,9,11.06,E,8,-2.35,E,8,38.0,E,8,822.9788000000001,E,8,999.0,E,8,0.46,E,8,-9900,?,9,-9900,?,9,0.0,E,8,-9900,?,9,-9900,?,9,0.0,0.0,E,8
05/22/2014,11:00,936.41,1332.112,488.9,1,8,123.603,1,8,402.039,1,8,58668.0,1,8,11742.322,1,8,44224.288,1,8,182.106,1,8,-9900,?,9,-9900,?,9,12.45,E,8,-1.98,E,8,35.0,E,8,822.9788000000001,E,8,999.0,E,8,0.46,E,8,-9900,?,9,-9900,?,9,0.0,E,8,-9900,?,9,-9900,?,9,0.0,0.0,E,8
05/22/2014,12:00,995.816,1332.112,552.87,1,8,149.558,1,8,441.094,1,8,66344.4,1,8,14208.038,1,8,48520.346,1,8,187.864,1,8,-9900,?,9,-9900,?,9,13.55,E,8,-1.7,E,8,34.0,E,8,822.9788000000001,E,8,999.0,E,8,0.46,E,8,-9900,?,9,-9900,?,9,0.0,E,8,-9900,?,9,-9900,?,9,0.0,0.0,E,8
05/22/2014,13:00,976.067,1332.112,565.97,1,8,243.071,1,8,387.912,1,8,67916.4,1,8,23091.766,1,8,42670.284,1,8,168.56,1,8,-9900,?,9,-9900,?,9,14.34,E,8,-1.5,E,8,33.0,E,8,822.9788000000001,E,8,999.0,E,8,0.91,E,8,-9900,?,9,-9900,?,9,0.0,E,8,-9900,?,9,-9900,?,9,0.0,0.0,E,8
05/22/2014,14:00,878.516,1332.112,527.23,1,8,298.044,1,8,330.747,1,8,63267.6,1,8,28314.227,1,8,36382.193,1,8,159.699,1,8,-9900,?,9,-9900,?,9,14.78,E,8,-1.39,E,8,32.0,E,8,822.9788000000001,E,8,999.0,E,8,1.71,E,8,-9900,?,9,-9900,?,9,0.0,E,8,-9900,?,9,-9900,?,9,0.0,0.0,E,8
05/22/2014,15:00,709.853,1332.112,439.55,1,8,384.816,1,8,234.641,1,8,52746.0,1,8,36557.561,1,8,25810.537,1,8,140.264,1,8,-9900,?,9,-9900,?,9,14.88,E,8,-1.36,E,8,32.0,E,8,822.9788000000001,E,8,999.0,E,8,2.56,E,8,-9900,?,9,-9900,?,9,0.0,E,8,-9900,?,9,-9900,?,9,0.0,0.0,E,8
05/22/2014,16:00,481.703,1332.112,309.84,1,8,511.842,1,8,125.111,1,8,37180.8,1,8,48624.946,1,8,13762.222,1,8,110.343,1,8,-9900,?,9,-9900,?,9,14.49,E,8,-1.46,E,8,32.0,E,8,822.9788000000001,E,8,999.0,E,8,2.35,E,8,-9900,?,9,-9900,?,9,0.0,E,8,-9900,?,9,-9900,?,9,0.0,0.0,E,8
05/22/2014,17:00,210.361,1332.112,150.68,1,8,424.192,1,8,84.417,1,8,18081.6,1,8,40298.193,1,8,9285.818,1,8,172.015,1,8,-9900,?,9,-9900,?,9,13.61,E,8,-1.68,E,8,34.0,E,8,822.9788000000001,E,8,999.0,E,8,1.8,E,8,-9900,?,9,-9900,?,9,0.0,E,8,-9900,?,9,-9900,?,9,0.0,0.0,E,8
05/22/2014,18:00,0.0,1332.112,7.11,1,8,0.0,1,8,0.0,1,8,853.2,1,8,0.0,1,8,0.0,1,8,-0.0,1,8,-9900,?,9,-9900,?,9,12.88,E,8,-1.87,E,8,35.0,E,8,822.9788000000001,E,8,999.0,E,8,0.93,E,8,-9900,?,9,-9900,?,9,0.0,E,8,-9900,?,9,-9900,?,9,0.0,0.0,E,8
05/22/2014,19:00,0.0,1332.112,0.0,1,8,0.0,1,8,0.0,1,8,0.0,1,8,0.0,1,8,0.0,1,8,-0.0,1,8,-9900,?,9,-9900,?,9,12.14,E,8,-2.06,E,8,36.0,E,8,822.9788000000001,E,8,999.0,E,8,0.46,E,8,-9900,?,9,-9900,?,9,0.0,E,8,-9900,?,9,-9900,?,9,0.0,0.0,E,8
05/22/2014,20:00,0.0,1332.112,0.0,1,8,0.0,1,8,0.0,1,8,0.0,1,8,0.0,1,8,0.0,1,8,-0.0,1,8,-9900,?,9,-9900,?,9,11.41,E,8,-2.26,E,8,37.0,E,8,822.9788000000001,E,8,999.0,E,8,0.46,E,8,-9900,?,9,-9900,?,9,0.0,E,8,-9900,?,9,-9900,?,9,0.0,0.0,E,8
05/22/2014,21:00,0.0,1332.112,0.0,1,8,0.0,1,8,0.0,1,8,0.0,1,8,0.0,1,8,0.0,1,8,-0.0,1,8,-9900,?,9,-9900,?,9,10.68,E,8,-2.45,E,8,38.0,E,8,822.9788000000001,E,8,999.0,E,8,0.46,E,8,-9900,?,9,-9900,?,9,0.0,E,8,-9900,?,9,-9900,?,9,0.0,0.0,E,8
05/22/2014,22:00,0.0,1332.112,0.0,1,8,0.0,1,8,0.0,1,8,0.0,1,8,0.0,1,8,0.0,1,8,-0.0,1,8,-9900,?,9,-9900,?,9,9.95,E,8,-2.65,E,8,40.0,E,8,822.9788000000001,E,8,999.0,E,8,0.46,E,8,-9900,?,9,-9900,?,9,0.0,E,8,-9900,?,9,-9900,?,9,0.0,0.0,E,8
05/22/2014,23:00,0.0,1332.112,0.0,1,8,0.0,1,8,0.0,1,8,0.0,1,8,0.0,1,8,0.0,1,8,-0.0,1,8,-9900,?,9,-9900,?,9,9.21,E,8,-2.86,E,8,41.0,E,8,822.9788000000001,E,8,999.0,E,8,0.46,E,8,-9900,?,9,-9900,?,9,0.0,E,8,-9900,?,9,-9900,?,9,0.0,0.0,E,8
05/22/2014,24:00,0.0,1332.112,0.0,1,8,0.0,1,8,0.0,1,8,0.0,1,8,0.0,1,8,0.0,1,8,-0.0,1,8,-9900,?,9,-9900,?,9,8.48,E,8,-1.43,E,8,48.0,E,8,822.9788000000001,E,8,999.0,E,8,0.26,E,8,-9900,?,9,-9900,?,9,0.0,E,8,-9900,?,9,-9900,?,9,0.0,0.0,E,8
05/23/2014,01:00,0.0,1332.112,0.0,1,8,0.0,1,8,0.0,1,8,0.0,1,8,0.0,1,8,0.0,1,8,-0.0,1,8,-9900,?,9,-9900,?,9,8.12,E,8,-1.39,E,8,50.0,E,8,822.9788000000001,E,8,999.0,E,8,0.26,E,8,-9900,?,9,-9900,?,9,0.0,E,8,-9900,?,9,-9900,?,9,0.0,0.0,E,8
05/23/2014,02:00,0.0,1332.112,0.0,1,8,0.0,1,8,0.0,1,8,0.0,1,8,0.0,1,8,0.0,1,8,-0.0,1,8,-9900,?,9,-9900,?,9,7.75,E,8,-1.35,E,8,51.0,E,8,822.9788000000001,E,8,999.0,E,8,0.26,E,8,-9900,?,9,-9900,?,9,0.0,E,8,-9900,?,9,-9900,?,9,0.0,0.0,E,8
05/23/2014,03:00,0.0,1332.112,0.0,1,8,0.0,1,8,0.0,1,8,0.0,1,8,0.0,1,8,0.0,1,8,-0.0,1,8,-9900,?,9,-9900,?,9,7.38,E,8,-1.32,E,8,53.0,E,8,822.9788000000001,E,8,999.0,E,8,0.26,E,8,-9900,?,9,-9900,?,9,0.0,E,8,-9900,?,9,-9900,?,9,0.0,0.0,E,8
05/23/2014,04:00,0.0,1331.601,0.0,1,8,0.0,1,8,0.0,1,8,0.0,1,8,0.0,1,8,0.0,1,8,-0.0,1,8,-9900,?,9,-9900,?,9,7.02,E,8,-1.28,E,8,54.0,E,8,822.9788000000001,E,8,999.0,E,8,0.26,E,8,-9900,?,9,-9900,?,9,0.0,E,8,-9900,?,9,-9900,?,9,0.0,0.0,E,8
05/23/2014,05:00,0.0,1331.601,0.0,1,8,0.0,1,8,0.0,1,8,0.0,1,8,0.0,1,8,0.0,1,8,-0.0,1,8,-9900,?,9,-9900,?,9,6.65,E,8,-1.24,E,8,56.0,E,8,822.9788000000001,E,8,999.0,E,8,0.26,E,8,-9900,?,9,-9900,?,9,0.0,E,8,-9900,?,9,-9900,?,9,0.0,0.0,E,8
05/23/2014,06:00,0.0,1331.601,0.0,1,8,0.0,1,8,0.0,1,8,0.0,1,8,0.0,1,8,0.0,1,8,-0.0,1,8,-9900,?,9,-9900,?,9,6.37,E,8,-1.22,E,8,57.0,E,8,822.9788000000001,E,8,999.0,E,8,0.26,E,8,-9900,?,9,-9900,?,9,0.0,E,8,-9900,?,9,-9900,?,9,0.0,0.0,E,8
05/23/2014,07:00,63.476,1331.601,0.0,1,8,0.0,1,8,0.0,1,8,0.0,1,8,0.0,1,8,0.0,1,8,0.0,1,8,-9900,?,9,-9900,?,9,6.12,E,8,-1.19,E,8,58.0,E,8,822.9788000000001,E,8,999.0,E,8,0.26,E,8,-9900,?,9,-9900,?,9,0.0,E,8,-9900,?,9,-9900,?,9,0.0,0.0,E,8
05/23/2014,08:00,346.595,1331.601,62.24,1,8,0.0,1,8,62.24,1,8,7468.8,1,8,0.0,1,8,6846.4,1,8,76.417,1,8,-9900,?,9,-9900,?,9,5.88,E,8,-1.17,E,8,59.0,E,8,822.9788000000001,E,8,999.0,E,8,0.39,E,8,-9900,?,9,-9900,?,9,0.0,E,8,-9900,?,9,-9900,?,9,0.0,0.0,E,8
05/23/2014,09:00,598.525,1331.601,213.7,1,8,44.116,1,8,193.894,1,8,25644.0,1,8,4191.0,1,8,21328.318,1,8,137.47,1,8,-9900,?,9,-9900,?,9,8.82,E,8,-1.46,E,8,47.0,E,8,822.9788000000001,E,8,999.0,E,8,0.64,E,8,-9900,?,9,-9900,?,9,0.0,E,8,-9900,?,9,-9900,?,9,0.0,0.0,E,8
05/23/2014,10:00,798.635,1331.601,349.57,1,8,52.761,1,8,317.943,1,8,41948.4,1,8,5012.249,1,8,34973.741,1,8,168.831,1,8,-9900,?,9,-9900,?,9,10.32,E,8,-1.61,E,8,42.0,E,8,822.9788000000001,E,8,999.0,E,8,1.19,E,8,-9900,?,9,-9900,?,9,0.0,E,8,-9900,?,9,-9900,?,9,0.0,0.0,E,8
05/23/2014,11:00,933.009,1331.601,451.46,1,8,91.723,1,8,387.212,1,8,54175.2,1,8,8713.732,1,8,42593.314,1,8,175.962,1,8,-9900,?,9,-9900,?,9,11.61,E,8,-1.74,E,8,38.0,E,8,822.9788000000001,E,8,999.0,E,8,1.47,E,8,-9900,?,9,-9900,?,9,0.0,E,8,-9900,?,9,-9900,?,9,0.0,0.0,E,8
05/23/2014,12:00,992.424,1331.601,510.76,1,8,111.284,1,8,427.841,1,8,61291.2,1,8,10571.944,1,8,47062.552,1,8,182.773,1,8,-9900,?,9,-9900,?,9,12.64,E,8,-1.85,E,8,35.0,E,8,822.9788000000001,E,8,999.0,E,8,1.96,E,8,-9900,?,9,-9900,?,9,0.0,E,8,-9900,?,9,-9900,?,9,0.0,0.0,E,8
05/23/2014,13:00,972.815,1331.601,522.96,1,8,134.275,1,8,424.889,1,8,62755.2,1,8,12756.148,1,8,46737.789,1,8,185.174,1,8,-9900,?,9,-9900,?,9,13.37,E,8,-1.92,E,8,33.0,E,8,822.9788000000001,E,8,999.0,E,8,1.64,E,8,-9900,?,9,-9900,?,9,0.0,E,8,-9900,?,9,-9900,?,9,0.0,0.0,E,8
05/23/2014,14:00,875.529,1331.601,487.15,1,8,225.185,1,8,339.148,1,8,58458.0,1,8,21392.56,1,8,37306.251,1,8,164.252,1,8,-9900,?,9,-9900,?,9,13.78,E,8,-1.96,E,8,32.0,E,8,822.9788000000001,E,8,999.0,E,8,2.15,E,8,-9900,?,9,-9900,?,9,0.0,E,8,-9900,?,9,-9900,?,9,0.0,0.0,E,8
05/23/2014,15:00,707.237,1331.601,406.01,1,8,286.67,1,8,253.868,1,8,48721.2,1,8,27233.658,1,8,27925.466,1,8,152.262,1,8,-9900,?,9,-9900,?,9,13.87,E,8,-1.97,E,8,32.0,E,8,822.9788000000001,E,8,999.0,E,8,1.48,E,8,-9900,?,9,-9900,?,9,0.0,E,8,-9900,?,9,-9900,?,9,0.0,0.0,E,8
05/23/2014,16:00,479.539,1331.601,285.96,1,8,394.748,1,8,144.079,1,8,34315.2,1,8,37501.08,1,8,15848.744,1,8,127.6,1,8,-9900,?,9,-9900,?,9,13.51,E,8,-1.94,E,8,33.0,E,8,822.9788000000001,E,8,999.0,E,8,1.63,E,8,-9900,?,9,-9900,?,9,0.0,E,8,-9900,?,9,-9900,?,9,0.0,0.0,E,8
05/23/2014,17:00,208.708,1331.601,138.66,1,8,431.476,1,8,71.774,1,8,16639.2,1,8,40990.242,1,8,7895.086,1,8,147.378,1,8,-9900,?,9,-9900,?,9,12.69,E,8,-1.85,E,8,35.0,E,8,822.9788000000001,E,8,999.0,E,8,1.59,E,8,-9900,?,9,-9900,?,9,0.0,E,8,-9900,?,9,-9900,?,9,0.0,0.0,E,8
05/23/2014,18:00,0.0,1331.601,6.29,1,8,0.0,1,8,0.0,1,8,754.8,1,8,0.0,1,8,0.0,1,8,-0.0,1,8,-9900,?,9,-9900,?,9,12.08,E,8,-1.79,E,8,37.0,E,8,822.9788000000001,E,8,999.0,E,8,0.99,E,8,-9900,?,9,-9900,?,9,0.0,E,8,-9900,?,9,-9900,?,9,0.0,0.0,E,8
05/23/2014,19:00,0.0,1331.601,0.0,1,8,0.0,1,8,0.0,1,8,0.0,1,8,0.0,1,8,0.0,1,8,-0.0,1,8,-9900,?,9,-9900,?,9,11.46,E,8,-1.73,E,8,39.0,E,8,822.9788000000001,E,8,999.0,E,8,0.26,E,8,-9900,?,9,-9900,?,9,0.0,E,8,-9900,?,9,-9900,?,9,0.0,0.0,E,8
05/23/2014,20:00,0.0,1331.601,0.0,1,8,0.0,1,8,0.0,1,8,0.0,1,8,0.0,1,8,0.0,1,8,-0.0,1,8,-9900,?,9,-9900,?,9,10.85,E,8,-1.66,E,8,40.0,E,8,822.9788000000001,E,8,999.0,E,8,0.26,E,8,-9900,?,9,-9900,?,9,0.0,E,8,-9900,?,9,-9900,?,9,0.0,0.0,E,8
05/23/2014,21:00,0.0,1331.601,0.0,1,8,0.0,1,8,0.0,1,8,0.0,1,8,0.0,1,8,0.0,1,8,-0.0,1,8,-9900,?,9,-9900,?,9,10.24,E,8,-1.6,E,8,42.0,E,8,822.9788000000001,E,8,999.0,E,8,0.26,E,8,-9900,?,9,-9900,?,9,0.0,E,8,-9900,?,9,-9900,?,9,0.0,0.0,E,8
05/23/2014,22:00,0.0,1331.601,0.0,1,8,0.0,1,8,0.0,1,8,0.0,1,8,0.0,1,8,0.0,1,8,-0.0,1,8,-9900,?,9,-9900,?,9,9.63,E,8,-1.54,E,8,44.0,E,8,822.9788000000001,E,8,999.0,E,8,0.26,E,8,-9900,?,9,-9900,?,9,0.0,E,8,-9900,?,9,-9900,?,9,0.0,0.0,E,8
05/23/2014,23:00,0.0,1331.601,0.0,1,8,0.0,1,8,0.0,1,8,0.0,1,8,0.0,1,8,0.0,1,8,-0.0,1,8,-9900,?,9,-9900,?,9,9.01,E,8,-1.48,E,8,47.0,E,8,822.9788000000001,E,8,999.0,E,8,0.26,E,8,-9900,?,9,-9900,?,9,0.0,E,8,-9900,?,9,-9900,?,9,0.0,0.0,E,8
05/23/2014,24:00,0.0,1331.601,0.0,1,8,0.0,1,8,0.0,1,8,0.0,1,8,0.0,1,8,0.0,1,8,-0.0,1,8,-9900,?,9,-9900,?,9,8.4,E,8,3.06,E,8,69.0,E,8,822.9788000000001,E,8,999.0,E,8,0.13,E,8,-9900,?,9,-9900,?,9,0.0,E,8,-9900,?,9,-9900,?,9,0.0,0.0,E,8
05/24/2014,01:00,0.0,1331.601,0.0,1,8,0.0,1,8,0.0,1,8,0.0,1,8,0.0,1,8,0.0,1,8,-0.0,1,8,-9900,?,9,-9900,?,9,8.1,E,8,3.41,E,8,72.0,E,8,822.9788000000001,E,8,999.0,E,8,0.13,E,8,-9900,?,9,-9900,?,9,0.0,E,8,-9900,?,9,-9900,?,9,0.0,0.0,E,8
05/24/2014,02:00,0.0,1331.601,0.0,1,8,0.0,1,8,0.0,1,8,0.0,1,8,0.0,1,8,0.0,1,8,-0.0,1,8,-9900,?,9,-9900,?,9,7.79,E,8,3.77,E,8,75.0,E,8,822.9788000000001,E,8,999.0,E,8,0.13,E,8,-9900,?,9,-9900,?,9,0.0,E,8,-9900,?,9,-9900,?,9,0.0,0.0,E,8
05/24/2014,03:00,0.0,1331.601,0.0,1,8,0.0,1,8,0.0,1,8,0.0,1,8,0.0,1,8,0.0,1,8,-0.0,1,8,-9900,?,9,-9900,?,9,7.48,E,8,4.11,E,8,79.0,E,8,822.9788000000001,E,8,999.0,E,8,0.13,E,8,-9900,?,9,-9900,?,9,0.0,E,8,-9900,?,9,-9900,?,9,0.0,0.0,E,8
05/24/2014,04:00,0.0,1331.1,0.0,1,8,0.0,1,8,0.0,1,8,0.0,1,8,0.0,1,8,0.0,1,8,-0.0,1,8,-9900,?,9,-9900,?,9,7.18,E,8,4.44,E,8,82.0,E,8,822.9788000000001,E,8,999.0,E,8,0.13,E,8,-9900,?,9,-9900,?,9,0.0,E,8,-9900,?,9,-9900,?,9,0.0,0.0,E,8
05/24/2014,05:00,0.0,1331.1,0.0,1,8,0.0,1,8,0.0,1,8,0.0,1,8,0.0,1,8,0.0,1,8,-0.0,1,8,-9900,?,9,-9900,?,9,6.87,E,8,4.77,E,8,86.0,E,8,822.9788000000001,E,8,999.0,E,8,0.13,E,8,-9900,?,9,-9900,?,9,0.0,E,8,-9900,?,9,-9900,?,9,0.0,0.0,E,8
05/24/2014,06:00,0.0,1331.1,0.0,1,8,0.0,1,8,0.0,1,8,0.0,1,8,0.0,1,8,0.0,1,8,-0.0,1,8,-9900,?,9,-9900,?,9,6.63,E,8,5.02,E,8,89.0,E,8,822.9788000000001,E,8,999.0,E,8,0.13,E,8,-9900,?,9,-9900,?,9,0.0,E,8,-9900,?,9,-9900,?,9,0.0,0.0,E,8
05/24/2014,07:00,61.382,1331.1,0.0,1,8,0.0,1,8,0.0,1,8,0.0,1,8,0.0,1,8,0.0,1,8,0.0,1,8,-9900,?,9,-9900,?,9,6.43,E,8,5.23,E,8,92.0,E,8,822.9788000000001,E,8,999.0,E,8,0.13,E,8,-9900,?,9,-9900,?,9,0.0,E,8,-9900,?,9,-9900,?,9,0.0,0.0,E,8
05/24/2014,08:00,343.965,1331.1,60.68,1,8,0.0,1,8,60.68,1,8,7281.6,1,8,0.0,1,8,6674.8,1,8,75.047,1,8,-9900,?,9,-9900,?,9,6.23,E,8,5.43,E,8,94.0,E,8,822.9788000000001,E,8,999.0,E,8,0.13,E,8,-9900,?,9,-9900,?,9,0.0,E,8,-9900,?,9,-9900,?,9,0.0,0.0,E,8
05/24/2014,09:00,595.545,1331.1,210.86,1,8,41.367,1,8,192.374,1,8,25303.2,1,8,3929.826,1,8,21161.122,1,8,137.025,1,8,-9900,?,9,-9900,?,9,9.14,E,8,2.16,E,8,61.0,E,8,822.9788000000001,E,8,999.0,E,8,0.13,E,8,-9900,?,9,-9900,?,9,0.0,E,8,-9900,?,9,-9900,?,9,0.0,0.0,E,8
05/24/2014,10:00,795.419,1331.1,345.77,1,8,51.447,1,8,315.043,1,8,41492.4,1,8,4887.488,1,8,34654.748,1,8,167.905,1,8,-9900,?,9,-9900,?,9,10.64,E,8,0.17,E,8,48.0,E,8,822.9788000000001,E,8,999.0,E,8,0.28,E,8,-9900,?,9,-9900,?,9,0.0,E,8,-9900,?,9,-9900,?,9,0.0,0.0,E,8
05/24/2014,11:00,929.681,1331.1,446.99,1,8,89.628,1,8,384.411,1,8,53638.8,1,8,8514.627,1,8,42285.166,1,8,175.249,1,8,-9900,?,9,-9900,?,9,11.93,E,8,-1.58,E,8,38.0,E,8,822.9788000000001,E,8,999.0,E,8,0.64,E,8,-9900,?,9,-9900,?,9,0.0,E,8,-9900,?,9,-9900,?,9,0.0,0.0,E,8
05/24/2014,12:00,989.117,1331.1,505.93,1,8,108.823,1,8,425.085,1,8,60711.6,1,8,10338.165,1,8,46759.348,1,8,182.135,1,8,-9900,?,9,-9900,?,9,12.96,E,8,-3.15,E,8,31.0,E,8,822.9788000000001,E,8,999.0,E,8,1.08,E,8,-9900,?,9,-9900,?,9,0.0,E,8,-9900,?,9,-9900,?,9,0.0,0.0,E,8
05/24/2014,13:00,969.661,1331.1,518.11,1,8,131.38,1,8,422.429,1,8,62173.2,1,8,12481.118,1,8,46467.182,1,8,184.632,1,8,-9900,?,9,-9900,?,9,13.69,E,8,-4.38,E,8,27.0,E,8,822.9788000000001,E,8,999.0,E,8,1.9,E,8,-9900,?,9,-9900,?,9,0.0,E,8,-9900,?,9,-9900,?,9,0.0,0.0,E,8
05/24/2014,14:00,872.647,1331.1,482.64,1,8,220.521,1,8,338.127,1,8,57916.8,1,8,20949.469,1,8,37193.921,1,8,164.237,1,8,-9900,?,9,-9900,?,9,14.1,E,8,-5.14,E,8,24.0,E,8,822.9788000000001,E,8,999.0,E,8,1.91,E,8,-9900,?,9,-9900,?,9,0.0,E,8,-9900,?,9,-9900,?,9,0.0,0.0,E,8
05/24/2014,15:00,704.729,1331.1,402.14,1,8,281.048,1,8,253.456,1,8,48256.8,1,8,26699.526,1,8,27880.14,1,8,152.499,1,8,-9900,?,9,-9900,?,9,14.19,E,8,-5.31,E,8,24.0,E,8,822.9788000000001,E,8,999.0,E,8,2.22,E,8,-9900,?,9,-9900,?,9,0.0,E,8,-9900,?,9,-9900,?,9,0.0,0.0,E,8
05/24/2014,16:00,477.482,1331.1,283.01,1,8,387.812,1,8,144.17,1,8,33961.2,1,8,36842.181,1,8,15858.741,1,8,128.184,1,8,-9900,?,9,-9900,?,9,13.84,E,8,-4.65,E,8,26.0,E,8,822.9788000000001,E,8,999.0,E,8,2.06,E,8,-9900,?,9,-9900,?,9,0.0,E,8,-9900,?,9,-9900,?,9,0.0,0.0,E,8
05/24/2014,17:00,207.156,1331.1,136.85,1,8,430.643,1,8,70.574,1,8,16422.0,1,8,40911.082,1,8,7763.17,1,8,145.969,1,8,-9900,?,9,-9900,?,9,13.02,E,8,-3.24,E,8,31.0,E,8,822.9788000000001,E,8,999.0,E,8,1.89,E,8,-9900,?,9,-9900,?,9,0.0,E,8,-9900,?,9,-9900,?,9,0.0,0.0,E,8
05/24/2014,18:00,0.0,1331.1,5.98,1,8,0.0,1,8,0.0,1,8,717.6,1,8,0.0,1,8,0.0,1,8,-0.0,1,8,-9900,?,9,-9900,?,9,12.41,E,8,-2.29,E,8,35.0,E,8,822.9788000000001,E,8,999.0,E,8,1.83,E,8,-9900,?,9,-9900,?,9,0.0,E,8,-9900,?,9,-9900,?,9,0.0,0.0,E,8
05/24/2014,19:00,0.0,1331.1,0.0,1,8,0.0,1,8,0.0,1,8,0.0,1,8,0.0,1,8,0.0,1,8,-0.0,1,8,-9900,?,9,-9900,?,9,11.8,E,8,-1.39,E,8,39.0,E,8,822.9788000000001,E,8,999.0,E,8,1.05,E,8,-9900,?,9,-9900,?,9,0.0,E,8,-9900,?,9,-9900,?,9,0.0,0.0,E,8
05/24/2014,20:00,0.0,1331.1,0.0,1,8,0.0,1,8,0.0,1,8,0.0,1,8,0.0,1,8,0.0,1,8,-0.0,1,8,-9900,?,9,-9900,?,9,11.2,E,8,-0.57,E,8,43.0,E,8,822.9788000000001,E,8,999.0,E,8,0.8,E,8,-9900,?,9,-9900,?,9,0.0,E,8,-9900,?,9,-9900,?,9,0.0,0.0,E,8
05/24/2014,21:00,0.0,1331.1,0.0,1,8,0.0,1,8,0.0,1,8,0.0,1,8,0.0,1,8,0.0,1,8,-0.0,1,8,-9900,?,9,-9900,?,9,10.59,E,8,0.24,E,8,48.0,E,8,822.9788000000001,E,8,999.0,E,8,0.58,E,8,-9900,?,9,-9900,?,9,0.0,E,8,-9900,?,9,-9900,?,9,0.0,0.0,E,8
05/24/2014,22:00,0.0,1331.1,0.0,1,8,0.0,1,8,0.0,1,8,0.0,1,8,0.0,1,8,0.0,1,8,-0.0,1,8,-9900,?,9,-9900,?,9,9.98,E,8,1.08,E,8,53.0,E,8,822.9788000000001,E,8,999.0,E,8,0.5,E,8,-9900,?,9,-9900,?,9,0.0,E,8,-9900,?,9,-9900,?,9,0.0,0.0,E,8
05/24/2014,23:00,0.0,1331.1,0.0,1,8,0.0,1,8,0.0,1,8,0.0,1,8,0.0,1,8,0.0,1,8,-0.0,1,8,-9900,?,9,-9900,?,9,9.37,E,8,1.87,E,8,59.0,E,8,822.9788000000001,E,8,999.0,E,8,0.53,E,8,-9900,?,9,-9900,?,9,0.0,E,8,-9900,?,9,-9900,?,9,0.0,0.0,E,8
05/24/2014,24:00,0.0,1331.1,0.0,1,8,0.0,1,8,0.0,1,8,0.0,1,8,0.0,1,8,0.0,1,8,-0.0,1,8,-9900,?,9,-9900,?,9,8.76,E,8,3.12,E,8,67.0,E,8,822.9788000000001,E,8,999.0,E,8,3.77,E,8,-9900,?,9,-9900,?,9,0.0,E,8,-9900,?,9,-9900,?,9,0.0,0.0,E,8
05/25/2014,01:00,0.0,1331.1,0.0,1,8,0.0,1,8,0.0,1,8,0.0,1,8,0.0,1,8,0.0,1,8,-0.0,1,8,-9900,?,9,-9900,?,9,8.46,E,8,3.56,E,8,71.0,E,8,822.9788000000001,E,8,999.0,E,8,2.72,E,8,-9900,?,9,-9900,?,9,0.0,E,8,-9900,?,9,-9900,?,9,0.0,0.0,E,8
05/25/2014,02:00,0.0,1331.1,0.0,1,8,0.0,1,8,0.0,1,8,0.0,1,8,0.0,1,8,0.0,1,8,-0.0,1,8,-9900,?,9,-9900,?,9,8.16,E,8,3.98,E,8,74.0,E,8,822.9788000000001,E,8,999.0,E,8,1.41,E,8,-9900,?,9,-9900,?,9,0.0,E,8,-9900,?,9,-9900,?,9,0.0,0.0,E,8
05/25/2014,03:00,0.0,1331.1,0.0,1,8,0.0,1,8,0.0,1,8,0.0,1,8,0.0,1,8,0.0,1,8,-0.0,1,8,-9900,?,9,-9900,?,9,7.85,E,8,4.4,E,8,78.0,E,8,822.9788000000001,E,8,999.0,E,8,0.96,E,8,-9900,?,9,-9900,?,9,0.0,E,8,-9900,?,9,-9900,?,9,0.0,0.0,E,8
05/25/2014,04:00,0.0,1330.61,0.0,1,8,0.0,1,8,0.0,1,8,0.0,1,8,0.0,1,8,0.0,1,8,-0.0,1,8,-9900,?,9,-9900,?,9,7.55,E,8,4.8,E,8,82.0,E,8,822.9788000000001,E,8,999.0,E,8,0.96,E,8,-9900,?,9,-9900,?,9,0.0,E,8,-9900,?,9,-9900,?,9,0.0,0.0,E,8
05/25/2014,05:00,0.0,1330.61,0.0,1,8,0.0,1,8,0.0,1,8,0.0,1,8,0.0,1,8,0.0,1,8,-0.0,1,8,-9900,?,9,-9900,?,9,7.24,E,8,5.2,E,8,86.0,E,8,822.9788000000001,E,8,999.0,E,8,0.96,E,8,-9900,?,9,-9900,?,9,0.0,E,8,-9900,?,9,-9900,?,9,0.0,0.0,E,8
05/25/2014,06:00,0.0,1330.61,0.0,1,8,0.0,1,8,0.0,1,8,0.0,1,8,0.0,1,8,0.0,1,8,-0.0,1,8,-9900,?,9,-9900,?,9,7.01,E,8,5.49,E,8,90.0,E,8,822.9788000000001,E,8,999.0,E,8,1.43,E,8,-9900,?,9,-9900,?,9,0.0,E,8,-9900,?,9,-9900,?,9,0.0,0.0,E,8
05/25/2014,07:00,59.307,1330.61,0.0,1,8,0.0,1,8,0.0,1,8,0.0,1,8,0.0,1,8,0.0,1,8,0.0,1,8,-9900,?,9,-9900,?,9,6.81,E,8,5.74,E,8,92.0,E,8,822.9788000000001,E,8,999.0,E,8,1.17,E,8,-9900,?,9,-9900,?,9,0.0,E,8,-9900,?,9,-9900,?,9,0.0,0.0,E,8
05/25/2014,08:00,341.363,1330.61,61.61,1,8,0.0,1,8,61.61,1,8,7393.2,1,8,0.0,1,8,6777.1,1,8,76.755,1,8,-9900,?,9,-9900,?,9,6.61,E,8,5.99,E,8,95.0,E,8,822.9788000000001,E,8,999.0,E,8,1.01,E,8,-9900,?,9,-9900,?,9,0.0,E,8,-9900,?,9,-9900,?,9,0.0,0.0,E,8
05/25/2014,09:00,592.609,1330.61,236.38,1,8,87.295,1,8,197.548,1,8,28365.6,1,8,8292.978,1,8,21730.256,1,8,141.357,1,8,-9900,?,9,-9900,?,9,9.41,E,8,2.14,E,8,60.0,E,8,822.9788000000001,E,8,999.0,E,8,1.24,E,8,-9900,?,9,-9900,?,9,0.0,E,8,-9900,?,9,-9900,?,9,0.0,0.0,E,8
05/25/2014,10:00,792.263,1330.61,391.34,1,8,85.688,1,8,340.347,1,8,46960.8,1,8,8140.359,1,8,37438.222,1,8,182.048,1,8,-9900,?,9,-9900,?,9,10.92,E,8,-0.35,E,8,45.0,E,8,822.9788000000001,E,8,999.0,E,8,2.57,E,8,-9900,?,9,-9900,?,9,0.0,E,8,-9900,?,9,-9900,?,9,0.0,0.0,E,8
05/25/2014,11:00,926.429,1330.61,515.97,1,8,202.275,1,8,375.181,1,8,61916.4,1,8,19216.107,1,8,41269.948,1,8,171.58,1,8,-9900,?,9,-9900,?,9,12.27,E,8,-2.75,E,8,34.0,E,8,822.9788000000001,E,8,999.0,E,8,5.74,E,8,-9900,?,9,-9900,?,9,0.0,E,8,-9900,?,9,-9900,?,9,0.0,0.0,E,8
05/25/2014,12:00,985.899,1330.61,607.04,1,8,292.126,1,8,390.645,1,8,72844.8,1,8,27751.95,1,8,42970.972,1,8,167.863,1,8,-9900,?,9,-9900,?,9,13.41,E,8,-5.19,E,8,25.0,E,8,822.9788000000001,E,8,999.0,E,8,6.15,E,8,-9900,?,9,-9900,?,9,0.0,E,8,-9900,?,9,-9900,?,9,0.0,0.0,E,8
05/25/2014,13:00,966.605,1330.61,652.39,1,8,391.842,1,8,367.816,1,8,78286.8,1,8,37225.027,1,8,40459.735,1,8,161.212,1,8,-9900,?,9,-9900,?,9,14.32,E,8,-7.54,E,8,19.0,E,8,822.9788000000001,E,8,999.0,E,8,7.55,E,8,-9900,?,9,-9900,?,9,0.0,E,8,-9900,?,9,-9900,?,9,0.0,0.0,E,8
05/25/2014,14:00,869.871,1330.61,630.56,1,8,596.72,1,8,240.615,1,8,75667.2,1,8,56688.381,1,8,26467.607,1,8,117.203,1,8,-9900,?,9,-9900,?,9,14.91,E,8,-9.34,E,8,16.0,E,8,822.9788000000001,E,8,999.0,E,8,7.41,E,8,-9900,?,9,-9900,?,9,0.0,E,8,-9900,?,9,-9900,?,9,0.0,0.0,E,8
05/25/2014,15:00,702.33,1330.61,513.35,1,8,677.398,1,8,156.073,1,8,61602.0,1,8,64352.85,1,8,17168.01,1,8,94.192,1,8,-9900,?,9,-9900,?,9,15.08,E,8,-9.9,E,8,15.0,E,8,822.9788000000001,E,8,999.0,E,8,8.39,E,8,-9900,?,9,-9900,?,9,0.0,E,8,-9900,?,9,-9900,?,9,0.0,0.0,E,8
05/25/2014,16:00,475.533,1330.61,374.28,1,8,751.8,1,8,106.135,1,8,44913.6,1,8,71420.986,1,8,11674.818,1,8,94.72,1,8,-9900,?,9,-9900,?,9,14.8,E,8,-8.98,E,8,16.0,E,8,822.9788000000001,E,8,999.0,E,8,5.4,E,8,-9900,?,9,-9900,?,9,0.0,E,8,-9900,?,9,-9900,?,9,0.0,0.0,E,8
05/25/2014,17:00,205.706,1330.61,206.92,1,8,334.949,1,8,155.721,1,8,24830.4,1,8,31820.147,1,8,17129.315,1,8,324.276,1,8,-9900,?,9,-9900,?,9,14.05,E,8,-6.79,E,8,21.0,E,8,822.9788000000001,E,8,999.0,E,8,4.01,E,8,-9900,?,9,-9900,?,9,0.0,E,8,-9900,?,9,-9900,?,9,0.0,0.0,E,8
05/25/2014,18:00,0.0,1330.61,14.59,1,8,0.0,1,8,0.0,1,8,1750.8,1,8,0.0,1,8,0.0,1,8,-0.0,1,8,-9900,?,9,-9900,?,9,13.37,E,8,-5.09,E,8,25.0,E,8,822.9788000000001,E,8,999.0,E,8,3.09,E,8,-9900,?,9,-9900,?,9,0.0,E,8,-9900,?,9,-9900,?,9,0.0,0.0,E,8
05/25/2014,19:00,0.0,1330.61,0.0,1,8,0.0,1,8,0.0,1,8,0.0,1,8,0.0,1,8,0.0,1,8,-0.0,1,8,-9900,?,9,-9900,?,9,12.7,E,8,-3.61,E,8,30.0,E,8,822.9788000000001,E,8,999.0,E,8,3.15,E,8,-9900,?,9,-9900,?,9,0.0,E,8,-9900,?,9,-9900,?,9,0.0,0.0,E,8
05/25/2014,20:00,0.0,1330.61,0.0,1,8,0.0,1,8,0.0,1,8,0.0,1,8,0.0,1,8,0.0,1,8,-0.0,1,8,-9900,?,9,-9900,?,9,12.02,E,8,-2.27,E,8,36.0,E,8,822.9788000000001,E,8,999.0,E,8,0.96,E,8,-9900,?,9,-9900,?,9,0.0,E,8,-9900,?,9,-9900,?,9,0.0,0.0,E,8
05/25/2014,21:00,0.0,1330.61,0.0,1,8,0.0,1,8,0.0,1,8,0.0,1,8,0.0,1,8,0.0,1,8,-0.0,1,8,-9900,?,9,-9900,?,9,11.34,E,8,-1.05,E,8,41.0,E,8,822.9788000000001,E,8,999.0,E,8,1.31,E,8,-9900,?,9,-9900,?,9,0.0,E,8,-9900,?,9,-9900,?,9,0.0,0.0,E,8
05/25/2014,22:00,0.0,1330.61,0.0,1,8,0.0,1,8,0.0,1,8,0.0,1,8,0.0,1,8,0.0,1,8,-0.0,1,8,-9900,?,9,-9900,?,9,10.66,E,8,0.07,E,8,47.0,E,8,822.9788000000001,E,8,999.0,E,8,0.96,E,8,-9900,?,9,-9900,?,9,0.0,E,8,-9900,?,9,-9900,?,9,0.0,0.0,E,8
05/25/2014,23:00,0.0,1330.61,0.0,1,8,0.0,1,8,0.0,1,8,0.0,1,8,0.0,1,8,0.0,1,8,-0.0,1,8,-9900,?,9,-9900,?,9,9.99,E,8,1.22,E,8,54.0,E,8,822.9788000000001,E,8,999.0,E,8,0.96,E,8,-9900,?,9,-9900,?,9,0.0,E,8,-9900,?,9,-9900,?,9,0.0,0.0,E,8
05/25/2014,24:00,0.0,1330.61,0.0,1,8,0.0,1,8,0.0,1,8,0.0,1,8,0.0,1,8,0.0,1,8,-0.0,1,8,-9900,?,9,-9900,?,9,9.31,E,8,4.65,E,8,72.0,E,8,822.9788000000001,E,8,999.0,E,8,0.41,E,8,-9900,?,9,-9900,?,9,0.0,E,8,-9900,?,9,-9900,?,9,0.0,0.0,E,8
05/26/2014,01:00,0.0,1330.61,0.0,1,8,0.0,1,8,0.0,1,8,0.0,1,8,0.0,1,8,0.0,1,8,-0.0,1,8,-9900,?,9,-9900,?,9,8.97,E,8,4.72,E,8,74.0,E,8,822.9788000000001,E,8,999.0,E,8,0.41,E,8,-9900,?,9,-9900,?,9,0.0,E,8,-9900,?,9,-9900,?,9,0.0,0.0,E,8
05/26/2014,02:00,0.0,1330.61,0.0,1,8,0.0,1,8,0.0,1,8,0.0,1,8,0.0,1,8,0.0,1,8,-0.0,1,8,-9900,?,9,-9900,?,9,8.63,E,8,4.79,E,8,76.0,E,8,822.9788000000001,E,8,999.0,E,8,0.41,E,8,-9900,?,9,-9900,?,9,0.0,E,8,-9900,?,9,-9900,?,9,0.0,0.0,E,8
05/26/2014,03:00,0.0,1330.61,0.0,1,8,0.0,1,8,0.0,1,8,0.0,1,8,0.0,1,8,0.0,1,8,-0.0,1,8,-9900,?,9,-9900,?,9,8.29,E,8,4.85,E,8,78.0,E,8,822.9788000000001,E,8,999.0,E,8,0.41,E,8,-9900,?,9,-9900,?,9,0.0,E,8,-9900,?,9,-9900,?,9,0.0,0.0,E,8
05/26/2014,04:00,0.0,1330.13,0.0,1,8,0.0,1,8,0.0,1,8,0.0,1,8,0.0,1,8,0.0,1,8,-0.0,1,8,-9900,?,9,-9900,?,9,7.96,E,8,4.92,E,8,81.0,E,8,822.9788000000001,E,8,999.0,E,8,0.41,E,8,-9900,?,9,-9900,?,9,0.0,E,8,-9900,?,9,-9900,?,9,0.0,0.0,E,8
05/26/2014,05:00,0.0,1330.13,0.0,1,8,0.0,1,8,0.0,1,8,0.0,1,8,0.0,1,8,0.0,1,8,-0.0,1,8,-9900,?,9,-9900,?,9,7.62,E,8,4.98,E,8,83.0,E,8,822.9788000000001,E,8,999.0,E,8,0.41,E,8,-9900,?,9,-9900,?,9,0.0,E,8,-9900,?,9,-9900,?,9,0.0,0.0,E,8
05/26/2014,06:00,0.0,1330.13,0.0,1,8,0.0,1,8,0.0,1,8,0.0,1,8,0.0,1,8,0.0,1,8,-0.0,1,8,-9900,?,9,-9900,?,9,7.36,E,8,5.03,E,8,85.0,E,8,822.9788000000001,E,8,999.0,E,8,0.41,E,8,-9900,?,9,-9900,?,9,0.0,E,8,-9900,?,9,-9900,?,9,0.0,0.0,E,8
05/26/2014,07:00,57.25,1330.13,0.0,1,8,0.0,1,8,0.0,1,8,0.0,1,8,0.0,1,8,0.0,1,8,0.0,1,8,-9900,?,9,-9900,?,9,7.13,E,8,5.08,E,8,86.0,E,8,822.9788000000001,E,8,999.0,E,8,0.41,E,8,-9900,?,9,-9900,?,9,0.0,E,8,-9900,?,9,-9900,?,9,0.0,0.0,E,8
05/26/2014,08:00,338.792,1330.13,61.21,1,8,0.0,1,8,61.21,1,8,7345.2,1,8,0.0,1,8,6733.1,1,8,76.812,1,8,-9900,?,9,-9900,?,9,6.91,E,8,5.12,E,8,88.0,E,8,822.9788000000001,E,8,999.0,E,8,0.41,E,8,-9900,?,9,-9900,?,9,0.0,E,8,-9900,?,9,-9900,?,9,0.0,0.0,E,8
05/26/2014,09:00,589.72,1330.13,217.98,1,8,63.038,1,8,190.065,1,8,26157.6,1,8,5988.603,1,8,20907.164,1,8,136.621,1,8,-9900,?,9,-9900,?,9,9.75,E,8,4.57,E,8,70.0,E,8,822.9788000000001,E,8,999.0,E,8,0.41,E,8,-9900,?,9,-9900,?,9,0.0,E,8,-9900,?,9,-9900,?,9,0.0,0.0,E,8
05/26/2014,10:00,789.169,1330.13,359.23,1,8,102.486,1,8,298.458,1,8,43107.6,1,8,9736.146,1,8,32830.358,1,8,160.211,1,8,-9900,?,9,-9900,?,9,11.25,E,8,4.27,E,8,62.0,E,8,822.9788000000001,E,8,999.0,E,8,0.41,E,8,-9900,?,9,-9900,?,9,0.0,E,8,-9900,?,9,-9900,?,9,0.0,0.0,E,8
05/26/2014,11:00,923.254,1330.13,465.31,1,8,184.95,1,8,336.975,1,8,55837.2,1,8,17570.265,1,8,37067.261,1,8,154.582,1,8,-9900,?,9,-9900,?,9,12.53,E,8,4.01,E,8,56.0,E,8,822.9788000000001,E,8,999.0,E,8,1.14,E,8,-9900,?,9,-9900,?,9,0.0,E,8,-9900,?,9,-9900,?,9,0.0,0.0,E,8
05/26/2014,12:00,982.772,1330.13,527.17,1,8,224.566,1,8,361.289,1,8,63260.4,1,8,21333.763,1,8,39741.803,1,8,155.687,1,8,-9900,?,9,-9900,?,9,13.56,E,8,3.8,E,8,51.0,E,8,822.9788000000001,E,8,999.0,E,8,1.42,E,8,-9900,?,9,-9900,?,9,0.0,E,8,-9900,?,9,-9900,?,9,0.0,0.0,E,8
05/26/2014,13:00,963.65,1330.13,540.1,1,8,252.069,1,8,357.53,1,8,64812.0,1,8,23946.577,1,8,39328.289,1,8,157.128,1,8,-9900,?,9,-9900,?,9,14.29,E,8,3.64,E,8,48.0,E,8,822.9788000000001,E,8,999.0,E,8,1.92,E,8,-9900,?,9,-9900,?,9,0.0,E,8,-9900,?,9,-9900,?,9,0.0,0.0,E,8
05/26/2014,14:00,867.202,1330.13,503.14,1,8,310.542,1,8,300.757,1,8,60376.8,1,8,29501.473,1,8,33083.281,1,8,146.897,1,8,-9900,?,9,-9900,?,9,14.7,E,8,3.56,E,8,47.0,E,8,822.9788000000001,E,8,999.0,E,8,1.74,E,8,-9900,?,9,-9900,?,9,0.0,E,8,-9900,?,9,-9900,?,9,0.0,0.0,E,8
05/26/2014,15:00,700.04,1330.13,419.04,1,8,395.247,1,8,211.183,1,8,50284.8,1,8,37548.456,1,8,23230.09,1,8,127.824,1,8,-9900,?,9,-9900,?,9,14.79,E,8,3.54,E,8,46.0,E,8,822.9788000000001,E,8,999.0,E,8,1.97,E,8,-9900,?,9,-9900,?,9,0.0,E,8,-9900,?,9,-9900,?,9,0.0,0.0,E,8
05/26/2014,16:00,473.691,1330.13,294.49,1,8,460.35,1,8,130.876,1,8,35338.8,1,8,43733.228,1,8,14396.366,1,8,117.214,1,8,-9900,?,9,-9900,?,9,14.44,E,8,3.61,E,8,48.0,E,8,822.9788000000001,E,8,999.0,E,8,1.53,E,8,-9900,?,9,-9900,?,9,0.0,E,8,-9900,?,9,-9900,?,9,0.0,0.0,E,8
05/26/2014,17:00,204.356,1330.13,48.71,1,8,0.0,1,8,48.71,1,8,5845.2,1,8,0.0,1,8,5358.1,1,8,102.082,1,8,-9900,?,9,-9900,?,9,13.3,E,8,3.85,E,8,52.0,E,8,822.9788000000001,E,8,999.0,E,8,1.38,E,8,-9900,?,9,-9900,?,9,0.0,E,8,-9900,?,9,-9900,?,9,0.0,0.0,E,8
05/26/2014,18:00,0.0,1330.13,6.79,1,8,0.0,1,8,0.0,1,8,814.8,1,8,0.0,1,8,0.0,1,8,-0.0,1,8,-9900,?,9,-9900,?,9,12.63,E,8,3.99,E,8,55.0,E,8,822.9788000000001,E,8,999.0,E,8,0.69,E,8,-9900,?,9,-9900,?,9,0.0,E,8,-9900,?,9,-9900,?,9,0.0,0.0,E,8
05/26/2014,19:00,0.0,1330.13,0.0,1,8,0.0,1,8,0.0,1,8,0.0,1,8,0.0,1,8,0.0,1,8,-0.0,1,8,-9900,?,9,-9900,?,9,11.97,E,8,4.12,E,8,58.0,E,8,822.9788000000001,E,8,999.0,E,8,0.41,E,8,-9900,?,9,-9900,?,9,0.0,E,8,-9900,?,9,-9900,?,9,0.0,0.0,E,8
05/26/2014,20:00,0.0,1330.13,0.0,1,8,0.0,1,8,0.0,1,8,0.0,1,8,0.0,1,8,0.0,1,8,-0.0,1,8,-9900,?,9,-9900,?,9,11.3,E,8,4.26,E,8,61.0,E,8,822.9788000000001,E,8,999.0,E,8,0.41,E,8,-9900,?,9,-9900,?,9,0.0,E,8,-9900,?,9,-9900,?,9,0.0,0.0,E,8
05/26/2014,21:00,0.0,1330.13,0.0,1,8,0.0,1,8,0.0,1,8,0.0,1,8,0.0,1,8,0.0,1,8,-0.0,1,8,-9900,?,9,-9900,?,9,10.63,E,8,4.39,E,8,65.0,E,8,822.9788000000001,E,8,999.0,E,8,0.41,E,8,-9900,?,9,-9900,?,9,0.0,E,8,-9900,?,9,-9900,?,9,0.0,0.0,E,8
05/26/2014,22:00,0.0,1330.13,0.0,1,8,0.0,1,8,0.0,1,8,0.0,1,8,0.0,1,8,0.0,1,8,-0.0,1,8,-9900,?,9,-9900,?,9,9.97,E,8,4.52,E,8,68.0,E,8,822.9788000000001,E,8,999.0,E,8,0.41,E,8,-9900,?,9,-9900,?,9,0.0,E,8,-9900,?,9,-9900,?,9,0.0,0.0,E,8
05/26/2014,23:00,0.0,1330.13,0.0,1,8,0.0,1,8,0.0,1,8,0.0,1,8,0.0,1,8,0.0,1,8,-0.0,1,8,-9900,?,9,-9900,?,9,9.3,E,8,4.66,E,8,72.0,E,8,822.9788000000001,E,8,999.0,E,8,0.57,E,8,-9900,?,9,-9900,?,9,0.0,E,8,-9900,?,9,-9900,?,9,0.0,0.0,E,8
05/26/2014,24:00,0.0,1330.13,0.0,1,8,0.0,1,8,0.0,1,8,0.0,1,8,0.0,1,8,0.0,1,8,-0.0,1,8,-9900,?,9,-9900,?,9,8.63,E,8,3.64,E,8,70.0,E,8,822.9788000000001,E,8,999.0,E,8,0.12,E,8,-9900,?,9,-9900,?,9,0.0,E,8,-9900,?,9,-9900,?,9,0.0,0.0,E,8
05/27/2014,01:00,0.0,1330.13,0.0,1,8,0.0,1,8,0.0,1,8,0.0,1,8,0.0,1,8,0.0,1,8,-0.0,1,8,-9900,?,9,-9900,?,9,8.3,E,8,3.87,E,8,73.0,E,8,822.9788000000001,E,8,999.0,E,8,0.15,E,8,-9900,?,9,-9900,?,9,0.0,E,8,-9900,?,9,-9900,?,9,0.0,0.0,E,8
05/27/2014,02:00,0.0,1330.13,0.0,1,8,0.0,1,8,0.0,1,8,0.0,1,8,0.0,1,8,0.0,1,8,-0.0,1,8,-9900,?,9,-9900,?,9,7.96,E,8,4.11,E,8,76.0,E,8,822.9788000000001,E,8,999.0,E,8,0.14,E,8,-9900,?,9,-9900,?,9,0.0,E,8,-9900,?,9,-9900,?,9,0.0,0.0,E,8
05/27/2014,03:00,0.0,1330.13,0.0,1,8,0.0,1,8,0.0,1,8,0.0,1,8,0.0,1,8,0.0,1,8,-0.0,1,8,-9900,?,9,-9900,?,9,7.63,E,8,4.34,E,8,79.0,E,8,822.9788000000001,E,8,999.0,E,8,0.16,E,8,-9900,?,9,-9900,?,9,0.0,E,8,-9900,?,9,-9900,?,9,0.0,0.0,E,8
05/27/2014,04:00,0.0,1329.661,0.0,1,8,0.0,1,8,0.0,1,8,0.0,1,8,0.0,1,8,0.0,1,8,-0.0,1,8,-9900,?,9,-9900,?,9,7.3,E,8,4.57,E,8,82.0,E,8,822.9788000000001,E,8,999.0,E,8,0.16,E,8,-9900,?,9,-9900,?,9,0.0,E,8,-9900,?,9,-9900,?,9,0.0,0.0,E,8
05/27/2014,05:00,0.0,1329.661,0.0,1,8,0.0,1,8,0.0,1,8,0.0,1,8,0.0,1,8,0.0,1,8,-0.0,1,8,-9900,?,9,-9900,?,9,6.96,E,8,4.8,E,8,86.0,E,8,822.9788000000001,E,8,999.0,E,8,0.15,E,8,-9900,?,9,-9900,?,9,0.0,E,8,-9900,?,9,-9900,?,9,0.0,0.0,E,8
05/27/2014,06:00,0.0,1329.661,0.0,1,8,0.0,1,8,0.0,1,8,0.0,1,8,0.0,1,8,0.0,1,8,-0.0,1,8,-9900,?,9,-9900,?,9,6.71,E,8,4.96,E,8,88.0,E,8,822.9788000000001,E,8,999.0,E,8,0.13,E,8,-9900,?,9,-9900,?,9,0.0,E,8,-9900,?,9,-9900,?,9,0.0,0.0,E,8
05/27/2014,07:00,55.216,1329.661,0.0,1,8,0.0,1,8,0.0,1,8,0.0,1,8,0.0,1,8,0.0,1,8,0.0,1,8,-9900,?,9,-9900,?,9,6.49,E,8,5.11,E,8,90.0,E,8,822.9788000000001,E,8,999.0,E,8,0.12,E,8,-9900,?,9,-9900,?,9,0.0,E,8,-9900,?,9,-9900,?,9,0.0,0.0,E,8
05/27/2014,08:00,336.254,1329.661,94.83,1,8,15.262,1,8,90.987,1,8,11379.6,1,8,1449.864,1,8,10008.534,1,8,115.007,1,8,-9900,?,9,-9900,?,9,6.27,E,8,5.25,E,8,93.0,E,8,822.9788000000001,E,8,999.0,E,8,0.16,E,8,-9900,?,9,-9900,?,9,0.0,E,8,-9900,?,9,-9900,?,9,0.0,0.0,E,8
05/27/2014,09:00,586.88,1329.661,269.11,1,8,154.368,1,8,201.058,1,8,32293.2,1,8,14664.955,1,8,22116.364,1,8,145.173,1,8,-9900,?,9,-9900,?,9,10.21,E,8,2.46,E,8,58.0,E,8,822.9788000000001,E,8,999.0,E,8,0.39,E,8,-9900,?,9,-9900,?,9,0.0,E,8,-9900,?,9,-9900,?,9,0.0,0.0,E,8
05/27/2014,10:00,786.14,1329.661,440.28,1,8,232.734,1,8,302.755,1,8,52833.6,1,8,22109.686,1,8,33303.066,1,8,163.087,1,8,-9900,?,9,-9900,?,9,12.08,E,8,0.94,E,8,46.0,E,8,822.9788000000001,E,8,999.0,E,8,0.49,E,8,-9900,?,9,-9900,?,9,0.0,E,8,-9900,?,9,-9900,?,9,0.0,0.0,E,8
05/27/2014,11:00,920.159,1329.661,505.11,1,8,150.598,1,8,400.926,1,8,60613.2,1,8,14306.782,1,8,44101.841,1,8,184.472,1,8,-9900,?,9,-9900,?,9,13.36,E,8,-0.17,E,8,39.0,E,8,822.9788000000001,E,8,999.0,E,8,0.74,E,8,-9900,?,9,-9900,?,9,0.0,E,8,-9900,?,9,-9900,?,9,0.0,0.0,E,8
05/27/2014,12:00,979.737,1329.661,544.9,1,8,192.477,1,8,403.112,1,8,65388.0,1,8,18285.348,1,8,44342.272,1,8,174.186,1,8,-9900,?,9,-9900,?,9,14.31,E,8,-0.97,E,8,34.0,E,8,822.9788000000001,E,8,999.0,E,8,1.21,E,8,-9900,?,9,-9900,?,9,0.0,E,8,-9900,?,9,-9900,?,9,0.0,0.0,E,8
05/27/2014,13:00,960.797,1329.661,597.62,1,8,311.847,1,8,372.343,1,8,71714.4,1,8,29625.497,1,8,40957.766,1,8,164.066,1,8,-9900,?,9,-9900,?,9,15.12,E,8,-1.69,E,8,30.0,E,8,822.9788000000001,E,8,999.0,E,8,1.55,E,8,-9900,?,9,-9900,?,9,0.0,E,8,-9900,?,9,-9900,?,9,0.0,0.0,E,8
05/27/2014,14:00,864.641,1329.661,506.6,1,8,274.989,1,8,327.854,1,8,60792.0,1,8,26123.911,1,8,36063.981,1,8,160.55,1,8,-9900,?,9,-9900,?,9,15.43,E,8,-1.97,E,8,29.0,E,8,822.9788000000001,E,8,999.0,E,8,2.1,E,8,-9900,?,9,-9900,?,9,0.0,E,8,-9900,?,9,-9900,?,9,0.0,0.0,E,8
05/27/2014,15:00,697.86,1329.661,419.71,1,8,335.184,1,8,243.927,1,8,50365.2,1,8,31842.5,1,8,26831.977,1,8,148.053,1,8,-9900,?,9,-9900,?,9,15.41,E,8,-1.96,E,8,29.0,E,8,822.9788000000001,E,8,999.0,E,8,2.36,E,8,-9900,?,9,-9900,?,9,0.0,E,8,-9900,?,9,-9900,?,9,0.0,0.0,E,8
05/27/2014,16:00,471.957,1329.661,323.5,1,8,601.186,1,8,110.542,1,8,38820.0,1,8,57112.662,1,8,12159.574,1,8,99.332,1,8,-9900,?,9,-9900,?,9,15.01,E,8,-1.59,E,8,31.0,E,8,822.9788000000001,E,8,999.0,E,8,2.38,E,8,-9900,?,9,-9900,?,9,0.0,E,8,-9900,?,9,-9900,?,9,0.0,0.0,E,8
05/27/2014,17:00,203.107,1329.661,181.77,1,8,404.027,1,8,120.765,1,8,21812.4,1,8,38382.584,1,8,13284.148,1,8,254.587,1,8,-9900,?,9,-9900,?,9,14.16,E,8,-0.84,E,8,35.0,E,8,822.9788000000001,E,8,999.0,E,8,2.14,E,8,-9900,?,9,-9900,?,9,0.0,E,8,-9900,?,9,-9900,?,9,0.0,0.0,E,8
05/27/2014,18:00,0.0,1329.661,13.09,1,8,0.0,1,8,0.0,1,8,1570.8,1,8,0.0,1,8,0.0,1,8,-0.0,1,8,-9900,?,9,-9900,?,9,13.41,E,8,-0.21,E,8,39.0,E,8,822.9788000000001,E,8,999.0,E,8,1.53,E,8,-9900,?,9,-9900,?,9,0.0,E,8,-9900,?,9,-9900,?,9,0.0,0.0,E,8
05/27/2014,19:00,0.0,1329.661,0.0,1,8,0.0,1,8,0.0,1,8,0.0,1,8,0.0,1,8,0.0,1,8,-0.0,1,8,-9900,?,9,-9900,?,9,12.67,E,8,0.42,E,8,43.0,E,8,822.9788000000001,E,8,999.0,E,8,0.9,E,8,-9900,?,9,-9900,?,9,0.0,E,8,-9900,?,9,-9900,?,9,0.0,0.0,E,8
05/27/2014,20:00,0.0,1329.661,0.0,1,8,0.0,1,8,0.0,1,8,0.0,1,8,0.0,1,8,0.0,1,8,-0.0,1,8,-9900,?,9,-9900,?,9,11.92,E,8,1.07,E,8,47.0,E,8,822.9788000000001,E,8,999.0,E,8,0.66,E,8,-9900,?,9,-9900,?,9,0.0,E,8,-9900,?,9,-9900,?,9,0.0,0.0,E,8
05/27/2014,21:00,0.0,1329.661,0.0,1,8,0.0,1,8,0.0,1,8,0.0,1,8,0.0,1,8,0.0,1,8,-0.0,1,8,-9900,?,9,-9900,?,9,11.17,E,8,1.7,E,8,52.0,E,8,822.9788000000001,E,8,999.0,E,8,0.3,E,8,-9900,?,9,-9900,?,9,0.0,E,8,-9900,?,9,-9900,?,9,0.0,0.0,E,8
05/27/2014,22:00,0.0,1329.661,0.0,1,8,0.0,1,8,0.0,1,8,0.0,1,8,0.0,1,8,0.0,1,8,-0.0,1,8,-9900,?,9,-9900,?,9,10.42,E,8,2.3,E,8,57.0,E,8,822.9788000000001,E,8,999.0,E,8,0.19,E,8,-9900,?,9,-9900,?,9,0.0,E,8,-9900,?,9,-9900,?,9,0.0,0.0,E,8
05/27/2014,23:00,0.0,1329.661,0.0,1,8,0.0,1,8,0.0,1,8,0.0,1,8,0.0,1,8,0.0,1,8,-0.0,1,8,-9900,?,9,-9900,?,9,9.68,E,8,2.87,E,8,62.0,E,8,822.9788000000001,E,8,999.0,E,8,0.39,E,8,-9900,?,9,-9900,?,9,0.0,E,8,-9900,?,9,-9900,?,9,0.0,0.0,E,8
05/27/2014,24:00,0.0,1329.661,0.0,1,8,0.0,1,8,0.0,1,8,0.0,1,8,0.0,1,8,0.0,1,8,-0.0,1,8,-9900,?,9,-9900,?,9,8.93,E,8,5.1,E,8,76.0,E,8,822.9788000000001,E,8,999.0,E,8,2.38,E,8,-9900,?,9,-9900,?,9,0.0,E,8,-9900,?,9,-9900,?,9,0.0,0.0,E,8
05/28/2014,01:00,0.0,1329.661,0.0,1,8,0.0,1,8,0.0,1,8,0.0,1,8,0.0,1,8,0.0,1,8,-0.0,1,8,-9900,?,9,-9900,?,9,8.56,E,8,5.2,E,8,79.0,E,8,822.9788000000001,E,8,999.0,E,8,1.85,E,8,-9900,?,9,-9900,?,9,0.0,E,8,-9900,?,9,-9900,?,9,0.0,0.0,E,8
05/28/2014,02:00,0.0,1329.661,0.0,1,8,0.0,1,8,0.0,1,8,0.0,1,8,0.0,1,8,0.0,1,8,-0.0,1,8,-9900,?,9,-9900,?,9,8.18,E,8,5.3,E,8,82.0,E,8,822.9788000000001,E,8,999.0,E,8,1.81,E,8,-9900,?,9,-9900,?,9,0.0,E,8,-9900,?,9,-9900,?,9,0.0,0.0,E,8
05/28/2014,03:00,0.0,1329.661,0.0,1,8,0.0,1,8,0.0,1,8,0.0,1,8,0.0,1,8,0.0,1,8,-0.0,1,8,-9900,?,9,-9900,?,9,7.81,E,8,5.4,E,8,84.0,E,8,822.9788000000001,E,8,999.0,E,8,1.62,E,8,-9900,?,9,-9900,?,9,0.0,E,8,-9900,?,9,-9900,?,9,0.0,0.0,E,8
05/28/2014,04:00,0.0,1329.202,0.0,1,8,0.0,1,8,0.0,1,8,0.0,1,8,0.0,1,8,0.0,1,8,-0.0,1,8,-9900,?,9,-9900,?,9,7.44,E,8,5.5,E,8,87.0,E,8,822.9788000000001,E,8,999.0,E,8,1.67,E,8,-9900,?,9,-9900,?,9,0.0,E,8,-9900,?,9,-9900,?,9,0.0,0.0,E,8
05/28/2014,05:00,0.0,1329.202,0.0,1,8,0.0,1,8,0.0,1,8,0.0,1,8,0.0,1,8,0.0,1,8,-0.0,1,8,-9900,?,9,-9900,?,9,7.06,E,8,5.6,E,8,90.0,E,8,822.9788000000001,E,8,999.0,E,8,1.04,E,8,-9900,?,9,-9900,?,9,0.0,E,8,-9900,?,9,-9900,?,9,0.0,0.0,E,8
05/28/2014,06:00,0.0,1329.202,0.0,1,8,0.0,1,8,0.0,1,8,0.0,1,8,0.0,1,8,0.0,1,8,-0.0,1,8,-9900,?,9,-9900,?,9,6.77,E,8,5.68,E,8,92.0,E,8,822.9788000000001,E,8,999.0,E,8,0.62,E,8,-9900,?,9,-9900,?,9,0.0,E,8,-9900,?,9,-9900,?,9,0.0,0.0,E,8
05/28/2014,07:00,53.205,1329.202,0.0,1,8,0.0,1,8,0.0,1,8,0.0,1,8,0.0,1,8,0.0,1,8,0.0,1,8,-9900,?,9,-9900,?,9,6.53,E,8,5.74,E,8,94.0,E,8,822.9788000000001,E,8,999.0,E,8,0.62,E,8,-9900,?,9,-9900,?,9,0.0,E,8,-9900,?,9,-9900,?,9,0.0,0.0,E,8
05/28/2014,08:00,333.751,1329.202,53.0,1,8,0.0,1,8,53.0,1,8,6360.0,1,8,0.0,1,8,5830.0,1,8,67.475,1,8,-9900,?,9,-9900,?,9,6.28,E,8,5.81,E,8,96.0,E,8,822.9788000000001,E,8,999.0,E,8,0.62,E,8,-9900,?,9,-9900,?,9,0.0,E,8,-9900,?,9,-9900,?,9,0.0,0.0,E,8
05/28/2014,09:00,584.092,1329.202,193.57,1,8,30.664,1,8,180.112,1,8,23228.4,1,8,2913.064,1,8,19812.299,1,8,130.627,1,8,-9900,?,9,-9900,?,9,9.39,E,8,4.97,E,8,73.0,E,8,822.9788000000001,E,8,999.0,E,8,0.7,E,8,-9900,?,9,-9900,?,9,0.0,E,8,-9900,?,9,-9900,?,9,0.0,0.0,E,8
05/28/2014,10:00,783.179,1329.202,320.62,1,8,67.021,1,8,281.153,1,8,38474.4,1,8,6366.964,1,8,30926.779,1,8,151.971,1,8,-9900,?,9,-9900,?,9,11.05,E,8,4.51,E,8,64.0,E,8,822.9788000000001,E,8,999.0,E,8,1.47,E,8,-9900,?,9,-9900,?,9,0.0,E,8,-9900,?,9,-9900,?,9,0.0,0.0,E,8
05/28/2014,11:00,917.146,1329.202,416.13,1,8,122.123,1,8,331.893,1,8,49935.6,1,8,11601.69,1,8,36508.188,1,8,153.158,1,8,-9900,?,9,-9900,?,9,12.48,E,8,4.1,E,8,56.0,E,8,822.9788000000001,E,8,999.0,E,8,3.27,E,8,-9900,?,9,-9900,?,9,0.0,E,8,-9900,?,9,-9900,?,9,0.0,0.0,E,8
05/28/2014,12:00,976.796,1329.202,471.92,1,8,148.849,1,8,362.562,1,8,56630.4,1,8,14140.613,1,8,39881.867,1,8,157.083,1,8,-9900,?,9,-9900,?,9,13.62,E,8,3.76,E,8,51.0,E,8,822.9788000000001,E,8,999.0,E,8,5.93,E,8,-9900,?,9,-9900,?,9,0.0,E,8,-9900,?,9,-9900,?,9,0.0,0.0,E,8
05/28/2014,13:00,958.048,1329.202,483.73,1,8,180.423,1,8,353.722,1,8,58047.6,1,8,17140.172,1,8,38909.429,1,8,156.255,1,8,-9900,?,9,-9900,?,9,14.43,E,8,3.52,E,8,47.0,E,8,822.9788000000001,E,8,999.0,E,8,6.78,E,8,-9900,?,9,-9900,?,9,0.0,E,8,-9900,?,9,-9900,?,9,0.0,0.0,E,8
05/28/2014,14:00,862.188,1329.202,450.67,1,8,225.056,1,8,304.746,1,8,54080.4,1,8,21380.343,1,8,33522.061,1,8,149.607,1,8,-9900,?,9,-9900,?,9,14.89,E,8,3.38,E,8,45.0,E,8,822.9788000000001,E,8,999.0,E,8,7.9,E,8,-9900,?,9,-9900,?,9,0.0,E,8,-9900,?,9,-9900,?,9,0.0,0.0,E,8
05/28/2014,15:00,695.79,1329.202,375.22,1,8,272.936,1,8,232.459,1,8,45026.4,1,8,25928.9,1,8,25570.436,1,8,141.464,1,8,-9900,?,9,-9900,?,9,15.0,E,8,3.35,E,8,45.0,E,8,822.9788000000001,E,8,999.0,E,8,9.87,E,8,-9900,?,9,-9900,?,9,0.0,E,8,-9900,?,9,-9900,?,9,0.0,0.0,E,8
05/28/2014,16:00,470.329,1329.202,263.39,1,8,333.909,1,8,145.478,1,8,31606.8,1,8,31721.326,1,8,16002.6,1,8,131.135,1,8,-9900,?,9,-9900,?,9,14.6,E,8,3.47,E,8,47.0,E,8,822.9788000000001,E,8,999.0,E,8,7.21,E,8,-9900,?,9,-9900,?,9,0.0,E,8,-9900,?,9,-9900,?,9,0.0,0.0,E,8
05/28/2014,17:00,201.957,1329.202,126.21,1,8,390.655,1,8,67.545,1,8,15145.2,1,8,37112.183,1,8,7429.941,1,8,143.171,1,8,-9900,?,9,-9900,?,9,13.7,E,8,3.74,E,8,50.0,E,8,822.9788000000001,E,8,999.0,E,8,5.01,E,8,-9900,?,9,-9900,?,9,0.0,E,8,-9900,?,9,-9900,?,9,0.0,0.0,E,8
05/28/2014,18:00,0.0,1329.202,4.86,1,8,0.0,1,8,0.0,1,8,583.2,1,8,0.0,1,8,0.0,1,8,-0.0,1,8,-9900,?,9,-9900,?,9,13.16,E,8,3.9,E,8,53.0,E,8,822.9788000000001,E,8,999.0,E,8,3.1,E,8,-9900,?,9,-9900,?,9,0.0,E,8,-9900,?,9,-9900,?,9,0.0,0.0,E,8
05/28/2014,19:00,0.0,1329.202,0.0,1,8,0.0,1,8,0.0,1,8,0.0,1,8,0.0,1,8,0.0,1,8,-0.0,1,8,-9900,?,9,-9900,?,9,12.63,E,8,4.05,E,8,55.0,E,8,822.9788000000001,E,8,999.0,E,8,2.14,E,8,-9900,?,9,-9900,?,9,0.0,E,8,-9900,?,9,-9900,?,9,0.0,0.0,E,8
05/28/2014,20:00,0.0,1329.202,0.0,1,8,0.0,1,8,0.0,1,8,0.0,1,8,0.0,1,8,0.0,1,8,-0.0,1,8,-9900,?,9,-9900,?,9,12.09,E,8,4.21,E,8,58.0,E,8,822.9788000000001,E,8,999.0,E,8,1.62,E,8,-9900,?,9,-9900,?,9,0.0,E,8,-9900,?,9,-9900,?,9,0.0,0.0,E,8
05/28/2014,21:00,0.0,1329.202,0.0,1,8,0.0,1,8,0.0,1,8,0.0,1,8,0.0,1,8,0.0,1,8,-0.0,1,8,-9900,?,9,-9900,?,9,11.56,E,8,4.36,E,8,61.0,E,8,822.9788000000001,E,8,999.0,E,8,1.34,E,8,-9900,?,9,-9900,?,9,0.0,E,8,-9900,?,9,-9900,?,9,0.0,0.0,E,8
05/28/2014,22:00,0.0,1329.202,0.0,1,8,0.0,1,8,0.0,1,8,0.0,1,8,0.0,1,8,0.0,1,8,-0.0,1,8,-9900,?,9,-9900,?,9,11.02,E,8,4.52,E,8,64.0,E,8,822.9788000000001,E,8,999.0,E,8,1.23,E,8,-9900,?,9,-9900,?,9,0.0,E,8,-9900,?,9,-9900,?,9,0.0,0.0,E,8
05/28/2014,23:00,0.0,1329.202,0.0,1,8,0.0,1,8,0.0,1,8,0.0,1,8,0.0,1,8,0.0,1,8,-0.0,1,8,-9900,?,9,-9900,?,9,10.49,E,8,4.67,E,8,67.0,E,8,822.9788000000001,E,8,999.0,E,8,1.02,E,8,-9900,?,9,-9900,?,9,0.0,E,8,-9900,?,9,-9900,?,9,0.0,0.0,E,8
05/28/2014,24:00,0.0,1329.202,0.0,1,8,0.0,1,8,0.0,1,8,0.0,1,8,0.0,1,8,0.0,1,8,-0.0,1,8,-9900,?,9,-9900,?,9,9.95,E,8,8.45,E,8,90.0,E,8,822.9788000000001,E,8,999.0,E,8,1.59,E,8,-9900,?,9,-9900,?,9,0.0,E,8,-9900,?,9,-9900,?,9,0.0,0.0,E,8
05/29/2014,01:00,0.0,1329.202,0.0,1,8,0.0,1,8,0.0,1,8,0.0,1,8,0.0,1,8,0.0,1,8,-0.0,1,8,-9900,?,9,-9900,?,9,9.68,E,8,8.33,E,8,91.0,E,8,822.9788000000001,E,8,999.0,E,8,2.19,E,8,-9900,?,9,-9900,?,9,0.0,E,8,-9900,?,9,-9900,?,9,0.0,0.0,E,8
05/29/2014,02:00,0.0,1329.202,0.0,1,8,0.0,1,8,0.0,1,8,0.0,1,8,0.0,1,8,0.0,1,8,-0.0,1,8,-9900,?,9,-9900,?,9,9.42,E,8,8.21,E,8,92.0,E,8,822.9788000000001,E,8,999.0,E,8,2.57,E,8,-9900,?,9,-9900,?,9,0.0,E,8,-9900,?,9,-9900,?,9,0.0,0.0,E,8
05/29/2014,03:00,0.0,1329.202,0.0,1,8,0.0,1,8,0.0,1,8,0.0,1,8,0.0,1,8,0.0,1,8,-0.0,1,8,-9900,?,9,-9900,?,9,9.15,E,8,8.09,E,8,93.0,E,8,822.9788000000001,E,8,999.0,E,8,1.92,E,8,-9900,?,9,-9900,?,9,0.0,E,8,-9900,?,9,-9900,?,9,0.0,0.0,E,8
05/29/2014,04:00,0.0,1328.754,0.0,1,8,0.0,1,8,0.0,1,8,0.0,1,8,0.0,1,8,0.0,1,8,-0.0,1,8,-9900,?,9,-9900,?,9,8.88,E,8,7.97,E,8,93.0,E,8,822.9788000000001,E,8,999.0,E,8,0.86,E,8,-9900,?,9,-9900,?,9,0.0,E,8,-9900,?,9,-9900,?,9,0.0,0.0,E,8
05/29/2014,05:00,0.0,1328.754,0.0,1,8,0.0,1,8,0.0,1,8,0.0,1,8,0.0,1,8,0.0,1,8,-0.0,1,8,-9900,?,9,-9900,?,9,8.61,E,8,7.84,E,8,94.0,E,8,822.9788000000001,E,8,999.0,E,8,0.68,E,8,-9900,?,9,-9900,?,9,0.0,E,8,-9900,?,9,-9900,?,9,0.0,0.0,E,8
05/29/2014,06:00,0.0,1328.754,0.0,1,8,0.0,1,8,0.0,1,8,0.0,1,8,0.0,1,8,0.0,1,8,-0.0,1,8,-9900,?,9,-9900,?,9,8.41,E,8,7.75,E,8,95.0,E,8,822.9788000000001,E,8,999.0,E,8,0.86,E,8,-9900,?,9,-9900,?,9,0.0,E,8,-9900,?,9,-9900,?,9,0.0,0.0,E,8
05/29/2014,07:00,51.219,1328.754,0.0,1,8,0.0,1,8,0.0,1,8,0.0,1,8,0.0,1,8,0.0,1,8,0.0,1,8,-9900,?,9,-9900,?,9,8.23,E,8,7.67,E,8,96.0,E,8,822.9788000000001,E,8,999.0,E,8,0.68,E,8,-9900,?,9,-9900,?,9,0.0,E,8,-9900,?,9,-9900,?,9,0.0,0.0,E,8
05/29/2014,08:00,331.285,1328.754,40.6,1,8,0.0,1,8,40.6,1,8,4872.0,1,8,0.0,1,8,4466.0,1,8,52.059,1,8,-9900,?,9,-9900,?,9,8.05,E,8,7.59,E,8,96.0,E,8,822.9788000000001,E,8,999.0,E,8,1.09,E,8,-9900,?,9,-9900,?,9,0.0,E,8,-9900,?,9,-9900,?,9,0.0,0.0,E,8
05/29/2014,09:00,581.357,1328.754,150.2,1,8,7.167,1,8,147.068,1,8,18024.0,1,8,680.906,1,8,16177.476,1,8,107.129,1,8,-9900,?,9,-9900,?,9,10.64,E,8,8.75,E,8,88.0,E,8,822.9788000000001,E,8,999.0,E,8,1.48,E,8,-9900,?,9,-9900,?,9,0.0,E,8,-9900,?,9,-9900,?,9,0.0,0.0,E,8
05/29/2014,10:00,780.287,1328.754,249.41,1,8,11.117,1,8,242.886,1,8,29929.2,1,8,1056.089,1,8,26717.409,1,8,131.73,1,8,-9900,?,9,-9900,?,9,12.03,E,8,9.35,E,8,83.0,E,8,822.9788000000001,E,8,999.0,E,8,1.69,E,8,-9900,?,9,-9900,?,9,0.0,E,8,-9900,?,9,-9900,?,9,0.0,0.0,E,8
05/29/2014,11:00,914.217,1328.754,324.03,1,8,11.673,1,8,316.001,1,8,38883.6,1,8,1108.942,1,8,34760.137,1,8,146.243,1,8,-9900,?,9,-9900,?,9,13.24,E,8,9.85,E,8,79.0,E,8,822.9788000000001,E,8,999.0,E,8,2.61,E,8,-9900,?,9,-9900,?,9,0.0,E,8,-9900,?,9,-9900,?,9,0.0,0.0,E,8
05/29/2014,12:00,973.951,1328.754,367.66,1,8,14.214,1,8,357.244,1,8,44119.2,1,8,1350.36,1,8,39296.82,1,8,155.179,1,8,-9900,?,9,-9900,?,9,14.2,E,8,10.24,E,8,77.0,E,8,822.9788000000001,E,8,999.0,E,8,3.45,E,8,-9900,?,9,-9900,?,9,0.0,E,8,-9900,?,9,-9900,?,9,0.0,0.0,E,8
05/29/2014,13:00,955.403,1328.754,376.95,1,8,17.174,1,8,364.605,1,8,45234.0,1,8,1631.532,1,8,40106.538,1,8,161.454,1,8,-9900,?,9,-9900,?,9,14.88,E,8,10.5,E,8,75.0,E,8,822.9788000000001,E,8,999.0,E,8,4.84,E,8,-9900,?,9,-9900,?,9,0.0,E,8,-9900,?,9,-9900,?,9,0.0,0.0,E,8
05/29/2014,14:00,859.846,1328.754,351.22,1,8,84.296,1,8,296.694,1,8,42146.4,1,8,8008.101,1,8,32636.323,1,8,146.002,1,8,-9900,?,9,-9900,?,9,15.26,E,8,10.65,E,8,73.0,E,8,822.9788000000001,E,8,999.0,E,8,4.78,E,8,-9900,?,9,-9900,?,9,0.0,E,8,-9900,?,9,-9900,?,9,0.0,0.0,E,8
05/29/2014,15:00,693.831,1328.754,292.39,1,8,90.768,1,8,245.031,1,8,35086.8,1,8,8622.941,1,8,26953.419,1,8,149.486,1,8,-9900,?,9,-9900,?,9,15.35,E,8,10.69,E,8,73.0,E,8,822.9788000000001,E,8,999.0,E,8,4.37,E,8,-9900,?,9,-9900,?,9,0.0,E,8,-9900,?,9,-9900,?,9,0.0,0.0,E,8
05/29/2014,16:00,468.809,1328.754,205.14,1,8,150.562,1,8,152.127,1,8,24616.8,1,8,14303.421,1,8,16733.999,1,8,137.529,1,8,-9900,?,9,-9900,?,9,15.03,E,8,10.56,E,8,74.0,E,8,822.9788000000001,E,8,999.0,E,8,3.48,E,8,-9900,?,9,-9900,?,9,0.0,E,8,-9900,?,9,-9900,?,9,0.0,0.0,E,8
05/29/2014,17:00,200.906,1328.754,91.49,1,8,300.473,1,8,46.592,1,8,10978.8,1,8,28544.953,1,8,5125.154,1,8,99.254,1,8,-9900,?,9,-9900,?,9,14.24,E,8,10.25,E,8,76.0,E,8,822.9788000000001,E,8,999.0,E,8,1.14,E,8,-9900,?,9,-9900,?,9,0.0,E,8,-9900,?,9,-9900,?,9,0.0,0.0,E,8
05/29/2014,18:00,0.0,1328.754,3.68,1,8,0.0,1,8,0.0,1,8,441.6,1,8,0.0,1,8,0.0,1,8,-0.0,1,8,-9900,?,9,-9900,?,9,13.59,E,8,9.99,E,8,78.0,E,8,822.9788000000001,E,8,999.0,E,8,0.67,E,8,-9900,?,9,-9900,?,9,0.0,E,8,-9900,?,9,-9900,?,9,0.0,0.0,E,8
05/29/2014,19:00,0.0,1328.754,0.0,1,8,0.0,1,8,0.0,1,8,0.0,1,8,0.0,1,8,0.0,1,8,-0.0,1,8,-9900,?,9,-9900,?,9,12.94,E,8,9.73,E,8,80.0,E,8,822.9788000000001,E,8,999.0,E,8,0.67,E,8,-9900,?,9,-9900,?,9,0.0,E,8,-9900,?,9,-9900,?,9,0.0,0.0,E,8
05/29/2014,20:00,0.0,1328.754,0.0,1,8,0.0,1,8,0.0,1,8,0.0,1,8,0.0,1,8,0.0,1,8,-0.0,1,8,-9900,?,9,-9900,?,9,12.29,E,8,9.46,E,8,82.0,E,8,822.9788000000001,E,8,999.0,E,8,0.67,E,8,-9900,?,9,-9900,?,9,0.0,E,8,-9900,?,9,-9900,?,9,0.0,0.0,E,8
05/29/2014,21:00,0.0,1328.754,0.0,1,8,0.0,1,8,0.0,1,8,0.0,1,8,0.0,1,8,0.0,1,8,-0.0,1,8,-9900,?,9,-9900,?,9,11.64,E,8,9.18,E,8,84.0,E,8,822.9788000000001,E,8,999.0,E,8,0.67,E,8,-9900,?,9,-9900,?,9,0.0,E,8,-9900,?,9,-9900,?,9,0.0,0.0,E,8
05/29/2014,22:00,0.0,1328.754,0.0,1,8,0.0,1,8,0.0,1,8,0.0,1,8,0.0,1,8,0.0,1,8,-0.0,1,8,-9900,?,9,-9900,?,9,10.99,E,8,8.91,E,8,86.0,E,8,822.9788000000001,E,8,999.0,E,8,0.67,E,8,-9900,?,9,-9900,?,9,0.0,E,8,-9900,?,9,-9900,?,9,0.0,0.0,E,8
05/29/2014,23:00,0.0,1328.754,0.0,1,8,0.0,1,8,0.0,1,8,0.0,1,8,0.0,1,8,0.0,1,8,-0.0,1,8,-9900,?,9,-9900,?,9,10.34,E,8,8.62,E,8,89.0,E,8,822.9788000000001,E,8,999.0,E,8,0.67,E,8,-9900,?,9,-9900,?,9,0.0,E,8,-9900,?,9,-9900,?,9,0.0,0.0,E,8
05/29/2014,24:00,0.0,1328.754,0.0,1,8,0.0,1,8,0.0,1,8,0.0,1,8,0.0,1,8,0.0,1,8,-0.0,1,8,-9900,?,9,-9900,?,9,9.68,E,8,7.56,E,8,86.0,E,8,822.9788000000001,E,8,999.0,E,8,0.26,E,8,-9900,?,9,-9900,?,9,0.0,E,8,-9900,?,9,-9900,?,9,0.0,0.0,E,8
05/30/2014,01:00,0.0,1328.754,0.0,1,8,0.0,1,8,0.0,1,8,0.0,1,8,0.0,1,8,0.0,1,8,-0.0,1,8,-9900,?,9,-9900,?,9,9.36,E,8,7.53,E,8,88.0,E,8,822.9788000000001,E,8,999.0,E,8,0.26,E,8,-9900,?,9,-9900,?,9,0.0,E,8,-9900,?,9,-9900,?,9,0.0,0.0,E,8
05/30/2014,02:00,0.0,1328.754,0.0,1,8,0.0,1,8,0.0,1,8,0.0,1,8,0.0,1,8,0.0,1,8,-0.0,1,8,-9900,?,9,-9900,?,9,9.03,E,8,7.51,E,8,90.0,E,8,822.9788000000001,E,8,999.0,E,8,0.26,E,8,-9900,?,9,-9900,?,9,0.0,E,8,-9900,?,9,-9900,?,9,0.0,0.0,E,8
05/30/2014,03:00,0.0,1328.754,0.0,1,8,0.0,1,8,0.0,1,8,0.0,1,8,0.0,1,8,0.0,1,8,-0.0,1,8,-9900,?,9,-9900,?,9,8.71,E,8,7.48,E,8,91.0,E,8,822.9788000000001,E,8,999.0,E,8,0.26,E,8,-9900,?,9,-9900,?,9,0.0,E,8,-9900,?,9,-9900,?,9,0.0,0.0,E,8
05/30/2014,04:00,0.0,1328.317,0.0,1,8,0.0,1,8,0.0,1,8,0.0,1,8,0.0,1,8,0.0,1,8,-0.0,1,8,-9900,?,9,-9900,?,9,8.38,E,8,7.45,E,8,93.0,E,8,822.9788000000001,E,8,999.0,E,8,0.26,E,8,-9900,?,9,-9900,?,9,0.0,E,8,-9900,?,9,-9900,?,9,0.0,0.0,E,8
05/30/2014,05:00,0.0,1328.317,0.0,1,8,0.0,1,8,0.0,1,8,0.0,1,8,0.0,1,8,0.0,1,8,-0.0,1,8,-9900,?,9,-9900,?,9,8.06,E,8,7.43,E,8,95.0,E,8,822.9788000000001,E,8,999.0,E,8,0.26,E,8,-9900,?,9,-9900,?,9,0.0,E,8,-9900,?,9,-9900,?,9,0.0,0.0,E,8
05/30/2014,06:00,0.0,1328.317,0.0,1,8,0.0,1,8,0.0,1,8,0.0,1,8,0.0,1,8,0.0,1,8,-0.0,1,8,-9900,?,9,-9900,?,9,7.81,E,8,7.41,E,8,97.0,E,8,822.9788000000001,E,8,999.0,E,8,0.26,E,8,-9900,?,9,-9900,?,9,0.0,E,8,-9900,?,9,-9900,?,9,0.0,0.0,E,8
05/30/2014,07:00,49.261,1328.317,0.0,1,8,0.0,1,8,0.0,1,8,0.0,1,8,0.0,1,8,0.0,1,8,0.0,1,8,-9900,?,9,-9900,?,9,7.59,E,8,7.39,E,8,98.0,E,8,822.9788000000001,E,8,999.0,E,8,0.32,E,8,-9900,?,9,-9900,?,9,0.0,E,8,-9900,?,9,-9900,?,9,0.0,0.0,E,8
05/30/2014,08:00,328.86,1328.317,41.97,1,8,0.0,1,8,41.97,1,8,5036.4,1,8,0.0,1,8,4616.7,1,8,54.198,1,8,-9900,?,9,-9900,?,9,7.38,E,8,7.37,E,8,99.0,E,8,822.9788000000001,E,8,999.0,E,8,0.56,E,8,-9900,?,9,-9900,?,9,0.0,E,8,-9900,?,9,-9900,?,9,0.0,0.0,E,8
05/30/2014,09:00,578.677,1328.317,157.33,1,8,10.287,1,8,152.854,1,8,18879.6,1,8,977.311,1,8,16813.926,1,8,111.823,1,8,-9900,?,9,-9900,?,9,10.12,E,8,7.59,E,8,84.0,E,8,822.9788000000001,E,8,999.0,E,8,0.83,E,8,-9900,?,9,-9900,?,9,0.0,E,8,-9900,?,9,-9900,?,9,0.0,0.0,E,8
05/30/2014,10:00,777.466,1328.317,261.91,1,8,13.816,1,8,253.828,1,8,31429.2,1,8,1312.479,1,8,27921.11,1,8,138.119,1,8,-9900,?,9,-9900,?,9,11.6,E,8,7.71,E,8,77.0,E,8,822.9788000000001,E,8,999.0,E,8,1.1,E,8,-9900,?,9,-9900,?,9,0.0,E,8,-9900,?,9,-9900,?,9,0.0,0.0,E,8
05/30/2014,11:00,911.374,1328.317,340.62,1,8,14.381,1,8,330.757,1,8,40874.4,1,8,1366.15,1,8,36383.227,1,8,153.5,1,8,-9900,?,9,-9900,?,9,12.89,E,8,7.82,E,8,71.0,E,8,822.9788000000001,E,8,999.0,E,8,1.28,E,8,-9900,?,9,-9900,?,9,0.0,E,8,-9900,?,9,-9900,?,9,0.0,0.0,E,8
05/30/2014,12:00,971.204,1328.317,386.68,1,8,62.11,1,8,341.28,1,8,46401.6,1,8,5900.465,1,8,37540.747,1,8,148.615,1,8,-9900,?,9,-9900,?,9,13.91,E,8,7.9,E,8,67.0,E,8,822.9788000000001,E,8,999.0,E,8,1.52,E,8,-9900,?,9,-9900,?,9,0.0,E,8,-9900,?,9,-9900,?,9,0.0,0.0,E,8
05/30/2014,13:00,952.865,1328.317,523.48,1,8,269.239,1,8,330.396,1,8,62817.6,1,8,25577.711,1,8,36343.513,1,8,146.648,1,8,-9900,?,9,-9900,?,9,15.22,E,8,8.0,E,8,62.0,E,8,822.9788000000001,E,8,999.0,E,8,1.76,E,8,-9900,?,9,-9900,?,9,0.0,E,8,-9900,?,9,-9900,?,9,0.0,0.0,E,8
05/30/2014,14:00,857.613,1328.317,342.25,1,8,69.527,1,8,297.379,1,8,41070.0,1,8,6605.11,1,8,32711.664,1,8,146.672,1,8,-9900,?,9,-9900,?,9,15.44,E,8,8.02,E,8,61.0,E,8,822.9788000000001,E,8,999.0,E,8,1.49,E,8,-9900,?,9,-9900,?,9,0.0,E,8,-9900,?,9,-9900,?,9,0.0,0.0,E,8
05/30/2014,15:00,691.982,1328.317,307.61,1,8,112.817,1,8,248.884,1,8,36913.2,1,8,10717.628,1,8,27377.29,1,8,152.193,1,8,-9900,?,9,-9900,?,9,15.49,E,8,8.02,E,8,61.0,E,8,822.9788000000001,E,8,999.0,E,8,1.7,E,8,-9900,?,9,-9900,?,9,0.0,E,8,-9900,?,9,-9900,?,9,0.0,0.0,E,8
05/30/2014,16:00,467.394,1328.317,215.72,1,8,185.0,1,8,150.758,1,8,25886.4,1,8,17575.018,1,8,16583.344,1,8,136.66,1,8,-9900,?,9,-9900,?,9,15.08,E,8,7.99,E,8,62.0,E,8,822.9788000000001,E,8,999.0,E,8,2.07,E,8,-9900,?,9,-9900,?,9,0.0,E,8,-9900,?,9,-9900,?,9,0.0,0.0,E,8
05/30/2014,17:00,199.953,1328.317,87.29,1,8,249.823,1,8,50.129,1,8,10474.8,1,8,23733.164,1,8,5514.233,1,8,107.273,1,8,-9900,?,9,-9900,?,9,14.15,E,8,7.92,E,8,66.0,E,8,822.9788000000001,E,8,999.0,E,8,1.32,E,8,-9900,?,9,-9900,?,9,0.0,E,8,-9900,?,9,-9900,?,9,0.0,0.0,E,8
05/30/2014,18:00,0.0,1328.317,20.45,1,8,0.0,1,8,0.0,1,8,2454.0,1,8,0.0,1,8,0.0,1,8,-0.0,1,8,-9900,?,9,-9900,?,9,13.41,E,8,7.86,E,8,69.0,E,8,822.9788000000001,E,8,999.0,E,8,0.99,E,8,-9900,?,9,-9900,?,9,0.0,E,8,-9900,?,9,-9900,?,9,0.0,0.0,E,8
05/30/2014,19:00,0.0,1328.317,0.0,1,8,0.0,1,8,0.0,1,8,0.0,1,8,0.0,1,8,0.0,1,8,-0.0,1,8,-9900,?,9,-9900,?,9,12.66,E,8,7.8,E,8,72.0,E,8,822.9788000000001,E,8,999.0,E,8,0.58,E,8,-9900,?,9,-9900,?,9,0.0,E,8,-9900,?,9,-9900,?,9,0.0,0.0,E,8
05/30/2014,20:00,0.0,1328.317,0.0,1,8,0.0,1,8,0.0,1,8,0.0,1,8,0.0,1,8,0.0,1,8,-0.0,1,8,-9900,?,9,-9900,?,9,11.92,E,8,7.74,E,8,75.0,E,8,822.9788000000001,E,8,999.0,E,8,0.44,E,8,-9900,?,9,-9900,?,9,0.0,E,8,-9900,?,9,-9900,?,9,0.0,0.0,E,8
05/30/2014,21:00,0.0,1328.317,0.0,1,8,0.0,1,8,0.0,1,8,0.0,1,8,0.0,1,8,0.0,1,8,-0.0,1,8,-9900,?,9,-9900,?,9,11.17,E,8,7.68,E,8,79.0,E,8,822.9788000000001,E,8,999.0,E,8,0.26,E,8,-9900,?,9,-9900,?,9,0.0,E,8,-9900,?,9,-9900,?,9,0.0,0.0,E,8
05/30/2014,22:00,0.0,1328.317,0.0,1,8,0.0,1,8,0.0,1,8,0.0,1,8,0.0,1,8,0.0,1,8,-0.0,1,8,-9900,?,9,-9900,?,9,10.43,E,8,7.62,E,8,82.0,E,8,822.9788000000001,E,8,999.0,E,8,0.26,E,8,-9900,?,9,-9900,?,9,0.0,E,8,-9900,?,9,-9900,?,9,0.0,0.0,E,8
05/30/2014,23:00,0.0,1328.317,0.0,1,8,0.0,1,8,0.0,1,8,0.0,1,8,0.0,1,8,0.0,1,8,-0.0,1,8,-9900,?,9,-9900,?,9,9.68,E,8,7.56,E,8,86.0,E,8,822.9788000000001,E,8,999.0,E,8,0.26,E,8,-9900,?,9,-9900,?,9,0.0,E,8,-9900,?,9,-9900,?,9,0.0,0.0,E,8
05/30/2014,24:00,0.0,1328.317,0.0,1,8,0.0,1,8,0.0,1,8,0.0,1,8,0.0,1,8,0.0,1,8,-0.0,1,8,-9900,?,9,-9900,?,9,8.94,E,8,2.95,E,8,66.0,E,8,822.9788000000001,E,8,999.0,E,8,0.24,E,8,-9900,?,9,-9900,?,9,0.0,E,8,-9900,?,9,-9900,?,9,0.0,0.0,E,8
05/31/2014,01:00,0.0,1328.317,0.0,1,8,0.0,1,8,0.0,1,8,0.0,1,8,0.0,1,8,0.0,1,8,-0.0,1,8,-9900,?,9,-9900,?,9,8.56,E,8,3.31,E,8,69.0,E,8,822.9788000000001,E,8,999.0,E,8,0.28,E,8,-9900,?,9,-9900,?,9,0.0,E,8,-9900,?,9,-9900,?,9,0.0,0.0,E,8
05/31/2014,02:00,0.0,1328.317,0.0,1,8,0.0,1,8,0.0,1,8,0.0,1,8,0.0,1,8,0.0,1,8,-0.0,1,8,-9900,?,9,-9900,?,9,8.19,E,8,3.65,E,8,73.0,E,8,822.9788000000001,E,8,999.0,E,8,0.23,E,8,-9900,?,9,-9900,?,9,0.0,E,8,-9900,?,9,-9900,?,9,0.0,0.0,E,8
05/31/2014,03:00,0.0,1328.317,0.0,1,8,0.0,1,8,0.0,1,8,0.0,1,8,0.0,1,8,0.0,1,8,-0.0,1,8,-9900,?,9,-9900,?,9,7.82,E,8,3.99,E,8,76.0,E,8,822.9788000000001,E,8,999.0,E,8,0.21,E,8,-9900,?,9,-9900,?,9,0.0,E,8,-9900,?,9,-9900,?,9,0.0,0.0,E,8
05/31/2014,04:00,0.0,1327.891,0.0,1,8,0.0,1,8,0.0,1,8,0.0,1,8,0.0,1,8,0.0,1,8,-0.0,1,8,-9900,?,9,-9900,?,9,7.45,E,8,4.32,E,8,80.0,E,8,822.9788000000001,E,8,999.0,E,8,0.21,E,8,-9900,?,9,-9900,?,9,0.0,E,8,-9900,?,9,-9900,?,9,0.0,0.0,E,8
05/31/2014,05:00,0.0,1327.891,0.0,1,8,0.0,1,8,0.0,1,8,0.0,1,8,0.0,1,8,0.0,1,8,-0.0,1,8,-9900,?,9,-9900,?,9,7.07,E,8,4.65,E,8,84.0,E,8,822.9788000000001,E,8,999.0,E,8,0.21,E,8,-9900,?,9,-9900,?,9,0.0,E,8,-9900,?,9,-9900,?,9,0.0,0.0,E,8
05/31/2014,06:00,0.0,1327.891,0.0,1,8,0.0,1,8,0.0,1,8,0.0,1,8,0.0,1,8,0.0,1,8,-0.0,1,8,-9900,?,9,-9900,?,9,6.78,E,8,4.9,E,8,87.0,E,8,822.9788000000001,E,8,999.0,E,8,0.21,E,8,-9900,?,9,-9900,?,9,0.0,E,8,-9900,?,9,-9900,?,9,0.0,0.0,E,8
05/31/2014,07:00,47.333,1327.891,0.0,1,8,0.0,1,8,0.0,1,8,0.0,1,8,0.0,1,8,0.0,1,8,0.0,1,8,-9900,?,9,-9900,?,9,6.54,E,8,5.1,E,8,90.0,E,8,822.9788000000001,E,8,999.0,E,8,0.21,E,8,-9900,?,9,-9900,?,9,0.0,E,8,-9900,?,9,-9900,?,9,0.0,0.0,E,8
05/31/2014,08:00,326.476,1327.891,77.64,1,8,0.0,1,8,77.64,1,8,9316.8,1,8,0.0,1,8,8540.4,1,8,100.967,1,8,-9900,?,9,-9900,?,9,6.29,E,8,5.31,E,8,93.0,E,8,822.9788000000001,E,8,999.0,E,8,0.62,E,8,-9900,?,9,-9900,?,9,0.0,E,8,-9900,?,9,-9900,?,9,0.0,0.0,E,8
05/31/2014,09:00,576.057,1327.891,300.79,1,8,232.645,1,8,199.993,1,8,36094.8,1,8,22101.245,1,8,21999.188,1,8,146.929,1,8,-9900,?,9,-9900,?,9,10.32,E,8,1.56,E,8,54.0,E,8,822.9788000000001,E,8,999.0,E,8,0.98,E,8,-9900,?,9,-9900,?,9,0.0,E,8,-9900,?,9,-9900,?,9,0.0,0.0,E,8
05/31/2014,10:00,774.72,1327.891,497.12,1,8,404.164,1,8,261.456,1,8,59654.4,1,8,38395.587,1,8,28760.137,1,8,142.729,1,8,-9900,?,9,-9900,?,9,12.51,E,8,-0.83,E,8,39.0,E,8,822.9788000000001,E,8,999.0,E,8,1.01,E,8,-9900,?,9,-9900,?,9,0.0,E,8,-9900,?,9,-9900,?,9,0.0,0.0,E,8
05/31/2014,11:00,908.619,1327.891,648.68,1,8,543.131,1,8,277.162,1,8,77841.6,1,8,51597.469,1,8,30487.874,1,8,128.976,1,8,-9900,?,9,-9900,?,9,14.41,E,8,-3.1,E,8,28.0,E,8,822.9788000000001,E,8,999.0,E,8,1.6,E,8,-9900,?,9,-9900,?,9,0.0,E,8,-9900,?,9,-9900,?,9,0.0,0.0,E,8
05/31/2014,12:00,968.557,1327.891,733.34,1,8,721.234,1,8,207.412,1,8,88000.8,1,8,68517.228,1,8,22815.267,1,8,90.538,1,8,-9900,?,9,-9900,?,9,15.91,E,8,-5.22,E,8,21.0,E,8,822.9788000000001,E,8,999.0,E,8,1.74,E,8,-9900,?,9,-9900,?,9,0.0,E,8,-9900,?,9,-9900,?,9,0.0,0.0,E,8
05/31/2014,13:00,950.433,1327.891,745.16,1,8,805.363,1,8,168.886,1,8,89419.2,1,8,76509.444,1,8,18577.412,1,8,75.129,1,8,-9900,?,9,-9900,?,9,16.95,E,8,-6.94,E,8,17.0,E,8,822.9788000000001,E,8,999.0,E,8,2.24,E,8,-9900,?,9,-9900,?,9,0.0,E,8,-9900,?,9,-9900,?,9,0.0,0.0,E,8
05/31/2014,14:00,855.493,1327.891,692.04,1,8,875.569,1,8,128.189,1,8,83044.8,1,8,83179.06,1,8,14100.745,1,8,63.361,1,8,-9900,?,9,-9900,?,9,17.53,E,8,-8.01,E,8,15.0,E,8,822.9788000000001,E,8,999.0,E,8,2.38,E,8,-9900,?,9,-9900,?,9,0.0,E,8,-9900,?,9,-9900,?,9,0.0,0.0,E,8
05/31/2014,15:00,690.244,1327.891,574.74,1,8,815.823,1,8,151.006,1,8,68968.8,1,8,77503.174,1,8,16610.688,1,8,92.544,1,8,-9900,?,9,-9900,?,9,17.66,E,8,-8.25,E,8,15.0,E,8,822.9788000000001,E,8,999.0,E,8,2.95,E,8,-9900,?,9,-9900,?,9,0.0,E,8,-9900,?,9,-9900,?,9,0.0,0.0,E,8
05/31/2014,16:00,466.087,1327.891,398.75,1,8,749.689,1,8,136.154,1,8,47850.0,1,8,71220.408,1,8,14976.977,1,8,123.73,1,8,-9900,?,9,-9900,?,9,17.11,E,8,-7.23,E,8,16.0,E,8,822.9788000000001,E,8,999.0,E,8,2.21,E,8,-9900,?,9,-9900,?,9,0.0,E,8,-9900,?,9,-9900,?,9,0.0,0.0,E,8
05/31/2014,17:00,199.096,1327.891,185.39,1,8,537.92,1,8,105.7,1,8,22246.8,1,8,51102.383,1,8,11627.016,1,8,227.112,1,8,-9900,?,9,-9900,?,9,15.91,E,8,-5.22,E,8,21.0,E,8,822.9788000000001,E,8,999.0,E,8,1.58,E,8,-9900,?,9,-9900,?,9,0.0,E,8,-9900,?,9,-9900,?,9,0.0,0.0,E,8
05/31/2014,18:00,0.0,1327.891,118.29,1,8,0.0,1,8,0.0,1,8,14194.8,1,8,0.0,1,8,0.0,1,8,-0.0,1,8,-9900,?,9,-9900,?,9,15.182,E,8,-4.278,E,8,24.8,E,8,822.9788000000001,E,8,999.0,E,8,0.994,E,8,-9900,?,9,-9900,?,9,0.0,E,8,-9900,?,9,-9900,?,9,0.0,0.0,E,8
05/31/2014,19:00,0.0,1327.891,38.54,1,8,0.0,1,8,0.0,1,8,4624.8,1,8,0.0,1,8,0.0,1,8,-0.0,1,8,-9900,?,9,-9900,?,9,14.298,E,8,-3.038,E,8,29.2,E,8,822.9788000000001,E,8,999.0,E,8,0.594,E,8,-9900,?,9,-9900,?,9,0.0,E,8,-9900,?,9,-9900,?,9,0.0,0.0,E,8
05/31/2014,20:00,0.0,1327.891,1.462,1,8,0.0,1,8,0.0,1,8,175.44,1,8,0.0,1,8,0.0,1,8,-0.0,1,8,-9900,?,9,-9900,?,9,13.492,E,8,-2.026,E,8,33.6,E,8,822.9788000000001,E,8,999.0,E,8,0.33,E,8,-9900,?,9,-9900,?,9,0.0,E,8,-9900,?,9,-9900,?,9,0.0,0.0,E,8
05/31/2014,21:00,0.0,1327.891,0.0,1,8,0.0,1,8,0.0,1,8,0.0,1,8,0.0,1,8,0.0,1,8,-0.0,1,8,-9900,?,9,-9900,?,9,12.688,E,8,-1.072,E,8,38.2,E,8,822.9788000000001,E,8,999.0,E,8,0.22,E,8,-9900,?,9,-9900,?,9,0.0,E,8,-9900,?,9,-9900,?,9,0.0,0.0,E,8
05/31/2014,22:00,0.0,1327.891,0.0,1,8,0.0,1,8,0.0,1,8,0.0,1,8,0.0,1,8,0.0,1,8,-0.0,1,8,-9900,?,9,-9900,?,9,11.882,E,8,0.53,E,8,46.4,E,8,822.9788000000001,E,8,999.0,E,8,0.212,E,8,-9900,?,9,-9900,?,9,0.0,E,8,-9900,?,9,-9900,?,9,0.0,0.0,E,8
05/31/2014,23:00,0.0,1327.891,0.0,1,8,0.0,1,8,0.0,1,8,0.0,1,8,0.0,1,8,0.0,1,8,-0.0,1,8,-9900,?,9,-9900,?,9,11.158,E,8,1.964,E,8,54.2,E,8,822.9788000000001,E,8,999.0,E,8,0.204,E,8,-9900,?,9,-9900,?,9,0.0,E,8,-9900,?,9,-9900,?,9,0.0,0.0,E,8
05/31/2014,24:00,0.0,1327.891,0.0,1,8,0.0,1,8,0.0,1,8,0.0,1,8,0.0,1,8,0.0,1,8,-0.0,1,8,-9900,?,9,-9900,?,9,10.514,E,8,3.246,E,8,61.6,E,8,822.9788000000001,E,8,999.0,E,8,0.196,E,8,-9900,?,9,-9900,?,9,0.0,E,8,-9900,?,9,-9900,?,9,0.0,0.0,E,8
06/01/2014,01:00,0.0,1327.891,0.0,1,8,0.0,1,8,0.0,1,8,0.0,1,8,0.0,1,8,0.0,1,8,-0.0,1,8,-9900,?,9,-9900,?,9,9.95,E,8,4.386,E,8,68.6,E,8,822.9788000000001,E,8,999.0,E,8,0.178,E,8,-9900,?,9,-9900,?,9,0.0,E,8,-9900,?,9,-9900,?,9,0.0,0.0,E,8
06/01/2014,02:00,0.0,1327.891,0.0,1,8,0.0,1,8,0.0,1,8,0.0,1,8,0.0,1,8,0.0,1,8,-0.0,1,8,-9900,?,9,-9900,?,9,9.466,E,8,5.378,E,8,75.2,E,8,822.9788000000001,E,8,999.0,E,8,0.17,E,8,-9900,?,9,-9900,?,9,0.0,E,8,-9900,?,9,-9900,?,9,0.0,0.0,E,8
06/01/2014,03:00,0.0,1327.891,0.0,1,8,0.0,1,8,0.0,1,8,0.0,1,8,0.0,1,8,0.0,1,8,-0.0,1,8,-9900,?,9,-9900,?,9,9.064,E,8,5.54,E,8,78.0,E,8,822.9788000000001,E,8,999.0,E,8,0.17,E,8,-9900,?,9,-9900,?,9,0.0,E,8,-9900,?,9,-9900,?,9,0.0,0.0,E,8
06/01/2014,04:00,0.0,1327.476,0.0,1,8,0.0,1,8,0.0,1,8,0.0,1,8,0.0,1,8,0.0,1,8,-0.0,1,8,-9900,?,9,-9900,?,9,8.68,E,8,5.692,E,8,81.0,E,8,822.9788000000001,E,8,999.0,E,8,0.17,E,8,-9900,?,9,-9900,?,9,0.0,E,8,-9900,?,9,-9900,?,9,0.0,0.0,E,8
06/01/2014,05:00,0.0,1327.476,0.0,1,8,0.0,1,8,0.0,1,8,0.0,1,8,0.0,1,8,0.0,1,8,-0.0,1,8,-9900,?,9,-9900,?,9,8.322,E,8,5.832,E,8,83.8,E,8,822.9788000000001,E,8,999.0,E,8,0.178,E,8,-9900,?,9,-9900,?,9,0.0,E,8,-9900,?,9,-9900,?,9,0.0,0.0,E,8
06/01/2014,06:00,0.0,1327.476,0.0,1,8,0.0,1,8,0.0,1,8,0.0,1,8,0.0,1,8,0.0,1,8,-0.0,1,8,-9900,?,9,-9900,?,9,7.95,E,8,5.98,E,8,87.0,E,8,822.9788000000001,E,8,999.0,E,8,0.17,E,8,-9900,?,9,-9900,?,9,0.0,E,8,-9900,?,9,-9900,?,9,0.0,0.0,E,8
06/01/2014,07:00,45.436,1327.476,0.0,1,8,0.0,1,8,0.0,1,8,0.0,1,8,0.0,1,8,0.0,1,8,0.0,1,8,-9900,?,9,-9900,?,9,7.68,E,8,6.08,E,8,89.0,E,8,822.9788000000001,E,8,999.0,E,8,0.21,E,8,-9900,?,9,-9900,?,9,0.0,E,8,-9900,?,9,-9900,?,9,0.0,0.0,E,8
06/01/2014,08:00,324.137,1327.476,75.23,1,8,0.0,1,8,75.23,1,8,9027.6,1,8,0.0,1,8,8275.3,1,8,98.515,1,8,-9900,?,9,-9900,?,9,7.41,E,8,6.19,E,8,91.0,E,8,822.9788000000001,E,8,999.0,E,8,0.28,E,8,-9900,?,9,-9900,?,9,0.0,E,8,-9900,?,9,-9900,?,9,0.0,0.0,E,8
06/01/2014,09:00,573.497,1327.476,215.3,1,8,68.65,1,8,185.68,1,8,25836.0,1,8,6521.73,1,8,20424.754,1,8,136.982,1,8,-9900,?,9,-9900,?,9,10.51,E,8,4.96,E,8,68.0,E,8,822.9788000000001,E,8,999.0,E,8,0.41,E,8,-9900,?,9,-9900,?,9,0.0,E,8,-9900,?,9,-9900,?,9,0.0,0.0,E,8
06/01/2014,10:00,772.051,1327.476,390.33,1,8,156.854,1,8,299.157,1,8,46839.6,1,8,14901.175,1,8,32907.252,1,8,163.825,1,8,-9900,?,9,-9900,?,9,12.25,E,8,4.22,E,8,57.0,E,8,822.9788000000001,E,8,999.0,E,8,0.74,E,8,-9900,?,9,-9900,?,9,0.0,E,8,-9900,?,9,-9900,?,9,0.0,0.0,E,8
06/01/2014,11:00,905.954,1327.476,457.52,1,8,137.503,1,8,363.711,1,8,54902.4,1,8,13062.802,1,8,40008.176,1,8,169.697,1,8,-9900,?,9,-9900,?,9,13.48,E,8,3.68,E,8,51.0,E,8,822.9788000000001,E,8,999.0,E,8,1.33,E,8,-9900,?,9,-9900,?,9,0.0,E,8,-9900,?,9,-9900,?,9,0.0,0.0,E,8
06/01/2014,12:00,966.01,1327.476,433.69,1,8,119.244,1,8,346.938,1,8,52042.8,1,8,11328.169,1,8,38163.213,1,8,151.796,1,8,-9900,?,9,-9900,?,9,14.11,E,8,3.39,E,8,48.0,E,8,822.9788000000001,E,8,999.0,E,8,2.33,E,8,-9900,?,9,-9900,?,9,0.0,E,8,-9900,?,9,-9900,?,9,0.0,0.0,E,8
06/01/2014,13:00,948.111,1327.476,668.37,1,8,507.344,1,8,306.117,1,8,80204.4,1,8,48197.675,1,8,33672.822,1,8,136.467,1,8,-9900,?,9,-9900,?,9,15.37,E,8,2.81,E,8,42.0,E,8,822.9788000000001,E,8,999.0,E,8,2.97,E,8,-9900,?,9,-9900,?,9,0.0,E,8,-9900,?,9,-9900,?,9,0.0,0.0,E,8
06/01/2014,14:00,853.484,1327.476,477.37,1,8,258.677,1,8,311.126,1,8,57284.4,1,8,24574.335,1,8,34223.863,1,8,154.099,1,8,-9900,?,9,-9900,?,9,15.69,E,8,2.65,E,8,41.0,E,8,822.9788000000001,E,8,999.0,E,8,3.02,E,8,-9900,?,9,-9900,?,9,0.0,E,8,-9900,?,9,-9900,?,9,0.0,0.0,E,8
06/01/2014,15:00,688.618,1327.476,417.24,1,8,400.958,1,8,209.412,1,8,50068.8,1,8,38090.995,1,8,23035.275,1,8,128.601,1,8,-9900,?,9,-9900,?,9,15.76,E,8,2.62,E,8,41.0,E,8,822.9788000000001,E,8,999.0,E,8,2.54,E,8,-9900,?,9,-9900,?,9,0.0,E,8,-9900,?,9,-9900,?,9,0.0,0.0,E,8
06/01/2014,16:00,464.884,1327.476,334.76,1,8,578.956,1,8,132.429,1,8,40171.2,1,8,55000.807,1,8,14567.23,1,8,120.62,1,8,-9900,?,9,-9900,?,9,15.53,E,8,2.73,E,8,42.0,E,8,822.9788000000001,E,8,999.0,E,8,1.73,E,8,-9900,?,9,-9900,?,9,0.0,E,8,-9900,?,9,-9900,?,9,0.0,0.0,E,8
06/01/2014,17:00,198.335,1327.476,151.43,1,8,379.895,1,8,95.353,1,8,18171.6,1,8,36090.054,1,8,10488.798,1,8,205.618,1,8,-9900,?,9,-9900,?,9,14.69,E,8,3.12,E,8,45.0,E,8,822.9788000000001,E,8,999.0,E,8,1.56,E,8,-9900,?,9,-9900,?,9,0.0,E,8,-9900,?,9,-9900,?,9,0.0,0.0,E,8
06/01/2014,18:00,0.0,1327.476,14.83,1,8,0.0,1,8,0.0,1,8,1779.6,1,8,0.0,1,8,0.0,1,8,-0.0,1,8,-9900,?,9,-9900,?,9,13.92,E,8,3.48,E,8,49.0,E,8,822.9788000000001,E,8,999.0,E,8,1.15,E,8,-9900,?,9,-9900,?,9,0.0,E,8,-9900,?,9,-9900,?,9,0.0,0.0,E,8
06/01/2014,19:00,0.0,1327.476,0.0,1,8,0.0,1,8,0.0,1,8,0.0,1,8,0.0,1,8,0.0,1,8,-0.0,1,8,-9900,?,9,-9900,?,9,13.15,E,8,3.82,E,8,53.0,E,8,822.9788000000001,E,8,999.0,E,8,0.67,E,8,-9900,?,9,-9900,?,9,0.0,E,8,-9900,?,9,-9900,?,9,0.0,0.0,E,8
06/01/2014,20:00,0.0,1327.476,0.0,1,8,0.0,1,8,0.0,1,8,0.0,1,8,0.0,1,8,0.0,1,8,-0.0,1,8,-9900,?,9,-9900,?,9,12.38,E,8,4.16,E,8,57.0,E,8,822.9788000000001,E,8,999.0,E,8,0.44,E,8,-9900,?,9,-9900,?,9,0.0,E,8,-9900,?,9,-9900,?,9,0.0,0.0,E,8
06/01/2014,21:00,0.0,1327.476,0.0,1,8,0.0,1,8,0.0,1,8,0.0,1,8,0.0,1,8,0.0,1,8,-0.0,1,8,-9900,?,9,-9900,?,9,11.61,E,8,4.49,E,8,61.0,E,8,822.9788000000001,E,8,999.0,E,8,0.47,E,8,-9900,?,9,-9900,?,9,0.0,E,8,-9900,?,9,-9900,?,9,0.0,0.0,E,8
06/01/2014,22:00,0.0,1327.476,0.0,1,8,0.0,1,8,0.0,1,8,0.0,1,8,0.0,1,8,0.0,1,8,-0.0,1,8,-9900,?,9,-9900,?,9,10.83,E,8,4.82,E,8,66.0,E,8,822.9788000000001,E,8,999.0,E,8,0.58,E,8,-9900,?,9,-9900,?,9,0.0,E,8,-9900,?,9,-9900,?,9,0.0,0.0,E,8
06/01/2014,23:00,0.0,1327.476,0.0,1,8,0.0,1,8,0.0,1,8,0.0,1,8,0.0,1,8,0.0,1,8,-0.0,1,8,-9900,?,9,-9900,?,9,10.06,E,8,5.14,E,8,71.0,E,8,822.9788000000001,E,8,999.0,E,8,0.4,E,8,-9900,?,9,-9900,?,9,0.0,E,8,-9900,?,9,-9900,?,9,0.0,0.0,E,8
06/01/2014,24:00,0.0,1327.476,0.0,1,8,0.0,1,8,0.0,1,8,0.0,1,8,0.0,1,8,0.0,1,8,-0.0,1,8,-9900,?,9,-9900,?,9,9.29,E,8,3.84,E,8,68.0,E,8,822.9788000000001,E,8,999.0,E,8,4.53,E,8,-9900,?,9,-9900,?,9,0.0,E,8,-9900,?,9,-9900,?,9,0.0,0.0,E,8
06/02/2014,01:00,0.0,1327.476,0.0,1,8,0.0,1,8,0.0,1,8,0.0,1,8,0.0,1,8,0.0,1,8,-0.0,1,8,-9900,?,9,-9900,?,9,8.91,E,8,4.19,E,8,72.0,E,8,822.9788000000001,E,8,999.0,E,8,3.64,E,8,-9900,?,9,-9900,?,9,0.0,E,8,-9900,?,9,-9900,?,9,0.0,0.0,E,8
06/02/2014,02:00,0.0,1327.476,0.0,1,8,0.0,1,8,0.0,1,8,0.0,1,8,0.0,1,8,0.0,1,8,-0.0,1,8,-9900,?,9,-9900,?,9,8.52,E,8,4.55,E,8,76.0,E,8,822.9788000000001,E,8,999.0,E,8,4.44,E,8,-9900,?,9,-9900,?,9,0.0,E,8,-9900,?,9,-9900,?,9,0.0,0.0,E,8
06/02/2014,03:00,0.0,1327.476,0.0,1,8,0.0,1,8,0.0,1,8,0.0,1,8,0.0,1,8,0.0,1,8,-0.0,1,8,-9900,?,9,-9900,?,9,8.14,E,8,4.9,E,8,79.0,E,8,822.9788000000001,E,8,999.0,E,8,6.19,E,8,-9900,?,9,-9900,?,9,0.0,E,8,-9900,?,9,-9900,?,9,0.0,0.0,E,8
06/02/2014,04:00,0.0,1327.072,0.0,1,8,0.0,1,8,0.0,1,8,0.0,1,8,0.0,1,8,0.0,1,8,-0.0,1,8,-9900,?,9,-9900,?,9,7.75,E,8,5.24,E,8,84.0,E,8,822.9788000000001,E,8,999.0,E,8,6.6,E,8,-9900,?,9,-9900,?,9,0.0,E,8,-9900,?,9,-9900,?,9,0.0,0.0,E,8
06/02/2014,05:00,0.0,1327.072,0.0,1,8,0.0,1,8,0.0,1,8,0.0,1,8,0.0,1,8,0.0,1,8,-0.0,1,8,-9900,?,9,-9900,?,9,7.36,E,8,5.58,E,8,88.0,E,8,822.9788000000001,E,8,999.0,E,8,6.56,E,8,-9900,?,9,-9900,?,9,0.0,E,8,-9900,?,9,-9900,?,9,0.0,0.0,E,8
06/02/2014,06:00,0.0,1327.072,0.0,1,8,0.0,1,8,0.0,1,8,0.0,1,8,0.0,1,8,0.0,1,8,-0.0,1,8,-9900,?,9,-9900,?,9,7.07,E,8,5.82,E,8,91.0,E,8,822.9788000000001,E,8,999.0,E,8,5.02,E,8,-9900,?,9,-9900,?,9,0.0,E,8,-9900,?,9,-9900,?,9,0.0,0.0,E,8
06/02/2014,07:00,43.572,1327.072,0.0,1,8,0.0,1,8,0.0,1,8,0.0,1,8,0.0,1,8,0.0,1,8,0.0,1,8,-9900,?,9,-9900,?,9,6.81,E,8,6.04,E,8,94.0,E,8,822.9788000000001,E,8,999.0,E,8,4.37,E,8,-9900,?,9,-9900,?,9,0.0,E,8,-9900,?,9,-9900,?,9,0.0,0.0,E,8
06/02/2014,08:00,321.843,1327.072,16.79,1,8,0.0,1,8,16.79,1,8,2014.8,1,8,0.0,1,8,1846.9,1,8,22.138,1,8,-9900,?,9,-9900,?,9,6.56,E,8,6.24,E,8,97.0,E,8,822.9788000000001,E,8,999.0,E,8,5.07,E,8,-9900,?,9,-9900,?,9,0.0,E,8,-9900,?,9,-9900,?,9,0.0,0.0,E,8
06/02/2014,09:00,570.999,1327.072,66.73,1,8,0.0,1,8,66.73,1,8,8007.6,1,8,0.0,1,8,7340.3,1,8,49.43,1,8,-9900,?,9,-9900,?,9,8.29,E,8,4.76,E,8,78.0,E,8,822.9788000000001,E,8,999.0,E,8,5.75,E,8,-9900,?,9,-9900,?,9,0.0,E,8,-9900,?,9,-9900,?,9,0.0,0.0,E,8
06/02/2014,10:00,769.459,1327.072,122.43,1,8,0.0,1,8,122.43,1,8,14691.6,1,8,0.0,1,8,13467.3,1,8,67.251,1,8,-9900,?,9,-9900,?,9,9.4,E,8,3.73,E,8,67.0,E,8,822.9788000000001,E,8,999.0,E,8,5.96,E,8,-9900,?,9,-9900,?,9,0.0,E,8,-9900,?,9,-9900,?,9,0.0,0.0,E,8
06/02/2014,11:00,903.381,1327.072,153.37,1,8,0.791,1,8,152.832,1,8,18404.4,1,8,75.152,1,8,16811.484,1,8,71.488,1,8,-9900,?,9,-9900,?,9,10.28,E,8,2.86,E,8,59.0,E,8,822.9788000000001,E,8,999.0,E,8,6.77,E,8,-9900,?,9,-9900,?,9,0.0,E,8,-9900,?,9,-9900,?,9,0.0,0.0,E,8
06/02/2014,12:00,963.567,1327.072,167.35,1,8,1.076,1,8,166.569,1,8,20082.0,1,8,102.232,1,8,18322.573,1,8,73.042,1,8,-9900,?,9,-9900,?,9,10.92,E,8,2.2,E,8,54.0,E,8,822.9788000000001,E,8,999.0,E,8,6.34,E,8,-9900,?,9,-9900,?,9,0.0,E,8,-9900,?,9,-9900,?,9,0.0,0.0,E,8
06/02/2014,13:00,945.898,1327.072,164.78,1,8,1.017,1,8,164.055,1,8,19773.6,1,8,96.622,1,8,18046.079,1,8,73.285,1,8,-9900,?,9,-9900,?,9,11.34,E,8,1.75,E,8,51.0,E,8,822.9788000000001,E,8,999.0,E,8,5.14,E,8,-9900,?,9,-9900,?,9,0.0,E,8,-9900,?,9,-9900,?,9,0.0,0.0,E,8
06/02/2014,14:00,851.587,1327.072,160.7,1,8,0.826,1,8,160.17,1,8,19284.0,1,8,78.469,1,8,17618.72,1,8,79.484,1,8,-9900,?,9,-9900,?,9,11.6,E,8,1.46,E,8,49.0,E,8,822.9788000000001,E,8,999.0,E,8,3.9,E,8,-9900,?,9,-9900,?,9,0.0,E,8,-9900,?,9,-9900,?,9,0.0,0.0,E,8
06/02/2014,15:00,687.102,1327.072,134.59,1,8,0.903,1,8,134.123,1,8,16150.8,1,8,85.816,1,8,14753.494,1,8,82.523,1,8,-9900,?,9,-9900,?,9,11.67,E,8,1.38,E,8,49.0,E,8,822.9788000000001,E,8,999.0,E,8,3.64,E,8,-9900,?,9,-9900,?,9,0.0,E,8,-9900,?,9,-9900,?,9,0.0,0.0,E,8
06/02/2014,16:00,463.787,1327.072,77.88,1,8,0.0,1,8,77.88,1,8,9345.6,1,8,0.0,1,8,8566.8,1,8,71.082,1,8,-9900,?,9,-9900,?,9,11.32,E,8,1.77,E,8,51.0,E,8,822.9788000000001,E,8,999.0,E,8,2.83,E,8,-9900,?,9,-9900,?,9,0.0,E,8,-9900,?,9,-9900,?,9,0.0,0.0,E,8
06/02/2014,17:00,197.67,1327.072,43.24,1,8,0.0,1,8,43.24,1,8,5188.8,1,8,0.0,1,8,4756.4,1,8,93.535,1,8,-9900,?,9,-9900,?,9,10.79,E,8,2.34,E,8,55.0,E,8,822.9788000000001,E,8,999.0,E,8,3.9,E,8,-9900,?,9,-9900,?,9,0.0,E,8,-9900,?,9,-9900,?,9,0.0,0.0,E,8
06/02/2014,18:00,0.0,1327.072,1.5,1,8,0.0,1,8,0.0,1,8,180.0,1,8,0.0,1,8,0.0,1,8,-0.0,1,8,-9900,?,9,-9900,?,9,10.27,E,8,2.87,E,8,60.0,E,8,822.9788000000001,E,8,999.0,E,8,5.79,E,8,-9900,?,9,-9900,?,9,0.0,E,8,-9900,?,9,-9900,?,9,0.0,0.0,E,8
06/02/2014,19:00,0.0,1327.072,0.0,1,8,0.0,1,8,0.0,1,8,0.0,1,8,0.0,1,8,0.0,1,8,-0.0,1,8,-9900,?,9,-9900,?,9,9.75,E,8,3.39,E,8,64.0,E,8,822.9788000000001,E,8,999.0,E,8,5.03,E,8,-9900,?,9,-9900,?,9,0.0,E,8,-9900,?,9,-9900,?,9,0.0,0.0,E,8
06/02/2014,20:00,0.0,1327.072,0.0,1,8,0.0,1,8,0.0,1,8,0.0,1,8,0.0,1,8,0.0,1,8,-0.0,1,8,-9900,?,9,-9900,?,9,9.24,E,8,3.88,E,8,69.0,E,8,822.9788000000001,E,8,999.0,E,8,4.99,E,8,-9900,?,9,-9900,?,9,0.0,E,8,-9900,?,9,-9900,?,9,0.0,0.0,E,8
06/02/2014,21:00,0.0,1327.072,0.0,1,8,0.0,1,8,0.0,1,8,0.0,1,8,0.0,1,8,0.0,1,8,-0.0,1,8,-9900,?,9,-9900,?,9,8.72,E,8,4.37,E,8,74.0,E,8,822.9788000000001,E,8,999.0,E,8,4.2,E,8,-9900,?,9,-9900,?,9,0.0,E,8,-9900,?,9,-9900,?,9,0.0,0.0,E,8
06/02/2014,22:00,0.0,1327.072,0.0,1,8,0.0,1,8,0.0,1,8,0.0,1,8,0.0,1,8,0.0,1,8,-0.0,1,8,-9900,?,9,-9900,?,9,8.2,E,8,4.84,E,8,79.0,E,8,822.9788000000001,E,8,999.0,E,8,4.82,E,8,-9900,?,9,-9900,?,9,0.0,E,8,-9900,?,9,-9900,?,9,0.0,0.0,E,8
06/02/2014,23:00,0.0,1327.072,0.0,1,8,0.0,1,8,0.0,1,8,0.0,1,8,0.0,1,8,0.0,1,8,-0.0,1,8,-9900,?,9,-9900,?,9,7.68,E,8,5.3,E,8,84.0,E,8,822.9788000000001,E,8,999.0,E,8,3.42,E,8,-9900,?,9,-9900,?,9,0.0,E,8,-9900,?,9,-9900,?,9,0.0,0.0,E,8
06/02/2014,24:00,0.0,1327.072,0.0,1,8,0.0,1,8,0.0,1,8,0.0,1,8,0.0,1,8,0.0,1,8,-0.0,1,8,-9900,?,9,-9900,?,9,7.16,E,8,2.39,E,8,71.0,E,8,822.9788000000001,E,8,999.0,E,8,0.55,E,8,-9900,?,9,-9900,?,9,0.0,E,8,-9900,?,9,-9900,?,9,0.0,0.0,E,8
06/03/2014,01:00,0.0,1327.072,0.0,1,8,0.0,1,8,0.0,1,8,0.0,1,8,0.0,1,8,0.0,1,8,-0.0,1,8,-9900,?,9,-9900,?,9,6.9,E,8,2.73,E,8,74.0,E,8,822.9788000000001,E,8,999.0,E,8,0.55,E,8,-9900,?,9,-9900,?,9,0.0,E,8,-9900,?,9,-9900,?,9,0.0,0.0,E,8
06/03/2014,02:00,0.0,1327.072,0.0,1,8,0.0,1,8,0.0,1,8,0.0,1,8,0.0,1,8,0.0,1,8,-0.0,1,8,-9900,?,9,-9900,?,9,6.64,E,8,3.07,E,8,77.0,E,8,822.9788000000001,E,8,999.0,E,8,0.7,E,8,-9900,?,9,-9900,?,9,0.0,E,8,-9900,?,9,-9900,?,9,0.0,0.0,E,8
06/03/2014,03:00,0.0,1327.072,0.0,1,8,0.0,1,8,0.0,1,8,0.0,1,8,0.0,1,8,0.0,1,8,-0.0,1,8,-9900,?,9,-9900,?,9,6.39,E,8,3.38,E,8,81.0,E,8,822.9788000000001,E,8,999.0,E,8,0.95,E,8,-9900,?,9,-9900,?,9,0.0,E,8,-9900,?,9,-9900,?,9,0.0,0.0,E,8
06/03/2014,04:00,0.0,1326.679,0.0,1,8,0.0,1,8,0.0,1,8,0.0,1,8,0.0,1,8,0.0,1,8,-0.0,1,8,-9900,?,9,-9900,?,9,6.13,E,8,3.7,E,8,84.0,E,8,822.9788000000001,E,8,999.0,E,8,0.77,E,8,-9900,?,9,-9900,?,9,0.0,E,8,-9900,?,9,-9900,?,9,0.0,0.0,E,8
06/03/2014,05:00,0.0,1326.679,0.0,1,8,0.0,1,8,0.0,1,8,0.0,1,8,0.0,1,8,0.0,1,8,-0.0,1,8,-9900,?,9,-9900,?,9,5.87,E,8,4.02,E,8,87.0,E,8,822.9788000000001,E,8,999.0,E,8,0.49,E,8,-9900,?,9,-9900,?,9,0.0,E,8,-9900,?,9,-9900,?,9,0.0,0.0,E,8
06/03/2014,06:00,0.0,1326.679,0.0,1,8,0.0,1,8,0.0,1,8,0.0,1,8,0.0,1,8,0.0,1,8,-0.0,1,8,-9900,?,9,-9900,?,9,5.67,E,8,4.26,E,8,90.0,E,8,822.9788000000001,E,8,999.0,E,8,0.43,E,8,-9900,?,9,-9900,?,9,0.0,E,8,-9900,?,9,-9900,?,9,0.0,0.0,E,8
06/03/2014,07:00,41.744,1326.679,0.0,1,8,0.0,1,8,0.0,1,8,0.0,1,8,0.0,1,8,0.0,1,8,0.0,1,8,-9900,?,9,-9900,?,9,5.5,E,8,4.46,E,8,92.0,E,8,822.9788000000001,E,8,999.0,E,8,0.41,E,8,-9900,?,9,-9900,?,9,0.0,E,8,-9900,?,9,-9900,?,9,0.0,0.0,E,8
06/03/2014,08:00,319.599,1326.679,55.72,1,8,0.0,1,8,55.72,1,8,6686.4,1,8,0.0,1,8,6129.2,1,8,73.967,1,8,-9900,?,9,-9900,?,9,5.32,E,8,4.66,E,8,95.0,E,8,822.9788000000001,E,8,999.0,E,8,0.41,E,8,-9900,?,9,-9900,?,9,0.0,E,8,-9900,?,9,-9900,?,9,0.0,0.0,E,8
06/03/2014,09:00,568.567,1326.679,230.23,1,8,103.637,1,8,185.872,1,8,27627.6,1,8,9845.559,1,8,20445.949,1,8,138.233,1,8,-9900,?,9,-9900,?,9,7.95,E,8,1.3,E,8,62.0,E,8,822.9788000000001,E,8,999.0,E,8,0.75,E,8,-9900,?,9,-9900,?,9,0.0,E,8,-9900,?,9,-9900,?,9,0.0,0.0,E,8
06/03/2014,10:00,766.948,1326.679,413.34,1,8,207.33,1,8,293.554,1,8,49600.8,1,8,19696.306,1,8,32290.887,1,8,161.73,1,8,-9900,?,9,-9900,?,9,9.6,E,8,-1.11,E,8,46.0,E,8,822.9788000000001,E,8,999.0,E,8,1.42,E,8,-9900,?,9,-9900,?,9,0.0,E,8,-9900,?,9,-9900,?,9,0.0,0.0,E,8
06/03/2014,11:00,900.902,1326.679,558.71,1,8,319.551,1,8,341.788,1,8,67045.2,1,8,30357.367,1,8,37596.706,1,8,160.267,1,8,-9900,?,9,-9900,?,9,11.09,E,8,-3.55,E,8,34.0,E,8,822.9788000000001,E,8,999.0,E,8,2.04,E,8,-9900,?,9,-9900,?,9,0.0,E,8,-9900,?,9,-9900,?,9,0.0,0.0,E,8
06/03/2014,12:00,961.227,1326.679,662.61,1,8,417.497,1,8,360.198,1,8,79513.2,1,8,39662.248,1,8,39621.825,1,8,158.288,1,8,-9900,?,9,-9900,?,9,12.36,E,8,-6.07,E,8,25.0,E,8,822.9788000000001,E,8,999.0,E,8,1.37,E,8,-9900,?,9,-9900,?,9,0.0,E,8,-9900,?,9,-9900,?,9,0.0,0.0,E,8
06/03/2014,13:00,943.796,1326.679,660.94,1,8,604.128,1,8,231.288,1,8,79312.8,1,8,57392.191,1,8,25441.676,1,8,103.518,1,8,-9900,?,9,-9900,?,9,13.21,E,8,-8.1,E,8,20.0,E,8,822.9788000000001,E,8,999.0,E,8,2.04,E,8,-9900,?,9,-9900,?,9,0.0,E,8,-9900,?,9,-9900,?,9,0.0,0.0,E,8
06/03/2014,14:00,849.804,1326.679,596.74,1,8,537.739,1,8,252.437,1,8,71608.8,1,8,51085.163,1,8,27768.06,1,8,125.497,1,8,-9900,?,9,-9900,?,9,13.65,E,8,-9.29,E,8,17.0,E,8,822.9788000000001,E,8,999.0,E,8,2.88,E,8,-9900,?,9,-9900,?,9,0.0,E,8,-9900,?,9,-9900,?,9,0.0,0.0,E,8
06/03/2014,15:00,685.697,1326.679,505.61,1,8,692.302,1,8,148.079,1,8,60673.2,1,8,65768.719,1,8,16288.711,1,8,91.27,1,8,-9900,?,9,-9900,?,9,13.76,E,8,-9.61,E,8,17.0,E,8,822.9788000000001,E,8,999.0,E,8,3.29,E,8,-9900,?,9,-9900,?,9,0.0,E,8,-9900,?,9,-9900,?,9,0.0,0.0,E,8
06/03/2014,16:00,462.795,1326.679,358.07,1,8,743.34,1,8,99.308,1,8,42968.4,1,8,70617.288,1,8,10923.888,1,8,90.808,1,8,-9900,?,9,-9900,?,9,13.41,E,8,-8.62,E,8,19.0,E,8,822.9788000000001,E,8,999.0,E,8,3.08,E,8,-9900,?,9,-9900,?,9,0.0,E,8,-9900,?,9,-9900,?,9,0.0,0.0,E,8
06/03/2014,17:00,197.098,1326.679,176.2,1,8,401.482,1,8,117.279,1,8,21144.0,1,8,38140.744,1,8,12900.637,1,8,254.367,1,8,-9900,?,9,-9900,?,9,12.56,E,8,-6.52,E,8,24.0,E,8,822.9788000000001,E,8,999.0,E,8,3.08,E,8,-9900,?,9,-9900,?,9,0.0,E,8,-9900,?,9,-9900,?,9,0.0,0.0,E,8
06/03/2014,18:00,0.0,1326.679,6.93,1,8,0.0,1,8,0.0,1,8,831.6,1,8,0.0,1,8,0.0,1,8,-0.0,1,8,-9900,?,9,-9900,?,9,11.85,E,8,-5.0,E,8,28.0,E,8,822.9788000000001,E,8,999.0,E,8,2.09,E,8,-9900,?,9,-9900,?,9,0.0,E,8,-9900,?,9,-9900,?,9,0.0,0.0,E,8
06/03/2014,19:00,0.0,1326.679,0.0,1,8,0.0,1,8,0.0,1,8,0.0,1,8,0.0,1,8,0.0,1,8,-0.0,1,8,-9900,?,9,-9900,?,9,11.14,E,8,-3.64,E,8,34.0,E,8,822.9788000000001,E,8,999.0,E,8,0.86,E,8,-9900,?,9,-9900,?,9,0.0,E,8,-9900,?,9,-9900,?,9,0.0,0.0,E,8
06/03/2014,20:00,0.0,1326.679,0.0,1,8,0.0,1,8,0.0,1,8,0.0,1,8,0.0,1,8,0.0,1,8,-0.0,1,8,-9900,?,9,-9900,?,9,10.42,E,8,-2.4,E,8,39.0,E,8,822.9788000000001,E,8,999.0,E,8,0.43,E,8,-9900,?,9,-9900,?,9,0.0,E,8,-9900,?,9,-9900,?,9,0.0,0.0,E,8
06/03/2014,21:00,0.0,1326.679,0.0,1,8,0.0,1,8,0.0,1,8,0.0,1,8,0.0,1,8,0.0,1,8,-0.0,1,8,-9900,?,9,-9900,?,9,9.71,E,8,-1.27,E,8,45.0,E,8,822.9788000000001,E,8,999.0,E,8,0.42,E,8,-9900,?,9,-9900,?,9,0.0,E,8,-9900,?,9,-9900,?,9,0.0,0.0,E,8
06/03/2014,22:00,0.0,1326.679,0.0,1,8,0.0,1,8,0.0,1,8,0.0,1,8,0.0,1,8,0.0,1,8,-0.0,1,8,-9900,?,9,-9900,?,9,9.0,E,8,-0.24,E,8,52.0,E,8,822.9788000000001,E,8,999.0,E,8,0.44,E,8,-9900,?,9,-9900,?,9,0.0,E,8,-9900,?,9,-9900,?,9,0.0,0.0,E,8
06/03/2014,23:00,0.0,1326.679,0.0,1,8,0.0,1,8,0.0,1,8,0.0,1,8,0.0,1,8,0.0,1,8,-0.0,1,8,-9900,?,9,-9900,?,9,8.29,E,8,0.81,E,8,59.0,E,8,822.9788000000001,E,8,999.0,E,8,0.42,E,8,-9900,?,9,-9900,?,9,0.0,E,8,-9900,?,9,-9900,?,9,0.0,0.0,E,8
06/03/2014,24:00,0.0,1326.679,0.0,1,8,0.0,1,8,0.0,1,8,0.0,1,8,0.0,1,8,0.0,1,8,-0.0,1,8,-9900,?,9,-9900,?,9,7.57,E,8,-0.58,E,8,55.0,E,8,822.9788000000001,E,8,999.0,E,8,0.29,E,8,-9900,?,9,-9900,?,9,0.0,E,8,-9900,?,9,-9900,?,9,0.0,0.0,E,8
06/04/2014,01:00,0.0,1326.679,0.0,1,8,0.0,1,8,0.0,1,8,0.0,1,8,0.0,1,8,0.0,1,8,-0.0,1,8,-9900,?,9,-9900,?,9,7.22,E,8,-0.28,E,8,58.0,E,8,822.9788000000001,E,8,999.0,E,8,0.24,E,8,-9900,?,9,-9900,?,9,0.0,E,8,-9900,?,9,-9900,?,9,0.0,0.0,E,8
06/04/2014,02:00,0.0,1326.679,0.0,1,8,0.0,1,8,0.0,1,8,0.0,1,8,0.0,1,8,0.0,1,8,-0.0,1,8,-9900,?,9,-9900,?,9,6.86,E,8,0.03,E,8,61.0,E,8,822.9788000000001,E,8,999.0,E,8,0.24,E,8,-9900,?,9,-9900,?,9,0.0,E,8,-9900,?,9,-9900,?,9,0.0,0.0,E,8
06/04/2014,03:00,0.0,1326.679,0.0,1,8,0.0,1,8,0.0,1,8,0.0,1,8,0.0,1,8,0.0,1,8,-0.0,1,8,-9900,?,9,-9900,?,9,6.5,E,8,0.37,E,8,64.0,E,8,822.9788000000001,E,8,999.0,E,8,0.24,E,8,-9900,?,9,-9900,?,9,0.0,E,8,-9900,?,9,-9900,?,9,0.0,0.0,E,8
06/04/2014,04:00,0.0,1326.298,0.0,1,8,0.0,1,8,0.0,1,8,0.0,1,8,0.0,1,8,0.0,1,8,-0.0,1,8,-9900,?,9,-9900,?,9,6.15,E,8,0.69,E,8,68.0,E,8,822.9788000000001,E,8,999.0,E,8,0.24,E,8,-9900,?,9,-9900,?,9,0.0,E,8,-9900,?,9,-9900,?,9,0.0,0.0,E,8
06/04/2014,05:00,0.0,1326.298,0.0,1,8,0.0,1,8,0.0,1,8,0.0,1,8,0.0,1,8,0.0,1,8,-0.0,1,8,-9900,?,9,-9900,?,9,5.79,E,8,1.02,E,8,71.0,E,8,822.9788000000001,E,8,999.0,E,8,0.24,E,8,-9900,?,9,-9900,?,9,0.0,E,8,-9900,?,9,-9900,?,9,0.0,0.0,E,8
06/04/2014,06:00,0.0,1326.298,0.0,1,8,0.0,1,8,0.0,1,8,0.0,1,8,0.0,1,8,0.0,1,8,-0.0,1,8,-9900,?,9,-9900,?,9,5.52,E,8,1.26,E,8,74.0,E,8,822.9788000000001,E,8,999.0,E,8,0.38,E,8,-9900,?,9,-9900,?,9,0.0,E,8,-9900,?,9,-9900,?,9,0.0,0.0,E,8
06/04/2014,07:00,39.952,1326.298,0.0,1,8,0.0,1,8,0.0,1,8,0.0,1,8,0.0,1,8,0.0,1,8,0.0,1,8,-9900,?,9,-9900,?,9,5.28,E,8,1.46,E,8,76.0,E,8,822.9788000000001,E,8,999.0,E,8,0.56,E,8,-9900,?,9,-9900,?,9,0.0,E,8,-9900,?,9,-9900,?,9,0.0,0.0,E,8
06/04/2014,08:00,317.405,1326.298,29.66,1,8,0.0,1,8,29.66,1,8,3559.2,1,8,0.0,1,8,3262.6,1,8,39.636,1,8,-9900,?,9,-9900,?,9,5.05,E,8,1.66,E,8,78.0,E,8,822.9788000000001,E,8,999.0,E,8,0.97,E,8,-9900,?,9,-9900,?,9,0.0,E,8,-9900,?,9,-9900,?,9,0.0,0.0,E,8
06/04/2014,09:00,566.202,1326.298,194.32,1,8,22.459,1,8,184.745,1,8,23318.4,1,8,2133.599,1,8,20321.92,1,8,137.931,1,8,-9900,?,9,-9900,?,9,7.35,E,8,-0.39,E,8,57.0,E,8,822.9788000000001,E,8,999.0,E,8,1.26,E,8,-9900,?,9,-9900,?,9,0.0,E,8,-9900,?,9,-9900,?,9,0.0,0.0,E,8
06/04/2014,10:00,764.52,1326.298,343.82,1,8,60.544,1,8,308.941,1,8,41258.4,1,8,5751.683,1,8,33983.516,1,8,170.7,1,8,-9900,?,9,-9900,?,9,8.94,E,8,-1.84,E,8,45.0,E,8,822.9788000000001,E,8,999.0,E,8,1.51,E,8,-9900,?,9,-9900,?,9,0.0,E,8,-9900,?,9,-9900,?,9,0.0,0.0,E,8
06/04/2014,11:00,898.519,1326.298,383.27,1,8,49.327,1,8,349.864,1,8,45992.4,1,8,4686.091,1,8,38485.054,1,8,164.442,1,8,-9900,?,9,-9900,?,9,9.94,E,8,-2.85,E,8,39.0,E,8,822.9788000000001,E,8,999.0,E,8,2.23,E,8,-9900,?,9,-9900,?,9,0.0,E,8,-9900,?,9,-9900,?,9,0.0,0.0,E,8
06/04/2014,12:00,958.993,1326.298,617.19,1,8,353.663,1,8,361.539,1,8,74062.8,1,8,33597.946,1,8,39769.307,1,8,159.202,1,8,-9900,?,9,-9900,?,9,11.5,E,8,-4.6,E,8,30.0,E,8,822.9788000000001,E,8,999.0,E,8,2.88,E,8,-9900,?,9,-9900,?,9,0.0,E,8,-9900,?,9,-9900,?,9,0.0,0.0,E,8
06/04/2014,13:00,941.805,1326.298,617.8,1,8,411.84,1,8,325.436,1,8,74136.0,1,8,39124.809,1,8,35797.996,1,8,145.922,1,8,-9900,?,9,-9900,?,9,12.54,E,8,-5.91,E,8,25.0,E,8,822.9788000000001,E,8,999.0,E,8,3.65,E,8,-9900,?,9,-9900,?,9,0.0,E,8,-9900,?,9,-9900,?,9,0.0,0.0,E,8
06/04/2014,14:00,848.135,1326.298,547.19,1,8,409.024,1,8,285.74,1,8,65662.8,1,8,38857.317,1,8,31431.396,1,8,142.292,1,8,-9900,?,9,-9900,?,9,13.08,E,8,-6.65,E,8,23.0,E,8,822.9788000000001,E,8,999.0,E,8,3.37,E,8,-9900,?,9,-9900,?,9,0.0,E,8,-9900,?,9,-9900,?,9,0.0,0.0,E,8
06/04/2014,15:00,684.404,1326.298,468.91,1,8,567.068,1,8,176.525,1,8,56269.2,1,8,53871.413,1,8,19417.7,1,8,108.977,1,8,-9900,?,9,-9900,?,9,13.28,E,8,-6.94,E,8,22.0,E,8,822.9788000000001,E,8,999.0,E,8,2.85,E,8,-9900,?,9,-9900,?,9,0.0,E,8,-9900,?,9,-9900,?,9,0.0,0.0,E,8
06/04/2014,16:00,461.907,1326.298,365.51,1,8,744.921,1,8,106.623,1,8,43861.2,1,8,70767.508,1,8,11728.492,1,8,97.656,1,8,-9900,?,9,-9900,?,9,13.14,E,8,-6.74,E,8,22.0,E,8,822.9788000000001,E,8,999.0,E,8,2.33,E,8,-9900,?,9,-9900,?,9,0.0,E,8,-9900,?,9,-9900,?,9,0.0,0.0,E,8
06/04/2014,17:00,196.62,1326.298,168.45,1,8,409.808,1,8,108.438,1,8,20214.0,1,8,38931.754,1,8,11928.218,1,8,235.71,1,8,-9900,?,9,-9900,?,9,12.35,E,8,-5.66,E,8,26.0,E,8,822.9788000000001,E,8,999.0,E,8,1.27,E,8,-9900,?,9,-9900,?,9,0.0,E,8,-9900,?,9,-9900,?,9,0.0,0.0,E,8
06/04/2014,18:00,0.0,1326.298,7.73,1,8,0.0,1,8,0.0,1,8,927.6,1,8,0.0,1,8,0.0,1,8,-0.0,1,8,-9900,?,9,-9900,?,9,11.66,E,8,-4.79,E,8,29.0,E,8,822.9788000000001,E,8,999.0,E,8,0.34,E,8,-9900,?,9,-9900,?,9,0.0,E,8,-9900,?,9,-9900,?,9,0.0,0.0,E,8
06/04/2014,19:00,0.0,1326.298,0.0,1,8,0.0,1,8,0.0,1,8,0.0,1,8,0.0,1,8,0.0,1,8,-0.0,1,8,-9900,?,9,-9900,?,9,10.98,E,8,-3.99,E,8,33.0,E,8,822.9788000000001,E,8,999.0,E,8,0.24,E,8,-9900,?,9,-9900,?,9,0.0,E,8,-9900,?,9,-9900,?,9,0.0,0.0,E,8
06/04/2014,20:00,0.0,1326.298,0.0,1,8,0.0,1,8,0.0,1,8,0.0,1,8,0.0,1,8,0.0,1,8,-0.0,1,8,-9900,?,9,-9900,?,9,10.29,E,8,-3.22,E,8,37.0,E,8,822.9788000000001,E,8,999.0,E,8,0.24,E,8,-9900,?,9,-9900,?,9,0.0,E,8,-9900,?,9,-9900,?,9,0.0,0.0,E,8
06/04/2014,21:00,0.0,1326.298,0.0,1,8,0.0,1,8,0.0,1,8,0.0,1,8,0.0,1,8,0.0,1,8,-0.0,1,8,-9900,?,9,-9900,?,9,9.61,E,8,-2.51,E,8,41.0,E,8,822.9788000000001,E,8,999.0,E,8,0.24,E,8,-9900,?,9,-9900,?,9,0.0,E,8,-9900,?,9,-9900,?,9,0.0,0.0,E,8
06/04/2014,22:00,0.0,1326.298,0.0,1,8,0.0,1,8,0.0,1,8,0.0,1,8,0.0,1,8,0.0,1,8,-0.0,1,8,-9900,?,9,-9900,?,9,8.92,E,8,-1.83,E,8,46.0,E,8,822.9788000000001,E,8,999.0,E,8,0.24,E,8,-9900,?,9,-9900,?,9,0.0,E,8,-9900,?,9,-9900,?,9,0.0,0.0,E,8
06/04/2014,23:00,0.0,1326.298,0.0,1,8,0.0,1,8,0.0,1,8,0.0,1,8,0.0,1,8,0.0,1,8,-0.0,1,8,-9900,?,9,-9900,?,9,8.23,E,8,-1.17,E,8,50.0,E,8,822.9788000000001,E,8,999.0,E,8,0.24,E,8,-9900,?,9,-9900,?,9,0.0,E,8,-9900,?,9,-9900,?,9,0.0,0.0,E,8
06/04/2014,24:00,0.0,1326.298,0.0,1,8,0.0,1,8,0.0,1,8,0.0,1,8,0.0,1,8,0.0,1,8,-0.0,1,8,-9900,?,9,-9900,?,9,7.55,E,8,4.16,E,8,79.0,E,8,822.9788000000001,E,8,999.0,E,8,0.36,E,8,-9900,?,9,-9900,?,9,0.0,E,8,-9900,?,9,-9900,?,9,0.0,0.0,E,8
06/05/2014,01:00,0.0,1326.298,0.0,1,8,0.0,1,8,0.0,1,8,0.0,1,8,0.0,1,8,0.0,1,8,-0.0,1,8,-9900,?,9,-9900,?,9,7.21,E,8,4.25,E,8,81.0,E,8,822.9788000000001,E,8,999.0,E,8,0.36,E,8,-9900,?,9,-9900,?,9,0.0,E,8,-9900,?,9,-9900,?,9,0.0,0.0,E,8
06/05/2014,02:00,0.0,1326.298,0.0,1,8,0.0,1,8,0.0,1,8,0.0,1,8,0.0,1,8,0.0,1,8,-0.0,1,8,-9900,?,9,-9900,?,9,6.86,E,8,4.34,E,8,84.0,E,8,822.9788000000001,E,8,999.0,E,8,0.36,E,8,-9900,?,9,-9900,?,9,0.0,E,8,-9900,?,9,-9900,?,9,0.0,0.0,E,8
06/05/2014,03:00,0.0,1326.298,0.0,1,8,0.0,1,8,0.0,1,8,0.0,1,8,0.0,1,8,0.0,1,8,-0.0,1,8,-9900,?,9,-9900,?,9,6.52,E,8,4.44,E,8,86.0,E,8,822.9788000000001,E,8,999.0,E,8,0.36,E,8,-9900,?,9,-9900,?,9,0.0,E,8,-9900,?,9,-9900,?,9,0.0,0.0,E,8
06/05/2014,04:00,0.0,1325.928,0.0,1,8,0.0,1,8,0.0,1,8,0.0,1,8,0.0,1,8,0.0,1,8,-0.0,1,8,-9900,?,9,-9900,?,9,6.18,E,8,4.53,E,8,89.0,E,8,822.9788000000001,E,8,999.0,E,8,0.36,E,8,-9900,?,9,-9900,?,9,0.0,E,8,-9900,?,9,-9900,?,9,0.0,0.0,E,8
06/05/2014,05:00,0.0,1325.928,0.0,1,8,0.0,1,8,0.0,1,8,0.0,1,8,0.0,1,8,0.0,1,8,-0.0,1,8,-9900,?,9,-9900,?,9,5.83,E,8,4.62,E,8,91.0,E,8,822.9788000000001,E,8,999.0,E,8,0.36,E,8,-9900,?,9,-9900,?,9,0.0,E,8,-9900,?,9,-9900,?,9,0.0,0.0,E,8
06/05/2014,06:00,0.0,1325.928,0.0,1,8,0.0,1,8,0.0,1,8,0.0,1,8,0.0,1,8,0.0,1,8,-0.0,1,8,-9900,?,9,-9900,?,9,5.57,E,8,4.69,E,8,94.0,E,8,822.9788000000001,E,8,999.0,E,8,0.36,E,8,-9900,?,9,-9900,?,9,0.0,E,8,-9900,?,9,-9900,?,9,0.0,0.0,E,8
06/05/2014,07:00,38.198,1325.928,0.0,1,8,0.0,1,8,0.0,1,8,0.0,1,8,0.0,1,8,0.0,1,8,0.0,1,8,-9900,?,9,-9900,?,9,5.34,E,8,4.75,E,8,96.0,E,8,822.9788000000001,E,8,999.0,E,8,0.36,E,8,-9900,?,9,-9900,?,9,0.0,E,8,-9900,?,9,-9900,?,9,0.0,0.0,E,8
06/05/2014,08:00,315.263,1325.928,46.18,1,8,0.0,1,8,46.18,1,8,5541.6,1,8,0.0,1,8,5079.8,1,8,62.119,1,8,-9900,?,9,-9900,?,9,5.12,E,8,4.81,E,8,97.0,E,8,822.9788000000001,E,8,999.0,E,8,0.36,E,8,-9900,?,9,-9900,?,9,0.0,E,8,-9900,?,9,-9900,?,9,0.0,0.0,E,8
06/05/2014,09:00,563.906,1325.928,156.93,1,8,11.875,1,8,151.886,1,8,18831.6,1,8,1128.136,1,8,16707.491,1,8,113.83,1,8,-9900,?,9,-9900,?,9,7.98,E,8,4.04,E,8,76.0,E,8,822.9788000000001,E,8,999.0,E,8,0.36,E,8,-9900,?,9,-9900,?,9,0.0,E,8,-9900,?,9,-9900,?,9,0.0,0.0,E,8
06/05/2014,10:00,762.176,1325.928,249.14,1,8,9.377,1,8,243.753,1,8,29896.8,1,8,890.784,1,8,26812.858,1,8,135.059,1,8,-9900,?,9,-9900,?,9,9.37,E,8,3.65,E,8,67.0,E,8,822.9788000000001,E,8,999.0,E,8,0.56,E,8,-9900,?,9,-9900,?,9,0.0,E,8,-9900,?,9,-9900,?,9,0.0,0.0,E,8
06/05/2014,11:00,896.233,1325.928,326.0,1,8,13.044,1,8,317.186,1,8,39120.0,1,8,1239.178,1,8,34890.49,1,8,149.422,1,8,-9900,?,9,-9900,?,9,10.6,E,8,3.3,E,8,60.0,E,8,822.9788000000001,E,8,999.0,E,8,1.1,E,8,-9900,?,9,-9900,?,9,0.0,E,8,-9900,?,9,-9900,?,9,0.0,0.0,E,8
06/05/2014,12:00,956.867,1325.928,371.27,1,8,15.991,1,8,359.733,1,8,44552.4,1,8,1519.181,1,8,39570.609,1,8,158.714,1,8,-9900,?,9,-9900,?,9,11.6,E,8,3.0,E,8,55.0,E,8,822.9788000000001,E,8,999.0,E,8,1.44,E,8,-9900,?,9,-9900,?,9,0.0,E,8,-9900,?,9,-9900,?,9,0.0,0.0,E,8
06/05/2014,13:00,939.928,1325.928,381.44,1,8,75.873,1,8,327.671,1,8,45772.8,1,8,7207.909,1,8,36043.781,1,8,147.177,1,8,-9900,?,9,-9900,?,9,12.31,E,8,2.79,E,8,52.0,E,8,822.9788000000001,E,8,999.0,E,8,2.07,E,8,-9900,?,9,-9900,?,9,0.0,E,8,-9900,?,9,-9900,?,9,0.0,0.0,E,8
06/05/2014,14:00,846.579,1325.928,355.77,1,8,95.488,1,8,294.829,1,8,42692.4,1,8,9071.38,1,8,32431.149,1,8,147.047,1,8,-9900,?,9,-9900,?,9,12.71,E,8,2.67,E,8,50.0,E,8,822.9788000000001,E,8,999.0,E,8,2.38,E,8,-9900,?,9,-9900,?,9,0.0,E,8,-9900,?,9,-9900,?,9,0.0,0.0,E,8
06/05/2014,15:00,683.221,1325.928,296.19,1,8,102.7,1,8,243.314,1,8,35542.8,1,8,9756.458,1,8,26764.543,1,8,150.428,1,8,-9900,?,9,-9900,?,9,12.81,E,8,2.64,E,8,49.0,E,8,822.9788000000001,E,8,999.0,E,8,2.28,E,8,-9900,?,9,-9900,?,9,0.0,E,8,-9900,?,9,-9900,?,9,0.0,0.0,E,8
06/05/2014,16:00,461.123,1325.928,207.45,1,8,168.885,1,8,148.84,1,8,24894.0,1,8,16044.076,1,8,16372.394,1,8,136.518,1,8,-9900,?,9,-9900,?,9,12.46,E,8,2.75,E,8,51.0,E,8,822.9788000000001,E,8,999.0,E,8,1.84,E,8,-9900,?,9,-9900,?,9,0.0,E,8,-9900,?,9,-9900,?,9,0.0,0.0,E,8
06/05/2014,17:00,196.233,1325.928,98.48,1,8,304.993,1,8,53.894,1,8,11817.6,1,8,28974.319,1,8,5928.388,1,8,117.352,1,8,-9900,?,9,-9900,?,9,11.66,E,8,2.99,E,8,55.0,E,8,822.9788000000001,E,8,999.0,E,8,1.84,E,8,-9900,?,9,-9900,?,9,0.0,E,8,-9900,?,9,-9900,?,9,0.0,0.0,E,8
06/05/2014,18:00,0.0,1325.928,3.32,1,8,0.0,1,8,0.0,1,8,398.4,1,8,0.0,1,8,0.0,1,8,-0.0,1,8,-9900,?,9,-9900,?,9,11.11,E,8,3.15,E,8,57.0,E,8,822.9788000000001,E,8,999.0,E,8,1.28,E,8,-9900,?,9,-9900,?,9,0.0,E,8,-9900,?,9,-9900,?,9,0.0,0.0,E,8
06/05/2014,19:00,0.0,1325.928,0.0,1,8,0.0,1,8,0.0,1,8,0.0,1,8,0.0,1,8,0.0,1,8,-0.0,1,8,-9900,?,9,-9900,?,9,10.56,E,8,3.31,E,8,60.0,E,8,822.9788000000001,E,8,999.0,E,8,0.99,E,8,-9900,?,9,-9900,?,9,0.0,E,8,-9900,?,9,-9900,?,9,0.0,0.0,E,8
06/05/2014,20:00,0.0,1325.928,0.0,1,8,0.0,1,8,0.0,1,8,0.0,1,8,0.0,1,8,0.0,1,8,-0.0,1,8,-9900,?,9,-9900,?,9,10.01,E,8,3.47,E,8,63.0,E,8,822.9788000000001,E,8,999.0,E,8,1.01,E,8,-9900,?,9,-9900,?,9,0.0,E,8,-9900,?,9,-9900,?,9,0.0,0.0,E,8
06/05/2014,21:00,0.0,1325.928,0.0,1,8,0.0,1,8,0.0,1,8,0.0,1,8,0.0,1,8,0.0,1,8,-0.0,1,8,-9900,?,9,-9900,?,9,9.46,E,8,3.62,E,8,66.0,E,8,822.9788000000001,E,8,999.0,E,8,0.72,E,8,-9900,?,9,-9900,?,9,0.0,E,8,-9900,?,9,-9900,?,9,0.0,0.0,E,8
06/05/2014,22:00,0.0,1325.928,0.0,1,8,0.0,1,8,0.0,1,8,0.0,1,8,0.0,1,8,0.0,1,8,-0.0,1,8,-9900,?,9,-9900,?,9,8.9,E,8,3.78,E,8,70.0,E,8,822.9788000000001,E,8,999.0,E,8,0.53,E,8,-9900,?,9,-9900,?,9,0.0,E,8,-9900,?,9,-9900,?,9,0.0,0.0,E,8
06/05/2014,23:00,0.0,1325.928,0.0,1,8,0.0,1,8,0.0,1,8,0.0,1,8,0.0,1,8,0.0,1,8,-0.0,1,8,-9900,?,9,-9900,?,9,8.35,E,8,3.94,E,8,73.0,E,8,822.9788000000001,E,8,999.0,E,8,0.36,E,8,-9900,?,9,-9900,?,9,0.0,E,8,-9900,?,9,-9900,?,9,0.0,0.0,E,8
06/05/2014,24:00,0.0,1325.928,0.0,1,8,0.0,1,8,0.0,1,8,0.0,1,8,0.0,1,8,0.0,1,8,-0.0,1,8,-9900,?,9,-9900,?,9,7.8,E,8,6.4,E,8,90.0,E,8,822.9788000000001,E,8,999.0,E,8,1.52,E,8,-9900,?,9,-9900,?,9,0.0,E,8,-9900,?,9,-9900,?,9,0.0,0.0,E,8
06/06/2014,01:00,0.0,1325.928,0.0,1,8,0.0,1,8,0.0,1,8,0.0,1,8,0.0,1,8,0.0,1,8,-0.0,1,8,-9900,?,9,-9900,?,9,7.53,E,8,6.33,E,8,92.0,E,8,822.9788000000001,E,8,999.0,E,8,1.93,E,8,-9900,?,9,-9900,?,9,0.0,E,8,-9900,?,9,-9900,?,9,0.0,0.0,E,8
06/06/2014,02:00,0.0,1325.928,0.0,1,8,0.0,1,8,0.0,1,8,0.0,1,8,0.0,1,8,0.0,1,8,-0.0,1,8,-9900,?,9,-9900,?,9,7.25,E,8,6.25,E,8,93.0,E,8,822.9788000000001,E,8,999.0,E,8,1.21,E,8,-9900,?,9,-9900,?,9,0.0,E,8,-9900,?,9,-9900,?,9,0.0,0.0,E,8
06/06/2014,03:00,0.0,1325.928,0.0,1,8,0.0,1,8,0.0,1,8,0.0,1,8,0.0,1,8,0.0,1,8,-0.0,1,8,-9900,?,9,-9900,?,9,6.98,E,8,6.17,E,8,94.0,E,8,822.9788000000001,E,8,999.0,E,8,1.22,E,8,-9900,?,9,-9900,?,9,0.0,E,8,-9900,?,9,-9900,?,9,0.0,0.0,E,8
06/06/2014,04:00,0.0,1325.569,0.0,1,8,0.0,1,8,0.0,1,8,0.0,1,8,0.0,1,8,0.0,1,8,-0.0,1,8,-9900,?,9,-9900,?,9,6.7,E,8,6.09,E,8,95.0,E,8,822.9788000000001,E,8,999.0,E,8,1.77,E,8,-9900,?,9,-9900,?,9,0.0,E,8,-9900,?,9,-9900,?,9,0.0,0.0,E,8
06/06/2014,05:00,0.0,1325.569,0.0,1,8,0.0,1,8,0.0,1,8,0.0,1,8,0.0,1,8,0.0,1,8,-0.0,1,8,-9900,?,9,-9900,?,9,6.42,E,8,6.01,E,8,97.0,E,8,822.9788000000001,E,8,999.0,E,8,1.15,E,8,-9900,?,9,-9900,?,9,0.0,E,8,-9900,?,9,-9900,?,9,0.0,0.0,E,8
06/06/2014,06:00,0.0,1325.569,0.0,1,8,0.0,1,8,0.0,1,8,0.0,1,8,0.0,1,8,0.0,1,8,-0.0,1,8,-9900,?,9,-9900,?,9,6.21,E,8,5.95,E,8,98.0,E,8,822.9788000000001,E,8,999.0,E,8,1.44,E,8,-9900,?,9,-9900,?,9,0.0,E,8,-9900,?,9,-9900,?,9,0.0,0.0,E,8
06/06/2014,07:00,36.485,1325.569,0.0,1,8,0.0,1,8,0.0,1,8,0.0,1,8,0.0,1,8,0.0,1,8,0.0,1,8,-9900,?,9,-9900,?,9,6.03,E,8,5.89,E,8,99.0,E,8,822.9788000000001,E,8,999.0,E,8,1.72,E,8,-9900,?,9,-9900,?,9,0.0,E,8,-9900,?,9,-9900,?,9,0.0,0.0,E,8
06/06/2014,08:00,313.176,1325.569,31.96,1,8,0.0,1,8,31.96,1,8,3835.2,1,8,0.0,1,8,3515.6,1,8,43.268,1,8,-9900,?,9,-9900,?,9,5.85,E,8,5.84,E,8,99.0,E,8,822.9788000000001,E,8,999.0,E,8,1.22,E,8,-9900,?,9,-9900,?,9,0.0,E,8,-9900,?,9,-9900,?,9,0.0,0.0,E,8
06/06/2014,09:00,561.681,1325.569,131.48,1,8,2.095,1,8,130.593,1,8,15777.6,1,8,199.034,1,8,14365.278,1,8,98.234,1,8,-9900,?,9,-9900,?,9,8.75,E,8,6.67,E,8,86.0,E,8,822.9788000000001,E,8,999.0,E,8,1.72,E,8,-9900,?,9,-9900,?,9,0.0,E,8,-9900,?,9,-9900,?,9,0.0,0.0,E,8
06/06/2014,10:00,759.919,1325.569,222.8,1,8,4.454,1,8,220.248,1,8,26736.0,1,8,423.175,1,8,24227.267,1,8,122.365,1,8,-9900,?,9,-9900,?,9,10.43,E,8,7.13,E,8,80.0,E,8,822.9788000000001,E,8,999.0,E,8,1.51,E,8,-9900,?,9,-9900,?,9,0.0,E,8,-9900,?,9,-9900,?,9,0.0,0.0,E,8
06/06/2014,11:00,894.046,1325.569,291.83,1,8,8.645,1,8,286.001,1,8,35019.6,1,8,821.28,1,8,31460.142,1,8,135.025,1,8,-9900,?,9,-9900,?,9,11.88,E,8,7.52,E,8,74.0,E,8,822.9788000000001,E,8,999.0,E,8,2.05,E,8,-9900,?,9,-9900,?,9,0.0,E,8,-9900,?,9,-9900,?,9,0.0,0.0,E,8
06/06/2014,12:00,954.848,1325.569,332.53,1,8,10.578,1,8,324.912,1,8,39903.6,1,8,1004.951,1,8,35740.332,1,8,143.616,1,8,-9900,?,9,-9900,?,9,13.04,E,8,7.82,E,8,70.0,E,8,822.9788000000001,E,8,999.0,E,8,2.67,E,8,-9900,?,9,-9900,?,9,0.0,E,8,-9900,?,9,-9900,?,9,0.0,0.0,E,8
06/06/2014,13:00,938.164,1325.569,341.75,1,8,12.686,1,8,332.774,1,8,41010.0,1,8,1205.19,1,8,36605.144,1,8,149.71,1,8,-9900,?,9,-9900,?,9,13.87,E,8,8.04,E,8,67.0,E,8,822.9788000000001,E,8,999.0,E,8,2.53,E,8,-9900,?,9,-9900,?,9,0.0,E,8,-9900,?,9,-9900,?,9,0.0,0.0,E,8
06/06/2014,14:00,845.138,1325.569,318.82,1,8,15.76,1,8,308.776,1,8,38258.4,1,8,1497.181,1,8,33965.402,1,8,154.225,1,8,-9900,?,9,-9900,?,9,14.34,E,8,8.16,E,8,66.0,E,8,822.9788000000001,E,8,999.0,E,8,3.65,E,8,-9900,?,9,-9900,?,9,0.0,E,8,-9900,?,9,-9900,?,9,0.0,0.0,E,8
06/06/2014,15:00,682.15,1325.569,265.45,1,8,65.805,1,8,231.613,1,8,31854.0,1,8,6251.515,1,8,25477.48,1,8,143.38,1,8,-9900,?,9,-9900,?,9,14.46,E,8,8.19,E,8,65.0,E,8,822.9788000000001,E,8,999.0,E,8,2.26,E,8,-9900,?,9,-9900,?,9,0.0,E,8,-9900,?,9,-9900,?,9,0.0,0.0,E,8
06/06/2014,16:00,460.443,1325.569,185.93,1,8,109.773,1,8,147.881,1,8,22311.6,1,8,10428.402,1,8,16266.861,1,8,135.802,1,8,-9900,?,9,-9900,?,9,14.08,E,8,8.09,E,8,67.0,E,8,822.9788000000001,E,8,999.0,E,8,2.04,E,8,-9900,?,9,-9900,?,9,0.0,E,8,-9900,?,9,-9900,?,9,0.0,0.0,E,8
06/06/2014,17:00,195.938,1325.569,88.23,1,8,291.448,1,8,45.678,1,8,10587.6,1,8,27687.592,1,8,5024.614,1,8,99.588,1,8,-9900,?,9,-9900,?,9,13.19,E,8,7.86,E,8,70.0,E,8,822.9788000000001,E,8,999.0,E,8,2.87,E,8,-9900,?,9,-9900,?,9,0.0,E,8,-9900,?,9,-9900,?,9,0.0,0.0,E,8
06/06/2014,18:00,0.0,1325.569,2.97,1,8,0.0,1,8,0.0,1,8,356.4,1,8,0.0,1,8,0.0,1,8,-0.0,1,8,-9900,?,9,-9900,?,9,12.47,E,8,7.68,E,8,72.0,E,8,822.9788000000001,E,8,999.0,E,8,2.08,E,8,-9900,?,9,-9900,?,9,0.0,E,8,-9900,?,9,-9900,?,9,0.0,0.0,E,8
06/06/2014,19:00,0.0,1325.569,0.0,1,8,0.0,1,8,0.0,1,8,0.0,1,8,0.0,1,8,0.0,1,8,-0.0,1,8,-9900,?,9,-9900,?,9,11.76,E,8,7.49,E,8,75.0,E,8,822.9788000000001,E,8,999.0,E,8,1.87,E,8,-9900,?,9,-9900,?,9,0.0,E,8,-9900,?,9,-9900,?,9,0.0,0.0,E,8
06/06/2014,20:00,0.0,1325.569,0.0,1,8,0.0,1,8,0.0,1,8,0.0,1,8,0.0,1,8,0.0,1,8,-0.0,1,8,-9900,?,9,-9900,?,9,11.04,E,8,7.3,E,8,77.0,E,8,822.9788000000001,E,8,999.0,E,8,1.69,E,8,-9900,?,9,-9900,?,9,0.0,E,8,-9900,?,9,-9900,?,9,0.0,0.0,E,8
06/06/2014,21:00,0.0,1325.569,0.0,1,8,0.0,1,8,0.0,1,8,0.0,1,8,0.0,1,8,0.0,1,8,-0.0,1,8,-9900,?,9,-9900,?,9,10.33,E,8,7.11,E,8,80.0,E,8,822.9788000000001,E,8,999.0,E,8,1.32,E,8,-9900,?,9,-9900,?,9,0.0,E,8,-9900,?,9,-9900,?,9,0.0,0.0,E,8
06/06/2014,22:00,0.0,1325.569,0.0,1,8,0.0,1,8,0.0,1,8,0.0,1,8,0.0,1,8,0.0,1,8,-0.0,1,8,-9900,?,9,-9900,?,9,9.61,E,8,6.91,E,8,83.0,E,8,822.9788000000001,E,8,999.0,E,8,1.49,E,8,-9900,?,9,-9900,?,9,0.0,E,8,-9900,?,9,-9900,?,9,0.0,0.0,E,8
06/06/2014,23:00,0.0,1325.569,0.0,1,8,0.0,1,8,0.0,1,8,0.0,1,8,0.0,1,8,0.0,1,8,-0.0,1,8,-9900,?,9,-9900,?,9,8.9,E,8,6.71,E,8,86.0,E,8,822.9788000000001,E,8,999.0,E,8,2.18,E,8,-9900,?,9,-9900,?,9,0.0,E,8,-9900,?,9,-9900,?,9,0.0,0.0,E,8
06/06/2014,24:00,0.0,1325.569,0.0,1,8,0.0,1,8,0.0,1,8,0.0,1,8,0.0,1,8,0.0,1,8,-0.0,1,8,-9900,?,9,-9900,?,9,8.18,E,8,3.28,E,8,71.0,E,8,822.9788000000001,E,8,999.0,E,8,0.46,E,8,-9900,?,9,-9900,?,9,0.0,E,8,-9900,?,9,-9900,?,9,0.0,0.0,E,8
06/07/2014,01:00,0.0,1325.569,0.0,1,8,0.0,1,8,0.0,1,8,0.0,1,8,0.0,1,8,0.0,1,8,-0.0,1,8,-9900,?,9,-9900,?,9,7.83,E,8,3.5,E,8,74.0,E,8,822.9788000000001,E,8,999.0,E,8,0.46,E,8,-9900,?,9,-9900,?,9,0.0,E,8,-9900,?,9,-9900,?,9,0.0,0.0,E,8
06/07/2014,02:00,0.0,1325.569,0.0,1,8,0.0,1,8,0.0,1,8,0.0,1,8,0.0,1,8,0.0,1,8,-0.0,1,8,-9900,?,9,-9900,?,9,7.47,E,8,3.72,E,8,77.0,E,8,822.9788000000001,E,8,999.0,E,8,0.46,E,8,-9900,?,9,-9900,?,9,0.0,E,8,-9900,?,9,-9900,?,9,0.0,0.0,E,8
06/07/2014,03:00,0.0,1325.569,0.0,1,8,0.0,1,8,0.0,1,8,0.0,1,8,0.0,1,8,0.0,1,8,-0.0,1,8,-9900,?,9,-9900,?,9,7.11,E,8,3.93,E,8,80.0,E,8,822.9788000000001,E,8,999.0,E,8,0.46,E,8,-9900,?,9,-9900,?,9,0.0,E,8,-9900,?,9,-9900,?,9,0.0,0.0,E,8
06/07/2014,04:00,0.0,1325.223,0.0,1,8,0.0,1,8,0.0,1,8,0.0,1,8,0.0,1,8,0.0,1,8,-0.0,1,8,-9900,?,9,-9900,?,9,6.75,E,8,4.15,E,8,83.0,E,8,822.9788000000001,E,8,999.0,E,8,0.46,E,8,-9900,?,9,-9900,?,9,0.0,E,8,-9900,?,9,-9900,?,9,0.0,0.0,E,8
06/07/2014,05:00,0.0,1325.223,0.0,1,8,0.0,1,8,0.0,1,8,0.0,1,8,0.0,1,8,0.0,1,8,-0.0,1,8,-9900,?,9,-9900,?,9,6.4,E,8,4.35,E,8,86.0,E,8,822.9788000000001,E,8,999.0,E,8,0.46,E,8,-9900,?,9,-9900,?,9,0.0,E,8,-9900,?,9,-9900,?,9,0.0,0.0,E,8
06/07/2014,06:00,0.0,1325.223,0.0,1,8,0.0,1,8,0.0,1,8,0.0,1,8,0.0,1,8,0.0,1,8,-0.0,1,8,-9900,?,9,-9900,?,9,6.12,E,8,4.52,E,8,89.0,E,8,822.9788000000001,E,8,999.0,E,8,0.46,E,8,-9900,?,9,-9900,?,9,0.0,E,8,-9900,?,9,-9900,?,9,0.0,0.0,E,8
06/07/2014,07:00,34.813,1325.223,0.0,1,8,0.0,1,8,0.0,1,8,0.0,1,8,0.0,1,8,0.0,1,8,0.0,1,8,-9900,?,9,-9900,?,9,5.88,E,8,4.65,E,8,91.0,E,8,822.9788000000001,E,8,999.0,E,8,0.46,E,8,-9900,?,9,-9900,?,9,0.0,E,8,-9900,?,9,-9900,?,9,0.0,0.0,E,8
06/07/2014,08:00,311.146,1325.223,62.45,1,8,0.0,1,8,62.45,1,8,7494.0,1,8,0.0,1,8,6869.5,1,8,85.081,1,8,-9900,?,9,-9900,?,9,5.65,E,8,4.78,E,8,94.0,E,8,822.9788000000001,E,8,999.0,E,8,0.46,E,8,-9900,?,9,-9900,?,9,0.0,E,8,-9900,?,9,-9900,?,9,0.0,0.0,E,8
06/07/2014,09:00,559.53,1325.223,267.3,1,8,201.765,1,8,182.226,1,8,32076.0,1,8,19167.633,1,8,20044.892,1,8,137.566,1,8,-9900,?,9,-9900,?,9,9.45,E,8,2.47,E,8,61.0,E,8,822.9788000000001,E,8,999.0,E,8,0.46,E,8,-9900,?,9,-9900,?,9,0.0,E,8,-9900,?,9,-9900,?,9,0.0,0.0,E,8
06/07/2014,10:00,757.75,1325.223,438.06,1,8,278.596,1,8,278.857,1,8,52567.2,1,8,26466.642,1,8,30674.322,1,8,155.331,1,8,-9900,?,9,-9900,?,9,11.55,E,8,1.02,E,8,48.0,E,8,822.9788000000001,E,8,999.0,E,8,0.46,E,8,-9900,?,9,-9900,?,9,0.0,E,8,-9900,?,9,-9900,?,9,0.0,0.0,E,8
06/07/2014,11:00,891.96,1325.223,548.13,1,8,328.096,1,8,327.378,1,8,65775.6,1,8,31169.164,1,8,36011.625,1,8,154.881,1,8,-9900,?,9,-9900,?,9,13.24,E,8,-0.22,E,8,39.0,E,8,822.9788000000001,E,8,999.0,E,8,0.99,E,8,-9900,?,9,-9900,?,9,0.0,E,8,-9900,?,9,-9900,?,9,0.0,0.0,E,8
06/07/2014,12:00,952.939,1325.223,623.21,1,8,389.553,1,8,343.168,1,8,74785.2,1,8,37007.519,1,8,37748.456,1,8,151.95,1,8,-9900,?,9,-9900,?,9,14.6,E,8,-1.2,E,8,33.0,E,8,822.9788000000001,E,8,999.0,E,8,1.25,E,8,-9900,?,9,-9900,?,9,0.0,E,8,-9900,?,9,-9900,?,9,0.0,0.0,E,8
06/07/2014,13:00,936.515,1325.223,630.21,1,8,424.447,1,8,330.348,1,8,75625.2,1,8,40322.484,1,8,36338.278,1,8,148.841,1,8,-9900,?,9,-9900,?,9,15.53,E,8,-1.91,E,8,29.0,E,8,822.9788000000001,E,8,999.0,E,8,3.27,E,8,-9900,?,9,-9900,?,9,0.0,E,8,-9900,?,9,-9900,?,9,0.0,0.0,E,8
06/07/2014,14:00,843.812,1325.223,573.87,1,8,446.714,1,8,289.555,1,8,68864.4,1,8,42437.872,1,8,31851.027,1,8,144.814,1,8,-9900,?,9,-9900,?,9,16.01,E,8,-2.29,E,8,27.0,E,8,822.9788000000001,E,8,999.0,E,8,3.35,E,8,-9900,?,9,-9900,?,9,0.0,E,8,-9900,?,9,-9900,?,9,0.0,0.0,E,8
06/07/2014,15:00,681.189,1325.223,489.23,1,8,684.529,1,8,137.656,1,8,58707.6,1,8,65030.282,1,8,15142.137,1,8,85.314,1,8,-9900,?,9,-9900,?,9,16.13,E,8,-2.39,E,8,27.0,E,8,822.9788000000001,E,8,999.0,E,8,2.32,E,8,-9900,?,9,-9900,?,9,0.0,E,8,-9900,?,9,-9900,?,9,0.0,0.0,E,8
06/07/2014,16:00,459.864,1325.223,319.45,1,8,651.727,1,8,93.774,1,8,38334.0,1,8,61914.033,1,8,10315.131,1,8,86.201,1,8,-9900,?,9,-9900,?,9,15.54,E,8,-1.92,E,8,29.0,E,8,822.9788000000001,E,8,999.0,E,8,1.92,E,8,-9900,?,9,-9900,?,9,0.0,E,8,-9900,?,9,-9900,?,9,0.0,0.0,E,8
06/07/2014,17:00,195.733,1325.223,138.69,1,8,411.273,1,8,78.692,1,8,16642.8,1,8,39070.955,1,8,8656.13,1,8,171.702,1,8,-9900,?,9,-9900,?,9,14.36,E,8,-1.02,E,8,34.0,E,8,822.9788000000001,E,8,999.0,E,8,1.16,E,8,-9900,?,9,-9900,?,9,0.0,E,8,-9900,?,9,-9900,?,9,0.0,0.0,E,8
06/07/2014,18:00,0.0,1325.223,5.75,1,8,0.0,1,8,0.0,1,8,690.0,1,8,0.0,1,8,0.0,1,8,-0.0,1,8,-9900,?,9,-9900,?,9,13.52,E,8,-0.41,E,8,38.0,E,8,822.9788000000001,E,8,999.0,E,8,0.46,E,8,-9900,?,9,-9900,?,9,0.0,E,8,-9900,?,9,-9900,?,9,0.0,0.0,E,8
06/07/2014,19:00,0.0,1325.223,0.0,1,8,0.0,1,8,0.0,1,8,0.0,1,8,0.0,1,8,0.0,1,8,-0.0,1,8,-9900,?,9,-9900,?,9,12.68,E,8,0.18,E,8,42.0,E,8,822.9788000000001,E,8,999.0,E,8,0.46,E,8,-9900,?,9,-9900,?,9,0.0,E,8,-9900,?,9,-9900,?,9,0.0,0.0,E,8
06/07/2014,20:00,0.0,1325.223,0.0,1,8,0.0,1,8,0.0,1,8,0.0,1,8,0.0,1,8,0.0,1,8,-0.0,1,8,-9900,?,9,-9900,?,9,11.85,E,8,0.8,E,8,46.0,E,8,822.9788000000001,E,8,999.0,E,8,0.46,E,8,-9900,?,9,-9900,?,9,0.0,E,8,-9900,?,9,-9900,?,9,0.0,0.0,E,8
06/07/2014,21:00,0.0,1325.223,0.0,1,8,0.0,1,8,0.0,1,8,0.0,1,8,0.0,1,8,0.0,1,8,-0.0,1,8,-9900,?,9,-9900,?,9,11.01,E,8,1.41,E,8,51.0,E,8,822.9788000000001,E,8,999.0,E,8,0.46,E,8,-9900,?,9,-9900,?,9,0.0,E,8,-9900,?,9,-9900,?,9,0.0,0.0,E,8
06/07/2014,22:00,0.0,1325.223,0.0,1,8,0.0,1,8,0.0,1,8,0.0,1,8,0.0,1,8,0.0,1,8,-0.0,1,8,-9900,?,9,-9900,?,9,10.17,E,8,1.99,E,8,56.0,E,8,822.9788000000001,E,8,999.0,E,8,0.46,E,8,-9900,?,9,-9900,?,9,0.0,E,8,-9900,?,9,-9900,?,9,0.0,0.0,E,8
06/07/2014,23:00,0.0,1325.223,0.0,1,8,0.0,1,8,0.0,1,8,0.0,1,8,0.0,1,8,0.0,1,8,-0.0,1,8,-9900,?,9,-9900,?,9,9.33,E,8,2.55,E,8,62.0,E,8,822.9788000000001,E,8,999.0,E,8,0.46,E,8,-9900,?,9,-9900,?,9,0.0,E,8,-9900,?,9,-9900,?,9,0.0,0.0,E,8
06/07/2014,24:00,0.0,1325.223,0.0,1,8,0.0,1,8,0.0,1,8,0.0,1,8,0.0,1,8,0.0,1,8,-0.0,1,8,-9900,?,9,-9900,?,9,8.5,E,8,2.8,E,8,67.0,E,8,822.9788000000001,E,8,999.0,E,8,0.35,E,8,-9900,?,9,-9900,?,9,0.0,E,8,-9900,?,9,-9900,?,9,0.0,0.0,E,8
06/08/2014,01:00,0.0,1325.223,0.0,1,8,0.0,1,8,0.0,1,8,0.0,1,8,0.0,1,8,0.0,1,8,-0.0,1,8,-9900,?,9,-9900,?,9,8.08,E,8,2.94,E,8,69.0,E,8,822.9788000000001,E,8,999.0,E,8,0.35,E,8,-9900,?,9,-9900,?,9,0.0,E,8,-9900,?,9,-9900,?,9,0.0,0.0,E,8
06/08/2014,02:00,0.0,1325.223,0.0,1,8,0.0,1,8,0.0,1,8,0.0,1,8,0.0,1,8,0.0,1,8,-0.0,1,8,-9900,?,9,-9900,?,9,7.66,E,8,3.08,E,8,72.0,E,8,822.9788000000001,E,8,999.0,E,8,0.35,E,8,-9900,?,9,-9900,?,9,0.0,E,8,-9900,?,9,-9900,?,9,0.0,0.0,E,8
06/08/2014,03:00,0.0,1325.223,0.0,1,8,0.0,1,8,0.0,1,8,0.0,1,8,0.0,1,8,0.0,1,8,-0.0,1,8,-9900,?,9,-9900,?,9,7.24,E,8,3.22,E,8,75.0,E,8,822.9788000000001,E,8,999.0,E,8,0.35,E,8,-9900,?,9,-9900,?,9,0.0,E,8,-9900,?,9,-9900,?,9,0.0,0.0,E,8
06/08/2014,04:00,0.0,1324.888,0.0,1,8,0.0,1,8,0.0,1,8,0.0,1,8,0.0,1,8,0.0,1,8,-0.0,1,8,-9900,?,9,-9900,?,9,6.82,E,8,3.35,E,8,78.0,E,8,822.9788000000001,E,8,999.0,E,8,0.35,E,8,-9900,?,9,-9900,?,9,0.0,E,8,-9900,?,9,-9900,?,9,0.0,0.0,E,8
06/08/2014,05:00,0.0,1324.888,0.0,1,8,0.0,1,8,0.0,1,8,0.0,1,8,0.0,1,8,0.0,1,8,-0.0,1,8,-9900,?,9,-9900,?,9,6.4,E,8,3.49,E,8,81.0,E,8,822.9788000000001,E,8,999.0,E,8,0.35,E,8,-9900,?,9,-9900,?,9,0.0,E,8,-9900,?,9,-9900,?,9,0.0,0.0,E,8
06/08/2014,06:00,0.0,1324.888,0.0,1,8,0.0,1,8,0.0,1,8,0.0,1,8,0.0,1,8,0.0,1,8,-0.0,1,8,-9900,?,9,-9900,?,9,6.08,E,8,3.59,E,8,84.0,E,8,822.9788000000001,E,8,999.0,E,8,0.35,E,8,-9900,?,9,-9900,?,9,0.0,E,8,-9900,?,9,-9900,?,9,0.0,0.0,E,8
06/08/2014,07:00,33.184,1324.888,0.0,1,8,0.0,1,8,0.0,1,8,0.0,1,8,0.0,1,8,0.0,1,8,0.0,1,8,-9900,?,9,-9900,?,9,5.8,E,8,3.68,E,8,86.0,E,8,822.9788000000001,E,8,999.0,E,8,0.35,E,8,-9900,?,9,-9900,?,9,0.0,E,8,-9900,?,9,-9900,?,9,0.0,0.0,E,8
06/08/2014,08:00,309.174,1324.888,61.67,1,8,0.0,1,8,61.67,1,8,7400.4,1,8,0.0,1,8,6783.7,1,8,84.538,1,8,-9900,?,9,-9900,?,9,5.52,E,8,3.77,E,8,88.0,E,8,822.9788000000001,E,8,999.0,E,8,0.35,E,8,-9900,?,9,-9900,?,9,0.0,E,8,-9900,?,9,-9900,?,9,0.0,0.0,E,8
06/08/2014,09:00,557.454,1324.888,261.69,1,8,189.229,1,8,182.179,1,8,31402.8,1,8,17976.745,1,8,20039.67,1,8,138.009,1,8,-9900,?,9,-9900,?,9,8.79,E,8,2.7,E,8,65.0,E,8,822.9788000000001,E,8,999.0,E,8,0.35,E,8,-9900,?,9,-9900,?,9,0.0,E,8,-9900,?,9,-9900,?,9,0.0,0.0,E,8
06/08/2014,10:00,755.67,1324.888,439.82,1,8,338.54,1,8,246.846,1,8,52778.4,1,8,32161.28,1,8,27153.051,1,8,137.844,1,8,-9900,?,9,-9900,?,9,10.65,E,8,2.06,E,8,55.0,E,8,822.9788000000001,E,8,999.0,E,8,0.42,E,8,-9900,?,9,-9900,?,9,0.0,E,8,-9900,?,9,-9900,?,9,0.0,0.0,E,8
06/08/2014,11:00,889.975,1324.888,564.97,1,8,438.522,1,8,270.504,1,8,67796.4,1,8,41659.562,1,8,29755.455,1,8,128.227,1,8,-9900,?,9,-9900,?,9,12.22,E,8,1.5,E,8,47.0,E,8,822.9788000000001,E,8,999.0,E,8,1.01,E,8,-9900,?,9,-9900,?,9,0.0,E,8,-9900,?,9,-9900,?,9,0.0,0.0,E,8
06/08/2014,12:00,951.141,1324.888,660.32,1,8,466.675,1,8,325.385,1,8,79238.4,1,8,44334.102,1,8,35792.378,1,8,144.312,1,8,-9900,?,9,-9900,?,9,13.54,E,8,1.01,E,8,42.0,E,8,822.9788000000001,E,8,999.0,E,8,1.91,E,8,-9900,?,9,-9900,?,9,0.0,E,8,-9900,?,9,-9900,?,9,0.0,0.0,E,8
06/08/2014,13:00,934.98,1324.888,682.62,1,8,643.786,1,8,228.431,1,8,81914.4,1,8,61159.717,1,8,25127.405,1,8,103.065,1,8,-9900,?,9,-9900,?,9,14.5,E,8,0.65,E,8,38.0,E,8,822.9788000000001,E,8,999.0,E,8,2.77,E,8,-9900,?,9,-9900,?,9,0.0,E,8,-9900,?,9,-9900,?,9,0.0,0.0,E,8
06/08/2014,14:00,842.602,1324.888,622.93,1,8,720.802,1,8,164.713,1,8,74751.6,1,8,68476.189,1,8,18118.392,1,8,82.475,1,8,-9900,?,9,-9900,?,9,15.01,E,8,0.45,E,8,36.0,E,8,822.9788000000001,E,8,999.0,E,8,2.88,E,8,-9900,?,9,-9900,?,9,0.0,E,8,-9900,?,9,-9900,?,9,0.0,0.0,E,8
06/08/2014,15:00,680.34,1324.888,502.08,1,8,728.924,1,8,128.078,1,8,60249.6,1,8,69247.76,1,8,14088.592,1,8,79.457,1,8,-9900,?,9,-9900,?,9,15.09,E,8,0.42,E,8,36.0,E,8,822.9788000000001,E,8,999.0,E,8,3.18,E,8,-9900,?,9,-9900,?,9,0.0,E,8,-9900,?,9,-9900,?,9,0.0,0.0,E,8
06/08/2014,16:00,459.388,1324.888,358.18,1,8,742.079,1,8,101.42,1,8,42981.6,1,8,70497.473,1,8,11156.149,1,8,93.303,1,8,-9900,?,9,-9900,?,9,14.65,E,8,0.59,E,8,38.0,E,8,822.9788000000001,E,8,999.0,E,8,2.03,E,8,-9900,?,9,-9900,?,9,0.0,E,8,-9900,?,9,-9900,?,9,0.0,0.0,E,8
06/08/2014,17:00,195.617,1324.888,159.28,1,8,411.412,1,8,99.283,1,8,19113.6,1,8,39084.15,1,8,10921.104,1,8,216.705,1,8,-9900,?,9,-9900,?,9,13.61,E,8,0.98,E,8,42.0,E,8,822.9788000000001,E,8,999.0,E,8,1.63,E,8,-9900,?,9,-9900,?,9,0.0,E,8,-9900,?,9,-9900,?,9,0.0,0.0,E,8
06/08/2014,18:00,0.0,1324.888,4.17,1,8,0.0,1,8,0.0,1,8,500.4,1,8,0.0,1,8,0.0,1,8,-0.0,1,8,-9900,?,9,-9900,?,9,13.09,E,8,1.18,E,8,44.0,E,8,822.9788000000001,E,8,999.0,E,8,0.8,E,8,-9900,?,9,-9900,?,9,0.0,E,8,-9900,?,9,-9900,?,9,0.0,0.0,E,8
06/08/2014,19:00,0.0,1324.888,0.0,1,8,0.0,1,8,0.0,1,8,0.0,1,8,0.0,1,8,0.0,1,8,-0.0,1,8,-9900,?,9,-9900,?,9,12.57,E,8,1.37,E,8,46.0,E,8,822.9788000000001,E,8,999.0,E,8,0.41,E,8,-9900,?,9,-9900,?,9,0.0,E,8,-9900,?,9,-9900,?,9,0.0,0.0,E,8
06/08/2014,20:00,0.0,1324.888,0.0,1,8,0.0,1,8,0.0,1,8,0.0,1,8,0.0,1,8,0.0,1,8,-0.0,1,8,-9900,?,9,-9900,?,9,12.05,E,8,1.56,E,8,48.0,E,8,822.9788000000001,E,8,999.0,E,8,0.35,E,8,-9900,?,9,-9900,?,9,0.0,E,8,-9900,?,9,-9900,?,9,0.0,0.0,E,8
06/08/2014,21:00,0.0,1324.888,0.0,1,8,0.0,1,8,0.0,1,8,0.0,1,8,0.0,1,8,0.0,1,8,-0.0,1,8,-9900,?,9,-9900,?,9,11.53,E,8,1.75,E,8,50.0,E,8,822.9788000000001,E,8,999.0,E,8,0.45,E,8,-9900,?,9,-9900,?,9,0.0,E,8,-9900,?,9,-9900,?,9,0.0,0.0,E,8
06/08/2014,22:00,0.0,1324.888,0.0,1,8,0.0,1,8,0.0,1,8,0.0,1,8,0.0,1,8,0.0,1,8,-0.0,1,8,-9900,?,9,-9900,?,9,11.01,E,8,1.93,E,8,53.0,E,8,822.9788000000001,E,8,999.0,E,8,0.35,E,8,-9900,?,9,-9900,?,9,0.0,E,8,-9900,?,9,-9900,?,9,0.0,0.0,E,8
06/08/2014,23:00,0.0,1324.888,0.0,1,8,0.0,1,8,0.0,1,8,0.0,1,8,0.0,1,8,0.0,1,8,-0.0,1,8,-9900,?,9,-9900,?,9,10.49,E,8,2.12,E,8,56.0,E,8,822.9788000000001,E,8,999.0,E,8,0.35,E,8,-9900,?,9,-9900,?,9,0.0,E,8,-9900,?,9,-9900,?,9,0.0,0.0,E,8
06/08/2014,24:00,0.0,1324.888,0.0,1,8,0.0,1,8,0.0,1,8,0.0,1,8,0.0,1,8,0.0,1,8,-0.0,1,8,-9900,?,9,-9900,?,9,9.97,E,8,7.03,E,8,81.0,E,8,822.9788000000001,E,8,999.0,E,8,0.29,E,8,-9900,?,9,-9900,?,9,0.0,E,8,-9900,?,9,-9900,?,9,0.0,0.0,E,8
06/09/2014,01:00,0.0,1324.888,0.0,1,8,0.0,1,8,0.0,1,8,0.0,1,8,0.0,1,8,0.0,1,8,-0.0,1,8,-9900,?,9,-9900,?,9,9.71,E,8,7.07,E,8,83.0,E,8,822.9788000000001,E,8,999.0,E,8,0.32,E,8,-9900,?,9,-9900,?,9,0.0,E,8,-9900,?,9,-9900,?,9,0.0,0.0,E,8
06/09/2014,02:00,0.0,1324.888,0.0,1,8,0.0,1,8,0.0,1,8,0.0,1,8,0.0,1,8,0.0,1,8,-0.0,1,8,-9900,?,9,-9900,?,9,9.45,E,8,7.12,E,8,85.0,E,8,822.9788000000001,E,8,999.0,E,8,0.59,E,8,-9900,?,9,-9900,?,9,0.0,E,8,-9900,?,9,-9900,?,9,0.0,0.0,E,8
06/09/2014,03:00,0.0,1324.888,0.0,1,8,0.0,1,8,0.0,1,8,0.0,1,8,0.0,1,8,0.0,1,8,-0.0,1,8,-9900,?,9,-9900,?,9,9.19,E,8,7.17,E,8,87.0,E,8,822.9788000000001,E,8,999.0,E,8,0.3,E,8,-9900,?,9,-9900,?,9,0.0,E,8,-9900,?,9,-9900,?,9,0.0,0.0,E,8
06/09/2014,04:00,0.0,1324.564,0.0,1,8,0.0,1,8,0.0,1,8,0.0,1,8,0.0,1,8,0.0,1,8,-0.0,1,8,-9900,?,9,-9900,?,9,8.93,E,8,7.22,E,8,88.0,E,8,822.9788000000001,E,8,999.0,E,8,0.38,E,8,-9900,?,9,-9900,?,9,0.0,E,8,-9900,?,9,-9900,?,9,0.0,0.0,E,8
06/09/2014,05:00,0.0,1324.564,0.0,1,8,0.0,1,8,0.0,1,8,0.0,1,8,0.0,1,8,0.0,1,8,-0.0,1,8,-9900,?,9,-9900,?,9,8.67,E,8,7.27,E,8,90.0,E,8,822.9788000000001,E,8,999.0,E,8,0.57,E,8,-9900,?,9,-9900,?,9,0.0,E,8,-9900,?,9,-9900,?,9,0.0,0.0,E,8
06/09/2014,06:00,0.0,1324.564,0.0,1,8,0.0,1,8,0.0,1,8,0.0,1,8,0.0,1,8,0.0,1,8,-0.0,1,8,-9900,?,9,-9900,?,9,8.47,E,8,7.3,E,8,92.0,E,8,822.9788000000001,E,8,999.0,E,8,0.45,E,8,-9900,?,9,-9900,?,9,0.0,E,8,-9900,?,9,-9900,?,9,0.0,0.0,E,8
06/09/2014,07:00,31.6,1324.564,0.0,1,8,0.0,1,8,0.0,1,8,0.0,1,8,0.0,1,8,0.0,1,8,0.0,1,8,-9900,?,9,-9900,?,9,8.29,E,8,7.33,E,8,93.0,E,8,822.9788000000001,E,8,999.0,E,8,0.26,E,8,-9900,?,9,-9900,?,9,0.0,E,8,-9900,?,9,-9900,?,9,0.0,0.0,E,8
06/09/2014,08:00,307.263,1324.564,38.9,1,8,0.0,1,8,38.9,1,8,4668.0,1,8,0.0,1,8,4279.0,1,8,53.647,1,8,-9900,?,9,-9900,?,9,8.12,E,8,7.36,E,8,94.0,E,8,822.9788000000001,E,8,999.0,E,8,0.26,E,8,-9900,?,9,-9900,?,9,0.0,E,8,-9900,?,9,-9900,?,9,0.0,0.0,E,8
06/09/2014,09:00,555.454,1324.564,166.53,1,8,18.585,1,8,158.747,1,8,19983.6,1,8,1765.539,1,8,17462.193,1,8,120.663,1,8,-9900,?,9,-9900,?,9,9.87,E,8,7.05,E,8,82.0,E,8,822.9788000000001,E,8,999.0,E,8,0.37,E,8,-9900,?,9,-9900,?,9,0.0,E,8,-9900,?,9,-9900,?,9,0.0,0.0,E,8
06/09/2014,10:00,753.683,1324.564,284.26,1,8,12.789,1,8,276.987,1,8,34111.2,1,8,1214.957,1,8,30468.619,1,8,155.046,1,8,-9900,?,9,-9900,?,9,10.89,E,8,6.86,E,8,76.0,E,8,822.9788000000001,E,8,999.0,E,8,0.35,E,8,-9900,?,9,-9900,?,9,0.0,E,8,-9900,?,9,-9900,?,9,0.0,0.0,E,8
06/09/2014,11:00,888.095,1324.564,373.43,1,8,91.726,1,8,311.952,1,8,44811.6,1,8,8713.97,1,8,34314.676,1,8,148.152,1,8,-9900,?,9,-9900,?,9,11.78,E,8,6.69,E,8,70.0,E,8,822.9788000000001,E,8,999.0,E,8,1.5,E,8,-9900,?,9,-9900,?,9,0.0,E,8,-9900,?,9,-9900,?,9,0.0,0.0,E,8
06/09/2014,12:00,949.455,1324.564,426.2,1,8,112.753,1,8,345.4,1,8,51144.0,1,8,10711.544,1,8,37994.05,1,8,153.424,1,8,-9900,?,9,-9900,?,9,12.5,E,8,6.55,E,8,67.0,E,8,822.9788000000001,E,8,999.0,E,8,1.62,E,8,-9900,?,9,-9900,?,9,0.0,E,8,-9900,?,9,-9900,?,9,0.0,0.0,E,8
06/09/2014,13:00,933.562,1324.564,438.48,1,8,137.309,1,8,341.733,1,8,52617.6,1,8,13044.344,1,8,37590.584,1,8,154.382,1,8,-9900,?,9,-9900,?,9,13.01,E,8,6.45,E,8,64.0,E,8,822.9788000000001,E,8,999.0,E,8,2.24,E,8,-9900,?,9,-9900,?,9,0.0,E,8,-9900,?,9,-9900,?,9,0.0,0.0,E,8
06/09/2014,14:00,841.506,1324.564,409.34,1,8,172.254,1,8,299.953,1,8,49120.8,1,8,16364.146,1,8,32994.832,1,8,150.351,1,8,-9900,?,9,-9900,?,9,13.3,E,8,6.4,E,8,62.0,E,8,822.9788000000001,E,8,999.0,E,8,3.16,E,8,-9900,?,9,-9900,?,9,0.0,E,8,-9900,?,9,-9900,?,9,0.0,0.0,E,8
06/09/2014,15:00,679.6,1324.564,341.0,1,8,182.363,1,8,247.511,1,8,40920.0,1,8,17324.486,1,8,27226.19,1,8,153.681,1,8,-9900,?,9,-9900,?,9,13.38,E,8,6.38,E,8,62.0,E,8,822.9788000000001,E,8,999.0,E,8,3.37,E,8,-9900,?,9,-9900,?,9,0.0,E,8,-9900,?,9,-9900,?,9,0.0,0.0,E,8
06/09/2014,16:00,459.013,1324.564,238.92,1,8,300.69,1,8,134.941,1,8,28670.4,1,8,28565.514,1,8,14843.48,1,8,124.212,1,8,-9900,?,9,-9900,?,9,13.15,E,8,6.43,E,8,63.0,E,8,822.9788000000001,E,8,999.0,E,8,2.88,E,8,-9900,?,9,-9900,?,9,0.0,E,8,-9900,?,9,-9900,?,9,0.0,0.0,E,8
06/09/2014,17:00,195.589,1324.564,113.4,1,8,353.988,1,8,61.772,1,8,13608.0,1,8,33628.905,1,8,6794.886,1,8,134.816,1,8,-9900,?,9,-9900,?,9,12.61,E,8,6.53,E,8,66.0,E,8,822.9788000000001,E,8,999.0,E,8,2.32,E,8,-9900,?,9,-9900,?,9,0.0,E,8,-9900,?,9,-9900,?,9,0.0,0.0,E,8
06/09/2014,18:00,0.0,1324.564,3.84,1,8,0.0,1,8,0.0,1,8,460.8,1,8,0.0,1,8,0.0,1,8,-0.0,1,8,-9900,?,9,-9900,?,9,12.02,E,8,6.64,E,8,69.0,E,8,822.9788000000001,E,8,999.0,E,8,1.24,E,8,-9900,?,9,-9900,?,9,0.0,E,8,-9900,?,9,-9900,?,9,0.0,0.0,E,8
06/09/2014,19:00,0.0,1324.564,0.0,1,8,0.0,1,8,0.0,1,8,0.0,1,8,0.0,1,8,0.0,1,8,-0.0,1,8,-9900,?,9,-9900,?,9,11.44,E,8,6.75,E,8,72.0,E,8,822.9788000000001,E,8,999.0,E,8,0.85,E,8,-9900,?,9,-9900,?,9,0.0,E,8,-9900,?,9,-9900,?,9,0.0,0.0,E,8
06/09/2014,20:00,0.0,1324.564,0.0,1,8,0.0,1,8,0.0,1,8,0.0,1,8,0.0,1,8,0.0,1,8,-0.0,1,8,-9900,?,9,-9900,?,9,10.85,E,8,6.86,E,8,76.0,E,8,822.9788000000001,E,8,999.0,E,8,0.48,E,8,-9900,?,9,-9900,?,9,0.0,E,8,-9900,?,9,-9900,?,9,0.0,0.0,E,8
06/09/2014,21:00,0.0,1324.564,0.0,1,8,0.0,1,8,0.0,1,8,0.0,1,8,0.0,1,8,0.0,1,8,-0.0,1,8,-9900,?,9,-9900,?,9,10.27,E,8,6.97,E,8,79.0,E,8,822.9788000000001,E,8,999.0,E,8,0.37,E,8,-9900,?,9,-9900,?,9,0.0,E,8,-9900,?,9,-9900,?,9,0.0,0.0,E,8
06/09/2014,22:00,0.0,1324.564,0.0,1,8,0.0,1,8,0.0,1,8,0.0,1,8,0.0,1,8,0.0,1,8,-0.0,1,8,-9900,?,9,-9900,?,9,9.68,E,8,7.08,E,8,83.0,E,8,822.9788000000001,E,8,999.0,E,8,0.33,E,8,-9900,?,9,-9900,?,9,0.0,E,8,-9900,?,9,-9900,?,9,0.0,0.0,E,8
06/09/2014,23:00,0.0,1324.564,0.0,1,8,0.0,1,8,0.0,1,8,0.0,1,8,0.0,1,8,0.0,1,8,-0.0,1,8,-9900,?,9,-9900,?,9,9.1,E,8,7.19,E,8,87.0,E,8,822.9788000000001,E,8,999.0,E,8,0.26,E,8,-9900,?,9,-9900,?,9,0.0,E,8,-9900,?,9,-9900,?,9,0.0,0.0,E,8
06/09/2014,24:00,0.0,1324.564,0.0,1,8,0.0,1,8,0.0,1,8,0.0,1,8,0.0,1,8,0.0,1,8,-0.0,1,8,-9900,?,9,-9900,?,9,8.51,E,8,5.69,E,8,82.0,E,8,822.9788000000001,E,8,999.0,E,8,0.3,E,8,-9900,?,9,-9900,?,9,0.0,E,8,-9900,?,9,-9900,?,9,0.0,0.0,E,8
06/10/2014,01:00,0.0,1324.564,0.0,1,8,0.0,1,8,0.0,1,8,0.0,1,8,0.0,1,8,0.0,1,8,-0.0,1,8,-9900,?,9,-9900,?,9,8.22,E,8,5.69,E,8,84.0,E,8,822.9788000000001,E,8,999.0,E,8,0.3,E,8,-9900,?,9,-9900,?,9,0.0,E,8,-9900,?,9,-9900,?,9,0.0,0.0,E,8
06/10/2014,02:00,0.0,1324.564,0.0,1,8,0.0,1,8,0.0,1,8,0.0,1,8,0.0,1,8,0.0,1,8,-0.0,1,8,-9900,?,9,-9900,?,9,7.93,E,8,5.69,E,8,85.0,E,8,822.9788000000001,E,8,999.0,E,8,0.3,E,8,-9900,?,9,-9900,?,9,0.0,E,8,-9900,?,9,-9900,?,9,0.0,0.0,E,8
06/10/2014,03:00,0.0,1324.564,0.0,1,8,0.0,1,8,0.0,1,8,0.0,1,8,0.0,1,8,0.0,1,8,-0.0,1,8,-9900,?,9,-9900,?,9,7.64,E,8,5.69,E,8,87.0,E,8,822.9788000000001,E,8,999.0,E,8,0.3,E,8,-9900,?,9,-9900,?,9,0.0,E,8,-9900,?,9,-9900,?,9,0.0,0.0,E,8
06/10/2014,04:00,0.0,1324.253,0.0,1,8,0.0,1,8,0.0,1,8,0.0,1,8,0.0,1,8,0.0,1,8,-0.0,1,8,-9900,?,9,-9900,?,9,7.34,E,8,5.69,E,8,89.0,E,8,822.9788000000001,E,8,999.0,E,8,0.3,E,8,-9900,?,9,-9900,?,9,0.0,E,8,-9900,?,9,-9900,?,9,0.0,0.0,E,8
06/10/2014,05:00,0.0,1324.253,0.0,1,8,0.0,1,8,0.0,1,8,0.0,1,8,0.0,1,8,0.0,1,8,-0.0,1,8,-9900,?,9,-9900,?,9,7.05,E,8,5.69,E,8,91.0,E,8,822.9788000000001,E,8,999.0,E,8,0.3,E,8,-9900,?,9,-9900,?,9,0.0,E,8,-9900,?,9,-9900,?,9,0.0,0.0,E,8
06/10/2014,06:00,0.0,1324.253,0.0,1,8,0.0,1,8,0.0,1,8,0.0,1,8,0.0,1,8,0.0,1,8,-0.0,1,8,-9900,?,9,-9900,?,9,6.82,E,8,5.7,E,8,92.0,E,8,822.9788000000001,E,8,999.0,E,8,0.3,E,8,-9900,?,9,-9900,?,9,0.0,E,8,-9900,?,9,-9900,?,9,0.0,0.0,E,8
06/10/2014,07:00,30.062,1324.253,0.0,1,8,0.0,1,8,0.0,1,8,0.0,1,8,0.0,1,8,0.0,1,8,0.0,1,8,-9900,?,9,-9900,?,9,6.63,E,8,5.7,E,8,93.0,E,8,822.9788000000001,E,8,999.0,E,8,0.3,E,8,-9900,?,9,-9900,?,9,0.0,E,8,-9900,?,9,-9900,?,9,0.0,0.0,E,8
06/10/2014,08:00,305.413,1324.253,53.76,1,8,0.0,1,8,53.76,1,8,6451.2,1,8,0.0,1,8,5913.6,1,8,74.576,1,8,-9900,?,9,-9900,?,9,6.44,E,8,5.7,E,8,95.0,E,8,822.9788000000001,E,8,999.0,E,8,0.3,E,8,-9900,?,9,-9900,?,9,0.0,E,8,-9900,?,9,-9900,?,9,0.0,0.0,E,8
06/10/2014,09:00,553.533,1324.253,143.22,1,8,6.848,1,8,140.362,1,8,17186.4,1,8,650.515,1,8,15439.787,1,8,107.035,1,8,-9900,?,9,-9900,?,9,8.63,E,8,5.68,E,8,81.0,E,8,822.9788000000001,E,8,999.0,E,8,0.3,E,8,-9900,?,9,-9900,?,9,0.0,E,8,-9900,?,9,-9900,?,9,0.0,0.0,E,8
06/10/2014,10:00,751.788,1324.253,295.52,1,8,67.671,1,8,257.126,1,8,35462.4,1,8,6428.734,1,8,28283.905,1,8,144.258,1,8,-9900,?,9,-9900,?,9,10.09,E,8,5.68,E,8,74.0,E,8,822.9788000000001,E,8,999.0,E,8,0.3,E,8,-9900,?,9,-9900,?,9,0.0,E,8,-9900,?,9,-9900,?,9,0.0,0.0,E,8
06/10/2014,11:00,886.319,1324.253,403.22,1,8,92.007,1,8,341.662,1,8,48386.4,1,8,8740.662,1,8,37582.847,1,8,162.549,1,8,-9900,?,9,-9900,?,9,11.42,E,8,5.67,E,8,67.0,E,8,822.9788000000001,E,8,999.0,E,8,0.37,E,8,-9900,?,9,-9900,?,9,0.0,E,8,-9900,?,9,-9900,?,9,0.0,0.0,E,8
06/10/2014,12:00,947.881,1324.253,397.73,1,8,77.808,1,8,342.051,1,8,47727.6,1,8,7391.8,1,8,37625.657,1,8,152.153,1,8,-9900,?,9,-9900,?,9,12.2,E,8,5.66,E,8,64.0,E,8,822.9788000000001,E,8,999.0,E,8,0.74,E,8,-9900,?,9,-9900,?,9,0.0,E,8,-9900,?,9,-9900,?,9,0.0,0.0,E,8
06/10/2014,13:00,932.26,1324.253,549.75,1,8,294.674,1,8,342.365,1,8,65970.0,1,8,27994.027,1,8,37660.119,1,8,154.847,1,8,-9900,?,9,-9900,?,9,13.28,E,8,5.66,E,8,59.0,E,8,822.9788000000001,E,8,999.0,E,8,1.87,E,8,-9900,?,9,-9900,?,9,0.0,E,8,-9900,?,9,-9900,?,9,0.0,0.0,E,8
06/10/2014,14:00,840.526,1324.253,472.78,1,8,266.048,1,8,303.988,1,8,56733.6,1,8,25274.592,1,8,33438.674,1,8,152.516,1,8,-9900,?,9,-9900,?,9,13.81,E,8,5.65,E,8,57.0,E,8,822.9788000000001,E,8,999.0,E,8,2.21,E,8,-9900,?,9,-9900,?,9,0.0,E,8,-9900,?,9,-9900,?,9,0.0,0.0,E,8
06/10/2014,15:00,678.971,1324.253,219.45,1,8,52.424,1,8,192.593,1,8,26334.0,1,8,4980.238,1,8,21185.279,1,8,119.665,1,8,-9900,?,9,-9900,?,9,13.28,E,8,5.66,E,8,59.0,E,8,822.9788000000001,E,8,999.0,E,8,1.99,E,8,-9900,?,9,-9900,?,9,0.0,E,8,-9900,?,9,-9900,?,9,0.0,0.0,E,8
06/10/2014,16:00,458.739,1324.253,249.75,1,8,306.424,1,8,143.826,1,8,29970.0,1,8,29110.311,1,8,15820.889,1,8,132.44,1,8,-9900,?,9,-9900,?,9,13.0,E,8,5.66,E,8,60.0,E,8,822.9788000000001,E,8,999.0,E,8,1.76,E,8,-9900,?,9,-9900,?,9,0.0,E,8,-9900,?,9,-9900,?,9,0.0,0.0,E,8
06/10/2014,17:00,195.648,1324.253,120.97,1,8,384.898,1,8,64.803,1,8,14516.4,1,8,36565.274,1,8,7128.313,1,8,141.354,1,8,-9900,?,9,-9900,?,9,12.28,E,8,5.66,E,8,63.0,E,8,822.9788000000001,E,8,999.0,E,8,1.86,E,8,-9900,?,9,-9900,?,9,0.0,E,8,-9900,?,9,-9900,?,9,0.0,0.0,E,8
06/10/2014,18:00,0.0,1324.253,4.12,1,8,0.0,1,8,0.0,1,8,494.4,1,8,0.0,1,8,0.0,1,8,-0.0,1,8,-9900,?,9,-9900,?,9,11.48,E,8,5.67,E,8,67.0,E,8,822.9788000000001,E,8,999.0,E,8,1.98,E,8,-9900,?,9,-9900,?,9,0.0,E,8,-9900,?,9,-9900,?,9,0.0,0.0,E,8
06/10/2014,19:00,0.0,1324.253,0.0,1,8,0.0,1,8,0.0,1,8,0.0,1,8,0.0,1,8,0.0,1,8,-0.0,1,8,-9900,?,9,-9900,?,9,10.68,E,8,5.67,E,8,71.0,E,8,822.9788000000001,E,8,999.0,E,8,1.68,E,8,-9900,?,9,-9900,?,9,0.0,E,8,-9900,?,9,-9900,?,9,0.0,0.0,E,8
06/10/2014,20:00,0.0,1324.253,0.0,1,8,0.0,1,8,0.0,1,8,0.0,1,8,0.0,1,8,0.0,1,8,-0.0,1,8,-9900,?,9,-9900,?,9,9.88,E,8,5.68,E,8,75.0,E,8,822.9788000000001,E,8,999.0,E,8,1.52,E,8,-9900,?,9,-9900,?,9,0.0,E,8,-9900,?,9,-9900,?,9,0.0,0.0,E,8
06/10/2014,21:00,0.0,1324.253,0.0,1,8,0.0,1,8,0.0,1,8,0.0,1,8,0.0,1,8,0.0,1,8,-0.0,1,8,-9900,?,9,-9900,?,9,9.08,E,8,5.68,E,8,79.0,E,8,822.9788000000001,E,8,999.0,E,8,0.88,E,8,-9900,?,9,-9900,?,9,0.0,E,8,-9900,?,9,-9900,?,9,0.0,0.0,E,8
06/10/2014,22:00,0.0,1324.253,0.0,1,8,0.0,1,8,0.0,1,8,0.0,1,8,0.0,1,8,0.0,1,8,-0.0,1,8,-9900,?,9,-9900,?,9,8.28,E,8,5.69,E,8,83.0,E,8,822.9788000000001,E,8,999.0,E,8,1.07,E,8,-9900,?,9,-9900,?,9,0.0,E,8,-9900,?,9,-9900,?,9,0.0,0.0,E,8
06/10/2014,23:00,0.0,1324.253,0.0,1,8,0.0,1,8,0.0,1,8,0.0,1,8,0.0,1,8,0.0,1,8,-0.0,1,8,-9900,?,9,-9900,?,9,7.48,E,8,5.69,E,8,88.0,E,8,822.9788000000001,E,8,999.0,E,8,0.81,E,8,-9900,?,9,-9900,?,9,0.0,E,8,-9900,?,9,-9900,?,9,0.0,0.0,E,8
06/10/2014,24:00,0.0,1324.253,0.0,1,8,0.0,1,8,0.0,1,8,0.0,1,8,0.0,1,8,0.0,1,8,-0.0,1,8,-9900,?,9,-9900,?,9,6.68,E,8,-2.26,E,8,51.0,E,8,822.9788000000001,E,8,999.0,E,8,0.8,E,8,-9900,?,9,-9900,?,9,0.0,E,8,-9900,?,9,-9900,?,9,0.0,0.0,E,8
06/11/2014,01:00,0.0,1324.253,0.0,1,8,0.0,1,8,0.0,1,8,0.0,1,8,0.0,1,8,0.0,1,8,-0.0,1,8,-9900,?,9,-9900,?,9,6.28,E,8,-2.04,E,8,54.0,E,8,822.9788000000001,E,8,999.0,E,8,0.85,E,8,-9900,?,9,-9900,?,9,0.0,E,8,-9900,?,9,-9900,?,9,0.0,0.0,E,8
06/11/2014,02:00,0.0,1324.253,0.0,1,8,0.0,1,8,0.0,1,8,0.0,1,8,0.0,1,8,0.0,1,8,-0.0,1,8,-9900,?,9,-9900,?,9,5.88,E,8,-1.81,E,8,56.0,E,8,822.9788000000001,E,8,999.0,E,8,0.77,E,8,-9900,?,9,-9900,?,9,0.0,E,8,-9900,?,9,-9900,?,9,0.0,0.0,E,8
06/11/2014,03:00,0.0,1324.253,0.0,1,8,0.0,1,8,0.0,1,8,0.0,1,8,0.0,1,8,0.0,1,8,-0.0,1,8,-9900,?,9,-9900,?,9,5.48,E,8,-1.59,E,8,59.0,E,8,822.9788000000001,E,8,999.0,E,8,0.54,E,8,-9900,?,9,-9900,?,9,0.0,E,8,-9900,?,9,-9900,?,9,0.0,0.0,E,8
06/11/2014,04:00,0.0,1323.953,0.0,1,8,0.0,1,8,0.0,1,8,0.0,1,8,0.0,1,8,0.0,1,8,-0.0,1,8,-9900,?,9,-9900,?,9,5.08,E,8,-1.38,E,8,62.0,E,8,822.9788000000001,E,8,999.0,E,8,0.33,E,8,-9900,?,9,-9900,?,9,0.0,E,8,-9900,?,9,-9900,?,9,0.0,0.0,E,8
06/11/2014,05:00,0.0,1323.953,0.0,1,8,0.0,1,8,0.0,1,8,0.0,1,8,0.0,1,8,0.0,1,8,-0.0,1,8,-9900,?,9,-9900,?,9,4.68,E,8,-1.16,E,8,65.0,E,8,822.9788000000001,E,8,999.0,E,8,0.33,E,8,-9900,?,9,-9900,?,9,0.0,E,8,-9900,?,9,-9900,?,9,0.0,0.0,E,8
06/11/2014,06:00,0.0,1323.953,0.0,1,8,0.0,1,8,0.0,1,8,0.0,1,8,0.0,1,8,0.0,1,8,-0.0,1,8,-9900,?,9,-9900,?,9,4.37,E,8,-1.0,E,8,67.0,E,8,822.9788000000001,E,8,999.0,E,8,0.33,E,8,-9900,?,9,-9900,?,9,0.0,E,8,-9900,?,9,-9900,?,9,0.0,0.0,E,8
06/11/2014,07:00,28.57,1323.953,0.0,1,8,0.0,1,8,0.0,1,8,0.0,1,8,0.0,1,8,0.0,1,8,0.0,1,8,-9900,?,9,-9900,?,9,4.11,E,8,-0.87,E,8,69.0,E,8,822.9788000000001,E,8,999.0,E,8,0.69,E,8,-9900,?,9,-9900,?,9,0.0,E,8,-9900,?,9,-9900,?,9,0.0,0.0,E,8
06/11/2014,08:00,303.627,1323.953,61.5,1,8,0.0,1,8,61.5,1,8,7380.0,1,8,0.0,1,8,6765.0,1,8,85.801,1,8,-9900,?,9,-9900,?,9,3.84,E,8,-0.73,E,8,71.0,E,8,822.9788000000001,E,8,999.0,E,8,0.77,E,8,-9900,?,9,-9900,?,9,0.0,E,8,-9900,?,9,-9900,?,9,0.0,0.0,E,8
06/11/2014,09:00,551.692,1323.953,275.53,1,8,218.704,1,8,184.522,1,8,33063.6,1,8,20776.878,1,8,20297.454,1,8,141.149,1,8,-9900,?,9,-9900,?,9,7.63,E,8,-2.82,E,8,46.0,E,8,822.9788000000001,E,8,999.0,E,8,1.48,E,8,-9900,?,9,-9900,?,9,0.0,E,8,-9900,?,9,-9900,?,9,0.0,0.0,E,8
06/11/2014,10:00,749.988,1323.953,472.29,1,8,396.069,1,8,248.065,1,8,56674.8,1,8,37626.565,1,8,27287.187,1,8,139.477,1,8,-9900,?,9,-9900,?,9,9.9,E,8,-4.26,E,8,35.0,E,8,822.9788000000001,E,8,999.0,E,8,1.46,E,8,-9900,?,9,-9900,?,9,0.0,E,8,-9900,?,9,-9900,?,9,0.0,0.0,E,8
06/11/2014,11:00,884.649,1323.953,621.2,1,8,518.822,1,8,274.656,1,8,74544.0,1,8,49288.087,1,8,30212.128,1,8,130.888,1,8,-9900,?,9,-9900,?,9,11.87,E,8,-5.65,E,8,27.0,E,8,822.9788000000001,E,8,999.0,E,8,2.78,E,8,-9900,?,9,-9900,?,9,0.0,E,8,-9900,?,9,-9900,?,9,0.0,0.0,E,8
06/11/2014,12:00,946.421,1323.953,701.43,1,8,604.594,1,8,269.361,1,8,84171.6,1,8,57436.437,1,8,29629.659,1,8,119.976,1,8,-9900,?,9,-9900,?,9,13.42,E,8,-6.86,E,8,22.0,E,8,822.9788000000001,E,8,999.0,E,8,3.65,E,8,-9900,?,9,-9900,?,9,0.0,E,8,-9900,?,9,-9900,?,9,0.0,0.0,E,8
06/11/2014,13:00,931.074,1323.953,724.33,1,8,710.818,1,8,224.595,1,8,86919.6,1,8,67527.726,1,8,24705.425,1,8,101.688,1,8,-9900,?,9,-9900,?,9,14.53,E,8,-7.81,E,8,19.0,E,8,822.9788000000001,E,8,999.0,E,8,4.67,E,8,-9900,?,9,-9900,?,9,0.0,E,8,-9900,?,9,-9900,?,9,0.0,0.0,E,8
06/11/2014,14:00,839.662,1323.953,681.23,1,8,875.963,1,8,125.929,1,8,81747.6,1,8,83216.502,1,8,13852.213,1,8,63.232,1,8,-9900,?,9,-9900,?,9,15.19,E,8,-8.41,E,8,17.0,E,8,822.9788000000001,E,8,999.0,E,8,5.47,E,8,-9900,?,9,-9900,?,9,0.0,E,8,-9900,?,9,-9900,?,9,0.0,0.0,E,8
06/11/2014,15:00,678.451,1323.953,565.09,1,8,811.549,1,8,149.559,1,8,67810.8,1,8,77097.113,1,8,16451.467,1,8,92.976,1,8,-9900,?,9,-9900,?,9,15.36,E,8,-8.57,E,8,16.0,E,8,822.9788000000001,E,8,999.0,E,8,5.47,E,8,-9900,?,9,-9900,?,9,0.0,E,8,-9900,?,9,-9900,?,9,0.0,0.0,E,8
06/11/2014,16:00,458.564,1323.953,396.29,1,8,743.441,1,8,139.34,1,8,47554.8,1,8,70626.908,1,8,15327.349,1,8,128.328,1,8,-9900,?,9,-9900,?,9,14.86,E,8,-8.11,E,8,18.0,E,8,822.9788000000001,E,8,999.0,E,8,5.66,E,8,-9900,?,9,-9900,?,9,0.0,E,8,-9900,?,9,-9900,?,9,0.0,0.0,E,8
06/11/2014,17:00,195.793,1323.953,185.97,1,8,513.674,1,8,110.937,1,8,22316.4,1,8,48798.999,1,8,12203.032,1,8,241.745,1,8,-9900,?,9,-9900,?,9,13.66,E,8,-7.06,E,8,21.0,E,8,822.9788000000001,E,8,999.0,E,8,4.58,E,8,-9900,?,9,-9900,?,9,0.0,E,8,-9900,?,9,-9900,?,9,0.0,0.0,E,8
06/11/2014,18:00,0.0,1323.953,5.2,1,8,0.0,1,8,0.0,1,8,624.0,1,8,0.0,1,8,0.0,1,8,-0.0,1,8,-9900,?,9,-9900,?,9,12.71,E,8,-6.29,E,8,24.0,E,8,822.9788000000001,E,8,999.0,E,8,3.91,E,8,-9900,?,9,-9900,?,9,0.0,E,8,-9900,?,9,-9900,?,9,0.0,0.0,E,8
06/11/2014,19:00,0.0,1323.953,0.0,1,8,0.0,1,8,0.0,1,8,0.0,1,8,0.0,1,8,0.0,1,8,-0.0,1,8,-9900,?,9,-9900,?,9,11.76,E,8,-5.57,E,8,27.0,E,8,822.9788000000001,E,8,999.0,E,8,2.94,E,8,-9900,?,9,-9900,?,9,0.0,E,8,-9900,?,9,-9900,?,9,0.0,0.0,E,8
06/11/2014,20:00,0.0,1323.953,0.0,1,8,0.0,1,8,0.0,1,8,0.0,1,8,0.0,1,8,0.0,1,8,-0.0,1,8,-9900,?,9,-9900,?,9,10.81,E,8,-4.88,E,8,31.0,E,8,822.9788000000001,E,8,999.0,E,8,1.96,E,8,-9900,?,9,-9900,?,9,0.0,E,8,-9900,?,9,-9900,?,9,0.0,0.0,E,8
06/11/2014,21:00,0.0,1323.953,0.0,1,8,0.0,1,8,0.0,1,8,0.0,1,8,0.0,1,8,0.0,1,8,-0.0,1,8,-9900,?,9,-9900,?,9,9.86,E,8,-4.23,E,8,35.0,E,8,822.9788000000001,E,8,999.0,E,8,1.51,E,8,-9900,?,9,-9900,?,9,0.0,E,8,-9900,?,9,-9900,?,9,0.0,0.0,E,8
06/11/2014,22:00,0.0,1323.953,0.0,1,8,0.0,1,8,0.0,1,8,0.0,1,8,0.0,1,8,0.0,1,8,-0.0,1,8,-9900,?,9,-9900,?,9,8.91,E,8,-3.61,E,8,39.0,E,8,822.9788000000001,E,8,999.0,E,8,0.92,E,8,-9900,?,9,-9900,?,9,0.0,E,8,-9900,?,9,-9900,?,9,0.0,0.0,E,8
06/11/2014,23:00,0.0,1323.953,0.0,1,8,0.0,1,8,0.0,1,8,0.0,1,8,0.0,1,8,0.0,1,8,-0.0,1,8,-9900,?,9,-9900,?,9,7.96,E,8,-3.02,E,8,44.0,E,8,822.9788000000001,E,8,999.0,E,8,0.8,E,8,-9900,?,9,-9900,?,9,0.0,E,8,-9900,?,9,-9900,?,9,0.0,0.0,E,8
06/11/2014,24:00,0.0,1323.953,0.0,1,8,0.0,1,8,0.0,1,8,0.0,1,8,0.0,1,8,0.0,1,8,-0.0,1,8,-9900,?,9,-9900,?,9,7.01,E,8,2.35,E,8,72.0,E,8,822.9788000000001,E,8,999.0,E,8,0.29,E,8,-9900,?,9,-9900,?,9,0.0,E,8,-9900,?,9,-9900,?,9,0.0,0.0,E,8
06/12/2014,01:00,0.0,1323.953,0.0,1,8,0.0,1,8,0.0,1,8,0.0,1,8,0.0,1,8,0.0,1,8,-0.0,1,8,-9900,?,9,-9900,?,9,6.53,E,8,2.51,E,8,75.0,E,8,822.9788000000001,E,8,999.0,E,8,0.39,E,8,-9900,?,9,-9900,?,9,0.0,E,8,-9900,?,9,-9900,?,9,0.0,0.0,E,8
06/12/2014,02:00,0.0,1323.953,0.0,1,8,0.0,1,8,0.0,1,8,0.0,1,8,0.0,1,8,0.0,1,8,-0.0,1,8,-9900,?,9,-9900,?,9,6.06,E,8,2.67,E,8,78.0,E,8,822.9788000000001,E,8,999.0,E,8,0.31,E,8,-9900,?,9,-9900,?,9,0.0,E,8,-9900,?,9,-9900,?,9,0.0,0.0,E,8
06/12/2014,03:00,0.0,1323.953,0.0,1,8,0.0,1,8,0.0,1,8,0.0,1,8,0.0,1,8,0.0,1,8,-0.0,1,8,-9900,?,9,-9900,?,9,5.58,E,8,2.83,E,8,82.0,E,8,822.9788000000001,E,8,999.0,E,8,0.38,E,8,-9900,?,9,-9900,?,9,0.0,E,8,-9900,?,9,-9900,?,9,0.0,0.0,E,8
06/12/2014,04:00,0.0,1323.665,0.0,1,8,0.0,1,8,0.0,1,8,0.0,1,8,0.0,1,8,0.0,1,8,-0.0,1,8,-9900,?,9,-9900,?,9,5.11,E,8,2.99,E,8,86.0,E,8,822.9788000000001,E,8,999.0,E,8,0.47,E,8,-9900,?,9,-9900,?,9,0.0,E,8,-9900,?,9,-9900,?,9,0.0,0.0,E,8
06/12/2014,05:00,0.0,1323.665,0.0,1,8,0.0,1,8,0.0,1,8,0.0,1,8,0.0,1,8,0.0,1,8,-0.0,1,8,-9900,?,9,-9900,?,9,4.63,E,8,3.15,E,8,90.0,E,8,822.9788000000001,E,8,999.0,E,8,0.38,E,8,-9900,?,9,-9900,?,9,0.0,E,8,-9900,?,9,-9900,?,9,0.0,0.0,E,8
06/12/2014,06:00,0.0,1323.665,0.0,1,8,0.0,1,8,0.0,1,8,0.0,1,8,0.0,1,8,0.0,1,8,-0.0,1,8,-9900,?,9,-9900,?,9,4.27,E,8,3.26,E,8,93.0,E,8,822.9788000000001,E,8,999.0,E,8,0.51,E,8,-9900,?,9,-9900,?,9,0.0,E,8,-9900,?,9,-9900,?,9,0.0,0.0,E,8
06/12/2014,07:00,27.126,1323.665,0.0,1,8,0.0,1,8,0.0,1,8,0.0,1,8,0.0,1,8,0.0,1,8,0.0,1,8,-9900,?,9,-9900,?,9,3.95,E,8,3.37,E,8,95.0,E,8,822.9788000000001,E,8,999.0,E,8,0.58,E,8,-9900,?,9,-9900,?,9,0.0,E,8,-9900,?,9,-9900,?,9,0.0,0.0,E,8
06/12/2014,08:00,301.906,1323.665,47.08,1,8,0.0,1,8,47.08,1,8,5649.6,1,8,0.0,1,8,5178.8,1,8,66.047,1,8,-9900,?,9,-9900,?,9,3.64,E,8,3.47,E,8,98.0,E,8,822.9788000000001,E,8,999.0,E,8,0.6,E,8,-9900,?,9,-9900,?,9,0.0,E,8,-9900,?,9,-9900,?,9,0.0,0.0,E,8
06/12/2014,09:00,549.933,1323.665,238.26,1,8,139.505,1,8,180.382,1,8,28591.2,1,8,13252.984,1,8,19842.006,1,8,138.394,1,8,-9900,?,9,-9900,?,9,7.59,E,8,2.15,E,8,68.0,E,8,822.9788000000001,E,8,999.0,E,8,1.12,E,8,-9900,?,9,-9900,?,9,0.0,E,8,-9900,?,9,-9900,?,9,0.0,0.0,E,8
06/12/2014,10:00,748.284,1323.665,376.44,1,8,171.124,1,8,279.762,1,8,45172.8,1,8,16256.759,1,8,30773.819,1,8,157.624,1,8,-9900,?,9,-9900,?,9,9.75,E,8,1.38,E,8,55.0,E,8,822.9788000000001,E,8,999.0,E,8,1.88,E,8,-9900,?,9,-9900,?,9,0.0,E,8,-9900,?,9,-9900,?,9,0.0,0.0,E,8
06/12/2014,11:00,883.087,1323.665,432.61,1,8,75.249,1,8,382.426,1,8,51913.2,1,8,7148.692,1,8,42066.812,1,8,182.529,1,8,-9900,?,9,-9900,?,9,11.21,E,8,0.84,E,8,48.0,E,8,822.9788000000001,E,8,999.0,E,8,2.37,E,8,-9900,?,9,-9900,?,9,0.0,E,8,-9900,?,9,-9900,?,9,0.0,0.0,E,8
06/12/2014,12:00,945.076,1323.665,543.35,1,8,222.887,1,8,384.257,1,8,65202.0,1,8,21174.271,1,8,42268.295,1,8,171.359,1,8,-9900,?,9,-9900,?,9,12.71,E,8,0.26,E,8,42.0,E,8,822.9788000000001,E,8,999.0,E,8,2.52,E,8,-9900,?,9,-9900,?,9,0.0,E,8,-9900,?,9,-9900,?,9,0.0,0.0,E,8
06/12/2014,13:00,930.007,1323.665,566.22,1,8,282.272,1,8,367.956,1,8,67946.4,1,8,26815.842,1,8,40475.111,1,8,166.751,1,8,-9900,?,9,-9900,?,9,13.81,E,8,-0.16,E,8,38.0,E,8,822.9788000000001,E,8,999.0,E,8,3.31,E,8,-9900,?,9,-9900,?,9,0.0,E,8,-9900,?,9,-9900,?,9,0.0,0.0,E,8
06/12/2014,14:00,838.913,1323.665,564.53,1,8,439.082,1,8,286.37,1,8,67743.6,1,8,41712.744,1,8,31500.734,1,8,143.889,1,8,-9900,?,9,-9900,?,9,14.59,E,8,-0.44,E,8,35.0,E,8,822.9788000000001,E,8,999.0,E,8,3.74,E,8,-9900,?,9,-9900,?,9,0.0,E,8,-9900,?,9,-9900,?,9,0.0,0.0,E,8
06/12/2014,15:00,678.042,1323.665,532.9,1,8,793.668,1,8,126.682,1,8,63948.0,1,8,75398.415,1,8,13935.007,1,8,78.785,1,8,-9900,?,9,-9900,?,9,15.07,E,8,-0.61,E,8,33.0,E,8,822.9788000000001,E,8,999.0,E,8,3.84,E,8,-9900,?,9,-9900,?,9,0.0,E,8,-9900,?,9,-9900,?,9,0.0,0.0,E,8
06/12/2014,16:00,458.489,1323.665,388.42,1,8,742.667,1,8,131.723,1,8,46610.4,1,8,70553.345,1,8,14489.578,1,8,121.307,1,8,-9900,?,9,-9900,?,9,14.94,E,8,-0.57,E,8,34.0,E,8,822.9788000000001,E,8,999.0,E,8,2.95,E,8,-9900,?,9,-9900,?,9,0.0,E,8,-9900,?,9,-9900,?,9,0.0,0.0,E,8
06/12/2014,17:00,196.022,1323.665,200.79,1,8,454.797,1,8,134.262,1,8,24094.8,1,8,43205.722,1,8,14768.843,1,8,292.158,1,8,-9900,?,9,-9900,?,9,13.95,E,8,-0.21,E,8,37.0,E,8,822.9788000000001,E,8,999.0,E,8,2.32,E,8,-9900,?,9,-9900,?,9,0.0,E,8,-9900,?,9,-9900,?,9,0.0,0.0,E,8
06/12/2014,18:00,0.0,1323.665,10.34,1,8,0.0,1,8,0.0,1,8,1240.8,1,8,0.0,1,8,0.0,1,8,-0.0,1,8,-9900,?,9,-9900,?,9,13.06,E,8,0.12,E,8,41.0,E,8,822.9788000000001,E,8,999.0,E,8,1.74,E,8,-9900,?,9,-9900,?,9,0.0,E,8,-9900,?,9,-9900,?,9,0.0,0.0,E,8
06/12/2014,19:00,0.0,1323.665,0.0,1,8,0.0,1,8,0.0,1,8,0.0,1,8,0.0,1,8,0.0,1,8,-0.0,1,8,-9900,?,9,-9900,?,9,12.18,E,8,0.47,E,8,44.0,E,8,822.9788000000001,E,8,999.0,E,8,1.1,E,8,-9900,?,9,-9900,?,9,0.0,E,8,-9900,?,9,-9900,?,9,0.0,0.0,E,8
06/12/2014,20:00,0.0,1323.665,0.0,1,8,0.0,1,8,0.0,1,8,0.0,1,8,0.0,1,8,0.0,1,8,-0.0,1,8,-9900,?,9,-9900,?,9,11.29,E,8,0.81,E,8,48.0,E,8,822.9788000000001,E,8,999.0,E,8,0.78,E,8,-9900,?,9,-9900,?,9,0.0,E,8,-9900,?,9,-9900,?,9,0.0,0.0,E,8
06/12/2014,21:00,0.0,1323.665,0.0,1,8,0.0,1,8,0.0,1,8,0.0,1,8,0.0,1,8,0.0,1,8,-0.0,1,8,-9900,?,9,-9900,?,9,10.41,E,8,1.14,E,8,52.0,E,8,822.9788000000001,E,8,999.0,E,8,1.07,E,8,-9900,?,9,-9900,?,9,0.0,E,8,-9900,?,9,-9900,?,9,0.0,0.0,E,8
06/12/2014,22:00,0.0,1323.665,0.0,1,8,0.0,1,8,0.0,1,8,0.0,1,8,0.0,1,8,0.0,1,8,-0.0,1,8,-9900,?,9,-9900,?,9,9.52,E,8,1.46,E,8,57.0,E,8,822.9788000000001,E,8,999.0,E,8,0.65,E,8,-9900,?,9,-9900,?,9,0.0,E,8,-9900,?,9,-9900,?,9,0.0,0.0,E,8
06/12/2014,23:00,0.0,1323.665,0.0,1,8,0.0,1,8,0.0,1,8,0.0,1,8,0.0,1,8,0.0,1,8,-0.0,1,8,-9900,?,9,-9900,?,9,8.63,E,8,1.78,E,8,62.0,E,8,822.9788000000001,E,8,999.0,E,8,0.37,E,8,-9900,?,9,-9900,?,9,0.0,E,8,-9900,?,9,-9900,?,9,0.0,0.0,E,8
06/12/2014,24:00,0.0,1323.665,0.0,1,8,0.0,1,8,0.0,1,8,0.0,1,8,0.0,1,8,0.0,1,8,-0.0,1,8,-9900,?,9,-9900,?,9,7.75,E,8,1.79,E,8,65.0,E,8,822.9788000000001,E,8,999.0,E,8,0.32,E,8,-9900,?,9,-9900,?,9,0.0,E,8,-9900,?,9,-9900,?,9,0.0,0.0,E,8
06/13/2014,01:00,0.0,1323.665,0.0,1,8,0.0,1,8,0.0,1,8,0.0,1,8,0.0,1,8,0.0,1,8,-0.0,1,8,-9900,?,9,-9900,?,9,7.3,E,8,2.15,E,8,69.0,E,8,822.9788000000001,E,8,999.0,E,8,0.4,E,8,-9900,?,9,-9900,?,9,0.0,E,8,-9900,?,9,-9900,?,9,0.0,0.0,E,8
06/13/2014,02:00,0.0,1323.665,0.0,1,8,0.0,1,8,0.0,1,8,0.0,1,8,0.0,1,8,0.0,1,8,-0.0,1,8,-9900,?,9,-9900,?,9,6.86,E,8,2.49,E,8,73.0,E,8,822.9788000000001,E,8,999.0,E,8,0.33,E,8,-9900,?,9,-9900,?,9,0.0,E,8,-9900,?,9,-9900,?,9,0.0,0.0,E,8
06/13/2014,03:00,0.0,1323.665,0.0,1,8,0.0,1,8,0.0,1,8,0.0,1,8,0.0,1,8,0.0,1,8,-0.0,1,8,-9900,?,9,-9900,?,9,6.42,E,8,2.83,E,8,77.0,E,8,822.9788000000001,E,8,999.0,E,8,0.25,E,8,-9900,?,9,-9900,?,9,0.0,E,8,-9900,?,9,-9900,?,9,0.0,0.0,E,8
06/13/2014,04:00,0.0,1323.39,0.0,1,8,0.0,1,8,0.0,1,8,0.0,1,8,0.0,1,8,0.0,1,8,-0.0,1,8,-9900,?,9,-9900,?,9,5.98,E,8,3.16,E,8,82.0,E,8,822.9788000000001,E,8,999.0,E,8,0.39,E,8,-9900,?,9,-9900,?,9,0.0,E,8,-9900,?,9,-9900,?,9,0.0,0.0,E,8
06/13/2014,05:00,0.0,1323.39,0.0,1,8,0.0,1,8,0.0,1,8,0.0,1,8,0.0,1,8,0.0,1,8,-0.0,1,8,-9900,?,9,-9900,?,9,5.53,E,8,3.49,E,8,86.0,E,8,822.9788000000001,E,8,999.0,E,8,0.23,E,8,-9900,?,9,-9900,?,9,0.0,E,8,-9900,?,9,-9900,?,9,0.0,0.0,E,8
06/13/2014,06:00,0.0,1323.39,0.0,1,8,0.0,1,8,0.0,1,8,0.0,1,8,0.0,1,8,0.0,1,8,-0.0,1,8,-9900,?,9,-9900,?,9,5.19,E,8,3.73,E,8,90.0,E,8,822.9788000000001,E,8,999.0,E,8,0.23,E,8,-9900,?,9,-9900,?,9,0.0,E,8,-9900,?,9,-9900,?,9,0.0,0.0,E,8
06/13/2014,07:00,25.732,1323.39,0.0,1,8,0.0,1,8,0.0,1,8,0.0,1,8,0.0,1,8,0.0,1,8,0.0,1,8,-9900,?,9,-9900,?,9,4.9,E,8,3.94,E,8,93.0,E,8,822.9788000000001,E,8,999.0,E,8,0.44,E,8,-9900,?,9,-9900,?,9,0.0,E,8,-9900,?,9,-9900,?,9,0.0,0.0,E,8
06/13/2014,08:00,300.251,1323.39,35.84,1,8,0.0,1,8,35.84,1,8,4300.8,1,8,0.0,1,8,3942.4,1,8,50.548,1,8,-9900,?,9,-9900,?,9,4.61,E,8,4.14,E,8,96.0,E,8,822.9788000000001,E,8,999.0,E,8,0.6,E,8,-9900,?,9,-9900,?,9,0.0,E,8,-9900,?,9,-9900,?,9,0.0,0.0,E,8
06/13/2014,09:00,548.257,1323.39,161.6,1,8,16.892,1,8,154.612,1,8,19392.0,1,8,1604.78,1,8,17007.278,1,8,118.962,1,8,-9900,?,9,-9900,?,9,7.46,E,8,2.02,E,8,68.0,E,8,822.9788000000001,E,8,999.0,E,8,0.87,E,8,-9900,?,9,-9900,?,9,0.0,E,8,-9900,?,9,-9900,?,9,0.0,0.0,E,8
06/13/2014,10:00,746.678,1323.39,278.39,1,8,10.963,1,8,272.208,1,8,33406.8,1,8,1041.515,1,8,29942.902,1,8,153.666,1,8,-9900,?,9,-9900,?,9,9.19,E,8,0.58,E,8,54.0,E,8,822.9788000000001,E,8,999.0,E,8,1.09,E,8,-9900,?,9,-9900,?,9,0.0,E,8,-9900,?,9,-9900,?,9,0.0,0.0,E,8
06/13/2014,11:00,881.632,1323.39,367.12,1,8,51.988,1,8,332.499,1,8,44054.4,1,8,4938.885,1,8,36574.841,1,8,158.928,1,8,-9900,?,9,-9900,?,9,10.69,E,8,-0.7,E,8,44.0,E,8,822.9788000000001,E,8,999.0,E,8,1.32,E,8,-9900,?,9,-9900,?,9,0.0,E,8,-9900,?,9,-9900,?,9,0.0,0.0,E,8
06/13/2014,12:00,943.845,1323.39,419.89,1,8,64.041,1,8,374.229,1,8,50386.8,1,8,6083.849,1,8,41165.2,1,8,167.07,1,8,-9900,?,9,-9900,?,9,11.9,E,8,-1.76,E,8,37.0,E,8,822.9788000000001,E,8,999.0,E,8,2.25,E,8,-9900,?,9,-9900,?,9,0.0,E,8,-9900,?,9,-9900,?,9,0.0,0.0,E,8
06/13/2014,13:00,929.057,1323.39,432.6,1,8,78.027,1,8,377.839,1,8,51912.0,1,8,7412.57,1,8,41562.331,1,8,171.37,1,8,-9900,?,9,-9900,?,9,12.77,E,8,-2.59,E,8,33.0,E,8,822.9788000000001,E,8,999.0,E,8,2.65,E,8,-9900,?,9,-9900,?,9,0.0,E,8,-9900,?,9,-9900,?,9,0.0,0.0,E,8
06/13/2014,14:00,838.281,1323.39,404.31,1,8,97.902,1,8,342.322,1,8,48517.2,1,8,9300.727,1,8,37655.466,1,8,172.097,1,8,-9900,?,9,-9900,?,9,13.27,E,8,-3.08,E,8,30.0,E,8,822.9788000000001,E,8,999.0,E,8,2.87,E,8,-9900,?,9,-9900,?,9,0.0,E,8,-9900,?,9,-9900,?,9,0.0,0.0,E,8
06/13/2014,15:00,677.741,1323.39,337.15,1,8,105.111,1,8,283.364,1,8,40458.0,1,8,9985.592,1,8,31170.051,1,8,176.269,1,8,-9900,?,9,-9900,?,9,13.4,E,8,-3.22,E,8,30.0,E,8,822.9788000000001,E,8,999.0,E,8,3.3,E,8,-9900,?,9,-9900,?,9,0.0,E,8,-9900,?,9,-9900,?,9,0.0,0.0,E,8
06/13/2014,16:00,458.512,1323.39,236.51,1,8,254.75,1,8,148.435,1,8,28381.2,1,8,24201.286,1,8,16327.822,1,8,136.662,1,8,-9900,?,9,-9900,?,9,13.03,E,8,-2.84,E,8,32.0,E,8,822.9788000000001,E,8,999.0,E,8,2.58,E,8,-9900,?,9,-9900,?,9,0.0,E,8,-9900,?,9,-9900,?,9,0.0,0.0,E,8
06/13/2014,17:00,196.336,1323.39,112.56,1,8,372.071,1,8,58.033,1,8,13507.2,1,8,35346.739,1,8,6383.579,1,8,126.047,1,8,-9900,?,9,-9900,?,9,12.13,E,8,-1.97,E,8,36.0,E,8,822.9788000000001,E,8,999.0,E,8,2.95,E,8,-9900,?,9,-9900,?,9,0.0,E,8,-9900,?,9,-9900,?,9,0.0,0.0,E,8
06/13/2014,18:00,0.0,1323.39,3.98,1,8,0.0,1,8,0.0,1,8,477.6,1,8,0.0,1,8,0.0,1,8,-0.0,1,8,-9900,?,9,-9900,?,9,11.48,E,8,-1.38,E,8,40.0,E,8,822.9788000000001,E,8,999.0,E,8,2.25,E,8,-9900,?,9,-9900,?,9,0.0,E,8,-9900,?,9,-9900,?,9,0.0,0.0,E,8
06/13/2014,19:00,0.0,1323.39,0.0,1,8,0.0,1,8,0.0,1,8,0.0,1,8,0.0,1,8,0.0,1,8,-0.0,1,8,-9900,?,9,-9900,?,9,10.84,E,8,-0.82,E,8,43.0,E,8,822.9788000000001,E,8,999.0,E,8,1.53,E,8,-9900,?,9,-9900,?,9,0.0,E,8,-9900,?,9,-9900,?,9,0.0,0.0,E,8
06/13/2014,20:00,0.0,1323.39,0.0,1,8,0.0,1,8,0.0,1,8,0.0,1,8,0.0,1,8,0.0,1,8,-0.0,1,8,-9900,?,9,-9900,?,9,10.19,E,8,-0.28,E,8,48.0,E,8,822.9788000000001,E,8,999.0,E,8,1.01,E,8,-9900,?,9,-9900,?,9,0.0,E,8,-9900,?,9,-9900,?,9,0.0,0.0,E,8
06/13/2014,21:00,0.0,1323.39,0.0,1,8,0.0,1,8,0.0,1,8,0.0,1,8,0.0,1,8,0.0,1,8,-0.0,1,8,-9900,?,9,-9900,?,9,9.55,E,8,0.26,E,8,52.0,E,8,822.9788000000001,E,8,999.0,E,8,0.6,E,8,-9900,?,9,-9900,?,9,0.0,E,8,-9900,?,9,-9900,?,9,0.0,0.0,E,8
06/13/2014,22:00,0.0,1323.39,0.0,1,8,0.0,1,8,0.0,1,8,0.0,1,8,0.0,1,8,0.0,1,8,-0.0,1,8,-9900,?,9,-9900,?,9,8.9,E,8,0.83,E,8,56.0,E,8,822.9788000000001,E,8,999.0,E,8,0.98,E,8,-9900,?,9,-9900,?,9,0.0,E,8,-9900,?,9,-9900,?,9,0.0,0.0,E,8
06/13/2014,23:00,0.0,1323.39,0.0,1,8,0.0,1,8,0.0,1,8,0.0,1,8,0.0,1,8,0.0,1,8,-0.0,1,8,-9900,?,9,-9900,?,9,8.26,E,8,1.37,E,8,61.0,E,8,822.9788000000001,E,8,999.0,E,8,1.12,E,8,-9900,?,9,-9900,?,9,0.0,E,8,-9900,?,9,-9900,?,9,0.0,0.0,E,8
06/13/2014,24:00,0.0,1323.39,0.0,1,8,0.0,1,8,0.0,1,8,0.0,1,8,0.0,1,8,0.0,1,8,-0.0,1,8,-9900,?,9,-9900,?,9,7.61,E,8,4.93,E,8,83.0,E,8,822.9788000000001,E,8,999.0,E,8,2.3,E,8,-9900,?,9,-9900,?,9,0.0,E,8,-9900,?,9,-9900,?,9,0.0,0.0,E,8
06/14/2014,01:00,0.0,1323.39,0.0,1,8,0.0,1,8,0.0,1,8,0.0,1,8,0.0,1,8,0.0,1,8,-0.0,1,8,-9900,?,9,-9900,?,9,7.29,E,8,4.92,E,8,84.0,E,8,822.9788000000001,E,8,999.0,E,8,1.79,E,8,-9900,?,9,-9900,?,9,0.0,E,8,-9900,?,9,-9900,?,9,0.0,0.0,E,8
06/14/2014,02:00,0.0,1323.39,0.0,1,8,0.0,1,8,0.0,1,8,0.0,1,8,0.0,1,8,0.0,1,8,-0.0,1,8,-9900,?,9,-9900,?,9,6.97,E,8,4.91,E,8,86.0,E,8,822.9788000000001,E,8,999.0,E,8,1.51,E,8,-9900,?,9,-9900,?,9,0.0,E,8,-9900,?,9,-9900,?,9,0.0,0.0,E,8
06/14/2014,03:00,0.0,1323.39,0.0,1,8,0.0,1,8,0.0,1,8,0.0,1,8,0.0,1,8,0.0,1,8,-0.0,1,8,-9900,?,9,-9900,?,9,6.64,E,8,4.91,E,8,88.0,E,8,822.9788000000001,E,8,999.0,E,8,1.52,E,8,-9900,?,9,-9900,?,9,0.0,E,8,-9900,?,9,-9900,?,9,0.0,0.0,E,8
06/14/2014,04:00,0.0,1323.126,0.0,1,8,0.0,1,8,0.0,1,8,0.0,1,8,0.0,1,8,0.0,1,8,-0.0,1,8,-9900,?,9,-9900,?,9,6.32,E,8,4.9,E,8,90.0,E,8,822.9788000000001,E,8,999.0,E,8,1.6,E,8,-9900,?,9,-9900,?,9,0.0,E,8,-9900,?,9,-9900,?,9,0.0,0.0,E,8
06/14/2014,05:00,0.0,1323.126,0.0,1,8,0.0,1,8,0.0,1,8,0.0,1,8,0.0,1,8,0.0,1,8,-0.0,1,8,-9900,?,9,-9900,?,9,6.0,E,8,4.89,E,8,92.0,E,8,822.9788000000001,E,8,999.0,E,8,1.17,E,8,-9900,?,9,-9900,?,9,0.0,E,8,-9900,?,9,-9900,?,9,0.0,0.0,E,8
06/14/2014,06:00,0.0,1323.126,0.0,1,8,0.0,1,8,0.0,1,8,0.0,1,8,0.0,1,8,0.0,1,8,-0.0,1,8,-9900,?,9,-9900,?,9,5.75,E,8,4.89,E,8,94.0,E,8,822.9788000000001,E,8,999.0,E,8,1.67,E,8,-9900,?,9,-9900,?,9,0.0,E,8,-9900,?,9,-9900,?,9,0.0,0.0,E,8
06/14/2014,07:00,24.387,1323.126,0.0,1,8,0.0,1,8,0.0,1,8,0.0,1,8,0.0,1,8,0.0,1,8,0.0,1,8,-9900,?,9,-9900,?,9,5.53,E,8,4.88,E,8,95.0,E,8,822.9788000000001,E,8,999.0,E,8,2.14,E,8,-9900,?,9,-9900,?,9,0.0,E,8,-9900,?,9,-9900,?,9,0.0,0.0,E,8
06/14/2014,08:00,298.665,1323.126,33.12,1,8,0.0,1,8,33.12,1,8,3974.4,1,8,0.0,1,8,3643.2,1,8,46.953,1,8,-9900,?,9,-9900,?,9,5.32,E,8,4.88,E,8,96.0,E,8,822.9788000000001,E,8,999.0,E,8,2.73,E,8,-9900,?,9,-9900,?,9,0.0,E,8,-9900,?,9,-9900,?,9,0.0,0.0,E,8
06/14/2014,09:00,546.665,1323.126,151.2,1,8,11.304,1,8,146.536,1,8,18144.0,1,8,1073.919,1,8,16118.967,1,8,113.055,1,8,-9900,?,9,-9900,?,9,7.83,E,8,4.93,E,8,81.0,E,8,822.9788000000001,E,8,999.0,E,8,3.47,E,8,-9900,?,9,-9900,?,9,0.0,E,8,-9900,?,9,-9900,?,9,0.0,0.0,E,8
06/14/2014,10:00,745.169,1323.126,261.06,1,8,9.439,1,8,255.747,1,8,31327.2,1,8,896.717,1,8,28132.208,1,8,144.638,1,8,-9900,?,9,-9900,?,9,9.37,E,8,4.96,E,8,73.0,E,8,822.9788000000001,E,8,999.0,E,8,4.95,E,8,-9900,?,9,-9900,?,9,0.0,E,8,-9900,?,9,-9900,?,9,0.0,0.0,E,8
06/14/2014,11:00,880.287,1323.126,344.57,1,8,17.658,1,8,332.827,1,8,41348.4,1,8,1677.472,1,8,36610.925,1,8,159.296,1,8,-9900,?,9,-9900,?,9,10.71,E,8,4.99,E,8,67.0,E,8,822.9788000000001,E,8,999.0,E,8,7.05,E,8,-9900,?,9,-9900,?,9,0.0,E,8,-9900,?,9,-9900,?,9,0.0,0.0,E,8
06/14/2014,12:00,942.731,1323.126,394.3,1,8,85.114,1,8,333.673,1,8,47316.0,1,8,8085.819,1,8,36704.076,1,8,149.111,1,8,-9900,?,9,-9900,?,9,11.78,E,8,5.01,E,8,63.0,E,8,822.9788000000001,E,8,999.0,E,8,8.86,E,8,-9900,?,9,-9900,?,9,0.0,E,8,-9900,?,9,-9900,?,9,0.0,0.0,E,8
06/14/2014,13:00,928.225,1323.126,406.4,1,8,103.764,1,8,333.628,1,8,48768.0,1,8,9857.576,1,8,36699.034,1,8,151.423,1,8,-9900,?,9,-9900,?,9,12.55,E,8,5.03,E,8,60.0,E,8,822.9788000000001,E,8,999.0,E,8,10.02,E,8,-9900,?,9,-9900,?,9,0.0,E,8,-9900,?,9,-9900,?,9,0.0,0.0,E,8
06/14/2014,14:00,837.763,1323.126,379.93,1,8,130.554,1,8,297.303,1,8,45591.6,1,8,12402.665,1,8,32703.35,1,8,149.527,1,8,-9900,?,9,-9900,?,9,13.0,E,8,5.04,E,8,58.0,E,8,822.9788000000001,E,8,999.0,E,8,10.58,E,8,-9900,?,9,-9900,?,9,0.0,E,8,-9900,?,9,-9900,?,9,0.0,0.0,E,8
06/14/2014,15:00,677.549,1323.126,316.92,1,8,139.278,1,8,245.657,1,8,38030.4,1,8,13231.403,1,8,27022.273,1,8,152.826,1,8,-9900,?,9,-9900,?,9,13.12,E,8,5.04,E,8,57.0,E,8,822.9788000000001,E,8,999.0,E,8,11.02,E,8,-9900,?,9,-9900,?,9,0.0,E,8,-9900,?,9,-9900,?,9,0.0,0.0,E,8
06/14/2014,16:00,458.633,1323.126,222.41,1,8,223.284,1,8,145.178,1,8,26689.2,1,8,21211.945,1,8,15969.563,1,8,133.601,1,8,-9900,?,9,-9900,?,9,12.79,E,8,5.04,E,8,59.0,E,8,822.9788000000001,E,8,999.0,E,8,8.03,E,8,-9900,?,9,-9900,?,9,0.0,E,8,-9900,?,9,-9900,?,9,0.0,0.0,E,8
06/14/2014,17:00,196.733,1323.126,105.96,1,8,366.868,1,8,52.073,1,8,12715.2,1,8,34852.432,1,8,5728.009,1,8,112.846,1,8,-9900,?,9,-9900,?,9,11.99,E,8,5.02,E,8,62.0,E,8,822.9788000000001,E,8,999.0,E,8,6.53,E,8,-9900,?,9,-9900,?,9,0.0,E,8,-9900,?,9,-9900,?,9,0.0,0.0,E,8
06/14/2014,18:00,0.0,1323.126,3.81,1,8,0.0,1,8,0.0,1,8,457.2,1,8,0.0,1,8,0.0,1,8,-0.0,1,8,-9900,?,9,-9900,?,9,11.37,E,8,5.01,E,8,64.0,E,8,822.9788000000001,E,8,999.0,E,8,2.87,E,8,-9900,?,9,-9900,?,9,0.0,E,8,-9900,?,9,-9900,?,9,0.0,0.0,E,8
06/14/2014,19:00,0.0,1323.126,0.0,1,8,0.0,1,8,0.0,1,8,0.0,1,8,0.0,1,8,0.0,1,8,-0.0,1,8,-9900,?,9,-9900,?,9,10.75,E,8,4.99,E,8,67.0,E,8,822.9788000000001,E,8,999.0,E,8,1.92,E,8,-9900,?,9,-9900,?,9,0.0,E,8,-9900,?,9,-9900,?,9,0.0,0.0,E,8
06/14/2014,20:00,0.0,1323.126,0.0,1,8,0.0,1,8,0.0,1,8,0.0,1,8,0.0,1,8,0.0,1,8,-0.0,1,8,-9900,?,9,-9900,?,9,10.12,E,8,4.98,E,8,70.0,E,8,822.9788000000001,E,8,999.0,E,8,0.84,E,8,-9900,?,9,-9900,?,9,0.0,E,8,-9900,?,9,-9900,?,9,0.0,0.0,E,8
06/14/2014,21:00,0.0,1323.126,0.0,1,8,0.0,1,8,0.0,1,8,0.0,1,8,0.0,1,8,0.0,1,8,-0.0,1,8,-9900,?,9,-9900,?,9,9.5,E,8,4.97,E,8,73.0,E,8,822.9788000000001,E,8,999.0,E,8,0.54,E,8,-9900,?,9,-9900,?,9,0.0,E,8,-9900,?,9,-9900,?,9,0.0,0.0,E,8
06/14/2014,22:00,0.0,1323.126,0.0,1,8,0.0,1,8,0.0,1,8,0.0,1,8,0.0,1,8,0.0,1,8,-0.0,1,8,-9900,?,9,-9900,?,9,8.88,E,8,4.95,E,8,76.0,E,8,822.9788000000001,E,8,999.0,E,8,0.54,E,8,-9900,?,9,-9900,?,9,0.0,E,8,-9900,?,9,-9900,?,9,0.0,0.0,E,8
06/14/2014,23:00,0.0,1323.126,0.0,1,8,0.0,1,8,0.0,1,8,0.0,1,8,0.0,1,8,0.0,1,8,-0.0,1,8,-9900,?,9,-9900,?,9,8.26,E,8,4.94,E,8,79.0,E,8,822.9788000000001,E,8,999.0,E,8,0.54,E,8,-9900,?,9,-9900,?,9,0.0,E,8,-9900,?,9,-9900,?,9,0.0,0.0,E,8
06/14/2014,24:00,0.0,1323.126,0.0,1,8,0.0,1,8,0.0,1,8,0.0,1,8,0.0,1,8,0.0,1,8,-0.0,1,8,-9900,?,9,-9900,?,9,7.64,E,8,6.07,E,8,89.0,E,8,822.9788000000001,E,8,999.0,E,8,2.0,E,8,-9900,?,9,-9900,?,9,0.0,E,8,-9900,?,9,-9900,?,9,0.0,0.0,E,8
06/15/2014,01:00,0.0,1323.126,0.0,1,8,0.0,1,8,0.0,1,8,0.0,1,8,0.0,1,8,0.0,1,8,-0.0,1,8,-9900,?,9,-9900,?,9,7.33,E,8,5.94,E,8,90.0,E,8,822.9788000000001,E,8,999.0,E,8,2.16,E,8,-9900,?,9,-9900,?,9,0.0,E,8,-9900,?,9,-9900,?,9,0.0,0.0,E,8
06/15/2014,02:00,0.0,1323.126,0.0,1,8,0.0,1,8,0.0,1,8,0.0,1,8,0.0,1,8,0.0,1,8,-0.0,1,8,-9900,?,9,-9900,?,9,7.02,E,8,5.81,E,8,91.0,E,8,822.9788000000001,E,8,999.0,E,8,3.03,E,8,-9900,?,9,-9900,?,9,0.0,E,8,-9900,?,9,-9900,?,9,0.0,0.0,E,8
06/15/2014,03:00,0.0,1323.126,0.0,1,8,0.0,1,8,0.0,1,8,0.0,1,8,0.0,1,8,0.0,1,8,-0.0,1,8,-9900,?,9,-9900,?,9,6.71,E,8,5.68,E,8,93.0,E,8,822.9788000000001,E,8,999.0,E,8,2.87,E,8,-9900,?,9,-9900,?,9,0.0,E,8,-9900,?,9,-9900,?,9,0.0,0.0,E,8
06/15/2014,04:00,0.0,1322.875,0.0,1,8,0.0,1,8,0.0,1,8,0.0,1,8,0.0,1,8,0.0,1,8,-0.0,1,8,-9900,?,9,-9900,?,9,6.39,E,8,5.54,E,8,94.0,E,8,822.9788000000001,E,8,999.0,E,8,2.85,E,8,-9900,?,9,-9900,?,9,0.0,E,8,-9900,?,9,-9900,?,9,0.0,0.0,E,8
06/15/2014,05:00,0.0,1322.875,0.0,1,8,0.0,1,8,0.0,1,8,0.0,1,8,0.0,1,8,0.0,1,8,-0.0,1,8,-9900,?,9,-9900,?,9,6.08,E,8,5.41,E,8,95.0,E,8,822.9788000000001,E,8,999.0,E,8,2.69,E,8,-9900,?,9,-9900,?,9,0.0,E,8,-9900,?,9,-9900,?,9,0.0,0.0,E,8
06/15/2014,06:00,0.0,1322.875,0.0,1,8,0.0,1,8,0.0,1,8,0.0,1,8,0.0,1,8,0.0,1,8,-0.0,1,8,-9900,?,9,-9900,?,9,5.84,E,8,5.31,E,8,96.0,E,8,822.9788000000001,E,8,999.0,E,8,1.23,E,8,-9900,?,9,-9900,?,9,0.0,E,8,-9900,?,9,-9900,?,9,0.0,0.0,E,8
06/15/2014,07:00,23.093,1322.875,0.0,1,8,0.0,1,8,0.0,1,8,0.0,1,8,0.0,1,8,0.0,1,8,0.0,1,8,-9900,?,9,-9900,?,9,5.64,E,8,5.22,E,8,97.0,E,8,822.9788000000001,E,8,999.0,E,8,1.09,E,8,-9900,?,9,-9900,?,9,0.0,E,8,-9900,?,9,-9900,?,9,0.0,0.0,E,8
06/15/2014,08:00,297.148,1322.875,20.08,1,8,0.0,1,8,20.08,1,8,2409.6,1,8,0.0,1,8,2208.8,1,8,28.608,1,8,-9900,?,9,-9900,?,9,5.43,E,8,5.13,E,8,97.0,E,8,822.9788000000001,E,8,999.0,E,8,1.09,E,8,-9900,?,9,-9900,?,9,0.0,E,8,-9900,?,9,-9900,?,9,0.0,0.0,E,8
06/15/2014,09:00,545.159,1322.875,92.8,1,8,0.0,1,8,92.8,1,8,11136.0,1,8,0.0,1,8,10208.0,1,8,71.782,1,8,-9900,?,9,-9900,?,9,7.52,E,8,6.02,E,8,90.0,E,8,822.9788000000001,E,8,999.0,E,8,1.09,E,8,-9900,?,9,-9900,?,9,0.0,E,8,-9900,?,9,-9900,?,9,0.0,0.0,E,8
06/15/2014,10:00,743.761,1322.875,160.57,1,8,4.904,1,8,157.814,1,8,19268.4,1,8,465.913,1,8,17359.581,1,8,89.404,1,8,-9900,?,9,-9900,?,9,8.81,E,8,6.54,E,8,85.0,E,8,822.9788000000001,E,8,999.0,E,8,1.09,E,8,-9900,?,9,-9900,?,9,0.0,E,8,-9900,?,9,-9900,?,9,0.0,0.0,E,8
06/15/2014,11:00,879.052,1322.875,212.12,1,8,3.404,1,8,209.859,1,8,25454.4,1,8,323.365,1,8,23084.488,1,8,100.564,1,8,-9900,?,9,-9900,?,9,9.93,E,8,6.98,E,8,81.0,E,8,822.9788000000001,E,8,999.0,E,8,1.09,E,8,-9900,?,9,-9900,?,9,0.0,E,8,-9900,?,9,-9900,?,9,0.0,0.0,E,8
06/15/2014,12:00,941.733,1322.875,242.86,1,8,15.775,1,8,231.633,1,8,29143.2,1,8,1498.597,1,8,25479.68,1,8,103.602,1,8,-9900,?,9,-9900,?,9,10.83,E,8,7.32,E,8,78.0,E,8,822.9788000000001,E,8,999.0,E,8,1.09,E,8,-9900,?,9,-9900,?,9,0.0,E,8,-9900,?,9,-9900,?,9,0.0,0.0,E,8
06/15/2014,13:00,927.511,1322.875,250.4,1,8,17.468,1,8,238.156,1,8,30048.0,1,8,1659.442,1,8,26197.21,1,8,108.154,1,8,-9900,?,9,-9900,?,9,11.48,E,8,7.57,E,8,76.0,E,8,822.9788000000001,E,8,999.0,E,8,1.26,E,8,-9900,?,9,-9900,?,9,0.0,E,8,-9900,?,9,-9900,?,9,0.0,0.0,E,8
06/15/2014,14:00,837.362,1322.875,234.17,1,8,5.053,1,8,230.973,1,8,28100.4,1,8,480.033,1,8,25407.023,1,8,116.2,1,8,-9900,?,9,-9900,?,9,11.86,E,8,7.71,E,8,75.0,E,8,822.9788000000001,E,8,999.0,E,8,1.15,E,8,-9900,?,9,-9900,?,9,0.0,E,8,-9900,?,9,-9900,?,9,0.0,0.0,E,8
06/15/2014,15:00,677.465,1322.875,195.4,1,8,7.663,1,8,191.479,1,8,23448.0,1,8,728.008,1,8,21062.664,1,8,119.113,1,8,-9900,?,9,-9900,?,9,11.96,E,8,7.74,E,8,75.0,E,8,822.9788000000001,E,8,999.0,E,8,1.37,E,8,-9900,?,9,-9900,?,9,0.0,E,8,-9900,?,9,-9900,?,9,0.0,0.0,E,8
06/15/2014,16:00,458.852,1322.875,137.2,1,8,19.484,1,8,130.456,1,8,16464.0,1,8,1850.952,1,8,14350.185,1,8,119.973,1,8,-9900,?,9,-9900,?,9,11.69,E,8,7.64,E,8,76.0,E,8,822.9788000000001,E,8,999.0,E,8,1.09,E,8,-9900,?,9,-9900,?,9,0.0,E,8,-9900,?,9,-9900,?,9,0.0,0.0,E,8
06/15/2014,17:00,197.212,1322.875,65.45,1,8,44.89,1,8,58.839,1,8,7854.0,1,8,4264.554,1,8,6472.249,1,8,127.166,1,8,-9900,?,9,-9900,?,9,11.02,E,8,7.39,E,8,78.0,E,8,822.9788000000001,E,8,999.0,E,8,1.09,E,8,-9900,?,9,-9900,?,9,0.0,E,8,-9900,?,9,-9900,?,9,0.0,0.0,E,8
06/15/2014,18:00,0.0,1322.875,2.4,1,8,0.0,1,8,0.0,1,8,288.0,1,8,0.0,1,8,0.0,1,8,-0.0,1,8,-9900,?,9,-9900,?,9,10.37,E,8,7.15,E,8,80.0,E,8,822.9788000000001,E,8,999.0,E,8,1.09,E,8,-9900,?,9,-9900,?,9,0.0,E,8,-9900,?,9,-9900,?,9,0.0,0.0,E,8
06/15/2014,19:00,0.0,1322.875,0.0,1,8,0.0,1,8,0.0,1,8,0.0,1,8,0.0,1,8,0.0,1,8,-0.0,1,8,-9900,?,9,-9900,?,9,9.72,E,8,6.9,E,8,82.0,E,8,822.9788000000001,E,8,999.0,E,8,1.09,E,8,-9900,?,9,-9900,?,9,0.0,E,8,-9900,?,9,-9900,?,9,0.0,0.0,E,8
06/15/2014,20:00,0.0,1322.875,0.0,1,8,0.0,1,8,0.0,1,8,0.0,1,8,0.0,1,8,0.0,1,8,-0.0,1,8,-9900,?,9,-9900,?,9,9.07,E,8,6.64,E,8,84.0,E,8,822.9788000000001,E,8,999.0,E,8,1.09,E,8,-9900,?,9,-9900,?,9,0.0,E,8,-9900,?,9,-9900,?,9,0.0,0.0,E,8
06/15/2014,21:00,0.0,1322.875,0.0,1,8,0.0,1,8,0.0,1,8,0.0,1,8,0.0,1,8,0.0,1,8,-0.0,1,8,-9900,?,9,-9900,?,9,8.41,E,8,6.38,E,8,87.0,E,8,822.9788000000001,E,8,999.0,E,8,2.3,E,8,-9900,?,9,-9900,?,9,0.0,E,8,-9900,?,9,-9900,?,9,0.0,0.0,E,8
06/15/2014,22:00,0.0,1322.875,0.0,1,8,0.0,1,8,0.0,1,8,0.0,1,8,0.0,1,8,0.0,1,8,-0.0,1,8,-9900,?,9,-9900,?,9,7.76,E,8,6.11,E,8,89.0,E,8,822.9788000000001,E,8,999.0,E,8,2.64,E,8,-9900,?,9,-9900,?,9,0.0,E,8,-9900,?,9,-9900,?,9,0.0,0.0,E,8
06/15/2014,23:00,0.0,1322.875,0.0,1,8,0.0,1,8,0.0,1,8,0.0,1,8,0.0,1,8,0.0,1,8,-0.0,1,8,-9900,?,9,-9900,?,9,7.11,E,8,5.85,E,8,91.0,E,8,822.9788000000001,E,8,999.0,E,8,2.72,E,8,-9900,?,9,-9900,?,9,0.0,E,8,-9900,?,9,-9900,?,9,0.0,0.0,E,8
06/15/2014,24:00,0.0,1322.875,0.0,1,8,0.0,1,8,0.0,1,8,0.0,1,8,0.0,1,8,0.0,1,8,-0.0,1,8,-9900,?,9,-9900,?,9,6.46,E,8,1.77,E,8,71.0,E,8,822.9788000000001,E,8,999.0,E,8,0.37,E,8,-9900,?,9,-9900,?,9,0.0,E,8,-9900,?,9,-9900,?,9,0.0,0.0,E,8
06/16/2014,01:00,0.0,1322.875,0.0,1,8,0.0,1,8,0.0,1,8,0.0,1,8,0.0,1,8,0.0,1,8,-0.0,1,8,-9900,?,9,-9900,?,9,6.13,E,8,2.1,E,8,75.0,E,8,822.9788000000001,E,8,999.0,E,8,0.37,E,8,-9900,?,9,-9900,?,9,0.0,E,8,-9900,?,9,-9900,?,9,0.0,0.0,E,8
06/16/2014,02:00,0.0,1322.875,0.0,1,8,0.0,1,8,0.0,1,8,0.0,1,8,0.0,1,8,0.0,1,8,-0.0,1,8,-9900,?,9,-9900,?,9,5.81,E,8,2.41,E,8,78.0,E,8,822.9788000000001,E,8,999.0,E,8,0.37,E,8,-9900,?,9,-9900,?,9,0.0,E,8,-9900,?,9,-9900,?,9,0.0,0.0,E,8
06/16/2014,03:00,0.0,1322.875,0.0,1,8,0.0,1,8,0.0,1,8,0.0,1,8,0.0,1,8,0.0,1,8,-0.0,1,8,-9900,?,9,-9900,?,9,5.48,E,8,2.72,E,8,82.0,E,8,822.9788000000001,E,8,999.0,E,8,0.37,E,8,-9900,?,9,-9900,?,9,0.0,E,8,-9900,?,9,-9900,?,9,0.0,0.0,E,8
06/16/2014,04:00,0.0,1322.635,0.0,1,8,0.0,1,8,0.0,1,8,0.0,1,8,0.0,1,8,0.0,1,8,-0.0,1,8,-9900,?,9,-9900,?,9,5.16,E,8,3.02,E,8,86.0,E,8,822.9788000000001,E,8,999.0,E,8,0.37,E,8,-9900,?,9,-9900,?,9,0.0,E,8,-9900,?,9,-9900,?,9,0.0,0.0,E,8
06/16/2014,05:00,0.0,1322.635,0.0,1,8,0.0,1,8,0.0,1,8,0.0,1,8,0.0,1,8,0.0,1,8,-0.0,1,8,-9900,?,9,-9900,?,9,4.83,E,8,3.32,E,8,89.0,E,8,822.9788000000001,E,8,999.0,E,8,0.37,E,8,-9900,?,9,-9900,?,9,0.0,E,8,-9900,?,9,-9900,?,9,0.0,0.0,E,8
06/16/2014,06:00,0.0,1322.635,0.0,1,8,0.0,1,8,0.0,1,8,0.0,1,8,0.0,1,8,0.0,1,8,-0.0,1,8,-9900,?,9,-9900,?,9,4.58,E,8,3.55,E,8,93.0,E,8,822.9788000000001,E,8,999.0,E,8,0.37,E,8,-9900,?,9,-9900,?,9,0.0,E,8,-9900,?,9,-9900,?,9,0.0,0.0,E,8
06/16/2014,07:00,21.85,1322.635,0.0,1,8,0.0,1,8,0.0,1,8,0.0,1,8,0.0,1,8,0.0,1,8,0.0,1,8,-9900,?,9,-9900,?,9,4.36,E,8,3.75,E,8,95.0,E,8,822.9788000000001,E,8,999.0,E,8,0.37,E,8,-9900,?,9,-9900,?,9,0.0,E,8,-9900,?,9,-9900,?,9,0.0,0.0,E,8
06/16/2014,08:00,295.701,1322.635,42.07,1,8,0.0,1,8,42.07,1,8,5048.4,1,8,0.0,1,8,4627.7,1,8,60.223,1,8,-9900,?,9,-9900,?,9,4.15,E,8,3.93,E,8,98.0,E,8,822.9788000000001,E,8,999.0,E,8,0.37,E,8,-9900,?,9,-9900,?,9,0.0,E,8,-9900,?,9,-9900,?,9,0.0,0.0,E,8
06/16/2014,09:00,543.74,1322.635,196.56,1,8,29.238,1,8,184.558,1,8,23587.2,1,8,2777.564,1,8,20301.333,1,8,143.104,1,8,-9900,?,9,-9900,?,9,7.22,E,8,0.99,E,8,64.0,E,8,822.9788000000001,E,8,999.0,E,8,0.59,E,8,-9900,?,9,-9900,?,9,0.0,E,8,-9900,?,9,-9900,?,9,0.0,0.0,E,8
06/16/2014,10:00,742.453,1322.635,340.71,1,8,71.5,1,8,300.599,1,8,40885.2,1,8,6792.526,1,8,33065.927,1,8,170.563,1,8,-9900,?,9,-9900,?,9,9.13,E,8,-1.03,E,8,48.0,E,8,822.9788000000001,E,8,999.0,E,8,1.04,E,8,-9900,?,9,-9900,?,9,0.0,E,8,-9900,?,9,-9900,?,9,0.0,0.0,E,8
06/16/2014,11:00,877.928,1322.635,450.46,1,8,90.561,1,8,390.37,1,8,54055.2,1,8,8603.338,1,8,42940.732,1,8,187.271,1,8,-9900,?,9,-9900,?,9,10.79,E,8,-2.95,E,8,36.0,E,8,822.9788000000001,E,8,999.0,E,8,1.85,E,8,-9900,?,9,-9900,?,9,0.0,E,8,-9900,?,9,-9900,?,9,0.0,0.0,E,8
06/16/2014,12:00,940.852,1322.635,515.98,1,8,147.193,1,8,411.305,1,8,61917.6,1,8,13983.313,1,8,45243.546,1,8,184.102,1,8,-9900,?,9,-9900,?,9,12.12,E,8,-4.72,E,8,29.0,E,8,822.9788000000001,E,8,999.0,E,8,2.59,E,8,-9900,?,9,-9900,?,9,0.0,E,8,-9900,?,9,-9900,?,9,0.0,0.0,E,8
06/16/2014,13:00,926.916,1322.635,532.19,1,8,240.252,1,8,363.87,1,8,63862.8,1,8,22823.941,1,8,40025.721,1,8,165.321,1,8,-9900,?,9,-9900,?,9,13.08,E,8,-6.18,E,8,24.0,E,8,822.9788000000001,E,8,999.0,E,8,2.5,E,8,-9900,?,9,-9900,?,9,0.0,E,8,-9900,?,9,-9900,?,9,0.0,0.0,E,8
06/16/2014,14:00,837.076,1322.635,497.86,1,8,294.49,1,8,311.563,1,8,59743.2,1,8,27976.587,1,8,34271.976,1,8,156.77,1,8,-9900,?,9,-9900,?,9,13.63,E,8,-7.09,E,8,21.0,E,8,822.9788000000001,E,8,999.0,E,8,3.05,E,8,-9900,?,9,-9900,?,9,0.0,E,8,-9900,?,9,-9900,?,9,0.0,0.0,E,8
06/16/2014,15:00,677.489,1322.635,415.61,1,8,374.269,1,8,224.057,1,8,49873.2,1,8,35555.531,1,8,24646.293,1,8,139.349,1,8,-9900,?,9,-9900,?,9,13.79,E,8,-7.37,E,8,20.0,E,8,822.9788000000001,E,8,999.0,E,8,2.6,E,8,-9900,?,9,-9900,?,9,0.0,E,8,-9900,?,9,-9900,?,9,0.0,0.0,E,8
06/16/2014,16:00,459.166,1322.635,292.02,1,8,497.081,1,8,119.819,1,8,35042.4,1,8,47222.668,1,8,13180.06,1,8,110.094,1,8,-9900,?,9,-9900,?,9,13.39,E,8,-6.68,E,8,22.0,E,8,822.9788000000001,E,8,999.0,E,8,1.48,E,8,-9900,?,9,-9900,?,9,0.0,E,8,-9900,?,9,-9900,?,9,0.0,0.0,E,8
06/16/2014,17:00,197.772,1322.635,139.55,1,8,413.095,1,8,78.522,1,8,16746.0,1,8,39244.006,1,8,8637.375,1,8,169.183,1,8,-9900,?,9,-9900,?,9,12.4,E,8,-5.13,E,8,27.0,E,8,822.9788000000001,E,8,999.0,E,8,0.73,E,8,-9900,?,9,-9900,?,9,0.0,E,8,-9900,?,9,-9900,?,9,0.0,0.0,E,8
06/16/2014,18:00,0.0,1322.635,5.25,1,8,0.0,1,8,0.0,1,8,630.0,1,8,0.0,1,8,0.0,1,8,-0.0,1,8,-9900,?,9,-9900,?,9,11.73,E,8,-4.18,E,8,31.0,E,8,822.9788000000001,E,8,999.0,E,8,0.4,E,8,-9900,?,9,-9900,?,9,0.0,E,8,-9900,?,9,-9900,?,9,0.0,0.0,E,8
06/16/2014,19:00,0.0,1322.635,0.0,1,8,0.0,1,8,0.0,1,8,0.0,1,8,0.0,1,8,0.0,1,8,-0.0,1,8,-9900,?,9,-9900,?,9,11.07,E,8,-3.3,E,8,35.0,E,8,822.9788000000001,E,8,999.0,E,8,0.37,E,8,-9900,?,9,-9900,?,9,0.0,E,8,-9900,?,9,-9900,?,9,0.0,0.0,E,8
06/16/2014,20:00,0.0,1322.635,0.0,1,8,0.0,1,8,0.0,1,8,0.0,1,8,0.0,1,8,0.0,1,8,-0.0,1,8,-9900,?,9,-9900,?,9,10.4,E,8,-2.47,E,8,39.0,E,8,822.9788000000001,E,8,999.0,E,8,0.37,E,8,-9900,?,9,-9900,?,9,0.0,E,8,-9900,?,9,-9900,?,9,0.0,0.0,E,8
06/16/2014,21:00,0.0,1322.635,0.0,1,8,0.0,1,8,0.0,1,8,0.0,1,8,0.0,1,8,0.0,1,8,-0.0,1,8,-9900,?,9,-9900,?,9,9.74,E,8,-1.7,E,8,43.0,E,8,822.9788000000001,E,8,999.0,E,8,0.37,E,8,-9900,?,9,-9900,?,9,0.0,E,8,-9900,?,9,-9900,?,9,0.0,0.0,E,8
06/16/2014,22:00,0.0,1322.635,0.0,1,8,0.0,1,8,0.0,1,8,0.0,1,8,0.0,1,8,0.0,1,8,-0.0,1,8,-9900,?,9,-9900,?,9,9.07,E,8,-0.97,E,8,48.0,E,8,822.9788000000001,E,8,999.0,E,8,0.37,E,8,-9900,?,9,-9900,?,9,0.0,E,8,-9900,?,9,-9900,?,9,0.0,0.0,E,8
06/16/2014,23:00,0.0,1322.635,0.0,1,8,0.0,1,8,0.0,1,8,0.0,1,8,0.0,1,8,0.0,1,8,-0.0,1,8,-9900,?,9,-9900,?,9,8.41,E,8,-0.28,E,8,54.0,E,8,822.9788000000001,E,8,999.0,E,8,0.37,E,8,-9900,?,9,-9900,?,9,0.0,E,8,-9900,?,9,-9900,?,9,0.0,0.0,E,8
06/16/2014,24:00,0.0,1322.635,0.0,1,8,0.0,1,8,0.0,1,8,0.0,1,8,0.0,1,8,0.0,1,8,-0.0,1,8,-9900,?,9,-9900,?,9,7.74,E,8,4.9,E,8,82.0,E,8,822.9788000000001,E,8,999.0,E,8,0.9,E,8,-9900,?,9,-9900,?,9,0.0,E,8,-9900,?,9,-9900,?,9,0.0,0.0,E,8
06/17/2014,01:00,0.0,1322.635,0.0,1,8,0.0,1,8,0.0,1,8,0.0,1,8,0.0,1,8,0.0,1,8,-0.0,1,8,-9900,?,9,-9900,?,9,7.41,E,8,4.87,E,8,83.0,E,8,822.9788000000001,E,8,999.0,E,8,0.9,E,8,-9900,?,9,-9900,?,9,0.0,E,8,-9900,?,9,-9900,?,9,0.0,0.0,E,8
06/17/2014,02:00,0.0,1322.635,0.0,1,8,0.0,1,8,0.0,1,8,0.0,1,8,0.0,1,8,0.0,1,8,-0.0,1,8,-9900,?,9,-9900,?,9,7.07,E,8,4.82,E,8,85.0,E,8,822.9788000000001,E,8,999.0,E,8,0.9,E,8,-9900,?,9,-9900,?,9,0.0,E,8,-9900,?,9,-9900,?,9,0.0,0.0,E,8
06/17/2014,03:00,0.0,1322.635,0.0,1,8,0.0,1,8,0.0,1,8,0.0,1,8,0.0,1,8,0.0,1,8,-0.0,1,8,-9900,?,9,-9900,?,9,6.74,E,8,4.78,E,8,87.0,E,8,822.9788000000001,E,8,999.0,E,8,0.9,E,8,-9900,?,9,-9900,?,9,0.0,E,8,-9900,?,9,-9900,?,9,0.0,0.0,E,8
06/17/2014,04:00,0.0,1322.408,0.0,1,8,0.0,1,8,0.0,1,8,0.0,1,8,0.0,1,8,0.0,1,8,-0.0,1,8,-9900,?,9,-9900,?,9,6.41,E,8,4.74,E,8,89.0,E,8,822.9788000000001,E,8,999.0,E,8,0.9,E,8,-9900,?,9,-9900,?,9,0.0,E,8,-9900,?,9,-9900,?,9,0.0,0.0,E,8
06/17/2014,05:00,0.0,1322.408,0.0,1,8,0.0,1,8,0.0,1,8,0.0,1,8,0.0,1,8,0.0,1,8,-0.0,1,8,-9900,?,9,-9900,?,9,6.07,E,8,4.7,E,8,90.0,E,8,822.9788000000001,E,8,999.0,E,8,0.9,E,8,-9900,?,9,-9900,?,9,0.0,E,8,-9900,?,9,-9900,?,9,0.0,0.0,E,8
06/17/2014,06:00,0.0,1322.408,0.0,1,8,0.0,1,8,0.0,1,8,0.0,1,8,0.0,1,8,0.0,1,8,-0.0,1,8,-9900,?,9,-9900,?,9,5.82,E,8,4.67,E,8,92.0,E,8,822.9788000000001,E,8,999.0,E,8,1.26,E,8,-9900,?,9,-9900,?,9,0.0,E,8,-9900,?,9,-9900,?,9,0.0,0.0,E,8
06/17/2014,07:00,20.66,1322.408,0.0,1,8,0.0,1,8,0.0,1,8,0.0,1,8,0.0,1,8,0.0,1,8,0.0,1,8,-9900,?,9,-9900,?,9,5.6,E,8,4.65,E,8,93.0,E,8,822.9788000000001,E,8,999.0,E,8,1.01,E,8,-9900,?,9,-9900,?,9,0.0,E,8,-9900,?,9,-9900,?,9,0.0,0.0,E,8
06/17/2014,08:00,294.327,1322.408,22.98,1,8,0.0,1,8,22.98,1,8,2757.6,1,8,0.0,1,8,2527.8,1,8,33.045,1,8,-9900,?,9,-9900,?,9,5.38,E,8,4.62,E,8,94.0,E,8,822.9788000000001,E,8,999.0,E,8,0.9,E,8,-9900,?,9,-9900,?,9,0.0,E,8,-9900,?,9,-9900,?,9,0.0,0.0,E,8
06/17/2014,09:00,542.41,1322.408,108.52,1,8,0.0,1,8,108.52,1,8,13022.4,1,8,0.0,1,8,11937.2,1,8,84.338,1,8,-9900,?,9,-9900,?,9,7.86,E,8,4.92,E,8,81.0,E,8,822.9788000000001,E,8,999.0,E,8,0.9,E,8,-9900,?,9,-9900,?,9,0.0,E,8,-9900,?,9,-9900,?,9,0.0,0.0,E,8
06/17/2014,10:00,741.247,1322.408,188.44,1,8,4.516,1,8,185.91,1,8,22612.8,1,8,428.998,1,8,20450.145,1,8,105.641,1,8,-9900,?,9,-9900,?,9,9.41,E,8,5.1,E,8,74.0,E,8,822.9788000000001,E,8,999.0,E,8,0.9,E,8,-9900,?,9,-9900,?,9,0.0,E,8,-9900,?,9,-9900,?,9,0.0,0.0,E,8
06/17/2014,11:00,876.916,1322.408,249.32,1,8,5.387,1,8,245.749,1,8,29918.4,1,8,511.799,1,8,27032.376,1,8,118.008,1,8,-9900,?,9,-9900,?,9,10.75,E,8,5.26,E,8,68.0,E,8,822.9788000000001,E,8,999.0,E,8,0.9,E,8,-9900,?,9,-9900,?,9,0.0,E,8,-9900,?,9,-9900,?,9,0.0,0.0,E,8
06/17/2014,12:00,940.089,1322.408,285.72,1,8,6.648,1,8,280.995,1,8,34286.4,1,8,631.557,1,8,30909.491,1,8,125.855,1,8,-9900,?,9,-9900,?,9,11.84,E,8,5.39,E,8,64.0,E,8,822.9788000000001,E,8,999.0,E,8,0.9,E,8,-9900,?,9,-9900,?,9,0.0,E,8,-9900,?,9,-9900,?,9,0.0,0.0,E,8
06/17/2014,13:00,926.44,1322.408,294.8,1,8,7.761,1,8,289.365,1,8,35376.0,1,8,737.25,1,8,31830.135,1,8,131.515,1,8,-9900,?,9,-9900,?,9,12.61,E,8,5.48,E,8,61.0,E,8,822.9788000000001,E,8,999.0,E,8,0.9,E,8,-9900,?,9,-9900,?,9,0.0,E,8,-9900,?,9,-9900,?,9,0.0,0.0,E,8
06/17/2014,14:00,836.905,1322.408,275.88,1,8,9.225,1,8,270.044,1,8,33105.6,1,8,876.405,1,8,29704.861,1,8,135.883,1,8,-9900,?,9,-9900,?,9,13.07,E,8,5.53,E,8,60.0,E,8,822.9788000000001,E,8,999.0,E,8,0.9,E,8,-9900,?,9,-9900,?,9,0.0,E,8,-9900,?,9,-9900,?,9,0.0,0.0,E,8
06/17/2014,15:00,677.621,1322.408,230.4,1,8,16.302,1,8,222.053,1,8,27648.0,1,8,1548.695,1,8,24425.88,1,8,138.052,1,8,-9900,?,9,-9900,?,9,13.2,E,8,5.54,E,8,59.0,E,8,822.9788000000001,E,8,999.0,E,8,0.9,E,8,-9900,?,9,-9900,?,9,0.0,E,8,-9900,?,9,-9900,?,9,0.0,0.0,E,8
06/17/2014,16:00,459.576,1322.408,162.0,1,8,59.762,1,8,141.275,1,8,19440.0,1,8,5677.37,1,8,15540.236,1,8,129.671,1,8,-9900,?,9,-9900,?,9,12.87,E,8,5.51,E,8,60.0,E,8,822.9788000000001,E,8,999.0,E,8,0.9,E,8,-9900,?,9,-9900,?,9,0.0,E,8,-9900,?,9,-9900,?,9,0.0,0.0,E,8
06/17/2014,17:00,198.412,1322.408,77.57,1,8,132.988,1,8,57.855,1,8,9308.4,1,8,12633.821,1,8,6364.008,1,8,124.221,1,8,-9900,?,9,-9900,?,9,12.08,E,8,5.42,E,8,63.0,E,8,822.9788000000001,E,8,999.0,E,8,0.9,E,8,-9900,?,9,-9900,?,9,0.0,E,8,-9900,?,9,-9900,?,9,0.0,0.0,E,8
06/17/2014,18:00,0.0,1322.408,3.0,1,8,0.0,1,8,0.0,1,8,360.0,1,8,0.0,1,8,0.0,1,8,-0.0,1,8,-9900,?,9,-9900,?,9,11.54,E,8,5.35,E,8,65.0,E,8,822.9788000000001,E,8,999.0,E,8,0.9,E,8,-9900,?,9,-9900,?,9,0.0,E,8,-9900,?,9,-9900,?,9,0.0,0.0,E,8
06/17/2014,19:00,0.0,1322.408,0.0,1,8,0.0,1,8,0.0,1,8,0.0,1,8,0.0,1,8,0.0,1,8,-0.0,1,8,-9900,?,9,-9900,?,9,11.0,E,8,5.29,E,8,67.0,E,8,822.9788000000001,E,8,999.0,E,8,0.9,E,8,-9900,?,9,-9900,?,9,0.0,E,8,-9900,?,9,-9900,?,9,0.0,0.0,E,8
06/17/2014,20:00,0.0,1322.408,0.0,1,8,0.0,1,8,0.0,1,8,0.0,1,8,0.0,1,8,0.0,1,8,-0.0,1,8,-9900,?,9,-9900,?,9,10.46,E,8,5.23,E,8,70.0,E,8,822.9788000000001,E,8,999.0,E,8,0.9,E,8,-9900,?,9,-9900,?,9,0.0,E,8,-9900,?,9,-9900,?,9,0.0,0.0,E,8
06/17/2014,21:00,0.0,1322.408,0.0,1,8,0.0,1,8,0.0,1,8,0.0,1,8,0.0,1,8,0.0,1,8,-0.0,1,8,-9900,?,9,-9900,?,9,9.92,E,8,5.16,E,8,72.0,E,8,822.9788000000001,E,8,999.0,E,8,0.9,E,8,-9900,?,9,-9900,?,9,0.0,E,8,-9900,?,9,-9900,?,9,0.0,0.0,E,8
06/17/2014,22:00,0.0,1322.408,0.0,1,8,0.0,1,8,0.0,1,8,0.0,1,8,0.0,1,8,0.0,1,8,-0.0,1,8,-9900,?,9,-9900,?,9,9.38,E,8,5.1,E,8,74.0,E,8,822.9788000000001,E,8,999.0,E,8,0.9,E,8,-9900,?,9,-9900,?,9,0.0,E,8,-9900,?,9,-9900,?,9,0.0,0.0,E,8
06/17/2014,23:00,0.0,1322.408,0.0,1,8,0.0,1,8,0.0,1,8,0.0,1,8,0.0,1,8,0.0,1,8,-0.0,1,8,-9900,?,9,-9900,?,9,8.84,E,8,5.04,E,8,77.0,E,8,822.9788000000001,E,8,999.0,E,8,0.9,E,8,-9900,?,9,-9900,?,9,0.0,E,8,-9900,?,9,-9900,?,9,0.0,0.0,E,8
06/17/2014,24:00,0.0,1322.408,0.0,1,8,0.0,1,8,0.0,1,8,0.0,1,8,0.0,1,8,0.0,1,8,-0.0,1,8,-9900,?,9,-9900,?,9,8.3,E,8,5.31,E,8,81.0,E,8,822.9788000000001,E,8,999.0,E,8,0.55,E,8,-9900,?,9,-9900,?,9,0.0,E,8,-9900,?,9,-9900,?,9,0.0,0.0,E,8
06/18/2014,01:00,0.0,1322.408,0.0,1,8,0.0,1,8,0.0,1,8,0.0,1,8,0.0,1,8,0.0,1,8,-0.0,1,8,-9900,?,9,-9900,?,9,8.03,E,8,5.42,E,8,83.0,E,8,822.9788000000001,E,8,999.0,E,8,0.55,E,8,-9900,?,9,-9900,?,9,0.0,E,8,-9900,?,9,-9900,?,9,0.0,0.0,E,8
06/18/2014,02:00,0.0,1322.408,0.0,1,8,0.0,1,8,0.0,1,8,0.0,1,8,0.0,1,8,0.0,1,8,-0.0,1,8,-9900,?,9,-9900,?,9,7.75,E,8,5.53,E,8,85.0,E,8,822.9788000000001,E,8,999.0,E,8,0.55,E,8,-9900,?,9,-9900,?,9,0.0,E,8,-9900,?,9,-9900,?,9,0.0,0.0,E,8
06/18/2014,03:00,0.0,1322.408,0.0,1,8,0.0,1,8,0.0,1,8,0.0,1,8,0.0,1,8,0.0,1,8,-0.0,1,8,-9900,?,9,-9900,?,9,7.48,E,8,5.63,E,8,88.0,E,8,822.9788000000001,E,8,999.0,E,8,0.55,E,8,-9900,?,9,-9900,?,9,0.0,E,8,-9900,?,9,-9900,?,9,0.0,0.0,E,8
06/18/2014,04:00,0.0,1322.194,0.0,1,8,0.0,1,8,0.0,1,8,0.0,1,8,0.0,1,8,0.0,1,8,-0.0,1,8,-9900,?,9,-9900,?,9,7.21,E,8,5.74,E,8,90.0,E,8,822.9788000000001,E,8,999.0,E,8,0.55,E,8,-9900,?,9,-9900,?,9,0.0,E,8,-9900,?,9,-9900,?,9,0.0,0.0,E,8
06/18/2014,05:00,0.0,1322.194,0.0,1,8,0.0,1,8,0.0,1,8,0.0,1,8,0.0,1,8,0.0,1,8,-0.0,1,8,-9900,?,9,-9900,?,9,6.94,E,8,5.85,E,8,92.0,E,8,822.9788000000001,E,8,999.0,E,8,0.55,E,8,-9900,?,9,-9900,?,9,0.0,E,8,-9900,?,9,-9900,?,9,0.0,0.0,E,8
06/18/2014,06:00,0.0,1322.194,0.0,1,8,0.0,1,8,0.0,1,8,0.0,1,8,0.0,1,8,0.0,1,8,-0.0,1,8,-9900,?,9,-9900,?,9,6.73,E,8,5.93,E,8,94.0,E,8,822.9788000000001,E,8,999.0,E,8,0.55,E,8,-9900,?,9,-9900,?,9,0.0,E,8,-9900,?,9,-9900,?,9,0.0,0.0,E,8
06/18/2014,07:00,19.523,1322.194,0.0,1,8,0.0,1,8,0.0,1,8,0.0,1,8,0.0,1,8,0.0,1,8,0.0,1,8,-9900,?,9,-9900,?,9,6.56,E,8,5.99,E,8,96.0,E,8,822.9788000000001,E,8,999.0,E,8,0.55,E,8,-9900,?,9,-9900,?,9,0.0,E,8,-9900,?,9,-9900,?,9,0.0,0.0,E,8
06/18/2014,08:00,293.027,1322.194,33.23,1,8,0.0,1,8,33.23,1,8,3987.6,1,8,0.0,1,8,3655.3,1,8,47.991,1,8,-9900,?,9,-9900,?,9,6.38,E,8,6.06,E,8,97.0,E,8,822.9788000000001,E,8,999.0,E,8,0.55,E,8,-9900,?,9,-9900,?,9,0.0,E,8,-9900,?,9,-9900,?,9,0.0,0.0,E,8
06/18/2014,09:00,541.169,1322.194,206.96,1,8,83.762,1,8,172.726,1,8,24835.2,1,8,7957.392,1,8,18999.875,1,8,134.524,1,8,-9900,?,9,-9900,?,9,9.8,E,8,4.69,E,8,70.0,E,8,822.9788000000001,E,8,999.0,E,8,0.55,E,8,-9900,?,9,-9900,?,9,0.0,E,8,-9900,?,9,-9900,?,9,0.0,0.0,E,8
06/18/2014,10:00,740.144,1322.194,481.87,1,8,176.602,1,8,383.074,1,8,57824.4,1,8,16777.166,1,8,42138.19,1,8,217.967,1,8,-9900,?,9,-9900,?,9,13.24,E,8,3.18,E,8,50.0,E,8,822.9788000000001,E,8,999.0,E,8,0.55,E,8,-9900,?,9,-9900,?,9,0.0,E,8,-9900,?,9,-9900,?,9,0.0,0.0,E,8
06/18/2014,11:00,876.016,1322.194,189.31,1,8,1.164,1,8,188.539,1,8,22717.2,1,8,110.548,1,8,20739.324,1,8,90.615,1,8,-9900,?,9,-9900,?,9,12.87,E,8,3.35,E,8,52.0,E,8,822.9788000000001,E,8,999.0,E,8,0.82,E,8,-9900,?,9,-9900,?,9,0.0,E,8,-9900,?,9,-9900,?,9,0.0,0.0,E,8
06/18/2014,12:00,939.444,1322.194,348.01,1,8,18.658,1,8,334.757,1,8,41761.2,1,8,1772.551,1,8,36823.231,1,8,150.013,1,8,-9900,?,9,-9900,?,9,13.56,E,8,3.03,E,8,48.0,E,8,822.9788000000001,E,8,999.0,E,8,1.69,E,8,-9900,?,9,-9900,?,9,0.0,E,8,-9900,?,9,-9900,?,9,0.0,0.0,E,8
06/18/2014,13:00,926.083,1322.194,422.19,1,8,89.083,1,8,359.814,1,8,50662.8,1,8,8462.913,1,8,39579.523,1,8,163.571,1,8,-9900,?,9,-9900,?,9,14.37,E,8,2.65,E,8,45.0,E,8,822.9788000000001,E,8,999.0,E,8,2.09,E,8,-9900,?,9,-9900,?,9,0.0,E,8,-9900,?,9,-9900,?,9,0.0,0.0,E,8
06/18/2014,14:00,836.849,1322.194,404.38,1,8,168.017,1,8,298.084,1,8,48525.6,1,8,15961.658,1,8,32789.275,1,8,149.978,1,8,-9900,?,9,-9900,?,9,14.87,E,8,2.4,E,8,42.0,E,8,822.9788000000001,E,8,999.0,E,8,2.74,E,8,-9900,?,9,-9900,?,9,0.0,E,8,-9900,?,9,-9900,?,9,0.0,0.0,E,8
06/18/2014,15:00,677.859,1322.194,337.87,1,8,177.606,1,8,246.89,1,8,40544.4,1,8,16872.574,1,8,27157.911,1,8,153.414,1,8,-9900,?,9,-9900,?,9,15.02,E,8,2.33,E,8,42.0,E,8,822.9788000000001,E,8,999.0,E,8,2.7,E,8,-9900,?,9,-9900,?,9,0.0,E,8,-9900,?,9,-9900,?,9,0.0,0.0,E,8
06/18/2014,16:00,460.08,1322.194,237.75,1,8,292.074,1,8,136.332,1,8,28530.0,1,8,27747.069,1,8,14996.489,1,8,124.975,1,8,-9900,?,9,-9900,?,9,14.67,E,8,2.5,E,8,43.0,E,8,822.9788000000001,E,8,999.0,E,8,1.88,E,8,-9900,?,9,-9900,?,9,0.0,E,8,-9900,?,9,-9900,?,9,0.0,0.0,E,8
06/18/2014,17:00,199.13,1322.194,114.08,1,8,343.019,1,8,63.031,1,8,13689.6,1,8,32586.846,1,8,6933.359,1,8,134.812,1,8,-9900,?,9,-9900,?,9,13.78,E,8,2.93,E,8,47.0,E,8,822.9788000000001,E,8,999.0,E,8,0.87,E,8,-9900,?,9,-9900,?,9,0.0,E,8,-9900,?,9,-9900,?,9,0.0,0.0,E,8
06/18/2014,18:00,0.0,1322.194,4.54,1,8,0.0,1,8,0.0,1,8,544.8,1,8,0.0,1,8,0.0,1,8,-0.0,1,8,-9900,?,9,-9900,?,9,13.18,E,8,3.2,E,8,50.0,E,8,822.9788000000001,E,8,999.0,E,8,0.55,E,8,-9900,?,9,-9900,?,9,0.0,E,8,-9900,?,9,-9900,?,9,0.0,0.0,E,8
06/18/2014,19:00,0.0,1322.194,0.0,1,8,0.0,1,8,0.0,1,8,0.0,1,8,0.0,1,8,0.0,1,8,-0.0,1,8,-9900,?,9,-9900,?,9,12.59,E,8,3.47,E,8,53.0,E,8,822.9788000000001,E,8,999.0,E,8,0.55,E,8,-9900,?,9,-9900,?,9,0.0,E,8,-9900,?,9,-9900,?,9,0.0,0.0,E,8
06/18/2014,20:00,0.0,1322.194,0.0,1,8,0.0,1,8,0.0,1,8,0.0,1,8,0.0,1,8,0.0,1,8,-0.0,1,8,-9900,?,9,-9900,?,9,11.99,E,8,3.74,E,8,57.0,E,8,822.9788000000001,E,8,999.0,E,8,0.55,E,8,-9900,?,9,-9900,?,9,0.0,E,8,-9900,?,9,-9900,?,9,0.0,0.0,E,8
06/18/2014,21:00,0.0,1322.194,0.0,1,8,0.0,1,8,0.0,1,8,0.0,1,8,0.0,1,8,0.0,1,8,-0.0,1,8,-9900,?,9,-9900,?,9,11.4,E,8,4.0,E,8,60.0,E,8,822.9788000000001,E,8,999.0,E,8,0.55,E,8,-9900,?,9,-9900,?,9,0.0,E,8,-9900,?,9,-9900,?,9,0.0,0.0,E,8
06/18/2014,22:00,0.0,1322.194,0.0,1,8,0.0,1,8,0.0,1,8,0.0,1,8,0.0,1,8,0.0,1,8,-0.0,1,8,-9900,?,9,-9900,?,9,10.8,E,8,4.27,E,8,63.0,E,8,822.9788000000001,E,8,999.0,E,8,0.55,E,8,-9900,?,9,-9900,?,9,0.0,E,8,-9900,?,9,-9900,?,9,0.0,0.0,E,8
06/18/2014,23:00,0.0,1322.194,0.0,1,8,0.0,1,8,0.0,1,8,0.0,1,8,0.0,1,8,0.0,1,8,-0.0,1,8,-9900,?,9,-9900,?,9,10.21,E,8,4.52,E,8,67.0,E,8,822.9788000000001,E,8,999.0,E,8,0.55,E,8,-9900,?,9,-9900,?,9,0.0,E,8,-9900,?,9,-9900,?,9,0.0,0.0,E,8
06/18/2014,24:00,0.0,1322.194,0.0,1,8,0.0,1,8,0.0,1,8,0.0,1,8,0.0,1,8,0.0,1,8,-0.0,1,8,-9900,?,9,-9900,?,9,9.61,E,8,8.28,E,8,88.0,E,8,822.9788000000001,E,8,999.0,E,8,0.9,E,8,-9900,?,9,-9900,?,9,0.0,E,8,-9900,?,9,-9900,?,9,0.0,0.0,E,8
06/19/2014,01:00,0.0,1322.194,0.0,1,8,0.0,1,8,0.0,1,8,0.0,1,8,0.0,1,8,0.0,1,8,-0.0,1,8,-9900,?,9,-9900,?,9,9.31,E,8,8.13,E,8,89.0,E,8,822.9788000000001,E,8,999.0,E,8,0.9,E,8,-9900,?,9,-9900,?,9,0.0,E,8,-9900,?,9,-9900,?,9,0.0,0.0,E,8
06/19/2014,02:00,0.0,1322.194,0.0,1,8,0.0,1,8,0.0,1,8,0.0,1,8,0.0,1,8,0.0,1,8,-0.0,1,8,-9900,?,9,-9900,?,9,9.02,E,8,7.98,E,8,90.0,E,8,822.9788000000001,E,8,999.0,E,8,0.9,E,8,-9900,?,9,-9900,?,9,0.0,E,8,-9900,?,9,-9900,?,9,0.0,0.0,E,8
06/19/2014,03:00,0.0,1322.194,0.0,1,8,0.0,1,8,0.0,1,8,0.0,1,8,0.0,1,8,0.0,1,8,-0.0,1,8,-9900,?,9,-9900,?,9,8.72,E,8,7.82,E,8,94.0,E,8,822.9788000000001,E,8,999.0,E,8,0.9,E,8,-9900,?,9,-9900,?,9,0.096,E,8,-9900,?,9,-9900,?,9,0.96,99.0,E,8
06/19/2014,04:00,0.0,1321.991,0.0,1,8,0.0,1,8,0.0,1,8,0.0,1,8,0.0,1,8,0.0,1,8,-0.0,1,8,-9900,?,9,-9900,?,9,8.42,E,8,7.67,E,8,91.0,E,8,822.9788000000001,E,8,999.0,E,8,0.9,E,8,-9900,?,9,-9900,?,9,0.0,E,8,-9900,?,9,-9900,?,9,0.0,0.0,E,8
06/19/2014,05:00,0.0,1321.991,0.0,1,8,0.0,1,8,0.0,1,8,0.0,1,8,0.0,1,8,0.0,1,8,-0.0,1,8,-9900,?,9,-9900,?,9,8.12,E,8,7.51,E,8,92.0,E,8,822.9788000000001,E,8,999.0,E,8,0.9,E,8,-9900,?,9,-9900,?,9,0.0,E,8,-9900,?,9,-9900,?,9,0.0,0.0,E,8
06/19/2014,06:00,0.0,1321.991,0.0,1,8,0.0,1,8,0.0,1,8,0.0,1,8,0.0,1,8,0.0,1,8,-0.0,1,8,-9900,?,9,-9900,?,9,7.89,E,8,7.39,E,8,92.0,E,8,822.9788000000001,E,8,999.0,E,8,0.9,E,8,-9900,?,9,-9900,?,9,0.0,E,8,-9900,?,9,-9900,?,9,0.0,0.0,E,8
06/19/2014,07:00,18.441,1321.991,0.0,1,8,0.0,1,8,0.0,1,8,0.0,1,8,0.0,1,8,0.0,1,8,0.0,1,8,-9900,?,9,-9900,?,9,7.7,E,8,7.29,E,8,93.0,E,8,822.9788000000001,E,8,999.0,E,8,0.9,E,8,-9900,?,9,-9900,?,9,0.0,E,8,-9900,?,9,-9900,?,9,0.0,0.0,E,8
06/19/2014,08:00,291.802,1321.991,20.96,1,8,0.0,1,8,20.96,1,8,2515.2,1,8,0.0,1,8,2305.6,1,8,30.395,1,8,-9900,?,9,-9900,?,9,7.5,E,8,7.18,E,8,97.0,E,8,822.9788000000001,E,8,999.0,E,8,0.9,E,8,-9900,?,9,-9900,?,9,0.001,E,8,-9900,?,9,-9900,?,9,0.01,99.0,E,8
06/19/2014,09:00,540.019,1321.991,100.98,1,8,0.0,1,8,100.98,1,8,12117.6,1,8,0.0,1,8,11107.8,1,8,78.802,1,8,-9900,?,9,-9900,?,9,9.36,E,8,8.15,E,8,89.0,E,8,822.9788000000001,E,8,999.0,E,8,0.9,E,8,-9900,?,9,-9900,?,9,0.0,E,8,-9900,?,9,-9900,?,9,0.0,0.0,E,8
06/19/2014,10:00,739.145,1321.991,175.93,1,8,3.387,1,8,174.037,1,8,21111.6,1,8,321.785,1,8,19144.112,1,8,99.145,1,8,-9900,?,9,-9900,?,9,10.52,E,8,8.73,E,8,86.0,E,8,822.9788000000001,E,8,999.0,E,8,1.0,E,8,-9900,?,9,-9900,?,9,0.0,E,8,-9900,?,9,-9900,?,9,0.0,0.0,E,8
06/19/2014,11:00,875.23,1321.991,233.1,1,8,4.414,1,8,230.179,1,8,27972.0,1,8,419.317,1,8,25319.677,1,8,110.71,1,8,-9900,?,9,-9900,?,9,11.54,E,8,9.22,E,8,84.0,E,8,822.9788000000001,E,8,999.0,E,8,0.9,E,8,-9900,?,9,-9900,?,9,0.0,E,8,-9900,?,9,-9900,?,9,0.0,0.0,E,8
06/19/2014,12:00,938.917,1321.991,267.37,1,8,5.475,1,8,263.483,1,8,32084.4,1,8,520.085,1,8,28983.12,1,8,118.122,1,8,-9900,?,9,-9900,?,9,12.36,E,8,9.61,E,8,82.0,E,8,822.9788000000001,E,8,999.0,E,8,0.9,E,8,-9900,?,9,-9900,?,9,0.0,E,8,-9900,?,9,-9900,?,9,0.0,0.0,E,8
06/19/2014,13:00,925.844,1321.991,276.07,1,8,23.183,1,8,259.839,1,8,33128.4,1,8,2202.424,1,8,28582.253,1,8,118.135,1,8,-9900,?,9,-9900,?,9,12.95,E,8,9.88,E,8,81.0,E,8,822.9788000000001,E,8,999.0,E,8,0.9,E,8,-9900,?,9,-9900,?,9,0.0,E,8,-9900,?,9,-9900,?,9,0.0,0.0,E,8
06/19/2014,14:00,836.907,1321.991,258.54,1,8,7.2,1,8,253.984,1,8,31024.8,1,8,684.011,1,8,27938.224,1,8,127.761,1,8,-9900,?,9,-9900,?,9,13.29,E,8,10.04,E,8,80.0,E,8,822.9788000000001,E,8,999.0,E,8,0.9,E,8,-9900,?,9,-9900,?,9,0.0,E,8,-9900,?,9,-9900,?,9,0.0,0.0,E,8
06/19/2014,15:00,678.203,1321.991,216.12,1,8,12.173,1,8,209.88,1,8,25934.4,1,8,1156.48,1,8,23086.792,1,8,130.33,1,8,-9900,?,9,-9900,?,9,13.39,E,8,10.08,E,8,80.0,E,8,822.9788000000001,E,8,999.0,E,8,0.9,E,8,-9900,?,9,-9900,?,9,0.0,E,8,-9900,?,9,-9900,?,9,0.0,0.0,E,8
06/19/2014,16:00,460.677,1321.991,152.2,1,8,34.529,1,8,140.193,1,8,18264.0,1,8,3280.214,1,8,15421.231,1,8,128.328,1,8,-9900,?,9,-9900,?,9,13.15,E,8,9.97,E,8,80.0,E,8,822.9788000000001,E,8,999.0,E,8,0.9,E,8,-9900,?,9,-9900,?,9,0.0,E,8,-9900,?,9,-9900,?,9,0.0,0.0,E,8
06/19/2014,17:00,199.926,1321.991,73.2,1,8,102.058,1,8,57.947,1,8,8784.0,1,8,9695.551,1,8,6374.147,1,8,123.415,1,8,-9900,?,9,-9900,?,9,12.55,E,8,9.7,E,8,82.0,E,8,822.9788000000001,E,8,999.0,E,8,0.9,E,8,-9900,?,9,-9900,?,9,0.0,E,8,-9900,?,9,-9900,?,9,0.0,0.0,E,8
06/19/2014,18:00,0.0,1321.991,3.0,1,8,0.0,1,8,0.0,1,8,360.0,1,8,0.0,1,8,0.0,1,8,-0.0,1,8,-9900,?,9,-9900,?,9,11.95,E,8,9.42,E,8,83.0,E,8,822.9788000000001,E,8,999.0,E,8,0.9,E,8,-9900,?,9,-9900,?,9,0.0,E,8,-9900,?,9,-9900,?,9,0.0,0.0,E,8
06/19/2014,19:00,0.0,1321.991,0.0,1,8,0.0,1,8,0.0,1,8,0.0,1,8,0.0,1,8,0.0,1,8,-0.0,1,8,-9900,?,9,-9900,?,9,11.35,E,8,9.13,E,8,84.0,E,8,822.9788000000001,E,8,999.0,E,8,0.97,E,8,-9900,?,9,-9900,?,9,0.0,E,8,-9900,?,9,-9900,?,9,0.0,0.0,E,8
06/19/2014,20:00,0.0,1321.991,0.0,1,8,0.0,1,8,0.0,1,8,0.0,1,8,0.0,1,8,0.0,1,8,-0.0,1,8,-9900,?,9,-9900,?,9,10.75,E,8,8.84,E,8,90.0,E,8,822.9788000000001,E,8,999.0,E,8,1.21,E,8,-9900,?,9,-9900,?,9,0.003,E,8,-9900,?,9,-9900,?,9,0.03,99.0,E,8
06/19/2014,21:00,0.0,1321.991,0.0,1,8,0.0,1,8,0.0,1,8,0.0,1,8,0.0,1,8,0.0,1,8,-0.0,1,8,-9900,?,9,-9900,?,9,10.16,E,8,8.55,E,8,87.0,E,8,822.9788000000001,E,8,999.0,E,8,0.9,E,8,-9900,?,9,-9900,?,9,0.0,E,8,-9900,?,9,-9900,?,9,0.0,0.0,E,8
06/19/2014,22:00,0.0,1321.991,0.0,1,8,0.0,1,8,0.0,1,8,0.0,1,8,0.0,1,8,0.0,1,8,-0.0,1,8,-9900,?,9,-9900,?,9,9.56,E,8,8.25,E,8,89.0,E,8,822.9788000000001,E,8,999.0,E,8,0.9,E,8,-9900,?,9,-9900,?,9,0.0,E,8,-9900,?,9,-9900,?,9,0.0,0.0,E,8
06/19/2014,23:00,0.0,1321.991,0.0,1,8,0.0,1,8,0.0,1,8,0.0,1,8,0.0,1,8,0.0,1,8,-0.0,1,8,-9900,?,9,-9900,?,9,8.96,E,8,7.95,E,8,90.0,E,8,822.9788000000001,E,8,999.0,E,8,0.9,E,8,-9900,?,9,-9900,?,9,0.0,E,8,-9900,?,9,-9900,?,9,0.0,0.0,E,8
06/19/2014,24:00,0.0,1321.991,0.0,1,8,0.0,1,8,0.0,1,8,0.0,1,8,0.0,1,8,0.0,1,8,-0.0,1,8,-9900,?,9,-9900,?,9,8.36,E,8,2.61,E,8,67.0,E,8,822.9788000000001,E,8,999.0,E,8,0.42,E,8,-9900,?,9,-9900,?,9,0.0,E,8,-9900,?,9,-9900,?,9,0.0,0.0,E,8
06/20/2014,01:00,0.0,1321.991,0.0,1,8,0.0,1,8,0.0,1,8,0.0,1,8,0.0,1,8,0.0,1,8,-0.0,1,8,-9900,?,9,-9900,?,9,8.06,E,8,2.76,E,8,69.0,E,8,822.9788000000001,E,8,999.0,E,8,0.42,E,8,-9900,?,9,-9900,?,9,0.0,E,8,-9900,?,9,-9900,?,9,0.0,0.0,E,8
06/20/2014,02:00,0.0,1321.991,0.0,1,8,0.0,1,8,0.0,1,8,0.0,1,8,0.0,1,8,0.0,1,8,-0.0,1,8,-9900,?,9,-9900,?,9,7.76,E,8,2.91,E,8,71.0,E,8,822.9788000000001,E,8,999.0,E,8,0.42,E,8,-9900,?,9,-9900,?,9,0.0,E,8,-9900,?,9,-9900,?,9,0.0,0.0,E,8
06/20/2014,03:00,0.0,1321.991,0.0,1,8,0.0,1,8,0.0,1,8,0.0,1,8,0.0,1,8,0.0,1,8,-0.0,1,8,-9900,?,9,-9900,?,9,7.46,E,8,3.05,E,8,73.0,E,8,822.9788000000001,E,8,999.0,E,8,0.42,E,8,-9900,?,9,-9900,?,9,0.0,E,8,-9900,?,9,-9900,?,9,0.0,0.0,E,8
06/20/2014,04:00,0.0,1321.801,0.0,1,8,0.0,1,8,0.0,1,8,0.0,1,8,0.0,1,8,0.0,1,8,-0.0,1,8,-9900,?,9,-9900,?,9,7.16,E,8,3.2,E,8,75.0,E,8,822.9788000000001,E,8,999.0,E,8,0.42,E,8,-9900,?,9,-9900,?,9,0.0,E,8,-9900,?,9,-9900,?,9,0.0,0.0,E,8
06/20/2014,05:00,0.0,1321.801,0.0,1,8,0.0,1,8,0.0,1,8,0.0,1,8,0.0,1,8,0.0,1,8,-0.0,1,8,-9900,?,9,-9900,?,9,6.86,E,8,3.35,E,8,78.0,E,8,822.9788000000001,E,8,999.0,E,8,0.42,E,8,-9900,?,9,-9900,?,9,0.0,E,8,-9900,?,9,-9900,?,9,0.0,0.0,E,8
06/20/2014,06:00,0.0,1321.801,0.0,1,8,0.0,1,8,0.0,1,8,0.0,1,8,0.0,1,8,0.0,1,8,-0.0,1,8,-9900,?,9,-9900,?,9,6.63,E,8,3.46,E,8,80.0,E,8,822.9788000000001,E,8,999.0,E,8,0.42,E,8,-9900,?,9,-9900,?,9,0.0,E,8,-9900,?,9,-9900,?,9,0.0,0.0,E,8
06/20/2014,07:00,17.414,1321.801,0.0,1,8,0.0,1,8,0.0,1,8,0.0,1,8,0.0,1,8,0.0,1,8,0.0,1,8,-9900,?,9,-9900,?,9,6.44,E,8,3.55,E,8,81.0,E,8,822.9788000000001,E,8,999.0,E,8,0.42,E,8,-9900,?,9,-9900,?,9,0.0,E,8,-9900,?,9,-9900,?,9,0.0,0.0,E,8
06/20/2014,08:00,290.653,1321.801,70.25,1,8,0.0,1,8,70.25,1,8,8430.0,1,8,0.0,1,8,7727.5,1,8,102.264,1,8,-9900,?,9,-9900,?,9,6.24,E,8,3.64,E,8,83.0,E,8,822.9788000000001,E,8,999.0,E,8,0.42,E,8,-9900,?,9,-9900,?,9,0.0,E,8,-9900,?,9,-9900,?,9,0.0,0.0,E,8
06/20/2014,09:00,538.962,1321.801,333.24,1,8,434.18,1,8,156.462,1,8,39988.8,1,8,41247.099,1,8,17210.868,1,8,122.322,1,8,-9900,?,9,-9900,?,9,9.94,E,8,1.79,E,8,56.0,E,8,822.9788000000001,E,8,999.0,E,8,0.42,E,8,-9900,?,9,-9900,?,9,0.0,E,8,-9900,?,9,-9900,?,9,0.0,0.0,E,8
06/20/2014,10:00,738.252,1321.801,363.57,1,8,183.915,1,8,260.916,1,8,43628.4,1,8,17471.909,1,8,28700.798,1,8,148.797,1,8,-9900,?,9,-9900,?,9,10.93,E,8,1.26,E,8,51.0,E,8,822.9788000000001,E,8,999.0,E,8,0.42,E,8,-9900,?,9,-9900,?,9,0.0,E,8,-9900,?,9,-9900,?,9,0.0,0.0,E,8
06/20/2014,11:00,874.558,1321.801,611.05,1,8,557.47,1,8,242.344,1,8,73326.0,1,8,52959.69,1,8,26657.802,1,8,116.633,1,8,-9900,?,9,-9900,?,9,12.56,E,8,0.34,E,8,43.0,E,8,822.9788000000001,E,8,999.0,E,8,0.71,E,8,-9900,?,9,-9900,?,9,0.0,E,8,-9900,?,9,-9900,?,9,0.0,0.0,E,8
06/20/2014,12:00,938.509,1321.801,587.83,1,8,327.148,1,8,355.614,1,8,70539.6,1,8,31079.075,1,8,39117.584,1,8,159.471,1,8,-9900,?,9,-9900,?,9,13.46,E,8,-0.17,E,8,39.0,E,8,822.9788000000001,E,8,999.0,E,8,1.81,E,8,-9900,?,9,-9900,?,9,0.0,E,8,-9900,?,9,-9900,?,9,0.0,0.0,E,8
06/20/2014,13:00,925.725,1321.801,450.07,1,8,80.868,1,8,393.451,1,8,54008.4,1,8,7682.437,1,8,43279.662,1,8,178.878,1,8,-9900,?,9,-9900,?,9,13.63,E,8,-0.26,E,8,38.0,E,8,822.9788000000001,E,8,999.0,E,8,2.96,E,8,-9900,?,9,-9900,?,9,0.0,E,8,-9900,?,9,-9900,?,9,0.0,0.0,E,8
06/20/2014,14:00,837.08,1321.801,390.09,1,8,74.339,1,8,343.032,1,8,46810.8,1,8,7062.251,1,8,37733.562,1,8,172.494,1,8,-9900,?,9,-9900,?,9,13.57,E,8,-0.23,E,8,38.0,E,8,822.9788000000001,E,8,999.0,E,8,2.66,E,8,-9900,?,9,-9900,?,9,0.0,E,8,-9900,?,9,-9900,?,9,0.0,0.0,E,8
06/20/2014,15:00,678.652,1321.801,191.43,1,8,13.619,1,8,184.443,1,8,22971.6,1,8,1293.844,1,8,20288.742,1,8,114.442,1,8,-9900,?,9,-9900,?,9,12.76,E,8,0.22,E,8,42.0,E,8,822.9788000000001,E,8,999.0,E,8,3.05,E,8,-9900,?,9,-9900,?,9,0.0,E,8,-9900,?,9,-9900,?,9,0.0,0.0,E,8
06/20/2014,16:00,461.366,1321.801,123.11,1,8,28.126,1,8,113.313,1,8,14773.2,1,8,2671.963,1,8,12464.469,1,8,103.552,1,8,-9900,?,9,-9900,?,9,11.88,E,8,0.73,E,8,46.0,E,8,822.9788000000001,E,8,999.0,E,8,1.64,E,8,-9900,?,9,-9900,?,9,0.0,E,8,-9900,?,9,-9900,?,9,0.0,0.0,E,8
06/20/2014,17:00,200.798,1321.801,130.1,1,8,327.548,1,8,80.921,1,8,15612.0,1,8,31117.027,1,8,8901.268,1,8,171.554,1,8,-9900,?,9,-9900,?,9,11.21,E,8,1.1,E,8,49.0,E,8,822.9788000000001,E,8,999.0,E,8,1.68,E,8,-9900,?,9,-9900,?,9,0.0,E,8,-9900,?,9,-9900,?,9,0.0,0.0,E,8
06/20/2014,18:00,0.0,1321.801,5.51,1,8,0.0,1,8,0.0,1,8,661.2,1,8,0.0,1,8,0.0,1,8,-0.0,1,8,-9900,?,9,-9900,?,9,10.75,E,8,1.36,E,8,52.0,E,8,822.9788000000001,E,8,999.0,E,8,0.82,E,8,-9900,?,9,-9900,?,9,0.0,E,8,-9900,?,9,-9900,?,9,0.0,0.0,E,8
06/20/2014,19:00,0.0,1321.801,0.0,1,8,0.0,1,8,0.0,1,8,0.0,1,8,0.0,1,8,0.0,1,8,-0.0,1,8,-9900,?,9,-9900,?,9,10.29,E,8,1.61,E,8,54.0,E,8,822.9788000000001,E,8,999.0,E,8,0.42,E,8,-9900,?,9,-9900,?,9,0.0,E,8,-9900,?,9,-9900,?,9,0.0,0.0,E,8
06/20/2014,20:00,0.0,1321.801,0.0,1,8,0.0,1,8,0.0,1,8,0.0,1,8,0.0,1,8,0.0,1,8,-0.0,1,8,-9900,?,9,-9900,?,9,9.82,E,8,1.86,E,8,57.0,E,8,822.9788000000001,E,8,999.0,E,8,0.42,E,8,-9900,?,9,-9900,?,9,0.0,E,8,-9900,?,9,-9900,?,9,0.0,0.0,E,8
06/20/2014,21:00,0.0,1321.801,0.0,1,8,0.0,1,8,0.0,1,8,0.0,1,8,0.0,1,8,0.0,1,8,-0.0,1,8,-9900,?,9,-9900,?,9,9.36,E,8,2.1,E,8,60.0,E,8,822.9788000000001,E,8,999.0,E,8,0.42,E,8,-9900,?,9,-9900,?,9,0.0,E,8,-9900,?,9,-9900,?,9,0.0,0.0,E,8
06/20/2014,22:00,0.0,1321.801,0.0,1,8,0.0,1,8,0.0,1,8,0.0,1,8,0.0,1,8,0.0,1,8,-0.0,1,8,-9900,?,9,-9900,?,9,8.9,E,8,2.33,E,8,63.0,E,8,822.9788000000001,E,8,999.0,E,8,0.42,E,8,-9900,?,9,-9900,?,9,0.0,E,8,-9900,?,9,-9900,?,9,0.0,0.0,E,8
06/20/2014,23:00,0.0,1321.801,0.0,1,8,0.0,1,8,0.0,1,8,0.0,1,8,0.0,1,8,0.0,1,8,-0.0,1,8,-9900,?,9,-9900,?,9,8.44,E,8,2.57,E,8,66.0,E,8,822.9788000000001,E,8,999.0,E,8,0.42,E,8,-9900,?,9,-9900,?,9,0.0,E,8,-9900,?,9,-9900,?,9,0.0,0.0,E,8
06/20/2014,24:00,0.0,1321.801,0.0,1,8,0.0,1,8,0.0,1,8,0.0,1,8,0.0,1,8,0.0,1,8,-0.0,1,8,-9900,?,9,-9900,?,9,7.97,E,8,5.26,E,8,82.0,E,8,822.9788000000001,E,8,999.0,E,8,0.55,E,8,-9900,?,9,-9900,?,9,0.0,E,8,-9900,?,9,-9900,?,9,0.0,0.0,E,8
06/21/2014,01:00,0.0,1321.801,0.0,1,8,0.0,1,8,0.0,1,8,0.0,1,8,0.0,1,8,0.0,1,8,-0.0,1,8,-9900,?,9,-9900,?,9,7.74,E,8,5.33,E,8,84.0,E,8,822.9788000000001,E,8,999.0,E,8,0.55,E,8,-9900,?,9,-9900,?,9,0.0,E,8,-9900,?,9,-9900,?,9,0.0,0.0,E,8
06/21/2014,02:00,0.0,1321.801,0.0,1,8,0.0,1,8,0.0,1,8,0.0,1,8,0.0,1,8,0.0,1,8,-0.0,1,8,-9900,?,9,-9900,?,9,7.51,E,8,5.4,E,8,86.0,E,8,822.9788000000001,E,8,999.0,E,8,0.55,E,8,-9900,?,9,-9900,?,9,0.0,E,8,-9900,?,9,-9900,?,9,0.0,0.0,E,8
06/21/2014,03:00,0.0,1321.801,0.0,1,8,0.0,1,8,0.0,1,8,0.0,1,8,0.0,1,8,0.0,1,8,-0.0,1,8,-9900,?,9,-9900,?,9,7.28,E,8,5.47,E,8,88.0,E,8,822.9788000000001,E,8,999.0,E,8,0.55,E,8,-9900,?,9,-9900,?,9,0.0,E,8,-9900,?,9,-9900,?,9,0.0,0.0,E,8
06/21/2014,04:00,0.0,1321.624,0.0,1,8,0.0,1,8,0.0,1,8,0.0,1,8,0.0,1,8,0.0,1,8,-0.0,1,8,-9900,?,9,-9900,?,9,7.05,E,8,5.55,E,8,90.0,E,8,822.9788000000001,E,8,999.0,E,8,0.55,E,8,-9900,?,9,-9900,?,9,0.0,E,8,-9900,?,9,-9900,?,9,0.0,0.0,E,8
06/21/2014,05:00,0.0,1321.624,0.0,1,8,0.0,1,8,0.0,1,8,0.0,1,8,0.0,1,8,0.0,1,8,-0.0,1,8,-9900,?,9,-9900,?,9,6.82,E,8,5.62,E,8,92.0,E,8,822.9788000000001,E,8,999.0,E,8,0.55,E,8,-9900,?,9,-9900,?,9,0.0,E,8,-9900,?,9,-9900,?,9,0.0,0.0,E,8
06/21/2014,06:00,0.0,1321.624,0.0,1,8,0.0,1,8,0.0,1,8,0.0,1,8,0.0,1,8,0.0,1,8,-0.0,1,8,-9900,?,9,-9900,?,9,6.64,E,8,5.67,E,8,93.0,E,8,822.9788000000001,E,8,999.0,E,8,0.55,E,8,-9900,?,9,-9900,?,9,0.0,E,8,-9900,?,9,-9900,?,9,0.0,0.0,E,8
06/21/2014,07:00,16.443,1321.624,0.0,1,8,0.0,1,8,0.0,1,8,0.0,1,8,0.0,1,8,0.0,1,8,0.0,1,8,-9900,?,9,-9900,?,9,6.49,E,8,5.72,E,8,94.0,E,8,822.9788000000001,E,8,999.0,E,8,0.55,E,8,-9900,?,9,-9900,?,9,0.0,E,8,-9900,?,9,-9900,?,9,0.0,0.0,E,8
06/21/2014,08:00,289.582,1321.624,27.68,1,8,0.0,1,8,27.68,1,8,3321.6,1,8,0.0,1,8,3044.8,1,8,40.439,1,8,-9900,?,9,-9900,?,9,6.33,E,8,5.77,E,8,96.0,E,8,822.9788000000001,E,8,999.0,E,8,0.55,E,8,-9900,?,9,-9900,?,9,0.0,E,8,-9900,?,9,-9900,?,9,0.0,0.0,E,8
06/21/2014,09:00,537.999,1321.624,135.79,1,8,5.176,1,8,133.686,1,8,16294.8,1,8,491.702,1,8,14705.477,1,8,104.689,1,8,-9900,?,9,-9900,?,9,9.0,E,8,4.93,E,8,75.0,E,8,822.9788000000001,E,8,999.0,E,8,0.55,E,8,-9900,?,9,-9900,?,9,0.0,E,8,-9900,?,9,-9900,?,9,0.0,0.0,E,8
06/21/2014,10:00,737.465,1321.624,198.58,1,8,3.098,1,8,196.852,1,8,23829.6,1,8,294.325,1,8,21653.758,1,8,112.367,1,8,-9900,?,9,-9900,?,9,10.27,E,8,4.52,E,8,67.0,E,8,822.9788000000001,E,8,999.0,E,8,0.55,E,8,-9900,?,9,-9900,?,9,0.0,E,8,-9900,?,9,-9900,?,9,0.0,0.0,E,8
06/21/2014,11:00,874.001,1321.624,314.8,1,8,17.605,1,8,303.162,1,8,37776.0,1,8,1672.448,1,8,33347.847,1,8,145.977,1,8,-9900,?,9,-9900,?,9,11.86,E,8,3.98,E,8,58.0,E,8,822.9788000000001,E,8,999.0,E,8,0.55,E,8,-9900,?,9,-9900,?,9,0.0,E,8,-9900,?,9,-9900,?,9,0.0,0.0,E,8
06/21/2014,12:00,938.22,1321.624,186.58,1,8,3.701,1,8,183.953,1,8,22389.6,1,8,351.604,1,8,20234.869,1,8,82.506,1,8,-9900,?,9,-9900,?,9,11.97,E,8,3.94,E,8,57.0,E,8,822.9788000000001,E,8,999.0,E,8,0.76,E,8,-9900,?,9,-9900,?,9,0.0,E,8,-9900,?,9,-9900,?,9,0.0,0.0,E,8
06/21/2014,13:00,925.723,1321.624,373.41,1,8,79.688,1,8,317.61,1,8,44809.2,1,8,7570.317,1,8,34937.139,1,8,144.379,1,8,-9900,?,9,-9900,?,9,13.06,E,8,3.57,E,8,52.0,E,8,822.9788000000001,E,8,999.0,E,8,1.5,E,8,-9900,?,9,-9900,?,9,0.0,E,8,-9900,?,9,-9900,?,9,0.0,0.0,E,8
06/21/2014,14:00,837.366,1321.624,150.69,1,8,1.895,1,8,149.49,1,8,18082.8,1,8,180.037,1,8,16443.877,1,8,75.135,1,8,-9900,?,9,-9900,?,9,12.8,E,8,3.66,E,8,53.0,E,8,822.9788000000001,E,8,999.0,E,8,2.48,E,8,-9900,?,9,-9900,?,9,0.0,E,8,-9900,?,9,-9900,?,9,0.0,0.0,E,8
06/21/2014,15:00,679.204,1321.624,351.13,1,8,215.166,1,8,240.643,1,8,42135.6,1,8,20440.78,1,8,26470.705,1,8,149.171,1,8,-9900,?,9,-9900,?,9,13.43,E,8,3.43,E,8,50.0,E,8,822.9788000000001,E,8,999.0,E,8,2.98,E,8,-9900,?,9,-9900,?,9,0.0,E,8,-9900,?,9,-9900,?,9,0.0,0.0,E,8
06/21/2014,16:00,462.146,1321.624,491.13,1,8,506.547,1,8,314.369,1,8,58935.6,1,8,48121.944,1,8,34580.623,1,8,286.764,1,8,-9900,?,9,-9900,?,9,14.42,E,8,3.08,E,8,46.0,E,8,822.9788000000001,E,8,999.0,E,8,2.74,E,8,-9900,?,9,-9900,?,9,0.0,E,8,-9900,?,9,-9900,?,9,0.0,0.0,E,8
06/21/2014,17:00,201.743,1321.624,205.32,1,8,404.568,1,8,144.275,1,8,24638.4,1,8,38433.979,1,8,15870.302,1,8,304.36,1,8,-9900,?,9,-9900,?,9,14.19,E,8,3.16,E,8,47.0,E,8,822.9788000000001,E,8,999.0,E,8,1.45,E,8,-9900,?,9,-9900,?,9,0.0,E,8,-9900,?,9,-9900,?,9,0.0,0.0,E,8
06/21/2014,18:00,0.0,1321.624,15.25,1,8,0.0,1,8,0.0,1,8,1830.0,1,8,0.0,1,8,0.0,1,8,-0.0,1,8,-9900,?,9,-9900,?,9,13.61,E,8,3.37,E,8,49.0,E,8,822.9788000000001,E,8,999.0,E,8,0.75,E,8,-9900,?,9,-9900,?,9,0.0,E,8,-9900,?,9,-9900,?,9,0.0,0.0,E,8
06/21/2014,19:00,0.0,1321.624,0.0,1,8,0.0,1,8,0.0,1,8,0.0,1,8,0.0,1,8,0.0,1,8,-0.0,1,8,-9900,?,9,-9900,?,9,13.03,E,8,3.58,E,8,52.0,E,8,822.9788000000001,E,8,999.0,E,8,0.55,E,8,-9900,?,9,-9900,?,9,0.0,E,8,-9900,?,9,-9900,?,9,0.0,0.0,E,8
06/21/2014,20:00,0.0,1321.624,0.0,1,8,0.0,1,8,0.0,1,8,0.0,1,8,0.0,1,8,0.0,1,8,-0.0,1,8,-9900,?,9,-9900,?,9,12.45,E,8,3.78,E,8,55.0,E,8,822.9788000000001,E,8,999.0,E,8,0.55,E,8,-9900,?,9,-9900,?,9,0.0,E,8,-9900,?,9,-9900,?,9,0.0,0.0,E,8
06/21/2014,21:00,0.0,1321.624,0.0,1,8,0.0,1,8,0.0,1,8,0.0,1,8,0.0,1,8,0.0,1,8,-0.0,1,8,-9900,?,9,-9900,?,9,11.87,E,8,3.98,E,8,58.0,E,8,822.9788000000001,E,8,999.0,E,8,0.55,E,8,-9900,?,9,-9900,?,9,0.0,E,8,-9900,?,9,-9900,?,9,0.0,0.0,E,8
06/21/2014,22:00,0.0,1321.624,0.0,1,8,0.0,1,8,0.0,1,8,0.0,1,8,0.0,1,8,0.0,1,8,-0.0,1,8,-9900,?,9,-9900,?,9,11.29,E,8,4.18,E,8,61.0,E,8,822.9788000000001,E,8,999.0,E,8,0.55,E,8,-9900,?,9,-9900,?,9,0.0,E,8,-9900,?,9,-9900,?,9,0.0,0.0,E,8
06/21/2014,23:00,0.0,1321.624,0.0,1,8,0.0,1,8,0.0,1,8,0.0,1,8,0.0,1,8,0.0,1,8,-0.0,1,8,-9900,?,9,-9900,?,9,10.71,E,8,4.37,E,8,64.0,E,8,822.9788000000001,E,8,999.0,E,8,0.55,E,8,-9900,?,9,-9900,?,9,0.0,E,8,-9900,?,9,-9900,?,9,0.0,0.0,E,8
06/21/2014,24:00,0.0,1321.624,0.0,1,8,0.0,1,8,0.0,1,8,0.0,1,8,0.0,1,8,0.0,1,8,-0.0,1,8,-9900,?,9,-9900,?,9,10.13,E,8,6.77,E,8,79.0,E,8,822.9788000000001,E,8,999.0,E,8,0.42,E,8,-9900,?,9,-9900,?,9,0.0,E,8,-9900,?,9,-9900,?,9,0.0,0.0,E,8
06/22/2014,01:00,0.0,1321.624,0.0,1,8,0.0,1,8,0.0,1,8,0.0,1,8,0.0,1,8,0.0,1,8,-0.0,1,8,-9900,?,9,-9900,?,9,9.84,E,8,6.88,E,8,81.0,E,8,822.9788000000001,E,8,999.0,E,8,0.42,E,8,-9900,?,9,-9900,?,9,0.0,E,8,-9900,?,9,-9900,?,9,0.0,0.0,E,8
06/22/2014,02:00,0.0,1321.624,0.0,1,8,0.0,1,8,0.0,1,8,0.0,1,8,0.0,1,8,0.0,1,8,-0.0,1,8,-9900,?,9,-9900,?,9,9.55,E,8,6.98,E,8,84.0,E,8,822.9788000000001,E,8,999.0,E,8,0.42,E,8,-9900,?,9,-9900,?,9,0.0,E,8,-9900,?,9,-9900,?,9,0.0,0.0,E,8
06/22/2014,03:00,0.0,1321.624,0.0,1,8,0.0,1,8,0.0,1,8,0.0,1,8,0.0,1,8,0.0,1,8,-0.0,1,8,-9900,?,9,-9900,?,9,9.26,E,8,7.09,E,8,86.0,E,8,822.9788000000001,E,8,999.0,E,8,0.42,E,8,-9900,?,9,-9900,?,9,0.0,E,8,-9900,?,9,-9900,?,9,0.0,0.0,E,8
06/22/2014,04:00,0.0,1321.458,0.0,1,8,0.0,1,8,0.0,1,8,0.0,1,8,0.0,1,8,0.0,1,8,-0.0,1,8,-9900,?,9,-9900,?,9,8.97,E,8,7.19,E,8,88.0,E,8,822.9788000000001,E,8,999.0,E,8,0.42,E,8,-9900,?,9,-9900,?,9,0.0,E,8,-9900,?,9,-9900,?,9,0.0,0.0,E,8
06/22/2014,05:00,0.0,1321.458,0.0,1,8,0.0,1,8,0.0,1,8,0.0,1,8,0.0,1,8,0.0,1,8,-0.0,1,8,-9900,?,9,-9900,?,9,8.68,E,8,7.3,E,8,91.0,E,8,822.9788000000001,E,8,999.0,E,8,0.42,E,8,-9900,?,9,-9900,?,9,0.0,E,8,-9900,?,9,-9900,?,9,0.0,0.0,E,8
06/22/2014,06:00,0.0,1321.458,0.0,1,8,0.0,1,8,0.0,1,8,0.0,1,8,0.0,1,8,0.0,1,8,-0.0,1,8,-9900,?,9,-9900,?,9,8.46,E,8,7.38,E,8,92.0,E,8,822.9788000000001,E,8,999.0,E,8,0.42,E,8,-9900,?,9,-9900,?,9,0.0,E,8,-9900,?,9,-9900,?,9,0.0,0.0,E,8
06/22/2014,07:00,15.53,1321.458,0.0,1,8,0.0,1,8,0.0,1,8,0.0,1,8,0.0,1,8,0.0,1,8,0.0,1,8,-9900,?,9,-9900,?,9,8.27,E,8,7.44,E,8,94.0,E,8,822.9788000000001,E,8,999.0,E,8,0.42,E,8,-9900,?,9,-9900,?,9,0.0,E,8,-9900,?,9,-9900,?,9,0.0,0.0,E,8
06/22/2014,08:00,288.592,1321.458,25.52,1,8,0.0,1,8,25.52,1,8,3062.4,1,8,0.0,1,8,2807.2,1,8,37.408,1,8,-9900,?,9,-9900,?,9,8.08,E,8,7.51,E,8,96.0,E,8,822.9788000000001,E,8,999.0,E,8,0.42,E,8,-9900,?,9,-9900,?,9,0.0,E,8,-9900,?,9,-9900,?,9,0.0,0.0,E,8
06/22/2014,09:00,537.131,1321.458,126.3,1,8,1.684,1,8,125.617,1,8,15156.0,1,8,159.942,1,8,13817.834,1,8,98.517,1,8,-9900,?,9,-9900,?,9,9.79,E,8,6.9,E,8,82.0,E,8,822.9788000000001,E,8,999.0,E,8,0.42,E,8,-9900,?,9,-9900,?,9,0.0,E,8,-9900,?,9,-9900,?,9,0.0,0.0,E,8
06/22/2014,10:00,736.784,1321.458,221.0,1,8,4.899,1,8,218.27,1,8,26520.0,1,8,465.388,1,8,24009.746,1,8,124.692,1,8,-9900,?,9,-9900,?,9,10.89,E,8,6.49,E,8,74.0,E,8,822.9788000000001,E,8,999.0,E,8,0.42,E,8,-9900,?,9,-9900,?,9,0.0,E,8,-9900,?,9,-9900,?,9,0.0,0.0,E,8
06/22/2014,11:00,873.559,1321.458,293.37,1,8,9.68,1,8,286.973,1,8,35204.4,1,8,919.644,1,8,31567.039,1,8,138.235,1,8,-9900,?,9,-9900,?,9,11.85,E,8,6.13,E,8,67.0,E,8,822.9788000000001,E,8,999.0,E,8,0.42,E,8,-9900,?,9,-9900,?,9,0.0,E,8,-9900,?,9,-9900,?,9,0.0,0.0,E,8
06/22/2014,12:00,938.051,1321.458,336.92,1,8,11.956,1,8,328.436,1,8,40430.4,1,8,1135.792,1,8,36127.914,1,8,147.317,1,8,-9900,?,9,-9900,?,9,12.62,E,8,5.83,E,8,63.0,E,8,822.9788000000001,E,8,999.0,E,8,1.09,E,8,-9900,?,9,-9900,?,9,0.0,E,8,-9900,?,9,-9900,?,9,0.0,0.0,E,8
06/22/2014,13:00,925.84,1321.458,348.25,1,8,14.438,1,8,338.138,1,8,41790.0,1,8,1371.607,1,8,37195.131,1,8,153.672,1,8,-9900,?,9,-9900,?,9,13.18,E,8,5.61,E,8,60.0,E,8,822.9788000000001,E,8,999.0,E,8,2.4,E,8,-9900,?,9,-9900,?,9,0.0,E,8,-9900,?,9,-9900,?,9,0.0,0.0,E,8
06/22/2014,14:00,837.764,1321.458,326.52,1,8,70.441,1,8,281.882,1,8,39182.4,1,8,6691.903,1,8,31007.023,1,8,141.592,1,8,-9900,?,9,-9900,?,9,13.5,E,8,5.48,E,8,58.0,E,8,822.9788000000001,E,8,999.0,E,8,3.59,E,8,-9900,?,9,-9900,?,9,0.0,E,8,-9900,?,9,-9900,?,9,0.0,0.0,E,8
06/22/2014,15:00,679.859,1321.458,273.36,1,8,75.257,1,8,234.673,1,8,32803.2,1,8,7149.454,1,8,25814.067,1,8,145.312,1,8,-9900,?,9,-9900,?,9,13.6,E,8,5.44,E,8,57.0,E,8,822.9788000000001,E,8,999.0,E,8,2.67,E,8,-9900,?,9,-9900,?,9,0.0,E,8,-9900,?,9,-9900,?,9,0.0,0.0,E,8
06/22/2014,16:00,463.015,1321.458,193.04,1,8,124.065,1,8,149.66,1,8,23164.8,1,8,11786.177,1,8,16462.602,1,8,136.244,1,8,-9900,?,9,-9900,?,9,13.38,E,8,5.53,E,8,58.0,E,8,822.9788000000001,E,8,999.0,E,8,2.04,E,8,-9900,?,9,-9900,?,9,0.0,E,8,-9900,?,9,-9900,?,9,0.0,0.0,E,8
06/22/2014,17:00,202.761,1321.458,93.54,1,8,309.695,1,8,46.564,1,8,11224.8,1,8,29420.997,1,8,5122.002,1,8,97.713,1,8,-9900,?,9,-9900,?,9,12.82,E,8,5.75,E,8,62.0,E,8,822.9788000000001,E,8,999.0,E,8,1.78,E,8,-9900,?,9,-9900,?,9,0.0,E,8,-9900,?,9,-9900,?,9,0.0,0.0,E,8
06/22/2014,18:00,0.0,1321.458,4.24,1,8,0.0,1,8,0.0,1,8,508.8,1,8,0.0,1,8,0.0,1,8,-0.0,1,8,-9900,?,9,-9900,?,9,12.15,E,8,6.01,E,8,66.0,E,8,822.9788000000001,E,8,999.0,E,8,1.33,E,8,-9900,?,9,-9900,?,9,0.0,E,8,-9900,?,9,-9900,?,9,0.0,0.0,E,8
06/22/2014,19:00,0.0,1321.458,0.0,1,8,0.0,1,8,0.0,1,8,0.0,1,8,0.0,1,8,0.0,1,8,-0.0,1,8,-9900,?,9,-9900,?,9,11.47,E,8,6.27,E,8,70.0,E,8,822.9788000000001,E,8,999.0,E,8,0.42,E,8,-9900,?,9,-9900,?,9,0.0,E,8,-9900,?,9,-9900,?,9,0.0,0.0,E,8
06/22/2014,20:00,0.0,1321.458,0.0,1,8,0.0,1,8,0.0,1,8,0.0,1,8,0.0,1,8,0.0,1,8,-0.0,1,8,-9900,?,9,-9900,?,9,10.8,E,8,6.52,E,8,74.0,E,8,822.9788000000001,E,8,999.0,E,8,0.42,E,8,-9900,?,9,-9900,?,9,0.0,E,8,-9900,?,9,-9900,?,9,0.0,0.0,E,8
06/22/2014,21:00,0.0,1321.458,0.0,1,8,0.0,1,8,0.0,1,8,0.0,1,8,0.0,1,8,0.0,1,8,-0.0,1,8,-9900,?,9,-9900,?,9,10.12,E,8,6.78,E,8,79.0,E,8,822.9788000000001,E,8,999.0,E,8,0.42,E,8,-9900,?,9,-9900,?,9,0.0,E,8,-9900,?,9,-9900,?,9,0.0,0.0,E,8
06/22/2014,22:00,0.0,1321.458,0.0,1,8,0.0,1,8,0.0,1,8,0.0,1,8,0.0,1,8,0.0,1,8,-0.0,1,8,-9900,?,9,-9900,?,9,9.45,E,8,7.02,E,8,84.0,E,8,822.9788000000001,E,8,999.0,E,8,0.42,E,8,-9900,?,9,-9900,?,9,0.0,E,8,-9900,?,9,-9900,?,9,0.0,0.0,E,8
06/22/2014,23:00,0.0,1321.458,0.0,1,8,0.0,1,8,0.0,1,8,0.0,1,8,0.0,1,8,0.0,1,8,-0.0,1,8,-9900,?,9,-9900,?,9,8.77,E,8,7.26,E,8,90.0,E,8,822.9788000000001,E,8,999.0,E,8,0.42,E,8,-9900,?,9,-9900,?,9,0.0,E,8,-9900,?,9,-9900,?,9,0.0,0.0,E,8
06/22/2014,24:00,0.0,1321.458,0.0,1,8,0.0,1,8,0.0,1,8,0.0,1,8,0.0,1,8,0.0,1,8,-0.0,1,8,-9900,?,9,-9900,?,9,8.1,E,8,7.43,E,8,95.0,E,8,822.9788000000001,E,8,999.0,E,8,0.65,E,8,-9900,?,9,-9900,?,9,0.0,E,8,-9900,?,9,-9900,?,9,0.0,0.0,E,8
06/23/2014,01:00,0.0,1321.458,0.0,1,8,0.0,1,8,0.0,1,8,0.0,1,8,0.0,1,8,0.0,1,8,-0.0,1,8,-9900,?,9,-9900,?,9,7.76,E,8,7.15,E,8,95.0,E,8,822.9788000000001,E,8,999.0,E,8,0.82,E,8,-9900,?,9,-9900,?,9,0.0,E,8,-9900,?,9,-9900,?,9,0.0,0.0,E,8
06/23/2014,02:00,0.0,1321.458,0.0,1,8,0.0,1,8,0.0,1,8,0.0,1,8,0.0,1,8,0.0,1,8,-0.0,1,8,-9900,?,9,-9900,?,9,7.42,E,8,6.86,E,8,96.0,E,8,822.9788000000001,E,8,999.0,E,8,1.04,E,8,-9900,?,9,-9900,?,9,0.0,E,8,-9900,?,9,-9900,?,9,0.0,0.0,E,8
06/23/2014,03:00,0.0,1321.458,0.0,1,8,0.0,1,8,0.0,1,8,0.0,1,8,0.0,1,8,0.0,1,8,-0.0,1,8,-9900,?,9,-9900,?,9,7.08,E,8,6.57,E,8,96.0,E,8,822.9788000000001,E,8,999.0,E,8,1.05,E,8,-9900,?,9,-9900,?,9,0.0,E,8,-9900,?,9,-9900,?,9,0.0,0.0,E,8
06/23/2014,04:00,0.0,1321.306,0.0,1,8,0.0,1,8,0.0,1,8,0.0,1,8,0.0,1,8,0.0,1,8,-0.0,1,8,-9900,?,9,-9900,?,9,6.75,E,8,6.29,E,8,96.0,E,8,822.9788000000001,E,8,999.0,E,8,1.21,E,8,-9900,?,9,-9900,?,9,0.0,E,8,-9900,?,9,-9900,?,9,0.0,0.0,E,8
06/23/2014,05:00,0.0,1321.306,0.0,1,8,0.0,1,8,0.0,1,8,0.0,1,8,0.0,1,8,0.0,1,8,-0.0,1,8,-9900,?,9,-9900,?,9,6.41,E,8,5.99,E,8,97.0,E,8,822.9788000000001,E,8,999.0,E,8,1.43,E,8,-9900,?,9,-9900,?,9,0.0,E,8,-9900,?,9,-9900,?,9,0.0,0.0,E,8
06/23/2014,06:00,0.0,1321.306,0.0,1,8,0.0,1,8,0.0,1,8,0.0,1,8,0.0,1,8,0.0,1,8,-0.0,1,8,-9900,?,9,-9900,?,9,6.15,E,8,5.75,E,8,97.0,E,8,822.9788000000001,E,8,999.0,E,8,1.12,E,8,-9900,?,9,-9900,?,9,0.0,E,8,-9900,?,9,-9900,?,9,0.0,0.0,E,8
06/23/2014,07:00,14.676,1321.306,0.0,1,8,0.0,1,8,0.0,1,8,0.0,1,8,0.0,1,8,0.0,1,8,0.0,1,8,-9900,?,9,-9900,?,9,5.93,E,8,5.55,E,8,97.0,E,8,822.9788000000001,E,8,999.0,E,8,0.65,E,8,-9900,?,9,-9900,?,9,0.0,E,8,-9900,?,9,-9900,?,9,0.0,0.0,E,8
06/23/2014,08:00,287.683,1321.306,13.53,1,8,0.0,1,8,13.53,1,8,1623.6,1,8,0.0,1,8,1488.3,1,8,19.894,1,8,-9900,?,9,-9900,?,9,5.7,E,8,5.34,E,8,97.0,E,8,822.9788000000001,E,8,999.0,E,8,0.65,E,8,-9900,?,9,-9900,?,9,0.0,E,8,-9900,?,9,-9900,?,9,0.0,0.0,E,8
06/23/2014,09:00,536.359,1321.306,68.21,1,8,0.0,1,8,68.21,1,8,8185.2,1,8,0.0,1,8,7503.1,1,8,53.566,1,8,-9900,?,9,-9900,?,9,7.57,E,8,6.99,E,8,96.0,E,8,822.9788000000001,E,8,999.0,E,8,0.65,E,8,-9900,?,9,-9900,?,9,0.0,E,8,-9900,?,9,-9900,?,9,0.0,0.0,E,8
06/23/2014,10:00,736.213,1321.306,84.3,1,8,0.0,1,8,84.3,1,8,10116.0,1,8,0.0,1,8,9273.0,1,8,48.19,1,8,-9900,?,9,-9900,?,9,8.23,E,8,7.54,E,8,95.0,E,8,822.9788000000001,E,8,999.0,E,8,0.65,E,8,-9900,?,9,-9900,?,9,0.0,E,8,-9900,?,9,-9900,?,9,0.0,0.0,E,8
06/23/2014,11:00,873.234,1321.306,177.81,1,8,2.238,1,8,176.332,1,8,21337.2,1,8,212.59,1,8,19396.48,1,8,84.961,1,8,-9900,?,9,-9900,?,9,9.63,E,8,8.64,E,8,93.0,E,8,822.9788000000001,E,8,999.0,E,8,0.65,E,8,-9900,?,9,-9900,?,9,0.0,E,8,-9900,?,9,-9900,?,9,0.0,0.0,E,8
06/23/2014,12:00,938.0,1321.306,196.69,1,8,1.411,1,8,195.689,1,8,23602.8,1,8,134.035,1,8,21525.756,1,8,87.769,1,8,-9900,?,9,-9900,?,9,10.64,E,8,9.39,E,8,91.0,E,8,822.9788000000001,E,8,999.0,E,8,0.65,E,8,-9900,?,9,-9900,?,9,0.0,E,8,-9900,?,9,-9900,?,9,0.0,0.0,E,8
06/23/2014,13:00,926.074,1321.306,204.43,1,8,3.022,1,8,202.313,1,8,24531.6,1,8,287.1,1,8,22254.377,1,8,91.91,1,8,-9900,?,9,-9900,?,9,11.37,E,8,9.91,E,8,90.0,E,8,822.9788000000001,E,8,999.0,E,8,0.65,E,8,-9900,?,9,-9900,?,9,0.0,E,8,-9900,?,9,-9900,?,9,0.0,0.0,E,8
06/23/2014,14:00,838.273,1321.306,114.2,1,8,0.0,1,8,114.2,1,8,13704.0,1,8,0.0,1,8,12562.0,1,8,57.322,1,8,-9900,?,9,-9900,?,9,11.31,E,8,9.86,E,8,90.0,E,8,822.9788000000001,E,8,999.0,E,8,0.65,E,8,-9900,?,9,-9900,?,9,0.0,E,8,-9900,?,9,-9900,?,9,0.0,0.0,E,8
06/23/2014,15:00,680.615,1321.306,146.61,1,8,9.528,1,8,141.706,1,8,17593.2,1,8,905.172,1,8,15587.656,1,8,87.638,1,8,-9900,?,9,-9900,?,9,11.44,E,8,9.96,E,8,90.0,E,8,822.9788000000001,E,8,999.0,E,8,0.65,E,8,-9900,?,9,-9900,?,9,0.0,E,8,-9900,?,9,-9900,?,9,0.0,0.0,E,8
06/23/2014,16:00,463.97,1321.306,103.63,1,8,0.0,1,8,103.63,1,8,12435.6,1,8,0.0,1,8,11399.3,1,8,94.134,1,8,-9900,?,9,-9900,?,9,11.25,E,8,9.82,E,8,90.0,E,8,822.9788000000001,E,8,999.0,E,8,0.65,E,8,-9900,?,9,-9900,?,9,0.0,E,8,-9900,?,9,-9900,?,9,0.0,0.0,E,8
06/23/2014,17:00,203.849,1321.306,50.36,1,8,0.422,1,8,50.296,1,8,6043.2,1,8,40.112,1,8,5532.515,1,8,104.956,1,8,-9900,?,9,-9900,?,9,10.69,E,8,9.42,E,8,91.0,E,8,822.9788000000001,E,8,999.0,E,8,0.76,E,8,-9900,?,9,-9900,?,9,0.0,E,8,-9900,?,9,-9900,?,9,0.0,0.0,E,8
06/23/2014,18:00,0.0,1321.306,2.37,1,8,0.0,1,8,0.0,1,8,284.4,1,8,0.0,1,8,0.0,1,8,-0.0,1,8,-9900,?,9,-9900,?,9,10.14,E,8,9.02,E,8,92.0,E,8,822.9788000000001,E,8,999.0,E,8,0.77,E,8,-9900,?,9,-9900,?,9,0.0,E,8,-9900,?,9,-9900,?,9,0.0,0.0,E,8
06/23/2014,19:00,0.0,1321.306,0.0,1,8,0.0,1,8,0.0,1,8,0.0,1,8,0.0,1,8,0.0,1,8,-0.0,1,8,-9900,?,9,-9900,?,9,9.58,E,8,8.6,E,8,93.0,E,8,822.9788000000001,E,8,999.0,E,8,0.85,E,8,-9900,?,9,-9900,?,9,0.0,E,8,-9900,?,9,-9900,?,9,0.0,0.0,E,8
06/23/2014,20:00,0.0,1321.306,0.0,1,8,0.0,1,8,0.0,1,8,0.0,1,8,0.0,1,8,0.0,1,8,-0.0,1,8,-9900,?,9,-9900,?,9,9.03,E,8,8.17,E,8,94.0,E,8,822.9788000000001,E,8,999.0,E,8,1.17,E,8,-9900,?,9,-9900,?,9,0.0,E,8,-9900,?,9,-9900,?,9,0.0,0.0,E,8
06/23/2014,21:00,0.0,1321.306,0.0,1,8,0.0,1,8,0.0,1,8,0.0,1,8,0.0,1,8,0.0,1,8,-0.0,1,8,-9900,?,9,-9900,?,9,8.47,E,8,7.73,E,8,95.0,E,8,822.9788000000001,E,8,999.0,E,8,1.19,E,8,-9900,?,9,-9900,?,9,0.0,E,8,-9900,?,9,-9900,?,9,0.0,0.0,E,8
06/23/2014,22:00,0.0,1321.306,0.0,1,8,0.0,1,8,0.0,1,8,0.0,1,8,0.0,1,8,0.0,1,8,-0.0,1,8,-9900,?,9,-9900,?,9,7.92,E,8,7.28,E,8,95.0,E,8,822.9788000000001,E,8,999.0,E,8,1.53,E,8,-9900,?,9,-9900,?,9,0.0,E,8,-9900,?,9,-9900,?,9,0.0,0.0,E,8
06/23/2014,23:00,0.0,1321.306,0.0,1,8,0.0,1,8,0.0,1,8,0.0,1,8,0.0,1,8,0.0,1,8,-0.0,1,8,-9900,?,9,-9900,?,9,7.36,E,8,6.81,E,8,96.0,E,8,822.9788000000001,E,8,999.0,E,8,1.97,E,8,-9900,?,9,-9900,?,9,0.0,E,8,-9900,?,9,-9900,?,9,0.0,0.0,E,8
06/23/2014,24:00,0.0,1321.306,0.0,1,8,0.0,1,8,0.0,1,8,0.0,1,8,0.0,1,8,0.0,1,8,-0.0,1,8,-9900,?,9,-9900,?,9,6.81,E,8,4.4,E,8,84.0,E,8,822.9788000000001,E,8,999.0,E,8,7.37,E,8,-9900,?,9,-9900,?,9,0.0,E,8,-9900,?,9,-9900,?,9,0.0,0.0,E,8
06/24/2014,01:00,0.0,1321.306,0.0,1,8,0.0,1,8,0.0,1,8,0.0,1,8,0.0,1,8,0.0,1,8,-0.0,1,8,-9900,?,9,-9900,?,9,6.53,E,8,4.44,E,8,86.0,E,8,822.9788000000001,E,8,999.0,E,8,4.63,E,8,-9900,?,9,-9900,?,9,0.0,E,8,-9900,?,9,-9900,?,9,0.0,0.0,E,8
06/24/2014,02:00,0.0,1321.306,0.0,1,8,0.0,1,8,0.0,1,8,0.0,1,8,0.0,1,8,0.0,1,8,-0.0,1,8,-9900,?,9,-9900,?,9,6.25,E,8,4.48,E,8,88.0,E,8,822.9788000000001,E,8,999.0,E,8,3.64,E,8,-9900,?,9,-9900,?,9,0.0,E,8,-9900,?,9,-9900,?,9,0.0,0.0,E,8
06/24/2014,03:00,0.0,1321.306,0.0,1,8,0.0,1,8,0.0,1,8,0.0,1,8,0.0,1,8,0.0,1,8,-0.0,1,8,-9900,?,9,-9900,?,9,5.98,E,8,4.52,E,8,90.0,E,8,822.9788000000001,E,8,999.0,E,8,2.78,E,8,-9900,?,9,-9900,?,9,0.0,E,8,-9900,?,9,-9900,?,9,0.0,0.0,E,8
06/24/2014,04:00,0.0,1321.166,0.0,1,8,0.0,1,8,0.0,1,8,0.0,1,8,0.0,1,8,0.0,1,8,-0.0,1,8,-9900,?,9,-9900,?,9,5.7,E,8,4.56,E,8,92.0,E,8,822.9788000000001,E,8,999.0,E,8,1.97,E,8,-9900,?,9,-9900,?,9,0.0,E,8,-9900,?,9,-9900,?,9,0.0,0.0,E,8
06/24/2014,05:00,0.0,1321.166,0.0,1,8,0.0,1,8,0.0,1,8,0.0,1,8,0.0,1,8,0.0,1,8,-0.0,1,8,-9900,?,9,-9900,?,9,5.42,E,8,4.6,E,8,94.0,E,8,822.9788000000001,E,8,999.0,E,8,1.97,E,8,-9900,?,9,-9900,?,9,0.0,E,8,-9900,?,9,-9900,?,9,0.0,0.0,E,8
06/24/2014,06:00,0.0,1321.166,0.0,1,8,0.0,1,8,0.0,1,8,0.0,1,8,0.0,1,8,0.0,1,8,-0.0,1,8,-9900,?,9,-9900,?,9,5.21,E,8,4.63,E,8,95.0,E,8,822.9788000000001,E,8,999.0,E,8,1.98,E,8,-9900,?,9,-9900,?,9,0.0,E,8,-9900,?,9,-9900,?,9,0.0,0.0,E,8
06/24/2014,07:00,13.881,1321.166,0.0,1,8,0.0,1,8,0.0,1,8,0.0,1,8,0.0,1,8,0.0,1,8,0.0,1,8,-9900,?,9,-9900,?,9,5.03,E,8,4.65,E,8,97.0,E,8,822.9788000000001,E,8,999.0,E,8,1.97,E,8,-9900,?,9,-9900,?,9,0.0,E,8,-9900,?,9,-9900,?,9,0.0,0.0,E,8
06/24/2014,08:00,286.857,1321.166,20.28,1,8,0.0,1,8,20.28,1,8,2433.6,1,8,0.0,1,8,2230.8,1,8,29.902,1,8,-9900,?,9,-9900,?,9,4.84,E,8,4.68,E,8,98.0,E,8,822.9788000000001,E,8,999.0,E,8,1.97,E,8,-9900,?,9,-9900,?,9,0.0,E,8,-9900,?,9,-9900,?,9,0.0,0.0,E,8
06/24/2014,09:00,535.685,1321.166,101.91,1,8,0.0,1,8,101.91,1,8,12229.2,1,8,0.0,1,8,11210.1,1,8,80.123,1,8,-9900,?,9,-9900,?,9,6.99,E,8,4.37,E,8,83.0,E,8,822.9788000000001,E,8,999.0,E,8,1.97,E,8,-9900,?,9,-9900,?,9,0.0,E,8,-9900,?,9,-9900,?,9,0.0,0.0,E,8
06/24/2014,10:00,735.75,1321.166,178.78,1,8,3.68,1,8,176.732,1,8,21453.6,1,8,349.591,1,8,19440.522,1,8,101.082,1,8,-9900,?,9,-9900,?,9,8.37,E,8,4.17,E,8,74.0,E,8,822.9788000000001,E,8,999.0,E,8,1.97,E,8,-9900,?,9,-9900,?,9,0.0,E,8,-9900,?,9,-9900,?,9,0.0,0.0,E,8
06/24/2014,11:00,873.024,1321.166,237.59,1,8,4.697,1,8,234.488,1,8,28510.8,1,8,446.186,1,8,25793.637,1,8,112.997,1,8,-9900,?,9,-9900,?,9,9.57,E,8,3.99,E,8,68.0,E,8,822.9788000000001,E,8,999.0,E,8,1.97,E,8,-9900,?,9,-9900,?,9,0.0,E,8,-9900,?,9,-9900,?,9,0.0,0.0,E,8
06/24/2014,12:00,938.068,1321.166,273.06,1,8,5.826,1,8,268.924,1,8,32767.2,1,8,553.491,1,8,29581.684,1,8,120.595,1,8,-9900,?,9,-9900,?,9,10.54,E,8,3.85,E,8,63.0,E,8,822.9788000000001,E,8,999.0,E,8,1.97,E,8,-9900,?,9,-9900,?,9,0.0,E,8,-9900,?,9,-9900,?,9,0.0,0.0,E,8
06/24/2014,13:00,926.426,1321.166,282.45,1,8,24.857,1,8,265.025,1,8,33894.0,1,8,2361.372,1,8,29152.796,1,8,120.342,1,8,-9900,?,9,-9900,?,9,11.25,E,8,3.74,E,8,59.0,E,8,822.9788000000001,E,8,999.0,E,8,1.97,E,8,-9900,?,9,-9900,?,9,0.0,E,8,-9900,?,9,-9900,?,9,0.0,0.0,E,8
06/24/2014,14:00,838.893,1321.166,265.03,1,8,7.82,1,8,260.067,1,8,31803.6,1,8,742.868,1,8,28607.364,1,8,130.429,1,8,-9900,?,9,-9900,?,9,11.66,E,8,3.68,E,8,57.0,E,8,822.9788000000001,E,8,999.0,E,8,2.02,E,8,-9900,?,9,-9900,?,9,0.0,E,8,-9900,?,9,-9900,?,9,0.0,0.0,E,8
06/24/2014,15:00,681.47,1321.166,222.13,1,8,13.44,1,8,215.203,1,8,26655.6,1,8,1276.775,1,8,23672.357,1,8,132.911,1,8,-9900,?,9,-9900,?,9,11.79,E,8,3.66,E,8,57.0,E,8,822.9788000000001,E,8,999.0,E,8,3.16,E,8,-9900,?,9,-9900,?,9,0.0,E,8,-9900,?,9,-9900,?,9,0.0,0.0,E,8
06/24/2014,16:00,465.011,1321.166,157.17,1,8,38.546,1,8,143.631,1,8,18860.4,1,8,3661.889,1,8,15799.377,1,8,130.162,1,8,-9900,?,9,-9900,?,9,11.52,E,8,3.7,E,8,58.0,E,8,822.9788000000001,E,8,999.0,E,8,3.64,E,8,-9900,?,9,-9900,?,9,0.0,E,8,-9900,?,9,-9900,?,9,0.0,0.0,E,8
06/24/2014,17:00,205.006,1321.166,76.59,1,8,74.382,1,8,65.177,1,8,9190.8,1,8,7066.307,1,8,7169.466,1,8,135.211,1,8,-9900,?,9,-9900,?,9,10.82,E,8,3.8,E,8,61.0,E,8,822.9788000000001,E,8,999.0,E,8,2.6,E,8,-9900,?,9,-9900,?,9,0.0,E,8,-9900,?,9,-9900,?,9,0.0,0.0,E,8
06/24/2014,18:00,0.0,1321.166,3.73,1,8,0.0,1,8,0.0,1,8,447.6,1,8,0.0,1,8,0.0,1,8,-0.0,1,8,-9900,?,9,-9900,?,9,10.2,E,8,3.9,E,8,64.0,E,8,822.9788000000001,E,8,999.0,E,8,2.92,E,8,-9900,?,9,-9900,?,9,0.0,E,8,-9900,?,9,-9900,?,9,0.0,0.0,E,8
06/24/2014,19:00,0.0,1321.166,0.0,1,8,0.0,1,8,0.0,1,8,0.0,1,8,0.0,1,8,0.0,1,8,-0.0,1,8,-9900,?,9,-9900,?,9,9.59,E,8,3.99,E,8,68.0,E,8,822.9788000000001,E,8,999.0,E,8,5.19,E,8,-9900,?,9,-9900,?,9,0.0,E,8,-9900,?,9,-9900,?,9,0.0,0.0,E,8
06/24/2014,20:00,0.0,1321.166,0.0,1,8,0.0,1,8,0.0,1,8,0.0,1,8,0.0,1,8,0.0,1,8,-0.0,1,8,-9900,?,9,-9900,?,9,8.97,E,8,4.08,E,8,71.0,E,8,822.9788000000001,E,8,999.0,E,8,5.68,E,8,-9900,?,9,-9900,?,9,0.0,E,8,-9900,?,9,-9900,?,9,0.0,0.0,E,8
06/24/2014,21:00,0.0,1321.166,0.0,1,8,0.0,1,8,0.0,1,8,0.0,1,8,0.0,1,8,0.0,1,8,-0.0,1,8,-9900,?,9,-9900,?,9,8.35,E,8,4.17,E,8,74.0,E,8,822.9788000000001,E,8,999.0,E,8,7.08,E,8,-9900,?,9,-9900,?,9,0.0,E,8,-9900,?,9,-9900,?,9,0.0,0.0,E,8
06/24/2014,22:00,0.0,1321.166,0.0,1,8,0.0,1,8,0.0,1,8,0.0,1,8,0.0,1,8,0.0,1,8,-0.0,1,8,-9900,?,9,-9900,?,9,7.74,E,8,4.26,E,8,78.0,E,8,822.9788000000001,E,8,999.0,E,8,4.99,E,8,-9900,?,9,-9900,?,9,0.0,E,8,-9900,?,9,-9900,?,9,0.0,0.0,E,8
06/24/2014,23:00,0.0,1321.166,0.0,1,8,0.0,1,8,0.0,1,8,0.0,1,8,0.0,1,8,0.0,1,8,-0.0,1,8,-9900,?,9,-9900,?,9,7.12,E,8,4.35,E,8,82.0,E,8,822.9788000000001,E,8,999.0,E,8,7.18,E,8,-9900,?,9,-9900,?,9,0.0,E,8,-9900,?,9,-9900,?,9,0.0,0.0,E,8
06/24/2014,24:00,0.0,1321.166,0.0,1,8,0.0,1,8,0.0,1,8,0.0,1,8,0.0,1,8,0.0,1,8,-0.0,1,8,-9900,?,9,-9900,?,9,6.5,E,8,3.33,E,8,80.0,E,8,822.9788000000001,E,8,999.0,E,8,0.34,E,8,-9900,?,9,-9900,?,9,0.0,E,8,-9900,?,9,-9900,?,9,0.0,0.0,E,8
06/25/2014,01:00,0.0,1321.166,0.0,1,8,0.0,1,8,0.0,1,8,0.0,1,8,0.0,1,8,0.0,1,8,-0.0,1,8,-9900,?,9,-9900,?,9,6.19,E,8,3.41,E,8,82.0,E,8,822.9788000000001,E,8,999.0,E,8,0.37,E,8,-9900,?,9,-9900,?,9,0.0,E,8,-9900,?,9,-9900,?,9,0.0,0.0,E,8
06/25/2014,02:00,0.0,1321.166,0.0,1,8,0.0,1,8,0.0,1,8,0.0,1,8,0.0,1,8,0.0,1,8,-0.0,1,8,-9900,?,9,-9900,?,9,5.88,E,8,3.49,E,8,84.0,E,8,822.9788000000001,E,8,999.0,E,8,0.37,E,8,-9900,?,9,-9900,?,9,0.0,E,8,-9900,?,9,-9900,?,9,0.0,0.0,E,8
06/25/2014,03:00,0.0,1321.166,0.0,1,8,0.0,1,8,0.0,1,8,0.0,1,8,0.0,1,8,0.0,1,8,-0.0,1,8,-9900,?,9,-9900,?,9,5.58,E,8,3.57,E,8,86.0,E,8,822.9788000000001,E,8,999.0,E,8,0.43,E,8,-9900,?,9,-9900,?,9,0.0,E,8,-9900,?,9,-9900,?,9,0.0,0.0,E,8
06/25/2014,04:00,0.0,1321.038,0.0,1,8,0.0,1,8,0.0,1,8,0.0,1,8,0.0,1,8,0.0,1,8,-0.0,1,8,-9900,?,9,-9900,?,9,5.27,E,8,3.65,E,8,89.0,E,8,822.9788000000001,E,8,999.0,E,8,0.33,E,8,-9900,?,9,-9900,?,9,0.0,E,8,-9900,?,9,-9900,?,9,0.0,0.0,E,8
06/25/2014,05:00,0.0,1321.038,0.0,1,8,0.0,1,8,0.0,1,8,0.0,1,8,0.0,1,8,0.0,1,8,-0.0,1,8,-9900,?,9,-9900,?,9,4.96,E,8,3.73,E,8,91.0,E,8,822.9788000000001,E,8,999.0,E,8,0.46,E,8,-9900,?,9,-9900,?,9,0.0,E,8,-9900,?,9,-9900,?,9,0.0,0.0,E,8
06/25/2014,06:00,0.0,1321.038,0.0,1,8,0.0,1,8,0.0,1,8,0.0,1,8,0.0,1,8,0.0,1,8,-0.0,1,8,-9900,?,9,-9900,?,9,4.72,E,8,3.79,E,8,93.0,E,8,822.9788000000001,E,8,999.0,E,8,0.82,E,8,-9900,?,9,-9900,?,9,0.0,E,8,-9900,?,9,-9900,?,9,0.0,0.0,E,8
06/25/2014,07:00,13.147,1321.038,0.0,1,8,0.0,1,8,0.0,1,8,0.0,1,8,0.0,1,8,0.0,1,8,0.0,1,8,-9900,?,9,-9900,?,9,4.52,E,8,3.84,E,8,95.0,E,8,822.9788000000001,E,8,999.0,E,8,0.69,E,8,-9900,?,9,-9900,?,9,0.0,E,8,-9900,?,9,-9900,?,9,0.0,0.0,E,8
06/25/2014,08:00,286.116,1321.038,27.49,1,8,0.0,1,8,27.49,1,8,3298.8,1,8,0.0,1,8,3023.9,1,8,40.636,1,8,-9900,?,9,-9900,?,9,4.31,E,8,3.89,E,8,97.0,E,8,822.9788000000001,E,8,999.0,E,8,0.83,E,8,-9900,?,9,-9900,?,9,0.0,E,8,-9900,?,9,-9900,?,9,0.0,0.0,E,8
06/25/2014,09:00,535.111,1321.038,139.09,1,8,6.862,1,8,136.315,1,8,16690.8,1,8,651.891,1,8,14994.599,1,8,107.278,1,8,-9900,?,9,-9900,?,9,6.68,E,8,3.28,E,8,78.0,E,8,822.9788000000001,E,8,999.0,E,8,1.45,E,8,-9900,?,9,-9900,?,9,0.0,E,8,-9900,?,9,-9900,?,9,0.0,0.0,E,8
06/25/2014,10:00,735.398,1321.038,244.28,1,8,7.572,1,8,240.068,1,8,29313.6,1,8,719.307,1,8,26407.453,1,8,137.36,1,8,-9900,?,9,-9900,?,9,8.2,E,8,2.88,E,8,69.0,E,8,822.9788000000001,E,8,999.0,E,8,1.84,E,8,-9900,?,9,-9900,?,9,0.0,E,8,-9900,?,9,-9900,?,9,0.0,0.0,E,8
06/25/2014,11:00,872.932,1321.038,324.79,1,8,14.456,1,8,315.241,1,8,38974.8,1,8,1373.291,1,8,34676.554,1,8,151.912,1,8,-9900,?,9,-9900,?,9,9.54,E,8,2.51,E,8,61.0,E,8,822.9788000000001,E,8,999.0,E,8,2.71,E,8,-9900,?,9,-9900,?,9,0.0,E,8,-9900,?,9,-9900,?,9,0.0,0.0,E,8
06/25/2014,12:00,938.256,1321.038,373.43,1,8,69.817,1,8,323.857,1,8,44811.6,1,8,6632.621,1,8,35624.306,1,8,145.185,1,8,-9900,?,9,-9900,?,9,10.62,E,8,2.21,E,8,55.0,E,8,822.9788000000001,E,8,999.0,E,8,3.27,E,8,-9900,?,9,-9900,?,9,0.0,E,8,-9900,?,9,-9900,?,9,0.0,0.0,E,8
06/25/2014,13:00,926.894,1321.038,386.39,1,8,84.967,1,8,326.792,1,8,46366.8,1,8,8071.833,1,8,35947.12,1,8,148.299,1,8,-9900,?,9,-9900,?,9,11.39,E,8,2.0,E,8,52.0,E,8,822.9788000000001,E,8,999.0,E,8,3.51,E,8,-9900,?,9,-9900,?,9,0.0,E,8,-9900,?,9,-9900,?,9,0.0,0.0,E,8
06/25/2014,14:00,839.623,1321.038,362.7,1,8,106.794,1,8,294.854,1,8,43524.0,1,8,10145.398,1,8,32433.905,1,8,147.732,1,8,-9900,?,9,-9900,?,9,11.85,E,8,1.86,E,8,50.0,E,8,822.9788000000001,E,8,999.0,E,8,3.62,E,8,-9900,?,9,-9900,?,9,0.0,E,8,-9900,?,9,-9900,?,9,0.0,0.0,E,8
06/25/2014,15:00,682.424,1321.038,304.16,1,8,114.141,1,8,245.244,1,8,36499.2,1,8,10843.369,1,8,26976.884,1,8,151.238,1,8,-9900,?,9,-9900,?,9,11.99,E,8,1.82,E,8,49.0,E,8,822.9788000000001,E,8,999.0,E,8,4.36,E,8,-9900,?,9,-9900,?,9,0.0,E,8,-9900,?,9,-9900,?,9,0.0,0.0,E,8
06/25/2014,16:00,466.136,1321.038,215.43,1,8,184.585,1,8,150.431,1,8,25851.6,1,8,17535.607,1,8,16547.392,1,8,135.98,1,8,-9900,?,9,-9900,?,9,11.7,E,8,1.91,E,8,50.0,E,8,822.9788000000001,E,8,999.0,E,8,4.29,E,8,-9900,?,9,-9900,?,9,0.0,E,8,-9900,?,9,-9900,?,9,0.0,0.0,E,8
06/25/2014,17:00,206.229,1321.038,105.29,1,8,315.18,1,8,56.63,1,8,12634.8,1,8,29942.135,1,8,6229.275,1,8,116.756,1,8,-9900,?,9,-9900,?,9,10.93,E,8,2.13,E,8,54.0,E,8,822.9788000000001,E,8,999.0,E,8,3.55,E,8,-9900,?,9,-9900,?,9,0.0,E,8,-9900,?,9,-9900,?,9,0.0,0.0,E,8
06/25/2014,18:00,0.0,1321.038,5.32,1,8,0.0,1,8,0.0,1,8,638.4,1,8,0.0,1,8,0.0,1,8,-0.0,1,8,-9900,?,9,-9900,?,9,10.21,E,8,2.33,E,8,58.0,E,8,822.9788000000001,E,8,999.0,E,8,3.46,E,8,-9900,?,9,-9900,?,9,0.0,E,8,-9900,?,9,-9900,?,9,0.0,0.0,E,8
06/25/2014,19:00,0.0,1321.038,0.0,1,8,0.0,1,8,0.0,1,8,0.0,1,8,0.0,1,8,0.0,1,8,-0.0,1,8,-9900,?,9,-9900,?,9,9.49,E,8,2.53,E,8,61.0,E,8,822.9788000000001,E,8,999.0,E,8,2.11,E,8,-9900,?,9,-9900,?,9,0.0,E,8,-9900,?,9,-9900,?,9,0.0,0.0,E,8
06/25/2014,20:00,0.0,1321.038,0.0,1,8,0.0,1,8,0.0,1,8,0.0,1,8,0.0,1,8,0.0,1,8,-0.0,1,8,-9900,?,9,-9900,?,9,8.77,E,8,2.73,E,8,65.0,E,8,822.9788000000001,E,8,999.0,E,8,1.49,E,8,-9900,?,9,-9900,?,9,0.0,E,8,-9900,?,9,-9900,?,9,0.0,0.0,E,8
06/25/2014,21:00,0.0,1321.038,0.0,1,8,0.0,1,8,0.0,1,8,0.0,1,8,0.0,1,8,0.0,1,8,-0.0,1,8,-9900,?,9,-9900,?,9,8.05,E,8,2.92,E,8,70.0,E,8,822.9788000000001,E,8,999.0,E,8,1.25,E,8,-9900,?,9,-9900,?,9,0.0,E,8,-9900,?,9,-9900,?,9,0.0,0.0,E,8
06/25/2014,22:00,0.0,1321.038,0.0,1,8,0.0,1,8,0.0,1,8,0.0,1,8,0.0,1,8,0.0,1,8,-0.0,1,8,-9900,?,9,-9900,?,9,7.33,E,8,3.11,E,8,74.0,E,8,822.9788000000001,E,8,999.0,E,8,1.06,E,8,-9900,?,9,-9900,?,9,0.0,E,8,-9900,?,9,-9900,?,9,0.0,0.0,E,8
06/25/2014,23:00,0.0,1321.038,0.0,1,8,0.0,1,8,0.0,1,8,0.0,1,8,0.0,1,8,0.0,1,8,-0.0,1,8,-9900,?,9,-9900,?,9,6.61,E,8,3.3,E,8,79.0,E,8,822.9788000000001,E,8,999.0,E,8,0.47,E,8,-9900,?,9,-9900,?,9,0.0,E,8,-9900,?,9,-9900,?,9,0.0,0.0,E,8
06/25/2014,24:00,0.0,1321.038,0.0,1,8,0.0,1,8,0.0,1,8,0.0,1,8,0.0,1,8,0.0,1,8,-0.0,1,8,-9900,?,9,-9900,?,9,5.89,E,8,-0.02,E,8,65.0,E,8,822.9788000000001,E,8,999.0,E,8,0.46,E,8,-9900,?,9,-9900,?,9,0.0,E,8,-9900,?,9,-9900,?,9,0.0,0.0,E,8
06/26/2014,01:00,0.0,1321.038,0.0,1,8,0.0,1,8,0.0,1,8,0.0,1,8,0.0,1,8,0.0,1,8,-0.0,1,8,-9900,?,9,-9900,?,9,5.52,E,8,0.31,E,8,69.0,E,8,822.9788000000001,E,8,999.0,E,8,0.45,E,8,-9900,?,9,-9900,?,9,0.0,E,8,-9900,?,9,-9900,?,9,0.0,0.0,E,8
06/26/2014,02:00,0.0,1321.038,0.0,1,8,0.0,1,8,0.0,1,8,0.0,1,8,0.0,1,8,0.0,1,8,-0.0,1,8,-9900,?,9,-9900,?,9,5.16,E,8,0.62,E,8,72.0,E,8,822.9788000000001,E,8,999.0,E,8,0.51,E,8,-9900,?,9,-9900,?,9,0.0,E,8,-9900,?,9,-9900,?,9,0.0,0.0,E,8
06/26/2014,03:00,0.0,1321.038,0.0,1,8,0.0,1,8,0.0,1,8,0.0,1,8,0.0,1,8,0.0,1,8,-0.0,1,8,-9900,?,9,-9900,?,9,4.8,E,8,0.93,E,8,76.0,E,8,822.9788000000001,E,8,999.0,E,8,0.45,E,8,-9900,?,9,-9900,?,9,0.0,E,8,-9900,?,9,-9900,?,9,0.0,0.0,E,8
06/26/2014,04:00,0.0,1320.923,0.0,1,8,0.0,1,8,0.0,1,8,0.0,1,8,0.0,1,8,0.0,1,8,-0.0,1,8,-9900,?,9,-9900,?,9,4.44,E,8,1.23,E,8,79.0,E,8,822.9788000000001,E,8,999.0,E,8,0.66,E,8,-9900,?,9,-9900,?,9,0.0,E,8,-9900,?,9,-9900,?,9,0.0,0.0,E,8
06/26/2014,05:00,0.0,1320.923,0.0,1,8,0.0,1,8,0.0,1,8,0.0,1,8,0.0,1,8,0.0,1,8,-0.0,1,8,-9900,?,9,-9900,?,9,4.08,E,8,1.53,E,8,83.0,E,8,822.9788000000001,E,8,999.0,E,8,0.45,E,8,-9900,?,9,-9900,?,9,0.0,E,8,-9900,?,9,-9900,?,9,0.0,0.0,E,8
06/26/2014,06:00,0.0,1320.923,0.0,1,8,0.0,1,8,0.0,1,8,0.0,1,8,0.0,1,8,0.0,1,8,-0.0,1,8,-9900,?,9,-9900,?,9,3.8,E,8,1.76,E,8,86.0,E,8,822.9788000000001,E,8,999.0,E,8,0.45,E,8,-9900,?,9,-9900,?,9,0.0,E,8,-9900,?,9,-9900,?,9,0.0,0.0,E,8
06/26/2014,07:00,12.476,1320.923,0.0,1,8,0.0,1,8,0.0,1,8,0.0,1,8,0.0,1,8,0.0,1,8,0.0,1,8,-9900,?,9,-9900,?,9,3.57,E,8,1.94,E,8,89.0,E,8,822.9788000000001,E,8,999.0,E,8,0.45,E,8,-9900,?,9,-9900,?,9,0.0,E,8,-9900,?,9,-9900,?,9,0.0,0.0,E,8
06/26/2014,08:00,285.461,1320.923,46.72,1,8,0.0,1,8,46.72,1,8,5606.4,1,8,0.0,1,8,5139.2,1,8,69.216,1,8,-9900,?,9,-9900,?,9,3.33,E,8,2.13,E,8,91.0,E,8,822.9788000000001,E,8,999.0,E,8,0.45,E,8,-9900,?,9,-9900,?,9,0.0,E,8,-9900,?,9,-9900,?,9,0.0,0.0,E,8
06/26/2014,09:00,534.637,1320.923,243.67,1,8,157.805,1,8,179.894,1,8,29240.4,1,8,14991.515,1,8,19788.335,1,8,141.687,1,8,-9900,?,9,-9900,?,9,6.73,E,8,-0.7,E,8,58.0,E,8,822.9788000000001,E,8,999.0,E,8,0.45,E,8,-9900,?,9,-9900,?,9,0.0,E,8,-9900,?,9,-9900,?,9,0.0,0.0,E,8
06/26/2014,10:00,735.157,1320.923,428.61,1,8,291.45,1,8,266.51,1,8,51433.2,1,8,27687.765,1,8,29316.101,1,8,152.526,1,8,-9900,?,9,-9900,?,9,8.95,E,8,-2.72,E,8,42.0,E,8,822.9788000000001,E,8,999.0,E,8,0.53,E,8,-9900,?,9,-9900,?,9,0.0,E,8,-9900,?,9,-9900,?,9,0.0,0.0,E,8
06/26/2014,11:00,872.957,1320.923,569.59,1,8,384.407,1,8,315.643,1,8,68350.8,1,8,36518.688,1,8,34720.764,1,8,152.088,1,8,-9900,?,9,-9900,?,9,10.88,E,8,-4.76,E,8,31.0,E,8,822.9788000000001,E,8,999.0,E,8,0.91,E,8,-9900,?,9,-9900,?,9,0.0,E,8,-9900,?,9,-9900,?,9,0.0,0.0,E,8
06/26/2014,12:00,938.562,1320.923,656.18,1,8,538.135,1,8,273.926,1,8,78741.6,1,8,51122.842,1,8,30131.87,1,8,122.75,1,8,-9900,?,9,-9900,?,9,12.45,E,8,-6.71,E,8,24.0,E,8,822.9788000000001,E,8,999.0,E,8,1.44,E,8,-9900,?,9,-9900,?,9,0.0,E,8,-9900,?,9,-9900,?,9,0.0,0.0,E,8
06/26/2014,13:00,927.477,1320.923,672.28,1,8,626.492,1,8,232.526,1,8,80673.6,1,8,59516.71,1,8,25577.84,1,8,105.445,1,8,-9900,?,9,-9900,?,9,13.56,E,8,-8.3,E,8,19.0,E,8,822.9788000000001,E,8,999.0,E,8,2.49,E,8,-9900,?,9,-9900,?,9,0.0,E,8,-9900,?,9,-9900,?,9,0.0,0.0,E,8
06/26/2014,14:00,840.46,1320.923,624.08,1,8,652.341,1,8,209.196,1,8,74889.6,1,8,61972.387,1,8,23011.546,1,8,104.701,1,8,-9900,?,9,-9900,?,9,14.18,E,8,-9.28,E,8,17.0,E,8,822.9788000000001,E,8,999.0,E,8,2.9,E,8,-9900,?,9,-9900,?,9,0.0,E,8,-9900,?,9,-9900,?,9,0.0,0.0,E,8
06/26/2014,15:00,683.474,1320.923,523.1,1,8,772.088,1,8,123.925,1,8,62772.0,1,8,73348.364,1,8,13631.723,1,8,76.298,1,8,-9900,?,9,-9900,?,9,14.36,E,8,-9.58,E,8,16.0,E,8,822.9788000000001,E,8,999.0,E,8,2.77,E,8,-9900,?,9,-9900,?,9,0.0,E,8,-9900,?,9,-9900,?,9,0.0,0.0,E,8
06/26/2014,16:00,467.342,1320.923,377.05,1,8,745.974,1,8,113.66,1,8,45246.0,1,8,70867.567,1,8,12502.552,1,8,102.466,1,8,-9900,?,9,-9900,?,9,13.95,E,8,-8.9,E,8,17.0,E,8,822.9788000000001,E,8,999.0,E,8,2.52,E,8,-9900,?,9,-9900,?,9,0.0,E,8,-9900,?,9,-9900,?,9,0.0,0.0,E,8
06/26/2014,17:00,207.517,1320.923,182.74,1,8,413.903,1,8,118.425,1,8,21928.8,1,8,39320.741,1,8,13026.742,1,8,242.593,1,8,-9900,?,9,-9900,?,9,12.84,E,8,-7.24,E,8,22.0,E,8,822.9788000000001,E,8,999.0,E,8,1.25,E,8,-9900,?,9,-9900,?,9,0.0,E,8,-9900,?,9,-9900,?,9,0.0,0.0,E,8
06/26/2014,18:00,0.0,1320.923,10.2,1,8,0.0,1,8,0.0,1,8,1224.0,1,8,0.0,1,8,0.0,1,8,-0.0,1,8,-9900,?,9,-9900,?,9,12.06,E,8,-6.2,E,8,25.0,E,8,822.9788000000001,E,8,999.0,E,8,0.99,E,8,-9900,?,9,-9900,?,9,0.0,E,8,-9900,?,9,-9900,?,9,0.0,0.0,E,8
06/26/2014,19:00,0.0,1320.923,0.0,1,8,0.0,1,8,0.0,1,8,0.0,1,8,0.0,1,8,0.0,1,8,-0.0,1,8,-9900,?,9,-9900,?,9,11.28,E,8,-5.23,E,8,29.0,E,8,822.9788000000001,E,8,999.0,E,8,0.45,E,8,-9900,?,9,-9900,?,9,0.0,E,8,-9900,?,9,-9900,?,9,0.0,0.0,E,8
06/26/2014,20:00,0.0,1320.923,0.0,1,8,0.0,1,8,0.0,1,8,0.0,1,8,0.0,1,8,0.0,1,8,-0.0,1,8,-9900,?,9,-9900,?,9,10.5,E,8,-4.33,E,8,33.0,E,8,822.9788000000001,E,8,999.0,E,8,0.45,E,8,-9900,?,9,-9900,?,9,0.0,E,8,-9900,?,9,-9900,?,9,0.0,0.0,E,8
06/26/2014,21:00,0.0,1320.923,0.0,1,8,0.0,1,8,0.0,1,8,0.0,1,8,0.0,1,8,0.0,1,8,-0.0,1,8,-9900,?,9,-9900,?,9,9.71,E,8,-3.48,E,8,37.0,E,8,822.9788000000001,E,8,999.0,E,8,0.45,E,8,-9900,?,9,-9900,?,9,0.0,E,8,-9900,?,9,-9900,?,9,0.0,0.0,E,8
06/26/2014,22:00,0.0,1320.923,0.0,1,8,0.0,1,8,0.0,1,8,0.0,1,8,0.0,1,8,0.0,1,8,-0.0,1,8,-9900,?,9,-9900,?,9,8.93,E,8,-2.7,E,8,42.0,E,8,822.9788000000001,E,8,999.0,E,8,0.45,E,8,-9900,?,9,-9900,?,9,0.0,E,8,-9900,?,9,-9900,?,9,0.0,0.0,E,8
06/26/2014,23:00,0.0,1320.923,0.0,1,8,0.0,1,8,0.0,1,8,0.0,1,8,0.0,1,8,0.0,1,8,-0.0,1,8,-9900,?,9,-9900,?,9,8.15,E,8,-1.95,E,8,47.0,E,8,822.9788000000001,E,8,999.0,E,8,0.45,E,8,-9900,?,9,-9900,?,9,0.0,E,8,-9900,?,9,-9900,?,9,0.0,0.0,E,8
06/26/2014,24:00,0.0,1320.923,0.0,1,8,0.0,1,8,0.0,1,8,0.0,1,8,0.0,1,8,0.0,1,8,-0.0,1,8,-9900,?,9,-9900,?,9,7.37,E,8,1.21,E,8,64.0,E,8,822.9788000000001,E,8,999.0,E,8,0.87,E,8,-9900,?,9,-9900,?,9,0.0,E,8,-9900,?,9,-9900,?,9,0.0,0.0,E,8
06/27/2014,01:00,0.0,1320.923,0.0,1,8,0.0,1,8,0.0,1,8,0.0,1,8,0.0,1,8,0.0,1,8,-0.0,1,8,-9900,?,9,-9900,?,9,6.98,E,8,1.66,E,8,68.0,E,8,822.9788000000001,E,8,999.0,E,8,0.87,E,8,-9900,?,9,-9900,?,9,0.0,E,8,-9900,?,9,-9900,?,9,0.0,0.0,E,8
06/27/2014,02:00,0.0,1320.923,0.0,1,8,0.0,1,8,0.0,1,8,0.0,1,8,0.0,1,8,0.0,1,8,-0.0,1,8,-9900,?,9,-9900,?,9,6.59,E,8,2.09,E,8,72.0,E,8,822.9788000000001,E,8,999.0,E,8,0.87,E,8,-9900,?,9,-9900,?,9,0.0,E,8,-9900,?,9,-9900,?,9,0.0,0.0,E,8
06/27/2014,03:00,0.0,1320.923,0.0,1,8,0.0,1,8,0.0,1,8,0.0,1,8,0.0,1,8,0.0,1,8,-0.0,1,8,-9900,?,9,-9900,?,9,6.2,E,8,2.52,E,8,77.0,E,8,822.9788000000001,E,8,999.0,E,8,0.87,E,8,-9900,?,9,-9900,?,9,0.0,E,8,-9900,?,9,-9900,?,9,0.0,0.0,E,8
06/27/2014,04:00,0.0,1320.821,0.0,1,8,0.0,1,8,0.0,1,8,0.0,1,8,0.0,1,8,0.0,1,8,-0.0,1,8,-9900,?,9,-9900,?,9,5.81,E,8,2.93,E,8,81.0,E,8,822.9788000000001,E,8,999.0,E,8,0.87,E,8,-9900,?,9,-9900,?,9,0.0,E,8,-9900,?,9,-9900,?,9,0.0,0.0,E,8
06/27/2014,05:00,0.0,1320.821,0.0,1,8,0.0,1,8,0.0,1,8,0.0,1,8,0.0,1,8,0.0,1,8,-0.0,1,8,-9900,?,9,-9900,?,9,5.42,E,8,3.34,E,8,86.0,E,8,822.9788000000001,E,8,999.0,E,8,0.87,E,8,-9900,?,9,-9900,?,9,0.0,E,8,-9900,?,9,-9900,?,9,0.0,0.0,E,8
06/27/2014,06:00,0.0,1320.821,0.0,1,8,0.0,1,8,0.0,1,8,0.0,1,8,0.0,1,8,0.0,1,8,-0.0,1,8,-9900,?,9,-9900,?,9,5.12,E,8,3.64,E,8,90.0,E,8,822.9788000000001,E,8,999.0,E,8,0.87,E,8,-9900,?,9,-9900,?,9,0.0,E,8,-9900,?,9,-9900,?,9,0.0,0.0,E,8
06/27/2014,07:00,11.869,1320.821,0.0,1,8,0.0,1,8,0.0,1,8,0.0,1,8,0.0,1,8,0.0,1,8,0.0,1,8,-9900,?,9,-9900,?,9,4.86,E,8,3.9,E,8,93.0,E,8,822.9788000000001,E,8,999.0,E,8,0.87,E,8,-9900,?,9,-9900,?,9,0.0,E,8,-9900,?,9,-9900,?,9,0.0,0.0,E,8
06/27/2014,08:00,284.895,1320.821,55.11,1,8,0.0,1,8,55.11,1,8,6613.2,1,8,0.0,1,8,6062.1,1,8,81.803,1,8,-9900,?,9,-9900,?,9,4.6,E,8,4.15,E,8,96.0,E,8,822.9788000000001,E,8,999.0,E,8,0.87,E,8,-9900,?,9,-9900,?,9,0.0,E,8,-9900,?,9,-9900,?,9,0.0,0.0,E,8
06/27/2014,09:00,534.266,1320.821,203.26,1,8,61.746,1,8,178.321,1,8,24391.2,1,8,5865.877,1,8,19615.331,1,8,140.536,1,8,-9900,?,9,-9900,?,9,7.67,E,8,0.85,E,8,61.0,E,8,822.9788000000001,E,8,999.0,E,8,0.87,E,8,-9900,?,9,-9900,?,9,0.0,E,8,-9900,?,9,-9900,?,9,0.0,0.0,E,8
06/27/2014,10:00,735.027,1320.821,367.22,1,8,177.537,1,8,268.486,1,8,44066.4,1,8,16866.058,1,8,29533.481,1,8,153.672,1,8,-9900,?,9,-9900,?,9,9.56,E,8,-1.41,E,8,45.0,E,8,822.9788000000001,E,8,999.0,E,8,0.87,E,8,-9900,?,9,-9900,?,9,0.0,E,8,-9900,?,9,-9900,?,9,0.0,0.0,E,8
06/27/2014,11:00,873.1,1320.821,659.72,1,8,619.149,1,8,250.6,1,8,79166.4,1,8,58819.189,1,8,27565.949,1,8,120.719,1,8,-9900,?,9,-9900,?,9,12.24,E,8,-5.28,E,8,27.0,E,8,822.9788000000001,E,8,999.0,E,8,0.87,E,8,-9900,?,9,-9900,?,9,0.0,E,8,-9900,?,9,-9900,?,9,0.0,0.0,E,8
06/27/2014,12:00,938.987,1320.821,492.72,1,8,107.905,1,8,416.031,1,8,59126.4,1,8,10250.958,1,8,45763.43,1,8,186.331,1,8,-9900,?,9,-9900,?,9,13.05,E,8,-6.72,E,8,23.0,E,8,822.9788000000001,E,8,999.0,E,8,0.87,E,8,-9900,?,9,-9900,?,9,0.0,E,8,-9900,?,9,-9900,?,9,0.0,0.0,E,8
06/27/2014,13:00,928.176,1320.821,453.96,1,8,71.43,1,8,403.779,1,8,54475.2,1,8,6785.83,1,8,44415.743,1,8,182.953,1,8,-9900,?,9,-9900,?,9,13.44,E,8,-7.48,E,8,21.0,E,8,822.9788000000001,E,8,999.0,E,8,0.87,E,8,-9900,?,9,-9900,?,9,0.0,E,8,-9900,?,9,-9900,?,9,0.0,0.0,E,8
06/27/2014,14:00,841.404,1320.821,443.36,1,8,119.614,1,8,367.195,1,8,53203.2,1,8,11363.367,1,8,40391.407,1,8,183.558,1,8,-9900,?,9,-9900,?,9,13.68,E,8,-7.97,E,8,19.0,E,8,822.9788000000001,E,8,999.0,E,8,0.98,E,8,-9900,?,9,-9900,?,9,0.0,E,8,-9900,?,9,-9900,?,9,0.0,0.0,E,8
06/27/2014,15:00,684.619,1320.821,473.77,1,8,548.056,1,8,189.923,1,8,56852.4,1,8,52065.338,1,8,20891.551,1,8,116.726,1,8,-9900,?,9,-9900,?,9,13.95,E,8,-8.55,E,8,18.0,E,8,822.9788000000001,E,8,999.0,E,8,1.88,E,8,-9900,?,9,-9900,?,9,0.0,E,8,-9900,?,9,-9900,?,9,0.0,0.0,E,8
06/27/2014,16:00,468.628,1320.821,144.03,1,8,81.757,1,8,115.081,1,8,17283.6,1,8,7766.916,1,8,12658.91,1,8,103.453,1,8,-9900,?,9,-9900,?,9,12.83,E,8,-6.31,E,8,24.0,E,8,822.9788000000001,E,8,999.0,E,8,0.87,E,8,-9900,?,9,-9900,?,9,0.0,E,8,-9900,?,9,-9900,?,9,0.0,0.0,E,8
06/27/2014,17:00,208.866,1320.821,149.79,1,8,308.349,1,8,101.555,1,8,17974.8,1,8,29293.132,1,8,11170.997,1,8,206.645,1,8,-9900,?,9,-9900,?,9,11.96,E,8,-4.81,E,8,29.0,E,8,822.9788000000001,E,8,999.0,E,8,0.87,E,8,-9900,?,9,-9900,?,9,0.0,E,8,-9900,?,9,-9900,?,9,0.0,0.0,E,8
06/27/2014,18:00,0.0,1320.821,8.17,1,8,0.0,1,8,0.0,1,8,980.4,1,8,0.0,1,8,0.0,1,8,-0.0,1,8,-9900,?,9,-9900,?,9,11.58,E,8,-4.21,E,8,31.0,E,8,822.9788000000001,E,8,999.0,E,8,0.87,E,8,-9900,?,9,-9900,?,9,0.0,E,8,-9900,?,9,-9900,?,9,0.0,0.0,E,8
06/27/2014,19:00,0.0,1320.821,0.0,1,8,0.0,1,8,0.0,1,8,0.0,1,8,0.0,1,8,0.0,1,8,-0.0,1,8,-9900,?,9,-9900,?,9,11.2,E,8,-3.64,E,8,33.0,E,8,822.9788000000001,E,8,999.0,E,8,0.87,E,8,-9900,?,9,-9900,?,9,0.0,E,8,-9900,?,9,-9900,?,9,0.0,0.0,E,8
06/27/2014,20:00,0.0,1320.821,0.0,1,8,0.0,1,8,0.0,1,8,0.0,1,8,0.0,1,8,0.0,1,8,-0.0,1,8,-9900,?,9,-9900,?,9,10.82,E,8,-3.09,E,8,36.0,E,8,822.9788000000001,E,8,999.0,E,8,0.87,E,8,-9900,?,9,-9900,?,9,0.0,E,8,-9900,?,9,-9900,?,9,0.0,0.0,E,8
06/27/2014,21:00,0.0,1320.821,0.0,1,8,0.0,1,8,0.0,1,8,0.0,1,8,0.0,1,8,0.0,1,8,-0.0,1,8,-9900,?,9,-9900,?,9,10.44,E,8,-2.56,E,8,39.0,E,8,822.9788000000001,E,8,999.0,E,8,0.87,E,8,-9900,?,9,-9900,?,9,0.0,E,8,-9900,?,9,-9900,?,9,0.0,0.0,E,8
06/27/2014,22:00,0.0,1320.821,0.0,1,8,0.0,1,8,0.0,1,8,0.0,1,8,0.0,1,8,0.0,1,8,-0.0,1,8,-9900,?,9,-9900,?,9,10.05,E,8,-2.04,E,8,41.0,E,8,822.9788000000001,E,8,999.0,E,8,0.87,E,8,-9900,?,9,-9900,?,9,0.0,E,8,-9900,?,9,-9900,?,9,0.0,0.0,E,8
06/27/2014,23:00,0.0,1320.821,0.0,1,8,0.0,1,8,0.0,1,8,0.0,1,8,0.0,1,8,0.0,1,8,-0.0,1,8,-9900,?,9,-9900,?,9,9.67,E,8,-1.55,E,8,44.0,E,8,822.9788000000001,E,8,999.0,E,8,0.87,E,8,-9900,?,9,-9900,?,9,0.0,E,8,-9900,?,9,-9900,?,9,0.0,0.0,E,8
06/27/2014,24:00,0.0,1320.821,0.0,1,8,0.0,1,8,0.0,1,8,0.0,1,8,0.0,1,8,0.0,1,8,-0.0,1,8,-9900,?,9,-9900,?,9,9.29,E,8,8.24,E,8,93.0,E,8,822.9788000000001,E,8,999.0,E,8,0.9,E,8,-9900,?,9,-9900,?,9,0.0,E,8,-9900,?,9,-9900,?,9,0.0,0.0,E,8
06/28/2014,01:00,0.0,1320.821,0.0,1,8,0.0,1,8,0.0,1,8,0.0,1,8,0.0,1,8,0.0,1,8,-0.0,1,8,-9900,?,9,-9900,?,9,9.1,E,8,8.17,E,8,93.0,E,8,822.9788000000001,E,8,999.0,E,8,0.9,E,8,-9900,?,9,-9900,?,9,0.0,E,8,-9900,?,9,-9900,?,9,0.0,0.0,E,8
06/28/2014,02:00,0.0,1320.821,0.0,1,8,0.0,1,8,0.0,1,8,0.0,1,8,0.0,1,8,0.0,1,8,-0.0,1,8,-9900,?,9,-9900,?,9,8.91,E,8,8.11,E,8,94.0,E,8,822.9788000000001,E,8,999.0,E,8,0.9,E,8,-9900,?,9,-9900,?,9,0.0,E,8,-9900,?,9,-9900,?,9,0.0,0.0,E,8
06/28/2014,03:00,0.0,1320.821,0.0,1,8,0.0,1,8,0.0,1,8,0.0,1,8,0.0,1,8,0.0,1,8,-0.0,1,8,-9900,?,9,-9900,?,9,8.72,E,8,8.04,E,8,95.0,E,8,822.9788000000001,E,8,999.0,E,8,0.9,E,8,-9900,?,9,-9900,?,9,0.0,E,8,-9900,?,9,-9900,?,9,0.0,0.0,E,8
06/28/2014,04:00,0.0,1320.731,0.0,1,8,0.0,1,8,0.0,1,8,0.0,1,8,0.0,1,8,0.0,1,8,-0.0,1,8,-9900,?,9,-9900,?,9,8.53,E,8,7.97,E,8,96.0,E,8,822.9788000000001,E,8,999.0,E,8,0.9,E,8,-9900,?,9,-9900,?,9,0.0,E,8,-9900,?,9,-9900,?,9,0.0,0.0,E,8
06/28/2014,05:00,0.0,1320.731,0.0,1,8,0.0,1,8,0.0,1,8,0.0,1,8,0.0,1,8,0.0,1,8,-0.0,1,8,-9900,?,9,-9900,?,9,8.34,E,8,7.91,E,8,97.0,E,8,822.9788000000001,E,8,999.0,E,8,0.9,E,8,-9900,?,9,-9900,?,9,0.0,E,8,-9900,?,9,-9900,?,9,0.0,0.0,E,8
06/28/2014,06:00,0.0,1320.731,0.0,1,8,0.0,1,8,0.0,1,8,0.0,1,8,0.0,1,8,0.0,1,8,-0.0,1,8,-9900,?,9,-9900,?,9,8.19,E,8,7.85,E,8,97.0,E,8,822.9788000000001,E,8,999.0,E,8,0.9,E,8,-9900,?,9,-9900,?,9,0.0,E,8,-9900,?,9,-9900,?,9,0.0,0.0,E,8
06/28/2014,07:00,11.326,1320.731,0.0,1,8,0.0,1,8,0.0,1,8,0.0,1,8,0.0,1,8,0.0,1,8,0.0,1,8,-9900,?,9,-9900,?,9,8.07,E,8,7.81,E,8,98.0,E,8,822.9788000000001,E,8,999.0,E,8,0.9,E,8,-9900,?,9,-9900,?,9,0.0,E,8,-9900,?,9,-9900,?,9,0.0,0.0,E,8
06/28/2014,08:00,284.419,1320.731,20.83,1,8,0.0,1,8,20.83,1,8,2499.6,1,8,0.0,1,8,2291.3,1,8,30.97,1,8,-9900,?,9,-9900,?,9,7.94,E,8,7.77,E,8,98.0,E,8,822.9788000000001,E,8,999.0,E,8,0.9,E,8,-9900,?,9,-9900,?,9,0.0,E,8,-9900,?,9,-9900,?,9,0.0,0.0,E,8
06/28/2014,09:00,533.997,1320.731,107.17,1,8,0.0,1,8,107.17,1,8,12860.4,1,8,0.0,1,8,11788.7,1,8,84.498,1,8,-9900,?,9,-9900,?,9,9.77,E,8,8.4,E,8,91.0,E,8,822.9788000000001,E,8,999.0,E,8,0.9,E,8,-9900,?,9,-9900,?,9,0.0,E,8,-9900,?,9,-9900,?,9,0.0,0.0,E,8
06/28/2014,10:00,735.011,1320.731,188.71,1,8,2.521,1,8,187.308,1,8,22645.2,1,8,239.481,1,8,20603.882,1,8,107.204,1,8,-9900,?,9,-9900,?,9,10.96,E,8,8.8,E,8,86.0,E,8,822.9788000000001,E,8,999.0,E,8,0.9,E,8,-9900,?,9,-9900,?,9,0.0,E,8,-9900,?,9,-9900,?,9,0.0,0.0,E,8
06/28/2014,11:00,873.36,1320.731,251.24,1,8,5.585,1,8,247.548,1,8,30148.8,1,8,530.58,1,8,27230.298,1,8,119.205,1,8,-9900,?,9,-9900,?,9,12.0,E,8,9.14,E,8,82.0,E,8,822.9788000000001,E,8,999.0,E,8,0.9,E,8,-9900,?,9,-9900,?,9,0.0,E,8,-9900,?,9,-9900,?,9,0.0,0.0,E,8
06/28/2014,12:00,939.531,1320.731,289.14,1,8,6.907,1,8,284.228,1,8,34696.8,1,8,656.203,1,8,31265.044,1,8,127.217,1,8,-9900,?,9,-9900,?,9,12.84,E,8,9.41,E,8,79.0,E,8,822.9788000000001,E,8,999.0,E,8,0.9,E,8,-9900,?,9,-9900,?,9,0.0,E,8,-9900,?,9,-9900,?,9,0.0,0.0,E,8
06/28/2014,13:00,928.989,1320.731,299.47,1,8,8.093,1,8,293.779,1,8,35936.4,1,8,768.803,1,8,32315.735,1,8,132.986,1,8,-9900,?,9,-9900,?,9,13.45,E,8,9.6,E,8,77.0,E,8,822.9788000000001,E,8,999.0,E,8,0.9,E,8,-9900,?,9,-9900,?,9,0.0,E,8,-9900,?,9,-9900,?,9,0.0,0.0,E,8
06/28/2014,14:00,842.454,1320.731,281.45,1,8,9.667,1,8,275.287,1,8,33774.0,1,8,918.341,1,8,30281.516,1,8,137.432,1,8,-9900,?,9,-9900,?,9,13.82,E,8,9.72,E,8,76.0,E,8,822.9788000000001,E,8,999.0,E,8,0.9,E,8,-9900,?,9,-9900,?,9,0.0,E,8,-9900,?,9,-9900,?,9,0.0,0.0,E,8
06/28/2014,15:00,685.857,1320.731,236.44,1,8,17.159,1,8,227.536,1,8,28372.8,1,8,1630.133,1,8,25028.985,1,8,139.581,1,8,-9900,?,9,-9900,?,9,13.93,E,8,9.75,E,8,75.0,E,8,822.9788000000001,E,8,999.0,E,8,0.9,E,8,-9900,?,9,-9900,?,9,0.0,E,8,-9900,?,9,-9900,?,9,0.0,0.0,E,8
06/28/2014,16:00,469.992,1320.731,168.02,1,8,62.779,1,8,145.724,1,8,20162.4,1,8,5963.966,1,8,16029.694,1,8,130.61,1,8,-9900,?,9,-9900,?,9,13.7,E,8,9.68,E,8,76.0,E,8,822.9788000000001,E,8,999.0,E,8,0.9,E,8,-9900,?,9,-9900,?,9,0.0,E,8,-9900,?,9,-9900,?,9,0.0,0.0,E,8
06/28/2014,17:00,210.276,1320.731,82.9,1,8,133.248,1,8,61.911,1,8,9948.0,1,8,12658.6,1,8,6810.169,1,8,125.106,1,8,-9900,?,9,-9900,?,9,13.11,E,8,9.49,E,8,78.0,E,8,822.9788000000001,E,8,999.0,E,8,0.9,E,8,-9900,?,9,-9900,?,9,0.0,E,8,-9900,?,9,-9900,?,9,0.0,0.0,E,8
06/28/2014,18:00,0.0,1320.731,4.7,1,8,0.0,1,8,0.0,1,8,564.0,1,8,0.0,1,8,0.0,1,8,-0.0,1,8,-9900,?,9,-9900,?,9,12.48,E,8,9.29,E,8,80.0,E,8,822.9788000000001,E,8,999.0,E,8,0.9,E,8,-9900,?,9,-9900,?,9,0.0,E,8,-9900,?,9,-9900,?,9,0.0,0.0,E,8
06/28/2014,19:00,0.0,1320.731,0.0,1,8,0.0,1,8,0.0,1,8,0.0,1,8,0.0,1,8,0.0,1,8,-0.0,1,8,-9900,?,9,-9900,?,9,11.86,E,8,9.09,E,8,83.0,E,8,822.9788000000001,E,8,999.0,E,8,0.9,E,8,-9900,?,9,-9900,?,9,0.0,E,8,-9900,?,9,-9900,?,9,0.0,0.0,E,8
06/28/2014,20:00,0.0,1320.731,0.0,1,8,0.0,1,8,0.0,1,8,0.0,1,8,0.0,1,8,0.0,1,8,-0.0,1,8,-9900,?,9,-9900,?,9,11.23,E,8,8.89,E,8,85.0,E,8,822.9788000000001,E,8,999.0,E,8,0.9,E,8,-9900,?,9,-9900,?,9,0.0,E,8,-9900,?,9,-9900,?,9,0.0,0.0,E,8
06/28/2014,21:00,0.0,1320.731,0.0,1,8,0.0,1,8,0.0,1,8,0.0,1,8,0.0,1,8,0.0,1,8,-0.0,1,8,-9900,?,9,-9900,?,9,10.6,E,8,8.68,E,8,92.0,E,8,822.9788000000001,E,8,999.0,E,8,0.9,E,8,-9900,?,9,-9900,?,9,0.096,E,8,-9900,?,9,-9900,?,9,0.96,99.0,E,8
06/28/2014,22:00,0.0,1320.731,0.0,1,8,0.0,1,8,0.0,1,8,0.0,1,8,0.0,1,8,0.0,1,8,-0.0,1,8,-9900,?,9,-9900,?,9,9.98,E,8,8.47,E,8,95.0,E,8,822.9788000000001,E,8,999.0,E,8,1.3,E,8,-9900,?,9,-9900,?,9,0.003,E,8,-9900,?,9,-9900,?,9,0.03,99.0,E,8
06/28/2014,23:00,0.0,1320.731,0.0,1,8,0.0,1,8,0.0,1,8,0.0,1,8,0.0,1,8,0.0,1,8,-0.0,1,8,-9900,?,9,-9900,?,9,9.35,E,8,8.26,E,8,97.0,E,8,822.9788000000001,E,8,999.0,E,8,0.9,E,8,-9900,?,9,-9900,?,9,0.001,E,8,-9900,?,9,-9900,?,9,0.01,99.0,E,8
06/28/2014,24:00,0.0,1320.731,0.0,1,8,0.0,1,8,0.0,1,8,0.0,1,8,0.0,1,8,0.0,1,8,-0.0,1,8,-9900,?,9,-9900,?,9,8.73,E,8,7.45,E,8,96.0,E,8,822.9788000000001,E,8,999.0,E,8,2.19,E,8,-9900,?,9,-9900,?,9,0.005,E,8,-9900,?,9,-9900,?,9,0.05,99.0,E,8
06/29/2014,01:00,0.0,1320.731,0.0,1,8,0.0,1,8,0.0,1,8,0.0,1,8,0.0,1,8,0.0,1,8,-0.0,1,8,-9900,?,9,-9900,?,9,8.41,E,8,7.32,E,8,97.0,E,8,822.9788000000001,E,8,999.0,E,8,2.17,E,8,-9900,?,9,-9900,?,9,0.009,E,8,-9900,?,9,-9900,?,9,0.09,99.0,E,8
06/29/2014,02:00,0.0,1320.731,0.0,1,8,0.0,1,8,0.0,1,8,0.0,1,8,0.0,1,8,0.0,1,8,-0.0,1,8,-9900,?,9,-9900,?,9,8.1,E,8,7.19,E,8,93.0,E,8,822.9788000000001,E,8,999.0,E,8,2.55,E,8,-9900,?,9,-9900,?,9,0.0,E,8,-9900,?,9,-9900,?,9,0.0,0.0,E,8
06/29/2014,03:00,0.0,1320.731,0.0,1,8,0.0,1,8,0.0,1,8,0.0,1,8,0.0,1,8,0.0,1,8,-0.0,1,8,-9900,?,9,-9900,?,9,7.79,E,8,7.05,E,8,95.0,E,8,822.9788000000001,E,8,999.0,E,8,1.99,E,8,-9900,?,9,-9900,?,9,0.0,E,8,-9900,?,9,-9900,?,9,0.0,0.0,E,8
06/29/2014,04:00,0.0,1320.654,0.0,1,8,0.0,1,8,0.0,1,8,0.0,1,8,0.0,1,8,0.0,1,8,-0.0,1,8,-9900,?,9,-9900,?,9,7.47,E,8,6.92,E,8,96.0,E,8,822.9788000000001,E,8,999.0,E,8,1.79,E,8,-9900,?,9,-9900,?,9,0.0,E,8,-9900,?,9,-9900,?,9,0.0,0.0,E,8
06/29/2014,05:00,0.0,1320.654,0.0,1,8,0.0,1,8,0.0,1,8,0.0,1,8,0.0,1,8,0.0,1,8,-0.0,1,8,-9900,?,9,-9900,?,9,7.16,E,8,6.78,E,8,97.0,E,8,822.9788000000001,E,8,999.0,E,8,1.98,E,8,-9900,?,9,-9900,?,9,0.0,E,8,-9900,?,9,-9900,?,9,0.0,0.0,E,8
06/29/2014,06:00,0.0,1320.654,0.0,1,8,0.0,1,8,0.0,1,8,0.0,1,8,0.0,1,8,0.0,1,8,-0.0,1,8,-9900,?,9,-9900,?,9,6.92,E,8,6.68,E,8,98.0,E,8,822.9788000000001,E,8,999.0,E,8,3.51,E,8,-9900,?,9,-9900,?,9,0.0,E,8,-9900,?,9,-9900,?,9,0.0,0.0,E,8
06/29/2014,07:00,10.85,1320.654,0.0,1,8,0.0,1,8,0.0,1,8,0.0,1,8,0.0,1,8,0.0,1,8,-0.0,1,8,-9900,?,9,-9900,?,9,6.71,E,8,6.59,E,8,99.0,E,8,822.9788000000001,E,8,999.0,E,8,4.02,E,8,-9900,?,9,-9900,?,9,0.0,E,8,-9900,?,9,-9900,?,9,0.0,0.0,E,8
06/29/2014,08:00,284.034,1320.654,19.32,1,8,0.0,1,8,19.32,1,8,2318.4,1,8,0.0,1,8,2125.2,1,8,28.762,1,8,-9900,?,9,-9900,?,9,6.5,E,8,6.5,E,8,99.0,E,8,822.9788000000001,E,8,999.0,E,8,3.9,E,8,-9900,?,9,-9900,?,9,0.0,E,8,-9900,?,9,-9900,?,9,0.0,0.0,E,8
06/29/2014,09:00,533.833,1320.654,99.81,1,8,0.0,1,8,99.81,1,8,11977.2,1,8,0.0,1,8,10979.1,1,8,78.715,1,8,-9900,?,9,-9900,?,9,8.87,E,8,7.51,E,8,91.0,E,8,822.9788000000001,E,8,999.0,E,8,2.79,E,8,-9900,?,9,-9900,?,9,0.0,E,8,-9900,?,9,-9900,?,9,0.0,0.0,E,8
06/29/2014,10:00,735.108,1320.654,175.89,1,8,3.433,1,8,173.981,1,8,21106.8,1,8,326.11,1,8,19137.855,1,8,99.557,1,8,-9900,?,9,-9900,?,9,10.41,E,8,8.13,E,8,90.0,E,8,822.9788000000001,E,8,999.0,E,8,4.15,E,8,-9900,?,9,-9900,?,9,0.001,E,8,-9900,?,9,-9900,?,9,0.01,99.0,E,8
06/29/2014,11:00,873.739,1320.654,234.25,1,8,4.494,1,8,231.278,1,8,28110.0,1,8,426.887,1,8,25440.603,1,8,111.316,1,8,-9900,?,9,-9900,?,9,11.77,E,8,8.66,E,8,81.0,E,8,822.9788000000001,E,8,999.0,E,8,2.57,E,8,-9900,?,9,-9900,?,9,0.0,E,8,-9900,?,9,-9900,?,9,0.0,0.0,E,8
06/29/2014,12:00,940.193,1320.654,269.67,1,8,5.583,1,8,265.696,1,8,32360.4,1,8,530.404,1,8,29226.601,1,8,118.832,1,8,-9900,?,9,-9900,?,9,12.86,E,8,9.08,E,8,77.0,E,8,822.9788000000001,E,8,999.0,E,8,2.78,E,8,-9900,?,9,-9900,?,9,0.0,E,8,-9900,?,9,-9900,?,9,0.0,0.0,E,8
06/29/2014,13:00,929.915,1320.654,279.39,1,8,23.703,1,8,262.705,1,8,33526.8,1,8,2251.781,1,8,28897.546,1,8,118.794,1,8,-9900,?,9,-9900,?,9,13.65,E,8,9.37,E,8,75.0,E,8,822.9788000000001,E,8,999.0,E,8,1.48,E,8,-9900,?,9,-9900,?,9,0.0,E,8,-9900,?,9,-9900,?,9,0.0,0.0,E,8
06/29/2014,14:00,843.608,1320.654,262.68,1,8,7.389,1,8,257.962,1,8,31521.6,1,8,701.977,1,8,28375.81,1,8,128.599,1,8,-9900,?,9,-9900,?,9,14.12,E,8,9.54,E,8,73.0,E,8,822.9788000000001,E,8,999.0,E,8,1.77,E,8,-9900,?,9,-9900,?,9,0.0,E,8,-9900,?,9,-9900,?,9,0.0,0.0,E,8
06/29/2014,15:00,687.186,1320.654,220.81,1,8,12.545,1,8,214.287,1,8,26497.2,1,8,1191.8,1,8,23571.611,1,8,131.191,1,8,-9900,?,9,-9900,?,9,14.27,E,8,9.6,E,8,73.0,E,8,822.9788000000001,E,8,999.0,E,8,0.99,E,8,-9900,?,9,-9900,?,9,0.0,E,8,-9900,?,9,-9900,?,9,0.0,0.0,E,8
06/29/2014,16:00,471.431,1320.654,157.08,1,8,35.507,1,8,144.43,1,8,18849.6,1,8,3373.168,1,8,15887.336,1,8,129.046,1,8,-9900,?,9,-9900,?,9,13.98,E,8,9.49,E,8,74.0,E,8,822.9788000000001,E,8,999.0,E,8,0.99,E,8,-9900,?,9,-9900,?,9,0.0,E,8,-9900,?,9,-9900,?,9,0.0,0.0,E,8
06/29/2014,17:00,211.744,1320.654,77.76,1,8,68.006,1,8,66.971,1,8,9331.2,1,8,6460.611,1,8,7366.768,1,8,134.365,1,8,-9900,?,9,-9900,?,9,13.21,E,8,9.21,E,8,76.0,E,8,822.9788000000001,E,8,999.0,E,8,0.99,E,8,-9900,?,9,-9900,?,9,0.0,E,8,-9900,?,9,-9900,?,9,0.0,0.0,E,8
06/29/2014,18:00,0.0,1320.654,4.58,1,8,0.0,1,8,0.0,1,8,549.6,1,8,0.0,1,8,0.0,1,8,-0.0,1,8,-9900,?,9,-9900,?,9,12.8,E,8,9.06,E,8,82.0,E,8,822.9788000000001,E,8,999.0,E,8,0.99,E,8,-9900,?,9,-9900,?,9,0.001,E,8,-9900,?,9,-9900,?,9,0.01,99.0,E,8
06/29/2014,19:00,0.0,1320.654,0.0,1,8,0.0,1,8,0.0,1,8,0.0,1,8,0.0,1,8,0.0,1,8,-0.0,1,8,-9900,?,9,-9900,?,9,12.39,E,8,8.9,E,8,89.0,E,8,822.9788000000001,E,8,999.0,E,8,0.99,E,8,-9900,?,9,-9900,?,9,0.181,E,8,-9900,?,9,-9900,?,9,1.81,99.0,E,8
06/29/2014,20:00,0.0,1320.654,0.0,1,8,0.0,1,8,0.0,1,8,0.0,1,8,0.0,1,8,0.0,1,8,-0.0,1,8,-9900,?,9,-9900,?,9,11.98,E,8,8.74,E,8,85.0,E,8,822.9788000000001,E,8,999.0,E,8,0.99,E,8,-9900,?,9,-9900,?,9,0.003,E,8,-9900,?,9,-9900,?,9,0.03,99.0,E,8
06/29/2014,21:00,0.0,1320.654,0.0,1,8,0.0,1,8,0.0,1,8,0.0,1,8,0.0,1,8,0.0,1,8,-0.0,1,8,-9900,?,9,-9900,?,9,11.58,E,8,8.59,E,8,81.0,E,8,822.9788000000001,E,8,999.0,E,8,0.99,E,8,-9900,?,9,-9900,?,9,0.0,E,8,-9900,?,9,-9900,?,9,0.0,0.0,E,8
06/29/2014,22:00,0.0,1320.654,0.0,1,8,0.0,1,8,0.0,1,8,0.0,1,8,0.0,1,8,0.0,1,8,-0.0,1,8,-9900,?,9,-9900,?,9,11.17,E,8,8.43,E,8,83.0,E,8,822.9788000000001,E,8,999.0,E,8,0.99,E,8,-9900,?,9,-9900,?,9,0.0,E,8,-9900,?,9,-9900,?,9,0.0,0.0,E,8
06/29/2014,23:00,0.0,1320.654,0.0,1,8,0.0,1,8,0.0,1,8,0.0,1,8,0.0,1,8,0.0,1,8,-0.0,1,8,-9900,?,9,-9900,?,9,10.76,E,8,8.27,E,8,84.0,E,8,822.9788000000001,E,8,999.0,E,8,0.99,E,8,-9900,?,9,-9900,?,9,0.0,E,8,-9900,?,9,-9900,?,9,0.0,0.0,E,8
06/29/2014,24:00,0.0,1320.654,0.0,1,8,0.0,1,8,0.0,1,8,0.0,1,8,0.0,1,8,0.0,1,8,-0.0,1,8,-9900,?,9,-9900,?,9,10.35,E,8,8.53,E,8,88.0,E,8,822.9788000000001,E,8,999.0,E,8,0.82,E,8,-9900,?,9,-9900,?,9,0.0,E,8,-9900,?,9,-9900,?,9,0.0,0.0,E,8
06/30/2014,01:00,0.0,1320.654,0.0,1,8,0.0,1,8,0.0,1,8,0.0,1,8,0.0,1,8,0.0,1,8,-0.0,1,8,-9900,?,9,-9900,?,9,10.15,E,8,8.56,E,8,89.0,E,8,822.9788000000001,E,8,999.0,E,8,0.82,E,8,-9900,?,9,-9900,?,9,0.0,E,8,-9900,?,9,-9900,?,9,0.0,0.0,E,8
06/30/2014,02:00,0.0,1320.654,0.0,1,8,0.0,1,8,0.0,1,8,0.0,1,8,0.0,1,8,0.0,1,8,-0.0,1,8,-9900,?,9,-9900,?,9,9.94,E,8,8.59,E,8,91.0,E,8,822.9788000000001,E,8,999.0,E,8,0.82,E,8,-9900,?,9,-9900,?,9,0.0,E,8,-9900,?,9,-9900,?,9,0.0,0.0,E,8
06/30/2014,03:00,0.0,1320.654,0.0,1,8,0.0,1,8,0.0,1,8,0.0,1,8,0.0,1,8,0.0,1,8,-0.0,1,8,-9900,?,9,-9900,?,9,9.74,E,8,8.62,E,8,92.0,E,8,822.9788000000001,E,8,999.0,E,8,0.82,E,8,-9900,?,9,-9900,?,9,0.0,E,8,-9900,?,9,-9900,?,9,0.0,0.0,E,8
06/30/2014,04:00,0.0,1320.589,0.0,1,8,0.0,1,8,0.0,1,8,0.0,1,8,0.0,1,8,0.0,1,8,-0.0,1,8,-9900,?,9,-9900,?,9,9.53,E,8,8.64,E,8,94.0,E,8,822.9788000000001,E,8,999.0,E,8,0.82,E,8,-9900,?,9,-9900,?,9,0.0,E,8,-9900,?,9,-9900,?,9,0.0,0.0,E,8
06/30/2014,05:00,0.0,1320.589,0.0,1,8,0.0,1,8,0.0,1,8,0.0,1,8,0.0,1,8,0.0,1,8,-0.0,1,8,-9900,?,9,-9900,?,9,9.33,E,8,8.67,E,8,95.0,E,8,822.9788000000001,E,8,999.0,E,8,0.82,E,8,-9900,?,9,-9900,?,9,0.0,E,8,-9900,?,9,-9900,?,9,0.0,0.0,E,8
06/30/2014,06:00,0.0,1320.589,0.0,1,8,0.0,1,8,0.0,1,8,0.0,1,8,0.0,1,8,0.0,1,8,-0.0,1,8,-9900,?,9,-9900,?,9,9.17,E,8,8.69,E,8,96.0,E,8,822.9788000000001,E,8,999.0,E,8,0.82,E,8,-9900,?,9,-9900,?,9,0.0,E,8,-9900,?,9,-9900,?,9,0.0,0.0,E,8
06/30/2014,07:00,10.44,1320.589,0.0,1,8,0.0,1,8,0.0,1,8,0.0,1,8,0.0,1,8,0.0,1,8,-0.0,1,8,-9900,?,9,-9900,?,9,9.04,E,8,8.71,E,8,97.0,E,8,822.9788000000001,E,8,999.0,E,8,0.82,E,8,-9900,?,9,-9900,?,9,0.0,E,8,-9900,?,9,-9900,?,9,0.0,0.0,E,8
06/30/2014,08:00,283.741,1320.589,22.07,1,8,0.0,1,8,22.07,1,8,2648.4,1,8,0.0,1,8,2427.7,1,8,32.889,1,8,-9900,?,9,-9900,?,9,8.9,E,8,8.73,E,8,98.0,E,8,822.9788000000001,E,8,999.0,E,8,0.82,E,8,-9900,?,9,-9900,?,9,0.0,E,8,-9900,?,9,-9900,?,9,0.0,0.0,E,8
06/30/2014,09:00,533.774,1320.589,114.44,1,8,0.0,1,8,114.44,1,8,13732.8,1,8,0.0,1,8,12588.4,1,8,90.258,1,8,-9900,?,9,-9900,?,9,11.38,E,8,8.39,E,8,81.0,E,8,822.9788000000001,E,8,999.0,E,8,0.82,E,8,-9900,?,9,-9900,?,9,0.0,E,8,-9900,?,9,-9900,?,9,0.0,0.0,E,8
06/30/2014,10:00,735.319,1320.589,201.76,1,8,3.35,1,8,199.896,1,8,24211.2,1,8,318.254,1,8,21988.546,1,8,114.348,1,8,-9900,?,9,-9900,?,9,13.0,E,8,8.17,E,8,72.0,E,8,822.9788000000001,E,8,999.0,E,8,0.82,E,8,-9900,?,9,-9900,?,9,0.0,E,8,-9900,?,9,-9900,?,9,0.0,0.0,E,8
06/30/2014,11:00,874.236,1320.589,268.8,1,8,6.994,1,8,264.171,1,8,32256.0,1,8,664.467,1,8,29058.857,1,8,127.069,1,8,-9900,?,9,-9900,?,9,14.42,E,8,7.97,E,8,65.0,E,8,822.9788000000001,E,8,999.0,E,8,0.82,E,8,-9900,?,9,-9900,?,9,0.0,E,8,-9900,?,9,-9900,?,9,0.0,0.0,E,8
06/30/2014,12:00,940.972,1320.589,309.52,1,8,8.633,1,8,303.37,1,8,37142.4,1,8,820.173,1,8,33370.712,1,8,135.562,1,8,-9900,?,9,-9900,?,9,15.56,E,8,7.81,E,8,59.0,E,8,822.9788000000001,E,8,999.0,E,8,0.82,E,8,-9900,?,9,-9900,?,9,0.0,E,8,-9900,?,9,-9900,?,9,0.0,0.0,E,8
06/30/2014,13:00,930.953,1320.589,320.78,1,8,10.268,1,8,313.544,1,8,38493.6,1,8,975.444,1,8,34489.819,1,8,141.618,1,8,-9900,?,9,-9900,?,9,16.4,E,8,7.69,E,8,56.0,E,8,822.9788000000001,E,8,999.0,E,8,0.82,E,8,-9900,?,9,-9900,?,9,0.0,E,8,-9900,?,9,-9900,?,9,0.0,0.0,E,8
06/30/2014,14:00,844.865,1320.589,301.71,1,8,12.555,1,8,293.681,1,8,36205.2,1,8,1192.736,1,8,32304.921,1,8,146.181,1,8,-9900,?,9,-9900,?,9,16.89,E,8,7.62,E,8,54.0,E,8,822.9788000000001,E,8,999.0,E,8,0.82,E,8,-9900,?,9,-9900,?,9,0.0,E,8,-9900,?,9,-9900,?,9,0.0,0.0,E,8
06/30/2014,15:00,688.605,1320.589,253.77,1,8,22.853,1,8,241.863,1,8,30452.4,1,8,2171.01,1,8,26604.937,1,8,147.76,1,8,-9900,?,9,-9900,?,9,17.05,E,8,7.6,E,8,53.0,E,8,822.9788000000001,E,8,999.0,E,8,1.07,E,8,-9900,?,9,-9900,?,9,0.0,E,8,-9900,?,9,-9900,?,9,0.0,0.0,E,8
06/30/2014,16:00,472.944,1320.589,180.75,1,8,84.58,1,8,150.519,1,8,21690.0,1,8,8035.114,1,8,16557.091,1,8,134.047,1,8,-9900,?,9,-9900,?,9,16.75,E,8,7.64,E,8,54.0,E,8,822.9788000000001,E,8,999.0,E,8,1.02,E,8,-9900,?,9,-9900,?,9,0.0,E,8,-9900,?,9,-9900,?,9,0.0,0.0,E,8
06/30/2014,17:00,213.267,1320.589,89.77,1,8,224.555,1,8,53.88,1,8,10772.4,1,8,21332.754,1,8,5926.838,1,8,107.309,1,8,-9900,?,9,-9900,?,9,15.95,E,8,7.75,E,8,58.0,E,8,822.9788000000001,E,8,999.0,E,8,0.82,E,8,-9900,?,9,-9900,?,9,0.0,E,8,-9900,?,9,-9900,?,9,0.0,0.0,E,8
06/30/2014,18:00,0.0,1320.589,55.204,1,8,0.0,1,8,0.0,1,8,6624.48,1,8,0.0,1,8,0.0,1,8,-0.0,1,8,-9900,?,9,-9900,?,9,15.128,E,8,7.87,E,8,61.4,E,8,822.9788000000001,E,8,999.0,E,8,0.98,E,8,-9900,?,9,-9900,?,9,0.0,E,8,-9900,?,9,-9900,?,9,0.0,0.0,E,8
06/30/2014,19:00,0.0,1320.589,19.054,1,8,0.0,1,8,0.0,1,8,2286.48,1,8,0.0,1,8,0.0,1,8,-0.0,1,8,-9900,?,9,-9900,?,9,14.314,E,8,7.984,E,8,65.4,E,8,822.9788000000001,E,8,999.0,E,8,1.114,E,8,-9900,?,9,-9900,?,9,0.0,E,8,-9900,?,9,-9900,?,9,0.0,0.0,E,8
06/30/2014,20:00,0.0,1320.589,1.1,1,8,0.0,1,8,0.0,1,8,132.0,1,8,0.0,1,8,0.0,1,8,-0.0,1,8,-9900,?,9,-9900,?,9,13.496,E,8,8.1,E,8,69.4,E,8,822.9788000000001,E,8,999.0,E,8,1.174,E,8,-9900,?,9,-9900,?,9,0.0,E,8,-9900,?,9,-9900,?,9,0.0,0.0,E,8
06/30/2014,21:00,0.0,1320.589,0.0,1,8,0.0,1,8,0.0,1,8,0.0,1,8,0.0,1,8,0.0,1,8,-0.0,1,8,-9900,?,9,-9900,?,9,12.678,E,8,8.214,E,8,73.8,E,8,822.9788000000001,E,8,999.0,E,8,1.198,E,8,-9900,?,9,-9900,?,9,0.0,E,8,-9900,?,9,-9900,?,9,0.0,0.0,E,8
06/30/2014,22:00,0.0,1320.589,0.0,1,8,0.0,1,8,0.0,1,8,0.0,1,8,0.0,1,8,0.0,1,8,-0.0,1,8,-9900,?,9,-9900,?,9,11.468,E,8,7.366,E,8,75.4,E,8,822.9788000000001,E,8,999.0,E,8,1.176,E,8,-9900,?,9,-9900,?,9,0.0,E,8,-9900,?,9,-9900,?,9,0.0,0.0,E,8
06/30/2014,23:00,0.0,1320.589,0.0,1,8,0.0,1,8,0.0,1,8,0.0,1,8,0.0,1,8,0.0,1,8,-0.0,1,8,-9900,?,9,-9900,?,9,10.346,E,8,6.552,E,8,76.8,E,8,822.9788000000001,E,8,999.0,E,8,1.034,E,8,-9900,?,9,-9900,?,9,0.0,E,8,-9900,?,9,-9900,?,9,0.0,0.0,E,8
06/30/2017,24:00,0.0,1320.589,0.0,1,8,0.0,1,8,0.0,1,8,0.0,1,8,0.0,1,8,0.0,1,8,-0.0,1,8,-9900,?,9,-9900,?,9,9.316,E,8,5.77,E,8,77.8,E,8,822.9788000000001,E,8,999.0,E,8,0.838,E,8,-9900,?,9,-9900,?,9,0.0,E,8,-9900,?,9,-9900,?,9,0.0,0.0,E,8
07/01/2017,01:00,0.0,1320.589,0.0,1,8,0.0,1,8,0.0,1,8,0.0,1,8,0.0,1,8,0.0,1,8,-0.0,1,8,-9900,?,9,-9900,?,9,8.376,E,8,5.02,E,8,78.8,E,8,822.9788000000001,E,8,999.0,E,8,0.756,E,8,-9900,?,9,-9900,?,9,0.0,E,8,-9900,?,9,-9900,?,9,0.0,0.0,E,8
07/01/2017,02:00,0.0,1320.589,0.0,1,8,0.0,1,8,0.0,1,8,0.0,1,8,0.0,1,8,0.0,1,8,-0.0,1,8,-9900,?,9,-9900,?,9,7.526,E,8,4.302,E,8,79.6,E,8,822.9788000000001,E,8,999.0,E,8,0.71,E,8,-9900,?,9,-9900,?,9,0.0,E,8,-9900,?,9,-9900,?,9,0.0,0.0,E,8
07/01/2017,03:00,0.0,1320.589,0.0,1,8,0.0,1,8,0.0,1,8,0.0,1,8,0.0,1,8,0.0,1,8,-0.0,1,8,-9900,?,9,-9900,?,9,7.158,E,8,4.574,E,8,83.2,E,8,822.9788000000001,E,8,999.0,E,8,0.71,E,8,-9900,?,9,-9900,?,9,0.0,E,8,-9900,?,9,-9900,?,9,0.0,0.0,E,8
07/01/2017,04:00,0.0,1320.537,0.0,1,8,0.0,1,8,0.0,1,8,0.0,1,8,0.0,1,8,0.0,1,8,-0.0,1,8,-9900,?,9,-9900,?,9,6.808,E,8,4.83,E,8,86.8,E,8,822.9788000000001,E,8,999.0,E,8,0.71,E,8,-9900,?,9,-9900,?,9,0.0,E,8,-9900,?,9,-9900,?,9,0.0,0.0,E,8
07/01/2017,05:00,0.0,1320.537,0.0,1,8,0.0,1,8,0.0,1,8,0.0,1,8,0.0,1,8,0.0,1,8,-0.0,1,8,-9900,?,9,-9900,?,9,6.482,E,8,5.066,E,8,90.4,E,8,822.9788000000001,E,8,999.0,E,8,0.71,E,8,-9900,?,9,-9900,?,9,0.0,E,8,-9900,?,9,-9900,?,9,0.0,0.0,E,8
07/01/2017,06:00,0.0,1320.537,0.0,1,8,0.0,1,8,0.0,1,8,0.0,1,8,0.0,1,8,0.0,1,8,-0.0,1,8,-9900,?,9,-9900,?,9,6.14,E,8,5.31,E,8,94.0,E,8,822.9788000000001,E,8,999.0,E,8,0.71,E,8,-9900,?,9,-9900,?,9,0.0,E,8,-9900,?,9,-9900,?,9,0.0,0.0,E,8
07/01/2017,07:00,10.031,1320.537,0.0,1,8,0.0,1,8,0.0,1,8,0.0,1,8,0.0,1,8,0.0,1,8,-0.0,1,8,-9900,?,9,-9900,?,9,5.9,E,8,5.48,E,8,97.0,E,8,822.9788000000001,E,8,999.0,E,8,0.71,E,8,-9900,?,9,-9900,?,9,0.0,E,8,-9900,?,9,-9900,?,9,0.0,0.0,E,8
07/01/2017,08:00,283.521,1320.537,36.58,1,8,0.0,1,8,36.58,1,8,4389.6,1,8,0.0,1,8,4023.8,1,8,54.552,1,8,-9900,?,9,-9900,?,9,5.65,E,8,5.65,E,8,99.0,E,8,822.9788000000001,E,8,999.0,E,8,0.71,E,8,-9900,?,9,-9900,?,9,0.0,E,8,-9900,?,9,-9900,?,9,0.0,0.0,E,8
07/01/2017,09:00,533.869,1320.537,153.54,1,8,14.57,1,8,147.659,1,8,18424.8,1,8,1384.112,1,8,16242.442,1,8,116.432,1,8,-9900,?,9,-9900,?,9,7.93,E,8,4.0,E,8,76.0,E,8,822.9788000000001,E,8,999.0,E,8,0.71,E,8,-9900,?,9,-9900,?,9,0.0,E,8,-9900,?,9,-9900,?,9,0.0,0.0,E,8
07/01/2017,10:00,735.766,1320.537,257.48,1,8,9.443,1,8,252.222,1,8,30897.6,1,8,897.109,1,8,27744.41,1,8,144.187,1,8,-9900,?,9,-9900,?,9,9.23,E,8,2.98,E,8,64.0,E,8,822.9788000000001,E,8,999.0,E,8,0.87,E,8,-9900,?,9,-9900,?,9,0.0,E,8,-9900,?,9,-9900,?,9,0.0,0.0,E,8
07/01/2017,11:00,875.05,1320.537,342.38,1,8,24.462,1,8,326.177,1,8,41085.6,1,8,2323.844,1,8,35879.44,1,8,156.741,1,8,-9900,?,9,-9900,?,9,10.38,E,8,2.01,E,8,56.0,E,8,822.9788000000001,E,8,999.0,E,8,1.49,E,8,-9900,?,9,-9900,?,9,0.0,E,8,-9900,?,9,-9900,?,9,0.0,0.0,E,8
07/01/2017,12:00,942.139,1320.537,570.53,1,8,272.57,1,8,376.119,1,8,68463.6,1,8,25894.176,1,8,41373.132,1,8,167.855,1,8,-9900,?,9,-9900,?,9,12.17,E,8,0.38,E,8,44.0,E,8,822.9788000000001,E,8,999.0,E,8,1.51,E,8,-9900,?,9,-9900,?,9,0.0,E,8,-9900,?,9,-9900,?,9,0.0,0.0,E,8
07/01/2017,13:00,932.438,1320.537,577.99,1,8,313.633,1,8,356.597,1,8,69358.8,1,8,29795.176,1,8,39225.701,1,8,160.8,1,8,-9900,?,9,-9900,?,9,13.39,E,8,-0.74,E,8,37.0,E,8,822.9788000000001,E,8,999.0,E,8,1.83,E,8,-9900,?,9,-9900,?,9,0.0,E,8,-9900,?,9,-9900,?,9,0.0,0.0,E,8
07/01/2017,14:00,846.607,1320.537,626.3,1,8,698.128,1,8,178.912,1,8,75156.0,1,8,66322.177,1,8,19680.367,1,8,88.867,1,8,-9900,?,9,-9900,?,9,14.43,E,8,-1.74,E,8,32.0,E,8,822.9788000000001,E,8,999.0,E,8,1.84,E,8,-9900,?,9,-9900,?,9,0.0,E,8,-9900,?,9,-9900,?,9,0.0,0.0,E,8
07/01/2017,15:00,690.529,1320.537,476.73,1,8,676.033,1,8,123.497,1,8,57207.6,1,8,64223.098,1,8,13584.695,1,8,75.234,1,8,-9900,?,9,-9900,?,9,14.76,E,8,-2.07,E,8,30.0,E,8,822.9788000000001,E,8,999.0,E,8,2.79,E,8,-9900,?,9,-9900,?,9,0.0,E,8,-9900,?,9,-9900,?,9,0.0,0.0,E,8
07/01/2017,16:00,474.958,1320.537,315.05,1,8,586.652,1,8,104.461,1,8,37806.0,1,8,55731.941,1,8,11490.683,1,8,92.629,1,8,-9900,?,9,-9900,?,9,14.46,E,8,-1.77,E,8,32.0,E,8,822.9788000000001,E,8,999.0,E,8,2.08,E,8,-9900,?,9,-9900,?,9,0.0,E,8,-9900,?,9,-9900,?,9,0.0,0.0,E,8
07/01/2017,17:00,215.266,1320.537,169.21,1,8,423.925,1,8,100.805,1,8,20305.2,1,8,40272.858,1,8,11088.6,1,8,198.856,1,8,-9900,?,9,-9900,?,9,13.63,E,8,-0.97,E,8,36.0,E,8,822.9788000000001,E,8,999.0,E,8,1.34,E,8,-9900,?,9,-9900,?,9,0.0,E,8,-9900,?,9,-9900,?,9,0.0,0.0,E,8
07/01/2017,18:00,0.0,1320.537,12.01,1,8,0.0,1,8,0.0,1,8,1441.2,1,8,0.0,1,8,0.0,1,8,-0.0,1,8,-9900,?,9,-9900,?,9,12.79,E,8,-0.2,E,8,40.0,E,8,822.9788000000001,E,8,999.0,E,8,0.76,E,8,-9900,?,9,-9900,?,9,0.0,E,8,-9900,?,9,-9900,?,9,0.0,0.0,E,8
07/01/2017,19:00,0.0,1320.537,0.0,1,8,0.0,1,8,0.0,1,8,0.0,1,8,0.0,1,8,0.0,1,8,-0.0,1,8,-9900,?,9,-9900,?,9,11.95,E,8,0.59,E,8,45.0,E,8,822.9788000000001,E,8,999.0,E,8,0.71,E,8,-9900,?,9,-9900,?,9,0.0,E,8,-9900,?,9,-9900,?,9,0.0,0.0,E,8
07/01/2017,20:00,0.0,1320.537,0.0,1,8,0.0,1,8,0.0,1,8,0.0,1,8,0.0,1,8,0.0,1,8,-0.0,1,8,-9900,?,9,-9900,?,9,11.1,E,8,1.38,E,8,51.0,E,8,822.9788000000001,E,8,999.0,E,8,0.71,E,8,-9900,?,9,-9900,?,9,0.0,E,8,-9900,?,9,-9900,?,9,0.0,0.0,E,8
07/01/2017,21:00,0.0,1320.537,0.0,1,8,0.0,1,8,0.0,1,8,0.0,1,8,0.0,1,8,0.0,1,8,-0.0,1,8,-9900,?,9,-9900,?,9,10.26,E,8,2.12,E,8,56.0,E,8,822.9788000000001,E,8,999.0,E,8,0.71,E,8,-9900,?,9,-9900,?,9,0.0,E,8,-9900,?,9,-9900,?,9,0.0,0.0,E,8
07/01/2017,22:00,0.0,1320.537,0.0,1,8,0.0,1,8,0.0,1,8,0.0,1,8,0.0,1,8,0.0,1,8,-0.0,1,8,-9900,?,9,-9900,?,9,9.42,E,8,2.82,E,8,63.0,E,8,822.9788000000001,E,8,999.0,E,8,0.71,E,8,-9900,?,9,-9900,?,9,0.0,E,8,-9900,?,9,-9900,?,9,0.0,0.0,E,8
07/01/2017,23:00,0.0,1320.537,0.0,1,8,0.0,1,8,0.0,1,8,0.0,1,8,0.0,1,8,0.0,1,8,-0.0,1,8,-9900,?,9,-9900,?,9,8.58,E,8,3.5,E,8,70.0,E,8,822.9788000000001,E,8,999.0,E,8,0.71,E,8,-9900,?,9,-9900,?,9,0.0,E,8,-9900,?,9,-9900,?,9,0.0,0.0,E,8
07/01/2017,24:00,0.0,1320.537,0.0,1,8,0.0,1,8,0.0,1,8,0.0,1,8,0.0,1,8,0.0,1,8,-0.0,1,8,-9900,?,9,-9900,?,9,7.74,E,8,1.53,E,8,64.0,E,8,822.9788000000001,E,8,999.0,E,8,0.65,E,8,-9900,?,9,-9900,?,9,0.0,E,8,-9900,?,9,-9900,?,9,0.0,0.0,E,8
07/02/2017,01:00,0.0,1320.537,0.0,1,8,0.0,1,8,0.0,1,8,0.0,1,8,0.0,1,8,0.0,1,8,-0.0,1,8,-9900,?,9,-9900,?,9,7.32,E,8,1.99,E,8,68.0,E,8,822.9788000000001,E,8,999.0,E,8,0.65,E,8,-9900,?,9,-9900,?,9,0.0,E,8,-9900,?,9,-9900,?,9,0.0,0.0,E,8
07/02/2017,02:00,0.0,1320.537,0.0,1,8,0.0,1,8,0.0,1,8,0.0,1,8,0.0,1,8,0.0,1,8,-0.0,1,8,-9900,?,9,-9900,?,9,6.9,E,8,2.43,E,8,73.0,E,8,822.9788000000001,E,8,999.0,E,8,0.65,E,8,-9900,?,9,-9900,?,9,0.0,E,8,-9900,?,9,-9900,?,9,0.0,0.0,E,8
07/02/2017,03:00,0.0,1320.537,0.0,1,8,0.0,1,8,0.0,1,8,0.0,1,8,0.0,1,8,0.0,1,8,-0.0,1,8,-9900,?,9,-9900,?,9,6.48,E,8,2.86,E,8,77.0,E,8,822.9788000000001,E,8,999.0,E,8,0.65,E,8,-9900,?,9,-9900,?,9,0.0,E,8,-9900,?,9,-9900,?,9,0.0,0.0,E,8
07/02/2017,04:00,0.0,1320.498,0.0,1,8,0.0,1,8,0.0,1,8,0.0,1,8,0.0,1,8,0.0,1,8,-0.0,1,8,-9900,?,9,-9900,?,9,6.05,E,8,3.29,E,8,82.0,E,8,822.9788000000001,E,8,999.0,E,8,0.65,E,8,-9900,?,9,-9900,?,9,0.0,E,8,-9900,?,9,-9900,?,9,0.0,0.0,E,8
07/02/2017,05:00,0.0,1320.498,0.0,1,8,0.0,1,8,0.0,1,8,0.0,1,8,0.0,1,8,0.0,1,8,-0.0,1,8,-9900,?,9,-9900,?,9,5.63,E,8,3.7,E,8,87.0,E,8,822.9788000000001,E,8,999.0,E,8,0.65,E,8,-9900,?,9,-9900,?,9,0.0,E,8,-9900,?,9,-9900,?,9,0.0,0.0,E,8
07/02/2017,06:00,0.0,1320.498,0.0,1,8,0.0,1,8,0.0,1,8,0.0,1,8,0.0,1,8,0.0,1,8,-0.0,1,8,-9900,?,9,-9900,?,9,5.31,E,8,4.0,E,8,91.0,E,8,822.9788000000001,E,8,999.0,E,8,0.65,E,8,-9900,?,9,-9900,?,9,0.0,E,8,-9900,?,9,-9900,?,9,0.0,0.0,E,8
07/02/2017,07:00,9.784,1320.498,0.0,1,8,0.0,1,8,0.0,1,8,0.0,1,8,0.0,1,8,0.0,1,8,-0.0,1,8,-9900,?,9,-9900,?,9,5.03,E,8,4.27,E,8,94.0,E,8,822.9788000000001,E,8,999.0,E,8,0.65,E,8,-9900,?,9,-9900,?,9,0.0,E,8,-9900,?,9,-9900,?,9,0.0,0.0,E,8
07/02/2017,08:00,283.448,1320.498,40.19,1,8,0.0,1,8,40.19,1,8,4822.8,1,8,0.0,1,8,4420.9,1,8,59.95,1,8,-9900,?,9,-9900,?,9,4.75,E,8,4.52,E,8,98.0,E,8,822.9788000000001,E,8,999.0,E,8,0.65,E,8,-9900,?,9,-9900,?,9,0.0,E,8,-9900,?,9,-9900,?,9,0.0,0.0,E,8
07/02/2017,09:00,534.056,1320.498,118.48,1,8,0.0,1,8,118.48,1,8,14217.6,1,8,0.0,1,8,13032.8,1,8,93.388,1,8,-9900,?,9,-9900,?,9,6.91,E,8,2.42,E,8,73.0,E,8,822.9788000000001,E,8,999.0,E,8,0.65,E,8,-9900,?,9,-9900,?,9,0.0,E,8,-9900,?,9,-9900,?,9,0.0,0.0,E,8
07/02/2017,10:00,736.239,1320.498,324.01,1,8,88.353,1,8,274.781,1,8,38881.2,1,8,8393.555,1,8,30225.904,1,8,156.978,1,8,-9900,?,9,-9900,?,9,9.14,E,8,-0.08,E,8,52.0,E,8,822.9788000000001,E,8,999.0,E,8,0.65,E,8,-9900,?,9,-9900,?,9,0.0,E,8,-9900,?,9,-9900,?,9,0.0,0.0,E,8
07/02/2017,11:00,875.814,1320.498,396.09,1,8,54.833,1,8,359.736,1,8,47530.8,1,8,5209.176,1,8,39570.912,1,8,172.712,1,8,-9900,?,9,-9900,?,9,10.74,E,8,-1.94,E,8,40.0,E,8,822.9788000000001,E,8,999.0,E,8,0.77,E,8,-9900,?,9,-9900,?,9,0.0,E,8,-9900,?,9,-9900,?,9,0.0,0.0,E,8
07/02/2017,12:00,943.181,1320.498,499.05,1,8,111.021,1,8,419.774,1,8,59886.0,1,8,10547.006,1,8,46175.162,1,8,187.125,1,8,-9900,?,9,-9900,?,9,12.26,E,8,-3.99,E,8,30.0,E,8,822.9788000000001,E,8,999.0,E,8,1.34,E,8,-9900,?,9,-9900,?,9,0.0,E,8,-9900,?,9,-9900,?,9,0.0,0.0,E,8
07/02/2017,13:00,933.724,1320.498,655.56,1,8,534.7,1,8,277.585,1,8,78667.2,1,8,50796.465,1,8,30534.353,1,8,124.995,1,8,-9900,?,9,-9900,?,9,13.99,E,8,-6.82,E,8,21.0,E,8,822.9788000000001,E,8,999.0,E,8,2.18,E,8,-9900,?,9,-9900,?,9,0.0,E,8,-9900,?,9,-9900,?,9,0.0,0.0,E,8
07/02/2017,14:00,848.087,1320.498,552.19,1,8,394.951,1,8,298.64,1,8,66262.8,1,8,37520.341,1,8,32850.352,1,8,148.073,1,8,-9900,?,9,-9900,?,9,14.82,E,8,-8.44,E,8,17.0,E,8,822.9788000000001,E,8,999.0,E,8,3.3,E,8,-9900,?,9,-9900,?,9,0.0,E,8,-9900,?,9,-9900,?,9,0.0,0.0,E,8
07/02/2017,15:00,692.139,1320.498,581.8,1,8,708.859,1,8,210.539,1,8,69816.0,1,8,67341.632,1,8,23159.257,1,8,127.957,1,8,-9900,?,9,-9900,?,9,15.54,E,8,-10.04,E,8,14.0,E,8,822.9788000000001,E,8,999.0,E,8,3.77,E,8,-9900,?,9,-9900,?,9,0.0,E,8,-9900,?,9,-9900,?,9,0.0,0.0,E,8
07/02/2017,16:00,476.625,1320.498,340.28,1,8,710.959,1,8,84.162,1,8,40833.6,1,8,67541.101,1,8,9257.789,1,8,74.365,1,8,-9900,?,9,-9900,?,9,15.26,E,8,-9.39,E,8,15.0,E,8,822.9788000000001,E,8,999.0,E,8,1.98,E,8,-9900,?,9,-9900,?,9,0.0,E,8,-9900,?,9,-9900,?,9,0.0,0.0,E,8
07/02/2017,17:00,216.902,1320.498,211.33,1,8,361.943,1,8,152.472,1,8,25359.6,1,8,34384.602,1,8,16771.946,1,8,298.454,1,8,-9900,?,9,-9900,?,9,14.43,E,8,-7.65,E,8,19.0,E,8,822.9788000000001,E,8,999.0,E,8,0.81,E,8,-9900,?,9,-9900,?,9,0.0,E,8,-9900,?,9,-9900,?,9,0.0,0.0,E,8
07/02/2017,18:00,0.0,1320.498,25.11,1,8,0.0,1,8,0.0,1,8,3013.2,1,8,0.0,1,8,0.0,1,8,-0.0,1,8,-9900,?,9,-9900,?,9,13.49,E,8,-5.93,E,8,23.0,E,8,822.9788000000001,E,8,999.0,E,8,0.65,E,8,-9900,?,9,-9900,?,9,0.0,E,8,-9900,?,9,-9900,?,9,0.0,0.0,E,8
07/02/2017,19:00,0.0,1320.498,0.0,1,8,0.0,1,8,0.0,1,8,0.0,1,8,0.0,1,8,0.0,1,8,-0.0,1,8,-9900,?,9,-9900,?,9,12.54,E,8,-4.41,E,8,29.0,E,8,822.9788000000001,E,8,999.0,E,8,0.65,E,8,-9900,?,9,-9900,?,9,0.0,E,8,-9900,?,9,-9900,?,9,0.0,0.0,E,8
07/02/2017,20:00,0.0,1320.498,0.0,1,8,0.0,1,8,0.0,1,8,0.0,1,8,0.0,1,8,0.0,1,8,-0.0,1,8,-9900,?,9,-9900,?,9,11.6,E,8,-3.06,E,8,34.0,E,8,822.9788000000001,E,8,999.0,E,8,0.65,E,8,-9900,?,9,-9900,?,9,0.0,E,8,-9900,?,9,-9900,?,9,0.0,0.0,E,8
07/02/2017,21:00,0.0,1320.498,0.0,1,8,0.0,1,8,0.0,1,8,0.0,1,8,0.0,1,8,0.0,1,8,-0.0,1,8,-9900,?,9,-9900,?,9,10.65,E,8,-1.83,E,8,40.0,E,8,822.9788000000001,E,8,999.0,E,8,0.65,E,8,-9900,?,9,-9900,?,9,0.0,E,8,-9900,?,9,-9900,?,9,0.0,0.0,E,8
07/02/2017,22:00,0.0,1320.498,0.0,1,8,0.0,1,8,0.0,1,8,0.0,1,8,0.0,1,8,0.0,1,8,-0.0,1,8,-9900,?,9,-9900,?,9,9.71,E,8,-0.72,E,8,47.0,E,8,822.9788000000001,E,8,999.0,E,8,0.65,E,8,-9900,?,9,-9900,?,9,0.0,E,8,-9900,?,9,-9900,?,9,0.0,0.0,E,8
07/02/2017,23:00,0.0,1320.498,0.0,1,8,0.0,1,8,0.0,1,8,0.0,1,8,0.0,1,8,0.0,1,8,-0.0,1,8,-9900,?,9,-9900,?,9,8.77,E,8,0.35,E,8,55.0,E,8,822.9788000000001,E,8,999.0,E,8,0.65,E,8,-9900,?,9,-9900,?,9,0.0,E,8,-9900,?,9,-9900,?,9,0.0,0.0,E,8
07/02/2017,24:00,0.0,1320.498,0.0,1,8,0.0,1,8,0.0,1,8,0.0,1,8,0.0,1,8,0.0,1,8,-0.0,1,8,-9900,?,9,-9900,?,9,7.82,E,8,2.76,E,8,70.0,E,8,822.9788000000001,E,8,999.0,E,8,0.75,E,8,-9900,?,9,-9900,?,9,0.0,E,8,-9900,?,9,-9900,?,9,0.0,0.0,E,8
07/03/2017,01:00,0.0,1320.498,0.0,1,8,0.0,1,8,0.0,1,8,0.0,1,8,0.0,1,8,0.0,1,8,-0.0,1,8,-9900,?,9,-9900,?,9,7.35,E,8,2.86,E,8,73.0,E,8,822.9788000000001,E,8,999.0,E,8,0.75,E,8,-9900,?,9,-9900,?,9,0.0,E,8,-9900,?,9,-9900,?,9,0.0,0.0,E,8
07/03/2017,02:00,0.0,1320.498,0.0,1,8,0.0,1,8,0.0,1,8,0.0,1,8,0.0,1,8,0.0,1,8,-0.0,1,8,-9900,?,9,-9900,?,9,6.88,E,8,2.97,E,8,76.0,E,8,822.9788000000001,E,8,999.0,E,8,0.75,E,8,-9900,?,9,-9900,?,9,0.0,E,8,-9900,?,9,-9900,?,9,0.0,0.0,E,8
07/03/2017,03:00,0.0,1320.498,0.0,1,8,0.0,1,8,0.0,1,8,0.0,1,8,0.0,1,8,0.0,1,8,-0.0,1,8,-9900,?,9,-9900,?,9,6.41,E,8,3.08,E,8,79.0,E,8,822.9788000000001,E,8,999.0,E,8,0.75,E,8,-9900,?,9,-9900,?,9,0.0,E,8,-9900,?,9,-9900,?,9,0.0,0.0,E,8
07/03/2017,04:00,0.0,1320.472,0.0,1,8,0.0,1,8,0.0,1,8,0.0,1,8,0.0,1,8,0.0,1,8,-0.0,1,8,-9900,?,9,-9900,?,9,5.93,E,8,3.19,E,8,82.0,E,8,822.9788000000001,E,8,999.0,E,8,0.75,E,8,-9900,?,9,-9900,?,9,0.0,E,8,-9900,?,9,-9900,?,9,0.0,0.0,E,8
07/03/2017,05:00,0.0,1320.472,0.0,1,8,0.0,1,8,0.0,1,8,0.0,1,8,0.0,1,8,0.0,1,8,-0.0,1,8,-9900,?,9,-9900,?,9,5.46,E,8,3.29,E,8,85.0,E,8,822.9788000000001,E,8,999.0,E,8,0.75,E,8,-9900,?,9,-9900,?,9,0.0,E,8,-9900,?,9,-9900,?,9,0.0,0.0,E,8
07/03/2017,06:00,0.0,1320.472,0.0,1,8,0.0,1,8,0.0,1,8,0.0,1,8,0.0,1,8,0.0,1,8,-0.0,1,8,-9900,?,9,-9900,?,9,5.1,E,8,3.37,E,8,88.0,E,8,822.9788000000001,E,8,999.0,E,8,0.75,E,8,-9900,?,9,-9900,?,9,0.0,E,8,-9900,?,9,-9900,?,9,0.0,0.0,E,8
07/03/2017,07:00,9.608,1320.472,0.0,1,8,0.0,1,8,0.0,1,8,0.0,1,8,0.0,1,8,0.0,1,8,-0.0,1,8,-9900,?,9,-9900,?,9,4.79,E,8,3.44,E,8,90.0,E,8,822.9788000000001,E,8,999.0,E,8,0.75,E,8,-9900,?,9,-9900,?,9,0.0,E,8,-9900,?,9,-9900,?,9,0.0,0.0,E,8
07/03/2017,08:00,283.474,1320.472,26.97,1,8,0.0,1,8,26.97,1,8,3236.4,1,8,0.0,1,8,2966.7,1,8,40.226,1,8,-9900,?,9,-9900,?,9,4.47,E,8,3.51,E,8,93.0,E,8,822.9788000000001,E,8,999.0,E,8,0.75,E,8,-9900,?,9,-9900,?,9,0.0,E,8,-9900,?,9,-9900,?,9,0.0,0.0,E,8
07/03/2017,09:00,534.352,1320.472,140.73,1,8,7.693,1,8,137.622,1,8,16887.6,1,8,730.825,1,8,15138.372,1,8,108.414,1,8,-9900,?,9,-9900,?,9,7.31,E,8,2.87,E,8,73.0,E,8,822.9788000000001,E,8,999.0,E,8,0.75,E,8,-9900,?,9,-9900,?,9,0.0,E,8,-9900,?,9,-9900,?,9,0.0,0.0,E,8
07/03/2017,10:00,736.828,1320.472,248.4,1,8,8.049,1,8,243.911,1,8,29808.0,1,8,764.698,1,8,26830.241,1,8,139.228,1,8,-9900,?,9,-9900,?,9,9.16,E,8,2.44,E,8,62.0,E,8,822.9788000000001,E,8,999.0,E,8,0.75,E,8,-9900,?,9,-9900,?,9,0.0,E,8,-9900,?,9,-9900,?,9,0.0,0.0,E,8
07/03/2017,11:00,876.697,1320.472,331.15,1,8,15.294,1,8,321.0,1,8,39738.0,1,8,1452.893,1,8,35309.993,1,8,153.956,1,8,-9900,?,9,-9900,?,9,10.78,E,8,2.05,E,8,54.0,E,8,822.9788000000001,E,8,999.0,E,8,0.75,E,8,-9900,?,9,-9900,?,9,0.0,E,8,-9900,?,9,-9900,?,9,0.0,0.0,E,8
07/03/2017,12:00,944.34,1320.472,381.61,1,8,73.735,1,8,328.893,1,8,45793.2,1,8,7004.808,1,8,36178.24,1,8,146.429,1,8,-9900,?,9,-9900,?,9,12.1,E,8,1.73,E,8,49.0,E,8,822.9788000000001,E,8,999.0,E,8,0.75,E,8,-9900,?,9,-9900,?,9,0.0,E,8,-9900,?,9,-9900,?,9,0.0,0.0,E,8
07/03/2017,13:00,935.119,1320.472,395.84,1,8,89.629,1,8,332.386,1,8,47500.8,1,8,8514.8,1,8,36562.414,1,8,149.445,1,8,-9900,?,9,-9900,?,9,13.06,E,8,1.49,E,8,45.0,E,8,822.9788000000001,E,8,999.0,E,8,2.15,E,8,-9900,?,9,-9900,?,9,0.0,E,8,-9900,?,9,-9900,?,9,0.0,0.0,E,8
07/03/2017,14:00,849.665,1320.472,372.78,1,8,112.485,1,8,300.431,1,8,44733.6,1,8,10686.08,1,8,33047.398,1,8,148.681,1,8,-9900,?,9,-9900,?,9,13.63,E,8,1.35,E,8,43.0,E,8,822.9788000000001,E,8,999.0,E,8,2.21,E,8,-9900,?,9,-9900,?,9,0.0,E,8,-9900,?,9,-9900,?,9,0.0,0.0,E,8
07/03/2017,15:00,693.832,1320.472,314.17,1,8,119.88,1,8,251.228,1,8,37700.4,1,8,11388.616,1,8,27635.099,1,8,152.309,1,8,-9900,?,9,-9900,?,9,13.81,E,8,1.3,E,8,42.0,E,8,822.9788000000001,E,8,999.0,E,8,2.72,E,8,-9900,?,9,-9900,?,9,0.0,E,8,-9900,?,9,-9900,?,9,0.0,0.0,E,8
07/03/2017,16:00,478.358,1320.472,224.64,1,8,192.545,1,8,155.022,1,8,26956.8,1,8,18291.757,1,8,17052.448,1,8,136.476,1,8,-9900,?,9,-9900,?,9,13.48,E,8,1.38,E,8,43.0,E,8,822.9788000000001,E,8,999.0,E,8,2.09,E,8,-9900,?,9,-9900,?,9,0.0,E,8,-9900,?,9,-9900,?,9,0.0,0.0,E,8
07/03/2017,17:00,218.588,1320.472,112.82,1,8,320.591,1,8,60.273,1,8,13538.4,1,8,30456.177,1,8,6629.981,1,8,117.05,1,8,-9900,?,9,-9900,?,9,12.57,E,8,1.61,E,8,47.0,E,8,822.9788000000001,E,8,999.0,E,8,1.56,E,8,-9900,?,9,-9900,?,9,0.0,E,8,-9900,?,9,-9900,?,9,0.0,0.0,E,8
07/03/2017,18:00,0.0,1320.472,7.85,1,8,0.0,1,8,0.0,1,8,942.0,1,8,0.0,1,8,0.0,1,8,-0.0,1,8,-9900,?,9,-9900,?,9,11.82,E,8,1.8,E,8,50.0,E,8,822.9788000000001,E,8,999.0,E,8,0.91,E,8,-9900,?,9,-9900,?,9,0.0,E,8,-9900,?,9,-9900,?,9,0.0,0.0,E,8
07/03/2017,19:00,0.0,1320.472,0.0,1,8,0.0,1,8,0.0,1,8,0.0,1,8,0.0,1,8,0.0,1,8,-0.0,1,8,-9900,?,9,-9900,?,9,11.08,E,8,1.98,E,8,53.0,E,8,822.9788000000001,E,8,999.0,E,8,0.75,E,8,-9900,?,9,-9900,?,9,0.0,E,8,-9900,?,9,-9900,?,9,0.0,0.0,E,8
07/03/2017,20:00,0.0,1320.472,0.0,1,8,0.0,1,8,0.0,1,8,0.0,1,8,0.0,1,8,0.0,1,8,-0.0,1,8,-9900,?,9,-9900,?,9,10.33,E,8,2.16,E,8,56.0,E,8,822.9788000000001,E,8,999.0,E,8,0.75,E,8,-9900,?,9,-9900,?,9,0.0,E,8,-9900,?,9,-9900,?,9,0.0,0.0,E,8
07/03/2017,21:00,0.0,1320.472,0.0,1,8,0.0,1,8,0.0,1,8,0.0,1,8,0.0,1,8,0.0,1,8,-0.0,1,8,-9900,?,9,-9900,?,9,9.59,E,8,2.34,E,8,60.0,E,8,822.9788000000001,E,8,999.0,E,8,0.75,E,8,-9900,?,9,-9900,?,9,0.0,E,8,-9900,?,9,-9900,?,9,0.0,0.0,E,8
07/03/2017,22:00,0.0,1320.472,0.0,1,8,0.0,1,8,0.0,1,8,0.0,1,8,0.0,1,8,0.0,1,8,-0.0,1,8,-9900,?,9,-9900,?,9,8.84,E,8,2.52,E,8,64.0,E,8,822.9788000000001,E,8,999.0,E,8,0.75,E,8,-9900,?,9,-9900,?,9,0.0,E,8,-9900,?,9,-9900,?,9,0.0,0.0,E,8
07/03/2017,23:00,0.0,1320.472,0.0,1,8,0.0,1,8,0.0,1,8,0.0,1,8,0.0,1,8,0.0,1,8,-0.0,1,8,-9900,?,9,-9900,?,9,8.09,E,8,2.69,E,8,68.0,E,8,822.9788000000001,E,8,999.0,E,8,0.75,E,8,-9900,?,9,-9900,?,9,0.0,E,8,-9900,?,9,-9900,?,9,0.0,0.0,E,8
07/03/2017,24:00,0.0,1320.472,0.0,1,8,0.0,1,8,0.0,1,8,0.0,1,8,0.0,1,8,0.0,1,8,-0.0,1,8,-9900,?,9,-9900,?,9,7.35,E,8,2.2,E,8,69.0,E,8,822.9788000000001,E,8,999.0,E,8,0.97,E,8,-9900,?,9,-9900,?,9,0.0,E,8,-9900,?,9,-9900,?,9,0.0,0.0,E,8
07/04/2017,01:00,0.0,1320.472,0.0,1,8,0.0,1,8,0.0,1,8,0.0,1,8,0.0,1,8,0.0,1,8,-0.0,1,8,-9900,?,9,-9900,?,9,6.98,E,8,2.31,E,8,72.0,E,8,822.9788000000001,E,8,999.0,E,8,0.97,E,8,-9900,?,9,-9900,?,9,0.0,E,8,-9900,?,9,-9900,?,9,0.0,0.0,E,8
07/04/2017,02:00,0.0,1320.472,0.0,1,8,0.0,1,8,0.0,1,8,0.0,1,8,0.0,1,8,0.0,1,8,-0.0,1,8,-9900,?,9,-9900,?,9,6.6,E,8,2.41,E,8,74.0,E,8,822.9788000000001,E,8,999.0,E,8,0.97,E,8,-9900,?,9,-9900,?,9,0.0,E,8,-9900,?,9,-9900,?,9,0.0,0.0,E,8
07/04/2017,03:00,0.0,1320.472,0.0,1,8,0.0,1,8,0.0,1,8,0.0,1,8,0.0,1,8,0.0,1,8,-0.0,1,8,-9900,?,9,-9900,?,9,6.23,E,8,2.52,E,8,77.0,E,8,822.9788000000001,E,8,999.0,E,8,0.97,E,8,-9900,?,9,-9900,?,9,0.0,E,8,-9900,?,9,-9900,?,9,0.0,0.0,E,8
07/04/2017,04:00,0.0,1320.458,0.0,1,8,0.0,1,8,0.0,1,8,0.0,1,8,0.0,1,8,0.0,1,8,-0.0,1,8,-9900,?,9,-9900,?,9,5.86,E,8,2.62,E,8,79.0,E,8,822.9788000000001,E,8,999.0,E,8,0.97,E,8,-9900,?,9,-9900,?,9,0.0,E,8,-9900,?,9,-9900,?,9,0.0,0.0,E,8
07/04/2017,05:00,0.0,1320.458,0.0,1,8,0.0,1,8,0.0,1,8,0.0,1,8,0.0,1,8,0.0,1,8,-0.0,1,8,-9900,?,9,-9900,?,9,5.48,E,8,2.72,E,8,82.0,E,8,822.9788000000001,E,8,999.0,E,8,0.97,E,8,-9900,?,9,-9900,?,9,0.0,E,8,-9900,?,9,-9900,?,9,0.0,0.0,E,8
07/04/2017,06:00,0.0,1320.458,0.0,1,8,0.0,1,8,0.0,1,8,0.0,1,8,0.0,1,8,0.0,1,8,-0.0,1,8,-9900,?,9,-9900,?,9,5.19,E,8,2.8,E,8,84.0,E,8,822.9788000000001,E,8,999.0,E,8,0.97,E,8,-9900,?,9,-9900,?,9,0.0,E,8,-9900,?,9,-9900,?,9,0.0,0.0,E,8
07/04/2017,07:00,9.505,1320.458,0.0,1,8,0.0,1,8,0.0,1,8,0.0,1,8,0.0,1,8,0.0,1,8,-0.0,1,8,-9900,?,9,-9900,?,9,4.95,E,8,2.86,E,8,86.0,E,8,822.9788000000001,E,8,999.0,E,8,0.97,E,8,-9900,?,9,-9900,?,9,0.0,E,8,-9900,?,9,-9900,?,9,0.0,0.0,E,8
07/04/2017,08:00,283.597,1320.458,33.16,1,8,0.0,1,8,33.16,1,8,3979.2,1,8,0.0,1,8,3647.6,1,8,49.436,1,8,-9900,?,9,-9900,?,9,4.7,E,8,2.93,E,8,88.0,E,8,822.9788000000001,E,8,999.0,E,8,0.97,E,8,-9900,?,9,-9900,?,9,0.0,E,8,-9900,?,9,-9900,?,9,0.0,0.0,E,8
07/04/2017,09:00,534.758,1320.458,173.05,1,8,28.342,1,8,161.589,1,8,20766.0,1,8,2692.535,1,8,17774.783,1,8,127.196,1,8,-9900,?,9,-9900,?,9,7.53,E,8,2.15,E,8,68.0,E,8,822.9788000000001,E,8,999.0,E,8,0.97,E,8,-9900,?,9,-9900,?,9,0.0,E,8,-9900,?,9,-9900,?,9,0.0,0.0,E,8
07/04/2017,10:00,737.533,1320.458,305.45,1,8,79.571,1,8,261.035,1,8,36654.0,1,8,7559.261,1,8,28713.823,1,8,148.858,1,8,-9900,?,9,-9900,?,9,9.38,E,8,1.62,E,8,58.0,E,8,822.9788000000001,E,8,999.0,E,8,0.97,E,8,-9900,?,9,-9900,?,9,0.0,E,8,-9900,?,9,-9900,?,9,0.0,0.0,E,8
07/04/2017,11:00,877.698,1320.458,407.27,1,8,137.084,1,8,316.185,1,8,48872.4,1,8,13023.014,1,8,34780.335,1,8,151.472,1,8,-9900,?,9,-9900,?,9,11.01,E,8,1.14,E,8,50.0,E,8,822.9788000000001,E,8,999.0,E,8,0.97,E,8,-9900,?,9,-9900,?,9,0.0,E,8,-9900,?,9,-9900,?,9,0.0,0.0,E,8
07/04/2017,12:00,945.613,1320.458,469.4,1,8,98.858,1,8,398.625,1,8,56328.0,1,8,9391.512,1,8,43848.757,1,8,177.234,1,8,-9900,?,9,-9900,?,9,12.32,E,8,0.74,E,8,45.0,E,8,822.9788000000001,E,8,999.0,E,8,0.97,E,8,-9900,?,9,-9900,?,9,0.0,E,8,-9900,?,9,-9900,?,9,0.0,0.0,E,8
07/04/2017,13:00,936.622,1320.458,487.03,1,8,119.709,1,8,402.143,1,8,58443.6,1,8,11372.395,1,8,44235.706,1,8,180.516,1,8,-9900,?,9,-9900,?,9,13.28,E,8,0.45,E,8,41.0,E,8,822.9788000000001,E,8,999.0,E,8,0.97,E,8,-9900,?,9,-9900,?,9,0.0,E,8,-9900,?,9,-9900,?,9,0.0,0.0,E,8
07/04/2017,14:00,851.34,1320.458,458.83,1,8,148.266,1,8,363.278,1,8,55059.6,1,8,14085.306,1,8,39960.529,1,8,179.428,1,8,-9900,?,9,-9900,?,9,13.85,E,8,0.26,E,8,39.0,E,8,822.9788000000001,E,8,999.0,E,8,1.59,E,8,-9900,?,9,-9900,?,9,0.0,E,8,-9900,?,9,-9900,?,9,0.0,0.0,E,8
07/04/2017,15:00,695.608,1320.458,386.93,1,8,255.2,1,8,252.595,1,8,46431.6,1,8,24244.017,1,8,27785.424,1,8,152.744,1,8,-9900,?,9,-9900,?,9,14.04,E,8,0.21,E,8,38.0,E,8,822.9788000000001,E,8,999.0,E,8,1.87,E,8,-9900,?,9,-9900,?,9,0.0,E,8,-9900,?,9,-9900,?,9,0.0,0.0,E,8
07/04/2017,16:00,480.156,1320.458,277.0,1,8,360.123,1,8,146.298,1,8,33240.0,1,8,34211.719,1,8,16092.824,1,8,128.31,1,8,-9900,?,9,-9900,?,9,13.71,E,8,0.31,E,8,39.0,E,8,822.9788000000001,E,8,999.0,E,8,1.41,E,8,-9900,?,9,-9900,?,9,0.0,E,8,-9900,?,9,-9900,?,9,0.0,0.0,E,8
07/04/2017,17:00,220.321,1320.458,139.61,1,8,430.105,1,8,68.542,1,8,16753.2,1,8,40859.971,1,8,7539.612,1,8,132.04,1,8,-9900,?,9,-9900,?,9,12.81,E,8,0.59,E,8,43.0,E,8,822.9788000000001,E,8,999.0,E,8,0.97,E,8,-9900,?,9,-9900,?,9,0.0,E,8,-9900,?,9,-9900,?,9,0.0,0.0,E,8
07/04/2017,18:00,0.0,1320.458,10.09,1,8,0.0,1,8,0.0,1,8,1210.8,1,8,0.0,1,8,0.0,1,8,-0.0,1,8,-9900,?,9,-9900,?,9,12.33,E,8,0.74,E,8,44.0,E,8,822.9788000000001,E,8,999.0,E,8,0.97,E,8,-9900,?,9,-9900,?,9,0.0,E,8,-9900,?,9,-9900,?,9,0.0,0.0,E,8
07/04/2017,19:00,0.0,1320.458,0.0,1,8,0.0,1,8,0.0,1,8,0.0,1,8,0.0,1,8,0.0,1,8,-0.0,1,8,-9900,?,9,-9900,?,9,11.85,E,8,0.89,E,8,46.0,E,8,822.9788000000001,E,8,999.0,E,8,0.97,E,8,-9900,?,9,-9900,?,9,0.0,E,8,-9900,?,9,-9900,?,9,0.0,0.0,E,8
07/04/2017,20:00,0.0,1320.458,0.0,1,8,0.0,1,8,0.0,1,8,0.0,1,8,0.0,1,8,0.0,1,8,-0.0,1,8,-9900,?,9,-9900,?,9,11.36,E,8,1.04,E,8,49.0,E,8,822.9788000000001,E,8,999.0,E,8,0.97,E,8,-9900,?,9,-9900,?,9,0.0,E,8,-9900,?,9,-9900,?,9,0.0,0.0,E,8
07/04/2017,21:00,0.0,1320.458,0.0,1,8,0.0,1,8,0.0,1,8,0.0,1,8,0.0,1,8,0.0,1,8,-0.0,1,8,-9900,?,9,-9900,?,9,10.88,E,8,1.18,E,8,51.0,E,8,822.9788000000001,E,8,999.0,E,8,0.97,E,8,-9900,?,9,-9900,?,9,0.0,E,8,-9900,?,9,-9900,?,9,0.0,0.0,E,8
07/04/2017,22:00,0.0,1320.458,0.0,1,8,0.0,1,8,0.0,1,8,0.0,1,8,0.0,1,8,0.0,1,8,-0.0,1,8,-9900,?,9,-9900,?,9,10.4,E,8,1.32,E,8,53.0,E,8,822.9788000000001,E,8,999.0,E,8,0.97,E,8,-9900,?,9,-9900,?,9,0.0,E,8,-9900,?,9,-9900,?,9,0.0,0.0,E,8
07/04/2017,23:00,0.0,1320.458,0.0,1,8,0.0,1,8,0.0,1,8,0.0,1,8,0.0,1,8,0.0,1,8,-0.0,1,8,-9900,?,9,-9900,?,9,9.92,E,8,1.47,E,8,55.0,E,8,822.9788000000001,E,8,999.0,E,8,0.97,E,8,-9900,?,9,-9900,?,9,0.0,E,8,-9900,?,9,-9900,?,9,0.0,0.0,E,8
07/04/2017,24:00,0.0,1320.458,0.0,1,8,0.0,1,8,0.0,1,8,0.0,1,8,0.0,1,8,0.0,1,8,-0.0,1,8,-9900,?,9,-9900,?,9,9.43,E,8,3.9,E,8,68.0,E,8,822.9788000000001,E,8,999.0,E,8,0.63,E,8,-9900,?,9,-9900,?,9,0.0,E,8,-9900,?,9,-9900,?,9,0.0,0.0,E,8
07/05/2017,01:00,0.0,1320.458,0.0,1,8,0.0,1,8,0.0,1,8,0.0,1,8,0.0,1,8,0.0,1,8,-0.0,1,8,-9900,?,9,-9900,?,9,9.19,E,8,4.38,E,8,71.0,E,8,822.9788000000001,E,8,999.0,E,8,0.63,E,8,-9900,?,9,-9900,?,9,0.0,E,8,-9900,?,9,-9900,?,9,0.0,0.0,E,8
07/05/2017,02:00,0.0,1320.458,0.0,1,8,0.0,1,8,0.0,1,8,0.0,1,8,0.0,1,8,0.0,1,8,-0.0,1,8,-9900,?,9,-9900,?,9,8.95,E,8,4.85,E,8,75.0,E,8,822.9788000000001,E,8,999.0,E,8,0.63,E,8,-9900,?,9,-9900,?,9,0.0,E,8,-9900,?,9,-9900,?,9,0.0,0.0,E,8
07/05/2017,03:00,0.0,1320.458,0.0,1,8,0.0,1,8,0.0,1,8,0.0,1,8,0.0,1,8,0.0,1,8,-0.0,1,8,-9900,?,9,-9900,?,9,8.71,E,8,5.31,E,8,79.0,E,8,822.9788000000001,E,8,999.0,E,8,0.63,E,8,-9900,?,9,-9900,?,9,0.0,E,8,-9900,?,9,-9900,?,9,0.0,0.0,E,8
07/05/2017,04:00,0.0,1320.457,0.0,1,8,0.0,1,8,0.0,1,8,0.0,1,8,0.0,1,8,0.0,1,8,-0.0,1,8,-9900,?,9,-9900,?,9,8.47,E,8,5.75,E,8,82.0,E,8,822.9788000000001,E,8,999.0,E,8,0.63,E,8,-9900,?,9,-9900,?,9,0.0,E,8,-9900,?,9,-9900,?,9,0.0,0.0,E,8
07/05/2017,05:00,0.0,1320.457,0.0,1,8,0.0,1,8,0.0,1,8,0.0,1,8,0.0,1,8,0.0,1,8,-0.0,1,8,-9900,?,9,-9900,?,9,8.23,E,8,6.18,E,8,86.0,E,8,822.9788000000001,E,8,999.0,E,8,0.63,E,8,-9900,?,9,-9900,?,9,0.0,E,8,-9900,?,9,-9900,?,9,0.0,0.0,E,8
07/05/2017,06:00,0.0,1320.457,0.0,1,8,0.0,1,8,0.0,1,8,0.0,1,8,0.0,1,8,0.0,1,8,-0.0,1,8,-9900,?,9,-9900,?,9,8.04,E,8,6.52,E,8,90.0,E,8,822.9788000000001,E,8,999.0,E,8,0.63,E,8,-9900,?,9,-9900,?,9,0.0,E,8,-9900,?,9,-9900,?,9,0.0,0.0,E,8
07/05/2017,07:00,9.474,1320.457,0.0,1,8,0.0,1,8,0.0,1,8,0.0,1,8,0.0,1,8,0.0,1,8,-0.0,1,8,-9900,?,9,-9900,?,9,7.88,E,8,6.79,E,8,92.0,E,8,822.9788000000001,E,8,999.0,E,8,0.63,E,8,-9900,?,9,-9900,?,9,0.0,E,8,-9900,?,9,-9900,?,9,0.0,0.0,E,8
07/05/2017,08:00,283.819,1320.457,27.2,1,8,0.0,1,8,27.2,1,8,3264.0,1,8,0.0,1,8,2992.0,1,8,40.518,1,8,-9900,?,9,-9900,?,9,7.72,E,8,7.06,E,8,95.0,E,8,822.9788000000001,E,8,999.0,E,8,0.63,E,8,-9900,?,9,-9900,?,9,0.0,E,8,-9900,?,9,-9900,?,9,0.0,0.0,E,8
07/05/2017,09:00,535.273,1320.457,141.85,1,8,8.116,1,8,138.565,1,8,17022.0,1,8,770.979,1,8,15242.158,1,8,108.967,1,8,-9900,?,9,-9900,?,9,9.63,E,8,3.49,E,8,70.0,E,8,822.9788000000001,E,8,999.0,E,8,0.63,E,8,-9900,?,9,-9900,?,9,0.097,E,8,-9900,?,9,-9900,?,9,0.97,99.0,E,8
07/05/2017,10:00,738.354,1320.457,250.36,1,8,7.372,1,8,246.24,1,8,30043.2,1,8,700.345,1,8,27086.45,1,8,140.265,1,8,-9900,?,9,-9900,?,9,10.88,E,8,0.61,E,8,54.0,E,8,822.9788000000001,E,8,999.0,E,8,0.77,E,8,-9900,?,9,-9900,?,9,0.002,E,8,-9900,?,9,-9900,?,9,0.02,99.0,E,8
07/05/2017,11:00,878.817,1320.457,333.83,1,8,6.235,1,8,329.682,1,8,40059.6,1,8,592.332,1,8,36265.002,1,8,157.736,1,8,-9900,?,9,-9900,?,9,11.98,E,8,-2.18,E,8,36.0,E,8,822.9788000000001,E,8,999.0,E,8,1.4,E,8,-9900,?,9,-9900,?,9,0.0,E,8,-9900,?,9,-9900,?,9,0.0,0.0,E,8
07/05/2017,12:00,947.0,1320.457,384.82,1,8,44.143,1,8,353.17,1,8,46178.4,1,8,4193.627,1,8,38848.716,1,8,156.794,1,8,-9900,?,9,-9900,?,9,12.86,E,8,-4.86,E,8,27.0,E,8,822.9788000000001,E,8,999.0,E,8,1.79,E,8,-9900,?,9,-9900,?,9,0.0,E,8,-9900,?,9,-9900,?,9,0.0,0.0,E,8
07/05/2017,13:00,938.232,1320.457,399.37,1,8,53.64,1,8,361.268,1,8,47924.4,1,8,5095.789,1,8,39739.47,1,8,161.889,1,8,-9900,?,9,-9900,?,9,13.51,E,8,-7.28,E,8,21.0,E,8,822.9788000000001,E,8,999.0,E,8,1.93,E,8,-9900,?,9,-9900,?,9,0.0,E,8,-9900,?,9,-9900,?,9,0.0,0.0,E,8
07/05/2017,14:00,853.11,1320.457,376.39,1,8,67.292,1,8,332.933,1,8,45166.8,1,8,6392.716,1,8,36622.577,1,8,164.098,1,8,-9900,?,9,-9900,?,9,13.9,E,8,-8.99,E,8,17.0,E,8,822.9788000000001,E,8,999.0,E,8,2.07,E,8,-9900,?,9,-9900,?,9,0.0,E,8,-9900,?,9,-9900,?,9,0.0,0.0,E,8
07/05/2017,15:00,697.464,1320.457,317.6,1,8,72.668,1,8,279.246,1,8,38112.0,1,8,6903.435,1,8,30717.059,1,8,168.41,1,8,-9900,?,9,-9900,?,9,14.02,E,8,-9.57,E,8,16.0,E,8,822.9788000000001,E,8,999.0,E,8,2.44,E,8,-9900,?,9,-9900,?,9,0.0,E,8,-9900,?,9,-9900,?,9,0.0,0.0,E,8
07/05/2017,16:00,482.018,1320.457,227.64,1,8,159.008,1,8,169.705,1,8,27316.8,1,8,15105.782,1,8,18667.595,1,8,148.261,1,8,-9900,?,9,-9900,?,9,13.8,E,8,-8.53,E,8,18.0,E,8,822.9788000000001,E,8,999.0,E,8,1.83,E,8,-9900,?,9,-9900,?,9,0.0,E,8,-9900,?,9,-9900,?,9,0.0,0.0,E,8
07/05/2017,17:00,222.099,1320.457,115.14,1,8,433.414,1,8,42.936,1,8,13816.8,1,8,41174.351,1,8,4722.947,1,8,82.037,1,8,-9900,?,9,-9900,?,9,13.2,E,8,-6.07,E,8,24.0,E,8,822.9788000000001,E,8,999.0,E,8,2.23,E,8,-9900,?,9,-9900,?,9,0.0,E,8,-9900,?,9,-9900,?,9,0.0,0.0,E,8
07/05/2017,18:00,0.0,1320.457,8.65,1,8,0.0,1,8,0.0,1,8,1038.0,1,8,0.0,1,8,0.0,1,8,-0.0,1,8,-9900,?,9,-9900,?,9,12.59,E,8,-3.98,E,8,30.0,E,8,822.9788000000001,E,8,999.0,E,8,1.26,E,8,-9900,?,9,-9900,?,9,0.0,E,8,-9900,?,9,-9900,?,9,0.0,0.0,E,8
07/05/2017,19:00,0.0,1320.457,0.0,1,8,0.0,1,8,0.0,1,8,0.0,1,8,0.0,1,8,0.0,1,8,-0.0,1,8,-9900,?,9,-9900,?,9,11.97,E,8,-2.15,E,8,36.0,E,8,822.9788000000001,E,8,999.0,E,8,0.63,E,8,-9900,?,9,-9900,?,9,0.0,E,8,-9900,?,9,-9900,?,9,0.0,0.0,E,8
07/05/2017,20:00,0.0,1320.457,0.0,1,8,0.0,1,8,0.0,1,8,0.0,1,8,0.0,1,8,0.0,1,8,-0.0,1,8,-9900,?,9,-9900,?,9,11.36,E,8,-0.58,E,8,43.0,E,8,822.9788000000001,E,8,999.0,E,8,0.63,E,8,-9900,?,9,-9900,?,9,0.0,E,8,-9900,?,9,-9900,?,9,0.0,0.0,E,8
07/05/2017,21:00,0.0,1320.457,0.0,1,8,0.0,1,8,0.0,1,8,0.0,1,8,0.0,1,8,0.0,1,8,-0.0,1,8,-9900,?,9,-9900,?,9,10.74,E,8,0.96,E,8,55.0,E,8,822.9788000000001,E,8,999.0,E,8,0.63,E,8,-9900,?,9,-9900,?,9,0.001,E,8,-9900,?,9,-9900,?,9,0.01,99.0,E,8
07/05/2017,22:00,0.0,1320.457,0.0,1,8,0.0,1,8,0.0,1,8,0.0,1,8,0.0,1,8,0.0,1,8,-0.0,1,8,-9900,?,9,-9900,?,9,10.13,E,8,2.4,E,8,58.0,E,8,822.9788000000001,E,8,999.0,E,8,0.63,E,8,-9900,?,9,-9900,?,9,0.0,E,8,-9900,?,9,-9900,?,9,0.0,0.0,E,8
07/05/2017,23:00,0.0,1320.457,0.0,1,8,0.0,1,8,0.0,1,8,0.0,1,8,0.0,1,8,0.0,1,8,-0.0,1,8,-9900,?,9,-9900,?,9,9.52,E,8,3.71,E,8,67.0,E,8,822.9788000000001,E,8,999.0,E,8,0.63,E,8,-9900,?,9,-9900,?,9,0.0,E,8,-9900,?,9,-9900,?,9,0.0,0.0,E,8
07/05/2017,24:00,0.0,1320.457,0.0,1,8,0.0,1,8,0.0,1,8,0.0,1,8,0.0,1,8,0.0,1,8,-0.0,1,8,-9900,?,9,-9900,?,9,8.9,E,8,3.23,E,8,67.0,E,8,822.9788000000001,E,8,999.0,E,8,0.49,E,8,-9900,?,9,-9900,?,9,0.0,E,8,-9900,?,9,-9900,?,9,0.0,0.0,E,8
07/06/2017,01:00,0.0,1320.457,0.0,1,8,0.0,1,8,0.0,1,8,0.0,1,8,0.0,1,8,0.0,1,8,-0.0,1,8,-9900,?,9,-9900,?,9,8.59,E,8,3.72,E,8,71.0,E,8,822.9788000000001,E,8,999.0,E,8,0.49,E,8,-9900,?,9,-9900,?,9,0.0,E,8,-9900,?,9,-9900,?,9,0.0,0.0,E,8
07/06/2017,02:00,0.0,1320.457,0.0,1,8,0.0,1,8,0.0,1,8,0.0,1,8,0.0,1,8,0.0,1,8,-0.0,1,8,-9900,?,9,-9900,?,9,8.29,E,8,4.18,E,8,75.0,E,8,822.9788000000001,E,8,999.0,E,8,0.49,E,8,-9900,?,9,-9900,?,9,0.0,E,8,-9900,?,9,-9900,?,9,0.0,0.0,E,8
07/06/2017,03:00,0.0,1320.457,0.0,1,8,0.0,1,8,0.0,1,8,0.0,1,8,0.0,1,8,0.0,1,8,-0.0,1,8,-9900,?,9,-9900,?,9,7.98,E,8,4.65,E,8,79.0,E,8,822.9788000000001,E,8,999.0,E,8,0.49,E,8,-9900,?,9,-9900,?,9,0.0,E,8,-9900,?,9,-9900,?,9,0.0,0.0,E,8
07/06/2017,04:00,0.0,1320.468,0.0,1,8,0.0,1,8,0.0,1,8,0.0,1,8,0.0,1,8,0.0,1,8,-0.0,1,8,-9900,?,9,-9900,?,9,7.67,E,8,5.09,E,8,88.0,E,8,822.9788000000001,E,8,999.0,E,8,0.49,E,8,-9900,?,9,-9900,?,9,0.002,E,8,-9900,?,9,-9900,?,9,0.02,99.0,E,8
07/06/2017,05:00,0.0,1320.468,0.0,1,8,0.0,1,8,0.0,1,8,0.0,1,8,0.0,1,8,0.0,1,8,-0.0,1,8,-9900,?,9,-9900,?,9,7.37,E,8,5.52,E,8,92.0,E,8,822.9788000000001,E,8,999.0,E,8,0.49,E,8,-9900,?,9,-9900,?,9,0.097,E,8,-9900,?,9,-9900,?,9,0.97,99.0,E,8
07/06/2017,06:00,0.0,1320.468,0.0,1,8,0.0,1,8,0.0,1,8,0.0,1,8,0.0,1,8,0.0,1,8,-0.0,1,8,-9900,?,9,-9900,?,9,7.13,E,8,5.85,E,8,91.0,E,8,822.9788000000001,E,8,999.0,E,8,0.49,E,8,-9900,?,9,-9900,?,9,0.0,E,8,-9900,?,9,-9900,?,9,0.0,0.0,E,8
07/06/2017,07:00,9.518,1320.468,0.0,1,8,0.0,1,8,0.0,1,8,0.0,1,8,0.0,1,8,0.0,1,8,-0.0,1,8,-9900,?,9,-9900,?,9,6.93,E,8,6.12,E,8,94.0,E,8,822.9788000000001,E,8,999.0,E,8,0.49,E,8,-9900,?,9,-9900,?,9,0.0,E,8,-9900,?,9,-9900,?,9,0.0,0.0,E,8
07/06/2017,08:00,284.141,1320.468,29.48,1,8,0.0,1,8,29.48,1,8,3537.6,1,8,0.0,1,8,3242.8,1,8,43.865,1,8,-9900,?,9,-9900,?,9,6.72,E,8,6.39,E,8,97.0,E,8,822.9788000000001,E,8,999.0,E,8,0.49,E,8,-9900,?,9,-9900,?,9,0.0,E,8,-9900,?,9,-9900,?,9,0.0,0.0,E,8
07/06/2017,09:00,535.898,1320.468,84.72,1,8,0.0,1,8,84.72,1,8,10166.4,1,8,0.0,1,8,9319.2,1,8,66.546,1,8,-9900,?,9,-9900,?,9,8.28,E,8,4.2,E,8,75.0,E,8,822.9788000000001,E,8,999.0,E,8,0.49,E,8,-9900,?,9,-9900,?,9,0.0,E,8,-9900,?,9,-9900,?,9,0.0,0.0,E,8
07/06/2017,10:00,739.29,1320.468,270.91,1,8,41.911,1,8,247.46,1,8,32509.2,1,8,3981.559,1,8,27220.63,1,8,140.782,1,8,-9900,?,9,-9900,?,9,10.21,E,8,0.97,E,8,52.0,E,8,822.9788000000001,E,8,999.0,E,8,0.62,E,8,-9900,?,9,-9900,?,9,0.0,E,8,-9900,?,9,-9900,?,9,0.0,0.0,E,8
07/06/2017,11:00,880.052,1320.468,361.24,1,8,48.925,1,8,328.645,1,8,43348.8,1,8,4647.905,1,8,36150.922,1,8,157.02,1,8,-9900,?,9,-9900,?,9,11.8,E,8,-2.04,E,8,37.0,E,8,822.9788000000001,E,8,999.0,E,8,1.09,E,8,-9900,?,9,-9900,?,9,0.0,E,8,-9900,?,9,-9900,?,9,0.0,0.0,E,8
07/06/2017,12:00,948.501,1320.468,416.47,1,8,60.229,1,8,373.219,1,8,49976.4,1,8,5721.787,1,8,41054.065,1,8,165.433,1,8,-9900,?,9,-9900,?,9,13.05,E,8,-4.89,E,8,26.0,E,8,822.9788000000001,E,8,999.0,E,8,1.75,E,8,-9900,?,9,-9900,?,9,0.0,E,8,-9900,?,9,-9900,?,9,0.0,0.0,E,8
07/06/2017,13:00,939.947,1320.468,432.32,1,8,73.211,1,8,380.221,1,8,51878.4,1,8,6955.072,1,8,41824.309,1,8,170.073,1,8,-9900,?,9,-9900,?,9,13.95,E,8,-7.42,E,8,20.0,E,8,822.9788000000001,E,8,999.0,E,8,3.9,E,8,-9900,?,9,-9900,?,9,0.0,E,8,-9900,?,9,-9900,?,9,0.0,0.0,E,8
07/06/2017,14:00,854.973,1320.468,407.58,1,8,91.601,1,8,348.295,1,8,48909.6,1,8,8702.072,1,8,38312.417,1,8,171.297,1,8,-9900,?,9,-9900,?,9,14.5,E,8,-9.26,E,8,16.0,E,8,822.9788000000001,E,8,999.0,E,8,2.87,E,8,-9900,?,9,-9900,?,9,0.0,E,8,-9900,?,9,-9900,?,9,0.0,0.0,E,8
07/06/2017,15:00,699.399,1320.468,344.13,1,8,98.077,1,8,292.221,1,8,41295.6,1,8,9317.338,1,8,32144.354,1,8,175.748,1,8,-9900,?,9,-9900,?,9,14.7,E,8,-10.01,E,8,15.0,E,8,822.9788000000001,E,8,999.0,E,8,2.66,E,8,-9900,?,9,-9900,?,9,0.0,E,8,-9900,?,9,-9900,?,9,0.0,0.0,E,8
07/06/2017,16:00,483.943,1320.468,246.96,1,8,236.853,1,8,160.317,1,8,29635.2,1,8,22501.039,1,8,17634.925,1,8,139.502,1,8,-9900,?,9,-9900,?,9,14.46,E,8,-9.12,E,8,17.0,E,8,822.9788000000001,E,8,999.0,E,8,2.58,E,8,-9900,?,9,-9900,?,9,0.0,E,8,-9900,?,9,-9900,?,9,0.0,0.0,E,8
07/06/2017,17:00,223.922,1320.468,125.37,1,8,532.003,1,8,36.001,1,8,15044.4,1,8,50540.32,1,8,3960.146,1,8,68.218,1,8,-9900,?,9,-9900,?,9,13.71,E,8,-6.69,E,8,22.0,E,8,822.9788000000001,E,8,999.0,E,8,1.53,E,8,-9900,?,9,-9900,?,9,0.0,E,8,-9900,?,9,-9900,?,9,0.0,0.0,E,8
07/06/2017,18:00,0.0,1320.468,9.77,1,8,0.0,1,8,0.0,1,8,1172.4,1,8,0.0,1,8,0.0,1,8,-0.0,1,8,-9900,?,9,-9900,?,9,12.87,E,8,-4.44,E,8,28.0,E,8,822.9788000000001,E,8,999.0,E,8,0.77,E,8,-9900,?,9,-9900,?,9,0.0,E,8,-9900,?,9,-9900,?,9,0.0,0.0,E,8
07/06/2017,19:00,0.0,1320.468,0.0,1,8,0.0,1,8,0.0,1,8,0.0,1,8,0.0,1,8,0.0,1,8,-0.0,1,8,-9900,?,9,-9900,?,9,12.04,E,8,-2.54,E,8,35.0,E,8,822.9788000000001,E,8,999.0,E,8,0.49,E,8,-9900,?,9,-9900,?,9,0.0,E,8,-9900,?,9,-9900,?,9,0.0,0.0,E,8
07/06/2017,20:00,0.0,1320.468,0.0,1,8,0.0,1,8,0.0,1,8,0.0,1,8,0.0,1,8,0.0,1,8,-0.0,1,8,-9900,?,9,-9900,?,9,11.2,E,8,-0.87,E,8,42.0,E,8,822.9788000000001,E,8,999.0,E,8,0.49,E,8,-9900,?,9,-9900,?,9,0.0,E,8,-9900,?,9,-9900,?,9,0.0,0.0,E,8
07/06/2017,21:00,0.0,1320.468,0.0,1,8,0.0,1,8,0.0,1,8,0.0,1,8,0.0,1,8,0.0,1,8,-0.0,1,8,-9900,?,9,-9900,?,9,10.36,E,8,0.69,E,8,51.0,E,8,822.9788000000001,E,8,999.0,E,8,0.49,E,8,-9900,?,9,-9900,?,9,0.0,E,8,-9900,?,9,-9900,?,9,0.0,0.0,E,8
07/06/2017,22:00,0.0,1320.468,0.0,1,8,0.0,1,8,0.0,1,8,0.0,1,8,0.0,1,8,0.0,1,8,-0.0,1,8,-9900,?,9,-9900,?,9,9.53,E,8,2.19,E,8,60.0,E,8,822.9788000000001,E,8,999.0,E,8,0.49,E,8,-9900,?,9,-9900,?,9,0.0,E,8,-9900,?,9,-9900,?,9,0.0,0.0,E,8
07/06/2017,23:00,0.0,1320.468,0.0,1,8,0.0,1,8,0.0,1,8,0.0,1,8,0.0,1,8,0.0,1,8,-0.0,1,8,-9900,?,9,-9900,?,9,8.69,E,8,3.57,E,8,75.0,E,8,822.9788000000001,E,8,999.0,E,8,0.49,E,8,-9900,?,9,-9900,?,9,0.001,E,8,-9900,?,9,-9900,?,9,0.01,99.0,E,8
07/06/2017,24:00,0.0,1320.468,0.0,1,8,0.0,1,8,0.0,1,8,0.0,1,8,0.0,1,8,0.0,1,8,-0.0,1,8,-9900,?,9,-9900,?,9,7.85,E,8,0.91,E,8,61.0,E,8,822.9788000000001,E,8,999.0,E,8,0.8,E,8,-9900,?,9,-9900,?,9,0.0,E,8,-9900,?,9,-9900,?,9,0.0,0.0,E,8
07/07/2017,01:00,0.0,1320.468,0.0,1,8,0.0,1,8,0.0,1,8,0.0,1,8,0.0,1,8,0.0,1,8,-0.0,1,8,-9900,?,9,-9900,?,9,7.44,E,8,1.37,E,8,65.0,E,8,822.9788000000001,E,8,999.0,E,8,0.8,E,8,-9900,?,9,-9900,?,9,0.0,E,8,-9900,?,9,-9900,?,9,0.0,0.0,E,8
07/07/2017,02:00,0.0,1320.468,0.0,1,8,0.0,1,8,0.0,1,8,0.0,1,8,0.0,1,8,0.0,1,8,-0.0,1,8,-9900,?,9,-9900,?,9,7.02,E,8,1.83,E,8,69.0,E,8,822.9788000000001,E,8,999.0,E,8,0.8,E,8,-9900,?,9,-9900,?,9,0.0,E,8,-9900,?,9,-9900,?,9,0.0,0.0,E,8
07/07/2017,03:00,0.0,1320.468,0.0,1,8,0.0,1,8,0.0,1,8,0.0,1,8,0.0,1,8,0.0,1,8,-0.0,1,8,-9900,?,9,-9900,?,9,6.6,E,8,2.28,E,8,73.0,E,8,822.9788000000001,E,8,999.0,E,8,0.8,E,8,-9900,?,9,-9900,?,9,0.0,E,8,-9900,?,9,-9900,?,9,0.0,0.0,E,8
07/07/2017,04:00,0.0,1320.493,0.0,1,8,0.0,1,8,0.0,1,8,0.0,1,8,0.0,1,8,0.0,1,8,-0.0,1,8,-9900,?,9,-9900,?,9,6.18,E,8,2.71,E,8,78.0,E,8,822.9788000000001,E,8,999.0,E,8,0.8,E,8,-9900,?,9,-9900,?,9,0.0,E,8,-9900,?,9,-9900,?,9,0.0,0.0,E,8
07/07/2017,05:00,0.0,1320.493,0.0,1,8,0.0,1,8,0.0,1,8,0.0,1,8,0.0,1,8,0.0,1,8,-0.0,1,8,-9900,?,9,-9900,?,9,5.76,E,8,3.13,E,8,83.0,E,8,822.9788000000001,E,8,999.0,E,8,0.8,E,8,-9900,?,9,-9900,?,9,0.0,E,8,-9900,?,9,-9900,?,9,0.0,0.0,E,8
07/07/2017,06:00,0.0,1320.493,0.0,1,8,0.0,1,8,0.0,1,8,0.0,1,8,0.0,1,8,0.0,1,8,-0.0,1,8,-9900,?,9,-9900,?,9,5.44,E,8,3.44,E,8,86.0,E,8,822.9788000000001,E,8,999.0,E,8,0.8,E,8,-9900,?,9,-9900,?,9,0.0,E,8,-9900,?,9,-9900,?,9,0.0,0.0,E,8
07/07/2017,07:00,9.637,1320.493,0.0,1,8,0.0,1,8,0.0,1,8,0.0,1,8,0.0,1,8,0.0,1,8,-0.0,1,8,-9900,?,9,-9900,?,9,5.16,E,8,3.71,E,8,90.0,E,8,822.9788000000001,E,8,999.0,E,8,0.8,E,8,-9900,?,9,-9900,?,9,0.0,E,8,-9900,?,9,-9900,?,9,0.0,0.0,E,8
07/07/2017,08:00,284.563,1320.493,36.87,1,8,0.0,1,8,36.87,1,8,4424.4,1,8,0.0,1,8,4055.7,1,8,54.779,1,8,-9900,?,9,-9900,?,9,4.89,E,8,3.97,E,8,93.0,E,8,822.9788000000001,E,8,999.0,E,8,0.8,E,8,-9900,?,9,-9900,?,9,0.0,E,8,-9900,?,9,-9900,?,9,0.0,0.0,E,8
07/07/2017,09:00,536.633,1320.493,193.13,1,8,99.098,1,8,152.917,1,8,23175.6,1,8,9414.341,1,8,16820.856,1,8,119.951,1,8,-9900,?,9,-9900,?,9,7.5,E,8,1.31,E,8,64.0,E,8,822.9788000000001,E,8,999.0,E,8,0.8,E,8,-9900,?,9,-9900,?,9,0.0,E,8,-9900,?,9,-9900,?,9,0.0,0.0,E,8
07/07/2017,10:00,740.342,1320.493,334.17,1,8,97.352,1,8,279.624,1,8,40100.4,1,8,9248.439,1,8,30758.628,1,8,158.857,1,8,-9900,?,9,-9900,?,9,9.16,E,8,-0.58,E,8,50.0,E,8,822.9788000000001,E,8,999.0,E,8,0.8,E,8,-9900,?,9,-9900,?,9,0.0,E,8,-9900,?,9,-9900,?,9,0.0,0.0,E,8
07/07/2017,11:00,881.403,1320.493,497.26,1,8,220.494,1,8,350.138,1,8,59671.2,1,8,20946.923,1,8,38515.213,1,8,167.036,1,8,-9900,?,9,-9900,?,9,10.91,E,8,-2.7,E,8,37.0,E,8,822.9788000000001,E,8,999.0,E,8,0.8,E,8,-9900,?,9,-9900,?,9,0.0,E,8,-9900,?,9,-9900,?,9,0.0,0.0,E,8
07/07/2017,12:00,950.115,1320.493,581.99,1,8,287.335,1,8,375.305,1,8,69838.8,1,8,27296.788,1,8,41283.537,1,8,166.078,1,8,-9900,?,9,-9900,?,9,12.35,E,8,-4.75,E,8,28.0,E,8,822.9788000000001,E,8,999.0,E,8,1.28,E,8,-9900,?,9,-9900,?,9,0.0,E,8,-9900,?,9,-9900,?,9,0.0,0.0,E,8
07/07/2017,13:00,941.767,1320.493,662.05,1,8,490.188,1,8,312.55,1,8,79446.0,1,8,46567.884,1,8,34380.501,1,8,139.536,1,8,-9900,?,9,-9900,?,9,13.61,E,8,-6.86,E,8,21.0,E,8,822.9788000000001,E,8,999.0,E,8,2.47,E,8,-9900,?,9,-9900,?,9,0.0,E,8,-9900,?,9,-9900,?,9,0.0,0.0,E,8
07/07/2017,14:00,856.929,1320.493,602.33,1,8,660.204,1,8,174.066,1,8,72279.6,1,8,62719.383,1,8,19147.245,1,8,85.414,1,8,-9900,?,9,-9900,?,9,14.32,E,8,-8.23,E,8,18.0,E,8,822.9788000000001,E,8,999.0,E,8,2.42,E,8,-9900,?,9,-9900,?,9,0.0,E,8,-9900,?,9,-9900,?,9,0.0,0.0,E,8
07/07/2017,15:00,701.411,1320.493,489.22,1,8,588.151,1,8,177.042,1,8,58706.4,1,8,55874.335,1,8,19474.639,1,8,106.173,1,8,-9900,?,9,-9900,?,9,14.53,E,8,-8.66,E,8,17.0,E,8,822.9788000000001,E,8,999.0,E,8,2.46,E,8,-9900,?,9,-9900,?,9,0.0,E,8,-9900,?,9,-9900,?,9,0.0,0.0,E,8
07/07/2017,16:00,485.927,1320.493,380.94,1,8,750.93,1,8,105.119,1,8,45712.8,1,8,71338.346,1,8,11563.048,1,8,91.096,1,8,-9900,?,9,-9900,?,9,14.34,E,8,-8.27,E,8,18.0,E,8,822.9788000000001,E,8,999.0,E,8,1.31,E,8,-9900,?,9,-9900,?,9,0.0,E,8,-9900,?,9,-9900,?,9,0.0,0.0,E,8
07/07/2017,17:00,225.787,1320.493,177.39,1,8,435.633,1,8,103.591,1,8,21286.8,1,8,41385.161,1,8,11394.973,1,8,194.643,1,8,-9900,?,9,-9900,?,9,13.41,E,8,-6.5,E,8,22.0,E,8,822.9788000000001,E,8,999.0,E,8,0.8,E,8,-9900,?,9,-9900,?,9,0.0,E,8,-9900,?,9,-9900,?,9,0.0,0.0,E,8
07/07/2017,18:00,0.0,1320.493,14.76,1,8,0.0,1,8,0.0,1,8,1771.2,1,8,0.0,1,8,0.0,1,8,-0.0,1,8,-9900,?,9,-9900,?,9,12.56,E,8,-5.08,E,8,27.0,E,8,822.9788000000001,E,8,999.0,E,8,0.8,E,8,-9900,?,9,-9900,?,9,0.0,E,8,-9900,?,9,-9900,?,9,0.0,0.0,E,8
07/07/2017,19:00,0.0,1320.493,0.0,1,8,0.0,1,8,0.0,1,8,0.0,1,8,0.0,1,8,0.0,1,8,-0.0,1,8,-9900,?,9,-9900,?,9,11.7,E,8,-3.78,E,8,32.0,E,8,822.9788000000001,E,8,999.0,E,8,0.8,E,8,-9900,?,9,-9900,?,9,0.0,E,8,-9900,?,9,-9900,?,9,0.0,0.0,E,8
07/07/2017,20:00,0.0,1320.493,0.0,1,8,0.0,1,8,0.0,1,8,0.0,1,8,0.0,1,8,0.0,1,8,-0.0,1,8,-9900,?,9,-9900,?,9,10.85,E,8,-2.62,E,8,37.0,E,8,822.9788000000001,E,8,999.0,E,8,0.8,E,8,-9900,?,9,-9900,?,9,0.0,E,8,-9900,?,9,-9900,?,9,0.0,0.0,E,8
07/07/2017,21:00,0.0,1320.493,0.0,1,8,0.0,1,8,0.0,1,8,0.0,1,8,0.0,1,8,0.0,1,8,-0.0,1,8,-9900,?,9,-9900,?,9,9.99,E,8,-1.54,E,8,43.0,E,8,822.9788000000001,E,8,999.0,E,8,0.8,E,8,-9900,?,9,-9900,?,9,0.0,E,8,-9900,?,9,-9900,?,9,0.0,0.0,E,8
07/07/2017,22:00,0.0,1320.493,0.0,1,8,0.0,1,8,0.0,1,8,0.0,1,8,0.0,1,8,0.0,1,8,-0.0,1,8,-9900,?,9,-9900,?,9,9.14,E,8,-0.56,E,8,50.0,E,8,822.9788000000001,E,8,999.0,E,8,0.8,E,8,-9900,?,9,-9900,?,9,0.0,E,8,-9900,?,9,-9900,?,9,0.0,0.0,E,8
07/07/2017,23:00,0.0,1320.493,0.0,1,8,0.0,1,8,0.0,1,8,0.0,1,8,0.0,1,8,0.0,1,8,-0.0,1,8,-9900,?,9,-9900,?,9,8.28,E,8,0.41,E,8,57.0,E,8,822.9788000000001,E,8,999.0,E,8,0.8,E,8,-9900,?,9,-9900,?,9,0.0,E,8,-9900,?,9,-9900,?,9,0.0,0.0,E,8
07/07/2017,24:00,0.0,1320.493,0.0,1,8,0.0,1,8,0.0,1,8,0.0,1,8,0.0,1,8,0.0,1,8,-0.0,1,8,-9900,?,9,-9900,?,9,7.43,E,8,1.82,E,8,67.0,E,8,822.9788000000001,E,8,999.0,E,8,1.03,E,8,-9900,?,9,-9900,?,9,0.0,E,8,-9900,?,9,-9900,?,9,0.0,0.0,E,8
07/08/2017,01:00,0.0,1320.493,0.0,1,8,0.0,1,8,0.0,1,8,0.0,1,8,0.0,1,8,0.0,1,8,-0.0,1,8,-9900,?,9,-9900,?,9,7.0,E,8,2.12,E,8,71.0,E,8,822.9788000000001,E,8,999.0,E,8,1.03,E,8,-9900,?,9,-9900,?,9,0.0,E,8,-9900,?,9,-9900,?,9,0.0,0.0,E,8
07/08/2017,02:00,0.0,1320.493,0.0,1,8,0.0,1,8,0.0,1,8,0.0,1,8,0.0,1,8,0.0,1,8,-0.0,1,8,-9900,?,9,-9900,?,9,6.58,E,8,2.4,E,8,74.0,E,8,822.9788000000001,E,8,999.0,E,8,1.03,E,8,-9900,?,9,-9900,?,9,0.0,E,8,-9900,?,9,-9900,?,9,0.0,0.0,E,8
07/08/2017,03:00,0.0,1320.493,0.0,1,8,0.0,1,8,0.0,1,8,0.0,1,8,0.0,1,8,0.0,1,8,-0.0,1,8,-9900,?,9,-9900,?,9,6.15,E,8,2.68,E,8,78.0,E,8,822.9788000000001,E,8,999.0,E,8,1.03,E,8,-9900,?,9,-9900,?,9,0.0,E,8,-9900,?,9,-9900,?,9,0.0,0.0,E,8
07/08/2017,04:00,0.0,1320.529,0.0,1,8,0.0,1,8,0.0,1,8,0.0,1,8,0.0,1,8,0.0,1,8,-0.0,1,8,-9900,?,9,-9900,?,9,5.72,E,8,2.96,E,8,82.0,E,8,822.9788000000001,E,8,999.0,E,8,1.03,E,8,-9900,?,9,-9900,?,9,0.0,E,8,-9900,?,9,-9900,?,9,0.0,0.0,E,8
07/08/2017,05:00,0.0,1320.529,0.0,1,8,0.0,1,8,0.0,1,8,0.0,1,8,0.0,1,8,0.0,1,8,-0.0,1,8,-9900,?,9,-9900,?,9,5.29,E,8,3.24,E,8,86.0,E,8,822.9788000000001,E,8,999.0,E,8,1.03,E,8,-9900,?,9,-9900,?,9,0.0,E,8,-9900,?,9,-9900,?,9,0.0,0.0,E,8
07/08/2017,06:00,0.0,1320.529,0.0,1,8,0.0,1,8,0.0,1,8,0.0,1,8,0.0,1,8,0.0,1,8,-0.0,1,8,-9900,?,9,-9900,?,9,4.96,E,8,3.44,E,8,89.0,E,8,822.9788000000001,E,8,999.0,E,8,1.03,E,8,-9900,?,9,-9900,?,9,0.0,E,8,-9900,?,9,-9900,?,9,0.0,0.0,E,8
07/08/2017,07:00,9.831,1320.529,0.0,1,8,0.0,1,8,0.0,1,8,0.0,1,8,0.0,1,8,0.0,1,8,-0.0,1,8,-9900,?,9,-9900,?,9,4.68,E,8,3.62,E,8,92.0,E,8,822.9788000000001,E,8,999.0,E,8,1.03,E,8,-9900,?,9,-9900,?,9,0.0,E,8,-9900,?,9,-9900,?,9,0.0,0.0,E,8
07/08/2017,08:00,285.087,1320.529,67.68,1,8,0.0,1,8,67.68,1,8,8121.6,1,8,0.0,1,8,7444.8,1,8,100.371,1,8,-9900,?,9,-9900,?,9,4.4,E,8,3.79,E,8,95.0,E,8,822.9788000000001,E,8,999.0,E,8,1.03,E,8,-9900,?,9,-9900,?,9,0.0,E,8,-9900,?,9,-9900,?,9,0.0,0.0,E,8
07/08/2017,09:00,537.479,1320.529,177.78,1,8,31.57,1,8,164.949,1,8,21333.6,1,8,2999.186,1,8,18144.407,1,8,129.189,1,8,-9900,?,9,-9900,?,9,8.29,E,8,1.21,E,8,60.0,E,8,822.9788000000001,E,8,999.0,E,8,1.03,E,8,-9900,?,9,-9900,?,9,0.0,E,8,-9900,?,9,-9900,?,9,0.0,0.0,E,8
07/08/2017,10:00,741.51,1320.529,162.61,1,8,25.933,1,8,148.057,1,8,19513.2,1,8,2463.629,1,8,16286.302,1,8,83.982,1,8,-9900,?,9,-9900,?,9,8.71,E,8,0.91,E,8,57.0,E,8,822.9788000000001,E,8,999.0,E,8,1.03,E,8,-9900,?,9,-9900,?,9,0.0,E,8,-9900,?,9,-9900,?,9,0.0,0.0,E,8
07/08/2017,11:00,882.871,1320.529,280.36,1,8,3.535,1,8,277.997,1,8,33643.2,1,8,335.819,1,8,30579.725,1,8,132.404,1,8,-9900,?,9,-9900,?,9,9.85,E,8,0.05,E,8,50.0,E,8,822.9788000000001,E,8,999.0,E,8,1.03,E,8,-9900,?,9,-9900,?,9,0.0,E,8,-9900,?,9,-9900,?,9,0.0,0.0,E,8
07/08/2017,12:00,951.84,1320.529,458.87,1,8,149.959,1,8,350.809,1,8,55064.4,1,8,14246.127,1,8,38588.938,1,8,154.961,1,8,-9900,?,9,-9900,?,9,11.67,E,8,-1.26,E,8,40.0,E,8,822.9788000000001,E,8,999.0,E,8,1.03,E,8,-9900,?,9,-9900,?,9,0.0,E,8,-9900,?,9,-9900,?,9,0.0,0.0,E,8
07/08/2017,13:00,943.689,1320.529,203.26,1,8,55.956,1,8,163.284,1,8,24391.2,1,8,5315.775,1,8,17961.216,1,8,72.75,1,8,-9900,?,9,-9900,?,9,11.53,E,8,-1.16,E,8,40.0,E,8,822.9788000000001,E,8,999.0,E,8,1.03,E,8,-9900,?,9,-9900,?,9,0.0,E,8,-9900,?,9,-9900,?,9,0.0,0.0,E,8
07/08/2017,14:00,858.975,1320.529,468.49,1,8,264.171,1,8,296.722,1,8,56218.8,1,8,25096.219,1,8,32639.378,1,8,145.258,1,8,-9900,?,9,-9900,?,9,12.63,E,8,-2.01,E,8,35.0,E,8,822.9788000000001,E,8,999.0,E,8,1.03,E,8,-9900,?,9,-9900,?,9,0.0,E,8,-9900,?,9,-9900,?,9,0.0,0.0,E,8
07/08/2017,15:00,703.499,1320.529,317.69,1,8,69.832,1,8,280.515,1,8,38122.8,1,8,6634.044,1,8,30856.668,1,8,167.731,1,8,-9900,?,9,-9900,?,9,12.86,E,8,-2.2,E,8,34.0,E,8,822.9788000000001,E,8,999.0,E,8,1.15,E,8,-9900,?,9,-9900,?,9,0.0,E,8,-9900,?,9,-9900,?,9,0.0,0.0,E,8
07/08/2017,16:00,487.969,1320.529,228.56,1,8,152.968,1,8,172.138,1,8,27427.2,1,8,14531.946,1,8,18935.219,1,8,148.553,1,8,-9900,?,9,-9900,?,9,12.63,E,8,-2.01,E,8,35.0,E,8,822.9788000000001,E,8,999.0,E,8,1.38,E,8,-9900,?,9,-9900,?,9,0.0,E,8,-9900,?,9,-9900,?,9,0.0,0.0,E,8
07/08/2017,17:00,227.692,1320.529,116.86,1,8,353.316,1,8,56.493,1,8,14023.2,1,8,33565.052,1,8,6214.238,1,8,105.247,1,8,-9900,?,9,-9900,?,9,11.85,E,8,-1.4,E,8,39.0,E,8,822.9788000000001,E,8,999.0,E,8,1.03,E,8,-9900,?,9,-9900,?,9,0.0,E,8,-9900,?,9,-9900,?,9,0.0,0.0,E,8
07/08/2017,18:00,0.0,1320.529,9.82,1,8,0.0,1,8,0.0,1,8,1178.4,1,8,0.0,1,8,0.0,1,8,-0.0,1,8,-9900,?,9,-9900,?,9,11.1,E,8,-0.84,E,8,43.0,E,8,822.9788000000001,E,8,999.0,E,8,1.03,E,8,-9900,?,9,-9900,?,9,0.0,E,8,-9900,?,9,-9900,?,9,0.0,0.0,E,8
07/08/2017,19:00,0.0,1320.529,0.0,1,8,0.0,1,8,0.0,1,8,0.0,1,8,0.0,1,8,0.0,1,8,-0.0,1,8,-9900,?,9,-9900,?,9,10.34,E,8,-0.29,E,8,47.0,E,8,822.9788000000001,E,8,999.0,E,8,1.03,E,8,-9900,?,9,-9900,?,9,0.0,E,8,-9900,?,9,-9900,?,9,0.0,0.0,E,8
07/08/2017,20:00,0.0,1320.529,0.0,1,8,0.0,1,8,0.0,1,8,0.0,1,8,0.0,1,8,0.0,1,8,-0.0,1,8,-9900,?,9,-9900,?,9,9.59,E,8,0.25,E,8,52.0,E,8,822.9788000000001,E,8,999.0,E,8,1.03,E,8,-9900,?,9,-9900,?,9,0.0,E,8,-9900,?,9,-9900,?,9,0.0,0.0,E,8
07/08/2017,21:00,0.0,1320.529,0.0,1,8,0.0,1,8,0.0,1,8,0.0,1,8,0.0,1,8,0.0,1,8,-0.0,1,8,-9900,?,9,-9900,?,9,8.83,E,8,0.82,E,8,57.0,E,8,822.9788000000001,E,8,999.0,E,8,1.03,E,8,-9900,?,9,-9900,?,9,0.0,E,8,-9900,?,9,-9900,?,9,0.0,0.0,E,8
07/08/2017,22:00,0.0,1320.529,0.0,1,8,0.0,1,8,0.0,1,8,0.0,1,8,0.0,1,8,0.0,1,8,-0.0,1,8,-9900,?,9,-9900,?,9,8.08,E,8,1.37,E,8,62.0,E,8,822.9788000000001,E,8,999.0,E,8,1.03,E,8,-9900,?,9,-9900,?,9,0.0,E,8,-9900,?,9,-9900,?,9,0.0,0.0,E,8
07/08/2017,23:00,0.0,1320.529,0.0,1,8,0.0,1,8,0.0,1,8,0.0,1,8,0.0,1,8,0.0,1,8,-0.0,1,8,-9900,?,9,-9900,?,9,7.32,E,8,1.9,E,8,68.0,E,8,822.9788000000001,E,8,999.0,E,8,1.03,E,8,-9900,?,9,-9900,?,9,0.0,E,8,-9900,?,9,-9900,?,9,0.0,0.0,E,8
07/08/2017,24:00,0.0,1320.529,0.0,1,8,0.0,1,8,0.0,1,8,0.0,1,8,0.0,1,8,0.0,1,8,-0.0,1,8,-9900,?,9,-9900,?,9,6.57,E,8,-0.62,E,8,59.0,E,8,822.9788000000001,E,8,999.0,E,8,0.41,E,8,-9900,?,9,-9900,?,9,0.0,E,8,-9900,?,9,-9900,?,9,0.0,0.0,E,8
07/09/2017,01:00,0.0,1320.529,0.0,1,8,0.0,1,8,0.0,1,8,0.0,1,8,0.0,1,8,0.0,1,8,-0.0,1,8,-9900,?,9,-9900,?,9,6.19,E,8,-0.29,E,8,62.0,E,8,822.9788000000001,E,8,999.0,E,8,0.41,E,8,-9900,?,9,-9900,?,9,0.0,E,8,-9900,?,9,-9900,?,9,0.0,0.0,E,8
07/09/2017,02:00,0.0,1320.529,0.0,1,8,0.0,1,8,0.0,1,8,0.0,1,8,0.0,1,8,0.0,1,8,-0.0,1,8,-9900,?,9,-9900,?,9,5.81,E,8,0.03,E,8,66.0,E,8,822.9788000000001,E,8,999.0,E,8,0.41,E,8,-9900,?,9,-9900,?,9,0.0,E,8,-9900,?,9,-9900,?,9,0.0,0.0,E,8
07/09/2017,03:00,0.0,1320.529,0.0,1,8,0.0,1,8,0.0,1,8,0.0,1,8,0.0,1,8,0.0,1,8,-0.0,1,8,-9900,?,9,-9900,?,9,5.43,E,8,0.38,E,8,69.0,E,8,822.9788000000001,E,8,999.0,E,8,0.41,E,8,-9900,?,9,-9900,?,9,0.0,E,8,-9900,?,9,-9900,?,9,0.0,0.0,E,8
07/09/2017,04:00,0.0,1320.579,0.0,1,8,0.0,1,8,0.0,1,8,0.0,1,8,0.0,1,8,0.0,1,8,-0.0,1,8,-9900,?,9,-9900,?,9,5.06,E,8,0.71,E,8,73.0,E,8,822.9788000000001,E,8,999.0,E,8,0.41,E,8,-9900,?,9,-9900,?,9,0.0,E,8,-9900,?,9,-9900,?,9,0.0,0.0,E,8
07/09/2017,05:00,0.0,1320.579,0.0,1,8,0.0,1,8,0.0,1,8,0.0,1,8,0.0,1,8,0.0,1,8,-0.0,1,8,-9900,?,9,-9900,?,9,4.68,E,8,1.05,E,8,77.0,E,8,822.9788000000001,E,8,999.0,E,8,0.41,E,8,-9900,?,9,-9900,?,9,0.0,E,8,-9900,?,9,-9900,?,9,0.0,0.0,E,8
07/09/2017,06:00,0.0,1320.579,0.0,1,8,0.0,1,8,0.0,1,8,0.0,1,8,0.0,1,8,0.0,1,8,-0.0,1,8,-9900,?,9,-9900,?,9,4.39,E,8,1.3,E,8,80.0,E,8,822.9788000000001,E,8,999.0,E,8,0.41,E,8,-9900,?,9,-9900,?,9,0.0,E,8,-9900,?,9,-9900,?,9,0.0,0.0,E,8
07/09/2017,07:00,10.102,1320.579,0.0,1,8,0.0,1,8,0.0,1,8,0.0,1,8,0.0,1,8,0.0,1,8,-0.0,1,8,-9900,?,9,-9900,?,9,4.14,E,8,1.52,E,8,83.0,E,8,822.9788000000001,E,8,999.0,E,8,0.41,E,8,-9900,?,9,-9900,?,9,0.0,E,8,-9900,?,9,-9900,?,9,0.0,0.0,E,8
07/09/2017,08:00,285.711,1320.579,31.55,1,8,0.0,1,8,31.55,1,8,3786.0,1,8,0.0,1,8,3470.5,1,8,46.688,1,8,-9900,?,9,-9900,?,9,3.89,E,8,1.73,E,8,85.0,E,8,822.9788000000001,E,8,999.0,E,8,0.41,E,8,-9900,?,9,-9900,?,9,0.0,E,8,-9900,?,9,-9900,?,9,0.0,0.0,E,8
07/09/2017,09:00,538.434,1320.579,162.78,1,8,20.176,1,8,154.566,1,8,19533.6,1,8,1916.703,1,8,17002.239,1,8,120.845,1,8,-9900,?,9,-9900,?,9,6.03,E,8,-0.16,E,8,64.0,E,8,822.9788000000001,E,8,999.0,E,8,0.49,E,8,-9900,?,9,-9900,?,9,0.0,E,8,-9900,?,9,-9900,?,9,0.0,0.0,E,8
07/09/2017,10:00,742.792,1320.579,286.84,1,8,35.261,1,8,267.019,1,8,34420.8,1,8,3349.79,1,8,29372.109,1,8,151.205,1,8,-9900,?,9,-9900,?,9,7.42,E,8,-1.38,E,8,52.0,E,8,822.9788000000001,E,8,999.0,E,8,0.53,E,8,-9900,?,9,-9900,?,9,0.0,E,8,-9900,?,9,-9900,?,9,0.0,0.0,E,8
07/09/2017,11:00,884.453,1320.579,382.4,1,8,52.387,1,8,347.327,1,8,45888.0,1,8,4976.727,1,8,38205.963,1,8,165.133,1,8,-9900,?,9,-9900,?,9,8.64,E,8,-2.55,E,8,44.0,E,8,822.9788000000001,E,8,999.0,E,8,0.6,E,8,-9900,?,9,-9900,?,9,0.0,E,8,-9900,?,9,-9900,?,9,0.0,0.0,E,8
07/09/2017,12:00,953.675,1320.579,306.96,1,8,23.635,1,8,289.896,1,8,36835.2,1,8,2245.348,1,8,31888.569,1,8,127.813,1,8,-9900,?,9,-9900,?,9,9.04,E,8,-2.96,E,8,41.0,E,8,822.9788000000001,E,8,999.0,E,8,1.2,E,8,-9900,?,9,-9900,?,9,0.0,E,8,-9900,?,9,-9900,?,9,0.0,0.0,E,8
07/09/2017,13:00,945.713,1320.579,571.08,1,8,343.987,1,8,324.808,1,8,68529.6,1,8,32678.724,1,8,35728.867,1,8,144.412,1,8,-9900,?,9,-9900,?,9,10.27,E,8,-4.31,E,8,34.0,E,8,822.9788000000001,E,8,999.0,E,8,2.01,E,8,-9900,?,9,-9900,?,9,0.0,E,8,-9900,?,9,-9900,?,9,0.0,0.0,E,8
07/09/2017,14:00,861.11,1320.579,525.88,1,8,301.573,1,8,329.312,1,8,63105.6,1,8,28649.414,1,8,36224.265,1,8,160.818,1,8,-9900,?,9,-9900,?,9,11.01,E,8,-5.2,E,8,30.0,E,8,822.9788000000001,E,8,999.0,E,8,2.54,E,8,-9900,?,9,-9900,?,9,0.0,E,8,-9900,?,9,-9900,?,9,0.0,0.0,E,8
07/09/2017,15:00,705.66,1320.579,476.27,1,8,555.702,1,8,179.545,1,8,57152.4,1,8,52791.643,1,8,19749.94,1,8,107.031,1,8,-9900,?,9,-9900,?,9,11.43,E,8,-5.73,E,8,27.0,E,8,822.9788000000001,E,8,999.0,E,8,2.72,E,8,-9900,?,9,-9900,?,9,0.0,E,8,-9900,?,9,-9900,?,9,0.0,0.0,E,8
07/09/2017,16:00,490.068,1320.579,293.69,1,8,392.064,1,8,148.459,1,8,35242.8,1,8,37246.121,1,8,16330.519,1,8,127.572,1,8,-9900,?,9,-9900,?,9,11.23,E,8,-5.47,E,8,28.0,E,8,822.9788000000001,E,8,999.0,E,8,3.03,E,8,-9900,?,9,-9900,?,9,0.0,E,8,-9900,?,9,-9900,?,9,0.0,0.0,E,8
07/09/2017,17:00,229.637,1320.579,69.69,1,8,26.567,1,8,65.112,1,8,8362.8,1,8,2523.843,1,8,7162.272,1,8,120.262,1,8,-9900,?,9,-9900,?,9,10.23,E,8,-4.27,E,8,34.0,E,8,822.9788000000001,E,8,999.0,E,8,2.26,E,8,-9900,?,9,-9900,?,9,0.0,E,8,-9900,?,9,-9900,?,9,0.0,0.0,E,8
07/09/2017,18:00,0.0,1320.579,11.77,1,8,0.0,1,8,0.0,1,8,1412.4,1,8,0.0,1,8,0.0,1,8,-0.0,1,8,-9900,?,9,-9900,?,9,9.6,E,8,-3.56,E,8,37.0,E,8,822.9788000000001,E,8,999.0,E,8,2.01,E,8,-9900,?,9,-9900,?,9,0.0,E,8,-9900,?,9,-9900,?,9,0.0,0.0,E,8
07/09/2017,19:00,0.0,1320.579,0.0,1,8,0.0,1,8,0.0,1,8,0.0,1,8,0.0,1,8,0.0,1,8,-0.0,1,8,-9900,?,9,-9900,?,9,8.96,E,8,-2.88,E,8,41.0,E,8,822.9788000000001,E,8,999.0,E,8,1.76,E,8,-9900,?,9,-9900,?,9,0.0,E,8,-9900,?,9,-9900,?,9,0.0,0.0,E,8
07/09/2017,20:00,0.0,1320.579,0.0,1,8,0.0,1,8,0.0,1,8,0.0,1,8,0.0,1,8,0.0,1,8,-0.0,1,8,-9900,?,9,-9900,?,9,8.33,E,8,-2.25,E,8,46.0,E,8,822.9788000000001,E,8,999.0,E,8,0.73,E,8,-9900,?,9,-9900,?,9,0.0,E,8,-9900,?,9,-9900,?,9,0.0,0.0,E,8
07/09/2017,21:00,0.0,1320.579,0.0,1,8,0.0,1,8,0.0,1,8,0.0,1,8,0.0,1,8,0.0,1,8,-0.0,1,8,-9900,?,9,-9900,?,9,7.7,E,8,-1.64,E,8,50.0,E,8,822.9788000000001,E,8,999.0,E,8,0.73,E,8,-9900,?,9,-9900,?,9,0.0,E,8,-9900,?,9,-9900,?,9,0.0,0.0,E,8
07/09/2017,22:00,0.0,1320.579,0.0,1,8,0.0,1,8,0.0,1,8,0.0,1,8,0.0,1,8,0.0,1,8,-0.0,1,8,-9900,?,9,-9900,?,9,7.06,E,8,-1.05,E,8,55.0,E,8,822.9788000000001,E,8,999.0,E,8,0.41,E,8,-9900,?,9,-9900,?,9,0.0,E,8,-9900,?,9,-9900,?,9,0.0,0.0,E,8
07/09/2017,23:00,0.0,1320.579,0.0,1,8,0.0,1,8,0.0,1,8,0.0,1,8,0.0,1,8,0.0,1,8,-0.0,1,8,-9900,?,9,-9900,?,9,6.43,E,8,-0.5,E,8,60.0,E,8,822.9788000000001,E,8,999.0,E,8,0.47,E,8,-9900,?,9,-9900,?,9,0.0,E,8,-9900,?,9,-9900,?,9,0.0,0.0,E,8
07/09/2017,24:00,0.0,1320.579,0.0,1,8,0.0,1,8,0.0,1,8,0.0,1,8,0.0,1,8,0.0,1,8,-0.0,1,8,-9900,?,9,-9900,?,9,5.8,E,8,0.29,E,8,67.0,E,8,822.9788000000001,E,8,999.0,E,8,0.23,E,8,-9900,?,9,-9900,?,9,0.0,E,8,-9900,?,9,-9900,?,9,0.0,0.0,E,8
07/10/2017,01:00,0.0,1320.579,0.0,1,8,0.0,1,8,0.0,1,8,0.0,1,8,0.0,1,8,0.0,1,8,-0.0,1,8,-9900,?,9,-9900,?,9,5.48,E,8,0.61,E,8,70.0,E,8,822.9788000000001,E,8,999.0,E,8,0.23,E,8,-9900,?,9,-9900,?,9,0.0,E,8,-9900,?,9,-9900,?,9,0.0,0.0,E,8
07/10/2017,02:00,0.0,1320.579,0.0,1,8,0.0,1,8,0.0,1,8,0.0,1,8,0.0,1,8,0.0,1,8,-0.0,1,8,-9900,?,9,-9900,?,9,5.17,E,8,0.92,E,8,73.0,E,8,822.9788000000001,E,8,999.0,E,8,0.23,E,8,-9900,?,9,-9900,?,9,0.0,E,8,-9900,?,9,-9900,?,9,0.0,0.0,E,8
07/10/2017,03:00,0.0,1320.579,0.0,1,8,0.0,1,8,0.0,1,8,0.0,1,8,0.0,1,8,0.0,1,8,-0.0,1,8,-9900,?,9,-9900,?,9,4.85,E,8,1.22,E,8,77.0,E,8,822.9788000000001,E,8,999.0,E,8,0.23,E,8,-9900,?,9,-9900,?,9,0.0,E,8,-9900,?,9,-9900,?,9,0.0,0.0,E,8
07/10/2017,04:00,0.0,1320.641,0.0,1,8,0.0,1,8,0.0,1,8,0.0,1,8,0.0,1,8,0.0,1,8,-0.0,1,8,-9900,?,9,-9900,?,9,4.53,E,8,1.53,E,8,80.0,E,8,822.9788000000001,E,8,999.0,E,8,0.27,E,8,-9900,?,9,-9900,?,9,0.0,E,8,-9900,?,9,-9900,?,9,0.0,0.0,E,8
07/10/2017,05:00,0.0,1320.641,0.0,1,8,0.0,1,8,0.0,1,8,0.0,1,8,0.0,1,8,0.0,1,8,-0.0,1,8,-9900,?,9,-9900,?,9,4.22,E,8,1.81,E,8,84.0,E,8,822.9788000000001,E,8,999.0,E,8,0.24,E,8,-9900,?,9,-9900,?,9,0.0,E,8,-9900,?,9,-9900,?,9,0.0,0.0,E,8
07/10/2017,06:00,0.0,1320.641,0.0,1,8,0.0,1,8,0.0,1,8,0.0,1,8,0.0,1,8,0.0,1,8,-0.0,1,8,-9900,?,9,-9900,?,9,3.97,E,8,2.04,E,8,87.0,E,8,822.9788000000001,E,8,999.0,E,8,0.39,E,8,-9900,?,9,-9900,?,9,0.0,E,8,-9900,?,9,-9900,?,9,0.0,0.0,E,8
07/10/2017,07:00,10.45,1320.641,0.0,1,8,0.0,1,8,0.0,1,8,0.0,1,8,0.0,1,8,0.0,1,8,-0.0,1,8,-9900,?,9,-9900,?,9,3.76,E,8,2.23,E,8,89.0,E,8,822.9788000000001,E,8,999.0,E,8,0.5,E,8,-9900,?,9,-9900,?,9,0.0,E,8,-9900,?,9,-9900,?,9,0.0,0.0,E,8
07/10/2017,08:00,286.437,1320.641,37.92,1,8,0.0,1,8,37.92,1,8,4550.4,1,8,0.0,1,8,4171.2,1,8,55.973,1,8,-9900,?,9,-9900,?,9,3.55,E,8,2.41,E,8,92.0,E,8,822.9788000000001,E,8,999.0,E,8,0.58,E,8,-9900,?,9,-9900,?,9,0.0,E,8,-9900,?,9,-9900,?,9,0.0,0.0,E,8
07/10/2017,09:00,539.501,1320.641,194.68,1,8,29.086,1,8,182.815,1,8,23361.6,1,8,2763.155,1,8,20109.683,1,8,142.655,1,8,-9900,?,9,-9900,?,9,6.21,E,8,-0.11,E,8,63.0,E,8,822.9788000000001,E,8,999.0,E,8,0.91,E,8,-9900,?,9,-9900,?,9,0.0,E,8,-9900,?,9,-9900,?,9,0.0,0.0,E,8
07/10/2017,10:00,744.189,1320.641,342.83,1,8,72.272,1,8,302.13,1,8,41139.6,1,8,6865.886,1,8,33234.267,1,8,170.773,1,8,-9900,?,9,-9900,?,9,7.94,E,8,-1.8,E,8,49.0,E,8,822.9788000000001,E,8,999.0,E,8,1.3,E,8,-9900,?,9,-9900,?,9,0.0,E,8,-9900,?,9,-9900,?,9,0.0,0.0,E,8
07/10/2017,11:00,886.149,1320.641,456.96,1,8,207.765,1,8,317.6,1,8,54835.2,1,8,19737.716,1,8,34935.953,1,8,150.718,1,8,-9900,?,9,-9900,?,9,9.46,E,8,-3.5,E,8,38.0,E,8,822.9788000000001,E,8,999.0,E,8,2.51,E,8,-9900,?,9,-9900,?,9,0.0,E,8,-9900,?,9,-9900,?,9,0.0,0.0,E,8
07/10/2017,12:00,955.619,1320.641,135.64,1,8,3.169,1,8,133.347,1,8,16276.8,1,8,301.076,1,8,14668.209,1,8,58.675,1,8,-9900,?,9,-9900,?,9,8.9,E,8,-2.85,E,8,42.0,E,8,822.9788000000001,E,8,999.0,E,8,2.24,E,8,-9900,?,9,-9900,?,9,0.0,E,8,-9900,?,9,-9900,?,9,0.0,0.0,E,8
07/10/2017,13:00,947.837,1320.641,247.52,1,8,13.077,1,8,238.137,1,8,29702.4,1,8,1242.346,1,8,26195.057,1,8,105.645,1,8,-9900,?,9,-9900,?,9,8.95,E,8,-2.9,E,8,41.0,E,8,822.9788000000001,E,8,999.0,E,8,3.02,E,8,-9900,?,9,-9900,?,9,0.0,E,8,-9900,?,9,-9900,?,9,0.0,0.0,E,8
07/10/2017,14:00,863.332,1320.641,471.82,1,8,268.391,1,8,296.436,1,8,56618.4,1,8,25497.141,1,8,32607.959,1,8,144.397,1,8,-9900,?,9,-9900,?,9,9.72,E,8,-3.81,E,8,36.0,E,8,822.9788000000001,E,8,999.0,E,8,2.62,E,8,-9900,?,9,-9900,?,9,0.0,E,8,-9900,?,9,-9900,?,9,0.0,0.0,E,8
07/10/2017,15:00,707.893,1320.641,602.56,1,8,711.851,1,8,221.269,1,8,72307.2,1,8,67625.887,1,8,24339.611,1,8,131.493,1,8,-9900,?,9,-9900,?,9,10.67,E,8,-5.02,E,8,31.0,E,8,822.9788000000001,E,8,999.0,E,8,2.67,E,8,-9900,?,9,-9900,?,9,0.0,E,8,-9900,?,9,-9900,?,9,0.0,0.0,E,8
07/10/2017,16:00,492.222,1320.641,531.87,1,8,644.562,1,8,292.065,1,8,63824.4,1,8,61233.394,1,8,32127.186,1,8,249.883,1,8,-9900,?,9,-9900,?,9,11.23,E,8,-5.8,E,8,28.0,E,8,822.9788000000001,E,8,999.0,E,8,2.23,E,8,-9900,?,9,-9900,?,9,0.0,E,8,-9900,?,9,-9900,?,9,0.0,0.0,E,8
07/10/2017,17:00,231.619,1320.641,324.02,1,8,517.18,1,8,234.112,1,8,38882.4,1,8,49132.065,1,8,25752.353,1,8,428.666,1,8,-9900,?,9,-9900,?,9,11.19,E,8,-5.74,E,8,28.0,E,8,822.9788000000001,E,8,999.0,E,8,1.9,E,8,-9900,?,9,-9900,?,9,0.0,E,8,-9900,?,9,-9900,?,9,0.0,0.0,E,8
07/10/2017,18:00,0.0,1320.641,68.06,1,8,0.0,1,8,0.0,1,8,8167.2,1,8,0.0,1,8,0.0,1,8,-0.0,1,8,-9900,?,9,-9900,?,9,10.49,E,8,-4.78,E,8,32.0,E,8,822.9788000000001,E,8,999.0,E,8,1.31,E,8,-9900,?,9,-9900,?,9,0.0,E,8,-9900,?,9,-9900,?,9,0.0,0.0,E,8
07/10/2017,19:00,0.0,1320.641,0.0,1,8,0.0,1,8,0.0,1,8,0.0,1,8,0.0,1,8,0.0,1,8,-0.0,1,8,-9900,?,9,-9900,?,9,9.8,E,8,-3.91,E,8,36.0,E,8,822.9788000000001,E,8,999.0,E,8,0.55,E,8,-9900,?,9,-9900,?,9,0.0,E,8,-9900,?,9,-9900,?,9,0.0,0.0,E,8
07/10/2017,20:00,0.0,1320.641,0.0,1,8,0.0,1,8,0.0,1,8,0.0,1,8,0.0,1,8,0.0,1,8,-0.0,1,8,-9900,?,9,-9900,?,9,9.1,E,8,-3.07,E,8,40.0,E,8,822.9788000000001,E,8,999.0,E,8,0.25,E,8,-9900,?,9,-9900,?,9,0.0,E,8,-9900,?,9,-9900,?,9,0.0,0.0,E,8
07/10/2017,21:00,0.0,1320.641,0.0,1,8,0.0,1,8,0.0,1,8,0.0,1,8,0.0,1,8,0.0,1,8,-0.0,1,8,-9900,?,9,-9900,?,9,8.4,E,8,-2.29,E,8,45.0,E,8,822.9788000000001,E,8,999.0,E,8,0.23,E,8,-9900,?,9,-9900,?,9,0.0,E,8,-9900,?,9,-9900,?,9,0.0,0.0,E,8
07/10/2017,22:00,0.0,1320.641,0.0,1,8,0.0,1,8,0.0,1,8,0.0,1,8,0.0,1,8,0.0,1,8,-0.0,1,8,-9900,?,9,-9900,?,9,7.7,E,8,-1.55,E,8,51.0,E,8,822.9788000000001,E,8,999.0,E,8,0.23,E,8,-9900,?,9,-9900,?,9,0.0,E,8,-9900,?,9,-9900,?,9,0.0,0.0,E,8
07/10/2017,23:00,0.0,1320.641,0.0,1,8,0.0,1,8,0.0,1,8,0.0,1,8,0.0,1,8,0.0,1,8,-0.0,1,8,-9900,?,9,-9900,?,9,7.01,E,8,-0.87,E,8,56.0,E,8,822.9788000000001,E,8,999.0,E,8,0.23,E,8,-9900,?,9,-9900,?,9,0.0,E,8,-9900,?,9,-9900,?,9,0.0,0.0,E,8
07/10/2017,24:00,0.0,1320.641,0.0,1,8,0.0,1,8,0.0,1,8,0.0,1,8,0.0,1,8,0.0,1,8,-0.0,1,8,-9900,?,9,-9900,?,9,6.31,E,8,0.62,E,8,66.0,E,8,822.9788000000001,E,8,999.0,E,8,0.23,E,8,-9900,?,9,-9900,?,9,0.0,E,8,-9900,?,9,-9900,?,9,0.0,0.0,E,8
07/11/2017,01:00,0.0,1320.641,0.0,1,8,0.0,1,8,0.0,1,8,0.0,1,8,0.0,1,8,0.0,1,8,-0.0,1,8,-9900,?,9,-9900,?,9,5.96,E,8,0.99,E,8,70.0,E,8,822.9788000000001,E,8,999.0,E,8,0.23,E,8,-9900,?,9,-9900,?,9,0.0,E,8,-9900,?,9,-9900,?,9,0.0,0.0,E,8
07/11/2017,02:00,0.0,1320.641,0.0,1,8,0.0,1,8,0.0,1,8,0.0,1,8,0.0,1,8,0.0,1,8,-0.0,1,8,-9900,?,9,-9900,?,9,5.61,E,8,1.36,E,8,74.0,E,8,822.9788000000001,E,8,999.0,E,8,0.23,E,8,-9900,?,9,-9900,?,9,0.0,E,8,-9900,?,9,-9900,?,9,0.0,0.0,E,8
07/11/2017,03:00,0.0,1320.641,0.0,1,8,0.0,1,8,0.0,1,8,0.0,1,8,0.0,1,8,0.0,1,8,-0.0,1,8,-9900,?,9,-9900,?,9,5.26,E,8,1.71,E,8,77.0,E,8,822.9788000000001,E,8,999.0,E,8,0.23,E,8,-9900,?,9,-9900,?,9,0.0,E,8,-9900,?,9,-9900,?,9,0.0,0.0,E,8
07/11/2017,04:00,0.0,1320.716,0.0,1,8,0.0,1,8,0.0,1,8,0.0,1,8,0.0,1,8,0.0,1,8,-0.0,1,8,-9900,?,9,-9900,?,9,4.92,E,8,2.05,E,8,81.0,E,8,822.9788000000001,E,8,999.0,E,8,0.23,E,8,-9900,?,9,-9900,?,9,0.0,E,8,-9900,?,9,-9900,?,9,0.0,0.0,E,8
07/11/2017,05:00,0.0,1320.716,0.0,1,8,0.0,1,8,0.0,1,8,0.0,1,8,0.0,1,8,0.0,1,8,-0.0,1,8,-9900,?,9,-9900,?,9,4.57,E,8,2.39,E,8,85.0,E,8,822.9788000000001,E,8,999.0,E,8,0.23,E,8,-9900,?,9,-9900,?,9,0.0,E,8,-9900,?,9,-9900,?,9,0.0,0.0,E,8
07/11/2017,06:00,0.0,1320.716,0.0,1,8,0.0,1,8,0.0,1,8,0.0,1,8,0.0,1,8,0.0,1,8,-0.0,1,8,-9900,?,9,-9900,?,9,4.3,E,8,2.65,E,8,89.0,E,8,822.9788000000001,E,8,999.0,E,8,0.23,E,8,-9900,?,9,-9900,?,9,0.0,E,8,-9900,?,9,-9900,?,9,0.0,0.0,E,8
07/11/2017,07:00,10.876,1320.716,0.0,1,8,0.0,1,8,0.0,1,8,0.0,1,8,0.0,1,8,0.0,1,8,-0.0,1,8,-9900,?,9,-9900,?,9,4.07,E,8,2.87,E,8,91.0,E,8,822.9788000000001,E,8,999.0,E,8,0.41,E,8,-9900,?,9,-9900,?,9,0.0,E,8,-9900,?,9,-9900,?,9,0.0,0.0,E,8
07/11/2017,08:00,287.265,1320.716,47.77,1,8,0.0,1,8,47.77,1,8,5732.4,1,8,0.0,1,8,5254.7,1,8,70.31,1,8,-9900,?,9,-9900,?,9,3.84,E,8,3.08,E,8,94.0,E,8,822.9788000000001,E,8,999.0,E,8,0.45,E,8,-9900,?,9,-9900,?,9,0.0,E,8,-9900,?,9,-9900,?,9,0.0,0.0,E,8
07/11/2017,09:00,540.677,1320.716,233.27,1,8,126.122,1,8,181.713,1,8,27992.4,1,8,11981.558,1,8,19988.405,1,8,141.493,1,8,-9900,?,9,-9900,?,9,6.72,E,8,0.17,E,8,62.0,E,8,822.9788000000001,E,8,999.0,E,8,0.67,E,8,-9900,?,9,-9900,?,9,0.0,E,8,-9900,?,9,-9900,?,9,0.0,0.0,E,8
07/11/2017,10:00,745.7,1320.716,412.82,1,8,239.162,1,8,277.87,1,8,49538.4,1,8,22720.351,1,8,30565.67,1,8,156.751,1,8,-9900,?,9,-9900,?,9,8.59,E,8,-1.83,E,8,47.0,E,8,822.9788000000001,E,8,999.0,E,8,0.99,E,8,-9900,?,9,-9900,?,9,0.0,E,8,-9900,?,9,-9900,?,9,0.0,0.0,E,8
07/11/2017,11:00,887.959,1320.716,575.57,1,8,373.006,1,8,324.876,1,8,69068.4,1,8,35435.597,1,8,35736.313,1,8,153.865,1,8,-9900,?,9,-9900,?,9,10.36,E,8,-4.03,E,8,34.0,E,8,822.9788000000001,E,8,999.0,E,8,1.22,E,8,-9900,?,9,-9900,?,9,0.0,E,8,-9900,?,9,-9900,?,9,0.0,0.0,E,8
07/11/2017,12:00,957.671,1320.716,664.66,1,8,460.18,1,8,331.065,1,8,79759.2,1,8,43717.116,1,8,36417.148,1,8,145.369,1,8,-9900,?,9,-9900,?,9,11.78,E,8,-6.12,E,8,26.0,E,8,822.9788000000001,E,8,999.0,E,8,1.5,E,8,-9900,?,9,-9900,?,9,0.0,E,8,-9900,?,9,-9900,?,9,0.0,0.0,E,8
07/11/2017,13:00,950.059,1320.716,612.36,1,8,350.189,1,8,360.52,1,8,73483.2,1,8,33267.948,1,8,39657.225,1,8,159.572,1,8,-9900,?,9,-9900,?,9,12.56,E,8,-7.44,E,8,22.0,E,8,822.9788000000001,E,8,999.0,E,8,2.29,E,8,-9900,?,9,-9900,?,9,0.0,E,8,-9900,?,9,-9900,?,9,0.0,0.0,E,8
07/11/2017,14:00,865.64,1320.716,585.97,1,8,458.607,1,8,285.501,1,8,70316.4,1,8,43567.678,1,8,31405.15,1,8,138.708,1,8,-9900,?,9,-9900,?,9,13.03,E,8,-8.3,E,8,20.0,E,8,822.9788000000001,E,8,999.0,E,8,2.54,E,8,-9900,?,9,-9900,?,9,0.0,E,8,-9900,?,9,-9900,?,9,0.0,0.0,E,8
07/11/2017,15:00,710.196,1320.716,475.46,1,8,539.945,1,8,185.322,1,8,57055.2,1,8,51294.754,1,8,20385.393,1,8,109.779,1,8,-9900,?,9,-9900,?,9,13.1,E,8,-8.44,E,8,19.0,E,8,822.9788000000001,E,8,999.0,E,8,3.09,E,8,-9900,?,9,-9900,?,9,0.0,E,8,-9900,?,9,-9900,?,9,0.0,0.0,E,8
07/11/2017,16:00,494.429,1320.716,337.04,1,8,621.036,1,8,104.961,1,8,40444.8,1,8,58998.459,1,8,11545.7,1,8,89.404,1,8,-9900,?,9,-9900,?,9,12.66,E,8,-7.62,E,8,21.0,E,8,822.9788000000001,E,8,999.0,E,8,2.74,E,8,-9900,?,9,-9900,?,9,0.0,E,8,-9900,?,9,-9900,?,9,0.0,0.0,E,8
07/11/2017,17:00,233.637,1320.716,164.0,1,8,592.14,1,8,60.155,1,8,19680.0,1,8,56253.33,1,8,6617.003,1,8,109.183,1,8,-9900,?,9,-9900,?,9,11.7,E,8,-6.0,E,8,26.0,E,8,822.9788000000001,E,8,999.0,E,8,2.02,E,8,-9900,?,9,-9900,?,9,0.0,E,8,-9900,?,9,-9900,?,9,0.0,0.0,E,8
07/11/2017,18:00,0.0,1320.716,13.96,1,8,0.0,1,8,0.0,1,8,1675.2,1,8,0.0,1,8,0.0,1,8,-0.0,1,8,-9900,?,9,-9900,?,9,10.99,E,8,-4.92,E,8,30.0,E,8,822.9788000000001,E,8,999.0,E,8,1.56,E,8,-9900,?,9,-9900,?,9,0.0,E,8,-9900,?,9,-9900,?,9,0.0,0.0,E,8
07/11/2017,19:00,0.0,1320.716,0.0,1,8,0.0,1,8,0.0,1,8,0.0,1,8,0.0,1,8,0.0,1,8,-0.0,1,8,-9900,?,9,-9900,?,9,10.27,E,8,-3.91,E,8,35.0,E,8,822.9788000000001,E,8,999.0,E,8,1.11,E,8,-9900,?,9,-9900,?,9,0.0,E,8,-9900,?,9,-9900,?,9,0.0,0.0,E,8
07/11/2017,20:00,0.0,1320.716,0.0,1,8,0.0,1,8,0.0,1,8,0.0,1,8,0.0,1,8,0.0,1,8,-0.0,1,8,-9900,?,9,-9900,?,9,9.56,E,8,-2.99,E,8,39.0,E,8,822.9788000000001,E,8,999.0,E,8,0.86,E,8,-9900,?,9,-9900,?,9,0.0,E,8,-9900,?,9,-9900,?,9,0.0,0.0,E,8
07/11/2017,21:00,0.0,1320.716,0.0,1,8,0.0,1,8,0.0,1,8,0.0,1,8,0.0,1,8,0.0,1,8,-0.0,1,8,-9900,?,9,-9900,?,9,8.84,E,8,-2.12,E,8,45.0,E,8,822.9788000000001,E,8,999.0,E,8,0.85,E,8,-9900,?,9,-9900,?,9,0.0,E,8,-9900,?,9,-9900,?,9,0.0,0.0,E,8
07/11/2017,22:00,0.0,1320.716,0.0,1,8,0.0,1,8,0.0,1,8,0.0,1,8,0.0,1,8,0.0,1,8,-0.0,1,8,-9900,?,9,-9900,?,9,8.13,E,8,-1.32,E,8,50.0,E,8,822.9788000000001,E,8,999.0,E,8,0.68,E,8,-9900,?,9,-9900,?,9,0.0,E,8,-9900,?,9,-9900,?,9,0.0,0.0,E,8
07/11/2017,23:00,0.0,1320.716,0.0,1,8,0.0,1,8,0.0,1,8,0.0,1,8,0.0,1,8,0.0,1,8,-0.0,1,8,-9900,?,9,-9900,?,9,7.41,E,8,-0.55,E,8,56.0,E,8,822.9788000000001,E,8,999.0,E,8,0.56,E,8,-9900,?,9,-9900,?,9,0.0,E,8,-9900,?,9,-9900,?,9,0.0,0.0,E,8
07/11/2017,24:00,0.0,1320.716,0.0,1,8,0.0,1,8,0.0,1,8,0.0,1,8,0.0,1,8,0.0,1,8,-0.0,1,8,-9900,?,9,-9900,?,9,6.7,E,8,3.48,E,8,79.0,E,8,822.9788000000001,E,8,999.0,E,8,3.33,E,8,-9900,?,9,-9900,?,9,0.0,E,8,-9900,?,9,-9900,?,9,0.0,0.0,E,8
07/12/2017,01:00,0.0,1320.716,0.0,1,8,0.0,1,8,0.0,1,8,0.0,1,8,0.0,1,8,0.0,1,8,-0.0,1,8,-9900,?,9,-9900,?,9,6.34,E,8,3.49,E,8,81.0,E,8,822.9788000000001,E,8,999.0,E,8,4.99,E,8,-9900,?,9,-9900,?,9,0.0,E,8,-9900,?,9,-9900,?,9,0.0,0.0,E,8
07/12/2017,02:00,0.0,1320.716,0.0,1,8,0.0,1,8,0.0,1,8,0.0,1,8,0.0,1,8,0.0,1,8,-0.0,1,8,-9900,?,9,-9900,?,9,5.98,E,8,3.5,E,8,84.0,E,8,822.9788000000001,E,8,999.0,E,8,5.55,E,8,-9900,?,9,-9900,?,9,0.0,E,8,-9900,?,9,-9900,?,9,0.0,0.0,E,8
07/12/2017,03:00,0.0,1320.716,0.0,1,8,0.0,1,8,0.0,1,8,0.0,1,8,0.0,1,8,0.0,1,8,-0.0,1,8,-9900,?,9,-9900,?,9,5.62,E,8,3.52,E,8,86.0,E,8,822.9788000000001,E,8,999.0,E,8,4.9,E,8,-9900,?,9,-9900,?,9,0.0,E,8,-9900,?,9,-9900,?,9,0.0,0.0,E,8
07/12/2017,04:00,0.0,1320.804,0.0,1,8,0.0,1,8,0.0,1,8,0.0,1,8,0.0,1,8,0.0,1,8,-0.0,1,8,-9900,?,9,-9900,?,9,5.27,E,8,3.53,E,8,88.0,E,8,822.9788000000001,E,8,999.0,E,8,6.42,E,8,-9900,?,9,-9900,?,9,0.0,E,8,-9900,?,9,-9900,?,9,0.0,0.0,E,8
07/12/2017,05:00,0.0,1320.804,0.0,1,8,0.0,1,8,0.0,1,8,0.0,1,8,0.0,1,8,0.0,1,8,-0.0,1,8,-9900,?,9,-9900,?,9,4.91,E,8,3.54,E,8,90.0,E,8,822.9788000000001,E,8,999.0,E,8,6.72,E,8,-9900,?,9,-9900,?,9,0.0,E,8,-9900,?,9,-9900,?,9,0.0,0.0,E,8
07/12/2017,06:00,0.0,1320.804,0.0,1,8,0.0,1,8,0.0,1,8,0.0,1,8,0.0,1,8,0.0,1,8,-0.0,1,8,-9900,?,9,-9900,?,9,4.63,E,8,3.55,E,8,92.0,E,8,822.9788000000001,E,8,999.0,E,8,6.66,E,8,-9900,?,9,-9900,?,9,0.0,E,8,-9900,?,9,-9900,?,9,0.0,0.0,E,8
07/12/2017,07:00,11.381,1320.804,0.0,1,8,0.0,1,8,0.0,1,8,0.0,1,8,0.0,1,8,0.0,1,8,0.0,1,8,-9900,?,9,-9900,?,9,4.4,E,8,3.56,E,8,94.0,E,8,822.9788000000001,E,8,999.0,E,8,6.88,E,8,-9900,?,9,-9900,?,9,0.0,E,8,-9900,?,9,-9900,?,9,0.0,0.0,E,8
07/12/2017,08:00,288.196,1320.804,19.37,1,8,0.0,1,8,19.37,1,8,2324.4,1,8,0.0,1,8,2130.7,1,8,28.419,1,8,-9900,?,9,-9900,?,9,4.16,E,8,3.57,E,8,95.0,E,8,822.9788000000001,E,8,999.0,E,8,6.14,E,8,-9900,?,9,-9900,?,9,0.0,E,8,-9900,?,9,-9900,?,9,0.0,0.0,E,8
07/12/2017,09:00,541.964,1320.804,98.29,1,8,0.0,1,8,98.29,1,8,11794.8,1,8,0.0,1,8,10811.9,1,8,76.358,1,8,-9900,?,9,-9900,?,9,6.5,E,8,3.49,E,8,81.0,E,8,822.9788000000001,E,8,999.0,E,8,6.74,E,8,-9900,?,9,-9900,?,9,0.0,E,8,-9900,?,9,-9900,?,9,0.0,0.0,E,8
07/12/2017,10:00,747.324,1320.804,172.76,1,8,3.06,1,8,171.029,1,8,20731.2,1,8,290.74,1,8,18813.241,1,8,96.277,1,8,-9900,?,9,-9900,?,9,8.01,E,8,3.43,E,8,72.0,E,8,822.9788000000001,E,8,999.0,E,8,5.94,E,8,-9900,?,9,-9900,?,9,0.0,E,8,-9900,?,9,-9900,?,9,0.0,0.0,E,8
07/12/2017,11:00,889.88,1320.804,230.17,1,8,4.115,1,8,227.398,1,8,27620.4,1,8,390.956,1,8,25013.814,1,8,107.473,1,8,-9900,?,9,-9900,?,9,9.33,E,8,3.38,E,8,66.0,E,8,822.9788000000001,E,8,999.0,E,8,5.13,E,8,-9900,?,9,-9900,?,9,0.0,E,8,-9900,?,9,-9900,?,9,0.0,0.0,E,8
07/12/2017,12:00,959.83,1320.804,265.42,1,8,18.809,1,8,251.755,1,8,31850.4,1,8,1786.89,1,8,27693.028,1,8,110.303,1,8,-9900,?,9,-9900,?,9,10.41,E,8,3.34,E,8,61.0,E,8,822.9788000000001,E,8,999.0,E,8,4.13,E,8,-9900,?,9,-9900,?,9,0.0,E,8,-9900,?,9,-9900,?,9,0.0,0.0,E,8
07/12/2017,13:00,952.378,1320.804,275.81,1,8,21.242,1,8,260.498,1,8,33097.2,1,8,2017.951,1,8,28654.748,1,8,115.027,1,8,-9900,?,9,-9900,?,9,11.2,E,8,3.32,E,8,58.0,E,8,822.9788000000001,E,8,999.0,E,8,4.39,E,8,-9900,?,9,-9900,?,9,0.0,E,8,-9900,?,9,-9900,?,9,0.0,0.0,E,8
07/12/2017,14:00,868.031,1320.804,260.56,1,8,6.442,1,8,256.328,1,8,31267.2,1,8,611.993,1,8,28196.073,1,8,124.199,1,8,-9900,?,9,-9900,?,9,11.67,E,8,3.3,E,8,56.0,E,8,822.9788000000001,E,8,999.0,E,8,3.82,E,8,-9900,?,9,-9900,?,9,0.0,E,8,-9900,?,9,-9900,?,9,0.0,0.0,E,8
07/12/2017,15:00,712.567,1320.804,220.8,1,8,10.524,1,8,215.126,1,8,26496.0,1,8,999.78,1,8,23663.905,1,8,127.018,1,8,-9900,?,9,-9900,?,9,11.83,E,8,3.29,E,8,55.0,E,8,822.9788000000001,E,8,999.0,E,8,4.94,E,8,-9900,?,9,-9900,?,9,0.0,E,8,-9900,?,9,-9900,?,9,0.0,0.0,E,8
07/12/2017,16:00,496.687,1320.804,159.64,1,8,28.505,1,8,148.94,1,8,19156.8,1,8,2707.947,1,8,16383.373,1,8,126.294,1,8,-9900,?,9,-9900,?,9,11.58,E,8,3.3,E,8,56.0,E,8,822.9788000000001,E,8,999.0,E,8,5.52,E,8,-9900,?,9,-9900,?,9,0.0,E,8,-9900,?,9,-9900,?,9,0.0,0.0,E,8
07/12/2017,17:00,235.689,1320.804,82.81,1,8,66.869,1,8,70.979,1,8,9937.2,1,8,6352.558,1,8,7807.691,1,8,127.698,1,8,-9900,?,9,-9900,?,9,10.86,E,8,3.33,E,8,59.0,E,8,822.9788000000001,E,8,999.0,E,8,5.24,E,8,-9900,?,9,-9900,?,9,0.0,E,8,-9900,?,9,-9900,?,9,0.0,0.0,E,8
07/12/2017,18:00,0.0,1320.804,8.02,1,8,0.0,1,8,0.0,1,8,962.4,1,8,0.0,1,8,0.0,1,8,-0.0,1,8,-9900,?,9,-9900,?,9,10.24,E,8,3.35,E,8,62.0,E,8,822.9788000000001,E,8,999.0,E,8,4.61,E,8,-9900,?,9,-9900,?,9,0.0,E,8,-9900,?,9,-9900,?,9,0.0,0.0,E,8
07/12/2017,19:00,0.0,1320.804,0.0,1,8,0.0,1,8,0.0,1,8,0.0,1,8,0.0,1,8,0.0,1,8,-0.0,1,8,-9900,?,9,-9900,?,9,9.62,E,8,3.37,E,8,65.0,E,8,822.9788000000001,E,8,999.0,E,8,3.36,E,8,-9900,?,9,-9900,?,9,0.0,E,8,-9900,?,9,-9900,?,9,0.0,0.0,E,8
07/12/2017,20:00,0.0,1320.804,0.0,1,8,0.0,1,8,0.0,1,8,0.0,1,8,0.0,1,8,0.0,1,8,-0.0,1,8,-9900,?,9,-9900,?,9,8.99,E,8,3.4,E,8,67.0,E,8,822.9788000000001,E,8,999.0,E,8,4.01,E,8,-9900,?,9,-9900,?,9,0.0,E,8,-9900,?,9,-9900,?,9,0.0,0.0,E,8
07/12/2017,21:00,0.0,1320.804,0.0,1,8,0.0,1,8,0.0,1,8,0.0,1,8,0.0,1,8,0.0,1,8,-0.0,1,8,-9900,?,9,-9900,?,9,8.37,E,8,3.42,E,8,70.0,E,8,822.9788000000001,E,8,999.0,E,8,3.42,E,8,-9900,?,9,-9900,?,9,0.0,E,8,-9900,?,9,-9900,?,9,0.0,0.0,E,8
07/12/2017,22:00,0.0,1320.804,0.0,1,8,0.0,1,8,0.0,1,8,0.0,1,8,0.0,1,8,0.0,1,8,-0.0,1,8,-9900,?,9,-9900,?,9,7.75,E,8,3.44,E,8,74.0,E,8,822.9788000000001,E,8,999.0,E,8,3.29,E,8,-9900,?,9,-9900,?,9,0.0,E,8,-9900,?,9,-9900,?,9,0.0,0.0,E,8
07/12/2017,23:00,0.0,1320.804,0.0,1,8,0.0,1,8,0.0,1,8,0.0,1,8,0.0,1,8,0.0,1,8,-0.0,1,8,-9900,?,9,-9900,?,9,7.13,E,8,3.46,E,8,77.0,E,8,822.9788000000001,E,8,999.0,E,8,3.48,E,8,-9900,?,9,-9900,?,9,0.0,E,8,-9900,?,9,-9900,?,9,0.0,0.0,E,8
07/12/2017,24:00,0.0,1320.804,0.0,1,8,0.0,1,8,0.0,1,8,0.0,1,8,0.0,1,8,0.0,1,8,-0.0,1,8,-9900,?,9,-9900,?,9,6.51,E,8,1.41,E,8,69.0,E,8,822.9788000000001,E,8,999.0,E,8,0.78,E,8,-9900,?,9,-9900,?,9,0.0,E,8,-9900,?,9,-9900,?,9,0.0,0.0,E,8
07/13/2017,01:00,0.0,1320.804,0.0,1,8,0.0,1,8,0.0,1,8,0.0,1,8,0.0,1,8,0.0,1,8,-0.0,1,8,-9900,?,9,-9900,?,9,6.2,E,8,1.74,E,8,73.0,E,8,822.9788000000001,E,8,999.0,E,8,0.92,E,8,-9900,?,9,-9900,?,9,0.0,E,8,-9900,?,9,-9900,?,9,0.0,0.0,E,8
07/13/2017,02:00,0.0,1320.804,0.0,1,8,0.0,1,8,0.0,1,8,0.0,1,8,0.0,1,8,0.0,1,8,-0.0,1,8,-9900,?,9,-9900,?,9,5.89,E,8,2.07,E,8,76.0,E,8,822.9788000000001,E,8,999.0,E,8,0.71,E,8,-9900,?,9,-9900,?,9,0.0,E,8,-9900,?,9,-9900,?,9,0.0,0.0,E,8
07/13/2017,03:00,0.0,1320.804,0.0,1,8,0.0,1,8,0.0,1,8,0.0,1,8,0.0,1,8,0.0,1,8,-0.0,1,8,-9900,?,9,-9900,?,9,5.57,E,8,2.4,E,8,80.0,E,8,822.9788000000001,E,8,999.0,E,8,0.68,E,8,-9900,?,9,-9900,?,9,0.0,E,8,-9900,?,9,-9900,?,9,0.0,0.0,E,8
07/13/2017,04:00,0.0,1320.904,0.0,1,8,0.0,1,8,0.0,1,8,0.0,1,8,0.0,1,8,0.0,1,8,-0.0,1,8,-9900,?,9,-9900,?,9,5.26,E,8,2.72,E,8,83.0,E,8,822.9788000000001,E,8,999.0,E,8,0.67,E,8,-9900,?,9,-9900,?,9,0.0,E,8,-9900,?,9,-9900,?,9,0.0,0.0,E,8
07/13/2017,05:00,0.0,1320.904,0.0,1,8,0.0,1,8,0.0,1,8,0.0,1,8,0.0,1,8,0.0,1,8,-0.0,1,8,-9900,?,9,-9900,?,9,4.95,E,8,3.03,E,8,87.0,E,8,822.9788000000001,E,8,999.0,E,8,1.14,E,8,-9900,?,9,-9900,?,9,0.0,E,8,-9900,?,9,-9900,?,9,0.0,0.0,E,8
07/13/2017,06:00,0.0,1320.904,0.0,1,8,0.0,1,8,0.0,1,8,0.0,1,8,0.0,1,8,0.0,1,8,-0.0,1,8,-9900,?,9,-9900,?,9,4.71,E,8,3.26,E,8,90.0,E,8,822.9788000000001,E,8,999.0,E,8,1.32,E,8,-9900,?,9,-9900,?,9,0.0,E,8,-9900,?,9,-9900,?,9,0.0,0.0,E,8
07/13/2017,07:00,11.966,1320.904,0.0,1,8,0.0,1,8,0.0,1,8,0.0,1,8,0.0,1,8,0.0,1,8,0.0,1,8,-9900,?,9,-9900,?,9,4.51,E,8,3.45,E,8,92.0,E,8,822.9788000000001,E,8,999.0,E,8,1.43,E,8,-9900,?,9,-9900,?,9,0.0,E,8,-9900,?,9,-9900,?,9,0.0,0.0,E,8
07/13/2017,08:00,289.229,1320.904,28.61,1,8,0.0,1,8,28.61,1,8,3433.2,1,8,0.0,1,8,3147.1,1,8,41.827,1,8,-9900,?,9,-9900,?,9,4.3,E,8,3.65,E,8,95.0,E,8,822.9788000000001,E,8,999.0,E,8,1.78,E,8,-9900,?,9,-9900,?,9,0.0,E,8,-9900,?,9,-9900,?,9,0.0,0.0,E,8
07/13/2017,09:00,543.361,1320.904,144.12,1,8,8.267,1,8,140.724,1,8,17294.4,1,8,785.339,1,8,15479.673,1,8,109.05,1,8,-9900,?,9,-9900,?,9,6.76,E,8,1.13,E,8,67.0,E,8,822.9788000000001,E,8,999.0,E,8,1.78,E,8,-9900,?,9,-9900,?,9,0.0,E,8,-9900,?,9,-9900,?,9,0.0,0.0,E,8
07/13/2017,10:00,749.061,1320.904,253.04,1,8,7.199,1,8,248.96,1,8,30364.8,1,8,683.864,1,8,27385.638,1,8,139.831,1,8,-9900,?,9,-9900,?,9,8.35,E,8,-0.66,E,8,52.0,E,8,822.9788000000001,E,8,999.0,E,8,2.29,E,8,-9900,?,9,-9900,?,9,0.0,E,8,-9900,?,9,-9900,?,9,0.0,0.0,E,8
07/13/2017,11:00,891.913,1320.904,337.02,1,8,6.038,1,8,332.944,1,8,40442.4,1,8,573.641,1,8,36623.859,1,8,157.008,1,8,-9900,?,9,-9900,?,9,9.74,E,8,-2.3,E,8,41.0,E,8,822.9788000000001,E,8,999.0,E,8,3.16,E,8,-9900,?,9,-9900,?,9,0.0,E,8,-9900,?,9,-9900,?,9,0.0,0.0,E,8
07/13/2017,12:00,962.093,1320.904,388.62,1,8,42.55,1,8,357.637,1,8,46634.4,1,8,4042.212,1,8,39340.031,1,8,156.336,1,8,-9900,?,9,-9900,?,9,10.87,E,8,-3.81,E,8,34.0,E,8,822.9788000000001,E,8,999.0,E,8,3.42,E,8,-9900,?,9,-9900,?,9,0.0,E,8,-9900,?,9,-9900,?,9,0.0,0.0,E,8
07/13/2017,13:00,954.792,1320.904,403.88,1,8,51.543,1,8,366.633,1,8,48465.6,1,8,4896.611,1,8,40329.616,1,8,161.496,1,8,-9900,?,9,-9900,?,9,11.69,E,8,-5.03,E,8,29.0,E,8,822.9788000000001,E,8,999.0,E,8,4.4,E,8,-9900,?,9,-9900,?,9,0.0,E,8,-9900,?,9,-9900,?,9,0.0,0.0,E,8
07/13/2017,14:00,870.505,1320.904,381.66,1,8,64.527,1,8,339.151,1,8,45799.2,1,8,6130.101,1,8,37306.643,1,8,163.874,1,8,-9900,?,9,-9900,?,9,12.19,E,8,-5.84,E,8,26.0,E,8,822.9788000000001,E,8,999.0,E,8,5.69,E,8,-9900,?,9,-9900,?,9,0.0,E,8,-9900,?,9,-9900,?,9,0.0,0.0,E,8
07/13/2017,15:00,715.004,1320.904,323.61,1,8,69.589,1,8,285.968,1,8,38833.2,1,8,6610.936,1,8,31456.509,1,8,168.282,1,8,-9900,?,9,-9900,?,9,12.36,E,8,-6.12,E,8,25.0,E,8,822.9788000000001,E,8,999.0,E,8,6.23,E,8,-9900,?,9,-9900,?,9,0.0,E,8,-9900,?,9,-9900,?,9,0.0,0.0,E,8
07/13/2017,16:00,498.995,1320.904,234.27,1,8,152.107,1,8,176.909,1,8,28112.4,1,8,14450.13,1,8,19460.036,1,8,149.326,1,8,-9900,?,9,-9900,?,9,12.1,E,8,-5.69,E,8,26.0,E,8,822.9788000000001,E,8,999.0,E,8,4.92,E,8,-9900,?,9,-9900,?,9,0.0,E,8,-9900,?,9,-9900,?,9,0.0,0.0,E,8
07/13/2017,17:00,237.773,1320.904,121.96,1,8,331.774,1,8,62.737,1,8,14635.2,1,8,31518.545,1,8,6901.019,1,8,111.871,1,8,-9900,?,9,-9900,?,9,11.35,E,8,-4.51,E,8,31.0,E,8,822.9788000000001,E,8,999.0,E,8,5.08,E,8,-9900,?,9,-9900,?,9,0.0,E,8,-9900,?,9,-9900,?,9,0.0,0.0,E,8
07/13/2017,18:00,0.0,1320.904,12.22,1,8,0.0,1,8,0.0,1,8,1466.4,1,8,0.0,1,8,0.0,1,8,-0.0,1,8,-9900,?,9,-9900,?,9,10.73,E,8,-3.62,E,8,35.0,E,8,822.9788000000001,E,8,999.0,E,8,4.6,E,8,-9900,?,9,-9900,?,9,0.0,E,8,-9900,?,9,-9900,?,9,0.0,0.0,E,8
07/13/2017,19:00,0.0,1320.904,0.0,1,8,0.0,1,8,0.0,1,8,0.0,1,8,0.0,1,8,0.0,1,8,-0.0,1,8,-9900,?,9,-9900,?,9,10.1,E,8,-2.76,E,8,39.0,E,8,822.9788000000001,E,8,999.0,E,8,3.76,E,8,-9900,?,9,-9900,?,9,0.0,E,8,-9900,?,9,-9900,?,9,0.0,0.0,E,8
07/13/2017,20:00,0.0,1320.904,0.0,1,8,0.0,1,8,0.0,1,8,0.0,1,8,0.0,1,8,0.0,1,8,-0.0,1,8,-9900,?,9,-9900,?,9,9.48,E,8,-1.98,E,8,43.0,E,8,822.9788000000001,E,8,999.0,E,8,2.3,E,8,-9900,?,9,-9900,?,9,0.0,E,8,-9900,?,9,-9900,?,9,0.0,0.0,E,8
07/13/2017,21:00,0.0,1320.904,0.0,1,8,0.0,1,8,0.0,1,8,0.0,1,8,0.0,1,8,0.0,1,8,-0.0,1,8,-9900,?,9,-9900,?,9,8.85,E,8,-1.23,E,8,48.0,E,8,822.9788000000001,E,8,999.0,E,8,2.13,E,8,-9900,?,9,-9900,?,9,0.0,E,8,-9900,?,9,-9900,?,9,0.0,0.0,E,8
07/13/2017,22:00,0.0,1320.904,0.0,1,8,0.0,1,8,0.0,1,8,0.0,1,8,0.0,1,8,0.0,1,8,-0.0,1,8,-9900,?,9,-9900,?,9,8.23,E,8,-0.53,E,8,53.0,E,8,822.9788000000001,E,8,999.0,E,8,1.49,E,8,-9900,?,9,-9900,?,9,0.0,E,8,-9900,?,9,-9900,?,9,0.0,0.0,E,8
07/13/2017,23:00,0.0,1320.904,0.0,1,8,0.0,1,8,0.0,1,8,0.0,1,8,0.0,1,8,0.0,1,8,-0.0,1,8,-9900,?,9,-9900,?,9,7.6,E,8,0.17,E,8,59.0,E,8,822.9788000000001,E,8,999.0,E,8,1.22,E,8,-9900,?,9,-9900,?,9,0.0,E,8,-9900,?,9,-9900,?,9,0.0,0.0,E,8
07/13/2017,24:00,0.0,1320.904,0.0,1,8,0.0,1,8,0.0,1,8,0.0,1,8,0.0,1,8,0.0,1,8,-0.0,1,8,-9900,?,9,-9900,?,9,6.98,E,8,4.0,E,8,81.0,E,8,822.9788000000001,E,8,999.0,E,8,2.87,E,8,-9900,?,9,-9900,?,9,0.0,E,8,-9900,?,9,-9900,?,9,0.0,0.0,E,8
07/14/2017,01:00,0.0,1320.904,0.0,1,8,0.0,1,8,0.0,1,8,0.0,1,8,0.0,1,8,0.0,1,8,-0.0,1,8,-9900,?,9,-9900,?,9,6.67,E,8,4.08,E,8,83.0,E,8,822.9788000000001,E,8,999.0,E,8,3.1,E,8,-9900,?,9,-9900,?,9,0.0,E,8,-9900,?,9,-9900,?,9,0.0,0.0,E,8
07/14/2017,02:00,0.0,1320.904,0.0,1,8,0.0,1,8,0.0,1,8,0.0,1,8,0.0,1,8,0.0,1,8,-0.0,1,8,-9900,?,9,-9900,?,9,6.36,E,8,4.16,E,8,85.0,E,8,822.9788000000001,E,8,999.0,E,8,2.58,E,8,-9900,?,9,-9900,?,9,0.0,E,8,-9900,?,9,-9900,?,9,0.0,0.0,E,8
07/14/2017,03:00,0.0,1320.904,0.0,1,8,0.0,1,8,0.0,1,8,0.0,1,8,0.0,1,8,0.0,1,8,-0.0,1,8,-9900,?,9,-9900,?,9,6.04,E,8,4.24,E,8,88.0,E,8,822.9788000000001,E,8,999.0,E,8,3.35,E,8,-9900,?,9,-9900,?,9,0.0,E,8,-9900,?,9,-9900,?,9,0.0,0.0,E,8
07/14/2017,04:00,0.0,1321.017,0.0,1,8,0.0,1,8,0.0,1,8,0.0,1,8,0.0,1,8,0.0,1,8,-0.0,1,8,-9900,?,9,-9900,?,9,5.73,E,8,4.32,E,8,90.0,E,8,822.9788000000001,E,8,999.0,E,8,2.83,E,8,-9900,?,9,-9900,?,9,0.0,E,8,-9900,?,9,-9900,?,9,0.0,0.0,E,8
07/14/2017,05:00,0.0,1321.017,0.0,1,8,0.0,1,8,0.0,1,8,0.0,1,8,0.0,1,8,0.0,1,8,-0.0,1,8,-9900,?,9,-9900,?,9,5.42,E,8,4.4,E,8,93.0,E,8,822.9788000000001,E,8,999.0,E,8,1.75,E,8,-9900,?,9,-9900,?,9,0.0,E,8,-9900,?,9,-9900,?,9,0.0,0.0,E,8
07/14/2017,06:00,0.0,1321.017,0.0,1,8,0.0,1,8,0.0,1,8,0.0,1,8,0.0,1,8,0.0,1,8,-0.0,1,8,-9900,?,9,-9900,?,9,5.18,E,8,4.46,E,8,95.0,E,8,822.9788000000001,E,8,999.0,E,8,1.53,E,8,-9900,?,9,-9900,?,9,0.0,E,8,-9900,?,9,-9900,?,9,0.0,0.0,E,8
07/14/2017,07:00,12.632,1321.017,0.0,1,8,0.0,1,8,0.0,1,8,0.0,1,8,0.0,1,8,0.0,1,8,0.0,1,8,-9900,?,9,-9900,?,9,4.97,E,8,4.51,E,8,96.0,E,8,822.9788000000001,E,8,999.0,E,8,1.08,E,8,-9900,?,9,-9900,?,9,0.0,E,8,-9900,?,9,-9900,?,9,0.0,0.0,E,8
07/14/2017,08:00,290.364,1321.017,28.51,1,8,0.0,1,8,28.51,1,8,3421.2,1,8,0.0,1,8,3136.1,1,8,41.519,1,8,-9900,?,9,-9900,?,9,4.77,E,8,4.56,E,8,98.0,E,8,822.9788000000001,E,8,999.0,E,8,1.88,E,8,-9900,?,9,-9900,?,9,0.0,E,8,-9900,?,9,-9900,?,9,0.0,0.0,E,8
07/14/2017,09:00,544.867,1321.017,142.47,1,8,7.367,1,8,139.436,1,8,17096.4,1,8,699.898,1,8,15337.914,1,8,107.76,1,8,-9900,?,9,-9900,?,9,7.17,E,8,3.95,E,8,80.0,E,8,822.9788000000001,E,8,999.0,E,8,2.01,E,8,-9900,?,9,-9900,?,9,0.0,E,8,-9900,?,9,-9900,?,9,0.0,0.0,E,8
07/14/2017,10:00,750.911,1321.017,249.86,1,8,7.54,1,8,245.576,1,8,29983.2,1,8,716.329,1,8,27013.412,1,8,137.602,1,8,-9900,?,9,-9900,?,9,8.71,E,8,3.55,E,8,70.0,E,8,822.9788000000001,E,8,999.0,E,8,3.27,E,8,-9900,?,9,-9900,?,9,0.0,E,8,-9900,?,9,-9900,?,9,0.0,0.0,E,8
07/14/2017,11:00,894.056,1321.017,332.65,1,8,14.196,1,8,323.045,1,8,39918.0,1,8,1348.647,1,8,35534.991,1,8,151.988,1,8,-9900,?,9,-9900,?,9,10.06,E,8,3.18,E,8,62.0,E,8,822.9788000000001,E,8,999.0,E,8,5.73,E,8,-9900,?,9,-9900,?,9,0.0,E,8,-9900,?,9,-9900,?,9,0.0,0.0,E,8
07/14/2017,12:00,964.461,1321.017,383.57,1,8,68.019,1,8,333.923,1,8,46028.4,1,8,6461.767,1,8,36731.54,1,8,145.624,1,8,-9900,?,9,-9900,?,9,11.16,E,8,2.88,E,8,56.0,E,8,822.9788000000001,E,8,999.0,E,8,7.14,E,8,-9900,?,9,-9900,?,9,0.0,E,8,-9900,?,9,-9900,?,9,0.0,0.0,E,8
07/14/2017,13:00,957.3,1321.017,398.67,1,8,82.3,1,8,339.045,1,8,47840.4,1,8,7818.543,1,8,37294.98,1,8,148.965,1,8,-9900,?,9,-9900,?,9,11.96,E,8,2.66,E,8,52.0,E,8,822.9788000000001,E,8,999.0,E,8,9.9,E,8,-9900,?,9,-9900,?,9,0.0,E,8,-9900,?,9,-9900,?,9,0.0,0.0,E,8
07/14/2017,14:00,873.059,1321.017,376.84,1,8,102.966,1,8,308.816,1,8,45220.8,1,8,9781.769,1,8,33969.72,1,8,148.792,1,8,-9900,?,9,-9900,?,9,12.44,E,8,2.52,E,8,50.0,E,8,822.9788000000001,E,8,999.0,E,8,8.57,E,8,-9900,?,9,-9900,?,9,0.0,E,8,-9900,?,9,-9900,?,9,0.0,0.0,E,8
07/14/2017,15:00,717.507,1321.017,319.71,1,8,109.556,1,8,260.247,1,8,38365.2,1,8,10407.791,1,8,28627.147,1,8,152.624,1,8,-9900,?,9,-9900,?,9,12.61,E,8,2.47,E,8,50.0,E,8,822.9788000000001,E,8,999.0,E,8,8.99,E,8,-9900,?,9,-9900,?,9,0.0,E,8,-9900,?,9,-9900,?,9,0.0,0.0,E,8
07/14/2017,16:00,501.35,1321.017,231.73,1,8,175.916,1,8,165.082,1,8,27807.6,1,8,16712.033,1,8,18159.014,1,8,138.697,1,8,-9900,?,9,-9900,?,9,12.35,E,8,2.55,E,8,51.0,E,8,822.9788000000001,E,8,999.0,E,8,7.33,E,8,-9900,?,9,-9900,?,9,0.0,E,8,-9900,?,9,-9900,?,9,0.0,0.0,E,8
07/14/2017,17:00,239.889,1321.017,121.08,1,8,375.833,1,8,53.391,1,8,14529.6,1,8,35704.125,1,8,5872.987,1,8,94.361,1,8,-9900,?,9,-9900,?,9,11.63,E,8,2.75,E,8,54.0,E,8,822.9788000000001,E,8,999.0,E,8,5.55,E,8,-9900,?,9,-9900,?,9,0.0,E,8,-9900,?,9,-9900,?,9,0.0,0.0,E,8
07/14/2017,18:00,0.0,1321.017,12.55,1,8,0.0,1,8,0.0,1,8,1506.0,1,8,0.0,1,8,0.0,1,8,-0.0,1,8,-9900,?,9,-9900,?,9,11.04,E,8,2.91,E,8,57.0,E,8,822.9788000000001,E,8,999.0,E,8,3.58,E,8,-9900,?,9,-9900,?,9,0.0,E,8,-9900,?,9,-9900,?,9,0.0,0.0,E,8
07/14/2017,19:00,0.0,1321.017,0.0,1,8,0.0,1,8,0.0,1,8,0.0,1,8,0.0,1,8,0.0,1,8,-0.0,1,8,-9900,?,9,-9900,?,9,10.44,E,8,3.08,E,8,60.0,E,8,822.9788000000001,E,8,999.0,E,8,1.38,E,8,-9900,?,9,-9900,?,9,0.0,E,8,-9900,?,9,-9900,?,9,0.0,0.0,E,8
07/14/2017,20:00,0.0,1321.017,0.0,1,8,0.0,1,8,0.0,1,8,0.0,1,8,0.0,1,8,0.0,1,8,-0.0,1,8,-9900,?,9,-9900,?,9,9.85,E,8,3.24,E,8,63.0,E,8,822.9788000000001,E,8,999.0,E,8,0.82,E,8,-9900,?,9,-9900,?,9,0.0,E,8,-9900,?,9,-9900,?,9,0.0,0.0,E,8
07/14/2017,21:00,0.0,1321.017,0.0,1,8,0.0,1,8,0.0,1,8,0.0,1,8,0.0,1,8,0.0,1,8,-0.0,1,8,-9900,?,9,-9900,?,9,9.25,E,8,3.4,E,8,66.0,E,8,822.9788000000001,E,8,999.0,E,8,0.82,E,8,-9900,?,9,-9900,?,9,0.0,E,8,-9900,?,9,-9900,?,9,0.0,0.0,E,8
07/14/2017,22:00,0.0,1321.017,0.0,1,8,0.0,1,8,0.0,1,8,0.0,1,8,0.0,1,8,0.0,1,8,-0.0,1,8,-9900,?,9,-9900,?,9,8.66,E,8,3.56,E,8,70.0,E,8,822.9788000000001,E,8,999.0,E,8,0.82,E,8,-9900,?,9,-9900,?,9,0.0,E,8,-9900,?,9,-9900,?,9,0.0,0.0,E,8
07/14/2017,23:00,0.0,1321.017,0.0,1,8,0.0,1,8,0.0,1,8,0.0,1,8,0.0,1,8,0.0,1,8,-0.0,1,8,-9900,?,9,-9900,?,9,8.07,E,8,3.72,E,8,74.0,E,8,822.9788000000001,E,8,999.0,E,8,0.82,E,8,-9900,?,9,-9900,?,9,0.0,E,8,-9900,?,9,-9900,?,9,0.0,0.0,E,8
07/14/2017,24:00,0.0,1321.017,0.0,1,8,0.0,1,8,0.0,1,8,0.0,1,8,0.0,1,8,0.0,1,8,-0.0,1,8,-9900,?,9,-9900,?,9,7.47,E,8,4.75,E,8,82.0,E,8,822.9788000000001,E,8,999.0,E,8,0.58,E,8,-9900,?,9,-9900,?,9,0.0,E,8,-9900,?,9,-9900,?,9,0.0,0.0,E,8
07/15/2017,01:00,0.0,1321.017,0.0,1,8,0.0,1,8,0.0,1,8,0.0,1,8,0.0,1,8,0.0,1,8,-0.0,1,8,-9900,?,9,-9900,?,9,7.18,E,8,4.79,E,8,84.0,E,8,822.9788000000001,E,8,999.0,E,8,0.58,E,8,-9900,?,9,-9900,?,9,0.0,E,8,-9900,?,9,-9900,?,9,0.0,0.0,E,8
07/15/2017,02:00,0.0,1321.017,0.0,1,8,0.0,1,8,0.0,1,8,0.0,1,8,0.0,1,8,0.0,1,8,-0.0,1,8,-9900,?,9,-9900,?,9,6.88,E,8,4.82,E,8,86.0,E,8,822.9788000000001,E,8,999.0,E,8,0.71,E,8,-9900,?,9,-9900,?,9,0.0,E,8,-9900,?,9,-9900,?,9,0.0,0.0,E,8
07/15/2017,03:00,0.0,1321.017,0.0,1,8,0.0,1,8,0.0,1,8,0.0,1,8,0.0,1,8,0.0,1,8,-0.0,1,8,-9900,?,9,-9900,?,9,6.58,E,8,4.86,E,8,88.0,E,8,822.9788000000001,E,8,999.0,E,8,1.19,E,8,-9900,?,9,-9900,?,9,0.0,E,8,-9900,?,9,-9900,?,9,0.0,0.0,E,8
07/15/2017,04:00,0.0,1321.142,0.0,1,8,0.0,1,8,0.0,1,8,0.0,1,8,0.0,1,8,0.0,1,8,-0.0,1,8,-9900,?,9,-9900,?,9,6.29,E,8,4.9,E,8,90.0,E,8,822.9788000000001,E,8,999.0,E,8,1.2,E,8,-9900,?,9,-9900,?,9,0.0,E,8,-9900,?,9,-9900,?,9,0.0,0.0,E,8
07/15/2017,05:00,0.0,1321.142,0.0,1,8,0.0,1,8,0.0,1,8,0.0,1,8,0.0,1,8,0.0,1,8,-0.0,1,8,-9900,?,9,-9900,?,9,5.99,E,8,4.93,E,8,92.0,E,8,822.9788000000001,E,8,999.0,E,8,1.58,E,8,-9900,?,9,-9900,?,9,0.0,E,8,-9900,?,9,-9900,?,9,0.0,0.0,E,8
07/15/2017,06:00,0.0,1321.142,0.0,1,8,0.0,1,8,0.0,1,8,0.0,1,8,0.0,1,8,0.0,1,8,-0.0,1,8,-9900,?,9,-9900,?,9,5.76,E,8,4.96,E,8,94.0,E,8,822.9788000000001,E,8,999.0,E,8,1.15,E,8,-9900,?,9,-9900,?,9,0.0,E,8,-9900,?,9,-9900,?,9,0.0,0.0,E,8
07/15/2017,07:00,13.379,1321.142,0.0,1,8,0.0,1,8,0.0,1,8,0.0,1,8,0.0,1,8,0.0,1,8,0.0,1,8,-9900,?,9,-9900,?,9,5.56,E,8,4.98,E,8,96.0,E,8,822.9788000000001,E,8,999.0,E,8,1.17,E,8,-9900,?,9,-9900,?,9,0.0,E,8,-9900,?,9,-9900,?,9,0.0,0.0,E,8
07/15/2017,08:00,291.602,1321.142,59.86,1,8,0.0,1,8,59.86,1,8,7183.2,1,8,0.0,1,8,6584.6,1,8,86.808,1,8,-9900,?,9,-9900,?,9,5.37,E,8,5.01,E,8,97.0,E,8,822.9788000000001,E,8,999.0,E,8,1.16,E,8,-9900,?,9,-9900,?,9,0.0,E,8,-9900,?,9,-9900,?,9,0.0,0.0,E,8
07/15/2017,09:00,546.483,1321.142,174.2,1,8,7.288,1,8,171.19,1,8,20904.0,1,8,692.364,1,8,18830.856,1,8,131.921,1,8,-9900,?,9,-9900,?,9,8.85,E,8,4.58,E,8,74.0,E,8,822.9788000000001,E,8,999.0,E,8,1.08,E,8,-9900,?,9,-9900,?,9,0.0,E,8,-9900,?,9,-9900,?,9,0.0,0.0,E,8
07/15/2017,10:00,752.871,1321.142,244.99,1,8,24.413,1,8,231.087,1,8,29398.8,1,8,2319.215,1,8,25419.516,1,8,129.157,1,8,-9900,?,9,-9900,?,9,10.11,E,8,4.43,E,8,67.0,E,8,822.9788000000001,E,8,999.0,E,8,1.64,E,8,-9900,?,9,-9900,?,9,0.0,E,8,-9900,?,9,-9900,?,9,0.0,0.0,E,8
07/15/2017,11:00,896.308,1321.142,178.16,1,8,6.615,1,8,173.674,1,8,21379.2,1,8,628.4,1,8,19104.127,1,8,81.513,1,8,-9900,?,9,-9900,?,9,10.25,E,8,4.41,E,8,67.0,E,8,822.9788000000001,E,8,999.0,E,8,2.02,E,8,-9900,?,9,-9900,?,9,0.0,E,8,-9900,?,9,-9900,?,9,0.0,0.0,E,8
07/15/2017,12:00,966.931,1321.142,213.5,1,8,3.257,1,8,211.117,1,8,25620.0,1,8,309.396,1,8,23222.868,1,8,91.841,1,8,-9900,?,9,-9900,?,9,10.54,E,8,4.37,E,8,65.0,E,8,822.9788000000001,E,8,999.0,E,8,1.33,E,8,-9900,?,9,-9900,?,9,0.0,E,8,-9900,?,9,-9900,?,9,0.0,0.0,E,8
07/15/2017,13:00,959.9,1321.142,280.63,1,8,8.184,1,8,274.686,1,8,33675.6,1,8,777.434,1,8,30215.425,1,8,120.372,1,8,-9900,?,9,-9900,?,9,11.07,E,8,4.31,E,8,63.0,E,8,822.9788000000001,E,8,999.0,E,8,1.2,E,8,-9900,?,9,-9900,?,9,0.0,E,8,-9900,?,9,-9900,?,9,0.0,0.0,E,8
07/15/2017,14:00,875.691,1321.142,173.86,1,8,6.155,1,8,169.782,1,8,20863.2,1,8,584.696,1,8,18676.022,1,8,81.565,1,8,-9900,?,9,-9900,?,9,10.94,E,8,4.32,E,8,63.0,E,8,822.9788000000001,E,8,999.0,E,8,0.98,E,8,-9900,?,9,-9900,?,9,0.0,E,8,-9900,?,9,-9900,?,9,0.0,0.0,E,8
07/15/2017,15:00,720.072,1321.142,202.9,1,8,3.737,1,8,200.864,1,8,24348.0,1,8,355.042,1,8,22095.09,1,8,117.389,1,8,-9900,?,9,-9900,?,9,11.03,E,8,4.31,E,8,63.0,E,8,822.9788000000001,E,8,999.0,E,8,0.85,E,8,-9900,?,9,-9900,?,9,0.0,E,8,-9900,?,9,-9900,?,9,0.0,0.0,E,8
07/15/2017,16:00,503.752,1321.142,125.8,1,8,3.92,1,8,124.308,1,8,15096.0,1,8,372.445,1,8,13673.844,1,8,103.95,1,8,-9900,?,9,-9900,?,9,10.66,E,8,4.36,E,8,64.0,E,8,822.9788000000001,E,8,999.0,E,8,1.26,E,8,-9900,?,9,-9900,?,9,0.0,E,8,-9900,?,9,-9900,?,9,0.0,0.0,E,8
07/15/2017,17:00,242.035,1321.142,85.72,1,8,82.158,1,8,70.79,1,8,10286.4,1,8,7805.002,1,8,7786.892,1,8,123.996,1,8,-9900,?,9,-9900,?,9,10.17,E,8,4.42,E,8,67.0,E,8,822.9788000000001,E,8,999.0,E,8,1.31,E,8,-9900,?,9,-9900,?,9,0.0,E,8,-9900,?,9,-9900,?,9,0.0,0.0,E,8
07/15/2017,18:00,0.0,1321.142,9.18,1,8,0.0,1,8,0.0,1,8,1101.6,1,8,0.0,1,8,0.0,1,8,-0.0,1,8,-9900,?,9,-9900,?,9,9.62,E,8,4.49,E,8,70.0,E,8,822.9788000000001,E,8,999.0,E,8,0.79,E,8,-9900,?,9,-9900,?,9,0.0,E,8,-9900,?,9,-9900,?,9,0.0,0.0,E,8
07/15/2017,19:00,0.0,1321.142,0.0,1,8,0.0,1,8,0.0,1,8,0.0,1,8,0.0,1,8,0.0,1,8,-0.0,1,8,-9900,?,9,-9900,?,9,9.07,E,8,4.56,E,8,73.0,E,8,822.9788000000001,E,8,999.0,E,8,0.7,E,8,-9900,?,9,-9900,?,9,0.0,E,8,-9900,?,9,-9900,?,9,0.0,0.0,E,8
07/15/2017,20:00,0.0,1321.142,0.0,1,8,0.0,1,8,0.0,1,8,0.0,1,8,0.0,1,8,0.0,1,8,-0.0,1,8,-9900,?,9,-9900,?,9,8.52,E,8,4.62,E,8,76.0,E,8,822.9788000000001,E,8,999.0,E,8,0.82,E,8,-9900,?,9,-9900,?,9,0.0,E,8,-9900,?,9,-9900,?,9,0.0,0.0,E,8
07/15/2017,21:00,0.0,1321.142,0.0,1,8,0.0,1,8,0.0,1,8,0.0,1,8,0.0,1,8,0.0,1,8,-0.0,1,8,-9900,?,9,-9900,?,9,7.97,E,8,4.69,E,8,79.0,E,8,822.9788000000001,E,8,999.0,E,8,0.58,E,8,-9900,?,9,-9900,?,9,0.0,E,8,-9900,?,9,-9900,?,9,0.0,0.0,E,8
07/15/2017,22:00,0.0,1321.142,0.0,1,8,0.0,1,8,0.0,1,8,0.0,1,8,0.0,1,8,0.0,1,8,-0.0,1,8,-9900,?,9,-9900,?,9,7.42,E,8,4.76,E,8,83.0,E,8,822.9788000000001,E,8,999.0,E,8,0.58,E,8,-9900,?,9,-9900,?,9,0.0,E,8,-9900,?,9,-9900,?,9,0.0,0.0,E,8
07/15/2017,23:00,0.0,1321.142,0.0,1,8,0.0,1,8,0.0,1,8,0.0,1,8,0.0,1,8,0.0,1,8,-0.0,1,8,-9900,?,9,-9900,?,9,6.88,E,8,4.82,E,8,86.0,E,8,822.9788000000001,E,8,999.0,E,8,0.71,E,8,-9900,?,9,-9900,?,9,0.0,E,8,-9900,?,9,-9900,?,9,0.0,0.0,E,8
07/15/2017,24:00,0.0,1321.142,0.0,1,8,0.0,1,8,0.0,1,8,0.0,1,8,0.0,1,8,0.0,1,8,-0.0,1,8,-9900,?,9,-9900,?,9,6.33,E,8,3.09,E,8,79.0,E,8,822.9788000000001,E,8,999.0,E,8,0.19,E,8,-9900,?,9,-9900,?,9,0.0,E,8,-9900,?,9,-9900,?,9,0.0,0.0,E,8
07/16/2017,01:00,0.0,1321.142,0.0,1,8,0.0,1,8,0.0,1,8,0.0,1,8,0.0,1,8,0.0,1,8,-0.0,1,8,-9900,?,9,-9900,?,9,6.05,E,8,3.25,E,8,82.0,E,8,822.9788000000001,E,8,999.0,E,8,0.19,E,8,-9900,?,9,-9900,?,9,0.0,E,8,-9900,?,9,-9900,?,9,0.0,0.0,E,8
07/16/2017,02:00,0.0,1321.142,0.0,1,8,0.0,1,8,0.0,1,8,0.0,1,8,0.0,1,8,0.0,1,8,-0.0,1,8,-9900,?,9,-9900,?,9,5.78,E,8,3.4,E,8,84.0,E,8,822.9788000000001,E,8,999.0,E,8,0.19,E,8,-9900,?,9,-9900,?,9,0.0,E,8,-9900,?,9,-9900,?,9,0.0,0.0,E,8
07/16/2017,03:00,0.0,1321.142,0.0,1,8,0.0,1,8,0.0,1,8,0.0,1,8,0.0,1,8,0.0,1,8,-0.0,1,8,-9900,?,9,-9900,?,9,5.5,E,8,3.55,E,8,87.0,E,8,822.9788000000001,E,8,999.0,E,8,0.19,E,8,-9900,?,9,-9900,?,9,0.0,E,8,-9900,?,9,-9900,?,9,0.0,0.0,E,8
07/16/2017,04:00,0.0,1321.28,0.0,1,8,0.0,1,8,0.0,1,8,0.0,1,8,0.0,1,8,0.0,1,8,-0.0,1,8,-9900,?,9,-9900,?,9,5.23,E,8,3.69,E,8,89.0,E,8,822.9788000000001,E,8,999.0,E,8,0.19,E,8,-9900,?,9,-9900,?,9,0.0,E,8,-9900,?,9,-9900,?,9,0.0,0.0,E,8
07/16/2017,05:00,0.0,1321.28,0.0,1,8,0.0,1,8,0.0,1,8,0.0,1,8,0.0,1,8,0.0,1,8,-0.0,1,8,-9900,?,9,-9900,?,9,4.95,E,8,3.84,E,8,92.0,E,8,822.9788000000001,E,8,999.0,E,8,0.19,E,8,-9900,?,9,-9900,?,9,0.0,E,8,-9900,?,9,-9900,?,9,0.0,0.0,E,8
07/16/2017,06:00,0.0,1321.28,0.0,1,8,0.0,1,8,0.0,1,8,0.0,1,8,0.0,1,8,0.0,1,8,-0.0,1,8,-9900,?,9,-9900,?,9,4.74,E,8,3.95,E,8,94.0,E,8,822.9788000000001,E,8,999.0,E,8,0.27,E,8,-9900,?,9,-9900,?,9,0.0,E,8,-9900,?,9,-9900,?,9,0.0,0.0,E,8
07/16/2017,07:00,14.208,1321.28,0.0,1,8,0.0,1,8,0.0,1,8,0.0,1,8,0.0,1,8,0.0,1,8,0.0,1,8,-9900,?,9,-9900,?,9,4.56,E,8,4.05,E,8,96.0,E,8,822.9788000000001,E,8,999.0,E,8,0.32,E,8,-9900,?,9,-9900,?,9,0.0,E,8,-9900,?,9,-9900,?,9,0.0,0.0,E,8
07/16/2017,08:00,292.943,1321.28,32.8,1,8,0.0,1,8,32.8,1,8,3936.0,1,8,0.0,1,8,3608.0,1,8,47.351,1,8,-9900,?,9,-9900,?,9,4.38,E,8,4.14,E,8,98.0,E,8,822.9788000000001,E,8,999.0,E,8,0.3,E,8,-9900,?,9,-9900,?,9,0.0,E,8,-9900,?,9,-9900,?,9,0.0,0.0,E,8
07/16/2017,09:00,548.208,1321.28,161.0,1,8,16.504,1,8,154.162,1,8,19320.0,1,8,1567.889,1,8,16957.813,1,8,118.437,1,8,-9900,?,9,-9900,?,9,6.75,E,8,2.86,E,8,76.0,E,8,822.9788000000001,E,8,999.0,E,8,0.72,E,8,-9900,?,9,-9900,?,9,0.0,E,8,-9900,?,9,-9900,?,9,0.0,0.0,E,8
07/16/2017,10:00,754.943,1321.28,281.57,1,8,12.137,1,8,274.639,1,8,33788.4,1,8,1153.01,1,8,30210.342,1,8,153.093,1,8,-9900,?,9,-9900,?,9,8.26,E,8,1.98,E,8,64.0,E,8,822.9788000000001,E,8,999.0,E,8,0.83,E,8,-9900,?,9,-9900,?,9,0.0,E,8,-9900,?,9,-9900,?,9,0.0,0.0,E,8
07/16/2017,11:00,898.668,1321.28,374.55,1,8,87.209,1,8,315.255,1,8,44946.0,1,8,8284.851,1,8,34678.059,1,8,147.59,1,8,-9900,?,9,-9900,?,9,9.58,E,8,1.17,E,8,55.0,E,8,822.9788000000001,E,8,999.0,E,8,1.83,E,8,-9900,?,9,-9900,?,9,0.0,E,8,-9900,?,9,-9900,?,9,0.0,0.0,E,8
07/16/2017,12:00,969.502,1321.28,431.78,1,8,62.642,1,8,385.828,1,8,51813.6,1,8,5950.953,1,8,42441.045,1,8,167.417,1,8,-9900,?,9,-9900,?,9,10.65,E,8,0.47,E,8,49.0,E,8,822.9788000000001,E,8,999.0,E,8,2.34,E,8,-9900,?,9,-9900,?,9,0.0,E,8,-9900,?,9,-9900,?,9,0.0,0.0,E,8
07/16/2017,13:00,962.59,1321.28,448.85,1,8,75.869,1,8,393.591,1,8,53862.0,1,8,7207.599,1,8,43295.046,1,8,172.013,1,8,-9900,?,9,-9900,?,9,11.44,E,8,-0.05,E,8,45.0,E,8,822.9788000000001,E,8,999.0,E,8,3.14,E,8,-9900,?,9,-9900,?,9,0.0,E,8,-9900,?,9,-9900,?,9,0.0,0.0,E,8
07/16/2017,14:00,878.4,1321.28,424.51,1,8,94.659,1,8,361.603,1,8,50941.2,1,8,8992.635,1,8,39776.318,1,8,173.199,1,8,-9900,?,9,-9900,?,9,11.91,E,8,-0.33,E,8,42.0,E,8,822.9788000000001,E,8,999.0,E,8,3.18,E,8,-9900,?,9,-9900,?,9,0.0,E,8,-9900,?,9,-9900,?,9,0.0,0.0,E,8
07/16/2017,15:00,722.698,1321.28,360.57,1,8,101.01,1,8,305.359,1,8,43268.4,1,8,9595.904,1,8,33589.485,1,8,177.827,1,8,-9900,?,9,-9900,?,9,12.08,E,8,-0.44,E,8,41.0,E,8,822.9788000000001,E,8,999.0,E,8,3.29,E,8,-9900,?,9,-9900,?,9,0.0,E,8,-9900,?,9,-9900,?,9,0.0,0.0,E,8
07/16/2017,16:00,506.198,1321.28,261.99,1,8,242.475,1,8,169.252,1,8,31438.8,1,8,23035.094,1,8,18617.733,1,8,140.862,1,8,-9900,?,9,-9900,?,9,11.83,E,8,-0.29,E,8,43.0,E,8,822.9788000000001,E,8,999.0,E,8,2.4,E,8,-9900,?,9,-9900,?,9,0.0,E,8,-9900,?,9,-9900,?,9,0.0,0.0,E,8
07/16/2017,17:00,244.208,1321.28,137.87,1,8,435.072,1,8,58.094,1,8,16544.4,1,8,41331.854,1,8,6390.34,1,8,100.849,1,8,-9900,?,9,-9900,?,9,11.12,E,8,0.16,E,8,46.0,E,8,822.9788000000001,E,8,999.0,E,8,1.94,E,8,-9900,?,9,-9900,?,9,0.0,E,8,-9900,?,9,-9900,?,9,0.0,0.0,E,8
07/16/2017,18:00,0.0,1321.28,15.25,1,8,0.0,1,8,0.0,1,8,1830.0,1,8,0.0,1,8,0.0,1,8,-0.0,1,8,-9900,?,9,-9900,?,9,10.46,E,8,0.6,E,8,50.0,E,8,822.9788000000001,E,8,999.0,E,8,1.21,E,8,-9900,?,9,-9900,?,9,0.0,E,8,-9900,?,9,-9900,?,9,0.0,0.0,E,8
07/16/2017,19:00,0.0,1321.28,0.0,1,8,0.0,1,8,0.0,1,8,0.0,1,8,0.0,1,8,0.0,1,8,-0.0,1,8,-9900,?,9,-9900,?,9,9.79,E,8,1.03,E,8,54.0,E,8,822.9788000000001,E,8,999.0,E,8,0.81,E,8,-9900,?,9,-9900,?,9,0.0,E,8,-9900,?,9,-9900,?,9,0.0,0.0,E,8
07/16/2017,20:00,0.0,1321.28,0.0,1,8,0.0,1,8,0.0,1,8,0.0,1,8,0.0,1,8,0.0,1,8,-0.0,1,8,-9900,?,9,-9900,?,9,9.13,E,8,1.45,E,8,58.0,E,8,822.9788000000001,E,8,999.0,E,8,0.53,E,8,-9900,?,9,-9900,?,9,0.0,E,8,-9900,?,9,-9900,?,9,0.0,0.0,E,8
07/16/2017,21:00,0.0,1321.28,0.0,1,8,0.0,1,8,0.0,1,8,0.0,1,8,0.0,1,8,0.0,1,8,-0.0,1,8,-9900,?,9,-9900,?,9,8.46,E,8,1.86,E,8,63.0,E,8,822.9788000000001,E,8,999.0,E,8,0.32,E,8,-9900,?,9,-9900,?,9,0.0,E,8,-9900,?,9,-9900,?,9,0.0,0.0,E,8
07/16/2017,22:00,0.0,1321.28,0.0,1,8,0.0,1,8,0.0,1,8,0.0,1,8,0.0,1,8,0.0,1,8,-0.0,1,8,-9900,?,9,-9900,?,9,7.8,E,8,2.25,E,8,67.0,E,8,822.9788000000001,E,8,999.0,E,8,0.36,E,8,-9900,?,9,-9900,?,9,0.0,E,8,-9900,?,9,-9900,?,9,0.0,0.0,E,8
07/16/2017,23:00,0.0,1321.28,0.0,1,8,0.0,1,8,0.0,1,8,0.0,1,8,0.0,1,8,0.0,1,8,-0.0,1,8,-9900,?,9,-9900,?,9,7.14,E,8,2.63,E,8,73.0,E,8,822.9788000000001,E,8,999.0,E,8,0.21,E,8,-9900,?,9,-9900,?,9,0.0,E,8,-9900,?,9,-9900,?,9,0.0,0.0,E,8
07/16/2017,24:00,0.0,1321.28,0.0,1,8,0.0,1,8,0.0,1,8,0.0,1,8,0.0,1,8,0.0,1,8,-0.0,1,8,-9900,?,9,-9900,?,9,6.47,E,8,2.11,E,8,73.0,E,8,822.9788000000001,E,8,999.0,E,8,0.4,E,8,-9900,?,9,-9900,?,9,0.0,E,8,-9900,?,9,-9900,?,9,0.0,0.0,E,8
07/17/2017,01:00,0.0,1321.28,0.0,1,8,0.0,1,8,0.0,1,8,0.0,1,8,0.0,1,8,0.0,1,8,-0.0,1,8,-9900,?,9,-9900,?,9,6.14,E,8,2.36,E,8,76.0,E,8,822.9788000000001,E,8,999.0,E,8,0.38,E,8,-9900,?,9,-9900,?,9,0.0,E,8,-9900,?,9,-9900,?,9,0.0,0.0,E,8
07/17/2017,02:00,0.0,1321.28,0.0,1,8,0.0,1,8,0.0,1,8,0.0,1,8,0.0,1,8,0.0,1,8,-0.0,1,8,-9900,?,9,-9900,?,9,5.81,E,8,2.6,E,8,79.0,E,8,822.9788000000001,E,8,999.0,E,8,0.38,E,8,-9900,?,9,-9900,?,9,0.0,E,8,-9900,?,9,-9900,?,9,0.0,0.0,E,8
07/17/2017,03:00,0.0,1321.28,0.0,1,8,0.0,1,8,0.0,1,8,0.0,1,8,0.0,1,8,0.0,1,8,-0.0,1,8,-9900,?,9,-9900,?,9,5.48,E,8,2.84,E,8,83.0,E,8,822.9788000000001,E,8,999.0,E,8,0.38,E,8,-9900,?,9,-9900,?,9,0.0,E,8,-9900,?,9,-9900,?,9,0.0,0.0,E,8
07/17/2017,04:00,0.0,1321.431,0.0,1,8,0.0,1,8,0.0,1,8,0.0,1,8,0.0,1,8,0.0,1,8,-0.0,1,8,-9900,?,9,-9900,?,9,5.15,E,8,3.07,E,8,86.0,E,8,822.9788000000001,E,8,999.0,E,8,0.38,E,8,-9900,?,9,-9900,?,9,0.0,E,8,-9900,?,9,-9900,?,9,0.0,0.0,E,8
07/17/2017,05:00,0.0,1321.431,0.0,1,8,0.0,1,8,0.0,1,8,0.0,1,8,0.0,1,8,0.0,1,8,-0.0,1,8,-9900,?,9,-9900,?,9,4.81,E,8,3.31,E,8,90.0,E,8,822.9788000000001,E,8,999.0,E,8,0.38,E,8,-9900,?,9,-9900,?,9,0.0,E,8,-9900,?,9,-9900,?,9,0.0,0.0,E,8
07/17/2017,06:00,0.0,1321.431,0.0,1,8,0.0,1,8,0.0,1,8,0.0,1,8,0.0,1,8,0.0,1,8,-0.0,1,8,-9900,?,9,-9900,?,9,4.56,E,8,3.49,E,8,92.0,E,8,822.9788000000001,E,8,999.0,E,8,0.38,E,8,-9900,?,9,-9900,?,9,0.0,E,8,-9900,?,9,-9900,?,9,0.0,0.0,E,8
07/17/2017,07:00,15.122,1321.431,0.0,1,8,0.0,1,8,0.0,1,8,0.0,1,8,0.0,1,8,0.0,1,8,0.0,1,8,-9900,?,9,-9900,?,9,4.34,E,8,3.64,E,8,95.0,E,8,822.9788000000001,E,8,999.0,E,8,0.38,E,8,-9900,?,9,-9900,?,9,0.0,E,8,-9900,?,9,-9900,?,9,0.0,0.0,E,8
07/17/2017,08:00,294.387,1321.431,34.87,1,8,0.0,1,8,34.87,1,8,4184.4,1,8,0.0,1,8,3835.7,1,8,50.095,1,8,-9900,?,9,-9900,?,9,4.12,E,8,3.79,E,8,97.0,E,8,822.9788000000001,E,8,999.0,E,8,0.47,E,8,-9900,?,9,-9900,?,9,0.0,E,8,-9900,?,9,-9900,?,9,0.0,0.0,E,8
07/17/2017,09:00,550.041,1321.431,169.47,1,8,21.61,1,8,160.487,1,8,20336.4,1,8,2052.997,1,8,17653.593,1,8,122.898,1,8,-9900,?,9,-9900,?,9,6.47,E,8,2.11,E,8,73.0,E,8,822.9788000000001,E,8,999.0,E,8,0.44,E,8,-9900,?,9,-9900,?,9,0.0,E,8,-9900,?,9,-9900,?,9,0.0,0.0,E,8
07/17/2017,10:00,757.124,1321.431,295.9,1,8,36.552,1,8,274.97,1,8,35508.0,1,8,3472.446,1,8,30246.674,1,8,152.853,1,8,-9900,?,9,-9900,?,9,7.96,E,8,0.95,E,8,61.0,E,8,822.9788000000001,E,8,999.0,E,8,0.41,E,8,-9900,?,9,-9900,?,9,0.0,E,8,-9900,?,9,-9900,?,9,0.0,0.0,E,8
07/17/2017,11:00,901.135,1321.431,393.42,1,8,61.621,1,8,351.412,1,8,47210.4,1,8,5854.018,1,8,38655.349,1,8,164.085,1,8,-9900,?,9,-9900,?,9,9.26,E,8,-0.13,E,8,51.0,E,8,822.9788000000001,E,8,999.0,E,8,1.27,E,8,-9900,?,9,-9900,?,9,0.0,E,8,-9900,?,9,-9900,?,9,0.0,0.0,E,8
07/17/2017,12:00,972.173,1321.431,453.46,1,8,75.326,1,8,398.056,1,8,54415.2,1,8,7155.999,1,8,43786.21,1,8,172.268,1,8,-9900,?,9,-9900,?,9,10.32,E,8,-0.97,E,8,44.0,E,8,822.9788000000001,E,8,999.0,E,8,1.7,E,8,-9900,?,9,-9900,?,9,0.0,E,8,-9900,?,9,-9900,?,9,0.0,0.0,E,8
07/17/2017,13:00,965.368,1321.431,471.43,1,8,91.123,1,8,404.877,1,8,56571.6,1,8,8656.674,1,8,44536.521,1,8,176.456,1,8,-9900,?,9,-9900,?,9,11.1,E,8,-1.63,E,8,40.0,E,8,822.9788000000001,E,8,999.0,E,8,2.93,E,8,-9900,?,9,-9900,?,9,0.0,E,8,-9900,?,9,-9900,?,9,0.0,0.0,E,8
07/17/2017,14:00,881.183,1321.431,445.98,1,8,113.296,1,8,370.457,1,8,53517.6,1,8,10763.103,1,8,40750.319,1,8,176.899,1,8,-9900,?,9,-9900,?,9,11.57,E,8,-2.04,E,8,37.0,E,8,822.9788000000001,E,8,999.0,E,8,3.61,E,8,-9900,?,9,-9900,?,9,0.0,E,8,-9900,?,9,-9900,?,9,0.0,0.0,E,8
07/17/2017,15:00,725.383,1321.431,379.01,1,8,120.022,1,8,313.17,1,8,45481.2,1,8,11402.078,1,8,34448.728,1,8,181.72,1,8,-9900,?,9,-9900,?,9,11.73,E,8,-2.18,E,8,37.0,E,8,822.9788000000001,E,8,999.0,E,8,3.87,E,8,-9900,?,9,-9900,?,9,0.0,E,8,-9900,?,9,-9900,?,9,0.0,0.0,E,8
07/17/2017,16:00,508.687,1321.431,275.73,1,8,283.939,1,8,166.61,1,8,33087.6,1,8,26974.247,1,8,18327.082,1,8,137.998,1,8,-9900,?,9,-9900,?,9,11.49,E,8,-1.97,E,8,38.0,E,8,822.9788000000001,E,8,999.0,E,8,3.08,E,8,-9900,?,9,-9900,?,9,0.0,E,8,-9900,?,9,-9900,?,9,0.0,0.0,E,8
07/17/2017,17:00,246.408,1321.431,145.62,1,8,489.078,1,8,55.131,1,8,17474.4,1,8,46462.372,1,8,6064.447,1,8,94.849,1,8,-9900,?,9,-9900,?,9,10.79,E,8,-1.36,E,8,42.0,E,8,822.9788000000001,E,8,999.0,E,8,1.76,E,8,-9900,?,9,-9900,?,9,0.0,E,8,-9900,?,9,-9900,?,9,0.0,0.0,E,8
07/17/2017,18:00,0.0,1321.431,16.61,1,8,0.0,1,8,0.0,1,8,1993.2,1,8,0.0,1,8,0.0,1,8,-0.0,1,8,-9900,?,9,-9900,?,9,10.11,E,8,-0.8,E,8,46.0,E,8,822.9788000000001,E,8,999.0,E,8,1.21,E,8,-9900,?,9,-9900,?,9,0.0,E,8,-9900,?,9,-9900,?,9,0.0,0.0,E,8
07/17/2017,19:00,0.0,1321.431,0.0,1,8,0.0,1,8,0.0,1,8,0.0,1,8,0.0,1,8,0.0,1,8,-0.0,1,8,-9900,?,9,-9900,?,9,9.44,E,8,-0.27,E,8,50.0,E,8,822.9788000000001,E,8,999.0,E,8,1.0,E,8,-9900,?,9,-9900,?,9,0.0,E,8,-9900,?,9,-9900,?,9,0.0,0.0,E,8
07/17/2017,20:00,0.0,1321.431,0.0,1,8,0.0,1,8,0.0,1,8,0.0,1,8,0.0,1,8,0.0,1,8,-0.0,1,8,-9900,?,9,-9900,?,9,8.76,E,8,0.28,E,8,55.0,E,8,822.9788000000001,E,8,999.0,E,8,0.42,E,8,-9900,?,9,-9900,?,9,0.0,E,8,-9900,?,9,-9900,?,9,0.0,0.0,E,8
07/17/2017,21:00,0.0,1321.431,0.0,1,8,0.0,1,8,0.0,1,8,0.0,1,8,0.0,1,8,0.0,1,8,-0.0,1,8,-9900,?,9,-9900,?,9,8.08,E,8,0.85,E,8,60.0,E,8,822.9788000000001,E,8,999.0,E,8,0.54,E,8,-9900,?,9,-9900,?,9,0.0,E,8,-9900,?,9,-9900,?,9,0.0,0.0,E,8
07/17/2017,22:00,0.0,1321.431,0.0,1,8,0.0,1,8,0.0,1,8,0.0,1,8,0.0,1,8,0.0,1,8,-0.0,1,8,-9900,?,9,-9900,?,9,7.4,E,8,1.39,E,8,65.0,E,8,822.9788000000001,E,8,999.0,E,8,0.44,E,8,-9900,?,9,-9900,?,9,0.0,E,8,-9900,?,9,-9900,?,9,0.0,0.0,E,8
07/17/2017,23:00,0.0,1321.431,0.0,1,8,0.0,1,8,0.0,1,8,0.0,1,8,0.0,1,8,0.0,1,8,-0.0,1,8,-9900,?,9,-9900,?,9,6.73,E,8,1.91,E,8,71.0,E,8,822.9788000000001,E,8,999.0,E,8,0.51,E,8,-9900,?,9,-9900,?,9,0.0,E,8,-9900,?,9,-9900,?,9,0.0,0.0,E,8
07/17/2017,24:00,0.0,1321.431,0.0,1,8,0.0,1,8,0.0,1,8,0.0,1,8,0.0,1,8,0.0,1,8,-0.0,1,8,-9900,?,9,-9900,?,9,6.05,E,8,1.3,E,8,71.0,E,8,822.9788000000001,E,8,999.0,E,8,0.3,E,8,-9900,?,9,-9900,?,9,0.0,E,8,-9900,?,9,-9900,?,9,0.0,0.0,E,8
07/18/2017,01:00,0.0,1321.431,0.0,1,8,0.0,1,8,0.0,1,8,0.0,1,8,0.0,1,8,0.0,1,8,-0.0,1,8,-9900,?,9,-9900,?,9,5.71,E,8,1.6,E,8,74.0,E,8,822.9788000000001,E,8,999.0,E,8,0.29,E,8,-9900,?,9,-9900,?,9,0.0,E,8,-9900,?,9,-9900,?,9,0.0,0.0,E,8
07/18/2017,02:00,0.0,1321.431,0.0,1,8,0.0,1,8,0.0,1,8,0.0,1,8,0.0,1,8,0.0,1,8,-0.0,1,8,-9900,?,9,-9900,?,9,5.37,E,8,1.89,E,8,78.0,E,8,822.9788000000001,E,8,999.0,E,8,0.43,E,8,-9900,?,9,-9900,?,9,0.0,E,8,-9900,?,9,-9900,?,9,0.0,0.0,E,8
07/18/2017,03:00,0.0,1321.431,0.0,1,8,0.0,1,8,0.0,1,8,0.0,1,8,0.0,1,8,0.0,1,8,-0.0,1,8,-9900,?,9,-9900,?,9,5.03,E,8,2.18,E,8,81.0,E,8,822.9788000000001,E,8,999.0,E,8,0.43,E,8,-9900,?,9,-9900,?,9,0.0,E,8,-9900,?,9,-9900,?,9,0.0,0.0,E,8
07/18/2017,04:00,0.0,1321.593,0.0,1,8,0.0,1,8,0.0,1,8,0.0,1,8,0.0,1,8,0.0,1,8,-0.0,1,8,-9900,?,9,-9900,?,9,4.69,E,8,2.46,E,8,85.0,E,8,822.9788000000001,E,8,999.0,E,8,0.29,E,8,-9900,?,9,-9900,?,9,0.0,E,8,-9900,?,9,-9900,?,9,0.0,0.0,E,8
07/18/2017,05:00,0.0,1321.593,0.0,1,8,0.0,1,8,0.0,1,8,0.0,1,8,0.0,1,8,0.0,1,8,-0.0,1,8,-9900,?,9,-9900,?,9,4.35,E,8,2.74,E,8,89.0,E,8,822.9788000000001,E,8,999.0,E,8,0.38,E,8,-9900,?,9,-9900,?,9,0.0,E,8,-9900,?,9,-9900,?,9,0.0,0.0,E,8
07/18/2017,06:00,0.0,1321.593,0.0,1,8,0.0,1,8,0.0,1,8,0.0,1,8,0.0,1,8,0.0,1,8,-0.0,1,8,-9900,?,9,-9900,?,9,4.09,E,8,2.95,E,8,92.0,E,8,822.9788000000001,E,8,999.0,E,8,0.63,E,8,-9900,?,9,-9900,?,9,0.0,E,8,-9900,?,9,-9900,?,9,0.0,0.0,E,8
07/18/2017,07:00,16.12,1321.593,0.0,1,8,0.0,1,8,0.0,1,8,0.0,1,8,0.0,1,8,0.0,1,8,0.0,1,8,-9900,?,9,-9900,?,9,3.87,E,8,3.12,E,8,94.0,E,8,822.9788000000001,E,8,999.0,E,8,1.14,E,8,-9900,?,9,-9900,?,9,0.0,E,8,-9900,?,9,-9900,?,9,0.0,0.0,E,8
07/18/2017,08:00,295.934,1321.593,27.35,1,8,0.0,1,8,27.35,1,8,3282.0,1,8,0.0,1,8,3008.5,1,8,39.089,1,8,-9900,?,9,-9900,?,9,3.65,E,8,3.29,E,8,97.0,E,8,822.9788000000001,E,8,999.0,E,8,0.82,E,8,-9900,?,9,-9900,?,9,0.0,E,8,-9900,?,9,-9900,?,9,0.0,0.0,E,8
07/18/2017,09:00,551.983,1321.593,185.73,1,8,33.835,1,8,171.618,1,8,22287.6,1,8,3214.283,1,8,18877.979,1,8,130.974,1,8,-9900,?,9,-9900,?,9,6.16,E,8,1.2,E,8,70.0,E,8,822.9788000000001,E,8,999.0,E,8,1.04,E,8,-9900,?,9,-9900,?,9,0.0,E,8,-9900,?,9,-9900,?,9,0.0,0.0,E,8
07/18/2017,10:00,759.414,1321.593,294.33,1,8,43.688,1,8,269.241,1,8,35319.6,1,8,4150.368,1,8,29616.496,1,8,149.234,1,8,-9900,?,9,-9900,?,9,7.64,E,8,-0.16,E,8,57.0,E,8,822.9788000000001,E,8,999.0,E,8,1.79,E,8,-9900,?,9,-9900,?,9,0.0,E,8,-9900,?,9,-9900,?,9,0.0,0.0,E,8
07/18/2017,11:00,903.707,1321.593,369.53,1,8,35.58,1,8,345.209,1,8,44343.6,1,8,3380.072,1,8,37972.957,1,8,160.749,1,8,-9900,?,9,-9900,?,9,8.82,E,8,-1.21,E,8,48.0,E,8,822.9788000000001,E,8,999.0,E,8,1.78,E,8,-9900,?,9,-9900,?,9,0.0,E,8,-9900,?,9,-9900,?,9,0.0,0.0,E,8
07/18/2017,12:00,974.941,1321.593,514.76,1,8,107.348,1,8,435.589,1,8,61771.2,1,8,10198.045,1,8,47914.777,1,8,187.998,1,8,-9900,?,9,-9900,?,9,10.22,E,8,-2.59,E,8,39.0,E,8,822.9788000000001,E,8,999.0,E,8,2.53,E,8,-9900,?,9,-9900,?,9,0.0,E,8,-9900,?,9,-9900,?,9,0.0,0.0,E,8
07/18/2017,13:00,968.233,1321.593,660.7,1,8,403.677,1,8,365.031,1,8,79284.0,1,8,38349.325,1,8,40153.388,1,8,158.638,1,8,-9900,?,9,-9900,?,9,11.73,E,8,-4.26,E,8,31.0,E,8,822.9788000000001,E,8,999.0,E,8,2.18,E,8,-9900,?,9,-9900,?,9,0.0,E,8,-9900,?,9,-9900,?,9,0.0,0.0,E,8
07/18/2017,14:00,884.04,1321.593,645.49,1,8,651.122,1,8,210.1,1,8,77458.8,1,8,61856.575,1,8,23110.974,1,8,100.014,1,8,-9900,?,9,-9900,?,9,12.75,E,8,-5.53,E,8,26.0,E,8,822.9788000000001,E,8,999.0,E,8,2.55,E,8,-9900,?,9,-9900,?,9,0.0,E,8,-9900,?,9,-9900,?,9,0.0,0.0,E,8
07/18/2017,15:00,728.124,1321.593,585.41,1,8,808.007,1,8,140.542,1,8,70249.2,1,8,76760.682,1,8,15459.64,1,8,81.253,1,8,-9900,?,9,-9900,?,9,13.34,E,8,-6.33,E,8,23.0,E,8,822.9788000000001,E,8,999.0,E,8,2.31,E,8,-9900,?,9,-9900,?,9,0.0,E,8,-9900,?,9,-9900,?,9,0.0,0.0,E,8
07/18/2017,16:00,511.216,1321.593,461.23,1,8,749.489,1,8,171.794,1,8,55347.6,1,8,71201.469,1,8,18897.309,1,8,141.602,1,8,-9900,?,9,-9900,?,9,13.47,E,8,-6.51,E,8,22.0,E,8,822.9788000000001,E,8,999.0,E,8,2.45,E,8,-9900,?,9,-9900,?,9,0.0,E,8,-9900,?,9,-9900,?,9,0.0,0.0,E,8
07/18/2017,17:00,248.632,1321.593,240.36,1,8,581.736,1,8,131.755,1,8,28843.2,1,8,55264.903,1,8,14493.022,1,8,224.642,1,8,-9900,?,9,-9900,?,9,12.77,E,8,-5.56,E,8,25.0,E,8,822.9788000000001,E,8,999.0,E,8,1.66,E,8,-9900,?,9,-9900,?,9,0.0,E,8,-9900,?,9,-9900,?,9,0.0,0.0,E,8
07/18/2017,18:00,0.0,1321.593,31.58,1,8,0.0,1,8,0.0,1,8,3789.6,1,8,0.0,1,8,0.0,1,8,-0.0,1,8,-9900,?,9,-9900,?,9,11.91,E,8,-4.48,E,8,30.0,E,8,822.9788000000001,E,8,999.0,E,8,1.18,E,8,-9900,?,9,-9900,?,9,0.0,E,8,-9900,?,9,-9900,?,9,0.0,0.0,E,8
07/18/2017,19:00,0.0,1321.593,0.0,1,8,0.0,1,8,0.0,1,8,0.0,1,8,0.0,1,8,0.0,1,8,-0.0,1,8,-9900,?,9,-9900,?,9,11.06,E,8,-3.49,E,8,34.0,E,8,822.9788000000001,E,8,999.0,E,8,0.66,E,8,-9900,?,9,-9900,?,9,0.0,E,8,-9900,?,9,-9900,?,9,0.0,0.0,E,8
07/18/2017,20:00,0.0,1321.593,0.0,1,8,0.0,1,8,0.0,1,8,0.0,1,8,0.0,1,8,0.0,1,8,-0.0,1,8,-9900,?,9,-9900,?,9,10.2,E,8,-2.57,E,8,39.0,E,8,822.9788000000001,E,8,999.0,E,8,0.53,E,8,-9900,?,9,-9900,?,9,0.0,E,8,-9900,?,9,-9900,?,9,0.0,0.0,E,8
07/18/2017,21:00,0.0,1321.593,0.0,1,8,0.0,1,8,0.0,1,8,0.0,1,8,0.0,1,8,0.0,1,8,-0.0,1,8,-9900,?,9,-9900,?,9,9.34,E,8,-1.71,E,8,45.0,E,8,822.9788000000001,E,8,999.0,E,8,0.29,E,8,-9900,?,9,-9900,?,9,0.0,E,8,-9900,?,9,-9900,?,9,0.0,0.0,E,8
07/18/2017,22:00,0.0,1321.593,0.0,1,8,0.0,1,8,0.0,1,8,0.0,1,8,0.0,1,8,0.0,1,8,-0.0,1,8,-9900,?,9,-9900,?,9,8.49,E,8,-0.91,E,8,51.0,E,8,822.9788000000001,E,8,999.0,E,8,0.29,E,8,-9900,?,9,-9900,?,9,0.0,E,8,-9900,?,9,-9900,?,9,0.0,0.0,E,8
07/18/2017,23:00,0.0,1321.593,0.0,1,8,0.0,1,8,0.0,1,8,0.0,1,8,0.0,1,8,0.0,1,8,-0.0,1,8,-9900,?,9,-9900,?,9,7.63,E,8,-0.15,E,8,57.0,E,8,822.9788000000001,E,8,999.0,E,8,0.29,E,8,-9900,?,9,-9900,?,9,0.0,E,8,-9900,?,9,-9900,?,9,0.0,0.0,E,8
07/18/2017,24:00,0.0,1321.593,0.0,1,8,0.0,1,8,0.0,1,8,0.0,1,8,0.0,1,8,0.0,1,8,-0.0,1,8,-9900,?,9,-9900,?,9,6.77,E,8,-1.38,E,8,55.0,E,8,822.9788000000001,E,8,999.0,E,8,0.54,E,8,-9900,?,9,-9900,?,9,0.0,E,8,-9900,?,9,-9900,?,9,0.0,0.0,E,8
07/19/2017,01:00,0.0,1321.593,0.0,1,8,0.0,1,8,0.0,1,8,0.0,1,8,0.0,1,8,0.0,1,8,-0.0,1,8,-9900,?,9,-9900,?,9,6.34,E,8,-0.86,E,8,59.0,E,8,822.9788000000001,E,8,999.0,E,8,0.54,E,8,-9900,?,9,-9900,?,9,0.0,E,8,-9900,?,9,-9900,?,9,0.0,0.0,E,8
07/19/2017,02:00,0.0,1321.593,0.0,1,8,0.0,1,8,0.0,1,8,0.0,1,8,0.0,1,8,0.0,1,8,-0.0,1,8,-9900,?,9,-9900,?,9,5.91,E,8,-0.37,E,8,63.0,E,8,822.9788000000001,E,8,999.0,E,8,0.54,E,8,-9900,?,9,-9900,?,9,0.0,E,8,-9900,?,9,-9900,?,9,0.0,0.0,E,8
07/19/2017,03:00,0.0,1321.593,0.0,1,8,0.0,1,8,0.0,1,8,0.0,1,8,0.0,1,8,0.0,1,8,-0.0,1,8,-9900,?,9,-9900,?,9,5.49,E,8,0.11,E,8,68.0,E,8,822.9788000000001,E,8,999.0,E,8,0.54,E,8,-9900,?,9,-9900,?,9,0.0,E,8,-9900,?,9,-9900,?,9,0.0,0.0,E,8
07/19/2017,04:00,0.0,1321.769,0.0,1,8,0.0,1,8,0.0,1,8,0.0,1,8,0.0,1,8,0.0,1,8,-0.0,1,8,-9900,?,9,-9900,?,9,5.06,E,8,0.63,E,8,73.0,E,8,822.9788000000001,E,8,999.0,E,8,0.54,E,8,-9900,?,9,-9900,?,9,0.0,E,8,-9900,?,9,-9900,?,9,0.0,0.0,E,8
07/19/2017,05:00,0.0,1321.769,0.0,1,8,0.0,1,8,0.0,1,8,0.0,1,8,0.0,1,8,0.0,1,8,-0.0,1,8,-9900,?,9,-9900,?,9,4.63,E,8,1.13,E,8,78.0,E,8,822.9788000000001,E,8,999.0,E,8,0.54,E,8,-9900,?,9,-9900,?,9,0.0,E,8,-9900,?,9,-9900,?,9,0.0,0.0,E,8
07/19/2017,06:00,0.0,1321.769,0.0,1,8,0.0,1,8,0.0,1,8,0.0,1,8,0.0,1,8,0.0,1,8,-0.0,1,8,-9900,?,9,-9900,?,9,4.3,E,8,1.51,E,8,82.0,E,8,822.9788000000001,E,8,999.0,E,8,0.54,E,8,-9900,?,9,-9900,?,9,0.0,E,8,-9900,?,9,-9900,?,9,0.0,0.0,E,8
07/19/2017,07:00,17.203,1321.769,0.0,1,8,0.0,1,8,0.0,1,8,0.0,1,8,0.0,1,8,0.0,1,8,0.0,1,8,-9900,?,9,-9900,?,9,4.01,E,8,1.83,E,8,85.0,E,8,822.9788000000001,E,8,999.0,E,8,0.54,E,8,-9900,?,9,-9900,?,9,0.0,E,8,-9900,?,9,-9900,?,9,0.0,0.0,E,8
07/19/2017,08:00,297.584,1321.769,45.41,1,8,0.0,1,8,45.41,1,8,5449.2,1,8,0.0,1,8,4995.1,1,8,64.546,1,8,-9900,?,9,-9900,?,9,3.73,E,8,2.14,E,8,89.0,E,8,822.9788000000001,E,8,999.0,E,8,0.54,E,8,-9900,?,9,-9900,?,9,0.0,E,8,-9900,?,9,-9900,?,9,0.0,0.0,E,8
07/19/2017,09:00,554.032,1321.769,225.92,1,8,98.526,1,8,184.678,1,8,27110.4,1,8,9359.939,1,8,20314.634,1,8,140.437,1,8,-9900,?,9,-9900,?,9,6.55,E,8,-1.11,E,8,57.0,E,8,822.9788000000001,E,8,999.0,E,8,0.54,E,8,-9900,?,9,-9900,?,9,0.0,E,8,-9900,?,9,-9900,?,9,0.0,0.0,E,8
07/19/2017,10:00,761.812,1321.769,422.34,1,8,229.917,1,8,289.904,1,8,50680.8,1,8,21842.086,1,8,31889.404,1,8,160.202,1,8,-9900,?,9,-9900,?,9,8.54,E,8,-3.73,E,8,40.0,E,8,822.9788000000001,E,8,999.0,E,8,0.7,E,8,-9900,?,9,-9900,?,9,0.0,E,8,-9900,?,9,-9900,?,9,0.0,0.0,E,8
07/19/2017,11:00,906.383,1321.769,565.46,1,8,324.825,1,8,342.79,1,8,67855.2,1,8,30858.399,1,8,37706.861,1,8,159.171,1,8,-9900,?,9,-9900,?,9,10.28,E,8,-6.57,E,8,28.0,E,8,822.9788000000001,E,8,999.0,E,8,1.18,E,8,-9900,?,9,-9900,?,9,0.0,E,8,-9900,?,9,-9900,?,9,0.0,0.0,E,8
07/19/2017,12:00,977.805,1321.769,641.49,1,8,382.585,1,8,358.534,1,8,76978.8,1,8,36345.582,1,8,39438.723,1,8,154.308,1,8,-9900,?,9,-9900,?,9,11.63,E,8,-9.32,E,8,20.0,E,8,822.9788000000001,E,8,999.0,E,8,1.89,E,8,-9900,?,9,-9900,?,9,0.0,E,8,-9900,?,9,-9900,?,9,0.0,0.0,E,8
07/19/2017,13:00,971.183,1321.769,677.54,1,8,462.988,1,8,337.44,1,8,81304.8,1,8,43983.827,1,8,37118.442,1,8,146.221,1,8,-9900,?,9,-9900,?,9,12.66,E,8,-11.94,E,8,14.0,E,8,822.9788000000001,E,8,999.0,E,8,2.36,E,8,-9900,?,9,-9900,?,9,0.0,E,8,-9900,?,9,-9900,?,9,0.0,0.0,E,8
07/19/2017,14:00,886.966,1321.769,644.69,1,8,587.766,1,8,250.414,1,8,77362.8,1,8,55837.738,1,8,27545.558,1,8,118.826,1,8,-9900,?,9,-9900,?,9,13.3,E,8,-13.9,E,8,11.0,E,8,822.9788000000001,E,8,999.0,E,8,3.14,E,8,-9900,?,9,-9900,?,9,0.0,E,8,-9900,?,9,-9900,?,9,0.0,0.0,E,8
07/19/2017,15:00,730.921,1321.769,548.33,1,8,739.805,1,8,139.499,1,8,65799.6,1,8,70281.495,1,8,15344.932,1,8,80.352,1,8,-9900,?,9,-9900,?,9,13.53,E,8,-14.69,E,8,10.0,E,8,822.9788000000001,E,8,999.0,E,8,3.25,E,8,-9900,?,9,-9900,?,9,0.0,E,8,-9900,?,9,-9900,?,9,0.0,0.0,E,8
07/19/2017,16:00,513.783,1321.769,385.37,1,8,748.115,1,8,95.047,1,8,46244.4,1,8,71070.931,1,8,10455.127,1,8,77.96,1,8,-9900,?,9,-9900,?,9,13.19,E,8,-13.54,E,8,12.0,E,8,822.9788000000001,E,8,999.0,E,8,2.64,E,8,-9900,?,9,-9900,?,9,0.0,E,8,-9900,?,9,-9900,?,9,0.0,0.0,E,8
07/19/2017,17:00,250.879,1321.769,203.94,1,8,604.399,1,8,90.084,1,8,24472.8,1,8,57417.945,1,8,9909.206,1,8,152.217,1,8,-9900,?,9,-9900,?,9,12.28,E,8,-10.91,E,8,16.0,E,8,822.9788000000001,E,8,999.0,E,8,1.38,E,8,-9900,?,9,-9900,?,9,0.0,E,8,-9900,?,9,-9900,?,9,0.0,0.0,E,8
07/19/2017,18:00,0.0,1321.769,25.95,1,8,0.0,1,8,0.0,1,8,3114.0,1,8,0.0,1,8,0.0,1,8,-0.0,1,8,-9900,?,9,-9900,?,9,11.42,E,8,-8.85,E,8,21.0,E,8,822.9788000000001,E,8,999.0,E,8,0.55,E,8,-9900,?,9,-9900,?,9,0.0,E,8,-9900,?,9,-9900,?,9,0.0,0.0,E,8
07/19/2017,19:00,0.0,1321.769,0.0,1,8,0.0,1,8,0.0,1,8,0.0,1,8,0.0,1,8,0.0,1,8,-0.0,1,8,-9900,?,9,-9900,?,9,10.56,E,8,-7.1,E,8,26.0,E,8,822.9788000000001,E,8,999.0,E,8,0.54,E,8,-9900,?,9,-9900,?,9,0.0,E,8,-9900,?,9,-9900,?,9,0.0,0.0,E,8
07/19/2017,20:00,0.0,1321.769,0.0,1,8,0.0,1,8,0.0,1,8,0.0,1,8,0.0,1,8,0.0,1,8,-0.0,1,8,-9900,?,9,-9900,?,9,9.71,E,8,-5.57,E,8,31.0,E,8,822.9788000000001,E,8,999.0,E,8,0.54,E,8,-9900,?,9,-9900,?,9,0.0,E,8,-9900,?,9,-9900,?,9,0.0,0.0,E,8
07/19/2017,21:00,0.0,1321.769,0.0,1,8,0.0,1,8,0.0,1,8,0.0,1,8,0.0,1,8,0.0,1,8,-0.0,1,8,-9900,?,9,-9900,?,9,8.85,E,8,-4.2,E,8,37.0,E,8,822.9788000000001,E,8,999.0,E,8,0.54,E,8,-9900,?,9,-9900,?,9,0.0,E,8,-9900,?,9,-9900,?,9,0.0,0.0,E,8
07/19/2017,22:00,0.0,1321.769,0.0,1,8,0.0,1,8,0.0,1,8,0.0,1,8,0.0,1,8,0.0,1,8,-0.0,1,8,-9900,?,9,-9900,?,9,7.99,E,8,-2.95,E,8,44.0,E,8,822.9788000000001,E,8,999.0,E,8,0.54,E,8,-9900,?,9,-9900,?,9,0.0,E,8,-9900,?,9,-9900,?,9,0.0,0.0,E,8
07/19/2017,23:00,0.0,1321.769,0.0,1,8,0.0,1,8,0.0,1,8,0.0,1,8,0.0,1,8,0.0,1,8,-0.0,1,8,-9900,?,9,-9900,?,9,7.13,E,8,-1.82,E,8,51.0,E,8,822.9788000000001,E,8,999.0,E,8,0.54,E,8,-9900,?,9,-9900,?,9,0.0,E,8,-9900,?,9,-9900,?,9,0.0,0.0,E,8
07/19/2017,24:00,0.0,1321.769,0.0,1,8,0.0,1,8,0.0,1,8,0.0,1,8,0.0,1,8,0.0,1,8,-0.0,1,8,-9900,?,9,-9900,?,9,6.27,E,8,-0.38,E,8,62.0,E,8,822.9788000000001,E,8,999.0,E,8,0.32,E,8,-9900,?,9,-9900,?,9,0.0,E,8,-9900,?,9,-9900,?,9,0.0,0.0,E,8
07/20/2017,01:00,0.0,1321.769,0.0,1,8,0.0,1,8,0.0,1,8,0.0,1,8,0.0,1,8,0.0,1,8,-0.0,1,8,-9900,?,9,-9900,?,9,5.84,E,8,-0.01,E,8,66.0,E,8,822.9788000000001,E,8,999.0,E,8,0.32,E,8,-9900,?,9,-9900,?,9,0.0,E,8,-9900,?,9,-9900,?,9,0.0,0.0,E,8
07/20/2017,02:00,0.0,1321.769,0.0,1,8,0.0,1,8,0.0,1,8,0.0,1,8,0.0,1,8,0.0,1,8,-0.0,1,8,-9900,?,9,-9900,?,9,5.41,E,8,0.41,E,8,70.0,E,8,822.9788000000001,E,8,999.0,E,8,0.32,E,8,-9900,?,9,-9900,?,9,0.0,E,8,-9900,?,9,-9900,?,9,0.0,0.0,E,8
07/20/2017,03:00,0.0,1321.769,0.0,1,8,0.0,1,8,0.0,1,8,0.0,1,8,0.0,1,8,0.0,1,8,-0.0,1,8,-9900,?,9,-9900,?,9,4.99,E,8,0.8,E,8,74.0,E,8,822.9788000000001,E,8,999.0,E,8,0.32,E,8,-9900,?,9,-9900,?,9,0.0,E,8,-9900,?,9,-9900,?,9,0.0,0.0,E,8
07/20/2017,04:00,0.0,1321.956,0.0,1,8,0.0,1,8,0.0,1,8,0.0,1,8,0.0,1,8,0.0,1,8,-0.0,1,8,-9900,?,9,-9900,?,9,4.56,E,8,1.2,E,8,78.0,E,8,822.9788000000001,E,8,999.0,E,8,0.32,E,8,-9900,?,9,-9900,?,9,0.0,E,8,-9900,?,9,-9900,?,9,0.0,0.0,E,8
07/20/2017,05:00,0.0,1321.956,0.0,1,8,0.0,1,8,0.0,1,8,0.0,1,8,0.0,1,8,0.0,1,8,-0.0,1,8,-9900,?,9,-9900,?,9,4.13,E,8,1.58,E,8,83.0,E,8,822.9788000000001,E,8,999.0,E,8,0.32,E,8,-9900,?,9,-9900,?,9,0.0,E,8,-9900,?,9,-9900,?,9,0.0,0.0,E,8
07/20/2017,06:00,0.0,1321.956,0.0,1,8,0.0,1,8,0.0,1,8,0.0,1,8,0.0,1,8,0.0,1,8,-0.0,1,8,-9900,?,9,-9900,?,9,3.8,E,8,1.87,E,8,87.0,E,8,822.9788000000001,E,8,999.0,E,8,0.32,E,8,-9900,?,9,-9900,?,9,0.0,E,8,-9900,?,9,-9900,?,9,0.0,0.0,E,8
07/20/2017,07:00,18.374,1321.956,0.0,1,8,0.0,1,8,0.0,1,8,0.0,1,8,0.0,1,8,0.0,1,8,0.0,1,8,-9900,?,9,-9900,?,9,3.51,E,8,2.12,E,8,90.0,E,8,822.9788000000001,E,8,999.0,E,8,0.32,E,8,-9900,?,9,-9900,?,9,0.0,E,8,-9900,?,9,-9900,?,9,0.0,0.0,E,8
07/20/2017,08:00,299.337,1321.956,38.65,1,8,0.0,1,8,38.65,1,8,4638.0,1,8,0.0,1,8,4251.5,1,8,54.62,1,8,-9900,?,9,-9900,?,9,3.23,E,8,2.36,E,8,94.0,E,8,822.9788000000001,E,8,999.0,E,8,0.32,E,8,-9900,?,9,-9900,?,9,0.0,E,8,-9900,?,9,-9900,?,9,0.0,0.0,E,8
07/20/2017,09:00,556.189,1321.956,181.58,1,8,29.906,1,8,169.015,1,8,21789.6,1,8,2841.082,1,8,18591.606,1,8,128.044,1,8,-9900,?,9,-9900,?,9,6.64,E,8,-0.72,E,8,58.0,E,8,822.9788000000001,E,8,999.0,E,8,0.46,E,8,-9900,?,9,-9900,?,9,0.0,E,8,-9900,?,9,-9900,?,9,0.0,0.0,E,8
07/20/2017,10:00,764.318,1321.956,315.35,1,8,42.45,1,8,290.821,1,8,37842.0,1,8,4032.723,1,8,31990.321,1,8,160.204,1,8,-9900,?,9,-9900,?,9,8.76,E,8,-2.81,E,8,42.0,E,8,822.9788000000001,E,8,999.0,E,8,0.64,E,8,-9900,?,9,-9900,?,9,0.0,E,8,-9900,?,9,-9900,?,9,0.0,0.0,E,8
07/20/2017,11:00,909.162,1321.956,418.51,1,8,75.763,1,8,366.422,1,8,50221.2,1,8,7197.505,1,8,40306.386,1,8,169.648,1,8,-9900,?,9,-9900,?,9,10.62,E,8,-4.98,E,8,31.0,E,8,822.9788000000001,E,8,999.0,E,8,1.35,E,8,-9900,?,9,-9900,?,9,0.0,E,8,-9900,?,9,-9900,?,9,0.0,0.0,E,8
07/20/2017,12:00,980.763,1321.956,482.1,1,8,158.308,1,8,364.679,1,8,57852.0,1,8,15039.273,1,8,40114.683,1,8,156.501,1,8,-9900,?,9,-9900,?,9,12.13,E,8,-7.07,E,8,23.0,E,8,822.9788000000001,E,8,999.0,E,8,1.65,E,8,-9900,?,9,-9900,?,9,0.0,E,8,-9900,?,9,-9900,?,9,0.0,0.0,E,8
07/20/2017,13:00,974.215,1321.956,176.6,1,8,6.598,1,8,171.739,1,8,21192.0,1,8,626.832,1,8,18891.251,1,8,74.197,1,8,-9900,?,9,-9900,?,9,11.56,E,8,-6.24,E,8,26.0,E,8,822.9788000000001,E,8,999.0,E,8,2.52,E,8,-9900,?,9,-9900,?,9,0.0,E,8,-9900,?,9,-9900,?,9,0.0,0.0,E,8
07/20/2017,14:00,889.961,1321.956,288.81,1,8,25.059,1,8,271.946,1,8,34657.2,1,8,2380.589,1,8,29914.059,1,8,128.627,1,8,-9900,?,9,-9900,?,9,11.65,E,8,-6.36,E,8,26.0,E,8,822.9788000000001,E,8,999.0,E,8,2.7,E,8,-9900,?,9,-9900,?,9,0.0,E,8,-9900,?,9,-9900,?,9,0.0,0.0,E,8
07/20/2017,15:00,733.77,1321.956,514.96,1,8,526.445,1,8,222.942,1,8,61795.2,1,8,50012.291,1,8,24523.59,1,8,127.934,1,8,-9900,?,9,-9900,?,9,12.59,E,8,-7.78,E,8,21.0,E,8,822.9788000000001,E,8,999.0,E,8,3.16,E,8,-9900,?,9,-9900,?,9,0.0,E,8,-9900,?,9,-9900,?,9,0.0,0.0,E,8
07/20/2017,16:00,516.386,1321.956,471.31,1,8,746.383,1,8,180.227,1,8,56557.2,1,8,70906.393,1,8,19824.968,1,8,147.101,1,8,-9900,?,9,-9900,?,9,13.17,E,8,-8.73,E,8,19.0,E,8,822.9788000000001,E,8,999.0,E,8,3.38,E,8,-9900,?,9,-9900,?,9,0.0,E,8,-9900,?,9,-9900,?,9,0.0,0.0,E,8
07/20/2017,17:00,253.146,1321.956,414.63,1,8,540.492,1,8,311.893,1,8,49755.6,1,8,51346.737,1,8,34308.257,1,8,522.299,1,8,-9900,?,9,-9900,?,9,13.46,E,8,-9.24,E,8,18.0,E,8,822.9788000000001,E,8,999.0,E,8,2.7,E,8,-9900,?,9,-9900,?,9,0.0,E,8,-9900,?,9,-9900,?,9,0.0,0.0,E,8
07/20/2017,18:00,0.0,1321.956,83.3,1,8,0.0,1,8,0.0,1,8,9996.0,1,8,0.0,1,8,0.0,1,8,-0.0,1,8,-9900,?,9,-9900,?,9,12.67,E,8,-7.9,E,8,21.0,E,8,822.9788000000001,E,8,999.0,E,8,1.67,E,8,-9900,?,9,-9900,?,9,0.0,E,8,-9900,?,9,-9900,?,9,0.0,0.0,E,8
07/20/2017,19:00,0.0,1321.956,0.0,1,8,0.0,1,8,0.0,1,8,0.0,1,8,0.0,1,8,0.0,1,8,-0.0,1,8,-9900,?,9,-9900,?,9,11.89,E,8,-6.71,E,8,24.0,E,8,822.9788000000001,E,8,999.0,E,8,0.51,E,8,-9900,?,9,-9900,?,9,0.0,E,8,-9900,?,9,-9900,?,9,0.0,0.0,E,8
07/20/2017,20:00,0.0,1321.956,0.0,1,8,0.0,1,8,0.0,1,8,0.0,1,8,0.0,1,8,0.0,1,8,-0.0,1,8,-9900,?,9,-9900,?,9,11.1,E,8,-5.61,E,8,28.0,E,8,822.9788000000001,E,8,999.0,E,8,0.36,E,8,-9900,?,9,-9900,?,9,0.0,E,8,-9900,?,9,-9900,?,9,0.0,0.0,E,8
07/20/2017,21:00,0.0,1321.956,0.0,1,8,0.0,1,8,0.0,1,8,0.0,1,8,0.0,1,8,0.0,1,8,-0.0,1,8,-9900,?,9,-9900,?,9,10.31,E,8,-4.59,E,8,33.0,E,8,822.9788000000001,E,8,999.0,E,8,0.44,E,8,-9900,?,9,-9900,?,9,0.0,E,8,-9900,?,9,-9900,?,9,0.0,0.0,E,8
07/20/2017,22:00,0.0,1321.956,0.0,1,8,0.0,1,8,0.0,1,8,0.0,1,8,0.0,1,8,0.0,1,8,-0.0,1,8,-9900,?,9,-9900,?,9,9.53,E,8,-3.67,E,8,37.0,E,8,822.9788000000001,E,8,999.0,E,8,0.4,E,8,-9900,?,9,-9900,?,9,0.0,E,8,-9900,?,9,-9900,?,9,0.0,0.0,E,8
07/20/2017,23:00,0.0,1321.956,0.0,1,8,0.0,1,8,0.0,1,8,0.0,1,8,0.0,1,8,0.0,1,8,-0.0,1,8,-9900,?,9,-9900,?,9,8.74,E,8,-2.79,E,8,42.0,E,8,822.9788000000001,E,8,999.0,E,8,0.32,E,8,-9900,?,9,-9900,?,9,0.0,E,8,-9900,?,9,-9900,?,9,0.0,0.0,E,8
07/20/2017,24:00,0.0,1321.956,0.0,1,8,0.0,1,8,0.0,1,8,0.0,1,8,0.0,1,8,0.0,1,8,-0.0,1,8,-9900,?,9,-9900,?,9,7.95,E,8,0.96,E,8,61.0,E,8,822.9788000000001,E,8,999.0,E,8,0.33,E,8,-9900,?,9,-9900,?,9,0.0,E,8,-9900,?,9,-9900,?,9,0.0,0.0,E,8
07/21/2017,01:00,0.0,1321.956,0.0,1,8,0.0,1,8,0.0,1,8,0.0,1,8,0.0,1,8,0.0,1,8,-0.0,1,8,-9900,?,9,-9900,?,9,7.56,E,8,1.44,E,8,65.0,E,8,822.9788000000001,E,8,999.0,E,8,0.33,E,8,-9900,?,9,-9900,?,9,0.0,E,8,-9900,?,9,-9900,?,9,0.0,0.0,E,8
07/21/2017,02:00,0.0,1321.956,0.0,1,8,0.0,1,8,0.0,1,8,0.0,1,8,0.0,1,8,0.0,1,8,-0.0,1,8,-9900,?,9,-9900,?,9,7.17,E,8,1.91,E,8,69.0,E,8,822.9788000000001,E,8,999.0,E,8,0.33,E,8,-9900,?,9,-9900,?,9,0.0,E,8,-9900,?,9,-9900,?,9,0.0,0.0,E,8
07/21/2017,03:00,0.0,1321.956,0.0,1,8,0.0,1,8,0.0,1,8,0.0,1,8,0.0,1,8,0.0,1,8,-0.0,1,8,-9900,?,9,-9900,?,9,6.77,E,8,2.38,E,8,73.0,E,8,822.9788000000001,E,8,999.0,E,8,0.33,E,8,-9900,?,9,-9900,?,9,0.0,E,8,-9900,?,9,-9900,?,9,0.0,0.0,E,8
07/21/2017,04:00,0.0,1322.156,0.0,1,8,0.0,1,8,0.0,1,8,0.0,1,8,0.0,1,8,0.0,1,8,-0.0,1,8,-9900,?,9,-9900,?,9,6.38,E,8,2.82,E,8,77.0,E,8,822.9788000000001,E,8,999.0,E,8,0.33,E,8,-9900,?,9,-9900,?,9,0.0,E,8,-9900,?,9,-9900,?,9,0.0,0.0,E,8
07/21/2017,05:00,0.0,1322.156,0.0,1,8,0.0,1,8,0.0,1,8,0.0,1,8,0.0,1,8,0.0,1,8,-0.0,1,8,-9900,?,9,-9900,?,9,5.98,E,8,3.26,E,8,82.0,E,8,822.9788000000001,E,8,999.0,E,8,0.33,E,8,-9900,?,9,-9900,?,9,0.0,E,8,-9900,?,9,-9900,?,9,0.0,0.0,E,8
07/21/2017,06:00,0.0,1322.156,0.0,1,8,0.0,1,8,0.0,1,8,0.0,1,8,0.0,1,8,0.0,1,8,-0.0,1,8,-9900,?,9,-9900,?,9,5.68,E,8,3.58,E,8,86.0,E,8,822.9788000000001,E,8,999.0,E,8,0.33,E,8,-9900,?,9,-9900,?,9,0.0,E,8,-9900,?,9,-9900,?,9,0.0,0.0,E,8
07/21/2017,07:00,19.633,1322.156,0.0,1,8,0.0,1,8,0.0,1,8,0.0,1,8,0.0,1,8,0.0,1,8,0.0,1,8,-9900,?,9,-9900,?,9,5.42,E,8,3.86,E,8,89.0,E,8,822.9788000000001,E,8,999.0,E,8,0.33,E,8,-9900,?,9,-9900,?,9,0.0,E,8,-9900,?,9,-9900,?,9,0.0,0.0,E,8
07/21/2017,08:00,301.193,1322.156,67.7,1,8,0.0,1,8,67.7,1,8,8124.0,1,8,0.0,1,8,7447.0,1,8,95.091,1,8,-9900,?,9,-9900,?,9,5.16,E,8,4.13,E,8,93.0,E,8,822.9788000000001,E,8,999.0,E,8,0.33,E,8,-9900,?,9,-9900,?,9,0.0,E,8,-9900,?,9,-9900,?,9,0.0,0.0,E,8
07/21/2017,09:00,558.453,1322.156,220.61,1,8,70.411,1,8,190.91,1,8,26473.2,1,8,6689.037,1,8,21000.073,1,8,144.065,1,8,-9900,?,9,-9900,?,9,8.28,E,8,0.54,E,8,58.0,E,8,822.9788000000001,E,8,999.0,E,8,0.39,E,8,-9900,?,9,-9900,?,9,0.0,E,8,-9900,?,9,-9900,?,9,0.0,0.0,E,8
07/21/2017,10:00,766.929,1322.156,369.71,1,8,79.049,1,8,323.883,1,8,44365.2,1,8,7509.696,1,8,35627.143,1,8,177.835,1,8,-9900,?,9,-9900,?,9,9.91,E,8,-1.53,E,8,44.0,E,8,822.9788000000001,E,8,999.0,E,8,0.66,E,8,-9900,?,9,-9900,?,9,0.0,E,8,-9900,?,9,-9900,?,9,0.0,0.0,E,8
07/21/2017,11:00,912.042,1322.156,488.61,1,8,137.683,1,8,393.665,1,8,58633.2,1,8,13079.841,1,8,43303.196,1,8,181.713,1,8,-9900,?,9,-9900,?,9,11.36,E,8,-3.61,E,8,33.0,E,8,822.9788000000001,E,8,999.0,E,8,1.33,E,8,-9900,?,9,-9900,?,9,0.0,E,8,-9900,?,9,-9900,?,9,0.0,0.0,E,8
07/21/2017,12:00,983.814,1322.156,525.53,1,8,128.146,1,8,430.2,1,8,63063.6,1,8,12173.842,1,8,47321.96,1,8,184.074,1,8,-9900,?,9,-9900,?,9,12.4,E,8,-5.35,E,8,27.0,E,8,822.9788000000001,E,8,999.0,E,8,2.26,E,8,-9900,?,9,-9900,?,9,0.0,E,8,-9900,?,9,-9900,?,9,0.0,0.0,E,8
07/21/2017,13:00,977.327,1322.156,564.25,1,8,223.384,1,8,399.167,1,8,67710.0,1,8,21221.444,1,8,43908.364,1,8,171.931,1,8,-9900,?,9,-9900,?,9,13.22,E,8,-6.92,E,8,22.0,E,8,822.9788000000001,E,8,999.0,E,8,2.81,E,8,-9900,?,9,-9900,?,9,0.0,E,8,-9900,?,9,-9900,?,9,0.0,0.0,E,8
07/21/2017,14:00,893.022,1322.156,600.03,1,8,415.262,1,8,319.648,1,8,72003.6,1,8,39449.905,1,8,35161.327,1,8,150.694,1,8,-9900,?,9,-9900,?,9,13.93,E,8,-8.45,E,8,18.0,E,8,822.9788000000001,E,8,999.0,E,8,3.48,E,8,-9900,?,9,-9900,?,9,0.0,E,8,-9900,?,9,-9900,?,9,0.0,0.0,E,8
07/21/2017,15:00,736.669,1322.156,538.35,1,8,660.958,1,8,170.322,1,8,64602.0,1,8,62791.022,1,8,18735.448,1,8,97.368,1,8,-9900,?,9,-9900,?,9,14.29,E,8,-9.29,E,8,16.0,E,8,822.9788000000001,E,8,999.0,E,8,3.39,E,8,-9900,?,9,-9900,?,9,0.0,E,8,-9900,?,9,-9900,?,9,0.0,0.0,E,8
07/21/2017,16:00,519.023,1322.156,415.38,1,8,765.382,1,8,115.403,1,8,49845.6,1,8,72711.304,1,8,12694.324,1,8,93.725,1,8,-9900,?,9,-9900,?,9,14.26,E,8,-9.23,E,8,17.0,E,8,822.9788000000001,E,8,999.0,E,8,2.59,E,8,-9900,?,9,-9900,?,9,0.0,E,8,-9900,?,9,-9900,?,9,0.0,0.0,E,8
07/21/2017,17:00,255.432,1322.156,227.99,1,8,626.814,1,8,107.772,1,8,27358.8,1,8,59547.364,1,8,11854.881,1,8,178.864,1,8,-9900,?,9,-9900,?,9,13.55,E,8,-7.6,E,8,20.0,E,8,822.9788000000001,E,8,999.0,E,8,2.21,E,8,-9900,?,9,-9900,?,9,0.0,E,8,-9900,?,9,-9900,?,9,0.0,0.0,E,8
07/21/2017,18:00,0.0,1322.156,28.78,1,8,0.0,1,8,0.0,1,8,3453.6,1,8,0.0,1,8,0.0,1,8,-0.0,1,8,-9900,?,9,-9900,?,9,12.79,E,8,-6.07,E,8,24.0,E,8,822.9788000000001,E,8,999.0,E,8,1.01,E,8,-9900,?,9,-9900,?,9,0.0,E,8,-9900,?,9,-9900,?,9,0.0,0.0,E,8
07/21/2017,19:00,0.0,1322.156,0.0,1,8,0.0,1,8,0.0,1,8,0.0,1,8,0.0,1,8,0.0,1,8,-0.0,1,8,-9900,?,9,-9900,?,9,12.03,E,8,-4.71,E,8,29.0,E,8,822.9788000000001,E,8,999.0,E,8,0.72,E,8,-9900,?,9,-9900,?,9,0.0,E,8,-9900,?,9,-9900,?,9,0.0,0.0,E,8
07/21/2017,20:00,0.0,1322.156,0.0,1,8,0.0,1,8,0.0,1,8,0.0,1,8,0.0,1,8,0.0,1,8,-0.0,1,8,-9900,?,9,-9900,?,9,11.27,E,8,-3.47,E,8,34.0,E,8,822.9788000000001,E,8,999.0,E,8,0.33,E,8,-9900,?,9,-9900,?,9,0.0,E,8,-9900,?,9,-9900,?,9,0.0,0.0,E,8
07/21/2017,21:00,0.0,1322.156,0.0,1,8,0.0,1,8,0.0,1,8,0.0,1,8,0.0,1,8,0.0,1,8,-0.0,1,8,-9900,?,9,-9900,?,9,10.5,E,8,-2.34,E,8,39.0,E,8,822.9788000000001,E,8,999.0,E,8,0.33,E,8,-9900,?,9,-9900,?,9,0.0,E,8,-9900,?,9,-9900,?,9,0.0,0.0,E,8
07/21/2017,22:00,0.0,1322.156,0.0,1,8,0.0,1,8,0.0,1,8,0.0,1,8,0.0,1,8,0.0,1,8,-0.0,1,8,-9900,?,9,-9900,?,9,9.74,E,8,-1.3,E,8,45.0,E,8,822.9788000000001,E,8,999.0,E,8,0.33,E,8,-9900,?,9,-9900,?,9,0.0,E,8,-9900,?,9,-9900,?,9,0.0,0.0,E,8
07/21/2017,23:00,0.0,1322.156,0.0,1,8,0.0,1,8,0.0,1,8,0.0,1,8,0.0,1,8,0.0,1,8,-0.0,1,8,-9900,?,9,-9900,?,9,8.98,E,8,-0.35,E,8,51.0,E,8,822.9788000000001,E,8,999.0,E,8,0.33,E,8,-9900,?,9,-9900,?,9,0.0,E,8,-9900,?,9,-9900,?,9,0.0,0.0,E,8
07/21/2017,24:00,0.0,1322.156,0.0,1,8,0.0,1,8,0.0,1,8,0.0,1,8,0.0,1,8,0.0,1,8,-0.0,1,8,-9900,?,9,-9900,?,9,8.22,E,8,1.09,E,8,60.0,E,8,822.9788000000001,E,8,999.0,E,8,0.6,E,8,-9900,?,9,-9900,?,9,0.0,E,8,-9900,?,9,-9900,?,9,0.0,0.0,E,8
07/22/2017,01:00,0.0,1322.156,0.0,1,8,0.0,1,8,0.0,1,8,0.0,1,8,0.0,1,8,0.0,1,8,-0.0,1,8,-9900,?,9,-9900,?,9,7.84,E,8,1.56,E,8,64.0,E,8,822.9788000000001,E,8,999.0,E,8,0.6,E,8,-9900,?,9,-9900,?,9,0.0,E,8,-9900,?,9,-9900,?,9,0.0,0.0,E,8
07/22/2017,02:00,0.0,1322.156,0.0,1,8,0.0,1,8,0.0,1,8,0.0,1,8,0.0,1,8,0.0,1,8,-0.0,1,8,-9900,?,9,-9900,?,9,7.46,E,8,2.01,E,8,68.0,E,8,822.9788000000001,E,8,999.0,E,8,0.6,E,8,-9900,?,9,-9900,?,9,0.0,E,8,-9900,?,9,-9900,?,9,0.0,0.0,E,8
07/22/2017,03:00,0.0,1322.156,0.0,1,8,0.0,1,8,0.0,1,8,0.0,1,8,0.0,1,8,0.0,1,8,-0.0,1,8,-9900,?,9,-9900,?,9,7.08,E,8,2.46,E,8,72.0,E,8,822.9788000000001,E,8,999.0,E,8,0.6,E,8,-9900,?,9,-9900,?,9,0.0,E,8,-9900,?,9,-9900,?,9,0.0,0.0,E,8
07/22/2017,04:00,0.0,1322.369,0.0,1,8,0.0,1,8,0.0,1,8,0.0,1,8,0.0,1,8,0.0,1,8,-0.0,1,8,-9900,?,9,-9900,?,9,6.7,E,8,2.89,E,8,76.0,E,8,822.9788000000001,E,8,999.0,E,8,0.6,E,8,-9900,?,9,-9900,?,9,0.0,E,8,-9900,?,9,-9900,?,9,0.0,0.0,E,8
07/22/2017,05:00,0.0,1322.369,0.0,1,8,0.0,1,8,0.0,1,8,0.0,1,8,0.0,1,8,0.0,1,8,-0.0,1,8,-9900,?,9,-9900,?,9,6.32,E,8,3.31,E,8,81.0,E,8,822.9788000000001,E,8,999.0,E,8,0.6,E,8,-9900,?,9,-9900,?,9,0.0,E,8,-9900,?,9,-9900,?,9,0.0,0.0,E,8
07/22/2017,06:00,0.0,1322.369,0.0,1,8,0.0,1,8,0.0,1,8,0.0,1,8,0.0,1,8,0.0,1,8,-0.0,1,8,-9900,?,9,-9900,?,9,6.02,E,8,3.63,E,8,84.0,E,8,822.9788000000001,E,8,999.0,E,8,0.6,E,8,-9900,?,9,-9900,?,9,0.0,E,8,-9900,?,9,-9900,?,9,0.0,0.0,E,8
07/22/2017,07:00,20.982,1322.369,0.0,1,8,0.0,1,8,0.0,1,8,0.0,1,8,0.0,1,8,0.0,1,8,0.0,1,8,-9900,?,9,-9900,?,9,5.77,E,8,3.89,E,8,87.0,E,8,822.9788000000001,E,8,999.0,E,8,0.6,E,8,-9900,?,9,-9900,?,9,0.0,E,8,-9900,?,9,-9900,?,9,0.0,0.0,E,8
07/22/2017,08:00,303.153,1322.369,37.44,1,8,0.0,1,8,37.44,1,8,4492.8,1,8,0.0,1,8,4118.4,1,8,52.253,1,8,-9900,?,9,-9900,?,9,5.52,E,8,4.15,E,8,90.0,E,8,822.9788000000001,E,8,999.0,E,8,0.6,E,8,-9900,?,9,-9900,?,9,0.0,E,8,-9900,?,9,-9900,?,9,0.0,0.0,E,8
07/22/2017,09:00,560.823,1322.369,171.45,1,8,21.192,1,8,162.474,1,8,20574.0,1,8,2013.262,1,8,17872.164,1,8,122.107,1,8,-9900,?,9,-9900,?,9,8.41,E,8,0.85,E,8,58.0,E,8,822.9788000000001,E,8,999.0,E,8,0.6,E,8,-9900,?,9,-9900,?,9,0.0,E,8,-9900,?,9,-9900,?,9,0.0,0.0,E,8
07/22/2017,10:00,769.646,1322.369,296.53,1,8,31.843,1,8,278.007,1,8,35583.6,1,8,3025.116,1,8,30580.783,1,8,152.13,1,8,-9900,?,9,-9900,?,9,10.19,E,8,-1.42,E,8,43.0,E,8,822.9788000000001,E,8,999.0,E,8,0.6,E,8,-9900,?,9,-9900,?,9,0.0,E,8,-9900,?,9,-9900,?,9,0.0,0.0,E,8
07/22/2017,11:00,915.021,1322.369,392.97,1,8,56.978,1,8,353.557,1,8,47156.4,1,8,5412.873,1,8,38891.225,1,8,162.693,1,8,-9900,?,9,-9900,?,9,11.74,E,8,-3.66,E,8,32.0,E,8,822.9788000000001,E,8,999.0,E,8,0.6,E,8,-9900,?,9,-9900,?,9,0.0,E,8,-9900,?,9,-9900,?,9,0.0,0.0,E,8
07/22/2017,12:00,986.955,1322.369,452.44,1,8,69.404,1,8,400.652,1,8,54292.8,1,8,6593.34,1,8,44071.773,1,8,170.913,1,8,-9900,?,9,-9900,?,9,13.01,E,8,-5.83,E,8,24.0,E,8,822.9788000000001,E,8,999.0,E,8,1.05,E,8,-9900,?,9,-9900,?,9,0.0,E,8,-9900,?,9,-9900,?,9,0.0,0.0,E,8
07/22/2017,13:00,980.517,1322.369,470.41,1,8,83.846,1,8,408.254,1,8,56449.2,1,8,7965.406,1,8,44907.947,1,8,175.3,1,8,-9900,?,9,-9900,?,9,13.93,E,8,-7.68,E,8,20.0,E,8,822.9788000000001,E,8,999.0,E,8,1.54,E,8,-9900,?,9,-9900,?,9,0.0,E,8,-9900,?,9,-9900,?,9,0.0,0.0,E,8
07/22/2017,14:00,896.146,1322.369,445.51,1,8,104.284,1,8,374.863,1,8,53461.2,1,8,9906.991,1,8,41234.925,1,8,176.135,1,8,-9900,?,9,-9900,?,9,14.49,E,8,-8.96,E,8,17.0,E,8,822.9788000000001,E,8,999.0,E,8,2.59,E,8,-9900,?,9,-9900,?,9,0.0,E,8,-9900,?,9,-9900,?,9,0.0,0.0,E,8
07/22/2017,15:00,739.615,1322.369,379.62,1,8,110.744,1,8,317.719,1,8,45554.4,1,8,10520.715,1,8,34949.13,1,8,180.934,1,8,-9900,?,9,-9900,?,9,14.69,E,8,-9.44,E,8,16.0,E,8,822.9788000000001,E,8,999.0,E,8,3.44,E,8,-9900,?,9,-9900,?,9,0.0,E,8,-9900,?,9,-9900,?,9,0.0,0.0,E,8
07/22/2017,16:00,521.692,1322.369,277.81,1,8,263.421,1,8,174.051,1,8,33337.2,1,8,25024.984,1,8,19145.619,1,8,140.654,1,8,-9900,?,9,-9900,?,9,14.41,E,8,-8.77,E,8,17.0,E,8,822.9788000000001,E,8,999.0,E,8,3.26,E,8,-9900,?,9,-9900,?,9,0.0,E,8,-9900,?,9,-9900,?,9,0.0,0.0,E,8
07/22/2017,17:00,257.735,1322.369,149.27,1,8,461.055,1,8,60.049,1,8,17912.4,1,8,43800.206,1,8,6605.382,1,8,98.774,1,8,-9900,?,9,-9900,?,9,13.58,E,8,-6.95,E,8,21.0,E,8,822.9788000000001,E,8,999.0,E,8,2.13,E,8,-9900,?,9,-9900,?,9,0.0,E,8,-9900,?,9,-9900,?,9,0.0,0.0,E,8
07/22/2017,18:00,0.0,1322.369,19.73,1,8,0.0,1,8,0.0,1,8,2367.6,1,8,0.0,1,8,0.0,1,8,-0.0,1,8,-9900,?,9,-9900,?,9,12.74,E,8,-5.34,E,8,26.0,E,8,822.9788000000001,E,8,999.0,E,8,0.94,E,8,-9900,?,9,-9900,?,9,0.0,E,8,-9900,?,9,-9900,?,9,0.0,0.0,E,8
07/22/2017,19:00,0.0,1322.369,0.0,1,8,0.0,1,8,0.0,1,8,0.0,1,8,0.0,1,8,0.0,1,8,-0.0,1,8,-9900,?,9,-9900,?,9,11.91,E,8,-3.93,E,8,31.0,E,8,822.9788000000001,E,8,999.0,E,8,0.6,E,8,-9900,?,9,-9900,?,9,0.0,E,8,-9900,?,9,-9900,?,9,0.0,0.0,E,8
07/22/2017,20:00,0.0,1322.369,0.0,1,8,0.0,1,8,0.0,1,8,0.0,1,8,0.0,1,8,0.0,1,8,-0.0,1,8,-9900,?,9,-9900,?,9,11.07,E,8,-2.64,E,8,37.0,E,8,822.9788000000001,E,8,999.0,E,8,0.6,E,8,-9900,?,9,-9900,?,9,0.0,E,8,-9900,?,9,-9900,?,9,0.0,0.0,E,8
07/22/2017,21:00,0.0,1322.369,0.0,1,8,0.0,1,8,0.0,1,8,0.0,1,8,0.0,1,8,0.0,1,8,-0.0,1,8,-9900,?,9,-9900,?,9,10.23,E,8,-1.47,E,8,43.0,E,8,822.9788000000001,E,8,999.0,E,8,0.6,E,8,-9900,?,9,-9900,?,9,0.0,E,8,-9900,?,9,-9900,?,9,0.0,0.0,E,8
07/22/2017,22:00,0.0,1322.369,0.0,1,8,0.0,1,8,0.0,1,8,0.0,1,8,0.0,1,8,0.0,1,8,-0.0,1,8,-9900,?,9,-9900,?,9,9.4,E,8,-0.41,E,8,50.0,E,8,822.9788000000001,E,8,999.0,E,8,0.6,E,8,-9900,?,9,-9900,?,9,0.0,E,8,-9900,?,9,-9900,?,9,0.0,0.0,E,8
07/22/2017,23:00,0.0,1322.369,0.0,1,8,0.0,1,8,0.0,1,8,0.0,1,8,0.0,1,8,0.0,1,8,-0.0,1,8,-9900,?,9,-9900,?,9,8.56,E,8,0.66,E,8,57.0,E,8,822.9788000000001,E,8,999.0,E,8,0.6,E,8,-9900,?,9,-9900,?,9,0.0,E,8,-9900,?,9,-9900,?,9,0.0,0.0,E,8
07/22/2017,24:00,0.0,1322.369,0.0,1,8,0.0,1,8,0.0,1,8,0.0,1,8,0.0,1,8,0.0,1,8,-0.0,1,8,-9900,?,9,-9900,?,9,7.72,E,8,0.91,E,8,62.0,E,8,822.9788000000001,E,8,999.0,E,8,0.37,E,8,-9900,?,9,-9900,?,9,0.0,E,8,-9900,?,9,-9900,?,9,0.0,0.0,E,8
07/23/2017,01:00,0.0,1322.369,0.0,1,8,0.0,1,8,0.0,1,8,0.0,1,8,0.0,1,8,0.0,1,8,-0.0,1,8,-9900,?,9,-9900,?,9,7.31,E,8,1.27,E,8,65.0,E,8,822.9788000000001,E,8,999.0,E,8,0.37,E,8,-9900,?,9,-9900,?,9,0.0,E,8,-9900,?,9,-9900,?,9,0.0,0.0,E,8
07/23/2017,02:00,0.0,1322.369,0.0,1,8,0.0,1,8,0.0,1,8,0.0,1,8,0.0,1,8,0.0,1,8,-0.0,1,8,-9900,?,9,-9900,?,9,6.89,E,8,1.64,E,8,69.0,E,8,822.9788000000001,E,8,999.0,E,8,0.37,E,8,-9900,?,9,-9900,?,9,0.0,E,8,-9900,?,9,-9900,?,9,0.0,0.0,E,8
07/23/2017,03:00,0.0,1322.369,0.0,1,8,0.0,1,8,0.0,1,8,0.0,1,8,0.0,1,8,0.0,1,8,-0.0,1,8,-9900,?,9,-9900,?,9,6.47,E,8,1.99,E,8,73.0,E,8,822.9788000000001,E,8,999.0,E,8,0.37,E,8,-9900,?,9,-9900,?,9,0.0,E,8,-9900,?,9,-9900,?,9,0.0,0.0,E,8
07/23/2017,04:00,0.0,1322.593,0.0,1,8,0.0,1,8,0.0,1,8,0.0,1,8,0.0,1,8,0.0,1,8,-0.0,1,8,-9900,?,9,-9900,?,9,6.05,E,8,2.34,E,8,77.0,E,8,822.9788000000001,E,8,999.0,E,8,0.37,E,8,-9900,?,9,-9900,?,9,0.0,E,8,-9900,?,9,-9900,?,9,0.0,0.0,E,8
07/23/2017,05:00,0.0,1322.593,0.0,1,8,0.0,1,8,0.0,1,8,0.0,1,8,0.0,1,8,0.0,1,8,-0.0,1,8,-9900,?,9,-9900,?,9,5.63,E,8,2.68,E,8,81.0,E,8,822.9788000000001,E,8,999.0,E,8,0.37,E,8,-9900,?,9,-9900,?,9,0.0,E,8,-9900,?,9,-9900,?,9,0.0,0.0,E,8
07/23/2017,06:00,0.0,1322.593,0.0,1,8,0.0,1,8,0.0,1,8,0.0,1,8,0.0,1,8,0.0,1,8,-0.0,1,8,-9900,?,9,-9900,?,9,5.31,E,8,2.93,E,8,84.0,E,8,822.9788000000001,E,8,999.0,E,8,0.37,E,8,-9900,?,9,-9900,?,9,0.0,E,8,-9900,?,9,-9900,?,9,0.0,0.0,E,8
07/23/2017,07:00,22.422,1322.593,0.0,1,8,0.0,1,8,0.0,1,8,0.0,1,8,0.0,1,8,0.0,1,8,0.0,1,8,-9900,?,9,-9900,?,9,5.03,E,8,3.15,E,8,87.0,E,8,822.9788000000001,E,8,999.0,E,8,0.37,E,8,-9900,?,9,-9900,?,9,0.0,E,8,-9900,?,9,-9900,?,9,0.0,0.0,E,8
07/23/2017,08:00,305.216,1322.593,51.23,1,8,0.0,1,8,51.23,1,8,6147.6,1,8,0.0,1,8,5635.3,1,8,71.023,1,8,-9900,?,9,-9900,?,9,4.76,E,8,3.36,E,8,90.0,E,8,822.9788000000001,E,8,999.0,E,8,0.37,E,8,-9900,?,9,-9900,?,9,0.0,E,8,-9900,?,9,-9900,?,9,0.0,0.0,E,8
07/23/2017,09:00,563.299,1322.593,247.82,1,8,132.616,1,8,191.412,1,8,29738.4,1,8,12598.56,1,8,21055.353,1,8,143.245,1,8,-9900,?,9,-9900,?,9,8.13,E,8,0.54,E,8,58.0,E,8,822.9788000000001,E,8,999.0,E,8,0.49,E,8,-9900,?,9,-9900,?,9,0.0,E,8,-9900,?,9,-9900,?,9,0.0,0.0,E,8
07/23/2017,10:00,772.468,1322.593,462.52,1,8,301.541,1,8,286.503,1,8,55502.4,1,8,28646.415,1,8,31515.327,1,8,156.232,1,8,-9900,?,9,-9900,?,9,10.48,E,8,-1.58,E,8,42.0,E,8,822.9788000000001,E,8,999.0,E,8,0.62,E,8,-9900,?,9,-9900,?,9,0.0,E,8,-9900,?,9,-9900,?,9,0.0,0.0,E,8
07/23/2017,11:00,918.099,1322.593,583.65,1,8,369.484,1,8,327.248,1,8,70038.0,1,8,35101.006,1,8,35997.232,1,8,150.107,1,8,-9900,?,9,-9900,?,9,12.34,E,8,-3.47,E,8,31.0,E,8,822.9788000000001,E,8,999.0,E,8,1.04,E,8,-9900,?,9,-9900,?,9,0.0,E,8,-9900,?,9,-9900,?,9,0.0,0.0,E,8
07/23/2017,12:00,990.185,1322.593,617.75,1,8,328.295,1,8,372.023,1,8,74130.0,1,8,31187.997,1,8,40922.478,1,8,158.208,1,8,-9900,?,9,-9900,?,9,13.61,E,8,-4.95,E,8,25.0,E,8,822.9788000000001,E,8,999.0,E,8,1.06,E,8,-9900,?,9,-9900,?,9,0.0,E,8,-9900,?,9,-9900,?,9,0.0,0.0,E,8
07/23/2017,13:00,983.784,1322.593,585.81,1,8,264.043,1,8,389.454,1,8,70297.2,1,8,25084.058,1,8,42839.922,1,8,166.7,1,8,-9900,?,9,-9900,?,9,14.34,E,8,-5.88,E,8,22.0,E,8,822.9788000000001,E,8,999.0,E,8,2.18,E,8,-9900,?,9,-9900,?,9,0.0,E,8,-9900,?,9,-9900,?,9,0.0,0.0,E,8
07/23/2017,14:00,899.331,1322.593,546.35,1,8,284.583,1,8,352.906,1,8,65562.0,1,8,27035.417,1,8,38819.708,1,8,165.259,1,8,-9900,?,9,-9900,?,9,14.73,E,8,-6.4,E,8,21.0,E,8,822.9788000000001,E,8,999.0,E,8,2.87,E,8,-9900,?,9,-9900,?,9,0.0,E,8,-9900,?,9,-9900,?,9,0.0,0.0,E,8
07/23/2017,15:00,742.606,1322.593,484.25,1,8,446.639,1,8,233.632,1,8,58110.0,1,8,42430.691,1,8,25699.515,1,8,132.534,1,8,-9900,?,9,-9900,?,9,14.85,E,8,-6.57,E,8,20.0,E,8,822.9788000000001,E,8,999.0,E,8,2.8,E,8,-9900,?,9,-9900,?,9,0.0,E,8,-9900,?,9,-9900,?,9,0.0,0.0,E,8
07/23/2017,16:00,524.39,1322.593,357.62,1,8,615.089,1,8,114.127,1,8,42914.4,1,8,58433.442,1,8,12553.919,1,8,91.767,1,8,-9900,?,9,-9900,?,9,14.46,E,8,-6.04,E,8,22.0,E,8,822.9788000000001,E,8,999.0,E,8,2.68,E,8,-9900,?,9,-9900,?,9,0.0,E,8,-9900,?,9,-9900,?,9,0.0,0.0,E,8
07/23/2017,17:00,260.052,1322.593,192.49,1,8,612.98,1,8,72.808,1,8,23098.8,1,8,58233.067,1,8,8008.9,1,8,118.699,1,8,-9900,?,9,-9900,?,9,13.53,E,8,-4.85,E,8,26.0,E,8,822.9788000000001,E,8,999.0,E,8,2.75,E,8,-9900,?,9,-9900,?,9,0.0,E,8,-9900,?,9,-9900,?,9,0.0,0.0,E,8
07/23/2017,18:00,0.0,1322.593,20.67,1,8,0.0,1,8,0.0,1,8,2480.4,1,8,0.0,1,8,0.0,1,8,-0.0,1,8,-9900,?,9,-9900,?,9,12.16,E,8,-3.28,E,8,32.0,E,8,822.9788000000001,E,8,999.0,E,8,1.89,E,8,-9900,?,9,-9900,?,9,0.0,E,8,-9900,?,9,-9900,?,9,0.0,0.0,E,8
07/23/2017,19:00,0.0,1322.593,0.0,1,8,0.0,1,8,0.0,1,8,0.0,1,8,0.0,1,8,0.0,1,8,-0.0,1,8,-9900,?,9,-9900,?,9,11.43,E,8,-2.51,E,8,36.0,E,8,822.9788000000001,E,8,999.0,E,8,1.05,E,8,-9900,?,9,-9900,?,9,0.0,E,8,-9900,?,9,-9900,?,9,0.0,0.0,E,8
07/23/2017,20:00,0.0,1322.593,0.0,1,8,0.0,1,8,0.0,1,8,0.0,1,8,0.0,1,8,0.0,1,8,-0.0,1,8,-9900,?,9,-9900,?,9,10.7,E,8,-1.79,E,8,40.0,E,8,822.9788000000001,E,8,999.0,E,8,0.82,E,8,-9900,?,9,-9900,?,9,0.0,E,8,-9900,?,9,-9900,?,9,0.0,0.0,E,8
07/23/2017,21:00,0.0,1322.593,0.0,1,8,0.0,1,8,0.0,1,8,0.0,1,8,0.0,1,8,0.0,1,8,-0.0,1,8,-9900,?,9,-9900,?,9,9.97,E,8,-1.1,E,8,45.0,E,8,822.9788000000001,E,8,999.0,E,8,0.8,E,8,-9900,?,9,-9900,?,9,0.0,E,8,-9900,?,9,-9900,?,9,0.0,0.0,E,8
07/23/2017,22:00,0.0,1322.593,0.0,1,8,0.0,1,8,0.0,1,8,0.0,1,8,0.0,1,8,0.0,1,8,-0.0,1,8,-9900,?,9,-9900,?,9,9.24,E,8,-0.45,E,8,50.0,E,8,822.9788000000001,E,8,999.0,E,8,0.37,E,8,-9900,?,9,-9900,?,9,0.0,E,8,-9900,?,9,-9900,?,9,0.0,0.0,E,8
07/23/2017,23:00,0.0,1322.593,0.0,1,8,0.0,1,8,0.0,1,8,0.0,1,8,0.0,1,8,0.0,1,8,-0.0,1,8,-9900,?,9,-9900,?,9,8.51,E,8,0.19,E,8,55.0,E,8,822.9788000000001,E,8,999.0,E,8,0.37,E,8,-9900,?,9,-9900,?,9,0.0,E,8,-9900,?,9,-9900,?,9,0.0,0.0,E,8
07/23/2017,24:00,0.0,1322.593,0.0,1,8,0.0,1,8,0.0,1,8,0.0,1,8,0.0,1,8,0.0,1,8,-0.0,1,8,-9900,?,9,-9900,?,9,7.78,E,8,1.76,E,8,65.0,E,8,822.9788000000001,E,8,999.0,E,8,0.65,E,8,-9900,?,9,-9900,?,9,0.0,E,8,-9900,?,9,-9900,?,9,0.0,0.0,E,8
07/24/2017,01:00,0.0,1322.593,0.0,1,8,0.0,1,8,0.0,1,8,0.0,1,8,0.0,1,8,0.0,1,8,-0.0,1,8,-9900,?,9,-9900,?,9,7.42,E,8,2.18,E,8,69.0,E,8,822.9788000000001,E,8,999.0,E,8,0.65,E,8,-9900,?,9,-9900,?,9,0.0,E,8,-9900,?,9,-9900,?,9,0.0,0.0,E,8
07/24/2017,02:00,0.0,1322.593,0.0,1,8,0.0,1,8,0.0,1,8,0.0,1,8,0.0,1,8,0.0,1,8,-0.0,1,8,-9900,?,9,-9900,?,9,7.06,E,8,2.6,E,8,73.0,E,8,822.9788000000001,E,8,999.0,E,8,0.65,E,8,-9900,?,9,-9900,?,9,0.0,E,8,-9900,?,9,-9900,?,9,0.0,0.0,E,8
07/24/2017,03:00,0.0,1322.593,0.0,1,8,0.0,1,8,0.0,1,8,0.0,1,8,0.0,1,8,0.0,1,8,-0.0,1,8,-9900,?,9,-9900,?,9,6.69,E,8,3.01,E,8,77.0,E,8,822.9788000000001,E,8,999.0,E,8,0.65,E,8,-9900,?,9,-9900,?,9,0.0,E,8,-9900,?,9,-9900,?,9,0.0,0.0,E,8
07/24/2017,04:00,0.0,1322.83,0.0,1,8,0.0,1,8,0.0,1,8,0.0,1,8,0.0,1,8,0.0,1,8,-0.0,1,8,-9900,?,9,-9900,?,9,6.33,E,8,3.4,E,8,81.0,E,8,822.9788000000001,E,8,999.0,E,8,0.65,E,8,-9900,?,9,-9900,?,9,0.0,E,8,-9900,?,9,-9900,?,9,0.0,0.0,E,8
07/24/2017,05:00,0.0,1322.83,0.0,1,8,0.0,1,8,0.0,1,8,0.0,1,8,0.0,1,8,0.0,1,8,-0.0,1,8,-9900,?,9,-9900,?,9,5.96,E,8,3.8,E,8,86.0,E,8,822.9788000000001,E,8,999.0,E,8,0.65,E,8,-9900,?,9,-9900,?,9,0.0,E,8,-9900,?,9,-9900,?,9,0.0,0.0,E,8
07/24/2017,06:00,0.0,1322.83,0.0,1,8,0.0,1,8,0.0,1,8,0.0,1,8,0.0,1,8,0.0,1,8,-0.0,1,8,-9900,?,9,-9900,?,9,5.68,E,8,4.09,E,8,89.0,E,8,822.9788000000001,E,8,999.0,E,8,0.65,E,8,-9900,?,9,-9900,?,9,0.0,E,8,-9900,?,9,-9900,?,9,0.0,0.0,E,8
07/24/2017,07:00,23.955,1322.83,0.0,1,8,0.0,1,8,0.0,1,8,0.0,1,8,0.0,1,8,0.0,1,8,0.0,1,8,-9900,?,9,-9900,?,9,5.44,E,8,4.33,E,8,92.0,E,8,822.9788000000001,E,8,999.0,E,8,0.65,E,8,-9900,?,9,-9900,?,9,0.0,E,8,-9900,?,9,-9900,?,9,0.0,0.0,E,8
07/24/2017,08:00,307.384,1322.83,50.09,1,8,0.0,1,8,50.09,1,8,6010.8,1,8,0.0,1,8,5509.9,1,8,68.96,1,8,-9900,?,9,-9900,?,9,5.2,E,8,4.58,E,8,95.0,E,8,822.9788000000001,E,8,999.0,E,8,0.65,E,8,-9900,?,9,-9900,?,9,0.0,E,8,-9900,?,9,-9900,?,9,0.0,0.0,E,8
07/24/2017,09:00,565.882,1322.83,234.7,1,8,114.289,1,8,185.873,1,8,28164.0,1,8,10857.416,1,8,20446.048,1,8,138.488,1,8,-9900,?,9,-9900,?,9,8.31,E,8,1.11,E,8,60.0,E,8,822.9788000000001,E,8,999.0,E,8,0.65,E,8,-9900,?,9,-9900,?,9,0.0,E,8,-9900,?,9,-9900,?,9,0.0,0.0,E,8
07/24/2017,10:00,775.392,1322.83,428.41,1,8,221.557,1,8,298.614,1,8,51409.2,1,8,21047.95,1,8,32847.576,1,8,162.251,1,8,-9900,?,9,-9900,?,9,10.39,E,8,-1.53,E,8,42.0,E,8,822.9788000000001,E,8,999.0,E,8,0.65,E,8,-9900,?,9,-9900,?,9,0.0,E,8,-9900,?,9,-9900,?,9,0.0,0.0,E,8
07/24/2017,11:00,921.274,1322.83,521.33,1,8,228.468,1,8,362.265,1,8,62559.6,1,8,21704.461,1,8,39849.144,1,8,165.625,1,8,-9900,?,9,-9900,?,9,11.94,E,8,-3.78,E,8,31.0,E,8,822.9788000000001,E,8,999.0,E,8,1.11,E,8,-9900,?,9,-9900,?,9,0.0,E,8,-9900,?,9,-9900,?,9,0.0,0.0,E,8
07/24/2017,12:00,993.501,1322.83,599.92,1,8,271.849,1,8,395.796,1,8,71990.4,1,8,25825.635,1,8,43537.61,1,8,167.786,1,8,-9900,?,9,-9900,?,9,13.21,E,8,-5.97,E,8,24.0,E,8,822.9788000000001,E,8,999.0,E,8,1.2,E,8,-9900,?,9,-9900,?,9,0.0,E,8,-9900,?,9,-9900,?,9,0.0,0.0,E,8
07/24/2017,13:00,987.124,1322.83,628.41,1,8,330.341,1,8,381.96,1,8,75409.2,1,8,31382.36,1,8,42015.651,1,8,162.968,1,8,-9900,?,9,-9900,?,9,14.16,E,8,-7.9,E,8,19.0,E,8,822.9788000000001,E,8,999.0,E,8,1.17,E,8,-9900,?,9,-9900,?,9,0.0,E,8,-9900,?,9,-9900,?,9,0.0,0.0,E,8
07/24/2017,14:00,902.574,1322.83,648.7,1,8,556.577,1,8,269.072,1,8,77844.0,1,8,52874.82,1,8,29597.961,1,8,125.57,1,8,-9900,?,9,-9900,?,9,14.91,E,8,-9.67,E,8,15.0,E,8,822.9788000000001,E,8,999.0,E,8,1.84,E,8,-9900,?,9,-9900,?,9,0.0,E,8,-9900,?,9,-9900,?,9,0.0,0.0,E,8
07/24/2017,15:00,745.64,1322.83,555.74,1,8,726.74,1,8,146.356,1,8,66688.8,1,8,69040.294,1,8,16099.147,1,8,82.701,1,8,-9900,?,9,-9900,?,9,15.21,E,8,-10.46,E,8,14.0,E,8,822.9788000000001,E,8,999.0,E,8,2.51,E,8,-9900,?,9,-9900,?,9,0.0,E,8,-9900,?,9,-9900,?,9,0.0,0.0,E,8
07/24/2017,16:00,527.114,1322.83,403.07,1,8,759.107,1,8,101.052,1,8,48368.4,1,8,72115.211,1,8,11115.676,1,8,80.847,1,8,-9900,?,9,-9900,?,9,14.98,E,8,-9.85,E,8,15.0,E,8,822.9788000000001,E,8,999.0,E,8,2.98,E,8,-9900,?,9,-9900,?,9,0.0,E,8,-9900,?,9,-9900,?,9,0.0,0.0,E,8
07/24/2017,17:00,262.381,1322.83,213.86,1,8,615.279,1,8,92.66,1,8,25663.2,1,8,58451.466,1,8,10192.625,1,8,149.732,1,8,-9900,?,9,-9900,?,9,14.1,E,8,-7.77,E,8,19.0,E,8,822.9788000000001,E,8,999.0,E,8,2.82,E,8,-9900,?,9,-9900,?,9,0.0,E,8,-9900,?,9,-9900,?,9,0.0,0.0,E,8
07/24/2017,18:00,0.0,1322.83,25.93,1,8,0.0,1,8,0.0,1,8,3111.6,1,8,0.0,1,8,0.0,1,8,-0.0,1,8,-9900,?,9,-9900,?,9,12.74,E,8,-5.12,E,8,27.0,E,8,822.9788000000001,E,8,999.0,E,8,1.09,E,8,-9900,?,9,-9900,?,9,0.0,E,8,-9900,?,9,-9900,?,9,0.0,0.0,E,8
07/24/2017,19:00,0.0,1322.83,0.0,1,8,0.0,1,8,0.0,1,8,0.0,1,8,0.0,1,8,0.0,1,8,-0.0,1,8,-9900,?,9,-9900,?,9,12.13,E,8,-4.09,E,8,30.0,E,8,822.9788000000001,E,8,999.0,E,8,0.74,E,8,-9900,?,9,-9900,?,9,0.0,E,8,-9900,?,9,-9900,?,9,0.0,0.0,E,8
07/24/2017,20:00,0.0,1322.83,0.0,1,8,0.0,1,8,0.0,1,8,0.0,1,8,0.0,1,8,0.0,1,8,-0.0,1,8,-9900,?,9,-9900,?,9,11.53,E,8,-3.15,E,8,34.0,E,8,822.9788000000001,E,8,999.0,E,8,0.65,E,8,-9900,?,9,-9900,?,9,0.0,E,8,-9900,?,9,-9900,?,9,0.0,0.0,E,8
07/24/2017,21:00,0.0,1322.83,0.0,1,8,0.0,1,8,0.0,1,8,0.0,1,8,0.0,1,8,0.0,1,8,-0.0,1,8,-9900,?,9,-9900,?,9,10.92,E,8,-2.26,E,8,38.0,E,8,822.9788000000001,E,8,999.0,E,8,0.65,E,8,-9900,?,9,-9900,?,9,0.0,E,8,-9900,?,9,-9900,?,9,0.0,0.0,E,8
07/24/2017,22:00,0.0,1322.83,0.0,1,8,0.0,1,8,0.0,1,8,0.0,1,8,0.0,1,8,0.0,1,8,-0.0,1,8,-9900,?,9,-9900,?,9,10.31,E,8,-1.43,E,8,43.0,E,8,822.9788000000001,E,8,999.0,E,8,0.65,E,8,-9900,?,9,-9900,?,9,0.0,E,8,-9900,?,9,-9900,?,9,0.0,0.0,E,8
07/24/2017,23:00,0.0,1322.83,0.0,1,8,0.0,1,8,0.0,1,8,0.0,1,8,0.0,1,8,0.0,1,8,-0.0,1,8,-9900,?,9,-9900,?,9,9.7,E,8,-0.64,E,8,48.0,E,8,822.9788000000001,E,8,999.0,E,8,0.65,E,8,-9900,?,9,-9900,?,9,0.0,E,8,-9900,?,9,-9900,?,9,0.0,0.0,E,8
07/24/2017,24:00,0.0,1322.83,0.0,1,8,0.0,1,8,0.0,1,8,0.0,1,8,0.0,1,8,0.0,1,8,-0.0,1,8,-9900,?,9,-9900,?,9,9.1,E,8,4.65,E,8,73.0,E,8,822.9788000000001,E,8,999.0,E,8,0.73,E,8,-9900,?,9,-9900,?,9,0.0,E,8,-9900,?,9,-9900,?,9,0.0,0.0,E,8
07/25/2017,01:00,0.0,1322.83,0.0,1,8,0.0,1,8,0.0,1,8,0.0,1,8,0.0,1,8,0.0,1,8,-0.0,1,8,-9900,?,9,-9900,?,9,8.79,E,8,4.92,E,8,76.0,E,8,822.9788000000001,E,8,999.0,E,8,0.73,E,8,-9900,?,9,-9900,?,9,0.0,E,8,-9900,?,9,-9900,?,9,0.0,0.0,E,8
07/25/2017,02:00,0.0,1322.83,0.0,1,8,0.0,1,8,0.0,1,8,0.0,1,8,0.0,1,8,0.0,1,8,-0.0,1,8,-9900,?,9,-9900,?,9,8.49,E,8,5.18,E,8,79.0,E,8,822.9788000000001,E,8,999.0,E,8,0.73,E,8,-9900,?,9,-9900,?,9,0.0,E,8,-9900,?,9,-9900,?,9,0.0,0.0,E,8
07/25/2017,03:00,0.0,1322.83,0.0,1,8,0.0,1,8,0.0,1,8,0.0,1,8,0.0,1,8,0.0,1,8,-0.0,1,8,-9900,?,9,-9900,?,9,8.19,E,8,5.44,E,8,82.0,E,8,822.9788000000001,E,8,999.0,E,8,0.73,E,8,-9900,?,9,-9900,?,9,0.0,E,8,-9900,?,9,-9900,?,9,0.0,0.0,E,8
07/25/2017,04:00,0.0,1323.079,0.0,1,8,0.0,1,8,0.0,1,8,0.0,1,8,0.0,1,8,0.0,1,8,-0.0,1,8,-9900,?,9,-9900,?,9,7.88,E,8,5.7,E,8,86.0,E,8,822.9788000000001,E,8,999.0,E,8,0.73,E,8,-9900,?,9,-9900,?,9,0.0,E,8,-9900,?,9,-9900,?,9,0.0,0.0,E,8
07/25/2017,05:00,0.0,1323.079,0.0,1,8,0.0,1,8,0.0,1,8,0.0,1,8,0.0,1,8,0.0,1,8,-0.0,1,8,-9900,?,9,-9900,?,9,7.58,E,8,5.95,E,8,89.0,E,8,822.9788000000001,E,8,999.0,E,8,0.73,E,8,-9900,?,9,-9900,?,9,0.0,E,8,-9900,?,9,-9900,?,9,0.0,0.0,E,8
07/25/2017,06:00,0.0,1323.079,0.0,1,8,0.0,1,8,0.0,1,8,0.0,1,8,0.0,1,8,0.0,1,8,-0.0,1,8,-9900,?,9,-9900,?,9,7.34,E,8,6.14,E,8,92.0,E,8,822.9788000000001,E,8,999.0,E,8,0.73,E,8,-9900,?,9,-9900,?,9,0.0,E,8,-9900,?,9,-9900,?,9,0.0,0.0,E,8
07/25/2017,07:00,25.582,1323.079,0.0,1,8,0.0,1,8,0.0,1,8,0.0,1,8,0.0,1,8,0.0,1,8,0.0,1,8,-9900,?,9,-9900,?,9,7.14,E,8,6.3,E,8,94.0,E,8,822.9788000000001,E,8,999.0,E,8,0.73,E,8,-9900,?,9,-9900,?,9,0.0,E,8,-9900,?,9,-9900,?,9,0.0,0.0,E,8
07/25/2017,08:00,309.654,1323.079,60.24,1,8,0.0,1,8,60.24,1,8,7228.8,1,8,0.0,1,8,6626.4,1,8,82.335,1,8,-9900,?,9,-9900,?,9,6.94,E,8,6.46,E,8,96.0,E,8,822.9788000000001,E,8,999.0,E,8,0.73,E,8,-9900,?,9,-9900,?,9,0.0,E,8,-9900,?,9,-9900,?,9,0.0,0.0,E,8
07/25/2017,09:00,568.569,1323.079,258.81,1,8,152.23,1,8,193.476,1,8,31057.2,1,8,14461.827,1,8,21282.392,1,8,143.496,1,8,-9900,?,9,-9900,?,9,10.78,E,8,3.08,E,8,58.0,E,8,822.9788000000001,E,8,999.0,E,8,0.73,E,8,-9900,?,9,-9900,?,9,0.0,E,8,-9900,?,9,-9900,?,9,0.0,0.0,E,8
07/25/2017,10:00,778.419,1323.079,365.7,1,8,159.668,1,8,271.813,1,8,43884.0,1,8,15168.465,1,8,29899.441,1,8,147.141,1,8,-9900,?,9,-9900,?,9,12.43,E,8,1.37,E,8,46.0,E,8,822.9788000000001,E,8,999.0,E,8,0.81,E,8,-9900,?,9,-9900,?,9,0.0,E,8,-9900,?,9,-9900,?,9,0.0,0.0,E,8
07/25/2017,11:00,924.544,1323.079,482.66,1,8,123.312,1,8,396.518,1,8,57919.2,1,8,11714.613,1,8,43617.034,1,8,180.678,1,8,-9900,?,9,-9900,?,9,13.95,E,8,-0.35,E,8,37.0,E,8,822.9788000000001,E,8,999.0,E,8,0.98,E,8,-9900,?,9,-9900,?,9,0.0,E,8,-9900,?,9,-9900,?,9,0.0,0.0,E,8
07/25/2017,12:00,996.902,1323.079,542.04,1,8,102.625,1,8,464.732,1,8,65044.8,1,8,9749.42,1,8,51120.512,1,8,196.374,1,8,-9900,?,9,-9900,?,9,15.16,E,8,-1.73,E,8,30.0,E,8,822.9788000000001,E,8,999.0,E,8,1.83,E,8,-9900,?,9,-9900,?,9,0.0,E,8,-9900,?,9,-9900,?,9,0.0,0.0,E,8
07/25/2017,13:00,990.535,1323.079,594.0,1,8,270.011,1,8,391.901,1,8,71280.0,1,8,25651.026,1,8,43109.057,1,8,166.664,1,8,-9900,?,9,-9900,?,9,16.17,E,8,-3.02,E,8,25.0,E,8,822.9788000000001,E,8,999.0,E,8,2.32,E,8,-9900,?,9,-9900,?,9,0.0,E,8,-9900,?,9,-9900,?,9,0.0,0.0,E,8
07/25/2017,14:00,905.874,1323.079,548.94,1,8,278.788,1,8,358.126,1,8,65872.8,1,8,26484.819,1,8,39393.823,1,8,166.551,1,8,-9900,?,9,-9900,?,9,16.73,E,8,-3.79,E,8,23.0,E,8,822.9788000000001,E,8,999.0,E,8,1.93,E,8,-9900,?,9,-9900,?,9,0.0,E,8,-9900,?,9,-9900,?,9,0.0,0.0,E,8
07/25/2017,15:00,748.714,1323.079,519.71,1,8,528.574,1,8,220.783,1,8,62365.2,1,8,50214.507,1,8,24286.079,1,8,124.267,1,8,-9900,?,9,-9900,?,9,17.07,E,8,-4.28,E,8,21.0,E,8,822.9788000000001,E,8,999.0,E,8,2.4,E,8,-9900,?,9,-9900,?,9,0.0,E,8,-9900,?,9,-9900,?,9,0.0,0.0,E,8
07/25/2017,16:00,529.863,1323.079,459.15,1,8,767.924,1,8,152.083,1,8,55098.0,1,8,72952.753,1,8,16729.12,1,8,121.064,1,8,-9900,?,9,-9900,?,9,17.17,E,8,-4.42,E,8,21.0,E,8,822.9788000000001,E,8,999.0,E,8,1.96,E,8,-9900,?,9,-9900,?,9,0.0,E,8,-9900,?,9,-9900,?,9,0.0,0.0,E,8
07/25/2017,17:00,264.721,1323.079,264.29,1,8,538.429,1,8,157.29,1,8,31714.8,1,8,51150.795,1,8,17301.892,1,8,251.939,1,8,-9900,?,9,-9900,?,9,16.51,E,8,-3.48,E,8,24.0,E,8,822.9788000000001,E,8,999.0,E,8,1.15,E,8,-9900,?,9,-9900,?,9,0.0,E,8,-9900,?,9,-9900,?,9,0.0,0.0,E,8
07/25/2017,18:00,0.0,1323.079,53.26,1,8,0.0,1,8,0.0,1,8,6391.2,1,8,0.0,1,8,0.0,1,8,-0.0,1,8,-9900,?,9,-9900,?,9,15.19,E,8,-1.77,E,8,30.0,E,8,822.9788000000001,E,8,999.0,E,8,0.79,E,8,-9900,?,9,-9900,?,9,0.0,E,8,-9900,?,9,-9900,?,9,0.0,0.0,E,8
07/25/2017,19:00,0.0,1323.079,0.0,1,8,0.0,1,8,0.0,1,8,0.0,1,8,0.0,1,8,0.0,1,8,-0.0,1,8,-9900,?,9,-9900,?,9,14.46,E,8,-0.91,E,8,34.0,E,8,822.9788000000001,E,8,999.0,E,8,0.73,E,8,-9900,?,9,-9900,?,9,0.0,E,8,-9900,?,9,-9900,?,9,0.0,0.0,E,8
07/25/2017,20:00,0.0,1323.079,0.0,1,8,0.0,1,8,0.0,1,8,0.0,1,8,0.0,1,8,0.0,1,8,-0.0,1,8,-9900,?,9,-9900,?,9,13.73,E,8,-0.11,E,8,38.0,E,8,822.9788000000001,E,8,999.0,E,8,0.73,E,8,-9900,?,9,-9900,?,9,0.0,E,8,-9900,?,9,-9900,?,9,0.0,0.0,E,8
07/25/2017,21:00,0.0,1323.079,0.0,1,8,0.0,1,8,0.0,1,8,0.0,1,8,0.0,1,8,0.0,1,8,-0.0,1,8,-9900,?,9,-9900,?,9,13.0,E,8,0.73,E,8,43.0,E,8,822.9788000000001,E,8,999.0,E,8,0.73,E,8,-9900,?,9,-9900,?,9,0.0,E,8,-9900,?,9,-9900,?,9,0.0,0.0,E,8
07/25/2017,22:00,0.0,1323.079,0.0,1,8,0.0,1,8,0.0,1,8,0.0,1,8,0.0,1,8,0.0,1,8,-0.0,1,8,-9900,?,9,-9900,?,9,12.27,E,8,1.54,E,8,47.0,E,8,822.9788000000001,E,8,999.0,E,8,0.73,E,8,-9900,?,9,-9900,?,9,0.0,E,8,-9900,?,9,-9900,?,9,0.0,0.0,E,8
07/25/2017,23:00,0.0,1323.079,0.0,1,8,0.0,1,8,0.0,1,8,0.0,1,8,0.0,1,8,0.0,1,8,-0.0,1,8,-9900,?,9,-9900,?,9,11.54,E,8,2.32,E,8,53.0,E,8,822.9788000000001,E,8,999.0,E,8,0.73,E,8,-9900,?,9,-9900,?,9,0.0,E,8,-9900,?,9,-9900,?,9,0.0,0.0,E,8
07/25/2017,24:00,0.0,1323.079,0.0,1,8,0.0,1,8,0.0,1,8,0.0,1,8,0.0,1,8,0.0,1,8,-0.0,1,8,-9900,?,9,-9900,?,9,10.81,E,8,8.35,E,8,84.0,E,8,822.9788000000001,E,8,999.0,E,8,3.03,E,8,-9900,?,9,-9900,?,9,0.0,E,8,-9900,?,9,-9900,?,9,0.0,0.0,E,8
07/26/2017,01:00,0.0,1323.079,0.0,1,8,0.0,1,8,0.0,1,8,0.0,1,8,0.0,1,8,0.0,1,8,-0.0,1,8,-9900,?,9,-9900,?,9,10.45,E,8,8.19,E,8,85.0,E,8,822.9788000000001,E,8,999.0,E,8,2.53,E,8,-9900,?,9,-9900,?,9,0.0,E,8,-9900,?,9,-9900,?,9,0.0,0.0,E,8
07/26/2017,02:00,0.0,1323.079,0.0,1,8,0.0,1,8,0.0,1,8,0.0,1,8,0.0,1,8,0.0,1,8,-0.0,1,8,-9900,?,9,-9900,?,9,10.09,E,8,8.03,E,8,87.0,E,8,822.9788000000001,E,8,999.0,E,8,2.36,E,8,-9900,?,9,-9900,?,9,0.0,E,8,-9900,?,9,-9900,?,9,0.0,0.0,E,8
07/26/2017,03:00,0.0,1323.079,0.0,1,8,0.0,1,8,0.0,1,8,0.0,1,8,0.0,1,8,0.0,1,8,-0.0,1,8,-9900,?,9,-9900,?,9,9.72,E,8,7.86,E,8,88.0,E,8,822.9788000000001,E,8,999.0,E,8,2.27,E,8,-9900,?,9,-9900,?,9,0.0,E,8,-9900,?,9,-9900,?,9,0.0,0.0,E,8
07/26/2017,04:00,0.0,1323.34,0.0,1,8,0.0,1,8,0.0,1,8,0.0,1,8,0.0,1,8,0.0,1,8,-0.0,1,8,-9900,?,9,-9900,?,9,9.36,E,8,7.69,E,8,89.0,E,8,822.9788000000001,E,8,999.0,E,8,2.52,E,8,-9900,?,9,-9900,?,9,0.0,E,8,-9900,?,9,-9900,?,9,0.0,0.0,E,8
07/26/2017,05:00,0.0,1323.34,0.0,1,8,0.0,1,8,0.0,1,8,0.0,1,8,0.0,1,8,0.0,1,8,-0.0,1,8,-9900,?,9,-9900,?,9,8.99,E,8,7.52,E,8,90.0,E,8,822.9788000000001,E,8,999.0,E,8,3.21,E,8,-9900,?,9,-9900,?,9,0.0,E,8,-9900,?,9,-9900,?,9,0.0,0.0,E,8
07/26/2017,06:00,0.0,1323.34,0.0,1,8,0.0,1,8,0.0,1,8,0.0,1,8,0.0,1,8,0.0,1,8,-0.0,1,8,-9900,?,9,-9900,?,9,8.71,E,8,7.39,E,8,91.0,E,8,822.9788000000001,E,8,999.0,E,8,2.61,E,8,-9900,?,9,-9900,?,9,0.0,E,8,-9900,?,9,-9900,?,9,0.0,0.0,E,8
07/26/2017,07:00,27.304,1323.34,0.0,1,8,0.0,1,8,0.0,1,8,0.0,1,8,0.0,1,8,0.0,1,8,0.0,1,8,-9900,?,9,-9900,?,9,8.47,E,8,7.28,E,8,92.0,E,8,822.9788000000001,E,8,999.0,E,8,1.97,E,8,-9900,?,9,-9900,?,9,0.0,E,8,-9900,?,9,-9900,?,9,0.0,0.0,E,8
07/26/2017,08:00,312.029,1323.34,28.8,1,8,0.0,1,8,28.8,1,8,3456.0,1,8,0.0,1,8,3168.0,1,8,39.069,1,8,-9900,?,9,-9900,?,9,8.23,E,8,7.17,E,8,93.0,E,8,822.9788000000001,E,8,999.0,E,8,1.38,E,8,-9900,?,9,-9900,?,9,0.0,E,8,-9900,?,9,-9900,?,9,0.0,0.0,E,8
07/26/2017,09:00,571.361,1323.34,124.55,1,8,0.0,1,8,124.55,1,8,14946.0,1,8,0.0,1,8,13700.5,1,8,91.941,1,8,-9900,?,9,-9900,?,9,10.32,E,8,8.13,E,8,86.0,E,8,822.9788000000001,E,8,999.0,E,8,1.87,E,8,-9900,?,9,-9900,?,9,0.0,E,8,-9900,?,9,-9900,?,9,0.0,0.0,E,8
07/26/2017,10:00,781.547,1323.34,213.37,1,8,5.931,1,8,209.869,1,8,25604.4,1,8,563.489,1,8,23085.576,1,8,113.176,1,8,-9900,?,9,-9900,?,9,11.56,E,8,8.67,E,8,82.0,E,8,822.9788000000001,E,8,999.0,E,8,2.13,E,8,-9900,?,9,-9900,?,9,0.0,E,8,-9900,?,9,-9900,?,9,0.0,0.0,E,8
07/26/2017,11:00,927.908,1323.34,281.81,1,8,6.651,1,8,277.148,1,8,33817.2,1,8,631.874,1,8,30486.237,1,8,125.852,1,8,-9900,?,9,-9900,?,9,12.65,E,8,9.14,E,8,79.0,E,8,822.9788000000001,E,8,999.0,E,8,3.43,E,8,-9900,?,9,-9900,?,9,0.0,E,8,-9900,?,9,-9900,?,9,0.0,0.0,E,8
07/26/2017,12:00,1000.386,1323.34,324.02,1,8,8.006,1,8,317.969,1,8,38882.4,1,8,760.537,1,8,34976.635,1,8,133.917,1,8,-9900,?,9,-9900,?,9,13.53,E,8,9.5,E,8,76.0,E,8,822.9788000000001,E,8,999.0,E,8,3.12,E,8,-9900,?,9,-9900,?,9,0.0,E,8,-9900,?,9,-9900,?,9,0.0,0.0,E,8
07/26/2017,13:00,994.016,1323.34,336.79,1,8,9.338,1,8,329.777,1,8,40414.8,1,8,887.137,1,8,36275.494,1,8,139.781,1,8,-9900,?,9,-9900,?,9,14.18,E,8,9.77,E,8,74.0,E,8,822.9788000000001,E,8,999.0,E,8,3.25,E,8,-9900,?,9,-9900,?,9,0.0,E,8,-9900,?,9,-9900,?,9,0.0,0.0,E,8
07/26/2017,14:00,909.228,1323.34,319.18,1,8,11.216,1,8,311.477,1,8,38301.6,1,8,1065.474,1,8,34262.435,1,8,144.35,1,8,-9900,?,9,-9900,?,9,14.57,E,8,9.93,E,8,73.0,E,8,822.9788000000001,E,8,999.0,E,8,2.38,E,8,-9900,?,9,-9900,?,9,0.0,E,8,-9900,?,9,-9900,?,9,0.0,0.0,E,8
07/26/2017,15:00,751.826,1323.34,272.49,1,8,20.049,1,8,261.107,1,8,32698.8,1,8,1904.665,1,8,28721.72,1,8,146.382,1,8,-9900,?,9,-9900,?,9,14.71,E,8,9.98,E,8,73.0,E,8,822.9788000000001,E,8,999.0,E,8,2.66,E,8,-9900,?,9,-9900,?,9,0.0,E,8,-9900,?,9,-9900,?,9,0.0,0.0,E,8
07/26/2017,16:00,532.634,1323.34,200.3,1,8,72.594,1,8,171.126,1,8,24036.0,1,8,6896.424,1,8,18823.808,1,8,135.538,1,8,-9900,?,9,-9900,?,9,14.51,E,8,9.9,E,8,73.0,E,8,822.9788000000001,E,8,999.0,E,8,2.27,E,8,-9900,?,9,-9900,?,9,0.0,E,8,-9900,?,9,-9900,?,9,0.0,0.0,E,8
07/26/2017,17:00,267.068,1323.34,109.04,1,8,117.387,1,8,85.507,1,8,13084.8,1,8,11151.744,1,8,9405.788,1,8,135.768,1,8,-9900,?,9,-9900,?,9,13.94,E,8,9.67,E,8,75.0,E,8,822.9788000000001,E,8,999.0,E,8,1.85,E,8,-9900,?,9,-9900,?,9,0.0,E,8,-9900,?,9,-9900,?,9,0.0,0.0,E,8
07/26/2017,18:00,0.0,1323.34,16.01,1,8,0.0,1,8,0.0,1,8,1921.2,1,8,0.0,1,8,0.0,1,8,-0.0,1,8,-9900,?,9,-9900,?,9,13.07,E,8,9.31,E,8,77.0,E,8,822.9788000000001,E,8,999.0,E,8,1.79,E,8,-9900,?,9,-9900,?,9,0.0,E,8,-9900,?,9,-9900,?,9,0.0,0.0,E,8
07/26/2017,19:00,0.0,1323.34,0.0,1,8,0.0,1,8,0.0,1,8,0.0,1,8,0.0,1,8,0.0,1,8,-0.0,1,8,-9900,?,9,-9900,?,9,12.59,E,8,9.11,E,8,79.0,E,8,822.9788000000001,E,8,999.0,E,8,2.21,E,8,-9900,?,9,-9900,?,9,0.0,E,8,-9900,?,9,-9900,?,9,0.0,0.0,E,8
07/26/2017,20:00,0.0,1323.34,0.0,1,8,0.0,1,8,0.0,1,8,0.0,1,8,0.0,1,8,0.0,1,8,-0.0,1,8,-9900,?,9,-9900,?,9,12.11,E,8,8.91,E,8,80.0,E,8,822.9788000000001,E,8,999.0,E,8,1.71,E,8,-9900,?,9,-9900,?,9,0.0,E,8,-9900,?,9,-9900,?,9,0.0,0.0,E,8
07/26/2017,21:00,0.0,1323.34,0.0,1,8,0.0,1,8,0.0,1,8,0.0,1,8,0.0,1,8,0.0,1,8,-0.0,1,8,-9900,?,9,-9900,?,9,11.63,E,8,8.7,E,8,82.0,E,8,822.9788000000001,E,8,999.0,E,8,2.36,E,8,-9900,?,9,-9900,?,9,0.0,E,8,-9900,?,9,-9900,?,9,0.0,0.0,E,8
07/26/2017,22:00,0.0,1323.34,0.0,1,8,0.0,1,8,0.0,1,8,0.0,1,8,0.0,1,8,0.0,1,8,-0.0,1,8,-9900,?,9,-9900,?,9,11.16,E,8,8.5,E,8,83.0,E,8,822.9788000000001,E,8,999.0,E,8,3.03,E,8,-9900,?,9,-9900,?,9,0.0,E,8,-9900,?,9,-9900,?,9,0.0,0.0,E,8
07/26/2017,23:00,0.0,1323.34,0.0,1,8,0.0,1,8,0.0,1,8,0.0,1,8,0.0,1,8,0.0,1,8,-0.0,1,8,-9900,?,9,-9900,?,9,10.68,E,8,8.29,E,8,85.0,E,8,822.9788000000001,E,8,999.0,E,8,2.12,E,8,-9900,?,9,-9900,?,9,0.0,E,8,-9900,?,9,-9900,?,9,0.0,0.0,E,8
07/26/2017,24:00,0.0,1323.34,0.0,1,8,0.0,1,8,0.0,1,8,0.0,1,8,0.0,1,8,0.0,1,8,-0.0,1,8,-9900,?,9,-9900,?,9,10.2,E,8,9.18,E,8,92.0,E,8,822.9788000000001,E,8,999.0,E,8,5.73,E,8,-9900,?,9,-9900,?,9,0.008,E,8,-9900,?,9,-9900,?,9,0.08,99.0,E,8
07/27/2017,01:00,0.0,1323.34,0.0,1,8,0.0,1,8,0.0,1,8,0.0,1,8,0.0,1,8,0.0,1,8,-0.0,1,8,-9900,?,9,-9900,?,9,9.96,E,8,9.09,E,8,89.0,E,8,822.9788000000001,E,8,999.0,E,8,6.67,E,8,-9900,?,9,-9900,?,9,0.0,E,8,-9900,?,9,-9900,?,9,0.0,0.0,E,8
07/27/2017,02:00,0.0,1323.34,0.0,1,8,0.0,1,8,0.0,1,8,0.0,1,8,0.0,1,8,0.0,1,8,-0.0,1,8,-9900,?,9,-9900,?,9,9.72,E,8,8.99,E,8,93.0,E,8,822.9788000000001,E,8,999.0,E,8,8.05,E,8,-9900,?,9,-9900,?,9,0.015,E,8,-9900,?,9,-9900,?,9,0.15,99.0,E,8
07/27/2017,03:00,0.0,1323.34,0.0,1,8,0.0,1,8,0.0,1,8,0.0,1,8,0.0,1,8,0.0,1,8,-0.0,1,8,-9900,?,9,-9900,?,9,9.48,E,8,8.9,E,8,90.0,E,8,822.9788000000001,E,8,999.0,E,8,6.09,E,8,-9900,?,9,-9900,?,9,0.0,E,8,-9900,?,9,-9900,?,9,0.0,0.0,E,8
07/27/2017,04:00,0.0,1323.613,0.0,1,8,0.0,1,8,0.0,1,8,0.0,1,8,0.0,1,8,0.0,1,8,-0.0,1,8,-9900,?,9,-9900,?,9,9.24,E,8,8.8,E,8,91.0,E,8,822.9788000000001,E,8,999.0,E,8,4.13,E,8,-9900,?,9,-9900,?,9,0.0,E,8,-9900,?,9,-9900,?,9,0.0,0.0,E,8
07/27/2017,05:00,0.0,1323.613,0.0,1,8,0.0,1,8,0.0,1,8,0.0,1,8,0.0,1,8,0.0,1,8,-0.0,1,8,-9900,?,9,-9900,?,9,9.0,E,8,8.7,E,8,92.0,E,8,822.9788000000001,E,8,999.0,E,8,2.8,E,8,-9900,?,9,-9900,?,9,0.0,E,8,-9900,?,9,-9900,?,9,0.0,0.0,E,8
07/27/2017,06:00,0.0,1323.613,0.0,1,8,0.0,1,8,0.0,1,8,0.0,1,8,0.0,1,8,0.0,1,8,-0.0,1,8,-9900,?,9,-9900,?,9,8.82,E,8,8.63,E,8,95.0,E,8,822.9788000000001,E,8,999.0,E,8,2.21,E,8,-9900,?,9,-9900,?,9,0.003,E,8,-9900,?,9,-9900,?,9,0.03,99.0,E,8
07/27/2017,07:00,29.123,1323.613,0.0,1,8,0.0,1,8,0.0,1,8,0.0,1,8,0.0,1,8,0.0,1,8,0.0,1,8,-9900,?,9,-9900,?,9,8.66,E,8,8.56,E,8,96.0,E,8,822.9788000000001,E,8,999.0,E,8,2.05,E,8,-9900,?,9,-9900,?,9,0.004,E,8,-9900,?,9,-9900,?,9,0.04,99.0,E,8
07/27/2017,08:00,314.507,1323.613,19.19,1,8,0.0,1,8,19.19,1,8,2302.8,1,8,0.0,1,8,2110.9,1,8,25.83,1,8,-9900,?,9,-9900,?,9,8.5,E,8,8.5,E,8,99.0,E,8,822.9788000000001,E,8,999.0,E,8,2.05,E,8,-9900,?,9,-9900,?,9,0.267,E,8,-9900,?,9,-9900,?,9,2.67,99.0,E,8
07/27/2017,09:00,574.256,1323.613,98.89,1,8,0.0,1,8,98.89,1,8,11866.8,1,8,0.0,1,8,10877.9,1,8,72.645,1,8,-9900,?,9,-9900,?,9,10.6,E,8,9.34,E,8,91.0,E,8,822.9788000000001,E,8,999.0,E,8,2.05,E,8,-9900,?,9,-9900,?,9,0.001,E,8,-9900,?,9,-9900,?,9,0.01,99.0,E,8
07/27/2017,10:00,784.774,1323.613,139.48,1,8,0.375,1,8,139.258,1,8,16737.6,1,8,35.65,1,8,15318.339,1,8,74.803,1,8,-9900,?,9,-9900,?,9,11.56,E,8,9.71,E,8,89.0,E,8,822.9788000000001,E,8,999.0,E,8,2.05,E,8,-9900,?,9,-9900,?,9,0.002,E,8,-9900,?,9,-9900,?,9,0.02,99.0,E,8
07/27/2017,11:00,931.363,1323.613,189.54,1,8,1.313,1,8,188.616,1,8,22744.8,1,8,124.779,1,8,20747.766,1,8,85.349,1,8,-9900,?,9,-9900,?,9,12.48,E,8,10.06,E,8,83.0,E,8,822.9788000000001,E,8,999.0,E,8,2.05,E,8,-9900,?,9,-9900,?,9,0.0,E,8,-9900,?,9,-9900,?,9,0.0,0.0,E,8
07/27/2017,12:00,1003.951,1323.613,176.45,1,8,2.505,1,8,174.551,1,8,21174.0,1,8,237.96,1,8,19200.556,1,8,73.268,1,8,-9900,?,9,-9900,?,9,12.94,E,8,10.23,E,8,82.0,E,8,822.9788000000001,E,8,999.0,E,8,2.05,E,8,-9900,?,9,-9900,?,9,0.0,E,8,-9900,?,9,-9900,?,9,0.0,0.0,E,8
07/27/2017,13:00,997.563,1323.613,217.41,1,8,1.672,1,8,216.15,1,8,26089.2,1,8,158.847,1,8,23776.51,1,8,91.311,1,8,-9900,?,9,-9900,?,9,13.49,E,8,10.44,E,8,81.0,E,8,822.9788000000001,E,8,999.0,E,8,2.05,E,8,-9900,?,9,-9900,?,9,0.0,E,8,-9900,?,9,-9900,?,9,0.0,0.0,E,8
07/27/2017,14:00,912.633,1323.613,175.34,1,8,2.238,1,8,173.797,1,8,21040.8,1,8,212.629,1,8,19117.699,1,8,80.26,1,8,-9900,?,9,-9900,?,9,13.67,E,8,10.5,E,8,80.0,E,8,822.9788000000001,E,8,999.0,E,8,2.05,E,8,-9900,?,9,-9900,?,9,0.0,E,8,-9900,?,9,-9900,?,9,0.0,0.0,E,8
07/27/2017,15:00,754.974,1323.613,181.43,1,8,1.981,1,8,180.301,1,8,21771.6,1,8,188.22,1,8,19833.065,1,8,100.679,1,8,-9900,?,9,-9900,?,9,13.83,E,8,10.56,E,8,80.0,E,8,822.9788000000001,E,8,999.0,E,8,2.05,E,8,-9900,?,9,-9900,?,9,0.0,E,8,-9900,?,9,-9900,?,9,0.0,0.0,E,8
07/27/2017,16:00,535.425,1323.613,134.79,1,8,1.398,1,8,134.225,1,8,16174.8,1,8,132.825,1,8,14764.779,1,8,105.778,1,8,-9900,?,9,-9900,?,9,13.73,E,8,10.52,E,8,80.0,E,8,822.9788000000001,E,8,999.0,E,8,2.05,E,8,-9900,?,9,-9900,?,9,0.0,E,8,-9900,?,9,-9900,?,9,0.0,0.0,E,8
07/27/2017,17:00,269.422,1323.613,67.11,1,8,0.033,1,8,67.103,1,8,8053.2,1,8,3.168,1,8,7381.358,1,8,105.625,1,8,-9900,?,9,-9900,?,9,13.24,E,8,10.34,E,8,81.0,E,8,822.9788000000001,E,8,999.0,E,8,2.05,E,8,-9900,?,9,-9900,?,9,0.0,E,8,-9900,?,9,-9900,?,9,0.0,0.0,E,8
07/27/2017,18:00,0.0,1323.613,10.77,1,8,0.0,1,8,0.0,1,8,1292.4,1,8,0.0,1,8,0.0,1,8,-0.0,1,8,-9900,?,9,-9900,?,9,12.53,E,8,10.08,E,8,83.0,E,8,822.9788000000001,E,8,999.0,E,8,2.05,E,8,-9900,?,9,-9900,?,9,0.0,E,8,-9900,?,9,-9900,?,9,0.0,0.0,E,8
07/27/2017,19:00,0.0,1323.613,0.0,1,8,0.0,1,8,0.0,1,8,0.0,1,8,0.0,1,8,0.0,1,8,-0.0,1,8,-9900,?,9,-9900,?,9,12.09,E,8,9.91,E,8,84.0,E,8,822.9788000000001,E,8,999.0,E,8,2.05,E,8,-9900,?,9,-9900,?,9,0.0,E,8,-9900,?,9,-9900,?,9,0.0,0.0,E,8
07/27/2017,20:00,0.0,1323.613,0.0,1,8,0.0,1,8,0.0,1,8,0.0,1,8,0.0,1,8,0.0,1,8,-0.0,1,8,-9900,?,9,-9900,?,9,11.65,E,8,9.75,E,8,85.0,E,8,822.9788000000001,E,8,999.0,E,8,2.05,E,8,-9900,?,9,-9900,?,9,0.0,E,8,-9900,?,9,-9900,?,9,0.0,0.0,E,8
07/27/2017,21:00,0.0,1323.613,0.0,1,8,0.0,1,8,0.0,1,8,0.0,1,8,0.0,1,8,0.0,1,8,-0.0,1,8,-9900,?,9,-9900,?,9,11.21,E,8,9.58,E,8,86.0,E,8,822.9788000000001,E,8,999.0,E,8,2.05,E,8,-9900,?,9,-9900,?,9,0.0,E,8,-9900,?,9,-9900,?,9,0.0,0.0,E,8
07/27/2017,22:00,0.0,1323.613,0.0,1,8,0.0,1,8,0.0,1,8,0.0,1,8,0.0,1,8,0.0,1,8,-0.0,1,8,-9900,?,9,-9900,?,9,10.77,E,8,9.41,E,8,87.0,E,8,822.9788000000001,E,8,999.0,E,8,2.05,E,8,-9900,?,9,-9900,?,9,0.0,E,8,-9900,?,9,-9900,?,9,0.0,0.0,E,8
07/27/2017,23:00,0.0,1323.613,0.0,1,8,0.0,1,8,0.0,1,8,0.0,1,8,0.0,1,8,0.0,1,8,-0.0,1,8,-9900,?,9,-9900,?,9,10.33,E,8,9.23,E,8,88.0,E,8,822.9788000000001,E,8,999.0,E,8,2.05,E,8,-9900,?,9,-9900,?,9,0.0,E,8,-9900,?,9,-9900,?,9,0.0,0.0,E,8
07/27/2017,24:00,0.0,1323.613,0.0,1,8,0.0,1,8,0.0,1,8,0.0,1,8,0.0,1,8,0.0,1,8,-0.0,1,8,-9900,?,9,-9900,?,9,9.89,E,8,9.15,E,8,91.0,E,8,822.9788000000001,E,8,999.0,E,8,0.94,E,8,-9900,?,9,-9900,?,9,0.0,E,8,-9900,?,9,-9900,?,9,0.0,0.0,E,8
07/28/2017,01:00,0.0,1323.613,0.0,1,8,0.0,1,8,0.0,1,8,0.0,1,8,0.0,1,8,0.0,1,8,-0.0,1,8,-9900,?,9,-9900,?,9,9.67,E,8,9.04,E,8,91.0,E,8,822.9788000000001,E,8,999.0,E,8,0.94,E,8,-9900,?,9,-9900,?,9,0.0,E,8,-9900,?,9,-9900,?,9,0.0,0.0,E,8
07/28/2017,02:00,0.0,1323.613,0.0,1,8,0.0,1,8,0.0,1,8,0.0,1,8,0.0,1,8,0.0,1,8,-0.0,1,8,-9900,?,9,-9900,?,9,9.45,E,8,8.92,E,8,92.0,E,8,822.9788000000001,E,8,999.0,E,8,0.94,E,8,-9900,?,9,-9900,?,9,0.0,E,8,-9900,?,9,-9900,?,9,0.0,0.0,E,8
07/28/2017,03:00,0.0,1323.613,0.0,1,8,0.0,1,8,0.0,1,8,0.0,1,8,0.0,1,8,0.0,1,8,-0.0,1,8,-9900,?,9,-9900,?,9,9.23,E,8,8.81,E,8,95.0,E,8,822.9788000000001,E,8,999.0,E,8,0.94,E,8,-9900,?,9,-9900,?,9,0.015,E,8,-9900,?,9,-9900,?,9,0.15,99.0,E,8
07/28/2017,04:00,0.0,1323.898,0.0,1,8,0.0,1,8,0.0,1,8,0.0,1,8,0.0,1,8,0.0,1,8,-0.0,1,8,-9900,?,9,-9900,?,9,9.01,E,8,8.69,E,8,92.0,E,8,822.9788000000001,E,8,999.0,E,8,0.94,E,8,-9900,?,9,-9900,?,9,0.0,E,8,-9900,?,9,-9900,?,9,0.0,0.0,E,8
07/28/2017,05:00,0.0,1323.898,0.0,1,8,0.0,1,8,0.0,1,8,0.0,1,8,0.0,1,8,0.0,1,8,-0.0,1,8,-9900,?,9,-9900,?,9,8.79,E,8,8.57,E,8,96.0,E,8,822.9788000000001,E,8,999.0,E,8,0.94,E,8,-9900,?,9,-9900,?,9,0.004,E,8,-9900,?,9,-9900,?,9,0.04,99.0,E,8
07/28/2017,06:00,0.0,1323.898,0.0,1,8,0.0,1,8,0.0,1,8,0.0,1,8,0.0,1,8,0.0,1,8,-0.0,1,8,-9900,?,9,-9900,?,9,8.62,E,8,8.48,E,8,99.0,E,8,822.9788000000001,E,8,999.0,E,8,0.94,E,8,-9900,?,9,-9900,?,9,0.267,E,8,-9900,?,9,-9900,?,9,2.67,99.0,E,8
07/28/2017,07:00,31.039,1323.898,0.0,1,8,0.0,1,8,0.0,1,8,0.0,1,8,0.0,1,8,0.0,1,8,0.0,1,8,-9900,?,9,-9900,?,9,8.48,E,8,8.41,E,8,97.0,E,8,822.9788000000001,E,8,999.0,E,8,0.94,E,8,-9900,?,9,-9900,?,9,0.001,E,8,-9900,?,9,-9900,?,9,0.01,99.0,E,8
07/28/2017,08:00,317.088,1323.898,57.63,1,8,0.0,1,8,57.63,1,8,6915.6,1,8,0.0,1,8,6339.3,1,8,76.951,1,8,-9900,?,9,-9900,?,9,8.33,E,8,8.33,E,8,94.0,E,8,822.9788000000001,E,8,999.0,E,8,0.94,E,8,-9900,?,9,-9900,?,9,0.0,E,8,-9900,?,9,-9900,?,9,0.0,0.0,E,8
07/28/2017,09:00,577.255,1323.898,130.07,1,8,0.313,1,8,129.934,1,8,15608.4,1,8,29.755,1,8,14292.696,1,8,94.973,1,8,-9900,?,9,-9900,?,9,11.09,E,8,9.76,E,8,88.0,E,8,822.9788000000001,E,8,999.0,E,8,0.94,E,8,-9900,?,9,-9900,?,9,0.0,E,8,-9900,?,9,-9900,?,9,0.0,0.0,E,8
07/28/2017,10:00,788.1,1323.898,137.28,1,8,0.677,1,8,136.877,1,8,16473.6,1,8,64.353,1,8,15056.466,1,8,73.229,1,8,-9900,?,9,-9900,?,9,11.52,E,8,9.98,E,8,88.0,E,8,822.9788000000001,E,8,999.0,E,8,0.94,E,8,-9900,?,9,-9900,?,9,0.0,E,8,-9900,?,9,-9900,?,9,0.0,0.0,E,8
07/28/2017,11:00,934.909,1323.898,226.25,1,8,4.843,1,8,222.831,1,8,27150.0,1,8,460.107,1,8,24511.391,1,8,100.471,1,8,-9900,?,9,-9900,?,9,12.39,E,8,10.4,E,8,86.0,E,8,822.9788000000001,E,8,999.0,E,8,0.94,E,8,-9900,?,9,-9900,?,9,0.0,E,8,-9900,?,9,-9900,?,9,0.0,0.0,E,8
07/28/2017,12:00,1007.594,1323.898,227.87,1,8,1.789,1,8,226.509,1,8,27344.4,1,8,169.981,1,8,24915.936,1,8,94.754,1,8,-9900,?,9,-9900,?,9,12.92,E,8,10.65,E,8,85.0,E,8,822.9788000000001,E,8,999.0,E,8,0.94,E,8,-9900,?,9,-9900,?,9,0.0,E,8,-9900,?,9,-9900,?,9,0.0,0.0,E,8
07/28/2017,13:00,1001.175,1323.898,236.23,1,8,1.887,1,8,234.804,1,8,28347.6,1,8,179.226,1,8,25828.398,1,8,98.854,1,8,-9900,?,9,-9900,?,9,13.31,E,8,10.84,E,8,84.0,E,8,822.9788000000001,E,8,999.0,E,8,0.94,E,8,-9900,?,9,-9900,?,9,0.0,E,8,-9900,?,9,-9900,?,9,0.0,0.0,E,8
07/28/2017,14:00,916.087,1323.898,178.15,1,8,2.318,1,8,176.546,1,8,21378.0,1,8,220.23,1,8,19420.104,1,8,81.239,1,8,-9900,?,9,-9900,?,9,13.35,E,8,10.86,E,8,84.0,E,8,822.9788000000001,E,8,999.0,E,8,0.94,E,8,-9900,?,9,-9900,?,9,0.0,E,8,-9900,?,9,-9900,?,9,0.0,0.0,E,8
07/28/2017,15:00,758.155,1323.898,191.33,1,8,2.428,1,8,189.94,1,8,22959.6,1,8,230.648,1,8,20893.451,1,8,105.639,1,8,-9900,?,9,-9900,?,9,13.42,E,8,10.89,E,8,84.0,E,8,822.9788000000001,E,8,999.0,E,8,0.94,E,8,-9900,?,9,-9900,?,9,0.0,E,8,-9900,?,9,-9900,?,9,0.0,0.0,E,8
07/28/2017,16:00,538.234,1323.898,140.94,1,8,2.071,1,8,140.099,1,8,16912.8,1,8,196.722,1,8,15410.93,1,8,109.852,1,8,-9900,?,9,-9900,?,9,13.25,E,8,10.81,E,8,84.0,E,8,822.9788000000001,E,8,999.0,E,8,0.94,E,8,-9900,?,9,-9900,?,9,0.0,E,8,-9900,?,9,-9900,?,9,0.0,0.0,E,8
07/28/2017,17:00,271.781,1323.898,77.21,1,8,11.492,1,8,74.866,1,8,9265.2,1,8,1091.704,1,8,8235.265,1,8,116.834,1,8,-9900,?,9,-9900,?,9,12.78,E,8,10.59,E,8,85.0,E,8,822.9788000000001,E,8,999.0,E,8,0.94,E,8,-9900,?,9,-9900,?,9,0.0,E,8,-9900,?,9,-9900,?,9,0.0,0.0,E,8
07/28/2017,18:00,0.0,1323.898,11.9,1,8,0.0,1,8,0.0,1,8,1428.0,1,8,0.0,1,8,0.0,1,8,-0.0,1,8,-9900,?,9,-9900,?,9,12.11,E,8,10.27,E,8,90.0,E,8,822.9788000000001,E,8,999.0,E,8,0.94,E,8,-9900,?,9,-9900,?,9,0.002,E,8,-9900,?,9,-9900,?,9,0.02,99.0,E,8
07/28/2017,19:00,0.0,1323.898,0.0,1,8,0.0,1,8,0.0,1,8,0.0,1,8,0.0,1,8,0.0,1,8,-0.0,1,8,-9900,?,9,-9900,?,9,11.58,E,8,10.01,E,8,88.0,E,8,822.9788000000001,E,8,999.0,E,8,0.94,E,8,-9900,?,9,-9900,?,9,0.0,E,8,-9900,?,9,-9900,?,9,0.0,0.0,E,8
07/28/2017,20:00,0.0,1323.898,0.0,1,8,0.0,1,8,0.0,1,8,0.0,1,8,0.0,1,8,0.0,1,8,-0.0,1,8,-9900,?,9,-9900,?,9,11.04,E,8,9.74,E,8,92.0,E,8,822.9788000000001,E,8,999.0,E,8,1.24,E,8,-9900,?,9,-9900,?,9,0.003,E,8,-9900,?,9,-9900,?,9,0.03,99.0,E,8
07/28/2017,21:00,0.0,1323.898,0.0,1,8,0.0,1,8,0.0,1,8,0.0,1,8,0.0,1,8,0.0,1,8,-0.0,1,8,-9900,?,9,-9900,?,9,10.51,E,8,9.47,E,8,90.0,E,8,822.9788000000001,E,8,999.0,E,8,1.82,E,8,-9900,?,9,-9900,?,9,0.0,E,8,-9900,?,9,-9900,?,9,0.0,0.0,E,8
07/28/2017,22:00,0.0,1323.898,0.0,1,8,0.0,1,8,0.0,1,8,0.0,1,8,0.0,1,8,0.0,1,8,-0.0,1,8,-9900,?,9,-9900,?,9,9.97,E,8,9.2,E,8,94.0,E,8,822.9788000000001,E,8,999.0,E,8,1.68,E,8,-9900,?,9,-9900,?,9,0.008,E,8,-9900,?,9,-9900,?,9,0.08,99.0,E,8
07/28/2017,23:00,0.0,1323.898,0.0,1,8,0.0,1,8,0.0,1,8,0.0,1,8,0.0,1,8,0.0,1,8,-0.0,1,8,-9900,?,9,-9900,?,9,9.44,E,8,8.92,E,8,92.0,E,8,822.9788000000001,E,8,999.0,E,8,1.65,E,8,-9900,?,9,-9900,?,9,0.0,E,8,-9900,?,9,-9900,?,9,0.0,0.0,E,8
07/28/2017,24:00,0.0,1323.898,0.0,1,8,0.0,1,8,0.0,1,8,0.0,1,8,0.0,1,8,0.0,1,8,-0.0,1,8,-9900,?,9,-9900,?,9,8.91,E,8,4.43,E,8,73.0,E,8,822.9788000000001,E,8,999.0,E,8,0.55,E,8,-9900,?,9,-9900,?,9,0.0,E,8,-9900,?,9,-9900,?,9,0.0,0.0,E,8
07/29/2017,01:00,0.0,1323.898,0.0,1,8,0.0,1,8,0.0,1,8,0.0,1,8,0.0,1,8,0.0,1,8,-0.0,1,8,-9900,?,9,-9900,?,9,8.64,E,8,4.75,E,8,76.0,E,8,822.9788000000001,E,8,999.0,E,8,0.55,E,8,-9900,?,9,-9900,?,9,0.0,E,8,-9900,?,9,-9900,?,9,0.0,0.0,E,8
07/29/2017,02:00,0.0,1323.898,0.0,1,8,0.0,1,8,0.0,1,8,0.0,1,8,0.0,1,8,0.0,1,8,-0.0,1,8,-9900,?,9,-9900,?,9,8.37,E,8,5.06,E,8,79.0,E,8,822.9788000000001,E,8,999.0,E,8,0.55,E,8,-9900,?,9,-9900,?,9,0.0,E,8,-9900,?,9,-9900,?,9,0.0,0.0,E,8
07/29/2017,03:00,0.0,1323.898,0.0,1,8,0.0,1,8,0.0,1,8,0.0,1,8,0.0,1,8,0.0,1,8,-0.0,1,8,-9900,?,9,-9900,?,9,8.11,E,8,5.36,E,8,82.0,E,8,822.9788000000001,E,8,999.0,E,8,0.55,E,8,-9900,?,9,-9900,?,9,0.0,E,8,-9900,?,9,-9900,?,9,0.0,0.0,E,8
07/29/2017,04:00,0.0,1324.195,0.0,1,8,0.0,1,8,0.0,1,8,0.0,1,8,0.0,1,8,0.0,1,8,-0.0,1,8,-9900,?,9,-9900,?,9,7.84,E,8,5.66,E,8,86.0,E,8,822.9788000000001,E,8,999.0,E,8,0.55,E,8,-9900,?,9,-9900,?,9,0.0,E,8,-9900,?,9,-9900,?,9,0.0,0.0,E,8
07/29/2017,05:00,0.0,1324.195,0.0,1,8,0.0,1,8,0.0,1,8,0.0,1,8,0.0,1,8,0.0,1,8,-0.0,1,8,-9900,?,9,-9900,?,9,7.57,E,8,5.95,E,8,89.0,E,8,822.9788000000001,E,8,999.0,E,8,0.55,E,8,-9900,?,9,-9900,?,9,0.0,E,8,-9900,?,9,-9900,?,9,0.0,0.0,E,8
07/29/2017,06:00,0.0,1324.195,0.0,1,8,0.0,1,8,0.0,1,8,0.0,1,8,0.0,1,8,0.0,1,8,-0.0,1,8,-9900,?,9,-9900,?,9,7.37,E,8,6.17,E,8,92.0,E,8,822.9788000000001,E,8,999.0,E,8,0.55,E,8,-9900,?,9,-9900,?,9,0.0,E,8,-9900,?,9,-9900,?,9,0.0,0.0,E,8
07/29/2017,07:00,33.053,1324.195,0.0,1,8,0.0,1,8,0.0,1,8,0.0,1,8,0.0,1,8,0.0,1,8,0.0,1,8,-9900,?,9,-9900,?,9,7.19,E,8,6.36,E,8,94.0,E,8,822.9788000000001,E,8,999.0,E,8,0.55,E,8,-9900,?,9,-9900,?,9,0.0,E,8,-9900,?,9,-9900,?,9,0.0,0.0,E,8
07/29/2017,08:00,319.772,1324.195,53.17,1,8,0.0,1,8,53.17,1,8,6380.4,1,8,0.0,1,8,5848.7,1,8,70.41,1,8,-9900,?,9,-9900,?,9,7.01,E,8,6.55,E,8,96.0,E,8,822.9788000000001,E,8,999.0,E,8,0.55,E,8,-9900,?,9,-9900,?,9,0.0,E,8,-9900,?,9,-9900,?,9,0.0,0.0,E,8
07/29/2017,09:00,580.355,1324.195,219.35,1,8,69.794,1,8,188.799,1,8,26322.0,1,8,6630.386,1,8,20767.902,1,8,137.291,1,8,-9900,?,9,-9900,?,9,9.71,E,8,3.44,E,8,64.0,E,8,822.9788000000001,E,8,999.0,E,8,0.55,E,8,-9900,?,9,-9900,?,9,0.0,E,8,-9900,?,9,-9900,?,9,0.0,0.0,E,8
07/29/2017,10:00,791.523,1324.195,372.71,1,8,116.019,1,8,303.398,1,8,44725.2,1,8,11021.776,1,8,33373.746,1,8,161.652,1,8,-9900,?,9,-9900,?,9,11.27,E,8,1.31,E,8,50.0,E,8,822.9788000000001,E,8,999.0,E,8,0.66,E,8,-9900,?,9,-9900,?,9,0.0,E,8,-9900,?,9,-9900,?,9,0.0,0.0,E,8
07/29/2017,11:00,938.543,1324.195,490.8,1,8,92.626,1,8,425.169,1,8,58896.0,1,8,8799.515,1,8,46768.562,1,8,191.001,1,8,-9900,?,9,-9900,?,9,12.64,E,8,-0.74,E,8,39.0,E,8,822.9788000000001,E,8,999.0,E,8,0.69,E,8,-9900,?,9,-9900,?,9,0.0,E,8,-9900,?,9,-9900,?,9,0.0,0.0,E,8
07/29/2017,12:00,1011.313,1324.195,563.61,1,8,148.37,1,8,450.32,1,8,67633.2,1,8,14095.185,1,8,49535.254,1,8,187.728,1,8,-9900,?,9,-9900,?,9,13.75,E,8,-2.5,E,8,31.0,E,8,822.9788000000001,E,8,999.0,E,8,1.19,E,8,-9900,?,9,-9900,?,9,0.0,E,8,-9900,?,9,-9900,?,9,0.0,0.0,E,8
07/29/2017,13:00,1004.849,1324.195,585.6,1,8,239.973,1,8,403.539,1,8,70272.0,1,8,22797.401,1,8,44389.307,1,8,169.309,1,8,-9900,?,9,-9900,?,9,14.56,E,8,-3.96,E,8,26.0,E,8,822.9788000000001,E,8,999.0,E,8,1.82,E,8,-9900,?,9,-9900,?,9,0.0,E,8,-9900,?,9,-9900,?,9,0.0,0.0,E,8
07/29/2017,14:00,919.588,1324.195,555.18,1,8,288.058,1,8,355.201,1,8,66621.6,1,8,27365.496,1,8,39072.121,1,8,162.862,1,8,-9900,?,9,-9900,?,9,15.05,E,8,-4.93,E,8,23.0,E,8,822.9788000000001,E,8,999.0,E,8,2.6,E,8,-9900,?,9,-9900,?,9,0.0,E,8,-9900,?,9,-9900,?,9,0.0,0.0,E,8
07/29/2017,15:00,761.366,1324.195,474.56,1,8,360.735,1,8,267.273,1,8,56947.2,1,8,34269.87,1,8,29400.002,1,8,148.054,1,8,-9900,?,9,-9900,?,9,15.22,E,8,-5.29,E,8,22.0,E,8,822.9788000000001,E,8,999.0,E,8,3.09,E,8,-9900,?,9,-9900,?,9,0.0,E,8,-9900,?,9,-9900,?,9,0.0,0.0,E,8
07/29/2017,16:00,541.06,1324.195,349.94,1,8,526.346,1,8,135.19,1,8,41992.8,1,8,50002.856,1,8,14870.937,1,8,105.471,1,8,-9900,?,9,-9900,?,9,14.98,E,8,-4.79,E,8,23.0,E,8,822.9788000000001,E,8,999.0,E,8,3.08,E,8,-9900,?,9,-9900,?,9,0.0,E,8,-9900,?,9,-9900,?,9,0.0,0.0,E,8
07/29/2017,17:00,274.143,1324.195,192.28,1,8,628.493,1,8,62.987,1,8,23073.6,1,8,59706.855,1,8,6928.542,1,8,97.459,1,8,-9900,?,9,-9900,?,9,14.26,E,8,-3.4,E,8,28.0,E,8,822.9788000000001,E,8,999.0,E,8,2.36,E,8,-9900,?,9,-9900,?,9,0.0,E,8,-9900,?,9,-9900,?,9,0.0,0.0,E,8
07/29/2017,18:00,0.0,1324.195,30.32,1,8,0.0,1,8,0.0,1,8,3638.4,1,8,0.0,1,8,0.0,1,8,-0.0,1,8,-9900,?,9,-9900,?,9,13.17,E,8,-1.55,E,8,35.0,E,8,822.9788000000001,E,8,999.0,E,8,1.31,E,8,-9900,?,9,-9900,?,9,0.0,E,8,-9900,?,9,-9900,?,9,0.0,0.0,E,8
07/29/2017,19:00,0.0,1324.195,0.0,1,8,0.0,1,8,0.0,1,8,0.0,1,8,0.0,1,8,0.0,1,8,-0.0,1,8,-9900,?,9,-9900,?,9,12.21,E,8,-0.11,E,8,42.0,E,8,822.9788000000001,E,8,999.0,E,8,0.67,E,8,-9900,?,9,-9900,?,9,0.0,E,8,-9900,?,9,-9900,?,9,0.0,0.0,E,8
07/29/2017,20:00,0.0,1324.195,0.0,1,8,0.0,1,8,0.0,1,8,0.0,1,8,0.0,1,8,0.0,1,8,-0.0,1,8,-9900,?,9,-9900,?,9,11.25,E,8,1.34,E,8,50.0,E,8,822.9788000000001,E,8,999.0,E,8,0.55,E,8,-9900,?,9,-9900,?,9,0.0,E,8,-9900,?,9,-9900,?,9,0.0,0.0,E,8
07/29/2017,21:00,0.0,1324.195,0.0,1,8,0.0,1,8,0.0,1,8,0.0,1,8,0.0,1,8,0.0,1,8,-0.0,1,8,-9900,?,9,-9900,?,9,10.29,E,8,2.68,E,8,59.0,E,8,822.9788000000001,E,8,999.0,E,8,0.55,E,8,-9900,?,9,-9900,?,9,0.0,E,8,-9900,?,9,-9900,?,9,0.0,0.0,E,8
07/29/2017,22:00,0.0,1324.195,0.0,1,8,0.0,1,8,0.0,1,8,0.0,1,8,0.0,1,8,0.0,1,8,-0.0,1,8,-9900,?,9,-9900,?,9,9.33,E,8,3.91,E,8,68.0,E,8,822.9788000000001,E,8,999.0,E,8,0.55,E,8,-9900,?,9,-9900,?,9,0.0,E,8,-9900,?,9,-9900,?,9,0.0,0.0,E,8
07/29/2017,23:00,0.0,1324.195,0.0,1,8,0.0,1,8,0.0,1,8,0.0,1,8,0.0,1,8,0.0,1,8,-0.0,1,8,-9900,?,9,-9900,?,9,8.37,E,8,5.06,E,8,79.0,E,8,822.9788000000001,E,8,999.0,E,8,0.55,E,8,-9900,?,9,-9900,?,9,0.0,E,8,-9900,?,9,-9900,?,9,0.0,0.0,E,8
07/29/2017,24:00,0.0,1324.195,0.0,1,8,0.0,1,8,0.0,1,8,0.0,1,8,0.0,1,8,0.0,1,8,-0.0,1,8,-9900,?,9,-9900,?,9,7.41,E,8,-2.17,E,8,49.0,E,8,822.9788000000001,E,8,999.0,E,8,0.54,E,8,-9900,?,9,-9900,?,9,0.0,E,8,-9900,?,9,-9900,?,9,0.0,0.0,E,8
07/30/2017,01:00,0.0,1324.195,0.0,1,8,0.0,1,8,0.0,1,8,0.0,1,8,0.0,1,8,0.0,1,8,-0.0,1,8,-9900,?,9,-9900,?,9,6.93,E,8,-1.71,E,8,53.0,E,8,822.9788000000001,E,8,999.0,E,8,0.54,E,8,-9900,?,9,-9900,?,9,0.0,E,8,-9900,?,9,-9900,?,9,0.0,0.0,E,8
07/30/2017,02:00,0.0,1324.195,0.0,1,8,0.0,1,8,0.0,1,8,0.0,1,8,0.0,1,8,0.0,1,8,-0.0,1,8,-9900,?,9,-9900,?,9,6.45,E,8,-1.27,E,8,57.0,E,8,822.9788000000001,E,8,999.0,E,8,0.54,E,8,-9900,?,9,-9900,?,9,0.0,E,8,-9900,?,9,-9900,?,9,0.0,0.0,E,8
07/30/2017,03:00,0.0,1324.195,0.0,1,8,0.0,1,8,0.0,1,8,0.0,1,8,0.0,1,8,0.0,1,8,-0.0,1,8,-9900,?,9,-9900,?,9,5.97,E,8,-0.84,E,8,61.0,E,8,822.9788000000001,E,8,999.0,E,8,0.54,E,8,-9900,?,9,-9900,?,9,0.0,E,8,-9900,?,9,-9900,?,9,0.0,0.0,E,8
07/30/2017,04:00,0.0,1324.504,0.0,1,8,0.0,1,8,0.0,1,8,0.0,1,8,0.0,1,8,0.0,1,8,-0.0,1,8,-9900,?,9,-9900,?,9,5.49,E,8,-0.42,E,8,65.0,E,8,822.9788000000001,E,8,999.0,E,8,0.54,E,8,-9900,?,9,-9900,?,9,0.0,E,8,-9900,?,9,-9900,?,9,0.0,0.0,E,8
07/30/2017,05:00,0.0,1324.504,0.0,1,8,0.0,1,8,0.0,1,8,0.0,1,8,0.0,1,8,0.0,1,8,-0.0,1,8,-9900,?,9,-9900,?,9,5.01,E,8,-0.02,E,8,69.0,E,8,822.9788000000001,E,8,999.0,E,8,0.54,E,8,-9900,?,9,-9900,?,9,0.0,E,8,-9900,?,9,-9900,?,9,0.0,0.0,E,8
07/30/2017,06:00,0.0,1324.504,0.0,1,8,0.0,1,8,0.0,1,8,0.0,1,8,0.0,1,8,0.0,1,8,-0.0,1,8,-9900,?,9,-9900,?,9,4.64,E,8,0.32,E,8,73.0,E,8,822.9788000000001,E,8,999.0,E,8,0.54,E,8,-9900,?,9,-9900,?,9,0.0,E,8,-9900,?,9,-9900,?,9,0.0,0.0,E,8
07/30/2017,07:00,35.166,1324.504,0.0,1,8,0.0,1,8,0.0,1,8,0.0,1,8,0.0,1,8,0.0,1,8,0.0,1,8,-9900,?,9,-9900,?,9,4.32,E,8,0.61,E,8,76.0,E,8,822.9788000000001,E,8,999.0,E,8,0.54,E,8,-9900,?,9,-9900,?,9,0.0,E,8,-9900,?,9,-9900,?,9,0.0,0.0,E,8
07/30/2017,08:00,322.557,1324.504,61.22,1,8,0.0,1,8,61.22,1,8,7346.4,1,8,0.0,1,8,6734.2,1,8,80.383,1,8,-9900,?,9,-9900,?,9,4.01,E,8,0.89,E,8,80.0,E,8,822.9788000000001,E,8,999.0,E,8,0.54,E,8,-9900,?,9,-9900,?,9,0.0,E,8,-9900,?,9,-9900,?,9,0.0,0.0,E,8
07/30/2017,09:00,583.556,1324.504,233.81,1,8,72.547,1,8,201.886,1,8,28057.2,1,8,6891.971,1,8,22207.415,1,8,146.033,1,8,-9900,?,9,-9900,?,9,6.68,E,8,-1.48,E,8,55.0,E,8,822.9788000000001,E,8,999.0,E,8,0.54,E,8,-9900,?,9,-9900,?,9,0.0,E,8,-9900,?,9,-9900,?,9,0.0,0.0,E,8
07/30/2017,10:00,795.041,1324.504,369.83,1,8,66.923,1,8,329.68,1,8,44379.6,1,8,6357.687,1,8,36264.798,1,8,174.917,1,8,-9900,?,9,-9900,?,9,8.02,E,8,-2.78,E,8,45.0,E,8,822.9788000000001,E,8,999.0,E,8,0.54,E,8,-9900,?,9,-9900,?,9,0.0,E,8,-9900,?,9,-9900,?,9,0.0,0.0,E,8
07/30/2017,11:00,942.263,1324.504,505.76,1,8,102.267,1,8,433.027,1,8,60691.2,1,8,9715.375,1,8,47632.995,1,8,193.808,1,8,-9900,?,9,-9900,?,9,9.31,E,8,-4.17,E,8,36.0,E,8,822.9788000000001,E,8,999.0,E,8,1.01,E,8,-9900,?,9,-9900,?,9,0.0,E,8,-9900,?,9,-9900,?,9,0.0,0.0,E,8
07/30/2017,12:00,1015.107,1324.504,594.85,1,8,219.269,1,8,426.836,1,8,71382.0,1,8,20830.547,1,8,46951.941,1,8,177.314,1,8,-9900,?,9,-9900,?,9,10.4,E,8,-5.48,E,8,30.0,E,8,822.9788000000001,E,8,999.0,E,8,1.25,E,8,-9900,?,9,-9900,?,9,0.0,E,8,-9900,?,9,-9900,?,9,0.0,0.0,E,8
07/30/2017,13:00,1008.583,1324.504,627.04,1,8,299.392,1,8,399.107,1,8,75244.8,1,8,28442.268,1,8,43901.808,1,8,166.868,1,8,-9900,?,9,-9900,?,9,11.23,E,8,-6.57,E,8,26.0,E,8,822.9788000000001,E,8,999.0,E,8,2.17,E,8,-9900,?,9,-9900,?,9,0.0,E,8,-9900,?,9,-9900,?,9,0.0,0.0,E,8
07/30/2017,14:00,923.134,1324.504,643.66,1,8,529.83,1,8,274.501,1,8,77239.2,1,8,50333.882,1,8,30195.149,1,8,125.406,1,8,-9900,?,9,-9900,?,9,11.86,E,8,-7.47,E,8,23.0,E,8,822.9788000000001,E,8,999.0,E,8,3.04,E,8,-9900,?,9,-9900,?,9,0.0,E,8,-9900,?,9,-9900,?,9,0.0,0.0,E,8
07/30/2017,15:00,764.607,1324.504,600.0,1,8,741.425,1,8,172.243,1,8,72000.0,1,8,70435.336,1,8,18946.745,1,8,95.03,1,8,-9900,?,9,-9900,?,9,12.24,E,8,-8.05,E,8,21.0,E,8,822.9788000000001,E,8,999.0,E,8,3.0,E,8,-9900,?,9,-9900,?,9,0.0,E,8,-9900,?,9,-9900,?,9,0.0,0.0,E,8
07/30/2017,16:00,543.899,1324.504,431.52,1,8,773.149,1,8,114.488,1,8,51782.4,1,8,73449.114,1,8,12593.64,1,8,88.873,1,8,-9900,?,9,-9900,?,9,12.16,E,8,-7.93,E,8,22.0,E,8,822.9788000000001,E,8,999.0,E,8,3.06,E,8,-9900,?,9,-9900,?,9,0.0,E,8,-9900,?,9,-9900,?,9,0.0,0.0,E,8
07/30/2017,17:00,276.507,1324.504,252.17,1,8,637.61,1,8,119.887,1,8,30260.4,1,8,60572.956,1,8,13187.581,1,8,183.939,1,8,-9900,?,9,-9900,?,9,11.55,E,8,-7.02,E,8,24.0,E,8,822.9788000000001,E,8,999.0,E,8,1.92,E,8,-9900,?,9,-9900,?,9,0.0,E,8,-9900,?,9,-9900,?,9,0.0,0.0,E,8
07/30/2017,18:00,0.0,1324.504,52.78,1,8,0.0,1,8,0.0,1,8,6333.6,1,8,0.0,1,8,0.0,1,8,-0.0,1,8,-9900,?,9,-9900,?,9,10.48,E,8,-5.58,E,8,30.0,E,8,822.9788000000001,E,8,999.0,E,8,1.01,E,8,-9900,?,9,-9900,?,9,0.0,E,8,-9900,?,9,-9900,?,9,0.0,0.0,E,8
07/30/2017,19:00,0.0,1324.504,0.0,1,8,0.0,1,8,0.0,1,8,0.0,1,8,0.0,1,8,0.0,1,8,-0.0,1,8,-9900,?,9,-9900,?,9,9.74,E,8,-4.67,E,8,34.0,E,8,822.9788000000001,E,8,999.0,E,8,0.54,E,8,-9900,?,9,-9900,?,9,0.0,E,8,-9900,?,9,-9900,?,9,0.0,0.0,E,8
07/30/2017,20:00,0.0,1324.504,0.0,1,8,0.0,1,8,0.0,1,8,0.0,1,8,0.0,1,8,0.0,1,8,-0.0,1,8,-9900,?,9,-9900,?,9,9.01,E,8,-3.84,E,8,38.0,E,8,822.9788000000001,E,8,999.0,E,8,0.54,E,8,-9900,?,9,-9900,?,9,0.0,E,8,-9900,?,9,-9900,?,9,0.0,0.0,E,8
07/30/2017,21:00,0.0,1324.504,0.0,1,8,0.0,1,8,0.0,1,8,0.0,1,8,0.0,1,8,0.0,1,8,-0.0,1,8,-9900,?,9,-9900,?,9,8.27,E,8,-3.04,E,8,43.0,E,8,822.9788000000001,E,8,999.0,E,8,0.54,E,8,-9900,?,9,-9900,?,9,0.0,E,8,-9900,?,9,-9900,?,9,0.0,0.0,E,8
07/30/2017,22:00,0.0,1324.504,0.0,1,8,0.0,1,8,0.0,1,8,0.0,1,8,0.0,1,8,0.0,1,8,-0.0,1,8,-9900,?,9,-9900,?,9,7.54,E,8,-2.3,E,8,48.0,E,8,822.9788000000001,E,8,999.0,E,8,0.54,E,8,-9900,?,9,-9900,?,9,0.0,E,8,-9900,?,9,-9900,?,9,0.0,0.0,E,8
07/30/2017,23:00,0.0,1324.504,0.0,1,8,0.0,1,8,0.0,1,8,0.0,1,8,0.0,1,8,0.0,1,8,-0.0,1,8,-9900,?,9,-9900,?,9,6.8,E,8,-1.59,E,8,54.0,E,8,822.9788000000001,E,8,999.0,E,8,0.54,E,8,-9900,?,9,-9900,?,9,0.0,E,8,-9900,?,9,-9900,?,9,0.0,0.0,E,8
07/30/2017,24:00,0.0,1324.504,0.0,1,8,0.0,1,8,0.0,1,8,0.0,1,8,0.0,1,8,0.0,1,8,-0.0,1,8,-9900,?,9,-9900,?,9,6.07,E,8,1.7,E,8,73.0,E,8,822.9788000000001,E,8,999.0,E,8,0.42,E,8,-9900,?,9,-9900,?,9,0.0,E,8,-9900,?,9,-9900,?,9,0.0,0.0,E,8
07/31/2017,01:00,0.0,1324.504,0.0,1,8,0.0,1,8,0.0,1,8,0.0,1,8,0.0,1,8,0.0,1,8,-0.0,1,8,-9900,?,9,-9900,?,9,5.7,E,8,1.93,E,8,76.0,E,8,822.9788000000001,E,8,999.0,E,8,0.42,E,8,-9900,?,9,-9900,?,9,0.0,E,8,-9900,?,9,-9900,?,9,0.0,0.0,E,8
07/31/2017,02:00,0.0,1324.504,0.0,1,8,0.0,1,8,0.0,1,8,0.0,1,8,0.0,1,8,0.0,1,8,-0.0,1,8,-9900,?,9,-9900,?,9,5.33,E,8,2.15,E,8,79.0,E,8,822.9788000000001,E,8,999.0,E,8,0.42,E,8,-9900,?,9,-9900,?,9,0.0,E,8,-9900,?,9,-9900,?,9,0.0,0.0,E,8
07/31/2017,03:00,0.0,1324.504,0.0,1,8,0.0,1,8,0.0,1,8,0.0,1,8,0.0,1,8,0.0,1,8,-0.0,1,8,-9900,?,9,-9900,?,9,4.97,E,8,2.36,E,8,83.0,E,8,822.9788000000001,E,8,999.0,E,8,0.42,E,8,-9900,?,9,-9900,?,9,0.0,E,8,-9900,?,9,-9900,?,9,0.0,0.0,E,8
07/31/2017,04:00,0.0,1324.825,0.0,1,8,0.0,1,8,0.0,1,8,0.0,1,8,0.0,1,8,0.0,1,8,-0.0,1,8,-9900,?,9,-9900,?,9,4.6,E,8,2.58,E,8,86.0,E,8,822.9788000000001,E,8,999.0,E,8,0.42,E,8,-9900,?,9,-9900,?,9,0.0,E,8,-9900,?,9,-9900,?,9,0.0,0.0,E,8
07/31/2017,05:00,0.0,1324.825,0.0,1,8,0.0,1,8,0.0,1,8,0.0,1,8,0.0,1,8,0.0,1,8,-0.0,1,8,-9900,?,9,-9900,?,9,4.23,E,8,2.79,E,8,90.0,E,8,822.9788000000001,E,8,999.0,E,8,0.42,E,8,-9900,?,9,-9900,?,9,0.0,E,8,-9900,?,9,-9900,?,9,0.0,0.0,E,8
07/31/2017,06:00,0.0,1324.825,0.0,1,8,0.0,1,8,0.0,1,8,0.0,1,8,0.0,1,8,0.0,1,8,-0.0,1,8,-9900,?,9,-9900,?,9,3.95,E,8,2.95,E,8,93.0,E,8,822.9788000000001,E,8,999.0,E,8,0.42,E,8,-9900,?,9,-9900,?,9,0.0,E,8,-9900,?,9,-9900,?,9,0.0,0.0,E,8
07/31/2017,07:00,37.378,1324.825,0.0,1,8,0.0,1,8,0.0,1,8,0.0,1,8,0.0,1,8,0.0,1,8,0.0,1,8,-9900,?,9,-9900,?,9,3.7,E,8,3.09,E,8,95.0,E,8,822.9788000000001,E,8,999.0,E,8,0.42,E,8,-9900,?,9,-9900,?,9,0.0,E,8,-9900,?,9,-9900,?,9,0.0,0.0,E,8
07/31/2017,08:00,325.444,1324.825,38.54,1,8,0.0,1,8,38.54,1,8,4624.8,1,8,0.0,1,8,4239.4,1,8,50.163,1,8,-9900,?,9,-9900,?,9,3.46,E,8,3.23,E,8,98.0,E,8,822.9788000000001,E,8,999.0,E,8,0.42,E,8,-9900,?,9,-9900,?,9,0.0,E,8,-9900,?,9,-9900,?,9,0.0,0.0,E,8
07/31/2017,09:00,586.857,1324.825,153.84,1,8,8.069,1,8,150.27,1,8,18460.8,1,8,766.543,1,8,16529.701,1,8,108.111,1,8,-9900,?,9,-9900,?,9,5.98,E,8,1.76,E,8,74.0,E,8,822.9788000000001,E,8,999.0,E,8,0.63,E,8,-9900,?,9,-9900,?,9,0.0,E,8,-9900,?,9,-9900,?,9,0.0,0.0,E,8
07/31/2017,10:00,798.653,1324.825,259.87,1,8,10.673,1,8,253.439,1,8,31184.4,1,8,1013.968,1,8,27878.292,1,8,133.89,1,8,-9900,?,9,-9900,?,9,7.41,E,8,0.86,E,8,63.0,E,8,822.9788000000001,E,8,999.0,E,8,0.66,E,8,-9900,?,9,-9900,?,9,0.0,E,8,-9900,?,9,-9900,?,9,0.0,0.0,E,8
07/31/2017,11:00,946.067,1324.825,341.46,1,8,4.856,1,8,337.993,1,8,40975.2,1,8,461.302,1,8,37179.275,1,8,150.701,1,8,-9900,?,9,-9900,?,9,8.66,E,8,0.02,E,8,54.0,E,8,822.9788000000001,E,8,999.0,E,8,1.19,E,8,-9900,?,9,-9900,?,9,0.0,E,8,-9900,?,9,-9900,?,9,0.0,0.0,E,8
07/31/2017,12:00,1018.973,1324.825,391.73,1,8,12.214,1,8,382.338,1,8,47007.6,1,8,1160.291,1,8,42057.177,1,8,158.264,1,8,-9900,?,9,-9900,?,9,9.67,E,8,-0.6,E,8,48.0,E,8,822.9788000000001,E,8,999.0,E,8,1.45,E,8,-9900,?,9,-9900,?,9,0.0,E,8,-9900,?,9,-9900,?,9,0.0,0.0,E,8
07/31/2017,13:00,1012.375,1324.825,406.89,1,8,40.161,1,8,376.207,1,8,48826.8,1,8,3815.249,1,8,41382.822,1,8,156.742,1,8,-9900,?,9,-9900,?,9,10.42,E,8,-1.09,E,8,44.0,E,8,822.9788000000001,E,8,999.0,E,8,2.74,E,8,-9900,?,9,-9900,?,9,0.0,E,8,-9900,?,9,-9900,?,9,0.0,0.0,E,8
07/31/2017,14:00,926.721,1324.825,385.81,1,8,49.875,1,8,350.933,1,8,46297.2,1,8,4738.147,1,8,38602.601,1,8,159.741,1,8,-9900,?,9,-9900,?,9,10.87,E,8,-1.39,E,8,41.0,E,8,822.9788000000001,E,8,999.0,E,8,2.64,E,8,-9900,?,9,-9900,?,9,0.0,E,8,-9900,?,9,-9900,?,9,0.0,0.0,E,8
07/31/2017,15:00,767.874,1324.825,330.04,1,8,66.512,1,8,291.512,1,8,39604.8,1,8,6318.612,1,8,32066.307,1,8,160.187,1,8,-9900,?,9,-9900,?,9,11.02,E,8,-1.49,E,8,41.0,E,8,822.9788000000001,E,8,999.0,E,8,2.5,E,8,-9900,?,9,-9900,?,9,0.0,E,8,-9900,?,9,-9900,?,9,0.0,0.0,E,8
07/31/2017,16:00,546.751,1324.825,243.85,1,8,117.786,1,8,195.309,1,8,29262.0,1,8,11189.658,1,8,21484.008,1,8,150.855,1,8,-9900,?,9,-9900,?,9,10.8,E,8,-1.34,E,8,42.0,E,8,822.9788000000001,E,8,999.0,E,8,2.78,E,8,-9900,?,9,-9900,?,9,0.0,E,8,-9900,?,9,-9900,?,9,0.0,0.0,E,8
07/31/2017,17:00,278.871,1324.825,134.78,1,8,281.269,1,8,75.935,1,8,16173.6,1,8,26720.593,1,8,8352.875,1,8,115.534,1,8,-9900,?,9,-9900,?,9,10.14,E,8,-0.9,E,8,45.0,E,8,822.9788000000001,E,8,999.0,E,8,2.59,E,8,-9900,?,9,-9900,?,9,0.0,E,8,-9900,?,9,-9900,?,9,0.0,0.0,E,8
07/31/2017,18:00,0.0,1324.825,80.168,1,8,0.0,1,8,0.0,1,8,9620.16,1,8,0.0,1,8,0.0,1,8,-0.0,1,8,-9900,?,9,-9900,?,9,9.372,E,8,-0.418,E,8,49.8,E,8,822.9788000000001,E,8,999.0,E,8,1.584,E,8,-9900,?,9,-9900,?,9,0.0,E,8,-9900,?,9,-9900,?,9,0.0,0.0,E,8
07/31/2017,19:00,0.0,1324.825,31.398,1,8,0.0,1,8,0.0,1,8,3767.76,1,8,0.0,1,8,0.0,1,8,-0.0,1,8,-9900,?,9,-9900,?,9,8.74,E,8,-0.008,E,8,53.6,E,8,822.9788000000001,E,8,999.0,E,8,1.156,E,8,-9900,?,9,-9900,?,9,0.0,E,8,-9900,?,9,-9900,?,9,0.0,0.0,E,8
07/31/2017,20:00,0.0,1324.825,4.442,1,8,0.0,1,8,0.0,1,8,533.04,1,8,0.0,1,8,0.0,1,8,-0.0,1,8,-9900,?,9,-9900,?,9,8.14,E,8,0.378,E,8,57.6,E,8,822.9788000000001,E,8,999.0,E,8,0.746,E,8,-9900,?,9,-9900,?,9,0.0,E,8,-9900,?,9,-9900,?,9,0.0,0.0,E,8
07/31/2017,21:00,0.0,1324.825,0.0,1,8,0.0,1,8,0.0,1,8,0.0,1,8,0.0,1,8,0.0,1,8,-0.0,1,8,-9900,?,9,-9900,?,9,7.64,E,8,0.702,E,8,61.0,E,8,822.9788000000001,E,8,999.0,E,8,0.556,E,8,-9900,?,9,-9900,?,9,0.0,E,8,-9900,?,9,-9900,?,9,0.0,0.0,E,8
07/31/2017,22:00,0.0,1324.825,0.0,1,8,0.0,1,8,0.0,1,8,0.0,1,8,0.0,1,8,0.0,1,8,-0.0,1,8,-9900,?,9,-9900,?,9,7.136,E,8,0.792,E,8,63.6,E,8,822.9788000000001,E,8,999.0,E,8,0.554,E,8,-9900,?,9,-9900,?,9,0.0,E,8,-9900,?,9,-9900,?,9,0.0,0.0,E,8
07/31/2017,23:00,0.0,1324.825,0.0,1,8,0.0,1,8,0.0,1,8,0.0,1,8,0.0,1,8,0.0,1,8,-0.0,1,8,-9900,?,9,-9900,?,9,6.668,E,8,0.872,E,8,66.2,E,8,822.9788000000001,E,8,999.0,E,8,0.556,E,8,-9900,?,9,-9900,?,9,0.0,E,8,-9900,?,9,-9900,?,9,0.0,0.0,E,8
07/31/2022,24:00,0.0,1324.825,0.0,1,8,0.0,1,8,0.0,1,8,0.0,1,8,0.0,1,8,0.0,1,8,-0.0,1,8,-9900,?,9,-9900,?,9,6.234,E,8,0.944,E,8,68.6,E,8,822.9788000000001,E,8,999.0,E,8,0.51,E,8,-9900,?,9,-9900,?,9,0.0,E,8,-9900,?,9,-9900,?,9,0.0,0.0,E,8
08/01/2022,01:00,0.0,1324.825,0.0,1,8,0.0,1,8,0.0,1,8,0.0,1,8,0.0,1,8,0.0,1,8,-0.0,1,8,-9900,?,9,-9900,?,9,5.834,E,8,1.008,E,8,70.8,E,8,822.9788000000001,E,8,999.0,E,8,0.5,E,8,-9900,?,9,-9900,?,9,0.0,E,8,-9900,?,9,-9900,?,9,0.0,0.0,E,8
08/01/2022,02:00,0.0,1324.825,0.0,1,8,0.0,1,8,0.0,1,8,0.0,1,8,0.0,1,8,0.0,1,8,-0.0,1,8,-9900,?,9,-9900,?,9,5.47,E,8,1.062,E,8,73.0,E,8,822.9788000000001,E,8,999.0,E,8,0.542,E,8,-9900,?,9,-9900,?,9,0.0,E,8,-9900,?,9,-9900,?,9,0.0,0.0,E,8
08/01/2022,03:00,0.0,1324.825,0.0,1,8,0.0,1,8,0.0,1,8,0.0,1,8,0.0,1,8,0.0,1,8,-0.0,1,8,-9900,?,9,-9900,?,9,5.144,E,8,1.342,E,8,76.2,E,8,822.9788000000001,E,8,999.0,E,8,0.576,E,8,-9900,?,9,-9900,?,9,0.0,E,8,-9900,?,9,-9900,?,9,0.0,0.0,E,8
08/01/2022,04:00,0.0,1325.157,0.0,1,8,0.0,1,8,0.0,1,8,0.0,1,8,0.0,1,8,0.0,1,8,-0.0,1,8,-9900,?,9,-9900,?,9,4.832,E,8,1.604,E,8,79.2,E,8,822.9788000000001,E,8,999.0,E,8,0.594,E,8,-9900,?,9,-9900,?,9,0.0,E,8,-9900,?,9,-9900,?,9,0.0,0.0,E,8
08/01/2022,05:00,0.0,1325.157,0.0,1,8,0.0,1,8,0.0,1,8,0.0,1,8,0.0,1,8,0.0,1,8,-0.0,1,8,-9900,?,9,-9900,?,9,4.542,E,8,1.844,E,8,82.2,E,8,822.9788000000001,E,8,999.0,E,8,0.614,E,8,-9900,?,9,-9900,?,9,0.0,E,8,-9900,?,9,-9900,?,9,0.0,0.0,E,8
08/01/2022,06:00,0.0,1325.157,0.0,1,8,0.0,1,8,0.0,1,8,0.0,1,8,0.0,1,8,0.0,1,8,-0.0,1,8,-9900,?,9,-9900,?,9,4.24,E,8,2.09,E,8,85.0,E,8,822.9788000000001,E,8,999.0,E,8,0.56,E,8,-9900,?,9,-9900,?,9,0.0,E,8,-9900,?,9,-9900,?,9,0.0,0.0,E,8
08/01/2022,07:00,39.013,1325.157,0.0,1,8,0.0,1,8,0.0,1,8,0.0,1,8,0.0,1,8,0.0,1,8,0.0,1,8,-9900,?,9,-9900,?,9,4.02,E,8,2.27,E,8,88.0,E,8,822.9788000000001,E,8,999.0,E,8,0.51,E,8,-9900,?,9,-9900,?,9,0.0,E,8,-9900,?,9,-9900,?,9,0.0,0.0,E,8
08/01/2022,08:00,327.625,1325.157,43.15,1,8,0.0,1,8,43.15,1,8,5178.0,1,8,0.0,1,8,4746.5,1,8,55.8,1,8,-9900,?,9,-9900,?,9,3.81,E,8,2.44,E,8,90.0,E,8,822.9788000000001,E,8,999.0,E,8,1.14,E,8,-9900,?,9,-9900,?,9,0.0,E,8,-9900,?,9,-9900,?,9,0.0,0.0,E,8
08/01/2022,09:00,589.403,1325.157,170.19,1,8,15.314,1,8,163.387,1,8,20422.8,1,8,1454.799,1,8,17972.554,1,8,117.068,1,8,-9900,?,9,-9900,?,9,6.67,E,8,-0.0,E,8,62.0,E,8,822.9788000000001,E,8,999.0,E,8,2.07,E,8,-9900,?,9,-9900,?,9,0.0,E,8,-9900,?,9,-9900,?,9,0.0,0.0,E,8
08/01/2022,10:00,801.489,1325.157,286.85,1,8,15.695,1,8,277.362,1,8,34422.0,1,8,1491.01,1,8,30509.84,1,8,146.045,1,8,-9900,?,9,-9900,?,9,8.28,E,8,-1.39,E,8,49.0,E,8,822.9788000000001,E,8,999.0,E,8,2.75,E,8,-9900,?,9,-9900,?,9,0.0,E,8,-9900,?,9,-9900,?,9,0.0,0.0,E,8
08/01/2022,11:00,949.102,1325.157,376.61,1,8,40.329,1,8,347.734,1,8,45193.2,1,8,3831.222,1,8,38250.733,1,8,154.587,1,8,-9900,?,9,-9900,?,9,9.69,E,8,-2.74,E,8,40.0,E,8,822.9788000000001,E,8,999.0,E,8,3.04,E,8,-9900,?,9,-9900,?,9,0.0,E,8,-9900,?,9,-9900,?,9,0.0,0.0,E,8
08/01/2022,12:00,1022.102,1325.157,431.91,1,8,71.327,1,8,376.906,1,8,51829.2,1,8,6776.066,1,8,41459.666,1,8,155.576,1,8,-9900,?,9,-9900,?,9,10.83,E,8,-3.94,E,8,33.0,E,8,822.9788000000001,E,8,999.0,E,8,3.42,E,8,-9900,?,9,-9900,?,9,0.0,E,8,-9900,?,9,-9900,?,9,0.0,0.0,E,8
08/01/2022,13:00,1015.488,1325.157,448.58,1,8,85.764,1,8,382.871,1,8,53829.6,1,8,8147.62,1,8,42115.811,1,8,159.069,1,8,-9900,?,9,-9900,?,9,11.67,E,8,-4.9,E,8,29.0,E,8,822.9788000000001,E,8,999.0,E,8,4.06,E,8,-9900,?,9,-9900,?,9,0.0,E,8,-9900,?,9,-9900,?,9,0.0,0.0,E,8
08/01/2022,14:00,929.709,1325.157,425.39,1,8,72.858,1,8,374.29,1,8,51046.8,1,8,6921.505,1,8,41171.85,1,8,169.867,1,8,-9900,?,9,-9900,?,9,12.18,E,8,-5.53,E,8,27.0,E,8,822.9788000000001,E,8,999.0,E,8,4.18,E,8,-9900,?,9,-9900,?,9,0.0,E,8,-9900,?,9,-9900,?,9,0.0,0.0,E,8
08/01/2022,15:00,770.634,1325.157,364.04,1,8,73.017,1,8,321.602,1,8,43684.8,1,8,6936.66,1,8,35376.18,1,8,176.131,1,8,-9900,?,9,-9900,?,9,12.35,E,8,-5.74,E,8,26.0,E,8,822.9788000000001,E,8,999.0,E,8,5.0,E,8,-9900,?,9,-9900,?,9,0.0,E,8,-9900,?,9,-9900,?,9,0.0,0.0,E,8
08/01/2022,16:00,549.199,1325.157,269.21,1,8,168.392,1,8,199.52,1,8,32305.2,1,8,15997.259,1,8,21947.15,1,8,153.456,1,8,-9900,?,9,-9900,?,9,12.11,E,8,-5.44,E,8,27.0,E,8,822.9788000000001,E,8,999.0,E,8,4.55,E,8,-9900,?,9,-9900,?,9,0.0,E,8,-9900,?,9,-9900,?,9,0.0,0.0,E,8
08/01/2022,17:00,280.936,1325.157,149.19,1,8,350.863,1,8,75.254,1,8,17902.8,1,8,33332.015,1,8,8277.917,1,8,113.674,1,8,-9900,?,9,-9900,?,9,11.36,E,8,-4.54,E,8,31.0,E,8,822.9788000000001,E,8,999.0,E,8,3.6,E,8,-9900,?,9,-9900,?,9,0.0,E,8,-9900,?,9,-9900,?,9,0.0,0.0,E,8
08/01/2022,18:00,0.0,1325.157,25.05,1,8,0.0,1,8,0.0,1,8,3006.0,1,8,0.0,1,8,0.0,1,8,-0.0,1,8,-9900,?,9,-9900,?,9,10.23,E,8,-3.29,E,8,37.0,E,8,822.9788000000001,E,8,999.0,E,8,1.88,E,8,-9900,?,9,-9900,?,9,0.0,E,8,-9900,?,9,-9900,?,9,0.0,0.0,E,8
08/01/2022,19:00,0.0,1325.157,0.0,1,8,0.0,1,8,0.0,1,8,0.0,1,8,0.0,1,8,0.0,1,8,-0.0,1,8,-9900,?,9,-9900,?,9,9.52,E,8,-2.57,E,8,41.0,E,8,822.9788000000001,E,8,999.0,E,8,0.68,E,8,-9900,?,9,-9900,?,9,0.0,E,8,-9900,?,9,-9900,?,9,0.0,0.0,E,8
08/01/2022,20:00,0.0,1325.157,0.0,1,8,0.0,1,8,0.0,1,8,0.0,1,8,0.0,1,8,0.0,1,8,-0.0,1,8,-9900,?,9,-9900,?,9,8.81,E,8,-1.88,E,8,46.0,E,8,822.9788000000001,E,8,999.0,E,8,0.31,E,8,-9900,?,9,-9900,?,9,0.0,E,8,-9900,?,9,-9900,?,9,0.0,0.0,E,8
08/01/2022,21:00,0.0,1325.157,0.0,1,8,0.0,1,8,0.0,1,8,0.0,1,8,0.0,1,8,0.0,1,8,-0.0,1,8,-9900,?,9,-9900,?,9,8.1,E,8,-1.23,E,8,51.0,E,8,822.9788000000001,E,8,999.0,E,8,0.31,E,8,-9900,?,9,-9900,?,9,0.0,E,8,-9900,?,9,-9900,?,9,0.0,0.0,E,8
08/01/2022,22:00,0.0,1325.157,0.0,1,8,0.0,1,8,0.0,1,8,0.0,1,8,0.0,1,8,0.0,1,8,-0.0,1,8,-9900,?,9,-9900,?,9,7.39,E,8,-0.61,E,8,56.0,E,8,822.9788000000001,E,8,999.0,E,8,0.31,E,8,-9900,?,9,-9900,?,9,0.0,E,8,-9900,?,9,-9900,?,9,0.0,0.0,E,8
08/01/2022,23:00,0.0,1325.157,0.0,1,8,0.0,1,8,0.0,1,8,0.0,1,8,0.0,1,8,0.0,1,8,-0.0,1,8,-9900,?,9,-9900,?,9,6.68,E,8,-0.01,E,8,62.0,E,8,822.9788000000001,E,8,999.0,E,8,0.31,E,8,-9900,?,9,-9900,?,9,0.0,E,8,-9900,?,9,-9900,?,9,0.0,0.0,E,8
08/01/2022,24:00,0.0,1325.157,0.0,1,8,0.0,1,8,0.0,1,8,0.0,1,8,0.0,1,8,0.0,1,8,-0.0,1,8,-9900,?,9,-9900,?,9,5.97,E,8,-0.07,E,8,65.0,E,8,822.9788000000001,E,8,999.0,E,8,0.51,E,8,-9900,?,9,-9900,?,9,0.0,E,8,-9900,?,9,-9900,?,9,0.0,0.0,E,8
08/02/2022,01:00,0.0,1325.157,0.0,1,8,0.0,1,8,0.0,1,8,0.0,1,8,0.0,1,8,0.0,1,8,-0.0,1,8,-9900,?,9,-9900,?,9,5.61,E,8,0.22,E,8,68.0,E,8,822.9788000000001,E,8,999.0,E,8,0.51,E,8,-9900,?,9,-9900,?,9,0.0,E,8,-9900,?,9,-9900,?,9,0.0,0.0,E,8
08/02/2022,02:00,0.0,1325.157,0.0,1,8,0.0,1,8,0.0,1,8,0.0,1,8,0.0,1,8,0.0,1,8,-0.0,1,8,-9900,?,9,-9900,?,9,5.25,E,8,0.52,E,8,71.0,E,8,822.9788000000001,E,8,999.0,E,8,0.51,E,8,-9900,?,9,-9900,?,9,0.0,E,8,-9900,?,9,-9900,?,9,0.0,0.0,E,8
08/02/2022,03:00,0.0,1325.157,0.0,1,8,0.0,1,8,0.0,1,8,0.0,1,8,0.0,1,8,0.0,1,8,-0.0,1,8,-9900,?,9,-9900,?,9,4.9,E,8,0.8,E,8,74.0,E,8,822.9788000000001,E,8,999.0,E,8,0.51,E,8,-9900,?,9,-9900,?,9,0.0,E,8,-9900,?,9,-9900,?,9,0.0,0.0,E,8
08/02/2022,04:00,0.0,1325.501,0.0,1,8,0.0,1,8,0.0,1,8,0.0,1,8,0.0,1,8,0.0,1,8,-0.0,1,8,-9900,?,9,-9900,?,9,4.54,E,8,1.08,E,8,78.0,E,8,822.9788000000001,E,8,999.0,E,8,0.51,E,8,-9900,?,9,-9900,?,9,0.0,E,8,-9900,?,9,-9900,?,9,0.0,0.0,E,8
08/02/2022,05:00,0.0,1325.501,0.0,1,8,0.0,1,8,0.0,1,8,0.0,1,8,0.0,1,8,0.0,1,8,-0.0,1,8,-9900,?,9,-9900,?,9,4.19,E,8,1.35,E,8,81.0,E,8,822.9788000000001,E,8,999.0,E,8,0.51,E,8,-9900,?,9,-9900,?,9,0.0,E,8,-9900,?,9,-9900,?,9,0.0,0.0,E,8
08/02/2022,06:00,0.0,1325.501,0.0,1,8,0.0,1,8,0.0,1,8,0.0,1,8,0.0,1,8,0.0,1,8,-0.0,1,8,-9900,?,9,-9900,?,9,3.91,E,8,1.56,E,8,84.0,E,8,822.9788000000001,E,8,999.0,E,8,0.51,E,8,-9900,?,9,-9900,?,9,0.0,E,8,-9900,?,9,-9900,?,9,0.0,0.0,E,8
08/02/2022,07:00,41.399,1325.501,0.0,1,8,0.0,1,8,0.0,1,8,0.0,1,8,0.0,1,8,0.0,1,8,0.0,1,8,-9900,?,9,-9900,?,9,3.68,E,8,1.73,E,8,87.0,E,8,822.9788000000001,E,8,999.0,E,8,0.51,E,8,-9900,?,9,-9900,?,9,0.0,E,8,-9900,?,9,-9900,?,9,0.0,0.0,E,8
08/02/2022,08:00,330.687,1325.501,61.11,1,8,0.0,1,8,61.11,1,8,7333.2,1,8,0.0,1,8,6722.1,1,8,78.307,1,8,-9900,?,9,-9900,?,9,3.44,E,8,1.91,E,8,89.0,E,8,822.9788000000001,E,8,999.0,E,8,0.51,E,8,-9900,?,9,-9900,?,9,0.0,E,8,-9900,?,9,-9900,?,9,0.0,0.0,E,8
08/02/2022,09:00,592.876,1325.501,230.88,1,8,63.625,1,8,202.455,1,8,27705.6,1,8,6044.367,1,8,22270.024,1,8,144.245,1,8,-9900,?,9,-9900,?,9,7.04,E,8,-0.88,E,8,56.0,E,8,822.9788000000001,E,8,999.0,E,8,0.51,E,8,-9900,?,9,-9900,?,9,0.0,E,8,-9900,?,9,-9900,?,9,0.0,0.0,E,8
08/02/2022,10:00,805.264,1325.501,399.07,1,8,85.086,1,8,347.405,1,8,47888.4,1,8,8083.203,1,8,38214.499,1,8,182.115,1,8,-9900,?,9,-9900,?,9,9.12,E,8,-2.63,E,8,42.0,E,8,822.9788000000001,E,8,999.0,E,8,0.51,E,8,-9900,?,9,-9900,?,9,0.0,E,8,-9900,?,9,-9900,?,9,0.0,0.0,E,8
08/02/2022,11:00,953.054,1325.501,527.21,1,8,114.069,1,8,445.215,1,8,63265.2,1,8,10836.555,1,8,48973.686,1,8,197.152,1,8,-9900,?,9,-9900,?,9,10.95,E,8,-4.4,E,8,32.0,E,8,822.9788000000001,E,8,999.0,E,8,0.51,E,8,-9900,?,9,-9900,?,9,0.0,E,8,-9900,?,9,-9900,?,9,0.0,0.0,E,8
08/02/2022,12:00,1026.094,1325.501,610.29,1,8,230.561,1,8,431.844,1,8,73234.8,1,8,21903.28,1,8,47502.818,1,8,177.605,1,8,-9900,?,9,-9900,?,9,12.46,E,8,-6.07,E,8,25.0,E,8,822.9788000000001,E,8,999.0,E,8,0.67,E,8,-9900,?,9,-9900,?,9,0.0,E,8,-9900,?,9,-9900,?,9,0.0,0.0,E,8
08/02/2022,13:00,1019.382,1325.501,667.64,1,8,467.147,1,8,308.452,1,8,80116.8,1,8,44378.938,1,8,33929.707,1,8,127.694,1,8,-9900,?,9,-9900,?,9,13.7,E,8,-7.62,E,8,20.0,E,8,822.9788000000001,E,8,999.0,E,8,1.76,E,8,-9900,?,9,-9900,?,9,0.0,E,8,-9900,?,9,-9900,?,9,0.0,0.0,E,8
08/02/2022,14:00,933.372,1325.501,681.16,1,8,577.015,1,8,274.967,1,8,81739.2,1,8,54816.417,1,8,30246.394,1,8,124.333,1,8,-9900,?,9,-9900,?,9,14.63,E,8,-8.93,E,8,17.0,E,8,822.9788000000001,E,8,999.0,E,8,1.95,E,8,-9900,?,9,-9900,?,9,0.0,E,8,-9900,?,9,-9900,?,9,0.0,0.0,E,8
08/02/2022,15:00,773.952,1325.501,590.3,1,8,783.045,1,8,133.344,1,8,70836.0,1,8,74389.266,1,8,14667.848,1,8,72.734,1,8,-9900,?,9,-9900,?,9,15.05,E,8,-9.57,E,8,15.0,E,8,822.9788000000001,E,8,999.0,E,8,2.28,E,8,-9900,?,9,-9900,?,9,0.0,E,8,-9900,?,9,-9900,?,9,0.0,0.0,E,8
08/02/2022,16:00,552.076,1325.501,464.47,1,8,779.416,1,8,140.291,1,8,55736.4,1,8,74044.562,1,8,15432.006,1,8,107.365,1,8,-9900,?,9,-9900,?,9,15.02,E,8,-9.53,E,8,15.0,E,8,822.9788000000001,E,8,999.0,E,8,2.27,E,8,-9900,?,9,-9900,?,9,0.0,E,8,-9900,?,9,-9900,?,9,0.0,0.0,E,8
08/02/2022,17:00,283.305,1325.501,268.14,1,8,616.477,1,8,137.158,1,8,32176.8,1,8,58565.308,1,8,15087.337,1,8,205.482,1,8,-9900,?,9,-9900,?,9,14.17,E,8,-8.27,E,8,18.0,E,8,822.9788000000001,E,8,999.0,E,8,1.78,E,8,-9900,?,9,-9900,?,9,0.0,E,8,-9900,?,9,-9900,?,9,0.0,0.0,E,8
08/02/2022,18:00,0.0,1325.501,56.37,1,8,0.0,1,8,0.0,1,8,6764.4,1,8,0.0,1,8,0.0,1,8,-0.0,1,8,-9900,?,9,-9900,?,9,12.67,E,8,-6.32,E,8,24.0,E,8,822.9788000000001,E,8,999.0,E,8,0.84,E,8,-9900,?,9,-9900,?,9,0.0,E,8,-9900,?,9,-9900,?,9,0.0,0.0,E,8
08/02/2022,19:00,0.0,1325.501,0.0,1,8,0.0,1,8,0.0,1,8,0.0,1,8,0.0,1,8,0.0,1,8,-0.0,1,8,-9900,?,9,-9900,?,9,11.96,E,8,-5.49,E,8,27.0,E,8,822.9788000000001,E,8,999.0,E,8,0.51,E,8,-9900,?,9,-9900,?,9,0.0,E,8,-9900,?,9,-9900,?,9,0.0,0.0,E,8
08/02/2022,20:00,0.0,1325.501,0.0,1,8,0.0,1,8,0.0,1,8,0.0,1,8,0.0,1,8,0.0,1,8,-0.0,1,8,-9900,?,9,-9900,?,9,11.24,E,8,-4.7,E,8,30.0,E,8,822.9788000000001,E,8,999.0,E,8,0.51,E,8,-9900,?,9,-9900,?,9,0.0,E,8,-9900,?,9,-9900,?,9,0.0,0.0,E,8
08/02/2022,21:00,0.0,1325.501,0.0,1,8,0.0,1,8,0.0,1,8,0.0,1,8,0.0,1,8,0.0,1,8,-0.0,1,8,-9900,?,9,-9900,?,9,10.53,E,8,-3.97,E,8,34.0,E,8,822.9788000000001,E,8,999.0,E,8,0.51,E,8,-9900,?,9,-9900,?,9,0.0,E,8,-9900,?,9,-9900,?,9,0.0,0.0,E,8
08/02/2022,22:00,0.0,1325.501,0.0,1,8,0.0,1,8,0.0,1,8,0.0,1,8,0.0,1,8,0.0,1,8,-0.0,1,8,-9900,?,9,-9900,?,9,9.81,E,8,-3.27,E,8,38.0,E,8,822.9788000000001,E,8,999.0,E,8,0.51,E,8,-9900,?,9,-9900,?,9,0.0,E,8,-9900,?,9,-9900,?,9,0.0,0.0,E,8
08/02/2022,23:00,0.0,1325.501,0.0,1,8,0.0,1,8,0.0,1,8,0.0,1,8,0.0,1,8,0.0,1,8,-0.0,1,8,-9900,?,9,-9900,?,9,9.1,E,8,-2.62,E,8,42.0,E,8,822.9788000000001,E,8,999.0,E,8,0.51,E,8,-9900,?,9,-9900,?,9,0.0,E,8,-9900,?,9,-9900,?,9,0.0,0.0,E,8
08/02/2022,24:00,0.0,1325.501,0.0,1,8,0.0,1,8,0.0,1,8,0.0,1,8,0.0,1,8,0.0,1,8,-0.0,1,8,-9900,?,9,-9900,?,9,8.38,E,8,2.86,E,8,68.0,E,8,822.9788000000001,E,8,999.0,E,8,0.2,E,8,-9900,?,9,-9900,?,9,0.0,E,8,-9900,?,9,-9900,?,9,0.0,0.0,E,8
08/03/2022,01:00,0.0,1325.501,0.0,1,8,0.0,1,8,0.0,1,8,0.0,1,8,0.0,1,8,0.0,1,8,-0.0,1,8,-9900,?,9,-9900,?,9,8.02,E,8,2.97,E,8,70.0,E,8,822.9788000000001,E,8,999.0,E,8,0.22,E,8,-9900,?,9,-9900,?,9,0.0,E,8,-9900,?,9,-9900,?,9,0.0,0.0,E,8
08/03/2022,02:00,0.0,1325.501,0.0,1,8,0.0,1,8,0.0,1,8,0.0,1,8,0.0,1,8,0.0,1,8,-0.0,1,8,-9900,?,9,-9900,?,9,7.67,E,8,3.08,E,8,72.0,E,8,822.9788000000001,E,8,999.0,E,8,0.31,E,8,-9900,?,9,-9900,?,9,0.0,E,8,-9900,?,9,-9900,?,9,0.0,0.0,E,8
08/03/2022,03:00,0.0,1325.501,0.0,1,8,0.0,1,8,0.0,1,8,0.0,1,8,0.0,1,8,0.0,1,8,-0.0,1,8,-9900,?,9,-9900,?,9,7.31,E,8,3.19,E,8,75.0,E,8,822.9788000000001,E,8,999.0,E,8,0.2,E,8,-9900,?,9,-9900,?,9,0.0,E,8,-9900,?,9,-9900,?,9,0.0,0.0,E,8
08/03/2022,04:00,0.0,1325.857,0.0,1,8,0.0,1,8,0.0,1,8,0.0,1,8,0.0,1,8,0.0,1,8,-0.0,1,8,-9900,?,9,-9900,?,9,6.95,E,8,3.3,E,8,77.0,E,8,822.9788000000001,E,8,999.0,E,8,0.25,E,8,-9900,?,9,-9900,?,9,0.0,E,8,-9900,?,9,-9900,?,9,0.0,0.0,E,8
08/03/2022,05:00,0.0,1325.857,0.0,1,8,0.0,1,8,0.0,1,8,0.0,1,8,0.0,1,8,0.0,1,8,-0.0,1,8,-9900,?,9,-9900,?,9,6.59,E,8,3.4,E,8,80.0,E,8,822.9788000000001,E,8,999.0,E,8,0.2,E,8,-9900,?,9,-9900,?,9,0.0,E,8,-9900,?,9,-9900,?,9,0.0,0.0,E,8
08/03/2022,06:00,0.0,1325.857,0.0,1,8,0.0,1,8,0.0,1,8,0.0,1,8,0.0,1,8,0.0,1,8,-0.0,1,8,-9900,?,9,-9900,?,9,6.32,E,8,3.48,E,8,82.0,E,8,822.9788000000001,E,8,999.0,E,8,0.2,E,8,-9900,?,9,-9900,?,9,0.0,E,8,-9900,?,9,-9900,?,9,0.0,0.0,E,8
08/03/2022,07:00,43.885,1325.857,0.0,1,8,0.0,1,8,0.0,1,8,0.0,1,8,0.0,1,8,0.0,1,8,0.0,1,8,-9900,?,9,-9900,?,9,6.08,E,8,3.56,E,8,83.0,E,8,822.9788000000001,E,8,999.0,E,8,0.26,E,8,-9900,?,9,-9900,?,9,0.0,E,8,-9900,?,9,-9900,?,9,0.0,0.0,E,8
08/03/2022,08:00,333.848,1325.857,58.64,1,8,0.0,1,8,58.64,1,8,7036.8,1,8,0.0,1,8,6450.4,1,8,74.444,1,8,-9900,?,9,-9900,?,9,5.84,E,8,3.62,E,8,85.0,E,8,822.9788000000001,E,8,999.0,E,8,0.34,E,8,-9900,?,9,-9900,?,9,0.0,E,8,-9900,?,9,-9900,?,9,0.0,0.0,E,8
08/03/2022,09:00,596.445,1325.857,223.59,1,8,66.14,1,8,193.871,1,8,26830.8,1,8,6283.296,1,8,21325.783,1,8,137.337,1,8,-9900,?,9,-9900,?,9,9.5,E,8,2.51,E,8,61.0,E,8,822.9788000000001,E,8,999.0,E,8,0.48,E,8,-9900,?,9,-9900,?,9,0.0,E,8,-9900,?,9,-9900,?,9,0.0,0.0,E,8
08/03/2022,10:00,809.128,1325.857,374.49,1,8,106.654,1,8,309.435,1,8,44938.8,1,8,10132.089,1,8,34037.843,1,8,161.478,1,8,-9900,?,9,-9900,?,9,11.51,E,8,1.86,E,8,51.0,E,8,822.9788000000001,E,8,999.0,E,8,0.83,E,8,-9900,?,9,-9900,?,9,0.0,E,8,-9900,?,9,-9900,?,9,0.0,0.0,E,8
08/03/2022,11:00,957.084,1325.857,490.51,1,8,190.681,1,8,352.902,1,8,58861.2,1,8,18114.667,1,8,38819.251,1,8,155.657,1,8,-9900,?,9,-9900,?,9,13.27,E,8,1.27,E,8,43.0,E,8,822.9788000000001,E,8,999.0,E,8,1.34,E,8,-9900,?,9,-9900,?,9,0.0,E,8,-9900,?,9,-9900,?,9,0.0,0.0,E,8
08/03/2022,12:00,1030.152,1325.857,561.92,1,8,197.551,1,8,408.458,1,8,67430.4,1,8,18767.377,1,8,44930.379,1,8,167.37,1,8,-9900,?,9,-9900,?,9,14.7,E,8,0.77,E,8,38.0,E,8,822.9788000000001,E,8,999.0,E,8,1.9,E,8,-9900,?,9,-9900,?,9,0.0,E,8,-9900,?,9,-9900,?,9,0.0,0.0,E,8
08/03/2022,13:00,1023.327,1325.857,583.35,1,8,214.017,1,8,418.199,1,8,70002.0,1,8,20331.64,1,8,46001.938,1,8,172.505,1,8,-9900,?,9,-9900,?,9,15.74,E,8,0.4,E,8,35.0,E,8,822.9788000000001,E,8,999.0,E,8,2.06,E,8,-9900,?,9,-9900,?,9,0.0,E,8,-9900,?,9,-9900,?,9,0.0,0.0,E,8
08/03/2022,14:00,937.072,1325.857,553.23,1,8,265.896,1,8,365.358,1,8,66387.6,1,8,25260.156,1,8,40189.428,1,8,164.597,1,8,-9900,?,9,-9900,?,9,16.37,E,8,0.17,E,8,33.0,E,8,822.9788000000001,E,8,999.0,E,8,1.85,E,8,-9900,?,9,-9900,?,9,0.0,E,8,-9900,?,9,-9900,?,9,0.0,0.0,E,8
08/03/2022,15:00,777.29,1325.857,473.78,1,8,320.754,1,8,285.842,1,8,56853.6,1,8,30471.592,1,8,31442.604,1,8,155.286,1,8,-9900,?,9,-9900,?,9,16.59,E,8,0.09,E,8,32.0,E,8,822.9788000000001,E,8,999.0,E,8,2.2,E,8,-9900,?,9,-9900,?,9,0.0,E,8,-9900,?,9,-9900,?,9,0.0,0.0,E,8
08/03/2022,16:00,554.961,1325.857,351.02,1,8,468.22,1,8,155.307,1,8,42122.4,1,8,44480.862,1,8,17083.791,1,8,118.269,1,8,-9900,?,9,-9900,?,9,16.28,E,8,0.21,E,8,33.0,E,8,822.9788000000001,E,8,999.0,E,8,1.39,E,8,-9900,?,9,-9900,?,9,0.0,E,8,-9900,?,9,-9900,?,9,0.0,0.0,E,8
08/03/2022,17:00,285.67,1325.857,131.3,1,8,235.656,1,8,80.821,1,8,15756.0,1,8,22387.29,1,8,8890.313,1,8,120.1,1,8,-9900,?,9,-9900,?,9,15.06,E,8,0.65,E,8,37.0,E,8,822.9788000000001,E,8,999.0,E,8,1.06,E,8,-9900,?,9,-9900,?,9,0.0,E,8,-9900,?,9,-9900,?,9,0.0,0.0,E,8
08/03/2022,18:00,0.0,1325.857,34.22,1,8,0.0,1,8,0.0,1,8,4106.4,1,8,0.0,1,8,0.0,1,8,-0.0,1,8,-9900,?,9,-9900,?,9,13.67,E,8,1.13,E,8,42.0,E,8,822.9788000000001,E,8,999.0,E,8,1.09,E,8,-9900,?,9,-9900,?,9,0.0,E,8,-9900,?,9,-9900,?,9,0.0,0.0,E,8
08/03/2022,19:00,0.0,1325.857,0.0,1,8,0.0,1,8,0.0,1,8,0.0,1,8,0.0,1,8,0.0,1,8,-0.0,1,8,-9900,?,9,-9900,?,9,12.84,E,8,1.42,E,8,45.0,E,8,822.9788000000001,E,8,999.0,E,8,0.79,E,8,-9900,?,9,-9900,?,9,0.0,E,8,-9900,?,9,-9900,?,9,0.0,0.0,E,8
08/03/2022,20:00,0.0,1325.857,0.0,1,8,0.0,1,8,0.0,1,8,0.0,1,8,0.0,1,8,0.0,1,8,-0.0,1,8,-9900,?,9,-9900,?,9,12.0,E,8,1.7,E,8,49.0,E,8,822.9788000000001,E,8,999.0,E,8,0.63,E,8,-9900,?,9,-9900,?,9,0.0,E,8,-9900,?,9,-9900,?,9,0.0,0.0,E,8
08/03/2022,21:00,0.0,1325.857,0.0,1,8,0.0,1,8,0.0,1,8,0.0,1,8,0.0,1,8,0.0,1,8,-0.0,1,8,-9900,?,9,-9900,?,9,11.17,E,8,1.97,E,8,53.0,E,8,822.9788000000001,E,8,999.0,E,8,0.82,E,8,-9900,?,9,-9900,?,9,0.0,E,8,-9900,?,9,-9900,?,9,0.0,0.0,E,8
08/03/2022,22:00,0.0,1325.857,0.0,1,8,0.0,1,8,0.0,1,8,0.0,1,8,0.0,1,8,0.0,1,8,-0.0,1,8,-9900,?,9,-9900,?,9,10.33,E,8,2.25,E,8,57.0,E,8,822.9788000000001,E,8,999.0,E,8,0.7,E,8,-9900,?,9,-9900,?,9,0.0,E,8,-9900,?,9,-9900,?,9,0.0,0.0,E,8
08/03/2022,23:00,0.0,1325.857,0.0,1,8,0.0,1,8,0.0,1,8,0.0,1,8,0.0,1,8,0.0,1,8,-0.0,1,8,-9900,?,9,-9900,?,9,9.5,E,8,2.51,E,8,61.0,E,8,822.9788000000001,E,8,999.0,E,8,0.9,E,8,-9900,?,9,-9900,?,9,0.0,E,8,-9900,?,9,-9900,?,9,0.0,0.0,E,8
08/03/2022,24:00,0.0,1325.857,0.0,1,8,0.0,1,8,0.0,1,8,0.0,1,8,0.0,1,8,0.0,1,8,-0.0,1,8,-9900,?,9,-9900,?,9,8.67,E,8,2.53,E,8,65.0,E,8,822.9788000000001,E,8,999.0,E,8,1.86,E,8,-9900,?,9,-9900,?,9,0.0,E,8,-9900,?,9,-9900,?,9,0.0,0.0,E,8
08/04/2022,01:00,0.0,1325.857,0.0,1,8,0.0,1,8,0.0,1,8,0.0,1,8,0.0,1,8,0.0,1,8,-0.0,1,8,-9900,?,9,-9900,?,9,8.25,E,8,3.02,E,8,69.0,E,8,822.9788000000001,E,8,999.0,E,8,1.22,E,8,-9900,?,9,-9900,?,9,0.0,E,8,-9900,?,9,-9900,?,9,0.0,0.0,E,8
08/04/2022,02:00,0.0,1325.857,0.0,1,8,0.0,1,8,0.0,1,8,0.0,1,8,0.0,1,8,0.0,1,8,-0.0,1,8,-9900,?,9,-9900,?,9,7.83,E,8,3.49,E,8,74.0,E,8,822.9788000000001,E,8,999.0,E,8,1.22,E,8,-9900,?,9,-9900,?,9,0.0,E,8,-9900,?,9,-9900,?,9,0.0,0.0,E,8
08/04/2022,03:00,0.0,1325.857,0.0,1,8,0.0,1,8,0.0,1,8,0.0,1,8,0.0,1,8,0.0,1,8,-0.0,1,8,-9900,?,9,-9900,?,9,7.41,E,8,3.96,E,8,78.0,E,8,822.9788000000001,E,8,999.0,E,8,1.31,E,8,-9900,?,9,-9900,?,9,0.0,E,8,-9900,?,9,-9900,?,9,0.0,0.0,E,8
08/04/2022,04:00,0.0,1326.224,0.0,1,8,0.0,1,8,0.0,1,8,0.0,1,8,0.0,1,8,0.0,1,8,-0.0,1,8,-9900,?,9,-9900,?,9,7.0,E,8,4.4,E,8,83.0,E,8,822.9788000000001,E,8,999.0,E,8,1.54,E,8,-9900,?,9,-9900,?,9,0.0,E,8,-9900,?,9,-9900,?,9,0.0,0.0,E,8
08/04/2022,05:00,0.0,1326.224,0.0,1,8,0.0,1,8,0.0,1,8,0.0,1,8,0.0,1,8,0.0,1,8,-0.0,1,8,-9900,?,9,-9900,?,9,6.58,E,8,4.83,E,8,88.0,E,8,822.9788000000001,E,8,999.0,E,8,1.14,E,8,-9900,?,9,-9900,?,9,0.0,E,8,-9900,?,9,-9900,?,9,0.0,0.0,E,8
08/04/2022,06:00,0.0,1326.224,0.0,1,8,0.0,1,8,0.0,1,8,0.0,1,8,0.0,1,8,0.0,1,8,-0.0,1,8,-9900,?,9,-9900,?,9,6.26,E,8,5.16,E,8,92.0,E,8,822.9788000000001,E,8,999.0,E,8,1.06,E,8,-9900,?,9,-9900,?,9,0.0,E,8,-9900,?,9,-9900,?,9,0.0,0.0,E,8
08/04/2022,07:00,46.471,1326.224,0.0,1,8,0.0,1,8,0.0,1,8,0.0,1,8,0.0,1,8,0.0,1,8,0.0,1,8,-9900,?,9,-9900,?,9,5.98,E,8,5.44,E,8,96.0,E,8,822.9788000000001,E,8,999.0,E,8,0.64,E,8,-9900,?,9,-9900,?,9,0.0,E,8,-9900,?,9,-9900,?,9,0.0,0.0,E,8
08/04/2022,08:00,337.106,1326.224,60.74,1,8,0.0,1,8,60.74,1,8,7288.8,1,8,0.0,1,8,6681.4,1,8,76.38,1,8,-9900,?,9,-9900,?,9,5.71,E,8,5.7,E,8,99.0,E,8,822.9788000000001,E,8,999.0,E,8,0.72,E,8,-9900,?,9,-9900,?,9,0.0,E,8,-9900,?,9,-9900,?,9,0.0,0.0,E,8
08/04/2022,09:00,600.107,1326.224,155.47,1,8,2.131,1,8,154.507,1,8,18656.4,1,8,202.49,1,8,16995.728,1,8,108.812,1,8,-9900,?,9,-9900,?,9,9.42,E,8,1.61,E,8,58.0,E,8,822.9788000000001,E,8,999.0,E,8,1.51,E,8,-9900,?,9,-9900,?,9,0.0,E,8,-9900,?,9,-9900,?,9,0.0,0.0,E,8
08/04/2022,10:00,813.078,1326.224,259.56,1,8,9.832,1,8,253.535,1,8,31147.2,1,8,934.004,1,8,27888.893,1,8,131.7,1,8,-9900,?,9,-9900,?,9,11.16,E,8,-0.67,E,8,43.0,E,8,822.9788000000001,E,8,999.0,E,8,1.86,E,8,-9900,?,9,-9900,?,9,0.0,E,8,-9900,?,9,-9900,?,9,0.0,0.0,E,8
08/04/2022,11:00,961.19,1326.224,339.55,1,8,4.438,1,8,336.334,1,8,40746.0,1,8,421.625,1,8,36996.769,1,8,147.756,1,8,-9900,?,9,-9900,?,9,12.71,E,8,-2.86,E,8,32.0,E,8,822.9788000000001,E,8,999.0,E,8,3.45,E,8,-9900,?,9,-9900,?,9,0.0,E,8,-9900,?,9,-9900,?,9,0.0,0.0,E,8
08/04/2022,12:00,1034.273,1326.224,388.76,1,8,11.098,1,8,380.107,1,8,46651.2,1,8,1054.284,1,8,41811.763,1,8,155.174,1,8,-9900,?,9,-9900,?,9,13.98,E,8,-4.98,E,8,25.0,E,8,822.9788000000001,E,8,999.0,E,8,4.12,E,8,-9900,?,9,-9900,?,9,0.0,E,8,-9900,?,9,-9900,?,9,0.0,0.0,E,8
08/04/2022,13:00,1027.321,1326.224,403.49,1,8,13.207,1,8,393.262,1,8,48418.8,1,8,1254.673,1,8,43258.768,1,8,161.632,1,8,-9900,?,9,-9900,?,9,14.92,E,8,-6.81,E,8,20.0,E,8,822.9788000000001,E,8,999.0,E,8,5.18,E,8,-9900,?,9,-9900,?,9,0.0,E,8,-9900,?,9,-9900,?,9,0.0,0.0,E,8
08/04/2022,14:00,940.805,1326.224,382.67,1,8,44.923,1,8,350.811,1,8,45920.4,1,8,4267.683,1,8,38589.263,1,8,157.459,1,8,-9900,?,9,-9900,?,9,15.48,E,8,-8.05,E,8,17.0,E,8,822.9788000000001,E,8,999.0,E,8,7.09,E,8,-9900,?,9,-9900,?,9,0.0,E,8,-9900,?,9,-9900,?,9,0.0,0.0,E,8
08/04/2022,15:00,780.647,1326.224,327.82,1,8,59.807,1,8,292.636,1,8,39338.4,1,8,5681.625,1,8,32189.946,1,8,158.336,1,8,-9900,?,9,-9900,?,9,15.67,E,8,-8.49,E,8,16.0,E,8,822.9788000000001,E,8,999.0,E,8,8.92,E,8,-9900,?,9,-9900,?,9,0.0,E,8,-9900,?,9,-9900,?,9,0.0,0.0,E,8
08/04/2022,16:00,557.852,1326.224,243.1,1,8,106.096,1,8,198.533,1,8,29172.0,1,8,10079.127,1,8,21838.644,1,8,150.442,1,8,-9900,?,9,-9900,?,9,15.36,E,8,-7.77,E,8,18.0,E,8,822.9788000000001,E,8,999.0,E,8,6.34,E,8,-9900,?,9,-9900,?,9,0.0,E,8,-9900,?,9,-9900,?,9,0.0,0.0,E,8
08/04/2022,17:00,288.031,1326.224,135.84,1,8,256.309,1,8,80.493,1,8,16300.8,1,8,24349.32,1,8,8854.284,1,8,118.654,1,8,-9900,?,9,-9900,?,9,14.49,E,8,-5.94,E,8,22.0,E,8,822.9788000000001,E,8,999.0,E,8,5.3,E,8,-9900,?,9,-9900,?,9,0.0,E,8,-9900,?,9,-9900,?,9,0.0,0.0,E,8
08/04/2022,18:00,0.0,1326.224,24.23,1,8,0.0,1,8,0.0,1,8,2907.6,1,8,0.0,1,8,0.0,1,8,-0.0,1,8,-9900,?,9,-9900,?,9,13.19,E,8,-3.62,E,8,29.0,E,8,822.9788000000001,E,8,999.0,E,8,3.1,E,8,-9900,?,9,-9900,?,9,0.0,E,8,-9900,?,9,-9900,?,9,0.0,0.0,E,8
08/04/2022,19:00,0.0,1326.224,0.0,1,8,0.0,1,8,0.0,1,8,0.0,1,8,0.0,1,8,0.0,1,8,-0.0,1,8,-9900,?,9,-9900,?,9,12.38,E,8,-2.36,E,8,34.0,E,8,822.9788000000001,E,8,999.0,E,8,2.25,E,8,-9900,?,9,-9900,?,9,0.0,E,8,-9900,?,9,-9900,?,9,0.0,0.0,E,8
08/04/2022,20:00,0.0,1326.224,0.0,1,8,0.0,1,8,0.0,1,8,0.0,1,8,0.0,1,8,0.0,1,8,-0.0,1,8,-9900,?,9,-9900,?,9,11.57,E,8,-1.21,E,8,40.0,E,8,822.9788000000001,E,8,999.0,E,8,2.34,E,8,-9900,?,9,-9900,?,9,0.0,E,8,-9900,?,9,-9900,?,9,0.0,0.0,E,8
08/04/2022,21:00,0.0,1326.224,0.0,1,8,0.0,1,8,0.0,1,8,0.0,1,8,0.0,1,8,0.0,1,8,-0.0,1,8,-9900,?,9,-9900,?,9,10.77,E,8,-0.17,E,8,46.0,E,8,822.9788000000001,E,8,999.0,E,8,1.5,E,8,-9900,?,9,-9900,?,9,0.0,E,8,-9900,?,9,-9900,?,9,0.0,0.0,E,8
08/04/2022,22:00,0.0,1326.224,0.0,1,8,0.0,1,8,0.0,1,8,0.0,1,8,0.0,1,8,0.0,1,8,-0.0,1,8,-9900,?,9,-9900,?,9,9.96,E,8,0.91,E,8,53.0,E,8,822.9788000000001,E,8,999.0,E,8,0.84,E,8,-9900,?,9,-9900,?,9,0.0,E,8,-9900,?,9,-9900,?,9,0.0,0.0,E,8
08/04/2022,23:00,0.0,1326.224,0.0,1,8,0.0,1,8,0.0,1,8,0.0,1,8,0.0,1,8,0.0,1,8,-0.0,1,8,-9900,?,9,-9900,?,9,9.15,E,8,1.95,E,8,60.0,E,8,822.9788000000001,E,8,999.0,E,8,0.69,E,8,-9900,?,9,-9900,?,9,0.0,E,8,-9900,?,9,-9900,?,9,0.0,0.0,E,8
08/04/2022,24:00,0.0,1326.224,0.0,1,8,0.0,1,8,0.0,1,8,0.0,1,8,0.0,1,8,0.0,1,8,-0.0,1,8,-9900,?,9,-9900,?,9,8.34,E,8,6.75,E,8,89.0,E,8,822.9788000000001,E,8,999.0,E,8,6.72,E,8,-9900,?,9,-9900,?,9,0.0,E,8,-9900,?,9,-9900,?,9,0.0,0.0,E,8
08/05/2022,01:00,0.0,1326.224,0.0,1,8,0.0,1,8,0.0,1,8,0.0,1,8,0.0,1,8,0.0,1,8,-0.0,1,8,-9900,?,9,-9900,?,9,7.94,E,8,6.57,E,8,91.0,E,8,822.9788000000001,E,8,999.0,E,8,2.77,E,8,-9900,?,9,-9900,?,9,0.0,E,8,-9900,?,9,-9900,?,9,0.0,0.0,E,8
08/05/2022,02:00,0.0,1326.224,0.0,1,8,0.0,1,8,0.0,1,8,0.0,1,8,0.0,1,8,0.0,1,8,-0.0,1,8,-9900,?,9,-9900,?,9,7.54,E,8,6.4,E,8,92.0,E,8,822.9788000000001,E,8,999.0,E,8,4.42,E,8,-9900,?,9,-9900,?,9,0.0,E,8,-9900,?,9,-9900,?,9,0.0,0.0,E,8
08/05/2022,03:00,0.0,1326.224,0.0,1,8,0.0,1,8,0.0,1,8,0.0,1,8,0.0,1,8,0.0,1,8,-0.0,1,8,-9900,?,9,-9900,?,9,7.13,E,8,6.22,E,8,93.0,E,8,822.9788000000001,E,8,999.0,E,8,5.23,E,8,-9900,?,9,-9900,?,9,0.0,E,8,-9900,?,9,-9900,?,9,0.0,0.0,E,8
08/05/2022,04:00,0.0,1326.602,0.0,1,8,0.0,1,8,0.0,1,8,0.0,1,8,0.0,1,8,0.0,1,8,-0.0,1,8,-9900,?,9,-9900,?,9,6.73,E,8,6.04,E,8,95.0,E,8,822.9788000000001,E,8,999.0,E,8,2.49,E,8,-9900,?,9,-9900,?,9,0.0,E,8,-9900,?,9,-9900,?,9,0.0,0.0,E,8
08/05/2022,05:00,0.0,1326.602,0.0,1,8,0.0,1,8,0.0,1,8,0.0,1,8,0.0,1,8,0.0,1,8,-0.0,1,8,-9900,?,9,-9900,?,9,6.33,E,8,5.86,E,8,96.0,E,8,822.9788000000001,E,8,999.0,E,8,2.15,E,8,-9900,?,9,-9900,?,9,0.0,E,8,-9900,?,9,-9900,?,9,0.0,0.0,E,8
08/05/2022,06:00,0.0,1326.602,0.0,1,8,0.0,1,8,0.0,1,8,0.0,1,8,0.0,1,8,0.0,1,8,-0.0,1,8,-9900,?,9,-9900,?,9,6.01,E,8,5.72,E,8,98.0,E,8,822.9788000000001,E,8,999.0,E,8,2.15,E,8,-9900,?,9,-9900,?,9,0.0,E,8,-9900,?,9,-9900,?,9,0.0,0.0,E,8
08/05/2022,07:00,49.157,1326.602,0.0,1,8,0.0,1,8,0.0,1,8,0.0,1,8,0.0,1,8,0.0,1,8,0.0,1,8,-9900,?,9,-9900,?,9,5.75,E,8,5.6,E,8,98.0,E,8,822.9788000000001,E,8,999.0,E,8,2.34,E,8,-9900,?,9,-9900,?,9,0.0,E,8,-9900,?,9,-9900,?,9,0.0,0.0,E,8
08/05/2022,08:00,340.46,1326.602,9.17,1,8,0.0,1,8,9.17,1,8,1100.4,1,8,0.0,1,8,1008.7,1,8,11.42,1,8,-9900,?,9,-9900,?,9,5.48,E,8,5.48,E,8,99.0,E,8,822.9788000000001,E,8,999.0,E,8,2.15,E,8,-9900,?,9,-9900,?,9,0.0,E,8,-9900,?,9,-9900,?,9,0.0,0.0,E,8
08/05/2022,09:00,603.862,1326.602,33.79,1,8,0.0,1,8,33.79,1,8,4054.8,1,8,0.0,1,8,3716.9,1,8,23.655,1,8,-9900,?,9,-9900,?,9,7.37,E,8,6.33,E,8,93.0,E,8,822.9788000000001,E,8,999.0,E,8,2.15,E,8,-9900,?,9,-9900,?,9,0.0,E,8,-9900,?,9,-9900,?,9,0.0,0.0,E,8
08/05/2022,10:00,817.112,1326.602,56.22,1,8,0.0,1,8,56.22,1,8,6746.4,1,8,0.0,1,8,6184.2,1,8,29.068,1,8,-9900,?,9,-9900,?,9,8.39,E,8,6.77,E,8,89.0,E,8,822.9788000000001,E,8,999.0,E,8,2.15,E,8,-9900,?,9,-9900,?,9,0.0,E,8,-9900,?,9,-9900,?,9,0.0,0.0,E,8
08/05/2022,11:00,965.37,1326.602,73.45,1,8,0.0,1,8,73.45,1,8,8814.0,1,8,0.0,1,8,8079.5,1,8,32.137,1,8,-9900,?,9,-9900,?,9,9.28,E,8,7.14,E,8,86.0,E,8,822.9788000000001,E,8,999.0,E,8,2.15,E,8,-9900,?,9,-9900,?,9,0.0,E,8,-9900,?,9,-9900,?,9,0.0,0.0,E,8
08/05/2022,12:00,1038.454,1326.602,84.05,1,8,0.0,1,8,84.05,1,8,10086.0,1,8,0.0,1,8,9245.5,1,8,34.184,1,8,-9900,?,9,-9900,?,9,10.0,E,8,7.44,E,8,84.0,E,8,822.9788000000001,E,8,999.0,E,8,2.61,E,8,-9900,?,9,-9900,?,9,0.0,E,8,-9900,?,9,-9900,?,9,0.0,0.0,E,8
08/05/2022,13:00,1031.36,1326.602,87.21,1,8,0.0,1,8,87.21,1,8,10465.2,1,8,0.0,1,8,9593.1,1,8,35.713,1,8,-9900,?,9,-9900,?,9,10.53,E,8,7.66,E,8,82.0,E,8,822.9788000000001,E,8,999.0,E,8,2.4,E,8,-9900,?,9,-9900,?,9,0.0,E,8,-9900,?,9,-9900,?,9,0.0,0.0,E,8
08/05/2022,14:00,944.569,1326.602,82.71,1,8,0.0,1,8,82.71,1,8,9925.2,1,8,0.0,1,8,9098.1,1,8,36.986,1,8,-9900,?,9,-9900,?,9,10.84,E,8,7.78,E,8,81.0,E,8,822.9788000000001,E,8,999.0,E,8,2.15,E,8,-9900,?,9,-9900,?,9,0.0,E,8,-9900,?,9,-9900,?,9,0.0,0.0,E,8
08/05/2022,15:00,784.021,1326.602,70.88,1,8,0.0,1,8,70.88,1,8,8505.6,1,8,0.0,1,8,7796.8,1,8,38.197,1,8,-9900,?,9,-9900,?,9,10.95,E,8,7.83,E,8,81.0,E,8,822.9788000000001,E,8,999.0,E,8,2.15,E,8,-9900,?,9,-9900,?,9,0.0,E,8,-9900,?,9,-9900,?,9,0.0,0.0,E,8
08/05/2022,16:00,560.747,1326.602,52.61,1,8,0.0,1,8,52.61,1,8,6313.2,1,8,0.0,1,8,5787.1,1,8,39.671,1,8,-9900,?,9,-9900,?,9,10.79,E,8,7.76,E,8,81.0,E,8,822.9788000000001,E,8,999.0,E,8,2.15,E,8,-9900,?,9,-9900,?,9,0.0,E,8,-9900,?,9,-9900,?,9,0.0,0.0,E,8
08/05/2022,17:00,290.385,1326.602,29.48,1,8,0.0,1,8,29.48,1,8,3537.6,1,8,0.0,1,8,3242.8,1,8,43.112,1,8,-9900,?,9,-9900,?,9,10.32,E,8,7.57,E,8,83.0,E,8,822.9788000000001,E,8,999.0,E,8,2.15,E,8,-9900,?,9,-9900,?,9,0.0,E,8,-9900,?,9,-9900,?,9,0.0,0.0,E,8
08/05/2022,18:00,1.306,1326.602,5.36,1,8,0.0,1,8,0.0,1,8,643.2,1,8,0.0,1,8,0.0,1,8,-0.0,1,8,-9900,?,9,-9900,?,9,9.61,E,8,7.28,E,8,85.0,E,8,822.9788000000001,E,8,999.0,E,8,2.15,E,8,-9900,?,9,-9900,?,9,0.0,E,8,-9900,?,9,-9900,?,9,0.0,0.0,E,8
08/05/2022,19:00,0.0,1326.602,0.0,1,8,0.0,1,8,0.0,1,8,0.0,1,8,0.0,1,8,0.0,1,8,-0.0,1,8,-9900,?,9,-9900,?,9,9.22,E,8,7.12,E,8,86.0,E,8,822.9788000000001,E,8,999.0,E,8,2.15,E,8,-9900,?,9,-9900,?,9,0.0,E,8,-9900,?,9,-9900,?,9,0.0,0.0,E,8
08/05/2022,20:00,0.0,1326.602,0.0,1,8,0.0,1,8,0.0,1,8,0.0,1,8,0.0,1,8,0.0,1,8,-0.0,1,8,-9900,?,9,-9900,?,9,8.83,E,8,6.95,E,8,87.0,E,8,822.9788000000001,E,8,999.0,E,8,2.15,E,8,-9900,?,9,-9900,?,9,0.0,E,8,-9900,?,9,-9900,?,9,0.0,0.0,E,8
08/05/2022,21:00,0.0,1326.602,0.0,1,8,0.0,1,8,0.0,1,8,0.0,1,8,0.0,1,8,0.0,1,8,-0.0,1,8,-9900,?,9,-9900,?,9,8.44,E,8,6.79,E,8,89.0,E,8,822.9788000000001,E,8,999.0,E,8,2.15,E,8,-9900,?,9,-9900,?,9,0.0,E,8,-9900,?,9,-9900,?,9,0.0,0.0,E,8
08/05/2022,22:00,0.0,1326.602,0.0,1,8,0.0,1,8,0.0,1,8,0.0,1,8,0.0,1,8,0.0,1,8,-0.0,1,8,-9900,?,9,-9900,?,9,8.05,E,8,6.62,E,8,95.0,E,8,822.9788000000001,E,8,999.0,E,8,2.15,E,8,-9900,?,9,-9900,?,9,0.098,E,8,-9900,?,9,-9900,?,9,0.98,99.0,E,8
08/05/2022,23:00,0.0,1326.602,0.0,1,8,0.0,1,8,0.0,1,8,0.0,1,8,0.0,1,8,0.0,1,8,-0.0,1,8,-9900,?,9,-9900,?,9,7.66,E,8,6.45,E,8,97.0,E,8,822.9788000000001,E,8,999.0,E,8,2.15,E,8,-9900,?,9,-9900,?,9,0.002,E,8,-9900,?,9,-9900,?,9,0.02,99.0,E,8
08/05/2022,24:00,0.0,1326.602,0.0,1,8,0.0,1,8,0.0,1,8,0.0,1,8,0.0,1,8,0.0,1,8,-0.0,1,8,-9900,?,9,-9900,?,9,7.27,E,8,6.3,E,8,93.0,E,8,822.9788000000001,E,8,999.0,E,8,0.84,E,8,-9900,?,9,-9900,?,9,0.0,E,8,-9900,?,9,-9900,?,9,0.0,0.0,E,8
08/06/2022,01:00,0.0,1326.602,0.0,1,8,0.0,1,8,0.0,1,8,0.0,1,8,0.0,1,8,0.0,1,8,-0.0,1,8,-9900,?,9,-9900,?,9,7.08,E,8,6.18,E,8,93.0,E,8,822.9788000000001,E,8,999.0,E,8,0.84,E,8,-9900,?,9,-9900,?,9,0.0,E,8,-9900,?,9,-9900,?,9,0.0,0.0,E,8
08/06/2022,02:00,0.0,1326.602,0.0,1,8,0.0,1,8,0.0,1,8,0.0,1,8,0.0,1,8,0.0,1,8,-0.0,1,8,-9900,?,9,-9900,?,9,6.89,E,8,6.06,E,8,94.0,E,8,822.9788000000001,E,8,999.0,E,8,0.84,E,8,-9900,?,9,-9900,?,9,0.0,E,8,-9900,?,9,-9900,?,9,0.0,0.0,E,8
08/06/2022,03:00,0.0,1326.602,0.0,1,8,0.0,1,8,0.0,1,8,0.0,1,8,0.0,1,8,0.0,1,8,-0.0,1,8,-9900,?,9,-9900,?,9,6.69,E,8,5.93,E,8,94.0,E,8,822.9788000000001,E,8,999.0,E,8,0.84,E,8,-9900,?,9,-9900,?,9,0.0,E,8,-9900,?,9,-9900,?,9,0.0,0.0,E,8
08/06/2022,04:00,0.0,1326.992,0.0,1,8,0.0,1,8,0.0,1,8,0.0,1,8,0.0,1,8,0.0,1,8,-0.0,1,8,-9900,?,9,-9900,?,9,6.5,E,8,5.81,E,8,95.0,E,8,822.9788000000001,E,8,999.0,E,8,0.84,E,8,-9900,?,9,-9900,?,9,0.0,E,8,-9900,?,9,-9900,?,9,0.0,0.0,E,8
08/06/2022,05:00,0.0,1326.992,0.0,1,8,0.0,1,8,0.0,1,8,0.0,1,8,0.0,1,8,0.0,1,8,-0.0,1,8,-9900,?,9,-9900,?,9,6.3,E,8,5.68,E,8,95.0,E,8,822.9788000000001,E,8,999.0,E,8,0.84,E,8,-9900,?,9,-9900,?,9,0.0,E,8,-9900,?,9,-9900,?,9,0.0,0.0,E,8
08/06/2022,06:00,0.0,1326.992,0.0,1,8,0.0,1,8,0.0,1,8,0.0,1,8,0.0,1,8,0.0,1,8,-0.0,1,8,-9900,?,9,-9900,?,9,6.15,E,8,5.59,E,8,96.0,E,8,822.9788000000001,E,8,999.0,E,8,0.84,E,8,-9900,?,9,-9900,?,9,0.0,E,8,-9900,?,9,-9900,?,9,0.0,0.0,E,8
08/06/2022,07:00,51.942,1326.992,0.0,1,8,0.0,1,8,0.0,1,8,0.0,1,8,0.0,1,8,0.0,1,8,0.0,1,8,-9900,?,9,-9900,?,9,6.02,E,8,5.5,E,8,96.0,E,8,822.9788000000001,E,8,999.0,E,8,0.84,E,8,-9900,?,9,-9900,?,9,0.0,E,8,-9900,?,9,-9900,?,9,0.0,0.0,E,8
08/06/2022,08:00,343.91,1326.992,46.57,1,8,0.0,1,8,46.57,1,8,5588.4,1,8,0.0,1,8,5122.7,1,8,57.426,1,8,-9900,?,9,-9900,?,9,5.89,E,8,5.42,E,8,96.0,E,8,822.9788000000001,E,8,999.0,E,8,0.84,E,8,-9900,?,9,-9900,?,9,0.0,E,8,-9900,?,9,-9900,?,9,0.0,0.0,E,8
08/06/2022,09:00,607.708,1326.992,136.18,1,8,0.49,1,8,135.956,1,8,16341.6,1,8,46.516,1,8,14955.161,1,8,94.602,1,8,-9900,?,9,-9900,?,9,9.89,E,8,7.85,E,8,87.0,E,8,822.9788000000001,E,8,999.0,E,8,0.84,E,8,-9900,?,9,-9900,?,9,0.0,E,8,-9900,?,9,-9900,?,9,0.0,0.0,E,8
08/06/2022,10:00,821.229,1326.992,155.99,1,8,1.431,1,8,155.105,1,8,18718.8,1,8,135.923,1,8,17061.546,1,8,79.815,1,8,-9900,?,9,-9900,?,9,10.83,E,8,8.38,E,8,84.0,E,8,822.9788000000001,E,8,999.0,E,8,0.84,E,8,-9900,?,9,-9900,?,9,0.0,E,8,-9900,?,9,-9900,?,9,0.0,0.0,E,8
08/06/2022,11:00,969.621,1326.992,131.27,1,8,0.997,1,8,130.542,1,8,15752.4,1,8,94.705,1,8,14359.594,1,8,56.882,1,8,-9900,?,9,-9900,?,9,11.03,E,8,8.49,E,8,84.0,E,8,822.9788000000001,E,8,999.0,E,8,0.84,E,8,-9900,?,9,-9900,?,9,0.0,E,8,-9900,?,9,-9900,?,9,0.0,0.0,E,8
08/06/2022,12:00,1042.694,1326.992,188.66,1,8,2.527,1,8,186.675,1,8,22639.2,1,8,240.051,1,8,20534.235,1,8,75.636,1,8,-9900,?,9,-9900,?,9,11.65,E,8,8.82,E,8,82.0,E,8,822.9788000000001,E,8,999.0,E,8,0.84,E,8,-9900,?,9,-9900,?,9,0.0,E,8,-9900,?,9,-9900,?,9,0.0,0.0,E,8
08/06/2022,13:00,1035.443,1326.992,153.69,1,8,1.683,1,8,152.377,1,8,18442.8,1,8,159.899,1,8,16761.459,1,8,62.172,1,8,-9900,?,9,-9900,?,9,11.81,E,8,8.9,E,8,82.0,E,8,822.9788000000001,E,8,999.0,E,8,0.84,E,8,-9900,?,9,-9900,?,9,0.0,E,8,-9900,?,9,-9900,?,9,0.0,0.0,E,8
08/06/2022,14:00,948.362,1326.992,161.23,1,8,1.95,1,8,159.837,1,8,19347.6,1,8,185.238,1,8,17582.056,1,8,71.21,1,8,-9900,?,9,-9900,?,9,11.97,E,8,8.99,E,8,81.0,E,8,822.9788000000001,E,8,999.0,E,8,0.84,E,8,-9900,?,9,-9900,?,9,0.0,E,8,-9900,?,9,-9900,?,9,0.0,0.0,E,8
08/06/2022,15:00,787.409,1326.992,187.96,1,8,3.652,1,8,185.794,1,8,22555.2,1,8,346.973,1,8,20437.333,1,8,99.72,1,8,-9900,?,9,-9900,?,9,12.24,E,8,9.13,E,8,81.0,E,8,822.9788000000001,E,8,999.0,E,8,0.84,E,8,-9900,?,9,-9900,?,9,0.0,E,8,-9900,?,9,-9900,?,9,0.0,0.0,E,8
08/06/2022,16:00,563.643,1326.992,148.73,1,8,8.179,1,8,145.26,1,8,17847.6,1,8,777.033,1,8,15978.647,1,8,109.003,1,8,-9900,?,9,-9900,?,9,12.26,E,8,9.14,E,8,81.0,E,8,822.9788000000001,E,8,999.0,E,8,0.84,E,8,-9900,?,9,-9900,?,9,0.0,E,8,-9900,?,9,-9900,?,9,0.0,0.0,E,8
08/06/2022,17:00,292.732,1326.992,110.31,1,8,96.99,1,8,89.033,1,8,13237.2,1,8,9214.006,1,8,9793.633,1,8,129.186,1,8,-9900,?,9,-9900,?,9,11.99,E,8,9.0,E,8,81.0,E,8,822.9788000000001,E,8,999.0,E,8,0.84,E,8,-9900,?,9,-9900,?,9,0.0,E,8,-9900,?,9,-9900,?,9,0.0,0.0,E,8
08/06/2022,18:00,2.814,1326.992,22.72,1,8,0.0,1,8,0.0,1,8,2726.4,1,8,0.0,1,8,0.0,1,8,-0.0,1,8,-9900,?,9,-9900,?,9,11.19,E,8,8.57,E,8,83.0,E,8,822.9788000000001,E,8,999.0,E,8,0.84,E,8,-9900,?,9,-9900,?,9,0.0,E,8,-9900,?,9,-9900,?,9,0.0,0.0,E,8
08/06/2022,19:00,0.0,1326.992,0.0,1,8,0.0,1,8,0.0,1,8,0.0,1,8,0.0,1,8,0.0,1,8,-0.0,1,8,-9900,?,9,-9900,?,9,10.56,E,8,8.23,E,8,85.0,E,8,822.9788000000001,E,8,999.0,E,8,0.84,E,8,-9900,?,9,-9900,?,9,0.0,E,8,-9900,?,9,-9900,?,9,0.0,0.0,E,8
08/06/2022,20:00,0.0,1326.992,0.0,1,8,0.0,1,8,0.0,1,8,0.0,1,8,0.0,1,8,0.0,1,8,-0.0,1,8,-9900,?,9,-9900,?,9,9.93,E,8,7.88,E,8,87.0,E,8,822.9788000000001,E,8,999.0,E,8,0.84,E,8,-9900,?,9,-9900,?,9,0.0,E,8,-9900,?,9,-9900,?,9,0.0,0.0,E,8
08/06/2022,21:00,0.0,1326.992,0.0,1,8,0.0,1,8,0.0,1,8,0.0,1,8,0.0,1,8,0.0,1,8,-0.0,1,8,-9900,?,9,-9900,?,9,9.3,E,8,7.52,E,8,88.0,E,8,822.9788000000001,E,8,999.0,E,8,0.84,E,8,-9900,?,9,-9900,?,9,0.0,E,8,-9900,?,9,-9900,?,9,0.0,0.0,E,8
08/06/2022,22:00,0.0,1326.992,0.0,1,8,0.0,1,8,0.0,1,8,0.0,1,8,0.0,1,8,0.0,1,8,-0.0,1,8,-9900,?,9,-9900,?,9,8.67,E,8,7.15,E,8,90.0,E,8,822.9788000000001,E,8,999.0,E,8,0.84,E,8,-9900,?,9,-9900,?,9,0.0,E,8,-9900,?,9,-9900,?,9,0.0,0.0,E,8
08/06/2022,23:00,0.0,1326.992,0.0,1,8,0.0,1,8,0.0,1,8,0.0,1,8,0.0,1,8,0.0,1,8,-0.0,1,8,-9900,?,9,-9900,?,9,8.04,E,8,6.77,E,8,91.0,E,8,822.9788000000001,E,8,999.0,E,8,1.0,E,8,-9900,?,9,-9900,?,9,0.0,E,8,-9900,?,9,-9900,?,9,0.0,0.0,E,8
08/06/2022,24:00,0.0,1326.992,0.0,1,8,0.0,1,8,0.0,1,8,0.0,1,8,0.0,1,8,0.0,1,8,-0.0,1,8,-9900,?,9,-9900,?,9,7.42,E,8,5.73,E,8,88.0,E,8,822.9788000000001,E,8,999.0,E,8,0.35,E,8,-9900,?,9,-9900,?,9,0.0,E,8,-9900,?,9,-9900,?,9,0.0,0.0,E,8
08/07/2022,01:00,0.0,1326.992,0.0,1,8,0.0,1,8,0.0,1,8,0.0,1,8,0.0,1,8,0.0,1,8,-0.0,1,8,-9900,?,9,-9900,?,9,7.1,E,8,5.62,E,8,90.0,E,8,822.9788000000001,E,8,999.0,E,8,0.44,E,8,-9900,?,9,-9900,?,9,0.0,E,8,-9900,?,9,-9900,?,9,0.0,0.0,E,8
08/07/2022,02:00,0.0,1326.992,0.0,1,8,0.0,1,8,0.0,1,8,0.0,1,8,0.0,1,8,0.0,1,8,-0.0,1,8,-9900,?,9,-9900,?,9,6.79,E,8,5.52,E,8,91.0,E,8,822.9788000000001,E,8,999.0,E,8,0.66,E,8,-9900,?,9,-9900,?,9,0.0,E,8,-9900,?,9,-9900,?,9,0.0,0.0,E,8
08/07/2022,03:00,0.0,1326.992,0.0,1,8,0.0,1,8,0.0,1,8,0.0,1,8,0.0,1,8,0.0,1,8,-0.0,1,8,-9900,?,9,-9900,?,9,6.47,E,8,5.41,E,8,92.0,E,8,822.9788000000001,E,8,999.0,E,8,0.31,E,8,-9900,?,9,-9900,?,9,0.0,E,8,-9900,?,9,-9900,?,9,0.0,0.0,E,8
08/07/2022,04:00,0.0,1327.393,0.0,1,8,0.0,1,8,0.0,1,8,0.0,1,8,0.0,1,8,0.0,1,8,-0.0,1,8,-9900,?,9,-9900,?,9,6.16,E,8,5.3,E,8,94.0,E,8,822.9788000000001,E,8,999.0,E,8,0.36,E,8,-9900,?,9,-9900,?,9,0.0,E,8,-9900,?,9,-9900,?,9,0.0,0.0,E,8
08/07/2022,05:00,0.0,1327.393,0.0,1,8,0.0,1,8,0.0,1,8,0.0,1,8,0.0,1,8,0.0,1,8,-0.0,1,8,-9900,?,9,-9900,?,9,5.84,E,8,5.19,E,8,95.0,E,8,822.9788000000001,E,8,999.0,E,8,0.41,E,8,-9900,?,9,-9900,?,9,0.0,E,8,-9900,?,9,-9900,?,9,0.0,0.0,E,8
08/07/2022,06:00,0.0,1327.393,0.0,1,8,0.0,1,8,0.0,1,8,0.0,1,8,0.0,1,8,0.0,1,8,-0.0,1,8,-9900,?,9,-9900,?,9,5.6,E,8,5.11,E,8,96.0,E,8,822.9788000000001,E,8,999.0,E,8,0.57,E,8,-9900,?,9,-9900,?,9,0.0,E,8,-9900,?,9,-9900,?,9,0.0,0.0,E,8
08/07/2022,07:00,54.827,1327.393,0.0,1,8,0.0,1,8,0.0,1,8,0.0,1,8,0.0,1,8,0.0,1,8,0.0,1,8,-9900,?,9,-9900,?,9,5.39,E,8,5.04,E,8,97.0,E,8,822.9788000000001,E,8,999.0,E,8,0.51,E,8,-9900,?,9,-9900,?,9,0.0,E,8,-9900,?,9,-9900,?,9,0.0,0.0,E,8
08/07/2022,08:00,347.454,1327.393,26.45,1,8,0.0,1,8,26.45,1,8,3174.0,1,8,0.0,1,8,2909.5,1,8,32.29,1,8,-9900,?,9,-9900,?,9,5.18,E,8,4.97,E,8,98.0,E,8,822.9788000000001,E,8,999.0,E,8,0.71,E,8,-9900,?,9,-9900,?,9,0.0,E,8,-9900,?,9,-9900,?,9,0.0,0.0,E,8
08/07/2022,09:00,611.642,1327.393,103.47,1,8,0.0,1,8,103.47,1,8,12416.4,1,8,0.0,1,8,11381.7,1,8,71.555,1,8,-9900,?,9,-9900,?,9,8.11,E,8,5.96,E,8,86.0,E,8,822.9788000000001,E,8,999.0,E,8,0.65,E,8,-9900,?,9,-9900,?,9,0.0,E,8,-9900,?,9,-9900,?,9,0.0,0.0,E,8
08/07/2022,10:00,825.427,1327.393,200.83,1,8,4.186,1,8,198.228,1,8,24099.6,1,8,397.686,1,8,21805.089,1,8,101.517,1,8,-9900,?,9,-9900,?,9,10.15,E,8,6.61,E,8,78.0,E,8,822.9788000000001,E,8,999.0,E,8,0.69,E,8,-9900,?,9,-9900,?,9,0.0,E,8,-9900,?,9,-9900,?,9,0.0,0.0,E,8
08/07/2022,11:00,973.941,1327.393,184.51,1,8,2.598,1,8,182.604,1,8,22141.2,1,8,246.816,1,8,20086.464,1,8,79.239,1,8,-9900,?,9,-9900,?,9,10.99,E,8,6.88,E,8,75.0,E,8,822.9788000000001,E,8,999.0,E,8,0.81,E,8,-9900,?,9,-9900,?,9,0.0,E,8,-9900,?,9,-9900,?,9,0.0,0.0,E,8
08/07/2022,12:00,1046.989,1327.393,175.75,1,8,2.285,1,8,173.948,1,8,21090.0,1,8,217.097,1,8,19134.262,1,8,70.211,1,8,-9900,?,9,-9900,?,9,11.41,E,8,7.01,E,8,74.0,E,8,822.9788000000001,E,8,999.0,E,8,0.52,E,8,-9900,?,9,-9900,?,9,0.0,E,8,-9900,?,9,-9900,?,9,0.0,0.0,E,8
08/07/2022,13:00,1039.568,1327.393,243.26,1,8,3.448,1,8,240.56,1,8,29191.2,1,8,327.604,1,8,26461.576,1,8,97.791,1,8,-9900,?,9,-9900,?,9,12.2,E,8,7.25,E,8,71.0,E,8,822.9788000000001,E,8,999.0,E,8,0.84,E,8,-9900,?,9,-9900,?,9,0.0,E,8,-9900,?,9,-9900,?,9,0.0,0.0,E,8
08/07/2022,14:00,952.181,1327.393,199.87,1,8,1.449,1,8,198.831,1,8,23984.4,1,8,137.641,1,8,21871.408,1,8,88.254,1,8,-9900,?,9,-9900,?,9,12.49,E,8,7.33,E,8,70.0,E,8,822.9788000000001,E,8,999.0,E,8,1.11,E,8,-9900,?,9,-9900,?,9,0.0,E,8,-9900,?,9,-9900,?,9,0.0,0.0,E,8
08/07/2022,15:00,790.81,1327.393,141.94,1,8,0.421,1,8,141.69,1,8,17032.8,1,8,39.965,1,8,15585.846,1,8,75.744,1,8,-9900,?,9,-9900,?,9,12.29,E,8,7.27,E,8,71.0,E,8,822.9788000000001,E,8,999.0,E,8,1.62,E,8,-9900,?,9,-9900,?,9,0.0,E,8,-9900,?,9,-9900,?,9,0.0,0.0,E,8
08/07/2022,16:00,566.541,1327.393,118.26,1,8,0.0,1,8,118.26,1,8,14191.2,1,8,0.0,1,8,13008.6,1,8,88.313,1,8,-9900,?,9,-9900,?,9,11.94,E,8,7.17,E,8,72.0,E,8,822.9788000000001,E,8,999.0,E,8,2.12,E,8,-9900,?,9,-9900,?,9,0.0,E,8,-9900,?,9,-9900,?,9,0.0,0.0,E,8
08/07/2022,17:00,295.07,1327.393,84.22,1,8,11.323,1,8,81.717,1,8,10106.4,1,8,1075.694,1,8,8988.838,1,8,117.656,1,8,-9900,?,9,-9900,?,9,11.4,E,8,7.0,E,8,74.0,E,8,822.9788000000001,E,8,999.0,E,8,2.13,E,8,-9900,?,9,-9900,?,9,0.0,E,8,-9900,?,9,-9900,?,9,0.0,0.0,E,8
08/07/2022,18:00,4.315,1327.393,14.64,1,8,0.0,1,8,0.0,1,8,1756.8,1,8,0.0,1,8,0.0,1,8,-0.0,1,8,-9900,?,9,-9900,?,9,10.47,E,8,6.71,E,8,77.0,E,8,822.9788000000001,E,8,999.0,E,8,1.86,E,8,-9900,?,9,-9900,?,9,0.0,E,8,-9900,?,9,-9900,?,9,0.0,0.0,E,8
08/07/2022,19:00,0.0,1327.393,0.0,1,8,0.0,1,8,0.0,1,8,0.0,1,8,0.0,1,8,0.0,1,8,-0.0,1,8,-9900,?,9,-9900,?,9,9.8,E,8,6.5,E,8,79.0,E,8,822.9788000000001,E,8,999.0,E,8,2.3,E,8,-9900,?,9,-9900,?,9,0.0,E,8,-9900,?,9,-9900,?,9,0.0,0.0,E,8
08/07/2022,20:00,0.0,1327.393,0.0,1,8,0.0,1,8,0.0,1,8,0.0,1,8,0.0,1,8,0.0,1,8,-0.0,1,8,-9900,?,9,-9900,?,9,9.14,E,8,6.29,E,8,82.0,E,8,822.9788000000001,E,8,999.0,E,8,2.29,E,8,-9900,?,9,-9900,?,9,0.0,E,8,-9900,?,9,-9900,?,9,0.0,0.0,E,8
08/07/2022,21:00,0.0,1327.393,0.0,1,8,0.0,1,8,0.0,1,8,0.0,1,8,0.0,1,8,0.0,1,8,-0.0,1,8,-9900,?,9,-9900,?,9,8.47,E,8,6.08,E,8,84.0,E,8,822.9788000000001,E,8,999.0,E,8,2.33,E,8,-9900,?,9,-9900,?,9,0.0,E,8,-9900,?,9,-9900,?,9,0.0,0.0,E,8
08/07/2022,22:00,0.0,1327.393,0.0,1,8,0.0,1,8,0.0,1,8,0.0,1,8,0.0,1,8,0.0,1,8,-0.0,1,8,-9900,?,9,-9900,?,9,7.8,E,8,5.86,E,8,87.0,E,8,822.9788000000001,E,8,999.0,E,8,2.27,E,8,-9900,?,9,-9900,?,9,0.0,E,8,-9900,?,9,-9900,?,9,0.0,0.0,E,8
08/07/2022,23:00,0.0,1327.393,0.0,1,8,0.0,1,8,0.0,1,8,0.0,1,8,0.0,1,8,0.0,1,8,-0.0,1,8,-9900,?,9,-9900,?,9,7.13,E,8,5.63,E,8,90.0,E,8,822.9788000000001,E,8,999.0,E,8,2.64,E,8,-9900,?,9,-9900,?,9,0.0,E,8,-9900,?,9,-9900,?,9,0.0,0.0,E,8
08/07/2022,24:00,0.0,1327.393,0.0,1,8,0.0,1,8,0.0,1,8,0.0,1,8,0.0,1,8,0.0,1,8,-0.0,1,8,-9900,?,9,-9900,?,9,6.47,E,8,2.6,E,8,76.0,E,8,822.9788000000001,E,8,999.0,E,8,22.92,E,8,-9900,?,9,-9900,?,9,0.0,E,8,-9900,?,9,-9900,?,9,0.0,0.0,E,8
08/08/2022,01:00,0.0,1327.393,0.0,1,8,0.0,1,8,0.0,1,8,0.0,1,8,0.0,1,8,0.0,1,8,-0.0,1,8,-9900,?,9,-9900,?,9,6.13,E,8,2.8,E,8,79.0,E,8,822.9788000000001,E,8,999.0,E,8,13.51,E,8,-9900,?,9,-9900,?,9,0.0,E,8,-9900,?,9,-9900,?,9,0.0,0.0,E,8
08/08/2022,02:00,0.0,1327.393,0.0,1,8,0.0,1,8,0.0,1,8,0.0,1,8,0.0,1,8,0.0,1,8,-0.0,1,8,-9900,?,9,-9900,?,9,5.8,E,8,2.98,E,8,82.0,E,8,822.9788000000001,E,8,999.0,E,8,10.44,E,8,-9900,?,9,-9900,?,9,0.0,E,8,-9900,?,9,-9900,?,9,0.0,0.0,E,8
08/08/2022,03:00,0.0,1327.393,0.0,1,8,0.0,1,8,0.0,1,8,0.0,1,8,0.0,1,8,0.0,1,8,-0.0,1,8,-9900,?,9,-9900,?,9,5.47,E,8,3.17,E,8,85.0,E,8,822.9788000000001,E,8,999.0,E,8,11.35,E,8,-9900,?,9,-9900,?,9,0.0,E,8,-9900,?,9,-9900,?,9,0.0,0.0,E,8
08/08/2022,04:00,0.0,1327.805,0.0,1,8,0.0,1,8,0.0,1,8,0.0,1,8,0.0,1,8,0.0,1,8,-0.0,1,8,-9900,?,9,-9900,?,9,5.13,E,8,3.36,E,8,88.0,E,8,822.9788000000001,E,8,999.0,E,8,12.4,E,8,-9900,?,9,-9900,?,9,0.0,E,8,-9900,?,9,-9900,?,9,0.0,0.0,E,8
08/08/2022,05:00,0.0,1327.805,0.0,1,8,0.0,1,8,0.0,1,8,0.0,1,8,0.0,1,8,0.0,1,8,-0.0,1,8,-9900,?,9,-9900,?,9,4.8,E,8,3.54,E,8,91.0,E,8,822.9788000000001,E,8,999.0,E,8,12.77,E,8,-9900,?,9,-9900,?,9,0.0,E,8,-9900,?,9,-9900,?,9,0.0,0.0,E,8
08/08/2022,06:00,0.0,1327.805,0.0,1,8,0.0,1,8,0.0,1,8,0.0,1,8,0.0,1,8,0.0,1,8,-0.0,1,8,-9900,?,9,-9900,?,9,4.54,E,8,3.68,E,8,94.0,E,8,822.9788000000001,E,8,999.0,E,8,7.56,E,8,-9900,?,9,-9900,?,9,0.0,E,8,-9900,?,9,-9900,?,9,0.0,0.0,E,8
08/08/2022,07:00,57.81,1327.805,0.0,1,8,0.0,1,8,0.0,1,8,0.0,1,8,0.0,1,8,0.0,1,8,0.0,1,8,-9900,?,9,-9900,?,9,4.32,E,8,3.8,E,8,96.0,E,8,822.9788000000001,E,8,999.0,E,8,6.83,E,8,-9900,?,9,-9900,?,9,0.0,E,8,-9900,?,9,-9900,?,9,0.0,0.0,E,8
08/08/2022,08:00,351.089,1327.805,33.1,1,8,0.0,1,8,33.1,1,8,3972.0,1,8,0.0,1,8,3641.0,1,8,40.0,1,8,-9900,?,9,-9900,?,9,4.1,E,8,3.92,E,8,98.0,E,8,822.9788000000001,E,8,999.0,E,8,6.98,E,8,-9900,?,9,-9900,?,9,0.0,E,8,-9900,?,9,-9900,?,9,0.0,0.0,E,8
08/08/2022,09:00,615.663,1327.805,134.87,1,8,5.454,1,8,132.344,1,8,16184.4,1,8,518.176,1,8,14557.798,1,8,90.951,1,8,-9900,?,9,-9900,?,9,7.57,E,8,1.95,E,8,67.0,E,8,822.9788000000001,E,8,999.0,E,8,7.52,E,8,-9900,?,9,-9900,?,9,0.0,E,8,-9900,?,9,-9900,?,9,0.0,0.0,E,8
08/08/2022,10:00,829.702,1327.805,222.13,1,8,1.74,1,8,221.043,1,8,26655.6,1,8,165.326,1,8,24314.736,1,8,112.652,1,8,-9900,?,9,-9900,?,9,9.47,E,8,0.75,E,8,54.0,E,8,822.9788000000001,E,8,999.0,E,8,6.99,E,8,-9900,?,9,-9900,?,9,0.0,E,8,-9900,?,9,-9900,?,9,0.0,0.0,E,8
08/08/2022,11:00,978.328,1327.805,289.06,1,8,2.442,1,8,287.261,1,8,34687.2,1,8,232.017,1,8,31598.707,1,8,124.132,1,8,-9900,?,9,-9900,?,9,11.12,E,8,-0.32,E,8,44.0,E,8,822.9788000000001,E,8,999.0,E,8,7.83,E,8,-9900,?,9,-9900,?,9,0.0,E,8,-9900,?,9,-9900,?,9,0.0,0.0,E,8
08/08/2022,12:00,1051.337,1327.805,330.13,1,8,6.004,1,8,325.377,1,8,39615.6,1,8,570.403,1,8,35791.444,1,8,130.829,1,8,-9900,?,9,-9900,?,9,12.44,E,8,-1.17,E,8,38.0,E,8,822.9788000000001,E,8,999.0,E,8,6.49,E,8,-9900,?,9,-9900,?,9,0.0,E,8,-9900,?,9,-9900,?,9,0.0,0.0,E,8
08/08/2022,13:00,1043.73,1327.805,342.26,1,8,9.361,1,8,334.903,1,8,41071.2,1,8,889.303,1,8,36839.329,1,8,135.642,1,8,-9900,?,9,-9900,?,9,13.41,E,8,-1.83,E,8,34.0,E,8,822.9788000000001,E,8,999.0,E,8,7.77,E,8,-9900,?,9,-9900,?,9,0.0,E,8,-9900,?,9,-9900,?,9,0.0,0.0,E,8
08/08/2022,14:00,956.025,1327.805,305.34,1,8,9.28,1,8,298.66,1,8,36640.8,1,8,881.603,1,8,32852.618,1,8,132.072,1,8,-9900,?,9,-9900,?,9,13.88,E,8,-2.16,E,8,32.0,E,8,822.9788000000001,E,8,999.0,E,8,9.41,E,8,-9900,?,9,-9900,?,9,0.0,E,8,-9900,?,9,-9900,?,9,0.0,0.0,E,8
08/08/2022,15:00,794.222,1327.805,317.07,1,8,41.848,1,8,292.052,1,8,38048.4,1,8,3975.524,1,8,32125.739,1,8,155.501,1,8,-9900,?,9,-9900,?,9,14.3,E,8,-2.46,E,8,30.0,E,8,822.9788000000001,E,8,999.0,E,8,5.33,E,8,-9900,?,9,-9900,?,9,0.0,E,8,-9900,?,9,-9900,?,9,0.0,0.0,E,8
08/08/2022,16:00,569.437,1327.805,154.52,1,8,6.15,1,8,151.886,1,8,18542.4,1,8,584.232,1,8,16707.463,1,8,112.88,1,8,-9900,?,9,-9900,?,9,13.58,E,8,-1.95,E,8,33.0,E,8,822.9788000000001,E,8,999.0,E,8,3.33,E,8,-9900,?,9,-9900,?,9,0.0,E,8,-9900,?,9,-9900,?,9,0.0,0.0,E,8
08/08/2022,17:00,297.399,1327.805,169.13,1,8,358.1,1,8,89.355,1,8,20295.6,1,8,34019.488,1,8,9829.062,1,8,127.675,1,8,-9900,?,9,-9900,?,9,13.1,E,8,-1.61,E,8,35.0,E,8,822.9788000000001,E,8,999.0,E,8,3.5,E,8,-9900,?,9,-9900,?,9,0.0,E,8,-9900,?,9,-9900,?,9,0.0,0.0,E,8
08/08/2022,18:00,5.808,1327.805,59.1,1,8,0.0,1,8,0.0,1,8,7092.0,1,8,0.0,1,8,0.0,1,8,-0.0,1,8,-9900,?,9,-9900,?,9,12.01,E,8,-0.89,E,8,40.0,E,8,822.9788000000001,E,8,999.0,E,8,3.25,E,8,-9900,?,9,-9900,?,9,0.0,E,8,-9900,?,9,-9900,?,9,0.0,0.0,E,8
08/08/2022,19:00,0.0,1327.805,0.0,1,8,0.0,1,8,0.0,1,8,0.0,1,8,0.0,1,8,0.0,1,8,-0.0,1,8,-9900,?,9,-9900,?,9,11.1,E,8,-0.31,E,8,45.0,E,8,822.9788000000001,E,8,999.0,E,8,5.45,E,8,-9900,?,9,-9900,?,9,0.0,E,8,-9900,?,9,-9900,?,9,0.0,0.0,E,8
08/08/2022,20:00,0.0,1327.805,0.0,1,8,0.0,1,8,0.0,1,8,0.0,1,8,0.0,1,8,0.0,1,8,-0.0,1,8,-9900,?,9,-9900,?,9,10.19,E,8,0.27,E,8,50.0,E,8,822.9788000000001,E,8,999.0,E,8,3.74,E,8,-9900,?,9,-9900,?,9,0.0,E,8,-9900,?,9,-9900,?,9,0.0,0.0,E,8
08/08/2022,21:00,0.0,1327.805,0.0,1,8,0.0,1,8,0.0,1,8,0.0,1,8,0.0,1,8,0.0,1,8,-0.0,1,8,-9900,?,9,-9900,?,9,9.27,E,8,0.88,E,8,55.0,E,8,822.9788000000001,E,8,999.0,E,8,2.74,E,8,-9900,?,9,-9900,?,9,0.0,E,8,-9900,?,9,-9900,?,9,0.0,0.0,E,8
08/08/2022,22:00,0.0,1327.805,0.0,1,8,0.0,1,8,0.0,1,8,0.0,1,8,0.0,1,8,0.0,1,8,-0.0,1,8,-9900,?,9,-9900,?,9,8.36,E,8,1.46,E,8,61.0,E,8,822.9788000000001,E,8,999.0,E,8,2.53,E,8,-9900,?,9,-9900,?,9,0.0,E,8,-9900,?,9,-9900,?,9,0.0,0.0,E,8
08/08/2022,23:00,0.0,1327.805,0.0,1,8,0.0,1,8,0.0,1,8,0.0,1,8,0.0,1,8,0.0,1,8,-0.0,1,8,-9900,?,9,-9900,?,9,7.45,E,8,2.02,E,8,68.0,E,8,822.9788000000001,E,8,999.0,E,8,2.53,E,8,-9900,?,9,-9900,?,9,0.0,E,8,-9900,?,9,-9900,?,9,0.0,0.0,E,8
08/08/2022,24:00,0.0,1327.805,0.0,1,8,0.0,1,8,0.0,1,8,0.0,1,8,0.0,1,8,0.0,1,8,-0.0,1,8,-9900,?,9,-9900,?,9,6.54,E,8,-0.2,E,8,61.0,E,8,822.9788000000001,E,8,999.0,E,8,0.49,E,8,-9900,?,9,-9900,?,9,0.0,E,8,-9900,?,9,-9900,?,9,0.0,0.0,E,8
08/09/2022,01:00,0.0,1327.805,0.0,1,8,0.0,1,8,0.0,1,8,0.0,1,8,0.0,1,8,0.0,1,8,-0.0,1,8,-9900,?,9,-9900,?,9,6.08,E,8,0.13,E,8,65.0,E,8,822.9788000000001,E,8,999.0,E,8,0.49,E,8,-9900,?,9,-9900,?,9,0.0,E,8,-9900,?,9,-9900,?,9,0.0,0.0,E,8
08/09/2022,02:00,0.0,1327.805,0.0,1,8,0.0,1,8,0.0,1,8,0.0,1,8,0.0,1,8,0.0,1,8,-0.0,1,8,-9900,?,9,-9900,?,9,5.63,E,8,0.48,E,8,69.0,E,8,822.9788000000001,E,8,999.0,E,8,0.49,E,8,-9900,?,9,-9900,?,9,0.0,E,8,-9900,?,9,-9900,?,9,0.0,0.0,E,8
08/09/2022,03:00,0.0,1327.805,0.0,1,8,0.0,1,8,0.0,1,8,0.0,1,8,0.0,1,8,0.0,1,8,-0.0,1,8,-9900,?,9,-9900,?,9,5.17,E,8,0.82,E,8,73.0,E,8,822.9788000000001,E,8,999.0,E,8,0.49,E,8,-9900,?,9,-9900,?,9,0.0,E,8,-9900,?,9,-9900,?,9,0.0,0.0,E,8
08/09/2022,04:00,0.0,1328.228,0.0,1,8,0.0,1,8,0.0,1,8,0.0,1,8,0.0,1,8,0.0,1,8,-0.0,1,8,-9900,?,9,-9900,?,9,4.71,E,8,1.16,E,8,77.0,E,8,822.9788000000001,E,8,999.0,E,8,0.49,E,8,-9900,?,9,-9900,?,9,0.0,E,8,-9900,?,9,-9900,?,9,0.0,0.0,E,8
08/09/2022,05:00,0.0,1328.228,0.0,1,8,0.0,1,8,0.0,1,8,0.0,1,8,0.0,1,8,0.0,1,8,-0.0,1,8,-9900,?,9,-9900,?,9,4.26,E,8,1.48,E,8,82.0,E,8,822.9788000000001,E,8,999.0,E,8,0.49,E,8,-9900,?,9,-9900,?,9,0.0,E,8,-9900,?,9,-9900,?,9,0.0,0.0,E,8
08/09/2022,06:00,0.0,1328.228,0.0,1,8,0.0,1,8,0.0,1,8,0.0,1,8,0.0,1,8,0.0,1,8,-0.0,1,8,-9900,?,9,-9900,?,9,3.91,E,8,1.73,E,8,85.0,E,8,822.9788000000001,E,8,999.0,E,8,0.49,E,8,-9900,?,9,-9900,?,9,0.0,E,8,-9900,?,9,-9900,?,9,0.0,0.0,E,8
08/09/2022,07:00,60.89,1328.228,0.0,1,8,0.0,1,8,0.0,1,8,0.0,1,8,0.0,1,8,0.0,1,8,0.0,1,8,-9900,?,9,-9900,?,9,3.6,E,8,1.94,E,8,88.0,E,8,822.9788000000001,E,8,999.0,E,8,0.49,E,8,-9900,?,9,-9900,?,9,0.0,E,8,-9900,?,9,-9900,?,9,0.0,0.0,E,8
08/09/2022,08:00,354.816,1328.228,61.59,1,8,0.0,1,8,61.59,1,8,7390.8,1,8,0.0,1,8,6774.9,1,8,73.664,1,8,-9900,?,9,-9900,?,9,3.3,E,8,2.14,E,8,92.0,E,8,822.9788000000001,E,8,999.0,E,8,0.49,E,8,-9900,?,9,-9900,?,9,0.0,E,8,-9900,?,9,-9900,?,9,0.0,0.0,E,8
08/09/2022,09:00,619.769,1328.228,211.6,1,8,34.996,1,8,195.288,1,8,25392.0,1,8,3324.626,1,8,21481.626,1,8,133.359,1,8,-9900,?,9,-9900,?,9,7.14,E,8,-0.62,E,8,57.0,E,8,822.9788000000001,E,8,999.0,E,8,0.49,E,8,-9900,?,9,-9900,?,9,0.0,E,8,-9900,?,9,-9900,?,9,0.0,0.0,E,8
08/09/2022,10:00,834.053,1328.228,347.32,1,8,41.368,1,8,321.355,1,8,41678.4,1,8,3930.001,1,8,35349.011,1,8,162.971,1,8,-9900,?,9,-9900,?,9,9.11,E,8,-2.13,E,8,44.0,E,8,822.9788000000001,E,8,999.0,E,8,0.49,E,8,-9900,?,9,-9900,?,9,0.0,E,8,-9900,?,9,-9900,?,9,0.0,0.0,E,8
08/09/2022,11:00,982.778,1328.228,451.32,1,8,70.747,1,8,398.986,1,8,54158.4,1,8,6720.952,1,8,43888.452,1,8,171.684,1,8,-9900,?,9,-9900,?,9,10.83,E,8,-3.6,E,8,34.0,E,8,822.9788000000001,E,8,999.0,E,8,0.89,E,8,-9900,?,9,-9900,?,9,0.0,E,8,-9900,?,9,-9900,?,9,0.0,0.0,E,8
08/09/2022,12:00,1055.736,1328.228,515.1,1,8,124.367,1,8,416.264,1,8,61812.0,1,8,11814.878,1,8,45789.075,1,8,166.729,1,8,-9900,?,9,-9900,?,9,12.21,E,8,-4.92,E,8,28.0,E,8,822.9788000000001,E,8,999.0,E,8,1.45,E,8,-9900,?,9,-9900,?,9,0.0,E,8,-9900,?,9,-9900,?,9,0.0,0.0,E,8
08/09/2022,13:00,1047.929,1328.228,533.87,1,8,148.948,1,8,416.376,1,8,64064.4,1,8,14150.056,1,8,45801.339,1,8,168.017,1,8,-9900,?,9,-9900,?,9,13.23,E,8,-5.99,E,8,24.0,E,8,822.9788000000001,E,8,999.0,E,8,1.63,E,8,-9900,?,9,-9900,?,9,0.0,E,8,-9900,?,9,-9900,?,9,0.0,0.0,E,8
08/09/2022,14:00,959.89,1328.228,506.26,1,8,125.389,1,8,415.668,1,8,60751.2,1,8,11911.951,1,8,45723.449,1,8,183.132,1,8,-9900,?,9,-9900,?,9,13.84,E,8,-6.68,E,8,21.0,E,8,822.9788000000001,E,8,999.0,E,8,1.64,E,8,-9900,?,9,-9900,?,9,0.0,E,8,-9900,?,9,-9900,?,9,0.0,0.0,E,8
08/09/2022,15:00,797.642,1328.228,434.3,1,8,206.985,1,8,310.064,1,8,52116.0,1,8,19663.562,1,8,34107.023,1,8,164.434,1,8,-9900,?,9,-9900,?,9,14.05,E,8,-6.92,E,8,21.0,E,8,822.9788000000001,E,8,999.0,E,8,2.25,E,8,-9900,?,9,-9900,?,9,0.0,E,8,-9900,?,9,-9900,?,9,0.0,0.0,E,8
08/09/2022,16:00,572.331,1328.228,323.4,1,8,308.106,1,8,190.807,1,8,38808.0,1,8,29270.101,1,8,20988.807,1,8,141.132,1,8,-9900,?,9,-9900,?,9,13.73,E,8,-6.55,E,8,22.0,E,8,822.9788000000001,E,8,999.0,E,8,1.88,E,8,-9900,?,9,-9900,?,9,0.0,E,8,-9900,?,9,-9900,?,9,0.0,0.0,E,8
08/09/2022,17:00,299.717,1328.228,183.04,1,8,511.182,1,8,68.302,1,8,21964.8,1,8,48562.252,1,8,7513.238,1,8,96.862,1,8,-9900,?,9,-9900,?,9,12.81,E,8,-5.54,E,8,25.0,E,8,822.9788000000001,E,8,999.0,E,8,1.72,E,8,-9900,?,9,-9900,?,9,0.0,E,8,-9900,?,9,-9900,?,9,0.0,0.0,E,8
08/09/2022,18:00,7.294,1328.228,35.68,1,8,0.0,1,8,0.0,1,8,4281.6,1,8,0.0,1,8,0.0,1,8,-0.0,1,8,-9900,?,9,-9900,?,9,11.42,E,8,-4.15,E,8,32.0,E,8,822.9788000000001,E,8,999.0,E,8,0.72,E,8,-9900,?,9,-9900,?,9,0.0,E,8,-9900,?,9,-9900,?,9,0.0,0.0,E,8
08/09/2022,19:00,0.0,1328.228,0.0,1,8,0.0,1,8,0.0,1,8,0.0,1,8,0.0,1,8,0.0,1,8,-0.0,1,8,-9900,?,9,-9900,?,9,10.56,E,8,-3.36,E,8,36.0,E,8,822.9788000000001,E,8,999.0,E,8,0.77,E,8,-9900,?,9,-9900,?,9,0.0,E,8,-9900,?,9,-9900,?,9,0.0,0.0,E,8
08/09/2022,20:00,0.0,1328.228,0.0,1,8,0.0,1,8,0.0,1,8,0.0,1,8,0.0,1,8,0.0,1,8,-0.0,1,8,-9900,?,9,-9900,?,9,9.69,E,8,-2.61,E,8,40.0,E,8,822.9788000000001,E,8,999.0,E,8,0.49,E,8,-9900,?,9,-9900,?,9,0.0,E,8,-9900,?,9,-9900,?,9,0.0,0.0,E,8
08/09/2022,21:00,0.0,1328.228,0.0,1,8,0.0,1,8,0.0,1,8,0.0,1,8,0.0,1,8,0.0,1,8,-0.0,1,8,-9900,?,9,-9900,?,9,8.83,E,8,-1.9,E,8,45.0,E,8,822.9788000000001,E,8,999.0,E,8,0.49,E,8,-9900,?,9,-9900,?,9,0.0,E,8,-9900,?,9,-9900,?,9,0.0,0.0,E,8
08/09/2022,22:00,0.0,1328.228,0.0,1,8,0.0,1,8,0.0,1,8,0.0,1,8,0.0,1,8,0.0,1,8,-0.0,1,8,-9900,?,9,-9900,?,9,7.96,E,8,-1.23,E,8,51.0,E,8,822.9788000000001,E,8,999.0,E,8,0.49,E,8,-9900,?,9,-9900,?,9,0.0,E,8,-9900,?,9,-9900,?,9,0.0,0.0,E,8
08/09/2022,23:00,0.0,1328.228,0.0,1,8,0.0,1,8,0.0,1,8,0.0,1,8,0.0,1,8,0.0,1,8,-0.0,1,8,-9900,?,9,-9900,?,9,7.1,E,8,-0.59,E,8,57.0,E,8,822.9788000000001,E,8,999.0,E,8,0.49,E,8,-9900,?,9,-9900,?,9,0.0,E,8,-9900,?,9,-9900,?,9,0.0,0.0,E,8
08/09/2022,24:00,0.0,1328.228,0.0,1,8,0.0,1,8,0.0,1,8,0.0,1,8,0.0,1,8,0.0,1,8,-0.0,1,8,-9900,?,9,-9900,?,9,6.23,E,8,-0.39,E,8,62.0,E,8,822.9788000000001,E,8,999.0,E,8,0.15,E,8,-9900,?,9,-9900,?,9,0.0,E,8,-9900,?,9,-9900,?,9,0.0,0.0,E,8
08/10/2022,01:00,0.0,1328.228,0.0,1,8,0.0,1,8,0.0,1,8,0.0,1,8,0.0,1,8,0.0,1,8,-0.0,1,8,-9900,?,9,-9900,?,9,5.8,E,8,-0.08,E,8,65.0,E,8,822.9788000000001,E,8,999.0,E,8,0.15,E,8,-9900,?,9,-9900,?,9,0.0,E,8,-9900,?,9,-9900,?,9,0.0,0.0,E,8
08/10/2022,02:00,0.0,1328.228,0.0,1,8,0.0,1,8,0.0,1,8,0.0,1,8,0.0,1,8,0.0,1,8,-0.0,1,8,-9900,?,9,-9900,?,9,5.37,E,8,0.26,E,8,69.0,E,8,822.9788000000001,E,8,999.0,E,8,0.15,E,8,-9900,?,9,-9900,?,9,0.0,E,8,-9900,?,9,-9900,?,9,0.0,0.0,E,8
08/10/2022,03:00,0.0,1328.228,0.0,1,8,0.0,1,8,0.0,1,8,0.0,1,8,0.0,1,8,0.0,1,8,-0.0,1,8,-9900,?,9,-9900,?,9,4.93,E,8,0.6,E,8,73.0,E,8,822.9788000000001,E,8,999.0,E,8,0.15,E,8,-9900,?,9,-9900,?,9,0.0,E,8,-9900,?,9,-9900,?,9,0.0,0.0,E,8
08/10/2022,04:00,0.0,1328.662,0.0,1,8,0.0,1,8,0.0,1,8,0.0,1,8,0.0,1,8,0.0,1,8,-0.0,1,8,-9900,?,9,-9900,?,9,4.5,E,8,0.93,E,8,77.0,E,8,822.9788000000001,E,8,999.0,E,8,0.15,E,8,-9900,?,9,-9900,?,9,0.0,E,8,-9900,?,9,-9900,?,9,0.0,0.0,E,8
08/10/2022,05:00,0.0,1328.662,0.0,1,8,0.0,1,8,0.0,1,8,0.0,1,8,0.0,1,8,0.0,1,8,-0.0,1,8,-9900,?,9,-9900,?,9,4.07,E,8,1.25,E,8,81.0,E,8,822.9788000000001,E,8,999.0,E,8,0.15,E,8,-9900,?,9,-9900,?,9,0.0,E,8,-9900,?,9,-9900,?,9,0.0,0.0,E,8
08/10/2022,06:00,0.0,1328.662,0.0,1,8,0.0,1,8,0.0,1,8,0.0,1,8,0.0,1,8,0.0,1,8,-0.0,1,8,-9900,?,9,-9900,?,9,3.74,E,8,1.49,E,8,85.0,E,8,822.9788000000001,E,8,999.0,E,8,0.15,E,8,-9900,?,9,-9900,?,9,0.0,E,8,-9900,?,9,-9900,?,9,0.0,0.0,E,8
08/10/2022,07:00,64.067,1328.662,0.0,1,8,0.0,1,8,0.0,1,8,0.0,1,8,0.0,1,8,0.0,1,8,0.0,1,8,-9900,?,9,-9900,?,9,3.45,E,8,1.7,E,8,88.0,E,8,822.9788000000001,E,8,999.0,E,8,0.15,E,8,-9900,?,9,-9900,?,9,0.0,E,8,-9900,?,9,-9900,?,9,0.0,0.0,E,8
08/10/2022,08:00,358.631,1328.662,56.73,1,8,0.0,1,8,56.73,1,8,6807.6,1,8,0.0,1,8,6240.3,1,8,67.146,1,8,-9900,?,9,-9900,?,9,3.16,E,8,1.91,E,8,91.0,E,8,822.9788000000001,E,8,999.0,E,8,0.15,E,8,-9900,?,9,-9900,?,9,0.0,E,8,-9900,?,9,-9900,?,9,0.0,0.0,E,8
08/10/2022,09:00,623.957,1328.662,191.54,1,8,20.99,1,8,181.693,1,8,22984.8,1,8,1994.055,1,8,19986.227,1,8,123.281,1,8,-9900,?,9,-9900,?,9,7.5,E,8,-1.35,E,8,52.0,E,8,822.9788000000001,E,8,999.0,E,8,0.15,E,8,-9900,?,9,-9900,?,9,0.0,E,8,-9900,?,9,-9900,?,9,0.0,0.0,E,8
08/10/2022,10:00,838.477,1328.662,313.26,1,8,18.179,1,8,301.793,1,8,37591.2,1,8,1727.038,1,8,33197.193,1,8,152.291,1,8,-9900,?,9,-9900,?,9,9.71,E,8,-3.21,E,8,38.0,E,8,822.9788000000001,E,8,999.0,E,8,0.39,E,8,-9900,?,9,-9900,?,9,0.0,E,8,-9900,?,9,-9900,?,9,0.0,0.0,E,8
08/10/2022,11:00,987.29,1328.662,406.5,1,8,45.413,1,8,372.763,1,8,48780.0,1,8,4314.279,1,8,41003.888,1,8,159.719,1,8,-9900,?,9,-9900,?,9,11.62,E,8,-5.08,E,8,29.0,E,8,822.9788000000001,E,8,999.0,E,8,1.0,E,8,-9900,?,9,-9900,?,9,0.0,E,8,-9900,?,9,-9900,?,9,0.0,0.0,E,8
08/10/2022,12:00,1060.182,1328.662,463.62,1,8,79.622,1,8,400.097,1,8,55634.4,1,8,7564.13,1,8,44010.711,1,8,159.633,1,8,-9900,?,9,-9900,?,9,13.17,E,8,-6.82,E,8,22.0,E,8,822.9788000000001,E,8,999.0,E,8,1.91,E,8,-9900,?,9,-9900,?,9,0.0,E,8,-9900,?,9,-9900,?,9,0.0,0.0,E,8
08/10/2022,13:00,1052.162,1328.662,480.35,1,8,95.394,1,8,404.821,1,8,57642.0,1,8,9062.453,1,8,44530.301,1,8,162.75,1,8,-9900,?,9,-9900,?,9,14.3,E,8,-8.27,E,8,18.0,E,8,822.9788000000001,E,8,999.0,E,8,2.37,E,8,-9900,?,9,-9900,?,9,0.0,E,8,-9900,?,9,-9900,?,9,0.0,0.0,E,8
08/10/2022,14:00,963.775,1328.662,455.49,1,8,80.842,1,8,396.865,1,8,54658.8,1,8,7679.948,1,8,43655.183,1,8,174.2,1,8,-9900,?,9,-9900,?,9,14.99,E,8,-9.24,E,8,16.0,E,8,822.9788000000001,E,8,999.0,E,8,2.35,E,8,-9900,?,9,-9900,?,9,0.0,E,8,-9900,?,9,-9900,?,9,0.0,0.0,E,8
08/10/2022,15:00,801.069,1328.662,390.83,1,8,80.726,1,8,342.184,1,8,46899.6,1,8,7668.995,1,8,37640.238,1,8,180.75,1,8,-9900,?,9,-9900,?,9,15.22,E,8,-9.58,E,8,15.0,E,8,822.9788000000001,E,8,999.0,E,8,2.66,E,8,-9900,?,9,-9900,?,9,0.0,E,8,-9900,?,9,-9900,?,9,0.0,0.0,E,8
08/10/2022,16:00,575.222,1328.662,291.26,1,8,184.722,1,8,211.389,1,8,34951.2,1,8,17548.624,1,8,23252.756,1,8,155.618,1,8,-9900,?,9,-9900,?,9,14.86,E,8,-9.05,E,8,16.0,E,8,822.9788000000001,E,8,999.0,E,8,2.52,E,8,-9900,?,9,-9900,?,9,0.0,E,8,-9900,?,9,-9900,?,9,0.0,0.0,E,8
08/10/2022,17:00,302.024,1328.662,165.23,1,8,401.787,1,8,74.375,1,8,19827.6,1,8,38169.796,1,8,8181.209,1,8,104.694,1,8,-9900,?,9,-9900,?,9,13.83,E,8,-7.65,E,8,20.0,E,8,822.9788000000001,E,8,999.0,E,8,2.17,E,8,-9900,?,9,-9900,?,9,0.0,E,8,-9900,?,9,-9900,?,9,0.0,0.0,E,8
08/10/2022,18:00,8.773,1328.662,32.73,1,8,0.0,1,8,0.0,1,8,3927.6,1,8,0.0,1,8,0.0,1,8,-0.0,1,8,-9900,?,9,-9900,?,9,12.27,E,8,-5.78,E,8,26.0,E,8,822.9788000000001,E,8,999.0,E,8,1.18,E,8,-9900,?,9,-9900,?,9,0.0,E,8,-9900,?,9,-9900,?,9,0.0,0.0,E,8
08/10/2022,19:00,0.0,1328.662,0.0,1,8,0.0,1,8,0.0,1,8,0.0,1,8,0.0,1,8,0.0,1,8,-0.0,1,8,-9900,?,9,-9900,?,9,11.42,E,8,-4.87,E,8,30.0,E,8,822.9788000000001,E,8,999.0,E,8,0.71,E,8,-9900,?,9,-9900,?,9,0.0,E,8,-9900,?,9,-9900,?,9,0.0,0.0,E,8
08/10/2022,20:00,0.0,1328.662,0.0,1,8,0.0,1,8,0.0,1,8,0.0,1,8,0.0,1,8,0.0,1,8,-0.0,1,8,-9900,?,9,-9900,?,9,10.58,E,8,-4.03,E,8,34.0,E,8,822.9788000000001,E,8,999.0,E,8,0.61,E,8,-9900,?,9,-9900,?,9,0.0,E,8,-9900,?,9,-9900,?,9,0.0,0.0,E,8
08/10/2022,21:00,0.0,1328.662,0.0,1,8,0.0,1,8,0.0,1,8,0.0,1,8,0.0,1,8,0.0,1,8,-0.0,1,8,-9900,?,9,-9900,?,9,9.73,E,8,-3.23,E,8,38.0,E,8,822.9788000000001,E,8,999.0,E,8,0.43,E,8,-9900,?,9,-9900,?,9,0.0,E,8,-9900,?,9,-9900,?,9,0.0,0.0,E,8
08/10/2022,22:00,0.0,1328.662,0.0,1,8,0.0,1,8,0.0,1,8,0.0,1,8,0.0,1,8,0.0,1,8,-0.0,1,8,-9900,?,9,-9900,?,9,8.89,E,8,-2.49,E,8,43.0,E,8,822.9788000000001,E,8,999.0,E,8,0.25,E,8,-9900,?,9,-9900,?,9,0.0,E,8,-9900,?,9,-9900,?,9,0.0,0.0,E,8
08/10/2022,23:00,0.0,1328.662,0.0,1,8,0.0,1,8,0.0,1,8,0.0,1,8,0.0,1,8,0.0,1,8,-0.0,1,8,-9900,?,9,-9900,?,9,8.04,E,8,-1.78,E,8,49.0,E,8,822.9788000000001,E,8,999.0,E,8,0.15,E,8,-9900,?,9,-9900,?,9,0.0,E,8,-9900,?,9,-9900,?,9,0.0,0.0,E,8
08/10/2022,24:00,0.0,1328.662,0.0,1,8,0.0,1,8,0.0,1,8,0.0,1,8,0.0,1,8,0.0,1,8,-0.0,1,8,-9900,?,9,-9900,?,9,7.2,E,8,1.11,E,8,65.0,E,8,822.9788000000001,E,8,999.0,E,8,0.39,E,8,-9900,?,9,-9900,?,9,0.0,E,8,-9900,?,9,-9900,?,9,0.0,0.0,E,8
08/11/2022,01:00,0.0,1328.662,0.0,1,8,0.0,1,8,0.0,1,8,0.0,1,8,0.0,1,8,0.0,1,8,-0.0,1,8,-9900,?,9,-9900,?,9,6.77,E,8,1.59,E,8,69.0,E,8,822.9788000000001,E,8,999.0,E,8,0.39,E,8,-9900,?,9,-9900,?,9,0.0,E,8,-9900,?,9,-9900,?,9,0.0,0.0,E,8
08/11/2022,02:00,0.0,1328.662,0.0,1,8,0.0,1,8,0.0,1,8,0.0,1,8,0.0,1,8,0.0,1,8,-0.0,1,8,-9900,?,9,-9900,?,9,6.35,E,8,2.05,E,8,73.0,E,8,822.9788000000001,E,8,999.0,E,8,0.39,E,8,-9900,?,9,-9900,?,9,0.0,E,8,-9900,?,9,-9900,?,9,0.0,0.0,E,8
08/11/2022,03:00,0.0,1328.662,0.0,1,8,0.0,1,8,0.0,1,8,0.0,1,8,0.0,1,8,0.0,1,8,-0.0,1,8,-9900,?,9,-9900,?,9,5.93,E,8,2.49,E,8,78.0,E,8,822.9788000000001,E,8,999.0,E,8,0.39,E,8,-9900,?,9,-9900,?,9,0.0,E,8,-9900,?,9,-9900,?,9,0.0,0.0,E,8
08/11/2022,04:00,0.0,1329.107,0.0,1,8,0.0,1,8,0.0,1,8,0.0,1,8,0.0,1,8,0.0,1,8,-0.0,1,8,-9900,?,9,-9900,?,9,5.51,E,8,2.92,E,8,83.0,E,8,822.9788000000001,E,8,999.0,E,8,0.39,E,8,-9900,?,9,-9900,?,9,0.0,E,8,-9900,?,9,-9900,?,9,0.0,0.0,E,8
08/11/2022,05:00,0.0,1329.107,0.0,1,8,0.0,1,8,0.0,1,8,0.0,1,8,0.0,1,8,0.0,1,8,-0.0,1,8,-9900,?,9,-9900,?,9,5.08,E,8,3.35,E,8,88.0,E,8,822.9788000000001,E,8,999.0,E,8,0.39,E,8,-9900,?,9,-9900,?,9,0.0,E,8,-9900,?,9,-9900,?,9,0.0,0.0,E,8
08/11/2022,06:00,0.0,1329.107,0.0,1,8,0.0,1,8,0.0,1,8,0.0,1,8,0.0,1,8,0.0,1,8,-0.0,1,8,-9900,?,9,-9900,?,9,4.76,E,8,3.66,E,8,92.0,E,8,822.9788000000001,E,8,999.0,E,8,0.39,E,8,-9900,?,9,-9900,?,9,0.0,E,8,-9900,?,9,-9900,?,9,0.0,0.0,E,8
08/11/2022,07:00,67.339,1329.107,0.0,1,8,0.0,1,8,0.0,1,8,0.0,1,8,0.0,1,8,0.0,1,8,0.0,1,8,-9900,?,9,-9900,?,9,4.48,E,8,3.93,E,8,96.0,E,8,822.9788000000001,E,8,999.0,E,8,0.39,E,8,-9900,?,9,-9900,?,9,0.0,E,8,-9900,?,9,-9900,?,9,0.0,0.0,E,8
08/11/2022,08:00,362.533,1329.107,86.19,1,8,0.0,1,8,86.19,1,8,10342.8,1,8,0.0,1,8,9480.9,1,8,100.943,1,8,-9900,?,9,-9900,?,9,4.2,E,8,4.19,E,8,99.0,E,8,822.9788000000001,E,8,999.0,E,8,0.39,E,8,-9900,?,9,-9900,?,9,0.0,E,8,-9900,?,9,-9900,?,9,0.0,0.0,E,8
08/11/2022,09:00,628.226,1329.107,187.96,1,8,4.496,1,8,185.837,1,8,22555.2,1,8,427.127,1,8,20442.071,1,8,125.276,1,8,-9900,?,9,-9900,?,9,8.71,E,8,-0.62,E,8,51.0,E,8,822.9788000000001,E,8,999.0,E,8,0.39,E,8,-9900,?,9,-9900,?,9,0.0,E,8,-9900,?,9,-9900,?,9,0.0,0.0,E,8
08/11/2022,10:00,842.972,1329.107,306.32,1,8,16.192,1,8,296.055,1,8,36758.4,1,8,1538.285,1,8,32566.003,1,8,148.648,1,8,-9900,?,9,-9900,?,9,10.56,E,8,-2.89,E,8,37.0,E,8,822.9788000000001,E,8,999.0,E,8,0.39,E,8,-9900,?,9,-9900,?,9,0.0,E,8,-9900,?,9,-9900,?,9,0.0,0.0,E,8
08/11/2022,11:00,991.861,1329.107,396.91,1,8,40.407,1,8,366.763,1,8,47629.2,1,8,3838.679,1,8,40343.904,1,8,156.475,1,8,-9900,?,9,-9900,?,9,12.24,E,8,-5.38,E,8,27.0,E,8,822.9788000000001,E,8,999.0,E,8,0.56,E,8,-9900,?,9,-9900,?,9,0.0,E,8,-9900,?,9,-9900,?,9,0.0,0.0,E,8
08/11/2022,12:00,1064.674,1329.107,452.37,1,8,70.706,1,8,395.741,1,8,54284.4,1,8,6717.055,1,8,43531.484,1,8,157.281,1,8,-9900,?,9,-9900,?,9,13.61,E,8,-7.85,E,8,20.0,E,8,822.9788000000001,E,8,999.0,E,8,1.37,E,8,-9900,?,9,-9900,?,9,0.0,E,8,-9900,?,9,-9900,?,9,0.0,0.0,E,8
08/11/2022,13:00,1056.426,1329.107,468.54,1,8,84.607,1,8,401.303,1,8,56224.8,1,8,8037.671,1,8,44143.281,1,8,160.738,1,8,-9900,?,9,-9900,?,9,14.61,E,8,-10.01,E,8,15.0,E,8,822.9788000000001,E,8,999.0,E,8,1.99,E,8,-9900,?,9,-9900,?,9,0.0,E,8,-9900,?,9,-9900,?,9,0.0,0.0,E,8
08/11/2022,14:00,967.677,1329.107,444.25,1,8,62.477,1,8,398.774,1,8,53310.0,1,8,5935.341,1,8,43865.172,1,8,174.389,1,8,-9900,?,9,-9900,?,9,15.21,E,8,-11.52,E,8,13.0,E,8,822.9788000000001,E,8,999.0,E,8,2.85,E,8,-9900,?,9,-9900,?,9,0.0,E,8,-9900,?,9,-9900,?,9,0.0,0.0,E,8
08/11/2022,15:00,804.502,1329.107,265.47,1,8,28.244,1,8,248.383,1,8,31856.4,1,8,2683.136,1,8,27322.129,1,8,130.685,1,8,-9900,?,9,-9900,?,9,14.73,E,8,-10.3,E,8,15.0,E,8,822.9788000000001,E,8,999.0,E,8,3.41,E,8,-9900,?,9,-9900,?,9,0.0,E,8,-9900,?,9,-9900,?,9,0.0,0.0,E,8
08/11/2022,16:00,578.108,1329.107,284.34,1,8,201.529,1,8,196.793,1,8,34120.8,1,8,19145.24,1,8,21647.192,1,8,144.196,1,8,-9900,?,9,-9900,?,9,14.47,E,8,-9.69,E,8,16.0,E,8,822.9788000000001,E,8,999.0,E,8,2.35,E,8,-9900,?,9,-9900,?,9,0.0,E,8,-9900,?,9,-9900,?,9,0.0,0.0,E,8
08/11/2022,17:00,304.32,1329.107,161.69,1,8,367.458,1,8,77.987,1,8,19402.8,1,8,34908.504,1,8,8578.62,1,8,108.979,1,8,-9900,?,9,-9900,?,9,13.57,E,8,-7.77,E,8,20.0,E,8,822.9788000000001,E,8,999.0,E,8,1.12,E,8,-9900,?,9,-9900,?,9,0.0,E,8,-9900,?,9,-9900,?,9,0.0,0.0,E,8
08/11/2022,18:00,10.245,1329.107,32.54,1,8,0.0,1,8,0.0,1,8,3904.8,1,8,0.0,1,8,0.0,1,8,-0.0,1,8,-9900,?,9,-9900,?,9,12.19,E,8,-5.3,E,8,27.0,E,8,822.9788000000001,E,8,999.0,E,8,0.39,E,8,-9900,?,9,-9900,?,9,0.0,E,8,-9900,?,9,-9900,?,9,0.0,0.0,E,8
08/11/2022,19:00,0.0,1329.107,0.0,1,8,0.0,1,8,0.0,1,8,0.0,1,8,0.0,1,8,0.0,1,8,-0.0,1,8,-9900,?,9,-9900,?,9,11.34,E,8,-3.99,E,8,32.0,E,8,822.9788000000001,E,8,999.0,E,8,0.39,E,8,-9900,?,9,-9900,?,9,0.0,E,8,-9900,?,9,-9900,?,9,0.0,0.0,E,8
08/11/2022,20:00,0.0,1329.107,0.0,1,8,0.0,1,8,0.0,1,8,0.0,1,8,0.0,1,8,0.0,1,8,-0.0,1,8,-9900,?,9,-9900,?,9,10.5,E,8,-2.81,E,8,38.0,E,8,822.9788000000001,E,8,999.0,E,8,0.39,E,8,-9900,?,9,-9900,?,9,0.0,E,8,-9900,?,9,-9900,?,9,0.0,0.0,E,8
08/11/2022,21:00,0.0,1329.107,0.0,1,8,0.0,1,8,0.0,1,8,0.0,1,8,0.0,1,8,0.0,1,8,-0.0,1,8,-9900,?,9,-9900,?,9,9.65,E,8,-1.73,E,8,44.0,E,8,822.9788000000001,E,8,999.0,E,8,0.39,E,8,-9900,?,9,-9900,?,9,0.0,E,8,-9900,?,9,-9900,?,9,0.0,0.0,E,8
08/11/2022,22:00,0.0,1329.107,0.0,1,8,0.0,1,8,0.0,1,8,0.0,1,8,0.0,1,8,0.0,1,8,-0.0,1,8,-9900,?,9,-9900,?,9,8.8,E,8,-0.72,E,8,50.0,E,8,822.9788000000001,E,8,999.0,E,8,0.39,E,8,-9900,?,9,-9900,?,9,0.0,E,8,-9900,?,9,-9900,?,9,0.0,0.0,E,8
08/11/2022,23:00,0.0,1329.107,0.0,1,8,0.0,1,8,0.0,1,8,0.0,1,8,0.0,1,8,0.0,1,8,-0.0,1,8,-9900,?,9,-9900,?,9,7.95,E,8,0.24,E,8,58.0,E,8,822.9788000000001,E,8,999.0,E,8,0.39,E,8,-9900,?,9,-9900,?,9,0.0,E,8,-9900,?,9,-9900,?,9,0.0,0.0,E,8
08/11/2022,24:00,0.0,1329.107,0.0,1,8,0.0,1,8,0.0,1,8,0.0,1,8,0.0,1,8,0.0,1,8,-0.0,1,8,-9900,?,9,-9900,?,9,7.11,E,8,0.7,E,8,63.0,E,8,822.9788000000001,E,8,999.0,E,8,0.19,E,8,-9900,?,9,-9900,?,9,0.0,E,8,-9900,?,9,-9900,?,9,0.0,0.0,E,8
08/12/2022,01:00,0.0,1329.107,0.0,1,8,0.0,1,8,0.0,1,8,0.0,1,8,0.0,1,8,0.0,1,8,-0.0,1,8,-9900,?,9,-9900,?,9,6.68,E,8,1.13,E,8,67.0,E,8,822.9788000000001,E,8,999.0,E,8,0.19,E,8,-9900,?,9,-9900,?,9,0.0,E,8,-9900,?,9,-9900,?,9,0.0,0.0,E,8
08/12/2022,02:00,0.0,1329.107,0.0,1,8,0.0,1,8,0.0,1,8,0.0,1,8,0.0,1,8,0.0,1,8,-0.0,1,8,-9900,?,9,-9900,?,9,6.26,E,8,1.54,E,8,71.0,E,8,822.9788000000001,E,8,999.0,E,8,0.19,E,8,-9900,?,9,-9900,?,9,0.0,E,8,-9900,?,9,-9900,?,9,0.0,0.0,E,8
08/12/2022,03:00,0.0,1329.107,0.0,1,8,0.0,1,8,0.0,1,8,0.0,1,8,0.0,1,8,0.0,1,8,-0.0,1,8,-9900,?,9,-9900,?,9,5.84,E,8,1.95,E,8,76.0,E,8,822.9788000000001,E,8,999.0,E,8,0.19,E,8,-9900,?,9,-9900,?,9,0.0,E,8,-9900,?,9,-9900,?,9,0.0,0.0,E,8
08/12/2022,04:00,0.0,1329.563,0.0,1,8,0.0,1,8,0.0,1,8,0.0,1,8,0.0,1,8,0.0,1,8,-0.0,1,8,-9900,?,9,-9900,?,9,5.41,E,8,2.35,E,8,80.0,E,8,822.9788000000001,E,8,999.0,E,8,0.19,E,8,-9900,?,9,-9900,?,9,0.0,E,8,-9900,?,9,-9900,?,9,0.0,0.0,E,8
08/12/2022,05:00,0.0,1329.563,0.0,1,8,0.0,1,8,0.0,1,8,0.0,1,8,0.0,1,8,0.0,1,8,-0.0,1,8,-9900,?,9,-9900,?,9,4.99,E,8,2.73,E,8,85.0,E,8,822.9788000000001,E,8,999.0,E,8,0.19,E,8,-9900,?,9,-9900,?,9,0.0,E,8,-9900,?,9,-9900,?,9,0.0,0.0,E,8
08/12/2022,06:00,0.0,1329.563,0.0,1,8,0.0,1,8,0.0,1,8,0.0,1,8,0.0,1,8,0.0,1,8,-0.0,1,8,-9900,?,9,-9900,?,9,4.66,E,8,3.02,E,8,89.0,E,8,822.9788000000001,E,8,999.0,E,8,0.19,E,8,-9900,?,9,-9900,?,9,0.0,E,8,-9900,?,9,-9900,?,9,0.0,0.0,E,8
08/12/2022,07:00,70.705,1329.563,0.0,1,8,0.0,1,8,0.0,1,8,0.0,1,8,0.0,1,8,0.0,1,8,0.0,1,8,-9900,?,9,-9900,?,9,4.38,E,8,3.27,E,8,92.0,E,8,822.9788000000001,E,8,999.0,E,8,0.19,E,8,-9900,?,9,-9900,?,9,0.0,E,8,-9900,?,9,-9900,?,9,0.0,0.0,E,8
08/12/2022,08:00,366.52,1329.563,61.9,1,8,0.0,1,8,61.9,1,8,7428.0,1,8,0.0,1,8,6809.0,1,8,71.725,1,8,-9900,?,9,-9900,?,9,4.1,E,8,3.51,E,8,95.0,E,8,822.9788000000001,E,8,999.0,E,8,0.19,E,8,-9900,?,9,-9900,?,9,0.0,E,8,-9900,?,9,-9900,?,9,0.0,0.0,E,8
08/12/2022,09:00,632.573,1329.563,224.53,1,8,41.244,1,8,204.927,1,8,26943.6,1,8,3918.215,1,8,22541.921,1,8,137.24,1,8,-9900,?,9,-9900,?,9,7.34,E,8,0.46,E,8,61.0,E,8,822.9788000000001,E,8,999.0,E,8,0.19,E,8,-9900,?,9,-9900,?,9,0.0,E,8,-9900,?,9,-9900,?,9,0.0,0.0,E,8
08/12/2022,10:00,847.536,1329.563,336.96,1,8,39.118,1,8,312.035,1,8,40435.2,1,8,3716.226,1,8,34323.81,1,8,155.88,1,8,-9900,?,9,-9900,?,9,8.8,E,8,-1.01,E,8,49.0,E,8,822.9788000000001,E,8,999.0,E,8,0.53,E,8,-9900,?,9,-9900,?,9,0.0,E,8,-9900,?,9,-9900,?,9,0.0,0.0,E,8
08/12/2022,11:00,996.488,1329.563,588.95,1,8,313.774,1,8,353.835,1,8,70674.0,1,8,29808.548,1,8,38921.817,1,8,150.31,1,8,-9900,?,9,-9900,?,9,10.95,E,8,-3.42,E,8,35.0,E,8,822.9788000000001,E,8,999.0,E,8,1.04,E,8,-9900,?,9,-9900,?,9,0.0,E,8,-9900,?,9,-9900,?,9,0.0,0.0,E,8
08/12/2022,12:00,1069.209,1329.563,785.63,1,8,537.341,1,8,353.58,1,8,94275.6,1,8,51047.432,1,8,38893.773,1,8,139.976,1,8,-9900,?,9,-9900,?,9,13.13,E,8,-6.44,E,8,23.0,E,8,822.9788000000001,E,8,999.0,E,8,1.34,E,8,-9900,?,9,-9900,?,9,0.0,E,8,-9900,?,9,-9900,?,9,0.0,0.0,E,8
08/12/2022,13:00,1060.719,1329.563,830.62,1,8,698.742,1,8,273.26,1,8,99674.4,1,8,66380.51,1,8,30058.649,1,8,109.046,1,8,-9900,?,9,-9900,?,9,14.75,E,8,-9.28,E,8,16.0,E,8,822.9788000000001,E,8,999.0,E,8,1.9,E,8,-9900,?,9,-9900,?,9,0.0,E,8,-9900,?,9,-9900,?,9,0.0,0.0,E,8
08/12/2022,14:00,971.596,1329.563,631.34,1,8,360.235,1,8,368.161,1,8,75760.8,1,8,34222.341,1,8,40497.69,1,8,160.407,1,8,-9900,?,9,-9900,?,9,15.27,E,8,-10.34,E,8,14.0,E,8,822.9788000000001,E,8,999.0,E,8,2.37,E,8,-9900,?,9,-9900,?,9,0.0,E,8,-9900,?,9,-9900,?,9,0.0,0.0,E,8
08/12/2022,15:00,807.939,1329.563,475.02,1,8,291.787,1,8,297.798,1,8,57002.4,1,8,27719.779,1,8,32757.75,1,8,156.07,1,8,-9900,?,9,-9900,?,9,15.18,E,8,-10.15,E,8,14.0,E,8,822.9788000000001,E,8,999.0,E,8,3.12,E,8,-9900,?,9,-9900,?,9,0.0,E,8,-9900,?,9,-9900,?,9,0.0,0.0,E,8
08/12/2022,16:00,580.989,1329.563,329.85,1,8,310.881,1,8,194.17,1,8,39582.0,1,8,29533.669,1,8,21358.712,1,8,141.616,1,8,-9900,?,9,-9900,?,9,14.49,E,8,-8.78,E,8,17.0,E,8,822.9788000000001,E,8,999.0,E,8,2.65,E,8,-9900,?,9,-9900,?,9,0.0,E,8,-9900,?,9,-9900,?,9,0.0,0.0,E,8
08/12/2022,17:00,306.604,1329.563,178.17,1,8,449.714,1,8,74.989,1,8,21380.4,1,8,42722.86,1,8,8248.831,1,8,104.037,1,8,-9900,?,9,-9900,?,9,13.35,E,8,-6.79,E,8,22.0,E,8,822.9788000000001,E,8,999.0,E,8,1.62,E,8,-9900,?,9,-9900,?,9,0.0,E,8,-9900,?,9,-9900,?,9,0.0,0.0,E,8
08/12/2022,18:00,11.71,1329.563,37.62,1,8,0.0,1,8,37.62,1,8,4514.4,1,8,0.0,1,8,4138.2,1,8,25038.222,1,8,-9900,?,9,-9900,?,9,11.93,E,8,-4.69,E,8,29.0,E,8,822.9788000000001,E,8,999.0,E,8,1.27,E,8,-9900,?,9,-9900,?,9,0.0,E,8,-9900,?,9,-9900,?,9,0.0,0.0,E,8
08/12/2022,19:00,0.0,1329.563,0.0,1,8,0.0,1,8,0.0,1,8,0.0,1,8,0.0,1,8,0.0,1,8,-0.0,1,8,-9900,?,9,-9900,?,9,11.06,E,8,-3.56,E,8,34.0,E,8,822.9788000000001,E,8,999.0,E,8,0.91,E,8,-9900,?,9,-9900,?,9,0.0,E,8,-9900,?,9,-9900,?,9,0.0,0.0,E,8
08/12/2022,20:00,0.0,1329.563,0.0,1,8,0.0,1,8,0.0,1,8,0.0,1,8,0.0,1,8,0.0,1,8,-0.0,1,8,-9900,?,9,-9900,?,9,10.19,E,8,-2.52,E,8,39.0,E,8,822.9788000000001,E,8,999.0,E,8,0.54,E,8,-9900,?,9,-9900,?,9,0.0,E,8,-9900,?,9,-9900,?,9,0.0,0.0,E,8
08/12/2022,21:00,0.0,1329.563,0.0,1,8,0.0,1,8,0.0,1,8,0.0,1,8,0.0,1,8,0.0,1,8,-0.0,1,8,-9900,?,9,-9900,?,9,9.33,E,8,-1.56,E,8,45.0,E,8,822.9788000000001,E,8,999.0,E,8,0.3,E,8,-9900,?,9,-9900,?,9,0.0,E,8,-9900,?,9,-9900,?,9,0.0,0.0,E,8
08/12/2022,22:00,0.0,1329.563,0.0,1,8,0.0,1,8,0.0,1,8,0.0,1,8,0.0,1,8,0.0,1,8,-0.0,1,8,-9900,?,9,-9900,?,9,8.46,E,8,-0.67,E,8,52.0,E,8,822.9788000000001,E,8,999.0,E,8,0.59,E,8,-9900,?,9,-9900,?,9,0.0,E,8,-9900,?,9,-9900,?,9,0.0,0.0,E,8
08/12/2022,23:00,0.0,1329.563,0.0,1,8,0.0,1,8,0.0,1,8,0.0,1,8,0.0,1,8,0.0,1,8,-0.0,1,8,-9900,?,9,-9900,?,9,7.59,E,8,0.19,E,8,59.0,E,8,822.9788000000001,E,8,999.0,E,8,0.19,E,8,-9900,?,9,-9900,?,9,0.0,E,8,-9900,?,9,-9900,?,9,0.0,0.0,E,8
08/12/2022,24:00,0.0,1329.563,0.0,1,8,0.0,1,8,0.0,1,8,0.0,1,8,0.0,1,8,0.0,1,8,-0.0,1,8,-9900,?,9,-9900,?,9,6.72,E,8,-0.04,E,8,61.0,E,8,822.9788000000001,E,8,999.0,E,8,0.11,E,8,-9900,?,9,-9900,?,9,0.0,E,8,-9900,?,9,-9900,?,9,0.0,0.0,E,8
08/13/2022,01:00,0.0,1329.563,0.0,1,8,0.0,1,8,0.0,1,8,0.0,1,8,0.0,1,8,0.0,1,8,-0.0,1,8,-9900,?,9,-9900,?,9,6.29,E,8,0.34,E,8,65.0,E,8,822.9788000000001,E,8,999.0,E,8,0.11,E,8,-9900,?,9,-9900,?,9,0.0,E,8,-9900,?,9,-9900,?,9,0.0,0.0,E,8
08/13/2022,02:00,0.0,1329.563,0.0,1,8,0.0,1,8,0.0,1,8,0.0,1,8,0.0,1,8,0.0,1,8,-0.0,1,8,-9900,?,9,-9900,?,9,5.85,E,8,0.73,E,8,69.0,E,8,822.9788000000001,E,8,999.0,E,8,0.11,E,8,-9900,?,9,-9900,?,9,0.0,E,8,-9900,?,9,-9900,?,9,0.0,0.0,E,8
08/13/2022,03:00,0.0,1329.563,0.0,1,8,0.0,1,8,0.0,1,8,0.0,1,8,0.0,1,8,0.0,1,8,-0.0,1,8,-9900,?,9,-9900,?,9,5.42,E,8,1.09,E,8,73.0,E,8,822.9788000000001,E,8,999.0,E,8,0.11,E,8,-9900,?,9,-9900,?,9,0.0,E,8,-9900,?,9,-9900,?,9,0.0,0.0,E,8
08/13/2022,04:00,0.0,1330.029,0.0,1,8,0.0,1,8,0.0,1,8,0.0,1,8,0.0,1,8,0.0,1,8,-0.0,1,8,-9900,?,9,-9900,?,9,4.99,E,8,1.45,E,8,77.0,E,8,822.9788000000001,E,8,999.0,E,8,0.11,E,8,-9900,?,9,-9900,?,9,0.0,E,8,-9900,?,9,-9900,?,9,0.0,0.0,E,8
08/13/2022,05:00,0.0,1330.029,0.0,1,8,0.0,1,8,0.0,1,8,0.0,1,8,0.0,1,8,0.0,1,8,-0.0,1,8,-9900,?,9,-9900,?,9,4.55,E,8,1.8,E,8,82.0,E,8,822.9788000000001,E,8,999.0,E,8,0.11,E,8,-9900,?,9,-9900,?,9,0.0,E,8,-9900,?,9,-9900,?,9,0.0,0.0,E,8
08/13/2022,06:00,0.0,1330.029,0.0,1,8,0.0,1,8,0.0,1,8,0.0,1,8,0.0,1,8,0.0,1,8,-0.0,1,8,-9900,?,9,-9900,?,9,4.22,E,8,2.07,E,8,85.0,E,8,822.9788000000001,E,8,999.0,E,8,0.11,E,8,-9900,?,9,-9900,?,9,0.0,E,8,-9900,?,9,-9900,?,9,0.0,0.0,E,8
08/13/2022,07:00,74.164,1330.029,0.0,1,8,0.0,1,8,0.0,1,8,0.0,1,8,0.0,1,8,0.0,1,8,0.0,1,8,-9900,?,9,-9900,?,9,3.93,E,8,2.29,E,8,89.0,E,8,822.9788000000001,E,8,999.0,E,8,0.15,E,8,-9900,?,9,-9900,?,9,0.0,E,8,-9900,?,9,-9900,?,9,0.0,0.0,E,8
08/13/2022,08:00,370.591,1330.029,52.64,1,8,0.0,1,8,52.64,1,8,6316.8,1,8,0.0,1,8,5790.4,1,8,60.342,1,8,-9900,?,9,-9900,?,9,3.64,E,8,2.51,E,8,92.0,E,8,822.9788000000001,E,8,999.0,E,8,0.2,E,8,-9900,?,9,-9900,?,9,0.0,E,8,-9900,?,9,-9900,?,9,0.0,0.0,E,8
08/13/2022,09:00,636.995,1330.029,196.05,1,8,12.528,1,8,190.056,1,8,23526.0,1,8,1190.173,1,8,20906.132,1,8,126.439,1,8,-9900,?,9,-9900,?,9,6.71,E,8,-0.03,E,8,62.0,E,8,822.9788000000001,E,8,999.0,E,8,0.25,E,8,-9900,?,9,-9900,?,9,0.0,E,8,-9900,?,9,-9900,?,9,0.0,0.0,E,8
08/13/2022,10:00,852.164,1330.029,436.8,1,8,107.785,1,8,367.77,1,8,52416.0,1,8,10239.546,1,8,40454.726,1,8,182.788,1,8,-9900,?,9,-9900,?,9,9.28,E,8,-2.25,E,8,43.0,E,8,822.9788000000001,E,8,999.0,E,8,0.35,E,8,-9900,?,9,-9900,?,9,0.0,E,8,-9900,?,9,-9900,?,9,0.0,0.0,E,8
08/13/2022,11:00,1001.169,1330.029,572.75,1,8,211.182,1,8,413.82,1,8,68730.0,1,8,20062.327,1,8,45520.186,1,8,175.03,1,8,-9900,?,9,-9900,?,9,11.4,E,8,-4.43,E,8,31.0,E,8,822.9788000000001,E,8,999.0,E,8,0.67,E,8,-9900,?,9,-9900,?,9,0.0,E,8,-9900,?,9,-9900,?,9,0.0,0.0,E,8
08/13/2022,12:00,1073.784,1330.029,668.35,1,8,279.87,1,8,442.435,1,8,80202.0,1,8,26587.663,1,8,48667.902,1,8,174.467,1,8,-9900,?,9,-9900,?,9,13.14,E,8,-6.55,E,8,23.0,E,8,822.9788000000001,E,8,999.0,E,8,1.28,E,8,-9900,?,9,-9900,?,9,0.0,E,8,-9900,?,9,-9900,?,9,0.0,0.0,E,8
08/13/2022,13:00,1065.039,1330.029,601.8,1,8,258.951,1,8,394.476,1,8,72216.0,1,8,24600.358,1,8,43392.306,1,8,156.833,1,8,-9900,?,9,-9900,?,9,14.03,E,8,-7.78,E,8,19.0,E,8,822.9788000000001,E,8,999.0,E,8,2.37,E,8,-9900,?,9,-9900,?,9,0.0,E,8,-9900,?,9,-9900,?,9,0.0,0.0,E,8
08/13/2022,14:00,975.528,1330.029,681.64,1,8,510.346,1,8,307.414,1,8,81796.8,1,8,48482.854,1,8,33815.563,1,8,133.446,1,8,-9900,?,9,-9900,?,9,14.95,E,8,-9.21,E,8,16.0,E,8,822.9788000000001,E,8,999.0,E,8,2.55,E,8,-9900,?,9,-9900,?,9,0.0,E,8,-9900,?,9,-9900,?,9,0.0,0.0,E,8
08/13/2022,15:00,811.379,1330.029,613.14,1,8,700.56,1,8,185.978,1,8,73576.8,1,8,66553.242,1,8,20457.532,1,8,97.087,1,8,-9900,?,9,-9900,?,9,15.42,E,8,-10.0,E,8,14.0,E,8,822.9788000000001,E,8,999.0,E,8,3.04,E,8,-9900,?,9,-9900,?,9,0.0,E,8,-9900,?,9,-9900,?,9,0.0,0.0,E,8
08/13/2022,16:00,583.863,1330.029,414.75,1,8,781.46,1,8,72.12,1,8,49770.0,1,8,74238.74,1,8,7933.182,1,8,52.358,1,8,-9900,?,9,-9900,?,9,15.13,E,8,-9.51,E,8,15.0,E,8,822.9788000000001,E,8,999.0,E,8,2.46,E,8,-9900,?,9,-9900,?,9,0.0,E,8,-9900,?,9,-9900,?,9,0.0,0.0,E,8
08/13/2022,17:00,308.875,1330.029,205.12,1,8,634.684,1,8,58.463,1,8,24614.4,1,8,60294.949,1,8,6430.907,1,8,80.535,1,8,-9900,?,9,-9900,?,9,14.02,E,8,-7.77,E,8,19.0,E,8,822.9788000000001,E,8,999.0,E,8,2.1,E,8,-9900,?,9,-9900,?,9,0.0,E,8,-9900,?,9,-9900,?,9,0.0,0.0,E,8
08/13/2022,18:00,13.168,1330.029,48.83,1,8,0.0,1,8,48.83,1,8,5859.6,1,8,0.0,1,8,5371.3,1,8,8873.104,1,8,-9900,?,9,-9900,?,9,12.51,E,8,-5.74,E,8,25.0,E,8,822.9788000000001,E,8,999.0,E,8,1.39,E,8,-9900,?,9,-9900,?,9,0.0,E,8,-9900,?,9,-9900,?,9,0.0,0.0,E,8
08/13/2022,19:00,0.0,1330.029,0.0,1,8,0.0,1,8,0.0,1,8,0.0,1,8,0.0,1,8,0.0,1,8,-0.0,1,8,-9900,?,9,-9900,?,9,11.74,E,8,-4.82,E,8,29.0,E,8,822.9788000000001,E,8,999.0,E,8,0.92,E,8,-9900,?,9,-9900,?,9,0.0,E,8,-9900,?,9,-9900,?,9,0.0,0.0,E,8
08/13/2022,20:00,0.0,1330.029,0.0,1,8,0.0,1,8,0.0,1,8,0.0,1,8,0.0,1,8,0.0,1,8,-0.0,1,8,-9900,?,9,-9900,?,9,10.97,E,8,-3.96,E,8,33.0,E,8,822.9788000000001,E,8,999.0,E,8,0.54,E,8,-9900,?,9,-9900,?,9,0.0,E,8,-9900,?,9,-9900,?,9,0.0,0.0,E,8
08/13/2022,21:00,0.0,1330.029,0.0,1,8,0.0,1,8,0.0,1,8,0.0,1,8,0.0,1,8,0.0,1,8,-0.0,1,8,-9900,?,9,-9900,?,9,10.21,E,8,-3.16,E,8,37.0,E,8,822.9788000000001,E,8,999.0,E,8,0.45,E,8,-9900,?,9,-9900,?,9,0.0,E,8,-9900,?,9,-9900,?,9,0.0,0.0,E,8
08/13/2022,22:00,0.0,1330.029,0.0,1,8,0.0,1,8,0.0,1,8,0.0,1,8,0.0,1,8,0.0,1,8,-0.0,1,8,-9900,?,9,-9900,?,9,9.44,E,8,-2.41,E,8,42.0,E,8,822.9788000000001,E,8,999.0,E,8,0.33,E,8,-9900,?,9,-9900,?,9,0.0,E,8,-9900,?,9,-9900,?,9,0.0,0.0,E,8
08/13/2022,23:00,0.0,1330.029,0.0,1,8,0.0,1,8,0.0,1,8,0.0,1,8,0.0,1,8,0.0,1,8,-0.0,1,8,-9900,?,9,-9900,?,9,8.67,E,8,-1.69,E,8,47.0,E,8,822.9788000000001,E,8,999.0,E,8,0.39,E,8,-9900,?,9,-9900,?,9,0.0,E,8,-9900,?,9,-9900,?,9,0.0,0.0,E,8
08/13/2022,24:00,0.0,1330.029,0.0,1,8,0.0,1,8,0.0,1,8,0.0,1,8,0.0,1,8,0.0,1,8,-0.0,1,8,-9900,?,9,-9900,?,9,7.9,E,8,2.94,E,8,72.0,E,8,822.9788000000001,E,8,999.0,E,8,0.84,E,8,-9900,?,9,-9900,?,9,0.002,E,8,-9900,?,9,-9900,?,9,0.02,99.0,E,8
08/14/2022,01:00,0.0,1330.029,0.0,1,8,0.0,1,8,0.0,1,8,0.0,1,8,0.0,1,8,0.0,1,8,-0.0,1,8,-9900,?,9,-9900,?,9,7.52,E,8,3.16,E,8,79.0,E,8,822.9788000000001,E,8,999.0,E,8,0.79,E,8,-9900,?,9,-9900,?,9,0.426,E,8,-9900,?,9,-9900,?,9,4.26,99.0,E,8
08/14/2022,02:00,0.0,1330.029,0.0,1,8,0.0,1,8,0.0,1,8,0.0,1,8,0.0,1,8,0.0,1,8,-0.0,1,8,-9900,?,9,-9900,?,9,7.13,E,8,3.4,E,8,78.0,E,8,822.9788000000001,E,8,999.0,E,8,0.8,E,8,-9900,?,9,-9900,?,9,0.003,E,8,-9900,?,9,-9900,?,9,0.03,99.0,E,8
08/14/2022,03:00,0.0,1330.029,0.0,1,8,0.0,1,8,0.0,1,8,0.0,1,8,0.0,1,8,0.0,1,8,-0.0,1,8,-9900,?,9,-9900,?,9,6.75,E,8,3.62,E,8,81.0,E,8,822.9788000000001,E,8,999.0,E,8,0.88,E,8,-9900,?,9,-9900,?,9,0.001,E,8,-9900,?,9,-9900,?,9,0.01,99.0,E,8
08/14/2022,04:00,0.0,1330.506,0.0,1,8,0.0,1,8,0.0,1,8,0.0,1,8,0.0,1,8,0.0,1,8,-0.0,1,8,-9900,?,9,-9900,?,9,6.36,E,8,3.84,E,8,84.0,E,8,822.9788000000001,E,8,999.0,E,8,1.2,E,8,-9900,?,9,-9900,?,9,0.005,E,8,-9900,?,9,-9900,?,9,0.05,99.0,E,8
08/14/2022,05:00,0.0,1330.506,0.0,1,8,0.0,1,8,0.0,1,8,0.0,1,8,0.0,1,8,0.0,1,8,-0.0,1,8,-9900,?,9,-9900,?,9,5.98,E,8,4.06,E,8,87.0,E,8,822.9788000000001,E,8,999.0,E,8,0.57,E,8,-9900,?,9,-9900,?,9,0.015,E,8,-9900,?,9,-9900,?,9,0.15,99.0,E,8
08/14/2022,06:00,0.0,1330.506,0.0,1,8,0.0,1,8,0.0,1,8,0.0,1,8,0.0,1,8,0.0,1,8,-0.0,1,8,-9900,?,9,-9900,?,9,5.68,E,8,4.22,E,8,90.0,E,8,822.9788000000001,E,8,999.0,E,8,0.69,E,8,-9900,?,9,-9900,?,9,0.01,E,8,-9900,?,9,-9900,?,9,0.1,99.0,E,8
08/14/2022,07:00,77.713,1330.506,0.0,1,8,0.0,1,8,0.0,1,8,0.0,1,8,0.0,1,8,0.0,1,8,0.0,1,8,-9900,?,9,-9900,?,9,5.43,E,8,4.36,E,8,93.0,E,8,822.9788000000001,E,8,999.0,E,8,0.6,E,8,-9900,?,9,-9900,?,9,0.007000000000000001,E,8,-9900,?,9,-9900,?,9,0.07,99.0,E,8
08/14/2022,08:00,374.742,1330.506,63.97,1,8,0.0,1,8,63.97,1,8,7676.4,1,8,0.0,1,8,7036.7,1,8,72.538,1,8,-9900,?,9,-9900,?,9,5.18,E,8,4.5,E,8,95.0,E,8,822.9788000000001,E,8,999.0,E,8,1.71,E,8,-9900,?,9,-9900,?,9,0.028999999999999998,E,8,-9900,?,9,-9900,?,9,0.29,99.0,E,8
08/14/2022,09:00,641.491,1330.506,201.67,1,8,22.706,1,8,190.733,1,8,24200.4,1,8,2157.107,1,8,20980.618,1,8,126.044,1,8,-9900,?,9,-9900,?,9,9.7,E,8,1.81,E,8,60.0,E,8,822.9788000000001,E,8,999.0,E,8,2.05,E,8,-9900,?,9,-9900,?,9,0.001,E,8,-9900,?,9,-9900,?,9,0.01,99.0,E,8
08/14/2022,10:00,856.857,1330.506,325.1,1,8,19.079,1,8,312.818,1,8,39012.0,1,8,1812.471,1,8,34410.011,1,8,154.679,1,8,-9900,?,9,-9900,?,9,11.88,E,8,0.32,E,8,43.0,E,8,822.9788000000001,E,8,999.0,E,8,2.4,E,8,-9900,?,9,-9900,?,9,0.0,E,8,-9900,?,9,-9900,?,9,0.0,0.0,E,8
08/14/2022,11:00,1005.9,1330.506,419.4,1,8,47.108,1,8,383.793,1,8,50328.0,1,8,4475.234,1,8,42217.236,1,8,161.624,1,8,-9900,?,9,-9900,?,9,13.78,E,8,-0.98,E,8,34.0,E,8,822.9788000000001,E,8,999.0,E,8,3.07,E,8,-9900,?,9,-9900,?,9,0.0,E,8,-9900,?,9,-9900,?,9,0.0,0.0,E,8
08/14/2022,12:00,1078.397,1330.506,476.94,1,8,82.275,1,8,410.265,1,8,57232.8,1,8,7816.108,1,8,45129.165,1,8,161.146,1,8,-9900,?,9,-9900,?,9,15.31,E,8,-2.09,E,8,29.0,E,8,822.9788000000001,E,8,999.0,E,8,4.13,E,8,-9900,?,9,-9900,?,9,0.0,E,8,-9900,?,9,-9900,?,9,0.0,0.0,E,8
08/14/2022,13:00,1069.383,1330.506,493.45,1,8,98.421,1,8,414.358,1,8,59214.0,1,8,9349.974,1,8,45579.364,1,8,164.127,1,8,-9900,?,9,-9900,?,9,16.42,E,8,-2.96,E,8,25.0,E,8,822.9788000000001,E,8,999.0,E,8,5.51,E,8,-9900,?,9,-9900,?,9,0.0,E,8,-9900,?,9,-9900,?,9,0.0,0.0,E,8
08/14/2022,14:00,979.473,1330.506,467.73,1,8,83.321,1,8,406.407,1,8,56127.6,1,8,7915.461,1,8,44704.817,1,8,175.77,1,8,-9900,?,9,-9900,?,9,17.09,E,8,-3.51,E,8,23.0,E,8,822.9788000000001,E,8,999.0,E,8,5.95,E,8,-9900,?,9,-9900,?,9,0.0,E,8,-9900,?,9,-9900,?,9,0.0,0.0,E,8
08/14/2022,15:00,814.819,1330.506,401.65,1,8,83.109,1,8,350.778,1,8,48198.0,1,8,7895.319,1,8,38585.587,1,8,182.411,1,8,-9900,?,9,-9900,?,9,17.31,E,8,-3.7,E,8,22.0,E,8,822.9788000000001,E,8,999.0,E,8,4.39,E,8,-9900,?,9,-9900,?,9,0.0,E,8,-9900,?,9,-9900,?,9,0.0,0.0,E,8
08/14/2022,16:00,586.73,1330.506,300.16,1,8,189.704,1,8,216.605,1,8,36019.2,1,8,18021.888,1,8,23826.543,1,8,156.539,1,8,-9900,?,9,-9900,?,9,16.95,E,8,-3.39,E,8,23.0,E,8,822.9788000000001,E,8,999.0,E,8,2.98,E,8,-9900,?,9,-9900,?,9,0.0,E,8,-9900,?,9,-9900,?,9,0.0,0.0,E,8
08/14/2022,17:00,311.133,1330.506,171.83,1,8,382.881,1,8,82.736,1,8,20619.6,1,8,36373.654,1,8,9100.958,1,8,113.177,1,8,-9900,?,9,-9900,?,9,15.92,E,8,-2.56,E,8,27.0,E,8,822.9788000000001,E,8,999.0,E,8,2.59,E,8,-9900,?,9,-9900,?,9,0.0,E,8,-9900,?,9,-9900,?,9,0.0,0.0,E,8
08/14/2022,18:00,14.62,1330.506,36.15,1,8,0.0,1,8,36.15,1,8,4338.0,1,8,0.0,1,8,3976.5,1,8,3819.292,1,8,-9900,?,9,-9900,?,9,14.36,E,8,-1.39,E,8,32.0,E,8,822.9788000000001,E,8,999.0,E,8,1.39,E,8,-9900,?,9,-9900,?,9,0.0,E,8,-9900,?,9,-9900,?,9,0.0,0.0,E,8
08/14/2022,19:00,0.0,1330.506,0.0,1,8,0.0,1,8,0.0,1,8,0.0,1,8,0.0,1,8,0.0,1,8,-0.0,1,8,-9900,?,9,-9900,?,9,13.41,E,8,-0.72,E,8,36.0,E,8,822.9788000000001,E,8,999.0,E,8,0.73,E,8,-9900,?,9,-9900,?,9,0.0,E,8,-9900,?,9,-9900,?,9,0.0,0.0,E,8
08/14/2022,20:00,0.0,1330.506,0.0,1,8,0.0,1,8,0.0,1,8,0.0,1,8,0.0,1,8,0.0,1,8,-0.0,1,8,-9900,?,9,-9900,?,9,12.46,E,8,-0.09,E,8,40.0,E,8,822.9788000000001,E,8,999.0,E,8,0.38,E,8,-9900,?,9,-9900,?,9,0.0,E,8,-9900,?,9,-9900,?,9,0.0,0.0,E,8
08/14/2022,21:00,0.0,1330.506,0.0,1,8,0.0,1,8,0.0,1,8,0.0,1,8,0.0,1,8,0.0,1,8,-0.0,1,8,-9900,?,9,-9900,?,9,11.5,E,8,0.59,E,8,45.0,E,8,822.9788000000001,E,8,999.0,E,8,0.38,E,8,-9900,?,9,-9900,?,9,0.0,E,8,-9900,?,9,-9900,?,9,0.0,0.0,E,8
08/14/2022,22:00,0.0,1330.506,0.0,1,8,0.0,1,8,0.0,1,8,0.0,1,8,0.0,1,8,0.0,1,8,-0.0,1,8,-9900,?,9,-9900,?,9,10.55,E,8,1.24,E,8,50.0,E,8,822.9788000000001,E,8,999.0,E,8,0.38,E,8,-9900,?,9,-9900,?,9,0.0,E,8,-9900,?,9,-9900,?,9,0.0,0.0,E,8
08/14/2022,23:00,0.0,1330.506,0.0,1,8,0.0,1,8,0.0,1,8,0.0,1,8,0.0,1,8,0.0,1,8,-0.0,1,8,-9900,?,9,-9900,?,9,9.6,E,8,1.87,E,8,56.0,E,8,822.9788000000001,E,8,999.0,E,8,0.38,E,8,-9900,?,9,-9900,?,9,0.0,E,8,-9900,?,9,-9900,?,9,0.0,0.0,E,8
08/14/2022,24:00,0.0,1330.506,0.0,1,8,0.0,1,8,0.0,1,8,0.0,1,8,0.0,1,8,0.0,1,8,-0.0,1,8,-9900,?,9,-9900,?,9,8.65,E,8,3.11,E,8,68.0,E,8,822.9788000000001,E,8,999.0,E,8,0.28,E,8,-9900,?,9,-9900,?,9,0.0,E,8,-9900,?,9,-9900,?,9,0.0,0.0,E,8
08/15/2022,01:00,0.0,1330.506,0.0,1,8,0.0,1,8,0.0,1,8,0.0,1,8,0.0,1,8,0.0,1,8,-0.0,1,8,-9900,?,9,-9900,?,9,8.17,E,8,3.34,E,8,71.0,E,8,822.9788000000001,E,8,999.0,E,8,0.28,E,8,-9900,?,9,-9900,?,9,0.0,E,8,-9900,?,9,-9900,?,9,0.0,0.0,E,8
08/15/2022,02:00,0.0,1330.506,0.0,1,8,0.0,1,8,0.0,1,8,0.0,1,8,0.0,1,8,0.0,1,8,-0.0,1,8,-9900,?,9,-9900,?,9,7.69,E,8,3.57,E,8,75.0,E,8,822.9788000000001,E,8,999.0,E,8,0.28,E,8,-9900,?,9,-9900,?,9,0.0,E,8,-9900,?,9,-9900,?,9,0.0,0.0,E,8
08/15/2022,03:00,0.0,1330.506,0.0,1,8,0.0,1,8,0.0,1,8,0.0,1,8,0.0,1,8,0.0,1,8,-0.0,1,8,-9900,?,9,-9900,?,9,7.22,E,8,3.79,E,8,78.0,E,8,822.9788000000001,E,8,999.0,E,8,0.28,E,8,-9900,?,9,-9900,?,9,0.0,E,8,-9900,?,9,-9900,?,9,0.0,0.0,E,8
08/15/2022,04:00,0.0,1330.993,0.0,1,8,0.0,1,8,0.0,1,8,0.0,1,8,0.0,1,8,0.0,1,8,-0.0,1,8,-9900,?,9,-9900,?,9,6.74,E,8,4.01,E,8,82.0,E,8,822.9788000000001,E,8,999.0,E,8,0.28,E,8,-9900,?,9,-9900,?,9,0.0,E,8,-9900,?,9,-9900,?,9,0.0,0.0,E,8
08/15/2022,05:00,0.0,1330.993,0.0,1,8,0.0,1,8,0.0,1,8,0.0,1,8,0.0,1,8,0.0,1,8,-0.0,1,8,-9900,?,9,-9900,?,9,6.27,E,8,4.22,E,8,86.0,E,8,822.9788000000001,E,8,999.0,E,8,0.28,E,8,-9900,?,9,-9900,?,9,0.0,E,8,-9900,?,9,-9900,?,9,0.0,0.0,E,8
08/15/2022,06:00,0.0,1330.993,0.0,1,8,0.0,1,8,0.0,1,8,0.0,1,8,0.0,1,8,0.0,1,8,-0.0,1,8,-9900,?,9,-9900,?,9,5.9,E,8,4.39,E,8,89.0,E,8,822.9788000000001,E,8,999.0,E,8,0.28,E,8,-9900,?,9,-9900,?,9,0.0,E,8,-9900,?,9,-9900,?,9,0.0,0.0,E,8
08/15/2022,07:00,81.351,1330.993,0.0,1,8,0.0,1,8,0.0,1,8,0.0,1,8,0.0,1,8,0.0,1,8,0.0,1,8,-9900,?,9,-9900,?,9,5.58,E,8,4.53,E,8,92.0,E,8,822.9788000000001,E,8,999.0,E,8,0.28,E,8,-9900,?,9,-9900,?,9,0.0,E,8,-9900,?,9,-9900,?,9,0.0,0.0,E,8
08/15/2022,08:00,378.972,1330.993,77.55,1,8,0.0,1,8,77.55,1,8,9306.0,1,8,0.0,1,8,8530.5,1,8,86.98,1,8,-9900,?,9,-9900,?,9,5.27,E,8,4.66,E,8,95.0,E,8,822.9788000000001,E,8,999.0,E,8,0.32,E,8,-9900,?,9,-9900,?,9,0.0,E,8,-9900,?,9,-9900,?,9,0.0,0.0,E,8
08/15/2022,09:00,646.058,1330.993,240.43,1,8,48.683,1,8,216.822,1,8,28851.6,1,8,4624.903,1,8,23850.399,1,8,142.321,1,8,-9900,?,9,-9900,?,9,9.33,E,8,2.78,E,8,63.0,E,8,822.9788000000001,E,8,999.0,E,8,0.34,E,8,-9900,?,9,-9900,?,9,0.0,E,8,-9900,?,9,-9900,?,9,0.0,0.0,E,8
08/15/2022,10:00,861.609,1330.993,386.15,1,8,89.576,1,8,328.187,1,8,46338.0,1,8,8509.694,1,8,36100.609,1,8,161.441,1,8,-9900,?,9,-9900,?,9,11.27,E,8,1.79,E,8,52.0,E,8,822.9788000000001,E,8,999.0,E,8,0.7,E,8,-9900,?,9,-9900,?,9,0.0,E,8,-9900,?,9,-9900,?,9,0.0,0.0,E,8
08/15/2022,11:00,1010.681,1330.993,497.39,1,8,91.575,1,8,427.868,1,8,59686.8,1,8,8699.582,1,8,47065.533,1,8,179.397,1,8,-9900,?,9,-9900,?,9,12.94,E,8,0.88,E,8,43.0,E,8,822.9788000000001,E,8,999.0,E,8,2.13,E,8,-9900,?,9,-9900,?,9,0.0,E,8,-9900,?,9,-9900,?,9,0.0,0.0,E,8
08/15/2022,12:00,1083.045,1330.993,565.2,1,8,160.101,1,8,434.943,1,8,67824.0,1,8,15209.614,1,8,47843.754,1,8,170.168,1,8,-9900,?,9,-9900,?,9,14.3,E,8,0.1,E,8,37.0,E,8,822.9788000000001,E,8,999.0,E,8,2.49,E,8,-9900,?,9,-9900,?,9,0.0,E,8,-9900,?,9,-9900,?,9,0.0,0.0,E,8
08/15/2022,13:00,1073.75,1330.993,584.53,1,8,190.84,1,8,430.599,1,8,70143.6,1,8,18129.766,1,8,47365.837,1,8,169.928,1,8,-9900,?,9,-9900,?,9,15.28,E,8,-0.43,E,8,33.0,E,8,822.9788000000001,E,8,999.0,E,8,3.48,E,8,-9900,?,9,-9900,?,9,0.0,E,8,-9900,?,9,-9900,?,9,0.0,0.0,E,8
08/15/2022,14:00,983.428,1330.993,554.0,1,8,216.036,1,8,394.417,1,8,66480.0,1,8,20523.447,1,8,43385.849,1,8,169.959,1,8,-9900,?,9,-9900,?,9,15.87,E,8,-0.75,E,8,31.0,E,8,822.9788000000001,E,8,999.0,E,8,2.13,E,8,-9900,?,9,-9900,?,9,0.0,E,8,-9900,?,9,-9900,?,9,0.0,0.0,E,8
08/15/2022,15:00,818.26,1330.993,475.8,1,8,260.261,1,8,315.876,1,8,57096.0,1,8,24724.783,1,8,34746.324,1,8,163.629,1,8,-9900,?,9,-9900,?,9,16.07,E,8,-0.86,E,8,31.0,E,8,822.9788000000001,E,8,999.0,E,8,1.53,E,8,-9900,?,9,-9900,?,9,0.0,E,8,-9900,?,9,-9900,?,9,0.0,0.0,E,8
08/15/2022,16:00,589.588,1330.993,355.82,1,8,378.274,1,8,188.457,1,8,42698.4,1,8,35936.02,1,8,20730.241,1,8,135.584,1,8,-9900,?,9,-9900,?,9,15.74,E,8,-0.68,E,8,32.0,E,8,822.9788000000001,E,8,999.0,E,8,1.48,E,8,-9900,?,9,-9900,?,9,0.0,E,8,-9900,?,9,-9900,?,9,0.0,0.0,E,8
08/15/2022,17:00,313.379,1330.993,204.12,1,8,620.479,1,8,58.739,1,8,24494.4,1,8,58945.49,1,8,6461.343,1,8,79.8,1,8,-9900,?,9,-9900,?,9,14.83,E,8,-0.19,E,8,35.0,E,8,822.9788000000001,E,8,999.0,E,8,0.85,E,8,-9900,?,9,-9900,?,9,0.0,E,8,-9900,?,9,-9900,?,9,0.0,0.0,E,8
08/15/2022,18:00,16.064,1330.993,43.54,1,8,0.0,1,8,43.54,1,8,5224.8,1,8,0.0,1,8,4789.4,1,8,3251.948,1,8,-9900,?,9,-9900,?,9,13.44,E,8,0.6,E,8,41.0,E,8,822.9788000000001,E,8,999.0,E,8,0.98,E,8,-9900,?,9,-9900,?,9,0.0,E,8,-9900,?,9,-9900,?,9,0.0,0.0,E,8
08/15/2022,19:00,0.0,1330.993,0.0,1,8,0.0,1,8,0.0,1,8,0.0,1,8,0.0,1,8,0.0,1,8,-0.0,1,8,-9900,?,9,-9900,?,9,12.54,E,8,1.1,E,8,45.0,E,8,822.9788000000001,E,8,999.0,E,8,0.39,E,8,-9900,?,9,-9900,?,9,0.0,E,8,-9900,?,9,-9900,?,9,0.0,0.0,E,8
08/15/2022,20:00,0.0,1330.993,0.0,1,8,0.0,1,8,0.0,1,8,0.0,1,8,0.0,1,8,0.0,1,8,-0.0,1,8,-9900,?,9,-9900,?,9,11.63,E,8,1.6,E,8,50.0,E,8,822.9788000000001,E,8,999.0,E,8,0.28,E,8,-9900,?,9,-9900,?,9,0.0,E,8,-9900,?,9,-9900,?,9,0.0,0.0,E,8
08/15/2022,21:00,0.0,1330.993,0.0,1,8,0.0,1,8,0.0,1,8,0.0,1,8,0.0,1,8,0.0,1,8,-0.0,1,8,-9900,?,9,-9900,?,9,10.73,E,8,2.07,E,8,55.0,E,8,822.9788000000001,E,8,999.0,E,8,0.28,E,8,-9900,?,9,-9900,?,9,0.0,E,8,-9900,?,9,-9900,?,9,0.0,0.0,E,8
08/15/2022,22:00,0.0,1330.993,0.0,1,8,0.0,1,8,0.0,1,8,0.0,1,8,0.0,1,8,0.0,1,8,-0.0,1,8,-9900,?,9,-9900,?,9,9.82,E,8,2.53,E,8,60.0,E,8,822.9788000000001,E,8,999.0,E,8,0.28,E,8,-9900,?,9,-9900,?,9,0.0,E,8,-9900,?,9,-9900,?,9,0.0,0.0,E,8
08/15/2022,23:00,0.0,1330.993,0.0,1,8,0.0,1,8,0.0,1,8,0.0,1,8,0.0,1,8,0.0,1,8,-0.0,1,8,-9900,?,9,-9900,?,9,8.92,E,8,2.98,E,8,66.0,E,8,822.9788000000001,E,8,999.0,E,8,0.28,E,8,-9900,?,9,-9900,?,9,0.0,E,8,-9900,?,9,-9900,?,9,0.0,0.0,E,8
08/15/2022,24:00,0.0,1330.993,0.0,1,8,0.0,1,8,0.0,1,8,0.0,1,8,0.0,1,8,0.0,1,8,-0.0,1,8,-9900,?,9,-9900,?,9,8.02,E,8,1.21,E,8,62.0,E,8,822.9788000000001,E,8,999.0,E,8,0.38,E,8,-9900,?,9,-9900,?,9,0.0,E,8,-9900,?,9,-9900,?,9,0.0,0.0,E,8
08/16/2022,01:00,0.0,1330.993,0.0,1,8,0.0,1,8,0.0,1,8,0.0,1,8,0.0,1,8,0.0,1,8,-0.0,1,8,-9900,?,9,-9900,?,9,7.56,E,8,1.78,E,8,66.0,E,8,822.9788000000001,E,8,999.0,E,8,0.42,E,8,-9900,?,9,-9900,?,9,0.0,E,8,-9900,?,9,-9900,?,9,0.0,0.0,E,8
08/16/2022,02:00,0.0,1330.993,0.0,1,8,0.0,1,8,0.0,1,8,0.0,1,8,0.0,1,8,0.0,1,8,-0.0,1,8,-9900,?,9,-9900,?,9,7.11,E,8,2.32,E,8,71.0,E,8,822.9788000000001,E,8,999.0,E,8,0.36,E,8,-9900,?,9,-9900,?,9,0.0,E,8,-9900,?,9,-9900,?,9,0.0,0.0,E,8
08/16/2022,03:00,0.0,1330.993,0.0,1,8,0.0,1,8,0.0,1,8,0.0,1,8,0.0,1,8,0.0,1,8,-0.0,1,8,-9900,?,9,-9900,?,9,6.66,E,8,2.84,E,8,76.0,E,8,822.9788000000001,E,8,999.0,E,8,0.36,E,8,-9900,?,9,-9900,?,9,0.0,E,8,-9900,?,9,-9900,?,9,0.0,0.0,E,8
08/16/2022,04:00,0.0,1331.49,0.0,1,8,0.0,1,8,0.0,1,8,0.0,1,8,0.0,1,8,0.0,1,8,-0.0,1,8,-9900,?,9,-9900,?,9,6.21,E,8,3.34,E,8,81.0,E,8,822.9788000000001,E,8,999.0,E,8,0.36,E,8,-9900,?,9,-9900,?,9,0.0,E,8,-9900,?,9,-9900,?,9,0.0,0.0,E,8
08/16/2022,05:00,0.0,1331.49,0.0,1,8,0.0,1,8,0.0,1,8,0.0,1,8,0.0,1,8,0.0,1,8,-0.0,1,8,-9900,?,9,-9900,?,9,5.76,E,8,3.83,E,8,92.0,E,8,822.9788000000001,E,8,999.0,E,8,0.36,E,8,-9900,?,9,-9900,?,9,0.001,E,8,-9900,?,9,-9900,?,9,0.01,99.0,E,8
08/16/2022,06:00,0.0,1331.49,0.0,1,8,0.0,1,8,0.0,1,8,0.0,1,8,0.0,1,8,0.0,1,8,-0.0,1,8,-9900,?,9,-9900,?,9,5.41,E,8,4.19,E,8,91.0,E,8,822.9788000000001,E,8,999.0,E,8,0.36,E,8,-9900,?,9,-9900,?,9,0.0,E,8,-9900,?,9,-9900,?,9,0.0,0.0,E,8
08/16/2022,07:00,85.076,1331.49,0.0,1,8,0.0,1,8,0.0,1,8,0.0,1,8,0.0,1,8,0.0,1,8,0.0,1,8,-9900,?,9,-9900,?,9,5.11,E,8,4.5,E,8,95.0,E,8,822.9788000000001,E,8,999.0,E,8,0.36,E,8,-9900,?,9,-9900,?,9,0.0,E,8,-9900,?,9,-9900,?,9,0.0,0.0,E,8
08/16/2022,08:00,383.279,1331.49,64.12,1,8,0.0,1,8,64.12,1,8,7694.4,1,8,0.0,1,8,7053.2,1,8,71.13,1,8,-9900,?,9,-9900,?,9,4.81,E,8,4.81,E,8,99.0,E,8,822.9788000000001,E,8,999.0,E,8,0.36,E,8,-9900,?,9,-9900,?,9,0.0,E,8,-9900,?,9,-9900,?,9,0.0,0.0,E,8
08/16/2022,09:00,650.694,1331.49,195.63,1,8,18.763,1,8,186.469,1,8,23475.6,1,8,1782.487,1,8,20511.605,1,8,121.569,1,8,-9900,?,9,-9900,?,9,8.77,E,8,0.24,E,8,55.0,E,8,822.9788000000001,E,8,999.0,E,8,0.36,E,8,-9900,?,9,-9900,?,9,0.0,E,8,-9900,?,9,-9900,?,9,0.0,0.0,E,8
08/16/2022,10:00,866.42,1331.49,313.08,1,8,15.573,1,8,302.951,1,8,37569.6,1,8,1479.4,1,8,33324.579,1,8,148.254,1,8,-9900,?,9,-9900,?,9,10.63,E,8,-2.2,E,8,39.0,E,8,822.9788000000001,E,8,999.0,E,8,0.36,E,8,-9900,?,9,-9900,?,9,0.0,E,8,-9900,?,9,-9900,?,9,0.0,0.0,E,8
08/16/2022,11:00,1015.507,1331.49,402.69,1,8,6.673,1,8,397.601,1,8,48322.8,1,8,633.978,1,8,43736.148,1,8,165.976,1,8,-9900,?,9,-9900,?,9,12.25,E,8,-4.75,E,8,28.0,E,8,822.9788000000001,E,8,999.0,E,8,0.69,E,8,-9900,?,9,-9900,?,9,0.0,E,8,-9900,?,9,-9900,?,9,0.0,0.0,E,8
08/16/2022,12:00,1087.727,1331.49,457.24,1,8,66.688,1,8,402.769,1,8,54868.8,1,8,6335.39,1,8,44304.555,1,8,156.96,1,8,-9900,?,9,-9900,?,9,13.55,E,8,-7.24,E,8,21.0,E,8,822.9788000000001,E,8,999.0,E,8,1.63,E,8,-9900,?,9,-9900,?,9,0.0,E,8,-9900,?,9,-9900,?,9,0.0,0.0,E,8
08/16/2022,13:00,1078.137,1331.49,472.7,1,8,79.572,1,8,408.278,1,8,56724.0,1,8,7559.375,1,8,44910.631,1,8,160.523,1,8,-9900,?,9,-9900,?,9,14.49,E,8,-9.4,E,8,16.0,E,8,822.9788000000001,E,8,999.0,E,8,2.46,E,8,-9900,?,9,-9900,?,9,0.0,E,8,-9900,?,9,-9900,?,9,0.0,0.0,E,8
08/16/2022,14:00,987.391,1331.49,447.94,1,8,67.38,1,8,397.985,1,8,53752.8,1,8,6401.079,1,8,43778.386,1,8,170.872,1,8,-9900,?,9,-9900,?,9,15.06,E,8,-10.93,E,8,13.0,E,8,822.9788000000001,E,8,999.0,E,8,2.69,E,8,-9900,?,9,-9900,?,9,0.0,E,8,-9900,?,9,-9900,?,9,0.0,0.0,E,8
08/16/2022,15:00,821.698,1331.49,384.76,1,8,67.506,1,8,343.12,1,8,46171.2,1,8,6413.051,1,8,37743.225,1,8,177.064,1,8,-9900,?,9,-9900,?,9,15.25,E,8,-11.48,E,8,13.0,E,8,822.9788000000001,E,8,999.0,E,8,3.02,E,8,-9900,?,9,-9900,?,9,0.0,E,8,-9900,?,9,-9900,?,9,0.0,0.0,E,8
08/16/2022,16:00,592.438,1331.49,287.9,1,8,155.956,1,8,218.591,1,8,34548.0,1,8,14815.804,1,8,24044.955,1,8,156.563,1,8,-9900,?,9,-9900,?,9,14.93,E,8,-10.57,E,8,14.0,E,8,822.9788000000001,E,8,999.0,E,8,2.66,E,8,-9900,?,9,-9900,?,9,0.0,E,8,-9900,?,9,-9900,?,9,0.0,0.0,E,8
08/16/2022,17:00,315.611,1331.49,165.46,1,8,325.854,1,8,88.591,1,8,19855.2,1,8,30956.176,1,8,9744.992,1,8,119.539,1,8,-9900,?,9,-9900,?,9,14.05,E,8,-8.34,E,8,18.0,E,8,822.9788000000001,E,8,999.0,E,8,1.5,E,8,-9900,?,9,-9900,?,9,0.0,E,8,-9900,?,9,-9900,?,9,0.0,0.0,E,8
08/16/2022,18:00,17.502,1331.49,35.74,1,8,0.0,1,8,35.74,1,8,4288.8,1,8,0.0,1,8,3931.4,1,8,2068.889,1,8,-9900,?,9,-9900,?,9,12.71,E,8,-5.57,E,8,26.0,E,8,822.9788000000001,E,8,999.0,E,8,0.9,E,8,-9900,?,9,-9900,?,9,0.0,E,8,-9900,?,9,-9900,?,9,0.0,0.0,E,8
08/16/2022,19:00,0.0,1331.49,0.0,1,8,0.0,1,8,0.0,1,8,0.0,1,8,0.0,1,8,0.0,1,8,-0.0,1,8,-9900,?,9,-9900,?,9,11.94,E,8,-4.22,E,8,40.0,E,8,822.9788000000001,E,8,999.0,E,8,0.58,E,8,-9900,?,9,-9900,?,9,0.189,E,8,-9900,?,9,-9900,?,9,1.89,99.0,E,8
08/16/2022,20:00,0.0,1331.49,0.0,1,8,0.0,1,8,0.0,1,8,0.0,1,8,0.0,1,8,0.0,1,8,-0.0,1,8,-9900,?,9,-9900,?,9,11.16,E,8,-2.98,E,8,40.0,E,8,822.9788000000001,E,8,999.0,E,8,0.39,E,8,-9900,?,9,-9900,?,9,0.003,E,8,-9900,?,9,-9900,?,9,0.03,99.0,E,8
08/16/2022,21:00,0.0,1331.49,0.0,1,8,0.0,1,8,0.0,1,8,0.0,1,8,0.0,1,8,0.0,1,8,-0.0,1,8,-9900,?,9,-9900,?,9,10.39,E,8,-1.87,E,8,41.0,E,8,822.9788000000001,E,8,999.0,E,8,0.36,E,8,-9900,?,9,-9900,?,9,0.0,E,8,-9900,?,9,-9900,?,9,0.0,0.0,E,8
08/16/2022,22:00,0.0,1331.49,0.0,1,8,0.0,1,8,0.0,1,8,0.0,1,8,0.0,1,8,0.0,1,8,-0.0,1,8,-9900,?,9,-9900,?,9,9.61,E,8,-0.83,E,8,52.0,E,8,822.9788000000001,E,8,999.0,E,8,0.36,E,8,-9900,?,9,-9900,?,9,0.007000000000000001,E,8,-9900,?,9,-9900,?,9,0.07,99.0,E,8
08/16/2022,23:00,0.0,1331.49,0.0,1,8,0.0,1,8,0.0,1,8,0.0,1,8,0.0,1,8,0.0,1,8,-0.0,1,8,-9900,?,9,-9900,?,9,8.84,E,8,0.14,E,8,54.0,E,8,822.9788000000001,E,8,999.0,E,8,0.36,E,8,-9900,?,9,-9900,?,9,0.0,E,8,-9900,?,9,-9900,?,9,0.0,0.0,E,8
08/16/2022,24:00,0.0,1331.49,0.0,1,8,0.0,1,8,0.0,1,8,0.0,1,8,0.0,1,8,0.0,1,8,-0.0,1,8,-9900,?,9,-9900,?,9,8.07,E,8,6.08,E,8,87.0,E,8,822.9788000000001,E,8,999.0,E,8,0.8,E,8,-9900,?,9,-9900,?,9,0.0,E,8,-9900,?,9,-9900,?,9,0.0,0.0,E,8
08/17/2022,01:00,0.0,1331.49,0.0,1,8,0.0,1,8,0.0,1,8,0.0,1,8,0.0,1,8,0.0,1,8,-0.0,1,8,-9900,?,9,-9900,?,9,7.68,E,8,5.98,E,8,88.0,E,8,822.9788000000001,E,8,999.0,E,8,0.8,E,8,-9900,?,9,-9900,?,9,0.0,E,8,-9900,?,9,-9900,?,9,0.0,0.0,E,8
08/17/2022,02:00,0.0,1331.49,0.0,1,8,0.0,1,8,0.0,1,8,0.0,1,8,0.0,1,8,0.0,1,8,-0.0,1,8,-9900,?,9,-9900,?,9,7.29,E,8,5.87,E,8,90.0,E,8,822.9788000000001,E,8,999.0,E,8,0.8,E,8,-9900,?,9,-9900,?,9,0.0,E,8,-9900,?,9,-9900,?,9,0.0,0.0,E,8
08/17/2022,03:00,0.0,1331.49,0.0,1,8,0.0,1,8,0.0,1,8,0.0,1,8,0.0,1,8,0.0,1,8,-0.0,1,8,-9900,?,9,-9900,?,9,6.9,E,8,5.76,E,8,92.0,E,8,822.9788000000001,E,8,999.0,E,8,0.8,E,8,-9900,?,9,-9900,?,9,0.0,E,8,-9900,?,9,-9900,?,9,0.0,0.0,E,8
08/17/2022,04:00,0.0,1331.998,0.0,1,8,0.0,1,8,0.0,1,8,0.0,1,8,0.0,1,8,0.0,1,8,-0.0,1,8,-9900,?,9,-9900,?,9,6.52,E,8,5.65,E,8,94.0,E,8,822.9788000000001,E,8,999.0,E,8,0.8,E,8,-9900,?,9,-9900,?,9,0.0,E,8,-9900,?,9,-9900,?,9,0.0,0.0,E,8
08/17/2022,05:00,0.0,1331.998,0.0,1,8,0.0,1,8,0.0,1,8,0.0,1,8,0.0,1,8,0.0,1,8,-0.0,1,8,-9900,?,9,-9900,?,9,6.13,E,8,5.55,E,8,96.0,E,8,822.9788000000001,E,8,999.0,E,8,0.8,E,8,-9900,?,9,-9900,?,9,0.0,E,8,-9900,?,9,-9900,?,9,0.0,0.0,E,8
08/17/2022,06:00,0.0,1331.998,0.0,1,8,0.0,1,8,0.0,1,8,0.0,1,8,0.0,1,8,0.0,1,8,-0.0,1,8,-9900,?,9,-9900,?,9,5.83,E,8,5.46,E,8,97.0,E,8,822.9788000000001,E,8,999.0,E,8,0.8,E,8,-9900,?,9,-9900,?,9,0.0,E,8,-9900,?,9,-9900,?,9,0.0,0.0,E,8
08/17/2022,07:00,88.888,1331.998,0.0,1,8,0.0,1,8,0.0,1,8,0.0,1,8,0.0,1,8,0.0,1,8,0.0,1,8,-9900,?,9,-9900,?,9,5.57,E,8,5.39,E,8,98.0,E,8,822.9788000000001,E,8,999.0,E,8,0.93,E,8,-9900,?,9,-9900,?,9,0.0,E,8,-9900,?,9,-9900,?,9,0.0,0.0,E,8
08/17/2022,08:00,387.661,1331.998,56.38,1,8,0.0,1,8,56.38,1,8,6765.6,1,8,0.0,1,8,6201.8,1,8,61.856,1,8,-9900,?,9,-9900,?,9,5.32,E,8,5.31,E,8,99.0,E,8,822.9788000000001,E,8,999.0,E,8,0.83,E,8,-9900,?,9,-9900,?,9,0.0,E,8,-9900,?,9,-9900,?,9,0.0,0.0,E,8
08/17/2022,09:00,655.395,1331.998,136.61,1,8,3.834,1,8,134.725,1,8,16393.2,1,8,364.197,1,8,14819.796,1,8,87.236,1,8,-9900,?,9,-9900,?,9,9.01,E,8,6.34,E,8,83.0,E,8,822.9788000000001,E,8,999.0,E,8,1.14,E,8,-9900,?,9,-9900,?,9,0.0,E,8,-9900,?,9,-9900,?,9,0.0,0.0,E,8
08/17/2022,10:00,871.286,1331.998,213.2,1,8,4.562,1,8,210.217,1,8,25584.0,1,8,433.401,1,8,23123.87,1,8,102.337,1,8,-9900,?,9,-9900,?,9,10.5,E,8,6.73,E,8,77.0,E,8,822.9788000000001,E,8,999.0,E,8,1.37,E,8,-9900,?,9,-9900,?,9,0.0,E,8,-9900,?,9,-9900,?,9,0.0,0.0,E,8
08/17/2022,11:00,1020.376,1331.998,191.43,1,8,2.85,1,8,189.247,1,8,22971.6,1,8,270.758,1,8,20817.186,1,8,78.653,1,8,-9900,?,9,-9900,?,9,11.04,E,8,6.87,E,8,75.0,E,8,822.9788000000001,E,8,999.0,E,8,0.8,E,8,-9900,?,9,-9900,?,9,0.0,E,8,-9900,?,9,-9900,?,9,0.0,0.0,E,8
08/17/2022,12:00,1092.439,1331.998,218.92,1,8,3.019,1,8,216.444,1,8,26270.4,1,8,286.845,1,8,23808.837,1,8,84.016,1,8,-9900,?,9,-9900,?,9,11.57,E,8,7.01,E,8,73.0,E,8,822.9788000000001,E,8,999.0,E,8,0.8,E,8,-9900,?,9,-9900,?,9,0.0,E,8,-9900,?,9,-9900,?,9,0.0,0.0,E,8
08/17/2022,13:00,1082.542,1331.998,182.63,1,8,2.49,1,8,180.606,1,8,21915.6,1,8,236.574,1,8,19866.707,1,8,70.747,1,8,-9900,?,9,-9900,?,9,11.69,E,8,7.04,E,8,73.0,E,8,822.9788000000001,E,8,999.0,E,8,0.8,E,8,-9900,?,9,-9900,?,9,0.0,E,8,-9900,?,9,-9900,?,9,0.0,0.0,E,8
08/17/2022,14:00,991.36,1331.998,245.65,1,8,5.388,1,8,241.641,1,8,29478.0,1,8,511.869,1,8,26580.485,1,8,103.37,1,8,-9900,?,9,-9900,?,9,12.12,E,8,7.15,E,8,71.0,E,8,822.9788000000001,E,8,999.0,E,8,0.8,E,8,-9900,?,9,-9900,?,9,0.0,E,8,-9900,?,9,-9900,?,9,0.0,0.0,E,8
08/17/2022,15:00,825.134,1331.998,211.02,1,8,3.737,1,8,208.706,1,8,25322.4,1,8,355.002,1,8,22957.684,1,8,107.292,1,8,-9900,?,9,-9900,?,9,12.28,E,8,7.19,E,8,71.0,E,8,822.9788000000001,E,8,999.0,E,8,0.8,E,8,-9900,?,9,-9900,?,9,0.0,E,8,-9900,?,9,-9900,?,9,0.0,0.0,E,8
08/17/2022,16:00,595.278,1331.998,161.33,1,8,10.224,1,8,156.766,1,8,19359.6,1,8,971.315,1,8,17244.262,1,8,111.788,1,8,-9900,?,9,-9900,?,9,12.13,E,8,7.15,E,8,71.0,E,8,822.9788000000001,E,8,999.0,E,8,0.8,E,8,-9900,?,9,-9900,?,9,0.0,E,8,-9900,?,9,-9900,?,9,0.0,0.0,E,8
08/17/2022,17:00,317.829,1331.998,106.68,1,8,65.684,1,8,91.081,1,8,12801.6,1,8,6239.951,1,8,10018.934,1,8,122.08,1,8,-9900,?,9,-9900,?,9,11.66,E,8,7.03,E,8,73.0,E,8,822.9788000000001,E,8,999.0,E,8,0.8,E,8,-9900,?,9,-9900,?,9,0.0,E,8,-9900,?,9,-9900,?,9,0.0,0.0,E,8
08/17/2022,18:00,18.933,1331.998,28.62,1,8,0.0,1,8,28.62,1,8,3434.4,1,8,0.0,1,8,3148.2,1,8,1354.879,1,8,-9900,?,9,-9900,?,9,10.81,E,8,6.81,E,8,76.0,E,8,822.9788000000001,E,8,999.0,E,8,0.8,E,8,-9900,?,9,-9900,?,9,0.0,E,8,-9900,?,9,-9900,?,9,0.0,0.0,E,8
08/17/2022,19:00,0.0,1331.998,0.0,1,8,0.0,1,8,0.0,1,8,0.0,1,8,0.0,1,8,0.0,1,8,-0.0,1,8,-9900,?,9,-9900,?,9,10.15,E,8,6.64,E,8,78.0,E,8,822.9788000000001,E,8,999.0,E,8,0.8,E,8,-9900,?,9,-9900,?,9,0.0,E,8,-9900,?,9,-9900,?,9,0.0,0.0,E,8
08/17/2022,20:00,0.0,1331.998,0.0,1,8,0.0,1,8,0.0,1,8,0.0,1,8,0.0,1,8,0.0,1,8,-0.0,1,8,-9900,?,9,-9900,?,9,9.49,E,8,6.47,E,8,81.0,E,8,822.9788000000001,E,8,999.0,E,8,0.8,E,8,-9900,?,9,-9900,?,9,0.0,E,8,-9900,?,9,-9900,?,9,0.0,0.0,E,8
08/17/2022,21:00,0.0,1331.998,0.0,1,8,0.0,1,8,0.0,1,8,0.0,1,8,0.0,1,8,0.0,1,8,-0.0,1,8,-9900,?,9,-9900,?,9,8.83,E,8,6.29,E,8,84.0,E,8,822.9788000000001,E,8,999.0,E,8,0.8,E,8,-9900,?,9,-9900,?,9,0.0,E,8,-9900,?,9,-9900,?,9,0.0,0.0,E,8
08/17/2022,22:00,0.0,1331.998,0.0,1,8,0.0,1,8,0.0,1,8,0.0,1,8,0.0,1,8,0.0,1,8,-0.0,1,8,-9900,?,9,-9900,?,9,8.16,E,8,6.11,E,8,86.0,E,8,822.9788000000001,E,8,999.0,E,8,0.8,E,8,-9900,?,9,-9900,?,9,0.0,E,8,-9900,?,9,-9900,?,9,0.0,0.0,E,8
08/17/2022,23:00,0.0,1331.998,0.0,1,8,0.0,1,8,0.0,1,8,0.0,1,8,0.0,1,8,0.0,1,8,-0.0,1,8,-9900,?,9,-9900,?,9,7.5,E,8,5.93,E,8,89.0,E,8,822.9788000000001,E,8,999.0,E,8,0.8,E,8,-9900,?,9,-9900,?,9,0.0,E,8,-9900,?,9,-9900,?,9,0.0,0.0,E,8
08/17/2022,24:00,0.0,1331.998,0.0,1,8,0.0,1,8,0.0,1,8,0.0,1,8,0.0,1,8,0.0,1,8,-0.0,1,8,-9900,?,9,-9900,?,9,6.84,E,8,2.61,E,8,74.0,E,8,822.9788000000001,E,8,999.0,E,8,0.35,E,8,-9900,?,9,-9900,?,9,0.0,E,8,-9900,?,9,-9900,?,9,0.0,0.0,E,8
08/18/2022,01:00,0.0,1331.998,0.0,1,8,0.0,1,8,0.0,1,8,0.0,1,8,0.0,1,8,0.0,1,8,-0.0,1,8,-9900,?,9,-9900,?,9,6.51,E,8,2.86,E,8,77.0,E,8,822.9788000000001,E,8,999.0,E,8,0.35,E,8,-9900,?,9,-9900,?,9,0.0,E,8,-9900,?,9,-9900,?,9,0.0,0.0,E,8
08/18/2022,02:00,0.0,1331.998,0.0,1,8,0.0,1,8,0.0,1,8,0.0,1,8,0.0,1,8,0.0,1,8,-0.0,1,8,-9900,?,9,-9900,?,9,6.18,E,8,3.1,E,8,80.0,E,8,822.9788000000001,E,8,999.0,E,8,0.35,E,8,-9900,?,9,-9900,?,9,0.0,E,8,-9900,?,9,-9900,?,9,0.0,0.0,E,8
08/18/2022,03:00,0.0,1331.998,0.0,1,8,0.0,1,8,0.0,1,8,0.0,1,8,0.0,1,8,0.0,1,8,-0.0,1,8,-9900,?,9,-9900,?,9,5.85,E,8,3.35,E,8,83.0,E,8,822.9788000000001,E,8,999.0,E,8,0.35,E,8,-9900,?,9,-9900,?,9,0.0,E,8,-9900,?,9,-9900,?,9,0.0,0.0,E,8
08/18/2022,04:00,0.0,1332.516,0.0,1,8,0.0,1,8,0.0,1,8,0.0,1,8,0.0,1,8,0.0,1,8,-0.0,1,8,-9900,?,9,-9900,?,9,5.52,E,8,3.59,E,8,87.0,E,8,822.9788000000001,E,8,999.0,E,8,0.35,E,8,-9900,?,9,-9900,?,9,0.0,E,8,-9900,?,9,-9900,?,9,0.0,0.0,E,8
08/18/2022,05:00,0.0,1332.516,0.0,1,8,0.0,1,8,0.0,1,8,0.0,1,8,0.0,1,8,0.0,1,8,-0.0,1,8,-9900,?,9,-9900,?,9,5.19,E,8,3.82,E,8,90.0,E,8,822.9788000000001,E,8,999.0,E,8,0.35,E,8,-9900,?,9,-9900,?,9,0.0,E,8,-9900,?,9,-9900,?,9,0.0,0.0,E,8
08/18/2022,06:00,0.0,1332.516,0.0,1,8,0.0,1,8,0.0,1,8,0.0,1,8,0.0,1,8,0.0,1,8,-0.0,1,8,-9900,?,9,-9900,?,9,4.93,E,8,4.01,E,8,93.0,E,8,822.9788000000001,E,8,999.0,E,8,0.35,E,8,-9900,?,9,-9900,?,9,0.0,E,8,-9900,?,9,-9900,?,9,0.0,0.0,E,8
08/18/2022,07:00,92.783,1332.516,0.0,1,8,0.0,1,8,0.0,1,8,0.0,1,8,0.0,1,8,0.0,1,8,0.0,1,8,-9900,?,9,-9900,?,9,4.71,E,8,4.16,E,8,96.0,E,8,822.9788000000001,E,8,999.0,E,8,0.35,E,8,-9900,?,9,-9900,?,9,0.0,E,8,-9900,?,9,-9900,?,9,0.0,0.0,E,8
08/18/2022,08:00,392.116,1332.516,84.23,1,8,0.0,1,8,84.23,1,8,10107.6,1,8,0.0,1,8,9265.3,1,8,91.39,1,8,-9900,?,9,-9900,?,9,4.5,E,8,4.3,E,8,98.0,E,8,822.9788000000001,E,8,999.0,E,8,0.35,E,8,-9900,?,9,-9900,?,9,0.0,E,8,-9900,?,9,-9900,?,9,0.0,0.0,E,8
08/18/2022,09:00,660.161,1332.516,249.2,1,8,51.824,1,8,223.548,1,8,29904.0,1,8,4923.301,1,8,24590.292,1,8,143.759,1,8,-9900,?,9,-9900,?,9,8.77,E,8,1.05,E,8,58.0,E,8,822.9788000000001,E,8,999.0,E,8,0.35,E,8,-9900,?,9,-9900,?,9,0.0,E,8,-9900,?,9,-9900,?,9,0.0,0.0,E,8
08/18/2022,10:00,876.205,1332.516,396.1,1,8,55.646,1,8,359.524,1,8,47532.0,1,8,5286.391,1,8,39547.589,1,8,174.105,1,8,-9900,?,9,-9900,?,9,10.73,E,8,-0.62,E,8,45.0,E,8,822.9788000000001,E,8,999.0,E,8,0.35,E,8,-9900,?,9,-9900,?,9,0.0,E,8,-9900,?,9,-9900,?,9,0.0,0.0,E,8
08/18/2022,11:00,1025.286,1332.516,508.02,1,8,136.581,1,8,402.951,1,8,60962.4,1,8,12975.165,1,8,44324.63,1,8,166.732,1,8,-9900,?,9,-9900,?,9,12.42,E,8,-2.12,E,8,35.0,E,8,822.9788000000001,E,8,999.0,E,8,0.68,E,8,-9900,?,9,-9900,?,9,0.0,E,8,-9900,?,9,-9900,?,9,0.0,0.0,E,8
08/18/2022,12:00,1097.178,1332.516,576.0,1,8,162.524,1,8,442.199,1,8,69120.0,1,8,15439.756,1,8,48641.835,1,8,170.971,1,8,-9900,?,9,-9900,?,9,13.79,E,8,-3.48,E,8,28.0,E,8,822.9788000000001,E,8,999.0,E,8,0.63,E,8,-9900,?,9,-9900,?,9,0.0,E,8,-9900,?,9,-9900,?,9,0.0,0.0,E,8
08/18/2022,13:00,1086.962,1332.516,594.99,1,8,193.514,1,8,437.16,1,8,71398.8,1,8,18383.815,1,8,48087.591,1,8,170.613,1,8,-9900,?,9,-9900,?,9,14.78,E,8,-4.56,E,8,24.0,E,8,822.9788000000001,E,8,999.0,E,8,1.24,E,8,-9900,?,9,-9900,?,9,0.0,E,8,-9900,?,9,-9900,?,9,0.0,0.0,E,8
08/18/2022,14:00,995.334,1332.516,563.63,1,8,218.827,1,8,400.213,1,8,67635.6,1,8,20788.553,1,8,44023.479,1,8,170.587,1,8,-9900,?,9,-9900,?,9,15.37,E,8,-5.25,E,8,22.0,E,8,822.9788000000001,E,8,999.0,E,8,2.06,E,8,-9900,?,9,-9900,?,9,0.0,E,8,-9900,?,9,-9900,?,9,0.0,0.0,E,8
08/18/2022,15:00,828.565,1332.516,484.19,1,8,263.269,1,8,320.564,1,8,58102.8,1,8,25010.51,1,8,35262.087,1,8,164.177,1,8,-9900,?,9,-9900,?,9,15.56,E,8,-5.48,E,8,21.0,E,8,822.9788000000001,E,8,999.0,E,8,1.63,E,8,-9900,?,9,-9900,?,9,0.0,E,8,-9900,?,9,-9900,?,9,0.0,0.0,E,8
08/18/2022,16:00,598.106,1332.516,362.63,1,8,383.946,1,8,190.493,1,8,43515.6,1,8,36474.861,1,8,20954.268,1,8,135.247,1,8,-9900,?,9,-9900,?,9,15.23,E,8,-5.09,E,8,23.0,E,8,822.9788000000001,E,8,999.0,E,8,2.59,E,8,-9900,?,9,-9900,?,9,0.0,E,8,-9900,?,9,-9900,?,9,0.0,0.0,E,8
08/18/2022,17:00,320.033,1332.516,209.08,1,8,553.551,1,8,76.752,1,8,25089.6,1,8,52587.344,1,8,8442.746,1,8,102.199,1,8,-9900,?,9,-9900,?,9,14.29,E,8,-4.02,E,8,26.0,E,8,822.9788000000001,E,8,999.0,E,8,2.05,E,8,-9900,?,9,-9900,?,9,0.0,E,8,-9900,?,9,-9900,?,9,0.0,0.0,E,8
08/18/2022,18:00,20.357,1332.516,46.19,1,8,0.0,1,8,46.19,1,8,5542.8,1,8,0.0,1,8,5080.9,1,8,1852.404,1,8,-9900,?,9,-9900,?,9,12.88,E,8,-2.56,E,8,33.0,E,8,822.9788000000001,E,8,999.0,E,8,1.59,E,8,-9900,?,9,-9900,?,9,0.0,E,8,-9900,?,9,-9900,?,9,0.0,0.0,E,8
08/18/2022,19:00,0.0,1332.516,0.0,1,8,0.0,1,8,0.0,1,8,0.0,1,8,0.0,1,8,0.0,1,8,-0.0,1,8,-9900,?,9,-9900,?,9,11.96,E,8,-1.7,E,8,37.0,E,8,822.9788000000001,E,8,999.0,E,8,1.22,E,8,-9900,?,9,-9900,?,9,0.0,E,8,-9900,?,9,-9900,?,9,0.0,0.0,E,8
08/18/2022,20:00,0.0,1332.516,0.0,1,8,0.0,1,8,0.0,1,8,0.0,1,8,0.0,1,8,0.0,1,8,-0.0,1,8,-9900,?,9,-9900,?,9,11.04,E,8,-0.88,E,8,43.0,E,8,822.9788000000001,E,8,999.0,E,8,0.88,E,8,-9900,?,9,-9900,?,9,0.0,E,8,-9900,?,9,-9900,?,9,0.0,0.0,E,8
08/18/2022,21:00,0.0,1332.516,0.0,1,8,0.0,1,8,0.0,1,8,0.0,1,8,0.0,1,8,0.0,1,8,-0.0,1,8,-9900,?,9,-9900,?,9,10.12,E,8,-0.12,E,8,48.0,E,8,822.9788000000001,E,8,999.0,E,8,0.69,E,8,-9900,?,9,-9900,?,9,0.0,E,8,-9900,?,9,-9900,?,9,0.0,0.0,E,8
08/18/2022,22:00,0.0,1332.516,0.0,1,8,0.0,1,8,0.0,1,8,0.0,1,8,0.0,1,8,0.0,1,8,-0.0,1,8,-9900,?,9,-9900,?,9,9.2,E,8,0.68,E,8,55.0,E,8,822.9788000000001,E,8,999.0,E,8,0.48,E,8,-9900,?,9,-9900,?,9,0.0,E,8,-9900,?,9,-9900,?,9,0.0,0.0,E,8
08/18/2022,23:00,0.0,1332.516,0.0,1,8,0.0,1,8,0.0,1,8,0.0,1,8,0.0,1,8,0.0,1,8,-0.0,1,8,-9900,?,9,-9900,?,9,8.28,E,8,1.46,E,8,62.0,E,8,822.9788000000001,E,8,999.0,E,8,0.61,E,8,-9900,?,9,-9900,?,9,0.0,E,8,-9900,?,9,-9900,?,9,0.0,0.0,E,8
08/18/2022,24:00,0.0,1332.516,0.0,1,8,0.0,1,8,0.0,1,8,0.0,1,8,0.0,1,8,0.0,1,8,-0.0,1,8,-9900,?,9,-9900,?,9,7.36,E,8,-0.23,E,8,58.0,E,8,822.9788000000001,E,8,999.0,E,8,0.36,E,8,-9900,?,9,-9900,?,9,0.0,E,8,-9900,?,9,-9900,?,9,0.0,0.0,E,8
08/19/2022,01:00,0.0,1332.516,0.0,1,8,0.0,1,8,0.0,1,8,0.0,1,8,0.0,1,8,0.0,1,8,-0.0,1,8,-9900,?,9,-9900,?,9,6.9,E,8,-0.25,E,8,60.0,E,8,822.9788000000001,E,8,999.0,E,8,0.29,E,8,-9900,?,9,-9900,?,9,0.0,E,8,-9900,?,9,-9900,?,9,0.0,0.0,E,8
08/19/2022,02:00,0.0,1332.516,0.0,1,8,0.0,1,8,0.0,1,8,0.0,1,8,0.0,1,8,0.0,1,8,-0.0,1,8,-9900,?,9,-9900,?,9,6.44,E,8,-0.26,E,8,62.0,E,8,822.9788000000001,E,8,999.0,E,8,0.29,E,8,-9900,?,9,-9900,?,9,0.0,E,8,-9900,?,9,-9900,?,9,0.0,0.0,E,8
08/19/2022,03:00,0.0,1332.516,0.0,1,8,0.0,1,8,0.0,1,8,0.0,1,8,0.0,1,8,0.0,1,8,-0.0,1,8,-9900,?,9,-9900,?,9,5.98,E,8,-0.28,E,8,63.0,E,8,822.9788000000001,E,8,999.0,E,8,0.29,E,8,-9900,?,9,-9900,?,9,0.0,E,8,-9900,?,9,-9900,?,9,0.0,0.0,E,8
08/19/2022,04:00,0.0,1333.043,0.0,1,8,0.0,1,8,0.0,1,8,0.0,1,8,0.0,1,8,0.0,1,8,-0.0,1,8,-9900,?,9,-9900,?,9,5.52,E,8,-0.29,E,8,65.0,E,8,822.9788000000001,E,8,999.0,E,8,0.29,E,8,-9900,?,9,-9900,?,9,0.0,E,8,-9900,?,9,-9900,?,9,0.0,0.0,E,8
08/19/2022,05:00,0.0,1333.043,0.0,1,8,0.0,1,8,0.0,1,8,0.0,1,8,0.0,1,8,0.0,1,8,-0.0,1,8,-9900,?,9,-9900,?,9,5.06,E,8,-0.31,E,8,68.0,E,8,822.9788000000001,E,8,999.0,E,8,0.29,E,8,-9900,?,9,-9900,?,9,0.0,E,8,-9900,?,9,-9900,?,9,0.0,0.0,E,8
08/19/2022,06:00,0.0,1333.043,0.0,1,8,0.0,1,8,0.0,1,8,0.0,1,8,0.0,1,8,0.0,1,8,-0.0,1,8,-9900,?,9,-9900,?,9,4.7,E,8,-0.32,E,8,69.0,E,8,822.9788000000001,E,8,999.0,E,8,0.3,E,8,-9900,?,9,-9900,?,9,0.0,E,8,-9900,?,9,-9900,?,9,0.0,0.0,E,8
08/19/2022,07:00,96.761,1333.043,0.0,1,8,0.0,1,8,0.0,1,8,0.0,1,8,0.0,1,8,0.0,1,8,0.0,1,8,-9900,?,9,-9900,?,9,4.4,E,8,-0.33,E,8,71.0,E,8,822.9788000000001,E,8,999.0,E,8,0.29,E,8,-9900,?,9,-9900,?,9,0.0,E,8,-9900,?,9,-9900,?,9,0.0,0.0,E,8
08/19/2022,08:00,396.641,1333.043,94.91,1,8,0.0,1,8,94.91,1,8,11389.2,1,8,0.0,1,8,10440.1,1,8,101.836,1,8,-9900,?,9,-9900,?,9,4.1,E,8,-0.34,E,8,72.0,E,8,822.9788000000001,E,8,999.0,E,8,0.29,E,8,-9900,?,9,-9900,?,9,0.0,E,8,-9900,?,9,-9900,?,9,0.0,0.0,E,8
08/19/2022,09:00,664.987,1333.043,237.31,1,8,40.987,1,8,216.882,1,8,28477.2,1,8,3893.793,1,8,23856.974,1,8,138.512,1,8,-9900,?,9,-9900,?,9,7.45,E,8,-0.23,E,8,58.0,E,8,822.9788000000001,E,8,999.0,E,8,0.29,E,8,-9900,?,9,-9900,?,9,0.0,E,8,-9900,?,9,-9900,?,9,0.0,0.0,E,8
08/19/2022,10:00,881.174,1333.043,375.91,1,8,43.849,1,8,346.935,1,8,45109.2,1,8,4165.697,1,8,38162.896,1,8,167.127,1,8,-9900,?,9,-9900,?,9,8.87,E,8,-0.19,E,8,52.0,E,8,822.9788000000001,E,8,999.0,E,8,0.29,E,8,-9900,?,9,-9900,?,9,0.0,E,8,-9900,?,9,-9900,?,9,0.0,0.0,E,8
08/19/2022,11:00,1030.233,1333.043,481.42,1,8,107.476,1,8,398.374,1,8,57770.4,1,8,10210.243,1,8,43821.161,1,8,164.11,1,8,-9900,?,9,-9900,?,9,10.11,E,8,-0.15,E,8,48.0,E,8,822.9788000000001,E,8,999.0,E,8,0.88,E,8,-9900,?,9,-9900,?,9,0.0,E,8,-9900,?,9,-9900,?,9,0.0,0.0,E,8
08/19/2022,12:00,1101.943,1333.043,545.42,1,8,127.782,1,8,439.805,1,8,65450.4,1,8,12139.255,1,8,48378.59,1,8,169.377,1,8,-9900,?,9,-9900,?,9,11.11,E,8,-0.12,E,8,45.0,E,8,822.9788000000001,E,8,999.0,E,8,1.29,E,8,-9900,?,9,-9900,?,9,0.0,E,8,-9900,?,9,-9900,?,9,0.0,0.0,E,8
08/19/2022,13:00,1091.395,1333.043,563.18,1,8,152.458,1,8,438.377,1,8,67581.6,1,8,14483.54,1,8,48221.436,1,8,170.46,1,8,-9900,?,9,-9900,?,9,11.84,E,8,-0.09,E,8,43.0,E,8,822.9788000000001,E,8,999.0,E,8,2.29,E,8,-9900,?,9,-9900,?,9,0.0,E,8,-9900,?,9,-9900,?,9,0.0,0.0,E,8
08/19/2022,14:00,999.31,1333.043,533.39,1,8,128.03,1,8,437.435,1,8,64006.8,1,8,12162.884,1,8,48117.802,1,8,185.783,1,8,-9900,?,9,-9900,?,9,12.27,E,8,-0.08,E,8,42.0,E,8,822.9788000000001,E,8,999.0,E,8,2.28,E,8,-9900,?,9,-9900,?,9,0.0,E,8,-9900,?,9,-9900,?,9,0.0,0.0,E,8
08/19/2022,15:00,831.99,1333.043,458.23,1,8,275.72,1,8,286.224,1,8,54987.6,1,8,26193.393,1,8,31484.693,1,8,146.044,1,8,-9900,?,9,-9900,?,9,12.41,E,8,-0.08,E,8,42.0,E,8,822.9788000000001,E,8,999.0,E,8,2.3,E,8,-9900,?,9,-9900,?,9,0.0,E,8,-9900,?,9,-9900,?,9,0.0,0.0,E,8
08/19/2022,16:00,600.923,1333.043,142.47,1,8,12.513,1,8,136.836,1,8,17096.4,1,8,1188.727,1,8,15051.933,1,8,96.733,1,8,-9900,?,9,-9900,?,9,11.38,E,8,-0.11,E,8,45.0,E,8,822.9788000000001,E,8,999.0,E,8,2.7,E,8,-9900,?,9,-9900,?,9,0.0,E,8,-9900,?,9,-9900,?,9,0.0,0.0,E,8
08/19/2022,17:00,322.223,1333.043,198.27,1,8,424.73,1,8,96.077,1,8,23792.4,1,8,40349.307,1,8,10568.454,1,8,127.104,1,8,-9900,?,9,-9900,?,9,10.75,E,8,-0.13,E,8,46.0,E,8,822.9788000000001,E,8,999.0,E,8,2.22,E,8,-9900,?,9,-9900,?,9,0.0,E,8,-9900,?,9,-9900,?,9,0.0,0.0,E,8
08/19/2022,18:00,21.774,1333.043,44.27,1,8,0.0,1,8,44.27,1,8,5312.4,1,8,0.0,1,8,4869.7,1,8,1541.991,1,8,-9900,?,9,-9900,?,9,9.76,E,8,-0.16,E,8,49.0,E,8,822.9788000000001,E,8,999.0,E,8,1.79,E,8,-9900,?,9,-9900,?,9,0.0,E,8,-9900,?,9,-9900,?,9,0.0,0.0,E,8
08/19/2022,19:00,0.0,1333.043,0.0,1,8,0.0,1,8,0.0,1,8,0.0,1,8,0.0,1,8,0.0,1,8,-0.0,1,8,-9900,?,9,-9900,?,9,9.04,E,8,-0.18,E,8,52.0,E,8,822.9788000000001,E,8,999.0,E,8,1.2,E,8,-9900,?,9,-9900,?,9,0.0,E,8,-9900,?,9,-9900,?,9,0.0,0.0,E,8
08/19/2022,20:00,0.0,1333.043,0.0,1,8,0.0,1,8,0.0,1,8,0.0,1,8,0.0,1,8,0.0,1,8,-0.0,1,8,-9900,?,9,-9900,?,9,8.32,E,8,-0.2,E,8,54.0,E,8,822.9788000000001,E,8,999.0,E,8,1.47,E,8,-9900,?,9,-9900,?,9,0.0,E,8,-9900,?,9,-9900,?,9,0.0,0.0,E,8
08/19/2022,21:00,0.0,1333.043,0.0,1,8,0.0,1,8,0.0,1,8,0.0,1,8,0.0,1,8,0.0,1,8,-0.0,1,8,-9900,?,9,-9900,?,9,7.59,E,8,-0.23,E,8,57.0,E,8,822.9788000000001,E,8,999.0,E,8,1.16,E,8,-9900,?,9,-9900,?,9,0.0,E,8,-9900,?,9,-9900,?,9,0.0,0.0,E,8
08/19/2022,22:00,0.0,1333.043,0.0,1,8,0.0,1,8,0.0,1,8,0.0,1,8,0.0,1,8,0.0,1,8,-0.0,1,8,-9900,?,9,-9900,?,9,6.87,E,8,-0.25,E,8,60.0,E,8,822.9788000000001,E,8,999.0,E,8,1.16,E,8,-9900,?,9,-9900,?,9,0.0,E,8,-9900,?,9,-9900,?,9,0.0,0.0,E,8
08/19/2022,23:00,0.0,1333.043,0.0,1,8,0.0,1,8,0.0,1,8,0.0,1,8,0.0,1,8,0.0,1,8,-0.0,1,8,-9900,?,9,-9900,?,9,6.15,E,8,-0.27,E,8,63.0,E,8,822.9788000000001,E,8,999.0,E,8,0.91,E,8,-9900,?,9,-9900,?,9,0.0,E,8,-9900,?,9,-9900,?,9,0.0,0.0,E,8
08/19/2022,24:00,0.0,1333.043,0.0,1,8,0.0,1,8,0.0,1,8,0.0,1,8,0.0,1,8,0.0,1,8,-0.0,1,8,-9900,?,9,-9900,?,9,5.43,E,8,-7.09,E,8,37.0,E,8,822.9788000000001,E,8,999.0,E,8,0.48,E,8,-9900,?,9,-9900,?,9,0.0,E,8,-9900,?,9,-9900,?,9,0.0,0.0,E,8
08/20/2022,01:00,0.0,1333.043,0.0,1,8,0.0,1,8,0.0,1,8,0.0,1,8,0.0,1,8,0.0,1,8,-0.0,1,8,-9900,?,9,-9900,?,9,5.07,E,8,-6.89,E,8,38.0,E,8,822.9788000000001,E,8,999.0,E,8,0.68,E,8,-9900,?,9,-9900,?,9,0.0,E,8,-9900,?,9,-9900,?,9,0.0,0.0,E,8
08/20/2022,02:00,0.0,1333.043,0.0,1,8,0.0,1,8,0.0,1,8,0.0,1,8,0.0,1,8,0.0,1,8,-0.0,1,8,-9900,?,9,-9900,?,9,4.71,E,8,-6.69,E,8,40.0,E,8,822.9788000000001,E,8,999.0,E,8,1.02,E,8,-9900,?,9,-9900,?,9,0.0,E,8,-9900,?,9,-9900,?,9,0.0,0.0,E,8
08/20/2022,03:00,0.0,1333.043,0.0,1,8,0.0,1,8,0.0,1,8,0.0,1,8,0.0,1,8,0.0,1,8,-0.0,1,8,-9900,?,9,-9900,?,9,4.35,E,8,-6.49,E,8,42.0,E,8,822.9788000000001,E,8,999.0,E,8,0.86,E,8,-9900,?,9,-9900,?,9,0.0,E,8,-9900,?,9,-9900,?,9,0.0,0.0,E,8
08/20/2022,04:00,0.0,1333.581,0.0,1,8,0.0,1,8,0.0,1,8,0.0,1,8,0.0,1,8,0.0,1,8,-0.0,1,8,-9900,?,9,-9900,?,9,3.99,E,8,-6.3,E,8,44.0,E,8,822.9788000000001,E,8,999.0,E,8,0.99,E,8,-9900,?,9,-9900,?,9,0.0,E,8,-9900,?,9,-9900,?,9,0.0,0.0,E,8
08/20/2022,05:00,0.0,1333.581,0.0,1,8,0.0,1,8,0.0,1,8,0.0,1,8,0.0,1,8,0.0,1,8,-0.0,1,8,-9900,?,9,-9900,?,9,3.62,E,8,-6.11,E,8,46.0,E,8,822.9788000000001,E,8,999.0,E,8,0.4,E,8,-9900,?,9,-9900,?,9,0.0,E,8,-9900,?,9,-9900,?,9,0.0,0.0,E,8
08/20/2022,06:00,0.0,1333.581,0.0,1,8,0.0,1,8,0.0,1,8,0.0,1,8,0.0,1,8,0.0,1,8,-0.0,1,8,-9900,?,9,-9900,?,9,3.35,E,8,-5.97,E,8,47.0,E,8,822.9788000000001,E,8,999.0,E,8,0.46,E,8,-9900,?,9,-9900,?,9,0.0,E,8,-9900,?,9,-9900,?,9,0.0,0.0,E,8
08/20/2022,07:00,100.818,1333.581,0.0,1,8,0.0,1,8,0.0,1,8,0.0,1,8,0.0,1,8,0.0,1,8,0.0,1,8,-9900,?,9,-9900,?,9,3.11,E,8,-5.84,E,8,48.0,E,8,822.9788000000001,E,8,999.0,E,8,0.77,E,8,-9900,?,9,-9900,?,9,0.0,E,8,-9900,?,9,-9900,?,9,0.0,0.0,E,8
08/20/2022,08:00,401.235,1333.581,116.56,1,8,9.726,1,8,113.642,1,8,13987.2,1,8,923.931,1,8,12500.658,1,8,120.579,1,8,-9900,?,9,-9900,?,9,2.87,E,8,-5.72,E,8,50.0,E,8,822.9788000000001,E,8,999.0,E,8,0.82,E,8,-9900,?,9,-9900,?,9,0.0,E,8,-9900,?,9,-9900,?,9,0.0,0.0,E,8
08/20/2022,09:00,669.873,1333.581,321.27,1,8,135.964,1,8,253.033,1,8,38552.4,1,8,12916.536,1,8,27833.648,1,8,160.484,1,8,-9900,?,9,-9900,?,9,6.65,E,8,-7.8,E,8,32.0,E,8,822.9788000000001,E,8,999.0,E,8,0.84,E,8,-9900,?,9,-9900,?,9,0.0,E,8,-9900,?,9,-9900,?,9,0.0,0.0,E,8
08/20/2022,10:00,886.191,1333.581,496.37,1,8,214.544,1,8,353.855,1,8,59564.4,1,8,20381.635,1,8,38923.997,1,8,169.562,1,8,-9900,?,9,-9900,?,9,8.24,E,8,-8.79,E,8,26.0,E,8,822.9788000000001,E,8,999.0,E,8,1.44,E,8,-9900,?,9,-9900,?,9,0.0,E,8,-9900,?,9,-9900,?,9,0.0,0.0,E,8
08/20/2022,11:00,1035.216,1333.581,640.16,1,8,304.795,1,8,403.603,1,8,76819.2,1,8,28955.505,1,8,44396.373,1,8,165.53,1,8,-9900,?,9,-9900,?,9,9.66,E,8,-9.74,E,8,22.0,E,8,822.9788000000001,E,8,999.0,E,8,2.14,E,8,-9900,?,9,-9900,?,9,0.0,E,8,-9900,?,9,-9900,?,9,0.0,0.0,E,8
08/20/2022,12:00,1106.73,1333.581,700.47,1,8,318.887,1,8,435.863,1,8,84056.4,1,8,30294.237,1,8,47944.938,1,8,167.2,1,8,-9900,?,9,-9900,?,9,10.72,E,8,-10.51,E,8,19.0,E,8,822.9788000000001,E,8,999.0,E,8,2.4,E,8,-9900,?,9,-9900,?,9,0.0,E,8,-9900,?,9,-9900,?,9,0.0,0.0,E,8
08/20/2022,13:00,1095.839,1333.581,750.52,1,8,345.683,1,8,466.503,1,8,90062.4,1,8,32839.924,1,8,51315.302,1,8,180.733,1,8,-9900,?,9,-9900,?,9,11.57,E,8,-11.16,E,8,17.0,E,8,822.9788000000001,E,8,999.0,E,8,3.59,E,8,-9900,?,9,-9900,?,9,0.0,E,8,-9900,?,9,-9900,?,9,0.0,0.0,E,8
08/20/2022,14:00,1003.287,1333.581,735.41,1,8,558.101,1,8,315.631,1,8,88249.2,1,8,53019.58,1,8,34719.407,1,8,133.574,1,8,-9900,?,9,-9900,?,9,12.14,E,8,-11.61,E,8,15.0,E,8,822.9788000000001,E,8,999.0,E,8,4.51,E,8,-9900,?,9,-9900,?,9,0.0,E,8,-9900,?,9,-9900,?,9,0.0,0.0,E,8
08/20/2022,15:00,835.407,1333.581,627.52,1,8,685.337,1,8,198.393,1,8,75302.4,1,8,65107.03,1,8,21823.213,1,8,100.854,1,8,-9900,?,9,-9900,?,9,12.33,E,8,-11.77,E,8,15.0,E,8,822.9788000000001,E,8,999.0,E,8,3.48,E,8,-9900,?,9,-9900,?,9,0.0,E,8,-9900,?,9,-9900,?,9,0.0,0.0,E,8
08/20/2022,16:00,603.727,1333.581,474.41,1,8,789.525,1,8,117.388,1,8,56929.2,1,8,75004.862,1,8,12912.718,1,8,82.632,1,8,-9900,?,9,-9900,?,9,12.09,E,8,-11.57,E,8,15.0,E,8,822.9788000000001,E,8,999.0,E,8,3.21,E,8,-9900,?,9,-9900,?,9,0.0,E,8,-9900,?,9,-9900,?,9,0.0,0.0,E,8
08/20/2022,17:00,324.397,1333.581,268.67,1,8,667.938,1,8,106.93,1,8,32240.4,1,8,63454.063,1,8,11762.324,1,8,140.563,1,8,-9900,?,9,-9900,?,9,11.3,E,8,-10.95,E,8,17.0,E,8,822.9788000000001,E,8,999.0,E,8,2.79,E,8,-9900,?,9,-9900,?,9,0.0,E,8,-9900,?,9,-9900,?,9,0.0,0.0,E,8
08/20/2022,18:00,23.184,1333.581,60.33,1,8,0.0,1,8,60.33,1,8,7239.6,1,8,0.0,1,8,6636.3,1,8,1859.334,1,8,-9900,?,9,-9900,?,9,10.09,E,8,-10.05,E,8,20.0,E,8,822.9788000000001,E,8,999.0,E,8,1.87,E,8,-9900,?,9,-9900,?,9,0.0,E,8,-9900,?,9,-9900,?,9,0.0,0.0,E,8
08/20/2022,19:00,0.0,1333.581,0.0,1,8,0.0,1,8,0.0,1,8,0.0,1,8,0.0,1,8,0.0,1,8,-0.0,1,8,-9900,?,9,-9900,?,9,9.25,E,8,-9.46,E,8,23.0,E,8,822.9788000000001,E,8,999.0,E,8,0.89,E,8,-9900,?,9,-9900,?,9,0.0,E,8,-9900,?,9,-9900,?,9,0.0,0.0,E,8
08/20/2022,20:00,0.0,1333.581,0.0,1,8,0.0,1,8,0.0,1,8,0.0,1,8,0.0,1,8,0.0,1,8,-0.0,1,8,-9900,?,9,-9900,?,9,8.41,E,8,-8.9,E,8,25.0,E,8,822.9788000000001,E,8,999.0,E,8,0.63,E,8,-9900,?,9,-9900,?,9,0.0,E,8,-9900,?,9,-9900,?,9,0.0,0.0,E,8
08/20/2022,21:00,0.0,1333.581,0.0,1,8,0.0,1,8,0.0,1,8,0.0,1,8,0.0,1,8,0.0,1,8,-0.0,1,8,-9900,?,9,-9900,?,9,7.57,E,8,-8.36,E,8,28.0,E,8,822.9788000000001,E,8,999.0,E,8,0.28,E,8,-9900,?,9,-9900,?,9,0.0,E,8,-9900,?,9,-9900,?,9,0.0,0.0,E,8
08/20/2022,22:00,0.0,1333.581,0.0,1,8,0.0,1,8,0.0,1,8,0.0,1,8,0.0,1,8,0.0,1,8,-0.0,1,8,-9900,?,9,-9900,?,9,6.73,E,8,-7.85,E,8,31.0,E,8,822.9788000000001,E,8,999.0,E,8,0.28,E,8,-9900,?,9,-9900,?,9,0.0,E,8,-9900,?,9,-9900,?,9,0.0,0.0,E,8
08/20/2022,23:00,0.0,1333.581,0.0,1,8,0.0,1,8,0.0,1,8,0.0,1,8,0.0,1,8,0.0,1,8,-0.0,1,8,-9900,?,9,-9900,?,9,5.89,E,8,-7.35,E,8,35.0,E,8,822.9788000000001,E,8,999.0,E,8,0.28,E,8,-9900,?,9,-9900,?,9,0.0,E,8,-9900,?,9,-9900,?,9,0.0,0.0,E,8
08/20/2022,24:00,0.0,1333.581,0.0,1,8,0.0,1,8,0.0,1,8,0.0,1,8,0.0,1,8,0.0,1,8,-0.0,1,8,-9900,?,9,-9900,?,9,5.04,E,8,-0.58,E,8,66.0,E,8,822.9788000000001,E,8,999.0,E,8,2.81,E,8,-9900,?,9,-9900,?,9,0.0,E,8,-9900,?,9,-9900,?,9,0.0,0.0,E,8
08/21/2022,01:00,0.0,1333.581,0.0,1,8,0.0,1,8,0.0,1,8,0.0,1,8,0.0,1,8,0.0,1,8,-0.0,1,8,-9900,?,9,-9900,?,9,4.62,E,8,-0.28,E,8,70.0,E,8,822.9788000000001,E,8,999.0,E,8,1.76,E,8,-9900,?,9,-9900,?,9,0.0,E,8,-9900,?,9,-9900,?,9,0.0,0.0,E,8
08/21/2022,02:00,0.0,1333.581,0.0,1,8,0.0,1,8,0.0,1,8,0.0,1,8,0.0,1,8,0.0,1,8,-0.0,1,8,-9900,?,9,-9900,?,9,4.2,E,8,0.02,E,8,74.0,E,8,822.9788000000001,E,8,999.0,E,8,1.51,E,8,-9900,?,9,-9900,?,9,0.0,E,8,-9900,?,9,-9900,?,9,0.0,0.0,E,8
08/21/2022,03:00,0.0,1333.581,0.0,1,8,0.0,1,8,0.0,1,8,0.0,1,8,0.0,1,8,0.0,1,8,-0.0,1,8,-9900,?,9,-9900,?,9,3.78,E,8,0.35,E,8,78.0,E,8,822.9788000000001,E,8,999.0,E,8,1.51,E,8,-9900,?,9,-9900,?,9,0.0,E,8,-9900,?,9,-9900,?,9,0.0,0.0,E,8
08/21/2022,04:00,0.0,1334.128,0.0,1,8,0.0,1,8,0.0,1,8,0.0,1,8,0.0,1,8,0.0,1,8,-0.0,1,8,-9900,?,9,-9900,?,9,3.36,E,8,0.67,E,8,82.0,E,8,822.9788000000001,E,8,999.0,E,8,1.51,E,8,-9900,?,9,-9900,?,9,0.0,E,8,-9900,?,9,-9900,?,9,0.0,0.0,E,8
08/21/2022,05:00,0.0,1334.128,0.0,1,8,0.0,1,8,0.0,1,8,0.0,1,8,0.0,1,8,0.0,1,8,-0.0,1,8,-9900,?,9,-9900,?,9,2.94,E,8,0.98,E,8,86.0,E,8,822.9788000000001,E,8,999.0,E,8,1.51,E,8,-9900,?,9,-9900,?,9,0.0,E,8,-9900,?,9,-9900,?,9,0.0,0.0,E,8
08/21/2022,06:00,0.0,1334.128,0.0,1,8,0.0,1,8,0.0,1,8,0.0,1,8,0.0,1,8,0.0,1,8,-0.0,1,8,-9900,?,9,-9900,?,9,2.62,E,8,1.21,E,8,90.0,E,8,822.9788000000001,E,8,999.0,E,8,1.51,E,8,-9900,?,9,-9900,?,9,0.0,E,8,-9900,?,9,-9900,?,9,0.0,0.0,E,8
08/21/2022,07:00,104.955,1334.128,0.0,1,8,0.0,1,8,0.0,1,8,0.0,1,8,0.0,1,8,0.0,1,8,0.0,1,8,-9900,?,9,-9900,?,9,2.34,E,8,1.42,E,8,93.0,E,8,822.9788000000001,E,8,999.0,E,8,1.51,E,8,-9900,?,9,-9900,?,9,0.0,E,8,-9900,?,9,-9900,?,9,0.0,0.0,E,8
08/21/2022,08:00,405.894,1334.128,64.51,1,8,0.0,1,8,64.51,1,8,7741.2,1,8,0.0,1,8,7096.1,1,8,67.685,1,8,-9900,?,9,-9900,?,9,2.06,E,8,1.61,E,8,96.0,E,8,822.9788000000001,E,8,999.0,E,8,1.51,E,8,-9900,?,9,-9900,?,9,0.0,E,8,-9900,?,9,-9900,?,9,0.0,0.0,E,8
08/21/2022,09:00,674.815,1334.128,182.51,1,8,11.095,1,8,176.903,1,8,21901.2,1,8,1054.05,1,8,19459.295,1,8,111.421,1,8,-9900,?,9,-9900,?,9,6.85,E,8,-1.96,E,8,52.0,E,8,822.9788000000001,E,8,999.0,E,8,1.51,E,8,-9900,?,9,-9900,?,9,0.0,E,8,-9900,?,9,-9900,?,9,0.0,0.0,E,8
08/21/2022,10:00,891.252,1334.128,306.6,1,8,12.648,1,8,298.154,1,8,36792.0,1,8,1201.551,1,8,32796.913,1,8,142.117,1,8,-9900,?,9,-9900,?,9,9.21,E,8,-4.02,E,8,37.0,E,8,822.9788000000001,E,8,999.0,E,8,1.51,E,8,-9900,?,9,-9900,?,9,0.0,E,8,-9900,?,9,-9900,?,9,0.0,0.0,E,8
08/21/2022,11:00,1040.232,1334.128,353.54,1,8,7.779,1,8,347.476,1,8,42424.8,1,8,739.026,1,8,38222.319,1,8,141.881,1,8,-9900,?,9,-9900,?,9,10.85,E,8,-5.68,E,8,29.0,E,8,822.9788000000001,E,8,999.0,E,8,1.51,E,8,-9900,?,9,-9900,?,9,0.0,E,8,-9900,?,9,-9900,?,9,0.0,0.0,E,8
08/21/2022,12:00,1111.538,1334.128,335.16,1,8,18.245,1,8,319.961,1,8,40219.2,1,8,1733.298,1,8,35195.69,1,8,122.258,1,8,-9900,?,9,-9900,?,9,11.69,E,8,-6.62,E,8,25.0,E,8,822.9788000000001,E,8,999.0,E,8,1.51,E,8,-9900,?,9,-9900,?,9,0.0,E,8,-9900,?,9,-9900,?,9,0.0,0.0,E,8
08/21/2022,13:00,1100.292,1334.128,540.59,1,8,168.616,1,8,401.547,1,8,64870.8,1,8,16018.556,1,8,44170.13,1,8,155.001,1,8,-9900,?,9,-9900,?,9,13.57,E,8,-9.03,E,8,18.0,E,8,822.9788000000001,E,8,999.0,E,8,1.51,E,8,-9900,?,9,-9900,?,9,0.0,E,8,-9900,?,9,-9900,?,9,0.0,0.0,E,8
08/21/2022,14:00,1007.262,1334.128,315.99,1,8,3.3,1,8,313.499,1,8,37918.8,1,8,313.53,1,8,34484.871,1,8,132.202,1,8,-9900,?,9,-9900,?,9,13.68,E,8,-9.18,E,8,17.0,E,8,822.9788000000001,E,8,999.0,E,8,1.51,E,8,-9900,?,9,-9900,?,9,0.0,E,8,-9900,?,9,-9900,?,9,0.0,0.0,E,8
08/21/2022,15:00,838.815,1334.128,348.0,1,8,47.225,1,8,318.321,1,8,41760.0,1,8,4486.342,1,8,35015.359,1,8,161.229,1,8,-9900,?,9,-9900,?,9,13.91,E,8,-9.52,E,8,17.0,E,8,822.9788000000001,E,8,999.0,E,8,1.51,E,8,-9900,?,9,-9900,?,9,0.0,E,8,-9900,?,9,-9900,?,9,0.0,0.0,E,8
08/21/2022,16:00,606.516,1334.128,260.95,1,8,120.644,1,8,206.165,1,8,31314.0,1,8,11461.146,1,8,22678.143,1,8,144.513,1,8,-9900,?,9,-9900,?,9,13.58,E,8,-9.04,E,8,18.0,E,8,822.9788000000001,E,8,999.0,E,8,1.51,E,8,-9900,?,9,-9900,?,9,0.0,E,8,-9900,?,9,-9900,?,9,0.0,0.0,E,8
08/21/2022,17:00,326.556,1334.128,118.84,1,8,64.863,1,8,103.035,1,8,14260.8,1,8,6161.979,1,8,11333.807,1,8,134.594,1,8,-9900,?,9,-9900,?,9,12.38,E,8,-7.45,E,8,22.0,E,8,822.9788000000001,E,8,999.0,E,8,1.51,E,8,-9900,?,9,-9900,?,9,0.0,E,8,-9900,?,9,-9900,?,9,0.0,0.0,E,8
08/21/2022,18:00,24.586,1334.128,34.45,1,8,0.0,1,8,34.45,1,8,4134.0,1,8,0.0,1,8,3789.5,1,8,953.037,1,8,-9900,?,9,-9900,?,9,10.9,E,8,-5.74,E,8,28.0,E,8,822.9788000000001,E,8,999.0,E,8,1.51,E,8,-9900,?,9,-9900,?,9,0.0,E,8,-9900,?,9,-9900,?,9,0.0,0.0,E,8
08/21/2022,19:00,0.0,1334.128,0.0,1,8,0.0,1,8,0.0,1,8,0.0,1,8,0.0,1,8,0.0,1,8,-0.0,1,8,-9900,?,9,-9900,?,9,10.2,E,8,-5.0,E,8,32.0,E,8,822.9788000000001,E,8,999.0,E,8,1.51,E,8,-9900,?,9,-9900,?,9,0.0,E,8,-9900,?,9,-9900,?,9,0.0,0.0,E,8
08/21/2022,20:00,0.0,1334.128,0.0,1,8,0.0,1,8,0.0,1,8,0.0,1,8,0.0,1,8,0.0,1,8,-0.0,1,8,-9900,?,9,-9900,?,9,9.51,E,8,-4.31,E,8,35.0,E,8,822.9788000000001,E,8,999.0,E,8,1.51,E,8,-9900,?,9,-9900,?,9,0.0,E,8,-9900,?,9,-9900,?,9,0.0,0.0,E,8
08/21/2022,21:00,0.0,1334.128,0.0,1,8,0.0,1,8,0.0,1,8,0.0,1,8,0.0,1,8,0.0,1,8,-0.0,1,8,-9900,?,9,-9900,?,9,8.81,E,8,-3.65,E,8,39.0,E,8,822.9788000000001,E,8,999.0,E,8,1.51,E,8,-9900,?,9,-9900,?,9,0.0,E,8,-9900,?,9,-9900,?,9,0.0,0.0,E,8
08/21/2022,22:00,0.0,1334.128,0.0,1,8,0.0,1,8,0.0,1,8,0.0,1,8,0.0,1,8,0.0,1,8,-0.0,1,8,-9900,?,9,-9900,?,9,8.12,E,8,-3.03,E,8,43.0,E,8,822.9788000000001,E,8,999.0,E,8,1.51,E,8,-9900,?,9,-9900,?,9,0.0,E,8,-9900,?,9,-9900,?,9,0.0,0.0,E,8
08/21/2022,23:00,0.0,1334.128,0.0,1,8,0.0,1,8,0.0,1,8,0.0,1,8,0.0,1,8,0.0,1,8,-0.0,1,8,-9900,?,9,-9900,?,9,7.42,E,8,-2.43,E,8,48.0,E,8,822.9788000000001,E,8,999.0,E,8,1.51,E,8,-9900,?,9,-9900,?,9,0.0,E,8,-9900,?,9,-9900,?,9,0.0,0.0,E,8
08/21/2022,24:00,0.0,1334.128,0.0,1,8,0.0,1,8,0.0,1,8,0.0,1,8,0.0,1,8,0.0,1,8,-0.0,1,8,-9900,?,9,-9900,?,9,6.73,E,8,2.68,E,8,75.0,E,8,822.9788000000001,E,8,999.0,E,8,0.63,E,8,-9900,?,9,-9900,?,9,0.0,E,8,-9900,?,9,-9900,?,9,0.0,0.0,E,8
08/22/2022,01:00,0.0,1334.128,0.0,1,8,0.0,1,8,0.0,1,8,0.0,1,8,0.0,1,8,0.0,1,8,-0.0,1,8,-9900,?,9,-9900,?,9,6.38,E,8,2.91,E,8,78.0,E,8,822.9788000000001,E,8,999.0,E,8,0.96,E,8,-9900,?,9,-9900,?,9,0.0,E,8,-9900,?,9,-9900,?,9,0.0,0.0,E,8
08/22/2022,02:00,0.0,1334.128,0.0,1,8,0.0,1,8,0.0,1,8,0.0,1,8,0.0,1,8,0.0,1,8,-0.0,1,8,-9900,?,9,-9900,?,9,6.03,E,8,3.14,E,8,81.0,E,8,822.9788000000001,E,8,999.0,E,8,0.64,E,8,-9900,?,9,-9900,?,9,0.0,E,8,-9900,?,9,-9900,?,9,0.0,0.0,E,8
08/22/2022,03:00,0.0,1334.128,0.0,1,8,0.0,1,8,0.0,1,8,0.0,1,8,0.0,1,8,0.0,1,8,-0.0,1,8,-9900,?,9,-9900,?,9,5.69,E,8,3.36,E,8,84.0,E,8,822.9788000000001,E,8,999.0,E,8,0.63,E,8,-9900,?,9,-9900,?,9,0.0,E,8,-9900,?,9,-9900,?,9,0.0,0.0,E,8
08/22/2022,04:00,0.0,1334.685,0.0,1,8,0.0,1,8,0.0,1,8,0.0,1,8,0.0,1,8,0.0,1,8,-0.0,1,8,-9900,?,9,-9900,?,9,5.34,E,8,3.59,E,8,88.0,E,8,822.9788000000001,E,8,999.0,E,8,0.63,E,8,-9900,?,9,-9900,?,9,0.0,E,8,-9900,?,9,-9900,?,9,0.0,0.0,E,8
08/22/2022,05:00,0.0,1334.685,0.0,1,8,0.0,1,8,0.0,1,8,0.0,1,8,0.0,1,8,0.0,1,8,-0.0,1,8,-9900,?,9,-9900,?,9,4.99,E,8,3.81,E,8,92.0,E,8,822.9788000000001,E,8,999.0,E,8,0.63,E,8,-9900,?,9,-9900,?,9,0.0,E,8,-9900,?,9,-9900,?,9,0.0,0.0,E,8
08/22/2022,06:00,0.0,1334.685,0.0,1,8,0.0,1,8,0.0,1,8,0.0,1,8,0.0,1,8,0.0,1,8,-0.0,1,8,-9900,?,9,-9900,?,9,4.72,E,8,3.98,E,8,94.0,E,8,822.9788000000001,E,8,999.0,E,8,0.63,E,8,-9900,?,9,-9900,?,9,0.0,E,8,-9900,?,9,-9900,?,9,0.0,0.0,E,8
08/22/2022,07:00,109.168,1334.685,0.0,1,8,0.0,1,8,0.0,1,8,0.0,1,8,0.0,1,8,0.0,1,8,0.0,1,8,-9900,?,9,-9900,?,9,4.49,E,8,4.12,E,8,97.0,E,8,822.9788000000001,E,8,999.0,E,8,0.63,E,8,-9900,?,9,-9900,?,9,0.0,E,8,-9900,?,9,-9900,?,9,0.0,0.0,E,8
08/22/2022,08:00,410.619,1334.685,49.41,1,8,0.0,1,8,49.41,1,8,5929.2,1,8,0.0,1,8,5435.1,1,8,51.263,1,8,-9900,?,9,-9900,?,9,4.26,E,8,4.26,E,8,99.0,E,8,822.9788000000001,E,8,999.0,E,8,0.63,E,8,-9900,?,9,-9900,?,9,0.0,E,8,-9900,?,9,-9900,?,9,0.0,0.0,E,8
08/22/2022,09:00,679.811,1334.685,137.77,1,8,4.032,1,8,135.718,1,8,16532.4,1,8,382.995,1,8,14929.012,1,8,84.887,1,8,-9900,?,9,-9900,?,9,8.19,E,8,1.66,E,8,63.0,E,8,822.9788000000001,E,8,999.0,E,8,0.63,E,8,-9900,?,9,-9900,?,9,0.0,E,8,-9900,?,9,-9900,?,9,0.0,0.0,E,8
08/22/2022,10:00,896.356,1334.685,215.97,1,8,1.385,1,8,215.04,1,8,25916.4,1,8,131.612,1,8,23654.392,1,8,101.958,1,8,-9900,?,9,-9900,?,9,9.9,E,8,0.38,E,8,51.0,E,8,822.9788000000001,E,8,999.0,E,8,0.63,E,8,-9900,?,9,-9900,?,9,0.0,E,8,-9900,?,9,-9900,?,9,0.0,0.0,E,8
08/22/2022,11:00,1045.277,1334.685,275.38,1,8,3.993,1,8,272.253,1,8,33045.6,1,8,379.378,1,8,29947.836,1,8,110.675,1,8,-9900,?,9,-9900,?,9,11.38,E,8,-0.72,E,8,42.0,E,8,822.9788000000001,E,8,999.0,E,8,0.63,E,8,-9900,?,9,-9900,?,9,0.0,E,8,-9900,?,9,-9900,?,9,0.0,0.0,E,8
08/22/2022,12:00,1116.363,1334.685,311.26,1,8,6.214,1,8,306.063,1,8,37351.2,1,8,590.347,1,8,33666.926,1,8,116.49,1,8,-9900,?,9,-9900,?,9,12.57,E,8,-1.65,E,8,36.0,E,8,822.9788000000001,E,8,999.0,E,8,0.74,E,8,-9900,?,9,-9900,?,9,0.0,E,8,-9900,?,9,-9900,?,9,0.0,0.0,E,8
08/22/2022,13:00,1104.751,1334.685,320.97,1,8,6.738,1,8,315.393,1,8,38516.4,1,8,640.123,1,8,34693.277,1,8,121.304,1,8,-9900,?,9,-9900,?,9,13.43,E,8,-2.35,E,8,32.0,E,8,822.9788000000001,E,8,999.0,E,8,0.91,E,8,-9900,?,9,-9900,?,9,0.0,E,8,-9900,?,9,-9900,?,9,0.0,0.0,E,8
08/22/2022,14:00,1011.234,1334.685,303.8,1,8,9.25,1,8,296.793,1,8,36456.0,1,8,878.742,1,8,32647.258,1,8,124.717,1,8,-9900,?,9,-9900,?,9,13.94,E,8,-2.79,E,8,30.0,E,8,822.9788000000001,E,8,999.0,E,8,0.77,E,8,-9900,?,9,-9900,?,9,0.0,E,8,-9900,?,9,-9900,?,9,0.0,0.0,E,8
08/22/2022,15:00,842.213,1334.685,261.02,1,8,2.941,1,8,259.165,1,8,31322.4,1,8,279.351,1,8,28508.182,1,8,130.791,1,8,-9900,?,9,-9900,?,9,14.1,E,8,-2.93,E,8,29.0,E,8,822.9788000000001,E,8,999.0,E,8,0.63,E,8,-9900,?,9,-9900,?,9,0.0,E,8,-9900,?,9,-9900,?,9,0.0,0.0,E,8
08/22/2022,16:00,609.29,1334.685,195.8,1,8,6.528,1,8,192.823,1,8,23496.0,1,8,620.151,1,8,21210.561,1,8,134.6,1,8,-9900,?,9,-9900,?,9,13.8,E,8,-2.67,E,8,31.0,E,8,822.9788000000001,E,8,999.0,E,8,0.64,E,8,-9900,?,9,-9900,?,9,0.0,E,8,-9900,?,9,-9900,?,9,0.0,0.0,E,8
08/22/2022,17:00,328.698,1334.685,113.57,1,8,50.387,1,8,101.216,1,8,13628.4,1,8,4786.747,1,8,11133.756,1,8,131.404,1,8,-9900,?,9,-9900,?,9,12.96,E,8,-1.96,E,8,34.0,E,8,822.9788000000001,E,8,999.0,E,8,0.99,E,8,-9900,?,9,-9900,?,9,0.0,E,8,-9900,?,9,-9900,?,9,0.0,0.0,E,8
08/22/2022,18:00,25.981,1334.685,26.14,1,8,0.0,1,8,26.14,1,8,3136.8,1,8,0.0,1,8,2875.4,1,8,656.6,1,8,-9900,?,9,-9900,?,9,11.72,E,8,-0.98,E,8,40.0,E,8,822.9788000000001,E,8,999.0,E,8,0.85,E,8,-9900,?,9,-9900,?,9,0.0,E,8,-9900,?,9,-9900,?,9,0.0,0.0,E,8
08/22/2022,19:00,0.0,1334.685,0.0,1,8,0.0,1,8,0.0,1,8,0.0,1,8,0.0,1,8,0.0,1,8,-0.0,1,8,-9900,?,9,-9900,?,9,11.02,E,8,-0.46,E,8,44.0,E,8,822.9788000000001,E,8,999.0,E,8,1.46,E,8,-9900,?,9,-9900,?,9,0.0,E,8,-9900,?,9,-9900,?,9,0.0,0.0,E,8
08/22/2022,20:00,0.0,1334.685,0.0,1,8,0.0,1,8,0.0,1,8,0.0,1,8,0.0,1,8,0.0,1,8,-0.0,1,8,-9900,?,9,-9900,?,9,10.31,E,8,0.06,E,8,48.0,E,8,822.9788000000001,E,8,999.0,E,8,1.52,E,8,-9900,?,9,-9900,?,9,0.0,E,8,-9900,?,9,-9900,?,9,0.0,0.0,E,8
08/22/2022,21:00,0.0,1334.685,0.0,1,8,0.0,1,8,0.0,1,8,0.0,1,8,0.0,1,8,0.0,1,8,-0.0,1,8,-9900,?,9,-9900,?,9,9.61,E,8,0.61,E,8,53.0,E,8,822.9788000000001,E,8,999.0,E,8,1.21,E,8,-9900,?,9,-9900,?,9,0.0,E,8,-9900,?,9,-9900,?,9,0.0,0.0,E,8
08/22/2022,22:00,0.0,1334.685,0.0,1,8,0.0,1,8,0.0,1,8,0.0,1,8,0.0,1,8,0.0,1,8,-0.0,1,8,-9900,?,9,-9900,?,9,8.91,E,8,1.14,E,8,58.0,E,8,822.9788000000001,E,8,999.0,E,8,0.87,E,8,-9900,?,9,-9900,?,9,0.0,E,8,-9900,?,9,-9900,?,9,0.0,0.0,E,8
08/22/2022,23:00,0.0,1334.685,0.0,1,8,0.0,1,8,0.0,1,8,0.0,1,8,0.0,1,8,0.0,1,8,-0.0,1,8,-9900,?,9,-9900,?,9,8.2,E,8,1.66,E,8,63.0,E,8,822.9788000000001,E,8,999.0,E,8,1.71,E,8,-9900,?,9,-9900,?,9,0.0,E,8,-9900,?,9,-9900,?,9,0.0,0.0,E,8
08/22/2022,24:00,0.0,1334.685,0.0,1,8,0.0,1,8,0.0,1,8,0.0,1,8,0.0,1,8,0.0,1,8,-0.0,1,8,-9900,?,9,-9900,?,9,7.5,E,8,2.24,E,8,69.0,E,8,822.9788000000001,E,8,999.0,E,8,0.23,E,8,-9900,?,9,-9900,?,9,0.0,E,8,-9900,?,9,-9900,?,9,0.0,0.0,E,8
08/23/2022,01:00,0.0,1334.685,0.0,1,8,0.0,1,8,0.0,1,8,0.0,1,8,0.0,1,8,0.0,1,8,-0.0,1,8,-9900,?,9,-9900,?,9,7.15,E,8,2.54,E,8,72.0,E,8,822.9788000000001,E,8,999.0,E,8,0.23,E,8,-9900,?,9,-9900,?,9,0.0,E,8,-9900,?,9,-9900,?,9,0.0,0.0,E,8
08/23/2022,02:00,0.0,1334.685,0.0,1,8,0.0,1,8,0.0,1,8,0.0,1,8,0.0,1,8,0.0,1,8,-0.0,1,8,-9900,?,9,-9900,?,9,6.8,E,8,2.83,E,8,75.0,E,8,822.9788000000001,E,8,999.0,E,8,0.23,E,8,-9900,?,9,-9900,?,9,0.0,E,8,-9900,?,9,-9900,?,9,0.0,0.0,E,8
08/23/2022,03:00,0.0,1334.685,0.0,1,8,0.0,1,8,0.0,1,8,0.0,1,8,0.0,1,8,0.0,1,8,-0.0,1,8,-9900,?,9,-9900,?,9,6.44,E,8,3.12,E,8,79.0,E,8,822.9788000000001,E,8,999.0,E,8,0.23,E,8,-9900,?,9,-9900,?,9,0.0,E,8,-9900,?,9,-9900,?,9,0.0,0.0,E,8
08/23/2022,04:00,0.0,1335.251,0.0,1,8,0.0,1,8,0.0,1,8,0.0,1,8,0.0,1,8,0.0,1,8,-0.0,1,8,-9900,?,9,-9900,?,9,6.09,E,8,3.4,E,8,82.0,E,8,822.9788000000001,E,8,999.0,E,8,0.23,E,8,-9900,?,9,-9900,?,9,0.0,E,8,-9900,?,9,-9900,?,9,0.0,0.0,E,8
08/23/2022,05:00,0.0,1335.251,0.0,1,8,0.0,1,8,0.0,1,8,0.0,1,8,0.0,1,8,0.0,1,8,-0.0,1,8,-9900,?,9,-9900,?,9,5.74,E,8,3.67,E,8,86.0,E,8,822.9788000000001,E,8,999.0,E,8,0.23,E,8,-9900,?,9,-9900,?,9,0.0,E,8,-9900,?,9,-9900,?,9,0.0,0.0,E,8
08/23/2022,06:00,0.0,1335.251,0.0,1,8,0.0,1,8,0.0,1,8,0.0,1,8,0.0,1,8,0.0,1,8,-0.0,1,8,-9900,?,9,-9900,?,9,5.47,E,8,3.88,E,8,89.0,E,8,822.9788000000001,E,8,999.0,E,8,0.23,E,8,-9900,?,9,-9900,?,9,0.0,E,8,-9900,?,9,-9900,?,9,0.0,0.0,E,8
08/23/2022,07:00,113.456,1335.251,0.0,1,8,0.0,1,8,0.0,1,8,0.0,1,8,0.0,1,8,0.0,1,8,0.0,1,8,-9900,?,9,-9900,?,9,5.24,E,8,4.06,E,8,92.0,E,8,822.9788000000001,E,8,999.0,E,8,0.23,E,8,-9900,?,9,-9900,?,9,0.0,E,8,-9900,?,9,-9900,?,9,0.0,0.0,E,8
08/23/2022,08:00,415.405,1335.251,97.34,1,8,0.0,1,8,97.34,1,8,11680.8,1,8,0.0,1,8,10707.4,1,8,99.863,1,8,-9900,?,9,-9900,?,9,5.01,E,8,4.23,E,8,94.0,E,8,822.9788000000001,E,8,999.0,E,8,0.23,E,8,-9900,?,9,-9900,?,9,0.0,E,8,-9900,?,9,-9900,?,9,0.0,0.0,E,8
08/23/2022,09:00,684.858,1335.251,267.52,1,8,58.49,1,8,237.545,1,8,32102.4,1,8,5556.518,1,8,26129.937,1,8,147.541,1,8,-9900,?,9,-9900,?,9,9.15,E,8,0.76,E,8,55.0,E,8,822.9788000000001,E,8,999.0,E,8,0.47,E,8,-9900,?,9,-9900,?,9,0.0,E,8,-9900,?,9,-9900,?,9,0.0,0.0,E,8
08/23/2022,10:00,901.5,1335.251,417.93,1,8,60.322,1,8,377.218,1,8,50151.6,1,8,5730.603,1,8,41493.93,1,8,177.906,1,8,-9900,?,9,-9900,?,9,10.93,E,8,-0.89,E,8,43.0,E,8,822.9788000000001,E,8,999.0,E,8,0.68,E,8,-9900,?,9,-9900,?,9,0.0,E,8,-9900,?,9,-9900,?,9,0.0,0.0,E,8
08/23/2022,11:00,1050.349,1335.251,532.08,1,8,146.745,1,8,416.667,1,8,63849.6,1,8,13940.8,1,8,45833.324,1,8,168.635,1,8,-9900,?,9,-9900,?,9,12.47,E,8,-2.41,E,8,34.0,E,8,822.9788000000001,E,8,999.0,E,8,1.36,E,8,-9900,?,9,-9900,?,9,0.0,E,8,-9900,?,9,-9900,?,9,0.0,0.0,E,8
08/23/2022,12:00,1121.203,1335.251,600.93,1,8,174.052,1,8,454.797,1,8,72111.6,1,8,16534.933,1,8,50027.724,1,8,172.425,1,8,-9900,?,9,-9900,?,9,13.71,E,8,-3.78,E,8,28.0,E,8,822.9788000000001,E,8,999.0,E,8,1.92,E,8,-9900,?,9,-9900,?,9,0.0,E,8,-9900,?,9,-9900,?,9,0.0,0.0,E,8
08/23/2022,13:00,1109.213,1335.251,619.39,1,8,206.763,1,8,447.652,1,8,74326.8,1,8,19642.447,1,8,49241.698,1,8,171.552,1,8,-9900,?,9,-9900,?,9,14.6,E,8,-4.87,E,8,24.0,E,8,822.9788000000001,E,8,999.0,E,8,2.82,E,8,-9900,?,9,-9900,?,9,0.0,E,8,-9900,?,9,-9900,?,9,0.0,0.0,E,8
08/23/2022,14:00,1015.2,1335.251,586.15,1,8,233.139,1,8,408.931,1,8,70338.0,1,8,22148.219,1,8,44982.383,1,8,171.24,1,8,-9900,?,9,-9900,?,9,15.13,E,8,-5.56,E,8,22.0,E,8,822.9788000000001,E,8,999.0,E,8,2.79,E,8,-9900,?,9,-9900,?,9,0.0,E,8,-9900,?,9,-9900,?,9,0.0,0.0,E,8
08/23/2022,15:00,845.597,1335.251,503.59,1,8,279.211,1,8,326.847,1,8,60430.8,1,8,26525.072,1,8,35953.116,1,8,164.355,1,8,-9900,?,9,-9900,?,9,15.3,E,8,-5.78,E,8,21.0,E,8,822.9788000000001,E,8,999.0,E,8,2.59,E,8,-9900,?,9,-9900,?,9,0.0,E,8,-9900,?,9,-9900,?,9,0.0,0.0,E,8
08/23/2022,16:00,612.048,1335.251,377.89,1,8,412.341,1,8,189.09,1,8,45346.8,1,8,39172.422,1,8,20799.871,1,8,131.454,1,8,-9900,?,9,-9900,?,9,14.98,E,8,-5.36,E,8,22.0,E,8,822.9788000000001,E,8,999.0,E,8,1.54,E,8,-9900,?,9,-9900,?,9,0.0,E,8,-9900,?,9,-9900,?,9,0.0,0.0,E,8
08/23/2022,17:00,330.824,1335.251,219.5,1,8,567.667,1,8,79.469,1,8,26340.0,1,8,53928.399,1,8,8741.547,1,8,102.545,1,8,-9900,?,9,-9900,?,9,14.11,E,8,-4.26,E,8,26.0,E,8,822.9788000000001,E,8,999.0,E,8,1.34,E,8,-9900,?,9,-9900,?,9,0.0,E,8,-9900,?,9,-9900,?,9,0.0,0.0,E,8
08/23/2022,18:00,27.367,1335.251,51.01,1,8,0.0,1,8,51.01,1,8,6121.2,1,8,0.0,1,8,5611.1,1,8,1174.321,1,8,-9900,?,9,-9900,?,9,12.8,E,8,-2.76,E,8,32.0,E,8,822.9788000000001,E,8,999.0,E,8,0.75,E,8,-9900,?,9,-9900,?,9,0.0,E,8,-9900,?,9,-9900,?,9,0.0,0.0,E,8
08/23/2022,19:00,0.0,1335.251,0.0,1,8,0.0,1,8,0.0,1,8,0.0,1,8,0.0,1,8,0.0,1,8,-0.0,1,8,-9900,?,9,-9900,?,9,11.81,E,8,-1.74,E,8,38.0,E,8,822.9788000000001,E,8,999.0,E,8,0.61,E,8,-9900,?,9,-9900,?,9,0.0,E,8,-9900,?,9,-9900,?,9,0.0,0.0,E,8
08/23/2022,20:00,0.0,1335.251,0.0,1,8,0.0,1,8,0.0,1,8,0.0,1,8,0.0,1,8,0.0,1,8,-0.0,1,8,-9900,?,9,-9900,?,9,10.82,E,8,-0.79,E,8,44.0,E,8,822.9788000000001,E,8,999.0,E,8,0.37,E,8,-9900,?,9,-9900,?,9,0.0,E,8,-9900,?,9,-9900,?,9,0.0,0.0,E,8
08/23/2022,21:00,0.0,1335.251,0.0,1,8,0.0,1,8,0.0,1,8,0.0,1,8,0.0,1,8,0.0,1,8,-0.0,1,8,-9900,?,9,-9900,?,9,9.83,E,8,0.11,E,8,50.0,E,8,822.9788000000001,E,8,999.0,E,8,0.37,E,8,-9900,?,9,-9900,?,9,0.0,E,8,-9900,?,9,-9900,?,9,0.0,0.0,E,8
08/23/2022,22:00,0.0,1335.251,0.0,1,8,0.0,1,8,0.0,1,8,0.0,1,8,0.0,1,8,0.0,1,8,-0.0,1,8,-9900,?,9,-9900,?,9,8.84,E,8,1.05,E,8,58.0,E,8,822.9788000000001,E,8,999.0,E,8,0.29,E,8,-9900,?,9,-9900,?,9,0.0,E,8,-9900,?,9,-9900,?,9,0.0,0.0,E,8
08/23/2022,23:00,0.0,1335.251,0.0,1,8,0.0,1,8,0.0,1,8,0.0,1,8,0.0,1,8,0.0,1,8,-0.0,1,8,-9900,?,9,-9900,?,9,7.85,E,8,1.94,E,8,66.0,E,8,822.9788000000001,E,8,999.0,E,8,0.28,E,8,-9900,?,9,-9900,?,9,0.0,E,8,-9900,?,9,-9900,?,9,0.0,0.0,E,8
08/23/2022,24:00,0.0,1335.251,0.0,1,8,0.0,1,8,0.0,1,8,0.0,1,8,0.0,1,8,0.0,1,8,-0.0,1,8,-9900,?,9,-9900,?,9,6.86,E,8,0.1,E,8,62.0,E,8,822.9788000000001,E,8,999.0,E,8,0.57,E,8,-9900,?,9,-9900,?,9,0.0,E,8,-9900,?,9,-9900,?,9,0.0,0.0,E,8
08/24/2022,01:00,0.0,1335.251,0.0,1,8,0.0,1,8,0.0,1,8,0.0,1,8,0.0,1,8,0.0,1,8,-0.0,1,8,-9900,?,9,-9900,?,9,6.37,E,8,0.42,E,8,65.0,E,8,822.9788000000001,E,8,999.0,E,8,0.56,E,8,-9900,?,9,-9900,?,9,0.0,E,8,-9900,?,9,-9900,?,9,0.0,0.0,E,8
08/24/2022,02:00,0.0,1335.251,0.0,1,8,0.0,1,8,0.0,1,8,0.0,1,8,0.0,1,8,0.0,1,8,-0.0,1,8,-9900,?,9,-9900,?,9,5.87,E,8,0.73,E,8,69.0,E,8,822.9788000000001,E,8,999.0,E,8,0.86,E,8,-9900,?,9,-9900,?,9,0.0,E,8,-9900,?,9,-9900,?,9,0.0,0.0,E,8
08/24/2022,03:00,0.0,1335.251,0.0,1,8,0.0,1,8,0.0,1,8,0.0,1,8,0.0,1,8,0.0,1,8,-0.0,1,8,-9900,?,9,-9900,?,9,5.38,E,8,1.03,E,8,73.0,E,8,822.9788000000001,E,8,999.0,E,8,0.7,E,8,-9900,?,9,-9900,?,9,0.0,E,8,-9900,?,9,-9900,?,9,0.0,0.0,E,8
08/24/2022,04:00,0.0,1335.826,0.0,1,8,0.0,1,8,0.0,1,8,0.0,1,8,0.0,1,8,0.0,1,8,-0.0,1,8,-9900,?,9,-9900,?,9,4.88,E,8,1.33,E,8,77.0,E,8,822.9788000000001,E,8,999.0,E,8,0.41,E,8,-9900,?,9,-9900,?,9,0.0,E,8,-9900,?,9,-9900,?,9,0.0,0.0,E,8
08/24/2022,05:00,0.0,1335.826,0.0,1,8,0.0,1,8,0.0,1,8,0.0,1,8,0.0,1,8,0.0,1,8,-0.0,1,8,-9900,?,9,-9900,?,9,4.39,E,8,1.62,E,8,82.0,E,8,822.9788000000001,E,8,999.0,E,8,0.52,E,8,-9900,?,9,-9900,?,9,0.0,E,8,-9900,?,9,-9900,?,9,0.0,0.0,E,8
08/24/2022,06:00,0.0,1335.826,0.0,1,8,0.0,1,8,0.0,1,8,0.0,1,8,0.0,1,8,0.0,1,8,-0.0,1,8,-9900,?,9,-9900,?,9,4.01,E,8,1.85,E,8,85.0,E,8,822.9788000000001,E,8,999.0,E,8,1.01,E,8,-9900,?,9,-9900,?,9,0.0,E,8,-9900,?,9,-9900,?,9,0.0,0.0,E,8
08/24/2022,07:00,117.817,1335.826,0.0,1,8,0.0,1,8,0.0,1,8,0.0,1,8,0.0,1,8,0.0,1,8,0.0,1,8,-9900,?,9,-9900,?,9,3.68,E,8,2.04,E,8,88.0,E,8,822.9788000000001,E,8,999.0,E,8,0.97,E,8,-9900,?,9,-9900,?,9,0.0,E,8,-9900,?,9,-9900,?,9,0.0,0.0,E,8
08/24/2022,08:00,420.251,1335.826,77.39,1,8,0.0,1,8,77.39,1,8,9286.8,1,8,0.0,1,8,8512.9,1,8,78.509,1,8,-9900,?,9,-9900,?,9,3.35,E,8,2.22,E,8,92.0,E,8,822.9788000000001,E,8,999.0,E,8,0.82,E,8,-9900,?,9,-9900,?,9,0.0,E,8,-9900,?,9,-9900,?,9,0.0,0.0,E,8
08/24/2022,09:00,689.955,1335.826,108.73,1,8,0.0,1,8,108.73,1,8,13047.6,1,8,0.0,1,8,11960.3,1,8,67.062,1,8,-9900,?,9,-9900,?,9,6.27,E,8,0.48,E,8,66.0,E,8,822.9788000000001,E,8,999.0,E,8,0.98,E,8,-9900,?,9,-9900,?,9,0.0,E,8,-9900,?,9,-9900,?,9,0.0,0.0,E,8
08/24/2022,10:00,906.68,1335.826,326.44,1,8,5.689,1,8,322.58,1,8,39172.8,1,8,540.42,1,8,35483.824,1,8,151.333,1,8,-9900,?,9,-9900,?,9,8.72,E,8,-1.02,E,8,49.0,E,8,822.9788000000001,E,8,999.0,E,8,1.0,E,8,-9900,?,9,-9900,?,9,0.0,E,8,-9900,?,9,-9900,?,9,0.0,0.0,E,8
08/24/2022,11:00,1055.446,1335.826,414.98,1,8,13.139,1,8,404.601,1,8,49797.6,1,8,1248.195,1,8,44506.077,1,8,163.03,1,8,-9900,?,9,-9900,?,9,10.63,E,8,-2.27,E,8,39.0,E,8,822.9788000000001,E,8,999.0,E,8,2.32,E,8,-9900,?,9,-9900,?,9,0.0,E,8,-9900,?,9,-9900,?,9,0.0,0.0,E,8
08/24/2022,12:00,1126.055,1335.826,468.3,1,8,62.348,1,8,415.749,1,8,56196.0,1,8,5923.044,1,8,45732.416,1,8,157.009,1,8,-9900,?,9,-9900,?,9,12.11,E,8,-3.32,E,8,32.0,E,8,822.9788000000001,E,8,999.0,E,8,3.07,E,8,-9900,?,9,-9900,?,9,0.0,E,8,-9900,?,9,-9900,?,9,0.0,0.0,E,8
08/24/2022,13:00,1113.677,1335.826,482.47,1,8,74.093,1,8,420.707,1,8,57896.4,1,8,7038.813,1,8,46277.757,1,8,160.648,1,8,-9900,?,9,-9900,?,9,13.18,E,8,-4.14,E,8,28.0,E,8,822.9788000000001,E,8,999.0,E,8,3.77,E,8,-9900,?,9,-9900,?,9,0.0,E,8,-9900,?,9,-9900,?,9,0.0,0.0,E,8
08/24/2022,14:00,1019.158,1335.826,456.46,1,8,62.589,1,8,408.719,1,8,54775.2,1,8,5945.911,1,8,44959.048,1,8,170.559,1,8,-9900,?,9,-9900,?,9,13.82,E,8,-4.66,E,8,26.0,E,8,822.9788000000001,E,8,999.0,E,8,3.11,E,8,-9900,?,9,-9900,?,9,0.0,E,8,-9900,?,9,-9900,?,9,0.0,0.0,E,8
08/24/2022,15:00,848.968,1335.826,392.17,1,8,83.02,1,8,339.431,1,8,47060.4,1,8,7886.896,1,8,37337.356,1,8,170.078,1,8,-9900,?,9,-9900,?,9,14.05,E,8,-4.85,E,8,25.0,E,8,822.9788000000001,E,8,999.0,E,8,2.36,E,8,-9900,?,9,-9900,?,9,0.0,E,8,-9900,?,9,-9900,?,9,0.0,0.0,E,8
08/24/2022,16:00,614.789,1335.826,294.38,1,8,144.41,1,8,227.99,1,8,35325.6,1,8,13718.919,1,8,25078.94,1,8,157.857,1,8,-9900,?,9,-9900,?,9,13.77,E,8,-4.62,E,8,26.0,E,8,822.9788000000001,E,8,999.0,E,8,1.83,E,8,-9900,?,9,-9900,?,9,0.0,E,8,-9900,?,9,-9900,?,9,0.0,0.0,E,8
08/24/2022,17:00,332.932,1335.826,171.22,1,8,332.449,1,8,88.72,1,8,20546.4,1,8,31582.633,1,8,9759.246,1,8,113.801,1,8,-9900,?,9,-9900,?,9,12.9,E,8,-3.92,E,8,29.0,E,8,822.9788000000001,E,8,999.0,E,8,0.85,E,8,-9900,?,9,-9900,?,9,0.0,E,8,-9900,?,9,-9900,?,9,0.0,0.0,E,8
08/24/2022,18:00,28.745,1335.826,40.16,1,8,0.0,1,8,40.16,1,8,4819.2,1,8,0.0,1,8,4417.6,1,8,853.962,1,8,-9900,?,9,-9900,?,9,11.54,E,8,-2.91,E,8,35.0,E,8,822.9788000000001,E,8,999.0,E,8,0.63,E,8,-9900,?,9,-9900,?,9,0.0,E,8,-9900,?,9,-9900,?,9,0.0,0.0,E,8
08/24/2022,19:00,0.0,1335.826,0.0,1,8,0.0,1,8,0.0,1,8,0.0,1,8,0.0,1,8,0.0,1,8,-0.0,1,8,-9900,?,9,-9900,?,9,10.71,E,8,-2.32,E,8,39.0,E,8,822.9788000000001,E,8,999.0,E,8,0.41,E,8,-9900,?,9,-9900,?,9,0.0,E,8,-9900,?,9,-9900,?,9,0.0,0.0,E,8
08/24/2022,20:00,0.0,1335.826,0.0,1,8,0.0,1,8,0.0,1,8,0.0,1,8,0.0,1,8,0.0,1,8,-0.0,1,8,-9900,?,9,-9900,?,9,9.89,E,8,-1.77,E,8,43.0,E,8,822.9788000000001,E,8,999.0,E,8,0.41,E,8,-9900,?,9,-9900,?,9,0.0,E,8,-9900,?,9,-9900,?,9,0.0,0.0,E,8
08/24/2022,21:00,0.0,1335.826,0.0,1,8,0.0,1,8,0.0,1,8,0.0,1,8,0.0,1,8,0.0,1,8,-0.0,1,8,-9900,?,9,-9900,?,9,9.06,E,8,-1.23,E,8,47.0,E,8,822.9788000000001,E,8,999.0,E,8,0.41,E,8,-9900,?,9,-9900,?,9,0.0,E,8,-9900,?,9,-9900,?,9,0.0,0.0,E,8
08/24/2022,22:00,0.0,1335.826,0.0,1,8,0.0,1,8,0.0,1,8,0.0,1,8,0.0,1,8,0.0,1,8,-0.0,1,8,-9900,?,9,-9900,?,9,8.23,E,8,-0.72,E,8,52.0,E,8,822.9788000000001,E,8,999.0,E,8,0.41,E,8,-9900,?,9,-9900,?,9,0.0,E,8,-9900,?,9,-9900,?,9,0.0,0.0,E,8
08/24/2022,23:00,0.0,1335.826,0.0,1,8,0.0,1,8,0.0,1,8,0.0,1,8,0.0,1,8,0.0,1,8,-0.0,1,8,-9900,?,9,-9900,?,9,7.4,E,8,-0.22,E,8,58.0,E,8,822.9788000000001,E,8,999.0,E,8,0.41,E,8,-9900,?,9,-9900,?,9,0.0,E,8,-9900,?,9,-9900,?,9,0.0,0.0,E,8
08/24/2022,24:00,0.0,1335.826,0.0,1,8,0.0,1,8,0.0,1,8,0.0,1,8,0.0,1,8,0.0,1,8,-0.0,1,8,-9900,?,9,-9900,?,9,6.58,E,8,1.7,E,8,70.0,E,8,822.9788000000001,E,8,999.0,E,8,0.47,E,8,-9900,?,9,-9900,?,9,0.0,E,8,-9900,?,9,-9900,?,9,0.0,0.0,E,8
08/25/2022,01:00,0.0,1335.826,0.0,1,8,0.0,1,8,0.0,1,8,0.0,1,8,0.0,1,8,0.0,1,8,-0.0,1,8,-9900,?,9,-9900,?,9,6.16,E,8,1.88,E,8,74.0,E,8,822.9788000000001,E,8,999.0,E,8,0.47,E,8,-9900,?,9,-9900,?,9,0.0,E,8,-9900,?,9,-9900,?,9,0.0,0.0,E,8
08/25/2022,02:00,0.0,1335.826,0.0,1,8,0.0,1,8,0.0,1,8,0.0,1,8,0.0,1,8,0.0,1,8,-0.0,1,8,-9900,?,9,-9900,?,9,5.75,E,8,2.05,E,8,77.0,E,8,822.9788000000001,E,8,999.0,E,8,0.47,E,8,-9900,?,9,-9900,?,9,0.0,E,8,-9900,?,9,-9900,?,9,0.0,0.0,E,8
08/25/2022,03:00,0.0,1335.826,0.0,1,8,0.0,1,8,0.0,1,8,0.0,1,8,0.0,1,8,0.0,1,8,-0.0,1,8,-9900,?,9,-9900,?,9,5.33,E,8,2.23,E,8,80.0,E,8,822.9788000000001,E,8,999.0,E,8,0.47,E,8,-9900,?,9,-9900,?,9,0.0,E,8,-9900,?,9,-9900,?,9,0.0,0.0,E,8
08/25/2022,04:00,0.0,1336.41,0.0,1,8,0.0,1,8,0.0,1,8,0.0,1,8,0.0,1,8,0.0,1,8,-0.0,1,8,-9900,?,9,-9900,?,9,4.92,E,8,2.4,E,8,83.0,E,8,822.9788000000001,E,8,999.0,E,8,0.47,E,8,-9900,?,9,-9900,?,9,0.0,E,8,-9900,?,9,-9900,?,9,0.0,0.0,E,8
08/25/2022,05:00,0.0,1336.41,0.0,1,8,0.0,1,8,0.0,1,8,0.0,1,8,0.0,1,8,0.0,1,8,-0.0,1,8,-9900,?,9,-9900,?,9,4.51,E,8,2.56,E,8,87.0,E,8,822.9788000000001,E,8,999.0,E,8,0.47,E,8,-9900,?,9,-9900,?,9,0.0,E,8,-9900,?,9,-9900,?,9,0.0,0.0,E,8
08/25/2022,06:00,0.0,1336.41,0.0,1,8,0.0,1,8,0.0,1,8,0.0,1,8,0.0,1,8,0.0,1,8,-0.0,1,8,-9900,?,9,-9900,?,9,4.19,E,8,2.69,E,8,89.0,E,8,822.9788000000001,E,8,999.0,E,8,0.47,E,8,-9900,?,9,-9900,?,9,0.0,E,8,-9900,?,9,-9900,?,9,0.0,0.0,E,8
08/25/2022,07:00,122.248,1336.41,0.0,1,8,0.0,1,8,0.0,1,8,0.0,1,8,0.0,1,8,0.0,1,8,0.0,1,8,-9900,?,9,-9900,?,9,3.91,E,8,2.81,E,8,92.0,E,8,822.9788000000001,E,8,999.0,E,8,0.47,E,8,-9900,?,9,-9900,?,9,0.0,E,8,-9900,?,9,-9900,?,9,0.0,0.0,E,8
08/25/2022,08:00,425.154,1336.41,77.56,1,8,0.0,1,8,77.56,1,8,9307.2,1,8,0.0,1,8,8531.6,1,8,77.803,1,8,-9900,?,9,-9900,?,9,3.64,E,8,2.91,E,8,94.0,E,8,822.9788000000001,E,8,999.0,E,8,0.47,E,8,-9900,?,9,-9900,?,9,0.0,E,8,-9900,?,9,-9900,?,9,0.0,0.0,E,8
08/25/2022,09:00,695.097,1336.41,207.24,1,8,17.366,1,8,198.215,1,8,24868.8,1,8,1649.747,1,8,21803.628,1,8,121.401,1,8,-9900,?,9,-9900,?,9,7.3,E,8,1.39,E,8,66.0,E,8,822.9788000000001,E,8,999.0,E,8,0.47,E,8,-9900,?,9,-9900,?,9,0.0,E,8,-9900,?,9,-9900,?,9,0.0,0.0,E,8
08/25/2022,10:00,911.895,1336.41,321.51,1,8,4.62,1,8,318.359,1,8,38581.2,1,8,438.87,1,8,35019.472,1,8,148.562,1,8,-9900,?,9,-9900,?,9,8.83,E,8,0.7,E,8,56.0,E,8,822.9788000000001,E,8,999.0,E,8,0.47,E,8,-9900,?,9,-9900,?,9,0.0,E,8,-9900,?,9,-9900,?,9,0.0,0.0,E,8
08/25/2022,11:00,1060.564,1336.41,408.09,1,8,12.054,1,8,398.526,1,8,48970.8,1,8,1145.116,1,8,43837.839,1,8,159.876,1,8,-9900,?,9,-9900,?,9,10.15,E,8,0.08,E,8,49.0,E,8,822.9788000000001,E,8,999.0,E,8,0.47,E,8,-9900,?,9,-9900,?,9,0.0,E,8,-9900,?,9,-9900,?,9,0.0,0.0,E,8
08/25/2022,12:00,1130.917,1336.41,460.15,1,8,57.058,1,8,411.871,1,8,55218.0,1,8,5420.525,1,8,45305.815,1,8,154.943,1,8,-9900,?,9,-9900,?,9,11.21,E,8,-0.38,E,8,44.0,E,8,822.9788000000001,E,8,999.0,E,8,0.47,E,8,-9900,?,9,-9900,?,9,0.0,E,8,-9900,?,9,-9900,?,9,0.0,0.0,E,8
08/25/2022,13:00,1118.14,1336.41,473.85,1,8,67.661,1,8,417.247,1,8,56862.0,1,8,6427.816,1,8,45897.143,1,8,158.76,1,8,-9900,?,9,-9900,?,9,11.98,E,8,-0.72,E,8,41.0,E,8,822.9788000000001,E,8,999.0,E,8,1.63,E,8,-9900,?,9,-9900,?,9,0.0,E,8,-9900,?,9,-9900,?,9,0.0,0.0,E,8
08/25/2022,14:00,1023.107,1336.41,448.2,1,8,57.089,1,8,404.504,1,8,53784.0,1,8,5423.448,1,8,44495.424,1,8,168.222,1,8,-9900,?,9,-9900,?,9,12.43,E,8,-0.92,E,8,39.0,E,8,822.9788000000001,E,8,999.0,E,8,2.45,E,8,-9900,?,9,-9900,?,9,0.0,E,8,-9900,?,9,-9900,?,9,0.0,0.0,E,8
08/25/2022,15:00,852.324,1336.41,385.07,1,8,75.758,1,8,336.774,1,8,46208.4,1,8,7197.011,1,8,37045.187,1,8,168.155,1,8,-9900,?,9,-9900,?,9,12.57,E,8,-0.98,E,8,38.0,E,8,822.9788000000001,E,8,999.0,E,8,3.39,E,8,-9900,?,9,-9900,?,9,0.0,E,8,-9900,?,9,-9900,?,9,0.0,0.0,E,8
08/25/2022,16:00,617.512,1336.41,289.15,1,8,132.218,1,8,228.122,1,8,34698.0,1,8,12560.74,1,8,25093.415,1,8,157.318,1,8,-9900,?,9,-9900,?,9,12.28,E,8,-0.85,E,8,39.0,E,8,822.9788000000001,E,8,999.0,E,8,2.54,E,8,-9900,?,9,-9900,?,9,0.0,E,8,-9900,?,9,-9900,?,9,0.0,0.0,E,8
08/25/2022,17:00,335.023,1336.41,168.4,1,8,308.085,1,8,91.496,1,8,20208.0,1,8,29268.037,1,8,10064.563,1,8,116.674,1,8,-9900,?,9,-9900,?,9,11.53,E,8,-0.52,E,8,43.0,E,8,822.9788000000001,E,8,999.0,E,8,1.19,E,8,-9900,?,9,-9900,?,9,0.0,E,8,-9900,?,9,-9900,?,9,0.0,0.0,E,8
08/25/2022,18:00,30.115,1336.41,39.86,1,8,0.0,1,8,39.86,1,8,4783.2,1,8,0.0,1,8,4384.6,1,8,788.038,1,8,-9900,?,9,-9900,?,9,10.4,E,8,-0.03,E,8,48.0,E,8,822.9788000000001,E,8,999.0,E,8,0.64,E,8,-9900,?,9,-9900,?,9,0.0,E,8,-9900,?,9,-9900,?,9,0.0,0.0,E,8
08/25/2022,19:00,0.0,1336.41,0.0,1,8,0.0,1,8,0.0,1,8,0.0,1,8,0.0,1,8,0.0,1,8,-0.0,1,8,-9900,?,9,-9900,?,9,9.73,E,8,0.28,E,8,51.0,E,8,822.9788000000001,E,8,999.0,E,8,0.47,E,8,-9900,?,9,-9900,?,9,0.0,E,8,-9900,?,9,-9900,?,9,0.0,0.0,E,8
08/25/2022,20:00,0.0,1336.41,0.0,1,8,0.0,1,8,0.0,1,8,0.0,1,8,0.0,1,8,0.0,1,8,-0.0,1,8,-9900,?,9,-9900,?,9,9.06,E,8,0.6,E,8,55.0,E,8,822.9788000000001,E,8,999.0,E,8,0.47,E,8,-9900,?,9,-9900,?,9,0.0,E,8,-9900,?,9,-9900,?,9,0.0,0.0,E,8
08/25/2022,21:00,0.0,1336.41,0.0,1,8,0.0,1,8,0.0,1,8,0.0,1,8,0.0,1,8,0.0,1,8,-0.0,1,8,-9900,?,9,-9900,?,9,8.39,E,8,0.9,E,8,59.0,E,8,822.9788000000001,E,8,999.0,E,8,0.47,E,8,-9900,?,9,-9900,?,9,0.0,E,8,-9900,?,9,-9900,?,9,0.0,0.0,E,8
08/25/2022,22:00,0.0,1336.41,0.0,1,8,0.0,1,8,0.0,1,8,0.0,1,8,0.0,1,8,0.0,1,8,-0.0,1,8,-9900,?,9,-9900,?,9,7.71,E,8,1.21,E,8,63.0,E,8,822.9788000000001,E,8,999.0,E,8,0.47,E,8,-9900,?,9,-9900,?,9,0.0,E,8,-9900,?,9,-9900,?,9,0.0,0.0,E,8
08/25/2022,23:00,0.0,1336.41,0.0,1,8,0.0,1,8,0.0,1,8,0.0,1,8,0.0,1,8,0.0,1,8,-0.0,1,8,-9900,?,9,-9900,?,9,7.04,E,8,1.5,E,8,67.0,E,8,822.9788000000001,E,8,999.0,E,8,0.47,E,8,-9900,?,9,-9900,?,9,0.0,E,8,-9900,?,9,-9900,?,9,0.0,0.0,E,8
08/25/2022,24:00,0.0,1336.41,0.0,1,8,0.0,1,8,0.0,1,8,0.0,1,8,0.0,1,8,0.0,1,8,-0.0,1,8,-9900,?,9,-9900,?,9,6.37,E,8,1.53,E,8,71.0,E,8,822.9788000000001,E,8,999.0,E,8,0.56,E,8,-9900,?,9,-9900,?,9,0.0,E,8,-9900,?,9,-9900,?,9,0.0,0.0,E,8
08/26/2022,01:00,0.0,1336.41,0.0,1,8,0.0,1,8,0.0,1,8,0.0,1,8,0.0,1,8,0.0,1,8,-0.0,1,8,-9900,?,9,-9900,?,9,6.03,E,8,1.81,E,8,74.0,E,8,822.9788000000001,E,8,999.0,E,8,0.56,E,8,-9900,?,9,-9900,?,9,0.0,E,8,-9900,?,9,-9900,?,9,0.0,0.0,E,8
08/26/2022,02:00,0.0,1336.41,0.0,1,8,0.0,1,8,0.0,1,8,0.0,1,8,0.0,1,8,0.0,1,8,-0.0,1,8,-9900,?,9,-9900,?,9,5.7,E,8,2.08,E,8,77.0,E,8,822.9788000000001,E,8,999.0,E,8,0.56,E,8,-9900,?,9,-9900,?,9,0.0,E,8,-9900,?,9,-9900,?,9,0.0,0.0,E,8
08/26/2022,03:00,0.0,1336.41,0.0,1,8,0.0,1,8,0.0,1,8,0.0,1,8,0.0,1,8,0.0,1,8,-0.0,1,8,-9900,?,9,-9900,?,9,5.36,E,8,2.36,E,8,80.0,E,8,822.9788000000001,E,8,999.0,E,8,0.56,E,8,-9900,?,9,-9900,?,9,0.0,E,8,-9900,?,9,-9900,?,9,0.0,0.0,E,8
08/26/2022,04:00,0.0,1337.004,0.0,1,8,0.0,1,8,0.0,1,8,0.0,1,8,0.0,1,8,0.0,1,8,-0.0,1,8,-9900,?,9,-9900,?,9,5.03,E,8,2.62,E,8,84.0,E,8,822.9788000000001,E,8,999.0,E,8,0.56,E,8,-9900,?,9,-9900,?,9,0.0,E,8,-9900,?,9,-9900,?,9,0.0,0.0,E,8
08/26/2022,05:00,0.0,1337.004,0.0,1,8,0.0,1,8,0.0,1,8,0.0,1,8,0.0,1,8,0.0,1,8,-0.0,1,8,-9900,?,9,-9900,?,9,4.69,E,8,2.88,E,8,88.0,E,8,822.9788000000001,E,8,999.0,E,8,0.56,E,8,-9900,?,9,-9900,?,9,0.0,E,8,-9900,?,9,-9900,?,9,0.0,0.0,E,8
08/26/2022,06:00,0.0,1337.004,0.0,1,8,0.0,1,8,0.0,1,8,0.0,1,8,0.0,1,8,0.0,1,8,-0.0,1,8,-9900,?,9,-9900,?,9,4.43,E,8,3.08,E,8,90.0,E,8,822.9788000000001,E,8,999.0,E,8,0.56,E,8,-9900,?,9,-9900,?,9,0.0,E,8,-9900,?,9,-9900,?,9,0.0,0.0,E,8
08/26/2022,07:00,126.748,1337.004,0.0,1,8,0.0,1,8,0.0,1,8,0.0,1,8,0.0,1,8,0.0,1,8,0.0,1,8,-9900,?,9,-9900,?,9,4.21,E,8,3.25,E,8,93.0,E,8,822.9788000000001,E,8,999.0,E,8,0.56,E,8,-9900,?,9,-9900,?,9,0.0,E,8,-9900,?,9,-9900,?,9,0.0,0.0,E,8
08/26/2022,08:00,430.113,1337.004,78.3,1,8,0.0,1,8,78.3,1,8,9396.0,1,8,0.0,1,8,8613.0,1,8,77.67,1,8,-9900,?,9,-9900,?,9,3.99,E,8,3.41,E,8,96.0,E,8,822.9788000000001,E,8,999.0,E,8,0.56,E,8,-9900,?,9,-9900,?,9,0.0,E,8,-9900,?,9,-9900,?,9,0.0,0.0,E,8
08/26/2022,09:00,700.284,1337.004,206.33,1,8,16.923,1,8,197.473,1,8,24759.6,1,8,1607.7,1,8,21722.03,1,8,120.103,1,8,-9900,?,9,-9900,?,9,7.99,E,8,0.1,E,8,57.0,E,8,822.9788000000001,E,8,999.0,E,8,0.56,E,8,-9900,?,9,-9900,?,9,0.0,E,8,-9900,?,9,-9900,?,9,0.0,0.0,E,8
08/26/2022,10:00,917.141,1337.004,319.01,1,8,4.373,1,8,316.011,1,8,38281.2,1,8,415.481,1,8,34761.202,1,8,146.687,1,8,-9900,?,9,-9900,?,9,9.65,E,8,-1.33,E,8,45.0,E,8,822.9788000000001,E,8,999.0,E,8,0.56,E,8,-9900,?,9,-9900,?,9,0.0,E,8,-9900,?,9,-9900,?,9,0.0,0.0,E,8
08/26/2022,11:00,1065.701,1337.004,404.3,1,8,11.389,1,8,395.224,1,8,48516.0,1,8,1081.916,1,8,43474.628,1,8,157.857,1,8,-9900,?,9,-9900,?,9,11.08,E,8,-2.7,E,8,36.0,E,8,822.9788000000001,E,8,999.0,E,8,0.79,E,8,-9900,?,9,-9900,?,9,0.0,E,8,-9900,?,9,-9900,?,9,0.0,0.0,E,8
08/26/2022,12:00,1135.786,1337.004,455.5,1,8,13.345,1,8,444.164,1,8,54660.0,1,8,1267.818,1,8,48858.075,1,8,166.448,1,8,-9900,?,9,-9900,?,9,12.22,E,8,-3.91,E,8,30.0,E,8,822.9788000000001,E,8,999.0,E,8,1.19,E,8,-9900,?,9,-9900,?,9,0.0,E,8,-9900,?,9,-9900,?,9,0.0,0.0,E,8
08/26/2022,13:00,1122.599,1337.004,468.84,1,8,63.677,1,8,415.381,1,8,56260.8,1,8,6049.36,1,8,45691.86,1,8,157.492,1,8,-9900,?,9,-9900,?,9,13.05,E,8,-4.86,E,8,27.0,E,8,822.9788000000001,E,8,999.0,E,8,2.53,E,8,-9900,?,9,-9900,?,9,0.0,E,8,-9900,?,9,-9900,?,9,0.0,0.0,E,8
08/26/2022,14:00,1027.045,1337.004,443.35,1,8,78.684,1,8,382.92,1,8,53202.0,1,8,7474.95,1,8,42121.197,1,8,158.705,1,8,-9900,?,9,-9900,?,9,13.54,E,8,-5.46,E,8,24.0,E,8,822.9788000000001,E,8,999.0,E,8,3.2,E,8,-9900,?,9,-9900,?,9,0.0,E,8,-9900,?,9,-9900,?,9,0.0,0.0,E,8
08/26/2022,15:00,855.662,1337.004,380.89,1,8,71.194,1,8,335.346,1,8,45706.8,1,8,6763.428,1,8,36888.083,1,8,166.862,1,8,-9900,?,9,-9900,?,9,13.68,E,8,-5.64,E,8,24.0,E,8,822.9788000000001,E,8,999.0,E,8,1.75,E,8,-9900,?,9,-9900,?,9,0.0,E,8,-9900,?,9,-9900,?,9,0.0,0.0,E,8
08/26/2022,16:00,620.215,1337.004,286.1,1,8,124.455,1,8,228.429,1,8,34332.0,1,8,11823.222,1,8,25127.166,1,8,156.911,1,8,-9900,?,9,-9900,?,9,13.37,E,8,-5.25,E,8,25.0,E,8,822.9788000000001,E,8,999.0,E,8,0.7,E,8,-9900,?,9,-9900,?,9,0.0,E,8,-9900,?,9,-9900,?,9,0.0,0.0,E,8
08/26/2022,17:00,337.096,1337.004,166.84,1,8,292.119,1,8,93.499,1,8,20020.8,1,8,27751.27,1,8,10284.901,1,8,118.542,1,8,-9900,?,9,-9900,?,9,12.55,E,8,-4.28,E,8,29.0,E,8,822.9788000000001,E,8,999.0,E,8,0.56,E,8,-9900,?,9,-9900,?,9,0.0,E,8,-9900,?,9,-9900,?,9,0.0,0.0,E,8
08/26/2022,18:00,31.476,1337.004,39.84,1,8,0.0,1,8,39.84,1,8,4780.8,1,8,0.0,1,8,4382.4,1,8,736.436,1,8,-9900,?,9,-9900,?,9,11.33,E,8,-2.96,E,8,35.0,E,8,822.9788000000001,E,8,999.0,E,8,0.56,E,8,-9900,?,9,-9900,?,9,0.0,E,8,-9900,?,9,-9900,?,9,0.0,0.0,E,8
08/26/2022,19:00,0.0,1337.004,0.0,1,8,0.0,1,8,0.0,1,8,0.0,1,8,0.0,1,8,0.0,1,8,-0.0,1,8,-9900,?,9,-9900,?,9,10.57,E,8,-2.2,E,8,39.0,E,8,822.9788000000001,E,8,999.0,E,8,0.56,E,8,-9900,?,9,-9900,?,9,0.0,E,8,-9900,?,9,-9900,?,9,0.0,0.0,E,8
08/26/2022,20:00,0.0,1337.004,0.0,1,8,0.0,1,8,0.0,1,8,0.0,1,8,0.0,1,8,0.0,1,8,-0.0,1,8,-9900,?,9,-9900,?,9,9.8,E,8,-1.47,E,8,44.0,E,8,822.9788000000001,E,8,999.0,E,8,0.56,E,8,-9900,?,9,-9900,?,9,0.0,E,8,-9900,?,9,-9900,?,9,0.0,0.0,E,8
08/26/2022,21:00,0.0,1337.004,0.0,1,8,0.0,1,8,0.0,1,8,0.0,1,8,0.0,1,8,0.0,1,8,-0.0,1,8,-9900,?,9,-9900,?,9,9.04,E,8,-0.79,E,8,49.0,E,8,822.9788000000001,E,8,999.0,E,8,0.56,E,8,-9900,?,9,-9900,?,9,0.0,E,8,-9900,?,9,-9900,?,9,0.0,0.0,E,8
08/26/2022,22:00,0.0,1337.004,0.0,1,8,0.0,1,8,0.0,1,8,0.0,1,8,0.0,1,8,0.0,1,8,-0.0,1,8,-9900,?,9,-9900,?,9,8.28,E,8,-0.15,E,8,55.0,E,8,822.9788000000001,E,8,999.0,E,8,0.56,E,8,-9900,?,9,-9900,?,9,0.0,E,8,-9900,?,9,-9900,?,9,0.0,0.0,E,8
08/26/2022,23:00,0.0,1337.004,0.0,1,8,0.0,1,8,0.0,1,8,0.0,1,8,0.0,1,8,0.0,1,8,-0.0,1,8,-9900,?,9,-9900,?,9,7.52,E,8,0.53,E,8,61.0,E,8,822.9788000000001,E,8,999.0,E,8,0.56,E,8,-9900,?,9,-9900,?,9,0.0,E,8,-9900,?,9,-9900,?,9,0.0,0.0,E,8
08/26/2022,24:00,0.0,1337.004,0.0,1,8,0.0,1,8,0.0,1,8,0.0,1,8,0.0,1,8,0.0,1,8,-0.0,1,8,-9900,?,9,-9900,?,9,6.75,E,8,1.45,E,8,68.0,E,8,822.9788000000001,E,8,999.0,E,8,0.57,E,8,-9900,?,9,-9900,?,9,0.0,E,8,-9900,?,9,-9900,?,9,0.0,0.0,E,8
08/27/2022,01:00,0.0,1337.004,0.0,1,8,0.0,1,8,0.0,1,8,0.0,1,8,0.0,1,8,0.0,1,8,-0.0,1,8,-9900,?,9,-9900,?,9,6.37,E,8,1.78,E,8,72.0,E,8,822.9788000000001,E,8,999.0,E,8,0.57,E,8,-9900,?,9,-9900,?,9,0.0,E,8,-9900,?,9,-9900,?,9,0.0,0.0,E,8
08/27/2022,02:00,0.0,1337.004,0.0,1,8,0.0,1,8,0.0,1,8,0.0,1,8,0.0,1,8,0.0,1,8,-0.0,1,8,-9900,?,9,-9900,?,9,5.99,E,8,2.1,E,8,76.0,E,8,822.9788000000001,E,8,999.0,E,8,0.57,E,8,-9900,?,9,-9900,?,9,0.0,E,8,-9900,?,9,-9900,?,9,0.0,0.0,E,8
08/27/2022,03:00,0.0,1337.004,0.0,1,8,0.0,1,8,0.0,1,8,0.0,1,8,0.0,1,8,0.0,1,8,-0.0,1,8,-9900,?,9,-9900,?,9,5.61,E,8,2.42,E,8,79.0,E,8,822.9788000000001,E,8,999.0,E,8,0.57,E,8,-9900,?,9,-9900,?,9,0.0,E,8,-9900,?,9,-9900,?,9,0.0,0.0,E,8
08/27/2022,04:00,0.0,1337.606,0.0,1,8,0.0,1,8,0.0,1,8,0.0,1,8,0.0,1,8,0.0,1,8,-0.0,1,8,-9900,?,9,-9900,?,9,5.23,E,8,2.73,E,8,83.0,E,8,822.9788000000001,E,8,999.0,E,8,0.57,E,8,-9900,?,9,-9900,?,9,0.0,E,8,-9900,?,9,-9900,?,9,0.0,0.0,E,8
08/27/2022,05:00,0.0,1337.606,0.0,1,8,0.0,1,8,0.0,1,8,0.0,1,8,0.0,1,8,0.0,1,8,-0.0,1,8,-9900,?,9,-9900,?,9,4.85,E,8,3.03,E,8,88.0,E,8,822.9788000000001,E,8,999.0,E,8,0.57,E,8,-9900,?,9,-9900,?,9,0.0,E,8,-9900,?,9,-9900,?,9,0.0,0.0,E,8
08/27/2022,06:00,0.0,1337.606,0.0,1,8,0.0,1,8,0.0,1,8,0.0,1,8,0.0,1,8,0.0,1,8,-0.0,1,8,-9900,?,9,-9900,?,9,4.55,E,8,3.27,E,8,91.0,E,8,822.9788000000001,E,8,999.0,E,8,0.57,E,8,-9900,?,9,-9900,?,9,0.0,E,8,-9900,?,9,-9900,?,9,0.0,0.0,E,8
08/27/2022,07:00,131.315,1337.606,0.0,1,8,0.0,1,8,0.0,1,8,0.0,1,8,0.0,1,8,0.0,1,8,0.0,1,8,-9900,?,9,-9900,?,9,4.3,E,8,3.46,E,8,94.0,E,8,822.9788000000001,E,8,999.0,E,8,0.57,E,8,-9900,?,9,-9900,?,9,0.0,E,8,-9900,?,9,-9900,?,9,0.0,0.0,E,8
08/27/2022,08:00,435.125,1337.606,84.26,1,8,0.0,1,8,84.26,1,8,10111.2,1,8,0.0,1,8,9268.6,1,8,82.651,1,8,-9900,?,9,-9900,?,9,4.05,E,8,3.65,E,8,97.0,E,8,822.9788000000001,E,8,999.0,E,8,0.57,E,8,-9900,?,9,-9900,?,9,0.0,E,8,-9900,?,9,-9900,?,9,0.0,0.0,E,8
08/27/2022,09:00,705.512,1337.606,219.05,1,8,21.441,1,8,207.75,1,8,26286.0,1,8,2036.91,1,8,22852.454,1,8,125.471,1,8,-9900,?,9,-9900,?,9,7.81,E,8,0.49,E,8,59.0,E,8,822.9788000000001,E,8,999.0,E,8,0.57,E,8,-9900,?,9,-9900,?,9,0.0,E,8,-9900,?,9,-9900,?,9,0.0,0.0,E,8
08/27/2022,10:00,922.415,1337.606,337.5,1,8,15.761,1,8,326.635,1,8,40500.0,1,8,1497.251,1,8,35929.853,1,8,150.819,1,8,-9900,?,9,-9900,?,9,9.35,E,8,-0.9,E,8,48.0,E,8,822.9788000000001,E,8,999.0,E,8,0.57,E,8,-9900,?,9,-9900,?,9,0.0,E,8,-9900,?,9,-9900,?,9,0.0,0.0,E,8
08/27/2022,11:00,1070.855,1337.606,427.08,1,8,13.751,1,8,416.073,1,8,51249.6,1,8,1306.362,1,8,45768.025,1,8,165.458,1,8,-9900,?,9,-9900,?,9,10.68,E,8,-2.18,E,8,39.0,E,8,822.9788000000001,E,8,999.0,E,8,0.57,E,8,-9900,?,9,-9900,?,9,0.0,E,8,-9900,?,9,-9900,?,9,0.0,0.0,E,8
08/27/2022,12:00,1140.659,1337.606,480.77,1,8,65.144,1,8,425.224,1,8,57692.4,1,8,6188.709,1,8,46774.592,1,8,158.741,1,8,-9900,?,9,-9900,?,9,11.74,E,8,-3.29,E,8,33.0,E,8,822.9788000000001,E,8,999.0,E,8,0.57,E,8,-9900,?,9,-9900,?,9,0.0,E,8,-9900,?,9,-9900,?,9,0.0,0.0,E,8
08/27/2022,13:00,1127.053,1337.606,494.61,1,8,77.389,1,8,429.41,1,8,59353.2,1,8,7351.98,1,8,47235.146,1,8,162.24,1,8,-9900,?,9,-9900,?,9,12.5,E,8,-4.15,E,8,29.0,E,8,822.9788000000001,E,8,999.0,E,8,1.07,E,8,-9900,?,9,-9900,?,9,0.0,E,8,-9900,?,9,-9900,?,9,0.0,0.0,E,8
08/27/2022,14:00,1030.969,1337.606,467.6,1,8,95.818,1,8,393.763,1,8,56112.0,1,8,9102.703,1,8,43313.876,1,8,162.65,1,8,-9900,?,9,-9900,?,9,12.95,E,8,-4.69,E,8,27.0,E,8,822.9788000000001,E,8,999.0,E,8,1.55,E,8,-9900,?,9,-9900,?,9,0.0,E,8,-9900,?,9,-9900,?,9,0.0,0.0,E,8
08/27/2022,15:00,858.982,1337.606,401.71,1,8,86.561,1,8,346.146,1,8,48205.2,1,8,8223.263,1,8,38076.039,1,8,171.646,1,8,-9900,?,9,-9900,?,9,13.09,E,8,-4.86,E,8,26.0,E,8,822.9788000000001,E,8,999.0,E,8,2.29,E,8,-9900,?,9,-9900,?,9,0.0,E,8,-9900,?,9,-9900,?,9,0.0,0.0,E,8
08/27/2022,16:00,622.899,1337.606,301.83,1,8,150.005,1,8,232.049,1,8,36219.6,1,8,14250.441,1,8,25525.42,1,8,158.781,1,8,-9900,?,9,-9900,?,9,12.8,E,8,-4.51,E,8,28.0,E,8,822.9788000000001,E,8,999.0,E,8,2.48,E,8,-9900,?,9,-9900,?,9,0.0,E,8,-9900,?,9,-9900,?,9,0.0,0.0,E,8
08/27/2022,17:00,339.151,1337.606,176.23,1,8,341.521,1,8,89.998,1,8,21147.6,1,8,32444.494,1,8,9899.764,1,8,113.457,1,8,-9900,?,9,-9900,?,9,12.03,E,8,-3.61,E,8,32.0,E,8,822.9788000000001,E,8,999.0,E,8,1.64,E,8,-9900,?,9,-9900,?,9,0.0,E,8,-9900,?,9,-9900,?,9,0.0,0.0,E,8
08/27/2022,18:00,32.829,1337.606,42.45,1,8,0.0,1,8,42.45,1,8,5094.0,1,8,0.0,1,8,4669.5,1,8,737.241,1,8,-9900,?,9,-9900,?,9,10.89,E,8,-2.39,E,8,38.0,E,8,822.9788000000001,E,8,999.0,E,8,0.88,E,8,-9900,?,9,-9900,?,9,0.0,E,8,-9900,?,9,-9900,?,9,0.0,0.0,E,8
08/27/2022,19:00,0.0,1337.606,0.0,1,8,0.0,1,8,0.0,1,8,0.0,1,8,0.0,1,8,0.0,1,8,-0.0,1,8,-9900,?,9,-9900,?,9,10.41,E,8,-1.91,E,8,41.0,E,8,822.9788000000001,E,8,999.0,E,8,0.57,E,8,-9900,?,9,-9900,?,9,0.0,E,8,-9900,?,9,-9900,?,9,0.0,0.0,E,8
08/27/2022,20:00,0.0,1337.606,0.0,1,8,0.0,1,8,0.0,1,8,0.0,1,8,0.0,1,8,0.0,1,8,-0.0,1,8,-9900,?,9,-9900,?,9,9.93,E,8,-1.44,E,8,44.0,E,8,822.9788000000001,E,8,999.0,E,8,0.57,E,8,-9900,?,9,-9900,?,9,0.0,E,8,-9900,?,9,-9900,?,9,0.0,0.0,E,8
08/27/2022,21:00,0.0,1337.606,0.0,1,8,0.0,1,8,0.0,1,8,0.0,1,8,0.0,1,8,0.0,1,8,-0.0,1,8,-9900,?,9,-9900,?,9,9.45,E,8,-1.0,E,8,47.0,E,8,822.9788000000001,E,8,999.0,E,8,0.57,E,8,-9900,?,9,-9900,?,9,0.0,E,8,-9900,?,9,-9900,?,9,0.0,0.0,E,8
08/27/2022,22:00,0.0,1337.606,0.0,1,8,0.0,1,8,0.0,1,8,0.0,1,8,0.0,1,8,0.0,1,8,-0.0,1,8,-9900,?,9,-9900,?,9,8.96,E,8,-0.55,E,8,51.0,E,8,822.9788000000001,E,8,999.0,E,8,0.57,E,8,-9900,?,9,-9900,?,9,0.0,E,8,-9900,?,9,-9900,?,9,0.0,0.0,E,8
08/27/2022,23:00,0.0,1337.606,0.0,1,8,0.0,1,8,0.0,1,8,0.0,1,8,0.0,1,8,0.0,1,8,-0.0,1,8,-9900,?,9,-9900,?,9,8.48,E,8,-0.13,E,8,54.0,E,8,822.9788000000001,E,8,999.0,E,8,0.57,E,8,-9900,?,9,-9900,?,9,0.0,E,8,-9900,?,9,-9900,?,9,0.0,0.0,E,8
08/27/2022,24:00,0.0,1337.606,0.0,1,8,0.0,1,8,0.0,1,8,0.0,1,8,0.0,1,8,0.0,1,8,-0.0,1,8,-9900,?,9,-9900,?,9,8.0,E,8,5.31,E,8,82.0,E,8,822.9788000000001,E,8,999.0,E,8,1.26,E,8,-9900,?,9,-9900,?,9,0.0,E,8,-9900,?,9,-9900,?,9,0.0,0.0,E,8
08/28/2022,01:00,0.0,1337.606,0.0,1,8,0.0,1,8,0.0,1,8,0.0,1,8,0.0,1,8,0.0,1,8,-0.0,1,8,-9900,?,9,-9900,?,9,7.76,E,8,5.42,E,8,84.0,E,8,822.9788000000001,E,8,999.0,E,8,1.01,E,8,-9900,?,9,-9900,?,9,0.0,E,8,-9900,?,9,-9900,?,9,0.0,0.0,E,8
08/28/2022,02:00,0.0,1337.606,0.0,1,8,0.0,1,8,0.0,1,8,0.0,1,8,0.0,1,8,0.0,1,8,-0.0,1,8,-9900,?,9,-9900,?,9,7.52,E,8,5.53,E,8,87.0,E,8,822.9788000000001,E,8,999.0,E,8,1.49,E,8,-9900,?,9,-9900,?,9,0.0,E,8,-9900,?,9,-9900,?,9,0.0,0.0,E,8
08/28/2022,03:00,0.0,1337.606,0.0,1,8,0.0,1,8,0.0,1,8,0.0,1,8,0.0,1,8,0.0,1,8,-0.0,1,8,-9900,?,9,-9900,?,9,7.28,E,8,5.63,E,8,89.0,E,8,822.9788000000001,E,8,999.0,E,8,1.13,E,8,-9900,?,9,-9900,?,9,0.0,E,8,-9900,?,9,-9900,?,9,0.0,0.0,E,8
08/28/2022,04:00,0.0,1338.217,0.0,1,8,0.0,1,8,0.0,1,8,0.0,1,8,0.0,1,8,0.0,1,8,-0.0,1,8,-9900,?,9,-9900,?,9,7.04,E,8,5.74,E,8,91.0,E,8,822.9788000000001,E,8,999.0,E,8,1.25,E,8,-9900,?,9,-9900,?,9,0.0,E,8,-9900,?,9,-9900,?,9,0.0,0.0,E,8
08/28/2022,05:00,0.0,1338.217,0.0,1,8,0.0,1,8,0.0,1,8,0.0,1,8,0.0,1,8,0.0,1,8,-0.0,1,8,-9900,?,9,-9900,?,9,6.8,E,8,5.84,E,8,98.0,E,8,822.9788000000001,E,8,999.0,E,8,1.03,E,8,-9900,?,9,-9900,?,9,0.001,E,8,-9900,?,9,-9900,?,9,0.01,99.0,E,8
08/28/2022,06:00,0.0,1338.217,0.0,1,8,0.0,1,8,0.0,1,8,0.0,1,8,0.0,1,8,0.0,1,8,-0.0,1,8,-9900,?,9,-9900,?,9,6.61,E,8,5.92,E,8,95.0,E,8,822.9788000000001,E,8,999.0,E,8,1.01,E,8,-9900,?,9,-9900,?,9,0.0,E,8,-9900,?,9,-9900,?,9,0.0,0.0,E,8
08/28/2022,07:00,135.946,1338.217,0.0,1,8,0.0,1,8,0.0,1,8,0.0,1,8,0.0,1,8,0.0,1,8,0.0,1,8,-9900,?,9,-9900,?,9,6.45,E,8,5.99,E,8,96.0,E,8,822.9788000000001,E,8,999.0,E,8,1.01,E,8,-9900,?,9,-9900,?,9,0.0,E,8,-9900,?,9,-9900,?,9,0.0,0.0,E,8
08/28/2022,08:00,440.187,1338.217,51.08,1,8,0.0,1,8,51.08,1,8,6129.6,1,8,0.0,1,8,5618.8,1,8,49.548,1,8,-9900,?,9,-9900,?,9,6.29,E,8,6.06,E,8,98.0,E,8,822.9788000000001,E,8,999.0,E,8,1.01,E,8,-9900,?,9,-9900,?,9,0.0,E,8,-9900,?,9,-9900,?,9,0.0,0.0,E,8
08/28/2022,09:00,710.779,1338.217,81.14,1,8,0.0,1,8,81.14,1,8,9736.8,1,8,0.0,1,8,8925.4,1,8,48.663,1,8,-9900,?,9,-9900,?,9,8.06,E,8,5.29,E,8,82.0,E,8,822.9788000000001,E,8,999.0,E,8,1.01,E,8,-9900,?,9,-9900,?,9,0.0,E,8,-9900,?,9,-9900,?,9,0.0,0.0,E,8
08/28/2022,10:00,927.716,1338.217,112.18,1,8,0.0,1,8,112.18,1,8,13461.6,1,8,0.0,1,8,12339.8,1,8,51.525,1,8,-9900,?,9,-9900,?,9,8.47,E,8,5.1,E,8,79.0,E,8,822.9788000000001,E,8,999.0,E,8,1.01,E,8,-9900,?,9,-9900,?,9,0.0,E,8,-9900,?,9,-9900,?,9,0.0,0.0,E,8
08/28/2022,11:00,1076.022,1338.217,254.21,1,8,2.909,1,8,251.871,1,8,30505.2,1,8,276.337,1,8,27705.863,1,8,99.725,1,8,-9900,?,9,-9900,?,9,9.62,E,8,4.57,E,8,70.0,E,8,822.9788000000001,E,8,999.0,E,8,1.01,E,8,-9900,?,9,-9900,?,9,0.0,E,8,-9900,?,9,-9900,?,9,0.0,0.0,E,8
08/28/2022,12:00,1145.534,1338.217,234.31,1,8,2.725,1,8,231.977,1,8,28117.2,1,8,258.911,1,8,25517.501,1,8,86.27,1,8,-9900,?,9,-9900,?,9,10.2,E,8,4.29,E,8,66.0,E,8,822.9788000000001,E,8,999.0,E,8,1.01,E,8,-9900,?,9,-9900,?,9,0.0,E,8,-9900,?,9,-9900,?,9,0.0,0.0,E,8
08/28/2022,13:00,1131.499,1338.217,361.47,1,8,11.326,1,8,351.895,1,8,43376.4,1,8,1075.962,1,8,38708.422,1,8,132.491,1,8,-9900,?,9,-9900,?,9,11.16,E,8,3.82,E,8,60.0,E,8,822.9788000000001,E,8,999.0,E,8,1.01,E,8,-9900,?,9,-9900,?,9,0.0,E,8,-9900,?,9,-9900,?,9,0.0,0.0,E,8
08/28/2022,14:00,1034.878,1338.217,287.29,1,8,7.785,1,8,281.271,1,8,34474.8,1,8,739.56,1,8,30939.807,1,8,115.797,1,8,-9900,?,9,-9900,?,9,11.56,E,8,3.63,E,8,58.0,E,8,822.9788000000001,E,8,999.0,E,8,1.01,E,8,-9900,?,9,-9900,?,9,0.0,E,8,-9900,?,9,-9900,?,9,0.0,0.0,E,8
08/28/2022,15:00,862.283,1338.217,276.58,1,8,11.558,1,8,269.136,1,8,33189.6,1,8,1097.986,1,8,29604.94,1,8,133.008,1,8,-9900,?,9,-9900,?,9,11.82,E,8,3.5,E,8,56.0,E,8,822.9788000000001,E,8,999.0,E,8,1.01,E,8,-9900,?,9,-9900,?,9,0.0,E,8,-9900,?,9,-9900,?,9,0.0,0.0,E,8
08/28/2022,16:00,625.561,1338.217,282.4,1,8,140.034,1,8,217.008,1,8,33888.0,1,8,13303.195,1,8,23870.93,1,8,147.924,1,8,-9900,?,9,-9900,?,9,12.05,E,8,3.38,E,8,55.0,E,8,822.9788000000001,E,8,999.0,E,8,1.01,E,8,-9900,?,9,-9900,?,9,0.0,E,8,-9900,?,9,-9900,?,9,0.0,0.0,E,8
08/28/2022,17:00,341.187,1338.217,97.79,1,8,17.722,1,8,93.29,1,8,11734.8,1,8,1683.626,1,8,10261.919,1,8,116.953,1,8,-9900,?,9,-9900,?,9,11.51,E,8,3.65,E,8,58.0,E,8,822.9788000000001,E,8,999.0,E,8,1.01,E,8,-9900,?,9,-9900,?,9,0.0,E,8,-9900,?,9,-9900,?,9,0.0,0.0,E,8
08/28/2022,18:00,34.173,1338.217,25.47,1,8,0.0,1,8,25.47,1,8,3056.4,1,8,0.0,1,8,2801.7,1,8,417.371,1,8,-9900,?,9,-9900,?,9,10.78,E,8,4.01,E,8,67.0,E,8,822.9788000000001,E,8,999.0,E,8,1.01,E,8,-9900,?,9,-9900,?,9,0.003,E,8,-9900,?,9,-9900,?,9,0.03,99.0,E,8
08/28/2022,19:00,0.0,1338.217,0.0,1,8,0.0,1,8,0.0,1,8,0.0,1,8,0.0,1,8,0.0,1,8,-0.0,1,8,-9900,?,9,-9900,?,9,10.36,E,8,4.21,E,8,65.0,E,8,822.9788000000001,E,8,999.0,E,8,1.01,E,8,-9900,?,9,-9900,?,9,0.0,E,8,-9900,?,9,-9900,?,9,0.0,0.0,E,8
08/28/2022,20:00,0.0,1338.217,0.0,1,8,0.0,1,8,0.0,1,8,0.0,1,8,0.0,1,8,0.0,1,8,-0.0,1,8,-9900,?,9,-9900,?,9,9.93,E,8,4.42,E,8,68.0,E,8,822.9788000000001,E,8,999.0,E,8,1.01,E,8,-9900,?,9,-9900,?,9,0.0,E,8,-9900,?,9,-9900,?,9,0.0,0.0,E,8
08/28/2022,21:00,0.0,1338.217,0.0,1,8,0.0,1,8,0.0,1,8,0.0,1,8,0.0,1,8,0.0,1,8,-0.0,1,8,-9900,?,9,-9900,?,9,9.51,E,8,4.62,E,8,71.0,E,8,822.9788000000001,E,8,999.0,E,8,1.01,E,8,-9900,?,9,-9900,?,9,0.0,E,8,-9900,?,9,-9900,?,9,0.0,0.0,E,8
08/28/2022,22:00,0.0,1338.217,0.0,1,8,0.0,1,8,0.0,1,8,0.0,1,8,0.0,1,8,0.0,1,8,-0.0,1,8,-9900,?,9,-9900,?,9,9.08,E,8,4.82,E,8,79.0,E,8,822.9788000000001,E,8,999.0,E,8,1.01,E,8,-9900,?,9,-9900,?,9,0.007000000000000001,E,8,-9900,?,9,-9900,?,9,0.07,99.0,E,8
08/28/2022,23:00,0.0,1338.217,0.0,1,8,0.0,1,8,0.0,1,8,0.0,1,8,0.0,1,8,0.0,1,8,-0.0,1,8,-9900,?,9,-9900,?,9,8.66,E,8,5.01,E,8,87.0,E,8,822.9788000000001,E,8,999.0,E,8,1.01,E,8,-9900,?,9,-9900,?,9,0.189,E,8,-9900,?,9,-9900,?,9,1.89,99.0,E,8
08/28/2022,24:00,0.0,1338.217,0.0,1,8,0.0,1,8,0.0,1,8,0.0,1,8,0.0,1,8,0.0,1,8,-0.0,1,8,-9900,?,9,-9900,?,9,8.23,E,8,5.65,E,8,83.0,E,8,822.9788000000001,E,8,999.0,E,8,0.54,E,8,-9900,?,9,-9900,?,9,0.0,E,8,-9900,?,9,-9900,?,9,0.0,0.0,E,8
08/29/2022,01:00,0.0,1338.217,0.0,1,8,0.0,1,8,0.0,1,8,0.0,1,8,0.0,1,8,0.0,1,8,-0.0,1,8,-9900,?,9,-9900,?,9,8.02,E,8,5.73,E,8,85.0,E,8,822.9788000000001,E,8,999.0,E,8,0.54,E,8,-9900,?,9,-9900,?,9,0.0,E,8,-9900,?,9,-9900,?,9,0.0,0.0,E,8
08/29/2022,02:00,0.0,1338.217,0.0,1,8,0.0,1,8,0.0,1,8,0.0,1,8,0.0,1,8,0.0,1,8,-0.0,1,8,-9900,?,9,-9900,?,9,7.81,E,8,5.82,E,8,87.0,E,8,822.9788000000001,E,8,999.0,E,8,0.54,E,8,-9900,?,9,-9900,?,9,0.0,E,8,-9900,?,9,-9900,?,9,0.0,0.0,E,8
08/29/2022,03:00,0.0,1338.217,0.0,1,8,0.0,1,8,0.0,1,8,0.0,1,8,0.0,1,8,0.0,1,8,-0.0,1,8,-9900,?,9,-9900,?,9,7.6,E,8,5.91,E,8,89.0,E,8,822.9788000000001,E,8,999.0,E,8,0.54,E,8,-9900,?,9,-9900,?,9,0.0,E,8,-9900,?,9,-9900,?,9,0.0,0.0,E,8
08/29/2022,04:00,0.0,1338.837,0.0,1,8,0.0,1,8,0.0,1,8,0.0,1,8,0.0,1,8,0.0,1,8,-0.0,1,8,-9900,?,9,-9900,?,9,7.38,E,8,5.99,E,8,90.0,E,8,822.9788000000001,E,8,999.0,E,8,0.54,E,8,-9900,?,9,-9900,?,9,0.0,E,8,-9900,?,9,-9900,?,9,0.0,0.0,E,8
08/29/2022,05:00,0.0,1338.837,0.0,1,8,0.0,1,8,0.0,1,8,0.0,1,8,0.0,1,8,0.0,1,8,-0.0,1,8,-9900,?,9,-9900,?,9,7.17,E,8,6.08,E,8,92.0,E,8,822.9788000000001,E,8,999.0,E,8,0.54,E,8,-9900,?,9,-9900,?,9,0.0,E,8,-9900,?,9,-9900,?,9,0.0,0.0,E,8
08/29/2022,06:00,0.0,1338.837,0.0,1,8,0.0,1,8,0.0,1,8,0.0,1,8,0.0,1,8,0.0,1,8,-0.0,1,8,-9900,?,9,-9900,?,9,7.01,E,8,6.14,E,8,94.0,E,8,822.9788000000001,E,8,999.0,E,8,0.54,E,8,-9900,?,9,-9900,?,9,0.0,E,8,-9900,?,9,-9900,?,9,0.0,0.0,E,8
08/29/2022,07:00,140.64,1338.837,0.0,1,8,0.0,1,8,0.0,1,8,0.0,1,8,0.0,1,8,0.0,1,8,0.0,1,8,-9900,?,9,-9900,?,9,6.87,E,8,6.2,E,8,95.0,E,8,822.9788000000001,E,8,999.0,E,8,0.54,E,8,-9900,?,9,-9900,?,9,0.0,E,8,-9900,?,9,-9900,?,9,0.0,0.0,E,8
08/29/2022,08:00,445.297,1338.837,62.75,1,8,0.0,1,8,62.75,1,8,7530.0,1,8,0.0,1,8,6902.5,1,8,60.194,1,8,-9900,?,9,-9900,?,9,6.73,E,8,6.25,E,8,96.0,E,8,822.9788000000001,E,8,999.0,E,8,0.54,E,8,-9900,?,9,-9900,?,9,0.0,E,8,-9900,?,9,-9900,?,9,0.0,0.0,E,8
08/29/2022,09:00,716.081,1338.837,158.85,1,8,14.506,1,8,151.097,1,8,19062.0,1,8,1378.078,1,8,16620.674,1,8,89.989,1,8,-9900,?,9,-9900,?,9,9.57,E,8,5.09,E,8,73.0,E,8,822.9788000000001,E,8,999.0,E,8,0.54,E,8,-9900,?,9,-9900,?,9,0.0,E,8,-9900,?,9,-9900,?,9,0.0,0.0,E,8
08/29/2022,10:00,933.041,1338.837,243.07,1,8,4.355,1,8,240.036,1,8,29168.4,1,8,413.755,1,8,26403.928,1,8,109.67,1,8,-9900,?,9,-9900,?,9,10.7,E,8,4.59,E,8,65.0,E,8,822.9788000000001,E,8,999.0,E,8,0.54,E,8,-9900,?,9,-9900,?,9,0.0,E,8,-9900,?,9,-9900,?,9,0.0,0.0,E,8
08/29/2022,11:00,1081.2,1338.837,306.65,1,8,4.689,1,8,302.864,1,8,36798.0,1,8,445.411,1,8,33315.072,1,8,119.395,1,8,-9900,?,9,-9900,?,9,11.67,E,8,4.16,E,8,59.0,E,8,822.9788000000001,E,8,999.0,E,8,0.54,E,8,-9900,?,9,-9900,?,9,0.0,E,8,-9900,?,9,-9900,?,9,0.0,0.0,E,8
08/29/2022,12:00,1150.409,1338.837,344.62,1,8,7.23,1,8,338.408,1,8,41354.4,1,8,686.893,1,8,37224.859,1,8,125.375,1,8,-9900,?,9,-9900,?,9,12.45,E,8,3.8,E,8,55.0,E,8,822.9788000000001,E,8,999.0,E,8,1.15,E,8,-9900,?,9,-9900,?,9,0.0,E,8,-9900,?,9,-9900,?,9,0.0,0.0,E,8
08/29/2022,13:00,1135.935,1338.837,354.19,1,8,7.968,1,8,347.431,1,8,42502.8,1,8,756.923,1,8,38217.372,1,8,130.359,1,8,-9900,?,9,-9900,?,9,13.01,E,8,3.54,E,8,52.0,E,8,822.9788000000001,E,8,999.0,E,8,1.26,E,8,-9900,?,9,-9900,?,9,0.0,E,8,-9900,?,9,-9900,?,9,0.0,0.0,E,8
08/29/2022,14:00,1038.77,1338.837,334.67,1,8,6.58,1,8,329.566,1,8,40160.4,1,8,625.112,1,8,36252.22,1,8,135.234,1,8,-9900,?,9,-9900,?,9,13.34,E,8,3.39,E,8,50.0,E,8,822.9788000000001,E,8,999.0,E,8,1.49,E,8,-9900,?,9,-9900,?,9,0.0,E,8,-9900,?,9,-9900,?,9,0.0,0.0,E,8
08/29/2022,15:00,865.562,1338.837,287.48,1,8,9.512,1,8,281.333,1,8,34497.6,1,8,903.657,1,8,30946.614,1,8,138.573,1,8,-9900,?,9,-9900,?,9,13.43,E,8,3.34,E,8,50.0,E,8,822.9788000000001,E,8,999.0,E,8,1.67,E,8,-9900,?,9,-9900,?,9,0.0,E,8,-9900,?,9,-9900,?,9,0.0,0.0,E,8
08/29/2022,16:00,628.202,1338.837,216.12,1,8,9.932,1,8,211.465,1,8,25934.4,1,8,943.521,1,8,23261.114,1,8,143.604,1,8,-9900,?,9,-9900,?,9,13.21,E,8,3.45,E,8,51.0,E,8,822.9788000000001,E,8,999.0,E,8,0.91,E,8,-9900,?,9,-9900,?,9,0.0,E,8,-9900,?,9,-9900,?,9,0.0,0.0,E,8
08/29/2022,17:00,343.204,1338.837,126.49,1,8,80.55,1,8,105.926,1,8,15178.8,1,8,7652.242,1,8,11651.809,1,8,132.068,1,8,-9900,?,9,-9900,?,9,12.65,E,8,3.71,E,8,54.0,E,8,822.9788000000001,E,8,999.0,E,8,1.5,E,8,-9900,?,9,-9900,?,9,0.0,E,8,-9900,?,9,-9900,?,9,0.0,0.0,E,8
08/29/2022,18:00,35.509,1338.837,30.97,1,8,0.0,1,8,30.97,1,8,3716.4,1,8,0.0,1,8,3406.7,1,8,480.64,1,8,-9900,?,9,-9900,?,9,11.81,E,8,4.1,E,8,59.0,E,8,822.9788000000001,E,8,999.0,E,8,1.57,E,8,-9900,?,9,-9900,?,9,0.0,E,8,-9900,?,9,-9900,?,9,0.0,0.0,E,8
08/29/2022,19:00,0.0,1338.837,0.0,1,8,0.0,1,8,0.0,1,8,0.0,1,8,0.0,1,8,0.0,1,8,-0.0,1,8,-9900,?,9,-9900,?,9,11.13,E,8,4.4,E,8,68.0,E,8,822.9788000000001,E,8,999.0,E,8,0.98,E,8,-9900,?,9,-9900,?,9,0.003,E,8,-9900,?,9,-9900,?,9,0.03,99.0,E,8
08/29/2022,20:00,0.0,1338.837,0.0,1,8,0.0,1,8,0.0,1,8,0.0,1,8,0.0,1,8,0.0,1,8,-0.0,1,8,-9900,?,9,-9900,?,9,10.44,E,8,4.71,E,8,77.0,E,8,822.9788000000001,E,8,999.0,E,8,1.32,E,8,-9900,?,9,-9900,?,9,0.189,E,8,-9900,?,9,-9900,?,9,1.89,99.0,E,8
08/29/2022,21:00,0.0,1338.837,0.0,1,8,0.0,1,8,0.0,1,8,0.0,1,8,0.0,1,8,0.0,1,8,-0.0,1,8,-9900,?,9,-9900,?,9,9.76,E,8,5.0,E,8,77.0,E,8,822.9788000000001,E,8,999.0,E,8,0.77,E,8,-9900,?,9,-9900,?,9,0.001,E,8,-9900,?,9,-9900,?,9,0.01,99.0,E,8
08/29/2022,22:00,0.0,1338.837,0.0,1,8,0.0,1,8,0.0,1,8,0.0,1,8,0.0,1,8,0.0,1,8,-0.0,1,8,-9900,?,9,-9900,?,9,9.07,E,8,5.3,E,8,82.0,E,8,822.9788000000001,E,8,999.0,E,8,0.54,E,8,-9900,?,9,-9900,?,9,0.007000000000000001,E,8,-9900,?,9,-9900,?,9,0.07,99.0,E,8
08/29/2022,23:00,0.0,1338.837,0.0,1,8,0.0,1,8,0.0,1,8,0.0,1,8,0.0,1,8,0.0,1,8,-0.0,1,8,-9900,?,9,-9900,?,9,8.39,E,8,5.58,E,8,82.0,E,8,822.9788000000001,E,8,999.0,E,8,0.54,E,8,-9900,?,9,-9900,?,9,0.0,E,8,-9900,?,9,-9900,?,9,0.0,0.0,E,8
08/29/2022,24:00,0.0,1338.837,0.0,1,8,0.0,1,8,0.0,1,8,0.0,1,8,0.0,1,8,0.0,1,8,-0.0,1,8,-9900,?,9,-9900,?,9,7.7,E,8,1.84,E,8,66.0,E,8,822.9788000000001,E,8,999.0,E,8,0.25,E,8,-9900,?,9,-9900,?,9,0.0,E,8,-9900,?,9,-9900,?,9,0.0,0.0,E,8
08/30/2022,01:00,0.0,1338.837,0.0,1,8,0.0,1,8,0.0,1,8,0.0,1,8,0.0,1,8,0.0,1,8,-0.0,1,8,-9900,?,9,-9900,?,9,7.36,E,8,2.25,E,8,69.0,E,8,822.9788000000001,E,8,999.0,E,8,0.25,E,8,-9900,?,9,-9900,?,9,0.0,E,8,-9900,?,9,-9900,?,9,0.0,0.0,E,8
08/30/2022,02:00,0.0,1338.837,0.0,1,8,0.0,1,8,0.0,1,8,0.0,1,8,0.0,1,8,0.0,1,8,-0.0,1,8,-9900,?,9,-9900,?,9,7.02,E,8,2.64,E,8,73.0,E,8,822.9788000000001,E,8,999.0,E,8,0.25,E,8,-9900,?,9,-9900,?,9,0.0,E,8,-9900,?,9,-9900,?,9,0.0,0.0,E,8
08/30/2022,03:00,0.0,1338.837,0.0,1,8,0.0,1,8,0.0,1,8,0.0,1,8,0.0,1,8,0.0,1,8,-0.0,1,8,-9900,?,9,-9900,?,9,6.68,E,8,3.02,E,8,77.0,E,8,822.9788000000001,E,8,999.0,E,8,0.25,E,8,-9900,?,9,-9900,?,9,0.0,E,8,-9900,?,9,-9900,?,9,0.0,0.0,E,8
08/30/2022,04:00,0.0,1339.464,0.0,1,8,0.0,1,8,0.0,1,8,0.0,1,8,0.0,1,8,0.0,1,8,-0.0,1,8,-9900,?,9,-9900,?,9,6.34,E,8,3.4,E,8,81.0,E,8,822.9788000000001,E,8,999.0,E,8,0.25,E,8,-9900,?,9,-9900,?,9,0.0,E,8,-9900,?,9,-9900,?,9,0.0,0.0,E,8
08/30/2022,05:00,0.0,1339.464,0.0,1,8,0.0,1,8,0.0,1,8,0.0,1,8,0.0,1,8,0.0,1,8,-0.0,1,8,-9900,?,9,-9900,?,9,5.99,E,8,3.77,E,8,85.0,E,8,822.9788000000001,E,8,999.0,E,8,0.25,E,8,-9900,?,9,-9900,?,9,0.0,E,8,-9900,?,9,-9900,?,9,0.0,0.0,E,8
08/30/2022,06:00,0.0,1339.464,0.0,1,8,0.0,1,8,0.0,1,8,0.0,1,8,0.0,1,8,0.0,1,8,-0.0,1,8,-9900,?,9,-9900,?,9,5.73,E,8,4.05,E,8,88.0,E,8,822.9788000000001,E,8,999.0,E,8,0.25,E,8,-9900,?,9,-9900,?,9,0.0,E,8,-9900,?,9,-9900,?,9,0.0,0.0,E,8
08/30/2022,07:00,145.394,1339.464,0.0,1,8,0.0,1,8,0.0,1,8,0.0,1,8,0.0,1,8,0.0,1,8,0.0,1,8,-9900,?,9,-9900,?,9,5.5,E,8,4.29,E,8,91.0,E,8,822.9788000000001,E,8,999.0,E,8,0.25,E,8,-9900,?,9,-9900,?,9,0.0,E,8,-9900,?,9,-9900,?,9,0.0,0.0,E,8
08/30/2022,08:00,450.453,1339.464,115.47,1,8,4.947,1,8,113.81,1,8,13856.4,1,8,469.932,1,8,12519.128,1,8,107.969,1,8,-9900,?,9,-9900,?,9,5.28,E,8,4.51,E,8,94.0,E,8,822.9788000000001,E,8,999.0,E,8,0.25,E,8,-9900,?,9,-9900,?,9,0.0,E,8,-9900,?,9,-9900,?,9,0.0,0.0,E,8
08/30/2022,09:00,721.417,1339.464,288.56,1,8,62.353,1,8,255.002,1,8,34627.2,1,8,5923.504,1,8,28050.194,1,8,150.817,1,8,-9900,?,9,-9900,?,9,9.45,E,8,-0.37,E,8,50.0,E,8,822.9788000000001,E,8,999.0,E,8,0.25,E,8,-9900,?,9,-9900,?,9,0.0,E,8,-9900,?,9,-9900,?,9,0.0,0.0,E,8
08/30/2022,10:00,938.385,1339.464,440.02,1,8,61.371,1,8,397.039,1,8,52802.4,1,8,5830.246,1,8,43674.242,1,8,180.453,1,8,-9900,?,9,-9900,?,9,11.09,E,8,-2.56,E,8,37.0,E,8,822.9788000000001,E,8,999.0,E,8,0.45,E,8,-9900,?,9,-9900,?,9,0.0,E,8,-9900,?,9,-9900,?,9,0.0,0.0,E,8
08/30/2022,11:00,1086.386,1339.464,554.28,1,8,147.558,1,8,434.62,1,8,66513.6,1,8,14017.999,1,8,47808.198,1,8,170.598,1,8,-9900,?,9,-9900,?,9,12.49,E,8,-4.78,E,8,28.0,E,8,822.9788000000001,E,8,999.0,E,8,1.03,E,8,-9900,?,9,-9900,?,9,0.0,E,8,-9900,?,9,-9900,?,9,0.0,0.0,E,8
08/30/2022,12:00,1155.281,1339.464,622.39,1,8,174.274,1,8,472.095,1,8,74686.8,1,8,16555.992,1,8,51930.465,1,8,174.248,1,8,-9900,?,9,-9900,?,9,13.62,E,8,-6.9,E,8,21.0,E,8,822.9788000000001,E,8,999.0,E,8,1.4,E,8,-9900,?,9,-9900,?,9,0.0,E,8,-9900,?,9,-9900,?,9,0.0,0.0,E,8
08/30/2022,13:00,1140.359,1339.464,639.35,1,8,206.616,1,8,463.466,1,8,76722.0,1,8,19628.544,1,8,50981.252,1,8,173.303,1,8,-9900,?,9,-9900,?,9,14.43,E,8,-8.68,E,8,17.0,E,8,822.9788000000001,E,8,999.0,E,8,1.51,E,8,-9900,?,9,-9900,?,9,0.0,E,8,-9900,?,9,-9900,?,9,0.0,0.0,E,8
08/30/2022,14:00,1042.643,1339.464,603.95,1,8,228.536,1,8,426.091,1,8,72474.0,1,8,21710.926,1,8,46870.004,1,8,174.273,1,8,-9900,?,9,-9900,?,9,14.9,E,8,-9.84,E,8,15.0,E,8,822.9788000000001,E,8,999.0,E,8,2.44,E,8,-9900,?,9,-9900,?,9,0.0,E,8,-9900,?,9,-9900,?,9,0.0,0.0,E,8
08/30/2022,15:00,868.819,1339.464,518.75,1,8,278.16,1,8,338.399,1,8,62250.0,1,8,26425.227,1,8,37223.918,1,8,166.133,1,8,-9900,?,9,-9900,?,9,15.04,E,8,-10.21,E,8,14.0,E,8,822.9788000000001,E,8,999.0,E,8,3.22,E,8,-9900,?,9,-9900,?,9,0.0,E,8,-9900,?,9,-9900,?,9,0.0,0.0,E,8
08/30/2022,16:00,630.82,1339.464,390.09,1,8,410.762,1,8,196.84,1,8,46810.8,1,8,39022.371,1,8,21652.428,1,8,133.179,1,8,-9900,?,9,-9900,?,9,14.72,E,8,-9.39,E,8,16.0,E,8,822.9788000000001,E,8,999.0,E,8,1.92,E,8,-9900,?,9,-9900,?,9,0.0,E,8,-9900,?,9,-9900,?,9,0.0,0.0,E,8
08/30/2022,17:00,345.201,1339.464,228.58,1,8,568.973,1,8,82.537,1,8,27429.6,1,8,54052.476,1,8,9079.078,1,8,102.355,1,8,-9900,?,9,-9900,?,9,13.89,E,8,-7.47,E,8,20.0,E,8,822.9788000000001,E,8,999.0,E,8,1.53,E,8,-9900,?,9,-9900,?,9,0.0,E,8,-9900,?,9,-9900,?,9,0.0,0.0,E,8
08/30/2022,18:00,36.835,1339.464,56.41,1,8,0.0,1,8,56.41,1,8,6769.2,1,8,0.0,1,8,6205.1,1,8,831.88,1,8,-9900,?,9,-9900,?,9,12.67,E,8,-5.09,E,8,27.0,E,8,822.9788000000001,E,8,999.0,E,8,1.04,E,8,-9900,?,9,-9900,?,9,0.0,E,8,-9900,?,9,-9900,?,9,0.0,0.0,E,8
08/30/2022,19:00,0.0,1339.464,0.0,1,8,0.0,1,8,0.0,1,8,0.0,1,8,0.0,1,8,0.0,1,8,-0.0,1,8,-9900,?,9,-9900,?,9,11.75,E,8,-3.56,E,8,32.0,E,8,822.9788000000001,E,8,999.0,E,8,0.84,E,8,-9900,?,9,-9900,?,9,0.0,E,8,-9900,?,9,-9900,?,9,0.0,0.0,E,8
08/30/2022,20:00,0.0,1339.464,0.0,1,8,0.0,1,8,0.0,1,8,0.0,1,8,0.0,1,8,0.0,1,8,-0.0,1,8,-9900,?,9,-9900,?,9,10.84,E,8,-2.2,E,8,39.0,E,8,822.9788000000001,E,8,999.0,E,8,0.88,E,8,-9900,?,9,-9900,?,9,0.0,E,8,-9900,?,9,-9900,?,9,0.0,0.0,E,8
08/30/2022,21:00,0.0,1339.464,0.0,1,8,0.0,1,8,0.0,1,8,0.0,1,8,0.0,1,8,0.0,1,8,-0.0,1,8,-9900,?,9,-9900,?,9,9.92,E,8,-0.96,E,8,46.0,E,8,822.9788000000001,E,8,999.0,E,8,0.76,E,8,-9900,?,9,-9900,?,9,0.0,E,8,-9900,?,9,-9900,?,9,0.0,0.0,E,8
08/30/2022,22:00,0.0,1339.464,0.0,1,8,0.0,1,8,0.0,1,8,0.0,1,8,0.0,1,8,0.0,1,8,-0.0,1,8,-9900,?,9,-9900,?,9,9.01,E,8,0.18,E,8,53.0,E,8,822.9788000000001,E,8,999.0,E,8,0.38,E,8,-9900,?,9,-9900,?,9,0.0,E,8,-9900,?,9,-9900,?,9,0.0,0.0,E,8
08/30/2022,23:00,0.0,1339.464,0.0,1,8,0.0,1,8,0.0,1,8,0.0,1,8,0.0,1,8,0.0,1,8,-0.0,1,8,-9900,?,9,-9900,?,9,8.09,E,8,1.37,E,8,62.0,E,8,822.9788000000001,E,8,999.0,E,8,0.34,E,8,-9900,?,9,-9900,?,9,0.0,E,8,-9900,?,9,-9900,?,9,0.0,0.0,E,8
08/30/2022,24:00,0.0,1339.464,0.0,1,8,0.0,1,8,0.0,1,8,0.0,1,8,0.0,1,8,0.0,1,8,-0.0,1,8,-9900,?,9,-9900,?,9,7.18,E,8,4.89,E,8,85.0,E,8,822.9788000000001,E,8,999.0,E,8,6.2,E,8,-9900,?,9,-9900,?,9,0.0,E,8,-9900,?,9,-9900,?,9,0.0,0.0,E,8
08/31/2022,01:00,0.0,1339.464,0.0,1,8,0.0,1,8,0.0,1,8,0.0,1,8,0.0,1,8,0.0,1,8,-0.0,1,8,-9900,?,9,-9900,?,9,6.72,E,8,4.73,E,8,92.0,E,8,822.9788000000001,E,8,999.0,E,8,6.71,E,8,-9900,?,9,-9900,?,9,0.002,E,8,-9900,?,9,-9900,?,9,0.02,99.0,E,8
08/31/2022,02:00,0.0,1339.464,0.0,1,8,0.0,1,8,0.0,1,8,0.0,1,8,0.0,1,8,0.0,1,8,-0.0,1,8,-9900,?,9,-9900,?,9,6.26,E,8,4.57,E,8,93.0,E,8,822.9788000000001,E,8,999.0,E,8,7.03,E,8,-9900,?,9,-9900,?,9,0.013000000000000001,E,8,-9900,?,9,-9900,?,9,0.13,99.0,E,8
08/31/2022,03:00,0.0,1339.464,0.0,1,8,0.0,1,8,0.0,1,8,0.0,1,8,0.0,1,8,0.0,1,8,-0.0,1,8,-9900,?,9,-9900,?,9,5.8,E,8,4.41,E,8,95.0,E,8,822.9788000000001,E,8,999.0,E,8,7.4,E,8,-9900,?,9,-9900,?,9,0.001,E,8,-9900,?,9,-9900,?,9,0.01,99.0,E,8
08/31/2022,04:00,0.0,1340.101,0.0,1,8,0.0,1,8,0.0,1,8,0.0,1,8,0.0,1,8,0.0,1,8,-0.0,1,8,-9900,?,9,-9900,?,9,5.35,E,8,4.26,E,8,92.0,E,8,822.9788000000001,E,8,999.0,E,8,6.55,E,8,-9900,?,9,-9900,?,9,0.0,E,8,-9900,?,9,-9900,?,9,0.0,0.0,E,8
08/31/2022,05:00,0.0,1340.101,0.0,1,8,0.0,1,8,0.0,1,8,0.0,1,8,0.0,1,8,0.0,1,8,-0.0,1,8,-9900,?,9,-9900,?,9,4.89,E,8,4.09,E,8,94.0,E,8,822.9788000000001,E,8,999.0,E,8,7.83,E,8,-9900,?,9,-9900,?,9,0.0,E,8,-9900,?,9,-9900,?,9,0.0,0.0,E,8
08/31/2022,06:00,0.0,1340.101,0.0,1,8,0.0,1,8,0.0,1,8,0.0,1,8,0.0,1,8,0.0,1,8,-0.0,1,8,-9900,?,9,-9900,?,9,4.54,E,8,3.97,E,8,96.0,E,8,822.9788000000001,E,8,999.0,E,8,5.62,E,8,-9900,?,9,-9900,?,9,0.0,E,8,-9900,?,9,-9900,?,9,0.0,0.0,E,8
08/31/2022,07:00,150.206,1340.101,0.0,1,8,0.0,1,8,0.0,1,8,0.0,1,8,0.0,1,8,0.0,1,8,0.0,1,8,-9900,?,9,-9900,?,9,4.23,E,8,3.86,E,8,97.0,E,8,822.9788000000001,E,8,999.0,E,8,4.35,E,8,-9900,?,9,-9900,?,9,0.0,E,8,-9900,?,9,-9900,?,9,0.0,0.0,E,8
08/31/2022,08:00,455.653,1340.101,29.15,1,8,0.0,1,8,29.15,1,8,3498.0,1,8,0.0,1,8,3206.5,1,8,27.35,1,8,-9900,?,9,-9900,?,9,3.93,E,8,3.75,E,8,98.0,E,8,822.9788000000001,E,8,999.0,E,8,3.93,E,8,-9900,?,9,-9900,?,9,0.0,E,8,-9900,?,9,-9900,?,9,0.0,0.0,E,8
08/31/2022,09:00,726.784,1340.101,71.94,1,8,0.0,1,8,71.94,1,8,8632.8,1,8,0.0,1,8,7913.4,1,8,42.253,1,8,-9900,?,9,-9900,?,9,7.3,E,8,4.93,E,8,84.0,E,8,822.9788000000001,E,8,999.0,E,8,4.36,E,8,-9900,?,9,-9900,?,9,0.0,E,8,-9900,?,9,-9900,?,9,0.0,0.0,E,8
08/31/2022,10:00,943.748,1340.101,109.32,1,8,0.0,1,8,109.32,1,8,13118.4,1,8,0.0,1,8,12025.2,1,8,49.427,1,8,-9900,?,9,-9900,?,9,8.6,E,8,5.36,E,8,80.0,E,8,822.9788000000001,E,8,999.0,E,8,4.81,E,8,-9900,?,9,-9900,?,9,0.0,E,8,-9900,?,9,-9900,?,9,0.0,0.0,E,8
08/31/2022,11:00,1091.578,1340.101,118.06,1,8,0.419,1,8,117.719,1,8,14167.2,1,8,39.779,1,8,12949.088,1,8,46.009,1,8,-9900,?,9,-9900,?,9,9.4,E,8,5.62,E,8,77.0,E,8,822.9788000000001,E,8,999.0,E,8,5.07,E,8,-9900,?,9,-9900,?,9,0.0,E,8,-9900,?,9,-9900,?,9,0.0,0.0,E,8
08/31/2022,12:00,1160.147,1340.101,154.26,1,8,1.084,1,8,153.322,1,8,18511.2,1,8,102.995,1,8,16865.367,1,8,56.379,1,8,-9900,?,9,-9900,?,9,10.36,E,8,5.92,E,8,73.0,E,8,822.9788000000001,E,8,999.0,E,8,6.02,E,8,-9900,?,9,-9900,?,9,0.0,E,8,-9900,?,9,-9900,?,9,0.0,0.0,E,8
08/31/2022,13:00,1144.769,1340.101,158.39,1,8,1.144,1,8,157.413,1,8,19006.8,1,8,108.645,1,8,17315.448,1,8,58.662,1,8,-9900,?,9,-9900,?,9,11.04,E,8,6.14,E,8,71.0,E,8,822.9788000000001,E,8,999.0,E,8,5.68,E,8,-9900,?,9,-9900,?,9,0.0,E,8,-9900,?,9,-9900,?,9,0.0,0.0,E,8
08/31/2022,14:00,1046.495,1340.101,129.37,1,8,0.503,1,8,128.977,1,8,15524.4,1,8,47.758,1,8,14187.525,1,8,52.583,1,8,-9900,?,9,-9900,?,9,11.26,E,8,6.21,E,8,71.0,E,8,822.9788000000001,E,8,999.0,E,8,3.65,E,8,-9900,?,9,-9900,?,9,0.0,E,8,-9900,?,9,-9900,?,9,0.0,0.0,E,8
08/31/2022,15:00,872.053,1340.101,111.26,1,8,0.0,1,8,111.26,1,8,13351.2,1,8,0.0,1,8,12238.6,1,8,54.445,1,8,-9900,?,9,-9900,?,9,11.27,E,8,6.21,E,8,70.0,E,8,822.9788000000001,E,8,999.0,E,8,2.77,E,8,-9900,?,9,-9900,?,9,0.0,E,8,-9900,?,9,-9900,?,9,0.0,0.0,E,8
08/31/2022,16:00,633.415,1340.101,101.58,1,8,0.0,1,8,101.58,1,8,12189.6,1,8,0.0,1,8,11173.8,1,8,68.478,1,8,-9900,?,9,-9900,?,9,11.16,E,8,6.17,E,8,71.0,E,8,822.9788000000001,E,8,999.0,E,8,3.01,E,8,-9900,?,9,-9900,?,9,0.0,E,8,-9900,?,9,-9900,?,9,0.0,0.0,E,8
08/31/2022,17:00,347.179,1340.101,56.68,1,8,0.0,1,8,56.68,1,8,6801.6,1,8,0.0,1,8,6234.8,1,8,69.919,1,8,-9900,?,9,-9900,?,9,10.56,E,8,5.99,E,8,73.0,E,8,822.9788000000001,E,8,999.0,E,8,3.81,E,8,-9900,?,9,-9900,?,9,0.0,E,8,-9900,?,9,-9900,?,9,0.0,0.0,E,8
08/31/2022,18:00,38.153,1340.101,34.472,1,8,0.0,1,8,34.472,1,8,4136.64,1,8,0.0,1,8,3791.92,1,8,484.489,1,8,-9900,?,9,-9900,?,9,9.73,E,8,5.718,E,8,75.8,E,8,822.9788000000001,E,8,999.0,E,8,3.056,E,8,-9900,?,9,-9900,?,9,0.0,E,8,-9900,?,9,-9900,?,9,0.0,0.0,E,8
08/31/2022,19:00,0.0,1340.101,14.156,1,8,0.0,1,8,0.0,1,8,1698.72,1,8,0.0,1,8,0.0,1,8,-0.0,1,8,-9900,?,9,-9900,?,9,9.028,E,8,5.492,E,8,79.2,E,8,822.9788000000001,E,8,999.0,E,8,3.424,E,8,-9900,?,9,-9900,?,9,0.0012000000000000001,E,8,-9900,?,9,-9900,?,9,0.012,99.0,E,8
08/31/2022,20:00,0.0,1340.101,2.82,1,8,0.0,1,8,0.0,1,8,338.4,1,8,0.0,1,8,0.0,1,8,-0.0,1,8,-9900,?,9,-9900,?,9,8.312,E,8,5.258,E,8,82.8,E,8,822.9788000000001,E,8,999.0,E,8,3.242,E,8,-9900,?,9,-9900,?,9,0.0018,E,8,-9900,?,9,-9900,?,9,0.018,99.0,E,8
08/31/2022,21:00,0.0,1340.101,0.0,1,8,0.0,1,8,0.0,1,8,0.0,1,8,0.0,1,8,0.0,1,8,-0.0,1,8,-9900,?,9,-9900,?,9,7.648,E,8,5.038,E,8,87.2,E,8,822.9788000000001,E,8,999.0,E,8,2.798,E,8,-9900,?,9,-9900,?,9,0.056799999999999996,E,8,-9900,?,9,-9900,?,9,0.568,99.0,E,8
08/31/2022,22:00,0.0,1340.101,0.0,1,8,0.0,1,8,0.0,1,8,0.0,1,8,0.0,1,8,0.0,1,8,-0.0,1,8,-9900,?,9,-9900,?,9,7.078,E,8,3.764,E,8,83.6,E,8,822.9788000000001,E,8,999.0,E,8,2.498,E,8,-9900,?,9,-9900,?,9,0.056799999999999996,E,8,-9900,?,9,-9900,?,9,0.568,99.0,E,8
08/31/2022,23:00,0.0,1340.101,0.0,1,8,0.0,1,8,0.0,1,8,0.0,1,8,0.0,1,8,0.0,1,8,-0.0,1,8,-9900,?,9,-9900,?,9,6.548,E,8,2.612,E,8,80.2,E,8,822.9788000000001,E,8,999.0,E,8,2.392,E,8,-9900,?,9,-9900,?,9,0.056799999999999996,E,8,-9900,?,9,-9900,?,9,0.568,99.0,E,8
08/31/2021,24:00,0.0,1340.101,0.0,1,8,0.0,1,8,0.0,1,8,0.0,1,8,0.0,1,8,0.0,1,8,-0.0,1,8,-9900,?,9,-9900,?,9,6.054,E,8,1.582,E,8,76.2,E,8,822.9788000000001,E,8,999.0,E,8,1.666,E,8,-9900,?,9,-9900,?,9,0.055600000000000004,E,8,-9900,?,9,-9900,?,9,0.556,99.0,E,8
09/01/2021,01:00,0.0,1340.101,0.0,1,8,0.0,1,8,0.0,1,8,0.0,1,8,0.0,1,8,0.0,1,8,-0.0,1,8,-9900,?,9,-9900,?,9,5.598,E,8,0.678,E,8,72.6,E,8,822.9788000000001,E,8,999.0,E,8,1.34,E,8,-9900,?,9,-9900,?,9,0.05500000000000001,E,8,-9900,?,9,-9900,?,9,0.55,99.0,E,8
09/01/2021,02:00,0.0,1340.101,0.0,1,8,0.0,1,8,0.0,1,8,0.0,1,8,0.0,1,8,0.0,1,8,-0.0,1,8,-9900,?,9,-9900,?,9,5.18,E,8,-0.098,E,8,68.4,E,8,822.9788000000001,E,8,999.0,E,8,1.318,E,8,-9900,?,9,-9900,?,9,0.0,E,8,-9900,?,9,-9900,?,9,0.0,0.0,E,8
09/01/2021,03:00,0.0,1340.101,0.0,1,8,0.0,1,8,0.0,1,8,0.0,1,8,0.0,1,8,0.0,1,8,-0.0,1,8,-9900,?,9,-9900,?,9,4.704,E,8,0.304,E,8,72.8,E,8,822.9788000000001,E,8,999.0,E,8,1.364,E,8,-9900,?,9,-9900,?,9,0.0,E,8,-9900,?,9,-9900,?,9,0.0,0.0,E,8
09/01/2021,04:00,0.0,1340.745,0.0,1,8,0.0,1,8,0.0,1,8,0.0,1,8,0.0,1,8,0.0,1,8,-0.0,1,8,-9900,?,9,-9900,?,9,4.248,E,8,0.688,E,8,77.2,E,8,822.9788000000001,E,8,999.0,E,8,1.432,E,8,-9900,?,9,-9900,?,9,0.0,E,8,-9900,?,9,-9900,?,9,0.0,0.0,E,8
09/01/2021,05:00,0.0,1340.745,0.0,1,8,0.0,1,8,0.0,1,8,0.0,1,8,0.0,1,8,0.0,1,8,-0.0,1,8,-9900,?,9,-9900,?,9,3.826,E,8,1.044,E,8,81.6,E,8,822.9788000000001,E,8,999.0,E,8,1.302,E,8,-9900,?,9,-9900,?,9,0.0,E,8,-9900,?,9,-9900,?,9,0.0,0.0,E,8
09/01/2021,06:00,0.0,1340.745,0.0,1,8,0.0,1,8,0.0,1,8,0.0,1,8,0.0,1,8,0.0,1,8,-0.0,1,8,-9900,?,9,-9900,?,9,3.38,E,8,1.42,E,8,86.0,E,8,822.9788000000001,E,8,999.0,E,8,1.84,E,8,-9900,?,9,-9900,?,9,0.0,E,8,-9900,?,9,-9900,?,9,0.0,0.0,E,8
09/01/2021,07:00,156.374,1340.745,0.0,1,8,0.0,1,8,0.0,1,8,0.0,1,8,0.0,1,8,0.0,1,8,0.0,1,8,-9900,?,9,-9900,?,9,3.07,E,8,1.67,E,8,90.0,E,8,822.9788000000001,E,8,999.0,E,8,0.57,E,8,-9900,?,9,-9900,?,9,0.0,E,8,-9900,?,9,-9900,?,9,0.0,0.0,E,8
09/01/2021,08:00,462.233,1340.745,165.12,1,8,70.477,1,8,140.875,1,8,19814.4,1,8,6695.285,1,8,15496.227,1,8,130.348,1,8,-9900,?,9,-9900,?,9,2.75,E,8,1.92,E,8,94.0,E,8,822.9788000000001,E,8,999.0,E,8,0.44,E,8,-9900,?,9,-9900,?,9,0.0,E,8,-9900,?,9,-9900,?,9,0.0,0.0,E,8
09/01/2021,09:00,733.497,1340.745,359.58,1,8,139.38,1,8,283.38,1,8,43149.6,1,8,13241.057,1,8,31171.832,1,8,164.993,1,8,-9900,?,9,-9900,?,9,8.1,E,8,-2.67,E,8,45.0,E,8,822.9788000000001,E,8,999.0,E,8,0.59,E,8,-9900,?,9,-9900,?,9,0.0,E,8,-9900,?,9,-9900,?,9,0.0,0.0,E,8
09/01/2021,10:00,950.378,1340.745,550.58,1,8,233.63,1,8,385.021,1,8,66069.6,1,8,22194.871,1,8,42352.295,1,8,172.946,1,8,-9900,?,9,-9900,?,9,10.06,E,8,-4.73,E,8,33.0,E,8,822.9788000000001,E,8,999.0,E,8,0.43,E,8,-9900,?,9,-9900,?,9,0.0,E,8,-9900,?,9,-9900,?,9,0.0,0.0,E,8
09/01/2021,11:00,1097.922,1340.745,697.82,1,8,327.594,1,8,429.595,1,8,83738.4,1,8,31121.432,1,8,47255.502,1,8,167.012,1,8,-9900,?,9,-9900,?,9,11.78,E,8,-6.86,E,8,24.0,E,8,822.9788000000001,E,8,999.0,E,8,1.07,E,8,-9900,?,9,-9900,?,9,0.0,E,8,-9900,?,9,-9900,?,9,0.0,0.0,E,8
09/01/2021,12:00,1166.021,1340.745,752.03,1,8,322.635,1,8,471.467,1,8,90243.6,1,8,30650.317,1,8,51861.358,1,8,172.577,1,8,-9900,?,9,-9900,?,9,13.04,E,8,-8.69,E,8,19.0,E,8,822.9788000000001,E,8,999.0,E,8,2.22,E,8,-9900,?,9,-9900,?,9,0.0,E,8,-9900,?,9,-9900,?,9,0.0,0.0,E,8
09/01/2021,13:00,1150.022,1340.745,698.99,1,8,257.04,1,8,478.537,1,8,83878.8,1,8,24418.834,1,8,52639.106,1,8,177.604,1,8,-9900,?,9,-9900,?,9,13.7,E,8,-9.77,E,8,16.0,E,8,822.9788000000001,E,8,999.0,E,8,3.79,E,8,-9900,?,9,-9900,?,9,0.0,E,8,-9900,?,9,-9900,?,9,0.0,0.0,E,8
09/01/2021,14:00,1051.019,1340.745,614.75,1,8,216.676,1,8,444.927,1,8,73770.0,1,8,20584.263,1,8,48941.983,1,8,180.698,1,8,-9900,?,9,-9900,?,9,13.93,E,8,-10.17,E,8,16.0,E,8,822.9788000000001,E,8,999.0,E,8,4.63,E,8,-9900,?,9,-9900,?,9,0.0,E,8,-9900,?,9,-9900,?,9,0.0,0.0,E,8
09/01/2021,15:00,875.791,1340.745,579.95,1,8,415.065,1,8,308.932,1,8,69594.0,1,8,39431.132,1,8,33982.491,1,8,150.602,1,8,-9900,?,9,-9900,?,9,14.01,E,8,-10.31,E,8,15.0,E,8,822.9788000000001,E,8,999.0,E,8,4.08,E,8,-9900,?,9,-9900,?,9,0.0,E,8,-9900,?,9,-9900,?,9,0.0,0.0,E,8
09/01/2021,16:00,636.362,1340.745,448.72,1,8,608.178,1,8,160.349,1,8,53846.4,1,8,57776.928,1,8,17638.34,1,8,107.645,1,8,-9900,?,9,-9900,?,9,13.61,E,8,-9.62,E,8,17.0,E,8,822.9788000000001,E,8,999.0,E,8,4.09,E,8,-9900,?,9,-9900,?,9,0.0,E,8,-9900,?,9,-9900,?,9,0.0,0.0,E,8
09/01/2021,17:00,349.382,1340.745,283.94,1,8,687.454,1,8,105.503,1,8,34072.8,1,8,65308.093,1,8,11605.277,1,8,129.381,1,8,-9900,?,9,-9900,?,9,12.72,E,8,-8.2,E,8,20.0,E,8,822.9788000000001,E,8,999.0,E,8,3.32,E,8,-9900,?,9,-9900,?,9,0.0,E,8,-9900,?,9,-9900,?,9,0.0,0.0,E,8
09/01/2021,18:00,39.598,1340.745,70.72,1,8,0.0,1,8,70.72,1,8,8486.4,1,8,0.0,1,8,7779.2,1,8,945.393,1,8,-9900,?,9,-9900,?,9,11.32,E,8,-6.26,E,8,26.0,E,8,822.9788000000001,E,8,999.0,E,8,1.54,E,8,-9900,?,9,-9900,?,9,0.0,E,8,-9900,?,9,-9900,?,9,0.0,0.0,E,8
09/01/2021,19:00,0.0,1340.745,0.0,1,8,0.0,1,8,0.0,1,8,0.0,1,8,0.0,1,8,0.0,1,8,-0.0,1,8,-9900,?,9,-9900,?,9,10.4,E,8,-5.13,E,8,31.0,E,8,822.9788000000001,E,8,999.0,E,8,0.74,E,8,-9900,?,9,-9900,?,9,0.0,E,8,-9900,?,9,-9900,?,9,0.0,0.0,E,8
09/01/2021,20:00,0.0,1340.745,0.0,1,8,0.0,1,8,0.0,1,8,0.0,1,8,0.0,1,8,0.0,1,8,-0.0,1,8,-9900,?,9,-9900,?,9,9.48,E,8,-4.09,E,8,36.0,E,8,822.9788000000001,E,8,999.0,E,8,0.43,E,8,-9900,?,9,-9900,?,9,0.0,E,8,-9900,?,9,-9900,?,9,0.0,0.0,E,8
09/01/2021,21:00,0.0,1340.745,0.0,1,8,0.0,1,8,0.0,1,8,0.0,1,8,0.0,1,8,0.0,1,8,-0.0,1,8,-9900,?,9,-9900,?,9,8.56,E,8,-3.13,E,8,42.0,E,8,822.9788000000001,E,8,999.0,E,8,0.43,E,8,-9900,?,9,-9900,?,9,0.0,E,8,-9900,?,9,-9900,?,9,0.0,0.0,E,8
09/01/2021,22:00,0.0,1340.745,0.0,1,8,0.0,1,8,0.0,1,8,0.0,1,8,0.0,1,8,0.0,1,8,-0.0,1,8,-9900,?,9,-9900,?,9,7.64,E,8,-2.23,E,8,48.0,E,8,822.9788000000001,E,8,999.0,E,8,0.43,E,8,-9900,?,9,-9900,?,9,0.0,E,8,-9900,?,9,-9900,?,9,0.0,0.0,E,8
09/01/2021,23:00,0.0,1340.745,0.0,1,8,0.0,1,8,0.0,1,8,0.0,1,8,0.0,1,8,0.0,1,8,-0.0,1,8,-9900,?,9,-9900,?,9,6.72,E,8,-1.4,E,8,55.0,E,8,822.9788000000001,E,8,999.0,E,8,0.43,E,8,-9900,?,9,-9900,?,9,0.0,E,8,-9900,?,9,-9900,?,9,0.0,0.0,E,8
09/01/2021,24:00,0.0,1340.745,0.0,1,8,0.0,1,8,0.0,1,8,0.0,1,8,0.0,1,8,0.0,1,8,-0.0,1,8,-9900,?,9,-9900,?,9,5.8,E,8,-1.27,E,8,59.0,E,8,822.9788000000001,E,8,999.0,E,8,0.23,E,8,-9900,?,9,-9900,?,9,0.0,E,8,-9900,?,9,-9900,?,9,0.0,0.0,E,8
09/02/2021,01:00,0.0,1340.745,0.0,1,8,0.0,1,8,0.0,1,8,0.0,1,8,0.0,1,8,0.0,1,8,-0.0,1,8,-9900,?,9,-9900,?,9,5.34,E,8,-0.81,E,8,63.0,E,8,822.9788000000001,E,8,999.0,E,8,0.23,E,8,-9900,?,9,-9900,?,9,0.0,E,8,-9900,?,9,-9900,?,9,0.0,0.0,E,8
09/02/2021,02:00,0.0,1340.745,0.0,1,8,0.0,1,8,0.0,1,8,0.0,1,8,0.0,1,8,0.0,1,8,-0.0,1,8,-9900,?,9,-9900,?,9,4.88,E,8,-0.36,E,8,68.0,E,8,822.9788000000001,E,8,999.0,E,8,0.23,E,8,-9900,?,9,-9900,?,9,0.0,E,8,-9900,?,9,-9900,?,9,0.0,0.0,E,8
09/02/2021,03:00,0.0,1340.745,0.0,1,8,0.0,1,8,0.0,1,8,0.0,1,8,0.0,1,8,0.0,1,8,-0.0,1,8,-9900,?,9,-9900,?,9,4.42,E,8,0.09,E,8,73.0,E,8,822.9788000000001,E,8,999.0,E,8,0.23,E,8,-9900,?,9,-9900,?,9,0.0,E,8,-9900,?,9,-9900,?,9,0.0,0.0,E,8
09/02/2021,04:00,0.0,1341.397,0.0,1,8,0.0,1,8,0.0,1,8,0.0,1,8,0.0,1,8,0.0,1,8,-0.0,1,8,-9900,?,9,-9900,?,9,3.97,E,8,0.56,E,8,78.0,E,8,822.9788000000001,E,8,999.0,E,8,0.23,E,8,-9900,?,9,-9900,?,9,0.0,E,8,-9900,?,9,-9900,?,9,0.0,0.0,E,8
09/02/2021,05:00,0.0,1341.397,0.0,1,8,0.0,1,8,0.0,1,8,0.0,1,8,0.0,1,8,0.0,1,8,-0.0,1,8,-9900,?,9,-9900,?,9,3.51,E,8,1.02,E,8,83.0,E,8,822.9788000000001,E,8,999.0,E,8,0.23,E,8,-9900,?,9,-9900,?,9,0.0,E,8,-9900,?,9,-9900,?,9,0.0,0.0,E,8
09/02/2021,06:00,0.0,1341.397,0.0,1,8,0.0,1,8,0.0,1,8,0.0,1,8,0.0,1,8,0.0,1,8,-0.0,1,8,-9900,?,9,-9900,?,9,3.15,E,8,1.38,E,8,88.0,E,8,822.9788000000001,E,8,999.0,E,8,0.23,E,8,-9900,?,9,-9900,?,9,0.0,E,8,-9900,?,9,-9900,?,9,0.0,0.0,E,8
09/02/2021,07:00,161.303,1341.397,0.0,1,8,0.0,1,8,0.0,1,8,0.0,1,8,0.0,1,8,0.0,1,8,0.0,1,8,-9900,?,9,-9900,?,9,2.85,E,8,1.66,E,8,91.0,E,8,822.9788000000001,E,8,999.0,E,8,0.3,E,8,-9900,?,9,-9900,?,9,0.0,E,8,-9900,?,9,-9900,?,9,0.0,0.0,E,8
09/02/2021,08:00,467.516,1341.397,97.81,1,8,0.0,1,8,97.81,1,8,11737.2,1,8,0.0,1,8,10759.1,1,8,89.517,1,8,-9900,?,9,-9900,?,9,2.54,E,8,1.95,E,8,95.0,E,8,822.9788000000001,E,8,999.0,E,8,0.26,E,8,-9900,?,9,-9900,?,9,0.0,E,8,-9900,?,9,-9900,?,9,0.0,0.0,E,8
09/02/2021,09:00,738.918,1341.397,234.63,1,8,5.699,1,8,231.493,1,8,28155.6,1,8,541.42,1,8,25464.196,1,8,133.857,1,8,-9900,?,9,-9900,?,9,6.71,E,8,-2.25,E,8,51.0,E,8,822.9788000000001,E,8,999.0,E,8,0.36,E,8,-9900,?,9,-9900,?,9,0.0,E,8,-9900,?,9,-9900,?,9,0.0,0.0,E,8
09/02/2021,10:00,955.767,1341.397,353.82,1,8,5.429,1,8,349.953,1,8,42458.4,1,8,515.75,1,8,38494.817,1,8,156.383,1,8,-9900,?,9,-9900,?,9,8.27,E,8,-4.12,E,8,39.0,E,8,822.9788000000001,E,8,999.0,E,8,0.76,E,8,-9900,?,9,-9900,?,9,0.0,E,8,-9900,?,9,-9900,?,9,0.0,0.0,E,8
09/02/2021,11:00,1103.112,1341.397,443.44,1,8,56.019,1,8,397.378,1,8,53212.8,1,8,5321.841,1,8,43711.617,1,8,153.834,1,8,-9900,?,9,-9900,?,9,9.62,E,8,-5.99,E,8,30.0,E,8,822.9788000000001,E,8,999.0,E,8,1.03,E,8,-9900,?,9,-9900,?,9,0.0,E,8,-9900,?,9,-9900,?,9,0.0,0.0,E,8
09/02/2021,12:00,1170.863,1341.397,496.52,1,8,65.526,1,8,439.329,1,8,59582.4,1,8,6225.005,1,8,48326.227,1,8,160.225,1,8,-9900,?,9,-9900,?,9,10.69,E,8,-7.7,E,8,24.0,E,8,822.9788000000001,E,8,999.0,E,8,1.53,E,8,-9900,?,9,-9900,?,9,0.0,E,8,-9900,?,9,-9900,?,9,0.0,0.0,E,8
09/02/2021,13:00,1154.389,1341.397,509.19,1,8,77.694,1,8,442.334,1,8,61102.8,1,8,7380.931,1,8,48656.784,1,8,163.625,1,8,-9900,?,9,-9900,?,9,11.46,E,8,-9.09,E,8,20.0,E,8,822.9788000000001,E,8,999.0,E,8,1.91,E,8,-9900,?,9,-9900,?,9,0.0,E,8,-9900,?,9,-9900,?,9,0.0,0.0,E,8
09/02/2021,14:00,1054.818,1341.397,480.53,1,8,96.079,1,8,404.991,1,8,57663.6,1,8,9127.5,1,8,44549.036,1,8,163.966,1,8,-9900,?,9,-9900,?,9,11.91,E,8,-9.98,E,8,18.0,E,8,822.9788000000001,E,8,999.0,E,8,1.35,E,8,-9900,?,9,-9900,?,9,0.0,E,8,-9900,?,9,-9900,?,9,0.0,0.0,E,8
09/02/2021,15:00,878.967,1341.397,412.61,1,8,86.644,1,8,355.858,1,8,49513.2,1,8,8231.139,1,8,39144.364,1,8,172.934,1,8,-9900,?,9,-9900,?,9,12.03,E,8,-10.23,E,8,18.0,E,8,822.9788000000001,E,8,999.0,E,8,1.15,E,8,-9900,?,9,-9900,?,9,0.0,E,8,-9900,?,9,-9900,?,9,0.0,0.0,E,8
09/02/2021,16:00,638.904,1341.397,310.48,1,8,149.617,1,8,239.289,1,8,37257.6,1,8,14213.602,1,8,26321.777,1,8,160.076,1,8,-9900,?,9,-9900,?,9,11.71,E,8,-9.58,E,8,19.0,E,8,822.9788000000001,E,8,999.0,E,8,1.57,E,8,-9900,?,9,-9900,?,9,0.0,E,8,-9900,?,9,-9900,?,9,0.0,0.0,E,8
09/02/2021,17:00,351.318,1341.397,182.55,1,8,337.653,1,8,94.461,1,8,21906.0,1,8,32077.036,1,8,10390.749,1,8,115.254,1,8,-9900,?,9,-9900,?,9,10.9,E,8,-8.06,E,8,23.0,E,8,822.9788000000001,E,8,999.0,E,8,1.05,E,8,-9900,?,9,-9900,?,9,0.0,E,8,-9900,?,9,-9900,?,9,0.0,0.0,E,8
09/02/2021,18:00,40.9,1341.397,46.11,1,8,0.0,1,8,46.11,1,8,5533.2,1,8,0.0,1,8,5072.1,1,8,590.541,1,8,-9900,?,9,-9900,?,9,9.72,E,8,-6.14,E,8,30.0,E,8,822.9788000000001,E,8,999.0,E,8,0.72,E,8,-9900,?,9,-9900,?,9,0.0,E,8,-9900,?,9,-9900,?,9,0.0,0.0,E,8
09/02/2021,19:00,0.0,1341.397,0.0,1,8,0.0,1,8,0.0,1,8,0.0,1,8,0.0,1,8,0.0,1,8,-0.0,1,8,-9900,?,9,-9900,?,9,9.4,E,8,-5.66,E,8,32.0,E,8,822.9788000000001,E,8,999.0,E,8,0.29,E,8,-9900,?,9,-9900,?,9,0.0,E,8,-9900,?,9,-9900,?,9,0.0,0.0,E,8
09/02/2021,20:00,0.0,1341.397,0.0,1,8,0.0,1,8,0.0,1,8,0.0,1,8,0.0,1,8,0.0,1,8,-0.0,1,8,-9900,?,9,-9900,?,9,9.08,E,8,-5.21,E,8,34.0,E,8,822.9788000000001,E,8,999.0,E,8,0.23,E,8,-9900,?,9,-9900,?,9,0.0,E,8,-9900,?,9,-9900,?,9,0.0,0.0,E,8
09/02/2021,21:00,0.0,1341.397,0.0,1,8,0.0,1,8,0.0,1,8,0.0,1,8,0.0,1,8,0.0,1,8,-0.0,1,8,-9900,?,9,-9900,?,9,8.76,E,8,-4.76,E,8,36.0,E,8,822.9788000000001,E,8,999.0,E,8,0.23,E,8,-9900,?,9,-9900,?,9,0.0,E,8,-9900,?,9,-9900,?,9,0.0,0.0,E,8
09/02/2021,22:00,0.0,1341.397,0.0,1,8,0.0,1,8,0.0,1,8,0.0,1,8,0.0,1,8,0.0,1,8,-0.0,1,8,-9900,?,9,-9900,?,9,8.45,E,8,-4.35,E,8,38.0,E,8,822.9788000000001,E,8,999.0,E,8,0.23,E,8,-9900,?,9,-9900,?,9,0.0,E,8,-9900,?,9,-9900,?,9,0.0,0.0,E,8
09/02/2021,23:00,0.0,1341.397,0.0,1,8,0.0,1,8,0.0,1,8,0.0,1,8,0.0,1,8,0.0,1,8,-0.0,1,8,-9900,?,9,-9900,?,9,8.13,E,8,-3.94,E,8,40.0,E,8,822.9788000000001,E,8,999.0,E,8,0.23,E,8,-9900,?,9,-9900,?,9,0.0,E,8,-9900,?,9,-9900,?,9,0.0,0.0,E,8
09/02/2021,24:00,0.0,1341.397,0.0,1,8,0.0,1,8,0.0,1,8,0.0,1,8,0.0,1,8,0.0,1,8,-0.0,1,8,-9900,?,9,-9900,?,9,7.81,E,8,6.94,E,8,91.0,E,8,822.9788000000001,E,8,999.0,E,8,0.39,E,8,-9900,?,9,-9900,?,9,0.0,E,8,-9900,?,9,-9900,?,9,0.0,0.0,E,8
09/03/2021,01:00,0.0,1341.397,0.0,1,8,0.0,1,8,0.0,1,8,0.0,1,8,0.0,1,8,0.0,1,8,-0.0,1,8,-9900,?,9,-9900,?,9,7.65,E,8,6.9,E,8,96.0,E,8,822.9788000000001,E,8,999.0,E,8,0.39,E,8,-9900,?,9,-9900,?,9,0.026000000000000002,E,8,-9900,?,9,-9900,?,9,0.26,99.0,E,8
09/03/2021,02:00,0.0,1341.397,0.0,1,8,0.0,1,8,0.0,1,8,0.0,1,8,0.0,1,8,0.0,1,8,-0.0,1,8,-9900,?,9,-9900,?,9,7.49,E,8,6.86,E,8,96.0,E,8,822.9788000000001,E,8,999.0,E,8,0.39,E,8,-9900,?,9,-9900,?,9,0.001,E,8,-9900,?,9,-9900,?,9,0.01,99.0,E,8
09/03/2021,03:00,0.0,1341.397,0.0,1,8,0.0,1,8,0.0,1,8,0.0,1,8,0.0,1,8,0.0,1,8,-0.0,1,8,-9900,?,9,-9900,?,9,7.33,E,8,6.83,E,8,93.0,E,8,822.9788000000001,E,8,999.0,E,8,0.39,E,8,-9900,?,9,-9900,?,9,0.0,E,8,-9900,?,9,-9900,?,9,0.0,0.0,E,8
09/03/2021,04:00,0.0,1342.057,0.0,1,8,0.0,1,8,0.0,1,8,0.0,1,8,0.0,1,8,0.0,1,8,-0.0,1,8,-9900,?,9,-9900,?,9,7.17,E,8,6.79,E,8,93.0,E,8,822.9788000000001,E,8,999.0,E,8,0.41,E,8,-9900,?,9,-9900,?,9,0.0,E,8,-9900,?,9,-9900,?,9,0.0,0.0,E,8
09/03/2021,05:00,0.0,1342.057,0.0,1,8,0.0,1,8,0.0,1,8,0.0,1,8,0.0,1,8,0.0,1,8,-0.0,1,8,-9900,?,9,-9900,?,9,7.01,E,8,6.75,E,8,98.0,E,8,822.9788000000001,E,8,999.0,E,8,0.39,E,8,-9900,?,9,-9900,?,9,0.001,E,8,-9900,?,9,-9900,?,9,0.01,99.0,E,8
09/03/2021,06:00,0.0,1342.057,0.0,1,8,0.0,1,8,0.0,1,8,0.0,1,8,0.0,1,8,0.0,1,8,-0.0,1,8,-9900,?,9,-9900,?,9,6.89,E,8,6.72,E,8,99.0,E,8,822.9788000000001,E,8,999.0,E,8,0.39,E,8,-9900,?,9,-9900,?,9,0.005,E,8,-9900,?,9,-9900,?,9,0.05,99.0,E,8
09/03/2021,07:00,166.28,1342.057,0.05,1,8,0.0,1,8,0.05,1,8,6.0,1,8,0.0,1,8,5.5,1,8,0.131,1,8,-9900,?,9,-9900,?,9,6.78,E,8,6.7,E,8,99.0,E,8,822.9788000000001,E,8,999.0,E,8,0.39,E,8,-9900,?,9,-9900,?,9,0.008,E,8,-9900,?,9,-9900,?,9,0.08,99.0,E,8
09/03/2021,08:00,472.832,1342.057,35.95,1,8,0.0,1,8,35.95,1,8,4314.0,1,8,0.0,1,8,3954.5,1,8,32.546,1,8,-9900,?,9,-9900,?,9,6.68,E,8,6.67,E,8,96.0,E,8,822.9788000000001,E,8,999.0,E,8,0.39,E,8,-9900,?,9,-9900,?,9,0.0,E,8,-9900,?,9,-9900,?,9,0.0,0.0,E,8
09/03/2021,09:00,744.36,1342.057,85.22,1,8,0.0,1,8,85.22,1,8,10226.4,1,8,0.0,1,8,9374.2,1,8,48.94,1,8,-9900,?,9,-9900,?,9,9.6,E,8,7.35,E,8,83.0,E,8,822.9788000000001,E,8,999.0,E,8,0.46,E,8,-9900,?,9,-9900,?,9,0.0,E,8,-9900,?,9,-9900,?,9,0.0,0.0,E,8
09/03/2021,10:00,961.163,1342.057,113.07,1,8,0.013,1,8,113.061,1,8,13568.4,1,8,1.21,1,8,12436.696,1,8,50.264,1,8,-9900,?,9,-9900,?,9,10.44,E,8,7.54,E,8,80.0,E,8,822.9788000000001,E,8,999.0,E,8,0.39,E,8,-9900,?,9,-9900,?,9,0.0,E,8,-9900,?,9,-9900,?,9,0.0,0.0,E,8
09/03/2021,11:00,1108.299,1342.057,172.69,1,8,2.243,1,8,170.838,1,8,20722.8,1,8,213.095,1,8,18792.164,1,8,65.858,1,8,-9900,?,9,-9900,?,9,11.58,E,8,7.79,E,8,76.0,E,8,822.9788000000001,E,8,999.0,E,8,0.39,E,8,-9900,?,9,-9900,?,9,0.0,E,8,-9900,?,9,-9900,?,9,0.0,0.0,E,8
09/03/2021,12:00,1175.692,1342.057,191.65,1,8,2.748,1,8,189.243,1,8,22998.0,1,8,261.063,1,8,20816.712,1,8,68.768,1,8,-9900,?,9,-9900,?,9,12.45,E,8,7.98,E,8,73.0,E,8,822.9788000000001,E,8,999.0,E,8,0.87,E,8,-9900,?,9,-9900,?,9,0.0,E,8,-9900,?,9,-9900,?,9,0.0,0.0,E,8
09/03/2021,13:00,1158.736,1342.057,217.81,1,8,3.117,1,8,215.119,1,8,26137.2,1,8,296.126,1,8,23663.083,1,8,79.316,1,8,-9900,?,9,-9900,?,9,13.23,E,8,8.15,E,8,71.0,E,8,822.9788000000001,E,8,999.0,E,8,0.4,E,8,-9900,?,9,-9900,?,9,0.0,E,8,-9900,?,9,-9900,?,9,0.0,0.0,E,8
09/03/2021,14:00,1058.594,1342.057,168.89,1,8,2.059,1,8,167.266,1,8,20266.8,1,8,195.598,1,8,18399.286,1,8,67.511,1,8,-9900,?,9,-9900,?,9,13.46,E,8,8.2,E,8,70.0,E,8,822.9788000000001,E,8,999.0,E,8,0.42,E,8,-9900,?,9,-9900,?,9,0.0,E,8,-9900,?,9,-9900,?,9,0.0,0.0,E,8
09/03/2021,15:00,882.119,1342.057,142.13,1,8,0.537,1,8,141.777,1,8,17055.6,1,8,51.05,1,8,15595.462,1,8,68.686,1,8,-9900,?,9,-9900,?,9,13.47,E,8,8.2,E,8,70.0,E,8,822.9788000000001,E,8,999.0,E,8,0.88,E,8,-9900,?,9,-9900,?,9,0.0,E,8,-9900,?,9,-9900,?,9,0.0,0.0,E,8
09/03/2021,16:00,641.423,1342.057,117.59,1,8,0.0,1,8,117.59,1,8,14110.8,1,8,0.0,1,8,12934.9,1,8,78.393,1,8,-9900,?,9,-9900,?,9,13.26,E,8,8.15,E,8,71.0,E,8,822.9788000000001,E,8,999.0,E,8,1.54,E,8,-9900,?,9,-9900,?,9,0.0,E,8,-9900,?,9,-9900,?,9,0.0,0.0,E,8
09/03/2021,17:00,353.238,1342.057,73.37,1,8,0.0,1,8,73.37,1,8,8804.4,1,8,0.0,1,8,8070.7,1,8,89.074,1,8,-9900,?,9,-9900,?,9,12.72,E,8,8.04,E,8,72.0,E,8,822.9788000000001,E,8,999.0,E,8,2.08,E,8,-9900,?,9,-9900,?,9,0.0,E,8,-9900,?,9,-9900,?,9,0.0,0.0,E,8
09/03/2021,18:00,42.197,1342.057,16.78,1,8,0.0,1,8,16.78,1,8,2013.6,1,8,0.0,1,8,1845.8,1,8,206.31,1,8,-9900,?,9,-9900,?,9,11.87,E,8,7.85,E,8,75.0,E,8,822.9788000000001,E,8,999.0,E,8,0.97,E,8,-9900,?,9,-9900,?,9,0.0,E,8,-9900,?,9,-9900,?,9,0.0,0.0,E,8
09/03/2021,19:00,0.0,1342.057,0.0,1,8,0.0,1,8,0.0,1,8,0.0,1,8,0.0,1,8,0.0,1,8,-0.0,1,8,-9900,?,9,-9900,?,9,11.54,E,8,7.78,E,8,81.0,E,8,822.9788000000001,E,8,999.0,E,8,0.6,E,8,-9900,?,9,-9900,?,9,0.002,E,8,-9900,?,9,-9900,?,9,0.02,99.0,E,8
09/03/2021,20:00,0.0,1342.057,0.0,1,8,0.0,1,8,0.0,1,8,0.0,1,8,0.0,1,8,0.0,1,8,-0.0,1,8,-9900,?,9,-9900,?,9,11.21,E,8,7.71,E,8,77.0,E,8,822.9788000000001,E,8,999.0,E,8,0.41,E,8,-9900,?,9,-9900,?,9,0.0,E,8,-9900,?,9,-9900,?,9,0.0,0.0,E,8
09/03/2021,21:00,0.0,1342.057,0.0,1,8,0.0,1,8,0.0,1,8,0.0,1,8,0.0,1,8,0.0,1,8,-0.0,1,8,-9900,?,9,-9900,?,9,10.89,E,8,7.64,E,8,87.0,E,8,822.9788000000001,E,8,999.0,E,8,0.54,E,8,-9900,?,9,-9900,?,9,0.43899999999999995,E,8,-9900,?,9,-9900,?,9,4.39,99.0,E,8
09/03/2021,22:00,0.0,1342.057,0.0,1,8,0.0,1,8,0.0,1,8,0.0,1,8,0.0,1,8,0.0,1,8,-0.0,1,8,-9900,?,9,-9900,?,9,10.56,E,8,7.56,E,8,84.0,E,8,822.9788000000001,E,8,999.0,E,8,0.6,E,8,-9900,?,9,-9900,?,9,0.014000000000000002,E,8,-9900,?,9,-9900,?,9,0.14,99.0,E,8
09/03/2021,23:00,0.0,1342.057,0.0,1,8,0.0,1,8,0.0,1,8,0.0,1,8,0.0,1,8,0.0,1,8,-0.0,1,8,-9900,?,9,-9900,?,9,10.23,E,8,7.49,E,8,85.0,E,8,822.9788000000001,E,8,999.0,E,8,0.68,E,8,-9900,?,9,-9900,?,9,0.003,E,8,-9900,?,9,-9900,?,9,0.03,99.0,E,8
09/03/2021,24:00,0.0,1342.057,0.0,1,8,0.0,1,8,0.0,1,8,0.0,1,8,0.0,1,8,0.0,1,8,-0.0,1,8,-9900,?,9,-9900,?,9,9.9,E,8,6.17,E,8,77.0,E,8,822.9788000000001,E,8,999.0,E,8,0.15,E,8,-9900,?,9,-9900,?,9,0.0,E,8,-9900,?,9,-9900,?,9,0.0,0.0,E,8
09/04/2021,01:00,0.0,1342.057,0.0,1,8,0.0,1,8,0.0,1,8,0.0,1,8,0.0,1,8,0.0,1,8,-0.0,1,8,-9900,?,9,-9900,?,9,9.74,E,8,6.35,E,8,79.0,E,8,822.9788000000001,E,8,999.0,E,8,0.15,E,8,-9900,?,9,-9900,?,9,0.0,E,8,-9900,?,9,-9900,?,9,0.0,0.0,E,8
09/04/2021,02:00,0.0,1342.057,0.0,1,8,0.0,1,8,0.0,1,8,0.0,1,8,0.0,1,8,0.0,1,8,-0.0,1,8,-9900,?,9,-9900,?,9,9.57,E,8,6.54,E,8,81.0,E,8,822.9788000000001,E,8,999.0,E,8,0.15,E,8,-9900,?,9,-9900,?,9,0.0,E,8,-9900,?,9,-9900,?,9,0.0,0.0,E,8
09/04/2021,03:00,0.0,1342.057,0.0,1,8,0.0,1,8,0.0,1,8,0.0,1,8,0.0,1,8,0.0,1,8,-0.0,1,8,-9900,?,9,-9900,?,9,9.41,E,8,6.71,E,8,83.0,E,8,822.9788000000001,E,8,999.0,E,8,0.15,E,8,-9900,?,9,-9900,?,9,0.0,E,8,-9900,?,9,-9900,?,9,0.0,0.0,E,8
09/04/2021,04:00,0.0,1342.724,0.0,1,8,0.0,1,8,0.0,1,8,0.0,1,8,0.0,1,8,0.0,1,8,-0.0,1,8,-9900,?,9,-9900,?,9,9.25,E,8,6.88,E,8,85.0,E,8,822.9788000000001,E,8,999.0,E,8,0.15,E,8,-9900,?,9,-9900,?,9,0.0,E,8,-9900,?,9,-9900,?,9,0.0,0.0,E,8
09/04/2021,05:00,0.0,1342.724,0.0,1,8,0.0,1,8,0.0,1,8,0.0,1,8,0.0,1,8,0.0,1,8,-0.0,1,8,-9900,?,9,-9900,?,9,9.08,E,8,7.06,E,8,87.0,E,8,822.9788000000001,E,8,999.0,E,8,0.15,E,8,-9900,?,9,-9900,?,9,0.0,E,8,-9900,?,9,-9900,?,9,0.0,0.0,E,8
09/04/2021,06:00,0.0,1342.724,0.0,1,8,0.0,1,8,0.0,1,8,0.0,1,8,0.0,1,8,0.0,1,8,-0.0,1,8,-9900,?,9,-9900,?,9,8.95,E,8,7.2,E,8,88.0,E,8,822.9788000000001,E,8,999.0,E,8,0.15,E,8,-9900,?,9,-9900,?,9,0.0,E,8,-9900,?,9,-9900,?,9,0.0,0.0,E,8
09/04/2021,07:00,171.301,1342.724,0.25,1,8,0.0,1,8,0.25,1,8,30.0,1,8,0.0,1,8,27.5,1,8,0.634,1,8,-9900,?,9,-9900,?,9,8.85,E,8,7.3,E,8,90.0,E,8,822.9788000000001,E,8,999.0,E,8,0.15,E,8,-9900,?,9,-9900,?,9,0.0,E,8,-9900,?,9,-9900,?,9,0.0,0.0,E,8
09/04/2021,08:00,478.178,1342.724,96.27,1,8,0.0,1,8,96.27,1,8,11552.4,1,8,0.0,1,8,10589.7,1,8,86.22,1,8,-9900,?,9,-9900,?,9,8.74,E,8,7.42,E,8,91.0,E,8,822.9788000000001,E,8,999.0,E,8,0.15,E,8,-9900,?,9,-9900,?,9,0.0,E,8,-9900,?,9,-9900,?,9,0.0,0.0,E,8
09/04/2021,09:00,749.819,1342.724,225.53,1,8,5.035,1,8,222.72,1,8,27063.6,1,8,478.323,1,8,24499.214,1,8,127.034,1,8,-9900,?,9,-9900,?,9,11.92,E,8,3.74,E,8,57.0,E,8,822.9788000000001,E,8,999.0,E,8,0.15,E,8,-9900,?,9,-9900,?,9,0.0,E,8,-9900,?,9,-9900,?,9,0.0,0.0,E,8
09/04/2021,10:00,966.564,1342.724,337.83,1,8,10.864,1,8,330.012,1,8,40539.6,1,8,1032.08,1,8,36301.281,1,8,145.967,1,8,-9900,?,9,-9900,?,9,13.08,E,8,2.15,E,8,47.0,E,8,822.9788000000001,E,8,999.0,E,8,0.3,E,8,-9900,?,9,-9900,?,9,0.0,E,8,-9900,?,9,-9900,?,9,0.0,0.0,E,8
09/04/2021,11:00,1113.48,1342.724,422.1,1,8,11.052,1,8,412.936,1,8,50652.0,1,8,1049.964,1,8,45422.952,1,8,158.524,1,8,-9900,?,9,-9900,?,9,14.08,E,8,0.63,E,8,39.0,E,8,822.9788000000001,E,8,999.0,E,8,0.89,E,8,-9900,?,9,-9900,?,9,0.0,E,8,-9900,?,9,-9900,?,9,0.0,0.0,E,8
09/04/2021,12:00,1180.506,1342.724,471.82,1,8,12.84,1,8,460.532,1,8,56618.4,1,8,1219.812,1,8,50658.531,1,8,166.75,1,8,-9900,?,9,-9900,?,9,14.88,E,8,-0.61,E,8,34.0,E,8,822.9788000000001,E,8,999.0,E,8,1.36,E,8,-9900,?,9,-9900,?,9,0.0,E,8,-9900,?,9,-9900,?,9,0.0,0.0,E,8
09/04/2021,13:00,1163.062,1342.724,483.35,1,8,60.992,1,8,430.524,1,8,58002.0,1,8,5794.258,1,8,47357.639,1,8,158.225,1,8,-9900,?,9,-9900,?,9,15.45,E,8,-1.52,E,8,30.0,E,8,822.9788000000001,E,8,999.0,E,8,2.01,E,8,-9900,?,9,-9900,?,9,0.0,E,8,-9900,?,9,-9900,?,9,0.0,0.0,E,8
09/04/2021,14:00,1062.343,1342.724,455.87,1,8,75.149,1,8,396.424,1,8,54704.4,1,8,7139.132,1,8,43606.626,1,8,159.517,1,8,-9900,?,9,-9900,?,9,15.78,E,8,-2.07,E,8,28.0,E,8,822.9788000000001,E,8,999.0,E,8,2.06,E,8,-9900,?,9,-9900,?,9,0.0,E,8,-9900,?,9,-9900,?,9,0.0,0.0,E,8
09/04/2021,15:00,885.245,1342.724,391.36,1,8,67.808,1,8,346.672,1,8,46963.2,1,8,6441.734,1,8,38133.931,1,8,167.44,1,8,-9900,?,9,-9900,?,9,15.86,E,8,-2.21,E,8,28.0,E,8,822.9788000000001,E,8,999.0,E,8,1.83,E,8,-9900,?,9,-9900,?,9,0.0,E,8,-9900,?,9,-9900,?,9,0.0,0.0,E,8
09/04/2021,16:00,643.92,1342.724,294.61,1,8,81.133,1,8,255.74,1,8,35353.2,1,8,7707.662,1,8,28131.357,1,8,169.914,1,8,-9900,?,9,-9900,?,9,15.62,E,8,-1.8,E,8,29.0,E,8,822.9788000000001,E,8,999.0,E,8,2.31,E,8,-9900,?,9,-9900,?,9,0.0,E,8,-9900,?,9,-9900,?,9,0.0,0.0,E,8
09/04/2021,17:00,355.141,1342.724,173.57,1,8,274.747,1,8,101.179,1,8,20828.4,1,8,26100.947,1,8,11129.644,1,8,122.232,1,8,-9900,?,9,-9900,?,9,15.01,E,8,-0.81,E,8,33.0,E,8,822.9788000000001,E,8,999.0,E,8,1.16,E,8,-9900,?,9,-9900,?,9,0.0,E,8,-9900,?,9,-9900,?,9,0.0,0.0,E,8
09/04/2021,18:00,43.49,1342.724,44.47,1,8,0.0,1,8,44.47,1,8,5336.4,1,8,0.0,1,8,4891.7,1,8,525.865,1,8,-9900,?,9,-9900,?,9,14.12,E,8,0.57,E,8,39.0,E,8,822.9788000000001,E,8,999.0,E,8,0.59,E,8,-9900,?,9,-9900,?,9,0.0,E,8,-9900,?,9,-9900,?,9,0.0,0.0,E,8
09/04/2021,19:00,0.0,1342.724,0.0,1,8,0.0,1,8,0.0,1,8,0.0,1,8,0.0,1,8,0.0,1,8,-0.0,1,8,-9900,?,9,-9900,?,9,13.31,E,8,1.81,E,8,45.0,E,8,822.9788000000001,E,8,999.0,E,8,0.19,E,8,-9900,?,9,-9900,?,9,0.0,E,8,-9900,?,9,-9900,?,9,0.0,0.0,E,8
09/04/2021,20:00,0.0,1342.724,0.0,1,8,0.0,1,8,0.0,1,8,0.0,1,8,0.0,1,8,0.0,1,8,-0.0,1,8,-9900,?,9,-9900,?,9,12.51,E,8,2.95,E,8,52.0,E,8,822.9788000000001,E,8,999.0,E,8,0.15,E,8,-9900,?,9,-9900,?,9,0.0,E,8,-9900,?,9,-9900,?,9,0.0,0.0,E,8
09/04/2021,21:00,0.0,1342.724,0.0,1,8,0.0,1,8,0.0,1,8,0.0,1,8,0.0,1,8,0.0,1,8,-0.0,1,8,-9900,?,9,-9900,?,9,11.7,E,8,4.02,E,8,59.0,E,8,822.9788000000001,E,8,999.0,E,8,0.15,E,8,-9900,?,9,-9900,?,9,0.0,E,8,-9900,?,9,-9900,?,9,0.0,0.0,E,8
09/04/2021,22:00,0.0,1342.724,0.0,1,8,0.0,1,8,0.0,1,8,0.0,1,8,0.0,1,8,0.0,1,8,-0.0,1,8,-9900,?,9,-9900,?,9,10.9,E,8,5.01,E,8,66.0,E,8,822.9788000000001,E,8,999.0,E,8,0.15,E,8,-9900,?,9,-9900,?,9,0.0,E,8,-9900,?,9,-9900,?,9,0.0,0.0,E,8
09/04/2021,23:00,0.0,1342.724,0.0,1,8,0.0,1,8,0.0,1,8,0.0,1,8,0.0,1,8,0.0,1,8,-0.0,1,8,-9900,?,9,-9900,?,9,10.09,E,8,5.96,E,8,75.0,E,8,822.9788000000001,E,8,999.0,E,8,0.15,E,8,-9900,?,9,-9900,?,9,0.0,E,8,-9900,?,9,-9900,?,9,0.0,0.0,E,8
09/04/2021,24:00,0.0,1342.724,0.0,1,8,0.0,1,8,0.0,1,8,0.0,1,8,0.0,1,8,0.0,1,8,-0.0,1,8,-9900,?,9,-9900,?,9,9.29,E,8,2.37,E,8,61.0,E,8,822.9788000000001,E,8,999.0,E,8,0.27,E,8,-9900,?,9,-9900,?,9,0.0,E,8,-9900,?,9,-9900,?,9,0.0,0.0,E,8
09/05/2021,01:00,0.0,1342.724,0.0,1,8,0.0,1,8,0.0,1,8,0.0,1,8,0.0,1,8,0.0,1,8,-0.0,1,8,-9900,?,9,-9900,?,9,8.89,E,8,2.83,E,8,65.0,E,8,822.9788000000001,E,8,999.0,E,8,0.27,E,8,-9900,?,9,-9900,?,9,0.0,E,8,-9900,?,9,-9900,?,9,0.0,0.0,E,8
09/05/2021,02:00,0.0,1342.724,0.0,1,8,0.0,1,8,0.0,1,8,0.0,1,8,0.0,1,8,0.0,1,8,-0.0,1,8,-9900,?,9,-9900,?,9,8.48,E,8,3.29,E,8,69.0,E,8,822.9788000000001,E,8,999.0,E,8,0.27,E,8,-9900,?,9,-9900,?,9,0.0,E,8,-9900,?,9,-9900,?,9,0.0,0.0,E,8
09/05/2021,03:00,0.0,1342.724,0.0,1,8,0.0,1,8,0.0,1,8,0.0,1,8,0.0,1,8,0.0,1,8,-0.0,1,8,-9900,?,9,-9900,?,9,8.08,E,8,3.72,E,8,73.0,E,8,822.9788000000001,E,8,999.0,E,8,0.27,E,8,-9900,?,9,-9900,?,9,0.0,E,8,-9900,?,9,-9900,?,9,0.0,0.0,E,8
09/05/2021,04:00,0.0,1343.399,0.0,1,8,0.0,1,8,0.0,1,8,0.0,1,8,0.0,1,8,0.0,1,8,-0.0,1,8,-9900,?,9,-9900,?,9,7.68,E,8,4.14,E,8,78.0,E,8,822.9788000000001,E,8,999.0,E,8,0.27,E,8,-9900,?,9,-9900,?,9,0.0,E,8,-9900,?,9,-9900,?,9,0.0,0.0,E,8
09/05/2021,05:00,0.0,1343.399,0.0,1,8,0.0,1,8,0.0,1,8,0.0,1,8,0.0,1,8,0.0,1,8,-0.0,1,8,-9900,?,9,-9900,?,9,7.27,E,8,4.57,E,8,82.0,E,8,822.9788000000001,E,8,999.0,E,8,0.27,E,8,-9900,?,9,-9900,?,9,0.0,E,8,-9900,?,9,-9900,?,9,0.0,0.0,E,8
09/05/2021,06:00,0.0,1343.399,0.0,1,8,0.0,1,8,0.0,1,8,0.0,1,8,0.0,1,8,0.0,1,8,-0.0,1,8,-9900,?,9,-9900,?,9,6.96,E,8,4.88,E,8,86.0,E,8,822.9788000000001,E,8,999.0,E,8,0.27,E,8,-9900,?,9,-9900,?,9,0.0,E,8,-9900,?,9,-9900,?,9,0.0,0.0,E,8
09/05/2021,07:00,176.365,1343.399,0.39,1,8,0.0,1,8,0.39,1,8,46.8,1,8,0.0,1,8,42.9,1,8,0.96,1,8,-9900,?,9,-9900,?,9,6.7,E,8,5.13,E,8,89.0,E,8,822.9788000000001,E,8,999.0,E,8,0.27,E,8,-9900,?,9,-9900,?,9,0.0,E,8,-9900,?,9,-9900,?,9,0.0,0.0,E,8
09/05/2021,08:00,483.551,1343.399,97.31,1,8,0.0,1,8,97.31,1,8,11677.2,1,8,0.0,1,8,10704.1,1,8,86.222,1,8,-9900,?,9,-9900,?,9,6.43,E,8,5.39,E,8,93.0,E,8,822.9788000000001,E,8,999.0,E,8,0.27,E,8,-9900,?,9,-9900,?,9,0.0,E,8,-9900,?,9,-9900,?,9,0.0,0.0,E,8
09/05/2021,09:00,755.292,1343.399,225.33,1,8,4.861,1,8,222.599,1,8,27039.6,1,8,461.824,1,8,24485.845,1,8,126.107,1,8,-9900,?,9,-9900,?,9,10.14,E,8,1.35,E,8,54.0,E,8,822.9788000000001,E,8,999.0,E,8,0.27,E,8,-9900,?,9,-9900,?,9,0.0,E,8,-9900,?,9,-9900,?,9,0.0,0.0,E,8
09/05/2021,10:00,971.967,1343.399,336.42,1,8,4.174,1,8,333.401,1,8,40370.4,1,8,396.551,1,8,36674.077,1,8,146.719,1,8,-9900,?,9,-9900,?,9,11.49,E,8,-0.37,E,8,43.0,E,8,822.9788000000001,E,8,999.0,E,8,0.53,E,8,-9900,?,9,-9900,?,9,0.0,E,8,-9900,?,9,-9900,?,9,0.0,0.0,E,8
09/05/2021,11:00,1118.652,1343.399,419.7,1,8,10.611,1,8,410.866,1,8,50364.0,1,8,1008.012,1,8,45195.219,1,8,157.078,1,8,-9900,?,9,-9900,?,9,12.64,E,8,-1.88,E,8,35.0,E,8,822.9788000000001,E,8,999.0,E,8,0.92,E,8,-9900,?,9,-9900,?,9,0.0,E,8,-9900,?,9,-9900,?,9,0.0,0.0,E,8
09/05/2021,12:00,1185.302,1343.399,468.74,1,8,12.303,1,8,457.886,1,8,56248.8,1,8,1168.814,1,8,50367.406,1,8,165.204,1,8,-9900,?,9,-9900,?,9,13.55,E,8,-3.2,E,8,30.0,E,8,822.9788000000001,E,8,999.0,E,8,1.71,E,8,-9900,?,9,-9900,?,9,0.0,E,8,-9900,?,9,-9900,?,9,0.0,0.0,E,8
09/05/2021,13:00,1167.363,1343.399,479.94,1,8,58.339,1,8,429.25,1,8,57592.8,1,8,5542.223,1,8,47217.529,1,8,157.254,1,8,-9900,?,9,-9900,?,9,14.21,E,8,-4.25,E,8,26.0,E,8,822.9788000000001,E,8,999.0,E,8,1.96,E,8,-9900,?,9,-9900,?,9,0.0,E,8,-9900,?,9,-9900,?,9,0.0,0.0,E,8
09/05/2021,14:00,1066.066,1343.399,452.52,1,8,71.787,1,8,395.562,1,8,54302.4,1,8,6819.802,1,8,43511.857,1,8,158.694,1,8,-9900,?,9,-9900,?,9,14.58,E,8,-4.88,E,8,24.0,E,8,822.9788000000001,E,8,999.0,E,8,1.96,E,8,-9900,?,9,-9900,?,9,0.0,E,8,-9900,?,9,-9900,?,9,0.0,0.0,E,8
09/05/2021,15:00,888.344,1343.399,388.44,1,8,64.731,1,8,345.651,1,8,46612.8,1,8,6149.489,1,8,38021.66,1,8,166.447,1,8,-9900,?,9,-9900,?,9,14.68,E,8,-5.06,E,8,23.0,E,8,822.9788000000001,E,8,999.0,E,8,1.66,E,8,-9900,?,9,-9900,?,9,0.0,E,8,-9900,?,9,-9900,?,9,0.0,0.0,E,8
09/05/2021,16:00,646.394,1343.399,292.48,1,8,77.512,1,8,255.22,1,8,35097.6,1,8,7363.638,1,8,28074.233,1,8,169.003,1,8,-9900,?,9,-9900,?,9,14.39,E,8,-4.56,E,8,25.0,E,8,822.9788000000001,E,8,999.0,E,8,0.86,E,8,-9900,?,9,-9900,?,9,0.0,E,8,-9900,?,9,-9900,?,9,0.0,0.0,E,8
09/05/2021,17:00,357.028,1343.399,172.48,1,8,263.556,1,8,102.701,1,8,20697.6,1,8,25037.817,1,8,11297.069,1,8,123.472,1,8,-9900,?,9,-9900,?,9,13.69,E,8,-3.42,E,8,29.0,E,8,822.9788000000001,E,8,999.0,E,8,0.87,E,8,-9900,?,9,-9900,?,9,0.0,E,8,-9900,?,9,-9900,?,9,0.0,0.0,E,8
09/05/2021,18:00,44.779,1343.399,44.49,1,8,0.0,1,8,44.49,1,8,5338.8,1,8,0.0,1,8,4893.9,1,8,506.856,1,8,-9900,?,9,-9900,?,9,12.67,E,8,-1.92,E,8,35.0,E,8,822.9788000000001,E,8,999.0,E,8,0.27,E,8,-9900,?,9,-9900,?,9,0.0,E,8,-9900,?,9,-9900,?,9,0.0,0.0,E,8
09/05/2021,19:00,0.0,1343.399,0.0,1,8,0.0,1,8,0.0,1,8,0.0,1,8,0.0,1,8,0.0,1,8,-0.0,1,8,-9900,?,9,-9900,?,9,12.04,E,8,-1.07,E,8,39.0,E,8,822.9788000000001,E,8,999.0,E,8,0.27,E,8,-9900,?,9,-9900,?,9,0.0,E,8,-9900,?,9,-9900,?,9,0.0,0.0,E,8
09/05/2021,20:00,0.0,1343.399,0.0,1,8,0.0,1,8,0.0,1,8,0.0,1,8,0.0,1,8,0.0,1,8,-0.0,1,8,-9900,?,9,-9900,?,9,11.4,E,8,-0.26,E,8,44.0,E,8,822.9788000000001,E,8,999.0,E,8,0.27,E,8,-9900,?,9,-9900,?,9,0.0,E,8,-9900,?,9,-9900,?,9,0.0,0.0,E,8
09/05/2021,21:00,0.0,1343.399,0.0,1,8,0.0,1,8,0.0,1,8,0.0,1,8,0.0,1,8,0.0,1,8,-0.0,1,8,-9900,?,9,-9900,?,9,10.77,E,8,0.55,E,8,49.0,E,8,822.9788000000001,E,8,999.0,E,8,0.27,E,8,-9900,?,9,-9900,?,9,0.0,E,8,-9900,?,9,-9900,?,9,0.0,0.0,E,8
09/05/2021,22:00,0.0,1343.399,0.0,1,8,0.0,1,8,0.0,1,8,0.0,1,8,0.0,1,8,0.0,1,8,-0.0,1,8,-9900,?,9,-9900,?,9,10.13,E,8,1.36,E,8,54.0,E,8,822.9788000000001,E,8,999.0,E,8,0.27,E,8,-9900,?,9,-9900,?,9,0.0,E,8,-9900,?,9,-9900,?,9,0.0,0.0,E,8
09/05/2021,23:00,0.0,1343.399,0.0,1,8,0.0,1,8,0.0,1,8,0.0,1,8,0.0,1,8,0.0,1,8,-0.0,1,8,-9900,?,9,-9900,?,9,9.5,E,8,2.13,E,8,59.0,E,8,822.9788000000001,E,8,999.0,E,8,0.27,E,8,-9900,?,9,-9900,?,9,0.0,E,8,-9900,?,9,-9900,?,9,0.0,0.0,E,8
09/05/2021,24:00,0.0,1343.399,0.0,1,8,0.0,1,8,0.0,1,8,0.0,1,8,0.0,1,8,0.0,1,8,-0.0,1,8,-9900,?,9,-9900,?,9,8.86,E,8,3.12,E,8,67.0,E,8,822.9788000000001,E,8,999.0,E,8,0.3,E,8,-9900,?,9,-9900,?,9,0.0,E,8,-9900,?,9,-9900,?,9,0.0,0.0,E,8
09/06/2021,01:00,0.0,1343.399,0.0,1,8,0.0,1,8,0.0,1,8,0.0,1,8,0.0,1,8,0.0,1,8,-0.0,1,8,-9900,?,9,-9900,?,9,8.54,E,8,3.56,E,8,70.0,E,8,822.9788000000001,E,8,999.0,E,8,0.3,E,8,-9900,?,9,-9900,?,9,0.0,E,8,-9900,?,9,-9900,?,9,0.0,0.0,E,8
09/06/2021,02:00,0.0,1343.399,0.0,1,8,0.0,1,8,0.0,1,8,0.0,1,8,0.0,1,8,0.0,1,8,-0.0,1,8,-9900,?,9,-9900,?,9,8.23,E,8,3.97,E,8,74.0,E,8,822.9788000000001,E,8,999.0,E,8,0.3,E,8,-9900,?,9,-9900,?,9,0.0,E,8,-9900,?,9,-9900,?,9,0.0,0.0,E,8
09/06/2021,03:00,0.0,1343.399,0.0,1,8,0.0,1,8,0.0,1,8,0.0,1,8,0.0,1,8,0.0,1,8,-0.0,1,8,-9900,?,9,-9900,?,9,7.91,E,8,4.38,E,8,78.0,E,8,822.9788000000001,E,8,999.0,E,8,0.3,E,8,-9900,?,9,-9900,?,9,0.0,E,8,-9900,?,9,-9900,?,9,0.0,0.0,E,8
09/06/2021,04:00,0.0,1344.081,0.0,1,8,0.0,1,8,0.0,1,8,0.0,1,8,0.0,1,8,0.0,1,8,-0.0,1,8,-9900,?,9,-9900,?,9,7.59,E,8,4.78,E,8,82.0,E,8,822.9788000000001,E,8,999.0,E,8,0.3,E,8,-9900,?,9,-9900,?,9,0.0,E,8,-9900,?,9,-9900,?,9,0.0,0.0,E,8
09/06/2021,05:00,0.0,1344.081,0.0,1,8,0.0,1,8,0.0,1,8,0.0,1,8,0.0,1,8,0.0,1,8,-0.0,1,8,-9900,?,9,-9900,?,9,7.27,E,8,5.18,E,8,86.0,E,8,822.9788000000001,E,8,999.0,E,8,0.3,E,8,-9900,?,9,-9900,?,9,0.0,E,8,-9900,?,9,-9900,?,9,0.0,0.0,E,8
09/06/2021,06:00,0.0,1344.081,0.0,1,8,0.0,1,8,0.0,1,8,0.0,1,8,0.0,1,8,0.0,1,8,-0.0,1,8,-9900,?,9,-9900,?,9,7.03,E,8,5.46,E,8,89.0,E,8,822.9788000000001,E,8,999.0,E,8,0.3,E,8,-9900,?,9,-9900,?,9,0.0,E,8,-9900,?,9,-9900,?,9,0.0,0.0,E,8
09/06/2021,07:00,181.468,1344.081,5.66,1,8,0.0,1,8,5.66,1,8,679.2,1,8,0.0,1,8,622.6,1,8,13.542,1,8,-9900,?,9,-9900,?,9,6.82,E,8,5.71,E,8,92.0,E,8,822.9788000000001,E,8,999.0,E,8,0.3,E,8,-9900,?,9,-9900,?,9,0.0,E,8,-9900,?,9,-9900,?,9,0.0,0.0,E,8
09/06/2021,08:00,488.949,1344.081,62.79,1,8,0.0,1,8,62.79,1,8,7534.8,1,8,0.0,1,8,6906.9,1,8,55.047,1,8,-9900,?,9,-9900,?,9,6.61,E,8,5.95,E,8,95.0,E,8,822.9788000000001,E,8,999.0,E,8,0.3,E,8,-9900,?,9,-9900,?,9,0.0,E,8,-9900,?,9,-9900,?,9,0.0,0.0,E,8
09/06/2021,09:00,760.777,1344.081,268.05,1,8,34.847,1,8,248.338,1,8,32166.0,1,8,3310.512,1,8,27317.167,1,8,139.743,1,8,-9900,?,9,-9900,?,9,9.53,E,8,2.17,E,8,60.0,E,8,822.9788000000001,E,8,999.0,E,8,0.3,E,8,-9900,?,9,-9900,?,9,0.0,E,8,-9900,?,9,-9900,?,9,0.0,0.0,E,8
09/06/2021,10:00,977.37,1344.081,398.89,1,8,34.077,1,8,374.117,1,8,47866.8,1,8,3237.272,1,8,41152.889,1,8,163.809,1,8,-9900,?,9,-9900,?,9,10.91,E,8,0.01,E,8,46.0,E,8,822.9788000000001,E,8,999.0,E,8,0.3,E,8,-9900,?,9,-9900,?,9,0.0,E,8,-9900,?,9,-9900,?,9,0.0,0.0,E,8
09/06/2021,11:00,1123.812,1344.081,496.88,1,8,80.702,1,8,429.412,1,8,59625.6,1,8,7666.653,1,8,47235.359,1,8,163.498,1,8,-9900,?,9,-9900,?,9,12.03,E,8,-1.78,E,8,37.0,E,8,822.9788000000001,E,8,999.0,E,8,0.51,E,8,-9900,?,9,-9900,?,9,0.0,E,8,-9900,?,9,-9900,?,9,0.0,0.0,E,8
09/06/2021,12:00,1190.078,1344.081,554.46,1,8,94.654,1,8,470.658,1,8,66535.2,1,8,8992.103,1,8,51772.421,1,8,169.216,1,8,-9900,?,9,-9900,?,9,12.91,E,8,-3.37,E,8,30.0,E,8,822.9788000000001,E,8,999.0,E,8,0.78,E,8,-9900,?,9,-9900,?,9,0.0,E,8,-9900,?,9,-9900,?,9,0.0,0.0,E,8
09/06/2021,13:00,1171.639,1344.081,567.42,1,8,112.441,1,8,469.414,1,8,68090.4,1,8,10681.859,1,8,51635.573,1,8,171.427,1,8,-9900,?,9,-9900,?,9,13.53,E,8,-4.63,E,8,26.0,E,8,822.9788000000001,E,8,999.0,E,8,1.41,E,8,-9900,?,9,-9900,?,9,0.0,E,8,-9900,?,9,-9900,?,9,0.0,0.0,E,8
09/06/2021,14:00,1069.76,1344.081,534.82,1,8,138.687,1,8,424.457,1,8,64178.4,1,8,13175.245,1,8,46690.303,1,8,169.784,1,8,-9900,?,9,-9900,?,9,13.89,E,8,-5.42,E,8,24.0,E,8,822.9788000000001,E,8,999.0,E,8,1.78,E,8,-9900,?,9,-9900,?,9,0.0,E,8,-9900,?,9,-9900,?,9,0.0,0.0,E,8
09/06/2021,15:00,891.416,1344.081,459.04,1,8,93.401,1,8,397.118,1,8,55084.8,1,8,8873.049,1,8,43683.029,1,8,190.668,1,8,-9900,?,9,-9900,?,9,14.0,E,8,-5.66,E,8,23.0,E,8,822.9788000000001,E,8,999.0,E,8,2.82,E,8,-9900,?,9,-9900,?,9,0.0,E,8,-9900,?,9,-9900,?,9,0.0,0.0,E,8
09/06/2021,16:00,648.844,1344.081,345.7,1,8,235.747,1,8,232.005,1,8,41484.0,1,8,22395.944,1,8,25520.509,1,8,153.126,1,8,-9900,?,9,-9900,?,9,13.76,E,8,-5.13,E,8,25.0,E,8,822.9788000000001,E,8,999.0,E,8,1.68,E,8,-9900,?,9,-9900,?,9,0.0,E,8,-9900,?,9,-9900,?,9,0.0,0.0,E,8
09/06/2021,17:00,358.898,1344.081,204.07,1,8,443.768,1,8,86.017,1,8,24488.4,1,8,42158.005,1,8,9461.897,1,8,102.924,1,8,-9900,?,9,-9900,?,9,13.14,E,8,-3.83,E,8,29.0,E,8,822.9788000000001,E,8,999.0,E,8,0.59,E,8,-9900,?,9,-9900,?,9,0.0,E,8,-9900,?,9,-9900,?,9,0.0,0.0,E,8
09/06/2021,18:00,46.064,1344.081,52.99,1,8,0.0,1,8,52.99,1,8,6358.8,1,8,0.0,1,8,5828.9,1,8,582.51,1,8,-9900,?,9,-9900,?,9,12.22,E,8,-2.11,E,8,36.0,E,8,822.9788000000001,E,8,999.0,E,8,0.42,E,8,-9900,?,9,-9900,?,9,0.0,E,8,-9900,?,9,-9900,?,9,0.0,0.0,E,8
09/06/2021,19:00,0.0,1344.081,0.0,1,8,0.0,1,8,0.0,1,8,0.0,1,8,0.0,1,8,0.0,1,8,-0.0,1,8,-9900,?,9,-9900,?,9,11.62,E,8,-1.1,E,8,40.0,E,8,822.9788000000001,E,8,999.0,E,8,0.3,E,8,-9900,?,9,-9900,?,9,0.0,E,8,-9900,?,9,-9900,?,9,0.0,0.0,E,8
09/06/2021,20:00,0.0,1344.081,0.0,1,8,0.0,1,8,0.0,1,8,0.0,1,8,0.0,1,8,0.0,1,8,-0.0,1,8,-9900,?,9,-9900,?,9,11.02,E,8,-0.16,E,8,45.0,E,8,822.9788000000001,E,8,999.0,E,8,0.3,E,8,-9900,?,9,-9900,?,9,0.0,E,8,-9900,?,9,-9900,?,9,0.0,0.0,E,8
09/06/2021,21:00,0.0,1344.081,0.0,1,8,0.0,1,8,0.0,1,8,0.0,1,8,0.0,1,8,0.0,1,8,-0.0,1,8,-9900,?,9,-9900,?,9,10.43,E,8,0.79,E,8,51.0,E,8,822.9788000000001,E,8,999.0,E,8,0.3,E,8,-9900,?,9,-9900,?,9,0.0,E,8,-9900,?,9,-9900,?,9,0.0,0.0,E,8
09/06/2021,22:00,0.0,1344.081,0.0,1,8,0.0,1,8,0.0,1,8,0.0,1,8,0.0,1,8,0.0,1,8,-0.0,1,8,-9900,?,9,-9900,?,9,9.83,E,8,1.73,E,8,57.0,E,8,822.9788000000001,E,8,999.0,E,8,0.3,E,8,-9900,?,9,-9900,?,9,0.0,E,8,-9900,?,9,-9900,?,9,0.0,0.0,E,8
09/06/2021,23:00,0.0,1344.081,0.0,1,8,0.0,1,8,0.0,1,8,0.0,1,8,0.0,1,8,0.0,1,8,-0.0,1,8,-9900,?,9,-9900,?,9,9.23,E,8,2.61,E,8,63.0,E,8,822.9788000000001,E,8,999.0,E,8,0.3,E,8,-9900,?,9,-9900,?,9,0.0,E,8,-9900,?,9,-9900,?,9,0.0,0.0,E,8
09/06/2021,24:00,0.0,1344.081,0.0,1,8,0.0,1,8,0.0,1,8,0.0,1,8,0.0,1,8,0.0,1,8,-0.0,1,8,-9900,?,9,-9900,?,9,8.63,E,8,4.81,E,8,81.0,E,8,822.9788000000001,E,8,999.0,E,8,0.62,E,8,-9900,?,9,-9900,?,9,0.002,E,8,-9900,?,9,-9900,?,9,0.02,99.0,E,8
09/07/2021,01:00,0.0,1344.081,0.0,1,8,0.0,1,8,0.0,1,8,0.0,1,8,0.0,1,8,0.0,1,8,-0.0,1,8,-9900,?,9,-9900,?,9,8.33,E,8,4.97,E,8,79.0,E,8,822.9788000000001,E,8,999.0,E,8,0.62,E,8,-9900,?,9,-9900,?,9,0.0,E,8,-9900,?,9,-9900,?,9,0.0,0.0,E,8
09/07/2021,02:00,0.0,1344.081,0.0,1,8,0.0,1,8,0.0,1,8,0.0,1,8,0.0,1,8,0.0,1,8,-0.0,1,8,-9900,?,9,-9900,?,9,8.03,E,8,5.13,E,8,81.0,E,8,822.9788000000001,E,8,999.0,E,8,0.62,E,8,-9900,?,9,-9900,?,9,0.0,E,8,-9900,?,9,-9900,?,9,0.0,0.0,E,8
09/07/2021,03:00,0.0,1344.081,0.0,1,8,0.0,1,8,0.0,1,8,0.0,1,8,0.0,1,8,0.0,1,8,-0.0,1,8,-9900,?,9,-9900,?,9,7.73,E,8,5.29,E,8,84.0,E,8,822.9788000000001,E,8,999.0,E,8,0.62,E,8,-9900,?,9,-9900,?,9,0.0,E,8,-9900,?,9,-9900,?,9,0.0,0.0,E,8
09/07/2021,04:00,0.0,1344.77,0.0,1,8,0.0,1,8,0.0,1,8,0.0,1,8,0.0,1,8,0.0,1,8,-0.0,1,8,-9900,?,9,-9900,?,9,7.43,E,8,5.45,E,8,87.0,E,8,822.9788000000001,E,8,999.0,E,8,0.62,E,8,-9900,?,9,-9900,?,9,0.0,E,8,-9900,?,9,-9900,?,9,0.0,0.0,E,8
09/07/2021,05:00,0.0,1344.77,0.0,1,8,0.0,1,8,0.0,1,8,0.0,1,8,0.0,1,8,0.0,1,8,-0.0,1,8,-9900,?,9,-9900,?,9,7.13,E,8,5.6,E,8,90.0,E,8,822.9788000000001,E,8,999.0,E,8,0.62,E,8,-9900,?,9,-9900,?,9,0.0,E,8,-9900,?,9,-9900,?,9,0.0,0.0,E,8
09/07/2021,06:00,0.0,1344.77,0.0,1,8,0.0,1,8,0.0,1,8,0.0,1,8,0.0,1,8,0.0,1,8,-0.0,1,8,-9900,?,9,-9900,?,9,6.9,E,8,5.72,E,8,92.0,E,8,822.9788000000001,E,8,999.0,E,8,0.62,E,8,-9900,?,9,-9900,?,9,0.0,E,8,-9900,?,9,-9900,?,9,0.0,0.0,E,8
09/07/2021,07:00,186.608,1344.77,0.7,1,8,0.0,1,8,0.7,1,8,84.0,1,8,0.0,1,8,77.0,1,8,1.628,1,8,-9900,?,9,-9900,?,9,6.71,E,8,5.82,E,8,94.0,E,8,822.9788000000001,E,8,999.0,E,8,0.62,E,8,-9900,?,9,-9900,?,9,0.0,E,8,-9900,?,9,-9900,?,9,0.0,0.0,E,8
09/07/2021,08:00,494.369,1344.77,85.88,1,8,0.0,1,8,85.88,1,8,10305.6,1,8,0.0,1,8,9446.8,1,8,74.498,1,8,-9900,?,9,-9900,?,9,6.51,E,8,5.92,E,8,96.0,E,8,822.9788000000001,E,8,999.0,E,8,0.62,E,8,-9900,?,9,-9900,?,9,0.0,E,8,-9900,?,9,-9900,?,9,0.0,0.0,E,8
09/07/2021,09:00,766.27,1344.77,194.48,1,8,2.509,1,8,193.051,1,8,23337.6,1,8,238.331,1,8,21235.648,1,8,107.908,1,8,-9900,?,9,-9900,?,9,9.38,E,8,4.4,E,8,71.0,E,8,822.9788000000001,E,8,999.0,E,8,0.62,E,8,-9900,?,9,-9900,?,9,0.0,E,8,-9900,?,9,-9900,?,9,0.0,0.0,E,8
09/07/2021,10:00,982.769,1344.77,288.47,1,8,6.08,1,8,284.028,1,8,34616.4,1,8,577.623,1,8,31243.041,1,8,123.742,1,8,-9900,?,9,-9900,?,9,10.4,E,8,3.82,E,8,63.0,E,8,822.9788000000001,E,8,999.0,E,8,0.62,E,8,-9900,?,9,-9900,?,9,0.0,E,8,-9900,?,9,-9900,?,9,0.0,0.0,E,8
09/07/2021,11:00,1128.959,1344.77,358.79,1,8,6.185,1,8,353.599,1,8,43054.8,1,8,587.531,1,8,38895.847,1,8,134.086,1,8,-9900,?,9,-9900,?,9,11.27,E,8,3.31,E,8,57.0,E,8,822.9788000000001,E,8,999.0,E,8,0.62,E,8,-9900,?,9,-9900,?,9,0.0,E,8,-9900,?,9,-9900,?,9,0.0,0.0,E,8
09/07/2021,12:00,1194.831,1344.77,400.02,1,8,9.544,1,8,391.541,1,8,48002.4,1,8,906.678,1,8,43069.49,1,8,140.282,1,8,-9900,?,9,-9900,?,9,11.95,E,8,2.9,E,8,53.0,E,8,822.9788000000001,E,8,999.0,E,8,0.62,E,8,-9900,?,9,-9900,?,9,0.0,E,8,-9900,?,9,-9900,?,9,0.0,0.0,E,8
09/07/2021,13:00,1175.887,1344.77,409.15,1,8,10.816,1,8,399.693,1,8,49098.0,1,8,1027.562,1,8,43966.208,1,8,145.512,1,8,-9900,?,9,-9900,?,9,12.45,E,8,2.59,E,8,50.0,E,8,822.9788000000001,E,8,999.0,E,8,0.62,E,8,-9900,?,9,-9900,?,9,0.0,E,8,-9900,?,9,-9900,?,9,0.0,0.0,E,8
09/07/2021,14:00,1073.425,1344.77,385.53,1,8,9.359,1,8,378.061,1,8,46263.6,1,8,889.112,1,8,41586.67,1,8,150.786,1,8,-9900,?,9,-9900,?,9,12.73,E,8,2.42,E,8,49.0,E,8,822.9788000000001,E,8,999.0,E,8,0.62,E,8,-9900,?,9,-9900,?,9,0.0,E,8,-9900,?,9,-9900,?,9,0.0,0.0,E,8
09/07/2021,15:00,894.459,1344.77,330.86,1,8,14.305,1,8,321.348,1,8,39703.2,1,8,1359.022,1,8,35348.321,1,8,153.842,1,8,-9900,?,9,-9900,?,9,12.8,E,8,2.37,E,8,49.0,E,8,822.9788000000001,E,8,999.0,E,8,0.62,E,8,-9900,?,9,-9900,?,9,0.0,E,8,-9900,?,9,-9900,?,9,0.0,0.0,E,8
09/07/2021,16:00,651.271,1344.77,249.21,1,8,65.114,1,8,217.706,1,8,29905.2,1,8,6185.785,1,8,23947.623,1,8,143.226,1,8,-9900,?,9,-9900,?,9,12.58,E,8,2.51,E,8,50.0,E,8,822.9788000000001,E,8,999.0,E,8,0.62,E,8,-9900,?,9,-9900,?,9,0.0,E,8,-9900,?,9,-9900,?,9,0.0,0.0,E,8
09/07/2021,17:00,360.753,1344.77,147.25,1,8,149.796,1,8,107.214,1,8,17670.0,1,8,14230.642,1,8,11793.523,1,8,127.688,1,8,-9900,?,9,-9900,?,9,12.04,E,8,2.85,E,8,58.0,E,8,822.9788000000001,E,8,999.0,E,8,0.62,E,8,-9900,?,9,-9900,?,9,0.001,E,8,-9900,?,9,-9900,?,9,0.01,99.0,E,8
09/07/2021,18:00,47.346,1344.77,38.48,1,8,0.0,1,8,38.48,1,8,4617.6,1,8,0.0,1,8,4232.8,1,8,408.742,1,8,-9900,?,9,-9900,?,9,11.26,E,8,3.32,E,8,68.0,E,8,822.9788000000001,E,8,999.0,E,8,0.62,E,8,-9900,?,9,-9900,?,9,0.279,E,8,-9900,?,9,-9900,?,9,2.79,99.0,E,8
09/07/2021,19:00,0.0,1344.77,0.0,1,8,0.0,1,8,0.0,1,8,0.0,1,8,0.0,1,8,0.0,1,8,-0.0,1,8,-9900,?,9,-9900,?,9,10.82,E,8,3.58,E,8,65.0,E,8,822.9788000000001,E,8,999.0,E,8,0.62,E,8,-9900,?,9,-9900,?,9,0.012,E,8,-9900,?,9,-9900,?,9,0.12,99.0,E,8
09/07/2021,20:00,0.0,1344.77,0.0,1,8,0.0,1,8,0.0,1,8,0.0,1,8,0.0,1,8,0.0,1,8,-0.0,1,8,-9900,?,9,-9900,?,9,10.37,E,8,3.84,E,8,68.0,E,8,822.9788000000001,E,8,999.0,E,8,0.62,E,8,-9900,?,9,-9900,?,9,0.005,E,8,-9900,?,9,-9900,?,9,0.05,99.0,E,8
09/07/2021,21:00,0.0,1344.77,0.0,1,8,0.0,1,8,0.0,1,8,0.0,1,8,0.0,1,8,0.0,1,8,-0.0,1,8,-9900,?,9,-9900,?,9,9.93,E,8,4.09,E,8,66.0,E,8,822.9788000000001,E,8,999.0,E,8,0.62,E,8,-9900,?,9,-9900,?,9,0.0,E,8,-9900,?,9,-9900,?,9,0.0,0.0,E,8
09/07/2021,22:00,0.0,1344.77,0.0,1,8,0.0,1,8,0.0,1,8,0.0,1,8,0.0,1,8,0.0,1,8,-0.0,1,8,-9900,?,9,-9900,?,9,9.48,E,8,4.34,E,8,70.0,E,8,822.9788000000001,E,8,999.0,E,8,0.62,E,8,-9900,?,9,-9900,?,9,0.0,E,8,-9900,?,9,-9900,?,9,0.0,0.0,E,8
09/07/2021,23:00,0.0,1344.77,0.0,1,8,0.0,1,8,0.0,1,8,0.0,1,8,0.0,1,8,0.0,1,8,-0.0,1,8,-9900,?,9,-9900,?,9,9.04,E,8,4.59,E,8,73.0,E,8,822.9788000000001,E,8,999.0,E,8,0.62,E,8,-9900,?,9,-9900,?,9,0.0,E,8,-9900,?,9,-9900,?,9,0.0,0.0,E,8
09/07/2021,24:00,0.0,1344.77,0.0,1,8,0.0,1,8,0.0,1,8,0.0,1,8,0.0,1,8,0.0,1,8,-0.0,1,8,-9900,?,9,-9900,?,9,8.59,E,8,5.03,E,8,78.0,E,8,822.9788000000001,E,8,999.0,E,8,0.54,E,8,-9900,?,9,-9900,?,9,0.0,E,8,-9900,?,9,-9900,?,9,0.0,0.0,E,8
09/08/2021,01:00,0.0,1344.77,0.0,1,8,0.0,1,8,0.0,1,8,0.0,1,8,0.0,1,8,0.0,1,8,-0.0,1,8,-9900,?,9,-9900,?,9,8.37,E,8,5.2,E,8,80.0,E,8,822.9788000000001,E,8,999.0,E,8,0.54,E,8,-9900,?,9,-9900,?,9,0.0,E,8,-9900,?,9,-9900,?,9,0.0,0.0,E,8
09/08/2021,02:00,0.0,1344.77,0.0,1,8,0.0,1,8,0.0,1,8,0.0,1,8,0.0,1,8,0.0,1,8,-0.0,1,8,-9900,?,9,-9900,?,9,8.15,E,8,5.38,E,8,82.0,E,8,822.9788000000001,E,8,999.0,E,8,0.54,E,8,-9900,?,9,-9900,?,9,0.0,E,8,-9900,?,9,-9900,?,9,0.0,0.0,E,8
09/08/2021,03:00,0.0,1344.77,0.0,1,8,0.0,1,8,0.0,1,8,0.0,1,8,0.0,1,8,0.0,1,8,-0.0,1,8,-9900,?,9,-9900,?,9,7.93,E,8,5.55,E,8,84.0,E,8,822.9788000000001,E,8,999.0,E,8,0.54,E,8,-9900,?,9,-9900,?,9,0.0,E,8,-9900,?,9,-9900,?,9,0.0,0.0,E,8
09/08/2021,04:00,0.0,1345.466,0.0,1,8,0.0,1,8,0.0,1,8,0.0,1,8,0.0,1,8,0.0,1,8,-0.0,1,8,-9900,?,9,-9900,?,9,7.71,E,8,5.72,E,8,87.0,E,8,822.9788000000001,E,8,999.0,E,8,0.54,E,8,-9900,?,9,-9900,?,9,0.0,E,8,-9900,?,9,-9900,?,9,0.0,0.0,E,8
09/08/2021,05:00,0.0,1345.466,0.0,1,8,0.0,1,8,0.0,1,8,0.0,1,8,0.0,1,8,0.0,1,8,-0.0,1,8,-9900,?,9,-9900,?,9,7.48,E,8,5.89,E,8,89.0,E,8,822.9788000000001,E,8,999.0,E,8,0.54,E,8,-9900,?,9,-9900,?,9,0.0,E,8,-9900,?,9,-9900,?,9,0.0,0.0,E,8
09/08/2021,06:00,0.0,1345.466,0.0,1,8,0.0,1,8,0.0,1,8,0.0,1,8,0.0,1,8,0.0,1,8,-0.0,1,8,-9900,?,9,-9900,?,9,7.31,E,8,6.02,E,8,91.0,E,8,822.9788000000001,E,8,999.0,E,8,0.54,E,8,-9900,?,9,-9900,?,9,0.0,E,8,-9900,?,9,-9900,?,9,0.0,0.0,E,8
09/08/2021,07:00,191.783,1345.466,1.1,1,8,0.0,1,8,1.1,1,8,132.0,1,8,0.0,1,8,121.0,1,8,2.489,1,8,-9900,?,9,-9900,?,9,7.17,E,8,6.12,E,8,93.0,E,8,822.9788000000001,E,8,999.0,E,8,0.54,E,8,-9900,?,9,-9900,?,9,0.0,E,8,-9900,?,9,-9900,?,9,0.0,0.0,E,8
09/08/2021,08:00,499.808,1345.466,101.63,1,8,0.0,1,8,101.63,1,8,12195.6,1,8,0.0,1,8,11179.3,1,8,87.243,1,8,-9900,?,9,-9900,?,9,7.02,E,8,6.23,E,8,94.0,E,8,822.9788000000001,E,8,999.0,E,8,0.54,E,8,-9900,?,9,-9900,?,9,0.0,E,8,-9900,?,9,-9900,?,9,0.0,0.0,E,8
09/08/2021,09:00,771.769,1345.466,169.43,1,8,17.866,1,8,159.188,1,8,20331.6,1,8,1697.224,1,8,17510.716,1,8,88.391,1,8,-9900,?,9,-9900,?,9,9.55,E,8,4.24,E,8,69.0,E,8,822.9788000000001,E,8,999.0,E,8,0.54,E,8,-9900,?,9,-9900,?,9,0.0,E,8,-9900,?,9,-9900,?,9,0.0,0.0,E,8
09/08/2021,10:00,988.162,1345.466,336.59,1,8,12.835,1,8,327.166,1,8,40390.8,1,8,1219.311,1,8,35988.255,1,8,141.831,1,8,-9900,?,9,-9900,?,9,10.8,E,8,3.16,E,8,59.0,E,8,822.9788000000001,E,8,999.0,E,8,0.54,E,8,-9900,?,9,-9900,?,9,0.0,E,8,-9900,?,9,-9900,?,9,0.0,0.0,E,8
09/08/2021,11:00,1134.088,1345.466,418.0,1,8,9.875,1,8,409.677,1,8,50160.0,1,8,938.151,1,8,45064.488,1,8,154.728,1,8,-9900,?,9,-9900,?,9,11.81,E,8,2.22,E,8,51.0,E,8,822.9788000000001,E,8,999.0,E,8,0.54,E,8,-9900,?,9,-9900,?,9,0.0,E,8,-9900,?,9,-9900,?,9,0.0,0.0,E,8
09/08/2021,12:00,1199.56,1345.466,465.63,1,8,11.396,1,8,455.471,1,8,55875.6,1,8,1082.608,1,8,50101.776,1,8,162.628,1,8,-9900,?,9,-9900,?,9,12.59,E,8,1.46,E,8,46.0,E,8,822.9788000000001,E,8,999.0,E,8,0.54,E,8,-9900,?,9,-9900,?,9,0.0,E,8,-9900,?,9,-9900,?,9,0.0,0.0,E,8
09/08/2021,13:00,1180.106,1345.466,476.01,1,8,13.353,1,8,464.299,1,8,57121.2,1,8,1268.572,1,8,51072.868,1,8,168.515,1,8,-9900,?,9,-9900,?,9,13.14,E,8,0.89,E,8,43.0,E,8,822.9788000000001,E,8,999.0,E,8,1.05,E,8,-9900,?,9,-9900,?,9,0.0,E,8,-9900,?,9,-9900,?,9,0.0,0.0,E,8
09/08/2021,14:00,1077.058,1345.466,448.39,1,8,66.023,1,8,395.546,1,8,53806.8,1,8,6272.231,1,8,43510.089,1,8,157.309,1,8,-9900,?,9,-9900,?,9,13.46,E,8,0.56,E,8,41.0,E,8,822.9788000000001,E,8,999.0,E,8,1.05,E,8,-9900,?,9,-9900,?,9,0.0,E,8,-9900,?,9,-9900,?,9,0.0,0.0,E,8
09/08/2021,15:00,897.473,1345.466,384.77,1,8,59.417,1,8,345.152,1,8,46172.4,1,8,5644.569,1,8,37966.676,1,8,164.767,1,8,-9900,?,9,-9900,?,9,13.55,E,8,0.46,E,8,40.0,E,8,822.9788000000001,E,8,999.0,E,8,1.17,E,8,-9900,?,9,-9900,?,9,0.0,E,8,-9900,?,9,-9900,?,9,0.0,0.0,E,8
09/08/2021,16:00,653.673,1345.466,289.86,1,8,71.125,1,8,255.338,1,8,34783.2,1,8,6756.893,1,8,28087.141,1,8,167.451,1,8,-9900,?,9,-9900,?,9,13.34,E,8,0.69,E,8,41.0,E,8,822.9788000000001,E,8,999.0,E,8,0.59,E,8,-9900,?,9,-9900,?,9,0.0,E,8,-9900,?,9,-9900,?,9,0.0,0.0,E,8
09/08/2021,17:00,362.592,1345.466,171.43,1,8,210.503,1,8,114.909,1,8,20571.6,1,8,19997.827,1,8,12639.997,1,8,136.224,1,8,-9900,?,9,-9900,?,9,12.8,E,8,1.24,E,8,45.0,E,8,822.9788000000001,E,8,999.0,E,8,0.64,E,8,-9900,?,9,-9900,?,9,0.0,E,8,-9900,?,9,-9900,?,9,0.0,0.0,E,8
09/08/2021,18:00,48.626,1345.466,45.1,1,8,0.0,1,8,45.1,1,8,5412.0,1,8,0.0,1,8,4961.0,1,8,463.516,1,8,-9900,?,9,-9900,?,9,11.99,E,8,2.05,E,8,50.0,E,8,822.9788000000001,E,8,999.0,E,8,0.54,E,8,-9900,?,9,-9900,?,9,0.0,E,8,-9900,?,9,-9900,?,9,0.0,0.0,E,8
09/08/2021,19:00,0.0,1345.466,0.0,1,8,0.0,1,8,0.0,1,8,0.0,1,8,0.0,1,8,0.0,1,8,-0.0,1,8,-9900,?,9,-9900,?,9,11.33,E,8,2.67,E,8,55.0,E,8,822.9788000000001,E,8,999.0,E,8,0.54,E,8,-9900,?,9,-9900,?,9,0.0,E,8,-9900,?,9,-9900,?,9,0.0,0.0,E,8
09/08/2021,20:00,0.0,1345.466,0.0,1,8,0.0,1,8,0.0,1,8,0.0,1,8,0.0,1,8,0.0,1,8,-0.0,1,8,-9900,?,9,-9900,?,9,10.66,E,8,3.28,E,8,60.0,E,8,822.9788000000001,E,8,999.0,E,8,0.54,E,8,-9900,?,9,-9900,?,9,0.0,E,8,-9900,?,9,-9900,?,9,0.0,0.0,E,8
09/08/2021,21:00,0.0,1345.466,0.0,1,8,0.0,1,8,0.0,1,8,0.0,1,8,0.0,1,8,0.0,1,8,-0.0,1,8,-9900,?,9,-9900,?,9,10.0,E,8,3.86,E,8,65.0,E,8,822.9788000000001,E,8,999.0,E,8,0.54,E,8,-9900,?,9,-9900,?,9,0.0,E,8,-9900,?,9,-9900,?,9,0.0,0.0,E,8
09/08/2021,22:00,0.0,1345.466,0.0,1,8,0.0,1,8,0.0,1,8,0.0,1,8,0.0,1,8,0.0,1,8,-0.0,1,8,-9900,?,9,-9900,?,9,9.33,E,8,4.43,E,8,71.0,E,8,822.9788000000001,E,8,999.0,E,8,0.54,E,8,-9900,?,9,-9900,?,9,0.0,E,8,-9900,?,9,-9900,?,9,0.0,0.0,E,8
09/08/2021,23:00,0.0,1345.466,0.0,1,8,0.0,1,8,0.0,1,8,0.0,1,8,0.0,1,8,0.0,1,8,-0.0,1,8,-9900,?,9,-9900,?,9,8.67,E,8,4.96,E,8,77.0,E,8,822.9788000000001,E,8,999.0,E,8,0.54,E,8,-9900,?,9,-9900,?,9,0.0,E,8,-9900,?,9,-9900,?,9,0.0,0.0,E,8
09/08/2021,24:00,0.0,1345.466,0.0,1,8,0.0,1,8,0.0,1,8,0.0,1,8,0.0,1,8,0.0,1,8,-0.0,1,8,-9900,?,9,-9900,?,9,8.0,E,8,3.38,E,8,72.0,E,8,822.9788000000001,E,8,999.0,E,8,0.51,E,8,-9900,?,9,-9900,?,9,0.0,E,8,-9900,?,9,-9900,?,9,0.0,0.0,E,8
09/09/2021,01:00,0.0,1345.466,0.0,1,8,0.0,1,8,0.0,1,8,0.0,1,8,0.0,1,8,0.0,1,8,-0.0,1,8,-9900,?,9,-9900,?,9,7.67,E,8,3.57,E,8,75.0,E,8,822.9788000000001,E,8,999.0,E,8,0.51,E,8,-9900,?,9,-9900,?,9,0.0,E,8,-9900,?,9,-9900,?,9,0.0,0.0,E,8
09/09/2021,02:00,0.0,1345.466,0.0,1,8,0.0,1,8,0.0,1,8,0.0,1,8,0.0,1,8,0.0,1,8,-0.0,1,8,-9900,?,9,-9900,?,9,7.34,E,8,3.77,E,8,78.0,E,8,822.9788000000001,E,8,999.0,E,8,0.51,E,8,-9900,?,9,-9900,?,9,0.0,E,8,-9900,?,9,-9900,?,9,0.0,0.0,E,8
09/09/2021,03:00,0.0,1345.466,0.0,1,8,0.0,1,8,0.0,1,8,0.0,1,8,0.0,1,8,0.0,1,8,-0.0,1,8,-9900,?,9,-9900,?,9,7.0,E,8,3.97,E,8,80.0,E,8,822.9788000000001,E,8,999.0,E,8,0.51,E,8,-9900,?,9,-9900,?,9,0.0,E,8,-9900,?,9,-9900,?,9,0.0,0.0,E,8
09/09/2021,04:00,0.0,1346.169,0.0,1,8,0.0,1,8,0.0,1,8,0.0,1,8,0.0,1,8,0.0,1,8,-0.0,1,8,-9900,?,9,-9900,?,9,6.67,E,8,4.15,E,8,83.0,E,8,822.9788000000001,E,8,999.0,E,8,0.51,E,8,-9900,?,9,-9900,?,9,0.0,E,8,-9900,?,9,-9900,?,9,0.0,0.0,E,8
09/09/2021,05:00,0.0,1346.169,0.0,1,8,0.0,1,8,0.0,1,8,0.0,1,8,0.0,1,8,0.0,1,8,-0.0,1,8,-9900,?,9,-9900,?,9,6.34,E,8,4.34,E,8,87.0,E,8,822.9788000000001,E,8,999.0,E,8,0.51,E,8,-9900,?,9,-9900,?,9,0.0,E,8,-9900,?,9,-9900,?,9,0.0,0.0,E,8
09/09/2021,06:00,0.0,1346.169,0.0,1,8,0.0,1,8,0.0,1,8,0.0,1,8,0.0,1,8,0.0,1,8,-0.0,1,8,-9900,?,9,-9900,?,9,6.08,E,8,4.49,E,8,89.0,E,8,822.9788000000001,E,8,999.0,E,8,0.51,E,8,-9900,?,9,-9900,?,9,0.0,E,8,-9900,?,9,-9900,?,9,0.0,0.0,E,8
09/09/2021,07:00,196.99,1346.169,1.41,1,8,0.0,1,8,1.41,1,8,169.2,1,8,0.0,1,8,155.1,1,8,3.106,1,8,-9900,?,9,-9900,?,9,5.86,E,8,4.61,E,8,91.0,E,8,822.9788000000001,E,8,999.0,E,8,0.51,E,8,-9900,?,9,-9900,?,9,0.0,E,8,-9900,?,9,-9900,?,9,0.0,0.0,E,8
09/09/2021,08:00,505.263,1346.169,100.19,1,8,0.0,1,8,100.19,1,8,12022.8,1,8,0.0,1,8,11020.9,1,8,85.119,1,8,-9900,?,9,-9900,?,9,5.64,E,8,4.73,E,8,93.0,E,8,822.9788000000001,E,8,999.0,E,8,0.51,E,8,-9900,?,9,-9900,?,9,0.0,E,8,-9900,?,9,-9900,?,9,0.0,0.0,E,8
09/09/2021,09:00,777.272,1346.169,222.05,1,8,7.163,1,8,217.916,1,8,26646.0,1,8,680.519,1,8,23970.796,1,8,120.205,1,8,-9900,?,9,-9900,?,9,9.08,E,8,2.71,E,8,64.0,E,8,822.9788000000001,E,8,999.0,E,8,0.51,E,8,-9900,?,9,-9900,?,9,0.0,E,8,-9900,?,9,-9900,?,9,0.0,0.0,E,8
09/09/2021,10:00,993.546,1346.169,327.25,1,8,8.698,1,8,320.832,1,8,39270.0,1,8,826.349,1,8,35291.484,1,8,138.403,1,8,-9900,?,9,-9900,?,9,10.26,E,8,1.96,E,8,56.0,E,8,822.9788000000001,E,8,999.0,E,8,0.51,E,8,-9900,?,9,-9900,?,9,0.0,E,8,-9900,?,9,-9900,?,9,0.0,0.0,E,8
09/09/2021,11:00,1139.199,1346.169,405.8,1,8,8.751,1,8,398.396,1,8,48696.0,1,8,831.322,1,8,43823.506,1,8,149.87,1,8,-9900,?,9,-9900,?,9,11.27,E,8,1.28,E,8,50.0,E,8,822.9788000000001,E,8,999.0,E,8,0.51,E,8,-9900,?,9,-9900,?,9,0.0,E,8,-9900,?,9,-9900,?,9,0.0,0.0,E,8
09/09/2021,12:00,1204.263,1346.169,451.65,1,8,10.044,1,8,442.665,1,8,54198.0,1,8,954.185,1,8,48693.193,1,8,157.52,1,8,-9900,?,9,-9900,?,9,12.07,E,8,0.72,E,8,45.0,E,8,822.9788000000001,E,8,999.0,E,8,0.57,E,8,-9900,?,9,-9900,?,9,0.0,E,8,-9900,?,9,-9900,?,9,0.0,0.0,E,8
09/09/2021,13:00,1184.293,1346.169,461.47,1,8,11.694,1,8,451.183,1,8,55376.4,1,8,1110.945,1,8,49630.123,1,8,163.26,1,8,-9900,?,9,-9900,?,9,12.64,E,8,0.31,E,8,42.0,E,8,822.9788000000001,E,8,999.0,E,8,1.09,E,8,-9900,?,9,-9900,?,9,0.0,E,8,-9900,?,9,-9900,?,9,0.0,0.0,E,8
09/09/2021,14:00,1080.659,1346.169,434.56,1,8,57.476,1,8,388.428,1,8,52147.2,1,8,5460.218,1,8,42727.043,1,8,154.043,1,8,-9900,?,9,-9900,?,9,12.96,E,8,0.07,E,8,41.0,E,8,822.9788000000001,E,8,999.0,E,8,1.5,E,8,-9900,?,9,-9900,?,9,0.0,E,8,-9900,?,9,-9900,?,9,0.0,0.0,E,8
09/09/2021,15:00,900.457,1346.169,372.85,1,8,51.51,1,8,338.407,1,8,44742.0,1,8,4893.477,1,8,37224.777,1,8,161.095,1,8,-9900,?,9,-9900,?,9,13.04,E,8,0.01,E,8,40.0,E,8,822.9788000000001,E,8,999.0,E,8,1.5,E,8,-9900,?,9,-9900,?,9,0.0,E,8,-9900,?,9,-9900,?,9,0.0,0.0,E,8
09/09/2021,16:00,656.052,1346.169,280.93,1,8,61.69,1,8,250.894,1,8,33711.6,1,8,5860.523,1,8,27598.329,1,8,164.025,1,8,-9900,?,9,-9900,?,9,12.77,E,8,0.21,E,8,42.0,E,8,822.9788000000001,E,8,999.0,E,8,0.53,E,8,-9900,?,9,-9900,?,9,0.0,E,8,-9900,?,9,-9900,?,9,0.0,0.0,E,8
09/09/2021,17:00,364.415,1346.169,166.3,1,8,177.923,1,8,118.31,1,8,19956.0,1,8,16902.7,1,8,13014.123,1,8,139.623,1,8,-9900,?,9,-9900,?,9,12.15,E,8,0.66,E,8,45.0,E,8,822.9788000000001,E,8,999.0,E,8,0.51,E,8,-9900,?,9,-9900,?,9,0.0,E,8,-9900,?,9,-9900,?,9,0.0,0.0,E,8
09/09/2021,18:00,49.903,1346.169,44.02,1,8,0.0,1,8,44.02,1,8,5282.4,1,8,0.0,1,8,4842.2,1,8,438.265,1,8,-9900,?,9,-9900,?,9,11.23,E,8,1.31,E,8,50.0,E,8,822.9788000000001,E,8,999.0,E,8,0.51,E,8,-9900,?,9,-9900,?,9,0.0,E,8,-9900,?,9,-9900,?,9,0.0,0.0,E,8
09/09/2021,19:00,0.0,1346.169,0.0,1,8,0.0,1,8,0.0,1,8,0.0,1,8,0.0,1,8,0.0,1,8,-0.0,1,8,-9900,?,9,-9900,?,9,10.6,E,8,1.73,E,8,54.0,E,8,822.9788000000001,E,8,999.0,E,8,0.51,E,8,-9900,?,9,-9900,?,9,0.0,E,8,-9900,?,9,-9900,?,9,0.0,0.0,E,8
09/09/2021,20:00,0.0,1346.169,0.0,1,8,0.0,1,8,0.0,1,8,0.0,1,8,0.0,1,8,0.0,1,8,-0.0,1,8,-9900,?,9,-9900,?,9,9.97,E,8,2.15,E,8,58.0,E,8,822.9788000000001,E,8,999.0,E,8,0.51,E,8,-9900,?,9,-9900,?,9,0.0,E,8,-9900,?,9,-9900,?,9,0.0,0.0,E,8
09/09/2021,21:00,0.0,1346.169,0.0,1,8,0.0,1,8,0.0,1,8,0.0,1,8,0.0,1,8,0.0,1,8,-0.0,1,8,-9900,?,9,-9900,?,9,9.34,E,8,2.55,E,8,62.0,E,8,822.9788000000001,E,8,999.0,E,8,0.51,E,8,-9900,?,9,-9900,?,9,0.0,E,8,-9900,?,9,-9900,?,9,0.0,0.0,E,8
09/09/2021,22:00,0.0,1346.169,0.0,1,8,0.0,1,8,0.0,1,8,0.0,1,8,0.0,1,8,0.0,1,8,-0.0,1,8,-9900,?,9,-9900,?,9,8.72,E,8,2.94,E,8,66.0,E,8,822.9788000000001,E,8,999.0,E,8,0.51,E,8,-9900,?,9,-9900,?,9,0.0,E,8,-9900,?,9,-9900,?,9,0.0,0.0,E,8
09/09/2021,23:00,0.0,1346.169,0.0,1,8,0.0,1,8,0.0,1,8,0.0,1,8,0.0,1,8,0.0,1,8,-0.0,1,8,-9900,?,9,-9900,?,9,8.09,E,8,3.32,E,8,71.0,E,8,822.9788000000001,E,8,999.0,E,8,0.51,E,8,-9900,?,9,-9900,?,9,0.0,E,8,-9900,?,9,-9900,?,9,0.0,0.0,E,8
09/09/2021,24:00,0.0,1346.169,0.0,1,8,0.0,1,8,0.0,1,8,0.0,1,8,0.0,1,8,0.0,1,8,-0.0,1,8,-9900,?,9,-9900,?,9,7.46,E,8,2.14,E,8,68.0,E,8,822.9788000000001,E,8,999.0,E,8,0.46,E,8,-9900,?,9,-9900,?,9,0.0,E,8,-9900,?,9,-9900,?,9,0.0,0.0,E,8
09/10/2021,01:00,0.0,1346.169,0.0,1,8,0.0,1,8,0.0,1,8,0.0,1,8,0.0,1,8,0.0,1,8,-0.0,1,8,-9900,?,9,-9900,?,9,7.14,E,8,2.43,E,8,71.0,E,8,822.9788000000001,E,8,999.0,E,8,0.46,E,8,-9900,?,9,-9900,?,9,0.0,E,8,-9900,?,9,-9900,?,9,0.0,0.0,E,8
09/10/2021,02:00,0.0,1346.169,0.0,1,8,0.0,1,8,0.0,1,8,0.0,1,8,0.0,1,8,0.0,1,8,-0.0,1,8,-9900,?,9,-9900,?,9,6.83,E,8,2.71,E,8,75.0,E,8,822.9788000000001,E,8,999.0,E,8,0.46,E,8,-9900,?,9,-9900,?,9,0.0,E,8,-9900,?,9,-9900,?,9,0.0,0.0,E,8
09/10/2021,03:00,0.0,1346.169,0.0,1,8,0.0,1,8,0.0,1,8,0.0,1,8,0.0,1,8,0.0,1,8,-0.0,1,8,-9900,?,9,-9900,?,9,6.52,E,8,2.99,E,8,78.0,E,8,822.9788000000001,E,8,999.0,E,8,0.46,E,8,-9900,?,9,-9900,?,9,0.0,E,8,-9900,?,9,-9900,?,9,0.0,0.0,E,8
09/10/2021,04:00,0.0,1346.878,0.0,1,8,0.0,1,8,0.0,1,8,0.0,1,8,0.0,1,8,0.0,1,8,-0.0,1,8,-9900,?,9,-9900,?,9,6.2,E,8,3.27,E,8,81.0,E,8,822.9788000000001,E,8,999.0,E,8,0.46,E,8,-9900,?,9,-9900,?,9,0.0,E,8,-9900,?,9,-9900,?,9,0.0,0.0,E,8
09/10/2021,05:00,0.0,1346.878,0.0,1,8,0.0,1,8,0.0,1,8,0.0,1,8,0.0,1,8,0.0,1,8,-0.0,1,8,-9900,?,9,-9900,?,9,5.89,E,8,3.54,E,8,84.0,E,8,822.9788000000001,E,8,999.0,E,8,0.46,E,8,-9900,?,9,-9900,?,9,0.0,E,8,-9900,?,9,-9900,?,9,0.0,0.0,E,8
09/10/2021,06:00,0.0,1346.878,0.0,1,8,0.0,1,8,0.0,1,8,0.0,1,8,0.0,1,8,0.0,1,8,-0.0,1,8,-9900,?,9,-9900,?,9,5.64,E,8,3.75,E,8,87.0,E,8,822.9788000000001,E,8,999.0,E,8,0.46,E,8,-9900,?,9,-9900,?,9,0.0,E,8,-9900,?,9,-9900,?,9,0.0,0.0,E,8
09/10/2021,07:00,202.226,1346.878,2.39,1,8,0.0,1,8,2.39,1,8,286.8,1,8,0.0,1,8,262.9,1,8,5.128,1,8,-9900,?,9,-9900,?,9,5.44,E,8,3.92,E,8,89.0,E,8,822.9788000000001,E,8,999.0,E,8,0.46,E,8,-9900,?,9,-9900,?,9,0.0,E,8,-9900,?,9,-9900,?,9,0.0,0.0,E,8
09/10/2021,08:00,510.732,1346.878,50.26,1,8,0.0,1,8,50.26,1,8,6031.2,1,8,0.0,1,8,5528.6,1,8,42.263,1,8,-9900,?,9,-9900,?,9,5.23,E,8,4.09,E,8,92.0,E,8,822.9788000000001,E,8,999.0,E,8,0.46,E,8,-9900,?,9,-9900,?,9,0.0,E,8,-9900,?,9,-9900,?,9,0.0,0.0,E,8
09/10/2021,09:00,782.776,1346.878,294.74,1,8,54.222,1,8,263.245,1,8,35368.8,1,8,5151.096,1,8,28956.999,1,8,144.262,1,8,-9900,?,9,-9900,?,9,8.5,E,8,1.14,E,8,59.0,E,8,822.9788000000001,E,8,999.0,E,8,0.46,E,8,-9900,?,9,-9900,?,9,0.0,E,8,-9900,?,9,-9900,?,9,0.0,0.0,E,8
09/10/2021,10:00,998.918,1346.878,433.01,1,8,42.77,1,8,401.297,1,8,51961.2,1,8,4063.111,1,8,44142.708,1,8,172.274,1,8,-9900,?,9,-9900,?,9,10.14,E,8,-0.52,E,8,47.0,E,8,822.9788000000001,E,8,999.0,E,8,0.46,E,8,-9900,?,9,-9900,?,9,0.0,E,8,-9900,?,9,-9900,?,9,0.0,0.0,E,8
09/10/2021,11:00,1144.288,1346.878,536.14,1,8,100.803,1,8,450.509,1,8,64336.8,1,8,9576.327,1,8,49555.938,1,8,168.809,1,8,-9900,?,9,-9900,?,9,11.45,E,8,-1.87,E,8,38.0,E,8,822.9788000000001,E,8,999.0,E,8,0.46,E,8,-9900,?,9,-9900,?,9,0.0,E,8,-9900,?,9,-9900,?,9,0.0,0.0,E,8
09/10/2021,12:00,1208.936,1346.878,596.21,1,8,118.166,1,8,490.153,1,8,71545.2,1,8,11225.799,1,8,53916.863,1,8,173.835,1,8,-9900,?,9,-9900,?,9,12.47,E,8,-3.04,E,8,32.0,E,8,822.9788000000001,E,8,999.0,E,8,0.46,E,8,-9900,?,9,-9900,?,9,0.0,E,8,-9900,?,9,-9900,?,9,0.0,0.0,E,8
09/10/2021,13:00,1188.447,1346.878,608.85,1,8,140.167,1,8,485.181,1,8,73062.0,1,8,13315.841,1,8,53369.924,1,8,175.041,1,8,-9900,?,9,-9900,?,9,13.18,E,8,-3.91,E,8,29.0,E,8,822.9788000000001,E,8,999.0,E,8,0.97,E,8,-9900,?,9,-9900,?,9,0.0,E,8,-9900,?,9,-9900,?,9,0.0,0.0,E,8
09/10/2021,14:00,1084.227,1346.878,573.16,1,8,172.145,1,8,434.607,1,8,68779.2,1,8,16353.777,1,8,47806.728,1,8,171.879,1,8,-9900,?,9,-9900,?,9,13.6,E,8,-4.46,E,8,27.0,E,8,822.9788000000001,E,8,999.0,E,8,1.74,E,8,-9900,?,9,-9900,?,9,0.0,E,8,-9900,?,9,-9900,?,9,0.0,0.0,E,8
09/10/2021,15:00,903.41,1346.878,491.71,1,8,114.898,1,8,414.67,1,8,59005.2,1,8,10915.33,1,8,45613.739,1,8,196.858,1,8,-9900,?,9,-9900,?,9,13.72,E,8,-4.62,E,8,26.0,E,8,822.9788000000001,E,8,999.0,E,8,1.52,E,8,-9900,?,9,-9900,?,9,0.0,E,8,-9900,?,9,-9900,?,9,0.0,0.0,E,8
09/10/2021,16:00,658.405,1346.878,370.54,1,8,285.087,1,8,231.309,1,8,44464.8,1,8,27083.223,1,8,25443.951,1,8,150.758,1,8,-9900,?,9,-9900,?,9,13.44,E,8,-4.25,E,8,27.0,E,8,822.9788000000001,E,8,999.0,E,8,1.29,E,8,-9900,?,9,-9900,?,9,0.0,E,8,-9900,?,9,-9900,?,9,0.0,0.0,E,8
09/10/2021,17:00,366.222,1346.878,219.55,1,8,397.75,1,8,111.789,1,8,26346.0,1,8,37786.235,1,8,12296.809,1,8,131.341,1,8,-9900,?,9,-9900,?,9,12.73,E,8,-3.35,E,8,31.0,E,8,822.9788000000001,E,8,999.0,E,8,0.46,E,8,-9900,?,9,-9900,?,9,0.0,E,8,-9900,?,9,-9900,?,9,0.0,0.0,E,8
09/10/2021,18:00,51.177,1346.878,58.48,1,8,0.0,1,8,58.48,1,8,7017.6,1,8,0.0,1,8,6432.8,1,8,564.647,1,8,-9900,?,9,-9900,?,9,11.68,E,8,-2.13,E,8,37.0,E,8,822.9788000000001,E,8,999.0,E,8,0.46,E,8,-9900,?,9,-9900,?,9,0.0,E,8,-9900,?,9,-9900,?,9,0.0,0.0,E,8
09/10/2021,19:00,0.0,1346.878,0.0,1,8,0.0,1,8,0.0,1,8,0.0,1,8,0.0,1,8,0.0,1,8,-0.0,1,8,-9900,?,9,-9900,?,9,11.02,E,8,-1.41,E,8,41.0,E,8,822.9788000000001,E,8,999.0,E,8,0.46,E,8,-9900,?,9,-9900,?,9,0.0,E,8,-9900,?,9,-9900,?,9,0.0,0.0,E,8
09/10/2021,20:00,0.0,1346.878,0.0,1,8,0.0,1,8,0.0,1,8,0.0,1,8,0.0,1,8,0.0,1,8,-0.0,1,8,-9900,?,9,-9900,?,9,10.35,E,8,-0.72,E,8,45.0,E,8,822.9788000000001,E,8,999.0,E,8,0.46,E,8,-9900,?,9,-9900,?,9,0.0,E,8,-9900,?,9,-9900,?,9,0.0,0.0,E,8
09/10/2021,21:00,0.0,1346.878,0.0,1,8,0.0,1,8,0.0,1,8,0.0,1,8,0.0,1,8,0.0,1,8,-0.0,1,8,-9900,?,9,-9900,?,9,9.69,E,8,-0.08,E,8,50.0,E,8,822.9788000000001,E,8,999.0,E,8,0.46,E,8,-9900,?,9,-9900,?,9,0.0,E,8,-9900,?,9,-9900,?,9,0.0,0.0,E,8
09/10/2021,22:00,0.0,1346.878,0.0,1,8,0.0,1,8,0.0,1,8,0.0,1,8,0.0,1,8,0.0,1,8,-0.0,1,8,-9900,?,9,-9900,?,9,9.03,E,8,0.6,E,8,55.0,E,8,822.9788000000001,E,8,999.0,E,8,0.46,E,8,-9900,?,9,-9900,?,9,0.0,E,8,-9900,?,9,-9900,?,9,0.0,0.0,E,8
09/10/2021,23:00,0.0,1346.878,0.0,1,8,0.0,1,8,0.0,1,8,0.0,1,8,0.0,1,8,0.0,1,8,-0.0,1,8,-9900,?,9,-9900,?,9,8.37,E,8,1.27,E,8,60.0,E,8,822.9788000000001,E,8,999.0,E,8,0.46,E,8,-9900,?,9,-9900,?,9,0.0,E,8,-9900,?,9,-9900,?,9,0.0,0.0,E,8
09/10/2021,24:00,0.0,1346.878,0.0,1,8,0.0,1,8,0.0,1,8,0.0,1,8,0.0,1,8,0.0,1,8,-0.0,1,8,-9900,?,9,-9900,?,9,7.7,E,8,1.78,E,8,66.0,E,8,822.9788000000001,E,8,999.0,E,8,0.23,E,8,-9900,?,9,-9900,?,9,0.0,E,8,-9900,?,9,-9900,?,9,0.0,0.0,E,8
09/11/2021,01:00,0.0,1346.878,0.0,1,8,0.0,1,8,0.0,1,8,0.0,1,8,0.0,1,8,0.0,1,8,-0.0,1,8,-9900,?,9,-9900,?,9,7.37,E,8,2.19,E,8,69.0,E,8,822.9788000000001,E,8,999.0,E,8,0.23,E,8,-9900,?,9,-9900,?,9,0.0,E,8,-9900,?,9,-9900,?,9,0.0,0.0,E,8
09/11/2021,02:00,0.0,1346.878,0.0,1,8,0.0,1,8,0.0,1,8,0.0,1,8,0.0,1,8,0.0,1,8,-0.0,1,8,-9900,?,9,-9900,?,9,7.04,E,8,2.6,E,8,73.0,E,8,822.9788000000001,E,8,999.0,E,8,0.23,E,8,-9900,?,9,-9900,?,9,0.0,E,8,-9900,?,9,-9900,?,9,0.0,0.0,E,8
09/11/2021,03:00,0.0,1346.878,0.0,1,8,0.0,1,8,0.0,1,8,0.0,1,8,0.0,1,8,0.0,1,8,-0.0,1,8,-9900,?,9,-9900,?,9,6.71,E,8,2.99,E,8,77.0,E,8,822.9788000000001,E,8,999.0,E,8,0.23,E,8,-9900,?,9,-9900,?,9,0.0,E,8,-9900,?,9,-9900,?,9,0.0,0.0,E,8
09/11/2021,04:00,0.0,1347.593,0.0,1,8,0.0,1,8,0.0,1,8,0.0,1,8,0.0,1,8,0.0,1,8,-0.0,1,8,-9900,?,9,-9900,?,9,6.38,E,8,3.38,E,8,81.0,E,8,822.9788000000001,E,8,999.0,E,8,0.23,E,8,-9900,?,9,-9900,?,9,0.0,E,8,-9900,?,9,-9900,?,9,0.0,0.0,E,8
09/11/2021,05:00,0.0,1347.593,0.0,1,8,0.0,1,8,0.0,1,8,0.0,1,8,0.0,1,8,0.0,1,8,-0.0,1,8,-9900,?,9,-9900,?,9,6.05,E,8,3.76,E,8,85.0,E,8,822.9788000000001,E,8,999.0,E,8,0.23,E,8,-9900,?,9,-9900,?,9,0.0,E,8,-9900,?,9,-9900,?,9,0.0,0.0,E,8
09/11/2021,06:00,0.0,1347.593,0.0,1,8,0.0,1,8,0.0,1,8,0.0,1,8,0.0,1,8,0.0,1,8,-0.0,1,8,-9900,?,9,-9900,?,9,5.79,E,8,4.05,E,8,88.0,E,8,822.9788000000001,E,8,999.0,E,8,0.23,E,8,-9900,?,9,-9900,?,9,0.0,E,8,-9900,?,9,-9900,?,9,0.0,0.0,E,8
09/11/2021,07:00,207.489,1347.593,3.05,1,8,0.0,1,8,3.05,1,8,366.0,1,8,0.0,1,8,335.5,1,8,6.378,1,8,-9900,?,9,-9900,?,9,5.57,E,8,4.29,E,8,91.0,E,8,822.9788000000001,E,8,999.0,E,8,0.23,E,8,-9900,?,9,-9900,?,9,0.0,E,8,-9900,?,9,-9900,?,9,0.0,0.0,E,8
09/11/2021,08:00,516.212,1347.593,138.68,1,8,18.799,1,8,131.491,1,8,16641.6,1,8,1785.944,1,8,14463.991,1,8,109.449,1,8,-9900,?,9,-9900,?,9,5.35,E,8,4.52,E,8,94.0,E,8,822.9788000000001,E,8,999.0,E,8,0.23,E,8,-9900,?,9,-9900,?,9,0.0,E,8,-9900,?,9,-9900,?,9,0.0,0.0,E,8
09/11/2021,09:00,788.277,1347.593,301.08,1,8,8.144,1,8,296.319,1,8,36129.6,1,8,773.717,1,8,32595.047,1,8,161.337,1,8,-9900,?,9,-9900,?,9,9.54,E,8,-0.68,E,8,48.0,E,8,822.9788000000001,E,8,999.0,E,8,0.23,E,8,-9900,?,9,-9900,?,9,0.0,E,8,-9900,?,9,-9900,?,9,0.0,0.0,E,8
09/11/2021,10:00,1004.277,1347.593,440.95,1,8,44.873,1,8,407.517,1,8,52914.0,1,8,4262.949,1,8,44826.838,1,8,174.102,1,8,-9900,?,9,-9900,?,9,10.94,E,8,-2.7,E,8,37.0,E,8,822.9788000000001,E,8,999.0,E,8,0.23,E,8,-9900,?,9,-9900,?,9,0.0,E,8,-9900,?,9,-9900,?,9,0.0,0.0,E,8
09/11/2021,11:00,1149.353,1347.593,545.16,1,8,105.643,1,8,455.068,1,8,65419.2,1,8,10036.051,1,8,50057.48,1,8,169.855,1,8,-9900,?,9,-9900,?,9,12.14,E,8,-4.71,E,8,29.0,E,8,822.9788000000001,E,8,999.0,E,8,0.28,E,8,-9900,?,9,-9900,?,9,0.0,E,8,-9900,?,9,-9900,?,9,0.0,0.0,E,8
09/11/2021,12:00,1213.579,1347.593,605.72,1,8,123.803,1,8,494.236,1,8,72686.4,1,8,11761.321,1,8,54365.978,1,8,174.705,1,8,-9900,?,9,-9900,?,9,13.09,E,8,-6.58,E,8,23.0,E,8,822.9788000000001,E,8,999.0,E,8,0.36,E,8,-9900,?,9,-9900,?,9,0.0,E,8,-9900,?,9,-9900,?,9,0.0,0.0,E,8
09/11/2021,13:00,1192.567,1347.593,618.23,1,8,146.778,1,8,488.348,1,8,74187.6,1,8,13943.899,1,8,53718.274,1,8,175.667,1,8,-9900,?,9,-9900,?,9,13.77,E,8,-8.1,E,8,19.0,E,8,822.9788000000001,E,8,999.0,E,8,1.05,E,8,-9900,?,9,-9900,?,9,0.0,E,8,-9900,?,9,-9900,?,9,0.0,0.0,E,8
09/11/2021,14:00,1087.759,1347.593,581.8,1,8,180.056,1,8,436.484,1,8,69816.0,1,8,17105.336,1,8,48013.229,1,8,172.152,1,8,-9900,?,9,-9900,?,9,14.15,E,8,-9.05,E,8,17.0,E,8,822.9788000000001,E,8,999.0,E,8,1.74,E,8,-9900,?,9,-9900,?,9,0.0,E,8,-9900,?,9,-9900,?,9,0.0,0.0,E,8
09/11/2021,15:00,906.332,1347.593,499.06,1,8,201.361,1,8,363.682,1,8,59887.2,1,8,19129.291,1,8,40004.977,1,8,172.186,1,8,-9900,?,9,-9900,?,9,14.24,E,8,-9.27,E,8,17.0,E,8,822.9788000000001,E,8,999.0,E,8,2.56,E,8,-9900,?,9,-9900,?,9,0.0,E,8,-9900,?,9,-9900,?,9,0.0,0.0,E,8
09/11/2021,16:00,660.733,1347.593,376.14,1,8,296.446,1,8,230.925,1,8,45136.8,1,8,28162.361,1,8,25401.751,1,8,150.057,1,8,-9900,?,9,-9900,?,9,13.91,E,8,-8.44,E,8,18.0,E,8,822.9788000000001,E,8,999.0,E,8,1.68,E,8,-9900,?,9,-9900,?,9,0.0,E,8,-9900,?,9,-9900,?,9,0.0,0.0,E,8
09/11/2021,17:00,368.014,1347.593,223.06,1,8,409.267,1,8,111.692,1,8,26767.2,1,8,38880.34,1,8,12286.107,1,8,130.652,1,8,-9900,?,9,-9900,?,9,13.16,E,8,-6.73,E,8,22.0,E,8,822.9788000000001,E,8,999.0,E,8,1.55,E,8,-9900,?,9,-9900,?,9,0.0,E,8,-9900,?,9,-9900,?,9,0.0,0.0,E,8
09/11/2021,18:00,52.451,1347.593,59.78,1,8,0.0,1,8,59.78,1,8,7173.6,1,8,0.0,1,8,6575.8,1,8,560.346,1,8,-9900,?,9,-9900,?,9,12.06,E,8,-4.57,E,8,29.0,E,8,822.9788000000001,E,8,999.0,E,8,1.29,E,8,-9900,?,9,-9900,?,9,0.0,E,8,-9900,?,9,-9900,?,9,0.0,0.0,E,8
09/11/2021,19:00,0.0,1347.593,0.0,1,8,0.0,1,8,0.0,1,8,0.0,1,8,0.0,1,8,0.0,1,8,-0.0,1,8,-9900,?,9,-9900,?,9,11.42,E,8,-3.47,E,8,33.0,E,8,822.9788000000001,E,8,999.0,E,8,0.76,E,8,-9900,?,9,-9900,?,9,0.0,E,8,-9900,?,9,-9900,?,9,0.0,0.0,E,8
09/11/2021,20:00,0.0,1347.593,0.0,1,8,0.0,1,8,0.0,1,8,0.0,1,8,0.0,1,8,0.0,1,8,-0.0,1,8,-9900,?,9,-9900,?,9,10.77,E,8,-2.43,E,8,38.0,E,8,822.9788000000001,E,8,999.0,E,8,0.23,E,8,-9900,?,9,-9900,?,9,0.0,E,8,-9900,?,9,-9900,?,9,0.0,0.0,E,8
09/11/2021,21:00,0.0,1347.593,0.0,1,8,0.0,1,8,0.0,1,8,0.0,1,8,0.0,1,8,0.0,1,8,-0.0,1,8,-9900,?,9,-9900,?,9,10.13,E,8,-1.49,E,8,43.0,E,8,822.9788000000001,E,8,999.0,E,8,0.23,E,8,-9900,?,9,-9900,?,9,0.0,E,8,-9900,?,9,-9900,?,9,0.0,0.0,E,8
09/11/2021,22:00,0.0,1347.593,0.0,1,8,0.0,1,8,0.0,1,8,0.0,1,8,0.0,1,8,0.0,1,8,-0.0,1,8,-9900,?,9,-9900,?,9,9.48,E,8,-0.6,E,8,49.0,E,8,822.9788000000001,E,8,999.0,E,8,0.23,E,8,-9900,?,9,-9900,?,9,0.0,E,8,-9900,?,9,-9900,?,9,0.0,0.0,E,8
09/11/2021,23:00,0.0,1347.593,0.0,1,8,0.0,1,8,0.0,1,8,0.0,1,8,0.0,1,8,0.0,1,8,-0.0,1,8,-9900,?,9,-9900,?,9,8.84,E,8,0.25,E,8,54.0,E,8,822.9788000000001,E,8,999.0,E,8,0.23,E,8,-9900,?,9,-9900,?,9,0.0,E,8,-9900,?,9,-9900,?,9,0.0,0.0,E,8
09/11/2021,24:00,0.0,1347.593,0.0,1,8,0.0,1,8,0.0,1,8,0.0,1,8,0.0,1,8,0.0,1,8,-0.0,1,8,-9900,?,9,-9900,?,9,8.2,E,8,4.16,E,8,80.0,E,8,822.9788000000001,E,8,999.0,E,8,0.37,E,8,-9900,?,9,-9900,?,9,0.001,E,8,-9900,?,9,-9900,?,9,0.01,99.0,E,8
09/12/2021,01:00,0.0,1347.593,0.0,1,8,0.0,1,8,0.0,1,8,0.0,1,8,0.0,1,8,0.0,1,8,-0.0,1,8,-9900,?,9,-9900,?,9,7.87,E,8,4.33,E,8,78.0,E,8,822.9788000000001,E,8,999.0,E,8,0.42,E,8,-9900,?,9,-9900,?,9,0.0,E,8,-9900,?,9,-9900,?,9,0.0,0.0,E,8
09/12/2021,02:00,0.0,1347.593,0.0,1,8,0.0,1,8,0.0,1,8,0.0,1,8,0.0,1,8,0.0,1,8,-0.0,1,8,-9900,?,9,-9900,?,9,7.55,E,8,4.49,E,8,85.0,E,8,822.9788000000001,E,8,999.0,E,8,0.28,E,8,-9900,?,9,-9900,?,9,0.012,E,8,-9900,?,9,-9900,?,9,0.12,99.0,E,8
09/12/2021,03:00,0.0,1347.593,0.0,1,8,0.0,1,8,0.0,1,8,0.0,1,8,0.0,1,8,0.0,1,8,-0.0,1,8,-9900,?,9,-9900,?,9,7.23,E,8,4.65,E,8,93.0,E,8,822.9788000000001,E,8,999.0,E,8,0.32,E,8,-9900,?,9,-9900,?,9,0.279,E,8,-9900,?,9,-9900,?,9,2.79,99.0,E,8
09/12/2021,04:00,0.0,1348.315,0.0,1,8,0.0,1,8,0.0,1,8,0.0,1,8,0.0,1,8,0.0,1,8,-0.0,1,8,-9900,?,9,-9900,?,9,6.91,E,8,4.81,E,8,86.0,E,8,822.9788000000001,E,8,999.0,E,8,0.43,E,8,-9900,?,9,-9900,?,9,0.0,E,8,-9900,?,9,-9900,?,9,0.0,0.0,E,8
09/12/2021,05:00,0.0,1348.315,0.0,1,8,0.0,1,8,0.0,1,8,0.0,1,8,0.0,1,8,0.0,1,8,-0.0,1,8,-9900,?,9,-9900,?,9,6.59,E,8,4.97,E,8,89.0,E,8,822.9788000000001,E,8,999.0,E,8,0.92,E,8,-9900,?,9,-9900,?,9,0.0,E,8,-9900,?,9,-9900,?,9,0.0,0.0,E,8
09/12/2021,06:00,0.0,1348.315,0.0,1,8,0.0,1,8,0.0,1,8,0.0,1,8,0.0,1,8,0.0,1,8,-0.0,1,8,-9900,?,9,-9900,?,9,6.34,E,8,5.09,E,8,91.0,E,8,822.9788000000001,E,8,999.0,E,8,0.89,E,8,-9900,?,9,-9900,?,9,0.0,E,8,-9900,?,9,-9900,?,9,0.0,0.0,E,8
09/12/2021,07:00,212.775,1348.315,2.8,1,8,0.0,1,8,2.8,1,8,336.0,1,8,0.0,1,8,308.0,1,8,5.709,1,8,-9900,?,9,-9900,?,9,6.12,E,8,5.19,E,8,93.0,E,8,822.9788000000001,E,8,999.0,E,8,0.92,E,8,-9900,?,9,-9900,?,9,0.0,E,8,-9900,?,9,-9900,?,9,0.0,0.0,E,8
09/12/2021,08:00,521.701,1348.315,104.97,1,8,0.0,1,8,104.97,1,8,12596.4,1,8,0.0,1,8,11546.7,1,8,86.497,1,8,-9900,?,9,-9900,?,9,5.91,E,8,5.29,E,8,95.0,E,8,822.9788000000001,E,8,999.0,E,8,0.68,E,8,-9900,?,9,-9900,?,9,0.0,E,8,-9900,?,9,-9900,?,9,0.0,0.0,E,8
09/12/2021,09:00,793.772,1348.315,225.64,1,8,7.054,1,8,221.49,1,8,27076.8,1,8,670.101,1,8,24363.865,1,8,119.823,1,8,-9900,?,9,-9900,?,9,9.94,E,8,3.24,E,8,63.0,E,8,822.9788000000001,E,8,999.0,E,8,0.99,E,8,-9900,?,9,-9900,?,9,0.0,E,8,-9900,?,9,-9900,?,9,0.0,0.0,E,8
09/12/2021,10:00,1009.618,1348.315,329.44,1,8,8.389,1,8,323.16,1,8,39532.8,1,8,796.96,1,8,35547.569,1,8,137.405,1,8,-9900,?,9,-9900,?,9,11.27,E,8,2.5,E,8,54.0,E,8,822.9788000000001,E,8,999.0,E,8,1.3,E,8,-9900,?,9,-9900,?,9,0.0,E,8,-9900,?,9,-9900,?,9,0.0,0.0,E,8
09/12/2021,11:00,1154.392,1348.315,406.7,1,8,8.383,1,8,399.523,1,8,48804.0,1,8,796.416,1,8,43947.55,1,8,148.551,1,8,-9900,?,9,-9900,?,9,12.41,E,8,1.84,E,8,48.0,E,8,822.9788000000001,E,8,999.0,E,8,1.64,E,8,-9900,?,9,-9900,?,9,0.0,E,8,-9900,?,9,-9900,?,9,0.0,0.0,E,8
09/12/2021,12:00,1218.188,1348.315,451.49,1,8,9.58,1,8,442.835,1,8,54178.8,1,8,910.109,1,8,48711.856,1,8,156.026,1,8,-9900,?,9,-9900,?,9,13.31,E,8,1.3,E,8,43.0,E,8,822.9788000000001,E,8,999.0,E,8,1.32,E,8,-9900,?,9,-9900,?,9,0.0,E,8,-9900,?,9,-9900,?,9,0.0,0.0,E,8
09/12/2021,13:00,1196.65,1348.315,460.57,1,8,11.111,1,8,450.71,1,8,55268.4,1,8,1055.551,1,8,49578.049,1,8,161.661,1,8,-9900,?,9,-9900,?,9,13.94,E,8,0.9,E,8,40.0,E,8,822.9788000000001,E,8,999.0,E,8,1.26,E,8,-9900,?,9,-9900,?,9,0.0,E,8,-9900,?,9,-9900,?,9,0.0,0.0,E,8
09/12/2021,14:00,1091.256,1348.315,433.29,1,8,13.499,1,8,422.367,1,8,51994.8,1,8,1282.365,1,8,46460.331,1,8,166.139,1,8,-9900,?,9,-9900,?,9,14.3,E,8,0.67,E,8,39.0,E,8,822.9788000000001,E,8,999.0,E,8,0.74,E,8,-9900,?,9,-9900,?,9,0.0,E,8,-9900,?,9,-9900,?,9,0.0,0.0,E,8
09/12/2021,15:00,909.221,1348.315,371.62,1,8,48.615,1,8,338.848,1,8,44594.4,1,8,4618.439,1,8,37273.329,1,8,160.004,1,8,-9900,?,9,-9900,?,9,14.38,E,8,0.62,E,8,39.0,E,8,822.9788000000001,E,8,999.0,E,8,0.8,E,8,-9900,?,9,-9900,?,9,0.0,E,8,-9900,?,9,-9900,?,9,0.0,0.0,E,8
09/12/2021,16:00,663.037,1348.315,280.13,1,8,58.09,1,8,251.59,1,8,33615.6,1,8,5518.54,1,8,27674.939,1,8,163.003,1,8,-9900,?,9,-9900,?,9,14.07,E,8,0.82,E,8,40.0,E,8,822.9788000000001,E,8,999.0,E,8,0.64,E,8,-9900,?,9,-9900,?,9,0.0,E,8,-9900,?,9,-9900,?,9,0.0,0.0,E,8
09/12/2021,17:00,369.791,1348.315,166.27,1,8,215.248,1,8,107.444,1,8,19952.4,1,8,20448.514,1,8,11818.889,1,8,125.143,1,8,-9900,?,9,-9900,?,9,13.35,E,8,1.27,E,8,43.0,E,8,822.9788000000001,E,8,999.0,E,8,0.32,E,8,-9900,?,9,-9900,?,9,0.0,E,8,-9900,?,9,-9900,?,9,0.0,0.0,E,8
09/12/2021,18:00,53.723,1348.315,44.83,1,8,0.0,1,8,44.83,1,8,5379.6,1,8,0.0,1,8,4931.3,1,8,408.332,1,8,-9900,?,9,-9900,?,9,12.3,E,8,1.91,E,8,48.0,E,8,822.9788000000001,E,8,999.0,E,8,0.76,E,8,-9900,?,9,-9900,?,9,0.0,E,8,-9900,?,9,-9900,?,9,0.0,0.0,E,8
09/12/2021,19:00,0.0,1348.315,0.0,1,8,0.0,1,8,0.0,1,8,0.0,1,8,0.0,1,8,0.0,1,8,-0.0,1,8,-9900,?,9,-9900,?,9,11.68,E,8,2.27,E,8,52.0,E,8,822.9788000000001,E,8,999.0,E,8,1.04,E,8,-9900,?,9,-9900,?,9,0.0,E,8,-9900,?,9,-9900,?,9,0.0,0.0,E,8
09/12/2021,20:00,0.0,1348.315,0.0,1,8,0.0,1,8,0.0,1,8,0.0,1,8,0.0,1,8,0.0,1,8,-0.0,1,8,-9900,?,9,-9900,?,9,11.06,E,8,2.62,E,8,55.0,E,8,822.9788000000001,E,8,999.0,E,8,0.81,E,8,-9900,?,9,-9900,?,9,0.0,E,8,-9900,?,9,-9900,?,9,0.0,0.0,E,8
09/12/2021,21:00,0.0,1348.315,0.0,1,8,0.0,1,8,0.0,1,8,0.0,1,8,0.0,1,8,0.0,1,8,-0.0,1,8,-9900,?,9,-9900,?,9,10.44,E,8,2.97,E,8,64.0,E,8,822.9788000000001,E,8,999.0,E,8,0.85,E,8,-9900,?,9,-9900,?,9,0.002,E,8,-9900,?,9,-9900,?,9,0.02,99.0,E,8
09/12/2021,22:00,0.0,1348.315,0.0,1,8,0.0,1,8,0.0,1,8,0.0,1,8,0.0,1,8,0.0,1,8,-0.0,1,8,-9900,?,9,-9900,?,9,9.82,E,8,3.31,E,8,68.0,E,8,822.9788000000001,E,8,999.0,E,8,0.97,E,8,-9900,?,9,-9900,?,9,0.005,E,8,-9900,?,9,-9900,?,9,0.05,99.0,E,8
09/12/2021,23:00,0.0,1348.315,0.0,1,8,0.0,1,8,0.0,1,8,0.0,1,8,0.0,1,8,0.0,1,8,-0.0,1,8,-9900,?,9,-9900,?,9,9.2,E,8,3.64,E,8,68.0,E,8,822.9788000000001,E,8,999.0,E,8,0.76,E,8,-9900,?,9,-9900,?,9,0.0,E,8,-9900,?,9,-9900,?,9,0.0,0.0,E,8
09/12/2021,24:00,0.0,1348.315,0.0,1,8,0.0,1,8,0.0,1,8,0.0,1,8,0.0,1,8,0.0,1,8,-0.0,1,8,-9900,?,9,-9900,?,9,8.58,E,8,4.5,E,8,72.0,E,8,822.9788000000001,E,8,999.0,E,8,2.19,E,8,-9900,?,9,-9900,?,9,0.0,E,8,-9900,?,9,-9900,?,9,0.0,0.0,E,8
09/13/2021,01:00,0.0,1348.315,0.0,1,8,0.0,1,8,0.0,1,8,0.0,1,8,0.0,1,8,0.0,1,8,-0.0,1,8,-9900,?,9,-9900,?,9,8.27,E,8,4.73,E,8,75.0,E,8,822.9788000000001,E,8,999.0,E,8,2.16,E,8,-9900,?,9,-9900,?,9,0.0,E,8,-9900,?,9,-9900,?,9,0.0,0.0,E,8
09/13/2021,02:00,0.0,1348.315,0.0,1,8,0.0,1,8,0.0,1,8,0.0,1,8,0.0,1,8,0.0,1,8,-0.0,1,8,-9900,?,9,-9900,?,9,7.96,E,8,4.96,E,8,77.0,E,8,822.9788000000001,E,8,999.0,E,8,1.53,E,8,-9900,?,9,-9900,?,9,0.0,E,8,-9900,?,9,-9900,?,9,0.0,0.0,E,8
09/13/2021,03:00,0.0,1348.315,0.0,1,8,0.0,1,8,0.0,1,8,0.0,1,8,0.0,1,8,0.0,1,8,-0.0,1,8,-9900,?,9,-9900,?,9,7.65,E,8,5.18,E,8,85.0,E,8,822.9788000000001,E,8,999.0,E,8,1.73,E,8,-9900,?,9,-9900,?,9,0.019,E,8,-9900,?,9,-9900,?,9,0.19,99.0,E,8
09/13/2021,04:00,0.0,1349.042,0.0,1,8,0.0,1,8,0.0,1,8,0.0,1,8,0.0,1,8,0.0,1,8,-0.0,1,8,-9900,?,9,-9900,?,9,7.34,E,8,5.4,E,8,83.0,E,8,822.9788000000001,E,8,999.0,E,8,1.18,E,8,-9900,?,9,-9900,?,9,0.0,E,8,-9900,?,9,-9900,?,9,0.0,0.0,E,8
09/13/2021,05:00,0.0,1349.042,0.0,1,8,0.0,1,8,0.0,1,8,0.0,1,8,0.0,1,8,0.0,1,8,-0.0,1,8,-9900,?,9,-9900,?,9,7.03,E,8,5.62,E,8,91.0,E,8,822.9788000000001,E,8,999.0,E,8,1.23,E,8,-9900,?,9,-9900,?,9,0.009,E,8,-9900,?,9,-9900,?,9,0.09,99.0,E,8
09/13/2021,06:00,0.0,1349.042,0.0,1,8,0.0,1,8,0.0,1,8,0.0,1,8,0.0,1,8,0.0,1,8,-0.0,1,8,-9900,?,9,-9900,?,9,6.79,E,8,5.79,E,8,97.0,E,8,822.9788000000001,E,8,999.0,E,8,1.82,E,8,-9900,?,9,-9900,?,9,0.361,E,8,-9900,?,9,-9900,?,9,3.61,99.0,E,8
09/13/2021,07:00,218.082,1349.042,5.21,1,8,0.0,1,8,5.21,1,8,625.2,1,8,0.0,1,8,573.1,1,8,10.366,1,8,-9900,?,9,-9900,?,9,6.58,E,8,5.93,E,8,95.0,E,8,822.9788000000001,E,8,999.0,E,8,3.74,E,8,-9900,?,9,-9900,?,9,0.005,E,8,-9900,?,9,-9900,?,9,0.05,99.0,E,8
09/13/2021,08:00,527.194,1349.042,83.4,1,8,0.0,1,8,83.4,1,8,10008.0,1,8,0.0,1,8,9174.0,1,8,68.041,1,8,-9900,?,9,-9900,?,9,6.38,E,8,6.07,E,8,97.0,E,8,822.9788000000001,E,8,999.0,E,8,2.11,E,8,-9900,?,9,-9900,?,9,0.002,E,8,-9900,?,9,-9900,?,9,0.02,99.0,E,8
09/13/2021,09:00,799.26,1349.042,144.25,1,8,0.845,1,8,143.75,1,8,17310.0,1,8,80.228,1,8,15812.493,1,8,77.274,1,8,-9900,?,9,-9900,?,9,9.31,E,8,3.94,E,8,66.0,E,8,822.9788000000001,E,8,999.0,E,8,2.83,E,8,-9900,?,9,-9900,?,9,0.0,E,8,-9900,?,9,-9900,?,9,0.0,0.0,E,8
09/13/2021,10:00,1014.94,1349.042,265.94,1,8,6.125,1,8,261.333,1,8,31912.8,1,8,581.904,1,8,28746.599,1,8,110.593,1,8,-9900,?,9,-9900,?,9,10.61,E,8,2.89,E,8,57.0,E,8,822.9788000000001,E,8,999.0,E,8,1.53,E,8,-9900,?,9,-9900,?,9,0.0,E,8,-9900,?,9,-9900,?,9,0.0,0.0,E,8
09/13/2021,11:00,1159.402,1349.042,321.65,1,8,6.273,1,8,316.26,1,8,38598.0,1,8,595.899,1,8,34788.568,1,8,117.147,1,8,-9900,?,9,-9900,?,9,11.62,E,8,2.02,E,8,50.0,E,8,822.9788000000001,E,8,999.0,E,8,2.8,E,8,-9900,?,9,-9900,?,9,0.0,E,8,-9900,?,9,-9900,?,9,0.0,0.0,E,8
09/13/2021,12:00,1222.762,1349.042,348.04,1,8,7.453,1,8,341.285,1,8,41764.8,1,8,708.003,1,8,37541.393,1,8,119.861,1,8,-9900,?,9,-9900,?,9,12.37,E,8,1.34,E,8,46.0,E,8,822.9788000000001,E,8,999.0,E,8,3.2,E,8,-9900,?,9,-9900,?,9,0.0,E,8,-9900,?,9,-9900,?,9,0.0,0.0,E,8
09/13/2021,13:00,1200.695,1349.042,354.85,1,8,7.077,1,8,348.552,1,8,42582.0,1,8,672.329,1,8,38340.674,1,8,124.665,1,8,-9900,?,9,-9900,?,9,12.89,E,8,0.86,E,8,43.0,E,8,822.9788000000001,E,8,999.0,E,8,3.93,E,8,-9900,?,9,-9900,?,9,0.0,E,8,-9900,?,9,-9900,?,9,0.0,0.0,E,8
09/13/2021,14:00,1094.715,1349.042,333.73,1,8,7.64,1,8,327.532,1,8,40047.6,1,8,725.77,1,8,36028.468,1,8,128.497,1,8,-9900,?,9,-9900,?,9,13.19,E,8,0.57,E,8,41.0,E,8,822.9788000000001,E,8,999.0,E,8,4.19,E,8,-9900,?,9,-9900,?,9,0.0,E,8,-9900,?,9,-9900,?,9,0.0,0.0,E,8
09/13/2021,15:00,912.078,1349.042,286.19,1,8,3.047,1,8,284.131,1,8,34342.8,1,8,289.456,1,8,31254.38,1,8,133.818,1,8,-9900,?,9,-9900,?,9,13.26,E,8,0.5,E,8,41.0,E,8,822.9788000000001,E,8,999.0,E,8,2.42,E,8,-9900,?,9,-9900,?,9,0.0,E,8,-9900,?,9,-9900,?,9,0.0,0.0,E,8
09/13/2021,16:00,665.315,1349.042,215.76,1,8,6.627,1,8,212.495,1,8,25891.2,1,8,629.556,1,8,23374.422,1,8,137.275,1,8,-9900,?,9,-9900,?,9,13.01,E,8,0.74,E,8,42.0,E,8,822.9788000000001,E,8,999.0,E,8,1.65,E,8,-9900,?,9,-9900,?,9,0.0,E,8,-9900,?,9,-9900,?,9,0.0,0.0,E,8
09/13/2021,17:00,371.553,1349.042,128.17,1,8,69.525,1,8,109.089,1,8,15380.4,1,8,6604.86,1,8,11999.737,1,8,126.519,1,8,-9900,?,9,-9900,?,9,12.42,E,8,1.3,E,8,46.0,E,8,822.9788000000001,E,8,999.0,E,8,1.51,E,8,-9900,?,9,-9900,?,9,0.0,E,8,-9900,?,9,-9900,?,9,0.0,0.0,E,8
09/13/2021,18:00,54.996,1349.042,34.76,1,8,0.0,1,8,34.76,1,8,4171.2,1,8,0.0,1,8,3823.6,1,8,307.929,1,8,-9900,?,9,-9900,?,9,11.57,E,8,2.06,E,8,55.0,E,8,822.9788000000001,E,8,999.0,E,8,1.14,E,8,-9900,?,9,-9900,?,9,0.001,E,8,-9900,?,9,-9900,?,9,0.01,99.0,E,8
09/13/2021,19:00,0.0,1349.042,0.0,1,8,0.0,1,8,0.0,1,8,0.0,1,8,0.0,1,8,0.0,1,8,-0.0,1,8,-9900,?,9,-9900,?,9,11.07,E,8,2.5,E,8,58.0,E,8,822.9788000000001,E,8,999.0,E,8,0.7,E,8,-9900,?,9,-9900,?,9,0.003,E,8,-9900,?,9,-9900,?,9,0.03,99.0,E,8
09/13/2021,20:00,0.0,1349.042,0.0,1,8,0.0,1,8,0.0,1,8,0.0,1,8,0.0,1,8,0.0,1,8,-0.0,1,8,-9900,?,9,-9900,?,9,10.57,E,8,2.92,E,8,57.0,E,8,822.9788000000001,E,8,999.0,E,8,0.77,E,8,-9900,?,9,-9900,?,9,0.0,E,8,-9900,?,9,-9900,?,9,0.0,0.0,E,8
09/13/2021,21:00,0.0,1349.042,0.0,1,8,0.0,1,8,0.0,1,8,0.0,1,8,0.0,1,8,0.0,1,8,-0.0,1,8,-9900,?,9,-9900,?,9,10.07,E,8,3.33,E,8,61.0,E,8,822.9788000000001,E,8,999.0,E,8,0.84,E,8,-9900,?,9,-9900,?,9,0.0,E,8,-9900,?,9,-9900,?,9,0.0,0.0,E,8
09/13/2021,22:00,0.0,1349.042,0.0,1,8,0.0,1,8,0.0,1,8,0.0,1,8,0.0,1,8,0.0,1,8,-0.0,1,8,-9900,?,9,-9900,?,9,9.56,E,8,3.74,E,8,64.0,E,8,822.9788000000001,E,8,999.0,E,8,0.69,E,8,-9900,?,9,-9900,?,9,0.0,E,8,-9900,?,9,-9900,?,9,0.0,0.0,E,8
09/13/2021,23:00,0.0,1349.042,0.0,1,8,0.0,1,8,0.0,1,8,0.0,1,8,0.0,1,8,0.0,1,8,-0.0,1,8,-9900,?,9,-9900,?,9,9.06,E,8,4.13,E,8,68.0,E,8,822.9788000000001,E,8,999.0,E,8,0.69,E,8,-9900,?,9,-9900,?,9,0.0,E,8,-9900,?,9,-9900,?,9,0.0,0.0,E,8
09/13/2021,24:00,0.0,1349.042,0.0,1,8,0.0,1,8,0.0,1,8,0.0,1,8,0.0,1,8,0.0,1,8,-0.0,1,8,-9900,?,9,-9900,?,9,8.56,E,8,6.11,E,8,84.0,E,8,822.9788000000001,E,8,999.0,E,8,0.48,E,8,-9900,?,9,-9900,?,9,0.0,E,8,-9900,?,9,-9900,?,9,0.0,0.0,E,8
09/14/2021,01:00,0.0,1349.042,0.0,1,8,0.0,1,8,0.0,1,8,0.0,1,8,0.0,1,8,0.0,1,8,-0.0,1,8,-9900,?,9,-9900,?,9,8.31,E,8,6.21,E,8,86.0,E,8,822.9788000000001,E,8,999.0,E,8,0.48,E,8,-9900,?,9,-9900,?,9,0.0,E,8,-9900,?,9,-9900,?,9,0.0,0.0,E,8
09/14/2021,02:00,0.0,1349.042,0.0,1,8,0.0,1,8,0.0,1,8,0.0,1,8,0.0,1,8,0.0,1,8,-0.0,1,8,-9900,?,9,-9900,?,9,8.06,E,8,6.3,E,8,88.0,E,8,822.9788000000001,E,8,999.0,E,8,0.48,E,8,-9900,?,9,-9900,?,9,0.0,E,8,-9900,?,9,-9900,?,9,0.0,0.0,E,8
09/14/2021,03:00,0.0,1349.042,0.0,1,8,0.0,1,8,0.0,1,8,0.0,1,8,0.0,1,8,0.0,1,8,-0.0,1,8,-9900,?,9,-9900,?,9,7.81,E,8,6.4,E,8,90.0,E,8,822.9788000000001,E,8,999.0,E,8,0.48,E,8,-9900,?,9,-9900,?,9,0.0,E,8,-9900,?,9,-9900,?,9,0.0,0.0,E,8
09/14/2021,04:00,0.0,1349.775,0.0,1,8,0.0,1,8,0.0,1,8,0.0,1,8,0.0,1,8,0.0,1,8,-0.0,1,8,-9900,?,9,-9900,?,9,7.56,E,8,6.49,E,8,92.0,E,8,822.9788000000001,E,8,999.0,E,8,0.48,E,8,-9900,?,9,-9900,?,9,0.0,E,8,-9900,?,9,-9900,?,9,0.0,0.0,E,8
09/14/2021,05:00,0.0,1349.775,0.0,1,8,0.0,1,8,0.0,1,8,0.0,1,8,0.0,1,8,0.0,1,8,-0.0,1,8,-9900,?,9,-9900,?,9,7.31,E,8,6.58,E,8,95.0,E,8,822.9788000000001,E,8,999.0,E,8,0.48,E,8,-9900,?,9,-9900,?,9,0.0,E,8,-9900,?,9,-9900,?,9,0.0,0.0,E,8
09/14/2021,06:00,0.0,1349.775,0.0,1,8,0.0,1,8,0.0,1,8,0.0,1,8,0.0,1,8,0.0,1,8,-0.0,1,8,-9900,?,9,-9900,?,9,7.11,E,8,6.66,E,8,96.0,E,8,822.9788000000001,E,8,999.0,E,8,0.48,E,8,-9900,?,9,-9900,?,9,0.0,E,8,-9900,?,9,-9900,?,9,0.0,0.0,E,8
09/14/2021,07:00,223.408,1349.775,2.58,1,8,0.0,1,8,2.58,1,8,309.6,1,8,0.0,1,8,283.8,1,8,5.011,1,8,-9900,?,9,-9900,?,9,6.95,E,8,6.71,E,8,98.0,E,8,822.9788000000001,E,8,999.0,E,8,0.48,E,8,-9900,?,9,-9900,?,9,0.0,E,8,-9900,?,9,-9900,?,9,0.0,0.0,E,8
09/14/2021,08:00,532.69,1349.775,69.18,1,8,0.0,1,8,69.18,1,8,8301.6,1,8,0.0,1,8,7609.8,1,8,55.886,1,8,-9900,?,9,-9900,?,9,6.78,E,8,6.78,E,8,99.0,E,8,822.9788000000001,E,8,999.0,E,8,0.48,E,8,-9900,?,9,-9900,?,9,0.0,E,8,-9900,?,9,-9900,?,9,0.0,0.0,E,8
09/14/2021,09:00,804.737,1349.775,145.87,1,8,0.457,1,8,145.597,1,8,17504.4,1,8,43.449,1,8,16015.721,1,8,77.775,1,8,-9900,?,9,-9900,?,9,10.16,E,8,5.49,E,8,72.0,E,8,822.9788000000001,E,8,999.0,E,8,0.48,E,8,-9900,?,9,-9900,?,9,0.0,E,8,-9900,?,9,-9900,?,9,0.0,0.0,E,8
09/14/2021,10:00,1020.239,1349.775,211.67,1,8,1.603,1,8,210.459,1,8,25400.4,1,8,152.239,1,8,23150.489,1,8,88.649,1,8,-9900,?,9,-9900,?,9,11.25,E,8,5.05,E,8,65.0,E,8,822.9788000000001,E,8,999.0,E,8,0.55,E,8,-9900,?,9,-9900,?,9,0.0,E,8,-9900,?,9,-9900,?,9,0.0,0.0,E,8
09/14/2021,11:00,1164.38,1349.775,260.55,1,8,2.131,1,8,258.712,1,8,31266.0,1,8,202.433,1,8,28458.319,1,8,95.472,1,8,-9900,?,9,-9900,?,9,12.18,E,8,4.67,E,8,60.0,E,8,822.9788000000001,E,8,999.0,E,8,0.48,E,8,-9900,?,9,-9900,?,9,0.0,E,8,-9900,?,9,-9900,?,9,0.0,0.0,E,8
09/14/2021,12:00,1227.3,1349.775,288.75,1,8,6.871,1,8,282.503,1,8,34650.0,1,8,652.736,1,8,31075.322,1,8,98.903,1,8,-9900,?,9,-9900,?,9,12.92,E,8,4.36,E,8,55.0,E,8,822.9788000000001,E,8,999.0,E,8,0.48,E,8,-9900,?,9,-9900,?,9,0.0,E,8,-9900,?,9,-9900,?,9,0.0,0.0,E,8
09/14/2021,13:00,1204.701,1349.775,294.25,1,8,3.987,1,8,290.692,1,8,35310.0,1,8,378.768,1,8,31976.094,1,8,103.681,1,8,-9900,?,9,-9900,?,9,13.44,E,8,4.13,E,8,53.0,E,8,822.9788000000001,E,8,999.0,E,8,0.48,E,8,-9900,?,9,-9900,?,9,0.0,E,8,-9900,?,9,-9900,?,9,0.0,0.0,E,8
09/14/2021,14:00,1098.136,1349.775,225.7,1,8,3.185,1,8,223.109,1,8,27084.0,1,8,302.581,1,8,24542.003,1,8,87.305,1,8,-9900,?,9,-9900,?,9,13.5,E,8,4.11,E,8,52.0,E,8,822.9788000000001,E,8,999.0,E,8,0.48,E,8,-9900,?,9,-9900,?,9,0.0,E,8,-9900,?,9,-9900,?,9,0.0,0.0,E,8
09/14/2021,15:00,914.902,1349.775,237.21,1,8,4.252,1,8,234.329,1,8,28465.2,1,8,403.911,1,8,25776.203,1,8,110.081,1,8,-9900,?,9,-9900,?,9,13.59,E,8,4.07,E,8,52.0,E,8,822.9788000000001,E,8,999.0,E,8,0.48,E,8,-9900,?,9,-9900,?,9,0.0,E,8,-9900,?,9,-9900,?,9,0.0,0.0,E,8
09/14/2021,16:00,667.569,1349.775,162.67,1,8,5.842,1,8,159.783,1,8,19520.4,1,8,555.007,1,8,17576.152,1,8,102.929,1,8,-9900,?,9,-9900,?,9,13.27,E,8,4.21,E,8,54.0,E,8,822.9788000000001,E,8,999.0,E,8,0.64,E,8,-9900,?,9,-9900,?,9,0.0,E,8,-9900,?,9,-9900,?,9,0.0,0.0,E,8
09/14/2021,17:00,373.302,1349.775,135.3,1,8,88.104,1,8,111.018,1,8,16236.0,1,8,8369.871,1,8,12211.984,1,8,128.22,1,8,-9900,?,9,-9900,?,9,12.87,E,8,4.38,E,8,61.0,E,8,822.9788000000001,E,8,999.0,E,8,0.86,E,8,-9900,?,9,-9900,?,9,0.098,E,8,-9900,?,9,-9900,?,9,0.98,99.0,E,8
09/14/2021,18:00,56.269,1349.775,40.98,1,8,0.0,1,8,40.98,1,8,4917.6,1,8,0.0,1,8,4507.8,1,8,353.363,1,8,-9900,?,9,-9900,?,9,12.08,E,8,4.71,E,8,60.0,E,8,822.9788000000001,E,8,999.0,E,8,0.97,E,8,-9900,?,9,-9900,?,9,0.0,E,8,-9900,?,9,-9900,?,9,0.0,0.0,E,8
09/14/2021,19:00,0.0,1349.775,0.0,1,8,0.0,1,8,0.0,1,8,0.0,1,8,0.0,1,8,0.0,1,8,-0.0,1,8,-9900,?,9,-9900,?,9,11.38,E,8,5.0,E,8,64.0,E,8,822.9788000000001,E,8,999.0,E,8,0.77,E,8,-9900,?,9,-9900,?,9,0.0,E,8,-9900,?,9,-9900,?,9,0.0,0.0,E,8
09/14/2021,20:00,0.0,1349.775,0.0,1,8,0.0,1,8,0.0,1,8,0.0,1,8,0.0,1,8,0.0,1,8,-0.0,1,8,-9900,?,9,-9900,?,9,10.67,E,8,5.29,E,8,69.0,E,8,822.9788000000001,E,8,999.0,E,8,1.49,E,8,-9900,?,9,-9900,?,9,0.0,E,8,-9900,?,9,-9900,?,9,0.0,0.0,E,8
09/14/2021,21:00,0.0,1349.775,0.0,1,8,0.0,1,8,0.0,1,8,0.0,1,8,0.0,1,8,0.0,1,8,-0.0,1,8,-9900,?,9,-9900,?,9,9.97,E,8,5.56,E,8,74.0,E,8,822.9788000000001,E,8,999.0,E,8,1.02,E,8,-9900,?,9,-9900,?,9,0.0,E,8,-9900,?,9,-9900,?,9,0.0,0.0,E,8
09/14/2021,22:00,0.0,1349.775,0.0,1,8,0.0,1,8,0.0,1,8,0.0,1,8,0.0,1,8,0.0,1,8,-0.0,1,8,-9900,?,9,-9900,?,9,9.26,E,8,5.84,E,8,84.0,E,8,822.9788000000001,E,8,999.0,E,8,0.73,E,8,-9900,?,9,-9900,?,9,0.002,E,8,-9900,?,9,-9900,?,9,0.02,99.0,E,8
09/14/2021,23:00,0.0,1349.775,0.0,1,8,0.0,1,8,0.0,1,8,0.0,1,8,0.0,1,8,0.0,1,8,-0.0,1,8,-9900,?,9,-9900,?,9,8.56,E,8,6.11,E,8,84.0,E,8,822.9788000000001,E,8,999.0,E,8,0.55,E,8,-9900,?,9,-9900,?,9,0.0,E,8,-9900,?,9,-9900,?,9,0.0,0.0,E,8
09/14/2021,24:00,0.0,1349.775,0.0,1,8,0.0,1,8,0.0,1,8,0.0,1,8,0.0,1,8,0.0,1,8,-0.0,1,8,-9900,?,9,-9900,?,9,7.85,E,8,2.79,E,8,70.0,E,8,822.9788000000001,E,8,999.0,E,8,0.46,E,8,-9900,?,9,-9900,?,9,0.0,E,8,-9900,?,9,-9900,?,9,0.0,0.0,E,8
09/15/2021,01:00,0.0,1349.775,0.0,1,8,0.0,1,8,0.0,1,8,0.0,1,8,0.0,1,8,0.0,1,8,-0.0,1,8,-9900,?,9,-9900,?,9,7.5,E,8,3.14,E,8,73.0,E,8,822.9788000000001,E,8,999.0,E,8,0.46,E,8,-9900,?,9,-9900,?,9,0.0,E,8,-9900,?,9,-9900,?,9,0.0,0.0,E,8
09/15/2021,02:00,0.0,1349.775,0.0,1,8,0.0,1,8,0.0,1,8,0.0,1,8,0.0,1,8,0.0,1,8,-0.0,1,8,-9900,?,9,-9900,?,9,7.15,E,8,3.48,E,8,77.0,E,8,822.9788000000001,E,8,999.0,E,8,0.46,E,8,-9900,?,9,-9900,?,9,0.0,E,8,-9900,?,9,-9900,?,9,0.0,0.0,E,8
09/15/2021,03:00,0.0,1349.775,0.0,1,8,0.0,1,8,0.0,1,8,0.0,1,8,0.0,1,8,0.0,1,8,-0.0,1,8,-9900,?,9,-9900,?,9,6.79,E,8,3.82,E,8,81.0,E,8,822.9788000000001,E,8,999.0,E,8,0.46,E,8,-9900,?,9,-9900,?,9,0.0,E,8,-9900,?,9,-9900,?,9,0.0,0.0,E,8
09/15/2021,04:00,0.0,1350.514,0.0,1,8,0.0,1,8,0.0,1,8,0.0,1,8,0.0,1,8,0.0,1,8,-0.0,1,8,-9900,?,9,-9900,?,9,6.44,E,8,4.14,E,8,85.0,E,8,822.9788000000001,E,8,999.0,E,8,0.46,E,8,-9900,?,9,-9900,?,9,0.0,E,8,-9900,?,9,-9900,?,9,0.0,0.0,E,8
09/15/2021,05:00,0.0,1350.514,0.0,1,8,0.0,1,8,0.0,1,8,0.0,1,8,0.0,1,8,0.0,1,8,-0.0,1,8,-9900,?,9,-9900,?,9,6.09,E,8,4.46,E,8,89.0,E,8,822.9788000000001,E,8,999.0,E,8,0.46,E,8,-9900,?,9,-9900,?,9,0.0,E,8,-9900,?,9,-9900,?,9,0.0,0.0,E,8
09/15/2021,06:00,0.0,1350.514,0.0,1,8,0.0,1,8,0.0,1,8,0.0,1,8,0.0,1,8,0.0,1,8,-0.0,1,8,-9900,?,9,-9900,?,9,5.82,E,8,4.7,E,8,92.0,E,8,822.9788000000001,E,8,999.0,E,8,0.46,E,8,-9900,?,9,-9900,?,9,0.0,E,8,-9900,?,9,-9900,?,9,0.0,0.0,E,8
09/15/2021,07:00,228.747,1350.514,4.33,1,8,0.0,1,8,4.33,1,8,519.6,1,8,0.0,1,8,476.3,1,8,8.215,1,8,-9900,?,9,-9900,?,9,5.58,E,8,4.91,E,8,95.0,E,8,822.9788000000001,E,8,999.0,E,8,0.46,E,8,-9900,?,9,-9900,?,9,0.0,E,8,-9900,?,9,-9900,?,9,0.0,0.0,E,8
09/15/2021,08:00,538.185,1350.514,100.08,1,8,0.0,1,8,100.08,1,8,12009.6,1,8,0.0,1,8,11008.8,1,8,80.064,1,8,-9900,?,9,-9900,?,9,5.35,E,8,5.11,E,8,98.0,E,8,822.9788000000001,E,8,999.0,E,8,0.46,E,8,-9900,?,9,-9900,?,9,0.0,E,8,-9900,?,9,-9900,?,9,0.0,0.0,E,8
09/15/2021,09:00,810.2,1350.514,209.03,1,8,4.967,1,8,206.052,1,8,25083.6,1,8,471.84,1,8,22665.71,1,8,109.386,1,8,-9900,?,9,-9900,?,9,9.43,E,8,1.13,E,8,56.0,E,8,822.9788000000001,E,8,999.0,E,8,0.46,E,8,-9900,?,9,-9900,?,9,0.0,E,8,-9900,?,9,-9900,?,9,0.0,0.0,E,8
09/15/2021,10:00,1025.513,1350.514,302.43,1,8,2.471,1,8,300.554,1,8,36291.6,1,8,234.705,1,8,33060.981,1,8,126.016,1,8,-9900,?,9,-9900,?,9,10.73,E,8,-0.34,E,8,46.0,E,8,822.9788000000001,E,8,999.0,E,8,0.46,E,8,-9900,?,9,-9900,?,9,0.0,E,8,-9900,?,9,-9900,?,9,0.0,0.0,E,8
09/15/2021,11:00,1169.325,1350.514,371.71,1,8,6.158,1,8,366.379,1,8,44605.2,1,8,585.002,1,8,40301.665,1,8,134.706,1,8,-9900,?,9,-9900,?,9,11.84,E,8,-1.6,E,8,38.0,E,8,822.9788000000001,E,8,999.0,E,8,0.46,E,8,-9900,?,9,-9900,?,9,0.0,E,8,-9900,?,9,-9900,?,9,0.0,0.0,E,8
09/15/2021,12:00,1231.798,1350.514,411.61,1,8,10.591,1,8,401.95,1,8,49393.2,1,8,1006.171,1,8,44214.535,1,8,140.284,1,8,-9900,?,9,-9900,?,9,12.72,E,8,-2.69,E,8,33.0,E,8,822.9788000000001,E,8,999.0,E,8,0.46,E,8,-9900,?,9,-9900,?,9,0.0,E,8,-9900,?,9,-9900,?,9,0.0,0.0,E,8
09/15/2021,13:00,1208.666,1350.514,419.23,1,8,10.609,1,8,409.736,1,8,50307.6,1,8,1007.82,1,8,45070.994,1,8,145.74,1,8,-9900,?,9,-9900,?,9,13.33,E,8,-3.51,E,8,29.0,E,8,822.9788000000001,E,8,999.0,E,8,0.57,E,8,-9900,?,9,-9900,?,9,0.0,E,8,-9900,?,9,-9900,?,9,0.0,0.0,E,8
09/15/2021,14:00,1101.519,1350.514,394.02,1,8,9.13,1,8,386.575,1,8,47282.4,1,8,867.321,1,8,42523.212,1,8,150.888,1,8,-9900,?,9,-9900,?,9,13.68,E,8,-4.0,E,8,27.0,E,8,822.9788000000001,E,8,999.0,E,8,0.46,E,8,-9900,?,9,-9900,?,9,0.0,E,8,-9900,?,9,-9900,?,9,0.0,0.0,E,8
09/15/2021,15:00,917.692,1350.514,337.8,1,8,5.538,1,8,334.038,1,8,40536.0,1,8,526.126,1,8,36744.183,1,8,156.53,1,8,-9900,?,9,-9900,?,9,13.75,E,8,-4.11,E,8,27.0,E,8,822.9788000000001,E,8,999.0,E,8,0.46,E,8,-9900,?,9,-9900,?,9,0.0,E,8,-9900,?,9,-9900,?,9,0.0,0.0,E,8
09/15/2021,16:00,669.798,1350.514,254.73,1,8,37.238,1,8,236.278,1,8,30567.6,1,8,3537.584,1,8,25990.603,1,8,151.781,1,8,-9900,?,9,-9900,?,9,13.44,E,8,-3.66,E,8,29.0,E,8,822.9788000000001,E,8,999.0,E,8,1.04,E,8,-9900,?,9,-9900,?,9,0.0,E,8,-9900,?,9,-9900,?,9,0.0,0.0,E,8
09/15/2021,17:00,375.037,1350.514,151.58,1,8,110.059,1,8,121.122,1,8,18189.6,1,8,10455.573,1,8,13323.412,1,8,139.314,1,8,-9900,?,9,-9900,?,9,12.72,E,8,-2.69,E,8,33.0,E,8,822.9788000000001,E,8,999.0,E,8,1.11,E,8,-9900,?,9,-9900,?,9,0.0,E,8,-9900,?,9,-9900,?,9,0.0,0.0,E,8
09/15/2021,18:00,57.544,1350.514,41.59,1,8,0.0,1,8,41.59,1,8,4990.8,1,8,0.0,1,8,4574.9,1,8,349.333,1,8,-9900,?,9,-9900,?,9,11.68,E,8,-1.41,E,8,39.0,E,8,822.9788000000001,E,8,999.0,E,8,1.31,E,8,-9900,?,9,-9900,?,9,0.0,E,8,-9900,?,9,-9900,?,9,0.0,0.0,E,8
09/15/2021,19:00,0.0,1350.514,0.0,1,8,0.0,1,8,0.0,1,8,0.0,1,8,0.0,1,8,0.0,1,8,-0.0,1,8,-9900,?,9,-9900,?,9,10.96,E,8,-0.59,E,8,44.0,E,8,822.9788000000001,E,8,999.0,E,8,1.19,E,8,-9900,?,9,-9900,?,9,0.0,E,8,-9900,?,9,-9900,?,9,0.0,0.0,E,8
09/15/2021,20:00,0.0,1350.514,0.0,1,8,0.0,1,8,0.0,1,8,0.0,1,8,0.0,1,8,0.0,1,8,-0.0,1,8,-9900,?,9,-9900,?,9,10.25,E,8,0.19,E,8,49.0,E,8,822.9788000000001,E,8,999.0,E,8,0.58,E,8,-9900,?,9,-9900,?,9,0.0,E,8,-9900,?,9,-9900,?,9,0.0,0.0,E,8
09/15/2021,21:00,0.0,1350.514,0.0,1,8,0.0,1,8,0.0,1,8,0.0,1,8,0.0,1,8,0.0,1,8,-0.0,1,8,-9900,?,9,-9900,?,9,9.53,E,8,1.02,E,8,55.0,E,8,822.9788000000001,E,8,999.0,E,8,0.78,E,8,-9900,?,9,-9900,?,9,0.0,E,8,-9900,?,9,-9900,?,9,0.0,0.0,E,8
09/15/2021,22:00,0.0,1350.514,0.0,1,8,0.0,1,8,0.0,1,8,0.0,1,8,0.0,1,8,0.0,1,8,-0.0,1,8,-9900,?,9,-9900,?,9,8.82,E,8,1.79,E,8,61.0,E,8,822.9788000000001,E,8,999.0,E,8,0.51,E,8,-9900,?,9,-9900,?,9,0.0,E,8,-9900,?,9,-9900,?,9,0.0,0.0,E,8
09/15/2021,23:00,0.0,1350.514,0.0,1,8,0.0,1,8,0.0,1,8,0.0,1,8,0.0,1,8,0.0,1,8,-0.0,1,8,-9900,?,9,-9900,?,9,8.1,E,8,2.54,E,8,67.0,E,8,822.9788000000001,E,8,999.0,E,8,0.83,E,8,-9900,?,9,-9900,?,9,0.0,E,8,-9900,?,9,-9900,?,9,0.0,0.0,E,8
09/15/2021,24:00,0.0,1350.514,0.0,1,8,0.0,1,8,0.0,1,8,0.0,1,8,0.0,1,8,0.0,1,8,-0.0,1,8,-9900,?,9,-9900,?,9,7.39,E,8,4.04,E,8,79.0,E,8,822.9788000000001,E,8,999.0,E,8,1.63,E,8,-9900,?,9,-9900,?,9,0.0,E,8,-9900,?,9,-9900,?,9,0.0,0.0,E,8
09/16/2021,01:00,0.0,1350.514,0.0,1,8,0.0,1,8,0.0,1,8,0.0,1,8,0.0,1,8,0.0,1,8,-0.0,1,8,-9900,?,9,-9900,?,9,7.03,E,8,4.15,E,8,81.0,E,8,822.9788000000001,E,8,999.0,E,8,1.26,E,8,-9900,?,9,-9900,?,9,0.0,E,8,-9900,?,9,-9900,?,9,0.0,0.0,E,8
09/16/2021,02:00,0.0,1350.514,0.0,1,8,0.0,1,8,0.0,1,8,0.0,1,8,0.0,1,8,0.0,1,8,-0.0,1,8,-9900,?,9,-9900,?,9,6.67,E,8,4.27,E,8,84.0,E,8,822.9788000000001,E,8,999.0,E,8,1.29,E,8,-9900,?,9,-9900,?,9,0.0,E,8,-9900,?,9,-9900,?,9,0.0,0.0,E,8
09/16/2021,03:00,0.0,1350.514,0.0,1,8,0.0,1,8,0.0,1,8,0.0,1,8,0.0,1,8,0.0,1,8,-0.0,1,8,-9900,?,9,-9900,?,9,6.32,E,8,4.38,E,8,87.0,E,8,822.9788000000001,E,8,999.0,E,8,1.07,E,8,-9900,?,9,-9900,?,9,0.0,E,8,-9900,?,9,-9900,?,9,0.0,0.0,E,8
09/16/2021,04:00,0.0,1351.258,0.0,1,8,0.0,1,8,0.0,1,8,0.0,1,8,0.0,1,8,0.0,1,8,-0.0,1,8,-9900,?,9,-9900,?,9,5.96,E,8,4.5,E,8,90.0,E,8,822.9788000000001,E,8,999.0,E,8,1.6,E,8,-9900,?,9,-9900,?,9,0.0,E,8,-9900,?,9,-9900,?,9,0.0,0.0,E,8
09/16/2021,05:00,0.0,1351.258,0.0,1,8,0.0,1,8,0.0,1,8,0.0,1,8,0.0,1,8,0.0,1,8,-0.0,1,8,-9900,?,9,-9900,?,9,5.6,E,8,4.61,E,8,93.0,E,8,822.9788000000001,E,8,999.0,E,8,1.42,E,8,-9900,?,9,-9900,?,9,0.0,E,8,-9900,?,9,-9900,?,9,0.0,0.0,E,8
09/16/2021,06:00,0.0,1351.258,0.0,1,8,0.0,1,8,0.0,1,8,0.0,1,8,0.0,1,8,0.0,1,8,-0.0,1,8,-9900,?,9,-9900,?,9,5.32,E,8,4.7,E,8,95.0,E,8,822.9788000000001,E,8,999.0,E,8,1.41,E,8,-9900,?,9,-9900,?,9,0.0,E,8,-9900,?,9,-9900,?,9,0.0,0.0,E,8
09/16/2021,07:00,234.099,1351.258,4.29,1,8,0.0,1,8,4.29,1,8,514.8,1,8,0.0,1,8,471.9,1,8,7.954,1,8,-9900,?,9,-9900,?,9,5.09,E,8,4.77,E,8,97.0,E,8,822.9788000000001,E,8,999.0,E,8,1.31,E,8,-9900,?,9,-9900,?,9,0.0,E,8,-9900,?,9,-9900,?,9,0.0,0.0,E,8
09/16/2021,08:00,543.676,1351.258,86.65,1,8,0.0,1,8,86.65,1,8,10398.0,1,8,0.0,1,8,9531.5,1,8,68.655,1,8,-9900,?,9,-9900,?,9,4.85,E,8,4.85,E,8,99.0,E,8,822.9788000000001,E,8,999.0,E,8,0.93,E,8,-9900,?,9,-9900,?,9,0.0,E,8,-9900,?,9,-9900,?,9,0.0,0.0,E,8
09/16/2021,09:00,815.645,1351.258,179.31,1,8,2.193,1,8,177.987,1,8,21517.2,1,8,208.382,1,8,19578.531,1,8,93.907,1,8,-9900,?,9,-9900,?,9,9.14,E,8,3.45,E,8,67.0,E,8,822.9788000000001,E,8,999.0,E,8,0.93,E,8,-9900,?,9,-9900,?,9,0.0,E,8,-9900,?,9,-9900,?,9,0.0,0.0,E,8
09/16/2021,10:00,1030.76,1351.258,258.65,1,8,4.36,1,8,255.325,1,8,31038.0,1,8,414.206,1,8,28085.726,1,8,106.565,1,8,-9900,?,9,-9900,?,9,10.49,E,8,2.99,E,8,59.0,E,8,822.9788000000001,E,8,999.0,E,8,0.93,E,8,-9900,?,9,-9900,?,9,0.0,E,8,-9900,?,9,-9900,?,9,0.0,0.0,E,8
09/16/2021,11:00,1174.234,1351.258,317.45,1,8,6.052,1,8,312.192,1,8,38094.0,1,8,574.904,1,8,34341.085,1,8,114.366,1,8,-9900,?,9,-9900,?,9,11.64,E,8,2.58,E,8,53.0,E,8,822.9788000000001,E,8,999.0,E,8,0.93,E,8,-9900,?,9,-9900,?,9,0.0,E,8,-9900,?,9,-9900,?,9,0.0,0.0,E,8
09/16/2021,12:00,1236.255,1351.258,351.23,1,8,7.455,1,8,344.41,1,8,42147.6,1,8,708.21,1,8,37885.102,1,8,119.834,1,8,-9900,?,9,-9900,?,9,12.55,E,8,2.25,E,8,49.0,E,8,822.9788000000001,E,8,999.0,E,8,0.93,E,8,-9900,?,9,-9900,?,9,0.0,E,8,-9900,?,9,-9900,?,9,0.0,0.0,E,8
09/16/2021,13:00,1212.59,1351.258,357.54,1,8,7.058,1,8,351.207,1,8,42904.8,1,8,670.509,1,8,38632.744,1,8,124.586,1,8,-9900,?,9,-9900,?,9,13.19,E,8,2.01,E,8,46.0,E,8,822.9788000000001,E,8,999.0,E,8,0.93,E,8,-9900,?,9,-9900,?,9,0.0,E,8,-9900,?,9,-9900,?,9,0.0,0.0,E,8
09/16/2021,14:00,1104.862,1351.258,335.93,1,8,9.786,1,8,327.93,1,8,40311.6,1,8,929.662,1,8,36072.264,1,8,127.68,1,8,-9900,?,9,-9900,?,9,13.55,E,8,1.88,E,8,45.0,E,8,822.9788000000001,E,8,999.0,E,8,0.93,E,8,-9900,?,9,-9900,?,9,0.0,E,8,-9900,?,9,-9900,?,9,0.0,0.0,E,8
09/16/2021,15:00,920.449,1351.258,181.98,1,8,3.353,1,8,179.697,1,8,21837.6,1,8,318.511,1,8,19766.665,1,8,83.999,1,8,-9900,?,9,-9900,?,9,12.95,E,8,2.1,E,8,47.0,E,8,822.9788000000001,E,8,999.0,E,8,0.93,E,8,-9900,?,9,-9900,?,9,0.0,E,8,-9900,?,9,-9900,?,9,0.0,0.0,E,8
09/16/2021,16:00,672.003,1351.258,295.13,1,8,120.847,1,8,235.084,1,8,35415.6,1,8,11480.461,1,8,25859.27,1,8,150.601,1,8,-9900,?,9,-9900,?,9,13.17,E,8,2.02,E,8,46.0,E,8,822.9788000000001,E,8,999.0,E,8,0.93,E,8,-9900,?,9,-9900,?,9,0.0,E,8,-9900,?,9,-9900,?,9,0.0,0.0,E,8
09/16/2021,17:00,376.76,1351.258,149.03,1,8,104.707,1,8,119.935,1,8,17883.6,1,8,9947.137,1,8,13192.859,1,8,137.39,1,8,-9900,?,9,-9900,?,9,12.55,E,8,2.25,E,8,49.0,E,8,822.9788000000001,E,8,999.0,E,8,1.06,E,8,-9900,?,9,-9900,?,9,0.0,E,8,-9900,?,9,-9900,?,9,0.0,0.0,E,8
09/16/2021,18:00,58.821,1351.258,34.9,1,8,0.0,1,8,34.9,1,8,4188.0,1,8,0.0,1,8,3839.0,1,8,285.742,1,8,-9900,?,9,-9900,?,9,11.47,E,8,2.64,E,8,54.0,E,8,822.9788000000001,E,8,999.0,E,8,0.93,E,8,-9900,?,9,-9900,?,9,0.0,E,8,-9900,?,9,-9900,?,9,0.0,0.0,E,8
09/16/2021,19:00,0.0,1351.258,0.0,1,8,0.0,1,8,0.0,1,8,0.0,1,8,0.0,1,8,0.0,1,8,-0.0,1,8,-9900,?,9,-9900,?,9,10.84,E,8,2.86,E,8,57.0,E,8,822.9788000000001,E,8,999.0,E,8,0.93,E,8,-9900,?,9,-9900,?,9,0.0,E,8,-9900,?,9,-9900,?,9,0.0,0.0,E,8
09/16/2021,20:00,0.0,1351.258,0.0,1,8,0.0,1,8,0.0,1,8,0.0,1,8,0.0,1,8,0.0,1,8,-0.0,1,8,-9900,?,9,-9900,?,9,10.22,E,8,3.08,E,8,61.0,E,8,822.9788000000001,E,8,999.0,E,8,0.93,E,8,-9900,?,9,-9900,?,9,0.0,E,8,-9900,?,9,-9900,?,9,0.0,0.0,E,8
09/16/2021,21:00,0.0,1351.258,0.0,1,8,0.0,1,8,0.0,1,8,0.0,1,8,0.0,1,8,0.0,1,8,-0.0,1,8,-9900,?,9,-9900,?,9,9.59,E,8,3.3,E,8,64.0,E,8,822.9788000000001,E,8,999.0,E,8,0.93,E,8,-9900,?,9,-9900,?,9,0.0,E,8,-9900,?,9,-9900,?,9,0.0,0.0,E,8
09/16/2021,22:00,0.0,1351.258,0.0,1,8,0.0,1,8,0.0,1,8,0.0,1,8,0.0,1,8,0.0,1,8,-0.0,1,8,-9900,?,9,-9900,?,9,8.96,E,8,3.51,E,8,68.0,E,8,822.9788000000001,E,8,999.0,E,8,0.93,E,8,-9900,?,9,-9900,?,9,0.0,E,8,-9900,?,9,-9900,?,9,0.0,0.0,E,8
09/16/2021,23:00,0.0,1351.258,0.0,1,8,0.0,1,8,0.0,1,8,0.0,1,8,0.0,1,8,0.0,1,8,-0.0,1,8,-9900,?,9,-9900,?,9,8.33,E,8,3.72,E,8,72.0,E,8,822.9788000000001,E,8,999.0,E,8,0.93,E,8,-9900,?,9,-9900,?,9,0.0,E,8,-9900,?,9,-9900,?,9,0.0,0.0,E,8
09/16/2021,24:00,0.0,1351.258,0.0,1,8,0.0,1,8,0.0,1,8,0.0,1,8,0.0,1,8,0.0,1,8,-0.0,1,8,-9900,?,9,-9900,?,9,7.71,E,8,4.56,E,8,80.0,E,8,822.9788000000001,E,8,999.0,E,8,0.09,E,8,-9900,?,9,-9900,?,9,0.0,E,8,-9900,?,9,-9900,?,9,0.0,0.0,E,8
09/17/2021,01:00,0.0,1351.258,0.0,1,8,0.0,1,8,0.0,1,8,0.0,1,8,0.0,1,8,0.0,1,8,-0.0,1,8,-9900,?,9,-9900,?,9,7.39,E,8,4.69,E,8,82.0,E,8,822.9788000000001,E,8,999.0,E,8,0.09,E,8,-9900,?,9,-9900,?,9,0.0,E,8,-9900,?,9,-9900,?,9,0.0,0.0,E,8
09/17/2021,02:00,0.0,1351.258,0.0,1,8,0.0,1,8,0.0,1,8,0.0,1,8,0.0,1,8,0.0,1,8,-0.0,1,8,-9900,?,9,-9900,?,9,7.08,E,8,4.82,E,8,85.0,E,8,822.9788000000001,E,8,999.0,E,8,0.09,E,8,-9900,?,9,-9900,?,9,0.0,E,8,-9900,?,9,-9900,?,9,0.0,0.0,E,8
09/17/2021,03:00,0.0,1351.258,0.0,1,8,0.0,1,8,0.0,1,8,0.0,1,8,0.0,1,8,0.0,1,8,-0.0,1,8,-9900,?,9,-9900,?,9,6.76,E,8,4.95,E,8,88.0,E,8,822.9788000000001,E,8,999.0,E,8,0.09,E,8,-9900,?,9,-9900,?,9,0.0,E,8,-9900,?,9,-9900,?,9,0.0,0.0,E,8
09/17/2021,04:00,0.0,1352.008,0.0,1,8,0.0,1,8,0.0,1,8,0.0,1,8,0.0,1,8,0.0,1,8,-0.0,1,8,-9900,?,9,-9900,?,9,6.45,E,8,5.08,E,8,90.0,E,8,822.9788000000001,E,8,999.0,E,8,0.09,E,8,-9900,?,9,-9900,?,9,0.0,E,8,-9900,?,9,-9900,?,9,0.0,0.0,E,8
09/17/2021,05:00,0.0,1352.008,0.0,1,8,0.0,1,8,0.0,1,8,0.0,1,8,0.0,1,8,0.0,1,8,-0.0,1,8,-9900,?,9,-9900,?,9,6.14,E,8,5.21,E,8,93.0,E,8,822.9788000000001,E,8,999.0,E,8,0.09,E,8,-9900,?,9,-9900,?,9,0.0,E,8,-9900,?,9,-9900,?,9,0.0,0.0,E,8
09/17/2021,06:00,0.0,1352.008,0.0,1,8,0.0,1,8,0.0,1,8,0.0,1,8,0.0,1,8,0.0,1,8,-0.0,1,8,-9900,?,9,-9900,?,9,5.89,E,8,5.31,E,8,96.0,E,8,822.9788000000001,E,8,999.0,E,8,0.09,E,8,-9900,?,9,-9900,?,9,0.0,E,8,-9900,?,9,-9900,?,9,0.0,0.0,E,8
09/17/2021,07:00,239.458,1352.008,6.64,1,8,0.0,1,8,6.64,1,8,796.8,1,8,0.0,1,8,730.4,1,8,12.037,1,8,-9900,?,9,-9900,?,9,5.69,E,8,5.39,E,8,97.0,E,8,822.9788000000001,E,8,999.0,E,8,0.09,E,8,-9900,?,9,-9900,?,9,0.0,E,8,-9900,?,9,-9900,?,9,0.0,0.0,E,8
09/17/2021,08:00,549.159,1352.008,118.13,1,8,0.0,1,8,118.13,1,8,14175.6,1,8,0.0,1,8,12994.3,1,8,92.711,1,8,-9900,?,9,-9900,?,9,5.48,E,8,5.48,E,8,99.0,E,8,822.9788000000001,E,8,999.0,E,8,0.15,E,8,-9900,?,9,-9900,?,9,0.0,E,8,-9900,?,9,-9900,?,9,0.0,0.0,E,8
09/17/2021,09:00,821.071,1352.008,242.27,1,8,8.175,1,8,237.308,1,8,29072.4,1,8,776.661,1,8,26103.837,1,8,124.445,1,8,-9900,?,9,-9900,?,9,10.08,E,8,3.52,E,8,63.0,E,8,822.9788000000001,E,8,999.0,E,8,0.4,E,8,-9900,?,9,-9900,?,9,0.0,E,8,-9900,?,9,-9900,?,9,0.0,0.0,E,8
09/17/2021,10:00,1035.975,1352.008,348.43,1,8,7.682,1,8,342.545,1,8,41811.6,1,8,729.744,1,8,37679.978,1,8,142.327,1,8,-9900,?,9,-9900,?,9,11.51,E,8,2.85,E,8,55.0,E,8,822.9788000000001,E,8,999.0,E,8,0.85,E,8,-9900,?,9,-9900,?,9,0.0,E,8,-9900,?,9,-9900,?,9,0.0,0.0,E,8
09/17/2021,11:00,1179.105,1352.008,427.02,1,8,9.107,1,8,419.079,1,8,51242.4,1,8,865.136,1,8,46098.652,1,8,152.972,1,8,-9900,?,9,-9900,?,9,12.73,E,8,2.26,E,8,48.0,E,8,822.9788000000001,E,8,999.0,E,8,1.42,E,8,-9900,?,9,-9900,?,9,0.0,E,8,-9900,?,9,-9900,?,9,0.0,0.0,E,8
09/17/2021,12:00,1240.67,1352.008,472.06,1,8,15.968,1,8,457.408,1,8,56647.2,1,8,1516.928,1,8,50314.889,1,8,158.672,1,8,-9900,?,9,-9900,?,9,13.69,E,8,1.78,E,8,44.0,E,8,822.9788000000001,E,8,999.0,E,8,1.45,E,8,-9900,?,9,-9900,?,9,0.0,E,8,-9900,?,9,-9900,?,9,0.0,0.0,E,8
09/17/2021,13:00,1216.47,1352.008,480.29,1,8,12.103,1,8,469.401,1,8,57634.8,1,8,1149.784,1,8,51634.119,1,8,166.074,1,8,-9900,?,9,-9900,?,9,14.37,E,8,1.44,E,8,41.0,E,8,822.9788000000001,E,8,999.0,E,8,1.61,E,8,-9900,?,9,-9900,?,9,0.0,E,8,-9900,?,9,-9900,?,9,0.0,0.0,E,8
09/17/2021,14:00,1108.166,1352.008,451.12,1,8,59.48,1,8,402.375,1,8,54134.4,1,8,5650.574,1,8,44261.225,1,8,156.285,1,8,-9900,?,9,-9900,?,9,14.74,E,8,1.24,E,8,39.0,E,8,822.9788000000001,E,8,999.0,E,8,1.91,E,8,-9900,?,9,-9900,?,9,0.0,E,8,-9900,?,9,-9900,?,9,0.0,0.0,E,8
09/17/2021,15:00,923.174,1352.008,386.65,1,8,90.716,1,8,324.728,1,8,46398.0,1,8,8618.057,1,8,35720.096,1,8,151.43,1,8,-9900,?,9,-9900,?,9,14.82,E,8,1.2,E,8,39.0,E,8,822.9788000000001,E,8,999.0,E,8,2.02,E,8,-9900,?,9,-9900,?,9,0.0,E,8,-9900,?,9,-9900,?,9,0.0,0.0,E,8
09/17/2021,16:00,674.185,1352.008,291.66,1,8,106.556,1,8,238.572,1,8,34999.2,1,8,10122.819,1,8,26242.951,1,8,152.424,1,8,-9900,?,9,-9900,?,9,14.46,E,8,1.39,E,8,41.0,E,8,822.9788000000001,E,8,999.0,E,8,1.56,E,8,-9900,?,9,-9900,?,9,0.0,E,8,-9900,?,9,-9900,?,9,0.0,0.0,E,8
09/17/2021,17:00,378.472,1352.008,173.86,1,8,230.735,1,8,109.488,1,8,20863.2,1,8,21919.789,1,8,12043.693,1,8,124.921,1,8,-9900,?,9,-9900,?,9,13.67,E,8,1.79,E,8,44.0,E,8,822.9788000000001,E,8,999.0,E,8,0.93,E,8,-9900,?,9,-9900,?,9,0.0,E,8,-9900,?,9,-9900,?,9,0.0,0.0,E,8
09/17/2021,18:00,60.103,1352.008,48.27,1,8,0.0,1,8,48.27,1,8,5792.4,1,8,0.0,1,8,5309.7,1,8,385.472,1,8,-9900,?,9,-9900,?,9,12.52,E,8,2.37,E,8,49.0,E,8,822.9788000000001,E,8,999.0,E,8,0.66,E,8,-9900,?,9,-9900,?,9,0.0,E,8,-9900,?,9,-9900,?,9,0.0,0.0,E,8
09/17/2021,19:00,0.0,1352.008,0.0,1,8,0.0,1,8,0.0,1,8,0.0,1,8,0.0,1,8,0.0,1,8,-0.0,1,8,-9900,?,9,-9900,?,9,11.74,E,8,2.74,E,8,53.0,E,8,822.9788000000001,E,8,999.0,E,8,0.21,E,8,-9900,?,9,-9900,?,9,0.0,E,8,-9900,?,9,-9900,?,9,0.0,0.0,E,8
09/17/2021,20:00,0.0,1352.008,0.0,1,8,0.0,1,8,0.0,1,8,0.0,1,8,0.0,1,8,0.0,1,8,-0.0,1,8,-9900,?,9,-9900,?,9,10.96,E,8,3.11,E,8,58.0,E,8,822.9788000000001,E,8,999.0,E,8,0.23,E,8,-9900,?,9,-9900,?,9,0.0,E,8,-9900,?,9,-9900,?,9,0.0,0.0,E,8
09/17/2021,21:00,0.0,1352.008,0.0,1,8,0.0,1,8,0.0,1,8,0.0,1,8,0.0,1,8,0.0,1,8,-0.0,1,8,-9900,?,9,-9900,?,9,10.18,E,8,3.47,E,8,63.0,E,8,822.9788000000001,E,8,999.0,E,8,0.26,E,8,-9900,?,9,-9900,?,9,0.0,E,8,-9900,?,9,-9900,?,9,0.0,0.0,E,8
09/17/2021,22:00,0.0,1352.008,0.0,1,8,0.0,1,8,0.0,1,8,0.0,1,8,0.0,1,8,0.0,1,8,-0.0,1,8,-9900,?,9,-9900,?,9,9.4,E,8,3.82,E,8,68.0,E,8,822.9788000000001,E,8,999.0,E,8,0.23,E,8,-9900,?,9,-9900,?,9,0.0,E,8,-9900,?,9,-9900,?,9,0.0,0.0,E,8
09/17/2021,23:00,0.0,1352.008,0.0,1,8,0.0,1,8,0.0,1,8,0.0,1,8,0.0,1,8,0.0,1,8,-0.0,1,8,-9900,?,9,-9900,?,9,8.62,E,8,4.16,E,8,73.0,E,8,822.9788000000001,E,8,999.0,E,8,0.22,E,8,-9900,?,9,-9900,?,9,0.0,E,8,-9900,?,9,-9900,?,9,0.0,0.0,E,8
09/17/2021,24:00,0.0,1352.008,0.0,1,8,0.0,1,8,0.0,1,8,0.0,1,8,0.0,1,8,0.0,1,8,-0.0,1,8,-9900,?,9,-9900,?,9,7.83,E,8,1.92,E,8,66.0,E,8,822.9788000000001,E,8,999.0,E,8,2.12,E,8,-9900,?,9,-9900,?,9,0.0,E,8,-9900,?,9,-9900,?,9,0.0,0.0,E,8
09/18/2021,01:00,0.0,1352.008,0.0,1,8,0.0,1,8,0.0,1,8,0.0,1,8,0.0,1,8,0.0,1,8,-0.0,1,8,-9900,?,9,-9900,?,9,7.44,E,8,2.4,E,8,70.0,E,8,822.9788000000001,E,8,999.0,E,8,3.14,E,8,-9900,?,9,-9900,?,9,0.0,E,8,-9900,?,9,-9900,?,9,0.0,0.0,E,8
09/18/2021,02:00,0.0,1352.008,0.0,1,8,0.0,1,8,0.0,1,8,0.0,1,8,0.0,1,8,0.0,1,8,-0.0,1,8,-9900,?,9,-9900,?,9,7.05,E,8,2.87,E,8,74.0,E,8,822.9788000000001,E,8,999.0,E,8,3.73,E,8,-9900,?,9,-9900,?,9,0.0,E,8,-9900,?,9,-9900,?,9,0.0,0.0,E,8
09/18/2021,03:00,0.0,1352.008,0.0,1,8,0.0,1,8,0.0,1,8,0.0,1,8,0.0,1,8,0.0,1,8,-0.0,1,8,-9900,?,9,-9900,?,9,6.66,E,8,3.33,E,8,79.0,E,8,822.9788000000001,E,8,999.0,E,8,5.33,E,8,-9900,?,9,-9900,?,9,0.0,E,8,-9900,?,9,-9900,?,9,0.0,0.0,E,8
09/18/2021,04:00,0.0,1352.762,0.0,1,8,0.0,1,8,0.0,1,8,0.0,1,8,0.0,1,8,0.0,1,8,-0.0,1,8,-9900,?,9,-9900,?,9,6.27,E,8,3.77,E,8,84.0,E,8,822.9788000000001,E,8,999.0,E,8,4.71,E,8,-9900,?,9,-9900,?,9,0.0,E,8,-9900,?,9,-9900,?,9,0.0,0.0,E,8
09/18/2021,05:00,0.0,1352.762,0.0,1,8,0.0,1,8,0.0,1,8,0.0,1,8,0.0,1,8,0.0,1,8,-0.0,1,8,-9900,?,9,-9900,?,9,5.88,E,8,4.2,E,8,88.0,E,8,822.9788000000001,E,8,999.0,E,8,4.62,E,8,-9900,?,9,-9900,?,9,0.0,E,8,-9900,?,9,-9900,?,9,0.0,0.0,E,8
09/18/2021,06:00,0.0,1352.762,0.0,1,8,0.0,1,8,0.0,1,8,0.0,1,8,0.0,1,8,0.0,1,8,-0.0,1,8,-9900,?,9,-9900,?,9,5.58,E,8,4.52,E,8,92.0,E,8,822.9788000000001,E,8,999.0,E,8,2.97,E,8,-9900,?,9,-9900,?,9,0.0,E,8,-9900,?,9,-9900,?,9,0.0,0.0,E,8
09/18/2021,07:00,244.823,1352.762,6.79,1,8,0.0,1,8,6.79,1,8,814.8,1,8,0.0,1,8,746.9,1,8,12.042,1,8,-9900,?,9,-9900,?,9,5.32,E,8,4.8,E,8,96.0,E,8,822.9788000000001,E,8,999.0,E,8,3.24,E,8,-9900,?,9,-9900,?,9,0.0,E,8,-9900,?,9,-9900,?,9,0.0,0.0,E,8
09/18/2021,08:00,554.632,1352.762,107.43,1,8,0.0,1,8,107.43,1,8,12891.6,1,8,0.0,1,8,11817.3,1,8,83.525,1,8,-9900,?,9,-9900,?,9,5.07,E,8,5.06,E,8,99.0,E,8,822.9788000000001,E,8,999.0,E,8,4.23,E,8,-9900,?,9,-9900,?,9,0.0,E,8,-9900,?,9,-9900,?,9,0.0,0.0,E,8
09/18/2021,09:00,826.473,1352.762,218.38,1,8,4.973,1,8,215.343,1,8,26205.6,1,8,472.443,1,8,23687.749,1,8,112.25,1,8,-9900,?,9,-9900,?,9,9.69,E,8,-0.55,E,8,48.0,E,8,822.9788000000001,E,8,999.0,E,8,5.57,E,8,-9900,?,9,-9900,?,9,0.0,E,8,-9900,?,9,-9900,?,9,0.0,0.0,E,8
09/18/2021,10:00,1041.157,1352.762,313.17,1,8,5.451,1,8,308.975,1,8,37580.4,1,8,517.876,1,8,33987.274,1,8,127.811,1,8,-9900,?,9,-9900,?,9,11.11,E,8,-2.56,E,8,37.0,E,8,822.9788000000001,E,8,999.0,E,8,4.94,E,8,-9900,?,9,-9900,?,9,0.0,E,8,-9900,?,9,-9900,?,9,0.0,0.0,E,8
09/18/2021,11:00,1183.934,1352.762,383.25,1,8,6.449,1,8,377.607,1,8,45990.0,1,8,612.628,1,8,41536.726,1,8,137.348,1,8,-9900,?,9,-9900,?,9,12.32,E,8,-4.56,E,8,29.0,E,8,822.9788000000001,E,8,999.0,E,8,5.99,E,8,-9900,?,9,-9900,?,9,0.0,E,8,-9900,?,9,-9900,?,9,0.0,0.0,E,8
09/18/2021,12:00,1245.04,1352.762,423.32,1,8,11.091,1,8,413.113,1,8,50798.4,1,8,1053.605,1,8,45442.443,1,8,142.883,1,8,-9900,?,9,-9900,?,9,13.27,E,8,-6.39,E,8,23.0,E,8,822.9788000000001,E,8,999.0,E,8,4.56,E,8,-9900,?,9,-9900,?,9,0.0,E,8,-9900,?,9,-9900,?,9,0.0,0.0,E,8
09/18/2021,13:00,1220.305,1352.762,430.47,1,8,11.148,1,8,420.415,1,8,51656.4,1,8,1059.016,1,8,46245.612,1,8,148.358,1,8,-9900,?,9,-9900,?,9,13.94,E,8,-7.86,E,8,19.0,E,8,822.9788000000001,E,8,999.0,E,8,3.29,E,8,-9900,?,9,-9900,?,9,0.0,E,8,-9900,?,9,-9900,?,9,0.0,0.0,E,8
09/18/2021,14:00,1111.428,1352.762,404.2,1,8,9.645,1,8,396.277,1,8,48504.0,1,8,916.301,1,8,43590.422,1,8,153.55,1,8,-9900,?,9,-9900,?,9,14.31,E,8,-8.76,E,8,17.0,E,8,822.9788000000001,E,8,999.0,E,8,1.81,E,8,-9900,?,9,-9900,?,9,0.0,E,8,-9900,?,9,-9900,?,9,0.0,0.0,E,8
09/18/2021,15:00,925.865,1352.762,346.39,1,8,5.883,1,8,342.365,1,8,41566.8,1,8,558.878,1,8,37660.141,1,8,159.279,1,8,-9900,?,9,-9900,?,9,14.38,E,8,-8.93,E,8,17.0,E,8,822.9788000000001,E,8,999.0,E,8,3.03,E,8,-9900,?,9,-9900,?,9,0.0,E,8,-9900,?,9,-9900,?,9,0.0,0.0,E,8
09/18/2021,16:00,676.345,1352.762,261.34,1,8,39.668,1,8,241.524,1,8,31360.8,1,8,3768.493,1,8,26567.673,1,8,153.902,1,8,-9900,?,9,-9900,?,9,14.02,E,8,-8.05,E,8,19.0,E,8,822.9788000000001,E,8,999.0,E,8,2.02,E,8,-9900,?,9,-9900,?,9,0.0,E,8,-9900,?,9,-9900,?,9,0.0,0.0,E,8
09/18/2021,17:00,380.174,1352.762,155.92,1,8,116.113,1,8,123.398,1,8,18710.4,1,8,11030.719,1,8,13573.737,1,8,140.234,1,8,-9900,?,9,-9900,?,9,13.23,E,8,-6.31,E,8,23.0,E,8,822.9788000000001,E,8,999.0,E,8,2.89,E,8,-9900,?,9,-9900,?,9,0.0,E,8,-9900,?,9,-9900,?,9,0.0,0.0,E,8
09/18/2021,18:00,61.39,1352.762,43.54,1,8,0.0,1,8,43.54,1,8,5224.8,1,8,0.0,1,8,4789.4,1,8,339.326,1,8,-9900,?,9,-9900,?,9,12.08,E,8,-4.14,E,8,30.0,E,8,822.9788000000001,E,8,999.0,E,8,1.72,E,8,-9900,?,9,-9900,?,9,0.0,E,8,-9900,?,9,-9900,?,9,0.0,0.0,E,8
09/18/2021,19:00,0.0,1352.762,0.0,1,8,0.0,1,8,0.0,1,8,0.0,1,8,0.0,1,8,0.0,1,8,-0.0,1,8,-9900,?,9,-9900,?,9,11.4,E,8,-3.01,E,8,35.0,E,8,822.9788000000001,E,8,999.0,E,8,1.74,E,8,-9900,?,9,-9900,?,9,0.0,E,8,-9900,?,9,-9900,?,9,0.0,0.0,E,8
09/18/2021,20:00,0.0,1352.762,0.0,1,8,0.0,1,8,0.0,1,8,0.0,1,8,0.0,1,8,0.0,1,8,-0.0,1,8,-9900,?,9,-9900,?,9,10.73,E,8,-1.99,E,8,40.0,E,8,822.9788000000001,E,8,999.0,E,8,1.9,E,8,-9900,?,9,-9900,?,9,0.0,E,8,-9900,?,9,-9900,?,9,0.0,0.0,E,8
09/18/2021,21:00,0.0,1352.762,0.0,1,8,0.0,1,8,0.0,1,8,0.0,1,8,0.0,1,8,0.0,1,8,-0.0,1,8,-9900,?,9,-9900,?,9,10.05,E,8,-1.03,E,8,45.0,E,8,822.9788000000001,E,8,999.0,E,8,1.09,E,8,-9900,?,9,-9900,?,9,0.0,E,8,-9900,?,9,-9900,?,9,0.0,0.0,E,8
09/18/2021,22:00,0.0,1352.762,0.0,1,8,0.0,1,8,0.0,1,8,0.0,1,8,0.0,1,8,0.0,1,8,-0.0,1,8,-9900,?,9,-9900,?,9,9.37,E,8,-0.14,E,8,51.0,E,8,822.9788000000001,E,8,999.0,E,8,0.71,E,8,-9900,?,9,-9900,?,9,0.0,E,8,-9900,?,9,-9900,?,9,0.0,0.0,E,8
09/18/2021,23:00,0.0,1352.762,0.0,1,8,0.0,1,8,0.0,1,8,0.0,1,8,0.0,1,8,0.0,1,8,-0.0,1,8,-9900,?,9,-9900,?,9,8.69,E,8,0.79,E,8,57.0,E,8,822.9788000000001,E,8,999.0,E,8,1.52,E,8,-9900,?,9,-9900,?,9,0.0,E,8,-9900,?,9,-9900,?,9,0.0,0.0,E,8
09/18/2021,24:00,0.0,1352.762,0.0,1,8,0.0,1,8,0.0,1,8,0.0,1,8,0.0,1,8,0.0,1,8,-0.0,1,8,-9900,?,9,-9900,?,9,8.02,E,8,4.49,E,8,78.0,E,8,822.9788000000001,E,8,999.0,E,8,1.0,E,8,-9900,?,9,-9900,?,9,0.0,E,8,-9900,?,9,-9900,?,9,0.0,0.0,E,8
09/19/2021,01:00,0.0,1352.762,0.0,1,8,0.0,1,8,0.0,1,8,0.0,1,8,0.0,1,8,0.0,1,8,-0.0,1,8,-9900,?,9,-9900,?,9,7.68,E,8,4.66,E,8,81.0,E,8,822.9788000000001,E,8,999.0,E,8,1.2,E,8,-9900,?,9,-9900,?,9,0.0,E,8,-9900,?,9,-9900,?,9,0.0,0.0,E,8
09/19/2021,02:00,0.0,1352.762,0.0,1,8,0.0,1,8,0.0,1,8,0.0,1,8,0.0,1,8,0.0,1,8,-0.0,1,8,-9900,?,9,-9900,?,9,7.34,E,8,4.82,E,8,83.0,E,8,822.9788000000001,E,8,999.0,E,8,1.09,E,8,-9900,?,9,-9900,?,9,0.0,E,8,-9900,?,9,-9900,?,9,0.0,0.0,E,8
09/19/2021,03:00,0.0,1352.762,0.0,1,8,0.0,1,8,0.0,1,8,0.0,1,8,0.0,1,8,0.0,1,8,-0.0,1,8,-9900,?,9,-9900,?,9,7.0,E,8,4.98,E,8,86.0,E,8,822.9788000000001,E,8,999.0,E,8,0.64,E,8,-9900,?,9,-9900,?,9,0.0,E,8,-9900,?,9,-9900,?,9,0.0,0.0,E,8
09/19/2021,04:00,0.0,1353.521,0.0,1,8,0.0,1,8,0.0,1,8,0.0,1,8,0.0,1,8,0.0,1,8,-0.0,1,8,-9900,?,9,-9900,?,9,6.66,E,8,5.13,E,8,89.0,E,8,822.9788000000001,E,8,999.0,E,8,0.46,E,8,-9900,?,9,-9900,?,9,0.0,E,8,-9900,?,9,-9900,?,9,0.0,0.0,E,8
09/19/2021,05:00,0.0,1353.521,0.0,1,8,0.0,1,8,0.0,1,8,0.0,1,8,0.0,1,8,0.0,1,8,-0.0,1,8,-9900,?,9,-9900,?,9,6.32,E,8,5.29,E,8,93.0,E,8,822.9788000000001,E,8,999.0,E,8,0.46,E,8,-9900,?,9,-9900,?,9,0.0,E,8,-9900,?,9,-9900,?,9,0.0,0.0,E,8
09/19/2021,06:00,0.0,1353.521,0.0,1,8,0.0,1,8,0.0,1,8,0.0,1,8,0.0,1,8,0.0,1,8,-0.0,1,8,-9900,?,9,-9900,?,9,6.06,E,8,5.41,E,8,95.0,E,8,822.9788000000001,E,8,999.0,E,8,0.46,E,8,-9900,?,9,-9900,?,9,0.0,E,8,-9900,?,9,-9900,?,9,0.0,0.0,E,8
09/19/2021,07:00,250.189,1353.521,23.44,1,8,0.0,1,8,23.44,1,8,2812.8,1,8,0.0,1,8,2578.4,1,8,40.687,1,8,-9900,?,9,-9900,?,9,5.84,E,8,5.51,E,8,97.0,E,8,822.9788000000001,E,8,999.0,E,8,0.46,E,8,-9900,?,9,-9900,?,9,0.0,E,8,-9900,?,9,-9900,?,9,0.0,0.0,E,8
09/19/2021,08:00,560.091,1353.521,228.48,1,8,111.929,1,8,182.229,1,8,27417.6,1,8,10633.297,1,8,20045.14,1,8,140.374,1,8,-9900,?,9,-9900,?,9,5.61,E,8,5.61,E,8,99.0,E,8,822.9788000000001,E,8,999.0,E,8,0.46,E,8,-9900,?,9,-9900,?,9,0.0,E,8,-9900,?,9,-9900,?,9,0.0,0.0,E,8
09/19/2021,09:00,831.85,1353.521,196.96,1,8,4.073,1,8,194.458,1,8,23635.2,1,8,386.935,1,8,21390.382,1,8,100.764,1,8,-9900,?,9,-9900,?,9,10.04,E,8,3.49,E,8,63.0,E,8,822.9788000000001,E,8,999.0,E,8,0.58,E,8,-9900,?,9,-9900,?,9,0.0,E,8,-9900,?,9,-9900,?,9,0.0,0.0,E,8
09/19/2021,10:00,1046.303,1353.521,339.33,1,8,12.367,1,8,329.772,1,8,40719.6,1,8,1174.878,1,8,36274.899,1,8,135.818,1,8,-9900,?,9,-9900,?,9,10.91,E,8,3.04,E,8,58.0,E,8,822.9788000000001,E,8,999.0,E,8,0.86,E,8,-9900,?,9,-9900,?,9,0.0,E,8,-9900,?,9,-9900,?,9,0.0,0.0,E,8
09/19/2021,11:00,1188.721,1353.521,280.77,1,8,3.21,1,8,277.951,1,8,33692.4,1,8,304.919,1,8,30574.651,1,8,100.749,1,8,-9900,?,9,-9900,?,9,11.05,E,8,2.97,E,8,57.0,E,8,822.9788000000001,E,8,999.0,E,8,0.91,E,8,-9900,?,9,-9900,?,9,0.0,E,8,-9900,?,9,-9900,?,9,0.0,0.0,E,8
09/19/2021,12:00,1249.365,1353.521,507.47,1,8,35.029,1,8,475.138,1,8,60896.4,1,8,3327.801,1,8,52265.153,1,8,163.858,1,8,-9900,?,9,-9900,?,9,12.07,E,8,2.42,E,8,51.0,E,8,822.9788000000001,E,8,999.0,E,8,1.59,E,8,-9900,?,9,-9900,?,9,0.0,E,8,-9900,?,9,-9900,?,9,0.0,0.0,E,8
09/19/2021,13:00,1224.096,1353.521,515.78,1,8,62.414,1,8,459.337,1,8,61893.6,1,8,5929.376,1,8,50527.106,1,8,161.681,1,8,-9900,?,9,-9900,?,9,12.78,E,8,2.03,E,8,47.0,E,8,822.9788000000001,E,8,999.0,E,8,2.94,E,8,-9900,?,9,-9900,?,9,0.0,E,8,-9900,?,9,-9900,?,9,0.0,0.0,E,8
09/19/2021,14:00,1114.651,1353.521,484.14,1,8,93.043,1,8,407.528,1,8,58096.8,1,8,8839.123,1,8,44828.039,1,8,157.541,1,8,-9900,?,9,-9900,?,9,13.2,E,8,1.79,E,8,45.0,E,8,822.9788000000001,E,8,999.0,E,8,4.47,E,8,-9900,?,9,-9900,?,9,0.0,E,8,-9900,?,9,-9900,?,9,0.0,0.0,E,8
09/19/2021,15:00,928.523,1353.521,508.02,1,8,190.634,1,8,377.287,1,8,60962.4,1,8,18110.193,1,8,41501.62,1,8,175.121,1,8,-9900,?,9,-9900,?,9,13.57,E,8,1.58,E,8,44.0,E,8,822.9788000000001,E,8,999.0,E,8,5.25,E,8,-9900,?,9,-9900,?,9,0.0,E,8,-9900,?,9,-9900,?,9,0.0,0.0,E,8
09/19/2021,16:00,678.482,1353.521,363.94,1,8,292.584,1,8,217.404,1,8,43672.8,1,8,27795.511,1,8,23914.387,1,8,138.173,1,8,-9900,?,9,-9900,?,9,13.5,E,8,1.62,E,8,44.0,E,8,822.9788000000001,E,8,999.0,E,8,3.35,E,8,-9900,?,9,-9900,?,9,0.0,E,8,-9900,?,9,-9900,?,9,0.0,0.0,E,8
09/19/2021,17:00,381.868,1353.521,188.9,1,8,241.792,1,8,120.91,1,8,22668.0,1,8,22970.194,1,8,13300.153,1,8,136.872,1,8,-9900,?,9,-9900,?,9,12.82,E,8,2.01,E,8,47.0,E,8,822.9788000000001,E,8,999.0,E,8,2.53,E,8,-9900,?,9,-9900,?,9,0.0,E,8,-9900,?,9,-9900,?,9,0.0,0.0,E,8
09/19/2021,18:00,62.684,1353.521,52.49,1,8,0.0,1,8,52.49,1,8,6298.8,1,8,0.0,1,8,5773.9,1,8,399.43,1,8,-9900,?,9,-9900,?,9,11.83,E,8,2.55,E,8,52.0,E,8,822.9788000000001,E,8,999.0,E,8,1.02,E,8,-9900,?,9,-9900,?,9,0.0,E,8,-9900,?,9,-9900,?,9,0.0,0.0,E,8
09/19/2021,19:00,0.0,1353.521,0.0,1,8,0.0,1,8,0.0,1,8,0.0,1,8,0.0,1,8,0.0,1,8,-0.0,1,8,-9900,?,9,-9900,?,9,11.1,E,8,2.94,E,8,57.0,E,8,822.9788000000001,E,8,999.0,E,8,0.46,E,8,-9900,?,9,-9900,?,9,0.0,E,8,-9900,?,9,-9900,?,9,0.0,0.0,E,8
09/19/2021,20:00,0.0,1353.521,0.0,1,8,0.0,1,8,0.0,1,8,0.0,1,8,0.0,1,8,0.0,1,8,-0.0,1,8,-9900,?,9,-9900,?,9,10.36,E,8,3.33,E,8,61.0,E,8,822.9788000000001,E,8,999.0,E,8,0.46,E,8,-9900,?,9,-9900,?,9,0.0,E,8,-9900,?,9,-9900,?,9,0.0,0.0,E,8
09/19/2021,21:00,0.0,1353.521,0.0,1,8,0.0,1,8,0.0,1,8,0.0,1,8,0.0,1,8,0.0,1,8,-0.0,1,8,-9900,?,9,-9900,?,9,9.63,E,8,3.7,E,8,66.0,E,8,822.9788000000001,E,8,999.0,E,8,0.46,E,8,-9900,?,9,-9900,?,9,0.0,E,8,-9900,?,9,-9900,?,9,0.0,0.0,E,8
09/19/2021,22:00,0.0,1353.521,0.0,1,8,0.0,1,8,0.0,1,8,0.0,1,8,0.0,1,8,0.0,1,8,-0.0,1,8,-9900,?,9,-9900,?,9,8.89,E,8,4.07,E,8,71.0,E,8,822.9788000000001,E,8,999.0,E,8,0.48,E,8,-9900,?,9,-9900,?,9,0.0,E,8,-9900,?,9,-9900,?,9,0.0,0.0,E,8
09/19/2021,23:00,0.0,1353.521,0.0,1,8,0.0,1,8,0.0,1,8,0.0,1,8,0.0,1,8,0.0,1,8,-0.0,1,8,-9900,?,9,-9900,?,9,8.16,E,8,4.43,E,8,77.0,E,8,822.9788000000001,E,8,999.0,E,8,0.67,E,8,-9900,?,9,-9900,?,9,0.0,E,8,-9900,?,9,-9900,?,9,0.0,0.0,E,8
09/19/2021,24:00,0.0,1353.521,0.0,1,8,0.0,1,8,0.0,1,8,0.0,1,8,0.0,1,8,0.0,1,8,-0.0,1,8,-9900,?,9,-9900,?,9,7.43,E,8,1.86,E,8,67.0,E,8,822.9788000000001,E,8,999.0,E,8,0.25,E,8,-9900,?,9,-9900,?,9,0.0,E,8,-9900,?,9,-9900,?,9,0.0,0.0,E,8
09/20/2021,01:00,0.0,1353.521,0.0,1,8,0.0,1,8,0.0,1,8,0.0,1,8,0.0,1,8,0.0,1,8,-0.0,1,8,-9900,?,9,-9900,?,9,7.06,E,8,2.28,E,8,71.0,E,8,822.9788000000001,E,8,999.0,E,8,0.45,E,8,-9900,?,9,-9900,?,9,0.0,E,8,-9900,?,9,-9900,?,9,0.0,0.0,E,8
09/20/2021,02:00,0.0,1353.521,0.0,1,8,0.0,1,8,0.0,1,8,0.0,1,8,0.0,1,8,0.0,1,8,-0.0,1,8,-9900,?,9,-9900,?,9,6.69,E,8,2.68,E,8,75.0,E,8,822.9788000000001,E,8,999.0,E,8,0.34,E,8,-9900,?,9,-9900,?,9,0.0,E,8,-9900,?,9,-9900,?,9,0.0,0.0,E,8
09/20/2021,03:00,0.0,1353.521,0.0,1,8,0.0,1,8,0.0,1,8,0.0,1,8,0.0,1,8,0.0,1,8,-0.0,1,8,-9900,?,9,-9900,?,9,6.33,E,8,3.07,E,8,79.0,E,8,822.9788000000001,E,8,999.0,E,8,0.3,E,8,-9900,?,9,-9900,?,9,0.0,E,8,-9900,?,9,-9900,?,9,0.0,0.0,E,8
09/20/2021,04:00,0.0,1354.284,0.0,1,8,0.0,1,8,0.0,1,8,0.0,1,8,0.0,1,8,0.0,1,8,-0.0,1,8,-9900,?,9,-9900,?,9,5.96,E,8,3.45,E,8,83.0,E,8,822.9788000000001,E,8,999.0,E,8,0.35,E,8,-9900,?,9,-9900,?,9,0.0,E,8,-9900,?,9,-9900,?,9,0.0,0.0,E,8
09/20/2021,05:00,0.0,1354.284,0.0,1,8,0.0,1,8,0.0,1,8,0.0,1,8,0.0,1,8,0.0,1,8,-0.0,1,8,-9900,?,9,-9900,?,9,5.59,E,8,3.83,E,8,88.0,E,8,822.9788000000001,E,8,999.0,E,8,0.44,E,8,-9900,?,9,-9900,?,9,0.0,E,8,-9900,?,9,-9900,?,9,0.0,0.0,E,8
09/20/2021,06:00,0.0,1354.284,0.0,1,8,0.0,1,8,0.0,1,8,0.0,1,8,0.0,1,8,0.0,1,8,-0.0,1,8,-9900,?,9,-9900,?,9,5.31,E,8,4.11,E,8,91.0,E,8,822.9788000000001,E,8,999.0,E,8,0.38,E,8,-9900,?,9,-9900,?,9,0.0,E,8,-9900,?,9,-9900,?,9,0.0,0.0,E,8
09/20/2021,07:00,255.553,1354.284,12.05,1,8,0.0,1,8,12.05,1,8,1446.0,1,8,0.0,1,8,1325.5,1,8,20.482,1,8,-9900,?,9,-9900,?,9,5.07,E,8,4.34,E,8,95.0,E,8,822.9788000000001,E,8,999.0,E,8,0.4,E,8,-9900,?,9,-9900,?,9,0.0,E,8,-9900,?,9,-9900,?,9,0.0,0.0,E,8
09/20/2021,08:00,565.533,1354.284,162.37,1,8,30.925,1,8,149.474,1,8,19484.4,1,8,2937.893,1,8,16442.12,1,8,114.095,1,8,-9900,?,9,-9900,?,9,4.82,E,8,4.58,E,8,98.0,E,8,822.9788000000001,E,8,999.0,E,8,0.53,E,8,-9900,?,9,-9900,?,9,0.0,E,8,-9900,?,9,-9900,?,9,0.0,0.0,E,8
09/20/2021,09:00,837.196,1354.284,396.45,1,8,82.817,1,8,345.278,1,8,47574.0,1,8,7867.584,1,8,37980.621,1,8,177.872,1,8,-9900,?,9,-9900,?,9,11.11,E,8,-2.69,E,8,36.0,E,8,822.9788000000001,E,8,999.0,E,8,0.55,E,8,-9900,?,9,-9900,?,9,0.0,E,8,-9900,?,9,-9900,?,9,0.0,0.0,E,8
09/20/2021,10:00,1051.41,1354.284,590.33,1,8,263.529,1,8,385.777,1,8,70839.6,1,8,25035.247,1,8,42435.439,1,8,158.201,1,8,-9900,?,9,-9900,?,9,13.44,E,8,-6.44,E,8,23.0,E,8,822.9788000000001,E,8,999.0,E,8,0.57,E,8,-9900,?,9,-9900,?,9,0.0,E,8,-9900,?,9,-9900,?,9,0.0,0.0,E,8
09/20/2021,11:00,1193.463,1354.284,564.6,1,8,103.771,1,8,473.159,1,8,67752.0,1,8,9858.273,1,8,52047.522,1,8,170.921,1,8,-9900,?,9,-9900,?,9,14.46,E,8,-8.51,E,8,17.0,E,8,822.9788000000001,E,8,999.0,E,8,1.19,E,8,-9900,?,9,-9900,?,9,0.0,E,8,-9900,?,9,-9900,?,9,0.0,0.0,E,8
09/20/2021,12:00,1253.641,1354.284,622.61,1,8,11.952,1,8,611.547,1,8,74713.2,1,8,1135.395,1,8,67270.19,1,8,210.299,1,8,-9900,?,9,-9900,?,9,15.33,E,8,-10.6,E,8,14.0,E,8,822.9788000000001,E,8,999.0,E,8,2.04,E,8,-9900,?,9,-9900,?,9,0.0,E,8,-9900,?,9,-9900,?,9,0.0,0.0,E,8
09/20/2021,13:00,1227.84,1354.284,525.35,1,8,78.706,1,8,453.997,1,8,63042.0,1,8,7477.116,1,8,49939.62,1,8,159.404,1,8,-9900,?,9,-9900,?,9,15.55,E,8,-11.19,E,8,13.0,E,8,822.9788000000001,E,8,999.0,E,8,2.79,E,8,-9900,?,9,-9900,?,9,0.0,E,8,-9900,?,9,-9900,?,9,0.0,0.0,E,8
09/20/2021,14:00,1117.832,1354.284,366.38,1,8,17.909,1,8,351.6,1,8,43965.6,1,8,1701.333,1,8,38676.007,1,8,135.61,1,8,-9900,?,9,-9900,?,9,14.95,E,8,-9.64,E,8,15.0,E,8,822.9788000000001,E,8,999.0,E,8,2.39,E,8,-9900,?,9,-9900,?,9,0.0,E,8,-9900,?,9,-9900,?,9,0.0,0.0,E,8
09/20/2021,15:00,931.149,1354.284,508.5,1,8,132.623,1,8,417.344,1,8,61020.0,1,8,12599.21,1,8,45907.804,1,8,193.276,1,8,-9900,?,9,-9900,?,9,15.17,E,8,-10.19,E,8,14.0,E,8,822.9788000000001,E,8,999.0,E,8,2.17,E,8,-9900,?,9,-9900,?,9,0.0,E,8,-9900,?,9,-9900,?,9,0.0,0.0,E,8
09/20/2021,16:00,680.599,1354.284,383.75,1,8,283.474,1,8,241.413,1,8,46050.0,1,8,26930.012,1,8,26555.421,1,8,153.04,1,8,-9900,?,9,-9900,?,9,14.82,E,8,-9.33,E,8,16.0,E,8,822.9788000000001,E,8,999.0,E,8,3.36,E,8,-9900,?,9,-9900,?,9,0.0,E,8,-9900,?,9,-9900,?,9,0.0,0.0,E,8
09/20/2021,17:00,383.554,1354.284,229.36,1,8,550.075,1,8,74.084,1,8,27523.2,1,8,52257.165,1,8,8149.277,1,8,83.54,1,8,-9900,?,9,-9900,?,9,13.95,E,8,-7.43,E,8,20.0,E,8,822.9788000000001,E,8,999.0,E,8,1.58,E,8,-9900,?,9,-9900,?,9,0.0,E,8,-9900,?,9,-9900,?,9,0.0,0.0,E,8
09/20/2021,18:00,63.986,1354.284,34.8,1,8,0.0,1,8,34.8,1,8,4176.0,1,8,0.0,1,8,3828.0,1,8,258.69,1,8,-9900,?,9,-9900,?,9,12.55,E,8,-4.87,E,8,27.0,E,8,822.9788000000001,E,8,999.0,E,8,0.83,E,8,-9900,?,9,-9900,?,9,0.0,E,8,-9900,?,9,-9900,?,9,0.0,0.0,E,8
09/20/2021,19:00,0.0,1354.284,0.0,1,8,0.0,1,8,0.0,1,8,0.0,1,8,0.0,1,8,0.0,1,8,-0.0,1,8,-9900,?,9,-9900,?,9,11.65,E,8,-3.46,E,8,33.0,E,8,822.9788000000001,E,8,999.0,E,8,0.76,E,8,-9900,?,9,-9900,?,9,0.0,E,8,-9900,?,9,-9900,?,9,0.0,0.0,E,8
09/20/2021,20:00,0.0,1354.284,0.0,1,8,0.0,1,8,0.0,1,8,0.0,1,8,0.0,1,8,0.0,1,8,-0.0,1,8,-9900,?,9,-9900,?,9,10.76,E,8,-2.21,E,8,39.0,E,8,822.9788000000001,E,8,999.0,E,8,0.17,E,8,-9900,?,9,-9900,?,9,0.0,E,8,-9900,?,9,-9900,?,9,0.0,0.0,E,8
09/20/2021,21:00,0.0,1354.284,0.0,1,8,0.0,1,8,0.0,1,8,0.0,1,8,0.0,1,8,0.0,1,8,-0.0,1,8,-9900,?,9,-9900,?,9,9.86,E,8,-1.05,E,8,46.0,E,8,822.9788000000001,E,8,999.0,E,8,0.17,E,8,-9900,?,9,-9900,?,9,0.0,E,8,-9900,?,9,-9900,?,9,0.0,0.0,E,8
09/20/2021,22:00,0.0,1354.284,0.0,1,8,0.0,1,8,0.0,1,8,0.0,1,8,0.0,1,8,0.0,1,8,-0.0,1,8,-9900,?,9,-9900,?,9,8.97,E,8,0.0,E,8,53.0,E,8,822.9788000000001,E,8,999.0,E,8,0.17,E,8,-9900,?,9,-9900,?,9,0.0,E,8,-9900,?,9,-9900,?,9,0.0,0.0,E,8
09/20/2021,23:00,0.0,1354.284,0.0,1,8,0.0,1,8,0.0,1,8,0.0,1,8,0.0,1,8,0.0,1,8,-0.0,1,8,-9900,?,9,-9900,?,9,8.07,E,8,1.12,E,8,61.0,E,8,822.9788000000001,E,8,999.0,E,8,0.17,E,8,-9900,?,9,-9900,?,9,0.0,E,8,-9900,?,9,-9900,?,9,0.0,0.0,E,8
09/20/2021,24:00,0.0,1354.284,0.0,1,8,0.0,1,8,0.0,1,8,0.0,1,8,0.0,1,8,0.0,1,8,-0.0,1,8,-9900,?,9,-9900,?,9,7.18,E,8,0.66,E,8,63.0,E,8,822.9788000000001,E,8,999.0,E,8,0.18,E,8,-9900,?,9,-9900,?,9,0.0,E,8,-9900,?,9,-9900,?,9,0.0,0.0,E,8
09/21/2021,01:00,0.0,1354.284,0.0,1,8,0.0,1,8,0.0,1,8,0.0,1,8,0.0,1,8,0.0,1,8,-0.0,1,8,-9900,?,9,-9900,?,9,6.73,E,8,1.1,E,8,67.0,E,8,822.9788000000001,E,8,999.0,E,8,0.18,E,8,-9900,?,9,-9900,?,9,0.0,E,8,-9900,?,9,-9900,?,9,0.0,0.0,E,8
09/21/2021,02:00,0.0,1354.284,0.0,1,8,0.0,1,8,0.0,1,8,0.0,1,8,0.0,1,8,0.0,1,8,-0.0,1,8,-9900,?,9,-9900,?,9,6.28,E,8,1.52,E,8,71.0,E,8,822.9788000000001,E,8,999.0,E,8,0.18,E,8,-9900,?,9,-9900,?,9,0.0,E,8,-9900,?,9,-9900,?,9,0.0,0.0,E,8
09/21/2021,03:00,0.0,1354.284,0.0,1,8,0.0,1,8,0.0,1,8,0.0,1,8,0.0,1,8,0.0,1,8,-0.0,1,8,-9900,?,9,-9900,?,9,5.84,E,8,1.93,E,8,75.0,E,8,822.9788000000001,E,8,999.0,E,8,0.18,E,8,-9900,?,9,-9900,?,9,0.0,E,8,-9900,?,9,-9900,?,9,0.0,0.0,E,8
09/21/2021,04:00,0.0,1355.052,0.0,1,8,0.0,1,8,0.0,1,8,0.0,1,8,0.0,1,8,0.0,1,8,-0.0,1,8,-9900,?,9,-9900,?,9,5.39,E,8,2.34,E,8,80.0,E,8,822.9788000000001,E,8,999.0,E,8,0.18,E,8,-9900,?,9,-9900,?,9,0.0,E,8,-9900,?,9,-9900,?,9,0.0,0.0,E,8
09/21/2021,05:00,0.0,1355.052,0.0,1,8,0.0,1,8,0.0,1,8,0.0,1,8,0.0,1,8,0.0,1,8,-0.0,1,8,-9900,?,9,-9900,?,9,4.94,E,8,2.73,E,8,85.0,E,8,822.9788000000001,E,8,999.0,E,8,0.18,E,8,-9900,?,9,-9900,?,9,0.0,E,8,-9900,?,9,-9900,?,9,0.0,0.0,E,8
09/21/2021,06:00,0.0,1355.052,0.0,1,8,0.0,1,8,0.0,1,8,0.0,1,8,0.0,1,8,0.0,1,8,-0.0,1,8,-9900,?,9,-9900,?,9,4.59,E,8,3.03,E,8,89.0,E,8,822.9788000000001,E,8,999.0,E,8,0.18,E,8,-9900,?,9,-9900,?,9,0.0,E,8,-9900,?,9,-9900,?,9,0.0,0.0,E,8
09/21/2021,07:00,260.911,1355.052,29.63,1,8,0.0,1,8,29.63,1,8,3555.6,1,8,0.0,1,8,3259.3,1,8,49.343,1,8,-9900,?,9,-9900,?,9,4.3,E,8,3.28,E,8,93.0,E,8,822.9788000000001,E,8,999.0,E,8,0.18,E,8,-9900,?,9,-9900,?,9,0.0,E,8,-9900,?,9,-9900,?,9,0.0,0.0,E,8
09/21/2021,08:00,570.955,1355.052,212.2,1,8,74.127,1,8,181.009,1,8,25464.0,1,8,7042.047,1,8,19910.951,1,8,136.927,1,8,-9900,?,9,-9900,?,9,4.0,E,8,3.53,E,8,96.0,E,8,822.9788000000001,E,8,999.0,E,8,0.18,E,8,-9900,?,9,-9900,?,9,0.0,E,8,-9900,?,9,-9900,?,9,0.0,0.0,E,8
09/21/2021,09:00,842.511,1355.052,434.94,1,8,115.578,1,8,363.113,1,8,52192.8,1,8,10979.864,1,8,39942.379,1,8,185.983,1,8,-9900,?,9,-9900,?,9,10.56,E,8,-2.77,E,8,38.0,E,8,822.9788000000001,E,8,999.0,E,8,0.18,E,8,-9900,?,9,-9900,?,9,0.0,E,8,-9900,?,9,-9900,?,9,0.0,0.0,E,8
09/21/2021,10:00,1056.476,1355.052,640.7,1,8,352.653,1,8,365.803,1,8,76884.0,1,8,33502.078,1,8,40238.38,1,8,149.375,1,8,-9900,?,9,-9900,?,9,12.7,E,8,-5.45,E,8,26.0,E,8,822.9788000000001,E,8,999.0,E,8,0.18,E,8,-9900,?,9,-9900,?,9,0.0,E,8,-9900,?,9,-9900,?,9,0.0,0.0,E,8
09/21/2021,11:00,1198.157,1355.052,828.48,1,8,458.824,1,8,422.814,1,8,99417.6,1,8,43588.299,1,8,46509.538,1,8,152.222,1,8,-9900,?,9,-9900,?,9,14.73,E,8,-8.66,E,8,17.0,E,8,822.9788000000001,E,8,999.0,E,8,0.59,E,8,-9900,?,9,-9900,?,9,0.0,E,8,-9900,?,9,-9900,?,9,0.0,0.0,E,8
09/21/2021,12:00,1257.869,1355.052,718.51,1,8,206.418,1,8,526.906,1,8,86221.2,1,8,19609.665,1,8,57959.607,1,8,180.686,1,8,-9900,?,9,-9900,?,9,15.49,E,8,-10.11,E,8,14.0,E,8,822.9788000000001,E,8,999.0,E,8,1.09,E,8,-9900,?,9,-9900,?,9,0.0,E,8,-9900,?,9,-9900,?,9,0.0,0.0,E,8
09/21/2021,13:00,1231.538,1355.052,711.83,1,8,242.673,1,8,491.291,1,8,85419.6,1,8,23053.918,1,8,54041.969,1,8,172.077,1,8,-9900,?,9,-9900,?,9,15.98,E,8,-11.14,E,8,12.0,E,8,822.9788000000001,E,8,999.0,E,8,1.58,E,8,-9900,?,9,-9900,?,9,0.0,E,8,-9900,?,9,-9900,?,9,0.0,0.0,E,8
09/21/2021,14:00,1120.972,1355.052,582.87,1,8,161.226,1,8,449.514,1,8,69944.4,1,8,15316.436,1,8,49446.486,1,8,172.987,1,8,-9900,?,9,-9900,?,9,15.94,E,8,-11.06,E,8,13.0,E,8,822.9788000000001,E,8,999.0,E,8,1.97,E,8,-9900,?,9,-9900,?,9,0.0,E,8,-9900,?,9,-9900,?,9,0.0,0.0,E,8
09/21/2021,15:00,933.743,1355.052,535.48,1,8,232.003,1,8,375.663,1,8,64257.6,1,8,22040.281,1,8,41322.888,1,8,173.587,1,8,-9900,?,9,-9900,?,9,15.71,E,8,-10.56,E,8,13.0,E,8,822.9788000000001,E,8,999.0,E,8,1.89,E,8,-9900,?,9,-9900,?,9,0.0,E,8,-9900,?,9,-9900,?,9,0.0,0.0,E,8
09/21/2021,16:00,682.695,1355.052,343.26,1,8,165.034,1,8,260.185,1,8,41191.2,1,8,15678.187,1,8,28620.365,1,8,164.526,1,8,-9900,?,9,-9900,?,9,14.79,E,8,-8.76,E,8,17.0,E,8,822.9788000000001,E,8,999.0,E,8,1.67,E,8,-9900,?,9,-9900,?,9,0.0,E,8,-9900,?,9,-9900,?,9,0.0,0.0,E,8
09/21/2021,17:00,385.234,1355.052,218.95,1,8,436.09,1,8,95.378,1,8,26274.0,1,8,41428.596,1,8,10491.535,1,8,107.14,1,8,-9900,?,9,-9900,?,9,13.63,E,8,-6.82,E,8,22.0,E,8,822.9788000000001,E,8,999.0,E,8,1.42,E,8,-9900,?,9,-9900,?,9,0.0,E,8,-9900,?,9,-9900,?,9,0.0,0.0,E,8
09/21/2021,18:00,65.299,1355.052,77.56,1,8,0.0,1,8,77.56,1,8,9307.2,1,8,0.0,1,8,8531.6,1,8,563.448,1,8,-9900,?,9,-9900,?,9,12.23,E,8,-4.81,E,8,28.0,E,8,822.9788000000001,E,8,999.0,E,8,0.8,E,8,-9900,?,9,-9900,?,9,0.0,E,8,-9900,?,9,-9900,?,9,0.0,0.0,E,8
09/21/2021,19:00,0.0,1355.052,0.0,1,8,0.0,1,8,0.0,1,8,0.0,1,8,0.0,1,8,0.0,1,8,-0.0,1,8,-9900,?,9,-9900,?,9,11.31,E,8,-3.65,E,8,33.0,E,8,822.9788000000001,E,8,999.0,E,8,0.53,E,8,-9900,?,9,-9900,?,9,0.0,E,8,-9900,?,9,-9900,?,9,0.0,0.0,E,8
09/21/2021,20:00,0.0,1355.052,0.0,1,8,0.0,1,8,0.0,1,8,0.0,1,8,0.0,1,8,0.0,1,8,-0.0,1,8,-9900,?,9,-9900,?,9,10.39,E,8,-2.58,E,8,39.0,E,8,822.9788000000001,E,8,999.0,E,8,0.43,E,8,-9900,?,9,-9900,?,9,0.0,E,8,-9900,?,9,-9900,?,9,0.0,0.0,E,8
09/21/2021,21:00,0.0,1355.052,0.0,1,8,0.0,1,8,0.0,1,8,0.0,1,8,0.0,1,8,0.0,1,8,-0.0,1,8,-9900,?,9,-9900,?,9,9.48,E,8,-1.6,E,8,45.0,E,8,822.9788000000001,E,8,999.0,E,8,0.36,E,8,-9900,?,9,-9900,?,9,0.0,E,8,-9900,?,9,-9900,?,9,0.0,0.0,E,8
09/21/2021,22:00,0.0,1355.052,0.0,1,8,0.0,1,8,0.0,1,8,0.0,1,8,0.0,1,8,0.0,1,8,-0.0,1,8,-9900,?,9,-9900,?,9,8.56,E,8,-0.68,E,8,51.0,E,8,822.9788000000001,E,8,999.0,E,8,0.28,E,8,-9900,?,9,-9900,?,9,0.0,E,8,-9900,?,9,-9900,?,9,0.0,0.0,E,8
09/21/2021,23:00,0.0,1355.052,0.0,1,8,0.0,1,8,0.0,1,8,0.0,1,8,0.0,1,8,0.0,1,8,-0.0,1,8,-9900,?,9,-9900,?,9,7.64,E,8,0.19,E,8,59.0,E,8,822.9788000000001,E,8,999.0,E,8,0.22,E,8,-9900,?,9,-9900,?,9,0.0,E,8,-9900,?,9,-9900,?,9,0.0,0.0,E,8
09/21/2021,24:00,0.0,1355.052,0.0,1,8,0.0,1,8,0.0,1,8,0.0,1,8,0.0,1,8,0.0,1,8,-0.0,1,8,-9900,?,9,-9900,?,9,6.72,E,8,-0.16,E,8,61.0,E,8,822.9788000000001,E,8,999.0,E,8,0.19,E,8,-9900,?,9,-9900,?,9,0.0,E,8,-9900,?,9,-9900,?,9,0.0,0.0,E,8
09/22/2021,01:00,0.0,1355.052,0.0,1,8,0.0,1,8,0.0,1,8,0.0,1,8,0.0,1,8,0.0,1,8,-0.0,1,8,-9900,?,9,-9900,?,9,6.26,E,8,0.31,E,8,65.0,E,8,822.9788000000001,E,8,999.0,E,8,0.13,E,8,-9900,?,9,-9900,?,9,0.0,E,8,-9900,?,9,-9900,?,9,0.0,0.0,E,8
09/22/2021,02:00,0.0,1355.052,0.0,1,8,0.0,1,8,0.0,1,8,0.0,1,8,0.0,1,8,0.0,1,8,-0.0,1,8,-9900,?,9,-9900,?,9,5.8,E,8,0.79,E,8,70.0,E,8,822.9788000000001,E,8,999.0,E,8,0.12,E,8,-9900,?,9,-9900,?,9,0.0,E,8,-9900,?,9,-9900,?,9,0.0,0.0,E,8
09/22/2021,03:00,0.0,1355.052,0.0,1,8,0.0,1,8,0.0,1,8,0.0,1,8,0.0,1,8,0.0,1,8,-0.0,1,8,-9900,?,9,-9900,?,9,5.35,E,8,1.25,E,8,74.0,E,8,822.9788000000001,E,8,999.0,E,8,0.12,E,8,-9900,?,9,-9900,?,9,0.0,E,8,-9900,?,9,-9900,?,9,0.0,0.0,E,8
09/22/2021,04:00,0.0,1355.824,0.0,1,8,0.0,1,8,0.0,1,8,0.0,1,8,0.0,1,8,0.0,1,8,-0.0,1,8,-9900,?,9,-9900,?,9,4.89,E,8,1.7,E,8,79.0,E,8,822.9788000000001,E,8,999.0,E,8,0.12,E,8,-9900,?,9,-9900,?,9,0.0,E,8,-9900,?,9,-9900,?,9,0.0,0.0,E,8
09/22/2021,05:00,0.0,1355.824,0.0,1,8,0.0,1,8,0.0,1,8,0.0,1,8,0.0,1,8,0.0,1,8,-0.0,1,8,-9900,?,9,-9900,?,9,4.43,E,8,2.14,E,8,85.0,E,8,822.9788000000001,E,8,999.0,E,8,0.12,E,8,-9900,?,9,-9900,?,9,0.0,E,8,-9900,?,9,-9900,?,9,0.0,0.0,E,8
09/22/2021,06:00,0.0,1355.824,0.0,1,8,0.0,1,8,0.0,1,8,0.0,1,8,0.0,1,8,0.0,1,8,-0.0,1,8,-9900,?,9,-9900,?,9,4.07,E,8,2.48,E,8,89.0,E,8,822.9788000000001,E,8,999.0,E,8,0.13,E,8,-9900,?,9,-9900,?,9,0.0,E,8,-9900,?,9,-9900,?,9,0.0,0.0,E,8
09/22/2021,07:00,266.261,1355.824,13.46,1,8,0.0,1,8,13.46,1,8,1615.2,1,8,0.0,1,8,1480.6,1,8,21.971,1,8,-9900,?,9,-9900,?,9,3.77,E,8,2.75,E,8,93.0,E,8,822.9788000000001,E,8,999.0,E,8,0.34,E,8,-9900,?,9,-9900,?,9,0.0,E,8,-9900,?,9,-9900,?,9,0.0,0.0,E,8
09/22/2021,08:00,576.353,1355.824,144.68,1,8,5.456,1,8,142.364,1,8,17361.6,1,8,518.313,1,8,15660.016,1,8,106.743,1,8,-9900,?,9,-9900,?,9,3.47,E,8,3.02,E,8,96.0,E,8,822.9788000000001,E,8,999.0,E,8,0.28,E,8,-9900,?,9,-9900,?,9,0.0,E,8,-9900,?,9,-9900,?,9,0.0,0.0,E,8
09/22/2021,09:00,847.789,1355.824,284.46,1,8,12.117,1,8,276.887,1,8,34135.2,1,8,1151.155,1,8,30457.516,1,8,141.015,1,8,-9900,?,9,-9900,?,9,9.11,E,8,-2.71,E,8,42.0,E,8,822.9788000000001,E,8,999.0,E,8,0.46,E,8,-9900,?,9,-9900,?,9,0.0,E,8,-9900,?,9,-9900,?,9,0.0,0.0,E,8
09/22/2021,10:00,1061.497,1355.824,403.35,1,8,11.785,1,8,394.125,1,8,48402.0,1,8,1119.611,1,8,43353.722,1,8,160.269,1,8,-9900,?,9,-9900,?,9,10.77,E,8,-4.83,E,8,31.0,E,8,822.9788000000001,E,8,999.0,E,8,0.91,E,8,-9900,?,9,-9900,?,9,0.0,E,8,-9900,?,9,-9900,?,9,0.0,0.0,E,8
09/22/2021,11:00,1202.803,1355.824,490.88,1,8,56.175,1,8,441.049,1,8,58905.6,1,8,5336.627,1,8,48515.386,1,8,158.263,1,8,-9900,?,9,-9900,?,9,12.17,E,8,-6.95,E,8,23.0,E,8,822.9788000000001,E,8,999.0,E,8,1.36,E,8,-9900,?,9,-9900,?,9,0.0,E,8,-9900,?,9,-9900,?,9,0.0,0.0,E,8
09/22/2021,12:00,1262.047,1355.824,540.44,1,8,4.172,1,8,536.557,1,8,64852.8,1,8,396.303,1,8,59021.281,1,8,183.49,1,8,-9900,?,9,-9900,?,9,13.28,E,8,-8.92,E,8,18.0,E,8,822.9788000000001,E,8,999.0,E,8,1.79,E,8,-9900,?,9,-9900,?,9,0.0,E,8,-9900,?,9,-9900,?,9,0.0,0.0,E,8
09/22/2021,13:00,1235.188,1355.824,548.45,1,8,4.919,1,8,543.969,1,8,65814.0,1,8,467.264,1,8,59836.627,1,8,190.073,1,8,-9900,?,9,-9900,?,9,14.05,E,8,-10.5,E,8,15.0,E,8,822.9788000000001,E,8,999.0,E,8,2.3,E,8,-9900,?,9,-9900,?,9,0.0,E,8,-9900,?,9,-9900,?,9,0.0,0.0,E,8
09/22/2021,14:00,1124.071,1355.824,514.34,1,8,94.247,1,8,436.213,1,8,61720.8,1,8,8953.438,1,8,47983.477,1,8,167.501,1,8,-9900,?,9,-9900,?,9,14.47,E,8,-11.46,E,8,13.0,E,8,822.9788000000001,E,8,999.0,E,8,2.68,E,8,-9900,?,9,-9900,?,9,0.0,E,8,-9900,?,9,-9900,?,9,0.0,0.0,E,8
09/22/2021,15:00,936.306,1355.824,440.57,1,8,84.559,1,8,382.194,1,8,52868.4,1,8,8033.091,1,8,42041.347,1,8,176.222,1,8,-9900,?,9,-9900,?,9,14.54,E,8,-11.63,E,8,13.0,E,8,822.9788000000001,E,8,999.0,E,8,2.32,E,8,-9900,?,9,-9900,?,9,0.0,E,8,-9900,?,9,-9900,?,9,0.0,0.0,E,8
09/22/2021,16:00,684.773,1355.824,332.58,1,8,99.301,1,8,282.47,1,8,39909.6,1,8,9433.554,1,8,31071.703,1,8,178.176,1,8,-9900,?,9,-9900,?,9,14.1,E,8,-10.61,E,8,15.0,E,8,822.9788000000001,E,8,999.0,E,8,2.37,E,8,-9900,?,9,-9900,?,9,0.0,E,8,-9900,?,9,-9900,?,9,0.0,0.0,E,8
09/22/2021,17:00,386.91,1355.824,199.13,1,8,317.754,1,8,108.747,1,8,23895.6,1,8,30186.666,1,8,11962.2,1,8,121.696,1,8,-9900,?,9,-9900,?,9,13.16,E,8,-8.69,E,8,19.0,E,8,822.9788000000001,E,8,999.0,E,8,2.21,E,8,-9900,?,9,-9900,?,9,0.0,E,8,-9900,?,9,-9900,?,9,0.0,0.0,E,8
09/22/2021,18:00,66.622,1355.824,56.89,1,8,0.0,1,8,56.89,1,8,6826.8,1,8,0.0,1,8,6257.9,1,8,404.045,1,8,-9900,?,9,-9900,?,9,11.8,E,8,-6.35,E,8,25.0,E,8,822.9788000000001,E,8,999.0,E,8,1.55,E,8,-9900,?,9,-9900,?,9,0.0,E,8,-9900,?,9,-9900,?,9,0.0,0.0,E,8
09/22/2021,19:00,0.0,1355.824,0.0,1,8,0.0,1,8,0.0,1,8,0.0,1,8,0.0,1,8,0.0,1,8,-0.0,1,8,-9900,?,9,-9900,?,9,10.95,E,8,-5.09,E,8,30.0,E,8,822.9788000000001,E,8,999.0,E,8,1.11,E,8,-9900,?,9,-9900,?,9,0.0,E,8,-9900,?,9,-9900,?,9,0.0,0.0,E,8
09/22/2021,20:00,0.0,1355.824,0.0,1,8,0.0,1,8,0.0,1,8,0.0,1,8,0.0,1,8,0.0,1,8,-0.0,1,8,-9900,?,9,-9900,?,9,10.09,E,8,-3.92,E,8,35.0,E,8,822.9788000000001,E,8,999.0,E,8,0.99,E,8,-9900,?,9,-9900,?,9,0.0,E,8,-9900,?,9,-9900,?,9,0.0,0.0,E,8
09/22/2021,21:00,0.0,1355.824,0.0,1,8,0.0,1,8,0.0,1,8,0.0,1,8,0.0,1,8,0.0,1,8,-0.0,1,8,-9900,?,9,-9900,?,9,9.24,E,8,-2.87,E,8,41.0,E,8,822.9788000000001,E,8,999.0,E,8,0.63,E,8,-9900,?,9,-9900,?,9,0.0,E,8,-9900,?,9,-9900,?,9,0.0,0.0,E,8
09/22/2021,22:00,0.0,1355.824,0.0,1,8,0.0,1,8,0.0,1,8,0.0,1,8,0.0,1,8,0.0,1,8,-0.0,1,8,-9900,?,9,-9900,?,9,8.38,E,8,-1.88,E,8,47.0,E,8,822.9788000000001,E,8,999.0,E,8,0.38,E,8,-9900,?,9,-9900,?,9,0.0,E,8,-9900,?,9,-9900,?,9,0.0,0.0,E,8
09/22/2021,23:00,0.0,1355.824,0.0,1,8,0.0,1,8,0.0,1,8,0.0,1,8,0.0,1,8,0.0,1,8,-0.0,1,8,-9900,?,9,-9900,?,9,7.53,E,8,-0.97,E,8,54.0,E,8,822.9788000000001,E,8,999.0,E,8,0.24,E,8,-9900,?,9,-9900,?,9,0.0,E,8,-9900,?,9,-9900,?,9,0.0,0.0,E,8
09/22/2021,24:00,0.0,1355.824,0.0,1,8,0.0,1,8,0.0,1,8,0.0,1,8,0.0,1,8,0.0,1,8,-0.0,1,8,-9900,?,9,-9900,?,9,6.67,E,8,0.97,E,8,66.0,E,8,822.9788000000001,E,8,999.0,E,8,1.52,E,8,-9900,?,9,-9900,?,9,0.0,E,8,-9900,?,9,-9900,?,9,0.0,0.0,E,8
09/23/2021,01:00,0.0,1355.824,0.0,1,8,0.0,1,8,0.0,1,8,0.0,1,8,0.0,1,8,0.0,1,8,-0.0,1,8,-9900,?,9,-9900,?,9,6.24,E,8,1.38,E,8,70.0,E,8,822.9788000000001,E,8,999.0,E,8,0.8,E,8,-9900,?,9,-9900,?,9,0.0,E,8,-9900,?,9,-9900,?,9,0.0,0.0,E,8
09/23/2021,02:00,0.0,1355.824,0.0,1,8,0.0,1,8,0.0,1,8,0.0,1,8,0.0,1,8,0.0,1,8,-0.0,1,8,-9900,?,9,-9900,?,9,5.82,E,8,1.76,E,8,75.0,E,8,822.9788000000001,E,8,999.0,E,8,0.96,E,8,-9900,?,9,-9900,?,9,0.0,E,8,-9900,?,9,-9900,?,9,0.0,0.0,E,8
09/23/2021,03:00,0.0,1355.824,0.0,1,8,0.0,1,8,0.0,1,8,0.0,1,8,0.0,1,8,0.0,1,8,-0.0,1,8,-9900,?,9,-9900,?,9,5.39,E,8,2.15,E,8,79.0,E,8,822.9788000000001,E,8,999.0,E,8,0.76,E,8,-9900,?,9,-9900,?,9,0.0,E,8,-9900,?,9,-9900,?,9,0.0,0.0,E,8
09/23/2021,04:00,0.0,1356.6,0.0,1,8,0.0,1,8,0.0,1,8,0.0,1,8,0.0,1,8,0.0,1,8,-0.0,1,8,-9900,?,9,-9900,?,9,4.96,E,8,2.53,E,8,84.0,E,8,822.9788000000001,E,8,999.0,E,8,0.57,E,8,-9900,?,9,-9900,?,9,0.0,E,8,-9900,?,9,-9900,?,9,0.0,0.0,E,8
09/23/2021,05:00,0.0,1356.6,0.0,1,8,0.0,1,8,0.0,1,8,0.0,1,8,0.0,1,8,0.0,1,8,-0.0,1,8,-9900,?,9,-9900,?,9,4.53,E,8,2.9,E,8,89.0,E,8,822.9788000000001,E,8,999.0,E,8,0.57,E,8,-9900,?,9,-9900,?,9,0.0,E,8,-9900,?,9,-9900,?,9,0.0,0.0,E,8
09/23/2021,06:00,0.0,1356.6,0.0,1,8,0.0,1,8,0.0,1,8,0.0,1,8,0.0,1,8,0.0,1,8,-0.0,1,8,-9900,?,9,-9900,?,9,4.2,E,8,3.18,E,8,93.0,E,8,822.9788000000001,E,8,999.0,E,8,0.57,E,8,-9900,?,9,-9900,?,9,0.0,E,8,-9900,?,9,-9900,?,9,0.0,0.0,E,8
09/23/2021,07:00,271.598,1356.6,13.82,1,8,0.0,1,8,13.82,1,8,1658.4,1,8,0.0,1,8,1520.2,1,8,22.122,1,8,-9900,?,9,-9900,?,9,3.92,E,8,3.41,E,8,96.0,E,8,822.9788000000001,E,8,999.0,E,8,0.57,E,8,-9900,?,9,-9900,?,9,0.0,E,8,-9900,?,9,-9900,?,9,0.0,0.0,E,8
09/23/2021,08:00,581.724,1356.6,137.05,1,8,2.585,1,8,135.943,1,8,16446.0,1,8,245.601,1,8,14953.713,1,8,101.042,1,8,-9900,?,9,-9900,?,9,3.64,E,8,3.64,E,8,99.0,E,8,822.9788000000001,E,8,999.0,E,8,0.57,E,8,-9900,?,9,-9900,?,9,0.0,E,8,-9900,?,9,-9900,?,9,0.0,0.0,E,8
09/23/2021,09:00,853.03,1356.6,267.35,1,8,9.282,1,8,261.516,1,8,32082.0,1,8,881.785,1,8,28766.774,1,8,132.444,1,8,-9900,?,9,-9900,?,9,8.95,E,8,-1.23,E,8,48.0,E,8,822.9788000000001,E,8,999.0,E,8,0.57,E,8,-9900,?,9,-9900,?,9,0.0,E,8,-9900,?,9,-9900,?,9,0.0,0.0,E,8
09/23/2021,10:00,1066.472,1356.6,378.06,1,8,9.106,1,8,370.902,1,8,45367.2,1,8,865.105,1,8,40799.27,1,8,150.207,1,8,-9900,?,9,-9900,?,9,10.49,E,8,-2.86,E,8,37.0,E,8,822.9788000000001,E,8,999.0,E,8,1.41,E,8,-9900,?,9,-9900,?,9,0.0,E,8,-9900,?,9,-9900,?,9,0.0,0.0,E,8
09/23/2021,11:00,1207.397,1356.6,459.48,1,8,10.705,1,8,449.953,1,8,55137.6,1,8,1017.003,1,8,49494.812,1,8,160.936,1,8,-9900,?,9,-9900,?,9,11.8,E,8,-4.42,E,8,30.0,E,8,822.9788000000001,E,8,999.0,E,8,1.86,E,8,-9900,?,9,-9900,?,9,0.0,E,8,-9900,?,9,-9900,?,9,0.0,0.0,E,8
09/23/2021,12:00,1266.172,1356.6,505.47,1,8,18.817,1,8,487.908,1,8,60656.4,1,8,1787.653,1,8,53669.844,1,8,166.405,1,8,-9900,?,9,-9900,?,9,12.82,E,8,-5.79,E,8,25.0,E,8,822.9788000000001,E,8,999.0,E,8,1.32,E,8,-9900,?,9,-9900,?,9,0.0,E,8,-9900,?,9,-9900,?,9,0.0,0.0,E,8
09/23/2021,13:00,1238.789,1356.6,512.7,1,8,3.717,1,8,509.306,1,8,61524.0,1,8,353.129,1,8,56023.645,1,8,177.545,1,8,-9900,?,9,-9900,?,9,13.54,E,8,-6.85,E,8,22.0,E,8,822.9788000000001,E,8,999.0,E,8,3.36,E,8,-9900,?,9,-9900,?,9,0.0,E,8,-9900,?,9,-9900,?,9,0.0,0.0,E,8
09/23/2021,14:00,1127.129,1356.6,480.67,1,8,70.87,1,8,421.795,1,8,57680.4,1,8,6732.695,1,8,46397.462,1,8,161.617,1,8,-9900,?,9,-9900,?,9,13.93,E,8,-7.47,E,8,20.0,E,8,822.9788000000001,E,8,999.0,E,8,4.41,E,8,-9900,?,9,-9900,?,9,0.0,E,8,-9900,?,9,-9900,?,9,0.0,0.0,E,8
09/23/2021,15:00,938.838,1356.6,411.68,1,8,63.576,1,8,367.696,1,8,49401.6,1,8,6039.739,1,8,40446.558,1,8,169.176,1,8,-9900,?,9,-9900,?,9,13.99,E,8,-7.57,E,8,20.0,E,8,822.9788000000001,E,8,999.0,E,8,5.57,E,8,-9900,?,9,-9900,?,9,0.0,E,8,-9900,?,9,-9900,?,9,0.0,0.0,E,8
09/23/2021,16:00,686.833,1356.6,310.82,1,8,75.3,1,8,272.729,1,8,37298.4,1,8,7153.492,1,8,30000.16,1,8,171.613,1,8,-9900,?,9,-9900,?,9,13.58,E,8,-6.91,E,8,21.0,E,8,822.9788000000001,E,8,999.0,E,8,4.65,E,8,-9900,?,9,-9900,?,9,0.0,E,8,-9900,?,9,-9900,?,9,0.0,0.0,E,8
09/23/2021,17:00,388.582,1356.6,186.26,1,8,248.895,1,8,115.197,1,8,22351.2,1,8,23645.029,1,8,12671.623,1,8,128.428,1,8,-9900,?,9,-9900,?,9,12.69,E,8,-5.61,E,8,25.0,E,8,822.9788000000001,E,8,999.0,E,8,4.19,E,8,-9900,?,9,-9900,?,9,0.0,E,8,-9900,?,9,-9900,?,9,0.0,0.0,E,8
09/23/2021,18:00,67.959,1356.6,53.52,1,8,0.0,1,8,53.52,1,8,6422.4,1,8,0.0,1,8,5887.2,1,8,371.735,1,8,-9900,?,9,-9900,?,9,11.43,E,8,-3.96,E,8,32.0,E,8,822.9788000000001,E,8,999.0,E,8,1.94,E,8,-9900,?,9,-9900,?,9,0.0,E,8,-9900,?,9,-9900,?,9,0.0,0.0,E,8
09/23/2021,19:00,0.0,1356.6,0.0,1,8,0.0,1,8,0.0,1,8,0.0,1,8,0.0,1,8,0.0,1,8,-0.0,1,8,-9900,?,9,-9900,?,9,10.74,E,8,-3.14,E,8,36.0,E,8,822.9788000000001,E,8,999.0,E,8,1.08,E,8,-9900,?,9,-9900,?,9,0.0,E,8,-9900,?,9,-9900,?,9,0.0,0.0,E,8
09/23/2021,20:00,0.0,1356.6,0.0,1,8,0.0,1,8,0.0,1,8,0.0,1,8,0.0,1,8,0.0,1,8,-0.0,1,8,-9900,?,9,-9900,?,9,10.05,E,8,-2.37,E,8,40.0,E,8,822.9788000000001,E,8,999.0,E,8,0.57,E,8,-9900,?,9,-9900,?,9,0.0,E,8,-9900,?,9,-9900,?,9,0.0,0.0,E,8
09/23/2021,21:00,0.0,1356.6,0.0,1,8,0.0,1,8,0.0,1,8,0.0,1,8,0.0,1,8,0.0,1,8,-0.0,1,8,-9900,?,9,-9900,?,9,9.36,E,8,-1.64,E,8,45.0,E,8,822.9788000000001,E,8,999.0,E,8,0.57,E,8,-9900,?,9,-9900,?,9,0.0,E,8,-9900,?,9,-9900,?,9,0.0,0.0,E,8
09/23/2021,22:00,0.0,1356.6,0.0,1,8,0.0,1,8,0.0,1,8,0.0,1,8,0.0,1,8,0.0,1,8,-0.0,1,8,-9900,?,9,-9900,?,9,8.67,E,8,-0.96,E,8,50.0,E,8,822.9788000000001,E,8,999.0,E,8,0.57,E,8,-9900,?,9,-9900,?,9,0.0,E,8,-9900,?,9,-9900,?,9,0.0,0.0,E,8
09/23/2021,23:00,0.0,1356.6,0.0,1,8,0.0,1,8,0.0,1,8,0.0,1,8,0.0,1,8,0.0,1,8,-0.0,1,8,-9900,?,9,-9900,?,9,7.97,E,8,-0.29,E,8,55.0,E,8,822.9788000000001,E,8,999.0,E,8,0.57,E,8,-9900,?,9,-9900,?,9,0.0,E,8,-9900,?,9,-9900,?,9,0.0,0.0,E,8
09/23/2021,24:00,0.0,1356.6,0.0,1,8,0.0,1,8,0.0,1,8,0.0,1,8,0.0,1,8,0.0,1,8,-0.0,1,8,-9900,?,9,-9900,?,9,7.28,E,8,2.35,E,8,70.0,E,8,822.9788000000001,E,8,999.0,E,8,0.12,E,8,-9900,?,9,-9900,?,9,0.0,E,8,-9900,?,9,-9900,?,9,0.0,0.0,E,8
09/24/2021,01:00,0.0,1356.6,0.0,1,8,0.0,1,8,0.0,1,8,0.0,1,8,0.0,1,8,0.0,1,8,-0.0,1,8,-9900,?,9,-9900,?,9,6.94,E,8,2.64,E,8,74.0,E,8,822.9788000000001,E,8,999.0,E,8,0.12,E,8,-9900,?,9,-9900,?,9,0.0,E,8,-9900,?,9,-9900,?,9,0.0,0.0,E,8
09/24/2021,02:00,0.0,1356.6,0.0,1,8,0.0,1,8,0.0,1,8,0.0,1,8,0.0,1,8,0.0,1,8,-0.0,1,8,-9900,?,9,-9900,?,9,6.59,E,8,2.94,E,8,77.0,E,8,822.9788000000001,E,8,999.0,E,8,0.12,E,8,-9900,?,9,-9900,?,9,0.0,E,8,-9900,?,9,-9900,?,9,0.0,0.0,E,8
09/24/2021,03:00,0.0,1356.6,0.0,1,8,0.0,1,8,0.0,1,8,0.0,1,8,0.0,1,8,0.0,1,8,-0.0,1,8,-9900,?,9,-9900,?,9,6.25,E,8,3.22,E,8,80.0,E,8,822.9788000000001,E,8,999.0,E,8,0.12,E,8,-9900,?,9,-9900,?,9,0.0,E,8,-9900,?,9,-9900,?,9,0.0,0.0,E,8
09/24/2021,04:00,0.0,1357.379,0.0,1,8,0.0,1,8,0.0,1,8,0.0,1,8,0.0,1,8,0.0,1,8,-0.0,1,8,-9900,?,9,-9900,?,9,5.9,E,8,3.51,E,8,84.0,E,8,822.9788000000001,E,8,999.0,E,8,0.12,E,8,-9900,?,9,-9900,?,9,0.0,E,8,-9900,?,9,-9900,?,9,0.0,0.0,E,8
09/24/2021,05:00,0.0,1357.379,0.0,1,8,0.0,1,8,0.0,1,8,0.0,1,8,0.0,1,8,0.0,1,8,-0.0,1,8,-9900,?,9,-9900,?,9,5.56,E,8,3.78,E,8,88.0,E,8,822.9788000000001,E,8,999.0,E,8,0.12,E,8,-9900,?,9,-9900,?,9,0.0,E,8,-9900,?,9,-9900,?,9,0.0,0.0,E,8
09/24/2021,06:00,0.0,1357.379,0.0,1,8,0.0,1,8,0.0,1,8,0.0,1,8,0.0,1,8,0.0,1,8,-0.0,1,8,-9900,?,9,-9900,?,9,5.29,E,8,3.99,E,8,91.0,E,8,822.9788000000001,E,8,999.0,E,8,0.12,E,8,-9900,?,9,-9900,?,9,0.0,E,8,-9900,?,9,-9900,?,9,0.0,0.0,E,8
09/24/2021,07:00,276.92,1357.379,20.1,1,8,0.0,1,8,20.1,1,8,2412.0,1,8,0.0,1,8,2211.0,1,8,31.566,1,8,-9900,?,9,-9900,?,9,5.06,E,8,4.17,E,8,93.0,E,8,822.9788000000001,E,8,999.0,E,8,0.12,E,8,-9900,?,9,-9900,?,9,0.0,E,8,-9900,?,9,-9900,?,9,0.0,0.0,E,8
09/24/2021,08:00,587.064,1357.379,184.81,1,8,51.278,1,8,162.66,1,8,22177.2,1,8,4871.454,1,8,17892.629,1,8,119.867,1,8,-9900,?,9,-9900,?,9,4.83,E,8,4.34,E,8,96.0,E,8,822.9788000000001,E,8,999.0,E,8,0.12,E,8,-9900,?,9,-9900,?,9,0.0,E,8,-9900,?,9,-9900,?,9,0.0,0.0,E,8
09/24/2021,09:00,858.229,1357.379,357.75,1,8,42.208,1,8,331.075,1,8,42930.0,1,8,4009.722,1,8,36418.27,1,8,166.75,1,8,-9900,?,9,-9900,?,9,9.74,E,8,0.05,E,8,50.0,E,8,822.9788000000001,E,8,999.0,E,8,0.22,E,8,-9900,?,9,-9900,?,9,0.0,E,8,-9900,?,9,-9900,?,9,0.0,0.0,E,8
09/24/2021,10:00,1071.398,1357.379,504.57,1,8,110.841,1,8,417.097,1,8,60548.4,1,8,10529.906,1,8,45880.69,1,8,168.235,1,8,-9900,?,9,-9900,?,9,11.15,E,8,-1.27,E,8,41.0,E,8,822.9788000000001,E,8,999.0,E,8,0.54,E,8,-9900,?,9,-9900,?,9,0.0,E,8,-9900,?,9,-9900,?,9,0.0,0.0,E,8
09/24/2021,11:00,1211.938,1357.379,612.41,1,8,132.168,1,8,494.413,1,8,73489.2,1,8,12555.932,1,8,54385.392,1,8,176.276,1,8,-9900,?,9,-9900,?,9,12.34,E,8,-2.5,E,8,34.0,E,8,822.9788000000001,E,8,999.0,E,8,0.82,E,8,-9900,?,9,-9900,?,9,0.0,E,8,-9900,?,9,-9900,?,9,0.0,0.0,E,8
09/24/2021,12:00,1270.245,1357.379,673.17,1,8,9.902,1,8,663.904,1,8,80780.4,1,8,940.714,1,8,73029.417,1,8,225.833,1,8,-9900,?,9,-9900,?,9,13.27,E,8,-3.55,E,8,29.0,E,8,822.9788000000001,E,8,999.0,E,8,0.93,E,8,-9900,?,9,-9900,?,9,0.0,E,8,-9900,?,9,-9900,?,9,0.0,0.0,E,8
09/24/2021,13:00,1242.342,1357.379,682.47,1,8,11.684,1,8,671.777,1,8,81896.4,1,8,1109.949,1,8,73895.484,1,8,233.647,1,8,-9900,?,9,-9900,?,9,13.93,E,8,-4.35,E,8,26.0,E,8,822.9788000000001,E,8,999.0,E,8,1.59,E,8,-9900,?,9,-9900,?,9,0.0,E,8,-9900,?,9,-9900,?,9,0.0,0.0,E,8
09/24/2021,14:00,1130.146,1357.379,639.64,1,8,200.767,1,8,472.504,1,8,76756.8,1,8,19072.874,1,8,51975.47,1,8,180.667,1,8,-9900,?,9,-9900,?,9,14.28,E,8,-4.79,E,8,25.0,E,8,822.9788000000001,E,8,999.0,E,8,1.59,E,8,-9900,?,9,-9900,?,9,0.0,E,8,-9900,?,9,-9900,?,9,0.0,0.0,E,8
09/24/2021,15:00,941.34,1357.379,547.77,1,8,244.395,1,8,378.336,1,8,65732.4,1,8,23217.547,1,8,41616.966,1,8,173.708,1,8,-9900,?,9,-9900,?,9,14.34,E,8,-4.87,E,8,24.0,E,8,822.9788000000001,E,8,999.0,E,8,1.81,E,8,-9900,?,9,-9900,?,9,0.0,E,8,-9900,?,9,-9900,?,9,0.0,0.0,E,8
09/24/2021,16:00,688.877,1357.379,413.64,1,8,351.964,1,8,235.167,1,8,49636.8,1,8,33436.571,1,8,25868.395,1,8,147.623,1,8,-9900,?,9,-9900,?,9,13.96,E,8,-4.38,E,8,26.0,E,8,822.9788000000001,E,8,999.0,E,8,1.98,E,8,-9900,?,9,-9900,?,9,0.0,E,8,-9900,?,9,-9900,?,9,0.0,0.0,E,8
09/24/2021,17:00,390.253,1357.379,248.1,1,8,465.529,1,8,114.686,1,8,29772.0,1,8,44225.295,1,8,12615.452,1,8,127.381,1,8,-9900,?,9,-9900,?,9,13.14,E,8,-3.4,E,8,30.0,E,8,822.9788000000001,E,8,999.0,E,8,1.8,E,8,-9900,?,9,-9900,?,9,0.0,E,8,-9900,?,9,-9900,?,9,0.0,0.0,E,8
09/24/2021,18:00,69.31,1357.379,71.69,1,8,0.0,1,8,71.69,1,8,8602.8,1,8,0.0,1,8,7885.9,1,8,487.113,1,8,-9900,?,9,-9900,?,9,11.98,E,8,-2.12,E,8,36.0,E,8,822.9788000000001,E,8,999.0,E,8,1.01,E,8,-9900,?,9,-9900,?,9,0.0,E,8,-9900,?,9,-9900,?,9,0.0,0.0,E,8
09/24/2021,19:00,0.0,1357.379,0.0,1,8,0.0,1,8,0.0,1,8,0.0,1,8,0.0,1,8,0.0,1,8,-0.0,1,8,-9900,?,9,-9900,?,9,11.06,E,8,-1.18,E,8,42.0,E,8,822.9788000000001,E,8,999.0,E,8,0.63,E,8,-9900,?,9,-9900,?,9,0.0,E,8,-9900,?,9,-9900,?,9,0.0,0.0,E,8
09/24/2021,20:00,0.0,1357.379,0.0,1,8,0.0,1,8,0.0,1,8,0.0,1,8,0.0,1,8,0.0,1,8,-0.0,1,8,-9900,?,9,-9900,?,9,10.14,E,8,-0.31,E,8,48.0,E,8,822.9788000000001,E,8,999.0,E,8,0.38,E,8,-9900,?,9,-9900,?,9,0.0,E,8,-9900,?,9,-9900,?,9,0.0,0.0,E,8
09/24/2021,21:00,0.0,1357.379,0.0,1,8,0.0,1,8,0.0,1,8,0.0,1,8,0.0,1,8,0.0,1,8,-0.0,1,8,-9900,?,9,-9900,?,9,9.22,E,8,0.57,E,8,54.0,E,8,822.9788000000001,E,8,999.0,E,8,0.19,E,8,-9900,?,9,-9900,?,9,0.0,E,8,-9900,?,9,-9900,?,9,0.0,0.0,E,8
09/24/2021,22:00,0.0,1357.379,0.0,1,8,0.0,1,8,0.0,1,8,0.0,1,8,0.0,1,8,0.0,1,8,-0.0,1,8,-9900,?,9,-9900,?,9,8.3,E,8,1.44,E,8,61.0,E,8,822.9788000000001,E,8,999.0,E,8,0.12,E,8,-9900,?,9,-9900,?,9,0.0,E,8,-9900,?,9,-9900,?,9,0.0,0.0,E,8
09/24/2021,23:00,0.0,1357.379,0.0,1,8,0.0,1,8,0.0,1,8,0.0,1,8,0.0,1,8,0.0,1,8,-0.0,1,8,-9900,?,9,-9900,?,9,7.38,E,8,2.26,E,8,69.0,E,8,822.9788000000001,E,8,999.0,E,8,0.12,E,8,-9900,?,9,-9900,?,9,0.0,E,8,-9900,?,9,-9900,?,9,0.0,0.0,E,8
09/24/2021,24:00,0.0,1357.379,0.0,1,8,0.0,1,8,0.0,1,8,0.0,1,8,0.0,1,8,0.0,1,8,-0.0,1,8,-9900,?,9,-9900,?,9,6.46,E,8,-2.91,E,8,49.0,E,8,822.9788000000001,E,8,999.0,E,8,0.39,E,8,-9900,?,9,-9900,?,9,0.0,E,8,-9900,?,9,-9900,?,9,0.0,0.0,E,8
09/25/2021,01:00,0.0,1357.379,0.0,1,8,0.0,1,8,0.0,1,8,0.0,1,8,0.0,1,8,0.0,1,8,-0.0,1,8,-9900,?,9,-9900,?,9,6.0,E,8,-2.56,E,8,52.0,E,8,822.9788000000001,E,8,999.0,E,8,0.39,E,8,-9900,?,9,-9900,?,9,0.0,E,8,-9900,?,9,-9900,?,9,0.0,0.0,E,8
09/25/2021,02:00,0.0,1357.379,0.0,1,8,0.0,1,8,0.0,1,8,0.0,1,8,0.0,1,8,0.0,1,8,-0.0,1,8,-9900,?,9,-9900,?,9,5.54,E,8,-2.22,E,8,56.0,E,8,822.9788000000001,E,8,999.0,E,8,0.39,E,8,-9900,?,9,-9900,?,9,0.0,E,8,-9900,?,9,-9900,?,9,0.0,0.0,E,8
09/25/2021,03:00,0.0,1357.379,0.0,1,8,0.0,1,8,0.0,1,8,0.0,1,8,0.0,1,8,0.0,1,8,-0.0,1,8,-9900,?,9,-9900,?,9,5.08,E,8,-1.89,E,8,59.0,E,8,822.9788000000001,E,8,999.0,E,8,0.39,E,8,-9900,?,9,-9900,?,9,0.0,E,8,-9900,?,9,-9900,?,9,0.0,0.0,E,8
09/25/2021,04:00,0.0,1358.162,0.0,1,8,0.0,1,8,0.0,1,8,0.0,1,8,0.0,1,8,0.0,1,8,-0.0,1,8,-9900,?,9,-9900,?,9,4.63,E,8,-1.58,E,8,63.0,E,8,822.9788000000001,E,8,999.0,E,8,0.39,E,8,-9900,?,9,-9900,?,9,0.0,E,8,-9900,?,9,-9900,?,9,0.0,0.0,E,8
09/25/2021,05:00,0.0,1358.162,0.0,1,8,0.0,1,8,0.0,1,8,0.0,1,8,0.0,1,8,0.0,1,8,-0.0,1,8,-9900,?,9,-9900,?,9,4.22,E,8,-1.3,E,8,66.0,E,8,822.9788000000001,E,8,999.0,E,8,0.39,E,8,-9900,?,9,-9900,?,9,0.0,E,8,-9900,?,9,-9900,?,9,0.0,0.0,E,8
09/25/2021,06:00,0.0,1358.162,0.0,1,8,0.0,1,8,0.0,1,8,0.0,1,8,0.0,1,8,0.0,1,8,-0.0,1,8,-9900,?,9,-9900,?,9,3.91,E,8,-1.09,E,8,69.0,E,8,822.9788000000001,E,8,999.0,E,8,0.39,E,8,-9900,?,9,-9900,?,9,0.0,E,8,-9900,?,9,-9900,?,9,0.0,0.0,E,8
09/25/2021,07:00,282.223,1358.162,30.21,1,8,0.0,1,8,30.21,1,8,3625.2,1,8,0.0,1,8,3323.1,1,8,46.568,1,8,-9900,?,9,-9900,?,9,3.61,E,8,-0.89,E,8,71.0,E,8,822.9788000000001,E,8,999.0,E,8,0.39,E,8,-9900,?,9,-9900,?,9,0.0,E,8,-9900,?,9,-9900,?,9,0.0,0.0,E,8
09/25/2021,08:00,592.372,1358.162,258.94,1,8,130.425,1,8,202.125,1,8,31072.8,1,8,12390.411,1,8,22233.718,1,8,147.695,1,8,-9900,?,9,-9900,?,9,6.69,E,8,-3.09,E,8,48.0,E,8,822.9788000000001,E,8,999.0,E,8,0.39,E,8,-9900,?,9,-9900,?,9,0.0,E,8,-9900,?,9,-9900,?,9,0.0,0.0,E,8
09/25/2021,09:00,863.385,1358.162,490.72,1,8,241.615,1,8,337.192,1,8,58886.4,1,8,22953.408,1,8,37091.091,1,8,168.913,1,8,-9900,?,9,-9900,?,9,9.14,E,8,-5.16,E,8,34.0,E,8,822.9788000000001,E,8,999.0,E,8,0.39,E,8,-9900,?,9,-9900,?,9,0.0,E,8,-9900,?,9,-9900,?,9,0.0,0.0,E,8
09/25/2021,10:00,1076.272,1358.162,686.33,1,8,314.555,1,8,437.105,1,8,82359.6,1,8,29882.698,1,8,48081.59,1,8,175.607,1,8,-9900,?,9,-9900,?,9,11.41,E,8,-7.43,E,8,24.0,E,8,822.9788000000001,E,8,999.0,E,8,0.39,E,8,-9900,?,9,-9900,?,9,0.0,E,8,-9900,?,9,-9900,?,9,0.0,0.0,E,8
09/25/2021,11:00,1216.424,1358.162,827.92,1,8,339.509,1,8,523.864,1,8,99350.4,1,8,32253.394,1,8,57625.016,1,8,186.194,1,8,-9900,?,9,-9900,?,9,13.37,E,8,-9.79,E,8,17.0,E,8,822.9788000000001,E,8,999.0,E,8,0.39,E,8,-9900,?,9,-9900,?,9,0.0,E,8,-9900,?,9,-9900,?,9,0.0,0.0,E,8
09/25/2021,12:00,1274.263,1358.162,911.16,1,8,456.889,1,8,482.512,1,8,109339.2,1,8,43404.461,1,8,53076.311,1,8,163.707,1,8,-9900,?,9,-9900,?,9,14.97,E,8,-12.12,E,8,12.0,E,8,822.9788000000001,E,8,999.0,E,8,0.55,E,8,-9900,?,9,-9900,?,9,0.0,E,8,-9900,?,9,-9900,?,9,0.0,0.0,E,8
09/25/2021,13:00,1245.844,1358.162,924.93,1,8,575.708,1,8,396.861,1,8,110991.6,1,8,54692.259,1,8,43654.752,1,8,137.721,1,8,-9900,?,9,-9900,?,9,16.16,E,8,-14.21,E,8,9.0,E,8,822.9788000000001,E,8,999.0,E,8,0.92,E,8,-9900,?,9,-9900,?,9,0.0,E,8,-9900,?,9,-9900,?,9,0.0,0.0,E,8
09/25/2021,14:00,1133.121,1358.162,859.42,1,8,662.701,1,8,306.596,1,8,103130.4,1,8,62956.614,1,8,33725.597,1,8,116.99,1,8,-9900,?,9,-9900,?,9,16.88,E,8,-15.67,E,8,8.0,E,8,822.9788000000001,E,8,999.0,E,8,1.32,E,8,-9900,?,9,-9900,?,9,0.0,E,8,-9900,?,9,-9900,?,9,0.0,0.0,E,8
09/25/2021,15:00,943.812,1358.162,740.54,1,8,746.59,1,8,221.884,1,8,88864.8,1,8,70926.071,1,8,24407.218,1,8,101.667,1,8,-9900,?,9,-9900,?,9,17.15,E,8,-16.28,E,8,7.0,E,8,822.9788000000001,E,8,999.0,E,8,1.8,E,8,-9900,?,9,-9900,?,9,0.0,E,8,-9900,?,9,-9900,?,9,0.0,0.0,E,8
09/25/2021,16:00,690.904,1358.162,564.15,1,8,828.52,1,8,143.031,1,8,67698.0,1,8,78709.407,1,8,15733.398,1,8,89.573,1,8,-9900,?,9,-9900,?,9,16.89,E,8,-15.7,E,8,8.0,E,8,822.9788000000001,E,8,999.0,E,8,2.16,E,8,-9900,?,9,-9900,?,9,0.0,E,8,-9900,?,9,-9900,?,9,0.0,0.0,E,8
09/25/2021,17:00,391.922,1358.162,331.67,1,8,755.461,1,8,114.359,1,8,39800.4,1,8,71768.777,1,8,12579.512,1,8,126.547,1,8,-9900,?,9,-9900,?,9,15.91,E,8,-13.74,E,8,10.0,E,8,822.9788000000001,E,8,999.0,E,8,0.94,E,8,-9900,?,9,-9900,?,9,0.0,E,8,-9900,?,9,-9900,?,9,0.0,0.0,E,8
09/25/2021,18:00,70.677,1358.162,93.46,1,8,0.0,1,8,93.46,1,8,11215.2,1,8,0.0,1,8,10280.6,1,8,621.394,1,8,-9900,?,9,-9900,?,9,14.38,E,8,-11.21,E,8,14.0,E,8,822.9788000000001,E,8,999.0,E,8,0.5,E,8,-9900,?,9,-9900,?,9,0.0,E,8,-9900,?,9,-9900,?,9,0.0,0.0,E,8
09/25/2021,19:00,0.0,1358.162,0.0,1,8,0.0,1,8,0.0,1,8,0.0,1,8,0.0,1,8,0.0,1,8,-0.0,1,8,-9900,?,9,-9900,?,9,13.1,E,8,-9.43,E,8,18.0,E,8,822.9788000000001,E,8,999.0,E,8,0.39,E,8,-9900,?,9,-9900,?,9,0.0,E,8,-9900,?,9,-9900,?,9,0.0,0.0,E,8
09/25/2021,20:00,0.0,1358.162,0.0,1,8,0.0,1,8,0.0,1,8,0.0,1,8,0.0,1,8,0.0,1,8,-0.0,1,8,-9900,?,9,-9900,?,9,11.82,E,8,-7.88,E,8,22.0,E,8,822.9788000000001,E,8,999.0,E,8,0.39,E,8,-9900,?,9,-9900,?,9,0.0,E,8,-9900,?,9,-9900,?,9,0.0,0.0,E,8
09/25/2021,21:00,0.0,1358.162,0.0,1,8,0.0,1,8,0.0,1,8,0.0,1,8,0.0,1,8,0.0,1,8,-0.0,1,8,-9900,?,9,-9900,?,9,10.54,E,8,-6.51,E,8,27.0,E,8,822.9788000000001,E,8,999.0,E,8,0.39,E,8,-9900,?,9,-9900,?,9,0.0,E,8,-9900,?,9,-9900,?,9,0.0,0.0,E,8
09/25/2021,22:00,0.0,1358.162,0.0,1,8,0.0,1,8,0.0,1,8,0.0,1,8,0.0,1,8,0.0,1,8,-0.0,1,8,-9900,?,9,-9900,?,9,9.27,E,8,-5.27,E,8,33.0,E,8,822.9788000000001,E,8,999.0,E,8,0.39,E,8,-9900,?,9,-9900,?,9,0.0,E,8,-9900,?,9,-9900,?,9,0.0,0.0,E,8
09/25/2021,23:00,0.0,1358.162,0.0,1,8,0.0,1,8,0.0,1,8,0.0,1,8,0.0,1,8,0.0,1,8,-0.0,1,8,-9900,?,9,-9900,?,9,7.99,E,8,-4.14,E,8,40.0,E,8,822.9788000000001,E,8,999.0,E,8,0.39,E,8,-9900,?,9,-9900,?,9,0.0,E,8,-9900,?,9,-9900,?,9,0.0,0.0,E,8
09/25/2021,24:00,0.0,1358.162,0.0,1,8,0.0,1,8,0.0,1,8,0.0,1,8,0.0,1,8,0.0,1,8,-0.0,1,8,-9900,?,9,-9900,?,9,6.71,E,8,-1.94,E,8,52.0,E,8,822.9788000000001,E,8,999.0,E,8,0.23,E,8,-9900,?,9,-9900,?,9,0.0,E,8,-9900,?,9,-9900,?,9,0.0,0.0,E,8
09/26/2021,01:00,0.0,1358.162,0.0,1,8,0.0,1,8,0.0,1,8,0.0,1,8,0.0,1,8,0.0,1,8,-0.0,1,8,-9900,?,9,-9900,?,9,6.07,E,8,-1.36,E,8,58.0,E,8,822.9788000000001,E,8,999.0,E,8,0.23,E,8,-9900,?,9,-9900,?,9,0.0,E,8,-9900,?,9,-9900,?,9,0.0,0.0,E,8
09/26/2021,02:00,0.0,1358.162,0.0,1,8,0.0,1,8,0.0,1,8,0.0,1,8,0.0,1,8,0.0,1,8,-0.0,1,8,-9900,?,9,-9900,?,9,5.43,E,8,-0.8,E,8,63.0,E,8,822.9788000000001,E,8,999.0,E,8,0.23,E,8,-9900,?,9,-9900,?,9,0.0,E,8,-9900,?,9,-9900,?,9,0.0,0.0,E,8
09/26/2021,03:00,0.0,1358.162,0.0,1,8,0.0,1,8,0.0,1,8,0.0,1,8,0.0,1,8,0.0,1,8,-0.0,1,8,-9900,?,9,-9900,?,9,4.79,E,8,-0.27,E,8,69.0,E,8,822.9788000000001,E,8,999.0,E,8,0.23,E,8,-9900,?,9,-9900,?,9,0.0,E,8,-9900,?,9,-9900,?,9,0.0,0.0,E,8
09/26/2021,04:00,0.0,1358.948,0.0,1,8,0.0,1,8,0.0,1,8,0.0,1,8,0.0,1,8,0.0,1,8,-0.0,1,8,-9900,?,9,-9900,?,9,4.15,E,8,0.27,E,8,75.0,E,8,822.9788000000001,E,8,999.0,E,8,0.23,E,8,-9900,?,9,-9900,?,9,0.0,E,8,-9900,?,9,-9900,?,9,0.0,0.0,E,8
09/26/2021,05:00,0.0,1358.948,0.0,1,8,0.0,1,8,0.0,1,8,0.0,1,8,0.0,1,8,0.0,1,8,-0.0,1,8,-9900,?,9,-9900,?,9,3.58,E,8,0.77,E,8,81.0,E,8,822.9788000000001,E,8,999.0,E,8,0.23,E,8,-9900,?,9,-9900,?,9,0.0,E,8,-9900,?,9,-9900,?,9,0.0,0.0,E,8
09/26/2021,06:00,0.0,1358.948,0.0,1,8,0.0,1,8,0.0,1,8,0.0,1,8,0.0,1,8,0.0,1,8,-0.0,1,8,-9900,?,9,-9900,?,9,3.16,E,8,1.13,E,8,86.0,E,8,822.9788000000001,E,8,999.0,E,8,0.23,E,8,-9900,?,9,-9900,?,9,0.0,E,8,-9900,?,9,-9900,?,9,0.0,0.0,E,8
09/26/2021,07:00,287.504,1358.948,27.15,1,8,0.0,1,8,27.15,1,8,3258.0,1,8,0.0,1,8,2986.5,1,8,41.097,1,8,-9900,?,9,-9900,?,9,2.74,E,8,1.48,E,8,91.0,E,8,822.9788000000001,E,8,999.0,E,8,0.23,E,8,-9900,?,9,-9900,?,9,0.0,E,8,-9900,?,9,-9900,?,9,0.0,0.0,E,8
09/26/2021,08:00,597.643,1358.948,235.47,1,8,84.57,1,8,198.323,1,8,28256.4,1,8,8034.15,1,8,21815.505,1,8,143.718,1,8,-9900,?,9,-9900,?,9,5.58,E,8,-0.93,E,8,62.0,E,8,822.9788000000001,E,8,999.0,E,8,0.23,E,8,-9900,?,9,-9900,?,9,0.0,E,8,-9900,?,9,-9900,?,9,0.0,0.0,E,8
09/26/2021,09:00,868.493,1358.948,445.06,1,8,110.244,1,8,374.634,1,8,53407.2,1,8,10473.186,1,8,41209.722,1,8,186.672,1,8,-9900,?,9,-9900,?,9,7.84,E,8,-3.03,E,8,44.0,E,8,822.9788000000001,E,8,999.0,E,8,0.26,E,8,-9900,?,9,-9900,?,9,0.0,E,8,-9900,?,9,-9900,?,9,0.0,0.0,E,8
09/26/2021,10:00,1081.092,1358.948,652.96,1,8,241.227,1,8,461.088,1,8,78355.2,1,8,22916.564,1,8,50719.673,1,8,184.522,1,8,-9900,?,9,-9900,?,9,10.1,E,8,-5.54,E,8,31.0,E,8,822.9788000000001,E,8,999.0,E,8,0.23,E,8,-9900,?,9,-9900,?,9,0.0,E,8,-9900,?,9,-9900,?,9,0.0,0.0,E,8
09/26/2021,11:00,1220.854,1358.948,790.34,1,8,319.791,1,8,503.066,1,8,94840.8,1,8,30380.18,1,8,55337.213,1,8,178.256,1,8,-9900,?,9,-9900,?,9,12.05,E,8,-8.19,E,8,21.0,E,8,822.9788000000001,E,8,999.0,E,8,0.66,E,8,-9900,?,9,-9900,?,9,0.0,E,8,-9900,?,9,-9900,?,9,0.0,0.0,E,8
09/26/2021,12:00,1278.225,1358.948,860.47,1,8,375.111,1,8,507.654,1,8,103256.4,1,8,35635.578,1,8,55841.953,1,8,171.803,1,8,-9900,?,9,-9900,?,9,13.6,E,8,-10.8,E,8,15.0,E,8,822.9788000000001,E,8,999.0,E,8,1.03,E,8,-9900,?,9,-9900,?,9,0.0,E,8,-9900,?,9,-9900,?,9,0.0,0.0,E,8
09/26/2021,13:00,1249.296,1358.948,867.65,1,8,408.701,1,8,491.947,1,8,104118.0,1,8,38826.574,1,8,54114.171,1,8,170.345,1,8,-9900,?,9,-9900,?,9,14.73,E,8,-13.13,E,8,11.0,E,8,822.9788000000001,E,8,999.0,E,8,1.56,E,8,-9900,?,9,-9900,?,9,0.0,E,8,-9900,?,9,-9900,?,9,0.0,0.0,E,8
09/26/2021,14:00,1136.054,1358.948,821.23,1,8,522.986,1,8,384.079,1,8,98547.6,1,8,49683.645,1,8,42248.736,1,8,146.261,1,8,-9900,?,9,-9900,?,9,15.45,E,8,-14.89,E,8,9.0,E,8,822.9788000000001,E,8,999.0,E,8,1.75,E,8,-9900,?,9,-9900,?,9,0.0,E,8,-9900,?,9,-9900,?,9,0.0,0.0,E,8
09/26/2021,15:00,946.254,1358.948,713.08,1,8,669.603,1,8,246.972,1,8,85569.6,1,8,63612.293,1,8,27166.875,1,8,112.935,1,8,-9900,?,9,-9900,?,9,15.75,E,8,-15.71,E,8,8.0,E,8,822.9788000000001,E,8,999.0,E,8,1.84,E,8,-9900,?,9,-9900,?,9,0.0,E,8,-9900,?,9,-9900,?,9,0.0,0.0,E,8
09/26/2021,16:00,692.916,1358.948,528.18,1,8,790.855,1,8,125.266,1,8,63381.6,1,8,75131.185,1,8,13779.243,1,8,78.265,1,8,-9900,?,9,-9900,?,9,15.48,E,8,-14.97,E,8,9.0,E,8,822.9788000000001,E,8,999.0,E,8,1.14,E,8,-9900,?,9,-9900,?,9,0.0,E,8,-9900,?,9,-9900,?,9,0.0,0.0,E,8
09/26/2021,17:00,393.593,1358.948,314.08,1,8,720.311,1,8,106.112,1,8,37689.6,1,8,68429.56,1,8,11672.338,1,8,116.987,1,8,-9900,?,9,-9900,?,9,14.55,E,8,-12.72,E,8,12.0,E,8,822.9788000000001,E,8,999.0,E,8,1.08,E,8,-9900,?,9,-9900,?,9,0.0,E,8,-9900,?,9,-9900,?,9,0.0,0.0,E,8
09/26/2021,18:00,72.061,1358.948,96.64,1,8,0.0,1,8,96.64,1,8,11596.8,1,8,0.0,1,8,10630.4,1,8,628.889,1,8,-9900,?,9,-9900,?,9,13.1,E,8,-9.89,E,8,17.0,E,8,822.9788000000001,E,8,999.0,E,8,0.64,E,8,-9900,?,9,-9900,?,9,0.0,E,8,-9900,?,9,-9900,?,9,0.0,0.0,E,8
09/26/2021,19:00,0.0,1358.948,0.0,1,8,0.0,1,8,0.0,1,8,0.0,1,8,0.0,1,8,0.0,1,8,-0.0,1,8,-9900,?,9,-9900,?,9,12.07,E,8,-8.22,E,8,21.0,E,8,822.9788000000001,E,8,999.0,E,8,0.66,E,8,-9900,?,9,-9900,?,9,0.0,E,8,-9900,?,9,-9900,?,9,0.0,0.0,E,8
09/26/2021,20:00,0.0,1358.948,0.0,1,8,0.0,1,8,0.0,1,8,0.0,1,8,0.0,1,8,0.0,1,8,-0.0,1,8,-9900,?,9,-9900,?,9,11.04,E,8,-6.75,E,8,26.0,E,8,822.9788000000001,E,8,999.0,E,8,0.54,E,8,-9900,?,9,-9900,?,9,0.0,E,8,-9900,?,9,-9900,?,9,0.0,0.0,E,8
09/26/2021,21:00,0.0,1358.948,0.0,1,8,0.0,1,8,0.0,1,8,0.0,1,8,0.0,1,8,0.0,1,8,-0.0,1,8,-9900,?,9,-9900,?,9,10.0,E,8,-5.41,E,8,31.0,E,8,822.9788000000001,E,8,999.0,E,8,0.51,E,8,-9900,?,9,-9900,?,9,0.0,E,8,-9900,?,9,-9900,?,9,0.0,0.0,E,8
09/26/2021,22:00,0.0,1358.948,0.0,1,8,0.0,1,8,0.0,1,8,0.0,1,8,0.0,1,8,0.0,1,8,-0.0,1,8,-9900,?,9,-9900,?,9,8.97,E,8,-4.22,E,8,37.0,E,8,822.9788000000001,E,8,999.0,E,8,0.28,E,8,-9900,?,9,-9900,?,9,0.0,E,8,-9900,?,9,-9900,?,9,0.0,0.0,E,8
09/26/2021,23:00,0.0,1358.948,0.0,1,8,0.0,1,8,0.0,1,8,0.0,1,8,0.0,1,8,0.0,1,8,-0.0,1,8,-9900,?,9,-9900,?,9,7.94,E,8,-3.13,E,8,44.0,E,8,822.9788000000001,E,8,999.0,E,8,0.5,E,8,-9900,?,9,-9900,?,9,0.0,E,8,-9900,?,9,-9900,?,9,0.0,0.0,E,8
09/26/2021,24:00,0.0,1358.948,0.0,1,8,0.0,1,8,0.0,1,8,0.0,1,8,0.0,1,8,0.0,1,8,-0.0,1,8,-9900,?,9,-9900,?,9,6.91,E,8,0.66,E,8,64.0,E,8,822.9788000000001,E,8,999.0,E,8,0.44,E,8,-9900,?,9,-9900,?,9,0.0,E,8,-9900,?,9,-9900,?,9,0.0,0.0,E,8
09/27/2021,01:00,0.0,1358.948,0.0,1,8,0.0,1,8,0.0,1,8,0.0,1,8,0.0,1,8,0.0,1,8,-0.0,1,8,-9900,?,9,-9900,?,9,6.39,E,8,1.11,E,8,68.0,E,8,822.9788000000001,E,8,999.0,E,8,0.56,E,8,-9900,?,9,-9900,?,9,0.0,E,8,-9900,?,9,-9900,?,9,0.0,0.0,E,8
09/27/2021,02:00,0.0,1358.948,0.0,1,8,0.0,1,8,0.0,1,8,0.0,1,8,0.0,1,8,0.0,1,8,-0.0,1,8,-9900,?,9,-9900,?,9,5.88,E,8,1.55,E,8,73.0,E,8,822.9788000000001,E,8,999.0,E,8,0.37,E,8,-9900,?,9,-9900,?,9,0.0,E,8,-9900,?,9,-9900,?,9,0.0,0.0,E,8
09/27/2021,03:00,0.0,1358.948,0.0,1,8,0.0,1,8,0.0,1,8,0.0,1,8,0.0,1,8,0.0,1,8,-0.0,1,8,-9900,?,9,-9900,?,9,5.36,E,8,1.98,E,8,78.0,E,8,822.9788000000001,E,8,999.0,E,8,0.62,E,8,-9900,?,9,-9900,?,9,0.0,E,8,-9900,?,9,-9900,?,9,0.0,0.0,E,8
09/27/2021,04:00,0.0,1359.737,0.0,1,8,0.0,1,8,0.0,1,8,0.0,1,8,0.0,1,8,0.0,1,8,-0.0,1,8,-9900,?,9,-9900,?,9,4.84,E,8,2.4,E,8,84.0,E,8,822.9788000000001,E,8,999.0,E,8,0.31,E,8,-9900,?,9,-9900,?,9,0.0,E,8,-9900,?,9,-9900,?,9,0.0,0.0,E,8
09/27/2021,05:00,0.0,1359.737,0.0,1,8,0.0,1,8,0.0,1,8,0.0,1,8,0.0,1,8,0.0,1,8,-0.0,1,8,-9900,?,9,-9900,?,9,4.39,E,8,2.75,E,8,89.0,E,8,822.9788000000001,E,8,999.0,E,8,0.19,E,8,-9900,?,9,-9900,?,9,0.0,E,8,-9900,?,9,-9900,?,9,0.0,0.0,E,8
09/27/2021,06:00,0.0,1359.737,0.0,1,8,0.0,1,8,0.0,1,8,0.0,1,8,0.0,1,8,0.0,1,8,-0.0,1,8,-9900,?,9,-9900,?,9,4.05,E,8,3.01,E,8,92.0,E,8,822.9788000000001,E,8,999.0,E,8,0.24,E,8,-9900,?,9,-9900,?,9,0.0,E,8,-9900,?,9,-9900,?,9,0.0,0.0,E,8
09/27/2021,07:00,292.76,1359.737,22.14,1,8,0.0,1,8,22.14,1,8,2656.8,1,8,0.0,1,8,2435.4,1,8,32.924,1,8,-9900,?,9,-9900,?,9,3.71,E,8,3.27,E,8,96.0,E,8,822.9788000000001,E,8,999.0,E,8,0.3,E,8,-9900,?,9,-9900,?,9,0.0,E,8,-9900,?,9,-9900,?,9,0.0,0.0,E,8
09/27/2021,08:00,602.875,1359.737,194.52,1,8,57.439,1,8,169.083,1,8,23342.4,1,8,5456.723,1,8,18599.155,1,8,121.534,1,8,-9900,?,9,-9900,?,9,6.21,E,8,1.27,E,8,70.0,E,8,822.9788000000001,E,8,999.0,E,8,0.47,E,8,-9900,?,9,-9900,?,9,0.0,E,8,-9900,?,9,-9900,?,9,0.0,0.0,E,8
09/27/2021,09:00,873.552,1359.737,351.19,1,8,41.592,1,8,324.481,1,8,42142.8,1,8,3951.27,1,8,35692.857,1,8,160.837,1,8,-9900,?,9,-9900,?,9,8.08,E,8,-0.37,E,8,54.0,E,8,822.9788000000001,E,8,999.0,E,8,0.65,E,8,-9900,?,9,-9900,?,9,0.0,E,8,-9900,?,9,-9900,?,9,0.0,0.0,E,8
09/27/2021,10:00,1085.857,1359.737,631.75,1,8,297.283,1,8,394.386,1,8,75810.0,1,8,28241.902,1,8,43382.431,1,8,157.227,1,8,-9900,?,9,-9900,?,9,10.63,E,8,-2.71,E,8,38.0,E,8,822.9788000000001,E,8,999.0,E,8,1.42,E,8,-9900,?,9,-9900,?,9,0.0,E,8,-9900,?,9,-9900,?,9,0.0,0.0,E,8
09/27/2021,11:00,1225.224,1359.737,701.75,1,8,197.911,1,8,523.43,1,8,84210.0,1,8,18801.55,1,8,57577.251,1,8,184.917,1,8,-9900,?,9,-9900,?,9,12.49,E,8,-4.74,E,8,28.0,E,8,822.9788000000001,E,8,999.0,E,8,1.69,E,8,-9900,?,9,-9900,?,9,0.0,E,8,-9900,?,9,-9900,?,9,0.0,0.0,E,8
09/27/2021,12:00,1282.131,1359.737,761.39,1,8,239.064,1,8,535.978,1,8,91366.8,1,8,22711.126,1,8,58957.608,1,8,180.941,1,8,-9900,?,9,-9900,?,9,13.95,E,8,-6.6,E,8,21.0,E,8,822.9788000000001,E,8,999.0,E,8,2.3,E,8,-9900,?,9,-9900,?,9,0.0,E,8,-9900,?,9,-9900,?,9,0.0,0.0,E,8
09/27/2021,13:00,1252.697,1359.737,826.52,1,8,379.617,1,8,476.805,1,8,99182.4,1,8,36063.577,1,8,52448.603,1,8,164.749,1,8,-9900,?,9,-9900,?,9,15.22,E,8,-8.47,E,8,17.0,E,8,822.9788000000001,E,8,999.0,E,8,2.92,E,8,-9900,?,9,-9900,?,9,0.0,E,8,-9900,?,9,-9900,?,9,0.0,0.0,E,8
09/27/2021,14:00,1138.946,1359.737,746.03,1,8,317.544,1,8,480.081,1,8,89523.6,1,8,30166.675,1,8,52808.942,1,8,182.461,1,8,-9900,?,9,-9900,?,9,15.93,E,8,-9.65,E,8,14.0,E,8,822.9788000000001,E,8,999.0,E,8,4.2,E,8,-9900,?,9,-9900,?,9,0.0,E,8,-9900,?,9,-9900,?,9,0.0,0.0,E,8
09/27/2021,15:00,948.668,1359.737,521.5,1,8,116.909,1,8,439.959,1,8,62580.0,1,8,11106.399,1,8,48395.523,1,8,200.788,1,8,-9900,?,9,-9900,?,9,15.9,E,8,-9.6,E,8,14.0,E,8,822.9788000000001,E,8,999.0,E,8,5.09,E,8,-9900,?,9,-9900,?,9,0.0,E,8,-9900,?,9,-9900,?,9,0.0,0.0,E,8
09/27/2021,16:00,694.914,1359.737,356.05,1,8,214.256,1,8,246.642,1,8,42726.0,1,8,20354.309,1,8,27130.614,1,8,153.745,1,8,-9900,?,9,-9900,?,9,15.22,E,8,-8.47,E,8,17.0,E,8,822.9788000000001,E,8,999.0,E,8,3.42,E,8,-9900,?,9,-9900,?,9,0.0,E,8,-9900,?,9,-9900,?,9,0.0,0.0,E,8
09/27/2021,17:00,395.265,1359.737,308.45,1,8,639.023,1,8,123.271,1,8,37014.0,1,8,60707.218,1,8,13559.767,1,8,135.405,1,8,-9900,?,9,-9900,?,9,14.49,E,8,-7.36,E,8,19.0,E,8,822.9788000000001,E,8,999.0,E,8,3.34,E,8,-9900,?,9,-9900,?,9,0.0,E,8,-9900,?,9,-9900,?,9,0.0,0.0,E,8
09/27/2021,18:00,73.463,1359.737,109.34,1,8,0.0,1,8,109.34,1,8,13120.8,1,8,0.0,1,8,12027.4,1,8,696.571,1,8,-9900,?,9,-9900,?,9,13.24,E,8,-5.66,E,8,24.0,E,8,822.9788000000001,E,8,999.0,E,8,1.73,E,8,-9900,?,9,-9900,?,9,0.0,E,8,-9900,?,9,-9900,?,9,0.0,0.0,E,8
09/27/2021,19:00,0.0,1359.737,0.0,1,8,0.0,1,8,0.0,1,8,0.0,1,8,0.0,1,8,0.0,1,8,-0.0,1,8,-9900,?,9,-9900,?,9,12.52,E,8,-4.78,E,8,28.0,E,8,822.9788000000001,E,8,999.0,E,8,1.32,E,8,-9900,?,9,-9900,?,9,0.0,E,8,-9900,?,9,-9900,?,9,0.0,0.0,E,8
09/27/2021,20:00,0.0,1359.737,0.0,1,8,0.0,1,8,0.0,1,8,0.0,1,8,0.0,1,8,0.0,1,8,-0.0,1,8,-9900,?,9,-9900,?,9,11.81,E,8,-3.96,E,8,31.0,E,8,822.9788000000001,E,8,999.0,E,8,1.03,E,8,-9900,?,9,-9900,?,9,0.0,E,8,-9900,?,9,-9900,?,9,0.0,0.0,E,8
09/27/2021,21:00,0.0,1359.737,0.0,1,8,0.0,1,8,0.0,1,8,0.0,1,8,0.0,1,8,0.0,1,8,-0.0,1,8,-9900,?,9,-9900,?,9,11.09,E,8,-3.19,E,8,35.0,E,8,822.9788000000001,E,8,999.0,E,8,0.39,E,8,-9900,?,9,-9900,?,9,0.0,E,8,-9900,?,9,-9900,?,9,0.0,0.0,E,8
09/27/2021,22:00,0.0,1359.737,0.0,1,8,0.0,1,8,0.0,1,8,0.0,1,8,0.0,1,8,0.0,1,8,-0.0,1,8,-9900,?,9,-9900,?,9,10.38,E,8,-2.46,E,8,39.0,E,8,822.9788000000001,E,8,999.0,E,8,0.28,E,8,-9900,?,9,-9900,?,9,0.0,E,8,-9900,?,9,-9900,?,9,0.0,0.0,E,8
09/27/2021,23:00,0.0,1359.737,0.0,1,8,0.0,1,8,0.0,1,8,0.0,1,8,0.0,1,8,0.0,1,8,-0.0,1,8,-9900,?,9,-9900,?,9,9.66,E,8,-1.77,E,8,43.0,E,8,822.9788000000001,E,8,999.0,E,8,0.23,E,8,-9900,?,9,-9900,?,9,0.0,E,8,-9900,?,9,-9900,?,9,0.0,0.0,E,8
09/27/2021,24:00,0.0,1359.737,0.0,1,8,0.0,1,8,0.0,1,8,0.0,1,8,0.0,1,8,0.0,1,8,-0.0,1,8,-9900,?,9,-9900,?,9,8.95,E,8,4.78,E,8,75.0,E,8,822.9788000000001,E,8,999.0,E,8,0.05,E,8,-9900,?,9,-9900,?,9,0.0,E,8,-9900,?,9,-9900,?,9,0.0,0.0,E,8
09/28/2021,01:00,0.0,1359.737,0.0,1,8,0.0,1,8,0.0,1,8,0.0,1,8,0.0,1,8,0.0,1,8,-0.0,1,8,-9900,?,9,-9900,?,9,8.59,E,8,5.02,E,8,78.0,E,8,822.9788000000001,E,8,999.0,E,8,0.05,E,8,-9900,?,9,-9900,?,9,0.0,E,8,-9900,?,9,-9900,?,9,0.0,0.0,E,8
09/28/2021,02:00,0.0,1359.737,0.0,1,8,0.0,1,8,0.0,1,8,0.0,1,8,0.0,1,8,0.0,1,8,-0.0,1,8,-9900,?,9,-9900,?,9,8.23,E,8,5.26,E,8,81.0,E,8,822.9788000000001,E,8,999.0,E,8,0.06,E,8,-9900,?,9,-9900,?,9,0.0,E,8,-9900,?,9,-9900,?,9,0.0,0.0,E,8
09/28/2021,03:00,0.0,1359.737,0.0,1,8,0.0,1,8,0.0,1,8,0.0,1,8,0.0,1,8,0.0,1,8,-0.0,1,8,-9900,?,9,-9900,?,9,7.87,E,8,5.5,E,8,84.0,E,8,822.9788000000001,E,8,999.0,E,8,0.06,E,8,-9900,?,9,-9900,?,9,0.0,E,8,-9900,?,9,-9900,?,9,0.0,0.0,E,8
09/28/2021,04:00,0.0,1360.529,0.0,1,8,0.0,1,8,0.0,1,8,0.0,1,8,0.0,1,8,0.0,1,8,-0.0,1,8,-9900,?,9,-9900,?,9,7.51,E,8,5.74,E,8,88.0,E,8,822.9788000000001,E,8,999.0,E,8,0.11,E,8,-9900,?,9,-9900,?,9,0.0,E,8,-9900,?,9,-9900,?,9,0.0,0.0,E,8
09/28/2021,05:00,0.0,1360.529,0.0,1,8,0.0,1,8,0.0,1,8,0.0,1,8,0.0,1,8,0.0,1,8,-0.0,1,8,-9900,?,9,-9900,?,9,7.2,E,8,5.94,E,8,91.0,E,8,822.9788000000001,E,8,999.0,E,8,0.05,E,8,-9900,?,9,-9900,?,9,0.0,E,8,-9900,?,9,-9900,?,9,0.0,0.0,E,8
09/28/2021,06:00,0.0,1360.529,0.0,1,8,0.0,1,8,0.0,1,8,0.0,1,8,0.0,1,8,0.0,1,8,-0.0,1,8,-9900,?,9,-9900,?,9,6.96,E,8,6.09,E,8,94.0,E,8,822.9788000000001,E,8,999.0,E,8,0.14,E,8,-9900,?,9,-9900,?,9,0.0,E,8,-9900,?,9,-9900,?,9,0.0,0.0,E,8
09/28/2021,07:00,297.986,1360.529,23.78,1,8,0.0,1,8,23.78,1,8,2853.6,1,8,0.0,1,8,2615.8,1,8,34.756,1,8,-9900,?,9,-9900,?,9,6.72,E,8,6.24,E,8,96.0,E,8,822.9788000000001,E,8,999.0,E,8,0.1,E,8,-9900,?,9,-9900,?,9,0.0,E,8,-9900,?,9,-9900,?,9,0.0,0.0,E,8
09/28/2021,08:00,608.064,1360.529,168.99,1,8,12.212,1,8,163.538,1,8,20278.8,1,8,1160.186,1,8,17989.206,1,8,116.61,1,8,-9900,?,9,-9900,?,9,8.77,E,8,4.9,E,8,76.0,E,8,822.9788000000001,E,8,999.0,E,8,0.2,E,8,-9900,?,9,-9900,?,9,0.0,E,8,-9900,?,9,-9900,?,9,0.0,0.0,E,8
09/28/2021,09:00,878.558,1360.529,317.85,1,8,17.738,1,8,306.4,1,8,38142.0,1,8,1685.128,1,8,33704.034,1,8,151.097,1,8,-9900,?,9,-9900,?,9,10.33,E,8,3.8,E,8,63.0,E,8,822.9788000000001,E,8,999.0,E,8,0.51,E,8,-9900,?,9,-9900,?,9,0.0,E,8,-9900,?,9,-9900,?,9,0.0,0.0,E,8
09/28/2021,10:00,1090.563,1360.529,443.72,1,8,60.904,1,8,394.909,1,8,53246.4,1,8,5785.907,1,8,43439.966,1,8,156.847,1,8,-9900,?,9,-9900,?,9,11.79,E,8,2.69,E,8,53.0,E,8,822.9788000000001,E,8,999.0,E,8,0.64,E,8,-9900,?,9,-9900,?,9,0.0,E,8,-9900,?,9,-9900,?,9,0.0,0.0,E,8
09/28/2021,11:00,1229.535,1360.529,535.79,1,8,71.738,1,8,470.964,1,8,64294.8,1,8,6815.074,1,8,51806.005,1,8,165.895,1,8,-9900,?,9,-9900,?,9,13.05,E,8,1.66,E,8,45.0,E,8,822.9788000000001,E,8,999.0,E,8,0.77,E,8,-9900,?,9,-9900,?,9,0.0,E,8,-9900,?,9,-9900,?,9,0.0,0.0,E,8
09/28/2021,12:00,1285.978,1360.529,587.16,1,8,5.338,1,8,582.115,1,8,70459.2,1,8,507.079,1,8,64032.648,1,8,196.042,1,8,-9900,?,9,-9900,?,9,14.07,E,8,0.78,E,8,40.0,E,8,822.9788000000001,E,8,999.0,E,8,1.15,E,8,-9900,?,9,-9900,?,9,0.0,E,8,-9900,?,9,-9900,?,9,0.0,0.0,E,8
09/28/2021,13:00,1256.047,1360.529,594.14,1,8,6.304,1,8,588.32,1,8,71296.8,1,8,598.881,1,8,64715.244,1,8,202.856,1,8,-9900,?,9,-9900,?,9,14.82,E,8,0.1,E,8,36.0,E,8,822.9788000000001,E,8,999.0,E,8,1.64,E,8,-9900,?,9,-9900,?,9,0.0,E,8,-9900,?,9,-9900,?,9,0.0,0.0,E,8
09/28/2021,14:00,1141.797,1360.529,556.22,1,8,120.626,1,8,455.0,1,8,66746.4,1,8,11459.455,1,8,50049.959,1,8,172.597,1,8,-9900,?,9,-9900,?,9,15.28,E,8,-0.3,E,8,34.0,E,8,822.9788000000001,E,8,999.0,E,8,2.06,E,8,-9900,?,9,-9900,?,9,0.0,E,8,-9900,?,9,-9900,?,9,0.0,0.0,E,8
09/28/2021,15:00,951.053,1360.529,476.14,1,8,107.513,1,8,401.008,1,8,57136.8,1,8,10213.719,1,8,44110.901,1,8,182.658,1,8,-9900,?,9,-9900,?,9,15.45,E,8,-0.44,E,8,33.0,E,8,822.9788000000001,E,8,999.0,E,8,1.79,E,8,-9900,?,9,-9900,?,9,0.0,E,8,-9900,?,9,-9900,?,9,0.0,0.0,E,8
09/28/2021,16:00,696.899,1360.529,359.81,1,8,124.267,1,8,296.209,1,8,43177.2,1,8,11805.388,1,8,32583.032,1,8,184.223,1,8,-9900,?,9,-9900,?,9,15.27,E,8,-0.29,E,8,34.0,E,8,822.9788000000001,E,8,999.0,E,8,1.53,E,8,-9900,?,9,-9900,?,9,0.0,E,8,-9900,?,9,-9900,?,9,0.0,0.0,E,8
09/28/2021,17:00,396.941,1360.529,216.6,1,8,381.47,1,8,105.649,1,8,25992.0,1,8,36239.696,1,8,11621.384,1,8,115.623,1,8,-9900,?,9,-9900,?,9,14.64,E,8,0.26,E,8,37.0,E,8,822.9788000000001,E,8,999.0,E,8,1.39,E,8,-9900,?,9,-9900,?,9,0.0,E,8,-9900,?,9,-9900,?,9,0.0,0.0,E,8
09/28/2021,18:00,74.885,1360.529,64.03,1,8,0.0,1,8,64.03,1,8,7683.6,1,8,0.0,1,8,7043.3,1,8,399.414,1,8,-9900,?,9,-9900,?,9,13.67,E,8,1.13,E,8,42.0,E,8,822.9788000000001,E,8,999.0,E,8,0.99,E,8,-9900,?,9,-9900,?,9,0.0,E,8,-9900,?,9,-9900,?,9,0.0,0.0,E,8
09/28/2021,19:00,0.0,1360.529,0.0,1,8,0.0,1,8,0.0,1,8,0.0,1,8,0.0,1,8,0.0,1,8,-0.0,1,8,-9900,?,9,-9900,?,9,12.82,E,8,1.85,E,8,47.0,E,8,822.9788000000001,E,8,999.0,E,8,0.67,E,8,-9900,?,9,-9900,?,9,0.0,E,8,-9900,?,9,-9900,?,9,0.0,0.0,E,8
09/28/2021,20:00,0.0,1360.529,0.0,1,8,0.0,1,8,0.0,1,8,0.0,1,8,0.0,1,8,0.0,1,8,-0.0,1,8,-9900,?,9,-9900,?,9,11.98,E,8,2.54,E,8,52.0,E,8,822.9788000000001,E,8,999.0,E,8,0.35,E,8,-9900,?,9,-9900,?,9,0.0,E,8,-9900,?,9,-9900,?,9,0.0,0.0,E,8
09/28/2021,21:00,0.0,1360.529,0.0,1,8,0.0,1,8,0.0,1,8,0.0,1,8,0.0,1,8,0.0,1,8,-0.0,1,8,-9900,?,9,-9900,?,9,11.13,E,8,3.2,E,8,58.0,E,8,822.9788000000001,E,8,999.0,E,8,0.24,E,8,-9900,?,9,-9900,?,9,0.0,E,8,-9900,?,9,-9900,?,9,0.0,0.0,E,8
09/28/2021,22:00,0.0,1360.529,0.0,1,8,0.0,1,8,0.0,1,8,0.0,1,8,0.0,1,8,0.0,1,8,-0.0,1,8,-9900,?,9,-9900,?,9,10.29,E,8,3.83,E,8,64.0,E,8,822.9788000000001,E,8,999.0,E,8,0.15,E,8,-9900,?,9,-9900,?,9,0.0,E,8,-9900,?,9,-9900,?,9,0.0,0.0,E,8
09/28/2021,23:00,0.0,1360.529,0.0,1,8,0.0,1,8,0.0,1,8,0.0,1,8,0.0,1,8,0.0,1,8,-0.0,1,8,-9900,?,9,-9900,?,9,9.44,E,8,4.44,E,8,70.0,E,8,822.9788000000001,E,8,999.0,E,8,0.1,E,8,-9900,?,9,-9900,?,9,0.0,E,8,-9900,?,9,-9900,?,9,0.0,0.0,E,8
09/28/2021,24:00,0.0,1360.529,0.0,1,8,0.0,1,8,0.0,1,8,0.0,1,8,0.0,1,8,0.0,1,8,-0.0,1,8,-9900,?,9,-9900,?,9,8.6,E,8,5.32,E,8,79.0,E,8,822.9788000000001,E,8,999.0,E,8,6.13,E,8,-9900,?,9,-9900,?,9,0.0,E,8,-9900,?,9,-9900,?,9,0.0,0.0,E,8
09/29/2021,01:00,0.0,1360.529,0.0,1,8,0.0,1,8,0.0,1,8,0.0,1,8,0.0,1,8,0.0,1,8,-0.0,1,8,-9900,?,9,-9900,?,9,8.18,E,8,5.38,E,8,82.0,E,8,822.9788000000001,E,8,999.0,E,8,6.76,E,8,-9900,?,9,-9900,?,9,0.0,E,8,-9900,?,9,-9900,?,9,0.0,0.0,E,8
09/29/2021,02:00,0.0,1360.529,0.0,1,8,0.0,1,8,0.0,1,8,0.0,1,8,0.0,1,8,0.0,1,8,-0.0,1,8,-9900,?,9,-9900,?,9,7.75,E,8,5.44,E,8,85.0,E,8,822.9788000000001,E,8,999.0,E,8,6.15,E,8,-9900,?,9,-9900,?,9,0.0,E,8,-9900,?,9,-9900,?,9,0.0,0.0,E,8
09/29/2021,03:00,0.0,1360.529,0.0,1,8,0.0,1,8,0.0,1,8,0.0,1,8,0.0,1,8,0.0,1,8,-0.0,1,8,-9900,?,9,-9900,?,9,7.33,E,8,5.49,E,8,88.0,E,8,822.9788000000001,E,8,999.0,E,8,6.38,E,8,-9900,?,9,-9900,?,9,0.0,E,8,-9900,?,9,-9900,?,9,0.0,0.0,E,8
09/29/2021,04:00,0.0,1361.323,0.0,1,8,0.0,1,8,0.0,1,8,0.0,1,8,0.0,1,8,0.0,1,8,-0.0,1,8,-9900,?,9,-9900,?,9,6.91,E,8,5.54,E,8,90.0,E,8,822.9788000000001,E,8,999.0,E,8,8.39,E,8,-9900,?,9,-9900,?,9,0.0,E,8,-9900,?,9,-9900,?,9,0.0,0.0,E,8
09/29/2021,05:00,0.0,1361.323,0.0,1,8,0.0,1,8,0.0,1,8,0.0,1,8,0.0,1,8,0.0,1,8,-0.0,1,8,-9900,?,9,-9900,?,9,6.53,E,8,5.59,E,8,93.0,E,8,822.9788000000001,E,8,999.0,E,8,7.92,E,8,-9900,?,9,-9900,?,9,0.0,E,8,-9900,?,9,-9900,?,9,0.0,0.0,E,8
09/29/2021,06:00,0.0,1361.323,0.0,1,8,0.0,1,8,0.0,1,8,0.0,1,8,0.0,1,8,0.0,1,8,-0.0,1,8,-9900,?,9,-9900,?,9,6.25,E,8,5.63,E,8,95.0,E,8,822.9788000000001,E,8,999.0,E,8,10.09,E,8,-9900,?,9,-9900,?,9,0.0,E,8,-9900,?,9,-9900,?,9,0.0,0.0,E,8
09/29/2021,07:00,303.182,1361.323,20.15,1,8,0.0,1,8,20.15,1,8,2418.0,1,8,0.0,1,8,2216.5,1,8,28.957,1,8,-9900,?,9,-9900,?,9,5.97,E,8,5.67,E,8,97.0,E,8,822.9788000000001,E,8,999.0,E,8,11.38,E,8,-9900,?,9,-9900,?,9,0.0,E,8,-9900,?,9,-9900,?,9,0.0,0.0,E,8
09/29/2021,08:00,613.208,1361.323,135.55,1,8,4.577,1,8,133.491,1,8,16266.0,1,8,434.844,1,8,14683.957,1,8,94.439,1,8,-9900,?,9,-9900,?,9,8.08,E,8,5.39,E,8,83.0,E,8,822.9788000000001,E,8,999.0,E,8,6.45,E,8,-9900,?,9,-9900,?,9,0.0,E,8,-9900,?,9,-9900,?,9,0.0,0.0,E,8
09/29/2021,09:00,883.51,1361.323,253.25,1,8,7.439,1,8,248.424,1,8,30390.0,1,8,706.711,1,8,27326.632,1,8,121.89,1,8,-9900,?,9,-9900,?,9,9.66,E,8,5.19,E,8,73.0,E,8,822.9788000000001,E,8,999.0,E,8,4.21,E,8,-9900,?,9,-9900,?,9,0.0,E,8,-9900,?,9,-9900,?,9,0.0,0.0,E,8
09/29/2021,10:00,1095.208,1361.323,352.67,1,8,6.592,1,8,347.368,1,8,42320.4,1,8,626.219,1,8,38210.441,1,8,137.459,1,8,-9900,?,9,-9900,?,9,11.13,E,8,4.99,E,8,65.0,E,8,822.9788000000001,E,8,999.0,E,8,3.18,E,8,-9900,?,9,-9900,?,9,0.0,E,8,-9900,?,9,-9900,?,9,0.0,0.0,E,8
09/29/2021,11:00,1233.783,1361.323,425.32,1,8,7.636,1,8,418.4,1,8,51038.4,1,8,725.45,1,8,46023.952,1,8,146.957,1,8,-9900,?,9,-9900,?,9,12.4,E,8,4.82,E,8,59.0,E,8,822.9788000000001,E,8,999.0,E,8,3.14,E,8,-9900,?,9,-9900,?,9,0.0,E,8,-9900,?,9,-9900,?,9,0.0,0.0,E,8
09/29/2021,12:00,1289.767,1361.323,465.76,1,8,13.158,1,8,453.294,1,8,55891.2,1,8,1250.046,1,8,49862.306,1,8,152.298,1,8,-9900,?,9,-9900,?,9,13.43,E,8,4.68,E,8,55.0,E,8,822.9788000000001,E,8,999.0,E,8,4.29,E,8,-9900,?,9,-9900,?,9,0.0,E,8,-9900,?,9,-9900,?,9,0.0,0.0,E,8
09/29/2021,13:00,1259.345,1361.323,471.08,1,8,15.052,1,8,457.156,1,8,56529.6,1,8,1429.973,1,8,50287.153,1,8,157.309,1,8,-9900,?,9,-9900,?,9,14.18,E,8,4.58,E,8,52.0,E,8,822.9788000000001,E,8,999.0,E,8,3.8,E,8,-9900,?,9,-9900,?,9,0.0,E,8,-9900,?,9,-9900,?,9,0.0,0.0,E,8
09/29/2021,14:00,1144.607,1361.323,440.89,1,8,11.76,1,8,431.003,1,8,52906.8,1,8,1117.234,1,8,47410.335,1,8,163.188,1,8,-9900,?,9,-9900,?,9,14.65,E,8,4.51,E,8,50.0,E,8,822.9788000000001,E,8,999.0,E,8,2.98,E,8,-9900,?,9,-9900,?,9,0.0,E,8,-9900,?,9,-9900,?,9,0.0,0.0,E,8
09/29/2021,15:00,953.411,1361.323,377.38,1,8,71.207,1,8,327.525,1,8,45285.6,1,8,6764.657,1,8,36027.754,1,8,148.905,1,8,-9900,?,9,-9900,?,9,14.82,E,8,4.49,E,8,49.0,E,8,822.9788000000001,E,8,999.0,E,8,1.72,E,8,-9900,?,9,-9900,?,9,0.0,E,8,-9900,?,9,-9900,?,9,0.0,0.0,E,8
09/29/2021,16:00,698.872,1361.323,285.24,1,8,82.634,1,8,242.852,1,8,34228.8,1,8,7850.263,1,8,26713.735,1,8,150.699,1,8,-9900,?,9,-9900,?,9,14.63,E,8,4.51,E,8,50.0,E,8,822.9788000000001,E,8,999.0,E,8,1.98,E,8,-9900,?,9,-9900,?,9,0.0,E,8,-9900,?,9,-9900,?,9,0.0,0.0,E,8
09/29/2021,17:00,398.62,1361.323,171.87,1,8,178.277,1,8,119.828,1,8,20624.4,1,8,16936.338,1,8,13181.04,1,8,130.661,1,8,-9900,?,9,-9900,?,9,14.0,E,8,4.6,E,8,53.0,E,8,822.9788000000001,E,8,999.0,E,8,2.62,E,8,-9900,?,9,-9900,?,9,0.0,E,8,-9900,?,9,-9900,?,9,0.0,0.0,E,8
09/29/2021,18:00,76.327,1361.323,51.1,1,8,0.0,1,8,51.1,1,8,6132.0,1,8,0.0,1,8,5621.0,1,8,312.169,1,8,-9900,?,9,-9900,?,9,13.01,E,8,4.74,E,8,57.0,E,8,822.9788000000001,E,8,999.0,E,8,1.54,E,8,-9900,?,9,-9900,?,9,0.0,E,8,-9900,?,9,-9900,?,9,0.0,0.0,E,8
09/29/2021,19:00,0.0,1361.323,0.0,1,8,0.0,1,8,0.0,1,8,0.0,1,8,0.0,1,8,0.0,1,8,-0.0,1,8,-9900,?,9,-9900,?,9,12.25,E,8,4.84,E,8,60.0,E,8,822.9788000000001,E,8,999.0,E,8,3.07,E,8,-9900,?,9,-9900,?,9,0.0,E,8,-9900,?,9,-9900,?,9,0.0,0.0,E,8
09/29/2021,20:00,0.0,1361.323,0.0,1,8,0.0,1,8,0.0,1,8,0.0,1,8,0.0,1,8,0.0,1,8,-0.0,1,8,-9900,?,9,-9900,?,9,11.48,E,8,4.94,E,8,64.0,E,8,822.9788000000001,E,8,999.0,E,8,2.14,E,8,-9900,?,9,-9900,?,9,0.0,E,8,-9900,?,9,-9900,?,9,0.0,0.0,E,8
09/29/2021,21:00,0.0,1361.323,0.0,1,8,0.0,1,8,0.0,1,8,0.0,1,8,0.0,1,8,0.0,1,8,-0.0,1,8,-9900,?,9,-9900,?,9,10.72,E,8,5.04,E,8,67.0,E,8,822.9788000000001,E,8,999.0,E,8,3.66,E,8,-9900,?,9,-9900,?,9,0.0,E,8,-9900,?,9,-9900,?,9,0.0,0.0,E,8
09/29/2021,22:00,0.0,1361.323,0.0,1,8,0.0,1,8,0.0,1,8,0.0,1,8,0.0,1,8,0.0,1,8,-0.0,1,8,-9900,?,9,-9900,?,9,9.95,E,8,5.15,E,8,72.0,E,8,822.9788000000001,E,8,999.0,E,8,2.16,E,8,-9900,?,9,-9900,?,9,0.0,E,8,-9900,?,9,-9900,?,9,0.0,0.0,E,8
09/29/2021,23:00,0.0,1361.323,0.0,1,8,0.0,1,8,0.0,1,8,0.0,1,8,0.0,1,8,0.0,1,8,-0.0,1,8,-9900,?,9,-9900,?,9,9.19,E,8,5.25,E,8,76.0,E,8,822.9788000000001,E,8,999.0,E,8,3.76,E,8,-9900,?,9,-9900,?,9,0.0,E,8,-9900,?,9,-9900,?,9,0.0,0.0,E,8
09/29/2021,24:00,0.0,1361.323,0.0,1,8,0.0,1,8,0.0,1,8,0.0,1,8,0.0,1,8,0.0,1,8,-0.0,1,8,-9900,?,9,-9900,?,9,8.42,E,8,5.52,E,8,81.0,E,8,822.9788000000001,E,8,999.0,E,8,3.75,E,8,-9900,?,9,-9900,?,9,0.0,E,8,-9900,?,9,-9900,?,9,0.0,0.0,E,8
09/30/2021,01:00,0.0,1361.323,0.0,1,8,0.0,1,8,0.0,1,8,0.0,1,8,0.0,1,8,0.0,1,8,-0.0,1,8,-9900,?,9,-9900,?,9,8.04,E,8,5.52,E,8,84.0,E,8,822.9788000000001,E,8,999.0,E,8,5.24,E,8,-9900,?,9,-9900,?,9,0.0,E,8,-9900,?,9,-9900,?,9,0.0,0.0,E,8
09/30/2021,02:00,0.0,1361.323,0.0,1,8,0.0,1,8,0.0,1,8,0.0,1,8,0.0,1,8,0.0,1,8,-0.0,1,8,-9900,?,9,-9900,?,9,7.66,E,8,5.51,E,8,86.0,E,8,822.9788000000001,E,8,999.0,E,8,2.37,E,8,-9900,?,9,-9900,?,9,0.0,E,8,-9900,?,9,-9900,?,9,0.0,0.0,E,8
09/30/2021,03:00,0.0,1361.323,0.0,1,8,0.0,1,8,0.0,1,8,0.0,1,8,0.0,1,8,0.0,1,8,-0.0,1,8,-9900,?,9,-9900,?,9,7.27,E,8,5.51,E,8,88.0,E,8,822.9788000000001,E,8,999.0,E,8,2.26,E,8,-9900,?,9,-9900,?,9,0.0,E,8,-9900,?,9,-9900,?,9,0.0,0.0,E,8
09/30/2021,04:00,0.0,1362.12,0.0,1,8,0.0,1,8,0.0,1,8,0.0,1,8,0.0,1,8,0.0,1,8,-0.0,1,8,-9900,?,9,-9900,?,9,6.89,E,8,5.5,E,8,90.0,E,8,822.9788000000001,E,8,999.0,E,8,2.26,E,8,-9900,?,9,-9900,?,9,0.0,E,8,-9900,?,9,-9900,?,9,0.0,0.0,E,8
09/30/2021,05:00,0.0,1362.12,0.0,1,8,0.0,1,8,0.0,1,8,0.0,1,8,0.0,1,8,0.0,1,8,-0.0,1,8,-9900,?,9,-9900,?,9,6.55,E,8,5.5,E,8,93.0,E,8,822.9788000000001,E,8,999.0,E,8,2.23,E,8,-9900,?,9,-9900,?,9,0.0,E,8,-9900,?,9,-9900,?,9,0.0,0.0,E,8
09/30/2021,06:00,0.0,1362.12,0.0,1,8,0.0,1,8,0.0,1,8,0.0,1,8,0.0,1,8,0.0,1,8,-0.0,1,8,-9900,?,9,-9900,?,9,6.3,E,8,5.5,E,8,94.0,E,8,822.9788000000001,E,8,999.0,E,8,1.65,E,8,-9900,?,9,-9900,?,9,0.0,E,8,-9900,?,9,-9900,?,9,0.0,0.0,E,8
09/30/2021,07:00,308.342,1362.12,19.43,1,8,0.0,1,8,19.43,1,8,2331.6,1,8,0.0,1,8,2137.3,1,8,27.466,1,8,-9900,?,9,-9900,?,9,6.05,E,8,5.5,E,8,96.0,E,8,822.9788000000001,E,8,999.0,E,8,1.41,E,8,-9900,?,9,-9900,?,9,0.0,E,8,-9900,?,9,-9900,?,9,0.0,0.0,E,8
09/30/2021,08:00,618.304,1362.12,124.08,1,8,0.0,1,8,124.08,1,8,14889.6,1,8,0.0,1,8,13648.8,1,8,87.107,1,8,-9900,?,9,-9900,?,9,8.05,E,8,5.52,E,8,84.0,E,8,822.9788000000001,E,8,999.0,E,8,1.02,E,8,-9900,?,9,-9900,?,9,0.0,E,8,-9900,?,9,-9900,?,9,0.0,0.0,E,8
09/30/2021,09:00,888.404,1362.12,230.29,1,8,5.455,1,8,226.733,1,8,27634.8,1,8,518.243,1,8,24940.676,1,8,110.699,1,8,-9900,?,9,-9900,?,9,9.53,E,8,5.53,E,8,76.0,E,8,822.9788000000001,E,8,999.0,E,8,3.13,E,8,-9900,?,9,-9900,?,9,0.0,E,8,-9900,?,9,-9900,?,9,0.0,0.0,E,8
09/30/2021,10:00,1099.791,1362.12,319.93,1,8,5.045,1,8,315.858,1,8,38391.6,1,8,479.242,1,8,34744.328,1,8,124.542,1,8,-9900,?,9,-9900,?,9,10.89,E,8,5.54,E,8,69.0,E,8,822.9788000000001,E,8,999.0,E,8,4.27,E,8,-9900,?,9,-9900,?,9,0.0,E,8,-9900,?,9,-9900,?,9,0.0,0.0,E,8
09/30/2021,11:00,1237.968,1362.12,385.37,1,8,8.95,1,8,377.237,1,8,46244.4,1,8,850.221,1,8,41496.019,1,8,132.129,1,8,-9900,?,9,-9900,?,9,12.07,E,8,5.55,E,8,64.0,E,8,822.9788000000001,E,8,999.0,E,8,5.18,E,8,-9900,?,9,-9900,?,9,0.0,E,8,-9900,?,9,-9900,?,9,0.0,0.0,E,8
09/30/2021,12:00,1293.496,1362.12,421.7,1,8,9.85,1,8,412.347,1,8,50604.0,1,8,935.713,1,8,45358.161,1,8,138.222,1,8,-9900,?,9,-9900,?,9,13.03,E,8,5.56,E,8,60.0,E,8,822.9788000000001,E,8,999.0,E,8,3.93,E,8,-9900,?,9,-9900,?,9,0.0,E,8,-9900,?,9,-9900,?,9,0.0,0.0,E,8
09/30/2021,13:00,1262.59,1362.12,426.32,1,8,10.911,1,8,416.207,1,8,51158.4,1,8,1036.545,1,8,45782.743,1,8,142.933,1,8,-9900,?,9,-9900,?,9,13.73,E,8,5.57,E,8,57.0,E,8,822.9788000000001,E,8,999.0,E,8,5.75,E,8,-9900,?,9,-9900,?,9,0.0,E,8,-9900,?,9,-9900,?,9,0.0,0.0,E,8
09/30/2021,14:00,1147.375,1362.12,398.9,1,8,8.19,1,8,392.002,1,8,47868.0,1,8,778.082,1,8,43120.192,1,8,148.15,1,8,-9900,?,9,-9900,?,9,14.16,E,8,5.57,E,8,56.0,E,8,822.9788000000001,E,8,999.0,E,8,5.74,E,8,-9900,?,9,-9900,?,9,0.0,E,8,-9900,?,9,-9900,?,9,0.0,0.0,E,8
09/30/2021,15:00,955.741,1362.12,341.41,1,8,12.168,1,8,332.875,1,8,40969.2,1,8,1155.914,1,8,36616.268,1,8,151.056,1,8,-9900,?,9,-9900,?,9,14.32,E,8,5.58,E,8,55.0,E,8,822.9788000000001,E,8,999.0,E,8,3.92,E,8,-9900,?,9,-9900,?,9,0.0,E,8,-9900,?,9,-9900,?,9,0.0,0.0,E,8
09/30/2021,16:00,700.833,1362.12,258.1,1,8,12.816,1,8,251.511,1,8,30972.0,1,8,1217.548,1,8,27666.228,1,8,155.726,1,8,-9900,?,9,-9900,?,9,14.14,E,8,5.57,E,8,56.0,E,8,822.9788000000001,E,8,999.0,E,8,3.39,E,8,-9900,?,9,-9900,?,9,0.0,E,8,-9900,?,9,-9900,?,9,0.0,0.0,E,8
09/30/2021,17:00,400.305,1362.12,155.67,1,8,105.023,1,8,124.9,1,8,18680.4,1,8,9977.191,1,8,13738.951,1,8,135.694,1,8,-9900,?,9,-9900,?,9,13.55,E,8,5.57,E,8,58.0,E,8,822.9788000000001,E,8,999.0,E,8,1.99,E,8,-9900,?,9,-9900,?,9,0.0,E,8,-9900,?,9,-9900,?,9,0.0,0.0,E,8
09/30/2021,18:00,77.792,1362.12,92.064,1,8,157.263,1,8,83.698,1,8,11047.68,1,8,14939.998,1,8,9206.792,1,8,500.819,1,8,-9900,?,9,-9900,?,9,12.638,E,8,5.558,E,8,61.8,E,8,822.9788000000001,E,8,999.0,E,8,2.276,E,8,-9900,?,9,-9900,?,9,0.0,E,8,-9900,?,9,-9900,?,9,0.0,0.0,E,8
09/30/2021,19:00,0.0,1362.12,40.444,1,8,0.0,1,8,0.0,1,8,4853.28,1,8,0.0,1,8,0.0,1,8,-0.0,1,8,-9900,?,9,-9900,?,9,11.858,E,8,5.552,E,8,65.0,E,8,822.9788000000001,E,8,999.0,E,8,1.814,E,8,-9900,?,9,-9900,?,9,0.0,E,8,-9900,?,9,-9900,?,9,0.0,0.0,E,8
09/30/2021,20:00,0.0,1362.12,9.31,1,8,0.0,1,8,0.0,1,8,1117.2,1,8,0.0,1,8,0.0,1,8,-0.0,1,8,-9900,?,9,-9900,?,9,11.038,E,8,5.544,E,8,68.6,E,8,822.9788000000001,E,8,999.0,E,8,1.584,E,8,-9900,?,9,-9900,?,9,0.0,E,8,-9900,?,9,-9900,?,9,0.0,0.0,E,8
09/30/2021,21:00,0.0,1362.12,0.0,1,8,0.0,1,8,0.0,1,8,0.0,1,8,0.0,1,8,0.0,1,8,-0.0,1,8,-9900,?,9,-9900,?,9,10.242,E,8,5.536,E,8,72.2,E,8,822.9788000000001,E,8,999.0,E,8,1.45,E,8,-9900,?,9,-9900,?,9,0.0,E,8,-9900,?,9,-9900,?,9,0.0,0.0,E,8
09/30/2021,22:00,0.0,1362.12,0.0,1,8,0.0,1,8,0.0,1,8,0.0,1,8,0.0,1,8,0.0,1,8,-0.0,1,8,-9900,?,9,-9900,?,9,10.02,E,8,4.49,E,8,68.8,E,8,822.9788000000001,E,8,999.0,E,8,1.172,E,8,-9900,?,9,-9900,?,9,0.0,E,8,-9900,?,9,-9900,?,9,0.0,0.0,E,8
09/30/2021,23:00,0.0,1362.12,0.0,1,8,0.0,1,8,0.0,1,8,0.0,1,8,0.0,1,8,0.0,1,8,-0.0,1,8,-9900,?,9,-9900,?,9,9.864,E,8,3.52,E,8,65.4,E,8,822.9788000000001,E,8,999.0,E,8,0.866,E,8,-9900,?,9,-9900,?,9,0.0,E,8,-9900,?,9,-9900,?,9,0.0,0.0,E,8
09/30/2010,24:00,0.0,1362.12,0.0,1,8,0.0,1,8,0.0,1,8,0.0,1,8,0.0,1,8,0.0,1,8,-0.0,1,8,-9900,?,9,-9900,?,9,9.774,E,8,2.624,E,8,61.8,E,8,822.9788000000001,E,8,999.0,E,8,0.742,E,8,-9900,?,9,-9900,?,9,0.0,E,8,-9900,?,9,-9900,?,9,0.0,0.0,E,8
10/01/2010,01:00,0.0,1362.12,0.0,1,8,0.0,1,8,0.0,1,8,0.0,1,8,0.0,1,8,0.0,1,8,-0.0,1,8,-9900,?,9,-9900,?,9,9.75,E,8,1.8,E,8,58.0,E,8,822.9788000000001,E,8,999.0,E,8,0.666,E,8,-9900,?,9,-9900,?,9,0.0,E,8,-9900,?,9,-9900,?,9,0.0,0.0,E,8
10/01/2010,02:00,0.0,1362.12,0.0,1,8,0.0,1,8,0.0,1,8,0.0,1,8,0.0,1,8,0.0,1,8,-0.0,1,8,-9900,?,9,-9900,?,9,9.794,E,8,1.048,E,8,54.0,E,8,822.9788000000001,E,8,999.0,E,8,0.588,E,8,-9900,?,9,-9900,?,9,0.0,E,8,-9900,?,9,-9900,?,9,0.0,0.0,E,8
10/01/2010,03:00,0.0,1362.12,0.0,1,8,0.0,1,8,0.0,1,8,0.0,1,8,0.0,1,8,0.0,1,8,-0.0,1,8,-9900,?,9,-9900,?,9,9.342,E,8,1.396,E,8,57.2,E,8,822.9788000000001,E,8,999.0,E,8,0.532,E,8,-9900,?,9,-9900,?,9,0.0,E,8,-9900,?,9,-9900,?,9,0.0,0.0,E,8
10/01/2010,04:00,0.0,1362.919,0.0,1,8,0.0,1,8,0.0,1,8,0.0,1,8,0.0,1,8,0.0,1,8,-0.0,1,8,-9900,?,9,-9900,?,9,8.92,E,8,1.716,E,8,60.2,E,8,822.9788000000001,E,8,999.0,E,8,0.46,E,8,-9900,?,9,-9900,?,9,0.0,E,8,-9900,?,9,-9900,?,9,0.0,0.0,E,8
10/01/2010,05:00,0.0,1362.919,9.294,1,8,0.0,1,8,0.0,1,8,1115.28,1,8,0.0,1,8,0.0,1,8,-0.0,1,8,-9900,?,9,-9900,?,9,8.532,E,8,2.004,E,8,63.0,E,8,822.9788000000001,E,8,999.0,E,8,0.46,E,8,-9900,?,9,-9900,?,9,0.0,E,8,-9900,?,9,-9900,?,9,0.0,0.0,E,8
10/01/2010,06:00,0.0,1362.919,0.0,1,8,0.0,1,8,0.0,1,8,0.0,1,8,0.0,1,8,0.0,1,8,-0.0,1,8,-9900,?,9,-9900,?,9,8.15,E,8,2.29,E,8,66.0,E,8,822.9788000000001,E,8,999.0,E,8,0.46,E,8,-9900,?,9,-9900,?,9,0.0,E,8,-9900,?,9,-9900,?,9,0.0,0.0,E,8
10/01/2010,07:00,311.811,1362.919,46.47,1,8,0.0,1,8,46.47,1,8,5576.4,1,8,0.0,1,8,5111.7,1,8,64.99,1,8,-9900,?,9,-9900,?,9,7.85,E,8,2.5,E,8,68.0,E,8,822.9788000000001,E,8,999.0,E,8,0.46,E,8,-9900,?,9,-9900,?,9,0.0,E,8,-9900,?,9,-9900,?,9,0.0,0.0,E,8
10/01/2010,08:00,621.787,1362.919,286.47,1,8,155.695,1,8,215.518,1,8,34376.4,1,8,14791.031,1,8,23707.004,1,8,150.538,1,8,-9900,?,9,-9900,?,9,10.7,E,8,0.34,E,8,48.0,E,8,822.9788000000001,E,8,999.0,E,8,0.46,E,8,-9900,?,9,-9900,?,9,0.0,E,8,-9900,?,9,-9900,?,9,0.0,0.0,E,8
10/01/2010,09:00,891.805,1362.919,533.57,1,8,287.259,1,8,345.68,1,8,64028.4,1,8,27289.642,1,8,38024.792,1,8,168.227,1,8,-9900,?,9,-9900,?,9,12.79,E,8,-1.3,E,8,37.0,E,8,822.9788000000001,E,8,999.0,E,8,0.46,E,8,-9900,?,9,-9900,?,9,0.0,E,8,-9900,?,9,-9900,?,9,0.0,0.0,E,8
10/01/2010,10:00,1103.03,1362.919,723.18,1,8,328.793,1,8,457.124,1,8,86781.6,1,8,31235.348,1,8,50283.661,1,8,179.818,1,8,-9900,?,9,-9900,?,9,14.64,E,8,-2.89,E,8,28.0,E,8,822.9788000000001,E,8,999.0,E,8,0.46,E,8,-9900,?,9,-9900,?,9,0.0,E,8,-9900,?,9,-9900,?,9,0.0,0.0,E,8
10/01/2010,11:00,1240.978,1362.919,862.56,1,8,416.957,1,8,482.931,1,8,103507.2,1,8,39610.933,1,8,53122.442,1,8,168.837,1,8,-9900,?,9,-9900,?,9,16.23,E,8,-4.44,E,8,22.0,E,8,822.9788000000001,E,8,999.0,E,8,0.46,E,8,-9900,?,9,-9900,?,9,0.0,E,8,-9900,?,9,-9900,?,9,0.0,0.0,E,8
10/01/2010,12:00,1296.224,1362.919,930.62,1,8,455.915,1,8,497.029,1,8,111674.4,1,8,43311.94,1,8,54673.167,1,8,166.355,1,8,-9900,?,9,-9900,?,9,17.49,E,8,-5.82,E,8,18.0,E,8,822.9788000000001,E,8,999.0,E,8,1.06,E,8,-9900,?,9,-9900,?,9,0.0,E,8,-9900,?,9,-9900,?,9,0.0,0.0,E,8
10/01/2010,13:00,1265.004,1362.919,934.08,1,8,550.655,1,8,423.009,1,8,112089.6,1,8,52312.242,1,8,46530.995,1,8,145.077,1,8,-9900,?,9,-9900,?,9,18.39,E,8,-6.9,E,8,16.0,E,8,822.9788000000001,E,8,999.0,E,8,4.08,E,8,-9900,?,9,-9900,?,9,0.0,E,8,-9900,?,9,-9900,?,9,0.0,0.0,E,8
10/01/2010,14:00,1149.465,1362.919,872.36,1,8,659.689,1,8,316.055,1,8,104683.2,1,8,62670.43,1,8,34766.028,1,8,119.299,1,8,-9900,?,9,-9900,?,9,18.94,E,8,-7.62,E,8,14.0,E,8,822.9788000000001,E,8,999.0,E,8,5.15,E,8,-9900,?,9,-9900,?,9,0.0,E,8,-9900,?,9,-9900,?,9,0.0,0.0,E,8
10/01/2010,15:00,957.519,1362.919,728.98,1,8,690.043,1,8,244.336,1,8,87477.6,1,8,65554.087,1,8,26876.967,1,8,110.737,1,8,-9900,?,9,-9900,?,9,19.09,E,8,-7.82,E,8,14.0,E,8,822.9788000000001,E,8,999.0,E,8,3.33,E,8,-9900,?,9,-9900,?,9,0.0,E,8,-9900,?,9,-9900,?,9,0.0,0.0,E,8
10/01/2010,16:00,702.332,1362.919,554.94,1,8,820.53,1,8,132.451,1,8,66592.8,1,8,77950.392,1,8,14569.623,1,8,81.881,1,8,-9900,?,9,-9900,?,9,18.79,E,8,-7.42,E,8,15.0,E,8,822.9788000000001,E,8,999.0,E,8,2.68,E,8,-9900,?,9,-9900,?,9,0.0,E,8,-9900,?,9,-9900,?,9,0.0,0.0,E,8
10/01/2010,17:00,401.575,1362.919,326.91,1,8,726.558,1,8,113.484,1,8,39229.2,1,8,69023.001,1,8,12483.227,1,8,122.972,1,8,-9900,?,9,-9900,?,9,17.94,E,8,-6.35,E,8,17.0,E,8,822.9788000000001,E,8,999.0,E,8,1.54,E,8,-9900,?,9,-9900,?,9,0.0,E,8,-9900,?,9,-9900,?,9,0.0,0.0,E,8
10/01/2010,18:00,78.862,1362.919,90.59,1,8,261.101,1,8,76.495,1,8,10870.8,1,8,24804.613,1,8,8414.458,1,8,451.055,1,8,-9900,?,9,-9900,?,9,16.67,E,8,-4.91,E,8,21.0,E,8,822.9788000000001,E,8,999.0,E,8,0.46,E,8,-9900,?,9,-9900,?,9,0.0,E,8,-9900,?,9,-9900,?,9,0.0,0.0,E,8
10/01/2010,19:00,0.0,1362.919,0.0,1,8,0.0,1,8,0.0,1,8,0.0,1,8,0.0,1,8,0.0,1,8,-0.0,1,8,-9900,?,9,-9900,?,9,15.82,E,8,-4.02,E,8,24.0,E,8,822.9788000000001,E,8,999.0,E,8,0.46,E,8,-9900,?,9,-9900,?,9,0.0,E,8,-9900,?,9,-9900,?,9,0.0,0.0,E,8
10/01/2010,20:00,0.0,1362.919,0.0,1,8,0.0,1,8,0.0,1,8,0.0,1,8,0.0,1,8,0.0,1,8,-0.0,1,8,-9900,?,9,-9900,?,9,14.97,E,8,-3.2,E,8,27.0,E,8,822.9788000000001,E,8,999.0,E,8,0.46,E,8,-9900,?,9,-9900,?,9,0.0,E,8,-9900,?,9,-9900,?,9,0.0,0.0,E,8
10/01/2010,21:00,0.0,1362.919,0.0,1,8,0.0,1,8,0.0,1,8,0.0,1,8,0.0,1,8,0.0,1,8,-0.0,1,8,-9900,?,9,-9900,?,9,14.12,E,8,-2.42,E,8,31.0,E,8,822.9788000000001,E,8,999.0,E,8,0.46,E,8,-9900,?,9,-9900,?,9,0.0,E,8,-9900,?,9,-9900,?,9,0.0,0.0,E,8
10/01/2010,22:00,0.0,1362.919,0.0,1,8,0.0,1,8,0.0,1,8,0.0,1,8,0.0,1,8,0.0,1,8,-0.0,1,8,-9900,?,9,-9900,?,9,13.27,E,8,-1.69,E,8,34.0,E,8,822.9788000000001,E,8,999.0,E,8,0.46,E,8,-9900,?,9,-9900,?,9,0.0,E,8,-9900,?,9,-9900,?,9,0.0,0.0,E,8
10/01/2010,23:00,0.0,1362.919,0.0,1,8,0.0,1,8,0.0,1,8,0.0,1,8,0.0,1,8,0.0,1,8,-0.0,1,8,-9900,?,9,-9900,?,9,12.42,E,8,-1.0,E,8,39.0,E,8,822.9788000000001,E,8,999.0,E,8,0.46,E,8,-9900,?,9,-9900,?,9,0.0,E,8,-9900,?,9,-9900,?,9,0.0,0.0,E,8
10/01/2010,24:00,0.0,1362.919,0.0,1,8,0.0,1,8,0.0,1,8,0.0,1,8,0.0,1,8,0.0,1,8,-0.0,1,8,-9900,?,9,-9900,?,9,11.57,E,8,2.62,E,8,54.0,E,8,822.9788000000001,E,8,999.0,E,8,0.34,E,8,-9900,?,9,-9900,?,9,0.0,E,8,-9900,?,9,-9900,?,9,0.0,0.0,E,8
10/02/2010,01:00,0.0,1362.919,0.0,1,8,0.0,1,8,0.0,1,8,0.0,1,8,0.0,1,8,0.0,1,8,-0.0,1,8,-9900,?,9,-9900,?,9,11.15,E,8,3.12,E,8,57.0,E,8,822.9788000000001,E,8,999.0,E,8,0.34,E,8,-9900,?,9,-9900,?,9,0.0,E,8,-9900,?,9,-9900,?,9,0.0,0.0,E,8
10/02/2010,02:00,0.0,1362.919,0.0,1,8,0.0,1,8,0.0,1,8,0.0,1,8,0.0,1,8,0.0,1,8,-0.0,1,8,-9900,?,9,-9900,?,9,10.72,E,8,3.62,E,8,61.0,E,8,822.9788000000001,E,8,999.0,E,8,0.34,E,8,-9900,?,9,-9900,?,9,0.0,E,8,-9900,?,9,-9900,?,9,0.0,0.0,E,8
10/02/2010,03:00,0.0,1362.919,0.0,1,8,0.0,1,8,0.0,1,8,0.0,1,8,0.0,1,8,0.0,1,8,-0.0,1,8,-9900,?,9,-9900,?,9,10.3,E,8,4.09,E,8,65.0,E,8,822.9788000000001,E,8,999.0,E,8,0.34,E,8,-9900,?,9,-9900,?,9,0.0,E,8,-9900,?,9,-9900,?,9,0.0,0.0,E,8
10/02/2010,04:00,0.0,1363.72,0.0,1,8,0.0,1,8,0.0,1,8,0.0,1,8,0.0,1,8,0.0,1,8,-0.0,1,8,-9900,?,9,-9900,?,9,9.87,E,8,4.56,E,8,69.0,E,8,822.9788000000001,E,8,999.0,E,8,0.34,E,8,-9900,?,9,-9900,?,9,0.0,E,8,-9900,?,9,-9900,?,9,0.0,0.0,E,8
10/02/2010,05:00,0.0,1363.72,0.0,1,8,0.0,1,8,0.0,1,8,0.0,1,8,0.0,1,8,0.0,1,8,-0.0,1,8,-9900,?,9,-9900,?,9,9.5,E,8,4.95,E,8,73.0,E,8,822.9788000000001,E,8,999.0,E,8,0.34,E,8,-9900,?,9,-9900,?,9,0.0,E,8,-9900,?,9,-9900,?,9,0.0,0.0,E,8
10/02/2010,06:00,0.0,1363.72,0.0,1,8,0.0,1,8,0.0,1,8,0.0,1,8,0.0,1,8,0.0,1,8,-0.0,1,8,-9900,?,9,-9900,?,9,9.21,E,8,5.26,E,8,76.0,E,8,822.9788000000001,E,8,999.0,E,8,0.34,E,8,-9900,?,9,-9900,?,9,0.0,E,8,-9900,?,9,-9900,?,9,0.0,0.0,E,8
10/02/2010,07:00,316.908,1363.72,48.61,1,8,0.0,1,8,48.61,1,8,5833.2,1,8,0.0,1,8,5347.1,1,8,66.918,1,8,-9900,?,9,-9900,?,9,8.93,E,8,5.54,E,8,79.0,E,8,822.9788000000001,E,8,999.0,E,8,0.34,E,8,-9900,?,9,-9900,?,9,0.0,E,8,-9900,?,9,-9900,?,9,0.0,0.0,E,8
10/02/2010,08:00,626.798,1363.72,286.72,1,8,165.29,1,8,210.832,1,8,34406.4,1,8,15702.529,1,8,23191.493,1,8,146.17,1,8,-9900,?,9,-9900,?,9,11.29,E,8,2.95,E,8,56.0,E,8,822.9788000000001,E,8,999.0,E,8,0.34,E,8,-9900,?,9,-9900,?,9,0.0,E,8,-9900,?,9,-9900,?,9,0.0,0.0,E,8
10/02/2010,09:00,896.6,1363.72,526.55,1,8,267.485,1,8,350.755,1,8,63186.0,1,8,25411.083,1,8,38583.087,1,8,169.882,1,8,-9900,?,9,-9900,?,9,12.97,E,8,0.81,E,8,43.0,E,8,822.9788000000001,E,8,999.0,E,8,0.34,E,8,-9900,?,9,-9900,?,9,0.0,E,8,-9900,?,9,-9900,?,9,0.0,0.0,E,8
10/02/2010,10:00,1107.505,1363.72,725.6,1,8,327.577,1,8,459.608,1,8,87072.0,1,8,31119.823,1,8,50556.894,1,8,180.17,1,8,-9900,?,9,-9900,?,9,14.51,E,8,-1.29,E,8,33.0,E,8,822.9788000000001,E,8,999.0,E,8,0.34,E,8,-9900,?,9,-9900,?,9,0.0,E,8,-9900,?,9,-9900,?,9,0.0,0.0,E,8
10/02/2010,11:00,1245.055,1363.72,869.14,1,8,420.847,1,8,484.936,1,8,104296.8,1,8,39980.488,1,8,53342.919,1,8,169.082,1,8,-9900,?,9,-9900,?,9,15.84,E,8,-3.31,E,8,25.0,E,8,822.9788000000001,E,8,999.0,E,8,0.8,E,8,-9900,?,9,-9900,?,9,0.0,E,8,-9900,?,9,-9900,?,9,0.0,0.0,E,8
10/02/2010,12:00,1299.851,1363.72,953.41,1,8,507.73,1,8,469.473,1,8,114409.2,1,8,48234.349,1,8,51642.074,1,8,156.785,1,8,-9900,?,9,-9900,?,9,16.92,E,8,-5.22,E,8,20.0,E,8,822.9788000000001,E,8,999.0,E,8,1.17,E,8,-9900,?,9,-9900,?,9,0.0,E,8,-9900,?,9,-9900,?,9,0.0,0.0,E,8
10/02/2010,13:00,1268.162,1363.72,967.52,1,8,657.257,1,8,356.346,1,8,116102.4,1,8,62439.429,1,8,39198.036,1,8,121.981,1,8,-9900,?,9,-9900,?,9,17.73,E,8,-6.87,E,8,16.0,E,8,822.9788000000001,E,8,999.0,E,8,2.22,E,8,-9900,?,9,-9900,?,9,0.0,E,8,-9900,?,9,-9900,?,9,0.0,0.0,E,8
10/02/2010,14:00,1152.166,1363.72,907.56,1,8,758.137,1,8,267.108,1,8,108907.2,1,8,72023.008,1,8,29381.921,1,8,100.647,1,8,-9900,?,9,-9900,?,9,18.22,E,8,-7.98,E,8,14.0,E,8,822.9788000000001,E,8,999.0,E,8,1.76,E,8,-9900,?,9,-9900,?,9,0.0,E,8,-9900,?,9,-9900,?,9,0.0,0.0,E,8
10/02/2010,15:00,959.806,1363.72,789.73,1,8,909.077,1,8,150.099,1,8,94767.6,1,8,86362.343,1,8,16510.937,1,8,67.905,1,8,-9900,?,9,-9900,?,9,18.42,E,8,-8.47,E,8,14.0,E,8,822.9788000000001,E,8,999.0,E,8,2.55,E,8,-9900,?,9,-9900,?,9,0.0,E,8,-9900,?,9,-9900,?,9,0.0,0.0,E,8
10/02/2010,16:00,704.277,1363.72,590.68,1,8,837.539,1,8,158.491,1,8,70881.6,1,8,79566.174,1,8,17434.045,1,8,97.766,1,8,-9900,?,9,-9900,?,9,18.22,E,8,-7.98,E,8,14.0,E,8,822.9788000000001,E,8,999.0,E,8,1.88,E,8,-9900,?,9,-9900,?,9,0.0,E,8,-9900,?,9,-9900,?,9,0.0,0.0,E,8
10/02/2010,17:00,403.271,1363.72,359.8,1,8,753.412,1,8,137.676,1,8,43176.0,1,8,71574.117,1,8,15144.354,1,8,148.643,1,8,-9900,?,9,-9900,?,9,17.56,E,8,-6.51,E,8,17.0,E,8,822.9788000000001,E,8,999.0,E,8,0.35,E,8,-9900,?,9,-9900,?,9,0.0,E,8,-9900,?,9,-9900,?,9,0.0,0.0,E,8
10/02/2010,18:00,80.366,1363.72,110.23,1,8,262.603,1,8,95.761,1,8,13227.6,1,8,24947.253,1,8,10533.664,1,8,553.204,1,8,-9900,?,9,-9900,?,9,16.5,E,8,-4.44,E,8,22.0,E,8,822.9788000000001,E,8,999.0,E,8,0.34,E,8,-9900,?,9,-9900,?,9,0.0,E,8,-9900,?,9,-9900,?,9,0.0,0.0,E,8
10/02/2010,19:00,0.0,1363.72,0.0,1,8,0.0,1,8,0.0,1,8,0.0,1,8,0.0,1,8,0.0,1,8,-0.0,1,8,-9900,?,9,-9900,?,9,15.62,E,8,-2.95,E,8,26.0,E,8,822.9788000000001,E,8,999.0,E,8,0.34,E,8,-9900,?,9,-9900,?,9,0.0,E,8,-9900,?,9,-9900,?,9,0.0,0.0,E,8
10/02/2010,20:00,0.0,1363.72,0.0,1,8,0.0,1,8,0.0,1,8,0.0,1,8,0.0,1,8,0.0,1,8,-0.0,1,8,-9900,?,9,-9900,?,9,14.73,E,8,-1.6,E,8,31.0,E,8,822.9788000000001,E,8,999.0,E,8,0.34,E,8,-9900,?,9,-9900,?,9,0.0,E,8,-9900,?,9,-9900,?,9,0.0,0.0,E,8
10/02/2010,21:00,0.0,1363.72,0.0,1,8,0.0,1,8,0.0,1,8,0.0,1,8,0.0,1,8,0.0,1,8,-0.0,1,8,-9900,?,9,-9900,?,9,13.85,E,8,-0.39,E,8,37.0,E,8,822.9788000000001,E,8,999.0,E,8,0.44,E,8,-9900,?,9,-9900,?,9,0.0,E,8,-9900,?,9,-9900,?,9,0.0,0.0,E,8
10/02/2010,22:00,0.0,1363.72,0.0,1,8,0.0,1,8,0.0,1,8,0.0,1,8,0.0,1,8,0.0,1,8,-0.0,1,8,-9900,?,9,-9900,?,9,12.96,E,8,0.82,E,8,43.0,E,8,822.9788000000001,E,8,999.0,E,8,0.34,E,8,-9900,?,9,-9900,?,9,0.0,E,8,-9900,?,9,-9900,?,9,0.0,0.0,E,8
10/02/2010,23:00,0.0,1363.72,0.0,1,8,0.0,1,8,0.0,1,8,0.0,1,8,0.0,1,8,0.0,1,8,-0.0,1,8,-9900,?,9,-9900,?,9,12.08,E,8,1.98,E,8,49.0,E,8,822.9788000000001,E,8,999.0,E,8,0.53,E,8,-9900,?,9,-9900,?,9,0.0,E,8,-9900,?,9,-9900,?,9,0.0,0.0,E,8
10/02/2010,24:00,0.0,1363.72,0.0,1,8,0.0,1,8,0.0,1,8,0.0,1,8,0.0,1,8,0.0,1,8,-0.0,1,8,-9900,?,9,-9900,?,9,11.19,E,8,4.15,E,8,61.0,E,8,822.9788000000001,E,8,999.0,E,8,0.95,E,8,-9900,?,9,-9900,?,9,0.0,E,8,-9900,?,9,-9900,?,9,0.0,0.0,E,8
10/03/2010,01:00,0.0,1363.72,0.0,1,8,0.0,1,8,0.0,1,8,0.0,1,8,0.0,1,8,0.0,1,8,-0.0,1,8,-9900,?,9,-9900,?,9,10.75,E,8,4.81,E,8,66.0,E,8,822.9788000000001,E,8,999.0,E,8,0.41,E,8,-9900,?,9,-9900,?,9,0.0,E,8,-9900,?,9,-9900,?,9,0.0,0.0,E,8
10/03/2010,02:00,0.0,1363.72,0.0,1,8,0.0,1,8,0.0,1,8,0.0,1,8,0.0,1,8,0.0,1,8,-0.0,1,8,-9900,?,9,-9900,?,9,10.31,E,8,5.44,E,8,71.0,E,8,822.9788000000001,E,8,999.0,E,8,0.41,E,8,-9900,?,9,-9900,?,9,0.0,E,8,-9900,?,9,-9900,?,9,0.0,0.0,E,8
10/03/2010,03:00,0.0,1363.72,0.0,1,8,0.0,1,8,0.0,1,8,0.0,1,8,0.0,1,8,0.0,1,8,-0.0,1,8,-9900,?,9,-9900,?,9,9.87,E,8,6.05,E,8,77.0,E,8,822.9788000000001,E,8,999.0,E,8,0.41,E,8,-9900,?,9,-9900,?,9,0.0,E,8,-9900,?,9,-9900,?,9,0.0,0.0,E,8
10/03/2010,04:00,0.0,1364.522,0.0,1,8,0.0,1,8,0.0,1,8,0.0,1,8,0.0,1,8,0.0,1,8,-0.0,1,8,-9900,?,9,-9900,?,9,9.43,E,8,6.63,E,8,82.0,E,8,822.9788000000001,E,8,999.0,E,8,0.41,E,8,-9900,?,9,-9900,?,9,0.0,E,8,-9900,?,9,-9900,?,9,0.0,0.0,E,8
10/03/2010,05:00,0.0,1364.522,0.0,1,8,0.0,1,8,0.0,1,8,0.0,1,8,0.0,1,8,0.0,1,8,-0.0,1,8,-9900,?,9,-9900,?,9,9.03,E,8,7.14,E,8,87.0,E,8,822.9788000000001,E,8,999.0,E,8,0.41,E,8,-9900,?,9,-9900,?,9,0.0,E,8,-9900,?,9,-9900,?,9,0.0,0.0,E,8
10/03/2010,06:00,3.127,1364.522,0.0,1,8,0.0,1,8,0.0,1,8,0.0,1,8,0.0,1,8,0.0,1,8,-0.0,1,8,-9900,?,9,-9900,?,9,8.74,E,8,7.51,E,8,91.0,E,8,822.9788000000001,E,8,999.0,E,8,0.41,E,8,-9900,?,9,-9900,?,9,0.0,E,8,-9900,?,9,-9900,?,9,0.0,0.0,E,8
10/03/2010,07:00,321.962,1364.522,30.05,1,8,0.0,1,8,30.05,1,8,3606.0,1,8,0.0,1,8,3305.5,1,8,40.736,1,8,-9900,?,9,-9900,?,9,8.45,E,8,7.86,E,8,96.0,E,8,822.9788000000001,E,8,999.0,E,8,0.41,E,8,-9900,?,9,-9900,?,9,0.0,E,8,-9900,?,9,-9900,?,9,0.0,0.0,E,8
10/03/2010,08:00,631.753,1364.522,169.58,1,8,10.052,1,8,164.931,1,8,20349.6,1,8,954.961,1,8,18142.405,1,8,113.514,1,8,-9900,?,9,-9900,?,9,10.41,E,8,5.3,E,8,70.0,E,8,822.9788000000001,E,8,999.0,E,8,0.41,E,8,-9900,?,9,-9900,?,9,0.0,E,8,-9900,?,9,-9900,?,9,0.0,0.0,E,8
10/03/2010,09:00,901.33,1364.522,309.56,1,8,14.28,1,8,300.131,1,8,37147.2,1,8,1356.641,1,8,33014.376,1,8,144.684,1,8,-9900,?,9,-9900,?,9,11.78,E,8,3.23,E,8,55.0,E,8,822.9788000000001,E,8,999.0,E,8,1.12,E,8,-9900,?,9,-9900,?,9,0.0,E,8,-9900,?,9,-9900,?,9,0.0,0.0,E,8
10/03/2010,10:00,1111.913,1364.522,427.43,1,8,12.001,1,8,417.652,1,8,51291.6,1,8,1140.103,1,8,45941.73,1,8,163.17,1,8,-9900,?,9,-9900,?,9,13.05,E,8,1.03,E,8,43.0,E,8,822.9788000000001,E,8,999.0,E,8,2.22,E,8,-9900,?,9,-9900,?,9,0.0,E,8,-9900,?,9,-9900,?,9,0.0,0.0,E,8
10/03/2010,11:00,1249.064,1364.522,513.24,1,8,3.628,1,8,509.919,1,8,61588.8,1,8,344.674,1,8,56091.094,1,8,177.326,1,8,-9900,?,9,-9900,?,9,14.14,E,8,-1.01,E,8,34.0,E,8,822.9788000000001,E,8,999.0,E,8,2.44,E,8,-9900,?,9,-9900,?,9,0.0,E,8,-9900,?,9,-9900,?,9,0.0,0.0,E,8
10/03/2010,12:00,1303.416,1364.522,560.6,1,8,4.17,1,8,556.617,1,8,67272.0,1,8,396.132,1,8,61227.874,1,8,185.488,1,8,-9900,?,9,-9900,?,9,15.03,E,8,-2.82,E,8,28.0,E,8,822.9788000000001,E,8,999.0,E,8,2.43,E,8,-9900,?,9,-9900,?,9,0.0,E,8,-9900,?,9,-9900,?,9,0.0,0.0,E,8
10/03/2010,13:00,1271.266,1364.522,566.09,1,8,4.904,1,8,561.522,1,8,67930.8,1,8,465.85,1,8,61767.382,1,8,191.858,1,8,-9900,?,9,-9900,?,9,15.67,E,8,-4.3,E,8,23.0,E,8,822.9788000000001,E,8,999.0,E,8,6.03,E,8,-9900,?,9,-9900,?,9,0.0,E,8,-9900,?,9,-9900,?,9,0.0,0.0,E,8
10/03/2010,14:00,1154.825,1364.522,529.33,1,8,93.742,1,8,450.003,1,8,63519.6,1,8,8905.536,1,8,49500.318,1,8,169.27,1,8,-9900,?,9,-9900,?,9,16.07,E,8,-5.32,E,8,21.0,E,8,822.9788000000001,E,8,999.0,E,8,6.62,E,8,-9900,?,9,-9900,?,9,0.0,E,8,-9900,?,9,-9900,?,9,0.0,0.0,E,8
10/03/2010,15:00,962.067,1364.522,452.97,1,8,83.806,1,8,393.899,1,8,54356.4,1,8,7961.596,1,8,43328.92,1,8,177.885,1,8,-9900,?,9,-9900,?,9,16.21,E,8,-5.7,E,8,20.0,E,8,822.9788000000001,E,8,999.0,E,8,4.84,E,8,-9900,?,9,-9900,?,9,0.0,E,8,-9900,?,9,-9900,?,9,0.0,0.0,E,8
10/03/2010,16:00,706.213,1364.522,342.64,1,8,97.729,1,8,292.101,1,8,41116.8,1,8,9284.225,1,8,32131.074,1,8,179.794,1,8,-9900,?,9,-9900,?,9,16.03,E,8,-5.22,E,8,21.0,E,8,822.9788000000001,E,8,999.0,E,8,2.36,E,8,-9900,?,9,-9900,?,9,0.0,E,8,-9900,?,9,-9900,?,9,0.0,0.0,E,8
10/03/2010,17:00,404.976,1364.522,207.2,1,8,307.416,1,8,116.235,1,8,24864.0,1,8,29204.531,1,8,12785.797,1,8,125.036,1,8,-9900,?,9,-9900,?,9,15.48,E,8,-3.85,E,8,25.0,E,8,822.9788000000001,E,8,999.0,E,8,2.25,E,8,-9900,?,9,-9900,?,9,0.0,E,8,-9900,?,9,-9900,?,9,0.0,0.0,E,8
10/03/2010,18:00,81.895,1364.522,62.95,1,8,247.674,1,8,49.022,1,8,7554.0,1,8,23529.057,1,8,5392.444,1,8,277.487,1,8,-9900,?,9,-9900,?,9,14.62,E,8,-1.96,E,8,31.0,E,8,822.9788000000001,E,8,999.0,E,8,1.61,E,8,-9900,?,9,-9900,?,9,0.0,E,8,-9900,?,9,-9900,?,9,0.0,0.0,E,8
10/03/2010,19:00,0.0,1364.522,0.0,1,8,0.0,1,8,0.0,1,8,0.0,1,8,0.0,1,8,0.0,1,8,-0.0,1,8,-9900,?,9,-9900,?,9,13.85,E,8,-0.48,E,8,37.0,E,8,822.9788000000001,E,8,999.0,E,8,1.25,E,8,-9900,?,9,-9900,?,9,0.0,E,8,-9900,?,9,-9900,?,9,0.0,0.0,E,8
10/03/2010,20:00,0.0,1364.522,0.0,1,8,0.0,1,8,0.0,1,8,0.0,1,8,0.0,1,8,0.0,1,8,-0.0,1,8,-9900,?,9,-9900,?,9,13.07,E,8,0.99,E,8,43.0,E,8,822.9788000000001,E,8,999.0,E,8,0.55,E,8,-9900,?,9,-9900,?,9,0.0,E,8,-9900,?,9,-9900,?,9,0.0,0.0,E,8
10/03/2010,21:00,0.0,1364.522,0.0,1,8,0.0,1,8,0.0,1,8,0.0,1,8,0.0,1,8,0.0,1,8,-0.0,1,8,-9900,?,9,-9900,?,9,12.3,E,8,2.37,E,8,50.0,E,8,822.9788000000001,E,8,999.0,E,8,0.41,E,8,-9900,?,9,-9900,?,9,0.0,E,8,-9900,?,9,-9900,?,9,0.0,0.0,E,8
10/03/2010,22:00,0.0,1364.522,0.0,1,8,0.0,1,8,0.0,1,8,0.0,1,8,0.0,1,8,0.0,1,8,-0.0,1,8,-9900,?,9,-9900,?,9,11.53,E,8,3.63,E,8,58.0,E,8,822.9788000000001,E,8,999.0,E,8,0.41,E,8,-9900,?,9,-9900,?,9,0.0,E,8,-9900,?,9,-9900,?,9,0.0,0.0,E,8
10/03/2010,23:00,0.0,1364.522,0.0,1,8,0.0,1,8,0.0,1,8,0.0,1,8,0.0,1,8,0.0,1,8,-0.0,1,8,-9900,?,9,-9900,?,9,10.75,E,8,4.81,E,8,66.0,E,8,822.9788000000001,E,8,999.0,E,8,0.41,E,8,-9900,?,9,-9900,?,9,0.0,E,8,-9900,?,9,-9900,?,9,0.0,0.0,E,8
10/03/2010,24:00,0.0,1364.522,0.0,1,8,0.0,1,8,0.0,1,8,0.0,1,8,0.0,1,8,0.0,1,8,-0.0,1,8,-9900,?,9,-9900,?,9,9.98,E,8,5.47,E,8,73.0,E,8,822.9788000000001,E,8,999.0,E,8,0.39,E,8,-9900,?,9,-9900,?,9,0.0,E,8,-9900,?,9,-9900,?,9,0.0,0.0,E,8
10/04/2010,01:00,0.0,1364.522,0.0,1,8,0.0,1,8,0.0,1,8,0.0,1,8,0.0,1,8,0.0,1,8,-0.0,1,8,-9900,?,9,-9900,?,9,9.59,E,8,5.74,E,8,76.0,E,8,822.9788000000001,E,8,999.0,E,8,0.41,E,8,-9900,?,9,-9900,?,9,0.0,E,8,-9900,?,9,-9900,?,9,0.0,0.0,E,8
10/04/2010,02:00,0.0,1364.522,0.0,1,8,0.0,1,8,0.0,1,8,0.0,1,8,0.0,1,8,0.0,1,8,-0.0,1,8,-9900,?,9,-9900,?,9,9.21,E,8,6.01,E,8,80.0,E,8,822.9788000000001,E,8,999.0,E,8,0.39,E,8,-9900,?,9,-9900,?,9,0.0,E,8,-9900,?,9,-9900,?,9,0.0,0.0,E,8
10/04/2010,03:00,0.0,1364.522,0.0,1,8,0.0,1,8,0.0,1,8,0.0,1,8,0.0,1,8,0.0,1,8,-0.0,1,8,-9900,?,9,-9900,?,9,8.82,E,8,6.28,E,8,84.0,E,8,822.9788000000001,E,8,999.0,E,8,0.67,E,8,-9900,?,9,-9900,?,9,0.0,E,8,-9900,?,9,-9900,?,9,0.0,0.0,E,8
10/04/2010,04:00,0.0,1365.326,0.0,1,8,0.0,1,8,0.0,1,8,0.0,1,8,0.0,1,8,0.0,1,8,-0.0,1,8,-9900,?,9,-9900,?,9,8.43,E,8,6.54,E,8,87.0,E,8,822.9788000000001,E,8,999.0,E,8,1.31,E,8,-9900,?,9,-9900,?,9,0.0,E,8,-9900,?,9,-9900,?,9,0.0,0.0,E,8
10/04/2010,05:00,0.0,1365.326,0.0,1,8,0.0,1,8,0.0,1,8,0.0,1,8,0.0,1,8,0.0,1,8,-0.0,1,8,-9900,?,9,-9900,?,9,8.09,E,8,6.77,E,8,91.0,E,8,822.9788000000001,E,8,999.0,E,8,1.09,E,8,-9900,?,9,-9900,?,9,0.0,E,8,-9900,?,9,-9900,?,9,0.0,0.0,E,8
10/04/2010,06:00,7.372,1365.326,0.0,1,8,0.0,1,8,0.0,1,8,0.0,1,8,0.0,1,8,0.0,1,8,-0.0,1,8,-9900,?,9,-9900,?,9,7.84,E,8,6.93,E,8,93.0,E,8,822.9788000000001,E,8,999.0,E,8,1.59,E,8,-9900,?,9,-9900,?,9,0.0,E,8,-9900,?,9,-9900,?,9,0.0,0.0,E,8
10/04/2010,07:00,326.969,1365.326,20.67,1,8,0.0,1,8,20.67,1,8,2480.4,1,8,0.0,1,8,2273.7,1,8,27.603,1,8,-9900,?,9,-9900,?,9,7.58,E,8,7.1,E,8,96.0,E,8,822.9788000000001,E,8,999.0,E,8,0.72,E,8,-9900,?,9,-9900,?,9,0.0,E,8,-9900,?,9,-9900,?,9,0.0,0.0,E,8
10/04/2010,08:00,636.649,1365.326,111.85,1,8,0.0,1,8,111.85,1,8,13422.0,1,8,0.0,1,8,12303.5,1,8,76.433,1,8,-9900,?,9,-9900,?,9,9.4,E,8,5.88,E,8,78.0,E,8,822.9788000000001,E,8,999.0,E,8,0.93,E,8,-9900,?,9,-9900,?,9,0.0,E,8,-9900,?,9,-9900,?,9,0.0,0.0,E,8
10/04/2010,09:00,905.994,1365.326,202.96,1,8,1.448,1,8,202.0,1,8,24355.2,1,8,137.518,1,8,22219.978,1,8,96.934,1,8,-9900,?,9,-9900,?,9,10.65,E,8,4.98,E,8,67.0,E,8,822.9788000000001,E,8,999.0,E,8,1.19,E,8,-9900,?,9,-9900,?,9,0.0,E,8,-9900,?,9,-9900,?,9,0.0,0.0,E,8
10/04/2010,10:00,1116.25,1365.326,279.61,1,8,3.877,1,8,276.441,1,8,33553.2,1,8,368.316,1,8,30408.481,1,8,107.644,1,8,-9900,?,9,-9900,?,9,11.8,E,8,4.1,E,8,59.0,E,8,822.9788000000001,E,8,999.0,E,8,1.21,E,8,-9900,?,9,-9900,?,9,0.0,E,8,-9900,?,9,-9900,?,9,0.0,0.0,E,8
10/04/2010,11:00,1253.004,1365.326,335.36,1,8,6.938,1,8,328.993,1,8,40243.2,1,8,659.127,1,8,36189.225,1,8,114.115,1,8,-9900,?,9,-9900,?,9,12.8,E,8,3.3,E,8,52.0,E,8,822.9788000000001,E,8,999.0,E,8,0.89,E,8,-9900,?,9,-9900,?,9,0.0,E,8,-9900,?,9,-9900,?,9,0.0,0.0,E,8
10/04/2010,12:00,1306.917,1365.326,366.06,1,8,7.448,1,8,358.931,1,8,43927.2,1,8,707.571,1,8,39482.377,1,8,119.36,1,8,-9900,?,9,-9900,?,9,13.6,E,8,2.63,E,8,47.0,E,8,822.9788000000001,E,8,999.0,E,8,0.59,E,8,-9900,?,9,-9900,?,9,0.0,E,8,-9900,?,9,-9900,?,9,0.0,0.0,E,8
10/04/2010,13:00,1274.317,1365.326,369.49,1,8,7.804,1,8,362.207,1,8,44338.8,1,8,741.362,1,8,39842.736,1,8,123.533,1,8,-9900,?,9,-9900,?,9,14.19,E,8,2.12,E,8,43.0,E,8,822.9788000000001,E,8,999.0,E,8,0.62,E,8,-9900,?,9,-9900,?,9,0.0,E,8,-9900,?,9,-9900,?,9,0.0,0.0,E,8
10/04/2010,14:00,1157.444,1365.326,345.42,1,8,7.316,1,8,339.218,1,8,41450.4,1,8,695.043,1,8,37314.027,1,8,127.384,1,8,-9900,?,9,-9900,?,9,14.55,E,8,1.79,E,8,41.0,E,8,822.9788000000001,E,8,999.0,E,8,0.58,E,8,-9900,?,9,-9900,?,9,0.0,E,8,-9900,?,9,-9900,?,9,0.0,0.0,E,8
10/04/2010,15:00,964.303,1365.326,295.58,1,8,7.06,1,8,290.595,1,8,35469.6,1,8,670.685,1,8,31965.476,1,8,131.005,1,8,-9900,?,9,-9900,?,9,14.68,E,8,1.68,E,8,41.0,E,8,822.9788000000001,E,8,999.0,E,8,0.57,E,8,-9900,?,9,-9900,?,9,0.0,E,8,-9900,?,9,-9900,?,9,0.0,0.0,E,8
10/04/2010,16:00,708.141,1365.326,223.64,1,8,6.488,1,8,220.278,1,8,26836.8,1,8,616.338,1,8,24230.55,1,8,135.295,1,8,-9900,?,9,-9900,?,9,14.51,E,8,1.83,E,8,42.0,E,8,822.9788000000001,E,8,999.0,E,8,0.54,E,8,-9900,?,9,-9900,?,9,0.0,E,8,-9900,?,9,-9900,?,9,0.0,0.0,E,8
10/04/2010,17:00,406.69,1365.326,135.37,1,8,44.07,1,8,122.282,1,8,16244.4,1,8,4186.648,1,8,13450.993,1,8,131.061,1,8,-9900,?,9,-9900,?,9,14.01,E,8,2.28,E,8,45.0,E,8,822.9788000000001,E,8,999.0,E,8,0.59,E,8,-9900,?,9,-9900,?,9,0.0,E,8,-9900,?,9,-9900,?,9,0.0,0.0,E,8
10/04/2010,18:00,83.451,1365.326,41.37,1,8,171.075,1,8,31.553,1,8,4964.4,1,8,16252.157,1,8,3470.795,1,8,175.017,1,8,-9900,?,9,-9900,?,9,13.22,E,8,2.95,E,8,49.0,E,8,822.9788000000001,E,8,999.0,E,8,0.43,E,8,-9900,?,9,-9900,?,9,0.0,E,8,-9900,?,9,-9900,?,9,0.0,0.0,E,8
10/04/2010,19:00,0.0,1365.326,0.0,1,8,0.0,1,8,0.0,1,8,0.0,1,8,0.0,1,8,0.0,1,8,-0.0,1,8,-9900,?,9,-9900,?,9,12.73,E,8,3.36,E,8,52.0,E,8,822.9788000000001,E,8,999.0,E,8,0.52,E,8,-9900,?,9,-9900,?,9,0.0,E,8,-9900,?,9,-9900,?,9,0.0,0.0,E,8
10/04/2010,20:00,0.0,1365.326,0.0,1,8,0.0,1,8,0.0,1,8,0.0,1,8,0.0,1,8,0.0,1,8,-0.0,1,8,-9900,?,9,-9900,?,9,12.24,E,8,3.76,E,8,56.0,E,8,822.9788000000001,E,8,999.0,E,8,0.5,E,8,-9900,?,9,-9900,?,9,0.0,E,8,-9900,?,9,-9900,?,9,0.0,0.0,E,8
10/04/2010,21:00,0.0,1365.326,0.0,1,8,0.0,1,8,0.0,1,8,0.0,1,8,0.0,1,8,0.0,1,8,-0.0,1,8,-9900,?,9,-9900,?,9,11.75,E,8,4.14,E,8,59.0,E,8,822.9788000000001,E,8,999.0,E,8,0.39,E,8,-9900,?,9,-9900,?,9,0.0,E,8,-9900,?,9,-9900,?,9,0.0,0.0,E,8
10/04/2010,22:00,0.0,1365.326,0.0,1,8,0.0,1,8,0.0,1,8,0.0,1,8,0.0,1,8,0.0,1,8,-0.0,1,8,-9900,?,9,-9900,?,9,11.26,E,8,4.52,E,8,63.0,E,8,822.9788000000001,E,8,999.0,E,8,0.39,E,8,-9900,?,9,-9900,?,9,0.0,E,8,-9900,?,9,-9900,?,9,0.0,0.0,E,8
10/04/2010,23:00,0.0,1365.326,0.0,1,8,0.0,1,8,0.0,1,8,0.0,1,8,0.0,1,8,0.0,1,8,-0.0,1,8,-9900,?,9,-9900,?,9,10.77,E,8,4.89,E,8,66.0,E,8,822.9788000000001,E,8,999.0,E,8,0.39,E,8,-9900,?,9,-9900,?,9,0.0,E,8,-9900,?,9,-9900,?,9,0.0,0.0,E,8
10/04/2010,24:00,0.0,1365.326,0.0,1,8,0.0,1,8,0.0,1,8,0.0,1,8,0.0,1,8,0.0,1,8,-0.0,1,8,-9900,?,9,-9900,?,9,10.28,E,8,7.75,E,8,84.0,E,8,822.9788000000001,E,8,999.0,E,8,0.7,E,8,-9900,?,9,-9900,?,9,0.0,E,8,-9900,?,9,-9900,?,9,0.0,0.0,E,8
10/05/2010,01:00,0.0,1365.326,0.0,1,8,0.0,1,8,0.0,1,8,0.0,1,8,0.0,1,8,0.0,1,8,-0.0,1,8,-9900,?,9,-9900,?,9,10.04,E,8,7.82,E,8,86.0,E,8,822.9788000000001,E,8,999.0,E,8,0.7,E,8,-9900,?,9,-9900,?,9,0.0,E,8,-9900,?,9,-9900,?,9,0.0,0.0,E,8
10/05/2010,02:00,0.0,1365.326,0.0,1,8,0.0,1,8,0.0,1,8,0.0,1,8,0.0,1,8,0.0,1,8,-0.0,1,8,-9900,?,9,-9900,?,9,9.79,E,8,7.88,E,8,87.0,E,8,822.9788000000001,E,8,999.0,E,8,0.7,E,8,-9900,?,9,-9900,?,9,0.0,E,8,-9900,?,9,-9900,?,9,0.0,0.0,E,8
10/05/2010,03:00,0.0,1365.326,0.0,1,8,0.0,1,8,0.0,1,8,0.0,1,8,0.0,1,8,0.0,1,8,-0.0,1,8,-9900,?,9,-9900,?,9,9.55,E,8,7.94,E,8,89.0,E,8,822.9788000000001,E,8,999.0,E,8,0.7,E,8,-9900,?,9,-9900,?,9,0.0,E,8,-9900,?,9,-9900,?,9,0.0,0.0,E,8
10/05/2010,04:00,0.0,1366.131,0.0,1,8,0.0,1,8,0.0,1,8,0.0,1,8,0.0,1,8,0.0,1,8,-0.0,1,8,-9900,?,9,-9900,?,9,9.3,E,8,8.01,E,8,91.0,E,8,822.9788000000001,E,8,999.0,E,8,0.7,E,8,-9900,?,9,-9900,?,9,0.0,E,8,-9900,?,9,-9900,?,9,0.0,0.0,E,8
10/05/2010,05:00,0.0,1366.131,0.0,1,8,0.0,1,8,0.0,1,8,0.0,1,8,0.0,1,8,0.0,1,8,-0.0,1,8,-9900,?,9,-9900,?,9,9.08,E,8,8.06,E,8,93.0,E,8,822.9788000000001,E,8,999.0,E,8,0.7,E,8,-9900,?,9,-9900,?,9,0.0,E,8,-9900,?,9,-9900,?,9,0.0,0.0,E,8
10/05/2010,06:00,11.635,1366.131,0.0,1,8,0.0,1,8,0.0,1,8,0.0,1,8,0.0,1,8,0.0,1,8,0.0,1,8,-9900,?,9,-9900,?,9,8.92,E,8,8.11,E,8,94.0,E,8,822.9788000000001,E,8,999.0,E,8,0.7,E,8,-9900,?,9,-9900,?,9,0.0,E,8,-9900,?,9,-9900,?,9,0.0,0.0,E,8
10/05/2010,07:00,331.926,1366.131,28.87,1,8,0.0,1,8,28.87,1,8,3464.4,1,8,0.0,1,8,3175.7,1,8,37.995,1,8,-9900,?,9,-9900,?,9,8.76,E,8,8.15,E,8,95.0,E,8,822.9788000000001,E,8,999.0,E,8,0.7,E,8,-9900,?,9,-9900,?,9,0.0,E,8,-9900,?,9,-9900,?,9,0.0,0.0,E,8
10/05/2010,08:00,641.485,1366.131,150.16,1,8,3.69,1,8,148.429,1,8,18019.2,1,8,350.514,1,8,16327.221,1,8,100.722,1,8,-9900,?,9,-9900,?,9,10.98,E,8,7.57,E,8,79.0,E,8,822.9788000000001,E,8,999.0,E,8,0.7,E,8,-9900,?,9,-9900,?,9,0.0,E,8,-9900,?,9,-9900,?,9,0.0,0.0,E,8
10/05/2010,09:00,910.589,1366.131,270.9,1,8,8.458,1,8,265.264,1,8,32508.0,1,8,803.506,1,8,29179.089,1,8,126.724,1,8,-9900,?,9,-9900,?,9,12.47,E,8,7.16,E,8,70.0,E,8,822.9788000000001,E,8,999.0,E,8,0.7,E,8,-9900,?,9,-9900,?,9,0.0,E,8,-9900,?,9,-9900,?,9,0.0,0.0,E,8
10/05/2010,10:00,1120.515,1366.131,372.39,1,8,7.22,1,8,366.469,1,8,44686.8,1,8,685.914,1,8,40311.568,1,8,142.241,1,8,-9900,?,9,-9900,?,9,13.85,E,8,6.78,E,8,62.0,E,8,822.9788000000001,E,8,999.0,E,8,0.7,E,8,-9900,?,9,-9900,?,9,0.0,E,8,-9900,?,9,-9900,?,9,0.0,0.0,E,8
10/05/2010,11:00,1256.875,1366.131,446.15,1,8,12.753,1,8,434.417,1,8,53538.0,1,8,1211.552,1,8,47785.912,1,8,150.308,1,8,-9900,?,9,-9900,?,9,15.04,E,8,6.45,E,8,56.0,E,8,822.9788000000001,E,8,999.0,E,8,0.7,E,8,-9900,?,9,-9900,?,9,0.0,E,8,-9900,?,9,-9900,?,9,0.0,0.0,E,8
10/05/2010,12:00,1310.354,1366.131,486.66,1,8,14.342,1,8,472.904,1,8,58399.2,1,8,1362.444,1,8,52019.481,1,8,156.942,1,8,-9900,?,9,-9900,?,9,16.0,E,8,6.17,E,8,52.0,E,8,822.9788000000001,E,8,999.0,E,8,0.7,E,8,-9900,?,9,-9900,?,9,0.0,E,8,-9900,?,9,-9900,?,9,0.0,0.0,E,8
10/05/2010,13:00,1277.313,1366.131,491.03,1,8,16.484,1,8,475.618,1,8,58923.6,1,8,1565.983,1,8,52318.014,1,8,161.928,1,8,-9900,?,9,-9900,?,9,16.7,E,8,5.96,E,8,49.0,E,8,822.9788000000001,E,8,999.0,E,8,0.7,E,8,-9900,?,9,-9900,?,9,0.0,E,8,-9900,?,9,-9900,?,9,0.0,0.0,E,8
10/05/2010,14:00,1160.023,1366.131,458.93,1,8,12.948,1,8,447.937,1,8,55071.6,1,8,1230.056,1,8,49273.042,1,8,167.935,1,8,-9900,?,9,-9900,?,9,17.13,E,8,5.84,E,8,47.0,E,8,822.9788000000001,E,8,999.0,E,8,0.7,E,8,-9900,?,9,-9900,?,9,0.0,E,8,-9900,?,9,-9900,?,9,0.0,0.0,E,8
10/05/2010,15:00,966.515,1366.131,392.7,1,8,78.682,1,8,337.05,1,8,47124.0,1,8,7474.834,1,8,37075.476,1,8,151.689,1,8,-9900,?,9,-9900,?,9,17.28,E,8,5.79,E,8,46.0,E,8,822.9788000000001,E,8,999.0,E,8,0.7,E,8,-9900,?,9,-9900,?,9,0.0,E,8,-9900,?,9,-9900,?,9,0.0,0.0,E,8
10/05/2010,16:00,710.061,1366.131,297.19,1,8,91.08,1,8,249.888,1,8,35662.8,1,8,8652.617,1,8,27487.626,1,8,153.156,1,8,-9900,?,9,-9900,?,9,17.08,E,8,5.85,E,8,47.0,E,8,822.9788000000001,E,8,999.0,E,8,0.7,E,8,-9900,?,9,-9900,?,9,0.0,E,8,-9900,?,9,-9900,?,9,0.0,0.0,E,8
10/05/2010,17:00,408.414,1366.131,180.08,1,8,192.47,1,8,122.709,1,8,21609.6,1,8,18284.65,1,8,13497.978,1,8,131.038,1,8,-9900,?,9,-9900,?,9,16.47,E,8,6.03,E,8,50.0,E,8,822.9788000000001,E,8,999.0,E,8,0.7,E,8,-9900,?,9,-9900,?,9,0.0,E,8,-9900,?,9,-9900,?,9,0.0,0.0,E,8
10/05/2010,18:00,85.033,1366.131,55.37,1,8,279.358,1,8,39.012,1,8,6644.4,1,8,26539.012,1,8,4291.321,1,8,212.07,1,8,-9900,?,9,-9900,?,9,15.53,E,8,6.31,E,8,54.0,E,8,822.9788000000001,E,8,999.0,E,8,0.7,E,8,-9900,?,9,-9900,?,9,0.0,E,8,-9900,?,9,-9900,?,9,0.0,0.0,E,8
10/05/2010,19:00,0.0,1366.131,0.0,1,8,0.0,1,8,0.0,1,8,0.0,1,8,0.0,1,8,0.0,1,8,-0.0,1,8,-9900,?,9,-9900,?,9,14.77,E,8,6.52,E,8,57.0,E,8,822.9788000000001,E,8,999.0,E,8,0.7,E,8,-9900,?,9,-9900,?,9,0.0,E,8,-9900,?,9,-9900,?,9,0.0,0.0,E,8
10/05/2010,20:00,0.0,1366.131,0.0,1,8,0.0,1,8,0.0,1,8,0.0,1,8,0.0,1,8,0.0,1,8,-0.0,1,8,-9900,?,9,-9900,?,9,14.01,E,8,6.74,E,8,61.0,E,8,822.9788000000001,E,8,999.0,E,8,0.7,E,8,-9900,?,9,-9900,?,9,0.0,E,8,-9900,?,9,-9900,?,9,0.0,0.0,E,8
10/05/2010,21:00,0.0,1366.131,0.0,1,8,0.0,1,8,0.0,1,8,0.0,1,8,0.0,1,8,0.0,1,8,-0.0,1,8,-9900,?,9,-9900,?,9,13.26,E,8,6.95,E,8,65.0,E,8,822.9788000000001,E,8,999.0,E,8,0.7,E,8,-9900,?,9,-9900,?,9,0.0,E,8,-9900,?,9,-9900,?,9,0.0,0.0,E,8
10/05/2010,22:00,0.0,1366.131,0.0,1,8,0.0,1,8,0.0,1,8,0.0,1,8,0.0,1,8,0.0,1,8,-0.0,1,8,-9900,?,9,-9900,?,9,12.5,E,8,7.16,E,8,69.0,E,8,822.9788000000001,E,8,999.0,E,8,0.7,E,8,-9900,?,9,-9900,?,9,0.0,E,8,-9900,?,9,-9900,?,9,0.0,0.0,E,8
10/05/2010,23:00,0.0,1366.131,0.0,1,8,0.0,1,8,0.0,1,8,0.0,1,8,0.0,1,8,0.0,1,8,-0.0,1,8,-9900,?,9,-9900,?,9,11.74,E,8,7.36,E,8,74.0,E,8,822.9788000000001,E,8,999.0,E,8,0.7,E,8,-9900,?,9,-9900,?,9,0.0,E,8,-9900,?,9,-9900,?,9,0.0,0.0,E,8
10/05/2010,24:00,0.0,1366.131,0.0,1,8,0.0,1,8,0.0,1,8,0.0,1,8,0.0,1,8,0.0,1,8,-0.0,1,8,-9900,?,9,-9900,?,9,10.98,E,8,7.56,E,8,79.0,E,8,822.9788000000001,E,8,999.0,E,8,0.7,E,8,-9900,?,9,-9900,?,9,0.0,E,8,-9900,?,9,-9900,?,9,0.0,0.0,E,8
10/06/2010,01:00,0.0,1366.131,0.0,1,8,0.0,1,8,0.0,1,8,0.0,1,8,0.0,1,8,0.0,1,8,-0.0,1,8,-9900,?,9,-9900,?,9,10.61,E,8,7.61,E,8,81.0,E,8,822.9788000000001,E,8,999.0,E,8,0.7,E,8,-9900,?,9,-9900,?,9,0.0,E,8,-9900,?,9,-9900,?,9,0.0,0.0,E,8
10/06/2010,02:00,0.0,1366.131,0.0,1,8,0.0,1,8,0.0,1,8,0.0,1,8,0.0,1,8,0.0,1,8,-0.0,1,8,-9900,?,9,-9900,?,9,10.23,E,8,7.66,E,8,84.0,E,8,822.9788000000001,E,8,999.0,E,8,0.7,E,8,-9900,?,9,-9900,?,9,0.0,E,8,-9900,?,9,-9900,?,9,0.0,0.0,E,8
10/06/2010,03:00,0.0,1366.131,0.0,1,8,0.0,1,8,0.0,1,8,0.0,1,8,0.0,1,8,0.0,1,8,-0.0,1,8,-9900,?,9,-9900,?,9,9.85,E,8,7.72,E,8,86.0,E,8,822.9788000000001,E,8,999.0,E,8,0.7,E,8,-9900,?,9,-9900,?,9,0.0,E,8,-9900,?,9,-9900,?,9,0.0,0.0,E,8
10/06/2010,04:00,0.0,1366.936,0.0,1,8,0.0,1,8,0.0,1,8,0.0,1,8,0.0,1,8,0.0,1,8,-0.0,1,8,-9900,?,9,-9900,?,9,9.47,E,8,7.77,E,8,89.0,E,8,822.9788000000001,E,8,999.0,E,8,0.7,E,8,-9900,?,9,-9900,?,9,0.0,E,8,-9900,?,9,-9900,?,9,0.0,0.0,E,8
10/06/2010,05:00,0.0,1366.936,0.0,1,8,0.0,1,8,0.0,1,8,0.0,1,8,0.0,1,8,0.0,1,8,-0.0,1,8,-9900,?,9,-9900,?,9,9.13,E,8,7.81,E,8,91.0,E,8,822.9788000000001,E,8,999.0,E,8,0.7,E,8,-9900,?,9,-9900,?,9,0.0,E,8,-9900,?,9,-9900,?,9,0.0,0.0,E,8
10/06/2010,06:00,15.917,1366.936,0.0,1,8,0.0,1,8,0.0,1,8,0.0,1,8,0.0,1,8,0.0,1,8,0.0,1,8,-9900,?,9,-9900,?,9,8.88,E,8,7.85,E,8,93.0,E,8,822.9788000000001,E,8,999.0,E,8,0.7,E,8,-9900,?,9,-9900,?,9,0.0,E,8,-9900,?,9,-9900,?,9,0.0,0.0,E,8
10/06/2010,07:00,336.832,1366.936,27.49,1,8,0.0,1,8,27.49,1,8,3298.8,1,8,0.0,1,8,3023.9,1,8,35.668,1,8,-9900,?,9,-9900,?,9,8.63,E,8,7.88,E,8,95.0,E,8,822.9788000000001,E,8,999.0,E,8,0.7,E,8,-9900,?,9,-9900,?,9,0.0,E,8,-9900,?,9,-9900,?,9,0.0,0.0,E,8
10/06/2010,08:00,646.256,1366.936,136.15,1,8,2.523,1,8,134.958,1,8,16338.0,1,8,239.68,1,8,14845.426,1,8,90.957,1,8,-9900,?,9,-9900,?,9,11.02,E,8,7.56,E,8,79.0,E,8,822.9788000000001,E,8,999.0,E,8,0.7,E,8,-9900,?,9,-9900,?,9,0.0,E,8,-9900,?,9,-9900,?,9,0.0,0.0,E,8
10/06/2010,09:00,915.114,1366.936,246.97,1,8,6.251,1,8,242.787,1,8,29636.4,1,8,593.802,1,8,26706.57,1,8,115.48,1,8,-9900,?,9,-9900,?,9,12.63,E,8,7.34,E,8,70.0,E,8,822.9788000000001,E,8,999.0,E,8,0.7,E,8,-9900,?,9,-9900,?,9,0.0,E,8,-9900,?,9,-9900,?,9,0.0,0.0,E,8
10/06/2010,10:00,1124.707,1366.936,338.79,1,8,5.497,1,8,334.268,1,8,40654.8,1,8,522.2,1,8,36769.465,1,8,129.335,1,8,-9900,?,9,-9900,?,9,14.1,E,8,7.13,E,8,62.0,E,8,822.9788000000001,E,8,999.0,E,8,0.7,E,8,-9900,?,9,-9900,?,9,0.0,E,8,-9900,?,9,-9900,?,9,0.0,0.0,E,8
10/06/2010,11:00,1260.673,1366.936,405.43,1,8,9.658,1,8,396.523,1,8,48651.6,1,8,917.544,1,8,43617.521,1,8,136.863,1,8,-9900,?,9,-9900,?,9,15.38,E,8,6.95,E,8,57.0,E,8,822.9788000000001,E,8,999.0,E,8,0.7,E,8,-9900,?,9,-9900,?,9,0.0,E,8,-9900,?,9,-9900,?,9,0.0,0.0,E,8
10/06/2010,12:00,1313.727,1366.936,441.96,1,8,10.651,1,8,431.724,1,8,53035.2,1,8,1011.858,1,8,47489.609,1,8,142.991,1,8,-9900,?,9,-9900,?,9,16.4,E,8,6.81,E,8,53.0,E,8,822.9788000000001,E,8,999.0,E,8,0.7,E,8,-9900,?,9,-9900,?,9,0.0,E,8,-9900,?,9,-9900,?,9,0.0,0.0,E,8
10/06/2010,13:00,1280.256,1366.936,445.75,1,8,11.894,1,8,434.61,1,8,53490.0,1,8,1129.952,1,8,47807.152,1,8,147.713,1,8,-9900,?,9,-9900,?,9,17.15,E,8,6.7,E,8,50.0,E,8,822.9788000000001,E,8,999.0,E,8,0.7,E,8,-9900,?,9,-9900,?,9,0.0,E,8,-9900,?,9,-9900,?,9,0.0,0.0,E,8
10/06/2010,14:00,1162.561,1366.936,416.53,1,8,9.032,1,8,408.849,1,8,49983.6,1,8,858.053,1,8,44973.407,1,8,153.036,1,8,-9900,?,9,-9900,?,9,17.61,E,8,6.63,E,8,48.0,E,8,822.9788000000001,E,8,999.0,E,8,0.7,E,8,-9900,?,9,-9900,?,9,0.0,E,8,-9900,?,9,-9900,?,9,0.0,0.0,E,8
10/06/2010,15:00,968.702,1366.936,356.4,1,8,13.581,1,8,346.778,1,8,42768.0,1,8,1290.219,1,8,38145.604,1,8,155.807,1,8,-9900,?,9,-9900,?,9,17.77,E,8,6.61,E,8,47.0,E,8,822.9788000000001,E,8,999.0,E,8,0.7,E,8,-9900,?,9,-9900,?,9,0.0,E,8,-9900,?,9,-9900,?,9,0.0,0.0,E,8
10/06/2010,16:00,711.976,1366.936,269.79,1,8,60.081,1,8,238.521,1,8,32374.8,1,8,5707.689,1,8,26237.327,1,8,145.882,1,8,-9900,?,9,-9900,?,9,17.55,E,8,6.64,E,8,48.0,E,8,822.9788000000001,E,8,999.0,E,8,0.7,E,8,-9900,?,9,-9900,?,9,0.0,E,8,-9900,?,9,-9900,?,9,0.0,0.0,E,8
10/06/2010,17:00,410.149,1366.936,163.66,1,8,129.024,1,8,125.059,1,8,19639.2,1,8,12257.241,1,8,13756.531,1,8,133.058,1,8,-9900,?,9,-9900,?,9,16.9,E,8,6.73,E,8,51.0,E,8,822.9788000000001,E,8,999.0,E,8,0.7,E,8,-9900,?,9,-9900,?,9,0.0,E,8,-9900,?,9,-9900,?,9,0.0,0.0,E,8
10/06/2010,18:00,86.643,1366.936,50.63,1,8,267.156,1,8,34.669,1,8,6075.6,1,8,25379.858,1,8,3813.595,1,8,184.714,1,8,-9900,?,9,-9900,?,9,15.89,E,8,6.88,E,8,55.0,E,8,822.9788000000001,E,8,999.0,E,8,0.7,E,8,-9900,?,9,-9900,?,9,0.0,E,8,-9900,?,9,-9900,?,9,0.0,0.0,E,8
10/06/2010,19:00,0.0,1366.936,0.0,1,8,0.0,1,8,0.0,1,8,0.0,1,8,0.0,1,8,0.0,1,8,-0.0,1,8,-9900,?,9,-9900,?,9,15.05,E,8,7.0,E,8,58.0,E,8,822.9788000000001,E,8,999.0,E,8,0.7,E,8,-9900,?,9,-9900,?,9,0.0,E,8,-9900,?,9,-9900,?,9,0.0,0.0,E,8
10/06/2010,20:00,0.0,1366.936,0.0,1,8,0.0,1,8,0.0,1,8,0.0,1,8,0.0,1,8,0.0,1,8,-0.0,1,8,-9900,?,9,-9900,?,9,14.22,E,8,7.11,E,8,62.0,E,8,822.9788000000001,E,8,999.0,E,8,0.7,E,8,-9900,?,9,-9900,?,9,0.0,E,8,-9900,?,9,-9900,?,9,0.0,0.0,E,8
10/06/2010,21:00,0.0,1366.936,0.0,1,8,0.0,1,8,0.0,1,8,0.0,1,8,0.0,1,8,0.0,1,8,-0.0,1,8,-9900,?,9,-9900,?,9,13.38,E,8,7.23,E,8,66.0,E,8,822.9788000000001,E,8,999.0,E,8,0.7,E,8,-9900,?,9,-9900,?,9,0.0,E,8,-9900,?,9,-9900,?,9,0.0,0.0,E,8
10/06/2010,22:00,0.0,1366.936,0.0,1,8,0.0,1,8,0.0,1,8,0.0,1,8,0.0,1,8,0.0,1,8,-0.0,1,8,-9900,?,9,-9900,?,9,12.55,E,8,7.35,E,8,70.0,E,8,822.9788000000001,E,8,999.0,E,8,0.7,E,8,-9900,?,9,-9900,?,9,0.0,E,8,-9900,?,9,-9900,?,9,0.0,0.0,E,8
10/06/2010,23:00,0.0,1366.936,0.0,1,8,0.0,1,8,0.0,1,8,0.0,1,8,0.0,1,8,0.0,1,8,-0.0,1,8,-9900,?,9,-9900,?,9,11.71,E,8,7.46,E,8,75.0,E,8,822.9788000000001,E,8,999.0,E,8,0.7,E,8,-9900,?,9,-9900,?,9,0.0,E,8,-9900,?,9,-9900,?,9,0.0,0.0,E,8
10/06/2010,24:00,0.0,1366.936,0.0,1,8,0.0,1,8,0.0,1,8,0.0,1,8,0.0,1,8,0.0,1,8,-0.0,1,8,-9900,?,9,-9900,?,9,10.88,E,8,3.82,E,8,61.0,E,8,822.9788000000001,E,8,999.0,E,8,0.68,E,8,-9900,?,9,-9900,?,9,0.0,E,8,-9900,?,9,-9900,?,9,0.0,0.0,E,8
10/07/2010,01:00,0.0,1366.936,0.0,1,8,0.0,1,8,0.0,1,8,0.0,1,8,0.0,1,8,0.0,1,8,-0.0,1,8,-9900,?,9,-9900,?,9,10.46,E,8,4.41,E,8,66.0,E,8,822.9788000000001,E,8,999.0,E,8,0.68,E,8,-9900,?,9,-9900,?,9,0.0,E,8,-9900,?,9,-9900,?,9,0.0,0.0,E,8
10/07/2010,02:00,0.0,1366.936,0.0,1,8,0.0,1,8,0.0,1,8,0.0,1,8,0.0,1,8,0.0,1,8,-0.0,1,8,-9900,?,9,-9900,?,9,10.04,E,8,4.99,E,8,70.0,E,8,822.9788000000001,E,8,999.0,E,8,0.68,E,8,-9900,?,9,-9900,?,9,0.0,E,8,-9900,?,9,-9900,?,9,0.0,0.0,E,8
10/07/2010,03:00,0.0,1366.936,0.0,1,8,0.0,1,8,0.0,1,8,0.0,1,8,0.0,1,8,0.0,1,8,-0.0,1,8,-9900,?,9,-9900,?,9,9.62,E,8,5.55,E,8,75.0,E,8,822.9788000000001,E,8,999.0,E,8,0.68,E,8,-9900,?,9,-9900,?,9,0.0,E,8,-9900,?,9,-9900,?,9,0.0,0.0,E,8
10/07/2010,04:00,0.0,1367.743,0.0,1,8,0.0,1,8,0.0,1,8,0.0,1,8,0.0,1,8,0.0,1,8,-0.0,1,8,-9900,?,9,-9900,?,9,9.21,E,8,6.07,E,8,80.0,E,8,822.9788000000001,E,8,999.0,E,8,0.68,E,8,-9900,?,9,-9900,?,9,0.0,E,8,-9900,?,9,-9900,?,9,0.0,0.0,E,8
10/07/2010,05:00,0.0,1367.743,0.0,1,8,0.0,1,8,0.0,1,8,0.0,1,8,0.0,1,8,0.0,1,8,-0.0,1,8,-9900,?,9,-9900,?,9,8.83,E,8,6.55,E,8,85.0,E,8,822.9788000000001,E,8,999.0,E,8,0.68,E,8,-9900,?,9,-9900,?,9,0.0,E,8,-9900,?,9,-9900,?,9,0.0,0.0,E,8
10/07/2010,06:00,20.215,1367.743,0.0,1,8,0.0,1,8,0.0,1,8,0.0,1,8,0.0,1,8,0.0,1,8,0.0,1,8,-9900,?,9,-9900,?,9,8.56,E,8,6.87,E,8,89.0,E,8,822.9788000000001,E,8,999.0,E,8,0.68,E,8,-9900,?,9,-9900,?,9,0.0,E,8,-9900,?,9,-9900,?,9,0.0,0.0,E,8
10/07/2010,07:00,341.683,1367.743,43.33,1,8,0.0,1,8,43.33,1,8,5199.6,1,8,0.0,1,8,4766.3,1,8,55.449,1,8,-9900,?,9,-9900,?,9,8.28,E,8,7.2,E,8,92.0,E,8,822.9788000000001,E,8,999.0,E,8,0.68,E,8,-9900,?,9,-9900,?,9,0.0,E,8,-9900,?,9,-9900,?,9,0.0,0.0,E,8
10/07/2010,08:00,650.961,1367.743,209.41,1,8,26.203,1,8,196.951,1,8,25129.2,1,8,2489.313,1,8,21664.642,1,8,131.854,1,8,-9900,?,9,-9900,?,9,10.89,E,8,3.8,E,8,61.0,E,8,822.9788000000001,E,8,999.0,E,8,0.68,E,8,-9900,?,9,-9900,?,9,0.0,E,8,-9900,?,9,-9900,?,9,0.0,0.0,E,8
10/07/2010,09:00,919.565,1367.743,373.61,1,8,59.927,1,8,333.334,1,8,44833.2,1,8,5693.1,1,8,36666.717,1,8,157.872,1,8,-9900,?,9,-9900,?,9,12.6,E,8,1.09,E,8,45.0,E,8,822.9788000000001,E,8,999.0,E,8,0.68,E,8,-9900,?,9,-9900,?,9,0.0,E,8,-9900,?,9,-9900,?,9,0.0,0.0,E,8
10/07/2010,10:00,1128.824,1367.743,511.43,1,8,91.718,1,8,435.744,1,8,61371.6,1,8,8713.205,1,8,47931.826,1,8,168.081,1,8,-9900,?,9,-9900,?,9,14.16,E,8,-1.67,E,8,32.0,E,8,822.9788000000001,E,8,999.0,E,8,0.68,E,8,-9900,?,9,-9900,?,9,0.0,E,8,-9900,?,9,-9900,?,9,0.0,0.0,E,8
10/07/2010,11:00,1264.399,1367.743,611.38,1,8,6.926,1,8,604.978,1,8,73365.6,1,8,657.959,1,8,66547.552,1,8,208.32,1,8,-9900,?,9,-9900,?,9,15.51,E,8,-4.47,E,8,23.0,E,8,822.9788000000001,E,8,999.0,E,8,0.68,E,8,-9900,?,9,-9900,?,9,0.0,E,8,-9900,?,9,-9900,?,9,0.0,0.0,E,8
10/07/2010,12:00,1317.034,1367.743,666.05,1,8,8.023,1,8,658.324,1,8,79926.0,1,8,762.218,1,8,72415.673,1,8,217.624,1,8,-9900,?,9,-9900,?,9,16.6,E,8,-7.28,E,8,17.0,E,8,822.9788000000001,E,8,999.0,E,8,0.81,E,8,-9900,?,9,-9900,?,9,0.0,E,8,-9900,?,9,-9900,?,9,0.0,0.0,E,8
10/07/2010,13:00,1283.143,1367.743,671.49,1,8,9.455,1,8,662.62,1,8,80578.8,1,8,898.223,1,8,72888.221,1,8,224.834,1,8,-9900,?,9,-9900,?,9,17.39,E,8,-9.82,E,8,13.0,E,8,822.9788000000001,E,8,999.0,E,8,0.68,E,8,-9900,?,9,-9900,?,9,0.0,E,8,-9900,?,9,-9900,?,9,0.0,0.0,E,8
10/07/2010,14:00,1165.058,1367.743,627.34,1,8,179.464,1,8,474.487,1,8,75280.8,1,8,17049.109,1,8,52193.608,1,8,177.329,1,8,-9900,?,9,-9900,?,9,17.88,E,8,-11.7,E,8,10.0,E,8,822.9788000000001,E,8,999.0,E,8,1.13,E,8,-9900,?,9,-9900,?,9,0.0,E,8,-9900,?,9,-9900,?,9,0.0,0.0,E,8
10/07/2010,15:00,970.866,1367.743,536.77,1,8,213.013,1,8,385.61,1,8,64412.4,1,8,20236.251,1,8,42417.15,1,8,172.97,1,8,-9900,?,9,-9900,?,9,18.04,E,8,-12.38,E,8,10.0,E,8,822.9788000000001,E,8,999.0,E,8,0.73,E,8,-9900,?,9,-9900,?,9,0.0,E,8,-9900,?,9,-9900,?,9,0.0,0.0,E,8
10/07/2010,16:00,713.884,1367.743,406.44,1,8,289.138,1,8,255.644,1,8,48772.8,1,8,27468.13,1,8,28120.877,1,8,156.028,1,8,-9900,?,9,-9900,?,9,17.81,E,8,-11.41,E,8,11.0,E,8,822.9788000000001,E,8,999.0,E,8,0.68,E,8,-9900,?,9,-9900,?,9,0.0,E,8,-9900,?,9,-9900,?,9,0.0,0.0,E,8
10/07/2010,17:00,411.896,1367.743,246.81,1,8,388.954,1,8,130.015,1,8,29617.2,1,8,36950.625,1,8,14301.691,1,8,137.822,1,8,-9900,?,9,-9900,?,9,17.11,E,8,-8.86,E,8,14.0,E,8,822.9788000000001,E,8,999.0,E,8,0.68,E,8,-9900,?,9,-9900,?,9,0.0,E,8,-9900,?,9,-9900,?,9,0.0,0.0,E,8
10/07/2010,18:00,88.282,1367.743,76.82,1,8,286.023,1,8,59.387,1,8,9218.4,1,8,27172.17,1,8,6532.529,1,8,310.14,1,8,-9900,?,9,-9900,?,9,16.03,E,8,-5.73,E,8,20.0,E,8,822.9788000000001,E,8,999.0,E,8,0.68,E,8,-9900,?,9,-9900,?,9,0.0,E,8,-9900,?,9,-9900,?,9,0.0,0.0,E,8
10/07/2010,19:00,0.0,1367.743,0.0,1,8,0.0,1,8,0.0,1,8,0.0,1,8,0.0,1,8,0.0,1,8,-0.0,1,8,-9900,?,9,-9900,?,9,15.38,E,8,-4.17,E,8,24.0,E,8,822.9788000000001,E,8,999.0,E,8,0.68,E,8,-9900,?,9,-9900,?,9,0.0,E,8,-9900,?,9,-9900,?,9,0.0,0.0,E,8
10/07/2010,20:00,0.0,1367.743,0.0,1,8,0.0,1,8,0.0,1,8,0.0,1,8,0.0,1,8,0.0,1,8,-0.0,1,8,-9900,?,9,-9900,?,9,14.72,E,8,-2.75,E,8,29.0,E,8,822.9788000000001,E,8,999.0,E,8,0.68,E,8,-9900,?,9,-9900,?,9,0.0,E,8,-9900,?,9,-9900,?,9,0.0,0.0,E,8
10/07/2010,21:00,0.0,1367.743,0.0,1,8,0.0,1,8,0.0,1,8,0.0,1,8,0.0,1,8,0.0,1,8,-0.0,1,8,-9900,?,9,-9900,?,9,14.07,E,8,-1.5,E,8,33.0,E,8,822.9788000000001,E,8,999.0,E,8,0.68,E,8,-9900,?,9,-9900,?,9,0.0,E,8,-9900,?,9,-9900,?,9,0.0,0.0,E,8
10/07/2010,22:00,0.0,1367.743,0.0,1,8,0.0,1,8,0.0,1,8,0.0,1,8,0.0,1,8,0.0,1,8,-0.0,1,8,-9900,?,9,-9900,?,9,13.41,E,8,-0.34,E,8,38.0,E,8,822.9788000000001,E,8,999.0,E,8,0.68,E,8,-9900,?,9,-9900,?,9,0.0,E,8,-9900,?,9,-9900,?,9,0.0,0.0,E,8
10/07/2010,23:00,0.0,1367.743,0.0,1,8,0.0,1,8,0.0,1,8,0.0,1,8,0.0,1,8,0.0,1,8,-0.0,1,8,-9900,?,9,-9900,?,9,12.76,E,8,0.81,E,8,43.0,E,8,822.9788000000001,E,8,999.0,E,8,0.68,E,8,-9900,?,9,-9900,?,9,0.0,E,8,-9900,?,9,-9900,?,9,0.0,0.0,E,8
10/07/2010,24:00,0.0,1367.743,0.0,1,8,0.0,1,8,0.0,1,8,0.0,1,8,0.0,1,8,0.0,1,8,-0.0,1,8,-9900,?,9,-9900,?,9,12.1,E,8,9.05,E,8,81.0,E,8,822.9788000000001,E,8,999.0,E,8,0.58,E,8,-9900,?,9,-9900,?,9,0.0,E,8,-9900,?,9,-9900,?,9,0.0,0.0,E,8
10/08/2010,01:00,0.0,1367.743,0.0,1,8,0.0,1,8,0.0,1,8,0.0,1,8,0.0,1,8,0.0,1,8,-0.0,1,8,-9900,?,9,-9900,?,9,11.77,E,8,9.12,E,8,83.0,E,8,822.9788000000001,E,8,999.0,E,8,0.58,E,8,-9900,?,9,-9900,?,9,0.0,E,8,-9900,?,9,-9900,?,9,0.0,0.0,E,8
10/08/2010,02:00,0.0,1367.743,0.0,1,8,0.0,1,8,0.0,1,8,0.0,1,8,0.0,1,8,0.0,1,8,-0.0,1,8,-9900,?,9,-9900,?,9,11.45,E,8,9.18,E,8,85.0,E,8,822.9788000000001,E,8,999.0,E,8,0.58,E,8,-9900,?,9,-9900,?,9,0.0,E,8,-9900,?,9,-9900,?,9,0.0,0.0,E,8
10/08/2010,03:00,0.0,1367.743,0.0,1,8,0.0,1,8,0.0,1,8,0.0,1,8,0.0,1,8,0.0,1,8,-0.0,1,8,-9900,?,9,-9900,?,9,11.12,E,8,9.25,E,8,88.0,E,8,822.9788000000001,E,8,999.0,E,8,0.58,E,8,-9900,?,9,-9900,?,9,0.0,E,8,-9900,?,9,-9900,?,9,0.0,0.0,E,8
10/08/2010,04:00,0.0,1368.55,0.0,1,8,0.0,1,8,0.0,1,8,0.0,1,8,0.0,1,8,0.0,1,8,-0.0,1,8,-9900,?,9,-9900,?,9,10.79,E,8,9.31,E,8,90.0,E,8,822.9788000000001,E,8,999.0,E,8,0.58,E,8,-9900,?,9,-9900,?,9,0.0,E,8,-9900,?,9,-9900,?,9,0.0,0.0,E,8
10/08/2010,05:00,0.0,1368.55,0.0,1,8,0.0,1,8,0.0,1,8,0.0,1,8,0.0,1,8,0.0,1,8,-0.0,1,8,-9900,?,9,-9900,?,9,10.5,E,8,9.37,E,8,92.0,E,8,822.9788000000001,E,8,999.0,E,8,0.58,E,8,-9900,?,9,-9900,?,9,0.0,E,8,-9900,?,9,-9900,?,9,0.0,0.0,E,8
10/08/2010,06:00,24.522,1368.55,0.0,1,8,0.0,1,8,0.0,1,8,0.0,1,8,0.0,1,8,0.0,1,8,0.0,1,8,-9900,?,9,-9900,?,9,10.28,E,8,9.41,E,8,94.0,E,8,822.9788000000001,E,8,999.0,E,8,0.79,E,8,-9900,?,9,-9900,?,9,0.0,E,8,-9900,?,9,-9900,?,9,0.0,0.0,E,8
10/08/2010,07:00,346.477,1368.55,28.98,1,8,0.0,1,8,28.98,1,8,3477.6,1,8,0.0,1,8,3187.8,1,8,36.589,1,8,-9900,?,9,-9900,?,9,10.07,E,8,9.45,E,8,95.0,E,8,822.9788000000001,E,8,999.0,E,8,0.8,E,8,-9900,?,9,-9900,?,9,0.0,E,8,-9900,?,9,-9900,?,9,0.0,0.0,E,8
10/08/2010,08:00,655.598,1368.55,179.73,1,8,11.595,1,8,174.181,1,8,21567.6,1,8,1101.528,1,8,19159.899,1,8,115.851,1,8,-9900,?,9,-9900,?,9,12.89,E,8,8.89,E,8,76.0,E,8,822.9788000000001,E,8,999.0,E,8,0.76,E,8,-9900,?,9,-9900,?,9,0.0,E,8,-9900,?,9,-9900,?,9,0.0,0.0,E,8
10/08/2010,09:00,923.942,1368.55,280.28,1,8,25.485,1,8,263.08,1,8,33633.6,1,8,2421.099,1,8,28938.834,1,8,124.081,1,8,-9900,?,9,-9900,?,9,14.48,E,8,8.57,E,8,67.0,E,8,822.9788000000001,E,8,999.0,E,8,0.58,E,8,-9900,?,9,-9900,?,9,0.0,E,8,-9900,?,9,-9900,?,9,0.0,0.0,E,8
10/08/2010,10:00,1132.864,1368.55,354.18,1,8,6.045,1,8,349.176,1,8,42501.6,1,8,574.31,1,8,38409.405,1,8,134.288,1,8,-9900,?,9,-9900,?,9,15.77,E,8,8.31,E,8,61.0,E,8,822.9788000000001,E,8,999.0,E,8,0.58,E,8,-9900,?,9,-9900,?,9,0.0,E,8,-9900,?,9,-9900,?,9,0.0,0.0,E,8
10/08/2010,11:00,1268.052,1368.55,327.71,1,8,6.72,1,8,321.484,1,8,39325.2,1,8,638.394,1,8,35363.221,1,8,110.447,1,8,-9900,?,9,-9900,?,9,16.41,E,8,8.17,E,8,58.0,E,8,822.9788000000001,E,8,999.0,E,8,0.61,E,8,-9900,?,9,-9900,?,9,0.0,E,8,-9900,?,9,-9900,?,9,0.0,0.0,E,8
10/08/2010,12:00,1320.274,1368.55,301.79,1,8,6.327,1,8,295.686,1,8,36214.8,1,8,601.109,1,8,32525.445,1,8,97.563,1,8,-9900,?,9,-9900,?,9,16.71,E,8,8.11,E,8,56.0,E,8,822.9788000000001,E,8,999.0,E,8,1.03,E,8,-9900,?,9,-9900,?,9,0.0,E,8,-9900,?,9,-9900,?,9,0.0,0.0,E,8
10/08/2010,13:00,1285.976,1368.55,259.24,1,8,3.987,1,8,255.494,1,8,31108.8,1,8,378.762,1,8,28104.311,1,8,86.552,1,8,-9900,?,9,-9900,?,9,16.77,E,8,8.1,E,8,56.0,E,8,822.9788000000001,E,8,999.0,E,8,0.7,E,8,-9900,?,9,-9900,?,9,0.0,E,8,-9900,?,9,-9900,?,9,0.0,0.0,E,8
10/08/2010,14:00,1167.516,1368.55,347.47,1,8,9.712,1,8,339.185,1,8,41696.4,1,8,922.681,1,8,37310.371,1,8,126.57,1,8,-9900,?,9,-9900,?,9,17.1,E,8,8.03,E,8,55.0,E,8,822.9788000000001,E,8,999.0,E,8,0.67,E,8,-9900,?,9,-9900,?,9,0.0,E,8,-9900,?,9,-9900,?,9,0.0,0.0,E,8
10/08/2010,15:00,973.006,1368.55,165.06,1,8,5.676,1,8,161.025,1,8,19807.2,1,8,539.254,1,8,17712.795,1,8,72.113,1,8,-9900,?,9,-9900,?,9,16.62,E,8,8.13,E,8,57.0,E,8,822.9788000000001,E,8,999.0,E,8,0.58,E,8,-9900,?,9,-9900,?,9,0.0,E,8,-9900,?,9,-9900,?,9,0.0,0.0,E,8
10/08/2010,16:00,715.786,1368.55,225.18,1,8,22.673,1,8,213.331,1,8,27021.6,1,8,2153.895,1,8,23466.397,1,8,129.933,1,8,-9900,?,9,-9900,?,9,16.51,E,8,8.15,E,8,57.0,E,8,822.9788000000001,E,8,999.0,E,8,0.86,E,8,-9900,?,9,-9900,?,9,0.0,E,8,-9900,?,9,-9900,?,9,0.0,0.0,E,8
10/08/2010,17:00,413.655,1368.55,136.9,1,8,42.434,1,8,124.111,1,8,16428.0,1,8,4031.207,1,8,13652.197,1,8,131.078,1,8,-9900,?,9,-9900,?,9,16.05,E,8,8.25,E,8,59.0,E,8,822.9788000000001,E,8,999.0,E,8,1.33,E,8,-9900,?,9,-9900,?,9,0.0,E,8,-9900,?,9,-9900,?,9,0.0,0.0,E,8
10/08/2010,18:00,89.949,1368.55,42.87,1,8,190.125,1,8,31.049,1,8,5144.4,1,8,18061.868,1,8,3415.337,1,8,158.949,1,8,-9900,?,9,-9900,?,9,15.3,E,8,8.4,E,8,63.0,E,8,822.9788000000001,E,8,999.0,E,8,0.67,E,8,-9900,?,9,-9900,?,9,0.0,E,8,-9900,?,9,-9900,?,9,0.0,0.0,E,8
10/08/2010,19:00,0.0,1368.55,0.0,1,8,0.0,1,8,0.0,1,8,0.0,1,8,0.0,1,8,0.0,1,8,-0.0,1,8,-9900,?,9,-9900,?,9,14.68,E,8,8.53,E,8,66.0,E,8,822.9788000000001,E,8,999.0,E,8,0.81,E,8,-9900,?,9,-9900,?,9,0.0,E,8,-9900,?,9,-9900,?,9,0.0,0.0,E,8
10/08/2010,20:00,0.0,1368.55,0.0,1,8,0.0,1,8,0.0,1,8,0.0,1,8,0.0,1,8,0.0,1,8,-0.0,1,8,-9900,?,9,-9900,?,9,14.05,E,8,8.66,E,8,69.0,E,8,822.9788000000001,E,8,999.0,E,8,0.93,E,8,-9900,?,9,-9900,?,9,0.0,E,8,-9900,?,9,-9900,?,9,0.0,0.0,E,8
10/08/2010,21:00,0.0,1368.55,0.0,1,8,0.0,1,8,0.0,1,8,0.0,1,8,0.0,1,8,0.0,1,8,-0.0,1,8,-9900,?,9,-9900,?,9,13.43,E,8,8.79,E,8,73.0,E,8,822.9788000000001,E,8,999.0,E,8,0.58,E,8,-9900,?,9,-9900,?,9,0.0,E,8,-9900,?,9,-9900,?,9,0.0,0.0,E,8
10/08/2010,22:00,0.0,1368.55,0.0,1,8,0.0,1,8,0.0,1,8,0.0,1,8,0.0,1,8,0.0,1,8,-0.0,1,8,-9900,?,9,-9900,?,9,12.8,E,8,8.91,E,8,77.0,E,8,822.9788000000001,E,8,999.0,E,8,0.58,E,8,-9900,?,9,-9900,?,9,0.0,E,8,-9900,?,9,-9900,?,9,0.0,0.0,E,8
10/08/2010,23:00,0.0,1368.55,0.0,1,8,0.0,1,8,0.0,1,8,0.0,1,8,0.0,1,8,0.0,1,8,-0.0,1,8,-9900,?,9,-9900,?,9,12.18,E,8,9.04,E,8,81.0,E,8,822.9788000000001,E,8,999.0,E,8,0.58,E,8,-9900,?,9,-9900,?,9,0.0,E,8,-9900,?,9,-9900,?,9,0.0,0.0,E,8
10/08/2010,24:00,0.0,1368.55,0.0,1,8,0.0,1,8,0.0,1,8,0.0,1,8,0.0,1,8,0.0,1,8,-0.0,1,8,-9900,?,9,-9900,?,9,11.55,E,8,8.46,E,8,76.0,E,8,822.9788000000001,E,8,999.0,E,8,0.7,E,8,-9900,?,9,-9900,?,9,0.0,E,8,-9900,?,9,-9900,?,9,0.0,0.0,E,8
10/09/2010,01:00,0.0,1368.55,0.0,1,8,0.0,1,8,0.0,1,8,0.0,1,8,0.0,1,8,0.0,1,8,-0.0,1,8,-9900,?,9,-9900,?,9,11.24,E,8,8.57,E,8,78.0,E,8,822.9788000000001,E,8,999.0,E,8,0.7,E,8,-9900,?,9,-9900,?,9,0.0,E,8,-9900,?,9,-9900,?,9,0.0,0.0,E,8
10/09/2010,02:00,0.0,1368.55,0.0,1,8,0.0,1,8,0.0,1,8,0.0,1,8,0.0,1,8,0.0,1,8,-0.0,1,8,-9900,?,9,-9900,?,9,10.93,E,8,8.68,E,8,80.0,E,8,822.9788000000001,E,8,999.0,E,8,0.7,E,8,-9900,?,9,-9900,?,9,0.0,E,8,-9900,?,9,-9900,?,9,0.0,0.0,E,8
10/09/2010,03:00,0.0,1368.55,0.0,1,8,0.0,1,8,0.0,1,8,0.0,1,8,0.0,1,8,0.0,1,8,-0.0,1,8,-9900,?,9,-9900,?,9,10.62,E,8,8.79,E,8,86.0,E,8,822.9788000000001,E,8,999.0,E,8,0.7,E,8,-9900,?,9,-9900,?,9,0.001,E,8,-9900,?,9,-9900,?,9,0.01,99.0,E,8
10/09/2010,04:00,0.0,1369.357,0.0,1,8,0.0,1,8,0.0,1,8,0.0,1,8,0.0,1,8,0.0,1,8,-0.0,1,8,-9900,?,9,-9900,?,9,10.31,E,8,8.9,E,8,89.0,E,8,822.9788000000001,E,8,999.0,E,8,0.7,E,8,-9900,?,9,-9900,?,9,0.006,E,8,-9900,?,9,-9900,?,9,0.06,99.0,E,8
10/09/2010,05:00,0.0,1369.357,0.0,1,8,0.0,1,8,0.0,1,8,0.0,1,8,0.0,1,8,0.0,1,8,-0.0,1,8,-9900,?,9,-9900,?,9,10.03,E,8,9.0,E,8,91.0,E,8,822.9788000000001,E,8,999.0,E,8,0.7,E,8,-9900,?,9,-9900,?,9,0.002,E,8,-9900,?,9,-9900,?,9,0.02,99.0,E,8
10/09/2010,06:00,28.834,1369.357,0.0,1,8,0.0,1,8,0.0,1,8,0.0,1,8,0.0,1,8,0.0,1,8,0.0,1,8,-9900,?,9,-9900,?,9,9.82,E,8,9.08,E,8,96.0,E,8,822.9788000000001,E,8,999.0,E,8,0.7,E,8,-9900,?,9,-9900,?,9,0.191,E,8,-9900,?,9,-9900,?,9,1.91,99.0,E,8
10/09/2010,07:00,351.211,1369.357,26.86,1,8,0.0,1,8,26.86,1,8,3223.2,1,8,0.0,1,8,2954.6,1,8,33.471,1,8,-9900,?,9,-9900,?,9,9.62,E,8,9.15,E,8,89.0,E,8,822.9788000000001,E,8,999.0,E,8,0.7,E,8,-9900,?,9,-9900,?,9,0.0,E,8,-9900,?,9,-9900,?,9,0.0,0.0,E,8
10/09/2010,08:00,660.165,1369.357,121.52,1,8,0.0,1,8,121.52,1,8,14582.4,1,8,0.0,1,8,13367.2,1,8,80.312,1,8,-9900,?,9,-9900,?,9,11.69,E,8,8.41,E,8,75.0,E,8,822.9788000000001,E,8,999.0,E,8,0.7,E,8,-9900,?,9,-9900,?,9,0.0,E,8,-9900,?,9,-9900,?,9,0.0,0.0,E,8
10/09/2010,09:00,928.242,1369.357,214.53,1,8,1.616,1,8,213.435,1,8,25743.6,1,8,153.559,1,8,23477.813,1,8,100.258,1,8,-9900,?,9,-9900,?,9,13.0,E,8,7.93,E,8,67.0,E,8,822.9788000000001,E,8,999.0,E,8,0.7,E,8,-9900,?,9,-9900,?,9,0.0,E,8,-9900,?,9,-9900,?,9,0.0,0.0,E,8
10/09/2010,10:00,1136.827,1369.357,292.49,1,8,4.083,1,8,289.101,1,8,35098.8,1,8,387.839,1,8,31801.131,1,8,110.861,1,8,-9900,?,9,-9900,?,9,14.19,E,8,7.48,E,8,61.0,E,8,822.9788000000001,E,8,999.0,E,8,0.7,E,8,-9900,?,9,-9900,?,9,0.0,E,8,-9900,?,9,-9900,?,9,0.0,0.0,E,8
10/09/2010,11:00,1271.63,1369.357,348.92,1,8,7.212,1,8,342.223,1,8,41870.4,1,8,685.119,1,8,37644.554,1,8,117.31,1,8,-9900,?,9,-9900,?,9,15.23,E,8,7.07,E,8,56.0,E,8,822.9788000000001,E,8,999.0,E,8,0.7,E,8,-9900,?,9,-9900,?,9,0.0,E,8,-9900,?,9,-9900,?,9,0.0,0.0,E,8
10/09/2010,12:00,1323.449,1369.357,379.65,1,8,7.731,1,8,372.178,1,8,45558.0,1,8,734.434,1,8,40939.629,1,8,122.58,1,8,-9900,?,9,-9900,?,9,16.06,E,8,6.74,E,8,53.0,E,8,822.9788000000001,E,8,999.0,E,8,0.7,E,8,-9900,?,9,-9900,?,9,0.0,E,8,-9900,?,9,-9900,?,9,0.0,0.0,E,8
10/09/2010,13:00,1288.755,1369.357,382.48,1,8,8.145,1,8,374.814,1,8,45897.6,1,8,773.81,1,8,41229.581,1,8,126.774,1,8,-9900,?,9,-9900,?,9,16.67,E,8,6.49,E,8,50.0,E,8,822.9788000000001,E,8,999.0,E,8,0.7,E,8,-9900,?,9,-9900,?,9,0.0,E,8,-9900,?,9,-9900,?,9,0.0,0.0,E,8
10/09/2010,14:00,1169.934,1369.357,357.19,1,8,7.728,1,8,350.588,1,8,42862.8,1,8,734.2,1,8,38564.658,1,8,130.632,1,8,-9900,?,9,-9900,?,9,17.03,E,8,6.34,E,8,49.0,E,8,822.9788000000001,E,8,999.0,E,8,0.7,E,8,-9900,?,9,-9900,?,9,0.0,E,8,-9900,?,9,-9900,?,9,0.0,0.0,E,8
10/09/2010,15:00,975.124,1369.357,305.61,1,8,7.596,1,8,300.202,1,8,36673.2,1,8,721.653,1,8,33022.237,1,8,134.228,1,8,-9900,?,9,-9900,?,9,17.16,E,8,6.29,E,8,48.0,E,8,822.9788000000001,E,8,999.0,E,8,0.7,E,8,-9900,?,9,-9900,?,9,0.0,E,8,-9900,?,9,-9900,?,9,0.0,0.0,E,8
10/09/2010,16:00,717.684,1369.357,231.55,1,8,7.129,1,8,227.816,1,8,27786.0,1,8,677.269,1,8,25059.813,1,8,138.47,1,8,-9900,?,9,-9900,?,9,16.98,E,8,6.36,E,8,49.0,E,8,822.9788000000001,E,8,999.0,E,8,0.7,E,8,-9900,?,9,-9900,?,9,0.0,E,8,-9900,?,9,-9900,?,9,0.0,0.0,E,8
10/09/2010,17:00,415.426,1369.357,140.92,1,8,48.21,1,8,126.336,1,8,16910.4,1,8,4579.986,1,8,13896.949,1,8,132.935,1,8,-9900,?,9,-9900,?,9,16.43,E,8,6.59,E,8,51.0,E,8,822.9788000000001,E,8,999.0,E,8,0.7,E,8,-9900,?,9,-9900,?,9,0.0,E,8,-9900,?,9,-9900,?,9,0.0,0.0,E,8
10/09/2010,18:00,91.645,1369.357,44.41,1,8,206.926,1,8,31.286,1,8,5329.2,1,8,19657.971,1,8,3441.462,1,8,157.018,1,8,-9900,?,9,-9900,?,9,15.6,E,8,6.92,E,8,55.0,E,8,822.9788000000001,E,8,999.0,E,8,0.7,E,8,-9900,?,9,-9900,?,9,0.0,E,8,-9900,?,9,-9900,?,9,0.0,0.0,E,8
10/09/2010,19:00,0.0,1369.357,0.0,1,8,0.0,1,8,0.0,1,8,0.0,1,8,0.0,1,8,0.0,1,8,-0.0,1,8,-9900,?,9,-9900,?,9,14.88,E,8,7.21,E,8,58.0,E,8,822.9788000000001,E,8,999.0,E,8,0.7,E,8,-9900,?,9,-9900,?,9,0.0,E,8,-9900,?,9,-9900,?,9,0.0,0.0,E,8
10/09/2010,20:00,0.0,1369.357,0.0,1,8,0.0,1,8,0.0,1,8,0.0,1,8,0.0,1,8,0.0,1,8,-0.0,1,8,-9900,?,9,-9900,?,9,14.17,E,8,7.48,E,8,61.0,E,8,822.9788000000001,E,8,999.0,E,8,0.7,E,8,-9900,?,9,-9900,?,9,0.0,E,8,-9900,?,9,-9900,?,9,0.0,0.0,E,8
10/09/2010,21:00,0.0,1369.357,0.0,1,8,0.0,1,8,0.0,1,8,0.0,1,8,0.0,1,8,0.0,1,8,-0.0,1,8,-9900,?,9,-9900,?,9,13.45,E,8,7.76,E,8,65.0,E,8,822.9788000000001,E,8,999.0,E,8,0.7,E,8,-9900,?,9,-9900,?,9,0.0,E,8,-9900,?,9,-9900,?,9,0.0,0.0,E,8
10/09/2010,22:00,0.0,1369.357,0.0,1,8,0.0,1,8,0.0,1,8,0.0,1,8,0.0,1,8,0.0,1,8,-0.0,1,8,-9900,?,9,-9900,?,9,12.74,E,8,8.02,E,8,69.0,E,8,822.9788000000001,E,8,999.0,E,8,0.7,E,8,-9900,?,9,-9900,?,9,0.0,E,8,-9900,?,9,-9900,?,9,0.0,0.0,E,8
10/09/2010,23:00,0.0,1369.357,0.0,1,8,0.0,1,8,0.0,1,8,0.0,1,8,0.0,1,8,0.0,1,8,-0.0,1,8,-9900,?,9,-9900,?,9,12.02,E,8,8.29,E,8,73.0,E,8,822.9788000000001,E,8,999.0,E,8,0.7,E,8,-9900,?,9,-9900,?,9,0.0,E,8,-9900,?,9,-9900,?,9,0.0,0.0,E,8
10/09/2010,24:00,0.0,1369.357,0.0,1,8,0.0,1,8,0.0,1,8,0.0,1,8,0.0,1,8,0.0,1,8,-0.0,1,8,-9900,?,9,-9900,?,9,11.31,E,8,8.07,E,8,85.0,E,8,822.9788000000001,E,8,999.0,E,8,0.47,E,8,-9900,?,9,-9900,?,9,0.098,E,8,-9900,?,9,-9900,?,9,0.98,99.0,E,8
10/10/2010,01:00,0.0,1369.357,0.0,1,8,0.0,1,8,0.0,1,8,0.0,1,8,0.0,1,8,0.0,1,8,-0.0,1,8,-9900,?,9,-9900,?,9,10.95,E,8,8.24,E,8,83.0,E,8,822.9788000000001,E,8,999.0,E,8,0.47,E,8,-9900,?,9,-9900,?,9,0.0,E,8,-9900,?,9,-9900,?,9,0.0,0.0,E,8
10/10/2010,02:00,0.0,1369.357,0.0,1,8,0.0,1,8,0.0,1,8,0.0,1,8,0.0,1,8,0.0,1,8,-0.0,1,8,-9900,?,9,-9900,?,9,10.59,E,8,8.41,E,8,86.0,E,8,822.9788000000001,E,8,999.0,E,8,0.47,E,8,-9900,?,9,-9900,?,9,0.0,E,8,-9900,?,9,-9900,?,9,0.0,0.0,E,8
10/10/2010,03:00,0.0,1369.357,0.0,1,8,0.0,1,8,0.0,1,8,0.0,1,8,0.0,1,8,0.0,1,8,-0.0,1,8,-9900,?,9,-9900,?,9,10.24,E,8,8.57,E,8,89.0,E,8,822.9788000000001,E,8,999.0,E,8,0.47,E,8,-9900,?,9,-9900,?,9,0.0,E,8,-9900,?,9,-9900,?,9,0.0,0.0,E,8
10/10/2010,04:00,0.0,1370.164,0.0,1,8,0.0,1,8,0.0,1,8,0.0,1,8,0.0,1,8,0.0,1,8,-0.0,1,8,-9900,?,9,-9900,?,9,9.88,E,8,8.73,E,8,92.0,E,8,822.9788000000001,E,8,999.0,E,8,0.67,E,8,-9900,?,9,-9900,?,9,0.0,E,8,-9900,?,9,-9900,?,9,0.0,0.0,E,8
10/10/2010,05:00,0.0,1370.164,0.0,1,8,0.0,1,8,0.0,1,8,0.0,1,8,0.0,1,8,0.0,1,8,-0.0,1,8,-9900,?,9,-9900,?,9,9.56,E,8,8.88,E,8,95.0,E,8,822.9788000000001,E,8,999.0,E,8,0.47,E,8,-9900,?,9,-9900,?,9,0.0,E,8,-9900,?,9,-9900,?,9,0.0,0.0,E,8
10/10/2010,06:00,33.144,1370.164,0.0,1,8,0.0,1,8,0.0,1,8,0.0,1,8,0.0,1,8,0.0,1,8,0.0,1,8,-9900,?,9,-9900,?,9,9.33,E,8,8.98,E,8,97.0,E,8,822.9788000000001,E,8,999.0,E,8,0.47,E,8,-9900,?,9,-9900,?,9,0.0,E,8,-9900,?,9,-9900,?,9,0.0,0.0,E,8
10/10/2010,07:00,355.883,1370.164,19.59,1,8,0.0,1,8,19.59,1,8,2350.8,1,8,0.0,1,8,2154.9,1,8,24.103,1,8,-9900,?,9,-9900,?,9,9.09,E,8,9.08,E,8,99.0,E,8,822.9788000000001,E,8,999.0,E,8,0.47,E,8,-9900,?,9,-9900,?,9,0.0,E,8,-9900,?,9,-9900,?,9,0.0,0.0,E,8
10/10/2010,08:00,664.659,1370.164,85.96,1,8,0.0,1,8,85.96,1,8,10315.2,1,8,0.0,1,8,9455.6,1,8,56.459,1,8,-9900,?,9,-9900,?,9,10.62,E,8,8.4,E,8,86.0,E,8,822.9788000000001,E,8,999.0,E,8,0.47,E,8,-9900,?,9,-9900,?,9,0.0,E,8,-9900,?,9,-9900,?,9,0.0,0.0,E,8
10/10/2010,09:00,932.464,1370.164,167.74,1,8,0.952,1,8,167.092,1,8,20128.8,1,8,90.459,1,8,18380.142,1,8,78.18,1,8,-9900,?,9,-9900,?,9,11.73,E,8,7.88,E,8,77.0,E,8,822.9788000000001,E,8,999.0,E,8,0.47,E,8,-9900,?,9,-9900,?,9,0.0,E,8,-9900,?,9,-9900,?,9,0.0,0.0,E,8
10/10/2010,10:00,1140.71,1370.164,218.44,1,8,3.13,1,8,215.835,1,8,26212.8,1,8,297.321,1,8,23741.823,1,8,82.533,1,8,-9900,?,9,-9900,?,9,12.66,E,8,7.43,E,8,70.0,E,8,822.9788000000001,E,8,999.0,E,8,0.47,E,8,-9900,?,9,-9900,?,9,0.0,E,8,-9900,?,9,-9900,?,9,0.0,0.0,E,8
10/10/2010,11:00,1275.134,1370.164,330.14,1,8,6.756,1,8,323.853,1,8,39616.8,1,8,641.856,1,8,35623.776,1,8,110.773,1,8,-9900,?,9,-9900,?,9,13.86,E,8,6.83,E,8,62.0,E,8,822.9788000000001,E,8,999.0,E,8,0.47,E,8,-9900,?,9,-9900,?,9,0.0,E,8,-9900,?,9,-9900,?,9,0.0,0.0,E,8
10/10/2010,12:00,1326.556,1370.164,314.46,1,8,4.521,1,8,310.083,1,8,37735.2,1,8,429.479,1,8,34109.145,1,8,101.949,1,8,-9900,?,9,-9900,?,9,14.58,E,8,6.46,E,8,58.0,E,8,822.9788000000001,E,8,999.0,E,8,0.47,E,8,-9900,?,9,-9900,?,9,0.0,E,8,-9900,?,9,-9900,?,9,0.0,0.0,E,8
10/10/2010,13:00,1291.479,1370.164,236.49,1,8,3.755,1,8,232.951,1,8,28378.8,1,8,356.68,1,8,25624.634,1,8,78.671,1,8,-9900,?,9,-9900,?,9,14.78,E,8,6.36,E,8,57.0,E,8,822.9788000000001,E,8,999.0,E,8,0.95,E,8,-9900,?,9,-9900,?,9,0.0,E,8,-9900,?,9,-9900,?,9,0.0,0.0,E,8
10/10/2010,14:00,1172.313,1370.164,237.95,1,8,3.357,1,8,235.078,1,8,28554.0,1,8,318.957,1,8,25858.545,1,8,87.466,1,8,-9900,?,9,-9900,?,9,14.93,E,8,6.28,E,8,56.0,E,8,822.9788000000001,E,8,999.0,E,8,0.95,E,8,-9900,?,9,-9900,?,9,0.0,E,8,-9900,?,9,-9900,?,9,0.0,0.0,E,8
10/10/2010,15:00,977.22,1370.164,174.21,1,8,1.103,1,8,173.424,1,8,20905.2,1,8,104.79,1,8,19076.586,1,8,77.421,1,8,-9900,?,9,-9900,?,9,14.78,E,8,6.36,E,8,57.0,E,8,822.9788000000001,E,8,999.0,E,8,1.07,E,8,-9900,?,9,-9900,?,9,0.0,E,8,-9900,?,9,-9900,?,9,0.0,0.0,E,8
10/10/2010,16:00,719.578,1370.164,149.65,1,8,8.287,1,8,145.301,1,8,17958.0,1,8,787.305,1,8,15983.108,1,8,88.135,1,8,-9900,?,9,-9900,?,9,14.54,E,8,6.48,E,8,58.0,E,8,822.9788000000001,E,8,999.0,E,8,0.85,E,8,-9900,?,9,-9900,?,9,0.0,E,8,-9900,?,9,-9900,?,9,0.0,0.0,E,8
10/10/2010,17:00,417.211,1370.164,106.93,1,8,4.331,1,8,105.615,1,8,12831.6,1,8,411.399,1,8,11617.66,1,8,110.719,1,8,-9900,?,9,-9900,?,9,14.15,E,8,6.68,E,8,60.0,E,8,822.9788000000001,E,8,999.0,E,8,1.71,E,8,-9900,?,9,-9900,?,9,0.0,E,8,-9900,?,9,-9900,?,9,0.0,0.0,E,8
10/10/2010,18:00,93.371,1370.164,31.37,1,8,113.281,1,8,24.042,1,8,3764.4,1,8,10761.721,1,8,2644.606,1,8,118.3,1,8,-9900,?,9,-9900,?,9,13.52,E,8,7.0,E,8,64.0,E,8,822.9788000000001,E,8,999.0,E,8,1.32,E,8,-9900,?,9,-9900,?,9,0.0,E,8,-9900,?,9,-9900,?,9,0.0,0.0,E,8
10/10/2010,19:00,0.0,1370.164,0.0,1,8,0.0,1,8,0.0,1,8,0.0,1,8,0.0,1,8,0.0,1,8,-0.0,1,8,-9900,?,9,-9900,?,9,12.94,E,8,7.29,E,8,68.0,E,8,822.9788000000001,E,8,999.0,E,8,0.92,E,8,-9900,?,9,-9900,?,9,0.0,E,8,-9900,?,9,-9900,?,9,0.0,0.0,E,8
10/10/2010,20:00,0.0,1370.164,0.0,1,8,0.0,1,8,0.0,1,8,0.0,1,8,0.0,1,8,0.0,1,8,-0.0,1,8,-9900,?,9,-9900,?,9,12.36,E,8,7.57,E,8,72.0,E,8,822.9788000000001,E,8,999.0,E,8,0.7,E,8,-9900,?,9,-9900,?,9,0.0,E,8,-9900,?,9,-9900,?,9,0.0,0.0,E,8
10/10/2010,21:00,0.0,1370.164,0.0,1,8,0.0,1,8,0.0,1,8,0.0,1,8,0.0,1,8,0.0,1,8,-0.0,1,8,-9900,?,9,-9900,?,9,11.78,E,8,7.85,E,8,76.0,E,8,822.9788000000001,E,8,999.0,E,8,0.47,E,8,-9900,?,9,-9900,?,9,0.0,E,8,-9900,?,9,-9900,?,9,0.0,0.0,E,8
10/10/2010,22:00,0.0,1370.164,0.0,1,8,0.0,1,8,0.0,1,8,0.0,1,8,0.0,1,8,0.0,1,8,-0.0,1,8,-9900,?,9,-9900,?,9,11.2,E,8,8.13,E,8,81.0,E,8,822.9788000000001,E,8,999.0,E,8,1.03,E,8,-9900,?,9,-9900,?,9,0.0,E,8,-9900,?,9,-9900,?,9,0.0,0.0,E,8
10/10/2010,23:00,0.0,1370.164,0.0,1,8,0.0,1,8,0.0,1,8,0.0,1,8,0.0,1,8,0.0,1,8,-0.0,1,8,-9900,?,9,-9900,?,9,10.62,E,8,8.4,E,8,91.0,E,8,822.9788000000001,E,8,999.0,E,8,0.61,E,8,-9900,?,9,-9900,?,9,0.002,E,8,-9900,?,9,-9900,?,9,0.02,99.0,E,8
10/10/2010,24:00,0.0,1370.164,0.0,1,8,0.0,1,8,0.0,1,8,0.0,1,8,0.0,1,8,0.0,1,8,-0.0,1,8,-9900,?,9,-9900,?,9,10.05,E,8,7.14,E,8,79.0,E,8,822.9788000000001,E,8,999.0,E,8,1.43,E,8,-9900,?,9,-9900,?,9,0.0,E,8,-9900,?,9,-9900,?,9,0.0,0.0,E,8
10/11/2010,01:00,0.0,1370.164,0.0,1,8,0.0,1,8,0.0,1,8,0.0,1,8,0.0,1,8,0.0,1,8,-0.0,1,8,-9900,?,9,-9900,?,9,9.76,E,8,7.32,E,8,82.0,E,8,822.9788000000001,E,8,999.0,E,8,1.42,E,8,-9900,?,9,-9900,?,9,0.0,E,8,-9900,?,9,-9900,?,9,0.0,0.0,E,8
10/11/2010,02:00,0.0,1370.164,0.0,1,8,0.0,1,8,0.0,1,8,0.0,1,8,0.0,1,8,0.0,1,8,-0.0,1,8,-9900,?,9,-9900,?,9,9.47,E,8,7.5,E,8,85.0,E,8,822.9788000000001,E,8,999.0,E,8,2.27,E,8,-9900,?,9,-9900,?,9,0.0,E,8,-9900,?,9,-9900,?,9,0.0,0.0,E,8
10/11/2010,03:00,0.0,1370.164,0.0,1,8,0.0,1,8,0.0,1,8,0.0,1,8,0.0,1,8,0.0,1,8,-0.0,1,8,-9900,?,9,-9900,?,9,9.18,E,8,7.68,E,8,87.0,E,8,822.9788000000001,E,8,999.0,E,8,1.59,E,8,-9900,?,9,-9900,?,9,0.0,E,8,-9900,?,9,-9900,?,9,0.0,0.0,E,8
10/11/2010,04:00,0.0,1370.971,0.0,1,8,0.0,1,8,0.0,1,8,0.0,1,8,0.0,1,8,0.0,1,8,-0.0,1,8,-9900,?,9,-9900,?,9,8.89,E,8,7.86,E,8,95.0,E,8,822.9788000000001,E,8,999.0,E,8,1.9,E,8,-9900,?,9,-9900,?,9,0.005,E,8,-9900,?,9,-9900,?,9,0.05,99.0,E,8
10/11/2010,05:00,0.0,1370.971,0.0,1,8,0.0,1,8,0.0,1,8,0.0,1,8,0.0,1,8,0.0,1,8,-0.0,1,8,-9900,?,9,-9900,?,9,8.63,E,8,8.01,E,8,93.0,E,8,822.9788000000001,E,8,999.0,E,8,2.37,E,8,-9900,?,9,-9900,?,9,0.0,E,8,-9900,?,9,-9900,?,9,0.0,0.0,E,8
10/11/2010,06:00,37.443,1370.971,0.0,1,8,0.0,1,8,0.0,1,8,0.0,1,8,0.0,1,8,0.0,1,8,0.0,1,8,-9900,?,9,-9900,?,9,8.44,E,8,8.13,E,8,99.0,E,8,822.9788000000001,E,8,999.0,E,8,1.93,E,8,-9900,?,9,-9900,?,9,0.012,E,8,-9900,?,9,-9900,?,9,0.12,99.0,E,8
10/11/2010,07:00,360.49,1370.971,26.63,1,8,0.0,1,8,26.63,1,8,3195.6,1,8,0.0,1,8,2929.3,1,8,32.362,1,8,-9900,?,9,-9900,?,9,8.25,E,8,8.24,E,8,97.0,E,8,822.9788000000001,E,8,999.0,E,8,2.18,E,8,-9900,?,9,-9900,?,9,0.0,E,8,-9900,?,9,-9900,?,9,0.0,0.0,E,8
10/11/2010,08:00,669.078,1370.971,113.56,1,8,0.0,1,8,113.56,1,8,13627.2,1,8,0.0,1,8,12491.6,1,8,74.137,1,8,-9900,?,9,-9900,?,9,10.25,E,8,7.01,E,8,78.0,E,8,822.9788000000001,E,8,999.0,E,8,1.53,E,8,-9900,?,9,-9900,?,9,0.0,E,8,-9900,?,9,-9900,?,9,0.0,0.0,E,8
10/11/2010,09:00,936.606,1370.971,198.49,1,8,1.372,1,8,197.553,1,8,23818.8,1,8,130.315,1,8,21730.85,1,8,92.077,1,8,-9900,?,9,-9900,?,9,11.47,E,8,6.21,E,8,68.0,E,8,822.9788000000001,E,8,999.0,E,8,1.46,E,8,-9900,?,9,-9900,?,9,0.0,E,8,-9900,?,9,-9900,?,9,0.0,0.0,E,8
10/11/2010,10:00,1144.514,1370.971,269.58,1,8,3.742,1,8,266.457,1,8,32349.6,1,8,355.452,1,8,29310.252,1,8,101.611,1,8,-9900,?,9,-9900,?,9,12.58,E,8,5.45,E,8,60.0,E,8,822.9788000000001,E,8,999.0,E,8,1.5,E,8,-9900,?,9,-9900,?,9,0.0,E,8,-9900,?,9,-9900,?,9,0.0,0.0,E,8
10/11/2010,11:00,1278.561,1370.971,320.95,1,8,6.575,1,8,314.819,1,8,38514.0,1,8,624.606,1,8,34630.05,1,8,107.457,1,8,-9900,?,9,-9900,?,9,13.54,E,8,4.76,E,8,54.0,E,8,822.9788000000001,E,8,999.0,E,8,1.64,E,8,-9900,?,9,-9900,?,9,0.0,E,8,-9900,?,9,-9900,?,9,0.0,0.0,E,8
10/11/2010,12:00,1329.596,1370.971,348.81,1,8,6.991,1,8,342.031,1,8,41857.2,1,8,664.101,1,8,37623.361,1,8,112.262,1,8,-9900,?,9,-9900,?,9,14.32,E,8,4.17,E,8,49.0,E,8,822.9788000000001,E,8,999.0,E,8,1.08,E,8,-9900,?,9,-9900,?,9,0.0,E,8,-9900,?,9,-9900,?,9,0.0,0.0,E,8
10/11/2010,13:00,1294.148,1370.971,351.16,1,8,7.16,1,8,344.401,1,8,42139.2,1,8,680.239,1,8,37884.117,1,8,116.138,1,8,-9900,?,9,-9900,?,9,14.88,E,8,3.74,E,8,46.0,E,8,822.9788000000001,E,8,999.0,E,8,0.8,E,8,-9900,?,9,-9900,?,9,0.0,E,8,-9900,?,9,-9900,?,9,0.0,0.0,E,8
10/11/2010,14:00,1174.652,1370.971,327.83,1,8,6.435,1,8,322.317,1,8,39339.6,1,8,611.335,1,8,35454.866,1,8,119.756,1,8,-9900,?,9,-9900,?,9,15.22,E,8,3.47,E,8,44.0,E,8,822.9788000000001,E,8,999.0,E,8,0.8,E,8,-9900,?,9,-9900,?,9,0.0,E,8,-9900,?,9,-9900,?,9,0.0,0.0,E,8
10/11/2010,15:00,979.294,1370.971,280.5,1,8,5.776,1,8,276.375,1,8,33660.0,1,8,548.733,1,8,30401.275,1,8,123.193,1,8,-9900,?,9,-9900,?,9,15.33,E,8,3.38,E,8,53.0,E,8,822.9788000000001,E,8,999.0,E,8,0.78,E,8,-9900,?,9,-9900,?,9,0.279,E,8,-9900,?,9,-9900,?,9,2.79,99.0,E,8
10/11/2010,16:00,721.469,1370.971,212.66,1,8,4.742,1,8,210.167,1,8,25519.2,1,8,450.446,1,8,23118.336,1,8,127.22,1,8,-9900,?,9,-9900,?,9,15.16,E,8,3.52,E,8,49.0,E,8,822.9788000000001,E,8,999.0,E,8,0.78,E,8,-9900,?,9,-9900,?,9,0.002,E,8,-9900,?,9,-9900,?,9,0.02,99.0,E,8
10/11/2010,17:00,419.011,1370.971,129.72,1,8,28.769,1,8,120.952,1,8,15566.4,1,8,2733.093,1,8,13304.701,1,8,126.323,1,8,-9900,?,9,-9900,?,9,14.65,E,8,3.92,E,8,52.0,E,8,822.9788000000001,E,8,999.0,E,8,0.78,E,8,-9900,?,9,-9900,?,9,0.001,E,8,-9900,?,9,-9900,?,9,0.01,99.0,E,8
10/11/2010,18:00,95.128,1370.971,41.4,1,8,155.633,1,8,31.132,1,8,4968.0,1,8,14785.169,1,8,3424.51,1,8,150.2,1,8,-9900,?,9,-9900,?,9,13.87,E,8,4.51,E,8,52.0,E,8,822.9788000000001,E,8,999.0,E,8,0.78,E,8,-9900,?,9,-9900,?,9,0.0,E,8,-9900,?,9,-9900,?,9,0.0,0.0,E,8
10/11/2010,19:00,0.0,1370.971,0.0,1,8,0.0,1,8,0.0,1,8,0.0,1,8,0.0,1,8,0.0,1,8,-0.0,1,8,-9900,?,9,-9900,?,9,13.18,E,8,5.02,E,8,56.0,E,8,822.9788000000001,E,8,999.0,E,8,0.78,E,8,-9900,?,9,-9900,?,9,0.0,E,8,-9900,?,9,-9900,?,9,0.0,0.0,E,8
10/11/2010,20:00,0.0,1370.971,0.0,1,8,0.0,1,8,0.0,1,8,0.0,1,8,0.0,1,8,0.0,1,8,-0.0,1,8,-9900,?,9,-9900,?,9,12.49,E,8,5.51,E,8,61.0,E,8,822.9788000000001,E,8,999.0,E,8,0.78,E,8,-9900,?,9,-9900,?,9,0.0,E,8,-9900,?,9,-9900,?,9,0.0,0.0,E,8
10/11/2010,21:00,0.0,1370.971,0.0,1,8,0.0,1,8,0.0,1,8,0.0,1,8,0.0,1,8,0.0,1,8,-0.0,1,8,-9900,?,9,-9900,?,9,11.8,E,8,5.99,E,8,66.0,E,8,822.9788000000001,E,8,999.0,E,8,0.78,E,8,-9900,?,9,-9900,?,9,0.0,E,8,-9900,?,9,-9900,?,9,0.0,0.0,E,8
10/11/2010,22:00,0.0,1370.971,0.0,1,8,0.0,1,8,0.0,1,8,0.0,1,8,0.0,1,8,0.0,1,8,-0.0,1,8,-9900,?,9,-9900,?,9,11.11,E,8,6.45,E,8,71.0,E,8,822.9788000000001,E,8,999.0,E,8,0.78,E,8,-9900,?,9,-9900,?,9,0.0,E,8,-9900,?,9,-9900,?,9,0.0,0.0,E,8
10/11/2010,23:00,0.0,1370.971,0.0,1,8,0.0,1,8,0.0,1,8,0.0,1,8,0.0,1,8,0.0,1,8,-0.0,1,8,-9900,?,9,-9900,?,9,10.42,E,8,6.9,E,8,76.0,E,8,822.9788000000001,E,8,999.0,E,8,0.78,E,8,-9900,?,9,-9900,?,9,0.0,E,8,-9900,?,9,-9900,?,9,0.0,0.0,E,8
10/11/2010,24:00,0.0,1370.971,0.0,1,8,0.0,1,8,0.0,1,8,0.0,1,8,0.0,1,8,0.0,1,8,-0.0,1,8,-9900,?,9,-9900,?,9,9.73,E,8,5.41,E,8,74.0,E,8,822.9788000000001,E,8,999.0,E,8,0.7,E,8,-9900,?,9,-9900,?,9,0.0,E,8,-9900,?,9,-9900,?,9,0.0,0.0,E,8
10/12/2010,01:00,0.0,1370.971,0.0,1,8,0.0,1,8,0.0,1,8,0.0,1,8,0.0,1,8,0.0,1,8,-0.0,1,8,-9900,?,9,-9900,?,9,9.38,E,8,5.78,E,8,78.0,E,8,822.9788000000001,E,8,999.0,E,8,0.7,E,8,-9900,?,9,-9900,?,9,0.0,E,8,-9900,?,9,-9900,?,9,0.0,0.0,E,8
10/12/2010,02:00,0.0,1370.971,0.0,1,8,0.0,1,8,0.0,1,8,0.0,1,8,0.0,1,8,0.0,1,8,-0.0,1,8,-9900,?,9,-9900,?,9,9.04,E,8,6.14,E,8,82.0,E,8,822.9788000000001,E,8,999.0,E,8,0.7,E,8,-9900,?,9,-9900,?,9,0.0,E,8,-9900,?,9,-9900,?,9,0.0,0.0,E,8
10/12/2010,03:00,0.0,1370.971,0.0,1,8,0.0,1,8,0.0,1,8,0.0,1,8,0.0,1,8,0.0,1,8,-0.0,1,8,-9900,?,9,-9900,?,9,8.69,E,8,6.5,E,8,86.0,E,8,822.9788000000001,E,8,999.0,E,8,0.7,E,8,-9900,?,9,-9900,?,9,0.0,E,8,-9900,?,9,-9900,?,9,0.0,0.0,E,8
10/12/2010,04:00,0.0,1371.777,0.0,1,8,0.0,1,8,0.0,1,8,0.0,1,8,0.0,1,8,0.0,1,8,-0.0,1,8,-9900,?,9,-9900,?,9,8.35,E,8,6.84,E,8,90.0,E,8,822.9788000000001,E,8,999.0,E,8,0.7,E,8,-9900,?,9,-9900,?,9,0.0,E,8,-9900,?,9,-9900,?,9,0.0,0.0,E,8
10/12/2010,05:00,0.0,1371.777,0.0,1,8,0.0,1,8,0.0,1,8,0.0,1,8,0.0,1,8,0.0,1,8,-0.0,1,8,-9900,?,9,-9900,?,9,8.04,E,8,7.14,E,8,94.0,E,8,822.9788000000001,E,8,999.0,E,8,0.7,E,8,-9900,?,9,-9900,?,9,0.0,E,8,-9900,?,9,-9900,?,9,0.0,0.0,E,8
10/12/2010,06:00,41.727,1371.777,0.0,1,8,0.0,1,8,0.0,1,8,0.0,1,8,0.0,1,8,0.0,1,8,0.0,1,8,-9900,?,9,-9900,?,9,7.81,E,8,7.37,E,8,97.0,E,8,822.9788000000001,E,8,999.0,E,8,0.7,E,8,-9900,?,9,-9900,?,9,0.0,E,8,-9900,?,9,-9900,?,9,0.0,0.0,E,8
10/12/2010,07:00,365.03,1371.777,97.39,1,8,8.095,1,8,95.244,1,8,11686.8,1,8,769.017,1,8,10476.846,1,8,114.362,1,8,-9900,?,9,-9900,?,9,7.59,E,8,7.58,E,8,99.0,E,8,822.9788000000001,E,8,999.0,E,8,0.7,E,8,-9900,?,9,-9900,?,9,0.0,E,8,-9900,?,9,-9900,?,9,0.0,0.0,E,8
10/12/2010,08:00,673.421,1371.777,148.55,1,8,10.856,1,8,143.226,1,8,17826.0,1,8,1031.305,1,8,15754.822,1,8,92.954,1,8,-9900,?,9,-9900,?,9,10.59,E,8,4.44,E,8,65.0,E,8,822.9788000000001,E,8,999.0,E,8,0.7,E,8,-9900,?,9,-9900,?,9,0.0,E,8,-9900,?,9,-9900,?,9,0.0,0.0,E,8
10/12/2010,09:00,940.667,1371.777,274.56,1,8,7.98,1,8,269.09,1,8,32947.2,1,8,758.123,1,8,29599.848,1,8,124.951,1,8,-9900,?,9,-9900,?,9,11.82,E,8,2.96,E,8,54.0,E,8,822.9788000000001,E,8,999.0,E,8,0.7,E,8,-9900,?,9,-9900,?,9,0.0,E,8,-9900,?,9,-9900,?,9,0.0,0.0,E,8
10/12/2010,10:00,1148.235,1371.777,372.19,1,8,6.673,1,8,366.605,1,8,44662.8,1,8,633.907,1,8,40326.59,1,8,139.43,1,8,-9900,?,9,-9900,?,9,13.04,E,8,1.33,E,8,44.0,E,8,822.9788000000001,E,8,999.0,E,8,0.7,E,8,-9900,?,9,-9900,?,9,0.0,E,8,-9900,?,9,-9900,?,9,0.0,0.0,E,8
10/12/2010,11:00,1281.911,1371.777,442.7,1,8,11.668,1,8,431.797,1,8,53124.0,1,8,1108.434,1,8,47497.68,1,8,147.087,1,8,-9900,?,9,-9900,?,9,14.11,E,8,-0.23,E,8,37.0,E,8,822.9788000000001,E,8,999.0,E,8,0.7,E,8,-9900,?,9,-9900,?,9,0.0,E,8,-9900,?,9,-9900,?,9,0.0,0.0,E,8
10/12/2010,12:00,1332.569,1371.777,480.86,1,8,13.003,1,8,468.229,1,8,57703.2,1,8,1235.275,1,8,51505.187,1,8,153.43,1,8,-9900,?,9,-9900,?,9,14.98,E,8,-1.49,E,8,31.0,E,8,822.9788000000001,E,8,999.0,E,8,0.7,E,8,-9900,?,9,-9900,?,9,0.0,E,8,-9900,?,9,-9900,?,9,0.0,0.0,E,8
10/12/2010,13:00,1296.762,1371.777,483.93,1,8,14.798,1,8,469.942,1,8,58071.6,1,8,1405.797,1,8,51693.602,1,8,158.246,1,8,-9900,?,9,-9900,?,9,15.61,E,8,-2.48,E,8,28.0,E,8,822.9788000000001,E,8,999.0,E,8,0.7,E,8,-9900,?,9,-9900,?,9,0.0,E,8,-9900,?,9,-9900,?,9,0.0,0.0,E,8
10/12/2010,14:00,1176.953,1371.777,451.71,1,8,11.501,1,8,441.843,1,8,54205.2,1,8,1092.591,1,8,48602.782,1,8,163.941,1,8,-9900,?,9,-9900,?,9,15.99,E,8,-3.12,E,8,25.0,E,8,822.9788000000001,E,8,999.0,E,8,0.7,E,8,-9900,?,9,-9900,?,9,0.0,E,8,-9900,?,9,-9900,?,9,0.0,0.0,E,8
10/12/2010,15:00,981.347,1371.777,386.51,1,8,7.061,1,8,381.46,1,8,46381.2,1,8,670.762,1,8,41960.637,1,8,169.778,1,8,-9900,?,9,-9900,?,9,16.1,E,8,-3.31,E,8,25.0,E,8,822.9788000000001,E,8,999.0,E,8,0.7,E,8,-9900,?,9,-9900,?,9,0.0,E,8,-9900,?,9,-9900,?,9,0.0,0.0,E,8
10/12/2010,16:00,723.356,1371.777,293.13,1,8,47.107,1,8,268.309,1,8,35175.6,1,8,4475.2,1,8,29513.938,1,8,162.086,1,8,-9900,?,9,-9900,?,9,15.87,E,8,-2.91,E,8,26.0,E,8,822.9788000000001,E,8,999.0,E,8,0.7,E,8,-9900,?,9,-9900,?,9,0.0,E,8,-9900,?,9,-9900,?,9,0.0,0.0,E,8
10/12/2010,17:00,420.825,1371.777,179.03,1,8,128.823,1,8,139.62,1,8,21483.6,1,8,12238.187,1,8,15358.238,1,8,145.275,1,8,-9900,?,9,-9900,?,9,15.25,E,8,-1.9,E,8,30.0,E,8,822.9788000000001,E,8,999.0,E,8,0.7,E,8,-9900,?,9,-9900,?,9,0.0,E,8,-9900,?,9,-9900,?,9,0.0,0.0,E,8
10/12/2010,18:00,96.915,1371.777,57.5,1,8,306.284,1,8,36.892,1,8,6900.0,1,8,29096.951,1,8,4058.143,1,8,174.533,1,8,-9900,?,9,-9900,?,9,14.31,E,8,-0.51,E,8,35.0,E,8,822.9788000000001,E,8,999.0,E,8,0.7,E,8,-9900,?,9,-9900,?,9,0.0,E,8,-9900,?,9,-9900,?,9,0.0,0.0,E,8
10/12/2010,19:00,0.0,1371.777,0.0,1,8,0.0,1,8,0.0,1,8,0.0,1,8,0.0,1,8,0.0,1,8,-0.0,1,8,-9900,?,9,-9900,?,9,13.57,E,8,0.56,E,8,40.0,E,8,822.9788000000001,E,8,999.0,E,8,0.7,E,8,-9900,?,9,-9900,?,9,0.0,E,8,-9900,?,9,-9900,?,9,0.0,0.0,E,8
10/12/2010,20:00,0.0,1371.777,0.0,1,8,0.0,1,8,0.0,1,8,0.0,1,8,0.0,1,8,0.0,1,8,-0.0,1,8,-9900,?,9,-9900,?,9,12.83,E,8,1.62,E,8,46.0,E,8,822.9788000000001,E,8,999.0,E,8,0.7,E,8,-9900,?,9,-9900,?,9,0.0,E,8,-9900,?,9,-9900,?,9,0.0,0.0,E,8
10/12/2010,21:00,0.0,1371.777,0.0,1,8,0.0,1,8,0.0,1,8,0.0,1,8,0.0,1,8,0.0,1,8,-0.0,1,8,-9900,?,9,-9900,?,9,12.1,E,8,2.6,E,8,52.0,E,8,822.9788000000001,E,8,999.0,E,8,0.7,E,8,-9900,?,9,-9900,?,9,0.0,E,8,-9900,?,9,-9900,?,9,0.0,0.0,E,8
10/12/2010,22:00,0.0,1371.777,0.0,1,8,0.0,1,8,0.0,1,8,0.0,1,8,0.0,1,8,0.0,1,8,-0.0,1,8,-9900,?,9,-9900,?,9,11.36,E,8,3.53,E,8,58.0,E,8,822.9788000000001,E,8,999.0,E,8,0.7,E,8,-9900,?,9,-9900,?,9,0.0,E,8,-9900,?,9,-9900,?,9,0.0,0.0,E,8
10/12/2010,23:00,0.0,1371.777,0.0,1,8,0.0,1,8,0.0,1,8,0.0,1,8,0.0,1,8,0.0,1,8,-0.0,1,8,-9900,?,9,-9900,?,9,10.62,E,8,4.41,E,8,65.0,E,8,822.9788000000001,E,8,999.0,E,8,0.7,E,8,-9900,?,9,-9900,?,9,0.0,E,8,-9900,?,9,-9900,?,9,0.0,0.0,E,8
10/12/2010,24:00,0.0,1371.777,0.0,1,8,0.0,1,8,0.0,1,8,0.0,1,8,0.0,1,8,0.0,1,8,-0.0,1,8,-9900,?,9,-9900,?,9,9.88,E,8,3.98,E,8,66.0,E,8,822.9788000000001,E,8,999.0,E,8,0.7,E,8,-9900,?,9,-9900,?,9,0.0,E,8,-9900,?,9,-9900,?,9,0.0,0.0,E,8
10/13/2010,01:00,0.0,1371.777,0.0,1,8,0.0,1,8,0.0,1,8,0.0,1,8,0.0,1,8,0.0,1,8,-0.0,1,8,-9900,?,9,-9900,?,9,9.52,E,8,4.1,E,8,68.0,E,8,822.9788000000001,E,8,999.0,E,8,0.7,E,8,-9900,?,9,-9900,?,9,0.0,E,8,-9900,?,9,-9900,?,9,0.0,0.0,E,8
10/13/2010,02:00,0.0,1371.777,0.0,1,8,0.0,1,8,0.0,1,8,0.0,1,8,0.0,1,8,0.0,1,8,-0.0,1,8,-9900,?,9,-9900,?,9,9.15,E,8,4.22,E,8,71.0,E,8,822.9788000000001,E,8,999.0,E,8,0.7,E,8,-9900,?,9,-9900,?,9,0.0,E,8,-9900,?,9,-9900,?,9,0.0,0.0,E,8
10/13/2010,03:00,0.0,1371.777,0.0,1,8,0.0,1,8,0.0,1,8,0.0,1,8,0.0,1,8,0.0,1,8,-0.0,1,8,-9900,?,9,-9900,?,9,8.78,E,8,4.35,E,8,73.0,E,8,822.9788000000001,E,8,999.0,E,8,0.7,E,8,-9900,?,9,-9900,?,9,0.0,E,8,-9900,?,9,-9900,?,9,0.0,0.0,E,8
10/13/2010,04:00,0.0,1372.582,0.0,1,8,0.0,1,8,0.0,1,8,0.0,1,8,0.0,1,8,0.0,1,8,-0.0,1,8,-9900,?,9,-9900,?,9,8.41,E,8,4.47,E,8,76.0,E,8,822.9788000000001,E,8,999.0,E,8,0.7,E,8,-9900,?,9,-9900,?,9,0.0,E,8,-9900,?,9,-9900,?,9,0.0,0.0,E,8
10/13/2010,05:00,0.0,1372.582,0.0,1,8,0.0,1,8,0.0,1,8,0.0,1,8,0.0,1,8,0.0,1,8,-0.0,1,8,-9900,?,9,-9900,?,9,8.08,E,8,4.58,E,8,78.0,E,8,822.9788000000001,E,8,999.0,E,8,0.7,E,8,-9900,?,9,-9900,?,9,0.0,E,8,-9900,?,9,-9900,?,9,0.0,0.0,E,8
10/13/2010,06:00,45.987,1372.582,0.0,1,8,0.0,1,8,0.0,1,8,0.0,1,8,0.0,1,8,0.0,1,8,0.0,1,8,-9900,?,9,-9900,?,9,7.84,E,8,4.66,E,8,80.0,E,8,822.9788000000001,E,8,999.0,E,8,0.7,E,8,-9900,?,9,-9900,?,9,0.0,E,8,-9900,?,9,-9900,?,9,0.0,0.0,E,8
10/13/2010,07:00,369.5,1372.582,58.66,1,8,0.0,1,8,58.66,1,8,7039.2,1,8,0.0,1,8,6452.6,1,8,69.617,1,8,-9900,?,9,-9900,?,9,7.59,E,8,4.73,E,8,82.0,E,8,822.9788000000001,E,8,999.0,E,8,0.7,E,8,-9900,?,9,-9900,?,9,0.0,E,8,-9900,?,9,-9900,?,9,0.0,0.0,E,8
10/13/2010,08:00,677.685,1372.582,237.03,1,8,37.771,1,8,218.398,1,8,28443.6,1,8,3588.258,1,8,24023.8,1,8,140.93,1,8,-9900,?,9,-9900,?,9,10.09,E,8,3.91,E,8,65.0,E,8,822.9788000000001,E,8,999.0,E,8,0.7,E,8,-9900,?,9,-9900,?,9,0.0,E,8,-9900,?,9,-9900,?,9,0.0,0.0,E,8
10/13/2010,09:00,944.644,1372.582,410.45,1,8,77.345,1,8,357.237,1,8,49254.0,1,8,7347.75,1,8,39296.052,1,8,165.279,1,8,-9900,?,9,-9900,?,9,11.57,E,8,3.39,E,8,57.0,E,8,822.9788000000001,E,8,999.0,E,8,0.7,E,8,-9900,?,9,-9900,?,9,0.0,E,8,-9900,?,9,-9900,?,9,0.0,0.0,E,8
10/13/2010,10:00,1151.875,1372.582,555.41,1,8,116.737,1,8,457.456,1,8,66649.2,1,8,11089.978,1,8,50320.206,1,8,173.535,1,8,-9900,?,9,-9900,?,9,12.92,E,8,2.91,E,8,50.0,E,8,822.9788000000001,E,8,999.0,E,8,0.7,E,8,-9900,?,9,-9900,?,9,0.0,E,8,-9900,?,9,-9900,?,9,0.0,0.0,E,8
10/13/2010,11:00,1285.184,1372.582,660.0,1,8,8.797,1,8,651.763,1,8,79200.0,1,8,835.746,1,8,71693.95,1,8,221.58,1,8,-9900,?,9,-9900,?,9,14.08,E,8,2.49,E,8,45.0,E,8,822.9788000000001,E,8,999.0,E,8,0.7,E,8,-9900,?,9,-9900,?,9,0.0,E,8,-9900,?,9,-9900,?,9,0.0,0.0,E,8
10/13/2010,12:00,1335.474,1372.582,716.5,1,8,10.179,1,8,706.597,1,8,85980.0,1,8,966.967,1,8,77725.642,1,8,231.17,1,8,-9900,?,9,-9900,?,9,15.02,E,8,2.13,E,8,41.0,E,8,822.9788000000001,E,8,999.0,E,8,0.7,E,8,-9900,?,9,-9900,?,9,0.0,E,8,-9900,?,9,-9900,?,9,0.0,0.0,E,8
10/13/2010,13:00,1299.323,1372.582,720.85,1,8,11.953,1,8,709.536,1,8,86502.0,1,8,1135.515,1,8,78048.911,1,8,238.594,1,8,-9900,?,9,-9900,?,9,15.69,E,8,1.87,E,8,39.0,E,8,822.9788000000001,E,8,999.0,E,8,0.88,E,8,-9900,?,9,-9900,?,9,0.0,E,8,-9900,?,9,-9900,?,9,0.0,0.0,E,8
10/13/2010,14:00,1179.216,1372.582,672.76,1,8,232.243,1,8,473.255,1,8,80731.2,1,8,22063.127,1,8,52058.075,1,8,175.362,1,8,-9900,?,9,-9900,?,9,16.1,E,8,1.71,E,8,37.0,E,8,822.9788000000001,E,8,999.0,E,8,0.7,E,8,-9900,?,9,-9900,?,9,0.0,E,8,-9900,?,9,-9900,?,9,0.0,0.0,E,8
10/13/2010,15:00,983.38,1372.582,575.67,1,8,307.54,1,8,355.396,1,8,69080.4,1,8,29216.321,1,8,39093.523,1,8,157.943,1,8,-9900,?,9,-9900,?,9,16.24,E,8,1.66,E,8,37.0,E,8,822.9788000000001,E,8,999.0,E,8,0.7,E,8,-9900,?,9,-9900,?,9,0.0,E,8,-9900,?,9,-9900,?,9,0.0,0.0,E,8
10/13/2010,16:00,725.242,1372.582,436.75,1,8,396.667,1,8,227.319,1,8,52410.0,1,8,37683.322,1,8,25005.041,1,8,137.047,1,8,-9900,?,9,-9900,?,9,16.02,E,8,1.74,E,8,38.0,E,8,822.9788000000001,E,8,999.0,E,8,0.7,E,8,-9900,?,9,-9900,?,9,0.0,E,8,-9900,?,9,-9900,?,9,0.0,0.0,E,8
10/13/2010,17:00,422.654,1372.582,267.06,1,8,454.381,1,8,127.53,1,8,32047.2,1,8,43166.155,1,8,14028.286,1,8,132.195,1,8,-9900,?,9,-9900,?,9,15.4,E,8,1.98,E,8,40.0,E,8,822.9788000000001,E,8,999.0,E,8,0.7,E,8,-9900,?,9,-9900,?,9,0.0,E,8,-9900,?,9,-9900,?,9,0.0,0.0,E,8
10/13/2010,18:00,98.734,1372.582,86.32,1,8,267.278,1,8,67.982,1,8,10358.4,1,8,25391.403,1,8,7477.975,1,8,315.386,1,8,-9900,?,9,-9900,?,9,14.45,E,8,2.35,E,8,43.0,E,8,822.9788000000001,E,8,999.0,E,8,0.7,E,8,-9900,?,9,-9900,?,9,0.0,E,8,-9900,?,9,-9900,?,9,0.0,0.0,E,8
10/13/2010,19:00,0.0,1372.582,0.0,1,8,0.0,1,8,0.0,1,8,0.0,1,8,0.0,1,8,0.0,1,8,-0.0,1,8,-9900,?,9,-9900,?,9,13.92,E,8,2.54,E,8,46.0,E,8,822.9788000000001,E,8,999.0,E,8,0.7,E,8,-9900,?,9,-9900,?,9,0.0,E,8,-9900,?,9,-9900,?,9,0.0,0.0,E,8
10/13/2010,20:00,0.0,1372.582,0.0,1,8,0.0,1,8,0.0,1,8,0.0,1,8,0.0,1,8,0.0,1,8,-0.0,1,8,-9900,?,9,-9900,?,9,13.4,E,8,2.74,E,8,48.0,E,8,822.9788000000001,E,8,999.0,E,8,0.7,E,8,-9900,?,9,-9900,?,9,0.0,E,8,-9900,?,9,-9900,?,9,0.0,0.0,E,8
10/13/2010,21:00,0.0,1372.582,0.0,1,8,0.0,1,8,0.0,1,8,0.0,1,8,0.0,1,8,0.0,1,8,-0.0,1,8,-9900,?,9,-9900,?,9,12.87,E,8,2.93,E,8,50.0,E,8,822.9788000000001,E,8,999.0,E,8,0.7,E,8,-9900,?,9,-9900,?,9,0.0,E,8,-9900,?,9,-9900,?,9,0.0,0.0,E,8
10/13/2010,22:00,0.0,1372.582,0.0,1,8,0.0,1,8,0.0,1,8,0.0,1,8,0.0,1,8,0.0,1,8,-0.0,1,8,-9900,?,9,-9900,?,9,12.34,E,8,3.12,E,8,53.0,E,8,822.9788000000001,E,8,999.0,E,8,0.7,E,8,-9900,?,9,-9900,?,9,0.0,E,8,-9900,?,9,-9900,?,9,0.0,0.0,E,8
10/13/2010,23:00,0.0,1372.582,0.0,1,8,0.0,1,8,0.0,1,8,0.0,1,8,0.0,1,8,0.0,1,8,-0.0,1,8,-9900,?,9,-9900,?,9,11.81,E,8,3.31,E,8,55.0,E,8,822.9788000000001,E,8,999.0,E,8,0.7,E,8,-9900,?,9,-9900,?,9,0.0,E,8,-9900,?,9,-9900,?,9,0.0,0.0,E,8
10/13/2010,24:00,0.0,1372.582,0.0,1,8,0.0,1,8,0.0,1,8,0.0,1,8,0.0,1,8,0.0,1,8,-0.0,1,8,-9900,?,9,-9900,?,9,11.29,E,8,10.31,E,8,88.0,E,8,822.9788000000001,E,8,999.0,E,8,0.7,E,8,-9900,?,9,-9900,?,9,0.0,E,8,-9900,?,9,-9900,?,9,0.0,0.0,E,8
10/14/2010,01:00,0.0,1372.582,0.0,1,8,0.0,1,8,0.0,1,8,0.0,1,8,0.0,1,8,0.0,1,8,-0.0,1,8,-9900,?,9,-9900,?,9,11.02,E,8,10.2,E,8,89.0,E,8,822.9788000000001,E,8,999.0,E,8,0.7,E,8,-9900,?,9,-9900,?,9,0.0,E,8,-9900,?,9,-9900,?,9,0.0,0.0,E,8
10/14/2010,02:00,0.0,1372.582,0.0,1,8,0.0,1,8,0.0,1,8,0.0,1,8,0.0,1,8,0.0,1,8,-0.0,1,8,-9900,?,9,-9900,?,9,10.76,E,8,10.1,E,8,92.0,E,8,822.9788000000001,E,8,999.0,E,8,0.7,E,8,-9900,?,9,-9900,?,9,0.002,E,8,-9900,?,9,-9900,?,9,0.02,99.0,E,8
10/14/2010,03:00,0.0,1372.582,0.0,1,8,0.0,1,8,0.0,1,8,0.0,1,8,0.0,1,8,0.0,1,8,-0.0,1,8,-9900,?,9,-9900,?,9,10.5,E,8,9.99,E,8,90.0,E,8,822.9788000000001,E,8,999.0,E,8,0.7,E,8,-9900,?,9,-9900,?,9,0.0,E,8,-9900,?,9,-9900,?,9,0.0,0.0,E,8
10/14/2010,04:00,0.0,1373.386,0.0,1,8,0.0,1,8,0.0,1,8,0.0,1,8,0.0,1,8,0.0,1,8,-0.0,1,8,-9900,?,9,-9900,?,9,10.23,E,8,9.88,E,8,93.0,E,8,822.9788000000001,E,8,999.0,E,8,0.7,E,8,-9900,?,9,-9900,?,9,0.033,E,8,-9900,?,9,-9900,?,9,0.33,99.0,E,8
10/14/2010,05:00,0.0,1373.386,0.0,1,8,0.0,1,8,0.0,1,8,0.0,1,8,0.0,1,8,0.0,1,8,-0.0,1,8,-9900,?,9,-9900,?,9,10.0,E,8,9.79,E,8,99.0,E,8,822.9788000000001,E,8,999.0,E,8,0.7,E,8,-9900,?,9,-9900,?,9,0.519,E,8,-9900,?,9,-9900,?,9,5.19,99.0,E,8
10/14/2010,06:00,50.218,1373.386,0.0,1,8,0.0,1,8,0.0,1,8,0.0,1,8,0.0,1,8,0.0,1,8,0.0,1,8,-9900,?,9,-9900,?,9,9.83,E,8,9.72,E,8,94.0,E,8,822.9788000000001,E,8,999.0,E,8,0.7,E,8,-9900,?,9,-9900,?,9,0.011,E,8,-9900,?,9,-9900,?,9,0.11,99.0,E,8
10/14/2010,07:00,373.899,1373.386,27.65,1,8,0.0,1,8,27.65,1,8,3318.0,1,8,0.0,1,8,3041.5,1,8,32.445,1,8,-9900,?,9,-9900,?,9,9.65,E,8,9.65,E,8,94.0,E,8,822.9788000000001,E,8,999.0,E,8,0.7,E,8,-9900,?,9,-9900,?,9,0.001,E,8,-9900,?,9,-9900,?,9,0.01,99.0,E,8
10/14/2010,08:00,681.867,1373.386,108.96,1,8,0.0,1,8,108.96,1,8,13075.2,1,8,0.0,1,8,11985.6,1,8,69.92,1,8,-9900,?,9,-9900,?,9,11.21,E,8,10.28,E,8,91.0,E,8,822.9788000000001,E,8,999.0,E,8,0.7,E,8,-9900,?,9,-9900,?,9,0.007000000000000001,E,8,-9900,?,9,-9900,?,9,0.07,99.0,E,8
10/14/2010,09:00,948.537,1373.386,187.84,1,8,2.479,1,8,186.128,1,8,22540.8,1,8,235.552,1,8,20474.088,1,8,85.81,1,8,-9900,?,9,-9900,?,9,12.11,E,8,10.64,E,8,86.0,E,8,822.9788000000001,E,8,999.0,E,8,0.7,E,8,-9900,?,9,-9900,?,9,0.0,E,8,-9900,?,9,-9900,?,9,0.0,0.0,E,8
10/14/2010,10:00,1155.43,1373.386,148.26,1,8,1.275,1,8,147.188,1,8,17791.2,1,8,121.084,1,8,16190.661,1,8,55.696,1,8,-9900,?,9,-9900,?,9,12.34,E,8,10.73,E,8,89.0,E,8,822.9788000000001,E,8,999.0,E,8,0.7,E,8,-9900,?,9,-9900,?,9,0.005,E,8,-9900,?,9,-9900,?,9,0.05,99.0,E,8
10/14/2010,11:00,1288.38,1373.386,323.22,1,8,16.592,1,8,307.656,1,8,38786.4,1,8,1576.206,1,8,33842.153,1,8,104.395,1,8,-9900,?,9,-9900,?,9,13.27,E,8,11.08,E,8,84.0,E,8,822.9788000000001,E,8,999.0,E,8,0.7,E,8,-9900,?,9,-9900,?,9,0.0,E,8,-9900,?,9,-9900,?,9,0.0,0.0,E,8
10/14/2010,12:00,1338.311,1373.386,382.29,1,8,22.164,1,8,360.693,1,8,45874.8,1,8,2105.534,1,8,39676.214,1,8,117.823,1,8,-9900,?,9,-9900,?,9,14.12,E,8,11.4,E,8,82.0,E,8,822.9788000000001,E,8,999.0,E,8,0.7,E,8,-9900,?,9,-9900,?,9,0.0,E,8,-9900,?,9,-9900,?,9,0.0,0.0,E,8
10/14/2010,13:00,1301.829,1373.386,334.85,1,8,19.523,1,8,316.345,1,8,40182.0,1,8,1854.643,1,8,34797.976,1,8,106.234,1,8,-9900,?,9,-9900,?,9,14.57,E,8,11.57,E,8,84.0,E,8,822.9788000000001,E,8,999.0,E,8,0.7,E,8,-9900,?,9,-9900,?,9,0.003,E,8,-9900,?,9,-9900,?,9,0.03,99.0,E,8
10/14/2010,14:00,1181.442,1373.386,292.6,1,8,12.732,1,8,281.649,1,8,35112.0,1,8,1209.496,1,8,30981.385,1,8,104.228,1,8,-9900,?,9,-9900,?,9,14.79,E,8,11.65,E,8,81.0,E,8,822.9788000000001,E,8,999.0,E,8,0.7,E,8,-9900,?,9,-9900,?,9,0.0,E,8,-9900,?,9,-9900,?,9,0.0,0.0,E,8
10/14/2010,15:00,985.393,1373.386,239.91,1,8,17.159,1,8,227.602,1,8,28789.2,1,8,1630.119,1,8,25036.205,1,8,101.002,1,8,-9900,?,9,-9900,?,9,14.82,E,8,11.66,E,8,81.0,E,8,822.9788000000001,E,8,999.0,E,8,0.7,E,8,-9900,?,9,-9900,?,9,0.0,E,8,-9900,?,9,-9900,?,9,0.0,0.0,E,8
10/14/2010,16:00,727.127,1373.386,218.78,1,8,12.646,1,8,212.09,1,8,26253.6,1,8,1201.363,1,8,23329.874,1,8,127.608,1,8,-9900,?,9,-9900,?,9,14.79,E,8,11.65,E,8,81.0,E,8,822.9788000000001,E,8,999.0,E,8,0.7,E,8,-9900,?,9,-9900,?,9,0.0,E,8,-9900,?,9,-9900,?,9,0.0,0.0,E,8
10/14/2010,17:00,424.501,1373.386,95.36,1,8,0.0,1,8,95.36,1,8,11443.2,1,8,0.0,1,8,10489.6,1,8,98.474,1,8,-9900,?,9,-9900,?,9,14.33,E,8,11.48,E,8,82.0,E,8,822.9788000000001,E,8,999.0,E,8,0.7,E,8,-9900,?,9,-9900,?,9,0.0,E,8,-9900,?,9,-9900,?,9,0.0,0.0,E,8
10/14/2010,18:00,100.585,1373.386,39.68,1,8,90.196,1,8,33.37,1,8,4761.6,1,8,8568.628,1,8,3670.669,1,8,151.824,1,8,-9900,?,9,-9900,?,9,13.77,E,8,11.27,E,8,83.0,E,8,822.9788000000001,E,8,999.0,E,8,0.7,E,8,-9900,?,9,-9900,?,9,0.0,E,8,-9900,?,9,-9900,?,9,0.0,0.0,E,8
10/14/2010,19:00,0.0,1373.386,0.0,1,8,0.0,1,8,0.0,1,8,0.0,1,8,0.0,1,8,0.0,1,8,-0.0,1,8,-9900,?,9,-9900,?,9,13.16,E,8,11.04,E,8,84.0,E,8,822.9788000000001,E,8,999.0,E,8,0.7,E,8,-9900,?,9,-9900,?,9,0.0,E,8,-9900,?,9,-9900,?,9,0.0,0.0,E,8
10/14/2010,20:00,0.0,1373.386,0.0,1,8,0.0,1,8,0.0,1,8,0.0,1,8,0.0,1,8,0.0,1,8,-0.0,1,8,-9900,?,9,-9900,?,9,12.55,E,8,10.81,E,8,85.0,E,8,822.9788000000001,E,8,999.0,E,8,0.7,E,8,-9900,?,9,-9900,?,9,0.0,E,8,-9900,?,9,-9900,?,9,0.0,0.0,E,8
10/14/2010,21:00,0.0,1373.386,0.0,1,8,0.0,1,8,0.0,1,8,0.0,1,8,0.0,1,8,0.0,1,8,-0.0,1,8,-9900,?,9,-9900,?,9,11.94,E,8,10.57,E,8,89.0,E,8,822.9788000000001,E,8,999.0,E,8,0.7,E,8,-9900,?,9,-9900,?,9,0.001,E,8,-9900,?,9,-9900,?,9,0.01,99.0,E,8
10/14/2010,22:00,0.0,1373.386,0.0,1,8,0.0,1,8,0.0,1,8,0.0,1,8,0.0,1,8,0.0,1,8,-0.0,1,8,-9900,?,9,-9900,?,9,11.33,E,8,10.33,E,8,88.0,E,8,822.9788000000001,E,8,999.0,E,8,0.7,E,8,-9900,?,9,-9900,?,9,0.0,E,8,-9900,?,9,-9900,?,9,0.0,0.0,E,8
10/14/2010,23:00,0.0,1373.386,0.0,1,8,0.0,1,8,0.0,1,8,0.0,1,8,0.0,1,8,0.0,1,8,-0.0,1,8,-9900,?,9,-9900,?,9,10.72,E,8,10.08,E,8,92.0,E,8,822.9788000000001,E,8,999.0,E,8,0.7,E,8,-9900,?,9,-9900,?,9,0.018,E,8,-9900,?,9,-9900,?,9,0.18,99.0,E,8
10/14/2010,24:00,0.0,1373.386,0.0,1,8,0.0,1,8,0.0,1,8,0.0,1,8,0.0,1,8,0.0,1,8,-0.0,1,8,-9900,?,9,-9900,?,9,10.11,E,8,7.98,E,8,88.0,E,8,822.9788000000001,E,8,999.0,E,8,0.7,E,8,-9900,?,9,-9900,?,9,0.001,E,8,-9900,?,9,-9900,?,9,0.01,99.0,E,8
10/15/2010,01:00,0.0,1373.386,0.0,1,8,0.0,1,8,0.0,1,8,0.0,1,8,0.0,1,8,0.0,1,8,-0.0,1,8,-9900,?,9,-9900,?,9,9.81,E,8,8.02,E,8,86.0,E,8,822.9788000000001,E,8,999.0,E,8,0.7,E,8,-9900,?,9,-9900,?,9,0.0,E,8,-9900,?,9,-9900,?,9,0.0,0.0,E,8
10/15/2010,02:00,0.0,1373.386,0.0,1,8,0.0,1,8,0.0,1,8,0.0,1,8,0.0,1,8,0.0,1,8,-0.0,1,8,-9900,?,9,-9900,?,9,9.5,E,8,8.06,E,8,88.0,E,8,822.9788000000001,E,8,999.0,E,8,0.7,E,8,-9900,?,9,-9900,?,9,0.0,E,8,-9900,?,9,-9900,?,9,0.0,0.0,E,8
10/15/2010,03:00,0.0,1373.386,0.0,1,8,0.0,1,8,0.0,1,8,0.0,1,8,0.0,1,8,0.0,1,8,-0.0,1,8,-9900,?,9,-9900,?,9,9.2,E,8,8.09,E,8,89.0,E,8,822.9788000000001,E,8,999.0,E,8,0.7,E,8,-9900,?,9,-9900,?,9,0.0,E,8,-9900,?,9,-9900,?,9,0.0,0.0,E,8
10/15/2010,04:00,0.0,1374.19,0.0,1,8,0.0,1,8,0.0,1,8,0.0,1,8,0.0,1,8,0.0,1,8,-0.0,1,8,-9900,?,9,-9900,?,9,8.89,E,8,8.13,E,8,95.0,E,8,822.9788000000001,E,8,999.0,E,8,0.7,E,8,-9900,?,9,-9900,?,9,0.003,E,8,-9900,?,9,-9900,?,9,0.03,99.0,E,8
10/15/2010,05:00,0.0,1374.19,0.0,1,8,0.0,1,8,0.0,1,8,0.0,1,8,0.0,1,8,0.0,1,8,-0.0,1,8,-9900,?,9,-9900,?,9,8.62,E,8,8.16,E,8,97.0,E,8,822.9788000000001,E,8,999.0,E,8,0.7,E,8,-9900,?,9,-9900,?,9,0.005,E,8,-9900,?,9,-9900,?,9,0.05,99.0,E,8
10/15/2010,06:00,54.415,1374.19,0.0,1,8,0.0,1,8,0.0,1,8,0.0,1,8,0.0,1,8,0.0,1,8,0.0,1,8,-9900,?,9,-9900,?,9,8.42,E,8,8.19,E,8,98.0,E,8,822.9788000000001,E,8,999.0,E,8,0.7,E,8,-9900,?,9,-9900,?,9,0.007000000000000001,E,8,-9900,?,9,-9900,?,9,0.07,99.0,E,8
10/15/2010,07:00,378.223,1374.19,10.77,1,8,0.0,1,8,10.77,1,8,1292.4,1,8,0.0,1,8,1184.7,1,8,12.499,1,8,-9900,?,9,-9900,?,9,8.22,E,8,8.21,E,8,99.0,E,8,822.9788000000001,E,8,999.0,E,8,0.7,E,8,-9900,?,9,-9900,?,9,0.002,E,8,-9900,?,9,-9900,?,9,0.02,99.0,E,8
10/15/2010,08:00,685.967,1374.19,41.45,1,8,0.0,1,8,41.45,1,8,4974.0,1,8,0.0,1,8,4559.5,1,8,26.455,1,8,-9900,?,9,-9900,?,9,9.34,E,8,8.08,E,8,97.0,E,8,822.9788000000001,E,8,999.0,E,8,0.7,E,8,-9900,?,9,-9900,?,9,0.445,E,8,-9900,?,9,-9900,?,9,4.45,99.0,E,8
10/15/2010,09:00,952.344,1374.19,71.14,1,8,0.0,1,8,71.14,1,8,8536.8,1,8,0.0,1,8,7825.4,1,8,32.685,1,8,-9900,?,9,-9900,?,9,9.98,E,8,8.0,E,8,85.0,E,8,822.9788000000001,E,8,999.0,E,8,0.7,E,8,-9900,?,9,-9900,?,9,0.0,E,8,-9900,?,9,-9900,?,9,0.0,0.0,E,8
10/15/2010,10:00,1158.9,1374.19,95.92,1,8,0.0,1,8,95.92,1,8,11510.4,1,8,0.0,1,8,10551.2,1,8,36.209,1,8,-9900,?,9,-9900,?,9,10.57,E,8,7.92,E,8,82.0,E,8,822.9788000000001,E,8,999.0,E,8,0.7,E,8,-9900,?,9,-9900,?,9,0.0,E,8,-9900,?,9,-9900,?,9,0.0,0.0,E,8
10/15/2010,11:00,1291.496,1374.19,113.78,1,8,0.17,1,8,113.62,1,8,13653.6,1,8,16.181,1,8,12498.192,1,8,38.484,1,8,-9900,?,9,-9900,?,9,11.08,E,8,7.86,E,8,79.0,E,8,822.9788000000001,E,8,999.0,E,8,0.7,E,8,-9900,?,9,-9900,?,9,0.0,E,8,-9900,?,9,-9900,?,9,0.0,0.0,E,8
10/15/2010,12:00,1341.081,1374.19,123.39,1,8,0.989,1,8,122.425,1,8,14806.8,1,8,93.938,1,8,13466.752,1,8,39.932,1,8,-9900,?,9,-9900,?,9,11.49,E,8,7.81,E,8,77.0,E,8,822.9788000000001,E,8,999.0,E,8,0.7,E,8,-9900,?,9,-9900,?,9,0.0,E,8,-9900,?,9,-9900,?,9,0.0,0.0,E,8
10/15/2010,13:00,1304.282,1374.19,124.07,1,8,1.061,1,8,123.063,1,8,14888.4,1,8,100.784,1,8,13536.943,1,8,41.273,1,8,-9900,?,9,-9900,?,9,11.78,E,8,7.77,E,8,76.0,E,8,822.9788000000001,E,8,999.0,E,8,0.7,E,8,-9900,?,9,-9900,?,9,0.0,E,8,-9900,?,9,-9900,?,9,0.0,0.0,E,8
10/15/2010,14:00,1183.63,1374.19,115.76,1,8,0.118,1,8,115.658,1,8,13891.2,1,8,11.251,1,8,12722.38,1,8,42.747,1,8,-9900,?,9,-9900,?,9,11.96,E,8,7.75,E,8,75.0,E,8,822.9788000000001,E,8,999.0,E,8,0.7,E,8,-9900,?,9,-9900,?,9,0.0,E,8,-9900,?,9,-9900,?,9,0.0,0.0,E,8
10/15/2010,15:00,987.388,1374.19,99.07,1,8,0.0,1,8,99.07,1,8,11888.4,1,8,0.0,1,8,10897.7,1,8,43.901,1,8,-9900,?,9,-9900,?,9,12.02,E,8,7.74,E,8,75.0,E,8,822.9788000000001,E,8,999.0,E,8,0.7,E,8,-9900,?,9,-9900,?,9,0.0,E,8,-9900,?,9,-9900,?,9,0.0,0.0,E,8
10/15/2010,16:00,729.012,1374.19,75.21,1,8,0.0,1,8,75.21,1,8,9025.2,1,8,0.0,1,8,8273.1,1,8,45.161,1,8,-9900,?,9,-9900,?,9,11.92,E,8,7.76,E,8,75.0,E,8,822.9788000000001,E,8,999.0,E,8,0.7,E,8,-9900,?,9,-9900,?,9,0.0,E,8,-9900,?,9,-9900,?,9,0.0,0.0,E,8
10/15/2010,17:00,426.364,1374.19,46.11,1,8,0.0,1,8,46.11,1,8,5533.2,1,8,0.0,1,8,5072.1,1,8,47.434,1,8,-9900,?,9,-9900,?,9,11.65,E,8,7.79,E,8,76.0,E,8,822.9788000000001,E,8,999.0,E,8,0.7,E,8,-9900,?,9,-9900,?,9,0.0,E,8,-9900,?,9,-9900,?,9,0.0,0.0,E,8
10/15/2010,18:00,102.469,1374.19,15.1,1,8,0.0,1,8,15.1,1,8,1812.0,1,8,0.0,1,8,1661.0,1,8,67.38,1,8,-9900,?,9,-9900,?,9,11.23,E,8,7.84,E,8,83.0,E,8,822.9788000000001,E,8,999.0,E,8,0.74,E,8,-9900,?,9,-9900,?,9,0.025,E,8,-9900,?,9,-9900,?,9,0.25,99.0,E,8
10/15/2010,19:00,0.0,1374.19,0.0,1,8,0.0,1,8,0.0,1,8,0.0,1,8,0.0,1,8,0.0,1,8,-0.0,1,8,-9900,?,9,-9900,?,9,10.76,E,8,7.9,E,8,85.0,E,8,822.9788000000001,E,8,999.0,E,8,0.7,E,8,-9900,?,9,-9900,?,9,0.013000000000000001,E,8,-9900,?,9,-9900,?,9,0.13,99.0,E,8
10/15/2010,20:00,0.0,1374.19,0.0,1,8,0.0,1,8,0.0,1,8,0.0,1,8,0.0,1,8,0.0,1,8,-0.0,1,8,-9900,?,9,-9900,?,9,10.29,E,8,7.96,E,8,83.0,E,8,822.9788000000001,E,8,999.0,E,8,0.8,E,8,-9900,?,9,-9900,?,9,0.0,E,8,-9900,?,9,-9900,?,9,0.0,0.0,E,8
10/15/2010,21:00,0.0,1374.19,0.0,1,8,0.0,1,8,0.0,1,8,0.0,1,8,0.0,1,8,0.0,1,8,-0.0,1,8,-9900,?,9,-9900,?,9,9.82,E,8,8.02,E,8,86.0,E,8,822.9788000000001,E,8,999.0,E,8,0.7,E,8,-9900,?,9,-9900,?,9,0.0,E,8,-9900,?,9,-9900,?,9,0.0,0.0,E,8
10/15/2010,22:00,0.0,1374.19,0.0,1,8,0.0,1,8,0.0,1,8,0.0,1,8,0.0,1,8,0.0,1,8,-0.0,1,8,-9900,?,9,-9900,?,9,9.36,E,8,8.07,E,8,88.0,E,8,822.9788000000001,E,8,999.0,E,8,0.7,E,8,-9900,?,9,-9900,?,9,0.0,E,8,-9900,?,9,-9900,?,9,0.0,0.0,E,8
10/15/2010,23:00,0.0,1374.19,0.0,1,8,0.0,1,8,0.0,1,8,0.0,1,8,0.0,1,8,0.0,1,8,-0.0,1,8,-9900,?,9,-9900,?,9,8.89,E,8,8.13,E,8,91.0,E,8,822.9788000000001,E,8,999.0,E,8,0.7,E,8,-9900,?,9,-9900,?,9,0.0,E,8,-9900,?,9,-9900,?,9,0.0,0.0,E,8
10/15/2010,24:00,0.0,1374.19,0.0,1,8,0.0,1,8,0.0,1,8,0.0,1,8,0.0,1,8,0.0,1,8,-0.0,1,8,-9900,?,9,-9900,?,9,8.42,E,8,2.57,E,8,66.0,E,8,822.9788000000001,E,8,999.0,E,8,0.63,E,8,-9900,?,9,-9900,?,9,0.0,E,8,-9900,?,9,-9900,?,9,0.0,0.0,E,8
10/16/2010,01:00,0.0,1374.19,0.0,1,8,0.0,1,8,0.0,1,8,0.0,1,8,0.0,1,8,0.0,1,8,-0.0,1,8,-9900,?,9,-9900,?,9,8.18,E,8,3.07,E,8,70.0,E,8,822.9788000000001,E,8,999.0,E,8,0.33,E,8,-9900,?,9,-9900,?,9,0.0,E,8,-9900,?,9,-9900,?,9,0.0,0.0,E,8
10/16/2010,02:00,0.0,1374.19,0.0,1,8,0.0,1,8,0.0,1,8,0.0,1,8,0.0,1,8,0.0,1,8,-0.0,1,8,-9900,?,9,-9900,?,9,7.95,E,8,3.53,E,8,73.0,E,8,822.9788000000001,E,8,999.0,E,8,0.38,E,8,-9900,?,9,-9900,?,9,0.0,E,8,-9900,?,9,-9900,?,9,0.0,0.0,E,8
10/16/2010,03:00,0.0,1374.19,0.0,1,8,0.0,1,8,0.0,1,8,0.0,1,8,0.0,1,8,0.0,1,8,-0.0,1,8,-9900,?,9,-9900,?,9,7.72,E,8,3.98,E,8,77.0,E,8,822.9788000000001,E,8,999.0,E,8,0.38,E,8,-9900,?,9,-9900,?,9,0.0,E,8,-9900,?,9,-9900,?,9,0.0,0.0,E,8
10/16/2010,04:00,0.0,1374.991,0.0,1,8,0.0,1,8,0.0,1,8,0.0,1,8,0.0,1,8,0.0,1,8,-0.0,1,8,-9900,?,9,-9900,?,9,7.48,E,8,4.44,E,8,80.0,E,8,822.9788000000001,E,8,999.0,E,8,0.94,E,8,-9900,?,9,-9900,?,9,0.0,E,8,-9900,?,9,-9900,?,9,0.0,0.0,E,8
10/16/2010,05:00,0.0,1374.991,0.0,1,8,0.0,1,8,0.0,1,8,0.0,1,8,0.0,1,8,0.0,1,8,-0.0,1,8,-9900,?,9,-9900,?,9,7.27,E,8,4.83,E,8,84.0,E,8,822.9788000000001,E,8,999.0,E,8,1.01,E,8,-9900,?,9,-9900,?,9,0.0,E,8,-9900,?,9,-9900,?,9,0.0,0.0,E,8
10/16/2010,06:00,58.57,1374.991,0.0,1,8,0.0,1,8,0.0,1,8,0.0,1,8,0.0,1,8,0.0,1,8,0.0,1,8,-9900,?,9,-9900,?,9,7.12,E,8,5.1,E,8,86.0,E,8,822.9788000000001,E,8,999.0,E,8,1.32,E,8,-9900,?,9,-9900,?,9,0.0,E,8,-9900,?,9,-9900,?,9,0.0,0.0,E,8
10/16/2010,07:00,382.469,1374.991,30.88,1,8,0.0,1,8,30.88,1,8,3705.6,1,8,0.0,1,8,3396.8,1,8,35.459,1,8,-9900,?,9,-9900,?,9,6.96,E,8,5.38,E,8,89.0,E,8,822.9788000000001,E,8,999.0,E,8,1.26,E,8,-9900,?,9,-9900,?,9,0.0,E,8,-9900,?,9,-9900,?,9,0.0,0.0,E,8
10/16/2010,08:00,689.982,1374.991,87.73,1,8,0.0,1,8,87.73,1,8,10527.6,1,8,0.0,1,8,9650.3,1,8,55.698,1,8,-9900,?,9,-9900,?,9,8.16,E,8,3.11,E,8,70.0,E,8,822.9788000000001,E,8,999.0,E,8,1.59,E,8,-9900,?,9,-9900,?,9,0.0,E,8,-9900,?,9,-9900,?,9,0.0,0.0,E,8
10/16/2010,09:00,956.062,1374.991,165.49,1,8,1.898,1,8,164.171,1,8,19858.8,1,8,180.278,1,8,18058.802,1,8,75.179,1,8,-9900,?,9,-9900,?,9,8.88,E,8,1.57,E,8,60.0,E,8,822.9788000000001,E,8,999.0,E,8,1.38,E,8,-9900,?,9,-9900,?,9,0.0,E,8,-9900,?,9,-9900,?,9,0.0,0.0,E,8
10/16/2010,10:00,1162.285,1374.991,160.68,1,8,0.778,1,8,160.023,1,8,19281.6,1,8,73.9,1,8,17602.478,1,8,60.266,1,8,-9900,?,9,-9900,?,9,9.21,E,8,0.81,E,8,55.0,E,8,822.9788000000001,E,8,999.0,E,8,1.88,E,8,-9900,?,9,-9900,?,9,0.0,E,8,-9900,?,9,-9900,?,9,0.0,0.0,E,8
10/16/2010,11:00,1294.534,1374.991,316.92,1,8,6.502,1,8,310.799,1,8,38030.4,1,8,617.675,1,8,34187.873,1,8,105.083,1,8,-9900,?,9,-9900,?,9,10.05,E,8,-1.16,E,8,45.0,E,8,822.9788000000001,E,8,999.0,E,8,2.36,E,8,-9900,?,9,-9900,?,9,0.0,E,8,-9900,?,9,-9900,?,9,0.0,0.0,E,8
10/16/2010,12:00,1343.782,1374.991,343.53,1,8,6.886,1,8,336.801,1,8,41223.6,1,8,654.132,1,8,37048.086,1,8,109.698,1,8,-9900,?,9,-9900,?,9,10.69,E,8,-2.8,E,8,37.0,E,8,822.9788000000001,E,8,999.0,E,8,2.97,E,8,-9900,?,9,-9900,?,9,0.0,E,8,-9900,?,9,-9900,?,9,0.0,0.0,E,8
10/16/2010,13:00,1306.682,1374.991,345.31,1,8,6.995,1,8,338.663,1,8,41437.2,1,8,664.502,1,8,37252.925,1,8,113.439,1,8,-9900,?,9,-9900,?,9,11.16,E,8,-4.15,E,8,32.0,E,8,822.9788000000001,E,8,999.0,E,8,3.1,E,8,-9900,?,9,-9900,?,9,0.0,E,8,-9900,?,9,-9900,?,9,0.0,0.0,E,8
10/16/2010,14:00,1185.783,1374.991,250.35,1,8,3.62,1,8,247.229,1,8,30042.0,1,8,343.879,1,8,27195.151,1,8,91.261,1,8,-9900,?,9,-9900,?,9,11.27,E,8,-4.49,E,8,31.0,E,8,822.9788000000001,E,8,999.0,E,8,2.85,E,8,-9900,?,9,-9900,?,9,0.0,E,8,-9900,?,9,-9900,?,9,0.0,0.0,E,8
10/16/2010,15:00,989.366,1374.991,258.93,1,8,2.088,1,8,257.428,1,8,31071.6,1,8,198.362,1,8,28317.079,1,8,113.912,1,8,-9900,?,9,-9900,?,9,11.37,E,8,-4.8,E,8,30.0,E,8,822.9788000000001,E,8,999.0,E,8,3.31,E,8,-9900,?,9,-9900,?,9,0.0,E,8,-9900,?,9,-9900,?,9,0.0,0.0,E,8
10/16/2010,16:00,730.898,1374.991,248.78,1,8,19.531,1,8,238.406,1,8,29853.6,1,8,1855.434,1,8,26224.635,1,8,142.867,1,8,-9900,?,9,-9900,?,9,11.43,E,8,-5.0,E,8,29.0,E,8,822.9788000000001,E,8,999.0,E,8,3.5,E,8,-9900,?,9,-9900,?,9,0.0,E,8,-9900,?,9,-9900,?,9,0.0,0.0,E,8
10/16/2010,17:00,428.246,1374.991,218.49,1,8,299.152,1,8,125.569,1,8,26218.8,1,8,28419.435,1,8,13812.546,1,8,128.679,1,8,-9900,?,9,-9900,?,9,11.43,E,8,-5.0,E,8,29.0,E,8,822.9788000000001,E,8,999.0,E,8,3.52,E,8,-9900,?,9,-9900,?,9,0.0,E,8,-9900,?,9,-9900,?,9,0.0,0.0,E,8
10/16/2010,18:00,104.387,1374.991,52.06,1,8,278.92,1,8,31.774,1,8,6247.2,1,8,26497.399,1,8,3495.19,1,8,139.066,1,8,-9900,?,9,-9900,?,9,10.94,E,8,-3.5,E,8,34.0,E,8,822.9788000000001,E,8,999.0,E,8,3.08,E,8,-9900,?,9,-9900,?,9,0.0,E,8,-9900,?,9,-9900,?,9,0.0,0.0,E,8
10/16/2010,19:00,0.0,1374.991,0.0,1,8,0.0,1,8,0.0,1,8,0.0,1,8,0.0,1,8,0.0,1,8,-0.0,1,8,-9900,?,9,-9900,?,9,10.41,E,8,-2.06,E,8,40.0,E,8,822.9788000000001,E,8,999.0,E,8,3.27,E,8,-9900,?,9,-9900,?,9,0.0,E,8,-9900,?,9,-9900,?,9,0.0,0.0,E,8
10/16/2010,20:00,0.0,1374.991,0.0,1,8,0.0,1,8,0.0,1,8,0.0,1,8,0.0,1,8,0.0,1,8,-0.0,1,8,-9900,?,9,-9900,?,9,9.89,E,8,-0.78,E,8,46.0,E,8,822.9788000000001,E,8,999.0,E,8,4.35,E,8,-9900,?,9,-9900,?,9,0.0,E,8,-9900,?,9,-9900,?,9,0.0,0.0,E,8
10/16/2010,21:00,0.0,1374.991,0.0,1,8,0.0,1,8,0.0,1,8,0.0,1,8,0.0,1,8,0.0,1,8,-0.0,1,8,-9900,?,9,-9900,?,9,9.36,E,8,0.45,E,8,53.0,E,8,822.9788000000001,E,8,999.0,E,8,3.9,E,8,-9900,?,9,-9900,?,9,0.0,E,8,-9900,?,9,-9900,?,9,0.0,0.0,E,8
10/16/2010,22:00,0.0,1374.991,0.0,1,8,0.0,1,8,0.0,1,8,0.0,1,8,0.0,1,8,0.0,1,8,-0.0,1,8,-9900,?,9,-9900,?,9,8.83,E,8,1.68,E,8,60.0,E,8,822.9788000000001,E,8,999.0,E,8,3.7,E,8,-9900,?,9,-9900,?,9,0.0,E,8,-9900,?,9,-9900,?,9,0.0,0.0,E,8
10/16/2010,23:00,0.0,1374.991,0.0,1,8,0.0,1,8,0.0,1,8,0.0,1,8,0.0,1,8,0.0,1,8,-0.0,1,8,-9900,?,9,-9900,?,9,8.31,E,8,2.8,E,8,68.0,E,8,822.9788000000001,E,8,999.0,E,8,2.93,E,8,-9900,?,9,-9900,?,9,0.0,E,8,-9900,?,9,-9900,?,9,0.0,0.0,E,8
10/16/2010,24:00,0.0,1374.991,0.0,1,8,0.0,1,8,0.0,1,8,0.0,1,8,0.0,1,8,0.0,1,8,-0.0,1,8,-9900,?,9,-9900,?,9,7.78,E,8,2.88,E,8,71.0,E,8,822.9788000000001,E,8,999.0,E,8,4.54,E,8,-9900,?,9,-9900,?,9,0.0,E,8,-9900,?,9,-9900,?,9,0.0,0.0,E,8
10/17/2010,01:00,0.0,1374.991,0.0,1,8,0.0,1,8,0.0,1,8,0.0,1,8,0.0,1,8,0.0,1,8,-0.0,1,8,-9900,?,9,-9900,?,9,7.52,E,8,2.99,E,8,72.0,E,8,822.9788000000001,E,8,999.0,E,8,5.3,E,8,-9900,?,9,-9900,?,9,0.0,E,8,-9900,?,9,-9900,?,9,0.0,0.0,E,8
10/17/2010,02:00,0.0,1374.991,0.0,1,8,0.0,1,8,0.0,1,8,0.0,1,8,0.0,1,8,0.0,1,8,-0.0,1,8,-9900,?,9,-9900,?,9,7.26,E,8,3.1,E,8,74.0,E,8,822.9788000000001,E,8,999.0,E,8,4.86,E,8,-9900,?,9,-9900,?,9,0.0,E,8,-9900,?,9,-9900,?,9,0.0,0.0,E,8
10/17/2010,03:00,0.0,1374.991,0.0,1,8,0.0,1,8,0.0,1,8,0.0,1,8,0.0,1,8,0.0,1,8,-0.0,1,8,-9900,?,9,-9900,?,9,6.99,E,8,3.21,E,8,76.0,E,8,822.9788000000001,E,8,999.0,E,8,4.3,E,8,-9900,?,9,-9900,?,9,0.0,E,8,-9900,?,9,-9900,?,9,0.0,0.0,E,8
10/17/2010,04:00,0.0,1375.791,0.0,1,8,0.0,1,8,0.0,1,8,0.0,1,8,0.0,1,8,0.0,1,8,-0.0,1,8,-9900,?,9,-9900,?,9,6.73,E,8,3.32,E,8,78.0,E,8,822.9788000000001,E,8,999.0,E,8,4.33,E,8,-9900,?,9,-9900,?,9,0.0,E,8,-9900,?,9,-9900,?,9,0.0,0.0,E,8
10/17/2010,05:00,0.0,1375.791,0.0,1,8,0.0,1,8,0.0,1,8,0.0,1,8,0.0,1,8,0.0,1,8,-0.0,1,8,-9900,?,9,-9900,?,9,6.5,E,8,3.41,E,8,80.0,E,8,822.9788000000001,E,8,999.0,E,8,4.84,E,8,-9900,?,9,-9900,?,9,0.0,E,8,-9900,?,9,-9900,?,9,0.0,0.0,E,8
10/17/2010,06:00,62.679,1375.791,0.0,1,8,0.0,1,8,0.0,1,8,0.0,1,8,0.0,1,8,0.0,1,8,0.0,1,8,-9900,?,9,-9900,?,9,6.32,E,8,3.49,E,8,82.0,E,8,822.9788000000001,E,8,999.0,E,8,7.11,E,8,-9900,?,9,-9900,?,9,0.0,E,8,-9900,?,9,-9900,?,9,0.0,0.0,E,8
10/17/2010,07:00,386.636,1375.791,53.7,1,8,0.0,1,8,53.7,1,8,6444.0,1,8,0.0,1,8,5907.0,1,8,61.029,1,8,-9900,?,9,-9900,?,9,6.15,E,8,3.55,E,8,83.0,E,8,822.9788000000001,E,8,999.0,E,8,4.91,E,8,-9900,?,9,-9900,?,9,0.0,E,8,-9900,?,9,-9900,?,9,0.0,0.0,E,8
10/17/2010,08:00,693.91,1375.791,197.93,1,8,14.505,1,8,190.62,1,8,23751.6,1,8,1377.953,1,8,20968.252,1,8,120.404,1,8,-9900,?,9,-9900,?,9,8.1,E,8,2.75,E,8,68.0,E,8,822.9788000000001,E,8,999.0,E,8,6.72,E,8,-9900,?,9,-9900,?,9,0.0,E,8,-9900,?,9,-9900,?,9,0.0,0.0,E,8
10/17/2010,09:00,959.691,1375.791,337.0,1,8,15.147,1,8,326.437,1,8,40440.0,1,8,1438.982,1,8,35908.099,1,8,149.007,1,8,-9900,?,9,-9900,?,9,9.19,E,8,2.28,E,8,61.0,E,8,822.9788000000001,E,8,999.0,E,8,4.93,E,8,-9900,?,9,-9900,?,9,0.0,E,8,-9900,?,9,-9900,?,9,0.0,0.0,E,8
10/17/2010,10:00,1165.583,1375.791,452.97,1,8,12.211,1,8,442.626,1,8,54356.4,1,8,1160.004,1,8,48688.891,1,8,166.321,1,8,-9900,?,9,-9900,?,9,10.19,E,8,1.83,E,8,56.0,E,8,822.9788000000001,E,8,999.0,E,8,6.02,E,8,-9900,?,9,-9900,?,9,0.0,E,8,-9900,?,9,-9900,?,9,0.0,0.0,E,8
10/17/2010,11:00,1297.492,1375.791,536.41,1,8,3.646,1,8,532.972,1,8,64369.2,1,8,346.337,1,8,58626.915,1,8,179.895,1,8,-9900,?,9,-9900,?,9,11.04,E,8,1.44,E,8,51.0,E,8,822.9788000000001,E,8,999.0,E,8,8.77,E,8,-9900,?,9,-9900,?,9,0.0,E,8,-9900,?,9,-9900,?,9,0.0,0.0,E,8
10/17/2010,12:00,1346.416,1375.791,581.16,1,8,4.168,1,8,577.081,1,8,69739.2,1,8,395.953,1,8,63478.923,1,8,187.701,1,8,-9900,?,9,-9900,?,9,11.73,E,8,1.12,E,8,48.0,E,8,822.9788000000001,E,8,999.0,E,8,9.97,E,8,-9900,?,9,-9900,?,9,0.0,E,8,-9900,?,9,-9900,?,9,0.0,0.0,E,8
10/17/2010,13:00,1309.028,1375.791,584.01,1,8,4.884,1,8,579.363,1,8,70081.2,1,8,464.004,1,8,63729.919,1,8,193.828,1,8,-9900,?,9,-9900,?,9,12.23,E,8,0.88,E,8,45.0,E,8,822.9788000000001,E,8,999.0,E,8,11.08,E,8,-9900,?,9,-9900,?,9,0.0,E,8,-9900,?,9,-9900,?,9,0.0,0.0,E,8
10/17/2010,14:00,1187.9,1375.791,544.78,1,8,92.997,1,8,464.492,1,8,65373.6,1,8,8834.717,1,8,51094.07,1,8,171.255,1,8,-9900,?,9,-9900,?,9,12.52,E,8,0.74,E,8,44.0,E,8,822.9788000000001,E,8,999.0,E,8,10.86,E,8,-9900,?,9,-9900,?,9,0.0,E,8,-9900,?,9,-9900,?,9,0.0,0.0,E,8
10/17/2010,15:00,991.327,1375.791,466.28,1,8,82.594,1,8,406.783,1,8,55953.6,1,8,7846.466,1,8,44746.104,1,8,179.749,1,8,-9900,?,9,-9900,?,9,12.62,E,8,0.7,E,8,43.0,E,8,822.9788000000001,E,8,999.0,E,8,8.88,E,8,-9900,?,9,-9900,?,9,0.0,E,8,-9900,?,9,-9900,?,9,0.0,0.0,E,8
10/17/2010,16:00,732.786,1375.791,354.28,1,8,95.098,1,8,303.666,1,8,42513.6,1,8,9034.298,1,8,33403.215,1,8,181.611,1,8,-9900,?,9,-9900,?,9,12.45,E,8,0.78,E,8,44.0,E,8,822.9788000000001,E,8,999.0,E,8,9.16,E,8,-9900,?,9,-9900,?,9,0.0,E,8,-9900,?,9,-9900,?,9,0.0,0.0,E,8
10/17/2010,17:00,430.147,1375.791,217.7,1,8,290.592,1,8,127.087,1,8,26124.0,1,8,27606.222,1,8,13979.619,1,8,129.732,1,8,-9900,?,9,-9900,?,9,11.99,E,8,1.0,E,8,46.0,E,8,822.9788000000001,E,8,999.0,E,8,5.88,E,8,-9900,?,9,-9900,?,9,0.0,E,8,-9900,?,9,-9900,?,9,0.0,0.0,E,8
10/17/2010,18:00,106.339,1375.791,72.19,1,8,272.858,1,8,51.958,1,8,8662.8,1,8,25921.54,1,8,5715.42,1,8,223.055,1,8,-9900,?,9,-9900,?,9,11.29,E,8,1.33,E,8,50.0,E,8,822.9788000000001,E,8,999.0,E,8,4.16,E,8,-9900,?,9,-9900,?,9,0.0,E,8,-9900,?,9,-9900,?,9,0.0,0.0,E,8
10/17/2010,19:00,0.0,1375.791,0.0,1,8,0.0,1,8,0.0,1,8,0.0,1,8,0.0,1,8,0.0,1,8,-0.0,1,8,-9900,?,9,-9900,?,9,10.74,E,8,1.58,E,8,53.0,E,8,822.9788000000001,E,8,999.0,E,8,2.09,E,8,-9900,?,9,-9900,?,9,0.0,E,8,-9900,?,9,-9900,?,9,0.0,0.0,E,8
10/17/2010,20:00,0.0,1375.791,0.0,1,8,0.0,1,8,0.0,1,8,0.0,1,8,0.0,1,8,0.0,1,8,-0.0,1,8,-9900,?,9,-9900,?,9,10.19,E,8,1.83,E,8,56.0,E,8,822.9788000000001,E,8,999.0,E,8,1.45,E,8,-9900,?,9,-9900,?,9,0.0,E,8,-9900,?,9,-9900,?,9,0.0,0.0,E,8
10/17/2010,21:00,0.0,1375.791,0.0,1,8,0.0,1,8,0.0,1,8,0.0,1,8,0.0,1,8,0.0,1,8,-0.0,1,8,-9900,?,9,-9900,?,9,9.64,E,8,2.08,E,8,59.0,E,8,822.9788000000001,E,8,999.0,E,8,0.59,E,8,-9900,?,9,-9900,?,9,0.0,E,8,-9900,?,9,-9900,?,9,0.0,0.0,E,8
10/17/2010,22:00,0.0,1375.791,0.0,1,8,0.0,1,8,0.0,1,8,0.0,1,8,0.0,1,8,0.0,1,8,-0.0,1,8,-9900,?,9,-9900,?,9,9.09,E,8,2.32,E,8,62.0,E,8,822.9788000000001,E,8,999.0,E,8,0.62,E,8,-9900,?,9,-9900,?,9,0.0,E,8,-9900,?,9,-9900,?,9,0.0,0.0,E,8
10/17/2010,23:00,0.0,1375.791,0.0,1,8,0.0,1,8,0.0,1,8,0.0,1,8,0.0,1,8,0.0,1,8,-0.0,1,8,-9900,?,9,-9900,?,9,8.54,E,8,2.56,E,8,66.0,E,8,822.9788000000001,E,8,999.0,E,8,0.99,E,8,-9900,?,9,-9900,?,9,0.0,E,8,-9900,?,9,-9900,?,9,0.0,0.0,E,8
10/17/2010,24:00,0.0,1375.791,0.0,1,8,0.0,1,8,0.0,1,8,0.0,1,8,0.0,1,8,0.0,1,8,-0.0,1,8,-9900,?,9,-9900,?,9,8.0,E,8,3.79,E,8,74.0,E,8,822.9788000000001,E,8,999.0,E,8,0.87,E,8,-9900,?,9,-9900,?,9,0.0,E,8,-9900,?,9,-9900,?,9,0.0,0.0,E,8
10/18/2010,01:00,0.0,1375.791,0.0,1,8,0.0,1,8,0.0,1,8,0.0,1,8,0.0,1,8,0.0,1,8,-0.0,1,8,-9900,?,9,-9900,?,9,7.72,E,8,4.0,E,8,77.0,E,8,822.9788000000001,E,8,999.0,E,8,1.46,E,8,-9900,?,9,-9900,?,9,0.0,E,8,-9900,?,9,-9900,?,9,0.0,0.0,E,8
10/18/2010,02:00,0.0,1375.791,0.0,1,8,0.0,1,8,0.0,1,8,0.0,1,8,0.0,1,8,0.0,1,8,-0.0,1,8,-9900,?,9,-9900,?,9,7.45,E,8,4.2,E,8,79.0,E,8,822.9788000000001,E,8,999.0,E,8,1.06,E,8,-9900,?,9,-9900,?,9,0.0,E,8,-9900,?,9,-9900,?,9,0.0,0.0,E,8
10/18/2010,03:00,0.0,1375.791,0.0,1,8,0.0,1,8,0.0,1,8,0.0,1,8,0.0,1,8,0.0,1,8,-0.0,1,8,-9900,?,9,-9900,?,9,7.17,E,8,4.4,E,8,82.0,E,8,822.9788000000001,E,8,999.0,E,8,1.01,E,8,-9900,?,9,-9900,?,9,0.0,E,8,-9900,?,9,-9900,?,9,0.0,0.0,E,8
10/18/2010,04:00,0.0,1376.589,0.0,1,8,0.0,1,8,0.0,1,8,0.0,1,8,0.0,1,8,0.0,1,8,-0.0,1,8,-9900,?,9,-9900,?,9,6.9,E,8,4.59,E,8,85.0,E,8,822.9788000000001,E,8,999.0,E,8,0.65,E,8,-9900,?,9,-9900,?,9,0.0,E,8,-9900,?,9,-9900,?,9,0.0,0.0,E,8
10/18/2010,05:00,0.0,1376.589,0.0,1,8,0.0,1,8,0.0,1,8,0.0,1,8,0.0,1,8,0.0,1,8,-0.0,1,8,-9900,?,9,-9900,?,9,6.65,E,8,4.77,E,8,87.0,E,8,822.9788000000001,E,8,999.0,E,8,1.63,E,8,-9900,?,9,-9900,?,9,0.0,E,8,-9900,?,9,-9900,?,9,0.0,0.0,E,8
10/18/2010,06:00,66.738,1376.589,0.0,1,8,0.0,1,8,0.0,1,8,0.0,1,8,0.0,1,8,0.0,1,8,0.0,1,8,-9900,?,9,-9900,?,9,6.47,E,8,4.89,E,8,89.0,E,8,822.9788000000001,E,8,999.0,E,8,2.13,E,8,-9900,?,9,-9900,?,9,0.0,E,8,-9900,?,9,-9900,?,9,0.0,0.0,E,8
10/18/2010,07:00,390.722,1376.589,42.43,1,8,0.0,1,8,42.43,1,8,5091.6,1,8,0.0,1,8,4667.3,1,8,47.741,1,8,-9900,?,9,-9900,?,9,6.29,E,8,5.02,E,8,91.0,E,8,822.9788000000001,E,8,999.0,E,8,1.62,E,8,-9900,?,9,-9900,?,9,0.0,E,8,-9900,?,9,-9900,?,9,0.0,0.0,E,8
10/18/2010,08:00,697.749,1376.589,133.8,1,8,0.0,1,8,133.8,1,8,16056.0,1,8,0.0,1,8,14718.0,1,8,84.097,1,8,-9900,?,9,-9900,?,9,7.73,E,8,3.99,E,8,77.0,E,8,822.9788000000001,E,8,999.0,E,8,0.56,E,8,-9900,?,9,-9900,?,9,0.0,E,8,-9900,?,9,-9900,?,9,0.0,0.0,E,8
10/18/2010,09:00,963.229,1376.589,462.81,1,8,168.073,1,8,345.242,1,8,55537.2,1,8,15966.896,1,8,37976.612,1,8,157.102,1,8,-9900,?,9,-9900,?,9,9.78,E,8,2.4,E,8,60.0,E,8,822.9788000000001,E,8,999.0,E,8,0.62,E,8,-9900,?,9,-9900,?,9,0.0,E,8,-9900,?,9,-9900,?,9,0.0,0.0,E,8
10/18/2010,10:00,1168.793,1376.589,483.71,1,8,63.748,1,8,429.591,1,8,58045.2,1,8,6056.064,1,8,47254.995,1,8,161.072,1,8,-9900,?,9,-9900,?,9,10.89,E,8,1.47,E,8,52.0,E,8,822.9788000000001,E,8,999.0,E,8,1.31,E,8,-9900,?,9,-9900,?,9,0.0,E,8,-9900,?,9,-9900,?,9,0.0,0.0,E,8
10/18/2010,11:00,1300.37,1376.589,621.69,1,8,10.197,1,8,612.058,1,8,74602.8,1,8,968.722,1,8,67326.364,1,8,206.251,1,8,-9900,?,9,-9900,?,9,12.0,E,8,0.47,E,8,45.0,E,8,822.9788000000001,E,8,999.0,E,8,2.42,E,8,-9900,?,9,-9900,?,9,0.0,E,8,-9900,?,9,-9900,?,9,0.0,0.0,E,8
10/18/2010,12:00,1348.982,1376.589,734.98,1,8,16.899,1,8,718.42,1,8,88197.6,1,8,1605.414,1,8,79026.201,1,8,233.363,1,8,-9900,?,9,-9900,?,9,13.06,E,8,-0.48,E,8,39.0,E,8,822.9788000000001,E,8,999.0,E,8,4.05,E,8,-9900,?,9,-9900,?,9,0.0,E,8,-9900,?,9,-9900,?,9,0.0,0.0,E,8
10/18/2010,13:00,1311.323,1376.589,738.4,1,8,12.667,1,8,726.334,1,8,88608.0,1,8,1203.403,1,8,79896.689,1,8,242.713,1,8,-9900,?,9,-9900,?,9,13.82,E,8,-1.16,E,8,35.0,E,8,822.9788000000001,E,8,999.0,E,8,2.81,E,8,-9900,?,9,-9900,?,9,0.0,E,8,-9900,?,9,-9900,?,9,0.0,0.0,E,8
10/18/2010,14:00,1189.984,1376.589,688.73,1,8,215.882,1,8,502.131,1,8,82647.6,1,8,20508.757,1,8,55234.408,1,8,184.916,1,8,-9900,?,9,-9900,?,9,14.28,E,8,-1.59,E,8,32.0,E,8,822.9788000000001,E,8,999.0,E,8,3.13,E,8,-9900,?,9,-9900,?,9,0.0,E,8,-9900,?,9,-9900,?,9,0.0,0.0,E,8
10/18/2010,15:00,993.273,1376.589,589.52,1,8,277.46,1,8,389.374,1,8,70742.4,1,8,26358.69,1,8,42831.135,1,8,171.819,1,8,-9900,?,9,-9900,?,9,14.47,E,8,-1.77,E,8,32.0,E,8,822.9788000000001,E,8,999.0,E,8,2.85,E,8,-9900,?,9,-9900,?,9,0.0,E,8,-9900,?,9,-9900,?,9,0.0,0.0,E,8
10/18/2010,16:00,734.677,1376.589,448.08,1,8,369.818,1,8,250.856,1,8,53769.6,1,8,35132.703,1,8,27594.107,1,8,149.727,1,8,-9900,?,9,-9900,?,9,14.33,E,8,-1.64,E,8,32.0,E,8,822.9788000000001,E,8,999.0,E,8,2.18,E,8,-9900,?,9,-9900,?,9,0.0,E,8,-9900,?,9,-9900,?,9,0.0,0.0,E,8
10/18/2010,17:00,432.069,1376.589,275.67,1,8,468.179,1,8,129.112,1,8,33080.4,1,8,44476.965,1,8,14202.288,1,8,131.286,1,8,-9900,?,9,-9900,?,9,13.77,E,8,-1.11,E,8,35.0,E,8,822.9788000000001,E,8,999.0,E,8,1.56,E,8,-9900,?,9,-9900,?,9,0.0,E,8,-9900,?,9,-9900,?,9,0.0,0.0,E,8
10/18/2010,18:00,108.326,1376.589,92.0,1,8,313.74,1,8,68.285,1,8,11040.0,1,8,29805.264,1,8,7511.322,1,8,287.551,1,8,-9900,?,9,-9900,?,9,12.88,E,8,-0.32,E,8,40.0,E,8,822.9788000000001,E,8,999.0,E,8,0.86,E,8,-9900,?,9,-9900,?,9,0.0,E,8,-9900,?,9,-9900,?,9,0.0,0.0,E,8
10/18/2010,19:00,0.0,1376.589,0.0,1,8,0.0,1,8,0.0,1,8,0.0,1,8,0.0,1,8,0.0,1,8,-0.0,1,8,-9900,?,9,-9900,?,9,12.12,E,8,0.36,E,8,44.0,E,8,822.9788000000001,E,8,999.0,E,8,0.44,E,8,-9900,?,9,-9900,?,9,0.0,E,8,-9900,?,9,-9900,?,9,0.0,0.0,E,8
10/18/2010,20:00,0.0,1376.589,0.0,1,8,0.0,1,8,0.0,1,8,0.0,1,8,0.0,1,8,0.0,1,8,-0.0,1,8,-9900,?,9,-9900,?,9,11.37,E,8,1.04,E,8,48.0,E,8,822.9788000000001,E,8,999.0,E,8,0.42,E,8,-9900,?,9,-9900,?,9,0.0,E,8,-9900,?,9,-9900,?,9,0.0,0.0,E,8
10/18/2010,21:00,0.0,1376.589,0.0,1,8,0.0,1,8,0.0,1,8,0.0,1,8,0.0,1,8,0.0,1,8,-0.0,1,8,-9900,?,9,-9900,?,9,10.61,E,8,1.71,E,8,54.0,E,8,822.9788000000001,E,8,999.0,E,8,0.42,E,8,-9900,?,9,-9900,?,9,0.0,E,8,-9900,?,9,-9900,?,9,0.0,0.0,E,8
10/18/2010,22:00,0.0,1376.589,0.0,1,8,0.0,1,8,0.0,1,8,0.0,1,8,0.0,1,8,0.0,1,8,-0.0,1,8,-9900,?,9,-9900,?,9,9.85,E,8,2.34,E,8,59.0,E,8,822.9788000000001,E,8,999.0,E,8,0.42,E,8,-9900,?,9,-9900,?,9,0.0,E,8,-9900,?,9,-9900,?,9,0.0,0.0,E,8
10/18/2010,23:00,0.0,1376.589,0.0,1,8,0.0,1,8,0.0,1,8,0.0,1,8,0.0,1,8,0.0,1,8,-0.0,1,8,-9900,?,9,-9900,?,9,9.1,E,8,2.95,E,8,65.0,E,8,822.9788000000001,E,8,999.0,E,8,0.42,E,8,-9900,?,9,-9900,?,9,0.0,E,8,-9900,?,9,-9900,?,9,0.0,0.0,E,8
10/18/2010,24:00,0.0,1376.589,0.0,1,8,0.0,1,8,0.0,1,8,0.0,1,8,0.0,1,8,0.0,1,8,-0.0,1,8,-9900,?,9,-9900,?,9,8.34,E,8,4.87,E,8,78.0,E,8,822.9788000000001,E,8,999.0,E,8,0.19,E,8,-9900,?,9,-9900,?,9,0.0,E,8,-9900,?,9,-9900,?,9,0.0,0.0,E,8
10/19/2010,01:00,0.0,1376.589,0.0,1,8,0.0,1,8,0.0,1,8,0.0,1,8,0.0,1,8,0.0,1,8,-0.0,1,8,-9900,?,9,-9900,?,9,7.96,E,8,4.98,E,8,81.0,E,8,822.9788000000001,E,8,999.0,E,8,0.19,E,8,-9900,?,9,-9900,?,9,0.0,E,8,-9900,?,9,-9900,?,9,0.0,0.0,E,8
10/19/2010,02:00,0.0,1376.589,0.0,1,8,0.0,1,8,0.0,1,8,0.0,1,8,0.0,1,8,0.0,1,8,-0.0,1,8,-9900,?,9,-9900,?,9,7.58,E,8,5.09,E,8,84.0,E,8,822.9788000000001,E,8,999.0,E,8,0.19,E,8,-9900,?,9,-9900,?,9,0.0,E,8,-9900,?,9,-9900,?,9,0.0,0.0,E,8
10/19/2010,03:00,0.0,1376.589,0.0,1,8,0.0,1,8,0.0,1,8,0.0,1,8,0.0,1,8,0.0,1,8,-0.0,1,8,-9900,?,9,-9900,?,9,7.2,E,8,5.2,E,8,87.0,E,8,822.9788000000001,E,8,999.0,E,8,0.19,E,8,-9900,?,9,-9900,?,9,0.0,E,8,-9900,?,9,-9900,?,9,0.0,0.0,E,8
10/19/2010,04:00,0.0,1377.384,0.0,1,8,0.0,1,8,0.0,1,8,0.0,1,8,0.0,1,8,0.0,1,8,-0.0,1,8,-9900,?,9,-9900,?,9,6.83,E,8,5.3,E,8,89.0,E,8,822.9788000000001,E,8,999.0,E,8,0.19,E,8,-9900,?,9,-9900,?,9,0.0,E,8,-9900,?,9,-9900,?,9,0.0,0.0,E,8
10/19/2010,05:00,0.0,1377.384,0.0,1,8,0.0,1,8,0.0,1,8,0.0,1,8,0.0,1,8,0.0,1,8,-0.0,1,8,-9900,?,9,-9900,?,9,6.49,E,8,5.4,E,8,92.0,E,8,822.9788000000001,E,8,999.0,E,8,0.19,E,8,-9900,?,9,-9900,?,9,0.0,E,8,-9900,?,9,-9900,?,9,0.0,0.0,E,8
10/19/2010,06:00,70.74,1377.384,0.0,1,8,0.0,1,8,0.0,1,8,0.0,1,8,0.0,1,8,0.0,1,8,0.0,1,8,-9900,?,9,-9900,?,9,6.24,E,8,5.46,E,8,94.0,E,8,822.9788000000001,E,8,999.0,E,8,0.19,E,8,-9900,?,9,-9900,?,9,0.0,E,8,-9900,?,9,-9900,?,9,0.0,0.0,E,8
10/19/2010,07:00,394.722,1377.384,63.28,1,8,0.0,1,8,63.28,1,8,7593.6,1,8,0.0,1,8,6960.8,1,8,70.515,1,8,-9900,?,9,-9900,?,9,5.99,E,8,5.53,E,8,96.0,E,8,822.9788000000001,E,8,999.0,E,8,0.19,E,8,-9900,?,9,-9900,?,9,0.0,E,8,-9900,?,9,-9900,?,9,0.0,0.0,E,8
10/19/2010,08:00,701.497,1377.384,224.3,1,8,24.841,1,8,211.659,1,8,26916.0,1,8,2359.933,1,8,23282.483,1,8,132.397,1,8,-9900,?,9,-9900,?,9,8.36,E,8,4.86,E,8,78.0,E,8,822.9788000000001,E,8,999.0,E,8,0.3,E,8,-9900,?,9,-9900,?,9,0.0,E,8,-9900,?,9,-9900,?,9,0.0,0.0,E,8
10/19/2010,09:00,966.675,1377.384,379.06,1,8,23.223,1,8,362.766,1,8,45487.2,1,8,2206.21,1,8,39904.303,1,8,164.582,1,8,-9900,?,9,-9900,?,9,9.66,E,8,4.49,E,8,70.0,E,8,822.9788000000001,E,8,999.0,E,8,0.52,E,8,-9900,?,9,-9900,?,9,0.0,E,8,-9900,?,9,-9900,?,9,0.0,0.0,E,8
10/19/2010,10:00,1171.915,1377.384,507.98,1,8,75.161,1,8,444.038,1,8,60957.6,1,8,7140.33,1,8,48844.168,1,8,166.141,1,8,-9900,?,9,-9900,?,9,10.84,E,8,4.13,E,8,63.0,E,8,822.9788000000001,E,8,999.0,E,8,0.67,E,8,-9900,?,9,-9900,?,9,0.0,E,8,-9900,?,9,-9900,?,9,0.0,0.0,E,8
10/19/2010,11:00,1303.169,1377.384,600.63,1,8,5.609,1,8,595.323,1,8,72075.6,1,8,532.901,1,8,65485.524,1,8,200.296,1,8,-9900,?,9,-9900,?,9,11.85,E,8,3.82,E,8,57.0,E,8,822.9788000000001,E,8,999.0,E,8,0.62,E,8,-9900,?,9,-9900,?,9,0.0,E,8,-9900,?,9,-9900,?,9,0.0,0.0,E,8
10/19/2010,12:00,1351.481,1377.384,650.16,1,8,6.461,1,8,643.821,1,8,78019.2,1,8,613.762,1,8,70820.301,1,8,208.865,1,8,-9900,?,9,-9900,?,9,12.66,E,8,3.57,E,8,53.0,E,8,822.9788000000001,E,8,999.0,E,8,1.22,E,8,-9900,?,9,-9900,?,9,0.0,E,8,-9900,?,9,-9900,?,9,0.0,0.0,E,8
10/19/2010,13:00,1313.567,1377.384,653.02,1,8,7.596,1,8,645.776,1,8,78362.4,1,8,721.626,1,8,71035.37,1,8,215.55,1,8,-9900,?,9,-9900,?,9,13.25,E,8,3.39,E,8,51.0,E,8,822.9788000000001,E,8,999.0,E,8,2.16,E,8,-9900,?,9,-9900,?,9,0.0,E,8,-9900,?,9,-9900,?,9,0.0,0.0,E,8
10/19/2010,14:00,1192.033,1377.384,609.04,1,8,144.218,1,8,484.242,1,8,73084.8,1,8,13700.671,1,8,53266.583,1,8,178.124,1,8,-9900,?,9,-9900,?,9,13.6,E,8,3.28,E,8,49.0,E,8,822.9788000000001,E,8,999.0,E,8,2.05,E,8,-9900,?,9,-9900,?,9,0.0,E,8,-9900,?,9,-9900,?,9,0.0,0.0,E,8
10/19/2010,15:00,995.204,1377.384,521.35,1,8,215.793,1,8,365.475,1,8,62562.0,1,8,20500.304,1,8,40202.231,1,8,161.052,1,8,-9900,?,9,-9900,?,9,13.71,E,8,3.24,E,8,49.0,E,8,822.9788000000001,E,8,999.0,E,8,2.55,E,8,-9900,?,9,-9900,?,9,0.0,E,8,-9900,?,9,-9900,?,9,0.0,0.0,E,8
10/19/2010,16:00,736.573,1377.384,396.43,1,8,276.621,1,8,248.612,1,8,47571.6,1,8,26279.015,1,8,27347.279,1,8,148.091,1,8,-9900,?,9,-9900,?,9,13.51,E,8,3.3,E,8,50.0,E,8,822.9788000000001,E,8,999.0,E,8,2.06,E,8,-9900,?,9,-9900,?,9,0.0,E,8,-9900,?,9,-9900,?,9,0.0,0.0,E,8
10/19/2010,17:00,434.012,1377.384,244.2,1,8,355.823,1,8,132.374,1,8,29304.0,1,8,33803.218,1,8,14561.195,1,8,134.075,1,8,-9900,?,9,-9900,?,9,12.96,E,8,3.48,E,8,52.0,E,8,822.9788000000001,E,8,999.0,E,8,1.22,E,8,-9900,?,9,-9900,?,9,0.0,E,8,-9900,?,9,-9900,?,9,0.0,0.0,E,8
10/19/2010,18:00,110.349,1377.384,82.01,1,8,273.103,1,8,60.966,1,8,9841.2,1,8,25944.821,1,8,6706.256,1,8,251.846,1,8,-9900,?,9,-9900,?,9,12.12,E,8,3.74,E,8,56.0,E,8,822.9788000000001,E,8,999.0,E,8,0.81,E,8,-9900,?,9,-9900,?,9,0.0,E,8,-9900,?,9,-9900,?,9,0.0,0.0,E,8
10/19/2010,19:00,0.0,1377.384,0.0,1,8,0.0,1,8,0.0,1,8,0.0,1,8,0.0,1,8,0.0,1,8,-0.0,1,8,-9900,?,9,-9900,?,9,11.53,E,8,3.92,E,8,59.0,E,8,822.9788000000001,E,8,999.0,E,8,0.43,E,8,-9900,?,9,-9900,?,9,0.0,E,8,-9900,?,9,-9900,?,9,0.0,0.0,E,8
10/19/2010,20:00,0.0,1377.384,0.0,1,8,0.0,1,8,0.0,1,8,0.0,1,8,0.0,1,8,0.0,1,8,-0.0,1,8,-9900,?,9,-9900,?,9,10.94,E,8,4.1,E,8,62.0,E,8,822.9788000000001,E,8,999.0,E,8,0.19,E,8,-9900,?,9,-9900,?,9,0.0,E,8,-9900,?,9,-9900,?,9,0.0,0.0,E,8
10/19/2010,21:00,0.0,1377.384,0.0,1,8,0.0,1,8,0.0,1,8,0.0,1,8,0.0,1,8,0.0,1,8,-0.0,1,8,-9900,?,9,-9900,?,9,10.35,E,8,4.28,E,8,65.0,E,8,822.9788000000001,E,8,999.0,E,8,0.19,E,8,-9900,?,9,-9900,?,9,0.0,E,8,-9900,?,9,-9900,?,9,0.0,0.0,E,8
10/19/2010,22:00,0.0,1377.384,0.0,1,8,0.0,1,8,0.0,1,8,0.0,1,8,0.0,1,8,0.0,1,8,-0.0,1,8,-9900,?,9,-9900,?,9,9.76,E,8,4.46,E,8,69.0,E,8,822.9788000000001,E,8,999.0,E,8,0.19,E,8,-9900,?,9,-9900,?,9,0.0,E,8,-9900,?,9,-9900,?,9,0.0,0.0,E,8
10/19/2010,23:00,0.0,1377.384,0.0,1,8,0.0,1,8,0.0,1,8,0.0,1,8,0.0,1,8,0.0,1,8,-0.0,1,8,-9900,?,9,-9900,?,9,9.17,E,8,4.63,E,8,73.0,E,8,822.9788000000001,E,8,999.0,E,8,0.19,E,8,-9900,?,9,-9900,?,9,0.0,E,8,-9900,?,9,-9900,?,9,0.0,0.0,E,8
10/19/2010,24:00,0.0,1377.384,0.0,1,8,0.0,1,8,0.0,1,8,0.0,1,8,0.0,1,8,0.0,1,8,-0.0,1,8,-9900,?,9,-9900,?,9,8.58,E,8,3.43,E,8,70.0,E,8,822.9788000000001,E,8,999.0,E,8,0.44,E,8,-9900,?,9,-9900,?,9,0.0,E,8,-9900,?,9,-9900,?,9,0.0,0.0,E,8
10/20/2010,01:00,0.0,1377.384,0.0,1,8,0.0,1,8,0.0,1,8,0.0,1,8,0.0,1,8,0.0,1,8,-0.0,1,8,-9900,?,9,-9900,?,9,8.29,E,8,3.92,E,8,73.0,E,8,822.9788000000001,E,8,999.0,E,8,0.44,E,8,-9900,?,9,-9900,?,9,0.0,E,8,-9900,?,9,-9900,?,9,0.0,0.0,E,8
10/20/2010,02:00,0.0,1377.384,0.0,1,8,0.0,1,8,0.0,1,8,0.0,1,8,0.0,1,8,0.0,1,8,-0.0,1,8,-9900,?,9,-9900,?,9,7.99,E,8,4.41,E,8,78.0,E,8,822.9788000000001,E,8,999.0,E,8,0.44,E,8,-9900,?,9,-9900,?,9,0.0,E,8,-9900,?,9,-9900,?,9,0.0,0.0,E,8
10/20/2010,03:00,0.0,1377.384,0.0,1,8,0.0,1,8,0.0,1,8,0.0,1,8,0.0,1,8,0.0,1,8,-0.0,1,8,-9900,?,9,-9900,?,9,7.7,E,8,4.87,E,8,82.0,E,8,822.9788000000001,E,8,999.0,E,8,0.44,E,8,-9900,?,9,-9900,?,9,0.0,E,8,-9900,?,9,-9900,?,9,0.0,0.0,E,8
10/20/2010,04:00,0.0,1378.177,0.0,1,8,0.0,1,8,0.0,1,8,0.0,1,8,0.0,1,8,0.0,1,8,-0.0,1,8,-9900,?,9,-9900,?,9,7.4,E,8,5.33,E,8,86.0,E,8,822.9788000000001,E,8,999.0,E,8,0.44,E,8,-9900,?,9,-9900,?,9,0.0,E,8,-9900,?,9,-9900,?,9,0.0,0.0,E,8
10/20/2010,05:00,0.0,1378.177,0.0,1,8,0.0,1,8,0.0,1,8,0.0,1,8,0.0,1,8,0.0,1,8,-0.0,1,8,-9900,?,9,-9900,?,9,7.14,E,8,5.72,E,8,90.0,E,8,822.9788000000001,E,8,999.0,E,8,0.44,E,8,-9900,?,9,-9900,?,9,0.0,E,8,-9900,?,9,-9900,?,9,0.0,0.0,E,8
10/20/2010,06:00,74.682,1378.177,0.0,1,8,0.0,1,8,0.0,1,8,0.0,1,8,0.0,1,8,0.0,1,8,0.0,1,8,-9900,?,9,-9900,?,9,6.94,E,8,6.01,E,8,93.0,E,8,822.9788000000001,E,8,999.0,E,8,0.44,E,8,-9900,?,9,-9900,?,9,0.0,E,8,-9900,?,9,-9900,?,9,0.0,0.0,E,8
10/20/2010,07:00,398.636,1378.177,63.8,1,8,0.0,1,8,63.8,1,8,7656.0,1,8,0.0,1,8,7018.0,1,8,70.432,1,8,-9900,?,9,-9900,?,9,6.75,E,8,6.29,E,8,96.0,E,8,822.9788000000001,E,8,999.0,E,8,0.44,E,8,-9900,?,9,-9900,?,9,0.0,E,8,-9900,?,9,-9900,?,9,0.0,0.0,E,8
10/20/2010,08:00,705.151,1378.177,222.09,1,8,23.153,1,8,210.253,1,8,26650.8,1,8,2199.525,1,8,23127.883,1,8,130.911,1,8,-9900,?,9,-9900,?,9,9.18,E,8,2.37,E,8,62.0,E,8,822.9788000000001,E,8,999.0,E,8,0.44,E,8,-9900,?,9,-9900,?,9,0.0,E,8,-9900,?,9,-9900,?,9,0.0,0.0,E,8
10/20/2010,09:00,970.027,1378.177,373.99,1,8,19.643,1,8,360.169,1,8,44878.8,1,8,1866.039,1,8,39618.567,1,8,162.932,1,8,-9900,?,9,-9900,?,9,10.49,E,8,-0.21,E,8,47.0,E,8,822.9788000000001,E,8,999.0,E,8,0.44,E,8,-9900,?,9,-9900,?,9,0.0,E,8,-9900,?,9,-9900,?,9,0.0,0.0,E,8
10/20/2010,10:00,1174.947,1378.177,500.47,1,8,70.006,1,8,440.794,1,8,60056.4,1,8,6650.58,1,8,48487.319,1,8,164.596,1,8,-9900,?,9,-9900,?,9,11.68,E,8,-2.72,E,8,35.0,E,8,822.9788000000001,E,8,999.0,E,8,0.44,E,8,-9900,?,9,-9900,?,9,0.0,E,8,-9900,?,9,-9900,?,9,0.0,0.0,E,8
10/20/2010,11:00,1305.887,1378.177,591.31,1,8,5.215,1,8,586.369,1,8,70957.2,1,8,495.444,1,8,64500.537,1,8,196.986,1,8,-9900,?,9,-9900,?,9,12.7,E,8,-5.34,E,8,26.0,E,8,822.9788000000001,E,8,999.0,E,8,0.44,E,8,-9900,?,9,-9900,?,9,0.0,E,8,-9900,?,9,-9900,?,9,0.0,0.0,E,8
10/20/2010,12:00,1353.912,1378.177,639.8,1,8,5.999,1,8,633.906,1,8,76776.0,1,8,569.943,1,8,69729.692,1,8,205.397,1,8,-9900,?,9,-9900,?,9,13.52,E,8,-7.93,E,8,20.0,E,8,822.9788000000001,E,8,999.0,E,8,0.52,E,8,-9900,?,9,-9900,?,9,0.0,E,8,-9900,?,9,-9900,?,9,0.0,0.0,E,8
10/20/2010,13:00,1315.759,1378.177,642.48,1,8,7.052,1,8,635.748,1,8,77097.6,1,8,669.928,1,8,69932.247,1,8,211.971,1,8,-9900,?,9,-9900,?,9,14.11,E,8,-10.2,E,8,15.0,E,8,822.9788000000001,E,8,999.0,E,8,1.67,E,8,-9900,?,9,-9900,?,9,0.0,E,8,-9900,?,9,-9900,?,9,0.0,0.0,E,8
10/20/2010,14:00,1194.051,1378.177,599.16,1,8,133.961,1,8,483.108,1,8,71899.2,1,8,12726.288,1,8,53141.853,1,8,177.508,1,8,-9900,?,9,-9900,?,9,14.47,E,8,-11.82,E,8,13.0,E,8,822.9788000000001,E,8,999.0,E,8,2.65,E,8,-9900,?,9,-9900,?,9,0.0,E,8,-9900,?,9,-9900,?,9,0.0,0.0,E,8
10/20/2010,15:00,997.122,1378.177,512.94,1,8,117.83,1,8,427.712,1,8,61552.8,1,8,11193.874,1,8,47048.282,1,8,188.224,1,8,-9900,?,9,-9900,?,9,14.58,E,8,-12.34,E,8,12.0,E,8,822.9788000000001,E,8,999.0,E,8,1.74,E,8,-9900,?,9,-9900,?,9,0.0,E,8,-9900,?,9,-9900,?,9,0.0,0.0,E,8
10/20/2010,16:00,738.474,1378.177,390.19,1,8,132.825,1,8,319.069,1,8,46822.8,1,8,12618.414,1,8,35097.632,1,8,189.68,1,8,-9900,?,9,-9900,?,9,14.37,E,8,-11.35,E,8,14.0,E,8,822.9788000000001,E,8,999.0,E,8,1.0,E,8,-9900,?,9,-9900,?,9,0.0,E,8,-9900,?,9,-9900,?,9,0.0,0.0,E,8
10/20/2010,17:00,435.977,1378.177,240.66,1,8,386.103,1,8,118.836,1,8,28879.2,1,8,36679.754,1,8,13072.005,1,8,119.887,1,8,-9900,?,9,-9900,?,9,13.81,E,8,-8.99,E,8,17.0,E,8,822.9788000000001,E,8,999.0,E,8,1.32,E,8,-9900,?,9,-9900,?,9,0.0,E,8,-9900,?,9,-9900,?,9,0.0,0.0,E,8
10/20/2010,18:00,112.41,1378.177,81.34,1,8,285.897,1,8,58.884,1,8,9760.8,1,8,27160.246,1,8,6477.22,1,8,238.627,1,8,-9900,?,9,-9900,?,9,12.96,E,8,-6.11,E,8,24.0,E,8,822.9788000000001,E,8,999.0,E,8,0.5,E,8,-9900,?,9,-9900,?,9,0.0,E,8,-9900,?,9,-9900,?,9,0.0,0.0,E,8
10/20/2010,19:00,0.0,1378.177,0.0,1,8,0.0,1,8,0.0,1,8,0.0,1,8,0.0,1,8,0.0,1,8,-0.0,1,8,-9900,?,9,-9900,?,9,12.2,E,8,-3.99,E,8,30.0,E,8,822.9788000000001,E,8,999.0,E,8,0.44,E,8,-9900,?,9,-9900,?,9,0.0,E,8,-9900,?,9,-9900,?,9,0.0,0.0,E,8
10/20/2010,20:00,0.0,1378.177,0.0,1,8,0.0,1,8,0.0,1,8,0.0,1,8,0.0,1,8,0.0,1,8,-0.0,1,8,-9900,?,9,-9900,?,9,11.44,E,8,-2.17,E,8,37.0,E,8,822.9788000000001,E,8,999.0,E,8,0.44,E,8,-9900,?,9,-9900,?,9,0.0,E,8,-9900,?,9,-9900,?,9,0.0,0.0,E,8
10/20/2010,21:00,0.0,1378.177,0.0,1,8,0.0,1,8,0.0,1,8,0.0,1,8,0.0,1,8,0.0,1,8,-0.0,1,8,-9900,?,9,-9900,?,9,10.68,E,8,-0.58,E,8,45.0,E,8,822.9788000000001,E,8,999.0,E,8,0.44,E,8,-9900,?,9,-9900,?,9,0.0,E,8,-9900,?,9,-9900,?,9,0.0,0.0,E,8
10/20/2010,22:00,0.0,1378.177,0.0,1,8,0.0,1,8,0.0,1,8,0.0,1,8,0.0,1,8,0.0,1,8,-0.0,1,8,-9900,?,9,-9900,?,9,9.92,E,8,0.95,E,8,53.0,E,8,822.9788000000001,E,8,999.0,E,8,0.44,E,8,-9900,?,9,-9900,?,9,0.0,E,8,-9900,?,9,-9900,?,9,0.0,0.0,E,8
10/20/2010,23:00,0.0,1378.177,0.0,1,8,0.0,1,8,0.0,1,8,0.0,1,8,0.0,1,8,0.0,1,8,-0.0,1,8,-9900,?,9,-9900,?,9,9.16,E,8,2.4,E,8,62.0,E,8,822.9788000000001,E,8,999.0,E,8,0.44,E,8,-9900,?,9,-9900,?,9,0.0,E,8,-9900,?,9,-9900,?,9,0.0,0.0,E,8
10/20/2010,24:00,0.0,1378.177,0.0,1,8,0.0,1,8,0.0,1,8,0.0,1,8,0.0,1,8,0.0,1,8,-0.0,1,8,-9900,?,9,-9900,?,9,8.4,E,8,-3.81,E,8,40.0,E,8,822.9788000000001,E,8,999.0,E,8,0.22,E,8,-9900,?,9,-9900,?,9,0.0,E,8,-9900,?,9,-9900,?,9,0.0,0.0,E,8
10/21/2010,01:00,0.0,1378.177,0.0,1,8,0.0,1,8,0.0,1,8,0.0,1,8,0.0,1,8,0.0,1,8,-0.0,1,8,-9900,?,9,-9900,?,9,8.02,E,8,-3.48,E,8,42.0,E,8,822.9788000000001,E,8,999.0,E,8,0.22,E,8,-9900,?,9,-9900,?,9,0.0,E,8,-9900,?,9,-9900,?,9,0.0,0.0,E,8
10/21/2010,02:00,0.0,1378.177,0.0,1,8,0.0,1,8,0.0,1,8,0.0,1,8,0.0,1,8,0.0,1,8,-0.0,1,8,-9900,?,9,-9900,?,9,7.64,E,8,-3.15,E,8,44.0,E,8,822.9788000000001,E,8,999.0,E,8,0.22,E,8,-9900,?,9,-9900,?,9,0.0,E,8,-9900,?,9,-9900,?,9,0.0,0.0,E,8
10/21/2010,03:00,0.0,1378.177,0.0,1,8,0.0,1,8,0.0,1,8,0.0,1,8,0.0,1,8,0.0,1,8,-0.0,1,8,-9900,?,9,-9900,?,9,7.26,E,8,-2.84,E,8,47.0,E,8,822.9788000000001,E,8,999.0,E,8,0.22,E,8,-9900,?,9,-9900,?,9,0.0,E,8,-9900,?,9,-9900,?,9,0.0,0.0,E,8
10/21/2010,04:00,0.0,1378.967,0.0,1,8,0.0,1,8,0.0,1,8,0.0,1,8,0.0,1,8,0.0,1,8,-0.0,1,8,-9900,?,9,-9900,?,9,6.88,E,8,-2.53,E,8,49.0,E,8,822.9788000000001,E,8,999.0,E,8,0.26,E,8,-9900,?,9,-9900,?,9,0.0,E,8,-9900,?,9,-9900,?,9,0.0,0.0,E,8
10/21/2010,05:00,0.0,1378.967,0.0,1,8,0.0,1,8,0.0,1,8,0.0,1,8,0.0,1,8,0.0,1,8,-0.0,1,8,-9900,?,9,-9900,?,9,6.54,E,8,-2.26,E,8,52.0,E,8,822.9788000000001,E,8,999.0,E,8,0.22,E,8,-9900,?,9,-9900,?,9,0.0,E,8,-9900,?,9,-9900,?,9,0.0,0.0,E,8
10/21/2010,06:00,78.559,1378.967,0.0,1,8,0.0,1,8,0.0,1,8,0.0,1,8,0.0,1,8,0.0,1,8,0.0,1,8,-9900,?,9,-9900,?,9,6.29,E,8,-2.06,E,8,54.0,E,8,822.9788000000001,E,8,999.0,E,8,0.42,E,8,-9900,?,9,-9900,?,9,0.0,E,8,-9900,?,9,-9900,?,9,0.0,0.0,E,8
10/21/2010,07:00,402.461,1378.967,105.73,1,8,3.495,1,8,104.713,1,8,12687.6,1,8,332.049,1,8,11518.435,1,8,114.558,1,8,-9900,?,9,-9900,?,9,6.04,E,8,-1.87,E,8,55.0,E,8,822.9788000000001,E,8,999.0,E,8,0.22,E,8,-9900,?,9,-9900,?,9,0.0,E,8,-9900,?,9,-9900,?,9,0.0,0.0,E,8
10/21/2010,08:00,708.711,1378.967,362.42,1,8,214.848,1,8,252.09,1,8,43490.4,1,8,20410.537,1,8,27729.942,1,8,156.259,1,8,-9900,?,9,-9900,?,9,9.6,E,8,-4.93,E,8,33.0,E,8,822.9788000000001,E,8,999.0,E,8,0.22,E,8,-9900,?,9,-9900,?,9,0.0,E,8,-9900,?,9,-9900,?,9,0.0,0.0,E,8
10/21/2010,09:00,973.284,1378.967,609.81,1,8,343.06,1,8,367.748,1,8,73177.2,1,8,32590.7,1,8,40452.235,1,8,165.899,1,8,-9900,?,9,-9900,?,9,11.51,E,8,-6.93,E,8,25.0,E,8,822.9788000000001,E,8,999.0,E,8,0.51,E,8,-9900,?,9,-9900,?,9,0.0,E,8,-9900,?,9,-9900,?,9,0.0,0.0,E,8
10/21/2010,10:00,1177.889,1378.967,813.83,1,8,348.806,1,8,515.919,1,8,97659.6,1,8,33136.568,1,8,56751.056,1,8,192.277,1,8,-9900,?,9,-9900,?,9,13.24,E,8,-9.07,E,8,18.0,E,8,822.9788000000001,E,8,999.0,E,8,0.41,E,8,-9900,?,9,-9900,?,9,0.0,E,8,-9900,?,9,-9900,?,9,0.0,0.0,E,8
10/21/2010,11:00,1308.524,1378.967,965.82,1,8,474.38,1,8,515.688,1,8,115898.4,1,8,45066.115,1,8,56725.648,1,8,172.991,1,8,-9900,?,9,-9900,?,9,14.74,E,8,-11.28,E,8,13.0,E,8,822.9788000000001,E,8,999.0,E,8,0.82,E,8,-9900,?,9,-9900,?,9,0.0,E,8,-9900,?,9,-9900,?,9,0.0,0.0,E,8
10/21/2010,12:00,1356.277,1378.967,1048.52,1,8,661.146,1,8,398.26,1,8,125822.4,1,8,62808.839,1,8,43808.576,1,8,128.892,1,8,-9900,?,9,-9900,?,9,15.96,E,8,-13.44,E,8,10.0,E,8,822.9788000000001,E,8,999.0,E,8,0.91,E,8,-9900,?,9,-9900,?,9,0.0,E,8,-9900,?,9,-9900,?,9,0.0,0.0,E,8
10/21/2010,13:00,1317.901,1378.967,1063.96,1,8,738.489,1,8,358.194,1,8,127675.2,1,8,70156.418,1,8,39401.346,1,8,119.303,1,8,-9900,?,9,-9900,?,9,16.85,E,8,-15.3,E,8,8.0,E,8,822.9788000000001,E,8,999.0,E,8,1.8,E,8,-9900,?,9,-9900,?,9,0.0,E,8,-9900,?,9,-9900,?,9,0.0,0.0,E,8
10/21/2010,14:00,1196.037,1378.967,999.29,1,8,914.834,1,8,205.892,1,8,119914.8,1,8,86909.247,1,8,22648.14,1,8,75.569,1,8,-9900,?,9,-9900,?,9,17.41,E,8,-16.64,E,8,7.0,E,8,822.9788000000001,E,8,999.0,E,8,1.57,E,8,-9900,?,9,-9900,?,9,0.0,E,8,-9900,?,9,-9900,?,9,0.0,0.0,E,8
10/21/2010,15:00,999.029,1378.967,862.58,1,8,946.567,1,8,176.997,1,8,103509.6,1,8,89923.881,1,8,19469.696,1,8,77.787,1,8,-9900,?,9,-9900,?,9,17.6,E,8,-17.13,E,8,6.0,E,8,822.9788000000001,E,8,999.0,E,8,2.65,E,8,-9900,?,9,-9900,?,9,0.0,E,8,-9900,?,9,-9900,?,9,0.0,0.0,E,8
10/21/2010,16:00,740.382,1378.967,662.94,1,8,847.573,1,8,208.198,1,8,79552.8,1,8,80519.397,1,8,22901.821,1,8,123.521,1,8,-9900,?,9,-9900,?,9,17.35,E,8,-16.49,E,8,7.0,E,8,822.9788000000001,E,8,999.0,E,8,1.73,E,8,-9900,?,9,-9900,?,9,0.0,E,8,-9900,?,9,-9900,?,9,0.0,0.0,E,8
10/21/2010,17:00,437.966,1378.967,416.54,1,8,749.182,1,8,179.21,1,8,49984.8,1,8,71172.25,1,8,19713.062,1,8,180.072,1,8,-9900,?,9,-9900,?,9,16.57,E,8,-14.68,E,8,9.0,E,8,822.9788000000001,E,8,999.0,E,8,1.67,E,8,-9900,?,9,-9900,?,9,0.0,E,8,-9900,?,9,-9900,?,9,0.0,0.0,E,8
10/21/2010,18:00,114.507,1378.967,147.32,1,8,336.96,1,8,120.342,1,8,17678.4,1,8,32011.191,1,8,13237.627,1,8,478.451,1,8,-9900,?,9,-9900,?,9,15.34,E,8,-12.29,E,8,12.0,E,8,822.9788000000001,E,8,999.0,E,8,0.91,E,8,-9900,?,9,-9900,?,9,0.0,E,8,-9900,?,9,-9900,?,9,0.0,0.0,E,8
10/21/2010,19:00,0.0,1378.967,0.0,1,8,0.0,1,8,0.0,1,8,0.0,1,8,0.0,1,8,0.0,1,8,-0.0,1,8,-9900,?,9,-9900,?,9,14.36,E,8,-10.68,E,8,14.0,E,8,822.9788000000001,E,8,999.0,E,8,0.3,E,8,-9900,?,9,-9900,?,9,0.0,E,8,-9900,?,9,-9900,?,9,0.0,0.0,E,8
10/21/2010,20:00,0.0,1378.967,0.0,1,8,0.0,1,8,0.0,1,8,0.0,1,8,0.0,1,8,0.0,1,8,-0.0,1,8,-9900,?,9,-9900,?,9,13.39,E,8,-9.27,E,8,18.0,E,8,822.9788000000001,E,8,999.0,E,8,0.34,E,8,-9900,?,9,-9900,?,9,0.0,E,8,-9900,?,9,-9900,?,9,0.0,0.0,E,8
10/21/2010,21:00,0.0,1378.967,0.0,1,8,0.0,1,8,0.0,1,8,0.0,1,8,0.0,1,8,0.0,1,8,-0.0,1,8,-9900,?,9,-9900,?,9,12.41,E,8,-7.99,E,8,21.0,E,8,822.9788000000001,E,8,999.0,E,8,0.34,E,8,-9900,?,9,-9900,?,9,0.0,E,8,-9900,?,9,-9900,?,9,0.0,0.0,E,8
10/21/2010,22:00,0.0,1378.967,0.0,1,8,0.0,1,8,0.0,1,8,0.0,1,8,0.0,1,8,0.0,1,8,-0.0,1,8,-9900,?,9,-9900,?,9,11.43,E,8,-6.84,E,8,25.0,E,8,822.9788000000001,E,8,999.0,E,8,0.37,E,8,-9900,?,9,-9900,?,9,0.0,E,8,-9900,?,9,-9900,?,9,0.0,0.0,E,8
10/21/2010,23:00,0.0,1378.967,0.0,1,8,0.0,1,8,0.0,1,8,0.0,1,8,0.0,1,8,0.0,1,8,-0.0,1,8,-9900,?,9,-9900,?,9,10.46,E,8,-5.79,E,8,29.0,E,8,822.9788000000001,E,8,999.0,E,8,0.35,E,8,-9900,?,9,-9900,?,9,0.0,E,8,-9900,?,9,-9900,?,9,0.0,0.0,E,8
10/21/2010,24:00,0.0,1378.967,0.0,1,8,0.0,1,8,0.0,1,8,0.0,1,8,0.0,1,8,0.0,1,8,-0.0,1,8,-9900,?,9,-9900,?,9,9.48,E,8,3.08,E,8,64.0,E,8,822.9788000000001,E,8,999.0,E,8,0.66,E,8,-9900,?,9,-9900,?,9,0.0,E,8,-9900,?,9,-9900,?,9,0.0,0.0,E,8
10/22/2010,01:00,0.0,1378.967,0.0,1,8,0.0,1,8,0.0,1,8,0.0,1,8,0.0,1,8,0.0,1,8,-0.0,1,8,-9900,?,9,-9900,?,9,8.99,E,8,3.67,E,8,69.0,E,8,822.9788000000001,E,8,999.0,E,8,0.36,E,8,-9900,?,9,-9900,?,9,0.0,E,8,-9900,?,9,-9900,?,9,0.0,0.0,E,8
10/22/2010,02:00,0.0,1378.967,0.0,1,8,0.0,1,8,0.0,1,8,0.0,1,8,0.0,1,8,0.0,1,8,-0.0,1,8,-9900,?,9,-9900,?,9,8.5,E,8,4.25,E,8,74.0,E,8,822.9788000000001,E,8,999.0,E,8,0.39,E,8,-9900,?,9,-9900,?,9,0.0,E,8,-9900,?,9,-9900,?,9,0.0,0.0,E,8
10/22/2010,03:00,0.0,1378.967,0.0,1,8,0.0,1,8,0.0,1,8,0.0,1,8,0.0,1,8,0.0,1,8,-0.0,1,8,-9900,?,9,-9900,?,9,8.01,E,8,4.8,E,8,80.0,E,8,822.9788000000001,E,8,999.0,E,8,0.36,E,8,-9900,?,9,-9900,?,9,0.0,E,8,-9900,?,9,-9900,?,9,0.0,0.0,E,8
10/22/2010,04:00,0.0,1379.754,0.0,1,8,0.0,1,8,0.0,1,8,0.0,1,8,0.0,1,8,0.0,1,8,-0.0,1,8,-9900,?,9,-9900,?,9,7.53,E,8,5.32,E,8,85.0,E,8,822.9788000000001,E,8,999.0,E,8,0.37,E,8,-9900,?,9,-9900,?,9,0.0,E,8,-9900,?,9,-9900,?,9,0.0,0.0,E,8
10/22/2010,05:00,0.0,1379.754,0.0,1,8,0.0,1,8,0.0,1,8,0.0,1,8,0.0,1,8,0.0,1,8,-0.0,1,8,-9900,?,9,-9900,?,9,7.09,E,8,5.79,E,8,91.0,E,8,822.9788000000001,E,8,999.0,E,8,0.33,E,8,-9900,?,9,-9900,?,9,0.0,E,8,-9900,?,9,-9900,?,9,0.0,0.0,E,8
10/22/2010,06:00,82.368,1379.754,0.0,1,8,0.0,1,8,0.0,1,8,0.0,1,8,0.0,1,8,0.0,1,8,0.0,1,8,-9900,?,9,-9900,?,9,6.77,E,8,6.12,E,8,95.0,E,8,822.9788000000001,E,8,999.0,E,8,0.65,E,8,-9900,?,9,-9900,?,9,0.0,E,8,-9900,?,9,-9900,?,9,0.0,0.0,E,8
10/22/2010,07:00,406.194,1379.754,52.21,1,8,0.0,1,8,52.21,1,8,6265.2,1,8,0.0,1,8,5743.1,1,8,56.623,1,8,-9900,?,9,-9900,?,9,6.45,E,8,6.44,E,8,99.0,E,8,822.9788000000001,E,8,999.0,E,8,0.94,E,8,-9900,?,9,-9900,?,9,0.0,E,8,-9900,?,9,-9900,?,9,0.0,0.0,E,8
10/22/2010,08:00,712.175,1379.754,175.72,1,8,6.989,1,8,172.115,1,8,21086.4,1,8,663.995,1,8,18932.676,1,8,106.227,1,8,-9900,?,9,-9900,?,9,9.45,E,8,3.11,E,8,64.0,E,8,822.9788000000001,E,8,999.0,E,8,1.42,E,8,-9900,?,9,-9900,?,9,0.0,E,8,-9900,?,9,-9900,?,9,0.0,0.0,E,8
10/22/2010,09:00,976.445,1379.754,293.9,1,8,2.688,1,8,291.998,1,8,35268.0,1,8,255.401,1,8,32119.777,1,8,131.374,1,8,-9900,?,9,-9900,?,9,11.03,E,8,1.03,E,8,50.0,E,8,822.9788000000001,E,8,999.0,E,8,1.71,E,8,-9900,?,9,-9900,?,9,0.0,E,8,-9900,?,9,-9900,?,9,0.0,0.0,E,8
10/22/2010,10:00,1180.74,1379.754,392.23,1,8,7.14,1,8,386.12,1,8,47067.6,1,8,678.33,1,8,42473.227,1,8,143.637,1,8,-9900,?,9,-9900,?,9,12.47,E,8,-1.02,E,8,38.0,E,8,822.9788000000001,E,8,999.0,E,8,1.65,E,8,-9900,?,9,-9900,?,9,0.0,E,8,-9900,?,9,-9900,?,9,0.0,0.0,E,8
10/22/2010,11:00,1311.081,1379.754,462.78,1,8,12.4,1,8,450.998,1,8,55533.6,1,8,1177.97,1,8,49609.763,1,8,151.081,1,8,-9900,?,9,-9900,?,9,13.71,E,8,-2.95,E,8,30.0,E,8,822.9788000000001,E,8,999.0,E,8,1.82,E,8,-9900,?,9,-9900,?,9,0.0,E,8,-9900,?,9,-9900,?,9,0.0,0.0,E,8
10/22/2010,12:00,1358.575,1379.754,500.34,1,8,13.818,1,8,486.734,1,8,60040.8,1,8,1312.714,1,8,53540.761,1,8,157.349,1,8,-9900,?,9,-9900,?,9,14.7,E,8,-4.72,E,8,24.0,E,8,822.9788000000001,E,8,999.0,E,8,2.06,E,8,-9900,?,9,-9900,?,9,0.0,E,8,-9900,?,9,-9900,?,9,0.0,0.0,E,8
10/22/2010,13:00,1319.995,1379.754,502.22,1,8,15.757,1,8,487.146,1,8,60266.4,1,8,1496.93,1,8,53586.03,1,8,162.088,1,8,-9900,?,9,-9900,?,9,15.41,E,8,-6.16,E,8,20.0,E,8,822.9788000000001,E,8,999.0,E,8,2.69,E,8,-9900,?,9,-9900,?,9,0.0,E,8,-9900,?,9,-9900,?,9,0.0,0.0,E,8
10/22/2010,14:00,1197.993,1379.754,468.3,1,8,12.264,1,8,457.653,1,8,56196.0,1,8,1165.065,1,8,50341.803,1,8,167.794,1,8,-9900,?,9,-9900,?,9,15.83,E,8,-7.1,E,8,18.0,E,8,822.9788000000001,E,8,999.0,E,8,2.79,E,8,-9900,?,9,-9900,?,9,0.0,E,8,-9900,?,9,-9900,?,9,0.0,0.0,E,8
10/22/2010,15:00,1000.924,1379.754,401.02,1,8,43.169,1,8,369.712,1,8,48122.4,1,8,4101.05,1,8,40668.315,1,8,162.267,1,8,-9900,?,9,-9900,?,9,15.97,E,8,-7.42,E,8,17.0,E,8,822.9788000000001,E,8,999.0,E,8,2.07,E,8,-9900,?,9,-9900,?,9,0.0,E,8,-9900,?,9,-9900,?,9,0.0,0.0,E,8
10/22/2010,16:00,742.298,1379.754,305.31,1,8,49.582,1,8,278.654,1,8,36637.2,1,8,4710.32,1,8,30651.967,1,8,164.988,1,8,-9900,?,9,-9900,?,9,15.72,E,8,-6.85,E,8,19.0,E,8,822.9788000000001,E,8,999.0,E,8,1.99,E,8,-9900,?,9,-9900,?,9,0.0,E,8,-9900,?,9,-9900,?,9,0.0,0.0,E,8
10/22/2010,17:00,439.98,1379.754,188.81,1,8,130.736,1,8,147.227,1,8,22657.2,1,8,12419.96,1,8,16194.961,1,8,147.339,1,8,-9900,?,9,-9900,?,9,15.04,E,8,-5.39,E,8,22.0,E,8,822.9788000000001,E,8,999.0,E,8,1.45,E,8,-9900,?,9,-9900,?,9,0.0,E,8,-9900,?,9,-9900,?,9,0.0,0.0,E,8
10/22/2010,18:00,116.643,1379.754,64.65,1,8,310.166,1,8,39.339,1,8,7758.0,1,8,29465.814,1,8,4327.273,1,8,153.446,1,8,-9900,?,9,-9900,?,9,14.01,E,8,-3.46,E,8,28.0,E,8,822.9788000000001,E,8,999.0,E,8,1.27,E,8,-9900,?,9,-9900,?,9,0.0,E,8,-9900,?,9,-9900,?,9,0.0,0.0,E,8
10/22/2010,19:00,0.0,1379.754,0.0,1,8,0.0,1,8,0.0,1,8,0.0,1,8,0.0,1,8,0.0,1,8,-0.0,1,8,-9900,?,9,-9900,?,9,13.37,E,8,-2.39,E,8,32.0,E,8,822.9788000000001,E,8,999.0,E,8,1.79,E,8,-9900,?,9,-9900,?,9,0.0,E,8,-9900,?,9,-9900,?,9,0.0,0.0,E,8
10/22/2010,20:00,0.0,1379.754,0.0,1,8,0.0,1,8,0.0,1,8,0.0,1,8,0.0,1,8,0.0,1,8,-0.0,1,8,-9900,?,9,-9900,?,9,12.73,E,8,-1.4,E,8,36.0,E,8,822.9788000000001,E,8,999.0,E,8,1.67,E,8,-9900,?,9,-9900,?,9,0.0,E,8,-9900,?,9,-9900,?,9,0.0,0.0,E,8
10/22/2010,21:00,0.0,1379.754,0.0,1,8,0.0,1,8,0.0,1,8,0.0,1,8,0.0,1,8,0.0,1,8,-0.0,1,8,-9900,?,9,-9900,?,9,12.09,E,8,-0.48,E,8,41.0,E,8,822.9788000000001,E,8,999.0,E,8,1.68,E,8,-9900,?,9,-9900,?,9,0.0,E,8,-9900,?,9,-9900,?,9,0.0,0.0,E,8
10/22/2010,22:00,0.0,1379.754,0.0,1,8,0.0,1,8,0.0,1,8,0.0,1,8,0.0,1,8,0.0,1,8,-0.0,1,8,-9900,?,9,-9900,?,9,11.45,E,8,0.42,E,8,46.0,E,8,822.9788000000001,E,8,999.0,E,8,1.46,E,8,-9900,?,9,-9900,?,9,0.0,E,8,-9900,?,9,-9900,?,9,0.0,0.0,E,8
10/22/2010,23:00,0.0,1379.754,0.0,1,8,0.0,1,8,0.0,1,8,0.0,1,8,0.0,1,8,0.0,1,8,-0.0,1,8,-9900,?,9,-9900,?,9,10.81,E,8,1.33,E,8,51.0,E,8,822.9788000000001,E,8,999.0,E,8,1.87,E,8,-9900,?,9,-9900,?,9,0.0,E,8,-9900,?,9,-9900,?,9,0.0,0.0,E,8
10/22/2010,24:00,0.0,1379.754,0.0,1,8,0.0,1,8,0.0,1,8,0.0,1,8,0.0,1,8,0.0,1,8,-0.0,1,8,-9900,?,9,-9900,?,9,10.16,E,8,6.37,E,8,77.0,E,8,822.9788000000001,E,8,999.0,E,8,9.7,E,8,-9900,?,9,-9900,?,9,0.0,E,8,-9900,?,9,-9900,?,9,0.0,0.0,E,8
10/23/2010,01:00,0.0,1379.754,0.0,1,8,0.0,1,8,0.0,1,8,0.0,1,8,0.0,1,8,0.0,1,8,-0.0,1,8,-9900,?,9,-9900,?,9,9.84,E,8,6.57,E,8,80.0,E,8,822.9788000000001,E,8,999.0,E,8,10.73,E,8,-9900,?,9,-9900,?,9,0.0,E,8,-9900,?,9,-9900,?,9,0.0,0.0,E,8
10/23/2010,02:00,0.0,1379.754,0.0,1,8,0.0,1,8,0.0,1,8,0.0,1,8,0.0,1,8,0.0,1,8,-0.0,1,8,-9900,?,9,-9900,?,9,9.52,E,8,6.77,E,8,82.0,E,8,822.9788000000001,E,8,999.0,E,8,10.26,E,8,-9900,?,9,-9900,?,9,0.0,E,8,-9900,?,9,-9900,?,9,0.0,0.0,E,8
10/23/2010,03:00,0.0,1379.754,0.0,1,8,0.0,1,8,0.0,1,8,0.0,1,8,0.0,1,8,0.0,1,8,-0.0,1,8,-9900,?,9,-9900,?,9,9.2,E,8,6.97,E,8,85.0,E,8,822.9788000000001,E,8,999.0,E,8,5.99,E,8,-9900,?,9,-9900,?,9,0.0,E,8,-9900,?,9,-9900,?,9,0.0,0.0,E,8
10/23/2010,04:00,0.0,1380.538,0.0,1,8,0.0,1,8,0.0,1,8,0.0,1,8,0.0,1,8,0.0,1,8,-0.0,1,8,-9900,?,9,-9900,?,9,8.88,E,8,7.16,E,8,88.0,E,8,822.9788000000001,E,8,999.0,E,8,7.78,E,8,-9900,?,9,-9900,?,9,0.0,E,8,-9900,?,9,-9900,?,9,0.0,0.0,E,8
10/23/2010,05:00,0.0,1380.538,0.0,1,8,0.0,1,8,0.0,1,8,0.0,1,8,0.0,1,8,0.0,1,8,-0.0,1,8,-9900,?,9,-9900,?,9,8.6,E,8,7.33,E,8,91.0,E,8,822.9788000000001,E,8,999.0,E,8,5.04,E,8,-9900,?,9,-9900,?,9,0.0,E,8,-9900,?,9,-9900,?,9,0.0,0.0,E,8
10/23/2010,06:00,86.104,1380.538,0.0,1,8,0.0,1,8,0.0,1,8,0.0,1,8,0.0,1,8,0.0,1,8,0.0,1,8,-9900,?,9,-9900,?,9,8.39,E,8,7.46,E,8,93.0,E,8,822.9788000000001,E,8,999.0,E,8,3.04,E,8,-9900,?,9,-9900,?,9,0.0,E,8,-9900,?,9,-9900,?,9,0.0,0.0,E,8
10/23/2010,07:00,409.834,1380.538,53.43,1,8,0.0,1,8,53.43,1,8,6411.6,1,8,0.0,1,8,5877.3,1,8,57.461,1,8,-9900,?,9,-9900,?,9,8.18,E,8,7.58,E,8,96.0,E,8,822.9788000000001,E,8,999.0,E,8,2.39,E,8,-9900,?,9,-9900,?,9,0.0,E,8,-9900,?,9,-9900,?,9,0.0,0.0,E,8
10/23/2010,08:00,715.54,1380.538,177.04,1,8,7.15,1,8,173.337,1,8,21244.8,1,8,679.293,1,8,19067.052,1,8,106.537,1,8,-9900,?,9,-9900,?,9,11.08,E,8,5.77,E,8,69.0,E,8,822.9788000000001,E,8,999.0,E,8,1.88,E,8,-9900,?,9,-9900,?,9,0.0,E,8,-9900,?,9,-9900,?,9,0.0,0.0,E,8
10/23/2010,09:00,979.509,1380.538,295.17,1,8,6.759,1,8,290.376,1,8,35420.4,1,8,642.111,1,8,31941.332,1,8,130.31,1,8,-9900,?,9,-9900,?,9,12.6,E,8,4.73,E,8,58.0,E,8,822.9788000000001,E,8,999.0,E,8,1.88,E,8,-9900,?,9,-9900,?,9,0.0,E,8,-9900,?,9,-9900,?,9,0.0,0.0,E,8
10/23/2010,10:00,1183.5,1380.538,393.43,1,8,7.154,1,8,387.298,1,8,47211.6,1,8,679.603,1,8,42602.775,1,8,143.821,1,8,-9900,?,9,-9900,?,9,13.97,E,8,3.74,E,8,50.0,E,8,822.9788000000001,E,8,999.0,E,8,2.41,E,8,-9900,?,9,-9900,?,9,0.0,E,8,-9900,?,9,-9900,?,9,0.0,0.0,E,8
10/23/2010,11:00,1313.557,1380.538,463.88,1,8,12.415,1,8,452.068,1,8,55665.6,1,8,1179.399,1,8,49727.477,1,8,151.24,1,8,-9900,?,9,-9900,?,9,15.15,E,8,2.82,E,8,43.0,E,8,822.9788000000001,E,8,999.0,E,8,1.88,E,8,-9900,?,9,-9900,?,9,0.0,E,8,-9900,?,9,-9900,?,9,0.0,0.0,E,8
10/23/2010,12:00,1360.807,1380.538,501.34,1,8,13.831,1,8,487.707,1,8,60160.8,1,8,1313.926,1,8,53647.77,1,8,157.494,1,8,-9900,?,9,-9900,?,9,16.1,E,8,2.05,E,8,38.0,E,8,822.9788000000001,E,8,999.0,E,8,1.88,E,8,-9900,?,9,-9900,?,9,0.0,E,8,-9900,?,9,-9900,?,9,0.0,0.0,E,8
10/23/2010,13:00,1322.039,1380.538,503.14,1,8,15.769,1,8,488.039,1,8,60376.8,1,8,1498.071,1,8,53684.338,1,8,162.226,1,8,-9900,?,9,-9900,?,9,16.78,E,8,1.47,E,8,35.0,E,8,822.9788000000001,E,8,999.0,E,8,1.88,E,8,-9900,?,9,-9900,?,9,0.0,E,8,-9900,?,9,-9900,?,9,0.0,0.0,E,8
10/23/2010,14:00,1199.919,1380.538,469.14,1,8,12.269,1,8,458.478,1,8,56296.8,1,8,1165.518,1,8,50432.529,1,8,167.921,1,8,-9900,?,9,-9900,?,9,17.18,E,8,1.11,E,8,33.0,E,8,822.9788000000001,E,8,999.0,E,8,1.88,E,8,-9900,?,9,-9900,?,9,0.0,E,8,-9900,?,9,-9900,?,9,0.0,0.0,E,8
10/23/2010,15:00,1002.81,1380.538,401.79,1,8,43.152,1,8,370.453,1,8,48214.8,1,8,4099.417,1,8,40749.854,1,8,162.378,1,8,-9900,?,9,-9900,?,9,17.31,E,8,1.0,E,8,33.0,E,8,822.9788000000001,E,8,999.0,E,8,1.88,E,8,-9900,?,9,-9900,?,9,0.0,E,8,-9900,?,9,-9900,?,9,0.0,0.0,E,8
10/23/2010,16:00,744.223,1380.538,306.04,1,8,83.143,1,8,261.251,1,8,36724.8,1,8,7898.609,1,8,28737.614,1,8,154.37,1,8,-9900,?,9,-9900,?,9,17.07,E,8,1.21,E,8,34.0,E,8,822.9788000000001,E,8,999.0,E,8,1.88,E,8,-9900,?,9,-9900,?,9,0.0,E,8,-9900,?,9,-9900,?,9,0.0,0.0,E,8
10/23/2010,17:00,442.019,1380.538,189.52,1,8,167.039,1,8,136.173,1,8,22742.4,1,8,15868.689,1,8,14979.05,1,8,135.722,1,8,-9900,?,9,-9900,?,9,16.42,E,8,1.78,E,8,37.0,E,8,822.9788000000001,E,8,999.0,E,8,2.67,E,8,-9900,?,9,-9900,?,9,0.0,E,8,-9900,?,9,-9900,?,9,0.0,0.0,E,8
10/23/2010,18:00,118.818,1380.538,65.32,1,8,295.145,1,8,40.772,1,8,7838.4,1,8,28038.796,1,8,4484.885,1,8,156.035,1,8,-9900,?,9,-9900,?,9,15.43,E,8,2.6,E,8,42.0,E,8,822.9788000000001,E,8,999.0,E,8,2.17,E,8,-9900,?,9,-9900,?,9,0.0,E,8,-9900,?,9,-9900,?,9,0.0,0.0,E,8
10/23/2010,19:00,0.0,1380.538,0.0,1,8,0.0,1,8,0.0,1,8,0.0,1,8,0.0,1,8,0.0,1,8,-0.0,1,8,-9900,?,9,-9900,?,9,14.55,E,8,3.29,E,8,46.0,E,8,822.9788000000001,E,8,999.0,E,8,2.21,E,8,-9900,?,9,-9900,?,9,0.0,E,8,-9900,?,9,-9900,?,9,0.0,0.0,E,8
10/23/2010,20:00,0.0,1380.538,0.0,1,8,0.0,1,8,0.0,1,8,0.0,1,8,0.0,1,8,0.0,1,8,-0.0,1,8,-9900,?,9,-9900,?,9,13.66,E,8,3.97,E,8,51.0,E,8,822.9788000000001,E,8,999.0,E,8,1.88,E,8,-9900,?,9,-9900,?,9,0.0,E,8,-9900,?,9,-9900,?,9,0.0,0.0,E,8
10/23/2010,21:00,0.0,1380.538,0.0,1,8,0.0,1,8,0.0,1,8,0.0,1,8,0.0,1,8,0.0,1,8,-0.0,1,8,-9900,?,9,-9900,?,9,12.78,E,8,4.61,E,8,57.0,E,8,822.9788000000001,E,8,999.0,E,8,1.88,E,8,-9900,?,9,-9900,?,9,0.0,E,8,-9900,?,9,-9900,?,9,0.0,0.0,E,8
10/23/2010,22:00,0.0,1380.538,0.0,1,8,0.0,1,8,0.0,1,8,0.0,1,8,0.0,1,8,0.0,1,8,-0.0,1,8,-9900,?,9,-9900,?,9,11.9,E,8,5.22,E,8,63.0,E,8,822.9788000000001,E,8,999.0,E,8,1.88,E,8,-9900,?,9,-9900,?,9,0.0,E,8,-9900,?,9,-9900,?,9,0.0,0.0,E,8
10/23/2010,23:00,0.0,1380.538,0.0,1,8,0.0,1,8,0.0,1,8,0.0,1,8,0.0,1,8,0.0,1,8,-0.0,1,8,-9900,?,9,-9900,?,9,11.01,E,8,5.82,E,8,70.0,E,8,822.9788000000001,E,8,999.0,E,8,1.88,E,8,-9900,?,9,-9900,?,9,0.0,E,8,-9900,?,9,-9900,?,9,0.0,0.0,E,8
10/23/2010,24:00,0.0,1380.538,0.0,1,8,0.0,1,8,0.0,1,8,0.0,1,8,0.0,1,8,0.0,1,8,-0.0,1,8,-9900,?,9,-9900,?,9,10.13,E,8,4.07,E,8,66.0,E,8,822.9788000000001,E,8,999.0,E,8,0.4,E,8,-9900,?,9,-9900,?,9,0.0,E,8,-9900,?,9,-9900,?,9,0.0,0.0,E,8
10/24/2010,01:00,0.0,1380.538,0.0,1,8,0.0,1,8,0.0,1,8,0.0,1,8,0.0,1,8,0.0,1,8,-0.0,1,8,-9900,?,9,-9900,?,9,9.69,E,8,4.54,E,8,70.0,E,8,822.9788000000001,E,8,999.0,E,8,0.4,E,8,-9900,?,9,-9900,?,9,0.0,E,8,-9900,?,9,-9900,?,9,0.0,0.0,E,8
10/24/2010,02:00,0.0,1380.538,0.0,1,8,0.0,1,8,0.0,1,8,0.0,1,8,0.0,1,8,0.0,1,8,-0.0,1,8,-9900,?,9,-9900,?,9,9.25,E,8,4.99,E,8,74.0,E,8,822.9788000000001,E,8,999.0,E,8,0.4,E,8,-9900,?,9,-9900,?,9,0.0,E,8,-9900,?,9,-9900,?,9,0.0,0.0,E,8
10/24/2010,03:00,0.0,1380.538,0.0,1,8,0.0,1,8,0.0,1,8,0.0,1,8,0.0,1,8,0.0,1,8,-0.0,1,8,-9900,?,9,-9900,?,9,8.8,E,8,5.44,E,8,79.0,E,8,822.9788000000001,E,8,999.0,E,8,0.4,E,8,-9900,?,9,-9900,?,9,0.0,E,8,-9900,?,9,-9900,?,9,0.0,0.0,E,8
10/24/2010,04:00,0.0,1381.319,0.0,1,8,0.0,1,8,0.0,1,8,0.0,1,8,0.0,1,8,0.0,1,8,-0.0,1,8,-9900,?,9,-9900,?,9,8.36,E,8,5.86,E,8,84.0,E,8,822.9788000000001,E,8,999.0,E,8,0.4,E,8,-9900,?,9,-9900,?,9,0.0,E,8,-9900,?,9,-9900,?,9,0.0,0.0,E,8
10/24/2010,05:00,0.0,1381.319,0.0,1,8,0.0,1,8,0.0,1,8,0.0,1,8,0.0,1,8,0.0,1,8,-0.0,1,8,-9900,?,9,-9900,?,9,7.97,E,8,6.23,E,8,88.0,E,8,822.9788000000001,E,8,999.0,E,8,0.4,E,8,-9900,?,9,-9900,?,9,0.0,E,8,-9900,?,9,-9900,?,9,0.0,0.0,E,8
10/24/2010,06:00,89.763,1381.319,0.0,1,8,0.0,1,8,0.0,1,8,0.0,1,8,0.0,1,8,0.0,1,8,0.0,1,8,-9900,?,9,-9900,?,9,7.68,E,8,6.5,E,8,92.0,E,8,822.9788000000001,E,8,999.0,E,8,0.4,E,8,-9900,?,9,-9900,?,9,0.0,E,8,-9900,?,9,-9900,?,9,0.0,0.0,E,8
10/24/2010,07:00,413.377,1381.319,71.11,1,8,0.0,1,8,71.11,1,8,8533.2,1,8,0.0,1,8,7822.1,1,8,75.858,1,8,-9900,?,9,-9900,?,9,7.39,E,8,6.76,E,8,95.0,E,8,822.9788000000001,E,8,999.0,E,8,0.4,E,8,-9900,?,9,-9900,?,9,0.0,E,8,-9900,?,9,-9900,?,9,0.0,0.0,E,8
10/24/2010,08:00,718.805,1381.319,232.15,1,8,25.806,1,8,218.732,1,8,27858.0,1,8,2451.559,1,8,24060.499,1,8,133.902,1,8,-9900,?,9,-9900,?,9,11.07,E,8,3.03,E,8,57.0,E,8,822.9788000000001,E,8,999.0,E,8,0.4,E,8,-9900,?,9,-9900,?,9,0.0,E,8,-9900,?,9,-9900,?,9,0.0,0.0,E,8
10/24/2010,09:00,982.474,1381.319,385.86,1,8,21.008,1,8,370.922,1,8,46303.2,1,8,1995.775,1,8,40801.428,1,8,166.047,1,8,-9900,?,9,-9900,?,9,12.97,E,8,0.69,E,8,42.0,E,8,822.9788000000001,E,8,999.0,E,8,0.4,E,8,-9900,?,9,-9900,?,9,0.0,E,8,-9900,?,9,-9900,?,9,0.0,0.0,E,8
10/24/2010,10:00,1186.168,1381.319,513.67,1,8,74.458,1,8,449.738,1,8,61640.4,1,8,7073.538,1,8,49471.153,1,8,166.726,1,8,-9900,?,9,-9900,?,9,14.7,E,8,-1.6,E,8,32.0,E,8,822.9788000000001,E,8,999.0,E,8,0.4,E,8,-9900,?,9,-9900,?,9,0.0,E,8,-9900,?,9,-9900,?,9,0.0,0.0,E,8
10/24/2010,11:00,1315.953,1381.319,605.27,1,8,5.542,1,8,599.99,1,8,72632.4,1,8,526.498,1,8,65998.937,1,8,200.475,1,8,-9900,?,9,-9900,?,9,16.18,E,8,-3.84,E,8,24.0,E,8,822.9788000000001,E,8,999.0,E,8,0.4,E,8,-9900,?,9,-9900,?,9,0.0,E,8,-9900,?,9,-9900,?,9,0.0,0.0,E,8
10/24/2010,12:00,1362.973,1381.319,653.93,1,8,6.374,1,8,647.641,1,8,78471.6,1,8,605.527,1,8,71240.481,1,8,208.927,1,8,-9900,?,9,-9900,?,9,17.37,E,8,-5.97,E,8,18.0,E,8,822.9788000000001,E,8,999.0,E,8,0.4,E,8,-9900,?,9,-9900,?,9,0.0,E,8,-9900,?,9,-9900,?,9,0.0,0.0,E,8
10/24/2010,13:00,1324.036,1381.319,656.15,1,8,7.484,1,8,648.976,1,8,78738.0,1,8,710.992,1,8,71387.407,1,8,215.518,1,8,-9900,?,9,-9900,?,9,18.22,E,8,-7.76,E,8,15.0,E,8,822.9788000000001,E,8,999.0,E,8,1.01,E,8,-9900,?,9,-9900,?,9,0.0,E,8,-9900,?,9,-9900,?,9,0.0,0.0,E,8
10/24/2010,14:00,1201.818,1381.319,611.8,1,8,141.832,1,8,488.411,1,8,73416.0,1,8,13474.033,1,8,53725.168,1,8,178.703,1,8,-9900,?,9,-9900,?,9,18.73,E,8,-8.96,E,8,13.0,E,8,822.9788000000001,E,8,999.0,E,8,1.27,E,8,-9900,?,9,-9900,?,9,0.0,E,8,-9900,?,9,-9900,?,9,0.0,0.0,E,8
10/24/2010,15:00,1004.688,1381.319,524.05,1,8,124.196,1,8,433.741,1,8,62886.0,1,8,11798.647,1,8,47711.485,1,8,189.87,1,8,-9900,?,9,-9900,?,9,18.88,E,8,-9.34,E,8,12.0,E,8,822.9788000000001,E,8,999.0,E,8,1.79,E,8,-9900,?,9,-9900,?,9,0.0,E,8,-9900,?,9,-9900,?,9,0.0,0.0,E,8
10/24/2010,16:00,746.158,1381.319,399.36,1,8,227.858,1,8,276.363,1,8,47923.2,1,8,21646.537,1,8,30399.978,1,8,162.968,1,8,-9900,?,9,-9900,?,9,18.58,E,8,-8.6,E,8,13.0,E,8,822.9788000000001,E,8,999.0,E,8,2.03,E,8,-9900,?,9,-9900,?,9,0.0,E,8,-9900,?,9,-9900,?,9,0.0,0.0,E,8
10/24/2010,17:00,444.084,1381.319,247.65,1,8,396.811,1,8,120.398,1,8,29718.0,1,8,37697.058,1,8,13243.808,1,8,119.506,1,8,-9900,?,9,-9900,?,9,17.76,E,8,-6.76,E,8,16.0,E,8,822.9788000000001,E,8,999.0,E,8,1.97,E,8,-9900,?,9,-9900,?,9,0.0,E,8,-9900,?,9,-9900,?,9,0.0,0.0,E,8
10/24/2010,18:00,121.032,1381.319,85.92,1,8,297.312,1,8,60.717,1,8,10310.4,1,8,28244.629,1,8,6678.886,1,8,227.994,1,8,-9900,?,9,-9900,?,9,16.52,E,8,-4.41,E,8,22.0,E,8,822.9788000000001,E,8,999.0,E,8,1.24,E,8,-9900,?,9,-9900,?,9,0.0,E,8,-9900,?,9,-9900,?,9,0.0,0.0,E,8
10/24/2010,19:00,0.0,1381.319,0.0,1,8,0.0,1,8,0.0,1,8,0.0,1,8,0.0,1,8,0.0,1,8,-0.0,1,8,-9900,?,9,-9900,?,9,15.54,E,8,-2.82,E,8,27.0,E,8,822.9788000000001,E,8,999.0,E,8,0.63,E,8,-9900,?,9,-9900,?,9,0.0,E,8,-9900,?,9,-9900,?,9,0.0,0.0,E,8
10/24/2010,20:00,0.0,1381.319,0.0,1,8,0.0,1,8,0.0,1,8,0.0,1,8,0.0,1,8,0.0,1,8,-0.0,1,8,-9900,?,9,-9900,?,9,14.56,E,8,-1.41,E,8,32.0,E,8,822.9788000000001,E,8,999.0,E,8,0.49,E,8,-9900,?,9,-9900,?,9,0.0,E,8,-9900,?,9,-9900,?,9,0.0,0.0,E,8
10/24/2010,21:00,0.0,1381.319,0.0,1,8,0.0,1,8,0.0,1,8,0.0,1,8,0.0,1,8,0.0,1,8,-0.0,1,8,-9900,?,9,-9900,?,9,13.57,E,8,-0.12,E,8,38.0,E,8,822.9788000000001,E,8,999.0,E,8,0.4,E,8,-9900,?,9,-9900,?,9,0.0,E,8,-9900,?,9,-9900,?,9,0.0,0.0,E,8
10/24/2010,22:00,0.0,1381.319,0.0,1,8,0.0,1,8,0.0,1,8,0.0,1,8,0.0,1,8,0.0,1,8,-0.0,1,8,-9900,?,9,-9900,?,9,12.59,E,8,1.19,E,8,45.0,E,8,822.9788000000001,E,8,999.0,E,8,0.4,E,8,-9900,?,9,-9900,?,9,0.0,E,8,-9900,?,9,-9900,?,9,0.0,0.0,E,8
10/24/2010,23:00,0.0,1381.319,0.0,1,8,0.0,1,8,0.0,1,8,0.0,1,8,0.0,1,8,0.0,1,8,-0.0,1,8,-9900,?,9,-9900,?,9,11.61,E,8,2.4,E,8,53.0,E,8,822.9788000000001,E,8,999.0,E,8,0.4,E,8,-9900,?,9,-9900,?,9,0.0,E,8,-9900,?,9,-9900,?,9,0.0,0.0,E,8
10/24/2010,24:00,0.0,1381.319,0.0,1,8,0.0,1,8,0.0,1,8,0.0,1,8,0.0,1,8,0.0,1,8,-0.0,1,8,-9900,?,9,-9900,?,9,10.63,E,8,3.8,E,8,62.0,E,8,822.9788000000001,E,8,999.0,E,8,0.26,E,8,-9900,?,9,-9900,?,9,0.0,E,8,-9900,?,9,-9900,?,9,0.0,0.0,E,8
10/25/2010,01:00,0.0,1381.319,0.0,1,8,0.0,1,8,0.0,1,8,0.0,1,8,0.0,1,8,0.0,1,8,-0.0,1,8,-9900,?,9,-9900,?,9,10.13,E,8,4.42,E,8,67.0,E,8,822.9788000000001,E,8,999.0,E,8,0.26,E,8,-9900,?,9,-9900,?,9,0.0,E,8,-9900,?,9,-9900,?,9,0.0,0.0,E,8
10/25/2010,02:00,0.0,1381.319,0.0,1,8,0.0,1,8,0.0,1,8,0.0,1,8,0.0,1,8,0.0,1,8,-0.0,1,8,-9900,?,9,-9900,?,9,9.64,E,8,5.01,E,8,72.0,E,8,822.9788000000001,E,8,999.0,E,8,0.26,E,8,-9900,?,9,-9900,?,9,0.0,E,8,-9900,?,9,-9900,?,9,0.0,0.0,E,8
10/25/2010,03:00,0.0,1381.319,0.0,1,8,0.0,1,8,0.0,1,8,0.0,1,8,0.0,1,8,0.0,1,8,-0.0,1,8,-9900,?,9,-9900,?,9,9.15,E,8,5.57,E,8,78.0,E,8,822.9788000000001,E,8,999.0,E,8,0.26,E,8,-9900,?,9,-9900,?,9,0.0,E,8,-9900,?,9,-9900,?,9,0.0,0.0,E,8
10/25/2010,04:00,0.0,1382.095,0.0,1,8,0.0,1,8,0.0,1,8,0.0,1,8,0.0,1,8,0.0,1,8,-0.0,1,8,-9900,?,9,-9900,?,9,8.66,E,8,6.12,E,8,84.0,E,8,822.9788000000001,E,8,999.0,E,8,0.26,E,8,-9900,?,9,-9900,?,9,0.0,E,8,-9900,?,9,-9900,?,9,0.0,0.0,E,8
10/25/2010,05:00,0.0,1382.095,0.0,1,8,0.0,1,8,0.0,1,8,0.0,1,8,0.0,1,8,0.0,1,8,-0.0,1,8,-9900,?,9,-9900,?,9,8.23,E,8,6.58,E,8,89.0,E,8,822.9788000000001,E,8,999.0,E,8,0.26,E,8,-9900,?,9,-9900,?,9,0.0,E,8,-9900,?,9,-9900,?,9,0.0,0.0,E,8
10/25/2010,06:00,93.343,1382.095,0.0,1,8,0.0,1,8,0.0,1,8,0.0,1,8,0.0,1,8,0.0,1,8,0.0,1,8,-9900,?,9,-9900,?,9,7.9,E,8,6.93,E,8,93.0,E,8,822.9788000000001,E,8,999.0,E,8,0.26,E,8,-9900,?,9,-9900,?,9,0.0,E,8,-9900,?,9,-9900,?,9,0.0,0.0,E,8
10/25/2010,07:00,416.822,1382.095,72.2,1,8,0.0,1,8,72.2,1,8,8664.0,1,8,0.0,1,8,7942.0,1,8,76.424,1,8,-9900,?,9,-9900,?,9,7.58,E,8,7.26,E,8,97.0,E,8,822.9788000000001,E,8,999.0,E,8,0.26,E,8,-9900,?,9,-9900,?,9,0.0,E,8,-9900,?,9,-9900,?,9,0.0,0.0,E,8
10/25/2010,08:00,721.969,1382.095,232.37,1,8,25.379,1,8,219.123,1,8,27884.4,1,8,2411.042,1,8,24103.512,1,8,133.628,1,8,-9900,?,9,-9900,?,9,11.26,E,8,2.98,E,8,56.0,E,8,822.9788000000001,E,8,999.0,E,8,0.26,E,8,-9900,?,9,-9900,?,9,0.0,E,8,-9900,?,9,-9900,?,9,0.0,0.0,E,8
10/25/2010,09:00,985.339,1382.095,385.09,1,8,20.574,1,8,370.426,1,8,46210.8,1,8,1954.525,1,8,40746.899,1,8,165.435,1,8,-9900,?,9,-9900,?,9,13.13,E,8,0.27,E,8,41.0,E,8,822.9788000000001,E,8,999.0,E,8,0.26,E,8,-9900,?,9,-9900,?,9,0.0,E,8,-9900,?,9,-9900,?,9,0.0,0.0,E,8
10/25/2010,10:00,1188.744,1382.095,512.03,1,8,72.811,1,8,449.411,1,8,61443.6,1,8,6917.079,1,8,49435.236,1,8,166.337,1,8,-9900,?,9,-9900,?,9,14.84,E,8,-2.41,E,8,29.0,E,8,822.9788000000001,E,8,999.0,E,8,0.32,E,8,-9900,?,9,-9900,?,9,0.0,E,8,-9900,?,9,-9900,?,9,0.0,0.0,E,8
10/25/2010,11:00,1318.267,1382.095,602.97,1,8,5.415,1,8,597.805,1,8,72356.4,1,8,514.414,1,8,65758.586,1,8,199.506,1,8,-9900,?,9,-9900,?,9,16.3,E,8,-5.2,E,8,21.0,E,8,822.9788000000001,E,8,999.0,E,8,0.46,E,8,-9900,?,9,-9900,?,9,0.0,E,8,-9900,?,9,-9900,?,9,0.0,0.0,E,8
10/25/2010,12:00,1365.075,1382.095,651.23,1,8,6.224,1,8,645.082,1,8,78147.6,1,8,591.313,1,8,70959.058,1,8,207.898,1,8,-9900,?,9,-9900,?,9,17.47,E,8,-7.99,E,8,15.0,E,8,822.9788000000001,E,8,999.0,E,8,0.9,E,8,-9900,?,9,-9900,?,9,0.0,E,8,-9900,?,9,-9900,?,9,0.0,0.0,E,8
10/25/2010,13:00,1325.986,1382.095,653.34,1,8,7.306,1,8,646.33,1,8,78400.8,1,8,694.104,1,8,71096.348,1,8,214.444,1,8,-9900,?,9,-9900,?,9,18.31,E,8,-10.46,E,8,11.0,E,8,822.9788000000001,E,8,999.0,E,8,1.65,E,8,-9900,?,9,-9900,?,9,0.0,E,8,-9900,?,9,-9900,?,9,0.0,0.0,E,8
10/25/2010,14:00,1203.689,1382.095,609.17,1,8,138.445,1,8,488.607,1,8,73100.4,1,8,13152.292,1,8,53746.784,1,8,178.597,1,8,-9900,?,9,-9900,?,9,18.81,E,8,-12.21,E,8,9.0,E,8,822.9788000000001,E,8,999.0,E,8,2.22,E,8,-9900,?,9,-9900,?,9,0.0,E,8,-9900,?,9,-9900,?,9,0.0,0.0,E,8
10/25/2010,15:00,1006.558,1382.095,521.89,1,8,121.238,1,8,433.617,1,8,62626.8,1,8,11517.593,1,8,47697.914,1,8,189.57,1,8,-9900,?,9,-9900,?,9,18.97,E,8,-12.82,E,8,9.0,E,8,822.9788000000001,E,8,999.0,E,8,2.48,E,8,-9900,?,9,-9900,?,9,0.0,E,8,-9900,?,9,-9900,?,9,0.0,0.0,E,8
10/25/2010,16:00,748.105,1382.095,397.91,1,8,135.541,1,8,324.596,1,8,47749.2,1,8,12876.418,1,8,35705.525,1,8,191.019,1,8,-9900,?,9,-9900,?,9,18.67,E,8,-11.69,E,8,10.0,E,8,822.9788000000001,E,8,999.0,E,8,2.39,E,8,-9900,?,9,-9900,?,9,0.0,E,8,-9900,?,9,-9900,?,9,0.0,0.0,E,8
10/25/2010,17:00,446.176,1382.095,247.1,1,8,387.512,1,8,122.312,1,8,29652.0,1,8,36813.657,1,8,13454.325,1,8,120.902,1,8,-9900,?,9,-9900,?,9,17.86,E,8,-9.07,E,8,13.0,E,8,822.9788000000001,E,8,999.0,E,8,1.16,E,8,-9900,?,9,-9900,?,9,0.0,E,8,-9900,?,9,-9900,?,9,0.0,0.0,E,8
10/25/2010,18:00,123.287,1382.095,86.31,1,8,301.082,1,8,60.299,1,8,10357.2,1,8,28602.802,1,8,6632.891,1,8,222.172,1,8,-9900,?,9,-9900,?,9,16.63,E,8,-5.93,E,8,19.0,E,8,822.9788000000001,E,8,999.0,E,8,1.31,E,8,-9900,?,9,-9900,?,9,0.0,E,8,-9900,?,9,-9900,?,9,0.0,0.0,E,8
10/25/2010,19:00,0.0,1382.095,0.0,1,8,0.0,1,8,0.0,1,8,0.0,1,8,0.0,1,8,0.0,1,8,-0.0,1,8,-9900,?,9,-9900,?,9,15.66,E,8,-3.9,E,8,24.0,E,8,822.9788000000001,E,8,999.0,E,8,0.34,E,8,-9900,?,9,-9900,?,9,0.0,E,8,-9900,?,9,-9900,?,9,0.0,0.0,E,8
10/25/2010,20:00,0.0,1382.095,0.0,1,8,0.0,1,8,0.0,1,8,0.0,1,8,0.0,1,8,0.0,1,8,-0.0,1,8,-9900,?,9,-9900,?,9,14.7,E,8,-2.17,E,8,30.0,E,8,822.9788000000001,E,8,999.0,E,8,0.26,E,8,-9900,?,9,-9900,?,9,0.0,E,8,-9900,?,9,-9900,?,9,0.0,0.0,E,8
10/25/2010,21:00,0.0,1382.095,0.0,1,8,0.0,1,8,0.0,1,8,0.0,1,8,0.0,1,8,0.0,1,8,-0.0,1,8,-9900,?,9,-9900,?,9,13.73,E,8,-0.63,E,8,36.0,E,8,822.9788000000001,E,8,999.0,E,8,0.26,E,8,-9900,?,9,-9900,?,9,0.0,E,8,-9900,?,9,-9900,?,9,0.0,0.0,E,8
10/25/2010,22:00,0.0,1382.095,0.0,1,8,0.0,1,8,0.0,1,8,0.0,1,8,0.0,1,8,0.0,1,8,-0.0,1,8,-9900,?,9,-9900,?,9,12.77,E,8,0.83,E,8,44.0,E,8,822.9788000000001,E,8,999.0,E,8,0.26,E,8,-9900,?,9,-9900,?,9,0.0,E,8,-9900,?,9,-9900,?,9,0.0,0.0,E,8
10/25/2010,23:00,0.0,1382.095,0.0,1,8,0.0,1,8,0.0,1,8,0.0,1,8,0.0,1,8,0.0,1,8,-0.0,1,8,-9900,?,9,-9900,?,9,11.8,E,8,2.25,E,8,51.0,E,8,822.9788000000001,E,8,999.0,E,8,0.26,E,8,-9900,?,9,-9900,?,9,0.0,E,8,-9900,?,9,-9900,?,9,0.0,0.0,E,8
10/25/2010,24:00,0.0,1382.095,0.0,1,8,0.0,1,8,0.0,1,8,0.0,1,8,0.0,1,8,0.0,1,8,-0.0,1,8,-9900,?,9,-9900,?,9,10.84,E,8,4.07,E,8,62.0,E,8,822.9788000000001,E,8,999.0,E,8,0.25,E,8,-9900,?,9,-9900,?,9,0.0,E,8,-9900,?,9,-9900,?,9,0.0,0.0,E,8
10/26/2010,01:00,0.0,1382.095,0.0,1,8,0.0,1,8,0.0,1,8,0.0,1,8,0.0,1,8,0.0,1,8,-0.0,1,8,-9900,?,9,-9900,?,9,10.36,E,8,4.66,E,8,67.0,E,8,822.9788000000001,E,8,999.0,E,8,0.25,E,8,-9900,?,9,-9900,?,9,0.0,E,8,-9900,?,9,-9900,?,9,0.0,0.0,E,8
10/26/2010,02:00,0.0,1382.095,0.0,1,8,0.0,1,8,0.0,1,8,0.0,1,8,0.0,1,8,0.0,1,8,-0.0,1,8,-9900,?,9,-9900,?,9,9.87,E,8,5.23,E,8,72.0,E,8,822.9788000000001,E,8,999.0,E,8,0.26,E,8,-9900,?,9,-9900,?,9,0.0,E,8,-9900,?,9,-9900,?,9,0.0,0.0,E,8
10/26/2010,03:00,0.0,1382.095,0.0,1,8,0.0,1,8,0.0,1,8,0.0,1,8,0.0,1,8,0.0,1,8,-0.0,1,8,-9900,?,9,-9900,?,9,9.39,E,8,5.78,E,8,78.0,E,8,822.9788000000001,E,8,999.0,E,8,0.25,E,8,-9900,?,9,-9900,?,9,0.0,E,8,-9900,?,9,-9900,?,9,0.0,0.0,E,8
10/26/2010,04:00,0.0,1382.868,0.0,1,8,0.0,1,8,0.0,1,8,0.0,1,8,0.0,1,8,0.0,1,8,-0.0,1,8,-9900,?,9,-9900,?,9,8.91,E,8,6.3,E,8,83.0,E,8,822.9788000000001,E,8,999.0,E,8,0.25,E,8,-9900,?,9,-9900,?,9,0.0,E,8,-9900,?,9,-9900,?,9,0.0,0.0,E,8
10/26/2010,05:00,0.0,1382.868,0.0,1,8,0.0,1,8,0.0,1,8,0.0,1,8,0.0,1,8,0.0,1,8,-0.0,1,8,-9900,?,9,-9900,?,9,8.48,E,8,6.76,E,8,88.0,E,8,822.9788000000001,E,8,999.0,E,8,0.31,E,8,-9900,?,9,-9900,?,9,0.0,E,8,-9900,?,9,-9900,?,9,0.0,0.0,E,8
10/26/2010,06:00,96.839,1382.868,0.0,1,8,0.0,1,8,0.0,1,8,0.0,1,8,0.0,1,8,0.0,1,8,0.0,1,8,-9900,?,9,-9900,?,9,8.16,E,8,7.09,E,8,92.0,E,8,822.9788000000001,E,8,999.0,E,8,0.4,E,8,-9900,?,9,-9900,?,9,0.0,E,8,-9900,?,9,-9900,?,9,0.0,0.0,E,8
10/26/2010,07:00,420.167,1382.868,153.62,1,8,79.239,1,8,129.612,1,8,18434.4,1,8,7527.733,1,8,14257.369,1,8,136.173,1,8,-9900,?,9,-9900,?,9,7.84,E,8,7.41,E,8,97.0,E,8,822.9788000000001,E,8,999.0,E,8,0.25,E,8,-9900,?,9,-9900,?,9,0.0,E,8,-9900,?,9,-9900,?,9,0.0,0.0,E,8
10/26/2010,08:00,725.03,1382.868,156.29,1,8,55.93,1,8,126.989,1,8,18754.8,1,8,5313.344,1,8,13968.779,1,8,77.157,1,8,-9900,?,9,-9900,?,9,11.12,E,8,3.72,E,8,60.0,E,8,822.9788000000001,E,8,999.0,E,8,0.25,E,8,-9900,?,9,-9900,?,9,0.0,E,8,-9900,?,9,-9900,?,9,0.0,0.0,E,8
10/26/2010,09:00,988.104,1382.868,358.43,1,8,17.923,1,8,345.627,1,8,43011.6,1,8,1702.708,1,8,38018.955,1,8,154.013,1,8,-9900,?,9,-9900,?,9,12.55,E,8,1.79,E,8,47.0,E,8,822.9788000000001,E,8,999.0,E,8,0.31,E,8,-9900,?,9,-9900,?,9,0.0,E,8,-9900,?,9,-9900,?,9,0.0,0.0,E,8
10/26/2010,10:00,1191.227,1382.868,519.79,1,8,77.996,1,8,452.61,1,8,62374.8,1,8,7409.613,1,8,49787.079,1,8,167.265,1,8,-9900,?,9,-9900,?,9,14.12,E,8,-0.57,E,8,36.0,E,8,822.9788000000001,E,8,999.0,E,8,0.71,E,8,-9900,?,9,-9900,?,9,0.0,E,8,-9900,?,9,-9900,?,9,0.0,0.0,E,8
10/26/2010,11:00,1320.502,1382.868,611.75,1,8,5.701,1,8,606.306,1,8,73410.0,1,8,541.595,1,8,66693.689,1,8,202.114,1,8,-9900,?,9,-9900,?,9,15.45,E,8,-2.72,E,8,27.0,E,8,822.9788000000001,E,8,999.0,E,8,0.93,E,8,-9900,?,9,-9900,?,9,0.0,E,8,-9900,?,9,-9900,?,9,0.0,0.0,E,8
10/26/2010,12:00,1367.112,1382.868,660.51,1,8,6.556,1,8,654.029,1,8,79261.2,1,8,622.789,1,8,71943.197,1,8,210.585,1,8,-9900,?,9,-9900,?,9,16.51,E,8,-4.73,E,8,21.0,E,8,822.9788000000001,E,8,999.0,E,8,1.89,E,8,-9900,?,9,-9900,?,9,0.0,E,8,-9900,?,9,-9900,?,9,0.0,0.0,E,8
10/26/2010,13:00,1327.891,1382.868,662.55,1,8,7.693,1,8,655.163,1,8,79506.0,1,8,730.827,1,8,72067.942,1,8,217.184,1,8,-9900,?,9,-9900,?,9,17.27,E,8,-6.4,E,8,18.0,E,8,822.9788000000001,E,8,999.0,E,8,2.2,E,8,-9900,?,9,-9900,?,9,0.0,E,8,-9900,?,9,-9900,?,9,0.0,0.0,E,8
10/26/2010,14:00,1205.535,1382.868,617.76,1,8,145.603,1,8,490.84,1,8,74131.2,1,8,13832.301,1,8,53992.415,1,8,179.239,1,8,-9900,?,9,-9900,?,9,17.73,E,8,-7.53,E,8,15.0,E,8,822.9788000000001,E,8,999.0,E,8,2.06,E,8,-9900,?,9,-9900,?,9,0.0,E,8,-9900,?,9,-9900,?,9,0.0,0.0,E,8
10/26/2010,15:00,1008.422,1382.868,529.35,1,8,127.213,1,8,436.607,1,8,63522.0,1,8,12085.204,1,8,48026.802,1,8,190.63,1,8,-9900,?,9,-9900,?,9,17.87,E,8,-7.89,E,8,15.0,E,8,822.9788000000001,E,8,999.0,E,8,1.19,E,8,-9900,?,9,-9900,?,9,0.0,E,8,-9900,?,9,-9900,?,9,0.0,0.0,E,8
10/26/2010,16:00,750.064,1382.868,403.81,1,8,232.434,1,8,277.827,1,8,48457.2,1,8,22081.233,1,8,30560.97,1,8,163.159,1,8,-9900,?,9,-9900,?,9,17.62,E,8,-7.25,E,8,16.0,E,8,822.9788000000001,E,8,999.0,E,8,0.78,E,8,-9900,?,9,-9900,?,9,0.0,E,8,-9900,?,9,-9900,?,9,0.0,0.0,E,8
10/26/2010,17:00,448.297,1382.868,251.13,1,8,401.446,1,8,121.31,1,8,30135.6,1,8,38137.334,1,8,13344.13,1,8,119.408,1,8,-9900,?,9,-9900,?,9,16.91,E,8,-5.58,E,8,19.0,E,8,822.9788000000001,E,8,999.0,E,8,1.11,E,8,-9900,?,9,-9900,?,9,0.0,E,8,-9900,?,9,-9900,?,9,0.0,0.0,E,8
10/26/2010,18:00,125.582,1382.868,88.32,1,8,303.418,1,8,61.607,1,8,10598.4,1,8,28824.666,1,8,6776.722,1,8,222.735,1,8,-9900,?,9,-9900,?,9,15.84,E,8,-3.43,E,8,25.0,E,8,822.9788000000001,E,8,999.0,E,8,1.41,E,8,-9900,?,9,-9900,?,9,0.0,E,8,-9900,?,9,-9900,?,9,0.0,0.0,E,8
10/26/2010,19:00,0.0,1382.868,0.0,1,8,0.0,1,8,0.0,1,8,0.0,1,8,0.0,1,8,0.0,1,8,-0.0,1,8,-9900,?,9,-9900,?,9,14.87,E,8,-1.74,E,8,31.0,E,8,822.9788000000001,E,8,999.0,E,8,0.67,E,8,-9900,?,9,-9900,?,9,0.0,E,8,-9900,?,9,-9900,?,9,0.0,0.0,E,8
10/26/2010,20:00,0.0,1382.868,0.0,1,8,0.0,1,8,0.0,1,8,0.0,1,8,0.0,1,8,0.0,1,8,-0.0,1,8,-9900,?,9,-9900,?,9,13.9,E,8,-0.25,E,8,37.0,E,8,822.9788000000001,E,8,999.0,E,8,0.36,E,8,-9900,?,9,-9900,?,9,0.0,E,8,-9900,?,9,-9900,?,9,0.0,0.0,E,8
10/26/2010,21:00,0.0,1382.868,0.0,1,8,0.0,1,8,0.0,1,8,0.0,1,8,0.0,1,8,0.0,1,8,-0.0,1,8,-9900,?,9,-9900,?,9,12.93,E,8,1.23,E,8,44.0,E,8,822.9788000000001,E,8,999.0,E,8,0.25,E,8,-9900,?,9,-9900,?,9,0.0,E,8,-9900,?,9,-9900,?,9,0.0,0.0,E,8
10/26/2010,22:00,0.0,1382.868,0.0,1,8,0.0,1,8,0.0,1,8,0.0,1,8,0.0,1,8,0.0,1,8,-0.0,1,8,-9900,?,9,-9900,?,9,11.96,E,8,2.61,E,8,52.0,E,8,822.9788000000001,E,8,999.0,E,8,0.27,E,8,-9900,?,9,-9900,?,9,0.0,E,8,-9900,?,9,-9900,?,9,0.0,0.0,E,8
10/26/2010,23:00,0.0,1382.868,0.0,1,8,0.0,1,8,0.0,1,8,0.0,1,8,0.0,1,8,0.0,1,8,-0.0,1,8,-9900,?,9,-9900,?,9,10.99,E,8,3.88,E,8,61.0,E,8,822.9788000000001,E,8,999.0,E,8,0.25,E,8,-9900,?,9,-9900,?,9,0.0,E,8,-9900,?,9,-9900,?,9,0.0,0.0,E,8
10/26/2010,24:00,0.0,1382.868,0.0,1,8,0.0,1,8,0.0,1,8,0.0,1,8,0.0,1,8,0.0,1,8,-0.0,1,8,-9900,?,9,-9900,?,9,10.02,E,8,1.59,E,8,55.0,E,8,822.9788000000001,E,8,999.0,E,8,0.68,E,8,-9900,?,9,-9900,?,9,0.0,E,8,-9900,?,9,-9900,?,9,0.0,0.0,E,8
10/27/2010,01:00,0.0,1382.868,0.0,1,8,0.0,1,8,0.0,1,8,0.0,1,8,0.0,1,8,0.0,1,8,-0.0,1,8,-9900,?,9,-9900,?,9,9.53,E,8,2.06,E,8,59.0,E,8,822.9788000000001,E,8,999.0,E,8,1.02,E,8,-9900,?,9,-9900,?,9,0.0,E,8,-9900,?,9,-9900,?,9,0.0,0.0,E,8
10/27/2010,02:00,0.0,1382.868,0.0,1,8,0.0,1,8,0.0,1,8,0.0,1,8,0.0,1,8,0.0,1,8,-0.0,1,8,-9900,?,9,-9900,?,9,9.05,E,8,2.5,E,8,63.0,E,8,822.9788000000001,E,8,999.0,E,8,0.72,E,8,-9900,?,9,-9900,?,9,0.0,E,8,-9900,?,9,-9900,?,9,0.0,0.0,E,8
10/27/2010,03:00,0.0,1382.868,0.0,1,8,0.0,1,8,0.0,1,8,0.0,1,8,0.0,1,8,0.0,1,8,-0.0,1,8,-9900,?,9,-9900,?,9,8.56,E,8,2.93,E,8,67.0,E,8,822.9788000000001,E,8,999.0,E,8,0.81,E,8,-9900,?,9,-9900,?,9,0.0,E,8,-9900,?,9,-9900,?,9,0.0,0.0,E,8
10/27/2010,04:00,0.0,1383.636,0.0,1,8,0.0,1,8,0.0,1,8,0.0,1,8,0.0,1,8,0.0,1,8,-0.0,1,8,-9900,?,9,-9900,?,9,8.08,E,8,3.35,E,8,72.0,E,8,822.9788000000001,E,8,999.0,E,8,0.63,E,8,-9900,?,9,-9900,?,9,0.0,E,8,-9900,?,9,-9900,?,9,0.0,0.0,E,8
10/27/2010,05:00,0.0,1383.636,0.0,1,8,0.0,1,8,0.0,1,8,0.0,1,8,0.0,1,8,0.0,1,8,-0.0,1,8,-9900,?,9,-9900,?,9,7.65,E,8,3.71,E,8,76.0,E,8,822.9788000000001,E,8,999.0,E,8,0.85,E,8,-9900,?,9,-9900,?,9,0.0,E,8,-9900,?,9,-9900,?,9,0.0,0.0,E,8
10/27/2010,06:00,100.248,1383.636,0.0,1,8,0.0,1,8,0.0,1,8,0.0,1,8,0.0,1,8,0.0,1,8,0.0,1,8,-9900,?,9,-9900,?,9,7.33,E,8,3.98,E,8,79.0,E,8,822.9788000000001,E,8,999.0,E,8,1.13,E,8,-9900,?,9,-9900,?,9,0.0,E,8,-9900,?,9,-9900,?,9,0.0,0.0,E,8
10/27/2010,07:00,423.41,1383.636,105.41,1,8,1.891,1,8,104.833,1,8,12649.2,1,8,179.666,1,8,11531.617,1,8,109.351,1,8,-9900,?,9,-9900,?,9,7.01,E,8,4.24,E,8,82.0,E,8,822.9788000000001,E,8,999.0,E,8,1.18,E,8,-9900,?,9,-9900,?,9,0.0,E,8,-9900,?,9,-9900,?,9,0.0,0.0,E,8
10/27/2010,08:00,727.985,1383.636,376.59,1,8,181.683,1,8,281.072,1,8,45190.8,1,8,17259.907,1,8,30917.966,1,8,170.177,1,8,-9900,?,9,-9900,?,9,11.39,E,8,0.22,E,8,46.0,E,8,822.9788000000001,E,8,999.0,E,8,0.96,E,8,-9900,?,9,-9900,?,9,0.0,E,8,-9900,?,9,-9900,?,9,0.0,0.0,E,8
10/27/2010,09:00,990.767,1383.636,515.89,1,8,94.378,1,8,448.328,1,8,61906.8,1,8,8965.923,1,8,49316.123,1,8,199.351,1,8,-9900,?,9,-9900,?,9,13.05,E,8,-1.43,E,8,36.0,E,8,822.9788000000001,E,8,999.0,E,8,1.19,E,8,-9900,?,9,-9900,?,9,0.0,E,8,-9900,?,9,-9900,?,9,0.0,0.0,E,8
10/27/2010,10:00,1193.616,1383.636,709.22,1,8,221.042,1,8,518.554,1,8,85106.4,1,8,20998.97,1,8,57040.939,1,8,191.357,1,8,-9900,?,9,-9900,?,9,14.76,E,8,-3.35,E,8,27.0,E,8,822.9788000000001,E,8,999.0,E,8,1.12,E,8,-9900,?,9,-9900,?,9,0.0,E,8,-9900,?,9,-9900,?,9,0.0,0.0,E,8
10/27/2010,11:00,1322.656,1383.636,773.45,1,8,249.353,1,8,535.093,1,8,92814.0,1,8,23688.526,1,8,58860.262,1,8,178.183,1,8,-9900,?,9,-9900,?,9,16.02,E,8,-4.98,E,8,22.0,E,8,822.9788000000001,E,8,999.0,E,8,1.9,E,8,-9900,?,9,-9900,?,9,0.0,E,8,-9900,?,9,-9900,?,9,0.0,0.0,E,8
10/27/2010,12:00,1369.085,1383.636,865.25,1,8,344.791,1,8,524.087,1,8,103830.0,1,8,32755.188,1,8,57649.532,1,8,168.596,1,8,-9900,?,9,-9900,?,9,17.14,E,8,-6.63,E,8,17.0,E,8,822.9788000000001,E,8,999.0,E,8,2.1,E,8,-9900,?,9,-9900,?,9,0.0,E,8,-9900,?,9,-9900,?,9,0.0,0.0,E,8
10/27/2010,13:00,1329.75,1383.636,817.43,1,8,314.267,1,8,515.409,1,8,98091.6,1,8,29855.388,1,8,56695.015,1,8,170.712,1,8,-9900,?,9,-9900,?,9,17.82,E,8,-7.74,E,8,15.0,E,8,822.9788000000001,E,8,999.0,E,8,2.11,E,8,-9900,?,9,-9900,?,9,0.0,E,8,-9900,?,9,-9900,?,9,0.0,0.0,E,8
10/27/2010,14:00,1207.356,1383.636,710.61,1,8,211.089,1,8,526.431,1,8,85273.2,1,8,20053.5,1,8,57907.418,1,8,192.052,1,8,-9900,?,9,-9900,?,9,18.08,E,8,-8.2,E,8,14.0,E,8,822.9788000000001,E,8,999.0,E,8,3.17,E,8,-9900,?,9,-9900,?,9,0.0,E,8,-9900,?,9,-9900,?,9,0.0,0.0,E,8
10/27/2010,15:00,1010.282,1383.636,464.85,1,8,65.466,1,8,417.062,1,8,55782.0,1,8,6219.243,1,8,45876.771,1,8,181.862,1,8,-9900,?,9,-9900,?,9,17.58,E,8,-7.34,E,8,16.0,E,8,822.9788000000001,E,8,999.0,E,8,3.28,E,8,-9900,?,9,-9900,?,9,0.0,E,8,-9900,?,9,-9900,?,9,0.0,0.0,E,8
10/27/2010,16:00,752.036,1383.636,424.64,1,8,276.42,1,8,274.504,1,8,50956.8,1,8,26259.946,1,8,30195.483,1,8,160.874,1,8,-9900,?,9,-9900,?,9,17.06,E,8,-6.5,E,8,18.0,E,8,822.9788000000001,E,8,999.0,E,8,2.81,E,8,-9900,?,9,-9900,?,9,0.0,E,8,-9900,?,9,-9900,?,9,0.0,0.0,E,8
10/27/2010,17:00,450.447,1383.636,265.87,1,8,472.49,1,8,112.425,1,8,31904.4,1,8,44886.59,1,8,12366.722,1,8,110.192,1,8,-9900,?,9,-9900,?,9,16.19,E,8,-5.22,E,8,21.0,E,8,822.9788000000001,E,8,999.0,E,8,1.97,E,8,-9900,?,9,-9900,?,9,0.0,E,8,-9900,?,9,-9900,?,9,0.0,0.0,E,8
10/27/2010,18:00,127.918,1383.636,109.84,1,8,299.046,1,8,83.01,1,8,13180.8,1,8,28409.362,1,8,9131.06,1,8,294.503,1,8,-9900,?,9,-9900,?,9,15.06,E,8,-3.72,E,8,26.0,E,8,822.9788000000001,E,8,999.0,E,8,1.04,E,8,-9900,?,9,-9900,?,9,0.0,E,8,-9900,?,9,-9900,?,9,0.0,0.0,E,8
10/27/2010,19:00,0.0,1383.636,0.0,1,8,0.0,1,8,0.0,1,8,0.0,1,8,0.0,1,8,0.0,1,8,-0.0,1,8,-9900,?,9,-9900,?,9,14.19,E,8,-2.68,E,8,30.0,E,8,822.9788000000001,E,8,999.0,E,8,0.41,E,8,-9900,?,9,-9900,?,9,0.0,E,8,-9900,?,9,-9900,?,9,0.0,0.0,E,8
10/27/2010,20:00,0.0,1383.636,0.0,1,8,0.0,1,8,0.0,1,8,0.0,1,8,0.0,1,8,0.0,1,8,-0.0,1,8,-9900,?,9,-9900,?,9,13.32,E,8,-1.72,E,8,34.0,E,8,822.9788000000001,E,8,999.0,E,8,0.38,E,8,-9900,?,9,-9900,?,9,0.0,E,8,-9900,?,9,-9900,?,9,0.0,0.0,E,8
10/27/2010,21:00,0.0,1383.636,0.0,1,8,0.0,1,8,0.0,1,8,0.0,1,8,0.0,1,8,0.0,1,8,-0.0,1,8,-9900,?,9,-9900,?,9,12.45,E,8,-0.82,E,8,39.0,E,8,822.9788000000001,E,8,999.0,E,8,0.38,E,8,-9900,?,9,-9900,?,9,0.0,E,8,-9900,?,9,-9900,?,9,0.0,0.0,E,8
10/27/2010,22:00,0.0,1383.636,0.0,1,8,0.0,1,8,0.0,1,8,0.0,1,8,0.0,1,8,0.0,1,8,-0.0,1,8,-9900,?,9,-9900,?,9,11.58,E,8,0.02,E,8,44.0,E,8,822.9788000000001,E,8,999.0,E,8,0.38,E,8,-9900,?,9,-9900,?,9,0.0,E,8,-9900,?,9,-9900,?,9,0.0,0.0,E,8
10/27/2010,23:00,0.0,1383.636,0.0,1,8,0.0,1,8,0.0,1,8,0.0,1,8,0.0,1,8,0.0,1,8,-0.0,1,8,-9900,?,9,-9900,?,9,10.71,E,8,0.92,E,8,50.0,E,8,822.9788000000001,E,8,999.0,E,8,0.38,E,8,-9900,?,9,-9900,?,9,0.0,E,8,-9900,?,9,-9900,?,9,0.0,0.0,E,8
10/27/2010,24:00,0.0,1383.636,0.0,1,8,0.0,1,8,0.0,1,8,0.0,1,8,0.0,1,8,0.0,1,8,-0.0,1,8,-9900,?,9,-9900,?,9,9.84,E,8,4.89,E,8,71.0,E,8,822.9788000000001,E,8,999.0,E,8,0.25,E,8,-9900,?,9,-9900,?,9,0.0,E,8,-9900,?,9,-9900,?,9,0.0,0.0,E,8
10/28/2010,01:00,0.0,1383.636,0.0,1,8,0.0,1,8,0.0,1,8,0.0,1,8,0.0,1,8,0.0,1,8,-0.0,1,8,-9900,?,9,-9900,?,9,9.41,E,8,5.15,E,8,74.0,E,8,822.9788000000001,E,8,999.0,E,8,0.25,E,8,-9900,?,9,-9900,?,9,0.0,E,8,-9900,?,9,-9900,?,9,0.0,0.0,E,8
10/28/2010,02:00,0.0,1383.636,0.0,1,8,0.0,1,8,0.0,1,8,0.0,1,8,0.0,1,8,0.0,1,8,-0.0,1,8,-9900,?,9,-9900,?,9,8.97,E,8,5.42,E,8,78.0,E,8,822.9788000000001,E,8,999.0,E,8,0.25,E,8,-9900,?,9,-9900,?,9,0.0,E,8,-9900,?,9,-9900,?,9,0.0,0.0,E,8
10/28/2010,03:00,0.0,1383.636,0.0,1,8,0.0,1,8,0.0,1,8,0.0,1,8,0.0,1,8,0.0,1,8,-0.0,1,8,-9900,?,9,-9900,?,9,8.54,E,8,5.68,E,8,82.0,E,8,822.9788000000001,E,8,999.0,E,8,0.25,E,8,-9900,?,9,-9900,?,9,0.0,E,8,-9900,?,9,-9900,?,9,0.0,0.0,E,8
10/28/2010,04:00,0.0,1384.4,0.0,1,8,0.0,1,8,0.0,1,8,0.0,1,8,0.0,1,8,0.0,1,8,-0.0,1,8,-9900,?,9,-9900,?,9,8.1,E,8,5.94,E,8,86.0,E,8,822.9788000000001,E,8,999.0,E,8,0.25,E,8,-9900,?,9,-9900,?,9,0.0,E,8,-9900,?,9,-9900,?,9,0.0,0.0,E,8
10/28/2010,05:00,0.0,1384.4,0.0,1,8,0.0,1,8,0.0,1,8,0.0,1,8,0.0,1,8,0.0,1,8,-0.0,1,8,-9900,?,9,-9900,?,9,7.72,E,8,6.16,E,8,89.0,E,8,822.9788000000001,E,8,999.0,E,8,0.25,E,8,-9900,?,9,-9900,?,9,0.0,E,8,-9900,?,9,-9900,?,9,0.0,0.0,E,8
10/28/2010,06:00,103.567,1384.4,0.0,1,8,0.0,1,8,0.0,1,8,0.0,1,8,0.0,1,8,0.0,1,8,0.0,1,8,-9900,?,9,-9900,?,9,7.43,E,8,6.33,E,8,92.0,E,8,822.9788000000001,E,8,999.0,E,8,0.25,E,8,-9900,?,9,-9900,?,9,0.0,E,8,-9900,?,9,-9900,?,9,0.0,0.0,E,8
10/28/2010,07:00,426.548,1384.4,47.87,1,8,0.0,1,8,47.87,1,8,5744.4,1,8,0.0,1,8,5265.7,1,8,49.591,1,8,-9900,?,9,-9900,?,9,7.14,E,8,6.49,E,8,95.0,E,8,822.9788000000001,E,8,999.0,E,8,0.25,E,8,-9900,?,9,-9900,?,9,0.0,E,8,-9900,?,9,-9900,?,9,0.0,0.0,E,8
10/28/2010,08:00,730.835,1384.4,221.75,1,8,40.738,1,8,200.26,1,8,26610.0,1,8,3870.135,1,8,22028.629,1,8,120.842,1,8,-9900,?,9,-9900,?,9,9.8,E,8,4.91,E,8,71.0,E,8,822.9788000000001,E,8,999.0,E,8,0.25,E,8,-9900,?,9,-9900,?,9,0.0,E,8,-9900,?,9,-9900,?,9,0.0,0.0,E,8
10/28/2010,09:00,993.328,1384.4,434.42,1,8,95.935,1,8,365.604,1,8,52130.4,1,8,9113.842,1,8,40216.448,1,8,162.237,1,8,-9900,?,9,-9900,?,9,11.78,E,8,3.62,E,8,57.0,E,8,822.9788000000001,E,8,999.0,E,8,0.4,E,8,-9900,?,9,-9900,?,9,0.0,E,8,-9900,?,9,-9900,?,9,0.0,0.0,E,8
10/28/2010,10:00,1195.912,1384.4,580.36,1,8,142.821,1,8,456.997,1,8,69643.2,1,8,13567.984,1,8,50269.635,1,8,168.41,1,8,-9900,?,9,-9900,?,9,13.48,E,8,2.42,E,8,47.0,E,8,822.9788000000001,E,8,999.0,E,8,0.47,E,8,-9900,?,9,-9900,?,9,0.0,E,8,-9900,?,9,-9900,?,9,0.0,0.0,E,8
10/28/2010,11:00,1324.73,1384.4,869.98,1,8,463.378,1,8,426.586,1,8,104397.6,1,8,44020.934,1,8,46924.477,1,8,141.907,1,8,-9900,?,9,-9900,?,9,15.65,E,8,0.73,E,8,36.0,E,8,822.9788000000001,E,8,999.0,E,8,1.14,E,8,-9900,?,9,-9900,?,9,0.0,E,8,-9900,?,9,-9900,?,9,0.0,0.0,E,8
10/28/2010,12:00,1370.995,1384.4,886.58,1,8,355.933,1,8,534.096,1,8,106389.6,1,8,33813.614,1,8,58750.519,1,8,171.671,1,8,-9900,?,9,-9900,?,9,17.15,E,8,-0.48,E,8,30.0,E,8,822.9788000000001,E,8,999.0,E,8,1.67,E,8,-9900,?,9,-9900,?,9,0.0,E,8,-9900,?,9,-9900,?,9,0.0,0.0,E,8
10/28/2010,13:00,1331.566,1384.4,817.29,1,8,311.282,1,8,517.894,1,8,98074.8,1,8,29571.834,1,8,56968.379,1,8,171.396,1,8,-9900,?,9,-9900,?,9,18.03,E,8,-1.19,E,8,26.0,E,8,822.9788000000001,E,8,999.0,E,8,2.27,E,8,-9900,?,9,-9900,?,9,0.0,E,8,-9900,?,9,-9900,?,9,0.0,0.0,E,8
10/28/2010,14:00,1209.153,1384.4,730.49,1,8,228.826,1,8,530.649,1,8,87658.8,1,8,21738.463,1,8,58371.357,1,8,193.409,1,8,-9900,?,9,-9900,?,9,18.47,E,8,-1.56,E,8,25.0,E,8,822.9788000000001,E,8,999.0,E,8,2.41,E,8,-9900,?,9,-9900,?,9,0.0,E,8,-9900,?,9,-9900,?,9,0.0,0.0,E,8
10/28/2010,15:00,1012.138,1384.4,697.41,1,8,436.941,1,8,378.043,1,8,83689.2,1,8,41509.408,1,8,41584.737,1,8,164.636,1,8,-9900,?,9,-9900,?,9,18.74,E,8,-1.8,E,8,24.0,E,8,822.9788000000001,E,8,999.0,E,8,2.3,E,8,-9900,?,9,-9900,?,9,0.0,E,8,-9900,?,9,-9900,?,9,0.0,0.0,E,8
10/28/2010,16:00,754.024,1384.4,448.32,1,8,332.085,1,8,267.573,1,8,53798.4,1,8,31548.059,1,8,29433.044,1,8,156.484,1,8,-9900,?,9,-9900,?,9,18.28,E,8,-1.4,E,8,25.0,E,8,822.9788000000001,E,8,999.0,E,8,1.33,E,8,-9900,?,9,-9900,?,9,0.0,E,8,-9900,?,9,-9900,?,9,0.0,0.0,E,8
10/28/2010,17:00,452.627,1384.4,318.36,1,8,642.61,1,8,108.768,1,8,38203.2,1,8,61047.984,1,8,11964.466,1,8,106.151,1,8,-9900,?,9,-9900,?,9,17.5,E,8,-0.76,E,8,28.0,E,8,822.9788000000001,E,8,999.0,E,8,0.94,E,8,-9900,?,9,-9900,?,9,0.0,E,8,-9900,?,9,-9900,?,9,0.0,0.0,E,8
10/28/2010,18:00,130.296,1384.4,93.39,1,8,349.917,1,8,61.398,1,8,11206.8,1,8,33242.12,1,8,6753.832,1,8,213.766,1,8,-9900,?,9,-9900,?,9,16.22,E,8,0.26,E,8,33.0,E,8,822.9788000000001,E,8,999.0,E,8,0.48,E,8,-9900,?,9,-9900,?,9,0.0,E,8,-9900,?,9,-9900,?,9,0.0,0.0,E,8
10/28/2010,19:00,0.0,1384.4,0.0,1,8,0.0,1,8,0.0,1,8,0.0,1,8,0.0,1,8,0.0,1,8,-0.0,1,8,-9900,?,9,-9900,?,9,15.22,E,8,1.08,E,8,38.0,E,8,822.9788000000001,E,8,999.0,E,8,0.25,E,8,-9900,?,9,-9900,?,9,0.0,E,8,-9900,?,9,-9900,?,9,0.0,0.0,E,8
10/28/2010,20:00,0.0,1384.4,0.0,1,8,0.0,1,8,0.0,1,8,0.0,1,8,0.0,1,8,0.0,1,8,-0.0,1,8,-9900,?,9,-9900,?,9,14.23,E,8,1.86,E,8,43.0,E,8,822.9788000000001,E,8,999.0,E,8,0.25,E,8,-9900,?,9,-9900,?,9,0.0,E,8,-9900,?,9,-9900,?,9,0.0,0.0,E,8
10/28/2010,21:00,0.0,1384.4,0.0,1,8,0.0,1,8,0.0,1,8,0.0,1,8,0.0,1,8,0.0,1,8,-0.0,1,8,-9900,?,9,-9900,?,9,13.23,E,8,2.6,E,8,48.0,E,8,822.9788000000001,E,8,999.0,E,8,0.25,E,8,-9900,?,9,-9900,?,9,0.0,E,8,-9900,?,9,-9900,?,9,0.0,0.0,E,8
10/28/2010,22:00,0.0,1384.4,0.0,1,8,0.0,1,8,0.0,1,8,0.0,1,8,0.0,1,8,0.0,1,8,-0.0,1,8,-9900,?,9,-9900,?,9,12.24,E,8,3.3,E,8,54.0,E,8,822.9788000000001,E,8,999.0,E,8,0.25,E,8,-9900,?,9,-9900,?,9,0.0,E,8,-9900,?,9,-9900,?,9,0.0,0.0,E,8
10/28/2010,23:00,0.0,1384.4,0.0,1,8,0.0,1,8,0.0,1,8,0.0,1,8,0.0,1,8,0.0,1,8,-0.0,1,8,-9900,?,9,-9900,?,9,11.24,E,8,3.98,E,8,60.0,E,8,822.9788000000001,E,8,999.0,E,8,0.25,E,8,-9900,?,9,-9900,?,9,0.0,E,8,-9900,?,9,-9900,?,9,0.0,0.0,E,8
10/28/2010,24:00,0.0,1384.4,0.0,1,8,0.0,1,8,0.0,1,8,0.0,1,8,0.0,1,8,0.0,1,8,-0.0,1,8,-9900,?,9,-9900,?,9,10.25,E,8,3.41,E,8,62.0,E,8,822.9788000000001,E,8,999.0,E,8,0.24,E,8,-9900,?,9,-9900,?,9,0.0,E,8,-9900,?,9,-9900,?,9,0.0,0.0,E,8
10/29/2010,01:00,0.0,1384.4,0.0,1,8,0.0,1,8,0.0,1,8,0.0,1,8,0.0,1,8,0.0,1,8,-0.0,1,8,-9900,?,9,-9900,?,9,9.75,E,8,3.97,E,8,67.0,E,8,822.9788000000001,E,8,999.0,E,8,0.24,E,8,-9900,?,9,-9900,?,9,0.0,E,8,-9900,?,9,-9900,?,9,0.0,0.0,E,8
10/29/2010,02:00,0.0,1384.4,0.0,1,8,0.0,1,8,0.0,1,8,0.0,1,8,0.0,1,8,0.0,1,8,-0.0,1,8,-9900,?,9,-9900,?,9,9.25,E,8,4.52,E,8,72.0,E,8,822.9788000000001,E,8,999.0,E,8,0.24,E,8,-9900,?,9,-9900,?,9,0.0,E,8,-9900,?,9,-9900,?,9,0.0,0.0,E,8
10/29/2010,03:00,0.0,1384.4,0.0,1,8,0.0,1,8,0.0,1,8,0.0,1,8,0.0,1,8,0.0,1,8,-0.0,1,8,-9900,?,9,-9900,?,9,8.76,E,8,5.03,E,8,77.0,E,8,822.9788000000001,E,8,999.0,E,8,0.24,E,8,-9900,?,9,-9900,?,9,0.0,E,8,-9900,?,9,-9900,?,9,0.0,0.0,E,8
10/29/2010,04:00,0.0,1385.159,0.0,1,8,0.0,1,8,0.0,1,8,0.0,1,8,0.0,1,8,0.0,1,8,-0.0,1,8,-9900,?,9,-9900,?,9,8.26,E,8,5.54,E,8,82.0,E,8,822.9788000000001,E,8,999.0,E,8,0.24,E,8,-9900,?,9,-9900,?,9,0.0,E,8,-9900,?,9,-9900,?,9,0.0,0.0,E,8
10/29/2010,05:00,0.0,1385.159,0.0,1,8,0.0,1,8,0.0,1,8,0.0,1,8,0.0,1,8,0.0,1,8,-0.0,1,8,-9900,?,9,-9900,?,9,7.82,E,8,5.97,E,8,88.0,E,8,822.9788000000001,E,8,999.0,E,8,0.24,E,8,-9900,?,9,-9900,?,9,0.0,E,8,-9900,?,9,-9900,?,9,0.0,0.0,E,8
10/29/2010,06:00,106.794,1385.159,0.0,1,8,0.0,1,8,0.0,1,8,0.0,1,8,0.0,1,8,0.0,1,8,0.0,1,8,-9900,?,9,-9900,?,9,7.49,E,8,6.29,E,8,92.0,E,8,822.9788000000001,E,8,999.0,E,8,0.24,E,8,-9900,?,9,-9900,?,9,0.0,E,8,-9900,?,9,-9900,?,9,0.0,0.0,E,8
10/29/2010,07:00,429.58,1385.159,73.95,1,8,0.0,1,8,73.95,1,8,8874.0,1,8,0.0,1,8,8134.5,1,8,76.107,1,8,-9900,?,9,-9900,?,9,7.16,E,8,6.6,E,8,96.0,E,8,822.9788000000001,E,8,999.0,E,8,0.24,E,8,-9900,?,9,-9900,?,9,0.0,E,8,-9900,?,9,-9900,?,9,0.0,0.0,E,8
10/29/2010,08:00,733.577,1385.159,226.4,1,8,20.965,1,8,215.305,1,8,27168.0,1,8,1991.693,1,8,23683.574,1,8,129.504,1,8,-9900,?,9,-9900,?,9,10.36,E,8,3.29,E,8,61.0,E,8,822.9788000000001,E,8,999.0,E,8,0.24,E,8,-9900,?,9,-9900,?,9,0.0,E,8,-9900,?,9,-9900,?,9,0.0,0.0,E,8
10/29/2010,09:00,995.786,1385.159,371.21,1,8,18.772,1,8,357.718,1,8,44545.2,1,8,1783.367,1,8,39349.021,1,8,158.432,1,8,-9900,?,9,-9900,?,9,11.93,E,8,1.36,E,8,48.0,E,8,822.9788000000001,E,8,999.0,E,8,0.24,E,8,-9900,?,9,-9900,?,9,0.0,E,8,-9900,?,9,-9900,?,9,0.0,0.0,E,8
10/29/2010,10:00,1198.115,1385.159,491.46,1,8,59.866,1,8,439.683,1,8,58975.2,1,8,5687.23,1,8,48365.181,1,8,161.821,1,8,-9900,?,9,-9900,?,9,13.35,E,8,-0.54,E,8,38.0,E,8,822.9788000000001,E,8,999.0,E,8,0.24,E,8,-9900,?,9,-9900,?,9,0.0,E,8,-9900,?,9,-9900,?,9,0.0,0.0,E,8
10/29/2010,11:00,1326.724,1385.159,577.51,1,8,4.428,1,8,573.269,1,8,69301.2,1,8,420.644,1,8,63059.598,1,8,190.519,1,8,-9900,?,9,-9900,?,9,14.58,E,8,-2.26,E,8,30.0,E,8,822.9788000000001,E,8,999.0,E,8,0.79,E,8,-9900,?,9,-9900,?,9,0.0,E,8,-9900,?,9,-9900,?,9,0.0,0.0,E,8
10/29/2010,12:00,1372.843,1385.159,623.02,1,8,5.068,1,8,617.997,1,8,74762.4,1,8,481.499,1,8,67979.635,1,8,198.48,1,8,-9900,?,9,-9900,?,9,15.55,E,8,-3.8,E,8,25.0,E,8,822.9788000000001,E,8,999.0,E,8,1.15,E,8,-9900,?,9,-9900,?,9,0.0,E,8,-9900,?,9,-9900,?,9,0.0,0.0,E,8
10/29/2010,13:00,1333.339,1385.159,624.74,1,8,5.936,1,8,619.026,1,8,74968.8,1,8,563.944,1,8,68092.856,1,8,204.705,1,8,-9900,?,9,-9900,?,9,16.26,E,8,-5.06,E,8,21.0,E,8,822.9788000000001,E,8,999.0,E,8,2.41,E,8,-9900,?,9,-9900,?,9,0.0,E,8,-9900,?,9,-9900,?,9,0.0,0.0,E,8
10/29/2010,14:00,1210.928,1385.159,582.56,1,8,112.481,1,8,484.236,1,8,69907.2,1,8,10685.688,1,8,53265.995,1,8,176.331,1,8,-9900,?,9,-9900,?,9,16.67,E,8,-5.85,E,8,19.0,E,8,822.9788000000001,E,8,999.0,E,8,2.48,E,8,-9900,?,9,-9900,?,9,0.0,E,8,-9900,?,9,-9900,?,9,0.0,0.0,E,8
10/29/2010,15:00,1013.991,1385.159,499.51,1,8,98.732,1,8,427.253,1,8,59941.2,1,8,9379.544,1,8,46997.787,1,8,185.828,1,8,-9900,?,9,-9900,?,9,16.8,E,8,-6.1,E,8,19.0,E,8,822.9788000000001,E,8,999.0,E,8,2.9,E,8,-9900,?,9,-9900,?,9,0.0,E,8,-9900,?,9,-9900,?,9,0.0,0.0,E,8
10/29/2010,16:00,756.027,1385.159,381.69,1,8,110.967,1,8,321.166,1,8,45802.8,1,8,10541.859,1,8,35328.206,1,8,187.431,1,8,-9900,?,9,-9900,?,9,16.54,E,8,-5.59,E,8,20.0,E,8,822.9788000000001,E,8,999.0,E,8,1.85,E,8,-9900,?,9,-9900,?,9,0.0,E,8,-9900,?,9,-9900,?,9,0.0,0.0,E,8
10/29/2010,17:00,454.837,1385.159,238.46,1,8,321.244,1,8,133.227,1,8,28615.2,1,8,30518.192,1,8,14655.025,1,8,129.458,1,8,-9900,?,9,-9900,?,9,15.86,E,8,-4.34,E,8,23.0,E,8,822.9788000000001,E,8,999.0,E,8,1.28,E,8,-9900,?,9,-9900,?,9,0.0,E,8,-9900,?,9,-9900,?,9,0.0,0.0,E,8
10/29/2010,18:00,132.716,1385.159,85.61,1,8,327.487,1,8,55.101,1,8,10273.2,1,8,31111.29,1,8,6061.126,1,8,188.269,1,8,-9900,?,9,-9900,?,9,14.83,E,8,-2.64,E,8,29.0,E,8,822.9788000000001,E,8,999.0,E,8,0.24,E,8,-9900,?,9,-9900,?,9,0.0,E,8,-9900,?,9,-9900,?,9,0.0,0.0,E,8
10/29/2010,19:00,0.0,1385.159,0.0,1,8,0.0,1,8,0.0,1,8,0.0,1,8,0.0,1,8,0.0,1,8,-0.0,1,8,-9900,?,9,-9900,?,9,13.95,E,8,-1.35,E,8,34.0,E,8,822.9788000000001,E,8,999.0,E,8,0.24,E,8,-9900,?,9,-9900,?,9,0.0,E,8,-9900,?,9,-9900,?,9,0.0,0.0,E,8
10/29/2010,20:00,0.0,1385.159,0.0,1,8,0.0,1,8,0.0,1,8,0.0,1,8,0.0,1,8,0.0,1,8,-0.0,1,8,-9900,?,9,-9900,?,9,13.07,E,8,-0.18,E,8,40.0,E,8,822.9788000000001,E,8,999.0,E,8,0.24,E,8,-9900,?,9,-9900,?,9,0.0,E,8,-9900,?,9,-9900,?,9,0.0,0.0,E,8
10/29/2010,21:00,0.0,1385.159,0.0,1,8,0.0,1,8,0.0,1,8,0.0,1,8,0.0,1,8,0.0,1,8,-0.0,1,8,-9900,?,9,-9900,?,9,12.19,E,8,1.02,E,8,46.0,E,8,822.9788000000001,E,8,999.0,E,8,0.24,E,8,-9900,?,9,-9900,?,9,0.0,E,8,-9900,?,9,-9900,?,9,0.0,0.0,E,8
10/29/2010,22:00,0.0,1385.159,0.0,1,8,0.0,1,8,0.0,1,8,0.0,1,8,0.0,1,8,0.0,1,8,-0.0,1,8,-9900,?,9,-9900,?,9,11.31,E,8,2.15,E,8,53.0,E,8,822.9788000000001,E,8,999.0,E,8,0.24,E,8,-9900,?,9,-9900,?,9,0.0,E,8,-9900,?,9,-9900,?,9,0.0,0.0,E,8
10/29/2010,23:00,0.0,1385.159,0.0,1,8,0.0,1,8,0.0,1,8,0.0,1,8,0.0,1,8,0.0,1,8,-0.0,1,8,-9900,?,9,-9900,?,9,10.43,E,8,3.21,E,8,60.0,E,8,822.9788000000001,E,8,999.0,E,8,0.24,E,8,-9900,?,9,-9900,?,9,0.0,E,8,-9900,?,9,-9900,?,9,0.0,0.0,E,8
10/29/2010,24:00,0.0,1385.159,0.0,1,8,0.0,1,8,0.0,1,8,0.0,1,8,0.0,1,8,0.0,1,8,-0.0,1,8,-9900,?,9,-9900,?,9,9.55,E,8,4.67,E,8,71.0,E,8,822.9788000000001,E,8,999.0,E,8,0.12,E,8,-9900,?,9,-9900,?,9,0.0,E,8,-9900,?,9,-9900,?,9,0.0,0.0,E,8
10/30/2010,01:00,0.0,1385.159,0.0,1,8,0.0,1,8,0.0,1,8,0.0,1,8,0.0,1,8,0.0,1,8,-0.0,1,8,-9900,?,9,-9900,?,9,9.11,E,8,4.96,E,8,75.0,E,8,822.9788000000001,E,8,999.0,E,8,0.12,E,8,-9900,?,9,-9900,?,9,0.0,E,8,-9900,?,9,-9900,?,9,0.0,0.0,E,8
10/30/2010,02:00,0.0,1385.159,0.0,1,8,0.0,1,8,0.0,1,8,0.0,1,8,0.0,1,8,0.0,1,8,-0.0,1,8,-9900,?,9,-9900,?,9,8.67,E,8,5.24,E,8,78.0,E,8,822.9788000000001,E,8,999.0,E,8,0.12,E,8,-9900,?,9,-9900,?,9,0.0,E,8,-9900,?,9,-9900,?,9,0.0,0.0,E,8
10/30/2010,03:00,0.0,1385.159,0.0,1,8,0.0,1,8,0.0,1,8,0.0,1,8,0.0,1,8,0.0,1,8,-0.0,1,8,-9900,?,9,-9900,?,9,8.23,E,8,5.51,E,8,82.0,E,8,822.9788000000001,E,8,999.0,E,8,0.12,E,8,-9900,?,9,-9900,?,9,0.0,E,8,-9900,?,9,-9900,?,9,0.0,0.0,E,8
10/30/2010,04:00,0.0,1385.913,0.0,1,8,0.0,1,8,0.0,1,8,0.0,1,8,0.0,1,8,0.0,1,8,-0.0,1,8,-9900,?,9,-9900,?,9,7.79,E,8,5.79,E,8,87.0,E,8,822.9788000000001,E,8,999.0,E,8,0.12,E,8,-9900,?,9,-9900,?,9,0.0,E,8,-9900,?,9,-9900,?,9,0.0,0.0,E,8
10/30/2010,05:00,0.0,1385.913,0.0,1,8,0.0,1,8,0.0,1,8,0.0,1,8,0.0,1,8,0.0,1,8,-0.0,1,8,-9900,?,9,-9900,?,9,7.4,E,8,6.02,E,8,90.0,E,8,822.9788000000001,E,8,999.0,E,8,0.21,E,8,-9900,?,9,-9900,?,9,0.0,E,8,-9900,?,9,-9900,?,9,0.0,0.0,E,8
10/30/2010,06:00,109.925,1385.913,0.0,1,8,0.0,1,8,0.0,1,8,0.0,1,8,0.0,1,8,0.0,1,8,0.0,1,8,-9900,?,9,-9900,?,9,7.11,E,8,6.2,E,8,93.0,E,8,822.9788000000001,E,8,999.0,E,8,0.17,E,8,-9900,?,9,-9900,?,9,0.0,E,8,-9900,?,9,-9900,?,9,0.0,0.0,E,8
10/30/2010,07:00,432.505,1385.913,83.22,1,8,0.0,1,8,83.22,1,8,9986.4,1,8,0.0,1,8,9154.2,1,8,85.111,1,8,-9900,?,9,-9900,?,9,6.82,E,8,6.37,E,8,96.0,E,8,822.9788000000001,E,8,999.0,E,8,0.16,E,8,-9900,?,9,-9900,?,9,0.0,E,8,-9900,?,9,-9900,?,9,0.0,0.0,E,8
10/30/2010,08:00,736.211,1385.913,199.73,1,8,11.652,1,8,193.545,1,8,23967.6,1,8,1106.978,1,8,21289.922,1,8,116.062,1,8,-9900,?,9,-9900,?,9,10.52,E,8,4.02,E,8,64.0,E,8,822.9788000000001,E,8,999.0,E,8,0.39,E,8,-9900,?,9,-9900,?,9,0.0,E,8,-9900,?,9,-9900,?,9,0.0,0.0,E,8
10/30/2010,09:00,998.141,1385.913,450.28,1,8,128.098,1,8,358.048,1,8,54033.6,1,8,12169.337,1,8,39385.302,1,8,158.29,1,8,-9900,?,9,-9900,?,9,13.2,E,8,2.07,E,8,46.0,E,8,822.9788000000001,E,8,999.0,E,8,0.49,E,8,-9900,?,9,-9900,?,9,0.0,E,8,-9900,?,9,-9900,?,9,0.0,0.0,E,8
10/30/2010,10:00,1200.223,1385.913,280.98,1,8,2.292,1,8,278.995,1,8,33717.6,1,8,217.754,1,8,30689.467,1,8,102.557,1,8,-9900,?,9,-9900,?,9,13.44,E,8,1.88,E,8,45.0,E,8,822.9788000000001,E,8,999.0,E,8,0.85,E,8,-9900,?,9,-9900,?,9,0.0,E,8,-9900,?,9,-9900,?,9,0.0,0.0,E,8
10/30/2010,11:00,1328.639,1385.913,582.89,1,8,84.466,1,8,501.917,1,8,69946.8,1,8,8024.24,1,8,55210.874,1,8,166.657,1,8,-9900,?,9,-9900,?,9,15.16,E,8,0.47,E,8,36.0,E,8,822.9788000000001,E,8,999.0,E,8,1.14,E,8,-9900,?,9,-9900,?,9,0.0,E,8,-9900,?,9,-9900,?,9,0.0,0.0,E,8
10/30/2010,12:00,1374.629,1385.913,628.67,1,8,5.229,1,8,623.483,1,8,75440.4,1,8,496.769,1,8,68583.18,1,8,200.091,1,8,-9900,?,9,-9900,?,9,16.51,E,8,-0.65,E,8,30.0,E,8,822.9788000000001,E,8,999.0,E,8,1.26,E,8,-9900,?,9,-9900,?,9,0.0,E,8,-9900,?,9,-9900,?,9,0.0,0.0,E,8
10/30/2010,13:00,1335.069,1385.913,630.36,1,8,6.125,1,8,624.46,1,8,75643.2,1,8,581.828,1,8,68690.634,1,8,206.346,1,8,-9900,?,9,-9900,?,9,17.48,E,8,-1.47,E,8,27.0,E,8,822.9788000000001,E,8,999.0,E,8,2.16,E,8,-9900,?,9,-9900,?,9,0.0,E,8,-9900,?,9,-9900,?,9,0.0,0.0,E,8
10/30/2010,14:00,1212.681,1385.913,587.84,1,8,115.979,1,8,486.367,1,8,70540.8,1,8,11018.037,1,8,53500.326,1,8,176.947,1,8,-9900,?,9,-9900,?,9,18.06,E,8,-1.99,E,8,25.0,E,8,822.9788000000001,E,8,999.0,E,8,2.19,E,8,-9900,?,9,-9900,?,9,0.0,E,8,-9900,?,9,-9900,?,9,0.0,0.0,E,8
10/30/2010,15:00,1015.843,1385.913,504.16,1,8,101.653,1,8,429.669,1,8,60499.2,1,8,9657.066,1,8,47263.615,1,8,186.639,1,8,-9900,?,9,-9900,?,9,18.28,E,8,-2.19,E,8,24.0,E,8,822.9788000000001,E,8,999.0,E,8,2.42,E,8,-9900,?,9,-9900,?,9,0.0,E,8,-9900,?,9,-9900,?,9,0.0,0.0,E,8
10/30/2010,16:00,758.046,1385.913,385.48,1,8,113.933,1,8,323.206,1,8,46257.6,1,8,10823.617,1,8,35552.606,1,8,188.221,1,8,-9900,?,9,-9900,?,9,18.04,E,8,-1.97,E,8,25.0,E,8,822.9788000000001,E,8,999.0,E,8,1.78,E,8,-9900,?,9,-9900,?,9,0.0,E,8,-9900,?,9,-9900,?,9,0.0,0.0,E,8
10/30/2010,17:00,457.078,1385.913,241.21,1,8,327.827,1,8,133.348,1,8,28945.2,1,8,31143.56,1,8,14668.301,1,8,129.007,1,8,-9900,?,9,-9900,?,9,17.26,E,8,-1.28,E,8,27.0,E,8,822.9788000000001,E,8,999.0,E,8,1.47,E,8,-9900,?,9,-9900,?,9,0.0,E,8,-9900,?,9,-9900,?,9,0.0,0.0,E,8
10/30/2010,18:00,135.177,1385.913,87.21,1,8,330.335,1,8,55.854,1,8,10465.2,1,8,31381.866,1,8,6143.887,1,8,187.296,1,8,-9900,?,9,-9900,?,9,16.05,E,8,-0.28,E,8,32.0,E,8,822.9788000000001,E,8,999.0,E,8,0.81,E,8,-9900,?,9,-9900,?,9,0.0,E,8,-9900,?,9,-9900,?,9,0.0,0.0,E,8
10/30/2010,19:00,0.0,1385.913,0.0,1,8,0.0,1,8,0.0,1,8,0.0,1,8,0.0,1,8,0.0,1,8,-0.0,1,8,-9900,?,9,-9900,?,9,15.2,E,8,0.44,E,8,36.0,E,8,822.9788000000001,E,8,999.0,E,8,0.24,E,8,-9900,?,9,-9900,?,9,0.0,E,8,-9900,?,9,-9900,?,9,0.0,0.0,E,8
10/30/2010,20:00,0.0,1385.913,0.0,1,8,0.0,1,8,0.0,1,8,0.0,1,8,0.0,1,8,0.0,1,8,-0.0,1,8,-9900,?,9,-9900,?,9,14.35,E,8,1.15,E,8,40.0,E,8,822.9788000000001,E,8,999.0,E,8,0.14,E,8,-9900,?,9,-9900,?,9,0.0,E,8,-9900,?,9,-9900,?,9,0.0,0.0,E,8
10/30/2010,21:00,0.0,1385.913,0.0,1,8,0.0,1,8,0.0,1,8,0.0,1,8,0.0,1,8,0.0,1,8,-0.0,1,8,-9900,?,9,-9900,?,9,13.49,E,8,1.84,E,8,45.0,E,8,822.9788000000001,E,8,999.0,E,8,0.12,E,8,-9900,?,9,-9900,?,9,0.0,E,8,-9900,?,9,-9900,?,9,0.0,0.0,E,8
10/30/2010,22:00,0.0,1385.913,0.0,1,8,0.0,1,8,0.0,1,8,0.0,1,8,0.0,1,8,0.0,1,8,-0.0,1,8,-9900,?,9,-9900,?,9,12.64,E,8,2.5,E,8,49.0,E,8,822.9788000000001,E,8,999.0,E,8,0.12,E,8,-9900,?,9,-9900,?,9,0.0,E,8,-9900,?,9,-9900,?,9,0.0,0.0,E,8
10/30/2010,23:00,0.0,1385.913,0.0,1,8,0.0,1,8,0.0,1,8,0.0,1,8,0.0,1,8,0.0,1,8,-0.0,1,8,-9900,?,9,-9900,?,9,11.79,E,8,3.13,E,8,55.0,E,8,822.9788000000001,E,8,999.0,E,8,0.12,E,8,-9900,?,9,-9900,?,9,0.0,E,8,-9900,?,9,-9900,?,9,0.0,0.0,E,8
10/30/2010,24:00,0.0,1385.913,0.0,1,8,0.0,1,8,0.0,1,8,0.0,1,8,0.0,1,8,0.0,1,8,-0.0,1,8,-9900,?,9,-9900,?,9,10.94,E,8,5.91,E,8,71.0,E,8,822.9788000000001,E,8,999.0,E,8,0.3,E,8,-9900,?,9,-9900,?,9,0.0,E,8,-9900,?,9,-9900,?,9,0.0,0.0,E,8
10/31/2010,01:00,0.0,1385.913,0.0,1,8,0.0,1,8,0.0,1,8,0.0,1,8,0.0,1,8,0.0,1,8,-0.0,1,8,-9900,?,9,-9900,?,9,10.51,E,8,6.22,E,8,74.0,E,8,822.9788000000001,E,8,999.0,E,8,0.3,E,8,-9900,?,9,-9900,?,9,0.0,E,8,-9900,?,9,-9900,?,9,0.0,0.0,E,8
10/31/2010,02:00,0.0,1385.913,0.0,1,8,0.0,1,8,0.0,1,8,0.0,1,8,0.0,1,8,0.0,1,8,-0.0,1,8,-9900,?,9,-9900,?,9,10.09,E,8,6.51,E,8,78.0,E,8,822.9788000000001,E,8,999.0,E,8,0.3,E,8,-9900,?,9,-9900,?,9,0.0,E,8,-9900,?,9,-9900,?,9,0.0,0.0,E,8
10/31/2010,03:00,0.0,1385.913,0.0,1,8,0.0,1,8,0.0,1,8,0.0,1,8,0.0,1,8,0.0,1,8,-0.0,1,8,-9900,?,9,-9900,?,9,9.66,E,8,6.81,E,8,82.0,E,8,822.9788000000001,E,8,999.0,E,8,0.3,E,8,-9900,?,9,-9900,?,9,0.0,E,8,-9900,?,9,-9900,?,9,0.0,0.0,E,8
10/31/2010,04:00,0.0,1386.662,0.0,1,8,0.0,1,8,0.0,1,8,0.0,1,8,0.0,1,8,0.0,1,8,-0.0,1,8,-9900,?,9,-9900,?,9,9.24,E,8,7.1,E,8,86.0,E,8,822.9788000000001,E,8,999.0,E,8,0.3,E,8,-9900,?,9,-9900,?,9,0.0,E,8,-9900,?,9,-9900,?,9,0.0,0.0,E,8
10/31/2010,05:00,0.0,1386.662,0.0,1,8,0.0,1,8,0.0,1,8,0.0,1,8,0.0,1,8,0.0,1,8,-0.0,1,8,-9900,?,9,-9900,?,9,8.86,E,8,7.36,E,8,90.0,E,8,822.9788000000001,E,8,999.0,E,8,0.3,E,8,-9900,?,9,-9900,?,9,0.0,E,8,-9900,?,9,-9900,?,9,0.0,0.0,E,8
10/31/2010,06:00,112.958,1386.662,0.0,1,8,0.0,1,8,0.0,1,8,0.0,1,8,0.0,1,8,0.0,1,8,0.0,1,8,-9900,?,9,-9900,?,9,8.58,E,8,7.54,E,8,93.0,E,8,822.9788000000001,E,8,999.0,E,8,0.3,E,8,-9900,?,9,-9900,?,9,0.0,E,8,-9900,?,9,-9900,?,9,0.0,0.0,E,8
10/31/2010,07:00,435.319,1386.662,97.57,1,8,0.0,1,8,97.57,1,8,11708.4,1,8,0.0,1,8,10732.7,1,8,99.192,1,8,-9900,?,9,-9900,?,9,8.3,E,8,7.72,E,8,96.0,E,8,822.9788000000001,E,8,999.0,E,8,0.3,E,8,-9900,?,9,-9900,?,9,0.0,E,8,-9900,?,9,-9900,?,9,0.0,0.0,E,8
10/31/2010,08:00,738.735,1386.662,292.4,1,8,76.686,1,8,251.576,1,8,35088.0,1,8,7285.149,1,8,27673.399,1,8,150.426,1,8,-9900,?,9,-9900,?,9,12.23,E,8,4.94,E,8,61.0,E,8,822.9788000000001,E,8,999.0,E,8,0.3,E,8,-9900,?,9,-9900,?,9,0.0,E,8,-9900,?,9,-9900,?,9,0.0,0.0,E,8
10/31/2010,09:00,1000.391,1386.662,477.19,1,8,109.246,1,8,398.397,1,8,57262.8,1,8,10378.344,1,8,43823.703,1,8,175.827,1,8,-9900,?,9,-9900,?,9,14.14,E,8,3.38,E,8,48.0,E,8,822.9788000000001,E,8,999.0,E,8,0.3,E,8,-9900,?,9,-9900,?,9,0.0,E,8,-9900,?,9,-9900,?,9,0.0,0.0,E,8
10/31/2010,10:00,1202.238,1386.662,630.6,1,8,161.246,1,8,490.813,1,8,75672.0,1,8,15318.378,1,8,53989.419,1,8,180.214,1,8,-9900,?,9,-9900,?,9,15.86,E,8,1.84,E,8,38.0,E,8,822.9788000000001,E,8,999.0,E,8,0.3,E,8,-9900,?,9,-9900,?,9,0.0,E,8,-9900,?,9,-9900,?,9,0.0,0.0,E,8
10/31/2010,11:00,1330.475,1386.662,740.34,1,8,12.085,1,8,728.745,1,8,88840.8,1,8,1148.064,1,8,80161.959,1,8,241.769,1,8,-9900,?,9,-9900,?,9,17.34,E,8,0.37,E,8,31.0,E,8,822.9788000000001,E,8,999.0,E,8,0.96,E,8,-9900,?,9,-9900,?,9,0.0,E,8,-9900,?,9,-9900,?,9,0.0,0.0,E,8
10/31/2010,12:00,1376.353,1386.662,798.32,1,8,234.554,1,8,565.511,1,8,95798.4,1,8,22282.627,1,8,62206.182,1,8,181.357,1,8,-9900,?,9,-9900,?,9,18.52,E,8,-0.8,E,8,26.0,E,8,822.9788000000001,E,8,999.0,E,8,0.89,E,8,-9900,?,9,-9900,?,9,0.0,E,8,-9900,?,9,-9900,?,9,0.0,0.0,E,8
10/31/2010,13:00,1336.759,1386.662,800.42,1,8,272.998,1,8,537.252,1,8,96050.4,1,8,25934.847,1,8,59097.724,1,8,177.401,1,8,-9900,?,9,-9900,?,9,19.37,E,8,-1.68,E,8,23.0,E,8,822.9788000000001,E,8,999.0,E,8,1.4,E,8,-9900,?,9,-9900,?,9,0.0,E,8,-9900,?,9,-9900,?,9,0.0,0.0,E,8
10/31/2010,14:00,1214.414,1386.662,746.48,1,8,282.031,1,8,499.504,1,8,89577.6,1,8,26792.975,1,8,54945.435,1,8,181.565,1,8,-9900,?,9,-9900,?,9,19.87,E,8,-2.23,E,8,21.0,E,8,822.9788000000001,E,8,999.0,E,8,1.54,E,8,-9900,?,9,-9900,?,9,0.0,E,8,-9900,?,9,-9900,?,9,0.0,0.0,E,8
10/31/2010,15:00,1017.695,1386.662,640.39,1,8,360.655,1,8,375.765,1,8,76846.8,1,8,34262.258,1,8,41334.201,1,8,163.016,1,8,-9900,?,9,-9900,?,9,20.02,E,8,-2.39,E,8,21.0,E,8,822.9788000000001,E,8,999.0,E,8,1.95,E,8,-9900,?,9,-9900,?,9,0.0,E,8,-9900,?,9,-9900,?,9,0.0,0.0,E,8
10/31/2010,16:00,760.082,1386.662,489.94,1,8,445.692,1,8,245.806,1,8,58792.8,1,8,42340.711,1,8,27038.668,1,8,142.84,1,8,-9900,?,9,-9900,?,9,19.71,E,8,-2.05,E,8,22.0,E,8,822.9788000000001,E,8,999.0,E,8,2.67,E,8,-9900,?,9,-9900,?,9,0.0,E,8,-9900,?,9,-9900,?,9,0.0,0.0,E,8
10/31/2010,17:00,459.351,1386.662,114.13,1,8,11.124,1,8,110.454,1,8,13695.6,1,8,1056.771,1,8,12149.908,1,8,106.384,1,8,-9900,?,9,-9900,?,9,18.28,E,8,-0.56,E,8,27.0,E,8,822.9788000000001,E,8,999.0,E,8,1.79,E,8,-9900,?,9,-9900,?,9,0.0,E,8,-9900,?,9,-9900,?,9,0.0,0.0,E,8
10/31/2010,18:00,137.681,1386.662,132.14,1,8,212.894,1,8,111.55,1,8,15856.8,1,8,20224.936,1,8,12270.517,1,8,367.139,1,8,-9900,?,9,-9900,?,9,17.17,E,8,0.516,E,8,32.6,E,8,822.9788000000001,E,8,999.0,E,8,1.19,E,8,-9900,?,9,-9900,?,9,0.0,E,8,-9900,?,9,-9900,?,9,0.0,0.0,E,8
10/31/2010,19:00,0.0,1386.662,34.152,1,8,0.0,1,8,0.0,1,8,4098.24,1,8,0.0,1,8,0.0,1,8,-0.0,1,8,-9900,?,9,-9900,?,9,16.028,E,8,1.626,E,8,38.0,E,8,822.9788000000001,E,8,999.0,E,8,0.716,E,8,-9900,?,9,-9900,?,9,0.0,E,8,-9900,?,9,-9900,?,9,0.0,0.0,E,8
10/31/2010,20:00,0.0,1386.662,11.326,1,8,0.0,1,8,0.0,1,8,1359.12,1,8,0.0,1,8,0.0,1,8,-0.0,1,8,-9900,?,9,-9900,?,9,14.978,E,8,2.598,E,8,43.6,E,8,822.9788000000001,E,8,999.0,E,8,0.418,E,8,-9900,?,9,-9900,?,9,0.0,E,8,-9900,?,9,-9900,?,9,0.0,0.0,E,8
10/31/2010,21:00,0.0,1386.662,0.0,1,8,0.0,1,8,0.0,1,8,0.0,1,8,0.0,1,8,0.0,1,8,-0.0,1,8,-9900,?,9,-9900,?,9,14.002,E,8,3.456,E,8,49.4,E,8,822.9788000000001,E,8,999.0,E,8,0.308,E,8,-9900,?,9,-9900,?,9,0.0,E,8,-9900,?,9,-9900,?,9,0.0,0.0,E,8
10/31/2010,22:00,0.0,1386.662,0.0,1,8,0.0,1,8,0.0,1,8,0.0,1,8,0.0,1,8,0.0,1,8,-0.0,1,8,-9900,?,9,-9900,?,9,12.684,E,8,4.012,E,8,56.0,E,8,822.9788000000001,E,8,999.0,E,8,0.282,E,8,-9900,?,9,-9900,?,9,0.0,E,8,-9900,?,9,-9900,?,9,0.0,0.0,E,8
10/31/2010,23:00,0.0,1386.662,0.0,1,8,0.0,1,8,0.0,1,8,0.0,1,8,0.0,1,8,0.0,1,8,-0.0,1,8,-9900,?,9,-9900,?,9,11.47,E,8,4.438,E,8,62.4,E,8,822.9788000000001,E,8,999.0,E,8,0.264,E,8,-9900,?,9,-9900,?,9,0.0,E,8,-9900,?,9,-9900,?,9,0.0,0.0,E,8
10/31/2020,24:00,0.0,1387.405,0.0,1,8,0.0,1,8,0.0,1,8,0.0,1,8,0.0,1,8,0.0,1,8,-0.0,1,8,-9900,?,9,-9900,?,9,10.364,E,8,4.742,E,8,68.2,E,8,822.9788000000001,E,8,999.0,E,8,0.246,E,8,-9900,?,9,-9900,?,9,0.0,E,8,-9900,?,9,-9900,?,9,0.0,0.0,E,8
11/01/2020,01:00,0.0,1387.405,0.0,1,8,0.0,1,8,0.0,1,8,0.0,1,8,0.0,1,8,0.0,1,8,-0.0,1,8,-9900,?,9,-9900,?,9,9.364,E,8,4.932,E,8,73.6,E,8,822.9788000000001,E,8,999.0,E,8,0.228,E,8,-9900,?,9,-9900,?,9,0.0,E,8,-9900,?,9,-9900,?,9,0.0,0.0,E,8
11/01/2020,02:00,0.0,1387.405,0.0,1,8,0.0,1,8,0.0,1,8,0.0,1,8,0.0,1,8,0.0,1,8,-0.0,1,8,-9900,?,9,-9900,?,9,8.47,E,8,5.014,E,8,78.4,E,8,822.9788000000001,E,8,999.0,E,8,0.21,E,8,-9900,?,9,-9900,?,9,0.0,E,8,-9900,?,9,-9900,?,9,0.0,0.0,E,8
11/01/2020,03:00,0.0,1387.405,0.0,1,8,0.0,1,8,0.0,1,8,0.0,1,8,0.0,1,8,0.0,1,8,-0.0,1,8,-9900,?,9,-9900,?,9,8.036,E,8,5.246,E,8,82.2,E,8,822.9788000000001,E,8,999.0,E,8,0.21,E,8,-9900,?,9,-9900,?,9,0.0,E,8,-9900,?,9,-9900,?,9,0.0,0.0,E,8
11/01/2020,04:00,0.0,1388.143,0.0,1,8,0.0,1,8,0.0,1,8,0.0,1,8,0.0,1,8,0.0,1,8,-0.0,1,8,-9900,?,9,-9900,?,9,7.634,E,8,5.458,E,8,85.6,E,8,822.9788000000001,E,8,999.0,E,8,0.21,E,8,-9900,?,9,-9900,?,9,0.0,E,8,-9900,?,9,-9900,?,9,0.0,0.0,E,8
11/01/2020,05:00,0.0,1388.143,28.938,1,8,0.0,1,8,0.0,1,8,3472.56,1,8,0.0,1,8,0.0,1,8,-0.0,1,8,-9900,?,9,-9900,?,9,7.262,E,8,5.652,E,8,89.0,E,8,822.9788000000001,E,8,999.0,E,8,0.21,E,8,-9900,?,9,-9900,?,9,0.0,E,8,-9900,?,9,-9900,?,9,0.0,0.0,E,8
11/01/2020,06:00,117.606,1388.143,0.0,1,8,0.0,1,8,0.0,1,8,0.0,1,8,0.0,1,8,0.0,1,8,0.0,1,8,-9900,?,9,-9900,?,9,6.9,E,8,5.84,E,8,92.0,E,8,822.9788000000001,E,8,999.0,E,8,0.21,E,8,-9900,?,9,-9900,?,9,0.0,E,8,-9900,?,9,-9900,?,9,0.0,0.0,E,8
11/01/2020,07:00,439.681,1388.143,144.69,1,8,40.514,1,8,131.891,1,8,17362.8,1,8,3848.804,1,8,14508.003,1,8,132.889,1,8,-9900,?,9,-9900,?,9,6.61,E,8,5.99,E,8,95.0,E,8,822.9788000000001,E,8,999.0,E,8,0.21,E,8,-9900,?,9,-9900,?,9,0.0,E,8,-9900,?,9,-9900,?,9,0.0,0.0,E,8
11/01/2020,08:00,742.705,1388.143,336.29,1,8,132.381,1,8,265.513,1,8,40354.8,1,8,12576.23,1,8,29206.434,1,8,158.078,1,8,-9900,?,9,-9900,?,9,10.41,E,8,3.94,E,8,64.0,E,8,822.9788000000001,E,8,999.0,E,8,0.23,E,8,-9900,?,9,-9900,?,9,0.0,E,8,-9900,?,9,-9900,?,9,0.0,0.0,E,8
11/01/2020,09:00,1003.992,1388.143,530.76,1,8,203.854,1,8,383.359,1,8,63691.2,1,8,19366.148,1,8,42169.52,1,8,168.763,1,8,-9900,?,9,-9900,?,9,11.94,E,8,3.03,E,8,54.0,E,8,822.9788000000001,E,8,999.0,E,8,0.32,E,8,-9900,?,9,-9900,?,9,0.0,E,8,-9900,?,9,-9900,?,9,0.0,0.0,E,8
11/01/2020,10:00,1205.524,1388.143,935.08,1,8,676.778,1,8,347.393,1,8,112209.6,1,8,64293.891,1,8,38213.198,1,8,127.342,1,8,-9900,?,9,-9900,?,9,14.3,E,8,1.51,E,8,41.0,E,8,822.9788000000001,E,8,999.0,E,8,0.52,E,8,-9900,?,9,-9900,?,9,0.0,E,8,-9900,?,9,-9900,?,9,0.0,0.0,E,8
11/01/2020,11:00,1333.519,1388.143,917.83,1,8,422.951,1,8,511.532,1,8,110139.6,1,8,40180.364,1,8,56268.506,1,8,169.499,1,8,-9900,?,9,-9900,?,9,15.66,E,8,0.57,E,8,35.0,E,8,822.9788000000001,E,8,999.0,E,8,0.45,E,8,-9900,?,9,-9900,?,9,0.0,E,8,-9900,?,9,-9900,?,9,0.0,0.0,E,8
11/01/2020,12:00,1379.249,1388.143,507.8,1,8,13.797,1,8,494.092,1,8,60936.0,1,8,1310.689,1,8,54350.089,1,8,158.289,1,8,-9900,?,9,-9900,?,9,15.37,E,8,0.77,E,8,37.0,E,8,822.9788000000001,E,8,999.0,E,8,1.18,E,8,-9900,?,9,-9900,?,9,0.0,E,8,-9900,?,9,-9900,?,9,0.0,0.0,E,8
11/01/2020,13:00,1339.609,1388.143,335.95,1,8,6.798,1,8,329.39,1,8,40314.0,1,8,645.822,1,8,36232.867,1,8,108.649,1,8,-9900,?,9,-9900,?,9,14.5,E,8,1.38,E,8,40.0,E,8,822.9788000000001,E,8,999.0,E,8,1.59,E,8,-9900,?,9,-9900,?,9,0.0,E,8,-9900,?,9,-9900,?,9,0.0,0.0,E,8
11/01/2020,14:00,1217.323,1388.143,563.01,1,8,129.791,1,8,449.2,1,8,67561.2,1,8,12330.178,1,8,49412.041,1,8,163.064,1,8,-9900,?,9,-9900,?,9,14.61,E,8,1.3,E,8,40.0,E,8,822.9788000000001,E,8,999.0,E,8,2.23,E,8,-9900,?,9,-9900,?,9,0.0,E,8,-9900,?,9,-9900,?,9,0.0,0.0,E,8
11/01/2020,15:00,1020.763,1388.143,332.09,1,8,27.391,1,8,311.953,1,8,39850.8,1,8,2602.108,1,8,34314.884,1,8,135.07,1,8,-9900,?,9,-9900,?,9,14.01,E,8,1.71,E,8,43.0,E,8,822.9788000000001,E,8,999.0,E,8,2.08,E,8,-9900,?,9,-9900,?,9,0.0,E,8,-9900,?,9,-9900,?,9,0.0,0.0,E,8
11/01/2020,16:00,763.399,1388.143,456.91,1,8,339.023,1,8,270.593,1,8,54829.2,1,8,32207.144,1,8,29765.213,1,8,156.726,1,8,-9900,?,9,-9900,?,9,13.86,E,8,1.81,E,8,43.0,E,8,822.9788000000001,E,8,999.0,E,8,1.46,E,8,-9900,?,9,-9900,?,9,0.0,E,8,-9900,?,9,-9900,?,9,0.0,0.0,E,8
11/01/2020,17:00,462.985,1388.143,306.67,1,8,511.591,1,8,136.434,1,8,36800.4,1,8,48601.192,1,8,15007.775,1,8,130.511,1,8,-9900,?,9,-9900,?,9,13.38,E,8,2.12,E,8,46.0,E,8,822.9788000000001,E,8,999.0,E,8,0.76,E,8,-9900,?,9,-9900,?,9,0.0,E,8,-9900,?,9,-9900,?,9,0.0,0.0,E,8
11/01/2020,18:00,141.619,1388.143,125.49,1,8,323.889,1,8,93.262,1,8,15058.8,1,8,30769.478,1,8,10258.814,1,8,298.344,1,8,-9900,?,9,-9900,?,9,12.56,E,8,2.64,E,8,50.0,E,8,822.9788000000001,E,8,999.0,E,8,0.39,E,8,-9900,?,9,-9900,?,9,0.0,E,8,-9900,?,9,-9900,?,9,0.0,0.0,E,8
11/01/2020,19:00,0.0,1388.143,0.0,1,8,0.0,1,8,0.0,1,8,0.0,1,8,0.0,1,8,0.0,1,8,-0.0,1,8,-9900,?,9,-9900,?,9,11.85,E,8,3.08,E,8,54.0,E,8,822.9788000000001,E,8,999.0,E,8,0.21,E,8,-9900,?,9,-9900,?,9,0.0,E,8,-9900,?,9,-9900,?,9,0.0,0.0,E,8
11/01/2020,20:00,0.0,1388.143,0.0,1,8,0.0,1,8,0.0,1,8,0.0,1,8,0.0,1,8,0.0,1,8,-0.0,1,8,-9900,?,9,-9900,?,9,11.15,E,8,3.5,E,8,59.0,E,8,822.9788000000001,E,8,999.0,E,8,0.21,E,8,-9900,?,9,-9900,?,9,0.0,E,8,-9900,?,9,-9900,?,9,0.0,0.0,E,8
11/01/2020,21:00,0.0,1388.143,0.0,1,8,0.0,1,8,0.0,1,8,0.0,1,8,0.0,1,8,0.0,1,8,-0.0,1,8,-9900,?,9,-9900,?,9,10.44,E,8,3.92,E,8,63.0,E,8,822.9788000000001,E,8,999.0,E,8,0.21,E,8,-9900,?,9,-9900,?,9,0.0,E,8,-9900,?,9,-9900,?,9,0.0,0.0,E,8
11/01/2020,22:00,0.0,1388.143,0.0,1,8,0.0,1,8,0.0,1,8,0.0,1,8,0.0,1,8,0.0,1,8,-0.0,1,8,-9900,?,9,-9900,?,9,9.74,E,8,4.32,E,8,68.0,E,8,822.9788000000001,E,8,999.0,E,8,0.34,E,8,-9900,?,9,-9900,?,9,0.0,E,8,-9900,?,9,-9900,?,9,0.0,0.0,E,8
11/01/2020,23:00,0.0,1388.143,0.0,1,8,0.0,1,8,0.0,1,8,0.0,1,8,0.0,1,8,0.0,1,8,-0.0,1,8,-9900,?,9,-9900,?,9,9.03,E,8,4.71,E,8,74.0,E,8,822.9788000000001,E,8,999.0,E,8,0.23,E,8,-9900,?,9,-9900,?,9,0.0,E,8,-9900,?,9,-9900,?,9,0.0,0.0,E,8
11/01/2020,24:00,0.0,1388.143,0.0,1,8,0.0,1,8,0.0,1,8,0.0,1,8,0.0,1,8,0.0,1,8,-0.0,1,8,-9900,?,9,-9900,?,9,8.32,E,8,4.92,E,8,79.0,E,8,822.9788000000001,E,8,999.0,E,8,0.12,E,8,-9900,?,9,-9900,?,9,0.0,E,8,-9900,?,9,-9900,?,9,0.0,0.0,E,8
11/02/2020,01:00,0.0,1388.143,0.0,1,8,0.0,1,8,0.0,1,8,0.0,1,8,0.0,1,8,0.0,1,8,-0.0,1,8,-9900,?,9,-9900,?,9,7.97,E,8,4.99,E,8,81.0,E,8,822.9788000000001,E,8,999.0,E,8,0.12,E,8,-9900,?,9,-9900,?,9,0.0,E,8,-9900,?,9,-9900,?,9,0.0,0.0,E,8
11/02/2020,02:00,0.0,1388.143,0.0,1,8,0.0,1,8,0.0,1,8,0.0,1,8,0.0,1,8,0.0,1,8,-0.0,1,8,-9900,?,9,-9900,?,9,7.62,E,8,5.07,E,8,83.0,E,8,822.9788000000001,E,8,999.0,E,8,0.12,E,8,-9900,?,9,-9900,?,9,0.0,E,8,-9900,?,9,-9900,?,9,0.0,0.0,E,8
11/02/2020,03:00,0.0,1388.143,0.0,1,8,0.0,1,8,0.0,1,8,0.0,1,8,0.0,1,8,0.0,1,8,-0.0,1,8,-9900,?,9,-9900,?,9,7.27,E,8,5.14,E,8,86.0,E,8,822.9788000000001,E,8,999.0,E,8,0.13,E,8,-9900,?,9,-9900,?,9,0.0,E,8,-9900,?,9,-9900,?,9,0.0,0.0,E,8
11/02/2020,04:00,0.0,1388.874,0.0,1,8,0.0,1,8,0.0,1,8,0.0,1,8,0.0,1,8,0.0,1,8,-0.0,1,8,-9900,?,9,-9900,?,9,6.91,E,8,5.22,E,8,88.0,E,8,822.9788000000001,E,8,999.0,E,8,0.12,E,8,-9900,?,9,-9900,?,9,0.0,E,8,-9900,?,9,-9900,?,9,0.0,0.0,E,8
11/02/2020,05:00,0.0,1388.874,0.0,1,8,0.0,1,8,0.0,1,8,0.0,1,8,0.0,1,8,0.0,1,8,-0.0,1,8,-9900,?,9,-9900,?,9,6.6,E,8,5.29,E,8,91.0,E,8,822.9788000000001,E,8,999.0,E,8,0.12,E,8,-9900,?,9,-9900,?,9,0.0,E,8,-9900,?,9,-9900,?,9,0.0,0.0,E,8
11/02/2020,06:00,120.387,1388.874,0.0,1,8,0.0,1,8,0.0,1,8,0.0,1,8,0.0,1,8,0.0,1,8,0.0,1,8,-9900,?,9,-9900,?,9,6.37,E,8,5.34,E,8,93.0,E,8,822.9788000000001,E,8,999.0,E,8,0.12,E,8,-9900,?,9,-9900,?,9,0.0,E,8,-9900,?,9,-9900,?,9,0.0,0.0,E,8
11/02/2020,07:00,442.219,1388.874,73.54,1,8,0.0,1,8,73.54,1,8,8824.8,1,8,0.0,1,8,8089.4,1,8,73.708,1,8,-9900,?,9,-9900,?,9,6.13,E,8,5.39,E,8,94.0,E,8,822.9788000000001,E,8,999.0,E,8,0.13,E,8,-9900,?,9,-9900,?,9,0.0,E,8,-9900,?,9,-9900,?,9,0.0,0.0,E,8
11/02/2020,08:00,744.953,1388.874,214.97,1,8,15.521,1,8,206.651,1,8,25796.4,1,8,1474.541,1,8,22731.581,1,8,122.726,1,8,-9900,?,9,-9900,?,9,9.13,E,8,4.74,E,8,73.0,E,8,822.9788000000001,E,8,999.0,E,8,0.24,E,8,-9900,?,9,-9900,?,9,0.0,E,8,-9900,?,9,-9900,?,9,0.0,0.0,E,8
11/02/2020,09:00,1005.981,1388.874,348.89,1,8,14.255,1,8,338.567,1,8,41866.8,1,8,1354.265,1,8,37242.409,1,8,148.828,1,8,-9900,?,9,-9900,?,9,10.55,E,8,4.42,E,8,65.0,E,8,822.9788000000001,E,8,999.0,E,8,0.4,E,8,-9900,?,9,-9900,?,9,0.0,E,8,-9900,?,9,-9900,?,9,0.0,0.0,E,8
11/02/2020,10:00,1207.304,1388.874,460.03,1,8,11.221,1,8,450.277,1,8,55203.6,1,8,1065.994,1,8,49530.457,1,8,164.899,1,8,-9900,?,9,-9900,?,9,11.83,E,8,4.13,E,8,59.0,E,8,822.9788000000001,E,8,999.0,E,8,0.62,E,8,-9900,?,9,-9900,?,9,0.0,E,8,-9900,?,9,-9900,?,9,0.0,0.0,E,8
11/02/2020,11:00,1335.156,1388.874,539.51,1,8,19.641,1,8,520.63,1,8,64741.2,1,8,1865.852,1,8,57269.251,1,8,172.393,1,8,-9900,?,9,-9900,?,9,12.93,E,8,3.87,E,8,54.0,E,8,822.9788000000001,E,8,999.0,E,8,1.09,E,8,-9900,?,9,-9900,?,9,0.0,E,8,-9900,?,9,-9900,?,9,0.0,0.0,E,8
11/02/2020,12:00,1380.818,1388.874,581.48,1,8,82.064,1,8,499.893,1,8,69777.6,1,8,7796.05,1,8,54988.183,1,8,160.05,1,8,-9900,?,9,-9900,?,9,13.81,E,8,3.66,E,8,50.0,E,8,822.9788000000001,E,8,999.0,E,8,1.34,E,8,-9900,?,9,-9900,?,9,0.0,E,8,-9900,?,9,-9900,?,9,0.0,0.0,E,8
11/02/2020,13:00,1341.191,1388.874,582.94,1,8,95.482,1,8,490.738,1,8,69952.8,1,8,9070.766,1,8,53981.213,1,8,161.764,1,8,-9900,?,9,-9900,?,9,14.44,E,8,3.51,E,8,47.0,E,8,822.9788000000001,E,8,999.0,E,8,1.88,E,8,-9900,?,9,-9900,?,9,0.0,E,8,-9900,?,9,-9900,?,9,0.0,0.0,E,8
11/02/2020,14:00,1218.998,1388.874,543.79,1,8,82.674,1,8,471.235,1,8,65254.8,1,8,7853.985,1,8,51835.829,1,8,170.917,1,8,-9900,?,9,-9900,?,9,14.82,E,8,3.42,E,8,46.0,E,8,822.9788000000001,E,8,999.0,E,8,1.9,E,8,-9900,?,9,-9900,?,9,0.0,E,8,-9900,?,9,-9900,?,9,0.0,0.0,E,8
11/02/2020,15:00,1022.604,1388.874,466.86,1,8,123.631,1,8,375.855,1,8,56023.2,1,8,11744.906,1,8,41344.104,1,8,162.53,1,8,-9900,?,9,-9900,?,9,14.93,E,8,3.4,E,8,45.0,E,8,822.9788000000001,E,8,999.0,E,8,1.64,E,8,-9900,?,9,-9900,?,9,0.0,E,8,-9900,?,9,-9900,?,9,0.0,0.0,E,8
11/02/2020,16:00,765.467,1388.874,357.78,1,8,137.635,1,8,281.974,1,8,42933.6,1,8,13075.327,1,8,31017.188,1,8,162.963,1,8,-9900,?,9,-9900,?,9,14.7,E,8,3.45,E,8,46.0,E,8,822.9788000000001,E,8,999.0,E,8,1.58,E,8,-9900,?,9,-9900,?,9,0.0,E,8,-9900,?,9,-9900,?,9,0.0,0.0,E,8
11/02/2020,17:00,465.323,1388.874,225.22,1,8,257.6,1,8,139.112,1,8,27026.4,1,8,24471.996,1,8,15302.36,1,8,132.471,1,8,-9900,?,9,-9900,?,9,14.08,E,8,3.6,E,8,49.0,E,8,822.9788000000001,E,8,999.0,E,8,0.88,E,8,-9900,?,9,-9900,?,9,0.0,E,8,-9900,?,9,-9900,?,9,0.0,0.0,E,8
11/02/2020,18:00,144.213,1388.874,83.53,1,8,336.818,1,8,49.392,1,8,10023.6,1,8,31997.683,1,8,5433.146,1,8,155.12,1,8,-9900,?,9,-9900,?,9,13.15,E,8,3.82,E,8,53.0,E,8,822.9788000000001,E,8,999.0,E,8,0.64,E,8,-9900,?,9,-9900,?,9,0.0,E,8,-9900,?,9,-9900,?,9,0.0,0.0,E,8
11/02/2020,19:00,0.0,1388.874,0.0,1,8,0.0,1,8,0.0,1,8,0.0,1,8,0.0,1,8,0.0,1,8,-0.0,1,8,-9900,?,9,-9900,?,9,12.33,E,8,4.01,E,8,56.0,E,8,822.9788000000001,E,8,999.0,E,8,0.33,E,8,-9900,?,9,-9900,?,9,0.0,E,8,-9900,?,9,-9900,?,9,0.0,0.0,E,8
11/02/2020,20:00,0.0,1388.874,0.0,1,8,0.0,1,8,0.0,1,8,0.0,1,8,0.0,1,8,0.0,1,8,-0.0,1,8,-9900,?,9,-9900,?,9,11.52,E,8,4.2,E,8,60.0,E,8,822.9788000000001,E,8,999.0,E,8,0.2,E,8,-9900,?,9,-9900,?,9,0.0,E,8,-9900,?,9,-9900,?,9,0.0,0.0,E,8
11/02/2020,21:00,0.0,1388.874,0.0,1,8,0.0,1,8,0.0,1,8,0.0,1,8,0.0,1,8,0.0,1,8,-0.0,1,8,-9900,?,9,-9900,?,9,10.7,E,8,4.39,E,8,64.0,E,8,822.9788000000001,E,8,999.0,E,8,0.13,E,8,-9900,?,9,-9900,?,9,0.0,E,8,-9900,?,9,-9900,?,9,0.0,0.0,E,8
11/02/2020,22:00,0.0,1388.874,0.0,1,8,0.0,1,8,0.0,1,8,0.0,1,8,0.0,1,8,0.0,1,8,-0.0,1,8,-9900,?,9,-9900,?,9,9.89,E,8,4.57,E,8,69.0,E,8,822.9788000000001,E,8,999.0,E,8,0.13,E,8,-9900,?,9,-9900,?,9,0.0,E,8,-9900,?,9,-9900,?,9,0.0,0.0,E,8
11/02/2020,23:00,0.0,1388.874,0.0,1,8,0.0,1,8,0.0,1,8,0.0,1,8,0.0,1,8,0.0,1,8,-0.0,1,8,-9900,?,9,-9900,?,9,9.07,E,8,4.75,E,8,74.0,E,8,822.9788000000001,E,8,999.0,E,8,0.17,E,8,-9900,?,9,-9900,?,9,0.0,E,8,-9900,?,9,-9900,?,9,0.0,0.0,E,8
11/02/2020,24:00,0.0,1388.874,0.0,1,8,0.0,1,8,0.0,1,8,0.0,1,8,0.0,1,8,0.0,1,8,-0.0,1,8,-9900,?,9,-9900,?,9,8.25,E,8,4.13,E,8,75.0,E,8,822.9788000000001,E,8,999.0,E,8,0.29,E,8,-9900,?,9,-9900,?,9,0.0,E,8,-9900,?,9,-9900,?,9,0.0,0.0,E,8
11/03/2020,01:00,0.0,1388.874,0.0,1,8,0.0,1,8,0.0,1,8,0.0,1,8,0.0,1,8,0.0,1,8,-0.0,1,8,-9900,?,9,-9900,?,9,7.85,E,8,4.29,E,8,78.0,E,8,822.9788000000001,E,8,999.0,E,8,0.53,E,8,-9900,?,9,-9900,?,9,0.0,E,8,-9900,?,9,-9900,?,9,0.0,0.0,E,8
11/03/2020,02:00,0.0,1388.874,0.0,1,8,0.0,1,8,0.0,1,8,0.0,1,8,0.0,1,8,0.0,1,8,-0.0,1,8,-9900,?,9,-9900,?,9,7.44,E,8,4.46,E,8,81.0,E,8,822.9788000000001,E,8,999.0,E,8,0.49,E,8,-9900,?,9,-9900,?,9,0.0,E,8,-9900,?,9,-9900,?,9,0.0,0.0,E,8
11/03/2020,03:00,0.0,1388.874,0.0,1,8,0.0,1,8,0.0,1,8,0.0,1,8,0.0,1,8,0.0,1,8,-0.0,1,8,-9900,?,9,-9900,?,9,7.03,E,8,4.63,E,8,84.0,E,8,822.9788000000001,E,8,999.0,E,8,0.18,E,8,-9900,?,9,-9900,?,9,0.0,E,8,-9900,?,9,-9900,?,9,0.0,0.0,E,8
11/03/2020,04:00,0.0,1389.599,0.0,1,8,0.0,1,8,0.0,1,8,0.0,1,8,0.0,1,8,0.0,1,8,-0.0,1,8,-9900,?,9,-9900,?,9,6.62,E,8,4.79,E,8,88.0,E,8,822.9788000000001,E,8,999.0,E,8,0.18,E,8,-9900,?,9,-9900,?,9,0.0,E,8,-9900,?,9,-9900,?,9,0.0,0.0,E,8
11/03/2020,05:00,0.0,1389.599,0.0,1,8,0.0,1,8,0.0,1,8,0.0,1,8,0.0,1,8,0.0,1,8,-0.0,1,8,-9900,?,9,-9900,?,9,6.26,E,8,4.93,E,8,91.0,E,8,822.9788000000001,E,8,999.0,E,8,0.18,E,8,-9900,?,9,-9900,?,9,0.0,E,8,-9900,?,9,-9900,?,9,0.0,0.0,E,8
11/03/2020,06:00,123.065,1389.599,0.0,1,8,0.0,1,8,0.0,1,8,0.0,1,8,0.0,1,8,0.0,1,8,0.0,1,8,-9900,?,9,-9900,?,9,5.99,E,8,5.04,E,8,93.0,E,8,822.9788000000001,E,8,999.0,E,8,0.18,E,8,-9900,?,9,-9900,?,9,0.0,E,8,-9900,?,9,-9900,?,9,0.0,0.0,E,8
11/03/2020,07:00,444.645,1389.599,99.04,1,8,0.0,1,8,99.04,1,8,11884.8,1,8,0.0,1,8,10894.4,1,8,98.773,1,8,-9900,?,9,-9900,?,9,5.72,E,8,5.14,E,8,96.0,E,8,822.9788000000001,E,8,999.0,E,8,0.18,E,8,-9900,?,9,-9900,?,9,0.0,E,8,-9900,?,9,-9900,?,9,0.0,0.0,E,8
11/03/2020,08:00,747.091,1389.599,287.06,1,8,67.378,1,8,250.862,1,8,34447.2,1,8,6400.905,1,8,27594.781,1,8,148.632,1,8,-9900,?,9,-9900,?,9,9.76,E,8,3.49,E,8,64.0,E,8,822.9788000000001,E,8,999.0,E,8,0.18,E,8,-9900,?,9,-9900,?,9,0.0,E,8,-9900,?,9,-9900,?,9,0.0,0.0,E,8
11/03/2020,09:00,1007.866,1389.599,465.02,1,8,95.322,1,8,395.902,1,8,55802.4,1,8,9055.548,1,8,43549.254,1,8,173.796,1,8,-9900,?,9,-9900,?,9,11.65,E,8,2.64,E,8,53.0,E,8,822.9788000000001,E,8,999.0,E,8,0.45,E,8,-9900,?,9,-9900,?,9,0.0,E,8,-9900,?,9,-9900,?,9,0.0,0.0,E,8
11/03/2020,10:00,1208.991,1389.599,612.7,1,8,140.109,1,8,490.813,1,8,73524.0,1,8,13310.333,1,8,53989.416,1,8,179.586,1,8,-9900,?,9,-9900,?,9,13.37,E,8,1.84,E,8,45.0,E,8,822.9788000000001,E,8,999.0,E,8,0.85,E,8,-9900,?,9,-9900,?,9,0.0,E,8,-9900,?,9,-9900,?,9,0.0,0.0,E,8
11/03/2020,11:00,1336.716,1389.599,718.31,1,8,10.476,1,8,708.233,1,8,86197.2,1,8,995.247,1,8,77905.591,1,8,234.362,1,8,-9900,?,9,-9900,?,9,14.84,E,8,1.11,E,8,39.0,E,8,822.9788000000001,E,8,999.0,E,8,0.96,E,8,-9900,?,9,-9900,?,9,0.0,E,8,-9900,?,9,-9900,?,9,0.0,0.0,E,8
11/03/2020,12:00,1382.33,1389.599,774.07,1,8,12.054,1,8,762.079,1,8,92888.4,1,8,1145.121,1,8,83828.712,1,8,243.854,1,8,-9900,?,9,-9900,?,9,16.02,E,8,0.5,E,8,34.0,E,8,822.9788000000001,E,8,999.0,E,8,1.43,E,8,-9900,?,9,-9900,?,9,0.0,E,8,-9900,?,9,-9900,?,9,0.0,0.0,E,8
11/03/2020,13:00,1342.736,1389.599,776.01,1,8,236.746,1,8,547.252,1,8,93121.2,1,8,22490.915,1,8,60197.77,1,8,180.279,1,8,-9900,?,9,-9900,?,9,16.87,E,8,0.05,E,8,31.0,E,8,822.9788000000001,E,8,999.0,E,8,2.19,E,8,-9900,?,9,-9900,?,9,0.0,E,8,-9900,?,9,-9900,?,9,0.0,0.0,E,8
11/03/2020,14:00,1220.656,1389.599,724.0,1,8,237.042,1,8,515.795,1,8,86880.0,1,8,22518.996,1,8,56737.449,1,8,186.922,1,8,-9900,?,9,-9900,?,9,17.37,E,8,-0.19,E,8,30.0,E,8,822.9788000000001,E,8,999.0,E,8,2.93,E,8,-9900,?,9,-9900,?,9,0.0,E,8,-9900,?,9,-9900,?,9,0.0,0.0,E,8
11/03/2020,15:00,1024.447,1389.599,621.76,1,8,300.147,1,8,400.539,1,8,74611.2,1,8,28513.971,1,8,44059.27,1,8,172.982,1,8,-9900,?,9,-9900,?,9,17.52,E,8,-0.27,E,8,29.0,E,8,822.9788000000001,E,8,999.0,E,8,3.72,E,8,-9900,?,9,-9900,?,9,0.0,E,8,-9900,?,9,-9900,?,9,0.0,0.0,E,8
11/03/2020,16:00,767.553,1389.599,476.82,1,8,399.068,1,8,256.54,1,8,57218.4,1,8,37911.466,1,8,28219.355,1,8,147.937,1,8,-9900,?,9,-9900,?,9,17.21,E,8,-0.12,E,8,30.0,E,8,822.9788000000001,E,8,999.0,E,8,2.83,E,8,-9900,?,9,-9900,?,9,0.0,E,8,-9900,?,9,-9900,?,9,0.0,0.0,E,8
11/03/2020,17:00,467.691,1389.599,300.66,1,8,474.671,1,8,141.264,1,8,36079.2,1,8,45093.783,1,8,15539.063,1,8,133.906,1,8,-9900,?,9,-9900,?,9,16.38,E,8,0.31,E,8,33.0,E,8,822.9788000000001,E,8,999.0,E,8,2.07,E,8,-9900,?,9,-9900,?,9,0.0,E,8,-9900,?,9,-9900,?,9,0.0,0.0,E,8
11/03/2020,18:00,146.845,1389.599,112.32,1,8,369.093,1,8,74.218,1,8,13478.4,1,8,35063.813,1,8,8164.015,1,8,228.851,1,8,-9900,?,9,-9900,?,9,15.14,E,8,0.96,E,8,38.0,E,8,822.9788000000001,E,8,999.0,E,8,1.05,E,8,-9900,?,9,-9900,?,9,0.0,E,8,-9900,?,9,-9900,?,9,0.0,0.0,E,8
11/03/2020,19:00,0.0,1389.599,0.0,1,8,0.0,1,8,0.0,1,8,0.0,1,8,0.0,1,8,0.0,1,8,-0.0,1,8,-9900,?,9,-9900,?,9,14.1,E,8,1.48,E,8,42.0,E,8,822.9788000000001,E,8,999.0,E,8,0.79,E,8,-9900,?,9,-9900,?,9,0.0,E,8,-9900,?,9,-9900,?,9,0.0,0.0,E,8
11/03/2020,20:00,0.0,1389.599,0.0,1,8,0.0,1,8,0.0,1,8,0.0,1,8,0.0,1,8,0.0,1,8,-0.0,1,8,-9900,?,9,-9900,?,9,13.06,E,8,1.99,E,8,46.0,E,8,822.9788000000001,E,8,999.0,E,8,0.45,E,8,-9900,?,9,-9900,?,9,0.0,E,8,-9900,?,9,-9900,?,9,0.0,0.0,E,8
11/03/2020,21:00,0.0,1389.599,0.0,1,8,0.0,1,8,0.0,1,8,0.0,1,8,0.0,1,8,0.0,1,8,-0.0,1,8,-9900,?,9,-9900,?,9,12.02,E,8,2.47,E,8,51.0,E,8,822.9788000000001,E,8,999.0,E,8,0.18,E,8,-9900,?,9,-9900,?,9,0.0,E,8,-9900,?,9,-9900,?,9,0.0,0.0,E,8
11/03/2020,22:00,0.0,1389.599,0.0,1,8,0.0,1,8,0.0,1,8,0.0,1,8,0.0,1,8,0.0,1,8,-0.0,1,8,-9900,?,9,-9900,?,9,10.98,E,8,2.95,E,8,57.0,E,8,822.9788000000001,E,8,999.0,E,8,0.18,E,8,-9900,?,9,-9900,?,9,0.0,E,8,-9900,?,9,-9900,?,9,0.0,0.0,E,8
11/03/2020,23:00,0.0,1389.599,0.0,1,8,0.0,1,8,0.0,1,8,0.0,1,8,0.0,1,8,0.0,1,8,-0.0,1,8,-9900,?,9,-9900,?,9,9.94,E,8,3.41,E,8,63.0,E,8,822.9788000000001,E,8,999.0,E,8,0.18,E,8,-9900,?,9,-9900,?,9,0.0,E,8,-9900,?,9,-9900,?,9,0.0,0.0,E,8
11/03/2020,24:00,0.0,1389.599,0.0,1,8,0.0,1,8,0.0,1,8,0.0,1,8,0.0,1,8,0.0,1,8,-0.0,1,8,-9900,?,9,-9900,?,9,8.9,E,8,2.66,E,8,64.0,E,8,822.9788000000001,E,8,999.0,E,8,0.58,E,8,-9900,?,9,-9900,?,9,0.0,E,8,-9900,?,9,-9900,?,9,0.0,0.0,E,8
11/04/2020,01:00,0.0,1389.599,0.0,1,8,0.0,1,8,0.0,1,8,0.0,1,8,0.0,1,8,0.0,1,8,-0.0,1,8,-9900,?,9,-9900,?,9,8.38,E,8,3.19,E,8,69.0,E,8,822.9788000000001,E,8,999.0,E,8,0.5,E,8,-9900,?,9,-9900,?,9,0.0,E,8,-9900,?,9,-9900,?,9,0.0,0.0,E,8
11/04/2020,02:00,0.0,1389.599,0.0,1,8,0.0,1,8,0.0,1,8,0.0,1,8,0.0,1,8,0.0,1,8,-0.0,1,8,-9900,?,9,-9900,?,9,7.86,E,8,3.69,E,8,74.0,E,8,822.9788000000001,E,8,999.0,E,8,0.5,E,8,-9900,?,9,-9900,?,9,0.0,E,8,-9900,?,9,-9900,?,9,0.0,0.0,E,8
11/04/2020,03:00,0.0,1389.599,0.0,1,8,0.0,1,8,0.0,1,8,0.0,1,8,0.0,1,8,0.0,1,8,-0.0,1,8,-9900,?,9,-9900,?,9,7.34,E,8,4.19,E,8,80.0,E,8,822.9788000000001,E,8,999.0,E,8,0.5,E,8,-9900,?,9,-9900,?,9,0.0,E,8,-9900,?,9,-9900,?,9,0.0,0.0,E,8
11/04/2020,04:00,0.0,1390.318,0.0,1,8,0.0,1,8,0.0,1,8,0.0,1,8,0.0,1,8,0.0,1,8,-0.0,1,8,-9900,?,9,-9900,?,9,6.82,E,8,4.66,E,8,86.0,E,8,822.9788000000001,E,8,999.0,E,8,0.5,E,8,-9900,?,9,-9900,?,9,0.0,E,8,-9900,?,9,-9900,?,9,0.0,0.0,E,8
11/04/2020,05:00,0.0,1390.318,0.0,1,8,0.0,1,8,0.0,1,8,0.0,1,8,0.0,1,8,0.0,1,8,-0.0,1,8,-9900,?,9,-9900,?,9,6.36,E,8,5.08,E,8,91.0,E,8,822.9788000000001,E,8,999.0,E,8,0.5,E,8,-9900,?,9,-9900,?,9,0.0,E,8,-9900,?,9,-9900,?,9,0.0,0.0,E,8
11/04/2020,06:00,125.635,1390.318,0.0,1,8,0.0,1,8,0.0,1,8,0.0,1,8,0.0,1,8,0.0,1,8,0.0,1,8,-9900,?,9,-9900,?,9,6.02,E,8,5.37,E,8,95.0,E,8,822.9788000000001,E,8,999.0,E,8,0.5,E,8,-9900,?,9,-9900,?,9,0.0,E,8,-9900,?,9,-9900,?,9,0.0,0.0,E,8
11/04/2020,07:00,446.958,1390.318,153.42,1,8,50.012,1,8,137.383,1,8,18410.4,1,8,4751.142,1,8,15112.08,1,8,136.371,1,8,-9900,?,9,-9900,?,9,5.67,E,8,5.67,E,8,99.0,E,8,822.9788000000001,E,8,999.0,E,8,0.5,E,8,-9900,?,9,-9900,?,9,0.0,E,8,-9900,?,9,-9900,?,9,0.0,0.0,E,8
11/04/2020,08:00,749.117,1390.318,319.73,1,8,58.061,1,8,288.469,1,8,38367.6,1,8,5515.75,1,8,31731.568,1,8,170.539,1,8,-9900,?,9,-9900,?,9,10.79,E,8,0.58,E,8,49.0,E,8,822.9788000000001,E,8,999.0,E,8,0.5,E,8,-9900,?,9,-9900,?,9,0.0,E,8,-9900,?,9,-9900,?,9,0.0,0.0,E,8
11/04/2020,09:00,1009.646,1390.318,519.81,1,8,103.573,1,8,444.615,1,8,62377.2,1,8,9839.479,1,8,48907.645,1,8,194.937,1,8,-9900,?,9,-9900,?,9,12.83,E,8,-1.79,E,8,35.0,E,8,822.9788000000001,E,8,999.0,E,8,0.5,E,8,-9900,?,9,-9900,?,9,0.0,E,8,-9900,?,9,-9900,?,9,0.0,0.0,E,8
11/04/2020,10:00,1210.587,1390.318,462.14,1,8,38.357,1,8,428.745,1,8,55456.8,1,8,3643.9,1,8,47161.929,1,8,156.75,1,8,-9900,?,9,-9900,?,9,13.54,E,8,-2.7,E,8,31.0,E,8,822.9788000000001,E,8,999.0,E,8,0.5,E,8,-9900,?,9,-9900,?,9,0.0,E,8,-9900,?,9,-9900,?,9,0.0,0.0,E,8
11/04/2020,11:00,1338.2,1390.318,394.43,1,8,14.152,1,8,380.809,1,8,47331.6,1,8,1344.443,1,8,41888.968,1,8,125.939,1,8,-9900,?,9,-9900,?,9,13.67,E,8,-2.88,E,8,30.0,E,8,822.9788000000001,E,8,999.0,E,8,0.5,E,8,-9900,?,9,-9900,?,9,0.0,E,8,-9900,?,9,-9900,?,9,0.0,0.0,E,8
11/04/2020,12:00,1383.784,1390.318,625.48,1,8,100.753,1,8,525.201,1,8,75057.6,1,8,9571.538,1,8,57772.083,1,8,167.966,1,8,-9900,?,9,-9900,?,9,14.59,E,8,-4.18,E,8,25.0,E,8,822.9788000000001,E,8,999.0,E,8,0.79,E,8,-9900,?,9,-9900,?,9,0.0,E,8,-9900,?,9,-9900,?,9,0.0,0.0,E,8
11/04/2020,13:00,1344.244,1390.318,813.6,1,8,310.655,1,8,513.246,1,8,97632.0,1,8,29512.243,1,8,56457.052,1,8,168.974,1,8,-9900,?,9,-9900,?,9,15.83,E,8,-6.17,E,8,20.0,E,8,822.9788000000001,E,8,999.0,E,8,1.46,E,8,-9900,?,9,-9900,?,9,0.0,E,8,-9900,?,9,-9900,?,9,0.0,0.0,E,8
11/04/2020,14:00,1222.297,1390.318,1006.05,1,8,892.755,1,8,221.253,1,8,120726.0,1,8,84811.736,1,8,24337.842,1,8,80.115,1,8,-9900,?,9,-9900,?,9,17.28,E,8,-9.0,E,8,14.0,E,8,822.9788000000001,E,8,999.0,E,8,1.05,E,8,-9900,?,9,-9900,?,9,0.0,E,8,-9900,?,9,-9900,?,9,0.0,0.0,E,8
11/04/2020,15:00,1026.291,1390.318,839.41,1,8,797.628,1,8,250.769,1,8,100729.2,1,8,75774.671,1,8,27584.61,1,8,108.162,1,8,-9900,?,9,-9900,?,9,18.01,E,8,-10.7,E,8,11.0,E,8,822.9788000000001,E,8,999.0,E,8,1.77,E,8,-9900,?,9,-9900,?,9,0.0,E,8,-9900,?,9,-9900,?,9,0.0,0.0,E,8
11/04/2020,16:00,769.657,1390.318,398.52,1,8,176.495,1,8,300.88,1,8,47822.4,1,8,16767.063,1,8,33096.785,1,8,173.12,1,8,-9900,?,9,-9900,?,9,17.37,E,8,-9.2,E,8,14.0,E,8,822.9788000000001,E,8,999.0,E,8,1.15,E,8,-9900,?,9,-9900,?,9,0.0,E,8,-9900,?,9,-9900,?,9,0.0,0.0,E,8
11/04/2020,17:00,470.09,1390.318,225.96,1,8,194.675,1,8,160.285,1,8,27115.2,1,8,18494.171,1,8,17631.313,1,8,151.235,1,8,-9900,?,9,-9900,?,9,16.28,E,8,-6.98,E,8,18.0,E,8,822.9788000000001,E,8,999.0,E,8,1.24,E,8,-9900,?,9,-9900,?,9,0.0,E,8,-9900,?,9,-9900,?,9,0.0,0.0,E,8
11/04/2020,18:00,149.517,1390.318,134.58,1,8,311.301,1,8,101.852,1,8,16149.6,1,8,29573.634,1,8,11203.693,1,8,308.373,1,8,-9900,?,9,-9900,?,9,15.09,E,8,-4.95,E,8,23.0,E,8,822.9788000000001,E,8,999.0,E,8,0.5,E,8,-9900,?,9,-9900,?,9,0.0,E,8,-9900,?,9,-9900,?,9,0.0,0.0,E,8
11/04/2020,19:00,0.0,1390.318,0.0,1,8,0.0,1,8,0.0,1,8,0.0,1,8,0.0,1,8,0.0,1,8,-0.0,1,8,-9900,?,9,-9900,?,9,14.09,E,8,-3.45,E,8,28.0,E,8,822.9788000000001,E,8,999.0,E,8,0.5,E,8,-9900,?,9,-9900,?,9,0.0,E,8,-9900,?,9,-9900,?,9,0.0,0.0,E,8
11/04/2020,20:00,0.0,1390.318,0.0,1,8,0.0,1,8,0.0,1,8,0.0,1,8,0.0,1,8,0.0,1,8,-0.0,1,8,-9900,?,9,-9900,?,9,13.09,E,8,-2.12,E,8,34.0,E,8,822.9788000000001,E,8,999.0,E,8,0.5,E,8,-9900,?,9,-9900,?,9,0.0,E,8,-9900,?,9,-9900,?,9,0.0,0.0,E,8
11/04/2020,21:00,0.0,1390.318,0.0,1,8,0.0,1,8,0.0,1,8,0.0,1,8,0.0,1,8,0.0,1,8,-0.0,1,8,-9900,?,9,-9900,?,9,12.09,E,8,-0.91,E,8,40.0,E,8,822.9788000000001,E,8,999.0,E,8,0.5,E,8,-9900,?,9,-9900,?,9,0.0,E,8,-9900,?,9,-9900,?,9,0.0,0.0,E,8
11/04/2020,22:00,0.0,1390.318,0.0,1,8,0.0,1,8,0.0,1,8,0.0,1,8,0.0,1,8,0.0,1,8,-0.0,1,8,-9900,?,9,-9900,?,9,11.1,E,8,0.21,E,8,46.0,E,8,822.9788000000001,E,8,999.0,E,8,0.5,E,8,-9900,?,9,-9900,?,9,0.0,E,8,-9900,?,9,-9900,?,9,0.0,0.0,E,8
11/04/2020,23:00,0.0,1390.318,0.0,1,8,0.0,1,8,0.0,1,8,0.0,1,8,0.0,1,8,0.0,1,8,-0.0,1,8,-9900,?,9,-9900,?,9,10.1,E,8,1.37,E,8,54.0,E,8,822.9788000000001,E,8,999.0,E,8,0.5,E,8,-9900,?,9,-9900,?,9,0.0,E,8,-9900,?,9,-9900,?,9,0.0,0.0,E,8
11/04/2020,24:00,0.0,1390.318,0.0,1,8,0.0,1,8,0.0,1,8,0.0,1,8,0.0,1,8,0.0,1,8,-0.0,1,8,-9900,?,9,-9900,?,9,9.1,E,8,3.48,E,8,67.0,E,8,822.9788000000001,E,8,999.0,E,8,0.42,E,8,-9900,?,9,-9900,?,9,0.0,E,8,-9900,?,9,-9900,?,9,0.0,0.0,E,8
11/05/2020,01:00,0.0,1390.318,0.0,1,8,0.0,1,8,0.0,1,8,0.0,1,8,0.0,1,8,0.0,1,8,-0.0,1,8,-9900,?,9,-9900,?,9,8.6,E,8,3.91,E,8,72.0,E,8,822.9788000000001,E,8,999.0,E,8,0.42,E,8,-9900,?,9,-9900,?,9,0.0,E,8,-9900,?,9,-9900,?,9,0.0,0.0,E,8
11/05/2020,02:00,0.0,1390.318,0.0,1,8,0.0,1,8,0.0,1,8,0.0,1,8,0.0,1,8,0.0,1,8,-0.0,1,8,-9900,?,9,-9900,?,9,8.1,E,8,4.34,E,8,77.0,E,8,822.9788000000001,E,8,999.0,E,8,0.42,E,8,-9900,?,9,-9900,?,9,0.0,E,8,-9900,?,9,-9900,?,9,0.0,0.0,E,8
11/05/2020,03:00,0.0,1390.318,0.0,1,8,0.0,1,8,0.0,1,8,0.0,1,8,0.0,1,8,0.0,1,8,-0.0,1,8,-9900,?,9,-9900,?,9,7.6,E,8,4.75,E,8,82.0,E,8,822.9788000000001,E,8,999.0,E,8,0.42,E,8,-9900,?,9,-9900,?,9,0.0,E,8,-9900,?,9,-9900,?,9,0.0,0.0,E,8
11/05/2020,04:00,0.0,1391.03,0.0,1,8,0.0,1,8,0.0,1,8,0.0,1,8,0.0,1,8,0.0,1,8,-0.0,1,8,-9900,?,9,-9900,?,9,7.1,E,8,5.15,E,8,87.0,E,8,822.9788000000001,E,8,999.0,E,8,0.42,E,8,-9900,?,9,-9900,?,9,0.0,E,8,-9900,?,9,-9900,?,9,0.0,0.0,E,8
11/05/2020,05:00,0.0,1391.03,0.0,1,8,0.0,1,8,0.0,1,8,0.0,1,8,0.0,1,8,0.0,1,8,-0.0,1,8,-9900,?,9,-9900,?,9,6.66,E,8,5.49,E,8,92.0,E,8,822.9788000000001,E,8,999.0,E,8,0.42,E,8,-9900,?,9,-9900,?,9,0.0,E,8,-9900,?,9,-9900,?,9,0.0,0.0,E,8
11/05/2020,06:00,128.098,1391.03,0.0,1,8,0.0,1,8,0.0,1,8,0.0,1,8,0.0,1,8,0.0,1,8,0.0,1,8,-9900,?,9,-9900,?,9,6.33,E,8,5.75,E,8,96.0,E,8,822.9788000000001,E,8,999.0,E,8,0.42,E,8,-9900,?,9,-9900,?,9,0.0,E,8,-9900,?,9,-9900,?,9,0.0,0.0,E,8
11/05/2020,07:00,449.155,1391.03,132.36,1,8,20.539,1,8,125.745,1,8,15883.2,1,8,1951.216,1,8,13831.898,1,8,124.268,1,8,-9900,?,9,-9900,?,9,6.0,E,8,5.99,E,8,99.0,E,8,822.9788000000001,E,8,999.0,E,8,0.42,E,8,-9900,?,9,-9900,?,9,0.0,E,8,-9900,?,9,-9900,?,9,0.0,0.0,E,8
11/05/2020,08:00,751.031,1391.03,377.64,1,8,198.091,1,8,270.765,1,8,45316.8,1,8,18818.661,1,8,29784.117,1,8,159.746,1,8,-9900,?,9,-9900,?,9,10.25,E,8,2.43,E,8,58.0,E,8,822.9788000000001,E,8,999.0,E,8,0.42,E,8,-9900,?,9,-9900,?,9,0.0,E,8,-9900,?,9,-9900,?,9,0.0,0.0,E,8
11/05/2020,09:00,1011.323,1391.03,599.98,1,8,260.324,1,8,410.766,1,8,71997.6,1,8,24730.81,1,8,45184.21,1,8,179.889,1,8,-9900,?,9,-9900,?,9,12.17,E,8,0.51,E,8,44.0,E,8,822.9788000000001,E,8,999.0,E,8,0.42,E,8,-9900,?,9,-9900,?,9,0.0,E,8,-9900,?,9,-9900,?,9,0.0,0.0,E,8
11/05/2020,10:00,1212.091,1391.03,788.88,1,8,310.641,1,8,518.225,1,8,94665.6,1,8,29510.852,1,8,57004.721,1,8,189.326,1,8,-9900,?,9,-9900,?,9,13.92,E,8,-1.31,E,8,34.0,E,8,822.9788000000001,E,8,999.0,E,8,0.42,E,8,-9900,?,9,-9900,?,9,0.0,E,8,-9900,?,9,-9900,?,9,0.0,0.0,E,8
11/05/2020,11:00,1339.61,1391.03,926.58,1,8,384.281,1,8,556.513,1,8,111189.6,1,8,36506.653,1,8,61216.453,1,8,183.948,1,8,-9900,?,9,-9900,?,9,15.42,E,8,-3.03,E,8,27.0,E,8,822.9788000000001,E,8,999.0,E,8,0.42,E,8,-9900,?,9,-9900,?,9,0.0,E,8,-9900,?,9,-9900,?,9,0.0,0.0,E,8
11/05/2020,12:00,1385.183,1391.03,997.45,1,8,431.969,1,8,567.298,1,8,119694.0,1,8,41037.1,1,8,62402.729,1,8,181.339,1,8,-9900,?,9,-9900,?,9,16.62,E,8,-4.59,E,8,21.0,E,8,822.9788000000001,E,8,999.0,E,8,0.42,E,8,-9900,?,9,-9900,?,9,0.0,E,8,-9900,?,9,-9900,?,9,0.0,0.0,E,8
11/05/2020,13:00,1345.716,1391.03,991.75,1,8,518.081,1,8,490.557,1,8,119010.0,1,8,49217.652,1,8,53961.225,1,8,161.41,1,8,-9900,?,9,-9900,?,9,17.47,E,8,-5.83,E,8,18.0,E,8,822.9788000000001,E,8,999.0,E,8,0.74,E,8,-9900,?,9,-9900,?,9,0.0,E,8,-9900,?,9,-9900,?,9,0.0,0.0,E,8
11/05/2020,14:00,1223.922,1391.03,923.25,1,8,624.128,1,8,374.148,1,8,110790.0,1,8,59292.116,1,8,41156.233,1,8,135.367,1,8,-9900,?,9,-9900,?,9,17.96,E,8,-6.6,E,8,16.0,E,8,822.9788000000001,E,8,999.0,E,8,1.62,E,8,-9900,?,9,-9900,?,9,0.0,E,8,-9900,?,9,-9900,?,9,0.0,0.0,E,8
11/05/2020,15:00,1028.139,1391.03,794.25,1,8,716.306,1,8,264.942,1,8,95310.0,1,8,68049.098,1,8,29143.665,1,8,114.128,1,8,-9900,?,9,-9900,?,9,18.1,E,8,-6.83,E,8,16.0,E,8,822.9788000000001,E,8,999.0,E,8,2.11,E,8,-9900,?,9,-9900,?,9,0.0,E,8,-9900,?,9,-9900,?,9,0.0,0.0,E,8
11/05/2020,16:00,771.78,1391.03,611.38,1,8,841.713,1,8,144.683,1,8,73365.6,1,8,79962.774,1,8,15915.136,1,8,83.061,1,8,-9900,?,9,-9900,?,9,17.78,E,8,-6.31,E,8,17.0,E,8,822.9788000000001,E,8,999.0,E,8,1.02,E,8,-9900,?,9,-9900,?,9,0.0,E,8,-9900,?,9,-9900,?,9,0.0,0.0,E,8
11/05/2020,17:00,472.52,1391.03,381.48,1,8,772.354,1,8,119.702,1,8,45777.6,1,8,73373.609,1,8,13167.171,1,8,112.417,1,8,-9900,?,9,-9900,?,9,16.92,E,8,-5.01,E,8,20.0,E,8,822.9788000000001,E,8,999.0,E,8,0.59,E,8,-9900,?,9,-9900,?,9,0.0,E,8,-9900,?,9,-9900,?,9,0.0,0.0,E,8
11/05/2020,18:00,152.227,1391.03,146.86,1,8,309.029,1,8,113.774,1,8,17623.2,1,8,29357.802,1,8,12515.195,1,8,338.265,1,8,-9900,?,9,-9900,?,9,15.65,E,8,-3.31,E,8,26.0,E,8,822.9788000000001,E,8,999.0,E,8,0.42,E,8,-9900,?,9,-9900,?,9,0.0,E,8,-9900,?,9,-9900,?,9,0.0,0.0,E,8
11/05/2020,19:00,0.0,1391.03,0.0,1,8,0.0,1,8,0.0,1,8,0.0,1,8,0.0,1,8,0.0,1,8,-0.0,1,8,-9900,?,9,-9900,?,9,14.56,E,8,-2.01,E,8,31.0,E,8,822.9788000000001,E,8,999.0,E,8,0.42,E,8,-9900,?,9,-9900,?,9,0.0,E,8,-9900,?,9,-9900,?,9,0.0,0.0,E,8
11/05/2020,20:00,0.0,1391.03,0.0,1,8,0.0,1,8,0.0,1,8,0.0,1,8,0.0,1,8,0.0,1,8,-0.0,1,8,-9900,?,9,-9900,?,9,13.47,E,8,-0.83,E,8,36.0,E,8,822.9788000000001,E,8,999.0,E,8,0.42,E,8,-9900,?,9,-9900,?,9,0.0,E,8,-9900,?,9,-9900,?,9,0.0,0.0,E,8
11/05/2020,21:00,0.0,1391.03,0.0,1,8,0.0,1,8,0.0,1,8,0.0,1,8,0.0,1,8,0.0,1,8,-0.0,1,8,-9900,?,9,-9900,?,9,12.39,E,8,0.27,E,8,43.0,E,8,822.9788000000001,E,8,999.0,E,8,0.42,E,8,-9900,?,9,-9900,?,9,0.0,E,8,-9900,?,9,-9900,?,9,0.0,0.0,E,8
11/05/2020,22:00,0.0,1391.03,0.0,1,8,0.0,1,8,0.0,1,8,0.0,1,8,0.0,1,8,0.0,1,8,-0.0,1,8,-9900,?,9,-9900,?,9,11.3,E,8,1.41,E,8,50.0,E,8,822.9788000000001,E,8,999.0,E,8,0.42,E,8,-9900,?,9,-9900,?,9,0.0,E,8,-9900,?,9,-9900,?,9,0.0,0.0,E,8
11/05/2020,23:00,0.0,1391.03,0.0,1,8,0.0,1,8,0.0,1,8,0.0,1,8,0.0,1,8,0.0,1,8,-0.0,1,8,-9900,?,9,-9900,?,9,10.21,E,8,2.47,E,8,58.0,E,8,822.9788000000001,E,8,999.0,E,8,0.42,E,8,-9900,?,9,-9900,?,9,0.0,E,8,-9900,?,9,-9900,?,9,0.0,0.0,E,8
11/05/2020,24:00,0.0,1391.03,0.0,1,8,0.0,1,8,0.0,1,8,0.0,1,8,0.0,1,8,0.0,1,8,-0.0,1,8,-9900,?,9,-9900,?,9,9.12,E,8,2.65,E,8,63.0,E,8,822.9788000000001,E,8,999.0,E,8,0.27,E,8,-9900,?,9,-9900,?,9,0.0,E,8,-9900,?,9,-9900,?,9,0.0,0.0,E,8
11/06/2020,01:00,0.0,1391.03,0.0,1,8,0.0,1,8,0.0,1,8,0.0,1,8,0.0,1,8,0.0,1,8,-0.0,1,8,-9900,?,9,-9900,?,9,8.58,E,8,3.19,E,8,68.0,E,8,822.9788000000001,E,8,999.0,E,8,0.27,E,8,-9900,?,9,-9900,?,9,0.0,E,8,-9900,?,9,-9900,?,9,0.0,0.0,E,8
11/06/2020,02:00,0.0,1391.03,0.0,1,8,0.0,1,8,0.0,1,8,0.0,1,8,0.0,1,8,0.0,1,8,-0.0,1,8,-9900,?,9,-9900,?,9,8.04,E,8,3.71,E,8,74.0,E,8,822.9788000000001,E,8,999.0,E,8,0.27,E,8,-9900,?,9,-9900,?,9,0.0,E,8,-9900,?,9,-9900,?,9,0.0,0.0,E,8
11/06/2020,03:00,0.0,1391.03,0.0,1,8,0.0,1,8,0.0,1,8,0.0,1,8,0.0,1,8,0.0,1,8,-0.0,1,8,-9900,?,9,-9900,?,9,7.49,E,8,4.22,E,8,79.0,E,8,822.9788000000001,E,8,999.0,E,8,0.27,E,8,-9900,?,9,-9900,?,9,0.0,E,8,-9900,?,9,-9900,?,9,0.0,0.0,E,8
11/06/2020,04:00,0.0,1391.735,0.0,1,8,0.0,1,8,0.0,1,8,0.0,1,8,0.0,1,8,0.0,1,8,-0.0,1,8,-9900,?,9,-9900,?,9,6.95,E,8,4.71,E,8,85.0,E,8,822.9788000000001,E,8,999.0,E,8,0.27,E,8,-9900,?,9,-9900,?,9,0.0,E,8,-9900,?,9,-9900,?,9,0.0,0.0,E,8
11/06/2020,05:00,0.0,1391.735,0.0,1,8,0.0,1,8,0.0,1,8,0.0,1,8,0.0,1,8,0.0,1,8,-0.0,1,8,-9900,?,9,-9900,?,9,6.47,E,8,5.13,E,8,91.0,E,8,822.9788000000001,E,8,999.0,E,8,0.27,E,8,-9900,?,9,-9900,?,9,0.0,E,8,-9900,?,9,-9900,?,9,0.0,0.0,E,8
11/06/2020,06:00,130.45,1391.735,0.0,1,8,0.0,1,8,0.0,1,8,0.0,1,8,0.0,1,8,0.0,1,8,0.0,1,8,-9900,?,9,-9900,?,9,6.11,E,8,5.44,E,8,95.0,E,8,822.9788000000001,E,8,999.0,E,8,0.27,E,8,-9900,?,9,-9900,?,9,0.0,E,8,-9900,?,9,-9900,?,9,0.0,0.0,E,8
11/06/2020,07:00,451.237,1391.735,135.16,1,8,22.928,1,8,127.745,1,8,16219.2,1,8,2178.139,1,8,14051.898,1,8,125.723,1,8,-9900,?,9,-9900,?,9,5.75,E,8,5.74,E,8,99.0,E,8,822.9788000000001,E,8,999.0,E,8,0.27,E,8,-9900,?,9,-9900,?,9,0.0,E,8,-9900,?,9,-9900,?,9,0.0,0.0,E,8
11/06/2020,08:00,752.833,1391.735,385.09,1,8,211.21,1,8,270.921,1,8,46210.8,1,8,20064.985,1,8,29801.274,1,8,159.536,1,8,-9900,?,9,-9900,?,9,9.61,E,8,2.14,E,8,59.0,E,8,822.9788000000001,E,8,999.0,E,8,0.27,E,8,-9900,?,9,-9900,?,9,0.0,E,8,-9900,?,9,-9900,?,9,0.0,0.0,E,8
11/06/2020,09:00,1012.896,1391.735,623.72,1,8,309.38,1,8,398.614,1,8,74846.4,1,8,29391.075,1,8,43847.562,1,8,174.385,1,8,-9900,?,9,-9900,?,9,11.41,E,8,0.13,E,8,45.0,E,8,822.9788000000001,E,8,999.0,E,8,0.27,E,8,-9900,?,9,-9900,?,9,0.0,E,8,-9900,?,9,-9900,?,9,0.0,0.0,E,8
11/06/2020,10:00,1213.505,1391.735,822.04,1,8,327.488,1,8,536.518,1,8,98644.8,1,8,31111.322,1,8,59016.986,1,8,195.88,1,8,-9900,?,9,-9900,?,9,13.04,E,8,-1.72,E,8,35.0,E,8,822.9788000000001,E,8,999.0,E,8,0.84,E,8,-9900,?,9,-9900,?,9,0.0,E,8,-9900,?,9,-9900,?,9,0.0,0.0,E,8
11/06/2020,11:00,1340.945,1391.735,963.52,1,8,456.291,1,8,523.891,1,8,115622.4,1,8,43347.626,1,8,57628.032,1,8,173.08,1,8,-9900,?,9,-9900,?,9,14.44,E,8,-3.54,E,8,27.0,E,8,822.9788000000001,E,8,999.0,E,8,1.23,E,8,-9900,?,9,-9900,?,9,0.0,E,8,-9900,?,9,-9900,?,9,0.0,0.0,E,8
11/06/2020,12:00,1386.526,1391.735,1033.91,1,8,526.648,1,8,509.235,1,8,124069.2,1,8,50031.538,1,8,56015.811,1,8,162.704,1,8,-9900,?,9,-9900,?,9,15.55,E,8,-5.19,E,8,22.0,E,8,822.9788000000001,E,8,999.0,E,8,1.03,E,8,-9900,?,9,-9900,?,9,0.0,E,8,-9900,?,9,-9900,?,9,0.0,0.0,E,8
11/06/2020,13:00,1347.154,1391.735,1041.96,1,8,683.921,1,8,379.96,1,8,125035.2,1,8,64972.506,1,8,41795.623,1,8,124.95,1,8,-9900,?,9,-9900,?,9,16.36,E,8,-6.55,E,8,18.0,E,8,822.9788000000001,E,8,999.0,E,8,1.51,E,8,-9900,?,9,-9900,?,9,0.0,E,8,-9900,?,9,-9900,?,9,0.0,0.0,E,8
11/06/2020,14:00,1225.533,1391.735,970.08,1,8,769.951,1,8,292.135,1,8,116409.6,1,8,73145.348,1,8,32134.825,1,8,105.609,1,8,-9900,?,9,-9900,?,9,16.83,E,8,-7.41,E,8,17.0,E,8,822.9788000000001,E,8,999.0,E,8,1.96,E,8,-9900,?,9,-9900,?,9,0.0,E,8,-9900,?,9,-9900,?,9,0.0,0.0,E,8
11/06/2020,15:00,1029.991,1391.735,835.67,1,8,904.369,1,8,166.53,1,8,100280.4,1,8,85915.032,1,8,18318.314,1,8,71.643,1,8,-9900,?,9,-9900,?,9,16.98,E,8,-7.69,E,8,16.0,E,8,822.9788000000001,E,8,999.0,E,8,2.14,E,8,-9900,?,9,-9900,?,9,0.0,E,8,-9900,?,9,-9900,?,9,0.0,0.0,E,8
11/06/2020,16:00,773.922,1391.735,634.79,1,8,859.739,1,8,157.016,1,8,76174.8,1,8,81675.17,1,8,17271.722,1,8,89.937,1,8,-9900,?,9,-9900,?,9,16.67,E,8,-7.11,E,8,17.0,E,8,822.9788000000001,E,8,999.0,E,8,0.81,E,8,-9900,?,9,-9900,?,9,0.0,E,8,-9900,?,9,-9900,?,9,0.0,0.0,E,8
11/06/2020,17:00,474.981,1391.735,397.9,1,8,773.612,1,8,134.457,1,8,47748.0,1,8,73493.106,1,8,14790.292,1,8,125.681,1,8,-9900,?,9,-9900,?,9,15.87,E,8,-5.71,E,8,20.0,E,8,822.9788000000001,E,8,999.0,E,8,0.27,E,8,-9900,?,9,-9900,?,9,0.0,E,8,-9900,?,9,-9900,?,9,0.0,0.0,E,8
11/06/2020,18:00,154.976,1391.735,147.89,1,8,452.818,1,8,98.525,1,8,17746.8,1,8,43017.723,1,8,10837.749,1,8,287.674,1,8,-9900,?,9,-9900,?,9,14.69,E,8,-3.9,E,8,26.0,E,8,822.9788000000001,E,8,999.0,E,8,0.27,E,8,-9900,?,9,-9900,?,9,0.0,E,8,-9900,?,9,-9900,?,9,0.0,0.0,E,8
11/06/2020,19:00,0.0,1391.735,0.0,1,8,0.0,1,8,0.0,1,8,0.0,1,8,0.0,1,8,0.0,1,8,-0.0,1,8,-9900,?,9,-9900,?,9,13.98,E,8,-2.92,E,8,30.0,E,8,822.9788000000001,E,8,999.0,E,8,0.27,E,8,-9900,?,9,-9900,?,9,0.0,E,8,-9900,?,9,-9900,?,9,0.0,0.0,E,8
11/06/2020,20:00,0.0,1391.735,0.0,1,8,0.0,1,8,0.0,1,8,0.0,1,8,0.0,1,8,0.0,1,8,-0.0,1,8,-9900,?,9,-9900,?,9,13.27,E,8,-2.0,E,8,33.0,E,8,822.9788000000001,E,8,999.0,E,8,0.27,E,8,-9900,?,9,-9900,?,9,0.0,E,8,-9900,?,9,-9900,?,9,0.0,0.0,E,8
11/06/2020,21:00,0.0,1391.735,0.0,1,8,0.0,1,8,0.0,1,8,0.0,1,8,0.0,1,8,0.0,1,8,-0.0,1,8,-9900,?,9,-9900,?,9,12.56,E,8,-1.15,E,8,38.0,E,8,822.9788000000001,E,8,999.0,E,8,0.27,E,8,-9900,?,9,-9900,?,9,0.0,E,8,-9900,?,9,-9900,?,9,0.0,0.0,E,8
11/06/2020,22:00,0.0,1391.735,0.0,1,8,0.0,1,8,0.0,1,8,0.0,1,8,0.0,1,8,0.0,1,8,-0.0,1,8,-9900,?,9,-9900,?,9,11.85,E,8,-0.35,E,8,42.0,E,8,822.9788000000001,E,8,999.0,E,8,0.27,E,8,-9900,?,9,-9900,?,9,0.0,E,8,-9900,?,9,-9900,?,9,0.0,0.0,E,8
11/06/2020,23:00,0.0,1391.735,0.0,1,8,0.0,1,8,0.0,1,8,0.0,1,8,0.0,1,8,0.0,1,8,-0.0,1,8,-9900,?,9,-9900,?,9,11.14,E,8,0.45,E,8,47.0,E,8,822.9788000000001,E,8,999.0,E,8,0.27,E,8,-9900,?,9,-9900,?,9,0.0,E,8,-9900,?,9,-9900,?,9,0.0,0.0,E,8
11/06/2020,24:00,0.0,1391.735,0.0,1,8,0.0,1,8,0.0,1,8,0.0,1,8,0.0,1,8,0.0,1,8,-0.0,1,8,-9900,?,9,-9900,?,9,10.42,E,8,8.36,E,8,87.0,E,8,822.9788000000001,E,8,999.0,E,8,0.59,E,8,-9900,?,9,-9900,?,9,0.0,E,8,-9900,?,9,-9900,?,9,0.0,0.0,E,8
11/07/2020,01:00,0.0,1391.735,0.0,1,8,0.0,1,8,0.0,1,8,0.0,1,8,0.0,1,8,0.0,1,8,-0.0,1,8,-9900,?,9,-9900,?,9,10.07,E,8,8.34,E,8,88.0,E,8,822.9788000000001,E,8,999.0,E,8,0.59,E,8,-9900,?,9,-9900,?,9,0.0,E,8,-9900,?,9,-9900,?,9,0.0,0.0,E,8
11/07/2020,02:00,0.0,1391.735,0.0,1,8,0.0,1,8,0.0,1,8,0.0,1,8,0.0,1,8,0.0,1,8,-0.0,1,8,-9900,?,9,-9900,?,9,9.71,E,8,8.31,E,8,91.0,E,8,822.9788000000001,E,8,999.0,E,8,0.59,E,8,-9900,?,9,-9900,?,9,0.0,E,8,-9900,?,9,-9900,?,9,0.0,0.0,E,8
11/07/2020,03:00,0.0,1391.735,0.0,1,8,0.0,1,8,0.0,1,8,0.0,1,8,0.0,1,8,0.0,1,8,-0.0,1,8,-9900,?,9,-9900,?,9,9.36,E,8,8.29,E,8,93.0,E,8,822.9788000000001,E,8,999.0,E,8,0.59,E,8,-9900,?,9,-9900,?,9,0.0,E,8,-9900,?,9,-9900,?,9,0.0,0.0,E,8
11/07/2020,04:00,0.0,1392.433,0.0,1,8,0.0,1,8,0.0,1,8,0.0,1,8,0.0,1,8,0.0,1,8,-0.0,1,8,-9900,?,9,-9900,?,9,9.0,E,8,8.27,E,8,95.0,E,8,822.9788000000001,E,8,999.0,E,8,0.59,E,8,-9900,?,9,-9900,?,9,0.0,E,8,-9900,?,9,-9900,?,9,0.0,0.0,E,8
11/07/2020,05:00,0.0,1392.433,0.0,1,8,0.0,1,8,0.0,1,8,0.0,1,8,0.0,1,8,0.0,1,8,-0.0,1,8,-9900,?,9,-9900,?,9,8.69,E,8,8.24,E,8,97.0,E,8,822.9788000000001,E,8,999.0,E,8,0.59,E,8,-9900,?,9,-9900,?,9,0.0,E,8,-9900,?,9,-9900,?,9,0.0,0.0,E,8
11/07/2020,06:00,132.69,1392.433,0.0,1,8,0.0,1,8,0.0,1,8,0.0,1,8,0.0,1,8,0.0,1,8,0.0,1,8,-9900,?,9,-9900,?,9,8.45,E,8,8.23,E,8,98.0,E,8,822.9788000000001,E,8,999.0,E,8,0.59,E,8,-9900,?,9,-9900,?,9,0.0,E,8,-9900,?,9,-9900,?,9,0.0,0.0,E,8
11/07/2020,07:00,453.202,1392.433,36.3,1,8,0.0,1,8,36.3,1,8,4356.0,1,8,0.0,1,8,3993.0,1,8,35.588,1,8,-9900,?,9,-9900,?,9,8.22,E,8,8.21,E,8,99.0,E,8,822.9788000000001,E,8,999.0,E,8,0.59,E,8,-9900,?,9,-9900,?,9,0.0,E,8,-9900,?,9,-9900,?,9,0.0,0.0,E,8
11/07/2020,08:00,754.521,1392.433,102.19,1,8,0.0,1,8,102.19,1,8,12262.8,1,8,0.0,1,8,11240.9,1,8,60.071,1,8,-9900,?,9,-9900,?,9,10.25,E,8,8.35,E,8,87.0,E,8,822.9788000000001,E,8,999.0,E,8,0.59,E,8,-9900,?,9,-9900,?,9,0.0,E,8,-9900,?,9,-9900,?,9,0.0,0.0,E,8
11/07/2020,09:00,1014.365,1392.433,164.47,1,8,0.98,1,8,163.756,1,8,19736.4,1,8,93.138,1,8,18013.158,1,8,71.572,1,8,-9900,?,9,-9900,?,9,11.18,E,8,8.41,E,8,83.0,E,8,822.9788000000001,E,8,999.0,E,8,0.59,E,8,-9900,?,9,-9900,?,9,0.0,E,8,-9900,?,9,-9900,?,9,0.0,0.0,E,8
11/07/2020,10:00,1214.828,1392.433,216.17,1,8,3.123,1,8,213.445,1,8,25940.4,1,8,296.721,1,8,23478.978,1,8,77.882,1,8,-9900,?,9,-9900,?,9,12.03,E,8,8.47,E,8,83.0,E,8,822.9788000000001,E,8,999.0,E,8,0.59,E,8,-9900,?,9,-9900,?,9,0.004,E,8,-9900,?,9,-9900,?,9,0.04,99.0,E,8
11/07/2020,11:00,1342.207,1392.433,208.07,1,8,4.85,1,8,203.395,1,8,24968.4,1,8,460.74,1,8,22373.467,1,8,67.167,1,8,-9900,?,9,-9900,?,9,12.49,E,8,8.5,E,8,76.0,E,8,822.9788000000001,E,8,999.0,E,8,0.59,E,8,-9900,?,9,-9900,?,9,0.0,E,8,-9900,?,9,-9900,?,9,0.0,0.0,E,8
11/07/2020,12:00,1387.816,1392.433,205.37,1,8,4.852,1,8,200.534,1,8,24644.4,1,8,460.987,1,8,22058.697,1,8,64.044,1,8,-9900,?,9,-9900,?,9,12.78,E,8,8.52,E,8,75.0,E,8,822.9788000000001,E,8,999.0,E,8,0.59,E,8,-9900,?,9,-9900,?,9,0.0,E,8,-9900,?,9,-9900,?,9,0.0,0.0,E,8
11/07/2020,13:00,1348.558,1392.433,238.23,1,8,6.305,1,8,232.123,1,8,28587.6,1,8,599.005,1,8,25533.583,1,8,76.293,1,8,-9900,?,9,-9900,?,9,13.13,E,8,8.54,E,8,73.0,E,8,822.9788000000001,E,8,999.0,E,8,0.59,E,8,-9900,?,9,-9900,?,9,0.0,E,8,-9900,?,9,-9900,?,9,0.0,0.0,E,8
11/07/2020,14:00,1227.131,1392.433,213.4,1,8,3.193,1,8,210.586,1,8,25608.0,1,8,303.348,1,8,23164.479,1,8,76.068,1,8,-9900,?,9,-9900,?,9,13.29,E,8,8.55,E,8,72.0,E,8,822.9788000000001,E,8,999.0,E,8,0.59,E,8,-9900,?,9,-9900,?,9,0.0,E,8,-9900,?,9,-9900,?,9,0.0,0.0,E,8
11/07/2020,15:00,1031.848,1392.433,282.83,1,8,7.325,1,8,277.403,1,8,33939.6,1,8,695.871,1,8,30514.356,1,8,119.186,1,8,-9900,?,9,-9900,?,9,13.65,E,8,8.57,E,8,71.0,E,8,822.9788000000001,E,8,999.0,E,8,0.59,E,8,-9900,?,9,-9900,?,9,0.0,E,8,-9900,?,9,-9900,?,9,0.0,0.0,E,8
11/07/2020,16:00,776.085,1392.433,234.59,1,8,9.879,1,8,229.088,1,8,28150.8,1,8,938.485,1,8,25199.631,1,8,130.918,1,8,-9900,?,9,-9900,?,9,13.8,E,8,8.58,E,8,70.0,E,8,822.9788000000001,E,8,999.0,E,8,0.59,E,8,-9900,?,9,-9900,?,9,0.0,E,8,-9900,?,9,-9900,?,9,0.0,0.0,E,8
11/07/2020,17:00,477.472,1392.433,129.02,1,8,2.62,1,8,128.124,1,8,15482.4,1,8,248.909,1,8,14093.586,1,8,119.193,1,8,-9900,?,9,-9900,?,9,13.52,E,8,8.56,E,8,71.0,E,8,822.9788000000001,E,8,999.0,E,8,0.59,E,8,-9900,?,9,-9900,?,9,0.0,E,8,-9900,?,9,-9900,?,9,0.0,0.0,E,8
11/07/2020,18:00,157.762,1392.433,41.23,1,8,11.004,1,8,40.009,1,8,4947.6,1,8,1045.369,1,8,4400.946,1,8,114.734,1,8,-9900,?,9,-9900,?,9,12.92,E,8,8.52,E,8,79.0,E,8,822.9788000000001,E,8,999.0,E,8,0.59,E,8,-9900,?,9,-9900,?,9,0.002,E,8,-9900,?,9,-9900,?,9,0.02,99.0,E,8
11/07/2020,19:00,0.0,1392.433,0.0,1,8,0.0,1,8,0.0,1,8,0.0,1,8,0.0,1,8,0.0,1,8,-0.0,1,8,-9900,?,9,-9900,?,9,12.36,E,8,8.49,E,8,82.0,E,8,822.9788000000001,E,8,999.0,E,8,0.59,E,8,-9900,?,9,-9900,?,9,0.001,E,8,-9900,?,9,-9900,?,9,0.01,99.0,E,8
11/07/2020,20:00,0.0,1392.433,0.0,1,8,0.0,1,8,0.0,1,8,0.0,1,8,0.0,1,8,0.0,1,8,-0.0,1,8,-9900,?,9,-9900,?,9,11.8,E,8,8.45,E,8,79.0,E,8,822.9788000000001,E,8,999.0,E,8,0.59,E,8,-9900,?,9,-9900,?,9,0.0,E,8,-9900,?,9,-9900,?,9,0.0,0.0,E,8
11/07/2020,21:00,0.0,1392.433,0.0,1,8,0.0,1,8,0.0,1,8,0.0,1,8,0.0,1,8,0.0,1,8,-0.0,1,8,-9900,?,9,-9900,?,9,11.24,E,8,8.41,E,8,82.0,E,8,822.9788000000001,E,8,999.0,E,8,0.59,E,8,-9900,?,9,-9900,?,9,0.0,E,8,-9900,?,9,-9900,?,9,0.0,0.0,E,8
11/07/2020,22:00,0.0,1392.433,0.0,1,8,0.0,1,8,0.0,1,8,0.0,1,8,0.0,1,8,0.0,1,8,-0.0,1,8,-9900,?,9,-9900,?,9,10.68,E,8,8.38,E,8,90.0,E,8,822.9788000000001,E,8,999.0,E,8,0.59,E,8,-9900,?,9,-9900,?,9,0.011,E,8,-9900,?,9,-9900,?,9,0.11,99.0,E,8
11/07/2020,23:00,0.0,1392.433,0.0,1,8,0.0,1,8,0.0,1,8,0.0,1,8,0.0,1,8,0.0,1,8,-0.0,1,8,-9900,?,9,-9900,?,9,10.12,E,8,8.34,E,8,98.0,E,8,822.9788000000001,E,8,999.0,E,8,0.59,E,8,-9900,?,9,-9900,?,9,0.28300000000000003,E,8,-9900,?,9,-9900,?,9,2.83,99.0,E,8
11/07/2020,24:00,0.0,1392.433,0.0,1,8,0.0,1,8,0.0,1,8,0.0,1,8,0.0,1,8,0.0,1,8,-0.0,1,8,-9900,?,9,-9900,?,9,9.57,E,8,6.29,E,8,79.0,E,8,822.9788000000001,E,8,999.0,E,8,0.59,E,8,-9900,?,9,-9900,?,9,0.0,E,8,-9900,?,9,-9900,?,9,0.0,0.0,E,8
11/08/2020,01:00,0.0,1392.433,0.0,1,8,0.0,1,8,0.0,1,8,0.0,1,8,0.0,1,8,0.0,1,8,-0.0,1,8,-9900,?,9,-9900,?,9,9.29,E,8,6.47,E,8,82.0,E,8,822.9788000000001,E,8,999.0,E,8,0.59,E,8,-9900,?,9,-9900,?,9,0.0,E,8,-9900,?,9,-9900,?,9,0.0,0.0,E,8
11/08/2020,02:00,0.0,1392.433,0.0,1,8,0.0,1,8,0.0,1,8,0.0,1,8,0.0,1,8,0.0,1,8,-0.0,1,8,-9900,?,9,-9900,?,9,9.01,E,8,6.65,E,8,85.0,E,8,822.9788000000001,E,8,999.0,E,8,0.59,E,8,-9900,?,9,-9900,?,9,0.0,E,8,-9900,?,9,-9900,?,9,0.0,0.0,E,8
11/08/2020,03:00,0.0,1392.433,0.0,1,8,0.0,1,8,0.0,1,8,0.0,1,8,0.0,1,8,0.0,1,8,-0.0,1,8,-9900,?,9,-9900,?,9,8.73,E,8,6.83,E,8,87.0,E,8,822.9788000000001,E,8,999.0,E,8,0.59,E,8,-9900,?,9,-9900,?,9,0.0,E,8,-9900,?,9,-9900,?,9,0.0,0.0,E,8
11/08/2020,04:00,0.0,1393.124,0.0,1,8,0.0,1,8,0.0,1,8,0.0,1,8,0.0,1,8,0.0,1,8,-0.0,1,8,-9900,?,9,-9900,?,9,8.45,E,8,7.0,E,8,90.0,E,8,822.9788000000001,E,8,999.0,E,8,0.59,E,8,-9900,?,9,-9900,?,9,0.0,E,8,-9900,?,9,-9900,?,9,0.0,0.0,E,8
11/08/2020,05:00,0.0,1393.124,0.0,1,8,0.0,1,8,0.0,1,8,0.0,1,8,0.0,1,8,0.0,1,8,-0.0,1,8,-9900,?,9,-9900,?,9,8.2,E,8,7.16,E,8,93.0,E,8,822.9788000000001,E,8,999.0,E,8,0.59,E,8,-9900,?,9,-9900,?,9,0.0,E,8,-9900,?,9,-9900,?,9,0.0,0.0,E,8
11/08/2020,06:00,134.816,1393.124,0.0,1,8,0.0,1,8,0.0,1,8,0.0,1,8,0.0,1,8,0.0,1,8,0.0,1,8,-9900,?,9,-9900,?,9,8.02,E,8,7.27,E,8,94.0,E,8,822.9788000000001,E,8,999.0,E,8,0.59,E,8,-9900,?,9,-9900,?,9,0.0,E,8,-9900,?,9,-9900,?,9,0.0,0.0,E,8
11/08/2020,07:00,455.049,1393.124,98.02,1,8,0.0,1,8,98.02,1,8,11762.4,1,8,0.0,1,8,10782.2,1,8,95.752,1,8,-9900,?,9,-9900,?,9,7.83,E,8,7.38,E,8,96.0,E,8,822.9788000000001,E,8,999.0,E,8,0.59,E,8,-9900,?,9,-9900,?,9,0.0,E,8,-9900,?,9,-9900,?,9,0.0,0.0,E,8
11/08/2020,08:00,756.096,1393.124,190.65,1,8,8.677,1,8,185.944,1,8,22878.0,1,8,824.329,1,8,20453.831,1,8,109.131,1,8,-9900,?,9,-9900,?,9,11.3,E,8,5.13,E,8,65.0,E,8,822.9788000000001,E,8,999.0,E,8,0.59,E,8,-9900,?,9,-9900,?,9,0.0,E,8,-9900,?,9,-9900,?,9,0.0,0.0,E,8
11/08/2020,09:00,1015.73,1393.124,263.05,1,8,17.061,1,8,250.614,1,8,31566.0,1,8,1620.756,1,8,27567.573,1,8,109.441,1,8,-9900,?,9,-9900,?,9,12.25,E,8,4.45,E,8,58.0,E,8,822.9788000000001,E,8,999.0,E,8,0.59,E,8,-9900,?,9,-9900,?,9,0.0,E,8,-9900,?,9,-9900,?,9,0.0,0.0,E,8
11/08/2020,10:00,1216.062,1393.124,289.97,1,8,4.017,1,8,286.464,1,8,34796.4,1,8,381.618,1,8,31511.023,1,8,104.471,1,8,-9900,?,9,-9900,?,9,12.89,E,8,3.98,E,8,54.0,E,8,822.9788000000001,E,8,999.0,E,8,0.59,E,8,-9900,?,9,-9900,?,9,0.0,E,8,-9900,?,9,-9900,?,9,0.0,0.0,E,8
11/08/2020,11:00,1343.397,1393.124,355.11,1,8,7.136,1,8,348.229,1,8,42613.2,1,8,677.895,1,8,38305.204,1,8,114.95,1,8,-9900,?,9,-9900,?,9,13.59,E,8,3.44,E,8,50.0,E,8,822.9788000000001,E,8,999.0,E,8,0.59,E,8,-9900,?,9,-9900,?,9,0.0,E,8,-9900,?,9,-9900,?,9,0.0,0.0,E,8
11/08/2020,12:00,1389.053,1393.124,382.51,1,8,7.528,1,8,375.004,1,8,45901.2,1,8,715.203,1,8,41250.392,1,8,119.717,1,8,-9900,?,9,-9900,?,9,14.16,E,8,2.99,E,8,46.0,E,8,822.9788000000001,E,8,999.0,E,8,0.59,E,8,-9900,?,9,-9900,?,9,0.0,E,8,-9900,?,9,-9900,?,9,0.0,0.0,E,8
11/08/2020,13:00,1349.93,1393.124,383.54,1,8,7.764,1,8,376.017,1,8,46024.8,1,8,737.6,1,8,41361.833,1,8,123.522,1,8,-9900,?,9,-9900,?,9,14.58,E,8,2.65,E,8,44.0,E,8,822.9788000000001,E,8,999.0,E,8,0.59,E,8,-9900,?,9,-9900,?,9,0.0,E,8,-9900,?,9,-9900,?,9,0.0,0.0,E,8
11/08/2020,14:00,1228.716,1393.124,358.14,1,8,7.113,1,8,351.867,1,8,42976.8,1,8,675.696,1,8,38705.405,1,8,127.0,1,8,-9900,?,9,-9900,?,9,14.81,E,8,2.47,E,8,43.0,E,8,822.9788000000001,E,8,999.0,E,8,0.59,E,8,-9900,?,9,-9900,?,9,0.0,E,8,-9900,?,9,-9900,?,9,0.0,0.0,E,8
11/08/2020,15:00,1033.71,1393.124,308.13,1,8,6.578,1,8,303.251,1,8,36975.6,1,8,624.875,1,8,33357.556,1,8,130.121,1,8,-9900,?,9,-9900,?,9,14.86,E,8,2.43,E,8,43.0,E,8,822.9788000000001,E,8,999.0,E,8,0.59,E,8,-9900,?,9,-9900,?,9,0.0,E,8,-9900,?,9,-9900,?,9,0.0,0.0,E,8
11/08/2020,16:00,778.267,1393.124,237.18,1,8,10.228,1,8,231.47,1,8,28461.6,1,8,971.686,1,8,25461.664,1,8,131.973,1,8,-9900,?,9,-9900,?,9,14.63,E,8,2.61,E,8,44.0,E,8,822.9788000000001,E,8,999.0,E,8,0.59,E,8,-9900,?,9,-9900,?,9,0.0,E,8,-9900,?,9,-9900,?,9,0.0,0.0,E,8
11/08/2020,17:00,479.995,1393.124,150.9,1,8,27.908,1,8,141.305,1,8,18108.0,1,8,2651.292,1,8,15543.55,1,8,130.827,1,8,-9900,?,9,-9900,?,9,14.13,E,8,3.02,E,8,47.0,E,8,822.9788000000001,E,8,999.0,E,8,0.59,E,8,-9900,?,9,-9900,?,9,0.0,E,8,-9900,?,9,-9900,?,9,0.0,0.0,E,8
11/08/2020,18:00,160.586,1393.124,58.45,1,8,160.999,1,8,40.257,1,8,7014.0,1,8,15294.894,1,8,4428.242,1,8,113.397,1,8,-9900,?,9,-9900,?,9,13.39,E,8,3.6,E,8,51.0,E,8,822.9788000000001,E,8,999.0,E,8,0.59,E,8,-9900,?,9,-9900,?,9,0.0,E,8,-9900,?,9,-9900,?,9,0.0,0.0,E,8
11/08/2020,19:00,0.0,1393.124,0.0,1,8,0.0,1,8,0.0,1,8,0.0,1,8,0.0,1,8,0.0,1,8,-0.0,1,8,-9900,?,9,-9900,?,9,12.82,E,8,4.03,E,8,55.0,E,8,822.9788000000001,E,8,999.0,E,8,0.59,E,8,-9900,?,9,-9900,?,9,0.0,E,8,-9900,?,9,-9900,?,9,0.0,0.0,E,8
11/08/2020,20:00,0.0,1393.124,0.0,1,8,0.0,1,8,0.0,1,8,0.0,1,8,0.0,1,8,0.0,1,8,-0.0,1,8,-9900,?,9,-9900,?,9,12.26,E,8,4.44,E,8,58.0,E,8,822.9788000000001,E,8,999.0,E,8,0.59,E,8,-9900,?,9,-9900,?,9,0.0,E,8,-9900,?,9,-9900,?,9,0.0,0.0,E,8
11/08/2020,21:00,0.0,1393.124,0.0,1,8,0.0,1,8,0.0,1,8,0.0,1,8,0.0,1,8,0.0,1,8,-0.0,1,8,-9900,?,9,-9900,?,9,11.69,E,8,4.85,E,8,62.0,E,8,822.9788000000001,E,8,999.0,E,8,0.59,E,8,-9900,?,9,-9900,?,9,0.0,E,8,-9900,?,9,-9900,?,9,0.0,0.0,E,8
11/08/2020,22:00,0.0,1393.124,0.0,1,8,0.0,1,8,0.0,1,8,0.0,1,8,0.0,1,8,0.0,1,8,-0.0,1,8,-9900,?,9,-9900,?,9,11.13,E,8,5.25,E,8,67.0,E,8,822.9788000000001,E,8,999.0,E,8,0.59,E,8,-9900,?,9,-9900,?,9,0.0,E,8,-9900,?,9,-9900,?,9,0.0,0.0,E,8
11/08/2020,23:00,0.0,1393.124,0.0,1,8,0.0,1,8,0.0,1,8,0.0,1,8,0.0,1,8,0.0,1,8,-0.0,1,8,-9900,?,9,-9900,?,9,10.56,E,8,5.64,E,8,71.0,E,8,822.9788000000001,E,8,999.0,E,8,0.59,E,8,-9900,?,9,-9900,?,9,0.0,E,8,-9900,?,9,-9900,?,9,0.0,0.0,E,8
11/08/2020,24:00,0.0,1393.124,0.0,1,8,0.0,1,8,0.0,1,8,0.0,1,8,0.0,1,8,0.0,1,8,-0.0,1,8,-9900,?,9,-9900,?,9,9.99,E,8,7.63,E,8,85.0,E,8,822.9788000000001,E,8,999.0,E,8,0.59,E,8,-9900,?,9,-9900,?,9,0.0,E,8,-9900,?,9,-9900,?,9,0.0,0.0,E,8
11/09/2020,01:00,0.0,1393.124,0.0,1,8,0.0,1,8,0.0,1,8,0.0,1,8,0.0,1,8,0.0,1,8,-0.0,1,8,-9900,?,9,-9900,?,9,9.71,E,8,7.6,E,8,86.0,E,8,822.9788000000001,E,8,999.0,E,8,0.59,E,8,-9900,?,9,-9900,?,9,0.0,E,8,-9900,?,9,-9900,?,9,0.0,0.0,E,8
11/09/2020,02:00,0.0,1393.124,0.0,1,8,0.0,1,8,0.0,1,8,0.0,1,8,0.0,1,8,0.0,1,8,-0.0,1,8,-9900,?,9,-9900,?,9,9.43,E,8,7.57,E,8,88.0,E,8,822.9788000000001,E,8,999.0,E,8,0.59,E,8,-9900,?,9,-9900,?,9,0.0,E,8,-9900,?,9,-9900,?,9,0.0,0.0,E,8
11/09/2020,03:00,0.0,1393.124,0.0,1,8,0.0,1,8,0.0,1,8,0.0,1,8,0.0,1,8,0.0,1,8,-0.0,1,8,-9900,?,9,-9900,?,9,9.15,E,8,7.54,E,8,89.0,E,8,822.9788000000001,E,8,999.0,E,8,0.59,E,8,-9900,?,9,-9900,?,9,0.0,E,8,-9900,?,9,-9900,?,9,0.0,0.0,E,8
11/09/2020,04:00,0.0,1393.807,0.0,1,8,0.0,1,8,0.0,1,8,0.0,1,8,0.0,1,8,0.0,1,8,-0.0,1,8,-9900,?,9,-9900,?,9,8.86,E,8,7.51,E,8,91.0,E,8,822.9788000000001,E,8,999.0,E,8,0.59,E,8,-9900,?,9,-9900,?,9,0.0,E,8,-9900,?,9,-9900,?,9,0.0,0.0,E,8
11/09/2020,05:00,0.0,1393.807,0.0,1,8,0.0,1,8,0.0,1,8,0.0,1,8,0.0,1,8,0.0,1,8,-0.0,1,8,-9900,?,9,-9900,?,9,8.61,E,8,7.48,E,8,92.0,E,8,822.9788000000001,E,8,999.0,E,8,0.59,E,8,-9900,?,9,-9900,?,9,0.0,E,8,-9900,?,9,-9900,?,9,0.0,0.0,E,8
11/09/2020,06:00,136.828,1393.807,0.0,1,8,0.0,1,8,0.0,1,8,0.0,1,8,0.0,1,8,0.0,1,8,0.0,1,8,-9900,?,9,-9900,?,9,8.42,E,8,7.46,E,8,93.0,E,8,822.9788000000001,E,8,999.0,E,8,0.59,E,8,-9900,?,9,-9900,?,9,0.0,E,8,-9900,?,9,-9900,?,9,0.0,0.0,E,8
11/09/2020,07:00,456.778,1393.807,46.7,1,8,0.0,1,8,46.7,1,8,5604.0,1,8,0.0,1,8,5137.0,1,8,45.468,1,8,-9900,?,9,-9900,?,9,8.24,E,8,7.44,E,8,94.0,E,8,822.9788000000001,E,8,999.0,E,8,0.59,E,8,-9900,?,9,-9900,?,9,0.0,E,8,-9900,?,9,-9900,?,9,0.0,0.0,E,8
11/09/2020,08:00,757.558,1393.807,152.63,1,8,8.526,1,8,147.999,1,8,18315.6,1,8,809.989,1,8,16279.901,1,8,86.736,1,8,-9900,?,9,-9900,?,9,10.25,E,8,7.66,E,8,83.0,E,8,822.9788000000001,E,8,999.0,E,8,0.59,E,8,-9900,?,9,-9900,?,9,0.0,E,8,-9900,?,9,-9900,?,9,0.0,0.0,E,8
11/09/2020,09:00,1016.992,1393.807,192.02,1,8,2.675,1,8,190.069,1,8,23042.4,1,8,254.083,1,8,20907.591,1,8,82.939,1,8,-9900,?,9,-9900,?,9,10.87,E,8,7.72,E,8,80.0,E,8,822.9788000000001,E,8,999.0,E,8,0.59,E,8,-9900,?,9,-9900,?,9,0.0,E,8,-9900,?,9,-9900,?,9,0.0,0.0,E,8
11/09/2020,10:00,1217.206,1393.807,333.33,1,8,8.219,1,8,326.153,1,8,39999.6,1,8,780.85,1,8,35876.788,1,8,118.891,1,8,-9900,?,9,-9900,?,9,11.89,E,8,7.83,E,8,76.0,E,8,822.9788000000001,E,8,999.0,E,8,0.59,E,8,-9900,?,9,-9900,?,9,0.0,E,8,-9900,?,9,-9900,?,9,0.0,0.0,E,8
11/09/2020,11:00,1344.515,1393.807,314.46,1,8,4.548,1,8,310.073,1,8,37735.2,1,8,432.073,1,8,34108.008,1,8,102.32,1,8,-9900,?,9,-9900,?,9,12.43,E,8,7.89,E,8,73.0,E,8,822.9788000000001,E,8,999.0,E,8,0.59,E,8,-9900,?,9,-9900,?,9,0.0,E,8,-9900,?,9,-9900,?,9,0.0,0.0,E,8
11/09/2020,12:00,1390.238,1393.807,438.46,1,8,15.968,1,8,422.533,1,8,52615.2,1,8,1516.927,1,8,46478.658,1,8,134.842,1,8,-9900,?,9,-9900,?,9,13.2,E,8,7.97,E,8,70.0,E,8,822.9788000000001,E,8,999.0,E,8,0.59,E,8,-9900,?,9,-9900,?,9,0.0,E,8,-9900,?,9,-9900,?,9,0.0,0.0,E,8
11/09/2020,13:00,1351.27,1393.807,265.0,1,8,14.614,1,8,250.832,1,8,31800.0,1,8,1388.317,1,8,27591.562,1,8,82.357,1,8,-9900,?,9,-9900,?,9,13.25,E,8,7.98,E,8,70.0,E,8,822.9788000000001,E,8,999.0,E,8,0.59,E,8,-9900,?,9,-9900,?,9,0.0,E,8,-9900,?,9,-9900,?,9,0.0,0.0,E,8
11/09/2020,14:00,1230.29,1393.807,323.49,1,8,7.796,1,8,316.609,1,8,38818.8,1,8,740.593,1,8,34827.037,1,8,114.184,1,8,-9900,?,9,-9900,?,9,13.44,E,8,8.0,E,8,69.0,E,8,822.9788000000001,E,8,999.0,E,8,0.59,E,8,-9900,?,9,-9900,?,9,0.0,E,8,-9900,?,9,-9900,?,9,0.0,0.0,E,8
11/09/2020,15:00,1035.578,1393.807,283.6,1,8,5.285,1,8,279.674,1,8,34032.0,1,8,502.079,1,8,30764.165,1,8,119.847,1,8,-9900,?,9,-9900,?,9,13.5,E,8,8.0,E,8,69.0,E,8,822.9788000000001,E,8,999.0,E,8,0.59,E,8,-9900,?,9,-9900,?,9,0.0,E,8,-9900,?,9,-9900,?,9,0.0,0.0,E,8
11/09/2020,16:00,780.471,1393.807,186.13,1,8,1.951,1,8,185.038,1,8,22335.6,1,8,185.343,1,8,20354.207,1,8,105.253,1,8,-9900,?,9,-9900,?,9,13.24,E,8,7.98,E,8,70.0,E,8,822.9788000000001,E,8,999.0,E,8,0.59,E,8,-9900,?,9,-9900,?,9,0.0,E,8,-9900,?,9,-9900,?,9,0.0,0.0,E,8
11/09/2020,17:00,482.548,1393.807,128.55,1,8,8.106,1,8,125.75,1,8,15426.0,1,8,770.081,1,8,13832.453,1,8,115.863,1,8,-9900,?,9,-9900,?,9,12.85,E,8,7.94,E,8,72.0,E,8,822.9788000000001,E,8,999.0,E,8,0.59,E,8,-9900,?,9,-9900,?,9,0.0,E,8,-9900,?,9,-9900,?,9,0.0,0.0,E,8
11/09/2020,18:00,163.446,1393.807,53.34,1,8,75.013,1,8,44.711,1,8,6400.8,1,8,7126.235,1,8,4918.224,1,8,123.722,1,8,-9900,?,9,-9900,?,9,12.31,E,8,7.88,E,8,74.0,E,8,822.9788000000001,E,8,999.0,E,8,0.59,E,8,-9900,?,9,-9900,?,9,0.0,E,8,-9900,?,9,-9900,?,9,0.0,0.0,E,8
11/09/2020,19:00,0.0,1393.807,0.0,1,8,0.0,1,8,0.0,1,8,0.0,1,8,0.0,1,8,0.0,1,8,-0.0,1,8,-9900,?,9,-9900,?,9,11.8,E,8,7.82,E,8,76.0,E,8,822.9788000000001,E,8,999.0,E,8,0.59,E,8,-9900,?,9,-9900,?,9,0.0,E,8,-9900,?,9,-9900,?,9,0.0,0.0,E,8
11/09/2020,20:00,0.0,1393.807,0.0,1,8,0.0,1,8,0.0,1,8,0.0,1,8,0.0,1,8,0.0,1,8,-0.0,1,8,-9900,?,9,-9900,?,9,11.3,E,8,7.77,E,8,78.0,E,8,822.9788000000001,E,8,999.0,E,8,0.59,E,8,-9900,?,9,-9900,?,9,0.0,E,8,-9900,?,9,-9900,?,9,0.0,0.0,E,8
11/09/2020,21:00,0.0,1393.807,0.0,1,8,0.0,1,8,0.0,1,8,0.0,1,8,0.0,1,8,0.0,1,8,-0.0,1,8,-9900,?,9,-9900,?,9,10.79,E,8,7.72,E,8,81.0,E,8,822.9788000000001,E,8,999.0,E,8,0.59,E,8,-9900,?,9,-9900,?,9,0.0,E,8,-9900,?,9,-9900,?,9,0.0,0.0,E,8
11/09/2020,22:00,0.0,1393.807,0.0,1,8,0.0,1,8,0.0,1,8,0.0,1,8,0.0,1,8,0.0,1,8,-0.0,1,8,-9900,?,9,-9900,?,9,10.29,E,8,7.66,E,8,83.0,E,8,822.9788000000001,E,8,999.0,E,8,0.59,E,8,-9900,?,9,-9900,?,9,0.0,E,8,-9900,?,9,-9900,?,9,0.0,0.0,E,8
11/09/2020,23:00,0.0,1393.807,0.0,1,8,0.0,1,8,0.0,1,8,0.0,1,8,0.0,1,8,0.0,1,8,-0.0,1,8,-9900,?,9,-9900,?,9,9.78,E,8,7.61,E,8,86.0,E,8,822.9788000000001,E,8,999.0,E,8,0.59,E,8,-9900,?,9,-9900,?,9,0.0,E,8,-9900,?,9,-9900,?,9,0.0,0.0,E,8
11/09/2020,24:00,0.0,1393.807,0.0,1,8,0.0,1,8,0.0,1,8,0.0,1,8,0.0,1,8,0.0,1,8,-0.0,1,8,-9900,?,9,-9900,?,9,9.28,E,8,4.88,E,8,73.0,E,8,822.9788000000001,E,8,999.0,E,8,0.16,E,8,-9900,?,9,-9900,?,9,0.0,E,8,-9900,?,9,-9900,?,9,0.0,0.0,E,8
11/10/2020,01:00,0.0,1393.807,0.0,1,8,0.0,1,8,0.0,1,8,0.0,1,8,0.0,1,8,0.0,1,8,-0.0,1,8,-9900,?,9,-9900,?,9,9.03,E,8,5.1,E,8,76.0,E,8,822.9788000000001,E,8,999.0,E,8,0.16,E,8,-9900,?,9,-9900,?,9,0.0,E,8,-9900,?,9,-9900,?,9,0.0,0.0,E,8
11/10/2020,02:00,0.0,1393.807,0.0,1,8,0.0,1,8,0.0,1,8,0.0,1,8,0.0,1,8,0.0,1,8,-0.0,1,8,-9900,?,9,-9900,?,9,8.77,E,8,5.33,E,8,78.0,E,8,822.9788000000001,E,8,999.0,E,8,0.16,E,8,-9900,?,9,-9900,?,9,0.0,E,8,-9900,?,9,-9900,?,9,0.0,0.0,E,8
11/10/2020,03:00,0.0,1393.807,0.0,1,8,0.0,1,8,0.0,1,8,0.0,1,8,0.0,1,8,0.0,1,8,-0.0,1,8,-9900,?,9,-9900,?,9,8.52,E,8,5.54,E,8,81.0,E,8,822.9788000000001,E,8,999.0,E,8,0.16,E,8,-9900,?,9,-9900,?,9,0.0,E,8,-9900,?,9,-9900,?,9,0.0,0.0,E,8
11/10/2020,04:00,0.0,1394.482,0.0,1,8,0.0,1,8,0.0,1,8,0.0,1,8,0.0,1,8,0.0,1,8,-0.0,1,8,-9900,?,9,-9900,?,9,8.27,E,8,5.76,E,8,84.0,E,8,822.9788000000001,E,8,999.0,E,8,0.16,E,8,-9900,?,9,-9900,?,9,0.0,E,8,-9900,?,9,-9900,?,9,0.0,0.0,E,8
11/10/2020,05:00,0.0,1394.482,0.0,1,8,0.0,1,8,0.0,1,8,0.0,1,8,0.0,1,8,0.0,1,8,-0.0,1,8,-9900,?,9,-9900,?,9,8.04,E,8,5.95,E,8,86.0,E,8,822.9788000000001,E,8,999.0,E,8,0.16,E,8,-9900,?,9,-9900,?,9,0.0,E,8,-9900,?,9,-9900,?,9,0.0,0.0,E,8
11/10/2020,06:00,138.724,1394.482,0.0,1,8,0.0,1,8,0.0,1,8,0.0,1,8,0.0,1,8,0.0,1,8,0.0,1,8,-9900,?,9,-9900,?,9,7.88,E,8,6.08,E,8,88.0,E,8,822.9788000000001,E,8,999.0,E,8,0.16,E,8,-9900,?,9,-9900,?,9,0.0,E,8,-9900,?,9,-9900,?,9,0.0,0.0,E,8
11/10/2020,07:00,458.388,1394.482,94.15,1,8,0.0,1,8,94.15,1,8,11298.0,1,8,0.0,1,8,10356.5,1,8,91.388,1,8,-9900,?,9,-9900,?,9,7.71,E,8,6.22,E,8,90.0,E,8,822.9788000000001,E,8,999.0,E,8,0.16,E,8,-9900,?,9,-9900,?,9,0.0,E,8,-9900,?,9,-9900,?,9,0.0,0.0,E,8
11/10/2020,08:00,758.906,1394.482,260.61,1,8,33.247,1,8,242.529,1,8,31273.2,1,8,3158.448,1,8,26678.187,1,8,141.952,1,8,-9900,?,9,-9900,?,9,10.71,E,8,3.56,E,8,61.0,E,8,822.9788000000001,E,8,999.0,E,8,0.16,E,8,-9900,?,9,-9900,?,9,0.0,E,8,-9900,?,9,-9900,?,9,0.0,0.0,E,8
11/10/2020,09:00,1018.15,1394.482,417.87,1,8,59.327,1,8,374.565,1,8,50144.4,1,8,5636.098,1,8,41202.104,1,8,163.339,1,8,-9900,?,9,-9900,?,9,12.06,E,8,2.2,E,8,50.0,E,8,822.9788000000001,E,8,999.0,E,8,0.16,E,8,-9900,?,9,-9900,?,9,0.0,E,8,-9900,?,9,-9900,?,9,0.0,0.0,E,8
11/10/2020,10:00,1218.262,1394.482,548.45,1,8,86.5,1,8,472.888,1,8,65814.0,1,8,8217.462,1,8,52017.699,1,8,172.314,1,8,-9900,?,9,-9900,?,9,13.29,E,8,0.85,E,8,42.0,E,8,822.9788000000001,E,8,999.0,E,8,0.17,E,8,-9900,?,9,-9900,?,9,0.0,E,8,-9900,?,9,-9900,?,9,0.0,0.0,E,8
11/10/2020,11:00,1345.563,1394.482,641.94,1,8,6.42,1,8,635.745,1,8,77032.8,1,8,609.945,1,8,69931.938,1,8,209.726,1,8,-9900,?,9,-9900,?,9,14.35,E,8,-0.36,E,8,36.0,E,8,822.9788000000001,E,8,999.0,E,8,0.44,E,8,-9900,?,9,-9900,?,9,0.0,E,8,-9900,?,9,-9900,?,9,0.0,0.0,E,8
11/10/2020,12:00,1391.373,1394.482,691.46,1,8,7.365,1,8,684.112,1,8,82975.2,1,8,699.655,1,8,75252.28,1,8,218.246,1,8,-9900,?,9,-9900,?,9,15.19,E,8,-1.32,E,8,31.0,E,8,822.9788000000001,E,8,999.0,E,8,0.69,E,8,-9900,?,9,-9900,?,9,0.0,E,8,-9900,?,9,-9900,?,9,0.0,0.0,E,8
11/10/2020,13:00,1352.581,1394.482,693.47,1,8,8.599,1,8,685.129,1,8,83216.4,1,8,816.947,1,8,75364.201,1,8,224.843,1,8,-9900,?,9,-9900,?,9,15.79,E,8,-2.05,E,8,28.0,E,8,822.9788000000001,E,8,999.0,E,8,1.27,E,8,-9900,?,9,-9900,?,9,0.0,E,8,-9900,?,9,-9900,?,9,0.0,0.0,E,8
11/10/2020,14:00,1231.853,1394.482,647.83,1,8,161.258,1,8,505.391,1,8,77739.6,1,8,15319.466,1,8,55592.965,1,8,182.124,1,8,-9900,?,9,-9900,?,9,16.15,E,8,-2.51,E,8,27.0,E,8,822.9788000000001,E,8,999.0,E,8,1.72,E,8,-9900,?,9,-9900,?,9,0.0,E,8,-9900,?,9,-9900,?,9,0.0,0.0,E,8
11/10/2020,15:00,1037.453,1394.482,557.82,1,8,138.688,1,8,454.665,1,8,66938.4,1,8,13175.336,1,8,50013.143,1,8,194.576,1,8,-9900,?,9,-9900,?,9,16.26,E,8,-2.66,E,8,26.0,E,8,822.9788000000001,E,8,999.0,E,8,1.85,E,8,-9900,?,9,-9900,?,9,0.0,E,8,-9900,?,9,-9900,?,9,0.0,0.0,E,8
11/10/2020,16:00,782.694,1394.482,430.07,1,8,246.686,1,8,291.699,1,8,51608.4,1,8,23435.139,1,8,32086.84,1,8,165.532,1,8,-9900,?,9,-9900,?,9,16.04,E,8,-2.37,E,8,27.0,E,8,822.9788000000001,E,8,999.0,E,8,2.08,E,8,-9900,?,9,-9900,?,9,0.0,E,8,-9900,?,9,-9900,?,9,0.0,0.0,E,8
11/10/2020,17:00,485.132,1394.482,274.65,1,8,356.01,1,8,151.057,1,8,32958.0,1,8,33820.915,1,8,16616.305,1,8,138.504,1,8,-9900,?,9,-9900,?,9,15.46,E,8,-1.65,E,8,30.0,E,8,822.9788000000001,E,8,999.0,E,8,1.65,E,8,-9900,?,9,-9900,?,9,0.0,E,8,-9900,?,9,-9900,?,9,0.0,0.0,E,8
11/10/2020,18:00,166.342,1394.482,107.95,1,8,361.231,1,8,65.655,1,8,12954.0,1,8,34316.961,1,8,7222.089,1,8,178.493,1,8,-9900,?,9,-9900,?,9,14.57,E,8,-0.61,E,8,35.0,E,8,822.9788000000001,E,8,999.0,E,8,0.66,E,8,-9900,?,9,-9900,?,9,0.0,E,8,-9900,?,9,-9900,?,9,0.0,0.0,E,8
11/10/2020,19:00,0.0,1394.482,0.09,1,8,0.0,1,8,0.0,1,8,10.8,1,8,0.0,1,8,0.0,1,8,-0.0,1,8,-9900,?,9,-9900,?,9,13.85,E,8,0.2,E,8,39.0,E,8,822.9788000000001,E,8,999.0,E,8,0.67,E,8,-9900,?,9,-9900,?,9,0.0,E,8,-9900,?,9,-9900,?,9,0.0,0.0,E,8
11/10/2020,20:00,0.0,1394.482,0.0,1,8,0.0,1,8,0.0,1,8,0.0,1,8,0.0,1,8,0.0,1,8,-0.0,1,8,-9900,?,9,-9900,?,9,13.14,E,8,1.02,E,8,43.0,E,8,822.9788000000001,E,8,999.0,E,8,0.45,E,8,-9900,?,9,-9900,?,9,0.0,E,8,-9900,?,9,-9900,?,9,0.0,0.0,E,8
11/10/2020,21:00,0.0,1394.482,0.0,1,8,0.0,1,8,0.0,1,8,0.0,1,8,0.0,1,8,0.0,1,8,-0.0,1,8,-9900,?,9,-9900,?,9,12.42,E,8,1.82,E,8,48.0,E,8,822.9788000000001,E,8,999.0,E,8,0.28,E,8,-9900,?,9,-9900,?,9,0.0,E,8,-9900,?,9,-9900,?,9,0.0,0.0,E,8
11/10/2020,22:00,0.0,1394.482,0.0,1,8,0.0,1,8,0.0,1,8,0.0,1,8,0.0,1,8,0.0,1,8,-0.0,1,8,-9900,?,9,-9900,?,9,11.7,E,8,2.58,E,8,53.0,E,8,822.9788000000001,E,8,999.0,E,8,0.34,E,8,-9900,?,9,-9900,?,9,0.0,E,8,-9900,?,9,-9900,?,9,0.0,0.0,E,8
11/10/2020,23:00,0.0,1394.482,0.0,1,8,0.0,1,8,0.0,1,8,0.0,1,8,0.0,1,8,0.0,1,8,-0.0,1,8,-9900,?,9,-9900,?,9,10.99,E,8,3.29,E,8,58.0,E,8,822.9788000000001,E,8,999.0,E,8,0.23,E,8,-9900,?,9,-9900,?,9,0.0,E,8,-9900,?,9,-9900,?,9,0.0,0.0,E,8
11/10/2020,24:00,0.0,1394.482,0.0,1,8,0.0,1,8,0.0,1,8,0.0,1,8,0.0,1,8,0.0,1,8,-0.0,1,8,-9900,?,9,-9900,?,9,10.27,E,8,5.54,E,8,72.0,E,8,822.9788000000001,E,8,999.0,E,8,0.16,E,8,-9900,?,9,-9900,?,9,0.0,E,8,-9900,?,9,-9900,?,9,0.0,0.0,E,8
11/11/2020,01:00,0.0,1394.482,0.0,1,8,0.0,1,8,0.0,1,8,0.0,1,8,0.0,1,8,0.0,1,8,-0.0,1,8,-9900,?,9,-9900,?,9,9.91,E,8,5.86,E,8,75.0,E,8,822.9788000000001,E,8,999.0,E,8,0.16,E,8,-9900,?,9,-9900,?,9,0.0,E,8,-9900,?,9,-9900,?,9,0.0,0.0,E,8
11/11/2020,02:00,0.0,1394.482,0.0,1,8,0.0,1,8,0.0,1,8,0.0,1,8,0.0,1,8,0.0,1,8,-0.0,1,8,-9900,?,9,-9900,?,9,9.56,E,8,6.16,E,8,79.0,E,8,822.9788000000001,E,8,999.0,E,8,0.16,E,8,-9900,?,9,-9900,?,9,0.0,E,8,-9900,?,9,-9900,?,9,0.0,0.0,E,8
11/11/2020,03:00,0.0,1394.482,0.0,1,8,0.0,1,8,0.0,1,8,0.0,1,8,0.0,1,8,0.0,1,8,-0.0,1,8,-9900,?,9,-9900,?,9,9.2,E,8,6.46,E,8,82.0,E,8,822.9788000000001,E,8,999.0,E,8,0.16,E,8,-9900,?,9,-9900,?,9,0.0,E,8,-9900,?,9,-9900,?,9,0.0,0.0,E,8
11/11/2020,04:00,0.0,1395.149,0.0,1,8,0.0,1,8,0.0,1,8,0.0,1,8,0.0,1,8,0.0,1,8,-0.0,1,8,-9900,?,9,-9900,?,9,8.84,E,8,6.76,E,8,86.0,E,8,822.9788000000001,E,8,999.0,E,8,0.16,E,8,-9900,?,9,-9900,?,9,0.0,E,8,-9900,?,9,-9900,?,9,0.0,0.0,E,8
11/11/2020,05:00,0.0,1395.149,0.0,1,8,0.0,1,8,0.0,1,8,0.0,1,8,0.0,1,8,0.0,1,8,-0.0,1,8,-9900,?,9,-9900,?,9,8.52,E,8,7.02,E,8,90.0,E,8,822.9788000000001,E,8,999.0,E,8,0.16,E,8,-9900,?,9,-9900,?,9,0.0,E,8,-9900,?,9,-9900,?,9,0.0,0.0,E,8
11/11/2020,06:00,140.503,1395.149,0.0,1,8,0.0,1,8,0.0,1,8,0.0,1,8,0.0,1,8,0.0,1,8,0.0,1,8,-9900,?,9,-9900,?,9,8.29,E,8,7.2,E,8,92.0,E,8,822.9788000000001,E,8,999.0,E,8,0.16,E,8,-9900,?,9,-9900,?,9,0.0,E,8,-9900,?,9,-9900,?,9,0.0,0.0,E,8
11/11/2020,07:00,459.879,1395.149,85.88,1,8,0.0,1,8,85.88,1,8,10305.6,1,8,0.0,1,8,9446.8,1,8,83.129,1,8,-9900,?,9,-9900,?,9,8.05,E,8,7.39,E,8,95.0,E,8,822.9788000000001,E,8,999.0,E,8,0.16,E,8,-9900,?,9,-9900,?,9,0.0,E,8,-9900,?,9,-9900,?,9,0.0,0.0,E,8
11/11/2020,08:00,760.142,1395.149,236.57,1,8,21.71,1,8,224.75,1,8,28388.4,1,8,2062.435,1,8,24722.465,1,8,131.394,1,8,-9900,?,9,-9900,?,9,11.32,E,8,4.58,E,8,63.0,E,8,822.9788000000001,E,8,999.0,E,8,0.16,E,8,-9900,?,9,-9900,?,9,0.0,E,8,-9900,?,9,-9900,?,9,0.0,0.0,E,8
11/11/2020,09:00,1019.207,1395.149,378.94,1,8,18.489,1,8,365.437,1,8,45472.8,1,8,1756.462,1,8,40198.018,1,8,159.269,1,8,-9900,?,9,-9900,?,9,12.8,E,8,3.12,E,8,51.0,E,8,822.9788000000001,E,8,999.0,E,8,0.34,E,8,-9900,?,9,-9900,?,9,0.0,E,8,-9900,?,9,-9900,?,9,0.0,0.0,E,8
11/11/2020,10:00,1219.231,1395.149,497.18,1,8,58.396,1,8,446.152,1,8,59661.6,1,8,5547.654,1,8,49076.677,1,8,162.52,1,8,-9900,?,9,-9900,?,9,14.14,E,8,1.68,E,8,42.0,E,8,822.9788000000001,E,8,999.0,E,8,0.5,E,8,-9900,?,9,-9900,?,9,0.0,E,8,-9900,?,9,-9900,?,9,0.0,0.0,E,8
11/11/2020,11:00,1346.542,1395.149,581.86,1,8,4.301,1,8,577.709,1,8,69823.2,1,8,408.592,1,8,63547.987,1,8,190.533,1,8,-9900,?,9,-9900,?,9,15.28,E,8,0.33,E,8,36.0,E,8,822.9788000000001,E,8,999.0,E,8,0.84,E,8,-9900,?,9,-9900,?,9,0.0,E,8,-9900,?,9,-9900,?,9,0.0,0.0,E,8
11/11/2020,12:00,1392.458,1395.149,626.75,1,8,4.905,1,8,621.854,1,8,75210.0,1,8,465.978,1,8,68403.988,1,8,198.325,1,8,-9900,?,9,-9900,?,9,16.2,E,8,-0.75,E,8,31.0,E,8,822.9788000000001,E,8,999.0,E,8,1.42,E,8,-9900,?,9,-9900,?,9,0.0,E,8,-9900,?,9,-9900,?,9,0.0,0.0,E,8
11/11/2020,13:00,1353.862,1395.149,628.65,1,8,5.718,1,8,623.101,1,8,75438.0,1,8,543.223,1,8,68541.129,1,8,204.391,1,8,-9900,?,9,-9900,?,9,16.86,E,8,-1.56,E,8,27.0,E,8,822.9788000000001,E,8,999.0,E,8,1.57,E,8,-9900,?,9,-9900,?,9,0.0,E,8,-9900,?,9,-9900,?,9,0.0,0.0,E,8
11/11/2020,14:00,1233.406,1395.149,587.42,1,8,107.616,1,8,492.288,1,8,70490.4,1,8,10223.514,1,8,54151.681,1,8,177.264,1,8,-9900,?,9,-9900,?,9,17.25,E,8,-2.06,E,8,26.0,E,8,822.9788000000001,E,8,999.0,E,8,2.22,E,8,-9900,?,9,-9900,?,9,0.0,E,8,-9900,?,9,-9900,?,9,0.0,0.0,E,8
11/11/2020,15:00,1039.335,1395.149,506.03,1,8,93.473,1,8,436.413,1,8,60723.6,1,8,8879.925,1,8,48005.379,1,8,186.515,1,8,-9900,?,9,-9900,?,9,17.37,E,8,-2.22,E,8,25.0,E,8,822.9788000000001,E,8,999.0,E,8,1.78,E,8,-9900,?,9,-9900,?,9,0.0,E,8,-9900,?,9,-9900,?,9,0.0,0.0,E,8
11/11/2020,16:00,784.939,1395.149,390.46,1,8,103.193,1,8,332.438,1,8,46855.2,1,8,9803.333,1,8,36568.212,1,8,188.201,1,8,-9900,?,9,-9900,?,9,17.13,E,8,-1.9,E,8,26.0,E,8,822.9788000000001,E,8,999.0,E,8,1.59,E,8,-9900,?,9,-9900,?,9,0.0,E,8,-9900,?,9,-9900,?,9,0.0,0.0,E,8
11/11/2020,17:00,487.745,1395.149,249.83,1,8,253.747,1,8,161.305,1,8,29979.6,1,8,24105.956,1,8,17743.525,1,8,147.174,1,8,-9900,?,9,-9900,?,9,16.5,E,8,-1.11,E,8,29.0,E,8,822.9788000000001,E,8,999.0,E,8,1.07,E,8,-9900,?,9,-9900,?,9,0.0,E,8,-9900,?,9,-9900,?,9,0.0,0.0,E,8
11/11/2020,18:00,169.272,1395.149,98.91,1,8,360.826,1,8,55.914,1,8,11869.2,1,8,34278.456,1,8,6150.515,1,8,149.361,1,8,-9900,?,9,-9900,?,9,15.54,E,8,0.0,E,8,34.0,E,8,822.9788000000001,E,8,999.0,E,8,0.6,E,8,-9900,?,9,-9900,?,9,0.0,E,8,-9900,?,9,-9900,?,9,0.0,0.0,E,8
11/11/2020,19:00,0.0,1395.149,0.12,1,8,0.0,1,8,0.0,1,8,14.4,1,8,0.0,1,8,0.0,1,8,-0.0,1,8,-9900,?,9,-9900,?,9,14.92,E,8,0.77,E,8,38.0,E,8,822.9788000000001,E,8,999.0,E,8,0.16,E,8,-9900,?,9,-9900,?,9,0.0,E,8,-9900,?,9,-9900,?,9,0.0,0.0,E,8
11/11/2020,20:00,0.0,1395.149,0.0,1,8,0.0,1,8,0.0,1,8,0.0,1,8,0.0,1,8,0.0,1,8,-0.0,1,8,-9900,?,9,-9900,?,9,14.29,E,8,1.5,E,8,41.0,E,8,822.9788000000001,E,8,999.0,E,8,0.16,E,8,-9900,?,9,-9900,?,9,0.0,E,8,-9900,?,9,-9900,?,9,0.0,0.0,E,8
11/11/2020,21:00,0.0,1395.149,0.0,1,8,0.0,1,8,0.0,1,8,0.0,1,8,0.0,1,8,0.0,1,8,-0.0,1,8,-9900,?,9,-9900,?,9,13.67,E,8,2.2,E,8,45.0,E,8,822.9788000000001,E,8,999.0,E,8,0.16,E,8,-9900,?,9,-9900,?,9,0.0,E,8,-9900,?,9,-9900,?,9,0.0,0.0,E,8
11/11/2020,22:00,0.0,1395.149,0.0,1,8,0.0,1,8,0.0,1,8,0.0,1,8,0.0,1,8,0.0,1,8,-0.0,1,8,-9900,?,9,-9900,?,9,13.04,E,8,2.87,E,8,50.0,E,8,822.9788000000001,E,8,999.0,E,8,0.16,E,8,-9900,?,9,-9900,?,9,0.0,E,8,-9900,?,9,-9900,?,9,0.0,0.0,E,8
11/11/2020,23:00,0.0,1395.149,0.0,1,8,0.0,1,8,0.0,1,8,0.0,1,8,0.0,1,8,0.0,1,8,-0.0,1,8,-9900,?,9,-9900,?,9,12.42,E,8,3.51,E,8,54.0,E,8,822.9788000000001,E,8,999.0,E,8,0.16,E,8,-9900,?,9,-9900,?,9,0.0,E,8,-9900,?,9,-9900,?,9,0.0,0.0,E,8
11/11/2020,24:00,0.0,1395.149,0.0,1,8,0.0,1,8,0.0,1,8,0.0,1,8,0.0,1,8,0.0,1,8,-0.0,1,8,-9900,?,9,-9900,?,9,11.8,E,8,8.3,E,8,79.0,E,8,822.9788000000001,E,8,999.0,E,8,0.58,E,8,-9900,?,9,-9900,?,9,0.0,E,8,-9900,?,9,-9900,?,9,0.0,0.0,E,8
11/12/2020,01:00,0.0,1395.149,0.0,1,8,0.0,1,8,0.0,1,8,0.0,1,8,0.0,1,8,0.0,1,8,-0.0,1,8,-9900,?,9,-9900,?,9,11.49,E,8,8.47,E,8,81.0,E,8,822.9788000000001,E,8,999.0,E,8,0.6,E,8,-9900,?,9,-9900,?,9,0.0,E,8,-9900,?,9,-9900,?,9,0.0,0.0,E,8
11/12/2020,02:00,0.0,1395.149,0.0,1,8,0.0,1,8,0.0,1,8,0.0,1,8,0.0,1,8,0.0,1,8,-0.0,1,8,-9900,?,9,-9900,?,9,11.17,E,8,8.63,E,8,84.0,E,8,822.9788000000001,E,8,999.0,E,8,0.58,E,8,-9900,?,9,-9900,?,9,0.0,E,8,-9900,?,9,-9900,?,9,0.0,0.0,E,8
11/12/2020,03:00,0.0,1395.149,0.0,1,8,0.0,1,8,0.0,1,8,0.0,1,8,0.0,1,8,0.0,1,8,-0.0,1,8,-9900,?,9,-9900,?,9,10.86,E,8,8.79,E,8,87.0,E,8,822.9788000000001,E,8,999.0,E,8,0.58,E,8,-9900,?,9,-9900,?,9,0.0,E,8,-9900,?,9,-9900,?,9,0.0,0.0,E,8
11/12/2020,04:00,0.0,1395.807,0.0,1,8,0.0,1,8,0.0,1,8,0.0,1,8,0.0,1,8,0.0,1,8,-0.0,1,8,-9900,?,9,-9900,?,9,10.55,E,8,8.95,E,8,89.0,E,8,822.9788000000001,E,8,999.0,E,8,0.58,E,8,-9900,?,9,-9900,?,9,0.0,E,8,-9900,?,9,-9900,?,9,0.0,0.0,E,8
11/12/2020,05:00,0.0,1395.807,0.0,1,8,0.0,1,8,0.0,1,8,0.0,1,8,0.0,1,8,0.0,1,8,-0.0,1,8,-9900,?,9,-9900,?,9,10.27,E,8,9.09,E,8,92.0,E,8,822.9788000000001,E,8,999.0,E,8,0.58,E,8,-9900,?,9,-9900,?,9,0.0,E,8,-9900,?,9,-9900,?,9,0.0,0.0,E,8
11/12/2020,06:00,142.164,1395.807,0.0,1,8,0.0,1,8,0.0,1,8,0.0,1,8,0.0,1,8,0.0,1,8,0.0,1,8,-9900,?,9,-9900,?,9,10.07,E,8,9.19,E,8,94.0,E,8,822.9788000000001,E,8,999.0,E,8,0.58,E,8,-9900,?,9,-9900,?,9,0.0,E,8,-9900,?,9,-9900,?,9,0.0,0.0,E,8
11/12/2020,07:00,461.251,1395.807,64.61,1,8,0.0,1,8,64.61,1,8,7753.2,1,8,0.0,1,8,7107.1,1,8,62.383,1,8,-9900,?,9,-9900,?,9,9.86,E,8,9.3,E,8,96.0,E,8,822.9788000000001,E,8,999.0,E,8,0.58,E,8,-9900,?,9,-9900,?,9,0.0,E,8,-9900,?,9,-9900,?,9,0.0,0.0,E,8
11/12/2020,08:00,761.264,1395.807,177.2,1,8,1.644,1,8,176.304,1,8,21264.0,1,8,156.225,1,8,19393.411,1,8,102.968,1,8,-9900,?,9,-9900,?,9,12.03,E,8,8.18,E,8,77.0,E,8,822.9788000000001,E,8,999.0,E,8,0.58,E,8,-9900,?,9,-9900,?,9,0.0,E,8,-9900,?,9,-9900,?,9,0.0,0.0,E,8
11/12/2020,09:00,1020.162,1395.807,283.57,1,8,5.457,1,8,279.583,1,8,34028.4,1,8,518.407,1,8,30754.096,1,8,121.795,1,8,-9900,?,9,-9900,?,9,13.0,E,8,7.66,E,8,69.0,E,8,822.9788000000001,E,8,999.0,E,8,0.58,E,8,-9900,?,9,-9900,?,9,0.0,E,8,-9900,?,9,-9900,?,9,0.0,0.0,E,8
11/12/2020,10:00,1220.114,1395.807,371.94,1,8,5.736,1,8,366.926,1,8,44632.8,1,8,544.925,1,8,40361.905,1,8,133.627,1,8,-9900,?,9,-9900,?,9,13.88,E,8,7.16,E,8,63.0,E,8,822.9788000000001,E,8,999.0,E,8,0.58,E,8,-9900,?,9,-9900,?,9,0.0,E,8,-9900,?,9,-9900,?,9,0.0,0.0,E,8
11/12/2020,11:00,1347.452,1395.807,435.24,1,8,9.817,1,8,425.764,1,8,52228.8,1,8,932.587,1,8,46833.994,1,8,140.391,1,8,-9900,?,9,-9900,?,9,14.64,E,8,6.73,E,8,59.0,E,8,822.9788000000001,E,8,999.0,E,8,0.58,E,8,-9900,?,9,-9900,?,9,0.0,E,8,-9900,?,9,-9900,?,9,0.0,0.0,E,8
11/12/2020,12:00,1393.495,1395.807,468.85,1,8,10.685,1,8,458.183,1,8,56262.0,1,8,1015.048,1,8,50400.129,1,8,146.086,1,8,-9900,?,9,-9900,?,9,15.24,E,8,6.37,E,8,55.0,E,8,822.9788000000001,E,8,999.0,E,8,0.58,E,8,-9900,?,9,-9900,?,9,0.0,E,8,-9900,?,9,-9900,?,9,0.0,0.0,E,8
11/12/2020,13:00,1355.115,1395.807,560.21,1,8,5.631,1,8,554.743,1,8,67225.2,1,8,534.967,1,8,61021.734,1,8,181.886,1,8,-9900,?,9,-9900,?,9,15.9,E,8,5.98,E,8,51.0,E,8,822.9788000000001,E,8,999.0,E,8,0.58,E,8,-9900,?,9,-9900,?,9,0.0,E,8,-9900,?,9,-9900,?,9,0.0,0.0,E,8
11/12/2020,14:00,1234.95,1395.807,495.37,1,8,23.668,1,8,474.431,1,8,59444.4,1,8,2248.456,1,8,52187.445,1,8,170.701,1,8,-9900,?,9,-9900,?,9,16.26,E,8,5.76,E,8,49.0,E,8,822.9788000000001,E,8,999.0,E,8,0.83,E,8,-9900,?,9,-9900,?,9,0.0,E,8,-9900,?,9,-9900,?,9,0.0,0.0,E,8
11/12/2020,15:00,1041.224,1395.807,510.51,1,8,174.935,1,8,380.045,1,8,61261.2,1,8,16618.816,1,8,41804.971,1,8,162.207,1,8,-9900,?,9,-9900,?,9,16.56,E,8,5.57,E,8,48.0,E,8,822.9788000000001,E,8,999.0,E,8,0.58,E,8,-9900,?,9,-9900,?,9,0.0,E,8,-9900,?,9,-9900,?,9,0.0,0.0,E,8
11/12/2020,16:00,787.203,1395.807,189.77,1,8,7.384,1,8,185.608,1,8,22772.4,1,8,701.492,1,8,20416.895,1,8,104.823,1,8,-9900,?,9,-9900,?,9,16.0,E,8,5.92,E,8,51.0,E,8,822.9788000000001,E,8,999.0,E,8,0.58,E,8,-9900,?,9,-9900,?,9,0.0,E,8,-9900,?,9,-9900,?,9,0.0,0.0,E,8
11/12/2020,17:00,490.386,1395.807,106.05,1,8,0.0,1,8,106.05,1,8,12726.0,1,8,0.0,1,8,11665.5,1,8,96.282,1,8,-9900,?,9,-9900,?,9,15.31,E,8,6.33,E,8,54.0,E,8,822.9788000000001,E,8,999.0,E,8,0.58,E,8,-9900,?,9,-9900,?,9,0.0,E,8,-9900,?,9,-9900,?,9,0.0,0.0,E,8
11/12/2020,18:00,172.236,1395.807,74.81,1,8,240.134,1,8,45.692,1,8,8977.2,1,8,22812.73,1,8,5026.09,1,8,119.943,1,8,-9900,?,9,-9900,?,9,14.66,E,8,6.72,E,8,58.0,E,8,822.9788000000001,E,8,999.0,E,8,0.58,E,8,-9900,?,9,-9900,?,9,0.0,E,8,-9900,?,9,-9900,?,9,0.0,0.0,E,8
11/12/2020,19:00,0.0,1395.807,0.13,1,8,0.0,1,8,0.0,1,8,15.6,1,8,0.0,1,8,0.0,1,8,-0.0,1,8,-9900,?,9,-9900,?,9,14.15,E,8,7.01,E,8,62.0,E,8,822.9788000000001,E,8,999.0,E,8,0.58,E,8,-9900,?,9,-9900,?,9,0.0,E,8,-9900,?,9,-9900,?,9,0.0,0.0,E,8
11/12/2020,20:00,0.0,1395.807,0.0,1,8,0.0,1,8,0.0,1,8,0.0,1,8,0.0,1,8,0.0,1,8,-0.0,1,8,-9900,?,9,-9900,?,9,13.64,E,8,7.3,E,8,65.0,E,8,822.9788000000001,E,8,999.0,E,8,0.58,E,8,-9900,?,9,-9900,?,9,0.0,E,8,-9900,?,9,-9900,?,9,0.0,0.0,E,8
11/12/2020,21:00,0.0,1395.807,0.0,1,8,0.0,1,8,0.0,1,8,0.0,1,8,0.0,1,8,0.0,1,8,-0.0,1,8,-9900,?,9,-9900,?,9,13.13,E,8,7.58,E,8,69.0,E,8,822.9788000000001,E,8,999.0,E,8,0.58,E,8,-9900,?,9,-9900,?,9,0.0,E,8,-9900,?,9,-9900,?,9,0.0,0.0,E,8
11/12/2020,22:00,0.0,1395.807,0.0,1,8,0.0,1,8,0.0,1,8,0.0,1,8,0.0,1,8,0.0,1,8,-0.0,1,8,-9900,?,9,-9900,?,9,12.63,E,8,7.86,E,8,72.0,E,8,822.9788000000001,E,8,999.0,E,8,0.58,E,8,-9900,?,9,-9900,?,9,0.0,E,8,-9900,?,9,-9900,?,9,0.0,0.0,E,8
11/12/2020,23:00,0.0,1395.807,0.0,1,8,0.0,1,8,0.0,1,8,0.0,1,8,0.0,1,8,0.0,1,8,-0.0,1,8,-9900,?,9,-9900,?,9,12.12,E,8,8.13,E,8,76.0,E,8,822.9788000000001,E,8,999.0,E,8,0.58,E,8,-9900,?,9,-9900,?,9,0.0,E,8,-9900,?,9,-9900,?,9,0.0,0.0,E,8
11/12/2020,24:00,0.0,1395.807,0.0,1,8,0.0,1,8,0.0,1,8,0.0,1,8,0.0,1,8,0.0,1,8,-0.0,1,8,-9900,?,9,-9900,?,9,11.61,E,8,9.76,E,8,87.0,E,8,822.9788000000001,E,8,999.0,E,8,0.37,E,8,-9900,?,9,-9900,?,9,0.0,E,8,-9900,?,9,-9900,?,9,0.0,0.0,E,8
11/13/2020,01:00,0.0,1395.807,0.0,1,8,0.0,1,8,0.0,1,8,0.0,1,8,0.0,1,8,0.0,1,8,-0.0,1,8,-9900,?,9,-9900,?,9,11.35,E,8,9.73,E,8,88.0,E,8,822.9788000000001,E,8,999.0,E,8,0.37,E,8,-9900,?,9,-9900,?,9,0.0,E,8,-9900,?,9,-9900,?,9,0.0,0.0,E,8
11/13/2020,02:00,0.0,1395.807,0.0,1,8,0.0,1,8,0.0,1,8,0.0,1,8,0.0,1,8,0.0,1,8,-0.0,1,8,-9900,?,9,-9900,?,9,11.1,E,8,9.7,E,8,89.0,E,8,822.9788000000001,E,8,999.0,E,8,0.37,E,8,-9900,?,9,-9900,?,9,0.0,E,8,-9900,?,9,-9900,?,9,0.0,0.0,E,8
11/13/2020,03:00,0.0,1395.807,0.0,1,8,0.0,1,8,0.0,1,8,0.0,1,8,0.0,1,8,0.0,1,8,-0.0,1,8,-9900,?,9,-9900,?,9,10.85,E,8,9.67,E,8,90.0,E,8,822.9788000000001,E,8,999.0,E,8,0.37,E,8,-9900,?,9,-9900,?,9,0.0,E,8,-9900,?,9,-9900,?,9,0.0,0.0,E,8
11/13/2020,04:00,0.0,1396.457,0.0,1,8,0.0,1,8,0.0,1,8,0.0,1,8,0.0,1,8,0.0,1,8,-0.0,1,8,-9900,?,9,-9900,?,9,10.59,E,8,9.64,E,8,96.0,E,8,822.9788000000001,E,8,999.0,E,8,0.37,E,8,-9900,?,9,-9900,?,9,0.015,E,8,-9900,?,9,-9900,?,9,0.15,99.0,E,8
11/13/2020,05:00,0.0,1396.457,0.0,1,8,0.0,1,8,0.0,1,8,0.0,1,8,0.0,1,8,0.0,1,8,-0.0,1,8,-9900,?,9,-9900,?,9,10.37,E,8,9.61,E,8,93.0,E,8,822.9788000000001,E,8,999.0,E,8,0.37,E,8,-9900,?,9,-9900,?,9,0.0,E,8,-9900,?,9,-9900,?,9,0.0,0.0,E,8
11/13/2020,06:00,143.706,1396.457,0.0,1,8,0.0,1,8,0.0,1,8,0.0,1,8,0.0,1,8,0.0,1,8,0.0,1,8,-9900,?,9,-9900,?,9,10.2,E,8,9.59,E,8,94.0,E,8,822.9788000000001,E,8,999.0,E,8,0.37,E,8,-9900,?,9,-9900,?,9,0.0,E,8,-9900,?,9,-9900,?,9,0.0,0.0,E,8
11/13/2020,07:00,462.504,1396.457,56.01,1,8,0.0,1,8,56.01,1,8,6721.2,1,8,0.0,1,8,6161.1,1,8,53.957,1,8,-9900,?,9,-9900,?,9,10.03,E,8,9.57,E,8,95.0,E,8,822.9788000000001,E,8,999.0,E,8,0.37,E,8,-9900,?,9,-9900,?,9,0.0,E,8,-9900,?,9,-9900,?,9,0.0,0.0,E,8
11/13/2020,08:00,762.274,1396.457,153.0,1,8,8.593,1,8,148.313,1,8,18360.0,1,8,816.291,1,8,16314.418,1,8,86.546,1,8,-9900,?,9,-9900,?,9,12.21,E,8,9.83,E,8,84.0,E,8,822.9788000000001,E,8,999.0,E,8,0.45,E,8,-9900,?,9,-9900,?,9,0.0,E,8,-9900,?,9,-9900,?,9,0.0,0.0,E,8
11/13/2020,09:00,1021.017,1396.457,244.64,1,8,3.983,1,8,241.729,1,8,29356.8,1,8,378.354,1,8,26590.17,1,8,105.265,1,8,-9900,?,9,-9900,?,9,13.19,E,8,9.94,E,8,84.0,E,8,822.9788000000001,E,8,999.0,E,8,0.63,E,8,-9900,?,9,-9900,?,9,0.001,E,8,-9900,?,9,-9900,?,9,0.01,99.0,E,8
11/13/2020,10:00,1220.912,1396.457,320.79,1,8,4.416,1,8,316.93,1,8,38494.8,1,8,419.48,1,8,34862.282,1,8,115.397,1,8,-9900,?,9,-9900,?,9,14.07,E,8,10.05,E,8,80.0,E,8,822.9788000000001,E,8,999.0,E,8,0.37,E,8,-9900,?,9,-9900,?,9,0.002,E,8,-9900,?,9,-9900,?,9,0.02,99.0,E,8
11/13/2020,11:00,1348.296,1396.457,375.37,1,8,7.575,1,8,368.056,1,8,45044.4,1,8,719.652,1,8,40486.174,1,8,121.343,1,8,-9900,?,9,-9900,?,9,14.83,E,8,10.13,E,8,77.0,E,8,822.9788000000001,E,8,999.0,E,8,0.37,E,8,-9900,?,9,-9900,?,9,0.005,E,8,-9900,?,9,-9900,?,9,0.05,99.0,E,8
11/13/2020,12:00,1394.485,1396.457,404.37,1,8,8.033,1,8,396.348,1,8,48524.4,1,8,763.154,1,8,43598.296,1,8,126.34,1,8,-9900,?,9,-9900,?,9,15.44,E,8,10.2,E,8,75.0,E,8,822.9788000000001,E,8,999.0,E,8,0.37,E,8,-9900,?,9,-9900,?,9,0.009,E,8,-9900,?,9,-9900,?,9,0.09,99.0,E,8
11/13/2020,13:00,1356.341,1396.457,405.72,1,8,8.416,1,8,397.546,1,8,48686.4,1,8,799.498,1,8,43730.075,1,8,130.288,1,8,-9900,?,9,-9900,?,9,15.88,E,8,10.25,E,8,73.0,E,8,822.9788000000001,E,8,999.0,E,8,0.37,E,8,-9900,?,9,-9900,?,9,0.03,E,8,-9900,?,9,-9900,?,9,0.3,99.0,E,8
11/13/2020,14:00,1236.486,1396.457,379.31,1,8,7.928,1,8,372.29,1,8,45517.2,1,8,753.192,1,8,40951.951,1,8,133.846,1,8,-9900,?,9,-9900,?,9,16.13,E,8,10.28,E,8,82.0,E,8,822.9788000000001,E,8,999.0,E,8,0.37,E,8,-9900,?,9,-9900,?,9,0.534,E,8,-9900,?,9,-9900,?,9,5.34,99.0,E,8
11/13/2020,15:00,1043.12,1396.457,327.06,1,8,7.654,1,8,321.344,1,8,39247.2,1,8,727.088,1,8,35347.874,1,8,136.967,1,8,-9900,?,9,-9900,?,9,16.21,E,8,10.29,E,8,67.0,E,8,822.9788000000001,E,8,999.0,E,8,0.51,E,8,-9900,?,9,-9900,?,9,0.0,E,8,-9900,?,9,-9900,?,9,0.0,0.0,E,8
11/13/2020,16:00,789.488,1396.457,252.8,1,8,12.59,1,8,245.687,1,8,30336.0,1,8,1196.014,1,8,27025.558,1,8,138.416,1,8,-9900,?,9,-9900,?,9,16.06,E,8,10.28,E,8,68.0,E,8,822.9788000000001,E,8,999.0,E,8,0.51,E,8,-9900,?,9,-9900,?,9,0.0,E,8,-9900,?,9,-9900,?,9,0.0,0.0,E,8
11/13/2020,17:00,493.056,1396.457,162.38,1,8,35.58,1,8,149.843,1,8,19485.6,1,8,3380.143,1,8,16482.727,1,8,135.364,1,8,-9900,?,9,-9900,?,9,15.64,E,8,10.23,E,8,70.0,E,8,822.9788000000001,E,8,999.0,E,8,0.46,E,8,-9900,?,9,-9900,?,9,0.0,E,8,-9900,?,9,-9900,?,9,0.0,0.0,E,8
11/13/2020,18:00,175.23,1396.457,65.23,1,8,126.709,1,8,49.597,1,8,7827.6,1,8,12037.39,1,8,5455.665,1,8,127.959,1,8,-9900,?,9,-9900,?,9,15.01,E,8,10.15,E,8,72.0,E,8,822.9788000000001,E,8,999.0,E,8,0.37,E,8,-9900,?,9,-9900,?,9,0.0,E,8,-9900,?,9,-9900,?,9,0.0,0.0,E,8
11/13/2020,19:00,0.0,1396.457,0.15,1,8,0.0,1,8,0.0,1,8,18.0,1,8,0.0,1,8,0.0,1,8,-0.0,1,8,-9900,?,9,-9900,?,9,14.56,E,8,10.1,E,8,74.0,E,8,822.9788000000001,E,8,999.0,E,8,0.95,E,8,-9900,?,9,-9900,?,9,0.0,E,8,-9900,?,9,-9900,?,9,0.0,0.0,E,8
11/13/2020,20:00,0.0,1396.457,0.0,1,8,0.0,1,8,0.0,1,8,0.0,1,8,0.0,1,8,0.0,1,8,-0.0,1,8,-9900,?,9,-9900,?,9,14.11,E,8,10.05,E,8,75.0,E,8,822.9788000000001,E,8,999.0,E,8,0.91,E,8,-9900,?,9,-9900,?,9,0.0,E,8,-9900,?,9,-9900,?,9,0.0,0.0,E,8
11/13/2020,21:00,0.0,1396.457,0.0,1,8,0.0,1,8,0.0,1,8,0.0,1,8,0.0,1,8,0.0,1,8,-0.0,1,8,-9900,?,9,-9900,?,9,13.66,E,8,10.0,E,8,77.0,E,8,822.9788000000001,E,8,999.0,E,8,1.25,E,8,-9900,?,9,-9900,?,9,0.0,E,8,-9900,?,9,-9900,?,9,0.0,0.0,E,8
11/13/2020,22:00,0.0,1396.457,0.0,1,8,0.0,1,8,0.0,1,8,0.0,1,8,0.0,1,8,0.0,1,8,-0.0,1,8,-9900,?,9,-9900,?,9,13.2,E,8,9.94,E,8,79.0,E,8,822.9788000000001,E,8,999.0,E,8,1.49,E,8,-9900,?,9,-9900,?,9,0.0,E,8,-9900,?,9,-9900,?,9,0.0,0.0,E,8
11/13/2020,23:00,0.0,1396.457,0.0,1,8,0.0,1,8,0.0,1,8,0.0,1,8,0.0,1,8,0.0,1,8,-0.0,1,8,-9900,?,9,-9900,?,9,12.75,E,8,9.89,E,8,86.0,E,8,822.9788000000001,E,8,999.0,E,8,1.87,E,8,-9900,?,9,-9900,?,9,0.003,E,8,-9900,?,9,-9900,?,9,0.03,99.0,E,8
11/13/2020,24:00,0.0,1396.457,0.0,1,8,0.0,1,8,0.0,1,8,0.0,1,8,0.0,1,8,0.0,1,8,-0.0,1,8,-9900,?,9,-9900,?,9,12.3,E,8,11.31,E,8,93.0,E,8,822.9788000000001,E,8,999.0,E,8,1.82,E,8,-9900,?,9,-9900,?,9,0.0,E,8,-9900,?,9,-9900,?,9,0.0,0.0,E,8
11/14/2020,01:00,0.0,1396.457,0.0,1,8,0.0,1,8,0.0,1,8,0.0,1,8,0.0,1,8,0.0,1,8,-0.0,1,8,-9900,?,9,-9900,?,9,12.07,E,8,11.25,E,8,94.0,E,8,822.9788000000001,E,8,999.0,E,8,2.55,E,8,-9900,?,9,-9900,?,9,0.0,E,8,-9900,?,9,-9900,?,9,0.0,0.0,E,8
11/14/2020,02:00,0.0,1396.457,0.0,1,8,0.0,1,8,0.0,1,8,0.0,1,8,0.0,1,8,0.0,1,8,-0.0,1,8,-9900,?,9,-9900,?,9,11.85,E,8,11.18,E,8,95.0,E,8,822.9788000000001,E,8,999.0,E,8,3.0,E,8,-9900,?,9,-9900,?,9,0.0,E,8,-9900,?,9,-9900,?,9,0.0,0.0,E,8
11/14/2020,03:00,0.0,1396.457,0.0,1,8,0.0,1,8,0.0,1,8,0.0,1,8,0.0,1,8,0.0,1,8,-0.0,1,8,-9900,?,9,-9900,?,9,11.62,E,8,11.11,E,8,96.0,E,8,822.9788000000001,E,8,999.0,E,8,2.33,E,8,-9900,?,9,-9900,?,9,0.0,E,8,-9900,?,9,-9900,?,9,0.0,0.0,E,8
11/14/2020,04:00,0.0,1397.098,0.0,1,8,0.0,1,8,0.0,1,8,0.0,1,8,0.0,1,8,0.0,1,8,-0.0,1,8,-9900,?,9,-9900,?,9,11.4,E,8,11.04,E,8,97.0,E,8,822.9788000000001,E,8,999.0,E,8,2.17,E,8,-9900,?,9,-9900,?,9,0.0,E,8,-9900,?,9,-9900,?,9,0.0,0.0,E,8
11/14/2020,05:00,0.0,1397.098,0.0,1,8,0.0,1,8,0.0,1,8,0.0,1,8,0.0,1,8,0.0,1,8,-0.0,1,8,-9900,?,9,-9900,?,9,11.2,E,8,10.98,E,8,98.0,E,8,822.9788000000001,E,8,999.0,E,8,2.39,E,8,-9900,?,9,-9900,?,9,0.0,E,8,-9900,?,9,-9900,?,9,0.0,0.0,E,8
11/14/2020,06:00,145.129,1397.098,0.0,1,8,0.0,1,8,0.0,1,8,0.0,1,8,0.0,1,8,0.0,1,8,0.0,1,8,-9900,?,9,-9900,?,9,11.05,E,8,10.94,E,8,99.0,E,8,822.9788000000001,E,8,999.0,E,8,2.28,E,8,-9900,?,9,-9900,?,9,0.0,E,8,-9900,?,9,-9900,?,9,0.0,0.0,E,8
11/14/2020,07:00,463.638,1397.098,54.34,1,8,0.0,1,8,54.34,1,8,6520.8,1,8,0.0,1,8,5977.4,1,8,52.244,1,8,-9900,?,9,-9900,?,9,10.9,E,8,10.89,E,8,99.0,E,8,822.9788000000001,E,8,999.0,E,8,2.5,E,8,-9900,?,9,-9900,?,9,0.0,E,8,-9900,?,9,-9900,?,9,0.0,0.0,E,8
11/14/2020,08:00,763.173,1397.098,147.91,1,8,5.782,1,8,144.753,1,8,17749.2,1,8,549.337,1,8,15922.88,1,8,84.408,1,8,-9900,?,9,-9900,?,9,12.78,E,8,11.45,E,8,91.0,E,8,822.9788000000001,E,8,999.0,E,8,2.84,E,8,-9900,?,9,-9900,?,9,0.0,E,8,-9900,?,9,-9900,?,9,0.0,0.0,E,8
11/14/2020,09:00,1021.771,1397.098,246.2,1,8,6.22,1,8,241.652,1,8,29544.0,1,8,590.929,1,8,26581.712,1,8,105.202,1,8,-9900,?,9,-9900,?,9,13.68,E,8,11.72,E,8,87.0,E,8,822.9788000000001,E,8,999.0,E,8,2.42,E,8,-9900,?,9,-9900,?,9,0.0,E,8,-9900,?,9,-9900,?,9,0.0,0.0,E,8
11/14/2020,10:00,1221.625,1397.098,282.55,1,8,3.396,1,8,279.581,1,8,33906.0,1,8,322.578,1,8,30753.931,1,8,101.786,1,8,-9900,?,9,-9900,?,9,14.3,E,8,11.9,E,8,85.0,E,8,822.9788000000001,E,8,999.0,E,8,2.7,E,8,-9900,?,9,-9900,?,9,0.0,E,8,-9900,?,9,-9900,?,9,0.0,0.0,E,8
11/14/2020,11:00,1349.074,1397.098,266.88,1,8,4.259,1,8,262.768,1,8,32025.6,1,8,404.586,1,8,28904.445,1,8,86.621,1,8,-9900,?,9,-9900,?,9,14.62,E,8,11.99,E,8,84.0,E,8,822.9788000000001,E,8,999.0,E,8,1.99,E,8,-9900,?,9,-9900,?,9,0.0,E,8,-9900,?,9,-9900,?,9,0.0,0.0,E,8
11/14/2020,12:00,1395.429,1397.098,390.57,1,8,34.878,1,8,355.734,1,8,46868.4,1,8,3313.42,1,8,39130.696,1,8,113.369,1,8,-9900,?,9,-9900,?,9,15.21,E,8,12.15,E,8,81.0,E,8,822.9788000000001,E,8,999.0,E,8,2.07,E,8,-9900,?,9,-9900,?,9,0.0,E,8,-9900,?,9,-9900,?,9,0.0,0.0,E,8
11/14/2020,13:00,1357.541,1397.098,391.93,1,8,22.876,1,8,369.702,1,8,47031.6,1,8,2173.221,1,8,40667.23,1,8,121.111,1,8,-9900,?,9,-9900,?,9,15.64,E,8,12.27,E,8,80.0,E,8,822.9788000000001,E,8,999.0,E,8,1.1,E,8,-9900,?,9,-9900,?,9,0.0,E,8,-9900,?,9,-9900,?,9,0.0,0.0,E,8
11/14/2020,14:00,1238.013,1397.098,366.53,1,8,17.162,1,8,351.324,1,8,43983.6,1,8,1630.346,1,8,38645.623,1,8,126.21,1,8,-9900,?,9,-9900,?,9,15.9,E,8,12.35,E,8,79.0,E,8,822.9788000000001,E,8,999.0,E,8,0.79,E,8,-9900,?,9,-9900,?,9,0.0,E,8,-9900,?,9,-9900,?,9,0.0,0.0,E,8
11/14/2020,15:00,1045.025,1397.098,316.19,1,8,10.629,1,8,308.241,1,8,37942.8,1,8,1009.75,1,8,33906.556,1,8,131.202,1,8,-9900,?,9,-9900,?,9,16.0,E,8,12.37,E,8,79.0,E,8,822.9788000000001,E,8,999.0,E,8,0.65,E,8,-9900,?,9,-9900,?,9,0.0,E,8,-9900,?,9,-9900,?,9,0.0,0.0,E,8
11/14/2020,16:00,791.792,1397.098,244.62,1,8,14.893,1,8,236.185,1,8,29354.4,1,8,1414.817,1,8,25980.336,1,8,132.736,1,8,-9900,?,9,-9900,?,9,15.9,E,8,12.35,E,8,79.0,E,8,822.9788000000001,E,8,999.0,E,8,0.6,E,8,-9900,?,9,-9900,?,9,0.0,E,8,-9900,?,9,-9900,?,9,0.0,0.0,E,8
11/14/2020,17:00,495.753,1397.098,157.43,1,8,27.45,1,8,147.709,1,8,18891.6,1,8,2607.74,1,8,16248.009,1,8,132.769,1,8,-9900,?,9,-9900,?,9,15.58,E,8,12.26,E,8,80.0,E,8,822.9788000000001,E,8,999.0,E,8,0.6,E,8,-9900,?,9,-9900,?,9,0.0,E,8,-9900,?,9,-9900,?,9,0.0,0.0,E,8
11/14/2020,18:00,178.255,1397.098,63.7,1,8,143.414,1,8,45.699,1,8,7644.0,1,8,13624.338,1,8,5026.923,1,8,115.894,1,8,-9900,?,9,-9900,?,9,15.06,E,8,12.11,E,8,82.0,E,8,822.9788000000001,E,8,999.0,E,8,0.8,E,8,-9900,?,9,-9900,?,9,0.0,E,8,-9900,?,9,-9900,?,9,0.0,0.0,E,8
11/14/2020,19:00,0.0,1397.098,0.2,1,8,0.0,1,8,0.0,1,8,24.0,1,8,0.0,1,8,0.0,1,8,-0.0,1,8,-9900,?,9,-9900,?,9,14.45,E,8,11.94,E,8,84.0,E,8,822.9788000000001,E,8,999.0,E,8,0.6,E,8,-9900,?,9,-9900,?,9,0.0,E,8,-9900,?,9,-9900,?,9,0.0,0.0,E,8
11/14/2020,20:00,0.0,1397.098,0.0,1,8,0.0,1,8,0.0,1,8,0.0,1,8,0.0,1,8,0.0,1,8,-0.0,1,8,-9900,?,9,-9900,?,9,13.84,E,8,11.76,E,8,92.0,E,8,822.9788000000001,E,8,999.0,E,8,0.6,E,8,-9900,?,9,-9900,?,9,0.002,E,8,-9900,?,9,-9900,?,9,0.02,99.0,E,8
11/14/2020,21:00,0.0,1397.098,0.0,1,8,0.0,1,8,0.0,1,8,0.0,1,8,0.0,1,8,0.0,1,8,-0.0,1,8,-9900,?,9,-9900,?,9,13.23,E,8,11.59,E,8,89.0,E,8,822.9788000000001,E,8,999.0,E,8,0.8,E,8,-9900,?,9,-9900,?,9,0.0,E,8,-9900,?,9,-9900,?,9,0.0,0.0,E,8
11/14/2020,22:00,0.0,1397.098,0.0,1,8,0.0,1,8,0.0,1,8,0.0,1,8,0.0,1,8,0.0,1,8,-0.0,1,8,-9900,?,9,-9900,?,9,12.62,E,8,11.41,E,8,92.0,E,8,822.9788000000001,E,8,999.0,E,8,2.61,E,8,-9900,?,9,-9900,?,9,0.0,E,8,-9900,?,9,-9900,?,9,0.0,0.0,E,8
11/14/2020,23:00,0.0,1397.098,0.0,1,8,0.0,1,8,0.0,1,8,0.0,1,8,0.0,1,8,0.0,1,8,-0.0,1,8,-9900,?,9,-9900,?,9,12.01,E,8,11.23,E,8,99.0,E,8,822.9788000000001,E,8,999.0,E,8,2.58,E,8,-9900,?,9,-9900,?,9,0.098,E,8,-9900,?,9,-9900,?,9,0.98,99.0,E,8
11/14/2020,24:00,0.0,1397.098,0.0,1,8,0.0,1,8,0.0,1,8,0.0,1,8,0.0,1,8,0.0,1,8,-0.0,1,8,-9900,?,9,-9900,?,9,11.4,E,8,9.89,E,8,90.0,E,8,822.9788000000001,E,8,999.0,E,8,1.9,E,8,-9900,?,9,-9900,?,9,0.0,E,8,-9900,?,9,-9900,?,9,0.0,0.0,E,8
11/15/2020,01:00,0.0,1397.098,0.0,1,8,0.0,1,8,0.0,1,8,0.0,1,8,0.0,1,8,0.0,1,8,-0.0,1,8,-9900,?,9,-9900,?,9,11.09,E,8,9.75,E,8,91.0,E,8,822.9788000000001,E,8,999.0,E,8,1.83,E,8,-9900,?,9,-9900,?,9,0.0,E,8,-9900,?,9,-9900,?,9,0.0,0.0,E,8
11/15/2020,02:00,0.0,1397.098,0.0,1,8,0.0,1,8,0.0,1,8,0.0,1,8,0.0,1,8,0.0,1,8,-0.0,1,8,-9900,?,9,-9900,?,9,10.79,E,8,9.61,E,8,92.0,E,8,822.9788000000001,E,8,999.0,E,8,1.41,E,8,-9900,?,9,-9900,?,9,0.0,E,8,-9900,?,9,-9900,?,9,0.0,0.0,E,8
11/15/2020,03:00,0.0,1397.098,0.0,1,8,0.0,1,8,0.0,1,8,0.0,1,8,0.0,1,8,0.0,1,8,-0.0,1,8,-9900,?,9,-9900,?,9,10.48,E,8,9.47,E,8,93.0,E,8,822.9788000000001,E,8,999.0,E,8,1.19,E,8,-9900,?,9,-9900,?,9,0.0,E,8,-9900,?,9,-9900,?,9,0.0,0.0,E,8
11/15/2020,04:00,0.0,1397.731,0.0,1,8,0.0,1,8,0.0,1,8,0.0,1,8,0.0,1,8,0.0,1,8,-0.0,1,8,-9900,?,9,-9900,?,9,10.18,E,8,9.33,E,8,94.0,E,8,822.9788000000001,E,8,999.0,E,8,2.25,E,8,-9900,?,9,-9900,?,9,0.0,E,8,-9900,?,9,-9900,?,9,0.0,0.0,E,8
11/15/2020,05:00,0.0,1397.731,0.0,1,8,0.0,1,8,0.0,1,8,0.0,1,8,0.0,1,8,0.0,1,8,-0.0,1,8,-9900,?,9,-9900,?,9,9.91,E,8,9.2,E,8,95.0,E,8,822.9788000000001,E,8,999.0,E,8,1.74,E,8,-9900,?,9,-9900,?,9,0.0,E,8,-9900,?,9,-9900,?,9,0.0,0.0,E,8
11/15/2020,06:00,146.434,1397.731,0.0,1,8,0.0,1,8,0.0,1,8,0.0,1,8,0.0,1,8,0.0,1,8,0.0,1,8,-9900,?,9,-9900,?,9,9.71,E,8,9.11,E,8,96.0,E,8,822.9788000000001,E,8,999.0,E,8,1.89,E,8,-9900,?,9,-9900,?,9,0.0,E,8,-9900,?,9,-9900,?,9,0.0,0.0,E,8
11/15/2020,07:00,464.653,1397.731,87.58,1,8,0.0,1,8,87.58,1,8,10509.6,1,8,0.0,1,8,9633.8,1,8,84.055,1,8,-9900,?,9,-9900,?,9,9.51,E,8,9.01,E,8,96.0,E,8,822.9788000000001,E,8,999.0,E,8,2.19,E,8,-9900,?,9,-9900,?,9,0.0,E,8,-9900,?,9,-9900,?,9,0.0,0.0,E,8
11/15/2020,08:00,763.961,1397.731,170.29,1,8,5.483,1,8,167.295,1,8,20434.8,1,8,520.881,1,8,18402.475,1,8,97.496,1,8,-9900,?,9,-9900,?,9,12.26,E,8,10.28,E,8,87.0,E,8,822.9788000000001,E,8,999.0,E,8,3.1,E,8,-9900,?,9,-9900,?,9,0.0,E,8,-9900,?,9,-9900,?,9,0.0,0.0,E,8
11/15/2020,09:00,1022.428,1397.731,271.91,1,8,4.919,1,8,268.313,1,8,32629.2,1,8,467.297,1,8,29514.405,1,8,116.787,1,8,-9900,?,9,-9900,?,9,13.28,E,8,10.72,E,8,84.0,E,8,822.9788000000001,E,8,999.0,E,8,2.97,E,8,-9900,?,9,-9900,?,9,0.0,E,8,-9900,?,9,-9900,?,9,0.0,0.0,E,8
11/15/2020,10:00,1222.257,1397.731,356.41,1,8,12.528,1,8,345.456,1,8,42769.2,1,8,1190.136,1,8,38000.16,1,8,125.76,1,8,-9900,?,9,-9900,?,9,14.24,E,8,11.13,E,8,81.0,E,8,822.9788000000001,E,8,999.0,E,8,3.18,E,8,-9900,?,9,-9900,?,9,0.0,E,8,-9900,?,9,-9900,?,9,0.0,0.0,E,8
11/15/2020,11:00,1349.788,1397.731,417.03,1,8,25.676,1,8,392.236,1,8,50043.6,1,8,2439.18,1,8,43145.918,1,8,129.29,1,8,-9900,?,9,-9900,?,9,15.07,E,8,11.48,E,8,79.0,E,8,822.9788000000001,E,8,999.0,E,8,2.84,E,8,-9900,?,9,-9900,?,9,0.0,E,8,-9900,?,9,-9900,?,9,0.0,0.0,E,8
11/15/2020,12:00,1396.328,1397.731,449.33,1,8,27.689,1,8,421.669,1,8,53919.6,1,8,2630.448,1,8,46383.576,1,8,134.356,1,8,-9900,?,9,-9900,?,9,15.74,E,8,11.75,E,8,77.0,E,8,822.9788000000001,E,8,999.0,E,8,2.15,E,8,-9900,?,9,-9900,?,9,0.0,E,8,-9900,?,9,-9900,?,9,0.0,0.0,E,8
11/15/2020,13:00,1358.715,1397.731,450.99,1,8,30.06,1,8,421.769,1,8,54118.8,1,8,2855.737,1,8,46394.612,1,8,138.111,1,8,-9900,?,9,-9900,?,9,16.23,E,8,11.95,E,8,75.0,E,8,822.9788000000001,E,8,999.0,E,8,2.27,E,8,-9900,?,9,-9900,?,9,0.0,E,8,-9900,?,9,-9900,?,9,0.0,0.0,E,8
11/15/2020,14:00,1239.533,1397.731,421.89,1,8,24.316,1,8,400.328,1,8,50626.8,1,8,2309.984,1,8,44036.101,1,8,143.703,1,8,-9900,?,9,-9900,?,9,16.51,E,8,12.06,E,8,74.0,E,8,822.9788000000001,E,8,999.0,E,8,1.34,E,8,-9900,?,9,-9900,?,9,0.0,E,8,-9900,?,9,-9900,?,9,0.0,0.0,E,8
11/15/2020,15:00,1046.937,1397.731,364.13,1,8,16.74,1,8,351.594,1,8,43695.6,1,8,1590.261,1,8,38675.395,1,8,149.45,1,8,-9900,?,9,-9900,?,9,16.6,E,8,12.1,E,8,74.0,E,8,822.9788000000001,E,8,999.0,E,8,1.3,E,8,-9900,?,9,-9900,?,9,0.0,E,8,-9900,?,9,-9900,?,9,0.0,0.0,E,8
11/15/2020,16:00,794.115,1397.731,281.95,1,8,26.719,1,8,266.779,1,8,33834.0,1,8,2538.268,1,8,29345.72,1,8,149.558,1,8,-9900,?,9,-9900,?,9,16.42,E,8,12.02,E,8,75.0,E,8,822.9788000000001,E,8,999.0,E,8,2.02,E,8,-9900,?,9,-9900,?,9,0.0,E,8,-9900,?,9,-9900,?,9,0.0,0.0,E,8
11/15/2020,17:00,498.475,1397.731,181.82,1,8,75.806,1,8,154.839,1,8,21818.4,1,8,7201.546,1,8,17032.302,1,8,138.477,1,8,-9900,?,9,-9900,?,9,15.94,E,8,11.83,E,8,76.0,E,8,822.9788000000001,E,8,999.0,E,8,1.7,E,8,-9900,?,9,-9900,?,9,0.0,E,8,-9900,?,9,-9900,?,9,0.0,0.0,E,8
11/15/2020,18:00,181.308,1397.731,74.11,1,8,227.083,1,8,45.118,1,8,8893.2,1,8,21572.929,1,8,4962.945,1,8,112.486,1,8,-9900,?,9,-9900,?,9,15.21,E,8,11.54,E,8,78.0,E,8,822.9788000000001,E,8,999.0,E,8,1.8,E,8,-9900,?,9,-9900,?,9,0.0,E,8,-9900,?,9,-9900,?,9,0.0,0.0,E,8
11/15/2020,19:00,0.0,1397.731,0.29,1,8,0.0,1,8,0.0,1,8,34.8,1,8,0.0,1,8,0.0,1,8,-0.0,1,8,-9900,?,9,-9900,?,9,14.49,E,8,11.24,E,8,80.0,E,8,822.9788000000001,E,8,999.0,E,8,1.55,E,8,-9900,?,9,-9900,?,9,0.0,E,8,-9900,?,9,-9900,?,9,0.0,0.0,E,8
11/15/2020,20:00,0.0,1397.731,0.0,1,8,0.0,1,8,0.0,1,8,0.0,1,8,0.0,1,8,0.0,1,8,-0.0,1,8,-9900,?,9,-9900,?,9,13.77,E,8,10.93,E,8,82.0,E,8,822.9788000000001,E,8,999.0,E,8,1.54,E,8,-9900,?,9,-9900,?,9,0.0,E,8,-9900,?,9,-9900,?,9,0.0,0.0,E,8
11/15/2020,21:00,0.0,1397.731,0.0,1,8,0.0,1,8,0.0,1,8,0.0,1,8,0.0,1,8,0.0,1,8,-0.0,1,8,-9900,?,9,-9900,?,9,13.05,E,8,10.62,E,8,85.0,E,8,822.9788000000001,E,8,999.0,E,8,0.76,E,8,-9900,?,9,-9900,?,9,0.0,E,8,-9900,?,9,-9900,?,9,0.0,0.0,E,8
11/15/2020,22:00,0.0,1397.731,0.0,1,8,0.0,1,8,0.0,1,8,0.0,1,8,0.0,1,8,0.0,1,8,-0.0,1,8,-9900,?,9,-9900,?,9,12.33,E,8,10.31,E,8,87.0,E,8,822.9788000000001,E,8,999.0,E,8,0.59,E,8,-9900,?,9,-9900,?,9,0.0,E,8,-9900,?,9,-9900,?,9,0.0,0.0,E,8
11/15/2020,23:00,0.0,1397.731,0.0,1,8,0.0,1,8,0.0,1,8,0.0,1,8,0.0,1,8,0.0,1,8,-0.0,1,8,-9900,?,9,-9900,?,9,11.62,E,8,9.99,E,8,89.0,E,8,822.9788000000001,E,8,999.0,E,8,2.0,E,8,-9900,?,9,-9900,?,9,0.0,E,8,-9900,?,9,-9900,?,9,0.0,0.0,E,8
11/15/2020,24:00,0.0,1397.731,0.0,1,8,0.0,1,8,0.0,1,8,0.0,1,8,0.0,1,8,0.0,1,8,-0.0,1,8,-9900,?,9,-9900,?,9,10.9,E,8,6.24,E,8,72.0,E,8,822.9788000000001,E,8,999.0,E,8,0.27,E,8,-9900,?,9,-9900,?,9,0.0,E,8,-9900,?,9,-9900,?,9,0.0,0.0,E,8
11/16/2020,01:00,0.0,1397.731,0.0,1,8,0.0,1,8,0.0,1,8,0.0,1,8,0.0,1,8,0.0,1,8,-0.0,1,8,-9900,?,9,-9900,?,9,10.54,E,8,6.54,E,8,76.0,E,8,822.9788000000001,E,8,999.0,E,8,0.27,E,8,-9900,?,9,-9900,?,9,0.0,E,8,-9900,?,9,-9900,?,9,0.0,0.0,E,8
11/16/2020,02:00,0.0,1397.731,0.0,1,8,0.0,1,8,0.0,1,8,0.0,1,8,0.0,1,8,0.0,1,8,-0.0,1,8,-9900,?,9,-9900,?,9,10.18,E,8,6.85,E,8,79.0,E,8,822.9788000000001,E,8,999.0,E,8,0.27,E,8,-9900,?,9,-9900,?,9,0.0,E,8,-9900,?,9,-9900,?,9,0.0,0.0,E,8
11/16/2020,03:00,0.0,1397.731,0.0,1,8,0.0,1,8,0.0,1,8,0.0,1,8,0.0,1,8,0.0,1,8,-0.0,1,8,-9900,?,9,-9900,?,9,9.82,E,8,7.14,E,8,83.0,E,8,822.9788000000001,E,8,999.0,E,8,0.27,E,8,-9900,?,9,-9900,?,9,0.0,E,8,-9900,?,9,-9900,?,9,0.0,0.0,E,8
11/16/2020,04:00,0.0,1398.354,0.0,1,8,0.0,1,8,0.0,1,8,0.0,1,8,0.0,1,8,0.0,1,8,-0.0,1,8,-9900,?,9,-9900,?,9,9.46,E,8,7.43,E,8,87.0,E,8,822.9788000000001,E,8,999.0,E,8,0.27,E,8,-9900,?,9,-9900,?,9,0.0,E,8,-9900,?,9,-9900,?,9,0.0,0.0,E,8
11/16/2020,05:00,0.0,1398.354,0.0,1,8,0.0,1,8,0.0,1,8,0.0,1,8,0.0,1,8,0.0,1,8,-0.0,1,8,-9900,?,9,-9900,?,9,9.14,E,8,7.69,E,8,90.0,E,8,822.9788000000001,E,8,999.0,E,8,0.27,E,8,-9900,?,9,-9900,?,9,0.0,E,8,-9900,?,9,-9900,?,9,0.0,0.0,E,8
11/16/2020,06:00,147.619,1398.354,0.0,1,8,0.0,1,8,0.0,1,8,0.0,1,8,0.0,1,8,0.0,1,8,0.0,1,8,-9900,?,9,-9900,?,9,8.9,E,8,7.87,E,8,93.0,E,8,822.9788000000001,E,8,999.0,E,8,0.27,E,8,-9900,?,9,-9900,?,9,0.0,E,8,-9900,?,9,-9900,?,9,0.0,0.0,E,8
11/16/2020,07:00,465.551,1398.354,114.09,1,8,1.581,1,8,113.565,1,8,13690.8,1,8,150.196,1,8,12492.135,1,8,108.831,1,8,-9900,?,9,-9900,?,9,8.66,E,8,8.06,E,8,95.0,E,8,822.9788000000001,E,8,999.0,E,8,0.27,E,8,-9900,?,9,-9900,?,9,0.0,E,8,-9900,?,9,-9900,?,9,0.0,0.0,E,8
11/16/2020,08:00,764.639,1398.354,352.64,1,8,140.966,1,8,275.611,1,8,42316.8,1,8,13391.786,1,8,30317.173,1,8,160.548,1,8,-9900,?,9,-9900,?,9,12.82,E,8,4.49,E,8,56.0,E,8,822.9788000000001,E,8,999.0,E,8,0.27,E,8,-9900,?,9,-9900,?,9,0.0,E,8,-9900,?,9,-9900,?,9,0.0,0.0,E,8
11/16/2020,09:00,1022.987,1398.354,510.15,1,8,178.43,1,8,379.65,1,8,61218.0,1,8,16950.858,1,8,41761.498,1,8,165.231,1,8,-9900,?,9,-9900,?,9,14.46,E,8,2.83,E,8,45.0,E,8,822.9788000000001,E,8,999.0,E,8,0.27,E,8,-9900,?,9,-9900,?,9,0.0,E,8,-9900,?,9,-9900,?,9,0.0,0.0,E,8
11/16/2020,10:00,1222.807,1398.354,676.53,1,8,200.133,1,8,501.537,1,8,81183.6,1,8,19012.633,1,8,55169.09,1,8,182.579,1,8,-9900,?,9,-9900,?,9,16.03,E,8,1.05,E,8,36.0,E,8,822.9788000000001,E,8,999.0,E,8,0.27,E,8,-9900,?,9,-9900,?,9,0.0,E,8,-9900,?,9,-9900,?,9,0.0,0.0,E,8
11/16/2020,11:00,1350.44,1398.354,787.08,1,8,223.745,1,8,571.006,1,8,94449.6,1,8,21255.785,1,8,62810.659,1,8,188.21,1,8,-9900,?,9,-9900,?,9,17.36,E,8,-0.56,E,8,29.0,E,8,822.9788000000001,E,8,999.0,E,8,0.27,E,8,-9900,?,9,-9900,?,9,0.0,E,8,-9900,?,9,-9900,?,9,0.0,0.0,E,8
11/16/2020,12:00,1397.184,1398.354,921.99,1,8,323.726,1,8,598.534,1,8,110638.8,1,8,30754.017,1,8,65838.787,1,8,190.679,1,8,-9900,?,9,-9900,?,9,18.64,E,8,-2.16,E,8,23.0,E,8,822.9788000000001,E,8,999.0,E,8,0.39,E,8,-9900,?,9,-9900,?,9,0.0,E,8,-9900,?,9,-9900,?,9,0.0,0.0,E,8
11/16/2020,13:00,1359.865,1398.354,897.59,1,8,383.112,1,8,525.029,1,8,107710.8,1,8,36395.616,1,8,57753.245,1,8,171.855,1,8,-9900,?,9,-9900,?,9,19.5,E,8,-3.37,E,8,20.0,E,8,822.9788000000001,E,8,999.0,E,8,1.14,E,8,-9900,?,9,-9900,?,9,0.0,E,8,-9900,?,9,-9900,?,9,0.0,0.0,E,8
11/16/2020,14:00,1241.045,1398.354,795.11,1,8,300.043,1,8,528.842,1,8,95413.2,1,8,28504.041,1,8,58172.619,1,8,189.688,1,8,-9900,?,9,-9900,?,9,19.92,E,8,-4.0,E,8,18.0,E,8,822.9788000000001,E,8,999.0,E,8,1.71,E,8,-9900,?,9,-9900,?,9,0.0,E,8,-9900,?,9,-9900,?,9,0.0,0.0,E,8
11/16/2020,15:00,1048.856,1398.354,762.99,1,8,617.782,1,8,299.719,1,8,91558.8,1,8,58689.307,1,8,32969.114,1,8,127.223,1,8,-9900,?,9,-9900,?,9,20.18,E,8,-4.4,E,8,17.0,E,8,822.9788000000001,E,8,999.0,E,8,2.09,E,8,-9900,?,9,-9900,?,9,0.0,E,8,-9900,?,9,-9900,?,9,0.0,0.0,E,8
11/16/2020,16:00,796.456,1398.354,491.36,1,8,382.458,1,8,273.657,1,8,58963.2,1,8,36333.541,1,8,30102.314,1,8,153.03,1,8,-9900,?,9,-9900,?,9,19.71,E,8,-3.68,E,8,19.0,E,8,822.9788000000001,E,8,999.0,E,8,2.24,E,8,-9900,?,9,-9900,?,9,0.0,E,8,-9900,?,9,-9900,?,9,0.0,0.0,E,8
11/16/2020,17:00,501.222,1398.354,337.93,1,8,609.682,1,8,119.828,1,8,40551.6,1,8,57919.791,1,8,13181.049,1,8,106.623,1,8,-9900,?,9,-9900,?,9,18.9,E,8,-2.52,E,8,22.0,E,8,822.9788000000001,E,8,999.0,E,8,1.48,E,8,-9900,?,9,-9900,?,9,0.0,E,8,-9900,?,9,-9900,?,9,0.0,0.0,E,8
11/16/2020,18:00,184.387,1398.354,153.33,1,8,409.736,1,8,100.127,1,8,18399.6,1,8,38924.881,1,8,11013.995,1,8,245.455,1,8,-9900,?,9,-9900,?,9,17.76,E,8,-1.04,E,8,27.0,E,8,822.9788000000001,E,8,999.0,E,8,0.56,E,8,-9900,?,9,-9900,?,9,0.0,E,8,-9900,?,9,-9900,?,9,0.0,0.0,E,8
11/16/2020,19:00,0.0,1398.354,1.89,1,8,0.0,1,8,0.0,1,8,226.8,1,8,0.0,1,8,0.0,1,8,-0.0,1,8,-9900,?,9,-9900,?,9,16.81,E,8,0.09,E,8,32.0,E,8,822.9788000000001,E,8,999.0,E,8,0.27,E,8,-9900,?,9,-9900,?,9,0.0,E,8,-9900,?,9,-9900,?,9,0.0,0.0,E,8
11/16/2020,20:00,0.0,1398.354,0.0,1,8,0.0,1,8,0.0,1,8,0.0,1,8,0.0,1,8,0.0,1,8,-0.0,1,8,-9900,?,9,-9900,?,9,15.86,E,8,1.26,E,8,37.0,E,8,822.9788000000001,E,8,999.0,E,8,0.27,E,8,-9900,?,9,-9900,?,9,0.0,E,8,-9900,?,9,-9900,?,9,0.0,0.0,E,8
11/16/2020,21:00,0.0,1398.354,0.0,1,8,0.0,1,8,0.0,1,8,0.0,1,8,0.0,1,8,0.0,1,8,-0.0,1,8,-9900,?,9,-9900,?,9,14.9,E,8,2.35,E,8,42.0,E,8,822.9788000000001,E,8,999.0,E,8,0.27,E,8,-9900,?,9,-9900,?,9,0.0,E,8,-9900,?,9,-9900,?,9,0.0,0.0,E,8
11/16/2020,22:00,0.0,1398.354,0.0,1,8,0.0,1,8,0.0,1,8,0.0,1,8,0.0,1,8,0.0,1,8,-0.0,1,8,-9900,?,9,-9900,?,9,13.95,E,8,3.36,E,8,48.0,E,8,822.9788000000001,E,8,999.0,E,8,0.27,E,8,-9900,?,9,-9900,?,9,0.0,E,8,-9900,?,9,-9900,?,9,0.0,0.0,E,8
11/16/2020,23:00,0.0,1398.354,0.0,1,8,0.0,1,8,0.0,1,8,0.0,1,8,0.0,1,8,0.0,1,8,-0.0,1,8,-9900,?,9,-9900,?,9,13.0,E,8,4.32,E,8,55.0,E,8,822.9788000000001,E,8,999.0,E,8,0.27,E,8,-9900,?,9,-9900,?,9,0.0,E,8,-9900,?,9,-9900,?,9,0.0,0.0,E,8
11/16/2020,24:00,0.0,1398.354,0.0,1,8,0.0,1,8,0.0,1,8,0.0,1,8,0.0,1,8,0.0,1,8,-0.0,1,8,-9900,?,9,-9900,?,9,12.05,E,8,7.38,E,8,73.0,E,8,822.9788000000001,E,8,999.0,E,8,0.37,E,8,-9900,?,9,-9900,?,9,0.0,E,8,-9900,?,9,-9900,?,9,0.0,0.0,E,8
11/17/2020,01:00,0.0,1398.354,0.0,1,8,0.0,1,8,0.0,1,8,0.0,1,8,0.0,1,8,0.0,1,8,-0.0,1,8,-9900,?,9,-9900,?,9,11.57,E,8,7.58,E,8,76.0,E,8,822.9788000000001,E,8,999.0,E,8,0.37,E,8,-9900,?,9,-9900,?,9,0.0,E,8,-9900,?,9,-9900,?,9,0.0,0.0,E,8
11/17/2020,02:00,0.0,1398.354,0.0,1,8,0.0,1,8,0.0,1,8,0.0,1,8,0.0,1,8,0.0,1,8,-0.0,1,8,-9900,?,9,-9900,?,9,11.09,E,8,7.77,E,8,79.0,E,8,822.9788000000001,E,8,999.0,E,8,0.37,E,8,-9900,?,9,-9900,?,9,0.0,E,8,-9900,?,9,-9900,?,9,0.0,0.0,E,8
11/17/2020,03:00,0.0,1398.354,0.0,1,8,0.0,1,8,0.0,1,8,0.0,1,8,0.0,1,8,0.0,1,8,-0.0,1,8,-9900,?,9,-9900,?,9,10.62,E,8,7.97,E,8,83.0,E,8,822.9788000000001,E,8,999.0,E,8,0.37,E,8,-9900,?,9,-9900,?,9,0.0,E,8,-9900,?,9,-9900,?,9,0.0,0.0,E,8
11/17/2020,04:00,0.0,1398.967,0.0,1,8,0.0,1,8,0.0,1,8,0.0,1,8,0.0,1,8,0.0,1,8,-0.0,1,8,-9900,?,9,-9900,?,9,10.14,E,8,8.16,E,8,87.0,E,8,822.9788000000001,E,8,999.0,E,8,0.37,E,8,-9900,?,9,-9900,?,9,0.0,E,8,-9900,?,9,-9900,?,9,0.0,0.0,E,8
11/17/2020,05:00,0.0,1398.967,0.0,1,8,0.0,1,8,0.0,1,8,0.0,1,8,0.0,1,8,0.0,1,8,-0.0,1,8,-9900,?,9,-9900,?,9,9.72,E,8,8.33,E,8,91.0,E,8,822.9788000000001,E,8,999.0,E,8,0.37,E,8,-9900,?,9,-9900,?,9,0.0,E,8,-9900,?,9,-9900,?,9,0.0,0.0,E,8
11/17/2020,06:00,148.685,1398.967,0.0,1,8,0.0,1,8,0.0,1,8,0.0,1,8,0.0,1,8,0.0,1,8,0.0,1,8,-9900,?,9,-9900,?,9,9.4,E,8,8.45,E,8,93.0,E,8,822.9788000000001,E,8,999.0,E,8,0.37,E,8,-9900,?,9,-9900,?,9,0.0,E,8,-9900,?,9,-9900,?,9,0.0,0.0,E,8
11/17/2020,07:00,466.331,1398.967,86.24,1,8,0.0,1,8,86.24,1,8,10348.8,1,8,0.0,1,8,9486.4,1,8,82.543,1,8,-9900,?,9,-9900,?,9,9.09,E,8,8.57,E,8,96.0,E,8,822.9788000000001,E,8,999.0,E,8,0.37,E,8,-9900,?,9,-9900,?,9,0.0,E,8,-9900,?,9,-9900,?,9,0.0,0.0,E,8
11/17/2020,08:00,765.209,1398.967,232.51,1,8,19.592,1,8,221.801,1,8,27901.2,1,8,1861.261,1,8,24398.085,1,8,129.163,1,8,-9900,?,9,-9900,?,9,12.38,E,8,7.24,E,8,70.0,E,8,822.9788000000001,E,8,999.0,E,8,0.37,E,8,-9900,?,9,-9900,?,9,0.0,E,8,-9900,?,9,-9900,?,9,0.0,0.0,E,8
11/17/2020,09:00,1023.451,1398.967,370.76,1,8,16.774,1,8,358.492,1,8,44491.2,1,8,1593.526,1,8,39434.087,1,8,156.02,1,8,-9900,?,9,-9900,?,9,13.84,E,8,6.61,E,8,61.0,E,8,822.9788000000001,E,8,999.0,E,8,0.37,E,8,-9900,?,9,-9900,?,9,0.0,E,8,-9900,?,9,-9900,?,9,0.0,0.0,E,8
11/17/2020,10:00,1223.277,1398.967,485.79,1,8,13.118,1,8,474.321,1,8,58294.8,1,8,1246.176,1,8,52175.286,1,8,172.681,1,8,-9900,?,9,-9900,?,9,15.16,E,8,6.01,E,8,54.0,E,8,822.9788000000001,E,8,999.0,E,8,0.37,E,8,-9900,?,9,-9900,?,9,0.0,E,8,-9900,?,9,-9900,?,9,0.0,0.0,E,8
11/17/2020,11:00,1351.03,1398.967,568.42,1,8,3.882,1,8,564.671,1,8,68210.4,1,8,368.752,1,8,62113.864,1,8,186.122,1,8,-9900,?,9,-9900,?,9,16.3,E,8,5.48,E,8,48.0,E,8,822.9788000000001,E,8,999.0,E,8,0.37,E,8,-9900,?,9,-9900,?,9,0.0,E,8,-9900,?,9,-9900,?,9,0.0,0.0,E,8
11/17/2020,12:00,1397.998,1398.967,612.58,1,8,4.411,1,8,608.172,1,8,73509.6,1,8,419.047,1,8,66898.924,1,8,193.722,1,8,-9900,?,9,-9900,?,9,17.21,E,8,5.05,E,8,44.0,E,8,822.9788000000001,E,8,999.0,E,8,0.48,E,8,-9900,?,9,-9900,?,9,0.0,E,8,-9900,?,9,-9900,?,9,0.0,0.0,E,8
11/17/2020,13:00,1360.991,1398.967,615.1,1,8,111.708,1,8,506.426,1,8,73812.0,1,8,10612.235,1,8,55706.914,1,8,165.701,1,8,-9900,?,9,-9900,?,9,17.86,E,8,4.73,E,8,41.0,E,8,822.9788000000001,E,8,999.0,E,8,1.52,E,8,-9900,?,9,-9900,?,9,0.0,E,8,-9900,?,9,-9900,?,9,0.0,0.0,E,8
11/17/2020,14:00,1242.551,1398.967,575.8,1,8,96.105,1,8,490.447,1,8,69096.0,1,8,9130.01,1,8,53949.14,1,8,175.78,1,8,-9900,?,9,-9900,?,9,18.25,E,8,4.53,E,8,40.0,E,8,822.9788000000001,E,8,999.0,E,8,1.33,E,8,-9900,?,9,-9900,?,9,0.0,E,8,-9900,?,9,-9900,?,9,0.0,0.0,E,8
11/17/2020,15:00,1050.782,1398.967,497.52,1,8,141.73,1,8,391.089,1,8,59702.4,1,8,13464.339,1,8,43019.793,1,8,165.775,1,8,-9900,?,9,-9900,?,9,18.38,E,8,4.47,E,8,39.0,E,8,822.9788000000001,E,8,999.0,E,8,1.57,E,8,-9900,?,9,-9900,?,9,0.0,E,8,-9900,?,9,-9900,?,9,0.0,0.0,E,8
11/17/2020,16:00,798.814,1398.967,386.01,1,8,153.591,1,8,298.362,1,8,46321.2,1,8,14591.156,1,8,32819.84,1,8,166.425,1,8,-9900,?,9,-9900,?,9,18.15,E,8,4.58,E,8,40.0,E,8,822.9788000000001,E,8,999.0,E,8,1.84,E,8,-9900,?,9,-9900,?,9,0.0,E,8,-9900,?,9,-9900,?,9,0.0,0.0,E,8
11/17/2020,17:00,503.991,1398.967,250.01,1,8,271.521,1,8,152.382,1,8,30001.2,1,8,25794.471,1,8,16762.074,1,8,134.901,1,8,-9900,?,9,-9900,?,9,17.54,E,8,4.89,E,8,43.0,E,8,822.9788000000001,E,8,999.0,E,8,0.63,E,8,-9900,?,9,-9900,?,9,0.0,E,8,-9900,?,9,-9900,?,9,0.0,0.0,E,8
11/17/2020,18:00,187.49,1398.967,79.82,1,8,230.603,1,8,49.372,1,8,9578.4,1,8,21907.262,1,8,5430.924,1,8,119.025,1,8,-9900,?,9,-9900,?,9,16.53,E,8,5.37,E,8,47.0,E,8,822.9788000000001,E,8,999.0,E,8,0.51,E,8,-9900,?,9,-9900,?,9,0.0,E,8,-9900,?,9,-9900,?,9,0.0,0.0,E,8
11/17/2020,19:00,0.0,1398.967,3.85,1,8,0.0,1,8,0.0,1,8,462.0,1,8,0.0,1,8,0.0,1,8,-0.0,1,8,-9900,?,9,-9900,?,9,15.61,E,8,5.81,E,8,52.0,E,8,822.9788000000001,E,8,999.0,E,8,0.4,E,8,-9900,?,9,-9900,?,9,0.0,E,8,-9900,?,9,-9900,?,9,0.0,0.0,E,8
11/17/2020,20:00,0.0,1398.967,0.0,1,8,0.0,1,8,0.0,1,8,0.0,1,8,0.0,1,8,0.0,1,8,-0.0,1,8,-9900,?,9,-9900,?,9,14.7,E,8,6.22,E,8,56.0,E,8,822.9788000000001,E,8,999.0,E,8,0.37,E,8,-9900,?,9,-9900,?,9,0.0,E,8,-9900,?,9,-9900,?,9,0.0,0.0,E,8
11/17/2020,21:00,0.0,1398.967,0.0,1,8,0.0,1,8,0.0,1,8,0.0,1,8,0.0,1,8,0.0,1,8,-0.0,1,8,-9900,?,9,-9900,?,9,13.78,E,8,6.63,E,8,61.0,E,8,822.9788000000001,E,8,999.0,E,8,0.37,E,8,-9900,?,9,-9900,?,9,0.0,E,8,-9900,?,9,-9900,?,9,0.0,0.0,E,8
11/17/2020,22:00,0.0,1398.967,0.0,1,8,0.0,1,8,0.0,1,8,0.0,1,8,0.0,1,8,0.0,1,8,-0.0,1,8,-9900,?,9,-9900,?,9,12.87,E,8,7.03,E,8,67.0,E,8,822.9788000000001,E,8,999.0,E,8,0.37,E,8,-9900,?,9,-9900,?,9,0.0,E,8,-9900,?,9,-9900,?,9,0.0,0.0,E,8
11/17/2020,23:00,0.0,1398.967,0.0,1,8,0.0,1,8,0.0,1,8,0.0,1,8,0.0,1,8,0.0,1,8,-0.0,1,8,-9900,?,9,-9900,?,9,11.95,E,8,7.42,E,8,73.0,E,8,822.9788000000001,E,8,999.0,E,8,0.37,E,8,-9900,?,9,-9900,?,9,0.0,E,8,-9900,?,9,-9900,?,9,0.0,0.0,E,8
11/17/2020,24:00,0.0,1398.967,0.0,1,8,0.0,1,8,0.0,1,8,0.0,1,8,0.0,1,8,0.0,1,8,-0.0,1,8,-9900,?,9,-9900,?,9,11.04,E,8,3.61,E,8,60.0,E,8,822.9788000000001,E,8,999.0,E,8,0.19,E,8,-9900,?,9,-9900,?,9,0.0,E,8,-9900,?,9,-9900,?,9,0.0,0.0,E,8
11/18/2020,01:00,0.0,1398.967,0.0,1,8,0.0,1,8,0.0,1,8,0.0,1,8,0.0,1,8,0.0,1,8,-0.0,1,8,-9900,?,9,-9900,?,9,10.58,E,8,4.16,E,8,64.0,E,8,822.9788000000001,E,8,999.0,E,8,0.32,E,8,-9900,?,9,-9900,?,9,0.0,E,8,-9900,?,9,-9900,?,9,0.0,0.0,E,8
11/18/2020,02:00,0.0,1398.967,0.0,1,8,0.0,1,8,0.0,1,8,0.0,1,8,0.0,1,8,0.0,1,8,-0.0,1,8,-9900,?,9,-9900,?,9,10.12,E,8,4.69,E,8,68.0,E,8,822.9788000000001,E,8,999.0,E,8,0.19,E,8,-9900,?,9,-9900,?,9,0.0,E,8,-9900,?,9,-9900,?,9,0.0,0.0,E,8
11/18/2020,03:00,0.0,1398.967,0.0,1,8,0.0,1,8,0.0,1,8,0.0,1,8,0.0,1,8,0.0,1,8,-0.0,1,8,-9900,?,9,-9900,?,9,9.66,E,8,5.2,E,8,73.0,E,8,822.9788000000001,E,8,999.0,E,8,0.2,E,8,-9900,?,9,-9900,?,9,0.0,E,8,-9900,?,9,-9900,?,9,0.0,0.0,E,8
11/18/2020,04:00,0.0,1399.571,0.0,1,8,0.0,1,8,0.0,1,8,0.0,1,8,0.0,1,8,0.0,1,8,-0.0,1,8,-9900,?,9,-9900,?,9,9.2,E,8,5.69,E,8,78.0,E,8,822.9788000000001,E,8,999.0,E,8,0.41,E,8,-9900,?,9,-9900,?,9,0.0,E,8,-9900,?,9,-9900,?,9,0.0,0.0,E,8
11/18/2020,05:00,0.0,1399.571,0.0,1,8,0.0,1,8,0.0,1,8,0.0,1,8,0.0,1,8,0.0,1,8,-0.0,1,8,-9900,?,9,-9900,?,9,8.8,E,8,6.11,E,8,83.0,E,8,822.9788000000001,E,8,999.0,E,8,0.19,E,8,-9900,?,9,-9900,?,9,0.0,E,8,-9900,?,9,-9900,?,9,0.0,0.0,E,8
11/18/2020,06:00,149.633,1399.571,0.0,1,8,0.0,1,8,0.0,1,8,0.0,1,8,0.0,1,8,0.0,1,8,0.0,1,8,-9900,?,9,-9900,?,9,8.5,E,8,6.42,E,8,86.0,E,8,822.9788000000001,E,8,999.0,E,8,0.19,E,8,-9900,?,9,-9900,?,9,0.0,E,8,-9900,?,9,-9900,?,9,0.0,0.0,E,8
11/18/2020,07:00,466.995,1399.571,90.14,1,8,0.0,1,8,90.14,1,8,10816.8,1,8,0.0,1,8,9915.4,1,8,86.19,1,8,-9900,?,9,-9900,?,9,8.19,E,8,6.72,E,8,90.0,E,8,822.9788000000001,E,8,999.0,E,8,0.19,E,8,-9900,?,9,-9900,?,9,0.0,E,8,-9900,?,9,-9900,?,9,0.0,0.0,E,8
11/18/2020,08:00,765.671,1399.571,242.37,1,8,23.409,1,8,229.572,1,8,29084.4,1,8,2223.896,1,8,25252.926,1,8,133.666,1,8,-9900,?,9,-9900,?,9,11.62,E,8,2.9,E,8,54.0,E,8,822.9788000000001,E,8,999.0,E,8,0.19,E,8,-9900,?,9,-9900,?,9,0.0,E,8,-9900,?,9,-9900,?,9,0.0,0.0,E,8
11/18/2020,09:00,1023.82,1399.571,386.29,1,8,17.774,1,8,373.292,1,8,46354.8,1,8,1688.484,1,8,41062.071,1,8,162.473,1,8,-9900,?,9,-9900,?,9,13.13,E,8,0.86,E,8,43.0,E,8,822.9788000000001,E,8,999.0,E,8,0.19,E,8,-9900,?,9,-9900,?,9,0.0,E,8,-9900,?,9,-9900,?,9,0.0,0.0,E,8
11/18/2020,10:00,1223.67,1399.571,506.08,1,8,61.859,1,8,452.0,1,8,60729.6,1,8,5876.651,1,8,49720.006,1,8,164.573,1,8,-9900,?,9,-9900,?,9,14.5,E,8,-1.11,E,8,33.0,E,8,822.9788000000001,E,8,999.0,E,8,0.19,E,8,-9900,?,9,-9900,?,9,0.0,E,8,-9900,?,9,-9900,?,9,0.0,0.0,E,8
11/18/2020,11:00,1351.56,1399.571,592.18,1,8,4.557,1,8,587.78,1,8,71061.6,1,8,432.887,1,8,64655.768,1,8,193.746,1,8,-9900,?,9,-9900,?,9,15.68,E,8,-2.97,E,8,26.0,E,8,822.9788000000001,E,8,999.0,E,8,0.62,E,8,-9900,?,9,-9900,?,9,0.0,E,8,-9900,?,9,-9900,?,9,0.0,0.0,E,8
11/18/2020,12:00,1398.77,1399.571,638.27,1,8,5.195,1,8,633.078,1,8,76592.4,1,8,493.495,1,8,69638.612,1,8,201.631,1,8,-9900,?,9,-9900,?,9,16.63,E,8,-4.69,E,8,21.0,E,8,822.9788000000001,E,8,999.0,E,8,1.03,E,8,-9900,?,9,-9900,?,9,0.0,E,8,-9900,?,9,-9900,?,9,0.0,0.0,E,8
11/18/2020,13:00,1362.094,1399.571,641.04,1,8,6.045,1,8,635.157,1,8,76924.8,1,8,574.232,1,8,69867.314,1,8,207.743,1,8,-9900,?,9,-9900,?,9,17.31,E,8,-6.08,E,8,18.0,E,8,822.9788000000001,E,8,999.0,E,8,1.98,E,8,-9900,?,9,-9900,?,9,0.0,E,8,-9900,?,9,-9900,?,9,0.0,0.0,E,8
11/18/2020,14:00,1244.051,1399.571,600.31,1,8,113.331,1,8,499.581,1,8,72037.2,1,8,10766.406,1,8,54953.864,1,8,178.915,1,8,-9900,?,9,-9900,?,9,17.71,E,8,-6.97,E,8,16.0,E,8,822.9788000000001,E,8,999.0,E,8,2.0,E,8,-9900,?,9,-9900,?,9,0.0,E,8,-9900,?,9,-9900,?,9,0.0,0.0,E,8
11/18/2020,15:00,1052.716,1399.571,519.0,1,8,97.779,1,8,445.47,1,8,62280.0,1,8,9289.03,1,8,49001.692,1,8,188.56,1,8,-9900,?,9,-9900,?,9,17.84,E,8,-7.28,E,8,16.0,E,8,822.9788000000001,E,8,999.0,E,8,2.22,E,8,-9900,?,9,-9900,?,9,0.0,E,8,-9900,?,9,-9900,?,9,0.0,0.0,E,8
11/18/2020,16:00,801.189,1399.571,403.08,1,8,106.691,1,8,342.041,1,8,48369.6,1,8,10135.634,1,8,37624.529,1,8,190.305,1,8,-9900,?,9,-9900,?,9,17.62,E,8,-6.76,E,8,17.0,E,8,822.9788000000001,E,8,999.0,E,8,1.67,E,8,-9900,?,9,-9900,?,9,0.0,E,8,-9900,?,9,-9900,?,9,0.0,0.0,E,8
11/18/2020,17:00,506.782,1399.571,261.64,1,8,256.325,1,8,169.004,1,8,31396.8,1,8,24350.875,1,8,18590.416,1,8,148.853,1,8,-9900,?,9,-9900,?,9,16.98,E,8,-5.38,E,8,20.0,E,8,822.9788000000001,E,8,999.0,E,8,1.05,E,8,-9900,?,9,-9900,?,9,0.0,E,8,-9900,?,9,-9900,?,9,0.0,0.0,E,8
11/18/2020,18:00,190.616,1399.571,109.13,1,8,393.751,1,8,56.273,1,8,13095.6,1,8,37406.325,1,8,6189.989,1,8,133.433,1,8,-9900,?,9,-9900,?,9,16.0,E,8,-3.52,E,8,25.0,E,8,822.9788000000001,E,8,999.0,E,8,0.19,E,8,-9900,?,9,-9900,?,9,0.0,E,8,-9900,?,9,-9900,?,9,0.0,0.0,E,8
11/18/2020,19:00,0.0,1399.571,0.83,1,8,0.0,1,8,0.0,1,8,99.6,1,8,0.0,1,8,0.0,1,8,-0.0,1,8,-9900,?,9,-9900,?,9,15.13,E,8,-2.07,E,8,29.0,E,8,822.9788000000001,E,8,999.0,E,8,0.19,E,8,-9900,?,9,-9900,?,9,0.0,E,8,-9900,?,9,-9900,?,9,0.0,0.0,E,8
11/18/2020,20:00,0.0,1399.571,0.0,1,8,0.0,1,8,0.0,1,8,0.0,1,8,0.0,1,8,0.0,1,8,-0.0,1,8,-9900,?,9,-9900,?,9,14.26,E,8,-0.76,E,8,35.0,E,8,822.9788000000001,E,8,999.0,E,8,0.19,E,8,-9900,?,9,-9900,?,9,0.0,E,8,-9900,?,9,-9900,?,9,0.0,0.0,E,8
11/18/2020,21:00,0.0,1399.571,0.0,1,8,0.0,1,8,0.0,1,8,0.0,1,8,0.0,1,8,0.0,1,8,-0.0,1,8,-9900,?,9,-9900,?,9,13.4,E,8,0.46,E,8,41.0,E,8,822.9788000000001,E,8,999.0,E,8,0.19,E,8,-9900,?,9,-9900,?,9,0.0,E,8,-9900,?,9,-9900,?,9,0.0,0.0,E,8
11/18/2020,22:00,0.0,1399.571,0.0,1,8,0.0,1,8,0.0,1,8,0.0,1,8,0.0,1,8,0.0,1,8,-0.0,1,8,-9900,?,9,-9900,?,9,12.53,E,8,1.7,E,8,47.0,E,8,822.9788000000001,E,8,999.0,E,8,0.19,E,8,-9900,?,9,-9900,?,9,0.0,E,8,-9900,?,9,-9900,?,9,0.0,0.0,E,8
11/18/2020,23:00,0.0,1399.571,0.0,1,8,0.0,1,8,0.0,1,8,0.0,1,8,0.0,1,8,0.0,1,8,-0.0,1,8,-9900,?,9,-9900,?,9,11.66,E,8,2.85,E,8,54.0,E,8,822.9788000000001,E,8,999.0,E,8,0.19,E,8,-9900,?,9,-9900,?,9,0.0,E,8,-9900,?,9,-9900,?,9,0.0,0.0,E,8
11/18/2020,24:00,0.0,1399.571,0.0,1,8,0.0,1,8,0.0,1,8,0.0,1,8,0.0,1,8,0.0,1,8,-0.0,1,8,-9900,?,9,-9900,?,9,10.79,E,8,4.97,E,8,67.0,E,8,822.9788000000001,E,8,999.0,E,8,0.13,E,8,-9900,?,9,-9900,?,9,0.0,E,8,-9900,?,9,-9900,?,9,0.0,0.0,E,8
11/19/2020,01:00,0.0,1399.571,0.0,1,8,0.0,1,8,0.0,1,8,0.0,1,8,0.0,1,8,0.0,1,8,-0.0,1,8,-9900,?,9,-9900,?,9,10.36,E,8,5.27,E,8,70.0,E,8,822.9788000000001,E,8,999.0,E,8,0.13,E,8,-9900,?,9,-9900,?,9,0.0,E,8,-9900,?,9,-9900,?,9,0.0,0.0,E,8
11/19/2020,02:00,0.0,1399.571,0.0,1,8,0.0,1,8,0.0,1,8,0.0,1,8,0.0,1,8,0.0,1,8,-0.0,1,8,-9900,?,9,-9900,?,9,9.92,E,8,5.57,E,8,74.0,E,8,822.9788000000001,E,8,999.0,E,8,0.13,E,8,-9900,?,9,-9900,?,9,0.0,E,8,-9900,?,9,-9900,?,9,0.0,0.0,E,8
11/19/2020,03:00,0.0,1399.571,0.0,1,8,0.0,1,8,0.0,1,8,0.0,1,8,0.0,1,8,0.0,1,8,-0.0,1,8,-9900,?,9,-9900,?,9,9.49,E,8,5.85,E,8,78.0,E,8,822.9788000000001,E,8,999.0,E,8,0.13,E,8,-9900,?,9,-9900,?,9,0.0,E,8,-9900,?,9,-9900,?,9,0.0,0.0,E,8
11/19/2020,04:00,0.0,1400.165,0.0,1,8,0.0,1,8,0.0,1,8,0.0,1,8,0.0,1,8,0.0,1,8,-0.0,1,8,-9900,?,9,-9900,?,9,9.05,E,8,6.14,E,8,82.0,E,8,822.9788000000001,E,8,999.0,E,8,0.13,E,8,-9900,?,9,-9900,?,9,0.0,E,8,-9900,?,9,-9900,?,9,0.0,0.0,E,8
11/19/2020,05:00,0.0,1400.165,0.0,1,8,0.0,1,8,0.0,1,8,0.0,1,8,0.0,1,8,0.0,1,8,-0.0,1,8,-9900,?,9,-9900,?,9,8.67,E,8,6.39,E,8,85.0,E,8,822.9788000000001,E,8,999.0,E,8,0.13,E,8,-9900,?,9,-9900,?,9,0.0,E,8,-9900,?,9,-9900,?,9,0.0,0.0,E,8
11/19/2020,06:00,150.461,1400.165,0.0,1,8,0.0,1,8,0.0,1,8,0.0,1,8,0.0,1,8,0.0,1,8,0.0,1,8,-9900,?,9,-9900,?,9,8.38,E,8,6.57,E,8,88.0,E,8,822.9788000000001,E,8,999.0,E,8,0.13,E,8,-9900,?,9,-9900,?,9,0.0,E,8,-9900,?,9,-9900,?,9,0.0,0.0,E,8
11/19/2020,07:00,467.543,1400.165,112.35,1,8,0.257,1,8,112.264,1,8,13482.0,1,8,24.425,1,8,12349.078,1,8,107.264,1,8,-9900,?,9,-9900,?,9,8.1,E,8,6.75,E,8,91.0,E,8,822.9788000000001,E,8,999.0,E,8,0.13,E,8,-9900,?,9,-9900,?,9,0.0,E,8,-9900,?,9,-9900,?,9,0.0,0.0,E,8
11/19/2020,08:00,766.027,1400.165,301.43,1,8,73.994,1,8,260.976,1,8,36171.6,1,8,7029.465,1,8,28707.318,1,8,151.944,1,8,-9900,?,9,-9900,?,9,12.15,E,8,3.99,E,8,57.0,E,8,822.9788000000001,E,8,999.0,E,8,0.13,E,8,-9900,?,9,-9900,?,9,0.0,E,8,-9900,?,9,-9900,?,9,0.0,0.0,E,8
11/19/2020,09:00,1024.097,1400.165,480.22,1,8,101.768,1,8,405.805,1,8,57626.4,1,8,9667.98,1,8,44638.503,1,8,176.651,1,8,-9900,?,9,-9900,?,9,13.94,E,8,2.59,E,8,46.0,E,8,822.9788000000001,E,8,999.0,E,8,0.13,E,8,-9900,?,9,-9900,?,9,0.0,E,8,-9900,?,9,-9900,?,9,0.0,0.0,E,8
11/19/2020,10:00,1223.986,1400.165,629.09,1,8,148.863,1,8,498.97,1,8,75490.8,1,8,14141.941,1,8,54886.733,1,8,181.705,1,8,-9900,?,9,-9900,?,9,15.56,E,8,1.21,E,8,37.0,E,8,822.9788000000001,E,8,999.0,E,8,0.22,E,8,-9900,?,9,-9900,?,9,0.0,E,8,-9900,?,9,-9900,?,9,0.0,0.0,E,8
11/19/2020,11:00,1352.031,1400.165,736.17,1,8,11.105,1,8,725.447,1,8,88340.4,1,8,1054.971,1,8,79799.173,1,8,239.143,1,8,-9900,?,9,-9900,?,9,16.95,E,8,-0.07,E,8,31.0,E,8,822.9788000000001,E,8,999.0,E,8,0.3,E,8,-9900,?,9,-9900,?,9,0.0,E,8,-9900,?,9,-9900,?,9,0.0,0.0,E,8
11/19/2020,12:00,1399.503,1400.165,793.59,1,8,12.736,1,8,780.86,1,8,95230.8,1,8,1209.923,1,8,85894.6,1,8,248.673,1,8,-9900,?,9,-9900,?,9,18.07,E,8,-1.07,E,8,26.0,E,8,822.9788000000001,E,8,999.0,E,8,0.76,E,8,-9900,?,9,-9900,?,9,0.0,E,8,-9900,?,9,-9900,?,9,0.0,0.0,E,8
11/19/2020,13:00,1363.175,1400.165,797.24,1,8,248.773,1,8,555.043,1,8,95668.8,1,8,23633.403,1,8,61054.767,1,8,181.473,1,8,-9900,?,9,-9900,?,9,18.87,E,8,-1.83,E,8,24.0,E,8,822.9788000000001,E,8,999.0,E,8,1.34,E,8,-9900,?,9,-9900,?,9,0.0,E,8,-9900,?,9,-9900,?,9,0.0,0.0,E,8
11/19/2020,14:00,1245.544,1400.165,746.87,1,8,246.928,1,8,527.227,1,8,89624.4,1,8,23458.155,1,8,57995.021,1,8,188.67,1,8,-9900,?,9,-9900,?,9,19.36,E,8,-2.32,E,8,22.0,E,8,822.9788000000001,E,8,999.0,E,8,1.61,E,8,-9900,?,9,-9900,?,9,0.0,E,8,-9900,?,9,-9900,?,9,0.0,0.0,E,8
11/19/2020,15:00,1054.656,1400.165,646.08,1,8,315.951,1,8,408.147,1,8,77529.6,1,8,30015.371,1,8,44896.182,1,8,172.517,1,8,-9900,?,9,-9900,?,9,19.51,E,8,-2.47,E,8,21.0,E,8,822.9788000000001,E,8,999.0,E,8,2.55,E,8,-9900,?,9,-9900,?,9,0.0,E,8,-9900,?,9,-9900,?,9,0.0,0.0,E,8
11/19/2020,16:00,803.58,1400.165,502.29,1,8,403.808,1,8,270.676,1,8,60274.8,1,8,38361.786,1,8,29774.306,1,8,150.213,1,8,-9900,?,9,-9900,?,9,19.24,E,8,-2.19,E,8,22.0,E,8,822.9788000000001,E,8,999.0,E,8,2.14,E,8,-9900,?,9,-9900,?,9,0.0,E,8,-9900,?,9,-9900,?,9,0.0,0.0,E,8
11/19/2020,17:00,509.593,1400.165,326.76,1,8,531.878,1,8,133.55,1,8,39211.2,1,8,50528.425,1,8,14690.495,1,8,117.024,1,8,-9900,?,9,-9900,?,9,18.49,E,8,-1.46,E,8,25.0,E,8,822.9788000000001,E,8,999.0,E,8,1.7,E,8,-9900,?,9,-9900,?,9,0.0,E,8,-9900,?,9,-9900,?,9,0.0,0.0,E,8
11/19/2020,18:00,193.762,1400.165,137.33,1,8,422.457,1,8,79.682,1,8,16479.6,1,8,40133.377,1,8,8765.071,1,8,185.872,1,8,-9900,?,9,-9900,?,9,17.34,E,8,-0.41,E,8,29.0,E,8,822.9788000000001,E,8,999.0,E,8,0.88,E,8,-9900,?,9,-9900,?,9,0.0,E,8,-9900,?,9,-9900,?,9,0.0,0.0,E,8
11/19/2020,19:00,0.0,1400.165,1.26,1,8,0.0,1,8,0.0,1,8,151.2,1,8,0.0,1,8,0.0,1,8,-0.0,1,8,-9900,?,9,-9900,?,9,16.41,E,8,0.43,E,8,33.0,E,8,822.9788000000001,E,8,999.0,E,8,0.73,E,8,-9900,?,9,-9900,?,9,0.0,E,8,-9900,?,9,-9900,?,9,0.0,0.0,E,8
11/19/2020,20:00,0.0,1400.165,0.0,1,8,0.0,1,8,0.0,1,8,0.0,1,8,0.0,1,8,0.0,1,8,-0.0,1,8,-9900,?,9,-9900,?,9,15.48,E,8,1.28,E,8,38.0,E,8,822.9788000000001,E,8,999.0,E,8,0.24,E,8,-9900,?,9,-9900,?,9,0.0,E,8,-9900,?,9,-9900,?,9,0.0,0.0,E,8
11/19/2020,21:00,0.0,1400.165,0.0,1,8,0.0,1,8,0.0,1,8,0.0,1,8,0.0,1,8,0.0,1,8,-0.0,1,8,-9900,?,9,-9900,?,9,14.55,E,8,2.09,E,8,42.0,E,8,822.9788000000001,E,8,999.0,E,8,0.13,E,8,-9900,?,9,-9900,?,9,0.0,E,8,-9900,?,9,-9900,?,9,0.0,0.0,E,8
11/19/2020,22:00,0.0,1400.165,0.0,1,8,0.0,1,8,0.0,1,8,0.0,1,8,0.0,1,8,0.0,1,8,-0.0,1,8,-9900,?,9,-9900,?,9,13.62,E,8,2.85,E,8,48.0,E,8,822.9788000000001,E,8,999.0,E,8,0.13,E,8,-9900,?,9,-9900,?,9,0.0,E,8,-9900,?,9,-9900,?,9,0.0,0.0,E,8
11/19/2020,23:00,0.0,1400.165,0.0,1,8,0.0,1,8,0.0,1,8,0.0,1,8,0.0,1,8,0.0,1,8,-0.0,1,8,-9900,?,9,-9900,?,9,12.69,E,8,3.58,E,8,53.0,E,8,822.9788000000001,E,8,999.0,E,8,0.13,E,8,-9900,?,9,-9900,?,9,0.0,E,8,-9900,?,9,-9900,?,9,0.0,0.0,E,8
11/19/2020,24:00,0.0,1400.165,0.0,1,8,0.0,1,8,0.0,1,8,0.0,1,8,0.0,1,8,0.0,1,8,-0.0,1,8,-9900,?,9,-9900,?,9,11.76,E,8,1.31,E,8,48.0,E,8,822.9788000000001,E,8,999.0,E,8,0.23,E,8,-9900,?,9,-9900,?,9,0.0,E,8,-9900,?,9,-9900,?,9,0.0,0.0,E,8
11/20/2020,01:00,0.0,1400.165,0.0,1,8,0.0,1,8,0.0,1,8,0.0,1,8,0.0,1,8,0.0,1,8,-0.0,1,8,-9900,?,9,-9900,?,9,11.29,E,8,1.67,E,8,51.0,E,8,822.9788000000001,E,8,999.0,E,8,0.23,E,8,-9900,?,9,-9900,?,9,0.0,E,8,-9900,?,9,-9900,?,9,0.0,0.0,E,8
11/20/2020,02:00,0.0,1400.165,0.0,1,8,0.0,1,8,0.0,1,8,0.0,1,8,0.0,1,8,0.0,1,8,-0.0,1,8,-9900,?,9,-9900,?,9,10.83,E,8,2.02,E,8,54.0,E,8,822.9788000000001,E,8,999.0,E,8,0.23,E,8,-9900,?,9,-9900,?,9,0.0,E,8,-9900,?,9,-9900,?,9,0.0,0.0,E,8
11/20/2020,03:00,0.0,1400.165,0.0,1,8,0.0,1,8,0.0,1,8,0.0,1,8,0.0,1,8,0.0,1,8,-0.0,1,8,-9900,?,9,-9900,?,9,10.36,E,8,2.37,E,8,57.0,E,8,822.9788000000001,E,8,999.0,E,8,0.23,E,8,-9900,?,9,-9900,?,9,0.0,E,8,-9900,?,9,-9900,?,9,0.0,0.0,E,8
11/20/2020,04:00,0.0,1400.749,0.0,1,8,0.0,1,8,0.0,1,8,0.0,1,8,0.0,1,8,0.0,1,8,-0.0,1,8,-9900,?,9,-9900,?,9,9.89,E,8,2.71,E,8,60.0,E,8,822.9788000000001,E,8,999.0,E,8,0.23,E,8,-9900,?,9,-9900,?,9,0.0,E,8,-9900,?,9,-9900,?,9,0.0,0.0,E,8
11/20/2020,05:00,0.0,1400.749,0.0,1,8,0.0,1,8,0.0,1,8,0.0,1,8,0.0,1,8,0.0,1,8,-0.0,1,8,-9900,?,9,-9900,?,9,9.48,E,8,3.0,E,8,63.0,E,8,822.9788000000001,E,8,999.0,E,8,0.23,E,8,-9900,?,9,-9900,?,9,0.0,E,8,-9900,?,9,-9900,?,9,0.0,0.0,E,8
11/20/2020,06:00,151.171,1400.749,0.0,1,8,0.0,1,8,0.0,1,8,0.0,1,8,0.0,1,8,0.0,1,8,0.0,1,8,-9900,?,9,-9900,?,9,9.17,E,8,3.21,E,8,66.0,E,8,822.9788000000001,E,8,999.0,E,8,0.23,E,8,-9900,?,9,-9900,?,9,0.0,E,8,-9900,?,9,-9900,?,9,0.0,0.0,E,8
11/20/2020,07:00,467.976,1400.749,152.08,1,8,36.949,1,8,139.764,1,8,18249.6,1,8,3510.144,1,8,15374.062,1,8,133.47,1,8,-9900,?,9,-9900,?,9,8.87,E,8,3.42,E,8,68.0,E,8,822.9788000000001,E,8,999.0,E,8,0.23,E,8,-9900,?,9,-9900,?,9,0.0,E,8,-9900,?,9,-9900,?,9,0.0,0.0,E,8
11/20/2020,08:00,766.278,1400.749,404.31,1,8,192.513,1,8,299.068,1,8,48517.2,1,8,18288.701,1,8,32897.532,1,8,174.138,1,8,-9900,?,9,-9900,?,9,13.25,E,8,0.09,E,8,40.0,E,8,822.9788000000001,E,8,999.0,E,8,0.23,E,8,-9900,?,9,-9900,?,9,0.0,E,8,-9900,?,9,-9900,?,9,0.0,0.0,E,8
11/20/2020,09:00,1024.282,1400.749,644.87,1,8,342.134,1,8,394.753,1,8,77384.4,1,8,32502.703,1,8,43422.786,1,8,171.881,1,8,-9900,?,9,-9900,?,9,15.17,E,8,-1.44,E,8,31.0,E,8,822.9788000000001,E,8,999.0,E,8,0.23,E,8,-9900,?,9,-9900,?,9,0.0,E,8,-9900,?,9,-9900,?,9,0.0,0.0,E,8
11/20/2020,10:00,1224.226,1400.749,849.97,1,8,348.343,1,8,545.553,1,8,101996.4,1,8,33092.607,1,8,60010.803,1,8,198.712,1,8,-9900,?,9,-9900,?,9,16.94,E,8,-3.02,E,8,24.0,E,8,822.9788000000001,E,8,999.0,E,8,0.23,E,8,-9900,?,9,-9900,?,9,0.0,E,8,-9900,?,9,-9900,?,9,0.0,0.0,E,8
11/20/2020,11:00,1352.445,1400.749,1000.64,1,8,535.606,1,8,483.515,1,8,120076.8,1,8,50882.551,1,8,53186.664,1,8,159.408,1,8,-9900,?,9,-9900,?,9,18.48,E,8,-4.57,E,8,19.0,E,8,822.9788000000001,E,8,999.0,E,8,0.75,E,8,-9900,?,9,-9900,?,9,0.0,E,8,-9900,?,9,-9900,?,9,0.0,0.0,E,8
11/20/2020,12:00,1400.197,1400.749,1075.29,1,8,630.93,1,8,444.609,1,8,129034.8,1,8,59938.305,1,8,48907.026,1,8,141.579,1,8,-9900,?,9,-9900,?,9,19.7,E,8,-5.95,E,8,16.0,E,8,822.9788000000001,E,8,999.0,E,8,0.9,E,8,-9900,?,9,-9900,?,9,0.0,E,8,-9900,?,9,-9900,?,9,0.0,0.0,E,8
11/20/2020,13:00,1364.236,1400.749,1088.29,1,8,794.139,1,8,314.865,1,8,130594.8,1,8,75443.159,1,8,34635.096,1,8,102.909,1,8,-9900,?,9,-9900,?,9,20.6,E,8,-7.08,E,8,13.0,E,8,822.9788000000001,E,8,999.0,E,8,1.31,E,8,-9900,?,9,-9900,?,9,0.0,E,8,-9900,?,9,-9900,?,9,0.0,0.0,E,8
11/20/2020,14:00,1247.032,1400.749,1022.87,1,8,883.353,1,8,236.515,1,8,122744.4,1,8,83918.575,1,8,26016.702,1,8,84.572,1,8,-9900,?,9,-9900,?,9,21.14,E,8,-7.81,E,8,12.0,E,8,822.9788000000001,E,8,999.0,E,8,2.01,E,8,-9900,?,9,-9900,?,9,0.0,E,8,-9900,?,9,-9900,?,9,0.0,0.0,E,8
11/20/2020,15:00,1056.603,1400.749,889.97,1,8,948.78,1,8,174.452,1,8,106796.4,1,8,90134.054,1,8,19189.768,1,8,73.633,1,8,-9900,?,9,-9900,?,9,21.34,E,8,-8.08,E,8,12.0,E,8,822.9788000000001,E,8,999.0,E,8,2.6,E,8,-9900,?,9,-9900,?,9,0.0,E,8,-9900,?,9,-9900,?,9,0.0,0.0,E,8
11/20/2020,16:00,805.985,1400.749,695.16,1,8,818.46,1,8,224.5,1,8,83419.2,1,8,77753.736,1,8,24695.001,1,8,124.267,1,8,-9900,?,9,-9900,?,9,21.08,E,8,-7.72,E,8,12.0,E,8,822.9788000000001,E,8,999.0,E,8,1.7,E,8,-9900,?,9,-9900,?,9,0.0,E,8,-9900,?,9,-9900,?,9,0.0,0.0,E,8
11/20/2020,17:00,512.423,1400.749,456.06,1,8,791.07,1,8,167.214,1,8,54727.2,1,8,75151.671,1,8,18393.565,1,8,145.771,1,8,-9900,?,9,-9900,?,9,20.28,E,8,-6.67,E,8,14.0,E,8,822.9788000000001,E,8,999.0,E,8,0.75,E,8,-9900,?,9,-9900,?,9,0.0,E,8,-9900,?,9,-9900,?,9,0.0,0.0,E,8
11/20/2020,18:00,196.926,1400.749,195.56,1,8,467.542,1,8,130.718,1,8,23467.2,1,8,44416.459,1,8,14378.997,1,8,300.021,1,8,-9900,?,9,-9900,?,9,19.04,E,8,-5.19,E,8,17.0,E,8,822.9788000000001,E,8,999.0,E,8,0.37,E,8,-9900,?,9,-9900,?,9,0.0,E,8,-9900,?,9,-9900,?,9,0.0,0.0,E,8
11/20/2020,19:00,0.0,1400.749,3.22,1,8,0.0,1,8,0.0,1,8,386.4,1,8,0.0,1,8,0.0,1,8,-0.0,1,8,-9900,?,9,-9900,?,9,18.1,E,8,-4.17,E,8,20.0,E,8,822.9788000000001,E,8,999.0,E,8,0.23,E,8,-9900,?,9,-9900,?,9,0.0,E,8,-9900,?,9,-9900,?,9,0.0,0.0,E,8
11/20/2020,20:00,0.0,1400.749,0.0,1,8,0.0,1,8,0.0,1,8,0.0,1,8,0.0,1,8,0.0,1,8,-0.0,1,8,-9900,?,9,-9900,?,9,17.16,E,8,-3.23,E,8,23.0,E,8,822.9788000000001,E,8,999.0,E,8,0.23,E,8,-9900,?,9,-9900,?,9,0.0,E,8,-9900,?,9,-9900,?,9,0.0,0.0,E,8
11/20/2020,21:00,0.0,1400.749,0.0,1,8,0.0,1,8,0.0,1,8,0.0,1,8,0.0,1,8,0.0,1,8,-0.0,1,8,-9900,?,9,-9900,?,9,16.22,E,8,-2.35,E,8,27.0,E,8,822.9788000000001,E,8,999.0,E,8,0.23,E,8,-9900,?,9,-9900,?,9,0.0,E,8,-9900,?,9,-9900,?,9,0.0,0.0,E,8
11/20/2020,22:00,0.0,1400.749,0.0,1,8,0.0,1,8,0.0,1,8,0.0,1,8,0.0,1,8,0.0,1,8,-0.0,1,8,-9900,?,9,-9900,?,9,15.28,E,8,-1.53,E,8,31.0,E,8,822.9788000000001,E,8,999.0,E,8,0.23,E,8,-9900,?,9,-9900,?,9,0.0,E,8,-9900,?,9,-9900,?,9,0.0,0.0,E,8
11/20/2020,23:00,0.0,1400.749,0.0,1,8,0.0,1,8,0.0,1,8,0.0,1,8,0.0,1,8,0.0,1,8,-0.0,1,8,-9900,?,9,-9900,?,9,14.35,E,8,-0.77,E,8,35.0,E,8,822.9788000000001,E,8,999.0,E,8,0.23,E,8,-9900,?,9,-9900,?,9,0.0,E,8,-9900,?,9,-9900,?,9,0.0,0.0,E,8
11/20/2020,24:00,0.0,1400.749,0.0,1,8,0.0,1,8,0.0,1,8,0.0,1,8,0.0,1,8,0.0,1,8,-0.0,1,8,-9900,?,9,-9900,?,9,13.41,E,8,6.64,E,8,63.0,E,8,822.9788000000001,E,8,999.0,E,8,0.4,E,8,-9900,?,9,-9900,?,9,0.0,E,8,-9900,?,9,-9900,?,9,0.0,0.0,E,8
11/21/2020,01:00,0.0,1400.749,0.0,1,8,0.0,1,8,0.0,1,8,0.0,1,8,0.0,1,8,0.0,1,8,-0.0,1,8,-9900,?,9,-9900,?,9,12.94,E,8,7.21,E,8,68.0,E,8,822.9788000000001,E,8,999.0,E,8,0.4,E,8,-9900,?,9,-9900,?,9,0.0,E,8,-9900,?,9,-9900,?,9,0.0,0.0,E,8
11/21/2020,02:00,0.0,1400.749,0.0,1,8,0.0,1,8,0.0,1,8,0.0,1,8,0.0,1,8,0.0,1,8,-0.0,1,8,-9900,?,9,-9900,?,9,12.47,E,8,7.77,E,8,72.0,E,8,822.9788000000001,E,8,999.0,E,8,0.4,E,8,-9900,?,9,-9900,?,9,0.0,E,8,-9900,?,9,-9900,?,9,0.0,0.0,E,8
11/21/2020,03:00,0.0,1400.749,0.0,1,8,0.0,1,8,0.0,1,8,0.0,1,8,0.0,1,8,0.0,1,8,-0.0,1,8,-9900,?,9,-9900,?,9,12.0,E,8,8.3,E,8,78.0,E,8,822.9788000000001,E,8,999.0,E,8,0.4,E,8,-9900,?,9,-9900,?,9,0.0,E,8,-9900,?,9,-9900,?,9,0.0,0.0,E,8
11/21/2020,04:00,0.0,1401.323,0.0,1,8,0.0,1,8,0.0,1,8,0.0,1,8,0.0,1,8,0.0,1,8,-0.0,1,8,-9900,?,9,-9900,?,9,11.53,E,8,8.82,E,8,83.0,E,8,822.9788000000001,E,8,999.0,E,8,0.4,E,8,-9900,?,9,-9900,?,9,0.0,E,8,-9900,?,9,-9900,?,9,0.0,0.0,E,8
11/21/2020,05:00,0.0,1401.323,0.0,1,8,0.0,1,8,0.0,1,8,0.0,1,8,0.0,1,8,0.0,1,8,-0.0,1,8,-9900,?,9,-9900,?,9,11.11,E,8,9.27,E,8,88.0,E,8,822.9788000000001,E,8,999.0,E,8,0.4,E,8,-9900,?,9,-9900,?,9,0.0,E,8,-9900,?,9,-9900,?,9,0.0,0.0,E,8
11/21/2020,06:00,151.763,1401.323,0.0,1,8,0.0,1,8,0.0,1,8,0.0,1,8,0.0,1,8,0.0,1,8,0.0,1,8,-9900,?,9,-9900,?,9,10.8,E,8,9.59,E,8,92.0,E,8,822.9788000000001,E,8,999.0,E,8,0.4,E,8,-9900,?,9,-9900,?,9,0.0,E,8,-9900,?,9,-9900,?,9,0.0,0.0,E,8
11/21/2020,07:00,468.295,1401.323,165.52,1,8,64.166,1,8,144.126,1,8,19862.4,1,8,6095.8,1,8,15853.886,1,8,137.598,1,8,-9900,?,9,-9900,?,9,10.49,E,8,9.91,E,8,96.0,E,8,822.9788000000001,E,8,999.0,E,8,0.4,E,8,-9900,?,9,-9900,?,9,0.0,E,8,-9900,?,9,-9900,?,9,0.0,0.0,E,8
11/21/2020,08:00,766.424,1401.323,443.72,1,8,348.679,1,8,253.148,1,8,53246.4,1,8,33124.501,1,8,27846.299,1,8,147.432,1,8,-9900,?,9,-9900,?,9,14.26,E,8,5.55,E,8,55.0,E,8,822.9788000000001,E,8,999.0,E,8,0.4,E,8,-9900,?,9,-9900,?,9,0.0,E,8,-9900,?,9,-9900,?,9,0.0,0.0,E,8
11/21/2020,09:00,1024.376,1401.323,703.3,1,8,537.448,1,8,310.522,1,8,84396.0,1,8,51057.604,1,8,34157.433,1,8,135.249,1,8,-9900,?,9,-9900,?,9,15.9,E,8,3.2,E,8,42.0,E,8,822.9788000000001,E,8,999.0,E,8,0.4,E,8,-9900,?,9,-9900,?,9,0.0,E,8,-9900,?,9,-9900,?,9,0.0,0.0,E,8
11/21/2020,10:00,1224.393,1401.323,919.17,1,8,613.921,1,8,382.81,1,8,110300.4,1,8,58322.54,1,8,42109.146,1,8,139.473,1,8,-9900,?,9,-9900,?,9,17.38,E,8,0.73,E,8,32.0,E,8,822.9788000000001,E,8,999.0,E,8,0.4,E,8,-9900,?,9,-9900,?,9,0.0,E,8,-9900,?,9,-9900,?,9,0.0,0.0,E,8
11/21/2020,11:00,1352.804,1401.323,1075.29,1,8,789.224,1,8,313.408,1,8,129034.8,1,8,74976.235,1,8,34474.918,1,8,103.341,1,8,-9900,?,9,-9900,?,9,18.66,E,8,-1.58,E,8,24.0,E,8,822.9788000000001,E,8,999.0,E,8,0.4,E,8,-9900,?,9,-9900,?,9,0.0,E,8,-9900,?,9,-9900,?,9,0.0,0.0,E,8
11/21/2020,12:00,1400.854,1401.323,1156.71,1,8,928.567,1,8,228.454,1,8,138805.2,1,8,88213.854,1,8,25129.954,1,8,72.744,1,8,-9900,?,9,-9900,?,9,19.68,E,8,-3.66,E,8,19.0,E,8,822.9788000000001,E,8,999.0,E,8,0.79,E,8,-9900,?,9,-9900,?,9,0.0,E,8,-9900,?,9,-9900,?,9,0.0,0.0,E,8
11/21/2020,13:00,1365.276,1401.323,1157.57,1,8,1010.296,1,8,173.277,1,8,138908.4,1,8,95978.151,1,8,19060.496,1,8,56.613,1,8,-9900,?,9,-9900,?,9,20.41,E,8,-5.4,E,8,16.0,E,8,822.9788000000001,E,8,999.0,E,8,2.09,E,8,-9900,?,9,-9900,?,9,0.0,E,8,-9900,?,9,-9900,?,9,0.0,0.0,E,8
11/21/2020,14:00,1248.515,1401.323,1082.34,1,8,966.45,1,8,221.343,1,8,129880.8,1,8,91812.734,1,8,24347.709,1,8,79.085,1,8,-9900,?,9,-9900,?,9,20.84,E,8,-6.54,E,8,14.0,E,8,822.9788000000001,E,8,999.0,E,8,1.92,E,8,-9900,?,9,-9900,?,9,0.0,E,8,-9900,?,9,-9900,?,9,0.0,0.0,E,8
11/21/2020,15:00,1058.557,1401.323,933.32,1,8,967.007,1,8,203.006,1,8,111998.4,1,8,91865.704,1,8,22330.607,1,8,85.561,1,8,-9900,?,9,-9900,?,9,20.97,E,8,-6.91,E,8,13.0,E,8,822.9788000000001,E,8,999.0,E,8,1.15,E,8,-9900,?,9,-9900,?,9,0.0,E,8,-9900,?,9,-9900,?,9,0.0,0.0,E,8
11/21/2020,16:00,808.405,1401.323,721.65,1,8,932.763,1,8,183.867,1,8,86598.0,1,8,88612.512,1,8,20225.351,1,8,101.512,1,8,-9900,?,9,-9900,?,9,20.71,E,8,-6.18,E,8,14.0,E,8,822.9788000000001,E,8,999.0,E,8,0.54,E,8,-9900,?,9,-9900,?,9,0.0,E,8,-9900,?,9,-9900,?,9,0.0,0.0,E,8
11/21/2020,17:00,515.27,1401.323,466.01,1,8,842.662,1,8,156.737,1,8,55921.2,1,8,80052.919,1,8,17241.028,1,8,135.935,1,8,-9900,?,9,-9900,?,9,20.0,E,8,-4.39,E,8,18.0,E,8,822.9788000000001,E,8,999.0,E,8,0.4,E,8,-9900,?,9,-9900,?,9,0.0,E,8,-9900,?,9,-9900,?,9,0.0,0.0,E,8
11/21/2020,18:00,200.107,1401.323,193.84,1,8,507.744,1,8,122.286,1,8,23260.8,1,8,48235.665,1,8,13451.428,1,8,276.207,1,8,-9900,?,9,-9900,?,9,18.94,E,8,-2.12,E,8,23.0,E,8,822.9788000000001,E,8,999.0,E,8,0.4,E,8,-9900,?,9,-9900,?,9,0.0,E,8,-9900,?,9,-9900,?,9,0.0,0.0,E,8
11/21/2020,19:00,0.0,1401.323,2.68,1,8,0.0,1,8,0.0,1,8,321.6,1,8,0.0,1,8,0.0,1,8,-0.0,1,8,-9900,?,9,-9900,?,9,18.08,E,8,-0.52,E,8,28.0,E,8,822.9788000000001,E,8,999.0,E,8,0.4,E,8,-9900,?,9,-9900,?,9,0.0,E,8,-9900,?,9,-9900,?,9,0.0,0.0,E,8
11/21/2020,20:00,0.0,1401.323,0.0,1,8,0.0,1,8,0.0,1,8,0.0,1,8,0.0,1,8,0.0,1,8,-0.0,1,8,-9900,?,9,-9900,?,9,17.22,E,8,1.02,E,8,33.0,E,8,822.9788000000001,E,8,999.0,E,8,0.4,E,8,-9900,?,9,-9900,?,9,0.0,E,8,-9900,?,9,-9900,?,9,0.0,0.0,E,8
11/21/2020,21:00,0.0,1401.323,0.0,1,8,0.0,1,8,0.0,1,8,0.0,1,8,0.0,1,8,0.0,1,8,-0.0,1,8,-9900,?,9,-9900,?,9,16.36,E,8,2.47,E,8,39.0,E,8,822.9788000000001,E,8,999.0,E,8,0.4,E,8,-9900,?,9,-9900,?,9,0.0,E,8,-9900,?,9,-9900,?,9,0.0,0.0,E,8
11/21/2020,22:00,0.0,1401.323,0.0,1,8,0.0,1,8,0.0,1,8,0.0,1,8,0.0,1,8,0.0,1,8,-0.0,1,8,-9900,?,9,-9900,?,9,15.5,E,8,3.81,E,8,45.0,E,8,822.9788000000001,E,8,999.0,E,8,0.4,E,8,-9900,?,9,-9900,?,9,0.0,E,8,-9900,?,9,-9900,?,9,0.0,0.0,E,8
11/21/2020,23:00,0.0,1401.323,0.0,1,8,0.0,1,8,0.0,1,8,0.0,1,8,0.0,1,8,0.0,1,8,-0.0,1,8,-9900,?,9,-9900,?,9,14.64,E,8,5.03,E,8,52.0,E,8,822.9788000000001,E,8,999.0,E,8,0.4,E,8,-9900,?,9,-9900,?,9,0.0,E,8,-9900,?,9,-9900,?,9,0.0,0.0,E,8
11/21/2020,24:00,0.0,1401.323,0.0,1,8,0.0,1,8,0.0,1,8,0.0,1,8,0.0,1,8,0.0,1,8,-0.0,1,8,-9900,?,9,-9900,?,9,13.78,E,8,12.34,E,8,91.0,E,8,822.9788000000001,E,8,999.0,E,8,0.59,E,8,-9900,?,9,-9900,?,9,0.001,E,8,-9900,?,9,-9900,?,9,0.01,99.0,E,8
11/22/2020,01:00,0.0,1401.323,0.0,1,8,0.0,1,8,0.0,1,8,0.0,1,8,0.0,1,8,0.0,1,8,-0.0,1,8,-9900,?,9,-9900,?,9,13.35,E,8,12.15,E,8,89.0,E,8,822.9788000000001,E,8,999.0,E,8,0.59,E,8,-9900,?,9,-9900,?,9,0.0,E,8,-9900,?,9,-9900,?,9,0.0,0.0,E,8
11/22/2020,02:00,0.0,1401.323,0.0,1,8,0.0,1,8,0.0,1,8,0.0,1,8,0.0,1,8,0.0,1,8,-0.0,1,8,-9900,?,9,-9900,?,9,12.92,E,8,11.95,E,8,90.0,E,8,822.9788000000001,E,8,999.0,E,8,0.59,E,8,-9900,?,9,-9900,?,9,0.0,E,8,-9900,?,9,-9900,?,9,0.0,0.0,E,8
11/22/2020,03:00,0.0,1401.323,0.0,1,8,0.0,1,8,0.0,1,8,0.0,1,8,0.0,1,8,0.0,1,8,-0.0,1,8,-9900,?,9,-9900,?,9,12.49,E,8,11.76,E,8,94.0,E,8,822.9788000000001,E,8,999.0,E,8,0.59,E,8,-9900,?,9,-9900,?,9,0.001,E,8,-9900,?,9,-9900,?,9,0.01,99.0,E,8
11/22/2020,04:00,0.0,1401.886,0.0,1,8,0.0,1,8,0.0,1,8,0.0,1,8,0.0,1,8,0.0,1,8,-0.0,1,8,-9900,?,9,-9900,?,9,12.06,E,8,11.56,E,8,92.0,E,8,822.9788000000001,E,8,999.0,E,8,0.59,E,8,-9900,?,9,-9900,?,9,0.0,E,8,-9900,?,9,-9900,?,9,0.0,0.0,E,8
11/22/2020,05:00,0.0,1401.886,0.0,1,8,0.0,1,8,0.0,1,8,0.0,1,8,0.0,1,8,0.0,1,8,-0.0,1,8,-9900,?,9,-9900,?,9,11.68,E,8,11.38,E,8,95.0,E,8,822.9788000000001,E,8,999.0,E,8,0.59,E,8,-9900,?,9,-9900,?,9,0.003,E,8,-9900,?,9,-9900,?,9,0.03,99.0,E,8
11/22/2020,06:00,152.237,1401.886,0.0,1,8,0.0,1,8,0.0,1,8,0.0,1,8,0.0,1,8,0.0,1,8,0.0,1,8,-9900,?,9,-9900,?,9,11.39,E,8,11.24,E,8,96.0,E,8,822.9788000000001,E,8,999.0,E,8,0.59,E,8,-9900,?,9,-9900,?,9,0.006,E,8,-9900,?,9,-9900,?,9,0.06,99.0,E,8
11/22/2020,07:00,468.501,1401.886,18.17,1,8,0.0,1,8,18.17,1,8,2180.4,1,8,0.0,1,8,1998.7,1,8,17.346,1,8,-9900,?,9,-9900,?,9,11.11,E,8,11.1,E,8,96.0,E,8,822.9788000000001,E,8,999.0,E,8,0.59,E,8,-9900,?,9,-9900,?,9,0.024,E,8,-9900,?,9,-9900,?,9,0.24,99.0,E,8
11/22/2020,08:00,766.468,1401.886,48.53,1,8,0.0,1,8,48.53,1,8,5823.6,1,8,0.0,1,8,5338.3,1,8,28.273,1,8,-9900,?,9,-9900,?,9,12.34,E,8,11.69,E,8,94.0,E,8,822.9788000000001,E,8,999.0,E,8,0.59,E,8,-9900,?,9,-9900,?,9,0.002,E,8,-9900,?,9,-9900,?,9,0.02,99.0,E,8
11/22/2020,09:00,1024.382,1401.886,77.26,1,8,0.0,1,8,77.26,1,8,9271.2,1,8,0.0,1,8,8498.6,1,8,33.664,1,8,-9900,?,9,-9900,?,9,12.87,E,8,11.93,E,8,93.0,E,8,822.9788000000001,E,8,999.0,E,8,0.59,E,8,-9900,?,9,-9900,?,9,0.003,E,8,-9900,?,9,-9900,?,9,0.03,99.0,E,8
11/22/2020,10:00,1224.488,1401.886,101.22,1,8,0.0,1,8,101.22,1,8,12146.4,1,8,0.0,1,8,11134.2,1,8,36.89,1,8,-9900,?,9,-9900,?,9,13.36,E,8,12.16,E,8,89.0,E,8,822.9788000000001,E,8,999.0,E,8,0.59,E,8,-9900,?,9,-9900,?,9,0.0,E,8,-9900,?,9,-9900,?,9,0.0,0.0,E,8
11/22/2020,11:00,1353.109,1401.886,118.49,1,8,0.376,1,8,118.127,1,8,14218.8,1,8,35.73,1,8,12993.969,1,8,38.957,1,8,-9900,?,9,-9900,?,9,13.78,E,8,12.34,E,8,89.0,E,8,822.9788000000001,E,8,999.0,E,8,0.59,E,8,-9900,?,9,-9900,?,9,0.0,E,8,-9900,?,9,-9900,?,9,0.0,0.0,E,8
11/22/2020,12:00,1401.474,1401.886,127.81,1,8,1.149,1,8,126.662,1,8,15337.2,1,8,109.133,1,8,13932.773,1,8,40.329,1,8,-9900,?,9,-9900,?,9,14.12,E,8,12.5,E,8,88.0,E,8,822.9788000000001,E,8,999.0,E,8,0.59,E,8,-9900,?,9,-9900,?,9,0.0,E,8,-9900,?,9,-9900,?,9,0.0,0.0,E,8
11/22/2020,13:00,1366.297,1401.886,128.5,1,8,1.227,1,8,127.305,1,8,15420.0,1,8,116.522,1,8,14003.507,1,8,41.578,1,8,-9900,?,9,-9900,?,9,14.37,E,8,12.61,E,8,90.0,E,8,822.9788000000001,E,8,999.0,E,8,0.59,E,8,-9900,?,9,-9900,?,9,0.005,E,8,-9900,?,9,-9900,?,9,0.05,99.0,E,8
11/22/2020,14:00,1249.993,1401.886,120.52,1,8,0.579,1,8,120.004,1,8,14462.4,1,8,54.967,1,8,13200.454,1,8,42.843,1,8,-9900,?,9,-9900,?,9,14.51,E,8,12.67,E,8,90.0,E,8,822.9788000000001,E,8,999.0,E,8,0.59,E,8,-9900,?,9,-9900,?,9,0.007000000000000001,E,8,-9900,?,9,-9900,?,9,0.07,99.0,E,8
11/22/2020,15:00,1060.517,1401.886,104.45,1,8,0.0,1,8,104.45,1,8,12534.0,1,8,0.0,1,8,11489.5,1,8,43.959,1,8,-9900,?,9,-9900,?,9,14.56,E,8,12.69,E,8,90.0,E,8,822.9788000000001,E,8,999.0,E,8,0.59,E,8,-9900,?,9,-9900,?,9,0.012,E,8,-9900,?,9,-9900,?,9,0.12,99.0,E,8
11/22/2020,16:00,810.839,1401.886,81.46,1,8,0.0,1,8,81.46,1,8,9775.2,1,8,0.0,1,8,8960.6,1,8,44.857,1,8,-9900,?,9,-9900,?,9,14.48,E,8,12.65,E,8,90.0,E,8,822.9788000000001,E,8,999.0,E,8,0.59,E,8,-9900,?,9,-9900,?,9,0.015,E,8,-9900,?,9,-9900,?,9,0.15,99.0,E,8
11/22/2020,17:00,518.133,1401.886,53.34,1,8,0.0,1,8,53.34,1,8,6400.8,1,8,0.0,1,8,5867.4,1,8,46.023,1,8,-9900,?,9,-9900,?,9,14.26,E,8,12.56,E,8,90.0,E,8,822.9788000000001,E,8,999.0,E,8,0.59,E,8,-9900,?,9,-9900,?,9,0.03,E,8,-9900,?,9,-9900,?,9,0.3,99.0,E,8
11/22/2020,18:00,203.302,1401.886,22.93,1,8,0.0,1,8,22.93,1,8,2751.6,1,8,0.0,1,8,2522.3,1,8,50.979,1,8,-9900,?,9,-9900,?,9,13.92,E,8,12.41,E,8,91.0,E,8,822.9788000000001,E,8,999.0,E,8,0.59,E,8,-9900,?,9,-9900,?,9,0.009,E,8,-9900,?,9,-9900,?,9,0.09,99.0,E,8
11/22/2020,19:00,0.0,1401.886,0.35,1,8,0.0,1,8,0.0,1,8,42.0,1,8,0.0,1,8,0.0,1,8,-0.0,1,8,-9900,?,9,-9900,?,9,13.5,E,8,12.22,E,8,92.0,E,8,822.9788000000001,E,8,999.0,E,8,0.59,E,8,-9900,?,9,-9900,?,9,0.019,E,8,-9900,?,9,-9900,?,9,0.19,99.0,E,8
11/22/2020,20:00,0.0,1401.886,0.0,1,8,0.0,1,8,0.0,1,8,0.0,1,8,0.0,1,8,0.0,1,8,-0.0,1,8,-9900,?,9,-9900,?,9,13.07,E,8,12.02,E,8,93.0,E,8,822.9788000000001,E,8,999.0,E,8,0.59,E,8,-9900,?,9,-9900,?,9,0.056999999999999995,E,8,-9900,?,9,-9900,?,9,0.57,99.0,E,8
11/22/2020,21:00,0.0,1401.886,0.0,1,8,0.0,1,8,0.0,1,8,0.0,1,8,0.0,1,8,0.0,1,8,-0.0,1,8,-9900,?,9,-9900,?,9,12.65,E,8,11.83,E,8,93.0,E,8,822.9788000000001,E,8,999.0,E,8,0.59,E,8,-9900,?,9,-9900,?,9,0.094,E,8,-9900,?,9,-9900,?,9,0.94,99.0,E,8
11/22/2020,22:00,0.0,1401.886,0.0,1,8,0.0,1,8,0.0,1,8,0.0,1,8,0.0,1,8,0.0,1,8,-0.0,1,8,-9900,?,9,-9900,?,9,12.22,E,8,11.63,E,8,99.0,E,8,822.9788000000001,E,8,999.0,E,8,0.59,E,8,-9900,?,9,-9900,?,9,1.0710000000000002,E,8,-9900,?,9,-9900,?,9,10.71,99.0,E,8
11/22/2020,23:00,0.0,1401.886,0.0,1,8,0.0,1,8,0.0,1,8,0.0,1,8,0.0,1,8,0.0,1,8,-0.0,1,8,-9900,?,9,-9900,?,9,11.8,E,8,11.43,E,8,95.0,E,8,822.9788000000001,E,8,999.0,E,8,0.59,E,8,-9900,?,9,-9900,?,9,0.04,E,8,-9900,?,9,-9900,?,9,0.4,99.0,E,8
11/22/2020,24:00,0.0,1401.886,0.0,1,8,0.0,1,8,0.0,1,8,0.0,1,8,0.0,1,8,0.0,1,8,-0.0,1,8,-9900,?,9,-9900,?,9,11.38,E,8,10.26,E,8,92.0,E,8,822.9788000000001,E,8,999.0,E,8,0.58,E,8,-9900,?,9,-9900,?,9,0.0,E,8,-9900,?,9,-9900,?,9,0.0,0.0,E,8
11/23/2020,01:00,0.0,1401.886,0.0,1,8,0.0,1,8,0.0,1,8,0.0,1,8,0.0,1,8,0.0,1,8,-0.0,1,8,-9900,?,9,-9900,?,9,11.16,E,8,10.15,E,8,93.0,E,8,822.9788000000001,E,8,999.0,E,8,0.58,E,8,-9900,?,9,-9900,?,9,0.0,E,8,-9900,?,9,-9900,?,9,0.0,0.0,E,8
11/23/2020,02:00,0.0,1401.886,0.0,1,8,0.0,1,8,0.0,1,8,0.0,1,8,0.0,1,8,0.0,1,8,-0.0,1,8,-9900,?,9,-9900,?,9,10.95,E,8,10.05,E,8,94.0,E,8,822.9788000000001,E,8,999.0,E,8,0.58,E,8,-9900,?,9,-9900,?,9,0.0,E,8,-9900,?,9,-9900,?,9,0.0,0.0,E,8
11/23/2020,03:00,0.0,1401.886,0.0,1,8,0.0,1,8,0.0,1,8,0.0,1,8,0.0,1,8,0.0,1,8,-0.0,1,8,-9900,?,9,-9900,?,9,10.74,E,8,9.94,E,8,94.0,E,8,822.9788000000001,E,8,999.0,E,8,0.58,E,8,-9900,?,9,-9900,?,9,0.0,E,8,-9900,?,9,-9900,?,9,0.0,0.0,E,8
11/23/2020,04:00,0.0,1402.439,0.0,1,8,0.0,1,8,0.0,1,8,0.0,1,8,0.0,1,8,0.0,1,8,-0.0,1,8,-9900,?,9,-9900,?,9,10.53,E,8,9.84,E,8,95.0,E,8,822.9788000000001,E,8,999.0,E,8,0.58,E,8,-9900,?,9,-9900,?,9,0.0,E,8,-9900,?,9,-9900,?,9,0.0,0.0,E,8
11/23/2020,05:00,0.0,1402.439,0.0,1,8,0.0,1,8,0.0,1,8,0.0,1,8,0.0,1,8,0.0,1,8,-0.0,1,8,-9900,?,9,-9900,?,9,10.34,E,8,9.74,E,8,96.0,E,8,822.9788000000001,E,8,999.0,E,8,0.58,E,8,-9900,?,9,-9900,?,9,0.0,E,8,-9900,?,9,-9900,?,9,0.0,0.0,E,8
11/23/2020,06:00,152.593,1402.439,0.0,1,8,0.0,1,8,0.0,1,8,0.0,1,8,0.0,1,8,0.0,1,8,0.0,1,8,-9900,?,9,-9900,?,9,10.2,E,8,9.67,E,8,96.0,E,8,822.9788000000001,E,8,999.0,E,8,0.58,E,8,-9900,?,9,-9900,?,9,0.0,E,8,-9900,?,9,-9900,?,9,0.0,0.0,E,8
11/23/2020,07:00,468.594,1402.439,53.53,1,8,0.0,1,8,53.53,1,8,6423.6,1,8,0.0,1,8,5888.3,1,8,51.114,1,8,-9900,?,9,-9900,?,9,10.06,E,8,9.6,E,8,96.0,E,8,822.9788000000001,E,8,999.0,E,8,0.58,E,8,-9900,?,9,-9900,?,9,0.0,E,8,-9900,?,9,-9900,?,9,0.0,0.0,E,8
11/23/2020,08:00,766.41,1402.439,142.84,1,8,3.889,1,8,140.716,1,8,17140.8,1,8,369.462,1,8,15478.776,1,8,82.019,1,8,-9900,?,9,-9900,?,9,12.25,E,8,10.67,E,8,90.0,E,8,822.9788000000001,E,8,999.0,E,8,0.58,E,8,-9900,?,9,-9900,?,9,0.0,E,8,-9900,?,9,-9900,?,9,0.0,0.0,E,8
11/23/2020,09:00,1024.301,1402.439,227.39,1,8,2.726,1,8,225.399,1,8,27286.8,1,8,258.993,1,8,24793.928,1,8,98.259,1,8,-9900,?,9,-9900,?,9,13.21,E,8,11.12,E,8,87.0,E,8,822.9788000000001,E,8,999.0,E,8,0.58,E,8,-9900,?,9,-9900,?,9,0.0,E,8,-9900,?,9,-9900,?,9,0.0,0.0,E,8
11/23/2020,10:00,1224.513,1402.439,297.93,1,8,12.909,1,8,286.66,1,8,35751.6,1,8,1226.347,1,8,31532.584,1,8,104.515,1,8,-9900,?,9,-9900,?,9,14.08,E,8,11.51,E,8,84.0,E,8,822.9788000000001,E,8,999.0,E,8,0.58,E,8,-9900,?,9,-9900,?,9,0.0,E,8,-9900,?,9,-9900,?,9,0.0,0.0,E,8
11/23/2020,11:00,1353.361,1402.439,348.83,1,8,20.167,1,8,329.369,1,8,41859.6,1,8,1915.894,1,8,36230.575,1,8,108.646,1,8,-9900,?,9,-9900,?,9,14.83,E,8,11.85,E,8,82.0,E,8,822.9788000000001,E,8,999.0,E,8,0.58,E,8,-9900,?,9,-9900,?,9,0.0,E,8,-9900,?,9,-9900,?,9,0.0,0.0,E,8
11/23/2020,12:00,1402.06,1402.439,376.34,1,8,21.244,1,8,355.102,1,8,45160.8,1,8,2018.156,1,8,39061.218,1,8,113.063,1,8,-9900,?,9,-9900,?,9,15.44,E,8,12.11,E,8,80.0,E,8,822.9788000000001,E,8,999.0,E,8,0.58,E,8,-9900,?,9,-9900,?,9,0.0,E,8,-9900,?,9,-9900,?,9,0.0,0.0,E,8
11/23/2020,13:00,1367.3,1402.439,378.5,1,8,21.756,1,8,357.29,1,8,45420.0,1,8,2066.781,1,8,39301.881,1,8,116.653,1,8,-9900,?,9,-9900,?,9,15.88,E,8,12.3,E,8,79.0,E,8,822.9788000000001,E,8,999.0,E,8,0.58,E,8,-9900,?,9,-9900,?,9,0.0,E,8,-9900,?,9,-9900,?,9,0.0,0.0,E,8
11/23/2020,14:00,1251.467,1402.439,355.16,1,8,15.95,1,8,340.928,1,8,42619.2,1,8,1515.21,1,8,37502.13,1,8,121.622,1,8,-9900,?,9,-9900,?,9,16.14,E,8,12.41,E,8,78.0,E,8,822.9788000000001,E,8,999.0,E,8,0.64,E,8,-9900,?,9,-9900,?,9,0.0,E,8,-9900,?,9,-9900,?,9,0.0,0.0,E,8
11/23/2020,15:00,1062.484,1402.439,307.99,1,8,11.654,1,8,299.163,1,8,36958.8,1,8,1107.133,1,8,32907.915,1,8,125.723,1,8,-9900,?,9,-9900,?,9,16.23,E,8,12.45,E,8,78.0,E,8,822.9788000000001,E,8,999.0,E,8,0.65,E,8,-9900,?,9,-9900,?,9,0.0,E,8,-9900,?,9,-9900,?,9,0.0,0.0,E,8
11/23/2020,16:00,813.285,1402.439,240.45,1,8,10.107,1,8,234.592,1,8,28854.0,1,8,960.161,1,8,25805.151,1,8,128.842,1,8,-9900,?,9,-9900,?,9,16.09,E,8,12.39,E,8,78.0,E,8,822.9788000000001,E,8,999.0,E,8,0.58,E,8,-9900,?,9,-9900,?,9,0.0,E,8,-9900,?,9,-9900,?,9,0.0,0.0,E,8
11/23/2020,17:00,521.011,1402.439,157.81,1,8,20.506,1,8,150.206,1,8,18937.2,1,8,1948.071,1,8,16522.635,1,8,128.933,1,8,-9900,?,9,-9900,?,9,15.69,E,8,12.22,E,8,79.0,E,8,822.9788000000001,E,8,999.0,E,8,0.58,E,8,-9900,?,9,-9900,?,9,0.0,E,8,-9900,?,9,-9900,?,9,0.0,0.0,E,8
11/23/2020,18:00,206.51,1402.439,68.31,1,8,59.655,1,8,59.634,1,8,8197.2,1,8,5667.23,1,8,6559.778,1,8,130.524,1,8,-9900,?,9,-9900,?,9,15.08,E,8,11.96,E,8,81.0,E,8,822.9788000000001,E,8,999.0,E,8,0.58,E,8,-9900,?,9,-9900,?,9,0.0,E,8,-9900,?,9,-9900,?,9,0.0,0.0,E,8
11/23/2020,19:00,0.0,1402.439,1.19,1,8,0.0,1,8,0.0,1,8,142.8,1,8,0.0,1,8,0.0,1,8,-0.0,1,8,-9900,?,9,-9900,?,9,14.51,E,8,11.71,E,8,83.0,E,8,822.9788000000001,E,8,999.0,E,8,0.58,E,8,-9900,?,9,-9900,?,9,0.0,E,8,-9900,?,9,-9900,?,9,0.0,0.0,E,8
11/23/2020,20:00,0.0,1402.439,0.0,1,8,0.0,1,8,0.0,1,8,0.0,1,8,0.0,1,8,0.0,1,8,-0.0,1,8,-9900,?,9,-9900,?,9,13.94,E,8,11.45,E,8,84.0,E,8,822.9788000000001,E,8,999.0,E,8,0.58,E,8,-9900,?,9,-9900,?,9,0.0,E,8,-9900,?,9,-9900,?,9,0.0,0.0,E,8
11/23/2020,21:00,0.0,1402.439,0.0,1,8,0.0,1,8,0.0,1,8,0.0,1,8,0.0,1,8,0.0,1,8,-0.0,1,8,-9900,?,9,-9900,?,9,13.37,E,8,11.19,E,8,86.0,E,8,822.9788000000001,E,8,999.0,E,8,0.58,E,8,-9900,?,9,-9900,?,9,0.0,E,8,-9900,?,9,-9900,?,9,0.0,0.0,E,8
11/23/2020,22:00,0.0,1402.439,0.0,1,8,0.0,1,8,0.0,1,8,0.0,1,8,0.0,1,8,0.0,1,8,-0.0,1,8,-9900,?,9,-9900,?,9,12.8,E,8,10.93,E,8,88.0,E,8,822.9788000000001,E,8,999.0,E,8,0.58,E,8,-9900,?,9,-9900,?,9,0.0,E,8,-9900,?,9,-9900,?,9,0.0,0.0,E,8
11/23/2020,23:00,0.0,1402.439,0.0,1,8,0.0,1,8,0.0,1,8,0.0,1,8,0.0,1,8,0.0,1,8,-0.0,1,8,-9900,?,9,-9900,?,9,12.22,E,8,10.66,E,8,90.0,E,8,822.9788000000001,E,8,999.0,E,8,0.58,E,8,-9900,?,9,-9900,?,9,0.0,E,8,-9900,?,9,-9900,?,9,0.0,0.0,E,8
11/23/2020,24:00,0.0,1402.439,0.0,1,8,0.0,1,8,0.0,1,8,0.0,1,8,0.0,1,8,0.0,1,8,-0.0,1,8,-9900,?,9,-9900,?,9,11.65,E,8,9.8,E,8,88.0,E,8,822.9788000000001,E,8,999.0,E,8,0.59,E,8,-9900,?,9,-9900,?,9,0.0,E,8,-9900,?,9,-9900,?,9,0.0,0.0,E,8
11/24/2020,01:00,0.0,1402.439,0.0,1,8,0.0,1,8,0.0,1,8,0.0,1,8,0.0,1,8,0.0,1,8,-0.0,1,8,-9900,?,9,-9900,?,9,11.37,E,8,9.74,E,8,89.0,E,8,822.9788000000001,E,8,999.0,E,8,0.59,E,8,-9900,?,9,-9900,?,9,0.0,E,8,-9900,?,9,-9900,?,9,0.0,0.0,E,8
11/24/2020,02:00,0.0,1402.439,0.0,1,8,0.0,1,8,0.0,1,8,0.0,1,8,0.0,1,8,0.0,1,8,-0.0,1,8,-9900,?,9,-9900,?,9,11.08,E,8,9.67,E,8,91.0,E,8,822.9788000000001,E,8,999.0,E,8,0.59,E,8,-9900,?,9,-9900,?,9,0.0,E,8,-9900,?,9,-9900,?,9,0.0,0.0,E,8
11/24/2020,03:00,0.0,1402.439,0.0,1,8,0.0,1,8,0.0,1,8,0.0,1,8,0.0,1,8,0.0,1,8,-0.0,1,8,-9900,?,9,-9900,?,9,10.8,E,8,9.6,E,8,92.0,E,8,822.9788000000001,E,8,999.0,E,8,0.59,E,8,-9900,?,9,-9900,?,9,0.0,E,8,-9900,?,9,-9900,?,9,0.0,0.0,E,8
11/24/2020,04:00,0.0,1402.98,0.0,1,8,0.0,1,8,0.0,1,8,0.0,1,8,0.0,1,8,0.0,1,8,-0.0,1,8,-9900,?,9,-9900,?,9,10.51,E,8,9.53,E,8,93.0,E,8,822.9788000000001,E,8,999.0,E,8,0.59,E,8,-9900,?,9,-9900,?,9,0.0,E,8,-9900,?,9,-9900,?,9,0.0,0.0,E,8
11/24/2020,05:00,0.0,1402.98,0.0,1,8,0.0,1,8,0.0,1,8,0.0,1,8,0.0,1,8,0.0,1,8,-0.0,1,8,-9900,?,9,-9900,?,9,10.26,E,8,9.47,E,8,94.0,E,8,822.9788000000001,E,8,999.0,E,8,0.59,E,8,-9900,?,9,-9900,?,9,0.0,E,8,-9900,?,9,-9900,?,9,0.0,0.0,E,8
11/24/2020,06:00,152.831,1402.98,0.0,1,8,0.0,1,8,0.0,1,8,0.0,1,8,0.0,1,8,0.0,1,8,0.0,1,8,-9900,?,9,-9900,?,9,10.07,E,8,9.43,E,8,95.0,E,8,822.9788000000001,E,8,999.0,E,8,0.59,E,8,-9900,?,9,-9900,?,9,0.0,E,8,-9900,?,9,-9900,?,9,0.0,0.0,E,8
11/24/2020,07:00,468.575,1402.98,49.85,1,8,0.0,1,8,49.85,1,8,5982.0,1,8,0.0,1,8,5483.5,1,8,47.62,1,8,-9900,?,9,-9900,?,9,9.88,E,8,9.38,E,8,96.0,E,8,822.9788000000001,E,8,999.0,E,8,0.59,E,8,-9900,?,9,-9900,?,9,0.0,E,8,-9900,?,9,-9900,?,9,0.0,0.0,E,8
11/24/2020,08:00,766.252,1402.98,132.95,1,8,0.0,1,8,132.95,1,8,15954.0,1,8,0.0,1,8,14624.5,1,8,77.539,1,8,-9900,?,9,-9900,?,9,11.98,E,8,9.88,E,8,86.0,E,8,822.9788000000001,E,8,999.0,E,8,0.59,E,8,-9900,?,9,-9900,?,9,0.0,E,8,-9900,?,9,-9900,?,9,0.0,0.0,E,8
11/24/2020,09:00,1024.134,1402.98,211.66,1,8,1.548,1,8,210.53,1,8,25399.2,1,8,147.074,1,8,23158.321,1,8,91.827,1,8,-9900,?,9,-9900,?,9,12.9,E,8,10.1,E,8,83.0,E,8,822.9788000000001,E,8,999.0,E,8,0.59,E,8,-9900,?,9,-9900,?,9,0.0,E,8,-9900,?,9,-9900,?,9,0.0,0.0,E,8
11/24/2020,10:00,1224.468,1402.98,277.36,1,8,2.267,1,8,275.381,1,8,33283.2,1,8,215.382,1,8,30291.962,1,8,100.445,1,8,-9900,?,9,-9900,?,9,13.74,E,8,10.29,E,8,79.0,E,8,822.9788000000001,E,8,999.0,E,8,0.59,E,8,-9900,?,9,-9900,?,9,0.0,E,8,-9900,?,9,-9900,?,9,0.0,0.0,E,8
11/24/2020,11:00,1353.562,1402.98,324.82,1,8,7.604,1,8,317.484,1,8,38978.4,1,8,722.405,1,8,34923.213,1,8,104.75,1,8,-9900,?,9,-9900,?,9,14.46,E,8,10.45,E,8,76.0,E,8,822.9788000000001,E,8,999.0,E,8,0.59,E,8,-9900,?,9,-9900,?,9,0.0,E,8,-9900,?,9,-9900,?,9,0.0,0.0,E,8
11/24/2020,12:00,1402.612,1402.98,350.53,1,8,7.005,1,8,343.527,1,8,42063.6,1,8,665.442,1,8,37787.99,1,8,109.377,1,8,-9900,?,9,-9900,?,9,15.04,E,8,10.58,E,8,74.0,E,8,822.9788000000001,E,8,999.0,E,8,0.59,E,8,-9900,?,9,-9900,?,9,0.0,E,8,-9900,?,9,-9900,?,9,0.0,0.0,E,8
11/24/2020,13:00,1368.285,1402.98,352.65,1,8,7.064,1,8,345.761,1,8,42318.0,1,8,671.08,1,8,38033.687,1,8,112.852,1,8,-9900,?,9,-9900,?,9,15.46,E,8,10.68,E,8,73.0,E,8,822.9788000000001,E,8,999.0,E,8,0.59,E,8,-9900,?,9,-9900,?,9,0.0,E,8,-9900,?,9,-9900,?,9,0.0,0.0,E,8
11/24/2020,14:00,1252.937,1402.98,331.05,1,8,6.162,1,8,325.548,1,8,39726.0,1,8,585.376,1,8,35810.23,1,8,116.043,1,8,-9900,?,9,-9900,?,9,15.72,E,8,10.73,E,8,72.0,E,8,822.9788000000001,E,8,999.0,E,8,0.59,E,8,-9900,?,9,-9900,?,9,0.0,E,8,-9900,?,9,-9900,?,9,0.0,0.0,E,8
11/24/2020,15:00,1064.457,1402.98,287.26,1,8,19.197,1,8,272.698,1,8,34471.2,1,8,1823.746,1,8,29996.773,1,8,114.433,1,8,-9900,?,9,-9900,?,9,15.8,E,8,10.75,E,8,71.0,E,8,822.9788000000001,E,8,999.0,E,8,0.59,E,8,-9900,?,9,-9900,?,9,0.0,E,8,-9900,?,9,-9900,?,9,0.0,0.0,E,8
11/24/2020,16:00,815.744,1402.98,224.5,1,8,4.919,1,8,221.642,1,8,26940.0,1,8,467.299,1,8,24380.576,1,8,121.408,1,8,-9900,?,9,-9900,?,9,15.67,E,8,10.72,E,8,77.0,E,8,822.9788000000001,E,8,999.0,E,8,0.59,E,8,-9900,?,9,-9900,?,9,0.002,E,8,-9900,?,9,-9900,?,9,0.02,99.0,E,8
11/24/2020,17:00,523.902,1402.98,147.67,1,8,13.557,1,8,142.616,1,8,17720.4,1,8,1287.962,1,8,15687.807,1,8,121.787,1,8,-9900,?,9,-9900,?,9,15.3,E,8,10.64,E,8,78.0,E,8,822.9788000000001,E,8,999.0,E,8,0.59,E,8,-9900,?,9,-9900,?,9,0.098,E,8,-9900,?,9,-9900,?,9,0.98,99.0,E,8
11/24/2020,18:00,209.728,1402.98,64.39,1,8,31.013,1,8,59.81,1,8,7726.8,1,8,2946.214,1,8,6579.059,1,8,128.903,1,8,-9900,?,9,-9900,?,9,14.71,E,8,10.51,E,8,75.0,E,8,822.9788000000001,E,8,999.0,E,8,0.59,E,8,-9900,?,9,-9900,?,9,0.0,E,8,-9900,?,9,-9900,?,9,0.0,0.0,E,8
11/24/2020,19:00,0.0,1402.98,1.29,1,8,0.0,1,8,0.0,1,8,154.8,1,8,0.0,1,8,0.0,1,8,-0.0,1,8,-9900,?,9,-9900,?,9,14.11,E,8,10.37,E,8,78.0,E,8,822.9788000000001,E,8,999.0,E,8,0.59,E,8,-9900,?,9,-9900,?,9,0.0,E,8,-9900,?,9,-9900,?,9,0.0,0.0,E,8
11/24/2020,20:00,0.0,1402.98,0.0,1,8,0.0,1,8,0.0,1,8,0.0,1,8,0.0,1,8,0.0,1,8,-0.0,1,8,-9900,?,9,-9900,?,9,13.51,E,8,10.24,E,8,80.0,E,8,822.9788000000001,E,8,999.0,E,8,0.59,E,8,-9900,?,9,-9900,?,9,0.0,E,8,-9900,?,9,-9900,?,9,0.0,0.0,E,8
11/24/2020,21:00,0.0,1402.98,0.0,1,8,0.0,1,8,0.0,1,8,0.0,1,8,0.0,1,8,0.0,1,8,-0.0,1,8,-9900,?,9,-9900,?,9,12.91,E,8,10.1,E,8,82.0,E,8,822.9788000000001,E,8,999.0,E,8,0.59,E,8,-9900,?,9,-9900,?,9,0.0,E,8,-9900,?,9,-9900,?,9,0.0,0.0,E,8
11/24/2020,22:00,0.0,1402.98,0.0,1,8,0.0,1,8,0.0,1,8,0.0,1,8,0.0,1,8,0.0,1,8,-0.0,1,8,-9900,?,9,-9900,?,9,12.32,E,8,9.96,E,8,85.0,E,8,822.9788000000001,E,8,999.0,E,8,0.59,E,8,-9900,?,9,-9900,?,9,0.0,E,8,-9900,?,9,-9900,?,9,0.0,0.0,E,8
11/24/2020,23:00,0.0,1402.98,0.0,1,8,0.0,1,8,0.0,1,8,0.0,1,8,0.0,1,8,0.0,1,8,-0.0,1,8,-9900,?,9,-9900,?,9,11.72,E,8,9.82,E,8,88.0,E,8,822.9788000000001,E,8,999.0,E,8,0.59,E,8,-9900,?,9,-9900,?,9,0.0,E,8,-9900,?,9,-9900,?,9,0.0,0.0,E,8
11/24/2020,24:00,0.0,1402.98,0.0,1,8,0.0,1,8,0.0,1,8,0.0,1,8,0.0,1,8,0.0,1,8,-0.0,1,8,-9900,?,9,-9900,?,9,11.12,E,8,5.49,E,8,68.0,E,8,822.9788000000001,E,8,999.0,E,8,0.43,E,8,-9900,?,9,-9900,?,9,0.0,E,8,-9900,?,9,-9900,?,9,0.0,0.0,E,8
11/25/2020,01:00,0.0,1402.98,0.0,1,8,0.0,1,8,0.0,1,8,0.0,1,8,0.0,1,8,0.0,1,8,-0.0,1,8,-9900,?,9,-9900,?,9,10.82,E,8,5.88,E,8,71.0,E,8,822.9788000000001,E,8,999.0,E,8,0.43,E,8,-9900,?,9,-9900,?,9,0.0,E,8,-9900,?,9,-9900,?,9,0.0,0.0,E,8
11/25/2020,02:00,0.0,1402.98,0.0,1,8,0.0,1,8,0.0,1,8,0.0,1,8,0.0,1,8,0.0,1,8,-0.0,1,8,-9900,?,9,-9900,?,9,10.52,E,8,6.26,E,8,74.0,E,8,822.9788000000001,E,8,999.0,E,8,0.43,E,8,-9900,?,9,-9900,?,9,0.0,E,8,-9900,?,9,-9900,?,9,0.0,0.0,E,8
11/25/2020,03:00,0.0,1402.98,0.0,1,8,0.0,1,8,0.0,1,8,0.0,1,8,0.0,1,8,0.0,1,8,-0.0,1,8,-9900,?,9,-9900,?,9,10.22,E,8,6.63,E,8,78.0,E,8,822.9788000000001,E,8,999.0,E,8,0.43,E,8,-9900,?,9,-9900,?,9,0.0,E,8,-9900,?,9,-9900,?,9,0.0,0.0,E,8
11/25/2020,04:00,0.0,1403.511,0.0,1,8,0.0,1,8,0.0,1,8,0.0,1,8,0.0,1,8,0.0,1,8,-0.0,1,8,-9900,?,9,-9900,?,9,9.92,E,8,7.0,E,8,82.0,E,8,822.9788000000001,E,8,999.0,E,8,0.43,E,8,-9900,?,9,-9900,?,9,0.0,E,8,-9900,?,9,-9900,?,9,0.0,0.0,E,8
11/25/2020,05:00,0.0,1403.511,0.0,1,8,0.0,1,8,0.0,1,8,0.0,1,8,0.0,1,8,0.0,1,8,-0.0,1,8,-9900,?,9,-9900,?,9,9.66,E,8,7.3,E,8,85.0,E,8,822.9788000000001,E,8,999.0,E,8,0.43,E,8,-9900,?,9,-9900,?,9,0.0,E,8,-9900,?,9,-9900,?,9,0.0,0.0,E,8
11/25/2020,06:00,152.953,1403.511,0.0,1,8,0.0,1,8,0.0,1,8,0.0,1,8,0.0,1,8,0.0,1,8,0.0,1,8,-9900,?,9,-9900,?,9,9.46,E,8,7.54,E,8,87.0,E,8,822.9788000000001,E,8,999.0,E,8,0.43,E,8,-9900,?,9,-9900,?,9,0.0,E,8,-9900,?,9,-9900,?,9,0.0,0.0,E,8
11/25/2020,07:00,468.445,1403.511,95.72,1,8,0.0,1,8,95.72,1,8,11486.4,1,8,0.0,1,8,10529.2,1,8,91.499,1,8,-9900,?,9,-9900,?,9,9.26,E,8,7.77,E,8,90.0,E,8,822.9788000000001,E,8,999.0,E,8,0.43,E,8,-9900,?,9,-9900,?,9,0.0,E,8,-9900,?,9,-9900,?,9,0.0,0.0,E,8
11/25/2020,08:00,765.994,1403.511,255.28,1,8,29.361,1,8,239.267,1,8,30633.6,1,8,2789.296,1,8,26319.338,1,8,139.644,1,8,-9900,?,9,-9900,?,9,12.44,E,8,3.65,E,8,54.0,E,8,822.9788000000001,E,8,999.0,E,8,0.43,E,8,-9900,?,9,-9900,?,9,0.0,E,8,-9900,?,9,-9900,?,9,0.0,0.0,E,8
11/25/2020,09:00,1023.882,1403.511,406.48,1,8,52.331,1,8,368.314,1,8,48777.6,1,8,4971.451,1,8,40514.494,1,8,160.748,1,8,-9900,?,9,-9900,?,9,13.83,E,8,1.44,E,8,42.0,E,8,822.9788000000001,E,8,999.0,E,8,0.43,E,8,-9900,?,9,-9900,?,9,0.0,E,8,-9900,?,9,-9900,?,9,0.0,0.0,E,8
11/25/2020,10:00,1224.355,1403.511,532.76,1,8,76.017,1,8,466.452,1,8,63931.2,1,8,7221.636,1,8,51309.759,1,8,170.218,1,8,-9900,?,9,-9900,?,9,15.1,E,8,-0.79,E,8,33.0,E,8,822.9788000000001,E,8,999.0,E,8,0.43,E,8,-9900,?,9,-9900,?,9,0.0,E,8,-9900,?,9,-9900,?,9,0.0,0.0,E,8
11/25/2020,11:00,1353.712,1403.511,624.05,1,8,5.617,1,8,618.632,1,8,74886.0,1,8,533.647,1,8,68049.53,1,8,204.165,1,8,-9900,?,9,-9900,?,9,16.2,E,8,-2.88,E,8,26.0,E,8,822.9788000000001,E,8,999.0,E,8,0.43,E,8,-9900,?,9,-9900,?,9,0.0,E,8,-9900,?,9,-9900,?,9,0.0,0.0,E,8
11/25/2020,12:00,1403.132,1403.511,673.62,1,8,6.413,1,8,667.208,1,8,80834.4,1,8,609.277,1,8,73392.912,1,8,212.436,1,8,-9900,?,9,-9900,?,9,17.07,E,8,-4.81,E,8,20.0,E,8,822.9788000000001,E,8,999.0,E,8,0.43,E,8,-9900,?,9,-9900,?,9,0.0,E,8,-9900,?,9,-9900,?,9,0.0,0.0,E,8
11/25/2020,13:00,1369.253,1403.511,677.93,1,8,7.453,1,8,670.659,1,8,81351.6,1,8,708.01,1,8,73772.521,1,8,218.822,1,8,-9900,?,9,-9900,?,9,17.71,E,8,-6.44,E,8,17.0,E,8,822.9788000000001,E,8,999.0,E,8,1.06,E,8,-9900,?,9,-9900,?,9,0.0,E,8,-9900,?,9,-9900,?,9,0.0,0.0,E,8
11/25/2020,14:00,1254.403,1403.511,636.68,1,8,139.026,1,8,512.434,1,8,76401.6,1,8,13207.426,1,8,56367.699,1,8,182.515,1,8,-9900,?,9,-9900,?,9,18.1,E,8,-7.56,E,8,15.0,E,8,822.9788000000001,E,8,999.0,E,8,1.48,E,8,-9900,?,9,-9900,?,9,0.0,E,8,-9900,?,9,-9900,?,9,0.0,0.0,E,8
11/25/2020,15:00,1066.435,1403.511,552.82,1,8,118.764,1,8,462.599,1,8,66338.4,1,8,11282.553,1,8,50885.857,1,8,193.834,1,8,-9900,?,9,-9900,?,9,18.23,E,8,-7.94,E,8,14.0,E,8,822.9788000000001,E,8,999.0,E,8,1.31,E,8,-9900,?,9,-9900,?,9,0.0,E,8,-9900,?,9,-9900,?,9,0.0,0.0,E,8
11/25/2020,16:00,818.213,1403.511,432.51,1,8,119.125,1,8,363.103,1,8,51901.2,1,8,11316.855,1,8,39941.289,1,8,198.37,1,8,-9900,?,9,-9900,?,9,18.04,E,8,-7.38,E,8,15.0,E,8,822.9788000000001,E,8,999.0,E,8,1.45,E,8,-9900,?,9,-9900,?,9,0.0,E,8,-9900,?,9,-9900,?,9,0.0,0.0,E,8
11/25/2020,17:00,526.806,1403.511,285.11,1,8,304.366,1,8,171.069,1,8,34213.2,1,8,28914.743,1,8,18817.615,1,8,145.331,1,8,-9900,?,9,-9900,?,9,17.47,E,8,-5.81,E,8,18.0,E,8,822.9788000000001,E,8,999.0,E,8,0.71,E,8,-9900,?,9,-9900,?,9,0.0,E,8,-9900,?,9,-9900,?,9,0.0,0.0,E,8
11/25/2020,18:00,212.956,1403.511,125.21,1,8,418.343,1,8,62.475,1,8,15025.2,1,8,39742.582,1,8,6872.236,1,8,132.61,1,8,-9900,?,9,-9900,?,9,16.58,E,8,-3.68,E,8,23.0,E,8,822.9788000000001,E,8,999.0,E,8,0.43,E,8,-9900,?,9,-9900,?,9,0.0,E,8,-9900,?,9,-9900,?,9,0.0,0.0,E,8
11/25/2020,19:00,0.0,1403.511,2.85,1,8,0.0,1,8,0.0,1,8,342.0,1,8,0.0,1,8,0.0,1,8,-0.0,1,8,-9900,?,9,-9900,?,9,15.75,E,8,-1.98,E,8,28.0,E,8,822.9788000000001,E,8,999.0,E,8,0.43,E,8,-9900,?,9,-9900,?,9,0.0,E,8,-9900,?,9,-9900,?,9,0.0,0.0,E,8
11/25/2020,20:00,0.0,1403.511,0.0,1,8,0.0,1,8,0.0,1,8,0.0,1,8,0.0,1,8,0.0,1,8,-0.0,1,8,-9900,?,9,-9900,?,9,14.91,E,8,-0.46,E,8,34.0,E,8,822.9788000000001,E,8,999.0,E,8,0.43,E,8,-9900,?,9,-9900,?,9,0.0,E,8,-9900,?,9,-9900,?,9,0.0,0.0,E,8
11/25/2020,21:00,0.0,1403.511,0.0,1,8,0.0,1,8,0.0,1,8,0.0,1,8,0.0,1,8,0.0,1,8,-0.0,1,8,-9900,?,9,-9900,?,9,14.08,E,8,1.01,E,8,40.0,E,8,822.9788000000001,E,8,999.0,E,8,0.43,E,8,-9900,?,9,-9900,?,9,0.0,E,8,-9900,?,9,-9900,?,9,0.0,0.0,E,8
11/25/2020,22:00,0.0,1403.511,0.0,1,8,0.0,1,8,0.0,1,8,0.0,1,8,0.0,1,8,0.0,1,8,-0.0,1,8,-9900,?,9,-9900,?,9,13.24,E,8,2.42,E,8,47.0,E,8,822.9788000000001,E,8,999.0,E,8,0.43,E,8,-9900,?,9,-9900,?,9,0.0,E,8,-9900,?,9,-9900,?,9,0.0,0.0,E,8
11/25/2020,23:00,0.0,1403.511,0.0,1,8,0.0,1,8,0.0,1,8,0.0,1,8,0.0,1,8,0.0,1,8,-0.0,1,8,-9900,?,9,-9900,?,9,12.41,E,8,3.69,E,8,55.0,E,8,822.9788000000001,E,8,999.0,E,8,0.43,E,8,-9900,?,9,-9900,?,9,0.0,E,8,-9900,?,9,-9900,?,9,0.0,0.0,E,8
11/25/2020,24:00,0.0,1403.511,0.0,1,8,0.0,1,8,0.0,1,8,0.0,1,8,0.0,1,8,0.0,1,8,-0.0,1,8,-9900,?,9,-9900,?,9,11.57,E,8,6.84,E,8,72.0,E,8,822.9788000000001,E,8,999.0,E,8,0.13,E,8,-9900,?,9,-9900,?,9,0.0,E,8,-9900,?,9,-9900,?,9,0.0,0.0,E,8
11/26/2020,01:00,0.0,1403.511,0.0,1,8,0.0,1,8,0.0,1,8,0.0,1,8,0.0,1,8,0.0,1,8,-0.0,1,8,-9900,?,9,-9900,?,9,11.15,E,8,7.05,E,8,75.0,E,8,822.9788000000001,E,8,999.0,E,8,0.13,E,8,-9900,?,9,-9900,?,9,0.0,E,8,-9900,?,9,-9900,?,9,0.0,0.0,E,8
11/26/2020,02:00,0.0,1403.511,0.0,1,8,0.0,1,8,0.0,1,8,0.0,1,8,0.0,1,8,0.0,1,8,-0.0,1,8,-9900,?,9,-9900,?,9,10.74,E,8,7.26,E,8,79.0,E,8,822.9788000000001,E,8,999.0,E,8,0.13,E,8,-9900,?,9,-9900,?,9,0.0,E,8,-9900,?,9,-9900,?,9,0.0,0.0,E,8
11/26/2020,03:00,0.0,1403.511,0.0,1,8,0.0,1,8,0.0,1,8,0.0,1,8,0.0,1,8,0.0,1,8,-0.0,1,8,-9900,?,9,-9900,?,9,10.32,E,8,7.47,E,8,82.0,E,8,822.9788000000001,E,8,999.0,E,8,0.13,E,8,-9900,?,9,-9900,?,9,0.0,E,8,-9900,?,9,-9900,?,9,0.0,0.0,E,8
11/26/2020,04:00,0.0,1404.03,0.0,1,8,0.0,1,8,0.0,1,8,0.0,1,8,0.0,1,8,0.0,1,8,-0.0,1,8,-9900,?,9,-9900,?,9,9.9,E,8,7.68,E,8,86.0,E,8,822.9788000000001,E,8,999.0,E,8,0.13,E,8,-9900,?,9,-9900,?,9,0.0,E,8,-9900,?,9,-9900,?,9,0.0,0.0,E,8
11/26/2020,05:00,0.0,1404.03,0.0,1,8,0.0,1,8,0.0,1,8,0.0,1,8,0.0,1,8,0.0,1,8,-0.0,1,8,-9900,?,9,-9900,?,9,9.53,E,8,7.86,E,8,89.0,E,8,822.9788000000001,E,8,999.0,E,8,0.13,E,8,-9900,?,9,-9900,?,9,0.0,E,8,-9900,?,9,-9900,?,9,0.0,0.0,E,8
11/26/2020,06:00,152.957,1404.03,0.0,1,8,0.0,1,8,0.0,1,8,0.0,1,8,0.0,1,8,0.0,1,8,0.0,1,8,-9900,?,9,-9900,?,9,9.26,E,8,7.99,E,8,91.0,E,8,822.9788000000001,E,8,999.0,E,8,0.13,E,8,-9900,?,9,-9900,?,9,0.0,E,8,-9900,?,9,-9900,?,9,0.0,0.0,E,8
11/26/2020,07:00,468.205,1404.03,100.57,1,8,0.0,1,8,100.57,1,8,12068.4,1,8,0.0,1,8,11062.7,1,8,96.22,1,8,-9900,?,9,-9900,?,9,8.98,E,8,8.12,E,8,94.0,E,8,822.9788000000001,E,8,999.0,E,8,0.13,E,8,-9900,?,9,-9900,?,9,0.0,E,8,-9900,?,9,-9900,?,9,0.0,0.0,E,8
11/26/2020,08:00,765.638,1404.03,268.29,1,8,36.461,1,8,248.421,1,8,32194.8,1,8,3463.749,1,8,27326.345,1,8,145.108,1,8,-9900,?,9,-9900,?,9,12.44,E,8,6.38,E,8,66.0,E,8,822.9788000000001,E,8,999.0,E,8,0.2,E,8,-9900,?,9,-9900,?,9,0.0,E,8,-9900,?,9,-9900,?,9,0.0,0.0,E,8
11/26/2020,09:00,1023.547,1404.03,427.32,1,8,64.056,1,8,380.635,1,8,51278.4,1,8,6085.346,1,8,41869.813,1,8,166.242,1,8,-9900,?,9,-9900,?,9,13.95,E,8,5.56,E,8,56.0,E,8,822.9788000000001,E,8,999.0,E,8,0.51,E,8,-9900,?,9,-9900,?,9,0.0,E,8,-9900,?,9,-9900,?,9,0.0,0.0,E,8
11/26/2020,10:00,1224.177,1404.03,560.2,1,8,93.231,1,8,478.919,1,8,67224.0,1,8,8856.948,1,8,52681.112,1,8,174.858,1,8,-9900,?,9,-9900,?,9,15.34,E,8,4.76,E,8,49.0,E,8,822.9788000000001,E,8,999.0,E,8,0.3,E,8,-9900,?,9,-9900,?,9,0.0,E,8,-9900,?,9,-9900,?,9,0.0,0.0,E,8
11/26/2020,11:00,1353.815,1404.03,656.36,1,8,6.912,1,8,649.696,1,8,78763.2,1,8,656.624,1,8,71466.508,1,8,214.48,1,8,-9900,?,9,-9900,?,9,16.52,E,8,4.05,E,8,43.0,E,8,822.9788000000001,E,8,999.0,E,8,0.71,E,8,-9900,?,9,-9900,?,9,0.0,E,8,-9900,?,9,-9900,?,9,0.0,0.0,E,8
11/26/2020,12:00,1403.62,1404.03,708.71,1,8,7.906,1,8,700.807,1,8,85045.2,1,8,751.036,1,8,77088.733,1,8,223.139,1,8,-9900,?,9,-9900,?,9,17.48,E,8,3.45,E,8,39.0,E,8,822.9788000000001,E,8,999.0,E,8,0.97,E,8,-9900,?,9,-9900,?,9,0.0,E,8,-9900,?,9,-9900,?,9,0.0,0.0,E,8
11/26/2020,13:00,1370.206,1404.03,713.49,1,8,9.18,1,8,704.531,1,8,85618.8,1,8,872.131,1,8,77498.407,1,8,229.799,1,8,-9900,?,9,-9900,?,9,18.18,E,8,2.99,E,8,36.0,E,8,822.9788000000001,E,8,999.0,E,8,2.15,E,8,-9900,?,9,-9900,?,9,0.0,E,8,-9900,?,9,-9900,?,9,0.0,0.0,E,8
11/26/2020,14:00,1255.866,1404.03,670.38,1,8,170.639,1,8,517.76,1,8,80445.6,1,8,16210.665,1,8,56953.572,1,8,184.265,1,8,-9900,?,9,-9900,?,9,18.6,E,8,2.71,E,8,34.0,E,8,822.9788000000001,E,8,999.0,E,8,2.65,E,8,-9900,?,9,-9900,?,9,0.0,E,8,-9900,?,9,-9900,?,9,0.0,0.0,E,8
11/26/2020,15:00,1068.42,1404.03,582.47,1,8,246.659,1,8,394.811,1,8,69896.4,1,8,23432.567,1,8,43429.231,1,8,165.184,1,8,-9900,?,9,-9900,?,9,18.74,E,8,2.62,E,8,34.0,E,8,822.9788000000001,E,8,999.0,E,8,2.07,E,8,-9900,?,9,-9900,?,9,0.0,E,8,-9900,?,9,-9900,?,9,0.0,0.0,E,8
11/26/2020,16:00,820.694,1404.03,456.19,1,8,300.185,1,8,280.823,1,8,54742.8,1,8,28517.545,1,8,30890.53,1,8,153.011,1,8,-9900,?,9,-9900,?,9,18.54,E,8,2.75,E,8,34.0,E,8,822.9788000000001,E,8,999.0,E,8,1.36,E,8,-9900,?,9,-9900,?,9,0.0,E,8,-9900,?,9,-9900,?,9,0.0,0.0,E,8
11/26/2020,17:00,529.72,1404.03,301.38,1,8,410.437,1,8,146.799,1,8,36165.6,1,8,38991.476,1,8,16147.938,1,8,124.07,1,8,-9900,?,9,-9900,?,9,17.92,E,8,3.16,E,8,37.0,E,8,822.9788000000001,E,8,999.0,E,8,0.96,E,8,-9900,?,9,-9900,?,9,0.0,E,8,-9900,?,9,-9900,?,9,0.0,0.0,E,8
11/26/2020,18:00,216.191,1404.03,133.29,1,8,409.431,1,8,70.961,1,8,15994.8,1,8,38895.972,1,8,7805.709,1,8,148.375,1,8,-9900,?,9,-9900,?,9,16.96,E,8,3.78,E,8,41.0,E,8,822.9788000000001,E,8,999.0,E,8,0.34,E,8,-9900,?,9,-9900,?,9,0.0,E,8,-9900,?,9,-9900,?,9,0.0,0.0,E,8
11/26/2020,19:00,0.0,1404.03,3.42,1,8,0.0,1,8,0.0,1,8,410.4,1,8,0.0,1,8,0.0,1,8,-0.0,1,8,-9900,?,9,-9900,?,9,16.27,E,8,4.2,E,8,44.0,E,8,822.9788000000001,E,8,999.0,E,8,0.18,E,8,-9900,?,9,-9900,?,9,0.0,E,8,-9900,?,9,-9900,?,9,0.0,0.0,E,8
11/26/2020,20:00,0.0,1404.03,0.0,1,8,0.0,1,8,0.0,1,8,0.0,1,8,0.0,1,8,0.0,1,8,-0.0,1,8,-9900,?,9,-9900,?,9,15.57,E,8,4.62,E,8,48.0,E,8,822.9788000000001,E,8,999.0,E,8,0.13,E,8,-9900,?,9,-9900,?,9,0.0,E,8,-9900,?,9,-9900,?,9,0.0,0.0,E,8
11/26/2020,21:00,0.0,1404.03,0.0,1,8,0.0,1,8,0.0,1,8,0.0,1,8,0.0,1,8,0.0,1,8,-0.0,1,8,-9900,?,9,-9900,?,9,14.88,E,8,5.03,E,8,51.0,E,8,822.9788000000001,E,8,999.0,E,8,0.13,E,8,-9900,?,9,-9900,?,9,0.0,E,8,-9900,?,9,-9900,?,9,0.0,0.0,E,8
11/26/2020,22:00,0.0,1404.03,0.0,1,8,0.0,1,8,0.0,1,8,0.0,1,8,0.0,1,8,0.0,1,8,-0.0,1,8,-9900,?,9,-9900,?,9,14.19,E,8,5.42,E,8,55.0,E,8,822.9788000000001,E,8,999.0,E,8,0.16,E,8,-9900,?,9,-9900,?,9,0.0,E,8,-9900,?,9,-9900,?,9,0.0,0.0,E,8
11/26/2020,23:00,0.0,1404.03,0.0,1,8,0.0,1,8,0.0,1,8,0.0,1,8,0.0,1,8,0.0,1,8,-0.0,1,8,-9900,?,9,-9900,?,9,13.49,E,8,5.81,E,8,59.0,E,8,822.9788000000001,E,8,999.0,E,8,0.27,E,8,-9900,?,9,-9900,?,9,0.0,E,8,-9900,?,9,-9900,?,9,0.0,0.0,E,8
11/26/2020,24:00,0.0,1404.03,0.0,1,8,0.0,1,8,0.0,1,8,0.0,1,8,0.0,1,8,0.0,1,8,-0.0,1,8,-9900,?,9,-9900,?,9,12.8,E,8,9.24,E,8,78.0,E,8,822.9788000000001,E,8,999.0,E,8,0.1,E,8,-9900,?,9,-9900,?,9,0.0,E,8,-9900,?,9,-9900,?,9,0.0,0.0,E,8
11/27/2020,01:00,0.0,1404.03,0.0,1,8,0.0,1,8,0.0,1,8,0.0,1,8,0.0,1,8,0.0,1,8,-0.0,1,8,-9900,?,9,-9900,?,9,12.45,E,8,9.4,E,8,81.0,E,8,822.9788000000001,E,8,999.0,E,8,0.08,E,8,-9900,?,9,-9900,?,9,0.0,E,8,-9900,?,9,-9900,?,9,0.0,0.0,E,8
11/27/2020,02:00,0.0,1404.03,0.0,1,8,0.0,1,8,0.0,1,8,0.0,1,8,0.0,1,8,0.0,1,8,-0.0,1,8,-9900,?,9,-9900,?,9,12.1,E,8,9.56,E,8,84.0,E,8,822.9788000000001,E,8,999.0,E,8,0.08,E,8,-9900,?,9,-9900,?,9,0.0,E,8,-9900,?,9,-9900,?,9,0.0,0.0,E,8
11/27/2020,03:00,0.0,1404.03,0.0,1,8,0.0,1,8,0.0,1,8,0.0,1,8,0.0,1,8,0.0,1,8,-0.0,1,8,-9900,?,9,-9900,?,9,11.76,E,8,9.71,E,8,87.0,E,8,822.9788000000001,E,8,999.0,E,8,0.08,E,8,-9900,?,9,-9900,?,9,0.0,E,8,-9900,?,9,-9900,?,9,0.0,0.0,E,8
11/27/2020,04:00,0.0,1404.538,0.0,1,8,0.0,1,8,0.0,1,8,0.0,1,8,0.0,1,8,0.0,1,8,-0.0,1,8,-9900,?,9,-9900,?,9,11.41,E,8,9.87,E,8,90.0,E,8,822.9788000000001,E,8,999.0,E,8,0.08,E,8,-9900,?,9,-9900,?,9,0.0,E,8,-9900,?,9,-9900,?,9,0.0,0.0,E,8
11/27/2020,05:00,0.0,1404.538,0.0,1,8,0.0,1,8,0.0,1,8,0.0,1,8,0.0,1,8,0.0,1,8,-0.0,1,8,-9900,?,9,-9900,?,9,11.1,E,8,10.01,E,8,93.0,E,8,822.9788000000001,E,8,999.0,E,8,0.08,E,8,-9900,?,9,-9900,?,9,0.0,E,8,-9900,?,9,-9900,?,9,0.0,0.0,E,8
11/27/2020,06:00,152.846,1404.538,0.0,1,8,0.0,1,8,0.0,1,8,0.0,1,8,0.0,1,8,0.0,1,8,0.0,1,8,-9900,?,9,-9900,?,9,10.87,E,8,10.11,E,8,95.0,E,8,822.9788000000001,E,8,999.0,E,8,0.08,E,8,-9900,?,9,-9900,?,9,0.0,E,8,-9900,?,9,-9900,?,9,0.0,0.0,E,8
11/27/2020,07:00,467.856,1404.538,101.83,1,8,0.0,1,8,101.83,1,8,12219.6,1,8,0.0,1,8,11201.3,1,8,97.534,1,8,-9900,?,9,-9900,?,9,10.65,E,8,10.21,E,8,97.0,E,8,822.9788000000001,E,8,999.0,E,8,0.2,E,8,-9900,?,9,-9900,?,9,0.0,E,8,-9900,?,9,-9900,?,9,0.0,0.0,E,8
11/27/2020,08:00,765.185,1404.538,271.82,1,8,38.694,1,8,250.754,1,8,32618.4,1,8,3675.909,1,8,27582.99,1,8,146.611,1,8,-9900,?,9,-9900,?,9,13.51,E,8,8.9,E,8,73.0,E,8,822.9788000000001,E,8,999.0,E,8,0.34,E,8,-9900,?,9,-9900,?,9,0.0,E,8,-9900,?,9,-9900,?,9,0.0,0.0,E,8
11/27/2020,09:00,1023.131,1404.538,433.09,1,8,67.79,1,8,383.722,1,8,51970.8,1,8,6440.008,1,8,42209.396,1,8,167.719,1,8,-9900,?,9,-9900,?,9,14.76,E,8,8.3,E,8,65.0,E,8,822.9788000000001,E,8,999.0,E,8,0.72,E,8,-9900,?,9,-9900,?,9,0.0,E,8,-9900,?,9,-9900,?,9,0.0,0.0,E,8
11/27/2020,10:00,1223.934,1404.538,567.94,1,8,98.744,1,8,481.901,1,8,68152.8,1,8,9380.66,1,8,53009.146,1,8,176.045,1,8,-9900,?,9,-9900,?,9,15.91,E,8,7.72,E,8,58.0,E,8,822.9788000000001,E,8,999.0,E,8,1.08,E,8,-9900,?,9,-9900,?,9,0.0,E,8,-9900,?,9,-9900,?,9,0.0,0.0,E,8
11/27/2020,11:00,1353.87,1404.538,665.61,1,8,7.326,1,8,658.549,1,8,79873.2,1,8,695.954,1,8,72440.346,1,8,217.472,1,8,-9900,?,9,-9900,?,9,16.9,E,8,7.21,E,8,52.0,E,8,822.9788000000001,E,8,999.0,E,8,1.34,E,8,-9900,?,9,-9900,?,9,0.0,E,8,-9900,?,9,-9900,?,9,0.0,0.0,E,8
11/27/2020,12:00,1404.078,1404.538,718.91,1,8,8.38,1,8,710.532,1,8,86269.2,1,8,796.137,1,8,78158.56,1,8,226.244,1,8,-9900,?,9,-9900,?,9,17.69,E,8,6.79,E,8,48.0,E,8,822.9788000000001,E,8,999.0,E,8,1.3,E,8,-9900,?,9,-9900,?,9,0.0,E,8,-9900,?,9,-9900,?,9,0.0,0.0,E,8
11/27/2020,13:00,1371.143,1404.538,724.02,1,8,9.726,1,8,714.526,1,8,86882.4,1,8,923.949,1,8,78597.817,1,8,232.983,1,8,-9900,?,9,-9900,?,9,18.27,E,8,6.47,E,8,46.0,E,8,822.9788000000001,E,8,999.0,E,8,1.5,E,8,-9900,?,9,-9900,?,9,0.0,E,8,-9900,?,9,-9900,?,9,0.0,0.0,E,8
11/27/2020,14:00,1257.326,1404.538,680.59,1,8,180.503,1,8,519.017,1,8,81670.8,1,8,17147.831,1,8,57091.888,1,8,184.565,1,8,-9900,?,9,-9900,?,9,18.62,E,8,6.28,E,8,44.0,E,8,822.9788000000001,E,8,999.0,E,8,1.93,E,8,-9900,?,9,-9900,?,9,0.0,E,8,-9900,?,9,-9900,?,9,0.0,0.0,E,8
11/27/2020,15:00,1070.41,1404.538,591.73,1,8,260.235,1,8,393.445,1,8,71007.6,1,8,24722.351,1,8,43278.911,1,8,164.365,1,8,-9900,?,9,-9900,?,9,18.74,E,8,6.21,E,8,43.0,E,8,822.9788000000001,E,8,999.0,E,8,1.81,E,8,-9900,?,9,-9900,?,9,0.0,E,8,-9900,?,9,-9900,?,9,0.0,0.0,E,8
11/27/2020,16:00,823.184,1404.538,463.95,1,8,315.413,1,8,279.194,1,8,55674.0,1,8,29964.216,1,8,30711.303,1,8,151.717,1,8,-9900,?,9,-9900,?,9,18.57,E,8,6.3,E,8,44.0,E,8,822.9788000000001,E,8,999.0,E,8,1.86,E,8,-9900,?,9,-9900,?,9,0.0,E,8,-9900,?,9,-9900,?,9,0.0,0.0,E,8
11/27/2020,17:00,532.644,1404.538,307.18,1,8,428.143,1,8,145.096,1,8,36861.6,1,8,40673.579,1,8,15960.56,1,8,121.998,1,8,-9900,?,9,-9900,?,9,18.06,E,8,6.59,E,8,47.0,E,8,822.9788000000001,E,8,999.0,E,8,1.61,E,8,-9900,?,9,-9900,?,9,0.0,E,8,-9900,?,9,-9900,?,9,0.0,0.0,E,8
11/27/2020,18:00,219.431,1404.538,136.8,1,8,413.927,1,8,72.845,1,8,16416.0,1,8,39323.101,1,8,8012.933,1,8,150.071,1,8,-9900,?,9,-9900,?,9,17.27,E,8,7.01,E,8,50.0,E,8,822.9788000000001,E,8,999.0,E,8,1.06,E,8,-9900,?,9,-9900,?,9,0.0,E,8,-9900,?,9,-9900,?,9,0.0,0.0,E,8
11/27/2020,19:00,0.0,1404.538,3.94,1,8,0.0,1,8,0.0,1,8,472.8,1,8,0.0,1,8,0.0,1,8,-0.0,1,8,-9900,?,9,-9900,?,9,16.48,E,8,7.43,E,8,55.0,E,8,822.9788000000001,E,8,999.0,E,8,0.99,E,8,-9900,?,9,-9900,?,9,0.0,E,8,-9900,?,9,-9900,?,9,0.0,0.0,E,8
11/27/2020,20:00,0.0,1404.538,0.0,1,8,0.0,1,8,0.0,1,8,0.0,1,8,0.0,1,8,0.0,1,8,-0.0,1,8,-9900,?,9,-9900,?,9,15.69,E,8,7.83,E,8,59.0,E,8,822.9788000000001,E,8,999.0,E,8,0.45,E,8,-9900,?,9,-9900,?,9,0.0,E,8,-9900,?,9,-9900,?,9,0.0,0.0,E,8
11/27/2020,21:00,0.0,1404.538,0.0,1,8,0.0,1,8,0.0,1,8,0.0,1,8,0.0,1,8,0.0,1,8,-0.0,1,8,-9900,?,9,-9900,?,9,14.9,E,8,8.23,E,8,64.0,E,8,822.9788000000001,E,8,999.0,E,8,0.5,E,8,-9900,?,9,-9900,?,9,0.0,E,8,-9900,?,9,-9900,?,9,0.0,0.0,E,8
11/27/2020,22:00,0.0,1404.538,0.0,1,8,0.0,1,8,0.0,1,8,0.0,1,8,0.0,1,8,0.0,1,8,-0.0,1,8,-9900,?,9,-9900,?,9,14.11,E,8,8.62,E,8,69.0,E,8,822.9788000000001,E,8,999.0,E,8,0.5,E,8,-9900,?,9,-9900,?,9,0.0,E,8,-9900,?,9,-9900,?,9,0.0,0.0,E,8
11/27/2020,23:00,0.0,1404.538,0.0,1,8,0.0,1,8,0.0,1,8,0.0,1,8,0.0,1,8,0.0,1,8,-0.0,1,8,-9900,?,9,-9900,?,9,13.32,E,8,8.99,E,8,75.0,E,8,822.9788000000001,E,8,999.0,E,8,0.29,E,8,-9900,?,9,-9900,?,9,0.0,E,8,-9900,?,9,-9900,?,9,0.0,0.0,E,8
11/27/2020,24:00,0.0,1404.538,0.0,1,8,0.0,1,8,0.0,1,8,0.0,1,8,0.0,1,8,0.0,1,8,-0.0,1,8,-9900,?,9,-9900,?,9,12.52,E,8,7.94,E,8,73.0,E,8,822.9788000000001,E,8,999.0,E,8,12.35,E,8,-9900,?,9,-9900,?,9,0.0,E,8,-9900,?,9,-9900,?,9,0.0,0.0,E,8
11/28/2020,01:00,0.0,1404.538,0.0,1,8,0.0,1,8,0.0,1,8,0.0,1,8,0.0,1,8,0.0,1,8,-0.0,1,8,-9900,?,9,-9900,?,9,12.13,E,8,8.19,E,8,76.0,E,8,822.9788000000001,E,8,999.0,E,8,11.92,E,8,-9900,?,9,-9900,?,9,0.0,E,8,-9900,?,9,-9900,?,9,0.0,0.0,E,8
11/28/2020,02:00,0.0,1404.538,0.0,1,8,0.0,1,8,0.0,1,8,0.0,1,8,0.0,1,8,0.0,1,8,-0.0,1,8,-9900,?,9,-9900,?,9,11.73,E,8,8.45,E,8,80.0,E,8,822.9788000000001,E,8,999.0,E,8,15.21,E,8,-9900,?,9,-9900,?,9,0.0,E,8,-9900,?,9,-9900,?,9,0.0,0.0,E,8
11/28/2020,03:00,0.0,1404.538,0.0,1,8,0.0,1,8,0.0,1,8,0.0,1,8,0.0,1,8,0.0,1,8,-0.0,1,8,-9900,?,9,-9900,?,9,11.34,E,8,8.7,E,8,83.0,E,8,822.9788000000001,E,8,999.0,E,8,11.29,E,8,-9900,?,9,-9900,?,9,0.0,E,8,-9900,?,9,-9900,?,9,0.0,0.0,E,8
11/28/2020,04:00,0.0,1405.035,0.0,1,8,0.0,1,8,0.0,1,8,0.0,1,8,0.0,1,8,0.0,1,8,-0.0,1,8,-9900,?,9,-9900,?,9,10.94,E,8,8.95,E,8,87.0,E,8,822.9788000000001,E,8,999.0,E,8,7.55,E,8,-9900,?,9,-9900,?,9,0.0,E,8,-9900,?,9,-9900,?,9,0.0,0.0,E,8
11/28/2020,05:00,0.0,1405.035,0.0,1,8,0.0,1,8,0.0,1,8,0.0,1,8,0.0,1,8,0.0,1,8,-0.0,1,8,-9900,?,9,-9900,?,9,10.59,E,8,9.16,E,8,90.0,E,8,822.9788000000001,E,8,999.0,E,8,5.9,E,8,-9900,?,9,-9900,?,9,0.0,E,8,-9900,?,9,-9900,?,9,0.0,0.0,E,8
11/28/2020,06:00,152.619,1405.035,0.0,1,8,0.0,1,8,0.0,1,8,0.0,1,8,0.0,1,8,0.0,1,8,0.0,1,8,-9900,?,9,-9900,?,9,10.33,E,8,9.32,E,8,93.0,E,8,822.9788000000001,E,8,999.0,E,8,5.86,E,8,-9900,?,9,-9900,?,9,0.0,E,8,-9900,?,9,-9900,?,9,0.0,0.0,E,8
11/28/2020,07:00,467.399,1405.035,66.79,1,8,0.0,1,8,66.79,1,8,8014.8,1,8,0.0,1,8,7346.9,1,8,64.058,1,8,-9900,?,9,-9900,?,9,10.07,E,8,9.48,E,8,96.0,E,8,822.9788000000001,E,8,999.0,E,8,6.05,E,8,-9900,?,9,-9900,?,9,0.0,E,8,-9900,?,9,-9900,?,9,0.0,0.0,E,8
11/28/2020,08:00,764.637,1405.035,178.46,1,8,1.668,1,8,177.553,1,8,21415.2,1,8,158.48,1,8,19530.805,1,8,103.923,1,8,-9900,?,9,-9900,?,9,13.29,E,8,7.42,E,8,67.0,E,8,822.9788000000001,E,8,999.0,E,8,7.77,E,8,-9900,?,9,-9900,?,9,0.0,E,8,-9900,?,9,-9900,?,9,0.0,0.0,E,8
11/28/2020,09:00,1022.634,1405.035,284.47,1,8,5.497,1,8,280.47,1,8,34136.4,1,8,522.175,1,8,30851.748,1,8,122.692,1,8,-9900,?,9,-9900,?,9,14.71,E,8,6.42,E,8,57.0,E,8,822.9788000000001,E,8,999.0,E,8,7.26,E,8,-9900,?,9,-9900,?,9,0.0,E,8,-9900,?,9,-9900,?,9,0.0,0.0,E,8
11/28/2020,10:00,1223.628,1405.035,373.17,1,8,5.782,1,8,368.135,1,8,44780.4,1,8,549.315,1,8,40494.824,1,8,134.566,1,8,-9900,?,9,-9900,?,9,16.0,E,8,5.45,E,8,49.0,E,8,822.9788000000001,E,8,999.0,E,8,6.71,E,8,-9900,?,9,-9900,?,9,0.0,E,8,-9900,?,9,-9900,?,9,0.0,0.0,E,8
11/28/2020,11:00,1353.879,1405.035,437.48,1,8,9.896,1,8,427.944,1,8,52497.6,1,8,940.14,1,8,47073.874,1,8,141.369,1,8,-9900,?,9,-9900,?,9,17.11,E,8,4.57,E,8,43.0,E,8,822.9788000000001,E,8,999.0,E,8,4.88,E,8,-9900,?,9,-9900,?,9,0.0,E,8,-9900,?,9,-9900,?,9,0.0,0.0,E,8
11/28/2020,12:00,1404.507,1405.035,472.66,1,8,10.755,1,8,461.909,1,8,56719.2,1,8,1021.716,1,8,50810.005,1,8,147.086,1,8,-9900,?,9,-9900,?,9,18.01,E,8,3.81,E,8,38.0,E,8,822.9788000000001,E,8,999.0,E,8,2.7,E,8,-9900,?,9,-9900,?,9,0.0,E,8,-9900,?,9,-9900,?,9,0.0,0.0,E,8
11/28/2020,13:00,1372.066,1405.035,476.2,1,8,11.822,1,8,464.656,1,8,57144.0,1,8,1123.063,1,8,51112.143,1,8,151.461,1,8,-9900,?,9,-9900,?,9,18.66,E,8,3.25,E,8,35.0,E,8,822.9788000000001,E,8,999.0,E,8,5.89,E,8,-9900,?,9,-9900,?,9,0.0,E,8,-9900,?,9,-9900,?,9,0.0,0.0,E,8
11/28/2020,14:00,1258.784,1405.035,447.85,1,8,11.952,1,8,437.143,1,8,53742.0,1,8,1135.444,1,8,48085.711,1,8,155.325,1,8,-9900,?,9,-9900,?,9,19.06,E,8,2.89,E,8,34.0,E,8,822.9788000000001,E,8,999.0,E,8,8.86,E,8,-9900,?,9,-9900,?,9,0.0,E,8,-9900,?,9,-9900,?,9,0.0,0.0,E,8
11/28/2020,15:00,1072.405,1405.035,389.64,1,8,12.611,1,8,380.016,1,8,46756.8,1,8,1198.068,1,8,41801.802,1,8,158.516,1,8,-9900,?,9,-9900,?,9,19.19,E,8,2.77,E,8,33.0,E,8,822.9788000000001,E,8,999.0,E,8,11.0,E,8,-9900,?,9,-9900,?,9,0.0,E,8,-9900,?,9,-9900,?,9,0.0,0.0,E,8
11/28/2020,16:00,825.683,1405.035,305.83,1,8,16.484,1,8,296.148,1,8,36699.6,1,8,1566.01,1,8,32576.302,1,8,160.5,1,8,-9900,?,9,-9900,?,9,19.01,E,8,2.93,E,8,34.0,E,8,822.9788000000001,E,8,999.0,E,8,11.62,E,8,-9900,?,9,-9900,?,9,0.0,E,8,-9900,?,9,-9900,?,9,0.0,0.0,E,8
11/28/2020,17:00,535.576,1405.035,202.93,1,8,82.868,1,8,171.396,1,8,24351.6,1,8,7872.433,1,8,18853.582,1,8,143.371,1,8,-9900,?,9,-9900,?,9,18.44,E,8,3.44,E,8,36.0,E,8,822.9788000000001,E,8,999.0,E,8,11.02,E,8,-9900,?,9,-9900,?,9,0.0,E,8,-9900,?,9,-9900,?,9,0.0,0.0,E,8
11/28/2020,18:00,222.675,1405.035,91.0,1,8,216.794,1,8,57.01,1,8,10920.0,1,8,20595.441,1,8,6271.099,1,8,115.744,1,8,-9900,?,9,-9900,?,9,17.55,E,8,4.2,E,8,41.0,E,8,822.9788000000001,E,8,999.0,E,8,11.28,E,8,-9900,?,9,-9900,?,9,0.0,E,8,-9900,?,9,-9900,?,9,0.0,0.0,E,8
11/28/2020,19:00,0.0,1405.035,2.92,1,8,0.0,1,8,0.0,1,8,350.4,1,8,0.0,1,8,0.0,1,8,-0.0,1,8,-9900,?,9,-9900,?,9,16.73,E,8,4.88,E,8,45.0,E,8,822.9788000000001,E,8,999.0,E,8,12.98,E,8,-9900,?,9,-9900,?,9,0.0,E,8,-9900,?,9,-9900,?,9,0.0,0.0,E,8
11/28/2020,20:00,0.0,1405.035,0.0,1,8,0.0,1,8,0.0,1,8,0.0,1,8,0.0,1,8,0.0,1,8,-0.0,1,8,-9900,?,9,-9900,?,9,15.9,E,8,5.53,E,8,50.0,E,8,822.9788000000001,E,8,999.0,E,8,9.57,E,8,-9900,?,9,-9900,?,9,0.0,E,8,-9900,?,9,-9900,?,9,0.0,0.0,E,8
11/28/2020,21:00,0.0,1405.035,0.0,1,8,0.0,1,8,0.0,1,8,0.0,1,8,0.0,1,8,0.0,1,8,-0.0,1,8,-9900,?,9,-9900,?,9,15.08,E,8,6.15,E,8,55.0,E,8,822.9788000000001,E,8,999.0,E,8,9.2,E,8,-9900,?,9,-9900,?,9,0.0,E,8,-9900,?,9,-9900,?,9,0.0,0.0,E,8
11/28/2020,22:00,0.0,1405.035,0.0,1,8,0.0,1,8,0.0,1,8,0.0,1,8,0.0,1,8,0.0,1,8,-0.0,1,8,-9900,?,9,-9900,?,9,14.26,E,8,6.74,E,8,60.0,E,8,822.9788000000001,E,8,999.0,E,8,6.73,E,8,-9900,?,9,-9900,?,9,0.0,E,8,-9900,?,9,-9900,?,9,0.0,0.0,E,8
11/28/2020,23:00,0.0,1405.035,0.0,1,8,0.0,1,8,0.0,1,8,0.0,1,8,0.0,1,8,0.0,1,8,-0.0,1,8,-9900,?,9,-9900,?,9,13.43,E,8,7.32,E,8,66.0,E,8,822.9788000000001,E,8,999.0,E,8,3.88,E,8,-9900,?,9,-9900,?,9,0.0,E,8,-9900,?,9,-9900,?,9,0.0,0.0,E,8
11/28/2020,24:00,0.0,1405.035,0.0,1,8,0.0,1,8,0.0,1,8,0.0,1,8,0.0,1,8,0.0,1,8,-0.0,1,8,-9900,?,9,-9900,?,9,12.61,E,8,9.33,E,8,85.0,E,8,822.9788000000001,E,8,999.0,E,8,4.91,E,8,-9900,?,9,-9900,?,9,0.098,E,8,-9900,?,9,-9900,?,9,0.98,99.0,E,8
11/29/2020,01:00,0.0,1405.035,0.0,1,8,0.0,1,8,0.0,1,8,0.0,1,8,0.0,1,8,0.0,1,8,-0.0,1,8,-9900,?,9,-9900,?,9,12.2,E,8,9.37,E,8,82.0,E,8,822.9788000000001,E,8,999.0,E,8,3.44,E,8,-9900,?,9,-9900,?,9,0.0,E,8,-9900,?,9,-9900,?,9,0.0,0.0,E,8
11/29/2020,02:00,0.0,1405.035,0.0,1,8,0.0,1,8,0.0,1,8,0.0,1,8,0.0,1,8,0.0,1,8,-0.0,1,8,-9900,?,9,-9900,?,9,11.79,E,8,9.42,E,8,85.0,E,8,822.9788000000001,E,8,999.0,E,8,3.59,E,8,-9900,?,9,-9900,?,9,0.0,E,8,-9900,?,9,-9900,?,9,0.0,0.0,E,8
11/29/2020,03:00,0.0,1405.035,0.0,1,8,0.0,1,8,0.0,1,8,0.0,1,8,0.0,1,8,0.0,1,8,-0.0,1,8,-9900,?,9,-9900,?,9,11.38,E,8,9.46,E,8,88.0,E,8,822.9788000000001,E,8,999.0,E,8,3.3,E,8,-9900,?,9,-9900,?,9,0.0,E,8,-9900,?,9,-9900,?,9,0.0,0.0,E,8
11/29/2020,04:00,0.0,1405.519,0.0,1,8,0.0,1,8,0.0,1,8,0.0,1,8,0.0,1,8,0.0,1,8,-0.0,1,8,-9900,?,9,-9900,?,9,10.96,E,8,9.51,E,8,90.0,E,8,822.9788000000001,E,8,999.0,E,8,3.07,E,8,-9900,?,9,-9900,?,9,0.0,E,8,-9900,?,9,-9900,?,9,0.0,0.0,E,8
11/29/2020,05:00,0.0,1405.519,0.0,1,8,0.0,1,8,0.0,1,8,0.0,1,8,0.0,1,8,0.0,1,8,-0.0,1,8,-9900,?,9,-9900,?,9,10.6,E,8,9.55,E,8,93.0,E,8,822.9788000000001,E,8,999.0,E,8,2.39,E,8,-9900,?,9,-9900,?,9,0.0,E,8,-9900,?,9,-9900,?,9,0.0,0.0,E,8
11/29/2020,06:00,152.278,1405.519,0.0,1,8,0.0,1,8,0.0,1,8,0.0,1,8,0.0,1,8,0.0,1,8,0.0,1,8,-9900,?,9,-9900,?,9,10.33,E,8,9.58,E,8,95.0,E,8,822.9788000000001,E,8,999.0,E,8,1.48,E,8,-9900,?,9,-9900,?,9,0.0,E,8,-9900,?,9,-9900,?,9,0.0,0.0,E,8
11/29/2020,07:00,466.835,1405.519,61.8,1,8,0.0,1,8,61.8,1,8,7416.0,1,8,0.0,1,8,6798.0,1,8,59.365,1,8,-9900,?,9,-9900,?,9,10.06,E,8,9.61,E,8,97.0,E,8,822.9788000000001,E,8,999.0,E,8,1.47,E,8,-9900,?,9,-9900,?,9,0.0,E,8,-9900,?,9,-9900,?,9,0.0,0.0,E,8
11/29/2020,08:00,763.995,1405.519,165.34,1,8,14.08,1,8,157.692,1,8,19840.8,1,8,1337.619,1,8,17346.098,1,8,92.408,1,8,-9900,?,9,-9900,?,9,13.21,E,8,9.26,E,8,76.0,E,8,822.9788000000001,E,8,999.0,E,8,1.92,E,8,-9900,?,9,-9900,?,9,0.0,E,8,-9900,?,9,-9900,?,9,0.0,0.0,E,8
11/29/2020,09:00,1022.059,1405.519,263.69,1,8,6.04,1,8,259.299,1,8,31642.8,1,8,573.797,1,8,28522.893,1,8,113.534,1,8,-9900,?,9,-9900,?,9,14.59,E,8,9.1,E,8,69.0,E,8,822.9788000000001,E,8,999.0,E,8,4.27,E,8,-9900,?,9,-9900,?,9,0.0,E,8,-9900,?,9,-9900,?,9,0.0,0.0,E,8
11/29/2020,10:00,1223.26,1405.519,274.56,1,8,3.936,1,8,271.135,1,8,32947.2,1,8,373.927,1,8,29824.812,1,8,99.173,1,8,-9900,?,9,-9900,?,9,15.36,E,8,9.02,E,8,65.0,E,8,822.9788000000001,E,8,999.0,E,8,5.52,E,8,-9900,?,9,-9900,?,9,0.0,E,8,-9900,?,9,-9900,?,9,0.0,0.0,E,8
11/29/2020,11:00,1353.845,1405.519,405.81,1,8,8.503,1,8,397.62,1,8,48697.2,1,8,807.78,1,8,43738.184,1,8,131.4,1,8,-9900,?,9,-9900,?,9,16.55,E,8,8.88,E,8,60.0,E,8,822.9788000000001,E,8,999.0,E,8,5.28,E,8,-9900,?,9,-9900,?,9,0.0,E,8,-9900,?,9,-9900,?,9,0.0,0.0,E,8
11/29/2020,12:00,1404.908,1405.519,438.59,1,8,9.116,1,8,429.478,1,8,52630.8,1,8,866.009,1,8,47242.59,1,8,136.767,1,8,-9900,?,9,-9900,?,9,17.5,E,8,8.77,E,8,56.0,E,8,822.9788000000001,E,8,999.0,E,8,4.86,E,8,-9900,?,9,-9900,?,9,0.0,E,8,-9900,?,9,-9900,?,9,0.0,0.0,E,8
11/29/2020,13:00,1372.975,1405.519,442.05,1,8,9.775,1,8,432.502,1,8,53046.0,1,8,928.607,1,8,47575.182,1,8,140.935,1,8,-9900,?,9,-9900,?,9,18.19,E,8,8.69,E,8,53.0,E,8,822.9788000000001,E,8,999.0,E,8,6.62,E,8,-9900,?,9,-9900,?,9,0.0,E,8,-9900,?,9,-9900,?,9,0.0,0.0,E,8
11/29/2020,14:00,1260.239,1405.519,415.93,1,8,9.544,1,8,407.373,1,8,49911.6,1,8,906.654,1,8,44811.071,1,8,144.63,1,8,-9900,?,9,-9900,?,9,18.61,E,8,8.64,E,8,52.0,E,8,822.9788000000001,E,8,999.0,E,8,4.7,E,8,-9900,?,9,-9900,?,9,0.0,E,8,-9900,?,9,-9900,?,9,0.0,0.0,E,8
11/29/2020,15:00,1074.406,1405.519,362.11,1,8,9.649,1,8,354.736,1,8,43453.2,1,8,916.647,1,8,39020.93,1,8,147.745,1,8,-9900,?,9,-9900,?,9,18.78,E,8,8.63,E,8,51.0,E,8,822.9788000000001,E,8,999.0,E,8,2.58,E,8,-9900,?,9,-9900,?,9,0.0,E,8,-9900,?,9,-9900,?,9,0.0,0.0,E,8
11/29/2020,16:00,828.191,1405.519,284.53,1,8,12.051,1,8,277.433,1,8,34143.6,1,8,1144.866,1,8,30517.611,1,8,149.953,1,8,-9900,?,9,-9900,?,9,18.64,E,8,8.64,E,8,52.0,E,8,822.9788000000001,E,8,999.0,E,8,4.0,E,8,-9900,?,9,-9900,?,9,0.0,E,8,-9900,?,9,-9900,?,9,0.0,0.0,E,8
11/29/2020,17:00,538.515,1405.519,189.21,1,8,46.849,1,8,171.29,1,8,22705.2,1,8,4450.694,1,8,18841.934,1,8,142.546,1,8,-9900,?,9,-9900,?,9,18.11,E,8,8.7,E,8,54.0,E,8,822.9788000000001,E,8,999.0,E,8,8.15,E,8,-9900,?,9,-9900,?,9,0.0,E,8,-9900,?,9,-9900,?,9,0.0,0.0,E,8
11/29/2020,18:00,225.92,1405.519,85.42,1,8,81.518,1,8,72.454,1,8,10250.4,1,8,7744.174,1,8,7969.904,1,8,144.992,1,8,-9900,?,9,-9900,?,9,17.27,E,8,8.8,E,8,62.0,E,8,822.9788000000001,E,8,999.0,E,8,10.09,E,8,-9900,?,9,-9900,?,9,0.002,E,8,-9900,?,9,-9900,?,9,0.02,99.0,E,8
11/29/2020,19:00,0.0,1405.519,3.04,1,8,0.0,1,8,0.0,1,8,364.8,1,8,0.0,1,8,0.0,1,8,-0.0,1,8,-9900,?,9,-9900,?,9,16.49,E,8,8.89,E,8,60.0,E,8,822.9788000000001,E,8,999.0,E,8,6.35,E,8,-9900,?,9,-9900,?,9,0.0,E,8,-9900,?,9,-9900,?,9,0.0,0.0,E,8
11/29/2020,20:00,0.0,1405.519,0.0,1,8,0.0,1,8,0.0,1,8,0.0,1,8,0.0,1,8,0.0,1,8,-0.0,1,8,-9900,?,9,-9900,?,9,15.71,E,8,8.98,E,8,64.0,E,8,822.9788000000001,E,8,999.0,E,8,6.37,E,8,-9900,?,9,-9900,?,9,0.0,E,8,-9900,?,9,-9900,?,9,0.0,0.0,E,8
11/29/2020,21:00,0.0,1405.519,0.0,1,8,0.0,1,8,0.0,1,8,0.0,1,8,0.0,1,8,0.0,1,8,-0.0,1,8,-9900,?,9,-9900,?,9,14.92,E,8,9.07,E,8,67.0,E,8,822.9788000000001,E,8,999.0,E,8,4.28,E,8,-9900,?,9,-9900,?,9,0.0,E,8,-9900,?,9,-9900,?,9,0.0,0.0,E,8
11/29/2020,22:00,0.0,1405.519,0.0,1,8,0.0,1,8,0.0,1,8,0.0,1,8,0.0,1,8,0.0,1,8,-0.0,1,8,-9900,?,9,-9900,?,9,14.14,E,8,9.16,E,8,71.0,E,8,822.9788000000001,E,8,999.0,E,8,3.83,E,8,-9900,?,9,-9900,?,9,0.0,E,8,-9900,?,9,-9900,?,9,0.0,0.0,E,8
11/29/2020,23:00,0.0,1405.519,0.0,1,8,0.0,1,8,0.0,1,8,0.0,1,8,0.0,1,8,0.0,1,8,-0.0,1,8,-9900,?,9,-9900,?,9,13.36,E,8,9.24,E,8,76.0,E,8,822.9788000000001,E,8,999.0,E,8,4.83,E,8,-9900,?,9,-9900,?,9,0.0,E,8,-9900,?,9,-9900,?,9,0.0,0.0,E,8
11/29/2020,24:00,0.0,1405.519,0.0,1,8,0.0,1,8,0.0,1,8,0.0,1,8,0.0,1,8,0.0,1,8,-0.0,1,8,-9900,?,9,-9900,?,9,12.58,E,8,9.14,E,8,79.0,E,8,822.9788000000001,E,8,999.0,E,8,0.5,E,8,-9900,?,9,-9900,?,9,0.0,E,8,-9900,?,9,-9900,?,9,0.0,0.0,E,8
11/30/2020,01:00,0.0,1405.519,0.0,1,8,0.0,1,8,0.0,1,8,0.0,1,8,0.0,1,8,0.0,1,8,-0.0,1,8,-9900,?,9,-9900,?,9,12.19,E,8,9.15,E,8,81.0,E,8,822.9788000000001,E,8,999.0,E,8,0.32,E,8,-9900,?,9,-9900,?,9,0.0,E,8,-9900,?,9,-9900,?,9,0.0,0.0,E,8
11/30/2020,02:00,0.0,1405.519,0.0,1,8,0.0,1,8,0.0,1,8,0.0,1,8,0.0,1,8,0.0,1,8,-0.0,1,8,-9900,?,9,-9900,?,9,11.79,E,8,9.16,E,8,83.0,E,8,822.9788000000001,E,8,999.0,E,8,0.32,E,8,-9900,?,9,-9900,?,9,0.0,E,8,-9900,?,9,-9900,?,9,0.0,0.0,E,8
11/30/2020,03:00,0.0,1405.519,0.0,1,8,0.0,1,8,0.0,1,8,0.0,1,8,0.0,1,8,0.0,1,8,-0.0,1,8,-9900,?,9,-9900,?,9,11.4,E,8,9.16,E,8,86.0,E,8,822.9788000000001,E,8,999.0,E,8,0.32,E,8,-9900,?,9,-9900,?,9,0.0,E,8,-9900,?,9,-9900,?,9,0.0,0.0,E,8
11/30/2020,04:00,0.0,1405.992,0.0,1,8,0.0,1,8,0.0,1,8,0.0,1,8,0.0,1,8,0.0,1,8,-0.0,1,8,-9900,?,9,-9900,?,9,11.01,E,8,9.17,E,8,88.0,E,8,822.9788000000001,E,8,999.0,E,8,0.32,E,8,-9900,?,9,-9900,?,9,0.0,E,8,-9900,?,9,-9900,?,9,0.0,0.0,E,8
11/30/2020,05:00,0.0,1405.992,0.0,1,8,0.0,1,8,0.0,1,8,0.0,1,8,0.0,1,8,0.0,1,8,-0.0,1,8,-9900,?,9,-9900,?,9,10.67,E,8,9.18,E,8,90.0,E,8,822.9788000000001,E,8,999.0,E,8,0.32,E,8,-9900,?,9,-9900,?,9,0.0,E,8,-9900,?,9,-9900,?,9,0.0,0.0,E,8
11/30/2020,06:00,151.822,1405.992,0.0,1,8,0.0,1,8,0.0,1,8,0.0,1,8,0.0,1,8,0.0,1,8,0.0,1,8,-9900,?,9,-9900,?,9,10.41,E,8,9.18,E,8,92.0,E,8,822.9788000000001,E,8,999.0,E,8,0.32,E,8,-9900,?,9,-9900,?,9,0.0,E,8,-9900,?,9,-9900,?,9,0.0,0.0,E,8
11/30/2020,07:00,466.165,1405.992,190.85,1,8,137.991,1,8,145.206,1,8,22902.0,1,8,13109.125,1,8,15972.614,1,8,139.732,1,8,-9900,?,9,-9900,?,9,10.15,E,8,9.19,E,8,93.0,E,8,822.9788000000001,E,8,999.0,E,8,0.32,E,8,-9900,?,9,-9900,?,9,0.0,E,8,-9900,?,9,-9900,?,9,0.0,0.0,E,8
11/30/2020,08:00,763.26,1405.992,384.19,1,8,217.398,1,8,266.256,1,8,46102.8,1,8,20652.782,1,8,29288.12,1,8,156.23,1,8,-9900,?,9,-9900,?,9,16.09,E,8,9.08,E,8,63.0,E,8,822.9788000000001,E,8,999.0,E,8,0.32,E,8,-9900,?,9,-9900,?,9,0.0,E,8,-9900,?,9,-9900,?,9,0.0,0.0,E,8
11/30/2020,09:00,1021.407,1405.992,170.08,1,8,3.0,1,8,167.901,1,8,20409.6,1,8,285.017,1,8,18469.114,1,8,73.587,1,8,-9900,?,9,-9900,?,9,15.28,E,8,9.09,E,8,66.0,E,8,822.9788000000001,E,8,999.0,E,8,0.32,E,8,-9900,?,9,-9900,?,9,0.0,E,8,-9900,?,9,-9900,?,9,0.0,0.0,E,8
11/30/2020,10:00,1222.832,1405.992,452.32,1,8,18.565,1,8,436.175,1,8,54278.4,1,8,1763.716,1,8,47979.21,1,8,159.65,1,8,-9900,?,9,-9900,?,9,16.34,E,8,9.07,E,8,62.0,E,8,822.9788000000001,E,8,999.0,E,8,0.48,E,8,-9900,?,9,-9900,?,9,0.0,E,8,-9900,?,9,-9900,?,9,0.0,0.0,E,8
11/30/2020,11:00,1353.767,1405.992,530.64,1,8,17.75,1,8,513.549,1,8,63676.8,1,8,1686.284,1,8,56490.43,1,8,169.778,1,8,-9900,?,9,-9900,?,9,17.29,E,8,9.06,E,8,58.0,E,8,822.9788000000001,E,8,999.0,E,8,1.13,E,8,-9900,?,9,-9900,?,9,0.0,E,8,-9900,?,9,-9900,?,9,0.0,0.0,E,8
11/30/2020,12:00,1405.282,1405.992,573.71,1,8,19.953,1,8,553.767,1,8,68845.2,1,8,1895.565,1,8,60914.345,1,8,176.359,1,8,-9900,?,9,-9900,?,9,18.08,E,8,9.04,E,8,55.0,E,8,822.9788000000001,E,8,999.0,E,8,2.09,E,8,-9900,?,9,-9900,?,9,0.0,E,8,-9900,?,9,-9900,?,9,0.0,0.0,E,8
11/30/2020,13:00,1373.871,1405.992,578.47,1,8,84.374,1,8,496.025,1,8,69416.4,1,8,8015.492,1,8,54562.76,1,8,161.583,1,8,-9900,?,9,-9900,?,9,18.66,E,8,9.03,E,8,53.0,E,8,822.9788000000001,E,8,999.0,E,8,2.21,E,8,-9900,?,9,-9900,?,9,0.0,E,8,-9900,?,9,-9900,?,9,0.0,0.0,E,8
11/30/2020,14:00,1261.692,1405.992,544.55,1,8,71.815,1,8,480.11,1,8,65346.0,1,8,6822.454,1,8,52812.084,1,8,170.314,1,8,-9900,?,9,-9900,?,9,19.0,E,8,9.03,E,8,52.0,E,8,822.9788000000001,E,8,999.0,E,8,2.83,E,8,-9900,?,9,-9900,?,9,0.0,E,8,-9900,?,9,-9900,?,9,0.0,0.0,E,8
11/30/2020,15:00,1076.411,1405.992,474.42,1,8,104.87,1,8,394.149,1,8,56930.4,1,8,9962.648,1,8,43356.437,1,8,163.91,1,8,-9900,?,9,-9900,?,9,19.11,E,8,9.03,E,8,51.0,E,8,822.9788000000001,E,8,999.0,E,8,3.47,E,8,-9900,?,9,-9900,?,9,0.0,E,8,-9900,?,9,-9900,?,9,0.0,0.0,E,8
11/30/2020,16:00,830.705,1405.992,373.18,1,8,103.112,1,8,312.292,1,8,44781.6,1,8,9795.593,1,8,34352.088,1,8,168.339,1,8,-9900,?,9,-9900,?,9,18.89,E,8,9.03,E,8,52.0,E,8,822.9788000000001,E,8,999.0,E,8,2.69,E,8,-9900,?,9,-9900,?,9,0.0,E,8,-9900,?,9,-9900,?,9,0.0,0.0,E,8
11/30/2020,17:00,541.459,1405.992,248.7,1,8,196.537,1,8,173.139,1,8,29844.0,1,8,18670.971,1,8,19045.243,1,8,143.346,1,8,-9900,?,9,-9900,?,9,18.32,E,8,9.04,E,8,54.0,E,8,822.9788000000001,E,8,999.0,E,8,1.45,E,8,-9900,?,9,-9900,?,9,0.0,E,8,-9900,?,9,-9900,?,9,0.0,0.0,E,8
11/30/2020,18:00,229.165,1405.992,147.868,1,8,390.368,1,8,84.887,1,8,17744.16,1,8,37084.951,1,8,9337.572,1,8,167.477,1,8,-9900,?,9,-9900,?,9,17.396,E,8,9.056,E,8,57.6,E,8,822.9788000000001,E,8,999.0,E,8,1.102,E,8,-9900,?,9,-9900,?,9,0.0,E,8,-9900,?,9,-9900,?,9,0.0,0.0,E,8
11/30/2020,19:00,0.0,1405.992,73.232,1,8,0.0,1,8,0.0,1,8,8787.84,1,8,0.0,1,8,0.0,1,8,-0.0,1,8,-9900,?,9,-9900,?,9,16.592,E,8,9.07,E,8,60.8,E,8,822.9788000000001,E,8,999.0,E,8,0.628,E,8,-9900,?,9,-9900,?,9,0.0,E,8,-9900,?,9,-9900,?,9,0.0,0.0,E,8
11/30/2020,20:00,0.0,1405.992,23.492,1,8,0.0,1,8,0.0,1,8,2819.04,1,8,0.0,1,8,0.0,1,8,-0.0,1,8,-9900,?,9,-9900,?,9,15.73,E,8,9.086,E,8,64.4,E,8,822.9788000000001,E,8,999.0,E,8,0.402,E,8,-9900,?,9,-9900,?,9,0.0,E,8,-9900,?,9,-9900,?,9,0.0,0.0,E,8
11/30/2020,21:00,0.0,1405.992,0.886,1,8,0.0,1,8,0.0,1,8,106.32,1,8,0.0,1,8,0.0,1,8,-0.0,1,8,-9900,?,9,-9900,?,9,14.87,E,8,9.102,E,8,68.2,E,8,822.9788000000001,E,8,999.0,E,8,0.32,E,8,-9900,?,9,-9900,?,9,0.0,E,8,-9900,?,9,-9900,?,9,0.0,0.0,E,8
11/30/2020,22:00,0.0,1405.992,0.0,1,8,0.0,1,8,0.0,1,8,0.0,1,8,0.0,1,8,0.0,1,8,-0.0,1,8,-9900,?,9,-9900,?,9,13.858,E,8,8.714,E,8,70.8,E,8,822.9788000000001,E,8,999.0,E,8,0.332,E,8,-9900,?,9,-9900,?,9,0.0,E,8,-9900,?,9,-9900,?,9,0.0,0.0,E,8
11/30/2020,23:00,0.0,1405.992,0.0,1,8,0.0,1,8,0.0,1,8,0.0,1,8,0.0,1,8,0.0,1,8,-0.0,1,8,-9900,?,9,-9900,?,9,12.946,E,8,8.362,E,8,73.4,E,8,822.9788000000001,E,8,999.0,E,8,0.344,E,8,-9900,?,9,-9900,?,9,0.0,E,8,-9900,?,9,-9900,?,9,0.0,0.0,E,8
11/30/2012,24:00,0.0,1405.992,0.0,1,8,0.0,1,8,0.0,1,8,0.0,1,8,0.0,1,8,0.0,1,8,-0.0,1,8,-9900,?,9,-9900,?,9,12.134,E,8,8.046,E,8,75.8,E,8,822.9788000000001,E,8,999.0,E,8,0.356,E,8,-9900,?,9,-9900,?,9,0.0,E,8,-9900,?,9,-9900,?,9,0.0,0.0,E,8
12/01/2012,01:00,0.0,1405.992,0.0,1,8,0.0,1,8,0.0,1,8,0.0,1,8,0.0,1,8,0.0,1,8,-0.0,1,8,-9900,?,9,-9900,?,9,11.422,E,8,7.766,E,8,78.0,E,8,822.9788000000001,E,8,999.0,E,8,0.368,E,8,-9900,?,9,-9900,?,9,0.0,E,8,-9900,?,9,-9900,?,9,0.0,0.0,E,8
12/01/2012,02:00,0.0,1405.992,0.0,1,8,0.0,1,8,0.0,1,8,0.0,1,8,0.0,1,8,0.0,1,8,-0.0,1,8,-9900,?,9,-9900,?,9,10.81,E,8,7.522,E,8,80.0,E,8,822.9788000000001,E,8,999.0,E,8,0.38,E,8,-9900,?,9,-9900,?,9,0.0,E,8,-9900,?,9,-9900,?,9,0.0,0.0,E,8
12/01/2012,03:00,0.0,1405.992,0.0,1,8,0.0,1,8,0.0,1,8,0.0,1,8,0.0,1,8,0.0,1,8,-0.0,1,8,-9900,?,9,-9900,?,9,10.46,E,8,7.712,E,8,83.0,E,8,822.9788000000001,E,8,999.0,E,8,0.38,E,8,-9900,?,9,-9900,?,9,0.0,E,8,-9900,?,9,-9900,?,9,0.0,0.0,E,8
12/01/2012,04:00,0.0,1406.452,0.0,1,8,0.0,1,8,0.0,1,8,0.0,1,8,0.0,1,8,0.0,1,8,-0.0,1,8,-9900,?,9,-9900,?,9,10.134,E,8,7.886,E,8,85.8,E,8,822.9788000000001,E,8,999.0,E,8,0.38,E,8,-9900,?,9,-9900,?,9,0.0,E,8,-9900,?,9,-9900,?,9,0.0,0.0,E,8
12/01/2012,05:00,0.0,1406.452,21.618,1,8,0.0,1,8,0.0,1,8,2594.16,1,8,0.0,1,8,0.0,1,8,-0.0,1,8,-9900,?,9,-9900,?,9,9.832,E,8,8.048,E,8,88.4,E,8,822.9788000000001,E,8,999.0,E,8,0.38,E,8,-9900,?,9,-9900,?,9,0.0,E,8,-9900,?,9,-9900,?,9,0.0,0.0,E,8
12/01/2012,06:00,151.162,1406.452,0.0,1,8,0.0,1,8,0.0,1,8,0.0,1,8,0.0,1,8,0.0,1,8,0.0,1,8,-9900,?,9,-9900,?,9,9.54,E,8,8.2,E,8,91.0,E,8,822.9788000000001,E,8,999.0,E,8,0.38,E,8,-9900,?,9,-9900,?,9,0.0,E,8,-9900,?,9,-9900,?,9,0.0,0.0,E,8
12/01/2012,07:00,465.317,1406.452,108.09,1,8,0.0,1,8,108.09,1,8,12970.8,1,8,0.0,1,8,11889.9,1,8,104.24,1,8,-9900,?,9,-9900,?,9,9.3,E,8,8.33,E,8,93.0,E,8,822.9788000000001,E,8,999.0,E,8,0.38,E,8,-9900,?,9,-9900,?,9,0.0,E,8,-9900,?,9,-9900,?,9,0.0,0.0,E,8
12/01/2012,08:00,762.379,1406.452,290.37,1,8,65.304,1,8,254.996,1,8,34844.4,1,8,6203.885,1,8,28049.593,1,8,149.845,1,8,-9900,?,9,-9900,?,9,12.66,E,8,6.48,E,8,66.0,E,8,822.9788000000001,E,8,999.0,E,8,0.38,E,8,-9900,?,9,-9900,?,9,0.0,E,8,-9900,?,9,-9900,?,9,0.0,0.0,E,8
12/01/2012,09:00,1020.643,1406.452,463.78,1,8,90.673,1,8,397.997,1,8,55653.6,1,8,8613.951,1,8,43779.681,1,8,174.621,1,8,-9900,?,9,-9900,?,9,14.15,E,8,5.59,E,8,56.0,E,8,822.9788000000001,E,8,999.0,E,8,0.38,E,8,-9900,?,9,-9900,?,9,0.0,E,8,-9900,?,9,-9900,?,9,0.0,0.0,E,8
12/01/2012,10:00,1222.326,1406.452,609.18,1,8,132.6,1,8,493.95,1,8,73101.6,1,8,12596.994,1,8,54334.549,1,8,180.931,1,8,-9900,?,9,-9900,?,9,15.51,E,8,4.73,E,8,48.0,E,8,822.9788000000001,E,8,999.0,E,8,0.38,E,8,-9900,?,9,-9900,?,9,0.0,E,8,-9900,?,9,-9900,?,9,0.0,0.0,E,8
12/01/2012,11:00,1353.641,1406.452,714.93,1,8,9.871,1,8,705.43,1,8,85791.6,1,8,937.756,1,8,77597.274,1,8,233.311,1,8,-9900,?,9,-9900,?,9,16.68,E,8,3.95,E,8,42.0,E,8,822.9788000000001,E,8,999.0,E,8,0.8,E,8,-9900,?,9,-9900,?,9,0.0,E,8,-9900,?,9,-9900,?,9,0.0,0.0,E,8
12/01/2012,12:00,1405.632,1406.452,773.26,1,8,11.296,1,8,761.971,1,8,92791.2,1,8,1073.118,1,8,83816.767,1,8,242.684,1,8,-9900,?,9,-9900,?,9,17.62,E,8,3.3,E,8,38.0,E,8,822.9788000000001,E,8,999.0,E,8,1.21,E,8,-9900,?,9,-9900,?,9,0.0,E,8,-9900,?,9,-9900,?,9,0.0,0.0,E,8
12/01/2012,13:00,1374.762,1406.452,779.98,1,8,13.062,1,8,767.212,1,8,93597.6,1,8,1240.896,1,8,84393.368,1,8,249.844,1,8,-9900,?,9,-9900,?,9,18.31,E,8,2.8,E,8,35.0,E,8,822.9788000000001,E,8,999.0,E,8,1.53,E,8,-9900,?,9,-9900,?,9,0.0,E,8,-9900,?,9,-9900,?,9,0.0,0.0,E,8
12/01/2012,14:00,1263.148,1406.452,734.63,1,8,247.946,1,8,511.963,1,8,88155.6,1,8,23554.832,1,8,56315.983,1,8,181.464,1,8,-9900,?,9,-9900,?,9,18.73,E,8,2.49,E,8,33.0,E,8,822.9788000000001,E,8,999.0,E,8,2.01,E,8,-9900,?,9,-9900,?,9,0.0,E,8,-9900,?,9,-9900,?,9,0.0,0.0,E,8
12/01/2012,15:00,1078.42,1406.452,640.45,1,8,303.52,1,8,407.769,1,8,76854.0,1,8,28834.409,1,8,44854.582,1,8,169.313,1,8,-9900,?,9,-9900,?,9,18.89,E,8,2.37,E,8,33.0,E,8,822.9788000000001,E,8,999.0,E,8,2.2,E,8,-9900,?,9,-9900,?,9,0.0,E,8,-9900,?,9,-9900,?,9,0.0,0.0,E,8
12/01/2012,16:00,833.216,1406.452,504.32,1,8,404.689,1,8,264.703,1,8,60518.4,1,8,38445.456,1,8,29117.276,1,8,142.302,1,8,-9900,?,9,-9900,?,9,18.7,E,8,2.51,E,8,33.0,E,8,822.9788000000001,E,8,999.0,E,8,1.61,E,8,-9900,?,9,-9900,?,9,0.0,E,8,-9900,?,9,-9900,?,9,0.0,0.0,E,8
12/01/2012,17:00,544.383,1406.452,336.82,1,8,541.128,1,8,127.716,1,8,40418.4,1,8,51407.199,1,8,14048.747,1,8,105.204,1,8,-9900,?,9,-9900,?,9,18.12,E,8,2.94,E,8,36.0,E,8,822.9788000000001,E,8,999.0,E,8,0.81,E,8,-9900,?,9,-9900,?,9,0.0,E,8,-9900,?,9,-9900,?,9,0.0,0.0,E,8
12/01/2012,18:00,232.367,1406.452,154.07,1,8,429.29,1,8,83.846,1,8,18488.4,1,8,40782.515,1,8,9223.031,1,8,163.153,1,8,-9900,?,9,-9900,?,9,17.19,E,8,3.6,E,8,40.0,E,8,822.9788000000001,E,8,999.0,E,8,0.38,E,8,-9900,?,9,-9900,?,9,0.0,E,8,-9900,?,9,-9900,?,9,0.0,0.0,E,8
12/01/2012,19:00,0.0,1406.452,6.61,1,8,0.0,1,8,0.0,1,8,793.2,1,8,0.0,1,8,0.0,1,8,-0.0,1,8,-9900,?,9,-9900,?,9,16.43,E,8,4.12,E,8,43.0,E,8,822.9788000000001,E,8,999.0,E,8,0.38,E,8,-9900,?,9,-9900,?,9,0.0,E,8,-9900,?,9,-9900,?,9,0.0,0.0,E,8
12/01/2012,20:00,0.0,1406.452,0.0,1,8,0.0,1,8,0.0,1,8,0.0,1,8,0.0,1,8,0.0,1,8,-0.0,1,8,-9900,?,9,-9900,?,9,15.66,E,8,4.63,E,8,47.0,E,8,822.9788000000001,E,8,999.0,E,8,0.38,E,8,-9900,?,9,-9900,?,9,0.0,E,8,-9900,?,9,-9900,?,9,0.0,0.0,E,8
12/01/2012,21:00,0.0,1406.452,0.0,1,8,0.0,1,8,0.0,1,8,0.0,1,8,0.0,1,8,0.0,1,8,-0.0,1,8,-9900,?,9,-9900,?,9,14.9,E,8,5.12,E,8,51.0,E,8,822.9788000000001,E,8,999.0,E,8,0.38,E,8,-9900,?,9,-9900,?,9,0.0,E,8,-9900,?,9,-9900,?,9,0.0,0.0,E,8
12/01/2012,22:00,0.0,1406.452,0.0,1,8,0.0,1,8,0.0,1,8,0.0,1,8,0.0,1,8,0.0,1,8,-0.0,1,8,-9900,?,9,-9900,?,9,14.14,E,8,5.6,E,8,56.0,E,8,822.9788000000001,E,8,999.0,E,8,0.38,E,8,-9900,?,9,-9900,?,9,0.0,E,8,-9900,?,9,-9900,?,9,0.0,0.0,E,8
12/01/2012,23:00,0.0,1406.452,0.0,1,8,0.0,1,8,0.0,1,8,0.0,1,8,0.0,1,8,0.0,1,8,-0.0,1,8,-9900,?,9,-9900,?,9,13.37,E,8,6.06,E,8,61.0,E,8,822.9788000000001,E,8,999.0,E,8,0.38,E,8,-9900,?,9,-9900,?,9,0.0,E,8,-9900,?,9,-9900,?,9,0.0,0.0,E,8
12/01/2012,24:00,0.0,1406.452,0.0,1,8,0.0,1,8,0.0,1,8,0.0,1,8,0.0,1,8,0.0,1,8,-0.0,1,8,-9900,?,9,-9900,?,9,12.61,E,8,10.67,E,8,87.0,E,8,822.9788000000001,E,8,999.0,E,8,0.14,E,8,-9900,?,9,-9900,?,9,0.0,E,8,-9900,?,9,-9900,?,9,0.0,0.0,E,8
12/02/2012,01:00,0.0,1406.452,0.0,1,8,0.0,1,8,0.0,1,8,0.0,1,8,0.0,1,8,0.0,1,8,-0.0,1,8,-9900,?,9,-9900,?,9,12.23,E,8,10.5,E,8,89.0,E,8,822.9788000000001,E,8,999.0,E,8,0.14,E,8,-9900,?,9,-9900,?,9,0.0,E,8,-9900,?,9,-9900,?,9,0.0,0.0,E,8
12/02/2012,02:00,0.0,1406.452,0.0,1,8,0.0,1,8,0.0,1,8,0.0,1,8,0.0,1,8,0.0,1,8,-0.0,1,8,-9900,?,9,-9900,?,9,11.85,E,8,10.34,E,8,90.0,E,8,822.9788000000001,E,8,999.0,E,8,0.14,E,8,-9900,?,9,-9900,?,9,0.0,E,8,-9900,?,9,-9900,?,9,0.0,0.0,E,8
12/02/2012,03:00,0.0,1406.452,0.0,1,8,0.0,1,8,0.0,1,8,0.0,1,8,0.0,1,8,0.0,1,8,-0.0,1,8,-9900,?,9,-9900,?,9,11.47,E,8,10.17,E,8,91.0,E,8,822.9788000000001,E,8,999.0,E,8,0.14,E,8,-9900,?,9,-9900,?,9,0.0,E,8,-9900,?,9,-9900,?,9,0.0,0.0,E,8
12/02/2012,04:00,0.0,1406.901,0.0,1,8,0.0,1,8,0.0,1,8,0.0,1,8,0.0,1,8,0.0,1,8,-0.0,1,8,-9900,?,9,-9900,?,9,11.08,E,8,9.99,E,8,92.0,E,8,822.9788000000001,E,8,999.0,E,8,0.14,E,8,-9900,?,9,-9900,?,9,0.0,E,8,-9900,?,9,-9900,?,9,0.0,0.0,E,8
12/02/2012,05:00,0.0,1406.901,0.0,1,8,0.0,1,8,0.0,1,8,0.0,1,8,0.0,1,8,0.0,1,8,-0.0,1,8,-9900,?,9,-9900,?,9,10.75,E,8,9.84,E,8,94.0,E,8,822.9788000000001,E,8,999.0,E,8,0.14,E,8,-9900,?,9,-9900,?,9,0.0,E,8,-9900,?,9,-9900,?,9,0.0,0.0,E,8
12/02/2012,06:00,150.485,1406.901,0.0,1,8,0.0,1,8,0.0,1,8,0.0,1,8,0.0,1,8,0.0,1,8,0.0,1,8,-9900,?,9,-9900,?,9,10.49,E,8,9.72,E,8,94.0,E,8,822.9788000000001,E,8,999.0,E,8,0.14,E,8,-9900,?,9,-9900,?,9,0.0,E,8,-9900,?,9,-9900,?,9,0.0,0.0,E,8
12/02/2012,07:00,464.442,1406.901,118.59,1,8,4.715,1,8,117.037,1,8,14230.8,1,8,447.899,1,8,12874.1,1,8,113.119,1,8,-9900,?,9,-9900,?,9,10.24,E,8,9.61,E,8,95.0,E,8,822.9788000000001,E,8,999.0,E,8,0.14,E,8,-9900,?,9,-9900,?,9,0.0,E,8,-9900,?,9,-9900,?,9,0.0,0.0,E,8
12/02/2012,08:00,761.467,1406.901,232.76,1,8,5.696,1,8,229.679,1,8,27931.2,1,8,541.151,1,8,25264.703,1,8,135.173,1,8,-9900,?,9,-9900,?,9,13.31,E,8,10.97,E,8,85.0,E,8,822.9788000000001,E,8,999.0,E,8,0.14,E,8,-9900,?,9,-9900,?,9,0.0,E,8,-9900,?,9,-9900,?,9,0.0,0.0,E,8
12/02/2012,09:00,1019.844,1406.901,372.07,1,8,57.805,1,8,330.179,1,8,44648.4,1,8,5491.438,1,8,36319.724,1,8,145.026,1,8,-9900,?,9,-9900,?,9,14.46,E,8,11.46,E,8,82.0,E,8,822.9788000000001,E,8,999.0,E,8,0.14,E,8,-9900,?,9,-9900,?,9,0.0,E,8,-9900,?,9,-9900,?,9,0.0,0.0,E,8
12/02/2012,10:00,1221.784,1406.901,488.96,1,8,32.728,1,8,460.541,1,8,58675.2,1,8,3109.179,1,8,50659.492,1,8,168.822,1,8,-9900,?,9,-9900,?,9,15.54,E,8,11.9,E,8,78.0,E,8,822.9788000000001,E,8,999.0,E,8,0.14,E,8,-9900,?,9,-9900,?,9,0.0,E,8,-9900,?,9,-9900,?,9,0.0,0.0,E,8
12/02/2012,11:00,1353.482,1406.901,574.08,1,8,46.619,1,8,529.232,1,8,68889.6,1,8,4428.773,1,8,58215.571,1,8,175.113,1,8,-9900,?,9,-9900,?,9,16.49,E,8,12.28,E,8,76.0,E,8,822.9788000000001,E,8,999.0,E,8,0.42,E,8,-9900,?,9,-9900,?,9,0.0,E,8,-9900,?,9,-9900,?,9,0.0,0.0,E,8
12/02/2012,12:00,1405.956,1406.901,621.15,1,8,52.853,1,8,568.332,1,8,74538.0,1,8,5021.047,1,8,62516.564,1,8,181.028,1,8,-9900,?,9,-9900,?,9,17.25,E,8,12.57,E,8,73.0,E,8,822.9788000000001,E,8,999.0,E,8,0.55,E,8,-9900,?,9,-9900,?,9,0.0,E,8,-9900,?,9,-9900,?,9,0.0,0.0,E,8
12/02/2012,13:00,1375.634,1406.901,626.82,1,8,115.572,1,8,513.818,1,8,75218.4,1,8,10979.34,1,8,56519.978,1,8,167.273,1,8,-9900,?,9,-9900,?,9,17.82,E,8,12.79,E,8,72.0,E,8,822.9788000000001,E,8,999.0,E,8,0.92,E,8,-9900,?,9,-9900,?,9,0.0,E,8,-9900,?,9,-9900,?,9,0.0,0.0,E,8
12/02/2012,14:00,1264.597,1406.901,590.67,1,8,148.542,1,8,457.162,1,8,70880.4,1,8,14111.465,1,8,50287.838,1,8,161.906,1,8,-9900,?,9,-9900,?,9,18.16,E,8,12.92,E,8,71.0,E,8,822.9788000000001,E,8,999.0,E,8,1.64,E,8,-9900,?,9,-9900,?,9,0.0,E,8,-9900,?,9,-9900,?,9,0.0,0.0,E,8
12/02/2012,15:00,1080.434,1406.901,515.31,1,8,186.417,1,8,372.18,1,8,61837.2,1,8,17709.609,1,8,40939.773,1,8,154.297,1,8,-9900,?,9,-9900,?,9,18.28,E,8,12.97,E,8,71.0,E,8,822.9788000000001,E,8,999.0,E,8,2.17,E,8,-9900,?,9,-9900,?,9,0.0,E,8,-9900,?,9,-9900,?,9,0.0,0.0,E,8
12/02/2012,16:00,835.743,1406.901,406.22,1,8,150.517,1,8,316.856,1,8,48746.4,1,8,14299.097,1,8,34854.199,1,8,169.878,1,8,-9900,?,9,-9900,?,9,18.12,E,8,12.91,E,8,71.0,E,8,822.9788000000001,E,8,999.0,E,8,2.87,E,8,-9900,?,9,-9900,?,9,0.0,E,8,-9900,?,9,-9900,?,9,0.0,0.0,E,8
12/02/2012,17:00,547.335,1406.901,271.88,1,8,250.671,1,8,174.519,1,8,32625.6,1,8,23813.78,1,8,19197.076,1,8,143.025,1,8,-9900,?,9,-9900,?,9,17.63,E,8,12.72,E,8,72.0,E,8,822.9788000000001,E,8,999.0,E,8,3.2,E,8,-9900,?,9,-9900,?,9,0.0,E,8,-9900,?,9,-9900,?,9,0.0,0.0,E,8
12/02/2012,18:00,235.608,1406.901,125.17,1,8,371.704,1,8,63.521,1,8,15020.4,1,8,35311.848,1,8,6987.347,1,8,121.911,1,8,-9900,?,9,-9900,?,9,16.85,E,8,12.42,E,8,75.0,E,8,822.9788000000001,E,8,999.0,E,8,1.58,E,8,-9900,?,9,-9900,?,9,0.0,E,8,-9900,?,9,-9900,?,9,0.0,0.0,E,8
12/02/2012,19:00,0.0,1406.901,5.86,1,8,0.0,1,8,0.0,1,8,703.2,1,8,0.0,1,8,0.0,1,8,-0.0,1,8,-9900,?,9,-9900,?,9,16.08,E,8,12.11,E,8,77.0,E,8,822.9788000000001,E,8,999.0,E,8,0.7,E,8,-9900,?,9,-9900,?,9,0.0,E,8,-9900,?,9,-9900,?,9,0.0,0.0,E,8
12/02/2012,20:00,0.0,1406.901,0.0,1,8,0.0,1,8,0.0,1,8,0.0,1,8,0.0,1,8,0.0,1,8,-0.0,1,8,-9900,?,9,-9900,?,9,15.32,E,8,11.81,E,8,79.0,E,8,822.9788000000001,E,8,999.0,E,8,0.49,E,8,-9900,?,9,-9900,?,9,0.0,E,8,-9900,?,9,-9900,?,9,0.0,0.0,E,8
12/02/2012,21:00,0.0,1406.901,0.0,1,8,0.0,1,8,0.0,1,8,0.0,1,8,0.0,1,8,0.0,1,8,-0.0,1,8,-9900,?,9,-9900,?,9,14.55,E,8,11.49,E,8,81.0,E,8,822.9788000000001,E,8,999.0,E,8,0.17,E,8,-9900,?,9,-9900,?,9,0.0,E,8,-9900,?,9,-9900,?,9,0.0,0.0,E,8
12/02/2012,22:00,0.0,1406.901,0.0,1,8,0.0,1,8,0.0,1,8,0.0,1,8,0.0,1,8,0.0,1,8,-0.0,1,8,-9900,?,9,-9900,?,9,13.78,E,8,11.17,E,8,84.0,E,8,822.9788000000001,E,8,999.0,E,8,0.17,E,8,-9900,?,9,-9900,?,9,0.0,E,8,-9900,?,9,-9900,?,9,0.0,0.0,E,8
12/02/2012,23:00,0.0,1406.901,0.0,1,8,0.0,1,8,0.0,1,8,0.0,1,8,0.0,1,8,0.0,1,8,-0.0,1,8,-9900,?,9,-9900,?,9,13.01,E,8,10.84,E,8,86.0,E,8,822.9788000000001,E,8,999.0,E,8,0.14,E,8,-9900,?,9,-9900,?,9,0.0,E,8,-9900,?,9,-9900,?,9,0.0,0.0,E,8
12/02/2012,24:00,0.0,1406.901,0.0,1,8,0.0,1,8,0.0,1,8,0.0,1,8,0.0,1,8,0.0,1,8,-0.0,1,8,-9900,?,9,-9900,?,9,12.25,E,8,9.47,E,8,83.0,E,8,822.9788000000001,E,8,999.0,E,8,0.33,E,8,-9900,?,9,-9900,?,9,0.0,E,8,-9900,?,9,-9900,?,9,0.0,0.0,E,8
12/03/2012,01:00,0.0,1406.901,0.0,1,8,0.0,1,8,0.0,1,8,0.0,1,8,0.0,1,8,0.0,1,8,-0.0,1,8,-9900,?,9,-9900,?,9,11.86,E,8,9.46,E,8,85.0,E,8,822.9788000000001,E,8,999.0,E,8,0.33,E,8,-9900,?,9,-9900,?,9,0.0,E,8,-9900,?,9,-9900,?,9,0.0,0.0,E,8
12/03/2012,02:00,0.0,1406.901,0.0,1,8,0.0,1,8,0.0,1,8,0.0,1,8,0.0,1,8,0.0,1,8,-0.0,1,8,-9900,?,9,-9900,?,9,11.48,E,8,9.44,E,8,87.0,E,8,822.9788000000001,E,8,999.0,E,8,0.33,E,8,-9900,?,9,-9900,?,9,0.0,E,8,-9900,?,9,-9900,?,9,0.0,0.0,E,8
12/03/2012,03:00,0.0,1406.901,0.0,1,8,0.0,1,8,0.0,1,8,0.0,1,8,0.0,1,8,0.0,1,8,-0.0,1,8,-9900,?,9,-9900,?,9,11.09,E,8,9.42,E,8,89.0,E,8,822.9788000000001,E,8,999.0,E,8,0.33,E,8,-9900,?,9,-9900,?,9,0.0,E,8,-9900,?,9,-9900,?,9,0.0,0.0,E,8
12/03/2012,04:00,0.0,1407.337,0.0,1,8,0.0,1,8,0.0,1,8,0.0,1,8,0.0,1,8,0.0,1,8,-0.0,1,8,-9900,?,9,-9900,?,9,10.71,E,8,9.41,E,8,91.0,E,8,822.9788000000001,E,8,999.0,E,8,0.33,E,8,-9900,?,9,-9900,?,9,0.0,E,8,-9900,?,9,-9900,?,9,0.0,0.0,E,8
12/03/2012,05:00,0.0,1407.337,0.0,1,8,0.0,1,8,0.0,1,8,0.0,1,8,0.0,1,8,0.0,1,8,-0.0,1,8,-9900,?,9,-9900,?,9,10.37,E,8,9.4,E,8,93.0,E,8,822.9788000000001,E,8,999.0,E,8,0.33,E,8,-9900,?,9,-9900,?,9,0.0,E,8,-9900,?,9,-9900,?,9,0.0,0.0,E,8
12/03/2012,06:00,149.697,1407.337,0.0,1,8,0.0,1,8,0.0,1,8,0.0,1,8,0.0,1,8,0.0,1,8,0.0,1,8,-9900,?,9,-9900,?,9,10.12,E,8,9.39,E,8,95.0,E,8,822.9788000000001,E,8,999.0,E,8,0.33,E,8,-9900,?,9,-9900,?,9,0.0,E,8,-9900,?,9,-9900,?,9,0.0,0.0,E,8
12/03/2012,07:00,463.466,1407.337,76.62,1,8,0.0,1,8,76.62,1,8,9194.4,1,8,0.0,1,8,8428.2,1,8,74.235,1,8,-9900,?,9,-9900,?,9,9.86,E,8,9.38,E,8,96.0,E,8,822.9788000000001,E,8,999.0,E,8,0.33,E,8,-9900,?,9,-9900,?,9,0.0,E,8,-9900,?,9,-9900,?,9,0.0,0.0,E,8
12/03/2012,08:00,760.465,1407.337,147.93,1,8,6.919,1,8,144.194,1,8,17751.6,1,8,657.347,1,8,15861.305,1,8,85.001,1,8,-9900,?,9,-9900,?,9,11.71,E,8,9.45,E,8,85.0,E,8,822.9788000000001,E,8,999.0,E,8,0.33,E,8,-9900,?,9,-9900,?,9,0.0,E,8,-9900,?,9,-9900,?,9,0.0,0.0,E,8
12/03/2012,09:00,1018.972,1407.337,347.23,1,8,14.335,1,8,336.854,1,8,41667.6,1,8,1361.81,1,8,37053.91,1,8,148.13,1,8,-9900,?,9,-9900,?,9,13.0,E,8,9.5,E,8,79.0,E,8,822.9788000000001,E,8,999.0,E,8,0.33,E,8,-9900,?,9,-9900,?,9,0.0,E,8,-9900,?,9,-9900,?,9,0.0,0.0,E,8
12/03/2012,10:00,1221.186,1407.337,479.34,1,8,23.114,1,8,459.285,1,8,57520.8,1,8,2195.876,1,8,50521.332,1,8,168.496,1,8,-9900,?,9,-9900,?,9,14.19,E,8,9.55,E,8,73.0,E,8,822.9788000000001,E,8,999.0,E,8,0.53,E,8,-9900,?,9,-9900,?,9,0.0,E,8,-9900,?,9,-9900,?,9,0.0,0.0,E,8
12/03/2012,11:00,1353.284,1407.337,738.81,1,8,209.449,1,8,537.411,1,8,88657.2,1,8,19897.611,1,8,59115.18,1,8,177.9,1,8,-9900,?,9,-9900,?,9,15.75,E,8,9.61,E,8,66.0,E,8,822.9788000000001,E,8,999.0,E,8,0.96,E,8,-9900,?,9,-9900,?,9,0.0,E,8,-9900,?,9,-9900,?,9,0.0,0.0,E,8
12/03/2012,12:00,1406.255,1407.337,951.58,1,8,447.64,1,8,504.285,1,8,114189.6,1,8,42525.761,1,8,55471.297,1,8,160.642,1,8,-9900,?,9,-9900,?,9,17.38,E,8,9.67,E,8,60.0,E,8,822.9788000000001,E,8,999.0,E,8,1.17,E,8,-9900,?,9,-9900,?,9,0.0,E,8,-9900,?,9,-9900,?,9,0.0,0.0,E,8
12/03/2012,13:00,1376.495,1407.337,1030.72,1,8,561.07,1,8,481.953,1,8,123686.4,1,8,53301.662,1,8,53014.822,1,8,156.85,1,8,-9900,?,9,-9900,?,9,18.73,E,8,9.73,E,8,55.0,E,8,822.9788000000001,E,8,999.0,E,8,1.66,E,8,-9900,?,9,-9900,?,9,0.0,E,8,-9900,?,9,-9900,?,9,0.0,0.0,E,8
12/03/2012,14:00,1266.044,1407.337,968.24,1,8,714.783,1,8,325.264,1,8,116188.8,1,8,67904.361,1,8,35779.043,1,8,115.097,1,8,-9900,?,9,-9900,?,9,19.61,E,8,9.76,E,8,52.0,E,8,822.9788000000001,E,8,999.0,E,8,1.05,E,8,-9900,?,9,-9900,?,9,0.0,E,8,-9900,?,9,-9900,?,9,0.0,0.0,E,8
12/03/2012,15:00,1082.451,1407.337,823.02,1,8,807.728,1,8,201.883,1,8,98762.4,1,8,76734.144,1,8,22207.144,1,8,83.566,1,8,-9900,?,9,-9900,?,9,20.03,E,8,9.78,E,8,51.0,E,8,822.9788000000001,E,8,999.0,E,8,2.0,E,8,-9900,?,9,-9900,?,9,0.0,E,8,-9900,?,9,-9900,?,9,0.0,0.0,E,8
12/03/2012,16:00,838.275,1407.337,599.0,1,8,757.425,1,8,148.083,1,8,71880.0,1,8,71955.398,1,8,16289.134,1,8,79.177,1,8,-9900,?,9,-9900,?,9,19.98,E,8,9.78,E,8,51.0,E,8,822.9788000000001,E,8,999.0,E,8,1.31,E,8,-9900,?,9,-9900,?,9,0.0,E,8,-9900,?,9,-9900,?,9,0.0,0.0,E,8
12/03/2012,17:00,550.288,1407.337,358.34,1,8,653.231,1,8,103.329,1,8,43000.8,1,8,62056.956,1,8,11366.235,1,8,84.252,1,8,-9900,?,9,-9900,?,9,19.32,E,8,9.75,E,8,53.0,E,8,822.9788000000001,E,8,999.0,E,8,1.36,E,8,-9900,?,9,-9900,?,9,0.0,E,8,-9900,?,9,-9900,?,9,0.0,0.0,E,8
12/03/2012,18:00,238.843,1407.337,136.35,1,8,577.93,1,8,39.188,1,8,16362.0,1,8,54903.35,1,8,4310.634,1,8,74.195,1,8,-9900,?,9,-9900,?,9,18.26,E,8,9.71,E,8,57.0,E,8,822.9788000000001,E,8,999.0,E,8,1.19,E,8,-9900,?,9,-9900,?,9,0.0,E,8,-9900,?,9,-9900,?,9,0.0,0.0,E,8
12/03/2012,19:00,0.0,1407.337,8.48,1,8,0.0,1,8,0.0,1,8,1017.6,1,8,0.0,1,8,0.0,1,8,-0.0,1,8,-9900,?,9,-9900,?,9,17.42,E,8,9.68,E,8,60.0,E,8,822.9788000000001,E,8,999.0,E,8,0.68,E,8,-9900,?,9,-9900,?,9,0.0,E,8,-9900,?,9,-9900,?,9,0.0,0.0,E,8
12/03/2012,20:00,0.0,1407.337,0.0,1,8,0.0,1,8,0.0,1,8,0.0,1,8,0.0,1,8,0.0,1,8,-0.0,1,8,-9900,?,9,-9900,?,9,16.57,E,8,9.64,E,8,63.0,E,8,822.9788000000001,E,8,999.0,E,8,0.33,E,8,-9900,?,9,-9900,?,9,0.0,E,8,-9900,?,9,-9900,?,9,0.0,0.0,E,8
12/03/2012,21:00,0.0,1407.337,0.0,1,8,0.0,1,8,0.0,1,8,0.0,1,8,0.0,1,8,0.0,1,8,-0.0,1,8,-9900,?,9,-9900,?,9,15.73,E,8,9.61,E,8,66.0,E,8,822.9788000000001,E,8,999.0,E,8,0.33,E,8,-9900,?,9,-9900,?,9,0.0,E,8,-9900,?,9,-9900,?,9,0.0,0.0,E,8
12/03/2012,22:00,0.0,1407.337,0.0,1,8,0.0,1,8,0.0,1,8,0.0,1,8,0.0,1,8,0.0,1,8,-0.0,1,8,-9900,?,9,-9900,?,9,14.88,E,8,9.58,E,8,70.0,E,8,822.9788000000001,E,8,999.0,E,8,0.33,E,8,-9900,?,9,-9900,?,9,0.0,E,8,-9900,?,9,-9900,?,9,0.0,0.0,E,8
12/03/2012,23:00,0.0,1407.337,0.0,1,8,0.0,1,8,0.0,1,8,0.0,1,8,0.0,1,8,0.0,1,8,-0.0,1,8,-9900,?,9,-9900,?,9,14.04,E,8,9.54,E,8,74.0,E,8,822.9788000000001,E,8,999.0,E,8,0.33,E,8,-9900,?,9,-9900,?,9,0.0,E,8,-9900,?,9,-9900,?,9,0.0,0.0,E,8
12/03/2012,24:00,0.0,1407.337,0.0,1,8,0.0,1,8,0.0,1,8,0.0,1,8,0.0,1,8,0.0,1,8,-0.0,1,8,-9900,?,9,-9900,?,9,13.2,E,8,11.12,E,8,92.0,E,8,822.9788000000001,E,8,999.0,E,8,0.91,E,8,-9900,?,9,-9900,?,9,0.002,E,8,-9900,?,9,-9900,?,9,0.02,99.0,E,8
12/04/2012,01:00,0.0,1407.337,0.0,1,8,0.0,1,8,0.0,1,8,0.0,1,8,0.0,1,8,0.0,1,8,-0.0,1,8,-9900,?,9,-9900,?,9,12.77,E,8,11.03,E,8,94.0,E,8,822.9788000000001,E,8,999.0,E,8,0.8,E,8,-9900,?,9,-9900,?,9,0.001,E,8,-9900,?,9,-9900,?,9,0.01,99.0,E,8
12/04/2012,02:00,0.0,1407.337,0.0,1,8,0.0,1,8,0.0,1,8,0.0,1,8,0.0,1,8,0.0,1,8,-0.0,1,8,-9900,?,9,-9900,?,9,12.35,E,8,10.94,E,8,96.0,E,8,822.9788000000001,E,8,999.0,E,8,0.95,E,8,-9900,?,9,-9900,?,9,0.005,E,8,-9900,?,9,-9900,?,9,0.05,99.0,E,8
12/04/2012,03:00,0.0,1407.337,0.0,1,8,0.0,1,8,0.0,1,8,0.0,1,8,0.0,1,8,0.0,1,8,-0.0,1,8,-9900,?,9,-9900,?,9,11.93,E,8,10.85,E,8,93.0,E,8,822.9788000000001,E,8,999.0,E,8,0.91,E,8,-9900,?,9,-9900,?,9,0.0,E,8,-9900,?,9,-9900,?,9,0.0,0.0,E,8
12/04/2012,04:00,0.0,1407.76,0.0,1,8,0.0,1,8,0.0,1,8,0.0,1,8,0.0,1,8,0.0,1,8,-0.0,1,8,-9900,?,9,-9900,?,9,11.51,E,8,10.77,E,8,95.0,E,8,822.9788000000001,E,8,999.0,E,8,0.56,E,8,-9900,?,9,-9900,?,9,0.0,E,8,-9900,?,9,-9900,?,9,0.0,0.0,E,8
12/04/2012,05:00,0.0,1407.76,0.0,1,8,0.0,1,8,0.0,1,8,0.0,1,8,0.0,1,8,0.0,1,8,-0.0,1,8,-9900,?,9,-9900,?,9,11.13,E,8,10.69,E,8,97.0,E,8,822.9788000000001,E,8,999.0,E,8,0.81,E,8,-9900,?,9,-9900,?,9,0.0,E,8,-9900,?,9,-9900,?,9,0.0,0.0,E,8
12/04/2012,06:00,148.798,1407.76,0.0,1,8,0.0,1,8,0.0,1,8,0.0,1,8,0.0,1,8,0.0,1,8,0.0,1,8,-9900,?,9,-9900,?,9,10.85,E,8,10.63,E,8,98.0,E,8,822.9788000000001,E,8,999.0,E,8,0.73,E,8,-9900,?,9,-9900,?,9,0.0,E,8,-9900,?,9,-9900,?,9,0.0,0.0,E,8
12/04/2012,07:00,462.388,1407.76,63.93,1,8,0.0,1,8,63.93,1,8,7671.6,1,8,0.0,1,8,7032.3,1,8,62.104,1,8,-9900,?,9,-9900,?,9,10.58,E,8,10.57,E,8,99.0,E,8,822.9788000000001,E,8,999.0,E,8,0.56,E,8,-9900,?,9,-9900,?,9,0.0,E,8,-9900,?,9,-9900,?,9,0.0,0.0,E,8
12/04/2012,08:00,759.376,1407.76,173.17,1,8,3.508,1,8,171.279,1,8,20780.4,1,8,333.294,1,8,18840.675,1,8,101.143,1,8,-9900,?,9,-9900,?,9,13.39,E,8,11.16,E,8,86.0,E,8,822.9788000000001,E,8,999.0,E,8,0.87,E,8,-9900,?,9,-9900,?,9,0.0,E,8,-9900,?,9,-9900,?,9,0.0,0.0,E,8
12/04/2012,09:00,1018.029,1407.76,248.34,1,8,17.807,1,8,235.466,1,8,29800.8,1,8,1691.632,1,8,25901.312,1,8,103.673,1,8,-9900,?,9,-9900,?,9,14.42,E,8,11.37,E,8,81.0,E,8,822.9788000000001,E,8,999.0,E,8,0.73,E,8,-9900,?,9,-9900,?,9,0.0,E,8,-9900,?,9,-9900,?,9,0.0,0.0,E,8
12/04/2012,10:00,1220.534,1407.76,445.56,1,8,20.962,1,8,427.388,1,8,53467.2,1,8,1991.346,1,8,47012.682,1,8,156.925,1,8,-9900,?,9,-9900,?,9,16.11,E,8,11.7,E,8,75.0,E,8,822.9788000000001,E,8,999.0,E,8,0.64,E,8,-9900,?,9,-9900,?,9,0.0,E,8,-9900,?,9,-9900,?,9,0.0,0.0,E,8
12/04/2012,11:00,1353.048,1407.76,287.84,1,8,3.168,1,8,284.795,1,8,34540.8,1,8,301.0,1,8,31327.427,1,8,94.321,1,8,-9900,?,9,-9900,?,9,16.37,E,8,11.76,E,8,74.0,E,8,822.9788000000001,E,8,999.0,E,8,0.77,E,8,-9900,?,9,-9900,?,9,0.0,E,8,-9900,?,9,-9900,?,9,0.0,0.0,E,8
12/04/2012,12:00,1406.532,1407.76,464.35,1,8,25.828,1,8,438.545,1,8,55722.0,1,8,2453.615,1,8,48239.951,1,8,139.715,1,8,-9900,?,9,-9900,?,9,17.24,E,8,11.93,E,8,70.0,E,8,822.9788000000001,E,8,999.0,E,8,0.71,E,8,-9900,?,9,-9900,?,9,0.0,E,8,-9900,?,9,-9900,?,9,0.0,0.0,E,8
12/04/2012,13:00,1377.345,1407.76,228.39,1,8,7.608,1,8,220.946,1,8,27406.8,1,8,722.794,1,8,24304.073,1,8,71.883,1,8,-9900,?,9,-9900,?,9,17.07,E,8,11.89,E,8,71.0,E,8,822.9788000000001,E,8,999.0,E,8,0.56,E,8,-9900,?,9,-9900,?,9,0.0,E,8,-9900,?,9,-9900,?,9,0.0,0.0,E,8
12/04/2012,14:00,1267.489,1407.76,613.64,1,8,185.298,1,8,446.817,1,8,73636.8,1,8,17603.323,1,8,49149.832,1,8,157.977,1,8,-9900,?,9,-9900,?,9,18.08,E,8,12.09,E,8,67.0,E,8,822.9788000000001,E,8,999.0,E,8,0.93,E,8,-9900,?,9,-9900,?,9,0.0,E,8,-9900,?,9,-9900,?,9,0.0,0.0,E,8
12/04/2012,15:00,1084.471,1407.76,563.73,1,8,231.748,1,8,385.238,1,8,67647.6,1,8,22016.061,1,8,42376.214,1,8,159.213,1,8,-9900,?,9,-9900,?,9,18.73,E,8,12.22,E,8,65.0,E,8,822.9788000000001,E,8,999.0,E,8,1.5,E,8,-9900,?,9,-9900,?,9,0.0,E,8,-9900,?,9,-9900,?,9,0.0,0.0,E,8
12/04/2012,16:00,840.809,1407.76,264.26,1,8,17.746,1,8,253.666,1,8,31711.2,1,8,1685.888,1,8,27903.302,1,8,135.261,1,8,-9900,?,9,-9900,?,9,18.42,E,8,12.16,E,8,66.0,E,8,822.9788000000001,E,8,999.0,E,8,1.86,E,8,-9900,?,9,-9900,?,9,0.0,E,8,-9900,?,9,-9900,?,9,0.0,0.0,E,8
12/04/2012,17:00,553.24,1407.76,205.23,1,8,76.961,1,8,175.033,1,8,24627.6,1,8,7311.322,1,8,19253.622,1,8,141.996,1,8,-9900,?,9,-9900,?,9,17.94,E,8,12.06,E,8,68.0,E,8,822.9788000000001,E,8,999.0,E,8,1.77,E,8,-9900,?,9,-9900,?,9,0.0,E,8,-9900,?,9,-9900,?,9,0.0,0.0,E,8
12/04/2012,18:00,242.069,1407.76,95.69,1,8,118.747,1,8,75.458,1,8,11482.8,1,8,11280.98,1,8,8300.335,1,8,140.971,1,8,-9900,?,9,-9900,?,9,17.17,E,8,11.91,E,8,71.0,E,8,822.9788000000001,E,8,999.0,E,8,1.09,E,8,-9900,?,9,-9900,?,9,0.0,E,8,-9900,?,9,-9900,?,9,0.0,0.0,E,8
12/04/2012,19:00,0.0,1407.76,5.26,1,8,0.0,1,8,0.0,1,8,631.2,1,8,0.0,1,8,0.0,1,8,-0.0,1,8,-9900,?,9,-9900,?,9,16.41,E,8,11.76,E,8,73.0,E,8,822.9788000000001,E,8,999.0,E,8,1.16,E,8,-9900,?,9,-9900,?,9,0.0,E,8,-9900,?,9,-9900,?,9,0.0,0.0,E,8
12/04/2012,20:00,0.0,1407.76,0.0,1,8,0.0,1,8,0.0,1,8,0.0,1,8,0.0,1,8,0.0,1,8,-0.0,1,8,-9900,?,9,-9900,?,9,15.64,E,8,11.61,E,8,81.0,E,8,822.9788000000001,E,8,999.0,E,8,1.76,E,8,-9900,?,9,-9900,?,9,0.003,E,8,-9900,?,9,-9900,?,9,0.03,99.0,E,8
12/04/2012,21:00,0.0,1407.76,0.0,1,8,0.0,1,8,0.0,1,8,0.0,1,8,0.0,1,8,0.0,1,8,-0.0,1,8,-9900,?,9,-9900,?,9,14.88,E,8,11.46,E,8,84.0,E,8,822.9788000000001,E,8,999.0,E,8,2.49,E,8,-9900,?,9,-9900,?,9,0.009,E,8,-9900,?,9,-9900,?,9,0.09,99.0,E,8
12/04/2012,22:00,0.0,1407.76,0.0,1,8,0.0,1,8,0.0,1,8,0.0,1,8,0.0,1,8,0.0,1,8,-0.0,1,8,-9900,?,9,-9900,?,9,14.11,E,8,11.3,E,8,88.0,E,8,822.9788000000001,E,8,999.0,E,8,2.32,E,8,-9900,?,9,-9900,?,9,0.019,E,8,-9900,?,9,-9900,?,9,0.19,99.0,E,8
12/04/2012,23:00,0.0,1407.76,0.0,1,8,0.0,1,8,0.0,1,8,0.0,1,8,0.0,1,8,0.0,1,8,-0.0,1,8,-9900,?,9,-9900,?,9,13.35,E,8,11.15,E,8,96.0,E,8,822.9788000000001,E,8,999.0,E,8,1.67,E,8,-9900,?,9,-9900,?,9,0.361,E,8,-9900,?,9,-9900,?,9,3.61,99.0,E,8
12/04/2012,24:00,0.0,1407.76,0.0,1,8,0.0,1,8,0.0,1,8,0.0,1,8,0.0,1,8,0.0,1,8,-0.0,1,8,-9900,?,9,-9900,?,9,12.58,E,8,8.4,E,8,77.0,E,8,822.9788000000001,E,8,999.0,E,8,4.22,E,8,-9900,?,9,-9900,?,9,0.001,E,8,-9900,?,9,-9900,?,9,0.01,99.0,E,8
12/05/2012,01:00,0.0,1407.76,0.0,1,8,0.0,1,8,0.0,1,8,0.0,1,8,0.0,1,8,0.0,1,8,-0.0,1,8,-9900,?,9,-9900,?,9,12.2,E,8,8.7,E,8,80.0,E,8,822.9788000000001,E,8,999.0,E,8,3.5,E,8,-9900,?,9,-9900,?,9,0.003,E,8,-9900,?,9,-9900,?,9,0.03,99.0,E,8
12/05/2012,02:00,0.0,1407.76,0.0,1,8,0.0,1,8,0.0,1,8,0.0,1,8,0.0,1,8,0.0,1,8,-0.0,1,8,-9900,?,9,-9900,?,9,11.82,E,8,9.0,E,8,83.0,E,8,822.9788000000001,E,8,999.0,E,8,2.37,E,8,-9900,?,9,-9900,?,9,0.008,E,8,-9900,?,9,-9900,?,9,0.08,99.0,E,8
12/05/2012,03:00,0.0,1407.76,0.0,1,8,0.0,1,8,0.0,1,8,0.0,1,8,0.0,1,8,0.0,1,8,-0.0,1,8,-9900,?,9,-9900,?,9,11.44,E,8,9.29,E,8,92.0,E,8,822.9788000000001,E,8,999.0,E,8,2.48,E,8,-9900,?,9,-9900,?,9,0.43899999999999995,E,8,-9900,?,9,-9900,?,9,4.39,99.0,E,8
12/05/2012,04:00,0.0,1408.17,0.0,1,8,0.0,1,8,0.0,1,8,0.0,1,8,0.0,1,8,0.0,1,8,-0.0,1,8,-9900,?,9,-9900,?,9,11.05,E,8,9.59,E,8,91.0,E,8,822.9788000000001,E,8,999.0,E,8,2.06,E,8,-9900,?,9,-9900,?,9,0.014000000000000002,E,8,-9900,?,9,-9900,?,9,0.14,99.0,E,8
12/05/2012,05:00,0.0,1408.17,0.0,1,8,0.0,1,8,0.0,1,8,0.0,1,8,0.0,1,8,0.0,1,8,-0.0,1,8,-9900,?,9,-9900,?,9,10.72,E,8,9.83,E,8,89.0,E,8,822.9788000000001,E,8,999.0,E,8,3.17,E,8,-9900,?,9,-9900,?,9,0.0,E,8,-9900,?,9,-9900,?,9,0.0,0.0,E,8
12/05/2012,06:00,147.79,1408.17,0.0,1,8,0.0,1,8,0.0,1,8,0.0,1,8,0.0,1,8,0.0,1,8,0.0,1,8,-9900,?,9,-9900,?,9,10.46,E,8,10.02,E,8,97.0,E,8,822.9788000000001,E,8,999.0,E,8,2.47,E,8,-9900,?,9,-9900,?,9,0.001,E,8,-9900,?,9,-9900,?,9,0.01,99.0,E,8
12/05/2012,07:00,461.21,1408.17,72.75,1,8,0.0,1,8,72.75,1,8,8730.0,1,8,0.0,1,8,8002.5,1,8,70.874,1,8,-9900,?,9,-9900,?,9,10.21,E,8,10.21,E,8,99.0,E,8,822.9788000000001,E,8,999.0,E,8,2.04,E,8,-9900,?,9,-9900,?,9,0.002,E,8,-9900,?,9,-9900,?,9,0.02,99.0,E,8
12/05/2012,08:00,758.202,1408.17,197.75,1,8,2.794,1,8,196.247,1,8,23730.0,1,8,265.449,1,8,21587.126,1,8,116.1,1,8,-9900,?,9,-9900,?,9,13.97,E,8,7.23,E,8,66.0,E,8,822.9788000000001,E,8,999.0,E,8,1.41,E,8,-9900,?,9,-9900,?,9,0.005,E,8,-9900,?,9,-9900,?,9,0.05,99.0,E,8
12/05/2012,09:00,1017.017,1408.17,317.07,1,8,7.65,1,8,311.547,1,8,38048.4,1,8,726.735,1,8,34270.123,1,8,137.346,1,8,-9900,?,9,-9900,?,9,15.65,E,8,5.7,E,8,54.0,E,8,822.9788000000001,E,8,999.0,E,8,1.56,E,8,-9900,?,9,-9900,?,9,0.026000000000000002,E,8,-9900,?,9,-9900,?,9,0.26,99.0,E,8
12/05/2012,10:00,1219.83,1408.17,417.42,1,8,7.921,1,8,410.559,1,8,50090.4,1,8,752.534,1,8,45161.461,1,8,150.877,1,8,-9900,?,9,-9900,?,9,17.19,E,8,4.16,E,8,41.0,E,8,822.9788000000001,E,8,999.0,E,8,2.81,E,8,-9900,?,9,-9900,?,9,0.0,E,8,-9900,?,9,-9900,?,9,0.0,0.0,E,8
12/05/2012,11:00,1352.776,1408.17,490.76,1,8,13.679,1,8,477.619,1,8,58891.2,1,8,1299.507,1,8,52538.135,1,8,158.26,1,8,-9900,?,9,-9900,?,9,18.52,E,8,2.7,E,8,34.0,E,8,822.9788000000001,E,8,999.0,E,8,1.41,E,8,-9900,?,9,-9900,?,9,0.0,E,8,-9900,?,9,-9900,?,9,0.0,0.0,E,8
12/05/2012,12:00,1406.787,1408.17,361.94,1,8,12.41,1,8,349.542,1,8,43432.8,1,8,1178.952,1,8,38449.64,1,8,111.372,1,8,-9900,?,9,-9900,?,9,18.81,E,8,2.36,E,8,32.0,E,8,822.9788000000001,E,8,999.0,E,8,1.41,E,8,-9900,?,9,-9900,?,9,0.0,E,8,-9900,?,9,-9900,?,9,0.0,0.0,E,8
12/05/2012,13:00,1378.185,1408.17,537.24,1,8,29.752,1,8,508.122,1,8,64468.8,1,8,2826.42,1,8,55893.432,1,8,165.261,1,8,-9900,?,9,-9900,?,9,19.71,E,8,1.25,E,8,29.0,E,8,822.9788000000001,E,8,999.0,E,8,1.41,E,8,-9900,?,9,-9900,?,9,0.0,E,8,-9900,?,9,-9900,?,9,0.0,0.0,E,8
12/05/2012,14:00,1268.932,1408.17,330.45,1,8,8.137,1,8,323.118,1,8,39654.0,1,8,773.012,1,8,35542.992,1,8,114.145,1,8,-9900,?,9,-9900,?,9,19.67,E,8,1.31,E,8,29.0,E,8,822.9788000000001,E,8,999.0,E,8,1.41,E,8,-9900,?,9,-9900,?,9,0.0,E,8,-9900,?,9,-9900,?,9,0.0,0.0,E,8
12/05/2012,15:00,1086.493,1408.17,443.29,1,8,81.413,1,8,380.488,1,8,53194.8,1,8,7734.194,1,8,41853.632,1,8,157.002,1,8,-9900,?,9,-9900,?,9,19.99,E,8,0.9,E,8,27.0,E,8,822.9788000000001,E,8,999.0,E,8,1.41,E,8,-9900,?,9,-9900,?,9,0.0,E,8,-9900,?,9,-9900,?,9,0.0,0.0,E,8
12/05/2012,16:00,843.346,1408.17,350.6,1,8,52.34,1,8,319.27,1,8,42072.0,1,8,4972.274,1,8,35119.749,1,8,169.78,1,8,-9900,?,9,-9900,?,9,19.98,E,8,0.91,E,8,27.0,E,8,822.9788000000001,E,8,999.0,E,8,1.41,E,8,-9900,?,9,-9900,?,9,0.0,E,8,-9900,?,9,-9900,?,9,0.0,0.0,E,8
12/05/2012,17:00,556.189,1408.17,285.82,1,8,247.439,1,8,188.242,1,8,34298.4,1,8,23506.703,1,8,20706.638,1,8,151.944,1,8,-9900,?,9,-9900,?,9,19.7,E,8,1.27,E,8,29.0,E,8,822.9788000000001,E,8,999.0,E,8,1.41,E,8,-9900,?,9,-9900,?,9,0.0,E,8,-9900,?,9,-9900,?,9,0.0,0.0,E,8
12/05/2012,18:00,245.285,1408.17,317.4,1,8,317.314,1,8,262.62,1,8,38088.0,1,8,30144.856,1,8,28888.239,1,8,484.227,1,8,-9900,?,9,-9900,?,9,19.58,E,8,1.42,E,8,29.0,E,8,822.9788000000001,E,8,999.0,E,8,1.47,E,8,-9900,?,9,-9900,?,9,0.0,E,8,-9900,?,9,-9900,?,9,0.0,0.0,E,8
12/05/2012,19:00,0.0,1408.17,45.58,1,8,0.0,1,8,0.0,1,8,5469.6,1,8,0.0,1,8,0.0,1,8,-0.0,1,8,-9900,?,9,-9900,?,9,18.66,E,8,2.53,E,8,33.0,E,8,822.9788000000001,E,8,999.0,E,8,1.41,E,8,-9900,?,9,-9900,?,9,0.0,E,8,-9900,?,9,-9900,?,9,0.0,0.0,E,8
12/05/2012,20:00,0.0,1408.17,0.0,1,8,0.0,1,8,0.0,1,8,0.0,1,8,0.0,1,8,0.0,1,8,-0.0,1,8,-9900,?,9,-9900,?,9,17.73,E,8,3.58,E,8,38.0,E,8,822.9788000000001,E,8,999.0,E,8,2.38,E,8,-9900,?,9,-9900,?,9,0.0,E,8,-9900,?,9,-9900,?,9,0.0,0.0,E,8
12/05/2012,21:00,0.0,1408.17,0.0,1,8,0.0,1,8,0.0,1,8,0.0,1,8,0.0,1,8,0.0,1,8,-0.0,1,8,-9900,?,9,-9900,?,9,16.81,E,8,4.56,E,8,43.0,E,8,822.9788000000001,E,8,999.0,E,8,2.01,E,8,-9900,?,9,-9900,?,9,0.0,E,8,-9900,?,9,-9900,?,9,0.0,0.0,E,8
12/05/2012,22:00,0.0,1408.17,0.0,1,8,0.0,1,8,0.0,1,8,0.0,1,8,0.0,1,8,0.0,1,8,-0.0,1,8,-9900,?,9,-9900,?,9,15.89,E,8,5.47,E,8,48.0,E,8,822.9788000000001,E,8,999.0,E,8,2.19,E,8,-9900,?,9,-9900,?,9,0.0,E,8,-9900,?,9,-9900,?,9,0.0,0.0,E,8
12/05/2012,23:00,0.0,1408.17,0.0,1,8,0.0,1,8,0.0,1,8,0.0,1,8,0.0,1,8,0.0,1,8,-0.0,1,8,-9900,?,9,-9900,?,9,14.96,E,8,6.35,E,8,54.0,E,8,822.9788000000001,E,8,999.0,E,8,2.04,E,8,-9900,?,9,-9900,?,9,0.0,E,8,-9900,?,9,-9900,?,9,0.0,0.0,E,8
12/05/2012,24:00,0.0,1408.17,0.0,1,8,0.0,1,8,0.0,1,8,0.0,1,8,0.0,1,8,0.0,1,8,-0.0,1,8,-9900,?,9,-9900,?,9,14.04,E,8,11.15,E,8,82.0,E,8,822.9788000000001,E,8,999.0,E,8,2.52,E,8,-9900,?,9,-9900,?,9,0.0,E,8,-9900,?,9,-9900,?,9,0.0,0.0,E,8
12/06/2012,01:00,0.0,1408.17,0.0,1,8,0.0,1,8,0.0,1,8,0.0,1,8,0.0,1,8,0.0,1,8,-0.0,1,8,-9900,?,9,-9900,?,9,13.58,E,8,11.1,E,8,84.0,E,8,822.9788000000001,E,8,999.0,E,8,1.28,E,8,-9900,?,9,-9900,?,9,0.0,E,8,-9900,?,9,-9900,?,9,0.0,0.0,E,8
12/06/2012,02:00,0.0,1408.17,0.0,1,8,0.0,1,8,0.0,1,8,0.0,1,8,0.0,1,8,0.0,1,8,-0.0,1,8,-9900,?,9,-9900,?,9,13.12,E,8,11.05,E,8,87.0,E,8,822.9788000000001,E,8,999.0,E,8,2.31,E,8,-9900,?,9,-9900,?,9,0.0,E,8,-9900,?,9,-9900,?,9,0.0,0.0,E,8
12/06/2012,03:00,0.0,1408.17,0.0,1,8,0.0,1,8,0.0,1,8,0.0,1,8,0.0,1,8,0.0,1,8,-0.0,1,8,-9900,?,9,-9900,?,9,12.65,E,8,11.0,E,8,89.0,E,8,822.9788000000001,E,8,999.0,E,8,1.31,E,8,-9900,?,9,-9900,?,9,0.0,E,8,-9900,?,9,-9900,?,9,0.0,0.0,E,8
12/06/2012,04:00,0.0,1408.568,0.0,1,8,0.0,1,8,0.0,1,8,0.0,1,8,0.0,1,8,0.0,1,8,-0.0,1,8,-9900,?,9,-9900,?,9,12.19,E,8,10.94,E,8,92.0,E,8,822.9788000000001,E,8,999.0,E,8,1.49,E,8,-9900,?,9,-9900,?,9,0.0,E,8,-9900,?,9,-9900,?,9,0.0,0.0,E,8
12/06/2012,05:00,0.0,1408.568,0.0,1,8,0.0,1,8,0.0,1,8,0.0,1,8,0.0,1,8,0.0,1,8,-0.0,1,8,-9900,?,9,-9900,?,9,11.78,E,8,10.9,E,8,94.0,E,8,822.9788000000001,E,8,999.0,E,8,1.22,E,8,-9900,?,9,-9900,?,9,0.0,E,8,-9900,?,9,-9900,?,9,0.0,0.0,E,8
12/06/2012,06:00,146.674,1408.568,0.0,1,8,0.0,1,8,0.0,1,8,0.0,1,8,0.0,1,8,0.0,1,8,0.0,1,8,-9900,?,9,-9900,?,9,11.48,E,8,10.86,E,8,95.0,E,8,822.9788000000001,E,8,999.0,E,8,2.1,E,8,-9900,?,9,-9900,?,9,0.0,E,8,-9900,?,9,-9900,?,9,0.0,0.0,E,8
12/06/2012,07:00,459.935,1408.568,63.3,1,8,0.0,1,8,63.3,1,8,7596.0,1,8,0.0,1,8,6963.0,1,8,61.857,1,8,-9900,?,9,-9900,?,9,11.17,E,8,10.83,E,8,97.0,E,8,822.9788000000001,E,8,999.0,E,8,1.22,E,8,-9900,?,9,-9900,?,9,0.0,E,8,-9900,?,9,-9900,?,9,0.0,0.0,E,8
12/06/2012,08:00,756.945,1408.568,172.74,1,8,3.482,1,8,170.87,1,8,20728.8,1,8,330.837,1,8,18795.69,1,8,101.284,1,8,-9900,?,9,-9900,?,9,13.65,E,8,11.11,E,8,84.0,E,8,822.9788000000001,E,8,999.0,E,8,1.22,E,8,-9900,?,9,-9900,?,9,0.0,E,8,-9900,?,9,-9900,?,9,0.0,0.0,E,8
12/06/2012,09:00,1015.937,1408.568,277.31,1,8,8.092,1,8,271.475,1,8,33277.2,1,8,768.765,1,8,29862.25,1,8,119.842,1,8,-9900,?,9,-9900,?,9,14.77,E,8,11.23,E,8,79.0,E,8,822.9788000000001,E,8,999.0,E,8,1.22,E,8,-9900,?,9,-9900,?,9,0.0,E,8,-9900,?,9,-9900,?,9,0.0,0.0,E,8
12/06/2012,10:00,1219.074,1408.568,365.32,1,8,13.356,1,8,353.762,1,8,43838.4,1,8,1268.864,1,8,38913.766,1,8,130.122,1,8,-9900,?,9,-9900,?,9,15.79,E,8,11.35,E,8,74.0,E,8,822.9788000000001,E,8,999.0,E,8,1.22,E,8,-9900,?,9,-9900,?,9,0.0,E,8,-9900,?,9,-9900,?,9,0.0,0.0,E,8
12/06/2012,11:00,1352.469,1408.568,429.71,1,8,27.457,1,8,403.347,1,8,51565.2,1,8,2608.42,1,8,44368.185,1,8,133.718,1,8,-9900,?,9,-9900,?,9,16.67,E,8,11.44,E,8,71.0,E,8,822.9788000000001,E,8,999.0,E,8,1.22,E,8,-9900,?,9,-9900,?,9,0.0,E,8,-9900,?,9,-9900,?,9,0.0,0.0,E,8
12/06/2012,12:00,1407.02,1408.568,465.75,1,8,29.749,1,8,436.034,1,8,55890.0,1,8,2826.16,1,8,47963.702,1,8,138.947,1,8,-9900,?,9,-9900,?,9,17.38,E,8,11.52,E,8,68.0,E,8,822.9788000000001,E,8,999.0,E,8,1.22,E,8,-9900,?,9,-9900,?,9,0.0,E,8,-9900,?,9,-9900,?,9,0.0,0.0,E,8
12/06/2012,13:00,1379.015,1408.568,470.84,1,8,32.487,1,8,439.035,1,8,56500.8,1,8,3086.305,1,8,48293.805,1,8,142.746,1,8,-9900,?,9,-9900,?,9,17.91,E,8,11.58,E,8,66.0,E,8,822.9788000000001,E,8,999.0,E,8,1.22,E,8,-9900,?,9,-9900,?,9,0.0,E,8,-9900,?,9,-9900,?,9,0.0,0.0,E,8
12/06/2012,14:00,1270.372,1408.568,444.63,1,8,26.428,1,8,420.796,1,8,53355.6,1,8,2510.668,1,8,46287.604,1,8,148.525,1,8,-9900,?,9,-9900,?,9,18.23,E,8,11.61,E,8,65.0,E,8,822.9788000000001,E,8,999.0,E,8,1.22,E,8,-9900,?,9,-9900,?,9,0.0,E,8,-9900,?,9,-9900,?,9,0.0,0.0,E,8
12/06/2012,15:00,1088.516,1408.568,388.99,1,8,23.573,1,8,370.776,1,8,46678.8,1,8,2239.477,1,8,40785.413,1,8,152.754,1,8,-9900,?,9,-9900,?,9,18.36,E,8,11.63,E,8,64.0,E,8,822.9788000000001,E,8,999.0,E,8,1.22,E,8,-9900,?,9,-9900,?,9,0.0,E,8,-9900,?,9,-9900,?,9,0.0,0.0,E,8
12/06/2012,16:00,845.883,1408.568,307.99,1,8,23.41,1,8,293.939,1,8,36958.8,1,8,2223.935,1,8,32333.298,1,8,155.884,1,8,-9900,?,9,-9900,?,9,18.24,E,8,11.61,E,8,65.0,E,8,822.9788000000001,E,8,999.0,E,8,1.22,E,8,-9900,?,9,-9900,?,9,0.0,E,8,-9900,?,9,-9900,?,9,0.0,0.0,E,8
12/06/2012,17:00,559.134,1408.568,207.87,1,8,77.206,1,8,177.271,1,8,24944.4,1,8,7334.531,1,8,19499.785,1,8,142.372,1,8,-9900,?,9,-9900,?,9,17.81,E,8,11.57,E,8,66.0,E,8,822.9788000000001,E,8,999.0,E,8,1.22,E,8,-9900,?,9,-9900,?,9,0.0,E,8,-9900,?,9,-9900,?,9,0.0,0.0,E,8
12/06/2012,18:00,248.488,1408.568,98.11,1,8,160.806,1,8,69.988,1,8,11773.2,1,8,15276.551,1,8,7698.73,1,8,127.391,1,8,-9900,?,9,-9900,?,9,17.13,E,8,11.49,E,8,69.0,E,8,822.9788000000001,E,8,999.0,E,8,2.21,E,8,-9900,?,9,-9900,?,9,0.0,E,8,-9900,?,9,-9900,?,9,0.0,0.0,E,8
12/06/2012,19:00,0.0,1408.568,6.22,1,8,0.0,1,8,0.0,1,8,746.4,1,8,0.0,1,8,0.0,1,8,-0.0,1,8,-9900,?,9,-9900,?,9,16.42,E,8,11.41,E,8,72.0,E,8,822.9788000000001,E,8,999.0,E,8,1.42,E,8,-9900,?,9,-9900,?,9,0.0,E,8,-9900,?,9,-9900,?,9,0.0,0.0,E,8
12/06/2012,20:00,0.0,1408.568,0.0,1,8,0.0,1,8,0.0,1,8,0.0,1,8,0.0,1,8,0.0,1,8,-0.0,1,8,-9900,?,9,-9900,?,9,15.71,E,8,11.34,E,8,75.0,E,8,822.9788000000001,E,8,999.0,E,8,1.22,E,8,-9900,?,9,-9900,?,9,0.0,E,8,-9900,?,9,-9900,?,9,0.0,0.0,E,8
12/06/2012,21:00,0.0,1408.568,0.0,1,8,0.0,1,8,0.0,1,8,0.0,1,8,0.0,1,8,0.0,1,8,-0.0,1,8,-9900,?,9,-9900,?,9,15.0,E,8,11.26,E,8,83.0,E,8,822.9788000000001,E,8,999.0,E,8,1.22,E,8,-9900,?,9,-9900,?,9,0.098,E,8,-9900,?,9,-9900,?,9,0.98,99.0,E,8
12/06/2012,22:00,0.0,1408.568,0.0,1,8,0.0,1,8,0.0,1,8,0.0,1,8,0.0,1,8,0.0,1,8,-0.0,1,8,-9900,?,9,-9900,?,9,14.3,E,8,11.18,E,8,86.0,E,8,822.9788000000001,E,8,999.0,E,8,1.22,E,8,-9900,?,9,-9900,?,9,0.002,E,8,-9900,?,9,-9900,?,9,0.02,99.0,E,8
12/06/2012,23:00,0.0,1408.568,0.0,1,8,0.0,1,8,0.0,1,8,0.0,1,8,0.0,1,8,0.0,1,8,-0.0,1,8,-9900,?,9,-9900,?,9,13.59,E,8,11.1,E,8,84.0,E,8,822.9788000000001,E,8,999.0,E,8,1.22,E,8,-9900,?,9,-9900,?,9,0.0,E,8,-9900,?,9,-9900,?,9,0.0,0.0,E,8
12/06/2012,24:00,0.0,1408.568,0.0,1,8,0.0,1,8,0.0,1,8,0.0,1,8,0.0,1,8,0.0,1,8,-0.0,1,8,-9900,?,9,-9900,?,9,12.88,E,8,11.02,E,8,88.0,E,8,822.9788000000001,E,8,999.0,E,8,0.56,E,8,-9900,?,9,-9900,?,9,0.0,E,8,-9900,?,9,-9900,?,9,0.0,0.0,E,8
12/07/2012,01:00,0.0,1408.568,0.0,1,8,0.0,1,8,0.0,1,8,0.0,1,8,0.0,1,8,0.0,1,8,-0.0,1,8,-9900,?,9,-9900,?,9,12.52,E,8,10.96,E,8,90.0,E,8,822.9788000000001,E,8,999.0,E,8,0.56,E,8,-9900,?,9,-9900,?,9,0.0,E,8,-9900,?,9,-9900,?,9,0.0,0.0,E,8
12/07/2012,02:00,0.0,1408.568,0.0,1,8,0.0,1,8,0.0,1,8,0.0,1,8,0.0,1,8,0.0,1,8,-0.0,1,8,-9900,?,9,-9900,?,9,12.17,E,8,10.91,E,8,96.0,E,8,822.9788000000001,E,8,999.0,E,8,0.56,E,8,-9900,?,9,-9900,?,9,0.002,E,8,-9900,?,9,-9900,?,9,0.02,99.0,E,8
12/07/2012,03:00,0.0,1408.568,0.0,1,8,0.0,1,8,0.0,1,8,0.0,1,8,0.0,1,8,0.0,1,8,-0.0,1,8,-9900,?,9,-9900,?,9,11.82,E,8,10.85,E,8,98.0,E,8,822.9788000000001,E,8,999.0,E,8,0.56,E,8,-9900,?,9,-9900,?,9,0.098,E,8,-9900,?,9,-9900,?,9,0.98,99.0,E,8
12/07/2012,04:00,0.0,1408.952,0.0,1,8,0.0,1,8,0.0,1,8,0.0,1,8,0.0,1,8,0.0,1,8,-0.0,1,8,-9900,?,9,-9900,?,9,11.46,E,8,10.8,E,8,95.0,E,8,822.9788000000001,E,8,999.0,E,8,0.73,E,8,-9900,?,9,-9900,?,9,0.0,E,8,-9900,?,9,-9900,?,9,0.0,0.0,E,8
12/07/2012,05:00,0.0,1408.952,0.0,1,8,0.0,1,8,0.0,1,8,0.0,1,8,0.0,1,8,0.0,1,8,-0.0,1,8,-9900,?,9,-9900,?,9,11.15,E,8,10.75,E,8,97.0,E,8,822.9788000000001,E,8,999.0,E,8,0.56,E,8,-9900,?,9,-9900,?,9,0.0,E,8,-9900,?,9,-9900,?,9,0.0,0.0,E,8
12/07/2012,06:00,145.451,1408.952,0.0,1,8,0.0,1,8,0.0,1,8,0.0,1,8,0.0,1,8,0.0,1,8,0.0,1,8,-9900,?,9,-9900,?,9,10.91,E,8,10.71,E,8,98.0,E,8,822.9788000000001,E,8,999.0,E,8,0.56,E,8,-9900,?,9,-9900,?,9,0.0,E,8,-9900,?,9,-9900,?,9,0.0,0.0,E,8
12/07/2012,07:00,458.563,1408.952,64.56,1,8,0.0,1,8,64.56,1,8,7747.2,1,8,0.0,1,8,7101.6,1,8,63.295,1,8,-9900,?,9,-9900,?,9,10.68,E,8,10.67,E,8,99.0,E,8,822.9788000000001,E,8,999.0,E,8,0.56,E,8,-9900,?,9,-9900,?,9,0.0,E,8,-9900,?,9,-9900,?,9,0.0,0.0,E,8
12/07/2012,08:00,755.606,1408.952,176.9,1,8,3.974,1,8,174.77,1,8,21228.0,1,8,377.55,1,8,19224.724,1,8,103.809,1,8,-9900,?,9,-9900,?,9,13.38,E,8,11.09,E,8,86.0,E,8,822.9788000000001,E,8,999.0,E,8,0.56,E,8,-9900,?,9,-9900,?,9,0.0,E,8,-9900,?,9,-9900,?,9,0.0,0.0,E,8
12/07/2012,09:00,1014.792,1408.952,284.36,1,8,8.653,1,8,278.129,1,8,34123.2,1,8,822.055,1,8,30594.219,1,8,122.952,1,8,-9900,?,9,-9900,?,9,14.6,E,8,11.28,E,8,80.0,E,8,822.9788000000001,E,8,999.0,E,8,0.56,E,8,-9900,?,9,-9900,?,9,0.0,E,8,-9900,?,9,-9900,?,9,0.0,0.0,E,8
12/07/2012,10:00,1218.269,1408.952,374.87,1,8,14.192,1,8,362.6,1,8,44984.4,1,8,1348.278,1,8,39885.953,1,8,133.498,1,8,-9900,?,9,-9900,?,9,15.71,E,8,11.45,E,8,75.0,E,8,822.9788000000001,E,8,999.0,E,8,0.64,E,8,-9900,?,9,-9900,?,9,0.0,E,8,-9900,?,9,-9900,?,9,0.0,0.0,E,8
12/07/2012,11:00,1352.127,1408.952,441.19,1,8,29.206,1,8,413.162,1,8,52942.8,1,8,2774.6,1,8,45447.855,1,8,137.044,1,8,-9900,?,9,-9900,?,9,16.68,E,8,11.59,E,8,71.0,E,8,822.9788000000001,E,8,999.0,E,8,0.79,E,8,-9900,?,9,-9900,?,9,0.0,E,8,-9900,?,9,-9900,?,9,0.0,0.0,E,8
12/07/2012,12:00,1407.234,1408.952,478.41,1,8,31.8,1,8,446.649,1,8,57409.2,1,8,3020.986,1,8,49131.386,1,8,142.347,1,8,-9900,?,9,-9900,?,9,17.46,E,8,11.71,E,8,68.0,E,8,822.9788000000001,E,8,999.0,E,8,0.97,E,8,-9900,?,9,-9900,?,9,0.0,E,8,-9900,?,9,-9900,?,9,0.0,0.0,E,8
12/07/2012,13:00,1379.835,1408.952,483.87,1,8,35.008,1,8,449.586,1,8,58064.4,1,8,3325.746,1,8,49454.465,1,8,146.129,1,8,-9900,?,9,-9900,?,9,18.04,E,8,11.79,E,8,66.0,E,8,822.9788000000001,E,8,999.0,E,8,1.04,E,8,-9900,?,9,-9900,?,9,0.0,E,8,-9900,?,9,-9900,?,9,0.0,0.0,E,8
12/07/2012,14:00,1271.81,1408.952,457.19,1,8,28.779,1,8,431.214,1,8,54862.8,1,8,2734.038,1,8,47433.503,1,8,152.071,1,8,-9900,?,9,-9900,?,9,18.39,E,8,11.85,E,8,65.0,E,8,822.9788000000001,E,8,999.0,E,8,1.2,E,8,-9900,?,9,-9900,?,9,0.0,E,8,-9900,?,9,-9900,?,9,0.0,0.0,E,8
12/07/2012,15:00,1090.539,1408.952,400.26,1,8,25.974,1,8,380.16,1,8,48031.2,1,8,2467.541,1,8,41817.578,1,8,156.371,1,8,-9900,?,9,-9900,?,9,18.53,E,8,11.87,E,8,65.0,E,8,822.9788000000001,E,8,999.0,E,8,1.21,E,8,-9900,?,9,-9900,?,9,0.0,E,8,-9900,?,9,-9900,?,9,0.0,0.0,E,8
12/07/2012,16:00,848.418,1408.952,317.25,1,8,26.079,1,8,301.555,1,8,38070.0,1,8,2477.459,1,8,33171.005,1,8,159.487,1,8,-9900,?,9,-9900,?,9,18.4,E,8,11.85,E,8,65.0,E,8,822.9788000000001,E,8,999.0,E,8,0.93,E,8,-9900,?,9,-9900,?,9,0.0,E,8,-9900,?,9,-9900,?,9,0.0,0.0,E,8
12/07/2012,17:00,562.072,1408.952,214.56,1,8,86.479,1,8,180.114,1,8,25747.2,1,8,8215.503,1,8,19812.55,1,8,143.936,1,8,-9900,?,9,-9900,?,9,17.94,E,8,11.78,E,8,67.0,E,8,822.9788000000001,E,8,999.0,E,8,0.63,E,8,-9900,?,9,-9900,?,9,0.0,E,8,-9900,?,9,-9900,?,9,0.0,0.0,E,8
12/07/2012,18:00,251.675,1408.952,101.87,1,8,175.84,1,8,70.727,1,8,12224.4,1,8,16704.808,1,8,7779.937,1,8,127.112,1,8,-9900,?,9,-9900,?,9,17.2,E,8,11.67,E,8,69.0,E,8,822.9788000000001,E,8,999.0,E,8,0.56,E,8,-9900,?,9,-9900,?,9,0.0,E,8,-9900,?,9,-9900,?,9,0.0,0.0,E,8
12/07/2012,19:00,0.0,1408.952,6.9,1,8,0.0,1,8,0.0,1,8,828.0,1,8,0.0,1,8,0.0,1,8,-0.0,1,8,-9900,?,9,-9900,?,9,16.35,E,8,11.54,E,8,73.0,E,8,822.9788000000001,E,8,999.0,E,8,0.56,E,8,-9900,?,9,-9900,?,9,0.0,E,8,-9900,?,9,-9900,?,9,0.0,0.0,E,8
12/07/2012,20:00,0.0,1408.952,0.0,1,8,0.0,1,8,0.0,1,8,0.0,1,8,0.0,1,8,0.0,1,8,-0.0,1,8,-9900,?,9,-9900,?,9,15.51,E,8,11.42,E,8,76.0,E,8,822.9788000000001,E,8,999.0,E,8,0.63,E,8,-9900,?,9,-9900,?,9,0.0,E,8,-9900,?,9,-9900,?,9,0.0,0.0,E,8
12/07/2012,21:00,0.0,1408.952,0.0,1,8,0.0,1,8,0.0,1,8,0.0,1,8,0.0,1,8,0.0,1,8,-0.0,1,8,-9900,?,9,-9900,?,9,14.66,E,8,11.29,E,8,80.0,E,8,822.9788000000001,E,8,999.0,E,8,0.56,E,8,-9900,?,9,-9900,?,9,0.0,E,8,-9900,?,9,-9900,?,9,0.0,0.0,E,8
12/07/2012,22:00,0.0,1408.952,0.0,1,8,0.0,1,8,0.0,1,8,0.0,1,8,0.0,1,8,0.0,1,8,-0.0,1,8,-9900,?,9,-9900,?,9,13.82,E,8,11.16,E,8,83.0,E,8,822.9788000000001,E,8,999.0,E,8,0.56,E,8,-9900,?,9,-9900,?,9,0.0,E,8,-9900,?,9,-9900,?,9,0.0,0.0,E,8
12/07/2012,23:00,0.0,1408.952,0.0,1,8,0.0,1,8,0.0,1,8,0.0,1,8,0.0,1,8,0.0,1,8,-0.0,1,8,-9900,?,9,-9900,?,9,12.97,E,8,11.03,E,8,87.0,E,8,822.9788000000001,E,8,999.0,E,8,0.56,E,8,-9900,?,9,-9900,?,9,0.0,E,8,-9900,?,9,-9900,?,9,0.0,0.0,E,8
12/07/2012,24:00,0.0,1408.952,0.0,1,8,0.0,1,8,0.0,1,8,0.0,1,8,0.0,1,8,0.0,1,8,-0.0,1,8,-9900,?,9,-9900,?,9,12.12,E,8,8.82,E,8,80.0,E,8,822.9788000000001,E,8,999.0,E,8,0.65,E,8,-9900,?,9,-9900,?,9,0.0,E,8,-9900,?,9,-9900,?,9,0.0,0.0,E,8
12/08/2012,01:00,0.0,1408.952,0.0,1,8,0.0,1,8,0.0,1,8,0.0,1,8,0.0,1,8,0.0,1,8,-0.0,1,8,-9900,?,9,-9900,?,9,11.7,E,8,8.93,E,8,83.0,E,8,822.9788000000001,E,8,999.0,E,8,0.65,E,8,-9900,?,9,-9900,?,9,0.0,E,8,-9900,?,9,-9900,?,9,0.0,0.0,E,8
12/08/2012,02:00,0.0,1408.952,0.0,1,8,0.0,1,8,0.0,1,8,0.0,1,8,0.0,1,8,0.0,1,8,-0.0,1,8,-9900,?,9,-9900,?,9,11.28,E,8,9.04,E,8,86.0,E,8,822.9788000000001,E,8,999.0,E,8,0.65,E,8,-9900,?,9,-9900,?,9,0.0,E,8,-9900,?,9,-9900,?,9,0.0,0.0,E,8
12/08/2012,03:00,0.0,1408.952,0.0,1,8,0.0,1,8,0.0,1,8,0.0,1,8,0.0,1,8,0.0,1,8,-0.0,1,8,-9900,?,9,-9900,?,9,10.86,E,8,9.15,E,8,89.0,E,8,822.9788000000001,E,8,999.0,E,8,0.85,E,8,-9900,?,9,-9900,?,9,0.0,E,8,-9900,?,9,-9900,?,9,0.0,0.0,E,8
12/08/2012,04:00,0.0,1409.324,0.0,1,8,0.0,1,8,0.0,1,8,0.0,1,8,0.0,1,8,0.0,1,8,-0.0,1,8,-9900,?,9,-9900,?,9,10.43,E,8,9.26,E,8,92.0,E,8,822.9788000000001,E,8,999.0,E,8,0.85,E,8,-9900,?,9,-9900,?,9,0.0,E,8,-9900,?,9,-9900,?,9,0.0,0.0,E,8
12/08/2012,05:00,0.0,1409.324,0.0,1,8,0.0,1,8,0.0,1,8,0.0,1,8,0.0,1,8,0.0,1,8,-0.0,1,8,-9900,?,9,-9900,?,9,10.06,E,8,9.35,E,8,95.0,E,8,822.9788000000001,E,8,999.0,E,8,0.97,E,8,-9900,?,9,-9900,?,9,0.0,E,8,-9900,?,9,-9900,?,9,0.0,0.0,E,8
12/08/2012,06:00,144.123,1409.324,0.0,1,8,0.0,1,8,0.0,1,8,0.0,1,8,0.0,1,8,0.0,1,8,0.0,1,8,-9900,?,9,-9900,?,9,9.78,E,8,9.42,E,8,97.0,E,8,822.9788000000001,E,8,999.0,E,8,0.72,E,8,-9900,?,9,-9900,?,9,0.0,E,8,-9900,?,9,-9900,?,9,0.0,0.0,E,8
12/08/2012,07:00,457.097,1409.324,202.24,1,8,191.063,1,8,140.423,1,8,24268.8,1,8,18151.009,1,8,15446.581,1,8,138.154,1,8,-9900,?,9,-9900,?,9,9.5,E,8,9.49,E,8,99.0,E,8,822.9788000000001,E,8,999.0,E,8,0.81,E,8,-9900,?,9,-9900,?,9,0.0,E,8,-9900,?,9,-9900,?,9,0.0,0.0,E,8
12/08/2012,08:00,754.187,1409.324,342.37,1,8,135.763,1,8,269.77,1,8,41084.4,1,8,12897.523,1,8,29674.753,1,8,160.581,1,8,-9900,?,9,-9900,?,9,16.98,E,8,7.48,E,8,53.0,E,8,822.9788000000001,E,8,999.0,E,8,0.65,E,8,-9900,?,9,-9900,?,9,0.0,E,8,-9900,?,9,-9900,?,9,0.0,0.0,E,8
12/08/2012,09:00,1013.583,1409.324,213.2,1,8,4.464,1,8,209.99,1,8,25584.0,1,8,424.096,1,8,23098.928,1,8,92.965,1,8,-9900,?,9,-9900,?,9,16.44,E,8,7.64,E,8,55.0,E,8,822.9788000000001,E,8,999.0,E,8,0.65,E,8,-9900,?,9,-9900,?,9,0.0,E,8,-9900,?,9,-9900,?,9,0.0,0.0,E,8
12/08/2012,10:00,1217.417,1409.324,211.33,1,8,2.495,1,8,209.175,1,8,25359.6,1,8,237.023,1,8,23009.247,1,8,77.086,1,8,-9900,?,9,-9900,?,9,16.15,E,8,7.72,E,8,57.0,E,8,822.9788000000001,E,8,999.0,E,8,0.65,E,8,-9900,?,9,-9900,?,9,0.0,E,8,-9900,?,9,-9900,?,9,0.0,0.0,E,8
12/08/2012,11:00,1351.754,1409.324,398.44,1,8,8.288,1,8,390.491,1,8,47812.8,1,8,787.369,1,8,42953.974,1,8,129.594,1,8,-9900,?,9,-9900,?,9,17.01,E,8,7.47,E,8,58.0,E,8,822.9788000000001,E,8,999.0,E,8,0.65,E,8,-9900,?,9,-9900,?,9,0.002,E,8,-9900,?,9,-9900,?,9,0.02,99.0,E,8
12/08/2012,12:00,1407.427,1409.324,432.27,1,8,8.871,1,8,423.411,1,8,51872.4,1,8,842.783,1,8,46575.16,1,8,134.957,1,8,-9900,?,9,-9900,?,9,17.74,E,8,7.26,E,8,50.0,E,8,822.9788000000001,E,8,999.0,E,8,0.65,E,8,-9900,?,9,-9900,?,9,0.0,E,8,-9900,?,9,-9900,?,9,0.0,0.0,E,8
12/08/2012,13:00,1380.646,1409.324,437.42,1,8,9.457,1,8,428.155,1,8,52490.4,1,8,898.435,1,8,47097.088,1,8,139.119,1,8,-9900,?,9,-9900,?,9,18.28,E,8,7.1,E,8,48.0,E,8,822.9788000000001,E,8,999.0,E,8,0.65,E,8,-9900,?,9,-9900,?,9,0.0,E,8,-9900,?,9,-9900,?,9,0.0,0.0,E,8
12/08/2012,14:00,1273.245,1409.324,413.52,1,8,9.14,1,8,405.263,1,8,49622.4,1,8,868.332,1,8,44578.905,1,8,142.795,1,8,-9900,?,9,-9900,?,9,18.6,E,8,7.01,E,8,46.0,E,8,822.9788000000001,E,8,999.0,E,8,0.65,E,8,-9900,?,9,-9900,?,9,0.0,E,8,-9900,?,9,-9900,?,9,0.0,0.0,E,8
12/08/2012,15:00,1092.562,1409.324,362.29,1,8,10.363,1,8,354.258,1,8,43474.8,1,8,984.474,1,8,38968.365,1,8,145.485,1,8,-9900,?,9,-9900,?,9,18.69,E,8,6.98,E,8,46.0,E,8,822.9788000000001,E,8,999.0,E,8,0.65,E,8,-9900,?,9,-9900,?,9,0.0,E,8,-9900,?,9,-9900,?,9,0.0,0.0,E,8
12/08/2012,16:00,850.951,1409.324,287.46,1,8,11.114,1,8,280.753,1,8,34495.2,1,8,1055.836,1,8,30882.802,1,8,148.082,1,8,-9900,?,9,-9900,?,9,18.47,E,8,7.05,E,8,47.0,E,8,822.9788000000001,E,8,999.0,E,8,0.65,E,8,-9900,?,9,-9900,?,9,0.0,E,8,-9900,?,9,-9900,?,9,0.0,0.0,E,8
12/08/2012,17:00,565.001,1409.324,194.81,1,8,11.704,1,8,190.125,1,8,23377.2,1,8,1111.837,1,8,20913.767,1,8,151.186,1,8,-9900,?,9,-9900,?,9,17.9,E,8,7.22,E,8,49.0,E,8,822.9788000000001,E,8,999.0,E,8,0.65,E,8,-9900,?,9,-9900,?,9,0.0,E,8,-9900,?,9,-9900,?,9,0.0,0.0,E,8
12/08/2012,18:00,254.844,1409.324,93.03,1,8,84.099,1,8,77.948,1,8,11163.6,1,8,7989.415,1,8,8574.324,1,8,138.357,1,8,-9900,?,9,-9900,?,9,17.02,E,8,7.47,E,8,53.0,E,8,822.9788000000001,E,8,999.0,E,8,0.65,E,8,-9900,?,9,-9900,?,9,0.0,E,8,-9900,?,9,-9900,?,9,0.0,0.0,E,8
12/08/2012,19:00,0.0,1409.324,6.71,1,8,0.0,1,8,0.0,1,8,805.2,1,8,0.0,1,8,0.0,1,8,-0.0,1,8,-9900,?,9,-9900,?,9,16.14,E,8,7.72,E,8,62.0,E,8,822.9788000000001,E,8,999.0,E,8,0.65,E,8,-9900,?,9,-9900,?,9,0.098,E,8,-9900,?,9,-9900,?,9,0.98,99.0,E,8
12/08/2012,20:00,0.0,1409.324,0.0,1,8,0.0,1,8,0.0,1,8,0.0,1,8,0.0,1,8,0.0,1,8,-0.0,1,8,-9900,?,9,-9900,?,9,15.26,E,8,7.97,E,8,61.0,E,8,822.9788000000001,E,8,999.0,E,8,0.65,E,8,-9900,?,9,-9900,?,9,0.0,E,8,-9900,?,9,-9900,?,9,0.0,0.0,E,8
12/08/2012,21:00,0.0,1409.324,0.0,1,8,0.0,1,8,0.0,1,8,0.0,1,8,0.0,1,8,0.0,1,8,-0.0,1,8,-9900,?,9,-9900,?,9,14.38,E,8,8.21,E,8,66.0,E,8,822.9788000000001,E,8,999.0,E,8,0.65,E,8,-9900,?,9,-9900,?,9,0.0,E,8,-9900,?,9,-9900,?,9,0.0,0.0,E,8
12/08/2012,22:00,0.0,1409.324,0.0,1,8,0.0,1,8,0.0,1,8,0.0,1,8,0.0,1,8,0.0,1,8,-0.0,1,8,-9900,?,9,-9900,?,9,13.49,E,8,8.45,E,8,71.0,E,8,822.9788000000001,E,8,999.0,E,8,0.65,E,8,-9900,?,9,-9900,?,9,0.0,E,8,-9900,?,9,-9900,?,9,0.0,0.0,E,8
12/08/2012,23:00,0.0,1409.324,0.0,1,8,0.0,1,8,0.0,1,8,0.0,1,8,0.0,1,8,0.0,1,8,-0.0,1,8,-9900,?,9,-9900,?,9,12.61,E,8,8.69,E,8,76.0,E,8,822.9788000000001,E,8,999.0,E,8,0.65,E,8,-9900,?,9,-9900,?,9,0.0,E,8,-9900,?,9,-9900,?,9,0.0,0.0,E,8
12/08/2012,24:00,0.0,1409.324,0.0,1,8,0.0,1,8,0.0,1,8,0.0,1,8,0.0,1,8,0.0,1,8,-0.0,1,8,-9900,?,9,-9900,?,9,11.73,E,8,8.1,E,8,78.0,E,8,822.9788000000001,E,8,999.0,E,8,0.28,E,8,-9900,?,9,-9900,?,9,0.0,E,8,-9900,?,9,-9900,?,9,0.0,0.0,E,8
12/09/2012,01:00,0.0,1409.324,0.0,1,8,0.0,1,8,0.0,1,8,0.0,1,8,0.0,1,8,0.0,1,8,-0.0,1,8,-9900,?,9,-9900,?,9,11.29,E,8,8.25,E,8,81.0,E,8,822.9788000000001,E,8,999.0,E,8,0.28,E,8,-9900,?,9,-9900,?,9,0.0,E,8,-9900,?,9,-9900,?,9,0.0,0.0,E,8
12/09/2012,02:00,0.0,1409.324,0.0,1,8,0.0,1,8,0.0,1,8,0.0,1,8,0.0,1,8,0.0,1,8,-0.0,1,8,-9900,?,9,-9900,?,9,10.85,E,8,8.39,E,8,84.0,E,8,822.9788000000001,E,8,999.0,E,8,0.28,E,8,-9900,?,9,-9900,?,9,0.0,E,8,-9900,?,9,-9900,?,9,0.0,0.0,E,8
12/09/2012,03:00,0.0,1409.324,0.0,1,8,0.0,1,8,0.0,1,8,0.0,1,8,0.0,1,8,0.0,1,8,-0.0,1,8,-9900,?,9,-9900,?,9,10.41,E,8,8.54,E,8,88.0,E,8,822.9788000000001,E,8,999.0,E,8,0.28,E,8,-9900,?,9,-9900,?,9,0.0,E,8,-9900,?,9,-9900,?,9,0.0,0.0,E,8
12/09/2012,04:00,0.0,1409.682,0.0,1,8,0.0,1,8,0.0,1,8,0.0,1,8,0.0,1,8,0.0,1,8,-0.0,1,8,-9900,?,9,-9900,?,9,9.97,E,8,8.68,E,8,91.0,E,8,822.9788000000001,E,8,999.0,E,8,0.28,E,8,-9900,?,9,-9900,?,9,0.0,E,8,-9900,?,9,-9900,?,9,0.0,0.0,E,8
12/09/2012,05:00,0.0,1409.682,0.0,1,8,0.0,1,8,0.0,1,8,0.0,1,8,0.0,1,8,0.0,1,8,-0.0,1,8,-9900,?,9,-9900,?,9,9.58,E,8,8.8,E,8,94.0,E,8,822.9788000000001,E,8,999.0,E,8,0.28,E,8,-9900,?,9,-9900,?,9,0.0,E,8,-9900,?,9,-9900,?,9,0.0,0.0,E,8
12/09/2012,06:00,142.693,1409.682,0.0,1,8,0.0,1,8,0.0,1,8,0.0,1,8,0.0,1,8,0.0,1,8,0.0,1,8,-9900,?,9,-9900,?,9,9.29,E,8,8.9,E,8,97.0,E,8,822.9788000000001,E,8,999.0,E,8,0.28,E,8,-9900,?,9,-9900,?,9,0.0,E,8,-9900,?,9,-9900,?,9,0.0,0.0,E,8
12/09/2012,07:00,455.539,1409.682,91.87,1,8,0.0,1,8,91.87,1,8,11024.4,1,8,0.0,1,8,10105.7,1,8,90.719,1,8,-9900,?,9,-9900,?,9,9.0,E,8,8.99,E,8,99.0,E,8,822.9788000000001,E,8,999.0,E,8,0.28,E,8,-9900,?,9,-9900,?,9,0.0,E,8,-9900,?,9,-9900,?,9,0.0,0.0,E,8
12/09/2012,08:00,752.69,1409.682,254.19,1,8,31.629,1,8,237.315,1,8,30502.8,1,8,3004.709,1,8,26104.602,1,8,141.579,1,8,-9900,?,9,-9900,?,9,12.37,E,8,7.88,E,8,74.0,E,8,822.9788000000001,E,8,999.0,E,8,0.28,E,8,-9900,?,9,-9900,?,9,0.0,E,8,-9900,?,9,-9900,?,9,0.0,0.0,E,8
12/09/2012,09:00,1012.312,1409.682,409.78,1,8,57.56,1,8,368.457,1,8,49173.6,1,8,5468.227,1,8,40530.223,1,8,163.367,1,8,-9900,?,9,-9900,?,9,13.9,E,8,7.36,E,8,64.0,E,8,822.9788000000001,E,8,999.0,E,8,0.28,E,8,-9900,?,9,-9900,?,9,0.0,E,8,-9900,?,9,-9900,?,9,0.0,0.0,E,8
12/09/2012,10:00,1216.519,1409.682,541.06,1,8,84.207,1,8,468.399,1,8,64927.2,1,8,7999.681,1,8,51523.859,1,8,172.787,1,8,-9900,?,9,-9900,?,9,15.31,E,8,6.86,E,8,57.0,E,8,822.9788000000001,E,8,999.0,E,8,0.48,E,8,-9900,?,9,-9900,?,9,0.0,E,8,-9900,?,9,-9900,?,9,0.0,0.0,E,8
12/09/2012,11:00,1351.349,1409.682,637.5,1,8,6.236,1,8,631.522,1,8,76500.0,1,8,592.451,1,8,69467.407,1,8,209.702,1,8,-9900,?,9,-9900,?,9,16.53,E,8,6.41,E,8,51.0,E,8,822.9788000000001,E,8,999.0,E,8,1.44,E,8,-9900,?,9,-9900,?,9,0.0,E,8,-9900,?,9,-9900,?,9,0.0,0.0,E,8
12/09/2012,12:00,1407.602,1409.682,691.96,1,8,7.112,1,8,684.858,1,8,83035.2,1,8,675.656,1,8,75334.416,1,8,218.319,1,8,-9900,?,9,-9900,?,9,17.52,E,8,6.04,E,8,46.0,E,8,822.9788000000001,E,8,999.0,E,8,1.99,E,8,-9900,?,9,-9900,?,9,0.0,E,8,-9900,?,9,-9900,?,9,0.0,0.0,E,8
12/09/2012,13:00,1381.447,1409.682,700.54,1,8,8.23,1,8,692.475,1,8,84064.8,1,8,781.879,1,8,76172.21,1,8,224.929,1,8,-9900,?,9,-9900,?,9,18.25,E,8,5.76,E,8,43.0,E,8,822.9788000000001,E,8,999.0,E,8,2.08,E,8,-9900,?,9,-9900,?,9,0.0,E,8,-9900,?,9,-9900,?,9,0.0,0.0,E,8
12/09/2012,14:00,1274.676,1409.682,662.64,1,8,152.384,1,8,524.859,1,8,79516.8,1,8,14476.514,1,8,57734.447,1,8,184.775,1,8,-9900,?,9,-9900,?,9,18.71,E,8,5.58,E,8,42.0,E,8,822.9788000000001,E,8,999.0,E,8,2.26,E,8,-9900,?,9,-9900,?,9,0.0,E,8,-9900,?,9,-9900,?,9,0.0,0.0,E,8
12/09/2012,15:00,1094.582,1409.682,580.97,1,8,188.658,1,8,434.51,1,8,69716.4,1,8,17922.554,1,8,47796.083,1,8,178.159,1,8,-9900,?,9,-9900,?,9,18.89,E,8,5.51,E,8,41.0,E,8,822.9788000000001,E,8,999.0,E,8,1.97,E,8,-9900,?,9,-9900,?,9,0.0,E,8,-9900,?,9,-9900,?,9,0.0,0.0,E,8
12/09/2012,16:00,853.48,1409.682,461.47,1,8,208.598,1,8,335.24,1,8,55376.4,1,8,19816.784,1,8,36876.436,1,8,176.341,1,8,-9900,?,9,-9900,?,9,18.73,E,8,5.57,E,8,42.0,E,8,822.9788000000001,E,8,999.0,E,8,1.38,E,8,-9900,?,9,-9900,?,9,0.0,E,8,-9900,?,9,-9900,?,9,0.0,0.0,E,8
12/09/2012,17:00,567.919,1409.682,313.37,1,8,358.46,1,8,169.174,1,8,37604.4,1,8,34053.655,1,8,18609.175,1,8,133.867,1,8,-9900,?,9,-9900,?,9,18.16,E,8,5.79,E,8,44.0,E,8,822.9788000000001,E,8,999.0,E,8,0.56,E,8,-9900,?,9,-9900,?,9,0.0,E,8,-9900,?,9,-9900,?,9,0.0,0.0,E,8
12/09/2012,18:00,257.993,1409.682,150.51,1,8,542.095,1,8,52.1,1,8,18061.2,1,8,51499.06,1,8,5730.997,1,8,91.353,1,8,-9900,?,9,-9900,?,9,17.23,E,8,6.15,E,8,48.0,E,8,822.9788000000001,E,8,999.0,E,8,0.28,E,8,-9900,?,9,-9900,?,9,0.0,E,8,-9900,?,9,-9900,?,9,0.0,0.0,E,8
12/09/2012,19:00,0.0,1409.682,11.53,1,8,0.0,1,8,0.0,1,8,1383.6,1,8,0.0,1,8,0.0,1,8,-0.0,1,8,-9900,?,9,-9900,?,9,16.42,E,8,6.45,E,8,51.0,E,8,822.9788000000001,E,8,999.0,E,8,0.28,E,8,-9900,?,9,-9900,?,9,0.0,E,8,-9900,?,9,-9900,?,9,0.0,0.0,E,8
12/09/2012,20:00,0.0,1409.682,0.0,1,8,0.0,1,8,0.0,1,8,0.0,1,8,0.0,1,8,0.0,1,8,-0.0,1,8,-9900,?,9,-9900,?,9,15.6,E,8,6.75,E,8,55.0,E,8,822.9788000000001,E,8,999.0,E,8,0.28,E,8,-9900,?,9,-9900,?,9,0.0,E,8,-9900,?,9,-9900,?,9,0.0,0.0,E,8
12/09/2012,21:00,0.0,1409.682,0.0,1,8,0.0,1,8,0.0,1,8,0.0,1,8,0.0,1,8,0.0,1,8,-0.0,1,8,-9900,?,9,-9900,?,9,14.79,E,8,7.04,E,8,59.0,E,8,822.9788000000001,E,8,999.0,E,8,0.28,E,8,-9900,?,9,-9900,?,9,0.0,E,8,-9900,?,9,-9900,?,9,0.0,0.0,E,8
12/09/2012,22:00,0.0,1409.682,0.0,1,8,0.0,1,8,0.0,1,8,0.0,1,8,0.0,1,8,0.0,1,8,-0.0,1,8,-9900,?,9,-9900,?,9,13.98,E,8,7.33,E,8,64.0,E,8,822.9788000000001,E,8,999.0,E,8,0.28,E,8,-9900,?,9,-9900,?,9,0.0,E,8,-9900,?,9,-9900,?,9,0.0,0.0,E,8
12/09/2012,23:00,0.0,1409.682,0.0,1,8,0.0,1,8,0.0,1,8,0.0,1,8,0.0,1,8,0.0,1,8,-0.0,1,8,-9900,?,9,-9900,?,9,13.16,E,8,7.61,E,8,69.0,E,8,822.9788000000001,E,8,999.0,E,8,0.28,E,8,-9900,?,9,-9900,?,9,0.0,E,8,-9900,?,9,-9900,?,9,0.0,0.0,E,8
12/09/2012,24:00,0.0,1409.682,0.0,1,8,0.0,1,8,0.0,1,8,0.0,1,8,0.0,1,8,0.0,1,8,-0.0,1,8,-9900,?,9,-9900,?,9,12.35,E,8,9.25,E,8,81.0,E,8,822.9788000000001,E,8,999.0,E,8,0.32,E,8,-9900,?,9,-9900,?,9,0.0,E,8,-9900,?,9,-9900,?,9,0.0,0.0,E,8
12/10/2012,01:00,0.0,1409.682,0.0,1,8,0.0,1,8,0.0,1,8,0.0,1,8,0.0,1,8,0.0,1,8,-0.0,1,8,-9900,?,9,-9900,?,9,11.94,E,8,9.27,E,8,83.0,E,8,822.9788000000001,E,8,999.0,E,8,0.32,E,8,-9900,?,9,-9900,?,9,0.0,E,8,-9900,?,9,-9900,?,9,0.0,0.0,E,8
12/10/2012,02:00,0.0,1409.682,0.0,1,8,0.0,1,8,0.0,1,8,0.0,1,8,0.0,1,8,0.0,1,8,-0.0,1,8,-9900,?,9,-9900,?,9,11.53,E,8,9.28,E,8,86.0,E,8,822.9788000000001,E,8,999.0,E,8,0.32,E,8,-9900,?,9,-9900,?,9,0.0,E,8,-9900,?,9,-9900,?,9,0.0,0.0,E,8
12/10/2012,03:00,0.0,1409.682,0.0,1,8,0.0,1,8,0.0,1,8,0.0,1,8,0.0,1,8,0.0,1,8,-0.0,1,8,-9900,?,9,-9900,?,9,11.13,E,8,9.3,E,8,88.0,E,8,822.9788000000001,E,8,999.0,E,8,0.32,E,8,-9900,?,9,-9900,?,9,0.0,E,8,-9900,?,9,-9900,?,9,0.0,0.0,E,8
12/10/2012,04:00,0.0,1410.027,0.0,1,8,0.0,1,8,0.0,1,8,0.0,1,8,0.0,1,8,0.0,1,8,-0.0,1,8,-9900,?,9,-9900,?,9,10.72,E,8,9.32,E,8,91.0,E,8,822.9788000000001,E,8,999.0,E,8,0.32,E,8,-9900,?,9,-9900,?,9,0.0,E,8,-9900,?,9,-9900,?,9,0.0,0.0,E,8
12/10/2012,05:00,0.0,1410.027,0.0,1,8,0.0,1,8,0.0,1,8,0.0,1,8,0.0,1,8,0.0,1,8,-0.0,1,8,-9900,?,9,-9900,?,9,10.36,E,8,9.34,E,8,93.0,E,8,822.9788000000001,E,8,999.0,E,8,0.32,E,8,-9900,?,9,-9900,?,9,0.0,E,8,-9900,?,9,-9900,?,9,0.0,0.0,E,8
12/10/2012,06:00,141.161,1410.027,0.0,1,8,0.0,1,8,0.0,1,8,0.0,1,8,0.0,1,8,0.0,1,8,0.0,1,8,-9900,?,9,-9900,?,9,10.09,E,8,9.35,E,8,95.0,E,8,822.9788000000001,E,8,999.0,E,8,0.32,E,8,-9900,?,9,-9900,?,9,0.0,E,8,-9900,?,9,-9900,?,9,0.0,0.0,E,8
12/10/2012,07:00,453.89,1410.027,75.16,1,8,0.0,1,8,75.16,1,8,9019.2,1,8,0.0,1,8,8267.6,1,8,74.508,1,8,-9900,?,9,-9900,?,9,9.82,E,8,9.36,E,8,96.0,E,8,822.9788000000001,E,8,999.0,E,8,0.32,E,8,-9900,?,9,-9900,?,9,0.0,E,8,-9900,?,9,-9900,?,9,0.0,0.0,E,8
12/10/2012,08:00,751.118,1410.027,209.08,1,8,13.367,1,8,201.964,1,8,25089.6,1,8,1269.903,1,8,22216.092,1,8,120.772,1,8,-9900,?,9,-9900,?,9,12.94,E,8,9.22,E,8,78.0,E,8,822.9788000000001,E,8,999.0,E,8,0.32,E,8,-9900,?,9,-9900,?,9,0.0,E,8,-9900,?,9,-9900,?,9,0.0,0.0,E,8
12/10/2012,09:00,1010.981,1410.027,337.59,1,8,9.691,1,8,330.644,1,8,40510.8,1,8,920.62,1,8,36370.809,1,8,146.83,1,8,-9900,?,9,-9900,?,9,14.36,E,8,9.16,E,8,70.0,E,8,822.9788000000001,E,8,999.0,E,8,0.32,E,8,-9900,?,9,-9900,?,9,0.0,E,8,-9900,?,9,-9900,?,9,0.0,0.0,E,8
12/10/2012,10:00,1215.577,1410.027,446.12,1,8,10.026,1,8,437.478,1,8,53534.4,1,8,952.47,1,8,48122.527,1,8,161.546,1,8,-9900,?,9,-9900,?,9,15.67,E,8,9.1,E,8,64.0,E,8,822.9788000000001,E,8,999.0,E,8,0.38,E,8,-9900,?,9,-9900,?,9,0.0,E,8,-9900,?,9,-9900,?,9,0.0,0.0,E,8
12/10/2012,11:00,1350.914,1410.027,525.95,1,8,17.446,1,8,509.236,1,8,63114.0,1,8,1657.365,1,8,56015.946,1,8,169.192,1,8,-9900,?,9,-9900,?,9,16.81,E,8,9.05,E,8,60.0,E,8,822.9788000000001,E,8,999.0,E,8,0.82,E,8,-9900,?,9,-9900,?,9,0.0,E,8,-9900,?,9,-9900,?,9,0.0,0.0,E,8
12/10/2012,12:00,1407.759,1410.027,571.17,1,8,19.572,1,8,551.63,1,8,68540.4,1,8,1859.318,1,8,60679.269,1,8,175.872,1,8,-9900,?,9,-9900,?,9,17.73,E,8,9.01,E,8,56.0,E,8,822.9788000000001,E,8,999.0,E,8,1.27,E,8,-9900,?,9,-9900,?,9,0.0,E,8,-9900,?,9,-9900,?,9,0.0,0.0,E,8
12/10/2012,13:00,1382.239,1410.027,578.55,1,8,82.449,1,8,497.727,1,8,69426.0,1,8,7832.669,1,8,54749.928,1,8,161.618,1,8,-9900,?,9,-9900,?,9,18.41,E,8,8.98,E,8,54.0,E,8,822.9788000000001,E,8,999.0,E,8,2.8,E,8,-9900,?,9,-9900,?,9,0.0,E,8,-9900,?,9,-9900,?,9,0.0,0.0,E,8
12/10/2012,14:00,1276.103,1410.027,547.56,1,8,55.141,1,8,497.659,1,8,65707.2,1,8,5238.424,1,8,54742.517,1,8,175.046,1,8,-9900,?,9,-9900,?,9,18.84,E,8,8.96,E,8,52.0,E,8,822.9788000000001,E,8,999.0,E,8,2.95,E,8,-9900,?,9,-9900,?,9,0.0,E,8,-9900,?,9,-9900,?,9,0.0,0.0,E,8
12/10/2012,15:00,1096.599,1410.027,480.41,1,8,87.098,1,8,412.686,1,8,57649.2,1,8,8274.285,1,8,45395.433,1,8,168.94,1,8,-9900,?,9,-9900,?,9,19.0,E,8,8.95,E,8,52.0,E,8,822.9788000000001,E,8,999.0,E,8,2.06,E,8,-9900,?,9,-9900,?,9,0.0,E,8,-9900,?,9,-9900,?,9,0.0,0.0,E,8
12/10/2012,16:00,856.001,1410.027,382.01,1,8,135.103,1,8,300.033,1,8,45841.2,1,8,12834.769,1,8,33003.603,1,8,157.395,1,8,-9900,?,9,-9900,?,9,18.87,E,8,8.96,E,8,52.0,E,8,822.9788000000001,E,8,999.0,E,8,0.75,E,8,-9900,?,9,-9900,?,9,0.0,E,8,-9900,?,9,-9900,?,9,0.0,0.0,E,8
12/10/2012,17:00,570.823,1410.027,259.92,1,8,169.54,1,8,191.387,1,8,31190.4,1,8,16106.329,1,8,21052.537,1,8,150.707,1,8,-9900,?,9,-9900,?,9,18.34,E,8,8.98,E,8,54.0,E,8,822.9788000000001,E,8,999.0,E,8,0.48,E,8,-9900,?,9,-9900,?,9,0.0,E,8,-9900,?,9,-9900,?,9,0.0,0.0,E,8
12/10/2012,18:00,261.118,1410.027,125.53,1,8,355.478,1,8,60.22,1,8,15063.6,1,8,33770.38,1,8,6624.19,1,8,104.333,1,8,-9900,?,9,-9900,?,9,17.48,E,8,9.02,E,8,57.0,E,8,822.9788000000001,E,8,999.0,E,8,0.32,E,8,-9900,?,9,-9900,?,9,0.0,E,8,-9900,?,9,-9900,?,9,0.0,0.0,E,8
12/10/2012,19:00,0.0,1410.027,10.17,1,8,0.0,1,8,0.0,1,8,1220.4,1,8,0.0,1,8,0.0,1,8,-0.0,1,8,-9900,?,9,-9900,?,9,16.58,E,8,9.06,E,8,61.0,E,8,822.9788000000001,E,8,999.0,E,8,0.32,E,8,-9900,?,9,-9900,?,9,0.0,E,8,-9900,?,9,-9900,?,9,0.0,0.0,E,8
12/10/2012,20:00,0.0,1410.027,0.0,1,8,0.0,1,8,0.0,1,8,0.0,1,8,0.0,1,8,0.0,1,8,-0.0,1,8,-9900,?,9,-9900,?,9,15.68,E,8,9.1,E,8,64.0,E,8,822.9788000000001,E,8,999.0,E,8,0.32,E,8,-9900,?,9,-9900,?,9,0.0,E,8,-9900,?,9,-9900,?,9,0.0,0.0,E,8
12/10/2012,21:00,0.0,1410.027,0.0,1,8,0.0,1,8,0.0,1,8,0.0,1,8,0.0,1,8,0.0,1,8,-0.0,1,8,-9900,?,9,-9900,?,9,14.78,E,8,9.14,E,8,68.0,E,8,822.9788000000001,E,8,999.0,E,8,0.32,E,8,-9900,?,9,-9900,?,9,0.0,E,8,-9900,?,9,-9900,?,9,0.0,0.0,E,8
12/10/2012,22:00,0.0,1410.027,0.0,1,8,0.0,1,8,0.0,1,8,0.0,1,8,0.0,1,8,0.0,1,8,-0.0,1,8,-9900,?,9,-9900,?,9,13.88,E,8,9.18,E,8,73.0,E,8,822.9788000000001,E,8,999.0,E,8,0.32,E,8,-9900,?,9,-9900,?,9,0.0,E,8,-9900,?,9,-9900,?,9,0.0,0.0,E,8
12/10/2012,23:00,0.0,1410.027,0.0,1,8,0.0,1,8,0.0,1,8,0.0,1,8,0.0,1,8,0.0,1,8,-0.0,1,8,-9900,?,9,-9900,?,9,12.98,E,8,9.22,E,8,77.0,E,8,822.9788000000001,E,8,999.0,E,8,0.32,E,8,-9900,?,9,-9900,?,9,0.0,E,8,-9900,?,9,-9900,?,9,0.0,0.0,E,8
12/10/2012,24:00,0.0,1410.027,0.0,1,8,0.0,1,8,0.0,1,8,0.0,1,8,0.0,1,8,0.0,1,8,-0.0,1,8,-9900,?,9,-9900,?,9,12.08,E,8,8.56,E,8,79.0,E,8,822.9788000000001,E,8,999.0,E,8,0.18,E,8,-9900,?,9,-9900,?,9,0.0,E,8,-9900,?,9,-9900,?,9,0.0,0.0,E,8
12/11/2012,01:00,0.0,1410.027,0.0,1,8,0.0,1,8,0.0,1,8,0.0,1,8,0.0,1,8,0.0,1,8,-0.0,1,8,-9900,?,9,-9900,?,9,11.63,E,8,8.57,E,8,81.0,E,8,822.9788000000001,E,8,999.0,E,8,0.18,E,8,-9900,?,9,-9900,?,9,0.0,E,8,-9900,?,9,-9900,?,9,0.0,0.0,E,8
12/11/2012,02:00,0.0,1410.027,0.0,1,8,0.0,1,8,0.0,1,8,0.0,1,8,0.0,1,8,0.0,1,8,-0.0,1,8,-9900,?,9,-9900,?,9,11.18,E,8,8.59,E,8,84.0,E,8,822.9788000000001,E,8,999.0,E,8,0.18,E,8,-9900,?,9,-9900,?,9,0.0,E,8,-9900,?,9,-9900,?,9,0.0,0.0,E,8
12/11/2012,03:00,0.0,1410.027,0.0,1,8,0.0,1,8,0.0,1,8,0.0,1,8,0.0,1,8,0.0,1,8,-0.0,1,8,-9900,?,9,-9900,?,9,10.73,E,8,8.6,E,8,86.0,E,8,822.9788000000001,E,8,999.0,E,8,0.18,E,8,-9900,?,9,-9900,?,9,0.0,E,8,-9900,?,9,-9900,?,9,0.0,0.0,E,8
12/11/2012,04:00,0.0,1410.358,0.0,1,8,0.0,1,8,0.0,1,8,0.0,1,8,0.0,1,8,0.0,1,8,-0.0,1,8,-9900,?,9,-9900,?,9,10.28,E,8,8.61,E,8,89.0,E,8,822.9788000000001,E,8,999.0,E,8,0.18,E,8,-9900,?,9,-9900,?,9,0.0,E,8,-9900,?,9,-9900,?,9,0.0,0.0,E,8
12/11/2012,05:00,0.0,1410.358,0.0,1,8,0.0,1,8,0.0,1,8,0.0,1,8,0.0,1,8,0.0,1,8,-0.0,1,8,-9900,?,9,-9900,?,9,9.89,E,8,8.62,E,8,91.0,E,8,822.9788000000001,E,8,999.0,E,8,0.18,E,8,-9900,?,9,-9900,?,9,0.0,E,8,-9900,?,9,-9900,?,9,0.0,0.0,E,8
12/11/2012,06:00,139.531,1410.358,0.0,1,8,0.0,1,8,0.0,1,8,0.0,1,8,0.0,1,8,0.0,1,8,0.0,1,8,-9900,?,9,-9900,?,9,9.59,E,8,8.62,E,8,93.0,E,8,822.9788000000001,E,8,999.0,E,8,0.18,E,8,-9900,?,9,-9900,?,9,0.0,E,8,-9900,?,9,-9900,?,9,0.0,0.0,E,8
12/11/2012,07:00,452.154,1410.358,89.48,1,8,0.0,1,8,89.48,1,8,10737.6,1,8,0.0,1,8,9842.8,1,8,89.067,1,8,-9900,?,9,-9900,?,9,9.29,E,8,8.63,E,8,95.0,E,8,822.9788000000001,E,8,999.0,E,8,0.18,E,8,-9900,?,9,-9900,?,9,0.0,E,8,-9900,?,9,-9900,?,9,0.0,0.0,E,8
12/11/2012,08:00,749.473,1410.358,250.35,1,8,30.251,1,8,234.286,1,8,30042.0,1,8,2873.836,1,8,25771.507,1,8,140.441,1,8,-9900,?,9,-9900,?,9,12.61,E,8,8.55,E,8,76.0,E,8,822.9788000000001,E,8,999.0,E,8,0.18,E,8,-9900,?,9,-9900,?,9,0.0,E,8,-9900,?,9,-9900,?,9,0.0,0.0,E,8
12/11/2012,09:00,1009.594,1410.358,404.9,1,8,55.635,1,8,365.085,1,8,48588.0,1,8,5285.364,1,8,40159.343,1,8,162.386,1,8,-9900,?,9,-9900,?,9,14.14,E,8,8.51,E,8,68.0,E,8,822.9788000000001,E,8,999.0,E,8,0.18,E,8,-9900,?,9,-9900,?,9,0.0,E,8,-9900,?,9,-9900,?,9,0.0,0.0,E,8
12/11/2012,10:00,1214.592,1410.358,535.55,1,8,81.516,1,8,465.356,1,8,64266.0,1,8,7743.996,1,8,51189.191,1,8,172.02,1,8,-9900,?,9,-9900,?,9,15.54,E,8,8.48,E,8,62.0,E,8,822.9788000000001,E,8,999.0,E,8,0.23,E,8,-9900,?,9,-9900,?,9,0.0,E,8,-9900,?,9,-9900,?,9,0.0,0.0,E,8
12/11/2012,11:00,1350.451,1410.358,631.77,1,8,6.036,1,8,625.991,1,8,75812.4,1,8,573.391,1,8,68858.992,1,8,208.104,1,8,-9900,?,9,-9900,?,9,16.76,E,8,8.45,E,8,57.0,E,8,822.9788000000001,E,8,999.0,E,8,0.56,E,8,-9900,?,9,-9900,?,9,0.0,E,8,-9900,?,9,-9900,?,9,0.0,0.0,E,8
12/11/2012,12:00,1407.899,1410.358,686.45,1,8,6.88,1,8,679.582,1,8,82374.0,1,8,653.576,1,8,74754.048,1,8,216.696,1,8,-9900,?,9,-9900,?,9,17.75,E,8,8.43,E,8,54.0,E,8,822.9788000000001,E,8,999.0,E,8,0.67,E,8,-9900,?,9,-9900,?,9,0.0,E,8,-9900,?,9,-9900,?,9,0.0,0.0,E,8
12/11/2012,13:00,1383.022,1410.358,695.66,1,8,7.957,1,8,687.857,1,8,83479.2,1,8,755.926,1,8,75664.291,1,8,223.282,1,8,-9900,?,9,-9900,?,9,18.48,E,8,8.41,E,8,51.0,E,8,822.9788000000001,E,8,999.0,E,8,1.54,E,8,-9900,?,9,-9900,?,9,0.0,E,8,-9900,?,9,-9900,?,9,0.0,0.0,E,8
12/11/2012,14:00,1277.524,1410.358,658.77,1,8,147.277,1,8,525.373,1,8,79052.4,1,8,13991.317,1,8,57790.998,1,8,184.631,1,8,-9900,?,9,-9900,?,9,18.94,E,8,8.4,E,8,50.0,E,8,822.9788000000001,E,8,999.0,E,8,1.71,E,8,-9900,?,9,-9900,?,9,0.0,E,8,-9900,?,9,-9900,?,9,0.0,0.0,E,8
12/11/2012,15:00,1098.611,1410.358,578.4,1,8,182.291,1,8,436.43,1,8,69408.0,1,8,17317.651,1,8,48007.266,1,8,178.374,1,8,-9900,?,9,-9900,?,9,19.12,E,8,8.4,E,8,49.0,E,8,822.9788000000001,E,8,999.0,E,8,2.23,E,8,-9900,?,9,-9900,?,9,0.0,E,8,-9900,?,9,-9900,?,9,0.0,0.0,E,8
12/11/2012,16:00,858.514,1410.358,460.41,1,8,201.54,1,8,337.789,1,8,55249.2,1,8,19146.34,1,8,37156.817,1,8,176.723,1,8,-9900,?,9,-9900,?,9,18.98,E,8,8.4,E,8,50.0,E,8,822.9788000000001,E,8,999.0,E,8,1.8,E,8,-9900,?,9,-9900,?,9,0.0,E,8,-9900,?,9,-9900,?,9,0.0,0.0,E,8
12/11/2012,17:00,573.711,1410.358,313.88,1,8,346.314,1,8,173.212,1,8,37665.6,1,8,32899.814,1,8,19053.311,1,8,135.738,1,8,-9900,?,9,-9900,?,9,18.42,E,8,8.41,E,8,52.0,E,8,822.9788000000001,E,8,999.0,E,8,1.89,E,8,-9900,?,9,-9900,?,9,0.0,E,8,-9900,?,9,-9900,?,9,0.0,0.0,E,8
12/11/2012,18:00,264.216,1410.358,152.43,1,8,524.974,1,8,54.84,1,8,18291.6,1,8,49872.568,1,8,6032.402,1,8,93.903,1,8,-9900,?,9,-9900,?,9,17.51,E,8,8.43,E,8,55.0,E,8,822.9788000000001,E,8,999.0,E,8,1.18,E,8,-9900,?,9,-9900,?,9,0.0,E,8,-9900,?,9,-9900,?,9,0.0,0.0,E,8
12/11/2012,19:00,0.0,1410.358,13.04,1,8,0.0,1,8,0.0,1,8,1564.8,1,8,0.0,1,8,0.0,1,8,-0.0,1,8,-9900,?,9,-9900,?,9,16.58,E,8,8.46,E,8,58.0,E,8,822.9788000000001,E,8,999.0,E,8,1.04,E,8,-9900,?,9,-9900,?,9,0.0,E,8,-9900,?,9,-9900,?,9,0.0,0.0,E,8
12/11/2012,20:00,0.0,1410.358,0.0,1,8,0.0,1,8,0.0,1,8,0.0,1,8,0.0,1,8,0.0,1,8,-0.0,1,8,-9900,?,9,-9900,?,9,15.64,E,8,8.48,E,8,62.0,E,8,822.9788000000001,E,8,999.0,E,8,0.63,E,8,-9900,?,9,-9900,?,9,0.0,E,8,-9900,?,9,-9900,?,9,0.0,0.0,E,8
12/11/2012,21:00,0.0,1410.358,0.0,1,8,0.0,1,8,0.0,1,8,0.0,1,8,0.0,1,8,0.0,1,8,-0.0,1,8,-9900,?,9,-9900,?,9,14.71,E,8,8.5,E,8,66.0,E,8,822.9788000000001,E,8,999.0,E,8,0.44,E,8,-9900,?,9,-9900,?,9,0.0,E,8,-9900,?,9,-9900,?,9,0.0,0.0,E,8
12/11/2012,22:00,0.0,1410.358,0.0,1,8,0.0,1,8,0.0,1,8,0.0,1,8,0.0,1,8,0.0,1,8,-0.0,1,8,-9900,?,9,-9900,?,9,13.78,E,8,8.52,E,8,70.0,E,8,822.9788000000001,E,8,999.0,E,8,0.42,E,8,-9900,?,9,-9900,?,9,0.0,E,8,-9900,?,9,-9900,?,9,0.0,0.0,E,8
12/11/2012,23:00,0.0,1410.358,0.0,1,8,0.0,1,8,0.0,1,8,0.0,1,8,0.0,1,8,0.0,1,8,-0.0,1,8,-9900,?,9,-9900,?,9,12.84,E,8,8.55,E,8,75.0,E,8,822.9788000000001,E,8,999.0,E,8,0.42,E,8,-9900,?,9,-9900,?,9,0.0,E,8,-9900,?,9,-9900,?,9,0.0,0.0,E,8
12/11/2012,24:00,0.0,1410.358,0.0,1,8,0.0,1,8,0.0,1,8,0.0,1,8,0.0,1,8,0.0,1,8,-0.0,1,8,-9900,?,9,-9900,?,9,11.91,E,8,8.83,E,8,81.0,E,8,822.9788000000001,E,8,999.0,E,8,0.47,E,8,-9900,?,9,-9900,?,9,0.0,E,8,-9900,?,9,-9900,?,9,0.0,0.0,E,8
12/12/2012,01:00,0.0,1410.358,0.0,1,8,0.0,1,8,0.0,1,8,0.0,1,8,0.0,1,8,0.0,1,8,-0.0,1,8,-9900,?,9,-9900,?,9,11.45,E,8,8.76,E,8,83.0,E,8,822.9788000000001,E,8,999.0,E,8,0.42,E,8,-9900,?,9,-9900,?,9,0.0,E,8,-9900,?,9,-9900,?,9,0.0,0.0,E,8
12/12/2012,02:00,0.0,1410.358,0.0,1,8,0.0,1,8,0.0,1,8,0.0,1,8,0.0,1,8,0.0,1,8,-0.0,1,8,-9900,?,9,-9900,?,9,10.98,E,8,8.69,E,8,85.0,E,8,822.9788000000001,E,8,999.0,E,8,0.87,E,8,-9900,?,9,-9900,?,9,0.0,E,8,-9900,?,9,-9900,?,9,0.0,0.0,E,8
12/12/2012,03:00,0.0,1410.358,0.0,1,8,0.0,1,8,0.0,1,8,0.0,1,8,0.0,1,8,0.0,1,8,-0.0,1,8,-9900,?,9,-9900,?,9,10.51,E,8,8.62,E,8,88.0,E,8,822.9788000000001,E,8,999.0,E,8,0.95,E,8,-9900,?,9,-9900,?,9,0.0,E,8,-9900,?,9,-9900,?,9,0.0,0.0,E,8
12/12/2012,04:00,0.0,1410.675,0.0,1,8,0.0,1,8,0.0,1,8,0.0,1,8,0.0,1,8,0.0,1,8,-0.0,1,8,-9900,?,9,-9900,?,9,10.05,E,8,8.55,E,8,90.0,E,8,822.9788000000001,E,8,999.0,E,8,1.08,E,8,-9900,?,9,-9900,?,9,0.0,E,8,-9900,?,9,-9900,?,9,0.0,0.0,E,8
12/12/2012,05:00,0.0,1410.675,0.0,1,8,0.0,1,8,0.0,1,8,0.0,1,8,0.0,1,8,0.0,1,8,-0.0,1,8,-9900,?,9,-9900,?,9,9.63,E,8,8.48,E,8,92.0,E,8,822.9788000000001,E,8,999.0,E,8,1.1,E,8,-9900,?,9,-9900,?,9,0.0,E,8,-9900,?,9,-9900,?,9,0.0,0.0,E,8
12/12/2012,06:00,137.804,1410.675,0.0,1,8,0.0,1,8,0.0,1,8,0.0,1,8,0.0,1,8,0.0,1,8,0.0,1,8,-9900,?,9,-9900,?,9,9.32,E,8,8.43,E,8,94.0,E,8,822.9788000000001,E,8,999.0,E,8,0.97,E,8,-9900,?,9,-9900,?,9,0.0,E,8,-9900,?,9,-9900,?,9,0.0,0.0,E,8
12/12/2012,07:00,450.332,1410.675,72.09,1,8,0.0,1,8,72.09,1,8,8650.8,1,8,0.0,1,8,7929.9,1,8,72.065,1,8,-9900,?,9,-9900,?,9,9.02,E,8,8.39,E,8,95.0,E,8,822.9788000000001,E,8,999.0,E,8,1.19,E,8,-9900,?,9,-9900,?,9,0.0,E,8,-9900,?,9,-9900,?,9,0.0,0.0,E,8
12/12/2012,08:00,747.758,1410.675,202.95,1,8,11.872,1,8,196.662,1,8,24354.0,1,8,1127.833,1,8,21632.792,1,8,118.185,1,8,-9900,?,9,-9900,?,9,12.24,E,8,8.88,E,8,79.0,E,8,822.9788000000001,E,8,999.0,E,8,1.42,E,8,-9900,?,9,-9900,?,9,0.0,E,8,-9900,?,9,-9900,?,9,0.0,0.0,E,8
12/12/2012,09:00,1008.151,1410.675,328.83,1,8,8.943,1,8,322.44,1,8,39459.6,1,8,849.606,1,8,35468.449,1,8,143.656,1,8,-9900,?,9,-9900,?,9,13.73,E,8,9.1,E,8,73.0,E,8,822.9788000000001,E,8,999.0,E,8,1.99,E,8,-9900,?,9,-9900,?,9,0.0,E,8,-9900,?,9,-9900,?,9,0.0,0.0,E,8
12/12/2012,10:00,1213.567,1410.675,435.32,1,8,9.286,1,8,427.332,1,8,52238.4,1,8,882.177,1,8,47006.548,1,8,158.133,1,8,-9900,?,9,-9900,?,9,15.1,E,8,9.3,E,8,68.0,E,8,822.9788000000001,E,8,999.0,E,8,1.81,E,8,-9900,?,9,-9900,?,9,0.0,E,8,-9900,?,9,-9900,?,9,0.0,0.0,E,8
12/12/2012,11:00,1349.96,1410.675,513.86,1,8,16.133,1,8,498.422,1,8,61663.2,1,8,1532.603,1,8,54826.431,1,8,165.793,1,8,-9900,?,9,-9900,?,9,16.29,E,8,9.48,E,8,63.0,E,8,822.9788000000001,E,8,999.0,E,8,2.22,E,8,-9900,?,9,-9900,?,9,0.0,E,8,-9900,?,9,-9900,?,9,0.0,0.0,E,8
12/12/2012,12:00,1408.022,1410.675,558.64,1,8,18.04,1,8,540.634,1,8,67036.8,1,8,1713.832,1,8,59469.697,1,8,172.414,1,8,-9900,?,9,-9900,?,9,17.26,E,8,9.62,E,8,60.0,E,8,822.9788000000001,E,8,999.0,E,8,2.97,E,8,-9900,?,9,-9900,?,9,0.0,E,8,-9900,?,9,-9900,?,9,0.0,0.0,E,8
12/12/2012,13:00,1383.796,1410.675,566.43,1,8,75.706,1,8,492.167,1,8,67971.6,1,8,7192.084,1,8,54138.395,1,8,159.707,1,8,-9900,?,9,-9900,?,9,17.98,E,8,9.72,E,8,58.0,E,8,822.9788000000001,E,8,999.0,E,8,3.72,E,8,-9900,?,9,-9900,?,9,0.0,E,8,-9900,?,9,-9900,?,9,0.0,0.0,E,8
12/12/2012,14:00,1278.94,1410.675,536.7,1,8,89.525,1,8,455.54,1,8,64404.0,1,8,8504.885,1,8,50109.432,1,8,159.949,1,8,-9900,?,9,-9900,?,9,18.43,E,8,9.78,E,8,57.0,E,8,822.9788000000001,E,8,999.0,E,8,3.51,E,8,-9900,?,9,-9900,?,9,0.0,E,8,-9900,?,9,-9900,?,9,0.0,0.0,E,8
12/12/2012,15:00,1100.617,1410.675,471.56,1,8,79.446,1,8,409.588,1,8,56587.2,1,8,7547.324,1,8,45054.662,1,8,167.136,1,8,-9900,?,9,-9900,?,9,18.61,E,8,9.81,E,8,56.0,E,8,822.9788000000001,E,8,999.0,E,8,3.3,E,8,-9900,?,9,-9900,?,9,0.0,E,8,-9900,?,9,-9900,?,9,0.0,0.0,E,8
12/12/2012,16:00,861.016,1410.675,375.76,1,8,122.969,1,8,300.742,1,8,45091.2,1,8,11682.07,1,8,33081.61,1,8,156.919,1,8,-9900,?,9,-9900,?,9,18.48,E,8,9.79,E,8,56.0,E,8,822.9788000000001,E,8,999.0,E,8,3.25,E,8,-9900,?,9,-9900,?,9,0.0,E,8,-9900,?,9,-9900,?,9,0.0,0.0,E,8
12/12/2012,17:00,576.58,1410.675,256.66,1,8,154.234,1,8,193.712,1,8,30799.2,1,8,14652.203,1,8,21308.337,1,8,151.079,1,8,-9900,?,9,-9900,?,9,17.94,E,8,9.71,E,8,58.0,E,8,822.9788000000001,E,8,999.0,E,8,3.07,E,8,-9900,?,9,-9900,?,9,0.0,E,8,-9900,?,9,-9900,?,9,0.0,0.0,E,8
12/12/2012,18:00,267.284,1410.675,125.31,1,8,325.501,1,8,64.101,1,8,15037.2,1,8,30922.637,1,8,7051.159,1,8,108.507,1,8,-9900,?,9,-9900,?,9,17.05,E,8,9.59,E,8,61.0,E,8,822.9788000000001,E,8,999.0,E,8,1.6,E,8,-9900,?,9,-9900,?,9,0.0,E,8,-9900,?,9,-9900,?,9,0.0,0.0,E,8
12/12/2012,19:00,0.0,1410.675,11.28,1,8,0.0,1,8,0.0,1,8,1353.6,1,8,0.0,1,8,0.0,1,8,-0.0,1,8,-9900,?,9,-9900,?,9,16.19,E,8,9.46,E,8,64.0,E,8,822.9788000000001,E,8,999.0,E,8,1.24,E,8,-9900,?,9,-9900,?,9,0.0,E,8,-9900,?,9,-9900,?,9,0.0,0.0,E,8
12/12/2012,20:00,0.0,1410.675,0.0,1,8,0.0,1,8,0.0,1,8,0.0,1,8,0.0,1,8,0.0,1,8,-0.0,1,8,-9900,?,9,-9900,?,9,15.32,E,8,9.33,E,8,67.0,E,8,822.9788000000001,E,8,999.0,E,8,1.01,E,8,-9900,?,9,-9900,?,9,0.0,E,8,-9900,?,9,-9900,?,9,0.0,0.0,E,8
12/12/2012,21:00,0.0,1410.675,0.0,1,8,0.0,1,8,0.0,1,8,0.0,1,8,0.0,1,8,0.0,1,8,-0.0,1,8,-9900,?,9,-9900,?,9,14.46,E,8,9.21,E,8,70.0,E,8,822.9788000000001,E,8,999.0,E,8,0.5,E,8,-9900,?,9,-9900,?,9,0.0,E,8,-9900,?,9,-9900,?,9,0.0,0.0,E,8
12/12/2012,22:00,0.0,1410.675,0.0,1,8,0.0,1,8,0.0,1,8,0.0,1,8,0.0,1,8,0.0,1,8,-0.0,1,8,-9900,?,9,-9900,?,9,13.6,E,8,9.08,E,8,74.0,E,8,822.9788000000001,E,8,999.0,E,8,0.34,E,8,-9900,?,9,-9900,?,9,0.0,E,8,-9900,?,9,-9900,?,9,0.0,0.0,E,8
12/12/2012,23:00,0.0,1410.675,0.0,1,8,0.0,1,8,0.0,1,8,0.0,1,8,0.0,1,8,0.0,1,8,-0.0,1,8,-9900,?,9,-9900,?,9,12.74,E,8,8.95,E,8,77.0,E,8,822.9788000000001,E,8,999.0,E,8,0.26,E,8,-9900,?,9,-9900,?,9,0.0,E,8,-9900,?,9,-9900,?,9,0.0,0.0,E,8
12/12/2012,24:00,0.0,1410.675,0.0,1,8,0.0,1,8,0.0,1,8,0.0,1,8,0.0,1,8,0.0,1,8,-0.0,1,8,-9900,?,9,-9900,?,9,11.87,E,8,6.65,E,8,70.0,E,8,822.9788000000001,E,8,999.0,E,8,0.26,E,8,-9900,?,9,-9900,?,9,0.0,E,8,-9900,?,9,-9900,?,9,0.0,0.0,E,8
12/13/2012,01:00,0.0,1410.675,0.0,1,8,0.0,1,8,0.0,1,8,0.0,1,8,0.0,1,8,0.0,1,8,-0.0,1,8,-9900,?,9,-9900,?,9,11.44,E,8,6.85,E,8,73.0,E,8,822.9788000000001,E,8,999.0,E,8,0.21,E,8,-9900,?,9,-9900,?,9,0.0,E,8,-9900,?,9,-9900,?,9,0.0,0.0,E,8
12/13/2012,02:00,0.0,1410.675,0.0,1,8,0.0,1,8,0.0,1,8,0.0,1,8,0.0,1,8,0.0,1,8,-0.0,1,8,-9900,?,9,-9900,?,9,11.01,E,8,7.04,E,8,76.0,E,8,822.9788000000001,E,8,999.0,E,8,0.21,E,8,-9900,?,9,-9900,?,9,0.0,E,8,-9900,?,9,-9900,?,9,0.0,0.0,E,8
12/13/2012,03:00,0.0,1410.675,0.0,1,8,0.0,1,8,0.0,1,8,0.0,1,8,0.0,1,8,0.0,1,8,-0.0,1,8,-9900,?,9,-9900,?,9,10.58,E,8,7.23,E,8,79.0,E,8,822.9788000000001,E,8,999.0,E,8,0.21,E,8,-9900,?,9,-9900,?,9,0.0,E,8,-9900,?,9,-9900,?,9,0.0,0.0,E,8
12/13/2012,04:00,0.0,1410.979,0.0,1,8,0.0,1,8,0.0,1,8,0.0,1,8,0.0,1,8,0.0,1,8,-0.0,1,8,-9900,?,9,-9900,?,9,10.15,E,8,7.42,E,8,83.0,E,8,822.9788000000001,E,8,999.0,E,8,0.21,E,8,-9900,?,9,-9900,?,9,0.0,E,8,-9900,?,9,-9900,?,9,0.0,0.0,E,8
12/13/2012,05:00,0.0,1410.979,0.0,1,8,0.0,1,8,0.0,1,8,0.0,1,8,0.0,1,8,0.0,1,8,-0.0,1,8,-9900,?,9,-9900,?,9,9.76,E,8,7.59,E,8,86.0,E,8,822.9788000000001,E,8,999.0,E,8,0.21,E,8,-9900,?,9,-9900,?,9,0.0,E,8,-9900,?,9,-9900,?,9,0.0,0.0,E,8
12/13/2012,06:00,135.984,1410.979,0.0,1,8,0.0,1,8,0.0,1,8,0.0,1,8,0.0,1,8,0.0,1,8,0.0,1,8,-9900,?,9,-9900,?,9,9.48,E,8,7.71,E,8,88.0,E,8,822.9788000000001,E,8,999.0,E,8,0.21,E,8,-9900,?,9,-9900,?,9,0.0,E,8,-9900,?,9,-9900,?,9,0.0,0.0,E,8
12/13/2012,07:00,448.428,1410.979,86.79,1,8,0.0,1,8,86.79,1,8,10414.8,1,8,0.0,1,8,9546.9,1,8,87.15,1,8,-9900,?,9,-9900,?,9,9.2,E,8,7.83,E,8,91.0,E,8,822.9788000000001,E,8,999.0,E,8,0.21,E,8,-9900,?,9,-9900,?,9,0.0,E,8,-9900,?,9,-9900,?,9,0.0,0.0,E,8
12/13/2012,08:00,745.975,1410.979,245.93,1,8,28.649,1,8,230.795,1,8,29511.6,1,8,2721.61,1,8,25387.466,1,8,139.06,1,8,-9900,?,9,-9900,?,9,12.62,E,8,6.3,E,8,65.0,E,8,822.9788000000001,E,8,999.0,E,8,0.21,E,8,-9900,?,9,-9900,?,9,0.0,E,8,-9900,?,9,-9900,?,9,0.0,0.0,E,8
12/13/2012,09:00,1006.655,1410.979,399.19,1,8,53.357,1,8,361.134,1,8,47902.8,1,8,5068.909,1,8,39724.69,1,8,161.169,1,8,-9900,?,9,-9900,?,9,14.22,E,8,5.54,E,8,55.0,E,8,822.9788000000001,E,8,999.0,E,8,0.57,E,8,-9900,?,9,-9900,?,9,0.0,E,8,-9900,?,9,-9900,?,9,0.0,0.0,E,8
12/13/2012,10:00,1212.504,1410.979,528.99,1,8,78.304,1,8,461.707,1,8,63478.8,1,8,7438.907,1,8,50787.809,1,8,171.041,1,8,-9900,?,9,-9900,?,9,15.68,E,8,4.81,E,8,48.0,E,8,822.9788000000001,E,8,999.0,E,8,0.53,E,8,-9900,?,9,-9900,?,9,0.0,E,8,-9900,?,9,-9900,?,9,0.0,0.0,E,8
12/13/2012,11:00,1349.443,1410.979,624.84,1,8,5.796,1,8,619.297,1,8,74980.8,1,8,550.649,1,8,68122.63,1,8,206.123,1,8,-9900,?,9,-9900,?,9,16.96,E,8,4.13,E,8,42.0,E,8,822.9788000000001,E,8,999.0,E,8,1.6,E,8,-9900,?,9,-9900,?,9,0.0,E,8,-9900,?,9,-9900,?,9,0.0,0.0,E,8
12/13/2012,12:00,1408.129,1410.979,679.65,1,8,6.603,1,8,673.061,1,8,81558.0,1,8,627.246,1,8,74036.684,1,8,214.676,1,8,-9900,?,9,-9900,?,9,18.0,E,8,3.57,E,8,38.0,E,8,822.9788000000001,E,8,999.0,E,8,1.77,E,8,-9900,?,9,-9900,?,9,0.0,E,8,-9900,?,9,-9900,?,9,0.0,0.0,E,8
12/13/2012,13:00,1384.559,1410.979,689.5,1,8,7.633,1,8,682.01,1,8,82740.0,1,8,725.152,1,8,75021.081,1,8,221.235,1,8,-9900,?,9,-9900,?,9,18.77,E,8,3.13,E,8,35.0,E,8,822.9788000000001,E,8,999.0,E,8,3.07,E,8,-9900,?,9,-9900,?,9,0.0,E,8,-9900,?,9,-9900,?,9,0.0,0.0,E,8
12/13/2012,14:00,1280.349,1410.979,653.68,1,8,9.08,1,8,645.441,1,8,78441.6,1,8,862.622,1,8,70998.504,1,8,226.426,1,8,-9900,?,9,-9900,?,9,19.25,E,8,2.86,E,8,33.0,E,8,822.9788000000001,E,8,999.0,E,8,3.66,E,8,-9900,?,9,-9900,?,9,0.0,E,8,-9900,?,9,-9900,?,9,0.0,0.0,E,8
12/13/2012,15:00,1102.615,1410.979,574.75,1,8,174.814,1,8,438.167,1,8,68970.0,1,8,16607.308,1,8,48198.335,1,8,178.512,1,8,-9900,?,9,-9900,?,9,19.45,E,8,2.74,E,8,32.0,E,8,822.9788000000001,E,8,999.0,E,8,3.13,E,8,-9900,?,9,-9900,?,9,0.0,E,8,-9900,?,9,-9900,?,9,0.0,0.0,E,8
12/13/2012,16:00,863.505,1410.979,458.46,1,8,193.317,1,8,340.21,1,8,55015.2,1,8,18365.103,1,8,37423.09,1,8,177.038,1,8,-9900,?,9,-9900,?,9,19.31,E,8,2.82,E,8,33.0,E,8,822.9788000000001,E,8,999.0,E,8,1.63,E,8,-9900,?,9,-9900,?,9,0.0,E,8,-9900,?,9,-9900,?,9,0.0,0.0,E,8
12/13/2012,17:00,579.427,1410.979,313.75,1,8,332.404,1,8,177.442,1,8,37650.0,1,8,31578.345,1,8,19518.665,1,8,137.738,1,8,-9900,?,9,-9900,?,9,18.74,E,8,3.15,E,8,35.0,E,8,822.9788000000001,E,8,999.0,E,8,1.09,E,8,-9900,?,9,-9900,?,9,0.0,E,8,-9900,?,9,-9900,?,9,0.0,0.0,E,8
12/13/2012,18:00,270.32,1410.979,153.98,1,8,505.794,1,8,57.793,1,8,18477.6,1,8,48050.455,1,8,6357.234,1,8,96.735,1,8,-9900,?,9,-9900,?,9,17.79,E,8,3.68,E,8,39.0,E,8,822.9788000000001,E,8,999.0,E,8,0.63,E,8,-9900,?,9,-9900,?,9,0.0,E,8,-9900,?,9,-9900,?,9,0.0,0.0,E,8
12/13/2012,19:00,0.0,1410.979,14.55,1,8,0.0,1,8,0.0,1,8,1746.0,1,8,0.0,1,8,0.0,1,8,-0.0,1,8,-9900,?,9,-9900,?,9,16.89,E,8,4.17,E,8,42.0,E,8,822.9788000000001,E,8,999.0,E,8,0.21,E,8,-9900,?,9,-9900,?,9,0.0,E,8,-9900,?,9,-9900,?,9,0.0,0.0,E,8
12/13/2012,20:00,0.0,1410.979,0.0,1,8,0.0,1,8,0.0,1,8,0.0,1,8,0.0,1,8,0.0,1,8,-0.0,1,8,-9900,?,9,-9900,?,9,16.0,E,8,4.64,E,8,46.0,E,8,822.9788000000001,E,8,999.0,E,8,0.21,E,8,-9900,?,9,-9900,?,9,0.0,E,8,-9900,?,9,-9900,?,9,0.0,0.0,E,8
12/13/2012,21:00,0.0,1410.979,0.0,1,8,0.0,1,8,0.0,1,8,0.0,1,8,0.0,1,8,0.0,1,8,-0.0,1,8,-9900,?,9,-9900,?,9,15.1,E,8,5.1,E,8,51.0,E,8,822.9788000000001,E,8,999.0,E,8,0.21,E,8,-9900,?,9,-9900,?,9,0.0,E,8,-9900,?,9,-9900,?,9,0.0,0.0,E,8
12/13/2012,22:00,0.0,1410.979,0.0,1,8,0.0,1,8,0.0,1,8,0.0,1,8,0.0,1,8,0.0,1,8,-0.0,1,8,-9900,?,9,-9900,?,9,14.21,E,8,5.54,E,8,55.0,E,8,822.9788000000001,E,8,999.0,E,8,0.21,E,8,-9900,?,9,-9900,?,9,0.0,E,8,-9900,?,9,-9900,?,9,0.0,0.0,E,8
12/13/2012,23:00,0.0,1410.979,0.0,1,8,0.0,1,8,0.0,1,8,0.0,1,8,0.0,1,8,0.0,1,8,-0.0,1,8,-9900,?,9,-9900,?,9,13.31,E,8,5.98,E,8,61.0,E,8,822.9788000000001,E,8,999.0,E,8,0.21,E,8,-9900,?,9,-9900,?,9,0.0,E,8,-9900,?,9,-9900,?,9,0.0,0.0,E,8
12/13/2012,24:00,0.0,1410.979,0.0,1,8,0.0,1,8,0.0,1,8,0.0,1,8,0.0,1,8,0.0,1,8,-0.0,1,8,-9900,?,9,-9900,?,9,12.41,E,8,9.11,E,8,80.0,E,8,822.9788000000001,E,8,999.0,E,8,0.2,E,8,-9900,?,9,-9900,?,9,0.0,E,8,-9900,?,9,-9900,?,9,0.0,0.0,E,8
12/14/2012,01:00,0.0,1410.979,0.0,1,8,0.0,1,8,0.0,1,8,0.0,1,8,0.0,1,8,0.0,1,8,-0.0,1,8,-9900,?,9,-9900,?,9,11.97,E,8,8.96,E,8,81.0,E,8,822.9788000000001,E,8,999.0,E,8,0.54,E,8,-9900,?,9,-9900,?,9,0.0,E,8,-9900,?,9,-9900,?,9,0.0,0.0,E,8
12/14/2012,02:00,0.0,1410.979,0.0,1,8,0.0,1,8,0.0,1,8,0.0,1,8,0.0,1,8,0.0,1,8,-0.0,1,8,-9900,?,9,-9900,?,9,11.52,E,8,8.81,E,8,83.0,E,8,822.9788000000001,E,8,999.0,E,8,0.5,E,8,-9900,?,9,-9900,?,9,0.0,E,8,-9900,?,9,-9900,?,9,0.0,0.0,E,8
12/14/2012,03:00,0.0,1410.979,0.0,1,8,0.0,1,8,0.0,1,8,0.0,1,8,0.0,1,8,0.0,1,8,-0.0,1,8,-9900,?,9,-9900,?,9,11.07,E,8,8.66,E,8,85.0,E,8,822.9788000000001,E,8,999.0,E,8,0.78,E,8,-9900,?,9,-9900,?,9,0.0,E,8,-9900,?,9,-9900,?,9,0.0,0.0,E,8
12/14/2012,04:00,0.0,1411.268,0.0,1,8,0.0,1,8,0.0,1,8,0.0,1,8,0.0,1,8,0.0,1,8,-0.0,1,8,-9900,?,9,-9900,?,9,10.62,E,8,8.5,E,8,86.0,E,8,822.9788000000001,E,8,999.0,E,8,0.72,E,8,-9900,?,9,-9900,?,9,0.0,E,8,-9900,?,9,-9900,?,9,0.0,0.0,E,8
12/14/2012,05:00,0.0,1411.268,0.0,1,8,0.0,1,8,0.0,1,8,0.0,1,8,0.0,1,8,0.0,1,8,-0.0,1,8,-9900,?,9,-9900,?,9,10.23,E,8,8.37,E,8,88.0,E,8,822.9788000000001,E,8,999.0,E,8,0.81,E,8,-9900,?,9,-9900,?,9,0.0,E,8,-9900,?,9,-9900,?,9,0.0,0.0,E,8
12/14/2012,06:00,134.073,1411.268,0.0,1,8,0.0,1,8,0.0,1,8,0.0,1,8,0.0,1,8,0.0,1,8,0.0,1,8,-9900,?,9,-9900,?,9,9.93,E,8,8.26,E,8,89.0,E,8,822.9788000000001,E,8,999.0,E,8,0.73,E,8,-9900,?,9,-9900,?,9,0.0,E,8,-9900,?,9,-9900,?,9,0.0,0.0,E,8
12/14/2012,07:00,446.445,1411.268,65.84,1,8,0.0,1,8,65.84,1,8,7900.8,1,8,0.0,1,8,7242.4,1,8,66.422,1,8,-9900,?,9,-9900,?,9,9.63,E,8,8.16,E,8,90.0,E,8,822.9788000000001,E,8,999.0,E,8,0.42,E,8,-9900,?,9,-9900,?,9,0.0,E,8,-9900,?,9,-9900,?,9,0.0,0.0,E,8
12/14/2012,08:00,744.127,1411.268,187.89,1,8,2.342,1,8,186.656,1,8,22546.8,1,8,222.463,1,8,20532.183,1,8,112.768,1,8,-9900,?,9,-9900,?,9,12.4,E,8,9.1,E,8,80.0,E,8,822.9788000000001,E,8,999.0,E,8,0.58,E,8,-9900,?,9,-9900,?,9,0.0,E,8,-9900,?,9,-9900,?,9,0.0,0.0,E,8
12/14/2012,09:00,1005.11,1411.268,305.58,1,8,7.1,1,8,300.525,1,8,36669.6,1,8,674.482,1,8,33057.743,1,8,134.354,1,8,-9900,?,9,-9900,?,9,13.7,E,8,9.53,E,8,75.0,E,8,822.9788000000001,E,8,999.0,E,8,0.82,E,8,-9900,?,9,-9900,?,9,0.0,E,8,-9900,?,9,-9900,?,9,0.0,0.0,E,8
12/14/2012,10:00,1211.404,1411.268,405.34,1,8,7.451,1,8,398.945,1,8,48640.8,1,8,707.844,1,8,43883.939,1,8,147.955,1,8,-9900,?,9,-9900,?,9,14.9,E,8,9.91,E,8,72.0,E,8,822.9788000000001,E,8,999.0,E,8,0.74,E,8,-9900,?,9,-9900,?,9,0.0,E,8,-9900,?,9,-9900,?,9,0.0,0.0,E,8
12/14/2012,11:00,1348.902,1411.268,479.11,1,8,12.878,1,8,466.802,1,8,57493.2,1,8,1223.376,1,8,51348.196,1,8,155.462,1,8,-9900,?,9,-9900,?,9,15.94,E,8,10.24,E,8,68.0,E,8,822.9788000000001,E,8,999.0,E,8,1.17,E,8,-9900,?,9,-9900,?,9,0.0,E,8,-9900,?,9,-9900,?,9,0.0,0.0,E,8
12/14/2012,12:00,1408.22,1411.268,521.43,1,8,14.241,1,8,507.22,1,8,62571.6,1,8,1352.878,1,8,55794.196,1,8,161.803,1,8,-9900,?,9,-9900,?,9,16.78,E,8,10.49,E,8,66.0,E,8,822.9788000000001,E,8,999.0,E,8,1.03,E,8,-9900,?,9,-9900,?,9,0.0,E,8,-9900,?,9,-9900,?,9,0.0,0.0,E,8
12/14/2012,13:00,1385.313,1411.268,529.27,1,8,16.015,1,8,513.55,1,8,63512.4,1,8,1521.444,1,8,56490.446,1,8,166.532,1,8,-9900,?,9,-9900,?,9,17.41,E,8,10.69,E,8,64.0,E,8,822.9788000000001,E,8,999.0,E,8,0.71,E,8,-9900,?,9,-9900,?,9,0.0,E,8,-9900,?,9,-9900,?,9,0.0,0.0,E,8
12/14/2012,14:00,1281.75,1411.268,502.05,1,8,18.674,1,8,485.091,1,8,60246.0,1,8,1774.029,1,8,53359.994,1,8,170.023,1,8,-9900,?,9,-9900,?,9,17.81,E,8,10.81,E,8,63.0,E,8,822.9788000000001,E,8,999.0,E,8,0.73,E,8,-9900,?,9,-9900,?,9,0.0,E,8,-9900,?,9,-9900,?,9,0.0,0.0,E,8
12/14/2012,15:00,1104.602,1411.268,441.75,1,8,60.265,1,8,394.59,1,8,53010.0,1,8,5725.128,1,8,43404.858,1,8,160.502,1,8,-9900,?,9,-9900,?,9,17.97,E,8,10.85,E,8,63.0,E,8,822.9788000000001,E,8,999.0,E,8,0.56,E,8,-9900,?,9,-9900,?,9,0.0,E,8,-9900,?,9,-9900,?,9,0.0,0.0,E,8
12/14/2012,16:00,865.978,1411.268,352.74,1,8,92.513,1,8,296.0,1,8,42328.8,1,8,8788.75,1,8,32559.991,1,8,153.623,1,8,-9900,?,9,-9900,?,9,17.86,E,8,10.82,E,8,63.0,E,8,822.9788000000001,E,8,999.0,E,8,1.0,E,8,-9900,?,9,-9900,?,9,0.0,E,8,-9900,?,9,-9900,?,9,0.0,0.0,E,8
12/14/2012,17:00,582.249,1411.268,241.84,1,8,116.04,1,8,194.033,1,8,29020.8,1,8,11023.799,1,8,21343.65,1,8,149.915,1,8,-9900,?,9,-9900,?,9,17.4,E,8,10.68,E,8,64.0,E,8,822.9788000000001,E,8,999.0,E,8,1.04,E,8,-9900,?,9,-9900,?,9,0.0,E,8,-9900,?,9,-9900,?,9,0.0,0.0,E,8
12/14/2012,18:00,273.319,1411.268,119.29,1,8,253.188,1,8,70.609,1,8,14314.8,1,8,24052.907,1,8,7767.003,1,8,116.895,1,8,-9900,?,9,-9900,?,9,16.64,E,8,10.45,E,8,66.0,E,8,822.9788000000001,E,8,999.0,E,8,0.43,E,8,-9900,?,9,-9900,?,9,0.0,E,8,-9900,?,9,-9900,?,9,0.0,0.0,E,8
12/14/2012,19:00,0.0,1411.268,11.81,1,8,0.0,1,8,0.0,1,8,1417.2,1,8,0.0,1,8,0.0,1,8,-0.0,1,8,-9900,?,9,-9900,?,9,15.94,E,8,10.24,E,8,68.0,E,8,822.9788000000001,E,8,999.0,E,8,0.37,E,8,-9900,?,9,-9900,?,9,0.0,E,8,-9900,?,9,-9900,?,9,0.0,0.0,E,8
12/14/2012,20:00,0.0,1411.268,0.0,1,8,0.0,1,8,0.0,1,8,0.0,1,8,0.0,1,8,0.0,1,8,-0.0,1,8,-9900,?,9,-9900,?,9,15.24,E,8,10.02,E,8,70.0,E,8,822.9788000000001,E,8,999.0,E,8,0.69,E,8,-9900,?,9,-9900,?,9,0.0,E,8,-9900,?,9,-9900,?,9,0.0,0.0,E,8
12/14/2012,21:00,0.0,1411.268,0.0,1,8,0.0,1,8,0.0,1,8,0.0,1,8,0.0,1,8,0.0,1,8,-0.0,1,8,-9900,?,9,-9900,?,9,14.54,E,8,9.8,E,8,73.0,E,8,822.9788000000001,E,8,999.0,E,8,0.67,E,8,-9900,?,9,-9900,?,9,0.0,E,8,-9900,?,9,-9900,?,9,0.0,0.0,E,8
12/14/2012,22:00,0.0,1411.268,0.0,1,8,0.0,1,8,0.0,1,8,0.0,1,8,0.0,1,8,0.0,1,8,-0.0,1,8,-9900,?,9,-9900,?,9,13.84,E,8,9.57,E,8,75.0,E,8,822.9788000000001,E,8,999.0,E,8,0.74,E,8,-9900,?,9,-9900,?,9,0.0,E,8,-9900,?,9,-9900,?,9,0.0,0.0,E,8
12/14/2012,23:00,0.0,1411.268,0.0,1,8,0.0,1,8,0.0,1,8,0.0,1,8,0.0,1,8,0.0,1,8,-0.0,1,8,-9900,?,9,-9900,?,9,13.14,E,8,9.35,E,8,77.0,E,8,822.9788000000001,E,8,999.0,E,8,0.63,E,8,-9900,?,9,-9900,?,9,0.0,E,8,-9900,?,9,-9900,?,9,0.0,0.0,E,8
12/14/2012,24:00,0.0,1411.268,0.0,1,8,0.0,1,8,0.0,1,8,0.0,1,8,0.0,1,8,0.0,1,8,-0.0,1,8,-9900,?,9,-9900,?,9,12.45,E,8,8.22,E,8,75.0,E,8,822.9788000000001,E,8,999.0,E,8,0.3,E,8,-9900,?,9,-9900,?,9,0.0,E,8,-9900,?,9,-9900,?,9,0.0,0.0,E,8
12/15/2012,01:00,0.0,1411.268,0.0,1,8,0.0,1,8,0.0,1,8,0.0,1,8,0.0,1,8,0.0,1,8,-0.0,1,8,-9900,?,9,-9900,?,9,12.1,E,8,8.36,E,8,77.0,E,8,822.9788000000001,E,8,999.0,E,8,0.37,E,8,-9900,?,9,-9900,?,9,0.0,E,8,-9900,?,9,-9900,?,9,0.0,0.0,E,8
12/15/2012,02:00,0.0,1411.268,0.0,1,8,0.0,1,8,0.0,1,8,0.0,1,8,0.0,1,8,0.0,1,8,-0.0,1,8,-9900,?,9,-9900,?,9,11.75,E,8,8.49,E,8,80.0,E,8,822.9788000000001,E,8,999.0,E,8,0.47,E,8,-9900,?,9,-9900,?,9,0.0,E,8,-9900,?,9,-9900,?,9,0.0,0.0,E,8
12/15/2012,03:00,0.0,1411.268,0.0,1,8,0.0,1,8,0.0,1,8,0.0,1,8,0.0,1,8,0.0,1,8,-0.0,1,8,-9900,?,9,-9900,?,9,11.4,E,8,8.63,E,8,83.0,E,8,822.9788000000001,E,8,999.0,E,8,0.4,E,8,-9900,?,9,-9900,?,9,0.0,E,8,-9900,?,9,-9900,?,9,0.0,0.0,E,8
12/15/2012,04:00,0.0,1411.544,0.0,1,8,0.0,1,8,0.0,1,8,0.0,1,8,0.0,1,8,0.0,1,8,-0.0,1,8,-9900,?,9,-9900,?,9,11.05,E,8,8.76,E,8,85.0,E,8,822.9788000000001,E,8,999.0,E,8,0.38,E,8,-9900,?,9,-9900,?,9,0.0,E,8,-9900,?,9,-9900,?,9,0.0,0.0,E,8
12/15/2012,05:00,0.0,1411.544,0.0,1,8,0.0,1,8,0.0,1,8,0.0,1,8,0.0,1,8,0.0,1,8,-0.0,1,8,-9900,?,9,-9900,?,9,10.74,E,8,8.88,E,8,88.0,E,8,822.9788000000001,E,8,999.0,E,8,0.23,E,8,-9900,?,9,-9900,?,9,0.0,E,8,-9900,?,9,-9900,?,9,0.0,0.0,E,8
12/15/2012,06:00,132.075,1411.544,0.0,1,8,0.0,1,8,0.0,1,8,0.0,1,8,0.0,1,8,0.0,1,8,0.0,1,8,-9900,?,9,-9900,?,9,10.51,E,8,8.96,E,8,90.0,E,8,822.9788000000001,E,8,999.0,E,8,0.31,E,8,-9900,?,9,-9900,?,9,0.0,E,8,-9900,?,9,-9900,?,9,0.0,0.0,E,8
12/15/2012,07:00,444.384,1411.544,72.48,1,8,0.0,1,8,72.48,1,8,8697.6,1,8,0.0,1,8,7972.8,1,8,73.476,1,8,-9900,?,9,-9900,?,9,10.28,E,8,9.05,E,8,92.0,E,8,822.9788000000001,E,8,999.0,E,8,0.23,E,8,-9900,?,9,-9900,?,9,0.0,E,8,-9900,?,9,-9900,?,9,0.0,0.0,E,8
12/15/2012,08:00,742.217,1411.544,208.33,1,8,13.863,1,8,201.046,1,8,24999.6,1,8,1317.005,1,8,22115.065,1,8,121.799,1,8,-9900,?,9,-9900,?,9,13.22,E,8,7.92,E,8,70.0,E,8,822.9788000000001,E,8,999.0,E,8,0.23,E,8,-9900,?,9,-9900,?,9,0.0,E,8,-9900,?,9,-9900,?,9,0.0,0.0,E,8
12/15/2012,09:00,1003.516,1411.544,339.52,1,8,13.384,1,8,330.008,1,8,40742.4,1,8,1271.474,1,8,36300.838,1,8,147.798,1,8,-9900,?,9,-9900,?,9,14.61,E,8,7.35,E,8,61.0,E,8,822.9788000000001,E,8,999.0,E,8,0.32,E,8,-9900,?,9,-9900,?,9,0.0,E,8,-9900,?,9,-9900,?,9,0.0,0.0,E,8
12/15/2012,10:00,1210.27,1411.544,450.83,1,8,10.622,1,8,441.724,1,8,54099.6,1,8,1009.09,1,8,48589.592,1,8,164.006,1,8,-9900,?,9,-9900,?,9,15.89,E,8,6.81,E,8,54.0,E,8,822.9788000000001,E,8,999.0,E,8,0.87,E,8,-9900,?,9,-9900,?,9,0.0,E,8,-9900,?,9,-9900,?,9,0.0,0.0,E,8
12/15/2012,11:00,1348.338,1411.544,533.25,1,8,18.535,1,8,515.545,1,8,63990.0,1,8,1760.837,1,8,56709.987,1,8,171.801,1,8,-9900,?,9,-9900,?,9,17.01,E,8,6.33,E,8,49.0,E,8,822.9788000000001,E,8,999.0,E,8,1.43,E,8,-9900,?,9,-9900,?,9,0.0,E,8,-9900,?,9,-9900,?,9,0.0,0.0,E,8
12/15/2012,12:00,1408.296,1411.544,580.69,1,8,76.688,1,8,504.179,1,8,69682.8,1,8,7285.322,1,8,55459.683,1,8,160.855,1,8,-9900,?,9,-9900,?,9,17.92,E,8,5.92,E,8,45.0,E,8,822.9788000000001,E,8,999.0,E,8,1.85,E,8,-9900,?,9,-9900,?,9,0.0,E,8,-9900,?,9,-9900,?,9,0.0,0.0,E,8
12/15/2012,13:00,1386.057,1411.544,589.73,1,8,87.824,1,8,503.492,1,8,70767.6,1,8,8343.295,1,8,55384.175,1,8,163.215,1,8,-9900,?,9,-9900,?,9,18.59,E,8,5.62,E,8,42.0,E,8,822.9788000000001,E,8,999.0,E,8,2.59,E,8,-9900,?,9,-9900,?,9,0.0,E,8,-9900,?,9,-9900,?,9,0.0,0.0,E,8
12/15/2012,14:00,1283.142,1411.544,559.74,1,8,104.187,1,8,465.037,1,8,67168.8,1,8,9897.718,1,8,51154.037,1,8,162.848,1,8,-9900,?,9,-9900,?,9,19.02,E,8,5.42,E,8,40.0,E,8,822.9788000000001,E,8,999.0,E,8,2.97,E,8,-9900,?,9,-9900,?,9,0.0,E,8,-9900,?,9,-9900,?,9,0.0,0.0,E,8
12/15/2012,15:00,1106.579,1411.544,492.85,1,8,92.533,1,8,420.322,1,8,59142.0,1,8,8790.671,1,8,46235.41,1,8,170.696,1,8,-9900,?,9,-9900,?,9,19.2,E,8,5.34,E,8,40.0,E,8,822.9788000000001,E,8,999.0,E,8,2.69,E,8,-9900,?,9,-9900,?,9,0.0,E,8,-9900,?,9,-9900,?,9,0.0,0.0,E,8
12/15/2012,16:00,868.433,1411.544,393.94,1,8,142.816,1,8,306.117,1,8,47272.8,1,8,13567.53,1,8,33672.832,1,8,158.454,1,8,-9900,?,9,-9900,?,9,19.09,E,8,5.39,E,8,40.0,E,8,822.9788000000001,E,8,999.0,E,8,2.27,E,8,-9900,?,9,-9900,?,9,0.0,E,8,-9900,?,9,-9900,?,9,0.0,0.0,E,8
12/15/2012,17:00,585.044,1411.544,270.59,1,8,177.272,1,8,197.219,1,8,32470.8,1,8,16840.832,1,8,21694.108,1,8,151.676,1,8,-9900,?,9,-9900,?,9,18.6,E,8,5.61,E,8,42.0,E,8,822.9788000000001,E,8,999.0,E,8,1.63,E,8,-9900,?,9,-9900,?,9,0.0,E,8,-9900,?,9,-9900,?,9,0.0,0.0,E,8
12/15/2012,18:00,276.279,1411.544,134.13,1,8,359.756,1,8,64.213,1,8,16095.6,1,8,34176.828,1,8,7063.447,1,8,105.172,1,8,-9900,?,9,-9900,?,9,17.78,E,8,5.99,E,8,45.0,E,8,822.9788000000001,E,8,999.0,E,8,0.52,E,8,-9900,?,9,-9900,?,9,0.0,E,8,-9900,?,9,-9900,?,9,0.0,0.0,E,8
12/15/2012,19:00,0.0,1411.544,13.87,1,8,0.0,1,8,0.0,1,8,1664.4,1,8,0.0,1,8,0.0,1,8,-0.0,1,8,-9900,?,9,-9900,?,9,16.93,E,8,6.36,E,8,49.0,E,8,822.9788000000001,E,8,999.0,E,8,0.23,E,8,-9900,?,9,-9900,?,9,0.0,E,8,-9900,?,9,-9900,?,9,0.0,0.0,E,8
12/15/2012,20:00,0.0,1411.544,0.0,1,8,0.0,1,8,0.0,1,8,0.0,1,8,0.0,1,8,0.0,1,8,-0.0,1,8,-9900,?,9,-9900,?,9,16.09,E,8,6.73,E,8,53.0,E,8,822.9788000000001,E,8,999.0,E,8,0.23,E,8,-9900,?,9,-9900,?,9,0.0,E,8,-9900,?,9,-9900,?,9,0.0,0.0,E,8
12/15/2012,21:00,0.0,1411.544,0.0,1,8,0.0,1,8,0.0,1,8,0.0,1,8,0.0,1,8,0.0,1,8,-0.0,1,8,-9900,?,9,-9900,?,9,15.24,E,8,7.09,E,8,58.0,E,8,822.9788000000001,E,8,999.0,E,8,0.23,E,8,-9900,?,9,-9900,?,9,0.0,E,8,-9900,?,9,-9900,?,9,0.0,0.0,E,8
12/15/2012,22:00,0.0,1411.544,0.0,1,8,0.0,1,8,0.0,1,8,0.0,1,8,0.0,1,8,0.0,1,8,-0.0,1,8,-9900,?,9,-9900,?,9,14.4,E,8,7.44,E,8,62.0,E,8,822.9788000000001,E,8,999.0,E,8,0.23,E,8,-9900,?,9,-9900,?,9,0.0,E,8,-9900,?,9,-9900,?,9,0.0,0.0,E,8
12/15/2012,23:00,0.0,1411.544,0.0,1,8,0.0,1,8,0.0,1,8,0.0,1,8,0.0,1,8,0.0,1,8,-0.0,1,8,-9900,?,9,-9900,?,9,13.55,E,8,7.78,E,8,68.0,E,8,822.9788000000001,E,8,999.0,E,8,0.23,E,8,-9900,?,9,-9900,?,9,0.0,E,8,-9900,?,9,-9900,?,9,0.0,0.0,E,8
12/15/2012,24:00,0.0,1411.544,0.0,1,8,0.0,1,8,0.0,1,8,0.0,1,8,0.0,1,8,0.0,1,8,-0.0,1,8,-9900,?,9,-9900,?,9,12.71,E,8,8.05,E,8,73.0,E,8,822.9788000000001,E,8,999.0,E,8,0.63,E,8,-9900,?,9,-9900,?,9,0.0,E,8,-9900,?,9,-9900,?,9,0.0,0.0,E,8
12/16/2012,01:00,0.0,1411.544,0.0,1,8,0.0,1,8,0.0,1,8,0.0,1,8,0.0,1,8,0.0,1,8,-0.0,1,8,-9900,?,9,-9900,?,9,12.29,E,8,8.3,E,8,76.0,E,8,822.9788000000001,E,8,999.0,E,8,0.63,E,8,-9900,?,9,-9900,?,9,0.0,E,8,-9900,?,9,-9900,?,9,0.0,0.0,E,8
12/16/2012,02:00,0.0,1411.544,0.0,1,8,0.0,1,8,0.0,1,8,0.0,1,8,0.0,1,8,0.0,1,8,-0.0,1,8,-9900,?,9,-9900,?,9,11.86,E,8,8.56,E,8,80.0,E,8,822.9788000000001,E,8,999.0,E,8,0.63,E,8,-9900,?,9,-9900,?,9,0.0,E,8,-9900,?,9,-9900,?,9,0.0,0.0,E,8
12/16/2012,03:00,0.0,1411.544,0.0,1,8,0.0,1,8,0.0,1,8,0.0,1,8,0.0,1,8,0.0,1,8,-0.0,1,8,-9900,?,9,-9900,?,9,11.44,E,8,8.81,E,8,83.0,E,8,822.9788000000001,E,8,999.0,E,8,0.63,E,8,-9900,?,9,-9900,?,9,0.0,E,8,-9900,?,9,-9900,?,9,0.0,0.0,E,8
12/16/2012,04:00,0.0,1411.805,0.0,1,8,0.0,1,8,0.0,1,8,0.0,1,8,0.0,1,8,0.0,1,8,-0.0,1,8,-9900,?,9,-9900,?,9,11.02,E,8,9.05,E,8,87.0,E,8,822.9788000000001,E,8,999.0,E,8,0.63,E,8,-9900,?,9,-9900,?,9,0.0,E,8,-9900,?,9,-9900,?,9,0.0,0.0,E,8
12/16/2012,05:00,0.0,1411.805,0.0,1,8,0.0,1,8,0.0,1,8,0.0,1,8,0.0,1,8,0.0,1,8,-0.0,1,8,-9900,?,9,-9900,?,9,10.64,E,8,9.27,E,8,91.0,E,8,822.9788000000001,E,8,999.0,E,8,0.63,E,8,-9900,?,9,-9900,?,9,0.0,E,8,-9900,?,9,-9900,?,9,0.0,0.0,E,8
12/16/2012,06:00,129.99,1411.805,0.0,1,8,0.0,1,8,0.0,1,8,0.0,1,8,0.0,1,8,0.0,1,8,0.0,1,8,-9900,?,9,-9900,?,9,10.36,E,8,9.42,E,8,93.0,E,8,822.9788000000001,E,8,999.0,E,8,0.63,E,8,-9900,?,9,-9900,?,9,0.0,E,8,-9900,?,9,-9900,?,9,0.0,0.0,E,8
12/16/2012,07:00,442.25,1411.805,71.01,1,8,0.0,1,8,71.01,1,8,8521.2,1,8,0.0,1,8,7811.1,1,8,72.349,1,8,-9900,?,9,-9900,?,9,10.09,E,8,9.57,E,8,96.0,E,8,822.9788000000001,E,8,999.0,E,8,0.63,E,8,-9900,?,9,-9900,?,9,0.0,E,8,-9900,?,9,-9900,?,9,0.0,0.0,E,8
12/16/2012,08:00,740.247,1411.805,205.73,1,8,13.227,1,8,198.8,1,8,24687.6,1,8,1256.523,1,8,21868.036,1,8,120.782,1,8,-9900,?,9,-9900,?,9,13.28,E,8,7.7,E,8,68.0,E,8,822.9788000000001,E,8,999.0,E,8,0.63,E,8,-9900,?,9,-9900,?,9,0.0,E,8,-9900,?,9,-9900,?,9,0.0,0.0,E,8
12/16/2012,09:00,1001.877,1411.805,336.0,1,8,12.981,1,8,326.79,1,8,40320.0,1,8,1233.238,1,8,35946.953,1,8,146.624,1,8,-9900,?,9,-9900,?,9,14.79,E,8,6.73,E,8,58.0,E,8,822.9788000000001,E,8,999.0,E,8,0.63,E,8,-9900,?,9,-9900,?,9,0.0,E,8,-9900,?,9,-9900,?,9,0.0,0.0,E,8
12/16/2012,10:00,1209.103,1411.805,446.63,1,8,10.32,1,8,437.792,1,8,53595.6,1,8,980.437,1,8,48157.155,1,8,162.733,1,8,-9900,?,9,-9900,?,9,16.19,E,8,5.77,E,8,50.0,E,8,822.9788000000001,E,8,999.0,E,8,0.63,E,8,-9900,?,9,-9900,?,9,0.0,E,8,-9900,?,9,-9900,?,9,0.0,0.0,E,8
12/16/2012,11:00,1347.751,1411.805,528.66,1,8,18.001,1,8,511.476,1,8,63439.2,1,8,1710.107,1,8,56262.369,1,8,170.55,1,8,-9900,?,9,-9900,?,9,17.41,E,8,4.89,E,8,43.0,E,8,822.9788000000001,E,8,999.0,E,8,0.63,E,8,-9900,?,9,-9900,?,9,0.0,E,8,-9900,?,9,-9900,?,9,0.0,0.0,E,8
12/16/2012,12:00,1408.358,1411.805,576.02,1,8,20.209,1,8,555.86,1,8,69122.4,1,8,1919.889,1,8,61144.602,1,8,177.369,1,8,-9900,?,9,-9900,?,9,18.4,E,8,4.14,E,8,38.0,E,8,822.9788000000001,E,8,999.0,E,8,0.63,E,8,-9900,?,9,-9900,?,9,0.0,E,8,-9900,?,9,-9900,?,9,0.0,0.0,E,8
12/16/2012,13:00,1386.791,1411.805,585.31,1,8,85.099,1,8,501.72,1,8,70237.2,1,8,8084.405,1,8,55189.163,1,8,162.585,1,8,-9900,?,9,-9900,?,9,19.14,E,8,3.55,E,8,35.0,E,8,822.9788000000001,E,8,999.0,E,8,0.63,E,8,-9900,?,9,-9900,?,9,0.0,E,8,-9900,?,9,-9900,?,9,0.0,0.0,E,8
12/16/2012,14:00,1284.525,1411.805,555.86,1,8,100.834,1,8,464.122,1,8,66703.2,1,8,9579.226,1,8,51053.453,1,8,162.383,1,8,-9900,?,9,-9900,?,9,19.61,E,8,3.16,E,8,33.0,E,8,822.9788000000001,E,8,999.0,E,8,0.63,E,8,-9900,?,9,-9900,?,9,0.0,E,8,-9900,?,9,-9900,?,9,0.0,0.0,E,8
12/16/2012,15:00,1108.541,1411.805,489.78,1,8,89.474,1,8,419.539,1,8,58773.6,1,8,8500.004,1,8,46149.247,1,8,170.108,1,8,-9900,?,9,-9900,?,9,19.8,E,8,3.0,E,8,32.0,E,8,822.9788000000001,E,8,999.0,E,8,1.96,E,8,-9900,?,9,-9900,?,9,0.0,E,8,-9900,?,9,-9900,?,9,0.0,0.0,E,8
12/16/2012,16:00,870.868,1411.805,391.88,1,8,138.007,1,8,306.792,1,8,47025.6,1,8,13110.646,1,8,33747.077,1,8,158.389,1,8,-9900,?,9,-9900,?,9,19.69,E,8,3.1,E,8,33.0,E,8,822.9788000000001,E,8,999.0,E,8,0.84,E,8,-9900,?,9,-9900,?,9,0.0,E,8,-9900,?,9,-9900,?,9,0.0,0.0,E,8
12/16/2012,17:00,587.808,1411.805,269.66,1,8,171.274,1,8,198.449,1,8,32359.2,1,8,16271.011,1,8,21829.385,1,8,151.93,1,8,-9900,?,9,-9900,?,9,19.16,E,8,3.53,E,8,35.0,E,8,822.9788000000001,E,8,999.0,E,8,0.63,E,8,-9900,?,9,-9900,?,9,0.0,E,8,-9900,?,9,-9900,?,9,0.0,0.0,E,8
12/16/2012,18:00,279.196,1411.805,134.31,1,8,348.144,1,8,65.938,1,8,16117.2,1,8,33073.664,1,8,7253.203,1,8,106.873,1,8,-9900,?,9,-9900,?,9,18.27,E,8,4.24,E,8,39.0,E,8,822.9788000000001,E,8,999.0,E,8,0.63,E,8,-9900,?,9,-9900,?,9,0.0,E,8,-9900,?,9,-9900,?,9,0.0,0.0,E,8
12/16/2012,19:00,0.0,1411.805,14.47,1,8,0.0,1,8,0.0,1,8,1736.4,1,8,0.0,1,8,0.0,1,8,-0.0,1,8,-9900,?,9,-9900,?,9,17.51,E,8,4.81,E,8,43.0,E,8,822.9788000000001,E,8,999.0,E,8,0.63,E,8,-9900,?,9,-9900,?,9,0.0,E,8,-9900,?,9,-9900,?,9,0.0,0.0,E,8
12/16/2012,20:00,0.0,1411.805,0.0,1,8,0.0,1,8,0.0,1,8,0.0,1,8,0.0,1,8,0.0,1,8,-0.0,1,8,-9900,?,9,-9900,?,9,16.74,E,8,5.38,E,8,46.0,E,8,822.9788000000001,E,8,999.0,E,8,0.63,E,8,-9900,?,9,-9900,?,9,0.0,E,8,-9900,?,9,-9900,?,9,0.0,0.0,E,8
12/16/2012,21:00,0.0,1411.805,0.0,1,8,0.0,1,8,0.0,1,8,0.0,1,8,0.0,1,8,0.0,1,8,-0.0,1,8,-9900,?,9,-9900,?,9,15.98,E,8,5.92,E,8,51.0,E,8,822.9788000000001,E,8,999.0,E,8,0.63,E,8,-9900,?,9,-9900,?,9,0.0,E,8,-9900,?,9,-9900,?,9,0.0,0.0,E,8
12/16/2012,22:00,0.0,1411.805,0.0,1,8,0.0,1,8,0.0,1,8,0.0,1,8,0.0,1,8,0.0,1,8,-0.0,1,8,-9900,?,9,-9900,?,9,15.22,E,8,6.44,E,8,55.0,E,8,822.9788000000001,E,8,999.0,E,8,0.63,E,8,-9900,?,9,-9900,?,9,0.0,E,8,-9900,?,9,-9900,?,9,0.0,0.0,E,8
12/16/2012,23:00,0.0,1411.805,0.0,1,8,0.0,1,8,0.0,1,8,0.0,1,8,0.0,1,8,0.0,1,8,-0.0,1,8,-9900,?,9,-9900,?,9,14.46,E,8,6.94,E,8,60.0,E,8,822.9788000000001,E,8,999.0,E,8,0.63,E,8,-9900,?,9,-9900,?,9,0.0,E,8,-9900,?,9,-9900,?,9,0.0,0.0,E,8
12/16/2012,24:00,0.0,1411.805,0.0,1,8,0.0,1,8,0.0,1,8,0.0,1,8,0.0,1,8,0.0,1,8,-0.0,1,8,-9900,?,9,-9900,?,9,13.69,E,8,12.16,E,8,90.0,E,8,822.9788000000001,E,8,999.0,E,8,0.66,E,8,-9900,?,9,-9900,?,9,0.0,E,8,-9900,?,9,-9900,?,9,0.0,0.0,E,8
12/17/2012,01:00,0.0,1411.805,0.0,1,8,0.0,1,8,0.0,1,8,0.0,1,8,0.0,1,8,0.0,1,8,-0.0,1,8,-9900,?,9,-9900,?,9,13.31,E,8,12.03,E,8,91.0,E,8,822.9788000000001,E,8,999.0,E,8,0.66,E,8,-9900,?,9,-9900,?,9,0.0,E,8,-9900,?,9,-9900,?,9,0.0,0.0,E,8
12/17/2012,02:00,0.0,1411.805,0.0,1,8,0.0,1,8,0.0,1,8,0.0,1,8,0.0,1,8,0.0,1,8,-0.0,1,8,-9900,?,9,-9900,?,9,12.93,E,8,11.9,E,8,98.0,E,8,822.9788000000001,E,8,999.0,E,8,0.66,E,8,-9900,?,9,-9900,?,9,0.002,E,8,-9900,?,9,-9900,?,9,0.02,99.0,E,8
12/17/2012,03:00,0.0,1411.805,0.0,1,8,0.0,1,8,0.0,1,8,0.0,1,8,0.0,1,8,0.0,1,8,-0.0,1,8,-9900,?,9,-9900,?,9,12.55,E,8,11.76,E,8,94.0,E,8,822.9788000000001,E,8,999.0,E,8,0.66,E,8,-9900,?,9,-9900,?,9,0.0,E,8,-9900,?,9,-9900,?,9,0.0,0.0,E,8
12/17/2012,04:00,0.0,1412.053,0.0,1,8,0.0,1,8,0.0,1,8,0.0,1,8,0.0,1,8,0.0,1,8,-0.0,1,8,-9900,?,9,-9900,?,9,12.17,E,8,11.63,E,8,96.0,E,8,822.9788000000001,E,8,999.0,E,8,0.66,E,8,-9900,?,9,-9900,?,9,0.0,E,8,-9900,?,9,-9900,?,9,0.0,0.0,E,8
12/17/2012,05:00,0.0,1412.053,0.0,1,8,0.0,1,8,0.0,1,8,0.0,1,8,0.0,1,8,0.0,1,8,-0.0,1,8,-9900,?,9,-9900,?,9,11.83,E,8,11.5,E,8,97.0,E,8,822.9788000000001,E,8,999.0,E,8,0.66,E,8,-9900,?,9,-9900,?,9,0.0,E,8,-9900,?,9,-9900,?,9,0.0,0.0,E,8
12/17/2012,06:00,127.824,1412.053,0.0,1,8,0.0,1,8,0.0,1,8,0.0,1,8,0.0,1,8,0.0,1,8,0.0,1,8,-9900,?,9,-9900,?,9,11.58,E,8,11.41,E,8,98.0,E,8,822.9788000000001,E,8,999.0,E,8,0.66,E,8,-9900,?,9,-9900,?,9,0.0,E,8,-9900,?,9,-9900,?,9,0.0,0.0,E,8
12/17/2012,07:00,440.044,1412.053,76.04,1,8,0.0,1,8,76.04,1,8,9124.8,1,8,0.0,1,8,8364.4,1,8,77.878,1,8,-9900,?,9,-9900,?,9,11.33,E,8,11.32,E,8,99.0,E,8,822.9788000000001,E,8,999.0,E,8,0.66,E,8,-9900,?,9,-9900,?,9,0.0,E,8,-9900,?,9,-9900,?,9,0.0,0.0,E,8
12/17/2012,08:00,738.219,1412.053,200.39,1,8,8.054,1,8,196.183,1,8,24046.8,1,8,765.103,1,8,21580.108,1,8,119.54,1,8,-9900,?,9,-9900,?,9,14.67,E,8,12.5,E,8,86.0,E,8,822.9788000000001,E,8,999.0,E,8,0.66,E,8,-9900,?,9,-9900,?,9,0.0,E,8,-9900,?,9,-9900,?,9,0.0,0.0,E,8
12/17/2012,09:00,1000.195,1412.053,320.3,1,8,36.631,1,8,294.361,1,8,38436.0,1,8,3479.974,1,8,32379.67,1,8,132.319,1,8,-9900,?,9,-9900,?,9,16.14,E,8,12.99,E,8,81.0,E,8,822.9788000000001,E,8,999.0,E,8,0.66,E,8,-9900,?,9,-9900,?,9,0.0,E,8,-9900,?,9,-9900,?,9,0.0,0.0,E,8
12/17/2012,10:00,1207.905,1412.053,321.68,1,8,9.642,1,8,313.433,1,8,38601.6,1,8,915.979,1,8,34477.628,1,8,116.643,1,8,-9900,?,9,-9900,?,9,16.88,E,8,13.23,E,8,78.0,E,8,822.9788000000001,E,8,999.0,E,8,0.66,E,8,-9900,?,9,-9900,?,9,0.0,E,8,-9900,?,9,-9900,?,9,0.0,0.0,E,8
12/17/2012,11:00,1347.144,1412.053,237.72,1,8,2.791,1,8,235.057,1,8,28526.4,1,8,265.141,1,8,25856.315,1,8,78.428,1,8,-9900,?,9,-9900,?,9,16.92,E,8,13.24,E,8,78.0,E,8,822.9788000000001,E,8,999.0,E,8,0.66,E,8,-9900,?,9,-9900,?,9,0.0,E,8,-9900,?,9,-9900,?,9,0.0,0.0,E,8
12/17/2012,12:00,1408.406,1412.053,345.37,1,8,4.975,1,8,340.408,1,8,41444.4,1,8,472.587,1,8,37444.907,1,8,108.636,1,8,-9900,?,9,-9900,?,9,17.38,E,8,13.39,E,8,77.0,E,8,822.9788000000001,E,8,999.0,E,8,0.66,E,8,-9900,?,9,-9900,?,9,0.0,E,8,-9900,?,9,-9900,?,9,0.0,0.0,E,8
12/17/2012,13:00,1387.514,1412.053,351.12,1,8,20.214,1,8,331.258,1,8,42134.4,1,8,1920.305,1,8,36438.352,1,8,107.309,1,8,-9900,?,9,-9900,?,9,17.73,E,8,13.5,E,8,81.0,E,8,822.9788000000001,E,8,999.0,E,8,1.1,E,8,-9900,?,9,-9900,?,9,0.001,E,8,-9900,?,9,-9900,?,9,0.01,99.0,E,8
12/17/2012,14:00,1285.896,1412.053,333.65,1,8,19.808,1,8,315.613,1,8,40038.0,1,8,1881.789,1,8,34717.378,1,8,110.325,1,8,-9900,?,9,-9900,?,9,17.94,E,8,13.57,E,8,75.0,E,8,822.9788000000001,E,8,999.0,E,8,1.02,E,8,-9900,?,9,-9900,?,9,0.0,E,8,-9900,?,9,-9900,?,9,0.0,0.0,E,8
12/17/2012,15:00,1110.488,1412.053,294.19,1,8,2.322,1,8,292.364,1,8,35302.8,1,8,220.567,1,8,32160.086,1,8,118.356,1,8,-9900,?,9,-9900,?,9,18.0,E,8,13.59,E,8,85.0,E,8,822.9788000000001,E,8,999.0,E,8,0.66,E,8,-9900,?,9,-9900,?,9,0.191,E,8,-9900,?,9,-9900,?,9,1.91,99.0,E,8
12/17/2012,16:00,873.279,1412.053,165.14,1,8,4.298,1,8,162.483,1,8,19816.8,1,8,408.305,1,8,17873.153,1,8,83.669,1,8,-9900,?,9,-9900,?,9,17.54,E,8,13.44,E,8,76.0,E,8,822.9788000000001,E,8,999.0,E,8,0.66,E,8,-9900,?,9,-9900,?,9,0.0,E,8,-9900,?,9,-9900,?,9,0.0,0.0,E,8
12/17/2012,17:00,590.538,1412.053,162.41,1,8,10.961,1,8,157.832,1,8,19489.2,1,8,1041.256,1,8,17361.569,1,8,120.295,1,8,-9900,?,9,-9900,?,9,17.16,E,8,13.32,E,8,77.0,E,8,822.9788000000001,E,8,999.0,E,8,0.66,E,8,-9900,?,9,-9900,?,9,0.0,E,8,-9900,?,9,-9900,?,9,0.0,0.0,E,8
12/17/2012,18:00,282.068,1412.053,81.27,1,8,17.062,1,8,77.885,1,8,9752.4,1,8,1620.881,1,8,8567.337,1,8,124.956,1,8,-9900,?,9,-9900,?,9,16.56,E,8,13.13,E,8,85.0,E,8,822.9788000000001,E,8,999.0,E,8,0.66,E,8,-9900,?,9,-9900,?,9,0.006,E,8,-9900,?,9,-9900,?,9,0.06,99.0,E,8
12/17/2012,19:00,0.0,1412.053,9.1,1,8,0.0,1,8,0.0,1,8,1092.0,1,8,0.0,1,8,0.0,1,8,-0.0,1,8,-9900,?,9,-9900,?,9,15.83,E,8,12.89,E,8,82.0,E,8,822.9788000000001,E,8,999.0,E,8,0.66,E,8,-9900,?,9,-9900,?,9,0.0,E,8,-9900,?,9,-9900,?,9,0.0,0.0,E,8
12/17/2012,20:00,0.0,1412.053,0.0,1,8,0.0,1,8,0.0,1,8,0.0,1,8,0.0,1,8,0.0,1,8,-0.0,1,8,-9900,?,9,-9900,?,9,15.19,E,8,12.67,E,8,84.0,E,8,822.9788000000001,E,8,999.0,E,8,0.67,E,8,-9900,?,9,-9900,?,9,0.0,E,8,-9900,?,9,-9900,?,9,0.0,0.0,E,8
12/17/2012,21:00,0.0,1412.053,0.0,1,8,0.0,1,8,0.0,1,8,0.0,1,8,0.0,1,8,0.0,1,8,-0.0,1,8,-9900,?,9,-9900,?,9,14.55,E,8,12.46,E,8,87.0,E,8,822.9788000000001,E,8,999.0,E,8,0.66,E,8,-9900,?,9,-9900,?,9,0.0,E,8,-9900,?,9,-9900,?,9,0.0,0.0,E,8
12/17/2012,22:00,0.0,1412.053,0.0,1,8,0.0,1,8,0.0,1,8,0.0,1,8,0.0,1,8,0.0,1,8,-0.0,1,8,-9900,?,9,-9900,?,9,13.91,E,8,12.24,E,8,89.0,E,8,822.9788000000001,E,8,999.0,E,8,0.66,E,8,-9900,?,9,-9900,?,9,0.0,E,8,-9900,?,9,-9900,?,9,0.0,0.0,E,8
12/17/2012,23:00,0.0,1412.053,0.0,1,8,0.0,1,8,0.0,1,8,0.0,1,8,0.0,1,8,0.0,1,8,-0.0,1,8,-9900,?,9,-9900,?,9,13.27,E,8,12.01,E,8,92.0,E,8,822.9788000000001,E,8,999.0,E,8,0.68,E,8,-9900,?,9,-9900,?,9,0.0,E,8,-9900,?,9,-9900,?,9,0.0,0.0,E,8
12/17/2012,24:00,0.0,1412.053,0.0,1,8,0.0,1,8,0.0,1,8,0.0,1,8,0.0,1,8,0.0,1,8,-0.0,1,8,-9900,?,9,-9900,?,9,12.63,E,8,10.63,E,8,83.0,E,8,822.9788000000001,E,8,999.0,E,8,0.65,E,8,-9900,?,9,-9900,?,9,0.0,E,8,-9900,?,9,-9900,?,9,0.0,0.0,E,8
12/18/2012,01:00,0.0,1412.053,0.0,1,8,0.0,1,8,0.0,1,8,0.0,1,8,0.0,1,8,0.0,1,8,-0.0,1,8,-9900,?,9,-9900,?,9,12.31,E,8,10.55,E,8,88.0,E,8,822.9788000000001,E,8,999.0,E,8,1.05,E,8,-9900,?,9,-9900,?,9,0.002,E,8,-9900,?,9,-9900,?,9,0.02,99.0,E,8
12/18/2012,02:00,0.0,1412.053,0.0,1,8,0.0,1,8,0.0,1,8,0.0,1,8,0.0,1,8,0.0,1,8,-0.0,1,8,-9900,?,9,-9900,?,9,11.99,E,8,10.47,E,8,90.0,E,8,822.9788000000001,E,8,999.0,E,8,0.65,E,8,-9900,?,9,-9900,?,9,0.001,E,8,-9900,?,9,-9900,?,9,0.01,99.0,E,8
12/18/2012,03:00,0.0,1412.053,0.0,1,8,0.0,1,8,0.0,1,8,0.0,1,8,0.0,1,8,0.0,1,8,-0.0,1,8,-9900,?,9,-9900,?,9,11.67,E,8,10.39,E,8,91.0,E,8,822.9788000000001,E,8,999.0,E,8,0.65,E,8,-9900,?,9,-9900,?,9,0.005,E,8,-9900,?,9,-9900,?,9,0.05,99.0,E,8
12/18/2012,04:00,0.0,1412.286,0.0,1,8,0.0,1,8,0.0,1,8,0.0,1,8,0.0,1,8,0.0,1,8,-0.0,1,8,-9900,?,9,-9900,?,9,11.35,E,8,10.3,E,8,96.0,E,8,822.9788000000001,E,8,999.0,E,8,0.65,E,8,-9900,?,9,-9900,?,9,0.361,E,8,-9900,?,9,-9900,?,9,3.61,99.0,E,8
12/18/2012,05:00,0.0,1412.286,0.0,1,8,0.0,1,8,0.0,1,8,0.0,1,8,0.0,1,8,0.0,1,8,-0.0,1,8,-9900,?,9,-9900,?,9,11.06,E,8,10.23,E,8,93.0,E,8,822.9788000000001,E,8,999.0,E,8,0.65,E,8,-9900,?,9,-9900,?,9,0.019,E,8,-9900,?,9,-9900,?,9,0.19,99.0,E,8
12/18/2012,06:00,125.578,1412.286,0.0,1,8,0.0,1,8,0.0,1,8,0.0,1,8,0.0,1,8,0.0,1,8,0.0,1,8,-9900,?,9,-9900,?,9,10.85,E,8,10.17,E,8,94.0,E,8,822.9788000000001,E,8,999.0,E,8,0.65,E,8,-9900,?,9,-9900,?,9,0.009,E,8,-9900,?,9,-9900,?,9,0.09,99.0,E,8
12/18/2012,07:00,437.769,1412.286,100.84,1,8,0.0,1,8,100.84,1,8,12100.8,1,8,0.0,1,8,11092.4,1,8,103.835,1,8,-9900,?,9,-9900,?,9,10.64,E,8,10.12,E,8,91.0,E,8,822.9788000000001,E,8,999.0,E,8,0.65,E,8,-9900,?,9,-9900,?,9,0.0,E,8,-9900,?,9,-9900,?,9,0.0,0.0,E,8
12/18/2012,08:00,736.138,1412.286,204.96,1,8,9.084,1,8,200.229,1,8,24595.2,1,8,863.026,1,8,22025.138,1,8,122.372,1,8,-9900,?,9,-9900,?,9,14.71,E,8,11.16,E,8,76.0,E,8,822.9788000000001,E,8,999.0,E,8,0.65,E,8,-9900,?,9,-9900,?,9,0.0,E,8,-9900,?,9,-9900,?,9,0.0,0.0,E,8
12/18/2012,09:00,998.471,1412.286,219.61,1,8,4.178,1,8,216.657,1,8,26353.2,1,8,396.935,1,8,23832.256,1,8,97.575,1,8,-9900,?,9,-9900,?,9,15.3,E,8,11.3,E,8,75.0,E,8,822.9788000000001,E,8,999.0,E,8,0.65,E,8,-9900,?,9,-9900,?,9,0.0,E,8,-9900,?,9,-9900,?,9,0.0,0.0,E,8
12/18/2012,10:00,1206.679,1412.286,320.72,1,8,10.744,1,8,311.541,1,8,38486.4,1,8,1020.646,1,8,34269.562,1,8,116.076,1,8,-9900,?,9,-9900,?,9,16.27,E,8,11.54,E,8,72.0,E,8,822.9788000000001,E,8,999.0,E,8,0.65,E,8,-9900,?,9,-9900,?,9,0.0,E,8,-9900,?,9,-9900,?,9,0.0,0.0,E,8
12/18/2012,11:00,1346.517,1412.286,380.19,1,8,22.346,1,8,358.885,1,8,45622.8,1,8,2122.906,1,8,39477.338,1,8,119.82,1,8,-9900,?,9,-9900,?,9,17.17,E,8,11.76,E,8,73.0,E,8,822.9788000000001,E,8,999.0,E,8,0.65,E,8,-9900,?,9,-9900,?,9,0.003,E,8,-9900,?,9,-9900,?,9,0.03,99.0,E,8
12/18/2012,12:00,1408.441,1412.286,414.75,1,8,37.661,1,8,377.192,1,8,49770.0,1,8,3577.785,1,8,41491.087,1,8,120.392,1,8,-9900,?,9,-9900,?,9,17.92,E,8,11.94,E,8,67.0,E,8,822.9788000000001,E,8,999.0,E,8,0.65,E,8,-9900,?,9,-9900,?,9,0.0,E,8,-9900,?,9,-9900,?,9,0.0,0.0,E,8
12/18/2012,13:00,1388.226,1412.286,285.13,1,8,3.197,1,8,281.988,1,8,34215.6,1,8,303.707,1,8,31018.634,1,8,91.316,1,8,-9900,?,9,-9900,?,9,17.96,E,8,11.95,E,8,67.0,E,8,822.9788000000001,E,8,999.0,E,8,0.65,E,8,-9900,?,9,-9900,?,9,0.0,E,8,-9900,?,9,-9900,?,9,0.0,0.0,E,8
12/18/2012,14:00,1287.254,1412.286,401.13,1,8,42.164,1,8,362.701,1,8,48135.6,1,8,4005.588,1,8,39897.116,1,8,126.673,1,8,-9900,?,9,-9900,?,9,18.38,E,8,12.05,E,8,66.0,E,8,822.9788000000001,E,8,999.0,E,8,0.76,E,8,-9900,?,9,-9900,?,9,0.0,E,8,-9900,?,9,-9900,?,9,0.0,0.0,E,8
12/18/2012,15:00,1112.418,1412.286,353.93,1,8,3.607,1,8,351.089,1,8,42471.6,1,8,342.662,1,8,38619.834,1,8,141.906,1,8,-9900,?,9,-9900,?,9,18.57,E,8,12.09,E,8,65.0,E,8,822.9788000000001,E,8,999.0,E,8,0.84,E,8,-9900,?,9,-9900,?,9,0.0,E,8,-9900,?,9,-9900,?,9,0.0,0.0,E,8
12/18/2012,16:00,875.665,1412.286,199.98,1,8,7.949,1,8,195.054,1,8,23997.6,1,8,755.167,1,8,21455.895,1,8,100.183,1,8,-9900,?,9,-9900,?,9,18.13,E,8,11.99,E,8,67.0,E,8,822.9788000000001,E,8,999.0,E,8,1.01,E,8,-9900,?,9,-9900,?,9,0.0,E,8,-9900,?,9,-9900,?,9,0.0,0.0,E,8
12/18/2012,17:00,593.232,1412.286,172.82,1,8,15.801,1,8,166.192,1,8,20738.4,1,8,1501.108,1,8,18281.092,1,8,126.11,1,8,-9900,?,9,-9900,?,9,17.65,E,8,11.87,E,8,68.0,E,8,822.9788000000001,E,8,999.0,E,8,0.65,E,8,-9900,?,9,-9900,?,9,0.0,E,8,-9900,?,9,-9900,?,9,0.0,0.0,E,8
12/18/2012,18:00,284.891,1412.286,98.48,1,8,83.369,1,8,81.774,1,8,11817.6,1,8,7920.011,1,8,8995.195,1,8,129.9,1,8,-9900,?,9,-9900,?,9,16.98,E,8,11.71,E,8,70.0,E,8,822.9788000000001,E,8,999.0,E,8,0.65,E,8,-9900,?,9,-9900,?,9,0.0,E,8,-9900,?,9,-9900,?,9,0.0,0.0,E,8
12/18/2012,19:00,0.0,1412.286,11.45,1,8,0.0,1,8,0.0,1,8,1374.0,1,8,0.0,1,8,0.0,1,8,-0.0,1,8,-9900,?,9,-9900,?,9,16.1,E,8,11.5,E,8,72.0,E,8,822.9788000000001,E,8,999.0,E,8,0.65,E,8,-9900,?,9,-9900,?,9,0.0,E,8,-9900,?,9,-9900,?,9,0.0,0.0,E,8
12/18/2012,20:00,0.0,1412.286,0.0,1,8,0.0,1,8,0.0,1,8,0.0,1,8,0.0,1,8,0.0,1,8,-0.0,1,8,-9900,?,9,-9900,?,9,15.43,E,8,11.34,E,8,74.0,E,8,822.9788000000001,E,8,999.0,E,8,0.65,E,8,-9900,?,9,-9900,?,9,0.0,E,8,-9900,?,9,-9900,?,9,0.0,0.0,E,8
12/18/2012,21:00,0.0,1412.286,0.0,1,8,0.0,1,8,0.0,1,8,0.0,1,8,0.0,1,8,0.0,1,8,-0.0,1,8,-9900,?,9,-9900,?,9,14.77,E,8,11.17,E,8,76.0,E,8,822.9788000000001,E,8,999.0,E,8,0.65,E,8,-9900,?,9,-9900,?,9,0.0,E,8,-9900,?,9,-9900,?,9,0.0,0.0,E,8
12/18/2012,22:00,0.0,1412.286,0.0,1,8,0.0,1,8,0.0,1,8,0.0,1,8,0.0,1,8,0.0,1,8,-0.0,1,8,-9900,?,9,-9900,?,9,14.1,E,8,11.01,E,8,78.0,E,8,822.9788000000001,E,8,999.0,E,8,0.65,E,8,-9900,?,9,-9900,?,9,0.0,E,8,-9900,?,9,-9900,?,9,0.0,0.0,E,8
12/18/2012,23:00,0.0,1412.286,0.0,1,8,0.0,1,8,0.0,1,8,0.0,1,8,0.0,1,8,0.0,1,8,-0.0,1,8,-9900,?,9,-9900,?,9,13.44,E,8,10.84,E,8,80.0,E,8,822.9788000000001,E,8,999.0,E,8,0.65,E,8,-9900,?,9,-9900,?,9,0.0,E,8,-9900,?,9,-9900,?,9,0.0,0.0,E,8
12/18/2012,24:00,0.0,1412.286,0.0,1,8,0.0,1,8,0.0,1,8,0.0,1,8,0.0,1,8,0.0,1,8,-0.0,1,8,-9900,?,9,-9900,?,9,12.77,E,8,9.43,E,8,80.0,E,8,822.9788000000001,E,8,999.0,E,8,0.34,E,8,-9900,?,9,-9900,?,9,0.0,E,8,-9900,?,9,-9900,?,9,0.0,0.0,E,8
12/19/2012,01:00,0.0,1412.286,0.0,1,8,0.0,1,8,0.0,1,8,0.0,1,8,0.0,1,8,0.0,1,8,-0.0,1,8,-9900,?,9,-9900,?,9,12.44,E,8,9.29,E,8,81.0,E,8,822.9788000000001,E,8,999.0,E,8,0.34,E,8,-9900,?,9,-9900,?,9,0.0,E,8,-9900,?,9,-9900,?,9,0.0,0.0,E,8
12/19/2012,02:00,0.0,1412.286,0.0,1,8,0.0,1,8,0.0,1,8,0.0,1,8,0.0,1,8,0.0,1,8,-0.0,1,8,-9900,?,9,-9900,?,9,12.11,E,8,9.15,E,8,82.0,E,8,822.9788000000001,E,8,999.0,E,8,0.34,E,8,-9900,?,9,-9900,?,9,0.0,E,8,-9900,?,9,-9900,?,9,0.0,0.0,E,8
12/19/2012,03:00,0.0,1412.286,0.0,1,8,0.0,1,8,0.0,1,8,0.0,1,8,0.0,1,8,0.0,1,8,-0.0,1,8,-9900,?,9,-9900,?,9,11.77,E,8,9.0,E,8,83.0,E,8,822.9788000000001,E,8,999.0,E,8,0.34,E,8,-9900,?,9,-9900,?,9,0.0,E,8,-9900,?,9,-9900,?,9,0.0,0.0,E,8
12/19/2012,04:00,0.0,1412.504,0.0,1,8,0.0,1,8,0.0,1,8,0.0,1,8,0.0,1,8,0.0,1,8,-0.0,1,8,-9900,?,9,-9900,?,9,11.44,E,8,8.85,E,8,84.0,E,8,822.9788000000001,E,8,999.0,E,8,0.34,E,8,-9900,?,9,-9900,?,9,0.0,E,8,-9900,?,9,-9900,?,9,0.0,0.0,E,8
12/19/2012,05:00,0.0,1412.504,0.0,1,8,0.0,1,8,0.0,1,8,0.0,1,8,0.0,1,8,0.0,1,8,-0.0,1,8,-9900,?,9,-9900,?,9,11.15,E,8,8.73,E,8,85.0,E,8,822.9788000000001,E,8,999.0,E,8,0.34,E,8,-9900,?,9,-9900,?,9,0.0,E,8,-9900,?,9,-9900,?,9,0.0,0.0,E,8
12/19/2012,06:00,123.255,1412.504,0.0,1,8,0.0,1,8,0.0,1,8,0.0,1,8,0.0,1,8,0.0,1,8,0.0,1,8,-9900,?,9,-9900,?,9,10.93,E,8,8.63,E,8,85.0,E,8,822.9788000000001,E,8,999.0,E,8,0.34,E,8,-9900,?,9,-9900,?,9,0.0,E,8,-9900,?,9,-9900,?,9,0.0,0.0,E,8
12/19/2012,07:00,435.429,1412.504,80.34,1,8,0.0,1,8,80.34,1,8,9640.8,1,8,0.0,1,8,8837.4,1,8,83.186,1,8,-9900,?,9,-9900,?,9,10.71,E,8,8.53,E,8,86.0,E,8,822.9788000000001,E,8,999.0,E,8,0.34,E,8,-9900,?,9,-9900,?,9,0.0,E,8,-9900,?,9,-9900,?,9,0.0,0.0,E,8
12/19/2012,08:00,734.004,1412.504,238.9,1,8,27.337,1,8,224.706,1,8,28668.0,1,8,2596.995,1,8,24717.632,1,8,137.752,1,8,-9900,?,9,-9900,?,9,13.65,E,8,9.8,E,8,77.0,E,8,822.9788000000001,E,8,999.0,E,8,0.34,E,8,-9900,?,9,-9900,?,9,0.0,E,8,-9900,?,9,-9900,?,9,0.0,0.0,E,8
12/19/2012,09:00,996.709,1412.504,392.89,1,8,24.21,1,8,375.812,1,8,47146.8,1,8,2299.955,1,8,41339.282,1,8,169.578,1,8,-9900,?,9,-9900,?,9,15.08,E,8,10.38,E,8,73.0,E,8,822.9788000000001,E,8,999.0,E,8,0.34,E,8,-9900,?,9,-9900,?,9,0.0,E,8,-9900,?,9,-9900,?,9,0.0,0.0,E,8
12/19/2012,10:00,1205.424,1412.504,524.06,1,8,77.787,1,8,457.685,1,8,62887.2,1,8,7389.724,1,8,50345.306,1,8,170.732,1,8,-9900,?,9,-9900,?,9,16.4,E,8,10.9,E,8,69.0,E,8,822.9788000000001,E,8,999.0,E,8,0.34,E,8,-9900,?,9,-9900,?,9,0.0,E,8,-9900,?,9,-9900,?,9,0.0,0.0,E,8
12/19/2012,11:00,1345.871,1412.504,621.72,1,8,66.499,1,8,558.36,1,8,74606.4,1,8,6317.393,1,8,61419.602,1,8,186.536,1,8,-9900,?,9,-9900,?,9,17.56,E,8,11.35,E,8,66.0,E,8,822.9788000000001,E,8,999.0,E,8,0.65,E,8,-9900,?,9,-9900,?,9,0.0,E,8,-9900,?,9,-9900,?,9,0.0,0.0,E,8
12/19/2012,12:00,1408.462,1412.504,678.64,1,8,75.731,1,8,603.126,1,8,81436.8,1,8,7194.439,1,8,66343.851,1,8,192.532,1,8,-9900,?,9,-9900,?,9,18.5,E,8,11.7,E,8,64.0,E,8,822.9788000000001,E,8,999.0,E,8,1.32,E,8,-9900,?,9,-9900,?,9,0.0,E,8,-9900,?,9,-9900,?,9,0.0,0.0,E,8
12/19/2012,13:00,1388.927,1412.504,690.72,1,8,87.437,1,8,604.743,1,8,82886.4,1,8,8306.557,1,8,66521.723,1,8,195.765,1,8,-9900,?,9,-9900,?,9,19.2,E,8,11.96,E,8,62.0,E,8,822.9788000000001,E,8,999.0,E,8,2.3,E,8,-9900,?,9,-9900,?,9,0.0,E,8,-9900,?,9,-9900,?,9,0.0,0.0,E,8
12/19/2012,14:00,1288.6,1412.504,657.1,1,8,103.798,1,8,562.413,1,8,78852.0,1,8,9860.809,1,8,61865.403,1,8,196.247,1,8,-9900,?,9,-9900,?,9,19.66,E,8,12.12,E,8,61.0,E,8,822.9788000000001,E,8,999.0,E,8,1.95,E,8,-9900,?,9,-9900,?,9,0.0,E,8,-9900,?,9,-9900,?,9,0.0,0.0,E,8
12/19/2012,15:00,1114.33,1412.504,580.18,1,8,260.024,1,8,375.083,1,8,69621.6,1,8,24702.26,1,8,41259.12,1,8,151.367,1,8,-9900,?,9,-9900,?,9,19.85,E,8,12.19,E,8,61.0,E,8,822.9788000000001,E,8,999.0,E,8,2.22,E,8,-9900,?,9,-9900,?,9,0.0,E,8,-9900,?,9,-9900,?,9,0.0,0.0,E,8
12/19/2012,16:00,878.024,1412.504,465.56,1,8,204.079,1,8,338.762,1,8,55867.2,1,8,19387.483,1,8,37263.839,1,8,173.553,1,8,-9900,?,9,-9900,?,9,19.75,E,8,12.15,E,8,61.0,E,8,822.9788000000001,E,8,999.0,E,8,1.58,E,8,-9900,?,9,-9900,?,9,0.0,E,8,-9900,?,9,-9900,?,9,0.0,0.0,E,8
12/19/2012,17:00,595.887,1412.504,322.01,1,8,322.905,1,8,185.971,1,8,38641.2,1,8,30676.007,1,8,20456.782,1,8,140.51,1,8,-9900,?,9,-9900,?,9,19.27,E,8,11.98,E,8,62.0,E,8,822.9788000000001,E,8,999.0,E,8,0.8,E,8,-9900,?,9,-9900,?,9,0.0,E,8,-9900,?,9,-9900,?,9,0.0,0.0,E,8
12/19/2012,18:00,287.662,1412.504,162.55,1,8,548.168,1,8,51.642,1,8,19506.0,1,8,52075.954,1,8,5680.617,1,8,81.246,1,8,-9900,?,9,-9900,?,9,18.45,E,8,11.68,E,8,64.0,E,8,822.9788000000001,E,8,999.0,E,8,0.34,E,8,-9900,?,9,-9900,?,9,0.0,E,8,-9900,?,9,-9900,?,9,0.0,0.0,E,8
12/19/2012,19:00,0.0,1412.504,19.57,1,8,0.0,1,8,0.0,1,8,2348.4,1,8,0.0,1,8,0.0,1,8,-0.0,1,8,-9900,?,9,-9900,?,9,17.4,E,8,11.29,E,8,67.0,E,8,822.9788000000001,E,8,999.0,E,8,0.34,E,8,-9900,?,9,-9900,?,9,0.0,E,8,-9900,?,9,-9900,?,9,0.0,0.0,E,8
12/19/2012,20:00,0.0,1412.504,0.0,1,8,0.0,1,8,0.0,1,8,0.0,1,8,0.0,1,8,0.0,1,8,-0.0,1,8,-9900,?,9,-9900,?,9,16.72,E,8,11.03,E,8,69.0,E,8,822.9788000000001,E,8,999.0,E,8,0.34,E,8,-9900,?,9,-9900,?,9,0.0,E,8,-9900,?,9,-9900,?,9,0.0,0.0,E,8
12/19/2012,21:00,0.0,1412.504,0.0,1,8,0.0,1,8,0.0,1,8,0.0,1,8,0.0,1,8,0.0,1,8,-0.0,1,8,-9900,?,9,-9900,?,9,16.03,E,8,10.76,E,8,70.0,E,8,822.9788000000001,E,8,999.0,E,8,0.34,E,8,-9900,?,9,-9900,?,9,0.0,E,8,-9900,?,9,-9900,?,9,0.0,0.0,E,8
12/19/2012,22:00,0.0,1412.504,0.0,1,8,0.0,1,8,0.0,1,8,0.0,1,8,0.0,1,8,0.0,1,8,-0.0,1,8,-9900,?,9,-9900,?,9,15.35,E,8,10.49,E,8,72.0,E,8,822.9788000000001,E,8,999.0,E,8,0.34,E,8,-9900,?,9,-9900,?,9,0.0,E,8,-9900,?,9,-9900,?,9,0.0,0.0,E,8
12/19/2012,23:00,0.0,1412.504,0.0,1,8,0.0,1,8,0.0,1,8,0.0,1,8,0.0,1,8,0.0,1,8,-0.0,1,8,-9900,?,9,-9900,?,9,14.67,E,8,10.22,E,8,74.0,E,8,822.9788000000001,E,8,999.0,E,8,0.34,E,8,-9900,?,9,-9900,?,9,0.0,E,8,-9900,?,9,-9900,?,9,0.0,0.0,E,8
12/19/2012,24:00,0.0,1412.504,0.0,1,8,0.0,1,8,0.0,1,8,0.0,1,8,0.0,1,8,0.0,1,8,-0.0,1,8,-9900,?,9,-9900,?,9,13.99,E,8,7.78,E,8,66.0,E,8,822.9788000000001,E,8,999.0,E,8,0.57,E,8,-9900,?,9,-9900,?,9,0.0,E,8,-9900,?,9,-9900,?,9,0.0,0.0,E,8
12/20/2012,01:00,0.0,1412.504,0.0,1,8,0.0,1,8,0.0,1,8,0.0,1,8,0.0,1,8,0.0,1,8,-0.0,1,8,-9900,?,9,-9900,?,9,13.64,E,8,8.11,E,8,69.0,E,8,822.9788000000001,E,8,999.0,E,8,0.57,E,8,-9900,?,9,-9900,?,9,0.0,E,8,-9900,?,9,-9900,?,9,0.0,0.0,E,8
12/20/2012,02:00,0.0,1412.504,0.0,1,8,0.0,1,8,0.0,1,8,0.0,1,8,0.0,1,8,0.0,1,8,-0.0,1,8,-9900,?,9,-9900,?,9,13.3,E,8,8.43,E,8,72.0,E,8,822.9788000000001,E,8,999.0,E,8,0.57,E,8,-9900,?,9,-9900,?,9,0.0,E,8,-9900,?,9,-9900,?,9,0.0,0.0,E,8
12/20/2012,03:00,0.0,1412.504,0.0,1,8,0.0,1,8,0.0,1,8,0.0,1,8,0.0,1,8,0.0,1,8,-0.0,1,8,-9900,?,9,-9900,?,9,12.96,E,8,8.74,E,8,75.0,E,8,822.9788000000001,E,8,999.0,E,8,0.57,E,8,-9900,?,9,-9900,?,9,0.0,E,8,-9900,?,9,-9900,?,9,0.0,0.0,E,8
12/20/2012,04:00,0.0,1412.709,0.0,1,8,0.0,1,8,0.0,1,8,0.0,1,8,0.0,1,8,0.0,1,8,-0.0,1,8,-9900,?,9,-9900,?,9,12.62,E,8,9.04,E,8,78.0,E,8,822.9788000000001,E,8,999.0,E,8,0.57,E,8,-9900,?,9,-9900,?,9,0.0,E,8,-9900,?,9,-9900,?,9,0.0,0.0,E,8
12/20/2012,05:00,0.0,1412.709,0.0,1,8,0.0,1,8,0.0,1,8,0.0,1,8,0.0,1,8,0.0,1,8,-0.0,1,8,-9900,?,9,-9900,?,9,12.32,E,8,9.31,E,8,81.0,E,8,822.9788000000001,E,8,999.0,E,8,0.57,E,8,-9900,?,9,-9900,?,9,0.0,E,8,-9900,?,9,-9900,?,9,0.0,0.0,E,8
12/20/2012,06:00,120.858,1412.709,0.0,1,8,0.0,1,8,0.0,1,8,0.0,1,8,0.0,1,8,0.0,1,8,0.0,1,8,-9900,?,9,-9900,?,9,12.09,E,8,9.51,E,8,84.0,E,8,822.9788000000001,E,8,999.0,E,8,0.57,E,8,-9900,?,9,-9900,?,9,0.0,E,8,-9900,?,9,-9900,?,9,0.0,0.0,E,8
12/20/2012,07:00,433.025,1412.709,87.83,1,8,0.0,1,8,87.83,1,8,10539.6,1,8,0.0,1,8,9661.3,1,8,91.463,1,8,-9900,?,9,-9900,?,9,11.87,E,8,9.7,E,8,86.0,E,8,822.9788000000001,E,8,999.0,E,8,0.57,E,8,-9900,?,9,-9900,?,9,0.0,E,8,-9900,?,9,-9900,?,9,0.0,0.0,E,8
12/20/2012,08:00,731.821,1412.709,263.64,1,8,42.817,1,8,241.477,1,8,31636.8,1,8,4067.63,1,8,26562.498,1,8,148.498,1,8,-9900,?,9,-9900,?,9,14.58,E,8,7.2,E,8,61.0,E,8,822.9788000000001,E,8,999.0,E,8,0.57,E,8,-9900,?,9,-9900,?,9,0.0,E,8,-9900,?,9,-9900,?,9,0.0,0.0,E,8
12/20/2012,09:00,994.911,1412.709,434.67,1,8,79.78,1,8,378.501,1,8,52160.4,1,8,7579.136,1,8,41635.092,1,8,171.126,1,8,-9900,?,9,-9900,?,9,15.91,E,8,5.82,E,8,51.0,E,8,822.9788000000001,E,8,999.0,E,8,0.57,E,8,-9900,?,9,-9900,?,9,0.0,E,8,-9900,?,9,-9900,?,9,0.0,0.0,E,8
12/20/2012,10:00,1204.144,1412.709,580.49,1,8,118.373,1,8,479.604,1,8,69658.8,1,8,11245.395,1,8,52756.489,1,8,179.125,1,8,-9900,?,9,-9900,?,9,17.14,E,8,4.42,E,8,42.0,E,8,822.9788000000001,E,8,999.0,E,8,0.57,E,8,-9900,?,9,-9900,?,9,0.0,E,8,-9900,?,9,-9900,?,9,0.0,0.0,E,8
12/20/2012,11:00,1345.208,1412.709,689.21,1,8,8.833,1,8,680.799,1,8,82705.2,1,8,839.141,1,8,74887.917,1,8,227.586,1,8,-9900,?,9,-9900,?,9,18.21,E,8,3.1,E,8,36.0,E,8,822.9788000000001,E,8,999.0,E,8,0.57,E,8,-9900,?,9,-9900,?,9,0.0,E,8,-9900,?,9,-9900,?,9,0.0,0.0,E,8
12/20/2012,12:00,1408.47,1412.709,752.77,1,8,10.093,1,8,742.708,1,8,90332.4,1,8,958.812,1,8,81697.829,1,8,237.123,1,8,-9900,?,9,-9900,?,9,19.09,E,8,1.92,E,8,31.0,E,8,822.9788000000001,E,8,999.0,E,8,0.57,E,8,-9900,?,9,-9900,?,9,0.0,E,8,-9900,?,9,-9900,?,9,0.0,0.0,E,8
12/20/2012,13:00,1389.615,1412.709,766.6,1,8,11.636,1,8,755.155,1,8,91992.0,1,8,1105.394,1,8,83067.005,1,8,244.37,1,8,-9900,?,9,-9900,?,9,19.75,E,8,0.98,E,8,28.0,E,8,822.9788000000001,E,8,999.0,E,8,0.72,E,8,-9900,?,9,-9900,?,9,0.0,E,8,-9900,?,9,-9900,?,9,0.0,0.0,E,8
12/20/2012,14:00,1289.931,1412.709,729.7,1,8,13.715,1,8,717.178,1,8,87564.0,1,8,1302.905,1,8,78889.567,1,8,250.028,1,8,-9900,?,9,-9900,?,9,20.17,E,8,0.34,E,8,26.0,E,8,822.9788000000001,E,8,999.0,E,8,1.65,E,8,-9900,?,9,-9900,?,9,0.0,E,8,-9900,?,9,-9900,?,9,0.0,0.0,E,8
12/20/2012,15:00,1116.22,1412.709,644.72,1,8,235.671,1,8,458.542,1,8,77366.4,1,8,22388.787,1,8,50439.663,1,8,184.76,1,8,-9900,?,9,-9900,?,9,20.36,E,8,0.05,E,8,25.0,E,8,822.9788000000001,E,8,999.0,E,8,1.83,E,8,-9900,?,9,-9900,?,9,0.0,E,8,-9900,?,9,-9900,?,9,0.0,0.0,E,8
12/20/2012,16:00,880.352,1412.709,517.84,1,8,285.469,1,8,340.027,1,8,62140.8,1,8,27119.589,1,8,37403.008,1,8,173.764,1,8,-9900,?,9,-9900,?,9,20.27,E,8,0.19,E,8,26.0,E,8,822.9788000000001,E,8,999.0,E,8,1.06,E,8,-9900,?,9,-9900,?,9,0.0,E,8,-9900,?,9,-9900,?,9,0.0,0.0,E,8
12/20/2012,17:00,598.501,1412.709,358.75,1,8,403.39,1,8,188.08,1,8,43050.0,1,8,38322.087,1,8,20688.746,1,8,141.501,1,8,-9900,?,9,-9900,?,9,19.82,E,8,0.87,E,8,28.0,E,8,822.9788000000001,E,8,999.0,E,8,0.57,E,8,-9900,?,9,-9900,?,9,0.0,E,8,-9900,?,9,-9900,?,9,0.0,0.0,E,8
12/20/2012,18:00,290.379,1412.709,181.87,1,8,573.404,1,8,64.763,1,8,21824.4,1,8,54473.376,1,8,7123.944,1,8,100.938,1,8,-9900,?,9,-9900,?,9,19.06,E,8,1.96,E,8,31.0,E,8,822.9788000000001,E,8,999.0,E,8,0.57,E,8,-9900,?,9,-9900,?,9,0.0,E,8,-9900,?,9,-9900,?,9,0.0,0.0,E,8
12/20/2012,19:00,0.0,1412.709,22.63,1,8,0.0,1,8,0.0,1,8,2715.6,1,8,0.0,1,8,0.0,1,8,-0.0,1,8,-9900,?,9,-9900,?,9,18.1,E,8,3.24,E,8,37.0,E,8,822.9788000000001,E,8,999.0,E,8,0.57,E,8,-9900,?,9,-9900,?,9,0.0,E,8,-9900,?,9,-9900,?,9,0.0,0.0,E,8
12/20/2012,20:00,0.0,1412.709,0.0,1,8,0.0,1,8,0.0,1,8,0.0,1,8,0.0,1,8,0.0,1,8,-0.0,1,8,-9900,?,9,-9900,?,9,17.28,E,8,4.26,E,8,42.0,E,8,822.9788000000001,E,8,999.0,E,8,0.57,E,8,-9900,?,9,-9900,?,9,0.0,E,8,-9900,?,9,-9900,?,9,0.0,0.0,E,8
12/20/2012,21:00,0.0,1412.709,0.0,1,8,0.0,1,8,0.0,1,8,0.0,1,8,0.0,1,8,0.0,1,8,-0.0,1,8,-9900,?,9,-9900,?,9,16.45,E,8,5.22,E,8,47.0,E,8,822.9788000000001,E,8,999.0,E,8,0.57,E,8,-9900,?,9,-9900,?,9,0.0,E,8,-9900,?,9,-9900,?,9,0.0,0.0,E,8
12/20/2012,22:00,0.0,1412.709,0.0,1,8,0.0,1,8,0.0,1,8,0.0,1,8,0.0,1,8,0.0,1,8,-0.0,1,8,-9900,?,9,-9900,?,9,15.63,E,8,6.12,E,8,53.0,E,8,822.9788000000001,E,8,999.0,E,8,0.57,E,8,-9900,?,9,-9900,?,9,0.0,E,8,-9900,?,9,-9900,?,9,0.0,0.0,E,8
12/20/2012,23:00,0.0,1412.709,0.0,1,8,0.0,1,8,0.0,1,8,0.0,1,8,0.0,1,8,0.0,1,8,-0.0,1,8,-9900,?,9,-9900,?,9,14.8,E,8,6.98,E,8,59.0,E,8,822.9788000000001,E,8,999.0,E,8,0.57,E,8,-9900,?,9,-9900,?,9,0.0,E,8,-9900,?,9,-9900,?,9,0.0,0.0,E,8
12/20/2012,24:00,0.0,1412.709,0.0,1,8,0.0,1,8,0.0,1,8,0.0,1,8,0.0,1,8,0.0,1,8,-0.0,1,8,-9900,?,9,-9900,?,9,13.98,E,8,7.42,E,8,64.0,E,8,822.9788000000001,E,8,999.0,E,8,0.25,E,8,-9900,?,9,-9900,?,9,0.0,E,8,-9900,?,9,-9900,?,9,0.0,0.0,E,8
12/21/2012,01:00,0.0,1412.709,0.0,1,8,0.0,1,8,0.0,1,8,0.0,1,8,0.0,1,8,0.0,1,8,-0.0,1,8,-9900,?,9,-9900,?,9,13.56,E,8,7.64,E,8,67.0,E,8,822.9788000000001,E,8,999.0,E,8,0.25,E,8,-9900,?,9,-9900,?,9,0.0,E,8,-9900,?,9,-9900,?,9,0.0,0.0,E,8
12/21/2012,02:00,0.0,1412.709,0.0,1,8,0.0,1,8,0.0,1,8,0.0,1,8,0.0,1,8,0.0,1,8,-0.0,1,8,-9900,?,9,-9900,?,9,13.15,E,8,7.86,E,8,70.0,E,8,822.9788000000001,E,8,999.0,E,8,0.25,E,8,-9900,?,9,-9900,?,9,0.0,E,8,-9900,?,9,-9900,?,9,0.0,0.0,E,8
12/21/2012,03:00,0.0,1412.709,0.0,1,8,0.0,1,8,0.0,1,8,0.0,1,8,0.0,1,8,0.0,1,8,-0.0,1,8,-9900,?,9,-9900,?,9,12.74,E,8,8.07,E,8,73.0,E,8,822.9788000000001,E,8,999.0,E,8,0.25,E,8,-9900,?,9,-9900,?,9,0.0,E,8,-9900,?,9,-9900,?,9,0.0,0.0,E,8
12/21/2012,04:00,0.0,1412.898,0.0,1,8,0.0,1,8,0.0,1,8,0.0,1,8,0.0,1,8,0.0,1,8,-0.0,1,8,-9900,?,9,-9900,?,9,12.33,E,8,8.28,E,8,76.0,E,8,822.9788000000001,E,8,999.0,E,8,0.25,E,8,-9900,?,9,-9900,?,9,0.0,E,8,-9900,?,9,-9900,?,9,0.0,0.0,E,8
12/21/2012,05:00,0.0,1412.898,0.0,1,8,0.0,1,8,0.0,1,8,0.0,1,8,0.0,1,8,0.0,1,8,-0.0,1,8,-9900,?,9,-9900,?,9,11.96,E,8,8.47,E,8,79.0,E,8,822.9788000000001,E,8,999.0,E,8,0.25,E,8,-9900,?,9,-9900,?,9,0.0,E,8,-9900,?,9,-9900,?,9,0.0,0.0,E,8
12/21/2012,06:00,118.389,1412.898,0.0,1,8,0.0,1,8,0.0,1,8,0.0,1,8,0.0,1,8,0.0,1,8,0.0,1,8,-9900,?,9,-9900,?,9,11.69,E,8,8.6,E,8,81.0,E,8,822.9788000000001,E,8,999.0,E,8,0.25,E,8,-9900,?,9,-9900,?,9,0.0,E,8,-9900,?,9,-9900,?,9,0.0,0.0,E,8
12/21/2012,07:00,430.56,1412.898,83.46,1,8,0.0,1,8,83.46,1,8,10015.2,1,8,0.0,1,8,9180.6,1,8,87.424,1,8,-9900,?,9,-9900,?,9,11.42,E,8,8.74,E,8,83.0,E,8,822.9788000000001,E,8,999.0,E,8,0.25,E,8,-9900,?,9,-9900,?,9,0.0,E,8,-9900,?,9,-9900,?,9,0.0,0.0,E,8
12/21/2012,08:00,729.591,1412.898,253.04,1,8,36.368,1,8,234.276,1,8,30364.8,1,8,3454.922,1,8,25770.322,1,8,144.53,1,8,-9900,?,9,-9900,?,9,13.88,E,8,7.47,E,8,65.0,E,8,822.9788000000001,E,8,999.0,E,8,0.25,E,8,-9900,?,9,-9900,?,9,0.0,E,8,-9900,?,9,-9900,?,9,0.0,0.0,E,8
12/21/2012,09:00,993.077,1412.898,418.27,1,8,68.938,1,8,369.83,1,8,50192.4,1,8,6549.145,1,8,40681.321,1,8,167.537,1,8,-9900,?,9,-9900,?,9,15.11,E,8,6.8,E,8,57.0,E,8,822.9788000000001,E,8,999.0,E,8,0.25,E,8,-9900,?,9,-9900,?,9,0.0,E,8,-9900,?,9,-9900,?,9,0.0,0.0,E,8
12/21/2012,10:00,1202.84,1412.898,559.28,1,8,102.316,1,8,472.185,1,8,67113.6,1,8,9720.059,1,8,51940.34,1,8,176.569,1,8,-9900,?,9,-9900,?,9,16.23,E,8,6.17,E,8,51.0,E,8,822.9788000000001,E,8,999.0,E,8,0.25,E,8,-9900,?,9,-9900,?,9,0.0,E,8,-9900,?,9,-9900,?,9,0.0,0.0,E,8
12/21/2012,11:00,1344.527,1412.898,664.56,1,8,7.624,1,8,657.305,1,8,79747.2,1,8,724.256,1,8,72303.593,1,8,219.873,1,8,-9900,?,9,-9900,?,9,17.22,E,8,5.58,E,8,46.0,E,8,822.9788000000001,E,8,999.0,E,8,0.59,E,8,-9900,?,9,-9900,?,9,0.0,E,8,-9900,?,9,-9900,?,9,0.0,0.0,E,8
12/21/2012,12:00,1408.465,1412.898,726.31,1,8,8.705,1,8,717.632,1,8,87157.2,1,8,826.986,1,8,78939.543,1,8,229.149,1,8,-9900,?,9,-9900,?,9,18.03,E,8,5.09,E,8,42.0,E,8,822.9788000000001,E,8,999.0,E,8,1.1,E,8,-9900,?,9,-9900,?,9,0.0,E,8,-9900,?,9,-9900,?,9,0.0,0.0,E,8
12/21/2012,13:00,1390.292,1412.898,740.06,1,8,10.043,1,8,730.178,1,8,88807.2,1,8,954.077,1,8,80319.565,1,8,236.204,1,8,-9900,?,9,-9900,?,9,18.63,E,8,4.71,E,8,39.0,E,8,822.9788000000001,E,8,999.0,E,8,1.5,E,8,-9900,?,9,-9900,?,9,0.0,E,8,-9900,?,9,-9900,?,9,0.0,0.0,E,8
12/21/2012,14:00,1291.246,1412.898,704.85,1,8,11.868,1,8,694.005,1,8,84582.0,1,8,1127.433,1,8,76340.521,1,8,241.735,1,8,-9900,?,9,-9900,?,9,19.02,E,8,4.46,E,8,38.0,E,8,822.9788000000001,E,8,999.0,E,8,2.33,E,8,-9900,?,9,-9900,?,9,0.0,E,8,-9900,?,9,-9900,?,9,0.0,0.0,E,8
12/21/2012,15:00,1118.089,1412.898,623.18,1,8,225.789,1,8,444.534,1,8,74781.6,1,8,21449.98,1,8,48898.779,1,8,178.841,1,8,-9900,?,9,-9900,?,9,19.2,E,8,4.35,E,8,37.0,E,8,822.9788000000001,E,8,999.0,E,8,3.15,E,8,-9900,?,9,-9900,?,9,0.0,E,8,-9900,?,9,-9900,?,9,0.0,0.0,E,8
12/21/2012,16:00,882.649,1412.898,500.99,1,8,311.313,1,8,306.6,1,8,60118.8,1,8,29574.689,1,8,33725.967,1,8,156.295,1,8,-9900,?,9,-9900,?,9,19.12,E,8,4.4,E,8,37.0,E,8,822.9788000000001,E,8,999.0,E,8,2.22,E,8,-9900,?,9,-9900,?,9,0.0,E,8,-9900,?,9,-9900,?,9,0.0,0.0,E,8
12/21/2012,17:00,601.07,1412.898,347.63,1,8,408.486,1,8,174.083,1,8,41715.6,1,8,38806.151,1,8,19149.093,1,8,130.426,1,8,-9900,?,9,-9900,?,9,18.71,E,8,4.66,E,8,39.0,E,8,822.9788000000001,E,8,999.0,E,8,1.27,E,8,-9900,?,9,-9900,?,9,0.0,E,8,-9900,?,9,-9900,?,9,0.0,0.0,E,8
12/21/2012,18:00,293.038,1412.898,176.95,1,8,577.137,1,8,58.003,1,8,21234.0,1,8,54828.046,1,8,6380.354,1,8,89.584,1,8,-9900,?,9,-9900,?,9,18.02,E,8,5.1,E,8,42.0,E,8,822.9788000000001,E,8,999.0,E,8,0.48,E,8,-9900,?,9,-9900,?,9,0.0,E,8,-9900,?,9,-9900,?,9,0.0,0.0,E,8
12/21/2012,19:00,0.0,1412.898,22.72,1,8,0.0,1,8,0.0,1,8,2726.4,1,8,0.0,1,8,0.0,1,8,-0.0,1,8,-9900,?,9,-9900,?,9,17.14,E,8,5.63,E,8,46.0,E,8,822.9788000000001,E,8,999.0,E,8,0.25,E,8,-9900,?,9,-9900,?,9,0.0,E,8,-9900,?,9,-9900,?,9,0.0,0.0,E,8
12/21/2012,20:00,0.0,1412.898,0.0,1,8,0.0,1,8,0.0,1,8,0.0,1,8,0.0,1,8,0.0,1,8,-0.0,1,8,-9900,?,9,-9900,?,9,16.36,E,8,6.09,E,8,50.0,E,8,822.9788000000001,E,8,999.0,E,8,0.25,E,8,-9900,?,9,-9900,?,9,0.0,E,8,-9900,?,9,-9900,?,9,0.0,0.0,E,8
12/21/2012,21:00,0.0,1412.898,0.0,1,8,0.0,1,8,0.0,1,8,0.0,1,8,0.0,1,8,0.0,1,8,-0.0,1,8,-9900,?,9,-9900,?,9,15.58,E,8,6.54,E,8,54.0,E,8,822.9788000000001,E,8,999.0,E,8,0.25,E,8,-9900,?,9,-9900,?,9,0.0,E,8,-9900,?,9,-9900,?,9,0.0,0.0,E,8
12/21/2012,22:00,0.0,1412.898,0.0,1,8,0.0,1,8,0.0,1,8,0.0,1,8,0.0,1,8,0.0,1,8,-0.0,1,8,-9900,?,9,-9900,?,9,14.79,E,8,6.98,E,8,59.0,E,8,822.9788000000001,E,8,999.0,E,8,0.25,E,8,-9900,?,9,-9900,?,9,0.0,E,8,-9900,?,9,-9900,?,9,0.0,0.0,E,8
12/21/2012,23:00,0.0,1412.898,0.0,1,8,0.0,1,8,0.0,1,8,0.0,1,8,0.0,1,8,0.0,1,8,-0.0,1,8,-9900,?,9,-9900,?,9,14.01,E,8,7.41,E,8,64.0,E,8,822.9788000000001,E,8,999.0,E,8,0.25,E,8,-9900,?,9,-9900,?,9,0.0,E,8,-9900,?,9,-9900,?,9,0.0,0.0,E,8
12/21/2012,24:00,0.0,1412.898,0.0,1,8,0.0,1,8,0.0,1,8,0.0,1,8,0.0,1,8,0.0,1,8,-0.0,1,8,-9900,?,9,-9900,?,9,13.23,E,8,7.1,E,8,66.0,E,8,822.9788000000001,E,8,999.0,E,8,0.12,E,8,-9900,?,9,-9900,?,9,0.0,E,8,-9900,?,9,-9900,?,9,0.0,0.0,E,8
12/22/2012,01:00,0.0,1412.898,0.0,1,8,0.0,1,8,0.0,1,8,0.0,1,8,0.0,1,8,0.0,1,8,-0.0,1,8,-9900,?,9,-9900,?,9,12.84,E,8,7.51,E,8,69.0,E,8,822.9788000000001,E,8,999.0,E,8,0.12,E,8,-9900,?,9,-9900,?,9,0.0,E,8,-9900,?,9,-9900,?,9,0.0,0.0,E,8
12/22/2012,02:00,0.0,1412.898,0.0,1,8,0.0,1,8,0.0,1,8,0.0,1,8,0.0,1,8,0.0,1,8,-0.0,1,8,-9900,?,9,-9900,?,9,12.45,E,8,7.9,E,8,73.0,E,8,822.9788000000001,E,8,999.0,E,8,0.12,E,8,-9900,?,9,-9900,?,9,0.0,E,8,-9900,?,9,-9900,?,9,0.0,0.0,E,8
12/22/2012,03:00,0.0,1412.898,0.0,1,8,0.0,1,8,0.0,1,8,0.0,1,8,0.0,1,8,0.0,1,8,-0.0,1,8,-9900,?,9,-9900,?,9,12.05,E,8,8.3,E,8,77.0,E,8,822.9788000000001,E,8,999.0,E,8,0.12,E,8,-9900,?,9,-9900,?,9,0.0,E,8,-9900,?,9,-9900,?,9,0.0,0.0,E,8
12/22/2012,04:00,0.0,1413.073,0.0,1,8,0.0,1,8,0.0,1,8,0.0,1,8,0.0,1,8,0.0,1,8,-0.0,1,8,-9900,?,9,-9900,?,9,11.66,E,8,8.68,E,8,81.0,E,8,822.9788000000001,E,8,999.0,E,8,0.12,E,8,-9900,?,9,-9900,?,9,0.0,E,8,-9900,?,9,-9900,?,9,0.0,0.0,E,8
12/22/2012,05:00,0.0,1413.073,0.0,1,8,0.0,1,8,0.0,1,8,0.0,1,8,0.0,1,8,0.0,1,8,-0.0,1,8,-9900,?,9,-9900,?,9,11.32,E,8,9.0,E,8,85.0,E,8,822.9788000000001,E,8,999.0,E,8,0.12,E,8,-9900,?,9,-9900,?,9,0.0,E,8,-9900,?,9,-9900,?,9,0.0,0.0,E,8
12/22/2012,06:00,115.852,1413.073,0.0,1,8,0.0,1,8,0.0,1,8,0.0,1,8,0.0,1,8,0.0,1,8,0.0,1,8,-9900,?,9,-9900,?,9,11.06,E,8,9.25,E,8,88.0,E,8,822.9788000000001,E,8,999.0,E,8,0.12,E,8,-9900,?,9,-9900,?,9,0.0,E,8,-9900,?,9,-9900,?,9,0.0,0.0,E,8
12/22/2012,07:00,428.037,1413.073,103.38,1,8,0.0,1,8,103.38,1,8,12405.6,1,8,0.0,1,8,11371.8,1,8,108.946,1,8,-9900,?,9,-9900,?,9,10.8,E,8,9.49,E,8,91.0,E,8,822.9788000000001,E,8,999.0,E,8,0.12,E,8,-9900,?,9,-9900,?,9,0.0,E,8,-9900,?,9,-9900,?,9,0.0,0.0,E,8
12/22/2012,08:00,727.315,1413.073,309.66,1,8,108.501,1,8,253.859,1,8,37159.2,1,8,10307.6,1,8,27924.529,1,8,157.122,1,8,-9900,?,9,-9900,?,9,13.98,E,8,6.28,E,8,59.0,E,8,822.9788000000001,E,8,999.0,E,8,0.12,E,8,-9900,?,9,-9900,?,9,0.0,E,8,-9900,?,9,-9900,?,9,0.0,0.0,E,8
12/22/2012,09:00,991.211,1413.073,535.39,1,8,231.215,1,8,373.252,1,8,64246.8,1,8,21965.405,1,8,41057.704,1,8,169.427,1,8,-9900,?,9,-9900,?,9,15.67,E,8,4.28,E,8,46.0,E,8,822.9788000000001,E,8,999.0,E,8,0.22,E,8,-9900,?,9,-9900,?,9,0.0,E,8,-9900,?,9,-9900,?,9,0.0,0.0,E,8
12/22/2012,10:00,1201.512,1413.073,726.79,1,8,305.921,1,8,466.7,1,8,87214.8,1,8,29062.477,1,8,51337.007,1,8,174.732,1,8,-9900,?,9,-9900,?,9,17.25,E,8,2.14,E,8,36.0,E,8,822.9788000000001,E,8,999.0,E,8,0.34,E,8,-9900,?,9,-9900,?,9,0.0,E,8,-9900,?,9,-9900,?,9,0.0,0.0,E,8
12/22/2012,11:00,1343.83,1413.073,858.98,1,8,371.754,1,8,505.454,1,8,103077.6,1,8,35316.603,1,8,55599.917,1,8,169.186,1,8,-9900,?,9,-9900,?,9,18.61,E,8,0.03,E,8,28.0,E,8,822.9788000000001,E,8,999.0,E,8,0.56,E,8,-9900,?,9,-9900,?,9,0.0,E,8,-9900,?,9,-9900,?,9,0.0,0.0,E,8
12/22/2012,12:00,1408.448,1413.073,938.07,1,8,360.835,1,8,578.416,1,8,112568.4,1,8,34279.365,1,8,63625.796,1,8,184.721,1,8,-9900,?,9,-9900,?,9,19.72,E,8,-1.71,E,8,23.0,E,8,822.9788000000001,E,8,999.0,E,8,1.58,E,8,-9900,?,9,-9900,?,9,0.0,E,8,-9900,?,9,-9900,?,9,0.0,0.0,E,8
12/22/2012,13:00,1390.955,1413.073,963.0,1,8,341.746,1,8,626.606,1,8,115560.0,1,8,32465.878,1,8,68926.686,1,8,202.628,1,8,-9900,?,9,-9900,?,9,20.56,E,8,-3.2,E,8,19.0,E,8,822.9788000000001,E,8,999.0,E,8,1.9,E,8,-9900,?,9,-9900,?,9,0.0,E,8,-9900,?,9,-9900,?,9,0.0,0.0,E,8
12/22/2012,14:00,1292.545,1413.073,953.43,1,8,514.101,1,8,483.207,1,8,114411.6,1,8,48839.57,1,8,53152.721,1,8,168.162,1,8,-9900,?,9,-9900,?,9,21.18,E,8,-4.42,E,8,16.0,E,8,822.9788000000001,E,8,999.0,E,8,2.17,E,8,-9900,?,9,-9900,?,9,0.0,E,8,-9900,?,9,-9900,?,9,0.0,0.0,E,8
12/22/2012,15:00,1119.933,1413.073,840.51,1,8,685.955,1,8,296.95,1,8,100861.2,1,8,65165.751,1,8,32664.488,1,8,119.284,1,8,-9900,?,9,-9900,?,9,21.47,E,8,-5.03,E,8,15.0,E,8,822.9788000000001,E,8,999.0,E,8,2.07,E,8,-9900,?,9,-9900,?,9,0.0,E,8,-9900,?,9,-9900,?,9,0.0,0.0,E,8
12/22/2012,16:00,884.911,1413.073,689.64,1,8,889.283,1,8,132.996,1,8,82756.8,1,8,84481.869,1,8,14629.562,1,8,67.632,1,8,-9900,?,9,-9900,?,9,21.46,E,8,-5.02,E,8,15.0,E,8,822.9788000000001,E,8,999.0,E,8,2.14,E,8,-9900,?,9,-9900,?,9,0.0,E,8,-9900,?,9,-9900,?,9,0.0,0.0,E,8
12/22/2012,17:00,603.594,1413.073,470.59,1,8,826.647,1,8,117.95,1,8,56470.8,1,8,78531.447,1,8,12974.454,1,8,88.01,1,8,-9900,?,9,-9900,?,9,20.93,E,8,-3.92,E,8,17.0,E,8,822.9788000000001,E,8,999.0,E,8,1.42,E,8,-9900,?,9,-9900,?,9,0.0,E,8,-9900,?,9,-9900,?,9,0.0,0.0,E,8
12/22/2012,18:00,295.639,1413.073,226.49,1,8,704.496,1,8,80.008,1,8,27178.8,1,8,66927.14,1,8,8800.934,1,8,122.485,1,8,-9900,?,9,-9900,?,9,19.96,E,8,-2.12,E,8,21.0,E,8,822.9788000000001,E,8,999.0,E,8,0.72,E,8,-9900,?,9,-9900,?,9,0.0,E,8,-9900,?,9,-9900,?,9,0.0,0.0,E,8
12/22/2012,19:00,0.0,1413.073,28.55,1,8,0.0,1,8,0.0,1,8,3426.0,1,8,0.0,1,8,0.0,1,8,-0.0,1,8,-9900,?,9,-9900,?,9,18.74,E,8,-0.16,E,8,27.0,E,8,822.9788000000001,E,8,999.0,E,8,0.52,E,8,-9900,?,9,-9900,?,9,0.0,E,8,-9900,?,9,-9900,?,9,0.0,0.0,E,8
12/22/2012,20:00,0.0,1413.073,0.0,1,8,0.0,1,8,0.0,1,8,0.0,1,8,0.0,1,8,0.0,1,8,-0.0,1,8,-9900,?,9,-9900,?,9,17.71,E,8,1.46,E,8,33.0,E,8,822.9788000000001,E,8,999.0,E,8,0.34,E,8,-9900,?,9,-9900,?,9,0.0,E,8,-9900,?,9,-9900,?,9,0.0,0.0,E,8
12/22/2012,21:00,0.0,1413.073,0.0,1,8,0.0,1,8,0.0,1,8,0.0,1,8,0.0,1,8,0.0,1,8,-0.0,1,8,-9900,?,9,-9900,?,9,16.69,E,8,2.93,E,8,39.0,E,8,822.9788000000001,E,8,999.0,E,8,0.42,E,8,-9900,?,9,-9900,?,9,0.0,E,8,-9900,?,9,-9900,?,9,0.0,0.0,E,8
12/22/2012,22:00,0.0,1413.073,0.0,1,8,0.0,1,8,0.0,1,8,0.0,1,8,0.0,1,8,0.0,1,8,-0.0,1,8,-9900,?,9,-9900,?,9,15.66,E,8,4.29,E,8,46.0,E,8,822.9788000000001,E,8,999.0,E,8,0.57,E,8,-9900,?,9,-9900,?,9,0.0,E,8,-9900,?,9,-9900,?,9,0.0,0.0,E,8
12/22/2012,23:00,0.0,1413.073,0.0,1,8,0.0,1,8,0.0,1,8,0.0,1,8,0.0,1,8,0.0,1,8,-0.0,1,8,-9900,?,9,-9900,?,9,14.64,E,8,5.53,E,8,54.0,E,8,822.9788000000001,E,8,999.0,E,8,0.58,E,8,-9900,?,9,-9900,?,9,0.0,E,8,-9900,?,9,-9900,?,9,0.0,0.0,E,8
12/22/2012,24:00,0.0,1413.073,0.0,1,8,0.0,1,8,0.0,1,8,0.0,1,8,0.0,1,8,0.0,1,8,-0.0,1,8,-9900,?,9,-9900,?,9,13.61,E,8,6.52,E,8,62.0,E,8,822.9788000000001,E,8,999.0,E,8,4.32,E,8,-9900,?,9,-9900,?,9,0.0,E,8,-9900,?,9,-9900,?,9,0.0,0.0,E,8
12/23/2012,01:00,0.0,1413.073,0.0,1,8,0.0,1,8,0.0,1,8,0.0,1,8,0.0,1,8,0.0,1,8,-0.0,1,8,-9900,?,9,-9900,?,9,13.1,E,8,7.04,E,8,76.0,E,8,822.9788000000001,E,8,999.0,E,8,2.18,E,8,-9900,?,9,-9900,?,9,0.191,E,8,-9900,?,9,-9900,?,9,1.91,99.0,E,8
12/23/2012,02:00,0.0,1413.073,0.0,1,8,0.0,1,8,0.0,1,8,0.0,1,8,0.0,1,8,0.0,1,8,-0.0,1,8,-9900,?,9,-9900,?,9,12.59,E,8,7.54,E,8,76.0,E,8,822.9788000000001,E,8,999.0,E,8,0.73,E,8,-9900,?,9,-9900,?,9,0.002,E,8,-9900,?,9,-9900,?,9,0.02,99.0,E,8
12/23/2012,03:00,0.0,1413.073,0.0,1,8,0.0,1,8,0.0,1,8,0.0,1,8,0.0,1,8,0.0,1,8,-0.0,1,8,-9900,?,9,-9900,?,9,12.08,E,8,8.03,E,8,81.0,E,8,822.9788000000001,E,8,999.0,E,8,1.34,E,8,-9900,?,9,-9900,?,9,0.006,E,8,-9900,?,9,-9900,?,9,0.06,99.0,E,8
12/23/2012,04:00,0.0,1413.234,0.0,1,8,0.0,1,8,0.0,1,8,0.0,1,8,0.0,1,8,0.0,1,8,-0.0,1,8,-9900,?,9,-9900,?,9,11.56,E,8,8.51,E,8,86.0,E,8,822.9788000000001,E,8,999.0,E,8,1.52,E,8,-9900,?,9,-9900,?,9,0.001,E,8,-9900,?,9,-9900,?,9,0.01,99.0,E,8
12/23/2012,05:00,0.0,1413.234,0.0,1,8,0.0,1,8,0.0,1,8,0.0,1,8,0.0,1,8,0.0,1,8,-0.0,1,8,-9900,?,9,-9900,?,9,11.11,E,8,8.91,E,8,86.0,E,8,822.9788000000001,E,8,999.0,E,8,1.25,E,8,-9900,?,9,-9900,?,9,0.0,E,8,-9900,?,9,-9900,?,9,0.0,0.0,E,8
12/23/2012,06:00,113.248,1413.234,0.0,1,8,0.0,1,8,0.0,1,8,0.0,1,8,0.0,1,8,0.0,1,8,0.0,1,8,-9900,?,9,-9900,?,9,10.77,E,8,9.21,E,8,90.0,E,8,822.9788000000001,E,8,999.0,E,8,0.83,E,8,-9900,?,9,-9900,?,9,0.0,E,8,-9900,?,9,-9900,?,9,0.0,0.0,E,8
12/23/2012,07:00,425.458,1413.234,74.13,1,8,0.0,1,8,74.13,1,8,8895.6,1,8,0.0,1,8,8154.3,1,8,78.607,1,8,-9900,?,9,-9900,?,9,10.43,E,8,9.5,E,8,93.0,E,8,822.9788000000001,E,8,999.0,E,8,1.11,E,8,-9900,?,9,-9900,?,9,0.0,E,8,-9900,?,9,-9900,?,9,0.0,0.0,E,8
12/23/2012,08:00,724.997,1413.234,229.58,1,8,24.31,1,8,217.119,1,8,27549.6,1,8,2309.416,1,8,23883.115,1,8,134.829,1,8,-9900,?,9,-9900,?,9,13.87,E,8,6.25,E,8,60.0,E,8,822.9788000000001,E,8,999.0,E,8,1.4,E,8,-9900,?,9,-9900,?,9,0.0,E,8,-9900,?,9,-9900,?,9,0.0,0.0,E,8
12/23/2012,09:00,989.313,1413.234,381.54,1,8,22.348,1,8,365.9,1,8,45784.8,1,8,2123.047,1,8,40249.054,1,8,166.428,1,8,-9900,?,9,-9900,?,9,15.6,E,8,4.32,E,8,46.0,E,8,822.9788000000001,E,8,999.0,E,8,1.51,E,8,-9900,?,9,-9900,?,9,0.0,E,8,-9900,?,9,-9900,?,9,0.0,0.0,E,8
12/23/2012,10:00,1200.163,1413.234,511.49,1,8,72.197,1,8,450.185,1,8,61378.8,1,8,6858.744,1,8,49520.321,1,8,168.758,1,8,-9900,?,9,-9900,?,9,17.2,E,8,2.31,E,8,36.0,E,8,822.9788000000001,E,8,999.0,E,8,2.34,E,8,-9900,?,9,-9900,?,9,0.0,E,8,-9900,?,9,-9900,?,9,0.0,0.0,E,8
12/23/2012,11:00,1343.118,1413.234,608.77,1,8,5.354,1,8,603.682,1,8,73052.4,1,8,508.646,1,8,66404.979,1,8,202.195,1,8,-9900,?,9,-9900,?,9,18.6,E,8,0.29,E,8,29.0,E,8,822.9788000000001,E,8,999.0,E,8,4.33,E,8,-9900,?,9,-9900,?,9,0.0,E,8,-9900,?,9,-9900,?,9,0.0,0.0,E,8
12/23/2012,12:00,1408.418,1413.234,666.18,1,8,6.092,1,8,660.109,1,8,79941.6,1,8,578.765,1,8,72611.936,1,8,210.838,1,8,-9900,?,9,-9900,?,9,19.75,E,8,-1.4,E,8,23.0,E,8,822.9788000000001,E,8,999.0,E,8,6.24,E,8,-9900,?,9,-9900,?,9,0.0,E,8,-9900,?,9,-9900,?,9,0.0,0.0,E,8
12/23/2012,13:00,1391.605,1413.234,679.54,1,8,7.027,1,8,672.621,1,8,81544.8,1,8,667.546,1,8,73988.289,1,8,217.431,1,8,-9900,?,9,-9900,?,9,20.61,E,8,-2.79,E,8,19.0,E,8,822.9788000000001,E,8,999.0,E,8,7.53,E,8,-9900,?,9,-9900,?,9,0.0,E,8,-9900,?,9,-9900,?,9,0.0,0.0,E,8
12/23/2012,14:00,1293.826,1413.234,647.94,1,8,8.337,1,8,640.308,1,8,77752.8,1,8,792.037,1,8,70433.84,1,8,222.639,1,8,-9900,?,9,-9900,?,9,21.17,E,8,-3.79,E,8,17.0,E,8,822.9788000000001,E,8,999.0,E,8,8.16,E,8,-9900,?,9,-9900,?,9,0.0,E,8,-9900,?,9,-9900,?,9,0.0,0.0,E,8
12/23/2012,15:00,1121.752,1413.234,573.62,1,8,160.045,1,8,446.607,1,8,68834.4,1,8,15204.246,1,8,49126.741,1,8,179.13,1,8,-9900,?,9,-9900,?,9,21.42,E,8,-4.26,E,8,16.0,E,8,822.9788000000001,E,8,999.0,E,8,11.06,E,8,-9900,?,9,-9900,?,9,0.0,E,8,-9900,?,9,-9900,?,9,0.0,0.0,E,8
12/23/2012,16:00,887.138,1413.234,461.98,1,8,142.014,1,8,372.873,1,8,55437.6,1,8,13491.335,1,8,41016.017,1,8,189.16,1,8,-9900,?,9,-9900,?,9,21.33,E,8,-4.09,E,8,17.0,E,8,822.9788000000001,E,8,999.0,E,8,10.05,E,8,-9900,?,9,-9900,?,9,0.0,E,8,-9900,?,9,-9900,?,9,0.0,0.0,E,8
12/23/2012,17:00,606.068,1413.234,321.54,1,8,263.855,1,8,208.532,1,8,38584.8,1,8,25066.213,1,8,22938.494,1,8,154.981,1,8,-9900,?,9,-9900,?,9,20.76,E,8,-3.05,E,8,19.0,E,8,822.9788000000001,E,8,999.0,E,8,8.84,E,8,-9900,?,9,-9900,?,9,0.0,E,8,-9900,?,9,-9900,?,9,0.0,0.0,E,8
12/23/2012,18:00,298.177,1413.234,164.93,1,8,503.466,1,8,59.35,1,8,19791.6,1,8,47829.317,1,8,6528.45,1,8,90.085,1,8,-9900,?,9,-9900,?,9,19.79,E,8,-1.46,E,8,23.0,E,8,822.9788000000001,E,8,999.0,E,8,7.31,E,8,-9900,?,9,-9900,?,9,0.0,E,8,-9900,?,9,-9900,?,9,0.0,0.0,E,8
12/23/2012,19:00,0.0,1413.234,22.44,1,8,0.0,1,8,0.0,1,8,2692.8,1,8,0.0,1,8,0.0,1,8,-0.0,1,8,-9900,?,9,-9900,?,9,18.54,E,8,0.39,E,8,29.0,E,8,822.9788000000001,E,8,999.0,E,8,4.89,E,8,-9900,?,9,-9900,?,9,0.0,E,8,-9900,?,9,-9900,?,9,0.0,0.0,E,8
12/23/2012,20:00,0.0,1413.234,0.0,1,8,0.0,1,8,0.0,1,8,0.0,1,8,0.0,1,8,0.0,1,8,-0.0,1,8,-9900,?,9,-9900,?,9,17.52,E,8,1.87,E,8,34.0,E,8,822.9788000000001,E,8,999.0,E,8,4.32,E,8,-9900,?,9,-9900,?,9,0.0,E,8,-9900,?,9,-9900,?,9,0.0,0.0,E,8
12/23/2012,21:00,0.0,1413.234,0.0,1,8,0.0,1,8,0.0,1,8,0.0,1,8,0.0,1,8,0.0,1,8,-0.0,1,8,-9900,?,9,-9900,?,9,16.49,E,8,3.23,E,8,41.0,E,8,822.9788000000001,E,8,999.0,E,8,3.31,E,8,-9900,?,9,-9900,?,9,0.0,E,8,-9900,?,9,-9900,?,9,0.0,0.0,E,8
12/23/2012,22:00,0.0,1413.234,0.0,1,8,0.0,1,8,0.0,1,8,0.0,1,8,0.0,1,8,0.0,1,8,-0.0,1,8,-9900,?,9,-9900,?,9,15.47,E,8,4.48,E,8,47.0,E,8,822.9788000000001,E,8,999.0,E,8,1.89,E,8,-9900,?,9,-9900,?,9,0.0,E,8,-9900,?,9,-9900,?,9,0.0,0.0,E,8
12/23/2012,23:00,0.0,1413.234,0.0,1,8,0.0,1,8,0.0,1,8,0.0,1,8,0.0,1,8,0.0,1,8,-0.0,1,8,-9900,?,9,-9900,?,9,14.45,E,8,5.63,E,8,55.0,E,8,822.9788000000001,E,8,999.0,E,8,1.32,E,8,-9900,?,9,-9900,?,9,0.0,E,8,-9900,?,9,-9900,?,9,0.0,0.0,E,8
12/23/2012,24:00,0.0,1413.234,0.0,1,8,0.0,1,8,0.0,1,8,0.0,1,8,0.0,1,8,0.0,1,8,-0.0,1,8,-9900,?,9,-9900,?,9,13.43,E,8,9.6,E,8,81.0,E,8,822.9788000000001,E,8,999.0,E,8,6.52,E,8,-9900,?,9,-9900,?,9,0.012,E,8,-9900,?,9,-9900,?,9,0.12,99.0,E,8
12/24/2012,01:00,0.0,1413.234,0.0,1,8,0.0,1,8,0.0,1,8,0.0,1,8,0.0,1,8,0.0,1,8,-0.0,1,8,-9900,?,9,-9900,?,9,12.91,E,8,9.71,E,8,84.0,E,8,822.9788000000001,E,8,999.0,E,8,6.75,E,8,-9900,?,9,-9900,?,9,0.008,E,8,-9900,?,9,-9900,?,9,0.08,99.0,E,8
12/24/2012,02:00,0.0,1413.234,0.0,1,8,0.0,1,8,0.0,1,8,0.0,1,8,0.0,1,8,0.0,1,8,-0.0,1,8,-9900,?,9,-9900,?,9,12.4,E,8,9.81,E,8,82.0,E,8,822.9788000000001,E,8,999.0,E,8,6.34,E,8,-9900,?,9,-9900,?,9,0.0,E,8,-9900,?,9,-9900,?,9,0.0,0.0,E,8
12/24/2012,03:00,0.0,1413.234,0.0,1,8,0.0,1,8,0.0,1,8,0.0,1,8,0.0,1,8,0.0,1,8,-0.0,1,8,-9900,?,9,-9900,?,9,11.89,E,8,9.92,E,8,86.0,E,8,822.9788000000001,E,8,999.0,E,8,7.49,E,8,-9900,?,9,-9900,?,9,0.0,E,8,-9900,?,9,-9900,?,9,0.0,0.0,E,8
12/24/2012,04:00,0.0,1413.379,0.0,1,8,0.0,1,8,0.0,1,8,0.0,1,8,0.0,1,8,0.0,1,8,-0.0,1,8,-9900,?,9,-9900,?,9,11.38,E,8,10.02,E,8,89.0,E,8,822.9788000000001,E,8,999.0,E,8,11.6,E,8,-9900,?,9,-9900,?,9,0.0,E,8,-9900,?,9,-9900,?,9,0.0,0.0,E,8
12/24/2012,05:00,0.0,1413.379,0.0,1,8,0.0,1,8,0.0,1,8,0.0,1,8,0.0,1,8,0.0,1,8,-0.0,1,8,-9900,?,9,-9900,?,9,10.93,E,8,10.11,E,8,97.0,E,8,822.9788000000001,E,8,999.0,E,8,12.69,E,8,-9900,?,9,-9900,?,9,0.002,E,8,-9900,?,9,-9900,?,9,0.02,99.0,E,8
12/24/2012,06:00,110.581,1413.379,0.0,1,8,0.0,1,8,0.0,1,8,0.0,1,8,0.0,1,8,0.0,1,8,0.0,1,8,-9900,?,9,-9900,?,9,10.59,E,8,10.18,E,8,99.0,E,8,822.9788000000001,E,8,999.0,E,8,9.34,E,8,-9900,?,9,-9900,?,9,0.034,E,8,-9900,?,9,-9900,?,9,0.34,99.0,E,8
12/24/2012,07:00,422.825,1413.379,43.04,1,8,0.0,1,8,43.04,1,8,5164.8,1,8,0.0,1,8,4734.4,1,8,45.93,1,8,-9900,?,9,-9900,?,9,10.25,E,8,10.25,E,8,97.0,E,8,822.9788000000001,E,8,999.0,E,8,6.72,E,8,-9900,?,9,-9900,?,9,0.0,E,8,-9900,?,9,-9900,?,9,0.0,0.0,E,8
12/24/2012,08:00,722.638,1413.379,134.8,1,8,0.0,1,8,134.8,1,8,16176.0,1,8,0.0,1,8,14828.0,1,8,83.992,1,8,-9900,?,9,-9900,?,9,12.54,E,8,9.78,E,8,81.0,E,8,822.9788000000001,E,8,999.0,E,8,7.13,E,8,-9900,?,9,-9900,?,9,0.0,E,8,-9900,?,9,-9900,?,9,0.0,0.0,E,8
12/24/2012,09:00,987.386,1413.379,224.66,1,8,1.696,1,8,223.476,1,8,26959.2,1,8,161.076,1,8,24582.345,1,8,101.856,1,8,-9900,?,9,-9900,?,9,13.71,E,8,9.54,E,8,74.0,E,8,822.9788000000001,E,8,999.0,E,8,7.75,E,8,-9900,?,9,-9900,?,9,0.0,E,8,-9900,?,9,-9900,?,9,0.0,0.0,E,8
12/24/2012,10:00,1198.793,1413.379,301.58,1,8,4.149,1,8,298.062,1,8,36189.6,1,8,394.121,1,8,32786.78,1,8,111.872,1,8,-9900,?,9,-9900,?,9,14.79,E,8,9.32,E,8,69.0,E,8,822.9788000000001,E,8,999.0,E,8,8.62,E,8,-9900,?,9,-9900,?,9,0.0,E,8,-9900,?,9,-9900,?,9,0.0,0.0,E,8
12/24/2012,11:00,1342.391,1413.379,301.52,1,8,4.441,1,8,297.302,1,8,36182.4,1,8,421.892,1,8,32703.243,1,8,99.642,1,8,-9900,?,9,-9900,?,9,15.43,E,8,9.18,E,8,65.0,E,8,822.9788000000001,E,8,999.0,E,8,6.97,E,8,-9900,?,9,-9900,?,9,0.0,E,8,-9900,?,9,-9900,?,9,0.0,0.0,E,8
12/24/2012,12:00,1408.376,1413.379,378.47,1,8,7.453,1,8,371.043,1,8,45416.4,1,8,708.077,1,8,40814.725,1,8,118.526,1,8,-9900,?,9,-9900,?,9,16.2,E,8,9.02,E,8,62.0,E,8,822.9788000000001,E,8,999.0,E,8,5.91,E,8,-9900,?,9,-9900,?,9,0.0,E,8,-9900,?,9,-9900,?,9,0.0,0.0,E,8
12/24/2012,13:00,1392.241,1413.379,410.77,1,8,8.33,1,8,402.564,1,8,49292.4,1,8,791.391,1,8,44282.065,1,8,130.087,1,8,-9900,?,9,-9900,?,9,16.86,E,8,8.87,E,8,59.0,E,8,822.9788000000001,E,8,999.0,E,8,3.28,E,8,-9900,?,9,-9900,?,9,0.0,E,8,-9900,?,9,-9900,?,9,0.0,0.0,E,8
12/24/2012,14:00,1295.087,1413.379,463.74,1,8,23.543,1,8,442.169,1,8,55648.8,1,8,2236.555,1,8,48638.581,1,8,153.611,1,8,-9900,?,9,-9900,?,9,17.53,E,8,8.73,E,8,56.0,E,8,822.9788000000001,E,8,999.0,E,8,2.95,E,8,-9900,?,9,-9900,?,9,0.0,E,8,-9900,?,9,-9900,?,9,0.0,0.0,E,8
12/24/2012,15:00,1123.543,1413.379,264.86,1,8,3.026,1,8,262.455,1,8,31783.2,1,8,287.495,1,8,28870.021,1,8,105.111,1,8,-9900,?,9,-9900,?,9,17.44,E,8,8.75,E,8,56.0,E,8,822.9788000000001,E,8,999.0,E,8,3.61,E,8,-9900,?,9,-9900,?,9,0.0,E,8,-9900,?,9,-9900,?,9,0.0,0.0,E,8
12/24/2012,16:00,889.326,1413.379,273.51,1,8,9.936,1,8,267.261,1,8,32821.2,1,8,943.878,1,8,29398.727,1,8,135.263,1,8,-9900,?,9,-9900,?,9,17.41,E,8,8.75,E,8,61.0,E,8,822.9788000000001,E,8,999.0,E,8,1.96,E,8,-9900,?,9,-9900,?,9,0.001,E,8,-9900,?,9,-9900,?,9,0.01,99.0,E,8
12/24/2012,17:00,608.491,1413.379,190.64,1,8,6.993,1,8,187.633,1,8,22876.8,1,8,664.363,1,8,20639.64,1,8,138.906,1,8,-9900,?,9,-9900,?,9,17.06,E,8,8.83,E,8,62.0,E,8,822.9788000000001,E,8,999.0,E,8,3.73,E,8,-9900,?,9,-9900,?,9,0.003,E,8,-9900,?,9,-9900,?,9,0.03,99.0,E,8
12/24/2012,18:00,300.65,1413.379,98.15,1,8,43.744,1,8,88.901,1,8,11778.0,1,8,4155.633,1,8,9779.067,1,8,133.831,1,8,-9900,?,9,-9900,?,9,16.42,E,8,8.97,E,8,65.0,E,8,822.9788000000001,E,8,999.0,E,8,4.44,E,8,-9900,?,9,-9900,?,9,0.004,E,8,-9900,?,9,-9900,?,9,0.04,99.0,E,8
12/24/2012,19:00,0.0,1413.379,13.71,1,8,0.0,1,8,0.0,1,8,1645.2,1,8,0.0,1,8,0.0,1,8,-0.0,1,8,-9900,?,9,-9900,?,9,15.6,E,8,9.14,E,8,64.0,E,8,822.9788000000001,E,8,999.0,E,8,3.12,E,8,-9900,?,9,-9900,?,9,0.0,E,8,-9900,?,9,-9900,?,9,0.0,0.0,E,8
12/24/2012,20:00,0.0,1413.379,0.0,1,8,0.0,1,8,0.0,1,8,0.0,1,8,0.0,1,8,0.0,1,8,-0.0,1,8,-9900,?,9,-9900,?,9,14.96,E,8,9.28,E,8,72.0,E,8,822.9788000000001,E,8,999.0,E,8,0.85,E,8,-9900,?,9,-9900,?,9,0.001,E,8,-9900,?,9,-9900,?,9,0.01,99.0,E,8
12/24/2012,21:00,0.0,1413.379,0.0,1,8,0.0,1,8,0.0,1,8,0.0,1,8,0.0,1,8,0.0,1,8,-0.0,1,8,-9900,?,9,-9900,?,9,14.33,E,8,9.41,E,8,76.0,E,8,822.9788000000001,E,8,999.0,E,8,1.34,E,8,-9900,?,9,-9900,?,9,0.006,E,8,-9900,?,9,-9900,?,9,0.06,99.0,E,8
12/24/2012,22:00,0.0,1413.379,0.0,1,8,0.0,1,8,0.0,1,8,0.0,1,8,0.0,1,8,0.0,1,8,-0.0,1,8,-9900,?,9,-9900,?,9,13.69,E,8,9.55,E,8,89.0,E,8,822.9788000000001,E,8,999.0,E,8,1.63,E,8,-9900,?,9,-9900,?,9,0.512,E,8,-9900,?,9,-9900,?,9,5.12,99.0,E,8
12/24/2012,23:00,0.0,1413.379,0.0,1,8,0.0,1,8,0.0,1,8,0.0,1,8,0.0,1,8,0.0,1,8,-0.0,1,8,-9900,?,9,-9900,?,9,13.05,E,8,9.68,E,8,83.0,E,8,822.9788000000001,E,8,999.0,E,8,1.1,E,8,-9900,?,9,-9900,?,9,0.019,E,8,-9900,?,9,-9900,?,9,0.19,99.0,E,8
12/24/2012,24:00,0.0,1413.379,0.0,1,8,0.0,1,8,0.0,1,8,0.0,1,8,0.0,1,8,0.0,1,8,-0.0,1,8,-9900,?,9,-9900,?,9,12.42,E,8,9.73,E,8,83.0,E,8,822.9788000000001,E,8,999.0,E,8,0.72,E,8,-9900,?,9,-9900,?,9,0.0,E,8,-9900,?,9,-9900,?,9,0.0,0.0,E,8
12/25/2012,01:00,0.0,1413.379,0.0,1,8,0.0,1,8,0.0,1,8,0.0,1,8,0.0,1,8,0.0,1,8,-0.0,1,8,-9900,?,9,-9900,?,9,12.1,E,8,9.76,E,8,85.0,E,8,822.9788000000001,E,8,999.0,E,8,0.57,E,8,-9900,?,9,-9900,?,9,0.0,E,8,-9900,?,9,-9900,?,9,0.0,0.0,E,8
12/25/2012,02:00,0.0,1413.379,0.0,1,8,0.0,1,8,0.0,1,8,0.0,1,8,0.0,1,8,0.0,1,8,-0.0,1,8,-9900,?,9,-9900,?,9,11.78,E,8,9.8,E,8,87.0,E,8,822.9788000000001,E,8,999.0,E,8,1.78,E,8,-9900,?,9,-9900,?,9,0.0,E,8,-9900,?,9,-9900,?,9,0.0,0.0,E,8
12/25/2012,03:00,0.0,1413.379,0.0,1,8,0.0,1,8,0.0,1,8,0.0,1,8,0.0,1,8,0.0,1,8,-0.0,1,8,-9900,?,9,-9900,?,9,11.46,E,8,9.83,E,8,89.0,E,8,822.9788000000001,E,8,999.0,E,8,1.68,E,8,-9900,?,9,-9900,?,9,0.0,E,8,-9900,?,9,-9900,?,9,0.0,0.0,E,8
12/25/2012,04:00,0.0,1413.51,0.0,1,8,0.0,1,8,0.0,1,8,0.0,1,8,0.0,1,8,0.0,1,8,-0.0,1,8,-9900,?,9,-9900,?,9,11.14,E,8,9.87,E,8,91.0,E,8,822.9788000000001,E,8,999.0,E,8,2.19,E,8,-9900,?,9,-9900,?,9,0.0,E,8,-9900,?,9,-9900,?,9,0.0,0.0,E,8
12/25/2012,05:00,0.0,1413.51,0.0,1,8,0.0,1,8,0.0,1,8,0.0,1,8,0.0,1,8,0.0,1,8,-0.0,1,8,-9900,?,9,-9900,?,9,10.86,E,8,9.9,E,8,93.0,E,8,822.9788000000001,E,8,999.0,E,8,2.62,E,8,-9900,?,9,-9900,?,9,0.0,E,8,-9900,?,9,-9900,?,9,0.0,0.0,E,8
12/25/2012,06:00,107.853,1413.51,0.0,1,8,0.0,1,8,0.0,1,8,0.0,1,8,0.0,1,8,0.0,1,8,0.0,1,8,-9900,?,9,-9900,?,9,10.65,E,8,9.92,E,8,95.0,E,8,822.9788000000001,E,8,999.0,E,8,1.74,E,8,-9900,?,9,-9900,?,9,0.0,E,8,-9900,?,9,-9900,?,9,0.0,0.0,E,8
12/25/2012,07:00,420.141,1413.51,43.15,1,8,0.0,1,8,43.15,1,8,5178.0,1,8,0.0,1,8,4746.5,1,8,46.348,1,8,-9900,?,9,-9900,?,9,10.44,E,8,9.95,E,8,96.0,E,8,822.9788000000001,E,8,999.0,E,8,0.57,E,8,-9900,?,9,-9900,?,9,0.0,E,8,-9900,?,9,-9900,?,9,0.0,0.0,E,8
12/25/2012,08:00,720.24,1413.51,136.74,1,8,0.0,1,8,136.74,1,8,16408.8,1,8,0.0,1,8,15041.4,1,8,85.493,1,8,-9900,?,9,-9900,?,9,12.19,E,8,9.75,E,8,85.0,E,8,822.9788000000001,E,8,999.0,E,8,0.57,E,8,-9900,?,9,-9900,?,9,0.0,E,8,-9900,?,9,-9900,?,9,0.0,0.0,E,8
12/25/2012,09:00,985.431,1413.51,228.56,1,8,1.755,1,8,227.337,1,8,27427.2,1,8,166.731,1,8,25007.052,1,8,103.831,1,8,-9900,?,9,-9900,?,9,13.08,E,8,9.65,E,8,79.0,E,8,822.9788000000001,E,8,999.0,E,8,0.57,E,8,-9900,?,9,-9900,?,9,0.0,E,8,-9900,?,9,-9900,?,9,0.0,0.0,E,8
12/25/2012,10:00,1197.403,1413.51,307.23,1,8,4.253,1,8,303.628,1,8,36867.6,1,8,403.993,1,8,33399.082,1,8,114.104,1,8,-9900,?,9,-9900,?,9,13.91,E,8,9.56,E,8,80.0,E,8,822.9788000000001,E,8,999.0,E,8,0.57,E,8,-9900,?,9,-9900,?,9,0.002,E,8,-9900,?,9,-9900,?,9,0.02,99.0,E,8
12/25/2012,11:00,1341.65,1413.51,366.29,1,8,7.451,1,8,359.218,1,8,43954.8,1,8,707.808,1,8,39514.023,1,8,120.471,1,8,-9900,?,9,-9900,?,9,14.64,E,8,9.48,E,8,71.0,E,8,822.9788000000001,E,8,999.0,E,8,0.57,E,8,-9900,?,9,-9900,?,9,0.0,E,8,-9900,?,9,-9900,?,9,0.0,0.0,E,8
12/25/2012,12:00,1408.321,1413.51,349.43,1,8,7.01,1,8,342.446,1,8,41931.6,1,8,665.956,1,8,37669.026,1,8,109.406,1,8,-9900,?,9,-9900,?,9,15.07,E,8,9.43,E,8,69.0,E,8,822.9788000000001,E,8,999.0,E,8,0.57,E,8,-9900,?,9,-9900,?,9,0.0,E,8,-9900,?,9,-9900,?,9,0.0,0.0,E,8
12/25/2012,13:00,1392.862,1413.51,419.1,1,8,14.881,1,8,404.436,1,8,50292.0,1,8,1413.742,1,8,44487.962,1,8,130.645,1,8,-9900,?,9,-9900,?,9,15.57,E,8,9.37,E,8,66.0,E,8,822.9788000000001,E,8,999.0,E,8,0.57,E,8,-9900,?,9,-9900,?,9,0.0,E,8,-9900,?,9,-9900,?,9,0.0,0.0,E,8
12/25/2012,14:00,1296.329,1413.51,265.5,1,8,14.218,1,8,252.462,1,8,31860.0,1,8,1350.663,1,8,27770.805,1,8,87.63,1,8,-9900,?,9,-9900,?,9,15.58,E,8,9.37,E,8,66.0,E,8,822.9788000000001,E,8,999.0,E,8,0.71,E,8,-9900,?,9,-9900,?,9,0.0,E,8,-9900,?,9,-9900,?,9,0.0,0.0,E,8
12/25/2012,15:00,1125.305,1413.51,359.28,1,8,12.18,1,8,349.585,1,8,43113.6,1,8,1157.122,1,8,38454.337,1,8,139.799,1,8,-9900,?,9,-9900,?,9,15.78,E,8,9.35,E,8,65.0,E,8,822.9788000000001,E,8,999.0,E,8,0.62,E,8,-9900,?,9,-9900,?,9,0.0,E,8,-9900,?,9,-9900,?,9,0.0,0.0,E,8
12/25/2012,16:00,891.473,1413.51,360.51,1,8,64.097,1,8,320.103,1,8,43261.2,1,8,6089.178,1,8,35211.383,1,8,161.631,1,8,-9900,?,9,-9900,?,9,15.95,E,8,9.33,E,8,64.0,E,8,822.9788000000001,E,8,999.0,E,8,0.57,E,8,-9900,?,9,-9900,?,9,0.0,E,8,-9900,?,9,-9900,?,9,0.0,0.0,E,8
12/25/2012,17:00,610.861,1413.51,210.89,1,8,40.018,1,8,193.618,1,8,25306.8,1,8,3801.666,1,8,21297.984,1,8,142.792,1,8,-9900,?,9,-9900,?,9,15.73,E,8,9.36,E,8,65.0,E,8,822.9788000000001,E,8,999.0,E,8,0.57,E,8,-9900,?,9,-9900,?,9,0.0,E,8,-9900,?,9,-9900,?,9,0.0,0.0,E,8
12/25/2012,18:00,303.056,1413.51,131.03,1,8,181.268,1,8,92.395,1,8,15723.6,1,8,17220.426,1,8,10163.429,1,8,137.986,1,8,-9900,?,9,-9900,?,9,15.33,E,8,9.4,E,8,67.0,E,8,822.9788000000001,E,8,999.0,E,8,0.57,E,8,-9900,?,9,-9900,?,9,0.0,E,8,-9900,?,9,-9900,?,9,0.0,0.0,E,8
12/25/2012,19:00,0.0,1413.51,14.45,1,8,0.0,1,8,0.0,1,8,1734.0,1,8,0.0,1,8,0.0,1,8,-0.0,1,8,-9900,?,9,-9900,?,9,14.69,E,8,9.47,E,8,70.0,E,8,822.9788000000001,E,8,999.0,E,8,0.57,E,8,-9900,?,9,-9900,?,9,0.0,E,8,-9900,?,9,-9900,?,9,0.0,0.0,E,8
12/25/2012,20:00,0.0,1413.51,0.0,1,8,0.0,1,8,0.0,1,8,0.0,1,8,0.0,1,8,0.0,1,8,-0.0,1,8,-9900,?,9,-9900,?,9,14.26,E,8,9.52,E,8,73.0,E,8,822.9788000000001,E,8,999.0,E,8,0.57,E,8,-9900,?,9,-9900,?,9,0.0,E,8,-9900,?,9,-9900,?,9,0.0,0.0,E,8
12/25/2012,21:00,0.0,1413.51,0.0,1,8,0.0,1,8,0.0,1,8,0.0,1,8,0.0,1,8,0.0,1,8,-0.0,1,8,-9900,?,9,-9900,?,9,13.82,E,8,9.57,E,8,75.0,E,8,822.9788000000001,E,8,999.0,E,8,0.57,E,8,-9900,?,9,-9900,?,9,0.0,E,8,-9900,?,9,-9900,?,9,0.0,0.0,E,8
12/25/2012,22:00,0.0,1413.51,0.0,1,8,0.0,1,8,0.0,1,8,0.0,1,8,0.0,1,8,0.0,1,8,-0.0,1,8,-9900,?,9,-9900,?,9,13.39,E,8,9.62,E,8,77.0,E,8,822.9788000000001,E,8,999.0,E,8,0.57,E,8,-9900,?,9,-9900,?,9,0.0,E,8,-9900,?,9,-9900,?,9,0.0,0.0,E,8
12/25/2012,23:00,0.0,1413.51,0.0,1,8,0.0,1,8,0.0,1,8,0.0,1,8,0.0,1,8,0.0,1,8,-0.0,1,8,-9900,?,9,-9900,?,9,12.96,E,8,9.67,E,8,85.0,E,8,822.9788000000001,E,8,999.0,E,8,0.57,E,8,-9900,?,9,-9900,?,9,0.098,E,8,-9900,?,9,-9900,?,9,0.98,99.0,E,8
12/25/2012,24:00,0.0,1413.51,0.0,1,8,0.0,1,8,0.0,1,8,0.0,1,8,0.0,1,8,0.0,1,8,-0.0,1,8,-9900,?,9,-9900,?,9,12.53,E,8,4.76,E,8,59.0,E,8,822.9788000000001,E,8,999.0,E,8,0.37,E,8,-9900,?,9,-9900,?,9,0.0,E,8,-9900,?,9,-9900,?,9,0.0,0.0,E,8
12/26/2012,01:00,0.0,1413.51,0.0,1,8,0.0,1,8,0.0,1,8,0.0,1,8,0.0,1,8,0.0,1,8,-0.0,1,8,-9900,?,9,-9900,?,9,12.31,E,8,5.01,E,8,60.0,E,8,822.9788000000001,E,8,999.0,E,8,0.37,E,8,-9900,?,9,-9900,?,9,0.0,E,8,-9900,?,9,-9900,?,9,0.0,0.0,E,8
12/26/2012,02:00,0.0,1413.51,0.0,1,8,0.0,1,8,0.0,1,8,0.0,1,8,0.0,1,8,0.0,1,8,-0.0,1,8,-9900,?,9,-9900,?,9,12.09,E,8,5.25,E,8,62.0,E,8,822.9788000000001,E,8,999.0,E,8,0.37,E,8,-9900,?,9,-9900,?,9,0.0,E,8,-9900,?,9,-9900,?,9,0.0,0.0,E,8
12/26/2012,03:00,0.0,1413.51,0.0,1,8,0.0,1,8,0.0,1,8,0.0,1,8,0.0,1,8,0.0,1,8,-0.0,1,8,-9900,?,9,-9900,?,9,11.88,E,8,5.47,E,8,64.0,E,8,822.9788000000001,E,8,999.0,E,8,0.37,E,8,-9900,?,9,-9900,?,9,0.0,E,8,-9900,?,9,-9900,?,9,0.0,0.0,E,8
12/26/2012,04:00,0.0,1413.626,0.0,1,8,0.0,1,8,0.0,1,8,0.0,1,8,0.0,1,8,0.0,1,8,-0.0,1,8,-9900,?,9,-9900,?,9,11.66,E,8,5.71,E,8,66.0,E,8,822.9788000000001,E,8,999.0,E,8,0.37,E,8,-9900,?,9,-9900,?,9,0.0,E,8,-9900,?,9,-9900,?,9,0.0,0.0,E,8
12/26/2012,05:00,0.0,1413.626,0.0,1,8,0.0,1,8,0.0,1,8,0.0,1,8,0.0,1,8,0.0,1,8,-0.0,1,8,-9900,?,9,-9900,?,9,11.47,E,8,5.9,E,8,68.0,E,8,822.9788000000001,E,8,999.0,E,8,0.37,E,8,-9900,?,9,-9900,?,9,0.0,E,8,-9900,?,9,-9900,?,9,0.0,0.0,E,8
12/26/2012,06:00,105.067,1413.626,0.0,1,8,0.0,1,8,0.0,1,8,0.0,1,8,0.0,1,8,0.0,1,8,0.0,1,8,-9900,?,9,-9900,?,9,11.33,E,8,6.05,E,8,69.0,E,8,822.9788000000001,E,8,999.0,E,8,0.37,E,8,-9900,?,9,-9900,?,9,0.0,E,8,-9900,?,9,-9900,?,9,0.0,0.0,E,8
12/26/2012,07:00,417.407,1413.626,66.28,1,8,0.0,1,8,66.28,1,8,7953.6,1,8,0.0,1,8,7290.8,1,8,71.667,1,8,-9900,?,9,-9900,?,9,11.18,E,8,6.2,E,8,71.0,E,8,822.9788000000001,E,8,999.0,E,8,0.37,E,8,-9900,?,9,-9900,?,9,0.0,E,8,-9900,?,9,-9900,?,9,0.0,0.0,E,8
12/26/2012,08:00,717.806,1413.626,188.54,1,8,9.832,1,8,183.552,1,8,22624.8,1,8,934.037,1,8,20190.694,1,8,115.16,1,8,-9900,?,9,-9900,?,9,12.91,E,8,4.33,E,8,55.0,E,8,822.9788000000001,E,8,999.0,E,8,0.37,E,8,-9900,?,9,-9900,?,9,0.0,E,8,-9900,?,9,-9900,?,9,0.0,0.0,E,8
12/26/2012,09:00,983.451,1413.626,464.21,1,8,136.841,1,8,369.04,1,8,55705.2,1,8,12999.895,1,8,40594.44,1,8,168.905,1,8,-9900,?,9,-9900,?,9,14.44,E,8,2.47,E,8,44.0,E,8,822.9788000000001,E,8,999.0,E,8,0.37,E,8,-9900,?,9,-9900,?,9,0.0,E,8,-9900,?,9,-9900,?,9,0.0,0.0,E,8
12/26/2012,10:00,1195.996,1413.626,649.98,1,8,239.228,1,8,447.605,1,8,77997.6,1,8,22726.668,1,8,49236.554,1,8,168.423,1,8,-9900,?,9,-9900,?,9,15.83,E,8,0.56,E,8,35.0,E,8,822.9788000000001,E,8,999.0,E,8,0.37,E,8,-9900,?,9,-9900,?,9,0.0,E,8,-9900,?,9,-9900,?,9,0.0,0.0,E,8
12/26/2012,11:00,1340.896,1413.626,946.95,1,8,532.519,1,8,441.845,1,8,113634.0,1,8,50589.343,1,8,48602.94,1,8,148.277,1,8,-9900,?,9,-9900,?,9,17.47,E,8,-1.81,E,8,26.0,E,8,822.9788000000001,E,8,999.0,E,8,0.67,E,8,-9900,?,9,-9900,?,9,0.0,E,8,-9900,?,9,-9900,?,9,0.0,0.0,E,8
12/26/2012,12:00,1408.253,1413.626,931.78,1,8,452.515,1,8,480.986,1,8,111813.6,1,8,42988.934,1,8,52908.446,1,8,153.687,1,8,-9900,?,9,-9900,?,9,18.53,E,8,-3.55,E,8,21.0,E,8,822.9788000000001,E,8,999.0,E,8,0.79,E,8,-9900,?,9,-9900,?,9,0.0,E,8,-9900,?,9,-9900,?,9,0.0,0.0,E,8
12/26/2012,13:00,1393.468,1413.626,760.37,1,8,205.511,1,8,557.791,1,8,91244.4,1,8,19523.55,1,8,61357.026,1,8,180.12,1,8,-9900,?,9,-9900,?,9,18.95,E,8,-4.31,E,8,19.0,E,8,822.9788000000001,E,8,999.0,E,8,1.05,E,8,-9900,?,9,-9900,?,9,0.0,E,8,-9900,?,9,-9900,?,9,0.0,0.0,E,8
12/26/2012,14:00,1297.548,1413.626,824.71,1,8,343.358,1,8,509.564,1,8,98965.2,1,8,32619.014,1,8,56051.992,1,8,176.719,1,8,-9900,?,9,-9900,?,9,19.38,E,8,-5.14,E,8,17.0,E,8,822.9788000000001,E,8,999.0,E,8,2.79,E,8,-9900,?,9,-9900,?,9,0.0,E,8,-9900,?,9,-9900,?,9,0.0,0.0,E,8
12/26/2012,15:00,1127.036,1413.626,684.62,1,8,366.143,1,8,392.756,1,8,82154.4,1,8,34783.543,1,8,43203.173,1,8,156.835,1,8,-9900,?,9,-9900,?,9,19.5,E,8,-5.38,E,8,17.0,E,8,822.9788000000001,E,8,999.0,E,8,2.55,E,8,-9900,?,9,-9900,?,9,0.0,E,8,-9900,?,9,-9900,?,9,0.0,0.0,E,8
12/26/2012,16:00,893.578,1413.626,418.13,1,8,80.938,1,8,366.99,1,8,50175.6,1,8,7689.129,1,8,40368.911,1,8,184.883,1,8,-9900,?,9,-9900,?,9,19.05,E,8,-4.5,E,8,19.0,E,8,822.9788000000001,E,8,999.0,E,8,1.15,E,8,-9900,?,9,-9900,?,9,0.0,E,8,-9900,?,9,-9900,?,9,0.0,0.0,E,8
12/26/2012,17:00,613.175,1413.626,339.84,1,8,305.536,1,8,207.477,1,8,40780.8,1,8,29025.96,1,8,22822.502,1,8,152.447,1,8,-9900,?,9,-9900,?,9,18.52,E,8,-3.53,E,8,21.0,E,8,822.9788000000001,E,8,999.0,E,8,1.31,E,8,-9900,?,9,-9900,?,9,0.0,E,8,-9900,?,9,-9900,?,9,0.0,0.0,E,8
12/26/2012,18:00,305.393,1413.626,124.48,1,8,122.093,1,8,98.256,1,8,14937.6,1,8,11598.804,1,8,10808.204,1,8,145.616,1,8,-9900,?,9,-9900,?,9,17.66,E,8,-2.1,E,8,25.0,E,8,822.9788000000001,E,8,999.0,E,8,0.37,E,8,-9900,?,9,-9900,?,9,0.0,E,8,-9900,?,9,-9900,?,9,0.0,0.0,E,8
12/26/2012,19:00,1.642,1413.626,30.92,1,8,0.0,1,8,0.0,1,8,3710.4,1,8,0.0,1,8,0.0,1,8,-0.0,1,8,-9900,?,9,-9900,?,9,16.77,E,8,-0.77,E,8,30.0,E,8,822.9788000000001,E,8,999.0,E,8,0.37,E,8,-9900,?,9,-9900,?,9,0.0,E,8,-9900,?,9,-9900,?,9,0.0,0.0,E,8
12/26/2012,20:00,0.0,1413.626,0.0,1,8,0.0,1,8,0.0,1,8,0.0,1,8,0.0,1,8,0.0,1,8,-0.0,1,8,-9900,?,9,-9900,?,9,16.05,E,8,0.24,E,8,34.0,E,8,822.9788000000001,E,8,999.0,E,8,0.37,E,8,-9900,?,9,-9900,?,9,0.0,E,8,-9900,?,9,-9900,?,9,0.0,0.0,E,8
12/26/2012,21:00,0.0,1413.626,0.0,1,8,0.0,1,8,0.0,1,8,0.0,1,8,0.0,1,8,0.0,1,8,-0.0,1,8,-9900,?,9,-9900,?,9,15.33,E,8,1.28,E,8,38.0,E,8,822.9788000000001,E,8,999.0,E,8,0.37,E,8,-9900,?,9,-9900,?,9,0.0,E,8,-9900,?,9,-9900,?,9,0.0,0.0,E,8
12/26/2012,22:00,0.0,1413.626,0.0,1,8,0.0,1,8,0.0,1,8,0.0,1,8,0.0,1,8,0.0,1,8,-0.0,1,8,-9900,?,9,-9900,?,9,14.61,E,8,2.25,E,8,43.0,E,8,822.9788000000001,E,8,999.0,E,8,0.37,E,8,-9900,?,9,-9900,?,9,0.0,E,8,-9900,?,9,-9900,?,9,0.0,0.0,E,8
12/26/2012,23:00,0.0,1413.626,0.0,1,8,0.0,1,8,0.0,1,8,0.0,1,8,0.0,1,8,0.0,1,8,-0.0,1,8,-9900,?,9,-9900,?,9,13.89,E,8,3.17,E,8,48.0,E,8,822.9788000000001,E,8,999.0,E,8,0.37,E,8,-9900,?,9,-9900,?,9,0.0,E,8,-9900,?,9,-9900,?,9,0.0,0.0,E,8
12/26/2012,24:00,0.0,1413.626,0.0,1,8,0.0,1,8,0.0,1,8,0.0,1,8,0.0,1,8,0.0,1,8,-0.0,1,8,-9900,?,9,-9900,?,9,13.18,E,8,8.48,E,8,73.0,E,8,822.9788000000001,E,8,999.0,E,8,0.15,E,8,-9900,?,9,-9900,?,9,0.0,E,8,-9900,?,9,-9900,?,9,0.0,0.0,E,8
12/27/2012,01:00,0.0,1413.626,0.0,1,8,0.0,1,8,0.0,1,8,0.0,1,8,0.0,1,8,0.0,1,8,-0.0,1,8,-9900,?,9,-9900,?,9,12.82,E,8,8.79,E,8,76.0,E,8,822.9788000000001,E,8,999.0,E,8,0.15,E,8,-9900,?,9,-9900,?,9,0.0,E,8,-9900,?,9,-9900,?,9,0.0,0.0,E,8
12/27/2012,02:00,0.0,1413.626,0.0,1,8,0.0,1,8,0.0,1,8,0.0,1,8,0.0,1,8,0.0,1,8,-0.0,1,8,-9900,?,9,-9900,?,9,12.46,E,8,9.09,E,8,79.0,E,8,822.9788000000001,E,8,999.0,E,8,0.15,E,8,-9900,?,9,-9900,?,9,0.0,E,8,-9900,?,9,-9900,?,9,0.0,0.0,E,8
12/27/2012,03:00,0.0,1413.626,0.0,1,8,0.0,1,8,0.0,1,8,0.0,1,8,0.0,1,8,0.0,1,8,-0.0,1,8,-9900,?,9,-9900,?,9,12.1,E,8,9.39,E,8,83.0,E,8,822.9788000000001,E,8,999.0,E,8,0.15,E,8,-9900,?,9,-9900,?,9,0.0,E,8,-9900,?,9,-9900,?,9,0.0,0.0,E,8
12/27/2012,04:00,0.0,1413.727,0.0,1,8,0.0,1,8,0.0,1,8,0.0,1,8,0.0,1,8,0.0,1,8,-0.0,1,8,-9900,?,9,-9900,?,9,11.74,E,8,9.68,E,8,87.0,E,8,822.9788000000001,E,8,999.0,E,8,0.15,E,8,-9900,?,9,-9900,?,9,0.0,E,8,-9900,?,9,-9900,?,9,0.0,0.0,E,8
12/27/2012,05:00,0.0,1413.727,0.0,1,8,0.0,1,8,0.0,1,8,0.0,1,8,0.0,1,8,0.0,1,8,-0.0,1,8,-9900,?,9,-9900,?,9,11.42,E,8,9.93,E,8,90.0,E,8,822.9788000000001,E,8,999.0,E,8,0.15,E,8,-9900,?,9,-9900,?,9,0.0,E,8,-9900,?,9,-9900,?,9,0.0,0.0,E,8
12/27/2012,06:00,102.226,1413.727,0.0,1,8,0.0,1,8,0.0,1,8,0.0,1,8,0.0,1,8,0.0,1,8,0.0,1,8,-9900,?,9,-9900,?,9,11.18,E,8,10.12,E,8,93.0,E,8,822.9788000000001,E,8,999.0,E,8,0.15,E,8,-9900,?,9,-9900,?,9,0.0,E,8,-9900,?,9,-9900,?,9,0.0,0.0,E,8
12/27/2012,07:00,414.628,1413.727,126.38,1,8,27.493,1,8,118.341,1,8,15165.6,1,8,2611.88,1,8,13017.534,1,8,128.833,1,8,-9900,?,9,-9900,?,9,10.94,E,8,10.3,E,8,95.0,E,8,822.9788000000001,E,8,999.0,E,8,0.15,E,8,-9900,?,9,-9900,?,9,0.0,E,8,-9900,?,9,-9900,?,9,0.0,0.0,E,8
12/27/2012,08:00,715.337,1413.727,367.22,1,8,228.305,1,8,251.797,1,8,44066.4,1,8,21688.957,1,8,27697.708,1,8,158.535,1,8,-9900,?,9,-9900,?,9,14.95,E,8,6.88,E,8,58.0,E,8,822.9788000000001,E,8,999.0,E,8,0.15,E,8,-9900,?,9,-9900,?,9,0.0,E,8,-9900,?,9,-9900,?,9,0.0,0.0,E,8
12/27/2012,09:00,981.446,1413.727,586.47,1,8,349.954,1,8,343.6,1,8,70376.4,1,8,33245.59,1,8,37795.983,1,8,157.594,1,8,-9900,?,9,-9900,?,9,16.79,E,8,5.03,E,8,45.0,E,8,822.9788000000001,E,8,999.0,E,8,0.15,E,8,-9900,?,9,-9900,?,9,0.0,E,8,-9900,?,9,-9900,?,9,0.0,0.0,E,8
12/27/2012,10:00,1194.572,1413.727,694.72,1,8,261.398,1,8,473.869,1,8,83366.4,1,8,24832.853,1,8,52125.632,1,8,178.531,1,8,-9900,?,9,-9900,?,9,18.15,E,8,3.51,E,8,37.0,E,8,822.9788000000001,E,8,999.0,E,8,0.35,E,8,-9900,?,9,-9900,?,9,0.0,E,8,-9900,?,9,-9900,?,9,0.0,0.0,E,8
12/27/2012,11:00,1340.128,1413.727,829.09,1,8,336.092,1,8,510.505,1,8,99490.8,1,8,31928.784,1,8,56155.565,1,8,171.429,1,8,-9900,?,9,-9900,?,9,19.4,E,8,1.97,E,8,31.0,E,8,822.9788000000001,E,8,999.0,E,8,0.59,E,8,-9900,?,9,-9900,?,9,0.0,E,8,-9900,?,9,-9900,?,9,0.0,0.0,E,8
12/27/2012,12:00,1408.172,1413.727,836.64,1,8,262.873,1,8,574.8,1,8,100396.8,1,8,24972.935,1,8,63228.05,1,8,183.687,1,8,-9900,?,9,-9900,?,9,20.26,E,8,0.81,E,8,27.0,E,8,822.9788000000001,E,8,999.0,E,8,0.73,E,8,-9900,?,9,-9900,?,9,0.0,E,8,-9900,?,9,-9900,?,9,0.0,0.0,E,8
12/27/2012,13:00,1394.058,1413.727,867.44,1,8,304.355,1,8,567.322,1,8,104092.8,1,8,28913.68,1,8,62405.462,1,8,183.134,1,8,-9900,?,9,-9900,?,9,20.94,E,8,-0.15,E,8,24.0,E,8,822.9788000000001,E,8,999.0,E,8,1.43,E,8,-9900,?,9,-9900,?,9,0.0,E,8,-9900,?,9,-9900,?,9,0.0,0.0,E,8
12/27/2012,14:00,1298.745,1413.727,729.09,1,8,20.704,1,8,710.071,1,8,87490.8,1,8,1966.896,1,8,78107.787,1,8,246.046,1,8,-9900,?,9,-9900,?,9,21.17,E,8,-0.46,E,8,23.0,E,8,822.9788000000001,E,8,999.0,E,8,2.23,E,8,-9900,?,9,-9900,?,9,0.0,E,8,-9900,?,9,-9900,?,9,0.0,0.0,E,8
12/27/2012,15:00,1128.735,1413.727,714.52,1,8,318.956,1,8,459.904,1,8,85742.4,1,8,30300.863,1,8,50589.479,1,8,183.385,1,8,-9900,?,9,-9900,?,9,21.32,E,8,-0.66,E,8,22.0,E,8,822.9788000000001,E,8,999.0,E,8,2.97,E,8,-9900,?,9,-9900,?,9,0.0,E,8,-9900,?,9,-9900,?,9,0.0,0.0,E,8
12/27/2012,16:00,895.638,1413.727,565.01,1,8,423.455,1,8,296.856,1,8,67801.2,1,8,40228.191,1,8,32654.197,1,8,149.217,1,8,-9900,?,9,-9900,?,9,21.12,E,8,-0.39,E,8,23.0,E,8,822.9788000000001,E,8,999.0,E,8,2.8,E,8,-9900,?,9,-9900,?,9,0.0,E,8,-9900,?,9,-9900,?,9,0.0,0.0,E,8
12/27/2012,17:00,615.43,1413.727,358.59,1,8,361.851,1,8,201.264,1,8,43030.8,1,8,34375.854,1,8,22139.019,1,8,147.348,1,8,-9900,?,9,-9900,?,9,20.43,E,8,0.57,E,8,26.0,E,8,822.9788000000001,E,8,999.0,E,8,1.99,E,8,-9900,?,9,-9900,?,9,0.0,E,8,-9900,?,9,-9900,?,9,0.0,0.0,E,8
12/27/2012,18:00,307.659,1413.727,180.02,1,8,620.45,1,8,45.767,1,8,21602.4,1,8,58942.714,1,8,5034.331,1,8,67.326,1,8,-9900,?,9,-9900,?,9,19.45,E,8,1.9,E,8,30.0,E,8,822.9788000000001,E,8,999.0,E,8,1.0,E,8,-9900,?,9,-9900,?,9,0.0,E,8,-9900,?,9,-9900,?,9,0.0,0.0,E,8
12/27/2012,19:00,3.411,1413.727,33.53,1,8,0.0,1,8,0.0,1,8,4023.6,1,8,0.0,1,8,0.0,1,8,-0.0,1,8,-9900,?,9,-9900,?,9,18.31,E,8,3.32,E,8,36.0,E,8,822.9788000000001,E,8,999.0,E,8,0.3,E,8,-9900,?,9,-9900,?,9,0.0,E,8,-9900,?,9,-9900,?,9,0.0,0.0,E,8
12/27/2012,20:00,0.0,1413.727,0.0,1,8,0.0,1,8,0.0,1,8,0.0,1,8,0.0,1,8,0.0,1,8,-0.0,1,8,-9900,?,9,-9900,?,9,17.65,E,8,4.09,E,8,40.0,E,8,822.9788000000001,E,8,999.0,E,8,0.21,E,8,-9900,?,9,-9900,?,9,0.0,E,8,-9900,?,9,-9900,?,9,0.0,0.0,E,8
12/27/2012,21:00,0.0,1413.727,0.0,1,8,0.0,1,8,0.0,1,8,0.0,1,8,0.0,1,8,0.0,1,8,-0.0,1,8,-9900,?,9,-9900,?,9,17.0,E,8,4.81,E,8,44.0,E,8,822.9788000000001,E,8,999.0,E,8,0.15,E,8,-9900,?,9,-9900,?,9,0.0,E,8,-9900,?,9,-9900,?,9,0.0,0.0,E,8
12/27/2012,22:00,0.0,1413.727,0.0,1,8,0.0,1,8,0.0,1,8,0.0,1,8,0.0,1,8,0.0,1,8,-0.0,1,8,-9900,?,9,-9900,?,9,16.34,E,8,5.51,E,8,48.0,E,8,822.9788000000001,E,8,999.0,E,8,0.15,E,8,-9900,?,9,-9900,?,9,0.0,E,8,-9900,?,9,-9900,?,9,0.0,0.0,E,8
12/27/2012,23:00,0.0,1413.727,0.0,1,8,0.0,1,8,0.0,1,8,0.0,1,8,0.0,1,8,0.0,1,8,-0.0,1,8,-9900,?,9,-9900,?,9,15.68,E,8,6.17,E,8,53.0,E,8,822.9788000000001,E,8,999.0,E,8,0.16,E,8,-9900,?,9,-9900,?,9,0.0,E,8,-9900,?,9,-9900,?,9,0.0,0.0,E,8
12/27/2012,24:00,0.0,1413.727,0.0,1,8,0.0,1,8,0.0,1,8,0.0,1,8,0.0,1,8,0.0,1,8,-0.0,1,8,-9900,?,9,-9900,?,9,15.03,E,8,12.64,E,8,90.0,E,8,822.9788000000001,E,8,999.0,E,8,0.84,E,8,-9900,?,9,-9900,?,9,0.001,E,8,-9900,?,9,-9900,?,9,0.01,99.0,E,8
12/28/2012,01:00,0.0,1413.727,0.0,1,8,0.0,1,8,0.0,1,8,0.0,1,8,0.0,1,8,0.0,1,8,-0.0,1,8,-9900,?,9,-9900,?,9,14.7,E,8,12.64,E,8,87.0,E,8,822.9788000000001,E,8,999.0,E,8,1.34,E,8,-9900,?,9,-9900,?,9,0.0,E,8,-9900,?,9,-9900,?,9,0.0,0.0,E,8
12/28/2012,02:00,0.0,1413.727,0.0,1,8,0.0,1,8,0.0,1,8,0.0,1,8,0.0,1,8,0.0,1,8,-0.0,1,8,-9900,?,9,-9900,?,9,14.37,E,8,12.64,E,8,89.0,E,8,822.9788000000001,E,8,999.0,E,8,1.01,E,8,-9900,?,9,-9900,?,9,0.0,E,8,-9900,?,9,-9900,?,9,0.0,0.0,E,8
12/28/2012,03:00,0.0,1413.727,0.0,1,8,0.0,1,8,0.0,1,8,0.0,1,8,0.0,1,8,0.0,1,8,-0.0,1,8,-9900,?,9,-9900,?,9,14.04,E,8,12.64,E,8,91.0,E,8,822.9788000000001,E,8,999.0,E,8,1.74,E,8,-9900,?,9,-9900,?,9,0.0,E,8,-9900,?,9,-9900,?,9,0.0,0.0,E,8
12/28/2012,04:00,0.0,1413.813,0.0,1,8,0.0,1,8,0.0,1,8,0.0,1,8,0.0,1,8,0.0,1,8,-0.0,1,8,-9900,?,9,-9900,?,9,13.71,E,8,12.64,E,8,93.0,E,8,822.9788000000001,E,8,999.0,E,8,2.59,E,8,-9900,?,9,-9900,?,9,0.0,E,8,-9900,?,9,-9900,?,9,0.0,0.0,E,8
12/28/2012,05:00,0.0,1413.813,0.0,1,8,0.0,1,8,0.0,1,8,0.0,1,8,0.0,1,8,0.0,1,8,-0.0,1,8,-9900,?,9,-9900,?,9,13.42,E,8,12.64,E,8,94.0,E,8,822.9788000000001,E,8,999.0,E,8,2.03,E,8,-9900,?,9,-9900,?,9,0.0,E,8,-9900,?,9,-9900,?,9,0.0,0.0,E,8
12/28/2012,06:00,99.332,1413.813,0.0,1,8,0.0,1,8,0.0,1,8,0.0,1,8,0.0,1,8,0.0,1,8,0.0,1,8,-9900,?,9,-9900,?,9,13.21,E,8,12.64,E,8,96.0,E,8,822.9788000000001,E,8,999.0,E,8,1.82,E,8,-9900,?,9,-9900,?,9,0.0,E,8,-9900,?,9,-9900,?,9,0.0,0.0,E,8
12/28/2012,07:00,411.803,1413.813,124.24,1,8,28.932,1,8,115.839,1,8,14908.8,1,8,2748.499,1,8,12742.318,1,8,126.987,1,8,-9900,?,9,-9900,?,9,12.99,E,8,12.64,E,8,97.0,E,8,822.9788000000001,E,8,999.0,E,8,0.62,E,8,-9900,?,9,-9900,?,9,0.0,E,8,-9900,?,9,-9900,?,9,0.0,0.0,E,8
12/28/2012,08:00,712.836,1413.813,149.76,1,8,5.205,1,8,147.138,1,8,17971.2,1,8,494.438,1,8,16185.193,1,8,92.972,1,8,-9900,?,9,-9900,?,9,15.75,E,8,12.64,E,8,81.0,E,8,822.9788000000001,E,8,999.0,E,8,0.62,E,8,-9900,?,9,-9900,?,9,0.0,E,8,-9900,?,9,-9900,?,9,0.0,0.0,E,8
12/28/2012,09:00,979.418,1413.813,350.22,1,8,27.21,1,8,331.376,1,8,42026.4,1,8,2584.943,1,8,36451.397,1,8,152.312,1,8,-9900,?,9,-9900,?,9,17.18,E,8,12.63,E,8,74.0,E,8,822.9788000000001,E,8,999.0,E,8,0.62,E,8,-9900,?,9,-9900,?,9,0.0,E,8,-9900,?,9,-9900,?,9,0.0,0.0,E,8
12/28/2012,10:00,1193.131,1413.813,372.47,1,8,3.361,1,8,369.634,1,8,44696.4,1,8,319.279,1,8,40659.751,1,8,139.437,1,8,-9900,?,9,-9900,?,9,18.01,E,8,12.63,E,8,70.0,E,8,822.9788000000001,E,8,999.0,E,8,0.62,E,8,-9900,?,9,-9900,?,9,0.0,E,8,-9900,?,9,-9900,?,9,0.0,0.0,E,8
12/28/2012,11:00,1339.348,1413.813,341.9,1,8,31.515,1,8,312.046,1,8,41028.0,1,8,2993.9,1,8,34325.075,1,8,104.853,1,8,-9900,?,9,-9900,?,9,18.38,E,8,12.63,E,8,68.0,E,8,822.9788000000001,E,8,999.0,E,8,0.62,E,8,-9900,?,9,-9900,?,9,0.0,E,8,-9900,?,9,-9900,?,9,0.0,0.0,E,8
12/28/2012,12:00,1408.079,1413.813,445.75,1,8,42.783,1,8,403.141,1,8,53490.0,1,8,4064.371,1,8,44345.484,1,8,128.847,1,8,-9900,?,9,-9900,?,9,18.98,E,8,12.63,E,8,71.0,E,8,822.9788000000001,E,8,999.0,E,8,0.66,E,8,-9900,?,9,-9900,?,9,0.008,E,8,-9900,?,9,-9900,?,9,0.08,99.0,E,8
12/28/2012,13:00,1394.631,1413.813,516.39,1,8,36.127,1,8,480.753,1,8,61966.8,1,8,3432.071,1,8,52882.872,1,8,155.135,1,8,-9900,?,9,-9900,?,9,19.61,E,8,12.63,E,8,68.0,E,8,822.9788000000001,E,8,999.0,E,8,0.62,E,8,-9900,?,9,-9900,?,9,0.001,E,8,-9900,?,9,-9900,?,9,0.01,99.0,E,8
12/28/2012,14:00,1299.918,1413.813,297.83,1,8,3.183,1,8,294.904,1,8,35739.6,1,8,302.369,1,8,32439.411,1,8,102.101,1,8,-9900,?,9,-9900,?,9,19.48,E,8,12.63,E,8,64.0,E,8,822.9788000000001,E,8,999.0,E,8,0.62,E,8,-9900,?,9,-9900,?,9,0.0,E,8,-9900,?,9,-9900,?,9,0.0,0.0,E,8
12/28/2012,15:00,1130.399,1413.813,224.65,1,8,3.541,1,8,221.82,1,8,26958.0,1,8,336.36,1,8,24400.156,1,8,88.325,1,8,-9900,?,9,-9900,?,9,19.1,E,8,12.63,E,8,70.0,E,8,822.9788000000001,E,8,999.0,E,8,0.62,E,8,-9900,?,9,-9900,?,9,0.005,E,8,-9900,?,9,-9900,?,9,0.05,99.0,E,8
12/28/2012,16:00,897.651,1413.813,313.1,1,8,26.163,1,8,296.496,1,8,37572.0,1,8,2485.492,1,8,32614.547,1,8,148.711,1,8,-9900,?,9,-9900,?,9,19.1,E,8,12.63,E,8,75.0,E,8,822.9788000000001,E,8,999.0,E,8,0.62,E,8,-9900,?,9,-9900,?,9,0.43899999999999995,E,8,-9900,?,9,-9900,?,9,4.39,99.0,E,8
12/28/2012,17:00,617.626,1413.813,219.41,1,8,30.922,1,8,205.919,1,8,26329.2,1,8,2937.564,1,8,22651.038,1,8,150.228,1,8,-9900,?,9,-9900,?,9,18.8,E,8,12.63,E,8,71.0,E,8,822.9788000000001,E,8,999.0,E,8,0.62,E,8,-9900,?,9,-9900,?,9,0.014000000000000002,E,8,-9900,?,9,-9900,?,9,0.14,99.0,E,8
12/28/2012,18:00,309.85,1413.813,114.46,1,8,107.823,1,8,90.963,1,8,13735.2,1,8,10243.191,1,8,10005.875,1,8,132.863,1,8,-9900,?,9,-9900,?,9,18.26,E,8,12.63,E,8,69.0,E,8,822.9788000000001,E,8,999.0,E,8,0.69,E,8,-9900,?,9,-9900,?,9,0.0,E,8,-9900,?,9,-9900,?,9,0.0,0.0,E,8
12/28/2012,19:00,5.114,1413.813,17.52,1,8,0.0,1,8,0.0,1,8,2102.4,1,8,0.0,1,8,0.0,1,8,-0.0,1,8,-9900,?,9,-9900,?,9,17.54,E,8,12.63,E,8,77.0,E,8,822.9788000000001,E,8,999.0,E,8,1.09,E,8,-9900,?,9,-9900,?,9,0.026000000000000002,E,8,-9900,?,9,-9900,?,9,0.26,99.0,E,8
12/28/2012,20:00,0.0,1413.813,0.0,1,8,0.0,1,8,0.0,1,8,0.0,1,8,0.0,1,8,0.0,1,8,-0.0,1,8,-9900,?,9,-9900,?,9,16.93,E,8,12.63,E,8,75.0,E,8,822.9788000000001,E,8,999.0,E,8,0.62,E,8,-9900,?,9,-9900,?,9,0.0,E,8,-9900,?,9,-9900,?,9,0.0,0.0,E,8
12/28/2012,21:00,0.0,1413.813,0.0,1,8,0.0,1,8,0.0,1,8,0.0,1,8,0.0,1,8,0.0,1,8,-0.0,1,8,-9900,?,9,-9900,?,9,16.32,E,8,12.63,E,8,83.0,E,8,822.9788000000001,E,8,999.0,E,8,0.62,E,8,-9900,?,9,-9900,?,9,0.003,E,8,-9900,?,9,-9900,?,9,0.03,99.0,E,8
12/28/2012,22:00,0.0,1413.813,0.0,1,8,0.0,1,8,0.0,1,8,0.0,1,8,0.0,1,8,0.0,1,8,-0.0,1,8,-9900,?,9,-9900,?,9,15.72,E,8,12.64,E,8,86.0,E,8,822.9788000000001,E,8,999.0,E,8,0.62,E,8,-9900,?,9,-9900,?,9,0.002,E,8,-9900,?,9,-9900,?,9,0.02,99.0,E,8
12/28/2012,23:00,0.0,1413.813,0.0,1,8,0.0,1,8,0.0,1,8,0.0,1,8,0.0,1,8,0.0,1,8,-0.0,1,8,-9900,?,9,-9900,?,9,15.11,E,8,12.64,E,8,84.0,E,8,822.9788000000001,E,8,999.0,E,8,0.73,E,8,-9900,?,9,-9900,?,9,0.0,E,8,-9900,?,9,-9900,?,9,0.0,0.0,E,8
12/28/2012,24:00,0.0,1413.813,0.0,1,8,0.0,1,8,0.0,1,8,0.0,1,8,0.0,1,8,0.0,1,8,-0.0,1,8,-9900,?,9,-9900,?,9,14.5,E,8,12.5,E,8,87.0,E,8,822.9788000000001,E,8,999.0,E,8,0.22,E,8,-9900,?,9,-9900,?,9,0.0,E,8,-9900,?,9,-9900,?,9,0.0,0.0,E,8
12/29/2012,01:00,0.0,1413.813,0.0,1,8,0.0,1,8,0.0,1,8,0.0,1,8,0.0,1,8,0.0,1,8,-0.0,1,8,-9900,?,9,-9900,?,9,14.2,E,8,12.42,E,8,88.0,E,8,822.9788000000001,E,8,999.0,E,8,0.2,E,8,-9900,?,9,-9900,?,9,0.0,E,8,-9900,?,9,-9900,?,9,0.0,0.0,E,8
12/29/2012,02:00,0.0,1413.813,0.0,1,8,0.0,1,8,0.0,1,8,0.0,1,8,0.0,1,8,0.0,1,8,-0.0,1,8,-9900,?,9,-9900,?,9,13.89,E,8,12.34,E,8,90.0,E,8,822.9788000000001,E,8,999.0,E,8,0.56,E,8,-9900,?,9,-9900,?,9,0.0,E,8,-9900,?,9,-9900,?,9,0.0,0.0,E,8
12/29/2012,03:00,0.0,1413.813,0.0,1,8,0.0,1,8,0.0,1,8,0.0,1,8,0.0,1,8,0.0,1,8,-0.0,1,8,-9900,?,9,-9900,?,9,13.59,E,8,12.27,E,8,91.0,E,8,822.9788000000001,E,8,999.0,E,8,0.44,E,8,-9900,?,9,-9900,?,9,0.0,E,8,-9900,?,9,-9900,?,9,0.0,0.0,E,8
12/29/2012,04:00,0.0,1413.884,0.0,1,8,0.0,1,8,0.0,1,8,0.0,1,8,0.0,1,8,0.0,1,8,-0.0,1,8,-9900,?,9,-9900,?,9,13.28,E,8,12.19,E,8,93.0,E,8,822.9788000000001,E,8,999.0,E,8,0.67,E,8,-9900,?,9,-9900,?,9,0.0,E,8,-9900,?,9,-9900,?,9,0.0,0.0,E,8
12/29/2012,05:00,0.0,1413.884,0.0,1,8,0.0,1,8,0.0,1,8,0.0,1,8,0.0,1,8,0.0,1,8,-0.0,1,8,-9900,?,9,-9900,?,9,13.01,E,8,12.12,E,8,94.0,E,8,822.9788000000001,E,8,999.0,E,8,0.32,E,8,-9900,?,9,-9900,?,9,0.0,E,8,-9900,?,9,-9900,?,9,0.0,0.0,E,8
12/29/2012,06:00,96.388,1413.884,0.0,1,8,0.0,1,8,0.0,1,8,0.0,1,8,0.0,1,8,0.0,1,8,0.0,1,8,-9900,?,9,-9900,?,9,12.81,E,8,12.06,E,8,95.0,E,8,822.9788000000001,E,8,999.0,E,8,0.86,E,8,-9900,?,9,-9900,?,9,0.0,E,8,-9900,?,9,-9900,?,9,0.0,0.0,E,8
12/29/2012,07:00,408.937,1413.884,44.55,1,8,0.0,1,8,44.55,1,8,5346.0,1,8,0.0,1,8,4900.5,1,8,49.184,1,8,-9900,?,9,-9900,?,9,12.61,E,8,12.01,E,8,96.0,E,8,822.9788000000001,E,8,999.0,E,8,0.68,E,8,-9900,?,9,-9900,?,9,0.0,E,8,-9900,?,9,-9900,?,9,0.0,0.0,E,8
12/29/2012,08:00,710.304,1413.884,148.7,1,8,5.446,1,8,145.966,1,8,17844.0,1,8,517.408,1,8,16056.284,1,8,92.565,1,8,-9900,?,9,-9900,?,9,14.5,E,8,12.5,E,8,87.0,E,8,822.9788000000001,E,8,999.0,E,8,0.81,E,8,-9900,?,9,-9900,?,9,0.0,E,8,-9900,?,9,-9900,?,9,0.0,0.0,E,8
12/29/2012,09:00,977.369,1413.884,251.64,1,8,6.862,1,8,246.898,1,8,30196.8,1,8,651.936,1,8,27158.75,1,8,113.727,1,8,-9900,?,9,-9900,?,9,15.51,E,8,12.76,E,8,83.0,E,8,822.9788000000001,E,8,999.0,E,8,0.97,E,8,-9900,?,9,-9900,?,9,0.0,E,8,-9900,?,9,-9900,?,9,0.0,0.0,E,8
12/29/2012,10:00,1191.676,1413.884,340.19,1,8,12.106,1,8,329.988,1,8,40822.8,1,8,1150.096,1,8,36298.635,1,8,124.639,1,8,-9900,?,9,-9900,?,9,16.45,E,8,12.99,E,8,79.0,E,8,822.9788000000001,E,8,999.0,E,8,1.37,E,8,-9900,?,9,-9900,?,9,0.0,E,8,-9900,?,9,-9900,?,9,0.0,0.0,E,8
12/29/2012,11:00,1338.555,1413.884,407.02,1,8,25.248,1,8,383.118,1,8,48842.4,1,8,2398.591,1,8,42142.944,1,8,128.817,1,8,-9900,?,9,-9900,?,9,17.28,E,8,13.2,E,8,76.0,E,8,822.9788000000001,E,8,999.0,E,8,1.19,E,8,-9900,?,9,-9900,?,9,0.0,E,8,-9900,?,9,-9900,?,9,0.0,0.0,E,8
12/29/2012,12:00,1407.972,1413.884,447.14,1,8,27.268,1,8,419.986,1,8,53656.8,1,8,2590.431,1,8,46198.503,1,8,134.248,1,8,-9900,?,9,-9900,?,9,17.96,E,8,13.37,E,8,74.0,E,8,822.9788000000001,E,8,999.0,E,8,1.05,E,8,-9900,?,9,-9900,?,9,0.0,E,8,-9900,?,9,-9900,?,9,0.0,0.0,E,8
12/29/2012,13:00,1395.186,1413.884,457.65,1,8,29.368,1,8,428.67,1,8,54918.0,1,8,2790.003,1,8,47153.718,1,8,138.28,1,8,-9900,?,9,-9900,?,9,18.47,E,8,13.49,E,8,72.0,E,8,822.9788000000001,E,8,999.0,E,8,1.18,E,8,-9900,?,9,-9900,?,9,0.0,E,8,-9900,?,9,-9900,?,9,0.0,0.0,E,8
12/29/2012,14:00,1301.064,1413.884,437.81,1,8,32.333,1,8,408.058,1,8,52537.2,1,8,3071.679,1,8,44886.396,1,8,141.16,1,8,-9900,?,9,-9900,?,9,18.81,E,8,13.57,E,8,76.0,E,8,822.9788000000001,E,8,999.0,E,8,1.25,E,8,-9900,?,9,-9900,?,9,0.009,E,8,-9900,?,9,-9900,?,9,0.09,99.0,E,8
12/29/2012,15:00,1132.026,1413.884,389.03,1,8,26.84,1,8,367.544,1,8,46683.6,1,8,2549.845,1,8,40429.808,1,8,146.146,1,8,-9900,?,9,-9900,?,9,18.97,E,8,13.61,E,8,75.0,E,8,822.9788000000001,E,8,999.0,E,8,1.4,E,8,-9900,?,9,-9900,?,9,0.002,E,8,-9900,?,9,-9900,?,9,0.02,99.0,E,8
12/29/2012,16:00,899.616,1413.884,314.85,1,8,19.232,1,8,302.619,1,8,37782.0,1,8,1827.007,1,8,33288.058,1,8,151.457,1,8,-9900,?,9,-9900,?,9,18.94,E,8,13.6,E,8,71.0,E,8,822.9788000000001,E,8,999.0,E,8,1.31,E,8,-9900,?,9,-9900,?,9,0.0,E,8,-9900,?,9,-9900,?,9,0.0,0.0,E,8
12/29/2012,17:00,619.758,1413.884,220.91,1,8,31.327,1,8,207.195,1,8,26509.2,1,8,2976.111,1,8,22791.432,1,8,150.645,1,8,-9900,?,9,-9900,?,9,18.62,E,8,13.53,E,8,77.0,E,8,822.9788000000001,E,8,999.0,E,8,1.37,E,8,-9900,?,9,-9900,?,9,0.003,E,8,-9900,?,9,-9900,?,9,0.03,99.0,E,8
12/29/2012,18:00,311.965,1413.884,115.57,1,8,108.738,1,8,91.711,1,8,13868.4,1,8,10330.146,1,8,10088.169,1,8,133.043,1,8,-9900,?,9,-9900,?,9,18.07,E,8,13.39,E,8,79.0,E,8,822.9788000000001,E,8,999.0,E,8,1.04,E,8,-9900,?,9,-9900,?,9,0.001,E,8,-9900,?,9,-9900,?,9,0.01,99.0,E,8
12/29/2012,19:00,6.747,1413.884,18.04,1,8,0.0,1,8,0.0,1,8,2164.8,1,8,0.0,1,8,0.0,1,8,-0.0,1,8,-9900,?,9,-9900,?,9,17.36,E,8,13.22,E,8,76.0,E,8,822.9788000000001,E,8,999.0,E,8,0.99,E,8,-9900,?,9,-9900,?,9,0.0,E,8,-9900,?,9,-9900,?,9,0.0,0.0,E,8
12/29/2012,20:00,0.0,1413.884,0.0,1,8,0.0,1,8,0.0,1,8,0.0,1,8,0.0,1,8,0.0,1,8,-0.0,1,8,-9900,?,9,-9900,?,9,16.74,E,8,13.07,E,8,83.0,E,8,822.9788000000001,E,8,999.0,E,8,0.98,E,8,-9900,?,9,-9900,?,9,0.019,E,8,-9900,?,9,-9900,?,9,0.19,99.0,E,8
12/29/2012,21:00,0.0,1413.884,0.0,1,8,0.0,1,8,0.0,1,8,0.0,1,8,0.0,1,8,0.0,1,8,-0.0,1,8,-9900,?,9,-9900,?,9,16.13,E,8,12.91,E,8,86.0,E,8,822.9788000000001,E,8,999.0,E,8,1.57,E,8,-9900,?,9,-9900,?,9,0.005,E,8,-9900,?,9,-9900,?,9,0.05,99.0,E,8
12/29/2012,22:00,0.0,1413.884,0.0,1,8,0.0,1,8,0.0,1,8,0.0,1,8,0.0,1,8,0.0,1,8,-0.0,1,8,-9900,?,9,-9900,?,9,15.51,E,8,12.76,E,8,83.0,E,8,822.9788000000001,E,8,999.0,E,8,1.75,E,8,-9900,?,9,-9900,?,9,0.0,E,8,-9900,?,9,-9900,?,9,0.0,0.0,E,8
12/29/2012,23:00,0.0,1413.884,0.0,1,8,0.0,1,8,0.0,1,8,0.0,1,8,0.0,1,8,0.0,1,8,-0.0,1,8,-9900,?,9,-9900,?,9,14.89,E,8,12.6,E,8,96.0,E,8,822.9788000000001,E,8,999.0,E,8,1.1,E,8,-9900,?,9,-9900,?,9,0.361,E,8,-9900,?,9,-9900,?,9,3.61,99.0,E,8
12/29/2012,24:00,0.0,1413.884,0.0,1,8,0.0,1,8,0.0,1,8,0.0,1,8,0.0,1,8,0.0,1,8,-0.0,1,8,-9900,?,9,-9900,?,9,14.28,E,8,12.43,E,8,90.0,E,8,822.9788000000001,E,8,999.0,E,8,8.9,E,8,-9900,?,9,-9900,?,9,0.001,E,8,-9900,?,9,-9900,?,9,0.01,99.0,E,8
12/30/2012,01:00,0.0,1413.884,0.0,1,8,0.0,1,8,0.0,1,8,0.0,1,8,0.0,1,8,0.0,1,8,-0.0,1,8,-9900,?,9,-9900,?,9,13.97,E,8,12.37,E,8,87.0,E,8,822.9788000000001,E,8,999.0,E,8,9.1,E,8,-9900,?,9,-9900,?,9,0.0,E,8,-9900,?,9,-9900,?,9,0.0,0.0,E,8
12/30/2012,02:00,0.0,1413.884,0.0,1,8,0.0,1,8,0.0,1,8,0.0,1,8,0.0,1,8,0.0,1,8,-0.0,1,8,-9900,?,9,-9900,?,9,13.66,E,8,12.3,E,8,92.0,E,8,822.9788000000001,E,8,999.0,E,8,7.43,E,8,-9900,?,9,-9900,?,9,0.014000000000000002,E,8,-9900,?,9,-9900,?,9,0.14,99.0,E,8
12/30/2012,03:00,0.0,1413.884,0.0,1,8,0.0,1,8,0.0,1,8,0.0,1,8,0.0,1,8,0.0,1,8,-0.0,1,8,-9900,?,9,-9900,?,9,13.35,E,8,12.23,E,8,89.0,E,8,822.9788000000001,E,8,999.0,E,8,5.84,E,8,-9900,?,9,-9900,?,9,0.0,E,8,-9900,?,9,-9900,?,9,0.0,0.0,E,8
12/30/2012,04:00,0.0,1413.941,0.0,1,8,0.0,1,8,0.0,1,8,0.0,1,8,0.0,1,8,0.0,1,8,-0.0,1,8,-9900,?,9,-9900,?,9,13.05,E,8,12.17,E,8,90.0,E,8,822.9788000000001,E,8,999.0,E,8,7.48,E,8,-9900,?,9,-9900,?,9,0.0,E,8,-9900,?,9,-9900,?,9,0.0,0.0,E,8
12/30/2012,05:00,0.0,1413.941,0.0,1,8,0.0,1,8,0.0,1,8,0.0,1,8,0.0,1,8,0.0,1,8,-0.0,1,8,-9900,?,9,-9900,?,9,12.77,E,8,12.11,E,8,91.0,E,8,822.9788000000001,E,8,999.0,E,8,9.6,E,8,-9900,?,9,-9900,?,9,0.0,E,8,-9900,?,9,-9900,?,9,0.0,0.0,E,8
12/30/2012,06:00,93.397,1413.941,0.0,1,8,0.0,1,8,0.0,1,8,0.0,1,8,0.0,1,8,0.0,1,8,0.0,1,8,-9900,?,9,-9900,?,9,12.57,E,8,12.07,E,8,92.0,E,8,822.9788000000001,E,8,999.0,E,8,9.46,E,8,-9900,?,9,-9900,?,9,0.0,E,8,-9900,?,9,-9900,?,9,0.0,0.0,E,8
12/30/2012,07:00,406.03,1413.941,37.4,1,8,0.0,1,8,37.4,1,8,4488.0,1,8,0.0,1,8,4114.0,1,8,41.59,1,8,-9900,?,9,-9900,?,9,12.37,E,8,12.02,E,8,97.0,E,8,822.9788000000001,E,8,999.0,E,8,5.25,E,8,-9900,?,9,-9900,?,9,0.026000000000000002,E,8,-9900,?,9,-9900,?,9,0.26,99.0,E,8
12/30/2012,08:00,707.744,1413.941,122.34,1,8,0.0,1,8,122.34,1,8,14680.8,1,8,0.0,1,8,13457.4,1,8,77.867,1,8,-9900,?,9,-9900,?,9,13.97,E,8,12.37,E,8,91.0,E,8,822.9788000000001,E,8,999.0,E,8,3.66,E,8,-9900,?,9,-9900,?,9,0.008,E,8,-9900,?,9,-9900,?,9,0.08,99.0,E,8
12/30/2012,09:00,975.3,1413.941,351.98,1,8,28.285,1,8,332.476,1,8,42237.6,1,8,2687.052,1,8,36572.383,1,8,153.477,1,8,-9900,?,9,-9900,?,9,15.79,E,8,12.75,E,8,80.0,E,8,822.9788000000001,E,8,999.0,E,8,3.04,E,8,-9900,?,9,-9900,?,9,0.0,E,8,-9900,?,9,-9900,?,9,0.0,0.0,E,8
12/30/2012,10:00,1190.206,1413.941,445.75,1,8,23.569,1,8,425.913,1,8,53490.0,1,8,2239.017,1,8,46850.448,1,8,161.077,1,8,-9900,?,9,-9900,?,9,17.16,E,8,13.03,E,8,76.0,E,8,822.9788000000001,E,8,999.0,E,8,2.42,E,8,-9900,?,9,-9900,?,9,0.0,E,8,-9900,?,9,-9900,?,9,0.0,0.0,E,8
12/30/2012,11:00,1337.75,1413.941,257.47,1,8,2.943,1,8,254.685,1,8,30896.4,1,8,279.626,1,8,28015.379,1,8,85.689,1,8,-9900,?,9,-9900,?,9,17.24,E,8,13.05,E,8,80.0,E,8,822.9788000000001,E,8,999.0,E,8,3.2,E,8,-9900,?,9,-9900,?,9,0.001,E,8,-9900,?,9,-9900,?,9,0.01,99.0,E,8
12/30/2012,12:00,1407.852,1413.941,254.92,1,8,4.238,1,8,250.7,1,8,30590.4,1,8,402.625,1,8,27577.012,1,8,80.146,1,8,-9900,?,9,-9900,?,9,17.28,E,8,13.06,E,8,79.0,E,8,822.9788000000001,E,8,999.0,E,8,1.39,E,8,-9900,?,9,-9900,?,9,0.005,E,8,-9900,?,9,-9900,?,9,0.05,99.0,E,8
12/30/2012,13:00,1395.722,1413.941,392.5,1,8,35.404,1,8,357.553,1,8,47100.0,1,8,3363.333,1,8,39330.822,1,8,115.299,1,8,-9900,?,9,-9900,?,9,17.7,E,8,13.14,E,8,78.0,E,8,822.9788000000001,E,8,999.0,E,8,1.38,E,8,-9900,?,9,-9900,?,9,0.003,E,8,-9900,?,9,-9900,?,9,0.03,99.0,E,8
12/30/2012,14:00,1302.184,1413.941,375.68,1,8,22.988,1,8,354.51,1,8,45081.6,1,8,2183.845,1,8,38996.123,1,8,122.535,1,8,-9900,?,9,-9900,?,9,17.97,E,8,13.2,E,8,81.0,E,8,822.9788000000001,E,8,999.0,E,8,1.28,E,8,-9900,?,9,-9900,?,9,0.43899999999999995,E,8,-9900,?,9,-9900,?,9,4.39,99.0,E,8
12/30/2012,15:00,1133.616,1413.941,334.02,1,8,17.176,1,8,320.251,1,8,40082.4,1,8,1631.736,1,8,35227.652,1,8,127.168,1,8,-9900,?,9,-9900,?,9,18.1,E,8,13.22,E,8,73.0,E,8,822.9788000000001,E,8,999.0,E,8,1.5,E,8,-9900,?,9,-9900,?,9,0.0,E,8,-9900,?,9,-9900,?,9,0.0,0.0,E,8
12/30/2012,16:00,901.529,1413.941,270.52,1,8,10.68,1,8,263.713,1,8,32462.4,1,8,1014.605,1,8,29008.464,1,8,131.71,1,8,-9900,?,9,-9900,?,9,18.04,E,8,13.21,E,8,73.0,E,8,822.9788000000001,E,8,999.0,E,8,2.68,E,8,-9900,?,9,-9900,?,9,0.0,E,8,-9900,?,9,-9900,?,9,0.0,0.0,E,8
12/30/2012,17:00,621.826,1413.941,190.03,1,8,14.785,1,8,183.536,1,8,22803.6,1,8,1404.572,1,8,20188.932,1,8,133.003,1,8,-9900,?,9,-9900,?,9,17.75,E,8,13.15,E,8,74.0,E,8,822.9788000000001,E,8,999.0,E,8,3.84,E,8,-9900,?,9,-9900,?,9,0.0,E,8,-9900,?,9,-9900,?,9,0.0,0.0,E,8
12/30/2012,18:00,314.002,1413.941,99.7,1,8,55.115,1,8,87.527,1,8,11964.0,1,8,5235.901,1,8,9628.01,1,8,126.147,1,8,-9900,?,9,-9900,?,9,17.25,E,8,13.05,E,8,75.0,E,8,822.9788000000001,E,8,999.0,E,8,5.16,E,8,-9900,?,9,-9900,?,9,0.0,E,8,-9900,?,9,-9900,?,9,0.0,0.0,E,8
12/30/2012,19:00,8.309,1413.941,15.85,1,8,0.0,1,8,0.0,1,8,1902.0,1,8,0.0,1,8,0.0,1,8,-0.0,1,8,-9900,?,9,-9900,?,9,16.61,E,8,12.92,E,8,77.0,E,8,822.9788000000001,E,8,999.0,E,8,5.24,E,8,-9900,?,9,-9900,?,9,0.0,E,8,-9900,?,9,-9900,?,9,0.0,0.0,E,8
12/30/2012,20:00,0.0,1413.941,0.0,1,8,0.0,1,8,0.0,1,8,0.0,1,8,0.0,1,8,0.0,1,8,-0.0,1,8,-9900,?,9,-9900,?,9,16.02,E,8,12.8,E,8,79.0,E,8,822.9788000000001,E,8,999.0,E,8,3.04,E,8,-9900,?,9,-9900,?,9,0.0,E,8,-9900,?,9,-9900,?,9,0.0,0.0,E,8
12/30/2012,21:00,0.0,1413.941,0.0,1,8,0.0,1,8,0.0,1,8,0.0,1,8,0.0,1,8,0.0,1,8,-0.0,1,8,-9900,?,9,-9900,?,9,15.44,E,8,12.68,E,8,81.0,E,8,822.9788000000001,E,8,999.0,E,8,4.43,E,8,-9900,?,9,-9900,?,9,0.0,E,8,-9900,?,9,-9900,?,9,0.0,0.0,E,8
12/30/2012,22:00,0.0,1413.941,0.0,1,8,0.0,1,8,0.0,1,8,0.0,1,8,0.0,1,8,0.0,1,8,-0.0,1,8,-9900,?,9,-9900,?,9,14.85,E,8,12.55,E,8,83.0,E,8,822.9788000000001,E,8,999.0,E,8,4.83,E,8,-9900,?,9,-9900,?,9,0.0,E,8,-9900,?,9,-9900,?,9,0.0,0.0,E,8
12/30/2012,23:00,0.0,1413.941,0.0,1,8,0.0,1,8,0.0,1,8,0.0,1,8,0.0,1,8,0.0,1,8,-0.0,1,8,-9900,?,9,-9900,?,9,14.26,E,8,12.43,E,8,90.0,E,8,822.9788000000001,E,8,999.0,E,8,5.41,E,8,-9900,?,9,-9900,?,9,0.002,E,8,-9900,?,9,-9900,?,9,0.02,99.0,E,8
12/30/2012,24:00,0.0,1413.941,0.0,1,8,0.0,1,8,0.0,1,8,0.0,1,8,0.0,1,8,0.0,1,8,-0.0,1,8,-9900,?,9,-9900,?,9,13.68,E,8,10.43,E,8,80.0,E,8,822.9788000000001,E,8,999.0,E,8,5.18,E,8,-9900,?,9,-9900,?,9,0.0,E,8,-9900,?,9,-9900,?,9,0.0,0.0,E,8
12/31/2012,01:00,0.0,1413.941,0.0,1,8,0.0,1,8,0.0,1,8,0.0,1,8,0.0,1,8,0.0,1,8,-0.0,1,8,-9900,?,9,-9900,?,9,13.38,E,8,10.57,E,8,82.0,E,8,822.9788000000001,E,8,999.0,E,8,4.89,E,8,-9900,?,9,-9900,?,9,0.0,E,8,-9900,?,9,-9900,?,9,0.0,0.0,E,8
12/31/2012,02:00,0.0,1413.941,0.0,1,8,0.0,1,8,0.0,1,8,0.0,1,8,0.0,1,8,0.0,1,8,-0.0,1,8,-9900,?,9,-9900,?,9,13.09,E,8,10.7,E,8,85.0,E,8,822.9788000000001,E,8,999.0,E,8,3.97,E,8,-9900,?,9,-9900,?,9,0.0,E,8,-9900,?,9,-9900,?,9,0.0,0.0,E,8
12/31/2012,03:00,0.0,1413.941,0.0,1,8,0.0,1,8,0.0,1,8,0.0,1,8,0.0,1,8,0.0,1,8,-0.0,1,8,-9900,?,9,-9900,?,9,12.8,E,8,10.83,E,8,87.0,E,8,822.9788000000001,E,8,999.0,E,8,4.31,E,8,-9900,?,9,-9900,?,9,0.0,E,8,-9900,?,9,-9900,?,9,0.0,0.0,E,8
12/31/2012,04:00,0.0,1413.982,0.0,1,8,0.0,1,8,0.0,1,8,0.0,1,8,0.0,1,8,0.0,1,8,-0.0,1,8,-9900,?,9,-9900,?,9,12.5,E,8,10.96,E,8,90.0,E,8,822.9788000000001,E,8,999.0,E,8,3.56,E,8,-9900,?,9,-9900,?,9,0.0,E,8,-9900,?,9,-9900,?,9,0.0,0.0,E,8
12/31/2012,05:00,0.0,1413.982,0.0,1,8,0.0,1,8,0.0,1,8,0.0,1,8,0.0,1,8,0.0,1,8,-0.0,1,8,-9900,?,9,-9900,?,9,12.24,E,8,11.07,E,8,92.0,E,8,822.9788000000001,E,8,999.0,E,8,5.6,E,8,-9900,?,9,-9900,?,9,0.0,E,8,-9900,?,9,-9900,?,9,0.0,0.0,E,8
12/31/2012,06:00,90.361,1413.982,0.0,1,8,0.0,1,8,0.0,1,8,0.0,1,8,0.0,1,8,0.0,1,8,0.0,1,8,-9900,?,9,-9900,?,9,12.05,E,8,11.16,E,8,94.0,E,8,822.9788000000001,E,8,999.0,E,8,4.64,E,8,-9900,?,9,-9900,?,9,0.0,E,8,-9900,?,9,-9900,?,9,0.0,0.0,E,8
12/31/2012,07:00,403.086,1413.982,90.26,1,8,0.0,1,8,90.26,1,8,10831.2,1,8,0.0,1,8,9928.6,1,8,101.113,1,8,-9900,?,9,-9900,?,9,11.86,E,8,11.24,E,8,95.0,E,8,822.9788000000001,E,8,999.0,E,8,4.45,E,8,-9900,?,9,-9900,?,9,0.0,E,8,-9900,?,9,-9900,?,9,0.0,0.0,E,8
12/31/2012,08:00,705.156,1413.982,211.64,1,8,9.939,1,8,206.688,1,8,25396.8,1,8,944.241,1,8,22735.635,1,8,132.04,1,8,-9900,?,9,-9900,?,9,15.34,E,8,9.66,E,8,68.0,E,8,822.9788000000001,E,8,999.0,E,8,4.17,E,8,-9900,?,9,-9900,?,9,0.0,E,8,-9900,?,9,-9900,?,9,0.0,0.0,E,8
12/31/2012,09:00,973.213,1413.982,294.7,1,8,7.059,1,8,289.843,1,8,35364.0,1,8,670.624,1,8,31882.718,1,8,134.088,1,8,-9900,?,9,-9900,?,9,16.44,E,8,9.12,E,8,61.0,E,8,822.9788000000001,E,8,999.0,E,8,7.8,E,8,-9900,?,9,-9900,?,9,0.0,E,8,-9900,?,9,-9900,?,9,0.0,0.0,E,8
12/31/2012,10:00,1188.723,1413.982,344.3,1,8,5.204,1,8,339.925,1,8,41316.0,1,8,494.425,1,8,37391.769,1,8,128.721,1,8,-9900,?,9,-9900,?,9,17.28,E,8,8.7,E,8,56.0,E,8,822.9788000000001,E,8,999.0,E,8,3.38,E,8,-9900,?,9,-9900,?,9,0.0,E,8,-9900,?,9,-9900,?,9,0.0,0.0,E,8
12/31/2012,11:00,1336.934,1413.982,412.69,1,8,9.059,1,8,404.125,1,8,49522.8,1,8,860.583,1,8,44453.766,1,8,136.055,1,8,-9900,?,9,-9900,?,9,18.1,E,8,8.28,E,8,52.0,E,8,822.9788000000001,E,8,999.0,E,8,1.7,E,8,-9900,?,9,-9900,?,9,0.0,E,8,-9900,?,9,-9900,?,9,0.0,0.0,E,8
12/31/2012,12:00,1407.718,1413.982,453.96,1,8,9.809,1,8,444.195,1,8,54475.2,1,8,931.844,1,8,48861.406,1,8,142.021,1,8,-9900,?,9,-9900,?,9,18.8,E,8,7.91,E,8,48.0,E,8,822.9788000000001,E,8,999.0,E,8,1.25,E,8,-9900,?,9,-9900,?,9,0.0,E,8,-9900,?,9,-9900,?,9,0.0,0.0,E,8
12/31/2012,13:00,1396.239,1413.982,465.15,1,8,10.613,1,8,454.67,1,8,55818.0,1,8,1008.243,1,8,50013.719,1,8,146.566,1,8,-9900,?,9,-9900,?,9,19.34,E,8,7.62,E,8,46.0,E,8,822.9788000000001,E,8,999.0,E,8,1.25,E,8,-9900,?,9,-9900,?,9,0.0,E,8,-9900,?,9,-9900,?,9,0.0,0.0,E,8
12/31/2012,14:00,1303.275,1413.982,445.45,1,8,11.76,1,8,434.612,1,8,53454.0,1,8,1117.173,1,8,47807.272,1,8,150.1,1,8,-9900,?,9,-9900,?,9,19.69,E,8,7.43,E,8,49.0,E,8,822.9788000000001,E,8,999.0,E,8,1.25,E,8,-9900,?,9,-9900,?,9,0.002,E,8,-9900,?,9,-9900,?,9,0.02,99.0,E,8
12/31/2012,15:00,1135.166,1413.982,396.27,1,8,12.111,1,8,386.549,1,8,47552.4,1,8,1150.552,1,8,42520.349,1,8,153.288,1,8,-9900,?,9,-9900,?,9,19.83,E,8,7.36,E,8,54.0,E,8,822.9788000000001,E,8,999.0,E,8,1.25,E,8,-9900,?,9,-9900,?,9,0.191,E,8,-9900,?,9,-9900,?,9,1.91,99.0,E,8
12/31/2012,16:00,903.39,1413.982,321.17,1,8,13.217,1,8,312.729,1,8,38540.4,1,8,1255.616,1,8,34400.22,1,8,155.873,1,8,-9900,?,9,-9900,?,9,19.74,E,8,7.41,E,8,44.0,E,8,822.9788000000001,E,8,999.0,E,8,1.25,E,8,-9900,?,9,-9900,?,9,0.0,E,8,-9900,?,9,-9900,?,9,0.0,0.0,E,8
12/31/2012,17:00,623.827,1413.982,225.87,1,8,49.093,1,8,204.237,1,8,27104.4,1,8,4663.863,1,8,22466.064,1,8,147.533,1,8,-9900,?,9,-9900,?,9,19.32,E,8,7.63,E,8,46.0,E,8,822.9788000000001,E,8,999.0,E,8,1.25,E,8,-9900,?,9,-9900,?,9,0.0,E,8,-9900,?,9,-9900,?,9,0.0,0.0,E,8
12/31/2012,18:00,315.958,1413.982,137.014,1,8,179.423,1,8,97.138,1,8,16441.68,1,8,17045.23,1,8,10685.188,1,8,139.126,1,8,-9900,?,9,-9900,?,9,18.498,E,8,8.064,E,8,50.0,E,8,822.9788000000001,E,8,999.0,E,8,1.25,E,8,-9900,?,9,-9900,?,9,0.0,E,8,-9900,?,9,-9900,?,9,0.0,0.0,E,8
12/31/2012,19:00,9.798,1413.982,72.78,1,8,0.0,1,8,0.0,1,8,8733.6,1,8,0.0,1,8,0.0,1,8,-0.0,1,8,-9900,?,9,-9900,?,9,17.836,E,8,8.408,E,8,53.4,E,8,822.9788000000001,E,8,999.0,E,8,1.25,E,8,-9900,?,9,-9900,?,9,0.0,E,8,-9900,?,9,-9900,?,9,0.0,0.0,E,8
12/31/2012,20:00,0.0,1413.982,27.606,1,8,0.0,1,8,0.0,1,8,3312.72,1,8,0.0,1,8,0.0,1,8,-0.0,1,8,-9900,?,9,-9900,?,9,17.126,E,8,8.772,E,8,58.2,E,8,822.9788000000001,E,8,999.0,E,8,1.25,E,8,-9900,?,9,-9900,?,9,0.0012000000000000001,E,8,-9900,?,9,-9900,?,9,0.012,99.0,E,8
12/31/2012,21:00,0.0,1413.982,3.842,1,8,0.0,1,8,0.0,1,8,461.04,1,8,0.0,1,8,0.0,1,8,-0.0,1,8,-9900,?,9,-9900,?,9,16.426,E,8,9.122,E,8,63.4,E,8,822.9788000000001,E,8,999.0,E,8,1.25,E,8,-9900,?,9,-9900,?,9,0.0014,E,8,-9900,?,9,-9900,?,9,0.014,99.0,E,8
12/31/2012,22:00,0.0,1413.982,0.0,1,8,0.0,1,8,0.0,1,8,0.0,1,8,0.0,1,8,0.0,1,8,-0.0,1,8,-9900,?,9,-9900,?,9,15.328,E,8,8.368,E,8,64.4,E,8,822.9788000000001,E,8,999.0,E,8,1.144,E,8,-9900,?,9,-9900,?,9,0.0014,E,8,-9900,?,9,-9900,?,9,0.014,99.0,E,8
12/31/2012,23:00,0.0,1413.982,0.0,1,8,0.0,1,8,0.0,1,8,0.0,1,8,0.0,1,8,0.0,1,8,-0.0,1,8,-9900,?,9,-9900,?,9,14.256,E,8,7.67,E,8,65.8,E,8,822.9788000000001,E,8,999.0,E,8,1.038,E,8,-9900,?,9,-9900,?,9,0.0014,E,8,-9900,?,9,-9900,?,9,0.014,99.0,E,8
12/31/2020,24:00,0.0,1413.941,0.0,1,8,0.0,1,8,0.0,1,8,0.0,1,8,0.0,1,8,0.0,1,8,-0.0,1,8,-9900,?,9,-9900,?,9,13.208,E,8,7.024,E,8,67.4,E,8,822.9788000000001,E,8,999.0,E,8,0.932,E,8,-9900,?,9,-9900,?,9,0.0014,E,8,-9900,?,9,-9900,?,9,0.014,99.0,E,8
