i11_j26,REU_i11_j26,RE,4.0,-21.14,55.81,53.0
Date (MM/DD/YYYY),Time (HH:MM),ETR (W/m^2),ETRN (W/m^2),GHI (W/m^2),GHI source,GHI uncert (%),DNI (W/m^2),DNI source,DNI uncert (%),DHI (W/m^2),DHI source,DHI uncert (%),GH illum (lx),GH illum source,Global illum uncert (%),DN illum (lx),DN illum source,DN illum uncert (%),DH illum (lx),DH illum source,DH illum uncert (%),Zenith lum (cd/m^2),Zenith lum source,Zenith lum uncert (%),TotCld (tenths),TotCld source,TotCld uncert (code),OpqCld (tenths),OpqCld source,OpqCld uncert (code),Dry-bulb (C),Dry-bulb source,Dry-bulb uncert (code),Dew-point (C),Dew-point source,Dew-point uncert (code),RHum (%),RHum source,RHum uncert (code),Pressure (mbar),Pressure source,Pressure uncert (code),Wdir (degrees),Wdir source,Wdir uncert (code),Wspd (m/s),Wspd source,Wspd uncert (code),Hvis (m),Hvis source,Hvis uncert (code),CeilHgt (m),CeilHgt source,CeilHgt uncert (code),Pwat (cm),Pwat source,Pwat uncert (code),AOD (unitless),AOD source,AOD uncert (code),Alb (unitless),Alb source,Alb uncert (code),Lprecip depth (mm),Lprecip quantity (hr),Lprecip source,Lprecip uncert (code)
01/01/2016,01:00,0.0,1413.941,0.0,1,8,0.0,1,8,0.0,1,8,0.0,1,8,0.0,1,8,0.0,1,8,-0.0,1,8,-9900,?,9,-9900,?,9,22.694,E,8,20.246,E,8,87.0,E,8,1008.6016999999999,E,8,999.0,E,8,1.212,E,8,-9900,?,9,-9900,?,9,0.0504,E,8,-9900,?,9,-9900,?,9,0.504,99.0,E,8
01/01/2016,02:00,0.0,1413.941,0.0,1,8,0.0,1,8,0.0,1,8,0.0,1,8,0.0,1,8,0.0,1,8,-0.0,1,8,-9900,?,9,-9900,?,9,21.978,E,8,19.932,E,8,89.2,E,8,1008.6016999999999,E,8,999.0,E,8,1.28,E,8,-9900,?,9,-9900,?,9,0.0526,E,8,-9900,?,9,-9900,?,9,0.526,99.0,E,8
01/01/2016,03:00,0.0,1413.941,0.0,1,8,0.0,1,8,0.0,1,8,0.0,1,8,0.0,1,8,0.0,1,8,-0.0,1,8,-9900,?,9,-9900,?,9,21.7,E,8,19.9,E,8,90.4,E,8,1008.6016999999999,E,8,999.0,E,8,1.28,E,8,-9900,?,9,-9900,?,9,0.05600000000000001,E,8,-9900,?,9,-9900,?,9,0.56,99.0,E,8
01/01/2016,04:00,0.0,1413.982,0.0,1,8,0.0,1,8,0.0,1,8,0.0,1,8,0.0,1,8,0.0,1,8,-0.0,1,8,-9900,?,9,-9900,?,9,21.442,E,8,19.872,E,8,91.4,E,8,1008.6016999999999,E,8,999.0,E,8,1.28,E,8,-9900,?,9,-9900,?,9,0.05620000000000001,E,8,-9900,?,9,-9900,?,9,0.562,99.0,E,8
01/01/2016,05:00,0.0,1413.982,14.732,1,8,0.0,1,8,0.0,1,8,1767.84,1,8,0.0,1,8,0.0,1,8,-0.0,1,8,-9900,?,9,-9900,?,9,21.202,E,8,19.846,E,8,92.4,E,8,1008.6016999999999,E,8,999.0,E,8,1.28,E,8,-9900,?,9,-9900,?,9,0.057199999999999994,E,8,-9900,?,9,-9900,?,9,0.572,99.0,E,8
01/01/2016,06:00,99.309,1413.982,0.0,1,8,0.0,1,8,0.0,1,8,0.0,1,8,0.0,1,8,0.0,1,8,0.0,1,8,-9900,?,9,-9900,?,9,20.97,E,8,19.82,E,8,92.0,E,8,1008.6016999999999,E,8,999.0,E,8,1.28,E,8,-9900,?,9,-9900,?,9,0.004,E,8,-9900,?,9,-9900,?,9,0.04,99.0,E,8
01/01/2016,07:00,412.168,1413.982,73.66,1,8,0.0,1,8,73.66,1,8,8839.2,1,8,0.0,1,8,8102.6,1,8,80.687,1,8,-9900,?,9,-9900,?,9,20.78,E,8,19.8,E,8,93.0,E,8,1008.6016999999999,E,8,999.0,E,8,1.28,E,8,-9900,?,9,-9900,?,9,0.007000000000000001,E,8,-9900,?,9,-9900,?,9,0.07,99.0,E,8
01/01/2016,08:00,713.492,1413.982,266.08,1,8,80.194,1,8,225.649,1,8,31929.6,1,8,7618.383,1,8,24821.413,1,8,142.466,1,8,-9900,?,9,-9900,?,9,22.44,E,8,19.98,E,8,82.0,E,8,1008.6016999999999,E,8,999.0,E,8,1.28,E,8,-9900,?,9,-9900,?,9,0.0,E,8,-9900,?,9,-9900,?,9,0.0,0.0,E,8
01/01/2016,09:00,980.243,1413.982,461.01,1,8,141.246,1,8,363.123,1,8,55321.2,1,8,13418.323,1,8,39943.487,1,8,166.783,1,8,-9900,?,9,-9900,?,9,23.39,E,8,20.09,E,8,79.0,E,8,1008.6016999999999,E,8,999.0,E,8,1.28,E,8,-9900,?,9,-9900,?,9,0.0,E,8,-9900,?,9,-9900,?,9,0.0,0.0,E,8
01/01/2016,10:00,1193.991,1413.982,629.66,1,8,258.321,1,8,411.555,1,8,75559.2,1,8,24540.533,1,8,45271.01,1,8,155.157,1,8,-9900,?,9,-9900,?,9,24.28,E,8,20.19,E,8,76.0,E,8,1008.6016999999999,E,8,999.0,E,8,1.3,E,8,-9900,?,9,-9900,?,9,0.0,E,8,-9900,?,9,-9900,?,9,0.0,0.0,E,8
01/01/2016,11:00,1340.104,1413.982,757.04,1,8,322.505,1,8,451.395,1,8,90844.8,1,8,30638.007,1,8,49653.468,1,8,151.61,1,8,-9900,?,9,-9900,?,9,25.06,E,8,20.28,E,8,73.0,E,8,1008.6016999999999,E,8,999.0,E,8,2.32,E,8,-9900,?,9,-9900,?,9,0.0,E,8,-9900,?,9,-9900,?,9,0.0,0.0,E,8
01/01/2016,12:00,1408.598,1413.982,833.28,1,8,371.254,1,8,463.44,1,8,99993.6,1,8,35269.14,1,8,50978.433,1,8,148.082,1,8,-9900,?,9,-9900,?,9,25.7,E,8,20.35,E,8,71.0,E,8,1008.6016999999999,E,8,999.0,E,8,2.57,E,8,-9900,?,9,-9900,?,9,0.0,E,8,-9900,?,9,-9900,?,9,0.0,0.0,E,8
01/01/2016,13:00,1394.794,1413.982,852.73,1,8,433.089,1,8,425.522,1,8,102327.6,1,8,41143.452,1,8,46807.372,1,8,137.312,1,8,-9900,?,9,-9900,?,9,26.19,E,8,20.4,E,8,70.0,E,8,1008.6016999999999,E,8,999.0,E,8,3.21,E,8,-9900,?,9,-9900,?,9,0.0,E,8,-9900,?,9,-9900,?,9,0.0,0.0,E,8
01/01/2016,14:00,1299.628,1413.982,813.98,1,8,512.841,1,8,342.64,1,8,97677.6,1,8,48719.916,1,8,37690.362,1,8,118.669,1,8,-9900,?,9,-9900,?,9,26.51,E,8,20.44,E,8,69.0,E,8,1008.6016999999999,E,8,999.0,E,8,3.12,E,8,-9900,?,9,-9900,?,9,0.0,E,8,-9900,?,9,-9900,?,9,0.0,0.0,E,8
01/01/2016,15:00,1129.589,1413.982,719.85,1,8,554.453,1,8,276.987,1,8,86382.0,1,8,52673.063,1,8,30468.603,1,8,110.384,1,8,-9900,?,9,-9900,?,9,26.65,E,8,20.45,E,8,68.0,E,8,1008.6016999999999,E,8,999.0,E,8,2.9,E,8,-9900,?,9,-9900,?,9,0.0,E,8,-9900,?,9,-9900,?,9,0.0,0.0,E,8
01/01/2016,16:00,896.288,1413.982,577.39,1,8,632.307,1,8,176.761,1,8,69286.8,1,8,60069.174,1,8,19443.745,1,8,88.802,1,8,-9900,?,9,-9900,?,9,26.62,E,8,20.45,E,8,68.0,E,8,1008.6016999999999,E,8,999.0,E,8,3.43,E,8,-9900,?,9,-9900,?,9,0.0,E,8,-9900,?,9,-9900,?,9,0.0,0.0,E,8
01/01/2016,17:00,615.713,1413.982,397.92,1,8,640.544,1,8,119.345,1,8,47750.4,1,8,60851.724,1,8,13127.947,1,8,87.35,1,8,-9900,?,9,-9900,?,9,26.31,E,8,20.42,E,8,69.0,E,8,1008.6016999999999,E,8,999.0,E,8,2.67,E,8,-9900,?,9,-9900,?,9,0.0,E,8,-9900,?,9,-9900,?,9,0.0,0.0,E,8
01/01/2016,18:00,307.437,1413.982,199.1,1,8,581.142,1,8,73.467,1,8,23892.0,1,8,55208.479,1,8,8081.319,1,8,108.172,1,8,-9900,?,9,-9900,?,9,25.78,E,8,20.36,E,8,71.0,E,8,1008.6016999999999,E,8,999.0,E,8,1.97,E,8,-9900,?,9,-9900,?,9,0.0,E,8,-9900,?,9,-9900,?,9,0.0,0.0,E,8
01/01/2016,19:00,2.715,1413.982,24.79,1,8,0.0,1,8,0.0,1,8,2974.8,1,8,0.0,1,8,0.0,1,8,-0.0,1,8,-9900,?,9,-9900,?,9,25.12,E,8,20.28,E,8,73.0,E,8,1008.6016999999999,E,8,999.0,E,8,1.29,E,8,-9900,?,9,-9900,?,9,0.0,E,8,-9900,?,9,-9900,?,9,0.0,0.0,E,8
01/01/2016,20:00,0.0,1413.982,0.0,1,8,0.0,1,8,0.0,1,8,0.0,1,8,0.0,1,8,0.0,1,8,-0.0,1,8,-9900,?,9,-9900,?,9,24.59,E,8,20.23,E,8,79.0,E,8,1008.6016999999999,E,8,999.0,E,8,1.28,E,8,-9900,?,9,-9900,?,9,0.005,E,8,-9900,?,9,-9900,?,9,0.05,99.0,E,8
01/01/2016,21:00,0.0,1413.982,0.0,1,8,0.0,1,8,0.0,1,8,0.0,1,8,0.0,1,8,0.0,1,8,-0.0,1,8,-9900,?,9,-9900,?,9,24.06,E,8,20.17,E,8,81.0,E,8,1008.6016999999999,E,8,999.0,E,8,1.28,E,8,-9900,?,9,-9900,?,9,0.001,E,8,-9900,?,9,-9900,?,9,0.01,99.0,E,8
01/01/2016,22:00,0.0,1413.982,0.0,1,8,0.0,1,8,0.0,1,8,0.0,1,8,0.0,1,8,0.0,1,8,-0.0,1,8,-9900,?,9,-9900,?,9,23.54,E,8,20.11,E,8,83.0,E,8,1008.6016999999999,E,8,999.0,E,8,1.28,E,8,-9900,?,9,-9900,?,9,0.001,E,8,-9900,?,9,-9900,?,9,0.01,99.0,E,8
01/01/2016,23:00,0.0,1413.982,0.0,1,8,0.0,1,8,0.0,1,8,0.0,1,8,0.0,1,8,0.0,1,8,-0.0,1,8,-9900,?,9,-9900,?,9,23.01,E,8,20.05,E,8,84.0,E,8,1008.6016999999999,E,8,999.0,E,8,1.28,E,8,-9900,?,9,-9900,?,9,0.001,E,8,-9900,?,9,-9900,?,9,0.01,99.0,E,8
01/01/2016,24:00,0.0,1413.982,0.0,1,8,0.0,1,8,0.0,1,8,0.0,1,8,0.0,1,8,0.0,1,8,-0.0,1,8,-9900,?,9,-9900,?,9,22.48,E,8,20.0,E,8,88.0,E,8,1008.6016999999999,E,8,999.0,E,8,1.67,E,8,-9900,?,9,-9900,?,9,0.001,E,8,-9900,?,9,-9900,?,9,0.01,99.0,E,8
01/02/2016,01:00,0.0,1413.982,0.0,1,8,0.0,1,8,0.0,1,8,0.0,1,8,0.0,1,8,0.0,1,8,-0.0,1,8,-9900,?,9,-9900,?,9,22.22,E,8,19.94,E,8,88.0,E,8,1008.6016999999999,E,8,999.0,E,8,1.67,E,8,-9900,?,9,-9900,?,9,0.003,E,8,-9900,?,9,-9900,?,9,0.03,99.0,E,8
01/02/2016,02:00,0.0,1413.982,0.0,1,8,0.0,1,8,0.0,1,8,0.0,1,8,0.0,1,8,0.0,1,8,-0.0,1,8,-9900,?,9,-9900,?,9,21.95,E,8,19.88,E,8,85.0,E,8,1008.6016999999999,E,8,999.0,E,8,1.67,E,8,-9900,?,9,-9900,?,9,0.0,E,8,-9900,?,9,-9900,?,9,0.0,0.0,E,8
01/02/2016,03:00,0.0,1413.982,0.0,1,8,0.0,1,8,0.0,1,8,0.0,1,8,0.0,1,8,0.0,1,8,-0.0,1,8,-9900,?,9,-9900,?,9,21.69,E,8,19.82,E,8,86.0,E,8,1008.6016999999999,E,8,999.0,E,8,1.67,E,8,-9900,?,9,-9900,?,9,0.0,E,8,-9900,?,9,-9900,?,9,0.0,0.0,E,8
01/02/2016,04:00,0.0,1414.008,0.0,1,8,0.0,1,8,0.0,1,8,0.0,1,8,0.0,1,8,0.0,1,8,-0.0,1,8,-9900,?,9,-9900,?,9,21.42,E,8,19.75,E,8,87.0,E,8,1008.6016999999999,E,8,999.0,E,8,1.67,E,8,-9900,?,9,-9900,?,9,0.0,E,8,-9900,?,9,-9900,?,9,0.0,0.0,E,8
01/02/2016,05:00,0.0,1414.008,0.0,1,8,0.0,1,8,0.0,1,8,0.0,1,8,0.0,1,8,0.0,1,8,-0.0,1,8,-9900,?,9,-9900,?,9,21.19,E,8,19.7,E,8,92.0,E,8,1008.6016999999999,E,8,999.0,E,8,1.67,E,8,-9900,?,9,-9900,?,9,0.006,E,8,-9900,?,9,-9900,?,9,0.06,99.0,E,8
01/02/2016,06:00,96.203,1414.008,0.0,1,8,0.0,1,8,0.0,1,8,0.0,1,8,0.0,1,8,0.0,1,8,0.0,1,8,-9900,?,9,-9900,?,9,21.02,E,8,19.66,E,8,88.0,E,8,1008.6016999999999,E,8,999.0,E,8,1.67,E,8,-9900,?,9,-9900,?,9,0.0,E,8,-9900,?,9,-9900,?,9,0.0,0.0,E,8
01/02/2016,07:00,409.183,1414.008,91.68,1,8,0.0,1,8,91.68,1,8,11001.6,1,8,0.0,1,8,10084.8,1,8,101.165,1,8,-9900,?,9,-9900,?,9,20.84,E,8,19.62,E,8,89.0,E,8,1008.6016999999999,E,8,999.0,E,8,1.67,E,8,-9900,?,9,-9900,?,9,0.0,E,8,-9900,?,9,-9900,?,9,0.0,0.0,E,8
01/02/2016,08:00,710.882,1414.008,339.25,1,8,248.704,1,8,214.324,1,8,40710.0,1,8,23626.87,1,8,23575.645,1,8,135.816,1,8,-9900,?,9,-9900,?,9,22.83,E,8,20.08,E,8,82.0,E,8,1008.6016999999999,E,8,999.0,E,8,1.67,E,8,-9900,?,9,-9900,?,9,0.0,E,8,-9900,?,9,-9900,?,9,0.0,0.0,E,8
01/02/2016,09:00,978.149,1414.008,585.4,1,8,418.756,1,8,295.816,1,8,70248.0,1,8,39781.779,1,8,32539.76,1,8,136.163,1,8,-9900,?,9,-9900,?,9,23.97,E,8,20.33,E,8,78.0,E,8,1008.6016999999999,E,8,999.0,E,8,1.67,E,8,-9900,?,9,-9900,?,9,0.0,E,8,-9900,?,9,-9900,?,9,0.0,0.0,E,8
01/02/2016,10:00,1192.511,1414.008,804.31,1,8,601.974,1,8,296.693,1,8,96517.2,1,8,57187.496,1,8,32636.237,1,8,111.995,1,8,-9900,?,9,-9900,?,9,25.05,E,8,20.57,E,8,75.0,E,8,1008.6016999999999,E,8,999.0,E,8,1.67,E,8,-9900,?,9,-9900,?,9,0.0,E,8,-9900,?,9,-9900,?,9,0.0,0.0,E,8
01/02/2016,11:00,1339.293,1414.008,970.54,1,8,719.826,1,8,288.771,1,8,116464.8,1,8,68383.512,1,8,31764.852,1,8,97.05,1,8,-9900,?,9,-9900,?,9,26.0,E,8,20.78,E,8,72.0,E,8,1008.6016999999999,E,8,999.0,E,8,1.67,E,8,-9900,?,9,-9900,?,9,0.0,E,8,-9900,?,9,-9900,?,9,0.0,0.0,E,8
01/02/2016,12:00,1408.467,1414.008,1056.14,1,8,795.976,1,8,263.285,1,8,126736.8,1,8,75617.705,1,8,28961.358,1,8,84.136,1,8,-9900,?,9,-9900,?,9,26.76,E,8,20.95,E,8,70.0,E,8,1008.6016999999999,E,8,999.0,E,8,1.67,E,8,-9900,?,9,-9900,?,9,0.0,E,8,-9900,?,9,-9900,?,9,0.0,0.0,E,8
01/02/2016,13:00,1395.305,1414.008,1073.42,1,8,892.094,1,8,193.132,1,8,128810.4,1,8,84748.968,1,8,21244.526,1,8,62.3,1,8,-9900,?,9,-9900,?,9,27.33,E,8,21.07,E,8,68.0,E,8,1008.6016999999999,E,8,999.0,E,8,2.24,E,8,-9900,?,9,-9900,?,9,0.0,E,8,-9900,?,9,-9900,?,9,0.0,0.0,E,8
01/02/2016,14:00,1300.7,1414.008,1023.82,1,8,999.199,1,8,104.739,1,8,122858.4,1,8,94923.896,1,8,11521.271,1,8,36.246,1,8,-9900,?,9,-9900,?,9,27.71,E,8,21.15,E,8,67.0,E,8,1008.6016999999999,E,8,999.0,E,8,2.33,E,8,-9900,?,9,-9900,?,9,0.0,E,8,-9900,?,9,-9900,?,9,0.0,0.0,E,8
01/02/2016,15:00,1131.1,1414.008,907.97,1,8,937.211,1,8,158.396,1,8,108956.4,1,8,89035.008,1,8,17423.531,1,8,63.04,1,8,-9900,?,9,-9900,?,9,27.87,E,8,21.18,E,8,67.0,E,8,1008.6016999999999,E,8,999.0,E,8,2.03,E,8,-9900,?,9,-9900,?,9,0.0,E,8,-9900,?,9,-9900,?,9,0.0,0.0,E,8
01/02/2016,16:00,898.089,1414.008,727.06,1,8,838.995,1,8,194.415,1,8,87247.2,1,8,79704.509,1,8,21385.617,1,8,97.477,1,8,-9900,?,9,-9900,?,9,27.82,E,8,21.17,E,8,67.0,E,8,1008.6016999999999,E,8,999.0,E,8,2.29,E,8,-9900,?,9,-9900,?,9,0.0,E,8,-9900,?,9,-9900,?,9,0.0,0.0,E,8
01/02/2016,17:00,617.631,1414.008,500.02,1,8,778.274,1,8,160.495,1,8,60002.4,1,8,73936.026,1,8,17654.432,1,8,117.104,1,8,-9900,?,9,-9900,?,9,27.45,E,8,21.09,E,8,68.0,E,8,1008.6016999999999,E,8,999.0,E,8,1.98,E,8,-9900,?,9,-9900,?,9,0.0,E,8,-9900,?,9,-9900,?,9,0.0,0.0,E,8
01/02/2016,18:00,309.287,1414.008,250.05,1,8,579.763,1,8,123.954,1,8,30006.0,1,8,55077.452,1,8,13634.962,1,8,181.41,1,8,-9900,?,9,-9900,?,9,26.82,E,8,20.96,E,8,69.0,E,8,1008.6016999999999,E,8,999.0,E,8,1.67,E,8,-9900,?,9,-9900,?,9,0.0,E,8,-9900,?,9,-9900,?,9,0.0,0.0,E,8
01/02/2016,19:00,4.075,1414.008,30.27,1,8,0.0,1,8,0.0,1,8,3632.4,1,8,0.0,1,8,0.0,1,8,-0.0,1,8,-9900,?,9,-9900,?,9,26.02,E,8,20.79,E,8,76.0,E,8,1008.6016999999999,E,8,999.0,E,8,1.67,E,8,-9900,?,9,-9900,?,9,0.001,E,8,-9900,?,9,-9900,?,9,0.01,99.0,E,8
01/02/2016,20:00,0.0,1414.008,0.0,1,8,0.0,1,8,0.0,1,8,0.0,1,8,0.0,1,8,0.0,1,8,-0.0,1,8,-9900,?,9,-9900,?,9,25.39,E,8,20.65,E,8,78.0,E,8,1008.6016999999999,E,8,999.0,E,8,1.67,E,8,-9900,?,9,-9900,?,9,0.002,E,8,-9900,?,9,-9900,?,9,0.02,99.0,E,8
01/02/2016,21:00,0.0,1414.008,0.0,1,8,0.0,1,8,0.0,1,8,0.0,1,8,0.0,1,8,0.0,1,8,-0.0,1,8,-9900,?,9,-9900,?,9,24.76,E,8,20.51,E,8,76.0,E,8,1008.6016999999999,E,8,999.0,E,8,1.67,E,8,-9900,?,9,-9900,?,9,0.0,E,8,-9900,?,9,-9900,?,9,0.0,0.0,E,8
01/02/2016,22:00,0.0,1414.008,0.0,1,8,0.0,1,8,0.0,1,8,0.0,1,8,0.0,1,8,0.0,1,8,-0.0,1,8,-9900,?,9,-9900,?,9,24.13,E,8,20.37,E,8,82.0,E,8,1008.6016999999999,E,8,999.0,E,8,1.67,E,8,-9900,?,9,-9900,?,9,0.08499999999999999,E,8,-9900,?,9,-9900,?,9,0.85,99.0,E,8
01/02/2016,23:00,0.0,1414.008,0.0,1,8,0.0,1,8,0.0,1,8,0.0,1,8,0.0,1,8,0.0,1,8,-0.0,1,8,-9900,?,9,-9900,?,9,23.49,E,8,20.23,E,8,84.0,E,8,1008.6016999999999,E,8,999.0,E,8,1.67,E,8,-9900,?,9,-9900,?,9,0.001,E,8,-9900,?,9,-9900,?,9,0.01,99.0,E,8
01/02/2016,24:00,0.0,1414.008,0.0,1,8,0.0,1,8,0.0,1,8,0.0,1,8,0.0,1,8,0.0,1,8,-0.0,1,8,-9900,?,9,-9900,?,9,22.86,E,8,18.48,E,8,76.0,E,8,1008.6016999999999,E,8,999.0,E,8,1.65,E,8,-9900,?,9,-9900,?,9,0.0,E,8,-9900,?,9,-9900,?,9,0.0,0.0,E,8
01/03/2016,01:00,0.0,1414.008,0.0,1,8,0.0,1,8,0.0,1,8,0.0,1,8,0.0,1,8,0.0,1,8,-0.0,1,8,-9900,?,9,-9900,?,9,22.55,E,8,18.4,E,8,77.0,E,8,1008.6016999999999,E,8,999.0,E,8,1.65,E,8,-9900,?,9,-9900,?,9,0.0,E,8,-9900,?,9,-9900,?,9,0.0,0.0,E,8
01/03/2016,02:00,0.0,1414.008,0.0,1,8,0.0,1,8,0.0,1,8,0.0,1,8,0.0,1,8,0.0,1,8,-0.0,1,8,-9900,?,9,-9900,?,9,22.23,E,8,18.32,E,8,78.0,E,8,1008.6016999999999,E,8,999.0,E,8,1.65,E,8,-9900,?,9,-9900,?,9,0.0,E,8,-9900,?,9,-9900,?,9,0.0,0.0,E,8
01/03/2016,03:00,0.0,1414.008,0.0,1,8,0.0,1,8,0.0,1,8,0.0,1,8,0.0,1,8,0.0,1,8,-0.0,1,8,-9900,?,9,-9900,?,9,21.92,E,8,18.25,E,8,79.0,E,8,1008.6016999999999,E,8,999.0,E,8,1.65,E,8,-9900,?,9,-9900,?,9,0.0,E,8,-9900,?,9,-9900,?,9,0.0,0.0,E,8
01/03/2016,04:00,0.0,1414.019,0.0,1,8,0.0,1,8,0.0,1,8,0.0,1,8,0.0,1,8,0.0,1,8,-0.0,1,8,-9900,?,9,-9900,?,9,21.6,E,8,18.17,E,8,80.0,E,8,1008.6016999999999,E,8,999.0,E,8,1.65,E,8,-9900,?,9,-9900,?,9,0.0,E,8,-9900,?,9,-9900,?,9,0.0,0.0,E,8
01/03/2016,05:00,0.0,1414.019,0.0,1,8,0.0,1,8,0.0,1,8,0.0,1,8,0.0,1,8,0.0,1,8,-0.0,1,8,-9900,?,9,-9900,?,9,21.32,E,8,18.1,E,8,81.0,E,8,1008.6016999999999,E,8,999.0,E,8,1.65,E,8,-9900,?,9,-9900,?,9,0.0,E,8,-9900,?,9,-9900,?,9,0.0,0.0,E,8
01/03/2016,06:00,93.059,1414.019,0.0,1,8,0.0,1,8,0.0,1,8,0.0,1,8,0.0,1,8,0.0,1,8,0.0,1,8,-9900,?,9,-9900,?,9,21.11,E,8,18.04,E,8,82.0,E,8,1008.6016999999999,E,8,999.0,E,8,1.65,E,8,-9900,?,9,-9900,?,9,0.0,E,8,-9900,?,9,-9900,?,9,0.0,0.0,E,8
01/03/2016,07:00,406.165,1414.019,86.7,1,8,0.0,1,8,86.7,1,8,10404.0,1,8,0.0,1,8,9537.0,1,8,96.386,1,8,-9900,?,9,-9900,?,9,20.9,E,8,17.99,E,8,83.0,E,8,1008.6016999999999,E,8,999.0,E,8,1.65,E,8,-9900,?,9,-9900,?,9,0.0,E,8,-9900,?,9,-9900,?,9,0.0,0.0,E,8
01/03/2016,08:00,708.25,1414.019,316.91,1,8,194.773,1,8,219.438,1,8,38029.2,1,8,18503.389,1,8,24138.191,1,8,139.576,1,8,-9900,?,9,-9900,?,9,22.89,E,8,18.49,E,8,76.0,E,8,1008.6016999999999,E,8,999.0,E,8,1.65,E,8,-9900,?,9,-9900,?,9,0.0,E,8,-9900,?,9,-9900,?,9,0.0,0.0,E,8
01/03/2016,09:00,976.038,1414.019,548.25,1,8,333.835,1,8,317.892,1,8,65790.0,1,8,31714.327,1,8,34968.12,1,8,146.642,1,8,-9900,?,9,-9900,?,9,24.03,E,8,18.77,E,8,72.0,E,8,1008.6016999999999,E,8,999.0,E,8,1.65,E,8,-9900,?,9,-9900,?,9,0.0,E,8,-9900,?,9,-9900,?,9,0.0,0.0,E,8
01/03/2016,10:00,1191.018,1414.019,749.6,1,8,495.684,1,8,332.139,1,8,89952.0,1,8,47089.976,1,8,36535.31,1,8,125.533,1,8,-9900,?,9,-9900,?,9,25.1,E,8,19.03,E,8,69.0,E,8,1008.6016999999999,E,8,999.0,E,8,1.65,E,8,-9900,?,9,-9900,?,9,0.0,E,8,-9900,?,9,-9900,?,9,0.0,0.0,E,8
01/03/2016,11:00,1338.471,1414.019,905.22,1,8,607.478,1,8,330.218,1,8,108626.4,1,8,57710.371,1,8,36324.013,1,8,111.048,1,8,-9900,?,9,-9900,?,9,26.05,E,8,19.25,E,8,66.0,E,8,1008.6016999999999,E,8,999.0,E,8,1.71,E,8,-9900,?,9,-9900,?,9,0.0,E,8,-9900,?,9,-9900,?,9,0.0,0.0,E,8
01/03/2016,12:00,1408.321,1414.019,1002.28,1,8,627.55,1,8,377.26,1,8,120273.6,1,8,59617.257,1,8,41498.637,1,8,120.572,1,8,-9900,?,9,-9900,?,9,26.84,E,8,19.44,E,8,63.0,E,8,1008.6016999999999,E,8,999.0,E,8,1.65,E,8,-9900,?,9,-9900,?,9,0.0,E,8,-9900,?,9,-9900,?,9,0.0,0.0,E,8
01/03/2016,13:00,1395.794,1414.019,1033.53,1,8,758.983,1,8,284.335,1,8,124023.6,1,8,72103.389,1,8,31276.852,1,8,91.689,1,8,-9900,?,9,-9900,?,9,27.45,E,8,19.58,E,8,62.0,E,8,1008.6016999999999,E,8,999.0,E,8,1.65,E,8,-9900,?,9,-9900,?,9,0.0,E,8,-9900,?,9,-9900,?,9,0.0,0.0,E,8
01/03/2016,14:00,1301.739,1414.019,992.09,1,8,906.262,1,8,157.834,1,8,119050.8,1,8,86094.864,1,8,17361.741,1,8,54.576,1,8,-9900,?,9,-9900,?,9,27.85,E,8,19.67,E,8,61.0,E,8,1008.6016999999999,E,8,999.0,E,8,2.2,E,8,-9900,?,9,-9900,?,9,0.0,E,8,-9900,?,9,-9900,?,9,0.0,0.0,E,8
01/03/2016,15:00,1132.568,1414.019,875.51,1,8,944.591,1,8,119.058,1,8,105061.2,1,8,89736.13,1,8,13096.393,1,8,47.323,1,8,-9900,?,9,-9900,?,9,28.04,E,8,19.72,E,8,60.0,E,8,1008.6016999999999,E,8,999.0,E,8,2.03,E,8,-9900,?,9,-9900,?,9,0.0,E,8,-9900,?,9,-9900,?,9,0.0,0.0,E,8
01/03/2016,16:00,899.831,1414.019,712.67,1,8,829.878,1,8,184.793,1,8,85520.4,1,8,78838.395,1,8,20327.248,1,8,92.474,1,8,-9900,?,9,-9900,?,9,28.02,E,8,19.71,E,8,60.0,E,8,1008.6016999999999,E,8,999.0,E,8,2.18,E,8,-9900,?,9,-9900,?,9,0.0,E,8,-9900,?,9,-9900,?,9,0.0,0.0,E,8
01/03/2016,17:00,619.476,1414.019,492.08,1,8,777.837,1,8,151.731,1,8,59049.6,1,8,73894.525,1,8,16690.419,1,8,110.38,1,8,-9900,?,9,-9900,?,9,27.67,E,8,19.63,E,8,61.0,E,8,1008.6016999999999,E,8,999.0,E,8,2.66,E,8,-9900,?,9,-9900,?,9,0.0,E,8,-9900,?,9,-9900,?,9,0.0,0.0,E,8
01/03/2016,18:00,311.051,1414.019,252.38,1,8,581.134,1,8,125.258,1,8,30285.6,1,8,55207.688,1,8,13778.348,1,8,182.267,1,8,-9900,?,9,-9900,?,9,27.04,E,8,19.48,E,8,63.0,E,8,1008.6016999999999,E,8,999.0,E,8,2.15,E,8,-9900,?,9,-9900,?,9,0.0,E,8,-9900,?,9,-9900,?,9,0.0,0.0,E,8
01/03/2016,19:00,5.357,1414.019,35.65,1,8,0.0,1,8,0.0,1,8,4278.0,1,8,0.0,1,8,0.0,1,8,-0.0,1,8,-9900,?,9,-9900,?,9,26.23,E,8,19.29,E,8,65.0,E,8,1008.6016999999999,E,8,999.0,E,8,1.65,E,8,-9900,?,9,-9900,?,9,0.0,E,8,-9900,?,9,-9900,?,9,0.0,0.0,E,8
01/03/2016,20:00,0.0,1414.019,0.0,1,8,0.0,1,8,0.0,1,8,0.0,1,8,0.0,1,8,0.0,1,8,-0.0,1,8,-9900,?,9,-9900,?,9,25.58,E,8,19.14,E,8,67.0,E,8,1008.6016999999999,E,8,999.0,E,8,1.65,E,8,-9900,?,9,-9900,?,9,0.0,E,8,-9900,?,9,-9900,?,9,0.0,0.0,E,8
01/03/2016,21:00,0.0,1414.019,0.0,1,8,0.0,1,8,0.0,1,8,0.0,1,8,0.0,1,8,0.0,1,8,-0.0,1,8,-9900,?,9,-9900,?,9,24.93,E,8,18.98,E,8,69.0,E,8,1008.6016999999999,E,8,999.0,E,8,1.65,E,8,-9900,?,9,-9900,?,9,0.0,E,8,-9900,?,9,-9900,?,9,0.0,0.0,E,8
01/03/2016,22:00,0.0,1414.019,0.0,1,8,0.0,1,8,0.0,1,8,0.0,1,8,0.0,1,8,0.0,1,8,-0.0,1,8,-9900,?,9,-9900,?,9,24.27,E,8,18.83,E,8,71.0,E,8,1008.6016999999999,E,8,999.0,E,8,1.65,E,8,-9900,?,9,-9900,?,9,0.0,E,8,-9900,?,9,-9900,?,9,0.0,0.0,E,8
01/03/2016,23:00,0.0,1414.019,0.0,1,8,0.0,1,8,0.0,1,8,0.0,1,8,0.0,1,8,0.0,1,8,-0.0,1,8,-9900,?,9,-9900,?,9,23.62,E,8,18.67,E,8,73.0,E,8,1008.6016999999999,E,8,999.0,E,8,1.65,E,8,-9900,?,9,-9900,?,9,0.0,E,8,-9900,?,9,-9900,?,9,0.0,0.0,E,8
01/03/2016,24:00,0.0,1414.019,0.0,1,8,0.0,1,8,0.0,1,8,0.0,1,8,0.0,1,8,0.0,1,8,-0.0,1,8,-9900,?,9,-9900,?,9,22.97,E,8,19.21,E,8,79.0,E,8,1008.6016999999999,E,8,999.0,E,8,1.76,E,8,-9900,?,9,-9900,?,9,0.0,E,8,-9900,?,9,-9900,?,9,0.0,0.0,E,8
01/04/2016,01:00,0.0,1414.019,0.0,1,8,0.0,1,8,0.0,1,8,0.0,1,8,0.0,1,8,0.0,1,8,-0.0,1,8,-9900,?,9,-9900,?,9,22.64,E,8,19.27,E,8,81.0,E,8,1008.6016999999999,E,8,999.0,E,8,1.76,E,8,-9900,?,9,-9900,?,9,0.0,E,8,-9900,?,9,-9900,?,9,0.0,0.0,E,8
01/04/2016,02:00,0.0,1414.019,0.0,1,8,0.0,1,8,0.0,1,8,0.0,1,8,0.0,1,8,0.0,1,8,-0.0,1,8,-9900,?,9,-9900,?,9,22.32,E,8,19.33,E,8,83.0,E,8,1008.6016999999999,E,8,999.0,E,8,1.76,E,8,-9900,?,9,-9900,?,9,0.0,E,8,-9900,?,9,-9900,?,9,0.0,0.0,E,8
01/04/2016,03:00,0.0,1414.019,0.0,1,8,0.0,1,8,0.0,1,8,0.0,1,8,0.0,1,8,0.0,1,8,-0.0,1,8,-9900,?,9,-9900,?,9,21.99,E,8,19.4,E,8,85.0,E,8,1008.6016999999999,E,8,999.0,E,8,1.76,E,8,-9900,?,9,-9900,?,9,0.0,E,8,-9900,?,9,-9900,?,9,0.0,0.0,E,8
01/04/2016,04:00,0.0,1414.015,0.0,1,8,0.0,1,8,0.0,1,8,0.0,1,8,0.0,1,8,0.0,1,8,-0.0,1,8,-9900,?,9,-9900,?,9,21.67,E,8,19.46,E,8,87.0,E,8,1008.6016999999999,E,8,999.0,E,8,1.76,E,8,-9900,?,9,-9900,?,9,0.0,E,8,-9900,?,9,-9900,?,9,0.0,0.0,E,8
01/04/2016,05:00,0.0,1414.015,0.0,1,8,0.0,1,8,0.0,1,8,0.0,1,8,0.0,1,8,0.0,1,8,-0.0,1,8,-9900,?,9,-9900,?,9,21.38,E,8,19.51,E,8,89.0,E,8,1008.6016999999999,E,8,999.0,E,8,1.76,E,8,-9900,?,9,-9900,?,9,0.0,E,8,-9900,?,9,-9900,?,9,0.0,0.0,E,8
01/04/2016,06:00,89.878,1414.015,0.0,1,8,0.0,1,8,0.0,1,8,0.0,1,8,0.0,1,8,0.0,1,8,0.0,1,8,-9900,?,9,-9900,?,9,21.16,E,8,19.55,E,8,90.0,E,8,1008.6016999999999,E,8,999.0,E,8,1.76,E,8,-9900,?,9,-9900,?,9,0.0,E,8,-9900,?,9,-9900,?,9,0.0,0.0,E,8
01/04/2016,07:00,403.116,1414.015,90.68,1,8,0.0,1,8,90.68,1,8,10881.6,1,8,0.0,1,8,9974.8,1,8,101.578,1,8,-9900,?,9,-9900,?,9,20.95,E,8,19.59,E,8,91.0,E,8,1008.6016999999999,E,8,999.0,E,8,1.76,E,8,-9900,?,9,-9900,?,9,0.0,E,8,-9900,?,9,-9900,?,9,0.0,0.0,E,8
01/04/2016,08:00,705.597,1414.015,348.05,1,8,282.68,1,8,207.116,1,8,41766.0,1,8,26854.624,1,8,22782.804,1,8,132.235,1,8,-9900,?,9,-9900,?,9,23.26,E,8,19.15,E,8,77.0,E,8,1008.6016999999999,E,8,999.0,E,8,1.76,E,8,-9900,?,9,-9900,?,9,0.0,E,8,-9900,?,9,-9900,?,9,0.0,0.0,E,8
01/04/2016,09:00,973.914,1414.015,613.08,1,8,523.54,1,8,252.605,1,8,73569.6,1,8,49736.309,1,8,27786.569,1,8,116.78,1,8,-9900,?,9,-9900,?,9,24.65,E,8,18.88,E,8,70.0,E,8,1008.6016999999999,E,8,999.0,E,8,1.76,E,8,-9900,?,9,-9900,?,9,0.0,E,8,-9900,?,9,-9900,?,9,0.0,0.0,E,8
01/04/2016,10:00,1189.515,1414.015,842.12,1,8,687.503,1,8,263.841,1,8,101054.4,1,8,65312.77,1,8,29022.508,1,8,99.846,1,8,-9900,?,9,-9900,?,9,25.95,E,8,18.63,E,8,64.0,E,8,1008.6016999999999,E,8,999.0,E,8,1.76,E,8,-9900,?,9,-9900,?,9,0.0,E,8,-9900,?,9,-9900,?,9,0.0,0.0,E,8
01/04/2016,11:00,1337.637,1414.015,1012.09,1,8,838.793,1,8,218.632,1,8,121450.8,1,8,79685.289,1,8,24049.564,1,8,73.569,1,8,-9900,?,9,-9900,?,9,27.08,E,8,18.4,E,8,59.0,E,8,1008.6016999999999,E,8,999.0,E,8,1.76,E,8,-9900,?,9,-9900,?,9,0.0,E,8,-9900,?,9,-9900,?,9,0.0,0.0,E,8
01/04/2016,12:00,1408.159,1414.015,1118.41,1,8,985.108,1,8,137.385,1,8,134209.2,1,8,93585.224,1,8,15112.338,1,8,43.913,1,8,-9900,?,9,-9900,?,9,28.03,E,8,18.21,E,8,55.0,E,8,1008.6016999999999,E,8,999.0,E,8,1.76,E,8,-9900,?,9,-9900,?,9,0.0,E,8,-9900,?,9,-9900,?,9,0.0,0.0,E,8
01/04/2016,13:00,1396.26,1414.015,1142.74,1,8,925.268,1,8,229.097,1,8,137128.8,1,8,87900.457,1,8,25200.699,1,8,73.852,1,8,-9900,?,9,-9900,?,9,28.74,E,8,18.06,E,8,52.0,E,8,1008.6016999999999,E,8,999.0,E,8,1.76,E,8,-9900,?,9,-9900,?,9,0.0,E,8,-9900,?,9,-9900,?,9,0.0,0.0,E,8
01/04/2016,14:00,1302.745,1414.015,1084.03,1,8,961.098,1,8,198.609,1,8,130083.6,1,8,91304.264,1,8,21846.964,1,8,68.622,1,8,-9900,?,9,-9900,?,9,29.2,E,8,17.97,E,8,50.0,E,8,1008.6016999999999,E,8,999.0,E,8,1.8,E,8,-9900,?,9,-9900,?,9,0.0,E,8,-9900,?,9,-9900,?,9,0.0,0.0,E,8
01/04/2016,15:00,1133.989,1414.015,952.64,1,8,971.456,1,8,173.694,1,8,114316.8,1,8,92288.367,1,8,19106.393,1,8,68.953,1,8,-9900,?,9,-9900,?,9,29.4,E,8,17.93,E,8,50.0,E,8,1008.6016999999999,E,8,999.0,E,8,2.22,E,8,-9900,?,9,-9900,?,9,0.0,E,8,-9900,?,9,-9900,?,9,0.0,0.0,E,8
01/04/2016,16:00,901.513,1414.015,764.52,1,8,846.327,1,8,225.17,1,8,91742.4,1,8,80401.108,1,8,24768.747,1,8,112.468,1,8,-9900,?,9,-9900,?,9,29.33,E,8,17.94,E,8,50.0,E,8,1008.6016999999999,E,8,999.0,E,8,1.78,E,8,-9900,?,9,-9900,?,9,0.0,E,8,-9900,?,9,-9900,?,9,0.0,0.0,E,8
01/04/2016,17:00,621.248,1414.015,525.08,1,8,824.834,1,8,163.131,1,8,63009.6,1,8,78359.204,1,8,17944.457,1,8,118.333,1,8,-9900,?,9,-9900,?,9,28.89,E,8,18.03,E,8,51.0,E,8,1008.6016999999999,E,8,999.0,E,8,1.76,E,8,-9900,?,9,-9900,?,9,0.0,E,8,-9900,?,9,-9900,?,9,0.0,0.0,E,8
01/04/2016,18:00,312.728,1414.015,257.71,1,8,655.113,1,8,113.623,1,8,30925.2,1,8,62235.696,1,8,12498.548,1,8,164.44,1,8,-9900,?,9,-9900,?,9,28.12,E,8,18.19,E,8,54.0,E,8,1008.6016999999999,E,8,999.0,E,8,1.76,E,8,-9900,?,9,-9900,?,9,0.0,E,8,-9900,?,9,-9900,?,9,0.0,0.0,E,8
01/04/2016,19:00,6.558,1414.015,29.02,1,8,0.0,1,8,0.0,1,8,3482.4,1,8,0.0,1,8,0.0,1,8,-0.0,1,8,-9900,?,9,-9900,?,9,27.15,E,8,18.39,E,8,58.0,E,8,1008.6016999999999,E,8,999.0,E,8,1.76,E,8,-9900,?,9,-9900,?,9,0.0,E,8,-9900,?,9,-9900,?,9,0.0,0.0,E,8
01/04/2016,20:00,0.0,1414.015,0.0,1,8,0.0,1,8,0.0,1,8,0.0,1,8,0.0,1,8,0.0,1,8,-0.0,1,8,-9900,?,9,-9900,?,9,26.5,E,8,18.52,E,8,61.0,E,8,1008.6016999999999,E,8,999.0,E,8,1.76,E,8,-9900,?,9,-9900,?,9,0.0,E,8,-9900,?,9,-9900,?,9,0.0,0.0,E,8
01/04/2016,21:00,0.0,1414.015,0.0,1,8,0.0,1,8,0.0,1,8,0.0,1,8,0.0,1,8,0.0,1,8,-0.0,1,8,-9900,?,9,-9900,?,9,25.85,E,8,18.65,E,8,64.0,E,8,1008.6016999999999,E,8,999.0,E,8,1.76,E,8,-9900,?,9,-9900,?,9,0.0,E,8,-9900,?,9,-9900,?,9,0.0,0.0,E,8
01/04/2016,22:00,0.0,1414.015,0.0,1,8,0.0,1,8,0.0,1,8,0.0,1,8,0.0,1,8,0.0,1,8,-0.0,1,8,-9900,?,9,-9900,?,9,25.21,E,8,18.77,E,8,67.0,E,8,1008.6016999999999,E,8,999.0,E,8,1.76,E,8,-9900,?,9,-9900,?,9,0.0,E,8,-9900,?,9,-9900,?,9,0.0,0.0,E,8
01/04/2016,23:00,0.0,1414.015,0.0,1,8,0.0,1,8,0.0,1,8,0.0,1,8,0.0,1,8,0.0,1,8,-0.0,1,8,-9900,?,9,-9900,?,9,24.56,E,8,18.9,E,8,70.0,E,8,1008.6016999999999,E,8,999.0,E,8,1.76,E,8,-9900,?,9,-9900,?,9,0.0,E,8,-9900,?,9,-9900,?,9,0.0,0.0,E,8
01/04/2016,24:00,0.0,1414.015,0.0,1,8,0.0,1,8,0.0,1,8,0.0,1,8,0.0,1,8,0.0,1,8,-0.0,1,8,-9900,?,9,-9900,?,9,23.91,E,8,19.98,E,8,78.0,E,8,1008.6016999999999,E,8,999.0,E,8,1.68,E,8,-9900,?,9,-9900,?,9,0.0,E,8,-9900,?,9,-9900,?,9,0.0,0.0,E,8
01/05/2016,01:00,0.0,1414.015,0.0,1,8,0.0,1,8,0.0,1,8,0.0,1,8,0.0,1,8,0.0,1,8,-0.0,1,8,-9900,?,9,-9900,?,9,23.59,E,8,19.95,E,8,80.0,E,8,1008.6016999999999,E,8,999.0,E,8,1.68,E,8,-9900,?,9,-9900,?,9,0.0,E,8,-9900,?,9,-9900,?,9,0.0,0.0,E,8
01/05/2016,02:00,0.0,1414.015,0.0,1,8,0.0,1,8,0.0,1,8,0.0,1,8,0.0,1,8,0.0,1,8,-0.0,1,8,-9900,?,9,-9900,?,9,23.26,E,8,19.91,E,8,81.0,E,8,1008.6016999999999,E,8,999.0,E,8,1.68,E,8,-9900,?,9,-9900,?,9,0.0,E,8,-9900,?,9,-9900,?,9,0.0,0.0,E,8
01/05/2016,03:00,0.0,1414.015,0.0,1,8,0.0,1,8,0.0,1,8,0.0,1,8,0.0,1,8,0.0,1,8,-0.0,1,8,-9900,?,9,-9900,?,9,22.94,E,8,19.87,E,8,82.0,E,8,1008.6016999999999,E,8,999.0,E,8,1.68,E,8,-9900,?,9,-9900,?,9,0.0,E,8,-9900,?,9,-9900,?,9,0.0,0.0,E,8
01/05/2016,04:00,0.0,1413.996,0.0,1,8,0.0,1,8,0.0,1,8,0.0,1,8,0.0,1,8,0.0,1,8,-0.0,1,8,-9900,?,9,-9900,?,9,22.61,E,8,19.83,E,8,84.0,E,8,1008.6016999999999,E,8,999.0,E,8,1.68,E,8,-9900,?,9,-9900,?,9,0.0,E,8,-9900,?,9,-9900,?,9,0.0,0.0,E,8
01/05/2016,05:00,0.0,1413.996,0.0,1,8,0.0,1,8,0.0,1,8,0.0,1,8,0.0,1,8,0.0,1,8,-0.0,1,8,-9900,?,9,-9900,?,9,22.33,E,8,19.8,E,8,85.0,E,8,1008.6016999999999,E,8,999.0,E,8,1.68,E,8,-9900,?,9,-9900,?,9,0.0,E,8,-9900,?,9,-9900,?,9,0.0,0.0,E,8
01/05/2016,06:00,86.664,1413.996,0.0,1,8,0.0,1,8,0.0,1,8,0.0,1,8,0.0,1,8,0.0,1,8,0.0,1,8,-9900,?,9,-9900,?,9,22.11,E,8,19.77,E,8,86.0,E,8,1008.6016999999999,E,8,999.0,E,8,1.68,E,8,-9900,?,9,-9900,?,9,0.0,E,8,-9900,?,9,-9900,?,9,0.0,0.0,E,8
01/05/2016,07:00,400.039,1413.996,81.57,1,8,0.0,1,8,81.57,1,8,9788.4,1,8,0.0,1,8,8972.7,1,8,92.08,1,8,-9900,?,9,-9900,?,9,21.9,E,8,19.75,E,8,87.0,E,8,1008.6016999999999,E,8,999.0,E,8,1.68,E,8,-9900,?,9,-9900,?,9,0.0,E,8,-9900,?,9,-9900,?,9,0.0,0.0,E,8
01/05/2016,08:00,702.924,1413.996,317.0,1,8,201.893,1,8,216.724,1,8,38040.0,1,8,19179.869,1,8,23839.688,1,8,138.894,1,8,-9900,?,9,-9900,?,9,23.77,E,8,19.97,E,8,79.0,E,8,1008.6016999999999,E,8,999.0,E,8,1.68,E,8,-9900,?,9,-9900,?,9,0.0,E,8,-9900,?,9,-9900,?,9,0.0,0.0,E,8
01/05/2016,09:00,971.776,1413.996,554.79,1,8,355.175,1,8,310.774,1,8,66574.8,1,8,33741.613,1,8,34185.183,1,8,143.986,1,8,-9900,?,9,-9900,?,9,24.89,E,8,20.1,E,8,74.0,E,8,1008.6016999999999,E,8,999.0,E,8,1.68,E,8,-9900,?,9,-9900,?,9,0.0,E,8,-9900,?,9,-9900,?,9,0.0,0.0,E,8
01/05/2016,10:00,1188.001,1413.996,746.6,1,8,493.748,1,8,331.817,1,8,89592.0,1,8,46906.068,1,8,36499.909,1,8,125.729,1,8,-9900,?,9,-9900,?,9,25.89,E,8,20.21,E,8,70.0,E,8,1008.6016999999999,E,8,999.0,E,8,1.68,E,8,-9900,?,9,-9900,?,9,0.0,E,8,-9900,?,9,-9900,?,9,0.0,0.0,E,8
01/05/2016,11:00,1336.791,1413.996,904.16,1,8,608.366,1,8,329.031,1,8,108499.2,1,8,57794.746,1,8,36193.461,1,8,110.787,1,8,-9900,?,9,-9900,?,9,26.8,E,8,20.32,E,8,67.0,E,8,1008.6016999999999,E,8,999.0,E,8,1.68,E,8,-9900,?,9,-9900,?,9,0.0,E,8,-9900,?,9,-9900,?,9,0.0,0.0,E,8
01/05/2016,12:00,1407.98,1413.996,991.34,1,8,600.861,1,8,393.037,1,8,118960.8,1,8,57081.756,1,8,43234.123,1,8,125.643,1,8,-9900,?,9,-9900,?,9,27.53,E,8,20.4,E,8,65.0,E,8,1008.6016999999999,E,8,999.0,E,8,1.68,E,8,-9900,?,9,-9900,?,9,0.0,E,8,-9900,?,9,-9900,?,9,0.0,0.0,E,8
01/05/2016,13:00,1396.701,1413.996,1018.22,1,8,705.951,1,8,320.909,1,8,122186.4,1,8,67065.321,1,8,35300.038,1,8,103.414,1,8,-9900,?,9,-9900,?,9,28.1,E,8,20.47,E,8,63.0,E,8,1008.6016999999999,E,8,999.0,E,8,1.85,E,8,-9900,?,9,-9900,?,9,0.0,E,8,-9900,?,9,-9900,?,9,0.0,0.0,E,8
01/05/2016,14:00,1303.715,1413.996,964.57,1,8,807.813,1,8,219.8,1,8,115748.4,1,8,76742.213,1,8,24177.952,1,8,75.887,1,8,-9900,?,9,-9900,?,9,28.46,E,8,20.51,E,8,62.0,E,8,1008.6016999999999,E,8,999.0,E,8,2.15,E,8,-9900,?,9,-9900,?,9,0.0,E,8,-9900,?,9,-9900,?,9,0.0,0.0,E,8
01/05/2016,15:00,1135.361,1413.996,877.22,1,8,942.816,1,8,120.314,1,8,105266.4,1,8,89567.51,1,8,13234.519,1,8,47.704,1,8,-9900,?,9,-9900,?,9,28.64,E,8,20.53,E,8,61.0,E,8,1008.6016999999999,E,8,999.0,E,8,2.19,E,8,-9900,?,9,-9900,?,9,0.0,E,8,-9900,?,9,-9900,?,9,0.0,0.0,E,8
01/05/2016,16:00,903.133,1413.996,696.79,1,8,811.334,1,8,178.804,1,8,83614.8,1,8,77076.703,1,8,19668.473,1,8,89.148,1,8,-9900,?,9,-9900,?,9,28.61,E,8,20.52,E,8,61.0,E,8,1008.6016999999999,E,8,999.0,E,8,2.69,E,8,-9900,?,9,-9900,?,9,0.0,E,8,-9900,?,9,-9900,?,9,0.0,0.0,E,8
01/05/2016,17:00,622.942,1413.996,476.66,1,8,774.032,1,8,136.07,1,8,57199.2,1,8,73533.019,1,8,14967.753,1,8,98.433,1,8,-9900,?,9,-9900,?,9,28.26,E,8,20.48,E,8,62.0,E,8,1008.6016999999999,E,8,999.0,E,8,1.95,E,8,-9900,?,9,-9900,?,9,0.0,E,8,-9900,?,9,-9900,?,9,0.0,0.0,E,8
01/05/2016,18:00,314.315,1413.996,244.11,1,8,582.93,1,8,115.24,1,8,29293.2,1,8,55378.319,1,8,12676.349,1,8,165.926,1,8,-9900,?,9,-9900,?,9,27.66,E,8,20.42,E,8,64.0,E,8,1008.6016999999999,E,8,999.0,E,8,1.68,E,8,-9900,?,9,-9900,?,9,0.0,E,8,-9900,?,9,-9900,?,9,0.0,0.0,E,8
01/05/2016,19:00,7.676,1413.996,30.14,1,8,0.0,1,8,0.0,1,8,3616.8,1,8,0.0,1,8,0.0,1,8,-0.0,1,8,-9900,?,9,-9900,?,9,26.9,E,8,20.33,E,8,67.0,E,8,1008.6016999999999,E,8,999.0,E,8,1.68,E,8,-9900,?,9,-9900,?,9,0.0,E,8,-9900,?,9,-9900,?,9,0.0,0.0,E,8
01/05/2016,20:00,0.0,1413.996,0.0,1,8,0.0,1,8,0.0,1,8,0.0,1,8,0.0,1,8,0.0,1,8,-0.0,1,8,-9900,?,9,-9900,?,9,26.23,E,8,20.25,E,8,69.0,E,8,1008.6016999999999,E,8,999.0,E,8,1.68,E,8,-9900,?,9,-9900,?,9,0.0,E,8,-9900,?,9,-9900,?,9,0.0,0.0,E,8
01/05/2016,21:00,0.0,1413.996,0.0,1,8,0.0,1,8,0.0,1,8,0.0,1,8,0.0,1,8,0.0,1,8,-0.0,1,8,-9900,?,9,-9900,?,9,25.56,E,8,20.18,E,8,72.0,E,8,1008.6016999999999,E,8,999.0,E,8,1.68,E,8,-9900,?,9,-9900,?,9,0.0,E,8,-9900,?,9,-9900,?,9,0.0,0.0,E,8
01/05/2016,22:00,0.0,1413.996,0.0,1,8,0.0,1,8,0.0,1,8,0.0,1,8,0.0,1,8,0.0,1,8,-0.0,1,8,-9900,?,9,-9900,?,9,24.89,E,8,20.1,E,8,74.0,E,8,1008.6016999999999,E,8,999.0,E,8,1.68,E,8,-9900,?,9,-9900,?,9,0.0,E,8,-9900,?,9,-9900,?,9,0.0,0.0,E,8
01/05/2016,23:00,0.0,1413.996,0.0,1,8,0.0,1,8,0.0,1,8,0.0,1,8,0.0,1,8,0.0,1,8,-0.0,1,8,-9900,?,9,-9900,?,9,24.21,E,8,20.02,E,8,77.0,E,8,1008.6016999999999,E,8,999.0,E,8,1.68,E,8,-9900,?,9,-9900,?,9,0.0,E,8,-9900,?,9,-9900,?,9,0.0,0.0,E,8
01/05/2016,24:00,0.0,1413.996,0.0,1,8,0.0,1,8,0.0,1,8,0.0,1,8,0.0,1,8,0.0,1,8,-0.0,1,8,-9900,?,9,-9900,?,9,23.54,E,8,19.93,E,8,81.0,E,8,1008.6016999999999,E,8,999.0,E,8,1.57,E,8,-9900,?,9,-9900,?,9,0.037,E,8,-9900,?,9,-9900,?,9,0.37,99.0,E,8
01/06/2016,01:00,0.0,1413.996,0.0,1,8,0.0,1,8,0.0,1,8,0.0,1,8,0.0,1,8,0.0,1,8,-0.0,1,8,-9900,?,9,-9900,?,9,23.21,E,8,19.92,E,8,90.0,E,8,1008.6016999999999,E,8,999.0,E,8,1.57,E,8,-9900,?,9,-9900,?,9,0.6799999999999999,E,8,-9900,?,9,-9900,?,9,6.8,99.0,E,8
01/06/2016,02:00,0.0,1413.996,0.0,1,8,0.0,1,8,0.0,1,8,0.0,1,8,0.0,1,8,0.0,1,8,-0.0,1,8,-9900,?,9,-9900,?,9,22.87,E,8,19.91,E,8,83.0,E,8,1008.6016999999999,E,8,999.0,E,8,1.57,E,8,-9900,?,9,-9900,?,9,0.02,E,8,-9900,?,9,-9900,?,9,0.2,99.0,E,8
01/06/2016,03:00,0.0,1413.996,0.0,1,8,0.0,1,8,0.0,1,8,0.0,1,8,0.0,1,8,0.0,1,8,-0.0,1,8,-9900,?,9,-9900,?,9,22.53,E,8,19.91,E,8,85.0,E,8,1008.6016999999999,E,8,999.0,E,8,1.57,E,8,-9900,?,9,-9900,?,9,0.004,E,8,-9900,?,9,-9900,?,9,0.04,99.0,E,8
01/06/2016,04:00,0.0,1413.963,0.0,1,8,0.0,1,8,0.0,1,8,0.0,1,8,0.0,1,8,0.0,1,8,-0.0,1,8,-9900,?,9,-9900,?,9,22.2,E,8,19.9,E,8,82.0,E,8,1008.6016999999999,E,8,999.0,E,8,1.57,E,8,-9900,?,9,-9900,?,9,0.0,E,8,-9900,?,9,-9900,?,9,0.0,0.0,E,8
01/06/2016,05:00,0.0,1413.963,0.0,1,8,0.0,1,8,0.0,1,8,0.0,1,8,0.0,1,8,0.0,1,8,-0.0,1,8,-9900,?,9,-9900,?,9,21.9,E,8,19.9,E,8,87.0,E,8,1008.6016999999999,E,8,999.0,E,8,1.57,E,8,-9900,?,9,-9900,?,9,0.003,E,8,-9900,?,9,-9900,?,9,0.03,99.0,E,8
01/06/2016,06:00,83.421,1413.963,0.0,1,8,0.0,1,8,0.0,1,8,0.0,1,8,0.0,1,8,0.0,1,8,0.0,1,8,-9900,?,9,-9900,?,9,21.68,E,8,19.89,E,8,88.0,E,8,1008.6016999999999,E,8,999.0,E,8,1.57,E,8,-9900,?,9,-9900,?,9,0.005,E,8,-9900,?,9,-9900,?,9,0.05,99.0,E,8
01/06/2016,07:00,396.937,1413.963,56.65,1,8,0.0,1,8,56.65,1,8,6798.0,1,8,0.0,1,8,6231.5,1,8,64.451,1,8,-9900,?,9,-9900,?,9,21.46,E,8,19.89,E,8,89.0,E,8,1008.6016999999999,E,8,999.0,E,8,1.57,E,8,-9900,?,9,-9900,?,9,0.01,E,8,-9900,?,9,-9900,?,9,0.1,99.0,E,8
01/06/2016,08:00,700.235,1413.963,222.57,1,8,47.071,1,8,199.28,1,8,26708.4,1,8,4471.735,1,8,21920.812,1,8,128.203,1,8,-9900,?,9,-9900,?,9,23.26,E,8,19.92,E,8,82.0,E,8,1008.6016999999999,E,8,999.0,E,8,1.57,E,8,-9900,?,9,-9900,?,9,0.013000000000000001,E,8,-9900,?,9,-9900,?,9,0.13,99.0,E,8
01/06/2016,09:00,969.627,1413.963,392.74,1,8,77.973,1,8,339.288,1,8,47128.8,1,8,7407.422,1,8,37321.644,1,8,157.542,1,8,-9900,?,9,-9900,?,9,24.34,E,8,19.94,E,8,78.0,E,8,1008.6016999999999,E,8,999.0,E,8,1.57,E,8,-9900,?,9,-9900,?,9,0.003,E,8,-9900,?,9,-9900,?,9,0.03,99.0,E,8
01/06/2016,10:00,1186.477,1413.963,540.7,1,8,103.355,1,8,453.984,1,8,64884.0,1,8,9818.705,1,8,49938.258,1,8,172.236,1,8,-9900,?,9,-9900,?,9,25.36,E,8,19.96,E,8,70.0,E,8,1008.6016999999999,E,8,999.0,E,8,1.57,E,8,-9900,?,9,-9900,?,9,0.0,E,8,-9900,?,9,-9900,?,9,0.0,0.0,E,8
01/06/2016,11:00,1335.934,1413.963,653.16,1,8,101.614,1,8,557.156,1,8,78379.2,1,8,9653.377,1,8,61287.204,1,8,187.713,1,8,-9900,?,9,-9900,?,9,26.26,E,8,19.98,E,8,71.0,E,8,1008.6016999999999,E,8,999.0,E,8,1.57,E,8,-9900,?,9,-9900,?,9,0.001,E,8,-9900,?,9,-9900,?,9,0.01,99.0,E,8
01/06/2016,12:00,1407.784,1413.963,721.35,1,8,117.283,1,8,604.579,1,8,86562.0,1,8,11141.931,1,8,66503.72,1,8,193.289,1,8,-9900,?,9,-9900,?,9,27.01,E,8,20.0,E,8,64.0,E,8,1008.6016999999999,E,8,999.0,E,8,1.74,E,8,-9900,?,9,-9900,?,9,0.0,E,8,-9900,?,9,-9900,?,9,0.0,0.0,E,8
01/06/2016,13:00,1397.115,1413.963,740.23,1,8,134.964,1,8,606.875,1,8,88827.6,1,8,12821.568,1,8,66756.266,1,8,195.505,1,8,-9900,?,9,-9900,?,9,27.58,E,8,20.01,E,8,63.0,E,8,1008.6016999999999,E,8,999.0,E,8,2.16,E,8,-9900,?,9,-9900,?,9,0.0,E,8,-9900,?,9,-9900,?,9,0.0,0.0,E,8
01/06/2016,14:00,1304.647,1413.963,708.42,1,8,157.29,1,8,563.298,1,8,85010.4,1,8,14942.548,1,8,61962.757,1,8,194.337,1,8,-9900,?,9,-9900,?,9,27.95,E,8,20.01,E,8,66.0,E,8,1008.6016999999999,E,8,999.0,E,8,2.91,E,8,-9900,?,9,-9900,?,9,0.001,E,8,-9900,?,9,-9900,?,9,0.01,99.0,E,8
01/06/2016,15:00,1136.682,1413.963,628.22,1,8,312.126,1,8,377.343,1,8,75386.4,1,8,29652.006,1,8,41507.682,1,8,149.436,1,8,-9900,?,9,-9900,?,9,28.13,E,8,20.02,E,8,61.0,E,8,1008.6016999999999,E,8,999.0,E,8,2.91,E,8,-9900,?,9,-9900,?,9,0.0,E,8,-9900,?,9,-9900,?,9,0.0,0.0,E,8
01/06/2016,16:00,904.687,1413.963,505.63,1,8,378.002,1,8,263.878,1,8,60675.6,1,8,35910.193,1,8,29026.546,1,8,131.334,1,8,-9900,?,9,-9900,?,9,28.1,E,8,20.02,E,8,61.0,E,8,1008.6016999999999,E,8,999.0,E,8,2.39,E,8,-9900,?,9,-9900,?,9,0.0,E,8,-9900,?,9,-9900,?,9,0.0,0.0,E,8
01/06/2016,17:00,624.556,1413.963,350.4,1,8,441.093,1,8,155.801,1,8,42048.0,1,8,41903.808,1,8,17138.117,1,8,112.411,1,8,-9900,?,9,-9900,?,9,27.77,E,8,20.01,E,8,66.0,E,8,1008.6016999999999,E,8,999.0,E,8,1.9,E,8,-9900,?,9,-9900,?,9,0.008,E,8,-9900,?,9,-9900,?,9,0.08,99.0,E,8
01/06/2016,18:00,315.81,1413.963,177.6,1,8,520.419,1,8,61.993,1,8,21312.0,1,8,49439.84,1,8,6819.212,1,8,88.83,1,8,-9900,?,9,-9900,?,9,27.18,E,8,20.0,E,8,68.0,E,8,1008.6016999999999,E,8,999.0,E,8,2.07,E,8,-9900,?,9,-9900,?,9,0.027000000000000003,E,8,-9900,?,9,-9900,?,9,0.27,99.0,E,8
01/06/2016,19:00,8.709,1413.963,24.07,1,8,0.0,1,8,0.0,1,8,2888.4,1,8,0.0,1,8,0.0,1,8,-0.0,1,8,-9900,?,9,-9900,?,9,26.42,E,8,19.98,E,8,70.0,E,8,1008.6016999999999,E,8,999.0,E,8,1.57,E,8,-9900,?,9,-9900,?,9,0.016,E,8,-9900,?,9,-9900,?,9,0.16,99.0,E,8
01/06/2016,20:00,0.0,1413.963,0.0,1,8,0.0,1,8,0.0,1,8,0.0,1,8,0.0,1,8,0.0,1,8,-0.0,1,8,-9900,?,9,-9900,?,9,25.81,E,8,19.97,E,8,72.0,E,8,1008.6016999999999,E,8,999.0,E,8,1.57,E,8,-9900,?,9,-9900,?,9,0.001,E,8,-9900,?,9,-9900,?,9,0.01,99.0,E,8
01/06/2016,21:00,0.0,1413.963,0.0,1,8,0.0,1,8,0.0,1,8,0.0,1,8,0.0,1,8,0.0,1,8,-0.0,1,8,-9900,?,9,-9900,?,9,25.2,E,8,19.96,E,8,74.0,E,8,1008.6016999999999,E,8,999.0,E,8,1.57,E,8,-9900,?,9,-9900,?,9,0.002,E,8,-9900,?,9,-9900,?,9,0.02,99.0,E,8
01/06/2016,22:00,0.0,1413.963,0.0,1,8,0.0,1,8,0.0,1,8,0.0,1,8,0.0,1,8,0.0,1,8,-0.0,1,8,-9900,?,9,-9900,?,9,24.58,E,8,19.95,E,8,77.0,E,8,1008.6016999999999,E,8,999.0,E,8,1.57,E,8,-9900,?,9,-9900,?,9,0.007000000000000001,E,8,-9900,?,9,-9900,?,9,0.07,99.0,E,8
01/06/2016,23:00,0.0,1413.963,0.0,1,8,0.0,1,8,0.0,1,8,0.0,1,8,0.0,1,8,0.0,1,8,-0.0,1,8,-9900,?,9,-9900,?,9,23.97,E,8,19.94,E,8,79.0,E,8,1008.6016999999999,E,8,999.0,E,8,1.57,E,8,-9900,?,9,-9900,?,9,0.061,E,8,-9900,?,9,-9900,?,9,0.61,99.0,E,8
01/06/2016,24:00,0.0,1413.963,0.0,1,8,0.0,1,8,0.0,1,8,0.0,1,8,0.0,1,8,0.0,1,8,-0.0,1,8,-9900,?,9,-9900,?,9,23.36,E,8,20.18,E,8,87.0,E,8,1008.6016999999999,E,8,999.0,E,8,1.3,E,8,-9900,?,9,-9900,?,9,0.001,E,8,-9900,?,9,-9900,?,9,0.01,99.0,E,8
01/07/2016,01:00,0.0,1413.963,0.0,1,8,0.0,1,8,0.0,1,8,0.0,1,8,0.0,1,8,0.0,1,8,-0.0,1,8,-9900,?,9,-9900,?,9,23.05,E,8,20.29,E,8,89.0,E,8,1008.6016999999999,E,8,999.0,E,8,1.3,E,8,-9900,?,9,-9900,?,9,0.001,E,8,-9900,?,9,-9900,?,9,0.01,99.0,E,8
01/07/2016,02:00,0.0,1413.963,0.0,1,8,0.0,1,8,0.0,1,8,0.0,1,8,0.0,1,8,0.0,1,8,-0.0,1,8,-9900,?,9,-9900,?,9,22.75,E,8,20.39,E,8,91.0,E,8,1008.6016999999999,E,8,999.0,E,8,1.3,E,8,-9900,?,9,-9900,?,9,0.002,E,8,-9900,?,9,-9900,?,9,0.02,99.0,E,8
01/07/2016,03:00,0.0,1413.963,0.0,1,8,0.0,1,8,0.0,1,8,0.0,1,8,0.0,1,8,0.0,1,8,-0.0,1,8,-9900,?,9,-9900,?,9,22.44,E,8,20.49,E,8,88.0,E,8,1008.6016999999999,E,8,999.0,E,8,1.3,E,8,-9900,?,9,-9900,?,9,0.0,E,8,-9900,?,9,-9900,?,9,0.0,0.0,E,8
01/07/2016,04:00,0.0,1413.914,0.0,1,8,0.0,1,8,0.0,1,8,0.0,1,8,0.0,1,8,0.0,1,8,-0.0,1,8,-9900,?,9,-9900,?,9,22.13,E,8,20.59,E,8,96.0,E,8,1008.6016999999999,E,8,999.0,E,8,1.3,E,8,-9900,?,9,-9900,?,9,0.006,E,8,-9900,?,9,-9900,?,9,0.06,99.0,E,8
01/07/2016,05:00,0.0,1413.914,0.0,1,8,0.0,1,8,0.0,1,8,0.0,1,8,0.0,1,8,0.0,1,8,-0.0,1,8,-9900,?,9,-9900,?,9,21.86,E,8,20.68,E,8,93.0,E,8,1008.6016999999999,E,8,999.0,E,8,1.3,E,8,-9900,?,9,-9900,?,9,0.0,E,8,-9900,?,9,-9900,?,9,0.0,0.0,E,8
01/07/2016,06:00,80.153,1413.914,0.0,1,8,0.0,1,8,0.0,1,8,0.0,1,8,0.0,1,8,0.0,1,8,0.0,1,8,-9900,?,9,-9900,?,9,21.66,E,8,20.74,E,8,94.0,E,8,1008.6016999999999,E,8,999.0,E,8,1.3,E,8,-9900,?,9,-9900,?,9,0.0,E,8,-9900,?,9,-9900,?,9,0.0,0.0,E,8
01/07/2016,07:00,393.812,1413.914,80.57,1,8,0.0,1,8,80.57,1,8,9668.4,1,8,0.0,1,8,8862.7,1,8,92.394,1,8,-9900,?,9,-9900,?,9,21.46,E,8,20.8,E,8,96.0,E,8,1008.6016999999999,E,8,999.0,E,8,1.3,E,8,-9900,?,9,-9900,?,9,0.0,E,8,-9900,?,9,-9900,?,9,0.0,0.0,E,8
01/07/2016,08:00,697.531,1413.914,322.69,1,8,223.942,1,8,212.312,1,8,38722.8,1,8,21274.466,1,8,23354.368,1,8,137.113,1,8,-9900,?,9,-9900,?,9,23.56,E,8,20.12,E,8,81.0,E,8,1008.6016999999999,E,8,999.0,E,8,1.3,E,8,-9900,?,9,-9900,?,9,0.0,E,8,-9900,?,9,-9900,?,9,0.0,0.0,E,8
01/07/2016,09:00,967.468,1413.914,572.21,1,8,404.352,1,8,295.625,1,8,68665.2,1,8,38413.433,1,8,32518.758,1,8,137.57,1,8,-9900,?,9,-9900,?,9,24.85,E,8,19.68,E,8,73.0,E,8,1008.6016999999999,E,8,999.0,E,8,1.3,E,8,-9900,?,9,-9900,?,9,0.0,E,8,-9900,?,9,-9900,?,9,0.0,0.0,E,8
01/07/2016,10:00,1184.945,1413.914,787.15,1,8,580.324,1,8,300.864,1,8,94458.0,1,8,55130.756,1,8,33095.083,1,8,114.288,1,8,-9900,?,9,-9900,?,9,26.06,E,8,19.26,E,8,66.0,E,8,1008.6016999999999,E,8,999.0,E,8,1.3,E,8,-9900,?,9,-9900,?,9,0.0,E,8,-9900,?,9,-9900,?,9,0.0,0.0,E,8
01/07/2016,11:00,1335.066,1413.914,951.04,1,8,670.872,1,8,317.603,1,8,114124.8,1,8,63732.796,1,8,34936.302,1,8,107.071,1,8,-9900,?,9,-9900,?,9,27.12,E,8,18.89,E,8,60.0,E,8,1008.6016999999999,E,8,999.0,E,8,1.68,E,8,-9900,?,9,-9900,?,9,0.0,E,8,-9900,?,9,-9900,?,9,0.0,0.0,E,8
01/07/2016,12:00,1407.571,1413.914,1047.83,1,8,770.734,1,8,280.556,1,8,125739.6,1,8,73219.727,1,8,30861.113,1,8,89.706,1,8,-9900,?,9,-9900,?,9,28.0,E,8,18.57,E,8,56.0,E,8,1008.6016999999999,E,8,999.0,E,8,2.76,E,8,-9900,?,9,-9900,?,9,0.0,E,8,-9900,?,9,-9900,?,9,0.0,0.0,E,8
01/07/2016,13:00,1397.503,1413.914,1069.61,1,8,873.531,1,8,206.223,1,8,128353.2,1,8,82985.49,1,8,22684.552,1,8,66.414,1,8,-9900,?,9,-9900,?,9,28.66,E,8,18.32,E,8,53.0,E,8,1008.6016999999999,E,8,999.0,E,8,2.76,E,8,-9900,?,9,-9900,?,9,0.0,E,8,-9900,?,9,-9900,?,9,0.0,0.0,E,8
01/07/2016,14:00,1305.54,1413.914,1026.0,1,8,993.418,1,8,108.772,1,8,123120.0,1,8,94374.702,1,8,11964.935,1,8,37.499,1,8,-9900,?,9,-9900,?,9,29.1,E,8,18.16,E,8,51.0,E,8,1008.6016999999999,E,8,999.0,E,8,3.31,E,8,-9900,?,9,-9900,?,9,0.0,E,8,-9900,?,9,-9900,?,9,0.0,0.0,E,8
01/07/2016,15:00,1137.95,1413.914,910.95,1,8,933.249,1,8,159.97,1,8,109314.0,1,8,88658.63,1,8,17596.722,1,8,63.279,1,8,-9900,?,9,-9900,?,9,29.31,E,8,18.08,E,8,50.0,E,8,1008.6016999999999,E,8,999.0,E,8,3.59,E,8,-9900,?,9,-9900,?,9,0.0,E,8,-9900,?,9,-9900,?,9,0.0,0.0,E,8
01/07/2016,16:00,906.174,1413.914,726.74,1,8,836.311,1,8,190.976,1,8,87208.8,1,8,79449.535,1,8,21007.379,1,8,94.891,1,8,-9900,?,9,-9900,?,9,29.26,E,8,18.1,E,8,51.0,E,8,1008.6016999999999,E,8,999.0,E,8,3.3,E,8,-9900,?,9,-9900,?,9,0.0,E,8,-9900,?,9,-9900,?,9,0.0,0.0,E,8
01/07/2016,17:00,626.089,1413.914,503.88,1,8,780.716,1,8,158.588,1,8,60465.6,1,8,74167.991,1,8,17444.689,1,8,114.137,1,8,-9900,?,9,-9900,?,9,28.87,E,8,18.25,E,8,52.0,E,8,1008.6016999999999,E,8,999.0,E,8,2.53,E,8,-9900,?,9,-9900,?,9,0.0,E,8,-9900,?,9,-9900,?,9,0.0,0.0,E,8
01/07/2016,18:00,317.21,1413.914,250.94,1,8,585.378,1,8,120.315,1,8,30112.8,1,8,55610.919,1,8,13234.664,1,8,171.625,1,8,-9900,?,9,-9900,?,9,28.16,E,8,18.51,E,8,55.0,E,8,1008.6016999999999,E,8,999.0,E,8,1.88,E,8,-9900,?,9,-9900,?,9,0.0,E,8,-9900,?,9,-9900,?,9,0.0,0.0,E,8
01/07/2016,19:00,9.656,1413.914,31.75,1,8,0.0,1,8,0.0,1,8,3810.0,1,8,0.0,1,8,0.0,1,8,-0.0,1,8,-9900,?,9,-9900,?,9,27.27,E,8,18.83,E,8,70.0,E,8,1008.6016999999999,E,8,999.0,E,8,1.3,E,8,-9900,?,9,-9900,?,9,0.17099999999999999,E,8,-9900,?,9,-9900,?,9,1.71,99.0,E,8
01/07/2016,20:00,0.0,1413.914,0.0,1,8,0.0,1,8,0.0,1,8,0.0,1,8,0.0,1,8,0.0,1,8,-0.0,1,8,-9900,?,9,-9900,?,9,26.63,E,8,19.06,E,8,68.0,E,8,1008.6016999999999,E,8,999.0,E,8,1.3,E,8,-9900,?,9,-9900,?,9,0.011,E,8,-9900,?,9,-9900,?,9,0.11,99.0,E,8
01/07/2016,21:00,0.0,1413.914,0.0,1,8,0.0,1,8,0.0,1,8,0.0,1,8,0.0,1,8,0.0,1,8,-0.0,1,8,-9900,?,9,-9900,?,9,25.99,E,8,19.29,E,8,71.0,E,8,1008.6016999999999,E,8,999.0,E,8,1.3,E,8,-9900,?,9,-9900,?,9,0.004,E,8,-9900,?,9,-9900,?,9,0.04,99.0,E,8
01/07/2016,22:00,0.0,1413.914,0.0,1,8,0.0,1,8,0.0,1,8,0.0,1,8,0.0,1,8,0.0,1,8,-0.0,1,8,-9900,?,9,-9900,?,9,25.34,E,8,19.51,E,8,75.0,E,8,1008.6016999999999,E,8,999.0,E,8,1.3,E,8,-9900,?,9,-9900,?,9,0.003,E,8,-9900,?,9,-9900,?,9,0.03,99.0,E,8
01/07/2016,23:00,0.0,1413.914,0.0,1,8,0.0,1,8,0.0,1,8,0.0,1,8,0.0,1,8,0.0,1,8,-0.0,1,8,-9900,?,9,-9900,?,9,24.7,E,8,19.73,E,8,78.0,E,8,1008.6016999999999,E,8,999.0,E,8,1.3,E,8,-9900,?,9,-9900,?,9,0.001,E,8,-9900,?,9,-9900,?,9,0.01,99.0,E,8
01/07/2016,24:00,0.0,1413.914,0.0,1,8,0.0,1,8,0.0,1,8,0.0,1,8,0.0,1,8,0.0,1,8,-0.0,1,8,-9900,?,9,-9900,?,9,24.06,E,8,20.05,E,8,78.0,E,8,1008.6016999999999,E,8,999.0,E,8,0.97,E,8,-9900,?,9,-9900,?,9,0.0,E,8,-9900,?,9,-9900,?,9,0.0,0.0,E,8
01/08/2016,01:00,0.0,1413.914,0.0,1,8,0.0,1,8,0.0,1,8,0.0,1,8,0.0,1,8,0.0,1,8,-0.0,1,8,-9900,?,9,-9900,?,9,23.74,E,8,19.95,E,8,79.0,E,8,1008.6016999999999,E,8,999.0,E,8,0.97,E,8,-9900,?,9,-9900,?,9,0.0,E,8,-9900,?,9,-9900,?,9,0.0,0.0,E,8
01/08/2016,02:00,0.0,1413.914,0.0,1,8,0.0,1,8,0.0,1,8,0.0,1,8,0.0,1,8,0.0,1,8,-0.0,1,8,-9900,?,9,-9900,?,9,23.42,E,8,19.85,E,8,80.0,E,8,1008.6016999999999,E,8,999.0,E,8,0.97,E,8,-9900,?,9,-9900,?,9,0.0,E,8,-9900,?,9,-9900,?,9,0.0,0.0,E,8
01/08/2016,03:00,0.0,1413.914,0.0,1,8,0.0,1,8,0.0,1,8,0.0,1,8,0.0,1,8,0.0,1,8,-0.0,1,8,-9900,?,9,-9900,?,9,23.1,E,8,19.75,E,8,81.0,E,8,1008.6016999999999,E,8,999.0,E,8,0.97,E,8,-9900,?,9,-9900,?,9,0.0,E,8,-9900,?,9,-9900,?,9,0.0,0.0,E,8
01/08/2016,04:00,0.0,1413.85,0.0,1,8,0.0,1,8,0.0,1,8,0.0,1,8,0.0,1,8,0.0,1,8,-0.0,1,8,-9900,?,9,-9900,?,9,22.78,E,8,19.65,E,8,82.0,E,8,1008.6016999999999,E,8,999.0,E,8,0.97,E,8,-9900,?,9,-9900,?,9,0.0,E,8,-9900,?,9,-9900,?,9,0.0,0.0,E,8
01/08/2016,05:00,0.0,1413.85,0.0,1,8,0.0,1,8,0.0,1,8,0.0,1,8,0.0,1,8,0.0,1,8,-0.0,1,8,-9900,?,9,-9900,?,9,22.49,E,8,19.56,E,8,83.0,E,8,1008.6016999999999,E,8,999.0,E,8,0.97,E,8,-9900,?,9,-9900,?,9,0.0,E,8,-9900,?,9,-9900,?,9,0.0,0.0,E,8
01/08/2016,06:00,76.861,1413.85,0.0,1,8,0.0,1,8,0.0,1,8,0.0,1,8,0.0,1,8,0.0,1,8,0.0,1,8,-9900,?,9,-9900,?,9,22.28,E,8,19.5,E,8,84.0,E,8,1008.6016999999999,E,8,999.0,E,8,0.97,E,8,-9900,?,9,-9900,?,9,0.0,E,8,-9900,?,9,-9900,?,9,0.0,0.0,E,8
01/08/2016,07:00,390.667,1413.85,59.74,1,8,0.0,1,8,59.74,1,8,7168.8,1,8,0.0,1,8,6571.4,1,8,69.06,1,8,-9900,?,9,-9900,?,9,22.07,E,8,19.43,E,8,85.0,E,8,1008.6016999999999,E,8,999.0,E,8,0.97,E,8,-9900,?,9,-9900,?,9,0.0,E,8,-9900,?,9,-9900,?,9,0.0,0.0,E,8
01/08/2016,08:00,694.815,1413.85,258.68,1,8,81.111,1,8,218.856,1,8,31041.6,1,8,7705.591,1,8,24074.118,1,8,141.887,1,8,-9900,?,9,-9900,?,9,23.63,E,8,19.92,E,8,79.0,E,8,1008.6016999999999,E,8,999.0,E,8,0.97,E,8,-9900,?,9,-9900,?,9,0.0,E,8,-9900,?,9,-9900,?,9,0.0,0.0,E,8
01/08/2016,09:00,965.301,1413.85,432.01,1,8,117.416,1,8,351.871,1,8,51841.2,1,8,11154.564,1,8,38705.84,1,8,164.105,1,8,-9900,?,9,-9900,?,9,24.52,E,8,20.19,E,8,76.0,E,8,1008.6016999999999,E,8,999.0,E,8,0.97,E,8,-9900,?,9,-9900,?,9,0.0,E,8,-9900,?,9,-9900,?,9,0.0,0.0,E,8
01/08/2016,10:00,1183.404,1413.85,578.93,1,8,193.678,1,8,416.84,1,8,69471.6,1,8,18399.397,1,8,45852.439,1,8,158.542,1,8,-9900,?,9,-9900,?,9,25.33,E,8,20.43,E,8,74.0,E,8,1008.6016999999999,E,8,999.0,E,8,1.67,E,8,-9900,?,9,-9900,?,9,0.0,E,8,-9900,?,9,-9900,?,9,0.0,0.0,E,8
01/08/2016,11:00,1334.186,1413.85,780.33,1,8,348.155,1,8,451.804,1,8,93639.6,1,8,33074.712,1,8,49698.438,1,8,152.406,1,8,-9900,?,9,-9900,?,9,26.2,E,8,20.69,E,8,71.0,E,8,1008.6016999999999,E,8,999.0,E,8,2.42,E,8,-9900,?,9,-9900,?,9,0.0,E,8,-9900,?,9,-9900,?,9,0.0,0.0,E,8
01/08/2016,12:00,1407.339,1413.85,961.25,1,8,571.227,1,8,392.655,1,8,115350.0,1,8,54266.529,1,8,43192.104,1,8,125.565,1,8,-9900,?,9,-9900,?,9,27.09,E,8,20.95,E,8,69.0,E,8,1008.6016999999999,E,8,999.0,E,8,3.43,E,8,-9900,?,9,-9900,?,9,0.0,E,8,-9900,?,9,-9900,?,9,0.0,0.0,E,8
01/08/2016,13:00,1397.862,1413.85,892.56,1,8,518.293,1,8,380.131,1,8,107107.2,1,8,49237.878,1,8,41814.398,1,8,122.384,1,8,-9900,?,9,-9900,?,9,27.62,E,8,21.1,E,8,67.0,E,8,1008.6016999999999,E,8,999.0,E,8,3.11,E,8,-9900,?,9,-9900,?,9,0.0,E,8,-9900,?,9,-9900,?,9,0.0,0.0,E,8
01/08/2016,14:00,1306.392,1413.85,837.21,1,8,549.833,1,8,329.192,1,8,100465.2,1,8,52234.125,1,8,36211.122,1,8,113.41,1,8,-9900,?,9,-9900,?,9,27.95,E,8,21.19,E,8,66.0,E,8,1008.6016999999999,E,8,999.0,E,8,3.94,E,8,-9900,?,9,-9900,?,9,0.0,E,8,-9900,?,9,-9900,?,9,0.0,0.0,E,8
01/08/2016,15:00,1139.163,1413.85,783.84,1,8,643.372,1,8,265.547,1,8,94060.8,1,8,61120.294,1,8,29210.169,1,8,104.925,1,8,-9900,?,9,-9900,?,9,28.15,E,8,21.25,E,8,66.0,E,8,1008.6016999999999,E,8,999.0,E,8,4.31,E,8,-9900,?,9,-9900,?,9,0.0,E,8,-9900,?,9,-9900,?,9,0.0,0.0,E,8
01/08/2016,16:00,907.59,1413.85,663.65,1,8,892.123,1,8,91.211,1,8,79638.0,1,8,84751.642,1,8,10033.212,1,8,45.247,1,8,-9900,?,9,-9900,?,9,28.19,E,8,21.26,E,8,66.0,E,8,1008.6016999999999,E,8,999.0,E,8,3.7,E,8,-9900,?,9,-9900,?,9,0.0,E,8,-9900,?,9,-9900,?,9,0.0,0.0,E,8
01/08/2016,17:00,627.538,1413.85,426.88,1,8,726.224,1,8,104.928,1,8,51225.6,1,8,68991.284,1,8,11542.121,1,8,75.34,1,8,-9900,?,9,-9900,?,9,27.89,E,8,21.18,E,8,66.0,E,8,1008.6016999999999,E,8,999.0,E,8,2.82,E,8,-9900,?,9,-9900,?,9,0.0,E,8,-9900,?,9,-9900,?,9,0.0,0.0,E,8
01/08/2016,18:00,318.514,1413.85,239.87,1,8,439.586,1,8,141.366,1,8,28784.4,1,8,41760.655,1,8,15550.256,1,8,200.81,1,8,-9900,?,9,-9900,?,9,27.38,E,8,21.03,E,8,68.0,E,8,1008.6016999999999,E,8,999.0,E,8,2.1,E,8,-9900,?,9,-9900,?,9,0.0,E,8,-9900,?,9,-9900,?,9,0.0,0.0,E,8
01/08/2016,19:00,10.512,1413.85,37.9,1,8,0.0,1,8,0.0,1,8,4548.0,1,8,0.0,1,8,0.0,1,8,-0.0,1,8,-9900,?,9,-9900,?,9,26.69,E,8,20.83,E,8,70.0,E,8,1008.6016999999999,E,8,999.0,E,8,1.6,E,8,-9900,?,9,-9900,?,9,0.0,E,8,-9900,?,9,-9900,?,9,0.0,0.0,E,8
01/08/2016,20:00,0.0,1413.85,0.0,1,8,0.0,1,8,0.0,1,8,0.0,1,8,0.0,1,8,0.0,1,8,-0.0,1,8,-9900,?,9,-9900,?,9,26.02,E,8,20.63,E,8,72.0,E,8,1008.6016999999999,E,8,999.0,E,8,0.97,E,8,-9900,?,9,-9900,?,9,0.0,E,8,-9900,?,9,-9900,?,9,0.0,0.0,E,8
01/08/2016,21:00,0.0,1413.85,0.0,1,8,0.0,1,8,0.0,1,8,0.0,1,8,0.0,1,8,0.0,1,8,-0.0,1,8,-9900,?,9,-9900,?,9,25.34,E,8,20.43,E,8,74.0,E,8,1008.6016999999999,E,8,999.0,E,8,0.97,E,8,-9900,?,9,-9900,?,9,0.0,E,8,-9900,?,9,-9900,?,9,0.0,0.0,E,8
01/08/2016,22:00,0.0,1413.85,0.0,1,8,0.0,1,8,0.0,1,8,0.0,1,8,0.0,1,8,0.0,1,8,-0.0,1,8,-9900,?,9,-9900,?,9,24.67,E,8,20.23,E,8,76.0,E,8,1008.6016999999999,E,8,999.0,E,8,0.97,E,8,-9900,?,9,-9900,?,9,0.0,E,8,-9900,?,9,-9900,?,9,0.0,0.0,E,8
01/08/2016,23:00,0.0,1413.85,0.0,1,8,0.0,1,8,0.0,1,8,0.0,1,8,0.0,1,8,0.0,1,8,-0.0,1,8,-9900,?,9,-9900,?,9,24.0,E,8,20.03,E,8,78.0,E,8,1008.6016999999999,E,8,999.0,E,8,0.97,E,8,-9900,?,9,-9900,?,9,0.0,E,8,-9900,?,9,-9900,?,9,0.0,0.0,E,8
01/08/2016,24:00,0.0,1413.85,0.0,1,8,0.0,1,8,0.0,1,8,0.0,1,8,0.0,1,8,0.0,1,8,-0.0,1,8,-9900,?,9,-9900,?,9,23.32,E,8,19.02,E,8,76.0,E,8,1008.6016999999999,E,8,999.0,E,8,1.4,E,8,-9900,?,9,-9900,?,9,0.006,E,8,-9900,?,9,-9900,?,9,0.06,99.0,E,8
01/09/2016,01:00,0.0,1413.85,0.0,1,8,0.0,1,8,0.0,1,8,0.0,1,8,0.0,1,8,0.0,1,8,-0.0,1,8,-9900,?,9,-9900,?,9,22.99,E,8,19.11,E,8,77.0,E,8,1008.6016999999999,E,8,999.0,E,8,1.4,E,8,-9900,?,9,-9900,?,9,0.011,E,8,-9900,?,9,-9900,?,9,0.11,99.0,E,8
01/09/2016,02:00,0.0,1413.85,0.0,1,8,0.0,1,8,0.0,1,8,0.0,1,8,0.0,1,8,0.0,1,8,-0.0,1,8,-9900,?,9,-9900,?,9,22.65,E,8,19.2,E,8,75.0,E,8,1008.6016999999999,E,8,999.0,E,8,1.4,E,8,-9900,?,9,-9900,?,9,0.0,E,8,-9900,?,9,-9900,?,9,0.0,0.0,E,8
01/09/2016,03:00,0.0,1413.85,0.0,1,8,0.0,1,8,0.0,1,8,0.0,1,8,0.0,1,8,0.0,1,8,-0.0,1,8,-9900,?,9,-9900,?,9,22.31,E,8,19.28,E,8,81.0,E,8,1008.6016999999999,E,8,999.0,E,8,1.4,E,8,-9900,?,9,-9900,?,9,0.001,E,8,-9900,?,9,-9900,?,9,0.01,99.0,E,8
01/09/2016,04:00,0.0,1413.771,0.0,1,8,0.0,1,8,0.0,1,8,0.0,1,8,0.0,1,8,0.0,1,8,-0.0,1,8,-9900,?,9,-9900,?,9,21.98,E,8,19.37,E,8,83.0,E,8,1008.6016999999999,E,8,999.0,E,8,1.4,E,8,-9900,?,9,-9900,?,9,0.001,E,8,-9900,?,9,-9900,?,9,0.01,99.0,E,8
01/09/2016,05:00,0.0,1413.771,0.0,1,8,0.0,1,8,0.0,1,8,0.0,1,8,0.0,1,8,0.0,1,8,-0.0,1,8,-9900,?,9,-9900,?,9,21.68,E,8,19.44,E,8,84.0,E,8,1008.6016999999999,E,8,999.0,E,8,1.4,E,8,-9900,?,9,-9900,?,9,0.004,E,8,-9900,?,9,-9900,?,9,0.04,99.0,E,8
01/09/2016,06:00,73.551,1413.771,0.0,1,8,0.0,1,8,0.0,1,8,0.0,1,8,0.0,1,8,0.0,1,8,0.0,1,8,-9900,?,9,-9900,?,9,21.45,E,8,19.5,E,8,90.0,E,8,1008.6016999999999,E,8,999.0,E,8,1.4,E,8,-9900,?,9,-9900,?,9,0.17099999999999999,E,8,-9900,?,9,-9900,?,9,1.71,99.0,E,8
01/09/2016,07:00,387.504,1413.771,82.76,1,8,0.0,1,8,82.76,1,8,9931.2,1,8,0.0,1,8,9103.6,1,8,96.452,1,8,-9900,?,9,-9900,?,9,21.23,E,8,19.56,E,8,83.0,E,8,1008.6016999999999,E,8,999.0,E,8,1.4,E,8,-9900,?,9,-9900,?,9,0.0,E,8,-9900,?,9,-9900,?,9,0.0,0.0,E,8
01/09/2016,08:00,692.087,1413.771,343.07,1,8,291.434,1,8,200.536,1,8,41168.4,1,8,27686.219,1,8,22058.943,1,8,130.516,1,8,-9900,?,9,-9900,?,9,23.2,E,8,19.05,E,8,72.0,E,8,1008.6016999999999,E,8,999.0,E,8,1.4,E,8,-9900,?,9,-9900,?,9,0.0,E,8,-9900,?,9,-9900,?,9,0.0,0.0,E,8
01/09/2016,09:00,963.127,1413.771,611.26,1,8,542.677,1,8,241.688,1,8,73351.2,1,8,51554.308,1,8,26585.733,1,8,112.966,1,8,-9900,?,9,-9900,?,9,24.42,E,8,18.74,E,8,67.0,E,8,1008.6016999999999,E,8,999.0,E,8,1.4,E,8,-9900,?,9,-9900,?,9,0.0,E,8,-9900,?,9,-9900,?,9,0.0,0.0,E,8
01/09/2016,10:00,1181.856,1413.771,848.76,1,8,730.234,1,8,238.391,1,8,101851.2,1,8,69372.199,1,8,26222.993,1,8,90.784,1,8,-9900,?,9,-9900,?,9,25.58,E,8,18.43,E,8,62.0,E,8,1008.6016999999999,E,8,999.0,E,8,1.4,E,8,-9900,?,9,-9900,?,9,0.0,E,8,-9900,?,9,-9900,?,9,0.0,0.0,E,8
01/09/2016,11:00,1333.294,1413.771,1032.17,1,8,911.659,1,8,172.437,1,8,123860.4,1,8,86607.613,1,8,18968.084,1,8,58.204,1,8,-9900,?,9,-9900,?,9,26.61,E,8,18.15,E,8,58.0,E,8,1008.6016999999999,E,8,999.0,E,8,1.4,E,8,-9900,?,9,-9900,?,9,0.0,E,8,-9900,?,9,-9900,?,9,0.0,0.0,E,8
01/09/2016,12:00,1407.087,1413.771,1146.6,1,8,789.796,1,8,360.54,1,8,137592.0,1,8,75030.638,1,8,39659.356,1,8,115.309,1,8,-9900,?,9,-9900,?,9,27.48,E,8,17.91,E,8,54.0,E,8,1008.6016999999999,E,8,999.0,E,8,1.73,E,8,-9900,?,9,-9900,?,9,0.0,E,8,-9900,?,9,-9900,?,9,0.0,0.0,E,8
01/09/2016,13:00,1398.191,1413.771,1188.93,1,8,973.418,1,8,226.245,1,8,142671.6,1,8,92474.738,1,8,24886.99,1,8,72.819,1,8,-9900,?,9,-9900,?,9,28.15,E,8,17.72,E,8,52.0,E,8,1008.6016999999999,E,8,999.0,E,8,2.66,E,8,-9900,?,9,-9900,?,9,0.0,E,8,-9900,?,9,-9900,?,9,0.0,0.0,E,8
01/09/2016,14:00,1307.201,1413.771,1146.84,1,8,854.037,1,8,357.22,1,8,137620.8,1,8,81133.5,1,8,39294.192,1,8,122.983,1,8,-9900,?,9,-9900,?,9,28.61,E,8,17.6,E,8,51.0,E,8,1008.6016999999999,E,8,999.0,E,8,3.7,E,8,-9900,?,9,-9900,?,9,0.0,E,8,-9900,?,9,-9900,?,9,0.0,0.0,E,8
01/09/2016,15:00,1140.318,1413.771,1027.2,1,8,818.282,1,8,367.295,1,8,123264.0,1,8,77736.825,1,8,40402.427,1,8,144.973,1,8,-9900,?,9,-9900,?,9,28.84,E,8,17.53,E,8,50.0,E,8,1008.6016999999999,E,8,999.0,E,8,3.16,E,8,-9900,?,9,-9900,?,9,0.0,E,8,-9900,?,9,-9900,?,9,0.0,0.0,E,8
01/09/2016,16:00,908.934,1413.771,838.86,1,8,824.412,1,8,309.054,1,8,100663.2,1,8,78319.187,1,8,33995.898,1,8,153.077,1,8,-9900,?,9,-9900,?,9,28.86,E,8,17.53,E,8,50.0,E,8,1008.6016999999999,E,8,999.0,E,8,2.87,E,8,-9900,?,9,-9900,?,9,0.0,E,8,-9900,?,9,-9900,?,9,0.0,0.0,E,8
01/09/2016,17:00,628.9,1413.771,595.11,1,8,866.977,1,8,209.901,1,8,71413.2,1,8,82362.789,1,8,23089.128,1,8,150.375,1,8,-9900,?,9,-9900,?,9,28.53,E,8,17.62,E,8,51.0,E,8,1008.6016999999999,E,8,999.0,E,8,2.65,E,8,-9900,?,9,-9900,?,9,0.0,E,8,-9900,?,9,-9900,?,9,0.0,0.0,E,8
01/09/2016,18:00,319.719,1413.771,315.3,1,8,554.845,1,8,190.486,1,8,37836.0,1,8,52710.263,1,8,20953.427,1,8,269.538,1,8,-9900,?,9,-9900,?,9,27.88,E,8,17.8,E,8,53.0,E,8,1008.6016999999999,E,8,999.0,E,8,2.17,E,8,-9900,?,9,-9900,?,9,0.0,E,8,-9900,?,9,-9900,?,9,0.0,0.0,E,8
01/09/2016,19:00,11.277,1413.771,54.09,1,8,0.0,1,8,0.0,1,8,6490.8,1,8,0.0,1,8,0.0,1,8,-0.0,1,8,-9900,?,9,-9900,?,9,27.03,E,8,18.03,E,8,60.0,E,8,1008.6016999999999,E,8,999.0,E,8,1.4,E,8,-9900,?,9,-9900,?,9,0.003,E,8,-9900,?,9,-9900,?,9,0.03,99.0,E,8
01/09/2016,20:00,0.0,1413.771,0.0,1,8,0.0,1,8,0.0,1,8,0.0,1,8,0.0,1,8,0.0,1,8,-0.0,1,8,-9900,?,9,-9900,?,9,26.34,E,8,18.22,E,8,63.0,E,8,1008.6016999999999,E,8,999.0,E,8,1.4,E,8,-9900,?,9,-9900,?,9,0.002,E,8,-9900,?,9,-9900,?,9,0.02,99.0,E,8
01/09/2016,21:00,0.0,1413.771,0.0,1,8,0.0,1,8,0.0,1,8,0.0,1,8,0.0,1,8,0.0,1,8,-0.0,1,8,-9900,?,9,-9900,?,9,25.65,E,8,18.41,E,8,61.0,E,8,1008.6016999999999,E,8,999.0,E,8,1.4,E,8,-9900,?,9,-9900,?,9,0.0,E,8,-9900,?,9,-9900,?,9,0.0,0.0,E,8
01/09/2016,22:00,0.0,1413.771,0.0,1,8,0.0,1,8,0.0,1,8,0.0,1,8,0.0,1,8,0.0,1,8,-0.0,1,8,-9900,?,9,-9900,?,9,24.96,E,8,18.59,E,8,64.0,E,8,1008.6016999999999,E,8,999.0,E,8,1.4,E,8,-9900,?,9,-9900,?,9,0.0,E,8,-9900,?,9,-9900,?,9,0.0,0.0,E,8
01/09/2016,23:00,0.0,1413.771,0.0,1,8,0.0,1,8,0.0,1,8,0.0,1,8,0.0,1,8,0.0,1,8,-0.0,1,8,-9900,?,9,-9900,?,9,24.27,E,8,18.78,E,8,71.0,E,8,1008.6016999999999,E,8,999.0,E,8,1.4,E,8,-9900,?,9,-9900,?,9,0.001,E,8,-9900,?,9,-9900,?,9,0.01,99.0,E,8
01/09/2016,24:00,0.0,1413.771,0.0,1,8,0.0,1,8,0.0,1,8,0.0,1,8,0.0,1,8,0.0,1,8,-0.0,1,8,-9900,?,9,-9900,?,9,23.58,E,8,19.92,E,8,82.0,E,8,1008.6016999999999,E,8,999.0,E,8,1.21,E,8,-9900,?,9,-9900,?,9,0.001,E,8,-9900,?,9,-9900,?,9,0.01,99.0,E,8
01/10/2016,01:00,0.0,1413.771,0.0,1,8,0.0,1,8,0.0,1,8,0.0,1,8,0.0,1,8,0.0,1,8,-0.0,1,8,-9900,?,9,-9900,?,9,23.24,E,8,19.89,E,8,83.0,E,8,1008.6016999999999,E,8,999.0,E,8,1.21,E,8,-9900,?,9,-9900,?,9,0.078,E,8,-9900,?,9,-9900,?,9,0.78,99.0,E,8
01/10/2016,02:00,0.0,1413.771,0.0,1,8,0.0,1,8,0.0,1,8,0.0,1,8,0.0,1,8,0.0,1,8,-0.0,1,8,-9900,?,9,-9900,?,9,22.89,E,8,19.86,E,8,84.0,E,8,1008.6016999999999,E,8,999.0,E,8,1.21,E,8,-9900,?,9,-9900,?,9,0.003,E,8,-9900,?,9,-9900,?,9,0.03,99.0,E,8
01/10/2016,03:00,0.0,1413.771,0.0,1,8,0.0,1,8,0.0,1,8,0.0,1,8,0.0,1,8,0.0,1,8,-0.0,1,8,-9900,?,9,-9900,?,9,22.55,E,8,19.83,E,8,81.0,E,8,1008.6016999999999,E,8,999.0,E,8,1.21,E,8,-9900,?,9,-9900,?,9,0.0,E,8,-9900,?,9,-9900,?,9,0.0,0.0,E,8
01/10/2016,04:00,0.0,1413.677,0.0,1,8,0.0,1,8,0.0,1,8,0.0,1,8,0.0,1,8,0.0,1,8,-0.0,1,8,-9900,?,9,-9900,?,9,22.2,E,8,19.8,E,8,83.0,E,8,1008.6016999999999,E,8,999.0,E,8,1.21,E,8,-9900,?,9,-9900,?,9,0.0,E,8,-9900,?,9,-9900,?,9,0.0,0.0,E,8
01/10/2016,05:00,0.0,1413.677,0.0,1,8,0.0,1,8,0.0,1,8,0.0,1,8,0.0,1,8,0.0,1,8,-0.0,1,8,-9900,?,9,-9900,?,9,21.9,E,8,19.77,E,8,88.0,E,8,1008.6016999999999,E,8,999.0,E,8,1.21,E,8,-9900,?,9,-9900,?,9,0.001,E,8,-9900,?,9,-9900,?,9,0.01,99.0,E,8
01/10/2016,06:00,70.226,1413.677,0.0,1,8,0.0,1,8,0.0,1,8,0.0,1,8,0.0,1,8,0.0,1,8,0.0,1,8,-9900,?,9,-9900,?,9,21.67,E,8,19.75,E,8,89.0,E,8,1008.6016999999999,E,8,999.0,E,8,1.21,E,8,-9900,?,9,-9900,?,9,0.004,E,8,-9900,?,9,-9900,?,9,0.04,99.0,E,8
01/10/2016,07:00,384.326,1413.677,56.99,1,8,0.0,1,8,56.99,1,8,6838.8,1,8,0.0,1,8,6268.9,1,8,66.968,1,8,-9900,?,9,-9900,?,9,21.44,E,8,19.73,E,8,86.0,E,8,1008.6016999999999,E,8,999.0,E,8,1.21,E,8,-9900,?,9,-9900,?,9,0.0,E,8,-9900,?,9,-9900,?,9,0.0,0.0,E,8
01/10/2016,08:00,689.352,1413.677,155.46,1,8,0.0,1,8,155.46,1,8,18655.2,1,8,0.0,1,8,17100.6,1,8,101.575,1,8,-9900,?,9,-9900,?,9,22.78,E,8,19.85,E,8,80.0,E,8,1008.6016999999999,E,8,999.0,E,8,1.21,E,8,-9900,?,9,-9900,?,9,0.0,E,8,-9900,?,9,-9900,?,9,0.0,0.0,E,8
01/10/2016,09:00,960.947,1413.677,336.02,1,8,40.839,1,8,308.269,1,8,40322.4,1,8,3879.708,1,8,33909.607,1,8,144.404,1,8,-9900,?,9,-9900,?,9,23.75,E,8,19.93,E,8,81.0,E,8,1008.6016999999999,E,8,999.0,E,8,1.21,E,8,-9900,?,9,-9900,?,9,0.002,E,8,-9900,?,9,-9900,?,9,0.02,99.0,E,8
01/10/2016,10:00,1180.302,1413.677,565.12,1,8,178.143,1,8,416.405,1,8,67814.4,1,8,16923.54,1,8,45804.535,1,8,158.774,1,8,-9900,?,9,-9900,?,9,24.96,E,8,20.04,E,8,72.0,E,8,1008.6016999999999,E,8,999.0,E,8,1.21,E,8,-9900,?,9,-9900,?,9,0.0,E,8,-9900,?,9,-9900,?,9,0.0,0.0,E,8
01/10/2016,11:00,1332.391,1413.677,630.33,1,8,147.195,1,8,491.604,1,8,75639.6,1,8,13983.533,1,8,54076.407,1,8,166.035,1,8,-9900,?,9,-9900,?,9,25.85,E,8,20.11,E,8,69.0,E,8,1008.6016999999999,E,8,999.0,E,8,1.71,E,8,-9900,?,9,-9900,?,9,0.0,E,8,-9900,?,9,-9900,?,9,0.0,0.0,E,8
01/10/2016,12:00,1406.816,1413.677,864.91,1,8,418.765,1,8,448.179,1,8,103789.2,1,8,39782.667,1,8,49299.645,1,8,143.356,1,8,-9900,?,9,-9900,?,9,26.94,E,8,20.21,E,8,66.0,E,8,1008.6016999999999,E,8,999.0,E,8,2.45,E,8,-9900,?,9,-9900,?,9,0.0,E,8,-9900,?,9,-9900,?,9,0.0,0.0,E,8
01/10/2016,13:00,1398.488,1413.677,956.81,1,8,561.363,1,8,401.482,1,8,114817.2,1,8,53329.454,1,8,44163.053,1,8,129.185,1,8,-9900,?,9,-9900,?,9,27.89,E,8,20.29,E,8,63.0,E,8,1008.6016999999999,E,8,999.0,E,8,3.39,E,8,-9900,?,9,-9900,?,9,0.0,E,8,-9900,?,9,-9900,?,9,0.0,0.0,E,8
01/10/2016,14:00,1307.964,1413.677,735.63,1,8,303.855,1,8,454.511,1,8,88275.6,1,8,28866.221,1,8,49996.184,1,8,156.376,1,8,-9900,?,9,-9900,?,9,28.24,E,8,20.32,E,8,62.0,E,8,1008.6016999999999,E,8,999.0,E,8,3.81,E,8,-9900,?,9,-9900,?,9,0.0,E,8,-9900,?,9,-9900,?,9,0.0,0.0,E,8
01/10/2016,15:00,1141.413,1413.677,713.9,1,8,485.256,1,8,322.162,1,8,85668.0,1,8,46099.298,1,8,35437.864,1,8,127.028,1,8,-9900,?,9,-9900,?,9,28.49,E,8,20.34,E,8,61.0,E,8,1008.6016999999999,E,8,999.0,E,8,3.77,E,8,-9900,?,9,-9900,?,9,0.0,E,8,-9900,?,9,-9900,?,9,0.0,0.0,E,8
01/10/2016,16:00,910.204,1413.677,443.54,1,8,216.044,1,8,304.497,1,8,53224.8,1,8,20524.168,1,8,33494.627,1,8,150.6,1,8,-9900,?,9,-9900,?,9,28.25,E,8,20.32,E,8,62.0,E,8,1008.6016999999999,E,8,999.0,E,8,3.55,E,8,-9900,?,9,-9900,?,9,0.0,E,8,-9900,?,9,-9900,?,9,0.0,0.0,E,8
01/10/2016,17:00,630.174,1413.677,385.8,1,8,528.066,1,8,150.682,1,8,46296.0,1,8,50166.233,1,8,16574.984,1,8,107.724,1,8,-9900,?,9,-9900,?,9,27.94,E,8,20.29,E,8,62.0,E,8,1008.6016999999999,E,8,999.0,E,8,2.82,E,8,-9900,?,9,-9900,?,9,0.0,E,8,-9900,?,9,-9900,?,9,0.0,0.0,E,8
01/10/2016,18:00,320.824,1413.677,255.47,1,8,404.327,1,8,164.192,1,8,30656.4,1,8,38411.029,1,8,18061.085,1,8,231.508,1,8,-9900,?,9,-9900,?,9,27.44,E,8,20.25,E,8,64.0,E,8,1008.6016999999999,E,8,999.0,E,8,1.69,E,8,-9900,?,9,-9900,?,9,0.0,E,8,-9900,?,9,-9900,?,9,0.0,0.0,E,8
01/10/2016,19:00,11.949,1413.677,50.21,1,8,0.0,1,8,50.21,1,8,6025.2,1,8,0.0,1,8,5523.1,1,8,252257.278,1,8,-9900,?,9,-9900,?,9,26.68,E,8,20.19,E,8,66.0,E,8,1008.6016999999999,E,8,999.0,E,8,1.26,E,8,-9900,?,9,-9900,?,9,0.0,E,8,-9900,?,9,-9900,?,9,0.0,0.0,E,8
01/10/2016,20:00,0.0,1413.677,0.0,1,8,0.0,1,8,0.0,1,8,0.0,1,8,0.0,1,8,0.0,1,8,-0.0,1,8,-9900,?,9,-9900,?,9,26.01,E,8,20.13,E,8,73.0,E,8,1008.6016999999999,E,8,999.0,E,8,1.21,E,8,-9900,?,9,-9900,?,9,0.007000000000000001,E,8,-9900,?,9,-9900,?,9,0.07,99.0,E,8
01/10/2016,21:00,0.0,1413.677,0.0,1,8,0.0,1,8,0.0,1,8,0.0,1,8,0.0,1,8,0.0,1,8,-0.0,1,8,-9900,?,9,-9900,?,9,25.34,E,8,20.07,E,8,75.0,E,8,1008.6016999999999,E,8,999.0,E,8,1.21,E,8,-9900,?,9,-9900,?,9,0.002,E,8,-9900,?,9,-9900,?,9,0.02,99.0,E,8
01/10/2016,22:00,0.0,1413.677,0.0,1,8,0.0,1,8,0.0,1,8,0.0,1,8,0.0,1,8,0.0,1,8,-0.0,1,8,-9900,?,9,-9900,?,9,24.67,E,8,20.01,E,8,78.0,E,8,1008.6016999999999,E,8,999.0,E,8,1.21,E,8,-9900,?,9,-9900,?,9,0.001,E,8,-9900,?,9,-9900,?,9,0.01,99.0,E,8
01/10/2016,23:00,0.0,1413.677,0.0,1,8,0.0,1,8,0.0,1,8,0.0,1,8,0.0,1,8,0.0,1,8,-0.0,1,8,-9900,?,9,-9900,?,9,24.0,E,8,19.95,E,8,80.0,E,8,1008.6016999999999,E,8,999.0,E,8,1.21,E,8,-9900,?,9,-9900,?,9,0.001,E,8,-9900,?,9,-9900,?,9,0.01,99.0,E,8
01/10/2016,24:00,0.0,1413.677,0.0,1,8,0.0,1,8,0.0,1,8,0.0,1,8,0.0,1,8,0.0,1,8,-0.0,1,8,-9900,?,9,-9900,?,9,23.34,E,8,19.75,E,8,82.0,E,8,1008.6016999999999,E,8,999.0,E,8,1.34,E,8,-9900,?,9,-9900,?,9,0.01,E,8,-9900,?,9,-9900,?,9,0.1,99.0,E,8
01/11/2016,01:00,0.0,1413.677,0.0,1,8,0.0,1,8,0.0,1,8,0.0,1,8,0.0,1,8,0.0,1,8,-0.0,1,8,-9900,?,9,-9900,?,9,23.0,E,8,19.86,E,8,80.0,E,8,1008.6016999999999,E,8,999.0,E,8,1.34,E,8,-9900,?,9,-9900,?,9,0.0,E,8,-9900,?,9,-9900,?,9,0.0,0.0,E,8
01/11/2016,02:00,0.0,1413.677,0.0,1,8,0.0,1,8,0.0,1,8,0.0,1,8,0.0,1,8,0.0,1,8,-0.0,1,8,-9900,?,9,-9900,?,9,22.67,E,8,19.96,E,8,86.0,E,8,1008.6016999999999,E,8,999.0,E,8,1.34,E,8,-9900,?,9,-9900,?,9,0.001,E,8,-9900,?,9,-9900,?,9,0.01,99.0,E,8
01/11/2016,03:00,0.0,1413.677,0.0,1,8,0.0,1,8,0.0,1,8,0.0,1,8,0.0,1,8,0.0,1,8,-0.0,1,8,-9900,?,9,-9900,?,9,22.33,E,8,20.08,E,8,89.0,E,8,1008.6016999999999,E,8,999.0,E,8,1.34,E,8,-9900,?,9,-9900,?,9,0.002,E,8,-9900,?,9,-9900,?,9,0.02,99.0,E,8
01/11/2016,04:00,0.0,1413.568,0.0,1,8,0.0,1,8,0.0,1,8,0.0,1,8,0.0,1,8,0.0,1,8,-0.0,1,8,-9900,?,9,-9900,?,9,22.0,E,8,20.18,E,8,86.0,E,8,1008.6016999999999,E,8,999.0,E,8,1.34,E,8,-9900,?,9,-9900,?,9,0.0,E,8,-9900,?,9,-9900,?,9,0.0,0.0,E,8
01/11/2016,05:00,0.0,1413.568,0.0,1,8,0.0,1,8,0.0,1,8,0.0,1,8,0.0,1,8,0.0,1,8,-0.0,1,8,-9900,?,9,-9900,?,9,21.7,E,8,20.28,E,8,93.0,E,8,1008.6016999999999,E,8,999.0,E,8,1.34,E,8,-9900,?,9,-9900,?,9,0.001,E,8,-9900,?,9,-9900,?,9,0.01,99.0,E,8
01/11/2016,06:00,66.889,1413.568,0.0,1,8,0.0,1,8,0.0,1,8,0.0,1,8,0.0,1,8,0.0,1,8,0.0,1,8,-9900,?,9,-9900,?,9,21.48,E,8,20.35,E,8,94.0,E,8,1008.6016999999999,E,8,999.0,E,8,1.34,E,8,-9900,?,9,-9900,?,9,0.028999999999999998,E,8,-9900,?,9,-9900,?,9,0.29,99.0,E,8
01/11/2016,07:00,381.136,1413.568,76.97,1,8,0.0,1,8,76.97,1,8,9236.4,1,8,0.0,1,8,8466.7,1,8,91.201,1,8,-9900,?,9,-9900,?,9,21.26,E,8,20.42,E,8,91.0,E,8,1008.6016999999999,E,8,999.0,E,8,1.34,E,8,-9900,?,9,-9900,?,9,0.0,E,8,-9900,?,9,-9900,?,9,0.0,0.0,E,8
01/11/2016,08:00,686.61,1413.568,336.84,1,8,281.953,1,8,200.017,1,8,40420.8,1,8,26785.492,1,8,22001.904,1,8,131.201,1,8,-9900,?,9,-9900,?,9,23.42,E,8,19.72,E,8,77.0,E,8,1008.6016999999999,E,8,999.0,E,8,1.34,E,8,-9900,?,9,-9900,?,9,0.0,E,8,-9900,?,9,-9900,?,9,0.0,0.0,E,8
01/11/2016,09:00,958.763,1413.568,608.76,1,8,544.782,1,8,239.385,1,8,73051.2,1,8,51754.276,1,8,26332.354,1,8,112.383,1,8,-9900,?,9,-9900,?,9,24.82,E,8,19.25,E,8,69.0,E,8,1008.6016999999999,E,8,999.0,E,8,1.34,E,8,-9900,?,9,-9900,?,9,0.0,E,8,-9900,?,9,-9900,?,9,0.0,0.0,E,8
01/11/2016,10:00,1178.742,1413.568,843.53,1,8,721.69,1,8,241.807,1,8,101223.6,1,8,68560.542,1,8,26598.755,1,8,92.315,1,8,-9900,?,9,-9900,?,9,26.13,E,8,18.8,E,8,62.0,E,8,1008.6016999999999,E,8,999.0,E,8,1.34,E,8,-9900,?,9,-9900,?,9,0.0,E,8,-9900,?,9,-9900,?,9,0.0,0.0,E,8
01/11/2016,11:00,1331.476,1413.568,1021.32,1,8,884.599,1,8,188.125,1,8,122558.4,1,8,84036.883,1,8,20693.716,1,8,63.576,1,8,-9900,?,9,-9900,?,9,27.29,E,8,18.39,E,8,57.0,E,8,1008.6016999999999,E,8,999.0,E,8,1.34,E,8,-9900,?,9,-9900,?,9,0.0,E,8,-9900,?,9,-9900,?,9,0.0,0.0,E,8
01/11/2016,12:00,1406.524,1413.568,1128.7,1,8,883.979,1,8,249.129,1,8,135444.0,1,8,83977.974,1,8,27404.179,1,8,79.698,1,8,-9900,?,9,-9900,?,9,28.25,E,8,18.05,E,8,53.0,E,8,1008.6016999999999,E,8,999.0,E,8,1.94,E,8,-9900,?,9,-9900,?,9,0.0,E,8,-9900,?,9,-9900,?,9,0.0,0.0,E,8
01/11/2016,13:00,1398.753,1413.568,1160.51,1,8,945.565,1,8,224.861,1,8,139261.2,1,8,89828.722,1,8,24734.689,1,8,72.334,1,8,-9900,?,9,-9900,?,9,28.98,E,8,17.78,E,8,50.0,E,8,1008.6016999999999,E,8,999.0,E,8,3.03,E,8,-9900,?,9,-9900,?,9,0.0,E,8,-9900,?,9,-9900,?,9,0.0,0.0,E,8
01/11/2016,14:00,1308.681,1413.568,1107.91,1,8,975.124,1,8,205.185,1,8,132949.2,1,8,92636.767,1,8,22570.339,1,8,70.55,1,8,-9900,?,9,-9900,?,9,29.46,E,8,17.6,E,8,48.0,E,8,1008.6016999999999,E,8,999.0,E,8,3.42,E,8,-9900,?,9,-9900,?,9,0.0,E,8,-9900,?,9,-9900,?,9,0.0,0.0,E,8
01/11/2016,15:00,1142.446,1413.568,978.97,1,8,977.371,1,8,189.181,1,8,117476.4,1,8,92850.282,1,8,20809.952,1,8,74.521,1,8,-9900,?,9,-9900,?,9,29.68,E,8,17.52,E,8,48.0,E,8,1008.6016999999999,E,8,999.0,E,8,3.62,E,8,-9900,?,9,-9900,?,9,0.0,E,8,-9900,?,9,-9900,?,9,0.0,0.0,E,8
01/11/2016,16:00,911.396,1413.568,784.43,1,8,847.14,1,8,238.464,1,8,94131.6,1,8,80478.264,1,8,26230.986,1,8,117.777,1,8,-9900,?,9,-9900,?,9,29.64,E,8,17.53,E,8,48.0,E,8,1008.6016999999999,E,8,999.0,E,8,3.14,E,8,-9900,?,9,-9900,?,9,0.0,E,8,-9900,?,9,-9900,?,9,0.0,0.0,E,8
01/11/2016,17:00,631.355,1413.568,543.57,1,8,826.185,1,8,174.995,1,8,65228.4,1,8,78487.567,1,8,19249.498,1,8,124.862,1,8,-9900,?,9,-9900,?,9,29.22,E,8,17.69,E,8,49.0,E,8,1008.6016999999999,E,8,999.0,E,8,2.54,E,8,-9900,?,9,-9900,?,9,0.0,E,8,-9900,?,9,-9900,?,9,0.0,0.0,E,8
01/11/2016,18:00,321.824,1413.568,275.17,1,8,403.358,1,8,183.816,1,8,33020.4,1,8,38318.995,1,8,20219.777,1,8,258.343,1,8,-9900,?,9,-9900,?,9,28.47,E,8,17.97,E,8,52.0,E,8,1008.6016999999999,E,8,999.0,E,8,2.01,E,8,-9900,?,9,-9900,?,9,0.0,E,8,-9900,?,9,-9900,?,9,0.0,0.0,E,8
01/11/2016,19:00,12.525,1413.568,36.19,1,8,0.0,1,8,36.19,1,8,4342.8,1,8,0.0,1,8,3980.9,1,8,21340.606,1,8,-9900,?,9,-9900,?,9,27.51,E,8,18.31,E,8,61.0,E,8,1008.6016999999999,E,8,999.0,E,8,1.6,E,8,-9900,?,9,-9900,?,9,0.003,E,8,-9900,?,9,-9900,?,9,0.03,99.0,E,8
01/11/2016,20:00,0.0,1413.568,0.0,1,8,0.0,1,8,0.0,1,8,0.0,1,8,0.0,1,8,0.0,1,8,-0.0,1,8,-9900,?,9,-9900,?,9,26.83,E,8,18.56,E,8,64.0,E,8,1008.6016999999999,E,8,999.0,E,8,1.34,E,8,-9900,?,9,-9900,?,9,0.007000000000000001,E,8,-9900,?,9,-9900,?,9,0.07,99.0,E,8
01/11/2016,21:00,0.0,1413.568,0.0,1,8,0.0,1,8,0.0,1,8,0.0,1,8,0.0,1,8,0.0,1,8,-0.0,1,8,-9900,?,9,-9900,?,9,26.14,E,8,18.8,E,8,67.0,E,8,1008.6016999999999,E,8,999.0,E,8,1.34,E,8,-9900,?,9,-9900,?,9,0.005,E,8,-9900,?,9,-9900,?,9,0.05,99.0,E,8
01/11/2016,22:00,0.0,1413.568,0.0,1,8,0.0,1,8,0.0,1,8,0.0,1,8,0.0,1,8,0.0,1,8,-0.0,1,8,-9900,?,9,-9900,?,9,25.46,E,8,19.03,E,8,75.0,E,8,1008.6016999999999,E,8,999.0,E,8,1.34,E,8,-9900,?,9,-9900,?,9,0.426,E,8,-9900,?,9,-9900,?,9,4.26,99.0,E,8
01/11/2016,23:00,0.0,1413.568,0.0,1,8,0.0,1,8,0.0,1,8,0.0,1,8,0.0,1,8,0.0,1,8,-0.0,1,8,-9900,?,9,-9900,?,9,24.77,E,8,19.27,E,8,74.0,E,8,1008.6016999999999,E,8,999.0,E,8,1.34,E,8,-9900,?,9,-9900,?,9,0.015,E,8,-9900,?,9,-9900,?,9,0.15,99.0,E,8
01/11/2016,24:00,0.0,1413.568,0.0,1,8,0.0,1,8,0.0,1,8,0.0,1,8,0.0,1,8,0.0,1,8,-0.0,1,8,-9900,?,9,-9900,?,9,24.09,E,8,21.37,E,8,85.0,E,8,1008.6016999999999,E,8,999.0,E,8,1.26,E,8,-9900,?,9,-9900,?,9,0.04,E,8,-9900,?,9,-9900,?,9,0.4,99.0,E,8
01/12/2016,01:00,0.0,1413.568,0.0,1,8,0.0,1,8,0.0,1,8,0.0,1,8,0.0,1,8,0.0,1,8,-0.0,1,8,-9900,?,9,-9900,?,9,23.74,E,8,21.34,E,8,87.0,E,8,1008.6016999999999,E,8,999.0,E,8,1.26,E,8,-9900,?,9,-9900,?,9,0.020999999999999998,E,8,-9900,?,9,-9900,?,9,0.21,99.0,E,8
01/12/2016,02:00,0.0,1413.568,0.0,1,8,0.0,1,8,0.0,1,8,0.0,1,8,0.0,1,8,0.0,1,8,-0.0,1,8,-9900,?,9,-9900,?,9,23.4,E,8,21.31,E,8,88.0,E,8,1008.6016999999999,E,8,999.0,E,8,1.26,E,8,-9900,?,9,-9900,?,9,0.051000000000000004,E,8,-9900,?,9,-9900,?,9,0.51,99.0,E,8
01/12/2016,03:00,0.0,1413.568,0.0,1,8,0.0,1,8,0.0,1,8,0.0,1,8,0.0,1,8,0.0,1,8,-0.0,1,8,-9900,?,9,-9900,?,9,23.06,E,8,21.27,E,8,90.0,E,8,1008.6016999999999,E,8,999.0,E,8,1.26,E,8,-9900,?,9,-9900,?,9,0.014000000000000002,E,8,-9900,?,9,-9900,?,9,0.14,99.0,E,8
01/12/2016,04:00,0.0,1413.445,0.0,1,8,0.0,1,8,0.0,1,8,0.0,1,8,0.0,1,8,0.0,1,8,-0.0,1,8,-9900,?,9,-9900,?,9,22.72,E,8,21.24,E,8,92.0,E,8,1008.6016999999999,E,8,999.0,E,8,1.26,E,8,-9900,?,9,-9900,?,9,0.001,E,8,-9900,?,9,-9900,?,9,0.01,99.0,E,8
01/12/2016,05:00,0.0,1413.445,0.0,1,8,0.0,1,8,0.0,1,8,0.0,1,8,0.0,1,8,0.0,1,8,-0.0,1,8,-9900,?,9,-9900,?,9,22.41,E,8,21.21,E,8,94.0,E,8,1008.6016999999999,E,8,999.0,E,8,1.26,E,8,-9900,?,9,-9900,?,9,0.002,E,8,-9900,?,9,-9900,?,9,0.02,99.0,E,8
01/12/2016,06:00,63.545,1413.445,0.0,1,8,0.0,1,8,0.0,1,8,0.0,1,8,0.0,1,8,0.0,1,8,0.0,1,8,-9900,?,9,-9900,?,9,22.19,E,8,21.18,E,8,95.0,E,8,1008.6016999999999,E,8,999.0,E,8,1.26,E,8,-9900,?,9,-9900,?,9,0.001,E,8,-9900,?,9,-9900,?,9,0.01,99.0,E,8
01/12/2016,07:00,377.937,1413.445,90.44,1,8,0.0,1,8,90.44,1,8,10852.8,1,8,0.0,1,8,9948.4,1,8,108.067,1,8,-9900,?,9,-9900,?,9,21.96,E,8,21.16,E,8,91.0,E,8,1008.6016999999999,E,8,999.0,E,8,1.26,E,8,-9900,?,9,-9900,?,9,0.0,E,8,-9900,?,9,-9900,?,9,0.0,0.0,E,8
01/12/2016,08:00,683.864,1413.445,275.36,1,8,115.094,1,8,219.728,1,8,33043.2,1,8,10933.936,1,8,24170.026,1,8,144.697,1,8,-9900,?,9,-9900,?,9,24.39,E,8,21.4,E,8,78.0,E,8,1008.6016999999999,E,8,999.0,E,8,1.26,E,8,-9900,?,9,-9900,?,9,0.0,E,8,-9900,?,9,-9900,?,9,0.0,0.0,E,8
01/12/2016,09:00,956.577,1413.445,403.71,1,8,62.323,1,8,361.546,1,8,48445.2,1,8,5920.729,1,8,39770.062,1,8,170.108,1,8,-9900,?,9,-9900,?,9,25.36,E,8,21.5,E,8,79.0,E,8,1008.6016999999999,E,8,999.0,E,8,1.26,E,8,-9900,?,9,-9900,?,9,0.004,E,8,-9900,?,9,-9900,?,9,0.04,99.0,E,8
01/12/2016,10:00,1177.177,1413.445,530.09,1,8,99.101,1,8,447.565,1,8,63610.8,1,8,9414.58,1,8,49232.186,1,8,171.08,1,8,-9900,?,9,-9900,?,9,26.27,E,8,21.59,E,8,75.0,E,8,1008.6016999999999,E,8,999.0,E,8,1.26,E,8,-9900,?,9,-9900,?,9,0.002,E,8,-9900,?,9,-9900,?,9,0.02,99.0,E,8
01/12/2016,11:00,1330.55,1413.445,644.04,1,8,161.581,1,8,491.941,1,8,77284.8,1,8,15350.224,1,8,54113.479,1,8,166.352,1,8,-9900,?,9,-9900,?,9,27.12,E,8,21.67,E,8,67.0,E,8,1008.6016999999999,E,8,999.0,E,8,1.73,E,8,-9900,?,9,-9900,?,9,0.0,E,8,-9900,?,9,-9900,?,9,0.0,0.0,E,8
01/12/2016,12:00,1406.211,1413.445,491.21,1,8,57.628,1,8,433.878,1,8,58945.2,1,8,5474.62,1,8,47726.528,1,8,138.818,1,8,-9900,?,9,-9900,?,9,27.34,E,8,21.7,E,8,71.0,E,8,1008.6016999999999,E,8,999.0,E,8,2.44,E,8,-9900,?,9,-9900,?,9,0.017,E,8,-9900,?,9,-9900,?,9,0.17,99.0,E,8
01/12/2016,13:00,1398.983,1413.445,735.06,1,8,215.126,1,8,522.136,1,8,88207.2,1,8,20436.984,1,8,57434.986,1,8,167.92,1,8,-9900,?,9,-9900,?,9,27.97,E,8,21.76,E,8,69.0,E,8,1008.6016999999999,E,8,999.0,E,8,3.25,E,8,-9900,?,9,-9900,?,9,0.003,E,8,-9900,?,9,-9900,?,9,0.03,99.0,E,8
01/12/2016,14:00,1309.349,1413.445,705.4,1,8,151.969,1,8,564.629,1,8,84648.0,1,8,14437.097,1,8,62109.245,1,8,194.025,1,8,-9900,?,9,-9900,?,9,28.39,E,8,21.8,E,8,67.0,E,8,1008.6016999999999,E,8,999.0,E,8,3.56,E,8,-9900,?,9,-9900,?,9,0.009,E,8,-9900,?,9,-9900,?,9,0.09,99.0,E,8
01/12/2016,15:00,1143.415,1413.445,627.26,1,8,301.895,1,8,383.078,1,8,75271.2,1,8,28680.034,1,8,42138.577,1,8,150.758,1,8,-9900,?,9,-9900,?,9,28.6,E,8,21.82,E,8,66.0,E,8,1008.6016999999999,E,8,999.0,E,8,3.59,E,8,-9900,?,9,-9900,?,9,0.006,E,8,-9900,?,9,-9900,?,9,0.06,99.0,E,8
01/12/2016,16:00,912.508,1413.445,506.47,1,8,366.293,1,8,270.092,1,8,60776.4,1,8,34797.806,1,8,29710.086,1,8,133.224,1,8,-9900,?,9,-9900,?,9,28.6,E,8,21.82,E,8,66.0,E,8,1008.6016999999999,E,8,999.0,E,8,3.21,E,8,-9900,?,9,-9900,?,9,0.007000000000000001,E,8,-9900,?,9,-9900,?,9,0.07,99.0,E,8
01/12/2016,17:00,632.443,1413.445,352.63,1,8,429.062,1,8,160.871,1,8,42315.6,1,8,40760.904,1,8,17695.789,1,8,114.575,1,8,-9900,?,9,-9900,?,9,28.3,E,8,21.79,E,8,67.0,E,8,1008.6016999999999,E,8,999.0,E,8,3.07,E,8,-9900,?,9,-9900,?,9,0.011,E,8,-9900,?,9,-9900,?,9,0.11,99.0,E,8
01/12/2016,18:00,322.72,1413.445,180.55,1,8,414.728,1,8,86.349,1,8,21666.0,1,8,39399.125,1,8,9498.345,1,8,121.007,1,8,-9900,?,9,-9900,?,9,27.72,E,8,21.73,E,8,70.0,E,8,1008.6016999999999,E,8,999.0,E,8,1.66,E,8,-9900,?,9,-9900,?,9,0.093,E,8,-9900,?,9,-9900,?,9,0.93,99.0,E,8
01/12/2016,19:00,13.003,1413.445,25.97,1,8,0.0,1,8,25.97,1,8,3116.4,1,8,0.0,1,8,2856.7,1,8,8839.983,1,8,-9900,?,9,-9900,?,9,26.97,E,8,21.66,E,8,78.0,E,8,1008.6016999999999,E,8,999.0,E,8,1.26,E,8,-9900,?,9,-9900,?,9,0.151,E,8,-9900,?,9,-9900,?,9,1.51,99.0,E,8
01/12/2016,20:00,0.0,1413.445,0.0,1,8,0.0,1,8,0.0,1,8,0.0,1,8,0.0,1,8,0.0,1,8,-0.0,1,8,-9900,?,9,-9900,?,9,26.38,E,8,21.6,E,8,75.0,E,8,1008.6016999999999,E,8,999.0,E,8,1.26,E,8,-9900,?,9,-9900,?,9,0.032,E,8,-9900,?,9,-9900,?,9,0.32,99.0,E,8
01/12/2016,21:00,0.0,1413.445,0.0,1,8,0.0,1,8,0.0,1,8,0.0,1,8,0.0,1,8,0.0,1,8,-0.0,1,8,-9900,?,9,-9900,?,9,25.79,E,8,21.54,E,8,88.0,E,8,1008.6016999999999,E,8,999.0,E,8,1.26,E,8,-9900,?,9,-9900,?,9,1.641,E,8,-9900,?,9,-9900,?,9,16.41,99.0,E,8
01/12/2016,22:00,0.0,1413.445,0.0,1,8,0.0,1,8,0.0,1,8,0.0,1,8,0.0,1,8,0.0,1,8,-0.0,1,8,-9900,?,9,-9900,?,9,25.19,E,8,21.48,E,8,80.0,E,8,1008.6016999999999,E,8,999.0,E,8,1.26,E,8,-9900,?,9,-9900,?,9,0.026000000000000002,E,8,-9900,?,9,-9900,?,9,0.26,99.0,E,8
01/12/2016,23:00,0.0,1413.445,0.0,1,8,0.0,1,8,0.0,1,8,0.0,1,8,0.0,1,8,0.0,1,8,-0.0,1,8,-9900,?,9,-9900,?,9,24.6,E,8,21.43,E,8,83.0,E,8,1008.6016999999999,E,8,999.0,E,8,1.26,E,8,-9900,?,9,-9900,?,9,0.067,E,8,-9900,?,9,-9900,?,9,0.67,99.0,E,8
01/12/2016,24:00,0.0,1413.445,0.0,1,8,0.0,1,8,0.0,1,8,0.0,1,8,0.0,1,8,0.0,1,8,-0.0,1,8,-9900,?,9,-9900,?,9,24.01,E,8,21.04,E,8,81.0,E,8,1008.6016999999999,E,8,999.0,E,8,1.25,E,8,-9900,?,9,-9900,?,9,0.027000000000000003,E,8,-9900,?,9,-9900,?,9,0.27,99.0,E,8
01/13/2016,01:00,0.0,1413.445,0.0,1,8,0.0,1,8,0.0,1,8,0.0,1,8,0.0,1,8,0.0,1,8,-0.0,1,8,-9900,?,9,-9900,?,9,23.71,E,8,20.94,E,8,82.0,E,8,1008.6016999999999,E,8,999.0,E,8,1.25,E,8,-9900,?,9,-9900,?,9,0.048,E,8,-9900,?,9,-9900,?,9,0.48,99.0,E,8
01/13/2016,02:00,0.0,1413.445,0.0,1,8,0.0,1,8,0.0,1,8,0.0,1,8,0.0,1,8,0.0,1,8,-0.0,1,8,-9900,?,9,-9900,?,9,23.42,E,8,20.84,E,8,89.0,E,8,1008.6016999999999,E,8,999.0,E,8,1.25,E,8,-9900,?,9,-9900,?,9,0.663,E,8,-9900,?,9,-9900,?,9,6.63,99.0,E,8
01/13/2016,03:00,0.0,1413.445,0.0,1,8,0.0,1,8,0.0,1,8,0.0,1,8,0.0,1,8,0.0,1,8,-0.0,1,8,-9900,?,9,-9900,?,9,23.12,E,8,20.73,E,8,83.0,E,8,1008.6016999999999,E,8,999.0,E,8,1.25,E,8,-9900,?,9,-9900,?,9,0.009,E,8,-9900,?,9,-9900,?,9,0.09,99.0,E,8
01/13/2016,04:00,0.0,1413.306,0.0,1,8,0.0,1,8,0.0,1,8,0.0,1,8,0.0,1,8,0.0,1,8,-0.0,1,8,-9900,?,9,-9900,?,9,22.82,E,8,20.63,E,8,84.0,E,8,1008.6016999999999,E,8,999.0,E,8,1.25,E,8,-9900,?,9,-9900,?,9,0.013000000000000001,E,8,-9900,?,9,-9900,?,9,0.13,99.0,E,8
01/13/2016,05:00,0.0,1413.306,0.0,1,8,0.0,1,8,0.0,1,8,0.0,1,8,0.0,1,8,0.0,1,8,-0.0,1,8,-9900,?,9,-9900,?,9,22.56,E,8,20.54,E,8,85.0,E,8,1008.6016999999999,E,8,999.0,E,8,1.25,E,8,-9900,?,9,-9900,?,9,0.018,E,8,-9900,?,9,-9900,?,9,0.18,99.0,E,8
01/13/2016,06:00,60.197,1413.306,0.0,1,8,0.0,1,8,0.0,1,8,0.0,1,8,0.0,1,8,0.0,1,8,0.0,1,8,-9900,?,9,-9900,?,9,22.37,E,8,20.47,E,8,85.0,E,8,1008.6016999999999,E,8,999.0,E,8,1.25,E,8,-9900,?,9,-9900,?,9,0.003,E,8,-9900,?,9,-9900,?,9,0.03,99.0,E,8
01/13/2016,07:00,374.731,1413.306,54.77,1,8,0.0,1,8,54.77,1,8,6572.4,1,8,0.0,1,8,6024.7,1,8,66.002,1,8,-9900,?,9,-9900,?,9,22.17,E,8,20.4,E,8,85.0,E,8,1008.6016999999999,E,8,999.0,E,8,1.25,E,8,-9900,?,9,-9900,?,9,0.001,E,8,-9900,?,9,-9900,?,9,0.01,99.0,E,8
01/13/2016,08:00,681.116,1413.306,247.49,1,8,83.365,1,8,207.352,1,8,29698.8,1,8,7919.722,1,8,22808.763,1,8,137.086,1,8,-9900,?,9,-9900,?,9,23.71,E,8,20.94,E,8,79.0,E,8,1008.6016999999999,E,8,999.0,E,8,1.25,E,8,-9900,?,9,-9900,?,9,0.0,E,8,-9900,?,9,-9900,?,9,0.0,0.0,E,8
01/13/2016,09:00,954.389,1413.306,492.64,1,8,246.568,1,8,326.194,1,8,59116.8,1,8,23423.952,1,8,35881.332,1,8,153.812,1,8,-9900,?,9,-9900,?,9,24.86,E,8,21.33,E,8,76.0,E,8,1008.6016999999999,E,8,999.0,E,8,1.25,E,8,-9900,?,9,-9900,?,9,0.0,E,8,-9900,?,9,-9900,?,9,0.0,0.0,E,8
01/13/2016,10:00,1175.607,1413.306,686.59,1,8,374.528,1,8,375.093,1,8,82390.8,1,8,35580.168,1,8,41260.268,1,8,143.556,1,8,-9900,?,9,-9900,?,9,25.93,E,8,21.69,E,8,74.0,E,8,1008.6016999999999,E,8,999.0,E,8,1.58,E,8,-9900,?,9,-9900,?,9,0.0,E,8,-9900,?,9,-9900,?,9,0.0,0.0,E,8
01/13/2016,11:00,1329.612,1413.306,783.39,1,8,378.506,1,8,427.312,1,8,94006.8,1,8,35958.057,1,8,47004.358,1,8,144.585,1,8,-9900,?,9,-9900,?,9,26.77,E,8,21.96,E,8,73.0,E,8,1008.6016999999999,E,8,999.0,E,8,2.27,E,8,-9900,?,9,-9900,?,9,0.0,E,8,-9900,?,9,-9900,?,9,0.0,0.0,E,8
01/13/2016,12:00,1405.874,1413.306,856.71,1,8,421.205,1,8,437.722,1,8,102805.2,1,8,40014.433,1,8,48149.377,1,8,140.068,1,8,-9900,?,9,-9900,?,9,27.46,E,8,22.18,E,8,71.0,E,8,1008.6016999999999,E,8,999.0,E,8,2.81,E,8,-9900,?,9,-9900,?,9,0.0,E,8,-9900,?,9,-9900,?,9,0.0,0.0,E,8
01/13/2016,13:00,1399.177,1413.306,922.18,1,8,551.012,1,8,376.68,1,8,110661.6,1,8,52346.154,1,8,41434.76,1,8,121.112,1,8,-9900,?,9,-9900,?,9,28.04,E,8,22.37,E,8,70.0,E,8,1008.6016999999999,E,8,999.0,E,8,3.71,E,8,-9900,?,9,-9900,?,9,0.0,E,8,-9900,?,9,-9900,?,9,0.0,0.0,E,8
01/13/2016,14:00,1309.965,1413.306,878.29,1,8,606.922,1,8,315.774,1,8,105394.8,1,8,57657.549,1,8,34735.094,1,8,108.448,1,8,-9900,?,9,-9900,?,9,28.42,E,8,22.49,E,8,70.0,E,8,1008.6016999999999,E,8,999.0,E,8,4.37,E,8,-9900,?,9,-9900,?,9,0.0,E,8,-9900,?,9,-9900,?,9,0.0,0.0,E,8
01/13/2016,15:00,1144.317,1413.306,808.99,1,8,705.641,1,8,237.739,1,8,97078.8,1,8,67035.878,1,8,26151.342,1,8,93.478,1,8,-9900,?,9,-9900,?,9,28.64,E,8,22.56,E,8,69.0,E,8,1008.6016999999999,E,8,999.0,E,8,3.62,E,8,-9900,?,9,-9900,?,9,0.0,E,8,-9900,?,9,-9900,?,9,0.0,0.0,E,8
01/13/2016,16:00,913.537,1413.306,651.93,1,8,835.404,1,8,112.16,1,8,78231.6,1,8,79363.354,1,8,12337.579,1,8,55.255,1,8,-9900,?,9,-9900,?,9,28.66,E,8,22.56,E,8,69.0,E,8,1008.6016999999999,E,8,999.0,E,8,2.77,E,8,-9900,?,9,-9900,?,9,0.0,E,8,-9900,?,9,-9900,?,9,0.0,0.0,E,8
01/13/2016,17:00,633.435,1413.306,463.29,1,8,758.608,1,8,123.682,1,8,55594.8,1,8,72067.77,1,8,13604.97,1,8,87.942,1,8,-9900,?,9,-9900,?,9,28.38,E,8,22.48,E,8,70.0,E,8,1008.6016999999999,E,8,999.0,E,8,1.58,E,8,-9900,?,9,-9900,?,9,0.0,E,8,-9900,?,9,-9900,?,9,0.0,0.0,E,8
01/13/2016,18:00,323.508,1413.306,224.34,1,8,446.967,1,8,122.555,1,8,26920.8,1,8,42461.856,1,8,13481.062,1,8,171.306,1,8,-9900,?,9,-9900,?,9,27.81,E,8,22.3,E,8,71.0,E,8,1008.6016999999999,E,8,999.0,E,8,1.25,E,8,-9900,?,9,-9900,?,9,0.0,E,8,-9900,?,9,-9900,?,9,0.0,0.0,E,8
01/13/2016,19:00,13.381,1413.306,40.65,1,8,0.0,1,8,40.65,1,8,4878.0,1,8,0.0,1,8,4471.5,1,8,10366.361,1,8,-9900,?,9,-9900,?,9,27.08,E,8,22.06,E,8,75.0,E,8,1008.6016999999999,E,8,999.0,E,8,1.25,E,8,-9900,?,9,-9900,?,9,0.002,E,8,-9900,?,9,-9900,?,9,0.02,99.0,E,8
01/13/2016,20:00,0.0,1413.306,0.0,1,8,0.0,1,8,0.0,1,8,0.0,1,8,0.0,1,8,0.0,1,8,-0.0,1,8,-9900,?,9,-9900,?,9,26.54,E,8,21.89,E,8,76.0,E,8,1008.6016999999999,E,8,999.0,E,8,1.25,E,8,-9900,?,9,-9900,?,9,0.005,E,8,-9900,?,9,-9900,?,9,0.05,99.0,E,8
01/13/2016,21:00,0.0,1413.306,0.0,1,8,0.0,1,8,0.0,1,8,0.0,1,8,0.0,1,8,0.0,1,8,-0.0,1,8,-9900,?,9,-9900,?,9,26.0,E,8,21.71,E,8,77.0,E,8,1008.6016999999999,E,8,999.0,E,8,1.25,E,8,-9900,?,9,-9900,?,9,0.007000000000000001,E,8,-9900,?,9,-9900,?,9,0.07,99.0,E,8
01/13/2016,22:00,0.0,1413.306,0.0,1,8,0.0,1,8,0.0,1,8,0.0,1,8,0.0,1,8,0.0,1,8,-0.0,1,8,-9900,?,9,-9900,?,9,25.46,E,8,21.53,E,8,78.0,E,8,1008.6016999999999,E,8,999.0,E,8,1.25,E,8,-9900,?,9,-9900,?,9,0.002,E,8,-9900,?,9,-9900,?,9,0.02,99.0,E,8
01/13/2016,23:00,0.0,1413.306,0.0,1,8,0.0,1,8,0.0,1,8,0.0,1,8,0.0,1,8,0.0,1,8,-0.0,1,8,-9900,?,9,-9900,?,9,24.93,E,8,21.35,E,8,80.0,E,8,1008.6016999999999,E,8,999.0,E,8,1.25,E,8,-9900,?,9,-9900,?,9,0.001,E,8,-9900,?,9,-9900,?,9,0.01,99.0,E,8
01/13/2016,24:00,0.0,1413.306,0.0,1,8,0.0,1,8,0.0,1,8,0.0,1,8,0.0,1,8,0.0,1,8,-0.0,1,8,-9900,?,9,-9900,?,9,24.39,E,8,19.99,E,8,76.0,E,8,1008.6016999999999,E,8,999.0,E,8,1.59,E,8,-9900,?,9,-9900,?,9,0.0,E,8,-9900,?,9,-9900,?,9,0.0,0.0,E,8
01/14/2016,01:00,0.0,1413.306,0.0,1,8,0.0,1,8,0.0,1,8,0.0,1,8,0.0,1,8,0.0,1,8,-0.0,1,8,-9900,?,9,-9900,?,9,24.12,E,8,19.91,E,8,77.0,E,8,1008.6016999999999,E,8,999.0,E,8,1.59,E,8,-9900,?,9,-9900,?,9,0.0,E,8,-9900,?,9,-9900,?,9,0.0,0.0,E,8
01/14/2016,02:00,0.0,1413.306,0.0,1,8,0.0,1,8,0.0,1,8,0.0,1,8,0.0,1,8,0.0,1,8,-0.0,1,8,-9900,?,9,-9900,?,9,23.85,E,8,19.84,E,8,78.0,E,8,1008.6016999999999,E,8,999.0,E,8,1.59,E,8,-9900,?,9,-9900,?,9,0.0,E,8,-9900,?,9,-9900,?,9,0.0,0.0,E,8
01/14/2016,03:00,0.0,1413.306,0.0,1,8,0.0,1,8,0.0,1,8,0.0,1,8,0.0,1,8,0.0,1,8,-0.0,1,8,-9900,?,9,-9900,?,9,23.58,E,8,19.76,E,8,79.0,E,8,1008.6016999999999,E,8,999.0,E,8,1.59,E,8,-9900,?,9,-9900,?,9,0.0,E,8,-9900,?,9,-9900,?,9,0.0,0.0,E,8
01/14/2016,04:00,0.0,1413.153,0.0,1,8,0.0,1,8,0.0,1,8,0.0,1,8,0.0,1,8,0.0,1,8,-0.0,1,8,-9900,?,9,-9900,?,9,23.31,E,8,19.68,E,8,80.0,E,8,1008.6016999999999,E,8,999.0,E,8,1.59,E,8,-9900,?,9,-9900,?,9,0.0,E,8,-9900,?,9,-9900,?,9,0.0,0.0,E,8
01/14/2016,05:00,0.0,1413.153,0.0,1,8,0.0,1,8,0.0,1,8,0.0,1,8,0.0,1,8,0.0,1,8,-0.0,1,8,-9900,?,9,-9900,?,9,23.07,E,8,19.61,E,8,80.0,E,8,1008.6016999999999,E,8,999.0,E,8,1.59,E,8,-9900,?,9,-9900,?,9,0.0,E,8,-9900,?,9,-9900,?,9,0.0,0.0,E,8
01/14/2016,06:00,56.849,1413.153,0.0,1,8,0.0,1,8,0.0,1,8,0.0,1,8,0.0,1,8,0.0,1,8,0.0,1,8,-9900,?,9,-9900,?,9,22.89,E,8,19.56,E,8,81.0,E,8,1008.6016999999999,E,8,999.0,E,8,1.59,E,8,-9900,?,9,-9900,?,9,0.0,E,8,-9900,?,9,-9900,?,9,0.0,0.0,E,8
01/14/2016,07:00,371.521,1413.153,72.78,1,8,0.0,1,8,72.78,1,8,8733.6,1,8,0.0,1,8,8005.8,1,8,88.46,1,8,-9900,?,9,-9900,?,9,22.72,E,8,19.51,E,8,82.0,E,8,1008.6016999999999,E,8,999.0,E,8,1.59,E,8,-9900,?,9,-9900,?,9,0.0,E,8,-9900,?,9,-9900,?,9,0.0,0.0,E,8
01/14/2016,08:00,678.368,1413.153,336.7,1,8,296.419,1,8,194.546,1,8,40404.0,1,8,28159.81,1,8,21400.086,1,8,129.128,1,8,-9900,?,9,-9900,?,9,24.4,E,8,19.99,E,8,76.0,E,8,1008.6016999999999,E,8,999.0,E,8,1.59,E,8,-9900,?,9,-9900,?,9,0.0,E,8,-9900,?,9,-9900,?,9,0.0,0.0,E,8
01/14/2016,09:00,952.201,1413.153,613.17,1,8,573.132,1,8,227.123,1,8,73580.4,1,8,54447.522,1,8,24983.482,1,8,107.331,1,8,-9900,?,9,-9900,?,9,25.52,E,8,20.31,E,8,72.0,E,8,1008.6016999999999,E,8,999.0,E,8,1.59,E,8,-9900,?,9,-9900,?,9,0.0,E,8,-9900,?,9,-9900,?,9,0.0,0.0,E,8
01/14/2016,10:00,1174.033,1413.153,855.28,1,8,774.406,1,8,211.996,1,8,102633.6,1,8,73568.565,1,8,23319.609,1,8,81.235,1,8,-9900,?,9,-9900,?,9,26.58,E,8,20.6,E,8,69.0,E,8,1008.6016999999999,E,8,999.0,E,8,1.59,E,8,-9900,?,9,-9900,?,9,0.0,E,8,-9900,?,9,-9900,?,9,0.0,0.0,E,8
01/14/2016,11:00,1328.662,1413.153,1045.95,1,8,958.883,1,8,144.433,1,8,125514.0,1,8,91093.855,1,8,15887.603,1,8,48.9,1,8,-9900,?,9,-9900,?,9,27.53,E,8,20.86,E,8,67.0,E,8,1008.6016999999999,E,8,999.0,E,8,1.59,E,8,-9900,?,9,-9900,?,9,0.0,E,8,-9900,?,9,-9900,?,9,0.0,0.0,E,8
01/14/2016,12:00,1405.515,1413.153,1167.77,1,8,816.663,1,8,355.524,1,8,140132.4,1,8,77582.944,1,8,39107.647,1,8,113.782,1,8,-9900,?,9,-9900,?,9,28.33,E,8,21.08,E,8,64.0,E,8,1008.6016999999999,E,8,999.0,E,8,1.59,E,8,-9900,?,9,-9900,?,9,0.0,E,8,-9900,?,9,-9900,?,9,0.0,0.0,E,8
01/14/2016,13:00,1399.334,1413.153,1209.25,1,8,984.227,1,8,234.653,1,8,145110.0,1,8,93501.603,1,8,25811.799,1,8,75.43,1,8,-9900,?,9,-9900,?,9,28.95,E,8,21.24,E,8,63.0,E,8,1008.6016999999999,E,8,999.0,E,8,1.59,E,8,-9900,?,9,-9900,?,9,0.0,E,8,-9900,?,9,-9900,?,9,0.0,0.0,E,8
01/14/2016,14:00,1310.529,1413.153,1168.57,1,8,853.873,1,8,376.744,1,8,140228.4,1,8,81117.919,1,8,41441.802,1,8,129.318,1,8,-9900,?,9,-9900,?,9,29.38,E,8,21.36,E,8,62.0,E,8,1008.6016999999999,E,8,999.0,E,8,2.39,E,8,-9900,?,9,-9900,?,9,0.0,E,8,-9900,?,9,-9900,?,9,0.0,0.0,E,8
01/14/2016,15:00,1145.149,1413.153,1047.15,1,8,812.787,1,8,388.609,1,8,125658.0,1,8,77214.727,1,8,42746.994,1,8,152.671,1,8,-9900,?,9,-9900,?,9,29.6,E,8,21.42,E,8,61.0,E,8,1008.6016999999999,E,8,999.0,E,8,2.99,E,8,-9900,?,9,-9900,?,9,0.0,E,8,-9900,?,9,-9900,?,9,0.0,0.0,E,8
01/14/2016,16:00,914.483,1413.153,854.41,1,8,870.759,1,8,291.152,1,8,102529.2,1,8,82722.129,1,8,32026.702,1,8,143.272,1,8,-9900,?,9,-9900,?,9,29.61,E,8,21.42,E,8,61.0,E,8,1008.6016999999999,E,8,999.0,E,8,2.39,E,8,-9900,?,9,-9900,?,9,0.0,E,8,-9900,?,9,-9900,?,9,0.0,0.0,E,8
01/14/2016,17:00,634.328,1413.153,602.74,1,8,864.348,1,8,215.205,1,8,72328.8,1,8,82113.042,1,8,23672.593,1,8,152.785,1,8,-9900,?,9,-9900,?,9,29.31,E,8,21.34,E,8,62.0,E,8,1008.6016999999999,E,8,999.0,E,8,2.33,E,8,-9900,?,9,-9900,?,9,0.0,E,8,-9900,?,9,-9900,?,9,0.0,0.0,E,8
01/14/2016,18:00,324.187,1413.153,317.86,1,8,567.897,1,8,188.248,1,8,38143.2,1,8,53950.168,1,8,20707.299,1,8,262.546,1,8,-9900,?,9,-9900,?,9,28.73,E,8,21.19,E,8,63.0,E,8,1008.6016999999999,E,8,999.0,E,8,2.31,E,8,-9900,?,9,-9900,?,9,0.0,E,8,-9900,?,9,-9900,?,9,0.0,0.0,E,8
01/14/2016,19:00,13.659,1413.153,52.83,1,8,0.0,1,8,52.83,1,8,6339.6,1,8,0.0,1,8,5811.3,1,8,11377.944,1,8,-9900,?,9,-9900,?,9,27.95,E,8,20.98,E,8,65.0,E,8,1008.6016999999999,E,8,999.0,E,8,1.59,E,8,-9900,?,9,-9900,?,9,0.0,E,8,-9900,?,9,-9900,?,9,0.0,0.0,E,8
01/14/2016,20:00,0.0,1413.153,0.0,1,8,0.0,1,8,0.0,1,8,0.0,1,8,0.0,1,8,0.0,1,8,-0.0,1,8,-9900,?,9,-9900,?,9,27.31,E,8,20.8,E,8,67.0,E,8,1008.6016999999999,E,8,999.0,E,8,1.59,E,8,-9900,?,9,-9900,?,9,0.0,E,8,-9900,?,9,-9900,?,9,0.0,0.0,E,8
01/14/2016,21:00,0.0,1413.153,0.0,1,8,0.0,1,8,0.0,1,8,0.0,1,8,0.0,1,8,0.0,1,8,-0.0,1,8,-9900,?,9,-9900,?,9,26.66,E,8,20.63,E,8,69.0,E,8,1008.6016999999999,E,8,999.0,E,8,1.59,E,8,-9900,?,9,-9900,?,9,0.0,E,8,-9900,?,9,-9900,?,9,0.0,0.0,E,8
01/14/2016,22:00,0.0,1413.153,0.0,1,8,0.0,1,8,0.0,1,8,0.0,1,8,0.0,1,8,0.0,1,8,-0.0,1,8,-9900,?,9,-9900,?,9,26.02,E,8,20.45,E,8,71.0,E,8,1008.6016999999999,E,8,999.0,E,8,1.59,E,8,-9900,?,9,-9900,?,9,0.0,E,8,-9900,?,9,-9900,?,9,0.0,0.0,E,8
01/14/2016,23:00,0.0,1413.153,0.0,1,8,0.0,1,8,0.0,1,8,0.0,1,8,0.0,1,8,0.0,1,8,-0.0,1,8,-9900,?,9,-9900,?,9,25.37,E,8,20.27,E,8,73.0,E,8,1008.6016999999999,E,8,999.0,E,8,1.59,E,8,-9900,?,9,-9900,?,9,0.0,E,8,-9900,?,9,-9900,?,9,0.0,0.0,E,8
01/14/2016,24:00,0.0,1413.153,0.0,1,8,0.0,1,8,0.0,1,8,0.0,1,8,0.0,1,8,0.0,1,8,-0.0,1,8,-9900,?,9,-9900,?,9,24.73,E,8,20.56,E,8,77.0,E,8,1008.6016999999999,E,8,999.0,E,8,1.77,E,8,-9900,?,9,-9900,?,9,0.0,E,8,-9900,?,9,-9900,?,9,0.0,0.0,E,8
01/15/2016,01:00,0.0,1413.153,0.0,1,8,0.0,1,8,0.0,1,8,0.0,1,8,0.0,1,8,0.0,1,8,-0.0,1,8,-9900,?,9,-9900,?,9,24.4,E,8,20.49,E,8,78.0,E,8,1008.6016999999999,E,8,999.0,E,8,1.77,E,8,-9900,?,9,-9900,?,9,0.0,E,8,-9900,?,9,-9900,?,9,0.0,0.0,E,8
01/15/2016,02:00,0.0,1413.153,0.0,1,8,0.0,1,8,0.0,1,8,0.0,1,8,0.0,1,8,0.0,1,8,-0.0,1,8,-9900,?,9,-9900,?,9,24.08,E,8,20.42,E,8,80.0,E,8,1008.6016999999999,E,8,999.0,E,8,1.77,E,8,-9900,?,9,-9900,?,9,0.0,E,8,-9900,?,9,-9900,?,9,0.0,0.0,E,8
01/15/2016,03:00,0.0,1413.153,0.0,1,8,0.0,1,8,0.0,1,8,0.0,1,8,0.0,1,8,0.0,1,8,-0.0,1,8,-9900,?,9,-9900,?,9,23.76,E,8,20.35,E,8,81.0,E,8,1008.6016999999999,E,8,999.0,E,8,1.77,E,8,-9900,?,9,-9900,?,9,0.0,E,8,-9900,?,9,-9900,?,9,0.0,0.0,E,8
01/15/2016,04:00,0.0,1412.985,0.0,1,8,0.0,1,8,0.0,1,8,0.0,1,8,0.0,1,8,0.0,1,8,-0.0,1,8,-9900,?,9,-9900,?,9,23.44,E,8,20.28,E,8,82.0,E,8,1008.6016999999999,E,8,999.0,E,8,1.77,E,8,-9900,?,9,-9900,?,9,0.0,E,8,-9900,?,9,-9900,?,9,0.0,0.0,E,8
01/15/2016,05:00,0.0,1412.985,0.0,1,8,0.0,1,8,0.0,1,8,0.0,1,8,0.0,1,8,0.0,1,8,-0.0,1,8,-9900,?,9,-9900,?,9,23.15,E,8,20.22,E,8,83.0,E,8,1008.6016999999999,E,8,999.0,E,8,1.77,E,8,-9900,?,9,-9900,?,9,0.0,E,8,-9900,?,9,-9900,?,9,0.0,0.0,E,8
01/15/2016,06:00,53.504,1412.985,0.0,1,8,0.0,1,8,0.0,1,8,0.0,1,8,0.0,1,8,0.0,1,8,0.0,1,8,-9900,?,9,-9900,?,9,22.94,E,8,20.17,E,8,84.0,E,8,1008.6016999999999,E,8,999.0,E,8,1.77,E,8,-9900,?,9,-9900,?,9,0.0,E,8,-9900,?,9,-9900,?,9,0.0,0.0,E,8
01/15/2016,07:00,368.308,1412.985,66.42,1,8,0.0,1,8,66.42,1,8,7970.4,1,8,0.0,1,8,7306.2,1,8,81.43,1,8,-9900,?,9,-9900,?,9,22.72,E,8,20.13,E,8,85.0,E,8,1008.6016999999999,E,8,999.0,E,8,1.77,E,8,-9900,?,9,-9900,?,9,0.0,E,8,-9900,?,9,-9900,?,9,0.0,0.0,E,8
01/15/2016,08:00,675.622,1412.985,312.95,1,8,229.779,1,8,203.189,1,8,37554.0,1,8,21828.981,1,8,22350.803,1,8,135.398,1,8,-9900,?,9,-9900,?,9,24.38,E,8,20.48,E,8,78.0,E,8,1008.6016999999999,E,8,999.0,E,8,1.77,E,8,-9900,?,9,-9900,?,9,0.0,E,8,-9900,?,9,-9900,?,9,0.0,0.0,E,8
01/15/2016,09:00,950.015,1412.985,572.17,1,8,430.036,1,8,283.14,1,8,68660.4,1,8,40853.389,1,8,31145.423,1,8,134.095,1,8,-9900,?,9,-9900,?,9,25.5,E,8,20.72,E,8,74.0,E,8,1008.6016999999999,E,8,999.0,E,8,1.77,E,8,-9900,?,9,-9900,?,9,0.0,E,8,-9900,?,9,-9900,?,9,0.0,0.0,E,8
01/15/2016,10:00,1172.455,1412.985,800.76,1,8,633.687,1,8,275.015,1,8,96091.2,1,8,60200.226,1,8,30251.606,1,8,105.513,1,8,-9900,?,9,-9900,?,9,26.56,E,8,20.94,E,8,71.0,E,8,1008.6016999999999,E,8,999.0,E,8,1.77,E,8,-9900,?,9,-9900,?,9,0.0,E,8,-9900,?,9,-9900,?,9,0.0,0.0,E,8
01/15/2016,11:00,1327.699,1412.985,976.42,1,8,749.774,1,8,271.928,1,8,117170.4,1,8,71228.546,1,8,29912.134,1,8,92.121,1,8,-9900,?,9,-9900,?,9,27.5,E,8,21.13,E,8,68.0,E,8,1008.6016999999999,E,8,999.0,E,8,1.77,E,8,-9900,?,9,-9900,?,9,0.0,E,8,-9900,?,9,-9900,?,9,0.0,0.0,E,8
01/15/2016,12:00,1405.131,1412.985,1091.46,1,8,918.077,1,8,178.489,1,8,130975.2,1,8,87217.351,1,8,19633.757,1,8,57.132,1,8,-9900,?,9,-9900,?,9,28.29,E,8,21.29,E,8,65.0,E,8,1008.6016999999999,E,8,999.0,E,8,1.77,E,8,-9900,?,9,-9900,?,9,0.0,E,8,-9900,?,9,-9900,?,9,0.0,0.0,E,8
01/15/2016,13:00,1399.452,1412.985,1126.47,1,8,891.997,1,8,243.021,1,8,135176.4,1,8,84739.689,1,8,26732.342,1,8,78.105,1,8,-9900,?,9,-9900,?,9,28.91,E,8,21.42,E,8,64.0,E,8,1008.6016999999999,E,8,999.0,E,8,1.77,E,8,-9900,?,9,-9900,?,9,0.0,E,8,-9900,?,9,-9900,?,9,0.0,0.0,E,8
01/15/2016,14:00,1311.038,1412.985,1087.8,1,8,956.497,1,8,200.356,1,8,130536.0,1,8,90867.237,1,8,22039.18,1,8,68.738,1,8,-9900,?,9,-9900,?,9,29.32,E,8,21.5,E,8,62.0,E,8,1008.6016999999999,E,8,999.0,E,8,1.94,E,8,-9900,?,9,-9900,?,9,0.0,E,8,-9900,?,9,-9900,?,9,0.0,0.0,E,8
01/15/2016,15:00,1145.911,1412.985,970.04,1,8,820.037,1,8,305.103,1,8,116404.8,1,8,77903.511,1,8,33561.358,1,8,119.771,1,8,-9900,?,9,-9900,?,9,29.53,E,8,21.54,E,8,62.0,E,8,1008.6016999999999,E,8,999.0,E,8,1.77,E,8,-9900,?,9,-9900,?,9,0.0,E,8,-9900,?,9,-9900,?,9,0.0,0.0,E,8
01/15/2016,16:00,915.341,1412.985,786.7,1,8,847.621,1,8,237.828,1,8,94404.0,1,8,80523.977,1,8,26161.124,1,8,116.908,1,8,-9900,?,9,-9900,?,9,29.54,E,8,21.54,E,8,62.0,E,8,1008.6016999999999,E,8,999.0,E,8,1.77,E,8,-9900,?,9,-9900,?,9,0.0,E,8,-9900,?,9,-9900,?,9,0.0,0.0,E,8
01/15/2016,17:00,635.121,1412.985,551.11,1,8,825.939,1,8,180.288,1,8,66133.2,1,8,78464.224,1,8,19831.658,1,8,127.82,1,8,-9900,?,9,-9900,?,9,29.23,E,8,21.48,E,8,63.0,E,8,1008.6016999999999,E,8,999.0,E,8,1.77,E,8,-9900,?,9,-9900,?,9,0.0,E,8,-9900,?,9,-9900,?,9,0.0,0.0,E,8
01/15/2016,18:00,324.755,1412.985,286.2,1,8,583.059,1,8,152.876,1,8,34344.0,1,8,55390.632,1,8,16816.366,1,8,212.811,1,8,-9900,?,9,-9900,?,9,28.65,E,8,21.37,E,8,64.0,E,8,1008.6016999999999,E,8,999.0,E,8,1.77,E,8,-9900,?,9,-9900,?,9,0.0,E,8,-9900,?,9,-9900,?,9,0.0,0.0,E,8
01/15/2016,19:00,13.834,1412.985,44.71,1,8,0.0,1,8,44.71,1,8,5365.2,1,8,0.0,1,8,4918.1,1,8,8765.875,1,8,-9900,?,9,-9900,?,9,27.87,E,8,21.21,E,8,67.0,E,8,1008.6016999999999,E,8,999.0,E,8,1.77,E,8,-9900,?,9,-9900,?,9,0.0,E,8,-9900,?,9,-9900,?,9,0.0,0.0,E,8
01/15/2016,20:00,0.0,1412.985,0.0,1,8,0.0,1,8,0.0,1,8,0.0,1,8,0.0,1,8,0.0,1,8,-0.0,1,8,-9900,?,9,-9900,?,9,27.15,E,8,21.06,E,8,69.0,E,8,1008.6016999999999,E,8,999.0,E,8,1.77,E,8,-9900,?,9,-9900,?,9,0.0,E,8,-9900,?,9,-9900,?,9,0.0,0.0,E,8
01/15/2016,21:00,0.0,1412.985,0.0,1,8,0.0,1,8,0.0,1,8,0.0,1,8,0.0,1,8,0.0,1,8,-0.0,1,8,-9900,?,9,-9900,?,9,26.43,E,8,20.91,E,8,71.0,E,8,1008.6016999999999,E,8,999.0,E,8,1.77,E,8,-9900,?,9,-9900,?,9,0.0,E,8,-9900,?,9,-9900,?,9,0.0,0.0,E,8
01/15/2016,22:00,0.0,1412.985,0.0,1,8,0.0,1,8,0.0,1,8,0.0,1,8,0.0,1,8,0.0,1,8,-0.0,1,8,-9900,?,9,-9900,?,9,25.71,E,8,20.76,E,8,74.0,E,8,1008.6016999999999,E,8,999.0,E,8,1.77,E,8,-9900,?,9,-9900,?,9,0.0,E,8,-9900,?,9,-9900,?,9,0.0,0.0,E,8
01/15/2016,23:00,0.0,1412.985,0.0,1,8,0.0,1,8,0.0,1,8,0.0,1,8,0.0,1,8,0.0,1,8,-0.0,1,8,-9900,?,9,-9900,?,9,24.99,E,8,20.61,E,8,76.0,E,8,1008.6016999999999,E,8,999.0,E,8,1.77,E,8,-9900,?,9,-9900,?,9,0.0,E,8,-9900,?,9,-9900,?,9,0.0,0.0,E,8
01/15/2016,24:00,0.0,1412.985,0.0,1,8,0.0,1,8,0.0,1,8,0.0,1,8,0.0,1,8,0.0,1,8,-0.0,1,8,-9900,?,9,-9900,?,9,24.27,E,8,21.25,E,8,81.0,E,8,1008.6016999999999,E,8,999.0,E,8,1.34,E,8,-9900,?,9,-9900,?,9,0.071,E,8,-9900,?,9,-9900,?,9,0.71,99.0,E,8
01/16/2016,01:00,0.0,1412.985,0.0,1,8,0.0,1,8,0.0,1,8,0.0,1,8,0.0,1,8,0.0,1,8,-0.0,1,8,-9900,?,9,-9900,?,9,23.91,E,8,21.25,E,8,83.0,E,8,1008.6016999999999,E,8,999.0,E,8,1.34,E,8,-9900,?,9,-9900,?,9,0.020999999999999998,E,8,-9900,?,9,-9900,?,9,0.21,99.0,E,8
01/16/2016,02:00,0.0,1412.985,0.0,1,8,0.0,1,8,0.0,1,8,0.0,1,8,0.0,1,8,0.0,1,8,-0.0,1,8,-9900,?,9,-9900,?,9,23.55,E,8,21.25,E,8,84.0,E,8,1008.6016999999999,E,8,999.0,E,8,1.34,E,8,-9900,?,9,-9900,?,9,0.002,E,8,-9900,?,9,-9900,?,9,0.02,99.0,E,8
01/16/2016,03:00,0.0,1412.985,0.0,1,8,0.0,1,8,0.0,1,8,0.0,1,8,0.0,1,8,0.0,1,8,-0.0,1,8,-9900,?,9,-9900,?,9,23.19,E,8,21.26,E,8,86.0,E,8,1008.6016999999999,E,8,999.0,E,8,1.34,E,8,-9900,?,9,-9900,?,9,0.003,E,8,-9900,?,9,-9900,?,9,0.03,99.0,E,8
01/16/2016,04:00,0.0,1412.802,0.0,1,8,0.0,1,8,0.0,1,8,0.0,1,8,0.0,1,8,0.0,1,8,-0.0,1,8,-9900,?,9,-9900,?,9,22.83,E,8,21.26,E,8,95.0,E,8,1008.6016999999999,E,8,999.0,E,8,1.34,E,8,-9900,?,9,-9900,?,9,0.876,E,8,-9900,?,9,-9900,?,9,8.76,99.0,E,8
01/16/2016,05:00,0.0,1412.802,0.0,1,8,0.0,1,8,0.0,1,8,0.0,1,8,0.0,1,8,0.0,1,8,-0.0,1,8,-9900,?,9,-9900,?,9,22.51,E,8,21.26,E,8,89.0,E,8,1008.6016999999999,E,8,999.0,E,8,1.34,E,8,-9900,?,9,-9900,?,9,0.041999999999999996,E,8,-9900,?,9,-9900,?,9,0.42,99.0,E,8
01/16/2016,06:00,50.167,1412.802,0.0,1,8,0.0,1,8,0.0,1,8,0.0,1,8,0.0,1,8,0.0,1,8,0.0,1,8,-9900,?,9,-9900,?,9,22.27,E,8,21.26,E,8,90.0,E,8,1008.6016999999999,E,8,999.0,E,8,1.34,E,8,-9900,?,9,-9900,?,9,0.028999999999999998,E,8,-9900,?,9,-9900,?,9,0.29,99.0,E,8
01/16/2016,07:00,365.097,1412.802,79.49,1,8,0.0,1,8,79.49,1,8,9538.8,1,8,0.0,1,8,8743.9,1,8,98.306,1,8,-9900,?,9,-9900,?,9,22.04,E,8,21.26,E,8,91.0,E,8,1008.6016999999999,E,8,999.0,E,8,1.34,E,8,-9900,?,9,-9900,?,9,0.007000000000000001,E,8,-9900,?,9,-9900,?,9,0.07,99.0,E,8
01/16/2016,08:00,672.879,1412.802,223.14,1,8,59.829,1,8,194.673,1,8,26776.8,1,8,5683.792,1,8,21414.062,1,8,130.237,1,8,-9900,?,9,-9900,?,9,24.05,E,8,21.25,E,8,82.0,E,8,1008.6016999999999,E,8,999.0,E,8,1.34,E,8,-9900,?,9,-9900,?,9,0.004,E,8,-9900,?,9,-9900,?,9,0.04,99.0,E,8
01/16/2016,09:00,947.83,1412.802,516.15,1,8,291.766,1,8,320.479,1,8,61938.0,1,8,27717.723,1,8,35252.65,1,8,152.109,1,8,-9900,?,9,-9900,?,9,25.66,E,8,21.25,E,8,73.0,E,8,1008.6016999999999,E,8,999.0,E,8,1.34,E,8,-9900,?,9,-9900,?,9,0.0,E,8,-9900,?,9,-9900,?,9,0.0,0.0,E,8
01/16/2016,10:00,1170.874,1412.802,523.89,1,8,136.531,1,8,410.754,1,8,62866.8,1,8,12970.419,1,8,45182.933,1,8,157.783,1,8,-9900,?,9,-9900,?,9,26.5,E,8,21.25,E,8,74.0,E,8,1008.6016999999999,E,8,999.0,E,8,1.34,E,8,-9900,?,9,-9900,?,9,0.001,E,8,-9900,?,9,-9900,?,9,0.01,99.0,E,8
01/16/2016,11:00,1326.724,1412.802,619.27,1,8,158.834,1,8,470.119,1,8,74312.4,1,8,15089.259,1,8,51713.079,1,8,159.359,1,8,-9900,?,9,-9900,?,9,27.25,E,8,21.24,E,8,71.0,E,8,1008.6016999999999,E,8,999.0,E,8,1.34,E,8,-9900,?,9,-9900,?,9,0.001,E,8,-9900,?,9,-9900,?,9,0.01,99.0,E,8
01/16/2016,12:00,1404.722,1412.802,787.9,1,8,277.618,1,8,511.871,1,8,94548.0,1,8,26373.734,1,8,56305.759,1,8,163.871,1,8,-9900,?,9,-9900,?,9,28.13,E,8,21.24,E,8,65.0,E,8,1008.6016999999999,E,8,999.0,E,8,1.77,E,8,-9900,?,9,-9900,?,9,0.0,E,8,-9900,?,9,-9900,?,9,0.0,0.0,E,8
01/16/2016,13:00,1399.53,1412.802,646.42,1,8,127.72,1,8,519.9,1,8,77570.4,1,8,12133.442,1,8,57189.012,1,8,167.06,1,8,-9900,?,9,-9900,?,9,28.48,E,8,21.24,E,8,68.0,E,8,1008.6016999999999,E,8,999.0,E,8,2.56,E,8,-9900,?,9,-9900,?,9,0.009,E,8,-9900,?,9,-9900,?,9,0.09,99.0,E,8
01/16/2016,14:00,1311.49,1412.802,813.81,1,8,460.278,1,8,386.559,1,8,97657.2,1,8,43726.381,1,8,42521.484,1,8,132.557,1,8,-9900,?,9,-9900,?,9,29.03,E,8,21.24,E,8,62.0,E,8,1008.6016999999999,E,8,999.0,E,8,2.75,E,8,-9900,?,9,-9900,?,9,0.0,E,8,-9900,?,9,-9900,?,9,0.0,0.0,E,8
01/16/2016,15:00,1146.599,1412.802,626.64,1,8,308.895,1,8,375.986,1,8,75196.8,1,8,29345.034,1,8,41358.429,1,8,147.488,1,8,-9900,?,9,-9900,?,9,29.18,E,8,21.24,E,8,62.0,E,8,1008.6016999999999,E,8,999.0,E,8,3.49,E,8,-9900,?,9,-9900,?,9,0.0,E,8,-9900,?,9,-9900,?,9,0.0,0.0,E,8
01/16/2016,16:00,916.111,1412.802,579.42,1,8,528.681,1,8,236.744,1,8,69530.4,1,8,50224.661,1,8,26041.79,1,8,116.262,1,8,-9900,?,9,-9900,?,9,29.23,E,8,21.24,E,8,62.0,E,8,1008.6016999999999,E,8,999.0,E,8,3.25,E,8,-9900,?,9,-9900,?,9,0.0,E,8,-9900,?,9,-9900,?,9,0.0,0.0,E,8
01/16/2016,17:00,635.811,1412.802,500.57,1,8,689.573,1,8,190.594,1,8,60068.4,1,8,65509.457,1,8,20965.389,1,8,134.963,1,8,-9900,?,9,-9900,?,9,29.15,E,8,21.24,E,8,62.0,E,8,1008.6016999999999,E,8,999.0,E,8,3.26,E,8,-9900,?,9,-9900,?,9,0.0,E,8,-9900,?,9,-9900,?,9,0.0,0.0,E,8
01/16/2016,18:00,325.21,1412.802,253.4,1,8,590.712,1,8,118.117,1,8,30408.0,1,8,56117.686,1,8,12992.884,1,8,164.171,1,8,-9900,?,9,-9900,?,9,28.61,E,8,21.24,E,8,63.0,E,8,1008.6016999999999,E,8,999.0,E,8,2.52,E,8,-9900,?,9,-9900,?,9,0.0,E,8,-9900,?,9,-9900,?,9,0.0,0.0,E,8
01/16/2016,19:00,13.906,1412.802,56.98,1,8,0.0,1,8,56.98,1,8,6837.6,1,8,0.0,1,8,6267.8,1,8,10769.869,1,8,-9900,?,9,-9900,?,9,27.82,E,8,21.24,E,8,69.0,E,8,1008.6016999999999,E,8,999.0,E,8,1.61,E,8,-9900,?,9,-9900,?,9,0.005,E,8,-9900,?,9,-9900,?,9,0.05,99.0,E,8
01/16/2016,20:00,0.0,1412.802,0.0,1,8,0.0,1,8,0.0,1,8,0.0,1,8,0.0,1,8,0.0,1,8,-0.0,1,8,-9900,?,9,-9900,?,9,27.06,E,8,21.25,E,8,72.0,E,8,1008.6016999999999,E,8,999.0,E,8,1.34,E,8,-9900,?,9,-9900,?,9,0.001,E,8,-9900,?,9,-9900,?,9,0.01,99.0,E,8
01/16/2016,21:00,0.0,1412.802,0.0,1,8,0.0,1,8,0.0,1,8,0.0,1,8,0.0,1,8,0.0,1,8,-0.0,1,8,-9900,?,9,-9900,?,9,26.3,E,8,21.25,E,8,70.0,E,8,1008.6016999999999,E,8,999.0,E,8,1.34,E,8,-9900,?,9,-9900,?,9,0.0,E,8,-9900,?,9,-9900,?,9,0.0,0.0,E,8
01/16/2016,22:00,0.0,1412.802,0.0,1,8,0.0,1,8,0.0,1,8,0.0,1,8,0.0,1,8,0.0,1,8,-0.0,1,8,-9900,?,9,-9900,?,9,25.54,E,8,21.25,E,8,77.0,E,8,1008.6016999999999,E,8,999.0,E,8,1.34,E,8,-9900,?,9,-9900,?,9,0.012,E,8,-9900,?,9,-9900,?,9,0.12,99.0,E,8
01/16/2016,23:00,0.0,1412.802,0.0,1,8,0.0,1,8,0.0,1,8,0.0,1,8,0.0,1,8,0.0,1,8,-0.0,1,8,-9900,?,9,-9900,?,9,24.77,E,8,21.25,E,8,80.0,E,8,1008.6016999999999,E,8,999.0,E,8,1.34,E,8,-9900,?,9,-9900,?,9,0.016,E,8,-9900,?,9,-9900,?,9,0.16,99.0,E,8
01/16/2016,24:00,0.0,1412.802,0.0,1,8,0.0,1,8,0.0,1,8,0.0,1,8,0.0,1,8,0.0,1,8,-0.0,1,8,-9900,?,9,-9900,?,9,24.01,E,8,20.88,E,8,84.0,E,8,1008.6016999999999,E,8,999.0,E,8,1.66,E,8,-9900,?,9,-9900,?,9,0.003,E,8,-9900,?,9,-9900,?,9,0.03,99.0,E,8
01/17/2016,01:00,0.0,1412.802,0.0,1,8,0.0,1,8,0.0,1,8,0.0,1,8,0.0,1,8,0.0,1,8,-0.0,1,8,-9900,?,9,-9900,?,9,23.63,E,8,20.77,E,8,85.0,E,8,1008.6016999999999,E,8,999.0,E,8,1.66,E,8,-9900,?,9,-9900,?,9,0.003,E,8,-9900,?,9,-9900,?,9,0.03,99.0,E,8
01/17/2016,02:00,0.0,1412.802,0.0,1,8,0.0,1,8,0.0,1,8,0.0,1,8,0.0,1,8,0.0,1,8,-0.0,1,8,-9900,?,9,-9900,?,9,23.25,E,8,20.66,E,8,87.0,E,8,1008.6016999999999,E,8,999.0,E,8,1.66,E,8,-9900,?,9,-9900,?,9,0.01,E,8,-9900,?,9,-9900,?,9,0.1,99.0,E,8
01/17/2016,03:00,0.0,1412.802,0.0,1,8,0.0,1,8,0.0,1,8,0.0,1,8,0.0,1,8,0.0,1,8,-0.0,1,8,-9900,?,9,-9900,?,9,22.87,E,8,20.55,E,8,88.0,E,8,1008.6016999999999,E,8,999.0,E,8,1.66,E,8,-9900,?,9,-9900,?,9,0.015,E,8,-9900,?,9,-9900,?,9,0.15,99.0,E,8
01/17/2016,04:00,0.0,1412.605,0.0,1,8,0.0,1,8,0.0,1,8,0.0,1,8,0.0,1,8,0.0,1,8,-0.0,1,8,-9900,?,9,-9900,?,9,22.49,E,8,20.44,E,8,89.0,E,8,1008.6016999999999,E,8,999.0,E,8,1.66,E,8,-9900,?,9,-9900,?,9,0.002,E,8,-9900,?,9,-9900,?,9,0.02,99.0,E,8
01/17/2016,05:00,0.0,1412.605,0.0,1,8,0.0,1,8,0.0,1,8,0.0,1,8,0.0,1,8,0.0,1,8,-0.0,1,8,-9900,?,9,-9900,?,9,22.15,E,8,20.34,E,8,90.0,E,8,1008.6016999999999,E,8,999.0,E,8,1.66,E,8,-9900,?,9,-9900,?,9,0.008,E,8,-9900,?,9,-9900,?,9,0.08,99.0,E,8
01/17/2016,06:00,46.841,1412.605,0.0,1,8,0.0,1,8,0.0,1,8,0.0,1,8,0.0,1,8,0.0,1,8,0.0,1,8,-9900,?,9,-9900,?,9,21.9,E,8,20.27,E,8,91.0,E,8,1008.6016999999999,E,8,999.0,E,8,1.66,E,8,-9900,?,9,-9900,?,9,0.001,E,8,-9900,?,9,-9900,?,9,0.01,99.0,E,8
01/17/2016,07:00,361.888,1412.605,34.1,1,8,0.0,1,8,34.1,1,8,4092.0,1,8,0.0,1,8,3751.0,1,8,42.543,1,8,-9900,?,9,-9900,?,9,21.65,E,8,20.2,E,8,88.0,E,8,1008.6016999999999,E,8,999.0,E,8,1.66,E,8,-9900,?,9,-9900,?,9,0.0,E,8,-9900,?,9,-9900,?,9,0.0,0.0,E,8
01/17/2016,08:00,670.141,1412.605,194.97,1,8,28.66,1,8,181.387,1,8,23396.4,1,8,2722.739,1,8,19952.588,1,8,121.828,1,8,-9900,?,9,-9900,?,9,22.95,E,8,20.58,E,8,83.0,E,8,1008.6016999999999,E,8,999.0,E,8,1.66,E,8,-9900,?,9,-9900,?,9,0.0,E,8,-9900,?,9,-9900,?,9,0.0,0.0,E,8
01/17/2016,09:00,945.649,1412.605,372.56,1,8,84.591,1,8,315.952,1,8,44707.2,1,8,8036.127,1,8,34754.756,1,8,150.286,1,8,-9900,?,9,-9900,?,9,23.92,E,8,20.85,E,8,80.0,E,8,1008.6016999999999,E,8,999.0,E,8,1.66,E,8,-9900,?,9,-9900,?,9,0.0,E,8,-9900,?,9,-9900,?,9,0.0,0.0,E,8
01/17/2016,10:00,1169.29,1412.605,606.34,1,8,245.575,1,8,403.092,1,8,72760.8,1,8,23329.607,1,8,44340.098,1,8,155.028,1,8,-9900,?,9,-9900,?,9,25.07,E,8,21.17,E,8,77.0,E,8,1008.6016999999999,E,8,999.0,E,8,1.66,E,8,-9900,?,9,-9900,?,9,0.0,E,8,-9900,?,9,-9900,?,9,0.0,0.0,E,8
01/17/2016,11:00,1325.736,1412.605,677.17,1,8,200.876,1,8,488.655,1,8,81260.4,1,8,19083.176,1,8,53752.046,1,8,165.742,1,8,-9900,?,9,-9900,?,9,25.91,E,8,21.41,E,8,75.0,E,8,1008.6016999999999,E,8,999.0,E,8,1.66,E,8,-9900,?,9,-9900,?,9,0.0,E,8,-9900,?,9,-9900,?,9,0.0,0.0,E,8
01/17/2016,12:00,1404.286,1412.605,969.02,1,8,571.626,1,8,400.762,1,8,116282.4,1,8,54304.465,1,8,44083.865,1,8,128.323,1,8,-9900,?,9,-9900,?,9,27.03,E,8,21.71,E,8,72.0,E,8,1008.6016999999999,E,8,999.0,E,8,1.66,E,8,-9900,?,9,-9900,?,9,0.0,E,8,-9900,?,9,-9900,?,9,0.0,0.0,E,8
01/17/2016,13:00,1399.566,1412.605,872.6,1,8,462.99,1,8,413.886,1,8,104712.0,1,8,43984.046,1,8,45527.482,1,8,132.972,1,8,-9900,?,9,-9900,?,9,27.67,E,8,21.88,E,8,70.0,E,8,1008.6016999999999,E,8,999.0,E,8,2.54,E,8,-9900,?,9,-9900,?,9,0.0,E,8,-9900,?,9,-9900,?,9,0.0,0.0,E,8
01/17/2016,14:00,1311.884,1412.605,864.79,1,8,564.836,1,8,340.253,1,8,103774.8,1,8,53659.396,1,8,37427.778,1,8,116.626,1,8,-9900,?,9,-9900,?,9,28.14,E,8,22.01,E,8,69.0,E,8,1008.6016999999999,E,8,999.0,E,8,2.39,E,8,-9900,?,9,-9900,?,9,0.0,E,8,-9900,?,9,-9900,?,9,0.0,0.0,E,8
01/17/2016,15:00,1147.212,1412.605,691.25,1,8,395.132,1,8,370.402,1,8,82950.0,1,8,37537.571,1,8,40744.19,1,8,145.2,1,8,-9900,?,9,-9900,?,9,28.29,E,8,22.05,E,8,68.0,E,8,1008.6016999999999,E,8,999.0,E,8,2.56,E,8,-9900,?,9,-9900,?,9,0.0,E,8,-9900,?,9,-9900,?,9,0.0,0.0,E,8
01/17/2016,16:00,916.789,1412.605,651.48,1,8,787.332,1,8,140.703,1,8,78177.6,1,8,74796.503,1,8,15477.326,1,8,69.037,1,8,-9900,?,9,-9900,?,9,28.36,E,8,22.06,E,8,68.0,E,8,1008.6016999999999,E,8,999.0,E,8,2.06,E,8,-9900,?,9,-9900,?,9,0.0,E,8,-9900,?,9,-9900,?,9,0.0,0.0,E,8
01/17/2016,17:00,636.397,1412.605,372.11,1,8,499.118,1,8,147.509,1,8,44653.2,1,8,47416.213,1,8,16225.945,1,8,104.342,1,8,-9900,?,9,-9900,?,9,27.98,E,8,21.96,E,8,73.0,E,8,1008.6016999999999,E,8,999.0,E,8,1.66,E,8,-9900,?,9,-9900,?,9,0.006,E,8,-9900,?,9,-9900,?,9,0.06,99.0,E,8
01/17/2016,18:00,325.551,1412.605,136.63,1,8,222.277,1,8,85.664,1,8,16395.6,1,8,21116.319,1,8,9423.014,1,8,118.921,1,8,-9900,?,9,-9900,?,9,27.28,E,8,21.78,E,8,79.0,E,8,1008.6016999999999,E,8,999.0,E,8,1.66,E,8,-9900,?,9,-9900,?,9,0.318,E,8,-9900,?,9,-9900,?,9,3.18,99.0,E,8
01/17/2016,19:00,13.873,1412.605,31.41,1,8,0.0,1,8,31.41,1,8,3769.2,1,8,0.0,1,8,3455.1,1,8,6026.597,1,8,-9900,?,9,-9900,?,9,26.53,E,8,21.58,E,8,77.0,E,8,1008.6016999999999,E,8,999.0,E,8,1.66,E,8,-9900,?,9,-9900,?,9,0.026000000000000002,E,8,-9900,?,9,-9900,?,9,0.26,99.0,E,8
01/17/2016,20:00,0.0,1412.605,0.0,1,8,0.0,1,8,0.0,1,8,0.0,1,8,0.0,1,8,0.0,1,8,-0.0,1,8,-9900,?,9,-9900,?,9,25.9,E,8,21.4,E,8,79.0,E,8,1008.6016999999999,E,8,999.0,E,8,1.66,E,8,-9900,?,9,-9900,?,9,0.004,E,8,-9900,?,9,-9900,?,9,0.04,99.0,E,8
01/17/2016,21:00,0.0,1412.605,0.0,1,8,0.0,1,8,0.0,1,8,0.0,1,8,0.0,1,8,0.0,1,8,-0.0,1,8,-9900,?,9,-9900,?,9,25.28,E,8,21.23,E,8,81.0,E,8,1008.6016999999999,E,8,999.0,E,8,1.66,E,8,-9900,?,9,-9900,?,9,0.001,E,8,-9900,?,9,-9900,?,9,0.01,99.0,E,8
01/17/2016,22:00,0.0,1412.605,0.0,1,8,0.0,1,8,0.0,1,8,0.0,1,8,0.0,1,8,0.0,1,8,-0.0,1,8,-9900,?,9,-9900,?,9,24.65,E,8,21.06,E,8,82.0,E,8,1008.6016999999999,E,8,999.0,E,8,1.66,E,8,-9900,?,9,-9900,?,9,0.001,E,8,-9900,?,9,-9900,?,9,0.01,99.0,E,8
01/17/2016,23:00,0.0,1412.605,0.0,1,8,0.0,1,8,0.0,1,8,0.0,1,8,0.0,1,8,0.0,1,8,-0.0,1,8,-9900,?,9,-9900,?,9,24.02,E,8,20.88,E,8,84.0,E,8,1008.6016999999999,E,8,999.0,E,8,1.66,E,8,-9900,?,9,-9900,?,9,0.001,E,8,-9900,?,9,-9900,?,9,0.01,99.0,E,8
01/17/2016,24:00,0.0,1412.605,0.0,1,8,0.0,1,8,0.0,1,8,0.0,1,8,0.0,1,8,0.0,1,8,-0.0,1,8,-9900,?,9,-9900,?,9,23.39,E,8,20.33,E,8,82.0,E,8,1008.6016999999999,E,8,999.0,E,8,1.78,E,8,-9900,?,9,-9900,?,9,0.018,E,8,-9900,?,9,-9900,?,9,0.18,99.0,E,8
01/18/2016,01:00,0.0,1412.605,0.0,1,8,0.0,1,8,0.0,1,8,0.0,1,8,0.0,1,8,0.0,1,8,-0.0,1,8,-9900,?,9,-9900,?,9,23.08,E,8,20.28,E,8,79.0,E,8,1008.6016999999999,E,8,999.0,E,8,1.78,E,8,-9900,?,9,-9900,?,9,0.0,E,8,-9900,?,9,-9900,?,9,0.0,0.0,E,8
01/18/2016,02:00,0.0,1412.605,0.0,1,8,0.0,1,8,0.0,1,8,0.0,1,8,0.0,1,8,0.0,1,8,-0.0,1,8,-9900,?,9,-9900,?,9,22.77,E,8,20.22,E,8,80.0,E,8,1008.6016999999999,E,8,999.0,E,8,1.78,E,8,-9900,?,9,-9900,?,9,0.0,E,8,-9900,?,9,-9900,?,9,0.0,0.0,E,8
01/18/2016,03:00,0.0,1412.605,0.0,1,8,0.0,1,8,0.0,1,8,0.0,1,8,0.0,1,8,0.0,1,8,-0.0,1,8,-9900,?,9,-9900,?,9,22.45,E,8,20.16,E,8,85.0,E,8,1008.6016999999999,E,8,999.0,E,8,1.78,E,8,-9900,?,9,-9900,?,9,0.004,E,8,-9900,?,9,-9900,?,9,0.04,99.0,E,8
01/18/2016,04:00,0.0,1412.393,0.0,1,8,0.0,1,8,0.0,1,8,0.0,1,8,0.0,1,8,0.0,1,8,-0.0,1,8,-9900,?,9,-9900,?,9,22.14,E,8,20.11,E,8,86.0,E,8,1008.6016999999999,E,8,999.0,E,8,1.78,E,8,-9900,?,9,-9900,?,9,0.01,E,8,-9900,?,9,-9900,?,9,0.1,99.0,E,8
01/18/2016,05:00,0.0,1412.393,0.0,1,8,0.0,1,8,0.0,1,8,0.0,1,8,0.0,1,8,0.0,1,8,-0.0,1,8,-9900,?,9,-9900,?,9,21.86,E,8,20.06,E,8,86.0,E,8,1008.6016999999999,E,8,999.0,E,8,1.78,E,8,-9900,?,9,-9900,?,9,0.003,E,8,-9900,?,9,-9900,?,9,0.03,99.0,E,8
01/18/2016,06:00,43.529,1412.393,0.0,1,8,0.0,1,8,0.0,1,8,0.0,1,8,0.0,1,8,0.0,1,8,0.0,1,8,-9900,?,9,-9900,?,9,21.66,E,8,20.02,E,8,91.0,E,8,1008.6016999999999,E,8,999.0,E,8,1.78,E,8,-9900,?,9,-9900,?,9,0.252,E,8,-9900,?,9,-9900,?,9,2.52,99.0,E,8
01/18/2016,07:00,358.683,1412.393,58.07,1,8,0.0,1,8,58.07,1,8,6968.4,1,8,0.0,1,8,6387.7,1,8,73.089,1,8,-9900,?,9,-9900,?,9,21.45,E,8,19.98,E,8,84.0,E,8,1008.6016999999999,E,8,999.0,E,8,1.78,E,8,-9900,?,9,-9900,?,9,0.0,E,8,-9900,?,9,-9900,?,9,0.0,0.0,E,8
01/18/2016,08:00,667.41,1412.393,285.0,1,8,168.513,1,8,205.452,1,8,34200.0,1,8,16008.74,1,8,22599.732,1,8,138.537,1,8,-9900,?,9,-9900,?,9,23.26,E,8,20.31,E,8,78.0,E,8,1008.6016999999999,E,8,999.0,E,8,1.78,E,8,-9900,?,9,-9900,?,9,0.0,E,8,-9900,?,9,-9900,?,9,0.0,0.0,E,8
01/18/2016,09:00,943.471,1412.393,500.65,1,8,230.525,1,8,346.717,1,8,60078.0,1,8,21899.861,1,8,38138.838,1,8,165.276,1,8,-9900,?,9,-9900,?,9,24.42,E,8,20.52,E,8,75.0,E,8,1008.6016999999999,E,8,999.0,E,8,1.78,E,8,-9900,?,9,-9900,?,9,0.0,E,8,-9900,?,9,-9900,?,9,0.0,0.0,E,8
01/18/2016,10:00,1167.703,1412.393,683.05,1,8,378.137,1,8,370.466,1,8,81966.0,1,8,35923.046,1,8,40751.221,1,8,142.653,1,8,-9900,?,9,-9900,?,9,25.48,E,8,20.7,E,8,72.0,E,8,1008.6016999999999,E,8,999.0,E,8,1.78,E,8,-9900,?,9,-9900,?,9,0.0,E,8,-9900,?,9,-9900,?,9,0.0,0.0,E,8
01/18/2016,11:00,1324.734,1412.393,822.73,1,8,472.237,1,8,379.82,1,8,98727.6,1,8,44862.513,1,8,41780.198,1,8,128.906,1,8,-9900,?,9,-9900,?,9,26.42,E,8,20.87,E,8,69.0,E,8,1008.6016999999999,E,8,999.0,E,8,1.78,E,8,-9900,?,9,-9900,?,9,0.0,E,8,-9900,?,9,-9900,?,9,0.0,0.0,E,8
01/18/2016,12:00,1403.823,1412.393,954.57,1,8,583.553,1,8,374.56,1,8,114548.4,1,8,55437.544,1,8,41201.593,1,8,119.954,1,8,-9900,?,9,-9900,?,9,27.27,E,8,21.02,E,8,67.0,E,8,1008.6016999999999,E,8,999.0,E,8,1.78,E,8,-9900,?,9,-9900,?,9,0.0,E,8,-9900,?,9,-9900,?,9,0.0,0.0,E,8
01/18/2016,13:00,1399.559,1412.393,945.39,1,8,572.352,1,8,378.242,1,8,113446.8,1,8,54373.427,1,8,41606.652,1,8,121.503,1,8,-9900,?,9,-9900,?,9,27.87,E,8,21.12,E,8,66.0,E,8,1008.6016999999999,E,8,999.0,E,8,1.78,E,8,-9900,?,9,-9900,?,9,0.0,E,8,-9900,?,9,-9900,?,9,0.0,0.0,E,8
01/18/2016,14:00,1312.217,1412.393,885.75,1,8,615.239,1,8,314.175,1,8,106290.0,1,8,58447.673,1,8,34559.2,1,8,107.644,1,8,-9900,?,9,-9900,?,9,28.23,E,8,21.18,E,8,65.0,E,8,1008.6016999999999,E,8,999.0,E,8,1.78,E,8,-9900,?,9,-9900,?,9,0.0,E,8,-9900,?,9,-9900,?,9,0.0,0.0,E,8
01/18/2016,15:00,1147.748,1412.393,833.2,1,8,776.185,1,8,202.547,1,8,99984.0,1,8,73737.542,1,8,22280.177,1,8,79.351,1,8,-9900,?,9,-9900,?,9,28.46,E,8,21.22,E,8,64.0,E,8,1008.6016999999999,E,8,999.0,E,8,1.78,E,8,-9900,?,9,-9900,?,9,0.0,E,8,-9900,?,9,-9900,?,9,0.0,0.0,E,8
01/18/2016,16:00,917.376,1412.393,658.09,1,8,892.698,1,8,78.5,1,8,78970.8,1,8,84806.268,1,8,8634.951,1,8,38.486,1,8,-9900,?,9,-9900,?,9,28.45,E,8,21.22,E,8,64.0,E,8,1008.6016999999999,E,8,999.0,E,8,1.78,E,8,-9900,?,9,-9900,?,9,0.0,E,8,-9900,?,9,-9900,?,9,0.0,0.0,E,8
01/18/2016,17:00,636.878,1412.393,435.52,1,8,731.91,1,8,105.864,1,8,52262.4,1,8,69531.486,1,8,11645.027,1,8,74.816,1,8,-9900,?,9,-9900,?,9,28.08,E,8,21.16,E,8,65.0,E,8,1008.6016999999999,E,8,999.0,E,8,1.78,E,8,-9900,?,9,-9900,?,9,0.0,E,8,-9900,?,9,-9900,?,9,0.0,0.0,E,8
01/18/2016,18:00,325.777,1412.393,227.37,1,8,410.224,1,8,133.229,1,8,27284.4,1,8,38971.31,1,8,14655.17,1,8,184.795,1,8,-9900,?,9,-9900,?,9,27.46,E,8,21.05,E,8,67.0,E,8,1008.6016999999999,E,8,999.0,E,8,1.78,E,8,-9900,?,9,-9900,?,9,0.0,E,8,-9900,?,9,-9900,?,9,0.0,0.0,E,8
01/18/2016,19:00,13.736,1412.393,32.98,1,8,0.0,1,8,32.98,1,8,3957.6,1,8,0.0,1,8,3627.8,1,8,6782.386,1,8,-9900,?,9,-9900,?,9,26.66,E,8,20.91,E,8,72.0,E,8,1008.6016999999999,E,8,999.0,E,8,1.78,E,8,-9900,?,9,-9900,?,9,0.006,E,8,-9900,?,9,-9900,?,9,0.06,99.0,E,8
01/18/2016,20:00,0.0,1412.393,0.0,1,8,0.0,1,8,0.0,1,8,0.0,1,8,0.0,1,8,0.0,1,8,-0.0,1,8,-9900,?,9,-9900,?,9,26.06,E,8,20.81,E,8,74.0,E,8,1008.6016999999999,E,8,999.0,E,8,1.78,E,8,-9900,?,9,-9900,?,9,0.001,E,8,-9900,?,9,-9900,?,9,0.01,99.0,E,8
01/18/2016,21:00,0.0,1412.393,0.0,1,8,0.0,1,8,0.0,1,8,0.0,1,8,0.0,1,8,0.0,1,8,-0.0,1,8,-9900,?,9,-9900,?,9,25.46,E,8,20.7,E,8,76.0,E,8,1008.6016999999999,E,8,999.0,E,8,1.78,E,8,-9900,?,9,-9900,?,9,0.001,E,8,-9900,?,9,-9900,?,9,0.01,99.0,E,8
01/18/2016,22:00,0.0,1412.393,0.0,1,8,0.0,1,8,0.0,1,8,0.0,1,8,0.0,1,8,0.0,1,8,-0.0,1,8,-9900,?,9,-9900,?,9,24.86,E,8,20.59,E,8,77.0,E,8,1008.6016999999999,E,8,999.0,E,8,1.78,E,8,-9900,?,9,-9900,?,9,0.002,E,8,-9900,?,9,-9900,?,9,0.02,99.0,E,8
01/18/2016,23:00,0.0,1412.393,0.0,1,8,0.0,1,8,0.0,1,8,0.0,1,8,0.0,1,8,0.0,1,8,-0.0,1,8,-9900,?,9,-9900,?,9,24.26,E,8,20.49,E,8,79.0,E,8,1008.6016999999999,E,8,999.0,E,8,1.78,E,8,-9900,?,9,-9900,?,9,0.002,E,8,-9900,?,9,-9900,?,9,0.02,99.0,E,8
01/18/2016,24:00,0.0,1412.393,0.0,1,8,0.0,1,8,0.0,1,8,0.0,1,8,0.0,1,8,0.0,1,8,-0.0,1,8,-9900,?,9,-9900,?,9,23.66,E,8,20.09,E,8,80.0,E,8,1008.6016999999999,E,8,999.0,E,8,1.78,E,8,-9900,?,9,-9900,?,9,0.0,E,8,-9900,?,9,-9900,?,9,0.0,0.0,E,8
01/19/2016,01:00,0.0,1412.393,0.0,1,8,0.0,1,8,0.0,1,8,0.0,1,8,0.0,1,8,0.0,1,8,-0.0,1,8,-9900,?,9,-9900,?,9,23.36,E,8,20.03,E,8,81.0,E,8,1008.6016999999999,E,8,999.0,E,8,1.78,E,8,-9900,?,9,-9900,?,9,0.0,E,8,-9900,?,9,-9900,?,9,0.0,0.0,E,8
01/19/2016,02:00,0.0,1412.393,0.0,1,8,0.0,1,8,0.0,1,8,0.0,1,8,0.0,1,8,0.0,1,8,-0.0,1,8,-9900,?,9,-9900,?,9,23.06,E,8,19.98,E,8,82.0,E,8,1008.6016999999999,E,8,999.0,E,8,1.78,E,8,-9900,?,9,-9900,?,9,0.0,E,8,-9900,?,9,-9900,?,9,0.0,0.0,E,8
01/19/2016,03:00,0.0,1412.393,0.0,1,8,0.0,1,8,0.0,1,8,0.0,1,8,0.0,1,8,0.0,1,8,-0.0,1,8,-9900,?,9,-9900,?,9,22.76,E,8,19.92,E,8,83.0,E,8,1008.6016999999999,E,8,999.0,E,8,1.78,E,8,-9900,?,9,-9900,?,9,0.0,E,8,-9900,?,9,-9900,?,9,0.0,0.0,E,8
01/19/2016,04:00,0.0,1412.167,0.0,1,8,0.0,1,8,0.0,1,8,0.0,1,8,0.0,1,8,0.0,1,8,-0.0,1,8,-9900,?,9,-9900,?,9,22.46,E,8,19.86,E,8,85.0,E,8,1008.6016999999999,E,8,999.0,E,8,1.78,E,8,-9900,?,9,-9900,?,9,0.0,E,8,-9900,?,9,-9900,?,9,0.0,0.0,E,8
01/19/2016,05:00,0.0,1412.167,0.0,1,8,0.0,1,8,0.0,1,8,0.0,1,8,0.0,1,8,0.0,1,8,-0.0,1,8,-9900,?,9,-9900,?,9,22.19,E,8,19.8,E,8,86.0,E,8,1008.6016999999999,E,8,999.0,E,8,1.78,E,8,-9900,?,9,-9900,?,9,0.0,E,8,-9900,?,9,-9900,?,9,0.0,0.0,E,8
01/19/2016,06:00,40.235,1412.167,0.0,1,8,0.0,1,8,0.0,1,8,0.0,1,8,0.0,1,8,0.0,1,8,0.0,1,8,-9900,?,9,-9900,?,9,21.99,E,8,19.76,E,8,87.0,E,8,1008.6016999999999,E,8,999.0,E,8,1.78,E,8,-9900,?,9,-9900,?,9,0.0,E,8,-9900,?,9,-9900,?,9,0.0,0.0,E,8
01/19/2016,07:00,355.485,1412.167,52.47,1,8,0.0,1,8,52.47,1,8,6296.4,1,8,0.0,1,8,5771.7,1,8,66.629,1,8,-9900,?,9,-9900,?,9,21.79,E,8,19.72,E,8,88.0,E,8,1008.6016999999999,E,8,999.0,E,8,1.78,E,8,-9900,?,9,-9900,?,9,0.0,E,8,-9900,?,9,-9900,?,9,0.0,0.0,E,8
01/19/2016,08:00,664.686,1412.167,276.78,1,8,152.565,1,8,205.044,1,8,33213.6,1,8,14493.639,1,8,22554.826,1,8,138.807,1,8,-9900,?,9,-9900,?,9,23.43,E,8,20.05,E,8,81.0,E,8,1008.6016999999999,E,8,999.0,E,8,1.78,E,8,-9900,?,9,-9900,?,9,0.0,E,8,-9900,?,9,-9900,?,9,0.0,0.0,E,8
01/19/2016,09:00,941.298,1412.167,509.59,1,8,298.38,1,8,310.774,1,8,61150.8,1,8,28346.064,1,8,34185.165,1,8,148.461,1,8,-9900,?,9,-9900,?,9,24.58,E,8,20.28,E,8,76.0,E,8,1008.6016999999999,E,8,999.0,E,8,1.78,E,8,-9900,?,9,-9900,?,9,0.0,E,8,-9900,?,9,-9900,?,9,0.0,0.0,E,8
01/19/2016,10:00,1166.113,1412.167,706.07,1,8,412.794,1,8,365.248,1,8,84728.4,1,8,39215.417,1,8,40177.229,1,8,140.813,1,8,-9900,?,9,-9900,?,9,25.65,E,8,20.48,E,8,73.0,E,8,1008.6016999999999,E,8,999.0,E,8,1.78,E,8,-9900,?,9,-9900,?,9,0.0,E,8,-9900,?,9,-9900,?,9,0.0,0.0,E,8
01/19/2016,11:00,1323.717,1412.167,863.51,1,8,565.958,1,8,333.022,1,8,103621.2,1,8,53765.989,1,8,36632.416,1,8,113.092,1,8,-9900,?,9,-9900,?,9,26.6,E,8,20.67,E,8,69.0,E,8,1008.6016999999999,E,8,999.0,E,8,1.78,E,8,-9900,?,9,-9900,?,9,0.0,E,8,-9900,?,9,-9900,?,9,0.0,0.0,E,8
01/19/2016,12:00,1403.331,1412.167,956.26,1,8,586.661,1,8,373.272,1,8,114751.2,1,8,55732.813,1,8,41059.878,1,8,119.565,1,8,-9900,?,9,-9900,?,9,27.39,E,8,20.82,E,8,67.0,E,8,1008.6016999999999,E,8,999.0,E,8,1.78,E,8,-9900,?,9,-9900,?,9,0.0,E,8,-9900,?,9,-9900,?,9,0.0,0.0,E,8
01/19/2016,13:00,1399.506,1412.167,1004.08,1,8,653.084,1,8,356.855,1,8,120489.6,1,8,62042.955,1,8,39254.041,1,8,114.619,1,8,-9900,?,9,-9900,?,9,28.02,E,8,20.94,E,8,65.0,E,8,1008.6016999999999,E,8,999.0,E,8,1.78,E,8,-9900,?,9,-9900,?,9,0.0,E,8,-9900,?,9,-9900,?,9,0.0,0.0,E,8
01/19/2016,14:00,1312.489,1412.167,966.28,1,8,784.575,1,8,237.118,1,8,115953.6,1,8,74534.603,1,8,26083.021,1,8,81.213,1,8,-9900,?,9,-9900,?,9,28.45,E,8,21.02,E,8,64.0,E,8,1008.6016999999999,E,8,999.0,E,8,1.78,E,8,-9900,?,9,-9900,?,9,0.0,E,8,-9900,?,9,-9900,?,9,0.0,0.0,E,8
01/19/2016,15:00,1148.206,1412.167,851.74,1,8,892.953,1,8,125.807,1,8,102208.8,1,8,84830.557,1,8,13838.717,1,8,49.259,1,8,-9900,?,9,-9900,?,9,28.65,E,8,21.05,E,8,63.0,E,8,1008.6016999999999,E,8,999.0,E,8,1.78,E,8,-9900,?,9,-9900,?,9,0.0,E,8,-9900,?,9,-9900,?,9,0.0,0.0,E,8
01/19/2016,16:00,917.868,1412.167,694.56,1,8,950.5,1,8,77.011,1,8,83347.2,1,8,90297.458,1,8,8471.174,1,8,37.73,1,8,-9900,?,9,-9900,?,9,28.66,E,8,21.06,E,8,63.0,E,8,1008.6016999999999,E,8,999.0,E,8,1.78,E,8,-9900,?,9,-9900,?,9,0.0,E,8,-9900,?,9,-9900,?,9,0.0,0.0,E,8
01/19/2016,17:00,637.251,1412.167,478.1,1,8,771.122,1,8,130.523,1,8,57372.0,1,8,73256.603,1,8,14357.485,1,8,92.174,1,8,-9900,?,9,-9900,?,9,28.33,E,8,20.99,E,8,64.0,E,8,1008.6016999999999,E,8,999.0,E,8,1.78,E,8,-9900,?,9,-9900,?,9,0.0,E,8,-9900,?,9,-9900,?,9,0.0,0.0,E,8
01/19/2016,18:00,325.887,1412.167,242.73,1,8,406.608,1,8,149.372,1,8,29127.6,1,8,38627.8,1,8,16430.887,1,8,207.082,1,8,-9900,?,9,-9900,?,9,27.73,E,8,20.88,E,8,66.0,E,8,1008.6016999999999,E,8,999.0,E,8,1.78,E,8,-9900,?,9,-9900,?,9,0.0,E,8,-9900,?,9,-9900,?,9,0.0,0.0,E,8
01/19/2016,19:00,13.494,1412.167,35.89,1,8,0.0,1,8,35.89,1,8,4306.8,1,8,0.0,1,8,3947.9,1,8,8461.132,1,8,-9900,?,9,-9900,?,9,26.95,E,8,20.73,E,8,68.0,E,8,1008.6016999999999,E,8,999.0,E,8,1.78,E,8,-9900,?,9,-9900,?,9,0.0,E,8,-9900,?,9,-9900,?,9,0.0,0.0,E,8
01/19/2016,20:00,0.0,1412.167,0.0,1,8,0.0,1,8,0.0,1,8,0.0,1,8,0.0,1,8,0.0,1,8,-0.0,1,8,-9900,?,9,-9900,?,9,26.32,E,8,20.61,E,8,70.0,E,8,1008.6016999999999,E,8,999.0,E,8,1.78,E,8,-9900,?,9,-9900,?,9,0.0,E,8,-9900,?,9,-9900,?,9,0.0,0.0,E,8
01/19/2016,21:00,0.0,1412.167,0.0,1,8,0.0,1,8,0.0,1,8,0.0,1,8,0.0,1,8,0.0,1,8,-0.0,1,8,-9900,?,9,-9900,?,9,25.7,E,8,20.49,E,8,72.0,E,8,1008.6016999999999,E,8,999.0,E,8,1.78,E,8,-9900,?,9,-9900,?,9,0.0,E,8,-9900,?,9,-9900,?,9,0.0,0.0,E,8
01/19/2016,22:00,0.0,1412.167,0.0,1,8,0.0,1,8,0.0,1,8,0.0,1,8,0.0,1,8,0.0,1,8,-0.0,1,8,-9900,?,9,-9900,?,9,25.07,E,8,20.37,E,8,75.0,E,8,1008.6016999999999,E,8,999.0,E,8,1.78,E,8,-9900,?,9,-9900,?,9,0.0,E,8,-9900,?,9,-9900,?,9,0.0,0.0,E,8
01/19/2016,23:00,0.0,1412.167,0.0,1,8,0.0,1,8,0.0,1,8,0.0,1,8,0.0,1,8,0.0,1,8,-0.0,1,8,-9900,?,9,-9900,?,9,24.44,E,8,20.25,E,8,77.0,E,8,1008.6016999999999,E,8,999.0,E,8,1.78,E,8,-9900,?,9,-9900,?,9,0.0,E,8,-9900,?,9,-9900,?,9,0.0,0.0,E,8
01/19/2016,24:00,0.0,1412.167,0.0,1,8,0.0,1,8,0.0,1,8,0.0,1,8,0.0,1,8,0.0,1,8,-0.0,1,8,-9900,?,9,-9900,?,9,23.82,E,8,20.92,E,8,83.0,E,8,1008.6016999999999,E,8,999.0,E,8,1.78,E,8,-9900,?,9,-9900,?,9,0.020999999999999998,E,8,-9900,?,9,-9900,?,9,0.21,99.0,E,8
01/20/2016,01:00,0.0,1412.167,0.0,1,8,0.0,1,8,0.0,1,8,0.0,1,8,0.0,1,8,0.0,1,8,-0.0,1,8,-9900,?,9,-9900,?,9,23.5,E,8,20.89,E,8,84.0,E,8,1008.6016999999999,E,8,999.0,E,8,1.78,E,8,-9900,?,9,-9900,?,9,0.048,E,8,-9900,?,9,-9900,?,9,0.48,99.0,E,8
01/20/2016,02:00,0.0,1412.167,0.0,1,8,0.0,1,8,0.0,1,8,0.0,1,8,0.0,1,8,0.0,1,8,-0.0,1,8,-9900,?,9,-9900,?,9,23.19,E,8,20.85,E,8,93.0,E,8,1008.6016999999999,E,8,999.0,E,8,1.78,E,8,-9900,?,9,-9900,?,9,0.529,E,8,-9900,?,9,-9900,?,9,5.29,99.0,E,8
01/20/2016,03:00,0.0,1412.167,0.0,1,8,0.0,1,8,0.0,1,8,0.0,1,8,0.0,1,8,0.0,1,8,-0.0,1,8,-9900,?,9,-9900,?,9,22.88,E,8,20.81,E,8,86.0,E,8,1008.6016999999999,E,8,999.0,E,8,1.78,E,8,-9900,?,9,-9900,?,9,0.002,E,8,-9900,?,9,-9900,?,9,0.02,99.0,E,8
01/20/2016,04:00,0.0,1411.927,0.0,1,8,0.0,1,8,0.0,1,8,0.0,1,8,0.0,1,8,0.0,1,8,-0.0,1,8,-9900,?,9,-9900,?,9,22.56,E,8,20.78,E,8,87.0,E,8,1008.6016999999999,E,8,999.0,E,8,1.78,E,8,-9900,?,9,-9900,?,9,0.001,E,8,-9900,?,9,-9900,?,9,0.01,99.0,E,8
01/20/2016,05:00,0.0,1411.927,0.0,1,8,0.0,1,8,0.0,1,8,0.0,1,8,0.0,1,8,0.0,1,8,-0.0,1,8,-9900,?,9,-9900,?,9,22.29,E,8,20.74,E,8,88.0,E,8,1008.6016999999999,E,8,999.0,E,8,1.78,E,8,-9900,?,9,-9900,?,9,0.005,E,8,-9900,?,9,-9900,?,9,0.05,99.0,E,8
01/20/2016,06:00,36.962,1411.927,0.0,1,8,0.0,1,8,0.0,1,8,0.0,1,8,0.0,1,8,0.0,1,8,0.0,1,8,-9900,?,9,-9900,?,9,22.08,E,8,20.72,E,8,89.0,E,8,1008.6016999999999,E,8,999.0,E,8,1.78,E,8,-9900,?,9,-9900,?,9,0.004,E,8,-9900,?,9,-9900,?,9,0.04,99.0,E,8
01/20/2016,07:00,352.295,1411.927,32.59,1,8,0.0,1,8,32.59,1,8,3910.8,1,8,0.0,1,8,3584.9,1,8,41.756,1,8,-9900,?,9,-9900,?,9,21.87,E,8,20.69,E,8,90.0,E,8,1008.6016999999999,E,8,999.0,E,8,1.78,E,8,-9900,?,9,-9900,?,9,0.006,E,8,-9900,?,9,-9900,?,9,0.06,99.0,E,8
01/20/2016,08:00,661.97,1411.927,176.2,1,8,14.645,1,8,169.341,1,8,21144.0,1,8,1391.269,1,8,18627.506,1,8,115.09,1,8,-9900,?,9,-9900,?,9,23.43,E,8,20.88,E,8,84.0,E,8,1008.6016999999999,E,8,999.0,E,8,1.78,E,8,-9900,?,9,-9900,?,9,0.012,E,8,-9900,?,9,-9900,?,9,0.12,99.0,E,8
01/20/2016,09:00,939.13,1411.927,329.8,1,8,45.385,1,8,299.624,1,8,39576.0,1,8,4311.556,1,8,32958.627,1,8,143.441,1,8,-9900,?,9,-9900,?,9,24.55,E,8,21.01,E,8,80.0,E,8,1008.6016999999999,E,8,999.0,E,8,1.78,E,8,-9900,?,9,-9900,?,9,0.028999999999999998,E,8,-9900,?,9,-9900,?,9,0.29,99.0,E,8
01/20/2016,10:00,1164.52,1411.927,465.06,1,8,61.429,1,8,414.402,1,8,55807.2,1,8,5835.731,1,8,45584.241,1,8,159.955,1,8,-9900,?,9,-9900,?,9,25.61,E,8,21.13,E,8,77.0,E,8,1008.6016999999999,E,8,999.0,E,8,1.78,E,8,-9900,?,9,-9900,?,9,0.01,E,8,-9900,?,9,-9900,?,9,0.1,99.0,E,8
01/20/2016,11:00,1322.686,1411.927,569.31,1,8,61.126,1,8,512.05,1,8,68317.2,1,8,5806.958,1,8,56325.491,1,8,173.995,1,8,-9900,?,9,-9900,?,9,26.56,E,8,21.24,E,8,70.0,E,8,1008.6016999999999,E,8,999.0,E,8,1.78,E,8,-9900,?,9,-9900,?,9,0.0,E,8,-9900,?,9,-9900,?,9,0.0,0.0,E,8
01/20/2016,12:00,1402.81,1411.927,634.36,1,8,70.773,1,8,564.045,1,8,76123.2,1,8,6723.405,1,8,62044.9,1,8,180.708,1,8,-9900,?,9,-9900,?,9,27.35,E,8,21.33,E,8,68.0,E,8,1008.6016999999999,E,8,999.0,E,8,1.78,E,8,-9900,?,9,-9900,?,9,0.0,E,8,-9900,?,9,-9900,?,9,0.0,0.0,E,8
01/20/2016,13:00,1399.408,1411.927,655.32,1,8,81.71,1,8,574.334,1,8,78638.4,1,8,7762.493,1,8,63176.79,1,8,184.453,1,8,-9900,?,9,-9900,?,9,27.97,E,8,21.41,E,8,67.0,E,8,1008.6016999999999,E,8,999.0,E,8,1.78,E,8,-9900,?,9,-9900,?,9,0.0,E,8,-9900,?,9,-9900,?,9,0.0,0.0,E,8
01/20/2016,14:00,1312.697,1411.927,630.7,1,8,95.925,1,8,541.52,1,8,75684.0,1,8,9112.895,1,8,59567.253,1,8,185.41,1,8,-9900,?,9,-9900,?,9,28.38,E,8,21.45,E,8,69.0,E,8,1008.6016999999999,E,8,999.0,E,8,1.78,E,8,-9900,?,9,-9900,?,9,0.001,E,8,-9900,?,9,-9900,?,9,0.01,99.0,E,8
01/20/2016,15:00,1148.582,1411.927,562.25,1,8,140.979,1,8,447.582,1,8,67470.0,1,8,13393.04,1,8,49234.075,1,8,175.161,1,8,-9900,?,9,-9900,?,9,28.59,E,8,21.48,E,8,65.0,E,8,1008.6016999999999,E,8,999.0,E,8,1.78,E,8,-9900,?,9,-9900,?,9,0.0,E,8,-9900,?,9,-9900,?,9,0.0,0.0,E,8
01/20/2016,16:00,918.264,1411.927,455.1,1,8,144.938,1,8,360.875,1,8,54612.0,1,8,13769.156,1,8,39696.27,1,8,176.696,1,8,-9900,?,9,-9900,?,9,28.59,E,8,21.48,E,8,65.0,E,8,1008.6016999999999,E,8,999.0,E,8,1.78,E,8,-9900,?,9,-9900,?,9,0.0,E,8,-9900,?,9,-9900,?,9,0.0,0.0,E,8
01/20/2016,17:00,637.516,1411.927,317.73,1,8,289.438,1,8,187.191,1,8,38127.6,1,8,27496.619,1,8,20591.033,1,8,132.115,1,8,-9900,?,9,-9900,?,9,28.29,E,8,21.44,E,8,70.0,E,8,1008.6016999999999,E,8,999.0,E,8,1.78,E,8,-9900,?,9,-9900,?,9,0.008,E,8,-9900,?,9,-9900,?,9,0.08,99.0,E,8
01/20/2016,18:00,325.88,1411.927,163.33,1,8,423.067,1,8,66.178,1,8,19599.6,1,8,40191.346,1,8,7279.597,1,8,91.732,1,8,-9900,?,9,-9900,?,9,27.7,E,8,21.37,E,8,71.0,E,8,1008.6016999999999,E,8,999.0,E,8,1.78,E,8,-9900,?,9,-9900,?,9,0.002,E,8,-9900,?,9,-9900,?,9,0.02,99.0,E,8
01/20/2016,19:00,13.147,1411.927,23.76,1,8,0.0,1,8,23.76,1,8,2851.2,1,8,0.0,1,8,2613.6,1,8,7095.204,1,8,-9900,?,9,-9900,?,9,26.94,E,8,21.29,E,8,73.0,E,8,1008.6016999999999,E,8,999.0,E,8,1.78,E,8,-9900,?,9,-9900,?,9,0.016,E,8,-9900,?,9,-9900,?,9,0.16,99.0,E,8
01/20/2016,20:00,0.0,1411.927,0.0,1,8,0.0,1,8,0.0,1,8,0.0,1,8,0.0,1,8,0.0,1,8,-0.0,1,8,-9900,?,9,-9900,?,9,26.32,E,8,21.22,E,8,75.0,E,8,1008.6016999999999,E,8,999.0,E,8,1.78,E,8,-9900,?,9,-9900,?,9,0.003,E,8,-9900,?,9,-9900,?,9,0.03,99.0,E,8
01/20/2016,21:00,0.0,1411.927,0.0,1,8,0.0,1,8,0.0,1,8,0.0,1,8,0.0,1,8,0.0,1,8,-0.0,1,8,-9900,?,9,-9900,?,9,25.7,E,8,21.14,E,8,77.0,E,8,1008.6016999999999,E,8,999.0,E,8,1.78,E,8,-9900,?,9,-9900,?,9,0.001,E,8,-9900,?,9,-9900,?,9,0.01,99.0,E,8
01/20/2016,22:00,0.0,1411.927,0.0,1,8,0.0,1,8,0.0,1,8,0.0,1,8,0.0,1,8,0.0,1,8,-0.0,1,8,-9900,?,9,-9900,?,9,25.09,E,8,21.07,E,8,75.0,E,8,1008.6016999999999,E,8,999.0,E,8,1.78,E,8,-9900,?,9,-9900,?,9,0.0,E,8,-9900,?,9,-9900,?,9,0.0,0.0,E,8
01/20/2016,23:00,0.0,1411.927,0.0,1,8,0.0,1,8,0.0,1,8,0.0,1,8,0.0,1,8,0.0,1,8,-0.0,1,8,-9900,?,9,-9900,?,9,24.47,E,8,21.0,E,8,81.0,E,8,1008.6016999999999,E,8,999.0,E,8,1.78,E,8,-9900,?,9,-9900,?,9,0.003,E,8,-9900,?,9,-9900,?,9,0.03,99.0,E,8
01/20/2016,24:00,0.0,1411.927,0.0,1,8,0.0,1,8,0.0,1,8,0.0,1,8,0.0,1,8,0.0,1,8,-0.0,1,8,-9900,?,9,-9900,?,9,23.85,E,8,21.45,E,8,85.0,E,8,1008.6016999999999,E,8,999.0,E,8,1.74,E,8,-9900,?,9,-9900,?,9,0.013000000000000001,E,8,-9900,?,9,-9900,?,9,0.13,99.0,E,8
01/21/2016,01:00,0.0,1411.927,0.0,1,8,0.0,1,8,0.0,1,8,0.0,1,8,0.0,1,8,0.0,1,8,-0.0,1,8,-9900,?,9,-9900,?,9,23.54,E,8,21.42,E,8,86.0,E,8,1008.6016999999999,E,8,999.0,E,8,1.74,E,8,-9900,?,9,-9900,?,9,0.005,E,8,-9900,?,9,-9900,?,9,0.05,99.0,E,8
01/21/2016,02:00,0.0,1411.927,0.0,1,8,0.0,1,8,0.0,1,8,0.0,1,8,0.0,1,8,0.0,1,8,-0.0,1,8,-9900,?,9,-9900,?,9,23.23,E,8,21.4,E,8,88.0,E,8,1008.6016999999999,E,8,999.0,E,8,1.74,E,8,-9900,?,9,-9900,?,9,0.001,E,8,-9900,?,9,-9900,?,9,0.01,99.0,E,8
01/21/2016,03:00,0.0,1411.927,0.0,1,8,0.0,1,8,0.0,1,8,0.0,1,8,0.0,1,8,0.0,1,8,-0.0,1,8,-9900,?,9,-9900,?,9,22.93,E,8,21.38,E,8,90.0,E,8,1008.6016999999999,E,8,999.0,E,8,1.74,E,8,-9900,?,9,-9900,?,9,0.008,E,8,-9900,?,9,-9900,?,9,0.08,99.0,E,8
01/21/2016,04:00,0.0,1411.672,0.0,1,8,0.0,1,8,0.0,1,8,0.0,1,8,0.0,1,8,0.0,1,8,-0.0,1,8,-9900,?,9,-9900,?,9,22.62,E,8,21.35,E,8,92.0,E,8,1008.6016999999999,E,8,999.0,E,8,1.74,E,8,-9900,?,9,-9900,?,9,0.002,E,8,-9900,?,9,-9900,?,9,0.02,99.0,E,8
01/21/2016,05:00,0.0,1411.672,0.0,1,8,0.0,1,8,0.0,1,8,0.0,1,8,0.0,1,8,0.0,1,8,-0.0,1,8,-9900,?,9,-9900,?,9,22.34,E,8,21.33,E,8,93.0,E,8,1008.6016999999999,E,8,999.0,E,8,1.74,E,8,-9900,?,9,-9900,?,9,0.001,E,8,-9900,?,9,-9900,?,9,0.01,99.0,E,8
01/21/2016,06:00,33.712,1411.672,0.0,1,8,0.0,1,8,0.0,1,8,0.0,1,8,0.0,1,8,0.0,1,8,0.0,1,8,-9900,?,9,-9900,?,9,22.14,E,8,21.32,E,8,94.0,E,8,1008.6016999999999,E,8,999.0,E,8,1.74,E,8,-9900,?,9,-9900,?,9,0.01,E,8,-9900,?,9,-9900,?,9,0.1,99.0,E,8
01/21/2016,07:00,349.115,1411.672,34.44,1,8,0.0,1,8,34.44,1,8,4132.8,1,8,0.0,1,8,3788.4,1,8,44.523,1,8,-9900,?,9,-9900,?,9,21.94,E,8,21.3,E,8,96.0,E,8,1008.6016999999999,E,8,999.0,E,8,1.74,E,8,-9900,?,9,-9900,?,9,0.004,E,8,-9900,?,9,-9900,?,9,0.04,99.0,E,8
01/21/2016,08:00,659.264,1411.672,235.33,1,8,84.143,1,8,196.076,1,8,28239.6,1,8,7993.552,1,8,21568.329,1,8,133.784,1,8,-9900,?,9,-9900,?,9,24.19,E,8,21.47,E,8,77.0,E,8,1008.6016999999999,E,8,999.0,E,8,1.74,E,8,-9900,?,9,-9900,?,9,0.0,E,8,-9900,?,9,-9900,?,9,0.0,0.0,E,8
01/21/2016,09:00,936.967,1411.672,297.11,1,8,27.11,1,8,279.123,1,8,35653.2,1,8,2575.451,1,8,30703.532,1,8,133.911,1,8,-9900,?,9,-9900,?,9,25.09,E,8,21.54,E,8,78.0,E,8,1008.6016999999999,E,8,999.0,E,8,1.74,E,8,-9900,?,9,-9900,?,9,0.025,E,8,-9900,?,9,-9900,?,9,0.25,99.0,E,8
01/21/2016,10:00,1162.923,1411.672,229.12,1,8,2.793,1,8,226.82,1,8,27494.4,1,8,265.291,1,8,24950.184,1,8,87.655,1,8,-9900,?,9,-9900,?,9,25.26,E,8,21.55,E,8,77.0,E,8,1008.6016999999999,E,8,999.0,E,8,1.74,E,8,-9900,?,9,-9900,?,9,0.031,E,8,-9900,?,9,-9900,?,9,0.31,99.0,E,8
01/21/2016,11:00,1321.639,1411.672,259.64,1,8,5.668,1,8,254.333,1,8,31156.8,1,8,538.497,1,8,27976.668,1,8,86.475,1,8,-9900,?,9,-9900,?,9,25.46,E,8,21.57,E,8,76.0,E,8,1008.6016999999999,E,8,999.0,E,8,1.74,E,8,-9900,?,9,-9900,?,9,0.056999999999999995,E,8,-9900,?,9,-9900,?,9,0.57,99.0,E,8
01/21/2016,12:00,1402.258,1411.672,246.21,1,8,3.811,1,8,242.425,1,8,29545.2,1,8,362.005,1,8,26666.733,1,8,77.685,1,8,-9900,?,9,-9900,?,9,25.56,E,8,21.57,E,8,76.0,E,8,1008.6016999999999,E,8,999.0,E,8,1.74,E,8,-9900,?,9,-9900,?,9,0.016,E,8,-9900,?,9,-9900,?,9,0.16,99.0,E,8
01/21/2016,13:00,1399.262,1411.672,291.26,1,8,2.293,1,8,288.987,1,8,34951.2,1,8,217.83,1,8,31788.594,1,8,92.804,1,8,-9900,?,9,-9900,?,9,25.73,E,8,21.59,E,8,75.0,E,8,1008.6016999999999,E,8,999.0,E,8,1.74,E,8,-9900,?,9,-9900,?,9,0.047,E,8,-9900,?,9,-9900,?,9,0.47,99.0,E,8
01/21/2016,14:00,1312.84,1411.672,203.87,1,8,7.775,1,8,196.64,1,8,24464.4,1,8,738.596,1,8,21630.395,1,8,67.308,1,8,-9900,?,9,-9900,?,9,25.68,E,8,21.58,E,8,75.0,E,8,1008.6016999999999,E,8,999.0,E,8,1.74,E,8,-9900,?,9,-9900,?,9,0.06899999999999999,E,8,-9900,?,9,-9900,?,9,0.69,99.0,E,8
01/21/2016,15:00,1148.877,1411.672,472.75,1,8,99.851,1,8,391.499,1,8,56730.0,1,8,9485.83,1,8,43064.935,1,8,153.146,1,8,-9900,?,9,-9900,?,9,26.14,E,8,21.62,E,8,79.0,E,8,1008.6016999999999,E,8,999.0,E,8,2.23,E,8,-9900,?,9,-9900,?,9,0.24100000000000002,E,8,-9900,?,9,-9900,?,9,2.41,99.0,E,8
01/21/2016,16:00,918.563,1411.672,354.66,1,8,66.46,1,8,311.432,1,8,42559.2,1,8,6313.742,1,8,34257.52,1,8,152.409,1,8,-9900,?,9,-9900,?,9,26.31,E,8,21.63,E,8,78.0,E,8,1008.6016999999999,E,8,999.0,E,8,1.8,E,8,-9900,?,9,-9900,?,9,0.133,E,8,-9900,?,9,-9900,?,9,1.33,99.0,E,8
01/21/2016,17:00,637.673,1411.672,179.07,1,8,21.875,1,8,169.2,1,8,21488.4,1,8,2078.122,1,8,18612.001,1,8,119.366,1,8,-9900,?,9,-9900,?,9,26.1,E,8,21.61,E,8,79.0,E,8,1008.6016999999999,E,8,999.0,E,8,2.1,E,8,-9900,?,9,-9900,?,9,0.10500000000000001,E,8,-9900,?,9,-9900,?,9,1.05,99.0,E,8
01/21/2016,18:00,325.755,1411.672,155.9,1,8,301.451,1,8,86.69,1,8,18708.0,1,8,28637.812,1,8,9535.875,1,8,120.189,1,8,-9900,?,9,-9900,?,9,25.87,E,8,21.6,E,8,80.0,E,8,1008.6016999999999,E,8,999.0,E,8,1.74,E,8,-9900,?,9,-9900,?,9,0.389,E,8,-9900,?,9,-9900,?,9,3.89,99.0,E,8
01/21/2016,19:00,12.696,1411.672,31.56,1,8,0.0,1,8,31.56,1,8,3787.2,1,8,0.0,1,8,3471.6,1,8,14455.086,1,8,-9900,?,9,-9900,?,9,25.4,E,8,21.56,E,8,82.0,E,8,1008.6016999999999,E,8,999.0,E,8,1.74,E,8,-9900,?,9,-9900,?,9,0.174,E,8,-9900,?,9,-9900,?,9,1.74,99.0,E,8
01/21/2016,20:00,0.0,1411.672,0.0,1,8,0.0,1,8,0.0,1,8,0.0,1,8,0.0,1,8,0.0,1,8,-0.0,1,8,-9900,?,9,-9900,?,9,24.72,E,8,21.51,E,8,91.0,E,8,1008.6016999999999,E,8,999.0,E,8,1.74,E,8,-9900,?,9,-9900,?,9,4.1240000000000006,E,8,-9900,?,9,-9900,?,9,41.24,99.0,E,8
01/21/2016,21:00,0.0,1411.672,0.0,1,8,0.0,1,8,0.0,1,8,0.0,1,8,0.0,1,8,0.0,1,8,-0.0,1,8,-9900,?,9,-9900,?,9,24.04,E,8,21.46,E,8,84.0,E,8,1008.6016999999999,E,8,999.0,E,8,1.74,E,8,-9900,?,9,-9900,?,9,0.08499999999999999,E,8,-9900,?,9,-9900,?,9,0.85,99.0,E,8
01/21/2016,22:00,0.0,1411.672,0.0,1,8,0.0,1,8,0.0,1,8,0.0,1,8,0.0,1,8,0.0,1,8,-0.0,1,8,-9900,?,9,-9900,?,9,23.36,E,8,21.41,E,8,87.0,E,8,1008.6016999999999,E,8,999.0,E,8,1.74,E,8,-9900,?,9,-9900,?,9,0.020999999999999998,E,8,-9900,?,9,-9900,?,9,0.21,99.0,E,8
01/21/2016,23:00,0.0,1411.672,0.0,1,8,0.0,1,8,0.0,1,8,0.0,1,8,0.0,1,8,0.0,1,8,-0.0,1,8,-9900,?,9,-9900,?,9,22.68,E,8,21.36,E,8,91.0,E,8,1008.6016999999999,E,8,999.0,E,8,1.74,E,8,-9900,?,9,-9900,?,9,0.038,E,8,-9900,?,9,-9900,?,9,0.38,99.0,E,8
01/21/2016,24:00,0.0,1411.672,0.0,1,8,0.0,1,8,0.0,1,8,0.0,1,8,0.0,1,8,0.0,1,8,-0.0,1,8,-9900,?,9,-9900,?,9,22.0,E,8,20.13,E,8,90.0,E,8,1008.6016999999999,E,8,999.0,E,8,1.42,E,8,-9900,?,9,-9900,?,9,0.141,E,8,-9900,?,9,-9900,?,9,1.41,99.0,E,8
01/22/2016,01:00,0.0,1411.672,0.0,1,8,0.0,1,8,0.0,1,8,0.0,1,8,0.0,1,8,0.0,1,8,-0.0,1,8,-9900,?,9,-9900,?,9,21.66,E,8,20.07,E,8,95.0,E,8,1008.6016999999999,E,8,999.0,E,8,1.42,E,8,-9900,?,9,-9900,?,9,0.731,E,8,-9900,?,9,-9900,?,9,7.31,99.0,E,8
01/22/2016,02:00,0.0,1411.672,0.0,1,8,0.0,1,8,0.0,1,8,0.0,1,8,0.0,1,8,0.0,1,8,-0.0,1,8,-9900,?,9,-9900,?,9,21.32,E,8,20.0,E,8,96.0,E,8,1008.6016999999999,E,8,999.0,E,8,1.42,E,8,-9900,?,9,-9900,?,9,12.519,E,8,-9900,?,9,-9900,?,9,125.19,99.0,E,8
01/22/2016,03:00,0.0,1411.672,0.0,1,8,0.0,1,8,0.0,1,8,0.0,1,8,0.0,1,8,0.0,1,8,-0.0,1,8,-9900,?,9,-9900,?,9,20.98,E,8,19.94,E,8,97.0,E,8,1008.6016999999999,E,8,999.0,E,8,1.42,E,8,-9900,?,9,-9900,?,9,1.181,E,8,-9900,?,9,-9900,?,9,11.81,99.0,E,8
01/22/2016,04:00,0.0,1411.403,0.0,1,8,0.0,1,8,0.0,1,8,0.0,1,8,0.0,1,8,0.0,1,8,-0.0,1,8,-9900,?,9,-9900,?,9,20.64,E,8,19.87,E,8,99.0,E,8,1008.6016999999999,E,8,999.0,E,8,1.42,E,8,-9900,?,9,-9900,?,9,0.528,E,8,-9900,?,9,-9900,?,9,5.28,99.0,E,8
01/22/2016,05:00,0.0,1411.403,0.0,1,8,0.0,1,8,0.0,1,8,0.0,1,8,0.0,1,8,0.0,1,8,-0.0,1,8,-9900,?,9,-9900,?,9,20.34,E,8,19.82,E,8,96.0,E,8,1008.6016999999999,E,8,999.0,E,8,1.42,E,8,-9900,?,9,-9900,?,9,0.21000000000000002,E,8,-9900,?,9,-9900,?,9,2.1,99.0,E,8
01/22/2016,06:00,30.49,1411.403,0.0,1,8,0.0,1,8,0.0,1,8,0.0,1,8,0.0,1,8,0.0,1,8,0.0,1,8,-9900,?,9,-9900,?,9,20.11,E,8,19.77,E,8,93.0,E,8,1008.6016999999999,E,8,999.0,E,8,1.42,E,8,-9900,?,9,-9900,?,9,0.062,E,8,-9900,?,9,-9900,?,9,0.62,99.0,E,8
01/22/2016,07:00,345.946,1411.403,6.72,1,8,0.0,1,8,6.72,1,8,806.4,1,8,0.0,1,8,739.2,1,8,8.766,1,8,-9900,?,9,-9900,?,9,19.89,E,8,19.73,E,8,94.0,E,8,1008.6016999999999,E,8,999.0,E,8,1.42,E,8,-9900,?,9,-9900,?,9,0.007000000000000001,E,8,-9900,?,9,-9900,?,9,0.07,99.0,E,8
01/22/2016,08:00,656.569,1411.403,38.47,1,8,0.0,1,8,38.47,1,8,4616.4,1,8,0.0,1,8,4231.7,1,8,26.351,1,8,-9900,?,9,-9900,?,9,20.84,E,8,19.91,E,8,90.0,E,8,1008.6016999999999,E,8,999.0,E,8,1.42,E,8,-9900,?,9,-9900,?,9,0.017,E,8,-9900,?,9,-9900,?,9,0.17,99.0,E,8
01/22/2016,09:00,934.809,1411.403,72.66,1,8,0.0,1,8,72.66,1,8,8719.2,1,8,0.0,1,8,7992.6,1,8,34.933,1,8,-9900,?,9,-9900,?,9,21.54,E,8,20.05,E,8,88.0,E,8,1008.6016999999999,E,8,999.0,E,8,1.42,E,8,-9900,?,9,-9900,?,9,0.011,E,8,-9900,?,9,-9900,?,9,0.11,99.0,E,8
01/22/2016,10:00,1161.322,1411.403,102.82,1,8,0.0,1,8,102.82,1,8,12338.4,1,8,0.0,1,8,11310.2,1,8,39.782,1,8,-9900,?,9,-9900,?,9,22.2,E,8,20.17,E,8,86.0,E,8,1008.6016999999999,E,8,999.0,E,8,1.42,E,8,-9900,?,9,-9900,?,9,0.004,E,8,-9900,?,9,-9900,?,9,0.04,99.0,E,8
01/22/2016,11:00,1320.575,1411.403,126.1,1,8,0.0,1,8,126.1,1,8,15132.0,1,8,0.0,1,8,13871.0,1,8,42.901,1,8,-9900,?,9,-9900,?,9,22.8,E,8,20.28,E,8,80.0,E,8,1008.6016999999999,E,8,999.0,E,8,1.42,E,8,-9900,?,9,-9900,?,9,0.0,E,8,-9900,?,9,-9900,?,9,0.0,0.0,E,8
01/22/2016,12:00,1401.673,1411.403,140.66,1,8,0.0,1,8,140.66,1,8,16879.2,1,8,0.0,1,8,15472.6,1,8,45.084,1,8,-9900,?,9,-9900,?,9,23.3,E,8,20.38,E,8,82.0,E,8,1008.6016999999999,E,8,999.0,E,8,1.42,E,8,-9900,?,9,-9900,?,9,0.002,E,8,-9900,?,9,-9900,?,9,0.02,99.0,E,8
01/22/2016,13:00,1399.066,1411.403,145.43,1,8,0.326,1,8,145.107,1,8,17451.6,1,8,31.002,1,8,15961.716,1,8,46.596,1,8,-9900,?,9,-9900,?,9,23.68,E,8,20.45,E,8,81.0,E,8,1008.6016999999999,E,8,999.0,E,8,1.55,E,8,-9900,?,9,-9900,?,9,0.03,E,8,-9900,?,9,-9900,?,9,0.3,99.0,E,8
01/22/2016,14:00,1312.916,1411.403,140.04,1,8,0.0,1,8,140.04,1,8,16804.8,1,8,0.0,1,8,15404.4,1,8,47.922,1,8,-9900,?,9,-9900,?,9,23.94,E,8,20.49,E,8,80.0,E,8,1008.6016999999999,E,8,999.0,E,8,2.41,E,8,-9900,?,9,-9900,?,9,0.039,E,8,-9900,?,9,-9900,?,9,0.39,99.0,E,8
01/22/2016,15:00,1149.088,1411.403,124.9,1,8,0.0,1,8,124.9,1,8,14988.0,1,8,0.0,1,8,13739.0,1,8,48.84,1,8,-9900,?,9,-9900,?,9,24.08,E,8,20.52,E,8,84.0,E,8,1008.6016999999999,E,8,999.0,E,8,2.89,E,8,-9900,?,9,-9900,?,9,0.11599999999999999,E,8,-9900,?,9,-9900,?,9,1.16,99.0,E,8
01/22/2016,16:00,918.764,1411.403,101.12,1,8,0.0,1,8,101.12,1,8,12134.4,1,8,0.0,1,8,11123.2,1,8,49.466,1,8,-9900,?,9,-9900,?,9,24.08,E,8,20.52,E,8,80.0,E,8,1008.6016999999999,E,8,999.0,E,8,3.35,E,8,-9900,?,9,-9900,?,9,0.05,E,8,-9900,?,9,-9900,?,9,0.5,99.0,E,8
01/22/2016,17:00,637.719,1411.403,70.6,1,8,0.0,1,8,70.6,1,8,8472.0,1,8,0.0,1,8,7766.0,1,8,49.793,1,8,-9900,?,9,-9900,?,9,23.89,E,8,20.49,E,8,81.0,E,8,1008.6016999999999,E,8,999.0,E,8,3.13,E,8,-9900,?,9,-9900,?,9,0.023,E,8,-9900,?,9,-9900,?,9,0.23,99.0,E,8
01/22/2016,18:00,325.513,1411.403,36.27,1,8,0.0,1,8,36.27,1,8,4352.4,1,8,0.0,1,8,3989.7,1,8,50.314,1,8,-9900,?,9,-9900,?,9,23.53,E,8,20.42,E,8,82.0,E,8,1008.6016999999999,E,8,999.0,E,8,2.93,E,8,-9900,?,9,-9900,?,9,0.077,E,8,-9900,?,9,-9900,?,9,0.77,99.0,E,8
01/22/2016,19:00,12.14,1411.403,5.23,1,8,0.0,1,8,5.23,1,8,627.6,1,8,0.0,1,8,575.3,1,8,7015.318,1,8,-9900,?,9,-9900,?,9,23.05,E,8,20.33,E,8,87.0,E,8,1008.6016999999999,E,8,999.0,E,8,1.91,E,8,-9900,?,9,-9900,?,9,0.258,E,8,-9900,?,9,-9900,?,9,2.58,99.0,E,8
01/22/2016,20:00,0.0,1411.403,0.0,1,8,0.0,1,8,0.0,1,8,0.0,1,8,0.0,1,8,0.0,1,8,-0.0,1,8,-9900,?,9,-9900,?,9,22.95,E,8,20.31,E,8,87.0,E,8,1008.6016999999999,E,8,999.0,E,8,1.65,E,8,-9900,?,9,-9900,?,9,0.40499999999999997,E,8,-9900,?,9,-9900,?,9,4.05,99.0,E,8
01/22/2016,21:00,0.0,1411.403,0.0,1,8,0.0,1,8,0.0,1,8,0.0,1,8,0.0,1,8,0.0,1,8,-0.0,1,8,-9900,?,9,-9900,?,9,22.85,E,8,20.29,E,8,84.0,E,8,1008.6016999999999,E,8,999.0,E,8,1.5,E,8,-9900,?,9,-9900,?,9,0.095,E,8,-9900,?,9,-9900,?,9,0.95,99.0,E,8
01/22/2016,22:00,0.0,1411.403,0.0,1,8,0.0,1,8,0.0,1,8,0.0,1,8,0.0,1,8,0.0,1,8,-0.0,1,8,-9900,?,9,-9900,?,9,22.75,E,8,20.27,E,8,88.0,E,8,1008.6016999999999,E,8,999.0,E,8,1.42,E,8,-9900,?,9,-9900,?,9,0.32,E,8,-9900,?,9,-9900,?,9,3.2,99.0,E,8
01/22/2016,23:00,0.0,1411.403,0.0,1,8,0.0,1,8,0.0,1,8,0.0,1,8,0.0,1,8,0.0,1,8,-0.0,1,8,-9900,?,9,-9900,?,9,22.65,E,8,20.25,E,8,88.0,E,8,1008.6016999999999,E,8,999.0,E,8,1.42,E,8,-9900,?,9,-9900,?,9,0.172,E,8,-9900,?,9,-9900,?,9,1.72,99.0,E,8
01/22/2016,24:00,0.0,1411.403,0.0,1,8,0.0,1,8,0.0,1,8,0.0,1,8,0.0,1,8,0.0,1,8,-0.0,1,8,-9900,?,9,-9900,?,9,22.56,E,8,21.79,E,8,91.0,E,8,1008.6016999999999,E,8,999.0,E,8,1.78,E,8,-9900,?,9,-9900,?,9,0.068,E,8,-9900,?,9,-9900,?,9,0.68,99.0,E,8
01/23/2016,01:00,0.0,1411.403,0.0,1,8,0.0,1,8,0.0,1,8,0.0,1,8,0.0,1,8,0.0,1,8,-0.0,1,8,-9900,?,9,-9900,?,9,22.51,E,8,21.78,E,8,92.0,E,8,1008.6016999999999,E,8,999.0,E,8,1.78,E,8,-9900,?,9,-9900,?,9,0.018,E,8,-9900,?,9,-9900,?,9,0.18,99.0,E,8
01/23/2016,02:00,0.0,1411.403,0.0,1,8,0.0,1,8,0.0,1,8,0.0,1,8,0.0,1,8,0.0,1,8,-0.0,1,8,-9900,?,9,-9900,?,9,22.46,E,8,21.77,E,8,92.0,E,8,1008.6016999999999,E,8,999.0,E,8,1.78,E,8,-9900,?,9,-9900,?,9,0.004,E,8,-9900,?,9,-9900,?,9,0.04,99.0,E,8
01/23/2016,03:00,0.0,1411.403,0.0,1,8,0.0,1,8,0.0,1,8,0.0,1,8,0.0,1,8,0.0,1,8,-0.0,1,8,-9900,?,9,-9900,?,9,22.41,E,8,21.76,E,8,92.0,E,8,1008.6016999999999,E,8,999.0,E,8,1.78,E,8,-9900,?,9,-9900,?,9,0.01,E,8,-9900,?,9,-9900,?,9,0.1,99.0,E,8
01/23/2016,04:00,0.0,1411.119,0.0,1,8,0.0,1,8,0.0,1,8,0.0,1,8,0.0,1,8,0.0,1,8,-0.0,1,8,-9900,?,9,-9900,?,9,22.36,E,8,21.75,E,8,92.0,E,8,1008.6016999999999,E,8,999.0,E,8,1.78,E,8,-9900,?,9,-9900,?,9,0.013000000000000001,E,8,-9900,?,9,-9900,?,9,0.13,99.0,E,8
01/23/2016,05:00,0.0,1411.119,0.0,1,8,0.0,1,8,0.0,1,8,0.0,1,8,0.0,1,8,0.0,1,8,-0.0,1,8,-9900,?,9,-9900,?,9,22.31,E,8,21.75,E,8,96.0,E,8,1008.6016999999999,E,8,999.0,E,8,1.78,E,8,-9900,?,9,-9900,?,9,0.43,E,8,-9900,?,9,-9900,?,9,4.3,99.0,E,8
01/23/2016,06:00,27.296,1411.119,0.0,1,8,0.0,1,8,0.0,1,8,0.0,1,8,0.0,1,8,0.0,1,8,0.0,1,8,-9900,?,9,-9900,?,9,22.28,E,8,21.74,E,8,92.0,E,8,1008.6016999999999,E,8,999.0,E,8,1.78,E,8,-9900,?,9,-9900,?,9,0.028999999999999998,E,8,-9900,?,9,-9900,?,9,0.29,99.0,E,8
01/23/2016,07:00,342.788,1411.119,11.48,1,8,0.0,1,8,11.48,1,8,1377.6,1,8,0.0,1,8,1262.8,1,8,15.112,1,8,-9900,?,9,-9900,?,9,22.25,E,8,21.73,E,8,93.0,E,8,1008.6016999999999,E,8,999.0,E,8,1.78,E,8,-9900,?,9,-9900,?,9,0.001,E,8,-9900,?,9,-9900,?,9,0.01,99.0,E,8
01/23/2016,08:00,653.884,1411.119,67.67,1,8,0.0,1,8,67.67,1,8,8120.4,1,8,0.0,1,8,7443.7,1,8,46.534,1,8,-9900,?,9,-9900,?,9,23.42,E,8,21.96,E,8,84.0,E,8,1008.6016999999999,E,8,999.0,E,8,1.78,E,8,-9900,?,9,-9900,?,9,0.0,E,8,-9900,?,9,-9900,?,9,0.0,0.0,E,8
01/23/2016,09:00,932.656,1411.119,134.09,1,8,0.0,1,8,134.09,1,8,16090.8,1,8,0.0,1,8,14749.9,1,8,64.603,1,8,-9900,?,9,-9900,?,9,24.35,E,8,22.14,E,8,85.0,E,8,1008.6016999999999,E,8,999.0,E,8,1.78,E,8,-9900,?,9,-9900,?,9,0.002,E,8,-9900,?,9,-9900,?,9,0.02,99.0,E,8
01/23/2016,10:00,1159.717,1411.119,192.91,1,8,1.704,1,8,191.51,1,8,23149.2,1,8,161.867,1,8,21066.088,1,8,74.185,1,8,-9900,?,9,-9900,?,9,25.25,E,8,22.31,E,8,82.0,E,8,1008.6016999999999,E,8,999.0,E,8,1.78,E,8,-9900,?,9,-9900,?,9,0.007000000000000001,E,8,-9900,?,9,-9900,?,9,0.07,99.0,E,8
01/23/2016,11:00,1319.493,1411.119,201.15,1,8,2.485,1,8,198.827,1,8,24138.0,1,8,236.036,1,8,21870.952,1,8,67.686,1,8,-9900,?,9,-9900,?,9,25.84,E,8,22.43,E,8,80.0,E,8,1008.6016999999999,E,8,999.0,E,8,1.78,E,8,-9900,?,9,-9900,?,9,0.037,E,8,-9900,?,9,-9900,?,9,0.37,99.0,E,8
01/23/2016,12:00,1401.056,1411.119,246.89,1,8,5.587,1,8,241.343,1,8,29626.8,1,8,530.789,1,8,26547.688,1,8,77.374,1,8,-9900,?,9,-9900,?,9,26.46,E,8,22.54,E,8,78.0,E,8,1008.6016999999999,E,8,999.0,E,8,1.78,E,8,-9900,?,9,-9900,?,9,0.023,E,8,-9900,?,9,-9900,?,9,0.23,99.0,E,8
01/23/2016,13:00,1398.82,1411.119,247.71,1,8,5.603,1,8,242.156,1,8,29725.2,1,8,532.3,1,8,26637.128,1,8,77.759,1,8,-9900,?,9,-9900,?,9,26.9,E,8,22.63,E,8,77.0,E,8,1008.6016999999999,E,8,999.0,E,8,1.78,E,8,-9900,?,9,-9900,?,9,0.045,E,8,-9900,?,9,-9900,?,9,0.45,99.0,E,8
01/23/2016,14:00,1312.923,1411.119,213.93,1,8,4.139,1,8,210.079,1,8,25671.6,1,8,393.198,1,8,23108.719,1,8,71.875,1,8,-9900,?,9,-9900,?,9,27.11,E,8,22.67,E,8,76.0,E,8,1008.6016999999999,E,8,999.0,E,8,1.78,E,8,-9900,?,9,-9900,?,9,0.05600000000000001,E,8,-9900,?,9,-9900,?,9,0.56,99.0,E,8
01/23/2016,15:00,1149.215,1411.119,188.46,1,8,1.532,1,8,187.213,1,8,22615.2,1,8,145.524,1,8,20593.393,1,8,73.183,1,8,-9900,?,9,-9900,?,9,27.19,E,8,22.68,E,8,80.0,E,8,1008.6016999999999,E,8,999.0,E,8,1.78,E,8,-9900,?,9,-9900,?,9,0.152,E,8,-9900,?,9,-9900,?,9,1.52,99.0,E,8
01/23/2016,16:00,918.866,1411.119,179.4,1,8,0.929,1,8,178.796,1,8,21528.0,1,8,88.212,1,8,19667.517,1,8,87.436,1,8,-9900,?,9,-9900,?,9,27.23,E,8,22.69,E,8,76.0,E,8,1008.6016999999999,E,8,999.0,E,8,1.78,E,8,-9900,?,9,-9900,?,9,0.08299999999999999,E,8,-9900,?,9,-9900,?,9,0.83,99.0,E,8
01/23/2016,17:00,637.654,1411.119,125.24,1,8,0.0,1,8,125.24,1,8,15028.8,1,8,0.0,1,8,13776.4,1,8,88.321,1,8,-9900,?,9,-9900,?,9,27.03,E,8,22.65,E,8,80.0,E,8,1008.6016999999999,E,8,999.0,E,8,1.78,E,8,-9900,?,9,-9900,?,9,0.238,E,8,-9900,?,9,-9900,?,9,2.38,99.0,E,8
01/23/2016,18:00,325.153,1411.119,64.3,1,8,0.0,1,8,64.3,1,8,7716.0,1,8,0.0,1,8,7073.0,1,8,89.279,1,8,-9900,?,9,-9900,?,9,26.61,E,8,22.57,E,8,82.0,E,8,1008.6016999999999,E,8,999.0,E,8,1.78,E,8,-9900,?,9,-9900,?,9,0.124,E,8,-9900,?,9,-9900,?,9,1.24,99.0,E,8
01/23/2016,19:00,11.481,1411.119,9.2,1,8,0.0,1,8,0.0,1,8,1104.0,1,8,0.0,1,8,0.0,1,8,-0.0,1,8,-9900,?,9,-9900,?,9,26.04,E,8,22.46,E,8,83.0,E,8,1008.6016999999999,E,8,999.0,E,8,1.78,E,8,-9900,?,9,-9900,?,9,0.311,E,8,-9900,?,9,-9900,?,9,3.11,99.0,E,8
01/23/2016,20:00,0.0,1411.119,0.0,1,8,0.0,1,8,0.0,1,8,0.0,1,8,0.0,1,8,0.0,1,8,-0.0,1,8,-9900,?,9,-9900,?,9,25.58,E,8,22.38,E,8,85.0,E,8,1008.6016999999999,E,8,999.0,E,8,1.78,E,8,-9900,?,9,-9900,?,9,0.188,E,8,-9900,?,9,-9900,?,9,1.88,99.0,E,8
01/23/2016,21:00,0.0,1411.119,0.0,1,8,0.0,1,8,0.0,1,8,0.0,1,8,0.0,1,8,0.0,1,8,-0.0,1,8,-9900,?,9,-9900,?,9,25.12,E,8,22.29,E,8,86.0,E,8,1008.6016999999999,E,8,999.0,E,8,1.78,E,8,-9900,?,9,-9900,?,9,0.101,E,8,-9900,?,9,-9900,?,9,1.01,99.0,E,8
01/23/2016,22:00,0.0,1411.119,0.0,1,8,0.0,1,8,0.0,1,8,0.0,1,8,0.0,1,8,0.0,1,8,-0.0,1,8,-9900,?,9,-9900,?,9,24.67,E,8,22.2,E,8,92.0,E,8,1008.6016999999999,E,8,999.0,E,8,1.78,E,8,-9900,?,9,-9900,?,9,7.364,E,8,-9900,?,9,-9900,?,9,73.64,99.0,E,8
01/23/2016,23:00,0.0,1411.119,0.0,1,8,0.0,1,8,0.0,1,8,0.0,1,8,0.0,1,8,0.0,1,8,-0.0,1,8,-9900,?,9,-9900,?,9,24.21,E,8,22.12,E,8,94.0,E,8,1008.6016999999999,E,8,999.0,E,8,1.85,E,8,-9900,?,9,-9900,?,9,0.6940000000000001,E,8,-9900,?,9,-9900,?,9,6.94,99.0,E,8
01/23/2016,24:00,0.0,1411.119,0.0,1,8,0.0,1,8,0.0,1,8,0.0,1,8,0.0,1,8,0.0,1,8,-0.0,1,8,-9900,?,9,-9900,?,9,23.75,E,8,22.24,E,8,90.0,E,8,1008.6016999999999,E,8,999.0,E,8,1.63,E,8,-9900,?,9,-9900,?,9,0.364,E,8,-9900,?,9,-9900,?,9,3.64,99.0,E,8
01/24/2016,01:00,0.0,1411.119,0.0,1,8,0.0,1,8,0.0,1,8,0.0,1,8,0.0,1,8,0.0,1,8,-0.0,1,8,-9900,?,9,-9900,?,9,23.52,E,8,22.18,E,8,91.0,E,8,1008.6016999999999,E,8,999.0,E,8,2.1,E,8,-9900,?,9,-9900,?,9,0.298,E,8,-9900,?,9,-9900,?,9,2.98,99.0,E,8
01/24/2016,02:00,0.0,1411.119,0.0,1,8,0.0,1,8,0.0,1,8,0.0,1,8,0.0,1,8,0.0,1,8,-0.0,1,8,-9900,?,9,-9900,?,9,23.29,E,8,22.11,E,8,95.0,E,8,1008.6016999999999,E,8,999.0,E,8,1.83,E,8,-9900,?,9,-9900,?,9,0.5559999999999999,E,8,-9900,?,9,-9900,?,9,5.56,99.0,E,8
01/24/2016,03:00,0.0,1411.119,0.0,1,8,0.0,1,8,0.0,1,8,0.0,1,8,0.0,1,8,0.0,1,8,-0.0,1,8,-9900,?,9,-9900,?,9,23.07,E,8,22.05,E,8,95.0,E,8,1008.6016999999999,E,8,999.0,E,8,1.98,E,8,-9900,?,9,-9900,?,9,0.916,E,8,-9900,?,9,-9900,?,9,9.16,99.0,E,8
01/24/2016,04:00,0.0,1410.822,0.0,1,8,0.0,1,8,0.0,1,8,0.0,1,8,0.0,1,8,0.0,1,8,-0.0,1,8,-9900,?,9,-9900,?,9,22.84,E,8,21.98,E,8,96.0,E,8,1008.6016999999999,E,8,999.0,E,8,2.14,E,8,-9900,?,9,-9900,?,9,2.049,E,8,-9900,?,9,-9900,?,9,20.49,99.0,E,8
01/24/2016,05:00,0.0,1410.822,0.0,1,8,0.0,1,8,0.0,1,8,0.0,1,8,0.0,1,8,0.0,1,8,-0.0,1,8,-9900,?,9,-9900,?,9,22.63,E,8,21.92,E,8,96.0,E,8,1008.6016999999999,E,8,999.0,E,8,2.02,E,8,-9900,?,9,-9900,?,9,1.268,E,8,-9900,?,9,-9900,?,9,12.68,99.0,E,8
01/24/2016,06:00,24.135,1410.822,0.0,1,8,0.0,1,8,0.0,1,8,0.0,1,8,0.0,1,8,0.0,1,8,0.0,1,8,-9900,?,9,-9900,?,9,22.48,E,8,21.87,E,8,94.0,E,8,1008.6016999999999,E,8,999.0,E,8,2.03,E,8,-9900,?,9,-9900,?,9,0.20099999999999998,E,8,-9900,?,9,-9900,?,9,2.01,99.0,E,8
01/24/2016,07:00,339.645,1410.822,9.61,1,8,0.0,1,8,9.61,1,8,1153.2,1,8,0.0,1,8,1057.1,1,8,12.766,1,8,-9900,?,9,-9900,?,9,22.33,E,8,21.83,E,8,91.0,E,8,1008.6016999999999,E,8,999.0,E,8,2.0,E,8,-9900,?,9,-9900,?,9,0.087,E,8,-9900,?,9,-9900,?,9,0.87,99.0,E,8
01/24/2016,08:00,651.212,1410.822,58.4,1,8,0.0,1,8,58.4,1,8,7008.0,1,8,0.0,1,8,6424.0,1,8,40.316,1,8,-9900,?,9,-9900,?,9,23.2,E,8,22.08,E,8,89.0,E,8,1008.6016999999999,E,8,999.0,E,8,1.94,E,8,-9900,?,9,-9900,?,9,0.053000000000000005,E,8,-9900,?,9,-9900,?,9,0.53,99.0,E,8
01/24/2016,09:00,930.509,1410.822,111.32,1,8,0.0,1,8,111.32,1,8,13358.4,1,8,0.0,1,8,12245.2,1,8,53.745,1,8,-9900,?,9,-9900,?,9,23.85,E,8,22.27,E,8,87.0,E,8,1008.6016999999999,E,8,999.0,E,8,2.2,E,8,-9900,?,9,-9900,?,9,0.068,E,8,-9900,?,9,-9900,?,9,0.68,99.0,E,8
01/24/2016,10:00,1158.107,1410.822,154.63,1,8,0.464,1,8,154.249,1,8,18555.6,1,8,44.064,1,8,16967.424,1,8,59.822,1,8,-9900,?,9,-9900,?,9,24.45,E,8,22.45,E,8,86.0,E,8,1008.6016999999999,E,8,999.0,E,8,1.91,E,8,-9900,?,9,-9900,?,9,0.028999999999999998,E,8,-9900,?,9,-9900,?,9,0.29,99.0,E,8
01/24/2016,11:00,1318.393,1410.822,196.56,1,8,3.42,1,8,193.364,1,8,23587.2,1,8,324.883,1,8,21270.08,1,8,65.868,1,8,-9900,?,9,-9900,?,9,25.03,E,8,22.61,E,8,87.0,E,8,1008.6016999999999,E,8,999.0,E,8,1.9,E,8,-9900,?,9,-9900,?,9,0.134,E,8,-9900,?,9,-9900,?,9,1.34,99.0,E,8
01/24/2016,12:00,1400.403,1410.822,208.84,1,8,4.238,1,8,204.633,1,8,25060.8,1,8,402.631,1,8,22509.64,1,8,65.622,1,8,-9900,?,9,-9900,?,9,25.46,E,8,22.73,E,8,83.0,E,8,1008.6016999999999,E,8,999.0,E,8,1.58,E,8,-9900,?,9,-9900,?,9,0.04,E,8,-9900,?,9,-9900,?,9,0.4,99.0,E,8
01/24/2016,13:00,1398.522,1410.822,208.15,1,8,2.876,1,8,205.299,1,8,24978.0,1,8,273.202,1,8,22582.92,1,8,65.924,1,8,-9900,?,9,-9900,?,9,25.77,E,8,22.82,E,8,83.0,E,8,1008.6016999999999,E,8,999.0,E,8,1.76,E,8,-9900,?,9,-9900,?,9,0.007000000000000001,E,8,-9900,?,9,-9900,?,9,0.07,99.0,E,8
01/24/2016,14:00,1312.861,1410.822,233.13,1,8,3.304,1,8,230.056,1,8,27975.6,1,8,313.874,1,8,25306.118,1,8,78.697,1,8,-9900,?,9,-9900,?,9,26.08,E,8,22.91,E,8,82.0,E,8,1008.6016999999999,E,8,999.0,E,8,2.59,E,8,-9900,?,9,-9900,?,9,0.003,E,8,-9900,?,9,-9900,?,9,0.03,99.0,E,8
01/24/2016,15:00,1149.255,1410.822,217.89,1,8,4.013,1,8,214.621,1,8,26146.8,1,8,381.24,1,8,23608.361,1,8,83.877,1,8,-9900,?,9,-9900,?,9,26.28,E,8,22.97,E,8,81.0,E,8,1008.6016999999999,E,8,999.0,E,8,2.47,E,8,-9900,?,9,-9900,?,9,0.013000000000000001,E,8,-9900,?,9,-9900,?,9,0.13,99.0,E,8
01/24/2016,16:00,918.867,1410.822,171.52,1,8,0.359,1,8,171.286,1,8,20582.4,1,8,34.137,1,8,18841.467,1,8,83.746,1,8,-9900,?,9,-9900,?,9,26.32,E,8,22.98,E,8,81.0,E,8,1008.6016999999999,E,8,999.0,E,8,2.21,E,8,-9900,?,9,-9900,?,9,0.001,E,8,-9900,?,9,-9900,?,9,0.01,99.0,E,8
01/24/2016,17:00,637.477,1410.822,109.0,1,8,0.0,1,8,109.0,1,8,13080.0,1,8,0.0,1,8,11990.0,1,8,76.874,1,8,-9900,?,9,-9900,?,9,26.13,E,8,22.92,E,8,85.0,E,8,1008.6016999999999,E,8,999.0,E,8,2.52,E,8,-9900,?,9,-9900,?,9,0.10800000000000001,E,8,-9900,?,9,-9900,?,9,1.08,99.0,E,8
01/24/2016,18:00,324.675,1410.822,55.91,1,8,0.0,1,8,55.91,1,8,6709.2,1,8,0.0,1,8,6150.1,1,8,77.728,1,8,-9900,?,9,-9900,?,9,25.78,E,8,22.83,E,8,86.0,E,8,1008.6016999999999,E,8,999.0,E,8,2.48,E,8,-9900,?,9,-9900,?,9,0.16499999999999998,E,8,-9900,?,9,-9900,?,9,1.65,99.0,E,8
01/24/2016,19:00,10.719,1410.822,7.94,1,8,0.0,1,8,0.0,1,8,952.8,1,8,0.0,1,8,0.0,1,8,-0.0,1,8,-9900,?,9,-9900,?,9,25.33,E,8,22.7,E,8,84.0,E,8,1008.6016999999999,E,8,999.0,E,8,3.06,E,8,-9900,?,9,-9900,?,9,0.02,E,8,-9900,?,9,-9900,?,9,0.2,99.0,E,8
01/24/2016,20:00,0.0,1410.822,0.0,1,8,0.0,1,8,0.0,1,8,0.0,1,8,0.0,1,8,0.0,1,8,-0.0,1,8,-9900,?,9,-9900,?,9,25.01,E,8,22.61,E,8,87.0,E,8,1008.6016999999999,E,8,999.0,E,8,2.89,E,8,-9900,?,9,-9900,?,9,0.44800000000000006,E,8,-9900,?,9,-9900,?,9,4.48,99.0,E,8
01/24/2016,21:00,0.0,1410.822,0.0,1,8,0.0,1,8,0.0,1,8,0.0,1,8,0.0,1,8,0.0,1,8,-0.0,1,8,-9900,?,9,-9900,?,9,24.7,E,8,22.52,E,8,91.0,E,8,1008.6016999999999,E,8,999.0,E,8,2.69,E,8,-9900,?,9,-9900,?,9,0.702,E,8,-9900,?,9,-9900,?,9,7.02,99.0,E,8
01/24/2016,22:00,0.0,1410.822,0.0,1,8,0.0,1,8,0.0,1,8,0.0,1,8,0.0,1,8,0.0,1,8,-0.0,1,8,-9900,?,9,-9900,?,9,24.38,E,8,22.43,E,8,89.0,E,8,1008.6016999999999,E,8,999.0,E,8,2.66,E,8,-9900,?,9,-9900,?,9,0.24500000000000002,E,8,-9900,?,9,-9900,?,9,2.45,99.0,E,8
01/24/2016,23:00,0.0,1410.822,0.0,1,8,0.0,1,8,0.0,1,8,0.0,1,8,0.0,1,8,0.0,1,8,-0.0,1,8,-9900,?,9,-9900,?,9,24.07,E,8,22.34,E,8,93.0,E,8,1008.6016999999999,E,8,999.0,E,8,2.55,E,8,-9900,?,9,-9900,?,9,21.725,E,8,-9900,?,9,-9900,?,9,217.25,99.0,E,8
01/24/2016,24:00,0.0,1410.822,0.0,1,8,0.0,1,8,0.0,1,8,0.0,1,8,0.0,1,8,0.0,1,8,-0.0,1,8,-9900,?,9,-9900,?,9,23.75,E,8,22.37,E,8,90.0,E,8,1008.6016999999999,E,8,999.0,E,8,2.47,E,8,-9900,?,9,-9900,?,9,0.125,E,8,-9900,?,9,-9900,?,9,1.25,99.0,E,8
01/25/2016,01:00,0.0,1410.822,0.0,1,8,0.0,1,8,0.0,1,8,0.0,1,8,0.0,1,8,0.0,1,8,-0.0,1,8,-9900,?,9,-9900,?,9,23.59,E,8,22.35,E,8,94.0,E,8,1008.6016999999999,E,8,999.0,E,8,2.04,E,8,-9900,?,9,-9900,?,9,0.701,E,8,-9900,?,9,-9900,?,9,7.01,99.0,E,8
01/25/2016,02:00,0.0,1410.822,0.0,1,8,0.0,1,8,0.0,1,8,0.0,1,8,0.0,1,8,0.0,1,8,-0.0,1,8,-9900,?,9,-9900,?,9,23.43,E,8,22.34,E,8,88.0,E,8,1008.6016999999999,E,8,999.0,E,8,1.83,E,8,-9900,?,9,-9900,?,9,0.01,E,8,-9900,?,9,-9900,?,9,0.1,99.0,E,8
01/25/2016,03:00,0.0,1410.822,0.0,1,8,0.0,1,8,0.0,1,8,0.0,1,8,0.0,1,8,0.0,1,8,-0.0,1,8,-9900,?,9,-9900,?,9,23.28,E,8,22.32,E,8,89.0,E,8,1008.6016999999999,E,8,999.0,E,8,2.19,E,8,-9900,?,9,-9900,?,9,0.001,E,8,-9900,?,9,-9900,?,9,0.01,99.0,E,8
01/25/2016,04:00,0.0,1410.511,0.0,1,8,0.0,1,8,0.0,1,8,0.0,1,8,0.0,1,8,0.0,1,8,-0.0,1,8,-9900,?,9,-9900,?,9,23.12,E,8,22.3,E,8,86.0,E,8,1008.6016999999999,E,8,999.0,E,8,1.83,E,8,-9900,?,9,-9900,?,9,0.0,E,8,-9900,?,9,-9900,?,9,0.0,0.0,E,8
01/25/2016,05:00,0.0,1410.511,0.0,1,8,0.0,1,8,0.0,1,8,0.0,1,8,0.0,1,8,0.0,1,8,-0.0,1,8,-9900,?,9,-9900,?,9,22.98,E,8,22.29,E,8,90.0,E,8,1008.6016999999999,E,8,999.0,E,8,1.95,E,8,-9900,?,9,-9900,?,9,0.007000000000000001,E,8,-9900,?,9,-9900,?,9,0.07,99.0,E,8
01/25/2016,06:00,21.009,1410.511,0.0,1,8,0.0,1,8,0.0,1,8,0.0,1,8,0.0,1,8,0.0,1,8,0.0,1,8,-9900,?,9,-9900,?,9,22.87,E,8,22.27,E,8,96.0,E,8,1008.6016999999999,E,8,999.0,E,8,2.25,E,8,-9900,?,9,-9900,?,9,7.438,E,8,-9900,?,9,-9900,?,9,74.38,99.0,E,8
01/25/2016,07:00,336.515,1410.511,17.29,1,8,0.0,1,8,17.29,1,8,2074.8,1,8,0.0,1,8,1901.9,1,8,23.178,1,8,-9900,?,9,-9900,?,9,22.77,E,8,22.26,E,8,90.0,E,8,1008.6016999999999,E,8,999.0,E,8,2.1,E,8,-9900,?,9,-9900,?,9,0.08399999999999999,E,8,-9900,?,9,-9900,?,9,0.84,99.0,E,8
01/25/2016,08:00,648.551,1410.511,108.37,1,8,0.0,1,8,108.37,1,8,13004.4,1,8,0.0,1,8,11920.7,1,8,75.104,1,8,-9900,?,9,-9900,?,9,23.56,E,8,22.35,E,8,91.0,E,8,1008.6016999999999,E,8,999.0,E,8,2.56,E,8,-9900,?,9,-9900,?,9,0.314,E,8,-9900,?,9,-9900,?,9,3.14,99.0,E,8
01/25/2016,09:00,928.368,1410.511,207.53,1,8,3.241,1,8,205.398,1,8,24903.6,1,8,307.869,1,8,22593.763,1,8,99.373,1,8,-9900,?,9,-9900,?,9,24.17,E,8,22.42,E,8,89.0,E,8,1008.6016999999999,E,8,999.0,E,8,2.37,E,8,-9900,?,9,-9900,?,9,0.153,E,8,-9900,?,9,-9900,?,9,1.53,99.0,E,8
01/25/2016,10:00,1156.491,1410.511,295.19,1,8,12.951,1,8,284.572,1,8,35422.8,1,8,1230.389,1,8,31302.974,1,8,110.494,1,8,-9900,?,9,-9900,?,9,24.75,E,8,22.48,E,8,84.0,E,8,1008.6016999999999,E,8,999.0,E,8,2.47,E,8,-9900,?,9,-9900,?,9,0.046,E,8,-9900,?,9,-9900,?,9,0.46,99.0,E,8
01/25/2016,11:00,1317.274,1410.511,362.99,1,8,22.785,1,8,341.712,1,8,43558.8,1,8,2164.58,1,8,37588.319,1,8,116.474,1,8,-9900,?,9,-9900,?,9,25.27,E,8,22.54,E,8,86.0,E,8,1008.6016999999999,E,8,999.0,E,8,2.72,E,8,-9900,?,9,-9900,?,9,0.10200000000000001,E,8,-9900,?,9,-9900,?,9,1.02,99.0,E,8
01/25/2016,12:00,1399.715,1410.511,405.58,1,8,25.832,1,8,379.946,1,8,48669.6,1,8,2454.065,1,8,41794.013,1,8,121.874,1,8,-9900,?,9,-9900,?,9,25.71,E,8,22.59,E,8,81.0,E,8,1008.6016999999999,E,8,999.0,E,8,3.0,E,8,-9900,?,9,-9900,?,9,0.002,E,8,-9900,?,9,-9900,?,9,0.02,99.0,E,8
01/25/2016,13:00,1398.17,1410.511,419.77,1,8,28.102,1,8,391.914,1,8,50372.4,1,8,2669.726,1,8,43110.501,1,8,125.852,1,8,-9900,?,9,-9900,?,9,26.04,E,8,22.63,E,8,80.0,E,8,1008.6016999999999,E,8,999.0,E,8,2.94,E,8,-9900,?,9,-9900,?,9,0.018,E,8,-9900,?,9,-9900,?,9,0.18,99.0,E,8
01/25/2016,14:00,1312.728,1410.511,404.52,1,8,30.421,1,8,376.21,1,8,48542.4,1,8,2889.952,1,8,41383.059,1,8,128.677,1,8,-9900,?,9,-9900,?,9,26.27,E,8,22.65,E,8,80.0,E,8,1008.6016999999999,E,8,999.0,E,8,1.91,E,8,-9900,?,9,-9900,?,9,0.037,E,8,-9900,?,9,-9900,?,9,0.37,99.0,E,8
01/25/2016,15:00,1149.207,1410.511,360.93,1,8,33.571,1,8,333.583,1,8,43311.6,1,8,3189.216,1,8,36694.076,1,8,130.346,1,8,-9900,?,9,-9900,?,9,26.39,E,8,22.66,E,8,83.0,E,8,1008.6016999999999,E,8,999.0,E,8,2.29,E,8,-9900,?,9,-9900,?,9,0.24,E,8,-9900,?,9,-9900,?,9,2.4,99.0,E,8
01/25/2016,16:00,918.766,1410.511,292.26,1,8,19.302,1,8,279.692,1,8,35071.2,1,8,1833.702,1,8,30766.137,1,8,136.733,1,8,-9900,?,9,-9900,?,9,26.4,E,8,22.66,E,8,79.0,E,8,1008.6016999999999,E,8,999.0,E,8,2.31,E,8,-9900,?,9,-9900,?,9,0.014000000000000002,E,8,-9900,?,9,-9900,?,9,0.14,99.0,E,8
01/25/2016,17:00,637.189,1410.511,203.96,1,8,46.088,1,8,183.164,1,8,24475.2,1,8,4378.355,1,8,20148.018,1,8,129.209,1,8,-9900,?,9,-9900,?,9,26.23,E,8,22.65,E,8,80.0,E,8,1008.6016999999999,E,8,999.0,E,8,2.68,E,8,-9900,?,9,-9900,?,9,0.004,E,8,-9900,?,9,-9900,?,9,0.04,99.0,E,8
01/25/2016,18:00,324.078,1410.511,104.52,1,8,45.251,1,8,94.176,1,8,12542.4,1,8,4298.857,1,8,10359.387,1,8,131.142,1,8,-9900,?,9,-9900,?,9,25.92,E,8,22.61,E,8,81.0,E,8,1008.6016999999999,E,8,999.0,E,8,2.55,E,8,-9900,?,9,-9900,?,9,0.03,E,8,-9900,?,9,-9900,?,9,0.3,99.0,E,8
01/25/2016,19:00,9.855,1410.511,14.71,1,8,0.0,1,8,0.0,1,8,1765.2,1,8,0.0,1,8,0.0,1,8,-0.0,1,8,-9900,?,9,-9900,?,9,25.51,E,8,22.57,E,8,85.0,E,8,1008.6016999999999,E,8,999.0,E,8,2.0,E,8,-9900,?,9,-9900,?,9,0.434,E,8,-9900,?,9,-9900,?,9,4.34,99.0,E,8
01/25/2016,20:00,0.0,1410.511,0.0,1,8,0.0,1,8,0.0,1,8,0.0,1,8,0.0,1,8,0.0,1,8,-0.0,1,8,-9900,?,9,-9900,?,9,25.07,E,8,22.52,E,8,83.0,E,8,1008.6016999999999,E,8,999.0,E,8,2.22,E,8,-9900,?,9,-9900,?,9,0.06899999999999999,E,8,-9900,?,9,-9900,?,9,0.69,99.0,E,8
01/25/2016,21:00,0.0,1410.511,0.0,1,8,0.0,1,8,0.0,1,8,0.0,1,8,0.0,1,8,0.0,1,8,-0.0,1,8,-9900,?,9,-9900,?,9,24.63,E,8,22.47,E,8,85.0,E,8,1008.6016999999999,E,8,999.0,E,8,2.99,E,8,-9900,?,9,-9900,?,9,0.05600000000000001,E,8,-9900,?,9,-9900,?,9,0.56,99.0,E,8
01/25/2016,22:00,0.0,1410.511,0.0,1,8,0.0,1,8,0.0,1,8,0.0,1,8,0.0,1,8,0.0,1,8,-0.0,1,8,-9900,?,9,-9900,?,9,24.19,E,8,22.42,E,8,89.0,E,8,1008.6016999999999,E,8,999.0,E,8,2.78,E,8,-9900,?,9,-9900,?,9,0.19,E,8,-9900,?,9,-9900,?,9,1.9,99.0,E,8
01/25/2016,23:00,0.0,1410.511,0.0,1,8,0.0,1,8,0.0,1,8,0.0,1,8,0.0,1,8,0.0,1,8,-0.0,1,8,-9900,?,9,-9900,?,9,23.74,E,8,22.37,E,8,87.0,E,8,1008.6016999999999,E,8,999.0,E,8,3.13,E,8,-9900,?,9,-9900,?,9,0.023,E,8,-9900,?,9,-9900,?,9,0.23,99.0,E,8
01/25/2016,24:00,0.0,1410.511,0.0,1,8,0.0,1,8,0.0,1,8,0.0,1,8,0.0,1,8,0.0,1,8,-0.0,1,8,-9900,?,9,-9900,?,9,23.3,E,8,21.68,E,8,85.0,E,8,1008.6016999999999,E,8,999.0,E,8,3.76,E,8,-9900,?,9,-9900,?,9,0.08199999999999999,E,8,-9900,?,9,-9900,?,9,0.82,99.0,E,8
01/26/2016,01:00,0.0,1410.511,0.0,1,8,0.0,1,8,0.0,1,8,0.0,1,8,0.0,1,8,0.0,1,8,-0.0,1,8,-9900,?,9,-9900,?,9,23.08,E,8,21.7,E,8,90.0,E,8,1008.6016999999999,E,8,999.0,E,8,4.71,E,8,-9900,?,9,-9900,?,9,0.375,E,8,-9900,?,9,-9900,?,9,3.75,99.0,E,8
01/26/2016,02:00,0.0,1410.511,0.0,1,8,0.0,1,8,0.0,1,8,0.0,1,8,0.0,1,8,0.0,1,8,-0.0,1,8,-9900,?,9,-9900,?,9,22.86,E,8,21.71,E,8,91.0,E,8,1008.6016999999999,E,8,999.0,E,8,4.28,E,8,-9900,?,9,-9900,?,9,0.16799999999999998,E,8,-9900,?,9,-9900,?,9,1.68,99.0,E,8
01/26/2016,03:00,0.0,1410.511,0.0,1,8,0.0,1,8,0.0,1,8,0.0,1,8,0.0,1,8,0.0,1,8,-0.0,1,8,-9900,?,9,-9900,?,9,22.64,E,8,21.73,E,8,88.0,E,8,1008.6016999999999,E,8,999.0,E,8,4.22,E,8,-9900,?,9,-9900,?,9,0.016,E,8,-9900,?,9,-9900,?,9,0.16,99.0,E,8
01/26/2016,04:00,0.0,1410.186,0.0,1,8,0.0,1,8,0.0,1,8,0.0,1,8,0.0,1,8,0.0,1,8,-0.0,1,8,-9900,?,9,-9900,?,9,22.42,E,8,21.74,E,8,89.0,E,8,1008.6016999999999,E,8,999.0,E,8,4.13,E,8,-9900,?,9,-9900,?,9,0.037,E,8,-9900,?,9,-9900,?,9,0.37,99.0,E,8
01/26/2016,05:00,0.0,1410.186,0.0,1,8,0.0,1,8,0.0,1,8,0.0,1,8,0.0,1,8,0.0,1,8,-0.0,1,8,-9900,?,9,-9900,?,9,22.23,E,8,21.75,E,8,94.0,E,8,1008.6016999999999,E,8,999.0,E,8,3.81,E,8,-9900,?,9,-9900,?,9,0.23199999999999998,E,8,-9900,?,9,-9900,?,9,2.32,99.0,E,8
01/26/2016,06:00,17.919,1410.186,0.0,1,8,0.0,1,8,0.0,1,8,0.0,1,8,0.0,1,8,0.0,1,8,0.0,1,8,-9900,?,9,-9900,?,9,22.08,E,8,21.76,E,8,99.0,E,8,1008.6016999999999,E,8,999.0,E,8,3.13,E,8,-9900,?,9,-9900,?,9,3.9770000000000003,E,8,-9900,?,9,-9900,?,9,39.77,99.0,E,8
01/26/2016,07:00,333.401,1410.186,9.37,1,8,0.0,1,8,9.37,1,8,1124.4,1,8,0.0,1,8,1030.7,1,8,12.676,1,8,-9900,?,9,-9900,?,9,21.93,E,8,21.77,E,8,95.0,E,8,1008.6016999999999,E,8,999.0,E,8,3.09,E,8,-9900,?,9,-9900,?,9,0.129,E,8,-9900,?,9,-9900,?,9,1.29,99.0,E,8
01/26/2016,08:00,645.903,1410.186,60.6,1,8,0.0,1,8,60.6,1,8,7272.0,1,8,0.0,1,8,6666.0,1,8,42.161,1,8,-9900,?,9,-9900,?,9,23.24,E,8,21.68,E,8,85.0,E,8,1008.6016999999999,E,8,999.0,E,8,2.26,E,8,-9900,?,9,-9900,?,9,0.045,E,8,-9900,?,9,-9900,?,9,0.45,99.0,E,8
01/26/2016,09:00,926.231,1410.186,116.59,1,8,0.0,1,8,116.59,1,8,13990.8,1,8,0.0,1,8,12824.9,1,8,56.524,1,8,-9900,?,9,-9900,?,9,24.25,E,8,21.62,E,8,81.0,E,8,1008.6016999999999,E,8,999.0,E,8,2.26,E,8,-9900,?,9,-9900,?,9,0.01,E,8,-9900,?,9,-9900,?,9,0.1,99.0,E,8
01/26/2016,10:00,1154.87,1410.186,160.09,1,8,0.859,1,8,159.387,1,8,19210.8,1,8,81.606,1,8,17532.528,1,8,61.96,1,8,-9900,?,9,-9900,?,9,25.16,E,8,21.55,E,8,77.0,E,8,1008.6016999999999,E,8,999.0,E,8,2.97,E,8,-9900,?,9,-9900,?,9,0.005,E,8,-9900,?,9,-9900,?,9,0.05,99.0,E,8
01/26/2016,11:00,1316.134,1410.186,181.4,1,8,2.647,1,8,178.93,1,8,21768.0,1,8,251.462,1,8,19682.264,1,8,61.028,1,8,-9900,?,9,-9900,?,9,25.87,E,8,21.5,E,8,71.0,E,8,1008.6016999999999,E,8,999.0,E,8,3.25,E,8,-9900,?,9,-9900,?,9,0.0,E,8,-9900,?,9,-9900,?,9,0.0,0.0,E,8
01/26/2016,12:00,1398.989,1410.186,205.9,1,8,2.812,1,8,203.11,1,8,24708.0,1,8,267.169,1,8,22342.104,1,8,65.17,1,8,-9900,?,9,-9900,?,9,26.49,E,8,21.46,E,8,72.0,E,8,1008.6016999999999,E,8,999.0,E,8,3.29,E,8,-9900,?,9,-9900,?,9,0.001,E,8,-9900,?,9,-9900,?,9,0.01,99.0,E,8
01/26/2016,13:00,1397.763,1410.186,241.17,1,8,3.7,1,8,237.502,1,8,28940.4,1,8,351.535,1,8,26125.247,1,8,76.272,1,8,-9900,?,9,-9900,?,9,27.13,E,8,21.42,E,8,70.0,E,8,1008.6016999999999,E,8,999.0,E,8,2.94,E,8,-9900,?,9,-9900,?,9,0.007000000000000001,E,8,-9900,?,9,-9900,?,9,0.07,99.0,E,8
01/26/2016,14:00,1312.522,1410.186,216.78,1,8,4.253,1,8,212.822,1,8,26013.6,1,8,404.04,1,8,23410.384,1,8,72.787,1,8,-9900,?,9,-9900,?,9,27.49,E,8,21.39,E,8,69.0,E,8,1008.6016999999999,E,8,999.0,E,8,2.68,E,8,-9900,?,9,-9900,?,9,0.002,E,8,-9900,?,9,-9900,?,9,0.02,99.0,E,8
01/26/2016,15:00,1149.071,1410.186,208.48,1,8,3.58,1,8,205.564,1,8,25017.6,1,8,340.063,1,8,22612.0,1,8,80.314,1,8,-9900,?,9,-9900,?,9,27.73,E,8,21.38,E,8,68.0,E,8,1008.6016999999999,E,8,999.0,E,8,2.26,E,8,-9900,?,9,-9900,?,9,0.025,E,8,-9900,?,9,-9900,?,9,0.25,99.0,E,8
01/26/2016,16:00,918.563,1410.186,168.86,1,8,0.152,1,8,168.761,1,8,20263.2,1,8,14.394,1,8,18563.748,1,8,82.502,1,8,-9900,?,9,-9900,?,9,27.78,E,8,21.37,E,8,68.0,E,8,1008.6016999999999,E,8,999.0,E,8,2.26,E,8,-9900,?,9,-9900,?,9,0.004,E,8,-9900,?,9,-9900,?,9,0.04,99.0,E,8
01/26/2016,17:00,636.787,1410.186,114.98,1,8,0.0,1,8,114.98,1,8,13797.6,1,8,0.0,1,8,12647.8,1,8,81.143,1,8,-9900,?,9,-9900,?,9,27.54,E,8,21.39,E,8,72.0,E,8,1008.6016999999999,E,8,999.0,E,8,2.26,E,8,-9900,?,9,-9900,?,9,0.10200000000000001,E,8,-9900,?,9,-9900,?,9,1.02,99.0,E,8
01/26/2016,18:00,323.362,1410.186,58.86,1,8,0.0,1,8,58.86,1,8,7063.2,1,8,0.0,1,8,6474.6,1,8,82.128,1,8,-9900,?,9,-9900,?,9,27.04,E,8,21.42,E,8,70.0,E,8,1008.6016999999999,E,8,999.0,E,8,2.26,E,8,-9900,?,9,-9900,?,9,0.05500000000000001,E,8,-9900,?,9,-9900,?,9,0.55,99.0,E,8
01/26/2016,19:00,8.891,1410.186,8.2,1,8,0.0,1,8,0.0,1,8,984.0,1,8,0.0,1,8,0.0,1,8,-0.0,1,8,-9900,?,9,-9900,?,9,26.38,E,8,21.47,E,8,73.0,E,8,1008.6016999999999,E,8,999.0,E,8,2.26,E,8,-9900,?,9,-9900,?,9,0.03,E,8,-9900,?,9,-9900,?,9,0.3,99.0,E,8
01/26/2016,20:00,0.0,1410.186,0.0,1,8,0.0,1,8,0.0,1,8,0.0,1,8,0.0,1,8,0.0,1,8,-0.0,1,8,-9900,?,9,-9900,?,9,25.91,E,8,21.5,E,8,74.0,E,8,1008.6016999999999,E,8,999.0,E,8,2.26,E,8,-9900,?,9,-9900,?,9,0.012,E,8,-9900,?,9,-9900,?,9,0.12,99.0,E,8
01/26/2016,21:00,0.0,1410.186,0.0,1,8,0.0,1,8,0.0,1,8,0.0,1,8,0.0,1,8,0.0,1,8,-0.0,1,8,-9900,?,9,-9900,?,9,25.44,E,8,21.53,E,8,76.0,E,8,1008.6016999999999,E,8,999.0,E,8,2.26,E,8,-9900,?,9,-9900,?,9,0.067,E,8,-9900,?,9,-9900,?,9,0.67,99.0,E,8
01/26/2016,22:00,0.0,1410.186,0.0,1,8,0.0,1,8,0.0,1,8,0.0,1,8,0.0,1,8,0.0,1,8,-0.0,1,8,-9900,?,9,-9900,?,9,24.97,E,8,21.57,E,8,78.0,E,8,1008.6016999999999,E,8,999.0,E,8,2.26,E,8,-9900,?,9,-9900,?,9,0.001,E,8,-9900,?,9,-9900,?,9,0.01,99.0,E,8
01/26/2016,23:00,0.0,1410.186,0.0,1,8,0.0,1,8,0.0,1,8,0.0,1,8,0.0,1,8,0.0,1,8,-0.0,1,8,-9900,?,9,-9900,?,9,24.5,E,8,21.6,E,8,80.0,E,8,1008.6016999999999,E,8,999.0,E,8,2.26,E,8,-9900,?,9,-9900,?,9,0.02,E,8,-9900,?,9,-9900,?,9,0.2,99.0,E,8
01/26/2016,24:00,0.0,1410.186,0.0,1,8,0.0,1,8,0.0,1,8,0.0,1,8,0.0,1,8,0.0,1,8,-0.0,1,8,-9900,?,9,-9900,?,9,24.03,E,8,21.82,E,8,85.0,E,8,1008.6016999999999,E,8,999.0,E,8,1.38,E,8,-9900,?,9,-9900,?,9,0.017,E,8,-9900,?,9,-9900,?,9,0.17,99.0,E,8
01/27/2016,01:00,0.0,1410.186,0.0,1,8,0.0,1,8,0.0,1,8,0.0,1,8,0.0,1,8,0.0,1,8,-0.0,1,8,-9900,?,9,-9900,?,9,23.8,E,8,21.83,E,8,86.0,E,8,1008.6016999999999,E,8,999.0,E,8,1.38,E,8,-9900,?,9,-9900,?,9,0.008,E,8,-9900,?,9,-9900,?,9,0.08,99.0,E,8
01/27/2016,02:00,0.0,1410.186,0.0,1,8,0.0,1,8,0.0,1,8,0.0,1,8,0.0,1,8,0.0,1,8,-0.0,1,8,-9900,?,9,-9900,?,9,23.56,E,8,21.85,E,8,95.0,E,8,1008.6016999999999,E,8,999.0,E,8,1.38,E,8,-9900,?,9,-9900,?,9,0.673,E,8,-9900,?,9,-9900,?,9,6.73,99.0,E,8
01/27/2016,03:00,0.0,1410.186,0.0,1,8,0.0,1,8,0.0,1,8,0.0,1,8,0.0,1,8,0.0,1,8,-0.0,1,8,-9900,?,9,-9900,?,9,23.33,E,8,21.86,E,8,89.0,E,8,1008.6016999999999,E,8,999.0,E,8,1.38,E,8,-9900,?,9,-9900,?,9,0.004,E,8,-9900,?,9,-9900,?,9,0.04,99.0,E,8
01/27/2016,04:00,0.0,1409.848,0.0,1,8,0.0,1,8,0.0,1,8,0.0,1,8,0.0,1,8,0.0,1,8,-0.0,1,8,-9900,?,9,-9900,?,9,23.09,E,8,21.87,E,8,90.0,E,8,1008.6016999999999,E,8,999.0,E,8,1.38,E,8,-9900,?,9,-9900,?,9,0.003,E,8,-9900,?,9,-9900,?,9,0.03,99.0,E,8
01/27/2016,05:00,0.0,1409.848,0.0,1,8,0.0,1,8,0.0,1,8,0.0,1,8,0.0,1,8,0.0,1,8,-0.0,1,8,-9900,?,9,-9900,?,9,22.89,E,8,21.89,E,8,87.0,E,8,1008.6016999999999,E,8,999.0,E,8,1.38,E,8,-9900,?,9,-9900,?,9,0.0,E,8,-9900,?,9,-9900,?,9,0.0,0.0,E,8
01/27/2016,06:00,14.867,1409.848,0.0,1,8,0.0,1,8,0.0,1,8,0.0,1,8,0.0,1,8,0.0,1,8,0.0,1,8,-9900,?,9,-9900,?,9,22.73,E,8,21.89,E,8,91.0,E,8,1008.6016999999999,E,8,999.0,E,8,1.38,E,8,-9900,?,9,-9900,?,9,0.001,E,8,-9900,?,9,-9900,?,9,0.01,99.0,E,8
01/27/2016,07:00,330.304,1409.848,40.71,1,8,0.0,1,8,40.71,1,8,4885.2,1,8,0.0,1,8,4478.1,1,8,55.584,1,8,-9900,?,9,-9900,?,9,22.58,E,8,21.9,E,8,92.0,E,8,1008.6016999999999,E,8,999.0,E,8,1.38,E,8,-9900,?,9,-9900,?,9,0.006,E,8,-9900,?,9,-9900,?,9,0.06,99.0,E,8
01/27/2016,08:00,643.268,1409.848,249.8,1,8,116.159,1,8,196.859,1,8,29976.0,1,8,11035.113,1,8,21654.52,1,8,137.489,1,8,-9900,?,9,-9900,?,9,24.33,E,8,21.8,E,8,80.0,E,8,1008.6016999999999,E,8,999.0,E,8,1.38,E,8,-9900,?,9,-9900,?,9,0.0,E,8,-9900,?,9,-9900,?,9,0.0,0.0,E,8
01/27/2016,09:00,924.1,1409.848,495.65,1,8,291.274,1,8,304.806,1,8,59478.0,1,8,27671.038,1,8,33528.614,1,8,148.08,1,8,-9900,?,9,-9900,?,9,25.74,E,8,21.72,E,8,74.0,E,8,1008.6016999999999,E,8,999.0,E,8,1.38,E,8,-9900,?,9,-9900,?,9,0.0,E,8,-9900,?,9,-9900,?,9,0.0,0.0,E,8
01/27/2016,10:00,1153.242,1409.848,726.91,1,8,506.298,1,8,312.823,1,8,87229.2,1,8,48098.331,1,8,34410.548,1,8,121.749,1,8,-9900,?,9,-9900,?,9,27.14,E,8,21.64,E,8,69.0,E,8,1008.6016999999999,E,8,999.0,E,8,1.38,E,8,-9900,?,9,-9900,?,9,0.0,E,8,-9900,?,9,-9900,?,9,0.0,0.0,E,8
01/27/2016,11:00,1314.973,1409.848,877.64,1,8,595.58,1,8,322.164,1,8,105316.8,1,8,56580.126,1,8,35437.988,1,8,109.951,1,8,-9900,?,9,-9900,?,9,28.35,E,8,21.57,E,8,65.0,E,8,1008.6016999999999,E,8,999.0,E,8,1.38,E,8,-9900,?,9,-9900,?,9,0.0,E,8,-9900,?,9,-9900,?,9,0.0,0.0,E,8
01/27/2016,12:00,1398.225,1409.848,950.28,1,8,583.214,1,8,371.876,1,8,114033.6,1,8,55405.376,1,8,40906.388,1,8,119.356,1,8,-9900,?,9,-9900,?,9,29.3,E,8,21.51,E,8,62.0,E,8,1008.6016999999999,E,8,999.0,E,8,1.67,E,8,-9900,?,9,-9900,?,9,0.0,E,8,-9900,?,9,-9900,?,9,0.0,0.0,E,8
01/27/2016,13:00,1397.3,1409.848,981.66,1,8,597.515,1,8,389.466,1,8,117799.2,1,8,56763.93,1,8,42841.275,1,8,125.085,1,8,-9900,?,9,-9900,?,9,30.03,E,8,21.47,E,8,59.0,E,8,1008.6016999999999,E,8,999.0,E,8,2.55,E,8,-9900,?,9,-9900,?,9,0.0,E,8,-9900,?,9,-9900,?,9,0.0,0.0,E,8
01/27/2016,14:00,1312.243,1409.848,867.47,1,8,566.012,1,8,340.667,1,8,104096.4,1,8,53771.173,1,8,37473.396,1,8,116.509,1,8,-9900,?,9,-9900,?,9,30.41,E,8,21.45,E,8,58.0,E,8,1008.6016999999999,E,8,999.0,E,8,2.94,E,8,-9900,?,9,-9900,?,9,0.0,E,8,-9900,?,9,-9900,?,9,0.0,0.0,E,8
01/27/2016,15:00,1148.844,1409.848,786.38,1,8,670.019,1,8,240.482,1,8,94365.6,1,8,63651.798,1,8,26453.037,1,8,93.953,1,8,-9900,?,9,-9900,?,9,30.59,E,8,21.44,E,8,58.0,E,8,1008.6016999999999,E,8,999.0,E,8,4.21,E,8,-9900,?,9,-9900,?,9,0.0,E,8,-9900,?,9,-9900,?,9,0.0,0.0,E,8
01/27/2016,16:00,918.256,1409.848,607.28,1,8,674.513,1,8,168.134,1,8,72873.6,1,8,64078.715,1,8,18494.762,1,8,82.203,1,8,-9900,?,9,-9900,?,9,30.48,E,8,21.44,E,8,58.0,E,8,1008.6016999999999,E,8,999.0,E,8,3.6,E,8,-9900,?,9,-9900,?,9,0.0,E,8,-9900,?,9,-9900,?,9,0.0,0.0,E,8
01/27/2016,17:00,636.272,1409.848,433.25,1,8,723.763,1,8,106.985,1,8,51990.0,1,8,68757.467,1,8,11768.328,1,8,75.544,1,8,-9900,?,9,-9900,?,9,30.06,E,8,21.47,E,8,59.0,E,8,1008.6016999999999,E,8,999.0,E,8,2.79,E,8,-9900,?,9,-9900,?,9,0.0,E,8,-9900,?,9,-9900,?,9,0.0,0.0,E,8
01/27/2016,18:00,322.528,1409.848,220.7,1,8,446.338,1,8,119.118,1,8,26484.0,1,8,42402.07,1,8,13103.033,1,8,166.601,1,8,-9900,?,9,-9900,?,9,29.34,E,8,21.51,E,8,61.0,E,8,1008.6016999999999,E,8,999.0,E,8,1.43,E,8,-9900,?,9,-9900,?,9,0.0,E,8,-9900,?,9,-9900,?,9,0.0,0.0,E,8
01/27/2016,19:00,7.827,1409.848,27.65,1,8,0.0,1,8,0.0,1,8,3318.0,1,8,0.0,1,8,0.0,1,8,-0.0,1,8,-9900,?,9,-9900,?,9,28.43,E,8,21.56,E,8,68.0,E,8,1008.6016999999999,E,8,999.0,E,8,1.38,E,8,-9900,?,9,-9900,?,9,0.001,E,8,-9900,?,9,-9900,?,9,0.01,99.0,E,8
01/27/2016,20:00,0.0,1409.848,0.0,1,8,0.0,1,8,0.0,1,8,0.0,1,8,0.0,1,8,0.0,1,8,-0.0,1,8,-9900,?,9,-9900,?,9,27.62,E,8,21.61,E,8,71.0,E,8,1008.6016999999999,E,8,999.0,E,8,1.38,E,8,-9900,?,9,-9900,?,9,0.012,E,8,-9900,?,9,-9900,?,9,0.12,99.0,E,8
01/27/2016,21:00,0.0,1409.848,0.0,1,8,0.0,1,8,0.0,1,8,0.0,1,8,0.0,1,8,0.0,1,8,-0.0,1,8,-9900,?,9,-9900,?,9,26.81,E,8,21.66,E,8,74.0,E,8,1008.6016999999999,E,8,999.0,E,8,1.38,E,8,-9900,?,9,-9900,?,9,0.026000000000000002,E,8,-9900,?,9,-9900,?,9,0.26,99.0,E,8
01/27/2016,22:00,0.0,1409.848,0.0,1,8,0.0,1,8,0.0,1,8,0.0,1,8,0.0,1,8,0.0,1,8,-0.0,1,8,-9900,?,9,-9900,?,9,26.0,E,8,21.71,E,8,77.0,E,8,1008.6016999999999,E,8,999.0,E,8,1.38,E,8,-9900,?,9,-9900,?,9,0.047,E,8,-9900,?,9,-9900,?,9,0.47,99.0,E,8
01/27/2016,23:00,0.0,1409.848,0.0,1,8,0.0,1,8,0.0,1,8,0.0,1,8,0.0,1,8,0.0,1,8,-0.0,1,8,-9900,?,9,-9900,?,9,25.19,E,8,21.75,E,8,80.0,E,8,1008.6016999999999,E,8,999.0,E,8,1.38,E,8,-9900,?,9,-9900,?,9,0.002,E,8,-9900,?,9,-9900,?,9,0.02,99.0,E,8
01/27/2016,24:00,0.0,1409.848,0.0,1,8,0.0,1,8,0.0,1,8,0.0,1,8,0.0,1,8,0.0,1,8,-0.0,1,8,-9900,?,9,-9900,?,9,24.38,E,8,22.21,E,8,86.0,E,8,1008.6016999999999,E,8,999.0,E,8,1.65,E,8,-9900,?,9,-9900,?,9,0.009,E,8,-9900,?,9,-9900,?,9,0.09,99.0,E,8
01/28/2016,01:00,0.0,1409.848,0.0,1,8,0.0,1,8,0.0,1,8,0.0,1,8,0.0,1,8,0.0,1,8,-0.0,1,8,-9900,?,9,-9900,?,9,23.98,E,8,22.05,E,8,87.0,E,8,1008.6016999999999,E,8,999.0,E,8,1.65,E,8,-9900,?,9,-9900,?,9,0.028999999999999998,E,8,-9900,?,9,-9900,?,9,0.29,99.0,E,8
01/28/2016,02:00,0.0,1409.848,0.0,1,8,0.0,1,8,0.0,1,8,0.0,1,8,0.0,1,8,0.0,1,8,-0.0,1,8,-9900,?,9,-9900,?,9,23.57,E,8,21.89,E,8,88.0,E,8,1008.6016999999999,E,8,999.0,E,8,1.65,E,8,-9900,?,9,-9900,?,9,0.015,E,8,-9900,?,9,-9900,?,9,0.15,99.0,E,8
01/28/2016,03:00,0.0,1409.848,0.0,1,8,0.0,1,8,0.0,1,8,0.0,1,8,0.0,1,8,0.0,1,8,-0.0,1,8,-9900,?,9,-9900,?,9,23.17,E,8,21.72,E,8,95.0,E,8,1008.6016999999999,E,8,999.0,E,8,1.65,E,8,-9900,?,9,-9900,?,9,0.536,E,8,-9900,?,9,-9900,?,9,5.36,99.0,E,8
01/28/2016,04:00,0.0,1409.496,0.0,1,8,0.0,1,8,0.0,1,8,0.0,1,8,0.0,1,8,0.0,1,8,-0.0,1,8,-9900,?,9,-9900,?,9,22.76,E,8,21.56,E,8,90.0,E,8,1008.6016999999999,E,8,999.0,E,8,1.65,E,8,-9900,?,9,-9900,?,9,0.002,E,8,-9900,?,9,-9900,?,9,0.02,99.0,E,8
01/28/2016,05:00,0.0,1409.496,0.0,1,8,0.0,1,8,0.0,1,8,0.0,1,8,0.0,1,8,0.0,1,8,-0.0,1,8,-9900,?,9,-9900,?,9,22.4,E,8,21.41,E,8,90.0,E,8,1008.6016999999999,E,8,999.0,E,8,1.65,E,8,-9900,?,9,-9900,?,9,0.003,E,8,-9900,?,9,-9900,?,9,0.03,99.0,E,8
01/28/2016,06:00,11.855,1409.496,0.0,1,8,0.0,1,8,0.0,1,8,0.0,1,8,0.0,1,8,0.0,1,8,0.0,1,8,-9900,?,9,-9900,?,9,22.13,E,8,21.29,E,8,91.0,E,8,1008.6016999999999,E,8,999.0,E,8,1.65,E,8,-9900,?,9,-9900,?,9,0.002,E,8,-9900,?,9,-9900,?,9,0.02,99.0,E,8
01/28/2016,07:00,327.224,1409.496,28.58,1,8,0.0,1,8,28.58,1,8,3429.6,1,8,0.0,1,8,3143.8,1,8,39.383,1,8,-9900,?,9,-9900,?,9,21.87,E,8,21.19,E,8,92.0,E,8,1008.6016999999999,E,8,999.0,E,8,1.65,E,8,-9900,?,9,-9900,?,9,0.001,E,8,-9900,?,9,-9900,?,9,0.01,99.0,E,8
01/28/2016,08:00,640.646,1409.496,223.59,1,8,79.115,1,8,187.671,1,8,26830.8,1,8,7515.93,1,8,20643.793,1,8,131.577,1,8,-9900,?,9,-9900,?,9,23.52,E,8,21.87,E,8,85.0,E,8,1008.6016999999999,E,8,999.0,E,8,1.65,E,8,-9900,?,9,-9900,?,9,0.0,E,8,-9900,?,9,-9900,?,9,0.0,0.0,E,8
01/28/2016,09:00,921.974,1409.496,345.97,1,8,60.852,1,8,306.181,1,8,41516.4,1,8,5780.945,1,8,33679.943,1,8,149.054,1,8,-9900,?,9,-9900,?,9,24.48,E,8,22.25,E,8,86.0,E,8,1008.6016999999999,E,8,999.0,E,8,1.65,E,8,-9900,?,9,-9900,?,9,0.001,E,8,-9900,?,9,-9900,?,9,0.01,99.0,E,8
01/28/2016,10:00,1151.607,1409.496,340.79,1,8,24.481,1,8,320.791,1,8,40894.8,1,8,2325.659,1,8,35287.055,1,8,124.996,1,8,-9900,?,9,-9900,?,9,24.95,E,8,22.44,E,8,85.0,E,8,1008.6016999999999,E,8,999.0,E,8,1.65,E,8,-9900,?,9,-9900,?,9,0.004,E,8,-9900,?,9,-9900,?,9,0.04,99.0,E,8
01/28/2016,11:00,1313.789,1409.496,598.44,1,8,179.607,1,8,431.036,1,8,71812.8,1,8,17062.664,1,8,47413.967,1,8,147.205,1,8,-9900,?,9,-9900,?,9,25.9,E,8,22.81,E,8,80.0,E,8,1008.6016999999999,E,8,999.0,E,8,1.65,E,8,-9900,?,9,-9900,?,9,0.0,E,8,-9900,?,9,-9900,?,9,0.0,0.0,E,8
01/28/2016,12:00,1397.422,1409.496,961.59,1,8,567.418,1,8,399.036,1,8,115390.8,1,8,53904.683,1,8,43893.946,1,8,128.115,1,8,-9900,?,9,-9900,?,9,27.33,E,8,23.35,E,8,77.0,E,8,1008.6016999999999,E,8,999.0,E,8,1.65,E,8,-9900,?,9,-9900,?,9,0.0,E,8,-9900,?,9,-9900,?,9,0.0,0.0,E,8
01/28/2016,13:00,1396.779,1409.496,996.49,1,8,596.358,1,8,405.515,1,8,119578.8,1,8,56654.055,1,8,44606.688,1,8,130.255,1,8,-9900,?,9,-9900,?,9,28.42,E,8,23.75,E,8,75.0,E,8,1008.6016999999999,E,8,999.0,E,8,1.66,E,8,-9900,?,9,-9900,?,9,0.0,E,8,-9900,?,9,-9900,?,9,0.0,0.0,E,8
01/28/2016,14:00,1311.887,1409.496,777.84,1,8,313.03,1,8,486.501,1,8,93340.8,1,8,29737.807,1,8,53515.136,1,8,166.388,1,8,-9900,?,9,-9900,?,9,28.87,E,8,23.91,E,8,74.0,E,8,1008.6016999999999,E,8,999.0,E,8,2.27,E,8,-9900,?,9,-9900,?,9,0.0,E,8,-9900,?,9,-9900,?,9,0.0,0.0,E,8
01/28/2016,15:00,1148.526,1409.496,394.68,1,8,63.765,1,8,342.729,1,8,47361.6,1,8,6057.669,1,8,37700.183,1,8,133.902,1,8,-9900,?,9,-9900,?,9,28.53,E,8,23.79,E,8,78.0,E,8,1008.6016999999999,E,8,999.0,E,8,2.26,E,8,-9900,?,9,-9900,?,9,0.012,E,8,-9900,?,9,-9900,?,9,0.12,99.0,E,8
01/28/2016,16:00,917.845,1409.496,546.28,1,8,408.579,1,8,280.325,1,8,65553.6,1,8,38814.961,1,8,30835.776,1,8,137.082,1,8,-9900,?,9,-9900,?,9,28.59,E,8,23.81,E,8,75.0,E,8,1008.6016999999999,E,8,999.0,E,8,2.67,E,8,-9900,?,9,-9900,?,9,0.0,E,8,-9900,?,9,-9900,?,9,0.0,0.0,E,8
01/28/2016,17:00,635.643,1409.496,380.83,1,8,538.004,1,8,138.483,1,8,45699.6,1,8,51110.387,1,8,15233.107,1,8,97.857,1,8,-9900,?,9,-9900,?,9,28.3,E,8,23.71,E,8,75.0,E,8,1008.6016999999999,E,8,999.0,E,8,2.45,E,8,-9900,?,9,-9900,?,9,0.0,E,8,-9900,?,9,-9900,?,9,0.0,0.0,E,8
01/28/2016,18:00,321.575,1409.496,194.38,1,8,535.728,1,8,72.787,1,8,23325.6,1,8,50894.207,1,8,8006.621,1,8,102.081,1,8,-9900,?,9,-9900,?,9,27.72,E,8,23.49,E,8,80.0,E,8,1008.6016999999999,E,8,999.0,E,8,1.66,E,8,-9900,?,9,-9900,?,9,0.001,E,8,-9900,?,9,-9900,?,9,0.01,99.0,E,8
01/28/2016,19:00,6.666,1409.496,26.42,1,8,0.0,1,8,0.0,1,8,3170.4,1,8,0.0,1,8,0.0,1,8,-0.0,1,8,-9900,?,9,-9900,?,9,26.94,E,8,23.2,E,8,81.0,E,8,1008.6016999999999,E,8,999.0,E,8,1.65,E,8,-9900,?,9,-9900,?,9,0.005,E,8,-9900,?,9,-9900,?,9,0.05,99.0,E,8
01/28/2016,20:00,0.0,1409.496,0.0,1,8,0.0,1,8,0.0,1,8,0.0,1,8,0.0,1,8,0.0,1,8,-0.0,1,8,-9900,?,9,-9900,?,9,26.31,E,8,22.96,E,8,82.0,E,8,1008.6016999999999,E,8,999.0,E,8,1.65,E,8,-9900,?,9,-9900,?,9,0.006,E,8,-9900,?,9,-9900,?,9,0.06,99.0,E,8
01/28/2016,21:00,0.0,1409.496,0.0,1,8,0.0,1,8,0.0,1,8,0.0,1,8,0.0,1,8,0.0,1,8,-0.0,1,8,-9900,?,9,-9900,?,9,25.68,E,8,22.72,E,8,84.0,E,8,1008.6016999999999,E,8,999.0,E,8,1.65,E,8,-9900,?,9,-9900,?,9,0.007000000000000001,E,8,-9900,?,9,-9900,?,9,0.07,99.0,E,8
01/28/2016,22:00,0.0,1409.496,0.0,1,8,0.0,1,8,0.0,1,8,0.0,1,8,0.0,1,8,0.0,1,8,-0.0,1,8,-9900,?,9,-9900,?,9,25.06,E,8,22.48,E,8,85.0,E,8,1008.6016999999999,E,8,999.0,E,8,1.65,E,8,-9900,?,9,-9900,?,9,0.02,E,8,-9900,?,9,-9900,?,9,0.2,99.0,E,8
01/28/2016,23:00,0.0,1409.496,0.0,1,8,0.0,1,8,0.0,1,8,0.0,1,8,0.0,1,8,0.0,1,8,-0.0,1,8,-9900,?,9,-9900,?,9,24.43,E,8,22.23,E,8,86.0,E,8,1008.6016999999999,E,8,999.0,E,8,1.65,E,8,-9900,?,9,-9900,?,9,0.047,E,8,-9900,?,9,-9900,?,9,0.47,99.0,E,8
01/28/2016,24:00,0.0,1409.496,0.0,1,8,0.0,1,8,0.0,1,8,0.0,1,8,0.0,1,8,0.0,1,8,-0.0,1,8,-9900,?,9,-9900,?,9,23.8,E,8,20.18,E,8,83.0,E,8,1008.6016999999999,E,8,999.0,E,8,1.05,E,8,-9900,?,9,-9900,?,9,0.005,E,8,-9900,?,9,-9900,?,9,0.05,99.0,E,8
01/29/2016,01:00,0.0,1409.496,0.0,1,8,0.0,1,8,0.0,1,8,0.0,1,8,0.0,1,8,0.0,1,8,-0.0,1,8,-9900,?,9,-9900,?,9,23.48,E,8,20.13,E,8,84.0,E,8,1008.6016999999999,E,8,999.0,E,8,1.05,E,8,-9900,?,9,-9900,?,9,0.003,E,8,-9900,?,9,-9900,?,9,0.03,99.0,E,8
01/29/2016,02:00,0.0,1409.496,0.0,1,8,0.0,1,8,0.0,1,8,0.0,1,8,0.0,1,8,0.0,1,8,-0.0,1,8,-9900,?,9,-9900,?,9,23.17,E,8,20.08,E,8,86.0,E,8,1008.6016999999999,E,8,999.0,E,8,1.05,E,8,-9900,?,9,-9900,?,9,0.001,E,8,-9900,?,9,-9900,?,9,0.01,99.0,E,8
01/29/2016,03:00,0.0,1409.496,0.0,1,8,0.0,1,8,0.0,1,8,0.0,1,8,0.0,1,8,0.0,1,8,-0.0,1,8,-9900,?,9,-9900,?,9,22.86,E,8,20.03,E,8,82.0,E,8,1008.6016999999999,E,8,999.0,E,8,1.05,E,8,-9900,?,9,-9900,?,9,0.0,E,8,-9900,?,9,-9900,?,9,0.0,0.0,E,8
01/29/2016,04:00,0.0,1409.131,0.0,1,8,0.0,1,8,0.0,1,8,0.0,1,8,0.0,1,8,0.0,1,8,-0.0,1,8,-9900,?,9,-9900,?,9,22.54,E,8,19.98,E,8,88.0,E,8,1008.6016999999999,E,8,999.0,E,8,1.05,E,8,-9900,?,9,-9900,?,9,0.001,E,8,-9900,?,9,-9900,?,9,0.01,99.0,E,8
01/29/2016,05:00,0.0,1409.131,0.0,1,8,0.0,1,8,0.0,1,8,0.0,1,8,0.0,1,8,0.0,1,8,-0.0,1,8,-9900,?,9,-9900,?,9,22.26,E,8,19.93,E,8,85.0,E,8,1008.6016999999999,E,8,999.0,E,8,1.05,E,8,-9900,?,9,-9900,?,9,0.0,E,8,-9900,?,9,-9900,?,9,0.0,0.0,E,8
01/29/2016,06:00,8.883,1409.131,0.0,1,8,0.0,1,8,0.0,1,8,0.0,1,8,0.0,1,8,0.0,1,8,-0.0,1,8,-9900,?,9,-9900,?,9,22.06,E,8,19.9,E,8,85.0,E,8,1008.6016999999999,E,8,999.0,E,8,1.05,E,8,-9900,?,9,-9900,?,9,0.0,E,8,-9900,?,9,-9900,?,9,0.0,0.0,E,8
01/29/2016,07:00,324.163,1409.131,24.12,1,8,0.0,1,8,24.12,1,8,2894.4,1,8,0.0,1,8,2653.2,1,8,33.545,1,8,-9900,?,9,-9900,?,9,21.85,E,8,19.87,E,8,86.0,E,8,1008.6016999999999,E,8,999.0,E,8,1.05,E,8,-9900,?,9,-9900,?,9,0.0,E,8,-9900,?,9,-9900,?,9,0.0,0.0,E,8
01/29/2016,08:00,638.038,1409.131,172.58,1,8,16.563,1,8,165.089,1,8,20709.6,1,8,1573.469,1,8,18159.793,1,8,116.189,1,8,-9900,?,9,-9900,?,9,23.08,E,8,20.07,E,8,86.0,E,8,1008.6016999999999,E,8,999.0,E,8,1.05,E,8,-9900,?,9,-9900,?,9,0.001,E,8,-9900,?,9,-9900,?,9,0.01,99.0,E,8
01/29/2016,09:00,919.853,1409.131,336.74,1,8,54.836,1,8,300.958,1,8,40408.8,1,8,5209.426,1,8,33105.404,1,8,146.812,1,8,-9900,?,9,-9900,?,9,24.07,E,8,20.22,E,8,78.0,E,8,1008.6016999999999,E,8,999.0,E,8,1.05,E,8,-9900,?,9,-9900,?,9,0.0,E,8,-9900,?,9,-9900,?,9,0.0,0.0,E,8
01/29/2016,10:00,1149.964,1409.131,482.24,1,8,75.382,1,8,420.731,1,8,57868.8,1,8,7161.326,1,8,46280.407,1,8,164.129,1,8,-9900,?,9,-9900,?,9,25.03,E,8,20.37,E,8,74.0,E,8,1008.6016999999999,E,8,999.0,E,8,1.05,E,8,-9900,?,9,-9900,?,9,0.0,E,8,-9900,?,9,-9900,?,9,0.0,0.0,E,8
01/29/2016,11:00,1312.581,1409.131,595.03,1,8,75.588,1,8,524.624,1,8,71403.6,1,8,7180.837,1,8,57708.687,1,8,179.285,1,8,-9900,?,9,-9900,?,9,25.88,E,8,20.5,E,8,71.0,E,8,1008.6016999999999,E,8,999.0,E,8,2.06,E,8,-9900,?,9,-9900,?,9,0.0,E,8,-9900,?,9,-9900,?,9,0.0,0.0,E,8
01/29/2016,12:00,1396.577,1409.131,666.17,1,8,87.882,1,8,579.071,1,8,79940.4,1,8,8348.788,1,8,63697.855,1,8,185.982,1,8,-9900,?,9,-9900,?,9,26.6,E,8,20.62,E,8,69.0,E,8,1008.6016999999999,E,8,999.0,E,8,2.45,E,8,-9900,?,9,-9900,?,9,0.0,E,8,-9900,?,9,-9900,?,9,0.0,0.0,E,8
01/29/2016,13:00,1396.198,1409.131,690.34,1,8,101.651,1,8,589.622,1,8,82840.8,1,8,9656.892,1,8,64858.415,1,8,189.422,1,8,-9900,?,9,-9900,?,9,27.15,E,8,20.7,E,8,72.0,E,8,1008.6016999999999,E,8,999.0,E,8,3.87,E,8,-9900,?,9,-9900,?,9,0.002,E,8,-9900,?,9,-9900,?,9,0.02,99.0,E,8
01/29/2016,14:00,1311.455,1409.131,665.75,1,8,119.262,1,8,554.76,1,8,79890.0,1,8,11329.905,1,8,61023.566,1,8,189.746,1,8,-9900,?,9,-9900,?,9,27.53,E,8,20.76,E,8,71.0,E,8,1008.6016999999999,E,8,999.0,E,8,3.83,E,8,-9900,?,9,-9900,?,9,0.001,E,8,-9900,?,9,-9900,?,9,0.01,99.0,E,8
01/29/2016,15:00,1148.116,1409.131,594.18,1,8,174.796,1,8,451.783,1,8,71301.6,1,8,16605.64,1,8,49696.096,1,8,176.527,1,8,-9900,?,9,-9900,?,9,27.73,E,8,20.79,E,8,65.0,E,8,1008.6016999999999,E,8,999.0,E,8,4.13,E,8,-9900,?,9,-9900,?,9,0.0,E,8,-9900,?,9,-9900,?,9,0.0,0.0,E,8
01/29/2016,16:00,917.328,1409.131,480.99,1,8,178.808,1,8,364.634,1,8,57718.8,1,8,16986.806,1,8,40109.76,1,8,178.364,1,8,-9900,?,9,-9900,?,9,27.74,E,8,20.79,E,8,70.0,E,8,1008.6016999999999,E,8,999.0,E,8,3.35,E,8,-9900,?,9,-9900,?,9,0.003,E,8,-9900,?,9,-9900,?,9,0.03,99.0,E,8
01/29/2016,17:00,634.9,1409.131,335.15,1,8,354.094,1,8,175.792,1,8,40218.0,1,8,33638.951,1,8,19337.092,1,8,124.335,1,8,-9900,?,9,-9900,?,9,27.48,E,8,20.75,E,8,71.0,E,8,1008.6016999999999,E,8,999.0,E,8,2.96,E,8,-9900,?,9,-9900,?,9,0.004,E,8,-9900,?,9,-9900,?,9,0.04,99.0,E,8
01/29/2016,18:00,320.504,1409.131,170.78,1,8,446.085,1,8,69.848,1,8,20493.6,1,8,42378.116,1,8,7683.272,1,8,98.264,1,8,-9900,?,9,-9900,?,9,26.97,E,8,20.67,E,8,72.0,E,8,1008.6016999999999,E,8,999.0,E,8,2.72,E,8,-9900,?,9,-9900,?,9,0.02,E,8,-9900,?,9,-9900,?,9,0.2,99.0,E,8
01/29/2016,19:00,5.407,1409.131,22.88,1,8,0.0,1,8,0.0,1,8,2745.6,1,8,0.0,1,8,0.0,1,8,-0.0,1,8,-9900,?,9,-9900,?,9,26.29,E,8,20.57,E,8,75.0,E,8,1008.6016999999999,E,8,999.0,E,8,1.6,E,8,-9900,?,9,-9900,?,9,0.009,E,8,-9900,?,9,-9900,?,9,0.09,99.0,E,8
01/29/2016,20:00,0.0,1409.131,0.0,1,8,0.0,1,8,0.0,1,8,0.0,1,8,0.0,1,8,0.0,1,8,-0.0,1,8,-9900,?,9,-9900,?,9,25.57,E,8,20.46,E,8,77.0,E,8,1008.6016999999999,E,8,999.0,E,8,1.05,E,8,-9900,?,9,-9900,?,9,0.007000000000000001,E,8,-9900,?,9,-9900,?,9,0.07,99.0,E,8
01/29/2016,21:00,0.0,1409.131,0.0,1,8,0.0,1,8,0.0,1,8,0.0,1,8,0.0,1,8,0.0,1,8,-0.0,1,8,-9900,?,9,-9900,?,9,24.86,E,8,20.35,E,8,79.0,E,8,1008.6016999999999,E,8,999.0,E,8,1.05,E,8,-9900,?,9,-9900,?,9,0.012,E,8,-9900,?,9,-9900,?,9,0.12,99.0,E,8
01/29/2016,22:00,0.0,1409.131,0.0,1,8,0.0,1,8,0.0,1,8,0.0,1,8,0.0,1,8,0.0,1,8,-0.0,1,8,-9900,?,9,-9900,?,9,24.14,E,8,20.23,E,8,87.0,E,8,1008.6016999999999,E,8,999.0,E,8,1.05,E,8,-9900,?,9,-9900,?,9,0.22999999999999998,E,8,-9900,?,9,-9900,?,9,2.3,99.0,E,8
01/29/2016,23:00,0.0,1409.131,0.0,1,8,0.0,1,8,0.0,1,8,0.0,1,8,0.0,1,8,0.0,1,8,-0.0,1,8,-9900,?,9,-9900,?,9,23.43,E,8,20.12,E,8,85.0,E,8,1008.6016999999999,E,8,999.0,E,8,1.05,E,8,-9900,?,9,-9900,?,9,0.002,E,8,-9900,?,9,-9900,?,9,0.02,99.0,E,8
01/29/2016,24:00,0.0,1409.131,0.0,1,8,0.0,1,8,0.0,1,8,0.0,1,8,0.0,1,8,0.0,1,8,-0.0,1,8,-9900,?,9,-9900,?,9,22.71,E,8,19.56,E,8,87.0,E,8,1008.6016999999999,E,8,999.0,E,8,1.42,E,8,-9900,?,9,-9900,?,9,0.1,E,8,-9900,?,9,-9900,?,9,1.0,99.0,E,8
01/30/2016,01:00,0.0,1409.131,0.0,1,8,0.0,1,8,0.0,1,8,0.0,1,8,0.0,1,8,0.0,1,8,-0.0,1,8,-9900,?,9,-9900,?,9,22.35,E,8,19.69,E,8,85.0,E,8,1008.6016999999999,E,8,999.0,E,8,1.42,E,8,-9900,?,9,-9900,?,9,0.079,E,8,-9900,?,9,-9900,?,9,0.79,99.0,E,8
01/30/2016,02:00,0.0,1409.131,0.0,1,8,0.0,1,8,0.0,1,8,0.0,1,8,0.0,1,8,0.0,1,8,-0.0,1,8,-9900,?,9,-9900,?,9,22.0,E,8,19.81,E,8,92.0,E,8,1008.6016999999999,E,8,999.0,E,8,1.42,E,8,-9900,?,9,-9900,?,9,0.13,E,8,-9900,?,9,-9900,?,9,1.3,99.0,E,8
01/30/2016,03:00,0.0,1409.131,0.0,1,8,0.0,1,8,0.0,1,8,0.0,1,8,0.0,1,8,0.0,1,8,-0.0,1,8,-9900,?,9,-9900,?,9,21.64,E,8,19.93,E,8,95.0,E,8,1008.6016999999999,E,8,999.0,E,8,1.42,E,8,-9900,?,9,-9900,?,9,0.18,E,8,-9900,?,9,-9900,?,9,1.8,99.0,E,8
01/30/2016,04:00,0.0,1408.752,0.0,1,8,0.0,1,8,0.0,1,8,0.0,1,8,0.0,1,8,0.0,1,8,-0.0,1,8,-9900,?,9,-9900,?,9,21.28,E,8,20.06,E,8,92.0,E,8,1008.6016999999999,E,8,999.0,E,8,1.42,E,8,-9900,?,9,-9900,?,9,0.034999999999999996,E,8,-9900,?,9,-9900,?,9,0.35,99.0,E,8
01/30/2016,05:00,0.0,1408.752,0.0,1,8,0.0,1,8,0.0,1,8,0.0,1,8,0.0,1,8,0.0,1,8,-0.0,1,8,-9900,?,9,-9900,?,9,20.96,E,8,20.17,E,8,95.0,E,8,1008.6016999999999,E,8,999.0,E,8,1.42,E,8,-9900,?,9,-9900,?,9,0.041999999999999996,E,8,-9900,?,9,-9900,?,9,0.42,99.0,E,8
01/30/2016,06:00,5.951,1408.752,0.0,1,8,0.0,1,8,0.0,1,8,0.0,1,8,0.0,1,8,0.0,1,8,-0.0,1,8,-9900,?,9,-9900,?,9,20.73,E,8,20.25,E,8,97.0,E,8,1008.6016999999999,E,8,999.0,E,8,1.42,E,8,-9900,?,9,-9900,?,9,0.028999999999999998,E,8,-9900,?,9,-9900,?,9,0.29,99.0,E,8
01/30/2016,07:00,321.122,1408.752,22.01,1,8,0.0,1,8,22.01,1,8,2641.2,1,8,0.0,1,8,2421.1,1,8,30.895,1,8,-9900,?,9,-9900,?,9,20.49,E,8,20.33,E,8,99.0,E,8,1008.6016999999999,E,8,999.0,E,8,1.42,E,8,-9900,?,9,-9900,?,9,0.004,E,8,-9900,?,9,-9900,?,9,0.04,99.0,E,8
01/30/2016,08:00,635.445,1408.752,163.14,1,8,9.56,1,8,158.833,1,8,19576.8,1,8,908.227,1,8,17471.583,1,8,112.213,1,8,-9900,?,9,-9900,?,9,21.94,E,8,19.83,E,8,87.0,E,8,1008.6016999999999,E,8,999.0,E,8,1.42,E,8,-9900,?,9,-9900,?,9,0.003,E,8,-9900,?,9,-9900,?,9,0.03,99.0,E,8
01/30/2016,09:00,917.737,1408.752,319.83,1,8,44.417,1,8,290.906,1,8,38379.6,1,8,4219.649,1,8,31999.621,1,8,142.197,1,8,-9900,?,9,-9900,?,9,23.12,E,8,19.41,E,8,79.0,E,8,1008.6016999999999,E,8,999.0,E,8,1.42,E,8,-9900,?,9,-9900,?,9,0.019,E,8,-9900,?,9,-9900,?,9,0.19,99.0,E,8
01/30/2016,10:00,1148.313,1408.752,458.78,1,8,61.996,1,8,408.253,1,8,55053.6,1,8,5889.59,1,8,44907.841,1,8,159.448,1,8,-9900,?,9,-9900,?,9,24.25,E,8,19.0,E,8,67.0,E,8,1008.6016999999999,E,8,999.0,E,8,1.42,E,8,-9900,?,9,-9900,?,9,0.0,E,8,-9900,?,9,-9900,?,9,0.0,0.0,E,8
01/30/2016,11:00,1311.349,1408.752,566.56,1,8,62.27,1,8,508.598,1,8,67987.2,1,8,5915.673,1,8,55945.758,1,8,173.924,1,8,-9900,?,9,-9900,?,9,25.27,E,8,18.62,E,8,67.0,E,8,1008.6016999999999,E,8,999.0,E,8,2.14,E,8,-9900,?,9,-9900,?,9,0.001,E,8,-9900,?,9,-9900,?,9,0.01,99.0,E,8
01/30/2016,12:00,1395.689,1408.752,634.59,1,8,72.374,1,8,562.887,1,8,76150.8,1,8,6875.528,1,8,61917.624,1,8,180.851,1,8,-9900,?,9,-9900,?,9,26.12,E,8,18.29,E,8,62.0,E,8,1008.6016999999999,E,8,999.0,E,8,2.12,E,8,-9900,?,9,-9900,?,9,0.006,E,8,-9900,?,9,-9900,?,9,0.06,99.0,E,8
01/30/2016,13:00,1395.557,1408.752,657.79,1,8,83.747,1,8,574.828,1,8,78934.8,1,8,7955.949,1,8,63231.082,1,8,184.704,1,8,-9900,?,9,-9900,?,9,26.79,E,8,18.04,E,8,59.0,E,8,1008.6016999999999,E,8,999.0,E,8,2.7,E,8,-9900,?,9,-9900,?,9,0.023,E,8,-9900,?,9,-9900,?,9,0.23,99.0,E,8
01/30/2016,14:00,1310.944,1408.752,634.45,1,8,98.47,1,8,542.821,1,8,76134.0,1,8,9354.669,1,8,59710.266,1,8,185.685,1,8,-9900,?,9,-9900,?,9,27.24,E,8,17.86,E,8,57.0,E,8,1008.6016999999999,E,8,999.0,E,8,3.01,E,8,-9900,?,9,-9900,?,9,0.015,E,8,-9900,?,9,-9900,?,9,0.15,99.0,E,8
01/30/2016,15:00,1147.611,1408.752,566.26,1,8,144.983,1,8,448.17,1,8,67951.2,1,8,13773.372,1,8,49298.725,1,8,175.145,1,8,-9900,?,9,-9900,?,9,27.47,E,8,17.77,E,8,56.0,E,8,1008.6016999999999,E,8,999.0,E,8,2.98,E,8,-9900,?,9,-9900,?,9,0.01,E,8,-9900,?,9,-9900,?,9,0.1,99.0,E,8
01/30/2016,16:00,916.705,1408.752,458.31,1,8,149.448,1,8,361.1,1,8,54997.2,1,8,14197.559,1,8,39720.988,1,8,176.708,1,8,-9900,?,9,-9900,?,9,27.49,E,8,17.76,E,8,55.0,E,8,1008.6016999999999,E,8,999.0,E,8,2.94,E,8,-9900,?,9,-9900,?,9,0.002,E,8,-9900,?,9,-9900,?,9,0.02,99.0,E,8
01/30/2016,17:00,634.041,1408.752,319.18,1,8,299.916,1,8,184.351,1,8,38301.6,1,8,28491.992,1,8,20278.622,1,8,130.531,1,8,-9900,?,9,-9900,?,9,27.18,E,8,17.88,E,8,57.0,E,8,1008.6016999999999,E,8,999.0,E,8,2.25,E,8,-9900,?,9,-9900,?,9,0.008,E,8,-9900,?,9,-9900,?,9,0.08,99.0,E,8
01/30/2016,18:00,319.314,1408.752,162.33,1,8,469.737,1,8,56.416,1,8,19479.6,1,8,44625.013,1,8,6205.812,1,8,79.645,1,8,-9900,?,9,-9900,?,9,26.57,E,8,18.12,E,8,55.0,E,8,1008.6016999999999,E,8,999.0,E,8,1.83,E,8,-9900,?,9,-9900,?,9,0.0,E,8,-9900,?,9,-9900,?,9,0.0,0.0,E,8
01/30/2016,19:00,4.053,1408.752,21.4,1,8,0.0,1,8,0.0,1,8,2568.0,1,8,0.0,1,8,0.0,1,8,-0.0,1,8,-9900,?,9,-9900,?,9,25.77,E,8,18.43,E,8,64.0,E,8,1008.6016999999999,E,8,999.0,E,8,1.42,E,8,-9900,?,9,-9900,?,9,0.012,E,8,-9900,?,9,-9900,?,9,0.12,99.0,E,8
01/30/2016,20:00,0.0,1408.752,0.0,1,8,0.0,1,8,0.0,1,8,0.0,1,8,0.0,1,8,0.0,1,8,-0.0,1,8,-9900,?,9,-9900,?,9,25.15,E,8,18.66,E,8,67.0,E,8,1008.6016999999999,E,8,999.0,E,8,1.42,E,8,-9900,?,9,-9900,?,9,0.052000000000000005,E,8,-9900,?,9,-9900,?,9,0.52,99.0,E,8
01/30/2016,21:00,0.0,1408.752,0.0,1,8,0.0,1,8,0.0,1,8,0.0,1,8,0.0,1,8,0.0,1,8,-0.0,1,8,-9900,?,9,-9900,?,9,24.53,E,8,18.89,E,8,71.0,E,8,1008.6016999999999,E,8,999.0,E,8,1.42,E,8,-9900,?,9,-9900,?,9,0.064,E,8,-9900,?,9,-9900,?,9,0.64,99.0,E,8
01/30/2016,22:00,0.0,1408.752,0.0,1,8,0.0,1,8,0.0,1,8,0.0,1,8,0.0,1,8,0.0,1,8,-0.0,1,8,-9900,?,9,-9900,?,9,23.91,E,8,19.12,E,8,79.0,E,8,1008.6016999999999,E,8,999.0,E,8,1.42,E,8,-9900,?,9,-9900,?,9,0.292,E,8,-9900,?,9,-9900,?,9,2.92,99.0,E,8
01/30/2016,23:00,0.0,1408.752,0.0,1,8,0.0,1,8,0.0,1,8,0.0,1,8,0.0,1,8,0.0,1,8,-0.0,1,8,-9900,?,9,-9900,?,9,23.29,E,8,19.35,E,8,88.0,E,8,1008.6016999999999,E,8,999.0,E,8,1.42,E,8,-9900,?,9,-9900,?,9,3.093,E,8,-9900,?,9,-9900,?,9,30.93,99.0,E,8
01/30/2016,24:00,0.0,1408.752,0.0,1,8,0.0,1,8,0.0,1,8,0.0,1,8,0.0,1,8,0.0,1,8,-0.0,1,8,-9900,?,9,-9900,?,9,22.67,E,8,19.89,E,8,86.0,E,8,1008.6016999999999,E,8,999.0,E,8,0.97,E,8,-9900,?,9,-9900,?,9,0.081,E,8,-9900,?,9,-9900,?,9,0.81,99.0,E,8
01/31/2016,01:00,0.0,1408.752,0.0,1,8,0.0,1,8,0.0,1,8,0.0,1,8,0.0,1,8,0.0,1,8,-0.0,1,8,-9900,?,9,-9900,?,9,22.36,E,8,19.93,E,8,87.0,E,8,1008.6016999999999,E,8,999.0,E,8,0.97,E,8,-9900,?,9,-9900,?,9,0.015,E,8,-9900,?,9,-9900,?,9,0.15,99.0,E,8
01/31/2016,02:00,0.0,1408.752,0.0,1,8,0.0,1,8,0.0,1,8,0.0,1,8,0.0,1,8,0.0,1,8,-0.0,1,8,-9900,?,9,-9900,?,9,22.05,E,8,19.96,E,8,89.0,E,8,1008.6016999999999,E,8,999.0,E,8,0.97,E,8,-9900,?,9,-9900,?,9,0.028000000000000004,E,8,-9900,?,9,-9900,?,9,0.28,99.0,E,8
01/31/2016,03:00,0.0,1408.752,0.0,1,8,0.0,1,8,0.0,1,8,0.0,1,8,0.0,1,8,0.0,1,8,-0.0,1,8,-9900,?,9,-9900,?,9,21.74,E,8,20.0,E,8,90.0,E,8,1008.6016999999999,E,8,999.0,E,8,0.97,E,8,-9900,?,9,-9900,?,9,0.064,E,8,-9900,?,9,-9900,?,9,0.64,99.0,E,8
01/31/2016,04:00,0.0,1408.36,0.0,1,8,0.0,1,8,0.0,1,8,0.0,1,8,0.0,1,8,0.0,1,8,-0.0,1,8,-9900,?,9,-9900,?,9,21.43,E,8,20.03,E,8,92.0,E,8,1008.6016999999999,E,8,999.0,E,8,0.97,E,8,-9900,?,9,-9900,?,9,0.034,E,8,-9900,?,9,-9900,?,9,0.34,99.0,E,8
01/31/2016,05:00,0.0,1408.36,0.0,1,8,0.0,1,8,0.0,1,8,0.0,1,8,0.0,1,8,0.0,1,8,-0.0,1,8,-9900,?,9,-9900,?,9,21.16,E,8,20.06,E,8,93.0,E,8,1008.6016999999999,E,8,999.0,E,8,0.97,E,8,-9900,?,9,-9900,?,9,0.041999999999999996,E,8,-9900,?,9,-9900,?,9,0.42,99.0,E,8
01/31/2016,06:00,3.058,1408.36,0.0,1,8,0.0,1,8,0.0,1,8,0.0,1,8,0.0,1,8,0.0,1,8,-0.0,1,8,-9900,?,9,-9900,?,9,20.95,E,8,20.08,E,8,95.0,E,8,1008.6016999999999,E,8,999.0,E,8,0.97,E,8,-9900,?,9,-9900,?,9,0.001,E,8,-9900,?,9,-9900,?,9,0.01,99.0,E,8
01/31/2016,07:00,318.101,1408.36,19.66,1,8,0.0,1,8,19.66,1,8,2359.2,1,8,0.0,1,8,2162.6,1,8,27.854,1,8,-9900,?,9,-9900,?,9,20.75,E,8,20.11,E,8,96.0,E,8,1008.6016999999999,E,8,999.0,E,8,0.97,E,8,-9900,?,9,-9900,?,9,0.01,E,8,-9900,?,9,-9900,?,9,0.1,99.0,E,8
01/31/2016,08:00,632.867,1408.36,151.12,1,8,1.749,1,8,150.335,1,8,18134.4,1,8,166.163,1,8,16536.842,1,8,106.614,1,8,-9900,?,9,-9900,?,9,21.73,E,8,20.0,E,8,90.0,E,8,1008.6016999999999,E,8,999.0,E,8,0.97,E,8,-9900,?,9,-9900,?,9,0.006,E,8,-9900,?,9,-9900,?,9,0.06,99.0,E,8
01/31/2016,09:00,915.626,1408.36,297.66,1,8,32.798,1,8,276.346,1,8,35719.2,1,8,3115.786,1,8,30398.01,1,8,135.354,1,8,-9900,?,9,-9900,?,9,22.54,E,8,19.91,E,8,86.0,E,8,1008.6016999999999,E,8,999.0,E,8,0.97,E,8,-9900,?,9,-9900,?,9,0.019,E,8,-9900,?,9,-9900,?,9,0.19,99.0,E,8
01/31/2016,10:00,1146.652,1408.36,338.66,1,8,24.305,1,8,318.874,1,8,40639.2,1,8,2308.97,1,8,35076.192,1,8,124.686,1,8,-9900,?,9,-9900,?,9,23.06,E,8,19.85,E,8,84.0,E,8,1008.6016999999999,E,8,999.0,E,8,1.0,E,8,-9900,?,9,-9900,?,9,0.023,E,8,-9900,?,9,-9900,?,9,0.23,99.0,E,8
01/31/2016,11:00,1310.092,1408.36,528.6,1,8,88.885,1,8,445.921,1,8,63432.0,1,8,8444.029,1,8,49051.329,1,8,152.595,1,8,-9900,?,9,-9900,?,9,23.81,E,8,19.76,E,8,80.0,E,8,1008.6016999999999,E,8,999.0,E,8,1.92,E,8,-9900,?,9,-9900,?,9,0.001,E,8,-9900,?,9,-9900,?,9,0.01,99.0,E,8
01/31/2016,12:00,1394.758,1408.36,592.36,1,8,54.996,1,8,537.895,1,8,71083.2,1,8,5224.63,1,8,59168.487,1,8,172.888,1,8,-9900,?,9,-9900,?,9,24.43,E,8,19.7,E,8,74.0,E,8,1008.6016999999999,E,8,999.0,E,8,2.94,E,8,-9900,?,9,-9900,?,9,0.0,E,8,-9900,?,9,-9900,?,9,0.0,0.0,E,8
01/31/2016,13:00,1394.854,1408.36,614.17,1,8,63.568,1,8,551.212,1,8,73700.4,1,8,6038.961,1,8,60633.315,1,8,177.156,1,8,-9900,?,9,-9900,?,9,24.91,E,8,19.64,E,8,76.0,E,8,1008.6016999999999,E,8,999.0,E,8,3.72,E,8,-9900,?,9,-9900,?,9,0.012,E,8,-9900,?,9,-9900,?,9,0.12,99.0,E,8
01/31/2016,14:00,1310.354,1408.36,592.45,1,8,74.819,1,8,522.841,1,8,71094.0,1,8,7107.806,1,8,57512.478,1,8,178.881,1,8,-9900,?,9,-9900,?,9,25.24,E,8,19.6,E,8,74.0,E,8,1008.6016999999999,E,8,999.0,E,8,3.86,E,8,-9900,?,9,-9900,?,9,0.005,E,8,-9900,?,9,-9900,?,9,0.05,99.0,E,8
01/31/2016,15:00,1147.012,1408.36,528.77,1,8,110.608,1,8,438.701,1,8,63452.4,1,8,10507.776,1,8,48257.08,1,8,171.486,1,8,-9900,?,9,-9900,?,9,25.42,E,8,19.58,E,8,70.0,E,8,1008.6016999999999,E,8,999.0,E,8,4.02,E,8,-9900,?,9,-9900,?,9,0.0,E,8,-9900,?,9,-9900,?,9,0.0,0.0,E,8
01/31/2016,16:00,915.974,1408.36,427.88,1,8,114.957,1,8,353.144,1,8,51345.6,1,8,10920.887,1,8,38845.835,1,8,172.904,1,8,-9900,?,9,-9900,?,9,25.44,E,8,19.58,E,8,74.0,E,8,1008.6016999999999,E,8,999.0,E,8,3.48,E,8,-9900,?,9,-9900,?,9,0.002,E,8,-9900,?,9,-9900,?,9,0.02,99.0,E,8
01/31/2016,17:00,633.068,1408.36,297.8,1,8,223.57,1,8,197.419,1,8,35736.0,1,8,21239.163,1,8,21716.136,1,8,139.96,1,8,-9900,?,9,-9900,?,9,25.24,E,8,19.6,E,8,74.0,E,8,1008.6016999999999,E,8,999.0,E,8,3.05,E,8,-9900,?,9,-9900,?,9,0.003,E,8,-9900,?,9,-9900,?,9,0.03,99.0,E,8
01/31/2016,18:00,318.006,1408.36,179.284,1,8,481.178,1,8,71.21,1,8,21514.08,1,8,45711.893,1,8,7833.058,1,8,100.919,1,8,-9900,?,9,-9900,?,9,24.736,E,8,19.66,E,8,79.0,E,8,1008.6016999999999,E,8,999.0,E,8,2.522,E,8,-9900,?,9,-9900,?,9,0.0986,E,8,-9900,?,9,-9900,?,9,0.986,99.0,E,8
01/31/2016,19:00,2.606,1408.36,93.708,1,8,0.0,1,8,0.0,1,8,11244.96,1,8,0.0,1,8,0.0,1,8,-0.0,1,8,-9900,?,9,-9900,?,9,24.332,E,8,19.706,E,8,80.6,E,8,1008.6016999999999,E,8,999.0,E,8,2.02,E,8,-9900,?,9,-9900,?,9,0.1086,E,8,-9900,?,9,-9900,?,9,1.086,99.0,E,8
01/31/2016,20:00,0.0,1408.36,34.148,1,8,0.0,1,8,0.0,1,8,4097.76,1,8,0.0,1,8,0.0,1,8,-0.0,1,8,-9900,?,9,-9900,?,9,23.88,E,8,19.758,E,8,82.6,E,8,1008.6016999999999,E,8,999.0,E,8,1.604,E,8,-9900,?,9,-9900,?,9,0.1096,E,8,-9900,?,9,-9900,?,9,1.096,99.0,E,8
01/31/2016,21:00,0.0,1408.36,3.916,1,8,0.0,1,8,0.0,1,8,469.92,1,8,0.0,1,8,0.0,1,8,-0.0,1,8,-9900,?,9,-9900,?,9,23.42,E,8,19.81,E,8,85.6,E,8,1008.6016999999999,E,8,999.0,E,8,1.276,E,8,-9900,?,9,-9900,?,9,0.5892000000000001,E,8,-9900,?,9,-9900,?,9,5.892,99.0,E,8
01/31/2016,22:00,0.0,1408.36,0.0,1,8,0.0,1,8,0.0,1,8,0.0,1,8,0.0,1,8,0.0,1,8,-0.0,1,8,-9900,?,9,-9900,?,9,22.974,E,8,19.826,E,8,87.4,E,8,1008.6016999999999,E,8,999.0,E,8,1.25,E,8,-9900,?,9,-9900,?,9,0.5942000000000001,E,8,-9900,?,9,-9900,?,9,5.942,99.0,E,8
01/31/2016,23:00,0.0,1408.36,0.0,1,8,0.0,1,8,0.0,1,8,0.0,1,8,0.0,1,8,0.0,1,8,-0.0,1,8,-9900,?,9,-9900,?,9,22.556,E,8,19.84,E,8,88.2,E,8,1008.6016999999999,E,8,999.0,E,8,1.306,E,8,-9900,?,9,-9900,?,9,0.5654,E,8,-9900,?,9,-9900,?,9,5.654,99.0,E,8
01/31/2010,24:00,0.0,1408.36,0.0,1,8,0.0,1,8,0.0,1,8,0.0,1,8,0.0,1,8,0.0,1,8,-0.0,1,8,-9900,?,9,-9900,?,9,22.166,E,8,19.852,E,8,91.0,E,8,1008.6016999999999,E,8,999.0,E,8,1.474,E,8,-9900,?,9,-9900,?,9,0.5774,E,8,-9900,?,9,-9900,?,9,5.774,99.0,E,8
02/01/2010,01:00,0.0,1408.36,0.0,1,8,0.0,1,8,0.0,1,8,0.0,1,8,0.0,1,8,0.0,1,8,-0.0,1,8,-9900,?,9,-9900,?,9,21.804,E,8,19.862,E,8,92.6,E,8,1008.6016999999999,E,8,999.0,E,8,1.642,E,8,-9900,?,9,-9900,?,9,0.58,E,8,-9900,?,9,-9900,?,9,5.8,99.0,E,8
02/01/2010,02:00,0.0,1408.36,0.0,1,8,0.0,1,8,0.0,1,8,0.0,1,8,0.0,1,8,0.0,1,8,-0.0,1,8,-9900,?,9,-9900,?,9,21.468,E,8,19.87,E,8,92.6,E,8,1008.6016999999999,E,8,999.0,E,8,1.81,E,8,-9900,?,9,-9900,?,9,0.081,E,8,-9900,?,9,-9900,?,9,0.81,99.0,E,8
02/01/2010,03:00,0.0,1408.36,0.0,1,8,0.0,1,8,0.0,1,8,0.0,1,8,0.0,1,8,0.0,1,8,-0.0,1,8,-9900,?,9,-9900,?,9,21.174,E,8,19.908,E,8,93.6,E,8,1008.6016999999999,E,8,999.0,E,8,1.81,E,8,-9900,?,9,-9900,?,9,0.05,E,8,-9900,?,9,-9900,?,9,0.5,99.0,E,8
02/01/2010,04:00,0.0,1407.955,0.0,1,8,0.0,1,8,0.0,1,8,0.0,1,8,0.0,1,8,0.0,1,8,-0.0,1,8,-9900,?,9,-9900,?,9,20.9,E,8,19.944,E,8,95.6,E,8,1008.6016999999999,E,8,999.0,E,8,1.81,E,8,-9900,?,9,-9900,?,9,0.0328,E,8,-9900,?,9,-9900,?,9,0.328,99.0,E,8
02/01/2010,05:00,0.0,1407.955,2.168,1,8,0.0,1,8,0.0,1,8,260.16,1,8,0.0,1,8,0.0,1,8,-0.0,1,8,-9900,?,9,-9900,?,9,20.646,E,8,19.978,E,8,95.2,E,8,1008.6016999999999,E,8,999.0,E,8,1.81,E,8,-9900,?,9,-9900,?,9,0.0104,E,8,-9900,?,9,-9900,?,9,0.104,99.0,E,8
02/01/2010,06:00,0.0,1407.955,0.0,1,8,0.0,1,8,0.0,1,8,0.0,1,8,0.0,1,8,0.0,1,8,-0.0,1,8,-9900,?,9,-9900,?,9,20.4,E,8,20.01,E,8,98.0,E,8,1008.6016999999999,E,8,999.0,E,8,1.81,E,8,-9900,?,9,-9900,?,9,0.006,E,8,-9900,?,9,-9900,?,9,0.06,99.0,E,8
02/01/2010,07:00,313.764,1407.955,10.84,1,8,0.0,1,8,10.84,1,8,1300.8,1,8,0.0,1,8,1192.4,1,8,15.568,1,8,-9900,?,9,-9900,?,9,20.2,E,8,20.04,E,8,94.0,E,8,1008.6016999999999,E,8,999.0,E,8,1.81,E,8,-9900,?,9,-9900,?,9,0.0,E,8,-9900,?,9,-9900,?,9,0.0,0.0,E,8
02/01/2010,08:00,629.203,1407.955,87.97,1,8,0.0,1,8,87.97,1,8,10556.4,1,8,0.0,1,8,9676.7,1,8,62.732,1,8,-9900,?,9,-9900,?,9,21.07,E,8,19.92,E,8,93.0,E,8,1008.6016999999999,E,8,999.0,E,8,1.81,E,8,-9900,?,9,-9900,?,9,0.033,E,8,-9900,?,9,-9900,?,9,0.33,99.0,E,8
02/01/2010,09:00,912.662,1407.955,141.34,1,8,0.0,1,8,141.34,1,8,16960.8,1,8,0.0,1,8,15547.4,1,8,69.434,1,8,-9900,?,9,-9900,?,9,21.61,E,8,19.85,E,8,89.0,E,8,1008.6016999999999,E,8,999.0,E,8,1.81,E,8,-9900,?,9,-9900,?,9,0.002,E,8,-9900,?,9,-9900,?,9,0.02,99.0,E,8
02/01/2010,10:00,1144.355,1407.955,230.78,1,8,2.82,1,8,228.488,1,8,27693.6,1,8,267.942,1,8,25133.674,1,8,89.497,1,8,-9900,?,9,-9900,?,9,22.28,E,8,19.76,E,8,84.0,E,8,1008.6016999999999,E,8,999.0,E,8,1.81,E,8,-9900,?,9,-9900,?,9,0.051000000000000004,E,8,-9900,?,9,-9900,?,9,0.51,99.0,E,8
02/01/2010,11:00,1308.379,1407.955,310.96,1,8,4.962,1,8,306.349,1,8,37315.2,1,8,471.356,1,8,33698.443,1,8,104.94,1,8,-9900,?,9,-9900,?,9,22.96,E,8,19.66,E,8,79.0,E,8,1008.6016999999999,E,8,999.0,E,8,1.81,E,8,-9900,?,9,-9900,?,9,0.062,E,8,-9900,?,9,-9900,?,9,0.62,99.0,E,8
02/01/2010,12:00,1393.509,1407.955,348.69,1,8,19.719,1,8,329.173,1,8,41842.8,1,8,1873.333,1,8,36209.047,1,8,105.866,1,8,-9900,?,9,-9900,?,9,23.53,E,8,19.59,E,8,76.0,E,8,1008.6016999999999,E,8,999.0,E,8,1.81,E,8,-9900,?,9,-9900,?,9,0.027000000000000003,E,8,-9900,?,9,-9900,?,9,0.27,99.0,E,8
02/01/2010,13:00,1393.913,1407.955,361.67,1,8,20.845,1,8,341.033,1,8,43400.4,1,8,1980.261,1,8,37513.649,1,8,109.648,1,8,-9900,?,9,-9900,?,9,23.96,E,8,19.53,E,8,79.0,E,8,1008.6016999999999,E,8,999.0,E,8,1.81,E,8,-9900,?,9,-9900,?,9,0.391,E,8,-9900,?,9,-9900,?,9,3.91,99.0,E,8
02/01/2010,14:00,1309.545,1407.955,348.93,1,8,21.117,1,8,329.289,1,8,41871.6,1,8,2006.154,1,8,36221.845,1,8,112.698,1,8,-9900,?,9,-9900,?,9,24.26,E,8,19.49,E,8,83.0,E,8,1008.6016999999999,E,8,999.0,E,8,1.81,E,8,-9900,?,9,-9900,?,9,6.702,E,8,-9900,?,9,-9900,?,9,67.02,99.0,E,8
02/01/2010,15:00,1146.151,1407.955,311.41,1,8,20.824,1,8,294.46,1,8,37369.2,1,8,1978.32,1,8,32390.637,1,8,115.157,1,8,-9900,?,9,-9900,?,9,24.42,E,8,19.47,E,8,82.0,E,8,1008.6016999999999,E,8,999.0,E,8,1.81,E,8,-9900,?,9,-9900,?,9,0.632,E,8,-9900,?,9,-9900,?,9,6.32,99.0,E,8
02/01/2010,16:00,914.881,1407.955,251.91,1,8,10.021,1,8,245.401,1,8,30229.2,1,8,952.033,1,8,26994.084,1,8,120.261,1,8,-9900,?,9,-9900,?,9,24.45,E,8,19.46,E,8,76.0,E,8,1008.6016999999999,E,8,999.0,E,8,2.06,E,8,-9900,?,9,-9900,?,9,0.28300000000000003,E,8,-9900,?,9,-9900,?,9,2.83,99.0,E,8
02/01/2010,17:00,631.577,1407.955,175.16,1,8,18.34,1,8,166.943,1,8,21019.2,1,8,1742.312,1,8,18363.682,1,8,118.6,1,8,-9900,?,9,-9900,?,9,24.27,E,8,19.49,E,8,77.0,E,8,1008.6016999999999,E,8,999.0,E,8,1.81,E,8,-9900,?,9,-9900,?,9,0.217,E,8,-9900,?,9,-9900,?,9,2.17,99.0,E,8
02/01/2010,18:00,315.987,1407.955,88.62,1,8,10.161,1,8,86.352,1,8,10634.4,1,8,965.287,1,8,9498.699,1,8,123.133,1,8,-9900,?,9,-9900,?,9,23.9,E,8,19.54,E,8,73.0,E,8,1008.6016999999999,E,8,999.0,E,8,1.81,E,8,-9900,?,9,-9900,?,9,0.076,E,8,-9900,?,9,-9900,?,9,0.76,99.0,E,8
02/01/2010,19:00,0.38,1407.955,11.17,1,8,0.0,1,8,0.0,1,8,1340.4,1,8,0.0,1,8,0.0,1,8,-0.0,1,8,-9900,?,9,-9900,?,9,23.42,E,8,19.6,E,8,76.0,E,8,1008.6016999999999,E,8,999.0,E,8,2.03,E,8,-9900,?,9,-9900,?,9,0.001,E,8,-9900,?,9,-9900,?,9,0.01,99.0,E,8
02/01/2010,20:00,0.0,1407.955,0.0,1,8,0.0,1,8,0.0,1,8,0.0,1,8,0.0,1,8,0.0,1,8,-0.0,1,8,-9900,?,9,-9900,?,9,22.92,E,8,19.67,E,8,80.0,E,8,1008.6016999999999,E,8,999.0,E,8,2.4,E,8,-9900,?,9,-9900,?,9,0.012,E,8,-9900,?,9,-9900,?,9,0.12,99.0,E,8
02/01/2010,21:00,0.0,1407.955,0.0,1,8,0.0,1,8,0.0,1,8,0.0,1,8,0.0,1,8,0.0,1,8,-0.0,1,8,-9900,?,9,-9900,?,9,22.41,E,8,19.74,E,8,83.0,E,8,1008.6016999999999,E,8,999.0,E,8,2.64,E,8,-9900,?,9,-9900,?,9,0.004,E,8,-9900,?,9,-9900,?,9,0.04,99.0,E,8
02/01/2010,22:00,0.0,1407.955,0.0,1,8,0.0,1,8,0.0,1,8,0.0,1,8,0.0,1,8,0.0,1,8,-0.0,1,8,-9900,?,9,-9900,?,9,21.91,E,8,19.81,E,8,87.0,E,8,1008.6016999999999,E,8,999.0,E,8,2.53,E,8,-9900,?,9,-9900,?,9,0.040999999999999995,E,8,-9900,?,9,-9900,?,9,0.41,99.0,E,8
02/01/2010,23:00,0.0,1407.955,0.0,1,8,0.0,1,8,0.0,1,8,0.0,1,8,0.0,1,8,0.0,1,8,-0.0,1,8,-9900,?,9,-9900,?,9,21.4,E,8,19.88,E,8,97.0,E,8,1008.6016999999999,E,8,999.0,E,8,2.69,E,8,-9900,?,9,-9900,?,9,0.13799999999999998,E,8,-9900,?,9,-9900,?,9,1.38,99.0,E,8
02/01/2010,24:00,0.0,1407.955,0.0,1,8,0.0,1,8,0.0,1,8,0.0,1,8,0.0,1,8,0.0,1,8,-0.0,1,8,-9900,?,9,-9900,?,9,20.9,E,8,18.64,E,8,91.0,E,8,1008.6016999999999,E,8,999.0,E,8,2.69,E,8,-9900,?,9,-9900,?,9,0.322,E,8,-9900,?,9,-9900,?,9,3.22,99.0,E,8
02/02/2010,01:00,0.0,1407.955,0.0,1,8,0.0,1,8,0.0,1,8,0.0,1,8,0.0,1,8,0.0,1,8,-0.0,1,8,-9900,?,9,-9900,?,9,20.65,E,8,18.72,E,8,98.0,E,8,1008.6016999999999,E,8,999.0,E,8,2.06,E,8,-9900,?,9,-9900,?,9,0.521,E,8,-9900,?,9,-9900,?,9,5.21,99.0,E,8
02/02/2010,02:00,0.0,1407.955,0.0,1,8,0.0,1,8,0.0,1,8,0.0,1,8,0.0,1,8,0.0,1,8,-0.0,1,8,-9900,?,9,-9900,?,9,20.4,E,8,18.81,E,8,90.0,E,8,1008.6016999999999,E,8,999.0,E,8,2.39,E,8,-9900,?,9,-9900,?,9,0.051000000000000004,E,8,-9900,?,9,-9900,?,9,0.51,99.0,E,8
02/02/2010,03:00,0.0,1407.955,0.0,1,8,0.0,1,8,0.0,1,8,0.0,1,8,0.0,1,8,0.0,1,8,-0.0,1,8,-9900,?,9,-9900,?,9,20.14,E,8,18.9,E,8,97.0,E,8,1008.6016999999999,E,8,999.0,E,8,2.06,E,8,-9900,?,9,-9900,?,9,0.179,E,8,-9900,?,9,-9900,?,9,1.79,99.0,E,8
02/02/2010,04:00,0.0,1407.537,0.0,1,8,0.0,1,8,0.0,1,8,0.0,1,8,0.0,1,8,0.0,1,8,-0.0,1,8,-9900,?,9,-9900,?,9,19.89,E,8,18.98,E,8,98.0,E,8,1008.6016999999999,E,8,999.0,E,8,2.16,E,8,-9900,?,9,-9900,?,9,0.141,E,8,-9900,?,9,-9900,?,9,1.41,99.0,E,8
02/02/2010,05:00,0.0,1407.537,0.0,1,8,0.0,1,8,0.0,1,8,0.0,1,8,0.0,1,8,0.0,1,8,-0.0,1,8,-9900,?,9,-9900,?,9,19.67,E,8,19.06,E,8,95.0,E,8,1008.6016999999999,E,8,999.0,E,8,2.24,E,8,-9900,?,9,-9900,?,9,0.076,E,8,-9900,?,9,-9900,?,9,0.76,99.0,E,8
02/02/2010,06:00,0.0,1407.537,0.0,1,8,0.0,1,8,0.0,1,8,0.0,1,8,0.0,1,8,0.0,1,8,-0.0,1,8,-9900,?,9,-9900,?,9,19.5,E,8,19.12,E,8,97.0,E,8,1008.6016999999999,E,8,999.0,E,8,2.58,E,8,-9900,?,9,-9900,?,9,0.062,E,8,-9900,?,9,-9900,?,9,0.62,99.0,E,8
02/02/2010,07:00,310.809,1407.537,11.39,1,8,0.0,1,8,11.39,1,8,1366.8,1,8,0.0,1,8,1252.9,1,8,16.51,1,8,-9900,?,9,-9900,?,9,19.34,E,8,19.17,E,8,98.0,E,8,1008.6016999999999,E,8,999.0,E,8,2.87,E,8,-9900,?,9,-9900,?,9,0.003,E,8,-9900,?,9,-9900,?,9,0.03,99.0,E,8
02/02/2010,08:00,626.674,1407.537,126.83,1,8,0.0,1,8,126.83,1,8,15219.6,1,8,0.0,1,8,13951.3,1,8,90.783,1,8,-9900,?,9,-9900,?,9,20.87,E,8,18.65,E,8,86.0,E,8,1008.6016999999999,E,8,999.0,E,8,3.43,E,8,-9900,?,9,-9900,?,9,0.034,E,8,-9900,?,9,-9900,?,9,0.34,99.0,E,8
02/02/2010,09:00,910.573,1407.537,340.78,1,8,56.253,1,8,304.404,1,8,40893.6,1,8,5343.99,1,8,33484.394,1,8,149.838,1,8,-9900,?,9,-9900,?,9,22.88,E,8,17.94,E,8,73.0,E,8,1008.6016999999999,E,8,999.0,E,8,3.64,E,8,-9900,?,9,-9900,?,9,0.022,E,8,-9900,?,9,-9900,?,9,0.22,99.0,E,8
02/02/2010,10:00,1142.681,1407.537,308.22,1,8,18.25,1,8,293.406,1,8,36986.4,1,8,1733.762,1,8,32274.688,1,8,115.059,1,8,-9900,?,9,-9900,?,9,23.71,E,8,17.64,E,8,73.0,E,8,1008.6016999999999,E,8,999.0,E,8,3.1,E,8,-9900,?,9,-9900,?,9,0.233,E,8,-9900,?,9,-9900,?,9,2.33,99.0,E,8
02/02/2010,11:00,1307.064,1407.537,244.98,1,8,1.774,1,8,243.333,1,8,29397.6,1,8,168.484,1,8,26766.647,1,8,83.413,1,8,-9900,?,9,-9900,?,9,23.92,E,8,17.56,E,8,72.0,E,8,1008.6016999999999,E,8,999.0,E,8,4.15,E,8,-9900,?,9,-9900,?,9,0.11399999999999999,E,8,-9900,?,9,-9900,?,9,1.14,99.0,E,8
02/02/2010,12:00,1392.473,1407.537,293.2,1,8,4.63,1,8,288.62,1,8,35184.0,1,8,439.841,1,8,31748.164,1,8,92.865,1,8,-9900,?,9,-9900,?,9,24.24,E,8,17.44,E,8,65.0,E,8,1008.6016999999999,E,8,999.0,E,8,3.96,E,8,-9900,?,9,-9900,?,9,0.093,E,8,-9900,?,9,-9900,?,9,0.93,99.0,E,8
02/02/2010,13:00,1393.056,1407.537,314.4,1,8,2.489,1,8,311.937,1,8,37728.0,1,8,236.423,1,8,34313.066,1,8,100.325,1,8,-9900,?,9,-9900,?,9,24.54,E,8,17.33,E,8,73.0,E,8,1008.6016999999999,E,8,999.0,E,8,2.68,E,8,-9900,?,9,-9900,?,9,5.523,E,8,-9900,?,9,-9900,?,9,55.23,99.0,E,8
02/02/2010,14:00,1308.756,1407.537,383.96,1,8,24.716,1,8,360.979,1,8,46075.2,1,8,2348.062,1,8,39707.714,1,8,123.581,1,8,-9900,?,9,-9900,?,9,24.96,E,8,17.17,E,8,61.0,E,8,1008.6016999999999,E,8,999.0,E,8,2.61,E,8,-9900,?,9,-9900,?,9,0.041999999999999996,E,8,-9900,?,9,-9900,?,9,0.42,99.0,E,8
02/02/2010,15:00,1145.313,1407.537,342.66,1,8,28.289,1,8,319.645,1,8,41119.2,1,8,2687.42,1,8,35160.949,1,8,125.06,1,8,-9900,?,9,-9900,?,9,25.18,E,8,17.09,E,8,60.0,E,8,1008.6016999999999,E,8,999.0,E,8,2.09,E,8,-9900,?,9,-9900,?,9,0.007000000000000001,E,8,-9900,?,9,-9900,?,9,0.07,99.0,E,8
02/02/2010,16:00,913.881,1407.537,277.1,1,8,15.567,1,8,266.997,1,8,33252.0,1,8,1478.83,1,8,29369.672,1,8,130.949,1,8,-9900,?,9,-9900,?,9,25.21,E,8,17.08,E,8,60.0,E,8,1008.6016999999999,E,8,999.0,E,8,2.06,E,8,-9900,?,9,-9900,?,9,0.001,E,8,-9900,?,9,-9900,?,9,0.01,99.0,E,8
02/02/2010,17:00,630.314,1407.537,192.53,1,8,35.405,1,8,176.694,1,8,23103.6,1,8,3363.497,1,8,19436.286,1,8,125.742,1,8,-9900,?,9,-9900,?,9,24.96,E,8,17.17,E,8,61.0,E,8,1008.6016999999999,E,8,999.0,E,8,2.17,E,8,-9900,?,9,-9900,?,9,0.013000000000000001,E,8,-9900,?,9,-9900,?,9,0.13,99.0,E,8
02/02/2010,18:00,314.383,1407.537,97.16,1,8,35.7,1,8,89.229,1,8,11659.2,1,8,3391.493,1,8,9815.226,1,8,127.854,1,8,-9900,?,9,-9900,?,9,24.46,E,8,17.36,E,8,64.0,E,8,1008.6016999999999,E,8,999.0,E,8,2.07,E,8,-9900,?,9,-9900,?,9,0.028000000000000004,E,8,-9900,?,9,-9900,?,9,0.28,99.0,E,8
02/02/2010,19:00,0.0,1407.537,11.98,1,8,0.0,1,8,0.0,1,8,1437.6,1,8,0.0,1,8,0.0,1,8,-0.0,1,8,-9900,?,9,-9900,?,9,23.78,E,8,17.61,E,8,68.0,E,8,1008.6016999999999,E,8,999.0,E,8,2.06,E,8,-9900,?,9,-9900,?,9,0.017,E,8,-9900,?,9,-9900,?,9,0.17,99.0,E,8
02/02/2010,20:00,0.0,1407.537,0.0,1,8,0.0,1,8,0.0,1,8,0.0,1,8,0.0,1,8,0.0,1,8,-0.0,1,8,-9900,?,9,-9900,?,9,23.54,E,8,17.7,E,8,69.0,E,8,1008.6016999999999,E,8,999.0,E,8,2.06,E,8,-9900,?,9,-9900,?,9,0.005,E,8,-9900,?,9,-9900,?,9,0.05,99.0,E,8
02/02/2010,21:00,0.0,1407.537,0.0,1,8,0.0,1,8,0.0,1,8,0.0,1,8,0.0,1,8,0.0,1,8,-0.0,1,8,-9900,?,9,-9900,?,9,23.3,E,8,17.79,E,8,71.0,E,8,1008.6016999999999,E,8,999.0,E,8,2.06,E,8,-9900,?,9,-9900,?,9,0.002,E,8,-9900,?,9,-9900,?,9,0.02,99.0,E,8
02/02/2010,22:00,0.0,1407.537,0.0,1,8,0.0,1,8,0.0,1,8,0.0,1,8,0.0,1,8,0.0,1,8,-0.0,1,8,-9900,?,9,-9900,?,9,23.06,E,8,17.87,E,8,67.0,E,8,1008.6016999999999,E,8,999.0,E,8,2.06,E,8,-9900,?,9,-9900,?,9,0.0,E,8,-9900,?,9,-9900,?,9,0.0,0.0,E,8
02/02/2010,23:00,0.0,1407.537,0.0,1,8,0.0,1,8,0.0,1,8,0.0,1,8,0.0,1,8,0.0,1,8,-0.0,1,8,-9900,?,9,-9900,?,9,22.82,E,8,17.96,E,8,73.0,E,8,1008.6016999999999,E,8,999.0,E,8,2.06,E,8,-9900,?,9,-9900,?,9,0.01,E,8,-9900,?,9,-9900,?,9,0.1,99.0,E,8
02/02/2010,24:00,0.0,1407.537,0.0,1,8,0.0,1,8,0.0,1,8,0.0,1,8,0.0,1,8,0.0,1,8,-0.0,1,8,-9900,?,9,-9900,?,9,22.58,E,8,20.79,E,8,90.0,E,8,1008.6016999999999,E,8,999.0,E,8,0.96,E,8,-9900,?,9,-9900,?,9,0.008,E,8,-9900,?,9,-9900,?,9,0.08,99.0,E,8
02/03/2010,01:00,0.0,1407.537,0.0,1,8,0.0,1,8,0.0,1,8,0.0,1,8,0.0,1,8,0.0,1,8,-0.0,1,8,-9900,?,9,-9900,?,9,22.46,E,8,20.76,E,8,90.0,E,8,1008.6016999999999,E,8,999.0,E,8,0.96,E,8,-9900,?,9,-9900,?,9,0.015,E,8,-9900,?,9,-9900,?,9,0.15,99.0,E,8
02/03/2010,02:00,0.0,1407.537,0.0,1,8,0.0,1,8,0.0,1,8,0.0,1,8,0.0,1,8,0.0,1,8,-0.0,1,8,-9900,?,9,-9900,?,9,22.35,E,8,20.74,E,8,90.0,E,8,1008.6016999999999,E,8,999.0,E,8,0.96,E,8,-9900,?,9,-9900,?,9,0.011,E,8,-9900,?,9,-9900,?,9,0.11,99.0,E,8
02/03/2010,03:00,0.0,1407.537,0.0,1,8,0.0,1,8,0.0,1,8,0.0,1,8,0.0,1,8,0.0,1,8,-0.0,1,8,-9900,?,9,-9900,?,9,22.23,E,8,20.71,E,8,91.0,E,8,1008.6016999999999,E,8,999.0,E,8,0.96,E,8,-9900,?,9,-9900,?,9,0.002,E,8,-9900,?,9,-9900,?,9,0.02,99.0,E,8
02/03/2010,04:00,0.0,1407.107,0.0,1,8,0.0,1,8,0.0,1,8,0.0,1,8,0.0,1,8,0.0,1,8,-0.0,1,8,-9900,?,9,-9900,?,9,22.11,E,8,20.69,E,8,91.0,E,8,1008.6016999999999,E,8,999.0,E,8,0.96,E,8,-9900,?,9,-9900,?,9,0.001,E,8,-9900,?,9,-9900,?,9,0.01,99.0,E,8
02/03/2010,05:00,0.0,1407.107,0.0,1,8,0.0,1,8,0.0,1,8,0.0,1,8,0.0,1,8,0.0,1,8,-0.0,1,8,-9900,?,9,-9900,?,9,22.0,E,8,20.66,E,8,92.0,E,8,1008.6016999999999,E,8,999.0,E,8,0.96,E,8,-9900,?,9,-9900,?,9,0.001,E,8,-9900,?,9,-9900,?,9,0.01,99.0,E,8
02/03/2010,06:00,0.0,1407.107,0.0,1,8,0.0,1,8,0.0,1,8,0.0,1,8,0.0,1,8,0.0,1,8,-0.0,1,8,-9900,?,9,-9900,?,9,21.92,E,8,20.64,E,8,92.0,E,8,1008.6016999999999,E,8,999.0,E,8,0.96,E,8,-9900,?,9,-9900,?,9,0.002,E,8,-9900,?,9,-9900,?,9,0.02,99.0,E,8
02/03/2010,07:00,307.879,1407.107,20.74,1,8,0.0,1,8,20.74,1,8,2488.8,1,8,0.0,1,8,2281.4,1,8,30.343,1,8,-9900,?,9,-9900,?,9,21.84,E,8,20.63,E,8,92.0,E,8,1008.6016999999999,E,8,999.0,E,8,0.96,E,8,-9900,?,9,-9900,?,9,0.003,E,8,-9900,?,9,-9900,?,9,0.03,99.0,E,8
02/03/2010,08:00,624.162,1407.107,231.35,1,8,96.287,1,8,188.69,1,8,27762.0,1,8,9147.241,1,8,20755.921,1,8,135.565,1,8,-9900,?,9,-9900,?,9,23.33,E,8,20.95,E,8,83.0,E,8,1008.6016999999999,E,8,999.0,E,8,0.96,E,8,-9900,?,9,-9900,?,9,0.0,E,8,-9900,?,9,-9900,?,9,0.0,0.0,E,8
02/03/2010,09:00,908.489,1407.107,514.73,1,8,358.519,1,8,283.35,1,8,61767.6,1,8,34059.288,1,8,31168.485,1,8,139.752,1,8,-9900,?,9,-9900,?,9,24.86,E,8,21.27,E,8,78.0,E,8,1008.6016999999999,E,8,999.0,E,8,0.96,E,8,-9900,?,9,-9900,?,9,0.0,E,8,-9900,?,9,-9900,?,9,0.0,0.0,E,8
02/03/2010,10:00,1140.995,1407.107,687.68,1,8,418.626,1,8,348.277,1,8,82521.6,1,8,39769.469,1,8,38310.42,1,8,136.736,1,8,-9900,?,9,-9900,?,9,26.13,E,8,21.53,E,8,74.0,E,8,1008.6016999999999,E,8,999.0,E,8,1.41,E,8,-9900,?,9,-9900,?,9,0.0,E,8,-9900,?,9,-9900,?,9,0.0,0.0,E,8
02/03/2010,11:00,1305.72,1407.107,752.9,1,8,353.096,1,8,425.261,1,8,90348.0,1,8,33544.105,1,8,46778.761,1,8,145.883,1,8,-9900,?,9,-9900,?,9,27.05,E,8,21.72,E,8,71.0,E,8,1008.6016999999999,E,8,999.0,E,8,1.95,E,8,-9900,?,9,-9900,?,9,0.0,E,8,-9900,?,9,-9900,?,9,0.0,0.0,E,8
02/03/2010,12:00,1391.389,1407.107,827.05,1,8,378.443,1,8,452.837,1,8,99246.0,1,8,35952.075,1,8,49812.078,1,8,145.772,1,8,-9900,?,9,-9900,?,9,27.8,E,8,21.87,E,8,69.0,E,8,1008.6016999999999,E,8,999.0,E,8,2.64,E,8,-9900,?,9,-9900,?,9,0.0,E,8,-9900,?,9,-9900,?,9,0.0,0.0,E,8
02/03/2010,13:00,1392.133,1407.107,873.53,1,8,488.839,1,8,389.896,1,8,104823.6,1,8,46439.729,1,8,42888.56,1,8,125.443,1,8,-9900,?,9,-9900,?,9,28.42,E,8,22.0,E,8,68.0,E,8,1008.6016999999999,E,8,999.0,E,8,3.53,E,8,-9900,?,9,-9900,?,9,0.0,E,8,-9900,?,9,-9900,?,9,0.0,0.0,E,8
02/03/2010,14:00,1307.884,1407.107,771.98,1,8,385.685,1,8,413.509,1,8,92637.6,1,8,36640.07,1,8,45485.943,1,8,141.616,1,8,-9900,?,9,-9900,?,9,28.74,E,8,22.06,E,8,67.0,E,8,1008.6016999999999,E,8,999.0,E,8,4.28,E,8,-9900,?,9,-9900,?,9,0.0,E,8,-9900,?,9,-9900,?,9,0.0,0.0,E,8
02/03/2010,15:00,1144.377,1407.107,641.28,1,8,313.199,1,8,386.599,1,8,76953.6,1,8,29753.884,1,8,42525.885,1,8,151.333,1,8,-9900,?,9,-9900,?,9,28.81,E,8,22.08,E,8,67.0,E,8,1008.6016999999999,E,8,999.0,E,8,4.71,E,8,-9900,?,9,-9900,?,9,0.0,E,8,-9900,?,9,-9900,?,9,0.0,0.0,E,8
02/03/2010,16:00,912.772,1407.107,538.06,1,8,411.414,1,8,271.289,1,8,64567.2,1,8,39084.358,1,8,29841.769,1,8,133.175,1,8,-9900,?,9,-9900,?,9,28.71,E,8,22.06,E,8,67.0,E,8,1008.6016999999999,E,8,999.0,E,8,4.28,E,8,-9900,?,9,-9900,?,9,0.0,E,8,-9900,?,9,-9900,?,9,0.0,0.0,E,8
02/03/2010,17:00,628.936,1407.107,431.3,1,8,619.737,1,8,154.62,1,8,51756.0,1,8,58874.97,1,8,17008.177,1,8,110.241,1,8,-9900,?,9,-9900,?,9,28.42,E,8,22.0,E,8,68.0,E,8,1008.6016999999999,E,8,999.0,E,8,3.69,E,8,-9900,?,9,-9900,?,9,0.0,E,8,-9900,?,9,-9900,?,9,0.0,0.0,E,8
02/03/2010,18:00,312.661,1407.107,227.76,1,8,436.329,1,8,131.337,1,8,27331.2,1,8,41451.247,1,8,14447.099,1,8,189.179,1,8,-9900,?,9,-9900,?,9,27.85,E,8,21.88,E,8,73.0,E,8,1008.6016999999999,E,8,999.0,E,8,3.31,E,8,-9900,?,9,-9900,?,9,0.005,E,8,-9900,?,9,-9900,?,9,0.05,99.0,E,8
02/03/2010,19:00,0.0,1407.107,32.9,1,8,0.0,1,8,0.0,1,8,3948.0,1,8,0.0,1,8,0.0,1,8,-0.0,1,8,-9900,?,9,-9900,?,9,27.06,E,8,21.72,E,8,84.0,E,8,1008.6016999999999,E,8,999.0,E,8,2.81,E,8,-9900,?,9,-9900,?,9,0.646,E,8,-9900,?,9,-9900,?,9,6.46,99.0,E,8
02/03/2010,20:00,0.0,1407.107,0.0,1,8,0.0,1,8,0.0,1,8,0.0,1,8,0.0,1,8,0.0,1,8,-0.0,1,8,-9900,?,9,-9900,?,9,26.43,E,8,21.59,E,8,77.0,E,8,1008.6016999999999,E,8,999.0,E,8,1.75,E,8,-9900,?,9,-9900,?,9,0.051000000000000004,E,8,-9900,?,9,-9900,?,9,0.51,99.0,E,8
02/03/2010,21:00,0.0,1407.107,0.0,1,8,0.0,1,8,0.0,1,8,0.0,1,8,0.0,1,8,0.0,1,8,-0.0,1,8,-9900,?,9,-9900,?,9,25.8,E,8,21.46,E,8,79.0,E,8,1008.6016999999999,E,8,999.0,E,8,1.06,E,8,-9900,?,9,-9900,?,9,0.02,E,8,-9900,?,9,-9900,?,9,0.2,99.0,E,8
02/03/2010,22:00,0.0,1407.107,0.0,1,8,0.0,1,8,0.0,1,8,0.0,1,8,0.0,1,8,0.0,1,8,-0.0,1,8,-9900,?,9,-9900,?,9,25.16,E,8,21.33,E,8,81.0,E,8,1008.6016999999999,E,8,999.0,E,8,0.96,E,8,-9900,?,9,-9900,?,9,0.028999999999999998,E,8,-9900,?,9,-9900,?,9,0.29,99.0,E,8
02/03/2010,23:00,0.0,1407.107,0.0,1,8,0.0,1,8,0.0,1,8,0.0,1,8,0.0,1,8,0.0,1,8,-0.0,1,8,-9900,?,9,-9900,?,9,24.53,E,8,21.2,E,8,83.0,E,8,1008.6016999999999,E,8,999.0,E,8,0.96,E,8,-9900,?,9,-9900,?,9,0.006,E,8,-9900,?,9,-9900,?,9,0.06,99.0,E,8
02/03/2010,24:00,0.0,1407.107,0.0,1,8,0.0,1,8,0.0,1,8,0.0,1,8,0.0,1,8,0.0,1,8,-0.0,1,8,-9900,?,9,-9900,?,9,23.9,E,8,20.96,E,8,83.0,E,8,1008.6016999999999,E,8,999.0,E,8,1.2,E,8,-9900,?,9,-9900,?,9,0.0,E,8,-9900,?,9,-9900,?,9,0.0,0.0,E,8
02/04/2010,01:00,0.0,1407.107,0.0,1,8,0.0,1,8,0.0,1,8,0.0,1,8,0.0,1,8,0.0,1,8,-0.0,1,8,-9900,?,9,-9900,?,9,23.58,E,8,20.9,E,8,84.0,E,8,1008.6016999999999,E,8,999.0,E,8,1.2,E,8,-9900,?,9,-9900,?,9,0.0,E,8,-9900,?,9,-9900,?,9,0.0,0.0,E,8
02/04/2010,02:00,0.0,1407.107,0.0,1,8,0.0,1,8,0.0,1,8,0.0,1,8,0.0,1,8,0.0,1,8,-0.0,1,8,-9900,?,9,-9900,?,9,23.27,E,8,20.85,E,8,86.0,E,8,1008.6016999999999,E,8,999.0,E,8,1.2,E,8,-9900,?,9,-9900,?,9,0.0,E,8,-9900,?,9,-9900,?,9,0.0,0.0,E,8
02/04/2010,03:00,0.0,1407.107,0.0,1,8,0.0,1,8,0.0,1,8,0.0,1,8,0.0,1,8,0.0,1,8,-0.0,1,8,-9900,?,9,-9900,?,9,22.95,E,8,20.79,E,8,87.0,E,8,1008.6016999999999,E,8,999.0,E,8,1.2,E,8,-9900,?,9,-9900,?,9,0.0,E,8,-9900,?,9,-9900,?,9,0.0,0.0,E,8
02/04/2010,04:00,0.0,1406.664,0.0,1,8,0.0,1,8,0.0,1,8,0.0,1,8,0.0,1,8,0.0,1,8,-0.0,1,8,-9900,?,9,-9900,?,9,22.63,E,8,20.73,E,8,89.0,E,8,1008.6016999999999,E,8,999.0,E,8,1.2,E,8,-9900,?,9,-9900,?,9,0.0,E,8,-9900,?,9,-9900,?,9,0.0,0.0,E,8
02/04/2010,05:00,0.0,1406.664,0.0,1,8,0.0,1,8,0.0,1,8,0.0,1,8,0.0,1,8,0.0,1,8,-0.0,1,8,-9900,?,9,-9900,?,9,22.35,E,8,20.68,E,8,90.0,E,8,1008.6016999999999,E,8,999.0,E,8,1.2,E,8,-9900,?,9,-9900,?,9,0.0,E,8,-9900,?,9,-9900,?,9,0.0,0.0,E,8
02/04/2010,06:00,0.0,1406.664,0.0,1,8,0.0,1,8,0.0,1,8,0.0,1,8,0.0,1,8,0.0,1,8,-0.0,1,8,-9900,?,9,-9900,?,9,22.15,E,8,20.64,E,8,91.0,E,8,1008.6016999999999,E,8,999.0,E,8,1.2,E,8,-9900,?,9,-9900,?,9,0.0,E,8,-9900,?,9,-9900,?,9,0.0,0.0,E,8
02/04/2010,07:00,304.973,1406.664,27.62,1,8,0.0,1,8,27.62,1,8,3314.4,1,8,0.0,1,8,3038.2,1,8,40.786,1,8,-9900,?,9,-9900,?,9,21.94,E,8,20.61,E,8,92.0,E,8,1008.6016999999999,E,8,999.0,E,8,1.2,E,8,-9900,?,9,-9900,?,9,0.0,E,8,-9900,?,9,-9900,?,9,0.0,0.0,E,8
02/04/2010,08:00,621.666,1406.664,252.26,1,8,142.853,1,8,189.203,1,8,30271.2,1,8,13571.043,1,8,20812.323,1,8,136.438,1,8,-9900,?,9,-9900,?,9,23.66,E,8,20.92,E,8,84.0,E,8,1008.6016999999999,E,8,999.0,E,8,1.2,E,8,-9900,?,9,-9900,?,9,0.0,E,8,-9900,?,9,-9900,?,9,0.0,0.0,E,8
02/04/2010,09:00,906.408,1406.664,507.99,1,8,345.113,1,8,285.703,1,8,60958.8,1,8,32785.735,1,8,31427.276,1,8,141.192,1,8,-9900,?,9,-9900,?,9,25.17,E,8,21.18,E,8,78.0,E,8,1008.6016999999999,E,8,999.0,E,8,1.2,E,8,-9900,?,9,-9900,?,9,0.0,E,8,-9900,?,9,-9900,?,9,0.0,0.0,E,8
02/04/2010,10:00,1139.297,1406.664,729.29,1,8,535.114,1,8,295.952,1,8,87514.8,1,8,50835.874,1,8,32554.772,1,8,116.33,1,8,-9900,?,9,-9900,?,9,26.6,E,8,21.43,E,8,73.0,E,8,1008.6016999999999,E,8,999.0,E,8,1.44,E,8,-9900,?,9,-9900,?,9,0.0,E,8,-9900,?,9,-9900,?,9,0.0,0.0,E,8
02/04/2010,11:00,1304.345,1406.664,914.52,1,8,619.601,1,8,340.016,1,8,109742.4,1,8,58862.074,1,8,37401.705,1,8,116.726,1,8,-9900,?,9,-9900,?,9,27.92,E,8,21.66,E,8,68.0,E,8,1008.6016999999999,E,8,999.0,E,8,2.2,E,8,-9900,?,9,-9900,?,9,0.0,E,8,-9900,?,9,-9900,?,9,0.0,0.0,E,8
02/04/2010,12:00,1390.255,1406.664,1025.76,1,8,741.806,1,8,292.612,1,8,123091.2,1,8,70471.564,1,8,32187.363,1,8,94.241,1,8,-9900,?,9,-9900,?,9,29.02,E,8,21.84,E,8,65.0,E,8,1008.6016999999999,E,8,999.0,E,8,2.6,E,8,-9900,?,9,-9900,?,9,0.0,E,8,-9900,?,9,-9900,?,9,0.0,0.0,E,8
02/04/2010,13:00,1391.141,1406.664,1054.15,1,8,834.176,1,8,229.185,1,8,126498.0,1,8,79246.719,1,8,25210.313,1,8,73.766,1,8,-9900,?,9,-9900,?,9,29.86,E,8,21.98,E,8,62.0,E,8,1008.6016999999999,E,8,999.0,E,8,2.51,E,8,-9900,?,9,-9900,?,9,0.0,E,8,-9900,?,9,-9900,?,9,0.0,0.0,E,8
02/04/2010,14:00,1306.925,1406.664,1006.17,1,8,927.38,1,8,144.585,1,8,120740.4,1,8,88101.111,1,8,15904.379,1,8,49.537,1,8,-9900,?,9,-9900,?,9,30.42,E,8,22.08,E,8,61.0,E,8,1008.6016999999999,E,8,999.0,E,8,3.08,E,8,-9900,?,9,-9900,?,9,0.0,E,8,-9900,?,9,-9900,?,9,0.0,0.0,E,8
02/04/2010,15:00,1143.341,1406.664,880.43,1,8,989.446,1,8,76.326,1,8,105651.6,1,8,93997.396,1,8,8395.905,1,8,29.895,1,8,-9900,?,9,-9900,?,9,30.68,E,8,22.12,E,8,60.0,E,8,1008.6016999999999,E,8,999.0,E,8,4.26,E,8,-9900,?,9,-9900,?,9,0.0,E,8,-9900,?,9,-9900,?,9,0.0,0.0,E,8
02/04/2010,16:00,911.552,1406.664,699.4,1,8,801.381,1,8,180.296,1,8,83928.0,1,8,76131.237,1,8,19832.546,1,8,88.597,1,8,-9900,?,9,-9900,?,9,30.66,E,8,22.12,E,8,60.0,E,8,1008.6016999999999,E,8,999.0,E,8,4.21,E,8,-9900,?,9,-9900,?,9,0.0,E,8,-9900,?,9,-9900,?,9,0.0,0.0,E,8
02/04/2010,17:00,627.441,1406.664,490.94,1,8,775.759,1,8,145.32,1,8,58912.8,1,8,73697.071,1,8,15985.238,1,8,103.826,1,8,-9900,?,9,-9900,?,9,30.24,E,8,22.05,E,8,61.0,E,8,1008.6016999999999,E,8,999.0,E,8,3.79,E,8,-9900,?,9,-9900,?,9,0.0,E,8,-9900,?,9,-9900,?,9,0.0,0.0,E,8
02/04/2010,18:00,310.823,1406.664,248.0,1,8,578.962,1,8,120.777,1,8,29760.0,1,8,55001.386,1,8,13285.509,1,8,174.953,1,8,-9900,?,9,-9900,?,9,29.47,E,8,21.92,E,8,63.0,E,8,1008.6016999999999,E,8,999.0,E,8,2.91,E,8,-9900,?,9,-9900,?,9,0.0,E,8,-9900,?,9,-9900,?,9,0.0,0.0,E,8
02/04/2010,19:00,0.0,1406.664,27.67,1,8,0.0,1,8,0.0,1,8,3320.4,1,8,0.0,1,8,0.0,1,8,-0.0,1,8,-9900,?,9,-9900,?,9,28.46,E,8,21.75,E,8,67.0,E,8,1008.6016999999999,E,8,999.0,E,8,2.38,E,8,-9900,?,9,-9900,?,9,0.0,E,8,-9900,?,9,-9900,?,9,0.0,0.0,E,8
02/04/2010,20:00,0.0,1406.664,0.0,1,8,0.0,1,8,0.0,1,8,0.0,1,8,0.0,1,8,0.0,1,8,-0.0,1,8,-9900,?,9,-9900,?,9,27.86,E,8,21.65,E,8,68.0,E,8,1008.6016999999999,E,8,999.0,E,8,2.05,E,8,-9900,?,9,-9900,?,9,0.0,E,8,-9900,?,9,-9900,?,9,0.0,0.0,E,8
02/04/2010,21:00,0.0,1406.664,0.0,1,8,0.0,1,8,0.0,1,8,0.0,1,8,0.0,1,8,0.0,1,8,-0.0,1,8,-9900,?,9,-9900,?,9,27.27,E,8,21.55,E,8,70.0,E,8,1008.6016999999999,E,8,999.0,E,8,1.23,E,8,-9900,?,9,-9900,?,9,0.0,E,8,-9900,?,9,-9900,?,9,0.0,0.0,E,8
02/04/2010,22:00,0.0,1406.664,0.0,1,8,0.0,1,8,0.0,1,8,0.0,1,8,0.0,1,8,0.0,1,8,-0.0,1,8,-9900,?,9,-9900,?,9,26.67,E,8,21.44,E,8,73.0,E,8,1008.6016999999999,E,8,999.0,E,8,1.2,E,8,-9900,?,9,-9900,?,9,0.0,E,8,-9900,?,9,-9900,?,9,0.0,0.0,E,8
02/04/2010,23:00,0.0,1406.664,0.0,1,8,0.0,1,8,0.0,1,8,0.0,1,8,0.0,1,8,0.0,1,8,-0.0,1,8,-9900,?,9,-9900,?,9,26.07,E,8,21.34,E,8,75.0,E,8,1008.6016999999999,E,8,999.0,E,8,1.2,E,8,-9900,?,9,-9900,?,9,0.0,E,8,-9900,?,9,-9900,?,9,0.0,0.0,E,8
02/04/2010,24:00,0.0,1406.664,0.0,1,8,0.0,1,8,0.0,1,8,0.0,1,8,0.0,1,8,0.0,1,8,-0.0,1,8,-9900,?,9,-9900,?,9,25.48,E,8,21.98,E,8,80.0,E,8,1008.6016999999999,E,8,999.0,E,8,1.27,E,8,-9900,?,9,-9900,?,9,0.0,E,8,-9900,?,9,-9900,?,9,0.0,0.0,E,8
02/05/2010,01:00,0.0,1406.664,0.0,1,8,0.0,1,8,0.0,1,8,0.0,1,8,0.0,1,8,0.0,1,8,-0.0,1,8,-9900,?,9,-9900,?,9,25.18,E,8,21.93,E,8,82.0,E,8,1008.6016999999999,E,8,999.0,E,8,1.27,E,8,-9900,?,9,-9900,?,9,0.0,E,8,-9900,?,9,-9900,?,9,0.0,0.0,E,8
02/05/2010,02:00,0.0,1406.664,0.0,1,8,0.0,1,8,0.0,1,8,0.0,1,8,0.0,1,8,0.0,1,8,-0.0,1,8,-9900,?,9,-9900,?,9,24.88,E,8,21.88,E,8,83.0,E,8,1008.6016999999999,E,8,999.0,E,8,1.27,E,8,-9900,?,9,-9900,?,9,0.0,E,8,-9900,?,9,-9900,?,9,0.0,0.0,E,8
02/05/2010,03:00,0.0,1406.664,0.0,1,8,0.0,1,8,0.0,1,8,0.0,1,8,0.0,1,8,0.0,1,8,-0.0,1,8,-9900,?,9,-9900,?,9,24.58,E,8,21.83,E,8,84.0,E,8,1008.6016999999999,E,8,999.0,E,8,1.27,E,8,-9900,?,9,-9900,?,9,0.0,E,8,-9900,?,9,-9900,?,9,0.0,0.0,E,8
02/05/2010,04:00,0.0,1406.209,0.0,1,8,0.0,1,8,0.0,1,8,0.0,1,8,0.0,1,8,0.0,1,8,-0.0,1,8,-9900,?,9,-9900,?,9,24.28,E,8,21.79,E,8,85.0,E,8,1008.6016999999999,E,8,999.0,E,8,1.27,E,8,-9900,?,9,-9900,?,9,0.0,E,8,-9900,?,9,-9900,?,9,0.0,0.0,E,8
02/05/2010,05:00,0.0,1406.209,0.0,1,8,0.0,1,8,0.0,1,8,0.0,1,8,0.0,1,8,0.0,1,8,-0.0,1,8,-9900,?,9,-9900,?,9,24.02,E,8,21.74,E,8,87.0,E,8,1008.6016999999999,E,8,999.0,E,8,1.27,E,8,-9900,?,9,-9900,?,9,0.0,E,8,-9900,?,9,-9900,?,9,0.0,0.0,E,8
02/05/2010,06:00,0.0,1406.209,0.0,1,8,0.0,1,8,0.0,1,8,0.0,1,8,0.0,1,8,0.0,1,8,-0.0,1,8,-9900,?,9,-9900,?,9,23.82,E,8,21.71,E,8,87.0,E,8,1008.6016999999999,E,8,999.0,E,8,1.27,E,8,-9900,?,9,-9900,?,9,0.0,E,8,-9900,?,9,-9900,?,9,0.0,0.0,E,8
02/05/2010,07:00,302.092,1406.209,27.25,1,8,0.0,1,8,27.25,1,8,3270.0,1,8,0.0,1,8,2997.5,1,8,40.614,1,8,-9900,?,9,-9900,?,9,23.62,E,8,21.68,E,8,88.0,E,8,1008.6016999999999,E,8,999.0,E,8,1.27,E,8,-9900,?,9,-9900,?,9,0.0,E,8,-9900,?,9,-9900,?,9,0.0,0.0,E,8
02/05/2010,08:00,619.186,1406.209,241.24,1,8,120.523,1,8,188.236,1,8,28948.8,1,8,11449.643,1,8,20705.911,1,8,136.241,1,8,-9900,?,9,-9900,?,9,24.87,E,8,21.88,E,8,83.0,E,8,1008.6016999999999,E,8,999.0,E,8,1.27,E,8,-9900,?,9,-9900,?,9,0.0,E,8,-9900,?,9,-9900,?,9,0.0,0.0,E,8
02/05/2010,09:00,904.33,1406.209,491.94,1,8,310.063,1,8,292.622,1,8,59032.8,1,8,29455.99,1,8,32188.426,1,8,144.897,1,8,-9900,?,9,-9900,?,9,25.97,E,8,22.05,E,8,79.0,E,8,1008.6016999999999,E,8,999.0,E,8,1.27,E,8,-9900,?,9,-9900,?,9,0.0,E,8,-9900,?,9,-9900,?,9,0.0,0.0,E,8
02/05/2010,10:00,1137.586,1406.209,713.71,1,8,499.647,1,8,309.571,1,8,85645.2,1,8,47466.498,1,8,34052.823,1,8,121.827,1,8,-9900,?,9,-9900,?,9,27.04,E,8,22.22,E,8,74.0,E,8,1008.6016999999999,E,8,999.0,E,8,1.84,E,8,-9900,?,9,-9900,?,9,0.0,E,8,-9900,?,9,-9900,?,9,0.0,0.0,E,8
02/05/2010,11:00,1302.94,1406.209,887.16,1,8,608.88,1,8,323.022,1,8,106459.2,1,8,57843.635,1,8,35532.404,1,8,110.976,1,8,-9900,?,9,-9900,?,9,28.0,E,8,22.37,E,8,71.0,E,8,1008.6016999999999,E,8,999.0,E,8,2.33,E,8,-9900,?,9,-9900,?,9,0.0,E,8,-9900,?,9,-9900,?,9,0.0,0.0,E,8
02/05/2010,12:00,1389.071,1406.209,1004.19,1,8,675.532,1,8,336.896,1,8,120502.8,1,8,64175.539,1,8,37058.515,1,8,108.561,1,8,-9900,?,9,-9900,?,9,28.82,E,8,22.5,E,8,68.0,E,8,1008.6016999999999,E,8,999.0,E,8,3.32,E,8,-9900,?,9,-9900,?,9,0.0,E,8,-9900,?,9,-9900,?,9,0.0,0.0,E,8
02/05/2010,13:00,1390.081,1406.209,1034.9,1,8,772.444,1,8,271.32,1,8,124188.0,1,8,73382.178,1,8,29845.252,1,8,87.367,1,8,-9900,?,9,-9900,?,9,29.45,E,8,22.59,E,8,66.0,E,8,1008.6016999999999,E,8,999.0,E,8,3.65,E,8,-9900,?,9,-9900,?,9,0.0,E,8,-9900,?,9,-9900,?,9,0.0,0.0,E,8
02/05/2010,14:00,1305.881,1406.209,1006.53,1,8,930.836,1,8,142.146,1,8,120783.6,1,8,88429.436,1,8,15636.044,1,8,48.725,1,8,-9900,?,9,-9900,?,9,29.88,E,8,22.66,E,8,65.0,E,8,1008.6016999999999,E,8,999.0,E,8,3.38,E,8,-9900,?,9,-9900,?,9,0.0,E,8,-9900,?,9,-9900,?,9,0.0,0.0,E,8
02/05/2010,15:00,1142.205,1406.209,896.17,1,8,755.825,1,8,282.338,1,8,107540.4,1,8,71803.342,1,8,31057.188,1,8,110.66,1,8,-9900,?,9,-9900,?,9,30.11,E,8,22.69,E,8,64.0,E,8,1008.6016999999999,E,8,999.0,E,8,3.77,E,8,-9900,?,9,-9900,?,9,0.0,E,8,-9900,?,9,-9900,?,9,0.0,0.0,E,8
02/05/2010,16:00,910.223,1406.209,730.96,1,8,833.093,1,8,191.928,1,8,87715.2,1,8,79143.797,1,8,21112.074,1,8,94.421,1,8,-9900,?,9,-9900,?,9,30.14,E,8,22.7,E,8,64.0,E,8,1008.6016999999999,E,8,999.0,E,8,3.78,E,8,-9900,?,9,-9900,?,9,0.0,E,8,-9900,?,9,-9900,?,9,0.0,0.0,E,8
02/05/2010,17:00,625.831,1406.209,505.01,1,8,777.592,1,8,159.353,1,8,60601.2,1,8,73871.194,1,8,17528.852,1,8,114.108,1,8,-9900,?,9,-9900,?,9,29.86,E,8,22.66,E,8,65.0,E,8,1008.6016999999999,E,8,999.0,E,8,3.0,E,8,-9900,?,9,-9900,?,9,0.0,E,8,-9900,?,9,-9900,?,9,0.0,0.0,E,8
02/05/2010,18:00,308.87,1406.209,261.36,1,8,576.233,1,8,135.501,1,8,31363.2,1,8,54742.146,1,8,14905.07,1,8,197.471,1,8,-9900,?,9,-9900,?,9,29.3,E,8,22.57,E,8,67.0,E,8,1008.6016999999999,E,8,999.0,E,8,2.35,E,8,-9900,?,9,-9900,?,9,0.0,E,8,-9900,?,9,-9900,?,9,0.0,0.0,E,8
02/05/2010,19:00,0.0,1406.209,33.15,1,8,0.0,1,8,0.0,1,8,3978.0,1,8,0.0,1,8,0.0,1,8,-0.0,1,8,-9900,?,9,-9900,?,9,28.55,E,8,22.45,E,8,69.0,E,8,1008.6016999999999,E,8,999.0,E,8,1.74,E,8,-9900,?,9,-9900,?,9,0.0,E,8,-9900,?,9,-9900,?,9,0.0,0.0,E,8
02/05/2010,20:00,0.0,1406.209,0.0,1,8,0.0,1,8,0.0,1,8,0.0,1,8,0.0,1,8,0.0,1,8,-0.0,1,8,-9900,?,9,-9900,?,9,27.64,E,8,22.31,E,8,72.0,E,8,1008.6016999999999,E,8,999.0,E,8,1.27,E,8,-9900,?,9,-9900,?,9,0.0,E,8,-9900,?,9,-9900,?,9,0.0,0.0,E,8
02/05/2010,21:00,0.0,1406.209,0.0,1,8,0.0,1,8,0.0,1,8,0.0,1,8,0.0,1,8,0.0,1,8,-0.0,1,8,-9900,?,9,-9900,?,9,26.72,E,8,22.17,E,8,76.0,E,8,1008.6016999999999,E,8,999.0,E,8,1.27,E,8,-9900,?,9,-9900,?,9,0.0,E,8,-9900,?,9,-9900,?,9,0.0,0.0,E,8
02/05/2010,22:00,0.0,1406.209,0.0,1,8,0.0,1,8,0.0,1,8,0.0,1,8,0.0,1,8,0.0,1,8,-0.0,1,8,-9900,?,9,-9900,?,9,25.81,E,8,22.03,E,8,79.0,E,8,1008.6016999999999,E,8,999.0,E,8,1.27,E,8,-9900,?,9,-9900,?,9,0.0,E,8,-9900,?,9,-9900,?,9,0.0,0.0,E,8
02/05/2010,23:00,0.0,1406.209,0.0,1,8,0.0,1,8,0.0,1,8,0.0,1,8,0.0,1,8,0.0,1,8,-0.0,1,8,-9900,?,9,-9900,?,9,24.89,E,8,21.88,E,8,83.0,E,8,1008.6016999999999,E,8,999.0,E,8,1.27,E,8,-9900,?,9,-9900,?,9,0.0,E,8,-9900,?,9,-9900,?,9,0.0,0.0,E,8
02/05/2010,24:00,0.0,1406.209,0.0,1,8,0.0,1,8,0.0,1,8,0.0,1,8,0.0,1,8,0.0,1,8,-0.0,1,8,-9900,?,9,-9900,?,9,23.98,E,8,21.29,E,8,85.0,E,8,1008.6016999999999,E,8,999.0,E,8,1.36,E,8,-9900,?,9,-9900,?,9,0.06999999999999999,E,8,-9900,?,9,-9900,?,9,0.7,99.0,E,8
02/06/2010,01:00,0.0,1406.209,0.0,1,8,0.0,1,8,0.0,1,8,0.0,1,8,0.0,1,8,0.0,1,8,-0.0,1,8,-9900,?,9,-9900,?,9,23.52,E,8,21.24,E,8,91.0,E,8,1008.6016999999999,E,8,999.0,E,8,1.36,E,8,-9900,?,9,-9900,?,9,0.13,E,8,-9900,?,9,-9900,?,9,1.3,99.0,E,8
02/06/2010,02:00,0.0,1406.209,0.0,1,8,0.0,1,8,0.0,1,8,0.0,1,8,0.0,1,8,0.0,1,8,-0.0,1,8,-9900,?,9,-9900,?,9,23.06,E,8,21.19,E,8,93.0,E,8,1008.6016999999999,E,8,999.0,E,8,1.36,E,8,-9900,?,9,-9900,?,9,0.191,E,8,-9900,?,9,-9900,?,9,1.91,99.0,E,8
02/06/2010,03:00,0.0,1406.209,0.0,1,8,0.0,1,8,0.0,1,8,0.0,1,8,0.0,1,8,0.0,1,8,-0.0,1,8,-9900,?,9,-9900,?,9,22.61,E,8,21.14,E,8,98.0,E,8,1008.6016999999999,E,8,999.0,E,8,1.36,E,8,-9900,?,9,-9900,?,9,4.196,E,8,-9900,?,9,-9900,?,9,41.96,99.0,E,8
02/06/2010,04:00,0.0,1405.741,0.0,1,8,0.0,1,8,0.0,1,8,0.0,1,8,0.0,1,8,0.0,1,8,-0.0,1,8,-9900,?,9,-9900,?,9,22.15,E,8,21.09,E,8,96.0,E,8,1008.6016999999999,E,8,999.0,E,8,1.36,E,8,-9900,?,9,-9900,?,9,0.329,E,8,-9900,?,9,-9900,?,9,3.29,99.0,E,8
02/06/2010,05:00,0.0,1405.741,0.0,1,8,0.0,1,8,0.0,1,8,0.0,1,8,0.0,1,8,0.0,1,8,-0.0,1,8,-9900,?,9,-9900,?,9,21.74,E,8,21.04,E,8,94.0,E,8,1008.6016999999999,E,8,999.0,E,8,1.36,E,8,-9900,?,9,-9900,?,9,0.04,E,8,-9900,?,9,-9900,?,9,0.4,99.0,E,8
02/06/2010,06:00,0.0,1405.741,0.0,1,8,0.0,1,8,0.0,1,8,0.0,1,8,0.0,1,8,0.0,1,8,-0.0,1,8,-9900,?,9,-9900,?,9,21.44,E,8,21.01,E,8,95.0,E,8,1008.6016999999999,E,8,999.0,E,8,1.36,E,8,-9900,?,9,-9900,?,9,0.094,E,8,-9900,?,9,-9900,?,9,0.94,99.0,E,8
02/06/2010,07:00,299.237,1405.741,15.98,1,8,0.0,1,8,15.98,1,8,1917.6,1,8,0.0,1,8,1757.8,1,8,24.039,1,8,-9900,?,9,-9900,?,9,21.14,E,8,20.98,E,8,96.0,E,8,1008.6016999999999,E,8,999.0,E,8,1.36,E,8,-9900,?,9,-9900,?,9,0.053000000000000005,E,8,-9900,?,9,-9900,?,9,0.53,99.0,E,8
02/06/2010,08:00,616.722,1405.741,158.44,1,8,8.97,1,8,154.51,1,8,19012.8,1,8,852.138,1,8,16996.055,1,8,112.242,1,8,-9900,?,9,-9900,?,9,22.8,E,8,21.16,E,8,89.0,E,8,1008.6016999999999,E,8,999.0,E,8,1.36,E,8,-9900,?,9,-9900,?,9,0.03,E,8,-9900,?,9,-9900,?,9,0.3,99.0,E,8
02/06/2010,09:00,902.255,1405.741,321.75,1,8,49.459,1,8,290.019,1,8,38610.0,1,8,4698.596,1,8,31902.069,1,8,143.891,1,8,-9900,?,9,-9900,?,9,24.29,E,8,21.33,E,8,84.0,E,8,1008.6016999999999,E,8,999.0,E,8,1.36,E,8,-9900,?,9,-9900,?,9,0.008,E,8,-9900,?,9,-9900,?,9,0.08,99.0,E,8
02/06/2010,10:00,1135.861,1405.741,467.16,1,8,98.712,1,8,387.411,1,8,56059.2,1,8,9377.662,1,8,42615.256,1,8,152.641,1,8,-9900,?,9,-9900,?,9,25.72,E,8,21.48,E,8,75.0,E,8,1008.6016999999999,E,8,999.0,E,8,1.36,E,8,-9900,?,9,-9900,?,9,0.0,E,8,-9900,?,9,-9900,?,9,0.0,0.0,E,8
02/06/2010,11:00,1301.501,1405.741,580.25,1,8,70.874,1,8,514.635,1,8,69630.0,1,8,6732.986,1,8,56609.867,1,8,176.942,1,8,-9900,?,9,-9900,?,9,27.01,E,8,21.62,E,8,74.0,E,8,1008.6016999999999,E,8,999.0,E,8,2.5,E,8,-9900,?,9,-9900,?,9,0.001,E,8,-9900,?,9,-9900,?,9,0.01,99.0,E,8
02/06/2010,12:00,1387.835,1405.741,651.94,1,8,82.681,1,8,570.312,1,8,78232.8,1,8,7854.73,1,8,62734.365,1,8,183.88,1,8,-9900,?,9,-9900,?,9,28.1,E,8,21.74,E,8,71.0,E,8,1008.6016999999999,E,8,999.0,E,8,3.48,E,8,-9900,?,9,-9900,?,9,0.003,E,8,-9900,?,9,-9900,?,9,0.03,99.0,E,8
02/06/2010,13:00,1388.95,1405.741,676.87,1,8,95.87,1,8,582.146,1,8,81224.4,1,8,9107.611,1,8,64036.086,1,8,187.544,1,8,-9900,?,9,-9900,?,9,28.94,E,8,21.83,E,8,69.0,E,8,1008.6016999999999,E,8,999.0,E,8,3.43,E,8,-9900,?,9,-9900,?,9,0.005,E,8,-9900,?,9,-9900,?,9,0.05,99.0,E,8
02/06/2010,14:00,1304.75,1405.741,653.19,1,8,186.226,1,8,480.351,1,8,78382.8,1,8,17691.45,1,8,52838.633,1,8,164.743,1,8,-9900,?,9,-9900,?,9,29.52,E,8,21.89,E,8,67.0,E,8,1008.6016999999999,E,8,999.0,E,8,3.69,E,8,-9900,?,9,-9900,?,9,0.011,E,8,-9900,?,9,-9900,?,9,0.11,99.0,E,8
02/06/2010,15:00,1140.968,1405.741,421.17,1,8,32.52,1,8,394.78,1,8,50540.4,1,8,3089.363,1,8,43425.747,1,8,154.847,1,8,-9900,?,9,-9900,?,9,29.48,E,8,21.89,E,8,67.0,E,8,1008.6016999999999,E,8,999.0,E,8,3.7,E,8,-9900,?,9,-9900,?,9,0.022,E,8,-9900,?,9,-9900,?,9,0.22,99.0,E,8
02/06/2010,16:00,908.783,1405.741,327.73,1,8,75.25,1,8,279.102,1,8,39327.6,1,8,7148.729,1,8,30701.265,1,8,137.479,1,8,-9900,?,9,-9900,?,9,29.27,E,8,21.87,E,8,68.0,E,8,1008.6016999999999,E,8,999.0,E,8,3.66,E,8,-9900,?,9,-9900,?,9,0.016,E,8,-9900,?,9,-9900,?,9,0.16,99.0,E,8
02/06/2010,17:00,624.105,1405.741,626.1,1,8,503.89,1,8,402.654,1,8,75132.0,1,8,47869.564,1,8,44291.989,1,8,289.033,1,8,-9900,?,9,-9900,?,9,29.61,E,8,21.9,E,8,63.0,E,8,1008.6016999999999,E,8,999.0,E,8,2.69,E,8,-9900,?,9,-9900,?,9,0.0,E,8,-9900,?,9,-9900,?,9,0.0,0.0,E,8
02/06/2010,18:00,306.802,1405.741,321.5,1,8,522.179,1,8,208.181,1,8,38580.0,1,8,49607.051,1,8,22899.935,1,8,305.358,1,8,-9900,?,9,-9900,?,9,29.28,E,8,21.87,E,8,64.0,E,8,1008.6016999999999,E,8,999.0,E,8,2.01,E,8,-9900,?,9,-9900,?,9,0.0,E,8,-9900,?,9,-9900,?,9,0.0,0.0,E,8
02/06/2010,19:00,0.0,1405.741,70.37,1,8,0.0,1,8,0.0,1,8,8444.4,1,8,0.0,1,8,0.0,1,8,-0.0,1,8,-9900,?,9,-9900,?,9,28.37,E,8,21.77,E,8,66.0,E,8,1008.6016999999999,E,8,999.0,E,8,1.44,E,8,-9900,?,9,-9900,?,9,0.0,E,8,-9900,?,9,-9900,?,9,0.0,0.0,E,8
02/06/2010,20:00,0.0,1405.741,0.0,1,8,0.0,1,8,0.0,1,8,0.0,1,8,0.0,1,8,0.0,1,8,-0.0,1,8,-9900,?,9,-9900,?,9,27.66,E,8,21.69,E,8,68.0,E,8,1008.6016999999999,E,8,999.0,E,8,1.36,E,8,-9900,?,9,-9900,?,9,0.0,E,8,-9900,?,9,-9900,?,9,0.0,0.0,E,8
02/06/2010,21:00,0.0,1405.741,0.0,1,8,0.0,1,8,0.0,1,8,0.0,1,8,0.0,1,8,0.0,1,8,-0.0,1,8,-9900,?,9,-9900,?,9,26.95,E,8,21.62,E,8,71.0,E,8,1008.6016999999999,E,8,999.0,E,8,1.36,E,8,-9900,?,9,-9900,?,9,0.0,E,8,-9900,?,9,-9900,?,9,0.0,0.0,E,8
02/06/2010,22:00,0.0,1405.741,0.0,1,8,0.0,1,8,0.0,1,8,0.0,1,8,0.0,1,8,0.0,1,8,-0.0,1,8,-9900,?,9,-9900,?,9,26.24,E,8,21.54,E,8,73.0,E,8,1008.6016999999999,E,8,999.0,E,8,1.36,E,8,-9900,?,9,-9900,?,9,0.0,E,8,-9900,?,9,-9900,?,9,0.0,0.0,E,8
02/06/2010,23:00,0.0,1405.741,0.0,1,8,0.0,1,8,0.0,1,8,0.0,1,8,0.0,1,8,0.0,1,8,-0.0,1,8,-9900,?,9,-9900,?,9,25.53,E,8,21.46,E,8,75.0,E,8,1008.6016999999999,E,8,999.0,E,8,1.36,E,8,-9900,?,9,-9900,?,9,0.0,E,8,-9900,?,9,-9900,?,9,0.0,0.0,E,8
02/06/2010,24:00,0.0,1405.741,0.0,1,8,0.0,1,8,0.0,1,8,0.0,1,8,0.0,1,8,0.0,1,8,-0.0,1,8,-9900,?,9,-9900,?,9,24.83,E,8,22.05,E,8,81.0,E,8,1008.6016999999999,E,8,999.0,E,8,1.23,E,8,-9900,?,9,-9900,?,9,0.0,E,8,-9900,?,9,-9900,?,9,0.0,0.0,E,8
02/07/2010,01:00,0.0,1405.741,0.0,1,8,0.0,1,8,0.0,1,8,0.0,1,8,0.0,1,8,0.0,1,8,-0.0,1,8,-9900,?,9,-9900,?,9,24.47,E,8,21.96,E,8,83.0,E,8,1008.6016999999999,E,8,999.0,E,8,1.23,E,8,-9900,?,9,-9900,?,9,0.0,E,8,-9900,?,9,-9900,?,9,0.0,0.0,E,8
02/07/2010,02:00,0.0,1405.741,0.0,1,8,0.0,1,8,0.0,1,8,0.0,1,8,0.0,1,8,0.0,1,8,-0.0,1,8,-9900,?,9,-9900,?,9,24.12,E,8,21.88,E,8,84.0,E,8,1008.6016999999999,E,8,999.0,E,8,1.23,E,8,-9900,?,9,-9900,?,9,0.0,E,8,-9900,?,9,-9900,?,9,0.0,0.0,E,8
02/07/2010,03:00,0.0,1405.741,0.0,1,8,0.0,1,8,0.0,1,8,0.0,1,8,0.0,1,8,0.0,1,8,-0.0,1,8,-9900,?,9,-9900,?,9,23.76,E,8,21.79,E,8,85.0,E,8,1008.6016999999999,E,8,999.0,E,8,1.23,E,8,-9900,?,9,-9900,?,9,0.0,E,8,-9900,?,9,-9900,?,9,0.0,0.0,E,8
02/07/2010,04:00,0.0,1405.261,0.0,1,8,0.0,1,8,0.0,1,8,0.0,1,8,0.0,1,8,0.0,1,8,-0.0,1,8,-9900,?,9,-9900,?,9,23.41,E,8,21.7,E,8,86.0,E,8,1008.6016999999999,E,8,999.0,E,8,1.23,E,8,-9900,?,9,-9900,?,9,0.0,E,8,-9900,?,9,-9900,?,9,0.0,0.0,E,8
02/07/2010,05:00,0.0,1405.261,0.0,1,8,0.0,1,8,0.0,1,8,0.0,1,8,0.0,1,8,0.0,1,8,-0.0,1,8,-9900,?,9,-9900,?,9,23.09,E,8,21.62,E,8,91.0,E,8,1008.6016999999999,E,8,999.0,E,8,1.23,E,8,-9900,?,9,-9900,?,9,0.002,E,8,-9900,?,9,-9900,?,9,0.02,99.0,E,8
02/07/2010,06:00,0.0,1405.261,0.0,1,8,0.0,1,8,0.0,1,8,0.0,1,8,0.0,1,8,0.0,1,8,-0.0,1,8,-9900,?,9,-9900,?,9,22.86,E,8,21.57,E,8,92.0,E,8,1008.6016999999999,E,8,999.0,E,8,1.23,E,8,-9900,?,9,-9900,?,9,0.006,E,8,-9900,?,9,-9900,?,9,0.06,99.0,E,8
02/07/2010,07:00,296.408,1405.261,19.05,1,8,0.0,1,8,19.05,1,8,2286.0,1,8,0.0,1,8,2095.5,1,8,28.924,1,8,-9900,?,9,-9900,?,9,22.63,E,8,21.51,E,8,93.0,E,8,1008.6016999999999,E,8,999.0,E,8,1.23,E,8,-9900,?,9,-9900,?,9,0.003,E,8,-9900,?,9,-9900,?,9,0.03,99.0,E,8
02/07/2010,08:00,614.274,1405.261,151.15,1,8,4.162,1,8,149.333,1,8,18138.0,1,8,395.403,1,8,16426.616,1,8,108.877,1,8,-9900,?,9,-9900,?,9,23.71,E,8,21.78,E,8,89.0,E,8,1008.6016999999999,E,8,999.0,E,8,1.23,E,8,-9900,?,9,-9900,?,9,0.001,E,8,-9900,?,9,-9900,?,9,0.01,99.0,E,8
02/07/2010,09:00,900.182,1405.261,310.01,1,8,39.494,1,8,284.722,1,8,37201.2,1,8,3751.886,1,8,31319.411,1,8,141.541,1,8,-9900,?,9,-9900,?,9,24.67,E,8,22.01,E,8,82.0,E,8,1008.6016999999999,E,8,999.0,E,8,1.23,E,8,-9900,?,9,-9900,?,9,0.0,E,8,-9900,?,9,-9900,?,9,0.0,0.0,E,8
02/07/2010,10:00,1134.121,1405.261,503.27,1,8,135.895,1,8,393.613,1,8,60392.4,1,8,12909.99,1,8,43297.431,1,8,155.269,1,8,-9900,?,9,-9900,?,9,25.76,E,8,22.28,E,8,78.0,E,8,1008.6016999999999,E,8,999.0,E,8,1.23,E,8,-9900,?,9,-9900,?,9,0.0,E,8,-9900,?,9,-9900,?,9,0.0,0.0,E,8
02/07/2010,11:00,1300.029,1405.261,659.53,1,8,223.683,1,8,452.608,1,8,79143.6,1,8,21249.85,1,8,49786.876,1,8,155.739,1,8,-9900,?,9,-9900,?,9,26.81,E,8,22.53,E,8,75.0,E,8,1008.6016999999999,E,8,999.0,E,8,2.03,E,8,-9900,?,9,-9900,?,9,0.0,E,8,-9900,?,9,-9900,?,9,0.0,0.0,E,8
02/07/2010,12:00,1386.546,1405.261,822.57,1,8,353.533,1,8,473.748,1,8,98708.4,1,8,33585.596,1,8,52112.325,1,8,152.835,1,8,-9900,?,9,-9900,?,9,27.86,E,8,22.77,E,8,72.0,E,8,1008.6016999999999,E,8,999.0,E,8,3.0,E,8,-9900,?,9,-9900,?,9,0.0,E,8,-9900,?,9,-9900,?,9,0.0,0.0,E,8
02/07/2010,13:00,1387.747,1405.261,930.47,1,8,533.315,1,8,403.806,1,8,111656.4,1,8,50664.918,1,8,44418.649,1,8,130.159,1,8,-9900,?,9,-9900,?,9,28.81,E,8,22.99,E,8,70.0,E,8,1008.6016999999999,E,8,999.0,E,8,3.36,E,8,-9900,?,9,-9900,?,9,0.0,E,8,-9900,?,9,-9900,?,9,0.0,0.0,E,8
02/07/2010,14:00,1303.53,1405.261,775.94,1,8,385.825,1,8,418.063,1,8,93112.8,1,8,36653.368,1,8,45986.947,1,8,143.466,1,8,-9900,?,9,-9900,?,9,29.27,E,8,23.1,E,8,69.0,E,8,1008.6016999999999,E,8,999.0,E,8,3.56,E,8,-9900,?,9,-9900,?,9,0.0,E,8,-9900,?,9,-9900,?,9,0.0,0.0,E,8
02/07/2010,15:00,1139.63,1405.261,673.09,1,8,372.718,1,8,370.872,1,8,80770.8,1,8,35408.189,1,8,40795.917,1,8,145.591,1,8,-9900,?,9,-9900,?,9,29.49,E,8,23.15,E,8,68.0,E,8,1008.6016999999999,E,8,999.0,E,8,4.16,E,8,-9900,?,9,-9900,?,9,0.0,E,8,-9900,?,9,-9900,?,9,0.0,0.0,E,8
02/07/2010,16:00,907.233,1405.261,674.18,1,8,876.485,1,8,108.556,1,8,80901.6,1,8,83266.058,1,8,11941.172,1,8,53.545,1,8,-9900,?,9,-9900,?,9,29.66,E,8,23.19,E,8,68.0,E,8,1008.6016999999999,E,8,999.0,E,8,4.43,E,8,-9900,?,9,-9900,?,9,0.0,E,8,-9900,?,9,-9900,?,9,0.0,0.0,E,8
02/07/2010,17:00,622.265,1405.261,456.48,1,8,755.003,1,8,122.556,1,8,54777.6,1,8,71725.322,1,8,13481.214,1,8,88.204,1,8,-9900,?,9,-9900,?,9,29.47,E,8,23.14,E,8,68.0,E,8,1008.6016999999999,E,8,999.0,E,8,3.65,E,8,-9900,?,9,-9900,?,9,0.0,E,8,-9900,?,9,-9900,?,9,0.0,0.0,E,8
02/07/2010,18:00,304.62,1405.261,165.51,1,8,474.337,1,8,63.279,1,8,19861.2,1,8,45062.046,1,8,6960.667,1,8,93.457,1,8,-9900,?,9,-9900,?,9,28.79,E,8,22.99,E,8,74.0,E,8,1008.6016999999999,E,8,999.0,E,8,2.6,E,8,-9900,?,9,-9900,?,9,0.01,E,8,-9900,?,9,-9900,?,9,0.1,99.0,E,8
02/07/2010,19:00,0.0,1405.261,21.81,1,8,0.0,1,8,0.0,1,8,2617.2,1,8,0.0,1,8,0.0,1,8,-0.0,1,8,-9900,?,9,-9900,?,9,27.97,E,8,22.8,E,8,76.0,E,8,1008.6016999999999,E,8,999.0,E,8,1.77,E,8,-9900,?,9,-9900,?,9,0.002,E,8,-9900,?,9,-9900,?,9,0.02,99.0,E,8
02/07/2010,20:00,0.0,1405.261,0.0,1,8,0.0,1,8,0.0,1,8,0.0,1,8,0.0,1,8,0.0,1,8,-0.0,1,8,-9900,?,9,-9900,?,9,27.34,E,8,22.65,E,8,78.0,E,8,1008.6016999999999,E,8,999.0,E,8,1.23,E,8,-9900,?,9,-9900,?,9,0.001,E,8,-9900,?,9,-9900,?,9,0.01,99.0,E,8
02/07/2010,21:00,0.0,1405.261,0.0,1,8,0.0,1,8,0.0,1,8,0.0,1,8,0.0,1,8,0.0,1,8,-0.0,1,8,-9900,?,9,-9900,?,9,26.71,E,8,22.5,E,8,80.0,E,8,1008.6016999999999,E,8,999.0,E,8,1.23,E,8,-9900,?,9,-9900,?,9,0.018,E,8,-9900,?,9,-9900,?,9,0.18,99.0,E,8
02/07/2010,22:00,0.0,1405.261,0.0,1,8,0.0,1,8,0.0,1,8,0.0,1,8,0.0,1,8,0.0,1,8,-0.0,1,8,-9900,?,9,-9900,?,9,26.08,E,8,22.35,E,8,82.0,E,8,1008.6016999999999,E,8,999.0,E,8,1.23,E,8,-9900,?,9,-9900,?,9,0.004,E,8,-9900,?,9,-9900,?,9,0.04,99.0,E,8
02/07/2010,23:00,0.0,1405.261,0.0,1,8,0.0,1,8,0.0,1,8,0.0,1,8,0.0,1,8,0.0,1,8,-0.0,1,8,-9900,?,9,-9900,?,9,25.45,E,8,22.2,E,8,88.0,E,8,1008.6016999999999,E,8,999.0,E,8,1.23,E,8,-9900,?,9,-9900,?,9,0.252,E,8,-9900,?,9,-9900,?,9,2.52,99.0,E,8
02/07/2010,24:00,0.0,1405.261,0.0,1,8,0.0,1,8,0.0,1,8,0.0,1,8,0.0,1,8,0.0,1,8,-0.0,1,8,-9900,?,9,-9900,?,9,24.82,E,8,21.56,E,8,79.0,E,8,1008.6016999999999,E,8,999.0,E,8,1.12,E,8,-9900,?,9,-9900,?,9,0.012,E,8,-9900,?,9,-9900,?,9,0.12,99.0,E,8
02/08/2010,01:00,0.0,1405.261,0.0,1,8,0.0,1,8,0.0,1,8,0.0,1,8,0.0,1,8,0.0,1,8,-0.0,1,8,-9900,?,9,-9900,?,9,24.5,E,8,21.58,E,8,80.0,E,8,1008.6016999999999,E,8,999.0,E,8,1.12,E,8,-9900,?,9,-9900,?,9,0.002,E,8,-9900,?,9,-9900,?,9,0.02,99.0,E,8
02/08/2010,02:00,0.0,1405.261,0.0,1,8,0.0,1,8,0.0,1,8,0.0,1,8,0.0,1,8,0.0,1,8,-0.0,1,8,-9900,?,9,-9900,?,9,24.19,E,8,21.61,E,8,81.0,E,8,1008.6016999999999,E,8,999.0,E,8,1.12,E,8,-9900,?,9,-9900,?,9,0.003,E,8,-9900,?,9,-9900,?,9,0.03,99.0,E,8
02/08/2010,03:00,0.0,1405.261,0.0,1,8,0.0,1,8,0.0,1,8,0.0,1,8,0.0,1,8,0.0,1,8,-0.0,1,8,-9900,?,9,-9900,?,9,23.87,E,8,21.63,E,8,82.0,E,8,1008.6016999999999,E,8,999.0,E,8,1.12,E,8,-9900,?,9,-9900,?,9,0.026000000000000002,E,8,-9900,?,9,-9900,?,9,0.26,99.0,E,8
02/08/2010,04:00,0.0,1404.77,0.0,1,8,0.0,1,8,0.0,1,8,0.0,1,8,0.0,1,8,0.0,1,8,-0.0,1,8,-9900,?,9,-9900,?,9,23.55,E,8,21.65,E,8,84.0,E,8,1008.6016999999999,E,8,999.0,E,8,1.12,E,8,-9900,?,9,-9900,?,9,0.047,E,8,-9900,?,9,-9900,?,9,0.47,99.0,E,8
02/08/2010,05:00,0.0,1404.77,0.0,1,8,0.0,1,8,0.0,1,8,0.0,1,8,0.0,1,8,0.0,1,8,-0.0,1,8,-9900,?,9,-9900,?,9,23.28,E,8,21.67,E,8,85.0,E,8,1008.6016999999999,E,8,999.0,E,8,1.12,E,8,-9900,?,9,-9900,?,9,0.008,E,8,-9900,?,9,-9900,?,9,0.08,99.0,E,8
02/08/2010,06:00,0.0,1404.77,0.0,1,8,0.0,1,8,0.0,1,8,0.0,1,8,0.0,1,8,0.0,1,8,-0.0,1,8,-9900,?,9,-9900,?,9,23.07,E,8,21.68,E,8,93.0,E,8,1008.6016999999999,E,8,999.0,E,8,1.12,E,8,-9900,?,9,-9900,?,9,0.673,E,8,-9900,?,9,-9900,?,9,6.73,99.0,E,8
02/08/2010,07:00,293.605,1404.77,24.45,1,8,0.0,1,8,24.45,1,8,2934.0,1,8,0.0,1,8,2689.5,1,8,37.469,1,8,-9900,?,9,-9900,?,9,22.86,E,8,21.7,E,8,86.0,E,8,1008.6016999999999,E,8,999.0,E,8,1.12,E,8,-9900,?,9,-9900,?,9,0.017,E,8,-9900,?,9,-9900,?,9,0.17,99.0,E,8
02/08/2010,08:00,611.842,1404.77,239.35,1,8,123.471,1,8,185.64,1,8,28722.0,1,8,11729.707,1,8,20420.384,1,8,135.84,1,8,-9900,?,9,-9900,?,9,24.29,E,8,21.6,E,8,77.0,E,8,1008.6016999999999,E,8,999.0,E,8,1.12,E,8,-9900,?,9,-9900,?,9,0.0,E,8,-9900,?,9,-9900,?,9,0.0,0.0,E,8
02/08/2010,09:00,898.11,1404.77,478.43,1,8,288.008,1,8,294.376,1,8,57411.6,1,8,27360.789,1,8,32381.363,1,8,146.626,1,8,-9900,?,9,-9900,?,9,25.55,E,8,21.51,E,8,72.0,E,8,1008.6016999999999,E,8,999.0,E,8,1.12,E,8,-9900,?,9,-9900,?,9,0.0,E,8,-9900,?,9,-9900,?,9,0.0,0.0,E,8
02/08/2010,10:00,1132.366,1404.77,688.38,1,8,428.16,1,8,343.3,1,8,82605.6,1,8,40675.238,1,8,37763.039,1,8,135.585,1,8,-9900,?,9,-9900,?,9,26.75,E,8,21.43,E,8,68.0,E,8,1008.6016999999999,E,8,999.0,E,8,2.15,E,8,-9900,?,9,-9900,?,9,0.0,E,8,-9900,?,9,-9900,?,9,0.0,0.0,E,8
02/08/2010,11:00,1298.522,1404.77,849.28,1,8,572.597,1,8,320.017,1,8,101913.6,1,8,54396.703,1,8,35201.871,1,8,110.205,1,8,-9900,?,9,-9900,?,9,27.82,E,8,21.36,E,8,65.0,E,8,1008.6016999999999,E,8,999.0,E,8,2.76,E,8,-9900,?,9,-9900,?,9,0.0,E,8,-9900,?,9,-9900,?,9,0.0,0.0,E,8
02/08/2010,12:00,1385.204,1404.77,950.24,1,8,599.462,1,8,359.132,1,8,114028.8,1,8,56948.918,1,8,39504.537,1,8,115.931,1,8,-9900,?,9,-9900,?,9,28.71,E,8,21.29,E,8,62.0,E,8,1008.6016999999999,E,8,999.0,E,8,3.64,E,8,-9900,?,9,-9900,?,9,0.0,E,8,-9900,?,9,-9900,?,9,0.0,0.0,E,8
02/08/2010,13:00,1386.472,1404.77,983.65,1,8,622.282,1,8,369.479,1,8,118038.0,1,8,59116.768,1,8,40642.651,1,8,119.162,1,8,-9900,?,9,-9900,?,9,29.4,E,8,21.25,E,8,60.0,E,8,1008.6016999999999,E,8,999.0,E,8,3.79,E,8,-9900,?,9,-9900,?,9,0.0,E,8,-9900,?,9,-9900,?,9,0.0,0.0,E,8
02/08/2010,14:00,1302.222,1404.77,951.62,1,8,757.981,1,8,249.006,1,8,114194.4,1,8,72008.158,1,8,27390.628,1,8,85.507,1,8,-9900,?,9,-9900,?,9,29.88,E,8,21.21,E,8,59.0,E,8,1008.6016999999999,E,8,999.0,E,8,3.92,E,8,-9900,?,9,-9900,?,9,0.0,E,8,-9900,?,9,-9900,?,9,0.0,0.0,E,8
02/08/2010,15:00,1138.189,1404.77,842.55,1,8,883.966,1,8,126.442,1,8,101106.0,1,8,83976.79,1,8,13908.662,1,8,49.682,1,8,-9900,?,9,-9900,?,9,30.12,E,8,21.19,E,8,58.0,E,8,1008.6016999999999,E,8,999.0,E,8,3.88,E,8,-9900,?,9,-9900,?,9,0.0,E,8,-9900,?,9,-9900,?,9,0.0,0.0,E,8
02/08/2010,16:00,905.572,1404.77,676.42,1,8,925.786,1,8,79.867,1,8,81170.4,1,8,87949.624,1,8,8785.403,1,8,39.453,1,8,-9900,?,9,-9900,?,9,30.12,E,8,21.19,E,8,58.0,E,8,1008.6016999999999,E,8,999.0,E,8,3.66,E,8,-9900,?,9,-9900,?,9,0.0,E,8,-9900,?,9,-9900,?,9,0.0,0.0,E,8
02/08/2010,17:00,620.309,1404.77,473.9,1,8,769.039,1,8,134.722,1,8,56868.0,1,8,73058.667,1,8,14819.402,1,8,97.232,1,8,-9900,?,9,-9900,?,9,29.8,E,8,21.22,E,8,59.0,E,8,1008.6016999999999,E,8,999.0,E,8,3.42,E,8,-9900,?,9,-9900,?,9,0.0,E,8,-9900,?,9,-9900,?,9,0.0,0.0,E,8
02/08/2010,18:00,302.325,1404.77,230.99,1,8,571.445,1,8,108.725,1,8,27718.8,1,8,54287.321,1,8,11959.758,1,8,161.753,1,8,-9900,?,9,-9900,?,9,29.15,E,8,21.26,E,8,61.0,E,8,1008.6016999999999,E,8,999.0,E,8,2.38,E,8,-9900,?,9,-9900,?,9,0.0,E,8,-9900,?,9,-9900,?,9,0.0,0.0,E,8
02/08/2010,19:00,0.0,1404.77,21.83,1,8,0.0,1,8,0.0,1,8,2619.6,1,8,0.0,1,8,0.0,1,8,-0.0,1,8,-9900,?,9,-9900,?,9,28.31,E,8,21.32,E,8,67.0,E,8,1008.6016999999999,E,8,999.0,E,8,1.55,E,8,-9900,?,9,-9900,?,9,0.006,E,8,-9900,?,9,-9900,?,9,0.06,99.0,E,8
02/08/2010,20:00,0.0,1404.77,0.0,1,8,0.0,1,8,0.0,1,8,0.0,1,8,0.0,1,8,0.0,1,8,-0.0,1,8,-9900,?,9,-9900,?,9,27.64,E,8,21.37,E,8,69.0,E,8,1008.6016999999999,E,8,999.0,E,8,1.3,E,8,-9900,?,9,-9900,?,9,0.004,E,8,-9900,?,9,-9900,?,9,0.04,99.0,E,8
02/08/2010,21:00,0.0,1404.77,0.0,1,8,0.0,1,8,0.0,1,8,0.0,1,8,0.0,1,8,0.0,1,8,-0.0,1,8,-9900,?,9,-9900,?,9,26.97,E,8,21.41,E,8,71.0,E,8,1008.6016999999999,E,8,999.0,E,8,1.12,E,8,-9900,?,9,-9900,?,9,0.001,E,8,-9900,?,9,-9900,?,9,0.01,99.0,E,8
02/08/2010,22:00,0.0,1404.77,0.0,1,8,0.0,1,8,0.0,1,8,0.0,1,8,0.0,1,8,0.0,1,8,-0.0,1,8,-9900,?,9,-9900,?,9,26.29,E,8,21.46,E,8,73.0,E,8,1008.6016999999999,E,8,999.0,E,8,1.12,E,8,-9900,?,9,-9900,?,9,0.001,E,8,-9900,?,9,-9900,?,9,0.01,99.0,E,8
02/08/2010,23:00,0.0,1404.77,0.0,1,8,0.0,1,8,0.0,1,8,0.0,1,8,0.0,1,8,0.0,1,8,-0.0,1,8,-9900,?,9,-9900,?,9,25.62,E,8,21.51,E,8,72.0,E,8,1008.6016999999999,E,8,999.0,E,8,1.12,E,8,-9900,?,9,-9900,?,9,0.0,E,8,-9900,?,9,-9900,?,9,0.0,0.0,E,8
02/08/2010,24:00,0.0,1404.77,0.0,1,8,0.0,1,8,0.0,1,8,0.0,1,8,0.0,1,8,0.0,1,8,-0.0,1,8,-9900,?,9,-9900,?,9,24.95,E,8,22.24,E,8,84.0,E,8,1008.6016999999999,E,8,999.0,E,8,1.16,E,8,-9900,?,9,-9900,?,9,0.008,E,8,-9900,?,9,-9900,?,9,0.08,99.0,E,8
02/09/2010,01:00,0.0,1404.77,0.0,1,8,0.0,1,8,0.0,1,8,0.0,1,8,0.0,1,8,0.0,1,8,-0.0,1,8,-9900,?,9,-9900,?,9,24.61,E,8,22.13,E,8,85.0,E,8,1008.6016999999999,E,8,999.0,E,8,1.16,E,8,-9900,?,9,-9900,?,9,0.026000000000000002,E,8,-9900,?,9,-9900,?,9,0.26,99.0,E,8
02/09/2010,02:00,0.0,1404.77,0.0,1,8,0.0,1,8,0.0,1,8,0.0,1,8,0.0,1,8,0.0,1,8,-0.0,1,8,-9900,?,9,-9900,?,9,24.28,E,8,22.02,E,8,85.0,E,8,1008.6016999999999,E,8,999.0,E,8,1.16,E,8,-9900,?,9,-9900,?,9,0.015,E,8,-9900,?,9,-9900,?,9,0.15,99.0,E,8
02/09/2010,03:00,0.0,1404.77,0.0,1,8,0.0,1,8,0.0,1,8,0.0,1,8,0.0,1,8,0.0,1,8,-0.0,1,8,-9900,?,9,-9900,?,9,23.94,E,8,21.91,E,8,83.0,E,8,1008.6016999999999,E,8,999.0,E,8,1.16,E,8,-9900,?,9,-9900,?,9,0.0,E,8,-9900,?,9,-9900,?,9,0.0,0.0,E,8
02/09/2010,04:00,0.0,1404.266,0.0,1,8,0.0,1,8,0.0,1,8,0.0,1,8,0.0,1,8,0.0,1,8,-0.0,1,8,-9900,?,9,-9900,?,9,23.6,E,8,21.8,E,8,87.0,E,8,1008.6016999999999,E,8,999.0,E,8,1.16,E,8,-9900,?,9,-9900,?,9,0.01,E,8,-9900,?,9,-9900,?,9,0.1,99.0,E,8
02/09/2010,05:00,0.0,1404.266,0.0,1,8,0.0,1,8,0.0,1,8,0.0,1,8,0.0,1,8,0.0,1,8,-0.0,1,8,-9900,?,9,-9900,?,9,23.31,E,8,21.71,E,8,88.0,E,8,1008.6016999999999,E,8,999.0,E,8,1.16,E,8,-9900,?,9,-9900,?,9,0.003,E,8,-9900,?,9,-9900,?,9,0.03,99.0,E,8
02/09/2010,06:00,0.0,1404.266,0.0,1,8,0.0,1,8,0.0,1,8,0.0,1,8,0.0,1,8,0.0,1,8,-0.0,1,8,-9900,?,9,-9900,?,9,23.08,E,8,21.63,E,8,92.0,E,8,1008.6016999999999,E,8,999.0,E,8,1.16,E,8,-9900,?,9,-9900,?,9,0.318,E,8,-9900,?,9,-9900,?,9,3.18,99.0,E,8
02/09/2010,07:00,290.831,1404.266,14.4,1,8,0.0,1,8,14.4,1,8,1728.0,1,8,0.0,1,8,1584.0,1,8,22.273,1,8,-9900,?,9,-9900,?,9,22.86,E,8,21.56,E,8,89.0,E,8,1008.6016999999999,E,8,999.0,E,8,1.16,E,8,-9900,?,9,-9900,?,9,0.003,E,8,-9900,?,9,-9900,?,9,0.03,99.0,E,8
02/09/2010,08:00,609.427,1404.266,162.91,1,8,14.069,1,8,156.812,1,8,19549.2,1,8,1336.515,1,8,17249.338,1,8,115.161,1,8,-9900,?,9,-9900,?,9,24.01,E,8,21.94,E,8,83.0,E,8,1008.6016999999999,E,8,999.0,E,8,1.16,E,8,-9900,?,9,-9900,?,9,0.0,E,8,-9900,?,9,-9900,?,9,0.0,0.0,E,8
02/09/2010,09:00,896.04,1404.266,335.52,1,8,61.203,1,8,296.484,1,8,40262.4,1,8,5814.29,1,8,32613.237,1,8,147.965,1,8,-9900,?,9,-9900,?,9,25.08,E,8,22.28,E,8,84.0,E,8,1008.6016999999999,E,8,999.0,E,8,1.25,E,8,-9900,?,9,-9900,?,9,0.001,E,8,-9900,?,9,-9900,?,9,0.01,99.0,E,8
02/09/2010,10:00,1130.594,1404.266,489.42,1,8,121.725,1,8,391.433,1,8,58730.4,1,8,11563.836,1,8,43057.683,1,8,154.782,1,8,-9900,?,9,-9900,?,9,26.11,E,8,22.6,E,8,78.0,E,8,1008.6016999999999,E,8,999.0,E,8,1.73,E,8,-9900,?,9,-9900,?,9,0.0,E,8,-9900,?,9,-9900,?,9,0.0,0.0,E,8
02/09/2010,11:00,1296.98,1404.266,609.17,1,8,87.574,1,8,528.291,1,8,73100.4,1,8,8319.531,1,8,58111.984,1,8,182.08,1,8,-9900,?,9,-9900,?,9,27.03,E,8,22.88,E,8,76.0,E,8,1008.6016999999999,E,8,999.0,E,8,2.52,E,8,-9900,?,9,-9900,?,9,0.0,E,8,-9900,?,9,-9900,?,9,0.0,0.0,E,8
02/09/2010,12:00,1383.805,1404.266,685.14,1,8,102.344,1,8,584.288,1,8,82216.8,1,8,9722.697,1,8,64271.67,1,8,188.736,1,8,-9900,?,9,-9900,?,9,27.82,E,8,23.12,E,8,74.0,E,8,1008.6016999999999,E,8,999.0,E,8,3.01,E,8,-9900,?,9,-9900,?,9,0.0,E,8,-9900,?,9,-9900,?,9,0.0,0.0,E,8
02/09/2010,13:00,1385.122,1404.266,711.64,1,8,118.684,1,8,594.575,1,8,85396.8,1,8,11275.003,1,8,65403.215,1,8,191.876,1,8,-9900,?,9,-9900,?,9,28.43,E,8,23.31,E,8,73.0,E,8,1008.6016999999999,E,8,999.0,E,8,3.24,E,8,-9900,?,9,-9900,?,9,0.0,E,8,-9900,?,9,-9900,?,9,0.0,0.0,E,8
02/09/2010,14:00,1300.823,1404.266,686.7,1,8,139.364,1,8,557.608,1,8,82404.0,1,8,13239.594,1,8,61336.9,1,8,191.616,1,8,-9900,?,9,-9900,?,9,28.84,E,8,23.43,E,8,72.0,E,8,1008.6016999999999,E,8,999.0,E,8,3.8,E,8,-9900,?,9,-9900,?,9,0.0,E,8,-9900,?,9,-9900,?,9,0.0,0.0,E,8
02/09/2010,15:00,1136.646,1404.266,612.14,1,8,204.197,1,8,446.883,1,8,73456.8,1,8,19398.736,1,8,49157.184,1,8,175.766,1,8,-9900,?,9,-9900,?,9,29.06,E,8,23.5,E,8,71.0,E,8,1008.6016999999999,E,8,999.0,E,8,3.53,E,8,-9900,?,9,-9900,?,9,0.0,E,8,-9900,?,9,-9900,?,9,0.0,0.0,E,8
02/09/2010,16:00,903.799,1404.266,493.53,1,8,334.232,1,8,278.504,1,8,59223.6,1,8,31752.066,1,8,30635.452,1,8,137.797,1,8,-9900,?,9,-9900,?,9,29.08,E,8,23.5,E,8,71.0,E,8,1008.6016999999999,E,8,999.0,E,8,4.13,E,8,-9900,?,9,-9900,?,9,0.0,E,8,-9900,?,9,-9900,?,9,0.0,0.0,E,8
02/09/2010,17:00,618.24,1404.266,340.38,1,8,412.263,1,8,159.098,1,8,40845.6,1,8,39164.982,1,8,17500.785,1,8,115.169,1,8,-9900,?,9,-9900,?,9,28.8,E,8,23.42,E,8,75.0,E,8,1008.6016999999999,E,8,999.0,E,8,3.72,E,8,-9900,?,9,-9900,?,9,0.001,E,8,-9900,?,9,-9900,?,9,0.01,99.0,E,8
02/09/2010,18:00,299.918,1404.266,167.84,1,8,514.029,1,8,58.706,1,8,20140.8,1,8,48832.749,1,8,6457.677,1,8,88.016,1,8,-9900,?,9,-9900,?,9,28.25,E,8,23.25,E,8,77.0,E,8,1008.6016999999999,E,8,999.0,E,8,2.8,E,8,-9900,?,9,-9900,?,9,0.004,E,8,-9900,?,9,-9900,?,9,0.04,99.0,E,8
02/09/2010,19:00,0.0,1404.266,16.86,1,8,0.0,1,8,0.0,1,8,2023.2,1,8,0.0,1,8,0.0,1,8,-0.0,1,8,-9900,?,9,-9900,?,9,27.53,E,8,23.04,E,8,78.0,E,8,1008.6016999999999,E,8,999.0,E,8,2.04,E,8,-9900,?,9,-9900,?,9,0.001,E,8,-9900,?,9,-9900,?,9,0.01,99.0,E,8
02/09/2010,20:00,0.0,1404.266,0.0,1,8,0.0,1,8,0.0,1,8,0.0,1,8,0.0,1,8,0.0,1,8,-0.0,1,8,-9900,?,9,-9900,?,9,26.89,E,8,22.84,E,8,79.0,E,8,1008.6016999999999,E,8,999.0,E,8,1.28,E,8,-9900,?,9,-9900,?,9,0.001,E,8,-9900,?,9,-9900,?,9,0.01,99.0,E,8
02/09/2010,21:00,0.0,1404.266,0.0,1,8,0.0,1,8,0.0,1,8,0.0,1,8,0.0,1,8,0.0,1,8,-0.0,1,8,-9900,?,9,-9900,?,9,26.26,E,8,22.65,E,8,81.0,E,8,1008.6016999999999,E,8,999.0,E,8,1.16,E,8,-9900,?,9,-9900,?,9,0.002,E,8,-9900,?,9,-9900,?,9,0.02,99.0,E,8
02/09/2010,22:00,0.0,1404.266,0.0,1,8,0.0,1,8,0.0,1,8,0.0,1,8,0.0,1,8,0.0,1,8,-0.0,1,8,-9900,?,9,-9900,?,9,25.62,E,8,22.45,E,8,79.0,E,8,1008.6016999999999,E,8,999.0,E,8,1.16,E,8,-9900,?,9,-9900,?,9,0.0,E,8,-9900,?,9,-9900,?,9,0.0,0.0,E,8
02/09/2010,23:00,0.0,1404.266,0.0,1,8,0.0,1,8,0.0,1,8,0.0,1,8,0.0,1,8,0.0,1,8,-0.0,1,8,-9900,?,9,-9900,?,9,24.98,E,8,22.25,E,8,84.0,E,8,1008.6016999999999,E,8,999.0,E,8,1.16,E,8,-9900,?,9,-9900,?,9,0.006,E,8,-9900,?,9,-9900,?,9,0.06,99.0,E,8
02/09/2010,24:00,0.0,1404.266,0.0,1,8,0.0,1,8,0.0,1,8,0.0,1,8,0.0,1,8,0.0,1,8,-0.0,1,8,-9900,?,9,-9900,?,9,24.35,E,8,21.72,E,8,83.0,E,8,1008.6016999999999,E,8,999.0,E,8,1.41,E,8,-9900,?,9,-9900,?,9,0.01,E,8,-9900,?,9,-9900,?,9,0.1,99.0,E,8
02/10/2010,01:00,0.0,1404.266,0.0,1,8,0.0,1,8,0.0,1,8,0.0,1,8,0.0,1,8,0.0,1,8,-0.0,1,8,-9900,?,9,-9900,?,9,24.03,E,8,21.7,E,8,84.0,E,8,1008.6016999999999,E,8,999.0,E,8,1.41,E,8,-9900,?,9,-9900,?,9,0.027000000000000003,E,8,-9900,?,9,-9900,?,9,0.27,99.0,E,8
02/10/2010,02:00,0.0,1404.266,0.0,1,8,0.0,1,8,0.0,1,8,0.0,1,8,0.0,1,8,0.0,1,8,-0.0,1,8,-9900,?,9,-9900,?,9,23.71,E,8,21.69,E,8,85.0,E,8,1008.6016999999999,E,8,999.0,E,8,1.41,E,8,-9900,?,9,-9900,?,9,0.014000000000000002,E,8,-9900,?,9,-9900,?,9,0.14,99.0,E,8
02/10/2010,03:00,0.0,1404.266,0.0,1,8,0.0,1,8,0.0,1,8,0.0,1,8,0.0,1,8,0.0,1,8,-0.0,1,8,-9900,?,9,-9900,?,9,23.39,E,8,21.67,E,8,86.0,E,8,1008.6016999999999,E,8,999.0,E,8,1.41,E,8,-9900,?,9,-9900,?,9,0.039,E,8,-9900,?,9,-9900,?,9,0.39,99.0,E,8
02/10/2010,04:00,0.0,1403.751,0.0,1,8,0.0,1,8,0.0,1,8,0.0,1,8,0.0,1,8,0.0,1,8,-0.0,1,8,-9900,?,9,-9900,?,9,23.07,E,8,21.65,E,8,95.0,E,8,1008.6016999999999,E,8,999.0,E,8,1.41,E,8,-9900,?,9,-9900,?,9,1.41,E,8,-9900,?,9,-9900,?,9,14.1,99.0,E,8
02/10/2010,05:00,0.0,1403.751,0.0,1,8,0.0,1,8,0.0,1,8,0.0,1,8,0.0,1,8,0.0,1,8,-0.0,1,8,-9900,?,9,-9900,?,9,22.79,E,8,21.64,E,8,89.0,E,8,1008.6016999999999,E,8,999.0,E,8,1.41,E,8,-9900,?,9,-9900,?,9,0.001,E,8,-9900,?,9,-9900,?,9,0.01,99.0,E,8
02/10/2010,06:00,0.0,1403.751,0.0,1,8,0.0,1,8,0.0,1,8,0.0,1,8,0.0,1,8,0.0,1,8,-0.0,1,8,-9900,?,9,-9900,?,9,22.58,E,8,21.63,E,8,89.0,E,8,1008.6016999999999,E,8,999.0,E,8,1.41,E,8,-9900,?,9,-9900,?,9,0.005,E,8,-9900,?,9,-9900,?,9,0.05,99.0,E,8
02/10/2010,07:00,288.084,1403.751,16.76,1,8,0.0,1,8,16.76,1,8,2011.2,1,8,0.0,1,8,1843.6,1,8,26.163,1,8,-9900,?,9,-9900,?,9,22.37,E,8,21.62,E,8,90.0,E,8,1008.6016999999999,E,8,999.0,E,8,1.41,E,8,-9900,?,9,-9900,?,9,0.02,E,8,-9900,?,9,-9900,?,9,0.2,99.0,E,8
02/10/2010,08:00,607.028,1403.751,172.0,1,8,23.318,1,8,161.929,1,8,20640.0,1,8,2215.248,1,8,17812.207,1,8,119.346,1,8,-9900,?,9,-9900,?,9,23.6,E,8,21.68,E,8,89.0,E,8,1008.6016999999999,E,8,999.0,E,8,1.41,E,8,-9900,?,9,-9900,?,9,0.10300000000000001,E,8,-9900,?,9,-9900,?,9,1.03,99.0,E,8
02/10/2010,09:00,893.972,1403.751,351.61,1,8,86.8,1,8,296.356,1,8,42193.2,1,8,8245.985,1,8,32599.133,1,8,148.189,1,8,-9900,?,9,-9900,?,9,24.71,E,8,21.74,E,8,78.0,E,8,1008.6016999999999,E,8,999.0,E,8,1.41,E,8,-9900,?,9,-9900,?,9,0.0,E,8,-9900,?,9,-9900,?,9,0.0,0.0,E,8
02/10/2010,10:00,1128.806,1403.751,570.08,1,8,227.851,1,8,386.887,1,8,68409.6,1,8,21645.828,1,8,42557.527,1,8,153.17,1,8,-9900,?,9,-9900,?,9,25.98,E,8,21.8,E,8,73.0,E,8,1008.6016999999999,E,8,999.0,E,8,1.41,E,8,-9900,?,9,-9900,?,9,0.0,E,8,-9900,?,9,-9900,?,9,0.0,0.0,E,8
02/10/2010,11:00,1295.401,1403.751,758.81,1,8,363.902,1,8,423.013,1,8,91057.2,1,8,34570.713,1,8,46531.455,1,8,145.919,1,8,-9900,?,9,-9900,?,9,27.24,E,8,21.87,E,8,69.0,E,8,1008.6016999999999,E,8,999.0,E,8,1.41,E,8,-9900,?,9,-9900,?,9,0.0,E,8,-9900,?,9,-9900,?,9,0.0,0.0,E,8
02/10/2010,12:00,1382.351,1403.751,852.46,1,8,452.692,1,8,406.674,1,8,102295.2,1,8,43005.727,1,8,44734.095,1,8,131.453,1,8,-9900,?,9,-9900,?,9,28.27,E,8,21.92,E,8,66.0,E,8,1008.6016999999999,E,8,999.0,E,8,1.41,E,8,-9900,?,9,-9900,?,9,0.0,E,8,-9900,?,9,-9900,?,9,0.0,0.0,E,8
02/10/2010,13:00,1383.699,1403.751,896.27,1,8,515.605,1,8,388.035,1,8,107552.4,1,8,48982.496,1,8,42683.808,1,8,125.306,1,8,-9900,?,9,-9900,?,9,29.1,E,8,21.96,E,8,64.0,E,8,1008.6016999999999,E,8,999.0,E,8,2.59,E,8,-9900,?,9,-9900,?,9,0.0,E,8,-9900,?,9,-9900,?,9,0.0,0.0,E,8
02/10/2010,14:00,1299.334,1403.751,894.11,1,8,628.097,1,8,312.762,1,8,107293.2,1,8,59669.222,1,8,34403.854,1,8,107.561,1,8,-9900,?,9,-9900,?,9,29.71,E,8,21.99,E,8,63.0,E,8,1008.6016999999999,E,8,999.0,E,8,3.48,E,8,-9900,?,9,-9900,?,9,0.0,E,8,-9900,?,9,-9900,?,9,0.0,0.0,E,8
02/10/2010,15:00,1135.0,1403.751,720.09,1,8,507.561,1,8,309.767,1,8,86410.8,1,8,48218.281,1,8,34074.323,1,8,121.968,1,8,-9900,?,9,-9900,?,9,29.94,E,8,22.0,E,8,62.0,E,8,1008.6016999999999,E,8,999.0,E,8,4.42,E,8,-9900,?,9,-9900,?,9,0.0,E,8,-9900,?,9,-9900,?,9,0.0,0.0,E,8
02/10/2010,16:00,901.916,1403.751,688.01,1,8,653.958,1,8,268.015,1,8,82561.2,1,8,62126.014,1,8,29481.597,1,8,132.835,1,8,-9900,?,9,-9900,?,9,30.08,E,8,22.01,E,8,62.0,E,8,1008.6016999999999,E,8,999.0,E,8,4.55,E,8,-9900,?,9,-9900,?,9,0.0,E,8,-9900,?,9,-9900,?,9,0.0,0.0,E,8
02/10/2010,17:00,616.057,1403.751,519.9,1,8,773.227,1,8,180.973,1,8,62388.0,1,8,73456.606,1,8,19907.022,1,8,131.421,1,8,-9900,?,9,-9900,?,9,29.93,E,8,22.0,E,8,62.0,E,8,1008.6016999999999,E,8,999.0,E,8,3.78,E,8,-9900,?,9,-9900,?,9,0.0,E,8,-9900,?,9,-9900,?,9,0.0,0.0,E,8
02/10/2010,18:00,297.401,1403.751,280.97,1,8,588.113,1,8,157.122,1,8,33716.4,1,8,55870.71,1,8,17283.444,1,8,237.498,1,8,-9900,?,9,-9900,?,9,29.37,E,8,21.97,E,8,63.0,E,8,1008.6016999999999,E,8,999.0,E,8,2.47,E,8,-9900,?,9,-9900,?,9,0.0,E,8,-9900,?,9,-9900,?,9,0.0,0.0,E,8
02/10/2010,19:00,0.0,1403.751,38.32,1,8,0.0,1,8,0.0,1,8,4598.4,1,8,0.0,1,8,0.0,1,8,-0.0,1,8,-9900,?,9,-9900,?,9,28.48,E,8,21.93,E,8,66.0,E,8,1008.6016999999999,E,8,999.0,E,8,1.67,E,8,-9900,?,9,-9900,?,9,0.0,E,8,-9900,?,9,-9900,?,9,0.0,0.0,E,8
02/10/2010,20:00,0.0,1403.751,0.0,1,8,0.0,1,8,0.0,1,8,0.0,1,8,0.0,1,8,0.0,1,8,-0.0,1,8,-9900,?,9,-9900,?,9,27.76,E,8,21.89,E,8,72.0,E,8,1008.6016999999999,E,8,999.0,E,8,1.49,E,8,-9900,?,9,-9900,?,9,0.003,E,8,-9900,?,9,-9900,?,9,0.03,99.0,E,8
02/10/2010,21:00,0.0,1403.751,0.0,1,8,0.0,1,8,0.0,1,8,0.0,1,8,0.0,1,8,0.0,1,8,-0.0,1,8,-9900,?,9,-9900,?,9,27.05,E,8,21.86,E,8,74.0,E,8,1008.6016999999999,E,8,999.0,E,8,1.41,E,8,-9900,?,9,-9900,?,9,0.002,E,8,-9900,?,9,-9900,?,9,0.02,99.0,E,8
02/10/2010,22:00,0.0,1403.751,0.0,1,8,0.0,1,8,0.0,1,8,0.0,1,8,0.0,1,8,0.0,1,8,-0.0,1,8,-9900,?,9,-9900,?,9,26.33,E,8,21.82,E,8,76.0,E,8,1008.6016999999999,E,8,999.0,E,8,1.41,E,8,-9900,?,9,-9900,?,9,0.057999999999999996,E,8,-9900,?,9,-9900,?,9,0.58,99.0,E,8
02/10/2010,23:00,0.0,1403.751,0.0,1,8,0.0,1,8,0.0,1,8,0.0,1,8,0.0,1,8,0.0,1,8,-0.0,1,8,-9900,?,9,-9900,?,9,25.62,E,8,21.78,E,8,78.0,E,8,1008.6016999999999,E,8,999.0,E,8,1.41,E,8,-9900,?,9,-9900,?,9,0.007000000000000001,E,8,-9900,?,9,-9900,?,9,0.07,99.0,E,8
02/10/2010,24:00,0.0,1403.751,0.0,1,8,0.0,1,8,0.0,1,8,0.0,1,8,0.0,1,8,0.0,1,8,-0.0,1,8,-9900,?,9,-9900,?,9,24.9,E,8,21.38,E,8,83.0,E,8,1008.6016999999999,E,8,999.0,E,8,0.86,E,8,-9900,?,9,-9900,?,9,0.005,E,8,-9900,?,9,-9900,?,9,0.05,99.0,E,8
02/11/2010,01:00,0.0,1403.751,0.0,1,8,0.0,1,8,0.0,1,8,0.0,1,8,0.0,1,8,0.0,1,8,-0.0,1,8,-9900,?,9,-9900,?,9,24.54,E,8,21.36,E,8,84.0,E,8,1008.6016999999999,E,8,999.0,E,8,0.86,E,8,-9900,?,9,-9900,?,9,0.004,E,8,-9900,?,9,-9900,?,9,0.04,99.0,E,8
02/11/2010,02:00,0.0,1403.751,0.0,1,8,0.0,1,8,0.0,1,8,0.0,1,8,0.0,1,8,0.0,1,8,-0.0,1,8,-9900,?,9,-9900,?,9,24.18,E,8,21.34,E,8,86.0,E,8,1008.6016999999999,E,8,999.0,E,8,0.86,E,8,-9900,?,9,-9900,?,9,0.028999999999999998,E,8,-9900,?,9,-9900,?,9,0.29,99.0,E,8
02/11/2010,03:00,0.0,1403.751,0.0,1,8,0.0,1,8,0.0,1,8,0.0,1,8,0.0,1,8,0.0,1,8,-0.0,1,8,-9900,?,9,-9900,?,9,23.83,E,8,21.32,E,8,87.0,E,8,1008.6016999999999,E,8,999.0,E,8,0.86,E,8,-9900,?,9,-9900,?,9,0.011,E,8,-9900,?,9,-9900,?,9,0.11,99.0,E,8
02/11/2010,04:00,0.0,1403.225,0.0,1,8,0.0,1,8,0.0,1,8,0.0,1,8,0.0,1,8,0.0,1,8,-0.0,1,8,-9900,?,9,-9900,?,9,23.47,E,8,21.3,E,8,89.0,E,8,1008.6016999999999,E,8,999.0,E,8,0.86,E,8,-9900,?,9,-9900,?,9,0.008,E,8,-9900,?,9,-9900,?,9,0.08,99.0,E,8
02/11/2010,05:00,0.0,1403.225,0.0,1,8,0.0,1,8,0.0,1,8,0.0,1,8,0.0,1,8,0.0,1,8,-0.0,1,8,-9900,?,9,-9900,?,9,23.11,E,8,21.28,E,8,90.0,E,8,1008.6016999999999,E,8,999.0,E,8,0.86,E,8,-9900,?,9,-9900,?,9,0.001,E,8,-9900,?,9,-9900,?,9,0.01,99.0,E,8
02/11/2010,06:00,0.0,1403.225,0.0,1,8,0.0,1,8,0.0,1,8,0.0,1,8,0.0,1,8,0.0,1,8,-0.0,1,8,-9900,?,9,-9900,?,9,22.83,E,8,21.26,E,8,92.0,E,8,1008.6016999999999,E,8,999.0,E,8,0.86,E,8,-9900,?,9,-9900,?,9,0.001,E,8,-9900,?,9,-9900,?,9,0.01,99.0,E,8
02/11/2010,07:00,285.366,1403.225,23.21,1,8,0.0,1,8,23.21,1,8,2785.2,1,8,0.0,1,8,2553.1,1,8,36.568,1,8,-9900,?,9,-9900,?,9,22.6,E,8,21.25,E,8,93.0,E,8,1008.6016999999999,E,8,999.0,E,8,0.86,E,8,-9900,?,9,-9900,?,9,0.002,E,8,-9900,?,9,-9900,?,9,0.02,99.0,E,8
02/11/2010,08:00,604.645,1403.225,222.53,1,8,94.877,1,8,181.7,1,8,26703.6,1,8,9013.291,1,8,19987.021,1,8,134.397,1,8,-9900,?,9,-9900,?,9,22.36,E,8,21.24,E,8,90.0,E,8,1008.6016999999999,E,8,999.0,E,8,0.86,E,8,-9900,?,9,-9900,?,9,0.0,E,8,-9900,?,9,-9900,?,9,0.0,0.0,E,8
02/11/2010,09:00,891.904,1403.225,455.65,1,8,246.163,1,8,299.254,1,8,54678.0,1,8,23385.471,1,8,32917.964,1,8,149.93,1,8,-9900,?,9,-9900,?,9,26.02,E,8,21.44,E,8,74.0,E,8,1008.6016999999999,E,8,999.0,E,8,0.86,E,8,-9900,?,9,-9900,?,9,0.0,E,8,-9900,?,9,-9900,?,9,0.0,0.0,E,8
02/11/2010,10:00,1126.999,1403.225,645.09,1,8,341.396,1,8,370.942,1,8,77410.8,1,8,32432.609,1,8,40803.672,1,8,147.038,1,8,-9900,?,9,-9900,?,9,27.12,E,8,21.5,E,8,70.0,E,8,1008.6016999999999,E,8,999.0,E,8,1.34,E,8,-9900,?,9,-9900,?,9,0.0,E,8,-9900,?,9,-9900,?,9,0.0,0.0,E,8
02/11/2010,11:00,1293.785,1403.225,788.76,1,8,428.911,1,8,393.321,1,8,94651.2,1,8,40746.523,1,8,43265.353,1,8,135.796,1,8,-9900,?,9,-9900,?,9,28.06,E,8,21.55,E,8,67.0,E,8,1008.6016999999999,E,8,999.0,E,8,2.06,E,8,-9900,?,9,-9900,?,9,0.0,E,8,-9900,?,9,-9900,?,9,0.0,0.0,E,8
02/11/2010,12:00,1380.839,1403.225,916.47,1,8,557.054,1,8,368.308,1,8,109976.4,1,8,52920.168,1,8,40513.843,1,8,119.138,1,8,-9900,?,9,-9900,?,9,28.9,E,8,21.6,E,8,64.0,E,8,1008.6016999999999,E,8,999.0,E,8,2.9,E,8,-9900,?,9,-9900,?,9,0.0,E,8,-9900,?,9,-9900,?,9,0.0,0.0,E,8
02/11/2010,13:00,1382.199,1403.225,927.24,1,8,563.91,1,8,371.785,1,8,111268.8,1,8,53571.409,1,8,40896.363,1,8,120.144,1,8,-9900,?,9,-9900,?,9,29.48,E,8,21.63,E,8,62.0,E,8,1008.6016999999999,E,8,999.0,E,8,3.71,E,8,-9900,?,9,-9900,?,9,0.0,E,8,-9900,?,9,-9900,?,9,0.0,0.0,E,8
02/11/2010,14:00,1297.753,1403.225,890.6,1,8,643.333,1,8,295.652,1,8,106872.0,1,8,61116.661,1,8,32521.705,1,8,101.762,1,8,-9900,?,9,-9900,?,9,29.84,E,8,21.65,E,8,61.0,E,8,1008.6016999999999,E,8,999.0,E,8,3.98,E,8,-9900,?,9,-9900,?,9,0.0,E,8,-9900,?,9,-9900,?,9,0.0,0.0,E,8
02/11/2010,15:00,1133.251,1403.225,815.54,1,8,750.12,1,8,209.835,1,8,97864.8,1,8,71261.369,1,8,23081.849,1,8,82.718,1,8,-9900,?,9,-9900,?,9,30.0,E,8,21.66,E,8,60.0,E,8,1008.6016999999999,E,8,999.0,E,8,4.5,E,8,-9900,?,9,-9900,?,9,0.0,E,8,-9900,?,9,-9900,?,9,0.0,0.0,E,8
02/11/2010,16:00,899.922,1403.225,651.81,1,8,865.501,1,8,96.976,1,8,78217.2,1,8,82222.616,1,8,10667.392,1,8,48.153,1,8,-9900,?,9,-9900,?,9,29.89,E,8,21.65,E,8,61.0,E,8,1008.6016999999999,E,8,999.0,E,8,4.86,E,8,-9900,?,9,-9900,?,9,0.0,E,8,-9900,?,9,-9900,?,9,0.0,0.0,E,8
02/11/2010,17:00,613.76,1403.225,455.71,1,8,758.295,1,8,124.446,1,8,54685.2,1,8,72038.058,1,8,13689.091,1,8,90.677,1,8,-9900,?,9,-9900,?,9,29.44,E,8,21.63,E,8,62.0,E,8,1008.6016999999999,E,8,999.0,E,8,4.34,E,8,-9900,?,9,-9900,?,9,0.0,E,8,-9900,?,9,-9900,?,9,0.0,0.0,E,8
02/11/2010,18:00,294.774,1403.225,211.59,1,8,568.481,1,8,92.902,1,8,25390.8,1,8,54005.665,1,8,10219.217,1,8,141.639,1,8,-9900,?,9,-9900,?,9,28.66,E,8,21.58,E,8,69.0,E,8,1008.6016999999999,E,8,999.0,E,8,3.38,E,8,-9900,?,9,-9900,?,9,0.061,E,8,-9900,?,9,-9900,?,9,0.61,99.0,E,8
02/11/2010,19:00,0.0,1403.225,19.73,1,8,0.0,1,8,0.0,1,8,2367.6,1,8,0.0,1,8,0.0,1,8,-0.0,1,8,-9900,?,9,-9900,?,9,27.72,E,8,21.53,E,8,81.0,E,8,1008.6016999999999,E,8,999.0,E,8,2.85,E,8,-9900,?,9,-9900,?,9,1.4929999999999999,E,8,-9900,?,9,-9900,?,9,14.93,99.0,E,8
02/11/2010,20:00,0.0,1403.225,0.0,1,8,0.0,1,8,0.0,1,8,0.0,1,8,0.0,1,8,0.0,1,8,-0.0,1,8,-9900,?,9,-9900,?,9,27.12,E,8,21.5,E,8,79.0,E,8,1008.6016999999999,E,8,999.0,E,8,1.88,E,8,-9900,?,9,-9900,?,9,0.10900000000000001,E,8,-9900,?,9,-9900,?,9,1.09,99.0,E,8
02/11/2010,21:00,0.0,1403.225,0.0,1,8,0.0,1,8,0.0,1,8,0.0,1,8,0.0,1,8,0.0,1,8,-0.0,1,8,-9900,?,9,-9900,?,9,26.51,E,8,21.47,E,8,77.0,E,8,1008.6016999999999,E,8,999.0,E,8,0.86,E,8,-9900,?,9,-9900,?,9,0.020999999999999998,E,8,-9900,?,9,-9900,?,9,0.21,99.0,E,8
02/11/2010,22:00,0.0,1403.225,0.0,1,8,0.0,1,8,0.0,1,8,0.0,1,8,0.0,1,8,0.0,1,8,-0.0,1,8,-9900,?,9,-9900,?,9,25.91,E,8,21.43,E,8,79.0,E,8,1008.6016999999999,E,8,999.0,E,8,0.86,E,8,-9900,?,9,-9900,?,9,0.040999999999999995,E,8,-9900,?,9,-9900,?,9,0.41,99.0,E,8
02/11/2010,23:00,0.0,1403.225,0.0,1,8,0.0,1,8,0.0,1,8,0.0,1,8,0.0,1,8,0.0,1,8,-0.0,1,8,-9900,?,9,-9900,?,9,25.3,E,8,21.4,E,8,81.0,E,8,1008.6016999999999,E,8,999.0,E,8,0.86,E,8,-9900,?,9,-9900,?,9,0.015,E,8,-9900,?,9,-9900,?,9,0.15,99.0,E,8
02/11/2010,24:00,0.0,1403.225,0.0,1,8,0.0,1,8,0.0,1,8,0.0,1,8,0.0,1,8,0.0,1,8,-0.0,1,8,-9900,?,9,-9900,?,9,24.7,E,8,21.45,E,8,82.0,E,8,1008.6016999999999,E,8,999.0,E,8,1.31,E,8,-9900,?,9,-9900,?,9,0.05500000000000001,E,8,-9900,?,9,-9900,?,9,0.55,99.0,E,8
02/12/2010,01:00,0.0,1403.225,0.0,1,8,0.0,1,8,0.0,1,8,0.0,1,8,0.0,1,8,0.0,1,8,-0.0,1,8,-9900,?,9,-9900,?,9,24.4,E,8,21.39,E,8,83.0,E,8,1008.6016999999999,E,8,999.0,E,8,1.31,E,8,-9900,?,9,-9900,?,9,0.04,E,8,-9900,?,9,-9900,?,9,0.4,99.0,E,8
02/12/2010,02:00,0.0,1403.225,0.0,1,8,0.0,1,8,0.0,1,8,0.0,1,8,0.0,1,8,0.0,1,8,-0.0,1,8,-9900,?,9,-9900,?,9,24.09,E,8,21.32,E,8,84.0,E,8,1008.6016999999999,E,8,999.0,E,8,1.31,E,8,-9900,?,9,-9900,?,9,0.022,E,8,-9900,?,9,-9900,?,9,0.22,99.0,E,8
02/12/2010,03:00,0.0,1403.225,0.0,1,8,0.0,1,8,0.0,1,8,0.0,1,8,0.0,1,8,0.0,1,8,-0.0,1,8,-9900,?,9,-9900,?,9,23.79,E,8,21.26,E,8,85.0,E,8,1008.6016999999999,E,8,999.0,E,8,1.31,E,8,-9900,?,9,-9900,?,9,0.016,E,8,-9900,?,9,-9900,?,9,0.16,99.0,E,8
02/12/2010,04:00,0.0,1402.688,0.0,1,8,0.0,1,8,0.0,1,8,0.0,1,8,0.0,1,8,0.0,1,8,-0.0,1,8,-9900,?,9,-9900,?,9,23.49,E,8,21.19,E,8,86.0,E,8,1008.6016999999999,E,8,999.0,E,8,1.31,E,8,-9900,?,9,-9900,?,9,0.012,E,8,-9900,?,9,-9900,?,9,0.12,99.0,E,8
02/12/2010,05:00,0.0,1402.688,0.0,1,8,0.0,1,8,0.0,1,8,0.0,1,8,0.0,1,8,0.0,1,8,-0.0,1,8,-9900,?,9,-9900,?,9,23.19,E,8,21.13,E,8,87.0,E,8,1008.6016999999999,E,8,999.0,E,8,1.31,E,8,-9900,?,9,-9900,?,9,0.008,E,8,-9900,?,9,-9900,?,9,0.08,99.0,E,8
02/12/2010,06:00,0.0,1402.688,0.0,1,8,0.0,1,8,0.0,1,8,0.0,1,8,0.0,1,8,0.0,1,8,-0.0,1,8,-9900,?,9,-9900,?,9,22.95,E,8,21.08,E,8,84.0,E,8,1008.6016999999999,E,8,999.0,E,8,1.31,E,8,-9900,?,9,-9900,?,9,0.0,E,8,-9900,?,9,-9900,?,9,0.0,0.0,E,8
02/12/2010,07:00,282.677,1402.688,15.45,1,8,0.0,1,8,15.45,1,8,1854.0,1,8,0.0,1,8,1699.5,1,8,24.567,1,8,-9900,?,9,-9900,?,9,22.75,E,8,21.03,E,8,88.0,E,8,1008.6016999999999,E,8,999.0,E,8,1.31,E,8,-9900,?,9,-9900,?,9,0.001,E,8,-9900,?,9,-9900,?,9,0.01,99.0,E,8
02/12/2010,08:00,602.28,1402.688,169.05,1,8,21.659,1,8,159.762,1,8,20286.0,1,8,2057.652,1,8,17573.814,1,8,118.59,1,8,-9900,?,9,-9900,?,9,22.55,E,8,20.99,E,8,88.0,E,8,1008.6016999999999,E,8,999.0,E,8,1.31,E,8,-9900,?,9,-9900,?,9,0.005,E,8,-9900,?,9,-9900,?,9,0.05,99.0,E,8
02/12/2010,09:00,889.836,1402.688,426.87,1,8,193.874,1,8,303.934,1,8,51224.4,1,8,18418.004,1,8,33432.756,1,8,152.57,1,8,-9900,?,9,-9900,?,9,24.54,E,8,21.42,E,8,79.0,E,8,1008.6016999999999,E,8,999.0,E,8,1.31,E,8,-9900,?,9,-9900,?,9,0.0,E,8,-9900,?,9,-9900,?,9,0.0,0.0,E,8
02/12/2010,10:00,1125.174,1402.688,613.09,1,8,302.465,1,8,370.505,1,8,73570.8,1,8,28734.2,1,8,40755.568,1,8,147.047,1,8,-9900,?,9,-9900,?,9,25.24,E,8,21.57,E,8,78.0,E,8,1008.6016999999999,E,8,999.0,E,8,1.38,E,8,-9900,?,9,-9900,?,9,0.0,E,8,-9900,?,9,-9900,?,9,0.0,0.0,E,8
02/12/2010,11:00,1292.13,1402.688,790.16,1,8,437.256,1,8,387.389,1,8,94819.2,1,8,41539.338,1,8,42612.779,1,8,133.867,1,8,-9900,?,9,-9900,?,9,25.89,E,8,21.7,E,8,76.0,E,8,1008.6016999999999,E,8,999.0,E,8,1.78,E,8,-9900,?,9,-9900,?,9,0.0,E,8,-9900,?,9,-9900,?,9,0.0,0.0,E,8
02/12/2010,12:00,1379.269,1402.688,814.85,1,8,358.354,1,8,462.483,1,8,97782.0,1,8,34043.621,1,8,50873.079,1,8,149.714,1,8,-9900,?,9,-9900,?,9,26.31,E,8,21.79,E,8,75.0,E,8,1008.6016999999999,E,8,999.0,E,8,2.39,E,8,-9900,?,9,-9900,?,9,0.0,E,8,-9900,?,9,-9900,?,9,0.0,0.0,E,8
02/12/2010,13:00,1380.623,1402.688,903.22,1,8,525.508,1,8,385.983,1,8,108386.4,1,8,49923.257,1,8,42458.172,1,8,124.827,1,8,-9900,?,9,-9900,?,9,26.69,E,8,21.87,E,8,74.0,E,8,1008.6016999999999,E,8,999.0,E,8,2.3,E,8,-9900,?,9,-9900,?,9,0.0,E,8,-9900,?,9,-9900,?,9,0.0,0.0,E,8
02/12/2010,14:00,1296.08,1402.688,907.7,1,8,636.997,1,8,319.146,1,8,108924.0,1,8,60514.692,1,8,35106.077,1,8,109.949,1,8,-9900,?,9,-9900,?,9,26.96,E,8,21.92,E,8,73.0,E,8,1008.6016999999999,E,8,999.0,E,8,3.84,E,8,-9900,?,9,-9900,?,9,0.0,E,8,-9900,?,9,-9900,?,9,0.0,0.0,E,8
02/12/2010,15:00,1131.397,1402.688,788.53,1,8,740.475,1,8,191.363,1,8,94623.6,1,8,70345.102,1,8,21049.921,1,8,75.53,1,8,-9900,?,9,-9900,?,9,27.07,E,8,21.95,E,8,73.0,E,8,1008.6016999999999,E,8,999.0,E,8,3.51,E,8,-9900,?,9,-9900,?,9,0.0,E,8,-9900,?,9,-9900,?,9,0.0,0.0,E,8
02/12/2010,16:00,897.817,1402.688,594.45,1,8,662.225,1,8,170.759,1,8,71334.0,1,8,62911.381,1,8,18783.529,1,8,84.955,1,8,-9900,?,9,-9900,?,9,26.96,E,8,21.92,E,8,73.0,E,8,1008.6016999999999,E,8,999.0,E,8,3.47,E,8,-9900,?,9,-9900,?,9,0.0,E,8,-9900,?,9,-9900,?,9,0.0,0.0,E,8
02/12/2010,17:00,611.351,1402.688,336.62,1,8,414.147,1,8,156.342,1,8,40394.4,1,8,39343.927,1,8,17197.598,1,8,114.324,1,8,-9900,?,9,-9900,?,9,26.59,E,8,21.85,E,8,78.0,E,8,1008.6016999999999,E,8,999.0,E,8,3.58,E,8,-9900,?,9,-9900,?,9,0.002,E,8,-9900,?,9,-9900,?,9,0.02,99.0,E,8
02/12/2010,18:00,292.038,1402.688,148.33,1,8,459.72,1,8,53.214,1,8,17799.6,1,8,43673.384,1,8,5853.567,1,8,81.869,1,8,-9900,?,9,-9900,?,9,26.09,E,8,21.74,E,8,79.0,E,8,1008.6016999999999,E,8,999.0,E,8,3.17,E,8,-9900,?,9,-9900,?,9,0.003,E,8,-9900,?,9,-9900,?,9,0.03,99.0,E,8
02/12/2010,19:00,0.0,1402.688,18.45,1,8,0.0,1,8,0.0,1,8,2214.0,1,8,0.0,1,8,0.0,1,8,-0.0,1,8,-9900,?,9,-9900,?,9,25.55,E,8,21.63,E,8,84.0,E,8,1008.6016999999999,E,8,999.0,E,8,2.58,E,8,-9900,?,9,-9900,?,9,0.11399999999999999,E,8,-9900,?,9,-9900,?,9,1.14,99.0,E,8
02/12/2010,20:00,0.0,1402.688,0.0,1,8,0.0,1,8,0.0,1,8,0.0,1,8,0.0,1,8,0.0,1,8,-0.0,1,8,-9900,?,9,-9900,?,9,25.23,E,8,21.56,E,8,81.0,E,8,1008.6016999999999,E,8,999.0,E,8,1.96,E,8,-9900,?,9,-9900,?,9,0.03,E,8,-9900,?,9,-9900,?,9,0.3,99.0,E,8
02/12/2010,21:00,0.0,1402.688,0.0,1,8,0.0,1,8,0.0,1,8,0.0,1,8,0.0,1,8,0.0,1,8,-0.0,1,8,-9900,?,9,-9900,?,9,24.91,E,8,21.5,E,8,82.0,E,8,1008.6016999999999,E,8,999.0,E,8,1.31,E,8,-9900,?,9,-9900,?,9,0.076,E,8,-9900,?,9,-9900,?,9,0.76,99.0,E,8
02/12/2010,22:00,0.0,1402.688,0.0,1,8,0.0,1,8,0.0,1,8,0.0,1,8,0.0,1,8,0.0,1,8,-0.0,1,8,-9900,?,9,-9900,?,9,24.58,E,8,21.43,E,8,86.0,E,8,1008.6016999999999,E,8,999.0,E,8,1.31,E,8,-9900,?,9,-9900,?,9,0.198,E,8,-9900,?,9,-9900,?,9,1.98,99.0,E,8
02/12/2010,23:00,0.0,1402.688,0.0,1,8,0.0,1,8,0.0,1,8,0.0,1,8,0.0,1,8,0.0,1,8,-0.0,1,8,-9900,?,9,-9900,?,9,24.26,E,8,21.36,E,8,90.0,E,8,1008.6016999999999,E,8,999.0,E,8,1.31,E,8,-9900,?,9,-9900,?,9,2.617,E,8,-9900,?,9,-9900,?,9,26.17,99.0,E,8
02/12/2010,24:00,0.0,1402.688,0.0,1,8,0.0,1,8,0.0,1,8,0.0,1,8,0.0,1,8,0.0,1,8,-0.0,1,8,-9900,?,9,-9900,?,9,23.94,E,8,21.43,E,8,86.0,E,8,1008.6016999999999,E,8,999.0,E,8,1.5,E,8,-9900,?,9,-9900,?,9,0.02,E,8,-9900,?,9,-9900,?,9,0.2,99.0,E,8
02/13/2010,01:00,0.0,1402.688,0.0,1,8,0.0,1,8,0.0,1,8,0.0,1,8,0.0,1,8,0.0,1,8,-0.0,1,8,-9900,?,9,-9900,?,9,23.78,E,8,21.41,E,8,87.0,E,8,1008.6016999999999,E,8,999.0,E,8,1.5,E,8,-9900,?,9,-9900,?,9,0.015,E,8,-9900,?,9,-9900,?,9,0.15,99.0,E,8
02/13/2010,02:00,0.0,1402.688,0.0,1,8,0.0,1,8,0.0,1,8,0.0,1,8,0.0,1,8,0.0,1,8,-0.0,1,8,-9900,?,9,-9900,?,9,23.62,E,8,21.39,E,8,87.0,E,8,1008.6016999999999,E,8,999.0,E,8,1.5,E,8,-9900,?,9,-9900,?,9,0.001,E,8,-9900,?,9,-9900,?,9,0.01,99.0,E,8
02/13/2010,03:00,0.0,1402.688,0.0,1,8,0.0,1,8,0.0,1,8,0.0,1,8,0.0,1,8,0.0,1,8,-0.0,1,8,-9900,?,9,-9900,?,9,23.45,E,8,21.36,E,8,88.0,E,8,1008.6016999999999,E,8,999.0,E,8,1.5,E,8,-9900,?,9,-9900,?,9,0.009,E,8,-9900,?,9,-9900,?,9,0.09,99.0,E,8
02/13/2010,04:00,0.0,1402.139,0.0,1,8,0.0,1,8,0.0,1,8,0.0,1,8,0.0,1,8,0.0,1,8,-0.0,1,8,-9900,?,9,-9900,?,9,23.29,E,8,21.34,E,8,89.0,E,8,1008.6016999999999,E,8,999.0,E,8,1.5,E,8,-9900,?,9,-9900,?,9,0.006,E,8,-9900,?,9,-9900,?,9,0.06,99.0,E,8
02/13/2010,05:00,0.0,1402.139,0.0,1,8,0.0,1,8,0.0,1,8,0.0,1,8,0.0,1,8,0.0,1,8,-0.0,1,8,-9900,?,9,-9900,?,9,23.13,E,8,21.32,E,8,89.0,E,8,1008.6016999999999,E,8,999.0,E,8,1.5,E,8,-9900,?,9,-9900,?,9,0.003,E,8,-9900,?,9,-9900,?,9,0.03,99.0,E,8
02/13/2010,06:00,0.0,1402.139,0.0,1,8,0.0,1,8,0.0,1,8,0.0,1,8,0.0,1,8,0.0,1,8,-0.0,1,8,-9900,?,9,-9900,?,9,23.01,E,8,21.31,E,8,86.0,E,8,1008.6016999999999,E,8,999.0,E,8,1.5,E,8,-9900,?,9,-9900,?,9,0.0,E,8,-9900,?,9,-9900,?,9,0.0,0.0,E,8
02/13/2010,07:00,280.018,1402.139,13.04,1,8,0.0,1,8,13.04,1,8,1564.8,1,8,0.0,1,8,1434.4,1,8,20.926,1,8,-9900,?,9,-9900,?,9,22.9,E,8,21.29,E,8,90.0,E,8,1008.6016999999999,E,8,999.0,E,8,1.5,E,8,-9900,?,9,-9900,?,9,0.002,E,8,-9900,?,9,-9900,?,9,0.02,99.0,E,8
02/13/2010,08:00,599.93,1402.139,178.29,1,8,32.663,1,8,164.333,1,8,21394.8,1,8,3102.949,1,8,18076.62,1,8,122.414,1,8,-9900,?,9,-9900,?,9,22.79,E,8,21.28,E,8,91.0,E,8,1008.6016999999999,E,8,999.0,E,8,1.5,E,8,-9900,?,9,-9900,?,9,0.001,E,8,-9900,?,9,-9900,?,9,0.01,99.0,E,8
02/13/2010,09:00,887.768,1402.139,374.09,1,8,115.883,1,8,300.751,1,8,44890.8,1,8,11008.863,1,8,33082.58,1,8,151.265,1,8,-9900,?,9,-9900,?,9,25.86,E,8,21.67,E,8,75.0,E,8,1008.6016999999999,E,8,999.0,E,8,1.5,E,8,-9900,?,9,-9900,?,9,0.0,E,8,-9900,?,9,-9900,?,9,0.0,0.0,E,8
02/13/2010,10:00,1123.33,1402.139,548.93,1,8,198.303,1,8,390.084,1,8,65871.6,1,8,18838.83,1,8,42909.273,1,8,155.011,1,8,-9900,?,9,-9900,?,9,26.86,E,8,21.8,E,8,72.0,E,8,1008.6016999999999,E,8,999.0,E,8,1.5,E,8,-9900,?,9,-9900,?,9,0.0,E,8,-9900,?,9,-9900,?,9,0.0,0.0,E,8
02/13/2010,11:00,1290.435,1402.139,685.01,1,8,142.993,1,8,553.415,1,8,82201.2,1,8,13584.377,1,8,60875.69,1,8,191.416,1,8,-9900,?,9,-9900,?,9,27.74,E,8,21.91,E,8,69.0,E,8,1008.6016999999999,E,8,999.0,E,8,1.87,E,8,-9900,?,9,-9900,?,9,0.0,E,8,-9900,?,9,-9900,?,9,0.0,0.0,E,8
02/13/2010,12:00,1377.64,1402.139,771.37,1,8,167.327,1,8,606.968,1,8,92564.4,1,8,15896.095,1,8,66766.492,1,8,196.642,1,8,-9900,?,9,-9900,?,9,28.46,E,8,22.0,E,8,67.0,E,8,1008.6016999999999,E,8,999.0,E,8,2.65,E,8,-9900,?,9,-9900,?,9,0.0,E,8,-9900,?,9,-9900,?,9,0.0,0.0,E,8
02/13/2010,13:00,1378.969,1402.139,801.49,1,8,347.17,1,8,460.061,1,8,96178.8,1,8,32981.118,1,8,50606.673,1,8,148.904,1,8,-9900,?,9,-9900,?,9,29.0,E,8,22.07,E,8,65.0,E,8,1008.6016999999999,E,8,999.0,E,8,3.37,E,8,-9900,?,9,-9900,?,9,0.0,E,8,-9900,?,9,-9900,?,9,0.0,0.0,E,8
02/13/2010,14:00,1294.314,1402.139,773.15,1,8,404.217,1,8,400.036,1,8,92778.0,1,8,38400.619,1,8,44004.005,1,8,137.95,1,8,-9900,?,9,-9900,?,9,29.34,E,8,22.11,E,8,65.0,E,8,1008.6016999999999,E,8,999.0,E,8,3.28,E,8,-9900,?,9,-9900,?,9,0.0,E,8,-9900,?,9,-9900,?,9,0.0,0.0,E,8
02/13/2010,15:00,1129.44,1402.139,688.4,1,8,449.967,1,8,326.004,1,8,82608.0,1,8,42746.833,1,8,35860.46,1,8,128.846,1,8,-9900,?,9,-9900,?,9,29.47,E,8,22.13,E,8,64.0,E,8,1008.6016999999999,E,8,999.0,E,8,3.76,E,8,-9900,?,9,-9900,?,9,0.0,E,8,-9900,?,9,-9900,?,9,0.0,0.0,E,8
02/13/2010,16:00,895.601,1402.139,553.63,1,8,534.614,1,8,212.297,1,8,66435.6,1,8,50788.312,1,8,23352.618,1,8,105.841,1,8,-9900,?,9,-9900,?,9,29.37,E,8,22.11,E,8,64.0,E,8,1008.6016999999999,E,8,999.0,E,8,3.63,E,8,-9900,?,9,-9900,?,9,0.0,E,8,-9900,?,9,-9900,?,9,0.0,0.0,E,8
02/13/2010,17:00,608.83,1402.139,379.64,1,8,567.385,1,8,133.582,1,8,45556.8,1,8,53901.593,1,8,14694.03,1,8,98.048,1,8,-9900,?,9,-9900,?,9,28.96,E,8,22.06,E,8,70.0,E,8,1008.6016999999999,E,8,999.0,E,8,2.58,E,8,-9900,?,9,-9900,?,9,0.005,E,8,-9900,?,9,-9900,?,9,0.05,99.0,E,8
02/13/2010,18:00,289.195,1402.139,183.89,1,8,422.656,1,8,97.271,1,8,22066.8,1,8,40152.332,1,8,10699.762,1,8,151.079,1,8,-9900,?,9,-9900,?,9,28.29,E,8,21.98,E,8,72.0,E,8,1008.6016999999999,E,8,999.0,E,8,1.77,E,8,-9900,?,9,-9900,?,9,0.012,E,8,-9900,?,9,-9900,?,9,0.12,99.0,E,8
02/13/2010,19:00,0.0,1402.139,15.59,1,8,0.0,1,8,0.0,1,8,1870.8,1,8,0.0,1,8,0.0,1,8,-0.0,1,8,-9900,?,9,-9900,?,9,27.47,E,8,21.88,E,8,83.0,E,8,1008.6016999999999,E,8,999.0,E,8,1.5,E,8,-9900,?,9,-9900,?,9,1.21,E,8,-9900,?,9,-9900,?,9,12.1,99.0,E,8
02/13/2010,20:00,0.0,1402.139,0.0,1,8,0.0,1,8,0.0,1,8,0.0,1,8,0.0,1,8,0.0,1,8,-0.0,1,8,-9900,?,9,-9900,?,9,26.88,E,8,21.8,E,8,76.0,E,8,1008.6016999999999,E,8,999.0,E,8,1.5,E,8,-9900,?,9,-9900,?,9,0.095,E,8,-9900,?,9,-9900,?,9,0.95,99.0,E,8
02/13/2010,21:00,0.0,1402.139,0.0,1,8,0.0,1,8,0.0,1,8,0.0,1,8,0.0,1,8,0.0,1,8,-0.0,1,8,-9900,?,9,-9900,?,9,26.28,E,8,21.73,E,8,78.0,E,8,1008.6016999999999,E,8,999.0,E,8,1.5,E,8,-9900,?,9,-9900,?,9,0.05500000000000001,E,8,-9900,?,9,-9900,?,9,0.55,99.0,E,8
02/13/2010,22:00,0.0,1402.139,0.0,1,8,0.0,1,8,0.0,1,8,0.0,1,8,0.0,1,8,0.0,1,8,-0.0,1,8,-9900,?,9,-9900,?,9,25.69,E,8,21.65,E,8,80.0,E,8,1008.6016999999999,E,8,999.0,E,8,1.5,E,8,-9900,?,9,-9900,?,9,0.027000000000000003,E,8,-9900,?,9,-9900,?,9,0.27,99.0,E,8
02/13/2010,23:00,0.0,1402.139,0.0,1,8,0.0,1,8,0.0,1,8,0.0,1,8,0.0,1,8,0.0,1,8,-0.0,1,8,-9900,?,9,-9900,?,9,25.09,E,8,21.58,E,8,82.0,E,8,1008.6016999999999,E,8,999.0,E,8,1.5,E,8,-9900,?,9,-9900,?,9,0.038,E,8,-9900,?,9,-9900,?,9,0.38,99.0,E,8
02/13/2010,24:00,0.0,1402.139,0.0,1,8,0.0,1,8,0.0,1,8,0.0,1,8,0.0,1,8,0.0,1,8,-0.0,1,8,-9900,?,9,-9900,?,9,24.5,E,8,21.54,E,8,86.0,E,8,1008.6016999999999,E,8,999.0,E,8,1.78,E,8,-9900,?,9,-9900,?,9,0.007000000000000001,E,8,-9900,?,9,-9900,?,9,0.07,99.0,E,8
02/14/2010,01:00,0.0,1402.139,0.0,1,8,0.0,1,8,0.0,1,8,0.0,1,8,0.0,1,8,0.0,1,8,-0.0,1,8,-9900,?,9,-9900,?,9,24.2,E,8,21.52,E,8,87.0,E,8,1008.6016999999999,E,8,999.0,E,8,1.78,E,8,-9900,?,9,-9900,?,9,0.013000000000000001,E,8,-9900,?,9,-9900,?,9,0.13,99.0,E,8
02/14/2010,02:00,0.0,1402.139,0.0,1,8,0.0,1,8,0.0,1,8,0.0,1,8,0.0,1,8,0.0,1,8,-0.0,1,8,-9900,?,9,-9900,?,9,23.9,E,8,21.51,E,8,93.0,E,8,1008.6016999999999,E,8,999.0,E,8,1.78,E,8,-9900,?,9,-9900,?,9,0.161,E,8,-9900,?,9,-9900,?,9,1.61,99.0,E,8
02/14/2010,03:00,0.0,1402.139,0.0,1,8,0.0,1,8,0.0,1,8,0.0,1,8,0.0,1,8,0.0,1,8,-0.0,1,8,-9900,?,9,-9900,?,9,23.61,E,8,21.49,E,8,90.0,E,8,1008.6016999999999,E,8,999.0,E,8,1.78,E,8,-9900,?,9,-9900,?,9,0.005,E,8,-9900,?,9,-9900,?,9,0.05,99.0,E,8
02/14/2010,04:00,0.0,1401.58,0.0,1,8,0.0,1,8,0.0,1,8,0.0,1,8,0.0,1,8,0.0,1,8,-0.0,1,8,-9900,?,9,-9900,?,9,23.31,E,8,21.47,E,8,91.0,E,8,1008.6016999999999,E,8,999.0,E,8,1.78,E,8,-9900,?,9,-9900,?,9,0.001,E,8,-9900,?,9,-9900,?,9,0.01,99.0,E,8
02/14/2010,05:00,0.0,1401.58,0.0,1,8,0.0,1,8,0.0,1,8,0.0,1,8,0.0,1,8,0.0,1,8,-0.0,1,8,-9900,?,9,-9900,?,9,23.01,E,8,21.45,E,8,93.0,E,8,1008.6016999999999,E,8,999.0,E,8,1.78,E,8,-9900,?,9,-9900,?,9,0.002,E,8,-9900,?,9,-9900,?,9,0.02,99.0,E,8
02/14/2010,06:00,0.0,1401.58,0.0,1,8,0.0,1,8,0.0,1,8,0.0,1,8,0.0,1,8,0.0,1,8,-0.0,1,8,-9900,?,9,-9900,?,9,22.78,E,8,21.43,E,8,94.0,E,8,1008.6016999999999,E,8,999.0,E,8,1.78,E,8,-9900,?,9,-9900,?,9,0.001,E,8,-9900,?,9,-9900,?,9,0.01,99.0,E,8
02/14/2010,07:00,277.388,1401.58,39.7,1,8,0.0,1,8,39.7,1,8,4764.0,1,8,0.0,1,8,4367.0,1,8,64.296,1,8,-9900,?,9,-9900,?,9,22.59,E,8,21.42,E,8,90.0,E,8,1008.6016999999999,E,8,999.0,E,8,1.78,E,8,-9900,?,9,-9900,?,9,0.0,E,8,-9900,?,9,-9900,?,9,0.0,0.0,E,8
02/14/2010,08:00,597.597,1401.58,186.85,1,8,45.974,1,8,167.274,1,8,22422.0,1,8,4367.483,1,8,18400.121,1,8,125.043,1,8,-9900,?,9,-9900,?,9,22.39,E,8,21.41,E,8,91.0,E,8,1008.6016999999999,E,8,999.0,E,8,1.78,E,8,-9900,?,9,-9900,?,9,0.0,E,8,-9900,?,9,-9900,?,9,0.0,0.0,E,8
02/14/2010,09:00,885.699,1401.58,307.71,1,8,28.794,1,8,289.522,1,8,36925.2,1,8,2735.429,1,8,31847.45,1,8,145.9,1,8,-9900,?,9,-9900,?,9,25.03,E,8,21.58,E,8,84.0,E,8,1008.6016999999999,E,8,999.0,E,8,1.78,E,8,-9900,?,9,-9900,?,9,0.004,E,8,-9900,?,9,-9900,?,9,0.04,99.0,E,8
02/14/2010,10:00,1121.466,1401.58,428.05,1,8,64.194,1,8,376.694,1,8,51366.0,1,8,6098.398,1,8,41436.371,1,8,149.88,1,8,-9900,?,9,-9900,?,9,25.68,E,8,21.62,E,8,77.0,E,8,1008.6016999999999,E,8,999.0,E,8,1.78,E,8,-9900,?,9,-9900,?,9,0.0,E,8,-9900,?,9,-9900,?,9,0.0,0.0,E,8
02/14/2010,11:00,1288.701,1401.58,658.88,1,8,203.549,1,8,471.735,1,8,79065.6,1,8,19337.117,1,8,51890.815,1,8,163.319,1,8,-9900,?,9,-9900,?,9,26.62,E,8,21.68,E,8,73.0,E,8,1008.6016999999999,E,8,999.0,E,8,1.78,E,8,-9900,?,9,-9900,?,9,0.0,E,8,-9900,?,9,-9900,?,9,0.0,0.0,E,8
02/14/2010,12:00,1375.95,1401.58,798.15,1,8,333.982,1,8,470.279,1,8,95778.0,1,8,31728.323,1,8,51730.645,1,8,152.484,1,8,-9900,?,9,-9900,?,9,27.48,E,8,21.73,E,8,70.0,E,8,1008.6016999999999,E,8,999.0,E,8,1.99,E,8,-9900,?,9,-9900,?,9,0.0,E,8,-9900,?,9,-9900,?,9,0.0,0.0,E,8
02/14/2010,13:00,1377.237,1401.58,745.54,1,8,241.663,1,8,508.077,1,8,89464.8,1,8,22957.982,1,8,55888.445,1,8,164.586,1,8,-9900,?,9,-9900,?,9,27.96,E,8,21.76,E,8,68.0,E,8,1008.6016999999999,E,8,999.0,E,8,2.66,E,8,-9900,?,9,-9900,?,9,0.0,E,8,-9900,?,9,-9900,?,9,0.0,0.0,E,8
02/14/2010,14:00,1292.455,1401.58,877.48,1,8,587.688,1,8,335.577,1,8,105297.6,1,8,55830.351,1,8,36913.423,1,8,115.842,1,8,-9900,?,9,-9900,?,9,28.51,E,8,21.8,E,8,66.0,E,8,1008.6016999999999,E,8,999.0,E,8,3.58,E,8,-9900,?,9,-9900,?,9,0.0,E,8,-9900,?,9,-9900,?,9,0.0,0.0,E,8
02/14/2010,15:00,1127.378,1401.58,845.85,1,8,810.157,1,8,194.295,1,8,101502.0,1,8,76964.954,1,8,21372.402,1,8,76.9,1,8,-9900,?,9,-9900,?,9,28.87,E,8,21.82,E,8,65.0,E,8,1008.6016999999999,E,8,999.0,E,8,2.61,E,8,-9900,?,9,-9900,?,9,0.0,E,8,-9900,?,9,-9900,?,9,0.0,0.0,E,8
02/14/2010,16:00,893.275,1401.58,515.69,1,8,384.993,1,8,270.426,1,8,61882.8,1,8,36574.373,1,8,29746.82,1,8,135.119,1,8,-9900,?,9,-9900,?,9,28.69,E,8,21.81,E,8,66.0,E,8,1008.6016999999999,E,8,999.0,E,8,2.32,E,8,-9900,?,9,-9900,?,9,0.0,E,8,-9900,?,9,-9900,?,9,0.0,0.0,E,8
02/14/2010,17:00,606.198,1401.58,326.86,1,8,387.386,1,8,159.524,1,8,39223.2,1,8,36801.702,1,8,17547.616,1,8,117.552,1,8,-9900,?,9,-9900,?,9,28.2,E,8,21.78,E,8,67.0,E,8,1008.6016999999999,E,8,999.0,E,8,1.78,E,8,-9900,?,9,-9900,?,9,0.0,E,8,-9900,?,9,-9900,?,9,0.0,0.0,E,8
02/14/2010,18:00,286.246,1401.58,94.66,1,8,84.686,1,8,77.477,1,8,11359.2,1,8,8045.16,1,8,8522.442,1,8,121.542,1,8,-9900,?,9,-9900,?,9,27.42,E,8,21.73,E,8,70.0,E,8,1008.6016999999999,E,8,999.0,E,8,1.78,E,8,-9900,?,9,-9900,?,9,0.0,E,8,-9900,?,9,-9900,?,9,0.0,0.0,E,8
02/14/2010,19:00,0.0,1401.58,14.56,1,8,0.0,1,8,0.0,1,8,1747.2,1,8,0.0,1,8,0.0,1,8,-0.0,1,8,-9900,?,9,-9900,?,9,26.83,E,8,21.69,E,8,77.0,E,8,1008.6016999999999,E,8,999.0,E,8,1.78,E,8,-9900,?,9,-9900,?,9,0.003,E,8,-9900,?,9,-9900,?,9,0.03,99.0,E,8
02/14/2010,20:00,0.0,1401.58,0.0,1,8,0.0,1,8,0.0,1,8,0.0,1,8,0.0,1,8,0.0,1,8,-0.0,1,8,-9900,?,9,-9900,?,9,26.24,E,8,21.66,E,8,74.0,E,8,1008.6016999999999,E,8,999.0,E,8,1.78,E,8,-9900,?,9,-9900,?,9,0.0,E,8,-9900,?,9,-9900,?,9,0.0,0.0,E,8
02/14/2010,21:00,0.0,1401.58,0.0,1,8,0.0,1,8,0.0,1,8,0.0,1,8,0.0,1,8,0.0,1,8,-0.0,1,8,-9900,?,9,-9900,?,9,25.66,E,8,21.62,E,8,81.0,E,8,1008.6016999999999,E,8,999.0,E,8,1.78,E,8,-9900,?,9,-9900,?,9,0.001,E,8,-9900,?,9,-9900,?,9,0.01,99.0,E,8
02/14/2010,22:00,0.0,1401.58,0.0,1,8,0.0,1,8,0.0,1,8,0.0,1,8,0.0,1,8,0.0,1,8,-0.0,1,8,-9900,?,9,-9900,?,9,25.07,E,8,21.58,E,8,84.0,E,8,1008.6016999999999,E,8,999.0,E,8,1.78,E,8,-9900,?,9,-9900,?,9,0.002,E,8,-9900,?,9,-9900,?,9,0.02,99.0,E,8
02/14/2010,23:00,0.0,1401.58,0.0,1,8,0.0,1,8,0.0,1,8,0.0,1,8,0.0,1,8,0.0,1,8,-0.0,1,8,-9900,?,9,-9900,?,9,24.48,E,8,21.54,E,8,82.0,E,8,1008.6016999999999,E,8,999.0,E,8,1.78,E,8,-9900,?,9,-9900,?,9,0.0,E,8,-9900,?,9,-9900,?,9,0.0,0.0,E,8
02/14/2010,24:00,0.0,1401.58,0.0,1,8,0.0,1,8,0.0,1,8,0.0,1,8,0.0,1,8,0.0,1,8,-0.0,1,8,-9900,?,9,-9900,?,9,23.89,E,8,20.89,E,8,83.0,E,8,1008.6016999999999,E,8,999.0,E,8,1.94,E,8,-9900,?,9,-9900,?,9,0.0,E,8,-9900,?,9,-9900,?,9,0.0,0.0,E,8
02/15/2010,01:00,0.0,1401.58,0.0,1,8,0.0,1,8,0.0,1,8,0.0,1,8,0.0,1,8,0.0,1,8,-0.0,1,8,-9900,?,9,-9900,?,9,23.6,E,8,20.84,E,8,84.0,E,8,1008.6016999999999,E,8,999.0,E,8,1.94,E,8,-9900,?,9,-9900,?,9,0.0,E,8,-9900,?,9,-9900,?,9,0.0,0.0,E,8
02/15/2010,02:00,0.0,1401.58,0.0,1,8,0.0,1,8,0.0,1,8,0.0,1,8,0.0,1,8,0.0,1,8,-0.0,1,8,-9900,?,9,-9900,?,9,23.3,E,8,20.79,E,8,85.0,E,8,1008.6016999999999,E,8,999.0,E,8,1.94,E,8,-9900,?,9,-9900,?,9,0.0,E,8,-9900,?,9,-9900,?,9,0.0,0.0,E,8
02/15/2010,03:00,0.0,1401.58,0.0,1,8,0.0,1,8,0.0,1,8,0.0,1,8,0.0,1,8,0.0,1,8,-0.0,1,8,-9900,?,9,-9900,?,9,23.01,E,8,20.74,E,8,87.0,E,8,1008.6016999999999,E,8,999.0,E,8,1.94,E,8,-9900,?,9,-9900,?,9,0.0,E,8,-9900,?,9,-9900,?,9,0.0,0.0,E,8
02/15/2010,04:00,0.0,1401.01,0.0,1,8,0.0,1,8,0.0,1,8,0.0,1,8,0.0,1,8,0.0,1,8,-0.0,1,8,-9900,?,9,-9900,?,9,22.72,E,8,20.69,E,8,88.0,E,8,1008.6016999999999,E,8,999.0,E,8,1.94,E,8,-9900,?,9,-9900,?,9,0.0,E,8,-9900,?,9,-9900,?,9,0.0,0.0,E,8
02/15/2010,05:00,0.0,1401.01,0.0,1,8,0.0,1,8,0.0,1,8,0.0,1,8,0.0,1,8,0.0,1,8,-0.0,1,8,-9900,?,9,-9900,?,9,22.42,E,8,20.63,E,8,89.0,E,8,1008.6016999999999,E,8,999.0,E,8,1.94,E,8,-9900,?,9,-9900,?,9,0.0,E,8,-9900,?,9,-9900,?,9,0.0,0.0,E,8
02/15/2010,06:00,0.0,1401.01,0.0,1,8,0.0,1,8,0.0,1,8,0.0,1,8,0.0,1,8,0.0,1,8,-0.0,1,8,-9900,?,9,-9900,?,9,22.19,E,8,20.59,E,8,90.0,E,8,1008.6016999999999,E,8,999.0,E,8,1.94,E,8,-9900,?,9,-9900,?,9,0.0,E,8,-9900,?,9,-9900,?,9,0.0,0.0,E,8
02/15/2010,07:00,274.79,1401.01,31.03,1,8,0.0,1,8,31.03,1,8,3723.6,1,8,0.0,1,8,3413.3,1,8,50.715,1,8,-9900,?,9,-9900,?,9,22.0,E,8,20.56,E,8,91.0,E,8,1008.6016999999999,E,8,999.0,E,8,1.94,E,8,-9900,?,9,-9900,?,9,0.0,E,8,-9900,?,9,-9900,?,9,0.0,0.0,E,8
02/15/2010,08:00,595.28,1401.01,243.88,1,8,152.169,1,8,179.31,1,8,29265.6,1,8,14456.087,1,8,19724.076,1,8,134.508,1,8,-9900,?,9,-9900,?,9,21.81,E,8,20.52,E,8,92.0,E,8,1008.6016999999999,E,8,999.0,E,8,1.94,E,8,-9900,?,9,-9900,?,9,0.0,E,8,-9900,?,9,-9900,?,9,0.0,0.0,E,8
02/15/2010,09:00,883.63,1401.01,473.82,1,8,297.058,1,8,286.546,1,8,56858.4,1,8,28220.504,1,8,31520.075,1,8,144.68,1,8,-9900,?,9,-9900,?,9,25.7,E,8,21.21,E,8,76.0,E,8,1008.6016999999999,E,8,999.0,E,8,1.94,E,8,-9900,?,9,-9900,?,9,0.0,E,8,-9900,?,9,-9900,?,9,0.0,0.0,E,8
02/15/2010,10:00,1119.582,1401.01,672.42,1,8,423.429,1,8,334.104,1,8,80690.4,1,8,40225.75,1,8,36751.417,1,8,133.103,1,8,-9900,?,9,-9900,?,9,26.83,E,8,21.4,E,8,72.0,E,8,1008.6016999999999,E,8,999.0,E,8,1.94,E,8,-9900,?,9,-9900,?,9,0.0,E,8,-9900,?,9,-9900,?,9,0.0,0.0,E,8
02/15/2010,11:00,1286.925,1401.01,779.52,1,8,424.428,1,8,389.675,1,8,93542.4,1,8,40320.664,1,8,42864.206,1,8,135.04,1,8,-9900,?,9,-9900,?,9,27.69,E,8,21.55,E,8,69.0,E,8,1008.6016999999999,E,8,999.0,E,8,1.94,E,8,-9900,?,9,-9900,?,9,0.0,E,8,-9900,?,9,-9900,?,9,0.0,0.0,E,8
02/15/2010,12:00,1374.2,1401.01,893.46,1,8,520.436,1,8,382.989,1,8,107215.2,1,8,49441.449,1,8,42128.785,1,8,124.289,1,8,-9900,?,9,-9900,?,9,28.45,E,8,21.68,E,8,66.0,E,8,1008.6016999999999,E,8,999.0,E,8,1.94,E,8,-9900,?,9,-9900,?,9,0.0,E,8,-9900,?,9,-9900,?,9,0.0,0.0,E,8
02/15/2010,13:00,1375.426,1401.01,837.72,1,8,406.838,1,8,438.316,1,8,100526.4,1,8,38649.568,1,8,48214.78,1,8,142.117,1,8,-9900,?,9,-9900,?,9,28.85,E,8,21.75,E,8,65.0,E,8,1008.6016999999999,E,8,999.0,E,8,1.94,E,8,-9900,?,9,-9900,?,9,0.0,E,8,-9900,?,9,-9900,?,9,0.0,0.0,E,8
02/15/2010,14:00,1290.502,1401.01,734.73,1,8,336.661,1,8,424.64,1,8,88167.6,1,8,31982.826,1,8,46710.386,1,8,146.749,1,8,-9900,?,9,-9900,?,9,28.98,E,8,21.77,E,8,65.0,E,8,1008.6016999999999,E,8,999.0,E,8,2.06,E,8,-9900,?,9,-9900,?,9,0.0,E,8,-9900,?,9,-9900,?,9,0.0,0.0,E,8
02/15/2010,15:00,1125.212,1401.01,629.22,1,8,323.527,1,8,369.423,1,8,75506.4,1,8,30735.075,1,8,40636.58,1,8,146.437,1,8,-9900,?,9,-9900,?,9,28.91,E,8,21.76,E,8,65.0,E,8,1008.6016999999999,E,8,999.0,E,8,2.19,E,8,-9900,?,9,-9900,?,9,0.0,E,8,-9900,?,9,-9900,?,9,0.0,0.0,E,8
02/15/2010,16:00,890.839,1401.01,526.21,1,8,444.963,1,8,243.4,1,8,63145.2,1,8,42271.494,1,8,26774.03,1,8,121.899,1,8,-9900,?,9,-9900,?,9,28.64,E,8,21.71,E,8,66.0,E,8,1008.6016999999999,E,8,999.0,E,8,1.94,E,8,-9900,?,9,-9900,?,9,0.0,E,8,-9900,?,9,-9900,?,9,0.0,0.0,E,8
02/15/2010,17:00,603.455,1401.01,358.49,1,8,480.214,1,8,151.913,1,8,43018.8,1,8,45620.372,1,8,16710.39,1,8,112.408,1,8,-9900,?,9,-9900,?,9,28.11,E,8,21.62,E,8,67.0,E,8,1008.6016999999999,E,8,999.0,E,8,1.94,E,8,-9900,?,9,-9900,?,9,0.0,E,8,-9900,?,9,-9900,?,9,0.0,0.0,E,8
02/15/2010,18:00,283.193,1401.01,213.38,1,8,381.84,1,8,136.708,1,8,25605.6,1,8,36274.765,1,8,15037.913,1,8,216.716,1,8,-9900,?,9,-9900,?,9,27.44,E,8,21.51,E,8,70.0,E,8,1008.6016999999999,E,8,999.0,E,8,1.94,E,8,-9900,?,9,-9900,?,9,0.0,E,8,-9900,?,9,-9900,?,9,0.0,0.0,E,8
02/15/2010,19:00,0.0,1401.01,30.43,1,8,0.0,1,8,0.0,1,8,3651.6,1,8,0.0,1,8,0.0,1,8,-0.0,1,8,-9900,?,9,-9900,?,9,26.8,E,8,21.4,E,8,72.0,E,8,1008.6016999999999,E,8,999.0,E,8,1.94,E,8,-9900,?,9,-9900,?,9,0.0,E,8,-9900,?,9,-9900,?,9,0.0,0.0,E,8
02/15/2010,20:00,0.0,1401.01,0.0,1,8,0.0,1,8,0.0,1,8,0.0,1,8,0.0,1,8,0.0,1,8,-0.0,1,8,-9900,?,9,-9900,?,9,26.16,E,8,21.29,E,8,74.0,E,8,1008.6016999999999,E,8,999.0,E,8,1.94,E,8,-9900,?,9,-9900,?,9,0.0,E,8,-9900,?,9,-9900,?,9,0.0,0.0,E,8
02/15/2010,21:00,0.0,1401.01,0.0,1,8,0.0,1,8,0.0,1,8,0.0,1,8,0.0,1,8,0.0,1,8,-0.0,1,8,-9900,?,9,-9900,?,9,25.52,E,8,21.18,E,8,76.0,E,8,1008.6016999999999,E,8,999.0,E,8,1.94,E,8,-9900,?,9,-9900,?,9,0.0,E,8,-9900,?,9,-9900,?,9,0.0,0.0,E,8
02/15/2010,22:00,0.0,1401.01,0.0,1,8,0.0,1,8,0.0,1,8,0.0,1,8,0.0,1,8,0.0,1,8,-0.0,1,8,-9900,?,9,-9900,?,9,24.88,E,8,21.07,E,8,79.0,E,8,1008.6016999999999,E,8,999.0,E,8,1.94,E,8,-9900,?,9,-9900,?,9,0.0,E,8,-9900,?,9,-9900,?,9,0.0,0.0,E,8
02/15/2010,23:00,0.0,1401.01,0.0,1,8,0.0,1,8,0.0,1,8,0.0,1,8,0.0,1,8,0.0,1,8,-0.0,1,8,-9900,?,9,-9900,?,9,24.24,E,8,20.96,E,8,81.0,E,8,1008.6016999999999,E,8,999.0,E,8,1.94,E,8,-9900,?,9,-9900,?,9,0.0,E,8,-9900,?,9,-9900,?,9,0.0,0.0,E,8
02/15/2010,24:00,0.0,1401.01,0.0,1,8,0.0,1,8,0.0,1,8,0.0,1,8,0.0,1,8,0.0,1,8,-0.0,1,8,-9900,?,9,-9900,?,9,23.6,E,8,20.87,E,8,86.0,E,8,1008.6016999999999,E,8,999.0,E,8,1.61,E,8,-9900,?,9,-9900,?,9,0.034999999999999996,E,8,-9900,?,9,-9900,?,9,0.35,99.0,E,8
02/16/2010,01:00,0.0,1401.01,0.0,1,8,0.0,1,8,0.0,1,8,0.0,1,8,0.0,1,8,0.0,1,8,-0.0,1,8,-9900,?,9,-9900,?,9,23.28,E,8,20.84,E,8,96.0,E,8,1008.6016999999999,E,8,999.0,E,8,1.61,E,8,-9900,?,9,-9900,?,9,0.733,E,8,-9900,?,9,-9900,?,9,7.33,99.0,E,8
02/16/2010,02:00,0.0,1401.01,0.0,1,8,0.0,1,8,0.0,1,8,0.0,1,8,0.0,1,8,0.0,1,8,-0.0,1,8,-9900,?,9,-9900,?,9,22.96,E,8,20.82,E,8,84.0,E,8,1008.6016999999999,E,8,999.0,E,8,1.61,E,8,-9900,?,9,-9900,?,9,0.0,E,8,-9900,?,9,-9900,?,9,0.0,0.0,E,8
02/16/2010,03:00,0.0,1401.01,0.0,1,8,0.0,1,8,0.0,1,8,0.0,1,8,0.0,1,8,0.0,1,8,-0.0,1,8,-9900,?,9,-9900,?,9,22.64,E,8,20.8,E,8,85.0,E,8,1008.6016999999999,E,8,999.0,E,8,1.61,E,8,-9900,?,9,-9900,?,9,0.0,E,8,-9900,?,9,-9900,?,9,0.0,0.0,E,8
02/16/2010,04:00,0.0,1400.43,0.0,1,8,0.0,1,8,0.0,1,8,0.0,1,8,0.0,1,8,0.0,1,8,-0.0,1,8,-9900,?,9,-9900,?,9,22.31,E,8,20.77,E,8,87.0,E,8,1008.6016999999999,E,8,999.0,E,8,1.61,E,8,-9900,?,9,-9900,?,9,0.0,E,8,-9900,?,9,-9900,?,9,0.0,0.0,E,8
02/16/2010,05:00,0.0,1400.43,0.0,1,8,0.0,1,8,0.0,1,8,0.0,1,8,0.0,1,8,0.0,1,8,-0.0,1,8,-9900,?,9,-9900,?,9,21.99,E,8,20.75,E,8,88.0,E,8,1008.6016999999999,E,8,999.0,E,8,1.61,E,8,-9900,?,9,-9900,?,9,0.0,E,8,-9900,?,9,-9900,?,9,0.0,0.0,E,8
02/16/2010,06:00,0.0,1400.43,0.0,1,8,0.0,1,8,0.0,1,8,0.0,1,8,0.0,1,8,0.0,1,8,-0.0,1,8,-9900,?,9,-9900,?,9,21.75,E,8,20.73,E,8,89.0,E,8,1008.6016999999999,E,8,999.0,E,8,1.61,E,8,-9900,?,9,-9900,?,9,0.0,E,8,-9900,?,9,-9900,?,9,0.0,0.0,E,8
02/16/2010,07:00,272.222,1400.43,18.47,1,8,0.0,1,8,18.47,1,8,2216.4,1,8,0.0,1,8,2031.7,1,8,30.463,1,8,-9900,?,9,-9900,?,9,21.54,E,8,20.72,E,8,90.0,E,8,1008.6016999999999,E,8,999.0,E,8,1.61,E,8,-9900,?,9,-9900,?,9,0.0,E,8,-9900,?,9,-9900,?,9,0.0,0.0,E,8
02/16/2010,08:00,592.98,1400.43,224.91,1,8,109.729,1,8,178.51,1,8,26989.2,1,8,10424.254,1,8,19636.077,1,8,134.373,1,8,-9900,?,9,-9900,?,9,21.32,E,8,20.7,E,8,91.0,E,8,1008.6016999999999,E,8,999.0,E,8,1.61,E,8,-9900,?,9,-9900,?,9,0.0,E,8,-9900,?,9,-9900,?,9,0.0,0.0,E,8
02/16/2010,09:00,881.558,1400.43,455.89,1,8,258.945,1,8,292.959,1,8,54706.8,1,8,24599.816,1,8,32225.49,1,8,148.205,1,8,-9900,?,9,-9900,?,9,25.41,E,8,20.99,E,8,74.0,E,8,1008.6016999999999,E,8,999.0,E,8,1.61,E,8,-9900,?,9,-9900,?,9,0.0,E,8,-9900,?,9,-9900,?,9,0.0,0.0,E,8
02/16/2010,10:00,1117.675,1400.43,644.84,1,8,352.524,1,8,363.539,1,8,77380.8,1,8,33489.818,1,8,39989.325,1,8,145.017,1,8,-9900,?,9,-9900,?,9,26.63,E,8,21.08,E,8,70.0,E,8,1008.6016999999999,E,8,999.0,E,8,1.61,E,8,-9900,?,9,-9900,?,9,0.0,E,8,-9900,?,9,-9900,?,9,0.0,0.0,E,8
02/16/2010,11:00,1285.107,1400.43,855.67,1,8,578.476,1,8,324.86,1,8,102680.4,1,8,54955.229,1,8,35734.548,1,8,112.692,1,8,-9900,?,9,-9900,?,9,27.87,E,8,21.17,E,8,66.0,E,8,1008.6016999999999,E,8,999.0,E,8,1.61,E,8,-9900,?,9,-9900,?,9,0.0,E,8,-9900,?,9,-9900,?,9,0.0,0.0,E,8
02/16/2010,12:00,1372.387,1400.43,929.66,1,8,578.106,1,8,363.137,1,8,111559.2,1,8,54920.116,1,8,39945.025,1,8,117.953,1,8,-9900,?,9,-9900,?,9,28.79,E,8,21.23,E,8,63.0,E,8,1008.6016999999999,E,8,999.0,E,8,1.61,E,8,-9900,?,9,-9900,?,9,0.0,E,8,-9900,?,9,-9900,?,9,0.0,0.0,E,8
02/16/2010,13:00,1373.535,1400.43,938.52,1,8,594.746,1,8,355.202,1,8,112622.4,1,8,56500.911,1,8,39072.235,1,8,115.28,1,8,-9900,?,9,-9900,?,9,29.42,E,8,21.28,E,8,61.0,E,8,1008.6016999999999,E,8,999.0,E,8,2.13,E,8,-9900,?,9,-9900,?,9,0.0,E,8,-9900,?,9,-9900,?,9,0.0,0.0,E,8
02/16/2010,14:00,1288.455,1400.43,827.77,1,8,549.821,1,8,321.938,1,8,99332.4,1,8,52232.999,1,8,35413.195,1,8,111.388,1,8,-9900,?,9,-9900,?,9,29.69,E,8,21.3,E,8,60.0,E,8,1008.6016999999999,E,8,999.0,E,8,2.95,E,8,-9900,?,9,-9900,?,9,0.0,E,8,-9900,?,9,-9900,?,9,0.0,0.0,E,8
02/16/2010,15:00,1122.941,1400.43,710.37,1,8,515.887,1,8,296.771,1,8,85244.4,1,8,49009.276,1,8,32644.82,1,8,117.828,1,8,-9900,?,9,-9900,?,9,29.71,E,8,21.3,E,8,60.0,E,8,1008.6016999999999,E,8,999.0,E,8,3.7,E,8,-9900,?,9,-9900,?,9,0.0,E,8,-9900,?,9,-9900,?,9,0.0,0.0,E,8
02/16/2010,16:00,888.294,1400.43,605.1,1,8,725.497,1,8,145.117,1,8,72612.0,1,8,68922.261,1,8,15962.859,1,8,72.855,1,8,-9900,?,9,-9900,?,9,29.49,E,8,21.28,E,8,61.0,E,8,1008.6016999999999,E,8,999.0,E,8,3.56,E,8,-9900,?,9,-9900,?,9,0.0,E,8,-9900,?,9,-9900,?,9,0.0,0.0,E,8
02/16/2010,17:00,600.604,1400.43,408.8,1,8,723.705,1,8,98.825,1,8,49056.0,1,8,68751.992,1,8,10870.793,1,8,73.444,1,8,-9900,?,9,-9900,?,9,28.92,E,8,21.24,E,8,62.0,E,8,1008.6016999999999,E,8,999.0,E,8,2.91,E,8,-9900,?,9,-9900,?,9,0.0,E,8,-9900,?,9,-9900,?,9,0.0,0.0,E,8
02/16/2010,18:00,280.036,1400.43,195.11,1,8,420.07,1,8,111.68,1,8,23413.2,1,8,39906.63,1,8,12284.751,1,8,178.987,1,8,-9900,?,9,-9900,?,9,28.06,E,8,21.18,E,8,69.0,E,8,1008.6016999999999,E,8,999.0,E,8,2.54,E,8,-9900,?,9,-9900,?,9,0.001,E,8,-9900,?,9,-9900,?,9,0.01,99.0,E,8
02/16/2010,19:00,0.0,1400.43,18.53,1,8,0.0,1,8,0.0,1,8,2223.6,1,8,0.0,1,8,0.0,1,8,-0.0,1,8,-9900,?,9,-9900,?,9,27.46,E,8,21.14,E,8,67.0,E,8,1008.6016999999999,E,8,999.0,E,8,1.89,E,8,-9900,?,9,-9900,?,9,0.0,E,8,-9900,?,9,-9900,?,9,0.0,0.0,E,8
02/16/2010,20:00,0.0,1400.43,0.0,1,8,0.0,1,8,0.0,1,8,0.0,1,8,0.0,1,8,0.0,1,8,-0.0,1,8,-9900,?,9,-9900,?,9,26.86,E,8,21.1,E,8,73.0,E,8,1008.6016999999999,E,8,999.0,E,8,1.61,E,8,-9900,?,9,-9900,?,9,0.005,E,8,-9900,?,9,-9900,?,9,0.05,99.0,E,8
02/16/2010,21:00,0.0,1400.43,0.0,1,8,0.0,1,8,0.0,1,8,0.0,1,8,0.0,1,8,0.0,1,8,-0.0,1,8,-9900,?,9,-9900,?,9,26.26,E,8,21.05,E,8,75.0,E,8,1008.6016999999999,E,8,999.0,E,8,1.61,E,8,-9900,?,9,-9900,?,9,0.008,E,8,-9900,?,9,-9900,?,9,0.08,99.0,E,8
02/16/2010,22:00,0.0,1400.43,0.0,1,8,0.0,1,8,0.0,1,8,0.0,1,8,0.0,1,8,0.0,1,8,-0.0,1,8,-9900,?,9,-9900,?,9,25.66,E,8,21.01,E,8,78.0,E,8,1008.6016999999999,E,8,999.0,E,8,1.61,E,8,-9900,?,9,-9900,?,9,0.002,E,8,-9900,?,9,-9900,?,9,0.02,99.0,E,8
02/16/2010,23:00,0.0,1400.43,0.0,1,8,0.0,1,8,0.0,1,8,0.0,1,8,0.0,1,8,0.0,1,8,-0.0,1,8,-9900,?,9,-9900,?,9,25.06,E,8,20.97,E,8,80.0,E,8,1008.6016999999999,E,8,999.0,E,8,1.61,E,8,-9900,?,9,-9900,?,9,0.016,E,8,-9900,?,9,-9900,?,9,0.16,99.0,E,8
02/16/2010,24:00,0.0,1400.43,0.0,1,8,0.0,1,8,0.0,1,8,0.0,1,8,0.0,1,8,0.0,1,8,-0.0,1,8,-9900,?,9,-9900,?,9,24.46,E,8,21.82,E,8,86.0,E,8,1008.6016999999999,E,8,999.0,E,8,0.94,E,8,-9900,?,9,-9900,?,9,0.008,E,8,-9900,?,9,-9900,?,9,0.08,99.0,E,8
02/17/2010,01:00,0.0,1400.43,0.0,1,8,0.0,1,8,0.0,1,8,0.0,1,8,0.0,1,8,0.0,1,8,-0.0,1,8,-9900,?,9,-9900,?,9,24.16,E,8,21.76,E,8,88.0,E,8,1008.6016999999999,E,8,999.0,E,8,0.94,E,8,-9900,?,9,-9900,?,9,0.004,E,8,-9900,?,9,-9900,?,9,0.04,99.0,E,8
02/17/2010,02:00,0.0,1400.43,0.0,1,8,0.0,1,8,0.0,1,8,0.0,1,8,0.0,1,8,0.0,1,8,-0.0,1,8,-9900,?,9,-9900,?,9,23.86,E,8,21.71,E,8,89.0,E,8,1008.6016999999999,E,8,999.0,E,8,0.94,E,8,-9900,?,9,-9900,?,9,0.011,E,8,-9900,?,9,-9900,?,9,0.11,99.0,E,8
02/17/2010,03:00,0.0,1400.43,0.0,1,8,0.0,1,8,0.0,1,8,0.0,1,8,0.0,1,8,0.0,1,8,-0.0,1,8,-9900,?,9,-9900,?,9,23.56,E,8,21.65,E,8,90.0,E,8,1008.6016999999999,E,8,999.0,E,8,0.94,E,8,-9900,?,9,-9900,?,9,0.003,E,8,-9900,?,9,-9900,?,9,0.03,99.0,E,8
02/17/2010,04:00,0.0,1399.839,0.0,1,8,0.0,1,8,0.0,1,8,0.0,1,8,0.0,1,8,0.0,1,8,-0.0,1,8,-9900,?,9,-9900,?,9,23.26,E,8,21.59,E,8,87.0,E,8,1008.6016999999999,E,8,999.0,E,8,0.94,E,8,-9900,?,9,-9900,?,9,0.0,E,8,-9900,?,9,-9900,?,9,0.0,0.0,E,8
02/17/2010,05:00,0.0,1399.839,0.0,1,8,0.0,1,8,0.0,1,8,0.0,1,8,0.0,1,8,0.0,1,8,-0.0,1,8,-9900,?,9,-9900,?,9,22.96,E,8,21.53,E,8,88.0,E,8,1008.6016999999999,E,8,999.0,E,8,0.94,E,8,-9900,?,9,-9900,?,9,0.0,E,8,-9900,?,9,-9900,?,9,0.0,0.0,E,8
02/17/2010,06:00,0.0,1399.839,0.0,1,8,0.0,1,8,0.0,1,8,0.0,1,8,0.0,1,8,0.0,1,8,-0.0,1,8,-9900,?,9,-9900,?,9,22.73,E,8,21.48,E,8,89.0,E,8,1008.6016999999999,E,8,999.0,E,8,0.94,E,8,-9900,?,9,-9900,?,9,0.0,E,8,-9900,?,9,-9900,?,9,0.0,0.0,E,8
02/17/2010,07:00,269.685,1399.839,28.9,1,8,0.0,1,8,28.9,1,8,3468.0,1,8,0.0,1,8,3179.0,1,8,48.1,1,8,-9900,?,9,-9900,?,9,22.53,E,8,21.44,E,8,89.0,E,8,1008.6016999999999,E,8,999.0,E,8,0.94,E,8,-9900,?,9,-9900,?,9,0.0,E,8,-9900,?,9,-9900,?,9,0.0,0.0,E,8
02/17/2010,08:00,590.695,1399.839,225.62,1,8,113.397,1,8,177.834,1,8,27074.4,1,8,10772.758,1,8,19561.703,1,8,134.327,1,8,-9900,?,9,-9900,?,9,22.33,E,8,21.4,E,8,90.0,E,8,1008.6016999999999,E,8,999.0,E,8,0.94,E,8,-9900,?,9,-9900,?,9,0.0,E,8,-9900,?,9,-9900,?,9,0.0,0.0,E,8
02/17/2010,09:00,879.485,1399.839,406.85,1,8,169.19,1,8,300.6,1,8,48822.0,1,8,16073.097,1,8,33065.953,1,8,152.364,1,8,-9900,?,9,-9900,?,9,25.7,E,8,22.06,E,8,78.0,E,8,1008.6016999999999,E,8,999.0,E,8,0.94,E,8,-9900,?,9,-9900,?,9,0.0,E,8,-9900,?,9,-9900,?,9,0.0,0.0,E,8
02/17/2010,10:00,1115.747,1399.839,635.66,1,8,328.719,1,8,373.697,1,8,76279.2,1,8,31228.317,1,8,41106.716,1,8,149.264,1,8,-9900,?,9,-9900,?,9,26.84,E,8,22.28,E,8,74.0,E,8,1008.6016999999999,E,8,999.0,E,8,1.24,E,8,-9900,?,9,-9900,?,9,0.0,E,8,-9900,?,9,-9900,?,9,0.0,0.0,E,8
02/17/2010,11:00,1283.247,1399.839,875.84,1,8,599.392,1,8,326.402,1,8,105100.8,1,8,56942.248,1,8,35904.225,1,8,113.343,1,8,-9900,?,9,-9900,?,9,28.04,E,8,22.51,E,8,71.0,E,8,1008.6016999999999,E,8,999.0,E,8,2.05,E,8,-9900,?,9,-9900,?,9,0.0,E,8,-9900,?,9,-9900,?,9,0.0,0.0,E,8
02/17/2010,12:00,1370.512,1399.839,1019.37,1,8,724.986,1,8,309.582,1,8,122324.4,1,8,68873.701,1,8,34053.971,1,8,100.653,1,8,-9900,?,9,-9900,?,9,29.08,E,8,22.7,E,8,68.0,E,8,1008.6016999999999,E,8,999.0,E,8,2.44,E,8,-9900,?,9,-9900,?,9,0.0,E,8,-9900,?,9,-9900,?,9,0.0,0.0,E,8
02/17/2010,13:00,1371.564,1399.839,807.29,1,8,343.401,1,8,470.829,1,8,96874.8,1,8,32623.131,1,8,51791.194,1,8,152.961,1,8,-9900,?,9,-9900,?,9,29.39,E,8,22.76,E,8,67.0,E,8,1008.6016999999999,E,8,999.0,E,8,3.41,E,8,-9900,?,9,-9900,?,9,0.0,E,8,-9900,?,9,-9900,?,9,0.0,0.0,E,8
02/17/2010,14:00,1286.314,1399.839,693.48,1,8,151.91,1,8,553.897,1,8,83217.6,1,8,14431.444,1,8,60928.712,1,8,191.882,1,8,-9900,?,9,-9900,?,9,29.43,E,8,22.77,E,8,71.0,E,8,1008.6016999999999,E,8,999.0,E,8,4.3,E,8,-9900,?,9,-9900,?,9,0.001,E,8,-9900,?,9,-9900,?,9,0.01,99.0,E,8
02/17/2010,15:00,1120.566,1399.839,568.54,1,8,163.026,1,8,438.06,1,8,68224.8,1,8,15487.446,1,8,48186.6,1,8,174.219,1,8,-9900,?,9,-9900,?,9,29.21,E,8,22.73,E,8,67.0,E,8,1008.6016999999999,E,8,999.0,E,8,4.75,E,8,-9900,?,9,-9900,?,9,0.0,E,8,-9900,?,9,-9900,?,9,0.0,0.0,E,8
02/17/2010,16:00,885.639,1399.839,444.75,1,8,230.962,1,8,298.691,1,8,53370.0,1,8,21941.366,1,8,32856.028,1,8,150.344,1,8,-9900,?,9,-9900,?,9,28.79,E,8,22.65,E,8,73.0,E,8,1008.6016999999999,E,8,999.0,E,8,4.75,E,8,-9900,?,9,-9900,?,9,0.002,E,8,-9900,?,9,-9900,?,9,0.02,99.0,E,8
02/17/2010,17:00,597.644,1399.839,401.41,1,8,593.695,1,8,148.271,1,8,48169.2,1,8,56401.043,1,8,16309.783,1,8,110.69,1,8,-9900,?,9,-9900,?,9,28.38,E,8,22.57,E,8,70.0,E,8,1008.6016999999999,E,8,999.0,E,8,4.26,E,8,-9900,?,9,-9900,?,9,0.0,E,8,-9900,?,9,-9900,?,9,0.0,0.0,E,8
02/17/2010,18:00,276.779,1399.839,185.37,1,8,422.336,1,8,102.443,1,8,22244.4,1,8,40121.94,1,8,11268.739,1,8,166.072,1,8,-9900,?,9,-9900,?,9,27.68,E,8,22.44,E,8,76.0,E,8,1008.6016999999999,E,8,999.0,E,8,3.4,E,8,-9900,?,9,-9900,?,9,0.006,E,8,-9900,?,9,-9900,?,9,0.06,99.0,E,8
02/17/2010,19:00,0.0,1399.839,14.63,1,8,0.0,1,8,0.0,1,8,1755.6,1,8,0.0,1,8,0.0,1,8,-0.0,1,8,-9900,?,9,-9900,?,9,27.1,E,8,22.33,E,8,78.0,E,8,1008.6016999999999,E,8,999.0,E,8,2.56,E,8,-9900,?,9,-9900,?,9,0.016,E,8,-9900,?,9,-9900,?,9,0.16,99.0,E,8
02/17/2010,20:00,0.0,1399.839,0.0,1,8,0.0,1,8,0.0,1,8,0.0,1,8,0.0,1,8,0.0,1,8,-0.0,1,8,-9900,?,9,-9900,?,9,26.52,E,8,22.22,E,8,80.0,E,8,1008.6016999999999,E,8,999.0,E,8,1.61,E,8,-9900,?,9,-9900,?,9,0.036,E,8,-9900,?,9,-9900,?,9,0.36,99.0,E,8
02/17/2010,21:00,0.0,1399.839,0.0,1,8,0.0,1,8,0.0,1,8,0.0,1,8,0.0,1,8,0.0,1,8,-0.0,1,8,-9900,?,9,-9900,?,9,25.94,E,8,22.11,E,8,81.0,E,8,1008.6016999999999,E,8,999.0,E,8,0.98,E,8,-9900,?,9,-9900,?,9,0.023,E,8,-9900,?,9,-9900,?,9,0.23,99.0,E,8
02/17/2010,22:00,0.0,1399.839,0.0,1,8,0.0,1,8,0.0,1,8,0.0,1,8,0.0,1,8,0.0,1,8,-0.0,1,8,-9900,?,9,-9900,?,9,25.36,E,8,22.0,E,8,83.0,E,8,1008.6016999999999,E,8,999.0,E,8,0.94,E,8,-9900,?,9,-9900,?,9,0.065,E,8,-9900,?,9,-9900,?,9,0.65,99.0,E,8
02/17/2010,23:00,0.0,1399.839,0.0,1,8,0.0,1,8,0.0,1,8,0.0,1,8,0.0,1,8,0.0,1,8,-0.0,1,8,-9900,?,9,-9900,?,9,24.78,E,8,21.89,E,8,94.0,E,8,1008.6016999999999,E,8,999.0,E,8,0.94,E,8,-9900,?,9,-9900,?,9,0.925,E,8,-9900,?,9,-9900,?,9,9.25,99.0,E,8
02/17/2010,24:00,0.0,1399.839,0.0,1,8,0.0,1,8,0.0,1,8,0.0,1,8,0.0,1,8,0.0,1,8,-0.0,1,8,-9900,?,9,-9900,?,9,24.2,E,8,21.87,E,8,86.0,E,8,1008.6016999999999,E,8,999.0,E,8,1.34,E,8,-9900,?,9,-9900,?,9,0.023,E,8,-9900,?,9,-9900,?,9,0.23,99.0,E,8
02/18/2010,01:00,0.0,1399.839,0.0,1,8,0.0,1,8,0.0,1,8,0.0,1,8,0.0,1,8,0.0,1,8,-0.0,1,8,-9900,?,9,-9900,?,9,23.91,E,8,21.8,E,8,86.0,E,8,1008.6016999999999,E,8,999.0,E,8,1.34,E,8,-9900,?,9,-9900,?,9,0.038,E,8,-9900,?,9,-9900,?,9,0.38,99.0,E,8
02/18/2010,02:00,0.0,1399.839,0.0,1,8,0.0,1,8,0.0,1,8,0.0,1,8,0.0,1,8,0.0,1,8,-0.0,1,8,-9900,?,9,-9900,?,9,23.62,E,8,21.73,E,8,95.0,E,8,1008.6016999999999,E,8,999.0,E,8,1.34,E,8,-9900,?,9,-9900,?,9,2.5140000000000002,E,8,-9900,?,9,-9900,?,9,25.14,99.0,E,8
02/18/2010,03:00,0.0,1399.839,0.0,1,8,0.0,1,8,0.0,1,8,0.0,1,8,0.0,1,8,0.0,1,8,-0.0,1,8,-9900,?,9,-9900,?,9,23.33,E,8,21.65,E,8,92.0,E,8,1008.6016999999999,E,8,999.0,E,8,1.34,E,8,-9900,?,9,-9900,?,9,0.21000000000000002,E,8,-9900,?,9,-9900,?,9,2.1,99.0,E,8
02/18/2010,04:00,0.0,1399.239,0.0,1,8,0.0,1,8,0.0,1,8,0.0,1,8,0.0,1,8,0.0,1,8,-0.0,1,8,-9900,?,9,-9900,?,9,23.04,E,8,21.58,E,8,89.0,E,8,1008.6016999999999,E,8,999.0,E,8,1.34,E,8,-9900,?,9,-9900,?,9,0.087,E,8,-9900,?,9,-9900,?,9,0.87,99.0,E,8
02/18/2010,05:00,0.0,1399.239,0.0,1,8,0.0,1,8,0.0,1,8,0.0,1,8,0.0,1,8,0.0,1,8,-0.0,1,8,-9900,?,9,-9900,?,9,22.75,E,8,21.5,E,8,90.0,E,8,1008.6016999999999,E,8,999.0,E,8,1.34,E,8,-9900,?,9,-9900,?,9,0.004,E,8,-9900,?,9,-9900,?,9,0.04,99.0,E,8
02/18/2010,06:00,0.0,1399.239,0.0,1,8,0.0,1,8,0.0,1,8,0.0,1,8,0.0,1,8,0.0,1,8,-0.0,1,8,-9900,?,9,-9900,?,9,22.53,E,8,21.44,E,8,91.0,E,8,1008.6016999999999,E,8,999.0,E,8,1.34,E,8,-9900,?,9,-9900,?,9,0.064,E,8,-9900,?,9,-9900,?,9,0.64,99.0,E,8
02/18/2010,07:00,267.178,1399.239,26.71,1,8,0.0,1,8,26.71,1,8,3205.2,1,8,0.0,1,8,2938.1,1,8,44.859,1,8,-9900,?,9,-9900,?,9,22.33,E,8,21.39,E,8,91.0,E,8,1008.6016999999999,E,8,999.0,E,8,1.34,E,8,-9900,?,9,-9900,?,9,0.018,E,8,-9900,?,9,-9900,?,9,0.18,99.0,E,8
02/18/2010,08:00,588.426,1399.239,157.01,1,8,13.521,1,8,151.332,1,8,18841.2,1,8,1284.483,1,8,16646.491,1,8,114.702,1,8,-9900,?,9,-9900,?,9,22.14,E,8,21.34,E,8,92.0,E,8,1008.6016999999999,E,8,999.0,E,8,1.34,E,8,-9900,?,9,-9900,?,9,0.01,E,8,-9900,?,9,-9900,?,9,0.1,99.0,E,8
02/18/2010,09:00,877.409,1399.239,478.66,1,8,317.177,1,8,279.861,1,8,57439.2,1,8,30131.77,1,8,30784.697,1,8,142.128,1,8,-9900,?,9,-9900,?,9,26.03,E,8,22.33,E,8,77.0,E,8,1008.6016999999999,E,8,999.0,E,8,1.34,E,8,-9900,?,9,-9900,?,9,0.0,E,8,-9900,?,9,-9900,?,9,0.0,0.0,E,8
02/18/2010,10:00,1113.796,1399.239,620.64,1,8,320.952,1,8,365.205,1,8,74476.8,1,8,30490.462,1,8,40172.558,1,8,146.065,1,8,-9900,?,9,-9900,?,9,27.26,E,8,22.63,E,8,74.0,E,8,1008.6016999999999,E,8,999.0,E,8,1.34,E,8,-9900,?,9,-9900,?,9,0.0,E,8,-9900,?,9,-9900,?,9,0.0,0.0,E,8
02/18/2010,11:00,1281.342,1399.239,799.15,1,8,484.319,1,8,355.664,1,8,95898.0,1,8,46010.266,1,8,39123.049,1,8,123.635,1,8,-9900,?,9,-9900,?,9,28.42,E,8,22.91,E,8,71.0,E,8,1008.6016999999999,E,8,999.0,E,8,1.82,E,8,-9900,?,9,-9900,?,9,0.0,E,8,-9900,?,9,-9900,?,9,0.0,0.0,E,8
02/18/2010,12:00,1368.573,1399.239,749.81,1,8,288.586,1,8,467.553,1,8,89977.2,1,8,27415.634,1,8,51430.801,1,8,152.163,1,8,-9900,?,9,-9900,?,9,29.0,E,8,23.05,E,8,69.0,E,8,1008.6016999999999,E,8,999.0,E,8,2.62,E,8,-9900,?,9,-9900,?,9,0.0,E,8,-9900,?,9,-9900,?,9,0.0,0.0,E,8
02/18/2010,13:00,1369.512,1399.239,699.77,1,8,116.453,1,8,585.793,1,8,83972.4,1,8,11063.015,1,8,64437.196,1,8,190.513,1,8,-9900,?,9,-9900,?,9,29.28,E,8,23.12,E,8,73.0,E,8,1008.6016999999999,E,8,999.0,E,8,3.33,E,8,-9900,?,9,-9900,?,9,0.001,E,8,-9900,?,9,-9900,?,9,0.01,99.0,E,8
02/18/2010,14:00,1284.077,1399.239,639.28,1,8,183.055,1,8,471.3,1,8,76713.6,1,8,17390.227,1,8,51843.021,1,8,163.483,1,8,-9900,?,9,-9900,?,9,29.38,E,8,23.14,E,8,72.0,E,8,1008.6016999999999,E,8,999.0,E,8,3.8,E,8,-9900,?,9,-9900,?,9,0.049,E,8,-9900,?,9,-9900,?,9,0.49,99.0,E,8
02/18/2010,15:00,1118.087,1399.239,700.59,1,8,486.98,1,8,311.524,1,8,84070.8,1,8,46263.114,1,8,34267.685,1,8,124.117,1,8,-9900,?,9,-9900,?,9,29.55,E,8,23.18,E,8,68.0,E,8,1008.6016999999999,E,8,999.0,E,8,3.99,E,8,-9900,?,9,-9900,?,9,0.0,E,8,-9900,?,9,-9900,?,9,0.0,0.0,E,8
02/18/2010,16:00,882.877,1399.239,461.97,1,8,269.833,1,8,291.789,1,8,55436.4,1,8,25634.118,1,8,32096.824,1,8,147.267,1,8,-9900,?,9,-9900,?,9,29.21,E,8,23.1,E,8,69.0,E,8,1008.6016999999999,E,8,999.0,E,8,4.34,E,8,-9900,?,9,-9900,?,9,0.0,E,8,-9900,?,9,-9900,?,9,0.0,0.0,E,8
02/18/2010,17:00,594.577,1399.239,350.61,1,8,471.486,1,8,150.527,1,8,42073.2,1,8,44791.208,1,8,16557.942,1,8,112.907,1,8,-9900,?,9,-9900,?,9,28.72,E,8,22.99,E,8,74.0,E,8,1008.6016999999999,E,8,999.0,E,8,3.12,E,8,-9900,?,9,-9900,?,9,0.001,E,8,-9900,?,9,-9900,?,9,0.01,99.0,E,8
02/18/2010,18:00,273.422,1399.239,176.02,1,8,419.768,1,8,94.576,1,8,21122.4,1,8,39877.931,1,8,10403.323,1,8,155.159,1,8,-9900,?,9,-9900,?,9,27.98,E,8,22.81,E,8,76.0,E,8,1008.6016999999999,E,8,999.0,E,8,2.27,E,8,-9900,?,9,-9900,?,9,0.028999999999999998,E,8,-9900,?,9,-9900,?,9,0.29,99.0,E,8
02/18/2010,19:00,0.0,1399.239,11.38,1,8,0.0,1,8,0.0,1,8,1365.6,1,8,0.0,1,8,0.0,1,8,-0.0,1,8,-9900,?,9,-9900,?,9,27.32,E,8,22.65,E,8,77.0,E,8,1008.6016999999999,E,8,999.0,E,8,1.63,E,8,-9900,?,9,-9900,?,9,0.014000000000000002,E,8,-9900,?,9,-9900,?,9,0.14,99.0,E,8
02/18/2010,20:00,0.0,1399.239,0.0,1,8,0.0,1,8,0.0,1,8,0.0,1,8,0.0,1,8,0.0,1,8,-0.0,1,8,-9900,?,9,-9900,?,9,26.65,E,8,22.48,E,8,79.0,E,8,1008.6016999999999,E,8,999.0,E,8,1.34,E,8,-9900,?,9,-9900,?,9,0.005,E,8,-9900,?,9,-9900,?,9,0.05,99.0,E,8
02/18/2010,21:00,0.0,1399.239,0.0,1,8,0.0,1,8,0.0,1,8,0.0,1,8,0.0,1,8,0.0,1,8,-0.0,1,8,-9900,?,9,-9900,?,9,25.99,E,8,22.32,E,8,84.0,E,8,1008.6016999999999,E,8,999.0,E,8,1.34,E,8,-9900,?,9,-9900,?,9,0.124,E,8,-9900,?,9,-9900,?,9,1.24,99.0,E,8
02/18/2010,22:00,0.0,1399.239,0.0,1,8,0.0,1,8,0.0,1,8,0.0,1,8,0.0,1,8,0.0,1,8,-0.0,1,8,-9900,?,9,-9900,?,9,25.32,E,8,22.16,E,8,82.0,E,8,1008.6016999999999,E,8,999.0,E,8,1.34,E,8,-9900,?,9,-9900,?,9,0.008,E,8,-9900,?,9,-9900,?,9,0.08,99.0,E,8
02/18/2010,23:00,0.0,1399.239,0.0,1,8,0.0,1,8,0.0,1,8,0.0,1,8,0.0,1,8,0.0,1,8,-0.0,1,8,-9900,?,9,-9900,?,9,24.66,E,8,21.99,E,8,84.0,E,8,1008.6016999999999,E,8,999.0,E,8,1.34,E,8,-9900,?,9,-9900,?,9,0.002,E,8,-9900,?,9,-9900,?,9,0.02,99.0,E,8
02/18/2010,24:00,0.0,1399.239,0.0,1,8,0.0,1,8,0.0,1,8,0.0,1,8,0.0,1,8,0.0,1,8,-0.0,1,8,-9900,?,9,-9900,?,9,23.99,E,8,20.89,E,8,82.0,E,8,1008.6016999999999,E,8,999.0,E,8,1.69,E,8,-9900,?,9,-9900,?,9,0.041999999999999996,E,8,-9900,?,9,-9900,?,9,0.42,99.0,E,8
02/19/2010,01:00,0.0,1399.239,0.0,1,8,0.0,1,8,0.0,1,8,0.0,1,8,0.0,1,8,0.0,1,8,-0.0,1,8,-9900,?,9,-9900,?,9,23.66,E,8,20.92,E,8,94.0,E,8,1008.6016999999999,E,8,999.0,E,8,1.69,E,8,-9900,?,9,-9900,?,9,4.566,E,8,-9900,?,9,-9900,?,9,45.66,99.0,E,8
02/19/2010,02:00,0.0,1399.239,0.0,1,8,0.0,1,8,0.0,1,8,0.0,1,8,0.0,1,8,0.0,1,8,-0.0,1,8,-9900,?,9,-9900,?,9,23.33,E,8,20.96,E,8,91.0,E,8,1008.6016999999999,E,8,999.0,E,8,1.69,E,8,-9900,?,9,-9900,?,9,0.43099999999999994,E,8,-9900,?,9,-9900,?,9,4.31,99.0,E,8
02/19/2010,03:00,0.0,1399.239,0.0,1,8,0.0,1,8,0.0,1,8,0.0,1,8,0.0,1,8,0.0,1,8,-0.0,1,8,-9900,?,9,-9900,?,9,23.0,E,8,20.99,E,8,92.0,E,8,1008.6016999999999,E,8,999.0,E,8,1.69,E,8,-9900,?,9,-9900,?,9,0.193,E,8,-9900,?,9,-9900,?,9,1.93,99.0,E,8
02/19/2010,04:00,0.0,1398.629,0.0,1,8,0.0,1,8,0.0,1,8,0.0,1,8,0.0,1,8,0.0,1,8,-0.0,1,8,-9900,?,9,-9900,?,9,22.66,E,8,21.02,E,8,94.0,E,8,1008.6016999999999,E,8,999.0,E,8,1.69,E,8,-9900,?,9,-9900,?,9,0.266,E,8,-9900,?,9,-9900,?,9,2.66,99.0,E,8
02/19/2010,05:00,0.0,1398.629,0.0,1,8,0.0,1,8,0.0,1,8,0.0,1,8,0.0,1,8,0.0,1,8,-0.0,1,8,-9900,?,9,-9900,?,9,22.33,E,8,21.05,E,8,96.0,E,8,1008.6016999999999,E,8,999.0,E,8,1.69,E,8,-9900,?,9,-9900,?,9,0.11699999999999999,E,8,-9900,?,9,-9900,?,9,1.17,99.0,E,8
02/19/2010,06:00,0.0,1398.629,0.0,1,8,0.0,1,8,0.0,1,8,0.0,1,8,0.0,1,8,0.0,1,8,-0.0,1,8,-9900,?,9,-9900,?,9,22.07,E,8,21.08,E,8,93.0,E,8,1008.6016999999999,E,8,999.0,E,8,1.69,E,8,-9900,?,9,-9900,?,9,0.063,E,8,-9900,?,9,-9900,?,9,0.63,99.0,E,8
02/19/2010,07:00,264.704,1398.629,4.36,1,8,0.0,1,8,4.36,1,8,523.2,1,8,0.0,1,8,479.6,1,8,7.389,1,8,-9900,?,9,-9900,?,9,21.85,E,8,21.1,E,8,94.0,E,8,1008.6016999999999,E,8,999.0,E,8,1.69,E,8,-9900,?,9,-9900,?,9,0.028000000000000004,E,8,-9900,?,9,-9900,?,9,0.28,99.0,E,8
02/19/2010,08:00,586.173,1398.629,79.86,1,8,0.0,1,8,79.86,1,8,9583.2,1,8,0.0,1,8,8784.6,1,8,60.737,1,8,-9900,?,9,-9900,?,9,21.64,E,8,21.12,E,8,96.0,E,8,1008.6016999999999,E,8,999.0,E,8,1.69,E,8,-9900,?,9,-9900,?,9,0.052000000000000005,E,8,-9900,?,9,-9900,?,9,0.52,99.0,E,8
02/19/2010,09:00,875.329,1398.629,165.12,1,8,0.0,1,8,165.12,1,8,19814.4,1,8,0.0,1,8,18163.2,1,8,84.019,1,8,-9900,?,9,-9900,?,9,24.21,E,8,20.87,E,8,81.0,E,8,1008.6016999999999,E,8,999.0,E,8,1.69,E,8,-9900,?,9,-9900,?,9,0.094,E,8,-9900,?,9,-9900,?,9,0.94,99.0,E,8
02/19/2010,10:00,1111.821,1398.629,253.58,1,8,3.473,1,8,250.82,1,8,30429.6,1,8,329.909,1,8,27590.186,1,8,100.451,1,8,-9900,?,9,-9900,?,9,25.13,E,8,20.78,E,8,76.0,E,8,1008.6016999999999,E,8,999.0,E,8,1.69,E,8,-9900,?,9,-9900,?,9,0.034999999999999996,E,8,-9900,?,9,-9900,?,9,0.35,99.0,E,8
02/19/2010,11:00,1279.393,1398.629,317.33,1,8,18.047,1,8,300.823,1,8,38079.6,1,8,1714.451,1,8,33090.488,1,8,104.685,1,8,-9900,?,9,-9900,?,9,25.92,E,8,20.7,E,8,77.0,E,8,1008.6016999999999,E,8,999.0,E,8,1.69,E,8,-9900,?,9,-9900,?,9,0.148,E,8,-9900,?,9,-9900,?,9,1.48,99.0,E,8
02/19/2010,12:00,1366.571,1398.629,357.72,1,8,20.847,1,8,337.351,1,8,42926.4,1,8,1980.477,1,8,37108.61,1,8,109.903,1,8,-9900,?,9,-9900,?,9,26.57,E,8,20.64,E,8,69.0,E,8,1008.6016999999999,E,8,999.0,E,8,1.69,E,8,-9900,?,9,-9900,?,9,0.008,E,8,-9900,?,9,-9900,?,9,0.08,99.0,E,8
02/19/2010,13:00,1367.379,1398.629,371.7,1,8,22.338,1,8,349.862,1,8,44604.0,1,8,2122.098,1,8,38484.767,1,8,113.911,1,8,-9900,?,9,-9900,?,9,27.05,E,8,20.59,E,8,67.0,E,8,1008.6016999999999,E,8,999.0,E,8,1.78,E,8,-9900,?,9,-9900,?,9,0.011,E,8,-9900,?,9,-9900,?,9,0.11,99.0,E,8
02/19/2010,14:00,1281.746,1398.629,358.22,1,8,23.215,1,8,336.947,1,8,42986.4,1,8,2205.393,1,8,37064.122,1,8,117.04,1,8,-9900,?,9,-9900,?,9,27.35,E,8,20.56,E,8,66.0,E,8,1008.6016999999999,E,8,999.0,E,8,2.44,E,8,-9900,?,9,-9900,?,9,0.004,E,8,-9900,?,9,-9900,?,9,0.04,99.0,E,8
02/19/2010,15:00,1115.505,1398.629,318.29,1,8,23.973,1,8,299.173,1,8,38194.8,1,8,2277.471,1,8,32909.004,1,8,119.42,1,8,-9900,?,9,-9900,?,9,27.47,E,8,20.54,E,8,65.0,E,8,1008.6016999999999,E,8,999.0,E,8,1.8,E,8,-9900,?,9,-9900,?,9,0.006,E,8,-9900,?,9,-9900,?,9,0.06,99.0,E,8
02/19/2010,16:00,880.006,1398.629,254.9,1,8,12.569,1,8,246.995,1,8,30588.0,1,8,1194.098,1,8,27169.443,1,8,125.011,1,8,-9900,?,9,-9900,?,9,27.38,E,8,20.55,E,8,66.0,E,8,1008.6016999999999,E,8,999.0,E,8,1.69,E,8,-9900,?,9,-9900,?,9,0.023,E,8,-9900,?,9,-9900,?,9,0.23,99.0,E,8
02/19/2010,17:00,591.405,1398.629,173.14,1,8,27.392,1,8,161.573,1,8,20776.8,1,8,2602.251,1,8,17773.013,1,8,121.792,1,8,-9900,?,9,-9900,?,9,27.02,E,8,20.59,E,8,67.0,E,8,1008.6016999999999,E,8,999.0,E,8,2.02,E,8,-9900,?,9,-9900,?,9,0.077,E,8,-9900,?,9,-9900,?,9,0.77,99.0,E,8
02/19/2010,18:00,269.968,1398.629,81.38,1,8,44.576,1,8,72.838,1,8,9765.6,1,8,4234.697,1,8,8012.22,1,8,120.995,1,8,-9900,?,9,-9900,?,9,26.42,E,8,20.65,E,8,70.0,E,8,1008.6016999999999,E,8,999.0,E,8,1.69,E,8,-9900,?,9,-9900,?,9,0.014000000000000002,E,8,-9900,?,9,-9900,?,9,0.14,99.0,E,8
02/19/2010,19:00,0.0,1398.629,4.93,1,8,0.0,1,8,0.0,1,8,591.6,1,8,0.0,1,8,0.0,1,8,-0.0,1,8,-9900,?,9,-9900,?,9,25.94,E,8,20.7,E,8,72.0,E,8,1008.6016999999999,E,8,999.0,E,8,2.16,E,8,-9900,?,9,-9900,?,9,0.002,E,8,-9900,?,9,-9900,?,9,0.02,99.0,E,8
02/19/2010,20:00,0.0,1398.629,0.0,1,8,0.0,1,8,0.0,1,8,0.0,1,8,0.0,1,8,0.0,1,8,-0.0,1,8,-9900,?,9,-9900,?,9,25.46,E,8,20.75,E,8,75.0,E,8,1008.6016999999999,E,8,999.0,E,8,2.77,E,8,-9900,?,9,-9900,?,9,0.001,E,8,-9900,?,9,-9900,?,9,0.01,99.0,E,8
02/19/2010,21:00,0.0,1398.629,0.0,1,8,0.0,1,8,0.0,1,8,0.0,1,8,0.0,1,8,0.0,1,8,-0.0,1,8,-9900,?,9,-9900,?,9,24.98,E,8,20.79,E,8,72.0,E,8,1008.6016999999999,E,8,999.0,E,8,3.26,E,8,-9900,?,9,-9900,?,9,0.0,E,8,-9900,?,9,-9900,?,9,0.0,0.0,E,8
02/19/2010,22:00,0.0,1398.629,0.0,1,8,0.0,1,8,0.0,1,8,0.0,1,8,0.0,1,8,0.0,1,8,-0.0,1,8,-9900,?,9,-9900,?,9,24.5,E,8,20.84,E,8,79.0,E,8,1008.6016999999999,E,8,999.0,E,8,2.94,E,8,-9900,?,9,-9900,?,9,0.003,E,8,-9900,?,9,-9900,?,9,0.03,99.0,E,8
02/19/2010,23:00,0.0,1398.629,0.0,1,8,0.0,1,8,0.0,1,8,0.0,1,8,0.0,1,8,0.0,1,8,-0.0,1,8,-9900,?,9,-9900,?,9,24.01,E,8,20.89,E,8,82.0,E,8,1008.6016999999999,E,8,999.0,E,8,2.48,E,8,-9900,?,9,-9900,?,9,0.018,E,8,-9900,?,9,-9900,?,9,0.18,99.0,E,8
02/19/2010,24:00,0.0,1398.629,0.0,1,8,0.0,1,8,0.0,1,8,0.0,1,8,0.0,1,8,0.0,1,8,-0.0,1,8,-9900,?,9,-9900,?,9,23.53,E,8,21.18,E,8,88.0,E,8,1008.6016999999999,E,8,999.0,E,8,1.42,E,8,-9900,?,9,-9900,?,9,0.005,E,8,-9900,?,9,-9900,?,9,0.05,99.0,E,8
02/20/2010,01:00,0.0,1398.629,0.0,1,8,0.0,1,8,0.0,1,8,0.0,1,8,0.0,1,8,0.0,1,8,-0.0,1,8,-9900,?,9,-9900,?,9,23.29,E,8,21.16,E,8,89.0,E,8,1008.6016999999999,E,8,999.0,E,8,1.42,E,8,-9900,?,9,-9900,?,9,0.017,E,8,-9900,?,9,-9900,?,9,0.17,99.0,E,8
02/20/2010,02:00,0.0,1398.629,0.0,1,8,0.0,1,8,0.0,1,8,0.0,1,8,0.0,1,8,0.0,1,8,-0.0,1,8,-9900,?,9,-9900,?,9,23.05,E,8,21.14,E,8,90.0,E,8,1008.6016999999999,E,8,999.0,E,8,1.42,E,8,-9900,?,9,-9900,?,9,0.006,E,8,-9900,?,9,-9900,?,9,0.06,99.0,E,8
02/20/2010,03:00,0.0,1398.629,0.0,1,8,0.0,1,8,0.0,1,8,0.0,1,8,0.0,1,8,0.0,1,8,-0.0,1,8,-9900,?,9,-9900,?,9,22.81,E,8,21.12,E,8,91.0,E,8,1008.6016999999999,E,8,999.0,E,8,1.42,E,8,-9900,?,9,-9900,?,9,0.043,E,8,-9900,?,9,-9900,?,9,0.43,99.0,E,8
02/20/2010,04:00,0.0,1398.009,0.0,1,8,0.0,1,8,0.0,1,8,0.0,1,8,0.0,1,8,0.0,1,8,-0.0,1,8,-9900,?,9,-9900,?,9,22.57,E,8,21.1,E,8,92.0,E,8,1008.6016999999999,E,8,999.0,E,8,1.42,E,8,-9900,?,9,-9900,?,9,0.01,E,8,-9900,?,9,-9900,?,9,0.1,99.0,E,8
02/20/2010,05:00,0.0,1398.009,0.0,1,8,0.0,1,8,0.0,1,8,0.0,1,8,0.0,1,8,0.0,1,8,-0.0,1,8,-9900,?,9,-9900,?,9,22.33,E,8,21.08,E,8,93.0,E,8,1008.6016999999999,E,8,999.0,E,8,1.42,E,8,-9900,?,9,-9900,?,9,0.004,E,8,-9900,?,9,-9900,?,9,0.04,99.0,E,8
02/20/2010,06:00,0.0,1398.009,0.0,1,8,0.0,1,8,0.0,1,8,0.0,1,8,0.0,1,8,0.0,1,8,-0.0,1,8,-9900,?,9,-9900,?,9,22.14,E,8,21.07,E,8,93.0,E,8,1008.6016999999999,E,8,999.0,E,8,1.42,E,8,-9900,?,9,-9900,?,9,0.001,E,8,-9900,?,9,-9900,?,9,0.01,99.0,E,8
02/20/2010,07:00,262.26,1398.009,5.55,1,8,0.0,1,8,5.55,1,8,666.0,1,8,0.0,1,8,610.5,1,8,9.49,1,8,-9900,?,9,-9900,?,9,21.98,E,8,21.05,E,8,94.0,E,8,1008.6016999999999,E,8,999.0,E,8,1.42,E,8,-9900,?,9,-9900,?,9,0.001,E,8,-9900,?,9,-9900,?,9,0.01,99.0,E,8
02/20/2010,08:00,583.935,1398.009,106.99,1,8,0.0,1,8,106.99,1,8,12838.8,1,8,0.0,1,8,11768.9,1,8,81.647,1,8,-9900,?,9,-9900,?,9,21.83,E,8,21.04,E,8,95.0,E,8,1008.6016999999999,E,8,999.0,E,8,1.42,E,8,-9900,?,9,-9900,?,9,0.003,E,8,-9900,?,9,-9900,?,9,0.03,99.0,E,8
02/20/2010,09:00,873.246,1398.009,230.74,1,8,12.278,1,8,223.074,1,8,27688.8,1,8,1166.405,1,8,24538.17,1,8,113.729,1,8,-9900,?,9,-9900,?,9,24.48,E,8,21.26,E,8,80.0,E,8,1008.6016999999999,E,8,999.0,E,8,1.5,E,8,-9900,?,9,-9900,?,9,0.0,E,8,-9900,?,9,-9900,?,9,0.0,0.0,E,8
02/20/2010,10:00,1109.821,1398.009,341.31,1,8,22.868,1,8,323.159,1,8,40957.2,1,8,2172.492,1,8,35547.48,1,8,129.598,1,8,-9900,?,9,-9900,?,9,25.39,E,8,21.34,E,8,76.0,E,8,1008.6016999999999,E,8,999.0,E,8,2.19,E,8,-9900,?,9,-9900,?,9,0.0,E,8,-9900,?,9,-9900,?,9,0.0,0.0,E,8
02/20/2010,11:00,1277.399,1398.009,427.29,1,8,40.122,1,8,390.632,1,8,51274.8,1,8,3811.544,1,8,42969.518,1,8,136.09,1,8,-9900,?,9,-9900,?,9,26.18,E,8,21.4,E,8,74.0,E,8,1008.6016999999999,E,8,999.0,E,8,2.98,E,8,-9900,?,9,-9900,?,9,0.0,E,8,-9900,?,9,-9900,?,9,0.0,0.0,E,8
02/20/2010,12:00,1364.503,1398.009,481.73,1,8,45.755,1,8,437.072,1,8,57807.6,1,8,4346.719,1,8,48077.954,1,8,142.543,1,8,-9900,?,9,-9900,?,9,26.83,E,8,21.46,E,8,71.0,E,8,1008.6016999999999,E,8,999.0,E,8,2.84,E,8,-9900,?,9,-9900,?,9,0.0,E,8,-9900,?,9,-9900,?,9,0.0,0.0,E,8
02/20/2010,13:00,1365.164,1398.009,500.52,1,8,52.353,1,8,449.398,1,8,60062.4,1,8,4973.539,1,8,49433.742,1,8,146.491,1,8,-9900,?,9,-9900,?,9,27.31,E,8,21.5,E,8,70.0,E,8,1008.6016999999999,E,8,999.0,E,8,3.01,E,8,-9900,?,9,-9900,?,9,0.0,E,8,-9900,?,9,-9900,?,9,0.0,0.0,E,8
02/20/2010,14:00,1279.32,1398.009,482.28,1,8,61.044,1,8,426.422,1,8,57873.6,1,8,5799.19,1,8,46906.378,1,8,148.335,1,8,-9900,?,9,-9900,?,9,27.61,E,8,21.52,E,8,69.0,E,8,1008.6016999999999,E,8,999.0,E,8,2.84,E,8,-9900,?,9,-9900,?,9,0.0,E,8,-9900,?,9,-9900,?,9,0.0,0.0,E,8
02/20/2010,15:00,1112.819,1398.009,428.34,1,8,54.59,1,8,384.894,1,8,51400.8,1,8,5186.004,1,8,42338.338,1,8,153.94,1,8,-9900,?,9,-9900,?,9,27.73,E,8,21.53,E,8,69.0,E,8,1008.6016999999999,E,8,999.0,E,8,3.28,E,8,-9900,?,9,-9900,?,9,0.0,E,8,-9900,?,9,-9900,?,9,0.0,0.0,E,8
02/20/2010,16:00,877.03,1398.009,342.75,1,8,56.849,1,8,307.102,1,8,41130.0,1,8,5400.68,1,8,33781.24,1,8,155.892,1,8,-9900,?,9,-9900,?,9,27.63,E,8,21.52,E,8,69.0,E,8,1008.6016999999999,E,8,999.0,E,8,3.17,E,8,-9900,?,9,-9900,?,9,0.0,E,8,-9900,?,9,-9900,?,9,0.0,0.0,E,8
02/20/2010,17:00,588.129,1398.009,232.4,1,8,116.147,1,8,183.604,1,8,27888.0,1,8,11033.961,1,8,20196.476,1,8,139.11,1,8,-9900,?,9,-9900,?,9,27.26,E,8,21.49,E,8,74.0,E,8,1008.6016999999999,E,8,999.0,E,8,2.97,E,8,-9900,?,9,-9900,?,9,0.002,E,8,-9900,?,9,-9900,?,9,0.02,99.0,E,8
02/20/2010,18:00,266.418,1398.009,108.61,1,8,241.212,1,8,62.985,1,8,13033.2,1,8,22915.103,1,8,6928.361,1,8,105.995,1,8,-9900,?,9,-9900,?,9,26.65,E,8,21.44,E,8,76.0,E,8,1008.6016999999999,E,8,999.0,E,8,2.28,E,8,-9900,?,9,-9900,?,9,0.03,E,8,-9900,?,9,-9900,?,9,0.3,99.0,E,8
02/20/2010,19:00,0.0,1398.009,6.12,1,8,0.0,1,8,0.0,1,8,734.4,1,8,0.0,1,8,0.0,1,8,-0.0,1,8,-9900,?,9,-9900,?,9,26.16,E,8,21.4,E,8,78.0,E,8,1008.6016999999999,E,8,999.0,E,8,1.42,E,8,-9900,?,9,-9900,?,9,0.008,E,8,-9900,?,9,-9900,?,9,0.08,99.0,E,8
02/20/2010,20:00,0.0,1398.009,0.0,1,8,0.0,1,8,0.0,1,8,0.0,1,8,0.0,1,8,0.0,1,8,-0.0,1,8,-9900,?,9,-9900,?,9,25.68,E,8,21.36,E,8,80.0,E,8,1008.6016999999999,E,8,999.0,E,8,1.42,E,8,-9900,?,9,-9900,?,9,0.022,E,8,-9900,?,9,-9900,?,9,0.22,99.0,E,8
02/20/2010,21:00,0.0,1398.009,0.0,1,8,0.0,1,8,0.0,1,8,0.0,1,8,0.0,1,8,0.0,1,8,-0.0,1,8,-9900,?,9,-9900,?,9,25.19,E,8,21.32,E,8,90.0,E,8,1008.6016999999999,E,8,999.0,E,8,1.42,E,8,-9900,?,9,-9900,?,9,0.8640000000000001,E,8,-9900,?,9,-9900,?,9,8.64,99.0,E,8
02/20/2010,22:00,0.0,1398.009,0.0,1,8,0.0,1,8,0.0,1,8,0.0,1,8,0.0,1,8,0.0,1,8,-0.0,1,8,-9900,?,9,-9900,?,9,24.7,E,8,21.28,E,8,83.0,E,8,1008.6016999999999,E,8,999.0,E,8,1.42,E,8,-9900,?,9,-9900,?,9,0.072,E,8,-9900,?,9,-9900,?,9,0.72,99.0,E,8
02/20/2010,23:00,0.0,1398.009,0.0,1,8,0.0,1,8,0.0,1,8,0.0,1,8,0.0,1,8,0.0,1,8,-0.0,1,8,-9900,?,9,-9900,?,9,24.22,E,8,21.24,E,8,85.0,E,8,1008.6016999999999,E,8,999.0,E,8,1.42,E,8,-9900,?,9,-9900,?,9,0.013000000000000001,E,8,-9900,?,9,-9900,?,9,0.13,99.0,E,8
02/20/2010,24:00,0.0,1398.009,0.0,1,8,0.0,1,8,0.0,1,8,0.0,1,8,0.0,1,8,0.0,1,8,-0.0,1,8,-9900,?,9,-9900,?,9,23.73,E,8,21.28,E,8,87.0,E,8,1008.6016999999999,E,8,999.0,E,8,1.85,E,8,-9900,?,9,-9900,?,9,0.262,E,8,-9900,?,9,-9900,?,9,2.62,99.0,E,8
02/21/2010,01:00,0.0,1398.009,0.0,1,8,0.0,1,8,0.0,1,8,0.0,1,8,0.0,1,8,0.0,1,8,-0.0,1,8,-9900,?,9,-9900,?,9,23.49,E,8,21.29,E,8,84.0,E,8,1008.6016999999999,E,8,999.0,E,8,1.85,E,8,-9900,?,9,-9900,?,9,0.045,E,8,-9900,?,9,-9900,?,9,0.45,99.0,E,8
02/21/2010,02:00,0.0,1398.009,0.0,1,8,0.0,1,8,0.0,1,8,0.0,1,8,0.0,1,8,0.0,1,8,-0.0,1,8,-9900,?,9,-9900,?,9,23.24,E,8,21.31,E,8,85.0,E,8,1008.6016999999999,E,8,999.0,E,8,1.85,E,8,-9900,?,9,-9900,?,9,0.02,E,8,-9900,?,9,-9900,?,9,0.2,99.0,E,8
02/21/2010,03:00,0.0,1398.009,0.0,1,8,0.0,1,8,0.0,1,8,0.0,1,8,0.0,1,8,0.0,1,8,-0.0,1,8,-9900,?,9,-9900,?,9,23.0,E,8,21.32,E,8,86.0,E,8,1008.6016999999999,E,8,999.0,E,8,1.85,E,8,-9900,?,9,-9900,?,9,0.024,E,8,-9900,?,9,-9900,?,9,0.24,99.0,E,8
02/21/2010,04:00,0.0,1397.379,0.0,1,8,0.0,1,8,0.0,1,8,0.0,1,8,0.0,1,8,0.0,1,8,-0.0,1,8,-9900,?,9,-9900,?,9,22.76,E,8,21.33,E,8,87.0,E,8,1008.6016999999999,E,8,999.0,E,8,1.85,E,8,-9900,?,9,-9900,?,9,0.01,E,8,-9900,?,9,-9900,?,9,0.1,99.0,E,8
02/21/2010,05:00,0.0,1397.379,0.0,1,8,0.0,1,8,0.0,1,8,0.0,1,8,0.0,1,8,0.0,1,8,-0.0,1,8,-9900,?,9,-9900,?,9,22.51,E,8,21.34,E,8,91.0,E,8,1008.6016999999999,E,8,999.0,E,8,1.85,E,8,-9900,?,9,-9900,?,9,0.11499999999999999,E,8,-9900,?,9,-9900,?,9,1.15,99.0,E,8
02/21/2010,06:00,0.0,1397.379,0.0,1,8,0.0,1,8,0.0,1,8,0.0,1,8,0.0,1,8,0.0,1,8,-0.0,1,8,-9900,?,9,-9900,?,9,22.33,E,8,21.35,E,8,96.0,E,8,1008.6016999999999,E,8,999.0,E,8,1.85,E,8,-9900,?,9,-9900,?,9,2.834,E,8,-9900,?,9,-9900,?,9,28.34,99.0,E,8
02/21/2010,07:00,259.847,1397.379,6.2,1,8,0.0,1,8,6.2,1,8,744.0,1,8,0.0,1,8,682.0,1,8,10.697,1,8,-9900,?,9,-9900,?,9,22.16,E,8,21.36,E,8,89.0,E,8,1008.6016999999999,E,8,999.0,E,8,1.85,E,8,-9900,?,9,-9900,?,9,0.036,E,8,-9900,?,9,-9900,?,9,0.36,99.0,E,8
02/21/2010,08:00,581.711,1397.379,125.85,1,8,0.0,1,8,125.85,1,8,15102.0,1,8,0.0,1,8,13843.5,1,8,96.364,1,8,-9900,?,9,-9900,?,9,22.0,E,8,21.36,E,8,94.0,E,8,1008.6016999999999,E,8,999.0,E,8,1.85,E,8,-9900,?,9,-9900,?,9,0.161,E,8,-9900,?,9,-9900,?,9,1.61,99.0,E,8
02/21/2010,09:00,871.158,1397.379,272.43,1,8,25.836,1,8,256.33,1,8,32691.6,1,8,2454.457,1,8,28196.348,1,8,130.939,1,8,-9900,?,9,-9900,?,9,24.52,E,8,21.24,E,8,80.0,E,8,1008.6016999999999,E,8,999.0,E,8,1.85,E,8,-9900,?,9,-9900,?,9,0.001,E,8,-9900,?,9,-9900,?,9,0.01,99.0,E,8
02/21/2010,10:00,1107.796,1397.379,245.2,1,8,7.219,1,8,239.478,1,8,29424.0,1,8,685.765,1,8,26342.618,1,8,96.171,1,8,-9900,?,9,-9900,?,9,24.72,E,8,21.23,E,8,80.0,E,8,1008.6016999999999,E,8,999.0,E,8,1.85,E,8,-9900,?,9,-9900,?,9,0.004,E,8,-9900,?,9,-9900,?,9,0.04,99.0,E,8
02/21/2010,11:00,1275.359,1397.379,505.21,1,8,61.866,1,8,448.75,1,8,60625.2,1,8,5877.262,1,8,49362.456,1,8,156.517,1,8,-9900,?,9,-9900,?,9,25.64,E,8,21.19,E,8,77.0,E,8,1008.6016999999999,E,8,999.0,E,8,1.85,E,8,-9900,?,9,-9900,?,9,0.05500000000000001,E,8,-9900,?,9,-9900,?,9,0.55,99.0,E,8
02/21/2010,12:00,1362.37,1397.379,569.63,1,8,51.988,1,8,518.946,1,8,68355.6,1,8,4938.826,1,8,57084.017,1,8,169.433,1,8,-9900,?,9,-9900,?,9,26.35,E,8,21.16,E,8,71.0,E,8,1008.6016999999999,E,8,999.0,E,8,1.85,E,8,-9900,?,9,-9900,?,9,0.0,E,8,-9900,?,9,-9900,?,9,0.0,0.0,E,8
02/21/2010,13:00,1362.867,1397.379,591.82,1,8,60.477,1,8,532.838,1,8,71018.4,1,8,5745.272,1,8,58612.177,1,8,173.905,1,8,-9900,?,9,-9900,?,9,26.88,E,8,21.13,E,8,69.0,E,8,1008.6016999999999,E,8,999.0,E,8,1.95,E,8,-9900,?,9,-9900,?,9,0.0,E,8,-9900,?,9,-9900,?,9,0.0,0.0,E,8
02/21/2010,14:00,1276.8,1397.379,570.12,1,8,71.728,1,8,504.585,1,8,68414.4,1,8,6814.155,1,8,55504.379,1,8,175.793,1,8,-9900,?,9,-9900,?,9,27.21,E,8,21.11,E,8,68.0,E,8,1008.6016999999999,E,8,999.0,E,8,2.16,E,8,-9900,?,9,-9900,?,9,0.0,E,8,-9900,?,9,-9900,?,9,0.0,0.0,E,8
02/21/2010,15:00,1110.03,1397.379,506.14,1,8,107.266,1,8,420.946,1,8,60736.8,1,8,10190.271,1,8,46304.087,1,8,168.706,1,8,-9900,?,9,-9900,?,9,27.36,E,8,21.11,E,8,71.0,E,8,1008.6016999999999,E,8,999.0,E,8,2.56,E,8,-9900,?,9,-9900,?,9,0.003,E,8,-9900,?,9,-9900,?,9,0.03,99.0,E,8
02/21/2010,16:00,873.947,1397.379,404.66,1,8,113.577,1,8,333.659,1,8,48559.2,1,8,10789.837,1,8,36702.501,1,8,169.895,1,8,-9900,?,9,-9900,?,9,27.32,E,8,21.11,E,8,71.0,E,8,1008.6016999999999,E,8,999.0,E,8,2.39,E,8,-9900,?,9,-9900,?,9,0.06899999999999999,E,8,-9900,?,9,-9900,?,9,0.69,99.0,E,8
02/21/2010,17:00,584.75,1397.379,273.88,1,8,228.538,1,8,178.377,1,8,32865.6,1,8,21711.111,1,8,19621.461,1,8,135.872,1,8,-9900,?,9,-9900,?,9,27.0,E,8,21.12,E,8,72.0,E,8,1008.6016999999999,E,8,999.0,E,8,2.72,E,8,-9900,?,9,-9900,?,9,0.008,E,8,-9900,?,9,-9900,?,9,0.08,99.0,E,8
02/21/2010,18:00,262.774,1397.379,127.23,1,8,399.576,1,8,52.666,1,8,15267.6,1,8,37959.726,1,8,5793.238,1,8,89.835,1,8,-9900,?,9,-9900,?,9,26.45,E,8,21.15,E,8,74.0,E,8,1008.6016999999999,E,8,999.0,E,8,1.85,E,8,-9900,?,9,-9900,?,9,0.002,E,8,-9900,?,9,-9900,?,9,0.02,99.0,E,8
02/21/2010,19:00,0.0,1397.379,6.65,1,8,0.0,1,8,0.0,1,8,798.0,1,8,0.0,1,8,0.0,1,8,-0.0,1,8,-9900,?,9,-9900,?,9,25.99,E,8,21.17,E,8,75.0,E,8,1008.6016999999999,E,8,999.0,E,8,1.85,E,8,-9900,?,9,-9900,?,9,0.03,E,8,-9900,?,9,-9900,?,9,0.3,99.0,E,8
02/21/2010,20:00,0.0,1397.379,0.0,1,8,0.0,1,8,0.0,1,8,0.0,1,8,0.0,1,8,0.0,1,8,-0.0,1,8,-9900,?,9,-9900,?,9,25.53,E,8,21.2,E,8,77.0,E,8,1008.6016999999999,E,8,999.0,E,8,1.85,E,8,-9900,?,9,-9900,?,9,0.016,E,8,-9900,?,9,-9900,?,9,0.16,99.0,E,8
02/21/2010,21:00,0.0,1397.379,0.0,1,8,0.0,1,8,0.0,1,8,0.0,1,8,0.0,1,8,0.0,1,8,-0.0,1,8,-9900,?,9,-9900,?,9,25.08,E,8,21.22,E,8,78.0,E,8,1008.6016999999999,E,8,999.0,E,8,1.85,E,8,-9900,?,9,-9900,?,9,0.088,E,8,-9900,?,9,-9900,?,9,0.88,99.0,E,8
02/21/2010,22:00,0.0,1397.379,0.0,1,8,0.0,1,8,0.0,1,8,0.0,1,8,0.0,1,8,0.0,1,8,-0.0,1,8,-9900,?,9,-9900,?,9,24.62,E,8,21.24,E,8,80.0,E,8,1008.6016999999999,E,8,999.0,E,8,1.85,E,8,-9900,?,9,-9900,?,9,0.012,E,8,-9900,?,9,-9900,?,9,0.12,99.0,E,8
02/21/2010,23:00,0.0,1397.379,0.0,1,8,0.0,1,8,0.0,1,8,0.0,1,8,0.0,1,8,0.0,1,8,-0.0,1,8,-9900,?,9,-9900,?,9,24.16,E,8,21.26,E,8,82.0,E,8,1008.6016999999999,E,8,999.0,E,8,1.85,E,8,-9900,?,9,-9900,?,9,0.006,E,8,-9900,?,9,-9900,?,9,0.06,99.0,E,8
02/21/2010,24:00,0.0,1397.379,0.0,1,8,0.0,1,8,0.0,1,8,0.0,1,8,0.0,1,8,0.0,1,8,-0.0,1,8,-9900,?,9,-9900,?,9,23.7,E,8,21.01,E,8,85.0,E,8,1008.6016999999999,E,8,999.0,E,8,1.32,E,8,-9900,?,9,-9900,?,9,0.047,E,8,-9900,?,9,-9900,?,9,0.47,99.0,E,8
02/22/2010,01:00,0.0,1397.379,0.0,1,8,0.0,1,8,0.0,1,8,0.0,1,8,0.0,1,8,0.0,1,8,-0.0,1,8,-9900,?,9,-9900,?,9,23.48,E,8,21.04,E,8,86.0,E,8,1008.6016999999999,E,8,999.0,E,8,1.32,E,8,-9900,?,9,-9900,?,9,0.037,E,8,-9900,?,9,-9900,?,9,0.37,99.0,E,8
02/22/2010,02:00,0.0,1397.379,0.0,1,8,0.0,1,8,0.0,1,8,0.0,1,8,0.0,1,8,0.0,1,8,-0.0,1,8,-9900,?,9,-9900,?,9,23.25,E,8,21.07,E,8,87.0,E,8,1008.6016999999999,E,8,999.0,E,8,1.32,E,8,-9900,?,9,-9900,?,9,0.03,E,8,-9900,?,9,-9900,?,9,0.3,99.0,E,8
02/22/2010,03:00,0.0,1397.379,0.0,1,8,0.0,1,8,0.0,1,8,0.0,1,8,0.0,1,8,0.0,1,8,-0.0,1,8,-9900,?,9,-9900,?,9,23.02,E,8,21.11,E,8,88.0,E,8,1008.6016999999999,E,8,999.0,E,8,1.32,E,8,-9900,?,9,-9900,?,9,0.019,E,8,-9900,?,9,-9900,?,9,0.19,99.0,E,8
02/22/2010,04:00,0.0,1396.741,0.0,1,8,0.0,1,8,0.0,1,8,0.0,1,8,0.0,1,8,0.0,1,8,-0.0,1,8,-9900,?,9,-9900,?,9,22.79,E,8,21.14,E,8,93.0,E,8,1008.6016999999999,E,8,999.0,E,8,1.32,E,8,-9900,?,9,-9900,?,9,0.11399999999999999,E,8,-9900,?,9,-9900,?,9,1.14,99.0,E,8
02/22/2010,05:00,0.0,1396.741,0.0,1,8,0.0,1,8,0.0,1,8,0.0,1,8,0.0,1,8,0.0,1,8,-0.0,1,8,-9900,?,9,-9900,?,9,22.56,E,8,21.17,E,8,95.0,E,8,1008.6016999999999,E,8,999.0,E,8,1.32,E,8,-9900,?,9,-9900,?,9,0.189,E,8,-9900,?,9,-9900,?,9,1.89,99.0,E,8
02/22/2010,06:00,0.0,1396.741,0.0,1,8,0.0,1,8,0.0,1,8,0.0,1,8,0.0,1,8,0.0,1,8,-0.0,1,8,-9900,?,9,-9900,?,9,22.38,E,8,21.2,E,8,91.0,E,8,1008.6016999999999,E,8,999.0,E,8,1.32,E,8,-9900,?,9,-9900,?,9,0.012,E,8,-9900,?,9,-9900,?,9,0.12,99.0,E,8
02/22/2010,07:00,257.466,1396.741,5.79,1,8,0.0,1,8,5.79,1,8,694.8,1,8,0.0,1,8,636.9,1,8,10.079,1,8,-9900,?,9,-9900,?,9,22.23,E,8,21.22,E,8,92.0,E,8,1008.6016999999999,E,8,999.0,E,8,1.32,E,8,-9900,?,9,-9900,?,9,0.003,E,8,-9900,?,9,-9900,?,9,0.03,99.0,E,8
02/22/2010,08:00,579.501,1396.741,123.94,1,8,0.0,1,8,123.94,1,8,14872.8,1,8,0.0,1,8,13633.4,1,8,95.221,1,8,-9900,?,9,-9900,?,9,22.08,E,8,21.24,E,8,93.0,E,8,1008.6016999999999,E,8,999.0,E,8,1.32,E,8,-9900,?,9,-9900,?,9,0.004,E,8,-9900,?,9,-9900,?,9,0.04,99.0,E,8
02/22/2010,09:00,869.065,1396.741,269.26,1,8,26.658,1,8,252.681,1,8,32311.2,1,8,2532.525,1,8,27794.883,1,8,129.327,1,8,-9900,?,9,-9900,?,9,24.78,E,8,20.85,E,8,80.0,E,8,1008.6016999999999,E,8,999.0,E,8,1.32,E,8,-9900,?,9,-9900,?,9,0.001,E,8,-9900,?,9,-9900,?,9,0.01,99.0,E,8
02/22/2010,10:00,1105.745,1396.741,399.1,1,8,42.271,1,8,365.642,1,8,47892.0,1,8,4015.698,1,8,40220.615,1,8,147.043,1,8,-9900,?,9,-9900,?,9,25.7,E,8,20.71,E,8,72.0,E,8,1008.6016999999999,E,8,999.0,E,8,1.32,E,8,-9900,?,9,-9900,?,9,0.0,E,8,-9900,?,9,-9900,?,9,0.0,0.0,E,8
02/22/2010,11:00,1273.272,1396.741,500.01,1,8,72.955,1,8,433.508,1,8,60001.2,1,8,6930.69,1,8,47685.921,1,8,151.38,1,8,-9900,?,9,-9900,?,9,26.51,E,8,20.59,E,8,68.0,E,8,1008.6016999999999,E,8,999.0,E,8,2.09,E,8,-9900,?,9,-9900,?,9,0.0,E,8,-9900,?,9,-9900,?,9,0.0,0.0,E,8
02/22/2010,12:00,1360.171,1396.741,563.82,1,8,50.261,1,8,514.876,1,8,67658.4,1,8,4774.769,1,8,56636.359,1,8,168.299,1,8,-9900,?,9,-9900,?,9,27.18,E,8,20.49,E,8,70.0,E,8,1008.6016999999999,E,8,999.0,E,8,2.25,E,8,-9900,?,9,-9900,?,9,0.009,E,8,-9900,?,9,-9900,?,9,0.09,99.0,E,8
02/22/2010,13:00,1360.488,1396.741,585.74,1,8,58.467,1,8,528.791,1,8,70288.8,1,8,5554.405,1,8,58167.012,1,8,172.807,1,8,-9900,?,9,-9900,?,9,27.67,E,8,20.41,E,8,64.0,E,8,1008.6016999999999,E,8,999.0,E,8,2.96,E,8,-9900,?,9,-9900,?,9,0.0,E,8,-9900,?,9,-9900,?,9,0.0,0.0,E,8
02/22/2010,14:00,1274.184,1396.741,564.14,1,8,69.375,1,8,500.856,1,8,67696.8,1,8,6590.617,1,8,55094.174,1,8,174.772,1,8,-9900,?,9,-9900,?,9,27.97,E,8,20.36,E,8,67.0,E,8,1008.6016999999999,E,8,999.0,E,8,3.58,E,8,-9900,?,9,-9900,?,9,0.002,E,8,-9900,?,9,-9900,?,9,0.02,99.0,E,8
02/22/2010,15:00,1107.139,1396.741,500.59,1,8,103.841,1,8,418.294,1,8,60070.8,1,8,9864.923,1,8,46012.299,1,8,168.004,1,8,-9900,?,9,-9900,?,9,28.1,E,8,20.35,E,8,62.0,E,8,1008.6016999999999,E,8,999.0,E,8,3.58,E,8,-9900,?,9,-9900,?,9,0.0,E,8,-9900,?,9,-9900,?,9,0.0,0.0,E,8
02/22/2010,16:00,870.761,1396.741,399.88,1,8,110.184,1,8,331.22,1,8,47985.6,1,8,10467.521,1,8,36434.218,1,8,169.194,1,8,-9900,?,9,-9900,?,9,28.0,E,8,20.36,E,8,63.0,E,8,1008.6016999999999,E,8,999.0,E,8,3.56,E,8,-9900,?,9,-9900,?,9,0.0,E,8,-9900,?,9,-9900,?,9,0.0,0.0,E,8
02/22/2010,17:00,581.27,1396.741,270.12,1,8,222.641,1,8,177.594,1,8,32414.4,1,8,21150.901,1,8,19535.374,1,8,136.026,1,8,-9900,?,9,-9900,?,9,27.61,E,8,20.42,E,8,68.0,E,8,1008.6016999999999,E,8,999.0,E,8,3.47,E,8,-9900,?,9,-9900,?,9,0.015,E,8,-9900,?,9,-9900,?,9,0.15,99.0,E,8
02/22/2010,18:00,259.039,1396.741,124.71,1,8,394.091,1,8,52.197,1,8,14965.2,1,8,37438.609,1,8,5741.694,1,8,90.298,1,8,-9900,?,9,-9900,?,9,26.99,E,8,20.51,E,8,70.0,E,8,1008.6016999999999,E,8,999.0,E,8,3.49,E,8,-9900,?,9,-9900,?,9,0.024,E,8,-9900,?,9,-9900,?,9,0.24,99.0,E,8
02/22/2010,19:00,0.0,1396.741,6.01,1,8,0.0,1,8,0.0,1,8,721.2,1,8,0.0,1,8,0.0,1,8,-0.0,1,8,-9900,?,9,-9900,?,9,26.52,E,8,20.59,E,8,72.0,E,8,1008.6016999999999,E,8,999.0,E,8,1.99,E,8,-9900,?,9,-9900,?,9,0.005,E,8,-9900,?,9,-9900,?,9,0.05,99.0,E,8
02/22/2010,20:00,0.0,1396.741,0.0,1,8,0.0,1,8,0.0,1,8,0.0,1,8,0.0,1,8,0.0,1,8,-0.0,1,8,-9900,?,9,-9900,?,9,26.06,E,8,20.65,E,8,74.0,E,8,1008.6016999999999,E,8,999.0,E,8,1.57,E,8,-9900,?,9,-9900,?,9,0.007000000000000001,E,8,-9900,?,9,-9900,?,9,0.07,99.0,E,8
02/22/2010,21:00,0.0,1396.741,0.0,1,8,0.0,1,8,0.0,1,8,0.0,1,8,0.0,1,8,0.0,1,8,-0.0,1,8,-9900,?,9,-9900,?,9,25.59,E,8,20.73,E,8,76.0,E,8,1008.6016999999999,E,8,999.0,E,8,1.32,E,8,-9900,?,9,-9900,?,9,0.081,E,8,-9900,?,9,-9900,?,9,0.81,99.0,E,8
02/22/2010,22:00,0.0,1396.741,0.0,1,8,0.0,1,8,0.0,1,8,0.0,1,8,0.0,1,8,0.0,1,8,-0.0,1,8,-9900,?,9,-9900,?,9,25.13,E,8,20.79,E,8,86.0,E,8,1008.6016999999999,E,8,999.0,E,8,1.32,E,8,-9900,?,9,-9900,?,9,2.143,E,8,-9900,?,9,-9900,?,9,21.43,99.0,E,8
02/22/2010,23:00,0.0,1396.741,0.0,1,8,0.0,1,8,0.0,1,8,0.0,1,8,0.0,1,8,0.0,1,8,-0.0,1,8,-9900,?,9,-9900,?,9,24.66,E,8,20.86,E,8,80.0,E,8,1008.6016999999999,E,8,999.0,E,8,1.32,E,8,-9900,?,9,-9900,?,9,0.061,E,8,-9900,?,9,-9900,?,9,0.61,99.0,E,8
02/22/2010,24:00,0.0,1396.741,0.0,1,8,0.0,1,8,0.0,1,8,0.0,1,8,0.0,1,8,0.0,1,8,-0.0,1,8,-9900,?,9,-9900,?,9,24.2,E,8,21.13,E,8,84.0,E,8,1008.6016999999999,E,8,999.0,E,8,1.6,E,8,-9900,?,9,-9900,?,9,0.012,E,8,-9900,?,9,-9900,?,9,0.12,99.0,E,8
02/23/2010,01:00,0.0,1396.741,0.0,1,8,0.0,1,8,0.0,1,8,0.0,1,8,0.0,1,8,0.0,1,8,-0.0,1,8,-9900,?,9,-9900,?,9,23.97,E,8,21.2,E,8,85.0,E,8,1008.6016999999999,E,8,999.0,E,8,1.6,E,8,-9900,?,9,-9900,?,9,0.001,E,8,-9900,?,9,-9900,?,9,0.01,99.0,E,8
02/23/2010,02:00,0.0,1396.741,0.0,1,8,0.0,1,8,0.0,1,8,0.0,1,8,0.0,1,8,0.0,1,8,-0.0,1,8,-9900,?,9,-9900,?,9,23.73,E,8,21.28,E,8,87.0,E,8,1008.6016999999999,E,8,999.0,E,8,1.6,E,8,-9900,?,9,-9900,?,9,0.002,E,8,-9900,?,9,-9900,?,9,0.02,99.0,E,8
02/23/2010,03:00,0.0,1396.741,0.0,1,8,0.0,1,8,0.0,1,8,0.0,1,8,0.0,1,8,0.0,1,8,-0.0,1,8,-9900,?,9,-9900,?,9,23.5,E,8,21.35,E,8,88.0,E,8,1008.6016999999999,E,8,999.0,E,8,1.6,E,8,-9900,?,9,-9900,?,9,0.003,E,8,-9900,?,9,-9900,?,9,0.03,99.0,E,8
02/23/2010,04:00,0.0,1396.094,0.0,1,8,0.0,1,8,0.0,1,8,0.0,1,8,0.0,1,8,0.0,1,8,-0.0,1,8,-9900,?,9,-9900,?,9,23.27,E,8,21.42,E,8,89.0,E,8,1008.6016999999999,E,8,999.0,E,8,1.6,E,8,-9900,?,9,-9900,?,9,0.001,E,8,-9900,?,9,-9900,?,9,0.01,99.0,E,8
02/23/2010,05:00,0.0,1396.094,0.0,1,8,0.0,1,8,0.0,1,8,0.0,1,8,0.0,1,8,0.0,1,8,-0.0,1,8,-9900,?,9,-9900,?,9,23.04,E,8,21.49,E,8,86.0,E,8,1008.6016999999999,E,8,999.0,E,8,1.6,E,8,-9900,?,9,-9900,?,9,0.0,E,8,-9900,?,9,-9900,?,9,0.0,0.0,E,8
02/23/2010,06:00,0.0,1396.094,0.0,1,8,0.0,1,8,0.0,1,8,0.0,1,8,0.0,1,8,0.0,1,8,-0.0,1,8,-9900,?,9,-9900,?,9,22.86,E,8,21.54,E,8,92.0,E,8,1008.6016999999999,E,8,999.0,E,8,1.6,E,8,-9900,?,9,-9900,?,9,0.005,E,8,-9900,?,9,-9900,?,9,0.05,99.0,E,8
02/23/2010,07:00,255.114,1396.094,6.85,1,8,0.0,1,8,6.85,1,8,822.0,1,8,0.0,1,8,753.5,1,8,12.03,1,8,-9900,?,9,-9900,?,9,22.7,E,8,21.59,E,8,93.0,E,8,1008.6016999999999,E,8,999.0,E,8,1.6,E,8,-9900,?,9,-9900,?,9,0.009,E,8,-9900,?,9,-9900,?,9,0.09,99.0,E,8
02/23/2010,08:00,577.305,1396.094,154.52,1,8,13.831,1,8,148.809,1,8,18542.4,1,8,1313.931,1,8,16368.97,1,8,114.71,1,8,-9900,?,9,-9900,?,9,22.55,E,8,21.63,E,8,94.0,E,8,1008.6016999999999,E,8,999.0,E,8,1.6,E,8,-9900,?,9,-9900,?,9,0.002,E,8,-9900,?,9,-9900,?,9,0.02,99.0,E,8
02/23/2010,09:00,866.966,1396.094,336.89,1,8,83.656,1,8,284.964,1,8,40426.8,1,8,7947.339,1,8,31346.071,1,8,146.136,1,8,-9900,?,9,-9900,?,9,25.44,E,8,20.74,E,8,73.0,E,8,1008.6016999999999,E,8,999.0,E,8,1.6,E,8,-9900,?,9,-9900,?,9,0.0,E,8,-9900,?,9,-9900,?,9,0.0,0.0,E,8
02/23/2010,10:00,1103.667,1396.094,499.83,1,8,147.467,1,8,383.272,1,8,59979.6,1,8,14009.379,1,8,42159.913,1,8,154.351,1,8,-9900,?,9,-9900,?,9,26.43,E,8,20.43,E,8,68.0,E,8,1008.6016999999999,E,8,999.0,E,8,1.6,E,8,-9900,?,9,-9900,?,9,0.0,E,8,-9900,?,9,-9900,?,9,0.0,0.0,E,8
02/23/2010,11:00,1271.138,1396.094,626.42,1,8,106.929,1,8,529.067,1,8,75170.4,1,8,10158.283,1,8,58197.392,1,8,184.973,1,8,-9900,?,9,-9900,?,9,27.3,E,8,20.15,E,8,64.0,E,8,1008.6016999999999,E,8,999.0,E,8,1.6,E,8,-9900,?,9,-9900,?,9,0.0,E,8,-9900,?,9,-9900,?,9,0.0,0.0,E,8
02/23/2010,12:00,1357.906,1396.094,706.42,1,8,125.526,1,8,584.33,1,8,84770.4,1,8,11924.951,1,8,64276.276,1,8,191.232,1,8,-9900,?,9,-9900,?,9,28.01,E,8,19.91,E,8,60.0,E,8,1008.6016999999999,E,8,999.0,E,8,2.01,E,8,-9900,?,9,-9900,?,9,0.0,E,8,-9900,?,9,-9900,?,9,0.0,0.0,E,8
02/23/2010,13:00,1358.027,1396.094,733.81,1,8,145.969,1,8,591.824,1,8,88057.2,1,8,13867.052,1,8,65100.587,1,8,193.667,1,8,-9900,?,9,-9900,?,9,28.54,E,8,19.74,E,8,58.0,E,8,1008.6016999999999,E,8,999.0,E,8,2.94,E,8,-9900,?,9,-9900,?,9,0.0,E,8,-9900,?,9,-9900,?,9,0.0,0.0,E,8
02/23/2010,14:00,1271.474,1396.094,706.57,1,8,171.718,1,8,550.19,1,8,84788.4,1,8,16313.163,1,8,60520.892,1,8,192.307,1,8,-9900,?,9,-9900,?,9,28.87,E,8,19.63,E,8,57.0,E,8,1008.6016999999999,E,8,999.0,E,8,3.5,E,8,-9900,?,9,-9900,?,9,0.0,E,8,-9900,?,9,-9900,?,9,0.0,0.0,E,8
02/23/2010,15:00,1104.146,1396.094,626.68,1,8,344.748,1,8,354.073,1,8,75201.6,1,8,32751.065,1,8,38948.002,1,8,142.53,1,8,-9900,?,9,-9900,?,9,29.0,E,8,19.58,E,8,56.0,E,8,1008.6016999999999,E,8,999.0,E,8,3.58,E,8,-9900,?,9,-9900,?,9,0.0,E,8,-9900,?,9,-9900,?,9,0.0,0.0,E,8
02/23/2010,16:00,867.471,1396.094,500.14,1,8,413.19,1,8,243.522,1,8,60016.8,1,8,39253.066,1,8,26787.375,1,8,124.81,1,8,-9900,?,9,-9900,?,9,28.89,E,8,19.62,E,8,57.0,E,8,1008.6016999999999,E,8,999.0,E,8,3.29,E,8,-9900,?,9,-9900,?,9,0.0,E,8,-9900,?,9,-9900,?,9,0.0,0.0,E,8
02/23/2010,17:00,577.69,1396.094,337.17,1,8,510.598,1,8,126.187,1,8,40460.4,1,8,48506.827,1,8,13880.599,1,8,97.207,1,8,-9900,?,9,-9900,?,9,28.48,E,8,19.76,E,8,63.0,E,8,1008.6016999999999,E,8,999.0,E,8,2.81,E,8,-9900,?,9,-9900,?,9,0.004,E,8,-9900,?,9,-9900,?,9,0.04,99.0,E,8
02/23/2010,18:00,255.215,1396.094,154.66,1,8,399.242,1,8,82.267,1,8,18559.2,1,8,37927.948,1,8,9049.367,1,8,144.416,1,8,-9900,?,9,-9900,?,9,27.81,E,8,19.98,E,8,75.0,E,8,1008.6016999999999,E,8,999.0,E,8,1.64,E,8,-9900,?,9,-9900,?,9,0.637,E,8,-9900,?,9,-9900,?,9,6.37,99.0,E,8
02/23/2010,19:00,0.0,1396.094,6.82,1,8,0.0,1,8,0.0,1,8,818.4,1,8,0.0,1,8,0.0,1,8,-0.0,1,8,-9900,?,9,-9900,?,9,27.3,E,8,20.15,E,8,68.0,E,8,1008.6016999999999,E,8,999.0,E,8,1.6,E,8,-9900,?,9,-9900,?,9,0.052000000000000005,E,8,-9900,?,9,-9900,?,9,0.52,99.0,E,8
02/23/2010,20:00,0.0,1396.094,0.0,1,8,0.0,1,8,0.0,1,8,0.0,1,8,0.0,1,8,0.0,1,8,-0.0,1,8,-9900,?,9,-9900,?,9,26.79,E,8,20.31,E,8,70.0,E,8,1008.6016999999999,E,8,999.0,E,8,1.6,E,8,-9900,?,9,-9900,?,9,0.020999999999999998,E,8,-9900,?,9,-9900,?,9,0.21,99.0,E,8
02/23/2010,21:00,0.0,1396.094,0.0,1,8,0.0,1,8,0.0,1,8,0.0,1,8,0.0,1,8,0.0,1,8,-0.0,1,8,-9900,?,9,-9900,?,9,26.28,E,8,20.48,E,8,73.0,E,8,1008.6016999999999,E,8,999.0,E,8,1.6,E,8,-9900,?,9,-9900,?,9,0.015,E,8,-9900,?,9,-9900,?,9,0.15,99.0,E,8
02/23/2010,22:00,0.0,1396.094,0.0,1,8,0.0,1,8,0.0,1,8,0.0,1,8,0.0,1,8,0.0,1,8,-0.0,1,8,-9900,?,9,-9900,?,9,25.77,E,8,20.64,E,8,75.0,E,8,1008.6016999999999,E,8,999.0,E,8,1.6,E,8,-9900,?,9,-9900,?,9,0.007000000000000001,E,8,-9900,?,9,-9900,?,9,0.07,99.0,E,8
02/23/2010,23:00,0.0,1396.094,0.0,1,8,0.0,1,8,0.0,1,8,0.0,1,8,0.0,1,8,0.0,1,8,-0.0,1,8,-9900,?,9,-9900,?,9,25.26,E,8,20.8,E,8,78.0,E,8,1008.6016999999999,E,8,999.0,E,8,1.6,E,8,-9900,?,9,-9900,?,9,0.03,E,8,-9900,?,9,-9900,?,9,0.3,99.0,E,8
02/23/2010,24:00,0.0,1396.094,0.0,1,8,0.0,1,8,0.0,1,8,0.0,1,8,0.0,1,8,0.0,1,8,-0.0,1,8,-9900,?,9,-9900,?,9,24.75,E,8,21.54,E,8,85.0,E,8,1008.6016999999999,E,8,999.0,E,8,1.96,E,8,-9900,?,9,-9900,?,9,0.16999999999999998,E,8,-9900,?,9,-9900,?,9,1.7,99.0,E,8
02/24/2010,01:00,0.0,1396.094,0.0,1,8,0.0,1,8,0.0,1,8,0.0,1,8,0.0,1,8,0.0,1,8,-0.0,1,8,-9900,?,9,-9900,?,9,24.49,E,8,21.67,E,8,92.0,E,8,1008.6016999999999,E,8,999.0,E,8,1.96,E,8,-9900,?,9,-9900,?,9,0.593,E,8,-9900,?,9,-9900,?,9,5.93,99.0,E,8
02/24/2010,02:00,0.0,1396.094,0.0,1,8,0.0,1,8,0.0,1,8,0.0,1,8,0.0,1,8,0.0,1,8,-0.0,1,8,-9900,?,9,-9900,?,9,24.24,E,8,21.8,E,8,89.0,E,8,1008.6016999999999,E,8,999.0,E,8,1.96,E,8,-9900,?,9,-9900,?,9,0.329,E,8,-9900,?,9,-9900,?,9,3.29,99.0,E,8
02/24/2010,03:00,0.0,1396.094,0.0,1,8,0.0,1,8,0.0,1,8,0.0,1,8,0.0,1,8,0.0,1,8,-0.0,1,8,-9900,?,9,-9900,?,9,23.98,E,8,21.93,E,8,86.0,E,8,1008.6016999999999,E,8,999.0,E,8,1.96,E,8,-9900,?,9,-9900,?,9,0.063,E,8,-9900,?,9,-9900,?,9,0.63,99.0,E,8
02/24/2010,04:00,0.0,1395.438,0.0,1,8,0.0,1,8,0.0,1,8,0.0,1,8,0.0,1,8,0.0,1,8,-0.0,1,8,-9900,?,9,-9900,?,9,23.73,E,8,22.05,E,8,88.0,E,8,1008.6016999999999,E,8,999.0,E,8,1.96,E,8,-9900,?,9,-9900,?,9,0.094,E,8,-9900,?,9,-9900,?,9,0.94,99.0,E,8
02/24/2010,05:00,0.0,1395.438,0.0,1,8,0.0,1,8,0.0,1,8,0.0,1,8,0.0,1,8,0.0,1,8,-0.0,1,8,-9900,?,9,-9900,?,9,23.47,E,8,22.18,E,8,90.0,E,8,1008.6016999999999,E,8,999.0,E,8,1.96,E,8,-9900,?,9,-9900,?,9,0.019,E,8,-9900,?,9,-9900,?,9,0.19,99.0,E,8
02/24/2010,06:00,0.0,1395.438,0.0,1,8,0.0,1,8,0.0,1,8,0.0,1,8,0.0,1,8,0.0,1,8,-0.0,1,8,-9900,?,9,-9900,?,9,23.28,E,8,22.27,E,8,96.0,E,8,1008.6016999999999,E,8,999.0,E,8,1.96,E,8,-9900,?,9,-9900,?,9,0.429,E,8,-9900,?,9,-9900,?,9,4.29,99.0,E,8
02/24/2010,07:00,252.793,1395.438,1.56,1,8,0.0,1,8,1.56,1,8,187.2,1,8,0.0,1,8,171.6,1,8,2.764,1,8,-9900,?,9,-9900,?,9,23.11,E,8,22.35,E,8,93.0,E,8,1008.6016999999999,E,8,999.0,E,8,1.96,E,8,-9900,?,9,-9900,?,9,0.006,E,8,-9900,?,9,-9900,?,9,0.06,99.0,E,8
02/24/2010,08:00,575.122,1395.438,37.18,1,8,0.0,1,8,37.18,1,8,4461.6,1,8,0.0,1,8,4089.8,1,8,28.756,1,8,-9900,?,9,-9900,?,9,22.94,E,8,22.43,E,8,94.0,E,8,1008.6016999999999,E,8,999.0,E,8,1.96,E,8,-9900,?,9,-9900,?,9,0.002,E,8,-9900,?,9,-9900,?,9,0.02,99.0,E,8
02/24/2010,09:00,864.859,1395.438,81.34,1,8,0.0,1,8,81.34,1,8,9760.8,1,8,0.0,1,8,8947.4,1,8,41.795,1,8,-9900,?,9,-9900,?,9,24.85,E,8,21.49,E,8,74.0,E,8,1008.6016999999999,E,8,999.0,E,8,1.96,E,8,-9900,?,9,-9900,?,9,0.0,E,8,-9900,?,9,-9900,?,9,0.0,0.0,E,8
02/24/2010,10:00,1101.562,1395.438,120.8,1,8,0.0,1,8,120.8,1,8,14496.0,1,8,0.0,1,8,13288.0,1,8,48.719,1,8,-9900,?,9,-9900,?,9,25.51,E,8,21.15,E,8,74.0,E,8,1008.6016999999999,E,8,999.0,E,8,1.96,E,8,-9900,?,9,-9900,?,9,0.003,E,8,-9900,?,9,-9900,?,9,0.03,99.0,E,8
02/24/2010,11:00,1268.955,1395.438,151.44,1,8,0.722,1,8,150.784,1,8,18172.8,1,8,68.576,1,8,16586.198,1,8,52.783,1,8,-9900,?,9,-9900,?,9,26.08,E,8,20.86,E,8,70.0,E,8,1008.6016999999999,E,8,999.0,E,8,1.96,E,8,-9900,?,9,-9900,?,9,0.013000000000000001,E,8,-9900,?,9,-9900,?,9,0.13,99.0,E,8
02/24/2010,12:00,1355.574,1395.438,162.2,1,8,1.685,1,8,160.563,1,8,19464.0,1,8,160.117,1,8,17661.9,1,8,52.613,1,8,-9900,?,9,-9900,?,9,26.5,E,8,20.64,E,8,68.0,E,8,1008.6016999999999,E,8,999.0,E,8,1.96,E,8,-9900,?,9,-9900,?,9,0.032,E,8,-9900,?,9,-9900,?,9,0.32,99.0,E,8
02/24/2010,13:00,1355.482,1395.438,185.51,1,8,3.099,1,8,182.5,1,8,22261.2,1,8,294.422,1,8,20074.957,1,8,59.805,1,8,-9900,?,9,-9900,?,9,26.9,E,8,20.42,E,8,70.0,E,8,1008.6016999999999,E,8,999.0,E,8,1.96,E,8,-9900,?,9,-9900,?,9,0.11499999999999999,E,8,-9900,?,9,-9900,?,9,1.15,99.0,E,8
02/24/2010,14:00,1268.671,1395.438,176.01,1,8,2.316,1,8,173.905,1,8,21121.2,1,8,219.985,1,8,19129.535,1,8,60.891,1,8,-9900,?,9,-9900,?,9,27.14,E,8,20.29,E,8,69.0,E,8,1008.6016999999999,E,8,999.0,E,8,1.96,E,8,-9900,?,9,-9900,?,9,0.13999999999999999,E,8,-9900,?,9,-9900,?,9,1.4,99.0,E,8
02/24/2010,15:00,1101.053,1395.438,151.84,1,8,0.156,1,8,151.717,1,8,18220.8,1,8,14.856,1,8,16688.829,1,8,61.216,1,8,-9900,?,9,-9900,?,9,27.23,E,8,20.25,E,8,68.0,E,8,1008.6016999999999,E,8,999.0,E,8,1.96,E,8,-9900,?,9,-9900,?,9,0.209,E,8,-9900,?,9,-9900,?,9,2.09,99.0,E,8
02/24/2010,16:00,864.08,1395.438,120.7,1,8,0.0,1,8,120.7,1,8,14484.0,1,8,0.0,1,8,13277.0,1,8,62.075,1,8,-9900,?,9,-9900,?,9,27.15,E,8,20.29,E,8,74.0,E,8,1008.6016999999999,E,8,999.0,E,8,1.96,E,8,-9900,?,9,-9900,?,9,10.163,E,8,-9900,?,9,-9900,?,9,101.63,99.0,E,8
02/24/2010,17:00,574.014,1395.438,81.21,1,8,0.0,1,8,81.21,1,8,9745.2,1,8,0.0,1,8,8933.1,1,8,62.932,1,8,-9900,?,9,-9900,?,9,26.88,E,8,20.43,E,8,65.0,E,8,1008.6016999999999,E,8,999.0,E,8,1.96,E,8,-9900,?,9,-9900,?,9,0.077,E,8,-9900,?,9,-9900,?,9,0.77,99.0,E,8
02/24/2010,18:00,251.305,1395.438,37.0,1,8,0.0,1,8,37.0,1,8,4440.0,1,8,0.0,1,8,4070.0,1,8,65.948,1,8,-9900,?,9,-9900,?,9,26.43,E,8,20.67,E,8,68.0,E,8,1008.6016999999999,E,8,999.0,E,8,1.96,E,8,-9900,?,9,-9900,?,9,0.051000000000000004,E,8,-9900,?,9,-9900,?,9,0.51,99.0,E,8
02/24/2010,19:00,0.0,1395.438,1.49,1,8,0.0,1,8,0.0,1,8,178.8,1,8,0.0,1,8,0.0,1,8,-0.0,1,8,-9900,?,9,-9900,?,9,26.05,E,8,20.87,E,8,76.0,E,8,1008.6016999999999,E,8,999.0,E,8,1.96,E,8,-9900,?,9,-9900,?,9,0.26,E,8,-9900,?,9,-9900,?,9,2.6,99.0,E,8
02/24/2010,20:00,0.0,1395.438,0.0,1,8,0.0,1,8,0.0,1,8,0.0,1,8,0.0,1,8,0.0,1,8,-0.0,1,8,-9900,?,9,-9900,?,9,25.68,E,8,21.07,E,8,83.0,E,8,1008.6016999999999,E,8,999.0,E,8,1.96,E,8,-9900,?,9,-9900,?,9,0.958,E,8,-9900,?,9,-9900,?,9,9.58,99.0,E,8
02/24/2010,21:00,0.0,1395.438,0.0,1,8,0.0,1,8,0.0,1,8,0.0,1,8,0.0,1,8,0.0,1,8,-0.0,1,8,-9900,?,9,-9900,?,9,25.3,E,8,21.26,E,8,76.0,E,8,1008.6016999999999,E,8,999.0,E,8,1.96,E,8,-9900,?,9,-9900,?,9,0.009,E,8,-9900,?,9,-9900,?,9,0.09,99.0,E,8
02/24/2010,22:00,0.0,1395.438,0.0,1,8,0.0,1,8,0.0,1,8,0.0,1,8,0.0,1,8,0.0,1,8,-0.0,1,8,-9900,?,9,-9900,?,9,24.93,E,8,21.45,E,8,78.0,E,8,1008.6016999999999,E,8,999.0,E,8,1.96,E,8,-9900,?,9,-9900,?,9,0.040999999999999995,E,8,-9900,?,9,-9900,?,9,0.41,99.0,E,8
02/24/2010,23:00,0.0,1395.438,0.0,1,8,0.0,1,8,0.0,1,8,0.0,1,8,0.0,1,8,0.0,1,8,-0.0,1,8,-9900,?,9,-9900,?,9,24.55,E,8,21.64,E,8,81.0,E,8,1008.6016999999999,E,8,999.0,E,8,1.96,E,8,-9900,?,9,-9900,?,9,0.025,E,8,-9900,?,9,-9900,?,9,0.25,99.0,E,8
02/24/2010,24:00,0.0,1395.438,0.0,1,8,0.0,1,8,0.0,1,8,0.0,1,8,0.0,1,8,0.0,1,8,-0.0,1,8,-9900,?,9,-9900,?,9,24.18,E,8,22.3,E,8,90.0,E,8,1008.6016999999999,E,8,999.0,E,8,1.94,E,8,-9900,?,9,-9900,?,9,0.261,E,8,-9900,?,9,-9900,?,9,2.61,99.0,E,8
02/25/2010,01:00,0.0,1395.438,0.0,1,8,0.0,1,8,0.0,1,8,0.0,1,8,0.0,1,8,0.0,1,8,-0.0,1,8,-9900,?,9,-9900,?,9,23.99,E,8,22.29,E,8,90.0,E,8,1008.6016999999999,E,8,999.0,E,8,1.94,E,8,-9900,?,9,-9900,?,9,0.10400000000000001,E,8,-9900,?,9,-9900,?,9,1.04,99.0,E,8
02/25/2010,02:00,0.0,1395.438,0.0,1,8,0.0,1,8,0.0,1,8,0.0,1,8,0.0,1,8,0.0,1,8,-0.0,1,8,-9900,?,9,-9900,?,9,23.8,E,8,22.28,E,8,95.0,E,8,1008.6016999999999,E,8,999.0,E,8,1.94,E,8,-9900,?,9,-9900,?,9,0.583,E,8,-9900,?,9,-9900,?,9,5.83,99.0,E,8
02/25/2010,03:00,0.0,1395.438,0.0,1,8,0.0,1,8,0.0,1,8,0.0,1,8,0.0,1,8,0.0,1,8,-0.0,1,8,-9900,?,9,-9900,?,9,23.61,E,8,22.27,E,8,96.0,E,8,1008.6016999999999,E,8,999.0,E,8,1.94,E,8,-9900,?,9,-9900,?,9,6.186,E,8,-9900,?,9,-9900,?,9,61.86,99.0,E,8
02/25/2010,04:00,0.0,1394.773,0.0,1,8,0.0,1,8,0.0,1,8,0.0,1,8,0.0,1,8,0.0,1,8,-0.0,1,8,-9900,?,9,-9900,?,9,23.43,E,8,22.26,E,8,93.0,E,8,1008.6016999999999,E,8,999.0,E,8,1.94,E,8,-9900,?,9,-9900,?,9,0.158,E,8,-9900,?,9,-9900,?,9,1.58,99.0,E,8
02/25/2010,05:00,0.0,1394.773,0.0,1,8,0.0,1,8,0.0,1,8,0.0,1,8,0.0,1,8,0.0,1,8,-0.0,1,8,-9900,?,9,-9900,?,9,23.24,E,8,22.25,E,8,90.0,E,8,1008.6016999999999,E,8,999.0,E,8,1.94,E,8,-9900,?,9,-9900,?,9,0.06999999999999999,E,8,-9900,?,9,-9900,?,9,0.7,99.0,E,8
02/25/2010,06:00,0.0,1394.773,0.0,1,8,0.0,1,8,0.0,1,8,0.0,1,8,0.0,1,8,0.0,1,8,-0.0,1,8,-9900,?,9,-9900,?,9,23.09,E,8,22.24,E,8,90.0,E,8,1008.6016999999999,E,8,999.0,E,8,1.94,E,8,-9900,?,9,-9900,?,9,0.011,E,8,-9900,?,9,-9900,?,9,0.11,99.0,E,8
02/25/2010,07:00,250.501,1394.773,1.62,1,8,0.0,1,8,1.62,1,8,194.4,1,8,0.0,1,8,178.2,1,8,2.895,1,8,-9900,?,9,-9900,?,9,22.97,E,8,22.24,E,8,91.0,E,8,1008.6016999999999,E,8,999.0,E,8,1.94,E,8,-9900,?,9,-9900,?,9,0.08499999999999999,E,8,-9900,?,9,-9900,?,9,0.85,99.0,E,8
02/25/2010,08:00,572.95,1394.773,40.82,1,8,0.0,1,8,40.82,1,8,4898.4,1,8,0.0,1,8,4490.2,1,8,31.676,1,8,-9900,?,9,-9900,?,9,22.84,E,8,22.23,E,8,87.0,E,8,1008.6016999999999,E,8,999.0,E,8,1.94,E,8,-9900,?,9,-9900,?,9,0.0,E,8,-9900,?,9,-9900,?,9,0.0,0.0,E,8
02/25/2010,09:00,862.745,1394.773,89.63,1,8,0.0,1,8,89.63,1,8,10755.6,1,8,0.0,1,8,9859.3,1,8,46.146,1,8,-9900,?,9,-9900,?,9,24.64,E,8,22.32,E,8,84.0,E,8,1008.6016999999999,E,8,999.0,E,8,1.94,E,8,-9900,?,9,-9900,?,9,0.031,E,8,-9900,?,9,-9900,?,9,0.31,99.0,E,8
02/25/2010,10:00,1099.427,1394.773,133.22,1,8,0.0,1,8,133.22,1,8,15986.4,1,8,0.0,1,8,14654.2,1,8,53.806,1,8,-9900,?,9,-9900,?,9,25.26,E,8,22.35,E,8,86.0,E,8,1008.6016999999999,E,8,999.0,E,8,1.94,E,8,-9900,?,9,-9900,?,9,0.127,E,8,-9900,?,9,-9900,?,9,1.27,99.0,E,8
02/25/2010,11:00,1266.723,1394.773,167.07,1,8,1.786,1,8,165.448,1,8,20048.4,1,8,169.675,1,8,18199.282,1,8,57.991,1,8,-9900,?,9,-9900,?,9,25.8,E,8,22.38,E,8,84.0,E,8,1008.6016999999999,E,8,999.0,E,8,1.94,E,8,-9900,?,9,-9900,?,9,0.361,E,8,-9900,?,9,-9900,?,9,3.61,99.0,E,8
02/25/2010,12:00,1353.174,1394.773,175.2,1,8,2.518,1,8,172.757,1,8,21024.0,1,8,239.217,1,8,19003.278,1,8,56.682,1,8,-9900,?,9,-9900,?,9,26.17,E,8,22.4,E,8,82.0,E,8,1008.6016999999999,E,8,999.0,E,8,1.94,E,8,-9900,?,9,-9900,?,9,0.2,E,8,-9900,?,9,-9900,?,9,2.0,99.0,E,8
02/25/2010,13:00,1352.856,1394.773,205.68,1,8,4.056,1,8,201.746,1,8,24681.6,1,8,385.308,1,8,22192.07,1,8,66.209,1,8,-9900,?,9,-9900,?,9,26.56,E,8,22.42,E,8,77.0,E,8,1008.6016999999999,E,8,999.0,E,8,1.94,E,8,-9900,?,9,-9900,?,9,0.001,E,8,-9900,?,9,-9900,?,9,0.01,99.0,E,8
02/25/2010,14:00,1265.773,1394.773,197.24,1,8,3.374,1,8,194.178,1,8,23668.8,1,8,320.523,1,8,21359.615,1,8,68.112,1,8,-9900,?,9,-9900,?,9,26.8,E,8,22.43,E,8,76.0,E,8,1008.6016999999999,E,8,999.0,E,8,1.94,E,8,-9900,?,9,-9900,?,9,0.025,E,8,-9900,?,9,-9900,?,9,0.25,99.0,E,8
02/25/2010,15:00,1097.861,1394.773,184.54,1,8,2.245,1,8,182.774,1,8,22144.8,1,8,213.234,1,8,20105.092,1,8,73.926,1,8,-9900,?,9,-9900,?,9,26.94,E,8,22.44,E,8,76.0,E,8,1008.6016999999999,E,8,999.0,E,8,1.94,E,8,-9900,?,9,-9900,?,9,0.056999999999999995,E,8,-9900,?,9,-9900,?,9,0.57,99.0,E,8
02/25/2010,16:00,860.589,1394.773,132.92,1,8,0.0,1,8,132.92,1,8,15950.4,1,8,0.0,1,8,14621.2,1,8,68.605,1,8,-9900,?,9,-9900,?,9,26.86,E,8,22.44,E,8,76.0,E,8,1008.6016999999999,E,8,999.0,E,8,1.94,E,8,-9900,?,9,-9900,?,9,0.002,E,8,-9900,?,9,-9900,?,9,0.02,99.0,E,8
02/25/2010,17:00,570.243,1394.773,89.23,1,8,0.0,1,8,89.23,1,8,10707.6,1,8,0.0,1,8,9815.3,1,8,69.572,1,8,-9900,?,9,-9900,?,9,26.59,E,8,22.42,E,8,77.0,E,8,1008.6016999999999,E,8,999.0,E,8,1.94,E,8,-9900,?,9,-9900,?,9,0.047,E,8,-9900,?,9,-9900,?,9,0.47,99.0,E,8
02/25/2010,18:00,247.311,1394.773,40.37,1,8,0.0,1,8,40.37,1,8,4844.4,1,8,0.0,1,8,4440.7,1,8,73.101,1,8,-9900,?,9,-9900,?,9,26.16,E,8,22.4,E,8,79.0,E,8,1008.6016999999999,E,8,999.0,E,8,1.94,E,8,-9900,?,9,-9900,?,9,0.015,E,8,-9900,?,9,-9900,?,9,0.15,99.0,E,8
02/25/2010,19:00,0.0,1394.773,1.46,1,8,0.0,1,8,0.0,1,8,175.2,1,8,0.0,1,8,0.0,1,8,-0.0,1,8,-9900,?,9,-9900,?,9,25.73,E,8,22.38,E,8,80.0,E,8,1008.6016999999999,E,8,999.0,E,8,1.94,E,8,-9900,?,9,-9900,?,9,0.019,E,8,-9900,?,9,-9900,?,9,0.19,99.0,E,8
02/25/2010,20:00,0.0,1394.773,0.0,1,8,0.0,1,8,0.0,1,8,0.0,1,8,0.0,1,8,0.0,1,8,-0.0,1,8,-9900,?,9,-9900,?,9,25.31,E,8,22.36,E,8,82.0,E,8,1008.6016999999999,E,8,999.0,E,8,1.94,E,8,-9900,?,9,-9900,?,9,0.008,E,8,-9900,?,9,-9900,?,9,0.08,99.0,E,8
02/25/2010,21:00,0.0,1394.773,0.0,1,8,0.0,1,8,0.0,1,8,0.0,1,8,0.0,1,8,0.0,1,8,-0.0,1,8,-9900,?,9,-9900,?,9,24.88,E,8,22.34,E,8,83.0,E,8,1008.6016999999999,E,8,999.0,E,8,2.01,E,8,-9900,?,9,-9900,?,9,0.038,E,8,-9900,?,9,-9900,?,9,0.38,99.0,E,8
02/25/2010,22:00,0.0,1394.773,0.0,1,8,0.0,1,8,0.0,1,8,0.0,1,8,0.0,1,8,0.0,1,8,-0.0,1,8,-9900,?,9,-9900,?,9,24.45,E,8,22.31,E,8,85.0,E,8,1008.6016999999999,E,8,999.0,E,8,2.25,E,8,-9900,?,9,-9900,?,9,0.006,E,8,-9900,?,9,-9900,?,9,0.06,99.0,E,8
02/25/2010,23:00,0.0,1394.773,0.0,1,8,0.0,1,8,0.0,1,8,0.0,1,8,0.0,1,8,0.0,1,8,-0.0,1,8,-9900,?,9,-9900,?,9,24.03,E,8,22.29,E,8,86.0,E,8,1008.6016999999999,E,8,999.0,E,8,2.02,E,8,-9900,?,9,-9900,?,9,0.004,E,8,-9900,?,9,-9900,?,9,0.04,99.0,E,8
02/25/2010,24:00,0.0,1394.773,0.0,1,8,0.0,1,8,0.0,1,8,0.0,1,8,0.0,1,8,0.0,1,8,-0.0,1,8,-9900,?,9,-9900,?,9,23.6,E,8,21.52,E,8,89.0,E,8,1008.6016999999999,E,8,999.0,E,8,1.58,E,8,-9900,?,9,-9900,?,9,0.020999999999999998,E,8,-9900,?,9,-9900,?,9,0.21,99.0,E,8
02/26/2010,01:00,0.0,1394.773,0.0,1,8,0.0,1,8,0.0,1,8,0.0,1,8,0.0,1,8,0.0,1,8,-0.0,1,8,-9900,?,9,-9900,?,9,23.39,E,8,21.52,E,8,96.0,E,8,1008.6016999999999,E,8,999.0,E,8,1.58,E,8,-9900,?,9,-9900,?,9,0.10700000000000001,E,8,-9900,?,9,-9900,?,9,1.07,99.0,E,8
02/26/2010,02:00,0.0,1394.773,0.0,1,8,0.0,1,8,0.0,1,8,0.0,1,8,0.0,1,8,0.0,1,8,-0.0,1,8,-9900,?,9,-9900,?,9,23.18,E,8,21.51,E,8,92.0,E,8,1008.6016999999999,E,8,999.0,E,8,1.58,E,8,-9900,?,9,-9900,?,9,0.081,E,8,-9900,?,9,-9900,?,9,0.81,99.0,E,8
02/26/2010,03:00,0.0,1394.773,0.0,1,8,0.0,1,8,0.0,1,8,0.0,1,8,0.0,1,8,0.0,1,8,-0.0,1,8,-9900,?,9,-9900,?,9,22.96,E,8,21.5,E,8,93.0,E,8,1008.6016999999999,E,8,999.0,E,8,1.58,E,8,-9900,?,9,-9900,?,9,0.032,E,8,-9900,?,9,-9900,?,9,0.32,99.0,E,8
02/26/2010,04:00,0.0,1394.1,0.0,1,8,0.0,1,8,0.0,1,8,0.0,1,8,0.0,1,8,0.0,1,8,-0.0,1,8,-9900,?,9,-9900,?,9,22.75,E,8,21.5,E,8,94.0,E,8,1008.6016999999999,E,8,999.0,E,8,1.58,E,8,-9900,?,9,-9900,?,9,0.008,E,8,-9900,?,9,-9900,?,9,0.08,99.0,E,8
02/26/2010,05:00,0.0,1394.1,0.0,1,8,0.0,1,8,0.0,1,8,0.0,1,8,0.0,1,8,0.0,1,8,-0.0,1,8,-9900,?,9,-9900,?,9,22.54,E,8,21.49,E,8,90.0,E,8,1008.6016999999999,E,8,999.0,E,8,1.58,E,8,-9900,?,9,-9900,?,9,0.0,E,8,-9900,?,9,-9900,?,9,0.0,0.0,E,8
02/26/2010,06:00,0.0,1394.1,0.0,1,8,0.0,1,8,0.0,1,8,0.0,1,8,0.0,1,8,0.0,1,8,-0.0,1,8,-9900,?,9,-9900,?,9,22.37,E,8,21.48,E,8,91.0,E,8,1008.6016999999999,E,8,999.0,E,8,1.58,E,8,-9900,?,9,-9900,?,9,0.0,E,8,-9900,?,9,-9900,?,9,0.0,0.0,E,8
02/26/2010,07:00,248.238,1394.1,18.99,1,8,0.0,1,8,18.99,1,8,2278.8,1,8,0.0,1,8,2088.9,1,8,34.239,1,8,-9900,?,9,-9900,?,9,22.23,E,8,21.48,E,8,92.0,E,8,1008.6016999999999,E,8,999.0,E,8,1.58,E,8,-9900,?,9,-9900,?,9,0.0,E,8,-9900,?,9,-9900,?,9,0.0,0.0,E,8
02/26/2010,08:00,570.789,1394.1,190.99,1,8,66.006,1,8,164.004,1,8,22918.8,1,8,6270.524,1,8,18040.477,1,8,127.689,1,8,-9900,?,9,-9900,?,9,22.09,E,8,21.48,E,8,93.0,E,8,1008.6016999999999,E,8,999.0,E,8,1.58,E,8,-9900,?,9,-9900,?,9,0.0,E,8,-9900,?,9,-9900,?,9,0.0,0.0,E,8
02/26/2010,09:00,860.621,1394.1,197.75,1,8,4.769,1,8,194.807,1,8,23730.0,1,8,453.074,1,8,21428.795,1,8,100.495,1,8,-9900,?,9,-9900,?,9,25.12,E,8,21.57,E,8,81.0,E,8,1008.6016999999999,E,8,999.0,E,8,1.58,E,8,-9900,?,9,-9900,?,9,0.017,E,8,-9900,?,9,-9900,?,9,0.17,99.0,E,8
02/26/2010,10:00,1097.263,1394.1,281.37,1,8,8.901,1,8,274.365,1,8,33764.4,1,8,845.598,1,8,30180.203,1,8,110.979,1,8,-9900,?,9,-9900,?,9,25.57,E,8,21.59,E,8,79.0,E,8,1008.6016999999999,E,8,999.0,E,8,1.58,E,8,-9900,?,9,-9900,?,9,0.04,E,8,-9900,?,9,-9900,?,9,0.4,99.0,E,8
02/26/2010,11:00,1264.442,1394.1,414.92,1,8,34.528,1,8,383.605,1,8,49790.4,1,8,3280.143,1,8,42196.597,1,8,134.635,1,8,-9900,?,9,-9900,?,9,26.32,E,8,21.61,E,8,75.0,E,8,1008.6016999999999,E,8,999.0,E,8,1.58,E,8,-9900,?,9,-9900,?,9,0.006,E,8,-9900,?,9,-9900,?,9,0.06,99.0,E,8
02/26/2010,12:00,1350.706,1394.1,504.39,1,8,52.467,1,8,453.557,1,8,60526.8,1,8,4984.35,1,8,49891.298,1,8,149.013,1,8,-9900,?,9,-9900,?,9,27.05,E,8,21.63,E,8,72.0,E,8,1008.6016999999999,E,8,999.0,E,8,1.58,E,8,-9900,?,9,-9900,?,9,0.01,E,8,-9900,?,9,-9900,?,9,0.1,99.0,E,8
02/26/2010,13:00,1350.146,1394.1,627.49,1,8,186.232,1,8,447.133,1,8,75298.8,1,8,17692.024,1,8,49184.661,1,8,146.963,1,8,-9900,?,9,-9900,?,9,27.85,E,8,21.66,E,8,69.0,E,8,1008.6016999999999,E,8,999.0,E,8,1.58,E,8,-9900,?,9,-9900,?,9,0.001,E,8,-9900,?,9,-9900,?,9,0.01,99.0,E,8
02/26/2010,14:00,1262.783,1394.1,305.97,1,8,15.359,1,8,292.059,1,8,36716.4,1,8,1459.107,1,8,32126.448,1,8,102.639,1,8,-9900,?,9,-9900,?,9,27.61,E,8,21.65,E,8,70.0,E,8,1008.6016999999999,E,8,999.0,E,8,1.58,E,8,-9900,?,9,-9900,?,9,0.003,E,8,-9900,?,9,-9900,?,9,0.03,99.0,E,8
02/26/2010,15:00,1094.57,1394.1,223.99,1,8,2.606,1,8,221.944,1,8,26878.8,1,8,247.553,1,8,24413.887,1,8,89.996,1,8,-9900,?,9,-9900,?,9,27.16,E,8,21.64,E,8,72.0,E,8,1008.6016999999999,E,8,999.0,E,8,1.58,E,8,-9900,?,9,-9900,?,9,0.002,E,8,-9900,?,9,-9900,?,9,0.02,99.0,E,8
02/26/2010,16:00,856.999,1394.1,215.59,1,8,8.527,1,8,210.351,1,8,25870.8,1,8,810.054,1,8,23138.585,1,8,108.973,1,8,-9900,?,9,-9900,?,9,26.78,E,8,21.62,E,8,73.0,E,8,1008.6016999999999,E,8,999.0,E,8,1.64,E,8,-9900,?,9,-9900,?,9,0.004,E,8,-9900,?,9,-9900,?,9,0.04,99.0,E,8
02/26/2010,17:00,566.379,1394.1,204.46,1,8,79.345,1,8,172.272,1,8,24535.2,1,8,7537.757,1,8,18949.939,1,8,135.174,1,8,-9900,?,9,-9900,?,9,26.45,E,8,21.61,E,8,75.0,E,8,1008.6016999999999,E,8,999.0,E,8,2.1,E,8,-9900,?,9,-9900,?,9,0.05,E,8,-9900,?,9,-9900,?,9,0.5,99.0,E,8
02/26/2010,18:00,243.236,1394.1,91.84,1,8,142.443,1,8,67.208,1,8,11020.8,1,8,13532.098,1,8,7392.867,1,8,123.711,1,8,-9900,?,9,-9900,?,9,25.91,E,8,21.6,E,8,77.0,E,8,1008.6016999999999,E,8,999.0,E,8,2.16,E,8,-9900,?,9,-9900,?,9,0.013000000000000001,E,8,-9900,?,9,-9900,?,9,0.13,99.0,E,8
02/26/2010,19:00,0.0,1394.1,2.98,1,8,0.0,1,8,0.0,1,8,357.6,1,8,0.0,1,8,0.0,1,8,-0.0,1,8,-9900,?,9,-9900,?,9,25.44,E,8,21.58,E,8,80.0,E,8,1008.6016999999999,E,8,999.0,E,8,2.56,E,8,-9900,?,9,-9900,?,9,0.026000000000000002,E,8,-9900,?,9,-9900,?,9,0.26,99.0,E,8
02/26/2010,20:00,0.0,1394.1,0.0,1,8,0.0,1,8,0.0,1,8,0.0,1,8,0.0,1,8,0.0,1,8,-0.0,1,8,-9900,?,9,-9900,?,9,24.98,E,8,21.57,E,8,87.0,E,8,1008.6016999999999,E,8,999.0,E,8,3.17,E,8,-9900,?,9,-9900,?,9,0.15,E,8,-9900,?,9,-9900,?,9,1.5,99.0,E,8
02/26/2010,21:00,0.0,1394.1,0.0,1,8,0.0,1,8,0.0,1,8,0.0,1,8,0.0,1,8,0.0,1,8,-0.0,1,8,-9900,?,9,-9900,?,9,24.51,E,8,21.55,E,8,95.0,E,8,1008.6016999999999,E,8,999.0,E,8,3.97,E,8,-9900,?,9,-9900,?,9,2.7190000000000003,E,8,-9900,?,9,-9900,?,9,27.19,99.0,E,8
02/26/2010,22:00,0.0,1394.1,0.0,1,8,0.0,1,8,0.0,1,8,0.0,1,8,0.0,1,8,0.0,1,8,-0.0,1,8,-9900,?,9,-9900,?,9,24.05,E,8,21.54,E,8,92.0,E,8,1008.6016999999999,E,8,999.0,E,8,3.25,E,8,-9900,?,9,-9900,?,9,0.24500000000000002,E,8,-9900,?,9,-9900,?,9,2.45,99.0,E,8
02/26/2010,23:00,0.0,1394.1,0.0,1,8,0.0,1,8,0.0,1,8,0.0,1,8,0.0,1,8,0.0,1,8,-0.0,1,8,-9900,?,9,-9900,?,9,23.58,E,8,21.52,E,8,89.0,E,8,1008.6016999999999,E,8,999.0,E,8,2.87,E,8,-9900,?,9,-9900,?,9,0.063,E,8,-9900,?,9,-9900,?,9,0.63,99.0,E,8
02/26/2010,24:00,0.0,1394.1,0.0,1,8,0.0,1,8,0.0,1,8,0.0,1,8,0.0,1,8,0.0,1,8,-0.0,1,8,-9900,?,9,-9900,?,9,23.12,E,8,21.27,E,8,88.0,E,8,1008.6016999999999,E,8,999.0,E,8,1.07,E,8,-9900,?,9,-9900,?,9,0.004,E,8,-9900,?,9,-9900,?,9,0.04,99.0,E,8
02/27/2010,01:00,0.0,1394.1,0.0,1,8,0.0,1,8,0.0,1,8,0.0,1,8,0.0,1,8,0.0,1,8,-0.0,1,8,-9900,?,9,-9900,?,9,22.88,E,8,21.21,E,8,96.0,E,8,1008.6016999999999,E,8,999.0,E,8,1.07,E,8,-9900,?,9,-9900,?,9,1.2570000000000001,E,8,-9900,?,9,-9900,?,9,12.57,99.0,E,8
02/27/2010,02:00,0.0,1394.1,0.0,1,8,0.0,1,8,0.0,1,8,0.0,1,8,0.0,1,8,0.0,1,8,-0.0,1,8,-9900,?,9,-9900,?,9,22.65,E,8,21.16,E,8,89.0,E,8,1008.6016999999999,E,8,999.0,E,8,1.07,E,8,-9900,?,9,-9900,?,9,0.032,E,8,-9900,?,9,-9900,?,9,0.32,99.0,E,8
02/27/2010,03:00,0.0,1394.1,0.0,1,8,0.0,1,8,0.0,1,8,0.0,1,8,0.0,1,8,0.0,1,8,-0.0,1,8,-9900,?,9,-9900,?,9,22.42,E,8,21.1,E,8,94.0,E,8,1008.6016999999999,E,8,999.0,E,8,1.07,E,8,-9900,?,9,-9900,?,9,0.10500000000000001,E,8,-9900,?,9,-9900,?,9,1.05,99.0,E,8
02/27/2010,04:00,0.0,1393.419,0.0,1,8,0.0,1,8,0.0,1,8,0.0,1,8,0.0,1,8,0.0,1,8,-0.0,1,8,-9900,?,9,-9900,?,9,22.18,E,8,21.04,E,8,91.0,E,8,1008.6016999999999,E,8,999.0,E,8,1.07,E,8,-9900,?,9,-9900,?,9,0.019,E,8,-9900,?,9,-9900,?,9,0.19,99.0,E,8
02/27/2010,05:00,0.0,1393.419,0.0,1,8,0.0,1,8,0.0,1,8,0.0,1,8,0.0,1,8,0.0,1,8,-0.0,1,8,-9900,?,9,-9900,?,9,21.95,E,8,20.98,E,8,91.0,E,8,1008.6016999999999,E,8,999.0,E,8,1.07,E,8,-9900,?,9,-9900,?,9,0.011,E,8,-9900,?,9,-9900,?,9,0.11,99.0,E,8
02/27/2010,06:00,0.0,1393.419,0.0,1,8,0.0,1,8,0.0,1,8,0.0,1,8,0.0,1,8,0.0,1,8,-0.0,1,8,-9900,?,9,-9900,?,9,21.77,E,8,20.93,E,8,92.0,E,8,1008.6016999999999,E,8,999.0,E,8,1.07,E,8,-9900,?,9,-9900,?,9,0.002,E,8,-9900,?,9,-9900,?,9,0.02,99.0,E,8
02/27/2010,07:00,246.002,1393.419,14.64,1,8,0.0,1,8,14.64,1,8,1756.8,1,8,0.0,1,8,1610.4,1,8,26.627,1,8,-9900,?,9,-9900,?,9,21.62,E,8,20.89,E,8,92.0,E,8,1008.6016999999999,E,8,999.0,E,8,1.07,E,8,-9900,?,9,-9900,?,9,0.009,E,8,-9900,?,9,-9900,?,9,0.09,99.0,E,8
02/27/2010,08:00,568.638,1393.419,111.08,1,8,0.0,1,8,111.08,1,8,13329.6,1,8,0.0,1,8,12218.8,1,8,86.769,1,8,-9900,?,9,-9900,?,9,21.46,E,8,20.85,E,8,93.0,E,8,1008.6016999999999,E,8,999.0,E,8,1.07,E,8,-9900,?,9,-9900,?,9,0.062,E,8,-9900,?,9,-9900,?,9,0.62,99.0,E,8
02/27/2010,09:00,858.487,1393.419,230.12,1,8,13.067,1,8,222.073,1,8,27614.4,1,8,1241.331,1,8,24428.084,1,8,114.79,1,8,-9900,?,9,-9900,?,9,23.96,E,8,21.49,E,8,86.0,E,8,1008.6016999999999,E,8,999.0,E,8,1.07,E,8,-9900,?,9,-9900,?,9,0.005,E,8,-9900,?,9,-9900,?,9,0.05,99.0,E,8
02/27/2010,10:00,1095.067,1393.419,365.69,1,8,37.995,1,8,335.836,1,8,43882.8,1,8,3609.495,1,8,36941.958,1,8,136.05,1,8,-9900,?,9,-9900,?,9,24.91,E,8,21.72,E,8,83.0,E,8,1008.6016999999999,E,8,999.0,E,8,2.02,E,8,-9900,?,9,-9900,?,9,0.003,E,8,-9900,?,9,-9900,?,9,0.03,99.0,E,8
02/27/2010,11:00,1262.109,1393.419,232.03,1,8,13.998,1,8,219.352,1,8,27843.6,1,8,1329.806,1,8,24128.717,1,8,77.091,1,8,-9900,?,9,-9900,?,9,24.9,E,8,21.72,E,8,83.0,E,8,1008.6016999999999,E,8,999.0,E,8,2.67,E,8,-9900,?,9,-9900,?,9,0.015,E,8,-9900,?,9,-9900,?,9,0.15,99.0,E,8
02/27/2010,12:00,1348.171,1393.419,559.6,1,8,83.7,1,8,478.619,1,8,67152.0,1,8,7951.514,1,8,52648.143,1,8,157.466,1,8,-9900,?,9,-9900,?,9,25.85,E,8,21.95,E,8,81.0,E,8,1008.6016999999999,E,8,999.0,E,8,2.92,E,8,-9900,?,9,-9900,?,9,0.024,E,8,-9900,?,9,-9900,?,9,0.24,99.0,E,8
02/27/2010,13:00,1347.355,1393.419,532.16,1,8,58.099,1,8,475.983,1,8,63859.2,1,8,5519.358,1,8,52358.164,1,8,156.693,1,8,-9900,?,9,-9900,?,9,26.41,E,8,22.08,E,8,79.0,E,8,1008.6016999999999,E,8,999.0,E,8,3.02,E,8,-9900,?,9,-9900,?,9,0.007000000000000001,E,8,-9900,?,9,-9900,?,9,0.07,99.0,E,8
02/27/2010,14:00,1259.701,1393.419,681.41,1,8,269.213,1,8,438.048,1,8,81769.2,1,8,25575.254,1,8,48185.238,1,8,154.246,1,8,-9900,?,9,-9900,?,9,27.13,E,8,22.26,E,8,74.0,E,8,1008.6016999999999,E,8,999.0,E,8,3.65,E,8,-9900,?,9,-9900,?,9,0.0,E,8,-9900,?,9,-9900,?,9,0.0,0.0,E,8
02/27/2010,15:00,1091.183,1393.419,573.29,1,8,165.396,1,8,443.793,1,8,68794.8,1,8,15712.62,1,8,48817.213,1,8,180.424,1,8,-9900,?,9,-9900,?,9,27.47,E,8,22.34,E,8,73.0,E,8,1008.6016999999999,E,8,999.0,E,8,4.17,E,8,-9900,?,9,-9900,?,9,0.0,E,8,-9900,?,9,-9900,?,9,0.0,0.0,E,8
02/27/2010,16:00,853.314,1393.419,431.8,1,8,161.781,1,8,332.776,1,8,51816.0,1,8,15369.192,1,8,36605.32,1,8,173.056,1,8,-9900,?,9,-9900,?,9,27.5,E,8,22.35,E,8,73.0,E,8,1008.6016999999999,E,8,999.0,E,8,3.55,E,8,-9900,?,9,-9900,?,9,0.0,E,8,-9900,?,9,-9900,?,9,0.0,0.0,E,8
02/27/2010,17:00,562.426,1393.419,243.02,1,8,171.554,1,8,173.879,1,8,29162.4,1,8,16297.6,1,8,19126.738,1,8,137.33,1,8,-9900,?,9,-9900,?,9,27.08,E,8,22.25,E,8,74.0,E,8,1008.6016999999999,E,8,999.0,E,8,3.31,E,8,-9900,?,9,-9900,?,9,0.0,E,8,-9900,?,9,-9900,?,9,0.0,0.0,E,8
02/27/2010,18:00,239.083,1393.419,108.34,1,8,302.677,1,8,56.883,1,8,13000.8,1,8,28754.349,1,8,6257.144,1,8,106.505,1,8,-9900,?,9,-9900,?,9,26.43,E,8,22.09,E,8,79.0,E,8,1008.6016999999999,E,8,999.0,E,8,3.09,E,8,-9900,?,9,-9900,?,9,0.001,E,8,-9900,?,9,-9900,?,9,0.01,99.0,E,8
02/27/2010,19:00,0.0,1393.419,3.12,1,8,0.0,1,8,0.0,1,8,374.4,1,8,0.0,1,8,0.0,1,8,-0.0,1,8,-9900,?,9,-9900,?,9,25.96,E,8,21.98,E,8,80.0,E,8,1008.6016999999999,E,8,999.0,E,8,2.56,E,8,-9900,?,9,-9900,?,9,0.001,E,8,-9900,?,9,-9900,?,9,0.01,99.0,E,8
02/27/2010,20:00,0.0,1393.419,0.0,1,8,0.0,1,8,0.0,1,8,0.0,1,8,0.0,1,8,0.0,1,8,-0.0,1,8,-9900,?,9,-9900,?,9,25.5,E,8,21.86,E,8,81.0,E,8,1008.6016999999999,E,8,999.0,E,8,2.17,E,8,-9900,?,9,-9900,?,9,0.043,E,8,-9900,?,9,-9900,?,9,0.43,99.0,E,8
02/27/2010,21:00,0.0,1393.419,0.0,1,8,0.0,1,8,0.0,1,8,0.0,1,8,0.0,1,8,0.0,1,8,-0.0,1,8,-9900,?,9,-9900,?,9,25.03,E,8,21.75,E,8,79.0,E,8,1008.6016999999999,E,8,999.0,E,8,1.07,E,8,-9900,?,9,-9900,?,9,0.0,E,8,-9900,?,9,-9900,?,9,0.0,0.0,E,8
02/27/2010,22:00,0.0,1393.419,0.0,1,8,0.0,1,8,0.0,1,8,0.0,1,8,0.0,1,8,0.0,1,8,-0.0,1,8,-9900,?,9,-9900,?,9,24.56,E,8,21.63,E,8,80.0,E,8,1008.6016999999999,E,8,999.0,E,8,1.07,E,8,-9900,?,9,-9900,?,9,0.0,E,8,-9900,?,9,-9900,?,9,0.0,0.0,E,8
02/27/2010,23:00,0.0,1393.419,0.0,1,8,0.0,1,8,0.0,1,8,0.0,1,8,0.0,1,8,0.0,1,8,-0.0,1,8,-9900,?,9,-9900,?,9,24.1,E,8,21.52,E,8,82.0,E,8,1008.6016999999999,E,8,999.0,E,8,1.07,E,8,-9900,?,9,-9900,?,9,0.0,E,8,-9900,?,9,-9900,?,9,0.0,0.0,E,8
02/27/2010,24:00,0.0,1393.419,0.0,1,8,0.0,1,8,0.0,1,8,0.0,1,8,0.0,1,8,0.0,1,8,-0.0,1,8,-9900,?,9,-9900,?,9,23.63,E,8,20.51,E,8,94.0,E,8,1008.6016999999999,E,8,999.0,E,8,1.5,E,8,-9900,?,9,-9900,?,9,0.519,E,8,-9900,?,9,-9900,?,9,5.19,99.0,E,8
02/28/2010,01:00,0.0,1393.419,0.0,1,8,0.0,1,8,0.0,1,8,0.0,1,8,0.0,1,8,0.0,1,8,-0.0,1,8,-9900,?,9,-9900,?,9,23.4,E,8,20.59,E,8,86.0,E,8,1008.6016999999999,E,8,999.0,E,8,1.5,E,8,-9900,?,9,-9900,?,9,0.002,E,8,-9900,?,9,-9900,?,9,0.02,99.0,E,8
02/28/2010,02:00,0.0,1393.419,0.0,1,8,0.0,1,8,0.0,1,8,0.0,1,8,0.0,1,8,0.0,1,8,-0.0,1,8,-9900,?,9,-9900,?,9,23.16,E,8,20.68,E,8,88.0,E,8,1008.6016999999999,E,8,999.0,E,8,1.5,E,8,-9900,?,9,-9900,?,9,0.011,E,8,-9900,?,9,-9900,?,9,0.11,99.0,E,8
02/28/2010,03:00,0.0,1393.419,0.0,1,8,0.0,1,8,0.0,1,8,0.0,1,8,0.0,1,8,0.0,1,8,-0.0,1,8,-9900,?,9,-9900,?,9,22.93,E,8,20.76,E,8,90.0,E,8,1008.6016999999999,E,8,999.0,E,8,1.5,E,8,-9900,?,9,-9900,?,9,0.033,E,8,-9900,?,9,-9900,?,9,0.33,99.0,E,8
02/28/2010,04:00,0.0,1392.731,0.0,1,8,0.0,1,8,0.0,1,8,0.0,1,8,0.0,1,8,0.0,1,8,-0.0,1,8,-9900,?,9,-9900,?,9,22.69,E,8,20.85,E,8,91.0,E,8,1008.6016999999999,E,8,999.0,E,8,1.5,E,8,-9900,?,9,-9900,?,9,0.005,E,8,-9900,?,9,-9900,?,9,0.05,99.0,E,8
02/28/2010,05:00,0.0,1392.731,0.0,1,8,0.0,1,8,0.0,1,8,0.0,1,8,0.0,1,8,0.0,1,8,-0.0,1,8,-9900,?,9,-9900,?,9,22.46,E,8,20.93,E,8,93.0,E,8,1008.6016999999999,E,8,999.0,E,8,1.5,E,8,-9900,?,9,-9900,?,9,0.018,E,8,-9900,?,9,-9900,?,9,0.18,99.0,E,8
02/28/2010,06:00,0.0,1392.731,0.0,1,8,0.0,1,8,0.0,1,8,0.0,1,8,0.0,1,8,0.0,1,8,-0.0,1,8,-9900,?,9,-9900,?,9,22.28,E,8,21.0,E,8,89.0,E,8,1008.6016999999999,E,8,999.0,E,8,1.5,E,8,-9900,?,9,-9900,?,9,0.0,E,8,-9900,?,9,-9900,?,9,0.0,0.0,E,8
02/28/2010,07:00,243.793,1392.731,7.7,1,8,0.0,1,8,7.7,1,8,924.0,1,8,0.0,1,8,847.0,1,8,14.126,1,8,-9900,?,9,-9900,?,9,22.13,E,8,21.05,E,8,91.0,E,8,1008.6016999999999,E,8,999.0,E,8,1.5,E,8,-9900,?,9,-9900,?,9,0.0,E,8,-9900,?,9,-9900,?,9,0.0,0.0,E,8
02/28/2010,08:00,566.494,1392.731,208.62,1,8,98.279,1,8,168.704,1,8,25034.4,1,8,9336.491,1,8,18557.41,1,8,132.216,1,8,-9900,?,9,-9900,?,9,21.97,E,8,21.11,E,8,92.0,E,8,1008.6016999999999,E,8,999.0,E,8,1.5,E,8,-9900,?,9,-9900,?,9,0.0,E,8,-9900,?,9,-9900,?,9,0.0,0.0,E,8
02/28/2010,09:00,856.341,1392.731,455.9,1,8,292.733,1,8,275.995,1,8,54708.0,1,8,27809.66,1,8,30359.497,1,8,142.949,1,8,-9900,?,9,-9900,?,9,25.44,E,8,19.82,E,8,69.0,E,8,1008.6016999999999,E,8,999.0,E,8,1.5,E,8,-9900,?,9,-9900,?,9,0.0,E,8,-9900,?,9,-9900,?,9,0.0,0.0,E,8
02/28/2010,10:00,1092.84,1392.731,668.64,1,8,448.483,1,8,316.792,1,8,80236.8,1,8,42605.854,1,8,34847.103,1,8,128.533,1,8,-9900,?,9,-9900,?,9,26.6,E,8,19.37,E,8,63.0,E,8,1008.6016999999999,E,8,999.0,E,8,1.5,E,8,-9900,?,9,-9900,?,9,0.0,E,8,-9900,?,9,-9900,?,9,0.0,0.0,E,8
02/28/2010,11:00,1259.725,1392.731,844.32,1,8,547.848,1,8,348.824,1,8,101318.4,1,8,52045.524,1,8,38370.649,1,8,122.765,1,8,-9900,?,9,-9900,?,9,27.65,E,8,18.95,E,8,58.0,E,8,1008.6016999999999,E,8,999.0,E,8,2.48,E,8,-9900,?,9,-9900,?,9,0.0,E,8,-9900,?,9,-9900,?,9,0.0,0.0,E,8
02/28/2010,12:00,1345.566,1392.731,963.51,1,8,658.254,1,8,327.561,1,8,115621.2,1,8,62534.121,1,8,36031.717,1,8,107.923,1,8,-9900,?,9,-9900,?,9,28.52,E,8,18.6,E,8,54.0,E,8,1008.6016999999999,E,8,999.0,E,8,2.62,E,8,-9900,?,9,-9900,?,9,0.0,E,8,-9900,?,9,-9900,?,9,0.0,0.0,E,8
02/28/2010,13:00,1344.481,1392.731,979.86,1,8,712.443,1,8,292.114,1,8,117583.2,1,8,67682.093,1,8,32132.498,1,8,96.322,1,8,-9900,?,9,-9900,?,9,29.13,E,8,18.34,E,8,52.0,E,8,1008.6016999999999,E,8,999.0,E,8,3.11,E,8,-9900,?,9,-9900,?,9,0.0,E,8,-9900,?,9,-9900,?,9,0.0,0.0,E,8
02/28/2010,14:00,1256.527,1392.731,945.35,1,8,864.981,1,8,165.013,1,8,113442.0,1,8,82173.201,1,8,18151.427,1,8,58.223,1,8,-9900,?,9,-9900,?,9,29.51,E,8,18.18,E,8,50.0,E,8,1008.6016999999999,E,8,999.0,E,8,3.7,E,8,-9900,?,9,-9900,?,9,0.0,E,8,-9900,?,9,-9900,?,9,0.0,0.0,E,8
02/28/2010,15:00,1087.7,1392.731,834.39,1,8,921.888,1,8,114.546,1,8,100126.8,1,8,87579.317,1,8,12600.076,1,8,46.695,1,8,-9900,?,9,-9900,?,9,29.66,E,8,18.12,E,8,49.0,E,8,1008.6016999999999,E,8,999.0,E,8,3.49,E,8,-9900,?,9,-9900,?,9,0.0,E,8,-9900,?,9,-9900,?,9,0.0,0.0,E,8
02/28/2010,16:00,849.534,1392.731,668.05,1,8,811.035,1,8,173.582,1,8,80166.0,1,8,77048.356,1,8,19093.99,1,8,90.627,1,8,-9900,?,9,-9900,?,9,29.52,E,8,18.18,E,8,50.0,E,8,1008.6016999999999,E,8,999.0,E,8,3.63,E,8,-9900,?,9,-9900,?,9,0.0,E,8,-9900,?,9,-9900,?,9,0.0,0.0,E,8
02/28/2010,17:00,558.384,1392.731,444.57,1,8,748.392,1,8,144.975,1,8,53348.4,1,8,71097.198,1,8,15947.291,1,8,115.276,1,8,-9900,?,9,-9900,?,9,29.02,E,8,18.39,E,8,52.0,E,8,1008.6016999999999,E,8,999.0,E,8,2.21,E,8,-9900,?,9,-9900,?,9,0.0,E,8,-9900,?,9,-9900,?,9,0.0,0.0,E,8
02/28/2010,18:00,234.856,1392.731,262.642,1,8,300.27,1,8,212.488,1,8,31517.04,1,8,28525.607,1,8,23373.727,1,8,404.944,1,8,-9900,?,9,-9900,?,9,28.264,E,8,18.7,E,8,57.2,E,8,1008.6016999999999,E,8,999.0,E,8,2.126,E,8,-9900,?,9,-9900,?,9,0.0004,E,8,-9900,?,9,-9900,?,9,0.004,99.0,E,8
02/28/2010,19:00,0.0,1392.731,129.032,1,8,0.0,1,8,0.0,1,8,15483.84,1,8,0.0,1,8,0.0,1,8,-0.0,1,8,-9900,?,9,-9900,?,9,27.636,E,8,18.956,E,8,60.0,E,8,1008.6016999999999,E,8,999.0,E,8,1.7,E,8,-9900,?,9,-9900,?,9,0.0004,E,8,-9900,?,9,-9900,?,9,0.004,99.0,E,8
02/28/2010,20:00,0.0,1392.731,40.118,1,8,0.0,1,8,0.0,1,8,4814.16,1,8,0.0,1,8,0.0,1,8,-0.0,1,8,-9900,?,9,-9900,?,9,26.988,E,8,19.216,E,8,64.0,E,8,1008.6016999999999,E,8,999.0,E,8,1.558,E,8,-9900,?,9,-9900,?,9,0.0018,E,8,-9900,?,9,-9900,?,9,0.018,99.0,E,8
02/28/2010,21:00,0.0,1392.731,0.878,1,8,0.0,1,8,0.0,1,8,105.36,1,8,0.0,1,8,0.0,1,8,-0.0,1,8,-9900,?,9,-9900,?,9,26.382,E,8,19.456,E,8,67.2,E,8,1008.6016999999999,E,8,999.0,E,8,1.5,E,8,-9900,?,9,-9900,?,9,0.0021999999999999997,E,8,-9900,?,9,-9900,?,9,0.022,99.0,E,8
02/28/2010,22:00,0.0,1392.731,0.0,1,8,0.0,1,8,0.0,1,8,0.0,1,8,0.0,1,8,0.0,1,8,-0.0,1,8,-9900,?,9,-9900,?,9,25.778,E,8,19.884,E,8,70.8,E,8,1008.6016999999999,E,8,999.0,E,8,1.474,E,8,-9900,?,9,-9900,?,9,0.004,E,8,-9900,?,9,-9900,?,9,0.04,99.0,E,8
02/28/2010,23:00,0.0,1392.731,0.0,1,8,0.0,1,8,0.0,1,8,0.0,1,8,0.0,1,8,0.0,1,8,-0.0,1,8,-9900,?,9,-9900,?,9,25.234,E,8,20.284,E,8,76.0,E,8,1008.6016999999999,E,8,999.0,E,8,1.448,E,8,-9900,?,9,-9900,?,9,0.026600000000000002,E,8,-9900,?,9,-9900,?,9,0.266,99.0,E,8
02/28/2010,24:00,0.0,1392.731,0.0,1,8,0.0,1,8,0.0,1,8,0.0,1,8,0.0,1,8,0.0,1,8,-0.0,1,8,-9900,?,9,-9900,?,9,24.75,E,8,20.656,E,8,80.2,E,8,1008.6016999999999,E,8,999.0,E,8,1.422,E,8,-9900,?,9,-9900,?,9,0.032600000000000004,E,8,-9900,?,9,-9900,?,9,0.326,99.0,E,8
03/01/2010,01:00,0.0,1392.731,0.0,1,8,0.0,1,8,0.0,1,8,0.0,1,8,0.0,1,8,0.0,1,8,-0.0,1,8,-9900,?,9,-9900,?,9,24.326,E,8,21.0,E,8,83.0,E,8,1008.6016999999999,E,8,999.0,E,8,1.396,E,8,-9900,?,9,-9900,?,9,0.0318,E,8,-9900,?,9,-9900,?,9,0.318,99.0,E,8
03/01/2010,02:00,0.0,1392.731,0.0,1,8,0.0,1,8,0.0,1,8,0.0,1,8,0.0,1,8,0.0,1,8,-0.0,1,8,-9900,?,9,-9900,?,9,23.964,E,8,21.314,E,8,85.4,E,8,1008.6016999999999,E,8,999.0,E,8,1.37,E,8,-9900,?,9,-9900,?,9,0.0342,E,8,-9900,?,9,-9900,?,9,0.342,99.0,E,8
03/01/2010,03:00,0.0,1392.731,0.0,1,8,0.0,1,8,0.0,1,8,0.0,1,8,0.0,1,8,0.0,1,8,-0.0,1,8,-9900,?,9,-9900,?,9,23.66,E,8,21.41,E,8,87.2,E,8,1008.6016999999999,E,8,999.0,E,8,1.37,E,8,-9900,?,9,-9900,?,9,0.0482,E,8,-9900,?,9,-9900,?,9,0.482,99.0,E,8
03/01/2010,04:00,0.0,1392.035,0.0,1,8,0.0,1,8,0.0,1,8,0.0,1,8,0.0,1,8,0.0,1,8,-0.0,1,8,-9900,?,9,-9900,?,9,23.37,E,8,21.5,E,8,89.0,E,8,1008.6016999999999,E,8,999.0,E,8,1.37,E,8,-9900,?,9,-9900,?,9,0.0598,E,8,-9900,?,9,-9900,?,9,0.598,99.0,E,8
03/01/2010,05:00,0.0,1392.035,1.768,1,8,0.0,1,8,0.0,1,8,212.16,1,8,0.0,1,8,0.0,1,8,-0.0,1,8,-9900,?,9,-9900,?,9,23.102,E,8,21.582,E,8,90.6,E,8,1008.6016999999999,E,8,999.0,E,8,1.37,E,8,-9900,?,9,-9900,?,9,0.0654,E,8,-9900,?,9,-9900,?,9,0.654,99.0,E,8
03/01/2010,06:00,0.0,1392.035,0.0,1,8,0.0,1,8,0.0,1,8,0.0,1,8,0.0,1,8,0.0,1,8,-0.0,1,8,-9900,?,9,-9900,?,9,22.82,E,8,21.67,E,8,96.0,E,8,1008.6016999999999,E,8,999.0,E,8,1.37,E,8,-9900,?,9,-9900,?,9,0.17099999999999999,E,8,-9900,?,9,-9900,?,9,1.71,99.0,E,8
03/01/2010,07:00,241.609,1392.035,8.84,1,8,0.0,1,8,8.84,1,8,1060.8,1,8,0.0,1,8,972.4,1,8,16.359,1,8,-9900,?,9,-9900,?,9,22.62,E,8,21.73,E,8,93.0,E,8,1008.6016999999999,E,8,999.0,E,8,1.37,E,8,-9900,?,9,-9900,?,9,0.057999999999999996,E,8,-9900,?,9,-9900,?,9,0.58,99.0,E,8
03/01/2010,08:00,564.358,1392.035,200.45,1,8,83.154,1,8,166.788,1,8,24054.0,1,8,7899.629,1,8,18346.641,1,8,131.145,1,8,-9900,?,9,-9900,?,9,22.42,E,8,21.79,E,8,90.0,E,8,1008.6016999999999,E,8,999.0,E,8,1.37,E,8,-9900,?,9,-9900,?,9,0.0,E,8,-9900,?,9,-9900,?,9,0.0,0.0,E,8
03/01/2010,09:00,854.183,1392.035,411.04,1,8,167.084,1,8,308.564,1,8,49324.8,1,8,15872.937,1,8,33942.007,1,8,160.142,1,8,-9900,?,9,-9900,?,9,25.64,E,8,20.78,E,8,71.0,E,8,1008.6016999999999,E,8,999.0,E,8,1.37,E,8,-9900,?,9,-9900,?,9,0.0,E,8,-9900,?,9,-9900,?,9,0.0,0.0,E,8
03/01/2010,10:00,1090.579,1392.035,560.14,1,8,172.966,1,8,424.656,1,8,67216.8,1,8,16431.79,1,8,46712.158,1,8,172.568,1,8,-9900,?,9,-9900,?,9,26.53,E,8,20.49,E,8,67.0,E,8,1008.6016999999999,E,8,999.0,E,8,1.37,E,8,-9900,?,9,-9900,?,9,0.0,E,8,-9900,?,9,-9900,?,9,0.0,0.0,E,8
03/01/2010,11:00,1257.289,1392.035,711.65,1,8,297.496,1,8,442.969,1,8,85398.0,1,8,28262.113,1,8,48726.563,1,8,156.123,1,8,-9900,?,9,-9900,?,9,27.38,E,8,20.21,E,8,63.0,E,8,1008.6016999999999,E,8,999.0,E,8,1.87,E,8,-9900,?,9,-9900,?,9,0.0,E,8,-9900,?,9,-9900,?,9,0.0,0.0,E,8
03/01/2010,12:00,1342.893,1392.035,813.53,1,8,394.236,1,8,433.22,1,8,97623.6,1,8,37452.402,1,8,47654.182,1,8,142.948,1,8,-9900,?,9,-9900,?,9,28.1,E,8,19.96,E,8,60.0,E,8,1008.6016999999999,E,8,999.0,E,8,2.1,E,8,-9900,?,9,-9900,?,9,0.0,E,8,-9900,?,9,-9900,?,9,0.0,0.0,E,8
03/01/2010,13:00,1341.525,1392.035,909.14,1,8,571.393,1,8,358.492,1,8,109096.8,1,8,54282.331,1,8,39434.147,1,8,118.411,1,8,-9900,?,9,-9900,?,9,28.75,E,8,19.74,E,8,57.0,E,8,1008.6016999999999,E,8,999.0,E,8,2.46,E,8,-9900,?,9,-9900,?,9,0.0,E,8,-9900,?,9,-9900,?,9,0.0,0.0,E,8
03/01/2010,14:00,1253.263,1392.035,864.54,1,8,619.297,1,8,307.018,1,8,103744.8,1,8,58833.248,1,8,33772.03,1,8,108.556,1,8,-9900,?,9,-9900,?,9,29.15,E,8,19.6,E,8,56.0,E,8,1008.6016999999999,E,8,999.0,E,8,3.17,E,8,-9900,?,9,-9900,?,9,0.0,E,8,-9900,?,9,-9900,?,9,0.0,0.0,E,8
03/01/2010,15:00,1084.123,1392.035,776.35,1,8,749.891,1,8,192.443,1,8,93162.0,1,8,71239.615,1,8,21168.718,1,8,78.669,1,8,-9900,?,9,-9900,?,9,29.33,E,8,19.54,E,8,55.0,E,8,1008.6016999999999,E,8,999.0,E,8,2.69,E,8,-9900,?,9,-9900,?,9,0.0,E,8,-9900,?,9,-9900,?,9,0.0,0.0,E,8
03/01/2010,16:00,845.662,1392.035,615.35,1,8,842.194,1,8,103.973,1,8,73842.0,1,8,80008.433,1,8,11437.015,1,8,54.506,1,8,-9900,?,9,-9900,?,9,29.25,E,8,19.57,E,8,55.0,E,8,1008.6016999999999,E,8,999.0,E,8,3.12,E,8,-9900,?,9,-9900,?,9,0.0,E,8,-9900,?,9,-9900,?,9,0.0,0.0,E,8
03/01/2010,17:00,554.258,1392.035,421.22,1,8,742.993,1,8,125.844,1,8,50546.4,1,8,70584.293,1,8,13842.886,1,8,100.761,1,8,-9900,?,9,-9900,?,9,28.83,E,8,19.72,E,8,57.0,E,8,1008.6016999999999,E,8,999.0,E,8,2.5,E,8,-9900,?,9,-9900,?,9,0.0,E,8,-9900,?,9,-9900,?,9,0.0,0.0,E,8
03/01/2010,18:00,230.556,1392.035,182.42,1,8,379.841,1,8,120.127,1,8,21890.4,1,8,36084.911,1,8,13214.012,1,8,233.162,1,8,-9900,?,9,-9900,?,9,28.11,E,8,19.96,E,8,64.0,E,8,1008.6016999999999,E,8,999.0,E,8,1.85,E,8,-9900,?,9,-9900,?,9,0.022,E,8,-9900,?,9,-9900,?,9,0.22,99.0,E,8
03/01/2010,19:00,0.0,1392.035,7.59,1,8,0.0,1,8,0.0,1,8,910.8,1,8,0.0,1,8,0.0,1,8,-0.0,1,8,-9900,?,9,-9900,?,9,27.49,E,8,20.17,E,8,67.0,E,8,1008.6016999999999,E,8,999.0,E,8,1.37,E,8,-9900,?,9,-9900,?,9,0.006,E,8,-9900,?,9,-9900,?,9,0.06,99.0,E,8
03/01/2010,20:00,0.0,1392.035,0.0,1,8,0.0,1,8,0.0,1,8,0.0,1,8,0.0,1,8,0.0,1,8,-0.0,1,8,-9900,?,9,-9900,?,9,26.87,E,8,20.38,E,8,70.0,E,8,1008.6016999999999,E,8,999.0,E,8,1.37,E,8,-9900,?,9,-9900,?,9,0.001,E,8,-9900,?,9,-9900,?,9,0.01,99.0,E,8
03/01/2010,21:00,0.0,1392.035,0.0,1,8,0.0,1,8,0.0,1,8,0.0,1,8,0.0,1,8,0.0,1,8,-0.0,1,8,-9900,?,9,-9900,?,9,26.25,E,8,20.58,E,8,73.0,E,8,1008.6016999999999,E,8,999.0,E,8,1.37,E,8,-9900,?,9,-9900,?,9,0.041999999999999996,E,8,-9900,?,9,-9900,?,9,0.42,99.0,E,8
03/01/2010,22:00,0.0,1392.035,0.0,1,8,0.0,1,8,0.0,1,8,0.0,1,8,0.0,1,8,0.0,1,8,-0.0,1,8,-9900,?,9,-9900,?,9,25.63,E,8,20.78,E,8,80.0,E,8,1008.6016999999999,E,8,999.0,E,8,1.37,E,8,-9900,?,9,-9900,?,9,0.302,E,8,-9900,?,9,-9900,?,9,3.02,99.0,E,8
03/01/2010,23:00,0.0,1392.035,0.0,1,8,0.0,1,8,0.0,1,8,0.0,1,8,0.0,1,8,0.0,1,8,-0.0,1,8,-9900,?,9,-9900,?,9,25.01,E,8,20.98,E,8,87.0,E,8,1008.6016999999999,E,8,999.0,E,8,1.37,E,8,-9900,?,9,-9900,?,9,4.146,E,8,-9900,?,9,-9900,?,9,41.46,99.0,E,8
03/01/2010,24:00,0.0,1392.035,0.0,1,8,0.0,1,8,0.0,1,8,0.0,1,8,0.0,1,8,0.0,1,8,-0.0,1,8,-9900,?,9,-9900,?,9,24.39,E,8,22.85,E,8,89.0,E,8,1008.6016999999999,E,8,999.0,E,8,1.74,E,8,-9900,?,9,-9900,?,9,0.014000000000000002,E,8,-9900,?,9,-9900,?,9,0.14,99.0,E,8
03/02/2010,01:00,0.0,1392.035,0.0,1,8,0.0,1,8,0.0,1,8,0.0,1,8,0.0,1,8,0.0,1,8,-0.0,1,8,-9900,?,9,-9900,?,9,24.08,E,8,22.73,E,8,90.0,E,8,1008.6016999999999,E,8,999.0,E,8,1.74,E,8,-9900,?,9,-9900,?,9,0.048,E,8,-9900,?,9,-9900,?,9,0.48,99.0,E,8
03/02/2010,02:00,0.0,1392.035,0.0,1,8,0.0,1,8,0.0,1,8,0.0,1,8,0.0,1,8,0.0,1,8,-0.0,1,8,-9900,?,9,-9900,?,9,23.77,E,8,22.62,E,8,91.0,E,8,1008.6016999999999,E,8,999.0,E,8,1.74,E,8,-9900,?,9,-9900,?,9,0.024,E,8,-9900,?,9,-9900,?,9,0.24,99.0,E,8
03/02/2010,03:00,0.0,1392.035,0.0,1,8,0.0,1,8,0.0,1,8,0.0,1,8,0.0,1,8,0.0,1,8,-0.0,1,8,-9900,?,9,-9900,?,9,23.46,E,8,22.5,E,8,92.0,E,8,1008.6016999999999,E,8,999.0,E,8,1.74,E,8,-9900,?,9,-9900,?,9,0.001,E,8,-9900,?,9,-9900,?,9,0.01,99.0,E,8
03/02/2010,04:00,0.0,1391.331,0.0,1,8,0.0,1,8,0.0,1,8,0.0,1,8,0.0,1,8,0.0,1,8,-0.0,1,8,-9900,?,9,-9900,?,9,23.15,E,8,22.38,E,8,89.0,E,8,1008.6016999999999,E,8,999.0,E,8,1.74,E,8,-9900,?,9,-9900,?,9,0.0,E,8,-9900,?,9,-9900,?,9,0.0,0.0,E,8
03/02/2010,05:00,0.0,1391.331,0.0,1,8,0.0,1,8,0.0,1,8,0.0,1,8,0.0,1,8,0.0,1,8,-0.0,1,8,-9900,?,9,-9900,?,9,22.84,E,8,22.26,E,8,94.0,E,8,1008.6016999999999,E,8,999.0,E,8,1.74,E,8,-9900,?,9,-9900,?,9,0.039,E,8,-9900,?,9,-9900,?,9,0.39,99.0,E,8
03/02/2010,06:00,0.0,1391.331,0.0,1,8,0.0,1,8,0.0,1,8,0.0,1,8,0.0,1,8,0.0,1,8,-0.0,1,8,-9900,?,9,-9900,?,9,22.6,E,8,22.17,E,8,95.0,E,8,1008.6016999999999,E,8,999.0,E,8,1.74,E,8,-9900,?,9,-9900,?,9,0.01,E,8,-9900,?,9,-9900,?,9,0.1,99.0,E,8
03/02/2010,07:00,239.45,1391.331,2.42,1,8,0.0,1,8,2.42,1,8,290.4,1,8,0.0,1,8,266.2,1,8,4.517,1,8,-9900,?,9,-9900,?,9,22.4,E,8,22.09,E,8,96.0,E,8,1008.6016999999999,E,8,999.0,E,8,1.74,E,8,-9900,?,9,-9900,?,9,0.059,E,8,-9900,?,9,-9900,?,9,0.59,99.0,E,8
03/02/2010,08:00,562.228,1391.331,81.26,1,8,0.0,1,8,81.26,1,8,9751.2,1,8,0.0,1,8,8938.6,1,8,64.105,1,8,-9900,?,9,-9900,?,9,22.19,E,8,22.02,E,8,97.0,E,8,1008.6016999999999,E,8,999.0,E,8,1.74,E,8,-9900,?,9,-9900,?,9,0.072,E,8,-9900,?,9,-9900,?,9,0.72,99.0,E,8
03/02/2010,09:00,852.01,1391.331,181.46,1,8,1.378,1,8,180.616,1,8,21775.2,1,8,130.95,1,8,19867.794,1,8,93.93,1,8,-9900,?,9,-9900,?,9,24.17,E,8,22.76,E,8,90.0,E,8,1008.6016999999999,E,8,999.0,E,8,1.74,E,8,-9900,?,9,-9900,?,9,0.031,E,8,-9900,?,9,-9900,?,9,0.31,99.0,E,8
03/02/2010,10:00,1088.284,1391.331,270.9,1,8,11.368,1,8,262.009,1,8,32508.0,1,8,1080.001,1,8,28821.033,1,8,106.644,1,8,-9900,?,9,-9900,?,9,24.87,E,8,23.02,E,8,88.0,E,8,1008.6016999999999,E,8,999.0,E,8,1.74,E,8,-9900,?,9,-9900,?,9,0.007000000000000001,E,8,-9900,?,9,-9900,?,9,0.07,99.0,E,8
03/02/2010,11:00,1254.8,1391.331,340.19,1,8,15.763,1,8,325.975,1,8,40822.8,1,8,1497.465,1,8,35857.247,1,8,115.059,1,8,-9900,?,9,-9900,?,9,25.48,E,8,23.24,E,8,86.0,E,8,1008.6016999999999,E,8,999.0,E,8,1.74,E,8,-9900,?,9,-9900,?,9,0.003,E,8,-9900,?,9,-9900,?,9,0.03,99.0,E,8
03/02/2010,12:00,1340.15,1391.331,383.72,1,8,24.709,1,8,359.92,1,8,46046.4,1,8,2347.373,1,8,39591.232,1,8,118.944,1,8,-9900,?,9,-9900,?,9,25.98,E,8,23.42,E,8,84.0,E,8,1008.6016999999999,E,8,999.0,E,8,1.74,E,8,-9900,?,9,-9900,?,9,0.005,E,8,-9900,?,9,-9900,?,9,0.05,99.0,E,8
03/02/2010,13:00,1338.488,1391.331,398.21,1,8,27.132,1,8,372.109,1,8,47785.2,1,8,2577.582,1,8,40931.954,1,8,123.125,1,8,-9900,?,9,-9900,?,9,26.35,E,8,23.56,E,8,83.0,E,8,1008.6016999999999,E,8,999.0,E,8,1.74,E,8,-9900,?,9,-9900,?,9,0.019,E,8,-9900,?,9,-9900,?,9,0.19,99.0,E,8
03/02/2010,14:00,1249.909,1391.331,382.58,1,8,29.682,1,8,355.917,1,8,45909.6,1,8,2819.751,1,8,39150.899,1,8,126.119,1,8,-9900,?,9,-9900,?,9,26.58,E,8,23.64,E,8,87.0,E,8,1008.6016999999999,E,8,999.0,E,8,1.74,E,8,-9900,?,9,-9900,?,9,0.25,E,8,-9900,?,9,-9900,?,9,2.5,99.0,E,8
03/02/2010,15:00,1080.454,1391.331,338.0,1,8,24.382,1,8,319.069,1,8,40560.0,1,8,2316.326,1,8,35097.617,1,8,130.811,1,8,-9900,?,9,-9900,?,9,26.67,E,8,23.67,E,8,87.0,E,8,1008.6016999999999,E,8,999.0,E,8,1.74,E,8,-9900,?,9,-9900,?,9,0.13,E,8,-9900,?,9,-9900,?,9,1.3,99.0,E,8
03/02/2010,16:00,841.7,1391.331,267.8,1,8,19.677,1,8,255.902,1,8,32136.0,1,8,1869.362,1,8,28149.213,1,8,134.715,1,8,-9900,?,9,-9900,?,9,26.58,E,8,23.64,E,8,87.0,E,8,1008.6016999999999,E,8,999.0,E,8,1.74,E,8,-9900,?,9,-9900,?,9,0.159,E,8,-9900,?,9,-9900,?,9,1.59,99.0,E,8
03/02/2010,17:00,550.049,1391.331,177.69,1,8,57.333,1,8,155.06,1,8,21322.8,1,8,5446.61,1,8,17056.564,1,8,125.043,1,8,-9900,?,9,-9900,?,9,26.29,E,8,23.53,E,8,88.0,E,8,1008.6016999999999,E,8,999.0,E,8,1.74,E,8,-9900,?,9,-9900,?,9,0.10600000000000001,E,8,-9900,?,9,-9900,?,9,1.06,99.0,E,8
03/02/2010,18:00,226.189,1391.331,77.31,1,8,96.97,1,8,61.706,1,8,9277.2,1,8,9212.168,1,8,6787.699,1,8,122.065,1,8,-9900,?,9,-9900,?,9,25.81,E,8,23.36,E,8,85.0,E,8,1008.6016999999999,E,8,999.0,E,8,1.74,E,8,-9900,?,9,-9900,?,9,0.087,E,8,-9900,?,9,-9900,?,9,0.87,99.0,E,8
03/02/2010,19:00,0.0,1391.331,1.46,1,8,0.0,1,8,0.0,1,8,175.2,1,8,0.0,1,8,0.0,1,8,-0.0,1,8,-9900,?,9,-9900,?,9,25.48,E,8,23.24,E,8,91.0,E,8,1008.6016999999999,E,8,999.0,E,8,1.74,E,8,-9900,?,9,-9900,?,9,0.45099999999999996,E,8,-9900,?,9,-9900,?,9,4.51,99.0,E,8
03/02/2010,20:00,0.0,1391.331,0.0,1,8,0.0,1,8,0.0,1,8,0.0,1,8,0.0,1,8,0.0,1,8,-0.0,1,8,-9900,?,9,-9900,?,9,25.14,E,8,23.12,E,8,96.0,E,8,1008.6016999999999,E,8,999.0,E,8,1.74,E,8,-9900,?,9,-9900,?,9,7.733,E,8,-9900,?,9,-9900,?,9,77.33,99.0,E,8
03/02/2010,21:00,0.0,1391.331,0.0,1,8,0.0,1,8,0.0,1,8,0.0,1,8,0.0,1,8,0.0,1,8,-0.0,1,8,-9900,?,9,-9900,?,9,24.81,E,8,23.0,E,8,93.0,E,8,1008.6016999999999,E,8,999.0,E,8,1.74,E,8,-9900,?,9,-9900,?,9,0.198,E,8,-9900,?,9,-9900,?,9,1.98,99.0,E,8
03/02/2010,22:00,0.0,1391.331,0.0,1,8,0.0,1,8,0.0,1,8,0.0,1,8,0.0,1,8,0.0,1,8,-0.0,1,8,-9900,?,9,-9900,?,9,24.48,E,8,22.88,E,8,98.0,E,8,1008.6016999999999,E,8,999.0,E,8,1.74,E,8,-9900,?,9,-9900,?,9,0.729,E,8,-9900,?,9,-9900,?,9,7.29,99.0,E,8
03/02/2010,23:00,0.0,1391.331,0.0,1,8,0.0,1,8,0.0,1,8,0.0,1,8,0.0,1,8,0.0,1,8,-0.0,1,8,-9900,?,9,-9900,?,9,24.15,E,8,22.76,E,8,95.0,E,8,1008.6016999999999,E,8,999.0,E,8,1.74,E,8,-9900,?,9,-9900,?,9,0.32599999999999996,E,8,-9900,?,9,-9900,?,9,3.26,99.0,E,8
03/02/2010,24:00,0.0,1391.331,0.0,1,8,0.0,1,8,0.0,1,8,0.0,1,8,0.0,1,8,0.0,1,8,-0.0,1,8,-9900,?,9,-9900,?,9,23.81,E,8,23.07,E,8,97.0,E,8,1008.6016999999999,E,8,999.0,E,8,1.74,E,8,-9900,?,9,-9900,?,9,0.162,E,8,-9900,?,9,-9900,?,9,1.62,99.0,E,8
03/03/2010,01:00,0.0,1391.331,0.0,1,8,0.0,1,8,0.0,1,8,0.0,1,8,0.0,1,8,0.0,1,8,-0.0,1,8,-9900,?,9,-9900,?,9,23.65,E,8,22.98,E,8,94.0,E,8,1008.6016999999999,E,8,999.0,E,8,1.74,E,8,-9900,?,9,-9900,?,9,0.032,E,8,-9900,?,9,-9900,?,9,0.32,99.0,E,8
03/03/2010,02:00,0.0,1391.331,0.0,1,8,0.0,1,8,0.0,1,8,0.0,1,8,0.0,1,8,0.0,1,8,-0.0,1,8,-9900,?,9,-9900,?,9,23.48,E,8,22.9,E,8,94.0,E,8,1008.6016999999999,E,8,999.0,E,8,1.74,E,8,-9900,?,9,-9900,?,9,0.039,E,8,-9900,?,9,-9900,?,9,0.39,99.0,E,8
03/03/2010,03:00,0.0,1391.331,0.0,1,8,0.0,1,8,0.0,1,8,0.0,1,8,0.0,1,8,0.0,1,8,-0.0,1,8,-9900,?,9,-9900,?,9,23.31,E,8,22.81,E,8,95.0,E,8,1008.6016999999999,E,8,999.0,E,8,1.74,E,8,-9900,?,9,-9900,?,9,0.025,E,8,-9900,?,9,-9900,?,9,0.25,99.0,E,8
03/03/2010,04:00,0.0,1390.62,0.0,1,8,0.0,1,8,0.0,1,8,0.0,1,8,0.0,1,8,0.0,1,8,-0.0,1,8,-9900,?,9,-9900,?,9,23.15,E,8,22.72,E,8,95.0,E,8,1008.6016999999999,E,8,999.0,E,8,1.74,E,8,-9900,?,9,-9900,?,9,0.048,E,8,-9900,?,9,-9900,?,9,0.48,99.0,E,8
03/03/2010,05:00,0.0,1390.62,0.0,1,8,0.0,1,8,0.0,1,8,0.0,1,8,0.0,1,8,0.0,1,8,-0.0,1,8,-9900,?,9,-9900,?,9,22.98,E,8,22.64,E,8,95.0,E,8,1008.6016999999999,E,8,999.0,E,8,1.74,E,8,-9900,?,9,-9900,?,9,0.008,E,8,-9900,?,9,-9900,?,9,0.08,99.0,E,8
03/03/2010,06:00,0.0,1390.62,0.0,1,8,0.0,1,8,0.0,1,8,0.0,1,8,0.0,1,8,0.0,1,8,-0.0,1,8,-9900,?,9,-9900,?,9,22.85,E,8,22.57,E,8,96.0,E,8,1008.6016999999999,E,8,999.0,E,8,1.74,E,8,-9900,?,9,-9900,?,9,0.006,E,8,-9900,?,9,-9900,?,9,0.06,99.0,E,8
03/03/2010,07:00,237.312,1390.62,1.08,1,8,0.0,1,8,1.08,1,8,129.6,1,8,0.0,1,8,118.8,1,8,2.033,1,8,-9900,?,9,-9900,?,9,22.74,E,8,22.51,E,8,96.0,E,8,1008.6016999999999,E,8,999.0,E,8,1.74,E,8,-9900,?,9,-9900,?,9,0.002,E,8,-9900,?,9,-9900,?,9,0.02,99.0,E,8
03/03/2010,08:00,560.101,1390.62,38.62,1,8,0.0,1,8,38.62,1,8,4634.4,1,8,0.0,1,8,4248.2,1,8,30.567,1,8,-9900,?,9,-9900,?,9,22.63,E,8,22.45,E,8,96.0,E,8,1008.6016999999999,E,8,999.0,E,8,1.74,E,8,-9900,?,9,-9900,?,9,0.001,E,8,-9900,?,9,-9900,?,9,0.01,99.0,E,8
03/03/2010,09:00,849.821,1390.62,86.51,1,8,0.0,1,8,86.51,1,8,10381.2,1,8,0.0,1,8,9516.1,1,8,45.083,1,8,-9900,?,9,-9900,?,9,24.42,E,8,23.37,E,8,88.0,E,8,1008.6016999999999,E,8,999.0,E,8,1.74,E,8,-9900,?,9,-9900,?,9,0.0,E,8,-9900,?,9,-9900,?,9,0.0,0.0,E,8
03/03/2010,10:00,1085.954,1390.62,129.65,1,8,0.0,1,8,129.65,1,8,15558.0,1,8,0.0,1,8,14261.5,1,8,52.857,1,8,-9900,?,9,-9900,?,9,25.06,E,8,23.69,E,8,91.0,E,8,1008.6016999999999,E,8,999.0,E,8,1.74,E,8,-9900,?,9,-9900,?,9,0.004,E,8,-9900,?,9,-9900,?,9,0.04,99.0,E,8
03/03/2010,11:00,1252.257,1390.62,162.79,1,8,0.992,1,8,161.897,1,8,19534.8,1,8,94.25,1,8,17808.634,1,8,57.231,1,8,-9900,?,9,-9900,?,9,25.62,E,8,23.97,E,8,89.0,E,8,1008.6016999999999,E,8,999.0,E,8,1.74,E,8,-9900,?,9,-9900,?,9,0.015,E,8,-9900,?,9,-9900,?,9,0.15,99.0,E,8
03/03/2010,12:00,1337.339,1390.62,212.05,1,8,2.935,1,8,209.228,1,8,25446.0,1,8,278.794,1,8,23015.062,1,8,69.254,1,8,-9900,?,9,-9900,?,9,26.23,E,8,24.26,E,8,88.0,E,8,1008.6016999999999,E,8,999.0,E,8,1.74,E,8,-9900,?,9,-9900,?,9,0.012,E,8,-9900,?,9,-9900,?,9,0.12,99.0,E,8
03/03/2010,13:00,1335.369,1390.62,202.38,1,8,3.883,1,8,198.651,1,8,24285.6,1,8,368.916,1,8,21851.616,1,8,65.851,1,8,-9900,?,9,-9900,?,9,26.6,E,8,24.44,E,8,91.0,E,8,1008.6016999999999,E,8,999.0,E,8,1.74,E,8,-9900,?,9,-9900,?,9,0.10600000000000001,E,8,-9900,?,9,-9900,?,9,1.06,99.0,E,8
03/03/2010,14:00,1246.467,1390.62,194.55,1,8,3.542,1,8,191.376,1,8,23346.0,1,8,336.471,1,8,21051.313,1,8,67.967,1,8,-9900,?,9,-9900,?,9,26.82,E,8,24.54,E,8,87.0,E,8,1008.6016999999999,E,8,999.0,E,8,1.74,E,8,-9900,?,9,-9900,?,9,0.059,E,8,-9900,?,9,-9900,?,9,0.59,99.0,E,8
03/03/2010,15:00,1076.694,1390.62,154.55,1,8,0.17,1,8,154.419,1,8,18546.0,1,8,16.124,1,8,16986.048,1,8,63.497,1,8,-9900,?,9,-9900,?,9,26.85,E,8,24.55,E,8,87.0,E,8,1008.6016999999999,E,8,999.0,E,8,1.74,E,8,-9900,?,9,-9900,?,9,0.02,E,8,-9900,?,9,-9900,?,9,0.2,99.0,E,8
03/03/2010,16:00,837.651,1390.62,135.88,1,8,0.0,1,8,135.88,1,8,16305.6,1,8,0.0,1,8,14946.8,1,8,71.841,1,8,-9900,?,9,-9900,?,9,26.79,E,8,24.53,E,8,87.0,E,8,1008.6016999999999,E,8,999.0,E,8,1.74,E,8,-9900,?,9,-9900,?,9,0.087,E,8,-9900,?,9,-9900,?,9,0.87,99.0,E,8
03/03/2010,17:00,545.761,1390.62,84.38,1,8,0.0,1,8,84.38,1,8,10125.6,1,8,0.0,1,8,9281.8,1,8,68.547,1,8,-9900,?,9,-9900,?,9,26.49,E,8,24.38,E,8,88.0,E,8,1008.6016999999999,E,8,999.0,E,8,1.74,E,8,-9900,?,9,-9900,?,9,0.071,E,8,-9900,?,9,-9900,?,9,0.71,99.0,E,8
03/03/2010,18:00,221.756,1390.62,36.4,1,8,0.0,1,8,36.4,1,8,4368.0,1,8,0.0,1,8,4004.0,1,8,73.436,1,8,-9900,?,9,-9900,?,9,26.03,E,8,24.17,E,8,93.0,E,8,1008.6016999999999,E,8,999.0,E,8,1.74,E,8,-9900,?,9,-9900,?,9,0.37,E,8,-9900,?,9,-9900,?,9,3.7,99.0,E,8
03/03/2010,19:00,0.0,1390.62,0.58,1,8,0.0,1,8,0.0,1,8,69.6,1,8,0.0,1,8,0.0,1,8,-0.0,1,8,-9900,?,9,-9900,?,9,25.74,E,8,24.03,E,8,93.0,E,8,1008.6016999999999,E,8,999.0,E,8,1.74,E,8,-9900,?,9,-9900,?,9,0.205,E,8,-9900,?,9,-9900,?,9,2.05,99.0,E,8
03/03/2010,20:00,0.0,1390.62,0.0,1,8,0.0,1,8,0.0,1,8,0.0,1,8,0.0,1,8,0.0,1,8,-0.0,1,8,-9900,?,9,-9900,?,9,25.46,E,8,23.89,E,8,98.0,E,8,1008.6016999999999,E,8,999.0,E,8,1.74,E,8,-9900,?,9,-9900,?,9,0.597,E,8,-9900,?,9,-9900,?,9,5.97,99.0,E,8
03/03/2010,21:00,0.0,1390.62,0.0,1,8,0.0,1,8,0.0,1,8,0.0,1,8,0.0,1,8,0.0,1,8,-0.0,1,8,-9900,?,9,-9900,?,9,25.17,E,8,23.75,E,8,98.0,E,8,1008.6016999999999,E,8,999.0,E,8,1.74,E,8,-9900,?,9,-9900,?,9,6.333,E,8,-9900,?,9,-9900,?,9,63.33,99.0,E,8
03/03/2010,22:00,0.0,1390.62,0.0,1,8,0.0,1,8,0.0,1,8,0.0,1,8,0.0,1,8,0.0,1,8,-0.0,1,8,-9900,?,9,-9900,?,9,24.89,E,8,23.61,E,8,95.0,E,8,1008.6016999999999,E,8,999.0,E,8,1.74,E,8,-9900,?,9,-9900,?,9,0.267,E,8,-9900,?,9,-9900,?,9,2.67,99.0,E,8
03/03/2010,23:00,0.0,1390.62,0.0,1,8,0.0,1,8,0.0,1,8,0.0,1,8,0.0,1,8,0.0,1,8,-0.0,1,8,-9900,?,9,-9900,?,9,24.6,E,8,23.46,E,8,96.0,E,8,1008.6016999999999,E,8,999.0,E,8,1.74,E,8,-9900,?,9,-9900,?,9,0.13,E,8,-9900,?,9,-9900,?,9,1.3,99.0,E,8
03/03/2010,24:00,0.0,1390.62,0.0,1,8,0.0,1,8,0.0,1,8,0.0,1,8,0.0,1,8,0.0,1,8,-0.0,1,8,-9900,?,9,-9900,?,9,24.32,E,8,22.64,E,8,91.0,E,8,1008.6016999999999,E,8,999.0,E,8,0.85,E,8,-9900,?,9,-9900,?,9,0.088,E,8,-9900,?,9,-9900,?,9,0.88,99.0,E,8
03/04/2010,01:00,0.0,1390.62,0.0,1,8,0.0,1,8,0.0,1,8,0.0,1,8,0.0,1,8,0.0,1,8,-0.0,1,8,-9900,?,9,-9900,?,9,24.18,E,8,22.62,E,8,92.0,E,8,1008.6016999999999,E,8,999.0,E,8,0.85,E,8,-9900,?,9,-9900,?,9,0.005,E,8,-9900,?,9,-9900,?,9,0.05,99.0,E,8
03/04/2010,02:00,0.0,1390.62,0.0,1,8,0.0,1,8,0.0,1,8,0.0,1,8,0.0,1,8,0.0,1,8,-0.0,1,8,-9900,?,9,-9900,?,9,24.03,E,8,22.6,E,8,92.0,E,8,1008.6016999999999,E,8,999.0,E,8,0.85,E,8,-9900,?,9,-9900,?,9,0.003,E,8,-9900,?,9,-9900,?,9,0.03,99.0,E,8
03/04/2010,03:00,0.0,1390.62,0.0,1,8,0.0,1,8,0.0,1,8,0.0,1,8,0.0,1,8,0.0,1,8,-0.0,1,8,-9900,?,9,-9900,?,9,23.89,E,8,22.57,E,8,93.0,E,8,1008.6016999999999,E,8,999.0,E,8,0.85,E,8,-9900,?,9,-9900,?,9,0.001,E,8,-9900,?,9,-9900,?,9,0.01,99.0,E,8
03/04/2010,04:00,0.0,1389.903,0.0,1,8,0.0,1,8,0.0,1,8,0.0,1,8,0.0,1,8,0.0,1,8,-0.0,1,8,-9900,?,9,-9900,?,9,23.75,E,8,22.55,E,8,94.0,E,8,1008.6016999999999,E,8,999.0,E,8,0.85,E,8,-9900,?,9,-9900,?,9,0.001,E,8,-9900,?,9,-9900,?,9,0.01,99.0,E,8
03/04/2010,05:00,0.0,1389.903,0.0,1,8,0.0,1,8,0.0,1,8,0.0,1,8,0.0,1,8,0.0,1,8,-0.0,1,8,-9900,?,9,-9900,?,9,23.61,E,8,22.53,E,8,90.0,E,8,1008.6016999999999,E,8,999.0,E,8,0.85,E,8,-9900,?,9,-9900,?,9,0.0,E,8,-9900,?,9,-9900,?,9,0.0,0.0,E,8
03/04/2010,06:00,0.0,1389.903,0.0,1,8,0.0,1,8,0.0,1,8,0.0,1,8,0.0,1,8,0.0,1,8,-0.0,1,8,-9900,?,9,-9900,?,9,23.5,E,8,22.51,E,8,95.0,E,8,1008.6016999999999,E,8,999.0,E,8,0.85,E,8,-9900,?,9,-9900,?,9,0.002,E,8,-9900,?,9,-9900,?,9,0.02,99.0,E,8
03/04/2010,07:00,235.197,1389.903,4.83,1,8,0.0,1,8,4.83,1,8,579.6,1,8,0.0,1,8,531.3,1,8,9.172,1,8,-9900,?,9,-9900,?,9,23.4,E,8,22.49,E,8,91.0,E,8,1008.6016999999999,E,8,999.0,E,8,0.85,E,8,-9900,?,9,-9900,?,9,0.0,E,8,-9900,?,9,-9900,?,9,0.0,0.0,E,8
03/04/2010,08:00,557.978,1389.903,183.51,1,8,60.832,1,8,159.126,1,8,22021.2,1,8,5779.016,1,8,17503.865,1,8,126.362,1,8,-9900,?,9,-9900,?,9,23.31,E,8,22.48,E,8,91.0,E,8,1008.6016999999999,E,8,999.0,E,8,0.85,E,8,-9900,?,9,-9900,?,9,0.0,E,8,-9900,?,9,-9900,?,9,0.0,0.0,E,8
03/04/2010,09:00,847.616,1389.903,395.24,1,8,177.311,1,8,287.163,1,8,47428.8,1,8,16844.55,1,8,31587.88,1,8,149.961,1,8,-9900,?,9,-9900,?,9,26.41,E,8,22.97,E,8,79.0,E,8,1008.6016999999999,E,8,999.0,E,8,0.85,E,8,-9900,?,9,-9900,?,9,0.0,E,8,-9900,?,9,-9900,?,9,0.0,0.0,E,8
03/04/2010,10:00,1083.587,1389.903,601.23,1,8,307.48,1,8,361.56,1,8,72147.6,1,8,29210.609,1,8,39771.582,1,8,147.65,1,8,-9900,?,9,-9900,?,9,27.52,E,8,23.14,E,8,75.0,E,8,1008.6016999999999,E,8,999.0,E,8,1.44,E,8,-9900,?,9,-9900,?,9,0.0,E,8,-9900,?,9,-9900,?,9,0.0,0.0,E,8
03/04/2010,11:00,1249.66,1389.903,750.42,1,8,373.264,1,8,414.842,1,8,90050.4,1,8,35460.111,1,8,45632.607,1,8,146.878,1,8,-9900,?,9,-9900,?,9,28.48,E,8,23.29,E,8,72.0,E,8,1008.6016999999999,E,8,999.0,E,8,2.29,E,8,-9900,?,9,-9900,?,9,0.0,E,8,-9900,?,9,-9900,?,9,0.0,0.0,E,8
03/04/2010,12:00,1334.457,1389.903,876.47,1,8,536.004,1,8,361.861,1,8,105176.4,1,8,50920.394,1,8,39804.684,1,8,119.973,1,8,-9900,?,9,-9900,?,9,29.32,E,8,23.42,E,8,70.0,E,8,1008.6016999999999,E,8,999.0,E,8,2.48,E,8,-9900,?,9,-9900,?,9,0.0,E,8,-9900,?,9,-9900,?,9,0.0,0.0,E,8
03/04/2010,13:00,1332.169,1389.903,902.65,1,8,592.225,1,8,335.04,1,8,108318.0,1,8,56261.344,1,8,36854.377,1,8,111.271,1,8,-9900,?,9,-9900,?,9,29.93,E,8,23.51,E,8,68.0,E,8,1008.6016999999999,E,8,999.0,E,8,2.91,E,8,-9900,?,9,-9900,?,9,0.0,E,8,-9900,?,9,-9900,?,9,0.0,0.0,E,8
03/04/2010,14:00,1242.937,1389.903,867.11,1,8,603.639,1,8,327.338,1,8,104053.2,1,8,57345.719,1,8,36007.198,1,8,116.524,1,8,-9900,?,9,-9900,?,9,30.31,E,8,23.57,E,8,67.0,E,8,1008.6016999999999,E,8,999.0,E,8,3.5,E,8,-9900,?,9,-9900,?,9,0.0,E,8,-9900,?,9,-9900,?,9,0.0,0.0,E,8
03/04/2010,15:00,1072.845,1389.903,833.04,1,8,945.764,1,8,103.165,1,8,99964.8,1,8,89847.536,1,8,11348.173,1,8,42.552,1,8,-9900,?,9,-9900,?,9,30.55,E,8,23.61,E,8,66.0,E,8,1008.6016999999999,E,8,999.0,E,8,3.63,E,8,-9900,?,9,-9900,?,9,0.0,E,8,-9900,?,9,-9900,?,9,0.0,0.0,E,8
03/04/2010,16:00,833.516,1389.903,647.04,1,8,801.088,1,8,166.883,1,8,77644.8,1,8,76103.347,1,8,18357.178,1,8,88.626,1,8,-9900,?,9,-9900,?,9,30.49,E,8,23.6,E,8,66.0,E,8,1008.6016999999999,E,8,999.0,E,8,3.45,E,8,-9900,?,9,-9900,?,9,0.0,E,8,-9900,?,9,-9900,?,9,0.0,0.0,E,8
03/04/2010,17:00,541.396,1389.903,428.16,1,8,740.534,1,8,140.176,1,8,51379.2,1,8,70350.705,1,8,15419.35,1,8,114.736,1,8,-9900,?,9,-9900,?,9,30.05,E,8,23.53,E,8,67.0,E,8,1008.6016999999999,E,8,999.0,E,8,3.09,E,8,-9900,?,9,-9900,?,9,0.0,E,8,-9900,?,9,-9900,?,9,0.0,0.0,E,8
03/04/2010,18:00,217.26,1389.903,194.68,1,8,358.24,1,8,139.299,1,8,23361.6,1,8,34032.832,1,8,15322.864,1,8,286.82,1,8,-9900,?,9,-9900,?,9,29.3,E,8,23.42,E,8,70.0,E,8,1008.6016999999999,E,8,999.0,E,8,2.81,E,8,-9900,?,9,-9900,?,9,0.0,E,8,-9900,?,9,-9900,?,9,0.0,0.0,E,8
03/04/2010,19:00,0.0,1389.903,5.65,1,8,0.0,1,8,0.0,1,8,678.0,1,8,0.0,1,8,0.0,1,8,-0.0,1,8,-9900,?,9,-9900,?,9,28.59,E,8,23.31,E,8,72.0,E,8,1008.6016999999999,E,8,999.0,E,8,2.64,E,8,-9900,?,9,-9900,?,9,0.0,E,8,-9900,?,9,-9900,?,9,0.0,0.0,E,8
03/04/2010,20:00,0.0,1389.903,0.0,1,8,0.0,1,8,0.0,1,8,0.0,1,8,0.0,1,8,0.0,1,8,-0.0,1,8,-9900,?,9,-9900,?,9,27.88,E,8,23.2,E,8,74.0,E,8,1008.6016999999999,E,8,999.0,E,8,1.98,E,8,-9900,?,9,-9900,?,9,0.0,E,8,-9900,?,9,-9900,?,9,0.0,0.0,E,8
03/04/2010,21:00,0.0,1389.903,0.0,1,8,0.0,1,8,0.0,1,8,0.0,1,8,0.0,1,8,0.0,1,8,-0.0,1,8,-9900,?,9,-9900,?,9,27.16,E,8,23.09,E,8,76.0,E,8,1008.6016999999999,E,8,999.0,E,8,1.16,E,8,-9900,?,9,-9900,?,9,0.0,E,8,-9900,?,9,-9900,?,9,0.0,0.0,E,8
03/04/2010,22:00,0.0,1389.903,0.0,1,8,0.0,1,8,0.0,1,8,0.0,1,8,0.0,1,8,0.0,1,8,-0.0,1,8,-9900,?,9,-9900,?,9,26.45,E,8,22.98,E,8,79.0,E,8,1008.6016999999999,E,8,999.0,E,8,0.99,E,8,-9900,?,9,-9900,?,9,0.0,E,8,-9900,?,9,-9900,?,9,0.0,0.0,E,8
03/04/2010,23:00,0.0,1389.903,0.0,1,8,0.0,1,8,0.0,1,8,0.0,1,8,0.0,1,8,0.0,1,8,-0.0,1,8,-9900,?,9,-9900,?,9,25.74,E,8,22.87,E,8,81.0,E,8,1008.6016999999999,E,8,999.0,E,8,0.85,E,8,-9900,?,9,-9900,?,9,0.0,E,8,-9900,?,9,-9900,?,9,0.0,0.0,E,8
03/04/2010,24:00,0.0,1389.903,0.0,1,8,0.0,1,8,0.0,1,8,0.0,1,8,0.0,1,8,0.0,1,8,-0.0,1,8,-9900,?,9,-9900,?,9,25.03,E,8,21.8,E,8,81.0,E,8,1008.6016999999999,E,8,999.0,E,8,1.02,E,8,-9900,?,9,-9900,?,9,0.002,E,8,-9900,?,9,-9900,?,9,0.02,99.0,E,8
03/05/2010,01:00,0.0,1389.903,0.0,1,8,0.0,1,8,0.0,1,8,0.0,1,8,0.0,1,8,0.0,1,8,-0.0,1,8,-9900,?,9,-9900,?,9,24.67,E,8,21.79,E,8,82.0,E,8,1008.6016999999999,E,8,999.0,E,8,1.02,E,8,-9900,?,9,-9900,?,9,0.012,E,8,-9900,?,9,-9900,?,9,0.12,99.0,E,8
03/05/2010,02:00,0.0,1389.903,0.0,1,8,0.0,1,8,0.0,1,8,0.0,1,8,0.0,1,8,0.0,1,8,-0.0,1,8,-9900,?,9,-9900,?,9,24.32,E,8,21.78,E,8,83.0,E,8,1008.6016999999999,E,8,999.0,E,8,1.02,E,8,-9900,?,9,-9900,?,9,0.006,E,8,-9900,?,9,-9900,?,9,0.06,99.0,E,8
03/05/2010,03:00,0.0,1389.903,0.0,1,8,0.0,1,8,0.0,1,8,0.0,1,8,0.0,1,8,0.0,1,8,-0.0,1,8,-9900,?,9,-9900,?,9,23.96,E,8,21.77,E,8,81.0,E,8,1008.6016999999999,E,8,999.0,E,8,1.02,E,8,-9900,?,9,-9900,?,9,0.0,E,8,-9900,?,9,-9900,?,9,0.0,0.0,E,8
03/05/2010,04:00,0.0,1389.179,0.0,1,8,0.0,1,8,0.0,1,8,0.0,1,8,0.0,1,8,0.0,1,8,-0.0,1,8,-9900,?,9,-9900,?,9,23.6,E,8,21.76,E,8,82.0,E,8,1008.6016999999999,E,8,999.0,E,8,1.02,E,8,-9900,?,9,-9900,?,9,0.0,E,8,-9900,?,9,-9900,?,9,0.0,0.0,E,8
03/05/2010,05:00,0.0,1389.179,0.0,1,8,0.0,1,8,0.0,1,8,0.0,1,8,0.0,1,8,0.0,1,8,-0.0,1,8,-9900,?,9,-9900,?,9,23.25,E,8,21.75,E,8,95.0,E,8,1008.6016999999999,E,8,999.0,E,8,1.02,E,8,-9900,?,9,-9900,?,9,0.512,E,8,-9900,?,9,-9900,?,9,5.12,99.0,E,8
03/05/2010,06:00,0.0,1389.179,0.0,1,8,0.0,1,8,0.0,1,8,0.0,1,8,0.0,1,8,0.0,1,8,-0.0,1,8,-9900,?,9,-9900,?,9,22.97,E,8,21.74,E,8,88.0,E,8,1008.6016999999999,E,8,999.0,E,8,1.02,E,8,-9900,?,9,-9900,?,9,0.034,E,8,-9900,?,9,-9900,?,9,0.34,99.0,E,8
03/05/2010,07:00,233.101,1389.179,4.47,1,8,0.0,1,8,4.47,1,8,536.4,1,8,0.0,1,8,491.7,1,8,8.562,1,8,-9900,?,9,-9900,?,9,22.74,E,8,21.74,E,8,89.0,E,8,1008.6016999999999,E,8,999.0,E,8,1.02,E,8,-9900,?,9,-9900,?,9,0.019,E,8,-9900,?,9,-9900,?,9,0.19,99.0,E,8
03/05/2010,08:00,555.856,1389.179,163.68,1,8,31.154,1,8,151.233,1,8,19641.6,1,8,2959.658,1,8,16635.65,1,8,120.492,1,8,-9900,?,9,-9900,?,9,22.5,E,8,21.73,E,8,90.0,E,8,1008.6016999999999,E,8,999.0,E,8,1.02,E,8,-9900,?,9,-9900,?,9,0.004,E,8,-9900,?,9,-9900,?,9,0.04,99.0,E,8
03/05/2010,09:00,845.392,1389.179,371.06,1,8,139.722,1,8,286.074,1,8,44527.2,1,8,13273.569,1,8,31468.137,1,8,149.708,1,8,-9900,?,9,-9900,?,9,25.53,E,8,21.81,E,8,75.0,E,8,1008.6016999999999,E,8,999.0,E,8,1.02,E,8,-9900,?,9,-9900,?,9,0.0,E,8,-9900,?,9,-9900,?,9,0.0,0.0,E,8
03/05/2010,10:00,1081.183,1389.179,568.56,1,8,267.619,1,8,360.315,1,8,68227.2,1,8,25423.837,1,8,39634.602,1,8,147.392,1,8,-9900,?,9,-9900,?,9,26.66,E,8,21.84,E,8,71.0,E,8,1008.6016999999999,E,8,999.0,E,8,1.51,E,8,-9900,?,9,-9900,?,9,0.0,E,8,-9900,?,9,-9900,?,9,0.0,0.0,E,8
03/05/2010,11:00,1247.008,1389.179,738.12,1,8,353.75,1,8,420.596,1,8,88574.4,1,8,33606.205,1,8,46265.591,1,8,149.154,1,8,-9900,?,9,-9900,?,9,27.71,E,8,21.87,E,8,68.0,E,8,1008.6016999999999,E,8,999.0,E,8,2.19,E,8,-9900,?,9,-9900,?,9,0.0,E,8,-9900,?,9,-9900,?,9,0.0,0.0,E,8
03/05/2010,12:00,1331.506,1389.179,890.89,1,8,556.774,1,8,357.245,1,8,106906.8,1,8,52893.496,1,8,39296.937,1,8,118.643,1,8,-9900,?,9,-9900,?,9,28.69,E,8,21.89,E,8,65.0,E,8,1008.6016999999999,E,8,999.0,E,8,2.8,E,8,-9900,?,9,-9900,?,9,0.0,E,8,-9900,?,9,-9900,?,9,0.0,0.0,E,8
03/05/2010,13:00,1328.89,1389.179,936.68,1,8,603.173,1,8,359.7,1,8,112401.6,1,8,57301.466,1,8,39566.953,1,8,119.694,1,8,-9900,?,9,-9900,?,9,29.42,E,8,21.91,E,8,63.0,E,8,1008.6016999999999,E,8,999.0,E,8,3.05,E,8,-9900,?,9,-9900,?,9,0.0,E,8,-9900,?,9,-9900,?,9,0.0,0.0,E,8
03/05/2010,14:00,1239.321,1389.179,912.33,1,8,749.944,1,8,243.337,1,8,109479.6,1,8,71244.654,1,8,26767.045,1,8,86.829,1,8,-9900,?,9,-9900,?,9,29.91,E,8,21.92,E,8,62.0,E,8,1008.6016999999999,E,8,999.0,E,8,2.99,E,8,-9900,?,9,-9900,?,9,0.0,E,8,-9900,?,9,-9900,?,9,0.0,0.0,E,8
03/05/2010,15:00,1068.908,1389.179,810.0,1,8,898.038,1,8,119.142,1,8,97200.0,1,8,85313.571,1,8,13105.606,1,8,49.297,1,8,-9900,?,9,-9900,?,9,30.13,E,8,21.93,E,8,61.0,E,8,1008.6016999999999,E,8,999.0,E,8,3.32,E,8,-9900,?,9,-9900,?,9,0.0,E,8,-9900,?,9,-9900,?,9,0.0,0.0,E,8
03/05/2010,16:00,829.298,1389.179,647.33,1,8,803.652,1,8,167.828,1,8,77679.6,1,8,76346.935,1,8,18461.071,1,8,89.535,1,8,-9900,?,9,-9900,?,9,30.07,E,8,21.93,E,8,61.0,E,8,1008.6016999999999,E,8,999.0,E,8,3.31,E,8,-9900,?,9,-9900,?,9,0.0,E,8,-9900,?,9,-9900,?,9,0.0,0.0,E,8
03/05/2010,17:00,536.957,1389.179,420.27,1,8,738.02,1,8,135.476,1,8,50432.4,1,8,70111.931,1,8,14902.41,1,8,111.751,1,8,-9900,?,9,-9900,?,9,29.59,E,8,21.92,E,8,62.0,E,8,1008.6016999999999,E,8,999.0,E,8,3.13,E,8,-9900,?,9,-9900,?,9,0.0,E,8,-9900,?,9,-9900,?,9,0.0,0.0,E,8
03/05/2010,18:00,212.707,1389.179,172.89,1,8,366.12,1,8,117.473,1,8,20746.8,1,8,34781.418,1,8,12922.062,1,8,247.043,1,8,-9900,?,9,-9900,?,9,28.76,E,8,21.89,E,8,69.0,E,8,1008.6016999999999,E,8,999.0,E,8,2.56,E,8,-9900,?,9,-9900,?,9,0.001,E,8,-9900,?,9,-9900,?,9,0.01,99.0,E,8
03/05/2010,19:00,0.0,1389.179,2.59,1,8,0.0,1,8,0.0,1,8,310.8,1,8,0.0,1,8,0.0,1,8,-0.0,1,8,-9900,?,9,-9900,?,9,28.05,E,8,21.88,E,8,67.0,E,8,1008.6016999999999,E,8,999.0,E,8,2.09,E,8,-9900,?,9,-9900,?,9,0.0,E,8,-9900,?,9,-9900,?,9,0.0,0.0,E,8
03/05/2010,20:00,0.0,1389.179,0.0,1,8,0.0,1,8,0.0,1,8,0.0,1,8,0.0,1,8,0.0,1,8,-0.0,1,8,-9900,?,9,-9900,?,9,27.34,E,8,21.86,E,8,69.0,E,8,1008.6016999999999,E,8,999.0,E,8,1.5,E,8,-9900,?,9,-9900,?,9,0.0,E,8,-9900,?,9,-9900,?,9,0.0,0.0,E,8
03/05/2010,21:00,0.0,1389.179,0.0,1,8,0.0,1,8,0.0,1,8,0.0,1,8,0.0,1,8,0.0,1,8,-0.0,1,8,-9900,?,9,-9900,?,9,26.64,E,8,21.84,E,8,75.0,E,8,1008.6016999999999,E,8,999.0,E,8,1.02,E,8,-9900,?,9,-9900,?,9,0.001,E,8,-9900,?,9,-9900,?,9,0.01,99.0,E,8
03/05/2010,22:00,0.0,1389.179,0.0,1,8,0.0,1,8,0.0,1,8,0.0,1,8,0.0,1,8,0.0,1,8,-0.0,1,8,-9900,?,9,-9900,?,9,25.93,E,8,21.82,E,8,77.0,E,8,1008.6016999999999,E,8,999.0,E,8,1.02,E,8,-9900,?,9,-9900,?,9,0.008,E,8,-9900,?,9,-9900,?,9,0.08,99.0,E,8
03/05/2010,23:00,0.0,1389.179,0.0,1,8,0.0,1,8,0.0,1,8,0.0,1,8,0.0,1,8,0.0,1,8,-0.0,1,8,-9900,?,9,-9900,?,9,25.22,E,8,21.8,E,8,80.0,E,8,1008.6016999999999,E,8,999.0,E,8,1.02,E,8,-9900,?,9,-9900,?,9,0.003,E,8,-9900,?,9,-9900,?,9,0.03,99.0,E,8
03/05/2010,24:00,0.0,1389.179,0.0,1,8,0.0,1,8,0.0,1,8,0.0,1,8,0.0,1,8,0.0,1,8,-0.0,1,8,-9900,?,9,-9900,?,9,24.51,E,8,20.39,E,8,80.0,E,8,1008.6016999999999,E,8,999.0,E,8,0.84,E,8,-9900,?,9,-9900,?,9,0.009,E,8,-9900,?,9,-9900,?,9,0.09,99.0,E,8
03/06/2010,01:00,0.0,1389.179,0.0,1,8,0.0,1,8,0.0,1,8,0.0,1,8,0.0,1,8,0.0,1,8,-0.0,1,8,-9900,?,9,-9900,?,9,24.16,E,8,20.5,E,8,82.0,E,8,1008.6016999999999,E,8,999.0,E,8,0.84,E,8,-9900,?,9,-9900,?,9,0.003,E,8,-9900,?,9,-9900,?,9,0.03,99.0,E,8
03/06/2010,02:00,0.0,1389.179,0.0,1,8,0.0,1,8,0.0,1,8,0.0,1,8,0.0,1,8,0.0,1,8,-0.0,1,8,-9900,?,9,-9900,?,9,23.81,E,8,20.62,E,8,84.0,E,8,1008.6016999999999,E,8,999.0,E,8,0.84,E,8,-9900,?,9,-9900,?,9,0.012,E,8,-9900,?,9,-9900,?,9,0.12,99.0,E,8
03/06/2010,03:00,0.0,1389.179,0.0,1,8,0.0,1,8,0.0,1,8,0.0,1,8,0.0,1,8,0.0,1,8,-0.0,1,8,-9900,?,9,-9900,?,9,23.45,E,8,20.73,E,8,82.0,E,8,1008.6016999999999,E,8,999.0,E,8,0.84,E,8,-9900,?,9,-9900,?,9,0.0,E,8,-9900,?,9,-9900,?,9,0.0,0.0,E,8
03/06/2010,04:00,0.0,1388.448,0.0,1,8,0.0,1,8,0.0,1,8,0.0,1,8,0.0,1,8,0.0,1,8,-0.0,1,8,-9900,?,9,-9900,?,9,23.1,E,8,20.84,E,8,89.0,E,8,1008.6016999999999,E,8,999.0,E,8,0.84,E,8,-9900,?,9,-9900,?,9,0.002,E,8,-9900,?,9,-9900,?,9,0.02,99.0,E,8
03/06/2010,05:00,0.0,1388.448,0.0,1,8,0.0,1,8,0.0,1,8,0.0,1,8,0.0,1,8,0.0,1,8,-0.0,1,8,-9900,?,9,-9900,?,9,22.75,E,8,20.95,E,8,91.0,E,8,1008.6016999999999,E,8,999.0,E,8,0.84,E,8,-9900,?,9,-9900,?,9,0.005,E,8,-9900,?,9,-9900,?,9,0.05,99.0,E,8
03/06/2010,06:00,0.0,1388.448,0.0,1,8,0.0,1,8,0.0,1,8,0.0,1,8,0.0,1,8,0.0,1,8,-0.0,1,8,-9900,?,9,-9900,?,9,22.47,E,8,21.04,E,8,93.0,E,8,1008.6016999999999,E,8,999.0,E,8,0.84,E,8,-9900,?,9,-9900,?,9,0.007000000000000001,E,8,-9900,?,9,-9900,?,9,0.07,99.0,E,8
03/06/2010,07:00,231.025,1388.448,3.15,1,8,0.0,1,8,3.15,1,8,378.0,1,8,0.0,1,8,346.5,1,8,6.085,1,8,-9900,?,9,-9900,?,9,22.24,E,8,21.11,E,8,95.0,E,8,1008.6016999999999,E,8,999.0,E,8,0.84,E,8,-9900,?,9,-9900,?,9,0.017,E,8,-9900,?,9,-9900,?,9,0.17,99.0,E,8
03/06/2010,08:00,553.734,1388.448,135.3,1,8,1.54,1,8,134.687,1,8,16236.0,1,8,146.309,1,8,14815.541,1,8,107.664,1,8,-9900,?,9,-9900,?,9,22.0,E,8,21.19,E,8,92.0,E,8,1008.6016999999999,E,8,999.0,E,8,0.84,E,8,-9900,?,9,-9900,?,9,0.0,E,8,-9900,?,9,-9900,?,9,0.0,0.0,E,8
03/06/2010,09:00,843.149,1388.448,306.04,1,8,50.933,1,8,275.126,1,8,36724.8,1,8,4838.66,1,8,30263.836,1,8,144.286,1,8,-9900,?,9,-9900,?,9,24.68,E,8,20.34,E,8,75.0,E,8,1008.6016999999999,E,8,999.0,E,8,0.99,E,8,-9900,?,9,-9900,?,9,0.0,E,8,-9900,?,9,-9900,?,9,0.0,0.0,E,8
03/06/2010,10:00,1078.741,1388.448,458.3,1,8,114.966,1,8,368.995,1,8,54996.0,1,8,10921.812,1,8,40589.473,1,8,151.205,1,8,-9900,?,9,-9900,?,9,25.64,E,8,20.02,E,8,70.0,E,8,1008.6016999999999,E,8,999.0,E,8,1.75,E,8,-9900,?,9,-9900,?,9,0.0,E,8,-9900,?,9,-9900,?,9,0.0,0.0,E,8
03/06/2010,11:00,1244.3,1388.448,576.02,1,8,102.114,1,8,484.514,1,8,69122.4,1,8,9700.854,1,8,53296.514,1,8,172.104,1,8,-9900,?,9,-9900,?,9,26.47,E,8,19.74,E,8,65.0,E,8,1008.6016999999999,E,8,999.0,E,8,2.11,E,8,-9900,?,9,-9900,?,9,0.0,E,8,-9900,?,9,-9900,?,9,0.0,0.0,E,8
03/06/2010,12:00,1328.486,1388.448,649.64,1,8,98.764,1,8,555.144,1,8,77956.8,1,8,9382.582,1,8,61065.818,1,8,184.689,1,8,-9900,?,9,-9900,?,9,27.16,E,8,19.51,E,8,62.0,E,8,1008.6016999999999,E,8,999.0,E,8,2.84,E,8,-9900,?,9,-9900,?,9,0.0,E,8,-9900,?,9,-9900,?,9,0.0,0.0,E,8
03/06/2010,13:00,1325.53,1388.448,673.63,1,8,115.499,1,8,563.368,1,8,80835.6,1,8,10972.43,1,8,61970.454,1,8,187.843,1,8,-9900,?,9,-9900,?,9,27.66,E,8,19.34,E,8,60.0,E,8,1008.6016999999999,E,8,999.0,E,8,3.12,E,8,-9900,?,9,-9900,?,9,0.0,E,8,-9900,?,9,-9900,?,9,0.0,0.0,E,8
03/06/2010,14:00,1235.62,1388.448,646.2,1,8,167.105,1,8,497.5,1,8,77544.0,1,8,15874.959,1,8,54725.008,1,8,177.96,1,8,-9900,?,9,-9900,?,9,27.97,E,8,19.23,E,8,59.0,E,8,1008.6016999999999,E,8,999.0,E,8,3.23,E,8,-9900,?,9,-9900,?,9,0.0,E,8,-9900,?,9,-9900,?,9,0.0,0.0,E,8
03/06/2010,15:00,1064.886,1388.448,569.39,1,8,204.684,1,8,412.437,1,8,68326.8,1,8,19445.001,1,8,45368.111,1,8,171.208,1,8,-9900,?,9,-9900,?,9,28.09,E,8,19.19,E,8,58.0,E,8,1008.6016999999999,E,8,999.0,E,8,3.6,E,8,-9900,?,9,-9900,?,9,0.0,E,8,-9900,?,9,-9900,?,9,0.0,0.0,E,8
03/06/2010,16:00,824.999,1388.448,448.96,1,8,344.445,1,8,244.405,1,8,53875.2,1,8,32722.276,1,8,26884.533,1,8,130.999,1,8,-9900,?,9,-9900,?,9,27.96,E,8,19.23,E,8,59.0,E,8,1008.6016999999999,E,8,999.0,E,8,3.55,E,8,-9900,?,9,-9900,?,9,0.0,E,8,-9900,?,9,-9900,?,9,0.0,0.0,E,8
03/06/2010,17:00,532.447,1388.448,294.74,1,8,401.461,1,8,141.046,1,8,35368.8,1,8,38138.751,1,8,15515.065,1,8,117.273,1,8,-9900,?,9,-9900,?,9,27.55,E,8,19.38,E,8,65.0,E,8,1008.6016999999999,E,8,999.0,E,8,3.25,E,8,-9900,?,9,-9900,?,9,0.001,E,8,-9900,?,9,-9900,?,9,0.01,99.0,E,8
03/06/2010,18:00,208.097,1388.448,123.63,1,8,321.989,1,8,75.948,1,8,14835.6,1,8,30588.921,1,8,8354.228,1,8,163.247,1,8,-9900,?,9,-9900,?,9,26.89,E,8,19.6,E,8,68.0,E,8,1008.6016999999999,E,8,999.0,E,8,3.47,E,8,-9900,?,9,-9900,?,9,0.023,E,8,-9900,?,9,-9900,?,9,0.23,99.0,E,8
03/06/2010,19:00,0.0,1388.448,1.08,1,8,0.0,1,8,0.0,1,8,129.6,1,8,0.0,1,8,0.0,1,8,-0.0,1,8,-9900,?,9,-9900,?,9,26.19,E,8,19.84,E,8,76.0,E,8,1008.6016999999999,E,8,999.0,E,8,2.16,E,8,-9900,?,9,-9900,?,9,0.11200000000000002,E,8,-9900,?,9,-9900,?,9,1.12,99.0,E,8
03/06/2010,20:00,0.0,1388.448,0.0,1,8,0.0,1,8,0.0,1,8,0.0,1,8,0.0,1,8,0.0,1,8,-0.0,1,8,-9900,?,9,-9900,?,9,25.49,E,8,20.07,E,8,84.0,E,8,1008.6016999999999,E,8,999.0,E,8,1.58,E,8,-9900,?,9,-9900,?,9,1.472,E,8,-9900,?,9,-9900,?,9,14.72,99.0,E,8
03/06/2010,21:00,0.0,1388.448,0.0,1,8,0.0,1,8,0.0,1,8,0.0,1,8,0.0,1,8,0.0,1,8,-0.0,1,8,-9900,?,9,-9900,?,9,24.78,E,8,20.3,E,8,79.0,E,8,1008.6016999999999,E,8,999.0,E,8,0.84,E,8,-9900,?,9,-9900,?,9,0.031,E,8,-9900,?,9,-9900,?,9,0.31,99.0,E,8
03/06/2010,22:00,0.0,1388.448,0.0,1,8,0.0,1,8,0.0,1,8,0.0,1,8,0.0,1,8,0.0,1,8,-0.0,1,8,-9900,?,9,-9900,?,9,24.08,E,8,20.53,E,8,83.0,E,8,1008.6016999999999,E,8,999.0,E,8,0.84,E,8,-9900,?,9,-9900,?,9,0.064,E,8,-9900,?,9,-9900,?,9,0.64,99.0,E,8
03/06/2010,23:00,0.0,1388.448,0.0,1,8,0.0,1,8,0.0,1,8,0.0,1,8,0.0,1,8,0.0,1,8,-0.0,1,8,-9900,?,9,-9900,?,9,23.38,E,8,20.75,E,8,87.0,E,8,1008.6016999999999,E,8,999.0,E,8,0.84,E,8,-9900,?,9,-9900,?,9,0.043,E,8,-9900,?,9,-9900,?,9,0.43,99.0,E,8
03/06/2010,24:00,0.0,1388.448,0.0,1,8,0.0,1,8,0.0,1,8,0.0,1,8,0.0,1,8,0.0,1,8,-0.0,1,8,-9900,?,9,-9900,?,9,22.68,E,8,19.04,E,8,81.0,E,8,1008.6016999999999,E,8,999.0,E,8,0.78,E,8,-9900,?,9,-9900,?,9,0.009,E,8,-9900,?,9,-9900,?,9,0.09,99.0,E,8
03/07/2010,01:00,0.0,1388.448,0.0,1,8,0.0,1,8,0.0,1,8,0.0,1,8,0.0,1,8,0.0,1,8,-0.0,1,8,-9900,?,9,-9900,?,9,22.32,E,8,19.09,E,8,79.0,E,8,1008.6016999999999,E,8,999.0,E,8,0.78,E,8,-9900,?,9,-9900,?,9,0.0,E,8,-9900,?,9,-9900,?,9,0.0,0.0,E,8
03/07/2010,02:00,0.0,1388.448,0.0,1,8,0.0,1,8,0.0,1,8,0.0,1,8,0.0,1,8,0.0,1,8,-0.0,1,8,-9900,?,9,-9900,?,9,21.97,E,8,19.14,E,8,80.0,E,8,1008.6016999999999,E,8,999.0,E,8,0.78,E,8,-9900,?,9,-9900,?,9,0.0,E,8,-9900,?,9,-9900,?,9,0.0,0.0,E,8
03/07/2010,03:00,0.0,1388.448,0.0,1,8,0.0,1,8,0.0,1,8,0.0,1,8,0.0,1,8,0.0,1,8,-0.0,1,8,-9900,?,9,-9900,?,9,21.62,E,8,19.2,E,8,87.0,E,8,1008.6016999999999,E,8,999.0,E,8,0.78,E,8,-9900,?,9,-9900,?,9,0.034,E,8,-9900,?,9,-9900,?,9,0.34,99.0,E,8
03/07/2010,04:00,0.0,1387.711,0.0,1,8,0.0,1,8,0.0,1,8,0.0,1,8,0.0,1,8,0.0,1,8,-0.0,1,8,-9900,?,9,-9900,?,9,21.27,E,8,19.25,E,8,89.0,E,8,1008.6016999999999,E,8,999.0,E,8,0.78,E,8,-9900,?,9,-9900,?,9,0.001,E,8,-9900,?,9,-9900,?,9,0.01,99.0,E,8
03/07/2010,05:00,0.0,1387.711,0.0,1,8,0.0,1,8,0.0,1,8,0.0,1,8,0.0,1,8,0.0,1,8,-0.0,1,8,-9900,?,9,-9900,?,9,20.92,E,8,19.3,E,8,86.0,E,8,1008.6016999999999,E,8,999.0,E,8,0.78,E,8,-9900,?,9,-9900,?,9,0.0,E,8,-9900,?,9,-9900,?,9,0.0,0.0,E,8
03/07/2010,06:00,0.0,1387.711,0.0,1,8,0.0,1,8,0.0,1,8,0.0,1,8,0.0,1,8,0.0,1,8,-0.0,1,8,-9900,?,9,-9900,?,9,20.65,E,8,19.34,E,8,92.0,E,8,1008.6016999999999,E,8,999.0,E,8,0.78,E,8,-9900,?,9,-9900,?,9,0.002,E,8,-9900,?,9,-9900,?,9,0.02,99.0,E,8
03/07/2010,07:00,228.967,1387.711,3.12,1,8,0.0,1,8,3.12,1,8,374.4,1,8,0.0,1,8,343.2,1,8,6.079,1,8,-9900,?,9,-9900,?,9,20.42,E,8,19.38,E,8,93.0,E,8,1008.6016999999999,E,8,999.0,E,8,0.78,E,8,-9900,?,9,-9900,?,9,0.017,E,8,-9900,?,9,-9900,?,9,0.17,99.0,E,8
03/07/2010,08:00,551.612,1387.711,143.04,1,8,8.879,1,8,139.516,1,8,17164.8,1,8,843.501,1,8,15346.772,1,8,111.896,1,8,-9900,?,9,-9900,?,9,20.18,E,8,19.41,E,8,95.0,E,8,1008.6016999999999,E,8,999.0,E,8,0.78,E,8,-9900,?,9,-9900,?,9,0.024,E,8,-9900,?,9,-9900,?,9,0.24,99.0,E,8
03/07/2010,09:00,840.887,1387.711,324.56,1,8,82.34,1,8,274.691,1,8,38947.2,1,8,7822.307,1,8,30216.017,1,8,144.37,1,8,-9900,?,9,-9900,?,9,23.17,E,8,18.96,E,8,75.0,E,8,1008.6016999999999,E,8,999.0,E,8,0.99,E,8,-9900,?,9,-9900,?,9,0.0,E,8,-9900,?,9,-9900,?,9,0.0,0.0,E,8
03/07/2010,10:00,1076.26,1387.711,486.4,1,8,147.718,1,8,371.857,1,8,58368.0,1,8,14033.231,1,8,40904.3,1,8,152.649,1,8,-9900,?,9,-9900,?,9,24.25,E,8,18.8,E,8,70.0,E,8,1008.6016999999999,E,8,999.0,E,8,1.62,E,8,-9900,?,9,-9900,?,9,0.0,E,8,-9900,?,9,-9900,?,9,0.0,0.0,E,8
03/07/2010,11:00,1241.538,1387.711,611.44,1,8,131.039,1,8,494.212,1,8,73372.8,1,8,12448.711,1,8,54363.371,1,8,175.847,1,8,-9900,?,9,-9900,?,9,25.19,E,8,18.65,E,8,66.0,E,8,1008.6016999999999,E,8,999.0,E,8,2.29,E,8,-9900,?,9,-9900,?,9,0.0,E,8,-9900,?,9,-9900,?,9,0.0,0.0,E,8
03/07/2010,12:00,1325.397,1387.711,689.55,1,8,126.729,1,8,568.515,1,8,82746.0,1,8,12039.255,1,8,62536.667,1,8,189.478,1,8,-9900,?,9,-9900,?,9,25.95,E,8,18.53,E,8,63.0,E,8,1008.6016999999999,E,8,999.0,E,8,2.84,E,8,-9900,?,9,-9900,?,9,0.0,E,8,-9900,?,9,-9900,?,9,0.0,0.0,E,8
03/07/2010,13:00,1322.092,1387.711,714.86,1,8,147.954,1,8,573.906,1,8,85783.2,1,8,14055.623,1,8,63129.71,1,8,191.753,1,8,-9900,?,9,-9900,?,9,26.51,E,8,18.44,E,8,61.0,E,8,1008.6016999999999,E,8,999.0,E,8,3.22,E,8,-9900,?,9,-9900,?,9,0.0,E,8,-9900,?,9,-9900,?,9,0.0,0.0,E,8
03/07/2010,14:00,1231.835,1387.711,685.48,1,8,291.626,1,8,426.631,1,8,82257.6,1,8,27704.507,1,8,46929.451,1,8,152.997,1,8,-9900,?,9,-9900,?,9,26.86,E,8,18.39,E,8,59.0,E,8,1008.6016999999999,E,8,999.0,E,8,3.79,E,8,-9900,?,9,-9900,?,9,0.0,E,8,-9900,?,9,-9900,?,9,0.0,0.0,E,8
03/07/2010,15:00,1060.781,1387.711,603.56,1,8,350.315,1,8,335.832,1,8,72427.2,1,8,33279.886,1,8,36941.513,1,8,139.874,1,8,-9900,?,9,-9900,?,9,26.99,E,8,18.37,E,8,59.0,E,8,1008.6016999999999,E,8,999.0,E,8,3.82,E,8,-9900,?,9,-9900,?,9,0.0,E,8,-9900,?,9,-9900,?,9,0.0,0.0,E,8
03/07/2010,16:00,820.622,1387.711,475.29,1,8,430.326,1,8,220.955,1,8,57034.8,1,8,40881.017,1,8,24305.102,1,8,119.0,1,8,-9900,?,9,-9900,?,9,26.85,E,8,18.39,E,8,64.0,E,8,1008.6016999999999,E,8,999.0,E,8,3.78,E,8,-9900,?,9,-9900,?,9,0.004,E,8,-9900,?,9,-9900,?,9,0.04,99.0,E,8
03/07/2010,17:00,527.869,1387.711,311.15,1,8,489.937,1,8,125.104,1,8,37338.0,1,8,46543.987,1,8,13761.45,1,8,104.868,1,8,-9900,?,9,-9900,?,9,26.38,E,8,18.46,E,8,65.0,E,8,1008.6016999999999,E,8,999.0,E,8,3.28,E,8,-9900,?,9,-9900,?,9,0.006,E,8,-9900,?,9,-9900,?,9,0.06,99.0,E,8
03/07/2010,18:00,203.436,1387.711,129.22,1,8,318.153,1,8,83.161,1,8,15506.4,1,8,30224.537,1,8,9147.686,1,8,182.847,1,8,-9900,?,9,-9900,?,9,25.64,E,8,18.58,E,8,68.0,E,8,1008.6016999999999,E,8,999.0,E,8,2.66,E,8,-9900,?,9,-9900,?,9,0.013000000000000001,E,8,-9900,?,9,-9900,?,9,0.13,99.0,E,8
03/07/2010,19:00,0.0,1387.711,0.88,1,8,0.0,1,8,0.0,1,8,105.6,1,8,0.0,1,8,0.0,1,8,-0.0,1,8,-9900,?,9,-9900,?,9,25.09,E,8,18.67,E,8,79.0,E,8,1008.6016999999999,E,8,999.0,E,8,1.77,E,8,-9900,?,9,-9900,?,9,1.244,E,8,-9900,?,9,-9900,?,9,12.44,99.0,E,8
03/07/2010,20:00,0.0,1387.711,0.0,1,8,0.0,1,8,0.0,1,8,0.0,1,8,0.0,1,8,0.0,1,8,-0.0,1,8,-9900,?,9,-9900,?,9,24.54,E,8,18.75,E,8,73.0,E,8,1008.6016999999999,E,8,999.0,E,8,1.62,E,8,-9900,?,9,-9900,?,9,0.091,E,8,-9900,?,9,-9900,?,9,0.91,99.0,E,8
03/07/2010,21:00,0.0,1387.711,0.0,1,8,0.0,1,8,0.0,1,8,0.0,1,8,0.0,1,8,0.0,1,8,-0.0,1,8,-9900,?,9,-9900,?,9,23.98,E,8,18.84,E,8,75.0,E,8,1008.6016999999999,E,8,999.0,E,8,1.25,E,8,-9900,?,9,-9900,?,9,0.051000000000000004,E,8,-9900,?,9,-9900,?,9,0.51,99.0,E,8
03/07/2010,22:00,0.0,1387.711,0.0,1,8,0.0,1,8,0.0,1,8,0.0,1,8,0.0,1,8,0.0,1,8,-0.0,1,8,-9900,?,9,-9900,?,9,23.43,E,8,18.92,E,8,78.0,E,8,1008.6016999999999,E,8,999.0,E,8,0.85,E,8,-9900,?,9,-9900,?,9,0.003,E,8,-9900,?,9,-9900,?,9,0.03,99.0,E,8
03/07/2010,23:00,0.0,1387.711,0.0,1,8,0.0,1,8,0.0,1,8,0.0,1,8,0.0,1,8,0.0,1,8,-0.0,1,8,-9900,?,9,-9900,?,9,22.88,E,8,19.01,E,8,76.0,E,8,1008.6016999999999,E,8,999.0,E,8,0.92,E,8,-9900,?,9,-9900,?,9,0.0,E,8,-9900,?,9,-9900,?,9,0.0,0.0,E,8
03/07/2010,24:00,0.0,1387.711,0.0,1,8,0.0,1,8,0.0,1,8,0.0,1,8,0.0,1,8,0.0,1,8,-0.0,1,8,-9900,?,9,-9900,?,9,22.33,E,8,19.69,E,8,86.0,E,8,1008.6016999999999,E,8,999.0,E,8,1.85,E,8,-9900,?,9,-9900,?,9,0.08199999999999999,E,8,-9900,?,9,-9900,?,9,0.82,99.0,E,8
03/08/2010,01:00,0.0,1387.711,0.0,1,8,0.0,1,8,0.0,1,8,0.0,1,8,0.0,1,8,0.0,1,8,-0.0,1,8,-9900,?,9,-9900,?,9,22.05,E,8,19.7,E,8,87.0,E,8,1008.6016999999999,E,8,999.0,E,8,1.67,E,8,-9900,?,9,-9900,?,9,0.040999999999999995,E,8,-9900,?,9,-9900,?,9,0.41,99.0,E,8
03/08/2010,02:00,0.0,1387.711,0.0,1,8,0.0,1,8,0.0,1,8,0.0,1,8,0.0,1,8,0.0,1,8,-0.0,1,8,-9900,?,9,-9900,?,9,21.78,E,8,19.7,E,8,88.0,E,8,1008.6016999999999,E,8,999.0,E,8,1.05,E,8,-9900,?,9,-9900,?,9,0.022,E,8,-9900,?,9,-9900,?,9,0.22,99.0,E,8
03/08/2010,03:00,0.0,1387.711,0.0,1,8,0.0,1,8,0.0,1,8,0.0,1,8,0.0,1,8,0.0,1,8,-0.0,1,8,-9900,?,9,-9900,?,9,21.5,E,8,19.71,E,8,90.0,E,8,1008.6016999999999,E,8,999.0,E,8,1.05,E,8,-9900,?,9,-9900,?,9,0.011,E,8,-9900,?,9,-9900,?,9,0.11,99.0,E,8
03/08/2010,04:00,0.0,1386.969,0.0,1,8,0.0,1,8,0.0,1,8,0.0,1,8,0.0,1,8,0.0,1,8,-0.0,1,8,-9900,?,9,-9900,?,9,21.22,E,8,19.72,E,8,91.0,E,8,1008.6016999999999,E,8,999.0,E,8,1.13,E,8,-9900,?,9,-9900,?,9,0.007000000000000001,E,8,-9900,?,9,-9900,?,9,0.07,99.0,E,8
03/08/2010,05:00,0.0,1386.969,0.0,1,8,0.0,1,8,0.0,1,8,0.0,1,8,0.0,1,8,0.0,1,8,-0.0,1,8,-9900,?,9,-9900,?,9,20.95,E,8,19.72,E,8,93.0,E,8,1008.6016999999999,E,8,999.0,E,8,1.24,E,8,-9900,?,9,-9900,?,9,0.001,E,8,-9900,?,9,-9900,?,9,0.01,99.0,E,8
03/08/2010,06:00,0.0,1386.969,0.0,1,8,0.0,1,8,0.0,1,8,0.0,1,8,0.0,1,8,0.0,1,8,-0.0,1,8,-9900,?,9,-9900,?,9,20.74,E,8,19.73,E,8,94.0,E,8,1008.6016999999999,E,8,999.0,E,8,1.21,E,8,-9900,?,9,-9900,?,9,0.002,E,8,-9900,?,9,-9900,?,9,0.02,99.0,E,8
03/08/2010,07:00,226.927,1386.969,4.01,1,8,0.0,1,8,4.01,1,8,481.2,1,8,0.0,1,8,441.1,1,8,7.881,1,8,-9900,?,9,-9900,?,9,20.55,E,8,19.73,E,8,90.0,E,8,1008.6016999999999,E,8,999.0,E,8,1.36,E,8,-9900,?,9,-9900,?,9,0.0,E,8,-9900,?,9,-9900,?,9,0.0,0.0,E,8
03/08/2010,08:00,549.489,1386.969,188.95,1,8,77.092,1,8,158.455,1,8,22674.0,1,8,7323.767,1,8,17430.09,1,8,127.51,1,8,-9900,?,9,-9900,?,9,20.37,E,8,19.74,E,8,96.0,E,8,1008.6016999999999,E,8,999.0,E,8,1.67,E,8,-9900,?,9,-9900,?,9,0.004,E,8,-9900,?,9,-9900,?,9,0.04,99.0,E,8
03/08/2010,09:00,838.603,1386.969,438.43,1,8,274.734,1,8,272.402,1,8,52611.6,1,8,26099.721,1,8,29964.231,1,8,143.48,1,8,-9900,?,9,-9900,?,9,23.89,E,8,19.65,E,8,74.0,E,8,1008.6016999999999,E,8,999.0,E,8,2.84,E,8,-9900,?,9,-9900,?,9,0.0,E,8,-9900,?,9,-9900,?,9,0.0,0.0,E,8
03/08/2010,10:00,1073.74,1386.969,668.8,1,8,491.486,1,8,288.385,1,8,80256.0,1,8,46691.138,1,8,31722.331,1,8,118.598,1,8,-9900,?,9,-9900,?,9,25.22,E,8,19.62,E,8,69.0,E,8,1008.6016999999999,E,8,999.0,E,8,3.44,E,8,-9900,?,9,-9900,?,9,0.0,E,8,-9900,?,9,-9900,?,9,0.0,0.0,E,8
03/08/2010,11:00,1238.719,1386.969,822.23,1,8,558.392,1,8,323.56,1,8,98667.6,1,8,53047.252,1,8,35591.638,1,8,115.327,1,8,-9900,?,9,-9900,?,9,26.32,E,8,19.59,E,8,65.0,E,8,1008.6016999999999,E,8,999.0,E,8,4.53,E,8,-9900,?,9,-9900,?,9,0.0,E,8,-9900,?,9,-9900,?,9,0.0,0.0,E,8
03/08/2010,12:00,1322.238,1386.969,929.19,1,8,616.344,1,8,341.629,1,8,111502.8,1,8,58552.657,1,8,37579.161,1,8,114.071,1,8,-9900,?,9,-9900,?,9,27.22,E,8,19.57,E,8,62.0,E,8,1008.6016999999999,E,8,999.0,E,8,5.33,E,8,-9900,?,9,-9900,?,9,0.0,E,8,-9900,?,9,-9900,?,9,0.0,0.0,E,8
03/08/2010,13:00,1318.576,1386.969,966.22,1,8,738.679,1,8,263.988,1,8,115946.4,1,8,70174.526,1,8,29038.678,1,8,88.391,1,8,-9900,?,9,-9900,?,9,27.89,E,8,19.55,E,8,60.0,E,8,1008.6016999999999,E,8,999.0,E,8,5.88,E,8,-9900,?,9,-9900,?,9,0.0,E,8,-9900,?,9,-9900,?,9,0.0,0.0,E,8
03/08/2010,14:00,1227.968,1386.969,931.62,1,8,841.496,1,8,186.653,1,8,111794.4,1,8,79942.134,1,8,20531.807,1,8,67.112,1,8,-9900,?,9,-9900,?,9,28.31,E,8,19.54,E,8,58.0,E,8,1008.6016999999999,E,8,999.0,E,8,6.63,E,8,-9900,?,9,-9900,?,9,0.0,E,8,-9900,?,9,-9900,?,9,0.0,0.0,E,8
03/08/2010,15:00,1056.594,1386.969,825.25,1,8,796.178,1,8,218.85,1,8,99030.0,1,8,75636.911,1,8,24073.511,1,8,91.464,1,8,-9900,?,9,-9900,?,9,28.47,E,8,19.54,E,8,58.0,E,8,1008.6016999999999,E,8,999.0,E,8,6.67,E,8,-9900,?,9,-9900,?,9,0.0,E,8,-9900,?,9,-9900,?,9,0.0,0.0,E,8
03/08/2010,16:00,816.169,1386.969,646.43,1,8,777.103,1,8,189.393,1,8,77571.6,1,8,73824.758,1,8,20833.222,1,8,102.504,1,8,-9900,?,9,-9900,?,9,28.31,E,8,19.54,E,8,58.0,E,8,1008.6016999999999,E,8,999.0,E,8,5.94,E,8,-9900,?,9,-9900,?,9,0.0,E,8,-9900,?,9,-9900,?,9,0.0,0.0,E,8
03/08/2010,17:00,523.226,1386.969,424.03,1,8,732.87,1,8,148.044,1,8,50883.6,1,8,69622.624,1,8,16284.806,1,8,125.135,1,8,-9900,?,9,-9900,?,9,27.76,E,8,19.56,E,8,60.0,E,8,1008.6016999999999,E,8,999.0,E,8,4.94,E,8,-9900,?,9,-9900,?,9,0.0,E,8,-9900,?,9,-9900,?,9,0.0,0.0,E,8
03/08/2010,18:00,198.725,1386.969,175.61,1,8,404.146,1,8,118.458,1,8,21073.2,1,8,38393.911,1,8,13030.396,1,8,266.639,1,8,-9900,?,9,-9900,?,9,26.88,E,8,19.58,E,8,72.0,E,8,1008.6016999999999,E,8,999.0,E,8,4.42,E,8,-9900,?,9,-9900,?,9,0.21800000000000003,E,8,-9900,?,9,-9900,?,9,2.18,99.0,E,8
03/08/2010,19:00,0.0,1386.969,1.3,1,8,0.0,1,8,0.0,1,8,156.0,1,8,0.0,1,8,0.0,1,8,-0.0,1,8,-9900,?,9,-9900,?,9,26.26,E,8,19.59,E,8,79.0,E,8,1008.6016999999999,E,8,999.0,E,8,3.21,E,8,-9900,?,9,-9900,?,9,2.9850000000000003,E,8,-9900,?,9,-9900,?,9,29.85,99.0,E,8
03/08/2010,20:00,0.0,1386.969,0.0,1,8,0.0,1,8,0.0,1,8,0.0,1,8,0.0,1,8,0.0,1,8,-0.0,1,8,-9900,?,9,-9900,?,9,25.63,E,8,19.61,E,8,76.0,E,8,1008.6016999999999,E,8,999.0,E,8,2.81,E,8,-9900,?,9,-9900,?,9,0.123,E,8,-9900,?,9,-9900,?,9,1.23,99.0,E,8
03/08/2010,21:00,0.0,1386.969,0.0,1,8,0.0,1,8,0.0,1,8,0.0,1,8,0.0,1,8,0.0,1,8,-0.0,1,8,-9900,?,9,-9900,?,9,25.01,E,8,19.62,E,8,74.0,E,8,1008.6016999999999,E,8,999.0,E,8,2.02,E,8,-9900,?,9,-9900,?,9,0.03,E,8,-9900,?,9,-9900,?,9,0.3,99.0,E,8
03/08/2010,22:00,0.0,1386.969,0.0,1,8,0.0,1,8,0.0,1,8,0.0,1,8,0.0,1,8,0.0,1,8,-0.0,1,8,-9900,?,9,-9900,?,9,24.39,E,8,19.64,E,8,77.0,E,8,1008.6016999999999,E,8,999.0,E,8,1.45,E,8,-9900,?,9,-9900,?,9,0.056999999999999995,E,8,-9900,?,9,-9900,?,9,0.57,99.0,E,8
03/08/2010,23:00,0.0,1386.969,0.0,1,8,0.0,1,8,0.0,1,8,0.0,1,8,0.0,1,8,0.0,1,8,-0.0,1,8,-9900,?,9,-9900,?,9,23.77,E,8,19.65,E,8,79.0,E,8,1008.6016999999999,E,8,999.0,E,8,1.17,E,8,-9900,?,9,-9900,?,9,0.016,E,8,-9900,?,9,-9900,?,9,0.16,99.0,E,8
03/08/2010,24:00,0.0,1386.969,0.0,1,8,0.0,1,8,0.0,1,8,0.0,1,8,0.0,1,8,0.0,1,8,-0.0,1,8,-9900,?,9,-9900,?,9,23.14,E,8,21.11,E,8,85.0,E,8,1008.6016999999999,E,8,999.0,E,8,1.48,E,8,-9900,?,9,-9900,?,9,0.039,E,8,-9900,?,9,-9900,?,9,0.39,99.0,E,8
03/09/2010,01:00,0.0,1386.969,0.0,1,8,0.0,1,8,0.0,1,8,0.0,1,8,0.0,1,8,0.0,1,8,-0.0,1,8,-9900,?,9,-9900,?,9,22.83,E,8,21.06,E,8,86.0,E,8,1008.6016999999999,E,8,999.0,E,8,1.65,E,8,-9900,?,9,-9900,?,9,0.066,E,8,-9900,?,9,-9900,?,9,0.66,99.0,E,8
03/09/2010,02:00,0.0,1386.969,0.0,1,8,0.0,1,8,0.0,1,8,0.0,1,8,0.0,1,8,0.0,1,8,-0.0,1,8,-9900,?,9,-9900,?,9,22.52,E,8,21.01,E,8,87.0,E,8,1008.6016999999999,E,8,999.0,E,8,1.36,E,8,-9900,?,9,-9900,?,9,0.018,E,8,-9900,?,9,-9900,?,9,0.18,99.0,E,8
03/09/2010,03:00,0.0,1386.969,0.0,1,8,0.0,1,8,0.0,1,8,0.0,1,8,0.0,1,8,0.0,1,8,-0.0,1,8,-9900,?,9,-9900,?,9,22.21,E,8,20.96,E,8,88.0,E,8,1008.6016999999999,E,8,999.0,E,8,1.42,E,8,-9900,?,9,-9900,?,9,0.001,E,8,-9900,?,9,-9900,?,9,0.01,99.0,E,8
03/09/2010,04:00,0.0,1386.221,0.0,1,8,0.0,1,8,0.0,1,8,0.0,1,8,0.0,1,8,0.0,1,8,-0.0,1,8,-9900,?,9,-9900,?,9,21.9,E,8,20.91,E,8,86.0,E,8,1008.6016999999999,E,8,999.0,E,8,1.36,E,8,-9900,?,9,-9900,?,9,0.0,E,8,-9900,?,9,-9900,?,9,0.0,0.0,E,8
03/09/2010,05:00,0.0,1386.221,0.0,1,8,0.0,1,8,0.0,1,8,0.0,1,8,0.0,1,8,0.0,1,8,-0.0,1,8,-9900,?,9,-9900,?,9,21.59,E,8,20.86,E,8,90.0,E,8,1008.6016999999999,E,8,999.0,E,8,1.09,E,8,-9900,?,9,-9900,?,9,0.014000000000000002,E,8,-9900,?,9,-9900,?,9,0.14,99.0,E,8
03/09/2010,06:00,0.0,1386.221,0.0,1,8,0.0,1,8,0.0,1,8,0.0,1,8,0.0,1,8,0.0,1,8,-0.0,1,8,-9900,?,9,-9900,?,9,21.35,E,8,20.83,E,8,91.0,E,8,1008.6016999999999,E,8,999.0,E,8,1.1,E,8,-9900,?,9,-9900,?,9,0.03,E,8,-9900,?,9,-9900,?,9,0.3,99.0,E,8
03/09/2010,07:00,224.902,1386.221,2.77,1,8,0.0,1,8,2.77,1,8,332.4,1,8,0.0,1,8,304.7,1,8,5.491,1,8,-9900,?,9,-9900,?,9,21.14,E,8,20.79,E,8,98.0,E,8,1008.6016999999999,E,8,999.0,E,8,1.2,E,8,-9900,?,9,-9900,?,9,2.592,E,8,-9900,?,9,-9900,?,9,25.92,99.0,E,8
03/09/2010,08:00,547.363,1386.221,144.92,1,8,11.8,1,8,140.268,1,8,17390.4,1,8,1120.966,1,8,15429.495,1,8,113.253,1,8,-9900,?,9,-9900,?,9,20.94,E,8,20.76,E,8,92.0,E,8,1008.6016999999999,E,8,999.0,E,8,1.3,E,8,-9900,?,9,-9900,?,9,0.089,E,8,-9900,?,9,-9900,?,9,0.89,99.0,E,8
03/09/2010,09:00,836.298,1386.221,131.31,1,8,0.0,1,8,131.31,1,8,15757.2,1,8,0.0,1,8,14444.1,1,8,69.317,1,8,-9900,?,9,-9900,?,9,22.74,E,8,21.05,E,8,90.0,E,8,1008.6016999999999,E,8,999.0,E,8,1.97,E,8,-9900,?,9,-9900,?,9,0.21600000000000003,E,8,-9900,?,9,-9900,?,9,2.16,99.0,E,8
03/09/2010,10:00,1071.18,1386.221,375.36,1,8,70.008,1,8,321.273,1,8,45043.2,1,8,6650.736,1,8,35340.07,1,8,132.367,1,8,-9900,?,9,-9900,?,9,23.77,E,8,21.21,E,8,87.0,E,8,1008.6016999999999,E,8,999.0,E,8,3.07,E,8,-9900,?,9,-9900,?,9,0.128,E,8,-9900,?,9,-9900,?,9,1.28,99.0,E,8
03/09/2010,11:00,1235.844,1386.221,636.48,1,8,223.363,1,8,437.363,1,8,76377.6,1,8,21219.447,1,8,48109.903,1,8,156.169,1,8,-9900,?,9,-9900,?,9,25.14,E,8,21.43,E,8,76.0,E,8,1008.6016999999999,E,8,999.0,E,8,3.14,E,8,-9900,?,9,-9900,?,9,0.0,E,8,-9900,?,9,-9900,?,9,0.0,0.0,E,8
03/09/2010,12:00,1319.011,1386.221,614.4,1,8,134.434,1,8,486.488,1,8,73728.0,1,8,12771.214,1,8,53513.68,1,8,162.749,1,8,-9900,?,9,-9900,?,9,25.91,E,8,21.55,E,8,77.0,E,8,1008.6016999999999,E,8,999.0,E,8,4.65,E,8,-9900,?,9,-9900,?,9,0.002,E,8,-9900,?,9,-9900,?,9,0.02,99.0,E,8
03/09/2010,13:00,1314.982,1386.221,850.7,1,8,508.667,1,8,368.19,1,8,102084.0,1,8,48323.329,1,8,40500.878,1,8,123.552,1,8,-9900,?,9,-9900,?,9,26.93,E,8,21.71,E,8,71.0,E,8,1008.6016999999999,E,8,999.0,E,8,5.36,E,8,-9900,?,9,-9900,?,9,0.0,E,8,-9900,?,9,-9900,?,9,0.0,0.0,E,8
03/09/2010,14:00,1224.019,1386.221,827.93,1,8,557.98,1,8,335.28,1,8,99351.6,1,8,53008.062,1,8,36880.843,1,8,120.876,1,8,-9900,?,9,-9900,?,9,27.62,E,8,21.81,E,8,69.0,E,8,1008.6016999999999,E,8,999.0,E,8,5.78,E,8,-9900,?,9,-9900,?,9,0.0,E,8,-9900,?,9,-9900,?,9,0.0,0.0,E,8
03/09/2010,15:00,1052.327,1386.221,920.51,1,8,701.116,1,8,388.384,1,8,110461.2,1,8,66606.003,1,8,42722.294,1,8,162.887,1,8,-9900,?,9,-9900,?,9,28.29,E,8,21.92,E,8,68.0,E,8,1008.6016999999999,E,8,999.0,E,8,5.31,E,8,-9900,?,9,-9900,?,9,0.0,E,8,-9900,?,9,-9900,?,9,0.0,0.0,E,8
03/09/2010,16:00,811.642,1386.221,606.76,1,8,738.17,1,8,174.799,1,8,72811.2,1,8,70126.124,1,8,19227.895,1,8,95.083,1,8,-9900,?,9,-9900,?,9,28.35,E,8,21.93,E,8,68.0,E,8,1008.6016999999999,E,8,999.0,E,8,4.74,E,8,-9900,?,9,-9900,?,9,0.0,E,8,-9900,?,9,-9900,?,9,0.0,0.0,E,8
03/09/2010,17:00,518.519,1386.221,304.39,1,8,538.977,1,8,103.145,1,8,36526.8,1,8,51202.775,1,8,11345.913,1,8,87.931,1,8,-9900,?,9,-9900,?,9,27.77,E,8,21.84,E,8,72.0,E,8,1008.6016999999999,E,8,999.0,E,8,4.38,E,8,-9900,?,9,-9900,?,9,0.004,E,8,-9900,?,9,-9900,?,9,0.04,99.0,E,8
03/09/2010,18:00,193.969,1386.221,79.39,1,8,224.866,1,8,48.354,1,8,9526.8,1,8,21362.258,1,8,5318.971,1,8,111.518,1,8,-9900,?,9,-9900,?,9,26.84,E,8,21.69,E,8,75.0,E,8,1008.6016999999999,E,8,999.0,E,8,3.52,E,8,-9900,?,9,-9900,?,9,0.008,E,8,-9900,?,9,-9900,?,9,0.08,99.0,E,8
03/09/2010,19:00,0.0,1386.221,0.5,1,8,0.0,1,8,0.0,1,8,60.0,1,8,0.0,1,8,0.0,1,8,-0.0,1,8,-9900,?,9,-9900,?,9,26.36,E,8,21.62,E,8,76.0,E,8,1008.6016999999999,E,8,999.0,E,8,2.53,E,8,-9900,?,9,-9900,?,9,0.05,E,8,-9900,?,9,-9900,?,9,0.5,99.0,E,8
03/09/2010,20:00,0.0,1386.221,0.0,1,8,0.0,1,8,0.0,1,8,0.0,1,8,0.0,1,8,0.0,1,8,-0.0,1,8,-9900,?,9,-9900,?,9,25.89,E,8,21.55,E,8,77.0,E,8,1008.6016999999999,E,8,999.0,E,8,2.13,E,8,-9900,?,9,-9900,?,9,0.006,E,8,-9900,?,9,-9900,?,9,0.06,99.0,E,8
03/09/2010,21:00,0.0,1386.221,0.0,1,8,0.0,1,8,0.0,1,8,0.0,1,8,0.0,1,8,0.0,1,8,-0.0,1,8,-9900,?,9,-9900,?,9,25.41,E,8,21.47,E,8,78.0,E,8,1008.6016999999999,E,8,999.0,E,8,1.13,E,8,-9900,?,9,-9900,?,9,0.011,E,8,-9900,?,9,-9900,?,9,0.11,99.0,E,8
03/09/2010,22:00,0.0,1386.221,0.0,1,8,0.0,1,8,0.0,1,8,0.0,1,8,0.0,1,8,0.0,1,8,-0.0,1,8,-9900,?,9,-9900,?,9,24.93,E,8,21.4,E,8,80.0,E,8,1008.6016999999999,E,8,999.0,E,8,1.25,E,8,-9900,?,9,-9900,?,9,0.001,E,8,-9900,?,9,-9900,?,9,0.01,99.0,E,8
03/09/2010,23:00,0.0,1386.221,0.0,1,8,0.0,1,8,0.0,1,8,0.0,1,8,0.0,1,8,0.0,1,8,-0.0,1,8,-9900,?,9,-9900,?,9,24.46,E,8,21.32,E,8,81.0,E,8,1008.6016999999999,E,8,999.0,E,8,1.15,E,8,-9900,?,9,-9900,?,9,0.024,E,8,-9900,?,9,-9900,?,9,0.24,99.0,E,8
03/09/2010,24:00,0.0,1386.221,0.0,1,8,0.0,1,8,0.0,1,8,0.0,1,8,0.0,1,8,0.0,1,8,-0.0,1,8,-9900,?,9,-9900,?,9,23.98,E,8,20.95,E,8,83.0,E,8,1008.6016999999999,E,8,999.0,E,8,1.08,E,8,-9900,?,9,-9900,?,9,0.0,E,8,-9900,?,9,-9900,?,9,0.0,0.0,E,8
03/10/2010,01:00,0.0,1386.221,0.0,1,8,0.0,1,8,0.0,1,8,0.0,1,8,0.0,1,8,0.0,1,8,-0.0,1,8,-9900,?,9,-9900,?,9,23.74,E,8,20.9,E,8,84.0,E,8,1008.6016999999999,E,8,999.0,E,8,1.08,E,8,-9900,?,9,-9900,?,9,0.0,E,8,-9900,?,9,-9900,?,9,0.0,0.0,E,8
03/10/2010,02:00,0.0,1386.221,0.0,1,8,0.0,1,8,0.0,1,8,0.0,1,8,0.0,1,8,0.0,1,8,-0.0,1,8,-9900,?,9,-9900,?,9,23.5,E,8,20.84,E,8,85.0,E,8,1008.6016999999999,E,8,999.0,E,8,1.08,E,8,-9900,?,9,-9900,?,9,0.0,E,8,-9900,?,9,-9900,?,9,0.0,0.0,E,8
03/10/2010,03:00,0.0,1386.221,0.0,1,8,0.0,1,8,0.0,1,8,0.0,1,8,0.0,1,8,0.0,1,8,-0.0,1,8,-9900,?,9,-9900,?,9,23.27,E,8,20.79,E,8,85.0,E,8,1008.6016999999999,E,8,999.0,E,8,1.08,E,8,-9900,?,9,-9900,?,9,0.0,E,8,-9900,?,9,-9900,?,9,0.0,0.0,E,8
03/10/2010,04:00,0.0,1385.467,0.0,1,8,0.0,1,8,0.0,1,8,0.0,1,8,0.0,1,8,0.0,1,8,-0.0,1,8,-9900,?,9,-9900,?,9,23.03,E,8,20.74,E,8,86.0,E,8,1008.6016999999999,E,8,999.0,E,8,1.08,E,8,-9900,?,9,-9900,?,9,0.0,E,8,-9900,?,9,-9900,?,9,0.0,0.0,E,8
03/10/2010,05:00,0.0,1385.467,0.0,1,8,0.0,1,8,0.0,1,8,0.0,1,8,0.0,1,8,0.0,1,8,-0.0,1,8,-9900,?,9,-9900,?,9,22.79,E,8,20.68,E,8,87.0,E,8,1008.6016999999999,E,8,999.0,E,8,1.08,E,8,-9900,?,9,-9900,?,9,0.0,E,8,-9900,?,9,-9900,?,9,0.0,0.0,E,8
03/10/2010,06:00,0.0,1385.467,0.0,1,8,0.0,1,8,0.0,1,8,0.0,1,8,0.0,1,8,0.0,1,8,-0.0,1,8,-9900,?,9,-9900,?,9,22.6,E,8,20.64,E,8,88.0,E,8,1008.6016999999999,E,8,999.0,E,8,1.08,E,8,-9900,?,9,-9900,?,9,0.0,E,8,-9900,?,9,-9900,?,9,0.0,0.0,E,8
03/10/2010,07:00,222.894,1385.467,3.5,1,8,0.0,1,8,3.5,1,8,420.0,1,8,0.0,1,8,385.0,1,8,6.998,1,8,-9900,?,9,-9900,?,9,22.45,E,8,20.61,E,8,89.0,E,8,1008.6016999999999,E,8,999.0,E,8,1.08,E,8,-9900,?,9,-9900,?,9,0.0,E,8,-9900,?,9,-9900,?,9,0.0,0.0,E,8
03/10/2010,08:00,545.233,1385.467,190.54,1,8,78.07,1,8,159.865,1,8,22864.8,1,8,7416.609,1,8,17585.205,1,8,129.512,1,8,-9900,?,9,-9900,?,9,22.29,E,8,20.57,E,8,90.0,E,8,1008.6016999999999,E,8,999.0,E,8,1.08,E,8,-9900,?,9,-9900,?,9,0.0,E,8,-9900,?,9,-9900,?,9,0.0,0.0,E,8
03/10/2010,09:00,833.971,1385.467,439.19,1,8,283.967,1,8,268.347,1,8,52702.8,1,8,26976.832,1,8,29518.143,1,8,141.976,1,8,-9900,?,9,-9900,?,9,25.28,E,8,21.23,E,8,78.0,E,8,1008.6016999999999,E,8,999.0,E,8,1.08,E,8,-9900,?,9,-9900,?,9,0.0,E,8,-9900,?,9,-9900,?,9,0.0,0.0,E,8
03/10/2010,10:00,1068.579,1385.467,661.3,1,8,477.953,1,8,292.739,1,8,79356.0,1,8,45405.551,1,8,32201.329,1,8,120.839,1,8,-9900,?,9,-9900,?,9,26.37,E,8,21.47,E,8,74.0,E,8,1008.6016999999999,E,8,999.0,E,8,1.54,E,8,-9900,?,9,-9900,?,9,0.0,E,8,-9900,?,9,-9900,?,9,0.0,0.0,E,8
03/10/2010,11:00,1232.914,1385.467,830.44,1,8,560.287,1,8,331.884,1,8,99652.8,1,8,53227.312,1,8,36507.249,1,8,118.723,1,8,-9900,?,9,-9900,?,9,27.32,E,8,21.67,E,8,71.0,E,8,1008.6016999999999,E,8,999.0,E,8,1.7,E,8,-9900,?,9,-9900,?,9,0.0,E,8,-9900,?,9,-9900,?,9,0.0,0.0,E,8
03/10/2010,12:00,1315.716,1385.467,944.76,1,8,655.147,1,8,322.616,1,8,113371.2,1,8,62238.95,1,8,35487.813,1,8,108.14,1,8,-9900,?,9,-9900,?,9,28.11,E,8,21.83,E,8,68.0,E,8,1008.6016999999999,E,8,999.0,E,8,2.36,E,8,-9900,?,9,-9900,?,9,0.0,E,8,-9900,?,9,-9900,?,9,0.0,0.0,E,8
03/10/2010,13:00,1311.312,1385.467,989.61,1,8,838.845,1,8,195.69,1,8,118753.2,1,8,79690.239,1,8,21525.928,1,8,65.815,1,8,-9900,?,9,-9900,?,9,28.7,E,8,21.96,E,8,66.0,E,8,1008.6016999999999,E,8,999.0,E,8,3.27,E,8,-9900,?,9,-9900,?,9,0.0,E,8,-9900,?,9,-9900,?,9,0.0,0.0,E,8
03/10/2010,14:00,1219.991,1385.467,948.81,1,8,968.151,1,8,96.364,1,8,113857.2,1,8,91974.374,1,8,10600.055,1,8,34.837,1,8,-9900,?,9,-9900,?,9,29.07,E,8,22.03,E,8,65.0,E,8,1008.6016999999999,E,8,999.0,E,8,3.79,E,8,-9900,?,9,-9900,?,9,0.0,E,8,-9900,?,9,-9900,?,9,0.0,0.0,E,8
03/10/2010,15:00,1047.982,1385.467,830.4,1,8,866.187,1,8,175.351,1,8,99648.0,1,8,82287.806,1,8,19288.58,1,8,73.807,1,8,-9900,?,9,-9900,?,9,29.21,E,8,22.06,E,8,65.0,E,8,1008.6016999999999,E,8,999.0,E,8,3.57,E,8,-9900,?,9,-9900,?,9,0.0,E,8,-9900,?,9,-9900,?,9,0.0,0.0,E,8
03/10/2010,16:00,807.045,1385.467,634.21,1,8,802.886,1,8,166.79,1,8,76105.2,1,8,76274.163,1,8,18346.903,1,8,91.194,1,8,-9900,?,9,-9900,?,9,29.04,E,8,22.03,E,8,65.0,E,8,1008.6016999999999,E,8,999.0,E,8,3.63,E,8,-9900,?,9,-9900,?,9,0.0,E,8,-9900,?,9,-9900,?,9,0.0,0.0,E,8
03/10/2010,17:00,513.753,1385.467,411.29,1,8,728.076,1,8,141.8,1,8,49354.8,1,8,69167.183,1,8,15598.016,1,8,121.944,1,8,-9900,?,9,-9900,?,9,28.54,E,8,21.92,E,8,67.0,E,8,1008.6016999999999,E,8,999.0,E,8,3.0,E,8,-9900,?,9,-9900,?,9,0.0,E,8,-9900,?,9,-9900,?,9,0.0,0.0,E,8
03/10/2010,18:00,189.17,1385.467,162.02,1,8,400.885,1,8,108.066,1,8,19442.4,1,8,38084.057,1,8,11887.231,1,8,255.583,1,8,-9900,?,9,-9900,?,9,27.77,E,8,21.76,E,8,69.0,E,8,1008.6016999999999,E,8,999.0,E,8,2.36,E,8,-9900,?,9,-9900,?,9,0.0,E,8,-9900,?,9,-9900,?,9,0.0,0.0,E,8
03/10/2010,19:00,0.0,1385.467,0.46,1,8,0.0,1,8,0.0,1,8,55.2,1,8,0.0,1,8,0.0,1,8,-0.0,1,8,-9900,?,9,-9900,?,9,27.28,E,8,21.66,E,8,71.0,E,8,1008.6016999999999,E,8,999.0,E,8,1.34,E,8,-9900,?,9,-9900,?,9,0.0,E,8,-9900,?,9,-9900,?,9,0.0,0.0,E,8
03/10/2010,20:00,0.0,1385.467,0.0,1,8,0.0,1,8,0.0,1,8,0.0,1,8,0.0,1,8,0.0,1,8,-0.0,1,8,-9900,?,9,-9900,?,9,26.78,E,8,21.55,E,8,73.0,E,8,1008.6016999999999,E,8,999.0,E,8,1.08,E,8,-9900,?,9,-9900,?,9,0.0,E,8,-9900,?,9,-9900,?,9,0.0,0.0,E,8
03/10/2010,21:00,0.0,1385.467,0.0,1,8,0.0,1,8,0.0,1,8,0.0,1,8,0.0,1,8,0.0,1,8,-0.0,1,8,-9900,?,9,-9900,?,9,26.29,E,8,21.45,E,8,74.0,E,8,1008.6016999999999,E,8,999.0,E,8,1.08,E,8,-9900,?,9,-9900,?,9,0.0,E,8,-9900,?,9,-9900,?,9,0.0,0.0,E,8
03/10/2010,22:00,0.0,1385.467,0.0,1,8,0.0,1,8,0.0,1,8,0.0,1,8,0.0,1,8,0.0,1,8,-0.0,1,8,-9900,?,9,-9900,?,9,25.79,E,8,21.34,E,8,76.0,E,8,1008.6016999999999,E,8,999.0,E,8,1.08,E,8,-9900,?,9,-9900,?,9,0.0,E,8,-9900,?,9,-9900,?,9,0.0,0.0,E,8
03/10/2010,23:00,0.0,1385.467,0.0,1,8,0.0,1,8,0.0,1,8,0.0,1,8,0.0,1,8,0.0,1,8,-0.0,1,8,-9900,?,9,-9900,?,9,25.3,E,8,21.24,E,8,78.0,E,8,1008.6016999999999,E,8,999.0,E,8,1.08,E,8,-9900,?,9,-9900,?,9,0.0,E,8,-9900,?,9,-9900,?,9,0.0,0.0,E,8
03/10/2010,24:00,0.0,1385.467,0.0,1,8,0.0,1,8,0.0,1,8,0.0,1,8,0.0,1,8,0.0,1,8,-0.0,1,8,-9900,?,9,-9900,?,9,24.8,E,8,21.74,E,8,84.0,E,8,1008.6016999999999,E,8,999.0,E,8,1.04,E,8,-9900,?,9,-9900,?,9,0.005,E,8,-9900,?,9,-9900,?,9,0.05,99.0,E,8
03/11/2010,01:00,0.0,1385.467,0.0,1,8,0.0,1,8,0.0,1,8,0.0,1,8,0.0,1,8,0.0,1,8,-0.0,1,8,-9900,?,9,-9900,?,9,24.56,E,8,21.73,E,8,85.0,E,8,1008.6016999999999,E,8,999.0,E,8,1.04,E,8,-9900,?,9,-9900,?,9,0.003,E,8,-9900,?,9,-9900,?,9,0.03,99.0,E,8
03/11/2010,02:00,0.0,1385.467,0.0,1,8,0.0,1,8,0.0,1,8,0.0,1,8,0.0,1,8,0.0,1,8,-0.0,1,8,-9900,?,9,-9900,?,9,24.31,E,8,21.72,E,8,82.0,E,8,1008.6016999999999,E,8,999.0,E,8,1.04,E,8,-9900,?,9,-9900,?,9,0.0,E,8,-9900,?,9,-9900,?,9,0.0,0.0,E,8
03/11/2010,03:00,0.0,1385.467,0.0,1,8,0.0,1,8,0.0,1,8,0.0,1,8,0.0,1,8,0.0,1,8,-0.0,1,8,-9900,?,9,-9900,?,9,24.06,E,8,21.71,E,8,87.0,E,8,1008.6016999999999,E,8,999.0,E,8,1.04,E,8,-9900,?,9,-9900,?,9,0.001,E,8,-9900,?,9,-9900,?,9,0.01,99.0,E,8
03/11/2010,04:00,0.0,1384.708,0.0,1,8,0.0,1,8,0.0,1,8,0.0,1,8,0.0,1,8,0.0,1,8,-0.0,1,8,-9900,?,9,-9900,?,9,23.81,E,8,21.7,E,8,84.0,E,8,1008.6016999999999,E,8,999.0,E,8,1.04,E,8,-9900,?,9,-9900,?,9,0.0,E,8,-9900,?,9,-9900,?,9,0.0,0.0,E,8
03/11/2010,05:00,0.0,1384.708,0.0,1,8,0.0,1,8,0.0,1,8,0.0,1,8,0.0,1,8,0.0,1,8,-0.0,1,8,-9900,?,9,-9900,?,9,23.57,E,8,21.69,E,8,85.0,E,8,1008.6016999999999,E,8,999.0,E,8,1.04,E,8,-9900,?,9,-9900,?,9,0.0,E,8,-9900,?,9,-9900,?,9,0.0,0.0,E,8
03/11/2010,06:00,0.0,1384.708,0.0,1,8,0.0,1,8,0.0,1,8,0.0,1,8,0.0,1,8,0.0,1,8,-0.0,1,8,-9900,?,9,-9900,?,9,23.37,E,8,21.68,E,8,86.0,E,8,1008.6016999999999,E,8,999.0,E,8,1.04,E,8,-9900,?,9,-9900,?,9,0.0,E,8,-9900,?,9,-9900,?,9,0.0,0.0,E,8
03/11/2010,07:00,220.9,1384.708,3.11,1,8,0.0,1,8,3.11,1,8,373.2,1,8,0.0,1,8,342.1,1,8,6.272,1,8,-9900,?,9,-9900,?,9,23.21,E,8,21.67,E,8,86.0,E,8,1008.6016999999999,E,8,999.0,E,8,1.04,E,8,-9900,?,9,-9900,?,9,0.0,E,8,-9900,?,9,-9900,?,9,0.0,0.0,E,8
03/11/2010,08:00,543.1,1384.708,179.68,1,8,63.476,1,8,154.824,1,8,21561.6,1,8,6030.248,1,8,17030.603,1,8,125.853,1,8,-9900,?,9,-9900,?,9,23.05,E,8,21.67,E,8,91.0,E,8,1008.6016999999999,E,8,999.0,E,8,1.04,E,8,-9900,?,9,-9900,?,9,0.002,E,8,-9900,?,9,-9900,?,9,0.02,99.0,E,8
03/11/2010,09:00,831.62,1384.708,403.74,1,8,208.781,1,8,278.417,1,8,48448.8,1,8,19834.178,1,8,30625.841,1,8,147.64,1,8,-9900,?,9,-9900,?,9,26.32,E,8,21.81,E,8,74.0,E,8,1008.6016999999999,E,8,999.0,E,8,1.04,E,8,-9900,?,9,-9900,?,9,0.0,E,8,-9900,?,9,-9900,?,9,0.0,0.0,E,8
03/11/2010,10:00,1065.938,1384.708,612.04,1,8,351.281,1,8,341.681,1,8,73444.8,1,8,33371.662,1,8,37584.951,1,8,141.314,1,8,-9900,?,9,-9900,?,9,27.51,E,8,21.86,E,8,69.0,E,8,1008.6016999999999,E,8,999.0,E,8,1.04,E,8,-9900,?,9,-9900,?,9,0.0,E,8,-9900,?,9,-9900,?,9,0.0,0.0,E,8
03/11/2010,11:00,1229.927,1384.708,787.55,1,8,495.217,1,8,347.723,1,8,94506.0,1,8,47045.588,1,8,38249.483,1,8,124.622,1,8,-9900,?,9,-9900,?,9,28.6,E,8,21.9,E,8,66.0,E,8,1008.6016999999999,E,8,999.0,E,8,1.7,E,8,-9900,?,9,-9900,?,9,0.0,E,8,-9900,?,9,-9900,?,9,0.0,0.0,E,8
03/11/2010,12:00,1312.353,1384.708,891.53,1,8,601.008,1,8,321.946,1,8,106983.6,1,8,57095.72,1,8,35414.07,1,8,108.132,1,8,-9900,?,9,-9900,?,9,29.49,E,8,21.94,E,8,63.0,E,8,1008.6016999999999,E,8,999.0,E,8,2.58,E,8,-9900,?,9,-9900,?,9,0.0,E,8,-9900,?,9,-9900,?,9,0.0,0.0,E,8
03/11/2010,13:00,1307.567,1384.708,932.37,1,8,659.687,1,8,309.456,1,8,111884.4,1,8,62670.283,1,8,34040.13,1,8,104.318,1,8,-9900,?,9,-9900,?,9,30.16,E,8,21.97,E,8,61.0,E,8,1008.6016999999999,E,8,999.0,E,8,2.99,E,8,-9900,?,9,-9900,?,9,0.0,E,8,-9900,?,9,-9900,?,9,0.0,0.0,E,8
03/11/2010,14:00,1215.886,1384.708,885.64,1,8,774.834,1,8,205.333,1,8,106276.8,1,8,73609.226,1,8,22586.601,1,8,74.441,1,8,-9900,?,9,-9900,?,9,30.56,E,8,21.98,E,8,60.0,E,8,1008.6016999999999,E,8,999.0,E,8,3.75,E,8,-9900,?,9,-9900,?,9,0.0,E,8,-9900,?,9,-9900,?,9,0.0,0.0,E,8
03/11/2010,15:00,1043.561,1384.708,785.29,1,8,889.954,1,8,114.741,1,8,94234.8,1,8,84545.65,1,8,12621.558,1,8,48.474,1,8,-9900,?,9,-9900,?,9,30.72,E,8,21.99,E,8,59.0,E,8,1008.6016999999999,E,8,999.0,E,8,4.23,E,8,-9900,?,9,-9900,?,9,0.0,E,8,-9900,?,9,-9900,?,9,0.0,0.0,E,8
03/11/2010,16:00,802.378,1384.708,617.57,1,8,761.014,1,8,176.851,1,8,74108.4,1,8,72296.318,1,8,19453.635,1,8,97.205,1,8,-9900,?,9,-9900,?,9,30.58,E,8,21.99,E,8,60.0,E,8,1008.6016999999999,E,8,999.0,E,8,3.54,E,8,-9900,?,9,-9900,?,9,0.0,E,8,-9900,?,9,-9900,?,9,0.0,0.0,E,8
03/11/2010,17:00,508.93,1384.708,405.13,1,8,725.58,1,8,138.949,1,8,48615.6,1,8,68930.13,1,8,15284.429,1,8,120.563,1,8,-9900,?,9,-9900,?,9,30.06,E,8,21.96,E,8,61.0,E,8,1008.6016999999999,E,8,999.0,E,8,3.15,E,8,-9900,?,9,-9900,?,9,0.0,E,8,-9900,?,9,-9900,?,9,0.0,0.0,E,8
03/11/2010,18:00,184.332,1384.708,163.69,1,8,387.61,1,8,112.865,1,8,19642.8,1,8,36822.984,1,8,12415.18,1,8,273.988,1,8,-9900,?,9,-9900,?,9,29.22,E,8,21.93,E,8,68.0,E,8,1008.6016999999999,E,8,999.0,E,8,2.39,E,8,-9900,?,9,-9900,?,9,0.001,E,8,-9900,?,9,-9900,?,9,0.01,99.0,E,8
03/11/2010,19:00,0.0,1384.708,0.51,1,8,0.0,1,8,0.0,1,8,61.2,1,8,0.0,1,8,0.0,1,8,-0.0,1,8,-9900,?,9,-9900,?,9,28.56,E,8,21.9,E,8,66.0,E,8,1008.6016999999999,E,8,999.0,E,8,1.77,E,8,-9900,?,9,-9900,?,9,0.0,E,8,-9900,?,9,-9900,?,9,0.0,0.0,E,8
03/11/2010,20:00,0.0,1384.708,0.0,1,8,0.0,1,8,0.0,1,8,0.0,1,8,0.0,1,8,0.0,1,8,-0.0,1,8,-9900,?,9,-9900,?,9,27.89,E,8,21.87,E,8,72.0,E,8,1008.6016999999999,E,8,999.0,E,8,1.1,E,8,-9900,?,9,-9900,?,9,0.001,E,8,-9900,?,9,-9900,?,9,0.01,99.0,E,8
03/11/2010,21:00,0.0,1384.708,0.0,1,8,0.0,1,8,0.0,1,8,0.0,1,8,0.0,1,8,0.0,1,8,-0.0,1,8,-9900,?,9,-9900,?,9,27.23,E,8,21.84,E,8,70.0,E,8,1008.6016999999999,E,8,999.0,E,8,1.04,E,8,-9900,?,9,-9900,?,9,0.0,E,8,-9900,?,9,-9900,?,9,0.0,0.0,E,8
03/11/2010,22:00,0.0,1384.708,0.0,1,8,0.0,1,8,0.0,1,8,0.0,1,8,0.0,1,8,0.0,1,8,-0.0,1,8,-9900,?,9,-9900,?,9,26.56,E,8,21.82,E,8,73.0,E,8,1008.6016999999999,E,8,999.0,E,8,1.04,E,8,-9900,?,9,-9900,?,9,0.0,E,8,-9900,?,9,-9900,?,9,0.0,0.0,E,8
03/11/2010,23:00,0.0,1384.708,0.0,1,8,0.0,1,8,0.0,1,8,0.0,1,8,0.0,1,8,0.0,1,8,-0.0,1,8,-9900,?,9,-9900,?,9,25.9,E,8,21.79,E,8,79.0,E,8,1008.6016999999999,E,8,999.0,E,8,1.04,E,8,-9900,?,9,-9900,?,9,0.086,E,8,-9900,?,9,-9900,?,9,0.86,99.0,E,8
03/11/2010,24:00,0.0,1384.708,0.0,1,8,0.0,1,8,0.0,1,8,0.0,1,8,0.0,1,8,0.0,1,8,-0.0,1,8,-9900,?,9,-9900,?,9,25.24,E,8,21.73,E,8,85.0,E,8,1008.6016999999999,E,8,999.0,E,8,1.42,E,8,-9900,?,9,-9900,?,9,0.002,E,8,-9900,?,9,-9900,?,9,0.02,99.0,E,8
03/12/2010,01:00,0.0,1384.708,0.0,1,8,0.0,1,8,0.0,1,8,0.0,1,8,0.0,1,8,0.0,1,8,-0.0,1,8,-9900,?,9,-9900,?,9,24.9,E,8,21.68,E,8,87.0,E,8,1008.6016999999999,E,8,999.0,E,8,1.42,E,8,-9900,?,9,-9900,?,9,0.006,E,8,-9900,?,9,-9900,?,9,0.06,99.0,E,8
03/12/2010,02:00,0.0,1384.708,0.0,1,8,0.0,1,8,0.0,1,8,0.0,1,8,0.0,1,8,0.0,1,8,-0.0,1,8,-9900,?,9,-9900,?,9,24.57,E,8,21.62,E,8,88.0,E,8,1008.6016999999999,E,8,999.0,E,8,1.42,E,8,-9900,?,9,-9900,?,9,0.011,E,8,-9900,?,9,-9900,?,9,0.11,99.0,E,8
03/12/2010,03:00,0.0,1384.708,0.0,1,8,0.0,1,8,0.0,1,8,0.0,1,8,0.0,1,8,0.0,1,8,-0.0,1,8,-9900,?,9,-9900,?,9,24.24,E,8,21.57,E,8,90.0,E,8,1008.6016999999999,E,8,999.0,E,8,1.42,E,8,-9900,?,9,-9900,?,9,0.001,E,8,-9900,?,9,-9900,?,9,0.01,99.0,E,8
03/12/2010,04:00,0.0,1383.945,0.0,1,8,0.0,1,8,0.0,1,8,0.0,1,8,0.0,1,8,0.0,1,8,-0.0,1,8,-9900,?,9,-9900,?,9,23.91,E,8,21.51,E,8,86.0,E,8,1008.6016999999999,E,8,999.0,E,8,1.42,E,8,-9900,?,9,-9900,?,9,0.0,E,8,-9900,?,9,-9900,?,9,0.0,0.0,E,8
03/12/2010,05:00,0.0,1383.945,0.0,1,8,0.0,1,8,0.0,1,8,0.0,1,8,0.0,1,8,0.0,1,8,-0.0,1,8,-9900,?,9,-9900,?,9,23.58,E,8,21.46,E,8,87.0,E,8,1008.6016999999999,E,8,999.0,E,8,1.42,E,8,-9900,?,9,-9900,?,9,0.0,E,8,-9900,?,9,-9900,?,9,0.0,0.0,E,8
03/12/2010,06:00,0.0,1383.945,0.0,1,8,0.0,1,8,0.0,1,8,0.0,1,8,0.0,1,8,0.0,1,8,-0.0,1,8,-9900,?,9,-9900,?,9,23.32,E,8,21.41,E,8,89.0,E,8,1008.6016999999999,E,8,999.0,E,8,1.42,E,8,-9900,?,9,-9900,?,9,0.0,E,8,-9900,?,9,-9900,?,9,0.0,0.0,E,8
03/12/2010,07:00,218.919,1383.945,2.88,1,8,0.0,1,8,2.88,1,8,345.6,1,8,0.0,1,8,316.8,1,8,5.858,1,8,-9900,?,9,-9900,?,9,23.1,E,8,21.37,E,8,90.0,E,8,1008.6016999999999,E,8,999.0,E,8,1.42,E,8,-9900,?,9,-9900,?,9,0.0,E,8,-9900,?,9,-9900,?,9,0.0,0.0,E,8
03/12/2010,08:00,540.961,1383.945,179.74,1,8,65.04,1,8,154.358,1,8,21568.8,1,8,6178.766,1,8,16979.39,1,8,125.902,1,8,-9900,?,9,-9900,?,9,22.88,E,8,21.34,E,8,91.0,E,8,1008.6016999999999,E,8,999.0,E,8,1.42,E,8,-9900,?,9,-9900,?,9,0.0,E,8,-9900,?,9,-9900,?,9,0.0,0.0,E,8
03/12/2010,09:00,829.247,1383.945,422.57,1,8,250.907,1,8,272.308,1,8,50708.4,1,8,23836.151,1,8,29953.846,1,8,144.735,1,8,-9900,?,9,-9900,?,9,26.44,E,8,21.93,E,8,76.0,E,8,1008.6016999999999,E,8,999.0,E,8,1.42,E,8,-9900,?,9,-9900,?,9,0.0,E,8,-9900,?,9,-9900,?,9,0.0,0.0,E,8
03/12/2010,10:00,1063.256,1383.945,639.34,1,8,416.331,1,8,319.547,1,8,76720.8,1,8,39551.439,1,8,35150.136,1,8,132.42,1,8,-9900,?,9,-9900,?,9,27.77,E,8,22.15,E,8,71.0,E,8,1008.6016999999999,E,8,999.0,E,8,1.42,E,8,-9900,?,9,-9900,?,9,0.0,E,8,-9900,?,9,-9900,?,9,0.0,0.0,E,8
03/12/2010,11:00,1226.885,1383.945,812.4,1,8,538.074,1,8,335.428,1,8,97488.0,1,8,51117.045,1,8,36897.118,1,8,120.448,1,8,-9900,?,9,-9900,?,9,28.95,E,8,22.34,E,8,67.0,E,8,1008.6016999999999,E,8,999.0,E,8,1.42,E,8,-9900,?,9,-9900,?,9,0.0,E,8,-9900,?,9,-9900,?,9,0.0,0.0,E,8
03/12/2010,12:00,1308.922,1383.945,905.33,1,8,635.125,1,8,304.655,1,8,108639.6,1,8,60336.862,1,8,33512.097,1,8,102.537,1,8,-9900,?,9,-9900,?,9,29.88,E,8,22.49,E,8,64.0,E,8,1008.6016999999999,E,8,999.0,E,8,2.11,E,8,-9900,?,9,-9900,?,9,0.0,E,8,-9900,?,9,-9900,?,9,0.0,0.0,E,8
03/12/2010,13:00,1303.748,1383.945,923.5,1,8,643.21,1,8,317.585,1,8,110820.0,1,8,61104.995,1,8,34934.321,1,8,107.313,1,8,-9900,?,9,-9900,?,9,30.53,E,8,22.6,E,8,62.0,E,8,1008.6016999999999,E,8,999.0,E,8,2.38,E,8,-9900,?,9,-9900,?,9,0.0,E,8,-9900,?,9,-9900,?,9,0.0,0.0,E,8
03/12/2010,14:00,1211.703,1383.945,886.51,1,8,790.118,1,8,194.79,1,8,106381.2,1,8,75061.207,1,8,21426.851,1,8,70.823,1,8,-9900,?,9,-9900,?,9,30.94,E,8,22.66,E,8,61.0,E,8,1008.6016999999999,E,8,999.0,E,8,2.66,E,8,-9900,?,9,-9900,?,9,0.0,E,8,-9900,?,9,-9900,?,9,0.0,0.0,E,8
03/12/2010,15:00,1039.067,1383.945,749.73,1,8,830.424,1,8,126.389,1,8,89967.6,1,8,78890.264,1,8,13902.755,1,8,53.596,1,8,-9900,?,9,-9900,?,9,31.04,E,8,22.68,E,8,61.0,E,8,1008.6016999999999,E,8,999.0,E,8,2.96,E,8,-9900,?,9,-9900,?,9,0.0,E,8,-9900,?,9,-9900,?,9,0.0,0.0,E,8
03/12/2010,16:00,797.646,1383.945,562.71,1,8,825.671,1,8,87.11,1,8,67525.2,1,8,78438.705,1,8,9582.059,1,8,48.137,1,8,-9900,?,9,-9900,?,9,30.75,E,8,22.63,E,8,62.0,E,8,1008.6016999999999,E,8,999.0,E,8,3.01,E,8,-9900,?,9,-9900,?,9,0.0,E,8,-9900,?,9,-9900,?,9,0.0,0.0,E,8
03/12/2010,17:00,504.052,1383.945,364.92,1,8,713.982,1,8,105.371,1,8,43790.4,1,8,67828.326,1,8,11590.845,1,8,92.266,1,8,-9900,?,9,-9900,?,9,30.13,E,8,22.53,E,8,63.0,E,8,1008.6016999999999,E,8,999.0,E,8,1.91,E,8,-9900,?,9,-9900,?,9,0.0,E,8,-9900,?,9,-9900,?,9,0.0,0.0,E,8
03/12/2010,18:00,179.457,1383.945,134.77,1,8,281.165,1,8,98.886,1,8,16172.4,1,8,26710.638,1,8,10877.445,1,8,246.628,1,8,-9900,?,9,-9900,?,9,29.2,E,8,22.38,E,8,71.0,E,8,1008.6016999999999,E,8,999.0,E,8,1.89,E,8,-9900,?,9,-9900,?,9,0.004,E,8,-9900,?,9,-9900,?,9,0.04,99.0,E,8
03/12/2010,19:00,0.0,1383.945,0.19,1,8,0.0,1,8,0.0,1,8,22.8,1,8,0.0,1,8,0.0,1,8,-0.0,1,8,-9900,?,9,-9900,?,9,28.44,E,8,22.26,E,8,79.0,E,8,1008.6016999999999,E,8,999.0,E,8,1.88,E,8,-9900,?,9,-9900,?,9,0.173,E,8,-9900,?,9,-9900,?,9,1.73,99.0,E,8
03/12/2010,20:00,0.0,1383.945,0.0,1,8,0.0,1,8,0.0,1,8,0.0,1,8,0.0,1,8,0.0,1,8,-0.0,1,8,-9900,?,9,-9900,?,9,27.69,E,8,22.14,E,8,76.0,E,8,1008.6016999999999,E,8,999.0,E,8,1.57,E,8,-9900,?,9,-9900,?,9,0.001,E,8,-9900,?,9,-9900,?,9,0.01,99.0,E,8
03/12/2010,21:00,0.0,1383.945,0.0,1,8,0.0,1,8,0.0,1,8,0.0,1,8,0.0,1,8,0.0,1,8,-0.0,1,8,-9900,?,9,-9900,?,9,26.93,E,8,22.01,E,8,79.0,E,8,1008.6016999999999,E,8,999.0,E,8,1.42,E,8,-9900,?,9,-9900,?,9,0.002,E,8,-9900,?,9,-9900,?,9,0.02,99.0,E,8
03/12/2010,22:00,0.0,1383.945,0.0,1,8,0.0,1,8,0.0,1,8,0.0,1,8,0.0,1,8,0.0,1,8,-0.0,1,8,-9900,?,9,-9900,?,9,26.17,E,8,21.89,E,8,77.0,E,8,1008.6016999999999,E,8,999.0,E,8,1.42,E,8,-9900,?,9,-9900,?,9,0.0,E,8,-9900,?,9,-9900,?,9,0.0,0.0,E,8
03/12/2010,23:00,0.0,1383.945,0.0,1,8,0.0,1,8,0.0,1,8,0.0,1,8,0.0,1,8,0.0,1,8,-0.0,1,8,-9900,?,9,-9900,?,9,25.42,E,8,21.76,E,8,80.0,E,8,1008.6016999999999,E,8,999.0,E,8,1.42,E,8,-9900,?,9,-9900,?,9,0.0,E,8,-9900,?,9,-9900,?,9,0.0,0.0,E,8
03/12/2010,24:00,0.0,1383.945,0.0,1,8,0.0,1,8,0.0,1,8,0.0,1,8,0.0,1,8,0.0,1,8,-0.0,1,8,-9900,?,9,-9900,?,9,24.66,E,8,20.87,E,8,84.0,E,8,1008.6016999999999,E,8,999.0,E,8,1.41,E,8,-9900,?,9,-9900,?,9,0.002,E,8,-9900,?,9,-9900,?,9,0.02,99.0,E,8
03/13/2010,01:00,0.0,1383.945,0.0,1,8,0.0,1,8,0.0,1,8,0.0,1,8,0.0,1,8,0.0,1,8,-0.0,1,8,-9900,?,9,-9900,?,9,24.28,E,8,20.93,E,8,86.0,E,8,1008.6016999999999,E,8,999.0,E,8,1.41,E,8,-9900,?,9,-9900,?,9,0.005,E,8,-9900,?,9,-9900,?,9,0.05,99.0,E,8
03/13/2010,02:00,0.0,1383.945,0.0,1,8,0.0,1,8,0.0,1,8,0.0,1,8,0.0,1,8,0.0,1,8,-0.0,1,8,-9900,?,9,-9900,?,9,23.9,E,8,21.0,E,8,88.0,E,8,1008.6016999999999,E,8,999.0,E,8,1.41,E,8,-9900,?,9,-9900,?,9,0.037,E,8,-9900,?,9,-9900,?,9,0.37,99.0,E,8
03/13/2010,03:00,0.0,1383.945,0.0,1,8,0.0,1,8,0.0,1,8,0.0,1,8,0.0,1,8,0.0,1,8,-0.0,1,8,-9900,?,9,-9900,?,9,23.53,E,8,21.06,E,8,86.0,E,8,1008.6016999999999,E,8,999.0,E,8,1.41,E,8,-9900,?,9,-9900,?,9,0.0,E,8,-9900,?,9,-9900,?,9,0.0,0.0,E,8
03/13/2010,04:00,0.0,1383.176,0.0,1,8,0.0,1,8,0.0,1,8,0.0,1,8,0.0,1,8,0.0,1,8,-0.0,1,8,-9900,?,9,-9900,?,9,23.15,E,8,21.13,E,8,88.0,E,8,1008.6016999999999,E,8,999.0,E,8,1.41,E,8,-9900,?,9,-9900,?,9,0.0,E,8,-9900,?,9,-9900,?,9,0.0,0.0,E,8
03/13/2010,05:00,0.0,1383.176,0.0,1,8,0.0,1,8,0.0,1,8,0.0,1,8,0.0,1,8,0.0,1,8,-0.0,1,8,-9900,?,9,-9900,?,9,22.77,E,8,21.19,E,8,90.0,E,8,1008.6016999999999,E,8,999.0,E,8,1.41,E,8,-9900,?,9,-9900,?,9,0.0,E,8,-9900,?,9,-9900,?,9,0.0,0.0,E,8
03/13/2010,06:00,0.0,1383.176,0.0,1,8,0.0,1,8,0.0,1,8,0.0,1,8,0.0,1,8,0.0,1,8,-0.0,1,8,-9900,?,9,-9900,?,9,22.48,E,8,21.24,E,8,92.0,E,8,1008.6016999999999,E,8,999.0,E,8,1.41,E,8,-9900,?,9,-9900,?,9,0.0,E,8,-9900,?,9,-9900,?,9,0.0,0.0,E,8
03/13/2010,07:00,216.952,1383.176,3.96,1,8,0.0,1,8,3.96,1,8,475.2,1,8,0.0,1,8,435.6,1,8,8.125,1,8,-9900,?,9,-9900,?,9,22.23,E,8,21.28,E,8,94.0,E,8,1008.6016999999999,E,8,999.0,E,8,1.41,E,8,-9900,?,9,-9900,?,9,0.0,E,8,-9900,?,9,-9900,?,9,0.0,0.0,E,8
03/13/2010,08:00,538.817,1383.176,196.29,1,8,95.646,1,8,159.092,1,8,23554.8,1,8,9086.358,1,8,17500.085,1,8,130.209,1,8,-9900,?,9,-9900,?,9,21.98,E,8,21.32,E,8,96.0,E,8,1008.6016999999999,E,8,999.0,E,8,1.41,E,8,-9900,?,9,-9900,?,9,0.0,E,8,-9900,?,9,-9900,?,9,0.0,0.0,E,8
03/13/2010,09:00,826.849,1383.176,447.98,1,8,315.804,1,8,259.295,1,8,53757.6,1,8,30001.356,1,8,28522.485,1,8,138.142,1,8,-9900,?,9,-9900,?,9,25.36,E,8,20.75,E,8,75.0,E,8,1008.6016999999999,E,8,999.0,E,8,1.41,E,8,-9900,?,9,-9900,?,9,0.0,E,8,-9900,?,9,-9900,?,9,0.0,0.0,E,8
03/13/2010,10:00,1060.533,1383.176,670.25,1,8,522.065,1,8,270.046,1,8,80430.0,1,8,49596.13,1,8,29705.05,1,8,112.132,1,8,-9900,?,9,-9900,?,9,26.58,E,8,20.54,E,8,69.0,E,8,1008.6016999999999,E,8,999.0,E,8,1.41,E,8,-9900,?,9,-9900,?,9,0.0,E,8,-9900,?,9,-9900,?,9,0.0,0.0,E,8
03/13/2010,11:00,1223.788,1383.176,834.69,1,8,603.828,1,8,300.487,1,8,100162.8,1,8,57363.677,1,8,33053.557,1,8,108.114,1,8,-9900,?,9,-9900,?,9,27.62,E,8,20.35,E,8,64.0,E,8,1008.6016999999999,E,8,999.0,E,8,1.64,E,8,-9900,?,9,-9900,?,9,0.0,E,8,-9900,?,9,-9900,?,9,0.0,0.0,E,8
03/13/2010,12:00,1305.426,1383.176,934.96,1,8,671.773,1,8,300.971,1,8,112195.2,1,8,63818.431,1,8,33106.843,1,8,101.512,1,8,-9900,?,9,-9900,?,9,28.45,E,8,20.21,E,8,61.0,E,8,1008.6016999999999,E,8,999.0,E,8,1.78,E,8,-9900,?,9,-9900,?,9,0.0,E,8,-9900,?,9,-9900,?,9,0.0,0.0,E,8
03/13/2010,13:00,1299.856,1383.176,966.42,1,8,792.882,1,8,221.329,1,8,115970.4,1,8,75323.772,1,8,24346.201,1,8,74.97,1,8,-9900,?,9,-9900,?,9,29.06,E,8,20.1,E,8,58.0,E,8,1008.6016999999999,E,8,999.0,E,8,2.18,E,8,-9900,?,9,-9900,?,9,0.0,E,8,-9900,?,9,-9900,?,9,0.0,0.0,E,8
03/13/2010,14:00,1207.446,1383.176,924.41,1,8,870.473,1,8,164.599,1,8,110929.2,1,8,82694.917,1,8,18105.881,1,8,60.024,1,8,-9900,?,9,-9900,?,9,29.44,E,8,20.03,E,8,57.0,E,8,1008.6016999999999,E,8,999.0,E,8,2.73,E,8,-9900,?,9,-9900,?,9,0.0,E,8,-9900,?,9,-9900,?,9,0.0,0.0,E,8
03/13/2010,15:00,1034.502,1383.176,818.31,1,8,810.398,1,8,212.339,1,8,98197.2,1,8,76987.844,1,8,23357.325,1,8,90.391,1,8,-9900,?,9,-9900,?,9,29.58,E,8,20.01,E,8,56.0,E,8,1008.6016999999999,E,8,999.0,E,8,2.89,E,8,-9900,?,9,-9900,?,9,0.0,E,8,-9900,?,9,-9900,?,9,0.0,0.0,E,8
03/13/2010,16:00,792.85,1383.176,641.64,1,8,808.271,1,8,178.609,1,8,76996.8,1,8,76785.757,1,8,19646.974,1,8,99.243,1,8,-9900,?,9,-9900,?,9,29.41,E,8,20.04,E,8,57.0,E,8,1008.6016999999999,E,8,999.0,E,8,3.09,E,8,-9900,?,9,-9900,?,9,0.0,E,8,-9900,?,9,-9900,?,9,0.0,0.0,E,8
03/13/2010,17:00,499.123,1383.176,412.64,1,8,763.589,1,8,137.631,1,8,49516.8,1,8,72540.92,1,8,15139.422,1,8,121.641,1,8,-9900,?,9,-9900,?,9,28.87,E,8,20.13,E,8,59.0,E,8,1008.6016999999999,E,8,999.0,E,8,2.9,E,8,-9900,?,9,-9900,?,9,0.0,E,8,-9900,?,9,-9900,?,9,0.0,0.0,E,8
03/13/2010,18:00,174.55,1383.176,162.04,1,8,405.532,1,8,111.713,1,8,19444.8,1,8,38525.536,1,8,12288.453,1,8,286.537,1,8,-9900,?,9,-9900,?,9,28.03,E,8,20.28,E,8,67.0,E,8,1008.6016999999999,E,8,999.0,E,8,2.04,E,8,-9900,?,9,-9900,?,9,0.001,E,8,-9900,?,9,-9900,?,9,0.01,99.0,E,8
03/13/2010,19:00,0.0,1383.176,0.18,1,8,0.0,1,8,0.0,1,8,21.6,1,8,0.0,1,8,0.0,1,8,-0.0,1,8,-9900,?,9,-9900,?,9,27.36,E,8,20.4,E,8,70.0,E,8,1008.6016999999999,E,8,999.0,E,8,1.41,E,8,-9900,?,9,-9900,?,9,0.003,E,8,-9900,?,9,-9900,?,9,0.03,99.0,E,8
03/13/2010,20:00,0.0,1383.176,0.0,1,8,0.0,1,8,0.0,1,8,0.0,1,8,0.0,1,8,0.0,1,8,-0.0,1,8,-9900,?,9,-9900,?,9,26.69,E,8,20.52,E,8,73.0,E,8,1008.6016999999999,E,8,999.0,E,8,1.41,E,8,-9900,?,9,-9900,?,9,0.012,E,8,-9900,?,9,-9900,?,9,0.12,99.0,E,8
03/13/2010,21:00,0.0,1383.176,0.0,1,8,0.0,1,8,0.0,1,8,0.0,1,8,0.0,1,8,0.0,1,8,-0.0,1,8,-9900,?,9,-9900,?,9,26.02,E,8,20.64,E,8,77.0,E,8,1008.6016999999999,E,8,999.0,E,8,1.41,E,8,-9900,?,9,-9900,?,9,0.007000000000000001,E,8,-9900,?,9,-9900,?,9,0.07,99.0,E,8
03/13/2010,22:00,0.0,1383.176,0.0,1,8,0.0,1,8,0.0,1,8,0.0,1,8,0.0,1,8,0.0,1,8,-0.0,1,8,-9900,?,9,-9900,?,9,25.35,E,8,20.75,E,8,90.0,E,8,1008.6016999999999,E,8,999.0,E,8,1.41,E,8,-9900,?,9,-9900,?,9,0.614,E,8,-9900,?,9,-9900,?,9,6.14,99.0,E,8
03/13/2010,23:00,0.0,1383.176,0.0,1,8,0.0,1,8,0.0,1,8,0.0,1,8,0.0,1,8,0.0,1,8,-0.0,1,8,-9900,?,9,-9900,?,9,24.68,E,8,20.87,E,8,84.0,E,8,1008.6016999999999,E,8,999.0,E,8,1.41,E,8,-9900,?,9,-9900,?,9,0.019,E,8,-9900,?,9,-9900,?,9,0.19,99.0,E,8
03/13/2010,24:00,0.0,1383.176,0.0,1,8,0.0,1,8,0.0,1,8,0.0,1,8,0.0,1,8,0.0,1,8,-0.0,1,8,-9900,?,9,-9900,?,9,24.01,E,8,20.67,E,8,81.0,E,8,1008.6016999999999,E,8,999.0,E,8,1.22,E,8,-9900,?,9,-9900,?,9,0.018,E,8,-9900,?,9,-9900,?,9,0.18,99.0,E,8
03/14/2010,01:00,0.0,1383.176,0.0,1,8,0.0,1,8,0.0,1,8,0.0,1,8,0.0,1,8,0.0,1,8,-0.0,1,8,-9900,?,9,-9900,?,9,23.68,E,8,20.69,E,8,82.0,E,8,1008.6016999999999,E,8,999.0,E,8,1.22,E,8,-9900,?,9,-9900,?,9,0.003,E,8,-9900,?,9,-9900,?,9,0.03,99.0,E,8
03/14/2010,02:00,0.0,1383.176,0.0,1,8,0.0,1,8,0.0,1,8,0.0,1,8,0.0,1,8,0.0,1,8,-0.0,1,8,-9900,?,9,-9900,?,9,23.34,E,8,20.71,E,8,84.0,E,8,1008.6016999999999,E,8,999.0,E,8,1.22,E,8,-9900,?,9,-9900,?,9,0.001,E,8,-9900,?,9,-9900,?,9,0.01,99.0,E,8
03/14/2010,03:00,0.0,1383.176,0.0,1,8,0.0,1,8,0.0,1,8,0.0,1,8,0.0,1,8,0.0,1,8,-0.0,1,8,-9900,?,9,-9900,?,9,23.01,E,8,20.73,E,8,85.0,E,8,1008.6016999999999,E,8,999.0,E,8,1.22,E,8,-9900,?,9,-9900,?,9,0.033,E,8,-9900,?,9,-9900,?,9,0.33,99.0,E,8
03/14/2010,04:00,0.0,1382.404,0.0,1,8,0.0,1,8,0.0,1,8,0.0,1,8,0.0,1,8,0.0,1,8,-0.0,1,8,-9900,?,9,-9900,?,9,22.67,E,8,20.75,E,8,95.0,E,8,1008.6016999999999,E,8,999.0,E,8,1.22,E,8,-9900,?,9,-9900,?,9,0.519,E,8,-9900,?,9,-9900,?,9,5.19,99.0,E,8
03/14/2010,05:00,0.0,1382.404,0.0,1,8,0.0,1,8,0.0,1,8,0.0,1,8,0.0,1,8,0.0,1,8,-0.0,1,8,-9900,?,9,-9900,?,9,22.34,E,8,20.78,E,8,88.0,E,8,1008.6016999999999,E,8,999.0,E,8,1.22,E,8,-9900,?,9,-9900,?,9,0.011,E,8,-9900,?,9,-9900,?,9,0.11,99.0,E,8
03/14/2010,06:00,0.0,1382.404,0.0,1,8,0.0,1,8,0.0,1,8,0.0,1,8,0.0,1,8,0.0,1,8,-0.0,1,8,-9900,?,9,-9900,?,9,22.08,E,8,20.79,E,8,89.0,E,8,1008.6016999999999,E,8,999.0,E,8,1.22,E,8,-9900,?,9,-9900,?,9,0.007000000000000001,E,8,-9900,?,9,-9900,?,9,0.07,99.0,E,8
03/14/2010,07:00,214.998,1382.404,2.27,1,8,0.0,1,8,2.27,1,8,272.4,1,8,0.0,1,8,249.7,1,8,4.698,1,8,-9900,?,9,-9900,?,9,21.86,E,8,20.81,E,8,90.0,E,8,1008.6016999999999,E,8,999.0,E,8,1.22,E,8,-9900,?,9,-9900,?,9,0.002,E,8,-9900,?,9,-9900,?,9,0.02,99.0,E,8
03/14/2010,08:00,536.667,1382.404,160.48,1,8,34.903,1,8,146.952,1,8,19257.6,1,8,3315.782,1,8,16164.767,1,8,120.689,1,8,-9900,?,9,-9900,?,9,21.64,E,8,20.82,E,8,88.0,E,8,1008.6016999999999,E,8,999.0,E,8,1.22,E,8,-9900,?,9,-9900,?,9,0.0,E,8,-9900,?,9,-9900,?,9,0.0,0.0,E,8
03/14/2010,09:00,824.426,1382.404,378.4,1,8,168.627,1,8,277.889,1,8,45408.0,1,8,16019.552,1,8,30567.809,1,8,148.401,1,8,-9900,?,9,-9900,?,9,24.5,E,8,20.64,E,8,75.0,E,8,1008.6016999999999,E,8,999.0,E,8,1.22,E,8,-9900,?,9,-9900,?,9,0.0,E,8,-9900,?,9,-9900,?,9,0.0,0.0,E,8
03/14/2010,10:00,1057.769,1382.404,588.33,1,8,292.532,1,8,364.541,1,8,70599.6,1,8,27790.508,1,8,40099.52,1,8,151.681,1,8,-9900,?,9,-9900,?,9,25.63,E,8,20.56,E,8,70.0,E,8,1008.6016999999999,E,8,999.0,E,8,1.22,E,8,-9900,?,9,-9900,?,9,0.0,E,8,-9900,?,9,-9900,?,9,0.0,0.0,E,8
03/14/2010,11:00,1220.635,1382.404,766.75,1,8,466.592,1,8,354.793,1,8,92010.0,1,8,44326.228,1,8,39027.232,1,8,127.912,1,8,-9900,?,9,-9900,?,9,26.67,E,8,20.49,E,8,67.0,E,8,1008.6016999999999,E,8,999.0,E,8,2.64,E,8,-9900,?,9,-9900,?,9,0.0,E,8,-9900,?,9,-9900,?,9,0.0,0.0,E,8
03/14/2010,12:00,1301.864,1382.404,855.47,1,8,560.234,1,8,327.895,1,8,102656.4,1,8,53222.276,1,8,36068.454,1,8,110.833,1,8,-9900,?,9,-9900,?,9,27.48,E,8,20.44,E,8,64.0,E,8,1008.6016999999999,E,8,999.0,E,8,2.82,E,8,-9900,?,9,-9900,?,9,0.0,E,8,-9900,?,9,-9900,?,9,0.0,0.0,E,8
03/14/2010,13:00,1295.892,1382.404,909.9,1,8,604.995,1,8,342.789,1,8,109188.0,1,8,57474.498,1,8,37706.802,1,8,116.402,1,8,-9900,?,9,-9900,?,9,28.12,E,8,20.4,E,8,62.0,E,8,1008.6016999999999,E,8,999.0,E,8,3.37,E,8,-9900,?,9,-9900,?,9,0.0,E,8,-9900,?,9,-9900,?,9,0.0,0.0,E,8
03/14/2010,14:00,1203.116,1382.404,872.02,1,8,764.131,1,8,207.054,1,8,104642.4,1,8,72592.446,1,8,22775.888,1,8,75.736,1,8,-9900,?,9,-9900,?,9,28.52,E,8,20.37,E,8,61.0,E,8,1008.6016999999999,E,8,999.0,E,8,3.32,E,8,-9900,?,9,-9900,?,9,0.0,E,8,-9900,?,9,-9900,?,9,0.0,0.0,E,8
03/14/2010,15:00,1029.867,1382.404,770.42,1,8,878.928,1,8,115.788,1,8,92450.4,1,8,83498.177,1,8,12736.687,1,8,49.485,1,8,-9900,?,9,-9900,?,9,28.68,E,8,20.36,E,8,60.0,E,8,1008.6016999999999,E,8,999.0,E,8,3.0,E,8,-9900,?,9,-9900,?,9,0.0,E,8,-9900,?,9,-9900,?,9,0.0,0.0,E,8
03/14/2010,16:00,787.993,1382.404,602.92,1,8,785.219,1,8,155.605,1,8,72350.4,1,8,74595.761,1,8,17116.564,1,8,86.946,1,8,-9900,?,9,-9900,?,9,28.56,E,8,20.37,E,8,61.0,E,8,1008.6016999999999,E,8,999.0,E,8,2.87,E,8,-9900,?,9,-9900,?,9,0.0,E,8,-9900,?,9,-9900,?,9,0.0,0.0,E,8
03/14/2010,17:00,494.146,1382.404,402.12,1,8,718.715,1,8,145.721,1,8,48254.4,1,8,68277.931,1,8,16029.341,1,8,130.021,1,8,-9900,?,9,-9900,?,9,28.11,E,8,20.4,E,8,62.0,E,8,1008.6016999999999,E,8,999.0,E,8,2.34,E,8,-9900,?,9,-9900,?,9,0.0,E,8,-9900,?,9,-9900,?,9,0.0,0.0,E,8
03/14/2010,18:00,169.613,1382.404,166.13,1,8,295.791,1,8,130.473,1,8,19935.6,1,8,28100.101,1,8,14352.067,1,8,344.521,1,8,-9900,?,9,-9900,?,9,27.34,E,8,20.45,E,8,64.0,E,8,1008.6016999999999,E,8,999.0,E,8,1.85,E,8,-9900,?,9,-9900,?,9,0.0,E,8,-9900,?,9,-9900,?,9,0.0,0.0,E,8
03/14/2010,19:00,0.0,1382.404,0.0,1,8,0.0,1,8,0.0,1,8,0.0,1,8,0.0,1,8,0.0,1,8,-0.0,1,8,-9900,?,9,-9900,?,9,26.74,E,8,20.49,E,8,66.0,E,8,1008.6016999999999,E,8,999.0,E,8,1.22,E,8,-9900,?,9,-9900,?,9,0.0,E,8,-9900,?,9,-9900,?,9,0.0,0.0,E,8
03/14/2010,20:00,0.0,1382.404,0.0,1,8,0.0,1,8,0.0,1,8,0.0,1,8,0.0,1,8,0.0,1,8,-0.0,1,8,-9900,?,9,-9900,?,9,26.13,E,8,20.53,E,8,69.0,E,8,1008.6016999999999,E,8,999.0,E,8,1.22,E,8,-9900,?,9,-9900,?,9,0.0,E,8,-9900,?,9,-9900,?,9,0.0,0.0,E,8
03/14/2010,21:00,0.0,1382.404,0.0,1,8,0.0,1,8,0.0,1,8,0.0,1,8,0.0,1,8,0.0,1,8,-0.0,1,8,-9900,?,9,-9900,?,9,25.53,E,8,20.57,E,8,75.0,E,8,1008.6016999999999,E,8,999.0,E,8,1.22,E,8,-9900,?,9,-9900,?,9,0.005,E,8,-9900,?,9,-9900,?,9,0.05,99.0,E,8
03/14/2010,22:00,0.0,1382.404,0.0,1,8,0.0,1,8,0.0,1,8,0.0,1,8,0.0,1,8,0.0,1,8,-0.0,1,8,-9900,?,9,-9900,?,9,24.92,E,8,20.61,E,8,73.0,E,8,1008.6016999999999,E,8,999.0,E,8,1.22,E,8,-9900,?,9,-9900,?,9,0.0,E,8,-9900,?,9,-9900,?,9,0.0,0.0,E,8
03/14/2010,23:00,0.0,1382.404,0.0,1,8,0.0,1,8,0.0,1,8,0.0,1,8,0.0,1,8,0.0,1,8,-0.0,1,8,-9900,?,9,-9900,?,9,24.32,E,8,20.65,E,8,80.0,E,8,1008.6016999999999,E,8,999.0,E,8,1.22,E,8,-9900,?,9,-9900,?,9,0.001,E,8,-9900,?,9,-9900,?,9,0.01,99.0,E,8
03/14/2010,24:00,0.0,1382.404,0.0,1,8,0.0,1,8,0.0,1,8,0.0,1,8,0.0,1,8,0.0,1,8,-0.0,1,8,-9900,?,9,-9900,?,9,23.72,E,8,21.23,E,8,81.0,E,8,1008.6016999999999,E,8,999.0,E,8,1.17,E,8,-9900,?,9,-9900,?,9,0.0,E,8,-9900,?,9,-9900,?,9,0.0,0.0,E,8
03/15/2010,01:00,0.0,1382.404,0.0,1,8,0.0,1,8,0.0,1,8,0.0,1,8,0.0,1,8,0.0,1,8,-0.0,1,8,-9900,?,9,-9900,?,9,23.41,E,8,21.17,E,8,82.0,E,8,1008.6016999999999,E,8,999.0,E,8,1.17,E,8,-9900,?,9,-9900,?,9,0.0,E,8,-9900,?,9,-9900,?,9,0.0,0.0,E,8
03/15/2010,02:00,0.0,1382.404,0.0,1,8,0.0,1,8,0.0,1,8,0.0,1,8,0.0,1,8,0.0,1,8,-0.0,1,8,-9900,?,9,-9900,?,9,23.11,E,8,21.11,E,8,84.0,E,8,1008.6016999999999,E,8,999.0,E,8,1.17,E,8,-9900,?,9,-9900,?,9,0.0,E,8,-9900,?,9,-9900,?,9,0.0,0.0,E,8
03/15/2010,03:00,0.0,1382.404,0.0,1,8,0.0,1,8,0.0,1,8,0.0,1,8,0.0,1,8,0.0,1,8,-0.0,1,8,-9900,?,9,-9900,?,9,22.81,E,8,21.05,E,8,85.0,E,8,1008.6016999999999,E,8,999.0,E,8,1.17,E,8,-9900,?,9,-9900,?,9,0.0,E,8,-9900,?,9,-9900,?,9,0.0,0.0,E,8
03/15/2010,04:00,0.0,1381.627,0.0,1,8,0.0,1,8,0.0,1,8,0.0,1,8,0.0,1,8,0.0,1,8,-0.0,1,8,-9900,?,9,-9900,?,9,22.51,E,8,20.99,E,8,86.0,E,8,1008.6016999999999,E,8,999.0,E,8,1.17,E,8,-9900,?,9,-9900,?,9,0.0,E,8,-9900,?,9,-9900,?,9,0.0,0.0,E,8
03/15/2010,05:00,0.0,1381.627,0.0,1,8,0.0,1,8,0.0,1,8,0.0,1,8,0.0,1,8,0.0,1,8,-0.0,1,8,-9900,?,9,-9900,?,9,22.21,E,8,20.93,E,8,87.0,E,8,1008.6016999999999,E,8,999.0,E,8,1.17,E,8,-9900,?,9,-9900,?,9,0.0,E,8,-9900,?,9,-9900,?,9,0.0,0.0,E,8
03/15/2010,06:00,0.0,1381.627,0.0,1,8,0.0,1,8,0.0,1,8,0.0,1,8,0.0,1,8,0.0,1,8,-0.0,1,8,-9900,?,9,-9900,?,9,21.97,E,8,20.89,E,8,92.0,E,8,1008.6016999999999,E,8,999.0,E,8,1.17,E,8,-9900,?,9,-9900,?,9,0.091,E,8,-9900,?,9,-9900,?,9,0.91,99.0,E,8
03/15/2010,07:00,213.055,1381.627,1.25,1,8,0.0,1,8,1.25,1,8,150.0,1,8,0.0,1,8,137.5,1,8,2.61,1,8,-9900,?,9,-9900,?,9,21.77,E,8,20.85,E,8,93.0,E,8,1008.6016999999999,E,8,999.0,E,8,1.17,E,8,-9900,?,9,-9900,?,9,0.003,E,8,-9900,?,9,-9900,?,9,0.03,99.0,E,8
03/15/2010,08:00,534.51,1381.627,100.21,1,8,0.0,1,8,100.21,1,8,12025.2,1,8,0.0,1,8,11023.1,1,8,82.588,1,8,-9900,?,9,-9900,?,9,21.57,E,8,20.81,E,8,90.0,E,8,1008.6016999999999,E,8,999.0,E,8,1.17,E,8,-9900,?,9,-9900,?,9,0.0,E,8,-9900,?,9,-9900,?,9,0.0,0.0,E,8
03/15/2010,09:00,821.979,1381.627,232.99,1,8,17.157,1,8,222.788,1,8,27958.8,1,8,1629.909,1,8,24506.702,1,8,119.263,1,8,-9900,?,9,-9900,?,9,23.92,E,8,21.27,E,8,81.0,E,8,1008.6016999999999,E,8,999.0,E,8,1.17,E,8,-9900,?,9,-9900,?,9,0.0,E,8,-9900,?,9,-9900,?,9,0.0,0.0,E,8
03/15/2010,10:00,1054.964,1381.627,351.1,1,8,21.175,1,8,334.935,1,8,42132.0,1,8,2011.632,1,8,36842.831,1,8,139.655,1,8,-9900,?,9,-9900,?,9,24.78,E,8,21.43,E,8,82.0,E,8,1008.6016999999999,E,8,999.0,E,8,1.17,E,8,-9900,?,9,-9900,?,9,0.009,E,8,-9900,?,9,-9900,?,9,0.09,99.0,E,8
03/15/2010,11:00,1217.427,1381.627,441.89,1,8,39.609,1,8,406.991,1,8,53026.8,1,8,3762.874,1,8,44769.024,1,8,147.035,1,8,-9900,?,9,-9900,?,9,25.53,E,8,21.58,E,8,75.0,E,8,1008.6016999999999,E,8,999.0,E,8,1.82,E,8,-9900,?,9,-9900,?,9,0.0,E,8,-9900,?,9,-9900,?,9,0.0,0.0,E,8
03/15/2010,12:00,1298.236,1381.627,498.0,1,8,64.255,1,8,437.626,1,8,59760.0,1,8,6104.217,1,8,48138.821,1,8,148.254,1,8,-9900,?,9,-9900,?,9,26.14,E,8,21.69,E,8,73.0,E,8,1008.6016999999999,E,8,999.0,E,8,2.37,E,8,-9900,?,9,-9900,?,9,0.0,E,8,-9900,?,9,-9900,?,9,0.0,0.0,E,8
03/15/2010,13:00,1291.858,1381.627,515.19,1,8,44.192,1,8,473.871,1,8,61822.8,1,8,4198.231,1,8,52125.824,1,8,161.326,1,8,-9900,?,9,-9900,?,9,26.59,E,8,21.78,E,8,76.0,E,8,1008.6016999999999,E,8,999.0,E,8,2.48,E,8,-9900,?,9,-9900,?,9,0.002,E,8,-9900,?,9,-9900,?,9,0.02,99.0,E,8
03/15/2010,14:00,1198.716,1381.627,492.21,1,8,64.429,1,8,436.316,1,8,59065.2,1,8,6120.79,1,8,47994.73,1,8,160.091,1,8,-9900,?,9,-9900,?,9,26.86,E,8,21.83,E,8,75.0,E,8,1008.6016999999999,E,8,999.0,E,8,2.91,E,8,-9900,?,9,-9900,?,9,0.013000000000000001,E,8,-9900,?,9,-9900,?,9,0.13,99.0,E,8
03/15/2010,15:00,1025.165,1381.627,430.72,1,8,66.231,1,8,381.589,1,8,51686.4,1,8,6291.9,1,8,41974.773,1,8,163.737,1,8,-9900,?,9,-9900,?,9,26.95,E,8,21.85,E,8,75.0,E,8,1008.6016999999999,E,8,999.0,E,8,3.51,E,8,-9900,?,9,-9900,?,9,0.017,E,8,-9900,?,9,-9900,?,9,0.17,99.0,E,8
03/15/2010,16:00,783.077,1381.627,335.4,1,8,118.005,1,8,268.559,1,8,40248.0,1,8,11210.457,1,8,29541.462,1,8,150.919,1,8,-9900,?,9,-9900,?,9,26.83,E,8,21.82,E,8,75.0,E,8,1008.6016999999999,E,8,999.0,E,8,3.44,E,8,-9900,?,9,-9900,?,9,0.004,E,8,-9900,?,9,-9900,?,9,0.04,99.0,E,8
03/15/2010,17:00,489.123,1381.627,214.12,1,8,219.986,1,8,136.398,1,8,25694.4,1,8,20898.663,1,8,15003.818,1,8,122.889,1,8,-9900,?,9,-9900,?,9,26.44,E,8,21.75,E,8,77.0,E,8,1008.6016999999999,E,8,999.0,E,8,2.83,E,8,-9900,?,9,-9900,?,9,0.024,E,8,-9900,?,9,-9900,?,9,0.24,99.0,E,8
03/15/2010,18:00,164.65,1381.627,81.05,1,8,248.067,1,8,52.034,1,8,9726.0,1,8,23566.372,1,8,5723.753,1,8,141.603,1,8,-9900,?,9,-9900,?,9,25.83,E,8,21.63,E,8,79.0,E,8,1008.6016999999999,E,8,999.0,E,8,2.43,E,8,-9900,?,9,-9900,?,9,0.051000000000000004,E,8,-9900,?,9,-9900,?,9,0.51,99.0,E,8
03/15/2010,19:00,0.0,1381.627,0.0,1,8,0.0,1,8,0.0,1,8,0.0,1,8,0.0,1,8,0.0,1,8,-0.0,1,8,-9900,?,9,-9900,?,9,25.38,E,8,21.55,E,8,80.0,E,8,1008.6016999999999,E,8,999.0,E,8,2.02,E,8,-9900,?,9,-9900,?,9,0.006,E,8,-9900,?,9,-9900,?,9,0.06,99.0,E,8
03/15/2010,20:00,0.0,1381.627,0.0,1,8,0.0,1,8,0.0,1,8,0.0,1,8,0.0,1,8,0.0,1,8,-0.0,1,8,-9900,?,9,-9900,?,9,24.94,E,8,21.46,E,8,77.0,E,8,1008.6016999999999,E,8,999.0,E,8,1.57,E,8,-9900,?,9,-9900,?,9,0.0,E,8,-9900,?,9,-9900,?,9,0.0,0.0,E,8
03/15/2010,21:00,0.0,1381.627,0.0,1,8,0.0,1,8,0.0,1,8,0.0,1,8,0.0,1,8,0.0,1,8,-0.0,1,8,-9900,?,9,-9900,?,9,24.49,E,8,21.38,E,8,83.0,E,8,1008.6016999999999,E,8,999.0,E,8,1.17,E,8,-9900,?,9,-9900,?,9,0.001,E,8,-9900,?,9,-9900,?,9,0.01,99.0,E,8
03/15/2010,22:00,0.0,1381.627,0.0,1,8,0.0,1,8,0.0,1,8,0.0,1,8,0.0,1,8,0.0,1,8,-0.0,1,8,-9900,?,9,-9900,?,9,24.05,E,8,21.29,E,8,85.0,E,8,1008.6016999999999,E,8,999.0,E,8,1.17,E,8,-9900,?,9,-9900,?,9,0.034,E,8,-9900,?,9,-9900,?,9,0.34,99.0,E,8
03/15/2010,23:00,0.0,1381.627,0.0,1,8,0.0,1,8,0.0,1,8,0.0,1,8,0.0,1,8,0.0,1,8,-0.0,1,8,-9900,?,9,-9900,?,9,23.6,E,8,21.21,E,8,95.0,E,8,1008.6016999999999,E,8,999.0,E,8,1.17,E,8,-9900,?,9,-9900,?,9,1.244,E,8,-9900,?,9,-9900,?,9,12.44,99.0,E,8
03/15/2010,24:00,0.0,1381.627,0.0,1,8,0.0,1,8,0.0,1,8,0.0,1,8,0.0,1,8,0.0,1,8,-0.0,1,8,-9900,?,9,-9900,?,9,23.16,E,8,20.48,E,8,86.0,E,8,1008.6016999999999,E,8,999.0,E,8,0.89,E,8,-9900,?,9,-9900,?,9,0.086,E,8,-9900,?,9,-9900,?,9,0.86,99.0,E,8
03/16/2010,01:00,0.0,1381.627,0.0,1,8,0.0,1,8,0.0,1,8,0.0,1,8,0.0,1,8,0.0,1,8,-0.0,1,8,-9900,?,9,-9900,?,9,22.94,E,8,20.46,E,8,86.0,E,8,1008.6016999999999,E,8,999.0,E,8,0.89,E,8,-9900,?,9,-9900,?,9,0.005,E,8,-9900,?,9,-9900,?,9,0.05,99.0,E,8
03/16/2010,02:00,0.0,1381.627,0.0,1,8,0.0,1,8,0.0,1,8,0.0,1,8,0.0,1,8,0.0,1,8,-0.0,1,8,-9900,?,9,-9900,?,9,22.71,E,8,20.44,E,8,87.0,E,8,1008.6016999999999,E,8,999.0,E,8,0.89,E,8,-9900,?,9,-9900,?,9,0.002,E,8,-9900,?,9,-9900,?,9,0.02,99.0,E,8
03/16/2010,03:00,0.0,1381.627,0.0,1,8,0.0,1,8,0.0,1,8,0.0,1,8,0.0,1,8,0.0,1,8,-0.0,1,8,-9900,?,9,-9900,?,9,22.49,E,8,20.42,E,8,84.0,E,8,1008.6016999999999,E,8,999.0,E,8,0.89,E,8,-9900,?,9,-9900,?,9,0.0,E,8,-9900,?,9,-9900,?,9,0.0,0.0,E,8
03/16/2010,04:00,0.0,1380.846,0.0,1,8,0.0,1,8,0.0,1,8,0.0,1,8,0.0,1,8,0.0,1,8,-0.0,1,8,-9900,?,9,-9900,?,9,22.27,E,8,20.39,E,8,85.0,E,8,1008.6016999999999,E,8,999.0,E,8,0.89,E,8,-9900,?,9,-9900,?,9,0.0,E,8,-9900,?,9,-9900,?,9,0.0,0.0,E,8
03/16/2010,05:00,0.0,1380.846,0.0,1,8,0.0,1,8,0.0,1,8,0.0,1,8,0.0,1,8,0.0,1,8,-0.0,1,8,-9900,?,9,-9900,?,9,22.04,E,8,20.37,E,8,86.0,E,8,1008.6016999999999,E,8,999.0,E,8,0.89,E,8,-9900,?,9,-9900,?,9,0.0,E,8,-9900,?,9,-9900,?,9,0.0,0.0,E,8
03/16/2010,06:00,0.0,1380.846,0.0,1,8,0.0,1,8,0.0,1,8,0.0,1,8,0.0,1,8,0.0,1,8,-0.0,1,8,-9900,?,9,-9900,?,9,21.87,E,8,20.35,E,8,87.0,E,8,1008.6016999999999,E,8,999.0,E,8,0.89,E,8,-9900,?,9,-9900,?,9,0.0,E,8,-9900,?,9,-9900,?,9,0.0,0.0,E,8
03/16/2010,07:00,211.123,1380.846,2.03,1,8,0.0,1,8,2.03,1,8,243.6,1,8,0.0,1,8,223.3,1,8,4.275,1,8,-9900,?,9,-9900,?,9,21.73,E,8,20.34,E,8,87.0,E,8,1008.6016999999999,E,8,999.0,E,8,0.89,E,8,-9900,?,9,-9900,?,9,0.0,E,8,-9900,?,9,-9900,?,9,0.0,0.0,E,8
03/16/2010,08:00,532.345,1380.846,162.28,1,8,39.712,1,8,146.996,1,8,19473.6,1,8,3772.599,1,8,16169.545,1,8,121.571,1,8,-9900,?,9,-9900,?,9,21.58,E,8,20.32,E,8,92.0,E,8,1008.6016999999999,E,8,999.0,E,8,0.89,E,8,-9900,?,9,-9900,?,9,0.001,E,8,-9900,?,9,-9900,?,9,0.01,99.0,E,8
03/16/2010,09:00,819.506,1380.846,384.03,1,8,183.313,1,8,275.296,1,8,46083.6,1,8,17414.691,1,8,30282.578,1,8,147.733,1,8,-9900,?,9,-9900,?,9,24.51,E,8,20.62,E,8,76.0,E,8,1008.6016999999999,E,8,999.0,E,8,0.89,E,8,-9900,?,9,-9900,?,9,0.0,E,8,-9900,?,9,-9900,?,9,0.0,0.0,E,8
03/16/2010,10:00,1052.117,1380.846,605.2,1,8,332.114,1,8,352.204,1,8,72624.0,1,8,31550.816,1,8,38742.456,1,8,147.17,1,8,-9900,?,9,-9900,?,9,25.7,E,8,20.74,E,8,72.0,E,8,1008.6016999999999,E,8,999.0,E,8,1.25,E,8,-9900,?,9,-9900,?,9,0.0,E,8,-9900,?,9,-9900,?,9,0.0,0.0,E,8
03/16/2010,11:00,1214.164,1380.846,771.23,1,8,503.116,1,8,328.883,1,8,92547.6,1,8,47796.056,1,8,36177.128,1,8,119.069,1,8,-9900,?,9,-9900,?,9,26.74,E,8,20.85,E,8,69.0,E,8,1008.6016999999999,E,8,999.0,E,8,2.16,E,8,-9900,?,9,-9900,?,9,0.0,E,8,-9900,?,9,-9900,?,9,0.0,0.0,E,8
03/16/2010,12:00,1294.545,1380.846,854.48,1,8,566.979,1,8,322.958,1,8,102537.6,1,8,53862.98,1,8,35525.384,1,8,109.658,1,8,-9900,?,9,-9900,?,9,27.54,E,8,20.93,E,8,66.0,E,8,1008.6016999999999,E,8,999.0,E,8,2.95,E,8,-9900,?,9,-9900,?,9,0.0,E,8,-9900,?,9,-9900,?,9,0.0,0.0,E,8
03/16/2010,13:00,1287.755,1380.846,902.33,1,8,603.045,1,8,339.965,1,8,108279.6,1,8,57289.256,1,8,37396.131,1,8,116.042,1,8,-9900,?,9,-9900,?,9,28.16,E,8,20.99,E,8,64.0,E,8,1008.6016999999999,E,8,999.0,E,8,3.0,E,8,-9900,?,9,-9900,?,9,0.0,E,8,-9900,?,9,-9900,?,9,0.0,0.0,E,8
03/16/2010,14:00,1194.245,1380.846,864.19,1,8,714.378,1,8,246.411,1,8,103702.8,1,8,67865.875,1,8,27105.21,1,8,90.7,1,8,-9900,?,9,-9900,?,9,28.54,E,8,21.03,E,8,63.0,E,8,1008.6016999999999,E,8,999.0,E,8,3.88,E,8,-9900,?,9,-9900,?,9,0.0,E,8,-9900,?,9,-9900,?,9,0.0,0.0,E,8
03/16/2010,15:00,1020.398,1380.846,768.04,1,8,893.998,1,8,107.567,1,8,92164.8,1,8,84929.845,1,8,11832.369,1,8,46.346,1,8,-9900,?,9,-9900,?,9,28.7,E,8,21.05,E,8,63.0,E,8,1008.6016999999999,E,8,999.0,E,8,3.14,E,8,-9900,?,9,-9900,?,9,0.0,E,8,-9900,?,9,-9900,?,9,0.0,0.0,E,8
03/16/2010,16:00,778.106,1380.846,613.44,1,8,798.085,1,8,164.003,1,8,73612.8,1,8,75818.047,1,8,18040.303,1,8,92.7,1,8,-9900,?,9,-9900,?,9,28.6,E,8,21.04,E,8,63.0,E,8,1008.6016999999999,E,8,999.0,E,8,3.43,E,8,-9900,?,9,-9900,?,9,0.0,E,8,-9900,?,9,-9900,?,9,0.0,0.0,E,8
03/16/2010,17:00,484.058,1380.846,394.34,1,8,713.582,1,8,144.711,1,8,47320.8,1,8,67790.298,1,8,15918.17,1,8,131.674,1,8,-9900,?,9,-9900,?,9,28.12,E,8,20.99,E,8,64.0,E,8,1008.6016999999999,E,8,999.0,E,8,3.44,E,8,-9900,?,9,-9900,?,9,0.0,E,8,-9900,?,9,-9900,?,9,0.0,0.0,E,8
03/16/2010,18:00,159.664,1380.846,156.16,1,8,283.951,1,8,123.97,1,8,18739.2,1,8,26975.357,1,8,13636.675,1,8,348.085,1,8,-9900,?,9,-9900,?,9,27.33,E,8,20.91,E,8,67.0,E,8,1008.6016999999999,E,8,999.0,E,8,2.78,E,8,-9900,?,9,-9900,?,9,0.0,E,8,-9900,?,9,-9900,?,9,0.0,0.0,E,8
03/16/2010,19:00,0.0,1380.846,0.0,1,8,0.0,1,8,0.0,1,8,0.0,1,8,0.0,1,8,0.0,1,8,-0.0,1,8,-9900,?,9,-9900,?,9,26.7,E,8,20.85,E,8,69.0,E,8,1008.6016999999999,E,8,999.0,E,8,1.95,E,8,-9900,?,9,-9900,?,9,0.0,E,8,-9900,?,9,-9900,?,9,0.0,0.0,E,8
03/16/2010,20:00,0.0,1380.846,0.0,1,8,0.0,1,8,0.0,1,8,0.0,1,8,0.0,1,8,0.0,1,8,-0.0,1,8,-9900,?,9,-9900,?,9,26.07,E,8,20.78,E,8,75.0,E,8,1008.6016999999999,E,8,999.0,E,8,1.77,E,8,-9900,?,9,-9900,?,9,0.003,E,8,-9900,?,9,-9900,?,9,0.03,99.0,E,8
03/16/2010,21:00,0.0,1380.846,0.0,1,8,0.0,1,8,0.0,1,8,0.0,1,8,0.0,1,8,0.0,1,8,-0.0,1,8,-9900,?,9,-9900,?,9,25.44,E,8,20.72,E,8,77.0,E,8,1008.6016999999999,E,8,999.0,E,8,1.19,E,8,-9900,?,9,-9900,?,9,0.001,E,8,-9900,?,9,-9900,?,9,0.01,99.0,E,8
03/16/2010,22:00,0.0,1380.846,0.0,1,8,0.0,1,8,0.0,1,8,0.0,1,8,0.0,1,8,0.0,1,8,-0.0,1,8,-9900,?,9,-9900,?,9,24.81,E,8,20.65,E,8,79.0,E,8,1008.6016999999999,E,8,999.0,E,8,0.95,E,8,-9900,?,9,-9900,?,9,0.001,E,8,-9900,?,9,-9900,?,9,0.01,99.0,E,8
03/16/2010,23:00,0.0,1380.846,0.0,1,8,0.0,1,8,0.0,1,8,0.0,1,8,0.0,1,8,0.0,1,8,-0.0,1,8,-9900,?,9,-9900,?,9,24.18,E,8,20.59,E,8,77.0,E,8,1008.6016999999999,E,8,999.0,E,8,0.89,E,8,-9900,?,9,-9900,?,9,0.0,E,8,-9900,?,9,-9900,?,9,0.0,0.0,E,8
03/16/2010,24:00,0.0,1380.846,0.0,1,8,0.0,1,8,0.0,1,8,0.0,1,8,0.0,1,8,0.0,1,8,-0.0,1,8,-9900,?,9,-9900,?,9,23.55,E,8,19.9,E,8,79.0,E,8,1008.6016999999999,E,8,999.0,E,8,0.66,E,8,-9900,?,9,-9900,?,9,0.0,E,8,-9900,?,9,-9900,?,9,0.0,0.0,E,8
03/17/2010,01:00,0.0,1380.846,0.0,1,8,0.0,1,8,0.0,1,8,0.0,1,8,0.0,1,8,0.0,1,8,-0.0,1,8,-9900,?,9,-9900,?,9,23.24,E,8,19.88,E,8,80.0,E,8,1008.6016999999999,E,8,999.0,E,8,0.66,E,8,-9900,?,9,-9900,?,9,0.0,E,8,-9900,?,9,-9900,?,9,0.0,0.0,E,8
03/17/2010,02:00,0.0,1380.846,0.0,1,8,0.0,1,8,0.0,1,8,0.0,1,8,0.0,1,8,0.0,1,8,-0.0,1,8,-9900,?,9,-9900,?,9,22.92,E,8,19.86,E,8,86.0,E,8,1008.6016999999999,E,8,999.0,E,8,0.66,E,8,-9900,?,9,-9900,?,9,0.005,E,8,-9900,?,9,-9900,?,9,0.05,99.0,E,8
03/17/2010,03:00,0.0,1380.846,0.0,1,8,0.0,1,8,0.0,1,8,0.0,1,8,0.0,1,8,0.0,1,8,-0.0,1,8,-9900,?,9,-9900,?,9,22.61,E,8,19.85,E,8,87.0,E,8,1008.6016999999999,E,8,999.0,E,8,0.66,E,8,-9900,?,9,-9900,?,9,0.086,E,8,-9900,?,9,-9900,?,9,0.86,99.0,E,8
03/17/2010,04:00,0.0,1380.062,0.0,1,8,0.0,1,8,0.0,1,8,0.0,1,8,0.0,1,8,0.0,1,8,-0.0,1,8,-9900,?,9,-9900,?,9,22.29,E,8,19.83,E,8,84.0,E,8,1008.6016999999999,E,8,999.0,E,8,0.66,E,8,-9900,?,9,-9900,?,9,0.0,E,8,-9900,?,9,-9900,?,9,0.0,0.0,E,8
03/17/2010,05:00,0.0,1380.062,0.0,1,8,0.0,1,8,0.0,1,8,0.0,1,8,0.0,1,8,0.0,1,8,-0.0,1,8,-9900,?,9,-9900,?,9,21.98,E,8,19.81,E,8,90.0,E,8,1008.6016999999999,E,8,999.0,E,8,0.66,E,8,-9900,?,9,-9900,?,9,0.001,E,8,-9900,?,9,-9900,?,9,0.01,99.0,E,8
03/17/2010,06:00,0.0,1380.062,0.0,1,8,0.0,1,8,0.0,1,8,0.0,1,8,0.0,1,8,0.0,1,8,-0.0,1,8,-9900,?,9,-9900,?,9,21.73,E,8,19.8,E,8,87.0,E,8,1008.6016999999999,E,8,999.0,E,8,0.66,E,8,-9900,?,9,-9900,?,9,0.0,E,8,-9900,?,9,-9900,?,9,0.0,0.0,E,8
03/17/2010,07:00,209.201,1380.062,1.68,1,8,0.0,1,8,1.68,1,8,201.6,1,8,0.0,1,8,184.8,1,8,3.569,1,8,-9900,?,9,-9900,?,9,21.52,E,8,19.79,E,8,88.0,E,8,1008.6016999999999,E,8,999.0,E,8,0.66,E,8,-9900,?,9,-9900,?,9,0.0,E,8,-9900,?,9,-9900,?,9,0.0,0.0,E,8
03/17/2010,08:00,530.172,1380.062,149.32,1,8,22.178,1,8,140.814,1,8,17918.4,1,8,2106.917,1,8,15489.568,1,8,116.871,1,8,-9900,?,9,-9900,?,9,21.32,E,8,19.78,E,8,89.0,E,8,1008.6016999999999,E,8,999.0,E,8,0.67,E,8,-9900,?,9,-9900,?,9,0.0,E,8,-9900,?,9,-9900,?,9,0.0,0.0,E,8
03/17/2010,09:00,817.007,1380.062,369.01,1,8,158.899,1,8,274.992,1,8,44281.2,1,8,15095.359,1,8,30249.113,1,8,147.938,1,8,-9900,?,9,-9900,?,9,24.23,E,8,19.93,E,8,76.0,E,8,1008.6016999999999,E,8,999.0,E,8,1.01,E,8,-9900,?,9,-9900,?,9,0.0,E,8,-9900,?,9,-9900,?,9,0.0,0.0,E,8
03/17/2010,10:00,1049.228,1380.062,572.77,1,8,291.32,1,8,351.334,1,8,68732.4,1,8,27675.408,1,8,38646.708,1,8,147.127,1,8,-9900,?,9,-9900,?,9,25.41,E,8,19.99,E,8,71.0,E,8,1008.6016999999999,E,8,999.0,E,8,1.7,E,8,-9900,?,9,-9900,?,9,0.0,E,8,-9900,?,9,-9900,?,9,0.0,0.0,E,8
03/17/2010,11:00,1210.847,1380.062,711.86,1,8,360.789,1,8,395.336,1,8,85423.2,1,8,34274.988,1,8,43486.975,1,8,143.438,1,8,-9900,?,9,-9900,?,9,26.39,E,8,20.04,E,8,67.0,E,8,1008.6016999999999,E,8,999.0,E,8,2.16,E,8,-9900,?,9,-9900,?,9,0.0,E,8,-9900,?,9,-9900,?,9,0.0,0.0,E,8
03/17/2010,12:00,1290.791,1380.062,799.87,1,8,457.493,1,8,371.989,1,8,95984.4,1,8,43461.803,1,8,40918.746,1,8,126.602,1,8,-9900,?,9,-9900,?,9,27.17,E,8,20.08,E,8,65.0,E,8,1008.6016999999999,E,8,999.0,E,8,2.49,E,8,-9900,?,9,-9900,?,9,0.0,E,8,-9900,?,9,-9900,?,9,0.0,0.0,E,8
03/17/2010,13:00,1283.584,1380.062,876.23,1,8,599.619,1,8,318.555,1,8,105147.6,1,8,56963.796,1,8,35041.032,1,8,109.026,1,8,-9900,?,9,-9900,?,9,27.84,E,8,20.12,E,8,62.0,E,8,1008.6016999999999,E,8,999.0,E,8,3.4,E,8,-9900,?,9,-9900,?,9,0.0,E,8,-9900,?,9,-9900,?,9,0.0,0.0,E,8
03/17/2010,14:00,1189.708,1380.062,824.31,1,8,646.815,1,8,266.768,1,8,98917.2,1,8,61447.406,1,8,29344.467,1,8,98.511,1,8,-9900,?,9,-9900,?,9,28.23,E,8,20.14,E,8,61.0,E,8,1008.6016999999999,E,8,999.0,E,8,4.01,E,8,-9900,?,9,-9900,?,9,0.0,E,8,-9900,?,9,-9900,?,9,0.0,0.0,E,8
03/17/2010,15:00,1015.569,1380.062,719.34,1,8,794.777,1,8,134.619,1,8,86320.8,1,8,75503.856,1,8,14808.109,1,8,58.244,1,8,-9900,?,9,-9900,?,9,28.38,E,8,20.15,E,8,61.0,E,8,1008.6016999999999,E,8,999.0,E,8,4.67,E,8,-9900,?,9,-9900,?,9,0.0,E,8,-9900,?,9,-9900,?,9,0.0,0.0,E,8
03/17/2010,16:00,773.082,1380.062,541.83,1,8,781.076,1,8,104.568,1,8,65019.6,1,8,74202.196,1,8,11502.447,1,8,59.456,1,8,-9900,?,9,-9900,?,9,28.2,E,8,20.14,E,8,61.0,E,8,1008.6016999999999,E,8,999.0,E,8,4.54,E,8,-9900,?,9,-9900,?,9,0.0,E,8,-9900,?,9,-9900,?,9,0.0,0.0,E,8
03/17/2010,17:00,478.952,1380.062,335.16,1,8,692.529,1,8,95.326,1,8,40219.2,1,8,65790.228,1,8,10485.842,1,8,87.617,1,8,-9900,?,9,-9900,?,9,27.66,E,8,20.11,E,8,63.0,E,8,1008.6016999999999,E,8,999.0,E,8,3.86,E,8,-9900,?,9,-9900,?,9,0.0,E,8,-9900,?,9,-9900,?,9,0.0,0.0,E,8
03/17/2010,18:00,154.658,1380.062,129.38,1,8,261.047,1,8,100.732,1,8,15525.6,1,8,24799.509,1,8,11080.545,1,8,292.178,1,8,-9900,?,9,-9900,?,9,26.86,E,8,20.07,E,8,70.0,E,8,1008.6016999999999,E,8,999.0,E,8,2.83,E,8,-9900,?,9,-9900,?,9,0.001,E,8,-9900,?,9,-9900,?,9,0.01,99.0,E,8
03/17/2010,19:00,0.0,1380.062,0.0,1,8,0.0,1,8,0.0,1,8,0.0,1,8,0.0,1,8,0.0,1,8,-0.0,1,8,-9900,?,9,-9900,?,9,26.27,E,8,20.04,E,8,72.0,E,8,1008.6016999999999,E,8,999.0,E,8,1.9,E,8,-9900,?,9,-9900,?,9,0.002,E,8,-9900,?,9,-9900,?,9,0.02,99.0,E,8
03/17/2010,20:00,0.0,1380.062,0.0,1,8,0.0,1,8,0.0,1,8,0.0,1,8,0.0,1,8,0.0,1,8,-0.0,1,8,-9900,?,9,-9900,?,9,25.68,E,8,20.01,E,8,75.0,E,8,1008.6016999999999,E,8,999.0,E,8,1.14,E,8,-9900,?,9,-9900,?,9,0.001,E,8,-9900,?,9,-9900,?,9,0.01,99.0,E,8
03/17/2010,21:00,0.0,1380.062,0.0,1,8,0.0,1,8,0.0,1,8,0.0,1,8,0.0,1,8,0.0,1,8,-0.0,1,8,-9900,?,9,-9900,?,9,25.09,E,8,19.98,E,8,72.0,E,8,1008.6016999999999,E,8,999.0,E,8,0.74,E,8,-9900,?,9,-9900,?,9,0.0,E,8,-9900,?,9,-9900,?,9,0.0,0.0,E,8
03/17/2010,22:00,0.0,1380.062,0.0,1,8,0.0,1,8,0.0,1,8,0.0,1,8,0.0,1,8,0.0,1,8,-0.0,1,8,-9900,?,9,-9900,?,9,24.5,E,8,19.94,E,8,75.0,E,8,1008.6016999999999,E,8,999.0,E,8,0.66,E,8,-9900,?,9,-9900,?,9,0.0,E,8,-9900,?,9,-9900,?,9,0.0,0.0,E,8
03/17/2010,23:00,0.0,1380.062,0.0,1,8,0.0,1,8,0.0,1,8,0.0,1,8,0.0,1,8,0.0,1,8,-0.0,1,8,-9900,?,9,-9900,?,9,23.9,E,8,19.91,E,8,82.0,E,8,1008.6016999999999,E,8,999.0,E,8,0.66,E,8,-9900,?,9,-9900,?,9,0.003,E,8,-9900,?,9,-9900,?,9,0.03,99.0,E,8
03/17/2010,24:00,0.0,1380.062,0.0,1,8,0.0,1,8,0.0,1,8,0.0,1,8,0.0,1,8,0.0,1,8,-0.0,1,8,-9900,?,9,-9900,?,9,23.31,E,8,18.73,E,8,75.0,E,8,1008.6016999999999,E,8,999.0,E,8,1.16,E,8,-9900,?,9,-9900,?,9,0.0,E,8,-9900,?,9,-9900,?,9,0.0,0.0,E,8
03/18/2010,01:00,0.0,1380.062,0.0,1,8,0.0,1,8,0.0,1,8,0.0,1,8,0.0,1,8,0.0,1,8,-0.0,1,8,-9900,?,9,-9900,?,9,23.02,E,8,18.65,E,8,76.0,E,8,1008.6016999999999,E,8,999.0,E,8,1.16,E,8,-9900,?,9,-9900,?,9,0.0,E,8,-9900,?,9,-9900,?,9,0.0,0.0,E,8
03/18/2010,02:00,0.0,1380.062,0.0,1,8,0.0,1,8,0.0,1,8,0.0,1,8,0.0,1,8,0.0,1,8,-0.0,1,8,-9900,?,9,-9900,?,9,22.72,E,8,18.58,E,8,77.0,E,8,1008.6016999999999,E,8,999.0,E,8,1.16,E,8,-9900,?,9,-9900,?,9,0.0,E,8,-9900,?,9,-9900,?,9,0.0,0.0,E,8
03/18/2010,03:00,0.0,1380.062,0.0,1,8,0.0,1,8,0.0,1,8,0.0,1,8,0.0,1,8,0.0,1,8,-0.0,1,8,-9900,?,9,-9900,?,9,22.43,E,8,18.5,E,8,78.0,E,8,1008.6016999999999,E,8,999.0,E,8,1.16,E,8,-9900,?,9,-9900,?,9,0.0,E,8,-9900,?,9,-9900,?,9,0.0,0.0,E,8
03/18/2010,04:00,0.0,1379.274,0.0,1,8,0.0,1,8,0.0,1,8,0.0,1,8,0.0,1,8,0.0,1,8,-0.0,1,8,-9900,?,9,-9900,?,9,22.13,E,8,18.43,E,8,79.0,E,8,1008.6016999999999,E,8,999.0,E,8,1.16,E,8,-9900,?,9,-9900,?,9,0.0,E,8,-9900,?,9,-9900,?,9,0.0,0.0,E,8
03/18/2010,05:00,0.0,1379.274,0.0,1,8,0.0,1,8,0.0,1,8,0.0,1,8,0.0,1,8,0.0,1,8,-0.0,1,8,-9900,?,9,-9900,?,9,21.83,E,8,18.35,E,8,80.0,E,8,1008.6016999999999,E,8,999.0,E,8,1.16,E,8,-9900,?,9,-9900,?,9,0.0,E,8,-9900,?,9,-9900,?,9,0.0,0.0,E,8
03/18/2010,06:00,0.0,1379.274,0.0,1,8,0.0,1,8,0.0,1,8,0.0,1,8,0.0,1,8,0.0,1,8,-0.0,1,8,-9900,?,9,-9900,?,9,21.61,E,8,18.29,E,8,81.0,E,8,1008.6016999999999,E,8,999.0,E,8,1.16,E,8,-9900,?,9,-9900,?,9,0.0,E,8,-9900,?,9,-9900,?,9,0.0,0.0,E,8
03/18/2010,07:00,207.288,1379.274,2.46,1,8,0.0,1,8,2.46,1,8,295.2,1,8,0.0,1,8,270.6,1,8,5.273,1,8,-9900,?,9,-9900,?,9,21.41,E,8,18.24,E,8,82.0,E,8,1008.6016999999999,E,8,999.0,E,8,1.16,E,8,-9900,?,9,-9900,?,9,0.0,E,8,-9900,?,9,-9900,?,9,0.0,0.0,E,8
03/18/2010,08:00,527.991,1379.274,192.68,1,8,97.295,1,8,155.498,1,8,23121.6,1,8,9243.006,1,8,17104.814,1,8,129.52,1,8,-9900,?,9,-9900,?,9,21.22,E,8,18.19,E,8,82.0,E,8,1008.6016999999999,E,8,999.0,E,8,1.16,E,8,-9900,?,9,-9900,?,9,0.0,E,8,-9900,?,9,-9900,?,9,0.0,0.0,E,8
03/18/2010,09:00,814.483,1379.274,448.02,1,8,335.201,1,8,250.187,1,8,53762.4,1,8,31844.083,1,8,27520.566,1,8,134.934,1,8,-9900,?,9,-9900,?,9,24.32,E,8,18.98,E,8,72.0,E,8,1008.6016999999999,E,8,999.0,E,8,1.16,E,8,-9900,?,9,-9900,?,9,0.0,E,8,-9900,?,9,-9900,?,9,0.0,0.0,E,8
03/18/2010,10:00,1046.299,1379.274,679.49,1,8,569.166,1,8,247.822,1,8,81538.8,1,8,54070.811,1,8,27260.366,1,8,104.011,1,8,-9900,?,9,-9900,?,9,25.48,E,8,19.27,E,8,68.0,E,8,1008.6016999999999,E,8,999.0,E,8,1.16,E,8,-9900,?,9,-9900,?,9,0.0,E,8,-9900,?,9,-9900,?,9,0.0,0.0,E,8
03/18/2010,11:00,1207.477,1379.274,856.66,1,8,652.235,1,8,285.716,1,8,102799.2,1,8,61962.324,1,8,31428.741,1,8,103.895,1,8,-9900,?,9,-9900,?,9,26.49,E,8,19.52,E,8,65.0,E,8,1008.6016999999999,E,8,999.0,E,8,1.57,E,8,-9900,?,9,-9900,?,9,0.0,E,8,-9900,?,9,-9900,?,9,0.0,0.0,E,8
03/18/2010,12:00,1286.975,1379.274,967.68,1,8,807.214,1,8,214.516,1,8,116121.6,1,8,76685.314,1,8,23596.807,1,8,73.183,1,8,-9900,?,9,-9900,?,9,27.31,E,8,19.71,E,8,63.0,E,8,1008.6016999999999,E,8,999.0,E,8,2.13,E,8,-9900,?,9,-9900,?,9,0.0,E,8,-9900,?,9,-9900,?,9,0.0,0.0,E,8
03/18/2010,13:00,1279.347,1379.274,1006.59,1,8,940.46,1,8,134.307,1,8,120790.8,1,8,89343.679,1,8,14773.737,1,8,46.093,1,8,-9900,?,9,-9900,?,9,27.92,E,8,19.86,E,8,61.0,E,8,1008.6016999999999,E,8,999.0,E,8,2.52,E,8,-9900,?,9,-9900,?,9,0.0,E,8,-9900,?,9,-9900,?,9,0.0,0.0,E,8
03/18/2010,14:00,1185.105,1379.274,968.09,1,8,779.7,1,8,298.223,1,8,116170.8,1,8,74071.491,1,8,32804.531,1,8,110.492,1,8,-9900,?,9,-9900,?,9,28.3,E,8,19.95,E,8,60.0,E,8,1008.6016999999999,E,8,999.0,E,8,3.22,E,8,-9900,?,9,-9900,?,9,0.0,E,8,-9900,?,9,-9900,?,9,0.0,0.0,E,8
03/18/2010,15:00,1010.68,1379.274,854.12,1,8,842.49,1,8,236.931,1,8,102494.4,1,8,80036.513,1,8,26062.462,1,8,102.948,1,8,-9900,?,9,-9900,?,9,28.45,E,8,19.98,E,8,60.0,E,8,1008.6016999999999,E,8,999.0,E,8,4.03,E,8,-9900,?,9,-9900,?,9,0.0,E,8,-9900,?,9,-9900,?,9,0.0,0.0,E,8
03/18/2010,16:00,768.008,1379.274,672.28,1,8,847.155,1,8,200.874,1,8,80673.6,1,8,80479.749,1,8,22096.153,1,8,114.906,1,8,-9900,?,9,-9900,?,9,28.31,E,8,19.95,E,8,60.0,E,8,1008.6016999999999,E,8,999.0,E,8,3.7,E,8,-9900,?,9,-9900,?,9,0.0,E,8,-9900,?,9,-9900,?,9,0.0,0.0,E,8
03/18/2010,17:00,473.81,1379.274,432.28,1,8,768.758,1,8,168.767,1,8,51873.6,1,8,73032.001,1,8,18564.394,1,8,156.721,1,8,-9900,?,9,-9900,?,9,27.81,E,8,19.83,E,8,61.0,E,8,1008.6016999999999,E,8,999.0,E,8,3.24,E,8,-9900,?,9,-9900,?,9,0.0,E,8,-9900,?,9,-9900,?,9,0.0,0.0,E,8
03/18/2010,18:00,149.635,1379.274,164.27,1,8,302.981,1,8,132.124,1,8,19712.4,1,8,28783.2,1,8,14533.652,1,8,396.39,1,8,-9900,?,9,-9900,?,9,27.0,E,8,19.64,E,8,64.0,E,8,1008.6016999999999,E,8,999.0,E,8,2.36,E,8,-9900,?,9,-9900,?,9,0.0,E,8,-9900,?,9,-9900,?,9,0.0,0.0,E,8
03/18/2010,19:00,0.0,1379.274,0.0,1,8,0.0,1,8,0.0,1,8,0.0,1,8,0.0,1,8,0.0,1,8,-0.0,1,8,-9900,?,9,-9900,?,9,26.41,E,8,19.5,E,8,65.0,E,8,1008.6016999999999,E,8,999.0,E,8,1.5,E,8,-9900,?,9,-9900,?,9,0.0,E,8,-9900,?,9,-9900,?,9,0.0,0.0,E,8
03/18/2010,20:00,0.0,1379.274,0.0,1,8,0.0,1,8,0.0,1,8,0.0,1,8,0.0,1,8,0.0,1,8,-0.0,1,8,-9900,?,9,-9900,?,9,25.81,E,8,19.35,E,8,67.0,E,8,1008.6016999999999,E,8,999.0,E,8,1.16,E,8,-9900,?,9,-9900,?,9,0.0,E,8,-9900,?,9,-9900,?,9,0.0,0.0,E,8
03/18/2010,21:00,0.0,1379.274,0.0,1,8,0.0,1,8,0.0,1,8,0.0,1,8,0.0,1,8,0.0,1,8,-0.0,1,8,-9900,?,9,-9900,?,9,25.22,E,8,19.2,E,8,69.0,E,8,1008.6016999999999,E,8,999.0,E,8,1.16,E,8,-9900,?,9,-9900,?,9,0.0,E,8,-9900,?,9,-9900,?,9,0.0,0.0,E,8
03/18/2010,22:00,0.0,1379.274,0.0,1,8,0.0,1,8,0.0,1,8,0.0,1,8,0.0,1,8,0.0,1,8,-0.0,1,8,-9900,?,9,-9900,?,9,24.63,E,8,19.06,E,8,71.0,E,8,1008.6016999999999,E,8,999.0,E,8,1.16,E,8,-9900,?,9,-9900,?,9,0.0,E,8,-9900,?,9,-9900,?,9,0.0,0.0,E,8
03/18/2010,23:00,0.0,1379.274,0.0,1,8,0.0,1,8,0.0,1,8,0.0,1,8,0.0,1,8,0.0,1,8,-0.0,1,8,-9900,?,9,-9900,?,9,24.04,E,8,18.91,E,8,73.0,E,8,1008.6016999999999,E,8,999.0,E,8,1.16,E,8,-9900,?,9,-9900,?,9,0.0,E,8,-9900,?,9,-9900,?,9,0.0,0.0,E,8
03/18/2010,24:00,0.0,1379.274,0.0,1,8,0.0,1,8,0.0,1,8,0.0,1,8,0.0,1,8,0.0,1,8,-0.0,1,8,-9900,?,9,-9900,?,9,23.44,E,8,18.4,E,8,73.0,E,8,1008.6016999999999,E,8,999.0,E,8,0.89,E,8,-9900,?,9,-9900,?,9,0.0,E,8,-9900,?,9,-9900,?,9,0.0,0.0,E,8
03/19/2010,01:00,0.0,1379.274,0.0,1,8,0.0,1,8,0.0,1,8,0.0,1,8,0.0,1,8,0.0,1,8,-0.0,1,8,-9900,?,9,-9900,?,9,23.15,E,8,18.39,E,8,74.0,E,8,1008.6016999999999,E,8,999.0,E,8,0.89,E,8,-9900,?,9,-9900,?,9,0.0,E,8,-9900,?,9,-9900,?,9,0.0,0.0,E,8
03/19/2010,02:00,0.0,1379.274,0.0,1,8,0.0,1,8,0.0,1,8,0.0,1,8,0.0,1,8,0.0,1,8,-0.0,1,8,-9900,?,9,-9900,?,9,22.85,E,8,18.39,E,8,75.0,E,8,1008.6016999999999,E,8,999.0,E,8,0.89,E,8,-9900,?,9,-9900,?,9,0.0,E,8,-9900,?,9,-9900,?,9,0.0,0.0,E,8
03/19/2010,03:00,0.0,1379.274,0.0,1,8,0.0,1,8,0.0,1,8,0.0,1,8,0.0,1,8,0.0,1,8,-0.0,1,8,-9900,?,9,-9900,?,9,22.55,E,8,18.38,E,8,77.0,E,8,1008.6016999999999,E,8,999.0,E,8,0.89,E,8,-9900,?,9,-9900,?,9,0.0,E,8,-9900,?,9,-9900,?,9,0.0,0.0,E,8
03/19/2010,04:00,0.0,1378.483,0.0,1,8,0.0,1,8,0.0,1,8,0.0,1,8,0.0,1,8,0.0,1,8,-0.0,1,8,-9900,?,9,-9900,?,9,22.26,E,8,18.38,E,8,78.0,E,8,1008.6016999999999,E,8,999.0,E,8,0.89,E,8,-9900,?,9,-9900,?,9,0.0,E,8,-9900,?,9,-9900,?,9,0.0,0.0,E,8
03/19/2010,05:00,0.0,1378.483,0.0,1,8,0.0,1,8,0.0,1,8,0.0,1,8,0.0,1,8,0.0,1,8,-0.0,1,8,-9900,?,9,-9900,?,9,21.96,E,8,18.38,E,8,80.0,E,8,1008.6016999999999,E,8,999.0,E,8,0.89,E,8,-9900,?,9,-9900,?,9,0.0,E,8,-9900,?,9,-9900,?,9,0.0,0.0,E,8
03/19/2010,06:00,0.0,1378.483,0.0,1,8,0.0,1,8,0.0,1,8,0.0,1,8,0.0,1,8,0.0,1,8,-0.0,1,8,-9900,?,9,-9900,?,9,21.73,E,8,18.37,E,8,81.0,E,8,1008.6016999999999,E,8,999.0,E,8,0.89,E,8,-9900,?,9,-9900,?,9,0.0,E,8,-9900,?,9,-9900,?,9,0.0,0.0,E,8
03/19/2010,07:00,205.384,1378.483,2.02,1,8,0.0,1,8,2.02,1,8,242.4,1,8,0.0,1,8,222.2,1,8,4.368,1,8,-9900,?,9,-9900,?,9,21.54,E,8,18.37,E,8,82.0,E,8,1008.6016999999999,E,8,999.0,E,8,0.89,E,8,-9900,?,9,-9900,?,9,0.0,E,8,-9900,?,9,-9900,?,9,0.0,0.0,E,8
03/19/2010,08:00,525.8,1378.483,196.88,1,8,109.598,1,8,155.147,1,8,23625.6,1,8,10411.773,1,8,17066.188,1,8,129.693,1,8,-9900,?,9,-9900,?,9,21.34,E,8,18.37,E,8,83.0,E,8,1008.6016999999999,E,8,999.0,E,8,0.89,E,8,-9900,?,9,-9900,?,9,0.0,E,8,-9900,?,9,-9900,?,9,0.0,0.0,E,8
03/19/2010,09:00,811.932,1378.483,462.71,1,8,380.264,1,8,238.857,1,8,55525.2,1,8,36125.043,1,8,26274.235,1,8,129.154,1,8,-9900,?,9,-9900,?,9,24.45,E,8,18.41,E,8,69.0,E,8,1008.6016999999999,E,8,999.0,E,8,0.92,E,8,-9900,?,9,-9900,?,9,0.0,E,8,-9900,?,9,-9900,?,9,0.0,0.0,E,8
03/19/2010,10:00,1043.328,1378.483,701.4,1,8,630.157,1,8,224.559,1,8,84168.0,1,8,59864.914,1,8,24701.542,1,8,94.462,1,8,-9900,?,9,-9900,?,9,25.62,E,8,18.43,E,8,64.0,E,8,1008.6016999999999,E,8,999.0,E,8,1.8,E,8,-9900,?,9,-9900,?,9,0.0,E,8,-9900,?,9,-9900,?,9,0.0,0.0,E,8
03/19/2010,11:00,1204.054,1378.483,889.01,1,8,765.633,1,8,220.319,1,8,106681.2,1,8,72735.157,1,8,24235.041,1,8,80.296,1,8,-9900,?,9,-9900,?,9,26.65,E,8,18.45,E,8,60.0,E,8,1008.6016999999999,E,8,999.0,E,8,2.28,E,8,-9900,?,9,-9900,?,9,0.0,E,8,-9900,?,9,-9900,?,9,0.0,0.0,E,8
03/19/2010,12:00,1283.098,1378.483,1002.04,1,8,919.48,1,8,146.222,1,8,120244.8,1,8,87350.631,1,8,16084.45,1,8,50.006,1,8,-9900,?,9,-9900,?,9,27.48,E,8,18.46,E,8,57.0,E,8,1008.6016999999999,E,8,999.0,E,8,2.98,E,8,-9900,?,9,-9900,?,9,0.0,E,8,-9900,?,9,-9900,?,9,0.0,0.0,E,8
03/19/2010,13:00,1275.046,1378.483,1039.12,1,8,786.509,1,8,311.664,1,8,124694.4,1,8,74718.342,1,8,34283.045,1,8,107.259,1,8,-9900,?,9,-9900,?,9,28.09,E,8,18.47,E,8,55.0,E,8,1008.6016999999999,E,8,999.0,E,8,3.59,E,8,-9900,?,9,-9900,?,9,0.0,E,8,-9900,?,9,-9900,?,9,0.0,0.0,E,8
03/19/2010,14:00,1180.439,1378.483,995.35,1,8,800.152,1,8,310.228,1,8,119442.0,1,8,76014.422,1,8,34125.043,1,8,115.328,1,8,-9900,?,9,-9900,?,9,28.47,E,8,18.47,E,8,54.0,E,8,1008.6016999999999,E,8,999.0,E,8,3.6,E,8,-9900,?,9,-9900,?,9,0.0,E,8,-9900,?,9,-9900,?,9,0.0,0.0,E,8
03/19/2010,15:00,1005.734,1378.483,871.55,1,8,842.555,1,8,256.985,1,8,104586.0,1,8,80042.743,1,8,28268.327,1,8,112.147,1,8,-9900,?,9,-9900,?,9,28.61,E,8,18.48,E,8,54.0,E,8,1008.6016999999999,E,8,999.0,E,8,3.86,E,8,-9900,?,9,-9900,?,9,0.0,E,8,-9900,?,9,-9900,?,9,0.0,0.0,E,8
03/19/2010,16:00,762.886,1378.483,679.3,1,8,840.926,1,8,214.22,1,8,81516.0,1,8,79887.986,1,8,23564.171,1,8,123.293,1,8,-9900,?,9,-9900,?,9,28.44,E,8,18.47,E,8,54.0,E,8,1008.6016999999999,E,8,999.0,E,8,3.4,E,8,-9900,?,9,-9900,?,9,0.0,E,8,-9900,?,9,-9900,?,9,0.0,0.0,E,8
03/19/2010,17:00,468.634,1378.483,431.04,1,8,720.727,1,8,186.562,1,8,51724.8,1,8,68469.108,1,8,20521.822,1,8,175.067,1,8,-9900,?,9,-9900,?,9,27.92,E,8,18.46,E,8,56.0,E,8,1008.6016999999999,E,8,999.0,E,8,3.22,E,8,-9900,?,9,-9900,?,9,0.0,E,8,-9900,?,9,-9900,?,9,0.0,0.0,E,8
03/19/2010,18:00,144.6,1378.483,159.35,1,8,296.12,1,8,129.016,1,8,19122.0,1,8,28131.391,1,8,14191.747,1,8,400.894,1,8,-9900,?,9,-9900,?,9,27.09,E,8,18.45,E,8,59.0,E,8,1008.6016999999999,E,8,999.0,E,8,2.6,E,8,-9900,?,9,-9900,?,9,0.0,E,8,-9900,?,9,-9900,?,9,0.0,0.0,E,8
03/19/2010,19:00,0.0,1378.483,0.0,1,8,0.0,1,8,0.0,1,8,0.0,1,8,0.0,1,8,0.0,1,8,-0.0,1,8,-9900,?,9,-9900,?,9,26.5,E,8,18.44,E,8,61.0,E,8,1008.6016999999999,E,8,999.0,E,8,1.83,E,8,-9900,?,9,-9900,?,9,0.0,E,8,-9900,?,9,-9900,?,9,0.0,0.0,E,8
03/19/2010,20:00,0.0,1378.483,0.0,1,8,0.0,1,8,0.0,1,8,0.0,1,8,0.0,1,8,0.0,1,8,-0.0,1,8,-9900,?,9,-9900,?,9,25.9,E,8,18.43,E,8,63.0,E,8,1008.6016999999999,E,8,999.0,E,8,1.05,E,8,-9900,?,9,-9900,?,9,0.0,E,8,-9900,?,9,-9900,?,9,0.0,0.0,E,8
03/19/2010,21:00,0.0,1378.483,0.0,1,8,0.0,1,8,0.0,1,8,0.0,1,8,0.0,1,8,0.0,1,8,-0.0,1,8,-9900,?,9,-9900,?,9,25.31,E,8,18.43,E,8,65.0,E,8,1008.6016999999999,E,8,999.0,E,8,0.89,E,8,-9900,?,9,-9900,?,9,0.0,E,8,-9900,?,9,-9900,?,9,0.0,0.0,E,8
03/19/2010,22:00,0.0,1378.483,0.0,1,8,0.0,1,8,0.0,1,8,0.0,1,8,0.0,1,8,0.0,1,8,-0.0,1,8,-9900,?,9,-9900,?,9,24.71,E,8,18.42,E,8,68.0,E,8,1008.6016999999999,E,8,999.0,E,8,0.89,E,8,-9900,?,9,-9900,?,9,0.0,E,8,-9900,?,9,-9900,?,9,0.0,0.0,E,8
03/19/2010,23:00,0.0,1378.483,0.0,1,8,0.0,1,8,0.0,1,8,0.0,1,8,0.0,1,8,0.0,1,8,-0.0,1,8,-9900,?,9,-9900,?,9,24.12,E,8,18.41,E,8,70.0,E,8,1008.6016999999999,E,8,999.0,E,8,0.89,E,8,-9900,?,9,-9900,?,9,0.0,E,8,-9900,?,9,-9900,?,9,0.0,0.0,E,8
03/19/2010,24:00,0.0,1378.483,0.0,1,8,0.0,1,8,0.0,1,8,0.0,1,8,0.0,1,8,0.0,1,8,-0.0,1,8,-9900,?,9,-9900,?,9,23.53,E,8,20.68,E,8,82.0,E,8,1008.6016999999999,E,8,999.0,E,8,0.8,E,8,-9900,?,9,-9900,?,9,0.005,E,8,-9900,?,9,-9900,?,9,0.05,99.0,E,8
03/20/2010,01:00,0.0,1378.483,0.0,1,8,0.0,1,8,0.0,1,8,0.0,1,8,0.0,1,8,0.0,1,8,-0.0,1,8,-9900,?,9,-9900,?,9,23.23,E,8,20.69,E,8,84.0,E,8,1008.6016999999999,E,8,999.0,E,8,0.8,E,8,-9900,?,9,-9900,?,9,0.001,E,8,-9900,?,9,-9900,?,9,0.01,99.0,E,8
03/20/2010,02:00,0.0,1378.483,0.0,1,8,0.0,1,8,0.0,1,8,0.0,1,8,0.0,1,8,0.0,1,8,-0.0,1,8,-9900,?,9,-9900,?,9,22.93,E,8,20.7,E,8,85.0,E,8,1008.6016999999999,E,8,999.0,E,8,0.8,E,8,-9900,?,9,-9900,?,9,0.028000000000000004,E,8,-9900,?,9,-9900,?,9,0.28,99.0,E,8
03/20/2010,03:00,0.0,1378.483,0.0,1,8,0.0,1,8,0.0,1,8,0.0,1,8,0.0,1,8,0.0,1,8,-0.0,1,8,-9900,?,9,-9900,?,9,22.64,E,8,20.71,E,8,90.0,E,8,1008.6016999999999,E,8,999.0,E,8,0.8,E,8,-9900,?,9,-9900,?,9,0.10600000000000001,E,8,-9900,?,9,-9900,?,9,1.06,99.0,E,8
03/20/2010,04:00,0.0,1377.689,0.0,1,8,0.0,1,8,0.0,1,8,0.0,1,8,0.0,1,8,0.0,1,8,-0.0,1,8,-9900,?,9,-9900,?,9,22.34,E,8,20.72,E,8,95.0,E,8,1008.6016999999999,E,8,999.0,E,8,0.8,E,8,-9900,?,9,-9900,?,9,2.4539999999999997,E,8,-9900,?,9,-9900,?,9,24.54,99.0,E,8
03/20/2010,05:00,0.0,1377.689,0.0,1,8,0.0,1,8,0.0,1,8,0.0,1,8,0.0,1,8,0.0,1,8,-0.0,1,8,-9900,?,9,-9900,?,9,22.04,E,8,20.73,E,8,89.0,E,8,1008.6016999999999,E,8,999.0,E,8,0.8,E,8,-9900,?,9,-9900,?,9,0.038,E,8,-9900,?,9,-9900,?,9,0.38,99.0,E,8
03/20/2010,06:00,0.0,1377.689,0.0,1,8,0.0,1,8,0.0,1,8,0.0,1,8,0.0,1,8,0.0,1,8,-0.0,1,8,-9900,?,9,-9900,?,9,21.81,E,8,20.74,E,8,90.0,E,8,1008.6016999999999,E,8,999.0,E,8,0.8,E,8,-9900,?,9,-9900,?,9,0.011,E,8,-9900,?,9,-9900,?,9,0.11,99.0,E,8
03/20/2010,07:00,203.489,1377.689,1.4,1,8,0.0,1,8,1.4,1,8,168.0,1,8,0.0,1,8,154.0,1,8,3.055,1,8,-9900,?,9,-9900,?,9,21.62,E,8,20.74,E,8,91.0,E,8,1008.6016999999999,E,8,999.0,E,8,0.8,E,8,-9900,?,9,-9900,?,9,0.051000000000000004,E,8,-9900,?,9,-9900,?,9,0.51,99.0,E,8
03/20/2010,08:00,523.599,1377.689,123.35,1,8,0.0,1,8,123.35,1,8,14802.0,1,8,0.0,1,8,13568.5,1,8,103.488,1,8,-9900,?,9,-9900,?,9,21.42,E,8,20.75,E,8,92.0,E,8,1008.6016999999999,E,8,999.0,E,8,0.9,E,8,-9900,?,9,-9900,?,9,0.072,E,8,-9900,?,9,-9900,?,9,0.72,99.0,E,8
03/20/2010,09:00,809.355,1377.689,343.11,1,8,123.751,1,8,270.45,1,8,41173.2,1,8,11756.37,1,8,29749.486,1,8,146.619,1,8,-9900,?,9,-9900,?,9,24.13,E,8,20.66,E,8,76.0,E,8,1008.6016999999999,E,8,999.0,E,8,1.05,E,8,-9900,?,9,-9900,?,9,0.0,E,8,-9900,?,9,-9900,?,9,0.0,0.0,E,8
03/20/2010,10:00,1040.317,1377.689,544.8,1,8,195.297,1,8,397.36,1,8,65376.0,1,8,18553.234,1,8,43709.642,1,8,167.539,1,8,-9900,?,9,-9900,?,9,25.33,E,8,20.62,E,8,72.0,E,8,1008.6016999999999,E,8,999.0,E,8,1.28,E,8,-9900,?,9,-9900,?,9,0.0,E,8,-9900,?,9,-9900,?,9,0.0,0.0,E,8
03/20/2010,11:00,1200.579,1377.689,693.55,1,8,326.941,1,8,408.665,1,8,83226.0,1,8,31059.428,1,8,44953.198,1,8,149.286,1,8,-9900,?,9,-9900,?,9,26.37,E,8,20.58,E,8,68.0,E,8,1008.6016999999999,E,8,999.0,E,8,1.89,E,8,-9900,?,9,-9900,?,9,0.0,E,8,-9900,?,9,-9900,?,9,0.0,0.0,E,8
03/20/2010,12:00,1279.161,1377.689,857.44,1,8,555.461,1,8,341.728,1,8,102892.8,1,8,52768.791,1,8,37590.071,1,8,117.159,1,8,-9900,?,9,-9900,?,9,27.37,E,8,20.55,E,8,65.0,E,8,1008.6016999999999,E,8,999.0,E,8,2.46,E,8,-9900,?,9,-9900,?,9,0.0,E,8,-9900,?,9,-9900,?,9,0.0,0.0,E,8
03/20/2010,13:00,1270.682,1377.689,934.29,1,8,743.26,1,8,248.796,1,8,112114.8,1,8,70609.654,1,8,27367.507,1,8,85.868,1,8,-9900,?,9,-9900,?,9,28.18,E,8,20.52,E,8,62.0,E,8,1008.6016999999999,E,8,999.0,E,8,3.09,E,8,-9900,?,9,-9900,?,9,0.0,E,8,-9900,?,9,-9900,?,9,0.0,0.0,E,8
03/20/2010,14:00,1175.712,1377.689,863.01,1,8,845.683,1,8,141.389,1,8,103561.2,1,8,80339.844,1,8,15552.746,1,8,52.743,1,8,-9900,?,9,-9900,?,9,28.65,E,8,20.5,E,8,61.0,E,8,1008.6016999999999,E,8,999.0,E,8,3.93,E,8,-9900,?,9,-9900,?,9,0.0,E,8,-9900,?,9,-9900,?,9,0.0,0.0,E,8
03/20/2010,15:00,1000.732,1377.689,728.74,1,8,874.834,1,8,93.441,1,8,87448.8,1,8,83109.199,1,8,10278.529,1,8,40.958,1,8,-9900,?,9,-9900,?,9,28.8,E,8,20.5,E,8,60.0,E,8,1008.6016999999999,E,8,999.0,E,8,4.12,E,8,-9900,?,9,-9900,?,9,0.0,E,8,-9900,?,9,-9900,?,9,0.0,0.0,E,8
03/20/2010,16:00,757.719,1377.689,561.87,1,8,800.926,1,8,121.664,1,8,67424.4,1,8,76087.971,1,8,13383.016,1,8,70.461,1,8,-9900,?,9,-9900,?,9,28.64,E,8,20.5,E,8,61.0,E,8,1008.6016999999999,E,8,999.0,E,8,3.93,E,8,-9900,?,9,-9900,?,9,0.0,E,8,-9900,?,9,-9900,?,9,0.0,0.0,E,8
03/20/2010,17:00,463.428,1377.689,335.71,1,8,492.369,1,8,170.463,1,8,40285.2,1,8,46775.039,1,8,18750.911,1,8,161.673,1,8,-9900,?,9,-9900,?,9,28.06,E,8,20.52,E,8,63.0,E,8,1008.6016999999999,E,8,999.0,E,8,3.49,E,8,-9900,?,9,-9900,?,9,0.0,E,8,-9900,?,9,-9900,?,9,0.0,0.0,E,8
03/20/2010,18:00,139.555,1377.689,122.89,1,8,288.445,1,8,94.402,1,8,14746.8,1,8,27402.285,1,8,10384.234,1,8,304.253,1,8,-9900,?,9,-9900,?,9,27.21,E,8,20.55,E,8,69.0,E,8,1008.6016999999999,E,8,999.0,E,8,3.34,E,8,-9900,?,9,-9900,?,9,0.002,E,8,-9900,?,9,-9900,?,9,0.02,99.0,E,8
03/20/2010,19:00,0.0,1377.689,0.0,1,8,0.0,1,8,0.0,1,8,0.0,1,8,0.0,1,8,0.0,1,8,-0.0,1,8,-9900,?,9,-9900,?,9,26.55,E,8,20.57,E,8,71.0,E,8,1008.6016999999999,E,8,999.0,E,8,2.03,E,8,-9900,?,9,-9900,?,9,0.003,E,8,-9900,?,9,-9900,?,9,0.03,99.0,E,8
03/20/2010,20:00,0.0,1377.689,0.0,1,8,0.0,1,8,0.0,1,8,0.0,1,8,0.0,1,8,0.0,1,8,-0.0,1,8,-9900,?,9,-9900,?,9,25.9,E,8,20.6,E,8,73.0,E,8,1008.6016999999999,E,8,999.0,E,8,1.37,E,8,-9900,?,9,-9900,?,9,0.008,E,8,-9900,?,9,-9900,?,9,0.08,99.0,E,8
03/20/2010,21:00,0.0,1377.689,0.0,1,8,0.0,1,8,0.0,1,8,0.0,1,8,0.0,1,8,0.0,1,8,-0.0,1,8,-9900,?,9,-9900,?,9,25.24,E,8,20.62,E,8,76.0,E,8,1008.6016999999999,E,8,999.0,E,8,0.83,E,8,-9900,?,9,-9900,?,9,0.020999999999999998,E,8,-9900,?,9,-9900,?,9,0.21,99.0,E,8
03/20/2010,22:00,0.0,1377.689,0.0,1,8,0.0,1,8,0.0,1,8,0.0,1,8,0.0,1,8,0.0,1,8,-0.0,1,8,-9900,?,9,-9900,?,9,24.59,E,8,20.64,E,8,82.0,E,8,1008.6016999999999,E,8,999.0,E,8,0.8,E,8,-9900,?,9,-9900,?,9,0.186,E,8,-9900,?,9,-9900,?,9,1.86,99.0,E,8
03/20/2010,23:00,0.0,1377.689,0.0,1,8,0.0,1,8,0.0,1,8,0.0,1,8,0.0,1,8,0.0,1,8,-0.0,1,8,-9900,?,9,-9900,?,9,23.93,E,8,20.66,E,8,81.0,E,8,1008.6016999999999,E,8,999.0,E,8,0.8,E,8,-9900,?,9,-9900,?,9,0.015,E,8,-9900,?,9,-9900,?,9,0.15,99.0,E,8
03/20/2010,24:00,0.0,1377.689,0.0,1,8,0.0,1,8,0.0,1,8,0.0,1,8,0.0,1,8,0.0,1,8,-0.0,1,8,-9900,?,9,-9900,?,9,23.27,E,8,20.82,E,8,86.0,E,8,1008.6016999999999,E,8,999.0,E,8,0.95,E,8,-9900,?,9,-9900,?,9,0.049,E,8,-9900,?,9,-9900,?,9,0.49,99.0,E,8
03/21/2010,01:00,0.0,1377.689,0.0,1,8,0.0,1,8,0.0,1,8,0.0,1,8,0.0,1,8,0.0,1,8,-0.0,1,8,-9900,?,9,-9900,?,9,22.94,E,8,20.76,E,8,92.0,E,8,1008.6016999999999,E,8,999.0,E,8,0.95,E,8,-9900,?,9,-9900,?,9,0.3,E,8,-9900,?,9,-9900,?,9,3.0,99.0,E,8
03/21/2010,02:00,0.0,1377.689,0.0,1,8,0.0,1,8,0.0,1,8,0.0,1,8,0.0,1,8,0.0,1,8,-0.0,1,8,-9900,?,9,-9900,?,9,22.62,E,8,20.7,E,8,89.0,E,8,1008.6016999999999,E,8,999.0,E,8,0.95,E,8,-9900,?,9,-9900,?,9,0.099,E,8,-9900,?,9,-9900,?,9,0.99,99.0,E,8
03/21/2010,03:00,0.0,1377.689,0.0,1,8,0.0,1,8,0.0,1,8,0.0,1,8,0.0,1,8,0.0,1,8,-0.0,1,8,-9900,?,9,-9900,?,9,22.29,E,8,20.64,E,8,90.0,E,8,1008.6016999999999,E,8,999.0,E,8,0.95,E,8,-9900,?,9,-9900,?,9,0.04,E,8,-9900,?,9,-9900,?,9,0.4,99.0,E,8
03/21/2010,04:00,0.0,1376.892,0.0,1,8,0.0,1,8,0.0,1,8,0.0,1,8,0.0,1,8,0.0,1,8,-0.0,1,8,-9900,?,9,-9900,?,9,21.96,E,8,20.58,E,8,87.0,E,8,1008.6016999999999,E,8,999.0,E,8,0.95,E,8,-9900,?,9,-9900,?,9,0.0,E,8,-9900,?,9,-9900,?,9,0.0,0.0,E,8
03/21/2010,05:00,0.0,1376.892,0.0,1,8,0.0,1,8,0.0,1,8,0.0,1,8,0.0,1,8,0.0,1,8,-0.0,1,8,-9900,?,9,-9900,?,9,21.63,E,8,20.52,E,8,93.0,E,8,1008.6016999999999,E,8,999.0,E,8,0.95,E,8,-9900,?,9,-9900,?,9,0.020999999999999998,E,8,-9900,?,9,-9900,?,9,0.21,99.0,E,8
03/21/2010,06:00,0.0,1376.892,0.0,1,8,0.0,1,8,0.0,1,8,0.0,1,8,0.0,1,8,0.0,1,8,-0.0,1,8,-9900,?,9,-9900,?,9,21.38,E,8,20.48,E,8,94.0,E,8,1008.6016999999999,E,8,999.0,E,8,0.95,E,8,-9900,?,9,-9900,?,9,0.004,E,8,-9900,?,9,-9900,?,9,0.04,99.0,E,8
03/21/2010,07:00,201.6,1376.892,0.78,1,8,0.0,1,8,0.78,1,8,93.6,1,8,0.0,1,8,85.8,1,8,1.717,1,8,-9900,?,9,-9900,?,9,21.16,E,8,20.44,E,8,95.0,E,8,1008.6016999999999,E,8,999.0,E,8,0.95,E,8,-9900,?,9,-9900,?,9,0.01,E,8,-9900,?,9,-9900,?,9,0.1,99.0,E,8
03/21/2010,08:00,521.389,1376.892,102.99,1,8,0.0,1,8,102.99,1,8,12358.8,1,8,0.0,1,8,11328.9,1,8,86.724,1,8,-9900,?,9,-9900,?,9,20.95,E,8,20.4,E,8,96.0,E,8,1008.6016999999999,E,8,999.0,E,8,0.95,E,8,-9900,?,9,-9900,?,9,0.001,E,8,-9900,?,9,-9900,?,9,0.01,99.0,E,8
03/21/2010,09:00,806.752,1376.892,244.04,1,8,23.852,1,8,230.073,1,8,29284.8,1,8,2265.925,1,8,25307.976,1,8,125.06,1,8,-9900,?,9,-9900,?,9,23.88,E,8,20.92,E,8,84.0,E,8,1008.6016999999999,E,8,999.0,E,8,0.98,E,8,-9900,?,9,-9900,?,9,0.001,E,8,-9900,?,9,-9900,?,9,0.01,99.0,E,8
03/21/2010,10:00,1037.265,1376.892,369.31,1,8,27.908,1,8,348.291,1,8,44317.2,1,8,2651.25,1,8,38311.971,1,8,147.197,1,8,-9900,?,9,-9900,?,9,24.99,E,8,21.12,E,8,80.0,E,8,1008.6016999999999,E,8,999.0,E,8,1.61,E,8,-9900,?,9,-9900,?,9,0.005,E,8,-9900,?,9,-9900,?,9,0.05,99.0,E,8
03/21/2010,11:00,1197.052,1376.892,465.2,1,8,52.051,1,8,419.952,1,8,55824.0,1,8,4944.834,1,8,46194.714,1,8,153.772,1,8,-9900,?,9,-9900,?,9,25.95,E,8,21.28,E,8,71.0,E,8,1008.6016999999999,E,8,999.0,E,8,1.79,E,8,-9900,?,9,-9900,?,9,0.0,E,8,-9900,?,9,-9900,?,9,0.0,0.0,E,8
03/21/2010,12:00,1275.166,1376.892,523.92,1,8,49.974,1,8,477.641,1,8,62870.4,1,8,4747.488,1,8,52540.487,1,8,164.175,1,8,-9900,?,9,-9900,?,9,26.72,E,8,21.41,E,8,69.0,E,8,1008.6016999999999,E,8,999.0,E,8,2.16,E,8,-9900,?,9,-9900,?,9,0.0,E,8,-9900,?,9,-9900,?,9,0.0,0.0,E,8
03/21/2010,13:00,1266.258,1376.892,541.03,1,8,58.824,1,8,486.936,1,8,64923.6,1,8,5588.275,1,8,53562.907,1,8,168.548,1,8,-9900,?,9,-9900,?,9,27.28,E,8,21.51,E,8,72.0,E,8,1008.6016999999999,E,8,999.0,E,8,2.99,E,8,-9900,?,9,-9900,?,9,0.002,E,8,-9900,?,9,-9900,?,9,0.02,99.0,E,8
03/21/2010,14:00,1170.925,1376.892,515.27,1,8,86.398,1,8,441.804,1,8,61832.4,1,8,8207.828,1,8,48598.466,1,8,165.386,1,8,-9900,?,9,-9900,?,9,27.62,E,8,21.56,E,8,71.0,E,8,1008.6016999999999,E,8,999.0,E,8,3.99,E,8,-9900,?,9,-9900,?,9,0.032,E,8,-9900,?,9,-9900,?,9,0.32,99.0,E,8
03/21/2010,15:00,995.678,1376.892,448.52,1,8,89.371,1,8,383.91,1,8,53822.4,1,8,8490.249,1,8,42230.104,1,8,169.035,1,8,-9900,?,9,-9900,?,9,27.74,E,8,21.58,E,8,70.0,E,8,1008.6016999999999,E,8,999.0,E,8,3.94,E,8,-9900,?,9,-9900,?,9,0.013000000000000001,E,8,-9900,?,9,-9900,?,9,0.13,99.0,E,8
03/21/2010,16:00,752.511,1376.892,345.88,1,8,159.914,1,8,258.543,1,8,41505.6,1,8,15191.805,1,8,28439.698,1,8,150.684,1,8,-9900,?,9,-9900,?,9,27.56,E,8,21.55,E,8,71.0,E,8,1008.6016999999999,E,8,999.0,E,8,4.06,E,8,-9900,?,9,-9900,?,9,0.061,E,8,-9900,?,9,-9900,?,9,0.61,99.0,E,8
03/21/2010,17:00,458.193,1376.892,215.94,1,8,237.19,1,8,137.193,1,8,25912.8,1,8,22533.055,1,8,15091.239,1,8,131.536,1,8,-9900,?,9,-9900,?,9,27.05,E,8,21.47,E,8,77.0,E,8,1008.6016999999999,E,8,999.0,E,8,3.61,E,8,-9900,?,9,-9900,?,9,0.13,E,8,-9900,?,9,-9900,?,9,1.3,99.0,E,8
03/21/2010,18:00,134.503,1376.892,74.8,1,8,209.984,1,8,54.836,1,8,8976.0,1,8,19948.458,1,8,6031.921,1,8,183.588,1,8,-9900,?,9,-9900,?,9,26.25,E,8,21.33,E,8,80.0,E,8,1008.6016999999999,E,8,999.0,E,8,2.64,E,8,-9900,?,9,-9900,?,9,0.183,E,8,-9900,?,9,-9900,?,9,1.83,99.0,E,8
03/21/2010,19:00,0.0,1376.892,0.0,1,8,0.0,1,8,0.0,1,8,0.0,1,8,0.0,1,8,0.0,1,8,-0.0,1,8,-9900,?,9,-9900,?,9,25.74,E,8,21.24,E,8,86.0,E,8,1008.6016999999999,E,8,999.0,E,8,1.54,E,8,-9900,?,9,-9900,?,9,3.3240000000000003,E,8,-9900,?,9,-9900,?,9,33.24,99.0,E,8
03/21/2010,20:00,0.0,1376.892,0.0,1,8,0.0,1,8,0.0,1,8,0.0,1,8,0.0,1,8,0.0,1,8,-0.0,1,8,-9900,?,9,-9900,?,9,25.22,E,8,21.16,E,8,79.0,E,8,1008.6016999999999,E,8,999.0,E,8,1.03,E,8,-9900,?,9,-9900,?,9,0.077,E,8,-9900,?,9,-9900,?,9,0.77,99.0,E,8
03/21/2010,21:00,0.0,1376.892,0.0,1,8,0.0,1,8,0.0,1,8,0.0,1,8,0.0,1,8,0.0,1,8,-0.0,1,8,-9900,?,9,-9900,?,9,24.71,E,8,21.07,E,8,81.0,E,8,1008.6016999999999,E,8,999.0,E,8,0.95,E,8,-9900,?,9,-9900,?,9,0.016,E,8,-9900,?,9,-9900,?,9,0.16,99.0,E,8
03/21/2010,22:00,0.0,1376.892,0.0,1,8,0.0,1,8,0.0,1,8,0.0,1,8,0.0,1,8,0.0,1,8,-0.0,1,8,-9900,?,9,-9900,?,9,24.2,E,8,20.98,E,8,82.0,E,8,1008.6016999999999,E,8,999.0,E,8,0.95,E,8,-9900,?,9,-9900,?,9,0.026000000000000002,E,8,-9900,?,9,-9900,?,9,0.26,99.0,E,8
03/21/2010,23:00,0.0,1376.892,0.0,1,8,0.0,1,8,0.0,1,8,0.0,1,8,0.0,1,8,0.0,1,8,-0.0,1,8,-9900,?,9,-9900,?,9,23.68,E,8,20.89,E,8,85.0,E,8,1008.6016999999999,E,8,999.0,E,8,0.95,E,8,-9900,?,9,-9900,?,9,0.007000000000000001,E,8,-9900,?,9,-9900,?,9,0.07,99.0,E,8
03/21/2010,24:00,0.0,1376.892,0.0,1,8,0.0,1,8,0.0,1,8,0.0,1,8,0.0,1,8,0.0,1,8,-0.0,1,8,-9900,?,9,-9900,?,9,23.17,E,8,21.07,E,8,86.0,E,8,1008.6016999999999,E,8,999.0,E,8,1.13,E,8,-9900,?,9,-9900,?,9,0.052000000000000005,E,8,-9900,?,9,-9900,?,9,0.52,99.0,E,8
03/22/2010,01:00,0.0,1376.892,0.0,1,8,0.0,1,8,0.0,1,8,0.0,1,8,0.0,1,8,0.0,1,8,-0.0,1,8,-9900,?,9,-9900,?,9,22.92,E,8,21.02,E,8,87.0,E,8,1008.6016999999999,E,8,999.0,E,8,1.13,E,8,-9900,?,9,-9900,?,9,0.039,E,8,-9900,?,9,-9900,?,9,0.39,99.0,E,8
03/22/2010,02:00,0.0,1376.892,0.0,1,8,0.0,1,8,0.0,1,8,0.0,1,8,0.0,1,8,0.0,1,8,-0.0,1,8,-9900,?,9,-9900,?,9,22.66,E,8,20.97,E,8,91.0,E,8,1008.6016999999999,E,8,999.0,E,8,1.13,E,8,-9900,?,9,-9900,?,9,0.174,E,8,-9900,?,9,-9900,?,9,1.74,99.0,E,8
03/22/2010,03:00,0.0,1376.892,0.0,1,8,0.0,1,8,0.0,1,8,0.0,1,8,0.0,1,8,0.0,1,8,-0.0,1,8,-9900,?,9,-9900,?,9,22.4,E,8,20.92,E,8,96.0,E,8,1008.6016999999999,E,8,999.0,E,8,1.13,E,8,-9900,?,9,-9900,?,9,2.149,E,8,-9900,?,9,-9900,?,9,21.49,99.0,E,8
03/22/2010,04:00,0.0,1376.093,0.0,1,8,0.0,1,8,0.0,1,8,0.0,1,8,0.0,1,8,0.0,1,8,-0.0,1,8,-9900,?,9,-9900,?,9,22.15,E,8,20.88,E,8,90.0,E,8,1008.6016999999999,E,8,999.0,E,8,1.13,E,8,-9900,?,9,-9900,?,9,0.06999999999999999,E,8,-9900,?,9,-9900,?,9,0.7,99.0,E,8
03/22/2010,05:00,0.0,1376.093,0.0,1,8,0.0,1,8,0.0,1,8,0.0,1,8,0.0,1,8,0.0,1,8,-0.0,1,8,-9900,?,9,-9900,?,9,21.89,E,8,20.82,E,8,94.0,E,8,1008.6016999999999,E,8,999.0,E,8,1.13,E,8,-9900,?,9,-9900,?,9,0.10200000000000001,E,8,-9900,?,9,-9900,?,9,1.02,99.0,E,8
03/22/2010,06:00,0.0,1376.093,0.0,1,8,0.0,1,8,0.0,1,8,0.0,1,8,0.0,1,8,0.0,1,8,-0.0,1,8,-9900,?,9,-9900,?,9,21.69,E,8,20.78,E,8,91.0,E,8,1008.6016999999999,E,8,999.0,E,8,1.13,E,8,-9900,?,9,-9900,?,9,0.03,E,8,-9900,?,9,-9900,?,9,0.3,99.0,E,8
03/22/2010,07:00,199.719,1376.093,0.79,1,8,0.0,1,8,0.79,1,8,94.8,1,8,0.0,1,8,86.9,1,8,1.755,1,8,-9900,?,9,-9900,?,9,21.52,E,8,20.75,E,8,92.0,E,8,1008.6016999999999,E,8,999.0,E,8,1.13,E,8,-9900,?,9,-9900,?,9,0.013000000000000001,E,8,-9900,?,9,-9900,?,9,0.13,99.0,E,8
03/22/2010,08:00,519.168,1376.093,114.23,1,8,0.0,1,8,114.23,1,8,13707.6,1,8,0.0,1,8,12565.3,1,8,96.546,1,8,-9900,?,9,-9900,?,9,21.35,E,8,20.72,E,8,92.0,E,8,1008.6016999999999,E,8,999.0,E,8,1.13,E,8,-9900,?,9,-9900,?,9,0.007000000000000001,E,8,-9900,?,9,-9900,?,9,0.07,99.0,E,8
03/22/2010,09:00,804.122,1376.093,271.57,1,8,37.5,1,8,249.669,1,8,32588.4,1,8,3562.479,1,8,27463.628,1,8,136.078,1,8,-9900,?,9,-9900,?,9,23.73,E,8,21.18,E,8,85.0,E,8,1008.6016999999999,E,8,999.0,E,8,1.27,E,8,-9900,?,9,-9900,?,9,0.01,E,8,-9900,?,9,-9900,?,9,0.1,99.0,E,8
03/22/2010,10:00,1034.172,1376.093,411.24,1,8,65.325,1,8,362.157,1,8,49348.8,1,8,6205.912,1,8,39837.301,1,8,153.427,1,8,-9900,?,9,-9900,?,9,24.62,E,8,21.35,E,8,82.0,E,8,1008.6016999999999,E,8,999.0,E,8,2.01,E,8,-9900,?,9,-9900,?,9,0.004,E,8,-9900,?,9,-9900,?,9,0.04,99.0,E,8
03/22/2010,11:00,1193.474,1376.093,518.1,1,8,80.348,1,8,448.421,1,8,62172.0,1,8,7633.104,1,8,49326.331,1,8,164.594,1,8,-9900,?,9,-9900,?,9,25.4,E,8,21.5,E,8,80.0,E,8,1008.6016999999999,E,8,999.0,E,8,2.54,E,8,-9900,?,9,-9900,?,9,0.023,E,8,-9900,?,9,-9900,?,9,0.23,99.0,E,8
03/22/2010,12:00,1271.114,1376.093,583.43,1,8,78.191,1,8,511.208,1,8,70011.6,1,8,7428.147,1,8,56232.844,1,8,176.17,1,8,-9900,?,9,-9900,?,9,26.03,E,8,21.62,E,8,79.0,E,8,1008.6016999999999,E,8,999.0,E,8,3.02,E,8,-9900,?,9,-9900,?,9,0.005,E,8,-9900,?,9,-9900,?,9,0.05,99.0,E,8
03/22/2010,13:00,1261.773,1376.093,602.29,1,8,92.174,1,8,517.778,1,8,72274.8,1,8,8756.565,1,8,56955.557,1,8,179.756,1,8,-9900,?,9,-9900,?,9,26.48,E,8,21.7,E,8,78.0,E,8,1008.6016999999999,E,8,999.0,E,8,3.49,E,8,-9900,?,9,-9900,?,9,0.017,E,8,-9900,?,9,-9900,?,9,0.17,99.0,E,8
03/22/2010,14:00,1166.082,1376.093,573.29,1,8,135.106,1,8,458.816,1,8,68794.8,1,8,12835.087,1,8,50469.774,1,8,172.368,1,8,-9900,?,9,-9900,?,9,26.76,E,8,21.75,E,8,73.0,E,8,1008.6016999999999,E,8,999.0,E,8,3.39,E,8,-9900,?,9,-9900,?,9,0.0,E,8,-9900,?,9,-9900,?,9,0.0,0.0,E,8
03/22/2010,15:00,990.575,1376.093,498.57,1,8,138.685,1,8,398.766,1,8,59828.4,1,8,13175.05,1,8,43864.226,1,8,176.379,1,8,-9900,?,9,-9900,?,9,26.85,E,8,21.77,E,8,73.0,E,8,1008.6016999999999,E,8,999.0,E,8,3.11,E,8,-9900,?,9,-9900,?,9,0.0,E,8,-9900,?,9,-9900,?,9,0.0,0.0,E,8
03/22/2010,16:00,747.263,1376.093,383.82,1,8,243.882,1,8,251.477,1,8,46058.4,1,8,23168.752,1,8,27662.489,1,8,147.512,1,8,-9900,?,9,-9900,?,9,26.7,E,8,21.74,E,8,77.0,E,8,1008.6016999999999,E,8,999.0,E,8,2.57,E,8,-9900,?,9,-9900,?,9,0.002,E,8,-9900,?,9,-9900,?,9,0.02,99.0,E,8
03/22/2010,17:00,452.933,1376.093,238.67,1,8,346.842,1,8,124.781,1,8,28640.4,1,8,32949.945,1,8,13725.928,1,8,120.962,1,8,-9900,?,9,-9900,?,9,26.28,E,8,21.66,E,8,75.0,E,8,1008.6016999999999,E,8,999.0,E,8,2.73,E,8,-9900,?,9,-9900,?,9,0.0,E,8,-9900,?,9,-9900,?,9,0.0,0.0,E,8
03/22/2010,18:00,129.449,1376.093,81.32,1,8,210.229,1,8,62.11,1,8,9758.4,1,8,19971.708,1,8,6832.092,1,8,216.358,1,8,-9900,?,9,-9900,?,9,25.64,E,8,21.54,E,8,76.0,E,8,1008.6016999999999,E,8,999.0,E,8,1.83,E,8,-9900,?,9,-9900,?,9,0.0,E,8,-9900,?,9,-9900,?,9,0.0,0.0,E,8
03/22/2010,19:00,0.0,1376.093,0.0,1,8,0.0,1,8,0.0,1,8,0.0,1,8,0.0,1,8,0.0,1,8,-0.0,1,8,-9900,?,9,-9900,?,9,25.18,E,8,21.46,E,8,77.0,E,8,1008.6016999999999,E,8,999.0,E,8,1.13,E,8,-9900,?,9,-9900,?,9,0.0,E,8,-9900,?,9,-9900,?,9,0.0,0.0,E,8
03/22/2010,20:00,0.0,1376.093,0.0,1,8,0.0,1,8,0.0,1,8,0.0,1,8,0.0,1,8,0.0,1,8,-0.0,1,8,-9900,?,9,-9900,?,9,24.73,E,8,21.37,E,8,79.0,E,8,1008.6016999999999,E,8,999.0,E,8,1.13,E,8,-9900,?,9,-9900,?,9,0.0,E,8,-9900,?,9,-9900,?,9,0.0,0.0,E,8
03/22/2010,21:00,0.0,1376.093,0.0,1,8,0.0,1,8,0.0,1,8,0.0,1,8,0.0,1,8,0.0,1,8,-0.0,1,8,-9900,?,9,-9900,?,9,24.27,E,8,21.28,E,8,80.0,E,8,1008.6016999999999,E,8,999.0,E,8,1.13,E,8,-9900,?,9,-9900,?,9,0.0,E,8,-9900,?,9,-9900,?,9,0.0,0.0,E,8
03/22/2010,22:00,0.0,1376.093,0.0,1,8,0.0,1,8,0.0,1,8,0.0,1,8,0.0,1,8,0.0,1,8,-0.0,1,8,-9900,?,9,-9900,?,9,23.81,E,8,21.2,E,8,85.0,E,8,1008.6016999999999,E,8,999.0,E,8,1.13,E,8,-9900,?,9,-9900,?,9,0.001,E,8,-9900,?,9,-9900,?,9,0.01,99.0,E,8
03/22/2010,23:00,0.0,1376.093,0.0,1,8,0.0,1,8,0.0,1,8,0.0,1,8,0.0,1,8,0.0,1,8,-0.0,1,8,-9900,?,9,-9900,?,9,23.36,E,8,21.11,E,8,86.0,E,8,1008.6016999999999,E,8,999.0,E,8,1.13,E,8,-9900,?,9,-9900,?,9,0.001,E,8,-9900,?,9,-9900,?,9,0.01,99.0,E,8
03/22/2010,24:00,0.0,1376.093,0.0,1,8,0.0,1,8,0.0,1,8,0.0,1,8,0.0,1,8,0.0,1,8,-0.0,1,8,-9900,?,9,-9900,?,9,22.9,E,8,20.63,E,8,95.0,E,8,1008.6016999999999,E,8,999.0,E,8,0.98,E,8,-9900,?,9,-9900,?,9,1.0779999999999998,E,8,-9900,?,9,-9900,?,9,10.78,99.0,E,8
03/23/2010,01:00,0.0,1376.093,0.0,1,8,0.0,1,8,0.0,1,8,0.0,1,8,0.0,1,8,0.0,1,8,-0.0,1,8,-9900,?,9,-9900,?,9,22.67,E,8,20.62,E,8,88.0,E,8,1008.6016999999999,E,8,999.0,E,8,0.98,E,8,-9900,?,9,-9900,?,9,0.079,E,8,-9900,?,9,-9900,?,9,0.79,99.0,E,8
03/23/2010,02:00,0.0,1376.093,0.0,1,8,0.0,1,8,0.0,1,8,0.0,1,8,0.0,1,8,0.0,1,8,-0.0,1,8,-9900,?,9,-9900,?,9,22.44,E,8,20.62,E,8,89.0,E,8,1008.6016999999999,E,8,999.0,E,8,0.98,E,8,-9900,?,9,-9900,?,9,0.044,E,8,-9900,?,9,-9900,?,9,0.44,99.0,E,8
03/23/2010,03:00,0.0,1376.093,0.0,1,8,0.0,1,8,0.0,1,8,0.0,1,8,0.0,1,8,0.0,1,8,-0.0,1,8,-9900,?,9,-9900,?,9,22.22,E,8,20.62,E,8,90.0,E,8,1008.6016999999999,E,8,999.0,E,8,0.98,E,8,-9900,?,9,-9900,?,9,0.011,E,8,-9900,?,9,-9900,?,9,0.11,99.0,E,8
03/23/2010,04:00,0.0,1375.292,0.0,1,8,0.0,1,8,0.0,1,8,0.0,1,8,0.0,1,8,0.0,1,8,-0.0,1,8,-9900,?,9,-9900,?,9,21.99,E,8,20.62,E,8,91.0,E,8,1008.6016999999999,E,8,999.0,E,8,0.98,E,8,-9900,?,9,-9900,?,9,0.028999999999999998,E,8,-9900,?,9,-9900,?,9,0.29,99.0,E,8
03/23/2010,05:00,0.0,1375.292,0.0,1,8,0.0,1,8,0.0,1,8,0.0,1,8,0.0,1,8,0.0,1,8,-0.0,1,8,-9900,?,9,-9900,?,9,21.76,E,8,20.62,E,8,92.0,E,8,1008.6016999999999,E,8,999.0,E,8,0.98,E,8,-9900,?,9,-9900,?,9,0.006,E,8,-9900,?,9,-9900,?,9,0.06,99.0,E,8
03/23/2010,06:00,0.0,1375.292,0.0,1,8,0.0,1,8,0.0,1,8,0.0,1,8,0.0,1,8,0.0,1,8,-0.0,1,8,-9900,?,9,-9900,?,9,21.58,E,8,20.62,E,8,93.0,E,8,1008.6016999999999,E,8,999.0,E,8,0.98,E,8,-9900,?,9,-9900,?,9,0.002,E,8,-9900,?,9,-9900,?,9,0.02,99.0,E,8
03/23/2010,07:00,197.843,1375.292,0.75,1,8,0.0,1,8,0.75,1,8,90.0,1,8,0.0,1,8,82.5,1,8,1.681,1,8,-9900,?,9,-9900,?,9,21.43,E,8,20.62,E,8,94.0,E,8,1008.6016999999999,E,8,999.0,E,8,0.98,E,8,-9900,?,9,-9900,?,9,0.015,E,8,-9900,?,9,-9900,?,9,0.15,99.0,E,8
03/23/2010,08:00,516.935,1375.292,119.4,1,8,0.0,1,8,119.4,1,8,14328.0,1,8,0.0,1,8,13134.0,1,8,101.293,1,8,-9900,?,9,-9900,?,9,21.28,E,8,20.62,E,8,95.0,E,8,1008.6016999999999,E,8,999.0,E,8,0.98,E,8,-9900,?,9,-9900,?,9,0.008,E,8,-9900,?,9,-9900,?,9,0.08,99.0,E,8
03/23/2010,09:00,801.465,1375.292,135.33,1,8,0.0,1,8,135.33,1,8,16239.6,1,8,0.0,1,8,14886.3,1,8,73.961,1,8,-9900,?,9,-9900,?,9,22.77,E,8,20.63,E,8,88.0,E,8,1008.6016999999999,E,8,999.0,E,8,0.98,E,8,-9900,?,9,-9900,?,9,0.004,E,8,-9900,?,9,-9900,?,9,0.04,99.0,E,8
03/23/2010,10:00,1031.04,1375.292,431.52,1,8,96.367,1,8,359.291,1,8,51782.4,1,8,9154.906,1,8,39522.017,1,8,152.586,1,8,-9900,?,9,-9900,?,9,23.95,E,8,20.63,E,8,79.0,E,8,1008.6016999999999,E,8,999.0,E,8,0.98,E,8,-9900,?,9,-9900,?,9,0.0,E,8,-9900,?,9,-9900,?,9,0.0,0.0,E,8
03/23/2010,11:00,1189.847,1375.292,543.71,1,8,98.985,1,8,458.081,1,8,65245.2,1,8,9403.545,1,8,50388.903,1,8,168.554,1,8,-9900,?,9,-9900,?,9,24.87,E,8,20.64,E,8,76.0,E,8,1008.6016999999999,E,8,999.0,E,8,1.43,E,8,-9900,?,9,-9900,?,9,0.0,E,8,-9900,?,9,-9900,?,9,0.0,0.0,E,8
03/23/2010,12:00,1267.006,1375.292,612.18,1,8,96.337,1,8,523.433,1,8,73461.6,1,8,9152.045,1,8,57577.593,1,8,180.863,1,8,-9900,?,9,-9900,?,9,25.58,E,8,20.64,E,8,73.0,E,8,1008.6016999999999,E,8,999.0,E,8,2.11,E,8,-9900,?,9,-9900,?,9,0.0,E,8,-9900,?,9,-9900,?,9,0.0,0.0,E,8
03/23/2010,13:00,1257.232,1375.292,631.77,1,8,113.483,1,8,528.035,1,8,75812.4,1,8,10780.882,1,8,58083.832,1,8,183.873,1,8,-9900,?,9,-9900,?,9,26.09,E,8,20.65,E,8,75.0,E,8,1008.6016999999999,E,8,999.0,E,8,2.84,E,8,-9900,?,9,-9900,?,9,0.001,E,8,-9900,?,9,-9900,?,9,0.01,99.0,E,8
03/23/2010,14:00,1161.185,1375.292,601.02,1,8,236.259,1,8,401.566,1,8,72122.4,1,8,22444.63,1,8,44172.206,1,8,151.409,1,8,-9900,?,9,-9900,?,9,26.4,E,8,20.65,E,8,70.0,E,8,1008.6016999999999,E,8,999.0,E,8,3.21,E,8,-9900,?,9,-9900,?,9,0.0,E,8,-9900,?,9,-9900,?,9,0.0,0.0,E,8
03/23/2010,15:00,985.424,1375.292,234.66,1,8,13.151,1,8,225.24,1,8,28159.2,1,8,1249.339,1,8,24776.37,1,8,100.089,1,8,-9900,?,9,-9900,?,9,25.9,E,8,20.65,E,8,76.0,E,8,1008.6016999999999,E,8,999.0,E,8,3.91,E,8,-9900,?,9,-9900,?,9,0.020999999999999998,E,8,-9900,?,9,-9900,?,9,0.21,99.0,E,8
03/23/2010,16:00,741.979,1375.292,402.32,1,8,132.494,1,8,330.89,1,8,48278.4,1,8,12586.923,1,8,36397.859,1,8,195.365,1,8,-9900,?,9,-9900,?,9,25.87,E,8,20.65,E,8,76.0,E,8,1008.6016999999999,E,8,999.0,E,8,4.06,E,8,-9900,?,9,-9900,?,9,0.003,E,8,-9900,?,9,-9900,?,9,0.03,99.0,E,8
03/23/2010,17:00,447.652,1375.292,405.16,1,8,438.248,1,8,262.86,1,8,48619.2,1,8,41633.584,1,8,28914.651,1,8,257.687,1,8,-9900,?,9,-9900,?,9,25.86,E,8,20.65,E,8,72.0,E,8,1008.6016999999999,E,8,999.0,E,8,3.38,E,8,-9900,?,9,-9900,?,9,0.0,E,8,-9900,?,9,-9900,?,9,0.0,0.0,E,8
03/23/2010,18:00,124.395,1375.292,258.69,1,8,266.525,1,8,235.324,1,8,31042.8,1,8,25319.83,1,8,25885.617,1,8,854.407,1,8,-9900,?,9,-9900,?,9,25.58,E,8,20.64,E,8,73.0,E,8,1008.6016999999999,E,8,999.0,E,8,3.16,E,8,-9900,?,9,-9900,?,9,0.0,E,8,-9900,?,9,-9900,?,9,0.0,0.0,E,8
03/23/2010,19:00,0.0,1375.292,0.0,1,8,0.0,1,8,0.0,1,8,0.0,1,8,0.0,1,8,0.0,1,8,-0.0,1,8,-9900,?,9,-9900,?,9,25.12,E,8,20.64,E,8,75.0,E,8,1008.6016999999999,E,8,999.0,E,8,2.4,E,8,-9900,?,9,-9900,?,9,0.0,E,8,-9900,?,9,-9900,?,9,0.0,0.0,E,8
03/23/2010,20:00,0.0,1375.292,0.0,1,8,0.0,1,8,0.0,1,8,0.0,1,8,0.0,1,8,0.0,1,8,-0.0,1,8,-9900,?,9,-9900,?,9,24.67,E,8,20.64,E,8,76.0,E,8,1008.6016999999999,E,8,999.0,E,8,1.48,E,8,-9900,?,9,-9900,?,9,0.0,E,8,-9900,?,9,-9900,?,9,0.0,0.0,E,8
03/23/2010,21:00,0.0,1375.292,0.0,1,8,0.0,1,8,0.0,1,8,0.0,1,8,0.0,1,8,0.0,1,8,-0.0,1,8,-9900,?,9,-9900,?,9,24.21,E,8,20.63,E,8,78.0,E,8,1008.6016999999999,E,8,999.0,E,8,0.98,E,8,-9900,?,9,-9900,?,9,0.0,E,8,-9900,?,9,-9900,?,9,0.0,0.0,E,8
03/23/2010,22:00,0.0,1375.292,0.0,1,8,0.0,1,8,0.0,1,8,0.0,1,8,0.0,1,8,0.0,1,8,-0.0,1,8,-9900,?,9,-9900,?,9,23.76,E,8,20.63,E,8,80.0,E,8,1008.6016999999999,E,8,999.0,E,8,0.98,E,8,-9900,?,9,-9900,?,9,0.0,E,8,-9900,?,9,-9900,?,9,0.0,0.0,E,8
03/23/2010,23:00,0.0,1375.292,0.0,1,8,0.0,1,8,0.0,1,8,0.0,1,8,0.0,1,8,0.0,1,8,-0.0,1,8,-9900,?,9,-9900,?,9,23.3,E,8,20.63,E,8,82.0,E,8,1008.6016999999999,E,8,999.0,E,8,0.98,E,8,-9900,?,9,-9900,?,9,0.0,E,8,-9900,?,9,-9900,?,9,0.0,0.0,E,8
03/23/2010,24:00,0.0,1375.292,0.0,1,8,0.0,1,8,0.0,1,8,0.0,1,8,0.0,1,8,0.0,1,8,-0.0,1,8,-9900,?,9,-9900,?,9,22.85,E,8,19.14,E,8,76.0,E,8,1008.6016999999999,E,8,999.0,E,8,0.79,E,8,-9900,?,9,-9900,?,9,0.0,E,8,-9900,?,9,-9900,?,9,0.0,0.0,E,8
03/24/2010,01:00,0.0,1375.292,0.0,1,8,0.0,1,8,0.0,1,8,0.0,1,8,0.0,1,8,0.0,1,8,-0.0,1,8,-9900,?,9,-9900,?,9,22.62,E,8,19.07,E,8,77.0,E,8,1008.6016999999999,E,8,999.0,E,8,0.79,E,8,-9900,?,9,-9900,?,9,0.0,E,8,-9900,?,9,-9900,?,9,0.0,0.0,E,8
03/24/2010,02:00,0.0,1375.292,0.0,1,8,0.0,1,8,0.0,1,8,0.0,1,8,0.0,1,8,0.0,1,8,-0.0,1,8,-9900,?,9,-9900,?,9,22.39,E,8,19.0,E,8,78.0,E,8,1008.6016999999999,E,8,999.0,E,8,0.79,E,8,-9900,?,9,-9900,?,9,0.0,E,8,-9900,?,9,-9900,?,9,0.0,0.0,E,8
03/24/2010,03:00,0.0,1375.292,0.0,1,8,0.0,1,8,0.0,1,8,0.0,1,8,0.0,1,8,0.0,1,8,-0.0,1,8,-9900,?,9,-9900,?,9,22.16,E,8,18.92,E,8,78.0,E,8,1008.6016999999999,E,8,999.0,E,8,0.79,E,8,-9900,?,9,-9900,?,9,0.0,E,8,-9900,?,9,-9900,?,9,0.0,0.0,E,8
03/24/2010,04:00,0.0,1374.489,0.0,1,8,0.0,1,8,0.0,1,8,0.0,1,8,0.0,1,8,0.0,1,8,-0.0,1,8,-9900,?,9,-9900,?,9,21.93,E,8,18.84,E,8,79.0,E,8,1008.6016999999999,E,8,999.0,E,8,0.79,E,8,-9900,?,9,-9900,?,9,0.0,E,8,-9900,?,9,-9900,?,9,0.0,0.0,E,8
03/24/2010,05:00,0.0,1374.489,0.0,1,8,0.0,1,8,0.0,1,8,0.0,1,8,0.0,1,8,0.0,1,8,-0.0,1,8,-9900,?,9,-9900,?,9,21.71,E,8,18.77,E,8,79.0,E,8,1008.6016999999999,E,8,999.0,E,8,0.79,E,8,-9900,?,9,-9900,?,9,0.0,E,8,-9900,?,9,-9900,?,9,0.0,0.0,E,8
03/24/2010,06:00,0.0,1374.489,0.0,1,8,0.0,1,8,0.0,1,8,0.0,1,8,0.0,1,8,0.0,1,8,-0.0,1,8,-9900,?,9,-9900,?,9,21.53,E,8,18.71,E,8,80.0,E,8,1008.6016999999999,E,8,999.0,E,8,0.79,E,8,-9900,?,9,-9900,?,9,0.0,E,8,-9900,?,9,-9900,?,9,0.0,0.0,E,8
03/24/2010,07:00,195.972,1374.489,1.0,1,8,0.0,1,8,1.0,1,8,120.0,1,8,0.0,1,8,110.0,1,8,2.262,1,8,-9900,?,9,-9900,?,9,21.38,E,8,18.66,E,8,85.0,E,8,1008.6016999999999,E,8,999.0,E,8,0.79,E,8,-9900,?,9,-9900,?,9,0.001,E,8,-9900,?,9,-9900,?,9,0.01,99.0,E,8
03/24/2010,08:00,514.691,1374.489,172.15,1,8,68.766,1,8,146.446,1,8,20658.0,1,8,6532.73,1,8,16109.055,1,8,124.709,1,8,-9900,?,9,-9900,?,9,21.23,E,8,18.61,E,8,81.0,E,8,1008.6016999999999,E,8,999.0,E,8,0.79,E,8,-9900,?,9,-9900,?,9,0.0,E,8,-9900,?,9,-9900,?,9,0.0,0.0,E,8
03/24/2010,09:00,798.781,1374.489,396.48,1,8,230.817,1,8,262.418,1,8,47577.6,1,8,21927.651,1,8,28865.991,1,8,143.816,1,8,-9900,?,9,-9900,?,9,24.38,E,8,19.63,E,8,72.0,E,8,1008.6016999999999,E,8,999.0,E,8,0.8,E,8,-9900,?,9,-9900,?,9,0.0,E,8,-9900,?,9,-9900,?,9,0.0,0.0,E,8
03/24/2010,10:00,1027.868,1374.489,619.58,1,8,416.673,1,8,308.057,1,8,74349.6,1,8,39583.89,1,8,33886.267,1,8,131.155,1,8,-9900,?,9,-9900,?,9,25.62,E,8,20.02,E,8,69.0,E,8,1008.6016999999999,E,8,999.0,E,8,1.22,E,8,-9900,?,9,-9900,?,9,0.0,E,8,-9900,?,9,-9900,?,9,0.0,0.0,E,8
03/24/2010,11:00,1186.171,1374.489,780.93,1,8,558.125,1,8,299.322,1,8,93711.6,1,8,53021.909,1,8,32925.414,1,8,110.415,1,8,-9900,?,9,-9900,?,9,26.69,E,8,20.35,E,8,67.0,E,8,1008.6016999999999,E,8,999.0,E,8,1.88,E,8,-9900,?,9,-9900,?,9,0.0,E,8,-9900,?,9,-9900,?,9,0.0,0.0,E,8
03/24/2010,12:00,1262.843,1374.489,869.14,1,8,620.115,1,8,299.426,1,8,104296.8,1,8,58910.954,1,8,32936.86,1,8,103.742,1,8,-9900,?,9,-9900,?,9,27.53,E,8,20.6,E,8,65.0,E,8,1008.6016999999999,E,8,999.0,E,8,2.49,E,8,-9900,?,9,-9900,?,9,0.0,E,8,-9900,?,9,-9900,?,9,0.0,0.0,E,8
03/24/2010,13:00,1252.635,1374.489,920.66,1,8,748.371,1,8,238.676,1,8,110479.2,1,8,71095.217,1,8,26254.408,1,8,83.369,1,8,-9900,?,9,-9900,?,9,28.18,E,8,20.79,E,8,64.0,E,8,1008.6016999999999,E,8,999.0,E,8,3.23,E,8,-9900,?,9,-9900,?,9,0.0,E,8,-9900,?,9,-9900,?,9,0.0,0.0,E,8
03/24/2010,14:00,1156.236,1374.489,873.65,1,8,904.565,1,8,112.813,1,8,104838.0,1,8,85933.631,1,8,12409.399,1,8,42.693,1,8,-9900,?,9,-9900,?,9,28.57,E,8,20.91,E,8,63.0,E,8,1008.6016999999999,E,8,999.0,E,8,3.6,E,8,-9900,?,9,-9900,?,9,0.0,E,8,-9900,?,9,-9900,?,9,0.0,0.0,E,8
03/24/2010,15:00,980.228,1374.489,747.69,1,8,923.979,1,8,88.934,1,8,89722.8,1,8,87778.016,1,8,9782.712,1,8,39.706,1,8,-9900,?,9,-9900,?,9,28.69,E,8,20.94,E,8,62.0,E,8,1008.6016999999999,E,8,999.0,E,8,3.59,E,8,-9900,?,9,-9900,?,9,0.0,E,8,-9900,?,9,-9900,?,9,0.0,0.0,E,8
03/24/2010,16:00,736.663,1374.489,575.21,1,8,785.473,1,8,154.538,1,8,69025.2,1,8,74619.979,1,8,16999.228,1,8,91.849,1,8,-9900,?,9,-9900,?,9,28.49,E,8,20.88,E,8,63.0,E,8,1008.6016999999999,E,8,999.0,E,8,3.66,E,8,-9900,?,9,-9900,?,9,0.0,E,8,-9900,?,9,-9900,?,9,0.0,0.0,E,8
03/24/2010,17:00,442.352,1374.489,346.06,1,8,487.246,1,8,189.642,1,8,41527.2,1,8,46288.38,1,8,20860.651,1,8,188.039,1,8,-9900,?,9,-9900,?,9,27.89,E,8,20.71,E,8,64.0,E,8,1008.6016999999999,E,8,999.0,E,8,3.54,E,8,-9900,?,9,-9900,?,9,0.0,E,8,-9900,?,9,-9900,?,9,0.0,0.0,E,8
03/24/2010,18:00,119.346,1374.489,111.93,1,8,265.65,1,8,89.627,1,8,13431.6,1,8,25236.726,1,8,9858.962,1,8,339.808,1,8,-9900,?,9,-9900,?,9,27.0,E,8,20.44,E,8,70.0,E,8,1008.6016999999999,E,8,999.0,E,8,2.98,E,8,-9900,?,9,-9900,?,9,0.001,E,8,-9900,?,9,-9900,?,9,0.01,99.0,E,8
03/24/2010,19:00,0.0,1374.489,0.0,1,8,0.0,1,8,0.0,1,8,0.0,1,8,0.0,1,8,0.0,1,8,-0.0,1,8,-9900,?,9,-9900,?,9,26.46,E,8,20.28,E,8,67.0,E,8,1008.6016999999999,E,8,999.0,E,8,2.7,E,8,-9900,?,9,-9900,?,9,0.0,E,8,-9900,?,9,-9900,?,9,0.0,0.0,E,8
03/24/2010,20:00,0.0,1374.489,0.0,1,8,0.0,1,8,0.0,1,8,0.0,1,8,0.0,1,8,0.0,1,8,-0.0,1,8,-9900,?,9,-9900,?,9,25.93,E,8,20.12,E,8,73.0,E,8,1008.6016999999999,E,8,999.0,E,8,2.03,E,8,-9900,?,9,-9900,?,9,0.004,E,8,-9900,?,9,-9900,?,9,0.04,99.0,E,8
03/24/2010,21:00,0.0,1374.489,0.0,1,8,0.0,1,8,0.0,1,8,0.0,1,8,0.0,1,8,0.0,1,8,-0.0,1,8,-9900,?,9,-9900,?,9,25.39,E,8,19.95,E,8,74.0,E,8,1008.6016999999999,E,8,999.0,E,8,1.28,E,8,-9900,?,9,-9900,?,9,0.092,E,8,-9900,?,9,-9900,?,9,0.92,99.0,E,8
03/24/2010,22:00,0.0,1374.489,0.0,1,8,0.0,1,8,0.0,1,8,0.0,1,8,0.0,1,8,0.0,1,8,-0.0,1,8,-9900,?,9,-9900,?,9,24.86,E,8,19.78,E,8,75.0,E,8,1008.6016999999999,E,8,999.0,E,8,0.79,E,8,-9900,?,9,-9900,?,9,0.002,E,8,-9900,?,9,-9900,?,9,0.02,99.0,E,8
03/24/2010,23:00,0.0,1374.489,0.0,1,8,0.0,1,8,0.0,1,8,0.0,1,8,0.0,1,8,0.0,1,8,-0.0,1,8,-9900,?,9,-9900,?,9,24.32,E,8,19.61,E,8,73.0,E,8,1008.6016999999999,E,8,999.0,E,8,0.79,E,8,-9900,?,9,-9900,?,9,0.0,E,8,-9900,?,9,-9900,?,9,0.0,0.0,E,8
03/24/2010,24:00,0.0,1374.489,0.0,1,8,0.0,1,8,0.0,1,8,0.0,1,8,0.0,1,8,0.0,1,8,-0.0,1,8,-9900,?,9,-9900,?,9,23.78,E,8,20.77,E,8,86.0,E,8,1008.6016999999999,E,8,999.0,E,8,0.72,E,8,-9900,?,9,-9900,?,9,0.001,E,8,-9900,?,9,-9900,?,9,0.01,99.0,E,8
03/25/2010,01:00,0.0,1374.489,0.0,1,8,0.0,1,8,0.0,1,8,0.0,1,8,0.0,1,8,0.0,1,8,-0.0,1,8,-9900,?,9,-9900,?,9,23.52,E,8,20.72,E,8,87.0,E,8,1008.6016999999999,E,8,999.0,E,8,0.72,E,8,-9900,?,9,-9900,?,9,0.005,E,8,-9900,?,9,-9900,?,9,0.05,99.0,E,8
03/25/2010,02:00,0.0,1374.489,0.0,1,8,0.0,1,8,0.0,1,8,0.0,1,8,0.0,1,8,0.0,1,8,-0.0,1,8,-9900,?,9,-9900,?,9,23.25,E,8,20.67,E,8,83.0,E,8,1008.6016999999999,E,8,999.0,E,8,0.72,E,8,-9900,?,9,-9900,?,9,0.0,E,8,-9900,?,9,-9900,?,9,0.0,0.0,E,8
03/25/2010,03:00,0.0,1374.489,0.0,1,8,0.0,1,8,0.0,1,8,0.0,1,8,0.0,1,8,0.0,1,8,-0.0,1,8,-9900,?,9,-9900,?,9,22.98,E,8,20.61,E,8,84.0,E,8,1008.6016999999999,E,8,999.0,E,8,0.72,E,8,-9900,?,9,-9900,?,9,0.0,E,8,-9900,?,9,-9900,?,9,0.0,0.0,E,8
03/25/2010,04:00,0.0,1373.685,0.0,1,8,0.0,1,8,0.0,1,8,0.0,1,8,0.0,1,8,0.0,1,8,-0.0,1,8,-9900,?,9,-9900,?,9,22.71,E,8,20.56,E,8,90.0,E,8,1008.6016999999999,E,8,999.0,E,8,0.72,E,8,-9900,?,9,-9900,?,9,0.003,E,8,-9900,?,9,-9900,?,9,0.03,99.0,E,8
03/25/2010,05:00,0.0,1373.685,0.0,1,8,0.0,1,8,0.0,1,8,0.0,1,8,0.0,1,8,0.0,1,8,-0.0,1,8,-9900,?,9,-9900,?,9,22.45,E,8,20.51,E,8,91.0,E,8,1008.6016999999999,E,8,999.0,E,8,0.72,E,8,-9900,?,9,-9900,?,9,0.001,E,8,-9900,?,9,-9900,?,9,0.01,99.0,E,8
03/25/2010,06:00,0.0,1373.685,0.0,1,8,0.0,1,8,0.0,1,8,0.0,1,8,0.0,1,8,0.0,1,8,-0.0,1,8,-9900,?,9,-9900,?,9,22.24,E,8,20.47,E,8,87.0,E,8,1008.6016999999999,E,8,999.0,E,8,0.72,E,8,-9900,?,9,-9900,?,9,0.0,E,8,-9900,?,9,-9900,?,9,0.0,0.0,E,8
03/25/2010,07:00,194.105,1373.685,1.44,1,8,0.0,1,8,1.44,1,8,172.8,1,8,0.0,1,8,158.4,1,8,3.288,1,8,-9900,?,9,-9900,?,9,22.06,E,8,20.43,E,8,88.0,E,8,1008.6016999999999,E,8,999.0,E,8,0.72,E,8,-9900,?,9,-9900,?,9,0.0,E,8,-9900,?,9,-9900,?,9,0.0,0.0,E,8
03/25/2010,08:00,512.434,1373.685,161.58,1,8,49.561,1,8,143.125,1,8,19389.6,1,8,4708.34,1,8,15743.752,1,8,122.348,1,8,-9900,?,9,-9900,?,9,21.88,E,8,20.4,E,8,88.0,E,8,1008.6016999999999,E,8,999.0,E,8,0.89,E,8,-9900,?,9,-9900,?,9,0.0,E,8,-9900,?,9,-9900,?,9,0.0,0.0,E,8
03/25/2010,09:00,796.07,1373.685,387.88,1,8,215.536,1,8,263.046,1,8,46545.6,1,8,20475.958,1,8,28935.05,1,8,144.567,1,8,-9900,?,9,-9900,?,9,25.31,E,8,21.06,E,8,76.0,E,8,1008.6016999999999,E,8,999.0,E,8,1.21,E,8,-9900,?,9,-9900,?,9,0.0,E,8,-9900,?,9,-9900,?,9,0.0,0.0,E,8
03/25/2010,10:00,1024.656,1373.685,588.26,1,8,354.616,1,8,323.808,1,8,70591.2,1,8,33688.514,1,8,35618.827,1,8,138.213,1,8,-9900,?,9,-9900,?,9,26.61,E,8,21.3,E,8,71.0,E,8,1008.6016999999999,E,8,999.0,E,8,1.74,E,8,-9900,?,9,-9900,?,9,0.0,E,8,-9900,?,9,-9900,?,9,0.0,0.0,E,8
03/25/2010,11:00,1182.446,1373.685,762.83,1,8,512.578,1,8,321.656,1,8,91539.6,1,8,48694.914,1,8,35382.2,1,8,118.958,1,8,-9900,?,9,-9900,?,9,27.81,E,8,21.53,E,8,68.0,E,8,1008.6016999999999,E,8,999.0,E,8,2.25,E,8,-9900,?,9,-9900,?,9,0.0,E,8,-9900,?,9,-9900,?,9,0.0,0.0,E,8
03/25/2010,12:00,1258.628,1373.685,865.55,1,8,619.945,1,8,297.562,1,8,103866.0,1,8,58894.821,1,8,32731.807,1,8,103.381,1,8,-9900,?,9,-9900,?,9,28.78,E,8,21.7,E,8,65.0,E,8,1008.6016999999999,E,8,999.0,E,8,3.0,E,8,-9900,?,9,-9900,?,9,0.0,E,8,-9900,?,9,-9900,?,9,0.0,0.0,E,8
03/25/2010,13:00,1247.985,1373.685,902.91,1,8,702.252,1,8,264.958,1,8,108349.2,1,8,66713.943,1,8,29145.349,1,8,92.839,1,8,-9900,?,9,-9900,?,9,29.51,E,8,21.84,E,8,63.0,E,8,1008.6016999999999,E,8,999.0,E,8,3.43,E,8,-9900,?,9,-9900,?,9,0.0,E,8,-9900,?,9,-9900,?,9,0.0,0.0,E,8
03/25/2010,14:00,1151.237,1373.685,864.55,1,8,888.561,1,8,119.971,1,8,103746.0,1,8,84413.327,1,8,13196.786,1,8,45.572,1,8,-9900,?,9,-9900,?,9,29.96,E,8,21.92,E,8,62.0,E,8,1008.6016999999999,E,8,999.0,E,8,3.83,E,8,-9900,?,9,-9900,?,9,0.0,E,8,-9900,?,9,-9900,?,9,0.0,0.0,E,8
03/25/2010,15:00,974.992,1373.685,735.26,1,8,963.369,1,8,51.693,1,8,88231.2,1,8,91520.06,1,8,5686.275,1,8,23.19,1,8,-9900,?,9,-9900,?,9,30.09,E,8,21.94,E,8,61.0,E,8,1008.6016999999999,E,8,999.0,E,8,4.0,E,8,-9900,?,9,-9900,?,9,0.0,E,8,-9900,?,9,-9900,?,9,0.0,0.0,E,8
03/25/2010,16:00,731.316,1373.685,545.58,1,8,804.308,1,8,117.703,1,8,65469.6,1,8,76409.3,1,8,12947.31,1,8,70.427,1,8,-9900,?,9,-9900,?,9,29.83,E,8,21.89,E,8,62.0,E,8,1008.6016999999999,E,8,999.0,E,8,3.88,E,8,-9900,?,9,-9900,?,9,0.0,E,8,-9900,?,9,-9900,?,9,0.0,0.0,E,8
03/25/2010,17:00,437.036,1373.685,320.04,1,8,484.036,1,8,166.44,1,8,38404.8,1,8,45983.386,1,8,18308.396,1,8,166.953,1,8,-9900,?,9,-9900,?,9,29.14,E,8,21.77,E,8,64.0,E,8,1008.6016999999999,E,8,999.0,E,8,3.49,E,8,-9900,?,9,-9900,?,9,0.0,E,8,-9900,?,9,-9900,?,9,0.0,0.0,E,8
03/25/2010,18:00,114.305,1373.685,103.71,1,8,242.271,1,8,84.27,1,8,12445.2,1,8,23015.726,1,8,9269.735,1,8,334.3,1,8,-9900,?,9,-9900,?,9,28.15,E,8,21.59,E,8,71.0,E,8,1008.6016999999999,E,8,999.0,E,8,2.83,E,8,-9900,?,9,-9900,?,9,0.008,E,8,-9900,?,9,-9900,?,9,0.08,99.0,E,8
03/25/2010,19:00,0.0,1373.685,0.0,1,8,0.0,1,8,0.0,1,8,0.0,1,8,0.0,1,8,0.0,1,8,-0.0,1,8,-9900,?,9,-9900,?,9,27.46,E,8,21.46,E,8,73.0,E,8,1008.6016999999999,E,8,999.0,E,8,1.97,E,8,-9900,?,9,-9900,?,9,0.002,E,8,-9900,?,9,-9900,?,9,0.02,99.0,E,8
03/25/2010,20:00,0.0,1373.685,0.0,1,8,0.0,1,8,0.0,1,8,0.0,1,8,0.0,1,8,0.0,1,8,-0.0,1,8,-9900,?,9,-9900,?,9,26.76,E,8,21.33,E,8,75.0,E,8,1008.6016999999999,E,8,999.0,E,8,1.37,E,8,-9900,?,9,-9900,?,9,0.012,E,8,-9900,?,9,-9900,?,9,0.12,99.0,E,8
03/25/2010,21:00,0.0,1373.685,0.0,1,8,0.0,1,8,0.0,1,8,0.0,1,8,0.0,1,8,0.0,1,8,-0.0,1,8,-9900,?,9,-9900,?,9,26.07,E,8,21.2,E,8,78.0,E,8,1008.6016999999999,E,8,999.0,E,8,0.72,E,8,-9900,?,9,-9900,?,9,0.004,E,8,-9900,?,9,-9900,?,9,0.04,99.0,E,8
03/25/2010,22:00,0.0,1373.685,0.0,1,8,0.0,1,8,0.0,1,8,0.0,1,8,0.0,1,8,0.0,1,8,-0.0,1,8,-9900,?,9,-9900,?,9,25.38,E,8,21.07,E,8,80.0,E,8,1008.6016999999999,E,8,999.0,E,8,0.72,E,8,-9900,?,9,-9900,?,9,0.023,E,8,-9900,?,9,-9900,?,9,0.23,99.0,E,8
03/25/2010,23:00,0.0,1373.685,0.0,1,8,0.0,1,8,0.0,1,8,0.0,1,8,0.0,1,8,0.0,1,8,-0.0,1,8,-9900,?,9,-9900,?,9,24.68,E,8,20.94,E,8,87.0,E,8,1008.6016999999999,E,8,999.0,E,8,0.72,E,8,-9900,?,9,-9900,?,9,0.341,E,8,-9900,?,9,-9900,?,9,3.41,99.0,E,8
03/25/2010,24:00,0.0,1373.685,0.0,1,8,0.0,1,8,0.0,1,8,0.0,1,8,0.0,1,8,0.0,1,8,-0.0,1,8,-9900,?,9,-9900,?,9,23.99,E,8,22.3,E,8,90.0,E,8,1008.6016999999999,E,8,999.0,E,8,2.09,E,8,-9900,?,9,-9900,?,9,0.01,E,8,-9900,?,9,-9900,?,9,0.1,99.0,E,8
03/26/2010,01:00,0.0,1373.685,0.0,1,8,0.0,1,8,0.0,1,8,0.0,1,8,0.0,1,8,0.0,1,8,-0.0,1,8,-9900,?,9,-9900,?,9,23.64,E,8,22.12,E,8,96.0,E,8,1008.6016999999999,E,8,999.0,E,8,1.84,E,8,-9900,?,9,-9900,?,9,2.149,E,8,-9900,?,9,-9900,?,9,21.49,99.0,E,8
03/26/2010,02:00,0.0,1373.685,0.0,1,8,0.0,1,8,0.0,1,8,0.0,1,8,0.0,1,8,0.0,1,8,-0.0,1,8,-9900,?,9,-9900,?,9,23.3,E,8,21.95,E,8,94.0,E,8,1008.6016999999999,E,8,999.0,E,8,1.84,E,8,-9900,?,9,-9900,?,9,0.174,E,8,-9900,?,9,-9900,?,9,1.74,99.0,E,8
03/26/2010,03:00,0.0,1373.685,0.0,1,8,0.0,1,8,0.0,1,8,0.0,1,8,0.0,1,8,0.0,1,8,-0.0,1,8,-9900,?,9,-9900,?,9,22.95,E,8,21.77,E,8,91.0,E,8,1008.6016999999999,E,8,999.0,E,8,1.84,E,8,-9900,?,9,-9900,?,9,0.052000000000000005,E,8,-9900,?,9,-9900,?,9,0.52,99.0,E,8
03/26/2010,04:00,0.0,1372.879,0.0,1,8,0.0,1,8,0.0,1,8,0.0,1,8,0.0,1,8,0.0,1,8,-0.0,1,8,-9900,?,9,-9900,?,9,22.6,E,8,21.59,E,8,92.0,E,8,1008.6016999999999,E,8,999.0,E,8,1.84,E,8,-9900,?,9,-9900,?,9,0.007000000000000001,E,8,-9900,?,9,-9900,?,9,0.07,99.0,E,8
03/26/2010,05:00,0.0,1372.879,0.0,1,8,0.0,1,8,0.0,1,8,0.0,1,8,0.0,1,8,0.0,1,8,-0.0,1,8,-9900,?,9,-9900,?,9,22.26,E,8,21.41,E,8,92.0,E,8,1008.6016999999999,E,8,999.0,E,8,2.22,E,8,-9900,?,9,-9900,?,9,0.06999999999999999,E,8,-9900,?,9,-9900,?,9,0.7,99.0,E,8
03/26/2010,06:00,0.0,1372.879,0.0,1,8,0.0,1,8,0.0,1,8,0.0,1,8,0.0,1,8,0.0,1,8,-0.0,1,8,-9900,?,9,-9900,?,9,21.99,E,8,21.27,E,8,93.0,E,8,1008.6016999999999,E,8,999.0,E,8,2.45,E,8,-9900,?,9,-9900,?,9,0.017,E,8,-9900,?,9,-9900,?,9,0.17,99.0,E,8
03/26/2010,07:00,192.241,1372.879,0.29,1,8,0.0,1,8,0.29,1,8,34.8,1,8,0.0,1,8,31.9,1,8,0.668,1,8,-9900,?,9,-9900,?,9,21.76,E,8,21.14,E,8,90.0,E,8,1008.6016999999999,E,8,999.0,E,8,2.78,E,8,-9900,?,9,-9900,?,9,0.0,E,8,-9900,?,9,-9900,?,9,0.0,0.0,E,8
03/26/2010,08:00,510.164,1372.879,62.94,1,8,0.0,1,8,62.94,1,8,7552.8,1,8,0.0,1,8,6923.4,1,8,54.012,1,8,-9900,?,9,-9900,?,9,21.53,E,8,21.02,E,8,91.0,E,8,1008.6016999999999,E,8,999.0,E,8,2.54,E,8,-9900,?,9,-9900,?,9,0.0,E,8,-9900,?,9,-9900,?,9,0.0,0.0,E,8
03/26/2010,09:00,793.332,1372.879,151.56,1,8,0.0,1,8,151.56,1,8,18187.2,1,8,0.0,1,8,16671.6,1,8,83.535,1,8,-9900,?,9,-9900,?,9,23.95,E,8,22.28,E,8,87.0,E,8,1008.6016999999999,E,8,999.0,E,8,1.84,E,8,-9900,?,9,-9900,?,9,0.0,E,8,-9900,?,9,-9900,?,9,0.0,0.0,E,8
03/26/2010,10:00,1021.406,1372.879,230.16,1,8,4.698,1,8,226.666,1,8,27619.2,1,8,446.315,1,8,24933.208,1,8,97.0,1,8,-9900,?,9,-9900,?,9,24.88,E,8,22.74,E,8,85.0,E,8,1008.6016999999999,E,8,999.0,E,8,2.2,E,8,-9900,?,9,-9900,?,9,0.0,E,8,-9900,?,9,-9900,?,9,0.0,0.0,E,8
03/26/2010,11:00,1178.674,1372.879,290.11,1,8,16.419,1,8,276.015,1,8,34813.2,1,8,1559.795,1,8,30361.669,1,8,102.345,1,8,-9900,?,9,-9900,?,9,25.68,E,8,23.13,E,8,84.0,E,8,1008.6016999999999,E,8,999.0,E,8,1.87,E,8,-9900,?,9,-9900,?,9,0.0,E,8,-9900,?,9,-9900,?,9,0.0,0.0,E,8
03/26/2010,12:00,1254.36,1372.879,326.51,1,8,19.42,1,8,308.767,1,8,39181.2,1,8,1844.936,1,8,33964.39,1,8,107.576,1,8,-9900,?,9,-9900,?,9,26.32,E,8,23.44,E,8,86.0,E,8,1008.6016999999999,E,8,999.0,E,8,1.84,E,8,-9900,?,9,-9900,?,9,0.001,E,8,-9900,?,9,-9900,?,9,0.01,99.0,E,8
03/26/2010,13:00,1243.283,1372.879,336.63,1,8,21.107,1,8,317.516,1,8,40395.6,1,8,2005.193,1,8,34926.805,1,8,111.611,1,8,-9900,?,9,-9900,?,9,26.79,E,8,23.66,E,8,82.0,E,8,1008.6016999999999,E,8,999.0,E,8,1.84,E,8,-9900,?,9,-9900,?,9,0.0,E,8,-9900,?,9,-9900,?,9,0.0,0.0,E,8
03/26/2010,14:00,1146.191,1372.879,319.7,1,8,22.143,1,8,301.216,1,8,38364.0,1,8,2103.56,1,8,33133.738,1,8,114.857,1,8,-9900,?,9,-9900,?,9,27.07,E,8,23.79,E,8,82.0,E,8,1008.6016999999999,E,8,999.0,E,8,1.84,E,8,-9900,?,9,-9900,?,9,0.0,E,8,-9900,?,9,-9900,?,9,0.0,0.0,E,8
03/26/2010,15:00,969.716,1372.879,276.98,1,8,11.686,1,8,268.728,1,8,33237.6,1,8,1110.166,1,8,29560.101,1,8,121.138,1,8,-9900,?,9,-9900,?,9,27.16,E,8,23.83,E,8,85.0,E,8,1008.6016999999999,E,8,999.0,E,8,1.84,E,8,-9900,?,9,-9900,?,9,0.002,E,8,-9900,?,9,-9900,?,9,0.02,99.0,E,8
03/26/2010,16:00,725.943,1372.879,211.73,1,8,9.344,1,8,206.793,1,8,25407.6,1,8,887.652,1,8,22747.232,1,8,124.579,1,8,-9900,?,9,-9900,?,9,27.0,E,8,23.76,E,8,85.0,E,8,1008.6016999999999,E,8,999.0,E,8,1.84,E,8,-9900,?,9,-9900,?,9,0.001,E,8,-9900,?,9,-9900,?,9,0.01,99.0,E,8
03/26/2010,17:00,431.709,1372.879,129.5,1,8,61.638,1,8,110.169,1,8,15540.0,1,8,5855.648,1,8,12118.537,1,8,111.813,1,8,-9900,?,9,-9900,?,9,26.56,E,8,23.55,E,8,85.0,E,8,1008.6016999999999,E,8,999.0,E,8,1.84,E,8,-9900,?,9,-9900,?,9,0.013000000000000001,E,8,-9900,?,9,-9900,?,9,0.13,99.0,E,8
03/26/2010,18:00,109.276,1372.879,41.06,1,8,77.889,1,8,35.1,1,8,4927.2,1,8,7399.472,1,8,3860.985,1,8,146.008,1,8,-9900,?,9,-9900,?,9,25.88,E,8,23.23,E,8,87.0,E,8,1008.6016999999999,E,8,999.0,E,8,1.84,E,8,-9900,?,9,-9900,?,9,0.005,E,8,-9900,?,9,-9900,?,9,0.05,99.0,E,8
03/26/2010,19:00,0.0,1372.879,0.0,1,8,0.0,1,8,0.0,1,8,0.0,1,8,0.0,1,8,0.0,1,8,-0.0,1,8,-9900,?,9,-9900,?,9,25.41,E,8,23.0,E,8,87.0,E,8,1008.6016999999999,E,8,999.0,E,8,1.84,E,8,-9900,?,9,-9900,?,9,0.004,E,8,-9900,?,9,-9900,?,9,0.04,99.0,E,8
03/26/2010,20:00,0.0,1372.879,0.0,1,8,0.0,1,8,0.0,1,8,0.0,1,8,0.0,1,8,0.0,1,8,-0.0,1,8,-9900,?,9,-9900,?,9,24.95,E,8,22.78,E,8,91.0,E,8,1008.6016999999999,E,8,999.0,E,8,1.84,E,8,-9900,?,9,-9900,?,9,0.10200000000000001,E,8,-9900,?,9,-9900,?,9,1.02,99.0,E,8
03/26/2010,21:00,0.0,1372.879,0.0,1,8,0.0,1,8,0.0,1,8,0.0,1,8,0.0,1,8,0.0,1,8,-0.0,1,8,-9900,?,9,-9900,?,9,24.48,E,8,22.55,E,8,89.0,E,8,1008.6016999999999,E,8,999.0,E,8,1.84,E,8,-9900,?,9,-9900,?,9,0.03,E,8,-9900,?,9,-9900,?,9,0.3,99.0,E,8
03/26/2010,22:00,0.0,1372.879,0.0,1,8,0.0,1,8,0.0,1,8,0.0,1,8,0.0,1,8,0.0,1,8,-0.0,1,8,-9900,?,9,-9900,?,9,24.01,E,8,22.31,E,8,90.0,E,8,1008.6016999999999,E,8,999.0,E,8,1.84,E,8,-9900,?,9,-9900,?,9,0.023,E,8,-9900,?,9,-9900,?,9,0.23,99.0,E,8
03/26/2010,23:00,0.0,1372.879,0.0,1,8,0.0,1,8,0.0,1,8,0.0,1,8,0.0,1,8,0.0,1,8,-0.0,1,8,-9900,?,9,-9900,?,9,23.55,E,8,22.08,E,8,90.0,E,8,1008.6016999999999,E,8,999.0,E,8,1.84,E,8,-9900,?,9,-9900,?,9,0.039,E,8,-9900,?,9,-9900,?,9,0.39,99.0,E,8
03/26/2010,24:00,0.0,1372.879,0.0,1,8,0.0,1,8,0.0,1,8,0.0,1,8,0.0,1,8,0.0,1,8,-0.0,1,8,-9900,?,9,-9900,?,9,23.08,E,8,21.51,E,8,92.0,E,8,1008.6016999999999,E,8,999.0,E,8,1.4,E,8,-9900,?,9,-9900,?,9,0.056999999999999995,E,8,-9900,?,9,-9900,?,9,0.57,99.0,E,8
03/27/2010,01:00,0.0,1372.879,0.0,1,8,0.0,1,8,0.0,1,8,0.0,1,8,0.0,1,8,0.0,1,8,-0.0,1,8,-9900,?,9,-9900,?,9,22.85,E,8,21.43,E,8,92.0,E,8,1008.6016999999999,E,8,999.0,E,8,1.4,E,8,-9900,?,9,-9900,?,9,0.006,E,8,-9900,?,9,-9900,?,9,0.06,99.0,E,8
03/27/2010,02:00,0.0,1372.879,0.0,1,8,0.0,1,8,0.0,1,8,0.0,1,8,0.0,1,8,0.0,1,8,-0.0,1,8,-9900,?,9,-9900,?,9,22.62,E,8,21.35,E,8,93.0,E,8,1008.6016999999999,E,8,999.0,E,8,1.4,E,8,-9900,?,9,-9900,?,9,0.011,E,8,-9900,?,9,-9900,?,9,0.11,99.0,E,8
03/27/2010,03:00,0.0,1372.879,0.0,1,8,0.0,1,8,0.0,1,8,0.0,1,8,0.0,1,8,0.0,1,8,-0.0,1,8,-9900,?,9,-9900,?,9,22.38,E,8,21.27,E,8,94.0,E,8,1008.6016999999999,E,8,999.0,E,8,1.4,E,8,-9900,?,9,-9900,?,9,0.004,E,8,-9900,?,9,-9900,?,9,0.04,99.0,E,8
03/27/2010,04:00,0.0,1372.072,0.0,1,8,0.0,1,8,0.0,1,8,0.0,1,8,0.0,1,8,0.0,1,8,-0.0,1,8,-9900,?,9,-9900,?,9,22.15,E,8,21.19,E,8,90.0,E,8,1008.6016999999999,E,8,999.0,E,8,1.4,E,8,-9900,?,9,-9900,?,9,0.0,E,8,-9900,?,9,-9900,?,9,0.0,0.0,E,8
03/27/2010,05:00,0.0,1372.072,0.0,1,8,0.0,1,8,0.0,1,8,0.0,1,8,0.0,1,8,0.0,1,8,-0.0,1,8,-9900,?,9,-9900,?,9,21.92,E,8,21.1,E,8,95.0,E,8,1008.6016999999999,E,8,999.0,E,8,1.4,E,8,-9900,?,9,-9900,?,9,0.002,E,8,-9900,?,9,-9900,?,9,0.02,99.0,E,8
03/27/2010,06:00,0.0,1372.072,0.0,1,8,0.0,1,8,0.0,1,8,0.0,1,8,0.0,1,8,0.0,1,8,-0.0,1,8,-9900,?,9,-9900,?,9,21.74,E,8,21.04,E,8,96.0,E,8,1008.6016999999999,E,8,999.0,E,8,1.4,E,8,-9900,?,9,-9900,?,9,0.003,E,8,-9900,?,9,-9900,?,9,0.03,99.0,E,8
03/27/2010,07:00,190.379,1372.072,0.46,1,8,0.0,1,8,0.46,1,8,55.2,1,8,0.0,1,8,50.6,1,8,1.07,1,8,-9900,?,9,-9900,?,9,21.58,E,8,20.98,E,8,92.0,E,8,1008.6016999999999,E,8,999.0,E,8,1.4,E,8,-9900,?,9,-9900,?,9,0.0,E,8,-9900,?,9,-9900,?,9,0.0,0.0,E,8
03/27/2010,08:00,507.88,1372.072,108.08,1,8,0.0,1,8,108.08,1,8,12969.6,1,8,0.0,1,8,11888.8,1,8,93.112,1,8,-9900,?,9,-9900,?,9,21.43,E,8,20.93,E,8,96.0,E,8,1008.6016999999999,E,8,999.0,E,8,1.4,E,8,-9900,?,9,-9900,?,9,0.015,E,8,-9900,?,9,-9900,?,9,0.15,99.0,E,8
03/27/2010,09:00,790.565,1372.072,261.12,1,8,33.998,1,8,241.543,1,8,31334.4,1,8,3229.764,1,8,26569.701,1,8,133.518,1,8,-9900,?,9,-9900,?,9,23.88,E,8,21.79,E,8,89.0,E,8,1008.6016999999999,E,8,999.0,E,8,1.4,E,8,-9900,?,9,-9900,?,9,0.099,E,8,-9900,?,9,-9900,?,9,0.99,99.0,E,8
03/27/2010,10:00,1018.116,1372.072,396.81,1,8,60.601,1,8,351.853,1,8,47617.2,1,8,5757.054,1,8,38703.878,1,8,150.972,1,8,-9900,?,9,-9900,?,9,24.82,E,8,22.1,E,8,83.0,E,8,1008.6016999999999,E,8,999.0,E,8,1.4,E,8,-9900,?,9,-9900,?,9,0.0,E,8,-9900,?,9,-9900,?,9,0.0,0.0,E,8
03/27/2010,11:00,1174.855,1372.072,500.22,1,8,74.902,1,8,436.091,1,8,60026.4,1,8,7115.668,1,8,47970.03,1,8,162.131,1,8,-9900,?,9,-9900,?,9,25.64,E,8,22.38,E,8,81.0,E,8,1008.6016999999999,E,8,999.0,E,8,1.4,E,8,-9900,?,9,-9900,?,9,0.0,E,8,-9900,?,9,-9900,?,9,0.0,0.0,E,8
03/27/2010,12:00,1250.043,1372.072,562.92,1,8,73.067,1,8,496.355,1,8,67550.4,1,8,6941.365,1,8,54599.091,1,8,173.429,1,8,-9900,?,9,-9900,?,9,26.29,E,8,22.59,E,8,79.0,E,8,1008.6016999999999,E,8,999.0,E,8,1.91,E,8,-9900,?,9,-9900,?,9,0.0,E,8,-9900,?,9,-9900,?,9,0.0,0.0,E,8
03/27/2010,13:00,1238.532,1372.072,580.17,1,8,105.169,1,8,485.243,1,8,69620.4,1,8,9991.046,1,8,53376.751,1,8,171.123,1,8,-9900,?,9,-9900,?,9,26.77,E,8,22.75,E,8,78.0,E,8,1008.6016999999999,E,8,999.0,E,8,2.75,E,8,-9900,?,9,-9900,?,9,0.0,E,8,-9900,?,9,-9900,?,9,0.0,0.0,E,8
03/27/2010,14:00,1141.101,1372.072,550.67,1,8,127.095,1,8,444.984,1,8,66080.4,1,8,12073.996,1,8,48948.229,1,8,170.335,1,8,-9900,?,9,-9900,?,9,27.05,E,8,22.84,E,8,77.0,E,8,1008.6016999999999,E,8,999.0,E,8,2.75,E,8,-9900,?,9,-9900,?,9,0.0,E,8,-9900,?,9,-9900,?,9,0.0,0.0,E,8
03/27/2010,15:00,964.406,1372.072,476.63,1,8,131.291,1,8,384.375,1,8,57195.6,1,8,12472.653,1,8,42281.303,1,8,174.122,1,8,-9900,?,9,-9900,?,9,27.14,E,8,22.87,E,8,77.0,E,8,1008.6016999999999,E,8,999.0,E,8,2.98,E,8,-9900,?,9,-9900,?,9,0.0,E,8,-9900,?,9,-9900,?,9,0.0,0.0,E,8
03/27/2010,16:00,720.547,1372.072,363.69,1,8,233.309,1,8,241.261,1,8,43642.8,1,8,22164.373,1,8,26538.742,1,8,146.348,1,8,-9900,?,9,-9900,?,9,26.97,E,8,22.81,E,8,77.0,E,8,1008.6016999999999,E,8,999.0,E,8,3.05,E,8,-9900,?,9,-9900,?,9,0.0,E,8,-9900,?,9,-9900,?,9,0.0,0.0,E,8
03/27/2010,17:00,426.373,1372.072,221.47,1,8,338.619,1,8,116.528,1,8,26576.4,1,8,32168.83,1,8,12818.069,1,8,119.686,1,8,-9900,?,9,-9900,?,9,26.52,E,8,22.67,E,8,79.0,E,8,1008.6016999999999,E,8,999.0,E,8,2.59,E,8,-9900,?,9,-9900,?,9,0.0,E,8,-9900,?,9,-9900,?,9,0.0,0.0,E,8
03/27/2010,18:00,104.263,1372.072,68.88,1,8,176.85,1,8,56.005,1,8,8265.6,1,8,16800.763,1,8,6160.527,1,8,244.865,1,8,-9900,?,9,-9900,?,9,25.83,E,8,22.44,E,8,84.0,E,8,1008.6016999999999,E,8,999.0,E,8,1.97,E,8,-9900,?,9,-9900,?,9,0.001,E,8,-9900,?,9,-9900,?,9,0.01,99.0,E,8
03/27/2010,19:00,0.0,1372.072,0.0,1,8,0.0,1,8,0.0,1,8,0.0,1,8,0.0,1,8,0.0,1,8,-0.0,1,8,-9900,?,9,-9900,?,9,25.34,E,8,22.28,E,8,86.0,E,8,1008.6016999999999,E,8,999.0,E,8,1.4,E,8,-9900,?,9,-9900,?,9,0.02,E,8,-9900,?,9,-9900,?,9,0.2,99.0,E,8
03/27/2010,20:00,0.0,1372.072,0.0,1,8,0.0,1,8,0.0,1,8,0.0,1,8,0.0,1,8,0.0,1,8,-0.0,1,8,-9900,?,9,-9900,?,9,24.84,E,8,22.11,E,8,87.0,E,8,1008.6016999999999,E,8,999.0,E,8,1.4,E,8,-9900,?,9,-9900,?,9,0.027000000000000003,E,8,-9900,?,9,-9900,?,9,0.27,99.0,E,8
03/27/2010,21:00,0.0,1372.072,0.0,1,8,0.0,1,8,0.0,1,8,0.0,1,8,0.0,1,8,0.0,1,8,-0.0,1,8,-9900,?,9,-9900,?,9,24.35,E,8,21.95,E,8,96.0,E,8,1008.6016999999999,E,8,999.0,E,8,1.4,E,8,-9900,?,9,-9900,?,9,1.309,E,8,-9900,?,9,-9900,?,9,13.09,99.0,E,8
03/27/2010,22:00,0.0,1372.072,0.0,1,8,0.0,1,8,0.0,1,8,0.0,1,8,0.0,1,8,0.0,1,8,-0.0,1,8,-9900,?,9,-9900,?,9,23.86,E,8,21.78,E,8,89.0,E,8,1008.6016999999999,E,8,999.0,E,8,1.4,E,8,-9900,?,9,-9900,?,9,0.038,E,8,-9900,?,9,-9900,?,9,0.38,99.0,E,8
03/27/2010,23:00,0.0,1372.072,0.0,1,8,0.0,1,8,0.0,1,8,0.0,1,8,0.0,1,8,0.0,1,8,-0.0,1,8,-9900,?,9,-9900,?,9,23.36,E,8,21.61,E,8,91.0,E,8,1008.6016999999999,E,8,999.0,E,8,1.4,E,8,-9900,?,9,-9900,?,9,0.008,E,8,-9900,?,9,-9900,?,9,0.08,99.0,E,8
03/27/2010,24:00,0.0,1372.072,0.0,1,8,0.0,1,8,0.0,1,8,0.0,1,8,0.0,1,8,0.0,1,8,-0.0,1,8,-9900,?,9,-9900,?,9,22.87,E,8,20.74,E,8,85.0,E,8,1008.6016999999999,E,8,999.0,E,8,0.92,E,8,-9900,?,9,-9900,?,9,0.006,E,8,-9900,?,9,-9900,?,9,0.06,99.0,E,8
03/28/2010,01:00,0.0,1372.072,0.0,1,8,0.0,1,8,0.0,1,8,0.0,1,8,0.0,1,8,0.0,1,8,-0.0,1,8,-9900,?,9,-9900,?,9,22.62,E,8,20.66,E,8,82.0,E,8,1008.6016999999999,E,8,999.0,E,8,0.92,E,8,-9900,?,9,-9900,?,9,0.0,E,8,-9900,?,9,-9900,?,9,0.0,0.0,E,8
03/28/2010,02:00,0.0,1372.072,0.0,1,8,0.0,1,8,0.0,1,8,0.0,1,8,0.0,1,8,0.0,1,8,-0.0,1,8,-9900,?,9,-9900,?,9,22.38,E,8,20.58,E,8,86.0,E,8,1008.6016999999999,E,8,999.0,E,8,0.92,E,8,-9900,?,9,-9900,?,9,0.003,E,8,-9900,?,9,-9900,?,9,0.03,99.0,E,8
03/28/2010,03:00,0.0,1372.072,0.0,1,8,0.0,1,8,0.0,1,8,0.0,1,8,0.0,1,8,0.0,1,8,-0.0,1,8,-9900,?,9,-9900,?,9,22.13,E,8,20.49,E,8,87.0,E,8,1008.6016999999999,E,8,999.0,E,8,0.92,E,8,-9900,?,9,-9900,?,9,0.019,E,8,-9900,?,9,-9900,?,9,0.19,99.0,E,8
03/28/2010,04:00,0.0,1371.264,0.0,1,8,0.0,1,8,0.0,1,8,0.0,1,8,0.0,1,8,0.0,1,8,-0.0,1,8,-9900,?,9,-9900,?,9,21.88,E,8,20.41,E,8,94.0,E,8,1008.6016999999999,E,8,999.0,E,8,0.92,E,8,-9900,?,9,-9900,?,9,0.512,E,8,-9900,?,9,-9900,?,9,5.12,99.0,E,8
03/28/2010,05:00,0.0,1371.264,0.0,1,8,0.0,1,8,0.0,1,8,0.0,1,8,0.0,1,8,0.0,1,8,-0.0,1,8,-9900,?,9,-9900,?,9,21.64,E,8,20.33,E,8,88.0,E,8,1008.6016999999999,E,8,999.0,E,8,0.92,E,8,-9900,?,9,-9900,?,9,0.002,E,8,-9900,?,9,-9900,?,9,0.02,99.0,E,8
03/28/2010,06:00,0.0,1371.264,0.0,1,8,0.0,1,8,0.0,1,8,0.0,1,8,0.0,1,8,0.0,1,8,-0.0,1,8,-9900,?,9,-9900,?,9,21.45,E,8,20.26,E,8,88.0,E,8,1008.6016999999999,E,8,999.0,E,8,0.92,E,8,-9900,?,9,-9900,?,9,0.034,E,8,-9900,?,9,-9900,?,9,0.34,99.0,E,8
03/28/2010,07:00,188.518,1371.264,0.48,1,8,0.0,1,8,0.48,1,8,57.6,1,8,0.0,1,8,52.8,1,8,1.127,1,8,-9900,?,9,-9900,?,9,21.28,E,8,20.21,E,8,86.0,E,8,1008.6016999999999,E,8,999.0,E,8,0.92,E,8,-9900,?,9,-9900,?,9,0.0,E,8,-9900,?,9,-9900,?,9,0.0,0.0,E,8
03/28/2010,08:00,505.581,1371.264,127.22,1,8,3.872,1,8,125.795,1,8,15266.4,1,8,367.864,1,8,13837.444,1,8,108.804,1,8,-9900,?,9,-9900,?,9,21.12,E,8,20.15,E,8,86.0,E,8,1008.6016999999999,E,8,999.0,E,8,0.92,E,8,-9900,?,9,-9900,?,9,0.0,E,8,-9900,?,9,-9900,?,9,0.0,0.0,E,8
03/28/2010,09:00,787.771,1371.264,308.39,1,8,89.982,1,8,256.727,1,8,37006.8,1,8,8548.303,1,8,28240.007,1,8,142.332,1,8,-9900,?,9,-9900,?,9,23.87,E,8,21.07,E,8,80.0,E,8,1008.6016999999999,E,8,999.0,E,8,0.92,E,8,-9900,?,9,-9900,?,9,0.0,E,8,-9900,?,9,-9900,?,9,0.0,0.0,E,8
03/28/2010,10:00,1014.788,1371.264,468.97,1,8,121.215,1,8,379.288,1,8,56276.4,1,8,11515.47,1,8,41721.641,1,8,163.181,1,8,-9900,?,9,-9900,?,9,24.93,E,8,21.41,E,8,77.0,E,8,1008.6016999999999,E,8,999.0,E,8,1.27,E,8,-9900,?,9,-9900,?,9,0.0,E,8,-9900,?,9,-9900,?,9,0.0,0.0,E,8
03/28/2010,11:00,1170.991,1371.264,591.27,1,8,148.669,1,8,464.328,1,8,70952.4,1,8,14123.532,1,8,51076.09,1,8,173.097,1,8,-9900,?,9,-9900,?,9,25.85,E,8,21.7,E,8,76.0,E,8,1008.6016999999999,E,8,999.0,E,8,1.93,E,8,-9900,?,9,-9900,?,9,0.0,E,8,-9900,?,9,-9900,?,9,0.0,0.0,E,8
03/28/2010,12:00,1245.678,1371.264,665.29,1,8,144.756,1,8,533.799,1,8,79834.8,1,8,13751.828,1,8,58717.938,1,8,187.055,1,8,-9900,?,9,-9900,?,9,26.58,E,8,21.93,E,8,74.0,E,8,1008.6016999999999,E,8,999.0,E,8,2.46,E,8,-9900,?,9,-9900,?,9,0.0,E,8,-9900,?,9,-9900,?,9,0.0,0.0,E,8
03/28/2010,13:00,1233.734,1371.264,685.44,1,8,283.427,1,8,430.457,1,8,82252.8,1,8,26925.548,1,8,47350.25,1,8,152.303,1,8,-9900,?,9,-9900,?,9,27.11,E,8,22.1,E,8,73.0,E,8,1008.6016999999999,E,8,999.0,E,8,2.99,E,8,-9900,?,9,-9900,?,9,0.0,E,8,-9900,?,9,-9900,?,9,0.0,0.0,E,8
03/28/2010,14:00,1135.97,1371.264,650.22,1,8,337.961,1,8,370.287,1,8,78026.4,1,8,32106.324,1,8,40731.552,1,8,142.299,1,8,-9900,?,9,-9900,?,9,27.43,E,8,22.19,E,8,73.0,E,8,1008.6016999999999,E,8,999.0,E,8,3.79,E,8,-9900,?,9,-9900,?,9,0.0,E,8,-9900,?,9,-9900,?,9,0.0,0.0,E,8
03/28/2010,15:00,959.063,1371.264,562.24,1,8,398.957,1,8,283.295,1,8,67468.8,1,8,37900.913,1,8,31162.418,1,8,128.972,1,8,-9900,?,9,-9900,?,9,27.53,E,8,22.22,E,8,72.0,E,8,1008.6016999999999,E,8,999.0,E,8,4.25,E,8,-9900,?,9,-9900,?,9,0.0,E,8,-9900,?,9,-9900,?,9,0.0,0.0,E,8
03/28/2010,16:00,715.131,1371.264,428.23,1,8,485.769,1,8,175.094,1,8,51387.6,1,8,46148.069,1,8,19260.339,1,8,106.954,1,8,-9900,?,9,-9900,?,9,27.34,E,8,22.17,E,8,73.0,E,8,1008.6016999999999,E,8,999.0,E,8,3.78,E,8,-9900,?,9,-9900,?,9,0.0,E,8,-9900,?,9,-9900,?,9,0.0,0.0,E,8
03/28/2010,17:00,421.033,1371.264,259.63,1,8,485.929,1,8,110.844,1,8,31155.6,1,8,46163.248,1,8,12192.867,1,8,115.232,1,8,-9900,?,9,-9900,?,9,26.83,E,8,22.01,E,8,74.0,E,8,1008.6016999999999,E,8,999.0,E,8,3.16,E,8,-9900,?,9,-9900,?,9,0.0,E,8,-9900,?,9,-9900,?,9,0.0,0.0,E,8
03/28/2010,18:00,99.271,1371.264,79.14,1,8,211.866,1,8,64.502,1,8,9496.8,1,8,20127.307,1,8,7095.271,1,8,297.181,1,8,-9900,?,9,-9900,?,9,26.06,E,8,21.77,E,8,78.0,E,8,1008.6016999999999,E,8,999.0,E,8,2.27,E,8,-9900,?,9,-9900,?,9,0.008,E,8,-9900,?,9,-9900,?,9,0.08,99.0,E,8
03/28/2010,19:00,0.0,1371.264,0.0,1,8,0.0,1,8,0.0,1,8,0.0,1,8,0.0,1,8,0.0,1,8,-0.0,1,8,-9900,?,9,-9900,?,9,25.58,E,8,21.62,E,8,79.0,E,8,1008.6016999999999,E,8,999.0,E,8,1.92,E,8,-9900,?,9,-9900,?,9,0.012,E,8,-9900,?,9,-9900,?,9,0.12,99.0,E,8
03/28/2010,20:00,0.0,1371.264,0.0,1,8,0.0,1,8,0.0,1,8,0.0,1,8,0.0,1,8,0.0,1,8,-0.0,1,8,-9900,?,9,-9900,?,9,25.1,E,8,21.47,E,8,80.0,E,8,1008.6016999999999,E,8,999.0,E,8,1.82,E,8,-9900,?,9,-9900,?,9,0.004,E,8,-9900,?,9,-9900,?,9,0.04,99.0,E,8
03/28/2010,21:00,0.0,1371.264,0.0,1,8,0.0,1,8,0.0,1,8,0.0,1,8,0.0,1,8,0.0,1,8,-0.0,1,8,-9900,?,9,-9900,?,9,24.62,E,8,21.31,E,8,81.0,E,8,1008.6016999999999,E,8,999.0,E,8,0.99,E,8,-9900,?,9,-9900,?,9,0.001,E,8,-9900,?,9,-9900,?,9,0.01,99.0,E,8
03/28/2010,22:00,0.0,1371.264,0.0,1,8,0.0,1,8,0.0,1,8,0.0,1,8,0.0,1,8,0.0,1,8,-0.0,1,8,-9900,?,9,-9900,?,9,24.13,E,8,21.16,E,8,79.0,E,8,1008.6016999999999,E,8,999.0,E,8,0.92,E,8,-9900,?,9,-9900,?,9,0.0,E,8,-9900,?,9,-9900,?,9,0.0,0.0,E,8
03/28/2010,23:00,0.0,1371.264,0.0,1,8,0.0,1,8,0.0,1,8,0.0,1,8,0.0,1,8,0.0,1,8,-0.0,1,8,-9900,?,9,-9900,?,9,23.65,E,8,21.0,E,8,83.0,E,8,1008.6016999999999,E,8,999.0,E,8,0.92,E,8,-9900,?,9,-9900,?,9,0.001,E,8,-9900,?,9,-9900,?,9,0.01,99.0,E,8
03/28/2010,24:00,0.0,1371.264,0.0,1,8,0.0,1,8,0.0,1,8,0.0,1,8,0.0,1,8,0.0,1,8,-0.0,1,8,-9900,?,9,-9900,?,9,23.17,E,8,20.91,E,8,89.0,E,8,1008.6016999999999,E,8,999.0,E,8,0.54,E,8,-9900,?,9,-9900,?,9,0.047,E,8,-9900,?,9,-9900,?,9,0.47,99.0,E,8
03/29/2010,01:00,0.0,1371.264,0.0,1,8,0.0,1,8,0.0,1,8,0.0,1,8,0.0,1,8,0.0,1,8,-0.0,1,8,-9900,?,9,-9900,?,9,22.93,E,8,20.89,E,8,90.0,E,8,1008.6016999999999,E,8,999.0,E,8,0.54,E,8,-9900,?,9,-9900,?,9,0.008,E,8,-9900,?,9,-9900,?,9,0.08,99.0,E,8
03/29/2010,02:00,0.0,1371.264,0.0,1,8,0.0,1,8,0.0,1,8,0.0,1,8,0.0,1,8,0.0,1,8,-0.0,1,8,-9900,?,9,-9900,?,9,22.69,E,8,20.88,E,8,91.0,E,8,1008.6016999999999,E,8,999.0,E,8,0.54,E,8,-9900,?,9,-9900,?,9,0.004,E,8,-9900,?,9,-9900,?,9,0.04,99.0,E,8
03/29/2010,03:00,0.0,1371.264,0.0,1,8,0.0,1,8,0.0,1,8,0.0,1,8,0.0,1,8,0.0,1,8,-0.0,1,8,-9900,?,9,-9900,?,9,22.45,E,8,20.86,E,8,92.0,E,8,1008.6016999999999,E,8,999.0,E,8,0.54,E,8,-9900,?,9,-9900,?,9,0.017,E,8,-9900,?,9,-9900,?,9,0.17,99.0,E,8
03/29/2010,04:00,0.0,1370.455,0.0,1,8,0.0,1,8,0.0,1,8,0.0,1,8,0.0,1,8,0.0,1,8,-0.0,1,8,-9900,?,9,-9900,?,9,22.21,E,8,20.84,E,8,89.0,E,8,1008.6016999999999,E,8,999.0,E,8,0.54,E,8,-9900,?,9,-9900,?,9,0.0,E,8,-9900,?,9,-9900,?,9,0.0,0.0,E,8
03/29/2010,05:00,0.0,1370.455,0.0,1,8,0.0,1,8,0.0,1,8,0.0,1,8,0.0,1,8,0.0,1,8,-0.0,1,8,-9900,?,9,-9900,?,9,21.97,E,8,20.82,E,8,95.0,E,8,1008.6016999999999,E,8,999.0,E,8,0.62,E,8,-9900,?,9,-9900,?,9,0.001,E,8,-9900,?,9,-9900,?,9,0.01,99.0,E,8
03/29/2010,06:00,0.0,1370.455,0.0,1,8,0.0,1,8,0.0,1,8,0.0,1,8,0.0,1,8,0.0,1,8,-0.0,1,8,-9900,?,9,-9900,?,9,21.78,E,8,20.81,E,8,95.0,E,8,1008.6016999999999,E,8,999.0,E,8,0.68,E,8,-9900,?,9,-9900,?,9,0.002,E,8,-9900,?,9,-9900,?,9,0.02,99.0,E,8
03/29/2010,07:00,186.656,1370.455,0.5,1,8,0.0,1,8,0.5,1,8,60.0,1,8,0.0,1,8,55.0,1,8,1.186,1,8,-9900,?,9,-9900,?,9,21.62,E,8,20.8,E,8,92.0,E,8,1008.6016999999999,E,8,999.0,E,8,0.78,E,8,-9900,?,9,-9900,?,9,0.0,E,8,-9900,?,9,-9900,?,9,0.0,0.0,E,8
03/29/2010,08:00,503.266,1370.455,113.69,1,8,0.0,1,8,113.69,1,8,13642.8,1,8,0.0,1,8,12505.9,1,8,98.73,1,8,-9900,?,9,-9900,?,9,21.46,E,8,20.79,E,8,92.0,E,8,1008.6016999999999,E,8,999.0,E,8,1.08,E,8,-9900,?,9,-9900,?,9,0.0,E,8,-9900,?,9,-9900,?,9,0.0,0.0,E,8
03/29/2010,09:00,784.947,1370.455,317.78,1,8,113.874,1,8,252.596,1,8,38133.6,1,8,10817.988,1,8,27785.611,1,8,140.463,1,8,-9900,?,9,-9900,?,9,23.82,E,8,20.96,E,8,82.0,E,8,1008.6016999999999,E,8,999.0,E,8,1.55,E,8,-9900,?,9,-9900,?,9,0.0,E,8,-9900,?,9,-9900,?,9,0.0,0.0,E,8
03/29/2010,10:00,1011.421,1370.455,559.66,1,8,292.023,1,8,344.195,1,8,67159.2,1,8,27742.138,1,8,37861.442,1,8,148.489,1,8,-9900,?,9,-9900,?,9,25.07,E,8,21.05,E,8,77.0,E,8,1008.6016999999999,E,8,999.0,E,8,2.02,E,8,-9900,?,9,-9900,?,9,0.0,E,8,-9900,?,9,-9900,?,9,0.0,0.0,E,8
03/29/2010,11:00,1167.082,1370.455,712.03,1,8,426.105,1,8,349.198,1,8,85443.6,1,8,40479.984,1,8,38411.825,1,8,130.537,1,8,-9900,?,9,-9900,?,9,26.11,E,8,21.12,E,8,73.0,E,8,1008.6016999999999,E,8,999.0,E,8,2.8,E,8,-9900,?,9,-9900,?,9,0.0,E,8,-9900,?,9,-9900,?,9,0.0,0.0,E,8
03/29/2010,12:00,1241.265,1370.455,776.83,1,8,464.564,1,8,356.087,1,8,93219.6,1,8,44133.539,1,8,39169.551,1,8,125.151,1,8,-9900,?,9,-9900,?,9,26.88,E,8,21.18,E,8,70.0,E,8,1008.6016999999999,E,8,999.0,E,8,3.04,E,8,-9900,?,9,-9900,?,9,0.0,E,8,-9900,?,9,-9900,?,9,0.0,0.0,E,8
03/29/2010,13:00,1228.891,1370.455,812.59,1,8,525.99,1,8,340.967,1,8,97510.8,1,8,49969.017,1,8,37506.394,1,8,121.045,1,8,-9900,?,9,-9900,?,9,27.46,E,8,21.22,E,8,68.0,E,8,1008.6016999999999,E,8,999.0,E,8,3.35,E,8,-9900,?,9,-9900,?,9,0.0,E,8,-9900,?,9,-9900,?,9,0.0,0.0,E,8
03/29/2010,14:00,1130.799,1370.455,809.72,1,8,707.31,1,8,226.18,1,8,97166.4,1,8,67194.42,1,8,24879.829,1,8,87.266,1,8,-9900,?,9,-9900,?,9,27.86,E,8,21.25,E,8,67.0,E,8,1008.6016999999999,E,8,999.0,E,8,3.37,E,8,-9900,?,9,-9900,?,9,0.0,E,8,-9900,?,9,-9900,?,9,0.0,0.0,E,8
03/29/2010,15:00,953.691,1370.455,690.84,1,8,873.845,1,8,82.927,1,8,82900.8,1,8,83015.27,1,8,9121.973,1,8,37.944,1,8,-9900,?,9,-9900,?,9,28.01,E,8,21.26,E,8,66.0,E,8,1008.6016999999999,E,8,999.0,E,8,3.15,E,8,-9900,?,9,-9900,?,9,0.0,E,8,-9900,?,9,-9900,?,9,0.0,0.0,E,8
03/29/2010,16:00,709.698,1370.455,514.26,1,8,777.979,1,8,111.701,1,8,61711.2,1,8,73908.031,1,8,12287.083,1,8,68.714,1,8,-9900,?,9,-9900,?,9,27.83,E,8,21.25,E,8,67.0,E,8,1008.6016999999999,E,8,999.0,E,8,3.42,E,8,-9900,?,9,-9900,?,9,0.0,E,8,-9900,?,9,-9900,?,9,0.0,0.0,E,8
03/29/2010,17:00,415.691,1370.455,303.72,1,8,475.768,1,8,159.82,1,8,36446.4,1,8,45197.976,1,8,17580.146,1,8,168.195,1,8,-9900,?,9,-9900,?,9,27.3,E,8,21.21,E,8,69.0,E,8,1008.6016999999999,E,8,999.0,E,8,3.07,E,8,-9900,?,9,-9900,?,9,0.0,E,8,-9900,?,9,-9900,?,9,0.0,0.0,E,8
03/29/2010,18:00,94.304,1370.455,92.59,1,8,172.61,1,8,81.305,1,8,11110.8,1,8,16397.907,1,8,8943.527,1,8,395.841,1,8,-9900,?,9,-9900,?,9,26.51,E,8,21.15,E,8,76.0,E,8,1008.6016999999999,E,8,999.0,E,8,2.8,E,8,-9900,?,9,-9900,?,9,0.001,E,8,-9900,?,9,-9900,?,9,0.01,99.0,E,8
03/29/2010,19:00,0.0,1370.455,0.0,1,8,0.0,1,8,0.0,1,8,0.0,1,8,0.0,1,8,0.0,1,8,-0.0,1,8,-9900,?,9,-9900,?,9,25.96,E,8,21.11,E,8,78.0,E,8,1008.6016999999999,E,8,999.0,E,8,2.18,E,8,-9900,?,9,-9900,?,9,0.012,E,8,-9900,?,9,-9900,?,9,0.12,99.0,E,8
03/29/2010,20:00,0.0,1370.455,0.0,1,8,0.0,1,8,0.0,1,8,0.0,1,8,0.0,1,8,0.0,1,8,-0.0,1,8,-9900,?,9,-9900,?,9,25.41,E,8,21.07,E,8,80.0,E,8,1008.6016999999999,E,8,999.0,E,8,1.66,E,8,-9900,?,9,-9900,?,9,0.006,E,8,-9900,?,9,-9900,?,9,0.06,99.0,E,8
03/29/2010,21:00,0.0,1370.455,0.0,1,8,0.0,1,8,0.0,1,8,0.0,1,8,0.0,1,8,0.0,1,8,-0.0,1,8,-9900,?,9,-9900,?,9,24.87,E,8,21.03,E,8,82.0,E,8,1008.6016999999999,E,8,999.0,E,8,1.28,E,8,-9900,?,9,-9900,?,9,0.003,E,8,-9900,?,9,-9900,?,9,0.03,99.0,E,8
03/29/2010,22:00,0.0,1370.455,0.0,1,8,0.0,1,8,0.0,1,8,0.0,1,8,0.0,1,8,0.0,1,8,-0.0,1,8,-9900,?,9,-9900,?,9,24.32,E,8,20.99,E,8,93.0,E,8,1008.6016999999999,E,8,999.0,E,8,1.07,E,8,-9900,?,9,-9900,?,9,0.673,E,8,-9900,?,9,-9900,?,9,6.73,99.0,E,8
03/29/2010,23:00,0.0,1370.455,0.0,1,8,0.0,1,8,0.0,1,8,0.0,1,8,0.0,1,8,0.0,1,8,-0.0,1,8,-9900,?,9,-9900,?,9,23.77,E,8,20.95,E,8,86.0,E,8,1008.6016999999999,E,8,999.0,E,8,1.09,E,8,-9900,?,9,-9900,?,9,0.026000000000000002,E,8,-9900,?,9,-9900,?,9,0.26,99.0,E,8
03/29/2010,24:00,0.0,1370.455,0.0,1,8,0.0,1,8,0.0,1,8,0.0,1,8,0.0,1,8,0.0,1,8,-0.0,1,8,-9900,?,9,-9900,?,9,23.22,E,8,20.93,E,8,92.0,E,8,1008.6016999999999,E,8,999.0,E,8,2.68,E,8,-9900,?,9,-9900,?,9,0.11699999999999999,E,8,-9900,?,9,-9900,?,9,1.17,99.0,E,8
03/30/2010,01:00,0.0,1370.455,0.0,1,8,0.0,1,8,0.0,1,8,0.0,1,8,0.0,1,8,0.0,1,8,-0.0,1,8,-9900,?,9,-9900,?,9,22.95,E,8,20.89,E,8,93.0,E,8,1008.6016999999999,E,8,999.0,E,8,2.22,E,8,-9900,?,9,-9900,?,9,0.197,E,8,-9900,?,9,-9900,?,9,1.97,99.0,E,8
03/30/2010,02:00,0.0,1370.455,0.0,1,8,0.0,1,8,0.0,1,8,0.0,1,8,0.0,1,8,0.0,1,8,-0.0,1,8,-9900,?,9,-9900,?,9,22.68,E,8,20.86,E,8,90.0,E,8,1008.6016999999999,E,8,999.0,E,8,2.02,E,8,-9900,?,9,-9900,?,9,0.028000000000000004,E,8,-9900,?,9,-9900,?,9,0.28,99.0,E,8
03/30/2010,03:00,0.0,1370.455,0.0,1,8,0.0,1,8,0.0,1,8,0.0,1,8,0.0,1,8,0.0,1,8,-0.0,1,8,-9900,?,9,-9900,?,9,22.4,E,8,20.82,E,8,91.0,E,8,1008.6016999999999,E,8,999.0,E,8,1.94,E,8,-9900,?,9,-9900,?,9,0.020999999999999998,E,8,-9900,?,9,-9900,?,9,0.21,99.0,E,8
03/30/2010,04:00,0.0,1369.646,0.0,1,8,0.0,1,8,0.0,1,8,0.0,1,8,0.0,1,8,0.0,1,8,-0.0,1,8,-9900,?,9,-9900,?,9,22.13,E,8,20.78,E,8,92.0,E,8,1008.6016999999999,E,8,999.0,E,8,1.69,E,8,-9900,?,9,-9900,?,9,0.007000000000000001,E,8,-9900,?,9,-9900,?,9,0.07,99.0,E,8
03/30/2010,05:00,0.0,1369.646,0.0,1,8,0.0,1,8,0.0,1,8,0.0,1,8,0.0,1,8,0.0,1,8,-0.0,1,8,-9900,?,9,-9900,?,9,21.86,E,8,20.74,E,8,89.0,E,8,1008.6016999999999,E,8,999.0,E,8,1.43,E,8,-9900,?,9,-9900,?,9,0.0,E,8,-9900,?,9,-9900,?,9,0.0,0.0,E,8
03/30/2010,06:00,0.0,1369.646,0.0,1,8,0.0,1,8,0.0,1,8,0.0,1,8,0.0,1,8,0.0,1,8,-0.0,1,8,-9900,?,9,-9900,?,9,21.64,E,8,20.71,E,8,90.0,E,8,1008.6016999999999,E,8,999.0,E,8,1.43,E,8,-9900,?,9,-9900,?,9,0.0,E,8,-9900,?,9,-9900,?,9,0.0,0.0,E,8
03/30/2010,07:00,184.791,1369.646,0.37,1,8,0.0,1,8,0.37,1,8,44.4,1,8,0.0,1,8,40.7,1,8,0.886,1,8,-9900,?,9,-9900,?,9,21.46,E,8,20.69,E,8,95.0,E,8,1008.6016999999999,E,8,999.0,E,8,1.48,E,8,-9900,?,9,-9900,?,9,0.003,E,8,-9900,?,9,-9900,?,9,0.03,99.0,E,8
03/30/2010,08:00,500.935,1369.646,122.59,1,8,0.225,1,8,122.508,1,8,14710.8,1,8,21.386,1,8,13475.86,1,8,106.822,1,8,-9900,?,9,-9900,?,9,21.28,E,8,20.66,E,8,96.0,E,8,1008.6016999999999,E,8,999.0,E,8,2.12,E,8,-9900,?,9,-9900,?,9,0.034999999999999996,E,8,-9900,?,9,-9900,?,9,0.35,99.0,E,8
03/30/2010,09:00,782.095,1369.646,299.16,1,8,79.265,1,8,253.925,1,8,35899.2,1,8,7530.195,1,8,27931.796,1,8,141.634,1,8,-9900,?,9,-9900,?,9,23.84,E,8,21.02,E,8,86.0,E,8,1008.6016999999999,E,8,999.0,E,8,2.73,E,8,-9900,?,9,-9900,?,9,0.017,E,8,-9900,?,9,-9900,?,9,0.17,99.0,E,8
03/30/2010,10:00,1008.016,1369.646,455.58,1,8,111.273,1,8,373.707,1,8,54669.6,1,8,10570.906,1,8,41107.791,1,8,161.67,1,8,-9900,?,9,-9900,?,9,24.82,E,8,21.15,E,8,78.0,E,8,1008.6016999999999,E,8,999.0,E,8,3.56,E,8,-9900,?,9,-9900,?,9,0.0,E,8,-9900,?,9,-9900,?,9,0.0,0.0,E,8
03/30/2010,11:00,1163.129,1369.646,574.53,1,8,136.755,1,8,458.409,1,8,68943.6,1,8,12991.689,1,8,50424.941,1,8,171.843,1,8,-9900,?,9,-9900,?,9,25.68,E,8,21.27,E,8,79.0,E,8,1008.6016999999999,E,8,999.0,E,8,4.84,E,8,-9900,?,9,-9900,?,9,0.002,E,8,-9900,?,9,-9900,?,9,0.02,99.0,E,8
03/30/2010,12:00,1236.807,1369.646,646.28,1,8,162.349,1,8,499.687,1,8,77553.6,1,8,15423.147,1,8,54965.53,1,8,176.15,1,8,-9900,?,9,-9900,?,9,26.36,E,8,21.36,E,8,73.0,E,8,1008.6016999999999,E,8,999.0,E,8,5.38,E,8,-9900,?,9,-9900,?,9,0.0,E,8,-9900,?,9,-9900,?,9,0.0,0.0,E,8
03/30/2010,13:00,1224.005,1369.646,665.4,1,8,191.163,1,8,494.577,1,8,79848.0,1,8,18160.438,1,8,54403.503,1,8,176.174,1,8,-9900,?,9,-9900,?,9,26.86,E,8,21.43,E,8,71.0,E,8,1008.6016999999999,E,8,999.0,E,8,6.19,E,8,-9900,?,9,-9900,?,9,0.0,E,8,-9900,?,9,-9900,?,9,0.0,0.0,E,8
03/30/2010,14:00,1125.592,1369.646,630.48,1,8,312.899,1,8,373.372,1,8,75657.6,1,8,29725.411,1,8,41070.908,1,8,144.637,1,8,-9900,?,9,-9900,?,9,27.15,E,8,21.47,E,8,70.0,E,8,1008.6016999999999,E,8,999.0,E,8,6.29,E,8,-9900,?,9,-9900,?,9,0.0,E,8,-9900,?,9,-9900,?,9,0.0,0.0,E,8
03/30/2010,15:00,948.293,1369.646,544.1,1,8,371.273,1,8,287.126,1,8,65292.0,1,8,35270.96,1,8,31583.853,1,8,132.047,1,8,-9900,?,9,-9900,?,9,27.24,E,8,21.48,E,8,74.0,E,8,1008.6016999999999,E,8,999.0,E,8,6.27,E,8,-9900,?,9,-9900,?,9,0.001,E,8,-9900,?,9,-9900,?,9,0.01,99.0,E,8
03/30/2010,16:00,704.252,1369.646,412.87,1,8,455.749,1,8,178.721,1,8,49544.4,1,8,43296.183,1,8,19659.319,1,8,110.729,1,8,-9900,?,9,-9900,?,9,27.06,E,8,21.45,E,8,75.0,E,8,1008.6016999999999,E,8,999.0,E,8,5.59,E,8,-9900,?,9,-9900,?,9,0.001,E,8,-9900,?,9,-9900,?,9,0.01,99.0,E,8
03/30/2010,17:00,410.351,1369.646,248.09,1,8,465.132,1,8,109.142,1,8,29770.8,1,8,44187.54,1,8,12005.67,1,8,116.297,1,8,-9900,?,9,-9900,?,9,26.58,E,8,21.39,E,8,76.0,E,8,1008.6016999999999,E,8,999.0,E,8,4.86,E,8,-9900,?,9,-9900,?,9,0.06,E,8,-9900,?,9,-9900,?,9,0.6,99.0,E,8
03/30/2010,18:00,89.365,1369.646,72.51,1,8,211.782,1,8,59.447,1,8,8701.2,1,8,20119.279,1,8,6539.207,1,8,306.789,1,8,-9900,?,9,-9900,?,9,25.85,E,8,21.29,E,8,79.0,E,8,1008.6016999999999,E,8,999.0,E,8,4.56,E,8,-9900,?,9,-9900,?,9,0.046,E,8,-9900,?,9,-9900,?,9,0.46,99.0,E,8
03/30/2010,19:00,0.0,1369.646,0.0,1,8,0.0,1,8,0.0,1,8,0.0,1,8,0.0,1,8,0.0,1,8,-0.0,1,8,-9900,?,9,-9900,?,9,25.38,E,8,21.23,E,8,80.0,E,8,1008.6016999999999,E,8,999.0,E,8,3.01,E,8,-9900,?,9,-9900,?,9,0.013000000000000001,E,8,-9900,?,9,-9900,?,9,0.13,99.0,E,8
03/30/2010,20:00,0.0,1369.646,0.0,1,8,0.0,1,8,0.0,1,8,0.0,1,8,0.0,1,8,0.0,1,8,-0.0,1,8,-9900,?,9,-9900,?,9,24.92,E,8,21.16,E,8,82.0,E,8,1008.6016999999999,E,8,999.0,E,8,3.1,E,8,-9900,?,9,-9900,?,9,0.01,E,8,-9900,?,9,-9900,?,9,0.1,99.0,E,8
03/30/2010,21:00,0.0,1369.646,0.0,1,8,0.0,1,8,0.0,1,8,0.0,1,8,0.0,1,8,0.0,1,8,-0.0,1,8,-9900,?,9,-9900,?,9,24.45,E,8,21.1,E,8,83.0,E,8,1008.6016999999999,E,8,999.0,E,8,1.93,E,8,-9900,?,9,-9900,?,9,0.081,E,8,-9900,?,9,-9900,?,9,0.81,99.0,E,8
03/30/2010,22:00,0.0,1369.646,0.0,1,8,0.0,1,8,0.0,1,8,0.0,1,8,0.0,1,8,0.0,1,8,-0.0,1,8,-9900,?,9,-9900,?,9,23.98,E,8,21.04,E,8,94.0,E,8,1008.6016999999999,E,8,999.0,E,8,1.43,E,8,-9900,?,9,-9900,?,9,2.357,E,8,-9900,?,9,-9900,?,9,23.57,99.0,E,8
03/30/2010,23:00,0.0,1369.646,0.0,1,8,0.0,1,8,0.0,1,8,0.0,1,8,0.0,1,8,0.0,1,8,-0.0,1,8,-9900,?,9,-9900,?,9,23.52,E,8,20.97,E,8,87.0,E,8,1008.6016999999999,E,8,999.0,E,8,1.43,E,8,-9900,?,9,-9900,?,9,0.005,E,8,-9900,?,9,-9900,?,9,0.05,99.0,E,8
03/30/2010,24:00,0.0,1369.646,0.0,1,8,0.0,1,8,0.0,1,8,0.0,1,8,0.0,1,8,0.0,1,8,-0.0,1,8,-9900,?,9,-9900,?,9,23.05,E,8,20.74,E,8,86.0,E,8,1008.6016999999999,E,8,999.0,E,8,0.67,E,8,-9900,?,9,-9900,?,9,0.081,E,8,-9900,?,9,-9900,?,9,0.81,99.0,E,8
03/31/2010,01:00,0.0,1369.646,0.0,1,8,0.0,1,8,0.0,1,8,0.0,1,8,0.0,1,8,0.0,1,8,-0.0,1,8,-9900,?,9,-9900,?,9,22.82,E,8,20.75,E,8,96.0,E,8,1008.6016999999999,E,8,999.0,E,8,0.67,E,8,-9900,?,9,-9900,?,9,3.475,E,8,-9900,?,9,-9900,?,9,34.75,99.0,E,8
03/31/2010,02:00,0.0,1369.646,0.0,1,8,0.0,1,8,0.0,1,8,0.0,1,8,0.0,1,8,0.0,1,8,-0.0,1,8,-9900,?,9,-9900,?,9,22.59,E,8,20.75,E,8,93.0,E,8,1008.6016999999999,E,8,999.0,E,8,0.67,E,8,-9900,?,9,-9900,?,9,0.313,E,8,-9900,?,9,-9900,?,9,3.13,99.0,E,8
03/31/2010,03:00,0.0,1369.646,0.0,1,8,0.0,1,8,0.0,1,8,0.0,1,8,0.0,1,8,0.0,1,8,-0.0,1,8,-9900,?,9,-9900,?,9,22.35,E,8,20.75,E,8,90.0,E,8,1008.6016999999999,E,8,999.0,E,8,0.67,E,8,-9900,?,9,-9900,?,9,0.051000000000000004,E,8,-9900,?,9,-9900,?,9,0.51,99.0,E,8
03/31/2010,04:00,0.0,1368.837,0.0,1,8,0.0,1,8,0.0,1,8,0.0,1,8,0.0,1,8,0.0,1,8,-0.0,1,8,-9900,?,9,-9900,?,9,22.12,E,8,20.76,E,8,91.0,E,8,1008.6016999999999,E,8,999.0,E,8,0.67,E,8,-9900,?,9,-9900,?,9,0.040999999999999995,E,8,-9900,?,9,-9900,?,9,0.41,99.0,E,8
03/31/2010,05:00,0.0,1368.837,0.0,1,8,0.0,1,8,0.0,1,8,0.0,1,8,0.0,1,8,0.0,1,8,-0.0,1,8,-9900,?,9,-9900,?,9,21.89,E,8,20.76,E,8,96.0,E,8,1008.6016999999999,E,8,999.0,E,8,0.67,E,8,-9900,?,9,-9900,?,9,0.191,E,8,-9900,?,9,-9900,?,9,1.91,99.0,E,8
03/31/2010,06:00,0.0,1368.837,0.0,1,8,0.0,1,8,0.0,1,8,0.0,1,8,0.0,1,8,0.0,1,8,-0.0,1,8,-9900,?,9,-9900,?,9,21.71,E,8,20.76,E,8,93.0,E,8,1008.6016999999999,E,8,999.0,E,8,0.67,E,8,-9900,?,9,-9900,?,9,0.01,E,8,-9900,?,9,-9900,?,9,0.1,99.0,E,8
03/31/2010,07:00,182.923,1368.837,0.76,1,8,0.0,1,8,0.76,1,8,91.2,1,8,0.0,1,8,83.6,1,8,1.838,1,8,-9900,?,9,-9900,?,9,21.55,E,8,20.77,E,8,89.0,E,8,1008.6016999999999,E,8,999.0,E,8,0.67,E,8,-9900,?,9,-9900,?,9,0.0,E,8,-9900,?,9,-9900,?,9,0.0,0.0,E,8
03/31/2010,08:00,498.585,1368.837,91.57,1,8,0.0,1,8,91.57,1,8,10988.4,1,8,0.0,1,8,10072.7,1,8,80.175,1,8,-9900,?,9,-9900,?,9,21.4,E,8,20.77,E,8,94.0,E,8,1008.6016999999999,E,8,999.0,E,8,0.67,E,8,-9900,?,9,-9900,?,9,0.013000000000000001,E,8,-9900,?,9,-9900,?,9,0.13,99.0,E,8
03/31/2010,09:00,779.213,1368.837,224.19,1,8,23.032,1,8,211.087,1,8,26902.8,1,8,2188.086,1,8,23219.54,1,8,118.106,1,8,-9900,?,9,-9900,?,9,23.91,E,8,20.73,E,8,83.0,E,8,1008.6016999999999,E,8,999.0,E,8,0.79,E,8,-9900,?,9,-9900,?,9,0.020999999999999998,E,8,-9900,?,9,-9900,?,9,0.21,99.0,E,8
03/31/2010,10:00,1004.573,1368.837,341.66,1,8,23.406,1,8,324.487,1,8,40999.2,1,8,2223.567,1,8,35693.567,1,8,140.775,1,8,-9900,?,9,-9900,?,9,24.88,E,8,20.71,E,8,79.0,E,8,1008.6016999999999,E,8,999.0,E,8,1.8,E,8,-9900,?,9,-9900,?,9,0.017,E,8,-9900,?,9,-9900,?,9,0.17,99.0,E,8
03/31/2010,11:00,1159.134,1368.837,430.93,1,8,44.34,1,8,393.388,1,8,51711.6,1,8,4212.257,1,8,43272.629,1,8,147.89,1,8,-9900,?,9,-9900,?,9,25.73,E,8,20.7,E,8,76.0,E,8,1008.6016999999999,E,8,999.0,E,8,2.12,E,8,-9900,?,9,-9900,?,9,0.064,E,8,-9900,?,9,-9900,?,9,0.64,99.0,E,8
03/31/2010,12:00,1232.306,1368.837,484.68,1,8,52.732,1,8,437.211,1,8,58161.6,1,8,5009.513,1,8,48093.224,1,8,154.598,1,8,-9900,?,9,-9900,?,9,26.4,E,8,20.69,E,8,73.0,E,8,1008.6016999999999,E,8,999.0,E,8,3.18,E,8,-9900,?,9,-9900,?,9,0.033,E,8,-9900,?,9,-9900,?,9,0.33,99.0,E,8
03/31/2010,13:00,1219.079,1368.837,498.85,1,8,61.563,1,8,444.026,1,8,59862.0,1,8,5848.516,1,8,48842.882,1,8,158.713,1,8,-9900,?,9,-9900,?,9,26.89,E,8,20.68,E,8,72.0,E,8,1008.6016999999999,E,8,999.0,E,8,3.99,E,8,-9900,?,9,-9900,?,9,0.001,E,8,-9900,?,9,-9900,?,9,0.01,99.0,E,8
03/31/2010,14:00,1120.352,1368.837,472.39,1,8,74.676,1,8,411.279,1,8,56686.8,1,8,7094.213,1,8,45240.669,1,8,159.973,1,8,-9900,?,9,-9900,?,9,27.18,E,8,20.68,E,8,67.0,E,8,1008.6016999999999,E,8,999.0,E,8,4.31,E,8,-9900,?,9,-9900,?,9,0.0,E,8,-9900,?,9,-9900,?,9,0.0,0.0,E,8
03/31/2010,15:00,942.872,1368.837,407.26,1,8,78.064,1,8,353.506,1,8,48871.2,1,8,7416.12,1,8,38885.631,1,8,163.413,1,8,-9900,?,9,-9900,?,9,27.27,E,8,20.67,E,8,71.0,E,8,1008.6016999999999,E,8,999.0,E,8,4.12,E,8,-9900,?,9,-9900,?,9,0.002,E,8,-9900,?,9,-9900,?,9,0.02,99.0,E,8
03/31/2010,16:00,698.797,1368.837,308.46,1,8,142.6,1,8,235.723,1,8,37015.2,1,8,13546.972,1,8,25929.496,1,8,147.1,1,8,-9900,?,9,-9900,?,9,27.09,E,8,20.68,E,8,71.0,E,8,1008.6016999999999,E,8,999.0,E,8,3.66,E,8,-9900,?,9,-9900,?,9,0.004,E,8,-9900,?,9,-9900,?,9,0.04,99.0,E,8
03/31/2010,17:00,405.016,1368.837,184.49,1,8,222.21,1,8,118.939,1,8,22138.8,1,8,21109.921,1,8,13083.332,1,8,128.34,1,8,-9900,?,9,-9900,?,9,26.6,E,8,20.68,E,8,73.0,E,8,1008.6016999999999,E,8,999.0,E,8,3.35,E,8,-9900,?,9,-9900,?,9,0.006,E,8,-9900,?,9,-9900,?,9,0.06,99.0,E,8
03/31/2010,18:00,84.459,1368.837,109.14,1,8,114.937,1,8,102.475,1,8,13096.8,1,8,10919.029,1,8,11272.222,1,8,562.485,1,8,-9900,?,9,-9900,?,9,25.978,E,8,20.694,E,8,74.2,E,8,1008.6016999999999,E,8,999.0,E,8,2.646,E,8,-9900,?,9,-9900,?,9,0.0038,E,8,-9900,?,9,-9900,?,9,0.038,99.0,E,8
03/31/2010,19:00,0.0,1368.837,47.448,1,8,0.0,1,8,0.0,1,8,5693.76,1,8,0.0,1,8,0.0,1,8,-0.0,1,8,-9900,?,9,-9900,?,9,25.444,E,8,20.702,E,8,76.2,E,8,1008.6016999999999,E,8,999.0,E,8,2.068,E,8,-9900,?,9,-9900,?,9,0.008400000000000001,E,8,-9900,?,9,-9900,?,9,0.084,99.0,E,8
03/31/2010,20:00,0.0,1368.837,10.55,1,8,0.0,1,8,0.0,1,8,1266.0,1,8,0.0,1,8,0.0,1,8,-0.0,1,8,-9900,?,9,-9900,?,9,24.91,E,8,20.712,E,8,79.0,E,8,1008.6016999999999,E,8,999.0,E,8,1.532,E,8,-9900,?,9,-9900,?,9,0.027800000000000002,E,8,-9900,?,9,-9900,?,9,0.278,99.0,E,8
03/31/2010,21:00,0.0,1368.837,0.0,1,8,0.0,1,8,0.0,1,8,0.0,1,8,0.0,1,8,0.0,1,8,-0.0,1,8,-9900,?,9,-9900,?,9,24.42,E,8,20.72,E,8,81.8,E,8,1008.6016999999999,E,8,999.0,E,8,1.13,E,8,-9900,?,9,-9900,?,9,0.0534,E,8,-9900,?,9,-9900,?,9,0.534,99.0,E,8
03/31/2010,22:00,0.0,1368.837,0.0,1,8,0.0,1,8,0.0,1,8,0.0,1,8,0.0,1,8,0.0,1,8,-0.0,1,8,-9900,?,9,-9900,?,9,23.768,E,8,20.61,E,8,85.0,E,8,1008.6016999999999,E,8,999.0,E,8,0.89,E,8,-9900,?,9,-9900,?,9,0.0548,E,8,-9900,?,9,-9900,?,9,0.548,99.0,E,8
03/31/2010,23:00,0.0,1368.837,0.0,1,8,0.0,1,8,0.0,1,8,0.0,1,8,0.0,1,8,0.0,1,8,-0.0,1,8,-9900,?,9,-9900,?,9,23.194,E,8,20.498,E,8,86.4,E,8,1008.6016999999999,E,8,999.0,E,8,0.778,E,8,-9900,?,9,-9900,?,9,0.0546,E,8,-9900,?,9,-9900,?,9,0.546,99.0,E,8
03/31/2019,24:00,0.0,1368.837,0.0,1,8,0.0,1,8,0.0,1,8,0.0,1,8,0.0,1,8,0.0,1,8,-0.0,1,8,-9900,?,9,-9900,?,9,22.698,E,8,20.384,E,8,88.2,E,8,1008.6016999999999,E,8,999.0,E,8,0.802,E,8,-9900,?,9,-9900,?,9,0.05,E,8,-9900,?,9,-9900,?,9,0.5,99.0,E,8
04/01/2019,01:00,0.0,1368.837,0.0,1,8,0.0,1,8,0.0,1,8,0.0,1,8,0.0,1,8,0.0,1,8,-0.0,1,8,-9900,?,9,-9900,?,9,22.28,E,8,20.268,E,8,88.2,E,8,1008.6016999999999,E,8,999.0,E,8,0.846,E,8,-9900,?,9,-9900,?,9,0.0294,E,8,-9900,?,9,-9900,?,9,0.294,99.0,E,8
04/01/2019,02:00,0.0,1368.837,0.0,1,8,0.0,1,8,0.0,1,8,0.0,1,8,0.0,1,8,0.0,1,8,-0.0,1,8,-9900,?,9,-9900,?,9,21.94,E,8,20.15,E,8,87.8,E,8,1008.6016999999999,E,8,999.0,E,8,0.89,E,8,-9900,?,9,-9900,?,9,0.0021999999999999997,E,8,-9900,?,9,-9900,?,9,0.022,99.0,E,8
04/01/2019,03:00,0.0,1368.837,0.0,1,8,0.0,1,8,0.0,1,8,0.0,1,8,0.0,1,8,0.0,1,8,-0.0,1,8,-9900,?,9,-9900,?,9,21.84,E,8,20.15,E,8,88.4,E,8,1008.6016999999999,E,8,999.0,E,8,0.89,E,8,-9900,?,9,-9900,?,9,0.0012000000000000001,E,8,-9900,?,9,-9900,?,9,0.012,99.0,E,8
04/01/2019,04:00,0.0,1368.028,0.0,1,8,0.0,1,8,0.0,1,8,0.0,1,8,0.0,1,8,0.0,1,8,-0.0,1,8,-9900,?,9,-9900,?,9,21.746,E,8,20.15,E,8,88.8,E,8,1008.6016999999999,E,8,999.0,E,8,0.89,E,8,-9900,?,9,-9900,?,9,0.0012000000000000001,E,8,-9900,?,9,-9900,?,9,0.012,99.0,E,8
04/01/2019,05:00,0.0,1368.028,0.258,1,8,0.0,1,8,0.0,1,8,30.96,1,8,0.0,1,8,0.0,1,8,-0.0,1,8,-9900,?,9,-9900,?,9,21.658,E,8,20.15,E,8,88.4,E,8,1008.6016999999999,E,8,999.0,E,8,0.89,E,8,-9900,?,9,-9900,?,9,0.0004,E,8,-9900,?,9,-9900,?,9,0.004,99.0,E,8
04/01/2019,06:00,0.0,1368.028,0.0,1,8,0.0,1,8,0.0,1,8,0.0,1,8,0.0,1,8,0.0,1,8,-0.0,1,8,-9900,?,9,-9900,?,9,21.57,E,8,20.15,E,8,88.0,E,8,1008.6016999999999,E,8,999.0,E,8,0.89,E,8,-9900,?,9,-9900,?,9,0.0,E,8,-9900,?,9,-9900,?,9,0.0,0.0,E,8
04/01/2019,07:00,181.282,1368.028,1.29,1,8,0.0,1,8,1.29,1,8,154.8,1,8,0.0,1,8,141.9,1,8,3.146,1,8,-9900,?,9,-9900,?,9,21.5,E,8,20.15,E,8,88.0,E,8,1008.6016999999999,E,8,999.0,E,8,0.89,E,8,-9900,?,9,-9900,?,9,0.0,E,8,-9900,?,9,-9900,?,9,0.0,0.0,E,8
04/01/2019,08:00,496.512,1368.028,180.78,1,8,98.988,1,8,144.922,1,8,21693.6,1,8,9403.861,1,8,15941.426,1,8,127.345,1,8,-9900,?,9,-9900,?,9,21.44,E,8,20.15,E,8,88.0,E,8,1008.6016999999999,E,8,999.0,E,8,0.89,E,8,-9900,?,9,-9900,?,9,0.0,E,8,-9900,?,9,-9900,?,9,0.0,0.0,E,8
04/01/2019,09:00,776.68,1368.028,402.31,1,8,265.103,1,8,251.894,1,8,48277.2,1,8,25184.786,1,8,27708.335,1,8,141.315,1,8,-9900,?,9,-9900,?,9,24.37,E,8,20.16,E,8,75.0,E,8,1008.6016999999999,E,8,999.0,E,8,1.33,E,8,-9900,?,9,-9900,?,9,0.0,E,8,-9900,?,9,-9900,?,9,0.0,0.0,E,8
04/01/2019,10:00,1001.57,1368.028,598.45,1,8,413.569,1,8,295.742,1,8,71814.0,1,8,39289.019,1,8,32531.642,1,8,128.614,1,8,-9900,?,9,-9900,?,9,25.4,E,8,20.16,E,8,71.0,E,8,1008.6016999999999,E,8,999.0,E,8,2.26,E,8,-9900,?,9,-9900,?,9,0.0,E,8,-9900,?,9,-9900,?,9,0.0,0.0,E,8
04/01/2019,11:00,1155.683,1368.028,715.7,1,8,462.339,1,8,325.171,1,8,85884.0,1,8,43922.224,1,8,35768.786,1,8,122.537,1,8,-9900,?,9,-9900,?,9,26.21,E,8,20.17,E,8,68.0,E,8,1008.6016999999999,E,8,999.0,E,8,2.92,E,8,-9900,?,9,-9900,?,9,0.0,E,8,-9900,?,9,-9900,?,9,0.0,0.0,E,8
04/01/2019,12:00,1228.46,1368.028,754.96,1,8,428.044,1,8,370.612,1,8,90595.2,1,8,40664.216,1,8,40767.348,1,8,131.382,1,8,-9900,?,9,-9900,?,9,26.77,E,8,20.17,E,8,66.0,E,8,1008.6016999999999,E,8,999.0,E,8,3.28,E,8,-9900,?,9,-9900,?,9,0.0,E,8,-9900,?,9,-9900,?,9,0.0,0.0,E,8
04/01/2019,13:00,1214.918,1368.028,690.43,1,8,311.573,1,8,413.75,1,8,82851.6,1,8,29599.418,1,8,45512.524,1,8,148.31,1,8,-9900,?,9,-9900,?,9,27.04,E,8,20.17,E,8,66.0,E,8,1008.6016999999999,E,8,999.0,E,8,3.78,E,8,-9900,?,9,-9900,?,9,0.0,E,8,-9900,?,9,-9900,?,9,0.0,0.0,E,8
04/01/2019,14:00,1115.977,1368.028,622.64,1,8,298.834,1,8,378.901,1,8,74716.8,1,8,28389.185,1,8,41679.08,1,8,147.87,1,8,-9900,?,9,-9900,?,9,27.14,E,8,20.17,E,8,65.0,E,8,1008.6016999999999,E,8,999.0,E,8,4.34,E,8,-9900,?,9,-9900,?,9,0.0,E,8,-9900,?,9,-9900,?,9,0.0,0.0,E,8
04/01/2019,15:00,938.399,1368.028,600.11,1,8,536.93,1,8,231.924,1,8,72013.2,1,8,51008.359,1,8,25511.679,1,8,107.658,1,8,-9900,?,9,-9900,?,9,27.18,E,8,20.17,E,8,65.0,E,8,1008.6016999999999,E,8,999.0,E,8,4.06,E,8,-9900,?,9,-9900,?,9,0.0,E,8,-9900,?,9,-9900,?,9,0.0,0.0,E,8
04/01/2019,16:00,694.351,1368.028,516.97,1,8,753.428,1,8,134.886,1,8,62036.4,1,8,71575.625,1,8,14837.424,1,8,84.664,1,8,-9900,?,9,-9900,?,9,27.08,E,8,20.17,E,8,65.0,E,8,1008.6016999999999,E,8,999.0,E,8,3.93,E,8,-9900,?,9,-9900,?,9,0.0,E,8,-9900,?,9,-9900,?,9,0.0,0.0,E,8
04/01/2019,17:00,400.725,1368.028,276.36,1,8,465.188,1,8,140.515,1,8,33163.2,1,8,44192.828,1,8,15456.645,1,8,153.164,1,8,-9900,?,9,-9900,?,9,26.58,E,8,20.17,E,8,71.0,E,8,1008.6016999999999,E,8,999.0,E,8,3.92,E,8,-9900,?,9,-9900,?,9,0.003,E,8,-9900,?,9,-9900,?,9,0.03,99.0,E,8
04/01/2019,18:00,80.576,1368.028,94.07,1,8,143.587,1,8,86.163,1,8,11288.4,1,8,13640.719,1,8,9477.95,1,8,498.063,1,8,-9900,?,9,-9900,?,9,25.9,E,8,20.16,E,8,78.0,E,8,1008.6016999999999,E,8,999.0,E,8,3.06,E,8,-9900,?,9,-9900,?,9,0.351,E,8,-9900,?,9,-9900,?,9,3.51,99.0,E,8
04/01/2019,19:00,0.0,1368.028,0.0,1,8,0.0,1,8,0.0,1,8,0.0,1,8,0.0,1,8,0.0,1,8,-0.0,1,8,-9900,?,9,-9900,?,9,25.45,E,8,20.16,E,8,76.0,E,8,1008.6016999999999,E,8,999.0,E,8,2.29,E,8,-9900,?,9,-9900,?,9,0.020999999999999998,E,8,-9900,?,9,-9900,?,9,0.21,99.0,E,8
04/01/2019,20:00,0.0,1368.028,0.0,1,8,0.0,1,8,0.0,1,8,0.0,1,8,0.0,1,8,0.0,1,8,-0.0,1,8,-9900,?,9,-9900,?,9,24.99,E,8,20.16,E,8,77.0,E,8,1008.6016999999999,E,8,999.0,E,8,1.55,E,8,-9900,?,9,-9900,?,9,0.011,E,8,-9900,?,9,-9900,?,9,0.11,99.0,E,8
04/01/2019,21:00,0.0,1368.028,0.0,1,8,0.0,1,8,0.0,1,8,0.0,1,8,0.0,1,8,0.0,1,8,-0.0,1,8,-9900,?,9,-9900,?,9,24.54,E,8,20.16,E,8,79.0,E,8,1008.6016999999999,E,8,999.0,E,8,0.89,E,8,-9900,?,9,-9900,?,9,0.001,E,8,-9900,?,9,-9900,?,9,0.01,99.0,E,8
04/01/2019,22:00,0.0,1368.028,0.0,1,8,0.0,1,8,0.0,1,8,0.0,1,8,0.0,1,8,0.0,1,8,-0.0,1,8,-9900,?,9,-9900,?,9,24.09,E,8,20.16,E,8,77.0,E,8,1008.6016999999999,E,8,999.0,E,8,0.89,E,8,-9900,?,9,-9900,?,9,0.0,E,8,-9900,?,9,-9900,?,9,0.0,0.0,E,8
04/01/2019,23:00,0.0,1368.028,0.0,1,8,0.0,1,8,0.0,1,8,0.0,1,8,0.0,1,8,0.0,1,8,-0.0,1,8,-9900,?,9,-9900,?,9,23.64,E,8,20.15,E,8,83.0,E,8,1008.6016999999999,E,8,999.0,E,8,0.89,E,8,-9900,?,9,-9900,?,9,0.001,E,8,-9900,?,9,-9900,?,9,0.01,99.0,E,8
04/01/2019,24:00,0.0,1368.028,0.0,1,8,0.0,1,8,0.0,1,8,0.0,1,8,0.0,1,8,0.0,1,8,-0.0,1,8,-9900,?,9,-9900,?,9,23.18,E,8,20.13,E,8,83.0,E,8,1008.6016999999999,E,8,999.0,E,8,0.79,E,8,-9900,?,9,-9900,?,9,0.0,E,8,-9900,?,9,-9900,?,9,0.0,0.0,E,8
04/02/2019,01:00,0.0,1368.028,0.0,1,8,0.0,1,8,0.0,1,8,0.0,1,8,0.0,1,8,0.0,1,8,-0.0,1,8,-9900,?,9,-9900,?,9,22.96,E,8,20.06,E,8,83.0,E,8,1008.6016999999999,E,8,999.0,E,8,0.79,E,8,-9900,?,9,-9900,?,9,0.0,E,8,-9900,?,9,-9900,?,9,0.0,0.0,E,8
04/02/2019,02:00,0.0,1368.028,0.0,1,8,0.0,1,8,0.0,1,8,0.0,1,8,0.0,1,8,0.0,1,8,-0.0,1,8,-9900,?,9,-9900,?,9,22.73,E,8,19.99,E,8,84.0,E,8,1008.6016999999999,E,8,999.0,E,8,0.79,E,8,-9900,?,9,-9900,?,9,0.0,E,8,-9900,?,9,-9900,?,9,0.0,0.0,E,8
04/02/2019,03:00,0.0,1368.028,0.0,1,8,0.0,1,8,0.0,1,8,0.0,1,8,0.0,1,8,0.0,1,8,-0.0,1,8,-9900,?,9,-9900,?,9,22.5,E,8,19.91,E,8,85.0,E,8,1008.6016999999999,E,8,999.0,E,8,0.79,E,8,-9900,?,9,-9900,?,9,0.0,E,8,-9900,?,9,-9900,?,9,0.0,0.0,E,8
04/02/2019,04:00,0.0,1367.219,0.0,1,8,0.0,1,8,0.0,1,8,0.0,1,8,0.0,1,8,0.0,1,8,-0.0,1,8,-9900,?,9,-9900,?,9,22.28,E,8,19.84,E,8,86.0,E,8,1008.6016999999999,E,8,999.0,E,8,0.79,E,8,-9900,?,9,-9900,?,9,0.0,E,8,-9900,?,9,-9900,?,9,0.0,0.0,E,8
04/02/2019,05:00,0.0,1367.219,0.0,1,8,0.0,1,8,0.0,1,8,0.0,1,8,0.0,1,8,0.0,1,8,-0.0,1,8,-9900,?,9,-9900,?,9,22.05,E,8,19.76,E,8,86.0,E,8,1008.6016999999999,E,8,999.0,E,8,0.79,E,8,-9900,?,9,-9900,?,9,0.0,E,8,-9900,?,9,-9900,?,9,0.0,0.0,E,8
04/02/2019,06:00,0.0,1367.219,0.0,1,8,0.0,1,8,0.0,1,8,0.0,1,8,0.0,1,8,0.0,1,8,-0.0,1,8,-9900,?,9,-9900,?,9,21.87,E,8,19.7,E,8,87.0,E,8,1008.6016999999999,E,8,999.0,E,8,0.79,E,8,-9900,?,9,-9900,?,9,0.0,E,8,-9900,?,9,-9900,?,9,0.0,0.0,E,8
04/02/2019,07:00,179.389,1367.219,0.37,1,8,0.0,1,8,0.37,1,8,44.4,1,8,0.0,1,8,40.7,1,8,0.912,1,8,-9900,?,9,-9900,?,9,21.73,E,8,19.65,E,8,88.0,E,8,1008.6016999999999,E,8,999.0,E,8,0.81,E,8,-9900,?,9,-9900,?,9,0.0,E,8,-9900,?,9,-9900,?,9,0.0,0.0,E,8
04/02/2019,08:00,494.114,1367.219,170.65,1,8,76.913,1,8,142.907,1,8,20478.0,1,8,7306.735,1,8,15719.804,1,8,126.112,1,8,-9900,?,9,-9900,?,9,21.58,E,8,19.6,E,8,88.0,E,8,1008.6016999999999,E,8,999.0,E,8,1.15,E,8,-9900,?,9,-9900,?,9,0.0,E,8,-9900,?,9,-9900,?,9,0.0,0.0,E,8
04/02/2019,09:00,773.731,1367.219,424.37,1,8,341.892,1,8,231.008,1,8,50924.4,1,8,32479.754,1,8,25410.88,1,8,130.016,1,8,-9900,?,9,-9900,?,9,24.55,E,8,20.58,E,8,78.0,E,8,1008.6016999999999,E,8,999.0,E,8,1.71,E,8,-9900,?,9,-9900,?,9,0.0,E,8,-9900,?,9,-9900,?,9,0.0,0.0,E,8
04/02/2019,10:00,998.049,1367.219,652.16,1,8,588.898,1,8,222.384,1,8,78259.2,1,8,55945.289,1,8,24462.252,1,8,96.996,1,8,-9900,?,9,-9900,?,9,25.73,E,8,20.95,E,8,74.0,E,8,1008.6016999999999,E,8,999.0,E,8,2.24,E,8,-9900,?,9,-9900,?,9,0.0,E,8,-9900,?,9,-9900,?,9,0.0,0.0,E,8
04/02/2019,11:00,1151.606,1367.219,824.61,1,8,693.884,1,8,240.223,1,8,98953.2,1,8,65918.946,1,8,26424.545,1,8,90.793,1,8,-9900,?,9,-9900,?,9,26.75,E,8,21.27,E,8,71.0,E,8,1008.6016999999999,E,8,999.0,E,8,3.01,E,8,-9900,?,9,-9900,?,9,0.0,E,8,-9900,?,9,-9900,?,9,0.0,0.0,E,8
04/02/2019,12:00,1223.881,1367.219,926.46,1,8,872.563,1,8,145.432,1,8,111175.2,1,8,82893.53,1,8,15997.527,1,8,51.718,1,8,-9900,?,9,-9900,?,9,27.57,E,8,21.52,E,8,69.0,E,8,1008.6016999999999,E,8,999.0,E,8,3.43,E,8,-9900,?,9,-9900,?,9,0.0,E,8,-9900,?,9,-9900,?,9,0.0,0.0,E,8
04/02/2019,13:00,1209.925,1367.219,949.26,1,8,974.37,1,8,87.058,1,8,113911.2,1,8,92565.128,1,8,9576.372,1,8,31.316,1,8,-9900,?,9,-9900,?,9,28.15,E,8,21.69,E,8,68.0,E,8,1008.6016999999999,E,8,999.0,E,8,3.76,E,8,-9900,?,9,-9900,?,9,0.0,E,8,-9900,?,9,-9900,?,9,0.0,0.0,E,8
04/02/2019,14:00,1110.689,1367.219,888.9,1,8,901.041,1,8,157.032,1,8,106668.0,1,8,85598.863,1,8,17273.489,1,8,61.539,1,8,-9900,?,9,-9900,?,9,28.48,E,8,21.79,E,8,67.0,E,8,1008.6016999999999,E,8,999.0,E,8,3.8,E,8,-9900,?,9,-9900,?,9,0.0,E,8,-9900,?,9,-9900,?,9,0.0,0.0,E,8
04/02/2019,15:00,932.953,1367.219,763.99,1,8,821.328,1,8,203.727,1,8,91678.8,1,8,78026.198,1,8,22409.943,1,8,95.065,1,8,-9900,?,9,-9900,?,9,28.58,E,8,21.82,E,8,66.0,E,8,1008.6016999999999,E,8,999.0,E,8,3.9,E,8,-9900,?,9,-9900,?,9,0.0,E,8,-9900,?,9,-9900,?,9,0.0,0.0,E,8
04/02/2019,16:00,688.897,1367.219,574.08,1,8,779.969,1,8,181.417,1,8,68889.6,1,8,74097.089,1,8,19955.832,1,8,114.706,1,8,-9900,?,9,-9900,?,9,28.34,E,8,21.75,E,8,67.0,E,8,1008.6016999999999,E,8,999.0,E,8,3.86,E,8,-9900,?,9,-9900,?,9,0.0,E,8,-9900,?,9,-9900,?,9,0.0,0.0,E,8
04/02/2019,17:00,395.421,1367.219,335.19,1,8,622.428,1,8,155.742,1,8,40222.8,1,8,59130.652,1,8,17131.626,1,8,171.952,1,8,-9900,?,9,-9900,?,9,27.74,E,8,21.57,E,8,69.0,E,8,1008.6016999999999,E,8,999.0,E,8,3.77,E,8,-9900,?,9,-9900,?,9,0.0,E,8,-9900,?,9,-9900,?,9,0.0,0.0,E,8
04/02/2019,18:00,75.754,1367.219,89.05,1,8,0.0,1,8,89.05,1,8,10686.0,1,8,0.0,1,8,9795.5,1,8,551.337,1,8,-9900,?,9,-9900,?,9,26.87,E,8,21.3,E,8,71.0,E,8,1008.6016999999999,E,8,999.0,E,8,3.19,E,8,-9900,?,9,-9900,?,9,0.0,E,8,-9900,?,9,-9900,?,9,0.0,0.0,E,8
04/02/2019,19:00,0.0,1367.219,0.0,1,8,0.0,1,8,0.0,1,8,0.0,1,8,0.0,1,8,0.0,1,8,-0.0,1,8,-9900,?,9,-9900,?,9,26.32,E,8,21.13,E,8,73.0,E,8,1008.6016999999999,E,8,999.0,E,8,2.3,E,8,-9900,?,9,-9900,?,9,0.0,E,8,-9900,?,9,-9900,?,9,0.0,0.0,E,8
04/02/2019,20:00,0.0,1367.219,0.0,1,8,0.0,1,8,0.0,1,8,0.0,1,8,0.0,1,8,0.0,1,8,-0.0,1,8,-9900,?,9,-9900,?,9,25.78,E,8,20.97,E,8,74.0,E,8,1008.6016999999999,E,8,999.0,E,8,1.67,E,8,-9900,?,9,-9900,?,9,0.0,E,8,-9900,?,9,-9900,?,9,0.0,0.0,E,8
04/02/2019,21:00,0.0,1367.219,0.0,1,8,0.0,1,8,0.0,1,8,0.0,1,8,0.0,1,8,0.0,1,8,-0.0,1,8,-9900,?,9,-9900,?,9,25.23,E,8,20.79,E,8,76.0,E,8,1008.6016999999999,E,8,999.0,E,8,1.31,E,8,-9900,?,9,-9900,?,9,0.0,E,8,-9900,?,9,-9900,?,9,0.0,0.0,E,8
04/02/2019,22:00,0.0,1367.219,0.0,1,8,0.0,1,8,0.0,1,8,0.0,1,8,0.0,1,8,0.0,1,8,-0.0,1,8,-9900,?,9,-9900,?,9,24.69,E,8,20.62,E,8,78.0,E,8,1008.6016999999999,E,8,999.0,E,8,1.07,E,8,-9900,?,9,-9900,?,9,0.0,E,8,-9900,?,9,-9900,?,9,0.0,0.0,E,8
04/02/2019,23:00,0.0,1367.219,0.0,1,8,0.0,1,8,0.0,1,8,0.0,1,8,0.0,1,8,0.0,1,8,-0.0,1,8,-9900,?,9,-9900,?,9,24.14,E,8,20.45,E,8,79.0,E,8,1008.6016999999999,E,8,999.0,E,8,0.98,E,8,-9900,?,9,-9900,?,9,0.0,E,8,-9900,?,9,-9900,?,9,0.0,0.0,E,8
04/02/2019,24:00,0.0,1367.219,0.0,1,8,0.0,1,8,0.0,1,8,0.0,1,8,0.0,1,8,0.0,1,8,-0.0,1,8,-9900,?,9,-9900,?,9,23.6,E,8,20.54,E,8,82.0,E,8,1008.6016999999999,E,8,999.0,E,8,1.5,E,8,-9900,?,9,-9900,?,9,0.0,E,8,-9900,?,9,-9900,?,9,0.0,0.0,E,8
04/03/2019,01:00,0.0,1367.219,0.0,1,8,0.0,1,8,0.0,1,8,0.0,1,8,0.0,1,8,0.0,1,8,-0.0,1,8,-9900,?,9,-9900,?,9,23.32,E,8,20.48,E,8,84.0,E,8,1008.6016999999999,E,8,999.0,E,8,1.86,E,8,-9900,?,9,-9900,?,9,0.0,E,8,-9900,?,9,-9900,?,9,0.0,0.0,E,8
04/03/2019,02:00,0.0,1367.219,0.0,1,8,0.0,1,8,0.0,1,8,0.0,1,8,0.0,1,8,0.0,1,8,-0.0,1,8,-9900,?,9,-9900,?,9,23.05,E,8,20.43,E,8,85.0,E,8,1008.6016999999999,E,8,999.0,E,8,1.24,E,8,-9900,?,9,-9900,?,9,0.0,E,8,-9900,?,9,-9900,?,9,0.0,0.0,E,8
04/03/2019,03:00,0.0,1367.219,0.0,1,8,0.0,1,8,0.0,1,8,0.0,1,8,0.0,1,8,0.0,1,8,-0.0,1,8,-9900,?,9,-9900,?,9,22.78,E,8,20.38,E,8,86.0,E,8,1008.6016999999999,E,8,999.0,E,8,1.18,E,8,-9900,?,9,-9900,?,9,0.0,E,8,-9900,?,9,-9900,?,9,0.0,0.0,E,8
04/03/2019,04:00,0.0,1366.411,0.0,1,8,0.0,1,8,0.0,1,8,0.0,1,8,0.0,1,8,0.0,1,8,-0.0,1,8,-9900,?,9,-9900,?,9,22.51,E,8,20.32,E,8,87.0,E,8,1008.6016999999999,E,8,999.0,E,8,1.18,E,8,-9900,?,9,-9900,?,9,0.0,E,8,-9900,?,9,-9900,?,9,0.0,0.0,E,8
04/03/2019,05:00,0.0,1366.411,0.0,1,8,0.0,1,8,0.0,1,8,0.0,1,8,0.0,1,8,0.0,1,8,-0.0,1,8,-9900,?,9,-9900,?,9,22.23,E,8,20.27,E,8,88.0,E,8,1008.6016999999999,E,8,999.0,E,8,1.18,E,8,-9900,?,9,-9900,?,9,0.0,E,8,-9900,?,9,-9900,?,9,0.0,0.0,E,8
04/03/2019,06:00,0.0,1366.411,0.0,1,8,0.0,1,8,0.0,1,8,0.0,1,8,0.0,1,8,0.0,1,8,-0.0,1,8,-9900,?,9,-9900,?,9,22.02,E,8,20.23,E,8,89.0,E,8,1008.6016999999999,E,8,999.0,E,8,1.18,E,8,-9900,?,9,-9900,?,9,0.0,E,8,-9900,?,9,-9900,?,9,0.0,0.0,E,8
04/03/2019,07:00,177.489,1366.411,0.45,1,8,0.0,1,8,0.45,1,8,54.0,1,8,0.0,1,8,49.5,1,8,1.12,1,8,-9900,?,9,-9900,?,9,21.84,E,8,20.19,E,8,90.0,E,8,1008.6016999999999,E,8,999.0,E,8,1.18,E,8,-9900,?,9,-9900,?,9,0.0,E,8,-9900,?,9,-9900,?,9,0.0,0.0,E,8
04/03/2019,08:00,491.696,1366.411,162.85,1,8,66.56,1,8,138.946,1,8,19542.0,1,8,6323.189,1,8,15284.006,1,8,123.148,1,8,-9900,?,9,-9900,?,9,21.66,E,8,20.16,E,8,91.0,E,8,1008.6016999999999,E,8,999.0,E,8,1.2,E,8,-9900,?,9,-9900,?,9,0.0,E,8,-9900,?,9,-9900,?,9,0.0,0.0,E,8
04/03/2019,09:00,770.753,1366.411,398.09,1,8,263.166,1,8,249.739,1,8,47770.8,1,8,25000.738,1,8,27471.288,1,8,141.018,1,8,-9900,?,9,-9900,?,9,24.52,E,8,20.72,E,8,79.0,E,8,1008.6016999999999,E,8,999.0,E,8,1.97,E,8,-9900,?,9,-9900,?,9,0.0,E,8,-9900,?,9,-9900,?,9,0.0,0.0,E,8
04/03/2019,10:00,994.492,1366.411,608.7,1,8,460.401,1,8,273.701,1,8,73044.0,1,8,43738.098,1,8,30107.145,1,8,119.735,1,8,-9900,?,9,-9900,?,9,25.63,E,8,20.93,E,8,75.0,E,8,1008.6016999999999,E,8,999.0,E,8,3.34,E,8,-9900,?,9,-9900,?,9,0.0,E,8,-9900,?,9,-9900,?,9,0.0,0.0,E,8
04/03/2019,11:00,1147.49,1366.411,777.84,1,8,592.521,1,8,280.311,1,8,93340.8,1,8,56289.489,1,8,30834.256,1,8,106.262,1,8,-9900,?,9,-9900,?,9,26.61,E,8,21.12,E,8,71.0,E,8,1008.6016999999999,E,8,999.0,E,8,3.76,E,8,-9900,?,9,-9900,?,9,0.0,E,8,-9900,?,9,-9900,?,9,0.0,0.0,E,8
04/03/2019,12:00,1219.263,1366.411,875.46,1,8,710.794,1,8,241.258,1,8,105055.2,1,8,67525.425,1,8,26538.412,1,8,86.069,1,8,-9900,?,9,-9900,?,9,27.4,E,8,21.27,E,8,69.0,E,8,1008.6016999999999,E,8,999.0,E,8,3.81,E,8,-9900,?,9,-9900,?,9,0.0,E,8,-9900,?,9,-9900,?,9,0.0,0.0,E,8
04/03/2019,13:00,1204.899,1366.411,898.34,1,8,834.35,1,8,162.673,1,8,107800.8,1,8,79263.285,1,8,17893.977,1,8,58.726,1,8,-9900,?,9,-9900,?,9,27.97,E,8,21.37,E,8,67.0,E,8,1008.6016999999999,E,8,999.0,E,8,4.72,E,8,-9900,?,9,-9900,?,9,0.0,E,8,-9900,?,9,-9900,?,9,0.0,0.0,E,8
04/03/2019,14:00,1105.375,1366.411,853.81,1,8,969.458,1,8,69.677,1,8,102457.2,1,8,92098.488,1,8,7664.423,1,8,27.421,1,8,-9900,?,9,-9900,?,9,28.31,E,8,21.44,E,8,66.0,E,8,1008.6016999999999,E,8,999.0,E,8,5.48,E,8,-9900,?,9,-9900,?,9,0.0,E,8,-9900,?,9,-9900,?,9,0.0,0.0,E,8
04/03/2019,15:00,927.493,1366.411,725.94,1,8,795.197,1,8,186.361,1,8,87112.8,1,8,75543.721,1,8,20499.727,1,8,87.423,1,8,-9900,?,9,-9900,?,9,28.4,E,8,21.45,E,8,66.0,E,8,1008.6016999999999,E,8,999.0,E,8,5.29,E,8,-9900,?,9,-9900,?,9,0.0,E,8,-9900,?,9,-9900,?,9,0.0,0.0,E,8
04/03/2019,16:00,683.443,1366.411,546.95,1,8,776.047,1,8,159.132,1,8,65634.0,1,8,73724.455,1,8,17504.473,1,8,101.36,1,8,-9900,?,9,-9900,?,9,28.18,E,8,21.41,E,8,66.0,E,8,1008.6016999999999,E,8,999.0,E,8,4.97,E,8,-9900,?,9,-9900,?,9,0.0,E,8,-9900,?,9,-9900,?,9,0.0,0.0,E,8
04/03/2019,17:00,390.133,1366.411,326.36,1,8,620.01,1,8,149.911,1,8,39163.2,1,8,58900.935,1,8,16490.219,1,8,167.673,1,8,-9900,?,9,-9900,?,9,27.62,E,8,21.31,E,8,68.0,E,8,1008.6016999999999,E,8,999.0,E,8,4.53,E,8,-9900,?,9,-9900,?,9,0.0,E,8,-9900,?,9,-9900,?,9,0.0,0.0,E,8
04/03/2019,18:00,70.977,1366.411,90.21,1,8,0.0,1,8,90.21,1,8,10825.2,1,8,0.0,1,8,9923.1,1,8,601.036,1,8,-9900,?,9,-9900,?,9,26.79,E,8,21.15,E,8,71.0,E,8,1008.6016999999999,E,8,999.0,E,8,3.73,E,8,-9900,?,9,-9900,?,9,0.0,E,8,-9900,?,9,-9900,?,9,0.0,0.0,E,8
04/03/2019,19:00,0.0,1366.411,0.0,1,8,0.0,1,8,0.0,1,8,0.0,1,8,0.0,1,8,0.0,1,8,-0.0,1,8,-9900,?,9,-9900,?,9,26.21,E,8,21.04,E,8,73.0,E,8,1008.6016999999999,E,8,999.0,E,8,2.17,E,8,-9900,?,9,-9900,?,9,0.0,E,8,-9900,?,9,-9900,?,9,0.0,0.0,E,8
04/03/2019,20:00,0.0,1366.411,0.0,1,8,0.0,1,8,0.0,1,8,0.0,1,8,0.0,1,8,0.0,1,8,-0.0,1,8,-9900,?,9,-9900,?,9,25.64,E,8,20.93,E,8,75.0,E,8,1008.6016999999999,E,8,999.0,E,8,1.36,E,8,-9900,?,9,-9900,?,9,0.0,E,8,-9900,?,9,-9900,?,9,0.0,0.0,E,8
04/03/2019,21:00,0.0,1366.411,0.0,1,8,0.0,1,8,0.0,1,8,0.0,1,8,0.0,1,8,0.0,1,8,-0.0,1,8,-9900,?,9,-9900,?,9,25.06,E,8,20.82,E,8,77.0,E,8,1008.6016999999999,E,8,999.0,E,8,1.18,E,8,-9900,?,9,-9900,?,9,0.0,E,8,-9900,?,9,-9900,?,9,0.0,0.0,E,8
04/03/2019,22:00,0.0,1366.411,0.0,1,8,0.0,1,8,0.0,1,8,0.0,1,8,0.0,1,8,0.0,1,8,-0.0,1,8,-9900,?,9,-9900,?,9,24.48,E,8,20.71,E,8,79.0,E,8,1008.6016999999999,E,8,999.0,E,8,1.18,E,8,-9900,?,9,-9900,?,9,0.0,E,8,-9900,?,9,-9900,?,9,0.0,0.0,E,8
04/03/2019,23:00,0.0,1366.411,0.0,1,8,0.0,1,8,0.0,1,8,0.0,1,8,0.0,1,8,0.0,1,8,-0.0,1,8,-9900,?,9,-9900,?,9,23.91,E,8,20.6,E,8,81.0,E,8,1008.6016999999999,E,8,999.0,E,8,1.18,E,8,-9900,?,9,-9900,?,9,0.0,E,8,-9900,?,9,-9900,?,9,0.0,0.0,E,8
04/03/2019,24:00,0.0,1366.411,0.0,1,8,0.0,1,8,0.0,1,8,0.0,1,8,0.0,1,8,0.0,1,8,-0.0,1,8,-9900,?,9,-9900,?,9,23.33,E,8,20.79,E,8,94.0,E,8,1008.6016999999999,E,8,999.0,E,8,1.7,E,8,-9900,?,9,-9900,?,9,0.526,E,8,-9900,?,9,-9900,?,9,5.26,99.0,E,8
04/04/2019,01:00,0.0,1366.411,0.0,1,8,0.0,1,8,0.0,1,8,0.0,1,8,0.0,1,8,0.0,1,8,-0.0,1,8,-9900,?,9,-9900,?,9,23.04,E,8,20.74,E,8,87.0,E,8,1008.6016999999999,E,8,999.0,E,8,1.7,E,8,-9900,?,9,-9900,?,9,0.01,E,8,-9900,?,9,-9900,?,9,0.1,99.0,E,8
04/04/2019,02:00,0.0,1366.411,0.0,1,8,0.0,1,8,0.0,1,8,0.0,1,8,0.0,1,8,0.0,1,8,-0.0,1,8,-9900,?,9,-9900,?,9,22.75,E,8,20.68,E,8,88.0,E,8,1008.6016999999999,E,8,999.0,E,8,1.7,E,8,-9900,?,9,-9900,?,9,0.006,E,8,-9900,?,9,-9900,?,9,0.06,99.0,E,8
04/04/2019,03:00,0.0,1366.411,0.0,1,8,0.0,1,8,0.0,1,8,0.0,1,8,0.0,1,8,0.0,1,8,-0.0,1,8,-9900,?,9,-9900,?,9,22.47,E,8,20.63,E,8,89.0,E,8,1008.6016999999999,E,8,999.0,E,8,1.7,E,8,-9900,?,9,-9900,?,9,0.016,E,8,-9900,?,9,-9900,?,9,0.16,99.0,E,8
04/04/2019,04:00,0.0,1365.603,0.0,1,8,0.0,1,8,0.0,1,8,0.0,1,8,0.0,1,8,0.0,1,8,-0.0,1,8,-9900,?,9,-9900,?,9,22.18,E,8,20.57,E,8,90.0,E,8,1008.6016999999999,E,8,999.0,E,8,1.7,E,8,-9900,?,9,-9900,?,9,0.004,E,8,-9900,?,9,-9900,?,9,0.04,99.0,E,8
04/04/2019,05:00,0.0,1365.603,0.0,1,8,0.0,1,8,0.0,1,8,0.0,1,8,0.0,1,8,0.0,1,8,-0.0,1,8,-9900,?,9,-9900,?,9,21.89,E,8,20.52,E,8,87.0,E,8,1008.6016999999999,E,8,999.0,E,8,1.7,E,8,-9900,?,9,-9900,?,9,0.0,E,8,-9900,?,9,-9900,?,9,0.0,0.0,E,8
04/04/2019,06:00,0.0,1365.603,0.0,1,8,0.0,1,8,0.0,1,8,0.0,1,8,0.0,1,8,0.0,1,8,-0.0,1,8,-9900,?,9,-9900,?,9,21.67,E,8,20.47,E,8,92.0,E,8,1008.6016999999999,E,8,999.0,E,8,1.7,E,8,-9900,?,9,-9900,?,9,0.002,E,8,-9900,?,9,-9900,?,9,0.02,99.0,E,8
04/04/2019,07:00,175.583,1365.603,0.21,1,8,0.0,1,8,0.21,1,8,25.2,1,8,0.0,1,8,23.1,1,8,0.528,1,8,-9900,?,9,-9900,?,9,21.48,E,8,20.44,E,8,89.0,E,8,1008.6016999999999,E,8,999.0,E,8,1.7,E,8,-9900,?,9,-9900,?,9,0.0,E,8,-9900,?,9,-9900,?,9,0.0,0.0,E,8
04/04/2019,08:00,489.258,1365.603,135.18,1,8,18.547,1,8,128.548,1,8,16221.6,1,8,1761.987,1,8,14140.295,1,8,114.435,1,8,-9900,?,9,-9900,?,9,21.29,E,8,20.4,E,8,93.0,E,8,1008.6016999999999,E,8,999.0,E,8,1.7,E,8,-9900,?,9,-9900,?,9,0.003,E,8,-9900,?,9,-9900,?,9,0.03,99.0,E,8
04/04/2019,09:00,767.746,1365.603,209.15,1,8,6.252,1,8,205.637,1,8,25098.0,1,8,593.974,1,8,22620.085,1,8,116.502,1,8,-9900,?,9,-9900,?,9,23.51,E,8,20.83,E,8,85.0,E,8,1008.6016999999999,E,8,999.0,E,8,1.7,E,8,-9900,?,9,-9900,?,9,0.032,E,8,-9900,?,9,-9900,?,9,0.32,99.0,E,8
04/04/2019,10:00,990.899,1365.603,313.18,1,8,26.911,1,8,293.659,1,8,37581.6,1,8,2556.499,1,8,32302.44,1,8,128.855,1,8,-9900,?,9,-9900,?,9,24.11,E,8,20.94,E,8,84.0,E,8,1008.6016999999999,E,8,999.0,E,8,1.7,E,8,-9900,?,9,-9900,?,9,0.001,E,8,-9900,?,9,-9900,?,9,0.01,99.0,E,8
04/04/2019,11:00,1143.336,1365.603,469.06,1,8,93.168,1,8,391.066,1,8,56287.2,1,8,8850.915,1,8,43017.297,1,8,148.698,1,8,-9900,?,9,-9900,?,9,24.92,E,8,21.1,E,8,77.0,E,8,1008.6016999999999,E,8,999.0,E,8,1.7,E,8,-9900,?,9,-9900,?,9,0.0,E,8,-9900,?,9,-9900,?,9,0.0,0.0,E,8
04/04/2019,12:00,1214.609,1365.603,650.11,1,8,256.483,1,8,422.003,1,8,78013.2,1,8,24365.93,1,8,46420.375,1,8,151.038,1,8,-9900,?,9,-9900,?,9,25.87,E,8,21.28,E,8,74.0,E,8,1008.6016999999999,E,8,999.0,E,8,2.3,E,8,-9900,?,9,-9900,?,9,0.0,E,8,-9900,?,9,-9900,?,9,0.0,0.0,E,8
04/04/2019,13:00,1199.842,1365.603,796.99,1,8,526.582,1,8,334.367,1,8,95638.8,1,8,50025.253,1,8,36780.319,1,8,121.147,1,8,-9900,?,9,-9900,?,9,26.82,E,8,21.45,E,8,71.0,E,8,1008.6016999999999,E,8,999.0,E,8,2.51,E,8,-9900,?,9,-9900,?,9,0.0,E,8,-9900,?,9,-9900,?,9,0.0,0.0,E,8
04/04/2019,14:00,1100.039,1365.603,832.6,1,8,808.896,1,8,181.111,1,8,99912.0,1,8,76845.092,1,8,19922.205,1,8,71.578,1,8,-9900,?,9,-9900,?,9,27.56,E,8,21.59,E,8,69.0,E,8,1008.6016999999999,E,8,999.0,E,8,2.7,E,8,-9900,?,9,-9900,?,9,0.0,E,8,-9900,?,9,-9900,?,9,0.0,0.0,E,8
04/04/2019,15:00,922.022,1365.603,641.07,1,8,778.038,1,8,115.941,1,8,76928.4,1,8,73913.652,1,8,12753.543,1,8,54.679,1,8,-9900,?,9,-9900,?,9,27.81,E,8,21.63,E,8,69.0,E,8,1008.6016999999999,E,8,999.0,E,8,2.65,E,8,-9900,?,9,-9900,?,9,0.0,E,8,-9900,?,9,-9900,?,9,0.0,0.0,E,8
04/04/2019,16:00,677.993,1365.603,454.96,1,8,661.087,1,8,127.038,1,8,54595.2,1,8,62803.3,1,8,13974.151,1,8,81.521,1,8,-9900,?,9,-9900,?,9,27.69,E,8,21.61,E,8,69.0,E,8,1008.6016999999999,E,8,999.0,E,8,2.91,E,8,-9900,?,9,-9900,?,9,0.0,E,8,-9900,?,9,-9900,?,9,0.0,0.0,E,8
04/04/2019,17:00,384.862,1365.603,345.39,1,8,453.368,1,8,218.045,1,8,41446.8,1,8,43069.933,1,8,23984.981,1,8,247.096,1,8,-9900,?,9,-9900,?,9,27.35,E,8,21.55,E,8,70.0,E,8,1008.6016999999999,E,8,999.0,E,8,3.24,E,8,-9900,?,9,-9900,?,9,0.0,E,8,-9900,?,9,-9900,?,9,0.0,0.0,E,8
04/04/2019,18:00,66.249,1365.603,121.83,1,8,0.0,1,8,121.83,1,8,14619.6,1,8,0.0,1,8,13401.3,1,8,878.204,1,8,-9900,?,9,-9900,?,9,26.62,E,8,21.41,E,8,72.0,E,8,1008.6016999999999,E,8,999.0,E,8,2.15,E,8,-9900,?,9,-9900,?,9,0.0,E,8,-9900,?,9,-9900,?,9,0.0,0.0,E,8
04/04/2019,19:00,0.0,1365.603,0.0,1,8,0.0,1,8,0.0,1,8,0.0,1,8,0.0,1,8,0.0,1,8,-0.0,1,8,-9900,?,9,-9900,?,9,26.09,E,8,21.32,E,8,73.0,E,8,1008.6016999999999,E,8,999.0,E,8,1.7,E,8,-9900,?,9,-9900,?,9,0.0,E,8,-9900,?,9,-9900,?,9,0.0,0.0,E,8
04/04/2019,20:00,0.0,1365.603,0.0,1,8,0.0,1,8,0.0,1,8,0.0,1,8,0.0,1,8,0.0,1,8,-0.0,1,8,-9900,?,9,-9900,?,9,25.55,E,8,21.22,E,8,75.0,E,8,1008.6016999999999,E,8,999.0,E,8,1.7,E,8,-9900,?,9,-9900,?,9,0.0,E,8,-9900,?,9,-9900,?,9,0.0,0.0,E,8
04/04/2019,21:00,0.0,1365.603,0.0,1,8,0.0,1,8,0.0,1,8,0.0,1,8,0.0,1,8,0.0,1,8,-0.0,1,8,-9900,?,9,-9900,?,9,25.02,E,8,21.12,E,8,77.0,E,8,1008.6016999999999,E,8,999.0,E,8,1.7,E,8,-9900,?,9,-9900,?,9,0.0,E,8,-9900,?,9,-9900,?,9,0.0,0.0,E,8
04/04/2019,22:00,0.0,1365.603,0.0,1,8,0.0,1,8,0.0,1,8,0.0,1,8,0.0,1,8,0.0,1,8,-0.0,1,8,-9900,?,9,-9900,?,9,24.48,E,8,21.01,E,8,78.0,E,8,1008.6016999999999,E,8,999.0,E,8,1.7,E,8,-9900,?,9,-9900,?,9,0.0,E,8,-9900,?,9,-9900,?,9,0.0,0.0,E,8
04/04/2019,23:00,0.0,1365.603,0.0,1,8,0.0,1,8,0.0,1,8,0.0,1,8,0.0,1,8,0.0,1,8,-0.0,1,8,-9900,?,9,-9900,?,9,23.95,E,8,20.91,E,8,80.0,E,8,1008.6016999999999,E,8,999.0,E,8,1.7,E,8,-9900,?,9,-9900,?,9,0.0,E,8,-9900,?,9,-9900,?,9,0.0,0.0,E,8
04/04/2019,24:00,0.0,1365.603,0.0,1,8,0.0,1,8,0.0,1,8,0.0,1,8,0.0,1,8,0.0,1,8,-0.0,1,8,-9900,?,9,-9900,?,9,23.41,E,8,20.74,E,8,82.0,E,8,1008.6016999999999,E,8,999.0,E,8,1.88,E,8,-9900,?,9,-9900,?,9,0.0,E,8,-9900,?,9,-9900,?,9,0.0,0.0,E,8
04/05/2019,01:00,0.0,1365.603,0.0,1,8,0.0,1,8,0.0,1,8,0.0,1,8,0.0,1,8,0.0,1,8,-0.0,1,8,-9900,?,9,-9900,?,9,23.14,E,8,20.73,E,8,83.0,E,8,1008.6016999999999,E,8,999.0,E,8,1.88,E,8,-9900,?,9,-9900,?,9,0.0,E,8,-9900,?,9,-9900,?,9,0.0,0.0,E,8
04/05/2019,02:00,0.0,1365.603,0.0,1,8,0.0,1,8,0.0,1,8,0.0,1,8,0.0,1,8,0.0,1,8,-0.0,1,8,-9900,?,9,-9900,?,9,22.88,E,8,20.71,E,8,84.0,E,8,1008.6016999999999,E,8,999.0,E,8,1.88,E,8,-9900,?,9,-9900,?,9,0.0,E,8,-9900,?,9,-9900,?,9,0.0,0.0,E,8
04/05/2019,03:00,0.0,1365.603,0.0,1,8,0.0,1,8,0.0,1,8,0.0,1,8,0.0,1,8,0.0,1,8,-0.0,1,8,-9900,?,9,-9900,?,9,22.61,E,8,20.7,E,8,85.0,E,8,1008.6016999999999,E,8,999.0,E,8,1.88,E,8,-9900,?,9,-9900,?,9,0.0,E,8,-9900,?,9,-9900,?,9,0.0,0.0,E,8
04/05/2019,04:00,0.0,1364.797,0.0,1,8,0.0,1,8,0.0,1,8,0.0,1,8,0.0,1,8,0.0,1,8,-0.0,1,8,-9900,?,9,-9900,?,9,22.34,E,8,20.69,E,8,86.0,E,8,1008.6016999999999,E,8,999.0,E,8,1.88,E,8,-9900,?,9,-9900,?,9,0.0,E,8,-9900,?,9,-9900,?,9,0.0,0.0,E,8
04/05/2019,05:00,0.0,1364.797,0.0,1,8,0.0,1,8,0.0,1,8,0.0,1,8,0.0,1,8,0.0,1,8,-0.0,1,8,-9900,?,9,-9900,?,9,22.08,E,8,20.68,E,8,87.0,E,8,1008.6016999999999,E,8,999.0,E,8,1.88,E,8,-9900,?,9,-9900,?,9,0.0,E,8,-9900,?,9,-9900,?,9,0.0,0.0,E,8
04/05/2019,06:00,0.0,1364.797,0.0,1,8,0.0,1,8,0.0,1,8,0.0,1,8,0.0,1,8,0.0,1,8,-0.0,1,8,-9900,?,9,-9900,?,9,21.87,E,8,20.67,E,8,88.0,E,8,1008.6016999999999,E,8,999.0,E,8,1.88,E,8,-9900,?,9,-9900,?,9,0.0,E,8,-9900,?,9,-9900,?,9,0.0,0.0,E,8
04/05/2019,07:00,173.669,1364.797,0.22,1,8,0.0,1,8,0.22,1,8,26.4,1,8,0.0,1,8,24.2,1,8,0.559,1,8,-9900,?,9,-9900,?,9,21.69,E,8,20.66,E,8,89.0,E,8,1008.6016999999999,E,8,999.0,E,8,1.88,E,8,-9900,?,9,-9900,?,9,0.0,E,8,-9900,?,9,-9900,?,9,0.0,0.0,E,8
04/05/2019,08:00,486.801,1364.797,159.42,1,8,62.869,1,8,137.04,1,8,19130.4,1,8,5972.537,1,8,15074.441,1,8,122.541,1,8,-9900,?,9,-9900,?,9,21.52,E,8,20.65,E,8,94.0,E,8,1008.6016999999999,E,8,999.0,E,8,1.88,E,8,-9900,?,9,-9900,?,9,0.001,E,8,-9900,?,9,-9900,?,9,0.01,99.0,E,8
04/05/2019,09:00,764.709,1364.797,391.0,1,8,254.457,1,8,248.516,1,8,46920.0,1,8,24173.443,1,8,27336.795,1,8,141.272,1,8,-9900,?,9,-9900,?,9,24.22,E,8,20.78,E,8,78.0,E,8,1008.6016999999999,E,8,999.0,E,8,1.88,E,8,-9900,?,9,-9900,?,9,0.0,E,8,-9900,?,9,-9900,?,9,0.0,0.0,E,8
04/05/2019,10:00,987.272,1364.797,595.89,1,8,426.678,1,8,287.321,1,8,71506.8,1,8,40534.37,1,8,31605.299,1,8,126.463,1,8,-9900,?,9,-9900,?,9,25.26,E,8,20.82,E,8,74.0,E,8,1008.6016999999999,E,8,999.0,E,8,1.88,E,8,-9900,?,9,-9900,?,9,0.0,E,8,-9900,?,9,-9900,?,9,0.0,0.0,E,8
04/05/2019,11:00,1139.145,1364.797,756.98,1,8,562.483,1,8,287.557,1,8,90837.6,1,8,53435.839,1,8,31631.268,1,8,109.678,1,8,-9900,?,9,-9900,?,9,26.18,E,8,20.86,E,8,71.0,E,8,1008.6016999999999,E,8,999.0,E,8,1.88,E,8,-9900,?,9,-9900,?,9,0.0,E,8,-9900,?,9,-9900,?,9,0.0,0.0,E,8
04/05/2019,12:00,1209.921,1364.797,846.0,1,8,643.464,1,8,275.601,1,8,101520.0,1,8,61129.065,1,8,30316.157,1,8,98.964,1,8,-9900,?,9,-9900,?,9,26.91,E,8,20.9,E,8,69.0,E,8,1008.6016999999999,E,8,999.0,E,8,1.88,E,8,-9900,?,9,-9900,?,9,0.0,E,8,-9900,?,9,-9900,?,9,0.0,0.0,E,8
04/05/2019,13:00,1194.757,1364.797,880.9,1,8,803.244,1,8,177.795,1,8,105708.0,1,8,76308.226,1,8,19557.437,1,8,64.654,1,8,-9900,?,9,-9900,?,9,27.45,E,8,20.92,E,8,67.0,E,8,1008.6016999999999,E,8,999.0,E,8,1.88,E,8,-9900,?,9,-9900,?,9,0.0,E,8,-9900,?,9,-9900,?,9,0.0,0.0,E,8
04/05/2019,14:00,1094.684,1364.797,825.24,1,8,913.324,1,8,92.796,1,8,99028.8,1,8,86765.734,1,8,10207.539,1,8,36.832,1,8,-9900,?,9,-9900,?,9,27.76,E,8,20.94,E,8,66.0,E,8,1008.6016999999999,E,8,999.0,E,8,2.3,E,8,-9900,?,9,-9900,?,9,0.0,E,8,-9900,?,9,-9900,?,9,0.0,0.0,E,8
04/05/2019,15:00,916.544,1364.797,707.98,1,8,782.492,1,8,182.677,1,8,84957.6,1,8,74336.746,1,8,20094.459,1,8,86.617,1,8,-9900,?,9,-9900,?,9,27.85,E,8,20.94,E,8,66.0,E,8,1008.6016999999999,E,8,999.0,E,8,2.88,E,8,-9900,?,9,-9900,?,9,0.0,E,8,-9900,?,9,-9900,?,9,0.0,0.0,E,8
04/05/2019,16:00,672.548,1364.797,536.84,1,8,772.334,1,8,156.594,1,8,64420.8,1,8,73371.756,1,8,17225.373,1,8,101.243,1,8,-9900,?,9,-9900,?,9,27.65,E,8,20.93,E,8,66.0,E,8,1008.6016999999999,E,8,999.0,E,8,2.63,E,8,-9900,?,9,-9900,?,9,0.0,E,8,-9900,?,9,-9900,?,9,0.0,0.0,E,8
04/05/2019,17:00,379.613,1364.797,313.06,1,8,613.874,1,8,142.899,1,8,37567.2,1,8,58317.997,1,8,15718.891,1,8,164.096,1,8,-9900,?,9,-9900,?,9,27.11,E,8,20.91,E,8,68.0,E,8,1008.6016999999999,E,8,999.0,E,8,2.06,E,8,-9900,?,9,-9900,?,9,0.0,E,8,-9900,?,9,-9900,?,9,0.0,0.0,E,8
04/05/2019,18:00,61.574,1364.797,82.12,1,8,0.0,1,8,82.12,1,8,9854.4,1,8,0.0,1,8,9033.2,1,8,644.437,1,8,-9900,?,9,-9900,?,9,26.32,E,8,20.87,E,8,75.0,E,8,1008.6016999999999,E,8,999.0,E,8,1.88,E,8,-9900,?,9,-9900,?,9,0.022,E,8,-9900,?,9,-9900,?,9,0.22,99.0,E,8
04/05/2019,19:00,0.0,1364.797,0.0,1,8,0.0,1,8,0.0,1,8,0.0,1,8,0.0,1,8,0.0,1,8,-0.0,1,8,-9900,?,9,-9900,?,9,25.79,E,8,20.85,E,8,77.0,E,8,1008.6016999999999,E,8,999.0,E,8,1.88,E,8,-9900,?,9,-9900,?,9,0.005,E,8,-9900,?,9,-9900,?,9,0.05,99.0,E,8
04/05/2019,20:00,0.0,1364.797,0.0,1,8,0.0,1,8,0.0,1,8,0.0,1,8,0.0,1,8,0.0,1,8,-0.0,1,8,-9900,?,9,-9900,?,9,25.26,E,8,20.82,E,8,79.0,E,8,1008.6016999999999,E,8,999.0,E,8,1.88,E,8,-9900,?,9,-9900,?,9,0.01,E,8,-9900,?,9,-9900,?,9,0.1,99.0,E,8
04/05/2019,21:00,0.0,1364.797,0.0,1,8,0.0,1,8,0.0,1,8,0.0,1,8,0.0,1,8,0.0,1,8,-0.0,1,8,-9900,?,9,-9900,?,9,24.73,E,8,20.8,E,8,85.0,E,8,1008.6016999999999,E,8,999.0,E,8,1.88,E,8,-9900,?,9,-9900,?,9,0.458,E,8,-9900,?,9,-9900,?,9,4.58,99.0,E,8
04/05/2019,22:00,0.0,1364.797,0.0,1,8,0.0,1,8,0.0,1,8,0.0,1,8,0.0,1,8,0.0,1,8,-0.0,1,8,-9900,?,9,-9900,?,9,24.19,E,8,20.77,E,8,83.0,E,8,1008.6016999999999,E,8,999.0,E,8,1.88,E,8,-9900,?,9,-9900,?,9,0.001,E,8,-9900,?,9,-9900,?,9,0.01,99.0,E,8
04/05/2019,23:00,0.0,1364.797,0.0,1,8,0.0,1,8,0.0,1,8,0.0,1,8,0.0,1,8,0.0,1,8,-0.0,1,8,-9900,?,9,-9900,?,9,23.66,E,8,20.75,E,8,85.0,E,8,1008.6016999999999,E,8,999.0,E,8,1.88,E,8,-9900,?,9,-9900,?,9,0.003,E,8,-9900,?,9,-9900,?,9,0.03,99.0,E,8
04/05/2019,24:00,0.0,1364.797,0.0,1,8,0.0,1,8,0.0,1,8,0.0,1,8,0.0,1,8,0.0,1,8,-0.0,1,8,-9900,?,9,-9900,?,9,23.13,E,8,21.38,E,8,88.0,E,8,1008.6016999999999,E,8,999.0,E,8,1.97,E,8,-9900,?,9,-9900,?,9,0.078,E,8,-9900,?,9,-9900,?,9,0.78,99.0,E,8
04/06/2019,01:00,0.0,1364.797,0.0,1,8,0.0,1,8,0.0,1,8,0.0,1,8,0.0,1,8,0.0,1,8,-0.0,1,8,-9900,?,9,-9900,?,9,22.86,E,8,21.28,E,8,91.0,E,8,1008.6016999999999,E,8,999.0,E,8,1.97,E,8,-9900,?,9,-9900,?,9,0.11399999999999999,E,8,-9900,?,9,-9900,?,9,1.14,99.0,E,8
04/06/2019,02:00,0.0,1364.797,0.0,1,8,0.0,1,8,0.0,1,8,0.0,1,8,0.0,1,8,0.0,1,8,-0.0,1,8,-9900,?,9,-9900,?,9,22.6,E,8,21.19,E,8,92.0,E,8,1008.6016999999999,E,8,999.0,E,8,1.97,E,8,-9900,?,9,-9900,?,9,0.193,E,8,-9900,?,9,-9900,?,9,1.93,99.0,E,8
04/06/2019,03:00,0.0,1364.797,0.0,1,8,0.0,1,8,0.0,1,8,0.0,1,8,0.0,1,8,0.0,1,8,-0.0,1,8,-9900,?,9,-9900,?,9,22.33,E,8,21.09,E,8,89.0,E,8,1008.6016999999999,E,8,999.0,E,8,1.97,E,8,-9900,?,9,-9900,?,9,0.015,E,8,-9900,?,9,-9900,?,9,0.15,99.0,E,8
04/06/2019,04:00,0.0,1363.992,0.0,1,8,0.0,1,8,0.0,1,8,0.0,1,8,0.0,1,8,0.0,1,8,-0.0,1,8,-9900,?,9,-9900,?,9,22.07,E,8,21.0,E,8,90.0,E,8,1008.6016999999999,E,8,999.0,E,8,1.97,E,8,-9900,?,9,-9900,?,9,0.019,E,8,-9900,?,9,-9900,?,9,0.19,99.0,E,8
04/06/2019,05:00,0.0,1363.992,0.0,1,8,0.0,1,8,0.0,1,8,0.0,1,8,0.0,1,8,0.0,1,8,-0.0,1,8,-9900,?,9,-9900,?,9,21.8,E,8,20.9,E,8,96.0,E,8,1008.6016999999999,E,8,999.0,E,8,1.97,E,8,-9900,?,9,-9900,?,9,2.388,E,8,-9900,?,9,-9900,?,9,23.88,99.0,E,8
04/06/2019,06:00,0.0,1363.992,0.0,1,8,0.0,1,8,0.0,1,8,0.0,1,8,0.0,1,8,0.0,1,8,-0.0,1,8,-9900,?,9,-9900,?,9,21.6,E,8,20.83,E,8,91.0,E,8,1008.6016999999999,E,8,999.0,E,8,1.97,E,8,-9900,?,9,-9900,?,9,0.056999999999999995,E,8,-9900,?,9,-9900,?,9,0.57,99.0,E,8
04/06/2019,07:00,171.747,1363.992,0.11,1,8,0.0,1,8,0.11,1,8,13.2,1,8,0.0,1,8,12.1,1,8,0.283,1,8,-9900,?,9,-9900,?,9,21.42,E,8,20.76,E,8,91.0,E,8,1008.6016999999999,E,8,999.0,E,8,1.97,E,8,-9900,?,9,-9900,?,9,0.001,E,8,-9900,?,9,-9900,?,9,0.01,99.0,E,8
04/06/2019,08:00,484.324,1363.992,94.34,1,8,0.0,1,8,94.34,1,8,11320.8,1,8,0.0,1,8,10377.4,1,8,84.742,1,8,-9900,?,9,-9900,?,9,21.25,E,8,20.7,E,8,89.0,E,8,1008.6016999999999,E,8,999.0,E,8,1.97,E,8,-9900,?,9,-9900,?,9,0.0,E,8,-9900,?,9,-9900,?,9,0.0,0.0,E,8
04/06/2019,09:00,761.645,1363.992,235.91,1,8,37.652,1,8,214.899,1,8,28309.2,1,8,3576.923,1,8,23638.895,1,8,122.581,1,8,-9900,?,9,-9900,?,9,23.44,E,8,21.49,E,8,84.0,E,8,1008.6016999999999,E,8,999.0,E,8,1.97,E,8,-9900,?,9,-9900,?,9,0.0,E,8,-9900,?,9,-9900,?,9,0.0,0.0,E,8
04/06/2019,10:00,983.612,1363.992,361.15,1,8,49.986,1,8,325.114,1,8,43338.0,1,8,4748.66,1,8,35762.495,1,8,143.546,1,8,-9900,?,9,-9900,?,9,24.31,E,8,21.79,E,8,82.0,E,8,1008.6016999999999,E,8,999.0,E,8,1.97,E,8,-9900,?,9,-9900,?,9,0.0,E,8,-9900,?,9,-9900,?,9,0.0,0.0,E,8
04/06/2019,11:00,1134.92,1363.992,455.93,1,8,60.336,1,8,405.734,1,8,54711.6,1,8,5731.877,1,8,44630.731,1,8,155.237,1,8,-9900,?,9,-9900,?,9,25.06,E,8,22.05,E,8,81.0,E,8,1008.6016999999999,E,8,999.0,E,8,1.97,E,8,-9900,?,9,-9900,?,9,0.0,E,8,-9900,?,9,-9900,?,9,0.0,0.0,E,8
04/06/2019,12:00,1205.201,1363.992,512.45,1,8,72.066,1,8,448.779,1,8,61494.0,1,8,6846.254,1,8,49365.699,1,8,161.685,1,8,-9900,?,9,-9900,?,9,25.66,E,8,22.25,E,8,80.0,E,8,1008.6016999999999,E,8,999.0,E,8,1.97,E,8,-9900,?,9,-9900,?,9,0.0,E,8,-9900,?,9,-9900,?,9,0.0,0.0,E,8
04/06/2019,13:00,1189.645,1363.992,526.43,1,8,85.632,1,8,451.751,1,8,63171.6,1,8,8135.01,1,8,49692.585,1,8,164.886,1,8,-9900,?,9,-9900,?,9,26.09,E,8,22.39,E,8,79.0,E,8,1008.6016999999999,E,8,999.0,E,8,1.97,E,8,-9900,?,9,-9900,?,9,0.0,E,8,-9900,?,9,-9900,?,9,0.0,0.0,E,8
04/06/2019,14:00,1089.312,1363.992,496.83,1,8,104.346,1,8,413.511,1,8,59619.6,1,8,9912.899,1,8,45486.191,1,8,164.842,1,8,-9900,?,9,-9900,?,9,26.34,E,8,22.48,E,8,79.0,E,8,1008.6016999999999,E,8,999.0,E,8,1.97,E,8,-9900,?,9,-9900,?,9,0.0,E,8,-9900,?,9,-9900,?,9,0.0,0.0,E,8
04/06/2019,15:00,911.061,1363.992,425.86,1,8,109.311,1,8,352.874,1,8,51103.2,1,8,10384.535,1,8,38816.12,1,8,168.226,1,8,-9900,?,9,-9900,?,9,26.41,E,8,22.5,E,8,81.0,E,8,1008.6016999999999,E,8,999.0,E,8,2.06,E,8,-9900,?,9,-9900,?,9,0.043,E,8,-9900,?,9,-9900,?,9,0.43,99.0,E,8
04/06/2019,16:00,667.112,1363.992,318.98,1,8,199.163,1,8,221.663,1,8,38277.6,1,8,18920.442,1,8,24382.886,1,8,144.398,1,8,-9900,?,9,-9900,?,9,26.23,E,8,22.44,E,8,82.0,E,8,1008.6016999999999,E,8,999.0,E,8,1.97,E,8,-9900,?,9,-9900,?,9,0.008,E,8,-9900,?,9,-9900,?,9,0.08,99.0,E,8
04/06/2019,17:00,374.387,1363.992,185.6,1,8,305.222,1,8,102.119,1,8,22272.0,1,8,28996.057,1,8,11233.047,1,8,118.845,1,8,-9900,?,9,-9900,?,9,25.79,E,8,22.29,E,8,83.0,E,8,1008.6016999999999,E,8,999.0,E,8,1.97,E,8,-9900,?,9,-9900,?,9,0.025,E,8,-9900,?,9,-9900,?,9,0.25,99.0,E,8
04/06/2019,18:00,56.957,1363.992,46.06,1,8,0.0,1,8,46.06,1,8,5527.2,1,8,0.0,1,8,5066.6,1,8,396.369,1,8,-9900,?,9,-9900,?,9,25.15,E,8,22.08,E,8,84.0,E,8,1008.6016999999999,E,8,999.0,E,8,1.97,E,8,-9900,?,9,-9900,?,9,0.006,E,8,-9900,?,9,-9900,?,9,0.06,99.0,E,8
04/06/2019,19:00,0.0,1363.992,0.0,1,8,0.0,1,8,0.0,1,8,0.0,1,8,0.0,1,8,0.0,1,8,-0.0,1,8,-9900,?,9,-9900,?,9,24.71,E,8,21.93,E,8,85.0,E,8,1008.6016999999999,E,8,999.0,E,8,1.97,E,8,-9900,?,9,-9900,?,9,0.001,E,8,-9900,?,9,-9900,?,9,0.01,99.0,E,8
04/06/2019,20:00,0.0,1363.992,0.0,1,8,0.0,1,8,0.0,1,8,0.0,1,8,0.0,1,8,0.0,1,8,-0.0,1,8,-9900,?,9,-9900,?,9,24.27,E,8,21.78,E,8,85.0,E,8,1008.6016999999999,E,8,999.0,E,8,1.97,E,8,-9900,?,9,-9900,?,9,0.011,E,8,-9900,?,9,-9900,?,9,0.11,99.0,E,8
04/06/2019,21:00,0.0,1363.992,0.0,1,8,0.0,1,8,0.0,1,8,0.0,1,8,0.0,1,8,0.0,1,8,-0.0,1,8,-9900,?,9,-9900,?,9,23.83,E,8,21.62,E,8,86.0,E,8,1008.6016999999999,E,8,999.0,E,8,1.97,E,8,-9900,?,9,-9900,?,9,0.002,E,8,-9900,?,9,-9900,?,9,0.02,99.0,E,8
04/06/2019,22:00,0.0,1363.992,0.0,1,8,0.0,1,8,0.0,1,8,0.0,1,8,0.0,1,8,0.0,1,8,-0.0,1,8,-9900,?,9,-9900,?,9,23.39,E,8,21.47,E,8,87.0,E,8,1008.6016999999999,E,8,999.0,E,8,1.97,E,8,-9900,?,9,-9900,?,9,0.004,E,8,-9900,?,9,-9900,?,9,0.04,99.0,E,8
04/06/2019,23:00,0.0,1363.992,0.0,1,8,0.0,1,8,0.0,1,8,0.0,1,8,0.0,1,8,0.0,1,8,-0.0,1,8,-9900,?,9,-9900,?,9,22.94,E,8,21.31,E,8,88.0,E,8,1008.6016999999999,E,8,999.0,E,8,1.97,E,8,-9900,?,9,-9900,?,9,0.033,E,8,-9900,?,9,-9900,?,9,0.33,99.0,E,8
04/06/2019,24:00,0.0,1363.992,0.0,1,8,0.0,1,8,0.0,1,8,0.0,1,8,0.0,1,8,0.0,1,8,-0.0,1,8,-9900,?,9,-9900,?,9,22.5,E,8,19.84,E,8,84.0,E,8,1008.6016999999999,E,8,999.0,E,8,0.89,E,8,-9900,?,9,-9900,?,9,0.006,E,8,-9900,?,9,-9900,?,9,0.06,99.0,E,8
04/07/2019,01:00,0.0,1363.992,0.0,1,8,0.0,1,8,0.0,1,8,0.0,1,8,0.0,1,8,0.0,1,8,-0.0,1,8,-9900,?,9,-9900,?,9,22.28,E,8,19.85,E,8,85.0,E,8,1008.6016999999999,E,8,999.0,E,8,0.89,E,8,-9900,?,9,-9900,?,9,0.015,E,8,-9900,?,9,-9900,?,9,0.15,99.0,E,8
04/07/2019,02:00,0.0,1363.992,0.0,1,8,0.0,1,8,0.0,1,8,0.0,1,8,0.0,1,8,0.0,1,8,-0.0,1,8,-9900,?,9,-9900,?,9,22.06,E,8,19.86,E,8,93.0,E,8,1008.6016999999999,E,8,999.0,E,8,0.89,E,8,-9900,?,9,-9900,?,9,0.692,E,8,-9900,?,9,-9900,?,9,6.92,99.0,E,8
04/07/2019,03:00,0.0,1363.992,0.0,1,8,0.0,1,8,0.0,1,8,0.0,1,8,0.0,1,8,0.0,1,8,-0.0,1,8,-9900,?,9,-9900,?,9,21.84,E,8,19.87,E,8,87.0,E,8,1008.6016999999999,E,8,999.0,E,8,0.89,E,8,-9900,?,9,-9900,?,9,0.044,E,8,-9900,?,9,-9900,?,9,0.44,99.0,E,8
04/07/2019,04:00,0.0,1363.188,0.0,1,8,0.0,1,8,0.0,1,8,0.0,1,8,0.0,1,8,0.0,1,8,-0.0,1,8,-9900,?,9,-9900,?,9,21.62,E,8,19.89,E,8,88.0,E,8,1008.6016999999999,E,8,999.0,E,8,0.89,E,8,-9900,?,9,-9900,?,9,0.023,E,8,-9900,?,9,-9900,?,9,0.23,99.0,E,8
04/07/2019,05:00,0.0,1363.188,0.0,1,8,0.0,1,8,0.0,1,8,0.0,1,8,0.0,1,8,0.0,1,8,-0.0,1,8,-9900,?,9,-9900,?,9,21.4,E,8,19.9,E,8,89.0,E,8,1008.6016999999999,E,8,999.0,E,8,0.89,E,8,-9900,?,9,-9900,?,9,0.004,E,8,-9900,?,9,-9900,?,9,0.04,99.0,E,8
04/07/2019,06:00,0.0,1363.188,0.0,1,8,0.0,1,8,0.0,1,8,0.0,1,8,0.0,1,8,0.0,1,8,-0.0,1,8,-9900,?,9,-9900,?,9,21.23,E,8,19.91,E,8,85.0,E,8,1008.6016999999999,E,8,999.0,E,8,0.89,E,8,-9900,?,9,-9900,?,9,0.0,E,8,-9900,?,9,-9900,?,9,0.0,0.0,E,8
04/07/2019,07:00,169.816,1363.188,0.11,1,8,0.0,1,8,0.11,1,8,13.2,1,8,0.0,1,8,12.1,1,8,0.286,1,8,-9900,?,9,-9900,?,9,21.09,E,8,19.92,E,8,90.0,E,8,1008.6016999999999,E,8,999.0,E,8,0.89,E,8,-9900,?,9,-9900,?,9,0.001,E,8,-9900,?,9,-9900,?,9,0.01,99.0,E,8
04/07/2019,08:00,481.827,1363.188,112.52,1,8,0.0,1,8,112.52,1,8,13502.4,1,8,0.0,1,8,12377.2,1,8,101.538,1,8,-9900,?,9,-9900,?,9,20.94,E,8,19.93,E,8,91.0,E,8,1008.6016999999999,E,8,999.0,E,8,0.89,E,8,-9900,?,9,-9900,?,9,0.002,E,8,-9900,?,9,-9900,?,9,0.02,99.0,E,8
04/07/2019,09:00,758.553,1363.188,282.44,1,8,71.528,1,8,242.664,1,8,33892.8,1,8,6795.199,1,8,26693.002,1,8,138.902,1,8,-9900,?,9,-9900,?,9,23.6,E,8,19.77,E,8,75.0,E,8,1008.6016999999999,E,8,999.0,E,8,0.89,E,8,-9900,?,9,-9900,?,9,0.0,E,8,-9900,?,9,-9900,?,9,0.0,0.0,E,8
04/07/2019,10:00,979.919,1363.188,432.74,1,8,102.887,1,8,358.801,1,8,51928.8,1,8,9774.267,1,8,39468.071,1,8,158.924,1,8,-9900,?,9,-9900,?,9,24.66,E,8,19.71,E,8,71.0,E,8,1008.6016999999999,E,8,999.0,E,8,1.38,E,8,-9900,?,9,-9900,?,9,0.0,E,8,-9900,?,9,-9900,?,9,0.0,0.0,E,8
04/07/2019,11:00,1130.661,1363.188,546.4,1,8,127.268,1,8,440.855,1,8,65568.0,1,8,12090.439,1,8,48494.062,1,8,169.21,1,8,-9900,?,9,-9900,?,9,25.57,E,8,19.66,E,8,68.0,E,8,1008.6016999999999,E,8,999.0,E,8,2.25,E,8,-9900,?,9,-9900,?,9,0.0,E,8,-9900,?,9,-9900,?,9,0.0,0.0,E,8
04/07/2019,12:00,1200.45,1363.188,614.06,1,8,151.658,1,8,480.518,1,8,73687.2,1,8,14407.543,1,8,52856.989,1,8,173.703,1,8,-9900,?,9,-9900,?,9,26.3,E,8,19.62,E,8,65.0,E,8,1008.6016999999999,E,8,999.0,E,8,3.24,E,8,-9900,?,9,-9900,?,9,0.0,E,8,-9900,?,9,-9900,?,9,0.0,0.0,E,8
04/07/2019,13:00,1184.509,1363.188,630.61,1,8,179.345,1,8,474.788,1,8,75673.2,1,8,17037.746,1,8,52226.641,1,8,173.944,1,8,-9900,?,9,-9900,?,9,26.83,E,8,19.59,E,8,64.0,E,8,1008.6016999999999,E,8,999.0,E,8,4.16,E,8,-9900,?,9,-9900,?,9,0.0,E,8,-9900,?,9,-9900,?,9,0.0,0.0,E,8
04/07/2019,14:00,1083.925,1363.188,594.81,1,8,295.311,1,8,360.037,1,8,71377.2,1,8,28054.499,1,8,39604.068,1,8,144.154,1,8,-9900,?,9,-9900,?,9,27.13,E,8,19.57,E,8,63.0,E,8,1008.6016999999999,E,8,999.0,E,8,4.26,E,8,-9900,?,9,-9900,?,9,0.0,E,8,-9900,?,9,-9900,?,9,0.0,0.0,E,8
04/07/2019,15:00,905.576,1363.188,509.33,1,8,353.517,1,8,274.573,1,8,61119.6,1,8,33584.158,1,8,30203.05,1,8,131.614,1,8,-9900,?,9,-9900,?,9,27.22,E,8,19.56,E,8,63.0,E,8,1008.6016999999999,E,8,999.0,E,8,4.38,E,8,-9900,?,9,-9900,?,9,0.0,E,8,-9900,?,9,-9900,?,9,0.0,0.0,E,8
04/07/2019,16:00,661.688,1363.188,380.77,1,8,439.943,1,8,167.426,1,8,45692.4,1,8,41794.562,1,8,18416.816,1,8,109.897,1,8,-9900,?,9,-9900,?,9,27.0,E,8,19.58,E,8,63.0,E,8,1008.6016999999999,E,8,999.0,E,8,4.34,E,8,-9900,?,9,-9900,?,9,0.0,E,8,-9900,?,9,-9900,?,9,0.0,0.0,E,8
04/07/2019,17:00,369.187,1363.188,220.45,1,8,459.847,1,8,96.363,1,8,26454.0,1,8,43685.445,1,8,10599.957,1,8,113.671,1,8,-9900,?,9,-9900,?,9,26.46,E,8,19.61,E,8,65.0,E,8,1008.6016999999999,E,8,999.0,E,8,3.6,E,8,-9900,?,9,-9900,?,9,0.0,E,8,-9900,?,9,-9900,?,9,0.0,0.0,E,8
04/07/2019,18:00,52.4,1363.188,53.25,1,8,0.0,1,8,53.25,1,8,6390.0,1,8,0.0,1,8,5857.5,1,8,506.854,1,8,-9900,?,9,-9900,?,9,25.67,E,8,19.65,E,8,71.0,E,8,1008.6016999999999,E,8,999.0,E,8,2.98,E,8,-9900,?,9,-9900,?,9,0.003,E,8,-9900,?,9,-9900,?,9,0.03,99.0,E,8
04/07/2019,19:00,0.0,1363.188,0.0,1,8,0.0,1,8,0.0,1,8,0.0,1,8,0.0,1,8,0.0,1,8,-0.0,1,8,-9900,?,9,-9900,?,9,25.19,E,8,19.68,E,8,73.0,E,8,1008.6016999999999,E,8,999.0,E,8,2.34,E,8,-9900,?,9,-9900,?,9,0.01,E,8,-9900,?,9,-9900,?,9,0.1,99.0,E,8
04/07/2019,20:00,0.0,1363.188,0.0,1,8,0.0,1,8,0.0,1,8,0.0,1,8,0.0,1,8,0.0,1,8,-0.0,1,8,-9900,?,9,-9900,?,9,24.71,E,8,19.71,E,8,71.0,E,8,1008.6016999999999,E,8,999.0,E,8,1.93,E,8,-9900,?,9,-9900,?,9,0.0,E,8,-9900,?,9,-9900,?,9,0.0,0.0,E,8
04/07/2019,21:00,0.0,1363.188,0.0,1,8,0.0,1,8,0.0,1,8,0.0,1,8,0.0,1,8,0.0,1,8,-0.0,1,8,-9900,?,9,-9900,?,9,24.22,E,8,19.74,E,8,73.0,E,8,1008.6016999999999,E,8,999.0,E,8,1.19,E,8,-9900,?,9,-9900,?,9,0.0,E,8,-9900,?,9,-9900,?,9,0.0,0.0,E,8
04/07/2019,22:00,0.0,1363.188,0.0,1,8,0.0,1,8,0.0,1,8,0.0,1,8,0.0,1,8,0.0,1,8,-0.0,1,8,-9900,?,9,-9900,?,9,23.74,E,8,19.77,E,8,75.0,E,8,1008.6016999999999,E,8,999.0,E,8,1.36,E,8,-9900,?,9,-9900,?,9,0.0,E,8,-9900,?,9,-9900,?,9,0.0,0.0,E,8
04/07/2019,23:00,0.0,1363.188,0.0,1,8,0.0,1,8,0.0,1,8,0.0,1,8,0.0,1,8,0.0,1,8,-0.0,1,8,-9900,?,9,-9900,?,9,23.26,E,8,19.79,E,8,77.0,E,8,1008.6016999999999,E,8,999.0,E,8,1.11,E,8,-9900,?,9,-9900,?,9,0.0,E,8,-9900,?,9,-9900,?,9,0.0,0.0,E,8
04/07/2019,24:00,0.0,1363.188,0.0,1,8,0.0,1,8,0.0,1,8,0.0,1,8,0.0,1,8,0.0,1,8,-0.0,1,8,-9900,?,9,-9900,?,9,22.78,E,8,21.14,E,8,94.0,E,8,1008.6016999999999,E,8,999.0,E,8,0.91,E,8,-9900,?,9,-9900,?,9,0.009,E,8,-9900,?,9,-9900,?,9,0.09,99.0,E,8
04/08/2019,01:00,0.0,1363.188,0.0,1,8,0.0,1,8,0.0,1,8,0.0,1,8,0.0,1,8,0.0,1,8,-0.0,1,8,-9900,?,9,-9900,?,9,22.53,E,8,21.03,E,8,95.0,E,8,1008.6016999999999,E,8,999.0,E,8,0.91,E,8,-9900,?,9,-9900,?,9,0.004,E,8,-9900,?,9,-9900,?,9,0.04,99.0,E,8
04/08/2019,02:00,0.0,1363.188,0.0,1,8,0.0,1,8,0.0,1,8,0.0,1,8,0.0,1,8,0.0,1,8,-0.0,1,8,-9900,?,9,-9900,?,9,22.29,E,8,20.93,E,8,95.0,E,8,1008.6016999999999,E,8,999.0,E,8,0.91,E,8,-9900,?,9,-9900,?,9,0.002,E,8,-9900,?,9,-9900,?,9,0.02,99.0,E,8
04/08/2019,03:00,0.0,1363.188,0.0,1,8,0.0,1,8,0.0,1,8,0.0,1,8,0.0,1,8,0.0,1,8,-0.0,1,8,-9900,?,9,-9900,?,9,22.05,E,8,20.83,E,8,91.0,E,8,1008.6016999999999,E,8,999.0,E,8,0.91,E,8,-9900,?,9,-9900,?,9,0.0,E,8,-9900,?,9,-9900,?,9,0.0,0.0,E,8
04/08/2019,04:00,0.0,1362.387,0.0,1,8,0.0,1,8,0.0,1,8,0.0,1,8,0.0,1,8,0.0,1,8,-0.0,1,8,-9900,?,9,-9900,?,9,21.81,E,8,20.72,E,8,92.0,E,8,1008.6016999999999,E,8,999.0,E,8,0.91,E,8,-9900,?,9,-9900,?,9,0.0,E,8,-9900,?,9,-9900,?,9,0.0,0.0,E,8
04/08/2019,05:00,0.0,1362.387,0.0,1,8,0.0,1,8,0.0,1,8,0.0,1,8,0.0,1,8,0.0,1,8,-0.0,1,8,-9900,?,9,-9900,?,9,21.57,E,8,20.62,E,8,93.0,E,8,1008.6016999999999,E,8,999.0,E,8,0.91,E,8,-9900,?,9,-9900,?,9,0.0,E,8,-9900,?,9,-9900,?,9,0.0,0.0,E,8
04/08/2019,06:00,0.0,1362.387,0.0,1,8,0.0,1,8,0.0,1,8,0.0,1,8,0.0,1,8,0.0,1,8,-0.0,1,8,-9900,?,9,-9900,?,9,21.38,E,8,20.54,E,8,94.0,E,8,1008.6016999999999,E,8,999.0,E,8,0.91,E,8,-9900,?,9,-9900,?,9,0.0,E,8,-9900,?,9,-9900,?,9,0.0,0.0,E,8
04/08/2019,07:00,167.878,1362.387,0.09,1,8,0.0,1,8,0.09,1,8,10.8,1,8,0.0,1,8,9.9,1,8,0.237,1,8,-9900,?,9,-9900,?,9,21.22,E,8,20.47,E,8,94.0,E,8,1008.6016999999999,E,8,999.0,E,8,0.91,E,8,-9900,?,9,-9900,?,9,0.0,E,8,-9900,?,9,-9900,?,9,0.0,0.0,E,8
04/08/2019,08:00,479.311,1362.387,175.02,1,8,102.01,1,8,139.205,1,8,21002.4,1,8,9690.952,1,8,15312.529,1,8,126.206,1,8,-9900,?,9,-9900,?,9,21.06,E,8,20.4,E,8,95.0,E,8,1008.6016999999999,E,8,999.0,E,8,1.04,E,8,-9900,?,9,-9900,?,9,0.0,E,8,-9900,?,9,-9900,?,9,0.0,0.0,E,8
04/08/2019,09:00,755.435,1362.387,552.22,1,8,658.176,1,8,187.506,1,8,66266.4,1,8,62526.746,1,8,20625.704,1,8,107.71,1,8,-9900,?,9,-9900,?,9,24.99,E,8,22.05,E,8,83.0,E,8,1008.6016999999999,E,8,999.0,E,8,1.41,E,8,-9900,?,9,-9900,?,9,0.0,E,8,-9900,?,9,-9900,?,9,0.0,0.0,E,8
04/08/2019,10:00,976.196,1362.387,650.83,1,8,591.98,1,8,226.775,1,8,78099.6,1,8,56238.082,1,8,24945.202,1,8,100.769,1,8,-9900,?,9,-9900,?,9,26.02,E,8,22.46,E,8,80.0,E,8,1008.6016999999999,E,8,999.0,E,8,2.02,E,8,-9900,?,9,-9900,?,9,0.0,E,8,-9900,?,9,-9900,?,9,0.0,0.0,E,8
04/08/2019,11:00,1126.372,1362.387,682.24,1,8,389.575,1,8,360.197,1,8,81868.8,1,8,37009.626,1,8,39621.703,1,8,138.697,1,8,-9900,?,9,-9900,?,9,26.62,E,8,22.7,E,8,79.0,E,8,1008.6016999999999,E,8,999.0,E,8,2.79,E,8,-9900,?,9,-9900,?,9,0.0,E,8,-9900,?,9,-9900,?,9,0.0,0.0,E,8
04/08/2019,12:00,1195.672,1362.387,520.39,1,8,124.924,1,8,410.762,1,8,62446.8,1,8,11867.824,1,8,45183.832,1,8,148.993,1,8,-9900,?,9,-9900,?,9,26.63,E,8,22.7,E,8,88.0,E,8,1008.6016999999999,E,8,999.0,E,8,3.28,E,8,-9900,?,9,-9900,?,9,0.175,E,8,-9900,?,9,-9900,?,9,1.75,99.0,E,8
04/08/2019,13:00,1179.353,1362.387,335.3,1,8,31.837,1,8,307.743,1,8,40236.0,1,8,3024.492,1,8,33851.746,1,8,113.172,1,8,-9900,?,9,-9900,?,9,26.08,E,8,22.49,E,8,94.0,E,8,1008.6016999999999,E,8,999.0,E,8,3.63,E,8,-9900,?,9,-9900,?,9,2.4050000000000002,E,8,-9900,?,9,-9900,?,9,24.05,99.0,E,8
04/08/2019,14:00,1078.528,1362.387,606.12,1,8,250.011,1,8,408.235,1,8,72734.4,1,8,23751.013,1,8,44905.813,1,8,164.174,1,8,-9900,?,9,-9900,?,9,26.39,E,8,22.61,E,8,84.0,E,8,1008.6016999999999,E,8,999.0,E,8,3.89,E,8,-9900,?,9,-9900,?,9,0.001,E,8,-9900,?,9,-9900,?,9,0.01,99.0,E,8
04/08/2019,15:00,900.091,1362.387,142.58,1,8,0.0,1,8,142.58,1,8,17109.6,1,8,0.0,1,8,15683.8,1,8,68.721,1,8,-9900,?,9,-9900,?,9,25.57,E,8,22.28,E,8,86.0,E,8,1008.6016999999999,E,8,999.0,E,8,3.85,E,8,-9900,?,9,-9900,?,9,0.033,E,8,-9900,?,9,-9900,?,9,0.33,99.0,E,8
04/08/2019,16:00,656.278,1362.387,386.85,1,8,185.966,1,8,297.355,1,8,46422.0,1,8,17666.739,1,8,32709.02,1,8,196.679,1,8,-9900,?,9,-9900,?,9,25.42,E,8,22.22,E,8,82.0,E,8,1008.6016999999999,E,8,999.0,E,8,3.92,E,8,-9900,?,9,-9900,?,9,0.0,E,8,-9900,?,9,-9900,?,9,0.0,0.0,E,8
04/08/2019,17:00,364.017,1362.387,222.85,1,8,485.545,1,8,93.601,1,8,26742.0,1,8,46126.745,1,8,10296.145,1,8,111.927,1,8,-9900,?,9,-9900,?,9,25.01,E,8,22.06,E,8,88.0,E,8,1008.6016999999999,E,8,999.0,E,8,3.61,E,8,-9900,?,9,-9900,?,9,0.006,E,8,-9900,?,9,-9900,?,9,0.06,99.0,E,8
04/08/2019,18:00,47.909,1362.387,52.34,1,8,0.0,1,8,52.34,1,8,6280.8,1,8,0.0,1,8,5757.4,1,8,556.81,1,8,-9900,?,9,-9900,?,9,24.38,E,8,21.81,E,8,89.0,E,8,1008.6016999999999,E,8,999.0,E,8,2.72,E,8,-9900,?,9,-9900,?,9,0.066,E,8,-9900,?,9,-9900,?,9,0.66,99.0,E,8
04/08/2019,19:00,0.0,1362.387,0.0,1,8,0.0,1,8,0.0,1,8,0.0,1,8,0.0,1,8,0.0,1,8,-0.0,1,8,-9900,?,9,-9900,?,9,24.03,E,8,21.66,E,8,90.0,E,8,1008.6016999999999,E,8,999.0,E,8,2.47,E,8,-9900,?,9,-9900,?,9,0.013000000000000001,E,8,-9900,?,9,-9900,?,9,0.13,99.0,E,8
04/08/2019,20:00,0.0,1362.387,0.0,1,8,0.0,1,8,0.0,1,8,0.0,1,8,0.0,1,8,0.0,1,8,-0.0,1,8,-9900,?,9,-9900,?,9,23.69,E,8,21.52,E,8,91.0,E,8,1008.6016999999999,E,8,999.0,E,8,2.32,E,8,-9900,?,9,-9900,?,9,0.046,E,8,-9900,?,9,-9900,?,9,0.46,99.0,E,8
04/08/2019,21:00,0.0,1362.387,0.0,1,8,0.0,1,8,0.0,1,8,0.0,1,8,0.0,1,8,0.0,1,8,-0.0,1,8,-9900,?,9,-9900,?,9,23.34,E,8,21.38,E,8,92.0,E,8,1008.6016999999999,E,8,999.0,E,8,1.39,E,8,-9900,?,9,-9900,?,9,0.024,E,8,-9900,?,9,-9900,?,9,0.24,99.0,E,8
04/08/2019,22:00,0.0,1362.387,0.0,1,8,0.0,1,8,0.0,1,8,0.0,1,8,0.0,1,8,0.0,1,8,-0.0,1,8,-9900,?,9,-9900,?,9,23.0,E,8,21.23,E,8,93.0,E,8,1008.6016999999999,E,8,999.0,E,8,0.91,E,8,-9900,?,9,-9900,?,9,0.018,E,8,-9900,?,9,-9900,?,9,0.18,99.0,E,8
04/08/2019,23:00,0.0,1362.387,0.0,1,8,0.0,1,8,0.0,1,8,0.0,1,8,0.0,1,8,0.0,1,8,-0.0,1,8,-9900,?,9,-9900,?,9,22.65,E,8,21.08,E,8,94.0,E,8,1008.6016999999999,E,8,999.0,E,8,0.91,E,8,-9900,?,9,-9900,?,9,0.099,E,8,-9900,?,9,-9900,?,9,0.99,99.0,E,8
04/08/2019,24:00,0.0,1362.387,0.0,1,8,0.0,1,8,0.0,1,8,0.0,1,8,0.0,1,8,0.0,1,8,-0.0,1,8,-9900,?,9,-9900,?,9,22.31,E,8,21.26,E,8,98.0,E,8,1008.6016999999999,E,8,999.0,E,8,0.98,E,8,-9900,?,9,-9900,?,9,0.174,E,8,-9900,?,9,-9900,?,9,1.74,99.0,E,8
04/09/2019,01:00,0.0,1362.387,0.0,1,8,0.0,1,8,0.0,1,8,0.0,1,8,0.0,1,8,0.0,1,8,-0.0,1,8,-9900,?,9,-9900,?,9,22.14,E,8,21.21,E,8,98.0,E,8,1008.6016999999999,E,8,999.0,E,8,0.98,E,8,-9900,?,9,-9900,?,9,0.24100000000000002,E,8,-9900,?,9,-9900,?,9,2.41,99.0,E,8
04/09/2019,02:00,0.0,1362.387,0.0,1,8,0.0,1,8,0.0,1,8,0.0,1,8,0.0,1,8,0.0,1,8,-0.0,1,8,-9900,?,9,-9900,?,9,21.96,E,8,21.16,E,8,95.0,E,8,1008.6016999999999,E,8,999.0,E,8,0.98,E,8,-9900,?,9,-9900,?,9,0.06899999999999999,E,8,-9900,?,9,-9900,?,9,0.69,99.0,E,8
04/09/2019,03:00,0.0,1362.387,0.0,1,8,0.0,1,8,0.0,1,8,0.0,1,8,0.0,1,8,0.0,1,8,-0.0,1,8,-9900,?,9,-9900,?,9,21.79,E,8,21.11,E,8,96.0,E,8,1008.6016999999999,E,8,999.0,E,8,0.98,E,8,-9900,?,9,-9900,?,9,0.047,E,8,-9900,?,9,-9900,?,9,0.47,99.0,E,8
04/09/2019,04:00,0.0,1361.587,0.0,1,8,0.0,1,8,0.0,1,8,0.0,1,8,0.0,1,8,0.0,1,8,-0.0,1,8,-9900,?,9,-9900,?,9,21.62,E,8,21.06,E,8,96.0,E,8,1008.6016999999999,E,8,999.0,E,8,0.98,E,8,-9900,?,9,-9900,?,9,0.002,E,8,-9900,?,9,-9900,?,9,0.02,99.0,E,8
04/09/2019,05:00,0.0,1361.587,0.0,1,8,0.0,1,8,0.0,1,8,0.0,1,8,0.0,1,8,0.0,1,8,-0.0,1,8,-9900,?,9,-9900,?,9,21.45,E,8,21.02,E,8,97.0,E,8,1008.6016999999999,E,8,999.0,E,8,0.98,E,8,-9900,?,9,-9900,?,9,0.013000000000000001,E,8,-9900,?,9,-9900,?,9,0.13,99.0,E,8
04/09/2019,06:00,0.0,1361.587,0.0,1,8,0.0,1,8,0.0,1,8,0.0,1,8,0.0,1,8,0.0,1,8,-0.0,1,8,-9900,?,9,-9900,?,9,21.31,E,8,20.98,E,8,97.0,E,8,1008.6016999999999,E,8,999.0,E,8,0.98,E,8,-9900,?,9,-9900,?,9,0.020999999999999998,E,8,-9900,?,9,-9900,?,9,0.21,99.0,E,8
04/09/2019,07:00,165.93,1361.587,0.0,1,8,0.0,1,8,0.0,1,8,0.0,1,8,0.0,1,8,0.0,1,8,0.0,1,8,-9900,?,9,-9900,?,9,21.2,E,8,20.95,E,8,98.0,E,8,1008.6016999999999,E,8,999.0,E,8,0.98,E,8,-9900,?,9,-9900,?,9,0.031,E,8,-9900,?,9,-9900,?,9,0.31,99.0,E,8
04/09/2019,08:00,476.777,1361.587,80.86,1,8,0.0,1,8,80.86,1,8,9703.2,1,8,0.0,1,8,8894.6,1,8,73.657,1,8,-9900,?,9,-9900,?,9,21.09,E,8,20.91,E,8,98.0,E,8,1008.6016999999999,E,8,999.0,E,8,0.98,E,8,-9900,?,9,-9900,?,9,0.004,E,8,-9900,?,9,-9900,?,9,0.04,99.0,E,8
04/09/2019,09:00,752.29,1361.587,204.56,1,8,16.394,1,8,195.508,1,8,24547.2,1,8,1557.388,1,8,21505.928,1,8,112.711,1,8,-9900,?,9,-9900,?,9,23.34,E,8,21.54,E,8,91.0,E,8,1008.6016999999999,E,8,999.0,E,8,0.98,E,8,-9900,?,9,-9900,?,9,0.056999999999999995,E,8,-9900,?,9,-9900,?,9,0.57,99.0,E,8
04/09/2019,10:00,972.444,1361.587,313.95,1,8,19.072,1,8,300.333,1,8,37674.0,1,8,1811.802,1,8,33036.623,1,8,133.893,1,8,-9900,?,9,-9900,?,9,24.25,E,8,21.79,E,8,88.0,E,8,1008.6016999999999,E,8,999.0,E,8,1.23,E,8,-9900,?,9,-9900,?,9,0.005,E,8,-9900,?,9,-9900,?,9,0.05,99.0,E,8
04/09/2019,11:00,1122.054,1361.587,396.56,1,8,36.897,1,8,366.158,1,8,47587.2,1,8,3505.191,1,8,40277.428,1,8,141.453,1,8,-9900,?,9,-9900,?,9,25.02,E,8,21.99,E,8,86.0,E,8,1008.6016999999999,E,8,999.0,E,8,2.07,E,8,-9900,?,9,-9900,?,9,0.001,E,8,-9900,?,9,-9900,?,9,0.01,99.0,E,8
04/09/2019,12:00,1190.869,1361.587,445.58,1,8,44.13,1,8,406.987,1,8,53469.6,1,8,4192.313,1,8,44768.563,1,8,148.133,1,8,-9900,?,9,-9900,?,9,25.65,E,8,22.16,E,8,84.0,E,8,1008.6016999999999,E,8,999.0,E,8,2.76,E,8,-9900,?,9,-9900,?,9,0.001,E,8,-9900,?,9,-9900,?,9,0.01,99.0,E,8
04/09/2019,13:00,1174.179,1361.587,457.29,1,8,52.256,1,8,412.231,1,8,54874.8,1,8,4964.334,1,8,45345.402,1,8,152.176,1,8,-9900,?,9,-9900,?,9,26.09,E,8,22.27,E,8,83.0,E,8,1008.6016999999999,E,8,999.0,E,8,2.95,E,8,-9900,?,9,-9900,?,9,0.008,E,8,-9900,?,9,-9900,?,9,0.08,99.0,E,8
04/09/2019,14:00,1073.123,1361.587,430.84,1,8,62.844,1,8,381.319,1,8,51700.8,1,8,5970.189,1,8,41945.074,1,8,154.032,1,8,-9900,?,9,-9900,?,9,26.35,E,8,22.34,E,8,82.0,E,8,1008.6016999999999,E,8,999.0,E,8,3.47,E,8,-9900,?,9,-9900,?,9,0.01,E,8,-9900,?,9,-9900,?,9,0.1,99.0,E,8
04/09/2019,15:00,894.612,1361.587,368.17,1,8,66.211,1,8,324.684,1,8,44180.4,1,8,6290.012,1,8,35715.244,1,8,157.358,1,8,-9900,?,9,-9900,?,9,26.42,E,8,22.36,E,8,78.0,E,8,1008.6016999999999,E,8,999.0,E,8,4.3,E,8,-9900,?,9,-9900,?,9,0.0,E,8,-9900,?,9,-9900,?,9,0.0,0.0,E,8
04/09/2019,16:00,650.887,1361.587,274.16,1,8,123.294,1,8,215.279,1,8,32899.2,1,8,11712.952,1,8,23680.709,1,8,143.49,1,8,-9900,?,9,-9900,?,9,26.23,E,8,22.31,E,8,82.0,E,8,1008.6016999999999,E,8,999.0,E,8,4.81,E,8,-9900,?,9,-9900,?,9,0.016,E,8,-9900,?,9,-9900,?,9,0.16,99.0,E,8
04/09/2019,17:00,358.879,1361.587,157.13,1,8,234.283,1,8,95.616,1,8,18855.6,1,8,22256.923,1,8,10517.791,1,8,115.918,1,8,-9900,?,9,-9900,?,9,25.77,E,8,22.19,E,8,84.0,E,8,1008.6016999999999,E,8,999.0,E,8,3.94,E,8,-9900,?,9,-9900,?,9,0.025,E,8,-9900,?,9,-9900,?,9,0.25,99.0,E,8
04/09/2019,18:00,43.488,1361.587,35.86,1,8,0.0,1,8,35.86,1,8,4303.2,1,8,0.0,1,8,3944.6,1,8,431.891,1,8,-9900,?,9,-9900,?,9,25.09,E,8,22.01,E,8,89.0,E,8,1008.6016999999999,E,8,999.0,E,8,3.31,E,8,-9900,?,9,-9900,?,9,0.133,E,8,-9900,?,9,-9900,?,9,1.33,99.0,E,8
04/09/2019,19:00,0.0,1361.587,0.0,1,8,0.0,1,8,0.0,1,8,0.0,1,8,0.0,1,8,0.0,1,8,-0.0,1,8,-9900,?,9,-9900,?,9,24.71,E,8,21.91,E,8,94.0,E,8,1008.6016999999999,E,8,999.0,E,8,2.6,E,8,-9900,?,9,-9900,?,9,4.1240000000000006,E,8,-9900,?,9,-9900,?,9,41.24,99.0,E,8
04/09/2019,20:00,0.0,1361.587,0.0,1,8,0.0,1,8,0.0,1,8,0.0,1,8,0.0,1,8,0.0,1,8,-0.0,1,8,-9900,?,9,-9900,?,9,24.34,E,8,21.81,E,8,92.0,E,8,1008.6016999999999,E,8,999.0,E,8,2.35,E,8,-9900,?,9,-9900,?,9,0.10500000000000001,E,8,-9900,?,9,-9900,?,9,1.05,99.0,E,8
04/09/2019,21:00,0.0,1361.587,0.0,1,8,0.0,1,8,0.0,1,8,0.0,1,8,0.0,1,8,0.0,1,8,-0.0,1,8,-9900,?,9,-9900,?,9,23.96,E,8,21.71,E,8,89.0,E,8,1008.6016999999999,E,8,999.0,E,8,1.3,E,8,-9900,?,9,-9900,?,9,0.038,E,8,-9900,?,9,-9900,?,9,0.38,99.0,E,8
04/09/2019,22:00,0.0,1361.587,0.0,1,8,0.0,1,8,0.0,1,8,0.0,1,8,0.0,1,8,0.0,1,8,-0.0,1,8,-9900,?,9,-9900,?,9,23.58,E,8,21.6,E,8,90.0,E,8,1008.6016999999999,E,8,999.0,E,8,1.29,E,8,-9900,?,9,-9900,?,9,0.08499999999999999,E,8,-9900,?,9,-9900,?,9,0.85,99.0,E,8
04/09/2019,23:00,0.0,1361.587,0.0,1,8,0.0,1,8,0.0,1,8,0.0,1,8,0.0,1,8,0.0,1,8,-0.0,1,8,-9900,?,9,-9900,?,9,23.21,E,8,21.5,E,8,95.0,E,8,1008.6016999999999,E,8,999.0,E,8,1.27,E,8,-9900,?,9,-9900,?,9,0.389,E,8,-9900,?,9,-9900,?,9,3.89,99.0,E,8
04/09/2019,24:00,0.0,1361.587,0.0,1,8,0.0,1,8,0.0,1,8,0.0,1,8,0.0,1,8,0.0,1,8,-0.0,1,8,-9900,?,9,-9900,?,9,22.83,E,8,21.55,E,8,91.0,E,8,1008.6016999999999,E,8,999.0,E,8,5.99,E,8,-9900,?,9,-9900,?,9,0.118,E,8,-9900,?,9,-9900,?,9,1.18,99.0,E,8
04/10/2019,01:00,0.0,1361.587,0.0,1,8,0.0,1,8,0.0,1,8,0.0,1,8,0.0,1,8,0.0,1,8,-0.0,1,8,-9900,?,9,-9900,?,9,22.64,E,8,21.45,E,8,89.0,E,8,1008.6016999999999,E,8,999.0,E,8,6.05,E,8,-9900,?,9,-9900,?,9,0.065,E,8,-9900,?,9,-9900,?,9,0.65,99.0,E,8
04/10/2019,02:00,0.0,1361.587,0.0,1,8,0.0,1,8,0.0,1,8,0.0,1,8,0.0,1,8,0.0,1,8,-0.0,1,8,-9900,?,9,-9900,?,9,22.45,E,8,21.34,E,8,92.0,E,8,1008.6016999999999,E,8,999.0,E,8,5.32,E,8,-9900,?,9,-9900,?,9,0.335,E,8,-9900,?,9,-9900,?,9,3.35,99.0,E,8
04/10/2019,03:00,0.0,1361.587,0.0,1,8,0.0,1,8,0.0,1,8,0.0,1,8,0.0,1,8,0.0,1,8,-0.0,1,8,-9900,?,9,-9900,?,9,22.26,E,8,21.23,E,8,92.0,E,8,1008.6016999999999,E,8,999.0,E,8,5.9,E,8,-9900,?,9,-9900,?,9,0.147,E,8,-9900,?,9,-9900,?,9,1.47,99.0,E,8
04/10/2019,04:00,0.0,1360.79,0.0,1,8,0.0,1,8,0.0,1,8,0.0,1,8,0.0,1,8,0.0,1,8,-0.0,1,8,-9900,?,9,-9900,?,9,22.08,E,8,21.13,E,8,92.0,E,8,1008.6016999999999,E,8,999.0,E,8,5.86,E,8,-9900,?,9,-9900,?,9,0.242,E,8,-9900,?,9,-9900,?,9,2.42,99.0,E,8
04/10/2019,05:00,0.0,1360.79,0.0,1,8,0.0,1,8,0.0,1,8,0.0,1,8,0.0,1,8,0.0,1,8,-0.0,1,8,-9900,?,9,-9900,?,9,21.89,E,8,21.02,E,8,90.0,E,8,1008.6016999999999,E,8,999.0,E,8,5.29,E,8,-9900,?,9,-9900,?,9,0.096,E,8,-9900,?,9,-9900,?,9,0.96,99.0,E,8
04/10/2019,06:00,0.0,1360.79,0.0,1,8,0.0,1,8,0.0,1,8,0.0,1,8,0.0,1,8,0.0,1,8,-0.0,1,8,-9900,?,9,-9900,?,9,21.74,E,8,20.94,E,8,93.0,E,8,1008.6016999999999,E,8,999.0,E,8,5.22,E,8,-9900,?,9,-9900,?,9,0.186,E,8,-9900,?,9,-9900,?,9,1.86,99.0,E,8
04/10/2019,07:00,163.974,1360.79,0.0,1,8,0.0,1,8,0.0,1,8,0.0,1,8,0.0,1,8,0.0,1,8,0.0,1,8,-9900,?,9,-9900,?,9,21.62,E,8,20.87,E,8,95.0,E,8,1008.6016999999999,E,8,999.0,E,8,4.95,E,8,-9900,?,9,-9900,?,9,0.542,E,8,-9900,?,9,-9900,?,9,5.42,99.0,E,8
04/10/2019,08:00,474.223,1360.79,40.44,1,8,0.0,1,8,40.44,1,8,4852.8,1,8,0.0,1,8,4448.4,1,8,37.015,1,8,-9900,?,9,-9900,?,9,21.49,E,8,20.8,E,8,95.0,E,8,1008.6016999999999,E,8,999.0,E,8,4.91,E,8,-9900,?,9,-9900,?,9,5.744,E,8,-9900,?,9,-9900,?,9,57.44,99.0,E,8
04/10/2019,09:00,749.121,1360.79,102.71,1,8,0.0,1,8,102.71,1,8,12325.2,1,8,0.0,1,8,11298.1,1,8,59.428,1,8,-9900,?,9,-9900,?,9,23.65,E,8,22.0,E,8,88.0,E,8,1008.6016999999999,E,8,999.0,E,8,6.12,E,8,-9900,?,9,-9900,?,9,0.079,E,8,-9900,?,9,-9900,?,9,0.79,99.0,E,8
04/10/2019,10:00,968.663,1360.79,137.59,1,8,0.0,1,8,137.59,1,8,16510.8,1,8,0.0,1,8,15134.9,1,8,61.543,1,8,-9900,?,9,-9900,?,9,24.31,E,8,22.35,E,8,87.0,E,8,1008.6016999999999,E,8,999.0,E,8,6.92,E,8,-9900,?,9,-9900,?,9,0.034999999999999996,E,8,-9900,?,9,-9900,?,9,0.35,99.0,E,8
04/10/2019,11:00,1117.708,1360.79,185.0,1,8,1.609,1,8,183.678,1,8,22200.0,1,8,152.883,1,8,20204.62,1,8,71.192,1,8,-9900,?,9,-9900,?,9,25.0,E,8,22.72,E,8,87.0,E,8,1008.6016999999999,E,8,999.0,E,8,7.18,E,8,-9900,?,9,-9900,?,9,0.028999999999999998,E,8,-9900,?,9,-9900,?,9,0.29,99.0,E,8
04/10/2019,12:00,1186.042,1360.79,236.62,1,8,3.134,1,8,233.889,1,8,28394.4,1,8,297.688,1,8,25727.801,1,8,85.426,1,8,-9900,?,9,-9900,?,9,25.72,E,8,23.08,E,8,86.0,E,8,1008.6016999999999,E,8,999.0,E,8,6.3,E,8,-9900,?,9,-9900,?,9,0.053000000000000005,E,8,-9900,?,9,-9900,?,9,0.53,99.0,E,8
04/10/2019,13:00,1168.989,1360.79,234.43,1,8,3.051,1,8,231.809,1,8,28131.6,1,8,289.869,1,8,25498.999,1,8,85.903,1,8,-9900,?,9,-9900,?,9,26.19,E,8,23.32,E,8,85.0,E,8,1008.6016999999999,E,8,999.0,E,8,5.48,E,8,-9900,?,9,-9900,?,9,0.023,E,8,-9900,?,9,-9900,?,9,0.23,99.0,E,8
04/10/2019,14:00,1067.712,1360.79,174.2,1,8,1.127,1,8,173.316,1,8,20904.0,1,8,107.064,1,8,19064.748,1,8,70.324,1,8,-9900,?,9,-9900,?,9,26.27,E,8,23.36,E,8,85.0,E,8,1008.6016999999999,E,8,999.0,E,8,5.19,E,8,-9900,?,9,-9900,?,9,0.008,E,8,-9900,?,9,-9900,?,9,0.08,99.0,E,8
04/10/2019,15:00,889.139,1360.79,196.69,1,8,2.85,1,8,194.828,1,8,23602.8,1,8,270.761,1,8,21431.132,1,8,94.95,1,8,-9900,?,9,-9900,?,9,26.42,E,8,23.43,E,8,85.0,E,8,1008.6016999999999,E,8,999.0,E,8,4.82,E,8,-9900,?,9,-9900,?,9,0.01,E,8,-9900,?,9,-9900,?,9,0.1,99.0,E,8
04/10/2019,16:00,645.515,1360.79,132.44,1,8,0.0,1,8,132.44,1,8,15892.8,1,8,0.0,1,8,14568.4,1,8,88.959,1,8,-9900,?,9,-9900,?,9,26.24,E,8,23.35,E,8,85.0,E,8,1008.6016999999999,E,8,999.0,E,8,4.94,E,8,-9900,?,9,-9900,?,9,0.018,E,8,-9900,?,9,-9900,?,9,0.18,99.0,E,8
04/10/2019,17:00,353.775,1360.79,92.79,1,8,8.252,1,8,90.653,1,8,11134.8,1,8,783.939,1,8,9971.847,1,8,111.434,1,8,-9900,?,9,-9900,?,9,25.9,E,8,23.18,E,8,83.0,E,8,1008.6016999999999,E,8,999.0,E,8,4.01,E,8,-9900,?,9,-9900,?,9,0.0,E,8,-9900,?,9,-9900,?,9,0.0,0.0,E,8
04/10/2019,18:00,39.141,1360.79,17.34,1,8,0.0,1,8,17.34,1,8,2080.8,1,8,0.0,1,8,1907.4,1,8,240.309,1,8,-9900,?,9,-9900,?,9,25.26,E,8,22.85,E,8,86.0,E,8,1008.6016999999999,E,8,999.0,E,8,3.7,E,8,-9900,?,9,-9900,?,9,0.001,E,8,-9900,?,9,-9900,?,9,0.01,99.0,E,8
04/10/2019,19:00,0.0,1360.79,0.0,1,8,0.0,1,8,0.0,1,8,0.0,1,8,0.0,1,8,0.0,1,8,-0.0,1,8,-9900,?,9,-9900,?,9,24.88,E,8,22.65,E,8,87.0,E,8,1008.6016999999999,E,8,999.0,E,8,3.22,E,8,-9900,?,9,-9900,?,9,0.003,E,8,-9900,?,9,-9900,?,9,0.03,99.0,E,8
04/10/2019,20:00,0.0,1360.79,0.0,1,8,0.0,1,8,0.0,1,8,0.0,1,8,0.0,1,8,0.0,1,8,-0.0,1,8,-9900,?,9,-9900,?,9,24.5,E,8,22.45,E,8,87.0,E,8,1008.6016999999999,E,8,999.0,E,8,3.18,E,8,-9900,?,9,-9900,?,9,0.002,E,8,-9900,?,9,-9900,?,9,0.02,99.0,E,8
04/10/2019,21:00,0.0,1360.79,0.0,1,8,0.0,1,8,0.0,1,8,0.0,1,8,0.0,1,8,0.0,1,8,-0.0,1,8,-9900,?,9,-9900,?,9,24.11,E,8,22.25,E,8,88.0,E,8,1008.6016999999999,E,8,999.0,E,8,2.54,E,8,-9900,?,9,-9900,?,9,0.014000000000000002,E,8,-9900,?,9,-9900,?,9,0.14,99.0,E,8
04/10/2019,22:00,0.0,1360.79,0.0,1,8,0.0,1,8,0.0,1,8,0.0,1,8,0.0,1,8,0.0,1,8,-0.0,1,8,-9900,?,9,-9900,?,9,23.73,E,8,22.04,E,8,88.0,E,8,1008.6016999999999,E,8,999.0,E,8,2.77,E,8,-9900,?,9,-9900,?,9,0.005,E,8,-9900,?,9,-9900,?,9,0.05,99.0,E,8
04/10/2019,23:00,0.0,1360.79,0.0,1,8,0.0,1,8,0.0,1,8,0.0,1,8,0.0,1,8,0.0,1,8,-0.0,1,8,-9900,?,9,-9900,?,9,23.35,E,8,21.84,E,8,88.0,E,8,1008.6016999999999,E,8,999.0,E,8,2.75,E,8,-9900,?,9,-9900,?,9,0.044,E,8,-9900,?,9,-9900,?,9,0.44,99.0,E,8
04/10/2019,24:00,0.0,1360.79,0.0,1,8,0.0,1,8,0.0,1,8,0.0,1,8,0.0,1,8,0.0,1,8,-0.0,1,8,-9900,?,9,-9900,?,9,22.97,E,8,22.11,E,8,91.0,E,8,1008.6016999999999,E,8,999.0,E,8,2.6,E,8,-9900,?,9,-9900,?,9,0.088,E,8,-9900,?,9,-9900,?,9,0.88,99.0,E,8
04/11/2019,01:00,0.0,1360.79,0.0,1,8,0.0,1,8,0.0,1,8,0.0,1,8,0.0,1,8,0.0,1,8,-0.0,1,8,-9900,?,9,-9900,?,9,22.78,E,8,22.02,E,8,94.0,E,8,1008.6016999999999,E,8,999.0,E,8,3.12,E,8,-9900,?,9,-9900,?,9,0.374,E,8,-9900,?,9,-9900,?,9,3.74,99.0,E,8
04/11/2019,02:00,0.0,1360.79,0.0,1,8,0.0,1,8,0.0,1,8,0.0,1,8,0.0,1,8,0.0,1,8,-0.0,1,8,-9900,?,9,-9900,?,9,22.59,E,8,21.93,E,8,94.0,E,8,1008.6016999999999,E,8,999.0,E,8,2.79,E,8,-9900,?,9,-9900,?,9,0.132,E,8,-9900,?,9,-9900,?,9,1.32,99.0,E,8
04/11/2019,03:00,0.0,1360.79,0.0,1,8,0.0,1,8,0.0,1,8,0.0,1,8,0.0,1,8,0.0,1,8,-0.0,1,8,-9900,?,9,-9900,?,9,22.39,E,8,21.83,E,8,92.0,E,8,1008.6016999999999,E,8,999.0,E,8,2.51,E,8,-9900,?,9,-9900,?,9,0.072,E,8,-9900,?,9,-9900,?,9,0.72,99.0,E,8
04/11/2019,04:00,0.0,1359.995,0.0,1,8,0.0,1,8,0.0,1,8,0.0,1,8,0.0,1,8,0.0,1,8,-0.0,1,8,-9900,?,9,-9900,?,9,22.2,E,8,21.73,E,8,95.0,E,8,1008.6016999999999,E,8,999.0,E,8,2.75,E,8,-9900,?,9,-9900,?,9,0.10700000000000001,E,8,-9900,?,9,-9900,?,9,1.07,99.0,E,8
04/11/2019,05:00,0.0,1359.995,0.0,1,8,0.0,1,8,0.0,1,8,0.0,1,8,0.0,1,8,0.0,1,8,-0.0,1,8,-9900,?,9,-9900,?,9,22.01,E,8,21.64,E,8,92.0,E,8,1008.6016999999999,E,8,999.0,E,8,2.81,E,8,-9900,?,9,-9900,?,9,0.059,E,8,-9900,?,9,-9900,?,9,0.59,99.0,E,8
04/11/2019,06:00,0.0,1359.995,0.0,1,8,0.0,1,8,0.0,1,8,0.0,1,8,0.0,1,8,0.0,1,8,-0.0,1,8,-9900,?,9,-9900,?,9,21.87,E,8,21.57,E,8,98.0,E,8,1008.6016999999999,E,8,999.0,E,8,2.56,E,8,-9900,?,9,-9900,?,9,6.406999999999999,E,8,-9900,?,9,-9900,?,9,64.07,99.0,E,8
04/11/2019,07:00,162.009,1359.995,0.0,1,8,0.0,1,8,0.0,1,8,0.0,1,8,0.0,1,8,0.0,1,8,0.0,1,8,-9900,?,9,-9900,?,9,21.74,E,8,21.5,E,8,93.0,E,8,1008.6016999999999,E,8,999.0,E,8,2.31,E,8,-9900,?,9,-9900,?,9,0.04,E,8,-9900,?,9,-9900,?,9,0.4,99.0,E,8
04/11/2019,08:00,471.652,1359.995,39.85,1,8,0.0,1,8,39.85,1,8,4782.0,1,8,0.0,1,8,4383.5,1,8,36.654,1,8,-9900,?,9,-9900,?,9,21.61,E,8,21.44,E,8,93.0,E,8,1008.6016999999999,E,8,999.0,E,8,2.18,E,8,-9900,?,9,-9900,?,9,0.004,E,8,-9900,?,9,-9900,?,9,0.04,99.0,E,8
04/11/2019,09:00,745.927,1359.995,101.64,1,8,0.0,1,8,101.64,1,8,12196.8,1,8,0.0,1,8,11180.4,1,8,59.027,1,8,-9900,?,9,-9900,?,9,23.54,E,8,22.39,E,8,87.0,E,8,1008.6016999999999,E,8,999.0,E,8,2.32,E,8,-9900,?,9,-9900,?,9,0.0,E,8,-9900,?,9,-9900,?,9,0.0,0.0,E,8
04/11/2019,10:00,964.857,1359.995,156.27,1,8,0.106,1,8,156.195,1,8,18752.4,1,8,10.044,1,8,17181.452,1,8,70.1,1,8,-9900,?,9,-9900,?,9,24.32,E,8,22.75,E,8,89.0,E,8,1008.6016999999999,E,8,999.0,E,8,2.18,E,8,-9900,?,9,-9900,?,9,0.002,E,8,-9900,?,9,-9900,?,9,0.02,99.0,E,8
04/11/2019,11:00,1113.337,1359.995,197.47,1,8,3.306,1,8,194.764,1,8,23696.4,1,8,314.079,1,8,21424.03,1,8,75.741,1,8,-9900,?,9,-9900,?,9,24.99,E,8,23.06,E,8,87.0,E,8,1008.6016999999999,E,8,999.0,E,8,2.18,E,8,-9900,?,9,-9900,?,9,0.001,E,8,-9900,?,9,-9900,?,9,0.01,99.0,E,8
04/11/2019,12:00,1181.195,1359.995,221.84,1,8,2.858,1,8,219.358,1,8,26620.8,1,8,271.479,1,8,24129.409,1,8,80.401,1,8,-9900,?,9,-9900,?,9,25.52,E,8,23.31,E,8,87.0,E,8,1008.6016999999999,E,8,999.0,E,8,2.18,E,8,-9900,?,9,-9900,?,9,0.032,E,8,-9900,?,9,-9900,?,9,0.32,99.0,E,8
04/11/2019,13:00,1163.787,1359.995,147.6,1,8,0.327,1,8,147.32,1,8,17712.0,1,8,31.06,1,8,16205.228,1,8,54.805,1,8,-9900,?,9,-9900,?,9,25.54,E,8,23.32,E,8,87.0,E,8,1008.6016999999999,E,8,999.0,E,8,2.18,E,8,-9900,?,9,-9900,?,9,0.009,E,8,-9900,?,9,-9900,?,9,0.09,99.0,E,8
04/11/2019,14:00,1062.3,1359.995,196.16,1,8,1.838,1,8,194.725,1,8,23539.2,1,8,174.613,1,8,21419.703,1,8,79.367,1,8,-9900,?,9,-9900,?,9,25.74,E,8,23.41,E,8,86.0,E,8,1008.6016999999999,E,8,999.0,E,8,2.18,E,8,-9900,?,9,-9900,?,9,0.026000000000000002,E,8,-9900,?,9,-9900,?,9,0.26,99.0,E,8
04/11/2019,15:00,883.676,1359.995,210.42,1,8,7.298,1,8,205.68,1,8,25250.4,1,8,693.354,1,8,22624.759,1,8,100.8,1,8,-9900,?,9,-9900,?,9,25.94,E,8,23.5,E,8,86.0,E,8,1008.6016999999999,E,8,999.0,E,8,2.18,E,8,-9900,?,9,-9900,?,9,0.006,E,8,-9900,?,9,-9900,?,9,0.06,99.0,E,8
04/11/2019,16:00,640.168,1359.995,137.01,1,8,0.0,1,8,137.01,1,8,16441.2,1,8,0.0,1,8,15071.1,1,8,92.745,1,8,-9900,?,9,-9900,?,9,25.83,E,8,23.45,E,8,86.0,E,8,1008.6016999999999,E,8,999.0,E,8,2.18,E,8,-9900,?,9,-9900,?,9,0.02,E,8,-9900,?,9,-9900,?,9,0.2,99.0,E,8
04/11/2019,17:00,348.708,1359.995,76.84,1,8,0.0,1,8,76.84,1,8,9220.8,1,8,0.0,1,8,8452.4,1,8,95.782,1,8,-9900,?,9,-9900,?,9,25.46,E,8,23.28,E,8,87.0,E,8,1008.6016999999999,E,8,999.0,E,8,2.18,E,8,-9900,?,9,-9900,?,9,0.012,E,8,-9900,?,9,-9900,?,9,0.12,99.0,E,8
04/11/2019,18:00,34.871,1359.995,16.51,1,8,0.0,1,8,16.51,1,8,1981.2,1,8,0.0,1,8,1816.1,1,8,268.954,1,8,-9900,?,9,-9900,?,9,24.9,E,8,23.02,E,8,88.0,E,8,1008.6016999999999,E,8,999.0,E,8,2.18,E,8,-9900,?,9,-9900,?,9,0.016,E,8,-9900,?,9,-9900,?,9,0.16,99.0,E,8
04/11/2019,19:00,0.0,1359.995,0.0,1,8,0.0,1,8,0.0,1,8,0.0,1,8,0.0,1,8,0.0,1,8,-0.0,1,8,-9900,?,9,-9900,?,9,24.52,E,8,22.85,E,8,88.0,E,8,1008.6016999999999,E,8,999.0,E,8,2.18,E,8,-9900,?,9,-9900,?,9,0.049,E,8,-9900,?,9,-9900,?,9,0.49,99.0,E,8
04/11/2019,20:00,0.0,1359.995,0.0,1,8,0.0,1,8,0.0,1,8,0.0,1,8,0.0,1,8,0.0,1,8,-0.0,1,8,-9900,?,9,-9900,?,9,24.15,E,8,22.67,E,8,92.0,E,8,1008.6016999999999,E,8,999.0,E,8,2.18,E,8,-9900,?,9,-9900,?,9,0.16399999999999998,E,8,-9900,?,9,-9900,?,9,1.64,99.0,E,8
04/11/2019,21:00,0.0,1359.995,0.0,1,8,0.0,1,8,0.0,1,8,0.0,1,8,0.0,1,8,0.0,1,8,-0.0,1,8,-9900,?,9,-9900,?,9,23.77,E,8,22.49,E,8,92.0,E,8,1008.6016999999999,E,8,999.0,E,8,2.18,E,8,-9900,?,9,-9900,?,9,0.27,E,8,-9900,?,9,-9900,?,9,2.7,99.0,E,8
04/11/2019,22:00,0.0,1359.995,0.0,1,8,0.0,1,8,0.0,1,8,0.0,1,8,0.0,1,8,0.0,1,8,-0.0,1,8,-9900,?,9,-9900,?,9,23.4,E,8,22.32,E,8,96.0,E,8,1008.6016999999999,E,8,999.0,E,8,2.18,E,8,-9900,?,9,-9900,?,9,0.604,E,8,-9900,?,9,-9900,?,9,6.04,99.0,E,8
04/11/2019,23:00,0.0,1359.995,0.0,1,8,0.0,1,8,0.0,1,8,0.0,1,8,0.0,1,8,0.0,1,8,-0.0,1,8,-9900,?,9,-9900,?,9,23.02,E,8,22.14,E,8,94.0,E,8,1008.6016999999999,E,8,999.0,E,8,2.18,E,8,-9900,?,9,-9900,?,9,0.207,E,8,-9900,?,9,-9900,?,9,2.07,99.0,E,8
04/11/2019,24:00,0.0,1359.995,0.0,1,8,0.0,1,8,0.0,1,8,0.0,1,8,0.0,1,8,0.0,1,8,-0.0,1,8,-9900,?,9,-9900,?,9,22.64,E,8,20.78,E,8,90.0,E,8,1008.6016999999999,E,8,999.0,E,8,1.76,E,8,-9900,?,9,-9900,?,9,0.019,E,8,-9900,?,9,-9900,?,9,0.19,99.0,E,8
04/12/2019,01:00,0.0,1359.995,0.0,1,8,0.0,1,8,0.0,1,8,0.0,1,8,0.0,1,8,0.0,1,8,-0.0,1,8,-9900,?,9,-9900,?,9,22.46,E,8,20.83,E,8,91.0,E,8,1008.6016999999999,E,8,999.0,E,8,1.76,E,8,-9900,?,9,-9900,?,9,0.043,E,8,-9900,?,9,-9900,?,9,0.43,99.0,E,8
04/12/2019,02:00,0.0,1359.995,0.0,1,8,0.0,1,8,0.0,1,8,0.0,1,8,0.0,1,8,0.0,1,8,-0.0,1,8,-9900,?,9,-9900,?,9,22.27,E,8,20.88,E,8,92.0,E,8,1008.6016999999999,E,8,999.0,E,8,1.76,E,8,-9900,?,9,-9900,?,9,0.025,E,8,-9900,?,9,-9900,?,9,0.25,99.0,E,8
04/12/2019,03:00,0.0,1359.995,0.0,1,8,0.0,1,8,0.0,1,8,0.0,1,8,0.0,1,8,0.0,1,8,-0.0,1,8,-9900,?,9,-9900,?,9,22.08,E,8,20.93,E,8,97.0,E,8,1008.6016999999999,E,8,999.0,E,8,1.76,E,8,-9900,?,9,-9900,?,9,0.193,E,8,-9900,?,9,-9900,?,9,1.93,99.0,E,8
04/12/2019,04:00,0.0,1359.203,0.0,1,8,0.0,1,8,0.0,1,8,0.0,1,8,0.0,1,8,0.0,1,8,-0.0,1,8,-9900,?,9,-9900,?,9,21.89,E,8,20.98,E,8,98.0,E,8,1008.6016999999999,E,8,999.0,E,8,1.76,E,8,-9900,?,9,-9900,?,9,0.11399999999999999,E,8,-9900,?,9,-9900,?,9,1.14,99.0,E,8
04/12/2019,05:00,0.0,1359.203,0.0,1,8,0.0,1,8,0.0,1,8,0.0,1,8,0.0,1,8,0.0,1,8,-0.0,1,8,-9900,?,9,-9900,?,9,21.7,E,8,21.04,E,8,95.0,E,8,1008.6016999999999,E,8,999.0,E,8,1.76,E,8,-9900,?,9,-9900,?,9,0.002,E,8,-9900,?,9,-9900,?,9,0.02,99.0,E,8
04/12/2019,06:00,0.0,1359.203,0.0,1,8,0.0,1,8,0.0,1,8,0.0,1,8,0.0,1,8,0.0,1,8,-0.0,1,8,-9900,?,9,-9900,?,9,21.56,E,8,21.07,E,8,96.0,E,8,1008.6016999999999,E,8,999.0,E,8,1.76,E,8,-9900,?,9,-9900,?,9,0.033,E,8,-9900,?,9,-9900,?,9,0.33,99.0,E,8
04/12/2019,07:00,160.036,1359.203,0.0,1,8,0.0,1,8,0.0,1,8,0.0,1,8,0.0,1,8,0.0,1,8,0.0,1,8,-9900,?,9,-9900,?,9,21.44,E,8,21.1,E,8,97.0,E,8,1008.6016999999999,E,8,999.0,E,8,1.76,E,8,-9900,?,9,-9900,?,9,0.008,E,8,-9900,?,9,-9900,?,9,0.08,99.0,E,8
04/12/2019,08:00,469.063,1359.203,62.93,1,8,0.0,1,8,62.93,1,8,7551.6,1,8,0.0,1,8,6922.3,1,8,58.169,1,8,-9900,?,9,-9900,?,9,21.31,E,8,21.14,E,8,94.0,E,8,1008.6016999999999,E,8,999.0,E,8,1.76,E,8,-9900,?,9,-9900,?,9,0.0,E,8,-9900,?,9,-9900,?,9,0.0,0.0,E,8
04/12/2019,09:00,742.711,1359.203,161.17,1,8,0.888,1,8,160.685,1,8,19340.4,1,8,84.389,1,8,17675.343,1,8,93.667,1,8,-9900,?,9,-9900,?,9,23.46,E,8,20.56,E,8,81.0,E,8,1008.6016999999999,E,8,999.0,E,8,1.76,E,8,-9900,?,9,-9900,?,9,0.0,E,8,-9900,?,9,-9900,?,9,0.0,0.0,E,8
04/12/2019,10:00,961.025,1359.203,248.02,1,8,7.727,1,8,242.558,1,8,29762.4,1,8,734.082,1,8,26681.391,1,8,109.23,1,8,-9900,?,9,-9900,?,9,24.33,E,8,20.32,E,8,76.0,E,8,1008.6016999999999,E,8,999.0,E,8,1.76,E,8,-9900,?,9,-9900,?,9,0.0,E,8,-9900,?,9,-9900,?,9,0.0,0.0,E,8
04/12/2019,11:00,1108.943,1359.203,313.48,1,8,16.708,1,8,299.85,1,8,37617.6,1,8,1587.273,1,8,32983.523,1,8,117.002,1,8,-9900,?,9,-9900,?,9,25.08,E,8,20.11,E,8,72.0,E,8,1008.6016999999999,E,8,999.0,E,8,1.76,E,8,-9900,?,9,-9900,?,9,0.0,E,8,-9900,?,9,-9900,?,9,0.0,0.0,E,8
04/12/2019,12:00,1176.33,1359.203,352.13,1,8,27.213,1,8,328.581,1,8,42255.6,1,8,2585.206,1,8,36143.902,1,8,120.862,1,8,-9900,?,9,-9900,?,9,25.67,E,8,19.95,E,8,69.0,E,8,1008.6016999999999,E,8,999.0,E,8,1.76,E,8,-9900,?,9,-9900,?,9,0.0,E,8,-9900,?,9,-9900,?,9,0.0,0.0,E,8
04/12/2019,13:00,1158.574,1359.203,361.06,1,8,31.081,1,8,334.57,1,8,43327.2,1,8,2952.649,1,8,36802.715,1,8,124.953,1,8,-9900,?,9,-9900,?,9,26.1,E,8,19.83,E,8,67.0,E,8,1008.6016999999999,E,8,999.0,E,8,1.76,E,8,-9900,?,9,-9900,?,9,0.0,E,8,-9900,?,9,-9900,?,9,0.0,0.0,E,8
04/12/2019,14:00,1056.888,1359.203,339.59,1,8,26.349,1,8,319.106,1,8,40750.8,1,8,2503.151,1,8,35101.609,1,8,130.654,1,8,-9900,?,9,-9900,?,9,26.35,E,8,19.76,E,8,66.0,E,8,1008.6016999999999,E,8,999.0,E,8,1.76,E,8,-9900,?,9,-9900,?,9,0.0,E,8,-9900,?,9,-9900,?,9,0.0,0.0,E,8
04/12/2019,15:00,878.226,1359.203,289.32,1,8,21.802,1,8,275.239,1,8,34718.4,1,8,2071.167,1,8,30276.281,1,8,135.649,1,8,-9900,?,9,-9900,?,9,26.41,E,8,19.74,E,8,70.0,E,8,1008.6016999999999,E,8,999.0,E,8,1.92,E,8,-9900,?,9,-9900,?,9,0.001,E,8,-9900,?,9,-9900,?,9,0.01,99.0,E,8
04/12/2019,16:00,634.847,1359.203,214.17,1,8,57.178,1,8,187.492,1,8,25700.4,1,8,5431.943,1,8,20624.066,1,8,127.909,1,8,-9900,?,9,-9900,?,9,26.22,E,8,19.79,E,8,71.0,E,8,1008.6016999999999,E,8,999.0,E,8,1.76,E,8,-9900,?,9,-9900,?,9,0.011,E,8,-9900,?,9,-9900,?,9,0.11,99.0,E,8
04/12/2019,17:00,343.682,1359.203,120.87,1,8,97.069,1,8,96.428,1,8,14504.4,1,8,9221.533,1,8,10607.131,1,8,121.901,1,8,-9900,?,9,-9900,?,9,25.77,E,8,19.92,E,8,73.0,E,8,1008.6016999999999,E,8,999.0,E,8,1.77,E,8,-9900,?,9,-9900,?,9,0.006,E,8,-9900,?,9,-9900,?,9,0.06,99.0,E,8
04/12/2019,18:00,30.683,1359.203,25.16,1,8,0.0,1,8,25.16,1,8,3019.2,1,8,0.0,1,8,2767.6,1,8,496.034,1,8,-9900,?,9,-9900,?,9,25.11,E,8,20.11,E,8,76.0,E,8,1008.6016999999999,E,8,999.0,E,8,1.76,E,8,-9900,?,9,-9900,?,9,0.056999999999999995,E,8,-9900,?,9,-9900,?,9,0.57,99.0,E,8
04/12/2019,19:00,0.0,1359.203,0.0,1,8,0.0,1,8,0.0,1,8,0.0,1,8,0.0,1,8,0.0,1,8,-0.0,1,8,-9900,?,9,-9900,?,9,24.72,E,8,20.22,E,8,87.0,E,8,1008.6016999999999,E,8,999.0,E,8,2.17,E,8,-9900,?,9,-9900,?,9,2.388,E,8,-9900,?,9,-9900,?,9,23.88,99.0,E,8
04/12/2019,20:00,0.0,1359.203,0.0,1,8,0.0,1,8,0.0,1,8,0.0,1,8,0.0,1,8,0.0,1,8,-0.0,1,8,-9900,?,9,-9900,?,9,24.32,E,8,20.33,E,8,80.0,E,8,1008.6016999999999,E,8,999.0,E,8,2.87,E,8,-9900,?,9,-9900,?,9,0.078,E,8,-9900,?,9,-9900,?,9,0.78,99.0,E,8
04/12/2019,21:00,0.0,1359.203,0.0,1,8,0.0,1,8,0.0,1,8,0.0,1,8,0.0,1,8,0.0,1,8,-0.0,1,8,-9900,?,9,-9900,?,9,23.93,E,8,20.43,E,8,82.0,E,8,1008.6016999999999,E,8,999.0,E,8,2.8,E,8,-9900,?,9,-9900,?,9,0.015,E,8,-9900,?,9,-9900,?,9,0.15,99.0,E,8
04/12/2019,22:00,0.0,1359.203,0.0,1,8,0.0,1,8,0.0,1,8,0.0,1,8,0.0,1,8,0.0,1,8,-0.0,1,8,-9900,?,9,-9900,?,9,23.53,E,8,20.54,E,8,85.0,E,8,1008.6016999999999,E,8,999.0,E,8,2.85,E,8,-9900,?,9,-9900,?,9,0.001,E,8,-9900,?,9,-9900,?,9,0.01,99.0,E,8
04/12/2019,23:00,0.0,1359.203,0.0,1,8,0.0,1,8,0.0,1,8,0.0,1,8,0.0,1,8,0.0,1,8,-0.0,1,8,-9900,?,9,-9900,?,9,23.14,E,8,20.65,E,8,87.0,E,8,1008.6016999999999,E,8,999.0,E,8,3.16,E,8,-9900,?,9,-9900,?,9,0.004,E,8,-9900,?,9,-9900,?,9,0.04,99.0,E,8
04/12/2019,24:00,0.0,1359.203,0.0,1,8,0.0,1,8,0.0,1,8,0.0,1,8,0.0,1,8,0.0,1,8,-0.0,1,8,-9900,?,9,-9900,?,9,22.74,E,8,20.37,E,8,86.0,E,8,1008.6016999999999,E,8,999.0,E,8,1.39,E,8,-9900,?,9,-9900,?,9,0.001,E,8,-9900,?,9,-9900,?,9,0.01,99.0,E,8
04/13/2019,01:00,0.0,1359.203,0.0,1,8,0.0,1,8,0.0,1,8,0.0,1,8,0.0,1,8,0.0,1,8,-0.0,1,8,-9900,?,9,-9900,?,9,22.54,E,8,20.36,E,8,87.0,E,8,1008.6016999999999,E,8,999.0,E,8,1.39,E,8,-9900,?,9,-9900,?,9,0.004,E,8,-9900,?,9,-9900,?,9,0.04,99.0,E,8
04/13/2019,02:00,0.0,1359.203,0.0,1,8,0.0,1,8,0.0,1,8,0.0,1,8,0.0,1,8,0.0,1,8,-0.0,1,8,-9900,?,9,-9900,?,9,22.35,E,8,20.36,E,8,88.0,E,8,1008.6016999999999,E,8,999.0,E,8,1.39,E,8,-9900,?,9,-9900,?,9,0.007000000000000001,E,8,-9900,?,9,-9900,?,9,0.07,99.0,E,8
04/13/2019,03:00,0.0,1359.203,0.0,1,8,0.0,1,8,0.0,1,8,0.0,1,8,0.0,1,8,0.0,1,8,-0.0,1,8,-9900,?,9,-9900,?,9,22.15,E,8,20.36,E,8,89.0,E,8,1008.6016999999999,E,8,999.0,E,8,1.39,E,8,-9900,?,9,-9900,?,9,0.020999999999999998,E,8,-9900,?,9,-9900,?,9,0.21,99.0,E,8
04/13/2019,04:00,0.0,1358.413,0.0,1,8,0.0,1,8,0.0,1,8,0.0,1,8,0.0,1,8,0.0,1,8,-0.0,1,8,-9900,?,9,-9900,?,9,21.95,E,8,20.35,E,8,94.0,E,8,1008.6016999999999,E,8,999.0,E,8,1.39,E,8,-9900,?,9,-9900,?,9,0.351,E,8,-9900,?,9,-9900,?,9,3.51,99.0,E,8
04/13/2019,05:00,0.0,1358.413,0.0,1,8,0.0,1,8,0.0,1,8,0.0,1,8,0.0,1,8,0.0,1,8,-0.0,1,8,-9900,?,9,-9900,?,9,21.76,E,8,20.35,E,8,90.0,E,8,1008.6016999999999,E,8,999.0,E,8,1.39,E,8,-9900,?,9,-9900,?,9,0.011,E,8,-9900,?,9,-9900,?,9,0.11,99.0,E,8
04/13/2019,06:00,0.0,1358.413,0.0,1,8,0.0,1,8,0.0,1,8,0.0,1,8,0.0,1,8,0.0,1,8,-0.0,1,8,-9900,?,9,-9900,?,9,21.6,E,8,20.34,E,8,87.0,E,8,1008.6016999999999,E,8,999.0,E,8,1.39,E,8,-9900,?,9,-9900,?,9,0.0,E,8,-9900,?,9,-9900,?,9,0.0,0.0,E,8
04/13/2019,07:00,158.053,1358.413,0.0,1,8,0.0,1,8,0.0,1,8,0.0,1,8,0.0,1,8,0.0,1,8,0.0,1,8,-9900,?,9,-9900,?,9,21.47,E,8,20.34,E,8,92.0,E,8,1008.6016999999999,E,8,999.0,E,8,1.39,E,8,-9900,?,9,-9900,?,9,0.003,E,8,-9900,?,9,-9900,?,9,0.03,99.0,E,8
04/13/2019,08:00,466.456,1358.413,112.81,1,8,0.0,1,8,112.81,1,8,13537.2,1,8,0.0,1,8,12409.1,1,8,104.8,1,8,-9900,?,9,-9900,?,9,21.34,E,8,20.34,E,8,88.0,E,8,1008.6016999999999,E,8,999.0,E,8,1.39,E,8,-9900,?,9,-9900,?,9,0.0,E,8,-9900,?,9,-9900,?,9,0.0,0.0,E,8
04/13/2019,09:00,739.472,1358.413,290.16,1,8,90.881,1,8,240.722,1,8,34819.2,1,8,8633.673,1,8,26479.434,1,8,140.857,1,8,-9900,?,9,-9900,?,9,23.85,E,8,20.39,E,8,78.0,E,8,1008.6016999999999,E,8,999.0,E,8,1.39,E,8,-9900,?,9,-9900,?,9,0.0,E,8,-9900,?,9,-9900,?,9,0.0,0.0,E,8
04/13/2019,10:00,957.17,1358.413,446.92,1,8,130.177,1,8,355.222,1,8,53630.4,1,8,12366.775,1,8,39074.404,1,8,160.517,1,8,-9900,?,9,-9900,?,9,24.87,E,8,20.41,E,8,74.0,E,8,1008.6016999999999,E,8,999.0,E,8,1.39,E,8,-9900,?,9,-9900,?,9,0.0,E,8,-9900,?,9,-9900,?,9,0.0,0.0,E,8
04/13/2019,11:00,1104.528,1358.413,564.99,1,8,161.278,1,8,433.874,1,8,67798.8,1,8,15321.439,1,8,47726.151,1,8,169.877,1,8,-9900,?,9,-9900,?,9,25.75,E,8,20.42,E,8,71.0,E,8,1008.6016999999999,E,8,999.0,E,8,1.74,E,8,-9900,?,9,-9900,?,9,0.0,E,8,-9900,?,9,-9900,?,9,0.0,0.0,E,8
04/13/2019,12:00,1171.449,1358.413,634.62,1,8,192.378,1,8,468.737,1,8,76154.4,1,8,18275.883,1,8,51561.051,1,8,173.034,1,8,-9900,?,9,-9900,?,9,26.45,E,8,20.44,E,8,68.0,E,8,1008.6016999999999,E,8,999.0,E,8,2.48,E,8,-9900,?,9,-9900,?,9,0.0,E,8,-9900,?,9,-9900,?,9,0.0,0.0,E,8
04/13/2019,13:00,1153.355,1358.413,650.51,1,8,310.922,1,8,386.553,1,8,78061.2,1,8,29537.563,1,8,42520.876,1,8,144.937,1,8,-9900,?,9,-9900,?,9,26.95,E,8,20.45,E,8,67.0,E,8,1008.6016999999999,E,8,999.0,E,8,3.5,E,8,-9900,?,9,-9900,?,9,0.0,E,8,-9900,?,9,-9900,?,9,0.0,0.0,E,8
04/13/2019,14:00,1051.479,1358.413,611.49,1,8,372.813,1,8,322.971,1,8,73378.8,1,8,35417.266,1,8,35526.779,1,8,132.84,1,8,-9900,?,9,-9900,?,9,27.24,E,8,20.45,E,8,66.0,E,8,1008.6016999999999,E,8,999.0,E,8,4.07,E,8,-9900,?,9,-9900,?,9,0.0,E,8,-9900,?,9,-9900,?,9,0.0,0.0,E,8
04/13/2019,15:00,872.793,1358.413,520.45,1,8,443.065,1,8,235.895,1,8,62454.0,1,8,42091.185,1,8,25948.504,1,8,116.915,1,8,-9900,?,9,-9900,?,9,27.31,E,8,20.45,E,8,66.0,E,8,1008.6016999999999,E,8,999.0,E,8,3.06,E,8,-9900,?,9,-9900,?,9,0.0,E,8,-9900,?,9,-9900,?,9,0.0,0.0,E,8
04/13/2019,16:00,629.555,1358.413,384.49,1,8,547.651,1,8,130.953,1,8,46138.8,1,8,52026.814,1,8,14404.825,1,8,90.038,1,8,-9900,?,9,-9900,?,9,27.09,E,8,20.45,E,8,66.0,E,8,1008.6016999999999,E,8,999.0,E,8,3.14,E,8,-9900,?,9,-9900,?,9,0.0,E,8,-9900,?,9,-9900,?,9,0.0,0.0,E,8
04/13/2019,17:00,338.698,1358.413,215.86,1,8,419.648,1,8,111.679,1,8,25903.2,1,8,39866.53,1,8,12284.694,1,8,143.192,1,8,-9900,?,9,-9900,?,9,26.56,E,8,20.44,E,8,68.0,E,8,1008.6016999999999,E,8,999.0,E,8,3.29,E,8,-9900,?,9,-9900,?,9,0.0,E,8,-9900,?,9,-9900,?,9,0.0,0.0,E,8
04/13/2019,18:00,26.582,1358.413,43.5,1,8,0.0,1,8,43.5,1,8,5220.0,1,8,0.0,1,8,4785.0,1,8,1082.834,1,8,-9900,?,9,-9900,?,9,25.79,E,8,20.42,E,8,75.0,E,8,1008.6016999999999,E,8,999.0,E,8,3.1,E,8,-9900,?,9,-9900,?,9,0.002,E,8,-9900,?,9,-9900,?,9,0.02,99.0,E,8
04/13/2019,19:00,0.0,1358.413,0.0,1,8,0.0,1,8,0.0,1,8,0.0,1,8,0.0,1,8,0.0,1,8,-0.0,1,8,-9900,?,9,-9900,?,9,25.31,E,8,20.42,E,8,76.0,E,8,1008.6016999999999,E,8,999.0,E,8,2.13,E,8,-9900,?,9,-9900,?,9,0.001,E,8,-9900,?,9,-9900,?,9,0.01,99.0,E,8
04/13/2019,20:00,0.0,1358.413,0.0,1,8,0.0,1,8,0.0,1,8,0.0,1,8,0.0,1,8,0.0,1,8,-0.0,1,8,-9900,?,9,-9900,?,9,24.83,E,8,20.41,E,8,74.0,E,8,1008.6016999999999,E,8,999.0,E,8,1.43,E,8,-9900,?,9,-9900,?,9,0.0,E,8,-9900,?,9,-9900,?,9,0.0,0.0,E,8
04/13/2019,21:00,0.0,1358.413,0.0,1,8,0.0,1,8,0.0,1,8,0.0,1,8,0.0,1,8,0.0,1,8,-0.0,1,8,-9900,?,9,-9900,?,9,24.35,E,8,20.4,E,8,76.0,E,8,1008.6016999999999,E,8,999.0,E,8,1.39,E,8,-9900,?,9,-9900,?,9,0.0,E,8,-9900,?,9,-9900,?,9,0.0,0.0,E,8
04/13/2019,22:00,0.0,1358.413,0.0,1,8,0.0,1,8,0.0,1,8,0.0,1,8,0.0,1,8,0.0,1,8,-0.0,1,8,-9900,?,9,-9900,?,9,23.87,E,8,20.39,E,8,78.0,E,8,1008.6016999999999,E,8,999.0,E,8,1.39,E,8,-9900,?,9,-9900,?,9,0.0,E,8,-9900,?,9,-9900,?,9,0.0,0.0,E,8
04/13/2019,23:00,0.0,1358.413,0.0,1,8,0.0,1,8,0.0,1,8,0.0,1,8,0.0,1,8,0.0,1,8,-0.0,1,8,-9900,?,9,-9900,?,9,23.39,E,8,20.38,E,8,79.0,E,8,1008.6016999999999,E,8,999.0,E,8,1.39,E,8,-9900,?,9,-9900,?,9,0.0,E,8,-9900,?,9,-9900,?,9,0.0,0.0,E,8
04/13/2019,24:00,0.0,1358.413,0.0,1,8,0.0,1,8,0.0,1,8,0.0,1,8,0.0,1,8,0.0,1,8,-0.0,1,8,-9900,?,9,-9900,?,9,22.91,E,8,20.14,E,8,88.0,E,8,1008.6016999999999,E,8,999.0,E,8,0.84,E,8,-9900,?,9,-9900,?,9,0.016,E,8,-9900,?,9,-9900,?,9,0.16,99.0,E,8
04/14/2019,01:00,0.0,1358.413,0.0,1,8,0.0,1,8,0.0,1,8,0.0,1,8,0.0,1,8,0.0,1,8,-0.0,1,8,-9900,?,9,-9900,?,9,22.67,E,8,20.19,E,8,90.0,E,8,1008.6016999999999,E,8,999.0,E,8,0.84,E,8,-9900,?,9,-9900,?,9,0.002,E,8,-9900,?,9,-9900,?,9,0.02,99.0,E,8
04/14/2019,02:00,0.0,1358.413,0.0,1,8,0.0,1,8,0.0,1,8,0.0,1,8,0.0,1,8,0.0,1,8,-0.0,1,8,-9900,?,9,-9900,?,9,22.43,E,8,20.24,E,8,86.0,E,8,1008.6016999999999,E,8,999.0,E,8,0.84,E,8,-9900,?,9,-9900,?,9,0.0,E,8,-9900,?,9,-9900,?,9,0.0,0.0,E,8
04/14/2019,03:00,0.0,1358.413,0.0,1,8,0.0,1,8,0.0,1,8,0.0,1,8,0.0,1,8,0.0,1,8,-0.0,1,8,-9900,?,9,-9900,?,9,22.2,E,8,20.29,E,8,88.0,E,8,1008.6016999999999,E,8,999.0,E,8,0.84,E,8,-9900,?,9,-9900,?,9,0.0,E,8,-9900,?,9,-9900,?,9,0.0,0.0,E,8
04/14/2019,04:00,0.0,1357.627,0.0,1,8,0.0,1,8,0.0,1,8,0.0,1,8,0.0,1,8,0.0,1,8,-0.0,1,8,-9900,?,9,-9900,?,9,21.96,E,8,20.34,E,8,94.0,E,8,1008.6016999999999,E,8,999.0,E,8,0.84,E,8,-9900,?,9,-9900,?,9,0.003,E,8,-9900,?,9,-9900,?,9,0.03,99.0,E,8
04/14/2019,05:00,0.0,1357.627,0.0,1,8,0.0,1,8,0.0,1,8,0.0,1,8,0.0,1,8,0.0,1,8,-0.0,1,8,-9900,?,9,-9900,?,9,21.72,E,8,20.39,E,8,91.0,E,8,1008.6016999999999,E,8,999.0,E,8,0.84,E,8,-9900,?,9,-9900,?,9,0.0,E,8,-9900,?,9,-9900,?,9,0.0,0.0,E,8
04/14/2019,06:00,0.0,1357.627,0.0,1,8,0.0,1,8,0.0,1,8,0.0,1,8,0.0,1,8,0.0,1,8,-0.0,1,8,-9900,?,9,-9900,?,9,21.53,E,8,20.42,E,8,92.0,E,8,1008.6016999999999,E,8,999.0,E,8,0.84,E,8,-9900,?,9,-9900,?,9,0.0,E,8,-9900,?,9,-9900,?,9,0.0,0.0,E,8
04/14/2019,07:00,156.06,1357.627,0.0,1,8,0.0,1,8,0.0,1,8,0.0,1,8,0.0,1,8,0.0,1,8,0.0,1,8,-9900,?,9,-9900,?,9,21.37,E,8,20.46,E,8,93.0,E,8,1008.6016999999999,E,8,999.0,E,8,0.84,E,8,-9900,?,9,-9900,?,9,0.0,E,8,-9900,?,9,-9900,?,9,0.0,0.0,E,8
04/14/2019,08:00,463.832,1357.627,162.68,1,8,81.659,1,8,134.843,1,8,19521.6,1,8,7757.603,1,8,14832.676,1,8,125.907,1,8,-9900,?,9,-9900,?,9,21.21,E,8,20.49,E,8,94.0,E,8,1008.6016999999999,E,8,999.0,E,8,0.84,E,8,-9900,?,9,-9900,?,9,0.0,E,8,-9900,?,9,-9900,?,9,0.0,0.0,E,8
04/14/2019,09:00,736.212,1357.627,395.64,1,8,324.513,1,8,219.787,1,8,47476.8,1,8,30828.714,1,8,24176.611,1,8,129.103,1,8,-9900,?,9,-9900,?,9,24.02,E,8,19.91,E,8,77.0,E,8,1008.6016999999999,E,8,999.0,E,8,0.98,E,8,-9900,?,9,-9900,?,9,0.0,E,8,-9900,?,9,-9900,?,9,0.0,0.0,E,8
04/14/2019,10:00,953.293,1357.627,464.83,1,8,154.635,1,8,356.282,1,8,55779.6,1,8,14690.325,1,8,39191.005,1,8,161.558,1,8,-9900,?,9,-9900,?,9,24.64,E,8,19.78,E,8,74.0,E,8,1008.6016999999999,E,8,999.0,E,8,1.28,E,8,-9900,?,9,-9900,?,9,0.0,E,8,-9900,?,9,-9900,?,9,0.0,0.0,E,8
04/14/2019,11:00,1100.094,1357.627,564.23,1,8,163.327,1,8,431.905,1,8,67707.6,1,8,15516.099,1,8,47509.57,1,8,169.69,1,8,-9900,?,9,-9900,?,9,25.2,E,8,19.66,E,8,71.0,E,8,1008.6016999999999,E,8,999.0,E,8,2.07,E,8,-9900,?,9,-9900,?,9,0.0,E,8,-9900,?,9,-9900,?,9,0.0,0.0,E,8
04/14/2019,12:00,1166.556,1357.627,658.51,1,8,298.205,1,8,402.301,1,8,79021.2,1,8,28329.509,1,8,44253.067,1,8,149.046,1,8,-9900,?,9,-9900,?,9,25.73,E,8,19.55,E,8,68.0,E,8,1008.6016999999999,E,8,999.0,E,8,2.91,E,8,-9900,?,9,-9900,?,9,0.0,E,8,-9900,?,9,-9900,?,9,0.0,0.0,E,8
04/14/2019,13:00,1148.131,1357.627,698.49,1,8,402.342,1,8,358.273,1,8,83818.8,1,8,38222.521,1,8,39410.061,1,8,134.867,1,8,-9900,?,9,-9900,?,9,26.14,E,8,19.46,E,8,66.0,E,8,1008.6016999999999,E,8,999.0,E,8,3.53,E,8,-9900,?,9,-9900,?,9,0.0,E,8,-9900,?,9,-9900,?,9,0.0,0.0,E,8
04/14/2019,14:00,1046.078,1357.627,681.84,1,8,562.704,1,8,248.353,1,8,81820.8,1,8,53456.846,1,8,27318.855,1,8,102.618,1,8,-9900,?,9,-9900,?,9,26.42,E,8,19.4,E,8,65.0,E,8,1008.6016999999999,E,8,999.0,E,8,3.94,E,8,-9900,?,9,-9900,?,9,0.0,E,8,-9900,?,9,-9900,?,9,0.0,0.0,E,8
04/14/2019,15:00,867.379,1357.627,578.11,1,8,654.814,1,8,159.932,1,8,69373.2,1,8,62207.307,1,8,17592.511,1,8,79.715,1,8,-9900,?,9,-9900,?,9,26.49,E,8,19.38,E,8,64.0,E,8,1008.6016999999999,E,8,999.0,E,8,4.52,E,8,-9900,?,9,-9900,?,9,0.0,E,8,-9900,?,9,-9900,?,9,0.0,0.0,E,8
04/14/2019,16:00,624.296,1357.627,450.97,1,8,721.364,1,8,119.617,1,8,54116.4,1,8,68529.616,1,8,13157.821,1,8,82.89,1,8,-9900,?,9,-9900,?,9,26.35,E,8,19.41,E,8,65.0,E,8,1008.6016999999999,E,8,999.0,E,8,4.62,E,8,-9900,?,9,-9900,?,9,0.0,E,8,-9900,?,9,-9900,?,9,0.0,0.0,E,8
04/14/2019,17:00,333.761,1357.627,267.73,1,8,437.239,1,8,160.716,1,8,32127.6,1,8,41537.745,1,8,17678.772,1,8,209.02,1,8,-9900,?,9,-9900,?,9,25.93,E,8,19.5,E,8,67.0,E,8,1008.6016999999999,E,8,999.0,E,8,3.85,E,8,-9900,?,9,-9900,?,9,0.0,E,8,-9900,?,9,-9900,?,9,0.0,0.0,E,8
04/14/2019,18:00,22.569,1357.627,74.53,1,8,0.0,1,8,74.53,1,8,8943.6,1,8,0.0,1,8,8198.3,1,8,2505.9,1,8,-9900,?,9,-9900,?,9,25.28,E,8,19.64,E,8,75.0,E,8,1008.6016999999999,E,8,999.0,E,8,3.46,E,8,-9900,?,9,-9900,?,9,0.004,E,8,-9900,?,9,-9900,?,9,0.04,99.0,E,8
04/14/2019,19:00,0.0,1357.627,0.0,1,8,0.0,1,8,0.0,1,8,0.0,1,8,0.0,1,8,0.0,1,8,-0.0,1,8,-9900,?,9,-9900,?,9,24.81,E,8,19.74,E,8,78.0,E,8,1008.6016999999999,E,8,999.0,E,8,2.7,E,8,-9900,?,9,-9900,?,9,0.001,E,8,-9900,?,9,-9900,?,9,0.01,99.0,E,8
04/14/2019,20:00,0.0,1357.627,0.0,1,8,0.0,1,8,0.0,1,8,0.0,1,8,0.0,1,8,0.0,1,8,-0.0,1,8,-9900,?,9,-9900,?,9,24.34,E,8,19.84,E,8,80.0,E,8,1008.6016999999999,E,8,999.0,E,8,2.27,E,8,-9900,?,9,-9900,?,9,0.006,E,8,-9900,?,9,-9900,?,9,0.06,99.0,E,8
04/14/2019,21:00,0.0,1357.627,0.0,1,8,0.0,1,8,0.0,1,8,0.0,1,8,0.0,1,8,0.0,1,8,-0.0,1,8,-9900,?,9,-9900,?,9,23.87,E,8,19.94,E,8,83.0,E,8,1008.6016999999999,E,8,999.0,E,8,1.57,E,8,-9900,?,9,-9900,?,9,0.032,E,8,-9900,?,9,-9900,?,9,0.32,99.0,E,8
04/14/2019,22:00,0.0,1357.627,0.0,1,8,0.0,1,8,0.0,1,8,0.0,1,8,0.0,1,8,0.0,1,8,-0.0,1,8,-9900,?,9,-9900,?,9,23.39,E,8,20.04,E,8,95.0,E,8,1008.6016999999999,E,8,999.0,E,8,1.24,E,8,-9900,?,9,-9900,?,9,0.526,E,8,-9900,?,9,-9900,?,9,5.26,99.0,E,8
04/14/2019,23:00,0.0,1357.627,0.0,1,8,0.0,1,8,0.0,1,8,0.0,1,8,0.0,1,8,0.0,1,8,-0.0,1,8,-9900,?,9,-9900,?,9,22.92,E,8,20.14,E,8,88.0,E,8,1008.6016999999999,E,8,999.0,E,8,0.97,E,8,-9900,?,9,-9900,?,9,0.01,E,8,-9900,?,9,-9900,?,9,0.1,99.0,E,8
04/14/2019,24:00,0.0,1357.627,0.0,1,8,0.0,1,8,0.0,1,8,0.0,1,8,0.0,1,8,0.0,1,8,-0.0,1,8,-9900,?,9,-9900,?,9,22.45,E,8,19.19,E,8,83.0,E,8,1008.6016999999999,E,8,999.0,E,8,0.99,E,8,-9900,?,9,-9900,?,9,0.002,E,8,-9900,?,9,-9900,?,9,0.02,99.0,E,8
04/15/2019,01:00,0.0,1357.627,0.0,1,8,0.0,1,8,0.0,1,8,0.0,1,8,0.0,1,8,0.0,1,8,-0.0,1,8,-9900,?,9,-9900,?,9,22.21,E,8,19.29,E,8,80.0,E,8,1008.6016999999999,E,8,999.0,E,8,1.07,E,8,-9900,?,9,-9900,?,9,0.0,E,8,-9900,?,9,-9900,?,9,0.0,0.0,E,8
04/15/2019,02:00,0.0,1357.627,0.0,1,8,0.0,1,8,0.0,1,8,0.0,1,8,0.0,1,8,0.0,1,8,-0.0,1,8,-9900,?,9,-9900,?,9,21.98,E,8,19.39,E,8,82.0,E,8,1008.6016999999999,E,8,999.0,E,8,0.94,E,8,-9900,?,9,-9900,?,9,0.0,E,8,-9900,?,9,-9900,?,9,0.0,0.0,E,8
04/15/2019,03:00,0.0,1357.627,0.0,1,8,0.0,1,8,0.0,1,8,0.0,1,8,0.0,1,8,0.0,1,8,-0.0,1,8,-9900,?,9,-9900,?,9,21.74,E,8,19.49,E,8,88.0,E,8,1008.6016999999999,E,8,999.0,E,8,1.04,E,8,-9900,?,9,-9900,?,9,0.004,E,8,-9900,?,9,-9900,?,9,0.04,99.0,E,8
04/15/2019,04:00,0.0,1356.845,0.0,1,8,0.0,1,8,0.0,1,8,0.0,1,8,0.0,1,8,0.0,1,8,-0.0,1,8,-9900,?,9,-9900,?,9,21.51,E,8,19.59,E,8,85.0,E,8,1008.6016999999999,E,8,999.0,E,8,0.88,E,8,-9900,?,9,-9900,?,9,0.0,E,8,-9900,?,9,-9900,?,9,0.0,0.0,E,8
04/15/2019,05:00,0.0,1356.845,0.0,1,8,0.0,1,8,0.0,1,8,0.0,1,8,0.0,1,8,0.0,1,8,-0.0,1,8,-9900,?,9,-9900,?,9,21.27,E,8,19.69,E,8,91.0,E,8,1008.6016999999999,E,8,999.0,E,8,0.88,E,8,-9900,?,9,-9900,?,9,0.01,E,8,-9900,?,9,-9900,?,9,0.1,99.0,E,8
04/15/2019,06:00,0.0,1356.845,0.0,1,8,0.0,1,8,0.0,1,8,0.0,1,8,0.0,1,8,0.0,1,8,-0.0,1,8,-9900,?,9,-9900,?,9,21.09,E,8,19.76,E,8,92.0,E,8,1008.6016999999999,E,8,999.0,E,8,0.88,E,8,-9900,?,9,-9900,?,9,0.023,E,8,-9900,?,9,-9900,?,9,0.23,99.0,E,8
04/15/2019,07:00,154.058,1356.845,0.0,1,8,0.0,1,8,0.0,1,8,0.0,1,8,0.0,1,8,0.0,1,8,0.0,1,8,-9900,?,9,-9900,?,9,20.93,E,8,19.83,E,8,93.0,E,8,1008.6016999999999,E,8,999.0,E,8,1.05,E,8,-9900,?,9,-9900,?,9,0.003,E,8,-9900,?,9,-9900,?,9,0.03,99.0,E,8
04/15/2019,08:00,461.19,1356.845,118.8,1,8,9.927,1,8,115.433,1,8,14256.0,1,8,943.033,1,8,12697.677,1,8,108.342,1,8,-9900,?,9,-9900,?,9,20.78,E,8,19.89,E,8,94.0,E,8,1008.6016999999999,E,8,999.0,E,8,1.24,E,8,-9900,?,9,-9900,?,9,0.001,E,8,-9900,?,9,-9900,?,9,0.01,99.0,E,8
04/15/2019,09:00,732.932,1356.845,118.43,1,8,0.0,1,8,118.43,1,8,14211.6,1,8,0.0,1,8,13027.3,1,8,69.837,1,8,-9900,?,9,-9900,?,9,22.02,E,8,19.37,E,8,81.0,E,8,1008.6016999999999,E,8,999.0,E,8,1.45,E,8,-9900,?,9,-9900,?,9,0.0,E,8,-9900,?,9,-9900,?,9,0.0,0.0,E,8
04/15/2019,10:00,949.395,1356.845,475.73,1,8,216.626,1,8,324.201,1,8,57087.6,1,8,20579.476,1,8,35662.155,1,8,147.53,1,8,-9900,?,9,-9900,?,9,23.26,E,8,18.84,E,8,74.0,E,8,1008.6016999999999,E,8,999.0,E,8,2.32,E,8,-9900,?,9,-9900,?,9,0.0,E,8,-9900,?,9,-9900,?,9,0.0,0.0,E,8
04/15/2019,11:00,1095.642,1356.845,601.71,1,8,291.412,1,8,366.434,1,8,72205.2,1,8,27684.139,1,8,40307.723,1,8,144.469,1,8,-9900,?,9,-9900,?,9,24.21,E,8,18.43,E,8,68.0,E,8,1008.6016999999999,E,8,999.0,E,8,3.33,E,8,-9900,?,9,-9900,?,9,0.0,E,8,-9900,?,9,-9900,?,9,0.0,0.0,E,8
04/15/2019,12:00,1161.651,1356.845,675.77,1,8,347.003,1,8,378.718,1,8,81092.4,1,8,32965.308,1,8,41658.973,1,8,140.821,1,8,-9900,?,9,-9900,?,9,24.93,E,8,18.1,E,8,65.0,E,8,1008.6016999999999,E,8,999.0,E,8,3.97,E,8,-9900,?,9,-9900,?,9,0.0,E,8,-9900,?,9,-9900,?,9,0.0,0.0,E,8
04/15/2019,13:00,1142.906,1356.845,692.29,1,8,406.249,1,8,350.137,1,8,83074.8,1,8,38593.697,1,8,38515.039,1,8,132.33,1,8,-9900,?,9,-9900,?,9,25.44,E,8,17.87,E,8,62.0,E,8,1008.6016999999999,E,8,999.0,E,8,4.32,E,8,-9900,?,9,-9900,?,9,0.0,E,8,-9900,?,9,-9900,?,9,0.0,0.0,E,8
04/15/2019,14:00,1040.686,1356.845,650.03,1,8,506.942,1,8,261.291,1,8,78003.6,1,8,48159.48,1,8,28741.959,1,8,108.461,1,8,-9900,?,9,-9900,?,9,25.74,E,8,17.73,E,8,61.0,E,8,1008.6016999999999,E,8,999.0,E,8,4.24,E,8,-9900,?,9,-9900,?,9,0.0,E,8,-9900,?,9,-9900,?,9,0.0,0.0,E,8
04/15/2019,15:00,861.988,1356.845,552.16,1,8,594.81,1,8,174.448,1,8,66259.2,1,8,56506.97,1,8,19189.269,1,8,87.445,1,8,-9900,?,9,-9900,?,9,25.84,E,8,17.69,E,8,60.0,E,8,1008.6016999999999,E,8,999.0,E,8,4.45,E,8,-9900,?,9,-9900,?,9,0.0,E,8,-9900,?,9,-9900,?,9,0.0,0.0,E,8
04/15/2019,16:00,619.073,1356.845,406.3,1,8,633.683,1,8,117.498,1,8,48756.0,1,8,60199.857,1,8,12924.74,1,8,82.064,1,8,-9900,?,9,-9900,?,9,25.69,E,8,17.76,E,8,61.0,E,8,1008.6016999999999,E,8,999.0,E,8,4.15,E,8,-9900,?,9,-9900,?,9,0.0,E,8,-9900,?,9,-9900,?,9,0.0,0.0,E,8
04/15/2019,17:00,328.871,1356.845,225.7,1,8,437.725,1,8,120.09,1,8,27084.0,1,8,41583.89,1,8,13209.877,1,8,158.435,1,8,-9900,?,9,-9900,?,9,25.24,E,8,17.96,E,8,63.0,E,8,1008.6016999999999,E,8,999.0,E,8,3.84,E,8,-9900,?,9,-9900,?,9,0.0,E,8,-9900,?,9,-9900,?,9,0.0,0.0,E,8
04/15/2019,18:00,18.65,1356.845,42.49,1,8,0.0,1,8,42.49,1,8,5098.8,1,8,0.0,1,8,4673.9,1,8,2186.073,1,8,-9900,?,9,-9900,?,9,24.58,E,8,18.26,E,8,66.0,E,8,1008.6016999999999,E,8,999.0,E,8,3.61,E,8,-9900,?,9,-9900,?,9,0.0,E,8,-9900,?,9,-9900,?,9,0.0,0.0,E,8
04/15/2019,19:00,0.0,1356.845,0.0,1,8,0.0,1,8,0.0,1,8,0.0,1,8,0.0,1,8,0.0,1,8,-0.0,1,8,-9900,?,9,-9900,?,9,24.19,E,8,18.43,E,8,69.0,E,8,1008.6016999999999,E,8,999.0,E,8,2.91,E,8,-9900,?,9,-9900,?,9,0.0,E,8,-9900,?,9,-9900,?,9,0.0,0.0,E,8
04/15/2019,20:00,0.0,1356.845,0.0,1,8,0.0,1,8,0.0,1,8,0.0,1,8,0.0,1,8,0.0,1,8,-0.0,1,8,-9900,?,9,-9900,?,9,23.8,E,8,18.61,E,8,75.0,E,8,1008.6016999999999,E,8,999.0,E,8,2.17,E,8,-9900,?,9,-9900,?,9,0.006,E,8,-9900,?,9,-9900,?,9,0.06,99.0,E,8
04/15/2019,21:00,0.0,1356.845,0.0,1,8,0.0,1,8,0.0,1,8,0.0,1,8,0.0,1,8,0.0,1,8,-0.0,1,8,-9900,?,9,-9900,?,9,23.41,E,8,18.78,E,8,86.0,E,8,1008.6016999999999,E,8,999.0,E,8,1.44,E,8,-9900,?,9,-9900,?,9,0.692,E,8,-9900,?,9,-9900,?,9,6.92,99.0,E,8
04/15/2019,22:00,0.0,1356.845,0.0,1,8,0.0,1,8,0.0,1,8,0.0,1,8,0.0,1,8,0.0,1,8,-0.0,1,8,-9900,?,9,-9900,?,9,23.03,E,8,18.94,E,8,79.0,E,8,1008.6016999999999,E,8,999.0,E,8,1.04,E,8,-9900,?,9,-9900,?,9,0.044,E,8,-9900,?,9,-9900,?,9,0.44,99.0,E,8
04/15/2019,23:00,0.0,1356.845,0.0,1,8,0.0,1,8,0.0,1,8,0.0,1,8,0.0,1,8,0.0,1,8,-0.0,1,8,-9900,?,9,-9900,?,9,22.64,E,8,19.11,E,8,82.0,E,8,1008.6016999999999,E,8,999.0,E,8,0.97,E,8,-9900,?,9,-9900,?,9,0.015,E,8,-9900,?,9,-9900,?,9,0.15,99.0,E,8
04/15/2019,24:00,0.0,1356.845,0.0,1,8,0.0,1,8,0.0,1,8,0.0,1,8,0.0,1,8,0.0,1,8,-0.0,1,8,-9900,?,9,-9900,?,9,22.25,E,8,19.49,E,8,86.0,E,8,1008.6016999999999,E,8,999.0,E,8,1.54,E,8,-9900,?,9,-9900,?,9,0.014000000000000002,E,8,-9900,?,9,-9900,?,9,0.14,99.0,E,8
04/16/2019,01:00,0.0,1356.845,0.0,1,8,0.0,1,8,0.0,1,8,0.0,1,8,0.0,1,8,0.0,1,8,-0.0,1,8,-9900,?,9,-9900,?,9,22.05,E,8,19.54,E,8,88.0,E,8,1008.6016999999999,E,8,999.0,E,8,1.37,E,8,-9900,?,9,-9900,?,9,0.026000000000000002,E,8,-9900,?,9,-9900,?,9,0.26,99.0,E,8
04/16/2019,02:00,0.0,1356.845,0.0,1,8,0.0,1,8,0.0,1,8,0.0,1,8,0.0,1,8,0.0,1,8,-0.0,1,8,-9900,?,9,-9900,?,9,21.86,E,8,19.59,E,8,89.0,E,8,1008.6016999999999,E,8,999.0,E,8,1.37,E,8,-9900,?,9,-9900,?,9,0.003,E,8,-9900,?,9,-9900,?,9,0.03,99.0,E,8
04/16/2019,03:00,0.0,1356.845,0.0,1,8,0.0,1,8,0.0,1,8,0.0,1,8,0.0,1,8,0.0,1,8,-0.0,1,8,-9900,?,9,-9900,?,9,21.67,E,8,19.64,E,8,90.0,E,8,1008.6016999999999,E,8,999.0,E,8,1.37,E,8,-9900,?,9,-9900,?,9,0.001,E,8,-9900,?,9,-9900,?,9,0.01,99.0,E,8
04/16/2019,04:00,0.0,1356.066,0.0,1,8,0.0,1,8,0.0,1,8,0.0,1,8,0.0,1,8,0.0,1,8,-0.0,1,8,-9900,?,9,-9900,?,9,21.47,E,8,19.69,E,8,87.0,E,8,1008.6016999999999,E,8,999.0,E,8,1.37,E,8,-9900,?,9,-9900,?,9,0.0,E,8,-9900,?,9,-9900,?,9,0.0,0.0,E,8
04/16/2019,05:00,0.0,1356.066,0.0,1,8,0.0,1,8,0.0,1,8,0.0,1,8,0.0,1,8,0.0,1,8,-0.0,1,8,-9900,?,9,-9900,?,9,21.28,E,8,19.74,E,8,88.0,E,8,1008.6016999999999,E,8,999.0,E,8,1.37,E,8,-9900,?,9,-9900,?,9,0.0,E,8,-9900,?,9,-9900,?,9,0.0,0.0,E,8
04/16/2019,06:00,0.0,1356.066,0.0,1,8,0.0,1,8,0.0,1,8,0.0,1,8,0.0,1,8,0.0,1,8,-0.0,1,8,-9900,?,9,-9900,?,9,21.13,E,8,19.78,E,8,93.0,E,8,1008.6016999999999,E,8,999.0,E,8,1.37,E,8,-9900,?,9,-9900,?,9,0.001,E,8,-9900,?,9,-9900,?,9,0.01,99.0,E,8
04/16/2019,07:00,152.045,1356.066,0.0,1,8,0.0,1,8,0.0,1,8,0.0,1,8,0.0,1,8,0.0,1,8,0.0,1,8,-9900,?,9,-9900,?,9,21.0,E,8,19.81,E,8,90.0,E,8,1008.6016999999999,E,8,999.0,E,8,1.37,E,8,-9900,?,9,-9900,?,9,0.0,E,8,-9900,?,9,-9900,?,9,0.0,0.0,E,8
04/16/2019,08:00,458.532,1356.066,133.75,1,8,47.409,1,8,117.755,1,8,16050.0,1,8,4503.888,1,8,12953.079,1,8,111.101,1,8,-9900,?,9,-9900,?,9,20.87,E,8,19.85,E,8,91.0,E,8,1008.6016999999999,E,8,999.0,E,8,1.37,E,8,-9900,?,9,-9900,?,9,0.0,E,8,-9900,?,9,-9900,?,9,0.0,0.0,E,8
04/16/2019,09:00,729.631,1356.066,331.92,1,8,167.195,1,8,242.025,1,8,39830.4,1,8,15883.551,1,8,26622.773,1,8,143.285,1,8,-9900,?,9,-9900,?,9,23.13,E,8,19.25,E,8,77.0,E,8,1008.6016999999999,E,8,999.0,E,8,1.37,E,8,-9900,?,9,-9900,?,9,0.0,E,8,-9900,?,9,-9900,?,9,0.0,0.0,E,8
04/16/2019,10:00,945.478,1356.066,540.8,1,8,361.762,1,8,288.65,1,8,64896.0,1,8,34367.363,1,8,31751.525,1,8,131.821,1,8,-9900,?,9,-9900,?,9,24.13,E,8,18.98,E,8,71.0,E,8,1008.6016999999999,E,8,999.0,E,8,1.45,E,8,-9900,?,9,-9900,?,9,0.0,E,8,-9900,?,9,-9900,?,9,0.0,0.0,E,8
04/16/2019,11:00,1091.175,1356.066,675.58,1,8,473.103,1,8,294.953,1,8,81069.6,1,8,44944.76,1,8,32444.809,1,8,116.697,1,8,-9900,?,9,-9900,?,9,24.95,E,8,18.76,E,8,67.0,E,8,1008.6016999999999,E,8,999.0,E,8,2.4,E,8,-9900,?,9,-9900,?,9,0.0,E,8,-9900,?,9,-9900,?,9,0.0,0.0,E,8
04/16/2019,12:00,1156.738,1356.066,742.97,1,8,521.292,1,8,298.351,1,8,89156.4,1,8,49522.721,1,8,32818.664,1,8,111.345,1,8,-9900,?,9,-9900,?,9,25.58,E,8,18.58,E,8,64.0,E,8,1008.6016999999999,E,8,999.0,E,8,3.32,E,8,-9900,?,9,-9900,?,9,0.0,E,8,-9900,?,9,-9900,?,9,0.0,0.0,E,8
04/16/2019,13:00,1137.682,1356.066,742.06,1,8,530.464,1,8,297.078,1,8,89047.2,1,8,50394.124,1,8,32678.555,1,8,112.729,1,8,-9900,?,9,-9900,?,9,25.99,E,8,18.47,E,8,63.0,E,8,1008.6016999999999,E,8,999.0,E,8,4.34,E,8,-9900,?,9,-9900,?,9,0.0,E,8,-9900,?,9,-9900,?,9,0.0,0.0,E,8
04/16/2019,14:00,1035.308,1356.066,727.5,1,8,695.157,1,8,196.884,1,8,87300.0,1,8,66039.951,1,8,21657.197,1,8,82.104,1,8,-9900,?,9,-9900,?,9,26.27,E,8,18.39,E,8,61.0,E,8,1008.6016999999999,E,8,999.0,E,8,4.83,E,8,-9900,?,9,-9900,?,9,0.0,E,8,-9900,?,9,-9900,?,9,0.0,0.0,E,8
04/16/2019,15:00,856.622,1356.066,596.02,1,8,801.062,1,8,90.215,1,8,71522.4,1,8,76100.916,1,8,9923.692,1,8,45.479,1,8,-9900,?,9,-9900,?,9,26.32,E,8,18.37,E,8,61.0,E,8,1008.6016999999999,E,8,999.0,E,8,4.21,E,8,-9900,?,9,-9900,?,9,0.0,E,8,-9900,?,9,-9900,?,9,0.0,0.0,E,8
04/16/2019,16:00,613.888,1356.066,419.8,1,8,702.295,1,8,102.233,1,8,50376.0,1,8,66717.99,1,8,11245.607,1,8,71.965,1,8,-9900,?,9,-9900,?,9,26.06,E,8,18.45,E,8,62.0,E,8,1008.6016999999999,E,8,999.0,E,8,3.7,E,8,-9900,?,9,-9900,?,9,0.0,E,8,-9900,?,9,-9900,?,9,0.0,0.0,E,8
04/16/2019,17:00,324.033,1356.066,246.19,1,8,395.545,1,8,152.12,1,8,29542.8,1,8,37576.739,1,8,16733.146,1,8,203.6,1,8,-9900,?,9,-9900,?,9,25.57,E,8,18.59,E,8,64.0,E,8,1008.6016999999999,E,8,999.0,E,8,3.71,E,8,-9900,?,9,-9900,?,9,0.0,E,8,-9900,?,9,-9900,?,9,0.0,0.0,E,8
04/16/2019,18:00,14.825,1356.066,43.18,1,8,0.0,1,8,43.18,1,8,5181.6,1,8,0.0,1,8,4749.8,1,8,4661.55,1,8,-9900,?,9,-9900,?,9,24.86,E,8,18.78,E,8,72.0,E,8,1008.6016999999999,E,8,999.0,E,8,3.33,E,8,-9900,?,9,-9900,?,9,0.005,E,8,-9900,?,9,-9900,?,9,0.05,99.0,E,8
04/16/2019,19:00,0.0,1356.066,0.0,1,8,0.0,1,8,0.0,1,8,0.0,1,8,0.0,1,8,0.0,1,8,-0.0,1,8,-9900,?,9,-9900,?,9,24.36,E,8,18.92,E,8,75.0,E,8,1008.6016999999999,E,8,999.0,E,8,2.09,E,8,-9900,?,9,-9900,?,9,0.008,E,8,-9900,?,9,-9900,?,9,0.08,99.0,E,8
04/16/2019,20:00,0.0,1356.066,0.0,1,8,0.0,1,8,0.0,1,8,0.0,1,8,0.0,1,8,0.0,1,8,-0.0,1,8,-9900,?,9,-9900,?,9,23.87,E,8,19.05,E,8,73.0,E,8,1008.6016999999999,E,8,999.0,E,8,1.8,E,8,-9900,?,9,-9900,?,9,0.0,E,8,-9900,?,9,-9900,?,9,0.0,0.0,E,8
04/16/2019,21:00,0.0,1356.066,0.0,1,8,0.0,1,8,0.0,1,8,0.0,1,8,0.0,1,8,0.0,1,8,-0.0,1,8,-9900,?,9,-9900,?,9,23.37,E,8,19.19,E,8,75.0,E,8,1008.6016999999999,E,8,999.0,E,8,1.37,E,8,-9900,?,9,-9900,?,9,0.0,E,8,-9900,?,9,-9900,?,9,0.0,0.0,E,8
04/16/2019,22:00,0.0,1356.066,0.0,1,8,0.0,1,8,0.0,1,8,0.0,1,8,0.0,1,8,0.0,1,8,-0.0,1,8,-9900,?,9,-9900,?,9,22.87,E,8,19.32,E,8,83.0,E,8,1008.6016999999999,E,8,999.0,E,8,1.37,E,8,-9900,?,9,-9900,?,9,0.002,E,8,-9900,?,9,-9900,?,9,0.02,99.0,E,8
04/16/2019,23:00,0.0,1356.066,0.0,1,8,0.0,1,8,0.0,1,8,0.0,1,8,0.0,1,8,0.0,1,8,-0.0,1,8,-9900,?,9,-9900,?,9,22.38,E,8,19.45,E,8,90.0,E,8,1008.6016999999999,E,8,999.0,E,8,1.37,E,8,-9900,?,9,-9900,?,9,0.43899999999999995,E,8,-9900,?,9,-9900,?,9,4.39,99.0,E,8
04/16/2019,24:00,0.0,1356.066,0.0,1,8,0.0,1,8,0.0,1,8,0.0,1,8,0.0,1,8,0.0,1,8,-0.0,1,8,-9900,?,9,-9900,?,9,21.88,E,8,17.87,E,8,80.0,E,8,1008.6016999999999,E,8,999.0,E,8,0.72,E,8,-9900,?,9,-9900,?,9,0.003,E,8,-9900,?,9,-9900,?,9,0.03,99.0,E,8
04/17/2019,01:00,0.0,1356.066,0.0,1,8,0.0,1,8,0.0,1,8,0.0,1,8,0.0,1,8,0.0,1,8,-0.0,1,8,-9900,?,9,-9900,?,9,21.63,E,8,17.92,E,8,86.0,E,8,1008.6016999999999,E,8,999.0,E,8,0.72,E,8,-9900,?,9,-9900,?,9,0.178,E,8,-9900,?,9,-9900,?,9,1.78,99.0,E,8
04/17/2019,02:00,0.0,1356.066,0.0,1,8,0.0,1,8,0.0,1,8,0.0,1,8,0.0,1,8,0.0,1,8,-0.0,1,8,-9900,?,9,-9900,?,9,21.38,E,8,17.98,E,8,83.0,E,8,1008.6016999999999,E,8,999.0,E,8,0.72,E,8,-9900,?,9,-9900,?,9,0.005,E,8,-9900,?,9,-9900,?,9,0.05,99.0,E,8
04/17/2019,03:00,0.0,1356.066,0.0,1,8,0.0,1,8,0.0,1,8,0.0,1,8,0.0,1,8,0.0,1,8,-0.0,1,8,-9900,?,9,-9900,?,9,21.14,E,8,18.03,E,8,85.0,E,8,1008.6016999999999,E,8,999.0,E,8,0.72,E,8,-9900,?,9,-9900,?,9,0.01,E,8,-9900,?,9,-9900,?,9,0.1,99.0,E,8
04/17/2019,04:00,0.0,1355.29,0.0,1,8,0.0,1,8,0.0,1,8,0.0,1,8,0.0,1,8,0.0,1,8,-0.0,1,8,-9900,?,9,-9900,?,9,20.89,E,8,18.09,E,8,86.0,E,8,1008.6016999999999,E,8,999.0,E,8,0.72,E,8,-9900,?,9,-9900,?,9,0.001,E,8,-9900,?,9,-9900,?,9,0.01,99.0,E,8
04/17/2019,05:00,0.0,1355.29,0.0,1,8,0.0,1,8,0.0,1,8,0.0,1,8,0.0,1,8,0.0,1,8,-0.0,1,8,-9900,?,9,-9900,?,9,20.64,E,8,18.14,E,8,83.0,E,8,1008.6016999999999,E,8,999.0,E,8,0.72,E,8,-9900,?,9,-9900,?,9,0.0,E,8,-9900,?,9,-9900,?,9,0.0,0.0,E,8
04/17/2019,06:00,0.0,1355.29,0.0,1,8,0.0,1,8,0.0,1,8,0.0,1,8,0.0,1,8,0.0,1,8,-0.0,1,8,-9900,?,9,-9900,?,9,20.45,E,8,18.18,E,8,89.0,E,8,1008.6016999999999,E,8,999.0,E,8,0.72,E,8,-9900,?,9,-9900,?,9,0.001,E,8,-9900,?,9,-9900,?,9,0.01,99.0,E,8
04/17/2019,07:00,150.022,1355.29,0.0,1,8,0.0,1,8,0.0,1,8,0.0,1,8,0.0,1,8,0.0,1,8,0.0,1,8,-9900,?,9,-9900,?,9,20.28,E,8,18.22,E,8,85.0,E,8,1008.6016999999999,E,8,999.0,E,8,0.72,E,8,-9900,?,9,-9900,?,9,0.0,E,8,-9900,?,9,-9900,?,9,0.0,0.0,E,8
04/17/2019,08:00,455.857,1355.29,102.57,1,8,0.0,1,8,102.57,1,8,12308.4,1,8,0.0,1,8,11282.7,1,8,97.289,1,8,-9900,?,9,-9900,?,9,20.12,E,8,18.26,E,8,86.0,E,8,1008.6016999999999,E,8,999.0,E,8,0.72,E,8,-9900,?,9,-9900,?,9,0.0,E,8,-9900,?,9,-9900,?,9,0.0,0.0,E,8
04/17/2019,09:00,726.312,1355.29,332.46,1,8,194.265,1,8,228.427,1,8,39895.2,1,8,18455.208,1,8,25126.99,1,8,135.776,1,8,-9900,?,9,-9900,?,9,22.36,E,8,17.76,E,8,73.0,E,8,1008.6016999999999,E,8,999.0,E,8,1.28,E,8,-9900,?,9,-9900,?,9,0.0,E,8,-9900,?,9,-9900,?,9,0.0,0.0,E,8
04/17/2019,10:00,941.543,1355.29,513.87,1,8,305.202,1,8,301.908,1,8,61664.4,1,8,28994.151,1,8,33209.877,1,8,138.374,1,8,-9900,?,9,-9900,?,9,23.38,E,8,17.53,E,8,68.0,E,8,1008.6016999999999,E,8,999.0,E,8,1.85,E,8,-9900,?,9,-9900,?,9,0.0,E,8,-9900,?,9,-9900,?,9,0.0,0.0,E,8
04/17/2019,11:00,1086.695,1355.29,588.66,1,8,202.981,1,8,425.933,1,8,70639.2,1,8,19283.193,1,8,46852.621,1,8,169.117,1,8,-9900,?,9,-9900,?,9,24.08,E,8,17.37,E,8,65.0,E,8,1008.6016999999999,E,8,999.0,E,8,2.59,E,8,-9900,?,9,-9900,?,9,0.0,E,8,-9900,?,9,-9900,?,9,0.0,0.0,E,8
04/17/2019,12:00,1151.82,1355.29,603.47,1,8,240.148,1,8,399.399,1,8,72416.4,1,8,22814.016,1,8,43933.891,1,8,149.608,1,8,-9900,?,9,-9900,?,9,24.53,E,8,17.26,E,8,63.0,E,8,1008.6016999999999,E,8,999.0,E,8,3.41,E,8,-9900,?,9,-9900,?,9,0.0,E,8,-9900,?,9,-9900,?,9,0.0,0.0,E,8
04/17/2019,13:00,1132.462,1355.29,663.4,1,8,349.473,1,8,371.422,1,8,79608.0,1,8,33199.977,1,8,40856.402,1,8,141.508,1,8,-9900,?,9,-9900,?,9,24.93,E,8,17.17,E,8,61.0,E,8,1008.6016999999999,E,8,999.0,E,8,3.89,E,8,-9900,?,9,-9900,?,9,0.0,E,8,-9900,?,9,-9900,?,9,0.0,0.0,E,8
04/17/2019,14:00,1029.946,1355.29,617.69,1,8,405.118,1,8,309.889,1,8,74122.8,1,8,38486.232,1,8,34087.762,1,8,129.828,1,8,-9900,?,9,-9900,?,9,25.16,E,8,17.12,E,8,61.0,E,8,1008.6016999999999,E,8,999.0,E,8,4.47,E,8,-9900,?,9,-9900,?,9,0.0,E,8,-9900,?,9,-9900,?,9,0.0,0.0,E,8
04/17/2019,15:00,851.285,1355.29,535.32,1,8,525.299,1,8,205.517,1,8,64238.4,1,8,49903.439,1,8,22606.921,1,8,104.196,1,8,-9900,?,9,-9900,?,9,25.22,E,8,17.1,E,8,60.0,E,8,1008.6016999999999,E,8,999.0,E,8,4.76,E,8,-9900,?,9,-9900,?,9,0.0,E,8,-9900,?,9,-9900,?,9,0.0,0.0,E,8
04/17/2019,16:00,608.745,1355.29,411.58,1,8,578.322,1,8,152.12,1,8,49389.6,1,8,54940.581,1,8,16733.162,1,8,107.928,1,8,-9900,?,9,-9900,?,9,25.05,E,8,17.14,E,8,61.0,E,8,1008.6016999999999,E,8,999.0,E,8,3.87,E,8,-9900,?,9,-9900,?,9,0.0,E,8,-9900,?,9,-9900,?,9,0.0,0.0,E,8
04/17/2019,17:00,319.25,1355.29,273.18,1,8,427.625,1,8,172.938,1,8,32781.6,1,8,40624.4,1,8,19023.204,1,8,234.831,1,8,-9900,?,9,-9900,?,9,24.68,E,8,17.23,E,8,63.0,E,8,1008.6016999999999,E,8,999.0,E,8,3.2,E,8,-9900,?,9,-9900,?,9,0.0,E,8,-9900,?,9,-9900,?,9,0.0,0.0,E,8
04/17/2019,18:00,11.097,1355.29,56.18,1,8,0.0,1,8,0.0,1,8,6741.6,1,8,0.0,1,8,0.0,1,8,-0.0,1,8,-9900,?,9,-9900,?,9,24.03,E,8,17.38,E,8,65.0,E,8,1008.6016999999999,E,8,999.0,E,8,2.85,E,8,-9900,?,9,-9900,?,9,0.0,E,8,-9900,?,9,-9900,?,9,0.0,0.0,E,8
04/17/2019,19:00,0.0,1355.29,0.0,1,8,0.0,1,8,0.0,1,8,0.0,1,8,0.0,1,8,0.0,1,8,-0.0,1,8,-9900,?,9,-9900,?,9,23.63,E,8,17.47,E,8,72.0,E,8,1008.6016999999999,E,8,999.0,E,8,2.58,E,8,-9900,?,9,-9900,?,9,0.002,E,8,-9900,?,9,-9900,?,9,0.02,99.0,E,8
04/17/2019,20:00,0.0,1355.29,0.0,1,8,0.0,1,8,0.0,1,8,0.0,1,8,0.0,1,8,0.0,1,8,-0.0,1,8,-9900,?,9,-9900,?,9,23.23,E,8,17.56,E,8,69.0,E,8,1008.6016999999999,E,8,999.0,E,8,2.37,E,8,-9900,?,9,-9900,?,9,0.0,E,8,-9900,?,9,-9900,?,9,0.0,0.0,E,8
04/17/2019,21:00,0.0,1355.29,0.0,1,8,0.0,1,8,0.0,1,8,0.0,1,8,0.0,1,8,0.0,1,8,-0.0,1,8,-9900,?,9,-9900,?,9,22.84,E,8,17.65,E,8,71.0,E,8,1008.6016999999999,E,8,999.0,E,8,1.4,E,8,-9900,?,9,-9900,?,9,0.0,E,8,-9900,?,9,-9900,?,9,0.0,0.0,E,8
04/17/2019,22:00,0.0,1355.29,0.0,1,8,0.0,1,8,0.0,1,8,0.0,1,8,0.0,1,8,0.0,1,8,-0.0,1,8,-9900,?,9,-9900,?,9,22.44,E,8,17.74,E,8,73.0,E,8,1008.6016999999999,E,8,999.0,E,8,1.32,E,8,-9900,?,9,-9900,?,9,0.0,E,8,-9900,?,9,-9900,?,9,0.0,0.0,E,8
04/17/2019,23:00,0.0,1355.29,0.0,1,8,0.0,1,8,0.0,1,8,0.0,1,8,0.0,1,8,0.0,1,8,-0.0,1,8,-9900,?,9,-9900,?,9,22.04,E,8,17.83,E,8,75.0,E,8,1008.6016999999999,E,8,999.0,E,8,1.15,E,8,-9900,?,9,-9900,?,9,0.0,E,8,-9900,?,9,-9900,?,9,0.0,0.0,E,8
04/17/2019,24:00,0.0,1355.29,0.0,1,8,0.0,1,8,0.0,1,8,0.0,1,8,0.0,1,8,0.0,1,8,-0.0,1,8,-9900,?,9,-9900,?,9,21.64,E,8,19.45,E,8,88.0,E,8,1008.6016999999999,E,8,999.0,E,8,2.35,E,8,-9900,?,9,-9900,?,9,0.005,E,8,-9900,?,9,-9900,?,9,0.05,99.0,E,8
04/18/2019,01:00,0.0,1355.29,0.0,1,8,0.0,1,8,0.0,1,8,0.0,1,8,0.0,1,8,0.0,1,8,-0.0,1,8,-9900,?,9,-9900,?,9,21.44,E,8,19.46,E,8,85.0,E,8,1008.6016999999999,E,8,999.0,E,8,1.89,E,8,-9900,?,9,-9900,?,9,0.0,E,8,-9900,?,9,-9900,?,9,0.0,0.0,E,8
04/18/2019,02:00,0.0,1355.29,0.0,1,8,0.0,1,8,0.0,1,8,0.0,1,8,0.0,1,8,0.0,1,8,-0.0,1,8,-9900,?,9,-9900,?,9,21.24,E,8,19.47,E,8,90.0,E,8,1008.6016999999999,E,8,999.0,E,8,1.74,E,8,-9900,?,9,-9900,?,9,0.002,E,8,-9900,?,9,-9900,?,9,0.02,99.0,E,8
04/18/2019,03:00,0.0,1355.29,0.0,1,8,0.0,1,8,0.0,1,8,0.0,1,8,0.0,1,8,0.0,1,8,-0.0,1,8,-9900,?,9,-9900,?,9,21.04,E,8,19.47,E,8,87.0,E,8,1008.6016999999999,E,8,999.0,E,8,1.74,E,8,-9900,?,9,-9900,?,9,0.0,E,8,-9900,?,9,-9900,?,9,0.0,0.0,E,8
04/18/2019,04:00,0.0,1354.519,0.0,1,8,0.0,1,8,0.0,1,8,0.0,1,8,0.0,1,8,0.0,1,8,-0.0,1,8,-9900,?,9,-9900,?,9,20.85,E,8,19.48,E,8,92.0,E,8,1008.6016999999999,E,8,999.0,E,8,1.74,E,8,-9900,?,9,-9900,?,9,0.022,E,8,-9900,?,9,-9900,?,9,0.22,99.0,E,8
04/18/2019,05:00,0.0,1354.519,0.0,1,8,0.0,1,8,0.0,1,8,0.0,1,8,0.0,1,8,0.0,1,8,-0.0,1,8,-9900,?,9,-9900,?,9,20.65,E,8,19.49,E,8,93.0,E,8,1008.6016999999999,E,8,999.0,E,8,1.74,E,8,-9900,?,9,-9900,?,9,0.007000000000000001,E,8,-9900,?,9,-9900,?,9,0.07,99.0,E,8
04/18/2019,06:00,0.0,1354.519,0.0,1,8,0.0,1,8,0.0,1,8,0.0,1,8,0.0,1,8,0.0,1,8,-0.0,1,8,-9900,?,9,-9900,?,9,20.49,E,8,19.5,E,8,90.0,E,8,1008.6016999999999,E,8,999.0,E,8,1.74,E,8,-9900,?,9,-9900,?,9,0.0,E,8,-9900,?,9,-9900,?,9,0.0,0.0,E,8
04/18/2019,07:00,147.987,1354.519,0.0,1,8,0.0,1,8,0.0,1,8,0.0,1,8,0.0,1,8,0.0,1,8,0.0,1,8,-9900,?,9,-9900,?,9,20.36,E,8,19.5,E,8,94.0,E,8,1008.6016999999999,E,8,999.0,E,8,1.74,E,8,-9900,?,9,-9900,?,9,0.01,E,8,-9900,?,9,-9900,?,9,0.1,99.0,E,8
04/18/2019,08:00,453.165,1354.519,86.7,1,8,0.0,1,8,86.7,1,8,10404.0,1,8,0.0,1,8,9537.0,1,8,82.679,1,8,-9900,?,9,-9900,?,9,20.23,E,8,19.51,E,8,95.0,E,8,1008.6016999999999,E,8,999.0,E,8,1.74,E,8,-9900,?,9,-9900,?,9,0.003,E,8,-9900,?,9,-9900,?,9,0.03,99.0,E,8
04/18/2019,09:00,722.974,1354.519,227.84,1,8,41.61,1,8,205.647,1,8,27340.8,1,8,3952.972,1,8,22621.158,1,8,122.731,1,8,-9900,?,9,-9900,?,9,22.4,E,8,19.42,E,8,80.0,E,8,1008.6016999999999,E,8,999.0,E,8,1.84,E,8,-9900,?,9,-9900,?,9,0.0,E,8,-9900,?,9,-9900,?,9,0.0,0.0,E,8
04/18/2019,10:00,937.592,1354.519,352.53,1,8,56.508,1,8,313.428,1,8,42303.6,1,8,5368.249,1,8,34477.078,1,8,144.178,1,8,-9900,?,9,-9900,?,9,23.3,E,8,19.38,E,8,81.0,E,8,1008.6016999999999,E,8,999.0,E,8,2.93,E,8,-9900,?,9,-9900,?,9,0.001,E,8,-9900,?,9,-9900,?,9,0.01,99.0,E,8
04/18/2019,11:00,1082.204,1354.519,446.18,1,8,68.859,1,8,391.174,1,8,53541.6,1,8,6541.574,1,8,43029.139,1,8,155.872,1,8,-9900,?,9,-9900,?,9,24.07,E,8,19.34,E,8,73.0,E,8,1008.6016999999999,E,8,999.0,E,8,4.0,E,8,-9900,?,9,-9900,?,9,0.0,E,8,-9900,?,9,-9900,?,9,0.0,0.0,E,8
04/18/2019,12:00,1146.898,1354.519,500.99,1,8,82.812,1,8,430.88,1,8,60118.8,1,8,7867.095,1,8,47396.798,1,8,162.001,1,8,-9900,?,9,-9900,?,9,24.68,E,8,19.32,E,8,71.0,E,8,1008.6016999999999,E,8,999.0,E,8,4.01,E,8,-9900,?,9,-9900,?,9,0.0,E,8,-9900,?,9,-9900,?,9,0.0,0.0,E,8
04/18/2019,13:00,1127.25,1354.519,512.8,1,8,99.006,1,8,430.416,1,8,61536.0,1,8,9405.614,1,8,47345.78,1,8,164.649,1,8,-9900,?,9,-9900,?,9,25.12,E,8,19.3,E,8,69.0,E,8,1008.6016999999999,E,8,999.0,E,8,4.65,E,8,-9900,?,9,-9900,?,9,0.0,E,8,-9900,?,9,-9900,?,9,0.0,0.0,E,8
04/18/2019,14:00,1024.603,1354.519,480.74,1,8,99.665,1,8,405.367,1,8,57688.8,1,8,9468.192,1,8,44590.322,1,8,170.617,1,8,-9900,?,9,-9900,?,9,25.37,E,8,19.29,E,8,69.0,E,8,1008.6016999999999,E,8,999.0,E,8,4.3,E,8,-9900,?,9,-9900,?,9,0.0,E,8,-9900,?,9,-9900,?,9,0.0,0.0,E,8
04/18/2019,15:00,845.981,1354.519,407.2,1,8,160.597,1,8,306.944,1,8,48864.0,1,8,15256.684,1,8,33763.786,1,8,156.507,1,8,-9900,?,9,-9900,?,9,25.42,E,8,19.29,E,8,68.0,E,8,1008.6016999999999,E,8,999.0,E,8,4.53,E,8,-9900,?,9,-9900,?,9,0.0,E,8,-9900,?,9,-9900,?,9,0.0,0.0,E,8
04/18/2019,16:00,603.647,1354.519,297.94,1,8,257.896,1,8,183.143,1,8,35752.8,1,8,24500.073,1,8,20145.74,1,8,130.965,1,8,-9900,?,9,-9900,?,9,25.22,E,8,19.29,E,8,69.0,E,8,1008.6016999999999,E,8,999.0,E,8,4.92,E,8,-9900,?,9,-9900,?,9,0.0,E,8,-9900,?,9,-9900,?,9,0.0,0.0,E,8
04/18/2019,17:00,314.523,1354.519,162.96,1,8,474.318,1,8,53.372,1,8,19555.2,1,8,45060.245,1,8,5870.974,1,8,73.532,1,8,-9900,?,9,-9900,?,9,24.74,E,8,19.31,E,8,71.0,E,8,1008.6016999999999,E,8,999.0,E,8,3.83,E,8,-9900,?,9,-9900,?,9,0.0,E,8,-9900,?,9,-9900,?,9,0.0,0.0,E,8
04/18/2019,18:00,7.464,1354.519,27.57,1,8,0.0,1,8,0.0,1,8,3308.4,1,8,0.0,1,8,0.0,1,8,-0.0,1,8,-9900,?,9,-9900,?,9,24.06,E,8,19.34,E,8,73.0,E,8,1008.6016999999999,E,8,999.0,E,8,3.32,E,8,-9900,?,9,-9900,?,9,0.0,E,8,-9900,?,9,-9900,?,9,0.0,0.0,E,8
04/18/2019,19:00,0.0,1354.519,0.0,1,8,0.0,1,8,0.0,1,8,0.0,1,8,0.0,1,8,0.0,1,8,-0.0,1,8,-9900,?,9,-9900,?,9,23.69,E,8,19.36,E,8,75.0,E,8,1008.6016999999999,E,8,999.0,E,8,2.33,E,8,-9900,?,9,-9900,?,9,0.0,E,8,-9900,?,9,-9900,?,9,0.0,0.0,E,8
04/18/2019,20:00,0.0,1354.519,0.0,1,8,0.0,1,8,0.0,1,8,0.0,1,8,0.0,1,8,0.0,1,8,-0.0,1,8,-9900,?,9,-9900,?,9,23.33,E,8,19.38,E,8,81.0,E,8,1008.6016999999999,E,8,999.0,E,8,1.74,E,8,-9900,?,9,-9900,?,9,0.015,E,8,-9900,?,9,-9900,?,9,0.15,99.0,E,8
04/18/2019,21:00,0.0,1354.519,0.0,1,8,0.0,1,8,0.0,1,8,0.0,1,8,0.0,1,8,0.0,1,8,-0.0,1,8,-9900,?,9,-9900,?,9,22.96,E,8,19.39,E,8,82.0,E,8,1008.6016999999999,E,8,999.0,E,8,1.74,E,8,-9900,?,9,-9900,?,9,0.063,E,8,-9900,?,9,-9900,?,9,0.63,99.0,E,8
04/18/2019,22:00,0.0,1354.519,0.0,1,8,0.0,1,8,0.0,1,8,0.0,1,8,0.0,1,8,0.0,1,8,-0.0,1,8,-9900,?,9,-9900,?,9,22.6,E,8,19.41,E,8,92.0,E,8,1008.6016999999999,E,8,999.0,E,8,1.74,E,8,-9900,?,9,-9900,?,9,0.9380000000000001,E,8,-9900,?,9,-9900,?,9,9.38,99.0,E,8
04/18/2019,23:00,0.0,1354.519,0.0,1,8,0.0,1,8,0.0,1,8,0.0,1,8,0.0,1,8,0.0,1,8,-0.0,1,8,-9900,?,9,-9900,?,9,22.23,E,8,19.42,E,8,85.0,E,8,1008.6016999999999,E,8,999.0,E,8,1.74,E,8,-9900,?,9,-9900,?,9,0.034,E,8,-9900,?,9,-9900,?,9,0.34,99.0,E,8
04/18/2019,24:00,0.0,1354.519,0.0,1,8,0.0,1,8,0.0,1,8,0.0,1,8,0.0,1,8,0.0,1,8,-0.0,1,8,-9900,?,9,-9900,?,9,21.87,E,8,19.66,E,8,86.0,E,8,1008.6016999999999,E,8,999.0,E,8,1.35,E,8,-9900,?,9,-9900,?,9,0.005,E,8,-9900,?,9,-9900,?,9,0.05,99.0,E,8
04/19/2019,01:00,0.0,1354.519,0.0,1,8,0.0,1,8,0.0,1,8,0.0,1,8,0.0,1,8,0.0,1,8,-0.0,1,8,-9900,?,9,-9900,?,9,21.69,E,8,19.6,E,8,86.0,E,8,1008.6016999999999,E,8,999.0,E,8,1.35,E,8,-9900,?,9,-9900,?,9,0.049,E,8,-9900,?,9,-9900,?,9,0.49,99.0,E,8
04/19/2019,02:00,0.0,1354.519,0.0,1,8,0.0,1,8,0.0,1,8,0.0,1,8,0.0,1,8,0.0,1,8,-0.0,1,8,-9900,?,9,-9900,?,9,21.5,E,8,19.55,E,8,87.0,E,8,1008.6016999999999,E,8,999.0,E,8,1.35,E,8,-9900,?,9,-9900,?,9,0.007000000000000001,E,8,-9900,?,9,-9900,?,9,0.07,99.0,E,8
04/19/2019,03:00,0.0,1354.519,0.0,1,8,0.0,1,8,0.0,1,8,0.0,1,8,0.0,1,8,0.0,1,8,-0.0,1,8,-9900,?,9,-9900,?,9,21.32,E,8,19.5,E,8,87.0,E,8,1008.6016999999999,E,8,999.0,E,8,1.35,E,8,-9900,?,9,-9900,?,9,0.001,E,8,-9900,?,9,-9900,?,9,0.01,99.0,E,8
04/19/2019,04:00,0.0,1353.752,0.0,1,8,0.0,1,8,0.0,1,8,0.0,1,8,0.0,1,8,0.0,1,8,-0.0,1,8,-9900,?,9,-9900,?,9,21.14,E,8,19.44,E,8,84.0,E,8,1008.6016999999999,E,8,999.0,E,8,1.35,E,8,-9900,?,9,-9900,?,9,0.0,E,8,-9900,?,9,-9900,?,9,0.0,0.0,E,8
04/19/2019,05:00,0.0,1353.752,0.0,1,8,0.0,1,8,0.0,1,8,0.0,1,8,0.0,1,8,0.0,1,8,-0.0,1,8,-9900,?,9,-9900,?,9,20.95,E,8,19.39,E,8,88.0,E,8,1008.6016999999999,E,8,999.0,E,8,1.35,E,8,-9900,?,9,-9900,?,9,0.002,E,8,-9900,?,9,-9900,?,9,0.02,99.0,E,8
04/19/2019,06:00,0.0,1353.752,0.0,1,8,0.0,1,8,0.0,1,8,0.0,1,8,0.0,1,8,0.0,1,8,-0.0,1,8,-9900,?,9,-9900,?,9,20.81,E,8,19.34,E,8,89.0,E,8,1008.6016999999999,E,8,999.0,E,8,1.35,E,8,-9900,?,9,-9900,?,9,0.011,E,8,-9900,?,9,-9900,?,9,0.11,99.0,E,8
04/19/2019,07:00,145.941,1353.752,0.0,1,8,0.0,1,8,0.0,1,8,0.0,1,8,0.0,1,8,0.0,1,8,0.0,1,8,-9900,?,9,-9900,?,9,20.69,E,8,19.31,E,8,85.0,E,8,1008.6016999999999,E,8,999.0,E,8,1.35,E,8,-9900,?,9,-9900,?,9,0.0,E,8,-9900,?,9,-9900,?,9,0.0,0.0,E,8
04/19/2019,08:00,450.456,1353.752,107.11,1,8,0.0,1,8,107.11,1,8,12853.2,1,8,0.0,1,8,11782.1,1,8,102.702,1,8,-9900,?,9,-9900,?,9,20.57,E,8,19.27,E,8,86.0,E,8,1008.6016999999999,E,8,999.0,E,8,1.35,E,8,-9900,?,9,-9900,?,9,0.0,E,8,-9900,?,9,-9900,?,9,0.0,0.0,E,8
04/19/2019,09:00,719.618,1353.752,282.74,1,8,92.71,1,8,233.494,1,8,33928.8,1,8,8807.465,1,8,25684.387,1,8,139.922,1,8,-9900,?,9,-9900,?,9,22.68,E,8,19.89,E,8,80.0,E,8,1008.6016999999999,E,8,999.0,E,8,1.35,E,8,-9900,?,9,-9900,?,9,0.0,E,8,-9900,?,9,-9900,?,9,0.0,0.0,E,8
04/19/2019,10:00,933.625,1353.752,437.88,1,8,134.328,1,8,345.27,1,8,52545.6,1,8,12761.15,1,8,37979.672,1,8,159.41,1,8,-9900,?,9,-9900,?,9,23.55,E,8,20.14,E,8,78.0,E,8,1008.6016999999999,E,8,999.0,E,8,1.35,E,8,-9900,?,9,-9900,?,9,0.0,E,8,-9900,?,9,-9900,?,9,0.0,0.0,E,8
04/19/2019,11:00,1077.703,1353.752,554.33,1,8,167.027,1,8,421.385,1,8,66519.6,1,8,15867.574,1,8,46352.322,1,8,168.517,1,8,-9900,?,9,-9900,?,9,24.31,E,8,20.36,E,8,77.0,E,8,1008.6016999999999,E,8,999.0,E,8,1.95,E,8,-9900,?,9,-9900,?,9,0.0,E,8,-9900,?,9,-9900,?,9,0.0,0.0,E,8
04/19/2019,12:00,1141.975,1353.752,622.4,1,8,199.631,1,8,454.019,1,8,74688.0,1,8,18964.903,1,8,49942.101,1,8,171.34,1,8,-9900,?,9,-9900,?,9,24.91,E,8,20.52,E,8,75.0,E,8,1008.6016999999999,E,8,999.0,E,8,3.03,E,8,-9900,?,9,-9900,?,9,0.0,E,8,-9900,?,9,-9900,?,9,0.0,0.0,E,8
04/19/2019,13:00,1122.047,1353.752,636.9,1,8,323.162,1,8,369.085,1,8,76428.0,1,8,30700.389,1,8,40599.403,1,8,141.763,1,8,-9900,?,9,-9900,?,9,25.33,E,8,20.64,E,8,74.0,E,8,1008.6016999999999,E,8,999.0,E,8,2.9,E,8,-9900,?,9,-9900,?,9,0.0,E,8,-9900,?,9,-9900,?,9,0.0,0.0,E,8
04/19/2019,14:00,1019.282,1353.752,596.78,1,8,383.715,1,8,307.934,1,8,71613.6,1,8,36452.925,1,8,33872.745,1,8,130.212,1,8,-9900,?,9,-9900,?,9,25.57,E,8,20.71,E,8,74.0,E,8,1008.6016999999999,E,8,999.0,E,8,3.35,E,8,-9900,?,9,-9900,?,9,0.0,E,8,-9900,?,9,-9900,?,9,0.0,0.0,E,8
04/19/2019,15:00,840.711,1353.752,505.02,1,8,462.38,1,8,218.006,1,8,60602.4,1,8,43926.074,1,8,23980.637,1,8,111.793,1,8,-9900,?,9,-9900,?,9,25.63,E,8,20.72,E,8,74.0,E,8,1008.6016999999999,E,8,999.0,E,8,4.22,E,8,-9900,?,9,-9900,?,9,0.0,E,8,-9900,?,9,-9900,?,9,0.0,0.0,E,8
04/19/2019,16:00,598.598,1353.752,368.81,1,8,575.278,1,8,114.741,1,8,44257.2,1,8,54651.452,1,8,12621.486,1,8,82.698,1,8,-9900,?,9,-9900,?,9,25.43,E,8,20.67,E,8,74.0,E,8,1008.6016999999999,E,8,999.0,E,8,4.09,E,8,-9900,?,9,-9900,?,9,0.0,E,8,-9900,?,9,-9900,?,9,0.0,0.0,E,8
04/19/2019,17:00,309.856,1353.752,200.68,1,8,421.426,1,8,104.718,1,8,24081.6,1,8,40035.5,1,8,11518.938,1,8,146.383,1,8,-9900,?,9,-9900,?,9,24.96,E,8,20.54,E,8,75.0,E,8,1008.6016999999999,E,8,999.0,E,8,3.04,E,8,-9900,?,9,-9900,?,9,0.0,E,8,-9900,?,9,-9900,?,9,0.0,0.0,E,8
04/19/2019,18:00,3.925,1353.752,32.71,1,8,0.0,1,8,0.0,1,8,3925.2,1,8,0.0,1,8,0.0,1,8,-0.0,1,8,-9900,?,9,-9900,?,9,24.29,E,8,20.35,E,8,80.0,E,8,1008.6016999999999,E,8,999.0,E,8,2.75,E,8,-9900,?,9,-9900,?,9,0.003,E,8,-9900,?,9,-9900,?,9,0.03,99.0,E,8
04/19/2019,19:00,0.0,1353.752,0.0,1,8,0.0,1,8,0.0,1,8,0.0,1,8,0.0,1,8,0.0,1,8,-0.0,1,8,-9900,?,9,-9900,?,9,23.86,E,8,20.23,E,8,78.0,E,8,1008.6016999999999,E,8,999.0,E,8,1.79,E,8,-9900,?,9,-9900,?,9,0.0,E,8,-9900,?,9,-9900,?,9,0.0,0.0,E,8
04/19/2019,20:00,0.0,1353.752,0.0,1,8,0.0,1,8,0.0,1,8,0.0,1,8,0.0,1,8,0.0,1,8,-0.0,1,8,-9900,?,9,-9900,?,9,23.43,E,8,20.11,E,8,79.0,E,8,1008.6016999999999,E,8,999.0,E,8,1.35,E,8,-9900,?,9,-9900,?,9,0.0,E,8,-9900,?,9,-9900,?,9,0.0,0.0,E,8
04/19/2019,21:00,0.0,1353.752,0.0,1,8,0.0,1,8,0.0,1,8,0.0,1,8,0.0,1,8,0.0,1,8,-0.0,1,8,-9900,?,9,-9900,?,9,23.0,E,8,19.98,E,8,83.0,E,8,1008.6016999999999,E,8,999.0,E,8,1.35,E,8,-9900,?,9,-9900,?,9,0.016,E,8,-9900,?,9,-9900,?,9,0.16,99.0,E,8
04/19/2019,22:00,0.0,1353.752,0.0,1,8,0.0,1,8,0.0,1,8,0.0,1,8,0.0,1,8,0.0,1,8,-0.0,1,8,-9900,?,9,-9900,?,9,22.57,E,8,19.86,E,8,84.0,E,8,1008.6016999999999,E,8,999.0,E,8,1.35,E,8,-9900,?,9,-9900,?,9,0.026000000000000002,E,8,-9900,?,9,-9900,?,9,0.26,99.0,E,8
04/19/2019,23:00,0.0,1353.752,0.0,1,8,0.0,1,8,0.0,1,8,0.0,1,8,0.0,1,8,0.0,1,8,-0.0,1,8,-9900,?,9,-9900,?,9,22.15,E,8,19.74,E,8,92.0,E,8,1008.6016999999999,E,8,999.0,E,8,1.35,E,8,-9900,?,9,-9900,?,9,0.778,E,8,-9900,?,9,-9900,?,9,7.78,99.0,E,8
04/19/2019,24:00,0.0,1353.752,0.0,1,8,0.0,1,8,0.0,1,8,0.0,1,8,0.0,1,8,0.0,1,8,-0.0,1,8,-9900,?,9,-9900,?,9,21.72,E,8,18.97,E,8,86.0,E,8,1008.6016999999999,E,8,999.0,E,8,1.85,E,8,-9900,?,9,-9900,?,9,0.015,E,8,-9900,?,9,-9900,?,9,0.15,99.0,E,8
04/20/2019,01:00,0.0,1353.752,0.0,1,8,0.0,1,8,0.0,1,8,0.0,1,8,0.0,1,8,0.0,1,8,-0.0,1,8,-9900,?,9,-9900,?,9,21.5,E,8,18.96,E,8,82.0,E,8,1008.6016999999999,E,8,999.0,E,8,1.85,E,8,-9900,?,9,-9900,?,9,0.0,E,8,-9900,?,9,-9900,?,9,0.0,0.0,E,8
04/20/2019,02:00,0.0,1353.752,0.0,1,8,0.0,1,8,0.0,1,8,0.0,1,8,0.0,1,8,0.0,1,8,-0.0,1,8,-9900,?,9,-9900,?,9,21.29,E,8,18.96,E,8,83.0,E,8,1008.6016999999999,E,8,999.0,E,8,1.85,E,8,-9900,?,9,-9900,?,9,0.0,E,8,-9900,?,9,-9900,?,9,0.0,0.0,E,8
04/20/2019,03:00,0.0,1353.752,0.0,1,8,0.0,1,8,0.0,1,8,0.0,1,8,0.0,1,8,0.0,1,8,-0.0,1,8,-9900,?,9,-9900,?,9,21.07,E,8,18.95,E,8,84.0,E,8,1008.6016999999999,E,8,999.0,E,8,1.85,E,8,-9900,?,9,-9900,?,9,0.0,E,8,-9900,?,9,-9900,?,9,0.0,0.0,E,8
04/20/2019,04:00,0.0,1352.99,0.0,1,8,0.0,1,8,0.0,1,8,0.0,1,8,0.0,1,8,0.0,1,8,-0.0,1,8,-9900,?,9,-9900,?,9,20.86,E,8,18.94,E,8,85.0,E,8,1008.6016999999999,E,8,999.0,E,8,1.85,E,8,-9900,?,9,-9900,?,9,0.0,E,8,-9900,?,9,-9900,?,9,0.0,0.0,E,8
04/20/2019,05:00,0.0,1352.99,0.0,1,8,0.0,1,8,0.0,1,8,0.0,1,8,0.0,1,8,0.0,1,8,-0.0,1,8,-9900,?,9,-9900,?,9,20.64,E,8,18.93,E,8,90.0,E,8,1008.6016999999999,E,8,999.0,E,8,1.85,E,8,-9900,?,9,-9900,?,9,0.001,E,8,-9900,?,9,-9900,?,9,0.01,99.0,E,8
04/20/2019,06:00,0.0,1352.99,0.0,1,8,0.0,1,8,0.0,1,8,0.0,1,8,0.0,1,8,0.0,1,8,-0.0,1,8,-9900,?,9,-9900,?,9,20.48,E,8,18.93,E,8,87.0,E,8,1008.6016999999999,E,8,999.0,E,8,1.85,E,8,-9900,?,9,-9900,?,9,0.0,E,8,-9900,?,9,-9900,?,9,0.0,0.0,E,8
04/20/2019,07:00,143.882,1352.99,0.0,1,8,0.0,1,8,0.0,1,8,0.0,1,8,0.0,1,8,0.0,1,8,0.0,1,8,-9900,?,9,-9900,?,9,20.34,E,8,18.92,E,8,92.0,E,8,1008.6016999999999,E,8,999.0,E,8,1.85,E,8,-9900,?,9,-9900,?,9,0.003,E,8,-9900,?,9,-9900,?,9,0.03,99.0,E,8
04/20/2019,08:00,447.73,1352.99,132.31,1,8,52.859,1,8,114.859,1,8,15877.2,1,8,5021.636,1,8,12634.493,1,8,110.743,1,8,-9900,?,9,-9900,?,9,20.2,E,8,18.92,E,8,88.0,E,8,1008.6016999999999,E,8,999.0,E,8,1.85,E,8,-9900,?,9,-9900,?,9,0.0,E,8,-9900,?,9,-9900,?,9,0.0,0.0,E,8
04/20/2019,09:00,716.245,1352.99,323.52,1,8,164.179,1,8,236.672,1,8,38822.4,1,8,15597.004,1,8,26033.959,1,8,142.415,1,8,-9900,?,9,-9900,?,9,22.86,E,8,19.01,E,8,76.0,E,8,1008.6016999999999,E,8,999.0,E,8,1.85,E,8,-9900,?,9,-9900,?,9,0.0,E,8,-9900,?,9,-9900,?,9,0.0,0.0,E,8
04/20/2019,10:00,929.645,1352.99,490.95,1,8,253.959,1,8,316.511,1,8,58914.0,1,8,24126.063,1,8,34816.245,1,8,146.676,1,8,-9900,?,9,-9900,?,9,23.88,E,8,19.04,E,8,72.0,E,8,1008.6016999999999,E,8,999.0,E,8,1.85,E,8,-9900,?,9,-9900,?,9,0.0,E,8,-9900,?,9,-9900,?,9,0.0,0.0,E,8
04/20/2019,11:00,1073.194,1352.99,699.53,1,8,549.844,1,8,263.468,1,8,83943.6,1,8,52235.177,1,8,28981.522,1,8,105.748,1,8,-9900,?,9,-9900,?,9,25.01,E,8,19.08,E,8,68.0,E,8,1008.6016999999999,E,8,999.0,E,8,1.85,E,8,-9900,?,9,-9900,?,9,0.0,E,8,-9900,?,9,-9900,?,9,0.0,0.0,E,8
04/20/2019,12:00,1137.054,1352.99,727.67,1,8,519.931,1,8,290.773,1,8,87320.4,1,8,49393.479,1,8,31984.976,1,8,110.146,1,8,-9900,?,9,-9900,?,9,25.75,E,8,19.1,E,8,66.0,E,8,1008.6016999999999,E,8,999.0,E,8,1.85,E,8,-9900,?,9,-9900,?,9,0.0,E,8,-9900,?,9,-9900,?,9,0.0,0.0,E,8
04/20/2019,13:00,1116.858,1352.99,745.86,1,8,590.734,1,8,258.292,1,8,89503.2,1,8,56119.722,1,8,28412.076,1,8,99.613,1,8,-9900,?,9,-9900,?,9,26.27,E,8,19.12,E,8,64.0,E,8,1008.6016999999999,E,8,999.0,E,8,2.56,E,8,-9900,?,9,-9900,?,9,0.0,E,8,-9900,?,9,-9900,?,9,0.0,0.0,E,8
04/20/2019,14:00,1013.986,1352.99,699.74,1,8,703.606,1,8,172.549,1,8,83968.8,1,8,66842.602,1,8,18980.442,1,8,73.304,1,8,-9900,?,9,-9900,?,9,26.57,E,8,19.13,E,8,63.0,E,8,1008.6016999999999,E,8,999.0,E,8,2.59,E,8,-9900,?,9,-9900,?,9,0.0,E,8,-9900,?,9,-9900,?,9,0.0,0.0,E,8
04/20/2019,15:00,835.48,1352.99,530.22,1,8,599.376,1,8,160.278,1,8,63626.4,1,8,56940.679,1,8,17630.56,1,8,82.659,1,8,-9900,?,9,-9900,?,9,26.53,E,8,19.13,E,8,63.0,E,8,1008.6016999999999,E,8,999.0,E,8,3.01,E,8,-9900,?,9,-9900,?,9,0.0,E,8,-9900,?,9,-9900,?,9,0.0,0.0,E,8
04/20/2019,16:00,593.599,1352.99,339.23,1,8,491.301,1,8,123.945,1,8,40707.6,1,8,46673.637,1,8,13633.914,1,8,90.035,1,8,-9900,?,9,-9900,?,9,26.08,E,8,19.11,E,8,65.0,E,8,1008.6016999999999,E,8,999.0,E,8,2.28,E,8,-9900,?,9,-9900,?,9,0.0,E,8,-9900,?,9,-9900,?,9,0.0,0.0,E,8
04/20/2019,17:00,305.252,1352.99,166.09,1,8,454.762,1,8,64.034,1,8,19930.8,1,8,43202.398,1,8,7043.728,1,8,90.825,1,8,-9900,?,9,-9900,?,9,25.38,E,8,19.09,E,8,67.0,E,8,1008.6016999999999,E,8,999.0,E,8,1.85,E,8,-9900,?,9,-9900,?,9,0.0,E,8,-9900,?,9,-9900,?,9,0.0,0.0,E,8
04/20/2019,18:00,0.474,1352.99,34.62,1,8,0.0,1,8,0.0,1,8,4154.4,1,8,0.0,1,8,0.0,1,8,-0.0,1,8,-9900,?,9,-9900,?,9,24.56,E,8,19.06,E,8,74.0,E,8,1008.6016999999999,E,8,999.0,E,8,1.85,E,8,-9900,?,9,-9900,?,9,0.004,E,8,-9900,?,9,-9900,?,9,0.04,99.0,E,8
04/20/2019,19:00,0.0,1352.99,0.0,1,8,0.0,1,8,0.0,1,8,0.0,1,8,0.0,1,8,0.0,1,8,-0.0,1,8,-9900,?,9,-9900,?,9,23.84,E,8,19.04,E,8,81.0,E,8,1008.6016999999999,E,8,999.0,E,8,1.85,E,8,-9900,?,9,-9900,?,9,0.267,E,8,-9900,?,9,-9900,?,9,2.67,99.0,E,8
04/20/2019,20:00,0.0,1352.99,0.0,1,8,0.0,1,8,0.0,1,8,0.0,1,8,0.0,1,8,0.0,1,8,-0.0,1,8,-9900,?,9,-9900,?,9,23.12,E,8,19.02,E,8,80.0,E,8,1008.6016999999999,E,8,999.0,E,8,1.85,E,8,-9900,?,9,-9900,?,9,0.008,E,8,-9900,?,9,-9900,?,9,0.08,99.0,E,8
04/20/2019,21:00,0.0,1352.99,0.0,1,8,0.0,1,8,0.0,1,8,0.0,1,8,0.0,1,8,0.0,1,8,-0.0,1,8,-9900,?,9,-9900,?,9,22.41,E,8,18.99,E,8,83.0,E,8,1008.6016999999999,E,8,999.0,E,8,1.85,E,8,-9900,?,9,-9900,?,9,0.002,E,8,-9900,?,9,-9900,?,9,0.02,99.0,E,8
04/20/2019,22:00,0.0,1352.99,0.0,1,8,0.0,1,8,0.0,1,8,0.0,1,8,0.0,1,8,0.0,1,8,-0.0,1,8,-9900,?,9,-9900,?,9,21.69,E,8,18.97,E,8,81.0,E,8,1008.6016999999999,E,8,999.0,E,8,1.85,E,8,-9900,?,9,-9900,?,9,0.0,E,8,-9900,?,9,-9900,?,9,0.0,0.0,E,8
04/20/2019,23:00,0.0,1352.99,0.0,1,8,0.0,1,8,0.0,1,8,0.0,1,8,0.0,1,8,0.0,1,8,-0.0,1,8,-9900,?,9,-9900,?,9,20.97,E,8,18.94,E,8,85.0,E,8,1008.6016999999999,E,8,999.0,E,8,1.85,E,8,-9900,?,9,-9900,?,9,0.0,E,8,-9900,?,9,-9900,?,9,0.0,0.0,E,8
04/20/2019,24:00,0.0,1352.99,0.0,1,8,0.0,1,8,0.0,1,8,0.0,1,8,0.0,1,8,0.0,1,8,-0.0,1,8,-9900,?,9,-9900,?,9,20.25,E,8,13.38,E,8,64.0,E,8,1008.6016999999999,E,8,999.0,E,8,1.13,E,8,-9900,?,9,-9900,?,9,0.0,E,8,-9900,?,9,-9900,?,9,0.0,0.0,E,8
04/21/2019,01:00,0.0,1352.99,0.0,1,8,0.0,1,8,0.0,1,8,0.0,1,8,0.0,1,8,0.0,1,8,-0.0,1,8,-9900,?,9,-9900,?,9,19.89,E,8,13.31,E,8,65.0,E,8,1008.6016999999999,E,8,999.0,E,8,1.13,E,8,-9900,?,9,-9900,?,9,0.0,E,8,-9900,?,9,-9900,?,9,0.0,0.0,E,8
04/21/2019,02:00,0.0,1352.99,0.0,1,8,0.0,1,8,0.0,1,8,0.0,1,8,0.0,1,8,0.0,1,8,-0.0,1,8,-9900,?,9,-9900,?,9,19.53,E,8,13.23,E,8,66.0,E,8,1008.6016999999999,E,8,999.0,E,8,1.13,E,8,-9900,?,9,-9900,?,9,0.0,E,8,-9900,?,9,-9900,?,9,0.0,0.0,E,8
04/21/2019,03:00,0.0,1352.99,0.0,1,8,0.0,1,8,0.0,1,8,0.0,1,8,0.0,1,8,0.0,1,8,-0.0,1,8,-9900,?,9,-9900,?,9,19.17,E,8,13.16,E,8,68.0,E,8,1008.6016999999999,E,8,999.0,E,8,1.13,E,8,-9900,?,9,-9900,?,9,0.0,E,8,-9900,?,9,-9900,?,9,0.0,0.0,E,8
04/21/2019,04:00,0.0,1352.232,0.0,1,8,0.0,1,8,0.0,1,8,0.0,1,8,0.0,1,8,0.0,1,8,-0.0,1,8,-9900,?,9,-9900,?,9,18.81,E,8,13.08,E,8,69.0,E,8,1008.6016999999999,E,8,999.0,E,8,1.13,E,8,-9900,?,9,-9900,?,9,0.0,E,8,-9900,?,9,-9900,?,9,0.0,0.0,E,8
04/21/2019,05:00,0.0,1352.232,0.0,1,8,0.0,1,8,0.0,1,8,0.0,1,8,0.0,1,8,0.0,1,8,-0.0,1,8,-9900,?,9,-9900,?,9,18.46,E,8,13.01,E,8,70.0,E,8,1008.6016999999999,E,8,999.0,E,8,1.13,E,8,-9900,?,9,-9900,?,9,0.0,E,8,-9900,?,9,-9900,?,9,0.0,0.0,E,8
04/21/2019,06:00,0.0,1352.232,0.0,1,8,0.0,1,8,0.0,1,8,0.0,1,8,0.0,1,8,0.0,1,8,-0.0,1,8,-9900,?,9,-9900,?,9,18.18,E,8,12.95,E,8,71.0,E,8,1008.6016999999999,E,8,999.0,E,8,1.13,E,8,-9900,?,9,-9900,?,9,0.0,E,8,-9900,?,9,-9900,?,9,0.0,0.0,E,8
04/21/2019,07:00,141.81,1352.232,0.0,1,8,0.0,1,8,0.0,1,8,0.0,1,8,0.0,1,8,0.0,1,8,0.0,1,8,-9900,?,9,-9900,?,9,17.94,E,8,12.9,E,8,72.0,E,8,1008.6016999999999,E,8,999.0,E,8,1.13,E,8,-9900,?,9,-9900,?,9,0.0,E,8,-9900,?,9,-9900,?,9,0.0,0.0,E,8
04/21/2019,08:00,444.988,1352.232,142.02,1,8,41.203,1,8,128.493,1,8,17042.4,1,8,3914.299,1,8,14134.267,1,8,124.586,1,8,-9900,?,9,-9900,?,9,17.7,E,8,12.85,E,8,73.0,E,8,1008.6016999999999,E,8,999.0,E,8,1.13,E,8,-9900,?,9,-9900,?,9,0.0,E,8,-9900,?,9,-9900,?,9,0.0,0.0,E,8
04/21/2019,09:00,712.856,1352.232,380.62,1,8,292.439,1,8,226.572,1,8,45674.4,1,8,27781.688,1,8,24922.958,1,8,136.911,1,8,-9900,?,9,-9900,?,9,21.41,E,8,13.61,E,8,61.0,E,8,1008.6016999999999,E,8,999.0,E,8,1.21,E,8,-9900,?,9,-9900,?,9,0.0,E,8,-9900,?,9,-9900,?,9,0.0,0.0,E,8
04/21/2019,10:00,925.652,1352.232,590.18,1,8,504.928,1,8,244.654,1,8,70821.6,1,8,47968.155,1,8,26911.9,1,8,113.802,1,8,-9900,?,9,-9900,?,9,22.97,E,8,13.92,E,8,56.0,E,8,1008.6016999999999,E,8,999.0,E,8,2.24,E,8,-9900,?,9,-9900,?,9,0.0,E,8,-9900,?,9,-9900,?,9,0.0,0.0,E,8
04/21/2019,11:00,1068.68,1352.232,750.31,1,8,644.129,1,8,241.339,1,8,90037.2,1,8,61192.286,1,8,26547.342,1,8,97.221,1,8,-9900,?,9,-9900,?,9,24.31,E,8,14.18,E,8,53.0,E,8,1008.6016999999999,E,8,999.0,E,8,2.63,E,8,-9900,?,9,-9900,?,9,0.0,E,8,-9900,?,9,-9900,?,9,0.0,0.0,E,8
04/21/2019,12:00,1132.137,1352.232,841.79,1,8,803.618,1,8,169.057,1,8,101014.8,1,8,76343.665,1,8,18596.274,1,8,64.282,1,8,-9900,?,9,-9900,?,9,25.38,E,8,14.39,E,8,50.0,E,8,1008.6016999999999,E,8,999.0,E,8,3.38,E,8,-9900,?,9,-9900,?,9,0.0,E,8,-9900,?,9,-9900,?,9,0.0,0.0,E,8
04/21/2019,13:00,1111.684,1352.232,858.15,1,8,904.339,1,8,114.788,1,8,102978.0,1,8,85912.246,1,8,12626.704,1,8,44.451,1,8,-9900,?,9,-9900,?,9,26.13,E,8,14.53,E,8,48.0,E,8,1008.6016999999999,E,8,999.0,E,8,4.4,E,8,-9900,?,9,-9900,?,9,0.0,E,8,-9900,?,9,-9900,?,9,0.0,0.0,E,8
04/21/2019,14:00,1008.719,1352.232,801.33,1,8,796.468,1,8,207.331,1,8,96159.6,1,8,75664.505,1,8,22806.405,1,8,88.491,1,8,-9900,?,9,-9900,?,9,26.55,E,8,14.61,E,8,47.0,E,8,1008.6016999999999,E,8,999.0,E,8,4.04,E,8,-9900,?,9,-9900,?,9,0.0,E,8,-9900,?,9,-9900,?,9,0.0,0.0,E,8
04/21/2019,15:00,830.29,1352.232,677.13,1,8,800.478,1,8,185.863,1,8,81255.6,1,8,76045.376,1,8,20444.949,1,8,96.4,1,8,-9900,?,9,-9900,?,9,26.64,E,8,14.63,E,8,47.0,E,8,1008.6016999999999,E,8,999.0,E,8,3.76,E,8,-9900,?,9,-9900,?,9,0.0,E,8,-9900,?,9,-9900,?,9,0.0,0.0,E,8
04/21/2019,16:00,588.654,1352.232,494.51,1,8,743.489,1,8,171.258,1,8,59341.2,1,8,70631.419,1,8,18838.432,1,8,125.382,1,8,-9900,?,9,-9900,?,9,26.28,E,8,14.56,E,8,48.0,E,8,1008.6016999999999,E,8,999.0,E,8,3.91,E,8,-9900,?,9,-9900,?,9,0.0,E,8,-9900,?,9,-9900,?,9,0.0,0.0,E,8
04/21/2019,17:00,300.712,1352.232,266.49,1,8,617.567,1,8,129.904,1,8,31978.8,1,8,58668.841,1,8,14289.447,1,8,186.961,1,8,-9900,?,9,-9900,?,9,25.44,E,8,14.4,E,8,50.0,E,8,1008.6016999999999,E,8,999.0,E,8,3.38,E,8,-9900,?,9,-9900,?,9,0.0,E,8,-9900,?,9,-9900,?,9,0.0,0.0,E,8
04/21/2019,18:00,0.0,1352.232,41.52,1,8,0.0,1,8,0.0,1,8,4982.4,1,8,0.0,1,8,0.0,1,8,-0.0,1,8,-9900,?,9,-9900,?,9,24.26,E,8,14.17,E,8,53.0,E,8,1008.6016999999999,E,8,999.0,E,8,2.27,E,8,-9900,?,9,-9900,?,9,0.0,E,8,-9900,?,9,-9900,?,9,0.0,0.0,E,8
04/21/2019,19:00,0.0,1352.232,0.0,1,8,0.0,1,8,0.0,1,8,0.0,1,8,0.0,1,8,0.0,1,8,-0.0,1,8,-9900,?,9,-9900,?,9,23.47,E,8,14.02,E,8,55.0,E,8,1008.6016999999999,E,8,999.0,E,8,1.49,E,8,-9900,?,9,-9900,?,9,0.0,E,8,-9900,?,9,-9900,?,9,0.0,0.0,E,8
04/21/2019,20:00,0.0,1352.232,0.0,1,8,0.0,1,8,0.0,1,8,0.0,1,8,0.0,1,8,0.0,1,8,-0.0,1,8,-9900,?,9,-9900,?,9,22.67,E,8,13.86,E,8,57.0,E,8,1008.6016999999999,E,8,999.0,E,8,1.13,E,8,-9900,?,9,-9900,?,9,0.0,E,8,-9900,?,9,-9900,?,9,0.0,0.0,E,8
04/21/2019,21:00,0.0,1352.232,0.0,1,8,0.0,1,8,0.0,1,8,0.0,1,8,0.0,1,8,0.0,1,8,-0.0,1,8,-9900,?,9,-9900,?,9,21.88,E,8,13.71,E,8,59.0,E,8,1008.6016999999999,E,8,999.0,E,8,1.13,E,8,-9900,?,9,-9900,?,9,0.0,E,8,-9900,?,9,-9900,?,9,0.0,0.0,E,8
04/21/2019,22:00,0.0,1352.232,0.0,1,8,0.0,1,8,0.0,1,8,0.0,1,8,0.0,1,8,0.0,1,8,-0.0,1,8,-9900,?,9,-9900,?,9,21.09,E,8,13.55,E,8,62.0,E,8,1008.6016999999999,E,8,999.0,E,8,1.13,E,8,-9900,?,9,-9900,?,9,0.0,E,8,-9900,?,9,-9900,?,9,0.0,0.0,E,8
04/21/2019,23:00,0.0,1352.232,0.0,1,8,0.0,1,8,0.0,1,8,0.0,1,8,0.0,1,8,0.0,1,8,-0.0,1,8,-9900,?,9,-9900,?,9,20.29,E,8,13.39,E,8,64.0,E,8,1008.6016999999999,E,8,999.0,E,8,1.13,E,8,-9900,?,9,-9900,?,9,0.0,E,8,-9900,?,9,-9900,?,9,0.0,0.0,E,8
04/21/2019,24:00,0.0,1352.232,0.0,1,8,0.0,1,8,0.0,1,8,0.0,1,8,0.0,1,8,0.0,1,8,-0.0,1,8,-9900,?,9,-9900,?,9,19.5,E,8,13.41,E,8,67.0,E,8,1008.6016999999999,E,8,999.0,E,8,1.07,E,8,-9900,?,9,-9900,?,9,0.0,E,8,-9900,?,9,-9900,?,9,0.0,0.0,E,8
04/22/2019,01:00,0.0,1352.232,0.0,1,8,0.0,1,8,0.0,1,8,0.0,1,8,0.0,1,8,0.0,1,8,-0.0,1,8,-9900,?,9,-9900,?,9,19.11,E,8,13.37,E,8,69.0,E,8,1008.6016999999999,E,8,999.0,E,8,1.07,E,8,-9900,?,9,-9900,?,9,0.0,E,8,-9900,?,9,-9900,?,9,0.0,0.0,E,8
04/22/2019,02:00,0.0,1352.232,0.0,1,8,0.0,1,8,0.0,1,8,0.0,1,8,0.0,1,8,0.0,1,8,-0.0,1,8,-9900,?,9,-9900,?,9,18.71,E,8,13.33,E,8,70.0,E,8,1008.6016999999999,E,8,999.0,E,8,1.07,E,8,-9900,?,9,-9900,?,9,0.0,E,8,-9900,?,9,-9900,?,9,0.0,0.0,E,8
04/22/2019,03:00,0.0,1352.232,0.0,1,8,0.0,1,8,0.0,1,8,0.0,1,8,0.0,1,8,0.0,1,8,-0.0,1,8,-9900,?,9,-9900,?,9,18.31,E,8,13.3,E,8,72.0,E,8,1008.6016999999999,E,8,999.0,E,8,1.07,E,8,-9900,?,9,-9900,?,9,0.0,E,8,-9900,?,9,-9900,?,9,0.0,0.0,E,8
04/22/2019,04:00,0.0,1351.479,0.0,1,8,0.0,1,8,0.0,1,8,0.0,1,8,0.0,1,8,0.0,1,8,-0.0,1,8,-9900,?,9,-9900,?,9,17.92,E,8,13.26,E,8,74.0,E,8,1008.6016999999999,E,8,999.0,E,8,1.07,E,8,-9900,?,9,-9900,?,9,0.0,E,8,-9900,?,9,-9900,?,9,0.0,0.0,E,8
04/22/2019,05:00,0.0,1351.479,0.0,1,8,0.0,1,8,0.0,1,8,0.0,1,8,0.0,1,8,0.0,1,8,-0.0,1,8,-9900,?,9,-9900,?,9,17.52,E,8,13.22,E,8,75.0,E,8,1008.6016999999999,E,8,999.0,E,8,1.07,E,8,-9900,?,9,-9900,?,9,0.0,E,8,-9900,?,9,-9900,?,9,0.0,0.0,E,8
04/22/2019,06:00,0.0,1351.479,0.0,1,8,0.0,1,8,0.0,1,8,0.0,1,8,0.0,1,8,0.0,1,8,-0.0,1,8,-9900,?,9,-9900,?,9,17.21,E,8,13.19,E,8,77.0,E,8,1008.6016999999999,E,8,999.0,E,8,1.07,E,8,-9900,?,9,-9900,?,9,0.0,E,8,-9900,?,9,-9900,?,9,0.0,0.0,E,8
04/22/2019,07:00,139.726,1351.479,0.0,1,8,0.0,1,8,0.0,1,8,0.0,1,8,0.0,1,8,0.0,1,8,0.0,1,8,-9900,?,9,-9900,?,9,16.95,E,8,13.17,E,8,78.0,E,8,1008.6016999999999,E,8,999.0,E,8,1.07,E,8,-9900,?,9,-9900,?,9,0.0,E,8,-9900,?,9,-9900,?,9,0.0,0.0,E,8
04/22/2019,08:00,442.229,1351.479,148.96,1,8,69.515,1,8,126.268,1,8,17875.2,1,8,6603.933,1,8,13889.512,1,8,123.128,1,8,-9900,?,9,-9900,?,9,16.69,E,8,13.14,E,8,79.0,E,8,1008.6016999999999,E,8,999.0,E,8,1.07,E,8,-9900,?,9,-9900,?,9,0.0,E,8,-9900,?,9,-9900,?,9,0.0,0.0,E,8
04/22/2019,09:00,709.451,1351.479,399.51,1,8,352.761,1,8,214.473,1,8,47941.2,1,8,33512.314,1,8,23591.978,1,8,130.15,1,8,-9900,?,9,-9900,?,9,20.35,E,8,13.49,E,8,64.0,E,8,1008.6016999999999,E,8,999.0,E,8,1.18,E,8,-9900,?,9,-9900,?,9,0.0,E,8,-9900,?,9,-9900,?,9,0.0,0.0,E,8
04/22/2019,10:00,921.648,1351.479,619.5,1,8,625.833,1,8,192.854,1,8,74340.0,1,8,59454.173,1,8,21213.946,1,8,90.047,1,8,-9900,?,9,-9900,?,9,21.88,E,8,13.63,E,8,59.0,E,8,1008.6016999999999,E,8,999.0,E,8,2.29,E,8,-9900,?,9,-9900,?,9,0.0,E,8,-9900,?,9,-9900,?,9,0.0,0.0,E,8
04/22/2019,11:00,1064.162,1351.479,782.02,1,8,759.333,1,8,184.225,1,8,93842.4,1,8,72136.652,1,8,20264.724,1,8,74.487,1,8,-9900,?,9,-9900,?,9,23.19,E,8,13.75,E,8,55.0,E,8,1008.6016999999999,E,8,999.0,E,8,2.91,E,8,-9900,?,9,-9900,?,9,0.0,E,8,-9900,?,9,-9900,?,9,0.0,0.0,E,8
04/22/2019,12:00,1127.227,1351.479,880.58,1,8,875.734,1,8,150.252,1,8,105669.6,1,8,83194.749,1,8,16527.665,1,8,57.349,1,8,-9900,?,9,-9900,?,9,24.24,E,8,13.84,E,8,52.0,E,8,1008.6016999999999,E,8,999.0,E,8,2.9,E,8,-9900,?,9,-9900,?,9,0.0,E,8,-9900,?,9,-9900,?,9,0.0,0.0,E,8
04/22/2019,13:00,1106.528,1351.479,895.37,1,8,854.399,1,8,195.929,1,8,107444.4,1,8,81167.922,1,8,21552.196,1,8,76.183,1,8,-9900,?,9,-9900,?,9,24.97,E,8,13.91,E,8,50.0,E,8,1008.6016999999999,E,8,999.0,E,8,3.4,E,8,-9900,?,9,-9900,?,9,0.0,E,8,-9900,?,9,-9900,?,9,0.0,0.0,E,8
04/22/2019,14:00,1003.483,1351.479,832.79,1,8,822.3,1,8,222.372,1,8,99934.8,1,8,78118.541,1,8,24460.934,1,8,95.353,1,8,-9900,?,9,-9900,?,9,25.37,E,8,13.94,E,8,49.0,E,8,1008.6016999999999,E,8,999.0,E,8,3.38,E,8,-9900,?,9,-9900,?,9,0.0,E,8,-9900,?,9,-9900,?,9,0.0,0.0,E,8
04/22/2019,15:00,825.145,1351.479,700.33,1,8,802.532,1,8,210.586,1,8,84039.6,1,8,76240.532,1,8,23164.492,1,8,109.843,1,8,-9900,?,9,-9900,?,9,25.46,E,8,13.95,E,8,48.0,E,8,1008.6016999999999,E,8,999.0,E,8,3.87,E,8,-9900,?,9,-9900,?,9,0.0,E,8,-9900,?,9,-9900,?,9,0.0,0.0,E,8
04/22/2019,16:00,583.765,1351.479,507.36,1,8,737.942,1,8,189.015,1,8,60883.2,1,8,70104.463,1,8,20791.641,1,8,139.467,1,8,-9900,?,9,-9900,?,9,25.08,E,8,13.92,E,8,49.0,E,8,1008.6016999999999,E,8,999.0,E,8,3.45,E,8,-9900,?,9,-9900,?,9,0.0,E,8,-9900,?,9,-9900,?,9,0.0,0.0,E,8
04/22/2019,17:00,296.24,1351.479,269.58,1,8,615.678,1,8,135.384,1,8,32349.6,1,8,58489.457,1,8,14892.22,1,8,197.711,1,8,-9900,?,9,-9900,?,9,24.24,E,8,13.84,E,8,52.0,E,8,1008.6016999999999,E,8,999.0,E,8,3.2,E,8,-9900,?,9,-9900,?,9,0.0,E,8,-9900,?,9,-9900,?,9,0.0,0.0,E,8
04/22/2019,18:00,0.0,1351.479,37.75,1,8,0.0,1,8,0.0,1,8,4530.0,1,8,0.0,1,8,0.0,1,8,-0.0,1,8,-9900,?,9,-9900,?,9,23.07,E,8,13.73,E,8,55.0,E,8,1008.6016999999999,E,8,999.0,E,8,2.76,E,8,-9900,?,9,-9900,?,9,0.0,E,8,-9900,?,9,-9900,?,9,0.0,0.0,E,8
04/22/2019,19:00,0.0,1351.479,0.0,1,8,0.0,1,8,0.0,1,8,0.0,1,8,0.0,1,8,0.0,1,8,-0.0,1,8,-9900,?,9,-9900,?,9,22.84,E,8,13.71,E,8,56.0,E,8,1008.6016999999999,E,8,999.0,E,8,2.48,E,8,-9900,?,9,-9900,?,9,0.0,E,8,-9900,?,9,-9900,?,9,0.0,0.0,E,8
04/22/2019,20:00,0.0,1351.479,0.0,1,8,0.0,1,8,0.0,1,8,0.0,1,8,0.0,1,8,0.0,1,8,-0.0,1,8,-9900,?,9,-9900,?,9,22.61,E,8,13.69,E,8,57.0,E,8,1008.6016999999999,E,8,999.0,E,8,2.34,E,8,-9900,?,9,-9900,?,9,0.0,E,8,-9900,?,9,-9900,?,9,0.0,0.0,E,8
04/22/2019,21:00,0.0,1351.479,0.0,1,8,0.0,1,8,0.0,1,8,0.0,1,8,0.0,1,8,0.0,1,8,-0.0,1,8,-9900,?,9,-9900,?,9,22.38,E,8,13.67,E,8,57.0,E,8,1008.6016999999999,E,8,999.0,E,8,1.25,E,8,-9900,?,9,-9900,?,9,0.0,E,8,-9900,?,9,-9900,?,9,0.0,0.0,E,8
04/22/2019,22:00,0.0,1351.479,0.0,1,8,0.0,1,8,0.0,1,8,0.0,1,8,0.0,1,8,0.0,1,8,-0.0,1,8,-9900,?,9,-9900,?,9,22.15,E,8,13.65,E,8,58.0,E,8,1008.6016999999999,E,8,999.0,E,8,1.36,E,8,-9900,?,9,-9900,?,9,0.0,E,8,-9900,?,9,-9900,?,9,0.0,0.0,E,8
04/22/2019,23:00,0.0,1351.479,0.0,1,8,0.0,1,8,0.0,1,8,0.0,1,8,0.0,1,8,0.0,1,8,-0.0,1,8,-9900,?,9,-9900,?,9,21.92,E,8,13.63,E,8,59.0,E,8,1008.6016999999999,E,8,999.0,E,8,1.07,E,8,-9900,?,9,-9900,?,9,0.0,E,8,-9900,?,9,-9900,?,9,0.0,0.0,E,8
04/22/2019,24:00,0.0,1351.479,0.0,1,8,0.0,1,8,0.0,1,8,0.0,1,8,0.0,1,8,0.0,1,8,-0.0,1,8,-9900,?,9,-9900,?,9,21.69,E,8,20.31,E,8,91.0,E,8,1008.6016999999999,E,8,999.0,E,8,1.0,E,8,-9900,?,9,-9900,?,9,0.05,E,8,-9900,?,9,-9900,?,9,0.5,99.0,E,8
04/23/2019,01:00,0.0,1351.479,0.0,1,8,0.0,1,8,0.0,1,8,0.0,1,8,0.0,1,8,0.0,1,8,-0.0,1,8,-9900,?,9,-9900,?,9,21.57,E,8,20.27,E,8,92.0,E,8,1008.6016999999999,E,8,999.0,E,8,1.0,E,8,-9900,?,9,-9900,?,9,0.012,E,8,-9900,?,9,-9900,?,9,0.12,99.0,E,8
04/23/2019,02:00,0.0,1351.479,0.0,1,8,0.0,1,8,0.0,1,8,0.0,1,8,0.0,1,8,0.0,1,8,-0.0,1,8,-9900,?,9,-9900,?,9,21.46,E,8,20.24,E,8,92.0,E,8,1008.6016999999999,E,8,999.0,E,8,1.0,E,8,-9900,?,9,-9900,?,9,0.02,E,8,-9900,?,9,-9900,?,9,0.2,99.0,E,8
04/23/2019,03:00,0.0,1351.479,0.0,1,8,0.0,1,8,0.0,1,8,0.0,1,8,0.0,1,8,0.0,1,8,-0.0,1,8,-9900,?,9,-9900,?,9,21.34,E,8,20.2,E,8,93.0,E,8,1008.6016999999999,E,8,999.0,E,8,1.0,E,8,-9900,?,9,-9900,?,9,0.009,E,8,-9900,?,9,-9900,?,9,0.09,99.0,E,8
04/23/2019,04:00,0.0,1350.732,0.0,1,8,0.0,1,8,0.0,1,8,0.0,1,8,0.0,1,8,0.0,1,8,-0.0,1,8,-9900,?,9,-9900,?,9,21.23,E,8,20.17,E,8,93.0,E,8,1008.6016999999999,E,8,999.0,E,8,1.0,E,8,-9900,?,9,-9900,?,9,0.007000000000000001,E,8,-9900,?,9,-9900,?,9,0.07,99.0,E,8
04/23/2019,05:00,0.0,1350.732,0.0,1,8,0.0,1,8,0.0,1,8,0.0,1,8,0.0,1,8,0.0,1,8,-0.0,1,8,-9900,?,9,-9900,?,9,21.11,E,8,20.13,E,8,93.0,E,8,1008.6016999999999,E,8,999.0,E,8,1.0,E,8,-9900,?,9,-9900,?,9,0.016,E,8,-9900,?,9,-9900,?,9,0.16,99.0,E,8
04/23/2019,06:00,0.0,1350.732,0.0,1,8,0.0,1,8,0.0,1,8,0.0,1,8,0.0,1,8,0.0,1,8,-0.0,1,8,-9900,?,9,-9900,?,9,21.02,E,8,20.1,E,8,90.0,E,8,1008.6016999999999,E,8,999.0,E,8,1.0,E,8,-9900,?,9,-9900,?,9,0.0,E,8,-9900,?,9,-9900,?,9,0.0,0.0,E,8
04/23/2019,07:00,137.628,1350.732,0.0,1,8,0.0,1,8,0.0,1,8,0.0,1,8,0.0,1,8,0.0,1,8,0.0,1,8,-9900,?,9,-9900,?,9,20.95,E,8,20.08,E,8,94.0,E,8,1008.6016999999999,E,8,999.0,E,8,1.0,E,8,-9900,?,9,-9900,?,9,0.002,E,8,-9900,?,9,-9900,?,9,0.02,99.0,E,8
04/23/2019,08:00,439.454,1350.732,97.69,1,8,0.0,1,8,97.69,1,8,11722.8,1,8,0.0,1,8,10745.9,1,8,95.812,1,8,-9900,?,9,-9900,?,9,20.87,E,8,20.06,E,8,94.0,E,8,1008.6016999999999,E,8,999.0,E,8,1.0,E,8,-9900,?,9,-9900,?,9,0.003,E,8,-9900,?,9,-9900,?,9,0.03,99.0,E,8
04/23/2019,09:00,706.032,1350.732,105.07,1,8,0.0,1,8,105.07,1,8,12608.4,1,8,0.0,1,8,11557.7,1,8,64.034,1,8,-9900,?,9,-9900,?,9,22.46,E,8,20.54,E,8,89.0,E,8,1008.6016999999999,E,8,999.0,E,8,1.0,E,8,-9900,?,9,-9900,?,9,0.025,E,8,-9900,?,9,-9900,?,9,0.25,99.0,E,8
04/23/2019,10:00,917.634,1350.732,408.59,1,8,138.812,1,8,314.319,1,8,49030.8,1,8,13187.109,1,8,34575.097,1,8,147.322,1,8,-9900,?,9,-9900,?,9,24.07,E,8,21.01,E,8,84.0,E,8,1008.6016999999999,E,8,999.0,E,8,1.56,E,8,-9900,?,9,-9900,?,9,0.001,E,8,-9900,?,9,-9900,?,9,0.01,99.0,E,8
04/23/2019,11:00,1059.643,1350.732,517.8,1,8,137.992,1,8,409.565,1,8,62136.0,1,8,13109.279,1,8,45052.2,1,8,166.212,1,8,-9900,?,9,-9900,?,9,25.3,E,8,21.37,E,8,77.0,E,8,1008.6016999999999,E,8,999.0,E,8,2.65,E,8,-9900,?,9,-9900,?,9,0.0,E,8,-9900,?,9,-9900,?,9,0.0,0.0,E,8
04/23/2019,12:00,1122.325,1350.732,581.31,1,8,165.474,1,8,443.836,1,8,69757.2,1,8,15719.989,1,8,48821.947,1,8,170.051,1,8,-9900,?,9,-9900,?,9,26.24,E,8,21.63,E,8,78.0,E,8,1008.6016999999999,E,8,999.0,E,8,2.95,E,8,-9900,?,9,-9900,?,9,0.005,E,8,-9900,?,9,-9900,?,9,0.05,99.0,E,8
04/23/2019,13:00,1101.394,1350.732,594.29,1,8,196.74,1,8,433.891,1,8,71314.8,1,8,18690.339,1,8,47727.967,1,8,169.403,1,8,-9900,?,9,-9900,?,9,26.9,E,8,21.81,E,8,73.0,E,8,1008.6016999999999,E,8,999.0,E,8,3.62,E,8,-9900,?,9,-9900,?,9,0.0,E,8,-9900,?,9,-9900,?,9,0.0,0.0,E,8
04/23/2019,14:00,998.281,1350.732,555.76,1,8,322.148,1,8,317.729,1,8,66691.2,1,8,30604.065,1,8,34950.2,1,8,136.877,1,8,-9900,?,9,-9900,?,9,27.28,E,8,21.92,E,8,72.0,E,8,1008.6016999999999,E,8,999.0,E,8,4.2,E,8,-9900,?,9,-9900,?,9,0.0,E,8,-9900,?,9,-9900,?,9,0.0,0.0,E,8
04/23/2019,15:00,820.047,1350.732,468.62,1,8,393.183,1,8,230.033,1,8,56234.4,1,8,37352.397,1,8,25303.654,1,8,120.667,1,8,-9900,?,9,-9900,?,9,27.4,E,8,21.95,E,8,75.0,E,8,1008.6016999999999,E,8,999.0,E,8,3.81,E,8,-9900,?,9,-9900,?,9,0.001,E,8,-9900,?,9,-9900,?,9,0.01,99.0,E,8
04/23/2019,16:00,578.936,1350.732,339.7,1,8,494.291,1,8,128.117,1,8,40764.0,1,8,46957.622,1,8,14092.863,1,8,95.27,1,8,-9900,?,9,-9900,?,9,27.17,E,8,21.89,E,8,76.0,E,8,1008.6016999999999,E,8,999.0,E,8,3.45,E,8,-9900,?,9,-9900,?,9,0.032,E,8,-9900,?,9,-9900,?,9,0.32,99.0,E,8
04/23/2019,17:00,291.839,1350.732,181.05,1,8,399.037,1,8,95.333,1,8,21726.0,1,8,37908.536,1,8,10486.663,1,8,141.268,1,8,-9900,?,9,-9900,?,9,26.57,E,8,21.72,E,8,78.0,E,8,1008.6016999999999,E,8,999.0,E,8,3.36,E,8,-9900,?,9,-9900,?,9,0.064,E,8,-9900,?,9,-9900,?,9,0.64,99.0,E,8
04/23/2019,18:00,0.0,1350.732,25.15,1,8,0.0,1,8,0.0,1,8,3018.0,1,8,0.0,1,8,0.0,1,8,-0.0,1,8,-9900,?,9,-9900,?,9,25.7,E,8,21.48,E,8,80.0,E,8,1008.6016999999999,E,8,999.0,E,8,2.76,E,8,-9900,?,9,-9900,?,9,0.04,E,8,-9900,?,9,-9900,?,9,0.4,99.0,E,8
04/23/2019,19:00,0.0,1350.732,0.0,1,8,0.0,1,8,0.0,1,8,0.0,1,8,0.0,1,8,0.0,1,8,-0.0,1,8,-9900,?,9,-9900,?,9,25.22,E,8,21.34,E,8,81.0,E,8,1008.6016999999999,E,8,999.0,E,8,2.31,E,8,-9900,?,9,-9900,?,9,0.08199999999999999,E,8,-9900,?,9,-9900,?,9,0.82,99.0,E,8
04/23/2019,20:00,0.0,1350.732,0.0,1,8,0.0,1,8,0.0,1,8,0.0,1,8,0.0,1,8,0.0,1,8,-0.0,1,8,-9900,?,9,-9900,?,9,24.74,E,8,21.21,E,8,86.0,E,8,1008.6016999999999,E,8,999.0,E,8,2.03,E,8,-9900,?,9,-9900,?,9,0.11000000000000001,E,8,-9900,?,9,-9900,?,9,1.1,99.0,E,8
04/23/2019,21:00,0.0,1350.732,0.0,1,8,0.0,1,8,0.0,1,8,0.0,1,8,0.0,1,8,0.0,1,8,-0.0,1,8,-9900,?,9,-9900,?,9,24.26,E,8,21.07,E,8,88.0,E,8,1008.6016999999999,E,8,999.0,E,8,1.88,E,8,-9900,?,9,-9900,?,9,0.256,E,8,-9900,?,9,-9900,?,9,2.56,99.0,E,8
04/23/2019,22:00,0.0,1350.732,0.0,1,8,0.0,1,8,0.0,1,8,0.0,1,8,0.0,1,8,0.0,1,8,-0.0,1,8,-9900,?,9,-9900,?,9,23.78,E,8,20.93,E,8,89.0,E,8,1008.6016999999999,E,8,999.0,E,8,1.59,E,8,-9900,?,9,-9900,?,9,0.155,E,8,-9900,?,9,-9900,?,9,1.55,99.0,E,8
04/23/2019,23:00,0.0,1350.732,0.0,1,8,0.0,1,8,0.0,1,8,0.0,1,8,0.0,1,8,0.0,1,8,-0.0,1,8,-9900,?,9,-9900,?,9,23.3,E,8,20.79,E,8,95.0,E,8,1008.6016999999999,E,8,999.0,E,8,1.31,E,8,-9900,?,9,-9900,?,9,2.908,E,8,-9900,?,9,-9900,?,9,29.08,99.0,E,8
04/23/2019,24:00,0.0,1350.732,0.0,1,8,0.0,1,8,0.0,1,8,0.0,1,8,0.0,1,8,0.0,1,8,-0.0,1,8,-9900,?,9,-9900,?,9,22.82,E,8,20.58,E,8,88.0,E,8,1008.6016999999999,E,8,999.0,E,8,1.6,E,8,-9900,?,9,-9900,?,9,0.020999999999999998,E,8,-9900,?,9,-9900,?,9,0.21,99.0,E,8
04/24/2019,01:00,0.0,1350.732,0.0,1,8,0.0,1,8,0.0,1,8,0.0,1,8,0.0,1,8,0.0,1,8,-0.0,1,8,-9900,?,9,-9900,?,9,22.58,E,8,20.58,E,8,89.0,E,8,1008.6016999999999,E,8,999.0,E,8,1.58,E,8,-9900,?,9,-9900,?,9,0.008,E,8,-9900,?,9,-9900,?,9,0.08,99.0,E,8
04/24/2019,02:00,0.0,1350.732,0.0,1,8,0.0,1,8,0.0,1,8,0.0,1,8,0.0,1,8,0.0,1,8,-0.0,1,8,-9900,?,9,-9900,?,9,22.34,E,8,20.58,E,8,90.0,E,8,1008.6016999999999,E,8,999.0,E,8,1.18,E,8,-9900,?,9,-9900,?,9,0.004,E,8,-9900,?,9,-9900,?,9,0.04,99.0,E,8
04/24/2019,03:00,0.0,1350.732,0.0,1,8,0.0,1,8,0.0,1,8,0.0,1,8,0.0,1,8,0.0,1,8,-0.0,1,8,-9900,?,9,-9900,?,9,22.1,E,8,20.58,E,8,96.0,E,8,1008.6016999999999,E,8,999.0,E,8,1.18,E,8,-9900,?,9,-9900,?,9,0.17099999999999999,E,8,-9900,?,9,-9900,?,9,1.71,99.0,E,8
04/24/2019,04:00,0.0,1349.989,0.0,1,8,0.0,1,8,0.0,1,8,0.0,1,8,0.0,1,8,0.0,1,8,-0.0,1,8,-9900,?,9,-9900,?,9,21.86,E,8,20.59,E,8,93.0,E,8,1008.6016999999999,E,8,999.0,E,8,1.18,E,8,-9900,?,9,-9900,?,9,0.049,E,8,-9900,?,9,-9900,?,9,0.49,99.0,E,8
04/24/2019,05:00,0.0,1349.989,0.0,1,8,0.0,1,8,0.0,1,8,0.0,1,8,0.0,1,8,0.0,1,8,-0.0,1,8,-9900,?,9,-9900,?,9,21.62,E,8,20.59,E,8,94.0,E,8,1008.6016999999999,E,8,999.0,E,8,1.18,E,8,-9900,?,9,-9900,?,9,0.003,E,8,-9900,?,9,-9900,?,9,0.03,99.0,E,8
04/24/2019,06:00,0.0,1349.989,0.0,1,8,0.0,1,8,0.0,1,8,0.0,1,8,0.0,1,8,0.0,1,8,-0.0,1,8,-9900,?,9,-9900,?,9,21.43,E,8,20.59,E,8,95.0,E,8,1008.6016999999999,E,8,999.0,E,8,1.18,E,8,-9900,?,9,-9900,?,9,0.006,E,8,-9900,?,9,-9900,?,9,0.06,99.0,E,8
04/24/2019,07:00,135.517,1349.989,0.0,1,8,0.0,1,8,0.0,1,8,0.0,1,8,0.0,1,8,0.0,1,8,0.0,1,8,-9900,?,9,-9900,?,9,21.27,E,8,20.59,E,8,96.0,E,8,1008.6016999999999,E,8,999.0,E,8,1.18,E,8,-9900,?,9,-9900,?,9,0.001,E,8,-9900,?,9,-9900,?,9,0.01,99.0,E,8
04/24/2019,08:00,436.663,1349.989,92.78,1,8,0.0,1,8,92.78,1,8,11133.6,1,8,0.0,1,8,10205.8,1,8,91.53,1,8,-9900,?,9,-9900,?,9,21.11,E,8,20.59,E,8,96.0,E,8,1008.6016999999999,E,8,999.0,E,8,1.18,E,8,-9900,?,9,-9900,?,9,0.001,E,8,-9900,?,9,-9900,?,9,0.01,99.0,E,8
04/24/2019,09:00,702.6,1349.989,250.81,1,8,76.835,1,8,210.853,1,8,30097.2,1,8,7299.362,1,8,23193.79,1,8,129.061,1,8,-9900,?,9,-9900,?,9,23.97,E,8,20.57,E,8,78.0,E,8,1008.6016999999999,E,8,999.0,E,8,2.43,E,8,-9900,?,9,-9900,?,9,0.0,E,8,-9900,?,9,-9900,?,9,0.0,0.0,E,8
04/24/2019,10:00,913.613,1349.989,390.42,1,8,93.718,1,8,327.018,1,8,46850.4,1,8,8903.229,1,8,35971.946,1,8,153.865,1,8,-9900,?,9,-9900,?,9,25.18,E,8,20.56,E,8,74.0,E,8,1008.6016999999999,E,8,999.0,E,8,3.88,E,8,-9900,?,9,-9900,?,9,0.0,E,8,-9900,?,9,-9900,?,9,0.0,0.0,E,8
04/24/2019,11:00,1055.125,1349.989,494.92,1,8,117.64,1,8,402.992,1,8,59390.4,1,8,11175.824,1,8,44329.114,1,8,164.155,1,8,-9900,?,9,-9900,?,9,26.22,E,8,20.55,E,8,70.0,E,8,1008.6016999999999,E,8,999.0,E,8,4.43,E,8,-9900,?,9,-9900,?,9,0.0,E,8,-9900,?,9,-9900,?,9,0.0,0.0,E,8
04/24/2019,12:00,1117.435,1349.989,555.63,1,8,141.347,1,8,438.648,1,8,66675.6,1,8,13427.983,1,8,48251.236,1,8,168.707,1,8,-9900,?,9,-9900,?,9,27.05,E,8,20.54,E,8,67.0,E,8,1008.6016999999999,E,8,999.0,E,8,4.8,E,8,-9900,?,9,-9900,?,9,0.0,E,8,-9900,?,9,-9900,?,9,0.0,0.0,E,8
04/24/2019,13:00,1096.283,1349.989,567.91,1,8,168.542,1,8,431.063,1,8,68149.2,1,8,16011.535,1,8,47416.908,1,8,168.991,1,8,-9900,?,9,-9900,?,9,27.64,E,8,20.53,E,8,65.0,E,8,1008.6016999999999,E,8,999.0,E,8,5.2,E,8,-9900,?,9,-9900,?,9,0.0,E,8,-9900,?,9,-9900,?,9,0.0,0.0,E,8
04/24/2019,14:00,993.117,1349.989,530.84,1,8,168.353,1,8,407.022,1,8,63700.8,1,8,15993.58,1,8,44772.414,1,8,176.16,1,8,-9900,?,9,-9900,?,9,27.97,E,8,20.53,E,8,63.0,E,8,1008.6016999999999,E,8,999.0,E,8,5.29,E,8,-9900,?,9,-9900,?,9,0.0,E,8,-9900,?,9,-9900,?,9,0.0,0.0,E,8
04/24/2019,15:00,814.999,1349.989,447.22,1,8,341.448,1,8,241.19,1,8,53666.4,1,8,32437.568,1,8,26530.95,1,8,127.235,1,8,-9900,?,9,-9900,?,9,28.04,E,8,20.53,E,8,63.0,E,8,1008.6016999999999,E,8,999.0,E,8,5.34,E,8,-9900,?,9,-9900,?,9,0.0,E,8,-9900,?,9,-9900,?,9,0.0,0.0,E,8
04/24/2019,16:00,574.169,1349.989,323.6,1,8,435.762,1,8,138.509,1,8,38832.0,1,8,41397.412,1,8,15235.986,1,8,103.799,1,8,-9900,?,9,-9900,?,9,27.75,E,8,20.53,E,8,64.0,E,8,1008.6016999999999,E,8,999.0,E,8,5.38,E,8,-9900,?,9,-9900,?,9,0.0,E,8,-9900,?,9,-9900,?,9,0.0,0.0,E,8
04/24/2019,17:00,287.509,1349.989,171.58,1,8,379.194,1,8,91.304,1,8,20589.6,1,8,36023.433,1,8,10043.429,1,8,137.282,1,8,-9900,?,9,-9900,?,9,27.08,E,8,20.54,E,8,71.0,E,8,1008.6016999999999,E,8,999.0,E,8,5.02,E,8,-9900,?,9,-9900,?,9,0.012,E,8,-9900,?,9,-9900,?,9,0.12,99.0,E,8
04/24/2019,18:00,0.0,1349.989,22.84,1,8,0.0,1,8,0.0,1,8,2740.8,1,8,0.0,1,8,0.0,1,8,-0.0,1,8,-9900,?,9,-9900,?,9,26.16,E,8,20.55,E,8,74.0,E,8,1008.6016999999999,E,8,999.0,E,8,3.66,E,8,-9900,?,9,-9900,?,9,0.016,E,8,-9900,?,9,-9900,?,9,0.16,99.0,E,8
04/24/2019,19:00,0.0,1349.989,0.0,1,8,0.0,1,8,0.0,1,8,0.0,1,8,0.0,1,8,0.0,1,8,-0.0,1,8,-9900,?,9,-9900,?,9,25.66,E,8,20.55,E,8,76.0,E,8,1008.6016999999999,E,8,999.0,E,8,2.63,E,8,-9900,?,9,-9900,?,9,0.036,E,8,-9900,?,9,-9900,?,9,0.36,99.0,E,8
04/24/2019,20:00,0.0,1349.989,0.0,1,8,0.0,1,8,0.0,1,8,0.0,1,8,0.0,1,8,0.0,1,8,-0.0,1,8,-9900,?,9,-9900,?,9,25.16,E,8,20.56,E,8,78.0,E,8,1008.6016999999999,E,8,999.0,E,8,1.54,E,8,-9900,?,9,-9900,?,9,0.068,E,8,-9900,?,9,-9900,?,9,0.68,99.0,E,8
04/24/2019,21:00,0.0,1349.989,0.0,1,8,0.0,1,8,0.0,1,8,0.0,1,8,0.0,1,8,0.0,1,8,-0.0,1,8,-9900,?,9,-9900,?,9,24.66,E,8,20.56,E,8,80.0,E,8,1008.6016999999999,E,8,999.0,E,8,1.18,E,8,-9900,?,9,-9900,?,9,0.099,E,8,-9900,?,9,-9900,?,9,0.99,99.0,E,8
04/24/2019,22:00,0.0,1349.989,0.0,1,8,0.0,1,8,0.0,1,8,0.0,1,8,0.0,1,8,0.0,1,8,-0.0,1,8,-9900,?,9,-9900,?,9,24.16,E,8,20.57,E,8,91.0,E,8,1008.6016999999999,E,8,999.0,E,8,1.18,E,8,-9900,?,9,-9900,?,9,2.179,E,8,-9900,?,9,-9900,?,9,21.79,99.0,E,8
04/24/2019,23:00,0.0,1349.989,0.0,1,8,0.0,1,8,0.0,1,8,0.0,1,8,0.0,1,8,0.0,1,8,-0.0,1,8,-9900,?,9,-9900,?,9,23.66,E,8,20.57,E,8,84.0,E,8,1008.6016999999999,E,8,999.0,E,8,1.18,E,8,-9900,?,9,-9900,?,9,0.027000000000000003,E,8,-9900,?,9,-9900,?,9,0.27,99.0,E,8
04/24/2019,24:00,0.0,1349.989,0.0,1,8,0.0,1,8,0.0,1,8,0.0,1,8,0.0,1,8,0.0,1,8,-0.0,1,8,-9900,?,9,-9900,?,9,23.16,E,8,21.06,E,8,96.0,E,8,1008.6016999999999,E,8,999.0,E,8,1.2,E,8,-9900,?,9,-9900,?,9,0.178,E,8,-9900,?,9,-9900,?,9,1.78,99.0,E,8
04/25/2019,01:00,0.0,1349.989,0.0,1,8,0.0,1,8,0.0,1,8,0.0,1,8,0.0,1,8,0.0,1,8,-0.0,1,8,-9900,?,9,-9900,?,9,22.91,E,8,21.01,E,8,87.0,E,8,1008.6016999999999,E,8,999.0,E,8,1.2,E,8,-9900,?,9,-9900,?,9,0.0,E,8,-9900,?,9,-9900,?,9,0.0,0.0,E,8
04/25/2019,02:00,0.0,1349.989,0.0,1,8,0.0,1,8,0.0,1,8,0.0,1,8,0.0,1,8,0.0,1,8,-0.0,1,8,-9900,?,9,-9900,?,9,22.66,E,8,20.97,E,8,88.0,E,8,1008.6016999999999,E,8,999.0,E,8,1.2,E,8,-9900,?,9,-9900,?,9,0.0,E,8,-9900,?,9,-9900,?,9,0.0,0.0,E,8
04/25/2019,03:00,0.0,1349.989,0.0,1,8,0.0,1,8,0.0,1,8,0.0,1,8,0.0,1,8,0.0,1,8,-0.0,1,8,-9900,?,9,-9900,?,9,22.41,E,8,20.92,E,8,89.0,E,8,1008.6016999999999,E,8,999.0,E,8,1.2,E,8,-9900,?,9,-9900,?,9,0.0,E,8,-9900,?,9,-9900,?,9,0.0,0.0,E,8
04/25/2019,04:00,0.0,1349.253,0.0,1,8,0.0,1,8,0.0,1,8,0.0,1,8,0.0,1,8,0.0,1,8,-0.0,1,8,-9900,?,9,-9900,?,9,22.16,E,8,20.87,E,8,90.0,E,8,1008.6016999999999,E,8,999.0,E,8,1.2,E,8,-9900,?,9,-9900,?,9,0.0,E,8,-9900,?,9,-9900,?,9,0.0,0.0,E,8
04/25/2019,05:00,0.0,1349.253,0.0,1,8,0.0,1,8,0.0,1,8,0.0,1,8,0.0,1,8,0.0,1,8,-0.0,1,8,-9900,?,9,-9900,?,9,21.91,E,8,20.83,E,8,91.0,E,8,1008.6016999999999,E,8,999.0,E,8,1.2,E,8,-9900,?,9,-9900,?,9,0.0,E,8,-9900,?,9,-9900,?,9,0.0,0.0,E,8
04/25/2019,06:00,0.0,1349.253,0.0,1,8,0.0,1,8,0.0,1,8,0.0,1,8,0.0,1,8,0.0,1,8,-0.0,1,8,-9900,?,9,-9900,?,9,21.72,E,8,20.79,E,8,92.0,E,8,1008.6016999999999,E,8,999.0,E,8,1.2,E,8,-9900,?,9,-9900,?,9,0.0,E,8,-9900,?,9,-9900,?,9,0.0,0.0,E,8
04/25/2019,07:00,133.393,1349.253,0.0,1,8,0.0,1,8,0.0,1,8,0.0,1,8,0.0,1,8,0.0,1,8,0.0,1,8,-9900,?,9,-9900,?,9,21.56,E,8,20.76,E,8,93.0,E,8,1008.6016999999999,E,8,999.0,E,8,1.2,E,8,-9900,?,9,-9900,?,9,0.0,E,8,-9900,?,9,-9900,?,9,0.0,0.0,E,8
04/25/2019,08:00,433.858,1349.253,123.07,1,8,38.114,1,8,110.845,1,8,14768.4,1,8,3620.866,1,8,12192.938,1,8,110.002,1,8,-9900,?,9,-9900,?,9,21.39,E,8,20.73,E,8,94.0,E,8,1008.6016999999999,E,8,999.0,E,8,1.2,E,8,-9900,?,9,-9900,?,9,0.0,E,8,-9900,?,9,-9900,?,9,0.0,0.0,E,8
04/25/2019,09:00,699.156,1349.253,346.94,1,8,237.595,1,8,223.921,1,8,41632.8,1,8,22571.546,1,8,24631.317,1,8,137.661,1,8,-9900,?,9,-9900,?,9,24.14,E,8,21.24,E,8,82.0,E,8,1008.6016999999999,E,8,999.0,E,8,1.2,E,8,-9900,?,9,-9900,?,9,0.0,E,8,-9900,?,9,-9900,?,9,0.0,0.0,E,8
04/25/2019,10:00,909.586,1349.253,525.22,1,8,380.916,1,8,268.519,1,8,63026.4,1,8,36187.024,1,8,29537.135,1,8,126.832,1,8,-9900,?,9,-9900,?,9,25.27,E,8,21.44,E,8,78.0,E,8,1008.6016999999999,E,8,999.0,E,8,1.88,E,8,-9900,?,9,-9900,?,9,0.0,E,8,-9900,?,9,-9900,?,9,0.0,0.0,E,8
04/25/2019,11:00,1050.609,1349.253,653.85,1,8,474.722,1,8,284.273,1,8,78462.0,1,8,45098.622,1,8,31270.036,1,8,116.231,1,8,-9900,?,9,-9900,?,9,26.21,E,8,21.61,E,8,75.0,E,8,1008.6016999999999,E,8,999.0,E,8,2.58,E,8,-9900,?,9,-9900,?,9,0.0,E,8,-9900,?,9,-9900,?,9,0.0,0.0,E,8
04/25/2019,12:00,1112.56,1349.253,741.35,1,8,586.046,1,8,258.178,1,8,88962.0,1,8,55674.371,1,8,28399.588,1,8,99.678,1,8,-9900,?,9,-9900,?,9,26.98,E,8,21.74,E,8,72.0,E,8,1008.6016999999999,E,8,999.0,E,8,2.99,E,8,-9900,?,9,-9900,?,9,0.0,E,8,-9900,?,9,-9900,?,9,0.0,0.0,E,8
04/25/2019,13:00,1091.2,1349.253,708.92,1,8,536.093,1,8,275.426,1,8,85070.4,1,8,50928.79,1,8,30296.833,1,8,108.42,1,8,-9900,?,9,-9900,?,9,27.43,E,8,21.82,E,8,71.0,E,8,1008.6016999999999,E,8,999.0,E,8,3.76,E,8,-9900,?,9,-9900,?,9,0.0,E,8,-9900,?,9,-9900,?,9,0.0,0.0,E,8
04/25/2019,14:00,987.993,1349.253,701.7,1,8,737.925,1,8,161.49,1,8,84204.0,1,8,70102.871,1,8,17763.935,1,8,70.218,1,8,-9900,?,9,-9900,?,9,27.74,E,8,21.87,E,8,70.0,E,8,1008.6016999999999,E,8,999.0,E,8,4.36,E,8,-9900,?,9,-9900,?,9,0.0,E,8,-9900,?,9,-9900,?,9,0.0,0.0,E,8
04/25/2019,15:00,810.005,1349.253,592.33,1,8,864.775,1,8,73.445,1,8,71079.6,1,8,82153.649,1,8,8078.902,1,8,38.962,1,8,-9900,?,9,-9900,?,9,27.82,E,8,21.89,E,8,70.0,E,8,1008.6016999999999,E,8,999.0,E,8,4.08,E,8,-9900,?,9,-9900,?,9,0.0,E,8,-9900,?,9,-9900,?,9,0.0,0.0,E,8
04/25/2019,16:00,569.467,1349.253,436.3,1,8,731.629,1,8,127.923,1,8,52356.0,1,8,69504.8,1,8,14071.529,1,8,96.607,1,8,-9900,?,9,-9900,?,9,27.57,E,8,21.84,E,8,70.0,E,8,1008.6016999999999,E,8,999.0,E,8,3.48,E,8,-9900,?,9,-9900,?,9,0.0,E,8,-9900,?,9,-9900,?,9,0.0,0.0,E,8
04/25/2019,17:00,283.254,1349.253,221.85,1,8,543.479,1,8,108.455,1,8,26622.0,1,8,51630.485,1,8,11930.096,1,8,165.459,1,8,-9900,?,9,-9900,?,9,26.94,E,8,21.73,E,8,73.0,E,8,1008.6016999999999,E,8,999.0,E,8,3.3,E,8,-9900,?,9,-9900,?,9,0.0,E,8,-9900,?,9,-9900,?,9,0.0,0.0,E,8
04/25/2019,18:00,0.0,1349.253,29.54,1,8,0.0,1,8,0.0,1,8,3544.8,1,8,0.0,1,8,0.0,1,8,-0.0,1,8,-9900,?,9,-9900,?,9,26.08,E,8,21.58,E,8,80.0,E,8,1008.6016999999999,E,8,999.0,E,8,2.53,E,8,-9900,?,9,-9900,?,9,0.002,E,8,-9900,?,9,-9900,?,9,0.02,99.0,E,8
04/25/2019,19:00,0.0,1349.253,0.0,1,8,0.0,1,8,0.0,1,8,0.0,1,8,0.0,1,8,0.0,1,8,-0.0,1,8,-9900,?,9,-9900,?,9,25.64,E,8,21.5,E,8,82.0,E,8,1008.6016999999999,E,8,999.0,E,8,1.65,E,8,-9900,?,9,-9900,?,9,0.001,E,8,-9900,?,9,-9900,?,9,0.01,99.0,E,8
04/25/2019,20:00,0.0,1349.253,0.0,1,8,0.0,1,8,0.0,1,8,0.0,1,8,0.0,1,8,0.0,1,8,-0.0,1,8,-9900,?,9,-9900,?,9,25.21,E,8,21.43,E,8,83.0,E,8,1008.6016999999999,E,8,999.0,E,8,1.2,E,8,-9900,?,9,-9900,?,9,0.001,E,8,-9900,?,9,-9900,?,9,0.01,99.0,E,8
04/25/2019,21:00,0.0,1349.253,0.0,1,8,0.0,1,8,0.0,1,8,0.0,1,8,0.0,1,8,0.0,1,8,-0.0,1,8,-9900,?,9,-9900,?,9,24.77,E,8,21.35,E,8,85.0,E,8,1008.6016999999999,E,8,999.0,E,8,1.2,E,8,-9900,?,9,-9900,?,9,0.003,E,8,-9900,?,9,-9900,?,9,0.03,99.0,E,8
04/25/2019,22:00,0.0,1349.253,0.0,1,8,0.0,1,8,0.0,1,8,0.0,1,8,0.0,1,8,0.0,1,8,-0.0,1,8,-9900,?,9,-9900,?,9,24.34,E,8,21.27,E,8,86.0,E,8,1008.6016999999999,E,8,999.0,E,8,1.2,E,8,-9900,?,9,-9900,?,9,0.01,E,8,-9900,?,9,-9900,?,9,0.1,99.0,E,8
04/25/2019,23:00,0.0,1349.253,0.0,1,8,0.0,1,8,0.0,1,8,0.0,1,8,0.0,1,8,0.0,1,8,-0.0,1,8,-9900,?,9,-9900,?,9,23.9,E,8,21.19,E,8,88.0,E,8,1008.6016999999999,E,8,999.0,E,8,1.2,E,8,-9900,?,9,-9900,?,9,0.005,E,8,-9900,?,9,-9900,?,9,0.05,99.0,E,8
04/25/2019,24:00,0.0,1349.253,0.0,1,8,0.0,1,8,0.0,1,8,0.0,1,8,0.0,1,8,0.0,1,8,-0.0,1,8,-9900,?,9,-9900,?,9,23.47,E,8,20.76,E,8,85.0,E,8,1008.6016999999999,E,8,999.0,E,8,1.65,E,8,-9900,?,9,-9900,?,9,0.002,E,8,-9900,?,9,-9900,?,9,0.02,99.0,E,8
04/26/2019,01:00,0.0,1349.253,0.0,1,8,0.0,1,8,0.0,1,8,0.0,1,8,0.0,1,8,0.0,1,8,-0.0,1,8,-9900,?,9,-9900,?,9,23.25,E,8,20.73,E,8,86.0,E,8,1008.6016999999999,E,8,999.0,E,8,1.65,E,8,-9900,?,9,-9900,?,9,0.004,E,8,-9900,?,9,-9900,?,9,0.04,99.0,E,8
04/26/2019,02:00,0.0,1349.253,0.0,1,8,0.0,1,8,0.0,1,8,0.0,1,8,0.0,1,8,0.0,1,8,-0.0,1,8,-9900,?,9,-9900,?,9,23.03,E,8,20.69,E,8,86.0,E,8,1008.6016999999999,E,8,999.0,E,8,1.65,E,8,-9900,?,9,-9900,?,9,0.015,E,8,-9900,?,9,-9900,?,9,0.15,99.0,E,8
04/26/2019,03:00,0.0,1349.253,0.0,1,8,0.0,1,8,0.0,1,8,0.0,1,8,0.0,1,8,0.0,1,8,-0.0,1,8,-9900,?,9,-9900,?,9,22.82,E,8,20.66,E,8,91.0,E,8,1008.6016999999999,E,8,999.0,E,8,1.65,E,8,-9900,?,9,-9900,?,9,0.267,E,8,-9900,?,9,-9900,?,9,2.67,99.0,E,8
04/26/2019,04:00,0.0,1348.521,0.0,1,8,0.0,1,8,0.0,1,8,0.0,1,8,0.0,1,8,0.0,1,8,-0.0,1,8,-9900,?,9,-9900,?,9,22.6,E,8,20.62,E,8,88.0,E,8,1008.6016999999999,E,8,999.0,E,8,1.65,E,8,-9900,?,9,-9900,?,9,0.008,E,8,-9900,?,9,-9900,?,9,0.08,99.0,E,8
04/26/2019,05:00,0.0,1348.521,0.0,1,8,0.0,1,8,0.0,1,8,0.0,1,8,0.0,1,8,0.0,1,8,-0.0,1,8,-9900,?,9,-9900,?,9,22.38,E,8,20.59,E,8,89.0,E,8,1008.6016999999999,E,8,999.0,E,8,1.65,E,8,-9900,?,9,-9900,?,9,0.003,E,8,-9900,?,9,-9900,?,9,0.03,99.0,E,8
04/26/2019,06:00,0.0,1348.521,0.0,1,8,0.0,1,8,0.0,1,8,0.0,1,8,0.0,1,8,0.0,1,8,-0.0,1,8,-9900,?,9,-9900,?,9,22.21,E,8,20.56,E,8,85.0,E,8,1008.6016999999999,E,8,999.0,E,8,1.65,E,8,-9900,?,9,-9900,?,9,0.0,E,8,-9900,?,9,-9900,?,9,0.0,0.0,E,8
04/26/2019,07:00,131.255,1348.521,0.0,1,8,0.0,1,8,0.0,1,8,0.0,1,8,0.0,1,8,0.0,1,8,0.0,1,8,-9900,?,9,-9900,?,9,22.07,E,8,20.54,E,8,86.0,E,8,1008.6016999999999,E,8,999.0,E,8,1.65,E,8,-9900,?,9,-9900,?,9,0.0,E,8,-9900,?,9,-9900,?,9,0.0,0.0,E,8
04/26/2019,08:00,431.039,1348.521,91.17,1,8,0.0,1,8,91.17,1,8,10940.4,1,8,0.0,1,8,10028.7,1,8,91.023,1,8,-9900,?,9,-9900,?,9,21.92,E,8,20.51,E,8,86.0,E,8,1008.6016999999999,E,8,999.0,E,8,1.65,E,8,-9900,?,9,-9900,?,9,0.0,E,8,-9900,?,9,-9900,?,9,0.0,0.0,E,8
04/26/2019,09:00,695.701,1348.521,256.83,1,8,71.956,1,8,219.738,1,8,30819.6,1,8,6835.779,1,8,24171.197,1,8,135.688,1,8,-9900,?,9,-9900,?,9,24.25,E,8,20.89,E,8,78.0,E,8,1008.6016999999999,E,8,999.0,E,8,1.65,E,8,-9900,?,9,-9900,?,9,0.0,E,8,-9900,?,9,-9900,?,9,0.0,0.0,E,8
04/26/2019,10:00,905.555,1348.521,384.22,1,8,109.353,1,8,310.814,1,8,46106.4,1,8,10388.494,1,8,34189.553,1,8,147.384,1,8,-9900,?,9,-9900,?,9,25.18,E,8,21.04,E,8,75.0,E,8,1008.6016999999999,E,8,999.0,E,8,1.65,E,8,-9900,?,9,-9900,?,9,0.0,E,8,-9900,?,9,-9900,?,9,0.0,0.0,E,8
04/26/2019,11:00,1046.1,1348.521,650.82,1,8,463.869,1,8,291.049,1,8,78098.4,1,8,44067.574,1,8,32015.372,1,8,119.45,1,8,-9900,?,9,-9900,?,9,26.54,E,8,21.25,E,8,71.0,E,8,1008.6016999999999,E,8,999.0,E,8,1.65,E,8,-9900,?,9,-9900,?,9,0.0,E,8,-9900,?,9,-9900,?,9,0.0,0.0,E,8
04/26/2019,12:00,1107.701,1348.521,631.8,1,8,318.513,1,8,370.205,1,8,75816.0,1,8,30258.715,1,8,40722.508,1,8,143.479,1,8,-9900,?,9,-9900,?,9,27.3,E,8,21.37,E,8,69.0,E,8,1008.6016999999999,E,8,999.0,E,8,2.23,E,8,-9900,?,9,-9900,?,9,0.0,E,8,-9900,?,9,-9900,?,9,0.0,0.0,E,8
04/26/2019,13:00,1086.146,1348.521,647.61,1,8,394.697,1,8,329.758,1,8,77713.2,1,8,37496.196,1,8,36273.377,1,8,130.342,1,8,-9900,?,9,-9900,?,9,27.84,E,8,21.45,E,8,67.0,E,8,1008.6016999999999,E,8,999.0,E,8,2.97,E,8,-9900,?,9,-9900,?,9,0.0,E,8,-9900,?,9,-9900,?,9,0.0,0.0,E,8
04/26/2019,14:00,982.912,1348.521,572.41,1,8,349.857,1,8,317.472,1,8,68689.2,1,8,33236.445,1,8,34921.893,1,8,138.679,1,8,-9900,?,9,-9900,?,9,28.09,E,8,21.49,E,8,67.0,E,8,1008.6016999999999,E,8,999.0,E,8,3.52,E,8,-9900,?,9,-9900,?,9,0.0,E,8,-9900,?,9,-9900,?,9,0.0,0.0,E,8
04/26/2019,15:00,805.066,1348.521,566.57,1,8,755.592,1,8,115.721,1,8,67988.4,1,8,71781.244,1,8,12729.341,1,8,61.733,1,8,-9900,?,9,-9900,?,9,28.26,E,8,21.52,E,8,66.0,E,8,1008.6016999999999,E,8,999.0,E,8,3.57,E,8,-9900,?,9,-9900,?,9,0.0,E,8,-9900,?,9,-9900,?,9,0.0,0.0,E,8
04/26/2019,16:00,564.832,1348.521,427.01,1,8,727.678,1,8,122.637,1,8,51241.2,1,8,69129.452,1,8,13490.118,1,8,93.327,1,8,-9900,?,9,-9900,?,9,28.14,E,8,21.5,E,8,67.0,E,8,1008.6016999999999,E,8,999.0,E,8,3.47,E,8,-9900,?,9,-9900,?,9,0.0,E,8,-9900,?,9,-9900,?,9,0.0,0.0,E,8
04/26/2019,17:00,279.076,1348.521,250.92,1,8,526.105,1,8,142.731,1,8,30110.4,1,8,49979.95,1,8,15700.377,1,8,220.93,1,8,-9900,?,9,-9900,?,9,27.64,E,8,21.42,E,8,68.0,E,8,1008.6016999999999,E,8,999.0,E,8,1.9,E,8,-9900,?,9,-9900,?,9,0.0,E,8,-9900,?,9,-9900,?,9,0.0,0.0,E,8
04/26/2019,18:00,0.0,1348.521,41.02,1,8,0.0,1,8,0.0,1,8,4922.4,1,8,0.0,1,8,0.0,1,8,-0.0,1,8,-9900,?,9,-9900,?,9,26.81,E,8,21.29,E,8,70.0,E,8,1008.6016999999999,E,8,999.0,E,8,1.65,E,8,-9900,?,9,-9900,?,9,0.0,E,8,-9900,?,9,-9900,?,9,0.0,0.0,E,8
04/26/2019,19:00,0.0,1348.521,0.0,1,8,0.0,1,8,0.0,1,8,0.0,1,8,0.0,1,8,0.0,1,8,-0.0,1,8,-9900,?,9,-9900,?,9,26.27,E,8,21.21,E,8,72.0,E,8,1008.6016999999999,E,8,999.0,E,8,1.65,E,8,-9900,?,9,-9900,?,9,0.0,E,8,-9900,?,9,-9900,?,9,0.0,0.0,E,8
04/26/2019,20:00,0.0,1348.521,0.0,1,8,0.0,1,8,0.0,1,8,0.0,1,8,0.0,1,8,0.0,1,8,-0.0,1,8,-9900,?,9,-9900,?,9,25.73,E,8,21.12,E,8,74.0,E,8,1008.6016999999999,E,8,999.0,E,8,1.65,E,8,-9900,?,9,-9900,?,9,0.0,E,8,-9900,?,9,-9900,?,9,0.0,0.0,E,8
04/26/2019,21:00,0.0,1348.521,0.0,1,8,0.0,1,8,0.0,1,8,0.0,1,8,0.0,1,8,0.0,1,8,-0.0,1,8,-9900,?,9,-9900,?,9,25.19,E,8,21.04,E,8,75.0,E,8,1008.6016999999999,E,8,999.0,E,8,1.65,E,8,-9900,?,9,-9900,?,9,0.0,E,8,-9900,?,9,-9900,?,9,0.0,0.0,E,8
04/26/2019,22:00,0.0,1348.521,0.0,1,8,0.0,1,8,0.0,1,8,0.0,1,8,0.0,1,8,0.0,1,8,-0.0,1,8,-9900,?,9,-9900,?,9,24.65,E,8,20.95,E,8,77.0,E,8,1008.6016999999999,E,8,999.0,E,8,1.65,E,8,-9900,?,9,-9900,?,9,0.0,E,8,-9900,?,9,-9900,?,9,0.0,0.0,E,8
04/26/2019,23:00,0.0,1348.521,0.0,1,8,0.0,1,8,0.0,1,8,0.0,1,8,0.0,1,8,0.0,1,8,-0.0,1,8,-9900,?,9,-9900,?,9,24.11,E,8,20.87,E,8,83.0,E,8,1008.6016999999999,E,8,999.0,E,8,1.65,E,8,-9900,?,9,-9900,?,9,0.001,E,8,-9900,?,9,-9900,?,9,0.01,99.0,E,8
04/26/2019,24:00,0.0,1348.521,0.0,1,8,0.0,1,8,0.0,1,8,0.0,1,8,0.0,1,8,0.0,1,8,-0.0,1,8,-9900,?,9,-9900,?,9,23.57,E,8,21.27,E,8,85.0,E,8,1008.6016999999999,E,8,999.0,E,8,1.78,E,8,-9900,?,9,-9900,?,9,0.0,E,8,-9900,?,9,-9900,?,9,0.0,0.0,E,8
04/27/2019,01:00,0.0,1348.521,0.0,1,8,0.0,1,8,0.0,1,8,0.0,1,8,0.0,1,8,0.0,1,8,-0.0,1,8,-9900,?,9,-9900,?,9,23.3,E,8,21.18,E,8,86.0,E,8,1008.6016999999999,E,8,999.0,E,8,1.78,E,8,-9900,?,9,-9900,?,9,0.0,E,8,-9900,?,9,-9900,?,9,0.0,0.0,E,8
04/27/2019,02:00,0.0,1348.521,0.0,1,8,0.0,1,8,0.0,1,8,0.0,1,8,0.0,1,8,0.0,1,8,-0.0,1,8,-9900,?,9,-9900,?,9,23.03,E,8,21.1,E,8,91.0,E,8,1008.6016999999999,E,8,999.0,E,8,1.78,E,8,-9900,?,9,-9900,?,9,0.001,E,8,-9900,?,9,-9900,?,9,0.01,99.0,E,8
04/27/2019,03:00,0.0,1348.521,0.0,1,8,0.0,1,8,0.0,1,8,0.0,1,8,0.0,1,8,0.0,1,8,-0.0,1,8,-9900,?,9,-9900,?,9,22.76,E,8,21.01,E,8,92.0,E,8,1008.6016999999999,E,8,999.0,E,8,1.78,E,8,-9900,?,9,-9900,?,9,0.089,E,8,-9900,?,9,-9900,?,9,0.89,99.0,E,8
04/27/2019,04:00,0.0,1347.796,0.0,1,8,0.0,1,8,0.0,1,8,0.0,1,8,0.0,1,8,0.0,1,8,-0.0,1,8,-9900,?,9,-9900,?,9,22.49,E,8,20.92,E,8,88.0,E,8,1008.6016999999999,E,8,999.0,E,8,1.78,E,8,-9900,?,9,-9900,?,9,0.0,E,8,-9900,?,9,-9900,?,9,0.0,0.0,E,8
04/27/2019,05:00,0.0,1347.796,0.0,1,8,0.0,1,8,0.0,1,8,0.0,1,8,0.0,1,8,0.0,1,8,-0.0,1,8,-9900,?,9,-9900,?,9,22.22,E,8,20.83,E,8,93.0,E,8,1008.6016999999999,E,8,999.0,E,8,1.78,E,8,-9900,?,9,-9900,?,9,0.003,E,8,-9900,?,9,-9900,?,9,0.03,99.0,E,8
04/27/2019,06:00,0.0,1347.796,0.0,1,8,0.0,1,8,0.0,1,8,0.0,1,8,0.0,1,8,0.0,1,8,-0.0,1,8,-9900,?,9,-9900,?,9,22.01,E,8,20.76,E,8,90.0,E,8,1008.6016999999999,E,8,999.0,E,8,1.78,E,8,-9900,?,9,-9900,?,9,0.0,E,8,-9900,?,9,-9900,?,9,0.0,0.0,E,8
04/27/2019,07:00,129.105,1347.796,0.0,1,8,0.0,1,8,0.0,1,8,0.0,1,8,0.0,1,8,0.0,1,8,0.0,1,8,-9900,?,9,-9900,?,9,21.84,E,8,20.71,E,8,90.0,E,8,1008.6016999999999,E,8,999.0,E,8,1.78,E,8,-9900,?,9,-9900,?,9,0.0,E,8,-9900,?,9,-9900,?,9,0.0,0.0,E,8
04/27/2019,08:00,428.206,1347.796,100.14,1,8,0.0,1,8,100.14,1,8,12016.8,1,8,0.0,1,8,11015.4,1,8,100.589,1,8,-9900,?,9,-9900,?,9,21.66,E,8,20.65,E,8,91.0,E,8,1008.6016999999999,E,8,999.0,E,8,1.78,E,8,-9900,?,9,-9900,?,9,0.0,E,8,-9900,?,9,-9900,?,9,0.0,0.0,E,8
04/27/2019,09:00,692.236,1347.796,320.19,1,8,207.391,1,8,213.76,1,8,38422.8,1,8,19702.103,1,8,23513.592,1,8,132.587,1,8,-9900,?,9,-9900,?,9,24.24,E,8,21.48,E,8,83.0,E,8,1008.6016999999999,E,8,999.0,E,8,1.78,E,8,-9900,?,9,-9900,?,9,0.0,E,8,-9900,?,9,-9900,?,9,0.0,0.0,E,8
04/27/2019,10:00,901.522,1347.796,512.75,1,8,362.249,1,8,270.534,1,8,61530.0,1,8,34413.672,1,8,29758.783,1,8,128.789,1,8,-9900,?,9,-9900,?,9,25.48,E,8,21.87,E,8,79.0,E,8,1008.6016999999999,E,8,999.0,E,8,1.78,E,8,-9900,?,9,-9900,?,9,0.0,E,8,-9900,?,9,-9900,?,9,0.0,0.0,E,8
04/27/2019,11:00,1041.598,1347.796,608.28,1,8,376.05,1,8,317.72,1,8,72993.6,1,8,35724.786,1,8,34949.201,1,8,130.89,1,8,-9900,?,9,-9900,?,9,26.4,E,8,22.15,E,8,77.0,E,8,1008.6016999999999,E,8,999.0,E,8,1.78,E,8,-9900,?,9,-9900,?,9,0.0,E,8,-9900,?,9,-9900,?,9,0.0,0.0,E,8
04/27/2019,12:00,1102.862,1347.796,683.54,1,8,467.616,1,8,300.959,1,8,82024.8,1,8,44423.51,1,8,33105.502,1,8,117.091,1,8,-9900,?,9,-9900,?,9,27.13,E,8,22.37,E,8,75.0,E,8,1008.6016999999999,E,8,999.0,E,8,1.78,E,8,-9900,?,9,-9900,?,9,0.0,E,8,-9900,?,9,-9900,?,9,0.0,0.0,E,8
04/27/2019,13:00,1081.125,1347.796,632.2,1,8,368.194,1,8,336.904,1,8,75864.0,1,8,34978.397,1,8,37059.453,1,8,133.714,1,8,-9900,?,9,-9900,?,9,27.51,E,8,22.48,E,8,74.0,E,8,1008.6016999999999,E,8,999.0,E,8,2.07,E,8,-9900,?,9,-9900,?,9,0.0,E,8,-9900,?,9,-9900,?,9,0.0,0.0,E,8
04/27/2019,14:00,977.876,1347.796,545.23,1,8,318.519,1,8,314.193,1,8,65427.6,1,8,30259.337,1,8,34561.28,1,8,137.88,1,8,-9900,?,9,-9900,?,9,27.63,E,8,22.52,E,8,73.0,E,8,1008.6016999999999,E,8,999.0,E,8,3.44,E,8,-9900,?,9,-9900,?,9,0.0,E,8,-9900,?,9,-9900,?,9,0.0,0.0,E,8
04/27/2019,15:00,800.185,1347.796,346.83,1,8,131.375,1,8,268.875,1,8,41619.6,1,8,12480.601,1,8,29576.246,1,8,144.234,1,8,-9900,?,9,-9900,?,9,27.27,E,8,22.41,E,8,74.0,E,8,1008.6016999999999,E,8,999.0,E,8,3.36,E,8,-9900,?,9,-9900,?,9,0.0,E,8,-9900,?,9,-9900,?,9,0.0,0.0,E,8
04/27/2019,16:00,560.266,1347.796,316.83,1,8,401.621,1,8,150.113,1,8,38019.6,1,8,38153.987,1,8,16512.414,1,8,115.108,1,8,-9900,?,9,-9900,?,9,26.92,E,8,22.3,E,8,75.0,E,8,1008.6016999999999,E,8,999.0,E,8,2.67,E,8,-9900,?,9,-9900,?,9,0.0,E,8,-9900,?,9,-9900,?,9,0.0,0.0,E,8
04/27/2019,17:00,274.976,1347.796,156.35,1,8,517.086,1,8,51.541,1,8,18762.0,1,8,49123.129,1,8,5669.477,1,8,80.94,1,8,-9900,?,9,-9900,?,9,26.3,E,8,22.12,E,8,77.0,E,8,1008.6016999999999,E,8,999.0,E,8,2.12,E,8,-9900,?,9,-9900,?,9,0.0,E,8,-9900,?,9,-9900,?,9,0.0,0.0,E,8
04/27/2019,18:00,0.0,1347.796,23.94,1,8,0.0,1,8,0.0,1,8,2872.8,1,8,0.0,1,8,0.0,1,8,-0.0,1,8,-9900,?,9,-9900,?,9,25.54,E,8,21.88,E,8,83.0,E,8,1008.6016999999999,E,8,999.0,E,8,1.78,E,8,-9900,?,9,-9900,?,9,0.001,E,8,-9900,?,9,-9900,?,9,0.01,99.0,E,8
04/27/2019,19:00,0.0,1347.796,0.0,1,8,0.0,1,8,0.0,1,8,0.0,1,8,0.0,1,8,0.0,1,8,-0.0,1,8,-9900,?,9,-9900,?,9,25.13,E,8,21.76,E,8,80.0,E,8,1008.6016999999999,E,8,999.0,E,8,1.78,E,8,-9900,?,9,-9900,?,9,0.0,E,8,-9900,?,9,-9900,?,9,0.0,0.0,E,8
04/27/2019,20:00,0.0,1347.796,0.0,1,8,0.0,1,8,0.0,1,8,0.0,1,8,0.0,1,8,0.0,1,8,-0.0,1,8,-9900,?,9,-9900,?,9,24.71,E,8,21.63,E,8,86.0,E,8,1008.6016999999999,E,8,999.0,E,8,1.78,E,8,-9900,?,9,-9900,?,9,0.001,E,8,-9900,?,9,-9900,?,9,0.01,99.0,E,8
04/27/2019,21:00,0.0,1347.796,0.0,1,8,0.0,1,8,0.0,1,8,0.0,1,8,0.0,1,8,0.0,1,8,-0.0,1,8,-9900,?,9,-9900,?,9,24.3,E,8,21.5,E,8,83.0,E,8,1008.6016999999999,E,8,999.0,E,8,1.78,E,8,-9900,?,9,-9900,?,9,0.0,E,8,-9900,?,9,-9900,?,9,0.0,0.0,E,8
04/27/2019,22:00,0.0,1347.796,0.0,1,8,0.0,1,8,0.0,1,8,0.0,1,8,0.0,1,8,0.0,1,8,-0.0,1,8,-9900,?,9,-9900,?,9,23.89,E,8,21.37,E,8,84.0,E,8,1008.6016999999999,E,8,999.0,E,8,1.78,E,8,-9900,?,9,-9900,?,9,0.0,E,8,-9900,?,9,-9900,?,9,0.0,0.0,E,8
04/27/2019,23:00,0.0,1347.796,0.0,1,8,0.0,1,8,0.0,1,8,0.0,1,8,0.0,1,8,0.0,1,8,-0.0,1,8,-9900,?,9,-9900,?,9,23.48,E,8,21.24,E,8,89.0,E,8,1008.6016999999999,E,8,999.0,E,8,1.78,E,8,-9900,?,9,-9900,?,9,0.005,E,8,-9900,?,9,-9900,?,9,0.05,99.0,E,8
04/27/2019,24:00,0.0,1347.796,0.0,1,8,0.0,1,8,0.0,1,8,0.0,1,8,0.0,1,8,0.0,1,8,-0.0,1,8,-9900,?,9,-9900,?,9,23.06,E,8,21.3,E,8,92.0,E,8,1008.6016999999999,E,8,999.0,E,8,1.69,E,8,-9900,?,9,-9900,?,9,0.015,E,8,-9900,?,9,-9900,?,9,0.15,99.0,E,8
04/28/2019,01:00,0.0,1347.796,0.0,1,8,0.0,1,8,0.0,1,8,0.0,1,8,0.0,1,8,0.0,1,8,-0.0,1,8,-9900,?,9,-9900,?,9,22.86,E,8,21.21,E,8,92.0,E,8,1008.6016999999999,E,8,999.0,E,8,1.69,E,8,-9900,?,9,-9900,?,9,0.003,E,8,-9900,?,9,-9900,?,9,0.03,99.0,E,8
04/28/2019,02:00,0.0,1347.796,0.0,1,8,0.0,1,8,0.0,1,8,0.0,1,8,0.0,1,8,0.0,1,8,-0.0,1,8,-9900,?,9,-9900,?,9,22.65,E,8,21.11,E,8,93.0,E,8,1008.6016999999999,E,8,999.0,E,8,1.69,E,8,-9900,?,9,-9900,?,9,0.002,E,8,-9900,?,9,-9900,?,9,0.02,99.0,E,8
04/28/2019,03:00,0.0,1347.796,0.0,1,8,0.0,1,8,0.0,1,8,0.0,1,8,0.0,1,8,0.0,1,8,-0.0,1,8,-9900,?,9,-9900,?,9,22.45,E,8,21.02,E,8,89.0,E,8,1008.6016999999999,E,8,999.0,E,8,1.69,E,8,-9900,?,9,-9900,?,9,0.0,E,8,-9900,?,9,-9900,?,9,0.0,0.0,E,8
04/28/2019,04:00,0.0,1347.077,0.0,1,8,0.0,1,8,0.0,1,8,0.0,1,8,0.0,1,8,0.0,1,8,-0.0,1,8,-9900,?,9,-9900,?,9,22.24,E,8,20.92,E,8,94.0,E,8,1008.6016999999999,E,8,999.0,E,8,1.69,E,8,-9900,?,9,-9900,?,9,0.001,E,8,-9900,?,9,-9900,?,9,0.01,99.0,E,8
04/28/2019,05:00,0.0,1347.077,0.0,1,8,0.0,1,8,0.0,1,8,0.0,1,8,0.0,1,8,0.0,1,8,-0.0,1,8,-9900,?,9,-9900,?,9,22.03,E,8,20.82,E,8,90.0,E,8,1008.6016999999999,E,8,999.0,E,8,1.69,E,8,-9900,?,9,-9900,?,9,0.0,E,8,-9900,?,9,-9900,?,9,0.0,0.0,E,8
04/28/2019,06:00,0.0,1347.077,0.0,1,8,0.0,1,8,0.0,1,8,0.0,1,8,0.0,1,8,0.0,1,8,-0.0,1,8,-9900,?,9,-9900,?,9,21.87,E,8,20.74,E,8,90.0,E,8,1008.6016999999999,E,8,999.0,E,8,1.69,E,8,-9900,?,9,-9900,?,9,0.0,E,8,-9900,?,9,-9900,?,9,0.0,0.0,E,8
04/28/2019,07:00,126.943,1347.077,0.0,1,8,0.0,1,8,0.0,1,8,0.0,1,8,0.0,1,8,0.0,1,8,0.0,1,8,-9900,?,9,-9900,?,9,21.74,E,8,20.68,E,8,91.0,E,8,1008.6016999999999,E,8,999.0,E,8,1.69,E,8,-9900,?,9,-9900,?,9,0.0,E,8,-9900,?,9,-9900,?,9,0.0,0.0,E,8
04/28/2019,08:00,425.361,1347.077,97.19,1,8,0.0,1,8,97.19,1,8,11662.8,1,8,0.0,1,8,10690.9,1,8,98.229,1,8,-9900,?,9,-9900,?,9,21.6,E,8,20.61,E,8,91.0,E,8,1008.6016999999999,E,8,999.0,E,8,1.69,E,8,-9900,?,9,-9900,?,9,0.0,E,8,-9900,?,9,-9900,?,9,0.0,0.0,E,8
04/28/2019,09:00,688.764,1347.077,268.39,1,8,91.653,1,8,221.566,1,8,32206.8,1,8,8707.003,1,8,24372.312,1,8,138.05,1,8,-9900,?,9,-9900,?,9,23.84,E,8,21.65,E,8,86.0,E,8,1008.6016999999999,E,8,999.0,E,8,1.69,E,8,-9900,?,9,-9900,?,9,0.0,E,8,-9900,?,9,-9900,?,9,0.0,0.0,E,8
04/28/2019,10:00,897.489,1347.077,419.69,1,8,135.784,1,8,329.257,1,8,50362.8,1,8,12899.512,1,8,36218.277,1,8,157.365,1,8,-9900,?,9,-9900,?,9,24.8,E,8,22.08,E,8,83.0,E,8,1008.6016999999999,E,8,999.0,E,8,1.69,E,8,-9900,?,9,-9900,?,9,0.0,E,8,-9900,?,9,-9900,?,9,0.0,0.0,E,8
04/28/2019,11:00,1037.106,1347.077,532.77,1,8,169.812,1,8,402.059,1,8,63932.4,1,8,16132.157,1,8,44226.498,1,8,166.264,1,8,-9900,?,9,-9900,?,9,25.63,E,8,22.44,E,8,81.0,E,8,1008.6016999999999,E,8,999.0,E,8,1.94,E,8,-9900,?,9,-9900,?,9,0.0,E,8,-9900,?,9,-9900,?,9,0.0,0.0,E,8
04/28/2019,12:00,1098.045,1347.077,598.18,1,8,203.582,1,8,432.259,1,8,71781.6,1,8,19340.281,1,8,47548.438,1,8,168.822,1,8,-9900,?,9,-9900,?,9,26.29,E,8,22.73,E,8,80.0,E,8,1008.6016999999999,E,8,999.0,E,8,2.75,E,8,-9900,?,9,-9900,?,9,0.0,E,8,-9900,?,9,-9900,?,9,0.0,0.0,E,8
04/28/2019,13:00,1076.14,1347.077,610.93,1,8,330.526,1,8,346.926,1,8,73311.6,1,8,31399.999,1,8,38161.9,1,8,138.256,1,8,-9900,?,9,-9900,?,9,26.75,E,8,22.92,E,8,79.0,E,8,1008.6016999999999,E,8,999.0,E,8,3.09,E,8,-9900,?,9,-9900,?,9,0.0,E,8,-9900,?,9,-9900,?,9,0.0,0.0,E,8
04/28/2019,14:00,972.89,1347.077,570.07,1,8,393.858,1,8,285.693,1,8,68408.4,1,8,37416.512,1,8,31426.282,1,8,125.949,1,8,-9900,?,9,-9900,?,9,27.01,E,8,23.03,E,8,78.0,E,8,1008.6016999999999,E,8,999.0,E,8,2.47,E,8,-9900,?,9,-9900,?,9,0.0,E,8,-9900,?,9,-9900,?,9,0.0,0.0,E,8
04/28/2019,15:00,795.366,1347.077,478.67,1,8,472.308,1,8,199.954,1,8,57440.4,1,8,44869.221,1,8,21994.982,1,8,107.856,1,8,-9900,?,9,-9900,?,9,27.07,E,8,23.05,E,8,78.0,E,8,1008.6016999999999,E,8,999.0,E,8,2.87,E,8,-9900,?,9,-9900,?,9,0.0,E,8,-9900,?,9,-9900,?,9,0.0,0.0,E,8
04/28/2019,16:00,555.772,1347.077,343.95,1,8,540.622,1,8,121.219,1,8,41274.0,1,8,51359.045,1,8,13334.096,1,8,93.656,1,8,-9900,?,9,-9900,?,9,26.83,E,8,22.95,E,8,79.0,E,8,1008.6016999999999,E,8,999.0,E,8,2.69,E,8,-9900,?,9,-9900,?,9,0.0,E,8,-9900,?,9,-9900,?,9,0.0,0.0,E,8
04/28/2019,17:00,270.956,1347.077,178.68,1,8,409.189,1,8,96.925,1,8,21441.6,1,8,38872.989,1,8,10661.724,1,8,154.416,1,8,-9900,?,9,-9900,?,9,26.29,E,8,22.73,E,8,80.0,E,8,1008.6016999999999,E,8,999.0,E,8,2.33,E,8,-9900,?,9,-9900,?,9,0.0,E,8,-9900,?,9,-9900,?,9,0.0,0.0,E,8
04/28/2019,18:00,0.0,1347.077,19.9,1,8,0.0,1,8,0.0,1,8,2388.0,1,8,0.0,1,8,0.0,1,8,-0.0,1,8,-9900,?,9,-9900,?,9,25.56,E,8,22.41,E,8,90.0,E,8,1008.6016999999999,E,8,999.0,E,8,2.26,E,8,-9900,?,9,-9900,?,9,0.267,E,8,-9900,?,9,-9900,?,9,2.67,99.0,E,8
04/28/2019,19:00,0.0,1347.077,0.0,1,8,0.0,1,8,0.0,1,8,0.0,1,8,0.0,1,8,0.0,1,8,-0.0,1,8,-9900,?,9,-9900,?,9,25.13,E,8,22.23,E,8,87.0,E,8,1008.6016999999999,E,8,999.0,E,8,1.69,E,8,-9900,?,9,-9900,?,9,0.004,E,8,-9900,?,9,-9900,?,9,0.04,99.0,E,8
04/28/2019,20:00,0.0,1347.077,0.0,1,8,0.0,1,8,0.0,1,8,0.0,1,8,0.0,1,8,0.0,1,8,-0.0,1,8,-9900,?,9,-9900,?,9,24.7,E,8,22.04,E,8,84.0,E,8,1008.6016999999999,E,8,999.0,E,8,1.69,E,8,-9900,?,9,-9900,?,9,0.0,E,8,-9900,?,9,-9900,?,9,0.0,0.0,E,8
04/28/2019,21:00,0.0,1347.077,0.0,1,8,0.0,1,8,0.0,1,8,0.0,1,8,0.0,1,8,0.0,1,8,-0.0,1,8,-9900,?,9,-9900,?,9,24.28,E,8,21.85,E,8,85.0,E,8,1008.6016999999999,E,8,999.0,E,8,1.69,E,8,-9900,?,9,-9900,?,9,0.0,E,8,-9900,?,9,-9900,?,9,0.0,0.0,E,8
04/28/2019,22:00,0.0,1347.077,0.0,1,8,0.0,1,8,0.0,1,8,0.0,1,8,0.0,1,8,0.0,1,8,-0.0,1,8,-9900,?,9,-9900,?,9,23.85,E,8,21.66,E,8,86.0,E,8,1008.6016999999999,E,8,999.0,E,8,1.69,E,8,-9900,?,9,-9900,?,9,0.0,E,8,-9900,?,9,-9900,?,9,0.0,0.0,E,8
04/28/2019,23:00,0.0,1347.077,0.0,1,8,0.0,1,8,0.0,1,8,0.0,1,8,0.0,1,8,0.0,1,8,-0.0,1,8,-9900,?,9,-9900,?,9,23.42,E,8,21.46,E,8,91.0,E,8,1008.6016999999999,E,8,999.0,E,8,1.69,E,8,-9900,?,9,-9900,?,9,0.008,E,8,-9900,?,9,-9900,?,9,0.08,99.0,E,8
04/28/2019,24:00,0.0,1347.077,0.0,1,8,0.0,1,8,0.0,1,8,0.0,1,8,0.0,1,8,0.0,1,8,-0.0,1,8,-9900,?,9,-9900,?,9,22.99,E,8,21.29,E,8,89.0,E,8,1008.6016999999999,E,8,999.0,E,8,1.25,E,8,-9900,?,9,-9900,?,9,0.002,E,8,-9900,?,9,-9900,?,9,0.02,99.0,E,8
04/29/2019,01:00,0.0,1347.077,0.0,1,8,0.0,1,8,0.0,1,8,0.0,1,8,0.0,1,8,0.0,1,8,-0.0,1,8,-9900,?,9,-9900,?,9,22.78,E,8,21.17,E,8,90.0,E,8,1008.6016999999999,E,8,999.0,E,8,1.25,E,8,-9900,?,9,-9900,?,9,0.004,E,8,-9900,?,9,-9900,?,9,0.04,99.0,E,8
04/29/2019,02:00,0.0,1347.077,0.0,1,8,0.0,1,8,0.0,1,8,0.0,1,8,0.0,1,8,0.0,1,8,-0.0,1,8,-9900,?,9,-9900,?,9,22.56,E,8,21.05,E,8,93.0,E,8,1008.6016999999999,E,8,999.0,E,8,1.25,E,8,-9900,?,9,-9900,?,9,0.267,E,8,-9900,?,9,-9900,?,9,2.67,99.0,E,8
04/29/2019,03:00,0.0,1347.077,0.0,1,8,0.0,1,8,0.0,1,8,0.0,1,8,0.0,1,8,0.0,1,8,-0.0,1,8,-9900,?,9,-9900,?,9,22.35,E,8,20.94,E,8,87.0,E,8,1008.6016999999999,E,8,999.0,E,8,1.25,E,8,-9900,?,9,-9900,?,9,0.0,E,8,-9900,?,9,-9900,?,9,0.0,0.0,E,8
04/29/2019,04:00,0.0,1346.364,0.0,1,8,0.0,1,8,0.0,1,8,0.0,1,8,0.0,1,8,0.0,1,8,-0.0,1,8,-9900,?,9,-9900,?,9,22.13,E,8,20.82,E,8,91.0,E,8,1008.6016999999999,E,8,999.0,E,8,1.25,E,8,-9900,?,9,-9900,?,9,0.008,E,8,-9900,?,9,-9900,?,9,0.08,99.0,E,8
04/29/2019,05:00,0.0,1346.364,0.0,1,8,0.0,1,8,0.0,1,8,0.0,1,8,0.0,1,8,0.0,1,8,-0.0,1,8,-9900,?,9,-9900,?,9,21.92,E,8,20.7,E,8,88.0,E,8,1008.6016999999999,E,8,999.0,E,8,1.25,E,8,-9900,?,9,-9900,?,9,0.0,E,8,-9900,?,9,-9900,?,9,0.0,0.0,E,8
04/29/2019,06:00,0.0,1346.364,0.0,1,8,0.0,1,8,0.0,1,8,0.0,1,8,0.0,1,8,0.0,1,8,-0.0,1,8,-9900,?,9,-9900,?,9,21.75,E,8,20.61,E,8,88.0,E,8,1008.6016999999999,E,8,999.0,E,8,1.25,E,8,-9900,?,9,-9900,?,9,0.0,E,8,-9900,?,9,-9900,?,9,0.0,0.0,E,8
04/29/2019,07:00,124.769,1346.364,0.0,1,8,0.0,1,8,0.0,1,8,0.0,1,8,0.0,1,8,0.0,1,8,0.0,1,8,-9900,?,9,-9900,?,9,21.61,E,8,20.53,E,8,88.0,E,8,1008.6016999999999,E,8,999.0,E,8,1.25,E,8,-9900,?,9,-9900,?,9,0.0,E,8,-9900,?,9,-9900,?,9,0.0,0.0,E,8
04/29/2019,08:00,422.504,1346.364,92.25,1,8,0.0,1,8,92.25,1,8,11070.0,1,8,0.0,1,8,10147.5,1,8,93.821,1,8,-9900,?,9,-9900,?,9,21.47,E,8,20.45,E,8,89.0,E,8,1008.6016999999999,E,8,999.0,E,8,1.25,E,8,-9900,?,9,-9900,?,9,0.0,E,8,-9900,?,9,-9900,?,9,0.0,0.0,E,8
04/29/2019,09:00,685.286,1346.364,256.19,1,8,76.715,1,8,217.176,1,8,30742.8,1,8,7287.887,1,8,23889.327,1,8,135.93,1,8,-9900,?,9,-9900,?,9,23.72,E,8,21.67,E,8,85.0,E,8,1008.6016999999999,E,8,999.0,E,8,1.25,E,8,-9900,?,9,-9900,?,9,0.0,E,8,-9900,?,9,-9900,?,9,0.0,0.0,E,8
04/29/2019,10:00,893.458,1346.364,401.11,1,8,115.834,1,8,324.271,1,8,48133.2,1,8,11004.201,1,8,35669.756,1,8,155.599,1,8,-9900,?,9,-9900,?,9,24.69,E,8,22.17,E,8,83.0,E,8,1008.6016999999999,E,8,999.0,E,8,1.25,E,8,-9900,?,9,-9900,?,9,0.0,E,8,-9900,?,9,-9900,?,9,0.0,0.0,E,8
04/29/2019,11:00,1032.627,1346.364,509.38,1,8,145.379,1,8,397.901,1,8,61125.6,1,8,13810.988,1,8,43769.119,1,8,165.171,1,8,-9900,?,9,-9900,?,9,25.53,E,8,22.59,E,8,82.0,E,8,1008.6016999999999,E,8,999.0,E,8,1.71,E,8,-9900,?,9,-9900,?,9,0.0,E,8,-9900,?,9,-9900,?,9,0.0,0.0,E,8
04/29/2019,12:00,1093.254,1346.364,571.95,1,8,174.653,1,8,430.152,1,8,68634.0,1,8,16592.066,1,8,47316.747,1,8,168.647,1,8,-9900,?,9,-9900,?,9,26.19,E,8,22.92,E,8,81.0,E,8,1008.6016999999999,E,8,999.0,E,8,2.58,E,8,-9900,?,9,-9900,?,9,0.0,E,8,-9900,?,9,-9900,?,9,0.0,0.0,E,8
04/29/2019,13:00,1071.192,1346.364,584.04,1,8,207.913,1,8,418.649,1,8,70084.8,1,8,19751.741,1,8,46051.356,1,8,167.521,1,8,-9900,?,9,-9900,?,9,26.66,E,8,23.14,E,8,80.0,E,8,1008.6016999999999,E,8,999.0,E,8,2.87,E,8,-9900,?,9,-9900,?,9,0.0,E,8,-9900,?,9,-9900,?,9,0.0,0.0,E,8
04/29/2019,14:00,967.954,1346.364,544.77,1,8,340.89,1,8,299.758,1,8,65372.4,1,8,32384.568,1,8,32973.374,1,8,132.754,1,8,-9900,?,9,-9900,?,9,26.92,E,8,23.27,E,8,80.0,E,8,1008.6016999999999,E,8,999.0,E,8,3.87,E,8,-9900,?,9,-9900,?,9,0.0,E,8,-9900,?,9,-9900,?,9,0.0,0.0,E,8
04/29/2019,15:00,790.61,1346.364,457.07,1,8,416.638,1,8,212.549,1,8,54848.4,1,8,39580.618,1,8,23380.369,1,8,115.279,1,8,-9900,?,9,-9900,?,9,26.97,E,8,23.29,E,8,80.0,E,8,1008.6016999999999,E,8,999.0,E,8,4.77,E,8,-9900,?,9,-9900,?,9,0.0,E,8,-9900,?,9,-9900,?,9,0.0,0.0,E,8
04/29/2019,16:00,551.353,1346.364,327.87,1,8,524.391,1,8,113.436,1,8,39344.4,1,8,49817.159,1,8,12477.954,1,8,88.3,1,8,-9900,?,9,-9900,?,9,26.73,E,8,23.18,E,8,80.0,E,8,1008.6016999999999,E,8,999.0,E,8,4.53,E,8,-9900,?,9,-9900,?,9,0.0,E,8,-9900,?,9,-9900,?,9,0.0,0.0,E,8
04/29/2019,17:00,267.018,1346.364,169.48,1,8,402.475,1,8,90.208,1,8,20337.6,1,8,38235.104,1,8,9922.919,1,8,145.787,1,8,-9900,?,9,-9900,?,9,26.19,E,8,22.92,E,8,81.0,E,8,1008.6016999999999,E,8,999.0,E,8,4.09,E,8,-9900,?,9,-9900,?,9,0.0,E,8,-9900,?,9,-9900,?,9,0.0,0.0,E,8
04/29/2019,18:00,0.0,1346.364,18.0,1,8,0.0,1,8,0.0,1,8,2160.0,1,8,0.0,1,8,0.0,1,8,-0.0,1,8,-9900,?,9,-9900,?,9,25.7,E,8,22.68,E,8,82.0,E,8,1008.6016999999999,E,8,999.0,E,8,2.81,E,8,-9900,?,9,-9900,?,9,0.0,E,8,-9900,?,9,-9900,?,9,0.0,0.0,E,8
04/29/2019,19:00,0.0,1346.364,0.0,1,8,0.0,1,8,0.0,1,8,0.0,1,8,0.0,1,8,0.0,1,8,-0.0,1,8,-9900,?,9,-9900,?,9,25.21,E,8,22.43,E,8,83.0,E,8,1008.6016999999999,E,8,999.0,E,8,1.47,E,8,-9900,?,9,-9900,?,9,0.0,E,8,-9900,?,9,-9900,?,9,0.0,0.0,E,8
04/29/2019,20:00,0.0,1346.364,0.0,1,8,0.0,1,8,0.0,1,8,0.0,1,8,0.0,1,8,0.0,1,8,-0.0,1,8,-9900,?,9,-9900,?,9,24.73,E,8,22.19,E,8,83.0,E,8,1008.6016999999999,E,8,999.0,E,8,1.25,E,8,-9900,?,9,-9900,?,9,0.0,E,8,-9900,?,9,-9900,?,9,0.0,0.0,E,8
04/29/2019,21:00,0.0,1346.364,0.0,1,8,0.0,1,8,0.0,1,8,0.0,1,8,0.0,1,8,0.0,1,8,-0.0,1,8,-9900,?,9,-9900,?,9,24.24,E,8,21.94,E,8,87.0,E,8,1008.6016999999999,E,8,999.0,E,8,1.25,E,8,-9900,?,9,-9900,?,9,0.003,E,8,-9900,?,9,-9900,?,9,0.03,99.0,E,8
04/29/2019,22:00,0.0,1346.364,0.0,1,8,0.0,1,8,0.0,1,8,0.0,1,8,0.0,1,8,0.0,1,8,-0.0,1,8,-9900,?,9,-9900,?,9,23.75,E,8,21.69,E,8,88.0,E,8,1008.6016999999999,E,8,999.0,E,8,1.25,E,8,-9900,?,9,-9900,?,9,0.001,E,8,-9900,?,9,-9900,?,9,0.01,99.0,E,8
04/29/2019,23:00,0.0,1346.364,0.0,1,8,0.0,1,8,0.0,1,8,0.0,1,8,0.0,1,8,0.0,1,8,-0.0,1,8,-9900,?,9,-9900,?,9,23.26,E,8,21.43,E,8,89.0,E,8,1008.6016999999999,E,8,999.0,E,8,1.25,E,8,-9900,?,9,-9900,?,9,0.015,E,8,-9900,?,9,-9900,?,9,0.15,99.0,E,8
04/29/2019,24:00,0.0,1346.364,0.0,1,8,0.0,1,8,0.0,1,8,0.0,1,8,0.0,1,8,0.0,1,8,-0.0,1,8,-9900,?,9,-9900,?,9,22.77,E,8,20.52,E,8,87.0,E,8,1008.6016999999999,E,8,999.0,E,8,1.29,E,8,-9900,?,9,-9900,?,9,0.0,E,8,-9900,?,9,-9900,?,9,0.0,0.0,E,8
04/30/2019,01:00,0.0,1346.364,0.0,1,8,0.0,1,8,0.0,1,8,0.0,1,8,0.0,1,8,0.0,1,8,-0.0,1,8,-9900,?,9,-9900,?,9,22.53,E,8,20.45,E,8,88.0,E,8,1008.6016999999999,E,8,999.0,E,8,1.29,E,8,-9900,?,9,-9900,?,9,0.0,E,8,-9900,?,9,-9900,?,9,0.0,0.0,E,8
04/30/2019,02:00,0.0,1346.364,0.0,1,8,0.0,1,8,0.0,1,8,0.0,1,8,0.0,1,8,0.0,1,8,-0.0,1,8,-9900,?,9,-9900,?,9,22.29,E,8,20.38,E,8,88.0,E,8,1008.6016999999999,E,8,999.0,E,8,1.29,E,8,-9900,?,9,-9900,?,9,0.0,E,8,-9900,?,9,-9900,?,9,0.0,0.0,E,8
04/30/2019,03:00,0.0,1346.364,0.0,1,8,0.0,1,8,0.0,1,8,0.0,1,8,0.0,1,8,0.0,1,8,-0.0,1,8,-9900,?,9,-9900,?,9,22.04,E,8,20.31,E,8,89.0,E,8,1008.6016999999999,E,8,999.0,E,8,1.29,E,8,-9900,?,9,-9900,?,9,0.0,E,8,-9900,?,9,-9900,?,9,0.0,0.0,E,8
04/30/2019,04:00,0.0,1345.658,0.0,1,8,0.0,1,8,0.0,1,8,0.0,1,8,0.0,1,8,0.0,1,8,-0.0,1,8,-9900,?,9,-9900,?,9,21.8,E,8,20.24,E,8,90.0,E,8,1008.6016999999999,E,8,999.0,E,8,1.29,E,8,-9900,?,9,-9900,?,9,0.0,E,8,-9900,?,9,-9900,?,9,0.0,0.0,E,8
04/30/2019,05:00,0.0,1345.658,0.0,1,8,0.0,1,8,0.0,1,8,0.0,1,8,0.0,1,8,0.0,1,8,-0.0,1,8,-9900,?,9,-9900,?,9,21.56,E,8,20.17,E,8,91.0,E,8,1008.6016999999999,E,8,999.0,E,8,1.29,E,8,-9900,?,9,-9900,?,9,0.0,E,8,-9900,?,9,-9900,?,9,0.0,0.0,E,8
04/30/2019,06:00,0.0,1345.658,0.0,1,8,0.0,1,8,0.0,1,8,0.0,1,8,0.0,1,8,0.0,1,8,-0.0,1,8,-9900,?,9,-9900,?,9,21.37,E,8,20.11,E,8,92.0,E,8,1008.6016999999999,E,8,999.0,E,8,1.29,E,8,-9900,?,9,-9900,?,9,0.0,E,8,-9900,?,9,-9900,?,9,0.0,0.0,E,8
04/30/2019,07:00,122.585,1345.658,0.0,1,8,0.0,1,8,0.0,1,8,0.0,1,8,0.0,1,8,0.0,1,8,0.0,1,8,-9900,?,9,-9900,?,9,21.21,E,8,20.07,E,8,93.0,E,8,1008.6016999999999,E,8,999.0,E,8,1.29,E,8,-9900,?,9,-9900,?,9,0.0,E,8,-9900,?,9,-9900,?,9,0.0,0.0,E,8
04/30/2019,08:00,419.638,1345.658,119.96,1,8,41.391,1,8,107.087,1,8,14395.2,1,8,3932.098,1,8,11779.587,1,8,109.601,1,8,-9900,?,9,-9900,?,9,21.04,E,8,20.02,E,8,93.0,E,8,1008.6016999999999,E,8,999.0,E,8,1.29,E,8,-9900,?,9,-9900,?,9,0.0,E,8,-9900,?,9,-9900,?,9,0.0,0.0,E,8
04/30/2019,09:00,681.803,1345.658,340.53,1,8,246.345,1,8,215.82,1,8,40863.6,1,8,23402.806,1,8,23740.215,1,8,135.702,1,8,-9900,?,9,-9900,?,9,23.59,E,8,20.75,E,8,84.0,E,8,1008.6016999999999,E,8,999.0,E,8,1.29,E,8,-9900,?,9,-9900,?,9,0.0,E,8,-9900,?,9,-9900,?,9,0.0,0.0,E,8
04/30/2019,10:00,889.431,1345.658,533.71,1,8,440.858,1,8,242.429,1,8,64045.2,1,8,41881.532,1,8,26667.186,1,8,116.794,1,8,-9900,?,9,-9900,?,9,24.7,E,8,21.06,E,8,80.0,E,8,1008.6016999999999,E,8,999.0,E,8,1.29,E,8,-9900,?,9,-9900,?,9,0.0,E,8,-9900,?,9,-9900,?,9,0.0,0.0,E,8
04/30/2019,11:00,1028.163,1345.658,676.89,1,8,574.7,1,8,237.877,1,8,81226.8,1,8,54596.5,1,8,26166.451,1,8,99.121,1,8,-9900,?,9,-9900,?,9,25.66,E,8,21.32,E,8,76.0,E,8,1008.6016999999999,E,8,999.0,E,8,1.41,E,8,-9900,?,9,-9900,?,9,0.0,E,8,-9900,?,9,-9900,?,9,0.0,0.0,E,8
04/30/2019,12:00,1088.49,1345.658,767.74,1,8,666.621,1,8,228.6,1,8,92128.8,1,8,63328.995,1,8,25146.039,1,8,89.971,1,8,-9900,?,9,-9900,?,9,26.43,E,8,21.53,E,8,74.0,E,8,1008.6016999999999,E,8,999.0,E,8,2.17,E,8,-9900,?,9,-9900,?,9,0.0,E,8,-9900,?,9,-9900,?,9,0.0,0.0,E,8
04/30/2019,13:00,1066.286,1345.658,800.33,1,8,837.998,1,8,136.425,1,8,96039.6,1,8,79609.775,1,8,15006.711,1,8,54.812,1,8,-9900,?,9,-9900,?,9,27.0,E,8,21.68,E,8,72.0,E,8,1008.6016999999999,E,8,999.0,E,8,3.01,E,8,-9900,?,9,-9900,?,9,0.0,E,8,-9900,?,9,-9900,?,9,0.0,0.0,E,8
04/30/2019,14:00,963.073,1345.658,745.84,1,8,769.438,1,8,195.316,1,8,89500.8,1,8,73096.566,1,8,21484.75,1,8,86.893,1,8,-9900,?,9,-9900,?,9,27.33,E,8,21.77,E,8,71.0,E,8,1008.6016999999999,E,8,999.0,E,8,3.58,E,8,-9900,?,9,-9900,?,9,0.0,E,8,-9900,?,9,-9900,?,9,0.0,0.0,E,8
04/30/2019,15:00,785.92,1345.658,619.99,1,8,781.585,1,8,163.77,1,8,74398.8,1,8,74250.619,1,8,18014.742,1,8,89.308,1,8,-9900,?,9,-9900,?,9,27.4,E,8,21.79,E,8,71.0,E,8,1008.6016999999999,E,8,999.0,E,8,4.17,E,8,-9900,?,9,-9900,?,9,0.0,E,8,-9900,?,9,-9900,?,9,0.0,0.0,E,8
04/30/2019,16:00,547.009,1345.658,440.85,1,8,726.318,1,8,146.037,1,8,52902.0,1,8,69000.187,1,8,16064.064,1,8,114.523,1,8,-9900,?,9,-9900,?,9,27.12,E,8,21.71,E,8,72.0,E,8,1008.6016999999999,E,8,999.0,E,8,4.52,E,8,-9900,?,9,-9900,?,9,0.0,E,8,-9900,?,9,-9900,?,9,0.0,0.0,E,8
04/30/2019,17:00,263.164,1345.658,228.03,1,8,522.191,1,8,126.63,1,8,27363.6,1,8,49608.137,1,8,13929.34,1,8,207.578,1,8,-9900,?,9,-9900,?,9,26.49,E,8,21.54,E,8,74.0,E,8,1008.6016999999999,E,8,999.0,E,8,3.64,E,8,-9900,?,9,-9900,?,9,0.0,E,8,-9900,?,9,-9900,?,9,0.0,0.0,E,8
04/30/2019,18:00,0.0,1345.658,138.57,1,8,0.0,1,8,0.0,1,8,16628.4,1,8,0.0,1,8,0.0,1,8,-0.0,1,8,-9900,?,9,-9900,?,9,25.972,E,8,21.402,E,8,75.6,E,8,1008.6016999999999,E,8,999.0,E,8,3.012,E,8,-9900,?,9,-9900,?,9,0.0,E,8,-9900,?,9,-9900,?,9,0.0,0.0,E,8
04/30/2019,19:00,0.0,1345.658,50.4,1,8,0.0,1,8,0.0,1,8,6048.0,1,8,0.0,1,8,0.0,1,8,-0.0,1,8,-9900,?,9,-9900,?,9,25.416,E,8,21.252,E,8,77.4,E,8,1008.6016999999999,E,8,999.0,E,8,2.366,E,8,-9900,?,9,-9900,?,9,0.0,E,8,-9900,?,9,-9900,?,9,0.0,0.0,E,8
04/30/2019,20:00,0.0,1345.658,4.794,1,8,0.0,1,8,0.0,1,8,575.28,1,8,0.0,1,8,0.0,1,8,-0.0,1,8,-9900,?,9,-9900,?,9,24.88,E,8,21.106,E,8,79.2,E,8,1008.6016999999999,E,8,999.0,E,8,1.896,E,8,-9900,?,9,-9900,?,9,0.0,E,8,-9900,?,9,-9900,?,9,0.0,0.0,E,8
04/30/2019,21:00,0.0,1345.658,0.0,1,8,0.0,1,8,0.0,1,8,0.0,1,8,0.0,1,8,0.0,1,8,-0.0,1,8,-9900,?,9,-9900,?,9,24.344,E,8,20.958,E,8,81.0,E,8,1008.6016999999999,E,8,999.0,E,8,1.556,E,8,-9900,?,9,-9900,?,9,0.0,E,8,-9900,?,9,-9900,?,9,0.0,0.0,E,8
04/30/2019,22:00,0.0,1345.658,0.0,1,8,0.0,1,8,0.0,1,8,0.0,1,8,0.0,1,8,0.0,1,8,-0.0,1,8,-9900,?,9,-9900,?,9,23.742,E,8,20.724,E,8,82.4,E,8,1008.6016999999999,E,8,999.0,E,8,1.338,E,8,-9900,?,9,-9900,?,9,0.0002,E,8,-9900,?,9,-9900,?,9,0.002,99.0,E,8
04/30/2019,23:00,0.0,1345.658,0.0,1,8,0.0,1,8,0.0,1,8,0.0,1,8,0.0,1,8,0.0,1,8,-0.0,1,8,-9900,?,9,-9900,?,9,23.208,E,8,20.52,E,8,83.6,E,8,1008.6016999999999,E,8,999.0,E,8,1.278,E,8,-9900,?,9,-9900,?,9,0.0014,E,8,-9900,?,9,-9900,?,9,0.014,99.0,E,8
04/30/2015,24:00,0.0,1345.658,0.0,1,8,0.0,1,8,0.0,1,8,0.0,1,8,0.0,1,8,0.0,1,8,-0.0,1,8,-9900,?,9,-9900,?,9,22.742,E,8,20.346,E,8,84.4,E,8,1008.6016999999999,E,8,999.0,E,8,1.272,E,8,-9900,?,9,-9900,?,9,0.0032,E,8,-9900,?,9,-9900,?,9,0.032,99.0,E,8
05/01/2015,01:00,0.0,1345.658,0.0,1,8,0.0,1,8,0.0,1,8,0.0,1,8,0.0,1,8,0.0,1,8,-0.0,1,8,-9900,?,9,-9900,?,9,22.342,E,8,20.202,E,8,85.0,E,8,1008.6016999999999,E,8,999.0,E,8,1.266,E,8,-9900,?,9,-9900,?,9,0.0038,E,8,-9900,?,9,-9900,?,9,0.038,99.0,E,8
05/01/2015,02:00,0.0,1345.658,0.0,1,8,0.0,1,8,0.0,1,8,0.0,1,8,0.0,1,8,0.0,1,8,-0.0,1,8,-9900,?,9,-9900,?,9,22.008,E,8,20.09,E,8,86.8,E,8,1008.6016999999999,E,8,999.0,E,8,1.26,E,8,-9900,?,9,-9900,?,9,0.2056,E,8,-9900,?,9,-9900,?,9,2.056,99.0,E,8
05/01/2015,03:00,0.0,1345.658,0.0,1,8,0.0,1,8,0.0,1,8,0.0,1,8,0.0,1,8,0.0,1,8,-0.0,1,8,-9900,?,9,-9900,?,9,21.806,E,8,20.094,E,8,87.6,E,8,1008.6016999999999,E,8,999.0,E,8,1.26,E,8,-9900,?,9,-9900,?,9,0.21960000000000002,E,8,-9900,?,9,-9900,?,9,2.196,99.0,E,8
05/01/2015,04:00,0.0,1344.958,0.0,1,8,0.0,1,8,0.0,1,8,0.0,1,8,0.0,1,8,0.0,1,8,-0.0,1,8,-9900,?,9,-9900,?,9,21.614,E,8,20.096,E,8,88.2,E,8,1008.6016999999999,E,8,999.0,E,8,1.26,E,8,-9900,?,9,-9900,?,9,0.2262,E,8,-9900,?,9,-9900,?,9,2.262,99.0,E,8
05/01/2015,05:00,0.0,1344.958,0.0,1,8,0.0,1,8,0.0,1,8,0.0,1,8,0.0,1,8,0.0,1,8,-0.0,1,8,-9900,?,9,-9900,?,9,21.434,E,8,20.098,E,8,89.0,E,8,1008.6016999999999,E,8,999.0,E,8,1.26,E,8,-9900,?,9,-9900,?,9,0.22959999999999997,E,8,-9900,?,9,-9900,?,9,2.296,99.0,E,8
05/01/2015,06:00,0.0,1344.958,0.0,1,8,0.0,1,8,0.0,1,8,0.0,1,8,0.0,1,8,0.0,1,8,-0.0,1,8,-9900,?,9,-9900,?,9,21.25,E,8,20.1,E,8,88.0,E,8,1008.6016999999999,E,8,999.0,E,8,1.26,E,8,-9900,?,9,-9900,?,9,0.039,E,8,-9900,?,9,-9900,?,9,0.39,99.0,E,8
05/01/2015,07:00,120.554,1344.958,0.0,1,8,0.0,1,8,0.0,1,8,0.0,1,8,0.0,1,8,0.0,1,8,0.0,1,8,-9900,?,9,-9900,?,9,21.11,E,8,20.1,E,8,89.0,E,8,1008.6016999999999,E,8,999.0,E,8,1.26,E,8,-9900,?,9,-9900,?,9,0.026000000000000002,E,8,-9900,?,9,-9900,?,9,0.26,99.0,E,8
05/01/2015,08:00,416.939,1344.958,69.96,1,8,0.0,1,8,69.96,1,8,8395.2,1,8,0.0,1,8,7695.6,1,8,72.031,1,8,-9900,?,9,-9900,?,9,20.98,E,8,20.11,E,8,90.0,E,8,1008.6016999999999,E,8,999.0,E,8,1.26,E,8,-9900,?,9,-9900,?,9,0.018,E,8,-9900,?,9,-9900,?,9,0.18,99.0,E,8
05/01/2015,09:00,678.496,1344.958,196.48,1,8,26.261,1,8,183.243,1,8,23577.6,1,8,2494.783,1,8,20156.779,1,8,115.721,1,8,-9900,?,9,-9900,?,9,23.46,E,8,20.07,E,8,80.0,E,8,1008.6016999999999,E,8,999.0,E,8,1.26,E,8,-9900,?,9,-9900,?,9,0.013000000000000001,E,8,-9900,?,9,-9900,?,9,0.13,99.0,E,8
05/01/2015,10:00,885.583,1344.958,308.36,1,8,41.956,1,8,280.745,1,8,37003.2,1,8,3985.831,1,8,30881.923,1,8,135.771,1,8,-9900,?,9,-9900,?,9,24.55,E,8,20.05,E,8,73.0,E,8,1008.6016999999999,E,8,999.0,E,8,1.26,E,8,-9900,?,9,-9900,?,9,0.0,E,8,-9900,?,9,-9900,?,9,0.0,0.0,E,8
05/01/2015,11:00,1023.877,1344.958,391.88,1,8,36.34,1,8,364.221,1,8,47025.6,1,8,3452.346,1,8,40064.305,1,8,152.324,1,8,-9900,?,9,-9900,?,9,25.48,E,8,20.03,E,8,70.0,E,8,1008.6016999999999,E,8,999.0,E,8,1.77,E,8,-9900,?,9,-9900,?,9,0.0,E,8,-9900,?,9,-9900,?,9,0.0,0.0,E,8
05/01/2015,12:00,1083.9,1344.958,440.07,1,8,63.777,1,8,388.68,1,8,52808.4,1,8,6058.826,1,8,42754.832,1,8,153.543,1,8,-9900,?,9,-9900,?,9,26.22,E,8,20.02,E,8,67.0,E,8,1008.6016999999999,E,8,999.0,E,8,2.41,E,8,-9900,?,9,-9900,?,9,0.0,E,8,-9900,?,9,-9900,?,9,0.0,0.0,E,8
05/01/2015,13:00,1061.545,1344.958,449.23,1,8,76.799,1,8,388.625,1,8,53907.6,1,8,7295.858,1,8,42748.804,1,8,156.758,1,8,-9900,?,9,-9900,?,9,26.74,E,8,20.01,E,8,66.0,E,8,1008.6016999999999,E,8,999.0,E,8,3.62,E,8,-9900,?,9,-9900,?,9,0.0,E,8,-9900,?,9,-9900,?,9,0.0,0.0,E,8
05/01/2015,14:00,958.345,1344.958,418.7,1,8,78.135,1,8,363.041,1,8,50244.0,1,8,7422.835,1,8,39934.51,1,8,162.225,1,8,-9900,?,9,-9900,?,9,27.04,E,8,20.01,E,8,65.0,E,8,1008.6016999999999,E,8,999.0,E,8,3.63,E,8,-9900,?,9,-9900,?,9,0.0,E,8,-9900,?,9,-9900,?,9,0.0,0.0,E,8
05/01/2015,15:00,781.368,1344.958,350.76,1,8,128.313,1,8,276.258,1,8,42091.2,1,8,12189.746,1,8,30388.377,1,8,151.45,1,8,-9900,?,9,-9900,?,9,27.1,E,8,20.01,E,8,65.0,E,8,1008.6016999999999,E,8,999.0,E,8,4.36,E,8,-9900,?,9,-9900,?,9,0.0,E,8,-9900,?,9,-9900,?,9,0.0,0.0,E,8
05/01/2015,16:00,542.788,1344.958,250.79,1,8,213.934,1,8,164.581,1,8,30094.8,1,8,20323.724,1,8,18103.963,1,8,130.005,1,8,-9900,?,9,-9900,?,9,26.82,E,8,20.01,E,8,69.0,E,8,1008.6016999999999,E,8,999.0,E,8,4.39,E,8,-9900,?,9,-9900,?,9,0.004,E,8,-9900,?,9,-9900,?,9,0.04,99.0,E,8
05/01/2015,17:00,259.416,1344.958,128.37,1,8,407.246,1,8,50.392,1,8,15404.4,1,8,38688.416,1,8,5543.081,1,8,83.771,1,8,-9900,?,9,-9900,?,9,26.22,E,8,20.02,E,8,67.0,E,8,1008.6016999999999,E,8,999.0,E,8,3.66,E,8,-9900,?,9,-9900,?,9,0.0,E,8,-9900,?,9,-9900,?,9,0.0,0.0,E,8
05/01/2015,18:00,0.0,1344.958,12.39,1,8,0.0,1,8,0.0,1,8,1486.8,1,8,0.0,1,8,0.0,1,8,-0.0,1,8,-9900,?,9,-9900,?,9,25.73,E,8,20.03,E,8,69.0,E,8,1008.6016999999999,E,8,999.0,E,8,3.19,E,8,-9900,?,9,-9900,?,9,0.0,E,8,-9900,?,9,-9900,?,9,0.0,0.0,E,8
05/01/2015,19:00,0.0,1344.958,0.0,1,8,0.0,1,8,0.0,1,8,0.0,1,8,0.0,1,8,0.0,1,8,-0.0,1,8,-9900,?,9,-9900,?,9,25.23,E,8,20.04,E,8,70.0,E,8,1008.6016999999999,E,8,999.0,E,8,1.74,E,8,-9900,?,9,-9900,?,9,0.0,E,8,-9900,?,9,-9900,?,9,0.0,0.0,E,8
05/01/2015,20:00,0.0,1344.958,0.0,1,8,0.0,1,8,0.0,1,8,0.0,1,8,0.0,1,8,0.0,1,8,-0.0,1,8,-9900,?,9,-9900,?,9,24.74,E,8,20.05,E,8,72.0,E,8,1008.6016999999999,E,8,999.0,E,8,1.29,E,8,-9900,?,9,-9900,?,9,0.0,E,8,-9900,?,9,-9900,?,9,0.0,0.0,E,8
05/01/2015,21:00,0.0,1344.958,0.0,1,8,0.0,1,8,0.0,1,8,0.0,1,8,0.0,1,8,0.0,1,8,-0.0,1,8,-9900,?,9,-9900,?,9,24.25,E,8,20.05,E,8,74.0,E,8,1008.6016999999999,E,8,999.0,E,8,1.26,E,8,-9900,?,9,-9900,?,9,0.0,E,8,-9900,?,9,-9900,?,9,0.0,0.0,E,8
05/01/2015,22:00,0.0,1344.958,0.0,1,8,0.0,1,8,0.0,1,8,0.0,1,8,0.0,1,8,0.0,1,8,-0.0,1,8,-9900,?,9,-9900,?,9,23.76,E,8,20.06,E,8,75.0,E,8,1008.6016999999999,E,8,999.0,E,8,1.26,E,8,-9900,?,9,-9900,?,9,0.0,E,8,-9900,?,9,-9900,?,9,0.0,0.0,E,8
05/01/2015,23:00,0.0,1344.958,0.0,1,8,0.0,1,8,0.0,1,8,0.0,1,8,0.0,1,8,0.0,1,8,-0.0,1,8,-9900,?,9,-9900,?,9,23.26,E,8,20.07,E,8,81.0,E,8,1008.6016999999999,E,8,999.0,E,8,1.26,E,8,-9900,?,9,-9900,?,9,0.002,E,8,-9900,?,9,-9900,?,9,0.02,99.0,E,8
05/01/2015,24:00,0.0,1344.958,0.0,1,8,0.0,1,8,0.0,1,8,0.0,1,8,0.0,1,8,0.0,1,8,-0.0,1,8,-9900,?,9,-9900,?,9,22.77,E,8,19.1,E,8,83.0,E,8,1008.6016999999999,E,8,999.0,E,8,1.6,E,8,-9900,?,9,-9900,?,9,0.002,E,8,-9900,?,9,-9900,?,9,0.02,99.0,E,8
05/02/2015,01:00,0.0,1344.958,0.0,1,8,0.0,1,8,0.0,1,8,0.0,1,8,0.0,1,8,0.0,1,8,-0.0,1,8,-9900,?,9,-9900,?,9,22.52,E,8,19.13,E,8,80.0,E,8,1008.6016999999999,E,8,999.0,E,8,1.6,E,8,-9900,?,9,-9900,?,9,0.0,E,8,-9900,?,9,-9900,?,9,0.0,0.0,E,8
05/02/2015,02:00,0.0,1344.958,0.0,1,8,0.0,1,8,0.0,1,8,0.0,1,8,0.0,1,8,0.0,1,8,-0.0,1,8,-9900,?,9,-9900,?,9,22.28,E,8,19.15,E,8,81.0,E,8,1008.6016999999999,E,8,999.0,E,8,1.6,E,8,-9900,?,9,-9900,?,9,0.0,E,8,-9900,?,9,-9900,?,9,0.0,0.0,E,8
05/02/2015,03:00,0.0,1344.958,0.0,1,8,0.0,1,8,0.0,1,8,0.0,1,8,0.0,1,8,0.0,1,8,-0.0,1,8,-9900,?,9,-9900,?,9,22.03,E,8,19.18,E,8,87.0,E,8,1008.6016999999999,E,8,999.0,E,8,1.6,E,8,-9900,?,9,-9900,?,9,0.003,E,8,-9900,?,9,-9900,?,9,0.03,99.0,E,8
05/02/2015,04:00,0.0,1344.266,0.0,1,8,0.0,1,8,0.0,1,8,0.0,1,8,0.0,1,8,0.0,1,8,-0.0,1,8,-9900,?,9,-9900,?,9,21.79,E,8,19.2,E,8,89.0,E,8,1008.6016999999999,E,8,999.0,E,8,1.6,E,8,-9900,?,9,-9900,?,9,0.001,E,8,-9900,?,9,-9900,?,9,0.01,99.0,E,8
05/02/2015,05:00,0.0,1344.266,0.0,1,8,0.0,1,8,0.0,1,8,0.0,1,8,0.0,1,8,0.0,1,8,-0.0,1,8,-9900,?,9,-9900,?,9,21.54,E,8,19.23,E,8,85.0,E,8,1008.6016999999999,E,8,999.0,E,8,1.6,E,8,-9900,?,9,-9900,?,9,0.0,E,8,-9900,?,9,-9900,?,9,0.0,0.0,E,8
05/02/2015,06:00,0.0,1344.266,0.0,1,8,0.0,1,8,0.0,1,8,0.0,1,8,0.0,1,8,0.0,1,8,-0.0,1,8,-9900,?,9,-9900,?,9,21.35,E,8,19.25,E,8,86.0,E,8,1008.6016999999999,E,8,999.0,E,8,1.6,E,8,-9900,?,9,-9900,?,9,0.0,E,8,-9900,?,9,-9900,?,9,0.0,0.0,E,8
05/02/2015,07:00,118.363,1344.266,0.0,1,8,0.0,1,8,0.0,1,8,0.0,1,8,0.0,1,8,0.0,1,8,0.0,1,8,-9900,?,9,-9900,?,9,21.19,E,8,19.26,E,8,87.0,E,8,1008.6016999999999,E,8,999.0,E,8,1.6,E,8,-9900,?,9,-9900,?,9,0.0,E,8,-9900,?,9,-9900,?,9,0.0,0.0,E,8
05/02/2015,08:00,414.069,1344.266,71.92,1,8,0.0,1,8,71.92,1,8,8630.4,1,8,0.0,1,8,7911.2,1,8,74.526,1,8,-9900,?,9,-9900,?,9,21.02,E,8,19.28,E,8,88.0,E,8,1008.6016999999999,E,8,999.0,E,8,1.6,E,8,-9900,?,9,-9900,?,9,0.0,E,8,-9900,?,9,-9900,?,9,0.0,0.0,E,8
05/02/2015,09:00,675.021,1344.266,164.8,1,8,2.019,1,8,163.787,1,8,19776.0,1,8,191.832,1,8,18016.559,1,8,103.914,1,8,-9900,?,9,-9900,?,9,22.71,E,8,19.11,E,8,79.0,E,8,1008.6016999999999,E,8,999.0,E,8,1.6,E,8,-9900,?,9,-9900,?,9,0.0,E,8,-9900,?,9,-9900,?,9,0.0,0.0,E,8
05/02/2015,10:00,881.58,1344.266,226.13,1,8,9.891,1,8,219.646,1,8,27135.6,1,8,939.634,1,8,24161.06,1,8,106.651,1,8,-9900,?,9,-9900,?,9,23.22,E,8,19.06,E,8,76.0,E,8,1008.6016999999999,E,8,999.0,E,8,1.6,E,8,-9900,?,9,-9900,?,9,0.0,E,8,-9900,?,9,-9900,?,9,0.0,0.0,E,8
05/02/2015,11:00,1019.457,1344.266,406.01,1,8,76.177,1,8,348.252,1,8,48721.2,1,8,7236.826,1,8,38307.689,1,8,146.202,1,8,-9900,?,9,-9900,?,9,24.11,E,8,18.97,E,8,72.0,E,8,1008.6016999999999,E,8,999.0,E,8,1.6,E,8,-9900,?,9,-9900,?,9,0.0,E,8,-9900,?,9,-9900,?,9,0.0,0.0,E,8
05/02/2015,12:00,1079.201,1344.266,516.05,1,8,174.167,1,8,376.249,1,8,61926.0,1,8,16545.823,1,8,41387.336,1,8,149.203,1,8,-9900,?,9,-9900,?,9,24.96,E,8,18.88,E,8,68.0,E,8,1008.6016999999999,E,8,999.0,E,8,1.6,E,8,-9900,?,9,-9900,?,9,0.0,E,8,-9900,?,9,-9900,?,9,0.0,0.0,E,8
05/02/2015,13:00,1056.727,1344.266,544.92,1,8,238.261,1,8,357.657,1,8,65390.4,1,8,22634.832,1,8,39342.248,1,8,144.85,1,8,-9900,?,9,-9900,?,9,25.6,E,8,18.81,E,8,66.0,E,8,1008.6016999999999,E,8,999.0,E,8,2.25,E,8,-9900,?,9,-9900,?,9,0.0,E,8,-9900,?,9,-9900,?,9,0.0,0.0,E,8
05/02/2015,14:00,953.574,1344.266,420.07,1,8,101.559,1,8,348.048,1,8,50408.4,1,8,9648.128,1,8,38285.323,1,8,156.224,1,8,-9900,?,9,-9900,?,9,25.8,E,8,18.79,E,8,65.0,E,8,1008.6016999999999,E,8,999.0,E,8,3.17,E,8,-9900,?,9,-9900,?,9,0.0,E,8,-9900,?,9,-9900,?,9,0.0,0.0,E,8
05/02/2015,15:00,776.809,1344.266,285.49,1,8,53.962,1,8,254.325,1,8,34258.8,1,8,5126.397,1,8,27975.777,1,8,140.173,1,8,-9900,?,9,-9900,?,9,25.65,E,8,18.81,E,8,65.0,E,8,1008.6016999999999,E,8,999.0,E,8,4.28,E,8,-9900,?,9,-9900,?,9,0.0,E,8,-9900,?,9,-9900,?,9,0.0,0.0,E,8
05/02/2015,16:00,538.59,1344.266,259.12,1,8,281.816,1,8,146.38,1,8,31094.4,1,8,26772.506,1,8,16101.83,1,8,116.472,1,8,-9900,?,9,-9900,?,9,25.46,E,8,18.83,E,8,71.0,E,8,1008.6016999999999,E,8,999.0,E,8,3.55,E,8,-9900,?,9,-9900,?,9,0.001,E,8,-9900,?,9,-9900,?,9,0.01,99.0,E,8
05/02/2015,17:00,255.72,1344.266,131.99,1,8,373.584,1,8,61.455,1,8,15838.8,1,8,35490.473,1,8,6760.002,1,8,103.606,1,8,-9900,?,9,-9900,?,9,25.0,E,8,18.87,E,8,73.0,E,8,1008.6016999999999,E,8,999.0,E,8,2.98,E,8,-9900,?,9,-9900,?,9,0.004,E,8,-9900,?,9,-9900,?,9,0.04,99.0,E,8
05/02/2015,18:00,0.0,1344.266,12.13,1,8,0.0,1,8,0.0,1,8,1455.6,1,8,0.0,1,8,0.0,1,8,-0.0,1,8,-9900,?,9,-9900,?,9,24.63,E,8,18.91,E,8,75.0,E,8,1008.6016999999999,E,8,999.0,E,8,2.79,E,8,-9900,?,9,-9900,?,9,0.009,E,8,-9900,?,9,-9900,?,9,0.09,99.0,E,8
05/02/2015,19:00,0.0,1344.266,0.0,1,8,0.0,1,8,0.0,1,8,0.0,1,8,0.0,1,8,0.0,1,8,-0.0,1,8,-9900,?,9,-9900,?,9,24.27,E,8,18.95,E,8,76.0,E,8,1008.6016999999999,E,8,999.0,E,8,1.61,E,8,-9900,?,9,-9900,?,9,0.014000000000000002,E,8,-9900,?,9,-9900,?,9,0.14,99.0,E,8
05/02/2015,20:00,0.0,1344.266,0.0,1,8,0.0,1,8,0.0,1,8,0.0,1,8,0.0,1,8,0.0,1,8,-0.0,1,8,-9900,?,9,-9900,?,9,23.9,E,8,18.99,E,8,78.0,E,8,1008.6016999999999,E,8,999.0,E,8,1.6,E,8,-9900,?,9,-9900,?,9,0.04,E,8,-9900,?,9,-9900,?,9,0.4,99.0,E,8
05/02/2015,21:00,0.0,1344.266,0.0,1,8,0.0,1,8,0.0,1,8,0.0,1,8,0.0,1,8,0.0,1,8,-0.0,1,8,-9900,?,9,-9900,?,9,23.53,E,8,19.03,E,8,89.0,E,8,1008.6016999999999,E,8,999.0,E,8,1.6,E,8,-9900,?,9,-9900,?,9,0.597,E,8,-9900,?,9,-9900,?,9,5.97,99.0,E,8
05/02/2015,22:00,0.0,1344.266,0.0,1,8,0.0,1,8,0.0,1,8,0.0,1,8,0.0,1,8,0.0,1,8,-0.0,1,8,-9900,?,9,-9900,?,9,23.17,E,8,19.06,E,8,81.0,E,8,1008.6016999999999,E,8,999.0,E,8,1.6,E,8,-9900,?,9,-9900,?,9,0.022,E,8,-9900,?,9,-9900,?,9,0.22,99.0,E,8
05/02/2015,23:00,0.0,1344.266,0.0,1,8,0.0,1,8,0.0,1,8,0.0,1,8,0.0,1,8,0.0,1,8,-0.0,1,8,-9900,?,9,-9900,?,9,22.8,E,8,19.1,E,8,83.0,E,8,1008.6016999999999,E,8,999.0,E,8,1.6,E,8,-9900,?,9,-9900,?,9,0.007000000000000001,E,8,-9900,?,9,-9900,?,9,0.07,99.0,E,8
05/02/2015,24:00,0.0,1344.266,0.0,1,8,0.0,1,8,0.0,1,8,0.0,1,8,0.0,1,8,0.0,1,8,-0.0,1,8,-9900,?,9,-9900,?,9,22.44,E,8,19.51,E,8,81.0,E,8,1008.6016999999999,E,8,999.0,E,8,1.57,E,8,-9900,?,9,-9900,?,9,0.007000000000000001,E,8,-9900,?,9,-9900,?,9,0.07,99.0,E,8
05/03/2015,01:00,0.0,1344.266,0.0,1,8,0.0,1,8,0.0,1,8,0.0,1,8,0.0,1,8,0.0,1,8,-0.0,1,8,-9900,?,9,-9900,?,9,22.25,E,8,19.57,E,8,82.0,E,8,1008.6016999999999,E,8,999.0,E,8,1.57,E,8,-9900,?,9,-9900,?,9,0.011,E,8,-9900,?,9,-9900,?,9,0.11,99.0,E,8
05/03/2015,02:00,0.0,1344.266,0.0,1,8,0.0,1,8,0.0,1,8,0.0,1,8,0.0,1,8,0.0,1,8,-0.0,1,8,-9900,?,9,-9900,?,9,22.07,E,8,19.62,E,8,83.0,E,8,1008.6016999999999,E,8,999.0,E,8,1.57,E,8,-9900,?,9,-9900,?,9,0.001,E,8,-9900,?,9,-9900,?,9,0.01,99.0,E,8
05/03/2015,03:00,0.0,1344.266,0.0,1,8,0.0,1,8,0.0,1,8,0.0,1,8,0.0,1,8,0.0,1,8,-0.0,1,8,-9900,?,9,-9900,?,9,21.89,E,8,19.68,E,8,84.0,E,8,1008.6016999999999,E,8,999.0,E,8,1.57,E,8,-9900,?,9,-9900,?,9,0.003,E,8,-9900,?,9,-9900,?,9,0.03,99.0,E,8
05/03/2015,04:00,0.0,1343.58,0.0,1,8,0.0,1,8,0.0,1,8,0.0,1,8,0.0,1,8,0.0,1,8,-0.0,1,8,-9900,?,9,-9900,?,9,21.7,E,8,19.73,E,8,92.0,E,8,1008.6016999999999,E,8,999.0,E,8,1.57,E,8,-9900,?,9,-9900,?,9,0.682,E,8,-9900,?,9,-9900,?,9,6.82,99.0,E,8
05/03/2015,05:00,0.0,1343.58,0.0,1,8,0.0,1,8,0.0,1,8,0.0,1,8,0.0,1,8,0.0,1,8,-0.0,1,8,-9900,?,9,-9900,?,9,21.52,E,8,19.78,E,8,86.0,E,8,1008.6016999999999,E,8,999.0,E,8,1.57,E,8,-9900,?,9,-9900,?,9,0.025,E,8,-9900,?,9,-9900,?,9,0.25,99.0,E,8
05/03/2015,06:00,0.0,1343.58,0.0,1,8,0.0,1,8,0.0,1,8,0.0,1,8,0.0,1,8,0.0,1,8,-0.0,1,8,-9900,?,9,-9900,?,9,21.38,E,8,19.82,E,8,86.0,E,8,1008.6016999999999,E,8,999.0,E,8,1.57,E,8,-9900,?,9,-9900,?,9,0.046,E,8,-9900,?,9,-9900,?,9,0.46,99.0,E,8
05/03/2015,07:00,116.165,1343.58,0.0,1,8,0.0,1,8,0.0,1,8,0.0,1,8,0.0,1,8,0.0,1,8,0.0,1,8,-9900,?,9,-9900,?,9,21.26,E,8,19.86,E,8,87.0,E,8,1008.6016999999999,E,8,999.0,E,8,1.57,E,8,-9900,?,9,-9900,?,9,0.002,E,8,-9900,?,9,-9900,?,9,0.02,99.0,E,8
05/03/2015,08:00,411.195,1343.58,70.52,1,8,0.0,1,8,70.52,1,8,8462.4,1,8,0.0,1,8,7757.2,1,8,73.552,1,8,-9900,?,9,-9900,?,9,21.14,E,8,19.89,E,8,84.0,E,8,1008.6016999999999,E,8,999.0,E,8,1.57,E,8,-9900,?,9,-9900,?,9,0.0,E,8,-9900,?,9,-9900,?,9,0.0,0.0,E,8
05/03/2015,09:00,671.549,1343.58,200.49,1,8,31.529,1,8,184.745,1,8,24058.8,1,8,2995.213,1,8,20321.974,1,8,117.758,1,8,-9900,?,9,-9900,?,9,23.22,E,8,19.28,E,8,77.0,E,8,1008.6016999999999,E,8,999.0,E,8,1.57,E,8,-9900,?,9,-9900,?,9,0.001,E,8,-9900,?,9,-9900,?,9,0.01,99.0,E,8
05/03/2015,10:00,877.589,1343.58,315.47,1,8,48.34,1,8,283.908,1,8,37856.4,1,8,4592.268,1,8,31229.916,1,8,138.411,1,8,-9900,?,9,-9900,?,9,24.15,E,8,19.0,E,8,73.0,E,8,1008.6016999999999,E,8,999.0,E,8,1.57,E,8,-9900,?,9,-9900,?,9,0.016,E,8,-9900,?,9,-9900,?,9,0.16,99.0,E,8
05/03/2015,11:00,1015.061,1343.58,401.26,1,8,49.464,1,8,363.898,1,8,48151.2,1,8,4699.113,1,8,40028.83,1,8,153.355,1,8,-9900,?,9,-9900,?,9,24.94,E,8,18.76,E,8,70.0,E,8,1008.6016999999999,E,8,999.0,E,8,1.57,E,8,-9900,?,9,-9900,?,9,0.005,E,8,-9900,?,9,-9900,?,9,0.05,99.0,E,8
05/03/2015,12:00,1074.54,1343.58,450.68,1,8,73.164,1,8,392.176,1,8,54081.6,1,8,6950.551,1,8,43139.404,1,8,156.115,1,8,-9900,?,9,-9900,?,9,25.57,E,8,18.57,E,8,64.0,E,8,1008.6016999999999,E,8,999.0,E,8,1.96,E,8,-9900,?,9,-9900,?,9,0.0,E,8,-9900,?,9,-9900,?,9,0.0,0.0,E,8
05/03/2015,13:00,1051.958,1343.58,459.96,1,8,88.178,1,8,390.934,1,8,55195.2,1,8,8376.882,1,8,43002.73,1,8,158.964,1,8,-9900,?,9,-9900,?,9,26.01,E,8,18.43,E,8,62.0,E,8,1008.6016999999999,E,8,999.0,E,8,2.53,E,8,-9900,?,9,-9900,?,9,0.0,E,8,-9900,?,9,-9900,?,9,0.0,0.0,E,8
05/03/2015,14:00,948.865,1343.58,428.39,1,8,89.715,1,8,365.05,1,8,51406.8,1,8,8522.906,1,8,40155.521,1,8,164.585,1,8,-9900,?,9,-9900,?,9,26.26,E,8,18.35,E,8,61.0,E,8,1008.6016999999999,E,8,999.0,E,8,3.28,E,8,-9900,?,9,-9900,?,9,0.0,E,8,-9900,?,9,-9900,?,9,0.0,0.0,E,8
05/03/2015,15:00,772.322,1343.58,358.36,1,8,147.108,1,8,273.849,1,8,43003.2,1,8,13975.24,1,8,30123.409,1,8,151.735,1,8,-9900,?,9,-9900,?,9,26.31,E,8,18.34,E,8,61.0,E,8,1008.6016999999999,E,8,999.0,E,8,2.96,E,8,-9900,?,9,-9900,?,9,0.0,E,8,-9900,?,9,-9900,?,9,0.0,0.0,E,8
05/03/2015,16:00,534.474,1343.58,255.41,1,8,243.964,1,8,158.512,1,8,30649.2,1,8,23176.619,1,8,17436.281,1,8,127.034,1,8,-9900,?,9,-9900,?,9,26.07,E,8,18.41,E,8,62.0,E,8,1008.6016999999999,E,8,999.0,E,8,3.59,E,8,-9900,?,9,-9900,?,9,0.0,E,8,-9900,?,9,-9900,?,9,0.0,0.0,E,8
05/03/2015,17:00,252.111,1343.58,129.48,1,8,369.238,1,8,60.728,1,8,15537.6,1,8,35077.622,1,8,6680.114,1,8,103.816,1,8,-9900,?,9,-9900,?,9,25.56,E,8,18.57,E,8,64.0,E,8,1008.6016999999999,E,8,999.0,E,8,3.24,E,8,-9900,?,9,-9900,?,9,0.0,E,8,-9900,?,9,-9900,?,9,0.0,0.0,E,8
05/03/2015,18:00,0.0,1343.58,11.31,1,8,0.0,1,8,0.0,1,8,1357.2,1,8,0.0,1,8,0.0,1,8,-0.0,1,8,-9900,?,9,-9900,?,9,25.08,E,8,18.72,E,8,66.0,E,8,1008.6016999999999,E,8,999.0,E,8,2.93,E,8,-9900,?,9,-9900,?,9,0.0,E,8,-9900,?,9,-9900,?,9,0.0,0.0,E,8
05/03/2015,19:00,0.0,1343.58,0.0,1,8,0.0,1,8,0.0,1,8,0.0,1,8,0.0,1,8,0.0,1,8,-0.0,1,8,-9900,?,9,-9900,?,9,24.59,E,8,18.87,E,8,68.0,E,8,1008.6016999999999,E,8,999.0,E,8,2.17,E,8,-9900,?,9,-9900,?,9,0.0,E,8,-9900,?,9,-9900,?,9,0.0,0.0,E,8
05/03/2015,20:00,0.0,1343.58,0.0,1,8,0.0,1,8,0.0,1,8,0.0,1,8,0.0,1,8,0.0,1,8,-0.0,1,8,-9900,?,9,-9900,?,9,24.11,E,8,19.02,E,8,70.0,E,8,1008.6016999999999,E,8,999.0,E,8,1.57,E,8,-9900,?,9,-9900,?,9,0.0,E,8,-9900,?,9,-9900,?,9,0.0,0.0,E,8
05/03/2015,21:00,0.0,1343.58,0.0,1,8,0.0,1,8,0.0,1,8,0.0,1,8,0.0,1,8,0.0,1,8,-0.0,1,8,-9900,?,9,-9900,?,9,23.62,E,8,19.16,E,8,72.0,E,8,1008.6016999999999,E,8,999.0,E,8,1.57,E,8,-9900,?,9,-9900,?,9,0.0,E,8,-9900,?,9,-9900,?,9,0.0,0.0,E,8
05/03/2015,22:00,0.0,1343.58,0.0,1,8,0.0,1,8,0.0,1,8,0.0,1,8,0.0,1,8,0.0,1,8,-0.0,1,8,-9900,?,9,-9900,?,9,23.14,E,8,19.31,E,8,74.0,E,8,1008.6016999999999,E,8,999.0,E,8,1.57,E,8,-9900,?,9,-9900,?,9,0.0,E,8,-9900,?,9,-9900,?,9,0.0,0.0,E,8
05/03/2015,23:00,0.0,1343.58,0.0,1,8,0.0,1,8,0.0,1,8,0.0,1,8,0.0,1,8,0.0,1,8,-0.0,1,8,-9900,?,9,-9900,?,9,22.65,E,8,19.45,E,8,76.0,E,8,1008.6016999999999,E,8,999.0,E,8,1.57,E,8,-9900,?,9,-9900,?,9,0.0,E,8,-9900,?,9,-9900,?,9,0.0,0.0,E,8
05/03/2015,24:00,0.0,1343.58,0.0,1,8,0.0,1,8,0.0,1,8,0.0,1,8,0.0,1,8,0.0,1,8,-0.0,1,8,-9900,?,9,-9900,?,9,22.17,E,8,19.28,E,8,81.0,E,8,1008.6016999999999,E,8,999.0,E,8,1.33,E,8,-9900,?,9,-9900,?,9,0.018,E,8,-9900,?,9,-9900,?,9,0.18,99.0,E,8
05/04/2015,01:00,0.0,1343.58,0.0,1,8,0.0,1,8,0.0,1,8,0.0,1,8,0.0,1,8,0.0,1,8,-0.0,1,8,-9900,?,9,-9900,?,9,21.93,E,8,19.32,E,8,78.0,E,8,1008.6016999999999,E,8,999.0,E,8,1.33,E,8,-9900,?,9,-9900,?,9,0.0,E,8,-9900,?,9,-9900,?,9,0.0,0.0,E,8
05/04/2015,02:00,0.0,1343.58,0.0,1,8,0.0,1,8,0.0,1,8,0.0,1,8,0.0,1,8,0.0,1,8,-0.0,1,8,-9900,?,9,-9900,?,9,21.68,E,8,19.37,E,8,80.0,E,8,1008.6016999999999,E,8,999.0,E,8,1.33,E,8,-9900,?,9,-9900,?,9,0.0,E,8,-9900,?,9,-9900,?,9,0.0,0.0,E,8
05/04/2015,03:00,0.0,1343.58,0.0,1,8,0.0,1,8,0.0,1,8,0.0,1,8,0.0,1,8,0.0,1,8,-0.0,1,8,-9900,?,9,-9900,?,9,21.44,E,8,19.42,E,8,85.0,E,8,1008.6016999999999,E,8,999.0,E,8,1.33,E,8,-9900,?,9,-9900,?,9,0.013000000000000001,E,8,-9900,?,9,-9900,?,9,0.13,99.0,E,8
05/04/2015,04:00,0.0,1342.902,0.0,1,8,0.0,1,8,0.0,1,8,0.0,1,8,0.0,1,8,0.0,1,8,-0.0,1,8,-9900,?,9,-9900,?,9,21.2,E,8,19.46,E,8,86.0,E,8,1008.6016999999999,E,8,999.0,E,8,1.33,E,8,-9900,?,9,-9900,?,9,0.002,E,8,-9900,?,9,-9900,?,9,0.02,99.0,E,8
05/04/2015,05:00,0.0,1342.902,0.0,1,8,0.0,1,8,0.0,1,8,0.0,1,8,0.0,1,8,0.0,1,8,-0.0,1,8,-9900,?,9,-9900,?,9,20.96,E,8,19.51,E,8,94.0,E,8,1008.6016999999999,E,8,999.0,E,8,1.33,E,8,-9900,?,9,-9900,?,9,1.009,E,8,-9900,?,9,-9900,?,9,10.09,99.0,E,8
05/04/2015,06:00,0.0,1342.902,0.0,1,8,0.0,1,8,0.0,1,8,0.0,1,8,0.0,1,8,0.0,1,8,-0.0,1,8,-9900,?,9,-9900,?,9,20.77,E,8,19.54,E,8,88.0,E,8,1008.6016999999999,E,8,999.0,E,8,1.33,E,8,-9900,?,9,-9900,?,9,0.009,E,8,-9900,?,9,-9900,?,9,0.09,99.0,E,8
05/04/2015,07:00,113.961,1342.902,0.0,1,8,0.0,1,8,0.0,1,8,0.0,1,8,0.0,1,8,0.0,1,8,0.0,1,8,-9900,?,9,-9900,?,9,20.61,E,8,19.57,E,8,85.0,E,8,1008.6016999999999,E,8,999.0,E,8,1.33,E,8,-9900,?,9,-9900,?,9,0.0,E,8,-9900,?,9,-9900,?,9,0.0,0.0,E,8
05/04/2015,08:00,408.318,1342.902,119.3,1,8,50.391,1,8,104.022,1,8,14316.0,1,8,4787.138,1,8,11442.39,1,8,109.207,1,8,-9900,?,9,-9900,?,9,20.45,E,8,19.6,E,8,90.0,E,8,1008.6016999999999,E,8,999.0,E,8,1.33,E,8,-9900,?,9,-9900,?,9,0.006,E,8,-9900,?,9,-9900,?,9,0.06,99.0,E,8
05/04/2015,09:00,668.081,1342.902,273.93,1,8,115.568,1,8,216.487,1,8,32871.6,1,8,10978.924,1,8,23813.608,1,8,138.639,1,8,-9900,?,9,-9900,?,9,23.09,E,8,19.1,E,8,73.0,E,8,1008.6016999999999,E,8,999.0,E,8,1.33,E,8,-9900,?,9,-9900,?,9,0.0,E,8,-9900,?,9,-9900,?,9,0.0,0.0,E,8
05/04/2015,10:00,873.612,1342.902,454.61,1,8,207.704,1,8,319.544,1,8,54553.2,1,8,19731.911,1,8,35149.831,1,8,156.416,1,8,-9900,?,9,-9900,?,9,24.25,E,8,18.88,E,8,69.0,E,8,1008.6016999999999,E,8,999.0,E,8,1.33,E,8,-9900,?,9,-9900,?,9,0.0,E,8,-9900,?,9,-9900,?,9,0.0,0.0,E,8
05/04/2015,11:00,1010.69,1342.902,578.15,1,8,339.959,1,8,322.348,1,8,69378.0,1,8,32296.146,1,8,35458.327,1,8,136.364,1,8,-9900,?,9,-9900,?,9,25.25,E,8,18.68,E,8,65.0,E,8,1008.6016999999999,E,8,999.0,E,8,1.96,E,8,-9900,?,9,-9900,?,9,0.0,E,8,-9900,?,9,-9900,?,9,0.0,0.0,E,8
05/04/2015,12:00,1069.916,1342.902,691.94,1,8,519.954,1,8,277.752,1,8,83032.8,1,8,49395.623,1,8,30552.762,1,8,110.988,1,8,-9900,?,9,-9900,?,9,26.15,E,8,18.5,E,8,62.0,E,8,1008.6016999999999,E,8,999.0,E,8,2.82,E,8,-9900,?,9,-9900,?,9,0.0,E,8,-9900,?,9,-9900,?,9,0.0,0.0,E,8
05/04/2015,13:00,1047.242,1342.902,584.14,1,8,302.974,1,8,347.915,1,8,70096.8,1,8,28782.539,1,8,38270.641,1,8,142.037,1,8,-9900,?,9,-9900,?,9,26.51,E,8,18.43,E,8,61.0,E,8,1008.6016999999999,E,8,999.0,E,8,3.18,E,8,-9900,?,9,-9900,?,9,0.0,E,8,-9900,?,9,-9900,?,9,0.0,0.0,E,8
05/04/2015,14:00,944.22,1342.902,494.24,1,8,200.552,1,8,353.271,1,8,59308.8,1,8,19052.401,1,8,38859.772,1,8,159.978,1,8,-9900,?,9,-9900,?,9,26.59,E,8,18.41,E,8,60.0,E,8,1008.6016999999999,E,8,999.0,E,8,4.08,E,8,-9900,?,9,-9900,?,9,0.0,E,8,-9900,?,9,-9900,?,9,0.0,0.0,E,8
05/04/2015,15:00,767.909,1342.902,461.85,1,8,454.466,1,8,202.13,1,8,55422.0,1,8,43174.254,1,8,22234.326,1,8,112.584,1,8,-9900,?,9,-9900,?,9,26.6,E,8,18.41,E,8,60.0,E,8,1008.6016999999999,E,8,999.0,E,8,4.28,E,8,-9900,?,9,-9900,?,9,0.0,E,8,-9900,?,9,-9900,?,9,0.0,0.0,E,8
05/04/2015,16:00,530.441,1342.902,225.75,1,8,157.963,1,8,163.453,1,8,27090.0,1,8,15006.517,1,8,17979.87,1,8,131.928,1,8,-9900,?,9,-9900,?,9,26.01,E,8,18.53,E,8,62.0,E,8,1008.6016999999999,E,8,999.0,E,8,3.83,E,8,-9900,?,9,-9900,?,9,0.0,E,8,-9900,?,9,-9900,?,9,0.0,0.0,E,8
05/04/2015,17:00,248.59,1342.902,88.44,1,8,50.463,1,8,79.172,1,8,10612.8,1,8,4793.97,1,8,8708.962,1,8,137.223,1,8,-9900,?,9,-9900,?,9,25.23,E,8,18.68,E,8,69.0,E,8,1008.6016999999999,E,8,999.0,E,8,3.45,E,8,-9900,?,9,-9900,?,9,0.071,E,8,-9900,?,9,-9900,?,9,0.71,99.0,E,8
05/04/2015,18:00,0.0,1342.902,13.31,1,8,0.0,1,8,0.0,1,8,1597.2,1,8,0.0,1,8,0.0,1,8,-0.0,1,8,-9900,?,9,-9900,?,9,24.77,E,8,18.77,E,8,70.0,E,8,1008.6016999999999,E,8,999.0,E,8,2.71,E,8,-9900,?,9,-9900,?,9,0.026000000000000002,E,8,-9900,?,9,-9900,?,9,0.26,99.0,E,8
05/04/2015,19:00,0.0,1342.902,0.0,1,8,0.0,1,8,0.0,1,8,0.0,1,8,0.0,1,8,0.0,1,8,-0.0,1,8,-9900,?,9,-9900,?,9,24.3,E,8,18.87,E,8,72.0,E,8,1008.6016999999999,E,8,999.0,E,8,1.54,E,8,-9900,?,9,-9900,?,9,0.003,E,8,-9900,?,9,-9900,?,9,0.03,99.0,E,8
05/04/2015,20:00,0.0,1342.902,0.0,1,8,0.0,1,8,0.0,1,8,0.0,1,8,0.0,1,8,0.0,1,8,-0.0,1,8,-9900,?,9,-9900,?,9,23.84,E,8,18.96,E,8,70.0,E,8,1008.6016999999999,E,8,999.0,E,8,1.33,E,8,-9900,?,9,-9900,?,9,0.0,E,8,-9900,?,9,-9900,?,9,0.0,0.0,E,8
05/04/2015,21:00,0.0,1342.902,0.0,1,8,0.0,1,8,0.0,1,8,0.0,1,8,0.0,1,8,0.0,1,8,-0.0,1,8,-9900,?,9,-9900,?,9,23.38,E,8,19.04,E,8,76.0,E,8,1008.6016999999999,E,8,999.0,E,8,1.33,E,8,-9900,?,9,-9900,?,9,0.001,E,8,-9900,?,9,-9900,?,9,0.01,99.0,E,8
05/04/2015,22:00,0.0,1342.902,0.0,1,8,0.0,1,8,0.0,1,8,0.0,1,8,0.0,1,8,0.0,1,8,-0.0,1,8,-9900,?,9,-9900,?,9,22.92,E,8,19.13,E,8,78.0,E,8,1008.6016999999999,E,8,999.0,E,8,1.33,E,8,-9900,?,9,-9900,?,9,0.004,E,8,-9900,?,9,-9900,?,9,0.04,99.0,E,8
05/04/2015,23:00,0.0,1342.902,0.0,1,8,0.0,1,8,0.0,1,8,0.0,1,8,0.0,1,8,0.0,1,8,-0.0,1,8,-9900,?,9,-9900,?,9,22.45,E,8,19.22,E,8,80.0,E,8,1008.6016999999999,E,8,999.0,E,8,1.33,E,8,-9900,?,9,-9900,?,9,0.039,E,8,-9900,?,9,-9900,?,9,0.39,99.0,E,8
05/04/2015,24:00,0.0,1342.902,0.0,1,8,0.0,1,8,0.0,1,8,0.0,1,8,0.0,1,8,0.0,1,8,-0.0,1,8,-9900,?,9,-9900,?,9,21.99,E,8,16.82,E,8,72.0,E,8,1008.6016999999999,E,8,999.0,E,8,1.46,E,8,-9900,?,9,-9900,?,9,0.0,E,8,-9900,?,9,-9900,?,9,0.0,0.0,E,8
05/05/2015,01:00,0.0,1342.902,0.0,1,8,0.0,1,8,0.0,1,8,0.0,1,8,0.0,1,8,0.0,1,8,-0.0,1,8,-9900,?,9,-9900,?,9,21.76,E,8,16.83,E,8,73.0,E,8,1008.6016999999999,E,8,999.0,E,8,1.46,E,8,-9900,?,9,-9900,?,9,0.0,E,8,-9900,?,9,-9900,?,9,0.0,0.0,E,8
05/05/2015,02:00,0.0,1342.902,0.0,1,8,0.0,1,8,0.0,1,8,0.0,1,8,0.0,1,8,0.0,1,8,-0.0,1,8,-9900,?,9,-9900,?,9,21.53,E,8,16.84,E,8,74.0,E,8,1008.6016999999999,E,8,999.0,E,8,1.46,E,8,-9900,?,9,-9900,?,9,0.0,E,8,-9900,?,9,-9900,?,9,0.0,0.0,E,8
05/05/2015,03:00,0.0,1342.902,0.0,1,8,0.0,1,8,0.0,1,8,0.0,1,8,0.0,1,8,0.0,1,8,-0.0,1,8,-9900,?,9,-9900,?,9,21.3,E,8,16.85,E,8,75.0,E,8,1008.6016999999999,E,8,999.0,E,8,1.46,E,8,-9900,?,9,-9900,?,9,0.0,E,8,-9900,?,9,-9900,?,9,0.0,0.0,E,8
05/05/2015,04:00,0.0,1342.23,0.0,1,8,0.0,1,8,0.0,1,8,0.0,1,8,0.0,1,8,0.0,1,8,-0.0,1,8,-9900,?,9,-9900,?,9,21.06,E,8,16.86,E,8,76.0,E,8,1008.6016999999999,E,8,999.0,E,8,1.46,E,8,-9900,?,9,-9900,?,9,0.0,E,8,-9900,?,9,-9900,?,9,0.0,0.0,E,8
05/05/2015,05:00,0.0,1342.23,0.0,1,8,0.0,1,8,0.0,1,8,0.0,1,8,0.0,1,8,0.0,1,8,-0.0,1,8,-9900,?,9,-9900,?,9,20.83,E,8,16.87,E,8,78.0,E,8,1008.6016999999999,E,8,999.0,E,8,1.46,E,8,-9900,?,9,-9900,?,9,0.0,E,8,-9900,?,9,-9900,?,9,0.0,0.0,E,8
05/05/2015,06:00,0.0,1342.23,0.0,1,8,0.0,1,8,0.0,1,8,0.0,1,8,0.0,1,8,0.0,1,8,-0.0,1,8,-9900,?,9,-9900,?,9,20.65,E,8,16.87,E,8,78.0,E,8,1008.6016999999999,E,8,999.0,E,8,1.46,E,8,-9900,?,9,-9900,?,9,0.0,E,8,-9900,?,9,-9900,?,9,0.0,0.0,E,8
05/05/2015,07:00,111.75,1342.23,0.0,1,8,0.0,1,8,0.0,1,8,0.0,1,8,0.0,1,8,0.0,1,8,0.0,1,8,-9900,?,9,-9900,?,9,20.5,E,8,16.88,E,8,79.0,E,8,1008.6016999999999,E,8,999.0,E,8,1.46,E,8,-9900,?,9,-9900,?,9,0.0,E,8,-9900,?,9,-9900,?,9,0.0,0.0,E,8
05/05/2015,08:00,405.437,1342.23,113.02,1,8,32.904,1,8,103.109,1,8,13562.4,1,8,3125.917,1,8,11342.033,1,8,108.969,1,8,-9900,?,9,-9900,?,9,20.35,E,8,16.89,E,8,80.0,E,8,1008.6016999999999,E,8,999.0,E,8,1.46,E,8,-9900,?,9,-9900,?,9,0.0,E,8,-9900,?,9,-9900,?,9,0.0,0.0,E,8
05/05/2015,09:00,664.617,1342.23,329.51,1,8,242.835,1,8,209.376,1,8,39541.2,1,8,23069.322,1,8,23031.399,1,8,134.718,1,8,-9900,?,9,-9900,?,9,22.56,E,8,16.8,E,8,69.0,E,8,1008.6016999999999,E,8,999.0,E,8,1.46,E,8,-9900,?,9,-9900,?,9,0.0,E,8,-9900,?,9,-9900,?,9,0.0,0.0,E,8
05/05/2015,10:00,869.651,1342.23,525.8,1,8,410.246,1,8,260.103,1,8,63096.0,1,8,38973.388,1,8,28611.356,1,8,127.836,1,8,-9900,?,9,-9900,?,9,23.57,E,8,16.76,E,8,65.0,E,8,1008.6016999999999,E,8,999.0,E,8,1.46,E,8,-9900,?,9,-9900,?,9,0.0,E,8,-9900,?,9,-9900,?,9,0.0,0.0,E,8
05/05/2015,11:00,1006.347,1342.23,666.38,1,8,532.226,1,8,267.431,1,8,79965.6,1,8,50561.478,1,8,29417.391,1,8,113.564,1,8,-9900,?,9,-9900,?,9,24.43,E,8,16.72,E,8,62.0,E,8,1008.6016999999999,E,8,999.0,E,8,1.67,E,8,-9900,?,9,-9900,?,9,0.0,E,8,-9900,?,9,-9900,?,9,0.0,0.0,E,8
05/05/2015,12:00,1065.335,1342.23,752.08,1,8,650.129,1,8,236.158,1,8,90249.6,1,8,61762.274,1,8,25977.431,1,8,94.726,1,8,-9900,?,9,-9900,?,9,25.12,E,8,16.7,E,8,59.0,E,8,1008.6016999999999,E,8,999.0,E,8,2.15,E,8,-9900,?,9,-9900,?,9,0.0,E,8,-9900,?,9,-9900,?,9,0.0,0.0,E,8
05/05/2015,13:00,1042.579,1342.23,767.89,1,8,765.454,1,8,173.437,1,8,92146.8,1,8,72718.152,1,8,19078.088,1,8,71.088,1,8,-9900,?,9,-9900,?,9,25.6,E,8,16.68,E,8,57.0,E,8,1008.6016999999999,E,8,999.0,E,8,3.3,E,8,-9900,?,9,-9900,?,9,0.0,E,8,-9900,?,9,-9900,?,9,0.0,0.0,E,8
05/05/2015,14:00,939.642,1342.23,714.84,1,8,875.114,1,8,102.395,1,8,85780.8,1,8,83135.876,1,8,11263.402,1,8,46.572,1,8,-9900,?,9,-9900,?,9,25.87,E,8,16.67,E,8,56.0,E,8,1008.6016999999999,E,8,999.0,E,8,3.32,E,8,-9900,?,9,-9900,?,9,0.0,E,8,-9900,?,9,-9900,?,9,0.0,0.0,E,8
05/05/2015,15:00,763.574,1342.23,608.49,1,8,689.602,1,8,216.426,1,8,73018.8,1,8,65512.22,1,8,23806.872,1,8,121.172,1,8,-9900,?,9,-9900,?,9,25.94,E,8,16.66,E,8,56.0,E,8,1008.6016999999999,E,8,999.0,E,8,3.77,E,8,-9900,?,9,-9900,?,9,0.0,E,8,-9900,?,9,-9900,?,9,0.0,0.0,E,8
05/05/2015,16:00,526.493,1342.23,431.61,1,8,634.293,1,8,183.206,1,8,51793.2,1,8,60257.788,1,8,20152.621,1,8,148.908,1,8,-9900,?,9,-9900,?,9,25.7,E,8,16.67,E,8,57.0,E,8,1008.6016999999999,E,8,999.0,E,8,3.73,E,8,-9900,?,9,-9900,?,9,0.0,E,8,-9900,?,9,-9900,?,9,0.0,0.0,E,8
05/05/2015,17:00,245.16,1342.23,224.43,1,8,547.537,1,8,125.233,1,8,26931.6,1,8,52015.983,1,8,13775.628,1,8,220.031,1,8,-9900,?,9,-9900,?,9,25.16,E,8,16.69,E,8,59.0,E,8,1008.6016999999999,E,8,999.0,E,8,3.37,E,8,-9900,?,9,-9900,?,9,0.0,E,8,-9900,?,9,-9900,?,9,0.0,0.0,E,8
05/05/2015,18:00,0.0,1342.23,20.72,1,8,0.0,1,8,0.0,1,8,2486.4,1,8,0.0,1,8,0.0,1,8,-0.0,1,8,-9900,?,9,-9900,?,9,24.7,E,8,16.71,E,8,61.0,E,8,1008.6016999999999,E,8,999.0,E,8,2.46,E,8,-9900,?,9,-9900,?,9,0.0,E,8,-9900,?,9,-9900,?,9,0.0,0.0,E,8
05/05/2015,19:00,0.0,1342.23,0.0,1,8,0.0,1,8,0.0,1,8,0.0,1,8,0.0,1,8,0.0,1,8,-0.0,1,8,-9900,?,9,-9900,?,9,24.24,E,8,16.73,E,8,62.0,E,8,1008.6016999999999,E,8,999.0,E,8,1.94,E,8,-9900,?,9,-9900,?,9,0.0,E,8,-9900,?,9,-9900,?,9,0.0,0.0,E,8
05/05/2015,20:00,0.0,1342.23,0.0,1,8,0.0,1,8,0.0,1,8,0.0,1,8,0.0,1,8,0.0,1,8,-0.0,1,8,-9900,?,9,-9900,?,9,23.77,E,8,16.75,E,8,64.0,E,8,1008.6016999999999,E,8,999.0,E,8,1.54,E,8,-9900,?,9,-9900,?,9,0.0,E,8,-9900,?,9,-9900,?,9,0.0,0.0,E,8
05/05/2015,21:00,0.0,1342.23,0.0,1,8,0.0,1,8,0.0,1,8,0.0,1,8,0.0,1,8,0.0,1,8,-0.0,1,8,-9900,?,9,-9900,?,9,23.31,E,8,16.77,E,8,66.0,E,8,1008.6016999999999,E,8,999.0,E,8,1.46,E,8,-9900,?,9,-9900,?,9,0.0,E,8,-9900,?,9,-9900,?,9,0.0,0.0,E,8
05/05/2015,22:00,0.0,1342.23,0.0,1,8,0.0,1,8,0.0,1,8,0.0,1,8,0.0,1,8,0.0,1,8,-0.0,1,8,-9900,?,9,-9900,?,9,22.85,E,8,16.79,E,8,68.0,E,8,1008.6016999999999,E,8,999.0,E,8,1.46,E,8,-9900,?,9,-9900,?,9,0.0,E,8,-9900,?,9,-9900,?,9,0.0,0.0,E,8
05/05/2015,23:00,0.0,1342.23,0.0,1,8,0.0,1,8,0.0,1,8,0.0,1,8,0.0,1,8,0.0,1,8,-0.0,1,8,-9900,?,9,-9900,?,9,22.39,E,8,16.8,E,8,70.0,E,8,1008.6016999999999,E,8,999.0,E,8,1.46,E,8,-9900,?,9,-9900,?,9,0.0,E,8,-9900,?,9,-9900,?,9,0.0,0.0,E,8
05/05/2015,24:00,0.0,1342.23,0.0,1,8,0.0,1,8,0.0,1,8,0.0,1,8,0.0,1,8,0.0,1,8,-0.0,1,8,-9900,?,9,-9900,?,9,21.92,E,8,18.7,E,8,79.0,E,8,1008.6016999999999,E,8,999.0,E,8,1.61,E,8,-9900,?,9,-9900,?,9,0.0,E,8,-9900,?,9,-9900,?,9,0.0,0.0,E,8
05/06/2015,01:00,0.0,1342.23,0.0,1,8,0.0,1,8,0.0,1,8,0.0,1,8,0.0,1,8,0.0,1,8,-0.0,1,8,-9900,?,9,-9900,?,9,21.69,E,8,18.74,E,8,80.0,E,8,1008.6016999999999,E,8,999.0,E,8,1.61,E,8,-9900,?,9,-9900,?,9,0.0,E,8,-9900,?,9,-9900,?,9,0.0,0.0,E,8
05/06/2015,02:00,0.0,1342.23,0.0,1,8,0.0,1,8,0.0,1,8,0.0,1,8,0.0,1,8,0.0,1,8,-0.0,1,8,-9900,?,9,-9900,?,9,21.46,E,8,18.78,E,8,82.0,E,8,1008.6016999999999,E,8,999.0,E,8,1.61,E,8,-9900,?,9,-9900,?,9,0.0,E,8,-9900,?,9,-9900,?,9,0.0,0.0,E,8
05/06/2015,03:00,0.0,1342.23,0.0,1,8,0.0,1,8,0.0,1,8,0.0,1,8,0.0,1,8,0.0,1,8,-0.0,1,8,-9900,?,9,-9900,?,9,21.23,E,8,18.82,E,8,83.0,E,8,1008.6016999999999,E,8,999.0,E,8,1.61,E,8,-9900,?,9,-9900,?,9,0.0,E,8,-9900,?,9,-9900,?,9,0.0,0.0,E,8
05/06/2015,04:00,0.0,1341.567,0.0,1,8,0.0,1,8,0.0,1,8,0.0,1,8,0.0,1,8,0.0,1,8,-0.0,1,8,-9900,?,9,-9900,?,9,21.0,E,8,18.86,E,8,84.0,E,8,1008.6016999999999,E,8,999.0,E,8,1.61,E,8,-9900,?,9,-9900,?,9,0.0,E,8,-9900,?,9,-9900,?,9,0.0,0.0,E,8
05/06/2015,05:00,0.0,1341.567,0.0,1,8,0.0,1,8,0.0,1,8,0.0,1,8,0.0,1,8,0.0,1,8,-0.0,1,8,-9900,?,9,-9900,?,9,20.77,E,8,18.91,E,8,90.0,E,8,1008.6016999999999,E,8,999.0,E,8,1.61,E,8,-9900,?,9,-9900,?,9,0.009,E,8,-9900,?,9,-9900,?,9,0.09,99.0,E,8
05/06/2015,06:00,0.0,1341.567,0.0,1,8,0.0,1,8,0.0,1,8,0.0,1,8,0.0,1,8,0.0,1,8,-0.0,1,8,-9900,?,9,-9900,?,9,20.59,E,8,18.94,E,8,91.0,E,8,1008.6016999999999,E,8,999.0,E,8,1.61,E,8,-9900,?,9,-9900,?,9,0.001,E,8,-9900,?,9,-9900,?,9,0.01,99.0,E,8
05/06/2015,07:00,109.533,1341.567,0.0,1,8,0.0,1,8,0.0,1,8,0.0,1,8,0.0,1,8,0.0,1,8,0.0,1,8,-9900,?,9,-9900,?,9,20.43,E,8,18.97,E,8,92.0,E,8,1008.6016999999999,E,8,999.0,E,8,1.61,E,8,-9900,?,9,-9900,?,9,0.003,E,8,-9900,?,9,-9900,?,9,0.03,99.0,E,8
05/06/2015,08:00,402.555,1341.567,121.71,1,8,65.58,1,8,102.089,1,8,14605.2,1,8,6230.111,1,8,11229.811,1,8,108.614,1,8,-9900,?,9,-9900,?,9,20.28,E,8,18.99,E,8,88.0,E,8,1008.6016999999999,E,8,999.0,E,8,1.61,E,8,-9900,?,9,-9900,?,9,0.0,E,8,-9900,?,9,-9900,?,9,0.0,0.0,E,8
05/06/2015,09:00,661.161,1341.567,354.37,1,8,304.367,1,8,204.506,1,8,42524.4,1,8,28914.858,1,8,22495.701,1,8,132.208,1,8,-9900,?,9,-9900,?,9,22.55,E,8,18.58,E,8,76.0,E,8,1008.6016999999999,E,8,999.0,E,8,1.61,E,8,-9900,?,9,-9900,?,9,0.0,E,8,-9900,?,9,-9900,?,9,0.0,0.0,E,8
05/06/2015,10:00,865.708,1341.567,562.93,1,8,574.828,1,8,192.148,1,8,67551.6,1,8,54608.692,1,8,21136.305,1,8,94.821,1,8,-9900,?,9,-9900,?,9,23.58,E,8,18.39,E,8,71.0,E,8,1008.6016999999999,E,8,999.0,E,8,1.61,E,8,-9900,?,9,-9900,?,9,0.0,E,8,-9900,?,9,-9900,?,9,0.0,0.0,E,8
05/06/2015,11:00,1002.035,1341.567,716.36,1,8,741.25,1,8,162.839,1,8,85963.2,1,8,70418.752,1,8,17912.28,1,8,69.413,1,8,-9900,?,9,-9900,?,9,24.47,E,8,18.22,E,8,67.0,E,8,1008.6016999999999,E,8,999.0,E,8,1.61,E,8,-9900,?,9,-9900,?,9,0.0,E,8,-9900,?,9,-9900,?,9,0.0,0.0,E,8
05/06/2015,12:00,1060.797,1341.567,807.92,1,8,869.524,1,8,120.496,1,8,96950.4,1,8,82604.804,1,8,13254.506,1,8,48.515,1,8,-9900,?,9,-9900,?,9,25.17,E,8,18.09,E,8,64.0,E,8,1008.6016999999999,E,8,999.0,E,8,2.11,E,8,-9900,?,9,-9900,?,9,0.0,E,8,-9900,?,9,-9900,?,9,0.0,0.0,E,8
05/06/2015,13:00,1037.974,1341.567,823.95,1,8,740.615,1,8,251.047,1,8,98874.0,1,8,70358.465,1,8,27615.117,1,8,103.304,1,8,-9900,?,9,-9900,?,9,25.67,E,8,17.99,E,8,62.0,E,8,1008.6016999999999,E,8,999.0,E,8,3.34,E,8,-9900,?,9,-9900,?,9,0.0,E,8,-9900,?,9,-9900,?,9,0.0,0.0,E,8
05/06/2015,14:00,935.133,1341.567,762.7,1,8,806.043,1,8,201.026,1,8,91524.0,1,8,76574.052,1,8,22112.897,1,8,91.828,1,8,-9900,?,9,-9900,?,9,25.94,E,8,17.94,E,8,61.0,E,8,1008.6016999999999,E,8,999.0,E,8,3.51,E,8,-9900,?,9,-9900,?,9,0.0,E,8,-9900,?,9,-9900,?,9,0.0,0.0,E,8
05/06/2015,15:00,759.319,1341.567,636.06,1,8,785.002,1,8,192.03,1,8,76327.2,1,8,74575.2,1,8,21123.279,1,8,108.063,1,8,-9900,?,9,-9900,?,9,25.99,E,8,17.93,E,8,61.0,E,8,1008.6016999999999,E,8,999.0,E,8,3.62,E,8,-9900,?,9,-9900,?,9,0.0,E,8,-9900,?,9,-9900,?,9,0.0,0.0,E,8
05/06/2015,16:00,522.632,1341.567,450.1,1,8,754.84,1,8,156.517,1,8,54012.0,1,8,71709.791,1,8,17216.83,1,8,128.096,1,8,-9900,?,9,-9900,?,9,25.72,E,8,17.98,E,8,62.0,E,8,1008.6016999999999,E,8,999.0,E,8,3.31,E,8,-9900,?,9,-9900,?,9,0.0,E,8,-9900,?,9,-9900,?,9,0.0,0.0,E,8
05/06/2015,17:00,241.821,1341.567,226.37,1,8,527.667,1,8,132.049,1,8,27164.4,1,8,50128.351,1,8,14525.349,1,8,235.144,1,8,-9900,?,9,-9900,?,9,25.14,E,8,18.09,E,8,64.0,E,8,1008.6016999999999,E,8,999.0,E,8,2.63,E,8,-9900,?,9,-9900,?,9,0.0,E,8,-9900,?,9,-9900,?,9,0.0,0.0,E,8
05/06/2015,18:00,0.0,1341.567,16.98,1,8,0.0,1,8,0.0,1,8,2037.6,1,8,0.0,1,8,0.0,1,8,-0.0,1,8,-9900,?,9,-9900,?,9,24.65,E,8,18.19,E,8,66.0,E,8,1008.6016999999999,E,8,999.0,E,8,1.84,E,8,-9900,?,9,-9900,?,9,0.0,E,8,-9900,?,9,-9900,?,9,0.0,0.0,E,8
05/06/2015,19:00,0.0,1341.567,0.0,1,8,0.0,1,8,0.0,1,8,0.0,1,8,0.0,1,8,0.0,1,8,-0.0,1,8,-9900,?,9,-9900,?,9,24.17,E,8,18.28,E,8,68.0,E,8,1008.6016999999999,E,8,999.0,E,8,1.61,E,8,-9900,?,9,-9900,?,9,0.0,E,8,-9900,?,9,-9900,?,9,0.0,0.0,E,8
05/06/2015,20:00,0.0,1341.567,0.0,1,8,0.0,1,8,0.0,1,8,0.0,1,8,0.0,1,8,0.0,1,8,-0.0,1,8,-9900,?,9,-9900,?,9,23.68,E,8,18.37,E,8,70.0,E,8,1008.6016999999999,E,8,999.0,E,8,1.61,E,8,-9900,?,9,-9900,?,9,0.0,E,8,-9900,?,9,-9900,?,9,0.0,0.0,E,8
05/06/2015,21:00,0.0,1341.567,0.0,1,8,0.0,1,8,0.0,1,8,0.0,1,8,0.0,1,8,0.0,1,8,-0.0,1,8,-9900,?,9,-9900,?,9,23.2,E,8,18.46,E,8,73.0,E,8,1008.6016999999999,E,8,999.0,E,8,1.61,E,8,-9900,?,9,-9900,?,9,0.0,E,8,-9900,?,9,-9900,?,9,0.0,0.0,E,8
05/06/2015,22:00,0.0,1341.567,0.0,1,8,0.0,1,8,0.0,1,8,0.0,1,8,0.0,1,8,0.0,1,8,-0.0,1,8,-9900,?,9,-9900,?,9,22.71,E,8,18.55,E,8,75.0,E,8,1008.6016999999999,E,8,999.0,E,8,1.61,E,8,-9900,?,9,-9900,?,9,0.0,E,8,-9900,?,9,-9900,?,9,0.0,0.0,E,8
05/06/2015,23:00,0.0,1341.567,0.0,1,8,0.0,1,8,0.0,1,8,0.0,1,8,0.0,1,8,0.0,1,8,-0.0,1,8,-9900,?,9,-9900,?,9,22.22,E,8,18.64,E,8,86.0,E,8,1008.6016999999999,E,8,999.0,E,8,1.61,E,8,-9900,?,9,-9900,?,9,0.28700000000000003,E,8,-9900,?,9,-9900,?,9,2.87,99.0,E,8
05/06/2015,24:00,0.0,1341.567,0.0,1,8,0.0,1,8,0.0,1,8,0.0,1,8,0.0,1,8,0.0,1,8,-0.0,1,8,-9900,?,9,-9900,?,9,21.74,E,8,19.39,E,8,85.0,E,8,1008.6016999999999,E,8,999.0,E,8,1.67,E,8,-9900,?,9,-9900,?,9,0.003,E,8,-9900,?,9,-9900,?,9,0.03,99.0,E,8
05/07/2015,01:00,0.0,1341.567,0.0,1,8,0.0,1,8,0.0,1,8,0.0,1,8,0.0,1,8,0.0,1,8,-0.0,1,8,-9900,?,9,-9900,?,9,21.5,E,8,19.32,E,8,86.0,E,8,1008.6016999999999,E,8,999.0,E,8,1.67,E,8,-9900,?,9,-9900,?,9,0.005,E,8,-9900,?,9,-9900,?,9,0.05,99.0,E,8
05/07/2015,02:00,0.0,1341.567,0.0,1,8,0.0,1,8,0.0,1,8,0.0,1,8,0.0,1,8,0.0,1,8,-0.0,1,8,-9900,?,9,-9900,?,9,21.25,E,8,19.25,E,8,83.0,E,8,1008.6016999999999,E,8,999.0,E,8,1.67,E,8,-9900,?,9,-9900,?,9,0.0,E,8,-9900,?,9,-9900,?,9,0.0,0.0,E,8
05/07/2015,03:00,0.0,1341.567,0.0,1,8,0.0,1,8,0.0,1,8,0.0,1,8,0.0,1,8,0.0,1,8,-0.0,1,8,-9900,?,9,-9900,?,9,21.01,E,8,19.18,E,8,87.0,E,8,1008.6016999999999,E,8,999.0,E,8,1.67,E,8,-9900,?,9,-9900,?,9,0.001,E,8,-9900,?,9,-9900,?,9,0.01,99.0,E,8
05/07/2015,04:00,0.0,1340.911,0.0,1,8,0.0,1,8,0.0,1,8,0.0,1,8,0.0,1,8,0.0,1,8,-0.0,1,8,-9900,?,9,-9900,?,9,20.77,E,8,19.11,E,8,84.0,E,8,1008.6016999999999,E,8,999.0,E,8,1.67,E,8,-9900,?,9,-9900,?,9,0.0,E,8,-9900,?,9,-9900,?,9,0.0,0.0,E,8
05/07/2015,05:00,0.0,1340.911,0.0,1,8,0.0,1,8,0.0,1,8,0.0,1,8,0.0,1,8,0.0,1,8,-0.0,1,8,-9900,?,9,-9900,?,9,20.52,E,8,19.04,E,8,88.0,E,8,1008.6016999999999,E,8,999.0,E,8,1.67,E,8,-9900,?,9,-9900,?,9,0.007000000000000001,E,8,-9900,?,9,-9900,?,9,0.07,99.0,E,8
05/07/2015,06:00,0.0,1340.911,0.0,1,8,0.0,1,8,0.0,1,8,0.0,1,8,0.0,1,8,0.0,1,8,-0.0,1,8,-9900,?,9,-9900,?,9,20.34,E,8,18.98,E,8,89.0,E,8,1008.6016999999999,E,8,999.0,E,8,1.67,E,8,-9900,?,9,-9900,?,9,0.012,E,8,-9900,?,9,-9900,?,9,0.12,99.0,E,8
05/07/2015,07:00,107.312,1340.911,0.0,1,8,0.0,1,8,0.0,1,8,0.0,1,8,0.0,1,8,0.0,1,8,0.0,1,8,-9900,?,9,-9900,?,9,20.18,E,8,18.94,E,8,93.0,E,8,1008.6016999999999,E,8,999.0,E,8,1.67,E,8,-9900,?,9,-9900,?,9,0.346,E,8,-9900,?,9,-9900,?,9,3.46,99.0,E,8
05/07/2015,08:00,399.672,1340.911,93.87,1,8,0.0,1,8,93.87,1,8,11264.4,1,8,0.0,1,8,10325.7,1,8,100.545,1,8,-9900,?,9,-9900,?,9,20.02,E,8,18.89,E,8,90.0,E,8,1008.6016999999999,E,8,999.0,E,8,1.67,E,8,-9900,?,9,-9900,?,9,0.022,E,8,-9900,?,9,-9900,?,9,0.22,99.0,E,8
05/07/2015,09:00,657.713,1340.911,252.24,1,8,87.788,1,8,209.22,1,8,30268.8,1,8,8339.885,1,8,23014.185,1,8,135.899,1,8,-9900,?,9,-9900,?,9,22.14,E,8,19.51,E,8,84.0,E,8,1008.6016999999999,E,8,999.0,E,8,1.67,E,8,-9900,?,9,-9900,?,9,0.001,E,8,-9900,?,9,-9900,?,9,0.01,99.0,E,8
05/07/2015,10:00,861.784,1340.911,426.14,1,8,206.204,1,8,293.671,1,8,51136.8,1,8,19589.399,1,8,32303.794,1,8,145.51,1,8,-9900,?,9,-9900,?,9,23.18,E,8,19.8,E,8,78.0,E,8,1008.6016999999999,E,8,999.0,E,8,1.67,E,8,-9900,?,9,-9900,?,9,0.0,E,8,-9900,?,9,-9900,?,9,0.0,0.0,E,8
05/07/2015,11:00,997.756,1340.911,435.29,1,8,111.905,1,8,352.043,1,8,52234.8,1,8,10630.933,1,8,38724.719,1,8,150.634,1,8,-9900,?,9,-9900,?,9,23.72,E,8,19.95,E,8,77.0,E,8,1008.6016999999999,E,8,999.0,E,8,1.67,E,8,-9900,?,9,-9900,?,9,0.0,E,8,-9900,?,9,-9900,?,9,0.0,0.0,E,8
05/07/2015,12:00,1056.305,1340.911,554.53,1,8,254.236,1,8,354.291,1,8,66543.6,1,8,24152.44,1,8,38972.006,1,8,143.185,1,8,-9900,?,9,-9900,?,9,24.34,E,8,20.13,E,8,76.0,E,8,1008.6016999999999,E,8,999.0,E,8,1.67,E,8,-9900,?,9,-9900,?,9,0.0,E,8,-9900,?,9,-9900,?,9,0.0,0.0,E,8
05/07/2015,13:00,1033.429,1340.911,584.61,1,8,314.19,1,8,342.515,1,8,70153.2,1,8,29848.071,1,8,37676.634,1,8,141.493,1,8,-9900,?,9,-9900,?,9,24.82,E,8,20.26,E,8,78.0,E,8,1008.6016999999999,E,8,999.0,E,8,2.01,E,8,-9900,?,9,-9900,?,9,0.002,E,8,-9900,?,9,-9900,?,9,0.02,99.0,E,8
05/07/2015,14:00,930.696,1340.911,612.08,1,8,570.483,1,8,216.246,1,8,73449.6,1,8,54195.885,1,8,23787.041,1,8,99.204,1,8,-9900,?,9,-9900,?,9,25.2,E,8,20.36,E,8,74.0,E,8,1008.6016999999999,E,8,999.0,E,8,2.61,E,8,-9900,?,9,-9900,?,9,0.0,E,8,-9900,?,9,-9900,?,9,0.0,0.0,E,8
05/07/2015,15:00,755.145,1340.911,562.44,1,8,739.94,1,8,146.0,1,8,67492.8,1,8,70294.3,1,8,16059.961,1,8,82.574,1,8,-9900,?,9,-9900,?,9,25.42,E,8,20.42,E,8,73.0,E,8,1008.6016999999999,E,8,999.0,E,8,3.23,E,8,-9900,?,9,-9900,?,9,0.0,E,8,-9900,?,9,-9900,?,9,0.0,0.0,E,8
05/07/2015,16:00,518.86,1340.911,417.37,1,8,713.661,1,8,141.678,1,8,50084.4,1,8,67797.832,1,8,15584.571,1,8,116.74,1,8,-9900,?,9,-9900,?,9,25.37,E,8,20.41,E,8,73.0,E,8,1008.6016999999999,E,8,999.0,E,8,3.45,E,8,-9900,?,9,-9900,?,9,0.0,E,8,-9900,?,9,-9900,?,9,0.0,0.0,E,8
05/07/2015,17:00,238.575,1340.911,245.48,1,8,446.879,1,8,166.651,1,8,29457.6,1,8,42453.464,1,8,18331.57,1,8,300.717,1,8,-9900,?,9,-9900,?,9,24.96,E,8,20.3,E,8,74.0,E,8,1008.6016999999999,E,8,999.0,E,8,3.61,E,8,-9900,?,9,-9900,?,9,0.0,E,8,-9900,?,9,-9900,?,9,0.0,0.0,E,8
05/07/2015,18:00,0.0,1340.911,33.26,1,8,0.0,1,8,0.0,1,8,3991.2,1,8,0.0,1,8,0.0,1,8,-0.0,1,8,-9900,?,9,-9900,?,9,24.48,E,8,20.16,E,8,75.0,E,8,1008.6016999999999,E,8,999.0,E,8,2.71,E,8,-9900,?,9,-9900,?,9,0.0,E,8,-9900,?,9,-9900,?,9,0.0,0.0,E,8
05/07/2015,19:00,0.0,1340.911,0.0,1,8,0.0,1,8,0.0,1,8,0.0,1,8,0.0,1,8,0.0,1,8,-0.0,1,8,-9900,?,9,-9900,?,9,24.0,E,8,20.03,E,8,76.0,E,8,1008.6016999999999,E,8,999.0,E,8,1.72,E,8,-9900,?,9,-9900,?,9,0.0,E,8,-9900,?,9,-9900,?,9,0.0,0.0,E,8
05/07/2015,20:00,0.0,1340.911,0.0,1,8,0.0,1,8,0.0,1,8,0.0,1,8,0.0,1,8,0.0,1,8,-0.0,1,8,-9900,?,9,-9900,?,9,23.52,E,8,19.9,E,8,78.0,E,8,1008.6016999999999,E,8,999.0,E,8,1.67,E,8,-9900,?,9,-9900,?,9,0.0,E,8,-9900,?,9,-9900,?,9,0.0,0.0,E,8
05/07/2015,21:00,0.0,1340.911,0.0,1,8,0.0,1,8,0.0,1,8,0.0,1,8,0.0,1,8,0.0,1,8,-0.0,1,8,-9900,?,9,-9900,?,9,23.03,E,8,19.76,E,8,79.0,E,8,1008.6016999999999,E,8,999.0,E,8,1.67,E,8,-9900,?,9,-9900,?,9,0.0,E,8,-9900,?,9,-9900,?,9,0.0,0.0,E,8
05/07/2015,22:00,0.0,1340.911,0.0,1,8,0.0,1,8,0.0,1,8,0.0,1,8,0.0,1,8,0.0,1,8,-0.0,1,8,-9900,?,9,-9900,?,9,22.55,E,8,19.62,E,8,80.0,E,8,1008.6016999999999,E,8,999.0,E,8,1.67,E,8,-9900,?,9,-9900,?,9,0.0,E,8,-9900,?,9,-9900,?,9,0.0,0.0,E,8
05/07/2015,23:00,0.0,1340.911,0.0,1,8,0.0,1,8,0.0,1,8,0.0,1,8,0.0,1,8,0.0,1,8,-0.0,1,8,-9900,?,9,-9900,?,9,22.07,E,8,19.49,E,8,81.0,E,8,1008.6016999999999,E,8,999.0,E,8,1.67,E,8,-9900,?,9,-9900,?,9,0.0,E,8,-9900,?,9,-9900,?,9,0.0,0.0,E,8
05/07/2015,24:00,0.0,1340.911,0.0,1,8,0.0,1,8,0.0,1,8,0.0,1,8,0.0,1,8,0.0,1,8,-0.0,1,8,-9900,?,9,-9900,?,9,21.59,E,8,19.3,E,8,84.0,E,8,1008.6016999999999,E,8,999.0,E,8,1.34,E,8,-9900,?,9,-9900,?,9,0.0,E,8,-9900,?,9,-9900,?,9,0.0,0.0,E,8
05/08/2015,01:00,0.0,1340.911,0.0,1,8,0.0,1,8,0.0,1,8,0.0,1,8,0.0,1,8,0.0,1,8,-0.0,1,8,-9900,?,9,-9900,?,9,21.35,E,8,19.21,E,8,84.0,E,8,1008.6016999999999,E,8,999.0,E,8,1.34,E,8,-9900,?,9,-9900,?,9,0.0,E,8,-9900,?,9,-9900,?,9,0.0,0.0,E,8
05/08/2015,02:00,0.0,1340.911,0.0,1,8,0.0,1,8,0.0,1,8,0.0,1,8,0.0,1,8,0.0,1,8,-0.0,1,8,-9900,?,9,-9900,?,9,21.11,E,8,19.12,E,8,85.0,E,8,1008.6016999999999,E,8,999.0,E,8,1.34,E,8,-9900,?,9,-9900,?,9,0.0,E,8,-9900,?,9,-9900,?,9,0.0,0.0,E,8
05/08/2015,03:00,0.0,1340.911,0.0,1,8,0.0,1,8,0.0,1,8,0.0,1,8,0.0,1,8,0.0,1,8,-0.0,1,8,-9900,?,9,-9900,?,9,20.87,E,8,19.03,E,8,86.0,E,8,1008.6016999999999,E,8,999.0,E,8,1.34,E,8,-9900,?,9,-9900,?,9,0.0,E,8,-9900,?,9,-9900,?,9,0.0,0.0,E,8
05/08/2015,04:00,0.0,1340.263,0.0,1,8,0.0,1,8,0.0,1,8,0.0,1,8,0.0,1,8,0.0,1,8,-0.0,1,8,-9900,?,9,-9900,?,9,20.63,E,8,18.93,E,8,86.0,E,8,1008.6016999999999,E,8,999.0,E,8,1.34,E,8,-9900,?,9,-9900,?,9,0.0,E,8,-9900,?,9,-9900,?,9,0.0,0.0,E,8
05/08/2015,05:00,0.0,1340.263,0.0,1,8,0.0,1,8,0.0,1,8,0.0,1,8,0.0,1,8,0.0,1,8,-0.0,1,8,-9900,?,9,-9900,?,9,20.38,E,8,18.84,E,8,87.0,E,8,1008.6016999999999,E,8,999.0,E,8,1.34,E,8,-9900,?,9,-9900,?,9,0.0,E,8,-9900,?,9,-9900,?,9,0.0,0.0,E,8
05/08/2015,06:00,0.0,1340.263,0.0,1,8,0.0,1,8,0.0,1,8,0.0,1,8,0.0,1,8,0.0,1,8,-0.0,1,8,-9900,?,9,-9900,?,9,20.2,E,8,18.77,E,8,87.0,E,8,1008.6016999999999,E,8,999.0,E,8,1.34,E,8,-9900,?,9,-9900,?,9,0.0,E,8,-9900,?,9,-9900,?,9,0.0,0.0,E,8
05/08/2015,07:00,105.085,1340.263,0.0,1,8,0.0,1,8,0.0,1,8,0.0,1,8,0.0,1,8,0.0,1,8,0.0,1,8,-9900,?,9,-9900,?,9,20.04,E,8,18.71,E,8,92.0,E,8,1008.6016999999999,E,8,999.0,E,8,1.34,E,8,-9900,?,9,-9900,?,9,0.006,E,8,-9900,?,9,-9900,?,9,0.06,99.0,E,8
05/08/2015,08:00,396.789,1340.263,114.52,1,8,46.163,1,8,100.894,1,8,13742.4,1,8,4385.489,1,8,11098.374,1,8,108.806,1,8,-9900,?,9,-9900,?,9,19.88,E,8,18.65,E,8,92.0,E,8,1008.6016999999999,E,8,999.0,E,8,1.34,E,8,-9900,?,9,-9900,?,9,0.001,E,8,-9900,?,9,-9900,?,9,0.01,99.0,E,8
05/08/2015,09:00,654.275,1340.263,314.44,1,8,218.191,1,8,208.025,1,8,37732.8,1,8,20728.19,1,8,22882.783,1,8,135.77,1,8,-9900,?,9,-9900,?,9,22.16,E,8,19.51,E,8,82.0,E,8,1008.6016999999999,E,8,999.0,E,8,1.34,E,8,-9900,?,9,-9900,?,9,0.0,E,8,-9900,?,9,-9900,?,9,0.0,0.0,E,8
05/08/2015,10:00,857.882,1340.263,498.46,1,8,400.056,1,8,242.498,1,8,59815.2,1,8,38005.336,1,8,26674.827,1,8,120.644,1,8,-9900,?,9,-9900,?,9,23.16,E,8,19.88,E,8,80.0,E,8,1008.6016999999999,E,8,999.0,E,8,1.34,E,8,-9900,?,9,-9900,?,9,0.0,E,8,-9900,?,9,-9900,?,9,0.0,0.0,E,8
05/08/2015,11:00,993.511,1340.263,606.45,1,8,452.489,1,8,271.11,1,8,72774.0,1,8,42986.441,1,8,29822.05,1,8,116.444,1,8,-9900,?,9,-9900,?,9,23.95,E,8,20.16,E,8,78.0,E,8,1008.6016999999999,E,8,999.0,E,8,2.41,E,8,-9900,?,9,-9900,?,9,0.0,E,8,-9900,?,9,-9900,?,9,0.0,0.0,E,8
05/08/2015,12:00,1051.863,1340.263,692.42,1,8,563.928,1,8,249.92,1,8,83090.4,1,8,53573.143,1,8,27491.251,1,8,101.382,1,8,-9900,?,9,-9900,?,9,24.6,E,8,20.39,E,8,76.0,E,8,1008.6016999999999,E,8,999.0,E,8,3.13,E,8,-9900,?,9,-9900,?,9,0.0,E,8,-9900,?,9,-9900,?,9,0.0,0.0,E,8
05/08/2015,13:00,1028.946,1340.263,718.38,1,8,710.942,1,8,172.688,1,8,86205.6,1,8,67539.487,1,8,18995.66,1,8,71.614,1,8,-9900,?,9,-9900,?,9,25.09,E,8,20.57,E,8,75.0,E,8,1008.6016999999999,E,8,999.0,E,8,4.39,E,8,-9900,?,9,-9900,?,9,0.0,E,8,-9900,?,9,-9900,?,9,0.0,0.0,E,8
05/08/2015,14:00,926.333,1340.263,644.98,1,8,756.97,1,8,121.963,1,8,77397.6,1,8,71912.121,1,8,13415.886,1,8,56.187,1,8,-9900,?,9,-9900,?,9,25.32,E,8,20.65,E,8,75.0,E,8,1008.6016999999999,E,8,999.0,E,8,3.86,E,8,-9900,?,9,-9900,?,9,0.0,E,8,-9900,?,9,-9900,?,9,0.0,0.0,E,8
05/08/2015,15:00,751.056,1340.263,527.61,1,8,762.87,1,8,100.387,1,8,63313.2,1,8,72472.608,1,8,11042.624,1,8,57.059,1,8,-9900,?,9,-9900,?,9,25.34,E,8,20.65,E,8,75.0,E,8,1008.6016999999999,E,8,999.0,E,8,3.62,E,8,-9900,?,9,-9900,?,9,0.0,E,8,-9900,?,9,-9900,?,9,0.0,0.0,E,8
05/08/2015,16:00,515.179,1340.263,380.21,1,8,704.45,1,8,109.883,1,8,45625.2,1,8,66922.752,1,8,12087.149,1,8,91.147,1,8,-9900,?,9,-9900,?,9,25.07,E,8,20.56,E,8,75.0,E,8,1008.6016999999999,E,8,999.0,E,8,3.45,E,8,-9900,?,9,-9900,?,9,0.0,E,8,-9900,?,9,-9900,?,9,0.0,0.0,E,8
05/08/2015,17:00,235.423,1340.263,192.67,1,8,375.527,1,8,127.285,1,8,23120.4,1,8,35675.062,1,8,14001.344,1,8,232.696,1,8,-9900,?,9,-9900,?,9,24.52,E,8,20.37,E,8,88.0,E,8,1008.6016999999999,E,8,999.0,E,8,3.29,E,8,-9900,?,9,-9900,?,9,0.526,E,8,-9900,?,9,-9900,?,9,5.26,99.0,E,8
05/08/2015,18:00,0.0,1340.263,12.88,1,8,0.0,1,8,0.0,1,8,1545.6,1,8,0.0,1,8,0.0,1,8,-0.0,1,8,-9900,?,9,-9900,?,9,24.1,E,8,20.22,E,8,81.0,E,8,1008.6016999999999,E,8,999.0,E,8,2.14,E,8,-9900,?,9,-9900,?,9,0.01,E,8,-9900,?,9,-9900,?,9,0.1,99.0,E,8
05/08/2015,19:00,0.0,1340.263,0.0,1,8,0.0,1,8,0.0,1,8,0.0,1,8,0.0,1,8,0.0,1,8,-0.0,1,8,-9900,?,9,-9900,?,9,23.69,E,8,20.07,E,8,82.0,E,8,1008.6016999999999,E,8,999.0,E,8,1.37,E,8,-9900,?,9,-9900,?,9,0.002,E,8,-9900,?,9,-9900,?,9,0.02,99.0,E,8
05/08/2015,20:00,0.0,1340.263,0.0,1,8,0.0,1,8,0.0,1,8,0.0,1,8,0.0,1,8,0.0,1,8,-0.0,1,8,-9900,?,9,-9900,?,9,23.27,E,8,19.92,E,8,83.0,E,8,1008.6016999999999,E,8,999.0,E,8,1.34,E,8,-9900,?,9,-9900,?,9,0.004,E,8,-9900,?,9,-9900,?,9,0.04,99.0,E,8
05/08/2015,21:00,0.0,1340.263,0.0,1,8,0.0,1,8,0.0,1,8,0.0,1,8,0.0,1,8,0.0,1,8,-0.0,1,8,-9900,?,9,-9900,?,9,22.85,E,8,19.77,E,8,84.0,E,8,1008.6016999999999,E,8,999.0,E,8,1.34,E,8,-9900,?,9,-9900,?,9,0.016,E,8,-9900,?,9,-9900,?,9,0.16,99.0,E,8
05/08/2015,22:00,0.0,1340.263,0.0,1,8,0.0,1,8,0.0,1,8,0.0,1,8,0.0,1,8,0.0,1,8,-0.0,1,8,-9900,?,9,-9900,?,9,22.43,E,8,19.61,E,8,86.0,E,8,1008.6016999999999,E,8,999.0,E,8,1.34,E,8,-9900,?,9,-9900,?,9,0.032,E,8,-9900,?,9,-9900,?,9,0.32,99.0,E,8
05/08/2015,23:00,0.0,1340.263,0.0,1,8,0.0,1,8,0.0,1,8,0.0,1,8,0.0,1,8,0.0,1,8,-0.0,1,8,-9900,?,9,-9900,?,9,22.02,E,8,19.46,E,8,87.0,E,8,1008.6016999999999,E,8,999.0,E,8,1.34,E,8,-9900,?,9,-9900,?,9,0.003,E,8,-9900,?,9,-9900,?,9,0.03,99.0,E,8
05/08/2015,24:00,0.0,1340.263,0.0,1,8,0.0,1,8,0.0,1,8,0.0,1,8,0.0,1,8,0.0,1,8,-0.0,1,8,-9900,?,9,-9900,?,9,21.6,E,8,19.42,E,8,88.0,E,8,1008.6016999999999,E,8,999.0,E,8,1.2,E,8,-9900,?,9,-9900,?,9,0.001,E,8,-9900,?,9,-9900,?,9,0.01,99.0,E,8
05/09/2015,01:00,0.0,1340.263,0.0,1,8,0.0,1,8,0.0,1,8,0.0,1,8,0.0,1,8,0.0,1,8,-0.0,1,8,-9900,?,9,-9900,?,9,21.39,E,8,19.38,E,8,89.0,E,8,1008.6016999999999,E,8,999.0,E,8,1.2,E,8,-9900,?,9,-9900,?,9,0.003,E,8,-9900,?,9,-9900,?,9,0.03,99.0,E,8
05/09/2015,02:00,0.0,1340.263,0.0,1,8,0.0,1,8,0.0,1,8,0.0,1,8,0.0,1,8,0.0,1,8,-0.0,1,8,-9900,?,9,-9900,?,9,21.18,E,8,19.34,E,8,85.0,E,8,1008.6016999999999,E,8,999.0,E,8,1.2,E,8,-9900,?,9,-9900,?,9,0.0,E,8,-9900,?,9,-9900,?,9,0.0,0.0,E,8
05/09/2015,03:00,0.0,1340.263,0.0,1,8,0.0,1,8,0.0,1,8,0.0,1,8,0.0,1,8,0.0,1,8,-0.0,1,8,-9900,?,9,-9900,?,9,20.97,E,8,19.3,E,8,86.0,E,8,1008.6016999999999,E,8,999.0,E,8,1.2,E,8,-9900,?,9,-9900,?,9,0.0,E,8,-9900,?,9,-9900,?,9,0.0,0.0,E,8
05/09/2015,04:00,0.0,1339.624,0.0,1,8,0.0,1,8,0.0,1,8,0.0,1,8,0.0,1,8,0.0,1,8,-0.0,1,8,-9900,?,9,-9900,?,9,20.77,E,8,19.27,E,8,87.0,E,8,1008.6016999999999,E,8,999.0,E,8,1.2,E,8,-9900,?,9,-9900,?,9,0.0,E,8,-9900,?,9,-9900,?,9,0.0,0.0,E,8
05/09/2015,05:00,0.0,1339.624,0.0,1,8,0.0,1,8,0.0,1,8,0.0,1,8,0.0,1,8,0.0,1,8,-0.0,1,8,-9900,?,9,-9900,?,9,20.56,E,8,19.23,E,8,88.0,E,8,1008.6016999999999,E,8,999.0,E,8,1.2,E,8,-9900,?,9,-9900,?,9,0.0,E,8,-9900,?,9,-9900,?,9,0.0,0.0,E,8
05/09/2015,06:00,0.0,1339.624,0.0,1,8,0.0,1,8,0.0,1,8,0.0,1,8,0.0,1,8,0.0,1,8,-0.0,1,8,-9900,?,9,-9900,?,9,20.4,E,8,19.2,E,8,93.0,E,8,1008.6016999999999,E,8,999.0,E,8,1.2,E,8,-9900,?,9,-9900,?,9,0.002,E,8,-9900,?,9,-9900,?,9,0.02,99.0,E,8
05/09/2015,07:00,102.855,1339.624,0.0,1,8,0.0,1,8,0.0,1,8,0.0,1,8,0.0,1,8,0.0,1,8,0.0,1,8,-9900,?,9,-9900,?,9,20.26,E,8,19.17,E,8,93.0,E,8,1008.6016999999999,E,8,999.0,E,8,1.2,E,8,-9900,?,9,-9900,?,9,0.001,E,8,-9900,?,9,-9900,?,9,0.01,99.0,E,8
05/09/2015,08:00,393.907,1339.624,107.72,1,8,26.745,1,8,99.88,1,8,12926.4,1,8,2540.774,1,8,10986.774,1,8,108.453,1,8,-9900,?,9,-9900,?,9,20.12,E,8,19.14,E,8,94.0,E,8,1008.6016999999999,E,8,999.0,E,8,1.2,E,8,-9900,?,9,-9900,?,9,0.007000000000000001,E,8,-9900,?,9,-9900,?,9,0.07,99.0,E,8
05/09/2015,09:00,650.848,1339.624,321.79,1,8,242.923,1,8,203.879,1,8,38614.8,1,8,23077.669,1,8,22426.704,1,8,133.702,1,8,-9900,?,9,-9900,?,9,22.52,E,8,19.59,E,8,81.0,E,8,1008.6016999999999,E,8,999.0,E,8,1.2,E,8,-9900,?,9,-9900,?,9,0.0,E,8,-9900,?,9,-9900,?,9,0.0,0.0,E,8
05/09/2015,10:00,854.004,1339.624,511.17,1,8,444.838,1,8,227.709,1,8,61340.4,1,8,42259.593,1,8,25048.037,1,8,113.747,1,8,-9900,?,9,-9900,?,9,23.63,E,8,19.8,E,8,77.0,E,8,1008.6016999999999,E,8,999.0,E,8,1.49,E,8,-9900,?,9,-9900,?,9,0.0,E,8,-9900,?,9,-9900,?,9,0.0,0.0,E,8
05/09/2015,11:00,989.304,1339.624,651.83,1,8,586.793,1,8,218.593,1,8,78219.6,1,8,55745.338,1,8,24045.204,1,8,94.242,1,8,-9900,?,9,-9900,?,9,24.58,E,8,19.97,E,8,74.0,E,8,1008.6016999999999,E,8,999.0,E,8,2.61,E,8,-9900,?,9,-9900,?,9,0.0,E,8,-9900,?,9,-9900,?,9,0.0,0.0,E,8
05/09/2015,12:00,1047.472,1339.624,737.03,1,8,720.737,1,8,173.58,1,8,88443.6,1,8,68470.052,1,8,19093.8,1,8,70.676,1,8,-9900,?,9,-9900,?,9,25.33,E,8,20.11,E,8,72.0,E,8,1008.6016999999999,E,8,999.0,E,8,2.97,E,8,-9900,?,9,-9900,?,9,0.0,E,8,-9900,?,9,-9900,?,9,0.0,0.0,E,8
05/09/2015,13:00,1024.528,1339.624,741.21,1,8,809.957,1,8,121.894,1,8,88945.2,1,8,76945.926,1,8,13408.307,1,8,50.744,1,8,-9900,?,9,-9900,?,9,25.85,E,8,20.2,E,8,70.0,E,8,1008.6016999999999,E,8,999.0,E,8,2.88,E,8,-9900,?,9,-9900,?,9,0.0,E,8,-9900,?,9,-9900,?,9,0.0,0.0,E,8
05/09/2015,14:00,922.047,1339.624,678.79,1,8,840.994,1,8,100.133,1,8,81454.8,1,8,79894.413,1,8,11014.582,1,8,46.323,1,8,-9900,?,9,-9900,?,9,26.11,E,8,20.25,E,8,70.0,E,8,1008.6016999999999,E,8,999.0,E,8,4.0,E,8,-9900,?,9,-9900,?,9,0.0,E,8,-9900,?,9,-9900,?,9,0.0,0.0,E,8
05/09/2015,15:00,747.052,1339.624,578.94,1,8,766.56,1,8,151.739,1,8,69472.8,1,8,72823.185,1,8,16691.292,1,8,86.668,1,8,-9900,?,9,-9900,?,9,26.17,E,8,20.26,E,8,69.0,E,8,1008.6016999999999,E,8,999.0,E,8,3.97,E,8,-9900,?,9,-9900,?,9,0.0,E,8,-9900,?,9,-9900,?,9,0.0,0.0,E,8
05/09/2015,16:00,511.591,1339.624,419.95,1,8,710.511,1,8,149.074,1,8,50394.0,1,8,67498.505,1,8,16398.142,1,8,124.466,1,8,-9900,?,9,-9900,?,9,25.92,E,8,20.22,E,8,70.0,E,8,1008.6016999999999,E,8,999.0,E,8,3.92,E,8,-9900,?,9,-9900,?,9,0.0,E,8,-9900,?,9,-9900,?,9,0.0,0.0,E,8
05/09/2015,17:00,232.368,1339.624,208.8,1,8,422.317,1,8,136.204,1,8,25056.0,1,8,40120.085,1,8,14982.444,1,8,252.212,1,8,-9900,?,9,-9900,?,9,25.31,E,8,20.11,E,8,72.0,E,8,1008.6016999999999,E,8,999.0,E,8,3.19,E,8,-9900,?,9,-9900,?,9,0.0,E,8,-9900,?,9,-9900,?,9,0.0,0.0,E,8
05/09/2015,18:00,0.0,1339.624,12.79,1,8,0.0,1,8,0.0,1,8,1534.8,1,8,0.0,1,8,0.0,1,8,-0.0,1,8,-9900,?,9,-9900,?,9,24.82,E,8,20.02,E,8,73.0,E,8,1008.6016999999999,E,8,999.0,E,8,3.22,E,8,-9900,?,9,-9900,?,9,0.0,E,8,-9900,?,9,-9900,?,9,0.0,0.0,E,8
05/09/2015,19:00,0.0,1339.624,0.0,1,8,0.0,1,8,0.0,1,8,0.0,1,8,0.0,1,8,0.0,1,8,-0.0,1,8,-9900,?,9,-9900,?,9,24.33,E,8,19.93,E,8,75.0,E,8,1008.6016999999999,E,8,999.0,E,8,2.56,E,8,-9900,?,9,-9900,?,9,0.0,E,8,-9900,?,9,-9900,?,9,0.0,0.0,E,8
05/09/2015,20:00,0.0,1339.624,0.0,1,8,0.0,1,8,0.0,1,8,0.0,1,8,0.0,1,8,0.0,1,8,-0.0,1,8,-9900,?,9,-9900,?,9,23.84,E,8,19.84,E,8,81.0,E,8,1008.6016999999999,E,8,999.0,E,8,1.41,E,8,-9900,?,9,-9900,?,9,0.005,E,8,-9900,?,9,-9900,?,9,0.05,99.0,E,8
05/09/2015,21:00,0.0,1339.624,0.0,1,8,0.0,1,8,0.0,1,8,0.0,1,8,0.0,1,8,0.0,1,8,-0.0,1,8,-9900,?,9,-9900,?,9,23.35,E,8,19.75,E,8,82.0,E,8,1008.6016999999999,E,8,999.0,E,8,1.2,E,8,-9900,?,9,-9900,?,9,0.012,E,8,-9900,?,9,-9900,?,9,0.12,99.0,E,8
05/09/2015,22:00,0.0,1339.624,0.0,1,8,0.0,1,8,0.0,1,8,0.0,1,8,0.0,1,8,0.0,1,8,-0.0,1,8,-9900,?,9,-9900,?,9,22.86,E,8,19.66,E,8,88.0,E,8,1008.6016999999999,E,8,999.0,E,8,1.2,E,8,-9900,?,9,-9900,?,9,0.346,E,8,-9900,?,9,-9900,?,9,3.46,99.0,E,8
05/09/2015,23:00,0.0,1339.624,0.0,1,8,0.0,1,8,0.0,1,8,0.0,1,8,0.0,1,8,0.0,1,8,-0.0,1,8,-9900,?,9,-9900,?,9,22.37,E,8,19.57,E,8,85.0,E,8,1008.6016999999999,E,8,999.0,E,8,1.2,E,8,-9900,?,9,-9900,?,9,0.022,E,8,-9900,?,9,-9900,?,9,0.22,99.0,E,8
05/09/2015,24:00,0.0,1339.624,0.0,1,8,0.0,1,8,0.0,1,8,0.0,1,8,0.0,1,8,0.0,1,8,-0.0,1,8,-9900,?,9,-9900,?,9,21.88,E,8,19.25,E,8,79.0,E,8,1008.6016999999999,E,8,999.0,E,8,0.58,E,8,-9900,?,9,-9900,?,9,0.0,E,8,-9900,?,9,-9900,?,9,0.0,0.0,E,8
05/10/2015,01:00,0.0,1339.624,0.0,1,8,0.0,1,8,0.0,1,8,0.0,1,8,0.0,1,8,0.0,1,8,-0.0,1,8,-9900,?,9,-9900,?,9,21.63,E,8,19.26,E,8,80.0,E,8,1008.6016999999999,E,8,999.0,E,8,0.58,E,8,-9900,?,9,-9900,?,9,0.0,E,8,-9900,?,9,-9900,?,9,0.0,0.0,E,8
05/10/2015,02:00,0.0,1339.624,0.0,1,8,0.0,1,8,0.0,1,8,0.0,1,8,0.0,1,8,0.0,1,8,-0.0,1,8,-9900,?,9,-9900,?,9,21.39,E,8,19.26,E,8,80.0,E,8,1008.6016999999999,E,8,999.0,E,8,0.58,E,8,-9900,?,9,-9900,?,9,0.0,E,8,-9900,?,9,-9900,?,9,0.0,0.0,E,8
05/10/2015,03:00,0.0,1339.624,0.0,1,8,0.0,1,8,0.0,1,8,0.0,1,8,0.0,1,8,0.0,1,8,-0.0,1,8,-9900,?,9,-9900,?,9,21.14,E,8,19.27,E,8,85.0,E,8,1008.6016999999999,E,8,999.0,E,8,0.58,E,8,-9900,?,9,-9900,?,9,0.001,E,8,-9900,?,9,-9900,?,9,0.01,99.0,E,8
05/10/2015,04:00,0.0,1338.992,0.0,1,8,0.0,1,8,0.0,1,8,0.0,1,8,0.0,1,8,0.0,1,8,-0.0,1,8,-9900,?,9,-9900,?,9,20.9,E,8,19.28,E,8,86.0,E,8,1008.6016999999999,E,8,999.0,E,8,0.58,E,8,-9900,?,9,-9900,?,9,0.005,E,8,-9900,?,9,-9900,?,9,0.05,99.0,E,8
05/10/2015,05:00,0.0,1338.992,0.0,1,8,0.0,1,8,0.0,1,8,0.0,1,8,0.0,1,8,0.0,1,8,-0.0,1,8,-9900,?,9,-9900,?,9,20.65,E,8,19.28,E,8,86.0,E,8,1008.6016999999999,E,8,999.0,E,8,0.58,E,8,-9900,?,9,-9900,?,9,0.002,E,8,-9900,?,9,-9900,?,9,0.02,99.0,E,8
05/10/2015,06:00,0.0,1338.992,0.0,1,8,0.0,1,8,0.0,1,8,0.0,1,8,0.0,1,8,0.0,1,8,-0.0,1,8,-9900,?,9,-9900,?,9,20.46,E,8,19.29,E,8,87.0,E,8,1008.6016999999999,E,8,999.0,E,8,0.58,E,8,-9900,?,9,-9900,?,9,0.059,E,8,-9900,?,9,-9900,?,9,0.59,99.0,E,8
05/10/2015,07:00,100.621,1338.992,0.0,1,8,0.0,1,8,0.0,1,8,0.0,1,8,0.0,1,8,0.0,1,8,0.0,1,8,-9900,?,9,-9900,?,9,20.3,E,8,19.29,E,8,94.0,E,8,1008.6016999999999,E,8,999.0,E,8,0.58,E,8,-9900,?,9,-9900,?,9,0.841,E,8,-9900,?,9,-9900,?,9,8.41,99.0,E,8
05/10/2015,08:00,391.029,1338.992,83.9,1,8,0.0,1,8,83.9,1,8,10068.0,1,8,0.0,1,8,9229.0,1,8,91.733,1,8,-9900,?,9,-9900,?,9,20.14,E,8,19.3,E,8,88.0,E,8,1008.6016999999999,E,8,999.0,E,8,0.58,E,8,-9900,?,9,-9900,?,9,0.020999999999999998,E,8,-9900,?,9,-9900,?,9,0.21,99.0,E,8
05/10/2015,09:00,647.434,1338.992,250.15,1,8,91.482,1,8,205.959,1,8,30018.0,1,8,8690.804,1,8,22655.446,1,8,135.715,1,8,-9900,?,9,-9900,?,9,22.26,E,8,19.24,E,8,77.0,E,8,1008.6016999999999,E,8,999.0,E,8,1.05,E,8,-9900,?,9,-9900,?,9,0.0,E,8,-9900,?,9,-9900,?,9,0.0,0.0,E,8
05/10/2015,10:00,850.152,1338.992,397.62,1,8,140.228,1,8,308.625,1,8,47714.4,1,8,13321.686,1,8,33948.754,1,8,154.793,1,8,-9900,?,9,-9900,?,9,23.24,E,8,19.21,E,8,74.0,E,8,1008.6016999999999,E,8,999.0,E,8,1.76,E,8,-9900,?,9,-9900,?,9,0.0,E,8,-9900,?,9,-9900,?,9,0.0,0.0,E,8
05/10/2015,11:00,985.138,1338.992,507.54,1,8,145.14,1,8,400.783,1,8,60904.8,1,8,13788.282,1,8,44086.105,1,8,173.44,1,8,-9900,?,9,-9900,?,9,24.08,E,8,19.19,E,8,72.0,E,8,1008.6016999999999,E,8,999.0,E,8,2.55,E,8,-9900,?,9,-9900,?,9,0.0,E,8,-9900,?,9,-9900,?,9,0.0,0.0,E,8
05/10/2015,12:00,1043.135,1338.992,570.66,1,8,291.114,1,8,343.912,1,8,68479.2,1,8,27655.845,1,8,37830.348,1,8,140.546,1,8,-9900,?,9,-9900,?,9,24.74,E,8,19.17,E,8,70.0,E,8,1008.6016999999999,E,8,999.0,E,8,3.45,E,8,-9900,?,9,-9900,?,9,0.0,E,8,-9900,?,9,-9900,?,9,0.0,0.0,E,8
05/10/2015,13:00,1020.177,1338.992,582.13,1,8,342.436,1,8,321.283,1,8,69855.6,1,8,32531.464,1,8,35341.156,1,8,134.256,1,8,-9900,?,9,-9900,?,9,25.21,E,8,19.16,E,8,68.0,E,8,1008.6016999999999,E,8,999.0,E,8,3.84,E,8,-9900,?,9,-9900,?,9,0.0,E,8,-9900,?,9,-9900,?,9,0.0,0.0,E,8
05/10/2015,14:00,917.841,1338.992,541.12,1,8,414.196,1,8,257.295,1,8,64934.4,1,8,39348.577,1,8,28302.443,1,8,119.519,1,8,-9900,?,9,-9900,?,9,25.46,E,8,19.15,E,8,68.0,E,8,1008.6016999999999,E,8,999.0,E,8,4.48,E,8,-9900,?,9,-9900,?,9,0.0,E,8,-9900,?,9,-9900,?,9,0.0,0.0,E,8
05/10/2015,15:00,743.137,1338.992,450.7,1,8,523.657,1,8,160.263,1,8,54084.0,1,8,49747.393,1,8,17628.936,1,8,91.977,1,8,-9900,?,9,-9900,?,9,25.51,E,8,19.15,E,8,67.0,E,8,1008.6016999999999,E,8,999.0,E,8,4.39,E,8,-9900,?,9,-9900,?,9,0.0,E,8,-9900,?,9,-9900,?,9,0.0,0.0,E,8
05/10/2015,16:00,508.098,1338.992,318.08,1,8,482.965,1,8,135.129,1,8,38169.6,1,8,45881.695,1,8,14864.243,1,8,113.549,1,8,-9900,?,9,-9900,?,9,25.26,E,8,19.16,E,8,68.0,E,8,1008.6016999999999,E,8,999.0,E,8,3.93,E,8,-9900,?,9,-9900,?,9,0.0,E,8,-9900,?,9,-9900,?,9,0.0,0.0,E,8
05/10/2015,17:00,229.409,1338.992,156.31,1,8,316.371,1,8,102.605,1,8,18757.2,1,8,30055.264,1,8,11286.568,1,8,192.399,1,8,-9900,?,9,-9900,?,9,24.71,E,8,19.18,E,8,73.0,E,8,1008.6016999999999,E,8,999.0,E,8,3.75,E,8,-9900,?,9,-9900,?,9,0.004,E,8,-9900,?,9,-9900,?,9,0.04,99.0,E,8
05/10/2015,18:00,0.0,1338.992,9.52,1,8,0.0,1,8,0.0,1,8,1142.4,1,8,0.0,1,8,0.0,1,8,-0.0,1,8,-9900,?,9,-9900,?,9,24.29,E,8,19.19,E,8,74.0,E,8,1008.6016999999999,E,8,999.0,E,8,3.3,E,8,-9900,?,9,-9900,?,9,0.015,E,8,-9900,?,9,-9900,?,9,0.15,99.0,E,8
05/10/2015,19:00,0.0,1338.992,0.0,1,8,0.0,1,8,0.0,1,8,0.0,1,8,0.0,1,8,0.0,1,8,-0.0,1,8,-9900,?,9,-9900,?,9,23.87,E,8,19.2,E,8,75.0,E,8,1008.6016999999999,E,8,999.0,E,8,2.82,E,8,-9900,?,9,-9900,?,9,0.007000000000000001,E,8,-9900,?,9,-9900,?,9,0.07,99.0,E,8
05/10/2015,20:00,0.0,1338.992,0.0,1,8,0.0,1,8,0.0,1,8,0.0,1,8,0.0,1,8,0.0,1,8,-0.0,1,8,-9900,?,9,-9900,?,9,23.45,E,8,19.21,E,8,77.0,E,8,1008.6016999999999,E,8,999.0,E,8,2.66,E,8,-9900,?,9,-9900,?,9,0.01,E,8,-9900,?,9,-9900,?,9,0.1,99.0,E,8
05/10/2015,21:00,0.0,1338.992,0.0,1,8,0.0,1,8,0.0,1,8,0.0,1,8,0.0,1,8,0.0,1,8,-0.0,1,8,-9900,?,9,-9900,?,9,23.02,E,8,19.22,E,8,75.0,E,8,1008.6016999999999,E,8,999.0,E,8,2.08,E,8,-9900,?,9,-9900,?,9,0.0,E,8,-9900,?,9,-9900,?,9,0.0,0.0,E,8
05/10/2015,22:00,0.0,1338.992,0.0,1,8,0.0,1,8,0.0,1,8,0.0,1,8,0.0,1,8,0.0,1,8,-0.0,1,8,-9900,?,9,-9900,?,9,22.6,E,8,19.23,E,8,79.0,E,8,1008.6016999999999,E,8,999.0,E,8,1.67,E,8,-9900,?,9,-9900,?,9,0.033,E,8,-9900,?,9,-9900,?,9,0.33,99.0,E,8
05/10/2015,23:00,0.0,1338.992,0.0,1,8,0.0,1,8,0.0,1,8,0.0,1,8,0.0,1,8,0.0,1,8,-0.0,1,8,-9900,?,9,-9900,?,9,22.18,E,8,19.24,E,8,81.0,E,8,1008.6016999999999,E,8,999.0,E,8,0.82,E,8,-9900,?,9,-9900,?,9,0.001,E,8,-9900,?,9,-9900,?,9,0.01,99.0,E,8
05/10/2015,24:00,0.0,1338.992,0.0,1,8,0.0,1,8,0.0,1,8,0.0,1,8,0.0,1,8,0.0,1,8,-0.0,1,8,-9900,?,9,-9900,?,9,21.76,E,8,19.2,E,8,91.0,E,8,1008.6016999999999,E,8,999.0,E,8,1.94,E,8,-9900,?,9,-9900,?,9,0.45099999999999996,E,8,-9900,?,9,-9900,?,9,4.51,99.0,E,8
05/11/2015,01:00,0.0,1338.992,0.0,1,8,0.0,1,8,0.0,1,8,0.0,1,8,0.0,1,8,0.0,1,8,-0.0,1,8,-9900,?,9,-9900,?,9,21.55,E,8,19.25,E,8,87.0,E,8,1008.6016999999999,E,8,999.0,E,8,2.2,E,8,-9900,?,9,-9900,?,9,0.023,E,8,-9900,?,9,-9900,?,9,0.23,99.0,E,8
05/11/2015,02:00,0.0,1338.992,0.0,1,8,0.0,1,8,0.0,1,8,0.0,1,8,0.0,1,8,0.0,1,8,-0.0,1,8,-9900,?,9,-9900,?,9,21.34,E,8,19.31,E,8,89.0,E,8,1008.6016999999999,E,8,999.0,E,8,1.75,E,8,-9900,?,9,-9900,?,9,0.002,E,8,-9900,?,9,-9900,?,9,0.02,99.0,E,8
05/11/2015,03:00,0.0,1338.992,0.0,1,8,0.0,1,8,0.0,1,8,0.0,1,8,0.0,1,8,0.0,1,8,-0.0,1,8,-9900,?,9,-9900,?,9,21.13,E,8,19.36,E,8,90.0,E,8,1008.6016999999999,E,8,999.0,E,8,1.52,E,8,-9900,?,9,-9900,?,9,0.011,E,8,-9900,?,9,-9900,?,9,0.11,99.0,E,8
05/11/2015,04:00,0.0,1338.369,0.0,1,8,0.0,1,8,0.0,1,8,0.0,1,8,0.0,1,8,0.0,1,8,-0.0,1,8,-9900,?,9,-9900,?,9,20.92,E,8,19.42,E,8,87.0,E,8,1008.6016999999999,E,8,999.0,E,8,1.34,E,8,-9900,?,9,-9900,?,9,0.0,E,8,-9900,?,9,-9900,?,9,0.0,0.0,E,8
05/11/2015,05:00,0.0,1338.369,0.0,1,8,0.0,1,8,0.0,1,8,0.0,1,8,0.0,1,8,0.0,1,8,-0.0,1,8,-9900,?,9,-9900,?,9,20.71,E,8,19.47,E,8,88.0,E,8,1008.6016999999999,E,8,999.0,E,8,1.47,E,8,-9900,?,9,-9900,?,9,0.0,E,8,-9900,?,9,-9900,?,9,0.0,0.0,E,8
05/11/2015,06:00,0.0,1338.369,0.0,1,8,0.0,1,8,0.0,1,8,0.0,1,8,0.0,1,8,0.0,1,8,-0.0,1,8,-9900,?,9,-9900,?,9,20.54,E,8,19.52,E,8,94.0,E,8,1008.6016999999999,E,8,999.0,E,8,1.4,E,8,-9900,?,9,-9900,?,9,0.006,E,8,-9900,?,9,-9900,?,9,0.06,99.0,E,8
05/11/2015,07:00,98.386,1338.369,0.0,1,8,0.0,1,8,0.0,1,8,0.0,1,8,0.0,1,8,0.0,1,8,0.0,1,8,-9900,?,9,-9900,?,9,20.4,E,8,19.55,E,8,95.0,E,8,1008.6016999999999,E,8,999.0,E,8,1.69,E,8,-9900,?,9,-9900,?,9,0.004,E,8,-9900,?,9,-9900,?,9,0.04,99.0,E,8
05/11/2015,08:00,388.154,1338.369,121.47,1,8,76.426,1,8,99.375,1,8,14576.4,1,8,7260.455,1,8,10931.196,1,8,109.411,1,8,-9900,?,9,-9900,?,9,20.27,E,8,19.59,E,8,95.0,E,8,1008.6016999999999,E,8,999.0,E,8,1.78,E,8,-9900,?,9,-9900,?,9,0.001,E,8,-9900,?,9,-9900,?,9,0.01,99.0,E,8
05/11/2015,09:00,644.036,1338.369,367.04,1,8,379.413,1,8,184.64,1,8,44044.8,1,8,36044.196,1,8,20310.421,1,8,122.254,1,8,-9900,?,9,-9900,?,9,22.88,E,8,18.9,E,8,75.0,E,8,1008.6016999999999,E,8,999.0,E,8,2.67,E,8,-9900,?,9,-9900,?,9,0.0,E,8,-9900,?,9,-9900,?,9,0.0,0.0,E,8
05/11/2015,10:00,846.328,1338.369,583.1,1,8,687.72,1,8,148.406,1,8,69972.0,1,8,65333.396,1,8,16324.709,1,8,74.736,1,8,-9900,?,9,-9900,?,9,24.09,E,8,18.58,E,8,69.0,E,8,1008.6016999999999,E,8,999.0,E,8,4.03,E,8,-9900,?,9,-9900,?,9,0.0,E,8,-9900,?,9,-9900,?,9,0.0,0.0,E,8
05/11/2015,11:00,981.013,1338.369,744.42,1,8,884.708,1,8,96.101,1,8,89330.4,1,8,84047.261,1,8,10571.085,1,8,41.743,1,8,-9900,?,9,-9900,?,9,25.13,E,8,18.29,E,8,64.0,E,8,1008.6016999999999,E,8,999.0,E,8,4.89,E,8,-9900,?,9,-9900,?,9,0.0,E,8,-9900,?,9,-9900,?,9,0.0,0.0,E,8
05/11/2015,12:00,1038.854,1338.369,838.72,1,8,753.082,1,8,254.284,1,8,100646.4,1,8,71542.78,1,8,27971.283,1,8,104.298,1,8,-9900,?,9,-9900,?,9,25.96,E,8,18.06,E,8,61.0,E,8,1008.6016999999999,E,8,999.0,E,8,5.12,E,8,-9900,?,9,-9900,?,9,0.0,E,8,-9900,?,9,-9900,?,9,0.0,0.0,E,8
05/11/2015,13:00,1015.897,1338.369,853.05,1,8,819.182,1,8,231.38,1,8,102366.0,1,8,77822.281,1,8,25451.767,1,8,97.05,1,8,-9900,?,9,-9900,?,9,26.53,E,8,17.9,E,8,58.0,E,8,1008.6016999999999,E,8,999.0,E,8,4.98,E,8,-9900,?,9,-9900,?,9,0.0,E,8,-9900,?,9,-9900,?,9,0.0,0.0,E,8
05/11/2015,14:00,913.715,1338.369,792.37,1,8,809.45,1,8,239.938,1,8,95084.4,1,8,76897.731,1,8,26393.186,1,8,111.908,1,8,-9900,?,9,-9900,?,9,26.85,E,8,17.81,E,8,57.0,E,8,1008.6016999999999,E,8,999.0,E,8,5.65,E,8,-9900,?,9,-9900,?,9,0.0,E,8,-9900,?,9,-9900,?,9,0.0,0.0,E,8
05/11/2015,15:00,739.313,1338.369,661.88,1,8,814.303,1,8,212.36,1,8,79425.6,1,8,77358.8,1,8,23359.643,1,8,122.451,1,8,-9900,?,9,-9900,?,9,26.91,E,8,17.8,E,8,57.0,E,8,1008.6016999999999,E,8,999.0,E,8,6.02,E,8,-9900,?,9,-9900,?,9,0.0,E,8,-9900,?,9,-9900,?,9,0.0,0.0,E,8
05/11/2015,16:00,504.7,1338.369,464.62,1,8,803.428,1,8,162.178,1,8,55754.4,1,8,76325.628,1,8,17839.591,1,8,137.135,1,8,-9900,?,9,-9900,?,9,26.6,E,8,17.88,E,8,58.0,E,8,1008.6016999999999,E,8,999.0,E,8,5.97,E,8,-9900,?,9,-9900,?,9,0.0,E,8,-9900,?,9,-9900,?,9,0.0,0.0,E,8
05/11/2015,17:00,226.548,1338.369,227.15,1,8,385.56,1,8,162.501,1,8,27258.0,1,8,36628.205,1,8,17875.086,1,8,308.485,1,8,-9900,?,9,-9900,?,9,25.91,E,8,18.08,E,8,61.0,E,8,1008.6016999999999,E,8,999.0,E,8,4.79,E,8,-9900,?,9,-9900,?,9,0.0,E,8,-9900,?,9,-9900,?,9,0.0,0.0,E,8
05/11/2015,18:00,0.0,1338.369,13.04,1,8,0.0,1,8,0.0,1,8,1564.8,1,8,0.0,1,8,0.0,1,8,-0.0,1,8,-9900,?,9,-9900,?,9,25.41,E,8,18.22,E,8,63.0,E,8,1008.6016999999999,E,8,999.0,E,8,3.48,E,8,-9900,?,9,-9900,?,9,0.0,E,8,-9900,?,9,-9900,?,9,0.0,0.0,E,8
05/11/2015,19:00,0.0,1338.369,0.0,1,8,0.0,1,8,0.0,1,8,0.0,1,8,0.0,1,8,0.0,1,8,-0.0,1,8,-9900,?,9,-9900,?,9,24.91,E,8,18.35,E,8,65.0,E,8,1008.6016999999999,E,8,999.0,E,8,2.28,E,8,-9900,?,9,-9900,?,9,0.0,E,8,-9900,?,9,-9900,?,9,0.0,0.0,E,8
05/11/2015,20:00,0.0,1338.369,0.0,1,8,0.0,1,8,0.0,1,8,0.0,1,8,0.0,1,8,0.0,1,8,-0.0,1,8,-9900,?,9,-9900,?,9,24.41,E,8,18.49,E,8,68.0,E,8,1008.6016999999999,E,8,999.0,E,8,2.14,E,8,-9900,?,9,-9900,?,9,0.0,E,8,-9900,?,9,-9900,?,9,0.0,0.0,E,8
05/11/2015,21:00,0.0,1338.369,0.0,1,8,0.0,1,8,0.0,1,8,0.0,1,8,0.0,1,8,0.0,1,8,-0.0,1,8,-9900,?,9,-9900,?,9,23.91,E,8,18.63,E,8,70.0,E,8,1008.6016999999999,E,8,999.0,E,8,1.35,E,8,-9900,?,9,-9900,?,9,0.0,E,8,-9900,?,9,-9900,?,9,0.0,0.0,E,8
05/11/2015,22:00,0.0,1338.369,0.0,1,8,0.0,1,8,0.0,1,8,0.0,1,8,0.0,1,8,0.0,1,8,-0.0,1,8,-9900,?,9,-9900,?,9,23.41,E,8,18.76,E,8,73.0,E,8,1008.6016999999999,E,8,999.0,E,8,1.3,E,8,-9900,?,9,-9900,?,9,0.0,E,8,-9900,?,9,-9900,?,9,0.0,0.0,E,8
05/11/2015,23:00,0.0,1338.369,0.0,1,8,0.0,1,8,0.0,1,8,0.0,1,8,0.0,1,8,0.0,1,8,-0.0,1,8,-9900,?,9,-9900,?,9,22.91,E,8,18.9,E,8,75.0,E,8,1008.6016999999999,E,8,999.0,E,8,1.3,E,8,-9900,?,9,-9900,?,9,0.0,E,8,-9900,?,9,-9900,?,9,0.0,0.0,E,8
05/11/2015,24:00,0.0,1338.369,0.0,1,8,0.0,1,8,0.0,1,8,0.0,1,8,0.0,1,8,0.0,1,8,-0.0,1,8,-9900,?,9,-9900,?,9,22.41,E,8,20.0,E,8,83.0,E,8,1008.6016999999999,E,8,999.0,E,8,1.03,E,8,-9900,?,9,-9900,?,9,0.0,E,8,-9900,?,9,-9900,?,9,0.0,0.0,E,8
05/12/2015,01:00,0.0,1338.369,0.0,1,8,0.0,1,8,0.0,1,8,0.0,1,8,0.0,1,8,0.0,1,8,-0.0,1,8,-9900,?,9,-9900,?,9,22.16,E,8,19.91,E,8,84.0,E,8,1008.6016999999999,E,8,999.0,E,8,1.08,E,8,-9900,?,9,-9900,?,9,0.0,E,8,-9900,?,9,-9900,?,9,0.0,0.0,E,8
05/12/2015,02:00,0.0,1338.369,0.0,1,8,0.0,1,8,0.0,1,8,0.0,1,8,0.0,1,8,0.0,1,8,-0.0,1,8,-9900,?,9,-9900,?,9,21.91,E,8,19.82,E,8,84.0,E,8,1008.6016999999999,E,8,999.0,E,8,1.03,E,8,-9900,?,9,-9900,?,9,0.0,E,8,-9900,?,9,-9900,?,9,0.0,0.0,E,8
05/12/2015,03:00,0.0,1338.369,0.0,1,8,0.0,1,8,0.0,1,8,0.0,1,8,0.0,1,8,0.0,1,8,-0.0,1,8,-9900,?,9,-9900,?,9,21.66,E,8,19.73,E,8,85.0,E,8,1008.6016999999999,E,8,999.0,E,8,1.03,E,8,-9900,?,9,-9900,?,9,0.0,E,8,-9900,?,9,-9900,?,9,0.0,0.0,E,8
05/12/2015,04:00,0.0,1337.754,0.0,1,8,0.0,1,8,0.0,1,8,0.0,1,8,0.0,1,8,0.0,1,8,-0.0,1,8,-9900,?,9,-9900,?,9,21.41,E,8,19.64,E,8,90.0,E,8,1008.6016999999999,E,8,999.0,E,8,1.03,E,8,-9900,?,9,-9900,?,9,0.001,E,8,-9900,?,9,-9900,?,9,0.01,99.0,E,8
05/12/2015,05:00,0.0,1337.754,0.0,1,8,0.0,1,8,0.0,1,8,0.0,1,8,0.0,1,8,0.0,1,8,-0.0,1,8,-9900,?,9,-9900,?,9,21.16,E,8,19.55,E,8,86.0,E,8,1008.6016999999999,E,8,999.0,E,8,1.03,E,8,-9900,?,9,-9900,?,9,0.0,E,8,-9900,?,9,-9900,?,9,0.0,0.0,E,8
05/12/2015,06:00,0.0,1337.754,0.0,1,8,0.0,1,8,0.0,1,8,0.0,1,8,0.0,1,8,0.0,1,8,-0.0,1,8,-9900,?,9,-9900,?,9,20.96,E,8,19.48,E,8,87.0,E,8,1008.6016999999999,E,8,999.0,E,8,1.03,E,8,-9900,?,9,-9900,?,9,0.0,E,8,-9900,?,9,-9900,?,9,0.0,0.0,E,8
05/12/2015,07:00,96.149,1337.754,0.0,1,8,0.0,1,8,0.0,1,8,0.0,1,8,0.0,1,8,0.0,1,8,0.0,1,8,-9900,?,9,-9900,?,9,20.8,E,8,19.42,E,8,91.0,E,8,1008.6016999999999,E,8,999.0,E,8,1.03,E,8,-9900,?,9,-9900,?,9,0.002,E,8,-9900,?,9,-9900,?,9,0.02,99.0,E,8
05/12/2015,08:00,385.284,1337.754,104.54,1,8,24.39,1,8,97.538,1,8,12544.8,1,8,2317.021,1,8,10729.172,1,8,108.144,1,8,-9900,?,9,-9900,?,9,20.63,E,8,19.36,E,8,92.0,E,8,1008.6016999999999,E,8,999.0,E,8,1.03,E,8,-9900,?,9,-9900,?,9,0.003,E,8,-9900,?,9,-9900,?,9,0.03,99.0,E,8
05/12/2015,09:00,640.654,1337.754,312.34,1,8,232.601,1,8,201.056,1,8,37480.8,1,8,22097.113,1,8,22116.167,1,8,133.766,1,8,-9900,?,9,-9900,?,9,22.99,E,8,20.21,E,8,82.0,E,8,1008.6016999999999,E,8,999.0,E,8,1.03,E,8,-9900,?,9,-9900,?,9,0.0,E,8,-9900,?,9,-9900,?,9,0.0,0.0,E,8
05/12/2015,10:00,842.534,1337.754,504.87,1,8,449.238,1,8,222.06,1,8,60584.4,1,8,42677.622,1,8,24426.652,1,8,112.28,1,8,-9900,?,9,-9900,?,9,24.1,E,8,20.59,E,8,79.0,E,8,1008.6016999999999,E,8,999.0,E,8,1.67,E,8,-9900,?,9,-9900,?,9,0.0,E,8,-9900,?,9,-9900,?,9,0.0,0.0,E,8
05/12/2015,11:00,976.933,1337.754,642.72,1,8,587.72,1,8,213.631,1,8,77126.4,1,8,55833.372,1,8,23499.458,1,8,93.141,1,8,-9900,?,9,-9900,?,9,25.05,E,8,20.92,E,8,76.0,E,8,1008.6016999999999,E,8,999.0,E,8,2.44,E,8,-9900,?,9,-9900,?,9,0.0,E,8,-9900,?,9,-9900,?,9,0.0,0.0,E,8
05/12/2015,12:00,1034.633,1337.754,723.22,1,8,708.751,1,8,175.173,1,8,86786.4,1,8,67331.386,1,8,19269.008,1,8,72.11,1,8,-9900,?,9,-9900,?,9,25.8,E,8,21.17,E,8,75.0,E,8,1008.6016999999999,E,8,999.0,E,8,2.85,E,8,-9900,?,9,-9900,?,9,0.0,E,8,-9900,?,9,-9900,?,9,0.0,0.0,E,8
05/12/2015,13:00,1011.688,1337.754,727.18,1,8,796.514,1,8,124.942,1,8,87261.6,1,8,75668.867,1,8,13743.588,1,8,52.6,1,8,-9900,?,9,-9900,?,9,26.31,E,8,21.34,E,8,73.0,E,8,1008.6016999999999,E,8,999.0,E,8,3.13,E,8,-9900,?,9,-9900,?,9,0.0,E,8,-9900,?,9,-9900,?,9,0.0,0.0,E,8
05/12/2015,14:00,909.673,1337.754,675.42,1,8,860.392,1,8,90.553,1,8,81050.4,1,8,81737.264,1,8,9960.802,1,8,42.402,1,8,-9900,?,9,-9900,?,9,26.59,E,8,21.43,E,8,73.0,E,8,1008.6016999999999,E,8,999.0,E,8,3.56,E,8,-9900,?,9,-9900,?,9,0.0,E,8,-9900,?,9,-9900,?,9,0.0,0.0,E,8
05/12/2015,15:00,735.58,1337.754,559.69,1,8,754.693,1,8,144.993,1,8,67162.8,1,8,71695.855,1,8,15949.271,1,8,83.992,1,8,-9900,?,9,-9900,?,9,26.63,E,8,21.44,E,8,73.0,E,8,1008.6016999999999,E,8,999.0,E,8,3.72,E,8,-9900,?,9,-9900,?,9,0.0,E,8,-9900,?,9,-9900,?,9,0.0,0.0,E,8
05/12/2015,16:00,501.4,1337.754,396.5,1,8,704.852,1,8,132.787,1,8,47580.0,1,8,66960.893,1,8,14606.52,1,8,112.972,1,8,-9900,?,9,-9900,?,9,26.34,E,8,21.35,E,8,73.0,E,8,1008.6016999999999,E,8,999.0,E,8,3.64,E,8,-9900,?,9,-9900,?,9,0.0,E,8,-9900,?,9,-9900,?,9,0.0,0.0,E,8
05/12/2015,17:00,223.785,1337.754,189.75,1,8,365.482,1,8,129.2,1,8,22770.0,1,8,34720.802,1,8,14212.035,1,8,248.238,1,8,-9900,?,9,-9900,?,9,25.72,E,8,21.14,E,8,75.0,E,8,1008.6016999999999,E,8,999.0,E,8,3.17,E,8,-9900,?,9,-9900,?,9,0.0,E,8,-9900,?,9,-9900,?,9,0.0,0.0,E,8
05/12/2015,18:00,0.0,1337.754,9.09,1,8,0.0,1,8,0.0,1,8,1090.8,1,8,0.0,1,8,0.0,1,8,-0.0,1,8,-9900,?,9,-9900,?,9,25.26,E,8,20.99,E,8,80.0,E,8,1008.6016999999999,E,8,999.0,E,8,2.92,E,8,-9900,?,9,-9900,?,9,0.001,E,8,-9900,?,9,-9900,?,9,0.01,99.0,E,8
05/12/2015,19:00,0.0,1337.754,0.0,1,8,0.0,1,8,0.0,1,8,0.0,1,8,0.0,1,8,0.0,1,8,-0.0,1,8,-9900,?,9,-9900,?,9,24.8,E,8,20.83,E,8,81.0,E,8,1008.6016999999999,E,8,999.0,E,8,2.88,E,8,-9900,?,9,-9900,?,9,0.007000000000000001,E,8,-9900,?,9,-9900,?,9,0.07,99.0,E,8
05/12/2015,20:00,0.0,1337.754,0.0,1,8,0.0,1,8,0.0,1,8,0.0,1,8,0.0,1,8,0.0,1,8,-0.0,1,8,-9900,?,9,-9900,?,9,24.34,E,8,20.68,E,8,82.0,E,8,1008.6016999999999,E,8,999.0,E,8,2.4,E,8,-9900,?,9,-9900,?,9,0.005,E,8,-9900,?,9,-9900,?,9,0.05,99.0,E,8
05/12/2015,21:00,0.0,1337.754,0.0,1,8,0.0,1,8,0.0,1,8,0.0,1,8,0.0,1,8,0.0,1,8,-0.0,1,8,-9900,?,9,-9900,?,9,23.88,E,8,20.52,E,8,87.0,E,8,1008.6016999999999,E,8,999.0,E,8,1.79,E,8,-9900,?,9,-9900,?,9,0.346,E,8,-9900,?,9,-9900,?,9,3.46,99.0,E,8
05/12/2015,22:00,0.0,1337.754,0.0,1,8,0.0,1,8,0.0,1,8,0.0,1,8,0.0,1,8,0.0,1,8,-0.0,1,8,-9900,?,9,-9900,?,9,23.42,E,8,20.36,E,8,84.0,E,8,1008.6016999999999,E,8,999.0,E,8,1.58,E,8,-9900,?,9,-9900,?,9,0.022,E,8,-9900,?,9,-9900,?,9,0.22,99.0,E,8
05/12/2015,23:00,0.0,1337.754,0.0,1,8,0.0,1,8,0.0,1,8,0.0,1,8,0.0,1,8,0.0,1,8,-0.0,1,8,-9900,?,9,-9900,?,9,22.96,E,8,20.2,E,8,86.0,E,8,1008.6016999999999,E,8,999.0,E,8,1.65,E,8,-9900,?,9,-9900,?,9,0.012,E,8,-9900,?,9,-9900,?,9,0.12,99.0,E,8
05/12/2015,24:00,0.0,1337.754,0.0,1,8,0.0,1,8,0.0,1,8,0.0,1,8,0.0,1,8,0.0,1,8,-0.0,1,8,-9900,?,9,-9900,?,9,22.49,E,8,20.4,E,8,85.0,E,8,1008.6016999999999,E,8,999.0,E,8,1.92,E,8,-9900,?,9,-9900,?,9,0.0,E,8,-9900,?,9,-9900,?,9,0.0,0.0,E,8
05/13/2015,01:00,0.0,1337.754,0.0,1,8,0.0,1,8,0.0,1,8,0.0,1,8,0.0,1,8,0.0,1,8,-0.0,1,8,-9900,?,9,-9900,?,9,22.26,E,8,20.32,E,8,86.0,E,8,1008.6016999999999,E,8,999.0,E,8,1.47,E,8,-9900,?,9,-9900,?,9,0.0,E,8,-9900,?,9,-9900,?,9,0.0,0.0,E,8
05/13/2015,02:00,0.0,1337.754,0.0,1,8,0.0,1,8,0.0,1,8,0.0,1,8,0.0,1,8,0.0,1,8,-0.0,1,8,-9900,?,9,-9900,?,9,22.03,E,8,20.25,E,8,86.0,E,8,1008.6016999999999,E,8,999.0,E,8,1.32,E,8,-9900,?,9,-9900,?,9,0.0,E,8,-9900,?,9,-9900,?,9,0.0,0.0,E,8
05/13/2015,03:00,0.0,1337.754,0.0,1,8,0.0,1,8,0.0,1,8,0.0,1,8,0.0,1,8,0.0,1,8,-0.0,1,8,-9900,?,9,-9900,?,9,21.8,E,8,20.17,E,8,87.0,E,8,1008.6016999999999,E,8,999.0,E,8,1.32,E,8,-9900,?,9,-9900,?,9,0.0,E,8,-9900,?,9,-9900,?,9,0.0,0.0,E,8
05/13/2015,04:00,0.0,1337.149,0.0,1,8,0.0,1,8,0.0,1,8,0.0,1,8,0.0,1,8,0.0,1,8,-0.0,1,8,-9900,?,9,-9900,?,9,21.57,E,8,20.1,E,8,92.0,E,8,1008.6016999999999,E,8,999.0,E,8,1.32,E,8,-9900,?,9,-9900,?,9,0.001,E,8,-9900,?,9,-9900,?,9,0.01,99.0,E,8
05/13/2015,05:00,0.0,1337.149,0.0,1,8,0.0,1,8,0.0,1,8,0.0,1,8,0.0,1,8,0.0,1,8,-0.0,1,8,-9900,?,9,-9900,?,9,21.34,E,8,20.02,E,8,92.0,E,8,1008.6016999999999,E,8,999.0,E,8,1.32,E,8,-9900,?,9,-9900,?,9,0.003,E,8,-9900,?,9,-9900,?,9,0.03,99.0,E,8
05/13/2015,06:00,0.0,1337.149,0.0,1,8,0.0,1,8,0.0,1,8,0.0,1,8,0.0,1,8,0.0,1,8,-0.0,1,8,-9900,?,9,-9900,?,9,21.16,E,8,19.96,E,8,93.0,E,8,1008.6016999999999,E,8,999.0,E,8,1.32,E,8,-9900,?,9,-9900,?,9,0.012,E,8,-9900,?,9,-9900,?,9,0.12,99.0,E,8
05/13/2015,07:00,93.912,1337.149,0.0,1,8,0.0,1,8,0.0,1,8,0.0,1,8,0.0,1,8,0.0,1,8,0.0,1,8,-9900,?,9,-9900,?,9,21.01,E,8,19.91,E,8,93.0,E,8,1008.6016999999999,E,8,999.0,E,8,1.32,E,8,-9900,?,9,-9900,?,9,0.034,E,8,-9900,?,9,-9900,?,9,0.34,99.0,E,8
05/13/2015,08:00,382.422,1337.149,76.93,1,8,0.0,1,8,76.93,1,8,9231.6,1,8,0.0,1,8,8462.3,1,8,85.899,1,8,-9900,?,9,-9900,?,9,20.86,E,8,19.86,E,8,90.0,E,8,1008.6016999999999,E,8,999.0,E,8,1.32,E,8,-9900,?,9,-9900,?,9,0.0,E,8,-9900,?,9,-9900,?,9,0.0,0.0,E,8
05/13/2015,09:00,637.292,1337.149,234.62,1,8,74.554,1,8,199.123,1,8,28154.4,1,8,7082.633,1,8,21903.476,1,8,133.12,1,8,-9900,?,9,-9900,?,9,23.05,E,8,20.58,E,8,83.0,E,8,1008.6016999999999,E,8,999.0,E,8,1.77,E,8,-9900,?,9,-9900,?,9,0.0,E,8,-9900,?,9,-9900,?,9,0.0,0.0,E,8
05/13/2015,10:00,838.774,1337.149,374.72,1,8,117.953,1,8,300.763,1,8,44966.4,1,8,11205.568,1,8,33083.936,1,8,152.688,1,8,-9900,?,9,-9900,?,9,24.07,E,8,20.91,E,8,81.0,E,8,1008.6016999999999,E,8,999.0,E,8,3.25,E,8,-9900,?,9,-9900,?,9,0.0,E,8,-9900,?,9,-9900,?,9,0.0,0.0,E,8
05/13/2015,11:00,972.9,1337.149,479.16,1,8,122.858,1,8,389.793,1,8,57499.2,1,8,11671.467,1,8,42877.233,1,8,170.572,1,8,-9900,?,9,-9900,?,9,24.95,E,8,21.19,E,8,78.0,E,8,1008.6016999999999,E,8,999.0,E,8,3.54,E,8,-9900,?,9,-9900,?,9,0.0,E,8,-9900,?,9,-9900,?,9,0.0,0.0,E,8
05/13/2015,12:00,1030.473,1337.149,539.09,1,8,180.672,1,8,399.883,1,8,64690.8,1,8,17163.83,1,8,43987.163,1,8,165.201,1,8,-9900,?,9,-9900,?,9,25.65,E,8,21.41,E,8,76.0,E,8,1008.6016999999999,E,8,999.0,E,8,4.2,E,8,-9900,?,9,-9900,?,9,0.0,E,8,-9900,?,9,-9900,?,9,0.0,0.0,E,8
05/13/2015,13:00,1007.554,1337.149,549.94,1,8,292.036,1,8,329.937,1,8,65992.8,1,8,27743.415,1,8,36293.104,1,8,139.409,1,8,-9900,?,9,-9900,?,9,26.14,E,8,21.56,E,8,75.0,E,8,1008.6016999999999,E,8,999.0,E,8,5.32,E,8,-9900,?,9,-9900,?,9,0.0,E,8,-9900,?,9,-9900,?,9,0.0,0.0,E,8
05/13/2015,14:00,905.717,1337.149,510.9,1,8,355.69,1,8,270.057,1,8,61308.0,1,8,33790.534,1,8,29706.269,1,8,126.953,1,8,-9900,?,9,-9900,?,9,26.41,E,8,21.65,E,8,75.0,E,8,1008.6016999999999,E,8,999.0,E,8,5.91,E,8,-9900,?,9,-9900,?,9,0.0,E,8,-9900,?,9,-9900,?,9,0.0,0.0,E,8
05/13/2015,15:00,731.942,1337.149,424.91,1,8,453.887,1,8,176.627,1,8,50989.2,1,8,43119.252,1,8,19428.966,1,8,102.78,1,8,-9900,?,9,-9900,?,9,26.46,E,8,21.66,E,8,74.0,E,8,1008.6016999999999,E,8,999.0,E,8,6.24,E,8,-9900,?,9,-9900,?,9,0.0,E,8,-9900,?,9,-9900,?,9,0.0,0.0,E,8
05/13/2015,16:00,498.198,1337.149,298.83,1,8,424.898,1,8,140.806,1,8,35859.6,1,8,40365.295,1,8,15488.655,1,8,120.513,1,8,-9900,?,9,-9900,?,9,26.2,E,8,21.58,E,8,75.0,E,8,1008.6016999999999,E,8,999.0,E,8,5.86,E,8,-9900,?,9,-9900,?,9,0.0,E,8,-9900,?,9,-9900,?,9,0.0,0.0,E,8
05/13/2015,17:00,221.122,1337.149,145.16,1,8,316.439,1,8,93.347,1,8,17419.2,1,8,30061.718,1,8,10268.193,1,8,181.47,1,8,-9900,?,9,-9900,?,9,25.62,E,8,21.4,E,8,81.0,E,8,1008.6016999999999,E,8,999.0,E,8,4.93,E,8,-9900,?,9,-9900,?,9,0.004,E,8,-9900,?,9,-9900,?,9,0.04,99.0,E,8
05/13/2015,18:00,0.0,1337.149,7.57,1,8,0.0,1,8,0.0,1,8,908.4,1,8,0.0,1,8,0.0,1,8,-0.0,1,8,-9900,?,9,-9900,?,9,25.07,E,8,21.23,E,8,82.0,E,8,1008.6016999999999,E,8,999.0,E,8,4.71,E,8,-9900,?,9,-9900,?,9,0.002,E,8,-9900,?,9,-9900,?,9,0.02,99.0,E,8
05/13/2015,19:00,0.0,1337.149,0.0,1,8,0.0,1,8,0.0,1,8,0.0,1,8,0.0,1,8,0.0,1,8,-0.0,1,8,-9900,?,9,-9900,?,9,24.53,E,8,21.06,E,8,92.0,E,8,1008.6016999999999,E,8,999.0,E,8,3.73,E,8,-9900,?,9,-9900,?,9,0.512,E,8,-9900,?,9,-9900,?,9,5.12,99.0,E,8
05/13/2015,20:00,0.0,1337.149,0.0,1,8,0.0,1,8,0.0,1,8,0.0,1,8,0.0,1,8,0.0,1,8,-0.0,1,8,-9900,?,9,-9900,?,9,23.98,E,8,20.88,E,8,85.0,E,8,1008.6016999999999,E,8,999.0,E,8,2.62,E,8,-9900,?,9,-9900,?,9,0.019,E,8,-9900,?,9,-9900,?,9,0.19,99.0,E,8
05/13/2015,21:00,0.0,1337.149,0.0,1,8,0.0,1,8,0.0,1,8,0.0,1,8,0.0,1,8,0.0,1,8,-0.0,1,8,-9900,?,9,-9900,?,9,23.43,E,8,20.71,E,8,86.0,E,8,1008.6016999999999,E,8,999.0,E,8,1.91,E,8,-9900,?,9,-9900,?,9,0.008,E,8,-9900,?,9,-9900,?,9,0.08,99.0,E,8
05/13/2015,22:00,0.0,1337.149,0.0,1,8,0.0,1,8,0.0,1,8,0.0,1,8,0.0,1,8,0.0,1,8,-0.0,1,8,-9900,?,9,-9900,?,9,22.88,E,8,20.53,E,8,88.0,E,8,1008.6016999999999,E,8,999.0,E,8,1.51,E,8,-9900,?,9,-9900,?,9,0.001,E,8,-9900,?,9,-9900,?,9,0.01,99.0,E,8
05/13/2015,23:00,0.0,1337.149,0.0,1,8,0.0,1,8,0.0,1,8,0.0,1,8,0.0,1,8,0.0,1,8,-0.0,1,8,-9900,?,9,-9900,?,9,22.34,E,8,20.35,E,8,90.0,E,8,1008.6016999999999,E,8,999.0,E,8,1.32,E,8,-9900,?,9,-9900,?,9,0.006,E,8,-9900,?,9,-9900,?,9,0.06,99.0,E,8
05/13/2015,24:00,0.0,1337.149,0.0,1,8,0.0,1,8,0.0,1,8,0.0,1,8,0.0,1,8,0.0,1,8,-0.0,1,8,-9900,?,9,-9900,?,9,21.79,E,8,18.41,E,8,81.0,E,8,1008.6016999999999,E,8,999.0,E,8,0.92,E,8,-9900,?,9,-9900,?,9,0.0,E,8,-9900,?,9,-9900,?,9,0.0,0.0,E,8
05/14/2015,01:00,0.0,1337.149,0.0,1,8,0.0,1,8,0.0,1,8,0.0,1,8,0.0,1,8,0.0,1,8,-0.0,1,8,-9900,?,9,-9900,?,9,21.51,E,8,18.34,E,8,82.0,E,8,1008.6016999999999,E,8,999.0,E,8,0.92,E,8,-9900,?,9,-9900,?,9,0.0,E,8,-9900,?,9,-9900,?,9,0.0,0.0,E,8
05/14/2015,02:00,0.0,1337.149,0.0,1,8,0.0,1,8,0.0,1,8,0.0,1,8,0.0,1,8,0.0,1,8,-0.0,1,8,-9900,?,9,-9900,?,9,21.24,E,8,18.26,E,8,83.0,E,8,1008.6016999999999,E,8,999.0,E,8,0.92,E,8,-9900,?,9,-9900,?,9,0.0,E,8,-9900,?,9,-9900,?,9,0.0,0.0,E,8
05/14/2015,03:00,0.0,1337.149,0.0,1,8,0.0,1,8,0.0,1,8,0.0,1,8,0.0,1,8,0.0,1,8,-0.0,1,8,-9900,?,9,-9900,?,9,20.97,E,8,18.19,E,8,84.0,E,8,1008.6016999999999,E,8,999.0,E,8,0.92,E,8,-9900,?,9,-9900,?,9,0.0,E,8,-9900,?,9,-9900,?,9,0.0,0.0,E,8
05/14/2015,04:00,0.0,1336.552,0.0,1,8,0.0,1,8,0.0,1,8,0.0,1,8,0.0,1,8,0.0,1,8,-0.0,1,8,-9900,?,9,-9900,?,9,20.69,E,8,18.12,E,8,85.0,E,8,1008.6016999999999,E,8,999.0,E,8,0.92,E,8,-9900,?,9,-9900,?,9,0.0,E,8,-9900,?,9,-9900,?,9,0.0,0.0,E,8
05/14/2015,05:00,0.0,1336.552,0.0,1,8,0.0,1,8,0.0,1,8,0.0,1,8,0.0,1,8,0.0,1,8,-0.0,1,8,-9900,?,9,-9900,?,9,20.42,E,8,18.04,E,8,86.0,E,8,1008.6016999999999,E,8,999.0,E,8,0.92,E,8,-9900,?,9,-9900,?,9,0.0,E,8,-9900,?,9,-9900,?,9,0.0,0.0,E,8
05/14/2015,06:00,0.0,1336.552,0.0,1,8,0.0,1,8,0.0,1,8,0.0,1,8,0.0,1,8,0.0,1,8,-0.0,1,8,-9900,?,9,-9900,?,9,20.21,E,8,17.99,E,8,87.0,E,8,1008.6016999999999,E,8,999.0,E,8,0.92,E,8,-9900,?,9,-9900,?,9,0.0,E,8,-9900,?,9,-9900,?,9,0.0,0.0,E,8
05/14/2015,07:00,91.676,1336.552,0.0,1,8,0.0,1,8,0.0,1,8,0.0,1,8,0.0,1,8,0.0,1,8,0.0,1,8,-9900,?,9,-9900,?,9,20.03,E,8,17.94,E,8,87.0,E,8,1008.6016999999999,E,8,999.0,E,8,0.92,E,8,-9900,?,9,-9900,?,9,0.0,E,8,-9900,?,9,-9900,?,9,0.0,0.0,E,8
05/14/2015,08:00,379.569,1336.552,115.7,1,8,65.173,1,8,97.252,1,8,13884.0,1,8,6191.479,1,8,10697.726,1,8,109.363,1,8,-9900,?,9,-9900,?,9,19.85,E,8,17.89,E,8,88.0,E,8,1008.6016999999999,E,8,999.0,E,8,0.92,E,8,-9900,?,9,-9900,?,9,0.0,E,8,-9900,?,9,-9900,?,9,0.0,0.0,E,8
05/14/2015,09:00,633.95,1336.552,355.15,1,8,360.62,1,8,184.274,1,8,42618.0,1,8,34258.853,1,8,20270.131,1,8,123.789,1,8,-9900,?,9,-9900,?,9,22.45,E,8,18.59,E,8,78.0,E,8,1008.6016999999999,E,8,999.0,E,8,0.92,E,8,-9900,?,9,-9900,?,9,0.0,E,8,-9900,?,9,-9900,?,9,0.0,0.0,E,8
05/14/2015,10:00,835.048,1336.552,571.3,1,8,676.093,1,8,149.085,1,8,68556.0,1,8,64228.85,1,8,16399.404,1,8,75.99,1,8,-9900,?,9,-9900,?,9,23.69,E,8,18.91,E,8,74.0,E,8,1008.6016999999999,E,8,999.0,E,8,1.57,E,8,-9900,?,9,-9900,?,9,0.0,E,8,-9900,?,9,-9900,?,9,0.0,0.0,E,8
05/14/2015,11:00,968.917,1336.552,733.22,1,8,880.926,1,8,94.772,1,8,87986.4,1,8,83687.973,1,8,10424.97,1,8,41.624,1,8,-9900,?,9,-9900,?,9,24.76,E,8,19.19,E,8,71.0,E,8,1008.6016999999999,E,8,999.0,E,8,2.63,E,8,-9900,?,9,-9900,?,9,0.0,E,8,-9900,?,9,-9900,?,9,0.0,0.0,E,8
05/14/2015,12:00,1026.377,1336.552,828.79,1,8,752.497,1,8,251.044,1,8,99454.8,1,8,71487.187,1,8,27614.844,1,8,104.08,1,8,-9900,?,9,-9900,?,9,25.61,E,8,19.4,E,8,68.0,E,8,1008.6016999999999,E,8,999.0,E,8,3.09,E,8,-9900,?,9,-9900,?,9,0.0,E,8,-9900,?,9,-9900,?,9,0.0,0.0,E,8
05/14/2015,13:00,1003.498,1336.552,849.86,1,8,818.925,1,8,235.142,1,8,101983.2,1,8,77797.912,1,8,25865.583,1,8,99.712,1,8,-9900,?,9,-9900,?,9,26.22,E,8,19.56,E,8,66.0,E,8,1008.6016999999999,E,8,999.0,E,8,3.47,E,8,-9900,?,9,-9900,?,9,0.0,E,8,-9900,?,9,-9900,?,9,0.0,0.0,E,8
05/14/2015,14:00,901.849,1336.552,797.01,1,8,803.623,1,8,254.949,1,8,95641.2,1,8,76344.204,1,8,28044.412,1,8,120.312,1,8,-9900,?,9,-9900,?,9,26.57,E,8,19.64,E,8,65.0,E,8,1008.6016999999999,E,8,999.0,E,8,4.2,E,8,-9900,?,9,-9900,?,9,0.0,E,8,-9900,?,9,-9900,?,9,0.0,0.0,E,8
05/14/2015,15:00,728.399,1336.552,670.4,1,8,797.889,1,8,235.865,1,8,80448.0,1,8,75799.486,1,8,25945.135,1,8,137.858,1,8,-9900,?,9,-9900,?,9,26.65,E,8,19.66,E,8,65.0,E,8,1008.6016999999999,E,8,999.0,E,8,4.9,E,8,-9900,?,9,-9900,?,9,0.0,E,8,-9900,?,9,-9900,?,9,0.0,0.0,E,8
05/14/2015,16:00,495.096,1336.552,478.58,1,8,750.653,1,8,201.025,1,8,57429.6,1,8,71312.082,1,8,22112.751,1,8,173.058,1,8,-9900,?,9,-9900,?,9,26.37,E,8,19.59,E,8,66.0,E,8,1008.6016999999999,E,8,999.0,E,8,4.22,E,8,-9900,?,9,-9900,?,9,0.0,E,8,-9900,?,9,-9900,?,9,0.0,0.0,E,8
05/14/2015,17:00,218.559,1336.552,239.24,1,8,377.545,1,8,178.125,1,8,28708.8,1,8,35866.746,1,8,19593.726,1,8,350.262,1,8,-9900,?,9,-9900,?,9,25.69,E,8,19.42,E,8,68.0,E,8,1008.6016999999999,E,8,999.0,E,8,3.29,E,8,-9900,?,9,-9900,?,9,0.0,E,8,-9900,?,9,-9900,?,9,0.0,0.0,E,8
05/14/2015,18:00,0.0,1336.552,16.4,1,8,0.0,1,8,0.0,1,8,1968.0,1,8,0.0,1,8,0.0,1,8,-0.0,1,8,-9900,?,9,-9900,?,9,25.14,E,8,19.28,E,8,70.0,E,8,1008.6016999999999,E,8,999.0,E,8,2.84,E,8,-9900,?,9,-9900,?,9,0.0,E,8,-9900,?,9,-9900,?,9,0.0,0.0,E,8
05/14/2015,19:00,0.0,1336.552,0.0,1,8,0.0,1,8,0.0,1,8,0.0,1,8,0.0,1,8,0.0,1,8,-0.0,1,8,-9900,?,9,-9900,?,9,24.59,E,8,19.14,E,8,71.0,E,8,1008.6016999999999,E,8,999.0,E,8,2.68,E,8,-9900,?,9,-9900,?,9,0.0,E,8,-9900,?,9,-9900,?,9,0.0,0.0,E,8
05/14/2015,20:00,0.0,1336.552,0.0,1,8,0.0,1,8,0.0,1,8,0.0,1,8,0.0,1,8,0.0,1,8,-0.0,1,8,-9900,?,9,-9900,?,9,24.04,E,8,19.0,E,8,73.0,E,8,1008.6016999999999,E,8,999.0,E,8,1.82,E,8,-9900,?,9,-9900,?,9,0.0,E,8,-9900,?,9,-9900,?,9,0.0,0.0,E,8
05/14/2015,21:00,0.0,1336.552,0.0,1,8,0.0,1,8,0.0,1,8,0.0,1,8,0.0,1,8,0.0,1,8,-0.0,1,8,-9900,?,9,-9900,?,9,23.48,E,8,18.86,E,8,75.0,E,8,1008.6016999999999,E,8,999.0,E,8,1.61,E,8,-9900,?,9,-9900,?,9,0.0,E,8,-9900,?,9,-9900,?,9,0.0,0.0,E,8
05/14/2015,22:00,0.0,1336.552,0.0,1,8,0.0,1,8,0.0,1,8,0.0,1,8,0.0,1,8,0.0,1,8,-0.0,1,8,-9900,?,9,-9900,?,9,22.93,E,8,18.71,E,8,77.0,E,8,1008.6016999999999,E,8,999.0,E,8,1.03,E,8,-9900,?,9,-9900,?,9,0.0,E,8,-9900,?,9,-9900,?,9,0.0,0.0,E,8
05/14/2015,23:00,0.0,1336.552,0.0,1,8,0.0,1,8,0.0,1,8,0.0,1,8,0.0,1,8,0.0,1,8,-0.0,1,8,-9900,?,9,-9900,?,9,22.38,E,8,18.57,E,8,79.0,E,8,1008.6016999999999,E,8,999.0,E,8,1.27,E,8,-9900,?,9,-9900,?,9,0.0,E,8,-9900,?,9,-9900,?,9,0.0,0.0,E,8
05/14/2015,24:00,0.0,1336.552,0.0,1,8,0.0,1,8,0.0,1,8,0.0,1,8,0.0,1,8,0.0,1,8,-0.0,1,8,-9900,?,9,-9900,?,9,21.83,E,8,18.84,E,8,83.0,E,8,1008.6016999999999,E,8,999.0,E,8,1.35,E,8,-9900,?,9,-9900,?,9,0.0,E,8,-9900,?,9,-9900,?,9,0.0,0.0,E,8
05/15/2015,01:00,0.0,1336.552,0.0,1,8,0.0,1,8,0.0,1,8,0.0,1,8,0.0,1,8,0.0,1,8,-0.0,1,8,-9900,?,9,-9900,?,9,21.55,E,8,18.81,E,8,84.0,E,8,1008.6016999999999,E,8,999.0,E,8,1.36,E,8,-9900,?,9,-9900,?,9,0.0,E,8,-9900,?,9,-9900,?,9,0.0,0.0,E,8
05/15/2015,02:00,0.0,1336.552,0.0,1,8,0.0,1,8,0.0,1,8,0.0,1,8,0.0,1,8,0.0,1,8,-0.0,1,8,-9900,?,9,-9900,?,9,21.28,E,8,18.77,E,8,85.0,E,8,1008.6016999999999,E,8,999.0,E,8,1.3,E,8,-9900,?,9,-9900,?,9,0.0,E,8,-9900,?,9,-9900,?,9,0.0,0.0,E,8
05/15/2015,03:00,0.0,1336.552,0.0,1,8,0.0,1,8,0.0,1,8,0.0,1,8,0.0,1,8,0.0,1,8,-0.0,1,8,-9900,?,9,-9900,?,9,21.0,E,8,18.74,E,8,86.0,E,8,1008.6016999999999,E,8,999.0,E,8,1.14,E,8,-9900,?,9,-9900,?,9,0.0,E,8,-9900,?,9,-9900,?,9,0.0,0.0,E,8
05/15/2015,04:00,0.0,1335.964,0.0,1,8,0.0,1,8,0.0,1,8,0.0,1,8,0.0,1,8,0.0,1,8,-0.0,1,8,-9900,?,9,-9900,?,9,20.73,E,8,18.71,E,8,88.0,E,8,1008.6016999999999,E,8,999.0,E,8,1.14,E,8,-9900,?,9,-9900,?,9,0.0,E,8,-9900,?,9,-9900,?,9,0.0,0.0,E,8
05/15/2015,05:00,0.0,1335.964,0.0,1,8,0.0,1,8,0.0,1,8,0.0,1,8,0.0,1,8,0.0,1,8,-0.0,1,8,-9900,?,9,-9900,?,9,20.45,E,8,18.68,E,8,89.0,E,8,1008.6016999999999,E,8,999.0,E,8,1.14,E,8,-9900,?,9,-9900,?,9,0.0,E,8,-9900,?,9,-9900,?,9,0.0,0.0,E,8
05/15/2015,06:00,0.0,1335.964,0.0,1,8,0.0,1,8,0.0,1,8,0.0,1,8,0.0,1,8,0.0,1,8,-0.0,1,8,-9900,?,9,-9900,?,9,20.24,E,8,18.65,E,8,90.0,E,8,1008.6016999999999,E,8,999.0,E,8,1.14,E,8,-9900,?,9,-9900,?,9,0.0,E,8,-9900,?,9,-9900,?,9,0.0,0.0,E,8
05/15/2015,07:00,89.443,1335.964,0.0,1,8,0.0,1,8,0.0,1,8,0.0,1,8,0.0,1,8,0.0,1,8,0.0,1,8,-9900,?,9,-9900,?,9,20.06,E,8,18.63,E,8,91.0,E,8,1008.6016999999999,E,8,999.0,E,8,1.14,E,8,-9900,?,9,-9900,?,9,0.0,E,8,-9900,?,9,-9900,?,9,0.0,0.0,E,8
05/15/2015,08:00,376.726,1335.964,113.36,1,8,59.806,1,8,96.552,1,8,13603.2,1,8,5681.546,1,8,10620.683,1,8,109.352,1,8,-9900,?,9,-9900,?,9,19.87,E,8,18.61,E,8,92.0,E,8,1008.6016999999999,E,8,999.0,E,8,1.33,E,8,-9900,?,9,-9900,?,9,0.0,E,8,-9900,?,9,-9900,?,9,0.0,0.0,E,8
05/15/2015,09:00,630.632,1335.964,351.01,1,8,353.636,1,8,184.249,1,8,42121.2,1,8,33595.383,1,8,20267.381,1,8,124.37,1,8,-9900,?,9,-9900,?,9,22.48,E,8,18.92,E,8,80.0,E,8,1008.6016999999999,E,8,999.0,E,8,1.42,E,8,-9900,?,9,-9900,?,9,0.0,E,8,-9900,?,9,-9900,?,9,0.0,0.0,E,8
05/15/2015,10:00,831.36,1335.964,563.71,1,8,658.732,1,8,153.977,1,8,67645.2,1,8,62579.531,1,8,16937.424,1,8,78.797,1,8,-9900,?,9,-9900,?,9,23.73,E,8,19.06,E,8,75.0,E,8,1008.6016999999999,E,8,999.0,E,8,1.83,E,8,-9900,?,9,-9900,?,9,0.0,E,8,-9900,?,9,-9900,?,9,0.0,0.0,E,8
05/15/2015,11:00,964.987,1335.964,722.55,1,8,860.559,1,8,101.123,1,8,86706.0,1,8,81753.09,1,8,11123.508,1,8,44.575,1,8,-9900,?,9,-9900,?,9,24.79,E,8,19.19,E,8,71.0,E,8,1008.6016999999999,E,8,999.0,E,8,2.85,E,8,-9900,?,9,-9900,?,9,0.0,E,8,-9900,?,9,-9900,?,9,0.0,0.0,E,8
05/15/2015,12:00,1022.347,1335.964,816.07,1,8,789.805,1,8,211.796,1,8,97928.4,1,8,75031.52,1,8,23297.589,1,8,88.116,1,8,-9900,?,9,-9900,?,9,25.64,E,8,19.28,E,8,67.0,E,8,1008.6016999999999,E,8,999.0,E,8,3.82,E,8,-9900,?,9,-9900,?,9,0.0,E,8,-9900,?,9,-9900,?,9,0.0,0.0,E,8
05/15/2015,13:00,999.52,1335.964,837.73,1,8,816.208,1,8,227.214,1,8,100527.6,1,8,77539.721,1,8,24993.53,1,8,96.692,1,8,-9900,?,9,-9900,?,9,26.25,E,8,19.35,E,8,65.0,E,8,1008.6016999999999,E,8,999.0,E,8,4.32,E,8,-9900,?,9,-9900,?,9,0.0,E,8,-9900,?,9,-9900,?,9,0.0,0.0,E,8
05/15/2015,14:00,898.07,1335.964,781.36,1,8,805.483,1,8,240.086,1,8,93763.2,1,8,76520.891,1,8,26409.424,1,8,113.725,1,8,-9900,?,9,-9900,?,9,26.59,E,8,19.39,E,8,64.0,E,8,1008.6016999999999,E,8,999.0,E,8,4.81,E,8,-9900,?,9,-9900,?,9,0.0,E,8,-9900,?,9,-9900,?,9,0.0,0.0,E,8
05/15/2015,15:00,724.952,1335.964,652.59,1,8,807.519,1,8,214.702,1,8,78310.8,1,8,76714.264,1,8,23617.273,1,8,126.031,1,8,-9900,?,9,-9900,?,9,26.67,E,8,19.4,E,8,64.0,E,8,1008.6016999999999,E,8,999.0,E,8,5.48,E,8,-9900,?,9,-9900,?,9,0.0,E,8,-9900,?,9,-9900,?,9,0.0,0.0,E,8
05/15/2015,16:00,492.095,1335.964,462.77,1,8,779.362,1,8,176.228,1,8,55532.4,1,8,74039.353,1,8,19385.07,1,8,152.572,1,8,-9900,?,9,-9900,?,9,26.37,E,8,19.37,E,8,65.0,E,8,1008.6016999999999,E,8,999.0,E,8,5.14,E,8,-9900,?,9,-9900,?,9,0.0,E,8,-9900,?,9,-9900,?,9,0.0,0.0,E,8
05/15/2015,17:00,216.096,1335.964,227.84,1,8,375.028,1,8,167.803,1,8,27340.8,1,8,35627.695,1,8,18458.333,1,8,333.653,1,8,-9900,?,9,-9900,?,9,25.68,E,8,19.29,E,8,67.0,E,8,1008.6016999999999,E,8,999.0,E,8,4.95,E,8,-9900,?,9,-9900,?,9,0.0,E,8,-9900,?,9,-9900,?,9,0.0,0.0,E,8
05/15/2015,18:00,0.0,1335.964,12.98,1,8,0.0,1,8,0.0,1,8,1557.6,1,8,0.0,1,8,0.0,1,8,-0.0,1,8,-9900,?,9,-9900,?,9,25.12,E,8,19.22,E,8,69.0,E,8,1008.6016999999999,E,8,999.0,E,8,3.63,E,8,-9900,?,9,-9900,?,9,0.0,E,8,-9900,?,9,-9900,?,9,0.0,0.0,E,8
05/15/2015,19:00,0.0,1335.964,0.0,1,8,0.0,1,8,0.0,1,8,0.0,1,8,0.0,1,8,0.0,1,8,-0.0,1,8,-9900,?,9,-9900,?,9,24.55,E,8,19.16,E,8,71.0,E,8,1008.6016999999999,E,8,999.0,E,8,2.34,E,8,-9900,?,9,-9900,?,9,0.0,E,8,-9900,?,9,-9900,?,9,0.0,0.0,E,8
05/15/2015,20:00,0.0,1335.964,0.0,1,8,0.0,1,8,0.0,1,8,0.0,1,8,0.0,1,8,0.0,1,8,-0.0,1,8,-9900,?,9,-9900,?,9,23.99,E,8,19.09,E,8,74.0,E,8,1008.6016999999999,E,8,999.0,E,8,1.95,E,8,-9900,?,9,-9900,?,9,0.0,E,8,-9900,?,9,-9900,?,9,0.0,0.0,E,8
05/15/2015,21:00,0.0,1335.964,0.0,1,8,0.0,1,8,0.0,1,8,0.0,1,8,0.0,1,8,0.0,1,8,-0.0,1,8,-9900,?,9,-9900,?,9,23.43,E,8,19.03,E,8,76.0,E,8,1008.6016999999999,E,8,999.0,E,8,1.14,E,8,-9900,?,9,-9900,?,9,0.0,E,8,-9900,?,9,-9900,?,9,0.0,0.0,E,8
05/15/2015,22:00,0.0,1335.964,0.0,1,8,0.0,1,8,0.0,1,8,0.0,1,8,0.0,1,8,0.0,1,8,-0.0,1,8,-9900,?,9,-9900,?,9,22.87,E,8,18.96,E,8,78.0,E,8,1008.6016999999999,E,8,999.0,E,8,1.14,E,8,-9900,?,9,-9900,?,9,0.0,E,8,-9900,?,9,-9900,?,9,0.0,0.0,E,8
05/15/2015,23:00,0.0,1335.964,0.0,1,8,0.0,1,8,0.0,1,8,0.0,1,8,0.0,1,8,0.0,1,8,-0.0,1,8,-9900,?,9,-9900,?,9,22.3,E,8,18.9,E,8,81.0,E,8,1008.6016999999999,E,8,999.0,E,8,1.14,E,8,-9900,?,9,-9900,?,9,0.0,E,8,-9900,?,9,-9900,?,9,0.0,0.0,E,8
05/15/2015,24:00,0.0,1335.964,0.0,1,8,0.0,1,8,0.0,1,8,0.0,1,8,0.0,1,8,0.0,1,8,-0.0,1,8,-9900,?,9,-9900,?,9,21.74,E,8,19.79,E,8,84.0,E,8,1008.6016999999999,E,8,999.0,E,8,1.0,E,8,-9900,?,9,-9900,?,9,0.0,E,8,-9900,?,9,-9900,?,9,0.0,0.0,E,8
05/16/2015,01:00,0.0,1335.964,0.0,1,8,0.0,1,8,0.0,1,8,0.0,1,8,0.0,1,8,0.0,1,8,-0.0,1,8,-9900,?,9,-9900,?,9,21.46,E,8,19.68,E,8,85.0,E,8,1008.6016999999999,E,8,999.0,E,8,1.0,E,8,-9900,?,9,-9900,?,9,0.0,E,8,-9900,?,9,-9900,?,9,0.0,0.0,E,8
05/16/2015,02:00,0.0,1335.964,0.0,1,8,0.0,1,8,0.0,1,8,0.0,1,8,0.0,1,8,0.0,1,8,-0.0,1,8,-9900,?,9,-9900,?,9,21.18,E,8,19.58,E,8,86.0,E,8,1008.6016999999999,E,8,999.0,E,8,1.0,E,8,-9900,?,9,-9900,?,9,0.0,E,8,-9900,?,9,-9900,?,9,0.0,0.0,E,8
05/16/2015,03:00,0.0,1335.964,0.0,1,8,0.0,1,8,0.0,1,8,0.0,1,8,0.0,1,8,0.0,1,8,-0.0,1,8,-9900,?,9,-9900,?,9,20.9,E,8,19.48,E,8,87.0,E,8,1008.6016999999999,E,8,999.0,E,8,1.0,E,8,-9900,?,9,-9900,?,9,0.0,E,8,-9900,?,9,-9900,?,9,0.0,0.0,E,8
05/16/2015,04:00,0.0,1335.385,0.0,1,8,0.0,1,8,0.0,1,8,0.0,1,8,0.0,1,8,0.0,1,8,-0.0,1,8,-9900,?,9,-9900,?,9,20.61,E,8,19.37,E,8,88.0,E,8,1008.6016999999999,E,8,999.0,E,8,1.0,E,8,-9900,?,9,-9900,?,9,0.0,E,8,-9900,?,9,-9900,?,9,0.0,0.0,E,8
05/16/2015,05:00,0.0,1335.385,0.0,1,8,0.0,1,8,0.0,1,8,0.0,1,8,0.0,1,8,0.0,1,8,-0.0,1,8,-9900,?,9,-9900,?,9,20.33,E,8,19.26,E,8,89.0,E,8,1008.6016999999999,E,8,999.0,E,8,1.0,E,8,-9900,?,9,-9900,?,9,0.0,E,8,-9900,?,9,-9900,?,9,0.0,0.0,E,8
05/16/2015,06:00,0.0,1335.385,0.0,1,8,0.0,1,8,0.0,1,8,0.0,1,8,0.0,1,8,0.0,1,8,-0.0,1,8,-9900,?,9,-9900,?,9,20.12,E,8,19.18,E,8,95.0,E,8,1008.6016999999999,E,8,999.0,E,8,1.0,E,8,-9900,?,9,-9900,?,9,0.001,E,8,-9900,?,9,-9900,?,9,0.01,99.0,E,8
05/16/2015,07:00,87.214,1335.385,0.0,1,8,0.0,1,8,0.0,1,8,0.0,1,8,0.0,1,8,0.0,1,8,0.0,1,8,-9900,?,9,-9900,?,9,19.93,E,8,19.11,E,8,91.0,E,8,1008.6016999999999,E,8,999.0,E,8,1.0,E,8,-9900,?,9,-9900,?,9,0.0,E,8,-9900,?,9,-9900,?,9,0.0,0.0,E,8
05/16/2015,08:00,373.896,1335.385,49.49,1,8,0.0,1,8,49.49,1,8,5938.8,1,8,0.0,1,8,5443.9,1,8,56.454,1,8,-9900,?,9,-9900,?,9,19.74,E,8,19.04,E,8,91.0,E,8,1008.6016999999999,E,8,999.0,E,8,1.0,E,8,-9900,?,9,-9900,?,9,0.0,E,8,-9900,?,9,-9900,?,9,0.0,0.0,E,8
05/16/2015,09:00,627.34,1335.385,154.83,1,8,5.612,1,8,152.196,1,8,18579.6,1,8,533.132,1,8,16741.598,1,8,103.23,1,8,-9900,?,9,-9900,?,9,22.17,E,8,19.94,E,8,88.0,E,8,1008.6016999999999,E,8,999.0,E,8,1.22,E,8,-9900,?,9,-9900,?,9,0.014000000000000002,E,8,-9900,?,9,-9900,?,9,0.14,99.0,E,8
05/16/2015,10:00,827.712,1335.385,248.62,1,8,14.284,1,8,239.77,1,8,29834.4,1,8,1356.994,1,8,26374.747,1,8,123.191,1,8,-9900,?,9,-9900,?,9,23.33,E,8,20.36,E,8,83.0,E,8,1008.6016999999999,E,8,999.0,E,8,2.12,E,8,-9900,?,9,-9900,?,9,0.019,E,8,-9900,?,9,-9900,?,9,0.19,99.0,E,8
05/16/2015,11:00,961.111,1335.385,318.56,1,8,20.767,1,8,303.617,1,8,38227.2,1,8,1972.882,1,8,33397.916,1,8,134.316,1,8,-9900,?,9,-9900,?,9,24.32,E,8,20.7,E,8,80.0,E,8,1008.6016999999999,E,8,999.0,E,8,3.0,E,8,-9900,?,9,-9900,?,9,0.007000000000000001,E,8,-9900,?,9,-9900,?,9,0.07,99.0,E,8
05/16/2015,12:00,1018.387,1335.385,358.71,1,8,25.699,1,8,339.116,1,8,43045.2,1,8,2441.385,1,8,37302.74,1,8,141.574,1,8,-9900,?,9,-9900,?,9,25.11,E,8,20.98,E,8,78.0,E,8,1008.6016999999999,E,8,999.0,E,8,3.41,E,8,-9900,?,9,-9900,?,9,0.01,E,8,-9900,?,9,-9900,?,9,0.1,99.0,E,8
05/16/2015,13:00,995.624,1335.385,365.98,1,8,31.067,1,8,342.823,1,8,43917.6,1,8,2951.401,1,8,37710.476,1,8,146.397,1,8,-9900,?,9,-9900,?,9,25.66,E,8,21.16,E,8,76.0,E,8,1008.6016999999999,E,8,999.0,E,8,3.91,E,8,-9900,?,9,-9900,?,9,0.041999999999999996,E,8,-9900,?,9,-9900,?,9,0.42,99.0,E,8
05/16/2015,14:00,894.383,1335.385,339.85,1,8,38.661,1,8,313.966,1,8,40782.0,1,8,3672.831,1,8,34536.219,1,8,149.27,1,8,-9900,?,9,-9900,?,9,25.97,E,8,21.27,E,8,75.0,E,8,1008.6016999999999,E,8,999.0,E,8,4.66,E,8,-9900,?,9,-9900,?,9,0.005,E,8,-9900,?,9,-9900,?,9,0.05,99.0,E,8
05/16/2015,15:00,721.604,1335.385,282.28,1,8,81.154,1,8,238.458,1,8,33873.6,1,8,7709.662,1,8,26230.337,1,8,140.565,1,8,-9900,?,9,-9900,?,9,26.03,E,8,21.29,E,8,75.0,E,8,1008.6016999999999,E,8,999.0,E,8,4.54,E,8,-9900,?,9,-9900,?,9,0.077,E,8,-9900,?,9,-9900,?,9,0.77,99.0,E,8
05/16/2015,16:00,489.194,1335.385,197.87,1,8,134.357,1,8,148.743,1,8,23744.4,1,8,12763.877,1,8,16361.741,1,8,129.487,1,8,-9900,?,9,-9900,?,9,25.73,E,8,21.19,E,8,86.0,E,8,1008.6016999999999,E,8,999.0,E,8,4.19,E,8,-9900,?,9,-9900,?,9,1.093,E,8,-9900,?,9,-9900,?,9,10.93,99.0,E,8
05/16/2015,17:00,213.733,1335.385,95.07,1,8,278.892,1,8,50.902,1,8,11408.4,1,8,26494.729,1,8,5599.198,1,8,102.308,1,8,-9900,?,9,-9900,?,9,25.07,E,8,20.96,E,8,78.0,E,8,1008.6016999999999,E,8,999.0,E,8,3.91,E,8,-9900,?,9,-9900,?,9,0.002,E,8,-9900,?,9,-9900,?,9,0.02,99.0,E,8
05/16/2015,18:00,0.0,1335.385,4.25,1,8,0.0,1,8,0.0,1,8,510.0,1,8,0.0,1,8,0.0,1,8,-0.0,1,8,-9900,?,9,-9900,?,9,24.54,E,8,20.78,E,8,79.0,E,8,1008.6016999999999,E,8,999.0,E,8,2.5,E,8,-9900,?,9,-9900,?,9,0.028000000000000004,E,8,-9900,?,9,-9900,?,9,0.28,99.0,E,8
05/16/2015,19:00,0.0,1335.385,0.0,1,8,0.0,1,8,0.0,1,8,0.0,1,8,0.0,1,8,0.0,1,8,-0.0,1,8,-9900,?,9,-9900,?,9,24.0,E,8,20.59,E,8,76.0,E,8,1008.6016999999999,E,8,999.0,E,8,1.25,E,8,-9900,?,9,-9900,?,9,0.0,E,8,-9900,?,9,-9900,?,9,0.0,0.0,E,8
05/16/2015,20:00,0.0,1335.385,0.0,1,8,0.0,1,8,0.0,1,8,0.0,1,8,0.0,1,8,0.0,1,8,-0.0,1,8,-9900,?,9,-9900,?,9,23.47,E,8,20.41,E,8,83.0,E,8,1008.6016999999999,E,8,999.0,E,8,1.0,E,8,-9900,?,9,-9900,?,9,0.003,E,8,-9900,?,9,-9900,?,9,0.03,99.0,E,8
05/16/2015,21:00,0.0,1335.385,0.0,1,8,0.0,1,8,0.0,1,8,0.0,1,8,0.0,1,8,0.0,1,8,-0.0,1,8,-9900,?,9,-9900,?,9,22.93,E,8,20.22,E,8,80.0,E,8,1008.6016999999999,E,8,999.0,E,8,1.0,E,8,-9900,?,9,-9900,?,9,0.0,E,8,-9900,?,9,-9900,?,9,0.0,0.0,E,8
05/16/2015,22:00,0.0,1335.385,0.0,1,8,0.0,1,8,0.0,1,8,0.0,1,8,0.0,1,8,0.0,1,8,-0.0,1,8,-9900,?,9,-9900,?,9,22.4,E,8,20.02,E,8,81.0,E,8,1008.6016999999999,E,8,999.0,E,8,1.0,E,8,-9900,?,9,-9900,?,9,0.0,E,8,-9900,?,9,-9900,?,9,0.0,0.0,E,8
05/16/2015,23:00,0.0,1335.385,0.0,1,8,0.0,1,8,0.0,1,8,0.0,1,8,0.0,1,8,0.0,1,8,-0.0,1,8,-9900,?,9,-9900,?,9,21.86,E,8,19.83,E,8,83.0,E,8,1008.6016999999999,E,8,999.0,E,8,1.0,E,8,-9900,?,9,-9900,?,9,0.0,E,8,-9900,?,9,-9900,?,9,0.0,0.0,E,8
05/16/2015,24:00,0.0,1335.385,0.0,1,8,0.0,1,8,0.0,1,8,0.0,1,8,0.0,1,8,0.0,1,8,-0.0,1,8,-9900,?,9,-9900,?,9,21.33,E,8,17.66,E,8,79.0,E,8,1008.6016999999999,E,8,999.0,E,8,0.93,E,8,-9900,?,9,-9900,?,9,0.0,E,8,-9900,?,9,-9900,?,9,0.0,0.0,E,8
05/17/2015,01:00,0.0,1335.385,0.0,1,8,0.0,1,8,0.0,1,8,0.0,1,8,0.0,1,8,0.0,1,8,-0.0,1,8,-9900,?,9,-9900,?,9,21.06,E,8,17.7,E,8,81.0,E,8,1008.6016999999999,E,8,999.0,E,8,0.93,E,8,-9900,?,9,-9900,?,9,0.0,E,8,-9900,?,9,-9900,?,9,0.0,0.0,E,8
05/17/2015,02:00,0.0,1335.385,0.0,1,8,0.0,1,8,0.0,1,8,0.0,1,8,0.0,1,8,0.0,1,8,-0.0,1,8,-9900,?,9,-9900,?,9,20.79,E,8,17.74,E,8,82.0,E,8,1008.6016999999999,E,8,999.0,E,8,0.93,E,8,-9900,?,9,-9900,?,9,0.0,E,8,-9900,?,9,-9900,?,9,0.0,0.0,E,8
05/17/2015,03:00,0.0,1335.385,0.0,1,8,0.0,1,8,0.0,1,8,0.0,1,8,0.0,1,8,0.0,1,8,-0.0,1,8,-9900,?,9,-9900,?,9,20.53,E,8,17.79,E,8,84.0,E,8,1008.6016999999999,E,8,999.0,E,8,0.93,E,8,-9900,?,9,-9900,?,9,0.0,E,8,-9900,?,9,-9900,?,9,0.0,0.0,E,8
05/17/2015,04:00,0.0,1334.815,0.0,1,8,0.0,1,8,0.0,1,8,0.0,1,8,0.0,1,8,0.0,1,8,-0.0,1,8,-9900,?,9,-9900,?,9,20.26,E,8,17.83,E,8,85.0,E,8,1008.6016999999999,E,8,999.0,E,8,0.93,E,8,-9900,?,9,-9900,?,9,0.0,E,8,-9900,?,9,-9900,?,9,0.0,0.0,E,8
05/17/2015,05:00,0.0,1334.815,0.0,1,8,0.0,1,8,0.0,1,8,0.0,1,8,0.0,1,8,0.0,1,8,-0.0,1,8,-9900,?,9,-9900,?,9,19.99,E,8,17.88,E,8,87.0,E,8,1008.6016999999999,E,8,999.0,E,8,0.93,E,8,-9900,?,9,-9900,?,9,0.0,E,8,-9900,?,9,-9900,?,9,0.0,0.0,E,8
05/17/2015,06:00,0.0,1334.815,0.0,1,8,0.0,1,8,0.0,1,8,0.0,1,8,0.0,1,8,0.0,1,8,-0.0,1,8,-9900,?,9,-9900,?,9,19.79,E,8,17.91,E,8,88.0,E,8,1008.6016999999999,E,8,999.0,E,8,0.93,E,8,-9900,?,9,-9900,?,9,0.0,E,8,-9900,?,9,-9900,?,9,0.0,0.0,E,8
05/17/2015,07:00,84.992,1334.815,0.0,1,8,0.0,1,8,0.0,1,8,0.0,1,8,0.0,1,8,0.0,1,8,0.0,1,8,-9900,?,9,-9900,?,9,19.61,E,8,17.94,E,8,90.0,E,8,1008.6016999999999,E,8,999.0,E,8,0.93,E,8,-9900,?,9,-9900,?,9,0.0,E,8,-9900,?,9,-9900,?,9,0.0,0.0,E,8
05/17/2015,08:00,371.081,1334.815,109.56,1,8,52.381,1,8,95.048,1,8,13147.2,1,8,4976.208,1,8,10455.275,1,8,109.204,1,8,-9900,?,9,-9900,?,9,19.43,E,8,17.97,E,8,91.0,E,8,1008.6016999999999,E,8,999.0,E,8,0.93,E,8,-9900,?,9,-9900,?,9,0.0,E,8,-9900,?,9,-9900,?,9,0.0,0.0,E,8
05/17/2015,09:00,624.076,1334.815,348.51,1,8,359.167,1,8,180.761,1,8,41821.2,1,8,34120.873,1,8,19883.761,1,8,123.195,1,8,-9900,?,9,-9900,?,9,22.37,E,8,17.48,E,8,73.0,E,8,1008.6016999999999,E,8,999.0,E,8,0.93,E,8,-9900,?,9,-9900,?,9,0.0,E,8,-9900,?,9,-9900,?,9,0.0,0.0,E,8
05/17/2015,10:00,824.106,1334.815,559.01,1,8,661.573,1,8,150.754,1,8,67081.2,1,8,62849.402,1,8,16582.941,1,8,77.761,1,8,-9900,?,9,-9900,?,9,23.78,E,8,17.24,E,8,66.0,E,8,1008.6016999999999,E,8,999.0,E,8,1.78,E,8,-9900,?,9,-9900,?,9,0.0,E,8,-9900,?,9,-9900,?,9,0.0,0.0,E,8
05/17/2015,11:00,957.292,1334.815,714.42,1,8,854.972,1,8,101.428,1,8,85730.4,1,8,81222.342,1,8,11157.089,1,8,45.03,1,8,-9900,?,9,-9900,?,9,24.98,E,8,17.04,E,8,61.0,E,8,1008.6016999999999,E,8,999.0,E,8,3.05,E,8,-9900,?,9,-9900,?,9,0.0,E,8,-9900,?,9,-9900,?,9,0.0,0.0,E,8
05/17/2015,12:00,1014.498,1334.815,801.0,1,8,830.229,1,8,170.138,1,8,96120.0,1,8,78871.71,1,8,18715.196,1,8,71.271,1,8,-9900,?,9,-9900,?,9,25.92,E,8,16.88,E,8,57.0,E,8,1008.6016999999999,E,8,999.0,E,8,3.37,E,8,-9900,?,9,-9900,?,9,0.0,E,8,-9900,?,9,-9900,?,9,0.0,0.0,E,8
05/17/2015,13:00,991.811,1334.815,810.81,1,8,806.001,1,8,212.068,1,8,97297.2,1,8,76570.133,1,8,23327.428,1,8,90.87,1,8,-9900,?,9,-9900,?,9,26.57,E,8,16.77,E,8,54.0,E,8,1008.6016999999999,E,8,999.0,E,8,3.91,E,8,-9900,?,9,-9900,?,9,0.0,E,8,-9900,?,9,-9900,?,9,0.0,0.0,E,8
05/17/2015,14:00,890.789,1334.815,751.3,1,8,804.822,1,8,214.399,1,8,90156.0,1,8,76458.05,1,8,23583.879,1,8,102.301,1,8,-9900,?,9,-9900,?,9,26.93,E,8,16.7,E,8,53.0,E,8,1008.6016999999999,E,8,999.0,E,8,4.43,E,8,-9900,?,9,-9900,?,9,0.0,E,8,-9900,?,9,-9900,?,9,0.0,0.0,E,8
05/17/2015,15:00,718.356,1334.815,616.83,1,8,771.369,1,8,202.001,1,8,74019.6,1,8,73280.1,1,8,22220.14,1,8,119.563,1,8,-9900,?,9,-9900,?,9,26.98,E,8,16.69,E,8,53.0,E,8,1008.6016999999999,E,8,999.0,E,8,3.99,E,8,-9900,?,9,-9900,?,9,0.0,E,8,-9900,?,9,-9900,?,9,0.0,0.0,E,8
05/17/2015,16:00,486.396,1334.815,426.0,1,8,765.642,1,8,147.535,1,8,51120.0,1,8,72735.992,1,8,16228.886,1,8,129.122,1,8,-9900,?,9,-9900,?,9,26.59,E,8,16.76,E,8,54.0,E,8,1008.6016999999999,E,8,999.0,E,8,4.33,E,8,-9900,?,9,-9900,?,9,0.0,E,8,-9900,?,9,-9900,?,9,0.0,0.0,E,8
05/17/2015,17:00,211.47,1334.815,199.96,1,8,428.413,1,8,132.816,1,8,23995.2,1,8,40699.212,1,8,14609.771,1,8,269.747,1,8,-9900,?,9,-9900,?,9,25.78,E,8,16.9,E,8,58.0,E,8,1008.6016999999999,E,8,999.0,E,8,3.72,E,8,-9900,?,9,-9900,?,9,0.0,E,8,-9900,?,9,-9900,?,9,0.0,0.0,E,8
05/17/2015,18:00,0.0,1334.815,5.8,1,8,0.0,1,8,0.0,1,8,696.0,1,8,0.0,1,8,0.0,1,8,-0.0,1,8,-9900,?,9,-9900,?,9,25.18,E,8,17.01,E,8,60.0,E,8,1008.6016999999999,E,8,999.0,E,8,3.08,E,8,-9900,?,9,-9900,?,9,0.0,E,8,-9900,?,9,-9900,?,9,0.0,0.0,E,8
05/17/2015,19:00,0.0,1334.815,0.0,1,8,0.0,1,8,0.0,1,8,0.0,1,8,0.0,1,8,0.0,1,8,-0.0,1,8,-9900,?,9,-9900,?,9,24.59,E,8,17.11,E,8,63.0,E,8,1008.6016999999999,E,8,999.0,E,8,2.13,E,8,-9900,?,9,-9900,?,9,0.0,E,8,-9900,?,9,-9900,?,9,0.0,0.0,E,8
05/17/2015,20:00,0.0,1334.815,0.0,1,8,0.0,1,8,0.0,1,8,0.0,1,8,0.0,1,8,0.0,1,8,-0.0,1,8,-9900,?,9,-9900,?,9,23.99,E,8,17.21,E,8,65.0,E,8,1008.6016999999999,E,8,999.0,E,8,1.57,E,8,-9900,?,9,-9900,?,9,0.0,E,8,-9900,?,9,-9900,?,9,0.0,0.0,E,8
05/17/2015,21:00,0.0,1334.815,0.0,1,8,0.0,1,8,0.0,1,8,0.0,1,8,0.0,1,8,0.0,1,8,-0.0,1,8,-9900,?,9,-9900,?,9,23.4,E,8,17.31,E,8,68.0,E,8,1008.6016999999999,E,8,999.0,E,8,1.26,E,8,-9900,?,9,-9900,?,9,0.0,E,8,-9900,?,9,-9900,?,9,0.0,0.0,E,8
05/17/2015,22:00,0.0,1334.815,0.0,1,8,0.0,1,8,0.0,1,8,0.0,1,8,0.0,1,8,0.0,1,8,-0.0,1,8,-9900,?,9,-9900,?,9,22.8,E,8,17.41,E,8,71.0,E,8,1008.6016999999999,E,8,999.0,E,8,0.93,E,8,-9900,?,9,-9900,?,9,0.0,E,8,-9900,?,9,-9900,?,9,0.0,0.0,E,8
05/17/2015,23:00,0.0,1334.815,0.0,1,8,0.0,1,8,0.0,1,8,0.0,1,8,0.0,1,8,0.0,1,8,-0.0,1,8,-9900,?,9,-9900,?,9,22.2,E,8,17.51,E,8,74.0,E,8,1008.6016999999999,E,8,999.0,E,8,0.93,E,8,-9900,?,9,-9900,?,9,0.0,E,8,-9900,?,9,-9900,?,9,0.0,0.0,E,8
05/17/2015,24:00,0.0,1334.815,0.0,1,8,0.0,1,8,0.0,1,8,0.0,1,8,0.0,1,8,0.0,1,8,-0.0,1,8,-9900,?,9,-9900,?,9,21.61,E,8,13.82,E,8,61.0,E,8,1008.6016999999999,E,8,999.0,E,8,0.91,E,8,-9900,?,9,-9900,?,9,0.0,E,8,-9900,?,9,-9900,?,9,0.0,0.0,E,8
05/18/2015,01:00,0.0,1334.815,0.0,1,8,0.0,1,8,0.0,1,8,0.0,1,8,0.0,1,8,0.0,1,8,-0.0,1,8,-9900,?,9,-9900,?,9,21.31,E,8,13.81,E,8,62.0,E,8,1008.6016999999999,E,8,999.0,E,8,0.91,E,8,-9900,?,9,-9900,?,9,0.0,E,8,-9900,?,9,-9900,?,9,0.0,0.0,E,8
05/18/2015,02:00,0.0,1334.815,0.0,1,8,0.0,1,8,0.0,1,8,0.0,1,8,0.0,1,8,0.0,1,8,-0.0,1,8,-9900,?,9,-9900,?,9,21.01,E,8,13.8,E,8,63.0,E,8,1008.6016999999999,E,8,999.0,E,8,0.91,E,8,-9900,?,9,-9900,?,9,0.0,E,8,-9900,?,9,-9900,?,9,0.0,0.0,E,8
05/18/2015,03:00,0.0,1334.815,0.0,1,8,0.0,1,8,0.0,1,8,0.0,1,8,0.0,1,8,0.0,1,8,-0.0,1,8,-9900,?,9,-9900,?,9,20.72,E,8,13.78,E,8,64.0,E,8,1008.6016999999999,E,8,999.0,E,8,0.91,E,8,-9900,?,9,-9900,?,9,0.0,E,8,-9900,?,9,-9900,?,9,0.0,0.0,E,8
05/18/2015,04:00,0.0,1334.255,0.0,1,8,0.0,1,8,0.0,1,8,0.0,1,8,0.0,1,8,0.0,1,8,-0.0,1,8,-9900,?,9,-9900,?,9,20.42,E,8,13.77,E,8,65.0,E,8,1008.6016999999999,E,8,999.0,E,8,0.91,E,8,-9900,?,9,-9900,?,9,0.0,E,8,-9900,?,9,-9900,?,9,0.0,0.0,E,8
05/18/2015,05:00,0.0,1334.255,0.0,1,8,0.0,1,8,0.0,1,8,0.0,1,8,0.0,1,8,0.0,1,8,-0.0,1,8,-9900,?,9,-9900,?,9,20.12,E,8,13.76,E,8,66.0,E,8,1008.6016999999999,E,8,999.0,E,8,0.91,E,8,-9900,?,9,-9900,?,9,0.0,E,8,-9900,?,9,-9900,?,9,0.0,0.0,E,8
05/18/2015,06:00,0.0,1334.255,0.0,1,8,0.0,1,8,0.0,1,8,0.0,1,8,0.0,1,8,0.0,1,8,-0.0,1,8,-9900,?,9,-9900,?,9,19.89,E,8,13.75,E,8,67.0,E,8,1008.6016999999999,E,8,999.0,E,8,0.91,E,8,-9900,?,9,-9900,?,9,0.0,E,8,-9900,?,9,-9900,?,9,0.0,0.0,E,8
05/18/2015,07:00,82.778,1334.255,0.0,1,8,0.0,1,8,0.0,1,8,0.0,1,8,0.0,1,8,0.0,1,8,0.0,1,8,-9900,?,9,-9900,?,9,19.69,E,8,13.75,E,8,68.0,E,8,1008.6016999999999,E,8,999.0,E,8,0.91,E,8,-9900,?,9,-9900,?,9,0.0,E,8,-9900,?,9,-9900,?,9,0.0,0.0,E,8
05/18/2015,08:00,368.282,1334.255,105.92,1,8,21.794,1,8,99.925,1,8,12710.4,1,8,2070.451,1,8,10991.784,1,8,115.638,1,8,-9900,?,9,-9900,?,9,19.5,E,8,13.74,E,8,69.0,E,8,1008.6016999999999,E,8,999.0,E,8,0.91,E,8,-9900,?,9,-9900,?,9,0.0,E,8,-9900,?,9,-9900,?,9,0.0,0.0,E,8
05/18/2015,09:00,620.842,1334.255,321.36,1,8,279.346,1,8,191.515,1,8,38563.2,1,8,26537.847,1,8,21066.668,1,8,131.151,1,8,-9900,?,9,-9900,?,9,21.65,E,8,13.82,E,8,61.0,E,8,1008.6016999999999,E,8,999.0,E,8,1.05,E,8,-9900,?,9,-9900,?,9,0.0,E,8,-9900,?,9,-9900,?,9,0.0,0.0,E,8
05/18/2015,10:00,820.546,1334.255,505.12,1,8,459.35,1,8,222.763,1,8,60614.4,1,8,43638.269,1,8,24503.957,1,8,115.356,1,8,-9900,?,9,-9900,?,9,22.64,E,8,13.86,E,8,57.0,E,8,1008.6016999999999,E,8,999.0,E,8,1.38,E,8,-9900,?,9,-9900,?,9,0.0,E,8,-9900,?,9,-9900,?,9,0.0,0.0,E,8
05/18/2015,11:00,953.533,1334.255,630.94,1,8,572.667,1,8,221.795,1,8,75712.8,1,8,54403.363,1,8,24397.484,1,8,98.816,1,8,-9900,?,9,-9900,?,9,23.44,E,8,13.89,E,8,54.0,E,8,1008.6016999999999,E,8,999.0,E,8,2.23,E,8,-9900,?,9,-9900,?,9,0.0,E,8,-9900,?,9,-9900,?,9,0.0,0.0,E,8
05/18/2015,12:00,1010.682,1334.255,707.61,1,8,672.062,1,8,198.642,1,8,84913.2,1,8,63845.87,1,8,21850.667,1,8,83.491,1,8,-9900,?,9,-9900,?,9,24.09,E,8,13.91,E,8,52.0,E,8,1008.6016999999999,E,8,999.0,E,8,3.24,E,8,-9900,?,9,-9900,?,9,0.0,E,8,-9900,?,9,-9900,?,9,0.0,0.0,E,8
05/18/2015,13:00,988.084,1334.255,699.78,1,8,710.279,1,8,173.909,1,8,83973.6,1,8,67476.523,1,8,19130.029,1,8,74.769,1,8,-9900,?,9,-9900,?,9,24.5,E,8,13.93,E,8,51.0,E,8,1008.6016999999999,E,8,999.0,E,8,4.1,E,8,-9900,?,9,-9900,?,9,0.0,E,8,-9900,?,9,-9900,?,9,0.0,0.0,E,8
05/18/2015,14:00,887.289,1334.255,640.83,1,8,783.061,1,8,120.282,1,8,76899.6,1,8,74390.795,1,8,13230.999,1,8,57.595,1,8,-9900,?,9,-9900,?,9,24.71,E,8,13.93,E,8,51.0,E,8,1008.6016999999999,E,8,999.0,E,8,4.37,E,8,-9900,?,9,-9900,?,9,0.0,E,8,-9900,?,9,-9900,?,9,0.0,0.0,E,8
05/18/2015,15:00,715.208,1334.255,531.19,1,8,649.139,1,8,183.481,1,8,63742.8,1,8,61668.244,1,8,20182.936,1,8,109.035,1,8,-9900,?,9,-9900,?,9,24.73,E,8,13.94,E,8,51.0,E,8,1008.6016999999999,E,8,999.0,E,8,4.14,E,8,-9900,?,9,-9900,?,9,0.0,E,8,-9900,?,9,-9900,?,9,0.0,0.0,E,8
05/18/2015,16:00,483.7,1334.255,372.29,1,8,614.44,1,8,149.968,1,8,44674.8,1,8,58371.773,1,8,16496.482,1,8,131.931,1,8,-9900,?,9,-9900,?,9,24.45,E,8,13.92,E,8,51.0,E,8,1008.6016999999999,E,8,999.0,E,8,4.15,E,8,-9900,?,9,-9900,?,9,0.0,E,8,-9900,?,9,-9900,?,9,0.0,0.0,E,8
05/18/2015,17:00,209.308,1334.255,175.18,1,8,414.003,1,8,110.945,1,8,21021.6,1,8,39330.275,1,8,12203.903,1,8,227.607,1,8,-9900,?,9,-9900,?,9,23.89,E,8,13.9,E,8,53.0,E,8,1008.6016999999999,E,8,999.0,E,8,4.08,E,8,-9900,?,9,-9900,?,9,0.0,E,8,-9900,?,9,-9900,?,9,0.0,0.0,E,8
05/18/2015,18:00,0.0,1334.255,5.83,1,8,0.0,1,8,0.0,1,8,699.6,1,8,0.0,1,8,0.0,1,8,-0.0,1,8,-9900,?,9,-9900,?,9,23.44,E,8,13.89,E,8,54.0,E,8,1008.6016999999999,E,8,999.0,E,8,3.21,E,8,-9900,?,9,-9900,?,9,0.0,E,8,-9900,?,9,-9900,?,9,0.0,0.0,E,8
05/18/2015,19:00,0.0,1334.255,0.0,1,8,0.0,1,8,0.0,1,8,0.0,1,8,0.0,1,8,0.0,1,8,-0.0,1,8,-9900,?,9,-9900,?,9,23.0,E,8,13.87,E,8,56.0,E,8,1008.6016999999999,E,8,999.0,E,8,2.39,E,8,-9900,?,9,-9900,?,9,0.0,E,8,-9900,?,9,-9900,?,9,0.0,0.0,E,8
05/18/2015,20:00,0.0,1334.255,0.0,1,8,0.0,1,8,0.0,1,8,0.0,1,8,0.0,1,8,0.0,1,8,-0.0,1,8,-9900,?,9,-9900,?,9,22.55,E,8,13.85,E,8,57.0,E,8,1008.6016999999999,E,8,999.0,E,8,1.93,E,8,-9900,?,9,-9900,?,9,0.0,E,8,-9900,?,9,-9900,?,9,0.0,0.0,E,8
05/18/2015,21:00,0.0,1334.255,0.0,1,8,0.0,1,8,0.0,1,8,0.0,1,8,0.0,1,8,0.0,1,8,-0.0,1,8,-9900,?,9,-9900,?,9,22.1,E,8,13.84,E,8,59.0,E,8,1008.6016999999999,E,8,999.0,E,8,1.34,E,8,-9900,?,9,-9900,?,9,0.0,E,8,-9900,?,9,-9900,?,9,0.0,0.0,E,8
05/18/2015,22:00,0.0,1334.255,0.0,1,8,0.0,1,8,0.0,1,8,0.0,1,8,0.0,1,8,0.0,1,8,-0.0,1,8,-9900,?,9,-9900,?,9,21.66,E,8,13.82,E,8,61.0,E,8,1008.6016999999999,E,8,999.0,E,8,1.02,E,8,-9900,?,9,-9900,?,9,0.0,E,8,-9900,?,9,-9900,?,9,0.0,0.0,E,8
05/18/2015,23:00,0.0,1334.255,0.0,1,8,0.0,1,8,0.0,1,8,0.0,1,8,0.0,1,8,0.0,1,8,-0.0,1,8,-9900,?,9,-9900,?,9,21.21,E,8,13.8,E,8,62.0,E,8,1008.6016999999999,E,8,999.0,E,8,0.91,E,8,-9900,?,9,-9900,?,9,0.0,E,8,-9900,?,9,-9900,?,9,0.0,0.0,E,8
05/18/2015,24:00,0.0,1334.255,0.0,1,8,0.0,1,8,0.0,1,8,0.0,1,8,0.0,1,8,0.0,1,8,-0.0,1,8,-9900,?,9,-9900,?,9,20.76,E,8,15.12,E,8,70.0,E,8,1008.6016999999999,E,8,999.0,E,8,1.17,E,8,-9900,?,9,-9900,?,9,0.0,E,8,-9900,?,9,-9900,?,9,0.0,0.0,E,8
05/19/2015,01:00,0.0,1334.255,0.0,1,8,0.0,1,8,0.0,1,8,0.0,1,8,0.0,1,8,0.0,1,8,-0.0,1,8,-9900,?,9,-9900,?,9,20.54,E,8,15.36,E,8,72.0,E,8,1008.6016999999999,E,8,999.0,E,8,1.17,E,8,-9900,?,9,-9900,?,9,0.0,E,8,-9900,?,9,-9900,?,9,0.0,0.0,E,8
05/19/2015,02:00,0.0,1334.255,0.0,1,8,0.0,1,8,0.0,1,8,0.0,1,8,0.0,1,8,0.0,1,8,-0.0,1,8,-9900,?,9,-9900,?,9,20.32,E,8,15.6,E,8,79.0,E,8,1008.6016999999999,E,8,999.0,E,8,1.17,E,8,-9900,?,9,-9900,?,9,0.001,E,8,-9900,?,9,-9900,?,9,0.01,99.0,E,8
05/19/2015,03:00,0.0,1334.255,0.0,1,8,0.0,1,8,0.0,1,8,0.0,1,8,0.0,1,8,0.0,1,8,-0.0,1,8,-9900,?,9,-9900,?,9,20.09,E,8,15.85,E,8,81.0,E,8,1008.6016999999999,E,8,999.0,E,8,1.17,E,8,-9900,?,9,-9900,?,9,0.002,E,8,-9900,?,9,-9900,?,9,0.02,99.0,E,8
05/19/2015,04:00,0.0,1333.705,0.0,1,8,0.0,1,8,0.0,1,8,0.0,1,8,0.0,1,8,0.0,1,8,-0.0,1,8,-9900,?,9,-9900,?,9,19.87,E,8,16.09,E,8,78.0,E,8,1008.6016999999999,E,8,999.0,E,8,1.17,E,8,-9900,?,9,-9900,?,9,0.0,E,8,-9900,?,9,-9900,?,9,0.0,0.0,E,8
05/19/2015,05:00,0.0,1333.705,0.0,1,8,0.0,1,8,0.0,1,8,0.0,1,8,0.0,1,8,0.0,1,8,-0.0,1,8,-9900,?,9,-9900,?,9,19.65,E,8,16.32,E,8,81.0,E,8,1008.6016999999999,E,8,999.0,E,8,1.17,E,8,-9900,?,9,-9900,?,9,0.0,E,8,-9900,?,9,-9900,?,9,0.0,0.0,E,8
05/19/2015,06:00,0.0,1333.705,0.0,1,8,0.0,1,8,0.0,1,8,0.0,1,8,0.0,1,8,0.0,1,8,-0.0,1,8,-9900,?,9,-9900,?,9,19.47,E,8,16.51,E,8,83.0,E,8,1008.6016999999999,E,8,999.0,E,8,1.17,E,8,-9900,?,9,-9900,?,9,0.0,E,8,-9900,?,9,-9900,?,9,0.0,0.0,E,8
05/19/2015,07:00,80.573,1333.705,0.0,1,8,0.0,1,8,0.0,1,8,0.0,1,8,0.0,1,8,0.0,1,8,0.0,1,8,-9900,?,9,-9900,?,9,19.33,E,8,16.65,E,8,84.0,E,8,1008.6016999999999,E,8,999.0,E,8,1.17,E,8,-9900,?,9,-9900,?,9,0.0,E,8,-9900,?,9,-9900,?,9,0.0,0.0,E,8
05/19/2015,08:00,365.503,1333.705,57.84,1,8,0.0,1,8,57.84,1,8,6940.8,1,8,0.0,1,8,6362.4,1,8,67.42,1,8,-9900,?,9,-9900,?,9,19.18,E,8,16.8,E,8,86.0,E,8,1008.6016999999999,E,8,999.0,E,8,1.17,E,8,-9900,?,9,-9900,?,9,0.0,E,8,-9900,?,9,-9900,?,9,0.0,0.0,E,8
05/19/2015,09:00,617.641,1333.705,187.28,1,8,19.429,1,8,178.292,1,8,22473.6,1,8,1845.741,1,8,19612.13,1,8,122.679,1,8,-9900,?,9,-9900,?,9,20.66,E,8,15.23,E,8,71.0,E,8,1008.6016999999999,E,8,999.0,E,8,1.17,E,8,-9900,?,9,-9900,?,9,0.0,E,8,-9900,?,9,-9900,?,9,0.0,0.0,E,8
05/19/2015,10:00,817.033,1333.705,303.03,1,8,76.971,1,8,255.901,1,8,36363.6,1,8,7312.202,1,8,28149.062,1,8,133.031,1,8,-9900,?,9,-9900,?,9,21.39,E,8,14.39,E,8,69.0,E,8,1008.6016999999999,E,8,999.0,E,8,1.52,E,8,-9900,?,9,-9900,?,9,0.009,E,8,-9900,?,9,-9900,?,9,0.09,99.0,E,8
05/19/2015,11:00,949.837,1333.705,389.43,1,8,78.35,1,8,333.647,1,8,46731.6,1,8,7443.272,1,8,36701.115,1,8,149.166,1,8,-9900,?,9,-9900,?,9,22.02,E,8,13.64,E,8,58.0,E,8,1008.6016999999999,E,8,999.0,E,8,2.0,E,8,-9900,?,9,-9900,?,9,0.0,E,8,-9900,?,9,-9900,?,9,0.0,0.0,E,8
05/19/2015,12:00,1006.943,1333.705,439.08,1,8,95.944,1,8,366.659,1,8,52689.6,1,8,9114.643,1,8,40332.485,1,8,154.619,1,8,-9900,?,9,-9900,?,9,22.51,E,8,13.03,E,8,54.0,E,8,1008.6016999999999,E,8,999.0,E,8,3.18,E,8,-9900,?,9,-9900,?,9,0.0,E,8,-9900,?,9,-9900,?,9,0.0,0.0,E,8
05/19/2015,13:00,984.444,1333.705,448.14,1,8,116.236,1,8,362.364,1,8,53776.8,1,8,11042.417,1,8,39860.05,1,8,156.304,1,8,-9900,?,9,-9900,?,9,22.86,E,8,12.58,E,8,52.0,E,8,1008.6016999999999,E,8,999.0,E,8,3.22,E,8,-9900,?,9,-9900,?,9,0.0,E,8,-9900,?,9,-9900,?,9,0.0,0.0,E,8
05/19/2015,14:00,883.886,1333.705,415.94,1,8,144.577,1,8,320.16,1,8,49912.8,1,8,13734.834,1,8,35217.636,1,8,153.831,1,8,-9900,?,9,-9900,?,9,23.06,E,8,12.32,E,8,50.0,E,8,1008.6016999999999,E,8,999.0,E,8,3.31,E,8,-9900,?,9,-9900,?,9,0.0,E,8,-9900,?,9,-9900,?,9,0.0,0.0,E,8
05/19/2015,15:00,712.161,1333.705,344.92,1,8,185.606,1,8,245.884,1,8,41390.4,1,8,17632.595,1,8,27047.265,1,8,146.684,1,8,-9900,?,9,-9900,?,9,23.09,E,8,12.28,E,8,50.0,E,8,1008.6016999999999,E,8,999.0,E,8,4.17,E,8,-9900,?,9,-9900,?,9,0.0,E,8,-9900,?,9,-9900,?,9,0.0,0.0,E,8
05/19/2015,16:00,481.107,1333.705,240.8,1,8,286.944,1,8,137.492,1,8,28896.0,1,8,27259.693,1,8,15124.07,1,8,121.559,1,8,-9900,?,9,-9900,?,9,22.91,E,8,12.51,E,8,51.0,E,8,1008.6016999999999,E,8,999.0,E,8,4.49,E,8,-9900,?,9,-9900,?,9,0.0,E,8,-9900,?,9,-9900,?,9,0.0,0.0,E,8
05/19/2015,17:00,207.245,1333.705,114.15,1,8,335.393,1,8,62.614,1,8,13698.0,1,8,31862.356,1,8,6887.489,1,8,129.705,1,8,-9900,?,9,-9900,?,9,22.49,E,8,13.05,E,8,55.0,E,8,1008.6016999999999,E,8,999.0,E,8,3.84,E,8,-9900,?,9,-9900,?,9,0.0,E,8,-9900,?,9,-9900,?,9,0.0,0.0,E,8
05/19/2015,18:00,0.0,1333.705,4.29,1,8,0.0,1,8,0.0,1,8,514.8,1,8,0.0,1,8,0.0,1,8,-0.0,1,8,-9900,?,9,-9900,?,9,22.22,E,8,13.39,E,8,62.0,E,8,1008.6016999999999,E,8,999.0,E,8,3.02,E,8,-9900,?,9,-9900,?,9,0.004,E,8,-9900,?,9,-9900,?,9,0.04,99.0,E,8
05/19/2015,19:00,0.0,1333.705,0.0,1,8,0.0,1,8,0.0,1,8,0.0,1,8,0.0,1,8,0.0,1,8,-0.0,1,8,-9900,?,9,-9900,?,9,21.95,E,8,13.73,E,8,64.0,E,8,1008.6016999999999,E,8,999.0,E,8,2.12,E,8,-9900,?,9,-9900,?,9,0.016,E,8,-9900,?,9,-9900,?,9,0.16,99.0,E,8
05/19/2015,20:00,0.0,1333.705,0.0,1,8,0.0,1,8,0.0,1,8,0.0,1,8,0.0,1,8,0.0,1,8,-0.0,1,8,-9900,?,9,-9900,?,9,21.67,E,8,14.06,E,8,71.0,E,8,1008.6016999999999,E,8,999.0,E,8,1.74,E,8,-9900,?,9,-9900,?,9,0.259,E,8,-9900,?,9,-9900,?,9,2.59,99.0,E,8
05/19/2015,21:00,0.0,1333.705,0.0,1,8,0.0,1,8,0.0,1,8,0.0,1,8,0.0,1,8,0.0,1,8,-0.0,1,8,-9900,?,9,-9900,?,9,21.4,E,8,14.38,E,8,69.0,E,8,1008.6016999999999,E,8,999.0,E,8,1.17,E,8,-9900,?,9,-9900,?,9,0.002,E,8,-9900,?,9,-9900,?,9,0.02,99.0,E,8
05/19/2015,22:00,0.0,1333.705,0.0,1,8,0.0,1,8,0.0,1,8,0.0,1,8,0.0,1,8,0.0,1,8,-0.0,1,8,-9900,?,9,-9900,?,9,21.13,E,8,14.7,E,8,71.0,E,8,1008.6016999999999,E,8,999.0,E,8,1.17,E,8,-9900,?,9,-9900,?,9,0.005,E,8,-9900,?,9,-9900,?,9,0.05,99.0,E,8
05/19/2015,23:00,0.0,1333.705,0.0,1,8,0.0,1,8,0.0,1,8,0.0,1,8,0.0,1,8,0.0,1,8,-0.0,1,8,-9900,?,9,-9900,?,9,20.86,E,8,15.0,E,8,74.0,E,8,1008.6016999999999,E,8,999.0,E,8,1.17,E,8,-9900,?,9,-9900,?,9,0.001,E,8,-9900,?,9,-9900,?,9,0.01,99.0,E,8
05/19/2015,24:00,0.0,1333.705,0.0,1,8,0.0,1,8,0.0,1,8,0.0,1,8,0.0,1,8,0.0,1,8,-0.0,1,8,-9900,?,9,-9900,?,9,20.58,E,8,16.69,E,8,83.0,E,8,1008.6016999999999,E,8,999.0,E,8,0.9,E,8,-9900,?,9,-9900,?,9,0.015,E,8,-9900,?,9,-9900,?,9,0.15,99.0,E,8
05/20/2015,01:00,0.0,1333.705,0.0,1,8,0.0,1,8,0.0,1,8,0.0,1,8,0.0,1,8,0.0,1,8,-0.0,1,8,-9900,?,9,-9900,?,9,20.45,E,8,16.76,E,8,79.0,E,8,1008.6016999999999,E,8,999.0,E,8,0.9,E,8,-9900,?,9,-9900,?,9,0.0,E,8,-9900,?,9,-9900,?,9,0.0,0.0,E,8
05/20/2015,02:00,0.0,1333.705,0.0,1,8,0.0,1,8,0.0,1,8,0.0,1,8,0.0,1,8,0.0,1,8,-0.0,1,8,-9900,?,9,-9900,?,9,20.31,E,8,16.83,E,8,80.0,E,8,1008.6016999999999,E,8,999.0,E,8,0.9,E,8,-9900,?,9,-9900,?,9,0.0,E,8,-9900,?,9,-9900,?,9,0.0,0.0,E,8
05/20/2015,03:00,0.0,1333.705,0.0,1,8,0.0,1,8,0.0,1,8,0.0,1,8,0.0,1,8,0.0,1,8,-0.0,1,8,-9900,?,9,-9900,?,9,20.18,E,8,16.91,E,8,81.0,E,8,1008.6016999999999,E,8,999.0,E,8,0.9,E,8,-9900,?,9,-9900,?,9,0.0,E,8,-9900,?,9,-9900,?,9,0.0,0.0,E,8
05/20/2015,04:00,0.0,1333.164,0.0,1,8,0.0,1,8,0.0,1,8,0.0,1,8,0.0,1,8,0.0,1,8,-0.0,1,8,-9900,?,9,-9900,?,9,20.04,E,8,16.98,E,8,82.0,E,8,1008.6016999999999,E,8,999.0,E,8,0.9,E,8,-9900,?,9,-9900,?,9,0.0,E,8,-9900,?,9,-9900,?,9,0.0,0.0,E,8
05/20/2015,05:00,0.0,1333.164,0.0,1,8,0.0,1,8,0.0,1,8,0.0,1,8,0.0,1,8,0.0,1,8,-0.0,1,8,-9900,?,9,-9900,?,9,19.9,E,8,17.06,E,8,83.0,E,8,1008.6016999999999,E,8,999.0,E,8,0.9,E,8,-9900,?,9,-9900,?,9,0.0,E,8,-9900,?,9,-9900,?,9,0.0,0.0,E,8
05/20/2015,06:00,0.0,1333.164,0.0,1,8,0.0,1,8,0.0,1,8,0.0,1,8,0.0,1,8,0.0,1,8,-0.0,1,8,-9900,?,9,-9900,?,9,19.8,E,8,17.11,E,8,84.0,E,8,1008.6016999999999,E,8,999.0,E,8,0.9,E,8,-9900,?,9,-9900,?,9,0.0,E,8,-9900,?,9,-9900,?,9,0.0,0.0,E,8
05/20/2015,07:00,78.38,1333.164,0.0,1,8,0.0,1,8,0.0,1,8,0.0,1,8,0.0,1,8,0.0,1,8,0.0,1,8,-9900,?,9,-9900,?,9,19.71,E,8,17.16,E,8,85.0,E,8,1008.6016999999999,E,8,999.0,E,8,0.9,E,8,-9900,?,9,-9900,?,9,0.0,E,8,-9900,?,9,-9900,?,9,0.0,0.0,E,8
05/20/2015,08:00,362.745,1333.164,62.17,1,8,0.0,1,8,62.17,1,8,7460.4,1,8,0.0,1,8,6838.7,1,8,72.992,1,8,-9900,?,9,-9900,?,9,19.62,E,8,17.21,E,8,85.0,E,8,1008.6016999999999,E,8,999.0,E,8,0.9,E,8,-9900,?,9,-9900,?,9,0.0,E,8,-9900,?,9,-9900,?,9,0.0,0.0,E,8
05/20/2015,09:00,614.475,1333.164,203.66,1,8,31.719,1,8,189.056,1,8,24439.2,1,8,3013.338,1,8,20796.151,1,8,130.704,1,8,-9900,?,9,-9900,?,9,21.37,E,8,16.24,E,8,72.0,E,8,1008.6016999999999,E,8,999.0,E,8,0.9,E,8,-9900,?,9,-9900,?,9,0.0,E,8,-9900,?,9,-9900,?,9,0.0,0.0,E,8
05/20/2015,10:00,813.57,1333.164,330.4,1,8,79.732,1,8,281.767,1,8,39648.0,1,8,7574.575,1,8,30994.366,1,8,147.043,1,8,-9900,?,9,-9900,?,9,22.24,E,8,15.74,E,8,66.0,E,8,1008.6016999999999,E,8,999.0,E,8,1.59,E,8,-9900,?,9,-9900,?,9,0.0,E,8,-9900,?,9,-9900,?,9,0.0,0.0,E,8
05/20/2015,11:00,946.205,1333.164,425.05,1,8,113.781,1,8,344.318,1,8,51006.0,1,8,10809.207,1,8,37874.965,1,8,154.466,1,8,-9900,?,9,-9900,?,9,22.98,E,8,15.31,E,8,61.0,E,8,1008.6016999999999,E,8,999.0,E,8,3.15,E,8,-9900,?,9,-9900,?,9,0.0,E,8,-9900,?,9,-9900,?,9,0.0,0.0,E,8
05/20/2015,12:00,1003.281,1333.164,479.44,1,8,138.692,1,8,375.09,1,8,57532.8,1,8,13175.715,1,8,41259.912,1,8,158.688,1,8,-9900,?,9,-9900,?,9,23.57,E,8,14.95,E,8,58.0,E,8,1008.6016999999999,E,8,999.0,E,8,4.12,E,8,-9900,?,9,-9900,?,9,0.0,E,8,-9900,?,9,-9900,?,9,0.0,0.0,E,8
05/20/2015,13:00,980.894,1333.164,489.41,1,8,167.21,1,8,366.414,1,8,58729.2,1,8,15884.937,1,8,40305.5,1,8,158.559,1,8,-9900,?,9,-9900,?,9,23.99,E,8,14.69,E,8,61.0,E,8,1008.6016999999999,E,8,999.0,E,8,4.77,E,8,-9900,?,9,-9900,?,9,0.003,E,8,-9900,?,9,-9900,?,9,0.03,99.0,E,8
05/20/2015,14:00,880.58,1333.164,454.19,1,8,206.092,1,8,318.114,1,8,54502.8,1,8,19578.772,1,8,34992.514,1,8,153.36,1,8,-9900,?,9,-9900,?,9,24.22,E,8,14.55,E,8,59.0,E,8,1008.6016999999999,E,8,999.0,E,8,4.92,E,8,-9900,?,9,-9900,?,9,0.006,E,8,-9900,?,9,-9900,?,9,0.06,99.0,E,8
05/20/2015,15:00,709.217,1333.164,376.45,1,8,312.788,1,8,210.176,1,8,45174.0,1,8,29714.859,1,8,23119.413,1,8,125.852,1,8,-9900,?,9,-9900,?,9,24.26,E,8,14.52,E,8,54.0,E,8,1008.6016999999999,E,8,999.0,E,8,4.57,E,8,-9900,?,9,-9900,?,9,0.0,E,8,-9900,?,9,-9900,?,9,0.0,0.0,E,8
05/20/2015,16:00,478.618,1333.164,262.48,1,8,341.538,1,8,140.105,1,8,31497.6,1,8,32446.153,1,8,15411.578,1,8,124.466,1,8,-9900,?,9,-9900,?,9,24.04,E,8,14.66,E,8,60.0,E,8,1008.6016999999999,E,8,999.0,E,8,4.21,E,8,-9900,?,9,-9900,?,9,0.004,E,8,-9900,?,9,-9900,?,9,0.04,99.0,E,8
05/20/2015,17:00,205.282,1333.164,123.91,1,8,398.819,1,8,63.196,1,8,14869.2,1,8,37887.778,1,8,6951.509,1,8,132.136,1,8,-9900,?,9,-9900,?,9,23.55,E,8,14.96,E,8,68.0,E,8,1008.6016999999999,E,8,999.0,E,8,3.33,E,8,-9900,?,9,-9900,?,9,0.43200000000000005,E,8,-9900,?,9,-9900,?,9,4.32,99.0,E,8
05/20/2015,18:00,0.0,1333.164,4.4,1,8,0.0,1,8,0.0,1,8,528.0,1,8,0.0,1,8,0.0,1,8,-0.0,1,8,-9900,?,9,-9900,?,9,23.17,E,8,15.19,E,8,65.0,E,8,1008.6016999999999,E,8,999.0,E,8,2.48,E,8,-9900,?,9,-9900,?,9,0.027000000000000003,E,8,-9900,?,9,-9900,?,9,0.27,99.0,E,8
05/20/2015,19:00,0.0,1333.164,0.0,1,8,0.0,1,8,0.0,1,8,0.0,1,8,0.0,1,8,0.0,1,8,-0.0,1,8,-9900,?,9,-9900,?,9,22.79,E,8,15.42,E,8,68.0,E,8,1008.6016999999999,E,8,999.0,E,8,1.64,E,8,-9900,?,9,-9900,?,9,0.002,E,8,-9900,?,9,-9900,?,9,0.02,99.0,E,8
05/20/2015,20:00,0.0,1333.164,0.0,1,8,0.0,1,8,0.0,1,8,0.0,1,8,0.0,1,8,0.0,1,8,-0.0,1,8,-9900,?,9,-9900,?,9,22.41,E,8,15.64,E,8,70.0,E,8,1008.6016999999999,E,8,999.0,E,8,1.31,E,8,-9900,?,9,-9900,?,9,0.001,E,8,-9900,?,9,-9900,?,9,0.01,99.0,E,8
05/20/2015,21:00,0.0,1333.164,0.0,1,8,0.0,1,8,0.0,1,8,0.0,1,8,0.0,1,8,0.0,1,8,-0.0,1,8,-9900,?,9,-9900,?,9,22.03,E,8,15.86,E,8,73.0,E,8,1008.6016999999999,E,8,999.0,E,8,0.9,E,8,-9900,?,9,-9900,?,9,0.009,E,8,-9900,?,9,-9900,?,9,0.09,99.0,E,8
05/20/2015,22:00,0.0,1333.164,0.0,1,8,0.0,1,8,0.0,1,8,0.0,1,8,0.0,1,8,0.0,1,8,-0.0,1,8,-9900,?,9,-9900,?,9,21.65,E,8,16.08,E,8,70.0,E,8,1008.6016999999999,E,8,999.0,E,8,0.9,E,8,-9900,?,9,-9900,?,9,0.0,E,8,-9900,?,9,-9900,?,9,0.0,0.0,E,8
05/20/2015,23:00,0.0,1333.164,0.0,1,8,0.0,1,8,0.0,1,8,0.0,1,8,0.0,1,8,0.0,1,8,-0.0,1,8,-9900,?,9,-9900,?,9,21.27,E,8,16.3,E,8,78.0,E,8,1008.6016999999999,E,8,999.0,E,8,0.9,E,8,-9900,?,9,-9900,?,9,0.001,E,8,-9900,?,9,-9900,?,9,0.01,99.0,E,8
05/20/2015,24:00,0.0,1333.164,0.0,1,8,0.0,1,8,0.0,1,8,0.0,1,8,0.0,1,8,0.0,1,8,-0.0,1,8,-9900,?,9,-9900,?,9,20.89,E,8,17.35,E,8,79.0,E,8,1008.6016999999999,E,8,999.0,E,8,1.1,E,8,-9900,?,9,-9900,?,9,0.005,E,8,-9900,?,9,-9900,?,9,0.05,99.0,E,8
05/21/2015,01:00,0.0,1333.164,0.0,1,8,0.0,1,8,0.0,1,8,0.0,1,8,0.0,1,8,0.0,1,8,-0.0,1,8,-9900,?,9,-9900,?,9,20.7,E,8,17.48,E,8,76.0,E,8,1008.6016999999999,E,8,999.0,E,8,1.1,E,8,-9900,?,9,-9900,?,9,0.0,E,8,-9900,?,9,-9900,?,9,0.0,0.0,E,8
05/21/2015,02:00,0.0,1333.164,0.0,1,8,0.0,1,8,0.0,1,8,0.0,1,8,0.0,1,8,0.0,1,8,-0.0,1,8,-9900,?,9,-9900,?,9,20.51,E,8,17.62,E,8,82.0,E,8,1008.6016999999999,E,8,999.0,E,8,1.1,E,8,-9900,?,9,-9900,?,9,0.028000000000000004,E,8,-9900,?,9,-9900,?,9,0.28,99.0,E,8
05/21/2015,03:00,0.0,1333.164,0.0,1,8,0.0,1,8,0.0,1,8,0.0,1,8,0.0,1,8,0.0,1,8,-0.0,1,8,-9900,?,9,-9900,?,9,20.32,E,8,17.75,E,8,92.0,E,8,1008.6016999999999,E,8,999.0,E,8,1.1,E,8,-9900,?,9,-9900,?,9,1.093,E,8,-9900,?,9,-9900,?,9,10.93,99.0,E,8
05/21/2015,04:00,0.0,1332.633,0.0,1,8,0.0,1,8,0.0,1,8,0.0,1,8,0.0,1,8,0.0,1,8,-0.0,1,8,-9900,?,9,-9900,?,9,20.13,E,8,17.89,E,8,85.0,E,8,1008.6016999999999,E,8,999.0,E,8,1.1,E,8,-9900,?,9,-9900,?,9,0.077,E,8,-9900,?,9,-9900,?,9,0.77,99.0,E,8
05/21/2015,05:00,0.0,1332.633,0.0,1,8,0.0,1,8,0.0,1,8,0.0,1,8,0.0,1,8,0.0,1,8,-0.0,1,8,-9900,?,9,-9900,?,9,19.94,E,8,18.02,E,8,86.0,E,8,1008.6016999999999,E,8,999.0,E,8,1.1,E,8,-9900,?,9,-9900,?,9,0.041999999999999996,E,8,-9900,?,9,-9900,?,9,0.42,99.0,E,8
05/21/2015,06:00,0.0,1332.633,0.0,1,8,0.0,1,8,0.0,1,8,0.0,1,8,0.0,1,8,0.0,1,8,-0.0,1,8,-9900,?,9,-9900,?,9,19.79,E,8,18.12,E,8,88.0,E,8,1008.6016999999999,E,8,999.0,E,8,1.1,E,8,-9900,?,9,-9900,?,9,0.01,E,8,-9900,?,9,-9900,?,9,0.1,99.0,E,8
05/21/2015,07:00,76.2,1332.633,0.0,1,8,0.0,1,8,0.0,1,8,0.0,1,8,0.0,1,8,0.0,1,8,0.0,1,8,-9900,?,9,-9900,?,9,19.67,E,8,18.21,E,8,89.0,E,8,1008.6016999999999,E,8,999.0,E,8,1.1,E,8,-9900,?,9,-9900,?,9,0.014000000000000002,E,8,-9900,?,9,-9900,?,9,0.14,99.0,E,8
05/21/2015,08:00,360.011,1332.633,48.23,1,8,0.0,1,8,48.23,1,8,5787.6,1,8,0.0,1,8,5305.3,1,8,57.036,1,8,-9900,?,9,-9900,?,9,19.54,E,8,18.3,E,8,90.0,E,8,1008.6016999999999,E,8,999.0,E,8,1.1,E,8,-9900,?,9,-9900,?,9,0.001,E,8,-9900,?,9,-9900,?,9,0.01,99.0,E,8
05/21/2015,09:00,611.347,1332.633,234.96,1,8,84.936,1,8,196.038,1,8,28195.2,1,8,8068.942,1,8,21564.19,1,8,136.173,1,8,-9900,?,9,-9900,?,9,21.75,E,8,16.71,E,8,69.0,E,8,1008.6016999999999,E,8,999.0,E,8,1.1,E,8,-9900,?,9,-9900,?,9,0.0,E,8,-9900,?,9,-9900,?,9,0.0,0.0,E,8
05/21/2015,10:00,810.16,1332.633,391.78,1,8,169.203,1,8,288.966,1,8,47013.6,1,8,16074.261,1,8,31786.309,1,8,151.375,1,8,-9900,?,9,-9900,?,9,23.05,E,8,15.71,E,8,61.0,E,8,1008.6016999999999,E,8,999.0,E,8,1.59,E,8,-9900,?,9,-9900,?,9,0.0,E,8,-9900,?,9,-9900,?,9,0.0,0.0,E,8
05/21/2015,11:00,942.641,1332.633,195.23,1,8,6.943,1,8,190.321,1,8,23427.6,1,8,659.546,1,8,20935.264,1,8,85.67,1,8,-9900,?,9,-9900,?,9,22.93,E,8,15.8,E,8,61.0,E,8,1008.6016999999999,E,8,999.0,E,8,2.39,E,8,-9900,?,9,-9900,?,9,0.0,E,8,-9900,?,9,-9900,?,9,0.0,0.0,E,8
05/21/2015,12:00,999.7,1332.633,378.04,1,8,35.108,1,8,351.709,1,8,45364.8,1,8,3335.225,1,8,38688.028,1,8,149.27,1,8,-9900,?,9,-9900,?,9,23.43,E,8,15.4,E,8,58.0,E,8,1008.6016999999999,E,8,999.0,E,8,3.13,E,8,-9900,?,9,-9900,?,9,0.0,E,8,-9900,?,9,-9900,?,9,0.0,0.0,E,8
05/21/2015,13:00,977.435,1332.633,385.95,1,8,65.488,1,8,337.929,1,8,46314.0,1,8,6221.329,1,8,37172.238,1,8,146.693,1,8,-9900,?,9,-9900,?,9,23.78,E,8,15.12,E,8,61.0,E,8,1008.6016999999999,E,8,999.0,E,8,4.11,E,8,-9900,?,9,-9900,?,9,0.002,E,8,-9900,?,9,-9900,?,9,0.02,99.0,E,8
05/21/2015,14:00,877.373,1332.633,358.14,1,8,81.91,1,8,304.233,1,8,42976.8,1,8,7781.48,1,8,33465.621,1,8,147.146,1,8,-9900,?,9,-9900,?,9,23.98,E,8,14.95,E,8,59.0,E,8,1008.6016999999999,E,8,999.0,E,8,4.44,E,8,-9900,?,9,-9900,?,9,0.019,E,8,-9900,?,9,-9900,?,9,0.19,99.0,E,8
05/21/2015,15:00,706.376,1332.633,296.71,1,8,106.716,1,8,240.186,1,8,35605.2,1,8,10138.067,1,8,26420.484,1,8,144.344,1,8,-9900,?,9,-9900,?,9,24.0,E,8,14.94,E,8,59.0,E,8,1008.6016999999999,E,8,999.0,E,8,4.22,E,8,-9900,?,9,-9900,?,9,0.007000000000000001,E,8,-9900,?,9,-9900,?,9,0.07,99.0,E,8
05/21/2015,16:00,476.232,1332.633,206.63,1,8,171.713,1,8,145.388,1,8,24795.6,1,8,16312.735,1,8,15992.686,1,8,129.758,1,8,-9900,?,9,-9900,?,9,23.77,E,8,15.13,E,8,56.0,E,8,1008.6016999999999,E,8,999.0,E,8,3.71,E,8,-9900,?,9,-9900,?,9,0.0,E,8,-9900,?,9,-9900,?,9,0.0,0.0,E,8
05/21/2015,17:00,203.419,1332.633,97.16,1,8,274.362,1,8,55.763,1,8,11659.2,1,8,26064.349,1,8,6133.935,1,8,117.639,1,8,-9900,?,9,-9900,?,9,23.29,E,8,15.52,E,8,59.0,E,8,1008.6016999999999,E,8,999.0,E,8,3.16,E,8,-9900,?,9,-9900,?,9,0.0,E,8,-9900,?,9,-9900,?,9,0.0,0.0,E,8
05/21/2015,18:00,0.0,1332.633,3.27,1,8,0.0,1,8,0.0,1,8,392.4,1,8,0.0,1,8,0.0,1,8,-0.0,1,8,-9900,?,9,-9900,?,9,23.02,E,8,15.73,E,8,61.0,E,8,1008.6016999999999,E,8,999.0,E,8,2.09,E,8,-9900,?,9,-9900,?,9,0.0,E,8,-9900,?,9,-9900,?,9,0.0,0.0,E,8
05/21/2015,19:00,0.0,1332.633,0.0,1,8,0.0,1,8,0.0,1,8,0.0,1,8,0.0,1,8,0.0,1,8,-0.0,1,8,-9900,?,9,-9900,?,9,22.75,E,8,15.95,E,8,62.0,E,8,1008.6016999999999,E,8,999.0,E,8,1.7,E,8,-9900,?,9,-9900,?,9,0.0,E,8,-9900,?,9,-9900,?,9,0.0,0.0,E,8
05/21/2015,20:00,0.0,1332.633,0.0,1,8,0.0,1,8,0.0,1,8,0.0,1,8,0.0,1,8,0.0,1,8,-0.0,1,8,-9900,?,9,-9900,?,9,22.48,E,8,16.16,E,8,68.0,E,8,1008.6016999999999,E,8,999.0,E,8,1.71,E,8,-9900,?,9,-9900,?,9,0.003,E,8,-9900,?,9,-9900,?,9,0.03,99.0,E,8
05/21/2015,21:00,0.0,1332.633,0.0,1,8,0.0,1,8,0.0,1,8,0.0,1,8,0.0,1,8,0.0,1,8,-0.0,1,8,-9900,?,9,-9900,?,9,22.2,E,8,16.37,E,8,66.0,E,8,1008.6016999999999,E,8,999.0,E,8,1.39,E,8,-9900,?,9,-9900,?,9,0.0,E,8,-9900,?,9,-9900,?,9,0.0,0.0,E,8
05/21/2015,22:00,0.0,1332.633,0.0,1,8,0.0,1,8,0.0,1,8,0.0,1,8,0.0,1,8,0.0,1,8,-0.0,1,8,-9900,?,9,-9900,?,9,21.93,E,8,16.58,E,8,68.0,E,8,1008.6016999999999,E,8,999.0,E,8,1.61,E,8,-9900,?,9,-9900,?,9,0.0,E,8,-9900,?,9,-9900,?,9,0.0,0.0,E,8
05/21/2015,23:00,0.0,1332.633,0.0,1,8,0.0,1,8,0.0,1,8,0.0,1,8,0.0,1,8,0.0,1,8,-0.0,1,8,-9900,?,9,-9900,?,9,21.66,E,8,16.78,E,8,70.0,E,8,1008.6016999999999,E,8,999.0,E,8,1.47,E,8,-9900,?,9,-9900,?,9,0.0,E,8,-9900,?,9,-9900,?,9,0.0,0.0,E,8
05/21/2015,24:00,0.0,1332.633,0.0,1,8,0.0,1,8,0.0,1,8,0.0,1,8,0.0,1,8,0.0,1,8,-0.0,1,8,-9900,?,9,-9900,?,9,21.39,E,8,17.76,E,8,76.0,E,8,1008.6016999999999,E,8,999.0,E,8,0.97,E,8,-9900,?,9,-9900,?,9,0.009,E,8,-9900,?,9,-9900,?,9,0.09,99.0,E,8
05/22/2015,01:00,0.0,1332.633,0.0,1,8,0.0,1,8,0.0,1,8,0.0,1,8,0.0,1,8,0.0,1,8,-0.0,1,8,-9900,?,9,-9900,?,9,21.25,E,8,17.77,E,8,77.0,E,8,1008.6016999999999,E,8,999.0,E,8,0.86,E,8,-9900,?,9,-9900,?,9,0.022,E,8,-9900,?,9,-9900,?,9,0.22,99.0,E,8
05/22/2015,02:00,0.0,1332.633,0.0,1,8,0.0,1,8,0.0,1,8,0.0,1,8,0.0,1,8,0.0,1,8,-0.0,1,8,-9900,?,9,-9900,?,9,21.12,E,8,17.78,E,8,77.0,E,8,1008.6016999999999,E,8,999.0,E,8,0.78,E,8,-9900,?,9,-9900,?,9,0.014000000000000002,E,8,-9900,?,9,-9900,?,9,0.14,99.0,E,8
05/22/2015,03:00,0.0,1332.633,0.0,1,8,0.0,1,8,0.0,1,8,0.0,1,8,0.0,1,8,0.0,1,8,-0.0,1,8,-9900,?,9,-9900,?,9,20.98,E,8,17.79,E,8,78.0,E,8,1008.6016999999999,E,8,999.0,E,8,0.74,E,8,-9900,?,9,-9900,?,9,0.04,E,8,-9900,?,9,-9900,?,9,0.4,99.0,E,8
05/22/2015,04:00,0.0,1332.112,0.0,1,8,0.0,1,8,0.0,1,8,0.0,1,8,0.0,1,8,0.0,1,8,-0.0,1,8,-9900,?,9,-9900,?,9,20.85,E,8,17.8,E,8,85.0,E,8,1008.6016999999999,E,8,999.0,E,8,0.74,E,8,-9900,?,9,-9900,?,9,0.597,E,8,-9900,?,9,-9900,?,9,5.97,99.0,E,8
05/22/2015,05:00,0.0,1332.112,0.0,1,8,0.0,1,8,0.0,1,8,0.0,1,8,0.0,1,8,0.0,1,8,-0.0,1,8,-9900,?,9,-9900,?,9,20.71,E,8,17.81,E,8,79.0,E,8,1008.6016999999999,E,8,999.0,E,8,0.74,E,8,-9900,?,9,-9900,?,9,0.007000000000000001,E,8,-9900,?,9,-9900,?,9,0.07,99.0,E,8
05/22/2015,06:00,0.0,1332.112,0.0,1,8,0.0,1,8,0.0,1,8,0.0,1,8,0.0,1,8,0.0,1,8,-0.0,1,8,-9900,?,9,-9900,?,9,20.61,E,8,17.81,E,8,79.0,E,8,1008.6016999999999,E,8,999.0,E,8,0.82,E,8,-9900,?,9,-9900,?,9,0.002,E,8,-9900,?,9,-9900,?,9,0.02,99.0,E,8
05/22/2015,07:00,74.036,1332.112,0.0,1,8,0.0,1,8,0.0,1,8,0.0,1,8,0.0,1,8,0.0,1,8,0.0,1,8,-9900,?,9,-9900,?,9,20.52,E,8,17.82,E,8,76.0,E,8,1008.6016999999999,E,8,999.0,E,8,1.21,E,8,-9900,?,9,-9900,?,9,0.0,E,8,-9900,?,9,-9900,?,9,0.0,0.0,E,8
05/22/2015,08:00,357.302,1332.112,100.99,1,8,40.41,1,8,90.191,1,8,12118.8,1,8,3838.923,1,8,9921.05,1,8,107.432,1,8,-9900,?,9,-9900,?,9,20.43,E,8,17.83,E,8,76.0,E,8,1008.6016999999999,E,8,999.0,E,8,1.59,E,8,-9900,?,9,-9900,?,9,0.0,E,8,-9900,?,9,-9900,?,9,0.0,0.0,E,8
05/22/2015,09:00,608.259,1332.112,282.63,1,8,199.84,1,8,191.482,1,8,33915.6,1,8,18984.831,1,8,21062.971,1,8,133.632,1,8,-9900,?,9,-9900,?,9,22.81,E,8,17.66,E,8,68.0,E,8,1008.6016999999999,E,8,999.0,E,8,2.25,E,8,-9900,?,9,-9900,?,9,0.0,E,8,-9900,?,9,-9900,?,9,0.0,0.0,E,8
05/22/2015,10:00,806.805,1332.112,365.86,1,8,128.127,1,8,288.298,1,8,43903.2,1,8,12172.031,1,8,31712.809,1,8,151.595,1,8,-9900,?,9,-9900,?,9,23.53,E,8,17.61,E,8,69.0,E,8,1008.6016999999999,E,8,999.0,E,8,2.94,E,8,-9900,?,9,-9900,?,9,0.004,E,8,-9900,?,9,-9900,?,9,0.04,99.0,E,8
05/22/2015,11:00,939.147,1332.112,516.51,1,8,305.414,1,8,301.255,1,8,61981.2,1,8,29014.362,1,8,33138.064,1,8,136.057,1,8,-9900,?,9,-9900,?,9,24.35,E,8,17.56,E,8,64.0,E,8,1008.6016999999999,E,8,999.0,E,8,3.86,E,8,-9900,?,9,-9900,?,9,0.0,E,8,-9900,?,9,-9900,?,9,0.0,0.0,E,8
05/22/2015,12:00,996.202,1332.112,517.53,1,8,184.494,1,8,379.591,1,8,62103.6,1,8,17526.912,1,8,41754.981,1,8,161.607,1,8,-9900,?,9,-9900,?,9,24.85,E,8,17.52,E,8,62.0,E,8,1008.6016999999999,E,8,999.0,E,8,4.26,E,8,-9900,?,9,-9900,?,9,0.0,E,8,-9900,?,9,-9900,?,9,0.0,0.0,E,8
05/22/2015,13:00,974.069,1332.112,539.63,1,8,314.37,1,8,309.815,1,8,64755.6,1,8,29865.147,1,8,34079.604,1,8,134.901,1,8,-9900,?,9,-9900,?,9,25.23,E,8,17.5,E,8,65.0,E,8,1008.6016999999999,E,8,999.0,E,8,4.47,E,8,-9900,?,9,-9900,?,9,0.001,E,8,-9900,?,9,-9900,?,9,0.01,99.0,E,8
05/22/2015,14:00,874.267,1332.112,470.81,1,8,297.24,1,8,275.806,1,8,56497.2,1,8,28237.825,1,8,30338.701,1,8,133.819,1,8,-9900,?,9,-9900,?,9,25.38,E,8,17.49,E,8,61.0,E,8,1008.6016999999999,E,8,999.0,E,8,5.43,E,8,-9900,?,9,-9900,?,9,0.0,E,8,-9900,?,9,-9900,?,9,0.0,0.0,E,8
05/22/2015,15:00,703.639,1332.112,449.19,1,8,540.223,1,8,164.053,1,8,53902.8,1,8,51321.163,1,8,18045.838,1,8,98.936,1,8,-9900,?,9,-9900,?,9,25.46,E,8,17.48,E,8,61.0,E,8,1008.6016999999999,E,8,999.0,E,8,5.75,E,8,-9900,?,9,-9900,?,9,0.0,E,8,-9900,?,9,-9900,?,9,0.0,0.0,E,8
05/22/2015,16:00,473.95,1332.112,372.71,1,8,609.533,1,8,156.28,1,8,44725.2,1,8,57905.624,1,8,17190.762,1,8,140.098,1,8,-9900,?,9,-9900,?,9,25.38,E,8,17.49,E,8,61.0,E,8,1008.6016999999999,E,8,999.0,E,8,5.29,E,8,-9900,?,9,-9900,?,9,0.0,E,8,-9900,?,9,-9900,?,9,0.0,0.0,E,8
05/22/2015,17:00,201.656,1332.112,179.05,1,8,397.287,1,8,119.613,1,8,21486.0,1,8,37742.289,1,8,13157.452,1,8,254.495,1,8,-9900,?,9,-9900,?,9,24.91,E,8,17.52,E,8,62.0,E,8,1008.6016999999999,E,8,999.0,E,8,4.7,E,8,-9900,?,9,-9900,?,9,0.0,E,8,-9900,?,9,-9900,?,9,0.0,0.0,E,8
05/22/2015,18:00,0.0,1332.112,14.02,1,8,0.0,1,8,0.0,1,8,1682.4,1,8,0.0,1,8,0.0,1,8,-0.0,1,8,-9900,?,9,-9900,?,9,24.45,E,8,17.55,E,8,64.0,E,8,1008.6016999999999,E,8,999.0,E,8,4.43,E,8,-9900,?,9,-9900,?,9,0.0,E,8,-9900,?,9,-9900,?,9,0.0,0.0,E,8
05/22/2015,19:00,0.0,1332.112,0.0,1,8,0.0,1,8,0.0,1,8,0.0,1,8,0.0,1,8,0.0,1,8,-0.0,1,8,-9900,?,9,-9900,?,9,24.0,E,8,17.58,E,8,65.0,E,8,1008.6016999999999,E,8,999.0,E,8,3.45,E,8,-9900,?,9,-9900,?,9,0.0,E,8,-9900,?,9,-9900,?,9,0.0,0.0,E,8
05/22/2015,20:00,0.0,1332.112,0.0,1,8,0.0,1,8,0.0,1,8,0.0,1,8,0.0,1,8,0.0,1,8,-0.0,1,8,-9900,?,9,-9900,?,9,23.54,E,8,17.61,E,8,66.0,E,8,1008.6016999999999,E,8,999.0,E,8,2.76,E,8,-9900,?,9,-9900,?,9,0.0,E,8,-9900,?,9,-9900,?,9,0.0,0.0,E,8
05/22/2015,21:00,0.0,1332.112,0.0,1,8,0.0,1,8,0.0,1,8,0.0,1,8,0.0,1,8,0.0,1,8,-0.0,1,8,-9900,?,9,-9900,?,9,23.08,E,8,17.64,E,8,71.0,E,8,1008.6016999999999,E,8,999.0,E,8,1.91,E,8,-9900,?,9,-9900,?,9,0.003,E,8,-9900,?,9,-9900,?,9,0.03,99.0,E,8
05/22/2015,22:00,0.0,1332.112,0.0,1,8,0.0,1,8,0.0,1,8,0.0,1,8,0.0,1,8,0.0,1,8,-0.0,1,8,-9900,?,9,-9900,?,9,22.63,E,8,17.68,E,8,72.0,E,8,1008.6016999999999,E,8,999.0,E,8,1.62,E,8,-9900,?,9,-9900,?,9,0.001,E,8,-9900,?,9,-9900,?,9,0.01,99.0,E,8
05/22/2015,23:00,0.0,1332.112,0.0,1,8,0.0,1,8,0.0,1,8,0.0,1,8,0.0,1,8,0.0,1,8,-0.0,1,8,-9900,?,9,-9900,?,9,22.17,E,8,17.71,E,8,70.0,E,8,1008.6016999999999,E,8,999.0,E,8,1.41,E,8,-9900,?,9,-9900,?,9,0.0,E,8,-9900,?,9,-9900,?,9,0.0,0.0,E,8
05/22/2015,24:00,0.0,1332.112,0.0,1,8,0.0,1,8,0.0,1,8,0.0,1,8,0.0,1,8,0.0,1,8,-0.0,1,8,-9900,?,9,-9900,?,9,21.71,E,8,19.33,E,8,87.0,E,8,1008.6016999999999,E,8,999.0,E,8,2.03,E,8,-9900,?,9,-9900,?,9,0.001,E,8,-9900,?,9,-9900,?,9,0.01,99.0,E,8
05/23/2015,01:00,0.0,1332.112,0.0,1,8,0.0,1,8,0.0,1,8,0.0,1,8,0.0,1,8,0.0,1,8,-0.0,1,8,-9900,?,9,-9900,?,9,21.48,E,8,19.31,E,8,88.0,E,8,1008.6016999999999,E,8,999.0,E,8,1.55,E,8,-9900,?,9,-9900,?,9,0.005,E,8,-9900,?,9,-9900,?,9,0.05,99.0,E,8
05/23/2015,02:00,0.0,1332.112,0.0,1,8,0.0,1,8,0.0,1,8,0.0,1,8,0.0,1,8,0.0,1,8,-0.0,1,8,-9900,?,9,-9900,?,9,21.25,E,8,19.3,E,8,85.0,E,8,1008.6016999999999,E,8,999.0,E,8,1.47,E,8,-9900,?,9,-9900,?,9,0.0,E,8,-9900,?,9,-9900,?,9,0.0,0.0,E,8
05/23/2015,03:00,0.0,1332.112,0.0,1,8,0.0,1,8,0.0,1,8,0.0,1,8,0.0,1,8,0.0,1,8,-0.0,1,8,-9900,?,9,-9900,?,9,21.03,E,8,19.29,E,8,86.0,E,8,1008.6016999999999,E,8,999.0,E,8,1.47,E,8,-9900,?,9,-9900,?,9,0.0,E,8,-9900,?,9,-9900,?,9,0.0,0.0,E,8
05/23/2015,04:00,0.0,1331.601,0.0,1,8,0.0,1,8,0.0,1,8,0.0,1,8,0.0,1,8,0.0,1,8,-0.0,1,8,-9900,?,9,-9900,?,9,20.8,E,8,19.27,E,8,91.0,E,8,1008.6016999999999,E,8,999.0,E,8,1.47,E,8,-9900,?,9,-9900,?,9,0.003,E,8,-9900,?,9,-9900,?,9,0.03,99.0,E,8
05/23/2015,05:00,0.0,1331.601,0.0,1,8,0.0,1,8,0.0,1,8,0.0,1,8,0.0,1,8,0.0,1,8,-0.0,1,8,-9900,?,9,-9900,?,9,20.57,E,8,19.26,E,8,88.0,E,8,1008.6016999999999,E,8,999.0,E,8,1.47,E,8,-9900,?,9,-9900,?,9,0.0,E,8,-9900,?,9,-9900,?,9,0.0,0.0,E,8
05/23/2015,06:00,0.0,1331.601,0.0,1,8,0.0,1,8,0.0,1,8,0.0,1,8,0.0,1,8,0.0,1,8,-0.0,1,8,-9900,?,9,-9900,?,9,20.39,E,8,19.25,E,8,93.0,E,8,1008.6016999999999,E,8,999.0,E,8,1.47,E,8,-9900,?,9,-9900,?,9,0.034,E,8,-9900,?,9,-9900,?,9,0.34,99.0,E,8
05/23/2015,07:00,71.889,1331.601,0.0,1,8,0.0,1,8,0.0,1,8,0.0,1,8,0.0,1,8,0.0,1,8,0.0,1,8,-9900,?,9,-9900,?,9,20.24,E,8,19.24,E,8,90.0,E,8,1008.6016999999999,E,8,999.0,E,8,1.47,E,8,-9900,?,9,-9900,?,9,0.0,E,8,-9900,?,9,-9900,?,9,0.0,0.0,E,8
05/23/2015,08:00,354.62,1331.601,50.52,1,8,0.0,1,8,50.52,1,8,6062.4,1,8,0.0,1,8,5557.2,1,8,60.612,1,8,-9900,?,9,-9900,?,9,20.09,E,8,19.23,E,8,90.0,E,8,1008.6016999999999,E,8,999.0,E,8,1.56,E,8,-9900,?,9,-9900,?,9,0.0,E,8,-9900,?,9,-9900,?,9,0.0,0.0,E,8
05/23/2015,09:00,605.214,1331.601,95.72,1,8,0.0,1,8,95.72,1,8,11486.4,1,8,0.0,1,8,10529.2,1,8,67.113,1,8,-9900,?,9,-9900,?,9,21.12,E,8,19.29,E,8,86.0,E,8,1008.6016999999999,E,8,999.0,E,8,2.43,E,8,-9900,?,9,-9900,?,9,0.0,E,8,-9900,?,9,-9900,?,9,0.0,0.0,E,8
05/23/2015,10:00,803.508,1331.601,280.83,1,8,41.523,1,8,255.787,1,8,33699.6,1,8,3944.717,1,8,28136.573,1,8,135.0,1,8,-9900,?,9,-9900,?,9,22.09,E,8,19.35,E,8,82.0,E,8,1008.6016999999999,E,8,999.0,E,8,3.46,E,8,-9900,?,9,-9900,?,9,0.0,E,8,-9900,?,9,-9900,?,9,0.0,0.0,E,8
05/23/2015,11:00,935.724,1331.601,362.4,1,8,47.729,1,8,328.871,1,8,43488.0,1,8,4534.251,1,8,36175.774,1,8,149.016,1,8,-9900,?,9,-9900,?,9,22.86,E,8,19.39,E,8,79.0,E,8,1008.6016999999999,E,8,999.0,E,8,3.71,E,8,-9900,?,9,-9900,?,9,0.0,E,8,-9900,?,9,-9900,?,9,0.0,0.0,E,8
05/23/2015,12:00,992.789,1331.601,409.38,1,8,58.904,1,8,365.474,1,8,49125.6,1,8,5595.841,1,8,40202.156,1,8,156.072,1,8,-9900,?,9,-9900,?,9,23.46,E,8,19.43,E,8,81.0,E,8,1008.6016999999999,E,8,999.0,E,8,4.86,E,8,-9900,?,9,-9900,?,9,0.007000000000000001,E,8,-9900,?,9,-9900,?,9,0.07,99.0,E,8
05/23/2015,13:00,970.799,1331.601,418.09,1,8,71.622,1,8,365.888,1,8,50170.8,1,8,6804.063,1,8,40247.677,1,8,159.792,1,8,-9900,?,9,-9900,?,9,23.88,E,8,19.45,E,8,79.0,E,8,1008.6016999999999,E,8,999.0,E,8,5.37,E,8,-9900,?,9,-9900,?,9,0.002,E,8,-9900,?,9,-9900,?,9,0.02,99.0,E,8
05/23/2015,14:00,871.264,1331.601,387.9,1,8,89.422,1,8,329.415,1,8,46548.0,1,8,8495.061,1,8,36235.598,1,8,160.32,1,8,-9900,?,9,-9900,?,9,24.11,E,8,19.47,E,8,75.0,E,8,1008.6016999999999,E,8,999.0,E,8,5.73,E,8,-9900,?,9,-9900,?,9,0.0,E,8,-9900,?,9,-9900,?,9,0.0,0.0,E,8
05/23/2015,15:00,701.008,1331.601,321.11,1,8,156.832,1,8,238.611,1,8,38533.2,1,8,14899.011,1,8,26247.164,1,8,144.385,1,8,-9900,?,9,-9900,?,9,24.18,E,8,19.47,E,8,78.0,E,8,1008.6016999999999,E,8,999.0,E,8,5.96,E,8,-9900,?,9,-9900,?,9,0.014000000000000002,E,8,-9900,?,9,-9900,?,9,0.14,99.0,E,8
05/23/2015,16:00,471.772,1331.601,223.13,1,8,261.101,1,8,130.812,1,8,26775.6,1,8,24804.597,1,8,14389.284,1,8,117.765,1,8,-9900,?,9,-9900,?,9,24.0,E,8,19.46,E,8,79.0,E,8,1008.6016999999999,E,8,999.0,E,8,5.16,E,8,-9900,?,9,-9900,?,9,0.01,E,8,-9900,?,9,-9900,?,9,0.1,99.0,E,8
05/23/2015,17:00,199.991,1331.601,104.12,1,8,273.337,1,8,63.556,1,8,12494.4,1,8,25967.048,1,8,6991.195,1,8,136.323,1,8,-9900,?,9,-9900,?,9,23.57,E,8,19.44,E,8,80.0,E,8,1008.6016999999999,E,8,999.0,E,8,4.19,E,8,-9900,?,9,-9900,?,9,0.001,E,8,-9900,?,9,-9900,?,9,0.01,99.0,E,8
05/23/2015,18:00,0.0,1331.601,3.16,1,8,0.0,1,8,0.0,1,8,379.2,1,8,0.0,1,8,0.0,1,8,-0.0,1,8,-9900,?,9,-9900,?,9,23.26,E,8,19.42,E,8,86.0,E,8,1008.6016999999999,E,8,999.0,E,8,2.74,E,8,-9900,?,9,-9900,?,9,0.124,E,8,-9900,?,9,-9900,?,9,1.24,99.0,E,8
05/23/2015,19:00,0.0,1331.601,0.0,1,8,0.0,1,8,0.0,1,8,0.0,1,8,0.0,1,8,0.0,1,8,-0.0,1,8,-9900,?,9,-9900,?,9,22.96,E,8,19.4,E,8,83.0,E,8,1008.6016999999999,E,8,999.0,E,8,2.21,E,8,-9900,?,9,-9900,?,9,0.025,E,8,-9900,?,9,-9900,?,9,0.25,99.0,E,8
05/23/2015,20:00,0.0,1331.601,0.0,1,8,0.0,1,8,0.0,1,8,0.0,1,8,0.0,1,8,0.0,1,8,-0.0,1,8,-9900,?,9,-9900,?,9,22.65,E,8,19.38,E,8,84.0,E,8,1008.6016999999999,E,8,999.0,E,8,1.76,E,8,-9900,?,9,-9900,?,9,0.019,E,8,-9900,?,9,-9900,?,9,0.19,99.0,E,8
05/23/2015,21:00,0.0,1331.601,0.0,1,8,0.0,1,8,0.0,1,8,0.0,1,8,0.0,1,8,0.0,1,8,-0.0,1,8,-9900,?,9,-9900,?,9,22.34,E,8,19.36,E,8,85.0,E,8,1008.6016999999999,E,8,999.0,E,8,1.47,E,8,-9900,?,9,-9900,?,9,0.048,E,8,-9900,?,9,-9900,?,9,0.48,99.0,E,8
05/23/2015,22:00,0.0,1331.601,0.0,1,8,0.0,1,8,0.0,1,8,0.0,1,8,0.0,1,8,0.0,1,8,-0.0,1,8,-9900,?,9,-9900,?,9,22.03,E,8,19.35,E,8,94.0,E,8,1008.6016999999999,E,8,999.0,E,8,1.47,E,8,-9900,?,9,-9900,?,9,1.636,E,8,-9900,?,9,-9900,?,9,16.36,99.0,E,8
05/23/2015,23:00,0.0,1331.601,0.0,1,8,0.0,1,8,0.0,1,8,0.0,1,8,0.0,1,8,0.0,1,8,-0.0,1,8,-9900,?,9,-9900,?,9,21.73,E,8,19.33,E,8,87.0,E,8,1008.6016999999999,E,8,999.0,E,8,1.47,E,8,-9900,?,9,-9900,?,9,0.071,E,8,-9900,?,9,-9900,?,9,0.71,99.0,E,8
05/23/2015,24:00,0.0,1331.601,0.0,1,8,0.0,1,8,0.0,1,8,0.0,1,8,0.0,1,8,0.0,1,8,-0.0,1,8,-9900,?,9,-9900,?,9,21.42,E,8,19.19,E,8,93.0,E,8,1008.6016999999999,E,8,999.0,E,8,1.44,E,8,-9900,?,9,-9900,?,9,1.244,E,8,-9900,?,9,-9900,?,9,12.44,99.0,E,8
05/24/2015,01:00,0.0,1331.601,0.0,1,8,0.0,1,8,0.0,1,8,0.0,1,8,0.0,1,8,0.0,1,8,-0.0,1,8,-9900,?,9,-9900,?,9,21.27,E,8,19.19,E,8,86.0,E,8,1008.6016999999999,E,8,999.0,E,8,1.44,E,8,-9900,?,9,-9900,?,9,0.017,E,8,-9900,?,9,-9900,?,9,0.17,99.0,E,8
05/24/2015,02:00,0.0,1331.601,0.0,1,8,0.0,1,8,0.0,1,8,0.0,1,8,0.0,1,8,0.0,1,8,-0.0,1,8,-9900,?,9,-9900,?,9,21.11,E,8,19.19,E,8,87.0,E,8,1008.6016999999999,E,8,999.0,E,8,1.44,E,8,-9900,?,9,-9900,?,9,0.004,E,8,-9900,?,9,-9900,?,9,0.04,99.0,E,8
05/24/2015,03:00,0.0,1331.601,0.0,1,8,0.0,1,8,0.0,1,8,0.0,1,8,0.0,1,8,0.0,1,8,-0.0,1,8,-9900,?,9,-9900,?,9,20.96,E,8,19.19,E,8,84.0,E,8,1008.6016999999999,E,8,999.0,E,8,1.44,E,8,-9900,?,9,-9900,?,9,0.0,E,8,-9900,?,9,-9900,?,9,0.0,0.0,E,8
05/24/2015,04:00,0.0,1331.1,0.0,1,8,0.0,1,8,0.0,1,8,0.0,1,8,0.0,1,8,0.0,1,8,-0.0,1,8,-9900,?,9,-9900,?,9,20.8,E,8,19.19,E,8,88.0,E,8,1008.6016999999999,E,8,999.0,E,8,1.44,E,8,-9900,?,9,-9900,?,9,0.013000000000000001,E,8,-9900,?,9,-9900,?,9,0.13,99.0,E,8
05/24/2015,05:00,0.0,1331.1,0.0,1,8,0.0,1,8,0.0,1,8,0.0,1,8,0.0,1,8,0.0,1,8,-0.0,1,8,-9900,?,9,-9900,?,9,20.65,E,8,19.19,E,8,88.0,E,8,1008.6016999999999,E,8,999.0,E,8,1.44,E,8,-9900,?,9,-9900,?,9,0.024,E,8,-9900,?,9,-9900,?,9,0.24,99.0,E,8
05/24/2015,06:00,0.0,1331.1,0.0,1,8,0.0,1,8,0.0,1,8,0.0,1,8,0.0,1,8,0.0,1,8,-0.0,1,8,-9900,?,9,-9900,?,9,20.53,E,8,19.19,E,8,89.0,E,8,1008.6016999999999,E,8,999.0,E,8,1.44,E,8,-9900,?,9,-9900,?,9,0.002,E,8,-9900,?,9,-9900,?,9,0.02,99.0,E,8
05/24/2015,07:00,69.76,1331.1,0.0,1,8,0.0,1,8,0.0,1,8,0.0,1,8,0.0,1,8,0.0,1,8,0.0,1,8,-9900,?,9,-9900,?,9,20.43,E,8,19.2,E,8,89.0,E,8,1008.6016999999999,E,8,999.0,E,8,1.44,E,8,-9900,?,9,-9900,?,9,0.001,E,8,-9900,?,9,-9900,?,9,0.01,99.0,E,8
05/24/2015,08:00,351.969,1331.1,67.48,1,8,0.0,1,8,67.48,1,8,8097.6,1,8,0.0,1,8,7422.8,1,8,81.544,1,8,-9900,?,9,-9900,?,9,20.33,E,8,19.2,E,8,86.0,E,8,1008.6016999999999,E,8,999.0,E,8,1.44,E,8,-9900,?,9,-9900,?,9,0.0,E,8,-9900,?,9,-9900,?,9,0.0,0.0,E,8
05/24/2015,09:00,602.213,1331.1,232.27,1,8,94.667,1,8,189.489,1,8,27872.4,1,8,8993.41,1,8,20843.834,1,8,133.472,1,8,-9900,?,9,-9900,?,9,22.2,E,8,19.19,E,8,79.0,E,8,1008.6016999999999,E,8,999.0,E,8,1.44,E,8,-9900,?,9,-9900,?,9,0.0,E,8,-9900,?,9,-9900,?,9,0.0,0.0,E,8
05/24/2015,10:00,800.271,1331.1,380.86,1,8,155.467,1,8,287.44,1,8,45703.2,1,8,14769.329,1,8,31618.439,1,8,152.264,1,8,-9900,?,9,-9900,?,9,23.16,E,8,19.18,E,8,75.0,E,8,1008.6016999999999,E,8,999.0,E,8,1.44,E,8,-9900,?,9,-9900,?,9,0.0,E,8,-9900,?,9,-9900,?,9,0.0,0.0,E,8
05/24/2015,11:00,932.376,1331.1,492.03,1,8,205.567,1,8,348.084,1,8,59043.6,1,8,19528.841,1,8,38289.203,1,8,158.229,1,8,-9900,?,9,-9900,?,9,23.99,E,8,19.17,E,8,72.0,E,8,1008.6016999999999,E,8,999.0,E,8,1.75,E,8,-9900,?,9,-9900,?,9,0.0,E,8,-9900,?,9,-9900,?,9,0.0,0.0,E,8
05/24/2015,12:00,989.462,1331.1,556.08,1,8,327.447,1,8,312.733,1,8,66729.6,1,8,31107.458,1,8,34400.634,1,8,133.949,1,8,-9900,?,9,-9900,?,9,24.64,E,8,19.17,E,8,70.0,E,8,1008.6016999999999,E,8,999.0,E,8,2.39,E,8,-9900,?,9,-9900,?,9,0.0,E,8,-9900,?,9,-9900,?,9,0.0,0.0,E,8
05/24/2015,13:00,967.625,1331.1,568.03,1,8,390.085,1,8,284.538,1,8,68163.6,1,8,37058.046,1,8,31299.142,1,8,124.626,1,8,-9900,?,9,-9900,?,9,25.1,E,8,19.17,E,8,69.0,E,8,1008.6016999999999,E,8,999.0,E,8,2.59,E,8,-9900,?,9,-9900,?,9,0.0,E,8,-9900,?,9,-9900,?,9,0.0,0.0,E,8
05/24/2015,14:00,868.363,1331.1,526.99,1,8,458.522,1,8,227.985,1,8,63238.8,1,8,43559.588,1,8,25078.335,1,8,111.285,1,8,-9900,?,9,-9900,?,9,25.36,E,8,19.17,E,8,68.0,E,8,1008.6016999999999,E,8,999.0,E,8,3.6,E,8,-9900,?,9,-9900,?,9,0.0,E,8,-9900,?,9,-9900,?,9,0.0,0.0,E,8
05/24/2015,15:00,698.483,1331.1,436.08,1,8,604.605,1,8,119.064,1,8,52329.6,1,8,57437.439,1,8,13097.005,1,8,72.28,1,8,-9900,?,9,-9900,?,9,25.41,E,8,19.17,E,8,68.0,E,8,1008.6016999999999,E,8,999.0,E,8,4.45,E,8,-9900,?,9,-9900,?,9,0.0,E,8,-9900,?,9,-9900,?,9,0.0,0.0,E,8
05/24/2015,16:00,469.699,1331.1,302.71,1,8,527.926,1,8,116.803,1,8,36325.2,1,8,50153.016,1,8,12848.325,1,8,105.58,1,8,-9900,?,9,-9900,?,9,25.16,E,8,19.17,E,8,72.0,E,8,1008.6016999999999,E,8,999.0,E,8,3.49,E,8,-9900,?,9,-9900,?,9,0.009,E,8,-9900,?,9,-9900,?,9,0.09,99.0,E,8
05/24/2015,17:00,198.425,1331.1,140.77,1,8,290.994,1,8,97.916,1,8,16892.4,1,8,27644.412,1,8,10770.709,1,8,211.636,1,8,-9900,?,9,-9900,?,9,24.62,E,8,19.17,E,8,74.0,E,8,1008.6016999999999,E,8,999.0,E,8,3.2,E,8,-9900,?,9,-9900,?,9,0.051000000000000004,E,8,-9900,?,9,-9900,?,9,0.51,99.0,E,8
05/24/2015,18:00,0.0,1331.1,4.06,1,8,0.0,1,8,0.0,1,8,487.2,1,8,0.0,1,8,0.0,1,8,-0.0,1,8,-9900,?,9,-9900,?,9,24.17,E,8,19.17,E,8,72.0,E,8,1008.6016999999999,E,8,999.0,E,8,2.76,E,8,-9900,?,9,-9900,?,9,0.0,E,8,-9900,?,9,-9900,?,9,0.0,0.0,E,8
05/24/2015,19:00,0.0,1331.1,0.0,1,8,0.0,1,8,0.0,1,8,0.0,1,8,0.0,1,8,0.0,1,8,-0.0,1,8,-9900,?,9,-9900,?,9,23.71,E,8,19.18,E,8,73.0,E,8,1008.6016999999999,E,8,999.0,E,8,1.86,E,8,-9900,?,9,-9900,?,9,0.0,E,8,-9900,?,9,-9900,?,9,0.0,0.0,E,8
05/24/2015,20:00,0.0,1331.1,0.0,1,8,0.0,1,8,0.0,1,8,0.0,1,8,0.0,1,8,0.0,1,8,-0.0,1,8,-9900,?,9,-9900,?,9,23.26,E,8,19.18,E,8,79.0,E,8,1008.6016999999999,E,8,999.0,E,8,1.44,E,8,-9900,?,9,-9900,?,9,0.003,E,8,-9900,?,9,-9900,?,9,0.03,99.0,E,8
05/24/2015,21:00,0.0,1331.1,0.0,1,8,0.0,1,8,0.0,1,8,0.0,1,8,0.0,1,8,0.0,1,8,-0.0,1,8,-9900,?,9,-9900,?,9,22.81,E,8,19.18,E,8,80.0,E,8,1008.6016999999999,E,8,999.0,E,8,1.44,E,8,-9900,?,9,-9900,?,9,0.006,E,8,-9900,?,9,-9900,?,9,0.06,99.0,E,8
05/24/2015,22:00,0.0,1331.1,0.0,1,8,0.0,1,8,0.0,1,8,0.0,1,8,0.0,1,8,0.0,1,8,-0.0,1,8,-9900,?,9,-9900,?,9,22.35,E,8,19.18,E,8,82.0,E,8,1008.6016999999999,E,8,999.0,E,8,1.44,E,8,-9900,?,9,-9900,?,9,0.034,E,8,-9900,?,9,-9900,?,9,0.34,99.0,E,8
05/24/2015,23:00,0.0,1331.1,0.0,1,8,0.0,1,8,0.0,1,8,0.0,1,8,0.0,1,8,0.0,1,8,-0.0,1,8,-9900,?,9,-9900,?,9,21.9,E,8,19.19,E,8,83.0,E,8,1008.6016999999999,E,8,999.0,E,8,1.44,E,8,-9900,?,9,-9900,?,9,0.091,E,8,-9900,?,9,-9900,?,9,0.91,99.0,E,8
05/24/2015,24:00,0.0,1331.1,0.0,1,8,0.0,1,8,0.0,1,8,0.0,1,8,0.0,1,8,0.0,1,8,-0.0,1,8,-9900,?,9,-9900,?,9,21.45,E,8,19.64,E,8,88.0,E,8,1008.6016999999999,E,8,999.0,E,8,1.68,E,8,-9900,?,9,-9900,?,9,0.040999999999999995,E,8,-9900,?,9,-9900,?,9,0.41,99.0,E,8
05/25/2015,01:00,0.0,1331.1,0.0,1,8,0.0,1,8,0.0,1,8,0.0,1,8,0.0,1,8,0.0,1,8,-0.0,1,8,-9900,?,9,-9900,?,9,21.22,E,8,19.59,E,8,88.0,E,8,1008.6016999999999,E,8,999.0,E,8,1.68,E,8,-9900,?,9,-9900,?,9,0.081,E,8,-9900,?,9,-9900,?,9,0.81,99.0,E,8
05/25/2015,02:00,0.0,1331.1,0.0,1,8,0.0,1,8,0.0,1,8,0.0,1,8,0.0,1,8,0.0,1,8,-0.0,1,8,-9900,?,9,-9900,?,9,20.99,E,8,19.54,E,8,93.0,E,8,1008.6016999999999,E,8,999.0,E,8,1.68,E,8,-9900,?,9,-9900,?,9,0.191,E,8,-9900,?,9,-9900,?,9,1.91,99.0,E,8
05/25/2015,03:00,0.0,1331.1,0.0,1,8,0.0,1,8,0.0,1,8,0.0,1,8,0.0,1,8,0.0,1,8,-0.0,1,8,-9900,?,9,-9900,?,9,20.77,E,8,19.5,E,8,93.0,E,8,1008.6016999999999,E,8,999.0,E,8,1.68,E,8,-9900,?,9,-9900,?,9,0.136,E,8,-9900,?,9,-9900,?,9,1.36,99.0,E,8
05/25/2015,04:00,0.0,1330.61,0.0,1,8,0.0,1,8,0.0,1,8,0.0,1,8,0.0,1,8,0.0,1,8,-0.0,1,8,-9900,?,9,-9900,?,9,20.54,E,8,19.45,E,8,91.0,E,8,1008.6016999999999,E,8,999.0,E,8,1.68,E,8,-9900,?,9,-9900,?,9,0.033,E,8,-9900,?,9,-9900,?,9,0.33,99.0,E,8
05/25/2015,05:00,0.0,1330.61,0.0,1,8,0.0,1,8,0.0,1,8,0.0,1,8,0.0,1,8,0.0,1,8,-0.0,1,8,-9900,?,9,-9900,?,9,20.31,E,8,19.41,E,8,91.0,E,8,1008.6016999999999,E,8,999.0,E,8,1.68,E,8,-9900,?,9,-9900,?,9,0.064,E,8,-9900,?,9,-9900,?,9,0.64,99.0,E,8
05/25/2015,06:00,0.0,1330.61,0.0,1,8,0.0,1,8,0.0,1,8,0.0,1,8,0.0,1,8,0.0,1,8,-0.0,1,8,-9900,?,9,-9900,?,9,20.14,E,8,19.37,E,8,95.0,E,8,1008.6016999999999,E,8,999.0,E,8,1.68,E,8,-9900,?,9,-9900,?,9,0.10300000000000001,E,8,-9900,?,9,-9900,?,9,1.03,99.0,E,8
05/25/2015,07:00,67.652,1330.61,0.0,1,8,0.0,1,8,0.0,1,8,0.0,1,8,0.0,1,8,0.0,1,8,0.0,1,8,-9900,?,9,-9900,?,9,19.99,E,8,19.34,E,8,92.0,E,8,1008.6016999999999,E,8,999.0,E,8,1.68,E,8,-9900,?,9,-9900,?,9,0.006,E,8,-9900,?,9,-9900,?,9,0.06,99.0,E,8
05/25/2015,08:00,349.349,1330.61,52.43,1,8,0.0,1,8,52.43,1,8,6291.6,1,8,0.0,1,8,5767.3,1,8,63.813,1,8,-9900,?,9,-9900,?,9,19.84,E,8,19.31,E,8,96.0,E,8,1008.6016999999999,E,8,999.0,E,8,1.68,E,8,-9900,?,9,-9900,?,9,0.313,E,8,-9900,?,9,-9900,?,9,3.13,99.0,E,8
05/25/2015,09:00,599.259,1330.61,182.83,1,8,36.817,1,8,166.268,1,8,21939.6,1,8,3497.62,1,8,18289.475,1,8,117.65,1,8,-9900,?,9,-9900,?,9,21.72,E,8,19.69,E,8,94.0,E,8,1008.6016999999999,E,8,999.0,E,8,1.68,E,8,-9900,?,9,-9900,?,9,3.475,E,8,-9900,?,9,-9900,?,9,34.75,99.0,E,8
05/25/2015,10:00,797.095,1330.61,300.61,1,8,60.349,1,8,264.477,1,8,36073.2,1,8,5733.193,1,8,29092.462,1,8,140.607,1,8,-9900,?,9,-9900,?,9,22.7,E,8,19.89,E,8,84.0,E,8,1008.6016999999999,E,8,999.0,E,8,1.68,E,8,-9900,?,9,-9900,?,9,0.027000000000000003,E,8,-9900,?,9,-9900,?,9,0.27,99.0,E,8
05/25/2015,11:00,929.104,1330.61,388.78,1,8,65.954,1,8,342.741,1,8,46653.6,1,8,6265.654,1,8,37701.552,1,8,156.292,1,8,-9900,?,9,-9900,?,9,23.54,E,8,20.05,E,8,82.0,E,8,1008.6016999999999,E,8,999.0,E,8,1.68,E,8,-9900,?,9,-9900,?,9,0.013000000000000001,E,8,-9900,?,9,-9900,?,9,0.13,99.0,E,8
05/25/2015,12:00,986.224,1330.61,439.62,1,8,81.132,1,8,379.501,1,8,52754.4,1,8,7707.531,1,8,41745.106,1,8,163.021,1,8,-9900,?,9,-9900,?,9,24.2,E,8,20.18,E,8,77.0,E,8,1008.6016999999999,E,8,999.0,E,8,1.68,E,8,-9900,?,9,-9900,?,9,0.0,E,8,-9900,?,9,-9900,?,9,0.0,0.0,E,8
05/25/2015,13:00,964.55,1330.61,449.16,1,8,98.388,1,8,377.858,1,8,53899.2,1,8,9346.851,1,8,41564.404,1,8,165.966,1,8,-9900,?,9,-9900,?,9,24.67,E,8,20.27,E,8,79.0,E,8,1008.6016999999999,E,8,999.0,E,8,2.18,E,8,-9900,?,9,-9900,?,9,0.001,E,8,-9900,?,9,-9900,?,9,0.01,99.0,E,8
05/25/2015,14:00,865.567,1330.61,416.69,1,8,122.114,1,8,337.286,1,8,50002.8,1,8,11600.818,1,8,37101.482,1,8,165.11,1,8,-9900,?,9,-9900,?,9,24.94,E,8,20.32,E,8,75.0,E,8,1008.6016999999999,E,8,999.0,E,8,2.83,E,8,-9900,?,9,-9900,?,9,0.0,E,8,-9900,?,9,-9900,?,9,0.0,0.0,E,8
05/25/2015,15:00,696.064,1330.61,344.69,1,8,211.466,1,8,234.155,1,8,41362.8,1,8,20089.246,1,8,25757.012,1,8,142.591,1,8,-9900,?,9,-9900,?,9,24.99,E,8,20.33,E,8,78.0,E,8,1008.6016999999999,E,8,999.0,E,8,3.4,E,8,-9900,?,9,-9900,?,9,0.017,E,8,-9900,?,9,-9900,?,9,0.17,99.0,E,8
05/25/2015,16:00,467.732,1330.61,239.04,1,8,309.054,1,8,130.626,1,8,28684.8,1,8,29360.17,1,8,14368.829,1,8,118.53,1,8,-9900,?,9,-9900,?,9,24.74,E,8,20.28,E,8,79.0,E,8,1008.6016999999999,E,8,999.0,E,8,3.82,E,8,-9900,?,9,-9900,?,9,0.01,E,8,-9900,?,9,-9900,?,9,0.1,99.0,E,8
05/25/2015,17:00,196.958,1330.61,110.8,1,8,273.641,1,8,70.791,1,8,13296.0,1,8,25995.864,1,8,7787.011,1,8,154.117,1,8,-9900,?,9,-9900,?,9,24.19,E,8,20.18,E,8,77.0,E,8,1008.6016999999999,E,8,999.0,E,8,3.48,E,8,-9900,?,9,-9900,?,9,0.0,E,8,-9900,?,9,-9900,?,9,0.0,0.0,E,8
05/25/2015,18:00,0.0,1330.61,3.05,1,8,0.0,1,8,0.0,1,8,366.0,1,8,0.0,1,8,0.0,1,8,-0.0,1,8,-9900,?,9,-9900,?,9,23.74,E,8,20.09,E,8,81.0,E,8,1008.6016999999999,E,8,999.0,E,8,1.78,E,8,-9900,?,9,-9900,?,9,0.008,E,8,-9900,?,9,-9900,?,9,0.08,99.0,E,8
05/25/2015,19:00,0.0,1330.61,0.0,1,8,0.0,1,8,0.0,1,8,0.0,1,8,0.0,1,8,0.0,1,8,-0.0,1,8,-9900,?,9,-9900,?,9,23.29,E,8,20.0,E,8,83.0,E,8,1008.6016999999999,E,8,999.0,E,8,1.68,E,8,-9900,?,9,-9900,?,9,0.001,E,8,-9900,?,9,-9900,?,9,0.01,99.0,E,8
05/25/2015,20:00,0.0,1330.61,0.0,1,8,0.0,1,8,0.0,1,8,0.0,1,8,0.0,1,8,0.0,1,8,-0.0,1,8,-9900,?,9,-9900,?,9,22.85,E,8,19.92,E,8,84.0,E,8,1008.6016999999999,E,8,999.0,E,8,1.68,E,8,-9900,?,9,-9900,?,9,0.004,E,8,-9900,?,9,-9900,?,9,0.04,99.0,E,8
05/25/2015,21:00,0.0,1330.61,0.0,1,8,0.0,1,8,0.0,1,8,0.0,1,8,0.0,1,8,0.0,1,8,-0.0,1,8,-9900,?,9,-9900,?,9,22.4,E,8,19.83,E,8,85.0,E,8,1008.6016999999999,E,8,999.0,E,8,1.68,E,8,-9900,?,9,-9900,?,9,0.002,E,8,-9900,?,9,-9900,?,9,0.02,99.0,E,8
05/25/2015,22:00,0.0,1330.61,0.0,1,8,0.0,1,8,0.0,1,8,0.0,1,8,0.0,1,8,0.0,1,8,-0.0,1,8,-9900,?,9,-9900,?,9,21.95,E,8,19.74,E,8,86.0,E,8,1008.6016999999999,E,8,999.0,E,8,1.68,E,8,-9900,?,9,-9900,?,9,0.051000000000000004,E,8,-9900,?,9,-9900,?,9,0.51,99.0,E,8
05/25/2015,23:00,0.0,1330.61,0.0,1,8,0.0,1,8,0.0,1,8,0.0,1,8,0.0,1,8,0.0,1,8,-0.0,1,8,-9900,?,9,-9900,?,9,21.5,E,8,19.65,E,8,88.0,E,8,1008.6016999999999,E,8,999.0,E,8,1.68,E,8,-9900,?,9,-9900,?,9,0.020999999999999998,E,8,-9900,?,9,-9900,?,9,0.21,99.0,E,8
05/25/2015,24:00,0.0,1330.61,0.0,1,8,0.0,1,8,0.0,1,8,0.0,1,8,0.0,1,8,0.0,1,8,-0.0,1,8,-9900,?,9,-9900,?,9,21.05,E,8,18.72,E,8,87.0,E,8,1008.6016999999999,E,8,999.0,E,8,1.01,E,8,-9900,?,9,-9900,?,9,0.009,E,8,-9900,?,9,-9900,?,9,0.09,99.0,E,8
05/26/2015,01:00,0.0,1330.61,0.0,1,8,0.0,1,8,0.0,1,8,0.0,1,8,0.0,1,8,0.0,1,8,-0.0,1,8,-9900,?,9,-9900,?,9,20.83,E,8,18.73,E,8,88.0,E,8,1008.6016999999999,E,8,999.0,E,8,1.01,E,8,-9900,?,9,-9900,?,9,0.027000000000000003,E,8,-9900,?,9,-9900,?,9,0.27,99.0,E,8
05/26/2015,02:00,0.0,1330.61,0.0,1,8,0.0,1,8,0.0,1,8,0.0,1,8,0.0,1,8,0.0,1,8,-0.0,1,8,-9900,?,9,-9900,?,9,20.61,E,8,18.73,E,8,94.0,E,8,1008.6016999999999,E,8,999.0,E,8,1.01,E,8,-9900,?,9,-9900,?,9,0.43200000000000005,E,8,-9900,?,9,-9900,?,9,4.32,99.0,E,8
05/26/2015,03:00,0.0,1330.61,0.0,1,8,0.0,1,8,0.0,1,8,0.0,1,8,0.0,1,8,0.0,1,8,-0.0,1,8,-9900,?,9,-9900,?,9,20.38,E,8,18.74,E,8,91.0,E,8,1008.6016999999999,E,8,999.0,E,8,1.01,E,8,-9900,?,9,-9900,?,9,0.006,E,8,-9900,?,9,-9900,?,9,0.06,99.0,E,8
05/26/2015,04:00,0.0,1330.13,0.0,1,8,0.0,1,8,0.0,1,8,0.0,1,8,0.0,1,8,0.0,1,8,-0.0,1,8,-9900,?,9,-9900,?,9,20.16,E,8,18.74,E,8,92.0,E,8,1008.6016999999999,E,8,999.0,E,8,1.01,E,8,-9900,?,9,-9900,?,9,0.004,E,8,-9900,?,9,-9900,?,9,0.04,99.0,E,8
05/26/2015,05:00,0.0,1330.13,0.0,1,8,0.0,1,8,0.0,1,8,0.0,1,8,0.0,1,8,0.0,1,8,-0.0,1,8,-9900,?,9,-9900,?,9,19.94,E,8,18.75,E,8,88.0,E,8,1008.6016999999999,E,8,999.0,E,8,1.01,E,8,-9900,?,9,-9900,?,9,0.0,E,8,-9900,?,9,-9900,?,9,0.0,0.0,E,8
05/26/2015,06:00,0.0,1330.13,0.0,1,8,0.0,1,8,0.0,1,8,0.0,1,8,0.0,1,8,0.0,1,8,-0.0,1,8,-9900,?,9,-9900,?,9,19.76,E,8,18.75,E,8,89.0,E,8,1008.6016999999999,E,8,999.0,E,8,1.01,E,8,-9900,?,9,-9900,?,9,0.0,E,8,-9900,?,9,-9900,?,9,0.0,0.0,E,8
05/26/2015,07:00,65.566,1330.13,0.0,1,8,0.0,1,8,0.0,1,8,0.0,1,8,0.0,1,8,0.0,1,8,0.0,1,8,-9900,?,9,-9900,?,9,19.61,E,8,18.75,E,8,94.0,E,8,1008.6016999999999,E,8,999.0,E,8,1.01,E,8,-9900,?,9,-9900,?,9,0.001,E,8,-9900,?,9,-9900,?,9,0.01,99.0,E,8
05/26/2015,08:00,346.763,1330.13,58.24,1,8,0.0,1,8,58.24,1,8,6988.8,1,8,0.0,1,8,6406.4,1,8,71.391,1,8,-9900,?,9,-9900,?,9,19.47,E,8,18.76,E,8,95.0,E,8,1008.6016999999999,E,8,999.0,E,8,1.01,E,8,-9900,?,9,-9900,?,9,0.003,E,8,-9900,?,9,-9900,?,9,0.03,99.0,E,8
05/26/2015,09:00,596.353,1330.13,232.09,1,8,112.023,1,8,181.924,1,8,27850.8,1,8,10642.141,1,8,20011.622,1,8,129.311,1,8,-9900,?,9,-9900,?,9,21.49,E,8,18.71,E,8,81.0,E,8,1008.6016999999999,E,8,999.0,E,8,1.2,E,8,-9900,?,9,-9900,?,9,0.0,E,8,-9900,?,9,-9900,?,9,0.0,0.0,E,8
05/26/2015,10:00,793.984,1330.13,417.11,1,8,271.753,1,8,254.981,1,8,50053.2,1,8,25816.489,1,8,28047.882,1,8,136.041,1,8,-9900,?,9,-9900,?,9,22.75,E,8,18.69,E,8,75.0,E,8,1008.6016999999999,E,8,999.0,E,8,1.98,E,8,-9900,?,9,-9900,?,9,0.0,E,8,-9900,?,9,-9900,?,9,0.0,0.0,E,8
05/26/2015,11:00,925.911,1330.13,555.14,1,8,394.868,1,8,280.356,1,8,66616.8,1,8,37512.48,1,8,30839.151,1,8,128.239,1,8,-9900,?,9,-9900,?,9,23.87,E,8,18.66,E,8,71.0,E,8,1008.6016999999999,E,8,999.0,E,8,2.66,E,8,-9900,?,9,-9900,?,9,0.0,E,8,-9900,?,9,-9900,?,9,0.0,0.0,E,8
05/26/2015,12:00,983.078,1330.13,667.07,1,8,619.995,1,8,208.954,1,8,80048.4,1,8,58899.488,1,8,22984.915,1,8,90.015,1,8,-9900,?,9,-9900,?,9,24.84,E,8,18.64,E,8,67.0,E,8,1008.6016999999999,E,8,999.0,E,8,2.99,E,8,-9900,?,9,-9900,?,9,0.0,E,8,-9900,?,9,-9900,?,9,0.0,0.0,E,8
05/26/2015,13:00,961.575,1330.13,694.62,1,8,774.725,1,8,134.708,1,8,83354.4,1,8,73598.896,1,8,14817.833,1,8,59.329,1,8,-9900,?,9,-9900,?,9,25.56,E,8,18.63,E,8,65.0,E,8,1008.6016999999999,E,8,999.0,E,8,3.12,E,8,-9900,?,9,-9900,?,9,0.0,E,8,-9900,?,9,-9900,?,9,0.0,0.0,E,8
05/26/2015,14:00,862.877,1330.13,633.63,1,8,900.847,1,8,49.471,1,8,76035.6,1,8,85580.489,1,8,5441.855,1,8,24.284,1,8,-9900,?,9,-9900,?,9,25.95,E,8,18.62,E,8,63.0,E,8,1008.6016999999999,E,8,999.0,E,8,3.88,E,8,-9900,?,9,-9900,?,9,0.0,E,8,-9900,?,9,-9900,?,9,0.0,0.0,E,8
05/26/2015,15:00,693.754,1330.13,513.93,1,8,772.533,1,8,111.317,1,8,61671.6,1,8,73390.622,1,8,12244.848,1,8,67.989,1,8,-9900,?,9,-9900,?,9,26.04,E,8,18.62,E,8,63.0,E,8,1008.6016999999999,E,8,999.0,E,8,4.34,E,8,-9900,?,9,-9900,?,9,0.0,E,8,-9900,?,9,-9900,?,9,0.0,0.0,E,8
05/26/2015,16:00,465.869,1330.13,357.13,1,8,685.583,1,8,117.507,1,8,42855.6,1,8,65130.405,1,8,12925.78,1,8,107.015,1,8,-9900,?,9,-9900,?,9,25.74,E,8,18.62,E,8,64.0,E,8,1008.6016999999999,E,8,999.0,E,8,4.11,E,8,-9900,?,9,-9900,?,9,0.0,E,8,-9900,?,9,-9900,?,9,0.0,0.0,E,8
05/26/2015,17:00,195.59,1330.13,157.05,1,8,344.149,1,8,107.072,1,8,18846.0,1,8,32694.157,1,8,11777.868,1,8,234.686,1,8,-9900,?,9,-9900,?,9,25.02,E,8,18.64,E,8,67.0,E,8,1008.6016999999999,E,8,999.0,E,8,3.55,E,8,-9900,?,9,-9900,?,9,0.0,E,8,-9900,?,9,-9900,?,9,0.0,0.0,E,8
05/26/2015,18:00,0.0,1330.13,4.46,1,8,0.0,1,8,0.0,1,8,535.2,1,8,0.0,1,8,0.0,1,8,-0.0,1,8,-9900,?,9,-9900,?,9,24.46,E,8,18.65,E,8,69.0,E,8,1008.6016999999999,E,8,999.0,E,8,3.41,E,8,-9900,?,9,-9900,?,9,0.0,E,8,-9900,?,9,-9900,?,9,0.0,0.0,E,8
05/26/2015,19:00,0.0,1330.13,0.0,1,8,0.0,1,8,0.0,1,8,0.0,1,8,0.0,1,8,0.0,1,8,-0.0,1,8,-9900,?,9,-9900,?,9,23.9,E,8,18.66,E,8,71.0,E,8,1008.6016999999999,E,8,999.0,E,8,2.69,E,8,-9900,?,9,-9900,?,9,0.0,E,8,-9900,?,9,-9900,?,9,0.0,0.0,E,8
05/26/2015,20:00,0.0,1330.13,0.0,1,8,0.0,1,8,0.0,1,8,0.0,1,8,0.0,1,8,0.0,1,8,-0.0,1,8,-9900,?,9,-9900,?,9,23.34,E,8,18.68,E,8,73.0,E,8,1008.6016999999999,E,8,999.0,E,8,1.76,E,8,-9900,?,9,-9900,?,9,0.0,E,8,-9900,?,9,-9900,?,9,0.0,0.0,E,8
05/26/2015,21:00,0.0,1330.13,0.0,1,8,0.0,1,8,0.0,1,8,0.0,1,8,0.0,1,8,0.0,1,8,-0.0,1,8,-9900,?,9,-9900,?,9,22.78,E,8,18.69,E,8,80.0,E,8,1008.6016999999999,E,8,999.0,E,8,1.01,E,8,-9900,?,9,-9900,?,9,0.001,E,8,-9900,?,9,-9900,?,9,0.01,99.0,E,8
05/26/2015,22:00,0.0,1330.13,0.0,1,8,0.0,1,8,0.0,1,8,0.0,1,8,0.0,1,8,0.0,1,8,-0.0,1,8,-9900,?,9,-9900,?,9,22.22,E,8,18.7,E,8,82.0,E,8,1008.6016999999999,E,8,999.0,E,8,1.01,E,8,-9900,?,9,-9900,?,9,0.002,E,8,-9900,?,9,-9900,?,9,0.02,99.0,E,8
05/26/2015,23:00,0.0,1330.13,0.0,1,8,0.0,1,8,0.0,1,8,0.0,1,8,0.0,1,8,0.0,1,8,-0.0,1,8,-9900,?,9,-9900,?,9,21.66,E,8,18.71,E,8,85.0,E,8,1008.6016999999999,E,8,999.0,E,8,1.01,E,8,-9900,?,9,-9900,?,9,0.015,E,8,-9900,?,9,-9900,?,9,0.15,99.0,E,8
05/26/2015,24:00,0.0,1330.13,0.0,1,8,0.0,1,8,0.0,1,8,0.0,1,8,0.0,1,8,0.0,1,8,-0.0,1,8,-9900,?,9,-9900,?,9,21.1,E,8,18.13,E,8,82.0,E,8,1008.6016999999999,E,8,999.0,E,8,1.2,E,8,-9900,?,9,-9900,?,9,0.043,E,8,-9900,?,9,-9900,?,9,0.43,99.0,E,8
05/27/2015,01:00,0.0,1330.13,0.0,1,8,0.0,1,8,0.0,1,8,0.0,1,8,0.0,1,8,0.0,1,8,-0.0,1,8,-9900,?,9,-9900,?,9,20.82,E,8,18.13,E,8,83.0,E,8,1008.6016999999999,E,8,999.0,E,8,1.2,E,8,-9900,?,9,-9900,?,9,0.012,E,8,-9900,?,9,-9900,?,9,0.12,99.0,E,8
05/27/2015,02:00,0.0,1330.13,0.0,1,8,0.0,1,8,0.0,1,8,0.0,1,8,0.0,1,8,0.0,1,8,-0.0,1,8,-9900,?,9,-9900,?,9,20.54,E,8,18.13,E,8,84.0,E,8,1008.6016999999999,E,8,999.0,E,8,1.2,E,8,-9900,?,9,-9900,?,9,0.007000000000000001,E,8,-9900,?,9,-9900,?,9,0.07,99.0,E,8
05/27/2015,03:00,0.0,1330.13,0.0,1,8,0.0,1,8,0.0,1,8,0.0,1,8,0.0,1,8,0.0,1,8,-0.0,1,8,-9900,?,9,-9900,?,9,20.26,E,8,18.13,E,8,85.0,E,8,1008.6016999999999,E,8,999.0,E,8,1.2,E,8,-9900,?,9,-9900,?,9,0.002,E,8,-9900,?,9,-9900,?,9,0.02,99.0,E,8
05/27/2015,04:00,0.0,1329.661,0.0,1,8,0.0,1,8,0.0,1,8,0.0,1,8,0.0,1,8,0.0,1,8,-0.0,1,8,-9900,?,9,-9900,?,9,19.98,E,8,18.13,E,8,86.0,E,8,1008.6016999999999,E,8,999.0,E,8,1.2,E,8,-9900,?,9,-9900,?,9,0.005,E,8,-9900,?,9,-9900,?,9,0.05,99.0,E,8
05/27/2015,05:00,0.0,1329.661,0.0,1,8,0.0,1,8,0.0,1,8,0.0,1,8,0.0,1,8,0.0,1,8,-0.0,1,8,-9900,?,9,-9900,?,9,19.7,E,8,18.13,E,8,87.0,E,8,1008.6016999999999,E,8,999.0,E,8,1.2,E,8,-9900,?,9,-9900,?,9,0.023,E,8,-9900,?,9,-9900,?,9,0.23,99.0,E,8
05/27/2015,06:00,0.0,1329.661,0.0,1,8,0.0,1,8,0.0,1,8,0.0,1,8,0.0,1,8,0.0,1,8,-0.0,1,8,-9900,?,9,-9900,?,9,19.48,E,8,18.13,E,8,88.0,E,8,1008.6016999999999,E,8,999.0,E,8,1.2,E,8,-9900,?,9,-9900,?,9,0.064,E,8,-9900,?,9,-9900,?,9,0.64,99.0,E,8
05/27/2015,07:00,63.503,1329.661,0.0,1,8,0.0,1,8,0.0,1,8,0.0,1,8,0.0,1,8,0.0,1,8,0.0,1,8,-9900,?,9,-9900,?,9,19.3,E,8,18.13,E,8,89.0,E,8,1008.6016999999999,E,8,999.0,E,8,1.2,E,8,-9900,?,9,-9900,?,9,0.031,E,8,-9900,?,9,-9900,?,9,0.31,99.0,E,8
05/27/2015,08:00,344.212,1329.661,74.33,1,8,0.0,1,8,74.33,1,8,8919.6,1,8,0.0,1,8,8176.3,1,8,91.763,1,8,-9900,?,9,-9900,?,9,19.11,E,8,18.13,E,8,94.0,E,8,1008.6016999999999,E,8,999.0,E,8,1.2,E,8,-9900,?,9,-9900,?,9,0.11200000000000002,E,8,-9900,?,9,-9900,?,9,1.12,99.0,E,8
05/27/2015,09:00,593.499,1329.661,275.9,1,8,229.547,1,8,173.561,1,8,33108.0,1,8,21807.0,1,8,19091.687,1,8,123.917,1,8,-9900,?,9,-9900,?,9,21.46,E,8,18.13,E,8,76.0,E,8,1008.6016999999999,E,8,999.0,E,8,1.52,E,8,-9900,?,9,-9900,?,9,0.0,E,8,-9900,?,9,-9900,?,9,0.0,0.0,E,8
05/27/2015,10:00,790.94,1329.661,463.22,1,8,400.883,1,8,224.885,1,8,55586.4,1,8,38083.852,1,8,24737.373,1,8,120.404,1,8,-9900,?,9,-9900,?,9,22.75,E,8,18.14,E,8,72.0,E,8,1008.6016999999999,E,8,999.0,E,8,2.32,E,8,-9900,?,9,-9900,?,9,0.0,E,8,-9900,?,9,-9900,?,9,0.0,0.0,E,8
05/27/2015,11:00,922.798,1329.661,608.73,1,8,608.109,1,8,186.829,1,8,73047.6,1,8,57770.372,1,8,20551.212,1,8,85.717,1,8,-9900,?,9,-9900,?,9,23.88,E,8,18.14,E,8,68.0,E,8,1008.6016999999999,E,8,999.0,E,8,2.92,E,8,-9900,?,9,-9900,?,9,0.0,E,8,-9900,?,9,-9900,?,9,0.0,0.0,E,8
05/27/2015,12:00,980.024,1329.661,672.62,1,8,686.972,1,8,166.414,1,8,80714.4,1,8,65262.296,1,8,18305.544,1,8,71.887,1,8,-9900,?,9,-9900,?,9,24.74,E,8,18.15,E,8,65.0,E,8,1008.6016999999999,E,8,999.0,E,8,4.06,E,8,-9900,?,9,-9900,?,9,0.0,E,8,-9900,?,9,-9900,?,9,0.0,0.0,E,8
05/27/2015,13:00,958.701,1329.661,676.6,1,8,765.961,1,8,124.482,1,8,81192.0,1,8,72766.324,1,8,13693.063,1,8,54.971,1,8,-9900,?,9,-9900,?,9,25.31,E,8,18.15,E,8,64.0,E,8,1008.6016999999999,E,8,999.0,E,8,3.77,E,8,-9900,?,9,-9900,?,9,0.0,E,8,-9900,?,9,-9900,?,9,0.0,0.0,E,8
05/27/2015,14:00,860.295,1329.661,609.33,1,8,768.782,1,8,112.129,1,8,73119.6,1,8,73034.248,1,8,12334.14,1,8,55.187,1,8,-9900,?,9,-9900,?,9,25.59,E,8,18.15,E,8,63.0,E,8,1008.6016999999999,E,8,999.0,E,8,4.1,E,8,-9900,?,9,-9900,?,9,0.0,E,8,-9900,?,9,-9900,?,9,0.0,0.0,E,8
05/27/2015,15:00,691.552,1329.661,510.02,1,8,725.604,1,8,132.934,1,8,61202.4,1,8,68932.409,1,8,14622.701,1,8,81.422,1,8,-9900,?,9,-9900,?,9,25.64,E,8,18.15,E,8,63.0,E,8,1008.6016999999999,E,8,999.0,E,8,3.9,E,8,-9900,?,9,-9900,?,9,0.0,E,8,-9900,?,9,-9900,?,9,0.0,0.0,E,8
05/27/2015,16:00,464.112,1329.661,351.64,1,8,684.133,1,8,113.345,1,8,42196.8,1,8,64992.653,1,8,12467.991,1,8,103.581,1,8,-9900,?,9,-9900,?,9,25.3,E,8,18.15,E,8,64.0,E,8,1008.6016999999999,E,8,999.0,E,8,3.35,E,8,-9900,?,9,-9900,?,9,0.0,E,8,-9900,?,9,-9900,?,9,0.0,0.0,E,8
05/27/2015,17:00,194.32,1329.661,156.64,1,8,343.08,1,8,107.13,1,8,18796.8,1,8,32592.562,1,8,11784.344,1,8,236.302,1,8,-9900,?,9,-9900,?,9,24.58,E,8,18.15,E,8,70.0,E,8,1008.6016999999999,E,8,999.0,E,8,2.66,E,8,-9900,?,9,-9900,?,9,0.003,E,8,-9900,?,9,-9900,?,9,0.03,99.0,E,8
05/27/2015,18:00,0.0,1329.661,4.38,1,8,0.0,1,8,0.0,1,8,525.6,1,8,0.0,1,8,0.0,1,8,-0.0,1,8,-9900,?,9,-9900,?,9,24.13,E,8,18.14,E,8,67.0,E,8,1008.6016999999999,E,8,999.0,E,8,2.08,E,8,-9900,?,9,-9900,?,9,0.0,E,8,-9900,?,9,-9900,?,9,0.0,0.0,E,8
05/27/2015,19:00,0.0,1329.661,0.0,1,8,0.0,1,8,0.0,1,8,0.0,1,8,0.0,1,8,0.0,1,8,-0.0,1,8,-9900,?,9,-9900,?,9,23.67,E,8,18.14,E,8,69.0,E,8,1008.6016999999999,E,8,999.0,E,8,1.55,E,8,-9900,?,9,-9900,?,9,0.0,E,8,-9900,?,9,-9900,?,9,0.0,0.0,E,8
05/27/2015,20:00,0.0,1329.661,0.0,1,8,0.0,1,8,0.0,1,8,0.0,1,8,0.0,1,8,0.0,1,8,-0.0,1,8,-9900,?,9,-9900,?,9,23.22,E,8,18.14,E,8,74.0,E,8,1008.6016999999999,E,8,999.0,E,8,1.2,E,8,-9900,?,9,-9900,?,9,0.001,E,8,-9900,?,9,-9900,?,9,0.01,99.0,E,8
05/27/2015,21:00,0.0,1329.661,0.0,1,8,0.0,1,8,0.0,1,8,0.0,1,8,0.0,1,8,0.0,1,8,-0.0,1,8,-9900,?,9,-9900,?,9,22.76,E,8,18.14,E,8,76.0,E,8,1008.6016999999999,E,8,999.0,E,8,1.2,E,8,-9900,?,9,-9900,?,9,0.017,E,8,-9900,?,9,-9900,?,9,0.17,99.0,E,8
05/27/2015,22:00,0.0,1329.661,0.0,1,8,0.0,1,8,0.0,1,8,0.0,1,8,0.0,1,8,0.0,1,8,-0.0,1,8,-9900,?,9,-9900,?,9,22.31,E,8,18.14,E,8,85.0,E,8,1008.6016999999999,E,8,999.0,E,8,1.2,E,8,-9900,?,9,-9900,?,9,1.472,E,8,-9900,?,9,-9900,?,9,14.72,99.0,E,8
05/27/2015,23:00,0.0,1329.661,0.0,1,8,0.0,1,8,0.0,1,8,0.0,1,8,0.0,1,8,0.0,1,8,-0.0,1,8,-9900,?,9,-9900,?,9,21.86,E,8,18.14,E,8,79.0,E,8,1008.6016999999999,E,8,999.0,E,8,1.2,E,8,-9900,?,9,-9900,?,9,0.009,E,8,-9900,?,9,-9900,?,9,0.09,99.0,E,8
05/27/2015,24:00,0.0,1329.661,0.0,1,8,0.0,1,8,0.0,1,8,0.0,1,8,0.0,1,8,0.0,1,8,-0.0,1,8,-9900,?,9,-9900,?,9,21.4,E,8,19.43,E,8,87.0,E,8,1008.6016999999999,E,8,999.0,E,8,1.99,E,8,-9900,?,9,-9900,?,9,0.018,E,8,-9900,?,9,-9900,?,9,0.18,99.0,E,8
05/28/2015,01:00,0.0,1329.661,0.0,1,8,0.0,1,8,0.0,1,8,0.0,1,8,0.0,1,8,0.0,1,8,-0.0,1,8,-9900,?,9,-9900,?,9,21.18,E,8,19.45,E,8,88.0,E,8,1008.6016999999999,E,8,999.0,E,8,1.99,E,8,-9900,?,9,-9900,?,9,0.028000000000000004,E,8,-9900,?,9,-9900,?,9,0.28,99.0,E,8
05/28/2015,02:00,0.0,1329.661,0.0,1,8,0.0,1,8,0.0,1,8,0.0,1,8,0.0,1,8,0.0,1,8,-0.0,1,8,-9900,?,9,-9900,?,9,20.95,E,8,19.48,E,8,90.0,E,8,1008.6016999999999,E,8,999.0,E,8,1.99,E,8,-9900,?,9,-9900,?,9,0.014000000000000002,E,8,-9900,?,9,-9900,?,9,0.14,99.0,E,8
05/28/2015,03:00,0.0,1329.661,0.0,1,8,0.0,1,8,0.0,1,8,0.0,1,8,0.0,1,8,0.0,1,8,-0.0,1,8,-9900,?,9,-9900,?,9,20.72,E,8,19.51,E,8,91.0,E,8,1008.6016999999999,E,8,999.0,E,8,1.99,E,8,-9900,?,9,-9900,?,9,0.043,E,8,-9900,?,9,-9900,?,9,0.43,99.0,E,8
05/28/2015,04:00,0.0,1329.202,0.0,1,8,0.0,1,8,0.0,1,8,0.0,1,8,0.0,1,8,0.0,1,8,-0.0,1,8,-9900,?,9,-9900,?,9,20.49,E,8,19.54,E,8,93.0,E,8,1008.6016999999999,E,8,999.0,E,8,1.99,E,8,-9900,?,9,-9900,?,9,0.034999999999999996,E,8,-9900,?,9,-9900,?,9,0.35,99.0,E,8
05/28/2015,05:00,0.0,1329.202,0.0,1,8,0.0,1,8,0.0,1,8,0.0,1,8,0.0,1,8,0.0,1,8,-0.0,1,8,-9900,?,9,-9900,?,9,20.27,E,8,19.56,E,8,98.0,E,8,1008.6016999999999,E,8,999.0,E,8,1.99,E,8,-9900,?,9,-9900,?,9,0.23900000000000002,E,8,-9900,?,9,-9900,?,9,2.39,99.0,E,8
05/28/2015,06:00,0.0,1329.202,0.0,1,8,0.0,1,8,0.0,1,8,0.0,1,8,0.0,1,8,0.0,1,8,-0.0,1,8,-9900,?,9,-9900,?,9,20.09,E,8,19.59,E,8,95.0,E,8,1008.6016999999999,E,8,999.0,E,8,1.99,E,8,-9900,?,9,-9900,?,9,0.053000000000000005,E,8,-9900,?,9,-9900,?,9,0.53,99.0,E,8
05/28/2015,07:00,61.466,1329.202,0.0,1,8,0.0,1,8,0.0,1,8,0.0,1,8,0.0,1,8,0.0,1,8,0.0,1,8,-9900,?,9,-9900,?,9,19.94,E,8,19.6,E,8,96.0,E,8,1008.6016999999999,E,8,999.0,E,8,1.99,E,8,-9900,?,9,-9900,?,9,0.003,E,8,-9900,?,9,-9900,?,9,0.03,99.0,E,8
05/28/2015,08:00,341.698,1329.202,11.99,1,8,0.0,1,8,11.99,1,8,1438.8,1,8,0.0,1,8,1318.9,1,8,14.907,1,8,-9900,?,9,-9900,?,9,19.79,E,8,19.62,E,8,92.0,E,8,1008.6016999999999,E,8,999.0,E,8,1.99,E,8,-9900,?,9,-9900,?,9,0.0,E,8,-9900,?,9,-9900,?,9,0.0,0.0,E,8
05/28/2015,09:00,590.698,1329.202,43.48,1,8,0.0,1,8,43.48,1,8,5217.6,1,8,0.0,1,8,4782.8,1,8,31.18,1,8,-9900,?,9,-9900,?,9,20.91,E,8,19.49,E,8,90.0,E,8,1008.6016999999999,E,8,999.0,E,8,1.99,E,8,-9900,?,9,-9900,?,9,0.002,E,8,-9900,?,9,-9900,?,9,0.02,99.0,E,8
05/28/2015,10:00,787.964,1329.202,84.62,1,8,0.0,1,8,84.62,1,8,10154.4,1,8,0.0,1,8,9308.2,1,8,45.461,1,8,-9900,?,9,-9900,?,9,21.68,E,8,19.39,E,8,86.0,E,8,1008.6016999999999,E,8,999.0,E,8,1.99,E,8,-9900,?,9,-9900,?,9,0.001,E,8,-9900,?,9,-9900,?,9,0.01,99.0,E,8
05/28/2015,11:00,919.769,1329.202,108.09,1,8,0.0,1,8,108.09,1,8,12970.8,1,8,0.0,1,8,11889.9,1,8,49.738,1,8,-9900,?,9,-9900,?,9,22.3,E,8,19.31,E,8,82.0,E,8,1008.6016999999999,E,8,999.0,E,8,1.99,E,8,-9900,?,9,-9900,?,9,0.008,E,8,-9900,?,9,-9900,?,9,0.08,99.0,E,8
05/28/2015,12:00,977.064,1329.202,109.86,1,8,0.0,1,8,109.86,1,8,13183.2,1,8,0.0,1,8,12084.6,1,8,47.585,1,8,-9900,?,9,-9900,?,9,22.68,E,8,19.27,E,8,80.0,E,8,1008.6016999999999,E,8,999.0,E,8,1.99,E,8,-9900,?,9,-9900,?,9,0.01,E,8,-9900,?,9,-9900,?,9,0.1,99.0,E,8
05/28/2015,13:00,955.931,1329.202,110.18,1,8,0.0,1,8,110.18,1,8,13221.6,1,8,0.0,1,8,12119.8,1,8,48.779,1,8,-9900,?,9,-9900,?,9,22.94,E,8,19.23,E,8,79.0,E,8,1008.6016999999999,E,8,999.0,E,8,1.99,E,8,-9900,?,9,-9900,?,9,0.005,E,8,-9900,?,9,-9900,?,9,0.05,99.0,E,8
05/28/2015,14:00,857.82,1329.202,101.38,1,8,0.0,1,8,101.38,1,8,12165.6,1,8,0.0,1,8,11151.8,1,8,50.024,1,8,-9900,?,9,-9900,?,9,23.08,E,8,19.22,E,8,78.0,E,8,1008.6016999999999,E,8,999.0,E,8,1.99,E,8,-9900,?,9,-9900,?,9,0.095,E,8,-9900,?,9,-9900,?,9,0.95,99.0,E,8
05/28/2015,15:00,689.459,1329.202,83.05,1,8,0.0,1,8,83.05,1,8,9966.0,1,8,0.0,1,8,9135.5,1,8,51.006,1,8,-9900,?,9,-9900,?,9,23.08,E,8,19.22,E,8,78.0,E,8,1008.6016999999999,E,8,999.0,E,8,1.99,E,8,-9900,?,9,-9900,?,9,0.064,E,8,-9900,?,9,-9900,?,9,0.64,99.0,E,8
05/28/2015,16:00,462.461,1329.202,57.45,1,8,0.0,1,8,57.45,1,8,6894.0,1,8,0.0,1,8,6319.5,1,8,52.671,1,8,-9900,?,9,-9900,?,9,22.9,E,8,19.24,E,8,88.0,E,8,1008.6016999999999,E,8,999.0,E,8,1.99,E,8,-9900,?,9,-9900,?,9,5.671,E,8,-9900,?,9,-9900,?,9,56.71,99.0,E,8
05/28/2015,17:00,193.147,1329.202,26.39,1,8,0.0,1,8,26.39,1,8,3166.8,1,8,0.0,1,8,2902.9,1,8,58.551,1,8,-9900,?,9,-9900,?,9,22.54,E,8,19.28,E,8,81.0,E,8,1008.6016999999999,E,8,999.0,E,8,1.99,E,8,-9900,?,9,-9900,?,9,0.078,E,8,-9900,?,9,-9900,?,9,0.78,99.0,E,8
05/28/2015,18:00,0.0,1329.202,0.64,1,8,0.0,1,8,0.0,1,8,76.8,1,8,0.0,1,8,0.0,1,8,-0.0,1,8,-9900,?,9,-9900,?,9,22.28,E,8,19.32,E,8,82.0,E,8,1008.6016999999999,E,8,999.0,E,8,1.99,E,8,-9900,?,9,-9900,?,9,0.023,E,8,-9900,?,9,-9900,?,9,0.23,99.0,E,8
05/28/2015,19:00,0.0,1329.202,0.0,1,8,0.0,1,8,0.0,1,8,0.0,1,8,0.0,1,8,0.0,1,8,-0.0,1,8,-9900,?,9,-9900,?,9,22.02,E,8,19.35,E,8,88.0,E,8,1008.6016999999999,E,8,999.0,E,8,1.99,E,8,-9900,?,9,-9900,?,9,0.145,E,8,-9900,?,9,-9900,?,9,1.45,99.0,E,8
05/28/2015,20:00,0.0,1329.202,0.0,1,8,0.0,1,8,0.0,1,8,0.0,1,8,0.0,1,8,0.0,1,8,-0.0,1,8,-9900,?,9,-9900,?,9,21.76,E,8,19.38,E,8,90.0,E,8,1008.6016999999999,E,8,999.0,E,8,1.99,E,8,-9900,?,9,-9900,?,9,0.331,E,8,-9900,?,9,-9900,?,9,3.31,99.0,E,8
05/28/2015,21:00,0.0,1329.202,0.0,1,8,0.0,1,8,0.0,1,8,0.0,1,8,0.0,1,8,0.0,1,8,-0.0,1,8,-9900,?,9,-9900,?,9,21.5,E,8,19.41,E,8,91.0,E,8,1008.6016999999999,E,8,999.0,E,8,1.99,E,8,-9900,?,9,-9900,?,9,0.11699999999999999,E,8,-9900,?,9,-9900,?,9,1.17,99.0,E,8
05/28/2015,22:00,0.0,1329.202,0.0,1,8,0.0,1,8,0.0,1,8,0.0,1,8,0.0,1,8,0.0,1,8,-0.0,1,8,-9900,?,9,-9900,?,9,21.24,E,8,19.44,E,8,97.0,E,8,1008.6016999999999,E,8,999.0,E,8,1.99,E,8,-9900,?,9,-9900,?,9,0.5349999999999999,E,8,-9900,?,9,-9900,?,9,5.35,99.0,E,8
05/28/2015,23:00,0.0,1329.202,0.0,1,8,0.0,1,8,0.0,1,8,0.0,1,8,0.0,1,8,0.0,1,8,-0.0,1,8,-9900,?,9,-9900,?,9,20.98,E,8,19.48,E,8,94.0,E,8,1008.6016999999999,E,8,999.0,E,8,1.99,E,8,-9900,?,9,-9900,?,9,0.183,E,8,-9900,?,9,-9900,?,9,1.83,99.0,E,8
05/28/2015,24:00,0.0,1329.202,0.0,1,8,0.0,1,8,0.0,1,8,0.0,1,8,0.0,1,8,0.0,1,8,-0.0,1,8,-9900,?,9,-9900,?,9,20.71,E,8,19.75,E,8,90.0,E,8,1008.6016999999999,E,8,999.0,E,8,1.52,E,8,-9900,?,9,-9900,?,9,0.09,E,8,-9900,?,9,-9900,?,9,0.9,99.0,E,8
05/29/2015,01:00,0.0,1329.202,0.0,1,8,0.0,1,8,0.0,1,8,0.0,1,8,0.0,1,8,0.0,1,8,-0.0,1,8,-9900,?,9,-9900,?,9,20.58,E,8,19.73,E,8,91.0,E,8,1008.6016999999999,E,8,999.0,E,8,1.52,E,8,-9900,?,9,-9900,?,9,0.04,E,8,-9900,?,9,-9900,?,9,0.4,99.0,E,8
05/29/2015,02:00,0.0,1329.202,0.0,1,8,0.0,1,8,0.0,1,8,0.0,1,8,0.0,1,8,0.0,1,8,-0.0,1,8,-9900,?,9,-9900,?,9,20.45,E,8,19.71,E,8,91.0,E,8,1008.6016999999999,E,8,999.0,E,8,1.62,E,8,-9900,?,9,-9900,?,9,0.011,E,8,-9900,?,9,-9900,?,9,0.11,99.0,E,8
05/29/2015,03:00,0.0,1329.202,0.0,1,8,0.0,1,8,0.0,1,8,0.0,1,8,0.0,1,8,0.0,1,8,-0.0,1,8,-9900,?,9,-9900,?,9,20.32,E,8,19.69,E,8,95.0,E,8,1008.6016999999999,E,8,999.0,E,8,1.52,E,8,-9900,?,9,-9900,?,9,0.133,E,8,-9900,?,9,-9900,?,9,1.33,99.0,E,8
05/29/2015,04:00,0.0,1328.754,0.0,1,8,0.0,1,8,0.0,1,8,0.0,1,8,0.0,1,8,0.0,1,8,-0.0,1,8,-9900,?,9,-9900,?,9,20.19,E,8,19.68,E,8,92.0,E,8,1008.6016999999999,E,8,999.0,E,8,1.98,E,8,-9900,?,9,-9900,?,9,0.049,E,8,-9900,?,9,-9900,?,9,0.49,99.0,E,8
05/29/2015,05:00,0.0,1328.754,0.0,1,8,0.0,1,8,0.0,1,8,0.0,1,8,0.0,1,8,0.0,1,8,-0.0,1,8,-9900,?,9,-9900,?,9,20.06,E,8,19.66,E,8,96.0,E,8,1008.6016999999999,E,8,999.0,E,8,2.15,E,8,-9900,?,9,-9900,?,9,0.10900000000000001,E,8,-9900,?,9,-9900,?,9,1.09,99.0,E,8
05/29/2015,06:00,0.0,1328.754,0.0,1,8,0.0,1,8,0.0,1,8,0.0,1,8,0.0,1,8,0.0,1,8,-0.0,1,8,-9900,?,9,-9900,?,9,19.96,E,8,19.64,E,8,93.0,E,8,1008.6016999999999,E,8,999.0,E,8,1.88,E,8,-9900,?,9,-9900,?,9,0.007000000000000001,E,8,-9900,?,9,-9900,?,9,0.07,99.0,E,8
05/29/2015,07:00,59.455,1328.754,0.0,1,8,0.0,1,8,0.0,1,8,0.0,1,8,0.0,1,8,0.0,1,8,0.0,1,8,-9900,?,9,-9900,?,9,19.88,E,8,19.63,E,8,93.0,E,8,1008.6016999999999,E,8,999.0,E,8,1.89,E,8,-9900,?,9,-9900,?,9,0.015,E,8,-9900,?,9,-9900,?,9,0.15,99.0,E,8
05/29/2015,08:00,339.224,1328.754,17.3,1,8,0.0,1,8,17.3,1,8,2076.0,1,8,0.0,1,8,1903.0,1,8,21.659,1,8,-9900,?,9,-9900,?,9,19.79,E,8,19.62,E,8,93.0,E,8,1008.6016999999999,E,8,999.0,E,8,1.52,E,8,-9900,?,9,-9900,?,9,0.074,E,8,-9900,?,9,-9900,?,9,0.74,99.0,E,8
05/29/2015,09:00,587.953,1328.754,63.59,1,8,0.0,1,8,63.59,1,8,7630.8,1,8,0.0,1,8,6994.9,1,8,45.8,1,8,-9900,?,9,-9900,?,9,21.44,E,8,19.85,E,8,88.0,E,8,1008.6016999999999,E,8,999.0,E,8,1.52,E,8,-9900,?,9,-9900,?,9,0.032,E,8,-9900,?,9,-9900,?,9,0.32,99.0,E,8
05/29/2015,10:00,785.059,1328.754,107.99,1,8,0.0,1,8,107.99,1,8,12958.8,1,8,0.0,1,8,11878.9,1,8,58.212,1,8,-9900,?,9,-9900,?,9,22.36,E,8,19.98,E,8,85.0,E,8,1008.6016999999999,E,8,999.0,E,8,1.52,E,8,-9900,?,9,-9900,?,9,0.005,E,8,-9900,?,9,-9900,?,9,0.05,99.0,E,8
05/29/2015,11:00,916.824,1328.754,126.08,1,8,0.0,1,8,126.08,1,8,15129.6,1,8,0.0,1,8,13868.8,1,8,58.183,1,8,-9900,?,9,-9900,?,9,23.0,E,8,20.07,E,8,83.0,E,8,1008.6016999999999,E,8,999.0,E,8,1.55,E,8,-9900,?,9,-9900,?,9,0.001,E,8,-9900,?,9,-9900,?,9,0.01,99.0,E,8
05/29/2015,12:00,974.201,1328.754,140.49,1,8,0.0,1,8,140.49,1,8,16858.8,1,8,0.0,1,8,15453.9,1,8,61.01,1,8,-9900,?,9,-9900,?,9,23.5,E,8,20.14,E,8,78.0,E,8,1008.6016999999999,E,8,999.0,E,8,2.01,E,8,-9900,?,9,-9900,?,9,0.0,E,8,-9900,?,9,-9900,?,9,0.0,0.0,E,8
05/29/2015,13:00,953.266,1328.754,139.08,1,8,0.0,1,8,139.08,1,8,16689.6,1,8,0.0,1,8,15298.8,1,8,61.726,1,8,-9900,?,9,-9900,?,9,23.83,E,8,20.19,E,8,81.0,E,8,1008.6016999999999,E,8,999.0,E,8,1.72,E,8,-9900,?,9,-9900,?,9,0.003,E,8,-9900,?,9,-9900,?,9,0.03,99.0,E,8
05/29/2015,14:00,855.455,1328.754,140.12,1,8,0.0,1,8,140.12,1,8,16814.4,1,8,0.0,1,8,15413.2,1,8,69.307,1,8,-9900,?,9,-9900,?,9,24.07,E,8,20.22,E,8,80.0,E,8,1008.6016999999999,E,8,999.0,E,8,1.77,E,8,-9900,?,9,-9900,?,9,0.019,E,8,-9900,?,9,-9900,?,9,0.19,99.0,E,8
05/29/2015,15:00,687.475,1328.754,127.68,1,8,0.0,1,8,127.68,1,8,15321.6,1,8,0.0,1,8,14044.8,1,8,78.616,1,8,-9900,?,9,-9900,?,9,24.18,E,8,20.23,E,8,80.0,E,8,1008.6016999999999,E,8,999.0,E,8,2.2,E,8,-9900,?,9,-9900,?,9,0.025,E,8,-9900,?,9,-9900,?,9,0.25,99.0,E,8
05/29/2015,16:00,460.916,1328.754,90.36,1,8,0.0,1,8,90.36,1,8,10843.2,1,8,0.0,1,8,9939.6,1,8,83.094,1,8,-9900,?,9,-9900,?,9,24.05,E,8,20.22,E,8,80.0,E,8,1008.6016999999999,E,8,999.0,E,8,2.02,E,8,-9900,?,9,-9900,?,9,0.06,E,8,-9900,?,9,-9900,?,9,0.6,99.0,E,8
05/29/2015,17:00,192.072,1328.754,38.65,1,8,0.0,1,8,38.65,1,8,4638.0,1,8,0.0,1,8,4251.5,1,8,86.214,1,8,-9900,?,9,-9900,?,9,23.58,E,8,20.15,E,8,85.0,E,8,1008.6016999999999,E,8,999.0,E,8,2.25,E,8,-9900,?,9,-9900,?,9,0.46399999999999997,E,8,-9900,?,9,-9900,?,9,4.64,99.0,E,8
05/29/2015,18:00,0.0,1328.754,0.9,1,8,0.0,1,8,0.0,1,8,108.0,1,8,0.0,1,8,0.0,1,8,-0.0,1,8,-9900,?,9,-9900,?,9,23.02,E,8,20.07,E,8,86.0,E,8,1008.6016999999999,E,8,999.0,E,8,2.89,E,8,-9900,?,9,-9900,?,9,0.20299999999999999,E,8,-9900,?,9,-9900,?,9,2.03,99.0,E,8
05/29/2015,19:00,0.0,1328.754,0.0,1,8,0.0,1,8,0.0,1,8,0.0,1,8,0.0,1,8,0.0,1,8,-0.0,1,8,-9900,?,9,-9900,?,9,22.47,E,8,20.0,E,8,88.0,E,8,1008.6016999999999,E,8,999.0,E,8,3.24,E,8,-9900,?,9,-9900,?,9,0.16399999999999998,E,8,-9900,?,9,-9900,?,9,1.64,99.0,E,8
05/29/2015,20:00,0.0,1328.754,0.0,1,8,0.0,1,8,0.0,1,8,0.0,1,8,0.0,1,8,0.0,1,8,-0.0,1,8,-9900,?,9,-9900,?,9,21.91,E,8,19.92,E,8,90.0,E,8,1008.6016999999999,E,8,999.0,E,8,2.78,E,8,-9900,?,9,-9900,?,9,0.335,E,8,-9900,?,9,-9900,?,9,3.35,99.0,E,8
05/29/2015,21:00,0.0,1328.754,0.0,1,8,0.0,1,8,0.0,1,8,0.0,1,8,0.0,1,8,0.0,1,8,-0.0,1,8,-9900,?,9,-9900,?,9,21.36,E,8,19.84,E,8,95.0,E,8,1008.6016999999999,E,8,999.0,E,8,2.07,E,8,-9900,?,9,-9900,?,9,0.75,E,8,-9900,?,9,-9900,?,9,7.5,99.0,E,8
05/29/2015,22:00,0.0,1328.754,0.0,1,8,0.0,1,8,0.0,1,8,0.0,1,8,0.0,1,8,0.0,1,8,-0.0,1,8,-9900,?,9,-9900,?,9,20.8,E,8,19.76,E,8,93.0,E,8,1008.6016999999999,E,8,999.0,E,8,2.13,E,8,-9900,?,9,-9900,?,9,0.257,E,8,-9900,?,9,-9900,?,9,2.57,99.0,E,8
05/29/2015,23:00,0.0,1328.754,0.0,1,8,0.0,1,8,0.0,1,8,0.0,1,8,0.0,1,8,0.0,1,8,-0.0,1,8,-9900,?,9,-9900,?,9,20.25,E,8,19.68,E,8,98.0,E,8,1008.6016999999999,E,8,999.0,E,8,2.49,E,8,-9900,?,9,-9900,?,9,7.954000000000001,E,8,-9900,?,9,-9900,?,9,79.54,99.0,E,8
05/29/2015,24:00,0.0,1328.754,0.0,1,8,0.0,1,8,0.0,1,8,0.0,1,8,0.0,1,8,0.0,1,8,-0.0,1,8,-9900,?,9,-9900,?,9,19.69,E,8,17.78,E,8,89.0,E,8,1008.6016999999999,E,8,999.0,E,8,1.85,E,8,-9900,?,9,-9900,?,9,0.266,E,8,-9900,?,9,-9900,?,9,2.66,99.0,E,8
05/30/2015,01:00,0.0,1328.754,0.0,1,8,0.0,1,8,0.0,1,8,0.0,1,8,0.0,1,8,0.0,1,8,-0.0,1,8,-9900,?,9,-9900,?,9,19.41,E,8,17.75,E,8,90.0,E,8,1008.6016999999999,E,8,999.0,E,8,2.05,E,8,-9900,?,9,-9900,?,9,0.11699999999999999,E,8,-9900,?,9,-9900,?,9,1.17,99.0,E,8
05/30/2015,02:00,0.0,1328.754,0.0,1,8,0.0,1,8,0.0,1,8,0.0,1,8,0.0,1,8,0.0,1,8,-0.0,1,8,-9900,?,9,-9900,?,9,19.14,E,8,17.72,E,8,95.0,E,8,1008.6016999999999,E,8,999.0,E,8,2.1,E,8,-9900,?,9,-9900,?,9,10.384,E,8,-9900,?,9,-9900,?,9,103.84,99.0,E,8
05/30/2015,03:00,0.0,1328.754,0.0,1,8,0.0,1,8,0.0,1,8,0.0,1,8,0.0,1,8,0.0,1,8,-0.0,1,8,-9900,?,9,-9900,?,9,18.86,E,8,17.69,E,8,92.0,E,8,1008.6016999999999,E,8,999.0,E,8,2.8,E,8,-9900,?,9,-9900,?,9,0.33599999999999997,E,8,-9900,?,9,-9900,?,9,3.36,99.0,E,8
05/30/2015,04:00,0.0,1328.317,0.0,1,8,0.0,1,8,0.0,1,8,0.0,1,8,0.0,1,8,0.0,1,8,-0.0,1,8,-9900,?,9,-9900,?,9,18.58,E,8,17.65,E,8,97.0,E,8,1008.6016999999999,E,8,999.0,E,8,2.72,E,8,-9900,?,9,-9900,?,9,0.9789999999999999,E,8,-9900,?,9,-9900,?,9,9.79,99.0,E,8
05/30/2015,05:00,0.0,1328.317,0.0,1,8,0.0,1,8,0.0,1,8,0.0,1,8,0.0,1,8,0.0,1,8,-0.0,1,8,-9900,?,9,-9900,?,9,18.3,E,8,17.62,E,8,98.0,E,8,1008.6016999999999,E,8,999.0,E,8,2.14,E,8,-9900,?,9,-9900,?,9,0.606,E,8,-9900,?,9,-9900,?,9,6.06,99.0,E,8
05/30/2015,06:00,0.0,1328.317,0.0,1,8,0.0,1,8,0.0,1,8,0.0,1,8,0.0,1,8,0.0,1,8,-0.0,1,8,-9900,?,9,-9900,?,9,18.09,E,8,17.6,E,8,91.0,E,8,1008.6016999999999,E,8,999.0,E,8,2.67,E,8,-9900,?,9,-9900,?,9,0.052000000000000005,E,8,-9900,?,9,-9900,?,9,0.52,99.0,E,8
05/30/2015,07:00,57.473,1328.317,0.0,1,8,0.0,1,8,0.0,1,8,0.0,1,8,0.0,1,8,0.0,1,8,0.0,1,8,-9900,?,9,-9900,?,9,17.91,E,8,17.58,E,8,92.0,E,8,1008.6016999999999,E,8,999.0,E,8,2.45,E,8,-9900,?,9,-9900,?,9,0.040999999999999995,E,8,-9900,?,9,-9900,?,9,0.41,99.0,E,8
05/30/2015,08:00,336.79,1328.317,14.74,1,8,0.0,1,8,14.74,1,8,1768.8,1,8,0.0,1,8,1621.4,1,8,18.582,1,8,-9900,?,9,-9900,?,9,17.72,E,8,17.55,E,8,89.0,E,8,1008.6016999999999,E,8,999.0,E,8,3.08,E,8,-9900,?,9,-9900,?,9,0.0,E,8,-9900,?,9,-9900,?,9,0.0,0.0,E,8
05/30/2015,09:00,585.264,1328.317,54.94,1,8,0.0,1,8,54.94,1,8,6592.8,1,8,0.0,1,8,6043.4,1,8,39.739,1,8,-9900,?,9,-9900,?,9,19.91,E,8,17.81,E,8,84.0,E,8,1008.6016999999999,E,8,999.0,E,8,2.72,E,8,-9900,?,9,-9900,?,9,0.014000000000000002,E,8,-9900,?,9,-9900,?,9,0.14,99.0,E,8
05/30/2015,10:00,782.227,1328.317,91.59,1,8,0.0,1,8,91.59,1,8,10990.8,1,8,0.0,1,8,10074.9,1,8,49.534,1,8,-9900,?,9,-9900,?,9,21.09,E,8,17.94,E,8,79.0,E,8,1008.6016999999999,E,8,999.0,E,8,3.0,E,8,-9900,?,9,-9900,?,9,0.01,E,8,-9900,?,9,-9900,?,9,0.1,99.0,E,8
05/30/2015,11:00,913.966,1328.317,101.86,1,8,0.0,1,8,101.86,1,8,12223.2,1,8,0.0,1,8,11204.6,1,8,47.138,1,8,-9900,?,9,-9900,?,9,21.85,E,8,18.03,E,8,77.0,E,8,1008.6016999999999,E,8,999.0,E,8,3.39,E,8,-9900,?,9,-9900,?,9,0.002,E,8,-9900,?,9,-9900,?,9,0.02,99.0,E,8
05/30/2015,12:00,971.437,1328.317,135.23,1,8,0.0,1,8,135.23,1,8,16227.6,1,8,0.0,1,8,14875.3,1,8,58.874,1,8,-9900,?,9,-9900,?,9,22.72,E,8,18.12,E,8,74.0,E,8,1008.6016999999999,E,8,999.0,E,8,3.11,E,8,-9900,?,9,-9900,?,9,0.006,E,8,-9900,?,9,-9900,?,9,0.06,99.0,E,8
05/30/2015,13:00,950.707,1328.317,146.22,1,8,0.0,1,8,146.22,1,8,17546.4,1,8,0.0,1,8,16084.2,1,8,65.048,1,8,-9900,?,9,-9900,?,9,23.41,E,8,18.2,E,8,72.0,E,8,1008.6016999999999,E,8,999.0,E,8,3.49,E,8,-9900,?,9,-9900,?,9,0.003,E,8,-9900,?,9,-9900,?,9,0.03,99.0,E,8
05/30/2015,14:00,853.2,1328.317,137.69,1,8,0.0,1,8,137.69,1,8,16522.8,1,8,0.0,1,8,15145.9,1,8,68.263,1,8,-9900,?,9,-9900,?,9,23.83,E,8,18.25,E,8,70.0,E,8,1008.6016999999999,E,8,999.0,E,8,3.15,E,8,-9900,?,9,-9900,?,9,0.019,E,8,-9900,?,9,-9900,?,9,0.19,99.0,E,8
05/30/2015,15:00,685.602,1328.317,120.99,1,8,0.0,1,8,120.99,1,8,14518.8,1,8,0.0,1,8,13308.9,1,8,74.676,1,8,-9900,?,9,-9900,?,9,24.02,E,8,18.27,E,8,70.0,E,8,1008.6016999999999,E,8,999.0,E,8,3.5,E,8,-9900,?,9,-9900,?,9,0.033,E,8,-9900,?,9,-9900,?,9,0.33,99.0,E,8
05/30/2015,16:00,459.476,1328.317,76.06,1,8,0.0,1,8,76.06,1,8,9127.2,1,8,0.0,1,8,8366.6,1,8,70.141,1,8,-9900,?,9,-9900,?,9,23.73,E,8,18.24,E,8,75.0,E,8,1008.6016999999999,E,8,999.0,E,8,2.82,E,8,-9900,?,9,-9900,?,9,0.174,E,8,-9900,?,9,-9900,?,9,1.74,99.0,E,8
05/30/2015,17:00,191.093,1328.317,33.44,1,8,0.0,1,8,33.44,1,8,4012.8,1,8,0.0,1,8,3678.4,1,8,74.959,1,8,-9900,?,9,-9900,?,9,23.04,E,8,18.16,E,8,73.0,E,8,1008.6016999999999,E,8,999.0,E,8,2.99,E,8,-9900,?,9,-9900,?,9,0.064,E,8,-9900,?,9,-9900,?,9,0.64,99.0,E,8
05/30/2015,18:00,0.0,1328.317,0.76,1,8,0.0,1,8,0.0,1,8,91.2,1,8,0.0,1,8,0.0,1,8,-0.0,1,8,-9900,?,9,-9900,?,9,22.77,E,8,18.13,E,8,74.0,E,8,1008.6016999999999,E,8,999.0,E,8,2.46,E,8,-9900,?,9,-9900,?,9,0.079,E,8,-9900,?,9,-9900,?,9,0.79,99.0,E,8
05/30/2015,19:00,0.0,1328.317,0.0,1,8,0.0,1,8,0.0,1,8,0.0,1,8,0.0,1,8,0.0,1,8,-0.0,1,8,-9900,?,9,-9900,?,9,22.5,E,8,18.1,E,8,75.0,E,8,1008.6016999999999,E,8,999.0,E,8,2.94,E,8,-9900,?,9,-9900,?,9,0.025,E,8,-9900,?,9,-9900,?,9,0.25,99.0,E,8
05/30/2015,20:00,0.0,1328.317,0.0,1,8,0.0,1,8,0.0,1,8,0.0,1,8,0.0,1,8,0.0,1,8,-0.0,1,8,-9900,?,9,-9900,?,9,22.23,E,8,18.07,E,8,75.0,E,8,1008.6016999999999,E,8,999.0,E,8,2.74,E,8,-9900,?,9,-9900,?,9,0.096,E,8,-9900,?,9,-9900,?,9,0.96,99.0,E,8
05/30/2015,21:00,0.0,1328.317,0.0,1,8,0.0,1,8,0.0,1,8,0.0,1,8,0.0,1,8,0.0,1,8,-0.0,1,8,-9900,?,9,-9900,?,9,21.96,E,8,18.04,E,8,80.0,E,8,1008.6016999999999,E,8,999.0,E,8,2.16,E,8,-9900,?,9,-9900,?,9,0.143,E,8,-9900,?,9,-9900,?,9,1.43,99.0,E,8
05/30/2015,22:00,0.0,1328.317,0.0,1,8,0.0,1,8,0.0,1,8,0.0,1,8,0.0,1,8,0.0,1,8,-0.0,1,8,-9900,?,9,-9900,?,9,21.69,E,8,18.01,E,8,81.0,E,8,1008.6016999999999,E,8,999.0,E,8,2.12,E,8,-9900,?,9,-9900,?,9,0.438,E,8,-9900,?,9,-9900,?,9,4.38,99.0,E,8
05/30/2015,23:00,0.0,1328.317,0.0,1,8,0.0,1,8,0.0,1,8,0.0,1,8,0.0,1,8,0.0,1,8,-0.0,1,8,-9900,?,9,-9900,?,9,21.43,E,8,17.98,E,8,82.0,E,8,1008.6016999999999,E,8,999.0,E,8,2.23,E,8,-9900,?,9,-9900,?,9,0.21400000000000002,E,8,-9900,?,9,-9900,?,9,2.14,99.0,E,8
05/30/2015,24:00,0.0,1328.317,0.0,1,8,0.0,1,8,0.0,1,8,0.0,1,8,0.0,1,8,0.0,1,8,-0.0,1,8,-9900,?,9,-9900,?,9,21.16,E,8,19.83,E,8,94.0,E,8,1008.6016999999999,E,8,999.0,E,8,1.35,E,8,-9900,?,9,-9900,?,9,0.001,E,8,-9900,?,9,-9900,?,9,0.01,99.0,E,8
05/31/2015,01:00,0.0,1328.317,0.0,1,8,0.0,1,8,0.0,1,8,0.0,1,8,0.0,1,8,0.0,1,8,-0.0,1,8,-9900,?,9,-9900,?,9,21.02,E,8,19.8,E,8,95.0,E,8,1008.6016999999999,E,8,999.0,E,8,1.35,E,8,-9900,?,9,-9900,?,9,0.005,E,8,-9900,?,9,-9900,?,9,0.05,99.0,E,8
05/31/2015,02:00,0.0,1328.317,0.0,1,8,0.0,1,8,0.0,1,8,0.0,1,8,0.0,1,8,0.0,1,8,-0.0,1,8,-9900,?,9,-9900,?,9,20.89,E,8,19.78,E,8,96.0,E,8,1008.6016999999999,E,8,999.0,E,8,1.35,E,8,-9900,?,9,-9900,?,9,0.088,E,8,-9900,?,9,-9900,?,9,0.88,99.0,E,8
05/31/2015,03:00,0.0,1328.317,0.0,1,8,0.0,1,8,0.0,1,8,0.0,1,8,0.0,1,8,0.0,1,8,-0.0,1,8,-9900,?,9,-9900,?,9,20.75,E,8,19.76,E,8,96.0,E,8,1008.6016999999999,E,8,999.0,E,8,1.35,E,8,-9900,?,9,-9900,?,9,0.002,E,8,-9900,?,9,-9900,?,9,0.02,99.0,E,8
05/31/2015,04:00,0.0,1327.891,0.0,1,8,0.0,1,8,0.0,1,8,0.0,1,8,0.0,1,8,0.0,1,8,-0.0,1,8,-9900,?,9,-9900,?,9,20.62,E,8,19.74,E,8,92.0,E,8,1008.6016999999999,E,8,999.0,E,8,1.35,E,8,-9900,?,9,-9900,?,9,0.0,E,8,-9900,?,9,-9900,?,9,0.0,0.0,E,8
05/31/2015,05:00,0.0,1327.891,0.0,1,8,0.0,1,8,0.0,1,8,0.0,1,8,0.0,1,8,0.0,1,8,-0.0,1,8,-9900,?,9,-9900,?,9,20.48,E,8,19.71,E,8,93.0,E,8,1008.6016999999999,E,8,999.0,E,8,1.35,E,8,-9900,?,9,-9900,?,9,0.0,E,8,-9900,?,9,-9900,?,9,0.0,0.0,E,8
05/31/2015,06:00,0.0,1327.891,0.0,1,8,0.0,1,8,0.0,1,8,0.0,1,8,0.0,1,8,0.0,1,8,-0.0,1,8,-9900,?,9,-9900,?,9,20.38,E,8,19.7,E,8,93.0,E,8,1008.6016999999999,E,8,999.0,E,8,1.35,E,8,-9900,?,9,-9900,?,9,0.0,E,8,-9900,?,9,-9900,?,9,0.0,0.0,E,8
05/31/2015,07:00,55.52,1327.891,0.0,1,8,0.0,1,8,0.0,1,8,0.0,1,8,0.0,1,8,0.0,1,8,0.0,1,8,-9900,?,9,-9900,?,9,20.29,E,8,19.68,E,8,94.0,E,8,1008.6016999999999,E,8,999.0,E,8,1.35,E,8,-9900,?,9,-9900,?,9,0.0,E,8,-9900,?,9,-9900,?,9,0.0,0.0,E,8
05/31/2015,08:00,334.4,1327.891,89.08,1,8,18.216,1,8,84.512,1,8,10689.6,1,8,1730.487,1,8,9296.34,1,8,107.277,1,8,-9900,?,9,-9900,?,9,20.2,E,8,19.67,E,8,94.0,E,8,1008.6016999999999,E,8,999.0,E,8,1.35,E,8,-9900,?,9,-9900,?,9,0.0,E,8,-9900,?,9,-9900,?,9,0.0,0.0,E,8
05/31/2015,09:00,582.634,1327.891,312.35,1,8,322.444,1,8,171.045,1,8,37482.0,1,8,30632.223,1,8,18814.98,1,8,124.239,1,8,-9900,?,9,-9900,?,9,23.09,E,8,20.15,E,8,82.0,E,8,1008.6016999999999,E,8,999.0,E,8,1.35,E,8,-9900,?,9,-9900,?,9,0.0,E,8,-9900,?,9,-9900,?,9,0.0,0.0,E,8
05/31/2015,10:00,779.469,1327.891,492.81,1,8,578.69,1,8,153.309,1,8,59137.2,1,8,54975.597,1,8,16864.032,1,8,83.181,1,8,-9900,?,9,-9900,?,9,24.5,E,8,20.38,E,8,77.0,E,8,1008.6016999999999,E,8,999.0,E,8,1.35,E,8,-9900,?,9,-9900,?,9,0.0,E,8,-9900,?,9,-9900,?,9,0.0,0.0,E,8
05/31/2015,11:00,911.196,1327.891,642.35,1,8,735.431,1,8,137.865,1,8,77082.0,1,8,69865.961,1,8,15165.155,1,8,63.973,1,8,-9900,?,9,-9900,?,9,25.74,E,8,20.58,E,8,72.0,E,8,1008.6016999999999,E,8,999.0,E,8,2.06,E,8,-9900,?,9,-9900,?,9,0.0,E,8,-9900,?,9,-9900,?,9,0.0,0.0,E,8
05/31/2015,12:00,968.771,1327.891,671.19,1,8,668.899,1,8,183.316,1,8,80542.8,1,8,63545.414,1,8,20164.788,1,8,80.003,1,8,-9900,?,9,-9900,?,9,26.56,E,8,20.71,E,8,70.0,E,8,1008.6016999999999,E,8,999.0,E,8,3.16,E,8,-9900,?,9,-9900,?,9,0.0,E,8,-9900,?,9,-9900,?,9,0.0,0.0,E,8
05/31/2015,13:00,948.256,1327.891,592.0,1,8,496.385,1,8,237.628,1,8,71040.0,1,8,47156.575,1,8,26139.101,1,8,105.952,1,8,-9900,?,9,-9900,?,9,26.93,E,8,20.77,E,8,69.0,E,8,1008.6016999999999,E,8,999.0,E,8,4.27,E,8,-9900,?,9,-9900,?,9,0.0,E,8,-9900,?,9,-9900,?,9,0.0,0.0,E,8
05/31/2015,14:00,851.056,1327.891,470.26,1,8,330.886,1,8,258.282,1,8,56431.2,1,8,31434.154,1,8,28410.988,1,8,128.331,1,8,-9900,?,9,-9900,?,9,26.93,E,8,20.77,E,8,69.0,E,8,1008.6016999999999,E,8,999.0,E,8,4.58,E,8,-9900,?,9,-9900,?,9,0.0,E,8,-9900,?,9,-9900,?,9,0.0,0.0,E,8
05/31/2015,15:00,683.84,1327.891,350.03,1,8,312.749,1,8,189.1,1,8,42003.6,1,8,29711.179,1,8,20801.043,1,8,116.978,1,8,-9900,?,9,-9900,?,9,26.57,E,8,20.72,E,8,70.0,E,8,1008.6016999999999,E,8,999.0,E,8,3.74,E,8,-9900,?,9,-9900,?,9,0.0,E,8,-9900,?,9,-9900,?,9,0.0,0.0,E,8
05/31/2015,16:00,458.143,1327.891,218.89,1,8,289.559,1,8,119.202,1,8,26266.8,1,8,27508.113,1,8,13112.22,1,8,110.212,1,8,-9900,?,9,-9900,?,9,25.94,E,8,20.62,E,8,72.0,E,8,1008.6016999999999,E,8,999.0,E,8,3.52,E,8,-9900,?,9,-9900,?,9,0.0,E,8,-9900,?,9,-9900,?,9,0.0,0.0,E,8
05/31/2015,17:00,190.211,1327.891,70.83,1,8,131.331,1,8,52.263,1,8,8499.6,1,8,12476.486,1,8,5748.914,1,8,117.67,1,8,-9900,?,9,-9900,?,9,25.07,E,8,20.47,E,8,75.0,E,8,1008.6016999999999,E,8,999.0,E,8,2.61,E,8,-9900,?,9,-9900,?,9,0.0,E,8,-9900,?,9,-9900,?,9,0.0,0.0,E,8
05/31/2015,18:00,0.0,1327.891,58.616,1,8,0.0,1,8,0.0,1,8,7033.92,1,8,0.0,1,8,0.0,1,8,-0.0,1,8,-9900,?,9,-9900,?,9,24.572,E,8,20.392,E,8,77.6,E,8,1008.6016999999999,E,8,999.0,E,8,2.21,E,8,-9900,?,9,-9900,?,9,0.0006000000000000001,E,8,-9900,?,9,-9900,?,9,0.006,99.0,E,8
05/31/2015,19:00,0.0,1327.891,14.838,1,8,0.0,1,8,0.0,1,8,1780.56,1,8,0.0,1,8,0.0,1,8,-0.0,1,8,-9900,?,9,-9900,?,9,23.95,E,8,20.29,E,8,80.8,E,8,1008.6016999999999,E,8,999.0,E,8,1.776,E,8,-9900,?,9,-9900,?,9,0.0008,E,8,-9900,?,9,-9900,?,9,0.008,99.0,E,8
05/31/2015,20:00,0.0,1327.891,0.672,1,8,0.0,1,8,0.0,1,8,80.64,1,8,0.0,1,8,0.0,1,8,-0.0,1,8,-9900,?,9,-9900,?,9,23.388,E,8,20.198,E,8,82.8,E,8,1008.6016999999999,E,8,999.0,E,8,1.524,E,8,-9900,?,9,-9900,?,9,0.0008,E,8,-9900,?,9,-9900,?,9,0.008,99.0,E,8
05/31/2015,21:00,0.0,1327.891,0.0,1,8,0.0,1,8,0.0,1,8,0.0,1,8,0.0,1,8,0.0,1,8,-0.0,1,8,-9900,?,9,-9900,?,9,22.826,E,8,20.106,E,8,84.2,E,8,1008.6016999999999,E,8,999.0,E,8,1.388,E,8,-9900,?,9,-9900,?,9,0.0002,E,8,-9900,?,9,-9900,?,9,0.002,99.0,E,8
05/31/2015,22:00,0.0,1327.891,0.0,1,8,0.0,1,8,0.0,1,8,0.0,1,8,0.0,1,8,0.0,1,8,-0.0,1,8,-9900,?,9,-9900,?,9,22.168,E,8,19.764,E,8,86.6,E,8,1008.6016999999999,E,8,999.0,E,8,1.438,E,8,-9900,?,9,-9900,?,9,0.0018,E,8,-9900,?,9,-9900,?,9,0.018,99.0,E,8
05/31/2015,23:00,0.0,1327.891,0.0,1,8,0.0,1,8,0.0,1,8,0.0,1,8,0.0,1,8,0.0,1,8,-0.0,1,8,-9900,?,9,-9900,?,9,21.596,E,8,19.444,E,8,88.6,E,8,1008.6016999999999,E,8,999.0,E,8,1.526,E,8,-9900,?,9,-9900,?,9,0.014000000000000002,E,8,-9900,?,9,-9900,?,9,0.14,99.0,E,8
05/31/2022,24:00,0.0,1327.891,0.0,1,8,0.0,1,8,0.0,1,8,0.0,1,8,0.0,1,8,0.0,1,8,-0.0,1,8,-9900,?,9,-9900,?,9,21.112,E,8,19.144,E,8,89.4,E,8,1008.6016999999999,E,8,999.0,E,8,1.614,E,8,-9900,?,9,-9900,?,9,0.0196,E,8,-9900,?,9,-9900,?,9,0.196,99.0,E,8
06/01/2022,01:00,0.0,1327.891,0.0,1,8,0.0,1,8,0.0,1,8,0.0,1,8,0.0,1,8,0.0,1,8,-0.0,1,8,-9900,?,9,-9900,?,9,20.718,E,8,18.868,E,8,91.0,E,8,1008.6016999999999,E,8,999.0,E,8,1.702,E,8,-9900,?,9,-9900,?,9,0.0218,E,8,-9900,?,9,-9900,?,9,0.218,99.0,E,8
06/01/2022,02:00,0.0,1327.891,0.0,1,8,0.0,1,8,0.0,1,8,0.0,1,8,0.0,1,8,0.0,1,8,-0.0,1,8,-9900,?,9,-9900,?,9,20.412,E,8,18.612,E,8,91.2,E,8,1008.6016999999999,E,8,999.0,E,8,1.79,E,8,-9900,?,9,-9900,?,9,0.0218,E,8,-9900,?,9,-9900,?,9,0.218,99.0,E,8
06/01/2022,03:00,0.0,1327.891,0.0,1,8,0.0,1,8,0.0,1,8,0.0,1,8,0.0,1,8,0.0,1,8,-0.0,1,8,-9900,?,9,-9900,?,9,20.29,E,8,18.628,E,8,90.8,E,8,1008.6016999999999,E,8,999.0,E,8,1.79,E,8,-9900,?,9,-9900,?,9,0.020200000000000003,E,8,-9900,?,9,-9900,?,9,0.202,99.0,E,8
06/01/2022,04:00,0.0,1327.476,0.0,1,8,0.0,1,8,0.0,1,8,0.0,1,8,0.0,1,8,0.0,1,8,-0.0,1,8,-9900,?,9,-9900,?,9,20.174,E,8,18.642,E,8,90.6,E,8,1008.6016999999999,E,8,999.0,E,8,1.79,E,8,-9900,?,9,-9900,?,9,0.008,E,8,-9900,?,9,-9900,?,9,0.08,99.0,E,8
06/01/2022,05:00,0.0,1327.476,0.0,1,8,0.0,1,8,0.0,1,8,0.0,1,8,0.0,1,8,0.0,1,8,-0.0,1,8,-9900,?,9,-9900,?,9,20.066,E,8,18.656,E,8,90.4,E,8,1008.6016999999999,E,8,999.0,E,8,1.79,E,8,-9900,?,9,-9900,?,9,0.0021999999999999997,E,8,-9900,?,9,-9900,?,9,0.022,99.0,E,8
06/01/2022,06:00,0.0,1327.476,0.0,1,8,0.0,1,8,0.0,1,8,0.0,1,8,0.0,1,8,0.0,1,8,-0.0,1,8,-9900,?,9,-9900,?,9,19.95,E,8,18.67,E,8,90.0,E,8,1008.6016999999999,E,8,999.0,E,8,1.79,E,8,-9900,?,9,-9900,?,9,0.0,E,8,-9900,?,9,-9900,?,9,0.0,0.0,E,8
06/01/2022,07:00,52.81,1327.476,0.0,1,8,0.0,1,8,0.0,1,8,0.0,1,8,0.0,1,8,0.0,1,8,0.0,1,8,-9900,?,9,-9900,?,9,19.87,E,8,18.68,E,8,91.0,E,8,1008.6016999999999,E,8,999.0,E,8,1.79,E,8,-9900,?,9,-9900,?,9,0.0,E,8,-9900,?,9,-9900,?,9,0.0,0.0,E,8
06/01/2022,08:00,331.159,1327.476,36.87,1,8,0.0,1,8,36.87,1,8,4424.4,1,8,0.0,1,8,4055.7,1,8,47.249,1,8,-9900,?,9,-9900,?,9,19.79,E,8,18.69,E,8,91.0,E,8,1008.6016999999999,E,8,999.0,E,8,1.79,E,8,-9900,?,9,-9900,?,9,0.0,E,8,-9900,?,9,-9900,?,9,0.0,0.0,E,8
06/01/2022,09:00,579.151,1327.476,142.02,1,8,3.55,1,8,140.473,1,8,17042.4,1,8,337.207,1,8,15452.066,1,8,102.617,1,8,-9900,?,9,-9900,?,9,21.37,E,8,18.49,E,8,82.0,E,8,1008.6016999999999,E,8,999.0,E,8,1.79,E,8,-9900,?,9,-9900,?,9,0.0,E,8,-9900,?,9,-9900,?,9,0.0,0.0,E,8
06/01/2022,10:00,775.893,1327.476,238.35,1,8,24.837,1,8,223.841,1,8,28602.0,1,8,2359.505,1,8,24622.547,1,8,121.972,1,8,-9900,?,9,-9900,?,9,22.24,E,8,18.38,E,8,77.0,E,8,1008.6016999999999,E,8,999.0,E,8,1.79,E,8,-9900,?,9,-9900,?,9,0.0,E,8,-9900,?,9,-9900,?,9,0.0,0.0,E,8
06/01/2022,11:00,907.681,1327.476,310.8,1,8,24.364,1,8,294.146,1,8,37296.0,1,8,2314.627,1,8,32356.059,1,8,136.978,1,8,-9900,?,9,-9900,?,9,23.0,E,8,18.28,E,8,73.0,E,8,1008.6016999999999,E,8,999.0,E,8,1.79,E,8,-9900,?,9,-9900,?,9,0.0,E,8,-9900,?,9,-9900,?,9,0.0,0.0,E,8
06/01/2022,12:00,965.464,1327.476,352.86,1,8,30.713,1,8,330.529,1,8,42343.2,1,8,2917.691,1,8,36358.17,1,8,144.698,1,8,-9900,?,9,-9900,?,9,23.6,E,8,18.21,E,8,75.0,E,8,1008.6016999999999,E,8,999.0,E,8,1.79,E,8,-9900,?,9,-9900,?,9,0.001,E,8,-9900,?,9,-9900,?,9,0.01,99.0,E,8
06/01/2022,13:00,945.289,1327.476,361.23,1,8,37.539,1,8,334.506,1,8,43347.6,1,8,3566.19,1,8,36795.704,1,8,149.569,1,8,-9900,?,9,-9900,?,9,24.02,E,8,18.15,E,8,68.0,E,8,1008.6016999999999,E,8,999.0,E,8,1.93,E,8,-9900,?,9,-9900,?,9,0.0,E,8,-9900,?,9,-9900,?,9,0.0,0.0,E,8
06/01/2022,14:00,848.54,1327.476,335.25,1,8,55.692,1,8,299.666,1,8,40230.0,1,8,5290.715,1,8,32963.282,1,8,149.288,1,8,-9900,?,9,-9900,?,9,24.26,E,8,18.12,E,8,72.0,E,8,1008.6016999999999,E,8,999.0,E,8,2.64,E,8,-9900,?,9,-9900,?,9,0.004,E,8,-9900,?,9,-9900,?,9,0.04,99.0,E,8
06/01/2022,15:00,681.853,1327.476,276.93,1,8,98.165,1,8,226.549,1,8,33231.6,1,8,9325.711,1,8,24920.38,1,8,140.509,1,8,-9900,?,9,-9900,?,9,24.31,E,8,18.12,E,8,71.0,E,8,1008.6016999999999,E,8,999.0,E,8,3.69,E,8,-9900,?,9,-9900,?,9,0.002,E,8,-9900,?,9,-9900,?,9,0.02,99.0,E,8
06/01/2022,16:00,456.728,1327.476,191.1,1,8,159.436,1,8,136.363,1,8,22932.0,1,8,15146.375,1,8,14999.984,1,8,126.432,1,8,-9900,?,9,-9900,?,9,24.1,E,8,18.14,E,8,82.0,E,8,1008.6016999999999,E,8,999.0,E,8,3.89,E,8,-9900,?,9,-9900,?,9,1.4929999999999999,E,8,-9900,?,9,-9900,?,9,14.93,99.0,E,8
06/01/2022,17:00,189.376,1327.476,87.0,1,8,197.169,1,8,59.242,1,8,10440.0,1,8,18731.041,1,8,6516.587,1,8,133.944,1,8,-9900,?,9,-9900,?,9,23.61,E,8,18.21,E,8,75.0,E,8,1008.6016999999999,E,8,999.0,E,8,2.87,E,8,-9900,?,9,-9900,?,9,0.020999999999999998,E,8,-9900,?,9,-9900,?,9,0.21,99.0,E,8
06/01/2022,18:00,0.0,1327.476,1.86,1,8,0.0,1,8,0.0,1,8,223.2,1,8,0.0,1,8,0.0,1,8,-0.0,1,8,-9900,?,9,-9900,?,9,23.19,E,8,18.26,E,8,77.0,E,8,1008.6016999999999,E,8,999.0,E,8,2.23,E,8,-9900,?,9,-9900,?,9,0.015,E,8,-9900,?,9,-9900,?,9,0.15,99.0,E,8
06/01/2022,19:00,0.0,1327.476,0.0,1,8,0.0,1,8,0.0,1,8,0.0,1,8,0.0,1,8,0.0,1,8,-0.0,1,8,-9900,?,9,-9900,?,9,22.78,E,8,18.31,E,8,79.0,E,8,1008.6016999999999,E,8,999.0,E,8,1.79,E,8,-9900,?,9,-9900,?,9,0.001,E,8,-9900,?,9,-9900,?,9,0.01,99.0,E,8
06/01/2022,20:00,0.0,1327.476,0.0,1,8,0.0,1,8,0.0,1,8,0.0,1,8,0.0,1,8,0.0,1,8,-0.0,1,8,-9900,?,9,-9900,?,9,22.36,E,8,18.37,E,8,86.0,E,8,1008.6016999999999,E,8,999.0,E,8,1.79,E,8,-9900,?,9,-9900,?,9,0.10900000000000001,E,8,-9900,?,9,-9900,?,9,1.09,99.0,E,8
06/01/2022,21:00,0.0,1327.476,0.0,1,8,0.0,1,8,0.0,1,8,0.0,1,8,0.0,1,8,0.0,1,8,-0.0,1,8,-9900,?,9,-9900,?,9,21.94,E,8,18.42,E,8,83.0,E,8,1008.6016999999999,E,8,999.0,E,8,1.79,E,8,-9900,?,9,-9900,?,9,0.040999999999999995,E,8,-9900,?,9,-9900,?,9,0.41,99.0,E,8
06/01/2022,22:00,0.0,1327.476,0.0,1,8,0.0,1,8,0.0,1,8,0.0,1,8,0.0,1,8,0.0,1,8,-0.0,1,8,-9900,?,9,-9900,?,9,21.53,E,8,18.47,E,8,86.0,E,8,1008.6016999999999,E,8,999.0,E,8,1.79,E,8,-9900,?,9,-9900,?,9,0.005,E,8,-9900,?,9,-9900,?,9,0.05,99.0,E,8
06/01/2022,23:00,0.0,1327.476,0.0,1,8,0.0,1,8,0.0,1,8,0.0,1,8,0.0,1,8,0.0,1,8,-0.0,1,8,-9900,?,9,-9900,?,9,21.11,E,8,18.52,E,8,83.0,E,8,1008.6016999999999,E,8,999.0,E,8,1.79,E,8,-9900,?,9,-9900,?,9,0.0,E,8,-9900,?,9,-9900,?,9,0.0,0.0,E,8
06/01/2022,24:00,0.0,1327.476,0.0,1,8,0.0,1,8,0.0,1,8,0.0,1,8,0.0,1,8,0.0,1,8,-0.0,1,8,-9900,?,9,-9900,?,9,20.69,E,8,18.57,E,8,89.0,E,8,1008.6016999999999,E,8,999.0,E,8,1.84,E,8,-9900,?,9,-9900,?,9,0.024,E,8,-9900,?,9,-9900,?,9,0.24,99.0,E,8
06/02/2022,01:00,0.0,1327.476,0.0,1,8,0.0,1,8,0.0,1,8,0.0,1,8,0.0,1,8,0.0,1,8,-0.0,1,8,-9900,?,9,-9900,?,9,20.49,E,8,18.57,E,8,90.0,E,8,1008.6016999999999,E,8,999.0,E,8,1.84,E,8,-9900,?,9,-9900,?,9,0.006,E,8,-9900,?,9,-9900,?,9,0.06,99.0,E,8
06/02/2022,02:00,0.0,1327.476,0.0,1,8,0.0,1,8,0.0,1,8,0.0,1,8,0.0,1,8,0.0,1,8,-0.0,1,8,-9900,?,9,-9900,?,9,20.28,E,8,18.56,E,8,91.0,E,8,1008.6016999999999,E,8,999.0,E,8,1.84,E,8,-9900,?,9,-9900,?,9,0.001,E,8,-9900,?,9,-9900,?,9,0.01,99.0,E,8
06/02/2022,03:00,0.0,1327.476,0.0,1,8,0.0,1,8,0.0,1,8,0.0,1,8,0.0,1,8,0.0,1,8,-0.0,1,8,-9900,?,9,-9900,?,9,20.07,E,8,18.56,E,8,92.0,E,8,1008.6016999999999,E,8,999.0,E,8,1.84,E,8,-9900,?,9,-9900,?,9,0.014000000000000002,E,8,-9900,?,9,-9900,?,9,0.14,99.0,E,8
06/02/2022,04:00,0.0,1327.072,0.0,1,8,0.0,1,8,0.0,1,8,0.0,1,8,0.0,1,8,0.0,1,8,-0.0,1,8,-9900,?,9,-9900,?,9,19.86,E,8,18.56,E,8,88.0,E,8,1008.6016999999999,E,8,999.0,E,8,1.84,E,8,-9900,?,9,-9900,?,9,0.0,E,8,-9900,?,9,-9900,?,9,0.0,0.0,E,8
06/02/2022,05:00,0.0,1327.072,0.0,1,8,0.0,1,8,0.0,1,8,0.0,1,8,0.0,1,8,0.0,1,8,-0.0,1,8,-9900,?,9,-9900,?,9,19.65,E,8,18.55,E,8,94.0,E,8,1008.6016999999999,E,8,999.0,E,8,1.84,E,8,-9900,?,9,-9900,?,9,0.004,E,8,-9900,?,9,-9900,?,9,0.04,99.0,E,8
06/02/2022,06:00,0.0,1327.072,0.0,1,8,0.0,1,8,0.0,1,8,0.0,1,8,0.0,1,8,0.0,1,8,-0.0,1,8,-9900,?,9,-9900,?,9,19.49,E,8,18.55,E,8,95.0,E,8,1008.6016999999999,E,8,999.0,E,8,1.84,E,8,-9900,?,9,-9900,?,9,0.011,E,8,-9900,?,9,-9900,?,9,0.11,99.0,E,8
06/02/2022,07:00,50.915,1327.072,0.0,1,8,0.0,1,8,0.0,1,8,0.0,1,8,0.0,1,8,0.0,1,8,0.0,1,8,-9900,?,9,-9900,?,9,19.35,E,8,18.55,E,8,95.0,E,8,1008.6016999999999,E,8,999.0,E,8,1.84,E,8,-9900,?,9,-9900,?,9,0.001,E,8,-9900,?,9,-9900,?,9,0.01,99.0,E,8
06/02/2022,08:00,328.856,1327.072,78.75,1,8,0.0,1,8,78.75,1,8,9450.0,1,8,0.0,1,8,8662.5,1,8,101.599,1,8,-9900,?,9,-9900,?,9,19.22,E,8,18.55,E,8,92.0,E,8,1008.6016999999999,E,8,999.0,E,8,1.84,E,8,-9900,?,9,-9900,?,9,0.0,E,8,-9900,?,9,-9900,?,9,0.0,0.0,E,8
06/02/2022,09:00,576.648,1327.072,75.99,1,8,0.0,1,8,75.99,1,8,9118.8,1,8,0.0,1,8,8358.9,1,8,55.736,1,8,-9900,?,9,-9900,?,9,21.06,E,8,18.58,E,8,83.0,E,8,1008.6016999999999,E,8,999.0,E,8,1.84,E,8,-9900,?,9,-9900,?,9,0.0,E,8,-9900,?,9,-9900,?,9,0.0,0.0,E,8
06/02/2022,10:00,773.301,1327.072,223.0,1,8,16.729,1,8,213.257,1,8,26760.0,1,8,1589.257,1,8,23458.308,1,8,116.559,1,8,-9900,?,9,-9900,?,9,22.22,E,8,18.59,E,8,78.0,E,8,1008.6016999999999,E,8,999.0,E,8,1.84,E,8,-9900,?,9,-9900,?,9,0.0,E,8,-9900,?,9,-9900,?,9,0.0,0.0,E,8
06/02/2022,11:00,905.112,1327.072,291.13,1,8,18.682,1,8,278.393,1,8,34935.6,1,8,1774.758,1,8,30623.198,1,8,129.971,1,8,-9900,?,9,-9900,?,9,23.21,E,8,18.61,E,8,74.0,E,8,1008.6016999999999,E,8,999.0,E,8,1.84,E,8,-9900,?,9,-9900,?,9,0.0,E,8,-9900,?,9,-9900,?,9,0.0,0.0,E,8
06/02/2022,12:00,963.029,1327.072,330.72,1,8,23.773,1,8,313.473,1,8,39686.4,1,8,2258.454,1,8,34482.011,1,8,137.537,1,8,-9900,?,9,-9900,?,9,23.99,E,8,18.62,E,8,75.0,E,8,1008.6016999999999,E,8,999.0,E,8,2.01,E,8,-9900,?,9,-9900,?,9,0.008,E,8,-9900,?,9,-9900,?,9,0.08,99.0,E,8
06/02/2022,13:00,943.089,1327.072,338.66,1,8,29.011,1,8,318.049,1,8,40639.2,1,8,2756.0,1,8,34985.444,1,8,142.499,1,8,-9900,?,9,-9900,?,9,24.54,E,8,18.63,E,8,69.0,E,8,1008.6016999999999,E,8,999.0,E,8,2.83,E,8,-9900,?,9,-9900,?,9,0.0,E,8,-9900,?,9,-9900,?,9,0.0,0.0,E,8
06/02/2022,14:00,846.659,1327.072,314.34,1,8,36.114,1,8,291.309,1,8,37720.8,1,8,3430.858,1,8,32044.019,1,8,145.404,1,8,-9900,?,9,-9900,?,9,24.85,E,8,18.63,E,8,68.0,E,8,1008.6016999999999,E,8,999.0,E,8,2.69,E,8,-9900,?,9,-9900,?,9,0.0,E,8,-9900,?,9,-9900,?,9,0.0,0.0,E,8
06/02/2022,15:00,680.354,1327.072,259.65,1,8,75.38,1,8,221.037,1,8,31158.0,1,8,7161.08,1,8,24314.016,1,8,137.35,1,8,-9900,?,9,-9900,?,9,24.92,E,8,18.63,E,8,72.0,E,8,1008.6016999999999,E,8,999.0,E,8,3.6,E,8,-9900,?,9,-9900,?,9,0.002,E,8,-9900,?,9,-9900,?,9,0.02,99.0,E,8
06/02/2022,16:00,455.649,1327.072,179.09,1,8,123.546,1,8,136.763,1,8,21490.8,1,8,11736.871,1,8,15043.886,1,8,127.065,1,8,-9900,?,9,-9900,?,9,24.65,E,8,18.63,E,8,73.0,E,8,1008.6016999999999,E,8,999.0,E,8,2.81,E,8,-9900,?,9,-9900,?,9,0.041999999999999996,E,8,-9900,?,9,-9900,?,9,0.42,99.0,E,8
06/02/2022,17:00,188.728,1327.072,81.4,1,8,259.217,1,8,45.023,1,8,9768.0,1,8,24625.592,1,8,4952.524,1,8,102.122,1,8,-9900,?,9,-9900,?,9,24.04,E,8,18.62,E,8,79.0,E,8,1008.6016999999999,E,8,999.0,E,8,2.38,E,8,-9900,?,9,-9900,?,9,0.11000000000000001,E,8,-9900,?,9,-9900,?,9,1.1,99.0,E,8
06/02/2022,18:00,0.0,1327.072,1.7,1,8,0.0,1,8,0.0,1,8,204.0,1,8,0.0,1,8,0.0,1,8,-0.0,1,8,-9900,?,9,-9900,?,9,23.67,E,8,18.61,E,8,81.0,E,8,1008.6016999999999,E,8,999.0,E,8,1.84,E,8,-9900,?,9,-9900,?,9,0.187,E,8,-9900,?,9,-9900,?,9,1.87,99.0,E,8
06/02/2022,19:00,0.0,1327.072,0.0,1,8,0.0,1,8,0.0,1,8,0.0,1,8,0.0,1,8,0.0,1,8,-0.0,1,8,-9900,?,9,-9900,?,9,23.29,E,8,18.61,E,8,87.0,E,8,1008.6016999999999,E,8,999.0,E,8,1.84,E,8,-9900,?,9,-9900,?,9,2.309,E,8,-9900,?,9,-9900,?,9,23.09,99.0,E,8
06/02/2022,20:00,0.0,1327.072,0.0,1,8,0.0,1,8,0.0,1,8,0.0,1,8,0.0,1,8,0.0,1,8,-0.0,1,8,-9900,?,9,-9900,?,9,22.92,E,8,18.6,E,8,79.0,E,8,1008.6016999999999,E,8,999.0,E,8,1.84,E,8,-9900,?,9,-9900,?,9,0.032,E,8,-9900,?,9,-9900,?,9,0.32,99.0,E,8
06/02/2022,21:00,0.0,1327.072,0.0,1,8,0.0,1,8,0.0,1,8,0.0,1,8,0.0,1,8,0.0,1,8,-0.0,1,8,-9900,?,9,-9900,?,9,22.54,E,8,18.6,E,8,81.0,E,8,1008.6016999999999,E,8,999.0,E,8,1.84,E,8,-9900,?,9,-9900,?,9,0.076,E,8,-9900,?,9,-9900,?,9,0.76,99.0,E,8
06/02/2022,22:00,0.0,1327.072,0.0,1,8,0.0,1,8,0.0,1,8,0.0,1,8,0.0,1,8,0.0,1,8,-0.0,1,8,-9900,?,9,-9900,?,9,22.17,E,8,18.59,E,8,82.0,E,8,1008.6016999999999,E,8,999.0,E,8,1.84,E,8,-9900,?,9,-9900,?,9,0.05500000000000001,E,8,-9900,?,9,-9900,?,9,0.55,99.0,E,8
06/02/2022,23:00,0.0,1327.072,0.0,1,8,0.0,1,8,0.0,1,8,0.0,1,8,0.0,1,8,0.0,1,8,-0.0,1,8,-9900,?,9,-9900,?,9,21.79,E,8,18.59,E,8,84.0,E,8,1008.6016999999999,E,8,999.0,E,8,1.84,E,8,-9900,?,9,-9900,?,9,0.019,E,8,-9900,?,9,-9900,?,9,0.19,99.0,E,8
06/02/2022,24:00,0.0,1327.072,0.0,1,8,0.0,1,8,0.0,1,8,0.0,1,8,0.0,1,8,0.0,1,8,-0.0,1,8,-9900,?,9,-9900,?,9,21.42,E,8,18.89,E,8,83.0,E,8,1008.6016999999999,E,8,999.0,E,8,1.6,E,8,-9900,?,9,-9900,?,9,0.073,E,8,-9900,?,9,-9900,?,9,0.73,99.0,E,8
06/03/2022,01:00,0.0,1327.072,0.0,1,8,0.0,1,8,0.0,1,8,0.0,1,8,0.0,1,8,0.0,1,8,-0.0,1,8,-9900,?,9,-9900,?,9,21.23,E,8,18.89,E,8,92.0,E,8,1008.6016999999999,E,8,999.0,E,8,1.6,E,8,-9900,?,9,-9900,?,9,2.229,E,8,-9900,?,9,-9900,?,9,22.29,99.0,E,8
06/03/2022,02:00,0.0,1327.072,0.0,1,8,0.0,1,8,0.0,1,8,0.0,1,8,0.0,1,8,0.0,1,8,-0.0,1,8,-9900,?,9,-9900,?,9,21.04,E,8,18.9,E,8,85.0,E,8,1008.6016999999999,E,8,999.0,E,8,1.6,E,8,-9900,?,9,-9900,?,9,0.031,E,8,-9900,?,9,-9900,?,9,0.31,99.0,E,8
06/03/2022,03:00,0.0,1327.072,0.0,1,8,0.0,1,8,0.0,1,8,0.0,1,8,0.0,1,8,0.0,1,8,-0.0,1,8,-9900,?,9,-9900,?,9,20.85,E,8,18.9,E,8,86.0,E,8,1008.6016999999999,E,8,999.0,E,8,1.6,E,8,-9900,?,9,-9900,?,9,0.018,E,8,-9900,?,9,-9900,?,9,0.18,99.0,E,8
06/03/2022,04:00,0.0,1326.679,0.0,1,8,0.0,1,8,0.0,1,8,0.0,1,8,0.0,1,8,0.0,1,8,-0.0,1,8,-9900,?,9,-9900,?,9,20.67,E,8,18.9,E,8,82.0,E,8,1008.6016999999999,E,8,999.0,E,8,1.6,E,8,-9900,?,9,-9900,?,9,0.0,E,8,-9900,?,9,-9900,?,9,0.0,0.0,E,8
06/03/2022,05:00,0.0,1326.679,0.0,1,8,0.0,1,8,0.0,1,8,0.0,1,8,0.0,1,8,0.0,1,8,-0.0,1,8,-9900,?,9,-9900,?,9,20.48,E,8,18.91,E,8,83.0,E,8,1008.6016999999999,E,8,999.0,E,8,1.6,E,8,-9900,?,9,-9900,?,9,0.0,E,8,-9900,?,9,-9900,?,9,0.0,0.0,E,8
06/03/2022,06:00,0.0,1326.679,0.0,1,8,0.0,1,8,0.0,1,8,0.0,1,8,0.0,1,8,0.0,1,8,-0.0,1,8,-9900,?,9,-9900,?,9,20.34,E,8,18.91,E,8,84.0,E,8,1008.6016999999999,E,8,999.0,E,8,1.6,E,8,-9900,?,9,-9900,?,9,0.0,E,8,-9900,?,9,-9900,?,9,0.0,0.0,E,8
06/03/2022,07:00,49.055,1326.679,0.0,1,8,0.0,1,8,0.0,1,8,0.0,1,8,0.0,1,8,0.0,1,8,0.0,1,8,-9900,?,9,-9900,?,9,20.21,E,8,18.92,E,8,84.0,E,8,1008.6016999999999,E,8,999.0,E,8,1.6,E,8,-9900,?,9,-9900,?,9,0.0,E,8,-9900,?,9,-9900,?,9,0.0,0.0,E,8
06/03/2022,08:00,326.603,1326.679,34.45,1,8,0.0,1,8,34.45,1,8,4134.0,1,8,0.0,1,8,3789.5,1,8,44.742,1,8,-9900,?,9,-9900,?,9,20.09,E,8,18.92,E,8,85.0,E,8,1008.6016999999999,E,8,999.0,E,8,1.6,E,8,-9900,?,9,-9900,?,9,0.0,E,8,-9900,?,9,-9900,?,9,0.0,0.0,E,8
06/03/2022,09:00,574.211,1326.679,136.51,1,8,0.42,1,8,136.329,1,8,16381.2,1,8,39.884,1,8,14996.137,1,8,100.388,1,8,-9900,?,9,-9900,?,9,21.9,E,8,18.87,E,8,76.0,E,8,1008.6016999999999,E,8,999.0,E,8,1.6,E,8,-9900,?,9,-9900,?,9,0.0,E,8,-9900,?,9,-9900,?,9,0.0,0.0,E,8
06/03/2022,10:00,770.791,1326.679,230.42,1,8,21.698,1,8,217.821,1,8,27650.4,1,8,2061.349,1,8,23960.27,1,8,119.407,1,8,-9900,?,9,-9900,?,9,22.92,E,8,18.85,E,8,72.0,E,8,1008.6016999999999,E,8,999.0,E,8,1.6,E,8,-9900,?,9,-9900,?,9,0.0,E,8,-9900,?,9,-9900,?,9,0.0,0.0,E,8
06/03/2022,11:00,902.638,1326.679,301.15,1,8,21.862,1,8,286.281,1,8,36138.0,1,8,2076.898,1,8,31490.874,1,8,133.981,1,8,-9900,?,9,-9900,?,9,23.81,E,8,18.83,E,8,72.0,E,8,1008.6016999999999,E,8,999.0,E,8,1.6,E,8,-9900,?,9,-9900,?,9,0.001,E,8,-9900,?,9,-9900,?,9,0.01,99.0,E,8
06/03/2022,12:00,960.699,1326.679,342.31,1,8,27.715,1,8,322.246,1,8,41077.2,1,8,2632.966,1,8,35447.011,1,8,141.687,1,8,-9900,?,9,-9900,?,9,24.51,E,8,18.81,E,8,70.0,E,8,1008.6016999999999,E,8,999.0,E,8,1.86,E,8,-9900,?,9,-9900,?,9,0.014000000000000002,E,8,-9900,?,9,-9900,?,9,0.14,99.0,E,8
06/03/2022,13:00,940.999,1326.679,350.64,1,8,33.885,1,8,326.613,1,8,42076.8,1,8,3219.028,1,8,35927.435,1,8,146.618,1,8,-9900,?,9,-9900,?,9,25.01,E,8,18.8,E,8,68.0,E,8,1008.6016999999999,E,8,999.0,E,8,2.06,E,8,-9900,?,9,-9900,?,9,0.005,E,8,-9900,?,9,-9900,?,9,0.05,99.0,E,8
06/03/2022,14:00,844.892,1326.679,325.51,1,8,50.209,1,8,293.548,1,8,39061.2,1,8,4769.893,1,8,32290.283,1,8,146.785,1,8,-9900,?,9,-9900,?,9,25.29,E,8,18.79,E,8,67.0,E,8,1008.6016999999999,E,8,999.0,E,8,2.99,E,8,-9900,?,9,-9900,?,9,0.01,E,8,-9900,?,9,-9900,?,9,0.1,99.0,E,8
06/03/2022,15:00,678.967,1326.679,268.85,1,8,88.412,1,8,223.64,1,8,32262.0,1,8,8399.094,1,8,24600.41,1,8,139.211,1,8,-9900,?,9,-9900,?,9,25.35,E,8,18.79,E,8,67.0,E,8,1008.6016999999999,E,8,999.0,E,8,3.53,E,8,-9900,?,9,-9900,?,9,0.024,E,8,-9900,?,9,-9900,?,9,0.24,99.0,E,8
06/03/2022,16:00,454.675,1326.679,185.38,1,8,149.55,1,8,134.238,1,8,22245.6,1,8,14207.204,1,8,14766.234,1,8,124.951,1,8,-9900,?,9,-9900,?,9,25.1,E,8,18.8,E,8,67.0,E,8,1008.6016999999999,E,8,999.0,E,8,4.33,E,8,-9900,?,9,-9900,?,9,0.008,E,8,-9900,?,9,-9900,?,9,0.08,99.0,E,8
06/03/2022,17:00,188.175,1326.679,84.13,1,8,288.535,1,8,43.748,1,8,10095.6,1,8,27410.853,1,8,4812.287,1,8,99.499,1,8,-9900,?,9,-9900,?,9,24.53,E,8,18.81,E,8,70.0,E,8,1008.6016999999999,E,8,999.0,E,8,4.01,E,8,-9900,?,9,-9900,?,9,0.001,E,8,-9900,?,9,-9900,?,9,0.01,99.0,E,8
06/03/2022,18:00,0.0,1326.679,1.73,1,8,0.0,1,8,0.0,1,8,207.6,1,8,0.0,1,8,0.0,1,8,-0.0,1,8,-9900,?,9,-9900,?,9,24.09,E,8,18.82,E,8,71.0,E,8,1008.6016999999999,E,8,999.0,E,8,3.16,E,8,-9900,?,9,-9900,?,9,0.002,E,8,-9900,?,9,-9900,?,9,0.02,99.0,E,8
06/03/2022,19:00,0.0,1326.679,0.0,1,8,0.0,1,8,0.0,1,8,0.0,1,8,0.0,1,8,0.0,1,8,-0.0,1,8,-9900,?,9,-9900,?,9,23.64,E,8,18.83,E,8,73.0,E,8,1008.6016999999999,E,8,999.0,E,8,1.96,E,8,-9900,?,9,-9900,?,9,0.004,E,8,-9900,?,9,-9900,?,9,0.04,99.0,E,8
06/03/2022,20:00,0.0,1326.679,0.0,1,8,0.0,1,8,0.0,1,8,0.0,1,8,0.0,1,8,0.0,1,8,-0.0,1,8,-9900,?,9,-9900,?,9,23.2,E,8,18.84,E,8,79.0,E,8,1008.6016999999999,E,8,999.0,E,8,1.6,E,8,-9900,?,9,-9900,?,9,0.181,E,8,-9900,?,9,-9900,?,9,1.81,99.0,E,8
06/03/2022,21:00,0.0,1326.679,0.0,1,8,0.0,1,8,0.0,1,8,0.0,1,8,0.0,1,8,0.0,1,8,-0.0,1,8,-9900,?,9,-9900,?,9,22.76,E,8,18.85,E,8,77.0,E,8,1008.6016999999999,E,8,999.0,E,8,1.6,E,8,-9900,?,9,-9900,?,9,0.054000000000000006,E,8,-9900,?,9,-9900,?,9,0.54,99.0,E,8
06/03/2022,22:00,0.0,1326.679,0.0,1,8,0.0,1,8,0.0,1,8,0.0,1,8,0.0,1,8,0.0,1,8,-0.0,1,8,-9900,?,9,-9900,?,9,22.31,E,8,18.86,E,8,79.0,E,8,1008.6016999999999,E,8,999.0,E,8,1.6,E,8,-9900,?,9,-9900,?,9,0.04,E,8,-9900,?,9,-9900,?,9,0.4,99.0,E,8
06/03/2022,23:00,0.0,1326.679,0.0,1,8,0.0,1,8,0.0,1,8,0.0,1,8,0.0,1,8,0.0,1,8,-0.0,1,8,-9900,?,9,-9900,?,9,21.87,E,8,18.88,E,8,85.0,E,8,1008.6016999999999,E,8,999.0,E,8,1.6,E,8,-9900,?,9,-9900,?,9,0.10600000000000001,E,8,-9900,?,9,-9900,?,9,1.06,99.0,E,8
06/03/2022,24:00,0.0,1326.679,0.0,1,8,0.0,1,8,0.0,1,8,0.0,1,8,0.0,1,8,0.0,1,8,-0.0,1,8,-9900,?,9,-9900,?,9,21.42,E,8,18.3,E,8,87.0,E,8,1008.6016999999999,E,8,999.0,E,8,1.26,E,8,-9900,?,9,-9900,?,9,0.178,E,8,-9900,?,9,-9900,?,9,1.78,99.0,E,8
06/04/2022,01:00,0.0,1326.679,0.0,1,8,0.0,1,8,0.0,1,8,0.0,1,8,0.0,1,8,0.0,1,8,-0.0,1,8,-9900,?,9,-9900,?,9,21.2,E,8,18.25,E,8,84.0,E,8,1008.6016999999999,E,8,999.0,E,8,1.26,E,8,-9900,?,9,-9900,?,9,0.001,E,8,-9900,?,9,-9900,?,9,0.01,99.0,E,8
06/04/2022,02:00,0.0,1326.679,0.0,1,8,0.0,1,8,0.0,1,8,0.0,1,8,0.0,1,8,0.0,1,8,-0.0,1,8,-9900,?,9,-9900,?,9,20.98,E,8,18.2,E,8,84.0,E,8,1008.6016999999999,E,8,999.0,E,8,1.26,E,8,-9900,?,9,-9900,?,9,0.001,E,8,-9900,?,9,-9900,?,9,0.01,99.0,E,8
06/04/2022,03:00,0.0,1326.679,0.0,1,8,0.0,1,8,0.0,1,8,0.0,1,8,0.0,1,8,0.0,1,8,-0.0,1,8,-9900,?,9,-9900,?,9,20.76,E,8,18.15,E,8,81.0,E,8,1008.6016999999999,E,8,999.0,E,8,1.26,E,8,-9900,?,9,-9900,?,9,0.0,E,8,-9900,?,9,-9900,?,9,0.0,0.0,E,8
06/04/2022,04:00,0.0,1326.298,0.0,1,8,0.0,1,8,0.0,1,8,0.0,1,8,0.0,1,8,0.0,1,8,-0.0,1,8,-9900,?,9,-9900,?,9,20.54,E,8,18.1,E,8,86.0,E,8,1008.6016999999999,E,8,999.0,E,8,1.26,E,8,-9900,?,9,-9900,?,9,0.01,E,8,-9900,?,9,-9900,?,9,0.1,99.0,E,8
06/04/2022,05:00,0.0,1326.298,0.0,1,8,0.0,1,8,0.0,1,8,0.0,1,8,0.0,1,8,0.0,1,8,-0.0,1,8,-9900,?,9,-9900,?,9,20.31,E,8,18.05,E,8,83.0,E,8,1008.6016999999999,E,8,999.0,E,8,1.26,E,8,-9900,?,9,-9900,?,9,0.0,E,8,-9900,?,9,-9900,?,9,0.0,0.0,E,8
06/04/2022,06:00,0.0,1326.298,0.0,1,8,0.0,1,8,0.0,1,8,0.0,1,8,0.0,1,8,0.0,1,8,-0.0,1,8,-9900,?,9,-9900,?,9,20.14,E,8,18.01,E,8,83.0,E,8,1008.6016999999999,E,8,999.0,E,8,1.26,E,8,-9900,?,9,-9900,?,9,0.0,E,8,-9900,?,9,-9900,?,9,0.0,0.0,E,8
06/04/2022,07:00,47.232,1326.298,0.0,1,8,0.0,1,8,0.0,1,8,0.0,1,8,0.0,1,8,0.0,1,8,0.0,1,8,-9900,?,9,-9900,?,9,20.0,E,8,17.98,E,8,88.0,E,8,1008.6016999999999,E,8,999.0,E,8,1.26,E,8,-9900,?,9,-9900,?,9,0.003,E,8,-9900,?,9,-9900,?,9,0.03,99.0,E,8
06/04/2022,08:00,324.4,1326.298,77.87,1,8,0.0,1,8,77.87,1,8,9344.4,1,8,0.0,1,8,8565.7,1,8,101.797,1,8,-9900,?,9,-9900,?,9,19.85,E,8,17.95,E,8,88.0,E,8,1008.6016999999999,E,8,999.0,E,8,1.26,E,8,-9900,?,9,-9900,?,9,0.002,E,8,-9900,?,9,-9900,?,9,0.02,99.0,E,8
06/04/2022,09:00,571.842,1326.298,233.83,1,8,125.023,1,8,179.994,1,8,28059.6,1,8,11877.158,1,8,19799.392,1,8,133.054,1,8,-9900,?,9,-9900,?,9,22.15,E,8,18.47,E,8,77.0,E,8,1008.6016999999999,E,8,999.0,E,8,1.26,E,8,-9900,?,9,-9900,?,9,0.0,E,8,-9900,?,9,-9900,?,9,0.0,0.0,E,8
06/04/2022,10:00,768.363,1326.298,401.14,1,8,287.935,1,8,234.428,1,8,48136.8,1,8,27353.781,1,8,25787.07,1,8,128.88,1,8,-9900,?,9,-9900,?,9,23.36,E,8,18.73,E,8,73.0,E,8,1008.6016999999999,E,8,999.0,E,8,1.37,E,8,-9900,?,9,-9900,?,9,0.0,E,8,-9900,?,9,-9900,?,9,0.0,0.0,E,8
06/04/2022,11:00,900.26,1326.298,514.39,1,8,369.072,1,8,263.959,1,8,61726.8,1,8,35061.839,1,8,29035.451,1,8,123.825,1,8,-9900,?,9,-9900,?,9,24.38,E,8,18.95,E,8,70.0,E,8,1008.6016999999999,E,8,999.0,E,8,2.3,E,8,-9900,?,9,-9900,?,9,0.0,E,8,-9900,?,9,-9900,?,9,0.0,0.0,E,8
06/04/2022,12:00,958.474,1326.298,548.04,1,8,354.602,1,8,291.849,1,8,65764.8,1,8,33687.148,1,8,32103.42,1,8,128.584,1,8,-9900,?,9,-9900,?,9,25.09,E,8,19.11,E,8,68.0,E,8,1008.6016999999999,E,8,999.0,E,8,3.43,E,8,-9900,?,9,-9900,?,9,0.0,E,8,-9900,?,9,-9900,?,9,0.0,0.0,E,8
06/04/2022,13:00,939.023,1326.298,564.81,1,8,419.598,1,8,267.82,1,8,67777.2,1,8,39861.78,1,8,29460.25,1,8,120.444,1,8,-9900,?,9,-9900,?,9,25.61,E,8,19.22,E,8,67.0,E,8,1008.6016999999999,E,8,999.0,E,8,3.87,E,8,-9900,?,9,-9900,?,9,0.0,E,8,-9900,?,9,-9900,?,9,0.0,0.0,E,8
06/04/2022,14:00,843.239,1326.298,538.58,1,8,575.484,1,8,172.855,1,8,64629.6,1,8,54670.961,1,8,19014.033,1,8,86.578,1,8,-9900,?,9,-9900,?,9,25.92,E,8,19.28,E,8,66.0,E,8,1008.6016999999999,E,8,999.0,E,8,4.8,E,8,-9900,?,9,-9900,?,9,0.0,E,8,-9900,?,9,-9900,?,9,0.0,0.0,E,8
06/04/2022,15:00,677.692,1326.298,472.54,1,8,701.156,1,8,114.57,1,8,56704.8,1,8,66609.856,1,8,12602.722,1,8,71.432,1,8,-9900,?,9,-9900,?,9,26.03,E,8,19.31,E,8,66.0,E,8,1008.6016999999999,E,8,999.0,E,8,4.86,E,8,-9900,?,9,-9900,?,9,0.0,E,8,-9900,?,9,-9900,?,9,0.0,0.0,E,8
06/04/2022,16:00,453.806,1326.298,329.76,1,8,476.428,1,8,167.102,1,8,39571.2,1,8,45260.696,1,8,18381.17,1,8,155.794,1,8,-9900,?,9,-9900,?,9,25.79,E,8,19.26,E,8,67.0,E,8,1008.6016999999999,E,8,999.0,E,8,4.38,E,8,-9900,?,9,-9900,?,9,0.0,E,8,-9900,?,9,-9900,?,9,0.0,0.0,E,8
06/04/2022,17:00,187.715,1326.298,182.87,1,8,274.956,1,8,144.474,1,8,21944.4,1,8,26120.834,1,8,15892.113,1,8,329.317,1,8,-9900,?,9,-9900,?,9,25.22,E,8,19.14,E,8,68.0,E,8,1008.6016999999999,E,8,999.0,E,8,3.05,E,8,-9900,?,9,-9900,?,9,0.0,E,8,-9900,?,9,-9900,?,9,0.0,0.0,E,8
06/04/2022,18:00,0.0,1326.298,11.12,1,8,0.0,1,8,0.0,1,8,1334.4,1,8,0.0,1,8,0.0,1,8,-0.0,1,8,-9900,?,9,-9900,?,9,24.77,E,8,19.04,E,8,69.0,E,8,1008.6016999999999,E,8,999.0,E,8,2.41,E,8,-9900,?,9,-9900,?,9,0.0,E,8,-9900,?,9,-9900,?,9,0.0,0.0,E,8
06/04/2022,19:00,0.0,1326.298,0.0,1,8,0.0,1,8,0.0,1,8,0.0,1,8,0.0,1,8,0.0,1,8,-0.0,1,8,-9900,?,9,-9900,?,9,24.32,E,8,18.94,E,8,70.0,E,8,1008.6016999999999,E,8,999.0,E,8,1.35,E,8,-9900,?,9,-9900,?,9,0.0,E,8,-9900,?,9,-9900,?,9,0.0,0.0,E,8
06/04/2022,20:00,0.0,1326.298,0.0,1,8,0.0,1,8,0.0,1,8,0.0,1,8,0.0,1,8,0.0,1,8,-0.0,1,8,-9900,?,9,-9900,?,9,23.87,E,8,18.84,E,8,72.0,E,8,1008.6016999999999,E,8,999.0,E,8,1.26,E,8,-9900,?,9,-9900,?,9,0.0,E,8,-9900,?,9,-9900,?,9,0.0,0.0,E,8
06/04/2022,21:00,0.0,1326.298,0.0,1,8,0.0,1,8,0.0,1,8,0.0,1,8,0.0,1,8,0.0,1,8,-0.0,1,8,-9900,?,9,-9900,?,9,23.42,E,8,18.75,E,8,73.0,E,8,1008.6016999999999,E,8,999.0,E,8,1.26,E,8,-9900,?,9,-9900,?,9,0.0,E,8,-9900,?,9,-9900,?,9,0.0,0.0,E,8
06/04/2022,22:00,0.0,1326.298,0.0,1,8,0.0,1,8,0.0,1,8,0.0,1,8,0.0,1,8,0.0,1,8,-0.0,1,8,-9900,?,9,-9900,?,9,22.97,E,8,18.65,E,8,74.0,E,8,1008.6016999999999,E,8,999.0,E,8,1.26,E,8,-9900,?,9,-9900,?,9,0.0,E,8,-9900,?,9,-9900,?,9,0.0,0.0,E,8
06/04/2022,23:00,0.0,1326.298,0.0,1,8,0.0,1,8,0.0,1,8,0.0,1,8,0.0,1,8,0.0,1,8,-0.0,1,8,-9900,?,9,-9900,?,9,22.52,E,8,18.55,E,8,80.0,E,8,1008.6016999999999,E,8,999.0,E,8,1.26,E,8,-9900,?,9,-9900,?,9,0.005,E,8,-9900,?,9,-9900,?,9,0.05,99.0,E,8
06/04/2022,24:00,0.0,1326.298,0.0,1,8,0.0,1,8,0.0,1,8,0.0,1,8,0.0,1,8,0.0,1,8,-0.0,1,8,-9900,?,9,-9900,?,9,22.07,E,8,18.96,E,8,79.0,E,8,1008.6016999999999,E,8,999.0,E,8,1.69,E,8,-9900,?,9,-9900,?,9,0.0,E,8,-9900,?,9,-9900,?,9,0.0,0.0,E,8
06/05/2022,01:00,0.0,1326.298,0.0,1,8,0.0,1,8,0.0,1,8,0.0,1,8,0.0,1,8,0.0,1,8,-0.0,1,8,-9900,?,9,-9900,?,9,21.85,E,8,18.9,E,8,80.0,E,8,1008.6016999999999,E,8,999.0,E,8,1.69,E,8,-9900,?,9,-9900,?,9,0.0,E,8,-9900,?,9,-9900,?,9,0.0,0.0,E,8
06/05/2022,02:00,0.0,1326.298,0.0,1,8,0.0,1,8,0.0,1,8,0.0,1,8,0.0,1,8,0.0,1,8,-0.0,1,8,-9900,?,9,-9900,?,9,21.62,E,8,18.83,E,8,80.0,E,8,1008.6016999999999,E,8,999.0,E,8,1.69,E,8,-9900,?,9,-9900,?,9,0.0,E,8,-9900,?,9,-9900,?,9,0.0,0.0,E,8
06/05/2022,03:00,0.0,1326.298,0.0,1,8,0.0,1,8,0.0,1,8,0.0,1,8,0.0,1,8,0.0,1,8,-0.0,1,8,-9900,?,9,-9900,?,9,21.4,E,8,18.76,E,8,81.0,E,8,1008.6016999999999,E,8,999.0,E,8,1.69,E,8,-9900,?,9,-9900,?,9,0.0,E,8,-9900,?,9,-9900,?,9,0.0,0.0,E,8
06/05/2022,04:00,0.0,1325.928,0.0,1,8,0.0,1,8,0.0,1,8,0.0,1,8,0.0,1,8,0.0,1,8,-0.0,1,8,-9900,?,9,-9900,?,9,21.17,E,8,18.69,E,8,82.0,E,8,1008.6016999999999,E,8,999.0,E,8,1.69,E,8,-9900,?,9,-9900,?,9,0.0,E,8,-9900,?,9,-9900,?,9,0.0,0.0,E,8
06/05/2022,05:00,0.0,1325.928,0.0,1,8,0.0,1,8,0.0,1,8,0.0,1,8,0.0,1,8,0.0,1,8,-0.0,1,8,-9900,?,9,-9900,?,9,20.95,E,8,18.62,E,8,82.0,E,8,1008.6016999999999,E,8,999.0,E,8,1.69,E,8,-9900,?,9,-9900,?,9,0.0,E,8,-9900,?,9,-9900,?,9,0.0,0.0,E,8
06/05/2022,06:00,0.0,1325.928,0.0,1,8,0.0,1,8,0.0,1,8,0.0,1,8,0.0,1,8,0.0,1,8,-0.0,1,8,-9900,?,9,-9900,?,9,20.77,E,8,18.56,E,8,83.0,E,8,1008.6016999999999,E,8,999.0,E,8,1.69,E,8,-9900,?,9,-9900,?,9,0.0,E,8,-9900,?,9,-9900,?,9,0.0,0.0,E,8
06/05/2022,07:00,45.448,1325.928,0.0,1,8,0.0,1,8,0.0,1,8,0.0,1,8,0.0,1,8,0.0,1,8,0.0,1,8,-9900,?,9,-9900,?,9,20.62,E,8,18.52,E,8,87.0,E,8,1008.6016999999999,E,8,999.0,E,8,1.69,E,8,-9900,?,9,-9900,?,9,0.002,E,8,-9900,?,9,-9900,?,9,0.02,99.0,E,8
06/05/2022,08:00,322.251,1325.928,64.63,1,8,0.0,1,8,64.63,1,8,7755.6,1,8,0.0,1,8,7109.3,1,8,85.034,1,8,-9900,?,9,-9900,?,9,20.48,E,8,18.47,E,8,88.0,E,8,1008.6016999999999,E,8,999.0,E,8,1.69,E,8,-9900,?,9,-9900,?,9,0.004,E,8,-9900,?,9,-9900,?,9,0.04,99.0,E,8
06/05/2022,09:00,569.543,1325.928,254.13,1,8,200.869,1,8,167.959,1,8,30495.6,1,8,19082.566,1,8,18475.523,1,8,124.626,1,8,-9900,?,9,-9900,?,9,22.8,E,8,19.18,E,8,77.0,E,8,1008.6016999999999,E,8,999.0,E,8,1.69,E,8,-9900,?,9,-9900,?,9,0.0,E,8,-9900,?,9,-9900,?,9,0.0,0.0,E,8
06/05/2022,10:00,766.021,1325.928,432.02,1,8,356.934,1,8,225.931,1,8,51842.4,1,8,33908.691,1,8,24852.463,1,8,124.555,1,8,-9900,?,9,-9900,?,9,24.12,E,8,19.57,E,8,74.0,E,8,1008.6016999999999,E,8,999.0,E,8,1.69,E,8,-9900,?,9,-9900,?,9,0.0,E,8,-9900,?,9,-9900,?,9,0.0,0.0,E,8
06/05/2022,11:00,897.98,1325.928,554.79,1,8,488.079,1,8,224.355,1,8,66574.8,1,8,46367.495,1,8,24679.029,1,8,105.485,1,8,-9900,?,9,-9900,?,9,25.23,E,8,19.89,E,8,71.0,E,8,1008.6016999999999,E,8,999.0,E,8,1.69,E,8,-9900,?,9,-9900,?,9,0.0,E,8,-9900,?,9,-9900,?,9,0.0,0.0,E,8
06/05/2022,12:00,956.358,1325.928,636.05,1,8,623.728,1,8,186.293,1,8,76326.0,1,8,59254.151,1,8,20492.214,1,8,82.236,1,8,-9900,?,9,-9900,?,9,26.13,E,8,20.15,E,8,69.0,E,8,1008.6016999999999,E,8,999.0,E,8,1.97,E,8,-9900,?,9,-9900,?,9,0.0,E,8,-9900,?,9,-9900,?,9,0.0,0.0,E,8
06/05/2022,13:00,937.159,1325.928,618.68,1,8,618.018,1,8,181.997,1,8,74241.6,1,8,58711.685,1,8,20019.644,1,8,81.988,1,8,-9900,?,9,-9900,?,9,26.69,E,8,20.31,E,8,67.0,E,8,1008.6016999999999,E,8,999.0,E,8,2.38,E,8,-9900,?,9,-9900,?,9,0.0,E,8,-9900,?,9,-9900,?,9,0.0,0.0,E,8
06/05/2022,14:00,841.7,1325.928,588.52,1,8,793.16,1,8,85.24,1,8,70622.4,1,8,75350.161,1,8,9376.453,1,8,42.761,1,8,-9900,?,9,-9900,?,9,27.03,E,8,20.4,E,8,67.0,E,8,1008.6016999999999,E,8,999.0,E,8,3.32,E,8,-9900,?,9,-9900,?,9,0.0,E,8,-9900,?,9,-9900,?,9,0.0,0.0,E,8
06/05/2022,15:00,676.528,1325.928,450.92,1,8,741.657,1,8,72.819,1,8,54110.4,1,8,70457.416,1,8,8010.099,1,8,45.466,1,8,-9900,?,9,-9900,?,9,27.03,E,8,20.4,E,8,67.0,E,8,1008.6016999999999,E,8,999.0,E,8,4.0,E,8,-9900,?,9,-9900,?,9,0.0,E,8,-9900,?,9,-9900,?,9,0.0,0.0,E,8
06/05/2022,16:00,453.041,1325.928,291.97,1,8,587.386,1,8,91.713,1,8,35036.4,1,8,55801.642,1,8,10088.434,1,8,85.628,1,8,-9900,?,9,-9900,?,9,26.6,E,8,20.28,E,8,68.0,E,8,1008.6016999999999,E,8,999.0,E,8,3.53,E,8,-9900,?,9,-9900,?,9,0.0,E,8,-9900,?,9,-9900,?,9,0.0,0.0,E,8
06/05/2022,17:00,187.346,1325.928,129.62,1,8,285.451,1,8,89.827,1,8,15554.4,1,8,27117.815,1,8,9880.978,1,8,205.108,1,8,-9900,?,9,-9900,?,9,25.85,E,8,20.07,E,8,73.0,E,8,1008.6016999999999,E,8,999.0,E,8,3.27,E,8,-9900,?,9,-9900,?,9,0.001,E,8,-9900,?,9,-9900,?,9,0.01,99.0,E,8
06/05/2022,18:00,0.0,1325.928,3.01,1,8,0.0,1,8,0.0,1,8,361.2,1,8,0.0,1,8,0.0,1,8,-0.0,1,8,-9900,?,9,-9900,?,9,25.34,E,8,19.92,E,8,71.0,E,8,1008.6016999999999,E,8,999.0,E,8,2.27,E,8,-9900,?,9,-9900,?,9,0.0,E,8,-9900,?,9,-9900,?,9,0.0,0.0,E,8
06/05/2022,19:00,0.0,1325.928,0.0,1,8,0.0,1,8,0.0,1,8,0.0,1,8,0.0,1,8,0.0,1,8,-0.0,1,8,-9900,?,9,-9900,?,9,24.83,E,8,19.78,E,8,76.0,E,8,1008.6016999999999,E,8,999.0,E,8,1.69,E,8,-9900,?,9,-9900,?,9,0.001,E,8,-9900,?,9,-9900,?,9,0.01,99.0,E,8
06/05/2022,20:00,0.0,1325.928,0.0,1,8,0.0,1,8,0.0,1,8,0.0,1,8,0.0,1,8,0.0,1,8,-0.0,1,8,-9900,?,9,-9900,?,9,24.32,E,8,19.63,E,8,77.0,E,8,1008.6016999999999,E,8,999.0,E,8,1.69,E,8,-9900,?,9,-9900,?,9,0.01,E,8,-9900,?,9,-9900,?,9,0.1,99.0,E,8
06/05/2022,21:00,0.0,1325.928,0.0,1,8,0.0,1,8,0.0,1,8,0.0,1,8,0.0,1,8,0.0,1,8,-0.0,1,8,-9900,?,9,-9900,?,9,23.81,E,8,19.48,E,8,82.0,E,8,1008.6016999999999,E,8,999.0,E,8,1.69,E,8,-9900,?,9,-9900,?,9,0.356,E,8,-9900,?,9,-9900,?,9,3.56,99.0,E,8
06/05/2022,22:00,0.0,1325.928,0.0,1,8,0.0,1,8,0.0,1,8,0.0,1,8,0.0,1,8,0.0,1,8,-0.0,1,8,-9900,?,9,-9900,?,9,23.3,E,8,19.33,E,8,80.0,E,8,1008.6016999999999,E,8,999.0,E,8,1.69,E,8,-9900,?,9,-9900,?,9,0.02,E,8,-9900,?,9,-9900,?,9,0.2,99.0,E,8
06/05/2022,23:00,0.0,1325.928,0.0,1,8,0.0,1,8,0.0,1,8,0.0,1,8,0.0,1,8,0.0,1,8,-0.0,1,8,-9900,?,9,-9900,?,9,22.8,E,8,19.18,E,8,81.0,E,8,1008.6016999999999,E,8,999.0,E,8,1.69,E,8,-9900,?,9,-9900,?,9,0.006,E,8,-9900,?,9,-9900,?,9,0.06,99.0,E,8
06/05/2022,24:00,0.0,1325.928,0.0,1,8,0.0,1,8,0.0,1,8,0.0,1,8,0.0,1,8,0.0,1,8,-0.0,1,8,-9900,?,9,-9900,?,9,22.29,E,8,19.45,E,8,85.0,E,8,1008.6016999999999,E,8,999.0,E,8,1.38,E,8,-9900,?,9,-9900,?,9,0.002,E,8,-9900,?,9,-9900,?,9,0.02,99.0,E,8
06/06/2022,01:00,0.0,1325.928,0.0,1,8,0.0,1,8,0.0,1,8,0.0,1,8,0.0,1,8,0.0,1,8,-0.0,1,8,-9900,?,9,-9900,?,9,22.03,E,8,19.4,E,8,86.0,E,8,1008.6016999999999,E,8,999.0,E,8,1.38,E,8,-9900,?,9,-9900,?,9,0.006,E,8,-9900,?,9,-9900,?,9,0.06,99.0,E,8
06/06/2022,02:00,0.0,1325.928,0.0,1,8,0.0,1,8,0.0,1,8,0.0,1,8,0.0,1,8,0.0,1,8,-0.0,1,8,-9900,?,9,-9900,?,9,21.78,E,8,19.34,E,8,87.0,E,8,1008.6016999999999,E,8,999.0,E,8,1.38,E,8,-9900,?,9,-9900,?,9,0.013000000000000001,E,8,-9900,?,9,-9900,?,9,0.13,99.0,E,8
06/06/2022,03:00,0.0,1325.928,0.0,1,8,0.0,1,8,0.0,1,8,0.0,1,8,0.0,1,8,0.0,1,8,-0.0,1,8,-9900,?,9,-9900,?,9,21.52,E,8,19.28,E,8,87.0,E,8,1008.6016999999999,E,8,999.0,E,8,1.38,E,8,-9900,?,9,-9900,?,9,0.032,E,8,-9900,?,9,-9900,?,9,0.32,99.0,E,8
06/06/2022,04:00,0.0,1325.569,0.0,1,8,0.0,1,8,0.0,1,8,0.0,1,8,0.0,1,8,0.0,1,8,-0.0,1,8,-9900,?,9,-9900,?,9,21.27,E,8,19.23,E,8,88.0,E,8,1008.6016999999999,E,8,999.0,E,8,1.38,E,8,-9900,?,9,-9900,?,9,0.009,E,8,-9900,?,9,-9900,?,9,0.09,99.0,E,8
06/06/2022,05:00,0.0,1325.569,0.0,1,8,0.0,1,8,0.0,1,8,0.0,1,8,0.0,1,8,0.0,1,8,-0.0,1,8,-9900,?,9,-9900,?,9,21.01,E,8,19.17,E,8,85.0,E,8,1008.6016999999999,E,8,999.0,E,8,1.38,E,8,-9900,?,9,-9900,?,9,0.0,E,8,-9900,?,9,-9900,?,9,0.0,0.0,E,8
06/06/2022,06:00,0.0,1325.569,0.0,1,8,0.0,1,8,0.0,1,8,0.0,1,8,0.0,1,8,0.0,1,8,-0.0,1,8,-9900,?,9,-9900,?,9,20.82,E,8,19.13,E,8,86.0,E,8,1008.6016999999999,E,8,999.0,E,8,1.38,E,8,-9900,?,9,-9900,?,9,0.0,E,8,-9900,?,9,-9900,?,9,0.0,0.0,E,8
06/06/2022,07:00,43.704,1325.569,0.0,1,8,0.0,1,8,0.0,1,8,0.0,1,8,0.0,1,8,0.0,1,8,0.0,1,8,-9900,?,9,-9900,?,9,20.65,E,8,19.09,E,8,86.0,E,8,1008.6016999999999,E,8,999.0,E,8,1.38,E,8,-9900,?,9,-9900,?,9,0.0,E,8,-9900,?,9,-9900,?,9,0.0,0.0,E,8
06/06/2022,08:00,320.157,1325.569,48.01,1,8,0.0,1,8,48.01,1,8,5761.2,1,8,0.0,1,8,5281.1,1,8,63.566,1,8,-9900,?,9,-9900,?,9,20.48,E,8,19.05,E,8,91.0,E,8,1008.6016999999999,E,8,999.0,E,8,1.38,E,8,-9900,?,9,-9900,?,9,0.001,E,8,-9900,?,9,-9900,?,9,0.01,99.0,E,8
06/06/2022,09:00,567.316,1325.569,198.61,1,8,78.626,1,8,165.004,1,8,23833.2,1,8,7469.464,1,8,18150.386,1,8,122.881,1,8,-9900,?,9,-9900,?,9,22.47,E,8,19.49,E,8,80.0,E,8,1008.6016999999999,E,8,999.0,E,8,1.38,E,8,-9900,?,9,-9900,?,9,0.0,E,8,-9900,?,9,-9900,?,9,0.0,0.0,E,8
06/06/2022,10:00,763.765,1325.569,338.06,1,8,120.337,1,8,268.765,1,8,40567.2,1,8,11432.017,1,8,29564.174,1,8,148.567,1,8,-9900,?,9,-9900,?,9,23.62,E,8,19.74,E,8,77.0,E,8,1008.6016999999999,E,8,999.0,E,8,1.9,E,8,-9900,?,9,-9900,?,9,0.0,E,8,-9900,?,9,-9900,?,9,0.0,0.0,E,8
06/06/2022,11:00,895.8,1325.569,443.34,1,8,164.745,1,8,332.047,1,8,53200.8,1,8,15650.744,1,8,36525.161,1,8,156.456,1,8,-9900,?,9,-9900,?,9,24.62,E,8,19.96,E,8,74.0,E,8,1008.6016999999999,E,8,999.0,E,8,2.39,E,8,-9900,?,9,-9900,?,9,0.0,E,8,-9900,?,9,-9900,?,9,0.0,0.0,E,8
06/06/2022,12:00,954.35,1325.569,504.83,1,8,161.501,1,8,388.588,1,8,60579.6,1,8,15342.577,1,8,42744.727,1,8,171.851,1,8,-9900,?,9,-9900,?,9,25.42,E,8,20.13,E,8,71.0,E,8,1008.6016999999999,E,8,999.0,E,8,2.74,E,8,-9900,?,9,-9900,?,9,0.0,E,8,-9900,?,9,-9900,?,9,0.0,0.0,E,8
06/06/2022,13:00,935.409,1325.569,517.64,1,8,319.541,1,8,292.217,1,8,62116.8,1,8,30356.402,1,8,32143.92,1,8,131.852,1,8,-9900,?,9,-9900,?,9,25.98,E,8,20.25,E,8,70.0,E,8,1008.6016999999999,E,8,999.0,E,8,3.55,E,8,-9900,?,9,-9900,?,9,0.0,E,8,-9900,?,9,-9900,?,9,0.0,0.0,E,8
06/06/2022,14:00,840.276,1325.569,480.78,1,8,387.741,1,8,235.099,1,8,57693.6,1,8,36835.388,1,8,25860.892,1,8,118.106,1,8,-9900,?,9,-9900,?,9,26.3,E,8,20.31,E,8,69.0,E,8,1008.6016999999999,E,8,999.0,E,8,4.07,E,8,-9900,?,9,-9900,?,9,0.0,E,8,-9900,?,9,-9900,?,9,0.0,0.0,E,8
06/06/2022,15:00,675.475,1325.569,397.12,1,8,488.657,1,8,148.321,1,8,47654.4,1,8,46422.405,1,8,16315.325,1,8,92.728,1,8,-9900,?,9,-9900,?,9,26.37,E,8,20.33,E,8,69.0,E,8,1008.6016999999999,E,8,999.0,E,8,4.24,E,8,-9900,?,9,-9900,?,9,0.0,E,8,-9900,?,9,-9900,?,9,0.0,0.0,E,8
06/06/2022,16:00,452.379,1325.569,273.63,1,8,434.54,1,8,125.66,1,8,32835.6,1,8,41281.33,1,8,13822.583,1,8,117.463,1,8,-9900,?,9,-9900,?,9,26.09,E,8,20.27,E,8,70.0,E,8,1008.6016999999999,E,8,999.0,E,8,3.26,E,8,-9900,?,9,-9900,?,9,0.0,E,8,-9900,?,9,-9900,?,9,0.0,0.0,E,8
06/06/2022,17:00,187.069,1325.569,123.8,1,8,292.456,1,8,83.081,1,8,14856.0,1,8,27783.312,1,8,9138.925,1,8,189.94,1,8,-9900,?,9,-9900,?,9,25.46,E,8,20.14,E,8,71.0,E,8,1008.6016999999999,E,8,999.0,E,8,3.67,E,8,-9900,?,9,-9900,?,9,0.0,E,8,-9900,?,9,-9900,?,9,0.0,0.0,E,8
06/06/2022,18:00,0.0,1325.569,2.45,1,8,0.0,1,8,0.0,1,8,294.0,1,8,0.0,1,8,0.0,1,8,-0.0,1,8,-9900,?,9,-9900,?,9,24.94,E,8,20.03,E,8,73.0,E,8,1008.6016999999999,E,8,999.0,E,8,2.6,E,8,-9900,?,9,-9900,?,9,0.0,E,8,-9900,?,9,-9900,?,9,0.0,0.0,E,8
06/06/2022,19:00,0.0,1325.569,0.0,1,8,0.0,1,8,0.0,1,8,0.0,1,8,0.0,1,8,0.0,1,8,-0.0,1,8,-9900,?,9,-9900,?,9,24.42,E,8,19.92,E,8,78.0,E,8,1008.6016999999999,E,8,999.0,E,8,1.74,E,8,-9900,?,9,-9900,?,9,0.004,E,8,-9900,?,9,-9900,?,9,0.04,99.0,E,8
06/06/2022,20:00,0.0,1325.569,0.0,1,8,0.0,1,8,0.0,1,8,0.0,1,8,0.0,1,8,0.0,1,8,-0.0,1,8,-9900,?,9,-9900,?,9,23.9,E,8,19.8,E,8,80.0,E,8,1008.6016999999999,E,8,999.0,E,8,1.42,E,8,-9900,?,9,-9900,?,9,0.001,E,8,-9900,?,9,-9900,?,9,0.01,99.0,E,8
06/06/2022,21:00,0.0,1325.569,0.0,1,8,0.0,1,8,0.0,1,8,0.0,1,8,0.0,1,8,0.0,1,8,-0.0,1,8,-9900,?,9,-9900,?,9,23.38,E,8,19.69,E,8,90.0,E,8,1008.6016999999999,E,8,999.0,E,8,1.38,E,8,-9900,?,9,-9900,?,9,0.951,E,8,-9900,?,9,-9900,?,9,9.51,99.0,E,8
06/06/2022,22:00,0.0,1325.569,0.0,1,8,0.0,1,8,0.0,1,8,0.0,1,8,0.0,1,8,0.0,1,8,-0.0,1,8,-9900,?,9,-9900,?,9,22.86,E,8,19.58,E,8,83.0,E,8,1008.6016999999999,E,8,999.0,E,8,1.38,E,8,-9900,?,9,-9900,?,9,0.02,E,8,-9900,?,9,-9900,?,9,0.2,99.0,E,8
06/06/2022,23:00,0.0,1325.569,0.0,1,8,0.0,1,8,0.0,1,8,0.0,1,8,0.0,1,8,0.0,1,8,-0.0,1,8,-9900,?,9,-9900,?,9,22.34,E,8,19.47,E,8,85.0,E,8,1008.6016999999999,E,8,999.0,E,8,1.38,E,8,-9900,?,9,-9900,?,9,0.06,E,8,-9900,?,9,-9900,?,9,0.6,99.0,E,8
06/06/2022,24:00,0.0,1325.569,0.0,1,8,0.0,1,8,0.0,1,8,0.0,1,8,0.0,1,8,0.0,1,8,-0.0,1,8,-9900,?,9,-9900,?,9,21.82,E,8,19.33,E,8,83.0,E,8,1008.6016999999999,E,8,999.0,E,8,1.04,E,8,-9900,?,9,-9900,?,9,0.033,E,8,-9900,?,9,-9900,?,9,0.33,99.0,E,8
06/07/2022,01:00,0.0,1325.569,0.0,1,8,0.0,1,8,0.0,1,8,0.0,1,8,0.0,1,8,0.0,1,8,-0.0,1,8,-9900,?,9,-9900,?,9,21.56,E,8,19.31,E,8,88.0,E,8,1008.6016999999999,E,8,999.0,E,8,1.04,E,8,-9900,?,9,-9900,?,9,0.11699999999999999,E,8,-9900,?,9,-9900,?,9,1.17,99.0,E,8
06/07/2022,02:00,0.0,1325.569,0.0,1,8,0.0,1,8,0.0,1,8,0.0,1,8,0.0,1,8,0.0,1,8,-0.0,1,8,-9900,?,9,-9900,?,9,21.3,E,8,19.28,E,8,89.0,E,8,1008.6016999999999,E,8,999.0,E,8,1.04,E,8,-9900,?,9,-9900,?,9,0.33999999999999997,E,8,-9900,?,9,-9900,?,9,3.4,99.0,E,8
06/07/2022,03:00,0.0,1325.569,0.0,1,8,0.0,1,8,0.0,1,8,0.0,1,8,0.0,1,8,0.0,1,8,-0.0,1,8,-9900,?,9,-9900,?,9,21.04,E,8,19.26,E,8,95.0,E,8,1008.6016999999999,E,8,999.0,E,8,1.04,E,8,-9900,?,9,-9900,?,9,3.6090000000000004,E,8,-9900,?,9,-9900,?,9,36.09,99.0,E,8
06/07/2022,04:00,0.0,1325.223,0.0,1,8,0.0,1,8,0.0,1,8,0.0,1,8,0.0,1,8,0.0,1,8,-0.0,1,8,-9900,?,9,-9900,?,9,20.78,E,8,19.23,E,8,87.0,E,8,1008.6016999999999,E,8,999.0,E,8,1.04,E,8,-9900,?,9,-9900,?,9,0.092,E,8,-9900,?,9,-9900,?,9,0.92,99.0,E,8
06/07/2022,05:00,0.0,1325.223,0.0,1,8,0.0,1,8,0.0,1,8,0.0,1,8,0.0,1,8,0.0,1,8,-0.0,1,8,-9900,?,9,-9900,?,9,20.52,E,8,19.21,E,8,93.0,E,8,1008.6016999999999,E,8,999.0,E,8,1.04,E,8,-9900,?,9,-9900,?,9,0.211,E,8,-9900,?,9,-9900,?,9,2.11,99.0,E,8
06/07/2022,06:00,0.0,1325.223,0.0,1,8,0.0,1,8,0.0,1,8,0.0,1,8,0.0,1,8,0.0,1,8,-0.0,1,8,-9900,?,9,-9900,?,9,20.32,E,8,19.19,E,8,89.0,E,8,1008.6016999999999,E,8,999.0,E,8,1.04,E,8,-9900,?,9,-9900,?,9,0.061,E,8,-9900,?,9,-9900,?,9,0.61,99.0,E,8
06/07/2022,07:00,42.002,1325.223,0.0,1,8,0.0,1,8,0.0,1,8,0.0,1,8,0.0,1,8,0.0,1,8,0.0,1,8,-9900,?,9,-9900,?,9,20.15,E,8,19.17,E,8,90.0,E,8,1008.6016999999999,E,8,999.0,E,8,1.04,E,8,-9900,?,9,-9900,?,9,0.040999999999999995,E,8,-9900,?,9,-9900,?,9,0.41,99.0,E,8
06/07/2022,08:00,318.12,1325.223,29.34,1,8,0.0,1,8,29.34,1,8,3520.8,1,8,0.0,1,8,3227.4,1,8,39.088,1,8,-9900,?,9,-9900,?,9,19.98,E,8,19.16,E,8,91.0,E,8,1008.6016999999999,E,8,999.0,E,8,1.04,E,8,-9900,?,9,-9900,?,9,0.05,E,8,-9900,?,9,-9900,?,9,0.5,99.0,E,8
06/07/2022,09:00,565.163,1325.223,123.12,1,8,0.0,1,8,123.12,1,8,14774.4,1,8,0.0,1,8,13543.2,1,8,92.016,1,8,-9900,?,9,-9900,?,9,21.34,E,8,19.29,E,8,89.0,E,8,1008.6016999999999,E,8,999.0,E,8,1.14,E,8,-9900,?,9,-9900,?,9,0.152,E,8,-9900,?,9,-9900,?,9,1.52,99.0,E,8
06/07/2022,10:00,761.599,1325.223,210.14,1,8,14.098,1,8,202.043,1,8,25216.8,1,8,1339.298,1,8,22224.712,1,8,111.973,1,8,-9900,?,9,-9900,?,9,22.14,E,8,19.36,E,8,82.0,E,8,1008.6016999999999,E,8,999.0,E,8,1.79,E,8,-9900,?,9,-9900,?,9,0.074,E,8,-9900,?,9,-9900,?,9,0.74,99.0,E,8
06/07/2022,11:00,893.721,1325.223,275.9,1,8,15.705,1,8,265.312,1,8,33108.0,1,8,1492.005,1,8,29184.339,1,8,125.27,1,8,-9900,?,9,-9900,?,9,22.84,E,8,19.43,E,8,80.0,E,8,1008.6016999999999,E,8,999.0,E,8,2.57,E,8,-9900,?,9,-9900,?,9,0.027000000000000003,E,8,-9900,?,9,-9900,?,9,0.27,99.0,E,8
06/07/2022,12:00,952.453,1325.223,314.34,1,8,20.263,1,8,299.781,1,8,37720.8,1,8,1925.008,1,8,32975.863,1,8,132.806,1,8,-9900,?,9,-9900,?,9,23.39,E,8,19.48,E,8,78.0,E,8,1008.6016999999999,E,8,999.0,E,8,3.33,E,8,-9900,?,9,-9900,?,9,0.009,E,8,-9900,?,9,-9900,?,9,0.09,99.0,E,8
06/07/2022,13:00,933.775,1325.223,322.43,1,8,24.734,1,8,305.007,1,8,38691.6,1,8,2349.707,1,8,33550.809,1,8,137.828,1,8,-9900,?,9,-9900,?,9,23.79,E,8,19.52,E,8,76.0,E,8,1008.6016999999999,E,8,999.0,E,8,4.09,E,8,-9900,?,9,-9900,?,9,0.014000000000000002,E,8,-9900,?,9,-9900,?,9,0.14,99.0,E,8
06/07/2022,14:00,838.968,1325.223,299.53,1,8,30.632,1,8,280.146,1,8,35943.6,1,8,2910.034,1,8,30816.075,1,8,140.919,1,8,-9900,?,9,-9900,?,9,24.01,E,8,19.54,E,8,76.0,E,8,1008.6016999999999,E,8,999.0,E,8,4.34,E,8,-9900,?,9,-9900,?,9,0.011,E,8,-9900,?,9,-9900,?,9,0.11,99.0,E,8
06/07/2022,15:00,674.533,1325.223,247.43,1,8,63.504,1,8,215.134,1,8,29691.6,1,8,6032.902,1,8,23664.701,1,8,134.65,1,8,-9900,?,9,-9900,?,9,24.06,E,8,19.54,E,8,75.0,E,8,1008.6016999999999,E,8,999.0,E,8,4.44,E,8,-9900,?,9,-9900,?,9,0.005,E,8,-9900,?,9,-9900,?,9,0.05,99.0,E,8
06/07/2022,16:00,451.82,1325.223,170.46,1,8,107.842,1,8,133.774,1,8,20455.2,1,8,10244.948,1,8,14715.104,1,8,125.171,1,8,-9900,?,9,-9900,?,9,23.87,E,8,19.52,E,8,76.0,E,8,1008.6016999999999,E,8,999.0,E,8,4.15,E,8,-9900,?,9,-9900,?,9,0.003,E,8,-9900,?,9,-9900,?,9,0.03,99.0,E,8
06/07/2022,17:00,186.882,1325.223,77.08,1,8,225.427,1,8,45.717,1,8,9249.6,1,8,21415.588,1,8,5028.922,1,8,104.599,1,8,-9900,?,9,-9900,?,9,23.43,E,8,19.48,E,8,78.0,E,8,1008.6016999999999,E,8,999.0,E,8,4.16,E,8,-9900,?,9,-9900,?,9,0.002,E,8,-9900,?,9,-9900,?,9,0.02,99.0,E,8
06/07/2022,18:00,0.0,1325.223,1.52,1,8,0.0,1,8,0.0,1,8,182.4,1,8,0.0,1,8,0.0,1,8,-0.0,1,8,-9900,?,9,-9900,?,9,23.1,E,8,19.45,E,8,79.0,E,8,1008.6016999999999,E,8,999.0,E,8,3.3,E,8,-9900,?,9,-9900,?,9,0.022,E,8,-9900,?,9,-9900,?,9,0.22,99.0,E,8
06/07/2022,19:00,0.0,1325.223,0.0,1,8,0.0,1,8,0.0,1,8,0.0,1,8,0.0,1,8,0.0,1,8,-0.0,1,8,-9900,?,9,-9900,?,9,22.78,E,8,19.42,E,8,80.0,E,8,1008.6016999999999,E,8,999.0,E,8,2.01,E,8,-9900,?,9,-9900,?,9,0.018,E,8,-9900,?,9,-9900,?,9,0.18,99.0,E,8
06/07/2022,20:00,0.0,1325.223,0.0,1,8,0.0,1,8,0.0,1,8,0.0,1,8,0.0,1,8,0.0,1,8,-0.0,1,8,-9900,?,9,-9900,?,9,22.45,E,8,19.39,E,8,81.0,E,8,1008.6016999999999,E,8,999.0,E,8,1.7,E,8,-9900,?,9,-9900,?,9,0.007000000000000001,E,8,-9900,?,9,-9900,?,9,0.07,99.0,E,8
06/07/2022,21:00,0.0,1325.223,0.0,1,8,0.0,1,8,0.0,1,8,0.0,1,8,0.0,1,8,0.0,1,8,-0.0,1,8,-9900,?,9,-9900,?,9,22.13,E,8,19.36,E,8,82.0,E,8,1008.6016999999999,E,8,999.0,E,8,1.04,E,8,-9900,?,9,-9900,?,9,0.001,E,8,-9900,?,9,-9900,?,9,0.01,99.0,E,8
06/07/2022,22:00,0.0,1325.223,0.0,1,8,0.0,1,8,0.0,1,8,0.0,1,8,0.0,1,8,0.0,1,8,-0.0,1,8,-9900,?,9,-9900,?,9,21.8,E,8,19.33,E,8,83.0,E,8,1008.6016999999999,E,8,999.0,E,8,1.04,E,8,-9900,?,9,-9900,?,9,0.001,E,8,-9900,?,9,-9900,?,9,0.01,99.0,E,8
06/07/2022,23:00,0.0,1325.223,0.0,1,8,0.0,1,8,0.0,1,8,0.0,1,8,0.0,1,8,0.0,1,8,-0.0,1,8,-9900,?,9,-9900,?,9,21.48,E,8,19.3,E,8,81.0,E,8,1008.6016999999999,E,8,999.0,E,8,1.04,E,8,-9900,?,9,-9900,?,9,0.0,E,8,-9900,?,9,-9900,?,9,0.0,0.0,E,8
06/07/2022,24:00,0.0,1325.223,0.0,1,8,0.0,1,8,0.0,1,8,0.0,1,8,0.0,1,8,0.0,1,8,-0.0,1,8,-9900,?,9,-9900,?,9,21.15,E,8,16.6,E,8,75.0,E,8,1008.6016999999999,E,8,999.0,E,8,1.2,E,8,-9900,?,9,-9900,?,9,0.001,E,8,-9900,?,9,-9900,?,9,0.01,99.0,E,8
06/08/2022,01:00,0.0,1325.223,0.0,1,8,0.0,1,8,0.0,1,8,0.0,1,8,0.0,1,8,0.0,1,8,-0.0,1,8,-9900,?,9,-9900,?,9,20.99,E,8,16.65,E,8,76.0,E,8,1008.6016999999999,E,8,999.0,E,8,1.2,E,8,-9900,?,9,-9900,?,9,0.004,E,8,-9900,?,9,-9900,?,9,0.04,99.0,E,8
06/08/2022,02:00,0.0,1325.223,0.0,1,8,0.0,1,8,0.0,1,8,0.0,1,8,0.0,1,8,0.0,1,8,-0.0,1,8,-9900,?,9,-9900,?,9,20.83,E,8,16.69,E,8,77.0,E,8,1008.6016999999999,E,8,999.0,E,8,1.2,E,8,-9900,?,9,-9900,?,9,0.008,E,8,-9900,?,9,-9900,?,9,0.08,99.0,E,8
06/08/2022,03:00,0.0,1325.223,0.0,1,8,0.0,1,8,0.0,1,8,0.0,1,8,0.0,1,8,0.0,1,8,-0.0,1,8,-9900,?,9,-9900,?,9,20.66,E,8,16.74,E,8,82.0,E,8,1008.6016999999999,E,8,999.0,E,8,1.2,E,8,-9900,?,9,-9900,?,9,0.267,E,8,-9900,?,9,-9900,?,9,2.67,99.0,E,8
06/08/2022,04:00,0.0,1324.888,0.0,1,8,0.0,1,8,0.0,1,8,0.0,1,8,0.0,1,8,0.0,1,8,-0.0,1,8,-9900,?,9,-9900,?,9,20.5,E,8,16.79,E,8,79.0,E,8,1008.6016999999999,E,8,999.0,E,8,1.2,E,8,-9900,?,9,-9900,?,9,0.015,E,8,-9900,?,9,-9900,?,9,0.15,99.0,E,8
06/08/2022,05:00,0.0,1324.888,0.0,1,8,0.0,1,8,0.0,1,8,0.0,1,8,0.0,1,8,0.0,1,8,-0.0,1,8,-9900,?,9,-9900,?,9,20.34,E,8,16.83,E,8,80.0,E,8,1008.6016999999999,E,8,999.0,E,8,1.2,E,8,-9900,?,9,-9900,?,9,0.003,E,8,-9900,?,9,-9900,?,9,0.03,99.0,E,8
06/08/2022,06:00,0.0,1324.888,0.0,1,8,0.0,1,8,0.0,1,8,0.0,1,8,0.0,1,8,0.0,1,8,-0.0,1,8,-9900,?,9,-9900,?,9,20.21,E,8,16.87,E,8,76.0,E,8,1008.6016999999999,E,8,999.0,E,8,1.2,E,8,-9900,?,9,-9900,?,9,0.0,E,8,-9900,?,9,-9900,?,9,0.0,0.0,E,8
06/08/2022,07:00,40.344,1324.888,0.0,1,8,0.0,1,8,0.0,1,8,0.0,1,8,0.0,1,8,0.0,1,8,0.0,1,8,-9900,?,9,-9900,?,9,20.1,E,8,16.9,E,8,77.0,E,8,1008.6016999999999,E,8,999.0,E,8,1.2,E,8,-9900,?,9,-9900,?,9,0.0,E,8,-9900,?,9,-9900,?,9,0.0,0.0,E,8
06/08/2022,08:00,316.144,1324.888,44.95,1,8,0.0,1,8,44.95,1,8,5394.0,1,8,0.0,1,8,4944.5,1,8,60.246,1,8,-9900,?,9,-9900,?,9,20.0,E,8,16.93,E,8,77.0,E,8,1008.6016999999999,E,8,999.0,E,8,1.2,E,8,-9900,?,9,-9900,?,9,0.0,E,8,-9900,?,9,-9900,?,9,0.0,0.0,E,8
06/08/2022,09:00,563.086,1324.888,219.27,1,8,94.349,1,8,179.224,1,8,26312.4,1,8,8963.114,1,8,19714.667,1,8,134.408,1,8,-9900,?,9,-9900,?,9,21.57,E,8,16.48,E,8,69.0,E,8,1008.6016999999999,E,8,999.0,E,8,1.2,E,8,-9900,?,9,-9900,?,9,0.0,E,8,-9900,?,9,-9900,?,9,0.0,0.0,E,8
06/08/2022,10:00,759.524,1324.888,383.69,1,8,205.349,1,8,266.039,1,8,46042.8,1,8,19508.193,1,8,29264.283,1,8,147.806,1,8,-9900,?,9,-9900,?,9,22.57,E,8,16.19,E,8,65.0,E,8,1008.6016999999999,E,8,999.0,E,8,1.23,E,8,-9900,?,9,-9900,?,9,0.0,E,8,-9900,?,9,-9900,?,9,0.0,0.0,E,8
06/08/2022,11:00,891.745,1324.888,435.83,1,8,153.914,1,8,332.271,1,8,52299.6,1,8,14621.865,1,8,36549.83,1,8,157.194,1,8,-9900,?,9,-9900,?,9,23.23,E,8,16.0,E,8,62.0,E,8,1008.6016999999999,E,8,999.0,E,8,1.99,E,8,-9900,?,9,-9900,?,9,0.0,E,8,-9900,?,9,-9900,?,9,0.0,0.0,E,8
06/08/2022,12:00,950.667,1324.888,532.56,1,8,283.159,1,8,329.437,1,8,63907.2,1,8,26900.135,1,8,36238.021,1,8,146.182,1,8,-9900,?,9,-9900,?,9,23.85,E,8,15.81,E,8,59.0,E,8,1008.6016999999999,E,8,999.0,E,8,3.35,E,8,-9900,?,9,-9900,?,9,0.0,E,8,-9900,?,9,-9900,?,9,0.0,0.0,E,8
06/08/2022,13:00,932.256,1324.888,611.79,1,8,533.115,1,8,236.776,1,8,73414.8,1,8,50645.965,1,8,26045.385,1,8,107.143,1,8,-9900,?,9,-9900,?,9,24.42,E,8,15.64,E,8,57.0,E,8,1008.6016999999999,E,8,999.0,E,8,3.96,E,8,-9900,?,9,-9900,?,9,0.0,E,8,-9900,?,9,-9900,?,9,0.0,0.0,E,8
06/08/2022,14:00,837.774,1324.888,540.48,1,8,544.476,1,8,196.34,1,8,64857.6,1,8,51725.21,1,8,21597.386,1,8,98.879,1,8,-9900,?,9,-9900,?,9,24.71,E,8,15.55,E,8,56.0,E,8,1008.6016999999999,E,8,999.0,E,8,4.49,E,8,-9900,?,9,-9900,?,9,0.0,E,8,-9900,?,9,-9900,?,9,0.0,0.0,E,8
06/08/2022,15:00,673.702,1324.888,417.56,1,8,550.401,1,8,137.917,1,8,50107.2,1,8,52288.103,1,8,15170.91,1,8,86.406,1,8,-9900,?,9,-9900,?,9,24.74,E,8,15.54,E,8,56.0,E,8,1008.6016999999999,E,8,999.0,E,8,4.86,E,8,-9900,?,9,-9900,?,9,0.0,E,8,-9900,?,9,-9900,?,9,0.0,0.0,E,8
06/08/2022,16:00,451.362,1324.888,298.62,1,8,591.73,1,8,97.475,1,8,35834.4,1,8,56214.324,1,8,10722.243,1,8,91.276,1,8,-9900,?,9,-9900,?,9,24.52,E,8,15.61,E,8,57.0,E,8,1008.6016999999999,E,8,999.0,E,8,4.33,E,8,-9900,?,9,-9900,?,9,0.0,E,8,-9900,?,9,-9900,?,9,0.0,0.0,E,8
06/08/2022,17:00,186.783,1324.888,115.13,1,8,388.109,1,8,61.15,1,8,13815.6,1,8,36870.329,1,8,6726.477,1,8,139.947,1,8,-9900,?,9,-9900,?,9,23.97,E,8,15.78,E,8,59.0,E,8,1008.6016999999999,E,8,999.0,E,8,3.6,E,8,-9900,?,9,-9900,?,9,0.0,E,8,-9900,?,9,-9900,?,9,0.0,0.0,E,8
06/08/2022,18:00,0.0,1324.888,2.52,1,8,0.0,1,8,0.0,1,8,302.4,1,8,0.0,1,8,0.0,1,8,-0.0,1,8,-9900,?,9,-9900,?,9,23.55,E,8,15.9,E,8,61.0,E,8,1008.6016999999999,E,8,999.0,E,8,2.68,E,8,-9900,?,9,-9900,?,9,0.0,E,8,-9900,?,9,-9900,?,9,0.0,0.0,E,8
06/08/2022,19:00,0.0,1324.888,0.0,1,8,0.0,1,8,0.0,1,8,0.0,1,8,0.0,1,8,0.0,1,8,-0.0,1,8,-9900,?,9,-9900,?,9,23.13,E,8,16.03,E,8,62.0,E,8,1008.6016999999999,E,8,999.0,E,8,1.86,E,8,-9900,?,9,-9900,?,9,0.0,E,8,-9900,?,9,-9900,?,9,0.0,0.0,E,8
06/08/2022,20:00,0.0,1324.888,0.0,1,8,0.0,1,8,0.0,1,8,0.0,1,8,0.0,1,8,0.0,1,8,-0.0,1,8,-9900,?,9,-9900,?,9,22.71,E,8,16.15,E,8,64.0,E,8,1008.6016999999999,E,8,999.0,E,8,1.5,E,8,-9900,?,9,-9900,?,9,0.0,E,8,-9900,?,9,-9900,?,9,0.0,0.0,E,8
06/08/2022,21:00,0.0,1324.888,0.0,1,8,0.0,1,8,0.0,1,8,0.0,1,8,0.0,1,8,0.0,1,8,-0.0,1,8,-9900,?,9,-9900,?,9,22.29,E,8,16.27,E,8,66.0,E,8,1008.6016999999999,E,8,999.0,E,8,1.2,E,8,-9900,?,9,-9900,?,9,0.0,E,8,-9900,?,9,-9900,?,9,0.0,0.0,E,8
06/08/2022,22:00,0.0,1324.888,0.0,1,8,0.0,1,8,0.0,1,8,0.0,1,8,0.0,1,8,0.0,1,8,-0.0,1,8,-9900,?,9,-9900,?,9,21.88,E,8,16.39,E,8,68.0,E,8,1008.6016999999999,E,8,999.0,E,8,1.2,E,8,-9900,?,9,-9900,?,9,0.0,E,8,-9900,?,9,-9900,?,9,0.0,0.0,E,8
06/08/2022,23:00,0.0,1324.888,0.0,1,8,0.0,1,8,0.0,1,8,0.0,1,8,0.0,1,8,0.0,1,8,-0.0,1,8,-9900,?,9,-9900,?,9,21.46,E,8,16.51,E,8,74.0,E,8,1008.6016999999999,E,8,999.0,E,8,1.2,E,8,-9900,?,9,-9900,?,9,0.002,E,8,-9900,?,9,-9900,?,9,0.02,99.0,E,8
06/08/2022,24:00,0.0,1324.888,0.0,1,8,0.0,1,8,0.0,1,8,0.0,1,8,0.0,1,8,0.0,1,8,-0.0,1,8,-9900,?,9,-9900,?,9,21.04,E,8,15.58,E,8,73.0,E,8,1008.6016999999999,E,8,999.0,E,8,0.8,E,8,-9900,?,9,-9900,?,9,0.001,E,8,-9900,?,9,-9900,?,9,0.01,99.0,E,8
06/09/2022,01:00,0.0,1324.888,0.0,1,8,0.0,1,8,0.0,1,8,0.0,1,8,0.0,1,8,0.0,1,8,-0.0,1,8,-9900,?,9,-9900,?,9,20.83,E,8,15.69,E,8,70.0,E,8,1008.6016999999999,E,8,999.0,E,8,0.8,E,8,-9900,?,9,-9900,?,9,0.0,E,8,-9900,?,9,-9900,?,9,0.0,0.0,E,8
06/09/2022,02:00,0.0,1324.888,0.0,1,8,0.0,1,8,0.0,1,8,0.0,1,8,0.0,1,8,0.0,1,8,-0.0,1,8,-9900,?,9,-9900,?,9,20.62,E,8,15.8,E,8,72.0,E,8,1008.6016999999999,E,8,999.0,E,8,0.8,E,8,-9900,?,9,-9900,?,9,0.0,E,8,-9900,?,9,-9900,?,9,0.0,0.0,E,8
06/09/2022,03:00,0.0,1324.888,0.0,1,8,0.0,1,8,0.0,1,8,0.0,1,8,0.0,1,8,0.0,1,8,-0.0,1,8,-9900,?,9,-9900,?,9,20.41,E,8,15.91,E,8,73.0,E,8,1008.6016999999999,E,8,999.0,E,8,0.8,E,8,-9900,?,9,-9900,?,9,0.0,E,8,-9900,?,9,-9900,?,9,0.0,0.0,E,8
06/09/2022,04:00,0.0,1324.564,0.0,1,8,0.0,1,8,0.0,1,8,0.0,1,8,0.0,1,8,0.0,1,8,-0.0,1,8,-9900,?,9,-9900,?,9,20.2,E,8,16.02,E,8,78.0,E,8,1008.6016999999999,E,8,999.0,E,8,0.8,E,8,-9900,?,9,-9900,?,9,0.002,E,8,-9900,?,9,-9900,?,9,0.02,99.0,E,8
06/09/2022,05:00,0.0,1324.564,0.0,1,8,0.0,1,8,0.0,1,8,0.0,1,8,0.0,1,8,0.0,1,8,-0.0,1,8,-9900,?,9,-9900,?,9,19.99,E,8,16.12,E,8,75.0,E,8,1008.6016999999999,E,8,999.0,E,8,0.8,E,8,-9900,?,9,-9900,?,9,0.0,E,8,-9900,?,9,-9900,?,9,0.0,0.0,E,8
06/09/2022,06:00,0.0,1324.564,0.0,1,8,0.0,1,8,0.0,1,8,0.0,1,8,0.0,1,8,0.0,1,8,-0.0,1,8,-9900,?,9,-9900,?,9,19.83,E,8,16.2,E,8,76.0,E,8,1008.6016999999999,E,8,999.0,E,8,0.8,E,8,-9900,?,9,-9900,?,9,0.0,E,8,-9900,?,9,-9900,?,9,0.0,0.0,E,8
06/09/2022,07:00,38.731,1324.564,0.0,1,8,0.0,1,8,0.0,1,8,0.0,1,8,0.0,1,8,0.0,1,8,0.0,1,8,-9900,?,9,-9900,?,9,19.69,E,8,16.27,E,8,77.0,E,8,1008.6016999999999,E,8,999.0,E,8,1.24,E,8,-9900,?,9,-9900,?,9,0.0,E,8,-9900,?,9,-9900,?,9,0.0,0.0,E,8
06/09/2022,08:00,314.228,1324.564,39.48,1,8,0.0,1,8,39.48,1,8,4737.6,1,8,0.0,1,8,4342.8,1,8,53.228,1,8,-9900,?,9,-9900,?,9,19.55,E,8,16.34,E,8,78.0,E,8,1008.6016999999999,E,8,999.0,E,8,1.3,E,8,-9900,?,9,-9900,?,9,0.0,E,8,-9900,?,9,-9900,?,9,0.0,0.0,E,8
06/09/2022,09:00,561.088,1324.564,170.45,1,8,20.25,1,8,161.884,1,8,20454.0,1,8,1923.713,1,8,17807.204,1,8,121.808,1,8,-9900,?,9,-9900,?,9,20.53,E,8,15.85,E,8,72.0,E,8,1008.6016999999999,E,8,999.0,E,8,1.78,E,8,-9900,?,9,-9900,?,9,0.0,E,8,-9900,?,9,-9900,?,9,0.0,0.0,E,8
06/09/2022,10:00,757.542,1324.564,292.53,1,8,70.423,1,8,252.278,1,8,35103.6,1,8,6690.174,1,8,27750.602,1,8,140.494,1,8,-9900,?,9,-9900,?,9,21.11,E,8,15.55,E,8,69.0,E,8,1008.6016999999999,E,8,999.0,E,8,2.53,E,8,-9900,?,9,-9900,?,9,0.0,E,8,-9900,?,9,-9900,?,9,0.0,0.0,E,8
06/09/2022,11:00,889.874,1324.564,384.92,1,8,101.524,1,8,316.738,1,8,46190.4,1,8,9644.755,1,8,34841.209,1,8,150.124,1,8,-9900,?,9,-9900,?,9,21.62,E,8,15.28,E,8,66.0,E,8,1008.6016999999999,E,8,999.0,E,8,3.08,E,8,-9900,?,9,-9900,?,9,0.0,E,8,-9900,?,9,-9900,?,9,0.0,0.0,E,8
06/09/2022,12:00,948.993,1324.564,439.08,1,8,126.206,1,8,348.684,1,8,52689.6,1,8,11989.531,1,8,38355.272,1,8,154.958,1,8,-9900,?,9,-9900,?,9,22.02,E,8,15.07,E,8,64.0,E,8,1008.6016999999999,E,8,999.0,E,8,3.87,E,8,-9900,?,9,-9900,?,9,0.0,E,8,-9900,?,9,-9900,?,9,0.0,0.0,E,8
06/09/2022,13:00,930.853,1324.564,450.7,1,8,153.263,1,8,343.025,1,8,54084.0,1,8,14559.961,1,8,37732.777,1,8,155.417,1,8,-9900,?,9,-9900,?,9,22.31,E,8,14.91,E,8,62.0,E,8,1008.6016999999999,E,8,999.0,E,8,4.45,E,8,-9900,?,9,-9900,?,9,0.0,E,8,-9900,?,9,-9900,?,9,0.0,0.0,E,8
06/09/2022,14:00,836.696,1324.564,418.88,1,8,189.075,1,8,299.498,1,8,50265.6,1,8,17962.156,1,8,32944.814,1,8,150.988,1,8,-9900,?,9,-9900,?,9,22.47,E,8,14.82,E,8,61.0,E,8,1008.6016999999999,E,8,999.0,E,8,4.38,E,8,-9900,?,9,-9900,?,9,0.0,E,8,-9900,?,9,-9900,?,9,0.0,0.0,E,8
06/09/2022,15:00,672.981,1324.564,346.1,1,8,285.829,1,8,200.999,1,8,41532.0,1,8,27153.759,1,8,22109.884,1,8,126.032,1,8,-9900,?,9,-9900,?,9,22.51,E,8,14.8,E,8,61.0,E,8,1008.6016999999999,E,8,999.0,E,8,4.5,E,8,-9900,?,9,-9900,?,9,0.0,E,8,-9900,?,9,-9900,?,9,0.0,0.0,E,8
06/09/2022,16:00,451.005,1324.564,238.43,1,8,342.491,1,8,122.072,1,8,28611.6,1,8,32536.664,1,8,13427.908,1,8,114.372,1,8,-9900,?,9,-9900,?,9,22.37,E,8,14.88,E,8,62.0,E,8,1008.6016999999999,E,8,999.0,E,8,3.91,E,8,-9900,?,9,-9900,?,9,0.0,E,8,-9900,?,9,-9900,?,9,0.0,0.0,E,8
06/09/2022,17:00,186.771,1324.564,107.74,1,8,367.969,1,8,56.551,1,8,12928.8,1,8,34957.088,1,8,6220.647,1,8,129.399,1,8,-9900,?,9,-9900,?,9,22.05,E,8,15.05,E,8,64.0,E,8,1008.6016999999999,E,8,999.0,E,8,3.4,E,8,-9900,?,9,-9900,?,9,0.0,E,8,-9900,?,9,-9900,?,9,0.0,0.0,E,8
06/09/2022,18:00,0.0,1324.564,2.13,1,8,0.0,1,8,0.0,1,8,255.6,1,8,0.0,1,8,0.0,1,8,-0.0,1,8,-9900,?,9,-9900,?,9,21.78,E,8,15.19,E,8,69.0,E,8,1008.6016999999999,E,8,999.0,E,8,2.96,E,8,-9900,?,9,-9900,?,9,0.006,E,8,-9900,?,9,-9900,?,9,0.06,99.0,E,8
06/09/2022,19:00,0.0,1324.564,0.0,1,8,0.0,1,8,0.0,1,8,0.0,1,8,0.0,1,8,0.0,1,8,-0.0,1,8,-9900,?,9,-9900,?,9,21.51,E,8,15.34,E,8,71.0,E,8,1008.6016999999999,E,8,999.0,E,8,2.15,E,8,-9900,?,9,-9900,?,9,0.004,E,8,-9900,?,9,-9900,?,9,0.04,99.0,E,8
06/09/2022,20:00,0.0,1324.564,0.0,1,8,0.0,1,8,0.0,1,8,0.0,1,8,0.0,1,8,0.0,1,8,-0.0,1,8,-9900,?,9,-9900,?,9,21.23,E,8,15.48,E,8,72.0,E,8,1008.6016999999999,E,8,999.0,E,8,1.83,E,8,-9900,?,9,-9900,?,9,0.01,E,8,-9900,?,9,-9900,?,9,0.1,99.0,E,8
06/09/2022,21:00,0.0,1324.564,0.0,1,8,0.0,1,8,0.0,1,8,0.0,1,8,0.0,1,8,0.0,1,8,-0.0,1,8,-9900,?,9,-9900,?,9,20.96,E,8,15.63,E,8,74.0,E,8,1008.6016999999999,E,8,999.0,E,8,0.93,E,8,-9900,?,9,-9900,?,9,0.02,E,8,-9900,?,9,-9900,?,9,0.2,99.0,E,8
06/09/2022,22:00,0.0,1324.564,0.0,1,8,0.0,1,8,0.0,1,8,0.0,1,8,0.0,1,8,0.0,1,8,-0.0,1,8,-9900,?,9,-9900,?,9,20.69,E,8,15.76,E,8,75.0,E,8,1008.6016999999999,E,8,999.0,E,8,0.8,E,8,-9900,?,9,-9900,?,9,0.001,E,8,-9900,?,9,-9900,?,9,0.01,99.0,E,8
06/09/2022,23:00,0.0,1324.564,0.0,1,8,0.0,1,8,0.0,1,8,0.0,1,8,0.0,1,8,0.0,1,8,-0.0,1,8,-9900,?,9,-9900,?,9,20.42,E,8,15.9,E,8,81.0,E,8,1008.6016999999999,E,8,999.0,E,8,0.8,E,8,-9900,?,9,-9900,?,9,0.356,E,8,-9900,?,9,-9900,?,9,3.56,99.0,E,8
06/09/2022,24:00,0.0,1324.564,0.0,1,8,0.0,1,8,0.0,1,8,0.0,1,8,0.0,1,8,0.0,1,8,-0.0,1,8,-9900,?,9,-9900,?,9,20.15,E,8,16.33,E,8,77.0,E,8,1008.6016999999999,E,8,999.0,E,8,0.98,E,8,-9900,?,9,-9900,?,9,0.0,E,8,-9900,?,9,-9900,?,9,0.0,0.0,E,8
06/10/2022,01:00,0.0,1324.564,0.0,1,8,0.0,1,8,0.0,1,8,0.0,1,8,0.0,1,8,0.0,1,8,-0.0,1,8,-9900,?,9,-9900,?,9,20.01,E,8,16.38,E,8,83.0,E,8,1008.6016999999999,E,8,999.0,E,8,0.98,E,8,-9900,?,9,-9900,?,9,0.09,E,8,-9900,?,9,-9900,?,9,0.9,99.0,E,8
06/10/2022,02:00,0.0,1324.564,0.0,1,8,0.0,1,8,0.0,1,8,0.0,1,8,0.0,1,8,0.0,1,8,-0.0,1,8,-9900,?,9,-9900,?,9,19.88,E,8,16.43,E,8,84.0,E,8,1008.6016999999999,E,8,999.0,E,8,0.98,E,8,-9900,?,9,-9900,?,9,0.001,E,8,-9900,?,9,-9900,?,9,0.01,99.0,E,8
06/10/2022,03:00,0.0,1324.564,0.0,1,8,0.0,1,8,0.0,1,8,0.0,1,8,0.0,1,8,0.0,1,8,-0.0,1,8,-9900,?,9,-9900,?,9,19.74,E,8,16.49,E,8,85.0,E,8,1008.6016999999999,E,8,999.0,E,8,0.98,E,8,-9900,?,9,-9900,?,9,0.002,E,8,-9900,?,9,-9900,?,9,0.02,99.0,E,8
06/10/2022,04:00,0.0,1324.253,0.0,1,8,0.0,1,8,0.0,1,8,0.0,1,8,0.0,1,8,0.0,1,8,-0.0,1,8,-9900,?,9,-9900,?,9,19.6,E,8,16.54,E,8,81.0,E,8,1008.6016999999999,E,8,999.0,E,8,0.98,E,8,-9900,?,9,-9900,?,9,0.0,E,8,-9900,?,9,-9900,?,9,0.0,0.0,E,8
06/10/2022,05:00,0.0,1324.253,0.0,1,8,0.0,1,8,0.0,1,8,0.0,1,8,0.0,1,8,0.0,1,8,-0.0,1,8,-9900,?,9,-9900,?,9,19.47,E,8,16.59,E,8,82.0,E,8,1008.6016999999999,E,8,999.0,E,8,0.98,E,8,-9900,?,9,-9900,?,9,0.0,E,8,-9900,?,9,-9900,?,9,0.0,0.0,E,8
06/10/2022,06:00,0.0,1324.253,0.0,1,8,0.0,1,8,0.0,1,8,0.0,1,8,0.0,1,8,0.0,1,8,-0.0,1,8,-9900,?,9,-9900,?,9,19.36,E,8,16.63,E,8,83.0,E,8,1008.6016999999999,E,8,999.0,E,8,0.98,E,8,-9900,?,9,-9900,?,9,0.0,E,8,-9900,?,9,-9900,?,9,0.0,0.0,E,8
06/10/2022,07:00,37.165,1324.253,0.0,1,8,0.0,1,8,0.0,1,8,0.0,1,8,0.0,1,8,0.0,1,8,0.0,1,8,-9900,?,9,-9900,?,9,19.27,E,8,16.66,E,8,83.0,E,8,1008.6016999999999,E,8,999.0,E,8,0.98,E,8,-9900,?,9,-9900,?,9,0.0,E,8,-9900,?,9,-9900,?,9,0.0,0.0,E,8
06/10/2022,08:00,312.376,1324.253,46.17,1,8,0.0,1,8,46.17,1,8,5540.4,1,8,0.0,1,8,5078.7,1,8,62.605,1,8,-9900,?,9,-9900,?,9,19.18,E,8,16.69,E,8,84.0,E,8,1008.6016999999999,E,8,999.0,E,8,0.98,E,8,-9900,?,9,-9900,?,9,0.0,E,8,-9900,?,9,-9900,?,9,0.0,0.0,E,8
06/10/2022,09:00,559.168,1324.253,202.18,1,8,67.975,1,8,173.516,1,8,24261.6,1,8,6457.594,1,8,19086.773,1,8,130.979,1,8,-9900,?,9,-9900,?,9,20.61,E,8,16.16,E,8,75.0,E,8,1008.6016999999999,E,8,999.0,E,8,0.99,E,8,-9900,?,9,-9900,?,9,0.0,E,8,-9900,?,9,-9900,?,9,0.0,0.0,E,8
06/10/2022,10:00,755.653,1324.253,347.92,1,8,144.692,1,8,265.405,1,8,41750.4,1,8,13745.732,1,8,29194.565,1,8,148.14,1,8,-9900,?,9,-9900,?,9,21.47,E,8,15.83,E,8,69.0,E,8,1008.6016999999999,E,8,999.0,E,8,1.86,E,8,-9900,?,9,-9900,?,9,0.0,E,8,-9900,?,9,-9900,?,9,0.0,0.0,E,8
06/10/2022,11:00,888.108,1324.253,458.3,1,8,189.848,1,8,331.024,1,8,54996.0,1,8,18035.596,1,8,36412.659,1,8,157.17,1,8,-9900,?,9,-9900,?,9,22.21,E,8,15.54,E,8,65.0,E,8,1008.6016999999999,E,8,999.0,E,8,2.65,E,8,-9900,?,9,-9900,?,9,0.0,E,8,-9900,?,9,-9900,?,9,0.0,0.0,E,8
06/10/2022,12:00,947.433,1324.253,523.09,1,8,288.668,1,8,316.621,1,8,62770.8,1,8,27423.453,1,8,34828.324,1,8,140.907,1,8,-9900,?,9,-9900,?,9,22.81,E,8,15.3,E,8,62.0,E,8,1008.6016999999999,E,8,999.0,E,8,3.34,E,8,-9900,?,9,-9900,?,9,0.0,E,8,-9900,?,9,-9900,?,9,0.0,0.0,E,8
06/10/2022,13:00,929.567,1324.253,537.13,1,8,345.55,1,8,294.643,1,8,64455.6,1,8,32827.208,1,8,32410.713,1,8,133.65,1,8,-9900,?,9,-9900,?,9,23.23,E,8,15.13,E,8,60.0,E,8,1008.6016999999999,E,8,999.0,E,8,3.76,E,8,-9900,?,9,-9900,?,9,0.0,E,8,-9900,?,9,-9900,?,9,0.0,0.0,E,8
06/10/2022,14:00,835.734,1324.253,499.33,1,8,396.271,1,8,249.355,1,8,59919.6,1,8,37645.721,1,8,27429.046,1,8,125.824,1,8,-9900,?,9,-9900,?,9,23.48,E,8,15.03,E,8,59.0,E,8,1008.6016999999999,E,8,999.0,E,8,4.32,E,8,-9900,?,9,-9900,?,9,0.0,E,8,-9900,?,9,-9900,?,9,0.0,0.0,E,8
06/10/2022,15:00,672.369,1324.253,412.63,1,8,529.072,1,8,144.228,1,8,49515.6,1,8,50261.871,1,8,15865.051,1,8,90.496,1,8,-9900,?,9,-9900,?,9,23.53,E,8,15.01,E,8,58.0,E,8,1008.6016999999999,E,8,999.0,E,8,4.4,E,8,-9900,?,9,-9900,?,9,0.0,E,8,-9900,?,9,-9900,?,9,0.0,0.0,E,8
06/10/2022,16:00,450.748,1324.253,284.29,1,8,413.88,1,8,143.725,1,8,34114.8,1,8,39318.645,1,8,15809.784,1,8,134.704,1,8,-9900,?,9,-9900,?,9,23.33,E,8,15.09,E,8,59.0,E,8,1008.6016999999999,E,8,999.0,E,8,4.61,E,8,-9900,?,9,-9900,?,9,0.0,E,8,-9900,?,9,-9900,?,9,0.0,0.0,E,8
06/10/2022,17:00,186.846,1324.253,128.46,1,8,366.396,1,8,77.457,1,8,15415.2,1,8,34807.654,1,8,8520.264,1,8,177.119,1,8,-9900,?,9,-9900,?,9,22.86,E,8,15.28,E,8,62.0,E,8,1008.6016999999999,E,8,999.0,E,8,3.64,E,8,-9900,?,9,-9900,?,9,0.0,E,8,-9900,?,9,-9900,?,9,0.0,0.0,E,8
06/10/2022,18:00,0.0,1324.253,2.55,1,8,0.0,1,8,0.0,1,8,306.0,1,8,0.0,1,8,0.0,1,8,-0.0,1,8,-9900,?,9,-9900,?,9,22.48,E,8,15.43,E,8,64.0,E,8,1008.6016999999999,E,8,999.0,E,8,3.04,E,8,-9900,?,9,-9900,?,9,0.0,E,8,-9900,?,9,-9900,?,9,0.0,0.0,E,8
06/10/2022,19:00,0.0,1324.253,0.0,1,8,0.0,1,8,0.0,1,8,0.0,1,8,0.0,1,8,0.0,1,8,-0.0,1,8,-9900,?,9,-9900,?,9,22.1,E,8,15.58,E,8,66.0,E,8,1008.6016999999999,E,8,999.0,E,8,2.19,E,8,-9900,?,9,-9900,?,9,0.0,E,8,-9900,?,9,-9900,?,9,0.0,0.0,E,8
06/10/2022,20:00,0.0,1324.253,0.0,1,8,0.0,1,8,0.0,1,8,0.0,1,8,0.0,1,8,0.0,1,8,-0.0,1,8,-9900,?,9,-9900,?,9,21.72,E,8,15.73,E,8,68.0,E,8,1008.6016999999999,E,8,999.0,E,8,1.74,E,8,-9900,?,9,-9900,?,9,0.0,E,8,-9900,?,9,-9900,?,9,0.0,0.0,E,8
06/10/2022,21:00,0.0,1324.253,0.0,1,8,0.0,1,8,0.0,1,8,0.0,1,8,0.0,1,8,0.0,1,8,-0.0,1,8,-9900,?,9,-9900,?,9,21.34,E,8,15.88,E,8,75.0,E,8,1008.6016999999999,E,8,999.0,E,8,1.28,E,8,-9900,?,9,-9900,?,9,0.005,E,8,-9900,?,9,-9900,?,9,0.05,99.0,E,8
06/10/2022,22:00,0.0,1324.253,0.0,1,8,0.0,1,8,0.0,1,8,0.0,1,8,0.0,1,8,0.0,1,8,-0.0,1,8,-9900,?,9,-9900,?,9,20.96,E,8,16.02,E,8,72.0,E,8,1008.6016999999999,E,8,999.0,E,8,1.41,E,8,-9900,?,9,-9900,?,9,0.0,E,8,-9900,?,9,-9900,?,9,0.0,0.0,E,8
06/10/2022,23:00,0.0,1324.253,0.0,1,8,0.0,1,8,0.0,1,8,0.0,1,8,0.0,1,8,0.0,1,8,-0.0,1,8,-9900,?,9,-9900,?,9,20.58,E,8,16.17,E,8,80.0,E,8,1008.6016999999999,E,8,999.0,E,8,1.45,E,8,-9900,?,9,-9900,?,9,0.001,E,8,-9900,?,9,-9900,?,9,0.01,99.0,E,8
06/10/2022,24:00,0.0,1324.253,0.0,1,8,0.0,1,8,0.0,1,8,0.0,1,8,0.0,1,8,0.0,1,8,-0.0,1,8,-9900,?,9,-9900,?,9,20.2,E,8,17.27,E,8,85.0,E,8,1008.6016999999999,E,8,999.0,E,8,4.83,E,8,-9900,?,9,-9900,?,9,0.036,E,8,-9900,?,9,-9900,?,9,0.36,99.0,E,8
06/11/2022,01:00,0.0,1324.253,0.0,1,8,0.0,1,8,0.0,1,8,0.0,1,8,0.0,1,8,0.0,1,8,-0.0,1,8,-9900,?,9,-9900,?,9,20.01,E,8,17.4,E,8,87.0,E,8,1008.6016999999999,E,8,999.0,E,8,5.09,E,8,-9900,?,9,-9900,?,9,0.008,E,8,-9900,?,9,-9900,?,9,0.08,99.0,E,8
06/11/2022,02:00,0.0,1324.253,0.0,1,8,0.0,1,8,0.0,1,8,0.0,1,8,0.0,1,8,0.0,1,8,-0.0,1,8,-9900,?,9,-9900,?,9,19.82,E,8,17.54,E,8,88.0,E,8,1008.6016999999999,E,8,999.0,E,8,6.44,E,8,-9900,?,9,-9900,?,9,0.006,E,8,-9900,?,9,-9900,?,9,0.06,99.0,E,8
06/11/2022,03:00,0.0,1324.253,0.0,1,8,0.0,1,8,0.0,1,8,0.0,1,8,0.0,1,8,0.0,1,8,-0.0,1,8,-9900,?,9,-9900,?,9,19.63,E,8,17.68,E,8,90.0,E,8,1008.6016999999999,E,8,999.0,E,8,6.64,E,8,-9900,?,9,-9900,?,9,0.099,E,8,-9900,?,9,-9900,?,9,0.99,99.0,E,8
06/11/2022,04:00,0.0,1323.953,0.0,1,8,0.0,1,8,0.0,1,8,0.0,1,8,0.0,1,8,0.0,1,8,-0.0,1,8,-9900,?,9,-9900,?,9,19.44,E,8,17.82,E,8,92.0,E,8,1008.6016999999999,E,8,999.0,E,8,6.87,E,8,-9900,?,9,-9900,?,9,0.049,E,8,-9900,?,9,-9900,?,9,0.49,99.0,E,8
06/11/2022,05:00,0.0,1323.953,0.0,1,8,0.0,1,8,0.0,1,8,0.0,1,8,0.0,1,8,0.0,1,8,-0.0,1,8,-9900,?,9,-9900,?,9,19.25,E,8,17.95,E,8,93.0,E,8,1008.6016999999999,E,8,999.0,E,8,6.58,E,8,-9900,?,9,-9900,?,9,0.068,E,8,-9900,?,9,-9900,?,9,0.68,99.0,E,8
06/11/2022,06:00,0.0,1323.953,0.0,1,8,0.0,1,8,0.0,1,8,0.0,1,8,0.0,1,8,0.0,1,8,-0.0,1,8,-9900,?,9,-9900,?,9,19.11,E,8,18.05,E,8,94.0,E,8,1008.6016999999999,E,8,999.0,E,8,6.51,E,8,-9900,?,9,-9900,?,9,0.027000000000000003,E,8,-9900,?,9,-9900,?,9,0.27,99.0,E,8
06/11/2022,07:00,35.648,1323.953,0.0,1,8,0.0,1,8,0.0,1,8,0.0,1,8,0.0,1,8,0.0,1,8,0.0,1,8,-9900,?,9,-9900,?,9,18.98,E,8,18.14,E,8,96.0,E,8,1008.6016999999999,E,8,999.0,E,8,6.26,E,8,-9900,?,9,-9900,?,9,0.016,E,8,-9900,?,9,-9900,?,9,0.16,99.0,E,8
06/11/2022,08:00,310.589,1323.953,11.11,1,8,0.0,1,8,11.11,1,8,1333.2,1,8,0.0,1,8,1222.1,1,8,15.149,1,8,-9900,?,9,-9900,?,9,18.86,E,8,18.23,E,8,92.0,E,8,1008.6016999999999,E,8,999.0,E,8,5.95,E,8,-9900,?,9,-9900,?,9,0.0,E,8,-9900,?,9,-9900,?,9,0.0,0.0,E,8
06/11/2022,09:00,557.331,1323.953,49.33,1,8,0.0,1,8,49.33,1,8,5919.6,1,8,0.0,1,8,5426.3,1,8,37.352,1,8,-9900,?,9,-9900,?,9,19.84,E,8,17.53,E,8,88.0,E,8,1008.6016999999999,E,8,999.0,E,8,6.2,E,8,-9900,?,9,-9900,?,9,0.012,E,8,-9900,?,9,-9900,?,9,0.12,99.0,E,8
06/11/2022,10:00,753.86,1323.953,104.2,1,8,0.0,1,8,104.2,1,8,12504.0,1,8,0.0,1,8,11462.0,1,8,58.286,1,8,-9900,?,9,-9900,?,9,20.64,E,8,16.94,E,8,77.0,E,8,1008.6016999999999,E,8,999.0,E,8,5.61,E,8,-9900,?,9,-9900,?,9,0.0,E,8,-9900,?,9,-9900,?,9,0.0,0.0,E,8
06/11/2022,11:00,886.449,1323.953,120.23,1,8,0.0,1,8,120.23,1,8,14427.6,1,8,0.0,1,8,13225.3,1,8,57.179,1,8,-9900,?,9,-9900,?,9,21.18,E,8,16.53,E,8,73.0,E,8,1008.6016999999999,E,8,999.0,E,8,4.33,E,8,-9900,?,9,-9900,?,9,0.0,E,8,-9900,?,9,-9900,?,9,0.0,0.0,E,8
06/11/2022,12:00,945.987,1323.953,130.26,1,8,0.0,1,8,130.26,1,8,15631.2,1,8,0.0,1,8,14328.6,1,8,58.046,1,8,-9900,?,9,-9900,?,9,21.56,E,8,16.23,E,8,71.0,E,8,1008.6016999999999,E,8,999.0,E,8,4.16,E,8,-9900,?,9,-9900,?,9,0.0,E,8,-9900,?,9,-9900,?,9,0.0,0.0,E,8
06/11/2022,13:00,928.398,1323.953,129.36,1,8,0.0,1,8,129.36,1,8,15523.2,1,8,0.0,1,8,14229.6,1,8,58.738,1,8,-9900,?,9,-9900,?,9,21.81,E,8,16.04,E,8,69.0,E,8,1008.6016999999999,E,8,999.0,E,8,4.85,E,8,-9900,?,9,-9900,?,9,0.0,E,8,-9900,?,9,-9900,?,9,0.0,0.0,E,8
06/11/2022,14:00,834.887,1323.953,132.44,1,8,0.0,1,8,132.44,1,8,15892.8,1,8,0.0,1,8,14568.4,1,8,66.882,1,8,-9900,?,9,-9900,?,9,22.01,E,8,15.88,E,8,68.0,E,8,1008.6016999999999,E,8,999.0,E,8,4.4,E,8,-9900,?,9,-9900,?,9,0.0,E,8,-9900,?,9,-9900,?,9,0.0,0.0,E,8
06/11/2022,15:00,671.868,1323.953,100.1,1,8,0.0,1,8,100.1,1,8,12012.0,1,8,0.0,1,8,11011.0,1,8,62.84,1,8,-9900,?,9,-9900,?,9,22.02,E,8,15.87,E,8,72.0,E,8,1008.6016999999999,E,8,999.0,E,8,4.03,E,8,-9900,?,9,-9900,?,9,0.001,E,8,-9900,?,9,-9900,?,9,0.01,99.0,E,8
06/11/2022,16:00,450.59,1323.953,69.73,1,8,0.0,1,8,69.73,1,8,8367.6,1,8,0.0,1,8,7670.3,1,8,65.362,1,8,-9900,?,9,-9900,?,9,21.85,E,8,16.0,E,8,69.0,E,8,1008.6016999999999,E,8,999.0,E,8,4.61,E,8,-9900,?,9,-9900,?,9,0.0,E,8,-9900,?,9,-9900,?,9,0.0,0.0,E,8
06/11/2022,17:00,187.005,1323.953,31.51,1,8,0.0,1,8,31.51,1,8,3781.2,1,8,0.0,1,8,3466.1,1,8,71.973,1,8,-9900,?,9,-9900,?,9,21.51,E,8,16.27,E,8,71.0,E,8,1008.6016999999999,E,8,999.0,E,8,4.51,E,8,-9900,?,9,-9900,?,9,0.0,E,8,-9900,?,9,-9900,?,9,0.0,0.0,E,8
06/11/2022,18:00,0.0,1323.953,0.63,1,8,0.0,1,8,0.0,1,8,75.6,1,8,0.0,1,8,0.0,1,8,-0.0,1,8,-9900,?,9,-9900,?,9,21.29,E,8,16.44,E,8,77.0,E,8,1008.6016999999999,E,8,999.0,E,8,4.74,E,8,-9900,?,9,-9900,?,9,0.003,E,8,-9900,?,9,-9900,?,9,0.03,99.0,E,8
06/11/2022,19:00,0.0,1323.953,0.0,1,8,0.0,1,8,0.0,1,8,0.0,1,8,0.0,1,8,0.0,1,8,-0.0,1,8,-9900,?,9,-9900,?,9,21.07,E,8,16.61,E,8,79.0,E,8,1008.6016999999999,E,8,999.0,E,8,4.86,E,8,-9900,?,9,-9900,?,9,0.004,E,8,-9900,?,9,-9900,?,9,0.04,99.0,E,8
06/11/2022,20:00,0.0,1323.953,0.0,1,8,0.0,1,8,0.0,1,8,0.0,1,8,0.0,1,8,0.0,1,8,-0.0,1,8,-9900,?,9,-9900,?,9,20.85,E,8,16.78,E,8,85.0,E,8,1008.6016999999999,E,8,999.0,E,8,4.37,E,8,-9900,?,9,-9900,?,9,0.17099999999999999,E,8,-9900,?,9,-9900,?,9,1.71,99.0,E,8
06/11/2022,21:00,0.0,1323.953,0.0,1,8,0.0,1,8,0.0,1,8,0.0,1,8,0.0,1,8,0.0,1,8,-0.0,1,8,-9900,?,9,-9900,?,9,20.63,E,8,16.95,E,8,91.0,E,8,1008.6016999999999,E,8,999.0,E,8,3.47,E,8,-9900,?,9,-9900,?,9,2.179,E,8,-9900,?,9,-9900,?,9,21.79,99.0,E,8
06/11/2022,22:00,0.0,1323.953,0.0,1,8,0.0,1,8,0.0,1,8,0.0,1,8,0.0,1,8,0.0,1,8,-0.0,1,8,-9900,?,9,-9900,?,9,20.41,E,8,17.11,E,8,84.0,E,8,1008.6016999999999,E,8,999.0,E,8,3.32,E,8,-9900,?,9,-9900,?,9,0.020999999999999998,E,8,-9900,?,9,-9900,?,9,0.21,99.0,E,8
06/11/2022,23:00,0.0,1323.953,0.0,1,8,0.0,1,8,0.0,1,8,0.0,1,8,0.0,1,8,0.0,1,8,-0.0,1,8,-9900,?,9,-9900,?,9,20.19,E,8,17.27,E,8,85.0,E,8,1008.6016999999999,E,8,999.0,E,8,3.1,E,8,-9900,?,9,-9900,?,9,0.001,E,8,-9900,?,9,-9900,?,9,0.01,99.0,E,8
06/11/2022,24:00,0.0,1323.953,0.0,1,8,0.0,1,8,0.0,1,8,0.0,1,8,0.0,1,8,0.0,1,8,-0.0,1,8,-9900,?,9,-9900,?,9,19.97,E,8,18.53,E,8,88.0,E,8,1008.6016999999999,E,8,999.0,E,8,2.59,E,8,-9900,?,9,-9900,?,9,0.075,E,8,-9900,?,9,-9900,?,9,0.75,99.0,E,8
06/12/2022,01:00,0.0,1323.953,0.0,1,8,0.0,1,8,0.0,1,8,0.0,1,8,0.0,1,8,0.0,1,8,-0.0,1,8,-9900,?,9,-9900,?,9,19.86,E,8,18.55,E,8,93.0,E,8,1008.6016999999999,E,8,999.0,E,8,3.14,E,8,-9900,?,9,-9900,?,9,0.145,E,8,-9900,?,9,-9900,?,9,1.45,99.0,E,8
06/12/2022,02:00,0.0,1323.953,0.0,1,8,0.0,1,8,0.0,1,8,0.0,1,8,0.0,1,8,0.0,1,8,-0.0,1,8,-9900,?,9,-9900,?,9,19.75,E,8,18.57,E,8,94.0,E,8,1008.6016999999999,E,8,999.0,E,8,3.82,E,8,-9900,?,9,-9900,?,9,0.11499999999999999,E,8,-9900,?,9,-9900,?,9,1.15,99.0,E,8
06/12/2022,03:00,0.0,1323.953,0.0,1,8,0.0,1,8,0.0,1,8,0.0,1,8,0.0,1,8,0.0,1,8,-0.0,1,8,-9900,?,9,-9900,?,9,19.64,E,8,18.59,E,8,90.0,E,8,1008.6016999999999,E,8,999.0,E,8,3.57,E,8,-9900,?,9,-9900,?,9,0.093,E,8,-9900,?,9,-9900,?,9,0.93,99.0,E,8
06/12/2022,04:00,0.0,1323.665,0.0,1,8,0.0,1,8,0.0,1,8,0.0,1,8,0.0,1,8,0.0,1,8,-0.0,1,8,-9900,?,9,-9900,?,9,19.54,E,8,18.6,E,8,95.0,E,8,1008.6016999999999,E,8,999.0,E,8,3.44,E,8,-9900,?,9,-9900,?,9,0.42400000000000004,E,8,-9900,?,9,-9900,?,9,4.24,99.0,E,8
06/12/2022,05:00,0.0,1323.665,0.0,1,8,0.0,1,8,0.0,1,8,0.0,1,8,0.0,1,8,0.0,1,8,-0.0,1,8,-9900,?,9,-9900,?,9,19.43,E,8,18.62,E,8,96.0,E,8,1008.6016999999999,E,8,999.0,E,8,3.73,E,8,-9900,?,9,-9900,?,9,0.189,E,8,-9900,?,9,-9900,?,9,1.89,99.0,E,8
06/12/2022,06:00,0.0,1323.665,0.0,1,8,0.0,1,8,0.0,1,8,0.0,1,8,0.0,1,8,0.0,1,8,-0.0,1,8,-9900,?,9,-9900,?,9,19.34,E,8,18.64,E,8,96.0,E,8,1008.6016999999999,E,8,999.0,E,8,3.37,E,8,-9900,?,9,-9900,?,9,0.262,E,8,-9900,?,9,-9900,?,9,2.62,99.0,E,8
06/12/2022,07:00,34.179,1323.665,0.0,1,8,0.0,1,8,0.0,1,8,0.0,1,8,0.0,1,8,0.0,1,8,0.0,1,8,-9900,?,9,-9900,?,9,19.27,E,8,18.65,E,8,92.0,E,8,1008.6016999999999,E,8,999.0,E,8,3.6,E,8,-9900,?,9,-9900,?,9,0.008,E,8,-9900,?,9,-9900,?,9,0.08,99.0,E,8
06/12/2022,08:00,308.868,1323.665,7.69,1,8,0.0,1,8,7.69,1,8,922.8,1,8,0.0,1,8,845.9,1,8,10.542,1,8,-9900,?,9,-9900,?,9,19.2,E,8,18.66,E,8,93.0,E,8,1008.6016999999999,E,8,999.0,E,8,3.84,E,8,-9900,?,9,-9900,?,9,0.062,E,8,-9900,?,9,-9900,?,9,0.62,99.0,E,8
06/12/2022,09:00,555.576,1323.665,34.63,1,8,0.0,1,8,34.63,1,8,4155.6,1,8,0.0,1,8,3809.3,1,8,26.298,1,8,-9900,?,9,-9900,?,9,20.37,E,8,18.46,E,8,86.0,E,8,1008.6016999999999,E,8,999.0,E,8,2.75,E,8,-9900,?,9,-9900,?,9,0.028000000000000004,E,8,-9900,?,9,-9900,?,9,0.28,99.0,E,8
06/12/2022,10:00,752.165,1323.665,59.9,1,8,0.0,1,8,59.9,1,8,7188.0,1,8,0.0,1,8,6589.0,1,8,33.574,1,8,-9900,?,9,-9900,?,9,21.09,E,8,18.34,E,8,82.0,E,8,1008.6016999999999,E,8,999.0,E,8,3.15,E,8,-9900,?,9,-9900,?,9,0.034,E,8,-9900,?,9,-9900,?,9,0.34,99.0,E,8
06/12/2022,11:00,884.898,1323.665,79.07,1,8,0.0,1,8,79.07,1,8,9488.4,1,8,0.0,1,8,8697.7,1,8,37.662,1,8,-9900,?,9,-9900,?,9,21.72,E,8,18.23,E,8,79.0,E,8,1008.6016999999999,E,8,999.0,E,8,2.99,E,8,-9900,?,9,-9900,?,9,0.011,E,8,-9900,?,9,-9900,?,9,0.11,99.0,E,8
06/12/2022,12:00,944.656,1323.665,90.36,1,8,0.0,1,8,90.36,1,8,10843.2,1,8,0.0,1,8,9939.6,1,8,40.314,1,8,-9900,?,9,-9900,?,9,22.22,E,8,18.14,E,8,85.0,E,8,1008.6016999999999,E,8,999.0,E,8,2.95,E,8,-9900,?,9,-9900,?,9,4.492,E,8,-9900,?,9,-9900,?,9,44.92,99.0,E,8
06/12/2022,13:00,927.346,1323.665,92.85,1,8,0.0,1,8,92.85,1,8,11142.0,1,8,0.0,1,8,10213.5,1,8,42.199,1,8,-9900,?,9,-9900,?,9,22.57,E,8,18.08,E,8,75.0,E,8,1008.6016999999999,E,8,999.0,E,8,2.85,E,8,-9900,?,9,-9900,?,9,0.014000000000000002,E,8,-9900,?,9,-9900,?,9,0.14,99.0,E,8
06/12/2022,14:00,834.156,1323.665,86.36,1,8,0.0,1,8,86.36,1,8,10363.2,1,8,0.0,1,8,9499.6,1,8,43.64,1,8,-9900,?,9,-9900,?,9,22.78,E,8,18.05,E,8,74.0,E,8,1008.6016999999999,E,8,999.0,E,8,2.5,E,8,-9900,?,9,-9900,?,9,0.006,E,8,-9900,?,9,-9900,?,9,0.06,99.0,E,8
06/12/2022,15:00,671.475,1323.665,71.4,1,8,0.0,1,8,71.4,1,8,8568.0,1,8,0.0,1,8,7854.0,1,8,44.84,1,8,-9900,?,9,-9900,?,9,22.83,E,8,18.04,E,8,74.0,E,8,1008.6016999999999,E,8,999.0,E,8,2.94,E,8,-9900,?,9,-9900,?,9,0.004,E,8,-9900,?,9,-9900,?,9,0.04,99.0,E,8
06/12/2022,16:00,450.531,1323.665,49.21,1,8,0.0,1,8,49.21,1,8,5905.2,1,8,0.0,1,8,5413.1,1,8,46.123,1,8,-9900,?,9,-9900,?,9,22.66,E,8,18.07,E,8,75.0,E,8,1008.6016999999999,E,8,999.0,E,8,3.25,E,8,-9900,?,9,-9900,?,9,0.051000000000000004,E,8,-9900,?,9,-9900,?,9,0.51,99.0,E,8
06/12/2022,17:00,187.249,1323.665,22.25,1,8,0.0,1,8,22.25,1,8,2670.0,1,8,0.0,1,8,2447.5,1,8,50.743,1,8,-9900,?,9,-9900,?,9,22.27,E,8,18.14,E,8,76.0,E,8,1008.6016999999999,E,8,999.0,E,8,3.87,E,8,-9900,?,9,-9900,?,9,0.018,E,8,-9900,?,9,-9900,?,9,0.18,99.0,E,8
06/12/2022,18:00,0.0,1323.665,0.45,1,8,0.0,1,8,0.0,1,8,54.0,1,8,0.0,1,8,0.0,1,8,-0.0,1,8,-9900,?,9,-9900,?,9,21.93,E,8,18.2,E,8,78.0,E,8,1008.6016999999999,E,8,999.0,E,8,3.79,E,8,-9900,?,9,-9900,?,9,0.001,E,8,-9900,?,9,-9900,?,9,0.01,99.0,E,8
06/12/2022,19:00,0.0,1323.665,0.0,1,8,0.0,1,8,0.0,1,8,0.0,1,8,0.0,1,8,0.0,1,8,-0.0,1,8,-9900,?,9,-9900,?,9,21.59,E,8,18.25,E,8,76.0,E,8,1008.6016999999999,E,8,999.0,E,8,4.03,E,8,-9900,?,9,-9900,?,9,0.0,E,8,-9900,?,9,-9900,?,9,0.0,0.0,E,8
06/12/2022,20:00,0.0,1323.665,0.0,1,8,0.0,1,8,0.0,1,8,0.0,1,8,0.0,1,8,0.0,1,8,-0.0,1,8,-9900,?,9,-9900,?,9,21.25,E,8,18.31,E,8,81.0,E,8,1008.6016999999999,E,8,999.0,E,8,3.07,E,8,-9900,?,9,-9900,?,9,0.003,E,8,-9900,?,9,-9900,?,9,0.03,99.0,E,8
06/12/2022,21:00,0.0,1323.665,0.0,1,8,0.0,1,8,0.0,1,8,0.0,1,8,0.0,1,8,0.0,1,8,-0.0,1,8,-9900,?,9,-9900,?,9,20.92,E,8,18.37,E,8,83.0,E,8,1008.6016999999999,E,8,999.0,E,8,2.98,E,8,-9900,?,9,-9900,?,9,0.001,E,8,-9900,?,9,-9900,?,9,0.01,99.0,E,8
06/12/2022,22:00,0.0,1323.665,0.0,1,8,0.0,1,8,0.0,1,8,0.0,1,8,0.0,1,8,0.0,1,8,-0.0,1,8,-9900,?,9,-9900,?,9,20.58,E,8,18.43,E,8,85.0,E,8,1008.6016999999999,E,8,999.0,E,8,3.83,E,8,-9900,?,9,-9900,?,9,0.022,E,8,-9900,?,9,-9900,?,9,0.22,99.0,E,8
06/12/2022,23:00,0.0,1323.665,0.0,1,8,0.0,1,8,0.0,1,8,0.0,1,8,0.0,1,8,0.0,1,8,-0.0,1,8,-9900,?,9,-9900,?,9,20.24,E,8,18.49,E,8,87.0,E,8,1008.6016999999999,E,8,999.0,E,8,3.78,E,8,-9900,?,9,-9900,?,9,0.041999999999999996,E,8,-9900,?,9,-9900,?,9,0.42,99.0,E,8
06/12/2022,24:00,0.0,1323.665,0.0,1,8,0.0,1,8,0.0,1,8,0.0,1,8,0.0,1,8,0.0,1,8,-0.0,1,8,-9900,?,9,-9900,?,9,19.9,E,8,15.83,E,8,77.0,E,8,1008.6016999999999,E,8,999.0,E,8,1.44,E,8,-9900,?,9,-9900,?,9,0.0,E,8,-9900,?,9,-9900,?,9,0.0,0.0,E,8
06/13/2022,01:00,0.0,1323.665,0.0,1,8,0.0,1,8,0.0,1,8,0.0,1,8,0.0,1,8,0.0,1,8,-0.0,1,8,-9900,?,9,-9900,?,9,19.73,E,8,15.77,E,8,77.0,E,8,1008.6016999999999,E,8,999.0,E,8,1.17,E,8,-9900,?,9,-9900,?,9,0.0,E,8,-9900,?,9,-9900,?,9,0.0,0.0,E,8
06/13/2022,02:00,0.0,1323.665,0.0,1,8,0.0,1,8,0.0,1,8,0.0,1,8,0.0,1,8,0.0,1,8,-0.0,1,8,-9900,?,9,-9900,?,9,19.56,E,8,15.7,E,8,78.0,E,8,1008.6016999999999,E,8,999.0,E,8,1.17,E,8,-9900,?,9,-9900,?,9,0.0,E,8,-9900,?,9,-9900,?,9,0.0,0.0,E,8
06/13/2022,03:00,0.0,1323.665,0.0,1,8,0.0,1,8,0.0,1,8,0.0,1,8,0.0,1,8,0.0,1,8,-0.0,1,8,-9900,?,9,-9900,?,9,19.39,E,8,15.64,E,8,78.0,E,8,1008.6016999999999,E,8,999.0,E,8,1.17,E,8,-9900,?,9,-9900,?,9,0.0,E,8,-9900,?,9,-9900,?,9,0.0,0.0,E,8
06/13/2022,04:00,0.0,1323.39,0.0,1,8,0.0,1,8,0.0,1,8,0.0,1,8,0.0,1,8,0.0,1,8,-0.0,1,8,-9900,?,9,-9900,?,9,19.22,E,8,15.57,E,8,79.0,E,8,1008.6016999999999,E,8,999.0,E,8,1.17,E,8,-9900,?,9,-9900,?,9,0.0,E,8,-9900,?,9,-9900,?,9,0.0,0.0,E,8
06/13/2022,05:00,0.0,1323.39,0.0,1,8,0.0,1,8,0.0,1,8,0.0,1,8,0.0,1,8,0.0,1,8,-0.0,1,8,-9900,?,9,-9900,?,9,19.05,E,8,15.5,E,8,79.0,E,8,1008.6016999999999,E,8,999.0,E,8,1.17,E,8,-9900,?,9,-9900,?,9,0.0,E,8,-9900,?,9,-9900,?,9,0.0,0.0,E,8
06/13/2022,06:00,0.0,1323.39,0.0,1,8,0.0,1,8,0.0,1,8,0.0,1,8,0.0,1,8,0.0,1,8,-0.0,1,8,-9900,?,9,-9900,?,9,18.92,E,8,15.45,E,8,80.0,E,8,1008.6016999999999,E,8,999.0,E,8,1.17,E,8,-9900,?,9,-9900,?,9,0.0,E,8,-9900,?,9,-9900,?,9,0.0,0.0,E,8
06/13/2022,07:00,32.76,1323.39,0.0,1,8,0.0,1,8,0.0,1,8,0.0,1,8,0.0,1,8,0.0,1,8,0.0,1,8,-9900,?,9,-9900,?,9,18.81,E,8,15.41,E,8,80.0,E,8,1008.6016999999999,E,8,999.0,E,8,1.17,E,8,-9900,?,9,-9900,?,9,0.0,E,8,-9900,?,9,-9900,?,9,0.0,0.0,E,8
06/13/2022,08:00,307.215,1323.39,57.22,1,8,0.0,1,8,57.22,1,8,6866.4,1,8,0.0,1,8,6294.2,1,8,78.853,1,8,-9900,?,9,-9900,?,9,18.7,E,8,15.36,E,8,80.0,E,8,1008.6016999999999,E,8,999.0,E,8,1.17,E,8,-9900,?,9,-9900,?,9,0.0,E,8,-9900,?,9,-9900,?,9,0.0,0.0,E,8
06/13/2022,09:00,553.905,1323.39,258.52,1,8,196.328,1,8,176.46,1,8,31022.4,1,8,18651.172,1,8,19410.555,1,8,134.383,1,8,-9900,?,9,-9900,?,9,21.05,E,8,16.27,E,8,74.0,E,8,1008.6016999999999,E,8,999.0,E,8,1.92,E,8,-9900,?,9,-9900,?,9,0.0,E,8,-9900,?,9,-9900,?,9,0.0,0.0,E,8
06/13/2022,10:00,750.567,1323.39,444.15,1,8,430.079,1,8,200.379,1,8,53298.0,1,8,40857.516,1,8,22041.719,1,8,112.53,1,8,-9900,?,9,-9900,?,9,22.47,E,8,16.79,E,8,70.0,E,8,1008.6016999999999,E,8,999.0,E,8,3.1,E,8,-9900,?,9,-9900,?,9,0.0,E,8,-9900,?,9,-9900,?,9,0.0,0.0,E,8
06/13/2022,11:00,883.456,1323.39,592.38,1,8,634.339,1,8,169.069,1,8,71085.6,1,8,60262.18,1,8,18597.564,1,8,80.645,1,8,-9900,?,9,-9900,?,9,23.73,E,8,17.25,E,8,67.0,E,8,1008.6016999999999,E,8,999.0,E,8,4.35,E,8,-9900,?,9,-9900,?,9,0.0,E,8,-9900,?,9,-9900,?,9,0.0,0.0,E,8
06/13/2022,12:00,943.44,1323.39,682.71,1,8,780.403,1,8,126.521,1,8,81925.2,1,8,74138.267,1,8,13917.362,1,8,56.508,1,8,-9900,?,9,-9900,?,9,24.75,E,8,17.6,E,8,64.0,E,8,1008.6016999999999,E,8,999.0,E,8,4.66,E,8,-9900,?,9,-9900,?,9,0.0,E,8,-9900,?,9,-9900,?,9,0.0,0.0,E,8
06/13/2022,13:00,926.413,1323.39,702.37,1,8,882.881,1,8,84.516,1,8,84284.4,1,8,83873.688,1,8,9296.727,1,8,38.442,1,8,-9900,?,9,-9900,?,9,25.49,E,8,17.86,E,8,62.0,E,8,1008.6016999999999,E,8,999.0,E,8,4.59,E,8,-9900,?,9,-9900,?,9,0.0,E,8,-9900,?,9,-9900,?,9,0.0,0.0,E,8
06/13/2022,14:00,833.54,1323.39,654.92,1,8,771.9,1,8,168.954,1,8,78590.4,1,8,73330.462,1,8,18584.959,1,8,85.423,1,8,-9900,?,9,-9900,?,9,25.91,E,8,18.0,E,8,61.0,E,8,1008.6016999999999,E,8,999.0,E,8,4.78,E,8,-9900,?,9,-9900,?,9,0.0,E,8,-9900,?,9,-9900,?,9,0.0,0.0,E,8
06/13/2022,15:00,671.191,1323.39,541.51,1,8,754.716,1,8,159.06,1,8,64981.2,1,8,71697.988,1,8,17496.585,1,8,99.912,1,8,-9900,?,9,-9900,?,9,26.01,E,8,18.03,E,8,61.0,E,8,1008.6016999999999,E,8,999.0,E,8,4.84,E,8,-9900,?,9,-9900,?,9,0.0,E,8,-9900,?,9,-9900,?,9,0.0,0.0,E,8
06/13/2022,16:00,450.57,1323.39,374.97,1,8,637.549,1,8,158.385,1,8,44996.4,1,8,60567.202,1,8,17422.391,1,8,148.406,1,8,-9900,?,9,-9900,?,9,25.69,E,8,17.93,E,8,62.0,E,8,1008.6016999999999,E,8,999.0,E,8,4.82,E,8,-9900,?,9,-9900,?,9,0.0,E,8,-9900,?,9,-9900,?,9,0.0,0.0,E,8
06/13/2022,17:00,187.576,1323.39,170.49,1,8,426.884,1,8,110.789,1,8,20458.8,1,8,40554.013,1,8,12186.75,1,8,252.157,1,8,-9900,?,9,-9900,?,9,24.91,E,8,17.66,E,8,64.0,E,8,1008.6016999999999,E,8,999.0,E,8,4.39,E,8,-9900,?,9,-9900,?,9,0.0,E,8,-9900,?,9,-9900,?,9,0.0,0.0,E,8
06/13/2022,18:00,0.0,1323.39,4.06,1,8,0.0,1,8,0.0,1,8,487.2,1,8,0.0,1,8,0.0,1,8,-0.0,1,8,-9900,?,9,-9900,?,9,24.28,E,8,17.44,E,8,65.0,E,8,1008.6016999999999,E,8,999.0,E,8,3.58,E,8,-9900,?,9,-9900,?,9,0.0,E,8,-9900,?,9,-9900,?,9,0.0,0.0,E,8
06/13/2022,19:00,0.0,1323.39,0.0,1,8,0.0,1,8,0.0,1,8,0.0,1,8,0.0,1,8,0.0,1,8,-0.0,1,8,-9900,?,9,-9900,?,9,23.65,E,8,17.22,E,8,67.0,E,8,1008.6016999999999,E,8,999.0,E,8,3.27,E,8,-9900,?,9,-9900,?,9,0.0,E,8,-9900,?,9,-9900,?,9,0.0,0.0,E,8
06/13/2022,20:00,0.0,1323.39,0.0,1,8,0.0,1,8,0.0,1,8,0.0,1,8,0.0,1,8,0.0,1,8,-0.0,1,8,-9900,?,9,-9900,?,9,23.03,E,8,17.0,E,8,68.0,E,8,1008.6016999999999,E,8,999.0,E,8,2.16,E,8,-9900,?,9,-9900,?,9,0.0,E,8,-9900,?,9,-9900,?,9,0.0,0.0,E,8
06/13/2022,21:00,0.0,1323.39,0.0,1,8,0.0,1,8,0.0,1,8,0.0,1,8,0.0,1,8,0.0,1,8,-0.0,1,8,-9900,?,9,-9900,?,9,22.4,E,8,16.77,E,8,70.0,E,8,1008.6016999999999,E,8,999.0,E,8,1.28,E,8,-9900,?,9,-9900,?,9,0.0,E,8,-9900,?,9,-9900,?,9,0.0,0.0,E,8
06/13/2022,22:00,0.0,1323.39,0.0,1,8,0.0,1,8,0.0,1,8,0.0,1,8,0.0,1,8,0.0,1,8,-0.0,1,8,-9900,?,9,-9900,?,9,21.77,E,8,16.54,E,8,72.0,E,8,1008.6016999999999,E,8,999.0,E,8,1.17,E,8,-9900,?,9,-9900,?,9,0.0,E,8,-9900,?,9,-9900,?,9,0.0,0.0,E,8
06/13/2022,23:00,0.0,1323.39,0.0,1,8,0.0,1,8,0.0,1,8,0.0,1,8,0.0,1,8,0.0,1,8,-0.0,1,8,-9900,?,9,-9900,?,9,21.14,E,8,16.3,E,8,73.0,E,8,1008.6016999999999,E,8,999.0,E,8,1.17,E,8,-9900,?,9,-9900,?,9,0.0,E,8,-9900,?,9,-9900,?,9,0.0,0.0,E,8
06/13/2022,24:00,0.0,1323.39,0.0,1,8,0.0,1,8,0.0,1,8,0.0,1,8,0.0,1,8,0.0,1,8,-0.0,1,8,-9900,?,9,-9900,?,9,20.51,E,8,16.16,E,8,76.0,E,8,1008.6016999999999,E,8,999.0,E,8,1.0,E,8,-9900,?,9,-9900,?,9,0.0,E,8,-9900,?,9,-9900,?,9,0.0,0.0,E,8
06/14/2022,01:00,0.0,1323.39,0.0,1,8,0.0,1,8,0.0,1,8,0.0,1,8,0.0,1,8,0.0,1,8,-0.0,1,8,-9900,?,9,-9900,?,9,20.2,E,8,16.03,E,8,76.0,E,8,1008.6016999999999,E,8,999.0,E,8,1.0,E,8,-9900,?,9,-9900,?,9,0.0,E,8,-9900,?,9,-9900,?,9,0.0,0.0,E,8
06/14/2022,02:00,0.0,1323.39,0.0,1,8,0.0,1,8,0.0,1,8,0.0,1,8,0.0,1,8,0.0,1,8,-0.0,1,8,-9900,?,9,-9900,?,9,19.89,E,8,15.89,E,8,77.0,E,8,1008.6016999999999,E,8,999.0,E,8,1.0,E,8,-9900,?,9,-9900,?,9,0.0,E,8,-9900,?,9,-9900,?,9,0.0,0.0,E,8
06/14/2022,03:00,0.0,1323.39,0.0,1,8,0.0,1,8,0.0,1,8,0.0,1,8,0.0,1,8,0.0,1,8,-0.0,1,8,-9900,?,9,-9900,?,9,19.57,E,8,15.75,E,8,78.0,E,8,1008.6016999999999,E,8,999.0,E,8,1.0,E,8,-9900,?,9,-9900,?,9,0.0,E,8,-9900,?,9,-9900,?,9,0.0,0.0,E,8
06/14/2022,04:00,0.0,1323.126,0.0,1,8,0.0,1,8,0.0,1,8,0.0,1,8,0.0,1,8,0.0,1,8,-0.0,1,8,-9900,?,9,-9900,?,9,19.26,E,8,15.61,E,8,79.0,E,8,1008.6016999999999,E,8,999.0,E,8,1.0,E,8,-9900,?,9,-9900,?,9,0.0,E,8,-9900,?,9,-9900,?,9,0.0,0.0,E,8
06/14/2022,05:00,0.0,1323.126,0.0,1,8,0.0,1,8,0.0,1,8,0.0,1,8,0.0,1,8,0.0,1,8,-0.0,1,8,-9900,?,9,-9900,?,9,18.95,E,8,15.47,E,8,80.0,E,8,1008.6016999999999,E,8,999.0,E,8,1.0,E,8,-9900,?,9,-9900,?,9,0.0,E,8,-9900,?,9,-9900,?,9,0.0,0.0,E,8
06/14/2022,06:00,0.0,1323.126,0.0,1,8,0.0,1,8,0.0,1,8,0.0,1,8,0.0,1,8,0.0,1,8,-0.0,1,8,-9900,?,9,-9900,?,9,18.7,E,8,15.35,E,8,80.0,E,8,1008.6016999999999,E,8,999.0,E,8,1.0,E,8,-9900,?,9,-9900,?,9,0.0,E,8,-9900,?,9,-9900,?,9,0.0,0.0,E,8
06/14/2022,07:00,31.393,1323.126,0.0,1,8,0.0,1,8,0.0,1,8,0.0,1,8,0.0,1,8,0.0,1,8,0.0,1,8,-9900,?,9,-9900,?,9,18.5,E,8,15.26,E,8,81.0,E,8,1008.6016999999999,E,8,999.0,E,8,1.0,E,8,-9900,?,9,-9900,?,9,0.0,E,8,-9900,?,9,-9900,?,9,0.0,0.0,E,8
06/14/2022,08:00,305.631,1323.126,57.63,1,8,0.0,1,8,57.63,1,8,6915.6,1,8,0.0,1,8,6339.3,1,8,79.818,1,8,-9900,?,9,-9900,?,9,18.29,E,8,15.16,E,8,81.0,E,8,1008.6016999999999,E,8,999.0,E,8,1.0,E,8,-9900,?,9,-9900,?,9,0.0,E,8,-9900,?,9,-9900,?,9,0.0,0.0,E,8
06/14/2022,09:00,552.32,1323.126,269.18,1,8,230.288,1,8,173.182,1,8,32301.6,1,8,21877.35,1,8,19050.068,1,8,132.241,1,8,-9900,?,9,-9900,?,9,20.6,E,8,16.2,E,8,75.0,E,8,1008.6016999999999,E,8,999.0,E,8,1.0,E,8,-9900,?,9,-9900,?,9,0.0,E,8,-9900,?,9,-9900,?,9,0.0,0.0,E,8
06/14/2022,10:00,749.069,1323.126,464.38,1,8,516.41,1,8,172.204,1,8,55725.6,1,8,49058.913,1,8,18942.424,1,8,96.882,1,8,-9900,?,9,-9900,?,9,22.02,E,8,16.82,E,8,72.0,E,8,1008.6016999999999,E,8,999.0,E,8,1.88,E,8,-9900,?,9,-9900,?,9,0.0,E,8,-9900,?,9,-9900,?,9,0.0,0.0,E,8
06/14/2022,11:00,882.124,1323.126,618.6,1,8,731.654,1,8,130.988,1,8,74232.0,1,8,69507.159,1,8,14408.637,1,8,62.562,1,8,-9900,?,9,-9900,?,9,23.27,E,8,17.34,E,8,69.0,E,8,1008.6016999999999,E,8,999.0,E,8,2.95,E,8,-9900,?,9,-9900,?,9,0.0,E,8,-9900,?,9,-9900,?,9,0.0,0.0,E,8
06/14/2022,12:00,942.341,1323.126,707.73,1,8,861.933,1,8,94.03,1,8,84927.6,1,8,81883.657,1,8,10343.256,1,8,42.037,1,8,-9900,?,9,-9900,?,9,24.28,E,8,17.75,E,8,66.0,E,8,1008.6016999999999,E,8,999.0,E,8,3.29,E,8,-9900,?,9,-9900,?,9,0.0,E,8,-9900,?,9,-9900,?,9,0.0,0.0,E,8
06/14/2022,13:00,925.597,1323.126,723.22,1,8,767.471,1,8,186.498,1,8,86786.4,1,8,72909.783,1,8,20514.734,1,8,84.886,1,8,-9900,?,9,-9900,?,9,24.99,E,8,18.03,E,8,65.0,E,8,1008.6016999999999,E,8,999.0,E,8,4.17,E,8,-9900,?,9,-9900,?,9,0.0,E,8,-9900,?,9,-9900,?,9,0.0,0.0,E,8
06/14/2022,14:00,833.04,1323.126,671.7,1,8,783.021,1,8,178.93,1,8,80604.0,1,8,74387.021,1,8,19682.353,1,8,90.503,1,8,-9900,?,9,-9900,?,9,25.39,E,8,18.19,E,8,64.0,E,8,1008.6016999999999,E,8,999.0,E,8,4.31,E,8,-9900,?,9,-9900,?,9,0.0,E,8,-9900,?,9,-9900,?,9,0.0,0.0,E,8
06/14/2022,15:00,671.015,1323.126,553.19,1,8,755.843,1,8,170.193,1,8,66382.8,1,8,71805.1,1,8,18721.195,1,8,106.912,1,8,-9900,?,9,-9900,?,9,25.48,E,8,18.22,E,8,64.0,E,8,1008.6016999999999,E,8,999.0,E,8,4.42,E,8,-9900,?,9,-9900,?,9,0.0,E,8,-9900,?,9,-9900,?,9,0.0,0.0,E,8
06/14/2022,16:00,450.706,1323.126,377.62,1,8,637.287,1,8,161.016,1,8,45314.4,1,8,60542.251,1,8,17711.734,1,8,150.795,1,8,-9900,?,9,-9900,?,9,25.13,E,8,18.08,E,8,64.0,E,8,1008.6016999999999,E,8,999.0,E,8,4.31,E,8,-9900,?,9,-9900,?,9,0.0,E,8,-9900,?,9,-9900,?,9,0.0,0.0,E,8
06/14/2022,17:00,187.985,1323.126,167.92,1,8,435.078,1,8,106.924,1,8,20150.4,1,8,41332.439,1,8,11761.663,1,8,242.769,1,8,-9900,?,9,-9900,?,9,24.34,E,8,17.77,E,8,66.0,E,8,1008.6016999999999,E,8,999.0,E,8,3.54,E,8,-9900,?,9,-9900,?,9,0.0,E,8,-9900,?,9,-9900,?,9,0.0,0.0,E,8
06/14/2022,18:00,0.0,1323.126,3.74,1,8,0.0,1,8,0.0,1,8,448.8,1,8,0.0,1,8,0.0,1,8,-0.0,1,8,-9900,?,9,-9900,?,9,23.77,E,8,17.54,E,8,68.0,E,8,1008.6016999999999,E,8,999.0,E,8,3.12,E,8,-9900,?,9,-9900,?,9,0.0,E,8,-9900,?,9,-9900,?,9,0.0,0.0,E,8
06/14/2022,19:00,0.0,1323.126,0.0,1,8,0.0,1,8,0.0,1,8,0.0,1,8,0.0,1,8,0.0,1,8,-0.0,1,8,-9900,?,9,-9900,?,9,23.2,E,8,17.31,E,8,69.0,E,8,1008.6016999999999,E,8,999.0,E,8,2.66,E,8,-9900,?,9,-9900,?,9,0.0,E,8,-9900,?,9,-9900,?,9,0.0,0.0,E,8
06/14/2022,20:00,0.0,1323.126,0.0,1,8,0.0,1,8,0.0,1,8,0.0,1,8,0.0,1,8,0.0,1,8,-0.0,1,8,-9900,?,9,-9900,?,9,22.63,E,8,17.07,E,8,70.0,E,8,1008.6016999999999,E,8,999.0,E,8,1.78,E,8,-9900,?,9,-9900,?,9,0.0,E,8,-9900,?,9,-9900,?,9,0.0,0.0,E,8
06/14/2022,21:00,0.0,1323.126,0.0,1,8,0.0,1,8,0.0,1,8,0.0,1,8,0.0,1,8,0.0,1,8,-0.0,1,8,-9900,?,9,-9900,?,9,22.06,E,8,16.83,E,8,72.0,E,8,1008.6016999999999,E,8,999.0,E,8,1.0,E,8,-9900,?,9,-9900,?,9,0.0,E,8,-9900,?,9,-9900,?,9,0.0,0.0,E,8
06/14/2022,22:00,0.0,1323.126,0.0,1,8,0.0,1,8,0.0,1,8,0.0,1,8,0.0,1,8,0.0,1,8,-0.0,1,8,-9900,?,9,-9900,?,9,21.5,E,8,16.59,E,8,73.0,E,8,1008.6016999999999,E,8,999.0,E,8,1.0,E,8,-9900,?,9,-9900,?,9,0.0,E,8,-9900,?,9,-9900,?,9,0.0,0.0,E,8
06/14/2022,23:00,0.0,1323.126,0.0,1,8,0.0,1,8,0.0,1,8,0.0,1,8,0.0,1,8,0.0,1,8,-0.0,1,8,-9900,?,9,-9900,?,9,20.93,E,8,16.35,E,8,75.0,E,8,1008.6016999999999,E,8,999.0,E,8,1.0,E,8,-9900,?,9,-9900,?,9,0.0,E,8,-9900,?,9,-9900,?,9,0.0,0.0,E,8
06/14/2022,24:00,0.0,1323.126,0.0,1,8,0.0,1,8,0.0,1,8,0.0,1,8,0.0,1,8,0.0,1,8,-0.0,1,8,-9900,?,9,-9900,?,9,20.36,E,8,17.31,E,8,82.0,E,8,1008.6016999999999,E,8,999.0,E,8,1.15,E,8,-9900,?,9,-9900,?,9,0.0,E,8,-9900,?,9,-9900,?,9,0.0,0.0,E,8
06/15/2022,01:00,0.0,1323.126,0.0,1,8,0.0,1,8,0.0,1,8,0.0,1,8,0.0,1,8,0.0,1,8,-0.0,1,8,-9900,?,9,-9900,?,9,20.07,E,8,17.21,E,8,83.0,E,8,1008.6016999999999,E,8,999.0,E,8,1.15,E,8,-9900,?,9,-9900,?,9,0.0,E,8,-9900,?,9,-9900,?,9,0.0,0.0,E,8
06/15/2022,02:00,0.0,1323.126,0.0,1,8,0.0,1,8,0.0,1,8,0.0,1,8,0.0,1,8,0.0,1,8,-0.0,1,8,-9900,?,9,-9900,?,9,19.79,E,8,17.11,E,8,84.0,E,8,1008.6016999999999,E,8,999.0,E,8,1.15,E,8,-9900,?,9,-9900,?,9,0.0,E,8,-9900,?,9,-9900,?,9,0.0,0.0,E,8
06/15/2022,03:00,0.0,1323.126,0.0,1,8,0.0,1,8,0.0,1,8,0.0,1,8,0.0,1,8,0.0,1,8,-0.0,1,8,-9900,?,9,-9900,?,9,19.5,E,8,17.0,E,8,85.0,E,8,1008.6016999999999,E,8,999.0,E,8,1.15,E,8,-9900,?,9,-9900,?,9,0.0,E,8,-9900,?,9,-9900,?,9,0.0,0.0,E,8
06/15/2022,04:00,0.0,1322.875,0.0,1,8,0.0,1,8,0.0,1,8,0.0,1,8,0.0,1,8,0.0,1,8,-0.0,1,8,-9900,?,9,-9900,?,9,19.22,E,8,16.9,E,8,86.0,E,8,1008.6016999999999,E,8,999.0,E,8,1.15,E,8,-9900,?,9,-9900,?,9,0.0,E,8,-9900,?,9,-9900,?,9,0.0,0.0,E,8
06/15/2022,05:00,0.0,1322.875,0.0,1,8,0.0,1,8,0.0,1,8,0.0,1,8,0.0,1,8,0.0,1,8,-0.0,1,8,-9900,?,9,-9900,?,9,18.94,E,8,16.79,E,8,87.0,E,8,1008.6016999999999,E,8,999.0,E,8,1.15,E,8,-9900,?,9,-9900,?,9,0.0,E,8,-9900,?,9,-9900,?,9,0.0,0.0,E,8
06/15/2022,06:00,0.0,1322.875,0.0,1,8,0.0,1,8,0.0,1,8,0.0,1,8,0.0,1,8,0.0,1,8,-0.0,1,8,-9900,?,9,-9900,?,9,18.72,E,8,16.71,E,8,88.0,E,8,1008.6016999999999,E,8,999.0,E,8,1.15,E,8,-9900,?,9,-9900,?,9,0.0,E,8,-9900,?,9,-9900,?,9,0.0,0.0,E,8
06/15/2022,07:00,30.078,1322.875,0.0,1,8,0.0,1,8,0.0,1,8,0.0,1,8,0.0,1,8,0.0,1,8,0.0,1,8,-9900,?,9,-9900,?,9,18.53,E,8,16.64,E,8,88.0,E,8,1008.6016999999999,E,8,999.0,E,8,1.15,E,8,-9900,?,9,-9900,?,9,0.0,E,8,-9900,?,9,-9900,?,9,0.0,0.0,E,8
06/15/2022,08:00,304.118,1322.875,56.84,1,8,0.0,1,8,56.84,1,8,6820.8,1,8,0.0,1,8,6252.4,1,8,79.105,1,8,-9900,?,9,-9900,?,9,18.34,E,8,16.57,E,8,89.0,E,8,1008.6016999999999,E,8,999.0,E,8,1.15,E,8,-9900,?,9,-9900,?,9,0.0,E,8,-9900,?,9,-9900,?,9,0.0,0.0,E,8
06/15/2022,09:00,550.821,1322.875,249.63,1,8,217.08,1,8,159.367,1,8,29955.6,1,8,20622.591,1,8,17530.416,1,8,122.0,1,8,-9900,?,9,-9900,?,9,20.53,E,8,17.38,E,8,82.0,E,8,1008.6016999999999,E,8,999.0,E,8,1.15,E,8,-9900,?,9,-9900,?,9,0.0,E,8,-9900,?,9,-9900,?,9,0.0,0.0,E,8
06/15/2022,10:00,747.671,1322.875,432.09,1,8,397.335,1,8,207.662,1,8,51850.8,1,8,37746.861,1,8,22842.788,1,8,117.027,1,8,-9900,?,9,-9900,?,9,21.86,E,8,17.85,E,8,77.0,E,8,1008.6016999999999,E,8,999.0,E,8,1.42,E,8,-9900,?,9,-9900,?,9,0.0,E,8,-9900,?,9,-9900,?,9,0.0,0.0,E,8
06/15/2022,11:00,880.902,1322.875,588.09,1,8,626.483,1,8,171.069,1,8,70570.8,1,8,59515.862,1,8,18817.607,1,8,81.804,1,8,-9900,?,9,-9900,?,9,23.08,E,8,18.27,E,8,74.0,E,8,1008.6016999999999,E,8,999.0,E,8,2.1,E,8,-9900,?,9,-9900,?,9,0.0,E,8,-9900,?,9,-9900,?,9,0.0,0.0,E,8
06/15/2022,12:00,941.358,1322.875,651.79,1,8,720.51,1,8,139.222,1,8,78214.8,1,8,68448.413,1,8,15314.427,1,8,62.294,1,8,-9900,?,9,-9900,?,9,24.0,E,8,18.59,E,8,71.0,E,8,1008.6016999999999,E,8,999.0,E,8,2.74,E,8,-9900,?,9,-9900,?,9,0.0,E,8,-9900,?,9,-9900,?,9,0.0,0.0,E,8
06/15/2022,13:00,924.899,1322.875,653.59,1,8,779.142,1,8,109.013,1,8,78430.8,1,8,74018.476,1,8,11991.485,1,8,49.646,1,8,-9900,?,9,-9900,?,9,24.61,E,8,18.79,E,8,70.0,E,8,1008.6016999999999,E,8,999.0,E,8,4.01,E,8,-9900,?,9,-9900,?,9,0.0,E,8,-9900,?,9,-9900,?,9,0.0,0.0,E,8
06/15/2022,14:00,832.654,1322.875,591.27,1,8,830.686,1,8,68.647,1,8,70952.4,1,8,78915.139,1,8,7551.196,1,8,34.731,1,8,-9900,?,9,-9900,?,9,24.92,E,8,18.9,E,8,69.0,E,8,1008.6016999999999,E,8,999.0,E,8,4.44,E,8,-9900,?,9,-9900,?,9,0.0,E,8,-9900,?,9,-9900,?,9,0.0,0.0,E,8
06/15/2022,15:00,670.947,1322.875,483.48,1,8,806.712,1,8,74.671,1,8,58017.6,1,8,76637.648,1,8,8213.756,1,8,46.903,1,8,-9900,?,9,-9900,?,9,24.96,E,8,18.91,E,8,69.0,E,8,1008.6016999999999,E,8,999.0,E,8,4.32,E,8,-9900,?,9,-9900,?,9,0.0,E,8,-9900,?,9,-9900,?,9,0.0,0.0,E,8
06/15/2022,16:00,450.937,1322.875,327.84,1,8,474.79,1,8,166.352,1,8,39340.8,1,8,45105.064,1,8,18298.694,1,8,155.682,1,8,-9900,?,9,-9900,?,9,24.6,E,8,18.79,E,8,70.0,E,8,1008.6016999999999,E,8,999.0,E,8,4.21,E,8,-9900,?,9,-9900,?,9,0.0,E,8,-9900,?,9,-9900,?,9,0.0,0.0,E,8
06/15/2022,17:00,188.474,1322.875,146.8,1,8,337.025,1,8,99.415,1,8,17616.0,1,8,32017.389,1,8,10935.686,1,8,225.075,1,8,-9900,?,9,-9900,?,9,23.87,E,8,18.54,E,8,72.0,E,8,1008.6016999999999,E,8,999.0,E,8,4.12,E,8,-9900,?,9,-9900,?,9,0.0,E,8,-9900,?,9,-9900,?,9,0.0,0.0,E,8
06/15/2022,18:00,0.0,1322.875,3.41,1,8,0.0,1,8,0.0,1,8,409.2,1,8,0.0,1,8,0.0,1,8,-0.0,1,8,-9900,?,9,-9900,?,9,23.36,E,8,18.37,E,8,73.0,E,8,1008.6016999999999,E,8,999.0,E,8,2.98,E,8,-9900,?,9,-9900,?,9,0.0,E,8,-9900,?,9,-9900,?,9,0.0,0.0,E,8
06/15/2022,19:00,0.0,1322.875,0.0,1,8,0.0,1,8,0.0,1,8,0.0,1,8,0.0,1,8,0.0,1,8,-0.0,1,8,-9900,?,9,-9900,?,9,22.86,E,8,18.2,E,8,75.0,E,8,1008.6016999999999,E,8,999.0,E,8,2.35,E,8,-9900,?,9,-9900,?,9,0.0,E,8,-9900,?,9,-9900,?,9,0.0,0.0,E,8
06/15/2022,20:00,0.0,1322.875,0.0,1,8,0.0,1,8,0.0,1,8,0.0,1,8,0.0,1,8,0.0,1,8,-0.0,1,8,-9900,?,9,-9900,?,9,22.35,E,8,18.02,E,8,76.0,E,8,1008.6016999999999,E,8,999.0,E,8,1.82,E,8,-9900,?,9,-9900,?,9,0.0,E,8,-9900,?,9,-9900,?,9,0.0,0.0,E,8
06/15/2022,21:00,0.0,1322.875,0.0,1,8,0.0,1,8,0.0,1,8,0.0,1,8,0.0,1,8,0.0,1,8,-0.0,1,8,-9900,?,9,-9900,?,9,21.85,E,8,17.85,E,8,78.0,E,8,1008.6016999999999,E,8,999.0,E,8,1.16,E,8,-9900,?,9,-9900,?,9,0.0,E,8,-9900,?,9,-9900,?,9,0.0,0.0,E,8
06/15/2022,22:00,0.0,1322.875,0.0,1,8,0.0,1,8,0.0,1,8,0.0,1,8,0.0,1,8,0.0,1,8,-0.0,1,8,-9900,?,9,-9900,?,9,21.34,E,8,17.67,E,8,79.0,E,8,1008.6016999999999,E,8,999.0,E,8,1.15,E,8,-9900,?,9,-9900,?,9,0.0,E,8,-9900,?,9,-9900,?,9,0.0,0.0,E,8
06/15/2022,23:00,0.0,1322.875,0.0,1,8,0.0,1,8,0.0,1,8,0.0,1,8,0.0,1,8,0.0,1,8,-0.0,1,8,-9900,?,9,-9900,?,9,20.84,E,8,17.49,E,8,81.0,E,8,1008.6016999999999,E,8,999.0,E,8,1.15,E,8,-9900,?,9,-9900,?,9,0.0,E,8,-9900,?,9,-9900,?,9,0.0,0.0,E,8
06/15/2022,24:00,0.0,1322.875,0.0,1,8,0.0,1,8,0.0,1,8,0.0,1,8,0.0,1,8,0.0,1,8,-0.0,1,8,-9900,?,9,-9900,?,9,20.33,E,8,17.35,E,8,88.0,E,8,1008.6016999999999,E,8,999.0,E,8,1.1,E,8,-9900,?,9,-9900,?,9,0.002,E,8,-9900,?,9,-9900,?,9,0.02,99.0,E,8
06/16/2022,01:00,0.0,1322.875,0.0,1,8,0.0,1,8,0.0,1,8,0.0,1,8,0.0,1,8,0.0,1,8,-0.0,1,8,-9900,?,9,-9900,?,9,20.08,E,8,17.36,E,8,89.0,E,8,1008.6016999999999,E,8,999.0,E,8,1.1,E,8,-9900,?,9,-9900,?,9,0.09,E,8,-9900,?,9,-9900,?,9,0.9,99.0,E,8
06/16/2022,02:00,0.0,1322.875,0.0,1,8,0.0,1,8,0.0,1,8,0.0,1,8,0.0,1,8,0.0,1,8,-0.0,1,8,-9900,?,9,-9900,?,9,19.83,E,8,17.36,E,8,85.0,E,8,1008.6016999999999,E,8,999.0,E,8,1.1,E,8,-9900,?,9,-9900,?,9,0.0,E,8,-9900,?,9,-9900,?,9,0.0,0.0,E,8
06/16/2022,03:00,0.0,1322.875,0.0,1,8,0.0,1,8,0.0,1,8,0.0,1,8,0.0,1,8,0.0,1,8,-0.0,1,8,-9900,?,9,-9900,?,9,19.58,E,8,17.37,E,8,92.0,E,8,1008.6016999999999,E,8,999.0,E,8,1.1,E,8,-9900,?,9,-9900,?,9,0.001,E,8,-9900,?,9,-9900,?,9,0.01,99.0,E,8
06/16/2022,04:00,0.0,1322.635,0.0,1,8,0.0,1,8,0.0,1,8,0.0,1,8,0.0,1,8,0.0,1,8,-0.0,1,8,-9900,?,9,-9900,?,9,19.32,E,8,17.37,E,8,88.0,E,8,1008.6016999999999,E,8,999.0,E,8,1.1,E,8,-9900,?,9,-9900,?,9,0.0,E,8,-9900,?,9,-9900,?,9,0.0,0.0,E,8
06/16/2022,05:00,0.0,1322.635,0.0,1,8,0.0,1,8,0.0,1,8,0.0,1,8,0.0,1,8,0.0,1,8,-0.0,1,8,-9900,?,9,-9900,?,9,19.07,E,8,17.38,E,8,89.0,E,8,1008.6016999999999,E,8,999.0,E,8,1.1,E,8,-9900,?,9,-9900,?,9,0.0,E,8,-9900,?,9,-9900,?,9,0.0,0.0,E,8
06/16/2022,06:00,0.0,1322.635,0.0,1,8,0.0,1,8,0.0,1,8,0.0,1,8,0.0,1,8,0.0,1,8,-0.0,1,8,-9900,?,9,-9900,?,9,18.88,E,8,17.38,E,8,90.0,E,8,1008.6016999999999,E,8,999.0,E,8,1.1,E,8,-9900,?,9,-9900,?,9,0.0,E,8,-9900,?,9,-9900,?,9,0.0,0.0,E,8
06/16/2022,07:00,28.816,1322.635,0.0,1,8,0.0,1,8,0.0,1,8,0.0,1,8,0.0,1,8,0.0,1,8,0.0,1,8,-9900,?,9,-9900,?,9,18.71,E,8,17.38,E,8,91.0,E,8,1008.6016999999999,E,8,999.0,E,8,1.1,E,8,-9900,?,9,-9900,?,9,0.0,E,8,-9900,?,9,-9900,?,9,0.0,0.0,E,8
06/16/2022,08:00,302.676,1322.635,52.81,1,8,0.0,1,8,52.81,1,8,6337.2,1,8,0.0,1,8,5809.1,1,8,73.836,1,8,-9900,?,9,-9900,?,9,18.54,E,8,17.39,E,8,92.0,E,8,1008.6016999999999,E,8,999.0,E,8,1.1,E,8,-9900,?,9,-9900,?,9,0.0,E,8,-9900,?,9,-9900,?,9,0.0,0.0,E,8
06/16/2022,09:00,549.411,1322.635,219.19,1,8,130.638,1,8,165.0,1,8,26302.8,1,8,12410.582,1,8,18150.013,1,8,126.615,1,8,-9900,?,9,-9900,?,9,20.31,E,8,17.35,E,8,83.0,E,8,1008.6016999999999,E,8,999.0,E,8,1.1,E,8,-9900,?,9,-9900,?,9,0.0,E,8,-9900,?,9,-9900,?,9,0.0,0.0,E,8
06/16/2022,10:00,746.374,1322.635,382.05,1,8,225.533,1,8,254.859,1,8,45846.0,1,8,21425.669,1,8,28034.545,1,8,143.849,1,8,-9900,?,9,-9900,?,9,21.38,E,8,17.33,E,8,77.0,E,8,1008.6016999999999,E,8,999.0,E,8,1.1,E,8,-9900,?,9,-9900,?,9,0.0,E,8,-9900,?,9,-9900,?,9,0.0,0.0,E,8
06/16/2022,11:00,879.791,1322.635,467.04,1,8,144.914,1,8,370.682,1,8,56044.8,1,8,13766.858,1,8,40774.967,1,8,177.449,1,8,-9900,?,9,-9900,?,9,22.19,E,8,17.32,E,8,73.0,E,8,1008.6016999999999,E,8,999.0,E,8,2.16,E,8,-9900,?,9,-9900,?,9,0.0,E,8,-9900,?,9,-9900,?,9,0.0,0.0,E,8
06/16/2022,12:00,940.492,1322.635,519.25,1,8,305.735,1,8,301.912,1,8,62310.0,1,8,29044.859,1,8,33210.309,1,8,135.189,1,8,-9900,?,9,-9900,?,9,22.81,E,8,17.3,E,8,71.0,E,8,1008.6016999999999,E,8,999.0,E,8,2.41,E,8,-9900,?,9,-9900,?,9,0.0,E,8,-9900,?,9,-9900,?,9,0.0,0.0,E,8
06/16/2022,13:00,924.32,1322.635,590.55,1,8,512.004,1,8,232.848,1,8,70866.0,1,8,48640.356,1,8,25613.246,1,8,106.09,1,8,-9900,?,9,-9900,?,9,23.38,E,8,17.29,E,8,68.0,E,8,1008.6016999999999,E,8,999.0,E,8,3.11,E,8,-9900,?,9,-9900,?,9,0.0,E,8,-9900,?,9,-9900,?,9,0.0,0.0,E,8
06/16/2022,14:00,832.383,1322.635,589.15,1,8,738.115,1,8,124.835,1,8,70698.0,1,8,70120.896,1,8,13731.849,1,8,63.168,1,8,-9900,?,9,-9900,?,9,23.79,E,8,17.29,E,8,66.0,E,8,1008.6016999999999,E,8,999.0,E,8,3.8,E,8,-9900,?,9,-9900,?,9,0.0,E,8,-9900,?,9,-9900,?,9,0.0,0.0,E,8
06/16/2022,15:00,670.985,1322.635,513.31,1,8,742.616,1,8,136.892,1,8,61597.2,1,8,70548.548,1,8,15058.096,1,8,85.965,1,8,-9900,?,9,-9900,?,9,23.97,E,8,17.28,E,8,66.0,E,8,1008.6016999999999,E,8,999.0,E,8,4.04,E,8,-9900,?,9,-9900,?,9,0.0,E,8,-9900,?,9,-9900,?,9,0.0,0.0,E,8
06/16/2022,16:00,451.264,1322.635,360.22,1,8,478.148,1,8,197.442,1,8,43226.4,1,8,45424.033,1,8,21718.592,1,8,184.61,1,8,-9900,?,9,-9900,?,9,23.83,E,8,17.29,E,8,66.0,E,8,1008.6016999999999,E,8,999.0,E,8,4.3,E,8,-9900,?,9,-9900,?,9,0.0,E,8,-9900,?,9,-9900,?,9,0.0,0.0,E,8
06/16/2022,17:00,189.044,1322.635,148.25,1,8,393.803,1,8,92.701,1,8,17790.0,1,8,37411.242,1,8,10197.086,1,8,209.187,1,8,-9900,?,9,-9900,?,9,23.25,E,8,17.3,E,8,74.0,E,8,1008.6016999999999,E,8,999.0,E,8,4.39,E,8,-9900,?,9,-9900,?,9,0.001,E,8,-9900,?,9,-9900,?,9,0.01,99.0,E,8
06/16/2022,18:00,0.0,1322.635,3.88,1,8,0.0,1,8,0.0,1,8,465.6,1,8,0.0,1,8,0.0,1,8,-0.0,1,8,-9900,?,9,-9900,?,9,22.73,E,8,17.31,E,8,76.0,E,8,1008.6016999999999,E,8,999.0,E,8,3.54,E,8,-9900,?,9,-9900,?,9,0.005,E,8,-9900,?,9,-9900,?,9,0.05,99.0,E,8
06/16/2022,19:00,0.0,1322.635,0.0,1,8,0.0,1,8,0.0,1,8,0.0,1,8,0.0,1,8,0.0,1,8,-0.0,1,8,-9900,?,9,-9900,?,9,22.21,E,8,17.32,E,8,73.0,E,8,1008.6016999999999,E,8,999.0,E,8,3.44,E,8,-9900,?,9,-9900,?,9,0.0,E,8,-9900,?,9,-9900,?,9,0.0,0.0,E,8
06/16/2022,20:00,0.0,1322.635,0.0,1,8,0.0,1,8,0.0,1,8,0.0,1,8,0.0,1,8,0.0,1,8,-0.0,1,8,-9900,?,9,-9900,?,9,21.69,E,8,17.33,E,8,76.0,E,8,1008.6016999999999,E,8,999.0,E,8,2.55,E,8,-9900,?,9,-9900,?,9,0.0,E,8,-9900,?,9,-9900,?,9,0.0,0.0,E,8
06/16/2022,21:00,0.0,1322.635,0.0,1,8,0.0,1,8,0.0,1,8,0.0,1,8,0.0,1,8,0.0,1,8,-0.0,1,8,-9900,?,9,-9900,?,9,21.17,E,8,17.34,E,8,78.0,E,8,1008.6016999999999,E,8,999.0,E,8,1.43,E,8,-9900,?,9,-9900,?,9,0.0,E,8,-9900,?,9,-9900,?,9,0.0,0.0,E,8
06/16/2022,22:00,0.0,1322.635,0.0,1,8,0.0,1,8,0.0,1,8,0.0,1,8,0.0,1,8,0.0,1,8,-0.0,1,8,-9900,?,9,-9900,?,9,20.64,E,8,17.35,E,8,81.0,E,8,1008.6016999999999,E,8,999.0,E,8,1.1,E,8,-9900,?,9,-9900,?,9,0.0,E,8,-9900,?,9,-9900,?,9,0.0,0.0,E,8
06/16/2022,23:00,0.0,1322.635,0.0,1,8,0.0,1,8,0.0,1,8,0.0,1,8,0.0,1,8,0.0,1,8,-0.0,1,8,-9900,?,9,-9900,?,9,20.12,E,8,17.36,E,8,84.0,E,8,1008.6016999999999,E,8,999.0,E,8,1.1,E,8,-9900,?,9,-9900,?,9,0.0,E,8,-9900,?,9,-9900,?,9,0.0,0.0,E,8
06/16/2022,24:00,0.0,1322.635,0.0,1,8,0.0,1,8,0.0,1,8,0.0,1,8,0.0,1,8,0.0,1,8,-0.0,1,8,-9900,?,9,-9900,?,9,19.6,E,8,15.86,E,8,78.0,E,8,1008.6016999999999,E,8,999.0,E,8,1.12,E,8,-9900,?,9,-9900,?,9,0.0,E,8,-9900,?,9,-9900,?,9,0.0,0.0,E,8
06/17/2022,01:00,0.0,1322.635,0.0,1,8,0.0,1,8,0.0,1,8,0.0,1,8,0.0,1,8,0.0,1,8,-0.0,1,8,-9900,?,9,-9900,?,9,19.34,E,8,15.76,E,8,79.0,E,8,1008.6016999999999,E,8,999.0,E,8,1.12,E,8,-9900,?,9,-9900,?,9,0.0,E,8,-9900,?,9,-9900,?,9,0.0,0.0,E,8
06/17/2022,02:00,0.0,1322.635,0.0,1,8,0.0,1,8,0.0,1,8,0.0,1,8,0.0,1,8,0.0,1,8,-0.0,1,8,-9900,?,9,-9900,?,9,19.08,E,8,15.66,E,8,80.0,E,8,1008.6016999999999,E,8,999.0,E,8,1.12,E,8,-9900,?,9,-9900,?,9,0.0,E,8,-9900,?,9,-9900,?,9,0.0,0.0,E,8
06/17/2022,03:00,0.0,1322.635,0.0,1,8,0.0,1,8,0.0,1,8,0.0,1,8,0.0,1,8,0.0,1,8,-0.0,1,8,-9900,?,9,-9900,?,9,18.82,E,8,15.56,E,8,81.0,E,8,1008.6016999999999,E,8,999.0,E,8,1.12,E,8,-9900,?,9,-9900,?,9,0.0,E,8,-9900,?,9,-9900,?,9,0.0,0.0,E,8
06/17/2022,04:00,0.0,1322.408,0.0,1,8,0.0,1,8,0.0,1,8,0.0,1,8,0.0,1,8,0.0,1,8,-0.0,1,8,-9900,?,9,-9900,?,9,18.56,E,8,15.46,E,8,82.0,E,8,1008.6016999999999,E,8,999.0,E,8,1.12,E,8,-9900,?,9,-9900,?,9,0.0,E,8,-9900,?,9,-9900,?,9,0.0,0.0,E,8
06/17/2022,05:00,0.0,1322.408,0.0,1,8,0.0,1,8,0.0,1,8,0.0,1,8,0.0,1,8,0.0,1,8,-0.0,1,8,-9900,?,9,-9900,?,9,18.3,E,8,15.35,E,8,82.0,E,8,1008.6016999999999,E,8,999.0,E,8,1.12,E,8,-9900,?,9,-9900,?,9,0.0,E,8,-9900,?,9,-9900,?,9,0.0,0.0,E,8
06/17/2022,06:00,0.0,1322.408,0.0,1,8,0.0,1,8,0.0,1,8,0.0,1,8,0.0,1,8,0.0,1,8,-0.0,1,8,-9900,?,9,-9900,?,9,18.1,E,8,15.27,E,8,83.0,E,8,1008.6016999999999,E,8,999.0,E,8,1.12,E,8,-9900,?,9,-9900,?,9,0.0,E,8,-9900,?,9,-9900,?,9,0.0,0.0,E,8
06/17/2022,07:00,27.608,1322.408,0.0,1,8,0.0,1,8,0.0,1,8,0.0,1,8,0.0,1,8,0.0,1,8,0.0,1,8,-9900,?,9,-9900,?,9,17.93,E,8,15.2,E,8,84.0,E,8,1008.6016999999999,E,8,999.0,E,8,1.12,E,8,-9900,?,9,-9900,?,9,0.0,E,8,-9900,?,9,-9900,?,9,0.0,0.0,E,8
06/17/2022,08:00,301.308,1322.408,56.81,1,8,0.0,1,8,56.81,1,8,6817.2,1,8,0.0,1,8,6249.1,1,8,79.78,1,8,-9900,?,9,-9900,?,9,17.75,E,8,15.13,E,8,84.0,E,8,1008.6016999999999,E,8,999.0,E,8,1.12,E,8,-9900,?,9,-9900,?,9,0.0,E,8,-9900,?,9,-9900,?,9,0.0,0.0,E,8
06/17/2022,09:00,548.089,1322.408,266.03,1,8,227.788,1,8,171.753,1,8,31923.6,1,8,21639.848,1,8,18892.827,1,8,132.093,1,8,-9900,?,9,-9900,?,9,19.82,E,8,15.95,E,8,78.0,E,8,1008.6016999999999,E,8,999.0,E,8,1.12,E,8,-9900,?,9,-9900,?,9,0.0,E,8,-9900,?,9,-9900,?,9,0.0,0.0,E,8
06/17/2022,10:00,745.18,1322.408,460.85,1,8,465.675,1,8,198.606,1,8,55302.0,1,8,44239.167,1,8,21846.679,1,8,112.259,1,8,-9900,?,9,-9900,?,9,21.1,E,8,16.43,E,8,74.0,E,8,1008.6016999999999,E,8,999.0,E,8,1.89,E,8,-9900,?,9,-9900,?,9,0.0,E,8,-9900,?,9,-9900,?,9,0.0,0.0,E,8
06/17/2022,11:00,878.793,1322.408,610.86,1,8,712.355,1,8,137.648,1,8,73303.2,1,8,67673.74,1,8,15141.236,1,8,65.957,1,8,-9900,?,9,-9900,?,9,22.23,E,8,16.85,E,8,71.0,E,8,1008.6016999999999,E,8,999.0,E,8,3.1,E,8,-9900,?,9,-9900,?,9,0.0,E,8,-9900,?,9,-9900,?,9,0.0,0.0,E,8
06/17/2022,12:00,939.744,1322.408,698.26,1,8,840.527,1,8,101.128,1,8,83791.2,1,8,79850.079,1,8,11124.051,1,8,45.311,1,8,-9900,?,9,-9900,?,9,23.12,E,8,17.17,E,8,69.0,E,8,1008.6016999999999,E,8,999.0,E,8,4.15,E,8,-9900,?,9,-9900,?,9,0.0,E,8,-9900,?,9,-9900,?,9,0.0,0.0,E,8
06/17/2022,13:00,923.859,1322.408,712.43,1,8,803.243,1,8,151.442,1,8,85491.6,1,8,76308.109,1,8,16658.63,1,8,69.022,1,8,-9900,?,9,-9900,?,9,23.75,E,8,17.4,E,8,67.0,E,8,1008.6016999999999,E,8,999.0,E,8,5.05,E,8,-9900,?,9,-9900,?,9,0.0,E,8,-9900,?,9,-9900,?,9,0.0,0.0,E,8
06/17/2022,14:00,832.227,1322.408,659.42,1,8,775.69,1,8,171.476,1,8,79130.4,1,8,73690.506,1,8,18862.369,1,8,86.77,1,8,-9900,?,9,-9900,?,9,24.1,E,8,17.52,E,8,66.0,E,8,1008.6016999999999,E,8,999.0,E,8,5.11,E,8,-9900,?,9,-9900,?,9,0.0,E,8,-9900,?,9,-9900,?,9,0.0,0.0,E,8
06/17/2022,15:00,671.13,1322.408,545.47,1,8,754.871,1,8,162.692,1,8,65456.4,1,8,71712.722,1,8,17896.067,1,8,102.127,1,8,-9900,?,9,-9900,?,9,24.18,E,8,17.55,E,8,66.0,E,8,1008.6016999999999,E,8,999.0,E,8,4.17,E,8,-9900,?,9,-9900,?,9,0.0,E,8,-9900,?,9,-9900,?,9,0.0,0.0,E,8
06/17/2022,16:00,451.685,1322.408,374.28,1,8,637.833,1,8,156.898,1,8,44913.6,1,8,60594.124,1,8,17258.802,1,8,146.539,1,8,-9900,?,9,-9900,?,9,23.88,E,8,17.44,E,8,67.0,E,8,1008.6016999999999,E,8,999.0,E,8,3.89,E,8,-9900,?,9,-9900,?,9,0.0,E,8,-9900,?,9,-9900,?,9,0.0,0.0,E,8
06/17/2022,17:00,189.691,1322.408,169.44,1,8,436.924,1,8,107.581,1,8,20332.8,1,8,41507.787,1,8,11833.869,1,8,241.871,1,8,-9900,?,9,-9900,?,9,23.18,E,8,17.2,E,8,69.0,E,8,1008.6016999999999,E,8,999.0,E,8,3.07,E,8,-9900,?,9,-9900,?,9,0.0,E,8,-9900,?,9,-9900,?,9,0.0,0.0,E,8
06/17/2022,18:00,0.0,1322.408,3.12,1,8,0.0,1,8,0.0,1,8,374.4,1,8,0.0,1,8,0.0,1,8,-0.0,1,8,-9900,?,9,-9900,?,9,22.67,E,8,17.01,E,8,70.0,E,8,1008.6016999999999,E,8,999.0,E,8,2.03,E,8,-9900,?,9,-9900,?,9,0.0,E,8,-9900,?,9,-9900,?,9,0.0,0.0,E,8
06/17/2022,19:00,0.0,1322.408,0.0,1,8,0.0,1,8,0.0,1,8,0.0,1,8,0.0,1,8,0.0,1,8,-0.0,1,8,-9900,?,9,-9900,?,9,22.16,E,8,16.83,E,8,71.0,E,8,1008.6016999999999,E,8,999.0,E,8,1.29,E,8,-9900,?,9,-9900,?,9,0.0,E,8,-9900,?,9,-9900,?,9,0.0,0.0,E,8
06/17/2022,20:00,0.0,1322.408,0.0,1,8,0.0,1,8,0.0,1,8,0.0,1,8,0.0,1,8,0.0,1,8,-0.0,1,8,-9900,?,9,-9900,?,9,21.65,E,8,16.64,E,8,73.0,E,8,1008.6016999999999,E,8,999.0,E,8,1.12,E,8,-9900,?,9,-9900,?,9,0.0,E,8,-9900,?,9,-9900,?,9,0.0,0.0,E,8
06/17/2022,21:00,0.0,1322.408,0.0,1,8,0.0,1,8,0.0,1,8,0.0,1,8,0.0,1,8,0.0,1,8,-0.0,1,8,-9900,?,9,-9900,?,9,21.13,E,8,16.45,E,8,74.0,E,8,1008.6016999999999,E,8,999.0,E,8,1.12,E,8,-9900,?,9,-9900,?,9,0.0,E,8,-9900,?,9,-9900,?,9,0.0,0.0,E,8
06/17/2022,22:00,0.0,1322.408,0.0,1,8,0.0,1,8,0.0,1,8,0.0,1,8,0.0,1,8,0.0,1,8,-0.0,1,8,-9900,?,9,-9900,?,9,20.62,E,8,16.25,E,8,76.0,E,8,1008.6016999999999,E,8,999.0,E,8,1.12,E,8,-9900,?,9,-9900,?,9,0.0,E,8,-9900,?,9,-9900,?,9,0.0,0.0,E,8
06/17/2022,23:00,0.0,1322.408,0.0,1,8,0.0,1,8,0.0,1,8,0.0,1,8,0.0,1,8,0.0,1,8,-0.0,1,8,-9900,?,9,-9900,?,9,20.11,E,8,16.06,E,8,77.0,E,8,1008.6016999999999,E,8,999.0,E,8,1.12,E,8,-9900,?,9,-9900,?,9,0.0,E,8,-9900,?,9,-9900,?,9,0.0,0.0,E,8
06/17/2022,24:00,0.0,1322.408,0.0,1,8,0.0,1,8,0.0,1,8,0.0,1,8,0.0,1,8,0.0,1,8,-0.0,1,8,-9900,?,9,-9900,?,9,19.6,E,8,16.79,E,8,80.0,E,8,1008.6016999999999,E,8,999.0,E,8,1.72,E,8,-9900,?,9,-9900,?,9,0.0,E,8,-9900,?,9,-9900,?,9,0.0,0.0,E,8
06/18/2022,01:00,0.0,1322.408,0.0,1,8,0.0,1,8,0.0,1,8,0.0,1,8,0.0,1,8,0.0,1,8,-0.0,1,8,-9900,?,9,-9900,?,9,19.34,E,8,16.69,E,8,81.0,E,8,1008.6016999999999,E,8,999.0,E,8,1.72,E,8,-9900,?,9,-9900,?,9,0.0,E,8,-9900,?,9,-9900,?,9,0.0,0.0,E,8
06/18/2022,02:00,0.0,1322.408,0.0,1,8,0.0,1,8,0.0,1,8,0.0,1,8,0.0,1,8,0.0,1,8,-0.0,1,8,-9900,?,9,-9900,?,9,19.09,E,8,16.6,E,8,82.0,E,8,1008.6016999999999,E,8,999.0,E,8,1.72,E,8,-9900,?,9,-9900,?,9,0.0,E,8,-9900,?,9,-9900,?,9,0.0,0.0,E,8
06/18/2022,03:00,0.0,1322.408,0.0,1,8,0.0,1,8,0.0,1,8,0.0,1,8,0.0,1,8,0.0,1,8,-0.0,1,8,-9900,?,9,-9900,?,9,18.83,E,8,16.5,E,8,86.0,E,8,1008.6016999999999,E,8,999.0,E,8,1.72,E,8,-9900,?,9,-9900,?,9,0.001,E,8,-9900,?,9,-9900,?,9,0.01,99.0,E,8
06/18/2022,04:00,0.0,1322.194,0.0,1,8,0.0,1,8,0.0,1,8,0.0,1,8,0.0,1,8,0.0,1,8,-0.0,1,8,-9900,?,9,-9900,?,9,18.58,E,8,16.4,E,8,87.0,E,8,1008.6016999999999,E,8,999.0,E,8,1.72,E,8,-9900,?,9,-9900,?,9,0.001,E,8,-9900,?,9,-9900,?,9,0.01,99.0,E,8
06/18/2022,05:00,0.0,1322.194,0.0,1,8,0.0,1,8,0.0,1,8,0.0,1,8,0.0,1,8,0.0,1,8,-0.0,1,8,-9900,?,9,-9900,?,9,18.32,E,8,16.3,E,8,88.0,E,8,1008.6016999999999,E,8,999.0,E,8,1.72,E,8,-9900,?,9,-9900,?,9,0.002,E,8,-9900,?,9,-9900,?,9,0.02,99.0,E,8
06/18/2022,06:00,0.0,1322.194,0.0,1,8,0.0,1,8,0.0,1,8,0.0,1,8,0.0,1,8,0.0,1,8,-0.0,1,8,-9900,?,9,-9900,?,9,18.12,E,8,16.22,E,8,84.0,E,8,1008.6016999999999,E,8,999.0,E,8,1.72,E,8,-9900,?,9,-9900,?,9,0.0,E,8,-9900,?,9,-9900,?,9,0.0,0.0,E,8
06/18/2022,07:00,26.454,1322.194,0.0,1,8,0.0,1,8,0.0,1,8,0.0,1,8,0.0,1,8,0.0,1,8,0.0,1,8,-9900,?,9,-9900,?,9,17.95,E,8,16.16,E,8,89.0,E,8,1008.6016999999999,E,8,999.0,E,8,1.72,E,8,-9900,?,9,-9900,?,9,0.09,E,8,-9900,?,9,-9900,?,9,0.9,99.0,E,8
06/18/2022,08:00,300.014,1322.194,47.25,1,8,0.0,1,8,47.25,1,8,5670.0,1,8,0.0,1,8,5197.5,1,8,66.633,1,8,-9900,?,9,-9900,?,9,17.79,E,8,16.09,E,8,89.0,E,8,1008.6016999999999,E,8,999.0,E,8,1.72,E,8,-9900,?,9,-9900,?,9,0.005,E,8,-9900,?,9,-9900,?,9,0.05,99.0,E,8
06/18/2022,09:00,546.859,1322.194,234.34,1,8,175.406,1,8,161.894,1,8,28120.8,1,8,16663.614,1,8,17808.384,1,8,124.772,1,8,-9900,?,9,-9900,?,9,20.08,E,8,16.97,E,8,79.0,E,8,1008.6016999999999,E,8,999.0,E,8,1.72,E,8,-9900,?,9,-9900,?,9,0.0,E,8,-9900,?,9,-9900,?,9,0.0,0.0,E,8
06/18/2022,10:00,744.089,1322.194,409.86,1,8,336.856,1,8,220.408,1,8,49183.2,1,8,32001.305,1,8,24244.868,1,8,124.745,1,8,-9900,?,9,-9900,?,9,21.55,E,8,17.52,E,8,75.0,E,8,1008.6016999999999,E,8,999.0,E,8,1.72,E,8,-9900,?,9,-9900,?,9,0.0,E,8,-9900,?,9,-9900,?,9,0.0,0.0,E,8
06/18/2022,11:00,877.907,1322.194,551.06,1,8,526.226,1,8,201.788,1,8,66127.2,1,8,49991.445,1,8,22196.676,1,8,96.773,1,8,-9900,?,9,-9900,?,9,22.85,E,8,17.98,E,8,72.0,E,8,1008.6016999999999,E,8,999.0,E,8,1.72,E,8,-9900,?,9,-9900,?,9,0.0,E,8,-9900,?,9,-9900,?,9,0.0,0.0,E,8
06/18/2022,12:00,939.114,1322.194,647.42,1,8,666.674,1,8,174.038,1,8,77690.4,1,8,63334.056,1,8,19144.219,1,8,78.018,1,8,-9900,?,9,-9900,?,9,23.95,E,8,18.37,E,8,70.0,E,8,1008.6016999999999,E,8,999.0,E,8,2.08,E,8,-9900,?,9,-9900,?,9,0.0,E,8,-9900,?,9,-9900,?,9,0.0,0.0,E,8
06/18/2022,13:00,923.517,1322.194,667.21,1,8,783.409,1,8,120.189,1,8,80065.2,1,8,74423.809,1,8,13220.766,1,8,54.79,1,8,-9900,?,9,-9900,?,9,24.74,E,8,18.64,E,8,68.0,E,8,1008.6016999999999,E,8,999.0,E,8,3.42,E,8,-9900,?,9,-9900,?,9,0.0,E,8,-9900,?,9,-9900,?,9,0.0,0.0,E,8
06/18/2022,14:00,832.185,1322.194,624.28,1,8,881.067,1,8,69.987,1,8,74913.6,1,8,83701.332,1,8,7698.547,1,8,35.411,1,8,-9900,?,9,-9900,?,9,25.2,E,8,18.8,E,8,67.0,E,8,1008.6016999999999,E,8,999.0,E,8,3.34,E,8,-9900,?,9,-9900,?,9,0.0,E,8,-9900,?,9,-9900,?,9,0.0,0.0,E,8
06/18/2022,15:00,671.381,1322.194,516.36,1,8,744.442,1,8,138.667,1,8,61963.2,1,8,70721.972,1,8,15253.369,1,8,86.999,1,8,-9900,?,9,-9900,?,9,25.33,E,8,18.84,E,8,67.0,E,8,1008.6016999999999,E,8,999.0,E,8,3.35,E,8,-9900,?,9,-9900,?,9,0.0,E,8,-9900,?,9,-9900,?,9,0.0,0.0,E,8
06/18/2022,16:00,452.2,1322.194,364.43,1,8,478.485,1,8,201.143,1,8,43731.6,1,8,45456.118,1,8,22125.687,1,8,187.616,1,8,-9900,?,9,-9900,?,9,25.02,E,8,18.74,E,8,67.0,E,8,1008.6016999999999,E,8,999.0,E,8,3.35,E,8,-9900,?,9,-9900,?,9,0.0,E,8,-9900,?,9,-9900,?,9,0.0,0.0,E,8
06/18/2022,17:00,190.417,1322.194,173.44,1,8,375.281,1,8,120.091,1,8,20812.8,1,8,35651.661,1,8,13209.995,1,8,268.899,1,8,-9900,?,9,-9900,?,9,24.25,E,8,18.47,E,8,69.0,E,8,1008.6016999999999,E,8,999.0,E,8,2.92,E,8,-9900,?,9,-9900,?,9,0.0,E,8,-9900,?,9,-9900,?,9,0.0,0.0,E,8
06/18/2022,18:00,0.0,1322.194,5.31,1,8,0.0,1,8,0.0,1,8,637.2,1,8,0.0,1,8,0.0,1,8,-0.0,1,8,-9900,?,9,-9900,?,9,23.65,E,8,18.26,E,8,71.0,E,8,1008.6016999999999,E,8,999.0,E,8,1.72,E,8,-9900,?,9,-9900,?,9,0.0,E,8,-9900,?,9,-9900,?,9,0.0,0.0,E,8
06/18/2022,19:00,0.0,1322.194,0.0,1,8,0.0,1,8,0.0,1,8,0.0,1,8,0.0,1,8,0.0,1,8,-0.0,1,8,-9900,?,9,-9900,?,9,23.06,E,8,18.06,E,8,72.0,E,8,1008.6016999999999,E,8,999.0,E,8,1.72,E,8,-9900,?,9,-9900,?,9,0.0,E,8,-9900,?,9,-9900,?,9,0.0,0.0,E,8
06/18/2022,20:00,0.0,1322.194,0.0,1,8,0.0,1,8,0.0,1,8,0.0,1,8,0.0,1,8,0.0,1,8,-0.0,1,8,-9900,?,9,-9900,?,9,22.46,E,8,17.84,E,8,73.0,E,8,1008.6016999999999,E,8,999.0,E,8,1.72,E,8,-9900,?,9,-9900,?,9,0.0,E,8,-9900,?,9,-9900,?,9,0.0,0.0,E,8
06/18/2022,21:00,0.0,1322.194,0.0,1,8,0.0,1,8,0.0,1,8,0.0,1,8,0.0,1,8,0.0,1,8,-0.0,1,8,-9900,?,9,-9900,?,9,21.87,E,8,17.63,E,8,75.0,E,8,1008.6016999999999,E,8,999.0,E,8,1.72,E,8,-9900,?,9,-9900,?,9,0.0,E,8,-9900,?,9,-9900,?,9,0.0,0.0,E,8
06/18/2022,22:00,0.0,1322.194,0.0,1,8,0.0,1,8,0.0,1,8,0.0,1,8,0.0,1,8,0.0,1,8,-0.0,1,8,-9900,?,9,-9900,?,9,21.27,E,8,17.41,E,8,76.0,E,8,1008.6016999999999,E,8,999.0,E,8,1.72,E,8,-9900,?,9,-9900,?,9,0.0,E,8,-9900,?,9,-9900,?,9,0.0,0.0,E,8
06/18/2022,23:00,0.0,1322.194,0.0,1,8,0.0,1,8,0.0,1,8,0.0,1,8,0.0,1,8,0.0,1,8,-0.0,1,8,-9900,?,9,-9900,?,9,20.68,E,8,17.2,E,8,78.0,E,8,1008.6016999999999,E,8,999.0,E,8,1.72,E,8,-9900,?,9,-9900,?,9,0.0,E,8,-9900,?,9,-9900,?,9,0.0,0.0,E,8
06/18/2022,24:00,0.0,1322.194,0.0,1,8,0.0,1,8,0.0,1,8,0.0,1,8,0.0,1,8,0.0,1,8,-0.0,1,8,-9900,?,9,-9900,?,9,20.08,E,8,17.75,E,8,89.0,E,8,1008.6016999999999,E,8,999.0,E,8,2.03,E,8,-9900,?,9,-9900,?,9,0.004,E,8,-9900,?,9,-9900,?,9,0.04,99.0,E,8
06/19/2022,01:00,0.0,1322.194,0.0,1,8,0.0,1,8,0.0,1,8,0.0,1,8,0.0,1,8,0.0,1,8,-0.0,1,8,-9900,?,9,-9900,?,9,19.78,E,8,17.65,E,8,90.0,E,8,1008.6016999999999,E,8,999.0,E,8,2.03,E,8,-9900,?,9,-9900,?,9,0.001,E,8,-9900,?,9,-9900,?,9,0.01,99.0,E,8
06/19/2022,02:00,0.0,1322.194,0.0,1,8,0.0,1,8,0.0,1,8,0.0,1,8,0.0,1,8,0.0,1,8,-0.0,1,8,-9900,?,9,-9900,?,9,19.49,E,8,17.55,E,8,90.0,E,8,1008.6016999999999,E,8,999.0,E,8,2.03,E,8,-9900,?,9,-9900,?,9,0.001,E,8,-9900,?,9,-9900,?,9,0.01,99.0,E,8
06/19/2022,03:00,0.0,1322.194,0.0,1,8,0.0,1,8,0.0,1,8,0.0,1,8,0.0,1,8,0.0,1,8,-0.0,1,8,-9900,?,9,-9900,?,9,19.19,E,8,17.44,E,8,91.0,E,8,1008.6016999999999,E,8,999.0,E,8,2.03,E,8,-9900,?,9,-9900,?,9,0.011,E,8,-9900,?,9,-9900,?,9,0.11,99.0,E,8
06/19/2022,04:00,0.0,1321.991,0.0,1,8,0.0,1,8,0.0,1,8,0.0,1,8,0.0,1,8,0.0,1,8,-0.0,1,8,-9900,?,9,-9900,?,9,18.89,E,8,17.33,E,8,92.0,E,8,1008.6016999999999,E,8,999.0,E,8,2.03,E,8,-9900,?,9,-9900,?,9,0.002,E,8,-9900,?,9,-9900,?,9,0.02,99.0,E,8
06/19/2022,05:00,0.0,1321.991,0.0,1,8,0.0,1,8,0.0,1,8,0.0,1,8,0.0,1,8,0.0,1,8,-0.0,1,8,-9900,?,9,-9900,?,9,18.59,E,8,17.23,E,8,89.0,E,8,1008.6016999999999,E,8,999.0,E,8,2.03,E,8,-9900,?,9,-9900,?,9,0.0,E,8,-9900,?,9,-9900,?,9,0.0,0.0,E,8
06/19/2022,06:00,0.0,1321.991,0.0,1,8,0.0,1,8,0.0,1,8,0.0,1,8,0.0,1,8,0.0,1,8,-0.0,1,8,-9900,?,9,-9900,?,9,18.36,E,8,17.15,E,8,90.0,E,8,1008.6016999999999,E,8,999.0,E,8,2.03,E,8,-9900,?,9,-9900,?,9,0.0,E,8,-9900,?,9,-9900,?,9,0.0,0.0,E,8
06/19/2022,07:00,25.357,1321.991,0.0,1,8,0.0,1,8,0.0,1,8,0.0,1,8,0.0,1,8,0.0,1,8,0.0,1,8,-9900,?,9,-9900,?,9,18.17,E,8,17.08,E,8,90.0,E,8,1008.6016999999999,E,8,999.0,E,8,2.03,E,8,-9900,?,9,-9900,?,9,0.0,E,8,-9900,?,9,-9900,?,9,0.0,0.0,E,8
06/19/2022,08:00,298.797,1321.991,38.05,1,8,0.0,1,8,38.05,1,8,4566.0,1,8,0.0,1,8,4185.5,1,8,53.871,1,8,-9900,?,9,-9900,?,9,17.97,E,8,17.01,E,8,91.0,E,8,1008.6016999999999,E,8,999.0,E,8,2.03,E,8,-9900,?,9,-9900,?,9,0.0,E,8,-9900,?,9,-9900,?,9,0.0,0.0,E,8
06/19/2022,09:00,545.72,1321.991,95.38,1,8,0.0,1,8,95.38,1,8,11445.6,1,8,0.0,1,8,10491.8,1,8,73.652,1,8,-9900,?,9,-9900,?,9,19.28,E,8,17.47,E,8,87.0,E,8,1008.6016999999999,E,8,999.0,E,8,2.03,E,8,-9900,?,9,-9900,?,9,0.0,E,8,-9900,?,9,-9900,?,9,0.0,0.0,E,8
06/19/2022,10:00,743.103,1321.991,282.22,1,8,75.057,1,8,240.057,1,8,33866.4,1,8,7130.381,1,8,26406.241,1,8,136.025,1,8,-9900,?,9,-9900,?,9,20.69,E,8,17.96,E,8,87.0,E,8,1008.6016999999999,E,8,999.0,E,8,2.03,E,8,-9900,?,9,-9900,?,9,0.006,E,8,-9900,?,9,-9900,?,9,0.06,99.0,E,8
06/19/2022,11:00,877.135,1321.991,376.29,1,8,113.213,1,8,301.202,1,8,45154.8,1,8,10755.209,1,8,33132.211,1,8,144.555,1,8,-9900,?,9,-9900,?,9,21.86,E,8,18.35,E,8,83.0,E,8,1008.6016999999999,E,8,999.0,E,8,2.03,E,8,-9900,?,9,-9900,?,9,0.008,E,8,-9900,?,9,-9900,?,9,0.08,99.0,E,8
06/19/2022,12:00,938.602,1321.991,539.24,1,8,332.343,1,8,303.348,1,8,64708.8,1,8,31572.557,1,8,33368.268,1,8,136.039,1,8,-9900,?,9,-9900,?,9,23.2,E,8,18.8,E,8,75.0,E,8,1008.6016999999999,E,8,999.0,E,8,2.03,E,8,-9900,?,9,-9900,?,9,0.0,E,8,-9900,?,9,-9900,?,9,0.0,0.0,E,8
06/19/2022,13:00,923.293,1321.991,571.08,1,8,451.24,1,8,256.026,1,8,68529.6,1,8,42867.813,1,8,28162.877,1,8,116.723,1,8,-9900,?,9,-9900,?,9,24.2,E,8,19.12,E,8,72.0,E,8,1008.6016999999999,E,8,999.0,E,8,2.03,E,8,-9900,?,9,-9900,?,9,0.0,E,8,-9900,?,9,-9900,?,9,0.0,0.0,E,8
06/19/2022,14:00,832.258,1321.991,649.46,1,8,631.567,1,8,252.035,1,8,77935.2,1,8,59998.881,1,8,27723.902,1,8,127.49,1,8,-9900,?,9,-9900,?,9,25.13,E,8,19.41,E,8,70.0,E,8,1008.6016999999999,E,8,999.0,E,8,2.57,E,8,-9900,?,9,-9900,?,9,0.0,E,8,-9900,?,9,-9900,?,9,0.0,0.0,E,8
06/19/2022,15:00,671.737,1321.991,431.47,1,8,603.65,1,8,124.998,1,8,51776.4,1,8,57346.79,1,8,13749.771,1,8,78.37,1,8,-9900,?,9,-9900,?,9,25.3,E,8,19.47,E,8,70.0,E,8,1008.6016999999999,E,8,999.0,E,8,2.19,E,8,-9900,?,9,-9900,?,9,0.0,E,8,-9900,?,9,-9900,?,9,0.0,0.0,E,8
06/19/2022,16:00,452.807,1321.991,262.93,1,8,570.982,1,8,67.785,1,8,31551.6,1,8,54243.264,1,8,7456.317,1,8,63.131,1,8,-9900,?,9,-9900,?,9,24.89,E,8,19.34,E,8,75.0,E,8,1008.6016999999999,E,8,999.0,E,8,2.08,E,8,-9900,?,9,-9900,?,9,0.015,E,8,-9900,?,9,-9900,?,9,0.15,99.0,E,8
06/19/2022,17:00,191.218,1321.991,95.12,1,8,283.825,1,8,54.592,1,8,11414.4,1,8,26963.352,1,8,6005.072,1,8,121.693,1,8,-9900,?,9,-9900,?,9,24.0,E,8,19.05,E,8,77.0,E,8,1008.6016999999999,E,8,999.0,E,8,2.03,E,8,-9900,?,9,-9900,?,9,0.02,E,8,-9900,?,9,-9900,?,9,0.2,99.0,E,8
06/19/2022,18:00,0.0,1321.991,3.12,1,8,0.0,1,8,0.0,1,8,374.4,1,8,0.0,1,8,0.0,1,8,-0.0,1,8,-9900,?,9,-9900,?,9,23.48,E,8,18.89,E,8,79.0,E,8,1008.6016999999999,E,8,999.0,E,8,2.03,E,8,-9900,?,9,-9900,?,9,0.028000000000000004,E,8,-9900,?,9,-9900,?,9,0.28,99.0,E,8
06/19/2022,19:00,0.0,1321.991,0.0,1,8,0.0,1,8,0.0,1,8,0.0,1,8,0.0,1,8,0.0,1,8,-0.0,1,8,-9900,?,9,-9900,?,9,22.95,E,8,18.71,E,8,80.0,E,8,1008.6016999999999,E,8,999.0,E,8,2.03,E,8,-9900,?,9,-9900,?,9,0.053000000000000005,E,8,-9900,?,9,-9900,?,9,0.53,99.0,E,8
06/19/2022,20:00,0.0,1321.991,0.0,1,8,0.0,1,8,0.0,1,8,0.0,1,8,0.0,1,8,0.0,1,8,-0.0,1,8,-9900,?,9,-9900,?,9,22.43,E,8,18.54,E,8,82.0,E,8,1008.6016999999999,E,8,999.0,E,8,2.03,E,8,-9900,?,9,-9900,?,9,0.038,E,8,-9900,?,9,-9900,?,9,0.38,99.0,E,8
06/19/2022,21:00,0.0,1321.991,0.0,1,8,0.0,1,8,0.0,1,8,0.0,1,8,0.0,1,8,0.0,1,8,-0.0,1,8,-9900,?,9,-9900,?,9,21.91,E,8,18.37,E,8,83.0,E,8,1008.6016999999999,E,8,999.0,E,8,2.03,E,8,-9900,?,9,-9900,?,9,0.078,E,8,-9900,?,9,-9900,?,9,0.78,99.0,E,8
06/19/2022,22:00,0.0,1321.991,0.0,1,8,0.0,1,8,0.0,1,8,0.0,1,8,0.0,1,8,0.0,1,8,-0.0,1,8,-9900,?,9,-9900,?,9,21.38,E,8,18.19,E,8,94.0,E,8,1008.6016999999999,E,8,999.0,E,8,2.03,E,8,-9900,?,9,-9900,?,9,1.8,E,8,-9900,?,9,-9900,?,9,18.0,99.0,E,8
06/19/2022,23:00,0.0,1321.991,0.0,1,8,0.0,1,8,0.0,1,8,0.0,1,8,0.0,1,8,0.0,1,8,-0.0,1,8,-9900,?,9,-9900,?,9,20.86,E,8,18.02,E,8,91.0,E,8,1008.6016999999999,E,8,999.0,E,8,2.03,E,8,-9900,?,9,-9900,?,9,0.136,E,8,-9900,?,9,-9900,?,9,1.36,99.0,E,8
06/19/2022,24:00,0.0,1321.991,0.0,1,8,0.0,1,8,0.0,1,8,0.0,1,8,0.0,1,8,0.0,1,8,-0.0,1,8,-9900,?,9,-9900,?,9,20.34,E,8,17.57,E,8,83.0,E,8,1008.6016999999999,E,8,999.0,E,8,2.05,E,8,-9900,?,9,-9900,?,9,0.032,E,8,-9900,?,9,-9900,?,9,0.32,99.0,E,8
06/20/2022,01:00,0.0,1321.991,0.0,1,8,0.0,1,8,0.0,1,8,0.0,1,8,0.0,1,8,0.0,1,8,-0.0,1,8,-9900,?,9,-9900,?,9,20.07,E,8,17.59,E,8,95.0,E,8,1008.6016999999999,E,8,999.0,E,8,2.05,E,8,-9900,?,9,-9900,?,9,3.461,E,8,-9900,?,9,-9900,?,9,34.61,99.0,E,8
06/20/2022,02:00,0.0,1321.991,0.0,1,8,0.0,1,8,0.0,1,8,0.0,1,8,0.0,1,8,0.0,1,8,-0.0,1,8,-9900,?,9,-9900,?,9,19.81,E,8,17.6,E,8,86.0,E,8,1008.6016999999999,E,8,999.0,E,8,2.05,E,8,-9900,?,9,-9900,?,9,0.071,E,8,-9900,?,9,-9900,?,9,0.71,99.0,E,8
06/20/2022,03:00,0.0,1321.991,0.0,1,8,0.0,1,8,0.0,1,8,0.0,1,8,0.0,1,8,0.0,1,8,-0.0,1,8,-9900,?,9,-9900,?,9,19.55,E,8,17.62,E,8,93.0,E,8,1008.6016999999999,E,8,999.0,E,8,2.05,E,8,-9900,?,9,-9900,?,9,0.11200000000000002,E,8,-9900,?,9,-9900,?,9,1.12,99.0,E,8
06/20/2022,04:00,0.0,1321.801,0.0,1,8,0.0,1,8,0.0,1,8,0.0,1,8,0.0,1,8,0.0,1,8,-0.0,1,8,-9900,?,9,-9900,?,9,19.29,E,8,17.63,E,8,89.0,E,8,1008.6016999999999,E,8,999.0,E,8,2.05,E,8,-9900,?,9,-9900,?,9,0.020999999999999998,E,8,-9900,?,9,-9900,?,9,0.21,99.0,E,8
06/20/2022,05:00,0.0,1321.801,0.0,1,8,0.0,1,8,0.0,1,8,0.0,1,8,0.0,1,8,0.0,1,8,-0.0,1,8,-9900,?,9,-9900,?,9,19.03,E,8,17.65,E,8,91.0,E,8,1008.6016999999999,E,8,999.0,E,8,2.05,E,8,-9900,?,9,-9900,?,9,0.057999999999999996,E,8,-9900,?,9,-9900,?,9,0.58,99.0,E,8
06/20/2022,06:00,0.0,1321.801,0.0,1,8,0.0,1,8,0.0,1,8,0.0,1,8,0.0,1,8,0.0,1,8,-0.0,1,8,-9900,?,9,-9900,?,9,18.83,E,8,17.66,E,8,92.0,E,8,1008.6016999999999,E,8,999.0,E,8,2.05,E,8,-9900,?,9,-9900,?,9,0.026000000000000002,E,8,-9900,?,9,-9900,?,9,0.26,99.0,E,8
06/20/2022,07:00,24.316,1321.801,0.0,1,8,0.0,1,8,0.0,1,8,0.0,1,8,0.0,1,8,0.0,1,8,0.0,1,8,-9900,?,9,-9900,?,9,18.65,E,8,17.67,E,8,93.0,E,8,1008.6016999999999,E,8,999.0,E,8,2.05,E,8,-9900,?,9,-9900,?,9,0.011,E,8,-9900,?,9,-9900,?,9,0.11,99.0,E,8
06/20/2022,08:00,297.656,1321.801,22.49,1,8,0.0,1,8,22.49,1,8,2698.8,1,8,0.0,1,8,2473.9,1,8,31.96,1,8,-9900,?,9,-9900,?,9,18.48,E,8,17.68,E,8,94.0,E,8,1008.6016999999999,E,8,999.0,E,8,2.05,E,8,-9900,?,9,-9900,?,9,0.001,E,8,-9900,?,9,-9900,?,9,0.01,99.0,E,8
06/20/2022,09:00,544.674,1321.801,109.97,1,8,0.0,1,8,109.97,1,8,13196.4,1,8,0.0,1,8,12096.7,1,8,85.069,1,8,-9900,?,9,-9900,?,9,19.86,E,8,17.6,E,8,81.0,E,8,1008.6016999999999,E,8,999.0,E,8,2.05,E,8,-9900,?,9,-9900,?,9,0.0,E,8,-9900,?,9,-9900,?,9,0.0,0.0,E,8
06/20/2022,10:00,742.223,1321.801,192.95,1,8,11.998,1,8,186.217,1,8,23154.0,1,8,1139.8,1,8,20483.89,1,8,105.628,1,8,-9900,?,9,-9900,?,9,20.75,E,8,17.55,E,8,81.0,E,8,1008.6016999999999,E,8,999.0,E,8,2.05,E,8,-9900,?,9,-9900,?,9,0.001,E,8,-9900,?,9,-9900,?,9,0.01,99.0,E,8
06/20/2022,11:00,876.478,1321.801,256.24,1,8,12.384,1,8,248.031,1,8,30748.8,1,8,1176.467,1,8,27283.456,1,8,119.109,1,8,-9900,?,9,-9900,?,9,21.52,E,8,17.51,E,8,77.0,E,8,1008.6016999999999,E,8,999.0,E,8,2.05,E,8,-9900,?,9,-9900,?,9,0.048,E,8,-9900,?,9,-9900,?,9,0.48,99.0,E,8
06/20/2022,12:00,938.209,1321.801,293.89,1,8,16.389,1,8,282.261,1,8,35266.8,1,8,1556.955,1,8,31048.658,1,8,126.617,1,8,-9900,?,9,-9900,?,9,22.14,E,8,17.48,E,8,79.0,E,8,1008.6016999999999,E,8,999.0,E,8,2.05,E,8,-9900,?,9,-9900,?,9,0.146,E,8,-9900,?,9,-9900,?,9,1.46,99.0,E,8
06/20/2022,13:00,923.188,1321.801,302.89,1,8,20.01,1,8,288.919,1,8,36346.8,1,8,1900.962,1,8,31781.047,1,8,131.715,1,8,-9900,?,9,-9900,?,9,22.59,E,8,17.45,E,8,72.0,E,8,1008.6016999999999,E,8,999.0,E,8,2.05,E,8,-9900,?,9,-9900,?,9,0.089,E,8,-9900,?,9,-9900,?,9,0.89,99.0,E,8
06/20/2022,14:00,832.443,1321.801,282.54,1,8,24.551,1,8,267.085,1,8,33904.8,1,8,2332.372,1,8,29379.351,1,8,135.053,1,8,-9900,?,9,-9900,?,9,22.84,E,8,17.44,E,8,71.0,E,8,1008.6016999999999,E,8,999.0,E,8,2.05,E,8,-9900,?,9,-9900,?,9,0.008,E,8,-9900,?,9,-9900,?,9,0.08,99.0,E,8
06/20/2022,15:00,672.197,1321.801,234.41,1,8,23.033,1,8,222.707,1,8,28129.2,1,8,2188.1,1,8,24497.734,1,8,139.514,1,8,-9900,?,9,-9900,?,9,22.91,E,8,17.43,E,8,71.0,E,8,1008.6016999999999,E,8,999.0,E,8,2.05,E,8,-9900,?,9,-9900,?,9,0.014000000000000002,E,8,-9900,?,9,-9900,?,9,0.14,99.0,E,8
06/20/2022,16:00,453.504,1321.801,162.52,1,8,81.457,1,8,134.633,1,8,19502.4,1,8,7738.418,1,8,14809.647,1,8,125.179,1,8,-9900,?,9,-9900,?,9,22.72,E,8,17.44,E,8,72.0,E,8,1008.6016999999999,E,8,999.0,E,8,2.05,E,8,-9900,?,9,-9900,?,9,0.006,E,8,-9900,?,9,-9900,?,9,0.06,99.0,E,8
06/20/2022,17:00,192.095,1321.801,74.74,1,8,182.889,1,8,48.498,1,8,8968.8,1,8,17374.462,1,8,5334.781,1,8,107.588,1,8,-9900,?,9,-9900,?,9,22.25,E,8,17.47,E,8,74.0,E,8,1008.6016999999999,E,8,999.0,E,8,2.05,E,8,-9900,?,9,-9900,?,9,0.039,E,8,-9900,?,9,-9900,?,9,0.39,99.0,E,8
06/20/2022,18:00,0.0,1321.801,1.96,1,8,0.0,1,8,0.0,1,8,235.2,1,8,0.0,1,8,0.0,1,8,-0.0,1,8,-9900,?,9,-9900,?,9,22.03,E,8,17.48,E,8,75.0,E,8,1008.6016999999999,E,8,999.0,E,8,2.05,E,8,-9900,?,9,-9900,?,9,0.017,E,8,-9900,?,9,-9900,?,9,0.17,99.0,E,8
06/20/2022,19:00,0.0,1321.801,0.0,1,8,0.0,1,8,0.0,1,8,0.0,1,8,0.0,1,8,0.0,1,8,-0.0,1,8,-9900,?,9,-9900,?,9,21.81,E,8,17.49,E,8,81.0,E,8,1008.6016999999999,E,8,999.0,E,8,2.27,E,8,-9900,?,9,-9900,?,9,0.202,E,8,-9900,?,9,-9900,?,9,2.02,99.0,E,8
06/20/2022,20:00,0.0,1321.801,0.0,1,8,0.0,1,8,0.0,1,8,0.0,1,8,0.0,1,8,0.0,1,8,-0.0,1,8,-9900,?,9,-9900,?,9,21.59,E,8,17.51,E,8,82.0,E,8,1008.6016999999999,E,8,999.0,E,8,2.05,E,8,-9900,?,9,-9900,?,9,0.32599999999999996,E,8,-9900,?,9,-9900,?,9,3.26,99.0,E,8
06/20/2022,21:00,0.0,1321.801,0.0,1,8,0.0,1,8,0.0,1,8,0.0,1,8,0.0,1,8,0.0,1,8,-0.0,1,8,-9900,?,9,-9900,?,9,21.37,E,8,17.52,E,8,78.0,E,8,1008.6016999999999,E,8,999.0,E,8,2.05,E,8,-9900,?,9,-9900,?,9,0.005,E,8,-9900,?,9,-9900,?,9,0.05,99.0,E,8
06/20/2022,22:00,0.0,1321.801,0.0,1,8,0.0,1,8,0.0,1,8,0.0,1,8,0.0,1,8,0.0,1,8,-0.0,1,8,-9900,?,9,-9900,?,9,21.15,E,8,17.53,E,8,79.0,E,8,1008.6016999999999,E,8,999.0,E,8,2.05,E,8,-9900,?,9,-9900,?,9,0.003,E,8,-9900,?,9,-9900,?,9,0.03,99.0,E,8
06/20/2022,23:00,0.0,1321.801,0.0,1,8,0.0,1,8,0.0,1,8,0.0,1,8,0.0,1,8,0.0,1,8,-0.0,1,8,-9900,?,9,-9900,?,9,20.93,E,8,17.54,E,8,80.0,E,8,1008.6016999999999,E,8,999.0,E,8,2.05,E,8,-9900,?,9,-9900,?,9,0.002,E,8,-9900,?,9,-9900,?,9,0.02,99.0,E,8
06/20/2022,24:00,0.0,1321.801,0.0,1,8,0.0,1,8,0.0,1,8,0.0,1,8,0.0,1,8,0.0,1,8,-0.0,1,8,-9900,?,9,-9900,?,9,20.71,E,8,18.89,E,8,90.0,E,8,1008.6016999999999,E,8,999.0,E,8,1.19,E,8,-9900,?,9,-9900,?,9,0.023,E,8,-9900,?,9,-9900,?,9,0.23,99.0,E,8
06/21/2022,01:00,0.0,1321.801,0.0,1,8,0.0,1,8,0.0,1,8,0.0,1,8,0.0,1,8,0.0,1,8,-0.0,1,8,-9900,?,9,-9900,?,9,20.6,E,8,18.94,E,8,91.0,E,8,1008.6016999999999,E,8,999.0,E,8,1.19,E,8,-9900,?,9,-9900,?,9,0.028999999999999998,E,8,-9900,?,9,-9900,?,9,0.29,99.0,E,8
06/21/2022,02:00,0.0,1321.801,0.0,1,8,0.0,1,8,0.0,1,8,0.0,1,8,0.0,1,8,0.0,1,8,-0.0,1,8,-9900,?,9,-9900,?,9,20.49,E,8,19.0,E,8,92.0,E,8,1008.6016999999999,E,8,999.0,E,8,1.19,E,8,-9900,?,9,-9900,?,9,0.007000000000000001,E,8,-9900,?,9,-9900,?,9,0.07,99.0,E,8
06/21/2022,03:00,0.0,1321.801,0.0,1,8,0.0,1,8,0.0,1,8,0.0,1,8,0.0,1,8,0.0,1,8,-0.0,1,8,-9900,?,9,-9900,?,9,20.38,E,8,19.05,E,8,93.0,E,8,1008.6016999999999,E,8,999.0,E,8,1.19,E,8,-9900,?,9,-9900,?,9,0.066,E,8,-9900,?,9,-9900,?,9,0.66,99.0,E,8
06/21/2022,04:00,0.0,1321.624,0.0,1,8,0.0,1,8,0.0,1,8,0.0,1,8,0.0,1,8,0.0,1,8,-0.0,1,8,-9900,?,9,-9900,?,9,20.27,E,8,19.1,E,8,94.0,E,8,1008.6016999999999,E,8,999.0,E,8,1.19,E,8,-9900,?,9,-9900,?,9,0.08199999999999999,E,8,-9900,?,9,-9900,?,9,0.82,99.0,E,8
06/21/2022,05:00,0.0,1321.624,0.0,1,8,0.0,1,8,0.0,1,8,0.0,1,8,0.0,1,8,0.0,1,8,-0.0,1,8,-9900,?,9,-9900,?,9,20.16,E,8,19.15,E,8,95.0,E,8,1008.6016999999999,E,8,999.0,E,8,1.19,E,8,-9900,?,9,-9900,?,9,0.009,E,8,-9900,?,9,-9900,?,9,0.09,99.0,E,8
06/21/2022,06:00,0.0,1321.624,0.0,1,8,0.0,1,8,0.0,1,8,0.0,1,8,0.0,1,8,0.0,1,8,-0.0,1,8,-9900,?,9,-9900,?,9,20.07,E,8,19.2,E,8,95.0,E,8,1008.6016999999999,E,8,999.0,E,8,1.19,E,8,-9900,?,9,-9900,?,9,0.005,E,8,-9900,?,9,-9900,?,9,0.05,99.0,E,8
06/21/2022,07:00,23.333,1321.624,0.0,1,8,0.0,1,8,0.0,1,8,0.0,1,8,0.0,1,8,0.0,1,8,0.0,1,8,-9900,?,9,-9900,?,9,20.0,E,8,19.23,E,8,91.0,E,8,1008.6016999999999,E,8,999.0,E,8,1.19,E,8,-9900,?,9,-9900,?,9,0.0,E,8,-9900,?,9,-9900,?,9,0.0,0.0,E,8
06/21/2022,08:00,296.595,1321.624,49.39,1,8,0.0,1,8,49.39,1,8,5926.8,1,8,0.0,1,8,5432.9,1,8,70.431,1,8,-9900,?,9,-9900,?,9,19.93,E,8,19.26,E,8,92.0,E,8,1008.6016999999999,E,8,999.0,E,8,1.19,E,8,-9900,?,9,-9900,?,9,0.0,E,8,-9900,?,9,-9900,?,9,0.0,0.0,E,8
06/21/2022,09:00,543.722,1321.624,97.11,1,8,0.0,1,8,97.11,1,8,11653.2,1,8,0.0,1,8,10682.1,1,8,75.243,1,8,-9900,?,9,-9900,?,9,22.12,E,8,18.2,E,8,79.0,E,8,1008.6016999999999,E,8,999.0,E,8,1.19,E,8,-9900,?,9,-9900,?,9,0.002,E,8,-9900,?,9,-9900,?,9,0.02,99.0,E,8
06/21/2022,10:00,741.449,1321.624,248.4,1,8,53.341,1,8,218.494,1,8,29808.0,1,8,5067.366,1,8,24034.364,1,8,124.049,1,8,-9900,?,9,-9900,?,9,23.87,E,8,17.31,E,8,67.0,E,8,1008.6016999999999,E,8,999.0,E,8,1.61,E,8,-9900,?,9,-9900,?,9,0.001,E,8,-9900,?,9,-9900,?,9,0.01,99.0,E,8
06/21/2022,11:00,875.935,1321.624,330.03,1,8,27.369,1,8,311.897,1,8,39603.6,1,8,2600.057,1,8,34308.711,1,8,149.851,1,8,-9900,?,9,-9900,?,9,25.36,E,8,16.51,E,8,58.0,E,8,1008.6016999999999,E,8,999.0,E,8,2.39,E,8,-9900,?,9,-9900,?,9,0.034999999999999996,E,8,-9900,?,9,-9900,?,9,0.35,99.0,E,8
06/21/2022,12:00,937.935,1321.624,378.67,1,8,73.083,1,8,326.819,1,8,45440.4,1,8,6942.92,1,8,35950.083,1,8,146.628,1,8,-9900,?,9,-9900,?,9,26.55,E,8,15.84,E,8,51.0,E,8,1008.6016999999999,E,8,999.0,E,8,3.29,E,8,-9900,?,9,-9900,?,9,0.003,E,8,-9900,?,9,-9900,?,9,0.03,99.0,E,8
06/21/2022,13:00,923.201,1321.624,390.4,1,8,89.517,1,8,327.888,1,8,46848.0,1,8,8504.118,1,8,36067.732,1,8,149.459,1,8,-9900,?,9,-9900,?,9,27.39,E,8,15.36,E,8,47.0,E,8,1008.6016999999999,E,8,999.0,E,8,3.82,E,8,-9900,?,9,-9900,?,9,0.012,E,8,-9900,?,9,-9900,?,9,0.12,99.0,E,8
06/21/2022,14:00,832.742,1321.624,364.31,1,8,111.61,1,8,294.017,1,8,43717.2,1,8,10602.947,1,8,32341.87,1,8,148.598,1,8,-9900,?,9,-9900,?,9,27.89,E,8,15.06,E,8,45.0,E,8,1008.6016999999999,E,8,999.0,E,8,4.24,E,8,-9900,?,9,-9900,?,9,0.019,E,8,-9900,?,9,-9900,?,9,0.19,99.0,E,8
06/21/2022,15:00,672.76,1321.624,302.44,1,8,143.017,1,8,229.699,1,8,36292.8,1,8,13586.658,1,8,25266.915,1,8,143.754,1,8,-9900,?,9,-9900,?,9,28.03,E,8,14.98,E,8,44.0,E,8,1008.6016999999999,E,8,999.0,E,8,4.62,E,8,-9900,?,9,-9900,?,9,0.043,E,8,-9900,?,9,-9900,?,9,0.43,99.0,E,8
06/21/2022,16:00,454.292,1321.624,209.94,1,8,220.494,1,8,134.312,1,8,25192.8,1,8,20946.913,1,8,14774.309,1,8,124.646,1,8,-9900,?,9,-9900,?,9,27.69,E,8,15.18,E,8,51.0,E,8,1008.6016999999999,E,8,999.0,E,8,4.09,E,8,-9900,?,9,-9900,?,9,0.19,E,8,-9900,?,9,-9900,?,9,1.9,99.0,E,8
06/21/2022,17:00,193.045,1321.624,96.87,1,8,311.358,1,8,51.962,1,8,11624.4,1,8,29579.005,1,8,5715.819,1,8,114.676,1,8,-9900,?,9,-9900,?,9,26.84,E,8,15.68,E,8,60.0,E,8,1008.6016999999999,E,8,999.0,E,8,3.6,E,8,-9900,?,9,-9900,?,9,3.3560000000000003,E,8,-9900,?,9,-9900,?,9,33.56,99.0,E,8
06/21/2022,18:00,0.0,1321.624,2.65,1,8,0.0,1,8,0.0,1,8,318.0,1,8,0.0,1,8,0.0,1,8,-0.0,1,8,-9900,?,9,-9900,?,9,26.12,E,8,16.09,E,8,54.0,E,8,1008.6016999999999,E,8,999.0,E,8,2.81,E,8,-9900,?,9,-9900,?,9,0.053000000000000005,E,8,-9900,?,9,-9900,?,9,0.53,99.0,E,8
06/21/2022,19:00,0.0,1321.624,0.0,1,8,0.0,1,8,0.0,1,8,0.0,1,8,0.0,1,8,0.0,1,8,-0.0,1,8,-9900,?,9,-9900,?,9,25.4,E,8,16.49,E,8,63.0,E,8,1008.6016999999999,E,8,999.0,E,8,1.97,E,8,-9900,?,9,-9900,?,9,0.10400000000000001,E,8,-9900,?,9,-9900,?,9,1.04,99.0,E,8
06/21/2022,20:00,0.0,1321.624,0.0,1,8,0.0,1,8,0.0,1,8,0.0,1,8,0.0,1,8,0.0,1,8,-0.0,1,8,-9900,?,9,-9900,?,9,24.68,E,8,16.88,E,8,67.0,E,8,1008.6016999999999,E,8,999.0,E,8,1.57,E,8,-9900,?,9,-9900,?,9,0.31,E,8,-9900,?,9,-9900,?,9,3.1,99.0,E,8
06/21/2022,21:00,0.0,1321.624,0.0,1,8,0.0,1,8,0.0,1,8,0.0,1,8,0.0,1,8,0.0,1,8,-0.0,1,8,-9900,?,9,-9900,?,9,23.96,E,8,17.26,E,8,71.0,E,8,1008.6016999999999,E,8,999.0,E,8,1.19,E,8,-9900,?,9,-9900,?,9,0.137,E,8,-9900,?,9,-9900,?,9,1.37,99.0,E,8
06/21/2022,22:00,0.0,1321.624,0.0,1,8,0.0,1,8,0.0,1,8,0.0,1,8,0.0,1,8,0.0,1,8,-0.0,1,8,-9900,?,9,-9900,?,9,23.24,E,8,17.64,E,8,71.0,E,8,1008.6016999999999,E,8,999.0,E,8,1.19,E,8,-9900,?,9,-9900,?,9,0.001,E,8,-9900,?,9,-9900,?,9,0.01,99.0,E,8
06/21/2022,23:00,0.0,1321.624,0.0,1,8,0.0,1,8,0.0,1,8,0.0,1,8,0.0,1,8,0.0,1,8,-0.0,1,8,-9900,?,9,-9900,?,9,22.52,E,8,18.0,E,8,76.0,E,8,1008.6016999999999,E,8,999.0,E,8,1.19,E,8,-9900,?,9,-9900,?,9,0.015,E,8,-9900,?,9,-9900,?,9,0.15,99.0,E,8
06/21/2022,24:00,0.0,1321.624,0.0,1,8,0.0,1,8,0.0,1,8,0.0,1,8,0.0,1,8,0.0,1,8,-0.0,1,8,-9900,?,9,-9900,?,9,21.8,E,8,16.27,E,8,68.0,E,8,1008.6016999999999,E,8,999.0,E,8,1.16,E,8,-9900,?,9,-9900,?,9,0.0,E,8,-9900,?,9,-9900,?,9,0.0,0.0,E,8
06/22/2022,01:00,0.0,1321.624,0.0,1,8,0.0,1,8,0.0,1,8,0.0,1,8,0.0,1,8,0.0,1,8,-0.0,1,8,-9900,?,9,-9900,?,9,21.44,E,8,16.23,E,8,69.0,E,8,1008.6016999999999,E,8,999.0,E,8,1.16,E,8,-9900,?,9,-9900,?,9,0.0,E,8,-9900,?,9,-9900,?,9,0.0,0.0,E,8
06/22/2022,02:00,0.0,1321.624,0.0,1,8,0.0,1,8,0.0,1,8,0.0,1,8,0.0,1,8,0.0,1,8,-0.0,1,8,-9900,?,9,-9900,?,9,21.08,E,8,16.19,E,8,74.0,E,8,1008.6016999999999,E,8,999.0,E,8,1.16,E,8,-9900,?,9,-9900,?,9,0.001,E,8,-9900,?,9,-9900,?,9,0.01,99.0,E,8
06/22/2022,03:00,0.0,1321.624,0.0,1,8,0.0,1,8,0.0,1,8,0.0,1,8,0.0,1,8,0.0,1,8,-0.0,1,8,-9900,?,9,-9900,?,9,20.72,E,8,16.16,E,8,76.0,E,8,1008.6016999999999,E,8,999.0,E,8,1.16,E,8,-9900,?,9,-9900,?,9,0.09,E,8,-9900,?,9,-9900,?,9,0.9,99.0,E,8
06/22/2022,04:00,0.0,1321.458,0.0,1,8,0.0,1,8,0.0,1,8,0.0,1,8,0.0,1,8,0.0,1,8,-0.0,1,8,-9900,?,9,-9900,?,9,20.36,E,8,16.12,E,8,77.0,E,8,1008.6016999999999,E,8,999.0,E,8,1.16,E,8,-9900,?,9,-9900,?,9,0.002,E,8,-9900,?,9,-9900,?,9,0.02,99.0,E,8
06/22/2022,05:00,0.0,1321.458,0.0,1,8,0.0,1,8,0.0,1,8,0.0,1,8,0.0,1,8,0.0,1,8,-0.0,1,8,-9900,?,9,-9900,?,9,20.0,E,8,16.09,E,8,78.0,E,8,1008.6016999999999,E,8,999.0,E,8,1.16,E,8,-9900,?,9,-9900,?,9,0.005,E,8,-9900,?,9,-9900,?,9,0.05,99.0,E,8
06/22/2022,06:00,0.0,1321.458,0.0,1,8,0.0,1,8,0.0,1,8,0.0,1,8,0.0,1,8,0.0,1,8,-0.0,1,8,-9900,?,9,-9900,?,9,19.73,E,8,16.06,E,8,75.0,E,8,1008.6016999999999,E,8,999.0,E,8,1.16,E,8,-9900,?,9,-9900,?,9,0.0,E,8,-9900,?,9,-9900,?,9,0.0,0.0,E,8
06/22/2022,07:00,22.409,1321.458,0.0,1,8,0.0,1,8,0.0,1,8,0.0,1,8,0.0,1,8,0.0,1,8,0.0,1,8,-9900,?,9,-9900,?,9,19.49,E,8,16.04,E,8,76.0,E,8,1008.6016999999999,E,8,999.0,E,8,1.16,E,8,-9900,?,9,-9900,?,9,0.0,E,8,-9900,?,9,-9900,?,9,0.0,0.0,E,8
06/22/2022,08:00,295.615,1321.458,47.45,1,8,0.0,1,8,47.45,1,8,5694.0,1,8,0.0,1,8,5219.5,1,8,67.883,1,8,-9900,?,9,-9900,?,9,19.25,E,8,16.01,E,8,81.0,E,8,1008.6016999999999,E,8,999.0,E,8,1.16,E,8,-9900,?,9,-9900,?,9,0.001,E,8,-9900,?,9,-9900,?,9,0.01,99.0,E,8
06/22/2022,09:00,542.866,1321.458,217.17,1,8,108.064,1,8,172.84,1,8,26060.4,1,8,10266.033,1,8,19012.432,1,8,134.116,1,8,-9900,?,9,-9900,?,9,21.45,E,8,16.23,E,8,69.0,E,8,1008.6016999999999,E,8,999.0,E,8,1.16,E,8,-9900,?,9,-9900,?,9,0.0,E,8,-9900,?,9,-9900,?,9,0.0,0.0,E,8
06/22/2022,10:00,740.783,1321.458,382.06,1,8,224.513,1,8,256.283,1,8,45847.2,1,8,21328.779,1,8,28191.097,1,8,145.616,1,8,-9900,?,9,-9900,?,9,22.83,E,8,16.37,E,8,65.0,E,8,1008.6016999999999,E,8,999.0,E,8,1.71,E,8,-9900,?,9,-9900,?,9,0.0,E,8,-9900,?,9,-9900,?,9,0.0,0.0,E,8
06/22/2022,11:00,875.508,1321.458,471.87,1,8,264.806,1,8,296.494,1,8,56624.4,1,8,25156.529,1,8,32614.305,1,8,142.502,1,8,-9900,?,9,-9900,?,9,23.89,E,8,16.47,E,8,62.0,E,8,1008.6016999999999,E,8,999.0,E,8,2.3,E,8,-9900,?,9,-9900,?,9,0.0,E,8,-9900,?,9,-9900,?,9,0.0,0.0,E,8
06/22/2022,12:00,937.78,1321.458,597.0,1,8,480.856,1,8,255.857,1,8,71640.0,1,8,45681.342,1,8,28144.238,1,8,114.796,1,8,-9900,?,9,-9900,?,9,24.95,E,8,16.57,E,8,59.0,E,8,1008.6016999999999,E,8,999.0,E,8,3.4,E,8,-9900,?,9,-9900,?,9,0.0,E,8,-9900,?,9,-9900,?,9,0.0,0.0,E,8
06/22/2022,13:00,923.331,1321.458,600.52,1,8,546.118,1,8,219.053,1,8,72062.4,1,8,51881.203,1,8,24095.841,1,8,99.823,1,8,-9900,?,9,-9900,?,9,25.66,E,8,16.64,E,8,57.0,E,8,1008.6016999999999,E,8,999.0,E,8,3.9,E,8,-9900,?,9,-9900,?,9,0.0,E,8,-9900,?,9,-9900,?,9,0.0,0.0,E,8
06/22/2022,14:00,833.153,1321.458,522.07,1,8,508.644,1,8,201.523,1,8,62648.4,1,8,48321.215,1,8,22167.497,1,8,101.788,1,8,-9900,?,9,-9900,?,9,25.98,E,8,16.67,E,8,56.0,E,8,1008.6016999999999,E,8,999.0,E,8,3.67,E,8,-9900,?,9,-9900,?,9,0.0,E,8,-9900,?,9,-9900,?,9,0.0,0.0,E,8
06/22/2022,15:00,673.425,1321.458,439.05,1,8,538.121,1,8,165.048,1,8,52686.0,1,8,51121.508,1,8,18155.296,1,8,103.178,1,8,-9900,?,9,-9900,?,9,26.05,E,8,16.67,E,8,56.0,E,8,1008.6016999999999,E,8,999.0,E,8,4.29,E,8,-9900,?,9,-9900,?,9,0.0,E,8,-9900,?,9,-9900,?,9,0.0,0.0,E,8
06/22/2022,16:00,455.168,1321.458,325.3,1,8,592.4,1,8,121.691,1,8,39036.0,1,8,56277.98,1,8,13386.007,1,8,112.701,1,8,-9900,?,9,-9900,?,9,25.79,E,8,16.65,E,8,56.0,E,8,1008.6016999999999,E,8,999.0,E,8,4.34,E,8,-9900,?,9,-9900,?,9,0.0,E,8,-9900,?,9,-9900,?,9,0.0,0.0,E,8
06/22/2022,17:00,194.067,1321.458,135.5,1,8,369.912,1,8,81.85,1,8,16260.0,1,8,35141.653,1,8,9003.547,1,8,179.64,1,8,-9900,?,9,-9900,?,9,25.04,E,8,16.58,E,8,58.0,E,8,1008.6016999999999,E,8,999.0,E,8,3.75,E,8,-9900,?,9,-9900,?,9,0.0,E,8,-9900,?,9,-9900,?,9,0.0,0.0,E,8
06/22/2022,18:00,0.0,1321.458,4.0,1,8,0.0,1,8,0.0,1,8,480.0,1,8,0.0,1,8,0.0,1,8,-0.0,1,8,-9900,?,9,-9900,?,9,24.34,E,8,16.51,E,8,60.0,E,8,1008.6016999999999,E,8,999.0,E,8,2.89,E,8,-9900,?,9,-9900,?,9,0.0,E,8,-9900,?,9,-9900,?,9,0.0,0.0,E,8
06/22/2022,19:00,0.0,1321.458,0.0,1,8,0.0,1,8,0.0,1,8,0.0,1,8,0.0,1,8,0.0,1,8,-0.0,1,8,-9900,?,9,-9900,?,9,23.64,E,8,16.44,E,8,62.0,E,8,1008.6016999999999,E,8,999.0,E,8,2.15,E,8,-9900,?,9,-9900,?,9,0.0,E,8,-9900,?,9,-9900,?,9,0.0,0.0,E,8
06/22/2022,20:00,0.0,1321.458,0.0,1,8,0.0,1,8,0.0,1,8,0.0,1,8,0.0,1,8,0.0,1,8,-0.0,1,8,-9900,?,9,-9900,?,9,22.95,E,8,16.38,E,8,64.0,E,8,1008.6016999999999,E,8,999.0,E,8,2.01,E,8,-9900,?,9,-9900,?,9,0.0,E,8,-9900,?,9,-9900,?,9,0.0,0.0,E,8
06/22/2022,21:00,0.0,1321.458,0.0,1,8,0.0,1,8,0.0,1,8,0.0,1,8,0.0,1,8,0.0,1,8,-0.0,1,8,-9900,?,9,-9900,?,9,22.25,E,8,16.31,E,8,66.0,E,8,1008.6016999999999,E,8,999.0,E,8,1.16,E,8,-9900,?,9,-9900,?,9,0.0,E,8,-9900,?,9,-9900,?,9,0.0,0.0,E,8
06/22/2022,22:00,0.0,1321.458,0.0,1,8,0.0,1,8,0.0,1,8,0.0,1,8,0.0,1,8,0.0,1,8,-0.0,1,8,-9900,?,9,-9900,?,9,21.55,E,8,16.24,E,8,69.0,E,8,1008.6016999999999,E,8,999.0,E,8,1.16,E,8,-9900,?,9,-9900,?,9,0.0,E,8,-9900,?,9,-9900,?,9,0.0,0.0,E,8
06/22/2022,23:00,0.0,1321.458,0.0,1,8,0.0,1,8,0.0,1,8,0.0,1,8,0.0,1,8,0.0,1,8,-0.0,1,8,-9900,?,9,-9900,?,9,20.85,E,8,16.17,E,8,71.0,E,8,1008.6016999999999,E,8,999.0,E,8,1.16,E,8,-9900,?,9,-9900,?,9,0.0,E,8,-9900,?,9,-9900,?,9,0.0,0.0,E,8
06/22/2022,24:00,0.0,1321.458,0.0,1,8,0.0,1,8,0.0,1,8,0.0,1,8,0.0,1,8,0.0,1,8,-0.0,1,8,-9900,?,9,-9900,?,9,20.15,E,8,15.52,E,8,77.0,E,8,1008.6016999999999,E,8,999.0,E,8,1.16,E,8,-9900,?,9,-9900,?,9,0.001,E,8,-9900,?,9,-9900,?,9,0.01,99.0,E,8
06/23/2022,01:00,0.0,1321.458,0.0,1,8,0.0,1,8,0.0,1,8,0.0,1,8,0.0,1,8,0.0,1,8,-0.0,1,8,-9900,?,9,-9900,?,9,19.8,E,8,15.55,E,8,79.0,E,8,1008.6016999999999,E,8,999.0,E,8,1.16,E,8,-9900,?,9,-9900,?,9,0.009,E,8,-9900,?,9,-9900,?,9,0.09,99.0,E,8
06/23/2022,02:00,0.0,1321.458,0.0,1,8,0.0,1,8,0.0,1,8,0.0,1,8,0.0,1,8,0.0,1,8,-0.0,1,8,-9900,?,9,-9900,?,9,19.45,E,8,15.58,E,8,80.0,E,8,1008.6016999999999,E,8,999.0,E,8,1.16,E,8,-9900,?,9,-9900,?,9,0.004,E,8,-9900,?,9,-9900,?,9,0.04,99.0,E,8
06/23/2022,03:00,0.0,1321.458,0.0,1,8,0.0,1,8,0.0,1,8,0.0,1,8,0.0,1,8,0.0,1,8,-0.0,1,8,-9900,?,9,-9900,?,9,19.11,E,8,15.61,E,8,82.0,E,8,1008.6016999999999,E,8,999.0,E,8,1.16,E,8,-9900,?,9,-9900,?,9,0.002,E,8,-9900,?,9,-9900,?,9,0.02,99.0,E,8
06/23/2022,04:00,0.0,1321.306,0.0,1,8,0.0,1,8,0.0,1,8,0.0,1,8,0.0,1,8,0.0,1,8,-0.0,1,8,-9900,?,9,-9900,?,9,18.76,E,8,15.64,E,8,79.0,E,8,1008.6016999999999,E,8,999.0,E,8,1.16,E,8,-9900,?,9,-9900,?,9,0.0,E,8,-9900,?,9,-9900,?,9,0.0,0.0,E,8
06/23/2022,05:00,0.0,1321.306,0.0,1,8,0.0,1,8,0.0,1,8,0.0,1,8,0.0,1,8,0.0,1,8,-0.0,1,8,-9900,?,9,-9900,?,9,18.41,E,8,15.67,E,8,81.0,E,8,1008.6016999999999,E,8,999.0,E,8,1.16,E,8,-9900,?,9,-9900,?,9,0.0,E,8,-9900,?,9,-9900,?,9,0.0,0.0,E,8
06/23/2022,06:00,0.0,1321.306,0.0,1,8,0.0,1,8,0.0,1,8,0.0,1,8,0.0,1,8,0.0,1,8,-0.0,1,8,-9900,?,9,-9900,?,9,18.14,E,8,15.7,E,8,82.0,E,8,1008.6016999999999,E,8,999.0,E,8,1.16,E,8,-9900,?,9,-9900,?,9,0.0,E,8,-9900,?,9,-9900,?,9,0.0,0.0,E,8
06/23/2022,07:00,21.545,1321.306,0.0,1,8,0.0,1,8,0.0,1,8,0.0,1,8,0.0,1,8,0.0,1,8,0.0,1,8,-9900,?,9,-9900,?,9,17.91,E,8,15.72,E,8,83.0,E,8,1008.6016999999999,E,8,999.0,E,8,1.16,E,8,-9900,?,9,-9900,?,9,0.0,E,8,-9900,?,9,-9900,?,9,0.0,0.0,E,8
06/23/2022,08:00,294.716,1321.306,36.02,1,8,0.0,1,8,36.02,1,8,4322.4,1,8,0.0,1,8,3962.2,1,8,51.684,1,8,-9900,?,9,-9900,?,9,17.68,E,8,15.74,E,8,84.0,E,8,1008.6016999999999,E,8,999.0,E,8,1.16,E,8,-9900,?,9,-9900,?,9,0.0,E,8,-9900,?,9,-9900,?,9,0.0,0.0,E,8
06/23/2022,09:00,542.108,1321.306,179.66,1,8,33.759,1,8,165.829,1,8,21559.2,1,8,3207.122,1,8,18241.208,1,8,128.841,1,8,-9900,?,9,-9900,?,9,18.87,E,8,15.63,E,8,79.0,E,8,1008.6016999999999,E,8,999.0,E,8,1.16,E,8,-9900,?,9,-9900,?,9,0.0,E,8,-9900,?,9,-9900,?,9,0.0,0.0,E,8
06/23/2022,10:00,740.226,1321.306,316.18,1,8,108.64,1,8,255.357,1,8,37941.6,1,8,10320.773,1,8,28089.218,1,8,145.183,1,8,-9900,?,9,-9900,?,9,19.63,E,8,15.56,E,8,75.0,E,8,1008.6016999999999,E,8,999.0,E,8,1.16,E,8,-9900,?,9,-9900,?,9,0.0,E,8,-9900,?,9,-9900,?,9,0.0,0.0,E,8
06/23/2022,11:00,875.198,1321.306,420.47,1,8,145.421,1,8,324.183,1,8,50456.4,1,8,13815.031,1,8,35660.121,1,8,155.848,1,8,-9900,?,9,-9900,?,9,20.31,E,8,15.5,E,8,72.0,E,8,1008.6016999999999,E,8,999.0,E,8,2.16,E,8,-9900,?,9,-9900,?,9,0.0,E,8,-9900,?,9,-9900,?,9,0.0,0.0,E,8
06/23/2022,12:00,937.744,1321.306,482.76,1,8,192.214,1,8,346.383,1,8,57931.2,1,8,18260.317,1,8,38102.169,1,8,155.4,1,8,-9900,?,9,-9900,?,9,20.85,E,8,15.45,E,8,70.0,E,8,1008.6016999999999,E,8,999.0,E,8,3.07,E,8,-9900,?,9,-9900,?,9,0.0,E,8,-9900,?,9,-9900,?,9,0.0,0.0,E,8
06/23/2022,13:00,923.58,1321.306,498.05,1,8,268.329,1,8,310.548,1,8,59766.0,1,8,25491.282,1,8,34160.289,1,8,141.463,1,8,-9900,?,9,-9900,?,9,21.23,E,8,15.42,E,8,69.0,E,8,1008.6016999999999,E,8,999.0,E,8,3.66,E,8,-9900,?,9,-9900,?,9,0.0,E,8,-9900,?,9,-9900,?,9,0.0,0.0,E,8
06/23/2022,14:00,833.675,1321.306,465.17,1,8,326.397,1,8,259.322,1,8,55820.4,1,8,31007.737,1,8,28525.402,1,8,130.885,1,8,-9900,?,9,-9900,?,9,21.46,E,8,15.4,E,8,68.0,E,8,1008.6016999999999,E,8,999.0,E,8,4.28,E,8,-9900,?,9,-9900,?,9,0.0,E,8,-9900,?,9,-9900,?,9,0.0,0.0,E,8
06/23/2022,15:00,674.191,1321.306,386.67,1,8,415.689,1,8,174.743,1,8,46400.4,1,8,39490.425,1,8,19221.704,1,8,109.102,1,8,-9900,?,9,-9900,?,9,21.52,E,8,15.39,E,8,68.0,E,8,1008.6016999999999,E,8,999.0,E,8,4.62,E,8,-9900,?,9,-9900,?,9,0.0,E,8,-9900,?,9,-9900,?,9,0.0,0.0,E,8
06/23/2022,16:00,456.131,1321.306,269.06,1,8,412.968,1,8,126.804,1,8,32287.2,1,8,39231.941,1,8,13948.424,1,8,117.173,1,8,-9900,?,9,-9900,?,9,21.36,E,8,15.41,E,8,68.0,E,8,1008.6016999999999,E,8,999.0,E,8,4.67,E,8,-9900,?,9,-9900,?,9,0.0,E,8,-9900,?,9,-9900,?,9,0.0,0.0,E,8
06/23/2022,17:00,195.158,1321.306,125.04,1,8,388.078,1,8,68.425,1,8,15004.8,1,8,36867.439,1,8,7526.723,1,8,149.296,1,8,-9900,?,9,-9900,?,9,20.95,E,8,15.44,E,8,74.0,E,8,1008.6016999999999,E,8,999.0,E,8,4.2,E,8,-9900,?,9,-9900,?,9,0.001,E,8,-9900,?,9,-9900,?,9,0.01,99.0,E,8
06/23/2022,18:00,0.0,1321.306,3.77,1,8,0.0,1,8,0.0,1,8,452.4,1,8,0.0,1,8,0.0,1,8,-0.0,1,8,-9900,?,9,-9900,?,9,20.6,E,8,15.48,E,8,75.0,E,8,1008.6016999999999,E,8,999.0,E,8,3.15,E,8,-9900,?,9,-9900,?,9,0.02,E,8,-9900,?,9,-9900,?,9,0.2,99.0,E,8
06/23/2022,19:00,0.0,1321.306,0.0,1,8,0.0,1,8,0.0,1,8,0.0,1,8,0.0,1,8,0.0,1,8,-0.0,1,8,-9900,?,9,-9900,?,9,20.25,E,8,15.51,E,8,77.0,E,8,1008.6016999999999,E,8,999.0,E,8,2.09,E,8,-9900,?,9,-9900,?,9,0.06,E,8,-9900,?,9,-9900,?,9,0.6,99.0,E,8
06/23/2022,20:00,0.0,1321.306,0.0,1,8,0.0,1,8,0.0,1,8,0.0,1,8,0.0,1,8,0.0,1,8,-0.0,1,8,-9900,?,9,-9900,?,9,19.91,E,8,15.54,E,8,78.0,E,8,1008.6016999999999,E,8,999.0,E,8,1.35,E,8,-9900,?,9,-9900,?,9,0.006,E,8,-9900,?,9,-9900,?,9,0.06,99.0,E,8
06/23/2022,21:00,0.0,1321.306,0.0,1,8,0.0,1,8,0.0,1,8,0.0,1,8,0.0,1,8,0.0,1,8,-0.0,1,8,-9900,?,9,-9900,?,9,19.56,E,8,15.57,E,8,88.0,E,8,1008.6016999999999,E,8,999.0,E,8,1.16,E,8,-9900,?,9,-9900,?,9,0.951,E,8,-9900,?,9,-9900,?,9,9.51,99.0,E,8
06/23/2022,22:00,0.0,1321.306,0.0,1,8,0.0,1,8,0.0,1,8,0.0,1,8,0.0,1,8,0.0,1,8,-0.0,1,8,-9900,?,9,-9900,?,9,19.21,E,8,15.6,E,8,81.0,E,8,1008.6016999999999,E,8,999.0,E,8,1.16,E,8,-9900,?,9,-9900,?,9,0.032,E,8,-9900,?,9,-9900,?,9,0.32,99.0,E,8
06/23/2022,23:00,0.0,1321.306,0.0,1,8,0.0,1,8,0.0,1,8,0.0,1,8,0.0,1,8,0.0,1,8,-0.0,1,8,-9900,?,9,-9900,?,9,18.86,E,8,15.63,E,8,83.0,E,8,1008.6016999999999,E,8,999.0,E,8,1.16,E,8,-9900,?,9,-9900,?,9,0.013000000000000001,E,8,-9900,?,9,-9900,?,9,0.13,99.0,E,8
06/23/2022,24:00,0.0,1321.306,0.0,1,8,0.0,1,8,0.0,1,8,0.0,1,8,0.0,1,8,0.0,1,8,-0.0,1,8,-9900,?,9,-9900,?,9,18.51,E,8,15.22,E,8,79.0,E,8,1008.6016999999999,E,8,999.0,E,8,2.06,E,8,-9900,?,9,-9900,?,9,0.053000000000000005,E,8,-9900,?,9,-9900,?,9,0.53,99.0,E,8
06/24/2022,01:00,0.0,1321.306,0.0,1,8,0.0,1,8,0.0,1,8,0.0,1,8,0.0,1,8,0.0,1,8,-0.0,1,8,-9900,?,9,-9900,?,9,18.34,E,8,15.31,E,8,80.0,E,8,1008.6016999999999,E,8,999.0,E,8,2.06,E,8,-9900,?,9,-9900,?,9,0.015,E,8,-9900,?,9,-9900,?,9,0.15,99.0,E,8
06/24/2022,02:00,0.0,1321.306,0.0,1,8,0.0,1,8,0.0,1,8,0.0,1,8,0.0,1,8,0.0,1,8,-0.0,1,8,-9900,?,9,-9900,?,9,18.17,E,8,15.41,E,8,81.0,E,8,1008.6016999999999,E,8,999.0,E,8,2.06,E,8,-9900,?,9,-9900,?,9,0.02,E,8,-9900,?,9,-9900,?,9,0.2,99.0,E,8
06/24/2022,03:00,0.0,1321.306,0.0,1,8,0.0,1,8,0.0,1,8,0.0,1,8,0.0,1,8,0.0,1,8,-0.0,1,8,-9900,?,9,-9900,?,9,17.99,E,8,15.5,E,8,82.0,E,8,1008.6016999999999,E,8,999.0,E,8,2.06,E,8,-9900,?,9,-9900,?,9,0.008,E,8,-9900,?,9,-9900,?,9,0.08,99.0,E,8
06/24/2022,04:00,0.0,1321.166,0.0,1,8,0.0,1,8,0.0,1,8,0.0,1,8,0.0,1,8,0.0,1,8,-0.0,1,8,-9900,?,9,-9900,?,9,17.82,E,8,15.59,E,8,83.0,E,8,1008.6016999999999,E,8,999.0,E,8,2.06,E,8,-9900,?,9,-9900,?,9,0.038,E,8,-9900,?,9,-9900,?,9,0.38,99.0,E,8
06/24/2022,05:00,0.0,1321.166,0.0,1,8,0.0,1,8,0.0,1,8,0.0,1,8,0.0,1,8,0.0,1,8,-0.0,1,8,-9900,?,9,-9900,?,9,17.64,E,8,15.69,E,8,91.0,E,8,1008.6016999999999,E,8,999.0,E,8,2.06,E,8,-9900,?,9,-9900,?,9,1.8,E,8,-9900,?,9,-9900,?,9,18.0,99.0,E,8
06/24/2022,06:00,0.0,1321.166,0.0,1,8,0.0,1,8,0.0,1,8,0.0,1,8,0.0,1,8,0.0,1,8,-0.0,1,8,-9900,?,9,-9900,?,9,17.51,E,8,15.76,E,8,88.0,E,8,1008.6016999999999,E,8,999.0,E,8,2.06,E,8,-9900,?,9,-9900,?,9,0.136,E,8,-9900,?,9,-9900,?,9,1.36,99.0,E,8
06/24/2022,07:00,20.743,1321.166,0.0,1,8,0.0,1,8,0.0,1,8,0.0,1,8,0.0,1,8,0.0,1,8,0.0,1,8,-9900,?,9,-9900,?,9,17.39,E,8,15.82,E,8,86.0,E,8,1008.6016999999999,E,8,999.0,E,8,2.06,E,8,-9900,?,9,-9900,?,9,0.078,E,8,-9900,?,9,-9900,?,9,0.78,99.0,E,8
06/24/2022,08:00,293.901,1321.166,31.16,1,8,0.0,1,8,31.16,1,8,3739.2,1,8,0.0,1,8,3427.6,1,8,44.831,1,8,-9900,?,9,-9900,?,9,17.28,E,8,15.88,E,8,86.0,E,8,1008.6016999999999,E,8,999.0,E,8,2.06,E,8,-9900,?,9,-9900,?,9,0.006,E,8,-9900,?,9,-9900,?,9,0.06,99.0,E,8
06/24/2022,09:00,541.447,1321.166,98.33,1,8,0.0,1,8,98.33,1,8,11799.6,1,8,0.0,1,8,10816.3,1,8,76.483,1,8,-9900,?,9,-9900,?,9,18.69,E,8,15.12,E,8,75.0,E,8,1008.6016999999999,E,8,999.0,E,8,2.06,E,8,-9900,?,9,-9900,?,9,0.0,E,8,-9900,?,9,-9900,?,9,0.0,0.0,E,8
06/24/2022,10:00,739.778,1321.166,117.73,1,8,0.0,1,8,117.73,1,8,14127.6,1,8,0.0,1,8,12950.3,1,8,66.969,1,8,-9900,?,9,-9900,?,9,19.08,E,8,14.91,E,8,72.0,E,8,1008.6016999999999,E,8,999.0,E,8,2.06,E,8,-9900,?,9,-9900,?,9,0.0,E,8,-9900,?,9,-9900,?,9,0.0,0.0,E,8
06/24/2022,11:00,875.004,1321.166,146.07,1,8,0.0,1,8,146.07,1,8,17528.4,1,8,0.0,1,8,16067.7,1,8,70.23,1,8,-9900,?,9,-9900,?,9,19.42,E,8,14.72,E,8,71.0,E,8,1008.6016999999999,E,8,999.0,E,8,2.06,E,8,-9900,?,9,-9900,?,9,0.0,E,8,-9900,?,9,-9900,?,9,0.0,0.0,E,8
06/24/2022,12:00,937.828,1321.166,228.7,1,8,12.51,1,8,219.822,1,8,27444.0,1,8,1188.438,1,8,24180.469,1,8,98.601,1,8,-9900,?,9,-9900,?,9,19.99,E,8,14.4,E,8,68.0,E,8,1008.6016999999999,E,8,999.0,E,8,2.06,E,8,-9900,?,9,-9900,?,9,0.0,E,8,-9900,?,9,-9900,?,9,0.0,0.0,E,8
06/24/2022,13:00,923.945,1321.166,236.02,1,8,6.443,1,8,231.515,1,8,28322.4,1,8,612.096,1,8,25466.699,1,8,105.408,1,8,-9900,?,9,-9900,?,9,20.4,E,8,14.16,E,8,66.0,E,8,1008.6016999999999,E,8,999.0,E,8,2.06,E,8,-9900,?,9,-9900,?,9,0.0,E,8,-9900,?,9,-9900,?,9,0.0,0.0,E,8
06/24/2022,14:00,834.307,1321.166,220.53,1,8,5.582,1,8,217.006,1,8,26463.6,1,8,530.319,1,8,23870.701,1,8,109.432,1,8,-9900,?,9,-9900,?,9,20.64,E,8,14.02,E,8,65.0,E,8,1008.6016999999999,E,8,999.0,E,8,2.06,E,8,-9900,?,9,-9900,?,9,0.0,E,8,-9900,?,9,-9900,?,9,0.0,0.0,E,8
06/24/2022,15:00,675.057,1321.166,183.44,1,8,7.127,1,8,179.802,1,8,22012.8,1,8,677.05,1,8,19778.167,1,8,112.104,1,8,-9900,?,9,-9900,?,9,20.72,E,8,13.98,E,8,68.0,E,8,1008.6016999999999,E,8,999.0,E,8,2.06,E,8,-9900,?,9,-9900,?,9,0.001,E,8,-9900,?,9,-9900,?,9,0.01,99.0,E,8
06/24/2022,16:00,457.179,1321.166,127.81,1,8,11.544,1,8,123.824,1,8,15337.2,1,8,1096.676,1,8,13620.62,1,8,114.144,1,8,-9900,?,9,-9900,?,9,20.59,E,8,14.05,E,8,65.0,E,8,1008.6016999999999,E,8,999.0,E,8,2.06,E,8,-9900,?,9,-9900,?,9,0.0,E,8,-9900,?,9,-9900,?,9,0.0,0.0,E,8
06/24/2022,17:00,196.318,1321.166,59.62,1,8,39.989,1,8,53.75,1,8,7154.4,1,8,3798.994,1,8,5912.496,1,8,116.555,1,8,-9900,?,9,-9900,?,9,20.24,E,8,14.25,E,8,67.0,E,8,1008.6016999999999,E,8,999.0,E,8,2.06,E,8,-9900,?,9,-9900,?,9,0.0,E,8,-9900,?,9,-9900,?,9,0.0,0.0,E,8
06/24/2022,18:00,0.0,1321.166,1.89,1,8,0.0,1,8,0.0,1,8,226.8,1,8,0.0,1,8,0.0,1,8,-0.0,1,8,-9900,?,9,-9900,?,9,20.01,E,8,14.39,E,8,68.0,E,8,1008.6016999999999,E,8,999.0,E,8,2.06,E,8,-9900,?,9,-9900,?,9,0.0,E,8,-9900,?,9,-9900,?,9,0.0,0.0,E,8
06/24/2022,19:00,0.0,1321.166,0.0,1,8,0.0,1,8,0.0,1,8,0.0,1,8,0.0,1,8,0.0,1,8,-0.0,1,8,-9900,?,9,-9900,?,9,19.78,E,8,14.52,E,8,72.0,E,8,1008.6016999999999,E,8,999.0,E,8,2.06,E,8,-9900,?,9,-9900,?,9,0.001,E,8,-9900,?,9,-9900,?,9,0.01,99.0,E,8
06/24/2022,20:00,0.0,1321.166,0.0,1,8,0.0,1,8,0.0,1,8,0.0,1,8,0.0,1,8,0.0,1,8,-0.0,1,8,-9900,?,9,-9900,?,9,19.55,E,8,14.65,E,8,74.0,E,8,1008.6016999999999,E,8,999.0,E,8,2.06,E,8,-9900,?,9,-9900,?,9,0.002,E,8,-9900,?,9,-9900,?,9,0.02,99.0,E,8
06/24/2022,21:00,0.0,1321.166,0.0,1,8,0.0,1,8,0.0,1,8,0.0,1,8,0.0,1,8,0.0,1,8,-0.0,1,8,-9900,?,9,-9900,?,9,19.32,E,8,14.78,E,8,75.0,E,8,1008.6016999999999,E,8,999.0,E,8,2.06,E,8,-9900,?,9,-9900,?,9,0.004,E,8,-9900,?,9,-9900,?,9,0.04,99.0,E,8
06/24/2022,22:00,0.0,1321.166,0.0,1,8,0.0,1,8,0.0,1,8,0.0,1,8,0.0,1,8,0.0,1,8,-0.0,1,8,-9900,?,9,-9900,?,9,19.09,E,8,14.9,E,8,76.0,E,8,1008.6016999999999,E,8,999.0,E,8,2.06,E,8,-9900,?,9,-9900,?,9,0.011,E,8,-9900,?,9,-9900,?,9,0.11,99.0,E,8
06/24/2022,23:00,0.0,1321.166,0.0,1,8,0.0,1,8,0.0,1,8,0.0,1,8,0.0,1,8,0.0,1,8,-0.0,1,8,-9900,?,9,-9900,?,9,18.86,E,8,15.03,E,8,77.0,E,8,1008.6016999999999,E,8,999.0,E,8,2.06,E,8,-9900,?,9,-9900,?,9,0.028000000000000004,E,8,-9900,?,9,-9900,?,9,0.28,99.0,E,8
06/24/2022,24:00,0.0,1321.166,0.0,1,8,0.0,1,8,0.0,1,8,0.0,1,8,0.0,1,8,0.0,1,8,-0.0,1,8,-9900,?,9,-9900,?,9,18.63,E,8,14.17,E,8,76.0,E,8,1008.6016999999999,E,8,999.0,E,8,1.98,E,8,-9900,?,9,-9900,?,9,0.004,E,8,-9900,?,9,-9900,?,9,0.04,99.0,E,8
06/25/2022,01:00,0.0,1321.166,0.0,1,8,0.0,1,8,0.0,1,8,0.0,1,8,0.0,1,8,0.0,1,8,-0.0,1,8,-9900,?,9,-9900,?,9,18.51,E,8,14.14,E,8,72.0,E,8,1008.6016999999999,E,8,999.0,E,8,1.98,E,8,-9900,?,9,-9900,?,9,0.0,E,8,-9900,?,9,-9900,?,9,0.0,0.0,E,8
06/25/2022,02:00,0.0,1321.166,0.0,1,8,0.0,1,8,0.0,1,8,0.0,1,8,0.0,1,8,0.0,1,8,-0.0,1,8,-9900,?,9,-9900,?,9,18.4,E,8,14.11,E,8,72.0,E,8,1008.6016999999999,E,8,999.0,E,8,1.98,E,8,-9900,?,9,-9900,?,9,0.0,E,8,-9900,?,9,-9900,?,9,0.0,0.0,E,8
06/25/2022,03:00,0.0,1321.166,0.0,1,8,0.0,1,8,0.0,1,8,0.0,1,8,0.0,1,8,0.0,1,8,-0.0,1,8,-9900,?,9,-9900,?,9,18.28,E,8,14.09,E,8,73.0,E,8,1008.6016999999999,E,8,999.0,E,8,1.98,E,8,-9900,?,9,-9900,?,9,0.0,E,8,-9900,?,9,-9900,?,9,0.0,0.0,E,8
06/25/2022,04:00,0.0,1321.038,0.0,1,8,0.0,1,8,0.0,1,8,0.0,1,8,0.0,1,8,0.0,1,8,-0.0,1,8,-9900,?,9,-9900,?,9,18.17,E,8,14.06,E,8,73.0,E,8,1008.6016999999999,E,8,999.0,E,8,1.98,E,8,-9900,?,9,-9900,?,9,0.0,E,8,-9900,?,9,-9900,?,9,0.0,0.0,E,8
06/25/2022,05:00,0.0,1321.038,0.0,1,8,0.0,1,8,0.0,1,8,0.0,1,8,0.0,1,8,0.0,1,8,-0.0,1,8,-9900,?,9,-9900,?,9,18.05,E,8,14.03,E,8,73.0,E,8,1008.6016999999999,E,8,999.0,E,8,1.98,E,8,-9900,?,9,-9900,?,9,0.0,E,8,-9900,?,9,-9900,?,9,0.0,0.0,E,8
06/25/2022,06:00,0.0,1321.038,0.0,1,8,0.0,1,8,0.0,1,8,0.0,1,8,0.0,1,8,0.0,1,8,-0.0,1,8,-9900,?,9,-9900,?,9,17.96,E,8,14.01,E,8,77.0,E,8,1008.6016999999999,E,8,999.0,E,8,1.98,E,8,-9900,?,9,-9900,?,9,0.001,E,8,-9900,?,9,-9900,?,9,0.01,99.0,E,8
06/25/2022,07:00,20.003,1321.038,0.0,1,8,0.0,1,8,0.0,1,8,0.0,1,8,0.0,1,8,0.0,1,8,0.0,1,8,-9900,?,9,-9900,?,9,17.88,E,8,13.99,E,8,74.0,E,8,1008.6016999999999,E,8,999.0,E,8,1.98,E,8,-9900,?,9,-9900,?,9,0.0,E,8,-9900,?,9,-9900,?,9,0.0,0.0,E,8
06/25/2022,08:00,293.172,1321.038,44.01,1,8,0.0,1,8,44.01,1,8,5281.2,1,8,0.0,1,8,4841.1,1,8,63.472,1,8,-9900,?,9,-9900,?,9,17.81,E,8,13.97,E,8,78.0,E,8,1008.6016999999999,E,8,999.0,E,8,1.98,E,8,-9900,?,9,-9900,?,9,0.001,E,8,-9900,?,9,-9900,?,9,0.01,99.0,E,8
06/25/2022,09:00,540.887,1321.038,246.72,1,8,182.399,1,8,172.146,1,8,29606.4,1,8,17327.94,1,8,18936.092,1,8,134.025,1,8,-9900,?,9,-9900,?,9,19.29,E,8,14.33,E,8,70.0,E,8,1008.6016999999999,E,8,999.0,E,8,1.98,E,8,-9900,?,9,-9900,?,9,0.0,E,8,-9900,?,9,-9900,?,9,0.0,0.0,E,8
06/25/2022,10:00,739.441,1321.038,382.31,1,8,244.654,1,8,245.455,1,8,45877.2,1,8,23242.111,1,8,27000.037,1,8,139.673,1,8,-9900,?,9,-9900,?,9,20.09,E,8,14.52,E,8,68.0,E,8,1008.6016999999999,E,8,999.0,E,8,1.98,E,8,-9900,?,9,-9900,?,9,0.0,E,8,-9900,?,9,-9900,?,9,0.0,0.0,E,8
06/25/2022,11:00,874.927,1321.038,622.34,1,8,693.982,1,8,162.887,1,8,74680.8,1,8,65928.255,1,8,17917.533,1,8,78.315,1,8,-9900,?,9,-9900,?,9,21.11,E,8,14.76,E,8,66.0,E,8,1008.6016999999999,E,8,999.0,E,8,1.98,E,8,-9900,?,9,-9900,?,9,0.0,E,8,-9900,?,9,-9900,?,9,0.0,0.0,E,8
06/25/2022,12:00,938.03,1321.038,601.37,1,8,491.913,1,8,252.178,1,8,72164.4,1,8,46731.698,1,8,27739.591,1,8,113.079,1,8,-9900,?,9,-9900,?,9,21.67,E,8,14.89,E,8,65.0,E,8,1008.6016999999999,E,8,999.0,E,8,1.98,E,8,-9900,?,9,-9900,?,9,0.0,E,8,-9900,?,9,-9900,?,9,0.0,0.0,E,8
06/25/2022,13:00,924.427,1321.038,595.88,1,8,493.973,1,8,250.316,1,8,71505.6,1,8,46927.482,1,8,27534.783,1,8,113.898,1,8,-9900,?,9,-9900,?,9,22.04,E,8,14.98,E,8,64.0,E,8,1008.6016999999999,E,8,999.0,E,8,2.29,E,8,-9900,?,9,-9900,?,9,0.0,E,8,-9900,?,9,-9900,?,9,0.0,0.0,E,8
06/25/2022,14:00,835.048,1321.038,411.71,1,8,187.904,1,8,292.986,1,8,49405.2,1,8,17850.849,1,8,32228.411,1,8,147.602,1,8,-9900,?,9,-9900,?,9,22.03,E,8,14.97,E,8,67.0,E,8,1008.6016999999999,E,8,999.0,E,8,2.46,E,8,-9900,?,9,-9900,?,9,0.002,E,8,-9900,?,9,-9900,?,9,0.02,99.0,E,8
06/25/2022,15:00,676.02,1321.038,229.98,1,8,33.521,1,8,212.84,1,8,27597.6,1,8,3184.492,1,8,23412.436,1,8,132.501,1,8,-9900,?,9,-9900,?,9,21.63,E,8,14.88,E,8,72.0,E,8,1008.6016999999999,E,8,999.0,E,8,2.53,E,8,-9900,?,9,-9900,?,9,0.356,E,8,-9900,?,9,-9900,?,9,3.56,99.0,E,8
06/25/2022,16:00,458.311,1321.038,160.79,1,8,58.901,1,8,140.399,1,8,19294.8,1,8,5595.623,1,8,15443.839,1,8,129.089,1,8,-9900,?,9,-9900,?,9,21.19,E,8,14.78,E,8,69.0,E,8,1008.6016999999999,E,8,999.0,E,8,2.43,E,8,-9900,?,9,-9900,?,9,0.006,E,8,-9900,?,9,-9900,?,9,0.06,99.0,E,8
06/25/2022,17:00,197.544,1321.038,131.1,1,8,357.368,1,8,78.301,1,8,15732.0,1,8,33949.945,1,8,8613.157,1,8,168.699,1,8,-9900,?,9,-9900,?,9,20.78,E,8,14.68,E,8,70.0,E,8,1008.6016999999999,E,8,999.0,E,8,2.09,E,8,-9900,?,9,-9900,?,9,0.02,E,8,-9900,?,9,-9900,?,9,0.2,99.0,E,8
06/25/2022,18:00,0.0,1321.038,4.36,1,8,0.0,1,8,0.0,1,8,523.2,1,8,0.0,1,8,0.0,1,8,-0.0,1,8,-9900,?,9,-9900,?,9,20.43,E,8,14.6,E,8,71.0,E,8,1008.6016999999999,E,8,999.0,E,8,1.98,E,8,-9900,?,9,-9900,?,9,0.01,E,8,-9900,?,9,-9900,?,9,0.1,99.0,E,8
06/25/2022,19:00,0.0,1321.038,0.0,1,8,0.0,1,8,0.0,1,8,0.0,1,8,0.0,1,8,0.0,1,8,-0.0,1,8,-9900,?,9,-9900,?,9,20.07,E,8,14.52,E,8,68.0,E,8,1008.6016999999999,E,8,999.0,E,8,1.98,E,8,-9900,?,9,-9900,?,9,0.0,E,8,-9900,?,9,-9900,?,9,0.0,0.0,E,8
06/25/2022,20:00,0.0,1321.038,0.0,1,8,0.0,1,8,0.0,1,8,0.0,1,8,0.0,1,8,0.0,1,8,-0.0,1,8,-9900,?,9,-9900,?,9,19.72,E,8,14.43,E,8,69.0,E,8,1008.6016999999999,E,8,999.0,E,8,1.98,E,8,-9900,?,9,-9900,?,9,0.0,E,8,-9900,?,9,-9900,?,9,0.0,0.0,E,8
06/25/2022,21:00,0.0,1321.038,0.0,1,8,0.0,1,8,0.0,1,8,0.0,1,8,0.0,1,8,0.0,1,8,-0.0,1,8,-9900,?,9,-9900,?,9,19.37,E,8,14.35,E,8,70.0,E,8,1008.6016999999999,E,8,999.0,E,8,1.98,E,8,-9900,?,9,-9900,?,9,0.0,E,8,-9900,?,9,-9900,?,9,0.0,0.0,E,8
06/25/2022,22:00,0.0,1321.038,0.0,1,8,0.0,1,8,0.0,1,8,0.0,1,8,0.0,1,8,0.0,1,8,-0.0,1,8,-9900,?,9,-9900,?,9,19.02,E,8,14.26,E,8,71.0,E,8,1008.6016999999999,E,8,999.0,E,8,1.98,E,8,-9900,?,9,-9900,?,9,0.0,E,8,-9900,?,9,-9900,?,9,0.0,0.0,E,8
06/25/2022,23:00,0.0,1321.038,0.0,1,8,0.0,1,8,0.0,1,8,0.0,1,8,0.0,1,8,0.0,1,8,-0.0,1,8,-9900,?,9,-9900,?,9,18.66,E,8,14.18,E,8,72.0,E,8,1008.6016999999999,E,8,999.0,E,8,1.98,E,8,-9900,?,9,-9900,?,9,0.0,E,8,-9900,?,9,-9900,?,9,0.0,0.0,E,8
06/25/2022,24:00,0.0,1321.038,0.0,1,8,0.0,1,8,0.0,1,8,0.0,1,8,0.0,1,8,0.0,1,8,-0.0,1,8,-9900,?,9,-9900,?,9,18.31,E,8,13.27,E,8,69.0,E,8,1008.6016999999999,E,8,999.0,E,8,1.58,E,8,-9900,?,9,-9900,?,9,0.0,E,8,-9900,?,9,-9900,?,9,0.0,0.0,E,8
06/26/2022,01:00,0.0,1321.038,0.0,1,8,0.0,1,8,0.0,1,8,0.0,1,8,0.0,1,8,0.0,1,8,-0.0,1,8,-9900,?,9,-9900,?,9,18.13,E,8,13.36,E,8,70.0,E,8,1008.6016999999999,E,8,999.0,E,8,1.58,E,8,-9900,?,9,-9900,?,9,0.0,E,8,-9900,?,9,-9900,?,9,0.0,0.0,E,8
06/26/2022,02:00,0.0,1321.038,0.0,1,8,0.0,1,8,0.0,1,8,0.0,1,8,0.0,1,8,0.0,1,8,-0.0,1,8,-9900,?,9,-9900,?,9,17.96,E,8,13.44,E,8,70.0,E,8,1008.6016999999999,E,8,999.0,E,8,1.58,E,8,-9900,?,9,-9900,?,9,0.0,E,8,-9900,?,9,-9900,?,9,0.0,0.0,E,8
06/26/2022,03:00,0.0,1321.038,0.0,1,8,0.0,1,8,0.0,1,8,0.0,1,8,0.0,1,8,0.0,1,8,-0.0,1,8,-9900,?,9,-9900,?,9,17.78,E,8,13.53,E,8,71.0,E,8,1008.6016999999999,E,8,999.0,E,8,1.58,E,8,-9900,?,9,-9900,?,9,0.0,E,8,-9900,?,9,-9900,?,9,0.0,0.0,E,8
06/26/2022,04:00,0.0,1320.923,0.0,1,8,0.0,1,8,0.0,1,8,0.0,1,8,0.0,1,8,0.0,1,8,-0.0,1,8,-9900,?,9,-9900,?,9,17.6,E,8,13.62,E,8,72.0,E,8,1008.6016999999999,E,8,999.0,E,8,1.58,E,8,-9900,?,9,-9900,?,9,0.0,E,8,-9900,?,9,-9900,?,9,0.0,0.0,E,8
06/26/2022,05:00,0.0,1320.923,0.0,1,8,0.0,1,8,0.0,1,8,0.0,1,8,0.0,1,8,0.0,1,8,-0.0,1,8,-9900,?,9,-9900,?,9,17.43,E,8,13.71,E,8,73.0,E,8,1008.6016999999999,E,8,999.0,E,8,1.58,E,8,-9900,?,9,-9900,?,9,0.0,E,8,-9900,?,9,-9900,?,9,0.0,0.0,E,8
06/26/2022,06:00,0.0,1320.923,0.0,1,8,0.0,1,8,0.0,1,8,0.0,1,8,0.0,1,8,0.0,1,8,-0.0,1,8,-9900,?,9,-9900,?,9,17.29,E,8,13.78,E,8,74.0,E,8,1008.6016999999999,E,8,999.0,E,8,1.58,E,8,-9900,?,9,-9900,?,9,0.0,E,8,-9900,?,9,-9900,?,9,0.0,0.0,E,8
06/26/2022,07:00,19.327,1320.923,0.0,1,8,0.0,1,8,0.0,1,8,0.0,1,8,0.0,1,8,0.0,1,8,0.0,1,8,-9900,?,9,-9900,?,9,17.18,E,8,13.83,E,8,75.0,E,8,1008.6016999999999,E,8,999.0,E,8,1.58,E,8,-9900,?,9,-9900,?,9,0.0,E,8,-9900,?,9,-9900,?,9,0.0,0.0,E,8
06/26/2022,08:00,292.529,1320.923,92.7,1,8,67.214,1,8,77.897,1,8,11124.0,1,8,6385.345,1,8,8568.651,1,8,112.584,1,8,-9900,?,9,-9900,?,9,17.06,E,8,13.89,E,8,75.0,E,8,1008.6016999999999,E,8,999.0,E,8,1.58,E,8,-9900,?,9,-9900,?,9,0.0,E,8,-9900,?,9,-9900,?,9,0.0,0.0,E,8
06/26/2022,09:00,540.427,1320.923,186.49,1,8,41.56,1,8,169.511,1,8,22378.8,1,8,3948.209,1,8,18646.235,1,8,132.074,1,8,-9900,?,9,-9900,?,9,18.57,E,8,13.14,E,8,71.0,E,8,1008.6016999999999,E,8,999.0,E,8,1.58,E,8,-9900,?,9,-9900,?,9,0.007000000000000001,E,8,-9900,?,9,-9900,?,9,0.07,99.0,E,8
06/26/2022,10:00,739.215,1320.923,174.73,1,8,3.392,1,8,172.833,1,8,20967.6,1,8,322.247,1,8,19011.624,1,8,98.37,1,8,-9900,?,9,-9900,?,9,18.7,E,8,13.07,E,8,70.0,E,8,1008.6016999999999,E,8,999.0,E,8,1.65,E,8,-9900,?,9,-9900,?,9,0.005,E,8,-9900,?,9,-9900,?,9,0.05,99.0,E,8
06/26/2022,11:00,874.968,1320.923,345.23,1,8,74.149,1,8,296.133,1,8,41427.6,1,8,7044.175,1,8,32574.591,1,8,142.359,1,8,-9900,?,9,-9900,?,9,19.23,E,8,12.8,E,8,64.0,E,8,1008.6016999999999,E,8,999.0,E,8,2.36,E,8,-9900,?,9,-9900,?,9,0.0,E,8,-9900,?,9,-9900,?,9,0.0,0.0,E,8
06/26/2022,12:00,938.352,1320.923,396.73,1,8,88.176,1,8,334.11,1,8,47607.6,1,8,8376.744,1,8,36752.071,1,8,149.753,1,8,-9900,?,9,-9900,?,9,19.65,E,8,12.58,E,8,62.0,E,8,1008.6016999999999,E,8,999.0,E,8,3.11,E,8,-9900,?,9,-9900,?,9,0.0,E,8,-9900,?,9,-9900,?,9,0.0,0.0,E,8
06/26/2022,13:00,925.025,1320.923,409.71,1,8,107.7,1,8,334.312,1,8,49165.2,1,8,10231.469,1,8,36774.356,1,8,152.005,1,8,-9900,?,9,-9900,?,9,19.96,E,8,12.41,E,8,61.0,E,8,1008.6016999999999,E,8,999.0,E,8,3.42,E,8,-9900,?,9,-9900,?,9,0.0,E,8,-9900,?,9,-9900,?,9,0.0,0.0,E,8
06/26/2022,14:00,835.898,1320.923,383.16,1,8,133.89,1,8,298.47,1,8,45979.2,1,8,12719.543,1,8,32831.681,1,8,150.198,1,8,-9900,?,9,-9900,?,9,20.14,E,8,12.32,E,8,60.0,E,8,1008.6016999999999,E,8,999.0,E,8,3.97,E,8,-9900,?,9,-9900,?,9,0.0,E,8,-9900,?,9,-9900,?,9,0.0,0.0,E,8
06/26/2022,15:00,677.08,1320.923,319.15,1,8,170.724,1,8,231.712,1,8,38298.0,1,8,16218.824,1,8,25488.291,1,8,144.01,1,8,-9900,?,9,-9900,?,9,20.19,E,8,12.29,E,8,63.0,E,8,1008.6016999999999,E,8,999.0,E,8,3.6,E,8,-9900,?,9,-9900,?,9,0.001,E,8,-9900,?,9,-9900,?,9,0.01,99.0,E,8
06/26/2022,16:00,459.524,1320.923,222.95,1,8,260.222,1,8,132.614,1,8,26754.0,1,8,24721.093,1,8,14587.577,1,8,121.598,1,8,-9900,?,9,-9900,?,9,20.05,E,8,12.37,E,8,64.0,E,8,1008.6016999999999,E,8,999.0,E,8,3.03,E,8,-9900,?,9,-9900,?,9,0.002,E,8,-9900,?,9,-9900,?,9,0.02,99.0,E,8
06/26/2022,17:00,198.834,1320.923,104.81,1,8,351.061,1,8,52.592,1,8,12577.2,1,8,33350.763,1,8,5785.11,1,8,112.546,1,8,-9900,?,9,-9900,?,9,19.73,E,8,12.54,E,8,62.0,E,8,1008.6016999999999,E,8,999.0,E,8,2.56,E,8,-9900,?,9,-9900,?,9,0.0,E,8,-9900,?,9,-9900,?,9,0.0,0.0,E,8
06/26/2022,18:00,0.0,1320.923,3.66,1,8,0.0,1,8,0.0,1,8,439.2,1,8,0.0,1,8,0.0,1,8,-0.0,1,8,-9900,?,9,-9900,?,9,19.4,E,8,12.71,E,8,63.0,E,8,1008.6016999999999,E,8,999.0,E,8,2.06,E,8,-9900,?,9,-9900,?,9,0.0,E,8,-9900,?,9,-9900,?,9,0.0,0.0,E,8
06/26/2022,19:00,0.0,1320.923,0.0,1,8,0.0,1,8,0.0,1,8,0.0,1,8,0.0,1,8,0.0,1,8,-0.0,1,8,-9900,?,9,-9900,?,9,19.06,E,8,12.89,E,8,69.0,E,8,1008.6016999999999,E,8,999.0,E,8,1.58,E,8,-9900,?,9,-9900,?,9,0.003,E,8,-9900,?,9,-9900,?,9,0.03,99.0,E,8
06/26/2022,20:00,0.0,1320.923,0.0,1,8,0.0,1,8,0.0,1,8,0.0,1,8,0.0,1,8,0.0,1,8,-0.0,1,8,-9900,?,9,-9900,?,9,18.73,E,8,13.05,E,8,70.0,E,8,1008.6016999999999,E,8,999.0,E,8,1.58,E,8,-9900,?,9,-9900,?,9,0.012,E,8,-9900,?,9,-9900,?,9,0.12,99.0,E,8
06/26/2022,21:00,0.0,1320.923,0.0,1,8,0.0,1,8,0.0,1,8,0.0,1,8,0.0,1,8,0.0,1,8,-0.0,1,8,-9900,?,9,-9900,?,9,18.4,E,8,13.22,E,8,72.0,E,8,1008.6016999999999,E,8,999.0,E,8,1.58,E,8,-9900,?,9,-9900,?,9,0.019,E,8,-9900,?,9,-9900,?,9,0.19,99.0,E,8
06/26/2022,22:00,0.0,1320.923,0.0,1,8,0.0,1,8,0.0,1,8,0.0,1,8,0.0,1,8,0.0,1,8,-0.0,1,8,-9900,?,9,-9900,?,9,18.06,E,8,13.39,E,8,81.0,E,8,1008.6016999999999,E,8,999.0,E,8,1.58,E,8,-9900,?,9,-9900,?,9,0.614,E,8,-9900,?,9,-9900,?,9,6.14,99.0,E,8
06/26/2022,23:00,0.0,1320.923,0.0,1,8,0.0,1,8,0.0,1,8,0.0,1,8,0.0,1,8,0.0,1,8,-0.0,1,8,-9900,?,9,-9900,?,9,17.73,E,8,13.56,E,8,75.0,E,8,1008.6016999999999,E,8,999.0,E,8,1.58,E,8,-9900,?,9,-9900,?,9,0.037,E,8,-9900,?,9,-9900,?,9,0.37,99.0,E,8
06/26/2022,24:00,0.0,1320.923,0.0,1,8,0.0,1,8,0.0,1,8,0.0,1,8,0.0,1,8,0.0,1,8,-0.0,1,8,-9900,?,9,-9900,?,9,17.4,E,8,12.93,E,8,70.0,E,8,1008.6016999999999,E,8,999.0,E,8,2.06,E,8,-9900,?,9,-9900,?,9,0.0,E,8,-9900,?,9,-9900,?,9,0.0,0.0,E,8
06/27/2022,01:00,0.0,1320.923,0.0,1,8,0.0,1,8,0.0,1,8,0.0,1,8,0.0,1,8,0.0,1,8,-0.0,1,8,-9900,?,9,-9900,?,9,17.23,E,8,12.93,E,8,73.0,E,8,1008.6016999999999,E,8,999.0,E,8,2.06,E,8,-9900,?,9,-9900,?,9,0.032,E,8,-9900,?,9,-9900,?,9,0.32,99.0,E,8
06/27/2022,02:00,0.0,1320.923,0.0,1,8,0.0,1,8,0.0,1,8,0.0,1,8,0.0,1,8,0.0,1,8,-0.0,1,8,-9900,?,9,-9900,?,9,17.06,E,8,12.92,E,8,73.0,E,8,1008.6016999999999,E,8,999.0,E,8,2.06,E,8,-9900,?,9,-9900,?,9,0.001,E,8,-9900,?,9,-9900,?,9,0.01,99.0,E,8
06/27/2022,03:00,0.0,1320.923,0.0,1,8,0.0,1,8,0.0,1,8,0.0,1,8,0.0,1,8,0.0,1,8,-0.0,1,8,-9900,?,9,-9900,?,9,16.9,E,8,12.92,E,8,71.0,E,8,1008.6016999999999,E,8,999.0,E,8,2.06,E,8,-9900,?,9,-9900,?,9,0.0,E,8,-9900,?,9,-9900,?,9,0.0,0.0,E,8
06/27/2022,04:00,0.0,1320.821,0.0,1,8,0.0,1,8,0.0,1,8,0.0,1,8,0.0,1,8,0.0,1,8,-0.0,1,8,-9900,?,9,-9900,?,9,16.73,E,8,12.91,E,8,71.0,E,8,1008.6016999999999,E,8,999.0,E,8,2.06,E,8,-9900,?,9,-9900,?,9,0.0,E,8,-9900,?,9,-9900,?,9,0.0,0.0,E,8
06/27/2022,05:00,0.0,1320.821,0.0,1,8,0.0,1,8,0.0,1,8,0.0,1,8,0.0,1,8,0.0,1,8,-0.0,1,8,-9900,?,9,-9900,?,9,16.57,E,8,12.91,E,8,80.0,E,8,1008.6016999999999,E,8,999.0,E,8,2.06,E,8,-9900,?,9,-9900,?,9,0.526,E,8,-9900,?,9,-9900,?,9,5.26,99.0,E,8
06/27/2022,06:00,0.0,1320.821,0.0,1,8,0.0,1,8,0.0,1,8,0.0,1,8,0.0,1,8,0.0,1,8,-0.0,1,8,-9900,?,9,-9900,?,9,16.44,E,8,12.9,E,8,72.0,E,8,1008.6016999999999,E,8,999.0,E,8,2.06,E,8,-9900,?,9,-9900,?,9,0.0,E,8,-9900,?,9,-9900,?,9,0.0,0.0,E,8
06/27/2022,07:00,18.716,1320.821,0.0,1,8,0.0,1,8,0.0,1,8,0.0,1,8,0.0,1,8,0.0,1,8,0.0,1,8,-9900,?,9,-9900,?,9,16.33,E,8,12.9,E,8,73.0,E,8,1008.6016999999999,E,8,999.0,E,8,2.06,E,8,-9900,?,9,-9900,?,9,0.0,E,8,-9900,?,9,-9900,?,9,0.0,0.0,E,8
06/27/2022,08:00,291.975,1320.821,20.56,1,8,0.0,1,8,20.56,1,8,2467.2,1,8,0.0,1,8,2261.6,1,8,29.77,1,8,-9900,?,9,-9900,?,9,16.22,E,8,12.9,E,8,73.0,E,8,1008.6016999999999,E,8,999.0,E,8,2.06,E,8,-9900,?,9,-9900,?,9,0.0,E,8,-9900,?,9,-9900,?,9,0.0,0.0,E,8
06/27/2022,09:00,540.07,1320.821,104.41,1,8,0.0,1,8,104.41,1,8,12529.2,1,8,0.0,1,8,11485.1,1,8,81.399,1,8,-9900,?,9,-9900,?,9,17.37,E,8,12.93,E,8,70.0,E,8,1008.6016999999999,E,8,999.0,E,8,2.06,E,8,-9900,?,9,-9900,?,9,0.0,E,8,-9900,?,9,-9900,?,9,0.0,0.0,E,8
06/27/2022,10:00,739.101,1320.821,184.24,1,8,3.886,1,8,182.067,1,8,22108.8,1,8,369.184,1,8,20027.348,1,8,103.633,1,8,-9900,?,9,-9900,?,9,18.12,E,8,12.96,E,8,68.0,E,8,1008.6016999999999,E,8,999.0,E,8,2.06,E,8,-9900,?,9,-9900,?,9,0.0,E,8,-9900,?,9,-9900,?,9,0.0,0.0,E,8
06/27/2022,11:00,875.127,1320.821,245.34,1,8,7.551,1,8,240.339,1,8,29440.8,1,8,717.307,1,8,26437.304,1,8,115.508,1,8,-9900,?,9,-9900,?,9,18.78,E,8,12.98,E,8,69.0,E,8,1008.6016999999999,E,8,999.0,E,8,2.06,E,8,-9900,?,9,-9900,?,9,0.003,E,8,-9900,?,9,-9900,?,9,0.03,99.0,E,8
06/27/2022,12:00,938.793,1320.821,282.01,1,8,10.143,1,8,274.803,1,8,33841.2,1,8,963.543,1,8,30228.34,1,8,123.104,1,8,-9900,?,9,-9900,?,9,19.31,E,8,13.0,E,8,68.0,E,8,1008.6016999999999,E,8,999.0,E,8,2.06,E,8,-9900,?,9,-9900,?,9,0.006,E,8,-9900,?,9,-9900,?,9,0.06,99.0,E,8
06/27/2022,13:00,925.738,1320.821,291.33,1,8,12.332,1,8,282.689,1,8,34959.6,1,8,1171.572,1,8,31095.803,1,8,128.424,1,8,-9900,?,9,-9900,?,9,19.69,E,8,13.01,E,8,67.0,E,8,1008.6016999999999,E,8,999.0,E,8,2.06,E,8,-9900,?,9,-9900,?,9,0.002,E,8,-9900,?,9,-9900,?,9,0.02,99.0,E,8
06/27/2022,14:00,836.855,1320.821,272.57,1,8,14.962,1,8,263.094,1,8,32708.4,1,8,1421.412,1,8,28940.369,1,8,132.235,1,8,-9900,?,9,-9900,?,9,19.91,E,8,13.01,E,8,64.0,E,8,1008.6016999999999,E,8,999.0,E,8,2.06,E,8,-9900,?,9,-9900,?,9,0.0,E,8,-9900,?,9,-9900,?,9,0.0,0.0,E,8
06/27/2022,15:00,678.235,1320.821,227.19,1,8,23.59,1,8,215.087,1,8,27262.8,1,8,2241.009,1,8,23659.545,1,8,133.439,1,8,-9900,?,9,-9900,?,9,19.98,E,8,13.02,E,8,64.0,E,8,1008.6016999999999,E,8,999.0,E,8,2.06,E,8,-9900,?,9,-9900,?,9,0.0,E,8,-9900,?,9,-9900,?,9,0.0,0.0,E,8
06/27/2022,16:00,460.817,1320.821,158.93,1,8,63.612,1,8,136.783,1,8,19071.6,1,8,6043.097,1,8,15046.153,1,8,125.057,1,8,-9900,?,9,-9900,?,9,19.82,E,8,13.01,E,8,67.0,E,8,1008.6016999999999,E,8,999.0,E,8,2.06,E,8,-9900,?,9,-9900,?,9,0.004,E,8,-9900,?,9,-9900,?,9,0.04,99.0,E,8
06/27/2022,17:00,200.187,1320.821,75.01,1,8,157.547,1,8,51.411,1,8,9001.2,1,8,14966.93,1,8,5655.205,1,8,109.25,1,8,-9900,?,9,-9900,?,9,19.43,E,8,13.0,E,8,68.0,E,8,1008.6016999999999,E,8,999.0,E,8,2.06,E,8,-9900,?,9,-9900,?,9,0.01,E,8,-9900,?,9,-9900,?,9,0.1,99.0,E,8
06/27/2022,18:00,0.0,1320.821,2.76,1,8,0.0,1,8,0.0,1,8,331.2,1,8,0.0,1,8,0.0,1,8,-0.0,1,8,-9900,?,9,-9900,?,9,19.01,E,8,12.99,E,8,69.0,E,8,1008.6016999999999,E,8,999.0,E,8,2.06,E,8,-9900,?,9,-9900,?,9,0.016,E,8,-9900,?,9,-9900,?,9,0.16,99.0,E,8
06/27/2022,19:00,0.0,1320.821,0.0,1,8,0.0,1,8,0.0,1,8,0.0,1,8,0.0,1,8,0.0,1,8,-0.0,1,8,-9900,?,9,-9900,?,9,18.59,E,8,12.97,E,8,67.0,E,8,1008.6016999999999,E,8,999.0,E,8,2.06,E,8,-9900,?,9,-9900,?,9,0.0,E,8,-9900,?,9,-9900,?,9,0.0,0.0,E,8
06/27/2022,20:00,0.0,1320.821,0.0,1,8,0.0,1,8,0.0,1,8,0.0,1,8,0.0,1,8,0.0,1,8,-0.0,1,8,-9900,?,9,-9900,?,9,18.17,E,8,12.96,E,8,68.0,E,8,1008.6016999999999,E,8,999.0,E,8,2.06,E,8,-9900,?,9,-9900,?,9,0.0,E,8,-9900,?,9,-9900,?,9,0.0,0.0,E,8
06/27/2022,21:00,0.0,1320.821,0.0,1,8,0.0,1,8,0.0,1,8,0.0,1,8,0.0,1,8,0.0,1,8,-0.0,1,8,-9900,?,9,-9900,?,9,17.75,E,8,12.95,E,8,69.0,E,8,1008.6016999999999,E,8,999.0,E,8,2.06,E,8,-9900,?,9,-9900,?,9,0.0,E,8,-9900,?,9,-9900,?,9,0.0,0.0,E,8
06/27/2022,22:00,0.0,1320.821,0.0,1,8,0.0,1,8,0.0,1,8,0.0,1,8,0.0,1,8,0.0,1,8,-0.0,1,8,-9900,?,9,-9900,?,9,17.33,E,8,12.93,E,8,70.0,E,8,1008.6016999999999,E,8,999.0,E,8,2.06,E,8,-9900,?,9,-9900,?,9,0.0,E,8,-9900,?,9,-9900,?,9,0.0,0.0,E,8
06/27/2022,23:00,0.0,1320.821,0.0,1,8,0.0,1,8,0.0,1,8,0.0,1,8,0.0,1,8,0.0,1,8,-0.0,1,8,-9900,?,9,-9900,?,9,16.91,E,8,12.92,E,8,71.0,E,8,1008.6016999999999,E,8,999.0,E,8,2.06,E,8,-9900,?,9,-9900,?,9,0.0,E,8,-9900,?,9,-9900,?,9,0.0,0.0,E,8
06/27/2022,24:00,0.0,1320.821,0.0,1,8,0.0,1,8,0.0,1,8,0.0,1,8,0.0,1,8,0.0,1,8,-0.0,1,8,-9900,?,9,-9900,?,9,16.5,E,8,11.68,E,8,73.0,E,8,1008.6016999999999,E,8,999.0,E,8,0.83,E,8,-9900,?,9,-9900,?,9,0.0,E,8,-9900,?,9,-9900,?,9,0.0,0.0,E,8
06/28/2022,01:00,0.0,1320.821,0.0,1,8,0.0,1,8,0.0,1,8,0.0,1,8,0.0,1,8,0.0,1,8,-0.0,1,8,-9900,?,9,-9900,?,9,16.29,E,8,11.58,E,8,73.0,E,8,1008.6016999999999,E,8,999.0,E,8,0.83,E,8,-9900,?,9,-9900,?,9,0.0,E,8,-9900,?,9,-9900,?,9,0.0,0.0,E,8
06/28/2022,02:00,0.0,1320.821,0.0,1,8,0.0,1,8,0.0,1,8,0.0,1,8,0.0,1,8,0.0,1,8,-0.0,1,8,-9900,?,9,-9900,?,9,16.08,E,8,11.49,E,8,74.0,E,8,1008.6016999999999,E,8,999.0,E,8,0.83,E,8,-9900,?,9,-9900,?,9,0.0,E,8,-9900,?,9,-9900,?,9,0.0,0.0,E,8
06/28/2022,03:00,0.0,1320.821,0.0,1,8,0.0,1,8,0.0,1,8,0.0,1,8,0.0,1,8,0.0,1,8,-0.0,1,8,-9900,?,9,-9900,?,9,15.87,E,8,11.4,E,8,74.0,E,8,1008.6016999999999,E,8,999.0,E,8,0.83,E,8,-9900,?,9,-9900,?,9,0.0,E,8,-9900,?,9,-9900,?,9,0.0,0.0,E,8
06/28/2022,04:00,0.0,1320.731,0.0,1,8,0.0,1,8,0.0,1,8,0.0,1,8,0.0,1,8,0.0,1,8,-0.0,1,8,-9900,?,9,-9900,?,9,15.66,E,8,11.31,E,8,75.0,E,8,1008.6016999999999,E,8,999.0,E,8,0.83,E,8,-9900,?,9,-9900,?,9,0.0,E,8,-9900,?,9,-9900,?,9,0.0,0.0,E,8
06/28/2022,05:00,0.0,1320.731,0.0,1,8,0.0,1,8,0.0,1,8,0.0,1,8,0.0,1,8,0.0,1,8,-0.0,1,8,-9900,?,9,-9900,?,9,15.45,E,8,11.21,E,8,75.0,E,8,1008.6016999999999,E,8,999.0,E,8,0.83,E,8,-9900,?,9,-9900,?,9,0.0,E,8,-9900,?,9,-9900,?,9,0.0,0.0,E,8
06/28/2022,06:00,0.0,1320.731,0.0,1,8,0.0,1,8,0.0,1,8,0.0,1,8,0.0,1,8,0.0,1,8,-0.0,1,8,-9900,?,9,-9900,?,9,15.29,E,8,11.14,E,8,76.0,E,8,1008.6016999999999,E,8,999.0,E,8,0.83,E,8,-9900,?,9,-9900,?,9,0.0,E,8,-9900,?,9,-9900,?,9,0.0,0.0,E,8
06/28/2022,07:00,18.171,1320.731,0.0,1,8,0.0,1,8,0.0,1,8,0.0,1,8,0.0,1,8,0.0,1,8,0.0,1,8,-9900,?,9,-9900,?,9,15.15,E,8,11.08,E,8,76.0,E,8,1008.6016999999999,E,8,999.0,E,8,0.83,E,8,-9900,?,9,-9900,?,9,0.0,E,8,-9900,?,9,-9900,?,9,0.0,0.0,E,8
06/28/2022,08:00,291.511,1320.731,46.42,1,8,0.0,1,8,46.42,1,8,5570.4,1,8,0.0,1,8,5106.2,1,8,67.318,1,8,-9900,?,9,-9900,?,9,15.01,E,8,11.01,E,8,76.0,E,8,1008.6016999999999,E,8,999.0,E,8,0.83,E,8,-9900,?,9,-9900,?,9,0.0,E,8,-9900,?,9,-9900,?,9,0.0,0.0,E,8
06/28/2022,09:00,539.816,1320.731,241.84,1,8,170.518,1,8,172.246,1,8,29020.8,1,8,16199.169,1,8,18947.103,1,8,134.338,1,8,-9900,?,9,-9900,?,9,17.04,E,8,11.91,E,8,71.0,E,8,1008.6016999999999,E,8,999.0,E,8,1.42,E,8,-9900,?,9,-9900,?,9,0.0,E,8,-9900,?,9,-9900,?,9,0.0,0.0,E,8
06/28/2022,10:00,739.1,1320.731,434.4,1,8,384.331,1,8,219.461,1,8,52128.0,1,8,36511.442,1,8,24140.698,1,8,124.91,1,8,-9900,?,9,-9900,?,9,18.41,E,8,12.49,E,8,68.0,E,8,1008.6016999999999,E,8,999.0,E,8,2.21,E,8,-9900,?,9,-9900,?,9,0.0,E,8,-9900,?,9,-9900,?,9,0.0,0.0,E,8
06/28/2022,11:00,875.403,1320.731,579.06,1,8,564.222,1,8,205.224,1,8,69487.2,1,8,53601.119,1,8,22574.601,1,8,98.593,1,8,-9900,?,9,-9900,?,9,19.61,E,8,12.98,E,8,65.0,E,8,1008.6016999999999,E,8,999.0,E,8,2.86,E,8,-9900,?,9,-9900,?,9,0.0,E,8,-9900,?,9,-9900,?,9,0.0,0.0,E,8
06/28/2022,12:00,939.352,1320.731,672.93,1,8,733.702,1,8,151.244,1,8,80751.6,1,8,69701.682,1,8,16636.82,1,8,67.708,1,8,-9900,?,9,-9900,?,9,20.59,E,8,13.37,E,8,63.0,E,8,1008.6016999999999,E,8,999.0,E,8,3.34,E,8,-9900,?,9,-9900,?,9,0.0,E,8,-9900,?,9,-9900,?,9,0.0,0.0,E,8
06/28/2022,13:00,926.566,1320.731,698.99,1,8,846.805,1,8,105.089,1,8,83878.8,1,8,80446.507,1,8,11559.811,1,8,47.696,1,8,-9900,?,9,-9900,?,9,21.3,E,8,13.65,E,8,61.0,E,8,1008.6016999999999,E,8,999.0,E,8,3.84,E,8,-9900,?,9,-9900,?,9,0.0,E,8,-9900,?,9,-9900,?,9,0.0,0.0,E,8
06/28/2022,14:00,837.917,1320.731,648.76,1,8,760.705,1,8,166.352,1,8,77851.2,1,8,72267.005,1,8,18298.764,1,8,83.499,1,8,-9900,?,9,-9900,?,9,21.71,E,8,13.8,E,8,60.0,E,8,1008.6016999999999,E,8,999.0,E,8,4.19,E,8,-9900,?,9,-9900,?,9,0.0,E,8,-9900,?,9,-9900,?,9,0.0,0.0,E,8
06/28/2022,15:00,679.483,1320.731,538.47,1,8,753.015,1,8,151.378,1,8,64616.4,1,8,71536.4,1,8,16651.551,1,8,93.735,1,8,-9900,?,9,-9900,?,9,21.83,E,8,13.85,E,8,60.0,E,8,1008.6016999999999,E,8,999.0,E,8,4.51,E,8,-9900,?,9,-9900,?,9,0.0,E,8,-9900,?,9,-9900,?,9,0.0,0.0,E,8
06/28/2022,16:00,462.188,1320.731,370.35,1,8,681.907,1,8,132.214,1,8,44442.0,1,8,64781.161,1,8,14543.513,1,8,120.511,1,8,-9900,?,9,-9900,?,9,21.53,E,8,13.74,E,8,61.0,E,8,1008.6016999999999,E,8,999.0,E,8,4.31,E,8,-9900,?,9,-9900,?,9,0.0,E,8,-9900,?,9,-9900,?,9,0.0,0.0,E,8
06/28/2022,17:00,201.6,1320.731,174.73,1,8,429.586,1,8,109.913,1,8,20967.6,1,8,40810.688,1,8,12090.423,1,8,231.878,1,8,-9900,?,9,-9900,?,9,20.82,E,8,13.46,E,8,62.0,E,8,1008.6016999999999,E,8,999.0,E,8,3.58,E,8,-9900,?,9,-9900,?,9,0.0,E,8,-9900,?,9,-9900,?,9,0.0,0.0,E,8
06/28/2022,18:00,0.0,1320.731,5.67,1,8,0.0,1,8,0.0,1,8,680.4,1,8,0.0,1,8,0.0,1,8,-0.0,1,8,-9900,?,9,-9900,?,9,20.31,E,8,13.26,E,8,63.0,E,8,1008.6016999999999,E,8,999.0,E,8,3.17,E,8,-9900,?,9,-9900,?,9,0.0,E,8,-9900,?,9,-9900,?,9,0.0,0.0,E,8
06/28/2022,19:00,0.0,1320.731,0.0,1,8,0.0,1,8,0.0,1,8,0.0,1,8,0.0,1,8,0.0,1,8,-0.0,1,8,-9900,?,9,-9900,?,9,19.81,E,8,13.06,E,8,65.0,E,8,1008.6016999999999,E,8,999.0,E,8,2.55,E,8,-9900,?,9,-9900,?,9,0.0,E,8,-9900,?,9,-9900,?,9,0.0,0.0,E,8
06/28/2022,20:00,0.0,1320.731,0.0,1,8,0.0,1,8,0.0,1,8,0.0,1,8,0.0,1,8,0.0,1,8,-0.0,1,8,-9900,?,9,-9900,?,9,19.3,E,8,12.85,E,8,66.0,E,8,1008.6016999999999,E,8,999.0,E,8,1.91,E,8,-9900,?,9,-9900,?,9,0.0,E,8,-9900,?,9,-9900,?,9,0.0,0.0,E,8
06/28/2022,21:00,0.0,1320.731,0.0,1,8,0.0,1,8,0.0,1,8,0.0,1,8,0.0,1,8,0.0,1,8,-0.0,1,8,-9900,?,9,-9900,?,9,18.79,E,8,12.64,E,8,67.0,E,8,1008.6016999999999,E,8,999.0,E,8,1.42,E,8,-9900,?,9,-9900,?,9,0.0,E,8,-9900,?,9,-9900,?,9,0.0,0.0,E,8
06/28/2022,22:00,0.0,1320.731,0.0,1,8,0.0,1,8,0.0,1,8,0.0,1,8,0.0,1,8,0.0,1,8,-0.0,1,8,-9900,?,9,-9900,?,9,18.28,E,8,12.43,E,8,68.0,E,8,1008.6016999999999,E,8,999.0,E,8,1.39,E,8,-9900,?,9,-9900,?,9,0.0,E,8,-9900,?,9,-9900,?,9,0.0,0.0,E,8
06/28/2022,23:00,0.0,1320.731,0.0,1,8,0.0,1,8,0.0,1,8,0.0,1,8,0.0,1,8,0.0,1,8,-0.0,1,8,-9900,?,9,-9900,?,9,17.78,E,8,12.22,E,8,69.0,E,8,1008.6016999999999,E,8,999.0,E,8,1.29,E,8,-9900,?,9,-9900,?,9,0.0,E,8,-9900,?,9,-9900,?,9,0.0,0.0,E,8
06/28/2022,24:00,0.0,1320.731,0.0,1,8,0.0,1,8,0.0,1,8,0.0,1,8,0.0,1,8,0.0,1,8,-0.0,1,8,-9900,?,9,-9900,?,9,17.27,E,8,13.17,E,8,76.0,E,8,1008.6016999999999,E,8,999.0,E,8,1.56,E,8,-9900,?,9,-9900,?,9,0.0,E,8,-9900,?,9,-9900,?,9,0.0,0.0,E,8
06/29/2022,01:00,0.0,1320.731,0.0,1,8,0.0,1,8,0.0,1,8,0.0,1,8,0.0,1,8,0.0,1,8,-0.0,1,8,-9900,?,9,-9900,?,9,17.02,E,8,13.06,E,8,77.0,E,8,1008.6016999999999,E,8,999.0,E,8,1.2,E,8,-9900,?,9,-9900,?,9,0.0,E,8,-9900,?,9,-9900,?,9,0.0,0.0,E,8
06/29/2022,02:00,0.0,1320.731,0.0,1,8,0.0,1,8,0.0,1,8,0.0,1,8,0.0,1,8,0.0,1,8,-0.0,1,8,-9900,?,9,-9900,?,9,16.76,E,8,12.94,E,8,78.0,E,8,1008.6016999999999,E,8,999.0,E,8,1.18,E,8,-9900,?,9,-9900,?,9,0.0,E,8,-9900,?,9,-9900,?,9,0.0,0.0,E,8
06/29/2022,03:00,0.0,1320.731,0.0,1,8,0.0,1,8,0.0,1,8,0.0,1,8,0.0,1,8,0.0,1,8,-0.0,1,8,-9900,?,9,-9900,?,9,16.51,E,8,12.83,E,8,78.0,E,8,1008.6016999999999,E,8,999.0,E,8,1.31,E,8,-9900,?,9,-9900,?,9,0.0,E,8,-9900,?,9,-9900,?,9,0.0,0.0,E,8
06/29/2022,04:00,0.0,1320.654,0.0,1,8,0.0,1,8,0.0,1,8,0.0,1,8,0.0,1,8,0.0,1,8,-0.0,1,8,-9900,?,9,-9900,?,9,16.26,E,8,12.72,E,8,79.0,E,8,1008.6016999999999,E,8,999.0,E,8,1.17,E,8,-9900,?,9,-9900,?,9,0.0,E,8,-9900,?,9,-9900,?,9,0.0,0.0,E,8
06/29/2022,05:00,0.0,1320.654,0.0,1,8,0.0,1,8,0.0,1,8,0.0,1,8,0.0,1,8,0.0,1,8,-0.0,1,8,-9900,?,9,-9900,?,9,16.0,E,8,12.6,E,8,80.0,E,8,1008.6016999999999,E,8,999.0,E,8,1.44,E,8,-9900,?,9,-9900,?,9,0.0,E,8,-9900,?,9,-9900,?,9,0.0,0.0,E,8
06/29/2022,06:00,0.0,1320.654,0.0,1,8,0.0,1,8,0.0,1,8,0.0,1,8,0.0,1,8,0.0,1,8,-0.0,1,8,-9900,?,9,-9900,?,9,15.81,E,8,12.51,E,8,80.0,E,8,1008.6016999999999,E,8,999.0,E,8,1.19,E,8,-9900,?,9,-9900,?,9,0.0,E,8,-9900,?,9,-9900,?,9,0.0,0.0,E,8
06/29/2022,07:00,17.694,1320.654,0.0,1,8,0.0,1,8,0.0,1,8,0.0,1,8,0.0,1,8,0.0,1,8,0.0,1,8,-9900,?,9,-9900,?,9,15.64,E,8,12.43,E,8,81.0,E,8,1008.6016999999999,E,8,999.0,E,8,1.32,E,8,-9900,?,9,-9900,?,9,0.0,E,8,-9900,?,9,-9900,?,9,0.0,0.0,E,8
06/29/2022,08:00,291.139,1320.654,30.91,1,8,0.0,1,8,30.91,1,8,3709.2,1,8,0.0,1,8,3400.1,1,8,44.881,1,8,-9900,?,9,-9900,?,9,15.47,E,8,12.36,E,8,81.0,E,8,1008.6016999999999,E,8,999.0,E,8,1.5,E,8,-9900,?,9,-9900,?,9,0.0,E,8,-9900,?,9,-9900,?,9,0.0,0.0,E,8
06/29/2022,09:00,539.667,1320.654,157.56,1,8,16.223,1,8,150.94,1,8,18907.2,1,8,1541.163,1,8,16603.446,1,8,117.747,1,8,-9900,?,9,-9900,?,9,17.29,E,8,13.18,E,8,76.0,E,8,1008.6016999999999,E,8,999.0,E,8,1.97,E,8,-9900,?,9,-9900,?,9,0.0,E,8,-9900,?,9,-9900,?,9,0.0,0.0,E,8
06/29/2022,10:00,739.214,1320.654,356.36,1,8,188.486,1,8,250.926,1,8,42763.2,1,8,17906.134,1,8,27601.872,1,8,142.789,1,8,-9900,?,9,-9900,?,9,18.97,E,8,13.9,E,8,72.0,E,8,1008.6016999999999,E,8,999.0,E,8,2.93,E,8,-9900,?,9,-9900,?,9,0.0,E,8,-9900,?,9,-9900,?,9,0.0,0.0,E,8
06/29/2022,11:00,875.799,1320.654,484.57,1,8,284.894,1,8,295.712,1,8,58148.4,1,8,27064.901,1,8,32528.302,1,8,141.993,1,8,-9900,?,9,-9900,?,9,20.43,E,8,14.51,E,8,68.0,E,8,1008.6016999999999,E,8,999.0,E,8,3.83,E,8,-9900,?,9,-9900,?,9,0.0,E,8,-9900,?,9,-9900,?,9,0.0,0.0,E,8
06/29/2022,12:00,940.03,1320.654,605.35,1,8,487.384,1,8,258.533,1,8,72642.0,1,8,46301.472,1,8,28438.681,1,8,115.648,1,8,-9900,?,9,-9900,?,9,21.78,E,8,15.05,E,8,65.0,E,8,1008.6016999999999,E,8,999.0,E,8,5.15,E,8,-9900,?,9,-9900,?,9,0.0,E,8,-9900,?,9,-9900,?,9,0.0,0.0,E,8
06/29/2022,13:00,927.507,1320.654,538.28,1,8,325.85,1,8,309.502,1,8,64593.6,1,8,30955.726,1,8,34045.211,1,8,140.319,1,8,-9900,?,9,-9900,?,9,22.46,E,8,15.32,E,8,64.0,E,8,1008.6016999999999,E,8,999.0,E,8,5.64,E,8,-9900,?,9,-9900,?,9,0.0,E,8,-9900,?,9,-9900,?,9,0.0,0.0,E,8
06/29/2022,14:00,839.084,1320.654,545.73,1,8,536.31,1,8,205.13,1,8,65487.6,1,8,50949.433,1,8,22564.352,1,8,102.814,1,8,-9900,?,9,-9900,?,9,22.96,E,8,15.51,E,8,62.0,E,8,1008.6016999999999,E,8,999.0,E,8,5.88,E,8,-9900,?,9,-9900,?,9,0.0,E,8,-9900,?,9,-9900,?,9,0.0,0.0,E,8
06/29/2022,15:00,680.822,1320.654,486.93,1,8,789.994,1,8,80.002,1,8,58431.6,1,8,75049.464,1,8,8800.215,1,8,49.438,1,8,-9900,?,9,-9900,?,9,23.2,E,8,15.6,E,8,62.0,E,8,1008.6016999999999,E,8,999.0,E,8,6.19,E,8,-9900,?,9,-9900,?,9,0.0,E,8,-9900,?,9,-9900,?,9,0.0,0.0,E,8
06/29/2022,16:00,463.634,1320.654,321.65,1,8,582.621,1,8,117.535,1,8,38598.0,1,8,55348.997,1,8,12928.831,1,8,106.789,1,8,-9900,?,9,-9900,?,9,22.91,E,8,15.49,E,8,62.0,E,8,1008.6016999999999,E,8,999.0,E,8,5.9,E,8,-9900,?,9,-9900,?,9,0.0,E,8,-9900,?,9,-9900,?,9,0.0,0.0,E,8
06/29/2022,17:00,203.07,1320.654,167.55,1,8,372.434,1,8,110.934,1,8,20106.0,1,8,35381.217,1,8,12202.701,1,8,232.285,1,8,-9900,?,9,-9900,?,9,22.18,E,8,15.21,E,8,64.0,E,8,1008.6016999999999,E,8,999.0,E,8,5.19,E,8,-9900,?,9,-9900,?,9,0.0,E,8,-9900,?,9,-9900,?,9,0.0,0.0,E,8
06/29/2022,18:00,0.0,1320.654,10.06,1,8,0.0,1,8,0.0,1,8,1207.2,1,8,0.0,1,8,0.0,1,8,-0.0,1,8,-9900,?,9,-9900,?,9,21.64,E,8,15.0,E,8,65.0,E,8,1008.6016999999999,E,8,999.0,E,8,4.79,E,8,-9900,?,9,-9900,?,9,0.0,E,8,-9900,?,9,-9900,?,9,0.0,0.0,E,8
06/29/2022,19:00,0.0,1320.654,0.0,1,8,0.0,1,8,0.0,1,8,0.0,1,8,0.0,1,8,0.0,1,8,-0.0,1,8,-9900,?,9,-9900,?,9,21.1,E,8,14.78,E,8,67.0,E,8,1008.6016999999999,E,8,999.0,E,8,3.99,E,8,-9900,?,9,-9900,?,9,0.0,E,8,-9900,?,9,-9900,?,9,0.0,0.0,E,8
06/29/2022,20:00,0.0,1320.654,0.0,1,8,0.0,1,8,0.0,1,8,0.0,1,8,0.0,1,8,0.0,1,8,-0.0,1,8,-9900,?,9,-9900,?,9,20.55,E,8,14.56,E,8,68.0,E,8,1008.6016999999999,E,8,999.0,E,8,3.18,E,8,-9900,?,9,-9900,?,9,0.0,E,8,-9900,?,9,-9900,?,9,0.0,0.0,E,8
06/29/2022,21:00,0.0,1320.654,0.0,1,8,0.0,1,8,0.0,1,8,0.0,1,8,0.0,1,8,0.0,1,8,-0.0,1,8,-9900,?,9,-9900,?,9,20.01,E,8,14.34,E,8,69.0,E,8,1008.6016999999999,E,8,999.0,E,8,2.54,E,8,-9900,?,9,-9900,?,9,0.0,E,8,-9900,?,9,-9900,?,9,0.0,0.0,E,8
06/29/2022,22:00,0.0,1320.654,0.0,1,8,0.0,1,8,0.0,1,8,0.0,1,8,0.0,1,8,0.0,1,8,-0.0,1,8,-9900,?,9,-9900,?,9,19.47,E,8,14.11,E,8,71.0,E,8,1008.6016999999999,E,8,999.0,E,8,1.84,E,8,-9900,?,9,-9900,?,9,0.0,E,8,-9900,?,9,-9900,?,9,0.0,0.0,E,8
06/29/2022,23:00,0.0,1320.654,0.0,1,8,0.0,1,8,0.0,1,8,0.0,1,8,0.0,1,8,0.0,1,8,-0.0,1,8,-9900,?,9,-9900,?,9,18.93,E,8,13.89,E,8,72.0,E,8,1008.6016999999999,E,8,999.0,E,8,1.34,E,8,-9900,?,9,-9900,?,9,0.0,E,8,-9900,?,9,-9900,?,9,0.0,0.0,E,8
06/29/2022,24:00,0.0,1320.654,0.0,1,8,0.0,1,8,0.0,1,8,0.0,1,8,0.0,1,8,0.0,1,8,-0.0,1,8,-9900,?,9,-9900,?,9,18.39,E,8,15.5,E,8,80.0,E,8,1008.6016999999999,E,8,999.0,E,8,1.16,E,8,-9900,?,9,-9900,?,9,0.003,E,8,-9900,?,9,-9900,?,9,0.03,99.0,E,8
06/30/2022,01:00,0.0,1320.654,0.0,1,8,0.0,1,8,0.0,1,8,0.0,1,8,0.0,1,8,0.0,1,8,-0.0,1,8,-9900,?,9,-9900,?,9,18.12,E,8,15.46,E,8,77.0,E,8,1008.6016999999999,E,8,999.0,E,8,1.07,E,8,-9900,?,9,-9900,?,9,0.0,E,8,-9900,?,9,-9900,?,9,0.0,0.0,E,8
06/30/2022,02:00,0.0,1320.654,0.0,1,8,0.0,1,8,0.0,1,8,0.0,1,8,0.0,1,8,0.0,1,8,-0.0,1,8,-9900,?,9,-9900,?,9,17.85,E,8,15.42,E,8,78.0,E,8,1008.6016999999999,E,8,999.0,E,8,0.89,E,8,-9900,?,9,-9900,?,9,0.0,E,8,-9900,?,9,-9900,?,9,0.0,0.0,E,8
06/30/2022,03:00,0.0,1320.654,0.0,1,8,0.0,1,8,0.0,1,8,0.0,1,8,0.0,1,8,0.0,1,8,-0.0,1,8,-9900,?,9,-9900,?,9,17.58,E,8,15.38,E,8,82.0,E,8,1008.6016999999999,E,8,999.0,E,8,0.89,E,8,-9900,?,9,-9900,?,9,0.005,E,8,-9900,?,9,-9900,?,9,0.05,99.0,E,8
06/30/2022,04:00,0.0,1320.589,0.0,1,8,0.0,1,8,0.0,1,8,0.0,1,8,0.0,1,8,0.0,1,8,-0.0,1,8,-9900,?,9,-9900,?,9,17.3,E,8,15.34,E,8,83.0,E,8,1008.6016999999999,E,8,999.0,E,8,1.11,E,8,-9900,?,9,-9900,?,9,0.002,E,8,-9900,?,9,-9900,?,9,0.02,99.0,E,8
06/30/2022,05:00,0.0,1320.589,0.0,1,8,0.0,1,8,0.0,1,8,0.0,1,8,0.0,1,8,0.0,1,8,-0.0,1,8,-9900,?,9,-9900,?,9,17.03,E,8,15.29,E,8,84.0,E,8,1008.6016999999999,E,8,999.0,E,8,1.26,E,8,-9900,?,9,-9900,?,9,0.001,E,8,-9900,?,9,-9900,?,9,0.01,99.0,E,8
06/30/2022,06:00,0.0,1320.589,0.0,1,8,0.0,1,8,0.0,1,8,0.0,1,8,0.0,1,8,0.0,1,8,-0.0,1,8,-9900,?,9,-9900,?,9,16.82,E,8,15.26,E,8,85.0,E,8,1008.6016999999999,E,8,999.0,E,8,1.35,E,8,-9900,?,9,-9900,?,9,0.007000000000000001,E,8,-9900,?,9,-9900,?,9,0.07,99.0,E,8
06/30/2022,07:00,17.286,1320.589,0.0,1,8,0.0,1,8,0.0,1,8,0.0,1,8,0.0,1,8,0.0,1,8,0.0,1,8,-9900,?,9,-9900,?,9,16.64,E,8,15.24,E,8,92.0,E,8,1008.6016999999999,E,8,999.0,E,8,1.52,E,8,-9900,?,9,-9900,?,9,0.778,E,8,-9900,?,9,-9900,?,9,7.78,99.0,E,8
06/30/2022,08:00,290.86,1320.589,43.57,1,8,0.0,1,8,43.57,1,8,5228.4,1,8,0.0,1,8,4792.7,1,8,63.321,1,8,-9900,?,9,-9900,?,9,16.47,E,8,15.21,E,8,86.0,E,8,1008.6016999999999,E,8,999.0,E,8,1.9,E,8,-9900,?,9,-9900,?,9,0.026000000000000002,E,8,-9900,?,9,-9900,?,9,0.26,99.0,E,8
06/30/2022,09:00,539.623,1320.589,191.68,1,8,63.76,1,8,165.664,1,8,23001.6,1,8,6057.154,1,8,18223.067,1,8,129.237,1,8,-9900,?,9,-9900,?,9,18.37,E,8,15.49,E,8,80.0,E,8,1008.6016999999999,E,8,999.0,E,8,2.57,E,8,-9900,?,9,-9900,?,9,0.011,E,8,-9900,?,9,-9900,?,9,0.11,99.0,E,8
06/30/2022,10:00,739.441,1320.589,429.67,1,8,369.513,1,8,222.9,1,8,51560.4,1,8,35103.778,1,8,24519.011,1,8,126.795,1,8,-9900,?,9,-9900,?,9,20.06,E,8,15.74,E,8,72.0,E,8,1008.6016999999999,E,8,999.0,E,8,2.9,E,8,-9900,?,9,-9900,?,9,0.0,E,8,-9900,?,9,-9900,?,9,0.0,0.0,E,8
06/30/2022,11:00,876.312,1320.589,544.84,1,8,478.92,1,8,227.158,1,8,65380.8,1,8,45497.411,1,8,24987.414,1,8,109.006,1,8,-9900,?,9,-9900,?,9,21.37,E,8,15.93,E,8,69.0,E,8,1008.6016999999999,E,8,999.0,E,8,3.53,E,8,-9900,?,9,-9900,?,9,0.0,E,8,-9900,?,9,-9900,?,9,0.0,0.0,E,8
06/30/2022,12:00,940.825,1320.589,624.29,1,8,533.307,1,8,244.455,1,8,74914.8,1,8,50664.145,1,8,26890.078,1,8,109.253,1,8,-9900,?,9,-9900,?,9,22.41,E,8,16.08,E,8,66.0,E,8,1008.6016999999999,E,8,999.0,E,8,4.31,E,8,-9900,?,9,-9900,?,9,0.0,E,8,-9900,?,9,-9900,?,9,0.0,0.0,E,8
06/30/2022,13:00,928.56,1320.589,486.88,1,8,219.152,1,8,332.831,1,8,58425.6,1,8,20819.458,1,8,36611.459,1,8,150.717,1,8,-9900,?,9,-9900,?,9,22.74,E,8,16.13,E,8,65.0,E,8,1008.6016999999999,E,8,999.0,E,8,5.17,E,8,-9900,?,9,-9900,?,9,0.0,E,8,-9900,?,9,-9900,?,9,0.0,0.0,E,8
06/30/2022,14:00,840.354,1320.589,526.64,1,8,471.193,1,8,226.927,1,8,63196.8,1,8,44763.35,1,8,24961.927,1,8,113.561,1,8,-9900,?,9,-9900,?,9,23.06,E,8,16.18,E,8,65.0,E,8,1008.6016999999999,E,8,999.0,E,8,5.49,E,8,-9900,?,9,-9900,?,9,0.0,E,8,-9900,?,9,-9900,?,9,0.0,0.0,E,8
06/30/2022,15:00,682.252,1320.589,428.96,1,8,575.945,1,8,131.651,1,8,51475.2,1,8,54714.739,1,8,14481.586,1,8,81.179,1,8,-9900,?,9,-9900,?,9,23.11,E,8,16.18,E,8,65.0,E,8,1008.6016999999999,E,8,999.0,E,8,5.05,E,8,-9900,?,9,-9900,?,9,0.0,E,8,-9900,?,9,-9900,?,9,0.0,0.0,E,8
06/30/2022,16:00,465.154,1320.589,280.23,1,8,435.859,1,8,127.021,1,8,33627.6,1,8,41406.58,1,8,13972.307,1,8,115.024,1,8,-9900,?,9,-9900,?,9,22.71,E,8,16.13,E,8,65.0,E,8,1008.6016999999999,E,8,999.0,E,8,4.66,E,8,-9900,?,9,-9900,?,9,0.0,E,8,-9900,?,9,-9900,?,9,0.0,0.0,E,8
06/30/2022,17:00,204.597,1320.589,159.64,1,8,373.5,1,8,102.422,1,8,19156.8,1,8,35482.546,1,8,11266.45,1,8,212.816,1,8,-9900,?,9,-9900,?,9,22.06,E,8,16.03,E,8,67.0,E,8,1008.6016999999999,E,8,999.0,E,8,4.49,E,8,-9900,?,9,-9900,?,9,0.0,E,8,-9900,?,9,-9900,?,9,0.0,0.0,E,8
06/30/2022,18:00,0.0,1320.589,90.554,1,8,0.0,1,8,0.0,1,8,10866.48,1,8,0.0,1,8,0.0,1,8,-0.0,1,8,-9900,?,9,-9900,?,9,21.698,E,8,15.982,E,8,67.8,E,8,1008.6016999999999,E,8,999.0,E,8,3.902,E,8,-9900,?,9,-9900,?,9,0.0,E,8,-9900,?,9,-9900,?,9,0.0,0.0,E,8
06/30/2022,19:00,0.0,1320.589,34.508,1,8,0.0,1,8,0.0,1,8,4140.96,1,8,0.0,1,8,0.0,1,8,-0.0,1,8,-9900,?,9,-9900,?,9,21.24,E,8,15.916,E,8,69.0,E,8,1008.6016999999999,E,8,999.0,E,8,3.364,E,8,-9900,?,9,-9900,?,9,0.0,E,8,-9900,?,9,-9900,?,9,0.0,0.0,E,8
06/30/2022,20:00,0.0,1320.589,2.58,1,8,0.0,1,8,0.0,1,8,309.6,1,8,0.0,1,8,0.0,1,8,-0.0,1,8,-9900,?,9,-9900,?,9,20.828,E,8,15.856,E,8,70.6,E,8,1008.6016999999999,E,8,999.0,E,8,2.796,E,8,-9900,?,9,-9900,?,9,0.0032,E,8,-9900,?,9,-9900,?,9,0.032,99.0,E,8
06/30/2022,21:00,0.0,1320.589,0.0,1,8,0.0,1,8,0.0,1,8,0.0,1,8,0.0,1,8,0.0,1,8,-0.0,1,8,-9900,?,9,-9900,?,9,20.416,E,8,15.796,E,8,72.2,E,8,1008.6016999999999,E,8,999.0,E,8,2.18,E,8,-9900,?,9,-9900,?,9,0.013000000000000001,E,8,-9900,?,9,-9900,?,9,0.13,99.0,E,8
06/30/2022,22:00,0.0,1320.589,0.0,1,8,0.0,1,8,0.0,1,8,0.0,1,8,0.0,1,8,0.0,1,8,-0.0,1,8,-9900,?,9,-9900,?,9,20.004,E,8,15.918,E,8,75.4,E,8,1008.6016999999999,E,8,999.0,E,8,1.67,E,8,-9900,?,9,-9900,?,9,0.02,E,8,-9900,?,9,-9900,?,9,0.2,99.0,E,8
06/30/2022,23:00,0.0,1320.589,0.0,1,8,0.0,1,8,0.0,1,8,0.0,1,8,0.0,1,8,0.0,1,8,-0.0,1,8,-9900,?,9,-9900,?,9,19.634,E,8,16.05,E,8,77.8,E,8,1008.6016999999999,E,8,999.0,E,8,1.384,E,8,-9900,?,9,-9900,?,9,0.02,E,8,-9900,?,9,-9900,?,9,0.2,99.0,E,8
06/30/2022,24:00,0.0,1320.589,0.0,1,8,0.0,1,8,0.0,1,8,0.0,1,8,0.0,1,8,0.0,1,8,-0.0,1,8,-9900,?,9,-9900,?,9,19.304,E,8,16.194,E,8,80.2,E,8,1008.6016999999999,E,8,999.0,E,8,1.24,E,8,-9900,?,9,-9900,?,9,0.02,E,8,-9900,?,9,-9900,?,9,0.2,99.0,E,8
07/01/2022,01:00,0.0,1320.589,0.0,1,8,0.0,1,8,0.0,1,8,0.0,1,8,0.0,1,8,0.0,1,8,-0.0,1,8,-9900,?,9,-9900,?,9,19.018,E,8,16.352,E,8,82.0,E,8,1008.6016999999999,E,8,999.0,E,8,1.17,E,8,-9900,?,9,-9900,?,9,0.016800000000000002,E,8,-9900,?,9,-9900,?,9,0.168,99.0,E,8
07/01/2022,02:00,0.0,1320.589,0.0,1,8,0.0,1,8,0.0,1,8,0.0,1,8,0.0,1,8,0.0,1,8,-0.0,1,8,-9900,?,9,-9900,?,9,18.772,E,8,16.522,E,8,83.8,E,8,1008.6016999999999,E,8,999.0,E,8,1.232,E,8,-9900,?,9,-9900,?,9,0.007000000000000001,E,8,-9900,?,9,-9900,?,9,0.07,99.0,E,8
07/01/2022,03:00,0.0,1320.589,0.0,1,8,0.0,1,8,0.0,1,8,0.0,1,8,0.0,1,8,0.0,1,8,-0.0,1,8,-9900,?,9,-9900,?,9,18.568,E,8,16.52,E,8,84.0,E,8,1008.6016999999999,E,8,999.0,E,8,1.288,E,8,-9900,?,9,-9900,?,9,0.0,E,8,-9900,?,9,-9900,?,9,0.0,0.0,E,8
07/01/2022,04:00,0.0,1320.537,0.0,1,8,0.0,1,8,0.0,1,8,0.0,1,8,0.0,1,8,0.0,1,8,-0.0,1,8,-9900,?,9,-9900,?,9,18.372,E,8,16.52,E,8,85.0,E,8,1008.6016999999999,E,8,999.0,E,8,1.352,E,8,-9900,?,9,-9900,?,9,0.0,E,8,-9900,?,9,-9900,?,9,0.0,0.0,E,8
07/01/2022,05:00,0.0,1320.537,0.0,1,8,0.0,1,8,0.0,1,8,0.0,1,8,0.0,1,8,0.0,1,8,-0.0,1,8,-9900,?,9,-9900,?,9,18.19,E,8,16.52,E,8,86.6,E,8,1008.6016999999999,E,8,999.0,E,8,1.476,E,8,-9900,?,9,-9900,?,9,0.0004,E,8,-9900,?,9,-9900,?,9,0.004,99.0,E,8
07/01/2022,06:00,0.0,1320.537,0.0,1,8,0.0,1,8,0.0,1,8,0.0,1,8,0.0,1,8,0.0,1,8,-0.0,1,8,-9900,?,9,-9900,?,9,18.0,E,8,16.52,E,8,87.0,E,8,1008.6016999999999,E,8,999.0,E,8,1.42,E,8,-9900,?,9,-9900,?,9,0.0,E,8,-9900,?,9,-9900,?,9,0.0,0.0,E,8
07/01/2022,07:00,16.948,1320.537,0.0,1,8,0.0,1,8,0.0,1,8,0.0,1,8,0.0,1,8,0.0,1,8,0.0,1,8,-9900,?,9,-9900,?,9,17.86,E,8,16.52,E,8,91.0,E,8,1008.6016999999999,E,8,999.0,E,8,1.87,E,8,-9900,?,9,-9900,?,9,0.002,E,8,-9900,?,9,-9900,?,9,0.02,99.0,E,8
07/01/2022,08:00,290.675,1320.537,32.11,1,8,0.0,1,8,32.11,1,8,3853.2,1,8,0.0,1,8,3532.1,1,8,46.694,1,8,-9900,?,9,-9900,?,9,17.73,E,8,16.51,E,8,92.0,E,8,1008.6016999999999,E,8,999.0,E,8,2.36,E,8,-9900,?,9,-9900,?,9,0.018,E,8,-9900,?,9,-9900,?,9,0.18,99.0,E,8
07/01/2022,09:00,539.687,1320.537,164.38,1,8,20.86,1,8,155.867,1,8,19725.6,1,8,1981.734,1,8,17145.372,1,8,121.575,1,8,-9900,?,9,-9900,?,9,19.58,E,8,16.53,E,8,92.0,E,8,1008.6016999999999,E,8,999.0,E,8,3.08,E,8,-9900,?,9,-9900,?,9,0.623,E,8,-9900,?,9,-9900,?,9,6.23,99.0,E,8
07/01/2022,10:00,739.783,1320.537,290.31,1,8,76.382,1,8,247.547,1,8,34837.2,1,8,7256.259,1,8,27230.208,1,8,140.745,1,8,-9900,?,9,-9900,?,9,20.79,E,8,16.54,E,8,74.0,E,8,1008.6016999999999,E,8,999.0,E,8,3.81,E,8,-9900,?,9,-9900,?,9,0.0,E,8,-9900,?,9,-9900,?,9,0.0,0.0,E,8
07/01/2022,11:00,876.944,1320.537,386.87,1,8,110.609,1,8,313.444,1,8,46424.4,1,8,10507.886,1,8,34478.811,1,8,150.297,1,8,-9900,?,9,-9900,?,9,21.85,E,8,16.55,E,8,70.0,E,8,1008.6016999999999,E,8,999.0,E,8,4.44,E,8,-9900,?,9,-9900,?,9,0.0,E,8,-9900,?,9,-9900,?,9,0.0,0.0,E,8
07/01/2022,12:00,941.738,1320.537,445.09,1,8,137.379,1,8,347.146,1,8,53410.8,1,8,13051.002,1,8,38186.093,1,8,154.991,1,8,-9900,?,9,-9900,?,9,22.71,E,8,16.55,E,8,67.0,E,8,1008.6016999999999,E,8,999.0,E,8,5.21,E,8,-9900,?,9,-9900,?,9,0.0,E,8,-9900,?,9,-9900,?,9,0.0,0.0,E,8
07/01/2022,13:00,929.725,1320.537,460.34,1,8,166.429,1,8,343.201,1,8,55240.8,1,8,15810.75,1,8,37752.069,1,8,155.212,1,8,-9900,?,9,-9900,?,9,23.33,E,8,16.56,E,8,65.0,E,8,1008.6016999999999,E,8,999.0,E,8,5.29,E,8,-9900,?,9,-9900,?,9,0.0,E,8,-9900,?,9,-9900,?,9,0.0,0.0,E,8
07/01/2022,14:00,841.725,1320.537,431.45,1,8,204.665,1,8,301.05,1,8,51774.0,1,8,19443.188,1,8,33115.513,1,8,150.403,1,8,-9900,?,9,-9900,?,9,23.7,E,8,16.56,E,8,64.0,E,8,1008.6016999999999,E,8,999.0,E,8,5.38,E,8,-9900,?,9,-9900,?,9,0.0,E,8,-9900,?,9,-9900,?,9,0.0,0.0,E,8
07/01/2022,15:00,683.769,1320.537,360.66,1,8,308.198,1,8,201.204,1,8,43279.2,1,8,29278.815,1,8,22132.416,1,8,123.787,1,8,-9900,?,9,-9900,?,9,23.8,E,8,16.56,E,8,63.0,E,8,1008.6016999999999,E,8,999.0,E,8,5.1,E,8,-9900,?,9,-9900,?,9,0.0,E,8,-9900,?,9,-9900,?,9,0.0,0.0,E,8
07/01/2022,16:00,466.746,1320.537,253.73,1,8,331.297,1,8,136.871,1,8,30447.6,1,8,31473.173,1,8,15055.78,1,8,123.514,1,8,-9900,?,9,-9900,?,9,23.56,E,8,16.56,E,8,64.0,E,8,1008.6016999999999,E,8,999.0,E,8,4.98,E,8,-9900,?,9,-9900,?,9,0.0,E,8,-9900,?,9,-9900,?,9,0.0,0.0,E,8
07/01/2022,17:00,206.178,1320.537,121.78,1,8,388.823,1,8,61.742,1,8,14613.6,1,8,36938.221,1,8,6791.646,1,8,127.28,1,8,-9900,?,9,-9900,?,9,22.94,E,8,16.55,E,8,71.0,E,8,1008.6016999999999,E,8,999.0,E,8,4.44,E,8,-9900,?,9,-9900,?,9,0.006,E,8,-9900,?,9,-9900,?,9,0.06,99.0,E,8
07/01/2022,18:00,0.0,1320.537,5.5,1,8,0.0,1,8,0.0,1,8,660.0,1,8,0.0,1,8,0.0,1,8,-0.0,1,8,-9900,?,9,-9900,?,9,22.48,E,8,16.55,E,8,72.0,E,8,1008.6016999999999,E,8,999.0,E,8,3.92,E,8,-9900,?,9,-9900,?,9,0.004,E,8,-9900,?,9,-9900,?,9,0.04,99.0,E,8
07/01/2022,19:00,0.0,1320.537,0.0,1,8,0.0,1,8,0.0,1,8,0.0,1,8,0.0,1,8,0.0,1,8,-0.0,1,8,-9900,?,9,-9900,?,9,22.02,E,8,16.55,E,8,74.0,E,8,1008.6016999999999,E,8,999.0,E,8,3.09,E,8,-9900,?,9,-9900,?,9,0.001,E,8,-9900,?,9,-9900,?,9,0.01,99.0,E,8
07/01/2022,20:00,0.0,1320.537,0.0,1,8,0.0,1,8,0.0,1,8,0.0,1,8,0.0,1,8,0.0,1,8,-0.0,1,8,-9900,?,9,-9900,?,9,21.56,E,8,16.54,E,8,76.0,E,8,1008.6016999999999,E,8,999.0,E,8,2.52,E,8,-9900,?,9,-9900,?,9,0.01,E,8,-9900,?,9,-9900,?,9,0.1,99.0,E,8
07/01/2022,21:00,0.0,1320.537,0.0,1,8,0.0,1,8,0.0,1,8,0.0,1,8,0.0,1,8,0.0,1,8,-0.0,1,8,-9900,?,9,-9900,?,9,21.09,E,8,16.54,E,8,73.0,E,8,1008.6016999999999,E,8,999.0,E,8,1.58,E,8,-9900,?,9,-9900,?,9,0.0,E,8,-9900,?,9,-9900,?,9,0.0,0.0,E,8
07/01/2022,22:00,0.0,1320.537,0.0,1,8,0.0,1,8,0.0,1,8,0.0,1,8,0.0,1,8,0.0,1,8,-0.0,1,8,-9900,?,9,-9900,?,9,20.63,E,8,16.54,E,8,75.0,E,8,1008.6016999999999,E,8,999.0,E,8,1.34,E,8,-9900,?,9,-9900,?,9,0.0,E,8,-9900,?,9,-9900,?,9,0.0,0.0,E,8
07/01/2022,23:00,0.0,1320.537,0.0,1,8,0.0,1,8,0.0,1,8,0.0,1,8,0.0,1,8,0.0,1,8,-0.0,1,8,-9900,?,9,-9900,?,9,20.17,E,8,16.53,E,8,77.0,E,8,1008.6016999999999,E,8,999.0,E,8,1.74,E,8,-9900,?,9,-9900,?,9,0.0,E,8,-9900,?,9,-9900,?,9,0.0,0.0,E,8
07/01/2022,24:00,0.0,1320.537,0.0,1,8,0.0,1,8,0.0,1,8,0.0,1,8,0.0,1,8,0.0,1,8,-0.0,1,8,-9900,?,9,-9900,?,9,19.71,E,8,17.96,E,8,94.0,E,8,1008.6016999999999,E,8,999.0,E,8,2.57,E,8,-9900,?,9,-9900,?,9,0.006,E,8,-9900,?,9,-9900,?,9,0.06,99.0,E,8
07/02/2022,01:00,0.0,1320.537,0.0,1,8,0.0,1,8,0.0,1,8,0.0,1,8,0.0,1,8,0.0,1,8,-0.0,1,8,-9900,?,9,-9900,?,9,19.48,E,8,17.9,E,8,90.0,E,8,1008.6016999999999,E,8,999.0,E,8,2.86,E,8,-9900,?,9,-9900,?,9,0.0,E,8,-9900,?,9,-9900,?,9,0.0,0.0,E,8
07/02/2022,02:00,0.0,1320.537,0.0,1,8,0.0,1,8,0.0,1,8,0.0,1,8,0.0,1,8,0.0,1,8,-0.0,1,8,-9900,?,9,-9900,?,9,19.25,E,8,17.85,E,8,91.0,E,8,1008.6016999999999,E,8,999.0,E,8,2.18,E,8,-9900,?,9,-9900,?,9,0.0,E,8,-9900,?,9,-9900,?,9,0.0,0.0,E,8
07/02/2022,03:00,0.0,1320.537,0.0,1,8,0.0,1,8,0.0,1,8,0.0,1,8,0.0,1,8,0.0,1,8,-0.0,1,8,-9900,?,9,-9900,?,9,19.02,E,8,17.8,E,8,92.0,E,8,1008.6016999999999,E,8,999.0,E,8,1.93,E,8,-9900,?,9,-9900,?,9,0.0,E,8,-9900,?,9,-9900,?,9,0.0,0.0,E,8
07/02/2022,04:00,0.0,1320.498,0.0,1,8,0.0,1,8,0.0,1,8,0.0,1,8,0.0,1,8,0.0,1,8,-0.0,1,8,-9900,?,9,-9900,?,9,18.79,E,8,17.74,E,8,93.0,E,8,1008.6016999999999,E,8,999.0,E,8,2.2,E,8,-9900,?,9,-9900,?,9,0.0,E,8,-9900,?,9,-9900,?,9,0.0,0.0,E,8
07/02/2022,05:00,0.0,1320.498,0.0,1,8,0.0,1,8,0.0,1,8,0.0,1,8,0.0,1,8,0.0,1,8,-0.0,1,8,-9900,?,9,-9900,?,9,18.56,E,8,17.69,E,8,94.0,E,8,1008.6016999999999,E,8,999.0,E,8,2.44,E,8,-9900,?,9,-9900,?,9,0.0,E,8,-9900,?,9,-9900,?,9,0.0,0.0,E,8
07/02/2022,06:00,0.0,1320.498,0.0,1,8,0.0,1,8,0.0,1,8,0.0,1,8,0.0,1,8,0.0,1,8,-0.0,1,8,-9900,?,9,-9900,?,9,18.38,E,8,17.65,E,8,94.0,E,8,1008.6016999999999,E,8,999.0,E,8,2.8,E,8,-9900,?,9,-9900,?,9,0.0,E,8,-9900,?,9,-9900,?,9,0.0,0.0,E,8
07/02/2022,07:00,16.682,1320.498,0.0,1,8,0.0,1,8,0.0,1,8,0.0,1,8,0.0,1,8,0.0,1,8,0.0,1,8,-9900,?,9,-9900,?,9,18.22,E,8,17.61,E,8,95.0,E,8,1008.6016999999999,E,8,999.0,E,8,3.0,E,8,-9900,?,9,-9900,?,9,0.0,E,8,-9900,?,9,-9900,?,9,0.0,0.0,E,8
07/02/2022,08:00,290.587,1320.498,27.2,1,8,0.0,1,8,27.2,1,8,3264.0,1,8,0.0,1,8,2992.0,1,8,39.565,1,8,-9900,?,9,-9900,?,9,18.07,E,8,17.57,E,8,96.0,E,8,1008.6016999999999,E,8,999.0,E,8,3.25,E,8,-9900,?,9,-9900,?,9,0.0,E,8,-9900,?,9,-9900,?,9,0.0,0.0,E,8
07/02/2022,09:00,539.858,1320.498,139.23,1,8,8.273,1,8,135.853,1,8,16707.6,1,8,785.947,1,8,14943.788,1,8,105.927,1,8,-9900,?,9,-9900,?,9,20.04,E,8,18.03,E,8,87.0,E,8,1008.6016999999999,E,8,999.0,E,8,4.12,E,8,-9900,?,9,-9900,?,9,0.0,E,8,-9900,?,9,-9900,?,9,0.0,0.0,E,8
07/02/2022,10:00,740.241,1320.498,245.89,1,8,46.125,1,8,220.05,1,8,29506.8,1,8,4381.904,1,8,24205.473,1,8,125.03,1,8,-9900,?,9,-9900,?,9,21.33,E,8,18.33,E,8,82.0,E,8,1008.6016999999999,E,8,999.0,E,8,4.75,E,8,-9900,?,9,-9900,?,9,0.0,E,8,-9900,?,9,-9900,?,9,0.0,0.0,E,8
07/02/2022,11:00,877.695,1320.498,327.7,1,8,35.703,1,8,303.978,1,8,39324.0,1,8,3391.79,1,8,33437.588,1,8,145.629,1,8,-9900,?,9,-9900,?,9,22.46,E,8,18.59,E,8,83.0,E,8,1008.6016999999999,E,8,999.0,E,8,5.4,E,8,-9900,?,9,-9900,?,9,0.001,E,8,-9900,?,9,-9900,?,9,0.01,99.0,E,8
07/02/2022,12:00,942.768,1320.498,377.07,1,8,53.395,1,8,338.96,1,8,45248.4,1,8,5072.494,1,8,37285.569,1,8,151.166,1,8,-9900,?,9,-9900,?,9,23.37,E,8,18.79,E,8,75.0,E,8,1008.6016999999999,E,8,999.0,E,8,6.65,E,8,-9900,?,9,-9900,?,9,0.0,E,8,-9900,?,9,-9900,?,9,0.0,0.0,E,8
07/02/2022,13:00,931.0,1320.498,390.1,1,8,65.298,1,8,344.076,1,8,46812.0,1,8,6203.271,1,8,37848.41,1,8,155.39,1,8,-9900,?,9,-9900,?,9,24.03,E,8,18.93,E,8,77.0,E,8,1008.6016999999999,E,8,999.0,E,8,7.72,E,8,-9900,?,9,-9900,?,9,0.001,E,8,-9900,?,9,-9900,?,9,0.01,99.0,E,8
07/02/2022,14:00,843.196,1320.498,365.78,1,8,81.448,1,8,313.794,1,8,43893.6,1,8,7737.559,1,8,34517.344,1,8,156.491,1,8,-9900,?,9,-9900,?,9,24.41,E,8,19.02,E,8,71.0,E,8,1008.6016999999999,E,8,999.0,E,8,8.02,E,8,-9900,?,9,-9900,?,9,0.0,E,8,-9900,?,9,-9900,?,9,0.0,0.0,E,8
07/02/2022,15:00,685.372,1320.498,305.98,1,8,142.126,1,8,232.271,1,8,36717.6,1,8,13501.986,1,8,25549.86,1,8,142.561,1,8,-9900,?,9,-9900,?,9,24.53,E,8,19.04,E,8,76.0,E,8,1008.6016999999999,E,8,999.0,E,8,7.54,E,8,-9900,?,9,-9900,?,9,0.003,E,8,-9900,?,9,-9900,?,9,0.03,99.0,E,8
07/02/2022,16:00,468.407,1320.498,215.58,1,8,223.723,1,8,136.381,1,8,25869.6,1,8,21253.696,1,8,15001.897,1,8,122.629,1,8,-9900,?,9,-9900,?,9,24.27,E,8,18.99,E,8,76.0,E,8,1008.6016999999999,E,8,999.0,E,8,6.44,E,8,-9900,?,9,-9900,?,9,0.014000000000000002,E,8,-9900,?,9,-9900,?,9,0.14,99.0,E,8
07/02/2022,17:00,207.81,1320.498,103.92,1,8,243.862,1,8,65.96,1,8,12470.4,1,8,23166.861,1,8,7255.587,1,8,134.88,1,8,-9900,?,9,-9900,?,9,23.62,E,8,18.84,E,8,79.0,E,8,1008.6016999999999,E,8,999.0,E,8,6.07,E,8,-9900,?,9,-9900,?,9,0.02,E,8,-9900,?,9,-9900,?,9,0.2,99.0,E,8
07/02/2022,18:00,0.0,1320.498,4.94,1,8,0.0,1,8,0.0,1,8,592.8,1,8,0.0,1,8,0.0,1,8,-0.0,1,8,-9900,?,9,-9900,?,9,23.08,E,8,18.72,E,8,81.0,E,8,1008.6016999999999,E,8,999.0,E,8,4.65,E,8,-9900,?,9,-9900,?,9,0.046,E,8,-9900,?,9,-9900,?,9,0.46,99.0,E,8
07/02/2022,19:00,0.0,1320.498,0.0,1,8,0.0,1,8,0.0,1,8,0.0,1,8,0.0,1,8,0.0,1,8,-0.0,1,8,-9900,?,9,-9900,?,9,22.55,E,8,18.61,E,8,82.0,E,8,1008.6016999999999,E,8,999.0,E,8,3.74,E,8,-9900,?,9,-9900,?,9,0.03,E,8,-9900,?,9,-9900,?,9,0.3,99.0,E,8
07/02/2022,20:00,0.0,1320.498,0.0,1,8,0.0,1,8,0.0,1,8,0.0,1,8,0.0,1,8,0.0,1,8,-0.0,1,8,-9900,?,9,-9900,?,9,22.01,E,8,18.48,E,8,84.0,E,8,1008.6016999999999,E,8,999.0,E,8,2.95,E,8,-9900,?,9,-9900,?,9,0.086,E,8,-9900,?,9,-9900,?,9,0.86,99.0,E,8
07/02/2022,21:00,0.0,1320.498,0.0,1,8,0.0,1,8,0.0,1,8,0.0,1,8,0.0,1,8,0.0,1,8,-0.0,1,8,-9900,?,9,-9900,?,9,21.48,E,8,18.36,E,8,96.0,E,8,1008.6016999999999,E,8,999.0,E,8,2.28,E,8,-9900,?,9,-9900,?,9,1.279,E,8,-9900,?,9,-9900,?,9,12.79,99.0,E,8
07/02/2022,22:00,0.0,1320.498,0.0,1,8,0.0,1,8,0.0,1,8,0.0,1,8,0.0,1,8,0.0,1,8,-0.0,1,8,-9900,?,9,-9900,?,9,20.94,E,8,18.24,E,8,89.0,E,8,1008.6016999999999,E,8,999.0,E,8,2.07,E,8,-9900,?,9,-9900,?,9,0.01,E,8,-9900,?,9,-9900,?,9,0.1,99.0,E,8
07/02/2022,23:00,0.0,1320.498,0.0,1,8,0.0,1,8,0.0,1,8,0.0,1,8,0.0,1,8,0.0,1,8,-0.0,1,8,-9900,?,9,-9900,?,9,20.41,E,8,18.12,E,8,91.0,E,8,1008.6016999999999,E,8,999.0,E,8,1.89,E,8,-9900,?,9,-9900,?,9,0.004,E,8,-9900,?,9,-9900,?,9,0.04,99.0,E,8
07/02/2022,24:00,0.0,1320.498,0.0,1,8,0.0,1,8,0.0,1,8,0.0,1,8,0.0,1,8,0.0,1,8,-0.0,1,8,-9900,?,9,-9900,?,9,19.87,E,8,16.35,E,8,78.0,E,8,1008.6016999999999,E,8,999.0,E,8,1.21,E,8,-9900,?,9,-9900,?,9,0.0,E,8,-9900,?,9,-9900,?,9,0.0,0.0,E,8
07/03/2022,01:00,0.0,1320.498,0.0,1,8,0.0,1,8,0.0,1,8,0.0,1,8,0.0,1,8,0.0,1,8,-0.0,1,8,-9900,?,9,-9900,?,9,19.6,E,8,16.22,E,8,79.0,E,8,1008.6016999999999,E,8,999.0,E,8,1.12,E,8,-9900,?,9,-9900,?,9,0.0,E,8,-9900,?,9,-9900,?,9,0.0,0.0,E,8
07/03/2022,02:00,0.0,1320.498,0.0,1,8,0.0,1,8,0.0,1,8,0.0,1,8,0.0,1,8,0.0,1,8,-0.0,1,8,-9900,?,9,-9900,?,9,19.34,E,8,16.09,E,8,80.0,E,8,1008.6016999999999,E,8,999.0,E,8,1.05,E,8,-9900,?,9,-9900,?,9,0.0,E,8,-9900,?,9,-9900,?,9,0.0,0.0,E,8
07/03/2022,03:00,0.0,1320.498,0.0,1,8,0.0,1,8,0.0,1,8,0.0,1,8,0.0,1,8,0.0,1,8,-0.0,1,8,-9900,?,9,-9900,?,9,19.07,E,8,15.96,E,8,84.0,E,8,1008.6016999999999,E,8,999.0,E,8,1.05,E,8,-9900,?,9,-9900,?,9,0.002,E,8,-9900,?,9,-9900,?,9,0.02,99.0,E,8
07/03/2022,04:00,0.0,1320.472,0.0,1,8,0.0,1,8,0.0,1,8,0.0,1,8,0.0,1,8,0.0,1,8,-0.0,1,8,-9900,?,9,-9900,?,9,18.8,E,8,15.82,E,8,81.0,E,8,1008.6016999999999,E,8,999.0,E,8,1.05,E,8,-9900,?,9,-9900,?,9,0.0,E,8,-9900,?,9,-9900,?,9,0.0,0.0,E,8
07/03/2022,05:00,0.0,1320.472,0.0,1,8,0.0,1,8,0.0,1,8,0.0,1,8,0.0,1,8,0.0,1,8,-0.0,1,8,-9900,?,9,-9900,?,9,18.53,E,8,15.69,E,8,81.0,E,8,1008.6016999999999,E,8,999.0,E,8,1.05,E,8,-9900,?,9,-9900,?,9,0.0,E,8,-9900,?,9,-9900,?,9,0.0,0.0,E,8
07/03/2022,06:00,0.0,1320.472,0.0,1,8,0.0,1,8,0.0,1,8,0.0,1,8,0.0,1,8,0.0,1,8,-0.0,1,8,-9900,?,9,-9900,?,9,18.33,E,8,15.59,E,8,82.0,E,8,1008.6016999999999,E,8,999.0,E,8,1.05,E,8,-9900,?,9,-9900,?,9,0.0,E,8,-9900,?,9,-9900,?,9,0.0,0.0,E,8
07/03/2022,07:00,16.488,1320.472,0.0,1,8,0.0,1,8,0.0,1,8,0.0,1,8,0.0,1,8,0.0,1,8,0.0,1,8,-9900,?,9,-9900,?,9,18.15,E,8,15.5,E,8,82.0,E,8,1008.6016999999999,E,8,999.0,E,8,1.12,E,8,-9900,?,9,-9900,?,9,0.0,E,8,-9900,?,9,-9900,?,9,0.0,0.0,E,8
07/03/2022,08:00,290.595,1320.472,35.71,1,8,0.0,1,8,35.71,1,8,4285.2,1,8,0.0,1,8,3928.1,1,8,51.941,1,8,-9900,?,9,-9900,?,9,17.97,E,8,15.41,E,8,83.0,E,8,1008.6016999999999,E,8,999.0,E,8,1.8,E,8,-9900,?,9,-9900,?,9,0.0,E,8,-9900,?,9,-9900,?,9,0.0,0.0,E,8
07/03/2022,09:00,540.138,1320.472,182.66,1,8,38.721,1,8,166.844,1,8,21919.2,1,8,3678.465,1,8,18352.874,1,8,130.022,1,8,-9900,?,9,-9900,?,9,19.75,E,8,16.29,E,8,79.0,E,8,1008.6016999999999,E,8,999.0,E,8,2.73,E,8,-9900,?,9,-9900,?,9,0.0,E,8,-9900,?,9,-9900,?,9,0.0,0.0,E,8
07/03/2022,10:00,740.814,1320.472,322.53,1,8,121.405,1,8,254.463,1,8,38703.6,1,8,11533.451,1,8,27990.894,1,8,144.468,1,8,-9900,?,9,-9900,?,9,20.9,E,8,16.84,E,8,76.0,E,8,1008.6016999999999,E,8,999.0,E,8,3.29,E,8,-9900,?,9,-9900,?,9,0.0,E,8,-9900,?,9,-9900,?,9,0.0,0.0,E,8
07/03/2022,11:00,878.563,1320.472,429.84,1,8,158.89,1,8,324.163,1,8,51580.8,1,8,15094.508,1,8,35657.973,1,8,155.142,1,8,-9900,?,9,-9900,?,9,21.92,E,8,17.31,E,8,74.0,E,8,1008.6016999999999,E,8,999.0,E,8,4.11,E,8,-9900,?,9,-9900,?,9,0.0,E,8,-9900,?,9,-9900,?,9,0.0,0.0,E,8
07/03/2022,12:00,943.913,1320.472,494.68,1,8,156.14,1,8,383.098,1,8,59361.6,1,8,14833.327,1,8,42140.731,1,8,170.639,1,8,-9900,?,9,-9900,?,9,22.74,E,8,17.68,E,8,72.0,E,8,1008.6016999999999,E,8,999.0,E,8,4.61,E,8,-9900,?,9,-9900,?,9,0.0,E,8,-9900,?,9,-9900,?,9,0.0,0.0,E,8
07/03/2022,13:00,932.385,1320.472,511.9,1,8,308.997,1,8,293.782,1,8,61428.0,1,8,29354.716,1,8,32315.98,1,8,132.476,1,8,-9900,?,9,-9900,?,9,23.33,E,8,17.94,E,8,71.0,E,8,1008.6016999999999,E,8,999.0,E,8,5.18,E,8,-9900,?,9,-9900,?,9,0.0,E,8,-9900,?,9,-9900,?,9,0.0,0.0,E,8
07/03/2022,14:00,844.766,1320.472,480.19,1,8,375.096,1,8,240.326,1,8,57622.8,1,8,35634.075,1,8,26435.847,1,8,119.626,1,8,-9900,?,9,-9900,?,9,23.68,E,8,18.1,E,8,70.0,E,8,1008.6016999999999,E,8,999.0,E,8,5.84,E,8,-9900,?,9,-9900,?,9,0.0,E,8,-9900,?,9,-9900,?,9,0.0,0.0,E,8
07/03/2022,15:00,687.06,1320.472,401.98,1,8,473.574,1,8,155.767,1,8,48237.6,1,8,44989.519,1,8,17134.394,1,8,95.368,1,8,-9900,?,9,-9900,?,9,23.78,E,8,18.14,E,8,70.0,E,8,1008.6016999999999,E,8,999.0,E,8,5.59,E,8,-9900,?,9,-9900,?,9,0.0,E,8,-9900,?,9,-9900,?,9,0.0,0.0,E,8
07/03/2022,16:00,470.136,1320.472,283.64,1,8,433.769,1,8,129.511,1,8,34036.8,1,8,41208.056,1,8,14246.215,1,8,116.02,1,8,-9900,?,9,-9900,?,9,23.56,E,8,18.04,E,8,71.0,E,8,1008.6016999999999,E,8,999.0,E,8,5.22,E,8,-9900,?,9,-9900,?,9,0.0,E,8,-9900,?,9,-9900,?,9,0.0,0.0,E,8
07/03/2022,17:00,209.492,1320.472,137.32,1,8,307.683,1,8,89.028,1,8,16478.4,1,8,29229.879,1,8,9793.123,1,8,180.555,1,8,-9900,?,9,-9900,?,9,22.97,E,8,17.78,E,8,72.0,E,8,1008.6016999999999,E,8,999.0,E,8,4.65,E,8,-9900,?,9,-9900,?,9,0.0,E,8,-9900,?,9,-9900,?,9,0.0,0.0,E,8
07/03/2022,18:00,0.0,1320.472,6.86,1,8,0.0,1,8,0.0,1,8,823.2,1,8,0.0,1,8,0.0,1,8,-0.0,1,8,-9900,?,9,-9900,?,9,22.55,E,8,17.6,E,8,77.0,E,8,1008.6016999999999,E,8,999.0,E,8,3.92,E,8,-9900,?,9,-9900,?,9,0.001,E,8,-9900,?,9,-9900,?,9,0.01,99.0,E,8
07/03/2022,19:00,0.0,1320.472,0.0,1,8,0.0,1,8,0.0,1,8,0.0,1,8,0.0,1,8,0.0,1,8,-0.0,1,8,-9900,?,9,-9900,?,9,22.13,E,8,17.41,E,8,74.0,E,8,1008.6016999999999,E,8,999.0,E,8,2.96,E,8,-9900,?,9,-9900,?,9,0.0,E,8,-9900,?,9,-9900,?,9,0.0,0.0,E,8
07/03/2022,20:00,0.0,1320.472,0.0,1,8,0.0,1,8,0.0,1,8,0.0,1,8,0.0,1,8,0.0,1,8,-0.0,1,8,-9900,?,9,-9900,?,9,21.71,E,8,17.21,E,8,74.0,E,8,1008.6016999999999,E,8,999.0,E,8,2.22,E,8,-9900,?,9,-9900,?,9,0.0,E,8,-9900,?,9,-9900,?,9,0.0,0.0,E,8
07/03/2022,21:00,0.0,1320.472,0.0,1,8,0.0,1,8,0.0,1,8,0.0,1,8,0.0,1,8,0.0,1,8,-0.0,1,8,-9900,?,9,-9900,?,9,21.29,E,8,17.02,E,8,80.0,E,8,1008.6016999999999,E,8,999.0,E,8,1.79,E,8,-9900,?,9,-9900,?,9,0.004,E,8,-9900,?,9,-9900,?,9,0.04,99.0,E,8
07/03/2022,22:00,0.0,1320.472,0.0,1,8,0.0,1,8,0.0,1,8,0.0,1,8,0.0,1,8,0.0,1,8,-0.0,1,8,-9900,?,9,-9900,?,9,20.86,E,8,16.82,E,8,81.0,E,8,1008.6016999999999,E,8,999.0,E,8,1.38,E,8,-9900,?,9,-9900,?,9,0.093,E,8,-9900,?,9,-9900,?,9,0.93,99.0,E,8
07/03/2022,23:00,0.0,1320.472,0.0,1,8,0.0,1,8,0.0,1,8,0.0,1,8,0.0,1,8,0.0,1,8,-0.0,1,8,-9900,?,9,-9900,?,9,20.44,E,8,16.62,E,8,77.0,E,8,1008.6016999999999,E,8,999.0,E,8,1.05,E,8,-9900,?,9,-9900,?,9,0.0,E,8,-9900,?,9,-9900,?,9,0.0,0.0,E,8
07/03/2022,24:00,0.0,1320.472,0.0,1,8,0.0,1,8,0.0,1,8,0.0,1,8,0.0,1,8,0.0,1,8,-0.0,1,8,-9900,?,9,-9900,?,9,20.02,E,8,17.87,E,8,85.0,E,8,1008.6016999999999,E,8,999.0,E,8,1.57,E,8,-9900,?,9,-9900,?,9,0.006,E,8,-9900,?,9,-9900,?,9,0.06,99.0,E,8
07/04/2022,01:00,0.0,1320.472,0.0,1,8,0.0,1,8,0.0,1,8,0.0,1,8,0.0,1,8,0.0,1,8,-0.0,1,8,-9900,?,9,-9900,?,9,19.81,E,8,17.82,E,8,85.0,E,8,1008.6016999999999,E,8,999.0,E,8,1.57,E,8,-9900,?,9,-9900,?,9,0.004,E,8,-9900,?,9,-9900,?,9,0.04,99.0,E,8
07/04/2022,02:00,0.0,1320.472,0.0,1,8,0.0,1,8,0.0,1,8,0.0,1,8,0.0,1,8,0.0,1,8,-0.0,1,8,-9900,?,9,-9900,?,9,19.6,E,8,17.77,E,8,86.0,E,8,1008.6016999999999,E,8,999.0,E,8,1.57,E,8,-9900,?,9,-9900,?,9,0.018,E,8,-9900,?,9,-9900,?,9,0.18,99.0,E,8
07/04/2022,03:00,0.0,1320.472,0.0,1,8,0.0,1,8,0.0,1,8,0.0,1,8,0.0,1,8,0.0,1,8,-0.0,1,8,-9900,?,9,-9900,?,9,19.39,E,8,17.72,E,8,93.0,E,8,1008.6016999999999,E,8,999.0,E,8,1.57,E,8,-9900,?,9,-9900,?,9,0.623,E,8,-9900,?,9,-9900,?,9,6.23,99.0,E,8
07/04/2022,04:00,0.0,1320.458,0.0,1,8,0.0,1,8,0.0,1,8,0.0,1,8,0.0,1,8,0.0,1,8,-0.0,1,8,-9900,?,9,-9900,?,9,19.18,E,8,17.66,E,8,87.0,E,8,1008.6016999999999,E,8,999.0,E,8,1.57,E,8,-9900,?,9,-9900,?,9,0.034999999999999996,E,8,-9900,?,9,-9900,?,9,0.35,99.0,E,8
07/04/2022,05:00,0.0,1320.458,0.0,1,8,0.0,1,8,0.0,1,8,0.0,1,8,0.0,1,8,0.0,1,8,-0.0,1,8,-9900,?,9,-9900,?,9,18.97,E,8,17.61,E,8,88.0,E,8,1008.6016999999999,E,8,999.0,E,8,1.57,E,8,-9900,?,9,-9900,?,9,0.01,E,8,-9900,?,9,-9900,?,9,0.1,99.0,E,8
07/04/2022,06:00,0.0,1320.458,0.0,1,8,0.0,1,8,0.0,1,8,0.0,1,8,0.0,1,8,0.0,1,8,-0.0,1,8,-9900,?,9,-9900,?,9,18.81,E,8,17.57,E,8,88.0,E,8,1008.6016999999999,E,8,999.0,E,8,1.57,E,8,-9900,?,9,-9900,?,9,0.002,E,8,-9900,?,9,-9900,?,9,0.02,99.0,E,8
07/04/2022,07:00,16.369,1320.458,0.0,1,8,0.0,1,8,0.0,1,8,0.0,1,8,0.0,1,8,0.0,1,8,0.0,1,8,-9900,?,9,-9900,?,9,18.67,E,8,17.53,E,8,85.0,E,8,1008.6016999999999,E,8,999.0,E,8,1.57,E,8,-9900,?,9,-9900,?,9,0.0,E,8,-9900,?,9,-9900,?,9,0.0,0.0,E,8
07/04/2022,08:00,290.702,1320.458,37.67,1,8,0.0,1,8,37.67,1,8,4520.4,1,8,0.0,1,8,4143.7,1,8,54.771,1,8,-9900,?,9,-9900,?,9,18.53,E,8,17.5,E,8,86.0,E,8,1008.6016999999999,E,8,999.0,E,8,1.57,E,8,-9900,?,9,-9900,?,9,0.0,E,8,-9900,?,9,-9900,?,9,0.0,0.0,E,8
07/04/2022,09:00,540.527,1320.458,192.39,1,8,79.154,1,8,160.035,1,8,23086.8,1,8,7519.67,1,8,17603.871,1,8,124.624,1,8,-9900,?,9,-9900,?,9,20.45,E,8,17.98,E,8,80.0,E,8,1008.6016999999999,E,8,999.0,E,8,1.57,E,8,-9900,?,9,-9900,?,9,0.0,E,8,-9900,?,9,-9900,?,9,0.0,0.0,E,8
07/04/2022,10:00,741.503,1320.458,87.48,1,8,0.0,1,8,87.48,1,8,10497.6,1,8,0.0,1,8,9622.8,1,8,49.619,1,8,-9900,?,9,-9900,?,9,20.3,E,8,17.94,E,8,81.0,E,8,1008.6016999999999,E,8,999.0,E,8,1.57,E,8,-9900,?,9,-9900,?,9,0.0,E,8,-9900,?,9,-9900,?,9,0.0,0.0,E,8
07/04/2022,11:00,879.55,1320.458,297.5,1,8,64.919,1,8,254.273,1,8,35700.0,1,8,6167.352,1,8,27970.071,1,8,121.556,1,8,-9900,?,9,-9900,?,9,21.1,E,8,18.14,E,8,82.0,E,8,1008.6016999999999,E,8,999.0,E,8,2.72,E,8,-9900,?,9,-9900,?,9,0.001,E,8,-9900,?,9,-9900,?,9,0.01,99.0,E,8
07/04/2022,12:00,945.174,1320.458,411.45,1,8,112.793,1,8,330.736,1,8,49374.0,1,8,10715.372,1,8,36380.946,1,8,147.118,1,8,-9900,?,9,-9900,?,9,21.96,E,8,18.35,E,8,76.0,E,8,1008.6016999999999,E,8,999.0,E,8,3.75,E,8,-9900,?,9,-9900,?,9,0.0,E,8,-9900,?,9,-9900,?,9,0.0,0.0,E,8
07/04/2022,13:00,933.878,1320.458,531.95,1,8,309.981,1,8,312.784,1,8,63834.0,1,8,29448.162,1,8,34406.266,1,8,140.818,1,8,-9900,?,9,-9900,?,9,22.86,E,8,18.57,E,8,74.0,E,8,1008.6016999999999,E,8,999.0,E,8,3.91,E,8,-9900,?,9,-9900,?,9,0.0,E,8,-9900,?,9,-9900,?,9,0.0,0.0,E,8
07/04/2022,14:00,846.433,1320.458,615.2,1,8,751.214,1,8,133.864,1,8,73824.0,1,8,71365.29,1,8,14725.018,1,8,66.501,1,8,-9900,?,9,-9900,?,9,23.71,E,8,18.77,E,8,72.0,E,8,1008.6016999999999,E,8,999.0,E,8,4.33,E,8,-9900,?,9,-9900,?,9,0.0,E,8,-9900,?,9,-9900,?,9,0.0,0.0,E,8
07/04/2022,15:00,688.829,1320.458,588.14,1,8,758.251,1,8,192.901,1,8,70576.8,1,8,72033.854,1,8,21219.076,1,8,117.798,1,8,-9900,?,9,-9900,?,9,24.29,E,8,18.9,E,8,71.0,E,8,1008.6016999999999,E,8,999.0,E,8,4.62,E,8,-9900,?,9,-9900,?,9,0.0,E,8,-9900,?,9,-9900,?,9,0.0,0.0,E,8
07/04/2022,16:00,471.931,1320.458,495.99,1,8,642.67,1,8,266.755,1,8,59518.8,1,8,61053.639,1,8,29343.087,1,8,238.051,1,8,-9900,?,9,-9900,?,9,24.57,E,8,18.97,E,8,71.0,E,8,1008.6016999999999,E,8,999.0,E,8,4.54,E,8,-9900,?,9,-9900,?,9,0.0,E,8,-9900,?,9,-9900,?,9,0.0,0.0,E,8
07/04/2022,17:00,211.222,1320.458,234.48,1,8,368.307,1,8,176.185,1,8,28137.6,1,8,34989.125,1,8,19380.402,1,8,354.325,1,8,-9900,?,9,-9900,?,9,24.21,E,8,18.89,E,8,71.0,E,8,1008.6016999999999,E,8,999.0,E,8,3.86,E,8,-9900,?,9,-9900,?,9,0.0,E,8,-9900,?,9,-9900,?,9,0.0,0.0,E,8
07/04/2022,18:00,0.0,1320.458,25.99,1,8,0.0,1,8,0.0,1,8,3118.8,1,8,0.0,1,8,0.0,1,8,-0.0,1,8,-9900,?,9,-9900,?,9,23.76,E,8,18.78,E,8,72.0,E,8,1008.6016999999999,E,8,999.0,E,8,3.4,E,8,-9900,?,9,-9900,?,9,0.0,E,8,-9900,?,9,-9900,?,9,0.0,0.0,E,8
07/04/2022,19:00,0.0,1320.458,0.0,1,8,0.0,1,8,0.0,1,8,0.0,1,8,0.0,1,8,0.0,1,8,-0.0,1,8,-9900,?,9,-9900,?,9,23.31,E,8,18.67,E,8,73.0,E,8,1008.6016999999999,E,8,999.0,E,8,1.92,E,8,-9900,?,9,-9900,?,9,0.0,E,8,-9900,?,9,-9900,?,9,0.0,0.0,E,8
07/04/2022,20:00,0.0,1320.458,0.0,1,8,0.0,1,8,0.0,1,8,0.0,1,8,0.0,1,8,0.0,1,8,-0.0,1,8,-9900,?,9,-9900,?,9,22.86,E,8,18.57,E,8,74.0,E,8,1008.6016999999999,E,8,999.0,E,8,1.57,E,8,-9900,?,9,-9900,?,9,0.0,E,8,-9900,?,9,-9900,?,9,0.0,0.0,E,8
07/04/2022,21:00,0.0,1320.458,0.0,1,8,0.0,1,8,0.0,1,8,0.0,1,8,0.0,1,8,0.0,1,8,-0.0,1,8,-9900,?,9,-9900,?,9,22.41,E,8,18.46,E,8,75.0,E,8,1008.6016999999999,E,8,999.0,E,8,1.57,E,8,-9900,?,9,-9900,?,9,0.0,E,8,-9900,?,9,-9900,?,9,0.0,0.0,E,8
07/04/2022,22:00,0.0,1320.458,0.0,1,8,0.0,1,8,0.0,1,8,0.0,1,8,0.0,1,8,0.0,1,8,-0.0,1,8,-9900,?,9,-9900,?,9,21.95,E,8,18.35,E,8,77.0,E,8,1008.6016999999999,E,8,999.0,E,8,1.57,E,8,-9900,?,9,-9900,?,9,0.0,E,8,-9900,?,9,-9900,?,9,0.0,0.0,E,8
07/04/2022,23:00,0.0,1320.458,0.0,1,8,0.0,1,8,0.0,1,8,0.0,1,8,0.0,1,8,0.0,1,8,-0.0,1,8,-9900,?,9,-9900,?,9,21.5,E,8,18.24,E,8,78.0,E,8,1008.6016999999999,E,8,999.0,E,8,1.57,E,8,-9900,?,9,-9900,?,9,0.0,E,8,-9900,?,9,-9900,?,9,0.0,0.0,E,8
07/04/2022,24:00,0.0,1320.458,0.0,1,8,0.0,1,8,0.0,1,8,0.0,1,8,0.0,1,8,0.0,1,8,-0.0,1,8,-9900,?,9,-9900,?,9,21.05,E,8,19.53,E,8,87.0,E,8,1008.6016999999999,E,8,999.0,E,8,1.28,E,8,-9900,?,9,-9900,?,9,0.0,E,8,-9900,?,9,-9900,?,9,0.0,0.0,E,8
07/05/2022,01:00,0.0,1320.458,0.0,1,8,0.0,1,8,0.0,1,8,0.0,1,8,0.0,1,8,0.0,1,8,-0.0,1,8,-9900,?,9,-9900,?,9,20.83,E,8,19.44,E,8,87.0,E,8,1008.6016999999999,E,8,999.0,E,8,1.28,E,8,-9900,?,9,-9900,?,9,0.0,E,8,-9900,?,9,-9900,?,9,0.0,0.0,E,8
07/05/2022,02:00,0.0,1320.458,0.0,1,8,0.0,1,8,0.0,1,8,0.0,1,8,0.0,1,8,0.0,1,8,-0.0,1,8,-9900,?,9,-9900,?,9,20.6,E,8,19.36,E,8,88.0,E,8,1008.6016999999999,E,8,999.0,E,8,1.28,E,8,-9900,?,9,-9900,?,9,0.0,E,8,-9900,?,9,-9900,?,9,0.0,0.0,E,8
07/05/2022,03:00,0.0,1320.458,0.0,1,8,0.0,1,8,0.0,1,8,0.0,1,8,0.0,1,8,0.0,1,8,-0.0,1,8,-9900,?,9,-9900,?,9,20.38,E,8,19.27,E,8,88.0,E,8,1008.6016999999999,E,8,999.0,E,8,1.28,E,8,-9900,?,9,-9900,?,9,0.0,E,8,-9900,?,9,-9900,?,9,0.0,0.0,E,8
07/05/2022,04:00,0.0,1320.457,0.0,1,8,0.0,1,8,0.0,1,8,0.0,1,8,0.0,1,8,0.0,1,8,-0.0,1,8,-9900,?,9,-9900,?,9,20.15,E,8,19.18,E,8,89.0,E,8,1008.6016999999999,E,8,999.0,E,8,1.28,E,8,-9900,?,9,-9900,?,9,0.0,E,8,-9900,?,9,-9900,?,9,0.0,0.0,E,8
07/05/2022,05:00,0.0,1320.457,0.0,1,8,0.0,1,8,0.0,1,8,0.0,1,8,0.0,1,8,0.0,1,8,-0.0,1,8,-9900,?,9,-9900,?,9,19.92,E,8,19.09,E,8,89.0,E,8,1008.6016999999999,E,8,999.0,E,8,1.28,E,8,-9900,?,9,-9900,?,9,0.0,E,8,-9900,?,9,-9900,?,9,0.0,0.0,E,8
07/05/2022,06:00,0.0,1320.457,0.0,1,8,0.0,1,8,0.0,1,8,0.0,1,8,0.0,1,8,0.0,1,8,-0.0,1,8,-9900,?,9,-9900,?,9,19.75,E,8,19.03,E,8,89.0,E,8,1008.6016999999999,E,8,999.0,E,8,1.28,E,8,-9900,?,9,-9900,?,9,0.0,E,8,-9900,?,9,-9900,?,9,0.0,0.0,E,8
07/05/2022,07:00,16.324,1320.457,0.0,1,8,0.0,1,8,0.0,1,8,0.0,1,8,0.0,1,8,0.0,1,8,0.0,1,8,-9900,?,9,-9900,?,9,19.6,E,8,18.97,E,8,93.0,E,8,1008.6016999999999,E,8,999.0,E,8,1.28,E,8,-9900,?,9,-9900,?,9,0.004,E,8,-9900,?,9,-9900,?,9,0.04,99.0,E,8
07/05/2022,08:00,290.909,1320.457,27.42,1,8,0.0,1,8,27.42,1,8,3290.4,1,8,0.0,1,8,3016.2,1,8,39.839,1,8,-9900,?,9,-9900,?,9,19.45,E,8,18.91,E,8,96.0,E,8,1008.6016999999999,E,8,999.0,E,8,1.28,E,8,-9900,?,9,-9900,?,9,0.121,E,8,-9900,?,9,-9900,?,9,1.21,99.0,E,8
07/05/2022,09:00,541.026,1320.457,139.76,1,8,8.509,1,8,136.279,1,8,16771.2,1,8,808.329,1,8,14990.666,1,8,106.026,1,8,-9900,?,9,-9900,?,9,20.84,E,8,19.45,E,8,90.0,E,8,1008.6016999999999,E,8,999.0,E,8,1.78,E,8,-9900,?,9,-9900,?,9,0.068,E,8,-9900,?,9,-9900,?,9,0.68,99.0,E,8
07/05/2022,10:00,742.309,1320.457,246.59,1,8,46.06,1,8,220.713,1,8,29590.8,1,8,4375.72,1,8,24278.449,1,8,125.053,1,8,-9900,?,9,-9900,?,9,21.74,E,8,19.78,E,8,88.0,E,8,1008.6016999999999,E,8,999.0,E,8,2.6,E,8,-9900,?,9,-9900,?,9,0.017,E,8,-9900,?,9,-9900,?,9,0.17,99.0,E,8
07/05/2022,11:00,880.655,1320.457,328.61,1,8,35.522,1,8,304.928,1,8,39433.2,1,8,3374.593,1,8,33542.069,1,8,145.588,1,8,-9900,?,9,-9900,?,9,22.53,E,8,20.08,E,8,87.0,E,8,1008.6016999999999,E,8,999.0,E,8,3.74,E,8,-9900,?,9,-9900,?,9,0.012,E,8,-9900,?,9,-9900,?,9,0.12,99.0,E,8
07/05/2022,12:00,946.55,1320.457,378.26,1,8,53.033,1,8,340.255,1,8,45391.2,1,8,5038.123,1,8,37428.021,1,8,151.132,1,8,-9900,?,9,-9900,?,9,23.17,E,8,20.31,E,8,85.0,E,8,1008.6016999999999,E,8,999.0,E,8,4.36,E,8,-9900,?,9,-9900,?,9,0.006,E,8,-9900,?,9,-9900,?,9,0.06,99.0,E,8
07/05/2022,13:00,935.478,1320.457,391.62,1,8,64.797,1,8,345.728,1,8,46994.4,1,8,6155.708,1,8,38030.079,1,8,155.382,1,8,-9900,?,9,-9900,?,9,23.63,E,8,20.47,E,8,82.0,E,8,1008.6016999999999,E,8,999.0,E,8,4.53,E,8,-9900,?,9,-9900,?,9,0.0,E,8,-9900,?,9,-9900,?,9,0.0,0.0,E,8
07/05/2022,14:00,848.194,1320.457,367.67,1,8,80.814,1,8,315.781,1,8,44120.4,1,8,7677.365,1,8,34735.87,1,8,156.547,1,8,-9900,?,9,-9900,?,9,23.91,E,8,20.57,E,8,84.0,E,8,1008.6016999999999,E,8,999.0,E,8,4.55,E,8,-9900,?,9,-9900,?,9,0.002,E,8,-9900,?,9,-9900,?,9,0.02,99.0,E,8
07/05/2022,15:00,690.68,1320.457,308.23,1,8,129.376,1,8,240.611,1,8,36987.6,1,8,12290.685,1,8,26467.233,1,8,146.538,1,8,-9900,?,9,-9900,?,9,23.99,E,8,20.6,E,8,81.0,E,8,1008.6016999999999,E,8,999.0,E,8,4.48,E,8,-9900,?,9,-9900,?,9,0.0,E,8,-9900,?,9,-9900,?,9,0.0,0.0,E,8
07/05/2022,16:00,473.789,1320.457,204.69,1,8,175.166,1,8,141.963,1,8,24562.8,1,8,16640.812,1,8,15615.88,1,8,126.188,1,8,-9900,?,9,-9900,?,9,23.77,E,8,20.52,E,8,81.0,E,8,1008.6016999999999,E,8,999.0,E,8,4.28,E,8,-9900,?,9,-9900,?,9,0.0,E,8,-9900,?,9,-9900,?,9,0.0,0.0,E,8
07/05/2022,17:00,212.997,1320.457,54.22,1,8,9.284,1,8,52.738,1,8,6506.4,1,8,881.986,1,8,5801.173,1,8,105.159,1,8,-9900,?,9,-9900,?,9,23.18,E,8,20.31,E,8,85.0,E,8,1008.6016999999999,E,8,999.0,E,8,3.91,E,8,-9900,?,9,-9900,?,9,0.001,E,8,-9900,?,9,-9900,?,9,0.01,99.0,E,8
07/05/2022,18:00,0.0,1320.457,5.88,1,8,0.0,1,8,0.0,1,8,705.6,1,8,0.0,1,8,0.0,1,8,-0.0,1,8,-9900,?,9,-9900,?,9,22.78,E,8,20.17,E,8,86.0,E,8,1008.6016999999999,E,8,999.0,E,8,3.21,E,8,-9900,?,9,-9900,?,9,0.009,E,8,-9900,?,9,-9900,?,9,0.09,99.0,E,8
07/05/2022,19:00,0.0,1320.457,0.0,1,8,0.0,1,8,0.0,1,8,0.0,1,8,0.0,1,8,0.0,1,8,-0.0,1,8,-9900,?,9,-9900,?,9,22.38,E,8,20.02,E,8,87.0,E,8,1008.6016999999999,E,8,999.0,E,8,2.0,E,8,-9900,?,9,-9900,?,9,0.001,E,8,-9900,?,9,-9900,?,9,0.01,99.0,E,8
07/05/2022,20:00,0.0,1320.457,0.0,1,8,0.0,1,8,0.0,1,8,0.0,1,8,0.0,1,8,0.0,1,8,-0.0,1,8,-9900,?,9,-9900,?,9,21.98,E,8,19.87,E,8,88.0,E,8,1008.6016999999999,E,8,999.0,E,8,1.78,E,8,-9900,?,9,-9900,?,9,0.023,E,8,-9900,?,9,-9900,?,9,0.23,99.0,E,8
07/05/2022,21:00,0.0,1320.457,0.0,1,8,0.0,1,8,0.0,1,8,0.0,1,8,0.0,1,8,0.0,1,8,-0.0,1,8,-9900,?,9,-9900,?,9,21.57,E,8,19.72,E,8,89.0,E,8,1008.6016999999999,E,8,999.0,E,8,1.28,E,8,-9900,?,9,-9900,?,9,0.045,E,8,-9900,?,9,-9900,?,9,0.45,99.0,E,8
07/05/2022,22:00,0.0,1320.457,0.0,1,8,0.0,1,8,0.0,1,8,0.0,1,8,0.0,1,8,0.0,1,8,-0.0,1,8,-9900,?,9,-9900,?,9,21.17,E,8,19.57,E,8,89.0,E,8,1008.6016999999999,E,8,999.0,E,8,1.28,E,8,-9900,?,9,-9900,?,9,0.032,E,8,-9900,?,9,-9900,?,9,0.32,99.0,E,8
07/05/2022,23:00,0.0,1320.457,0.0,1,8,0.0,1,8,0.0,1,8,0.0,1,8,0.0,1,8,0.0,1,8,-0.0,1,8,-9900,?,9,-9900,?,9,20.77,E,8,19.42,E,8,96.0,E,8,1008.6016999999999,E,8,999.0,E,8,1.28,E,8,-9900,?,9,-9900,?,9,1.659,E,8,-9900,?,9,-9900,?,9,16.59,99.0,E,8
07/05/2022,24:00,0.0,1320.457,0.0,1,8,0.0,1,8,0.0,1,8,0.0,1,8,0.0,1,8,0.0,1,8,-0.0,1,8,-9900,?,9,-9900,?,9,20.37,E,8,18.77,E,8,86.0,E,8,1008.6016999999999,E,8,999.0,E,8,2.0,E,8,-9900,?,9,-9900,?,9,0.0,E,8,-9900,?,9,-9900,?,9,0.0,0.0,E,8
07/06/2022,01:00,0.0,1320.457,0.0,1,8,0.0,1,8,0.0,1,8,0.0,1,8,0.0,1,8,0.0,1,8,-0.0,1,8,-9900,?,9,-9900,?,9,20.17,E,8,18.72,E,8,96.0,E,8,1008.6016999999999,E,8,999.0,E,8,2.0,E,8,-9900,?,9,-9900,?,9,1.576,E,8,-9900,?,9,-9900,?,9,15.76,99.0,E,8
07/06/2022,02:00,0.0,1320.457,0.0,1,8,0.0,1,8,0.0,1,8,0.0,1,8,0.0,1,8,0.0,1,8,-0.0,1,8,-9900,?,9,-9900,?,9,19.97,E,8,18.67,E,8,94.0,E,8,1008.6016999999999,E,8,999.0,E,8,2.0,E,8,-9900,?,9,-9900,?,9,0.11499999999999999,E,8,-9900,?,9,-9900,?,9,1.15,99.0,E,8
07/06/2022,03:00,0.0,1320.457,0.0,1,8,0.0,1,8,0.0,1,8,0.0,1,8,0.0,1,8,0.0,1,8,-0.0,1,8,-9900,?,9,-9900,?,9,19.77,E,8,18.63,E,8,91.0,E,8,1008.6016999999999,E,8,999.0,E,8,2.0,E,8,-9900,?,9,-9900,?,9,0.008,E,8,-9900,?,9,-9900,?,9,0.08,99.0,E,8
07/06/2022,04:00,0.0,1320.468,0.0,1,8,0.0,1,8,0.0,1,8,0.0,1,8,0.0,1,8,0.0,1,8,-0.0,1,8,-9900,?,9,-9900,?,9,19.57,E,8,18.58,E,8,91.0,E,8,1008.6016999999999,E,8,999.0,E,8,2.0,E,8,-9900,?,9,-9900,?,9,0.011,E,8,-9900,?,9,-9900,?,9,0.11,99.0,E,8
07/06/2022,05:00,0.0,1320.468,0.0,1,8,0.0,1,8,0.0,1,8,0.0,1,8,0.0,1,8,0.0,1,8,-0.0,1,8,-9900,?,9,-9900,?,9,19.37,E,8,18.53,E,8,92.0,E,8,1008.6016999999999,E,8,999.0,E,8,2.0,E,8,-9900,?,9,-9900,?,9,0.006,E,8,-9900,?,9,-9900,?,9,0.06,99.0,E,8
07/06/2022,06:00,0.0,1320.468,0.0,1,8,0.0,1,8,0.0,1,8,0.0,1,8,0.0,1,8,0.0,1,8,-0.0,1,8,-9900,?,9,-9900,?,9,19.21,E,8,18.49,E,8,92.0,E,8,1008.6016999999999,E,8,999.0,E,8,2.0,E,8,-9900,?,9,-9900,?,9,0.001,E,8,-9900,?,9,-9900,?,9,0.01,99.0,E,8
07/06/2022,07:00,16.356,1320.468,0.0,1,8,0.0,1,8,0.0,1,8,0.0,1,8,0.0,1,8,0.0,1,8,0.0,1,8,-9900,?,9,-9900,?,9,19.08,E,8,18.46,E,8,93.0,E,8,1008.6016999999999,E,8,999.0,E,8,2.0,E,8,-9900,?,9,-9900,?,9,0.043,E,8,-9900,?,9,-9900,?,9,0.43,99.0,E,8
07/06/2022,08:00,291.216,1320.468,23.18,1,8,0.0,1,8,23.18,1,8,2781.6,1,8,0.0,1,8,2549.8,1,8,33.643,1,8,-9900,?,9,-9900,?,9,18.95,E,8,18.43,E,8,93.0,E,8,1008.6016999999999,E,8,999.0,E,8,2.0,E,8,-9900,?,9,-9900,?,9,0.03,E,8,-9900,?,9,-9900,?,9,0.3,99.0,E,8
07/06/2022,09:00,541.636,1320.468,117.78,1,8,0.0,1,8,117.78,1,8,14133.6,1,8,0.0,1,8,12955.8,1,8,91.531,1,8,-9900,?,9,-9900,?,9,20.44,E,8,18.79,E,8,89.0,E,8,1008.6016999999999,E,8,999.0,E,8,2.0,E,8,-9900,?,9,-9900,?,9,0.002,E,8,-9900,?,9,-9900,?,9,0.02,99.0,E,8
07/06/2022,10:00,743.231,1320.468,207.7,1,8,18.857,1,8,197.093,1,8,24924.0,1,8,1791.37,1,8,21680.255,1,8,111.532,1,8,-9900,?,9,-9900,?,9,21.4,E,8,19.01,E,8,83.0,E,8,1008.6016999999999,E,8,999.0,E,8,2.0,E,8,-9900,?,9,-9900,?,9,0.0,E,8,-9900,?,9,-9900,?,9,0.0,0.0,E,8
07/06/2022,11:00,881.877,1320.468,276.75,1,8,16.858,1,8,265.495,1,8,33210.0,1,8,1601.555,1,8,29204.466,1,8,126.586,1,8,-9900,?,9,-9900,?,9,22.25,E,8,19.21,E,8,81.0,E,8,1008.6016999999999,E,8,999.0,E,8,2.0,E,8,-9900,?,9,-9900,?,9,0.0,E,8,-9900,?,9,-9900,?,9,0.0,0.0,E,8
07/06/2022,12:00,948.039,1320.468,318.58,1,8,21.764,1,8,302.959,1,8,38229.6,1,8,2067.579,1,8,33325.459,1,8,134.355,1,8,-9900,?,9,-9900,?,9,22.94,E,8,19.37,E,8,79.0,E,8,1008.6016999999999,E,8,999.0,E,8,2.0,E,8,-9900,?,9,-9900,?,9,0.0,E,8,-9900,?,9,-9900,?,9,0.0,0.0,E,8
07/06/2022,13:00,937.183,1320.468,329.9,1,8,26.587,1,8,311.036,1,8,39588.0,1,8,2525.721,1,8,34213.966,1,8,139.537,1,8,-9900,?,9,-9900,?,9,23.43,E,8,19.48,E,8,78.0,E,8,1008.6016999999999,E,8,999.0,E,8,3.42,E,8,-9900,?,9,-9900,?,9,0.0,E,8,-9900,?,9,-9900,?,9,0.0,0.0,E,8
07/06/2022,14:00,850.05,1320.468,309.85,1,8,32.994,1,8,288.619,1,8,37182.0,1,8,3134.393,1,8,31748.114,1,8,142.771,1,8,-9900,?,9,-9900,?,9,23.73,E,8,19.55,E,8,77.0,E,8,1008.6016999999999,E,8,999.0,E,8,3.75,E,8,-9900,?,9,-9900,?,9,0.0,E,8,-9900,?,9,-9900,?,9,0.0,0.0,E,8
07/06/2022,15:00,692.608,1320.468,259.95,1,8,68.566,1,8,224.014,1,8,31194.0,1,8,6513.797,1,8,24641.489,1,8,136.05,1,8,-9900,?,9,-9900,?,9,23.82,E,8,19.57,E,8,77.0,E,8,1008.6016999999999,E,8,999.0,E,8,4.23,E,8,-9900,?,9,-9900,?,9,0.0,E,8,-9900,?,9,-9900,?,9,0.0,0.0,E,8
07/06/2022,16:00,475.708,1320.468,184.25,1,8,111.877,1,8,144.024,1,8,22110.0,1,8,10628.353,1,8,15842.619,1,8,127.502,1,8,-9900,?,9,-9900,?,9,23.63,E,8,19.53,E,8,80.0,E,8,1008.6016999999999,E,8,999.0,E,8,3.82,E,8,-9900,?,9,-9900,?,9,0.016,E,8,-9900,?,9,-9900,?,9,0.16,99.0,E,8
07/06/2022,17:00,214.815,1320.468,90.39,1,8,230.065,1,8,53.344,1,8,10846.8,1,8,21856.159,1,8,5867.845,1,8,105.45,1,8,-9900,?,9,-9900,?,9,23.15,E,8,19.42,E,8,82.0,E,8,1008.6016999999999,E,8,999.0,E,8,2.98,E,8,-9900,?,9,-9900,?,9,0.001,E,8,-9900,?,9,-9900,?,9,0.01,99.0,E,8
07/06/2022,18:00,0.0,1320.468,5.24,1,8,0.0,1,8,0.0,1,8,628.8,1,8,0.0,1,8,0.0,1,8,-0.0,1,8,-9900,?,9,-9900,?,9,22.66,E,8,19.3,E,8,79.0,E,8,1008.6016999999999,E,8,999.0,E,8,2.25,E,8,-9900,?,9,-9900,?,9,0.0,E,8,-9900,?,9,-9900,?,9,0.0,0.0,E,8
07/06/2022,19:00,0.0,1320.468,0.0,1,8,0.0,1,8,0.0,1,8,0.0,1,8,0.0,1,8,0.0,1,8,-0.0,1,8,-9900,?,9,-9900,?,9,22.17,E,8,19.19,E,8,81.0,E,8,1008.6016999999999,E,8,999.0,E,8,2.0,E,8,-9900,?,9,-9900,?,9,0.0,E,8,-9900,?,9,-9900,?,9,0.0,0.0,E,8
07/06/2022,20:00,0.0,1320.468,0.0,1,8,0.0,1,8,0.0,1,8,0.0,1,8,0.0,1,8,0.0,1,8,-0.0,1,8,-9900,?,9,-9900,?,9,21.68,E,8,19.08,E,8,85.0,E,8,1008.6016999999999,E,8,999.0,E,8,2.0,E,8,-9900,?,9,-9900,?,9,0.065,E,8,-9900,?,9,-9900,?,9,0.65,99.0,E,8
07/06/2022,21:00,0.0,1320.468,0.0,1,8,0.0,1,8,0.0,1,8,0.0,1,8,0.0,1,8,0.0,1,8,-0.0,1,8,-9900,?,9,-9900,?,9,21.19,E,8,18.96,E,8,87.0,E,8,1008.6016999999999,E,8,999.0,E,8,2.0,E,8,-9900,?,9,-9900,?,9,0.004,E,8,-9900,?,9,-9900,?,9,0.04,99.0,E,8
07/06/2022,22:00,0.0,1320.468,0.0,1,8,0.0,1,8,0.0,1,8,0.0,1,8,0.0,1,8,0.0,1,8,-0.0,1,8,-9900,?,9,-9900,?,9,20.7,E,8,18.85,E,8,88.0,E,8,1008.6016999999999,E,8,999.0,E,8,2.0,E,8,-9900,?,9,-9900,?,9,0.022,E,8,-9900,?,9,-9900,?,9,0.22,99.0,E,8
07/06/2022,23:00,0.0,1320.468,0.0,1,8,0.0,1,8,0.0,1,8,0.0,1,8,0.0,1,8,0.0,1,8,-0.0,1,8,-9900,?,9,-9900,?,9,20.21,E,8,18.73,E,8,86.0,E,8,1008.6016999999999,E,8,999.0,E,8,2.0,E,8,-9900,?,9,-9900,?,9,0.0,E,8,-9900,?,9,-9900,?,9,0.0,0.0,E,8
07/06/2022,24:00,0.0,1320.468,0.0,1,8,0.0,1,8,0.0,1,8,0.0,1,8,0.0,1,8,0.0,1,8,-0.0,1,8,-9900,?,9,-9900,?,9,19.72,E,8,17.21,E,8,85.0,E,8,1008.6016999999999,E,8,999.0,E,8,1.85,E,8,-9900,?,9,-9900,?,9,0.043,E,8,-9900,?,9,-9900,?,9,0.43,99.0,E,8
07/07/2022,01:00,0.0,1320.468,0.0,1,8,0.0,1,8,0.0,1,8,0.0,1,8,0.0,1,8,0.0,1,8,-0.0,1,8,-9900,?,9,-9900,?,9,19.47,E,8,17.19,E,8,94.0,E,8,1008.6016999999999,E,8,999.0,E,8,1.85,E,8,-9900,?,9,-9900,?,9,1.576,E,8,-9900,?,9,-9900,?,9,15.76,99.0,E,8
07/07/2022,02:00,0.0,1320.468,0.0,1,8,0.0,1,8,0.0,1,8,0.0,1,8,0.0,1,8,0.0,1,8,-0.0,1,8,-9900,?,9,-9900,?,9,19.23,E,8,17.19,E,8,91.0,E,8,1008.6016999999999,E,8,999.0,E,8,1.85,E,8,-9900,?,9,-9900,?,9,0.11499999999999999,E,8,-9900,?,9,-9900,?,9,1.15,99.0,E,8
07/07/2022,03:00,0.0,1320.468,0.0,1,8,0.0,1,8,0.0,1,8,0.0,1,8,0.0,1,8,0.0,1,8,-0.0,1,8,-9900,?,9,-9900,?,9,18.98,E,8,17.17,E,8,88.0,E,8,1008.6016999999999,E,8,999.0,E,8,1.85,E,8,-9900,?,9,-9900,?,9,0.022,E,8,-9900,?,9,-9900,?,9,0.22,99.0,E,8
07/07/2022,04:00,0.0,1320.493,0.0,1,8,0.0,1,8,0.0,1,8,0.0,1,8,0.0,1,8,0.0,1,8,-0.0,1,8,-9900,?,9,-9900,?,9,18.73,E,8,17.16,E,8,89.0,E,8,1008.6016999999999,E,8,999.0,E,8,1.85,E,8,-9900,?,9,-9900,?,9,0.03,E,8,-9900,?,9,-9900,?,9,0.3,99.0,E,8
07/07/2022,05:00,0.0,1320.493,0.0,1,8,0.0,1,8,0.0,1,8,0.0,1,8,0.0,1,8,0.0,1,8,-0.0,1,8,-9900,?,9,-9900,?,9,18.49,E,8,17.15,E,8,90.0,E,8,1008.6016999999999,E,8,999.0,E,8,1.85,E,8,-9900,?,9,-9900,?,9,0.065,E,8,-9900,?,9,-9900,?,9,0.65,99.0,E,8
07/07/2022,06:00,0.0,1320.493,0.0,1,8,0.0,1,8,0.0,1,8,0.0,1,8,0.0,1,8,0.0,1,8,-0.0,1,8,-9900,?,9,-9900,?,9,18.3,E,8,17.15,E,8,91.0,E,8,1008.6016999999999,E,8,999.0,E,8,1.85,E,8,-9900,?,9,-9900,?,9,0.008,E,8,-9900,?,9,-9900,?,9,0.08,99.0,E,8
07/07/2022,07:00,16.465,1320.493,0.0,1,8,0.0,1,8,0.0,1,8,0.0,1,8,0.0,1,8,0.0,1,8,0.0,1,8,-9900,?,9,-9900,?,9,18.14,E,8,17.14,E,8,92.0,E,8,1008.6016999999999,E,8,999.0,E,8,1.85,E,8,-9900,?,9,-9900,?,9,0.011,E,8,-9900,?,9,-9900,?,9,0.11,99.0,E,8
07/07/2022,08:00,291.624,1320.493,38.7,1,8,0.0,1,8,38.7,1,8,4644.0,1,8,0.0,1,8,4257.0,1,8,56.09,1,8,-9900,?,9,-9900,?,9,17.98,E,8,17.13,E,8,93.0,E,8,1008.6016999999999,E,8,999.0,E,8,1.85,E,8,-9900,?,9,-9900,?,9,0.016,E,8,-9900,?,9,-9900,?,9,0.16,99.0,E,8
07/07/2022,09:00,542.358,1320.493,195.87,1,8,84.58,1,8,161.181,1,8,23504.4,1,8,8035.068,1,8,17729.91,1,8,125.094,1,8,-9900,?,9,-9900,?,9,19.99,E,8,17.22,E,8,80.0,E,8,1008.6016999999999,E,8,999.0,E,8,1.85,E,8,-9900,?,9,-9900,?,9,0.0,E,8,-9900,?,9,-9900,?,9,0.0,0.0,E,8
07/07/2022,10:00,744.27,1320.493,345.15,1,8,155.196,1,8,257.732,1,8,41418.0,1,8,14743.622,1,8,28350.501,1,8,145.645,1,8,-9900,?,9,-9900,?,9,21.3,E,8,17.27,E,8,75.0,E,8,1008.6016999999999,E,8,999.0,E,8,1.85,E,8,-9900,?,9,-9900,?,9,0.0,E,8,-9900,?,9,-9900,?,9,0.0,0.0,E,8
07/07/2022,11:00,883.216,1320.493,459.82,1,8,200.5,1,8,325.764,1,8,55178.4,1,8,19047.469,1,8,35834.011,1,8,155.088,1,8,-9900,?,9,-9900,?,9,22.45,E,8,17.32,E,8,71.0,E,8,1008.6016999999999,E,8,999.0,E,8,2.79,E,8,-9900,?,9,-9900,?,9,0.0,E,8,-9900,?,9,-9900,?,9,0.0,0.0,E,8
07/07/2022,12:00,949.641,1320.493,529.36,1,8,322.653,1,8,297.386,1,8,63523.2,1,8,30652.007,1,8,32712.437,1,8,131.664,1,8,-9900,?,9,-9900,?,9,23.37,E,8,17.35,E,8,68.0,E,8,1008.6016999999999,E,8,999.0,E,8,3.22,E,8,-9900,?,9,-9900,?,9,0.0,E,8,-9900,?,9,-9900,?,9,0.0,0.0,E,8
07/07/2022,13:00,938.992,1320.493,548.28,1,8,385.197,1,8,274.448,1,8,65793.6,1,8,36593.682,1,8,30189.299,1,8,122.888,1,8,-9900,?,9,-9900,?,9,24.05,E,8,17.38,E,8,65.0,E,8,1008.6016999999999,E,8,999.0,E,8,3.07,E,8,-9900,?,9,-9900,?,9,0.0,E,8,-9900,?,9,-9900,?,9,0.0,0.0,E,8
07/07/2022,14:00,851.997,1320.493,515.16,1,8,449.13,1,8,225.496,1,8,61819.2,1,8,42667.306,1,8,24804.536,1,8,111.292,1,8,-9900,?,9,-9900,?,9,24.45,E,8,17.4,E,8,64.0,E,8,1008.6016999999999,E,8,999.0,E,8,3.39,E,8,-9900,?,9,-9900,?,9,0.0,E,8,-9900,?,9,-9900,?,9,0.0,0.0,E,8
07/07/2022,15:00,694.613,1320.493,432.51,1,8,593.01,1,8,120.81,1,8,51901.2,1,8,56335.906,1,8,13289.123,1,8,73.161,1,8,-9900,?,9,-9900,?,9,24.57,E,8,17.4,E,8,64.0,E,8,1008.6016999999999,E,8,999.0,E,8,4.1,E,8,-9900,?,9,-9900,?,9,0.0,E,8,-9900,?,9,-9900,?,9,0.0,0.0,E,8
07/07/2022,16:00,477.687,1320.493,307.01,1,8,518.192,1,8,119.916,1,8,36841.2,1,8,49228.269,1,8,13190.754,1,8,105.72,1,8,-9900,?,9,-9900,?,9,24.32,E,8,17.39,E,8,65.0,E,8,1008.6016999999999,E,8,999.0,E,8,3.67,E,8,-9900,?,9,-9900,?,9,0.0,E,8,-9900,?,9,-9900,?,9,0.0,0.0,E,8
07/07/2022,17:00,216.675,1320.493,151.3,1,8,303.101,1,8,102.063,1,8,18156.0,1,8,28794.572,1,8,11226.978,1,8,199.995,1,8,-9900,?,9,-9900,?,9,23.67,E,8,17.37,E,8,67.0,E,8,1008.6016999999999,E,8,999.0,E,8,3.58,E,8,-9900,?,9,-9900,?,9,0.0,E,8,-9900,?,9,-9900,?,9,0.0,0.0,E,8
07/07/2022,18:00,0.0,1320.493,9.2,1,8,0.0,1,8,0.0,1,8,1104.0,1,8,0.0,1,8,0.0,1,8,-0.0,1,8,-9900,?,9,-9900,?,9,23.08,E,8,17.34,E,8,73.0,E,8,1008.6016999999999,E,8,999.0,E,8,2.91,E,8,-9900,?,9,-9900,?,9,0.006,E,8,-9900,?,9,-9900,?,9,0.06,99.0,E,8
07/07/2022,19:00,0.0,1320.493,0.0,1,8,0.0,1,8,0.0,1,8,0.0,1,8,0.0,1,8,0.0,1,8,-0.0,1,8,-9900,?,9,-9900,?,9,22.49,E,8,17.32,E,8,75.0,E,8,1008.6016999999999,E,8,999.0,E,8,2.07,E,8,-9900,?,9,-9900,?,9,0.002,E,8,-9900,?,9,-9900,?,9,0.02,99.0,E,8
07/07/2022,20:00,0.0,1320.493,0.0,1,8,0.0,1,8,0.0,1,8,0.0,1,8,0.0,1,8,0.0,1,8,-0.0,1,8,-9900,?,9,-9900,?,9,21.9,E,8,17.29,E,8,77.0,E,8,1008.6016999999999,E,8,999.0,E,8,1.85,E,8,-9900,?,9,-9900,?,9,0.001,E,8,-9900,?,9,-9900,?,9,0.01,99.0,E,8
07/07/2022,21:00,0.0,1320.493,0.0,1,8,0.0,1,8,0.0,1,8,0.0,1,8,0.0,1,8,0.0,1,8,-0.0,1,8,-9900,?,9,-9900,?,9,21.31,E,8,17.27,E,8,75.0,E,8,1008.6016999999999,E,8,999.0,E,8,1.85,E,8,-9900,?,9,-9900,?,9,0.0,E,8,-9900,?,9,-9900,?,9,0.0,0.0,E,8
07/07/2022,22:00,0.0,1320.493,0.0,1,8,0.0,1,8,0.0,1,8,0.0,1,8,0.0,1,8,0.0,1,8,-0.0,1,8,-9900,?,9,-9900,?,9,20.72,E,8,17.25,E,8,81.0,E,8,1008.6016999999999,E,8,999.0,E,8,1.85,E,8,-9900,?,9,-9900,?,9,0.001,E,8,-9900,?,9,-9900,?,9,0.01,99.0,E,8
07/07/2022,23:00,0.0,1320.493,0.0,1,8,0.0,1,8,0.0,1,8,0.0,1,8,0.0,1,8,0.0,1,8,-0.0,1,8,-9900,?,9,-9900,?,9,20.13,E,8,17.22,E,8,83.0,E,8,1008.6016999999999,E,8,999.0,E,8,1.85,E,8,-9900,?,9,-9900,?,9,0.004,E,8,-9900,?,9,-9900,?,9,0.04,99.0,E,8
07/07/2022,24:00,0.0,1320.493,0.0,1,8,0.0,1,8,0.0,1,8,0.0,1,8,0.0,1,8,0.0,1,8,-0.0,1,8,-9900,?,9,-9900,?,9,19.54,E,8,16.42,E,8,83.0,E,8,1008.6016999999999,E,8,999.0,E,8,1.45,E,8,-9900,?,9,-9900,?,9,0.001,E,8,-9900,?,9,-9900,?,9,0.01,99.0,E,8
07/08/2022,01:00,0.0,1320.493,0.0,1,8,0.0,1,8,0.0,1,8,0.0,1,8,0.0,1,8,0.0,1,8,-0.0,1,8,-9900,?,9,-9900,?,9,19.24,E,8,16.49,E,8,85.0,E,8,1008.6016999999999,E,8,999.0,E,8,1.45,E,8,-9900,?,9,-9900,?,9,0.054000000000000006,E,8,-9900,?,9,-9900,?,9,0.54,99.0,E,8
07/08/2022,02:00,0.0,1320.493,0.0,1,8,0.0,1,8,0.0,1,8,0.0,1,8,0.0,1,8,0.0,1,8,-0.0,1,8,-9900,?,9,-9900,?,9,18.95,E,8,16.56,E,8,95.0,E,8,1008.6016999999999,E,8,999.0,E,8,1.45,E,8,-9900,?,9,-9900,?,9,2.229,E,8,-9900,?,9,-9900,?,9,22.29,99.0,E,8
07/08/2022,03:00,0.0,1320.493,0.0,1,8,0.0,1,8,0.0,1,8,0.0,1,8,0.0,1,8,0.0,1,8,-0.0,1,8,-9900,?,9,-9900,?,9,18.65,E,8,16.63,E,8,93.0,E,8,1008.6016999999999,E,8,999.0,E,8,1.45,E,8,-9900,?,9,-9900,?,9,0.10600000000000001,E,8,-9900,?,9,-9900,?,9,1.06,99.0,E,8
07/08/2022,04:00,0.0,1320.529,0.0,1,8,0.0,1,8,0.0,1,8,0.0,1,8,0.0,1,8,0.0,1,8,-0.0,1,8,-9900,?,9,-9900,?,9,18.36,E,8,16.7,E,8,90.0,E,8,1008.6016999999999,E,8,999.0,E,8,1.45,E,8,-9900,?,9,-9900,?,9,0.04,E,8,-9900,?,9,-9900,?,9,0.4,99.0,E,8
07/08/2022,05:00,0.0,1320.529,0.0,1,8,0.0,1,8,0.0,1,8,0.0,1,8,0.0,1,8,0.0,1,8,-0.0,1,8,-9900,?,9,-9900,?,9,18.06,E,8,16.77,E,8,96.0,E,8,1008.6016999999999,E,8,999.0,E,8,1.45,E,8,-9900,?,9,-9900,?,9,0.181,E,8,-9900,?,9,-9900,?,9,1.81,99.0,E,8
07/08/2022,06:00,0.0,1320.529,0.0,1,8,0.0,1,8,0.0,1,8,0.0,1,8,0.0,1,8,0.0,1,8,-0.0,1,8,-9900,?,9,-9900,?,9,17.83,E,8,16.83,E,8,93.0,E,8,1008.6016999999999,E,8,999.0,E,8,1.45,E,8,-9900,?,9,-9900,?,9,0.073,E,8,-9900,?,9,-9900,?,9,0.73,99.0,E,8
07/08/2022,07:00,16.653,1320.529,0.0,1,8,0.0,1,8,0.0,1,8,0.0,1,8,0.0,1,8,0.0,1,8,0.0,1,8,-9900,?,9,-9900,?,9,17.64,E,8,16.87,E,8,95.0,E,8,1008.6016999999999,E,8,999.0,E,8,1.45,E,8,-9900,?,9,-9900,?,9,0.008,E,8,-9900,?,9,-9900,?,9,0.08,99.0,E,8
07/08/2022,08:00,292.135,1320.529,26.97,1,8,0.0,1,8,26.97,1,8,3236.4,1,8,0.0,1,8,2966.7,1,8,39.021,1,8,-9900,?,9,-9900,?,9,17.44,E,8,16.92,E,8,96.0,E,8,1008.6016999999999,E,8,999.0,E,8,1.45,E,8,-9900,?,9,-9900,?,9,0.001,E,8,-9900,?,9,-9900,?,9,0.01,99.0,E,8
07/08/2022,09:00,543.191,1320.529,135.89,1,8,2.574,1,8,134.833,1,8,16306.8,1,8,244.487,1,8,14831.619,1,8,104.487,1,8,-9900,?,9,-9900,?,9,19.3,E,8,16.47,E,8,80.0,E,8,1008.6016999999999,E,8,999.0,E,8,1.45,E,8,-9900,?,9,-9900,?,9,0.0,E,8,-9900,?,9,-9900,?,9,0.0,0.0,E,8
07/08/2022,10:00,745.425,1320.529,239.26,1,8,17.314,1,8,229.492,1,8,28711.2,1,8,1644.852,1,8,25244.166,1,8,129.49,1,8,-9900,?,9,-9900,?,9,20.5,E,8,16.18,E,8,78.0,E,8,1008.6016999999999,E,8,999.0,E,8,1.45,E,8,-9900,?,9,-9900,?,9,0.005,E,8,-9900,?,9,-9900,?,9,0.05,99.0,E,8
07/08/2022,11:00,884.671,1320.529,318.68,1,8,22.423,1,8,303.663,1,8,38241.6,1,8,2130.219,1,8,33402.95,1,8,144.333,1,8,-9900,?,9,-9900,?,9,21.55,E,8,15.92,E,8,69.0,E,8,1008.6016999999999,E,8,999.0,E,8,2.74,E,8,-9900,?,9,-9900,?,9,0.0,E,8,-9900,?,9,-9900,?,9,0.0,0.0,E,8
07/08/2022,12:00,951.355,1320.529,366.88,1,8,59.709,1,8,323.875,1,8,44025.6,1,8,5672.354,1,8,35626.285,1,8,143.137,1,8,-9900,?,9,-9900,?,9,22.4,E,8,15.71,E,8,69.0,E,8,1008.6016999999999,E,8,999.0,E,8,3.57,E,8,-9900,?,9,-9900,?,9,0.01,E,8,-9900,?,9,-9900,?,9,0.1,99.0,E,8
07/08/2022,13:00,940.905,1320.529,380.07,1,8,72.946,1,8,328.109,1,8,45608.4,1,8,6929.868,1,8,36092.021,1,8,146.621,1,8,-9900,?,9,-9900,?,9,23.02,E,8,15.55,E,8,66.0,E,8,1008.6016999999999,E,8,999.0,E,8,4.38,E,8,-9900,?,9,-9900,?,9,0.024,E,8,-9900,?,9,-9900,?,9,0.24,99.0,E,8
07/08/2022,14:00,854.034,1320.529,357.25,1,8,91.052,1,8,298.387,1,8,42870.0,1,8,8649.939,1,8,32822.618,1,8,146.92,1,8,-9900,?,9,-9900,?,9,23.38,E,8,15.46,E,8,61.0,E,8,1008.6016999999999,E,8,999.0,E,8,4.64,E,8,-9900,?,9,-9900,?,9,0.0,E,8,-9900,?,9,-9900,?,9,0.0,0.0,E,8
07/08/2022,15:00,696.693,1320.529,300.15,1,8,117.591,1,8,238.157,1,8,36018.0,1,8,11171.188,1,8,26197.32,1,8,143.797,1,8,-9900,?,9,-9900,?,9,23.5,E,8,15.43,E,8,60.0,E,8,1008.6016999999999,E,8,999.0,E,8,4.76,E,8,-9900,?,9,-9900,?,9,0.0,E,8,-9900,?,9,-9900,?,9,0.0,0.0,E,8
07/08/2022,16:00,479.723,1320.529,213.39,1,8,185.227,1,8,146.229,1,8,25606.8,1,8,17596.578,1,8,16085.201,1,8,128.373,1,8,-9900,?,9,-9900,?,9,23.27,E,8,15.48,E,8,61.0,E,8,1008.6016999999999,E,8,999.0,E,8,5.04,E,8,-9900,?,9,-9900,?,9,0.0,E,8,-9900,?,9,-9900,?,9,0.0,0.0,E,8
07/08/2022,17:00,218.574,1320.529,105.62,1,8,277.234,1,8,60.184,1,8,12674.4,1,8,26337.235,1,8,6620.249,1,8,116.89,1,8,-9900,?,9,-9900,?,9,22.67,E,8,15.64,E,8,63.0,E,8,1008.6016999999999,E,8,999.0,E,8,4.44,E,8,-9900,?,9,-9900,?,9,0.0,E,8,-9900,?,9,-9900,?,9,0.0,0.0,E,8
07/08/2022,18:00,0.0,1320.529,6.73,1,8,0.0,1,8,0.0,1,8,807.6,1,8,0.0,1,8,0.0,1,8,-0.0,1,8,-9900,?,9,-9900,?,9,22.07,E,8,15.79,E,8,70.0,E,8,1008.6016999999999,E,8,999.0,E,8,3.36,E,8,-9900,?,9,-9900,?,9,0.004,E,8,-9900,?,9,-9900,?,9,0.04,99.0,E,8
07/08/2022,19:00,0.0,1320.529,0.0,1,8,0.0,1,8,0.0,1,8,0.0,1,8,0.0,1,8,0.0,1,8,-0.0,1,8,-9900,?,9,-9900,?,9,21.48,E,8,15.94,E,8,73.0,E,8,1008.6016999999999,E,8,999.0,E,8,1.82,E,8,-9900,?,9,-9900,?,9,0.031,E,8,-9900,?,9,-9900,?,9,0.31,99.0,E,8
07/08/2022,20:00,0.0,1320.529,0.0,1,8,0.0,1,8,0.0,1,8,0.0,1,8,0.0,1,8,0.0,1,8,-0.0,1,8,-9900,?,9,-9900,?,9,20.88,E,8,16.09,E,8,76.0,E,8,1008.6016999999999,E,8,999.0,E,8,1.45,E,8,-9900,?,9,-9900,?,9,0.018,E,8,-9900,?,9,-9900,?,9,0.18,99.0,E,8
07/08/2022,21:00,0.0,1320.529,0.0,1,8,0.0,1,8,0.0,1,8,0.0,1,8,0.0,1,8,0.0,1,8,-0.0,1,8,-9900,?,9,-9900,?,9,20.28,E,8,16.23,E,8,79.0,E,8,1008.6016999999999,E,8,999.0,E,8,1.45,E,8,-9900,?,9,-9900,?,9,0.014000000000000002,E,8,-9900,?,9,-9900,?,9,0.14,99.0,E,8
07/08/2022,22:00,0.0,1320.529,0.0,1,8,0.0,1,8,0.0,1,8,0.0,1,8,0.0,1,8,0.0,1,8,-0.0,1,8,-9900,?,9,-9900,?,9,19.69,E,8,16.38,E,8,82.0,E,8,1008.6016999999999,E,8,999.0,E,8,1.45,E,8,-9900,?,9,-9900,?,9,0.002,E,8,-9900,?,9,-9900,?,9,0.02,99.0,E,8
07/08/2022,23:00,0.0,1320.529,0.0,1,8,0.0,1,8,0.0,1,8,0.0,1,8,0.0,1,8,0.0,1,8,-0.0,1,8,-9900,?,9,-9900,?,9,19.09,E,8,16.52,E,8,81.0,E,8,1008.6016999999999,E,8,999.0,E,8,1.45,E,8,-9900,?,9,-9900,?,9,0.0,E,8,-9900,?,9,-9900,?,9,0.0,0.0,E,8
07/08/2022,24:00,0.0,1320.529,0.0,1,8,0.0,1,8,0.0,1,8,0.0,1,8,0.0,1,8,0.0,1,8,-0.0,1,8,-9900,?,9,-9900,?,9,18.49,E,8,15.04,E,8,82.0,E,8,1008.6016999999999,E,8,999.0,E,8,2.28,E,8,-9900,?,9,-9900,?,9,0.039,E,8,-9900,?,9,-9900,?,9,0.39,99.0,E,8
07/09/2022,01:00,0.0,1320.529,0.0,1,8,0.0,1,8,0.0,1,8,0.0,1,8,0.0,1,8,0.0,1,8,-0.0,1,8,-9900,?,9,-9900,?,9,18.2,E,8,15.16,E,8,84.0,E,8,1008.6016999999999,E,8,999.0,E,8,2.28,E,8,-9900,?,9,-9900,?,9,0.023,E,8,-9900,?,9,-9900,?,9,0.23,99.0,E,8
07/09/2022,02:00,0.0,1320.529,0.0,1,8,0.0,1,8,0.0,1,8,0.0,1,8,0.0,1,8,0.0,1,8,-0.0,1,8,-9900,?,9,-9900,?,9,17.9,E,8,15.28,E,8,96.0,E,8,1008.6016999999999,E,8,999.0,E,8,2.28,E,8,-9900,?,9,-9900,?,9,2.149,E,8,-9900,?,9,-9900,?,9,21.49,99.0,E,8
07/09/2022,03:00,0.0,1320.529,0.0,1,8,0.0,1,8,0.0,1,8,0.0,1,8,0.0,1,8,0.0,1,8,-0.0,1,8,-9900,?,9,-9900,?,9,17.6,E,8,15.4,E,8,88.0,E,8,1008.6016999999999,E,8,999.0,E,8,2.28,E,8,-9900,?,9,-9900,?,9,0.03,E,8,-9900,?,9,-9900,?,9,0.3,99.0,E,8
07/09/2022,04:00,0.0,1320.579,0.0,1,8,0.0,1,8,0.0,1,8,0.0,1,8,0.0,1,8,0.0,1,8,-0.0,1,8,-9900,?,9,-9900,?,9,17.3,E,8,15.52,E,8,95.0,E,8,1008.6016999999999,E,8,999.0,E,8,2.28,E,8,-9900,?,9,-9900,?,9,0.174,E,8,-9900,?,9,-9900,?,9,1.74,99.0,E,8
07/09/2022,05:00,0.0,1320.579,0.0,1,8,0.0,1,8,0.0,1,8,0.0,1,8,0.0,1,8,0.0,1,8,-0.0,1,8,-9900,?,9,-9900,?,9,17.0,E,8,15.64,E,8,93.0,E,8,1008.6016999999999,E,8,999.0,E,8,2.28,E,8,-9900,?,9,-9900,?,9,0.002,E,8,-9900,?,9,-9900,?,9,0.02,99.0,E,8
07/09/2022,06:00,0.0,1320.579,0.0,1,8,0.0,1,8,0.0,1,8,0.0,1,8,0.0,1,8,0.0,1,8,-0.0,1,8,-9900,?,9,-9900,?,9,16.77,E,8,15.73,E,8,95.0,E,8,1008.6016999999999,E,8,999.0,E,8,2.28,E,8,-9900,?,9,-9900,?,9,0.004,E,8,-9900,?,9,-9900,?,9,0.04,99.0,E,8
07/09/2022,07:00,16.92,1320.579,0.0,1,8,0.0,1,8,0.0,1,8,0.0,1,8,0.0,1,8,0.0,1,8,0.0,1,8,-9900,?,9,-9900,?,9,16.57,E,8,15.81,E,8,96.0,E,8,1008.6016999999999,E,8,999.0,E,8,2.28,E,8,-9900,?,9,-9900,?,9,0.005,E,8,-9900,?,9,-9900,?,9,0.05,99.0,E,8
07/09/2022,08:00,292.749,1320.579,29.71,1,8,0.0,1,8,29.71,1,8,3565.2,1,8,0.0,1,8,3268.1,1,8,42.896,1,8,-9900,?,9,-9900,?,9,16.38,E,8,15.88,E,8,93.0,E,8,1008.6016999999999,E,8,999.0,E,8,2.28,E,8,-9900,?,9,-9900,?,9,0.0,E,8,-9900,?,9,-9900,?,9,0.0,0.0,E,8
07/09/2022,09:00,544.135,1320.579,148.88,1,8,9.268,1,8,145.067,1,8,17865.6,1,8,880.47,1,8,15957.324,1,8,112.226,1,8,-9900,?,9,-9900,?,9,18.35,E,8,15.1,E,8,83.0,E,8,1008.6016999999999,E,8,999.0,E,8,2.28,E,8,-9900,?,9,-9900,?,9,0.001,E,8,-9900,?,9,-9900,?,9,0.01,99.0,E,8
07/09/2022,10:00,746.696,1320.579,261.88,1,8,26.214,1,8,247.067,1,8,31425.6,1,8,2490.326,1,8,27177.377,1,8,139.173,1,8,-9900,?,9,-9900,?,9,19.62,E,8,14.57,E,8,70.0,E,8,1008.6016999999999,E,8,999.0,E,8,2.28,E,8,-9900,?,9,-9900,?,9,0.0,E,8,-9900,?,9,-9900,?,9,0.0,0.0,E,8
07/09/2022,11:00,886.242,1320.579,348.71,1,8,68.638,1,8,302.663,1,8,41845.2,1,8,6520.628,1,8,33292.966,1,8,143.608,1,8,-9900,?,9,-9900,?,9,20.73,E,8,14.09,E,8,64.0,E,8,1008.6016999999999,E,8,999.0,E,8,2.28,E,8,-9900,?,9,-9900,?,9,0.0,E,8,-9900,?,9,-9900,?,9,0.0,0.0,E,8
07/09/2022,12:00,953.179,1320.579,401.45,1,8,85.651,1,8,339.645,1,8,48174.0,1,8,8136.801,1,8,37360.964,1,8,149.825,1,8,-9900,?,9,-9900,?,9,21.63,E,8,13.7,E,8,59.0,E,8,1008.6016999999999,E,8,999.0,E,8,2.28,E,8,-9900,?,9,-9900,?,9,0.0,E,8,-9900,?,9,-9900,?,9,0.0,0.0,E,8
07/09/2022,13:00,942.918,1320.579,415.96,1,8,104.272,1,8,341.529,1,8,49915.2,1,8,9905.869,1,8,37568.152,1,8,152.297,1,8,-9900,?,9,-9900,?,9,22.28,E,8,13.41,E,8,55.0,E,8,1008.6016999999999,E,8,999.0,E,8,2.28,E,8,-9900,?,9,-9900,?,9,0.0,E,8,-9900,?,9,-9900,?,9,0.0,0.0,E,8
07/09/2022,14:00,856.159,1320.579,391.14,1,8,129.621,1,8,307.138,1,8,46936.8,1,8,12313.972,1,8,33785.196,1,8,150.858,1,8,-9900,?,9,-9900,?,9,22.67,E,8,13.23,E,8,58.0,E,8,1008.6016999999999,E,8,999.0,E,8,2.76,E,8,-9900,?,9,-9900,?,9,0.013000000000000001,E,8,-9900,?,9,-9900,?,9,0.13,99.0,E,8
07/09/2022,15:00,698.845,1320.579,328.86,1,8,165.825,1,8,241.172,1,8,39463.2,1,8,15753.38,1,8,26528.926,1,8,145.173,1,8,-9900,?,9,-9900,?,9,22.79,E,8,13.17,E,8,58.0,E,8,1008.6016999999999,E,8,999.0,E,8,3.02,E,8,-9900,?,9,-9900,?,9,0.007000000000000001,E,8,-9900,?,9,-9900,?,9,0.07,99.0,E,8
07/09/2022,16:00,481.814,1320.579,234.14,1,8,254.963,1,8,141.292,1,8,28096.8,1,8,24221.515,1,8,15542.171,1,8,123.503,1,8,-9900,?,9,-9900,?,9,22.56,E,8,13.28,E,8,54.0,E,8,1008.6016999999999,E,8,999.0,E,8,2.88,E,8,-9900,?,9,-9900,?,9,0.0,E,8,-9900,?,9,-9900,?,9,0.0,0.0,E,8
07/09/2022,17:00,220.511,1320.579,116.41,1,8,350.202,1,8,58.499,1,8,13969.2,1,8,33269.214,1,8,6434.9,1,8,112.605,1,8,-9900,?,9,-9900,?,9,21.93,E,8,13.56,E,8,57.0,E,8,1008.6016999999999,E,8,999.0,E,8,2.28,E,8,-9900,?,9,-9900,?,9,0.0,E,8,-9900,?,9,-9900,?,9,0.0,0.0,E,8
07/09/2022,18:00,0.0,1320.579,7.77,1,8,0.0,1,8,0.0,1,8,932.4,1,8,0.0,1,8,0.0,1,8,-0.0,1,8,-9900,?,9,-9900,?,9,21.43,E,8,13.79,E,8,65.0,E,8,1008.6016999999999,E,8,999.0,E,8,2.28,E,8,-9900,?,9,-9900,?,9,0.052000000000000005,E,8,-9900,?,9,-9900,?,9,0.52,99.0,E,8
07/09/2022,19:00,0.0,1320.579,0.0,1,8,0.0,1,8,0.0,1,8,0.0,1,8,0.0,1,8,0.0,1,8,-0.0,1,8,-9900,?,9,-9900,?,9,20.92,E,8,14.01,E,8,67.0,E,8,1008.6016999999999,E,8,999.0,E,8,2.28,E,8,-9900,?,9,-9900,?,9,0.001,E,8,-9900,?,9,-9900,?,9,0.01,99.0,E,8
07/09/2022,20:00,0.0,1320.579,0.0,1,8,0.0,1,8,0.0,1,8,0.0,1,8,0.0,1,8,0.0,1,8,-0.0,1,8,-9900,?,9,-9900,?,9,20.42,E,8,14.23,E,8,75.0,E,8,1008.6016999999999,E,8,999.0,E,8,2.28,E,8,-9900,?,9,-9900,?,9,0.10200000000000001,E,8,-9900,?,9,-9900,?,9,1.02,99.0,E,8
07/09/2022,21:00,0.0,1320.579,0.0,1,8,0.0,1,8,0.0,1,8,0.0,1,8,0.0,1,8,0.0,1,8,-0.0,1,8,-9900,?,9,-9900,?,9,19.92,E,8,14.44,E,8,73.0,E,8,1008.6016999999999,E,8,999.0,E,8,2.28,E,8,-9900,?,9,-9900,?,9,0.017,E,8,-9900,?,9,-9900,?,9,0.17,99.0,E,8
07/09/2022,22:00,0.0,1320.579,0.0,1,8,0.0,1,8,0.0,1,8,0.0,1,8,0.0,1,8,0.0,1,8,-0.0,1,8,-9900,?,9,-9900,?,9,19.41,E,8,14.66,E,8,76.0,E,8,1008.6016999999999,E,8,999.0,E,8,2.28,E,8,-9900,?,9,-9900,?,9,0.06999999999999999,E,8,-9900,?,9,-9900,?,9,0.7,99.0,E,8
07/09/2022,23:00,0.0,1320.579,0.0,1,8,0.0,1,8,0.0,1,8,0.0,1,8,0.0,1,8,0.0,1,8,-0.0,1,8,-9900,?,9,-9900,?,9,18.91,E,8,14.87,E,8,79.0,E,8,1008.6016999999999,E,8,999.0,E,8,2.28,E,8,-9900,?,9,-9900,?,9,0.01,E,8,-9900,?,9,-9900,?,9,0.1,99.0,E,8
07/09/2022,24:00,0.0,1320.579,0.0,1,8,0.0,1,8,0.0,1,8,0.0,1,8,0.0,1,8,0.0,1,8,-0.0,1,8,-9900,?,9,-9900,?,9,18.41,E,8,16.28,E,8,87.0,E,8,1008.6016999999999,E,8,999.0,E,8,2.36,E,8,-9900,?,9,-9900,?,9,0.025,E,8,-9900,?,9,-9900,?,9,0.25,99.0,E,8
07/10/2022,01:00,0.0,1320.579,0.0,1,8,0.0,1,8,0.0,1,8,0.0,1,8,0.0,1,8,0.0,1,8,-0.0,1,8,-9900,?,9,-9900,?,9,18.16,E,8,16.3,E,8,88.0,E,8,1008.6016999999999,E,8,999.0,E,8,2.36,E,8,-9900,?,9,-9900,?,9,0.046,E,8,-9900,?,9,-9900,?,9,0.46,99.0,E,8
07/10/2022,02:00,0.0,1320.579,0.0,1,8,0.0,1,8,0.0,1,8,0.0,1,8,0.0,1,8,0.0,1,8,-0.0,1,8,-9900,?,9,-9900,?,9,17.91,E,8,16.33,E,8,90.0,E,8,1008.6016999999999,E,8,999.0,E,8,2.36,E,8,-9900,?,9,-9900,?,9,0.008,E,8,-9900,?,9,-9900,?,9,0.08,99.0,E,8
07/10/2022,03:00,0.0,1320.579,0.0,1,8,0.0,1,8,0.0,1,8,0.0,1,8,0.0,1,8,0.0,1,8,-0.0,1,8,-9900,?,9,-9900,?,9,17.65,E,8,16.36,E,8,92.0,E,8,1008.6016999999999,E,8,999.0,E,8,2.36,E,8,-9900,?,9,-9900,?,9,0.002,E,8,-9900,?,9,-9900,?,9,0.02,99.0,E,8
07/10/2022,04:00,0.0,1320.641,0.0,1,8,0.0,1,8,0.0,1,8,0.0,1,8,0.0,1,8,0.0,1,8,-0.0,1,8,-9900,?,9,-9900,?,9,17.4,E,8,16.39,E,8,88.0,E,8,1008.6016999999999,E,8,999.0,E,8,2.36,E,8,-9900,?,9,-9900,?,9,0.0,E,8,-9900,?,9,-9900,?,9,0.0,0.0,E,8
07/10/2022,05:00,0.0,1320.641,0.0,1,8,0.0,1,8,0.0,1,8,0.0,1,8,0.0,1,8,0.0,1,8,-0.0,1,8,-9900,?,9,-9900,?,9,17.15,E,8,16.41,E,8,95.0,E,8,1008.6016999999999,E,8,999.0,E,8,2.36,E,8,-9900,?,9,-9900,?,9,0.001,E,8,-9900,?,9,-9900,?,9,0.01,99.0,E,8
07/10/2022,06:00,0.0,1320.641,0.0,1,8,0.0,1,8,0.0,1,8,0.0,1,8,0.0,1,8,0.0,1,8,-0.0,1,8,-9900,?,9,-9900,?,9,16.96,E,8,16.43,E,8,91.0,E,8,1008.6016999999999,E,8,999.0,E,8,2.36,E,8,-9900,?,9,-9900,?,9,0.0,E,8,-9900,?,9,-9900,?,9,0.0,0.0,E,8
07/10/2022,07:00,17.268,1320.641,0.0,1,8,0.0,1,8,0.0,1,8,0.0,1,8,0.0,1,8,0.0,1,8,0.0,1,8,-9900,?,9,-9900,?,9,16.79,E,8,16.45,E,8,97.0,E,8,1008.6016999999999,E,8,999.0,E,8,2.36,E,8,-9900,?,9,-9900,?,9,0.006,E,8,-9900,?,9,-9900,?,9,0.06,99.0,E,8
07/10/2022,08:00,293.466,1320.641,15.94,1,8,0.0,1,8,15.94,1,8,1912.8,1,8,0.0,1,8,1753.4,1,8,22.959,1,8,-9900,?,9,-9900,?,9,16.62,E,8,16.47,E,8,99.0,E,8,1008.6016999999999,E,8,999.0,E,8,2.36,E,8,-9900,?,9,-9900,?,9,0.02,E,8,-9900,?,9,-9900,?,9,0.2,99.0,E,8
07/10/2022,09:00,545.192,1320.641,79.4,1,8,0.0,1,8,79.4,1,8,9528.0,1,8,0.0,1,8,8734.0,1,8,61.309,1,8,-9900,?,9,-9900,?,9,17.92,E,8,16.33,E,8,90.0,E,8,1008.6016999999999,E,8,999.0,E,8,2.36,E,8,-9900,?,9,-9900,?,9,0.003,E,8,-9900,?,9,-9900,?,9,0.03,99.0,E,8
07/10/2022,10:00,748.082,1320.641,139.51,1,8,0.0,1,8,139.51,1,8,16741.2,1,8,0.0,1,8,15346.1,1,8,78.444,1,8,-9900,?,9,-9900,?,9,18.75,E,8,16.24,E,8,85.0,E,8,1008.6016999999999,E,8,999.0,E,8,2.36,E,8,-9900,?,9,-9900,?,9,0.01,E,8,-9900,?,9,-9900,?,9,0.1,99.0,E,8
07/10/2022,11:00,887.928,1320.641,185.71,1,8,0.915,1,8,185.095,1,8,22285.2,1,8,86.905,1,8,20360.468,1,8,87.661,1,8,-9900,?,9,-9900,?,9,19.48,E,8,16.16,E,8,80.0,E,8,1008.6016999999999,E,8,999.0,E,8,2.36,E,8,-9900,?,9,-9900,?,9,0.017,E,8,-9900,?,9,-9900,?,9,0.17,99.0,E,8
07/10/2022,12:00,955.112,1320.641,213.79,1,8,3.288,1,8,211.412,1,8,25654.8,1,8,312.395,1,8,23255.367,1,8,93.074,1,8,-9900,?,9,-9900,?,9,20.06,E,8,16.1,E,8,77.0,E,8,1008.6016999999999,E,8,999.0,E,8,2.36,E,8,-9900,?,9,-9900,?,9,0.037,E,8,-9900,?,9,-9900,?,9,0.37,99.0,E,8
07/10/2022,13:00,945.031,1320.641,221.56,1,8,4.768,1,8,218.149,1,8,26587.2,1,8,452.969,1,8,23996.388,1,8,97.065,1,8,-9900,?,9,-9900,?,9,20.49,E,8,16.06,E,8,85.0,E,8,1008.6016999999999,E,8,999.0,E,8,2.36,E,8,-9900,?,9,-9900,?,9,3.314,E,8,-9900,?,9,-9900,?,9,33.14,99.0,E,8
07/10/2022,14:00,858.371,1320.641,208.41,1,8,3.743,1,8,205.978,1,8,25009.2,1,8,355.607,1,8,22657.581,1,8,100.915,1,8,-9900,?,9,-9900,?,9,20.75,E,8,16.03,E,8,79.0,E,8,1008.6016999999999,E,8,999.0,E,8,2.36,E,8,-9900,?,9,-9900,?,9,0.313,E,8,-9900,?,9,-9900,?,9,3.13,99.0,E,8
07/10/2022,15:00,701.069,1320.641,143.57,1,8,0.0,1,8,143.57,1,8,17228.4,1,8,0.0,1,8,15792.7,1,8,86.151,1,8,-9900,?,9,-9900,?,9,20.7,E,8,16.03,E,8,79.0,E,8,1008.6016999999999,E,8,999.0,E,8,2.36,E,8,-9900,?,9,-9900,?,9,0.10700000000000001,E,8,-9900,?,9,-9900,?,9,1.07,99.0,E,8
07/10/2022,16:00,483.959,1320.641,145.19,1,8,20.533,1,8,137.679,1,8,17422.8,1,8,1950.682,1,8,15144.739,1,8,119.815,1,8,-9900,?,9,-9900,?,9,20.67,E,8,16.04,E,8,74.0,E,8,1008.6016999999999,E,8,999.0,E,8,2.36,E,8,-9900,?,9,-9900,?,9,0.05600000000000001,E,8,-9900,?,9,-9900,?,9,0.56,99.0,E,8
07/10/2022,17:00,222.483,1320.641,86.03,1,8,169.634,1,8,57.724,1,8,10323.6,1,8,16115.265,1,8,6349.66,1,8,110.115,1,8,-9900,?,9,-9900,?,9,20.37,E,8,16.07,E,8,81.0,E,8,1008.6016999999999,E,8,999.0,E,8,2.36,E,8,-9900,?,9,-9900,?,9,0.193,E,8,-9900,?,9,-9900,?,9,1.93,99.0,E,8
07/10/2022,18:00,0.0,1320.641,4.37,1,8,0.0,1,8,0.0,1,8,524.4,1,8,0.0,1,8,0.0,1,8,-0.0,1,8,-9900,?,9,-9900,?,9,20.18,E,8,16.09,E,8,76.0,E,8,1008.6016999999999,E,8,999.0,E,8,2.36,E,8,-9900,?,9,-9900,?,9,0.013000000000000001,E,8,-9900,?,9,-9900,?,9,0.13,99.0,E,8
07/10/2022,19:00,0.0,1320.641,0.0,1,8,0.0,1,8,0.0,1,8,0.0,1,8,0.0,1,8,0.0,1,8,-0.0,1,8,-9900,?,9,-9900,?,9,19.99,E,8,16.11,E,8,78.0,E,8,1008.6016999999999,E,8,999.0,E,8,2.36,E,8,-9900,?,9,-9900,?,9,0.004,E,8,-9900,?,9,-9900,?,9,0.04,99.0,E,8
07/10/2022,20:00,0.0,1320.641,0.0,1,8,0.0,1,8,0.0,1,8,0.0,1,8,0.0,1,8,0.0,1,8,-0.0,1,8,-9900,?,9,-9900,?,9,19.8,E,8,16.13,E,8,79.0,E,8,1008.6016999999999,E,8,999.0,E,8,2.36,E,8,-9900,?,9,-9900,?,9,0.031,E,8,-9900,?,9,-9900,?,9,0.31,99.0,E,8
07/10/2022,21:00,0.0,1320.641,0.0,1,8,0.0,1,8,0.0,1,8,0.0,1,8,0.0,1,8,0.0,1,8,-0.0,1,8,-9900,?,9,-9900,?,9,19.6,E,8,16.15,E,8,80.0,E,8,1008.6016999999999,E,8,999.0,E,8,2.36,E,8,-9900,?,9,-9900,?,9,0.068,E,8,-9900,?,9,-9900,?,9,0.68,99.0,E,8
07/10/2022,22:00,0.0,1320.641,0.0,1,8,0.0,1,8,0.0,1,8,0.0,1,8,0.0,1,8,0.0,1,8,-0.0,1,8,-9900,?,9,-9900,?,9,19.41,E,8,16.17,E,8,86.0,E,8,1008.6016999999999,E,8,999.0,E,8,2.36,E,8,-9900,?,9,-9900,?,9,0.13999999999999999,E,8,-9900,?,9,-9900,?,9,1.4,99.0,E,8
07/10/2022,23:00,0.0,1320.641,0.0,1,8,0.0,1,8,0.0,1,8,0.0,1,8,0.0,1,8,0.0,1,8,-0.0,1,8,-9900,?,9,-9900,?,9,19.22,E,8,16.19,E,8,82.0,E,8,1008.6016999999999,E,8,999.0,E,8,2.36,E,8,-9900,?,9,-9900,?,9,0.08499999999999999,E,8,-9900,?,9,-9900,?,9,0.85,99.0,E,8
07/10/2022,24:00,0.0,1320.641,0.0,1,8,0.0,1,8,0.0,1,8,0.0,1,8,0.0,1,8,0.0,1,8,-0.0,1,8,-9900,?,9,-9900,?,9,19.03,E,8,16.19,E,8,81.0,E,8,1008.6016999999999,E,8,999.0,E,8,1.97,E,8,-9900,?,9,-9900,?,9,0.0,E,8,-9900,?,9,-9900,?,9,0.0,0.0,E,8
07/11/2022,01:00,0.0,1320.641,0.0,1,8,0.0,1,8,0.0,1,8,0.0,1,8,0.0,1,8,0.0,1,8,-0.0,1,8,-9900,?,9,-9900,?,9,18.93,E,8,16.18,E,8,86.0,E,8,1008.6016999999999,E,8,999.0,E,8,1.97,E,8,-9900,?,9,-9900,?,9,0.002,E,8,-9900,?,9,-9900,?,9,0.02,99.0,E,8
07/11/2022,02:00,0.0,1320.641,0.0,1,8,0.0,1,8,0.0,1,8,0.0,1,8,0.0,1,8,0.0,1,8,-0.0,1,8,-9900,?,9,-9900,?,9,18.84,E,8,16.18,E,8,82.0,E,8,1008.6016999999999,E,8,999.0,E,8,1.97,E,8,-9900,?,9,-9900,?,9,0.0,E,8,-9900,?,9,-9900,?,9,0.0,0.0,E,8
07/11/2022,03:00,0.0,1320.641,0.0,1,8,0.0,1,8,0.0,1,8,0.0,1,8,0.0,1,8,0.0,1,8,-0.0,1,8,-9900,?,9,-9900,?,9,18.74,E,8,16.17,E,8,83.0,E,8,1008.6016999999999,E,8,999.0,E,8,1.97,E,8,-9900,?,9,-9900,?,9,0.0,E,8,-9900,?,9,-9900,?,9,0.0,0.0,E,8
07/11/2022,04:00,0.0,1320.716,0.0,1,8,0.0,1,8,0.0,1,8,0.0,1,8,0.0,1,8,0.0,1,8,-0.0,1,8,-9900,?,9,-9900,?,9,18.65,E,8,16.16,E,8,83.0,E,8,1008.6016999999999,E,8,999.0,E,8,1.97,E,8,-9900,?,9,-9900,?,9,0.0,E,8,-9900,?,9,-9900,?,9,0.0,0.0,E,8
07/11/2022,05:00,0.0,1320.716,0.0,1,8,0.0,1,8,0.0,1,8,0.0,1,8,0.0,1,8,0.0,1,8,-0.0,1,8,-9900,?,9,-9900,?,9,18.55,E,8,16.15,E,8,84.0,E,8,1008.6016999999999,E,8,999.0,E,8,1.97,E,8,-9900,?,9,-9900,?,9,0.0,E,8,-9900,?,9,-9900,?,9,0.0,0.0,E,8
07/11/2022,06:00,0.0,1320.716,0.0,1,8,0.0,1,8,0.0,1,8,0.0,1,8,0.0,1,8,0.0,1,8,-0.0,1,8,-9900,?,9,-9900,?,9,18.48,E,8,16.15,E,8,84.0,E,8,1008.6016999999999,E,8,999.0,E,8,1.97,E,8,-9900,?,9,-9900,?,9,0.0,E,8,-9900,?,9,-9900,?,9,0.0,0.0,E,8
07/11/2022,07:00,17.697,1320.716,0.0,1,8,0.0,1,8,0.0,1,8,0.0,1,8,0.0,1,8,0.0,1,8,0.0,1,8,-9900,?,9,-9900,?,9,18.41,E,8,16.14,E,8,84.0,E,8,1008.6016999999999,E,8,999.0,E,8,1.97,E,8,-9900,?,9,-9900,?,9,0.0,E,8,-9900,?,9,-9900,?,9,0.0,0.0,E,8
07/11/2022,08:00,294.287,1320.716,29.28,1,8,0.0,1,8,29.28,1,8,3513.6,1,8,0.0,1,8,3220.8,1,8,42.056,1,8,-9900,?,9,-9900,?,9,18.35,E,8,16.14,E,8,84.0,E,8,1008.6016999999999,E,8,999.0,E,8,1.97,E,8,-9900,?,9,-9900,?,9,0.0,E,8,-9900,?,9,-9900,?,9,0.0,0.0,E,8
07/11/2022,09:00,546.36,1320.716,144.81,1,8,6.661,1,8,142.058,1,8,17377.2,1,8,632.814,1,8,15626.408,1,8,109.461,1,8,-9900,?,9,-9900,?,9,20.06,E,8,16.28,E,8,77.0,E,8,1008.6016999999999,E,8,999.0,E,8,1.97,E,8,-9900,?,9,-9900,?,9,0.0,E,8,-9900,?,9,-9900,?,9,0.0,0.0,E,8
07/11/2022,10:00,749.584,1320.716,254.14,1,8,22.388,1,8,241.441,1,8,30496.8,1,8,2126.834,1,8,26558.563,1,8,135.494,1,8,-9900,?,9,-9900,?,9,21.15,E,8,16.37,E,8,73.0,E,8,1008.6016999999999,E,8,999.0,E,8,1.97,E,8,-9900,?,9,-9900,?,9,0.0,E,8,-9900,?,9,-9900,?,9,0.0,0.0,E,8
07/11/2022,11:00,889.727,1320.716,338.17,1,8,28.027,1,8,319.296,1,8,40580.4,1,8,2662.579,1,8,35122.517,1,8,150.921,1,8,-9900,?,9,-9900,?,9,22.11,E,8,16.45,E,8,69.0,E,8,1008.6016999999999,E,8,999.0,E,8,2.31,E,8,-9900,?,9,-9900,?,9,0.0,E,8,-9900,?,9,-9900,?,9,0.0,0.0,E,8
07/11/2022,12:00,957.154,1320.716,389.29,1,8,74.009,1,8,335.668,1,8,46714.8,1,8,7030.886,1,8,36923.476,1,8,147.47,1,8,-9900,?,9,-9900,?,9,22.88,E,8,16.51,E,8,67.0,E,8,1008.6016999999999,E,8,999.0,E,8,2.21,E,8,-9900,?,9,-9900,?,9,0.0,E,8,-9900,?,9,-9900,?,9,0.0,0.0,E,8
07/11/2022,13:00,947.242,1320.716,403.49,1,8,90.169,1,8,338.837,1,8,48418.8,1,8,8566.101,1,8,37272.037,1,8,150.421,1,8,-9900,?,9,-9900,?,9,23.45,E,8,16.56,E,8,65.0,E,8,1008.6016999999999,E,8,999.0,E,8,3.09,E,8,-9900,?,9,-9900,?,9,0.0,E,8,-9900,?,9,-9900,?,9,0.0,0.0,E,8
07/11/2022,14:00,860.668,1320.716,379.68,1,8,112.295,1,8,306.53,1,8,45561.6,1,8,10668.039,1,8,33718.3,1,8,149.785,1,8,-9900,?,9,-9900,?,9,23.78,E,8,16.59,E,8,64.0,E,8,1008.6016999999999,E,8,999.0,E,8,4.15,E,8,-9900,?,9,-9900,?,9,0.0,E,8,-9900,?,9,-9900,?,9,0.0,0.0,E,8
07/11/2022,15:00,703.361,1320.716,319.68,1,8,144.369,1,8,242.852,1,8,38361.6,1,8,13715.033,1,8,26713.703,1,8,145.259,1,8,-9900,?,9,-9900,?,9,23.89,E,8,16.6,E,8,63.0,E,8,1008.6016999999999,E,8,999.0,E,8,3.79,E,8,-9900,?,9,-9900,?,9,0.0,E,8,-9900,?,9,-9900,?,9,0.0,0.0,E,8
07/11/2022,16:00,486.155,1320.716,228.3,1,8,224.579,1,8,145.786,1,8,27396.0,1,8,21334.966,1,8,16036.46,1,8,126.301,1,8,-9900,?,9,-9900,?,9,23.69,E,8,16.58,E,8,64.0,E,8,1008.6016999999999,E,8,999.0,E,8,3.78,E,8,-9900,?,9,-9900,?,9,0.0,E,8,-9900,?,9,-9900,?,9,0.0,0.0,E,8
07/11/2022,17:00,224.49,1320.716,114.52,1,8,319.989,1,8,60.638,1,8,13742.4,1,8,30398.939,1,8,6670.173,1,8,114.627,1,8,-9900,?,9,-9900,?,9,23.15,E,8,16.54,E,8,66.0,E,8,1008.6016999999999,E,8,999.0,E,8,3.28,E,8,-9900,?,9,-9900,?,9,0.0,E,8,-9900,?,9,-9900,?,9,0.0,0.0,E,8
07/11/2022,18:00,0.0,1320.716,8.37,1,8,0.0,1,8,0.0,1,8,1004.4,1,8,0.0,1,8,0.0,1,8,-0.0,1,8,-9900,?,9,-9900,?,9,22.71,E,8,16.5,E,8,72.0,E,8,1008.6016999999999,E,8,999.0,E,8,2.45,E,8,-9900,?,9,-9900,?,9,0.001,E,8,-9900,?,9,-9900,?,9,0.01,99.0,E,8
07/11/2022,19:00,0.0,1320.716,0.0,1,8,0.0,1,8,0.0,1,8,0.0,1,8,0.0,1,8,0.0,1,8,-0.0,1,8,-9900,?,9,-9900,?,9,22.27,E,8,16.46,E,8,69.0,E,8,1008.6016999999999,E,8,999.0,E,8,1.97,E,8,-9900,?,9,-9900,?,9,0.0,E,8,-9900,?,9,-9900,?,9,0.0,0.0,E,8
07/11/2022,20:00,0.0,1320.716,0.0,1,8,0.0,1,8,0.0,1,8,0.0,1,8,0.0,1,8,0.0,1,8,-0.0,1,8,-9900,?,9,-9900,?,9,21.83,E,8,16.43,E,8,75.0,E,8,1008.6016999999999,E,8,999.0,E,8,1.97,E,8,-9900,?,9,-9900,?,9,0.008,E,8,-9900,?,9,-9900,?,9,0.08,99.0,E,8
07/11/2022,21:00,0.0,1320.716,0.0,1,8,0.0,1,8,0.0,1,8,0.0,1,8,0.0,1,8,0.0,1,8,-0.0,1,8,-9900,?,9,-9900,?,9,21.39,E,8,16.39,E,8,81.0,E,8,1008.6016999999999,E,8,999.0,E,8,1.97,E,8,-9900,?,9,-9900,?,9,0.366,E,8,-9900,?,9,-9900,?,9,3.66,99.0,E,8
07/11/2022,22:00,0.0,1320.716,0.0,1,8,0.0,1,8,0.0,1,8,0.0,1,8,0.0,1,8,0.0,1,8,-0.0,1,8,-9900,?,9,-9900,?,9,20.95,E,8,16.35,E,8,78.0,E,8,1008.6016999999999,E,8,999.0,E,8,1.97,E,8,-9900,?,9,-9900,?,9,0.004,E,8,-9900,?,9,-9900,?,9,0.04,99.0,E,8
07/11/2022,23:00,0.0,1320.716,0.0,1,8,0.0,1,8,0.0,1,8,0.0,1,8,0.0,1,8,0.0,1,8,-0.0,1,8,-9900,?,9,-9900,?,9,20.51,E,8,16.32,E,8,80.0,E,8,1008.6016999999999,E,8,999.0,E,8,1.97,E,8,-9900,?,9,-9900,?,9,0.017,E,8,-9900,?,9,-9900,?,9,0.17,99.0,E,8
07/11/2022,24:00,0.0,1320.716,0.0,1,8,0.0,1,8,0.0,1,8,0.0,1,8,0.0,1,8,0.0,1,8,-0.0,1,8,-9900,?,9,-9900,?,9,20.07,E,8,15.16,E,8,73.0,E,8,1008.6016999999999,E,8,999.0,E,8,2.36,E,8,-9900,?,9,-9900,?,9,0.0,E,8,-9900,?,9,-9900,?,9,0.0,0.0,E,8
07/12/2022,01:00,0.0,1320.716,0.0,1,8,0.0,1,8,0.0,1,8,0.0,1,8,0.0,1,8,0.0,1,8,-0.0,1,8,-9900,?,9,-9900,?,9,19.85,E,8,15.16,E,8,74.0,E,8,1008.6016999999999,E,8,999.0,E,8,2.36,E,8,-9900,?,9,-9900,?,9,0.0,E,8,-9900,?,9,-9900,?,9,0.0,0.0,E,8
07/12/2022,02:00,0.0,1320.716,0.0,1,8,0.0,1,8,0.0,1,8,0.0,1,8,0.0,1,8,0.0,1,8,-0.0,1,8,-9900,?,9,-9900,?,9,19.63,E,8,15.16,E,8,75.0,E,8,1008.6016999999999,E,8,999.0,E,8,2.36,E,8,-9900,?,9,-9900,?,9,0.0,E,8,-9900,?,9,-9900,?,9,0.0,0.0,E,8
07/12/2022,03:00,0.0,1320.716,0.0,1,8,0.0,1,8,0.0,1,8,0.0,1,8,0.0,1,8,0.0,1,8,-0.0,1,8,-9900,?,9,-9900,?,9,19.41,E,8,15.16,E,8,76.0,E,8,1008.6016999999999,E,8,999.0,E,8,2.36,E,8,-9900,?,9,-9900,?,9,0.0,E,8,-9900,?,9,-9900,?,9,0.0,0.0,E,8
07/12/2022,04:00,0.0,1320.804,0.0,1,8,0.0,1,8,0.0,1,8,0.0,1,8,0.0,1,8,0.0,1,8,-0.0,1,8,-9900,?,9,-9900,?,9,19.19,E,8,15.16,E,8,77.0,E,8,1008.6016999999999,E,8,999.0,E,8,2.36,E,8,-9900,?,9,-9900,?,9,0.0,E,8,-9900,?,9,-9900,?,9,0.0,0.0,E,8
07/12/2022,05:00,0.0,1320.804,0.0,1,8,0.0,1,8,0.0,1,8,0.0,1,8,0.0,1,8,0.0,1,8,-0.0,1,8,-9900,?,9,-9900,?,9,18.97,E,8,15.16,E,8,78.0,E,8,1008.6016999999999,E,8,999.0,E,8,2.36,E,8,-9900,?,9,-9900,?,9,0.0,E,8,-9900,?,9,-9900,?,9,0.0,0.0,E,8
07/12/2022,06:00,0.0,1320.804,0.0,1,8,0.0,1,8,0.0,1,8,0.0,1,8,0.0,1,8,0.0,1,8,-0.0,1,8,-9900,?,9,-9900,?,9,18.8,E,8,15.15,E,8,79.0,E,8,1008.6016999999999,E,8,999.0,E,8,2.36,E,8,-9900,?,9,-9900,?,9,0.0,E,8,-9900,?,9,-9900,?,9,0.0,0.0,E,8
07/12/2022,07:00,18.208,1320.804,0.0,1,8,0.0,1,8,0.0,1,8,0.0,1,8,0.0,1,8,0.0,1,8,0.0,1,8,-9900,?,9,-9900,?,9,18.65,E,8,15.15,E,8,80.0,E,8,1008.6016999999999,E,8,999.0,E,8,2.36,E,8,-9900,?,9,-9900,?,9,0.0,E,8,-9900,?,9,-9900,?,9,0.0,0.0,E,8
07/12/2022,08:00,295.212,1320.804,20.95,1,8,0.0,1,8,20.95,1,8,2514.0,1,8,0.0,1,8,2304.5,1,8,29.998,1,8,-9900,?,9,-9900,?,9,18.51,E,8,15.15,E,8,80.0,E,8,1008.6016999999999,E,8,999.0,E,8,2.36,E,8,-9900,?,9,-9900,?,9,0.0,E,8,-9900,?,9,-9900,?,9,0.0,0.0,E,8
07/12/2022,09:00,547.64,1320.804,105.38,1,8,0.0,1,8,105.38,1,8,12645.6,1,8,0.0,1,8,11591.8,1,8,81.014,1,8,-9900,?,9,-9900,?,9,20.0,E,8,15.16,E,8,73.0,E,8,1008.6016999999999,E,8,999.0,E,8,2.36,E,8,-9900,?,9,-9900,?,9,0.0,E,8,-9900,?,9,-9900,?,9,0.0,0.0,E,8
07/12/2022,10:00,751.2,1320.804,299.58,1,8,87.253,1,8,249.986,1,8,35949.6,1,8,8288.991,1,8,27498.46,1,8,139.996,1,8,-9900,?,9,-9900,?,9,21.85,E,8,15.17,E,8,65.0,E,8,1008.6016999999999,E,8,999.0,E,8,2.36,E,8,-9900,?,9,-9900,?,9,0.0,E,8,-9900,?,9,-9900,?,9,0.0,0.0,E,8
07/12/2022,11:00,891.64,1320.804,340.88,1,8,64.018,1,8,297.678,1,8,40905.6,1,8,6081.692,1,8,32744.628,1,8,140.41,1,8,-9900,?,9,-9900,?,9,23.02,E,8,15.18,E,8,61.0,E,8,1008.6016999999999,E,8,999.0,E,8,2.36,E,8,-9900,?,9,-9900,?,9,0.0,E,8,-9900,?,9,-9900,?,9,0.0,0.0,E,8
07/12/2022,12:00,959.302,1320.804,152.19,1,8,0.666,1,8,151.707,1,8,18262.8,1,8,63.226,1,8,16687.742,1,8,66.505,1,8,-9900,?,9,-9900,?,9,22.84,E,8,15.18,E,8,61.0,E,8,1008.6016999999999,E,8,999.0,E,8,2.36,E,8,-9900,?,9,-9900,?,9,0.0,E,8,-9900,?,9,-9900,?,9,0.0,0.0,E,8
07/12/2022,13:00,949.55,1320.804,285.95,1,8,14.082,1,8,275.829,1,8,34314.0,1,8,1337.782,1,8,30341.194,1,8,122.16,1,8,-9900,?,9,-9900,?,9,23.24,E,8,15.18,E,8,60.0,E,8,1008.6016999999999,E,8,999.0,E,8,2.36,E,8,-9900,?,9,-9900,?,9,0.0,E,8,-9900,?,9,-9900,?,9,0.0,0.0,E,8
07/12/2022,14:00,863.048,1320.804,182.28,1,8,3.02,1,8,180.307,1,8,21873.6,1,8,286.894,1,8,19833.822,1,8,87.87,1,8,-9900,?,9,-9900,?,9,23.13,E,8,15.18,E,8,60.0,E,8,1008.6016999999999,E,8,999.0,E,8,2.36,E,8,-9900,?,9,-9900,?,9,0.0,E,8,-9900,?,9,-9900,?,9,0.0,0.0,E,8
07/12/2022,15:00,705.72,1320.804,208.03,1,8,15.678,1,8,199.659,1,8,24963.6,1,8,1489.394,1,8,21962.524,1,8,119.032,1,8,-9900,?,9,-9900,?,9,23.18,E,8,15.18,E,8,60.0,E,8,1008.6016999999999,E,8,999.0,E,8,2.36,E,8,-9900,?,9,-9900,?,9,0.0,E,8,-9900,?,9,-9900,?,9,0.0,0.0,E,8
07/12/2022,16:00,488.401,1320.804,200.31,1,8,133.244,1,8,151.13,1,8,24037.2,1,8,12658.144,1,8,16624.318,1,8,130.335,1,8,-9900,?,9,-9900,?,9,23.18,E,8,15.18,E,8,60.0,E,8,1008.6016999999999,E,8,999.0,E,8,2.36,E,8,-9900,?,9,-9900,?,9,0.0,E,8,-9900,?,9,-9900,?,9,0.0,0.0,E,8
07/12/2022,17:00,226.53,1320.804,81.73,1,8,141.876,1,8,57.62,1,8,9807.6,1,8,13478.219,1,8,6338.252,1,8,107.931,1,8,-9900,?,9,-9900,?,9,22.71,E,8,15.18,E,8,62.0,E,8,1008.6016999999999,E,8,999.0,E,8,2.36,E,8,-9900,?,9,-9900,?,9,0.0,E,8,-9900,?,9,-9900,?,9,0.0,0.0,E,8
07/12/2022,18:00,0.0,1320.804,6.24,1,8,0.0,1,8,0.0,1,8,748.8,1,8,0.0,1,8,0.0,1,8,-0.0,1,8,-9900,?,9,-9900,?,9,22.32,E,8,15.18,E,8,63.0,E,8,1008.6016999999999,E,8,999.0,E,8,2.36,E,8,-9900,?,9,-9900,?,9,0.0,E,8,-9900,?,9,-9900,?,9,0.0,0.0,E,8
07/12/2022,19:00,0.0,1320.804,0.0,1,8,0.0,1,8,0.0,1,8,0.0,1,8,0.0,1,8,0.0,1,8,-0.0,1,8,-9900,?,9,-9900,?,9,21.93,E,8,15.17,E,8,65.0,E,8,1008.6016999999999,E,8,999.0,E,8,2.36,E,8,-9900,?,9,-9900,?,9,0.0,E,8,-9900,?,9,-9900,?,9,0.0,0.0,E,8
07/12/2022,20:00,0.0,1320.804,0.0,1,8,0.0,1,8,0.0,1,8,0.0,1,8,0.0,1,8,0.0,1,8,-0.0,1,8,-9900,?,9,-9900,?,9,21.54,E,8,15.17,E,8,67.0,E,8,1008.6016999999999,E,8,999.0,E,8,2.36,E,8,-9900,?,9,-9900,?,9,0.0,E,8,-9900,?,9,-9900,?,9,0.0,0.0,E,8
07/12/2022,21:00,0.0,1320.804,0.0,1,8,0.0,1,8,0.0,1,8,0.0,1,8,0.0,1,8,0.0,1,8,-0.0,1,8,-9900,?,9,-9900,?,9,21.15,E,8,15.17,E,8,68.0,E,8,1008.6016999999999,E,8,999.0,E,8,2.36,E,8,-9900,?,9,-9900,?,9,0.0,E,8,-9900,?,9,-9900,?,9,0.0,0.0,E,8
07/12/2022,22:00,0.0,1320.804,0.0,1,8,0.0,1,8,0.0,1,8,0.0,1,8,0.0,1,8,0.0,1,8,-0.0,1,8,-9900,?,9,-9900,?,9,20.76,E,8,15.17,E,8,70.0,E,8,1008.6016999999999,E,8,999.0,E,8,2.36,E,8,-9900,?,9,-9900,?,9,0.0,E,8,-9900,?,9,-9900,?,9,0.0,0.0,E,8
07/12/2022,23:00,0.0,1320.804,0.0,1,8,0.0,1,8,0.0,1,8,0.0,1,8,0.0,1,8,0.0,1,8,-0.0,1,8,-9900,?,9,-9900,?,9,20.36,E,8,15.16,E,8,72.0,E,8,1008.6016999999999,E,8,999.0,E,8,2.36,E,8,-9900,?,9,-9900,?,9,0.0,E,8,-9900,?,9,-9900,?,9,0.0,0.0,E,8
07/12/2022,24:00,0.0,1320.804,0.0,1,8,0.0,1,8,0.0,1,8,0.0,1,8,0.0,1,8,0.0,1,8,-0.0,1,8,-9900,?,9,-9900,?,9,19.97,E,8,17.3,E,8,85.0,E,8,1008.6016999999999,E,8,999.0,E,8,1.42,E,8,-9900,?,9,-9900,?,9,0.032,E,8,-9900,?,9,-9900,?,9,0.32,99.0,E,8
07/13/2022,01:00,0.0,1320.804,0.0,1,8,0.0,1,8,0.0,1,8,0.0,1,8,0.0,1,8,0.0,1,8,-0.0,1,8,-9900,?,9,-9900,?,9,19.78,E,8,17.29,E,8,86.0,E,8,1008.6016999999999,E,8,999.0,E,8,1.42,E,8,-9900,?,9,-9900,?,9,0.023,E,8,-9900,?,9,-9900,?,9,0.23,99.0,E,8
07/13/2022,02:00,0.0,1320.804,0.0,1,8,0.0,1,8,0.0,1,8,0.0,1,8,0.0,1,8,0.0,1,8,-0.0,1,8,-9900,?,9,-9900,?,9,19.58,E,8,17.27,E,8,91.0,E,8,1008.6016999999999,E,8,999.0,E,8,1.42,E,8,-9900,?,9,-9900,?,9,0.121,E,8,-9900,?,9,-9900,?,9,1.21,99.0,E,8
07/13/2022,03:00,0.0,1320.804,0.0,1,8,0.0,1,8,0.0,1,8,0.0,1,8,0.0,1,8,0.0,1,8,-0.0,1,8,-9900,?,9,-9900,?,9,19.39,E,8,17.26,E,8,88.0,E,8,1008.6016999999999,E,8,999.0,E,8,1.42,E,8,-9900,?,9,-9900,?,9,0.068,E,8,-9900,?,9,-9900,?,9,0.68,99.0,E,8
07/13/2022,04:00,0.0,1320.904,0.0,1,8,0.0,1,8,0.0,1,8,0.0,1,8,0.0,1,8,0.0,1,8,-0.0,1,8,-9900,?,9,-9900,?,9,19.19,E,8,17.25,E,8,89.0,E,8,1008.6016999999999,E,8,999.0,E,8,1.42,E,8,-9900,?,9,-9900,?,9,0.045,E,8,-9900,?,9,-9900,?,9,0.45,99.0,E,8
07/13/2022,05:00,0.0,1320.904,0.0,1,8,0.0,1,8,0.0,1,8,0.0,1,8,0.0,1,8,0.0,1,8,-0.0,1,8,-9900,?,9,-9900,?,9,19.0,E,8,17.24,E,8,85.0,E,8,1008.6016999999999,E,8,999.0,E,8,1.42,E,8,-9900,?,9,-9900,?,9,0.0,E,8,-9900,?,9,-9900,?,9,0.0,0.0,E,8
07/13/2022,06:00,0.0,1320.904,0.0,1,8,0.0,1,8,0.0,1,8,0.0,1,8,0.0,1,8,0.0,1,8,-0.0,1,8,-9900,?,9,-9900,?,9,18.84,E,8,17.23,E,8,86.0,E,8,1008.6016999999999,E,8,999.0,E,8,1.42,E,8,-9900,?,9,-9900,?,9,0.0,E,8,-9900,?,9,-9900,?,9,0.0,0.0,E,8
07/13/2022,07:00,18.802,1320.904,0.0,1,8,0.0,1,8,0.0,1,8,0.0,1,8,0.0,1,8,0.0,1,8,0.0,1,8,-9900,?,9,-9900,?,9,18.72,E,8,17.23,E,8,87.0,E,8,1008.6016999999999,E,8,999.0,E,8,1.42,E,8,-9900,?,9,-9900,?,9,0.0,E,8,-9900,?,9,-9900,?,9,0.0,0.0,E,8
07/13/2022,08:00,296.241,1320.904,27.62,1,8,0.0,1,8,27.62,1,8,3314.4,1,8,0.0,1,8,3038.2,1,8,39.413,1,8,-9900,?,9,-9900,?,9,18.59,E,8,17.22,E,8,87.0,E,8,1008.6016999999999,E,8,999.0,E,8,1.42,E,8,-9900,?,9,-9900,?,9,0.0,E,8,-9900,?,9,-9900,?,9,0.0,0.0,E,8
07/13/2022,09:00,549.031,1320.904,134.4,1,8,2.454,1,8,133.381,1,8,16128.0,1,8,233.113,1,8,14671.965,1,8,102.288,1,8,-9900,?,9,-9900,?,9,20.18,E,8,17.31,E,8,80.0,E,8,1008.6016999999999,E,8,999.0,E,8,1.42,E,8,-9900,?,9,-9900,?,9,0.0,E,8,-9900,?,9,-9900,?,9,0.0,0.0,E,8
07/13/2022,10:00,752.93,1320.904,235.23,1,8,34.01,1,8,215.856,1,8,28227.6,1,8,3230.979,1,8,23744.111,1,8,120.613,1,8,-9900,?,9,-9900,?,9,21.2,E,8,17.36,E,8,80.0,E,8,1008.6016999999999,E,8,999.0,E,8,1.62,E,8,-9900,?,9,-9900,?,9,0.006,E,8,-9900,?,9,-9900,?,9,0.06,99.0,E,8
07/13/2022,11:00,893.663,1320.904,312.74,1,8,26.781,1,8,294.628,1,8,37528.8,1,8,2544.182,1,8,32409.035,1,8,138.667,1,8,-9900,?,9,-9900,?,9,22.09,E,8,17.41,E,8,77.0,E,8,1008.6016999999999,E,8,999.0,E,8,2.52,E,8,-9900,?,9,-9900,?,9,0.012,E,8,-9900,?,9,-9900,?,9,0.12,99.0,E,8
07/13/2022,12:00,961.555,1320.904,359.94,1,8,33.717,1,8,335.402,1,8,43192.8,1,8,3203.108,1,8,36894.229,1,8,146.699,1,8,-9900,?,9,-9900,?,9,22.81,E,8,17.45,E,8,74.0,E,8,1008.6016999999999,E,8,999.0,E,8,3.04,E,8,-9900,?,9,-9900,?,9,0.017,E,8,-9900,?,9,-9900,?,9,0.17,99.0,E,8
07/13/2022,13:00,951.952,1320.904,373.16,1,8,48.788,1,8,338.009,1,8,44779.2,1,8,4634.834,1,8,37181.002,1,8,149.332,1,8,-9900,?,9,-9900,?,9,23.33,E,8,17.48,E,8,81.0,E,8,1008.6016999999999,E,8,999.0,E,8,3.62,E,8,-9900,?,9,-9900,?,9,1.659,E,8,-9900,?,9,-9900,?,9,16.59,99.0,E,8
07/13/2022,14:00,865.508,1320.904,351.39,1,8,60.864,1,8,311.525,1,8,42166.8,1,8,5782.06,1,8,34267.773,1,8,151.395,1,8,-9900,?,9,-9900,?,9,23.64,E,8,17.5,E,8,72.0,E,8,1008.6016999999999,E,8,999.0,E,8,4.14,E,8,-9900,?,9,-9900,?,9,0.009,E,8,-9900,?,9,-9900,?,9,0.09,99.0,E,8
07/13/2022,15:00,708.144,1320.904,296.27,1,8,106.951,1,8,238.975,1,8,35552.4,1,8,10160.306,1,8,26287.233,1,8,141.993,1,8,-9900,?,9,-9900,?,9,23.74,E,8,17.5,E,8,71.0,E,8,1008.6016999999999,E,8,999.0,E,8,4.73,E,8,-9900,?,9,-9900,?,9,0.001,E,8,-9900,?,9,-9900,?,9,0.01,99.0,E,8
07/13/2022,16:00,490.695,1320.904,212.21,1,8,172.146,1,8,148.377,1,8,25465.2,1,8,16353.83,1,8,16321.438,1,8,127.369,1,8,-9900,?,9,-9900,?,9,23.56,E,8,17.49,E,8,68.0,E,8,1008.6016999999999,E,8,999.0,E,8,4.85,E,8,-9900,?,9,-9900,?,9,0.0,E,8,-9900,?,9,-9900,?,9,0.0,0.0,E,8
07/13/2022,17:00,228.6,1320.904,107.39,1,8,319.035,1,8,52.675,1,8,12886.8,1,8,30308.29,1,8,5794.244,1,8,97.765,1,8,-9900,?,9,-9900,?,9,23.06,E,8,17.46,E,8,69.0,E,8,1008.6016999999999,E,8,999.0,E,8,5.05,E,8,-9900,?,9,-9900,?,9,0.0,E,8,-9900,?,9,-9900,?,9,0.0,0.0,E,8
07/13/2022,18:00,0.0,1320.904,8.56,1,8,0.0,1,8,0.0,1,8,1027.2,1,8,0.0,1,8,0.0,1,8,-0.0,1,8,-9900,?,9,-9900,?,9,22.57,E,8,17.44,E,8,75.0,E,8,1008.6016999999999,E,8,999.0,E,8,4.21,E,8,-9900,?,9,-9900,?,9,0.001,E,8,-9900,?,9,-9900,?,9,0.01,99.0,E,8
07/13/2022,19:00,0.0,1320.904,0.0,1,8,0.0,1,8,0.0,1,8,0.0,1,8,0.0,1,8,0.0,1,8,-0.0,1,8,-9900,?,9,-9900,?,9,22.08,E,8,17.41,E,8,77.0,E,8,1008.6016999999999,E,8,999.0,E,8,2.57,E,8,-9900,?,9,-9900,?,9,0.004,E,8,-9900,?,9,-9900,?,9,0.04,99.0,E,8
07/13/2022,20:00,0.0,1320.904,0.0,1,8,0.0,1,8,0.0,1,8,0.0,1,8,0.0,1,8,0.0,1,8,-0.0,1,8,-9900,?,9,-9900,?,9,21.59,E,8,17.38,E,8,79.0,E,8,1008.6016999999999,E,8,999.0,E,8,1.79,E,8,-9900,?,9,-9900,?,9,0.002,E,8,-9900,?,9,-9900,?,9,0.02,99.0,E,8
07/13/2022,21:00,0.0,1320.904,0.0,1,8,0.0,1,8,0.0,1,8,0.0,1,8,0.0,1,8,0.0,1,8,-0.0,1,8,-9900,?,9,-9900,?,9,21.1,E,8,17.36,E,8,76.0,E,8,1008.6016999999999,E,8,999.0,E,8,1.42,E,8,-9900,?,9,-9900,?,9,0.0,E,8,-9900,?,9,-9900,?,9,0.0,0.0,E,8
07/13/2022,22:00,0.0,1320.904,0.0,1,8,0.0,1,8,0.0,1,8,0.0,1,8,0.0,1,8,0.0,1,8,-0.0,1,8,-9900,?,9,-9900,?,9,20.61,E,8,17.33,E,8,78.0,E,8,1008.6016999999999,E,8,999.0,E,8,1.42,E,8,-9900,?,9,-9900,?,9,0.0,E,8,-9900,?,9,-9900,?,9,0.0,0.0,E,8
07/13/2022,23:00,0.0,1320.904,0.0,1,8,0.0,1,8,0.0,1,8,0.0,1,8,0.0,1,8,0.0,1,8,-0.0,1,8,-9900,?,9,-9900,?,9,20.12,E,8,17.3,E,8,80.0,E,8,1008.6016999999999,E,8,999.0,E,8,1.42,E,8,-9900,?,9,-9900,?,9,0.0,E,8,-9900,?,9,-9900,?,9,0.0,0.0,E,8
07/13/2022,24:00,0.0,1320.904,0.0,1,8,0.0,1,8,0.0,1,8,0.0,1,8,0.0,1,8,0.0,1,8,-0.0,1,8,-9900,?,9,-9900,?,9,19.63,E,8,16.7,E,8,82.0,E,8,1008.6016999999999,E,8,999.0,E,8,1.01,E,8,-9900,?,9,-9900,?,9,0.026000000000000002,E,8,-9900,?,9,-9900,?,9,0.26,99.0,E,8
07/14/2022,01:00,0.0,1320.904,0.0,1,8,0.0,1,8,0.0,1,8,0.0,1,8,0.0,1,8,0.0,1,8,-0.0,1,8,-9900,?,9,-9900,?,9,19.39,E,8,16.7,E,8,83.0,E,8,1008.6016999999999,E,8,999.0,E,8,1.01,E,8,-9900,?,9,-9900,?,9,0.002,E,8,-9900,?,9,-9900,?,9,0.02,99.0,E,8
07/14/2022,02:00,0.0,1320.904,0.0,1,8,0.0,1,8,0.0,1,8,0.0,1,8,0.0,1,8,0.0,1,8,-0.0,1,8,-9900,?,9,-9900,?,9,19.14,E,8,16.71,E,8,92.0,E,8,1008.6016999999999,E,8,999.0,E,8,1.01,E,8,-9900,?,9,-9900,?,9,1.718,E,8,-9900,?,9,-9900,?,9,17.18,99.0,E,8
07/14/2022,03:00,0.0,1320.904,0.0,1,8,0.0,1,8,0.0,1,8,0.0,1,8,0.0,1,8,0.0,1,8,-0.0,1,8,-9900,?,9,-9900,?,9,18.9,E,8,16.71,E,8,89.0,E,8,1008.6016999999999,E,8,999.0,E,8,1.01,E,8,-9900,?,9,-9900,?,9,0.13,E,8,-9900,?,9,-9900,?,9,1.3,99.0,E,8
07/14/2022,04:00,0.0,1321.017,0.0,1,8,0.0,1,8,0.0,1,8,0.0,1,8,0.0,1,8,0.0,1,8,-0.0,1,8,-9900,?,9,-9900,?,9,18.66,E,8,16.72,E,8,87.0,E,8,1008.6016999999999,E,8,999.0,E,8,1.01,E,8,-9900,?,9,-9900,?,9,0.036,E,8,-9900,?,9,-9900,?,9,0.36,99.0,E,8
07/14/2022,05:00,0.0,1321.017,0.0,1,8,0.0,1,8,0.0,1,8,0.0,1,8,0.0,1,8,0.0,1,8,-0.0,1,8,-9900,?,9,-9900,?,9,18.41,E,8,16.72,E,8,88.0,E,8,1008.6016999999999,E,8,999.0,E,8,1.01,E,8,-9900,?,9,-9900,?,9,0.004,E,8,-9900,?,9,-9900,?,9,0.04,99.0,E,8
07/14/2022,06:00,0.0,1321.017,0.0,1,8,0.0,1,8,0.0,1,8,0.0,1,8,0.0,1,8,0.0,1,8,-0.0,1,8,-9900,?,9,-9900,?,9,18.22,E,8,16.73,E,8,89.0,E,8,1008.6016999999999,E,8,999.0,E,8,1.01,E,8,-9900,?,9,-9900,?,9,0.011,E,8,-9900,?,9,-9900,?,9,0.11,99.0,E,8
07/14/2022,07:00,19.48,1321.017,0.0,1,8,0.0,1,8,0.0,1,8,0.0,1,8,0.0,1,8,0.0,1,8,0.0,1,8,-9900,?,9,-9900,?,9,18.06,E,8,16.73,E,8,85.0,E,8,1008.6016999999999,E,8,999.0,E,8,1.01,E,8,-9900,?,9,-9900,?,9,0.0,E,8,-9900,?,9,-9900,?,9,0.0,0.0,E,8
07/14/2022,08:00,297.373,1321.017,36.01,1,8,0.0,1,8,36.01,1,8,4321.2,1,8,0.0,1,8,3961.1,1,8,51.192,1,8,-9900,?,9,-9900,?,9,17.9,E,8,16.73,E,8,86.0,E,8,1008.6016999999999,E,8,999.0,E,8,1.18,E,8,-9900,?,9,-9900,?,9,0.0,E,8,-9900,?,9,-9900,?,9,0.0,0.0,E,8
07/14/2022,09:00,550.533,1321.017,173.6,1,8,25.442,1,8,163.012,1,8,20832.0,1,8,2417.012,1,8,17931.284,1,8,124.68,1,8,-9900,?,9,-9900,?,9,19.78,E,8,16.7,E,8,78.0,E,8,1008.6016999999999,E,8,999.0,E,8,1.86,E,8,-9900,?,9,-9900,?,9,0.0,E,8,-9900,?,9,-9900,?,9,0.0,0.0,E,8
07/14/2022,10:00,754.773,1321.017,303.34,1,8,83.239,1,8,255.81,1,8,36400.8,1,8,7907.701,1,8,28139.053,1,8,142.601,1,8,-9900,?,9,-9900,?,9,20.96,E,8,16.67,E,8,73.0,E,8,1008.6016999999999,E,8,999.0,E,8,2.45,E,8,-9900,?,9,-9900,?,9,0.0,E,8,-9900,?,9,-9900,?,9,0.0,0.0,E,8
07/14/2022,11:00,895.798,1321.017,403.08,1,8,117.776,1,8,323.242,1,8,48369.6,1,8,11188.75,1,8,35556.618,1,8,151.784,1,8,-9900,?,9,-9900,?,9,22.0,E,8,16.65,E,8,69.0,E,8,1008.6016999999999,E,8,999.0,E,8,3.45,E,8,-9900,?,9,-9900,?,9,0.0,E,8,-9900,?,9,-9900,?,9,0.0,0.0,E,8
07/14/2022,12:00,963.912,1321.017,463.87,1,8,144.851,1,8,358.203,1,8,55664.4,1,8,13760.823,1,8,39402.369,1,8,156.301,1,8,-9900,?,9,-9900,?,9,22.84,E,8,16.64,E,8,67.0,E,8,1008.6016999999999,E,8,999.0,E,8,4.1,E,8,-9900,?,9,-9900,?,9,0.0,E,8,-9900,?,9,-9900,?,9,0.0,0.0,E,8
07/14/2022,13:00,954.448,1321.017,480.95,1,8,174.614,1,8,354.823,1,8,57714.0,1,8,16588.377,1,8,39030.555,1,8,156.363,1,8,-9900,?,9,-9900,?,9,23.46,E,8,16.63,E,8,65.0,E,8,1008.6016999999999,E,8,999.0,E,8,4.59,E,8,-9900,?,9,-9900,?,9,0.0,E,8,-9900,?,9,-9900,?,9,0.0,0.0,E,8
07/14/2022,14:00,868.049,1321.017,453.04,1,8,214.265,1,8,312.299,1,8,54364.8,1,8,20355.221,1,8,34352.91,1,8,151.34,1,8,-9900,?,9,-9900,?,9,23.82,E,8,16.62,E,8,67.0,E,8,1008.6016999999999,E,8,999.0,E,8,5.25,E,8,-9900,?,9,-9900,?,9,0.001,E,8,-9900,?,9,-9900,?,9,0.01,99.0,E,8
07/14/2022,15:00,710.631,1321.017,382.24,1,8,322.603,1,8,208.823,1,8,45868.8,1,8,30647.247,1,8,22970.537,1,8,123.653,1,8,-9900,?,9,-9900,?,9,23.94,E,8,16.62,E,8,63.0,E,8,1008.6016999999999,E,8,999.0,E,8,5.4,E,8,-9900,?,9,-9900,?,9,0.0,E,8,-9900,?,9,-9900,?,9,0.0,0.0,E,8
07/14/2022,16:00,493.036,1321.017,274.19,1,8,395.274,1,8,126.929,1,8,32902.8,1,8,37551.0,1,8,13962.208,1,8,108.448,1,8,-9900,?,9,-9900,?,9,23.73,E,8,16.62,E,8,68.0,E,8,1008.6016999999999,E,8,999.0,E,8,5.43,E,8,-9900,?,9,-9900,?,9,0.001,E,8,-9900,?,9,-9900,?,9,0.01,99.0,E,8
07/14/2022,17:00,230.7,1321.017,139.36,1,8,401.554,1,8,69.855,1,8,16723.2,1,8,38147.662,1,8,7684.022,1,8,128.461,1,8,-9900,?,9,-9900,?,9,23.14,E,8,16.63,E,8,70.0,E,8,1008.6016999999999,E,8,999.0,E,8,4.43,E,8,-9900,?,9,-9900,?,9,0.05,E,8,-9900,?,9,-9900,?,9,0.5,99.0,E,8
07/14/2022,18:00,0.0,1321.017,11.59,1,8,0.0,1,8,0.0,1,8,1390.8,1,8,0.0,1,8,0.0,1,8,-0.0,1,8,-9900,?,9,-9900,?,9,22.56,E,8,16.64,E,8,68.0,E,8,1008.6016999999999,E,8,999.0,E,8,3.3,E,8,-9900,?,9,-9900,?,9,0.0,E,8,-9900,?,9,-9900,?,9,0.0,0.0,E,8
07/14/2022,19:00,0.0,1321.017,0.0,1,8,0.0,1,8,0.0,1,8,0.0,1,8,0.0,1,8,0.0,1,8,-0.0,1,8,-9900,?,9,-9900,?,9,21.98,E,8,16.65,E,8,73.0,E,8,1008.6016999999999,E,8,999.0,E,8,2.3,E,8,-9900,?,9,-9900,?,9,0.008,E,8,-9900,?,9,-9900,?,9,0.08,99.0,E,8
07/14/2022,20:00,0.0,1321.017,0.0,1,8,0.0,1,8,0.0,1,8,0.0,1,8,0.0,1,8,0.0,1,8,-0.0,1,8,-9900,?,9,-9900,?,9,21.4,E,8,16.67,E,8,76.0,E,8,1008.6016999999999,E,8,999.0,E,8,1.64,E,8,-9900,?,9,-9900,?,9,0.02,E,8,-9900,?,9,-9900,?,9,0.2,99.0,E,8
07/14/2022,21:00,0.0,1321.017,0.0,1,8,0.0,1,8,0.0,1,8,0.0,1,8,0.0,1,8,0.0,1,8,-0.0,1,8,-9900,?,9,-9900,?,9,20.82,E,8,16.68,E,8,78.0,E,8,1008.6016999999999,E,8,999.0,E,8,1.01,E,8,-9900,?,9,-9900,?,9,0.014000000000000002,E,8,-9900,?,9,-9900,?,9,0.14,99.0,E,8
07/14/2022,22:00,0.0,1321.017,0.0,1,8,0.0,1,8,0.0,1,8,0.0,1,8,0.0,1,8,0.0,1,8,-0.0,1,8,-9900,?,9,-9900,?,9,20.23,E,8,16.69,E,8,80.0,E,8,1008.6016999999999,E,8,999.0,E,8,1.01,E,8,-9900,?,9,-9900,?,9,0.005,E,8,-9900,?,9,-9900,?,9,0.05,99.0,E,8
07/14/2022,23:00,0.0,1321.017,0.0,1,8,0.0,1,8,0.0,1,8,0.0,1,8,0.0,1,8,0.0,1,8,-0.0,1,8,-9900,?,9,-9900,?,9,19.65,E,8,16.7,E,8,82.0,E,8,1008.6016999999999,E,8,999.0,E,8,1.01,E,8,-9900,?,9,-9900,?,9,0.074,E,8,-9900,?,9,-9900,?,9,0.74,99.0,E,8
07/14/2022,24:00,0.0,1321.017,0.0,1,8,0.0,1,8,0.0,1,8,0.0,1,8,0.0,1,8,0.0,1,8,-0.0,1,8,-9900,?,9,-9900,?,9,19.07,E,8,13.25,E,8,72.0,E,8,1008.6016999999999,E,8,999.0,E,8,1.08,E,8,-9900,?,9,-9900,?,9,0.006,E,8,-9900,?,9,-9900,?,9,0.06,99.0,E,8
07/15/2022,01:00,0.0,1321.017,0.0,1,8,0.0,1,8,0.0,1,8,0.0,1,8,0.0,1,8,0.0,1,8,-0.0,1,8,-9900,?,9,-9900,?,9,18.78,E,8,13.43,E,8,70.0,E,8,1008.6016999999999,E,8,999.0,E,8,1.08,E,8,-9900,?,9,-9900,?,9,0.0,E,8,-9900,?,9,-9900,?,9,0.0,0.0,E,8
07/15/2022,02:00,0.0,1321.017,0.0,1,8,0.0,1,8,0.0,1,8,0.0,1,8,0.0,1,8,0.0,1,8,-0.0,1,8,-9900,?,9,-9900,?,9,18.49,E,8,13.61,E,8,76.0,E,8,1008.6016999999999,E,8,999.0,E,8,1.08,E,8,-9900,?,9,-9900,?,9,0.01,E,8,-9900,?,9,-9900,?,9,0.1,99.0,E,8
07/15/2022,03:00,0.0,1321.017,0.0,1,8,0.0,1,8,0.0,1,8,0.0,1,8,0.0,1,8,0.0,1,8,-0.0,1,8,-9900,?,9,-9900,?,9,18.2,E,8,13.79,E,8,78.0,E,8,1008.6016999999999,E,8,999.0,E,8,1.08,E,8,-9900,?,9,-9900,?,9,0.004,E,8,-9900,?,9,-9900,?,9,0.04,99.0,E,8
07/15/2022,04:00,0.0,1321.142,0.0,1,8,0.0,1,8,0.0,1,8,0.0,1,8,0.0,1,8,0.0,1,8,-0.0,1,8,-9900,?,9,-9900,?,9,17.91,E,8,13.96,E,8,81.0,E,8,1008.6016999999999,E,8,999.0,E,8,1.08,E,8,-9900,?,9,-9900,?,9,0.001,E,8,-9900,?,9,-9900,?,9,0.01,99.0,E,8
07/15/2022,05:00,0.0,1321.142,0.0,1,8,0.0,1,8,0.0,1,8,0.0,1,8,0.0,1,8,0.0,1,8,-0.0,1,8,-9900,?,9,-9900,?,9,17.62,E,8,14.13,E,8,78.0,E,8,1008.6016999999999,E,8,999.0,E,8,1.08,E,8,-9900,?,9,-9900,?,9,0.0,E,8,-9900,?,9,-9900,?,9,0.0,0.0,E,8
07/15/2022,06:00,0.0,1321.142,0.0,1,8,0.0,1,8,0.0,1,8,0.0,1,8,0.0,1,8,0.0,1,8,-0.0,1,8,-9900,?,9,-9900,?,9,17.4,E,8,14.27,E,8,80.0,E,8,1008.6016999999999,E,8,999.0,E,8,1.08,E,8,-9900,?,9,-9900,?,9,0.0,E,8,-9900,?,9,-9900,?,9,0.0,0.0,E,8
07/15/2022,07:00,20.242,1321.142,0.0,1,8,0.0,1,8,0.0,1,8,0.0,1,8,0.0,1,8,0.0,1,8,0.0,1,8,-9900,?,9,-9900,?,9,17.2,E,8,14.38,E,8,81.0,E,8,1008.6016999999999,E,8,999.0,E,8,1.08,E,8,-9900,?,9,-9900,?,9,0.0,E,8,-9900,?,9,-9900,?,9,0.0,0.0,E,8
07/15/2022,08:00,298.61,1321.142,28.1,1,8,0.0,1,8,28.1,1,8,3372.0,1,8,0.0,1,8,3091.0,1,8,39.783,1,8,-9900,?,9,-9900,?,9,17.01,E,8,14.49,E,8,83.0,E,8,1008.6016999999999,E,8,999.0,E,8,1.08,E,8,-9900,?,9,-9900,?,9,0.0,E,8,-9900,?,9,-9900,?,9,0.0,0.0,E,8
07/15/2022,09:00,552.145,1321.142,134.15,1,8,1.015,1,8,133.727,1,8,16098.0,1,8,96.393,1,8,14709.918,1,8,101.991,1,8,-9900,?,9,-9900,?,9,18.45,E,8,13.63,E,8,72.0,E,8,1008.6016999999999,E,8,999.0,E,8,1.34,E,8,-9900,?,9,-9900,?,9,0.0,E,8,-9900,?,9,-9900,?,9,0.0,0.0,E,8
07/15/2022,10:00,756.727,1321.142,79.81,1,8,0.0,1,8,79.81,1,8,9577.2,1,8,0.0,1,8,8779.1,1,8,44.379,1,8,-9900,?,9,-9900,?,9,18.44,E,8,13.64,E,8,72.0,E,8,1008.6016999999999,E,8,999.0,E,8,2.14,E,8,-9900,?,9,-9900,?,9,0.0,E,8,-9900,?,9,-9900,?,9,0.0,0.0,E,8
07/15/2022,11:00,898.041,1321.142,310.81,1,8,58.471,1,8,271.078,1,8,37297.2,1,8,5554.719,1,8,29818.617,1,8,126.983,1,8,-9900,?,9,-9900,?,9,19.47,E,8,12.99,E,8,65.0,E,8,1008.6016999999999,E,8,999.0,E,8,2.73,E,8,-9900,?,9,-9900,?,9,0.0,E,8,-9900,?,9,-9900,?,9,0.0,0.0,E,8
07/15/2022,12:00,966.372,1321.142,271.34,1,8,10.719,1,8,263.502,1,8,32560.8,1,8,1018.259,1,8,28985.194,1,8,114.696,1,8,-9900,?,9,-9900,?,9,19.94,E,8,12.69,E,8,67.0,E,8,1008.6016999999999,E,8,999.0,E,8,3.61,E,8,-9900,?,9,-9900,?,9,0.001,E,8,-9900,?,9,-9900,?,9,0.01,99.0,E,8
07/15/2022,13:00,957.035,1321.142,370.82,1,8,56.777,1,8,329.702,1,8,44498.4,1,8,5393.823,1,8,36267.181,1,8,144.913,1,8,-9900,?,9,-9900,?,9,20.55,E,8,12.29,E,8,58.0,E,8,1008.6016999999999,E,8,999.0,E,8,4.13,E,8,-9900,?,9,-9900,?,9,0.0,E,8,-9900,?,9,-9900,?,9,0.0,0.0,E,8
07/15/2022,14:00,870.666,1321.142,349.41,1,8,75.623,1,8,299.592,1,8,41929.2,1,8,7184.177,1,8,32955.079,1,8,144.758,1,8,-9900,?,9,-9900,?,9,20.93,E,8,12.04,E,8,56.0,E,8,1008.6016999999999,E,8,999.0,E,8,4.85,E,8,-9900,?,9,-9900,?,9,0.0,E,8,-9900,?,9,-9900,?,9,0.0,0.0,E,8
07/15/2022,15:00,713.181,1321.142,295.01,1,8,105.748,1,8,237.966,1,8,35401.2,1,8,10046.057,1,8,26176.219,1,8,140.418,1,8,-9900,?,9,-9900,?,9,21.09,E,8,11.93,E,8,55.0,E,8,1008.6016999999999,E,8,999.0,E,8,5.06,E,8,-9900,?,9,-9900,?,9,0.0,E,8,-9900,?,9,-9900,?,9,0.0,0.0,E,8
07/15/2022,16:00,495.421,1321.142,275.06,1,8,345.105,1,8,145.877,1,8,33007.2,1,8,32784.977,1,8,16046.512,1,8,124.047,1,8,-9900,?,9,-9900,?,9,21.18,E,8,11.87,E,8,55.0,E,8,1008.6016999999999,E,8,999.0,E,8,4.62,E,8,-9900,?,9,-9900,?,9,0.0,E,8,-9900,?,9,-9900,?,9,0.0,0.0,E,8
07/15/2022,17:00,232.828,1321.142,172.58,1,8,401.534,1,8,102.433,1,8,20709.6,1,8,38145.727,1,8,11267.587,1,8,186.638,1,8,-9900,?,9,-9900,?,9,20.99,E,8,12.0,E,8,56.0,E,8,1008.6016999999999,E,8,999.0,E,8,4.8,E,8,-9900,?,9,-9900,?,9,0.0,E,8,-9900,?,9,-9900,?,9,0.0,0.0,E,8
07/15/2022,18:00,0.0,1321.142,9.38,1,8,0.0,1,8,0.0,1,8,1125.6,1,8,0.0,1,8,0.0,1,8,-0.0,1,8,-9900,?,9,-9900,?,9,20.6,E,8,12.26,E,8,58.0,E,8,1008.6016999999999,E,8,999.0,E,8,3.84,E,8,-9900,?,9,-9900,?,9,0.0,E,8,-9900,?,9,-9900,?,9,0.0,0.0,E,8
07/15/2022,19:00,0.0,1321.142,0.0,1,8,0.0,1,8,0.0,1,8,0.0,1,8,0.0,1,8,0.0,1,8,-0.0,1,8,-9900,?,9,-9900,?,9,20.21,E,8,12.52,E,8,65.0,E,8,1008.6016999999999,E,8,999.0,E,8,2.95,E,8,-9900,?,9,-9900,?,9,0.002,E,8,-9900,?,9,-9900,?,9,0.02,99.0,E,8
07/15/2022,20:00,0.0,1321.142,0.0,1,8,0.0,1,8,0.0,1,8,0.0,1,8,0.0,1,8,0.0,1,8,-0.0,1,8,-9900,?,9,-9900,?,9,19.82,E,8,12.77,E,8,67.0,E,8,1008.6016999999999,E,8,999.0,E,8,2.36,E,8,-9900,?,9,-9900,?,9,0.015,E,8,-9900,?,9,-9900,?,9,0.15,99.0,E,8
07/15/2022,21:00,0.0,1321.142,0.0,1,8,0.0,1,8,0.0,1,8,0.0,1,8,0.0,1,8,0.0,1,8,-0.0,1,8,-9900,?,9,-9900,?,9,19.43,E,8,13.02,E,8,70.0,E,8,1008.6016999999999,E,8,999.0,E,8,1.71,E,8,-9900,?,9,-9900,?,9,0.047,E,8,-9900,?,9,-9900,?,9,0.47,99.0,E,8
07/15/2022,22:00,0.0,1321.142,0.0,1,8,0.0,1,8,0.0,1,8,0.0,1,8,0.0,1,8,0.0,1,8,-0.0,1,8,-9900,?,9,-9900,?,9,19.04,E,8,13.27,E,8,73.0,E,8,1008.6016999999999,E,8,999.0,E,8,1.44,E,8,-9900,?,9,-9900,?,9,0.025,E,8,-9900,?,9,-9900,?,9,0.25,99.0,E,8
07/15/2022,23:00,0.0,1321.142,0.0,1,8,0.0,1,8,0.0,1,8,0.0,1,8,0.0,1,8,0.0,1,8,-0.0,1,8,-9900,?,9,-9900,?,9,18.65,E,8,13.51,E,8,85.0,E,8,1008.6016999999999,E,8,999.0,E,8,1.27,E,8,-9900,?,9,-9900,?,9,0.79,E,8,-9900,?,9,-9900,?,9,7.9,99.0,E,8
07/15/2022,24:00,0.0,1321.142,0.0,1,8,0.0,1,8,0.0,1,8,0.0,1,8,0.0,1,8,0.0,1,8,-0.0,1,8,-9900,?,9,-9900,?,9,18.27,E,8,13.68,E,8,71.0,E,8,1008.6016999999999,E,8,999.0,E,8,1.7,E,8,-9900,?,9,-9900,?,9,0.0,E,8,-9900,?,9,-9900,?,9,0.0,0.0,E,8
07/16/2022,01:00,0.0,1321.142,0.0,1,8,0.0,1,8,0.0,1,8,0.0,1,8,0.0,1,8,0.0,1,8,-0.0,1,8,-9900,?,9,-9900,?,9,18.07,E,8,13.75,E,8,72.0,E,8,1008.6016999999999,E,8,999.0,E,8,1.7,E,8,-9900,?,9,-9900,?,9,0.0,E,8,-9900,?,9,-9900,?,9,0.0,0.0,E,8
07/16/2022,02:00,0.0,1321.142,0.0,1,8,0.0,1,8,0.0,1,8,0.0,1,8,0.0,1,8,0.0,1,8,-0.0,1,8,-9900,?,9,-9900,?,9,17.88,E,8,13.81,E,8,77.0,E,8,1008.6016999999999,E,8,999.0,E,8,1.7,E,8,-9900,?,9,-9900,?,9,0.001,E,8,-9900,?,9,-9900,?,9,0.01,99.0,E,8
07/16/2022,03:00,0.0,1321.142,0.0,1,8,0.0,1,8,0.0,1,8,0.0,1,8,0.0,1,8,0.0,1,8,-0.0,1,8,-9900,?,9,-9900,?,9,17.68,E,8,13.88,E,8,78.0,E,8,1008.6016999999999,E,8,999.0,E,8,1.7,E,8,-9900,?,9,-9900,?,9,0.013000000000000001,E,8,-9900,?,9,-9900,?,9,0.13,99.0,E,8
07/16/2022,04:00,0.0,1321.28,0.0,1,8,0.0,1,8,0.0,1,8,0.0,1,8,0.0,1,8,0.0,1,8,-0.0,1,8,-9900,?,9,-9900,?,9,17.49,E,8,13.94,E,8,83.0,E,8,1008.6016999999999,E,8,999.0,E,8,1.7,E,8,-9900,?,9,-9900,?,9,0.275,E,8,-9900,?,9,-9900,?,9,2.75,99.0,E,8
07/16/2022,05:00,0.0,1321.28,0.0,1,8,0.0,1,8,0.0,1,8,0.0,1,8,0.0,1,8,0.0,1,8,-0.0,1,8,-9900,?,9,-9900,?,9,17.29,E,8,14.0,E,8,76.0,E,8,1008.6016999999999,E,8,999.0,E,8,1.7,E,8,-9900,?,9,-9900,?,9,0.0,E,8,-9900,?,9,-9900,?,9,0.0,0.0,E,8
07/16/2022,06:00,0.0,1321.28,0.0,1,8,0.0,1,8,0.0,1,8,0.0,1,8,0.0,1,8,0.0,1,8,-0.0,1,8,-9900,?,9,-9900,?,9,17.14,E,8,14.05,E,8,77.0,E,8,1008.6016999999999,E,8,999.0,E,8,1.7,E,8,-9900,?,9,-9900,?,9,0.0,E,8,-9900,?,9,-9900,?,9,0.0,0.0,E,8
07/16/2022,07:00,21.089,1321.28,0.0,1,8,0.0,1,8,0.0,1,8,0.0,1,8,0.0,1,8,0.0,1,8,0.0,1,8,-9900,?,9,-9900,?,9,17.01,E,8,14.1,E,8,78.0,E,8,1008.6016999999999,E,8,999.0,E,8,1.7,E,8,-9900,?,9,-9900,?,9,0.0,E,8,-9900,?,9,-9900,?,9,0.0,0.0,E,8
07/16/2022,08:00,299.951,1321.28,39.19,1,8,0.0,1,8,39.19,1,8,4702.8,1,8,0.0,1,8,4310.9,1,8,55.24,1,8,-9900,?,9,-9900,?,9,16.88,E,8,14.14,E,8,79.0,E,8,1008.6016999999999,E,8,999.0,E,8,1.7,E,8,-9900,?,9,-9900,?,9,0.0,E,8,-9900,?,9,-9900,?,9,0.0,0.0,E,8
07/16/2022,09:00,553.866,1321.28,185.31,1,8,34.998,1,8,170.659,1,8,22237.2,1,8,3324.83,1,8,18772.511,1,8,129.767,1,8,-9900,?,9,-9900,?,9,18.41,E,8,13.63,E,8,70.0,E,8,1008.6016999999999,E,8,999.0,E,8,1.7,E,8,-9900,?,9,-9900,?,9,0.0,E,8,-9900,?,9,-9900,?,9,0.0,0.0,E,8
07/16/2022,10:00,758.793,1321.28,322.73,1,8,100.175,1,8,265.235,1,8,38727.6,1,8,9516.58,1,8,29175.894,1,8,147.1,1,8,-9900,?,9,-9900,?,9,19.37,E,8,13.31,E,8,65.0,E,8,1008.6016999999999,E,8,999.0,E,8,2.17,E,8,-9900,?,9,-9900,?,9,0.0,E,8,-9900,?,9,-9900,?,9,0.0,0.0,E,8
07/16/2022,11:00,900.393,1321.28,428.38,1,8,146.277,1,8,328.733,1,8,51405.6,1,8,13896.318,1,8,36160.577,1,8,153.604,1,8,-9900,?,9,-9900,?,9,20.21,E,8,13.02,E,8,61.0,E,8,1008.6016999999999,E,8,999.0,E,8,2.85,E,8,-9900,?,9,-9900,?,9,0.0,E,8,-9900,?,9,-9900,?,9,0.0,0.0,E,8
07/16/2022,12:00,968.932,1321.28,492.82,1,8,178.957,1,8,361.619,1,8,59138.4,1,8,17000.886,1,8,39778.107,1,8,157.005,1,8,-9900,?,9,-9900,?,9,20.89,E,8,12.78,E,8,59.0,E,8,1008.6016999999999,E,8,999.0,E,8,3.53,E,8,-9900,?,9,-9900,?,9,0.0,E,8,-9900,?,9,-9900,?,9,0.0,0.0,E,8
07/16/2022,13:00,959.712,1321.28,511.05,1,8,214.724,1,8,355.127,1,8,61326.0,1,8,20398.745,1,8,39063.918,1,8,155.669,1,8,-9900,?,9,-9900,?,9,21.38,E,8,12.61,E,8,57.0,E,8,1008.6016999999999,E,8,999.0,E,8,4.09,E,8,-9900,?,9,-9900,?,9,0.0,E,8,-9900,?,9,-9900,?,9,0.0,0.0,E,8
07/16/2022,14:00,873.36,1321.28,481.69,1,8,303.276,1,8,281.302,1,8,57802.8,1,8,28811.212,1,8,30943.2,1,8,135.515,1,8,-9900,?,9,-9900,?,9,21.68,E,8,12.5,E,8,55.0,E,8,1008.6016999999999,E,8,999.0,E,8,3.85,E,8,-9900,?,9,-9900,?,9,0.0,E,8,-9900,?,9,-9900,?,9,0.0,0.0,E,8
07/16/2022,15:00,715.79,1321.28,406.95,1,8,389.784,1,8,195.937,1,8,48834.0,1,8,37029.472,1,8,21553.102,1,8,115.208,1,8,-9900,?,9,-9900,?,9,21.77,E,8,12.47,E,8,55.0,E,8,1008.6016999999999,E,8,999.0,E,8,4.48,E,8,-9900,?,9,-9900,?,9,0.0,E,8,-9900,?,9,-9900,?,9,0.0,0.0,E,8
07/16/2022,16:00,497.85,1321.28,292.75,1,8,468.158,1,8,116.661,1,8,35130.0,1,8,44475.053,1,8,12832.69,1,8,98.727,1,8,-9900,?,9,-9900,?,9,21.6,E,8,12.53,E,8,56.0,E,8,1008.6016999999999,E,8,999.0,E,8,4.23,E,8,-9900,?,9,-9900,?,9,0.0,E,8,-9900,?,9,-9900,?,9,0.0,0.0,E,8
07/16/2022,17:00,234.983,1321.28,150.06,1,8,529.822,1,8,56.639,1,8,18007.2,1,8,50333.049,1,8,6230.327,1,8,102.248,1,8,-9900,?,9,-9900,?,9,21.13,E,8,12.7,E,8,58.0,E,8,1008.6016999999999,E,8,999.0,E,8,3.69,E,8,-9900,?,9,-9900,?,9,0.0,E,8,-9900,?,9,-9900,?,9,0.0,0.0,E,8
07/16/2022,18:00,0.0,1321.28,13.52,1,8,0.0,1,8,0.0,1,8,1622.4,1,8,0.0,1,8,0.0,1,8,-0.0,1,8,-9900,?,9,-9900,?,9,20.73,E,8,12.84,E,8,59.0,E,8,1008.6016999999999,E,8,999.0,E,8,2.14,E,8,-9900,?,9,-9900,?,9,0.0,E,8,-9900,?,9,-9900,?,9,0.0,0.0,E,8
07/16/2022,19:00,0.0,1321.28,0.0,1,8,0.0,1,8,0.0,1,8,0.0,1,8,0.0,1,8,0.0,1,8,-0.0,1,8,-9900,?,9,-9900,?,9,20.33,E,8,12.98,E,8,61.0,E,8,1008.6016999999999,E,8,999.0,E,8,1.7,E,8,-9900,?,9,-9900,?,9,0.0,E,8,-9900,?,9,-9900,?,9,0.0,0.0,E,8
07/16/2022,20:00,0.0,1321.28,0.0,1,8,0.0,1,8,0.0,1,8,0.0,1,8,0.0,1,8,0.0,1,8,-0.0,1,8,-9900,?,9,-9900,?,9,19.94,E,8,13.11,E,8,63.0,E,8,1008.6016999999999,E,8,999.0,E,8,1.7,E,8,-9900,?,9,-9900,?,9,0.0,E,8,-9900,?,9,-9900,?,9,0.0,0.0,E,8
07/16/2022,21:00,0.0,1321.28,0.0,1,8,0.0,1,8,0.0,1,8,0.0,1,8,0.0,1,8,0.0,1,8,-0.0,1,8,-9900,?,9,-9900,?,9,19.54,E,8,13.25,E,8,69.0,E,8,1008.6016999999999,E,8,999.0,E,8,1.7,E,8,-9900,?,9,-9900,?,9,0.002,E,8,-9900,?,9,-9900,?,9,0.02,99.0,E,8
07/16/2022,22:00,0.0,1321.28,0.0,1,8,0.0,1,8,0.0,1,8,0.0,1,8,0.0,1,8,0.0,1,8,-0.0,1,8,-9900,?,9,-9900,?,9,19.14,E,8,13.39,E,8,71.0,E,8,1008.6016999999999,E,8,999.0,E,8,1.7,E,8,-9900,?,9,-9900,?,9,0.003,E,8,-9900,?,9,-9900,?,9,0.03,99.0,E,8
07/16/2022,23:00,0.0,1321.28,0.0,1,8,0.0,1,8,0.0,1,8,0.0,1,8,0.0,1,8,0.0,1,8,-0.0,1,8,-9900,?,9,-9900,?,9,18.74,E,8,13.52,E,8,73.0,E,8,1008.6016999999999,E,8,999.0,E,8,1.7,E,8,-9900,?,9,-9900,?,9,0.006,E,8,-9900,?,9,-9900,?,9,0.06,99.0,E,8
07/16/2022,24:00,0.0,1321.28,0.0,1,8,0.0,1,8,0.0,1,8,0.0,1,8,0.0,1,8,0.0,1,8,-0.0,1,8,-9900,?,9,-9900,?,9,18.35,E,8,14.11,E,8,76.0,E,8,1008.6016999999999,E,8,999.0,E,8,1.57,E,8,-9900,?,9,-9900,?,9,0.0,E,8,-9900,?,9,-9900,?,9,0.0,0.0,E,8
07/17/2022,01:00,0.0,1321.28,0.0,1,8,0.0,1,8,0.0,1,8,0.0,1,8,0.0,1,8,0.0,1,8,-0.0,1,8,-9900,?,9,-9900,?,9,18.15,E,8,14.13,E,8,82.0,E,8,1008.6016999999999,E,8,999.0,E,8,1.57,E,8,-9900,?,9,-9900,?,9,0.001,E,8,-9900,?,9,-9900,?,9,0.01,99.0,E,8
07/17/2022,02:00,0.0,1321.28,0.0,1,8,0.0,1,8,0.0,1,8,0.0,1,8,0.0,1,8,0.0,1,8,-0.0,1,8,-9900,?,9,-9900,?,9,17.95,E,8,14.14,E,8,78.0,E,8,1008.6016999999999,E,8,999.0,E,8,1.57,E,8,-9900,?,9,-9900,?,9,0.0,E,8,-9900,?,9,-9900,?,9,0.0,0.0,E,8
07/17/2022,03:00,0.0,1321.28,0.0,1,8,0.0,1,8,0.0,1,8,0.0,1,8,0.0,1,8,0.0,1,8,-0.0,1,8,-9900,?,9,-9900,?,9,17.75,E,8,14.16,E,8,79.0,E,8,1008.6016999999999,E,8,999.0,E,8,1.57,E,8,-9900,?,9,-9900,?,9,0.0,E,8,-9900,?,9,-9900,?,9,0.0,0.0,E,8
07/17/2022,04:00,0.0,1321.431,0.0,1,8,0.0,1,8,0.0,1,8,0.0,1,8,0.0,1,8,0.0,1,8,-0.0,1,8,-9900,?,9,-9900,?,9,17.55,E,8,14.17,E,8,80.0,E,8,1008.6016999999999,E,8,999.0,E,8,1.57,E,8,-9900,?,9,-9900,?,9,0.0,E,8,-9900,?,9,-9900,?,9,0.0,0.0,E,8
07/17/2022,05:00,0.0,1321.431,0.0,1,8,0.0,1,8,0.0,1,8,0.0,1,8,0.0,1,8,0.0,1,8,-0.0,1,8,-9900,?,9,-9900,?,9,17.35,E,8,14.19,E,8,81.0,E,8,1008.6016999999999,E,8,999.0,E,8,1.57,E,8,-9900,?,9,-9900,?,9,0.0,E,8,-9900,?,9,-9900,?,9,0.0,0.0,E,8
07/17/2022,06:00,0.0,1321.431,0.0,1,8,0.0,1,8,0.0,1,8,0.0,1,8,0.0,1,8,0.0,1,8,-0.0,1,8,-9900,?,9,-9900,?,9,17.2,E,8,14.2,E,8,82.0,E,8,1008.6016999999999,E,8,999.0,E,8,1.57,E,8,-9900,?,9,-9900,?,9,0.0,E,8,-9900,?,9,-9900,?,9,0.0,0.0,E,8
07/17/2022,07:00,22.022,1321.431,0.0,1,8,0.0,1,8,0.0,1,8,0.0,1,8,0.0,1,8,0.0,1,8,0.0,1,8,-9900,?,9,-9900,?,9,17.07,E,8,14.21,E,8,83.0,E,8,1008.6016999999999,E,8,999.0,E,8,1.57,E,8,-9900,?,9,-9900,?,9,0.0,E,8,-9900,?,9,-9900,?,9,0.0,0.0,E,8
07/17/2022,08:00,301.395,1321.431,33.13,1,8,0.0,1,8,33.13,1,8,3975.6,1,8,0.0,1,8,3644.3,1,8,46.477,1,8,-9900,?,9,-9900,?,9,16.94,E,8,14.22,E,8,84.0,E,8,1008.6016999999999,E,8,999.0,E,8,1.57,E,8,-9900,?,9,-9900,?,9,0.0,E,8,-9900,?,9,-9900,?,9,0.0,0.0,E,8
07/17/2022,09:00,555.698,1321.431,155.13,1,8,11.096,1,8,150.47,1,8,18615.6,1,8,1054.087,1,8,16551.734,1,8,114.05,1,8,-9900,?,9,-9900,?,9,18.24,E,8,14.12,E,8,76.0,E,8,1008.6016999999999,E,8,999.0,E,8,1.57,E,8,-9900,?,9,-9900,?,9,0.0,E,8,-9900,?,9,-9900,?,9,0.0,0.0,E,8
07/17/2022,10:00,760.969,1321.431,269.74,1,8,65.291,1,8,232.163,1,8,32368.8,1,8,6202.64,1,8,25537.958,1,8,128.404,1,8,-9900,?,9,-9900,?,9,19.05,E,8,14.06,E,8,72.0,E,8,1008.6016999999999,E,8,999.0,E,8,1.61,E,8,-9900,?,9,-9900,?,9,0.0,E,8,-9900,?,9,-9900,?,9,0.0,0.0,E,8
07/17/2022,11:00,902.852,1321.431,357.86,1,8,69.813,1,8,310.177,1,8,42943.2,1,8,6632.281,1,8,34119.443,1,8,144.555,1,8,-9900,?,9,-9900,?,9,19.76,E,8,14.0,E,8,69.0,E,8,1008.6016999999999,E,8,999.0,E,8,2.58,E,8,-9900,?,9,-9900,?,9,0.0,E,8,-9900,?,9,-9900,?,9,0.0,0.0,E,8
07/17/2022,12:00,971.591,1321.431,411.64,1,8,86.47,1,8,348.078,1,8,49396.8,1,8,8214.679,1,8,38288.574,1,8,150.729,1,8,-9900,?,9,-9900,?,9,20.33,E,8,13.96,E,8,66.0,E,8,1008.6016999999999,E,8,999.0,E,8,3.38,E,8,-9900,?,9,-9900,?,9,0.0,E,8,-9900,?,9,-9900,?,9,0.0,0.0,E,8
07/17/2022,13:00,962.477,1321.431,426.89,1,8,104.902,1,8,350.503,1,8,51226.8,1,8,9965.731,1,8,38555.347,1,8,153.218,1,8,-9900,?,9,-9900,?,9,20.75,E,8,13.92,E,8,64.0,E,8,1008.6016999999999,E,8,999.0,E,8,4.63,E,8,-9900,?,9,-9900,?,9,0.0,E,8,-9900,?,9,-9900,?,9,0.0,0.0,E,8
07/17/2022,14:00,876.128,1321.431,402.47,1,8,130.232,1,8,316.156,1,8,48296.4,1,8,12372.068,1,8,34777.199,1,8,151.842,1,8,-9900,?,9,-9900,?,9,21.0,E,8,13.9,E,8,63.0,E,8,1008.6016999999999,E,8,999.0,E,8,5.0,E,8,-9900,?,9,-9900,?,9,0.0,E,8,-9900,?,9,-9900,?,9,0.0,0.0,E,8
07/17/2022,15:00,718.458,1321.431,340.22,1,8,166.71,1,8,249.643,1,8,40826.4,1,8,15837.491,1,8,27460.757,1,8,146.257,1,8,-9900,?,9,-9900,?,9,21.08,E,8,13.9,E,8,68.0,E,8,1008.6016999999999,E,8,999.0,E,8,4.37,E,8,-9900,?,9,-9900,?,9,0.001,E,8,-9900,?,9,-9900,?,9,0.01,99.0,E,8
07/17/2022,16:00,500.32,1321.431,245.07,1,8,256.991,1,8,147.937,1,8,29408.4,1,8,24414.159,1,8,16273.073,1,8,124.589,1,8,-9900,?,9,-9900,?,9,20.94,E,8,13.91,E,8,68.0,E,8,1008.6016999999999,E,8,999.0,E,8,4.24,E,8,-9900,?,9,-9900,?,9,0.003,E,8,-9900,?,9,-9900,?,9,0.03,99.0,E,8
07/17/2022,17:00,237.164,1321.431,126.1,1,8,382.755,1,8,57.982,1,8,15132.0,1,8,36361.72,1,8,6377.998,1,8,103.705,1,8,-9900,?,9,-9900,?,9,20.55,E,8,13.94,E,8,70.0,E,8,1008.6016999999999,E,8,999.0,E,8,3.7,E,8,-9900,?,9,-9900,?,9,0.053000000000000005,E,8,-9900,?,9,-9900,?,9,0.53,99.0,E,8
07/17/2022,18:00,0.0,1321.431,11.78,1,8,0.0,1,8,0.0,1,8,1413.6,1,8,0.0,1,8,0.0,1,8,-0.0,1,8,-9900,?,9,-9900,?,9,20.22,E,8,13.97,E,8,82.0,E,8,1008.6016999999999,E,8,999.0,E,8,3.14,E,8,-9900,?,9,-9900,?,9,0.877,E,8,-9900,?,9,-9900,?,9,8.77,99.0,E,8
07/17/2022,19:00,0.0,1321.431,0.0,1,8,0.0,1,8,0.0,1,8,0.0,1,8,0.0,1,8,0.0,1,8,-0.0,1,8,-9900,?,9,-9900,?,9,19.88,E,8,13.99,E,8,73.0,E,8,1008.6016999999999,E,8,999.0,E,8,1.89,E,8,-9900,?,9,-9900,?,9,0.011,E,8,-9900,?,9,-9900,?,9,0.11,99.0,E,8
07/17/2022,20:00,0.0,1321.431,0.0,1,8,0.0,1,8,0.0,1,8,0.0,1,8,0.0,1,8,0.0,1,8,-0.0,1,8,-9900,?,9,-9900,?,9,19.55,E,8,14.02,E,8,75.0,E,8,1008.6016999999999,E,8,999.0,E,8,1.57,E,8,-9900,?,9,-9900,?,9,0.027000000000000003,E,8,-9900,?,9,-9900,?,9,0.27,99.0,E,8
07/17/2022,21:00,0.0,1321.431,0.0,1,8,0.0,1,8,0.0,1,8,0.0,1,8,0.0,1,8,0.0,1,8,-0.0,1,8,-9900,?,9,-9900,?,9,19.21,E,8,14.05,E,8,76.0,E,8,1008.6016999999999,E,8,999.0,E,8,1.57,E,8,-9900,?,9,-9900,?,9,0.017,E,8,-9900,?,9,-9900,?,9,0.17,99.0,E,8
07/17/2022,22:00,0.0,1321.431,0.0,1,8,0.0,1,8,0.0,1,8,0.0,1,8,0.0,1,8,0.0,1,8,-0.0,1,8,-9900,?,9,-9900,?,9,18.88,E,8,14.07,E,8,78.0,E,8,1008.6016999999999,E,8,999.0,E,8,1.57,E,8,-9900,?,9,-9900,?,9,0.007000000000000001,E,8,-9900,?,9,-9900,?,9,0.07,99.0,E,8
07/17/2022,23:00,0.0,1321.431,0.0,1,8,0.0,1,8,0.0,1,8,0.0,1,8,0.0,1,8,0.0,1,8,-0.0,1,8,-9900,?,9,-9900,?,9,18.55,E,8,14.1,E,8,80.0,E,8,1008.6016999999999,E,8,999.0,E,8,1.57,E,8,-9900,?,9,-9900,?,9,0.004,E,8,-9900,?,9,-9900,?,9,0.04,99.0,E,8
07/17/2022,24:00,0.0,1321.431,0.0,1,8,0.0,1,8,0.0,1,8,0.0,1,8,0.0,1,8,0.0,1,8,-0.0,1,8,-9900,?,9,-9900,?,9,18.21,E,8,14.44,E,8,87.0,E,8,1008.6016999999999,E,8,999.0,E,8,1.97,E,8,-9900,?,9,-9900,?,9,1.279,E,8,-9900,?,9,-9900,?,9,12.79,99.0,E,8
07/18/2022,01:00,0.0,1321.431,0.0,1,8,0.0,1,8,0.0,1,8,0.0,1,8,0.0,1,8,0.0,1,8,-0.0,1,8,-9900,?,9,-9900,?,9,18.04,E,8,14.51,E,8,80.0,E,8,1008.6016999999999,E,8,999.0,E,8,1.97,E,8,-9900,?,9,-9900,?,9,0.086,E,8,-9900,?,9,-9900,?,9,0.86,99.0,E,8
07/18/2022,02:00,0.0,1321.431,0.0,1,8,0.0,1,8,0.0,1,8,0.0,1,8,0.0,1,8,0.0,1,8,-0.0,1,8,-9900,?,9,-9900,?,9,17.88,E,8,14.57,E,8,77.0,E,8,1008.6016999999999,E,8,999.0,E,8,1.97,E,8,-9900,?,9,-9900,?,9,0.0,E,8,-9900,?,9,-9900,?,9,0.0,0.0,E,8
07/18/2022,03:00,0.0,1321.431,0.0,1,8,0.0,1,8,0.0,1,8,0.0,1,8,0.0,1,8,0.0,1,8,-0.0,1,8,-9900,?,9,-9900,?,9,17.71,E,8,14.64,E,8,78.0,E,8,1008.6016999999999,E,8,999.0,E,8,1.97,E,8,-9900,?,9,-9900,?,9,0.0,E,8,-9900,?,9,-9900,?,9,0.0,0.0,E,8
07/18/2022,04:00,0.0,1321.593,0.0,1,8,0.0,1,8,0.0,1,8,0.0,1,8,0.0,1,8,0.0,1,8,-0.0,1,8,-9900,?,9,-9900,?,9,17.54,E,8,14.71,E,8,79.0,E,8,1008.6016999999999,E,8,999.0,E,8,1.97,E,8,-9900,?,9,-9900,?,9,0.0,E,8,-9900,?,9,-9900,?,9,0.0,0.0,E,8
07/18/2022,05:00,0.0,1321.593,0.0,1,8,0.0,1,8,0.0,1,8,0.0,1,8,0.0,1,8,0.0,1,8,-0.0,1,8,-9900,?,9,-9900,?,9,17.38,E,8,14.77,E,8,84.0,E,8,1008.6016999999999,E,8,999.0,E,8,1.97,E,8,-9900,?,9,-9900,?,9,0.006,E,8,-9900,?,9,-9900,?,9,0.06,99.0,E,8
07/18/2022,06:00,0.0,1321.593,0.0,1,8,0.0,1,8,0.0,1,8,0.0,1,8,0.0,1,8,0.0,1,8,-0.0,1,8,-9900,?,9,-9900,?,9,17.25,E,8,14.82,E,8,84.0,E,8,1008.6016999999999,E,8,999.0,E,8,1.97,E,8,-9900,?,9,-9900,?,9,0.001,E,8,-9900,?,9,-9900,?,9,0.01,99.0,E,8
07/18/2022,07:00,23.042,1321.593,0.0,1,8,0.0,1,8,0.0,1,8,0.0,1,8,0.0,1,8,0.0,1,8,0.0,1,8,-9900,?,9,-9900,?,9,17.14,E,8,14.86,E,8,81.0,E,8,1008.6016999999999,E,8,999.0,E,8,1.97,E,8,-9900,?,9,-9900,?,9,0.0,E,8,-9900,?,9,-9900,?,9,0.0,0.0,E,8
07/18/2022,08:00,302.943,1321.593,43.6,1,8,0.0,1,8,43.6,1,8,5232.0,1,8,0.0,1,8,4796.0,1,8,60.857,1,8,-9900,?,9,-9900,?,9,17.03,E,8,14.91,E,8,86.0,E,8,1008.6016999999999,E,8,999.0,E,8,2.39,E,8,-9900,?,9,-9900,?,9,0.004,E,8,-9900,?,9,-9900,?,9,0.04,99.0,E,8
07/18/2022,09:00,557.638,1321.593,146.66,1,8,4.471,1,8,144.776,1,8,17599.2,1,8,424.724,1,8,15925.374,1,8,109.365,1,8,-9900,?,9,-9900,?,9,18.82,E,8,14.19,E,8,71.0,E,8,1008.6016999999999,E,8,999.0,E,8,2.34,E,8,-9900,?,9,-9900,?,9,0.0,E,8,-9900,?,9,-9900,?,9,0.0,0.0,E,8
07/18/2022,10:00,763.255,1321.593,207.91,1,8,17.511,1,8,197.803,1,8,24949.2,1,8,1663.592,1,8,21758.283,1,8,109.085,1,8,-9900,?,9,-9900,?,9,19.53,E,8,13.9,E,8,68.0,E,8,1008.6016999999999,E,8,999.0,E,8,3.07,E,8,-9900,?,9,-9900,?,9,0.0,E,8,-9900,?,9,-9900,?,9,0.0,0.0,E,8
07/18/2022,11:00,905.416,1321.593,191.46,1,8,3.957,1,8,188.75,1,8,22975.2,1,8,375.895,1,8,20762.514,1,8,87.727,1,8,-9900,?,9,-9900,?,9,19.81,E,8,13.79,E,8,66.0,E,8,1008.6016999999999,E,8,999.0,E,8,3.39,E,8,-9900,?,9,-9900,?,9,0.0,E,8,-9900,?,9,-9900,?,9,0.0,0.0,E,8
07/18/2022,12:00,974.349,1321.593,318.79,1,8,19.505,1,8,304.413,1,8,38254.8,1,8,1853.008,1,8,33485.449,1,8,131.463,1,8,-9900,?,9,-9900,?,9,20.46,E,8,13.51,E,8,63.0,E,8,1008.6016999999999,E,8,999.0,E,8,3.87,E,8,-9900,?,9,-9900,?,9,0.0,E,8,-9900,?,9,-9900,?,9,0.0,0.0,E,8
07/18/2022,13:00,965.328,1321.593,280.92,1,8,8.929,1,8,274.4,1,8,33710.4,1,8,848.21,1,8,30184.004,1,8,119.61,1,8,-9900,?,9,-9900,?,9,20.77,E,8,13.38,E,8,62.0,E,8,1008.6016999999999,E,8,999.0,E,8,3.4,E,8,-9900,?,9,-9900,?,9,0.0,E,8,-9900,?,9,-9900,?,9,0.0,0.0,E,8
07/18/2022,14:00,878.969,1321.593,239.56,1,8,6.667,1,8,235.128,1,8,28747.2,1,8,633.324,1,8,25864.06,1,8,112.574,1,8,-9900,?,9,-9900,?,9,20.88,E,8,13.34,E,8,65.0,E,8,1008.6016999999999,E,8,999.0,E,8,3.15,E,8,-9900,?,9,-9900,?,9,0.03,E,8,-9900,?,9,-9900,?,9,0.3,99.0,E,8
07/18/2022,15:00,721.182,1321.593,220.8,1,8,14.552,1,8,212.865,1,8,26496.0,1,8,1382.4,1,8,23415.129,1,8,124.253,1,8,-9900,?,9,-9900,?,9,20.92,E,8,13.32,E,8,61.0,E,8,1008.6016999999999,E,8,999.0,E,8,3.04,E,8,-9900,?,9,-9900,?,9,0.0,E,8,-9900,?,9,-9900,?,9,0.0,0.0,E,8
07/18/2022,16:00,502.83,1321.593,133.01,1,8,6.183,1,8,130.661,1,8,15961.2,1,8,587.429,1,8,14372.754,1,8,109.502,1,8,-9900,?,9,-9900,?,9,20.66,E,8,13.43,E,8,62.0,E,8,1008.6016999999999,E,8,999.0,E,8,2.34,E,8,-9900,?,9,-9900,?,9,0.0,E,8,-9900,?,9,-9900,?,9,0.0,0.0,E,8
07/18/2022,17:00,239.369,1321.593,83.09,1,8,101.961,1,8,64.775,1,8,9970.8,1,8,9686.289,1,8,7125.25,1,8,114.785,1,8,-9900,?,9,-9900,?,9,20.29,E,8,13.59,E,8,64.0,E,8,1008.6016999999999,E,8,999.0,E,8,1.97,E,8,-9900,?,9,-9900,?,9,0.0,E,8,-9900,?,9,-9900,?,9,0.0,0.0,E,8
07/18/2022,18:00,0.0,1321.593,8.05,1,8,0.0,1,8,0.0,1,8,966.0,1,8,0.0,1,8,0.0,1,8,-0.0,1,8,-9900,?,9,-9900,?,9,20.11,E,8,13.66,E,8,69.0,E,8,1008.6016999999999,E,8,999.0,E,8,1.97,E,8,-9900,?,9,-9900,?,9,0.003,E,8,-9900,?,9,-9900,?,9,0.03,99.0,E,8
07/18/2022,19:00,0.0,1321.593,0.0,1,8,0.0,1,8,0.0,1,8,0.0,1,8,0.0,1,8,0.0,1,8,-0.0,1,8,-9900,?,9,-9900,?,9,19.93,E,8,13.74,E,8,70.0,E,8,1008.6016999999999,E,8,999.0,E,8,1.97,E,8,-9900,?,9,-9900,?,9,0.02,E,8,-9900,?,9,-9900,?,9,0.2,99.0,E,8
07/18/2022,20:00,0.0,1321.593,0.0,1,8,0.0,1,8,0.0,1,8,0.0,1,8,0.0,1,8,0.0,1,8,-0.0,1,8,-9900,?,9,-9900,?,9,19.76,E,8,13.81,E,8,71.0,E,8,1008.6016999999999,E,8,999.0,E,8,1.97,E,8,-9900,?,9,-9900,?,9,0.001,E,8,-9900,?,9,-9900,?,9,0.01,99.0,E,8
07/18/2022,21:00,0.0,1321.593,0.0,1,8,0.0,1,8,0.0,1,8,0.0,1,8,0.0,1,8,0.0,1,8,-0.0,1,8,-9900,?,9,-9900,?,9,19.58,E,8,13.88,E,8,72.0,E,8,1008.6016999999999,E,8,999.0,E,8,1.97,E,8,-9900,?,9,-9900,?,9,0.014000000000000002,E,8,-9900,?,9,-9900,?,9,0.14,99.0,E,8
07/18/2022,22:00,0.0,1321.593,0.0,1,8,0.0,1,8,0.0,1,8,0.0,1,8,0.0,1,8,0.0,1,8,-0.0,1,8,-9900,?,9,-9900,?,9,19.4,E,8,13.96,E,8,72.0,E,8,1008.6016999999999,E,8,999.0,E,8,1.97,E,8,-9900,?,9,-9900,?,9,0.046,E,8,-9900,?,9,-9900,?,9,0.46,99.0,E,8
07/18/2022,23:00,0.0,1321.593,0.0,1,8,0.0,1,8,0.0,1,8,0.0,1,8,0.0,1,8,0.0,1,8,-0.0,1,8,-9900,?,9,-9900,?,9,19.22,E,8,14.03,E,8,73.0,E,8,1008.6016999999999,E,8,999.0,E,8,1.97,E,8,-9900,?,9,-9900,?,9,0.01,E,8,-9900,?,9,-9900,?,9,0.1,99.0,E,8
07/18/2022,24:00,0.0,1321.593,0.0,1,8,0.0,1,8,0.0,1,8,0.0,1,8,0.0,1,8,0.0,1,8,-0.0,1,8,-9900,?,9,-9900,?,9,19.05,E,8,15.42,E,8,75.0,E,8,1008.6016999999999,E,8,999.0,E,8,1.16,E,8,-9900,?,9,-9900,?,9,0.004,E,8,-9900,?,9,-9900,?,9,0.04,99.0,E,8
07/19/2022,01:00,0.0,1321.593,0.0,1,8,0.0,1,8,0.0,1,8,0.0,1,8,0.0,1,8,0.0,1,8,-0.0,1,8,-9900,?,9,-9900,?,9,18.96,E,8,15.46,E,8,75.0,E,8,1008.6016999999999,E,8,999.0,E,8,1.16,E,8,-9900,?,9,-9900,?,9,0.001,E,8,-9900,?,9,-9900,?,9,0.01,99.0,E,8
07/19/2022,02:00,0.0,1321.593,0.0,1,8,0.0,1,8,0.0,1,8,0.0,1,8,0.0,1,8,0.0,1,8,-0.0,1,8,-9900,?,9,-9900,?,9,18.87,E,8,15.49,E,8,73.0,E,8,1008.6016999999999,E,8,999.0,E,8,1.16,E,8,-9900,?,9,-9900,?,9,0.0,E,8,-9900,?,9,-9900,?,9,0.0,0.0,E,8
07/19/2022,03:00,0.0,1321.593,0.0,1,8,0.0,1,8,0.0,1,8,0.0,1,8,0.0,1,8,0.0,1,8,-0.0,1,8,-9900,?,9,-9900,?,9,18.78,E,8,15.53,E,8,73.0,E,8,1008.6016999999999,E,8,999.0,E,8,1.16,E,8,-9900,?,9,-9900,?,9,0.0,E,8,-9900,?,9,-9900,?,9,0.0,0.0,E,8
07/19/2022,04:00,0.0,1321.769,0.0,1,8,0.0,1,8,0.0,1,8,0.0,1,8,0.0,1,8,0.0,1,8,-0.0,1,8,-9900,?,9,-9900,?,9,18.69,E,8,15.56,E,8,74.0,E,8,1008.6016999999999,E,8,999.0,E,8,1.16,E,8,-9900,?,9,-9900,?,9,0.0,E,8,-9900,?,9,-9900,?,9,0.0,0.0,E,8
07/19/2022,05:00,0.0,1321.769,0.0,1,8,0.0,1,8,0.0,1,8,0.0,1,8,0.0,1,8,0.0,1,8,-0.0,1,8,-9900,?,9,-9900,?,9,18.6,E,8,15.6,E,8,77.0,E,8,1008.6016999999999,E,8,999.0,E,8,1.16,E,8,-9900,?,9,-9900,?,9,0.015,E,8,-9900,?,9,-9900,?,9,0.15,99.0,E,8
07/19/2022,06:00,0.0,1321.769,0.0,1,8,0.0,1,8,0.0,1,8,0.0,1,8,0.0,1,8,0.0,1,8,-0.0,1,8,-9900,?,9,-9900,?,9,18.53,E,8,15.62,E,8,77.0,E,8,1008.6016999999999,E,8,999.0,E,8,1.16,E,8,-9900,?,9,-9900,?,9,0.006,E,8,-9900,?,9,-9900,?,9,0.06,99.0,E,8
07/19/2022,07:00,24.149,1321.769,0.0,1,8,0.0,1,8,0.0,1,8,0.0,1,8,0.0,1,8,0.0,1,8,0.0,1,8,-9900,?,9,-9900,?,9,18.47,E,8,15.65,E,8,77.0,E,8,1008.6016999999999,E,8,999.0,E,8,1.16,E,8,-9900,?,9,-9900,?,9,0.047,E,8,-9900,?,9,-9900,?,9,0.47,99.0,E,8
07/19/2022,08:00,304.595,1321.769,29.81,1,8,0.0,1,8,29.81,1,8,3577.2,1,8,0.0,1,8,3279.1,1,8,41.386,1,8,-9900,?,9,-9900,?,9,18.42,E,8,15.67,E,8,84.0,E,8,1008.6016999999999,E,8,999.0,E,8,1.16,E,8,-9900,?,9,-9900,?,9,0.79,E,8,-9900,?,9,-9900,?,9,7.9,99.0,E,8
07/19/2022,09:00,559.686,1321.769,136.63,1,8,1.389,1,8,136.042,1,8,16395.6,1,8,131.996,1,8,14964.669,1,8,102.404,1,8,-9900,?,9,-9900,?,9,19.45,E,8,15.26,E,8,70.0,E,8,1008.6016999999999,E,8,999.0,E,8,1.16,E,8,-9900,?,9,-9900,?,9,0.0,E,8,-9900,?,9,-9900,?,9,0.0,0.0,E,8
07/19/2022,10:00,765.649,1321.769,236.74,1,8,34.288,1,8,216.89,1,8,28408.8,1,8,3257.345,1,8,23857.891,1,8,119.252,1,8,-9900,?,9,-9900,?,9,20.09,E,8,15.01,E,8,68.0,E,8,1008.6016999999999,E,8,999.0,E,8,1.63,E,8,-9900,?,9,-9900,?,9,0.0,E,8,-9900,?,9,-9900,?,9,0.0,0.0,E,8
07/19/2022,11:00,908.085,1321.769,313.72,1,8,18.474,1,8,301.032,1,8,37646.4,1,8,1755.075,1,8,33113.497,1,8,139.519,1,8,-9900,?,9,-9900,?,9,20.65,E,8,14.78,E,8,66.0,E,8,1008.6016999999999,E,8,999.0,E,8,2.35,E,8,-9900,?,9,-9900,?,9,0.0,E,8,-9900,?,9,-9900,?,9,0.0,0.0,E,8
07/19/2022,12:00,977.202,1321.769,360.72,1,8,23.153,1,8,343.607,1,8,43286.4,1,8,2199.496,1,8,37796.785,1,8,147.975,1,8,-9900,?,9,-9900,?,9,21.1,E,8,14.59,E,8,64.0,E,8,1008.6016999999999,E,8,999.0,E,8,3.01,E,8,-9900,?,9,-9900,?,9,0.0,E,8,-9900,?,9,-9900,?,9,0.0,0.0,E,8
07/19/2022,13:00,968.265,1321.769,374.12,1,8,59.457,1,8,330.576,1,8,44894.4,1,8,5648.433,1,8,36363.311,1,8,143.679,1,8,-9900,?,9,-9900,?,9,21.43,E,8,14.46,E,8,63.0,E,8,1008.6016999999999,E,8,999.0,E,8,3.82,E,8,-9900,?,9,-9900,?,9,0.0,E,8,-9900,?,9,-9900,?,9,0.0,0.0,E,8
07/19/2022,14:00,881.879,1321.769,352.9,1,8,69.307,1,8,306.676,1,8,42348.0,1,8,6584.131,1,8,33734.336,1,8,146.364,1,8,-9900,?,9,-9900,?,9,21.62,E,8,14.38,E,8,63.0,E,8,1008.6016999999999,E,8,999.0,E,8,4.09,E,8,-9900,?,9,-9900,?,9,0.0,E,8,-9900,?,9,-9900,?,9,0.0,0.0,E,8
07/19/2022,15:00,723.961,1321.769,351.98,1,8,190.798,1,8,247.547,1,8,42237.6,1,8,18125.835,1,8,27230.179,1,8,143.961,1,8,-9900,?,9,-9900,?,9,21.77,E,8,14.32,E,8,62.0,E,8,1008.6016999999999,E,8,999.0,E,8,4.58,E,8,-9900,?,9,-9900,?,9,0.0,E,8,-9900,?,9,-9900,?,9,0.0,0.0,E,8
07/19/2022,16:00,505.379,1321.769,101.7,1,8,0.0,1,8,101.7,1,8,12204.0,1,8,0.0,1,8,11187.0,1,8,84.81,1,8,-9900,?,9,-9900,?,9,21.38,E,8,14.48,E,8,63.0,E,8,1008.6016999999999,E,8,999.0,E,8,4.31,E,8,-9900,?,9,-9900,?,9,0.0,E,8,-9900,?,9,-9900,?,9,0.0,0.0,E,8
07/19/2022,17:00,241.596,1321.769,111.82,1,8,281.886,1,8,60.714,1,8,13418.4,1,8,26779.182,1,8,6678.489,1,8,106.594,1,8,-9900,?,9,-9900,?,9,21.08,E,8,14.6,E,8,64.0,E,8,1008.6016999999999,E,8,999.0,E,8,4.26,E,8,-9900,?,9,-9900,?,9,0.0,E,8,-9900,?,9,-9900,?,9,0.0,0.0,E,8
07/19/2022,18:00,0.0,1321.769,11.22,1,8,0.0,1,8,0.0,1,8,1346.4,1,8,0.0,1,8,0.0,1,8,-0.0,1,8,-9900,?,9,-9900,?,9,20.8,E,8,14.72,E,8,68.0,E,8,1008.6016999999999,E,8,999.0,E,8,4.27,E,8,-9900,?,9,-9900,?,9,0.002,E,8,-9900,?,9,-9900,?,9,0.02,99.0,E,8
07/19/2022,19:00,0.0,1321.769,0.0,1,8,0.0,1,8,0.0,1,8,0.0,1,8,0.0,1,8,0.0,1,8,-0.0,1,8,-9900,?,9,-9900,?,9,20.53,E,8,14.83,E,8,66.0,E,8,1008.6016999999999,E,8,999.0,E,8,3.76,E,8,-9900,?,9,-9900,?,9,0.0,E,8,-9900,?,9,-9900,?,9,0.0,0.0,E,8
07/19/2022,20:00,0.0,1321.769,0.0,1,8,0.0,1,8,0.0,1,8,0.0,1,8,0.0,1,8,0.0,1,8,-0.0,1,8,-9900,?,9,-9900,?,9,20.25,E,8,14.94,E,8,67.0,E,8,1008.6016999999999,E,8,999.0,E,8,2.8,E,8,-9900,?,9,-9900,?,9,0.0,E,8,-9900,?,9,-9900,?,9,0.0,0.0,E,8
07/19/2022,21:00,0.0,1321.769,0.0,1,8,0.0,1,8,0.0,1,8,0.0,1,8,0.0,1,8,0.0,1,8,-0.0,1,8,-9900,?,9,-9900,?,9,19.97,E,8,15.05,E,8,71.0,E,8,1008.6016999999999,E,8,999.0,E,8,2.03,E,8,-9900,?,9,-9900,?,9,0.001,E,8,-9900,?,9,-9900,?,9,0.01,99.0,E,8
07/19/2022,22:00,0.0,1321.769,0.0,1,8,0.0,1,8,0.0,1,8,0.0,1,8,0.0,1,8,0.0,1,8,-0.0,1,8,-9900,?,9,-9900,?,9,19.69,E,8,15.17,E,8,72.0,E,8,1008.6016999999999,E,8,999.0,E,8,2.05,E,8,-9900,?,9,-9900,?,9,0.01,E,8,-9900,?,9,-9900,?,9,0.1,99.0,E,8
07/19/2022,23:00,0.0,1321.769,0.0,1,8,0.0,1,8,0.0,1,8,0.0,1,8,0.0,1,8,0.0,1,8,-0.0,1,8,-9900,?,9,-9900,?,9,19.42,E,8,15.27,E,8,73.0,E,8,1008.6016999999999,E,8,999.0,E,8,1.96,E,8,-9900,?,9,-9900,?,9,0.025,E,8,-9900,?,9,-9900,?,9,0.25,99.0,E,8
07/19/2022,24:00,0.0,1321.769,0.0,1,8,0.0,1,8,0.0,1,8,0.0,1,8,0.0,1,8,0.0,1,8,-0.0,1,8,-9900,?,9,-9900,?,9,19.14,E,8,14.66,E,8,70.0,E,8,1008.6016999999999,E,8,999.0,E,8,2.72,E,8,-9900,?,9,-9900,?,9,0.0,E,8,-9900,?,9,-9900,?,9,0.0,0.0,E,8
07/20/2022,01:00,0.0,1321.769,0.0,1,8,0.0,1,8,0.0,1,8,0.0,1,8,0.0,1,8,0.0,1,8,-0.0,1,8,-9900,?,9,-9900,?,9,19.0,E,8,14.68,E,8,74.0,E,8,1008.6016999999999,E,8,999.0,E,8,2.73,E,8,-9900,?,9,-9900,?,9,0.006,E,8,-9900,?,9,-9900,?,9,0.06,99.0,E,8
07/20/2022,02:00,0.0,1321.769,0.0,1,8,0.0,1,8,0.0,1,8,0.0,1,8,0.0,1,8,0.0,1,8,-0.0,1,8,-9900,?,9,-9900,?,9,18.86,E,8,14.7,E,8,71.0,E,8,1008.6016999999999,E,8,999.0,E,8,2.58,E,8,-9900,?,9,-9900,?,9,0.0,E,8,-9900,?,9,-9900,?,9,0.0,0.0,E,8
07/20/2022,03:00,0.0,1321.769,0.0,1,8,0.0,1,8,0.0,1,8,0.0,1,8,0.0,1,8,0.0,1,8,-0.0,1,8,-9900,?,9,-9900,?,9,18.72,E,8,14.73,E,8,72.0,E,8,1008.6016999999999,E,8,999.0,E,8,1.94,E,8,-9900,?,9,-9900,?,9,0.0,E,8,-9900,?,9,-9900,?,9,0.0,0.0,E,8
07/20/2022,04:00,0.0,1321.956,0.0,1,8,0.0,1,8,0.0,1,8,0.0,1,8,0.0,1,8,0.0,1,8,-0.0,1,8,-9900,?,9,-9900,?,9,18.59,E,8,14.75,E,8,72.0,E,8,1008.6016999999999,E,8,999.0,E,8,1.7,E,8,-9900,?,9,-9900,?,9,0.0,E,8,-9900,?,9,-9900,?,9,0.0,0.0,E,8
07/20/2022,05:00,0.0,1321.956,0.0,1,8,0.0,1,8,0.0,1,8,0.0,1,8,0.0,1,8,0.0,1,8,-0.0,1,8,-9900,?,9,-9900,?,9,18.45,E,8,14.77,E,8,72.0,E,8,1008.6016999999999,E,8,999.0,E,8,1.74,E,8,-9900,?,9,-9900,?,9,0.0,E,8,-9900,?,9,-9900,?,9,0.0,0.0,E,8
07/20/2022,06:00,0.0,1321.956,0.0,1,8,0.0,1,8,0.0,1,8,0.0,1,8,0.0,1,8,0.0,1,8,-0.0,1,8,-9900,?,9,-9900,?,9,18.34,E,8,14.79,E,8,73.0,E,8,1008.6016999999999,E,8,999.0,E,8,1.78,E,8,-9900,?,9,-9900,?,9,0.0,E,8,-9900,?,9,-9900,?,9,0.0,0.0,E,8
07/20/2022,07:00,25.346,1321.956,0.0,1,8,0.0,1,8,0.0,1,8,0.0,1,8,0.0,1,8,0.0,1,8,0.0,1,8,-9900,?,9,-9900,?,9,18.25,E,8,14.8,E,8,73.0,E,8,1008.6016999999999,E,8,999.0,E,8,1.97,E,8,-9900,?,9,-9900,?,9,0.0,E,8,-9900,?,9,-9900,?,9,0.0,0.0,E,8
07/20/2022,08:00,306.35,1321.956,31.36,1,8,0.0,1,8,31.36,1,8,3763.2,1,8,0.0,1,8,3449.6,1,8,43.292,1,8,-9900,?,9,-9900,?,9,18.16,E,8,14.81,E,8,73.0,E,8,1008.6016999999999,E,8,999.0,E,8,2.71,E,8,-9900,?,9,-9900,?,9,0.0,E,8,-9900,?,9,-9900,?,9,0.0,0.0,E,8
07/20/2022,09:00,561.842,1321.956,142.13,1,8,3.556,1,8,140.621,1,8,17055.6,1,8,337.832,1,8,15468.268,1,8,105.457,1,8,-9900,?,9,-9900,?,9,19.22,E,8,14.65,E,8,70.0,E,8,1008.6016999999999,E,8,999.0,E,8,3.76,E,8,-9900,?,9,-9900,?,9,0.0,E,8,-9900,?,9,-9900,?,9,0.0,0.0,E,8
07/20/2022,10:00,768.151,1321.956,245.79,1,8,40.445,1,8,222.302,1,8,29494.8,1,8,3842.274,1,8,24453.231,1,8,121.847,1,8,-9900,?,9,-9900,?,9,19.87,E,8,14.55,E,8,68.0,E,8,1008.6016999999999,E,8,999.0,E,8,5.14,E,8,-9900,?,9,-9900,?,9,0.0,E,8,-9900,?,9,-9900,?,9,0.0,0.0,E,8
07/20/2022,11:00,910.856,1321.956,325.49,1,8,21.275,1,8,310.836,1,8,39058.8,1,8,2021.11,1,8,34191.953,1,8,143.645,1,8,-9900,?,9,-9900,?,9,20.43,E,8,14.46,E,8,66.0,E,8,1008.6016999999999,E,8,999.0,E,8,5.95,E,8,-9900,?,9,-9900,?,9,0.0,E,8,-9900,?,9,-9900,?,9,0.0,0.0,E,8
07/20/2022,12:00,980.15,1321.956,374.17,1,8,26.532,1,8,354.503,1,8,44900.4,1,8,2520.544,1,8,38995.312,1,8,152.229,1,8,-9900,?,9,-9900,?,9,20.89,E,8,14.38,E,8,65.0,E,8,1008.6016999999999,E,8,999.0,E,8,7.09,E,8,-9900,?,9,-9900,?,9,0.0,E,8,-9900,?,9,-9900,?,9,0.0,0.0,E,8
07/20/2022,13:00,971.283,1321.956,388.08,1,8,68.102,1,8,338.056,1,8,46569.6,1,8,6469.704,1,8,37186.129,1,8,146.493,1,8,-9900,?,9,-9900,?,9,21.23,E,8,14.33,E,8,64.0,E,8,1008.6016999999999,E,8,999.0,E,8,6.93,E,8,-9900,?,9,-9900,?,9,0.0,E,8,-9900,?,9,-9900,?,9,0.0,0.0,E,8
07/20/2022,14:00,884.858,1321.956,366.16,1,8,84.822,1,8,309.404,1,8,43939.2,1,8,8058.128,1,8,34034.464,1,8,147.189,1,8,-9900,?,9,-9900,?,9,21.43,E,8,14.3,E,8,66.0,E,8,1008.6016999999999,E,8,999.0,E,8,7.67,E,8,-9900,?,9,-9900,?,9,0.01,E,8,-9900,?,9,-9900,?,9,0.1,99.0,E,8
07/20/2022,15:00,726.793,1321.956,310.06,1,8,109.705,1,8,249.787,1,8,37207.2,1,8,10421.98,1,8,27476.516,1,8,144.717,1,8,-9900,?,9,-9900,?,9,21.49,E,8,14.29,E,8,63.0,E,8,1008.6016999999999,E,8,999.0,E,8,7.39,E,8,-9900,?,9,-9900,?,9,0.0,E,8,-9900,?,9,-9900,?,9,0.0,0.0,E,8
07/20/2022,16:00,507.964,1321.956,224.19,1,8,173.835,1,8,157.506,1,8,26902.8,1,8,16514.323,1,8,17325.638,1,8,130.696,1,8,-9900,?,9,-9900,?,9,21.38,E,8,14.31,E,8,66.0,E,8,1008.6016999999999,E,8,999.0,E,8,7.29,E,8,-9900,?,9,-9900,?,9,0.002,E,8,-9900,?,9,-9900,?,9,0.02,99.0,E,8
07/20/2022,17:00,243.844,1321.956,116.67,1,8,319.928,1,8,58.127,1,8,14000.4,1,8,30393.126,1,8,6393.924,1,8,101.111,1,8,-9900,?,9,-9900,?,9,21.07,E,8,14.36,E,8,64.0,E,8,1008.6016999999999,E,8,999.0,E,8,5.89,E,8,-9900,?,9,-9900,?,9,0.0,E,8,-9900,?,9,-9900,?,9,0.0,0.0,E,8
07/20/2022,18:00,0.0,1321.956,12.1,1,8,0.0,1,8,0.0,1,8,1452.0,1,8,0.0,1,8,0.0,1,8,-0.0,1,8,-9900,?,9,-9900,?,9,20.61,E,8,14.43,E,8,66.0,E,8,1008.6016999999999,E,8,999.0,E,8,4.88,E,8,-9900,?,9,-9900,?,9,0.0,E,8,-9900,?,9,-9900,?,9,0.0,0.0,E,8
07/20/2022,19:00,0.0,1321.956,0.0,1,8,0.0,1,8,0.0,1,8,0.0,1,8,0.0,1,8,0.0,1,8,-0.0,1,8,-9900,?,9,-9900,?,9,20.16,E,8,14.5,E,8,70.0,E,8,1008.6016999999999,E,8,999.0,E,8,3.75,E,8,-9900,?,9,-9900,?,9,0.001,E,8,-9900,?,9,-9900,?,9,0.01,99.0,E,8
07/20/2022,20:00,0.0,1321.956,0.0,1,8,0.0,1,8,0.0,1,8,0.0,1,8,0.0,1,8,0.0,1,8,-0.0,1,8,-9900,?,9,-9900,?,9,19.7,E,8,14.57,E,8,71.0,E,8,1008.6016999999999,E,8,999.0,E,8,2.56,E,8,-9900,?,9,-9900,?,9,0.018,E,8,-9900,?,9,-9900,?,9,0.18,99.0,E,8
07/20/2022,21:00,0.0,1321.956,0.0,1,8,0.0,1,8,0.0,1,8,0.0,1,8,0.0,1,8,0.0,1,8,-0.0,1,8,-9900,?,9,-9900,?,9,19.25,E,8,14.64,E,8,73.0,E,8,1008.6016999999999,E,8,999.0,E,8,1.65,E,8,-9900,?,9,-9900,?,9,0.034999999999999996,E,8,-9900,?,9,-9900,?,9,0.35,99.0,E,8
07/20/2022,22:00,0.0,1321.956,0.0,1,8,0.0,1,8,0.0,1,8,0.0,1,8,0.0,1,8,0.0,1,8,-0.0,1,8,-9900,?,9,-9900,?,9,18.79,E,8,14.72,E,8,80.0,E,8,1008.6016999999999,E,8,999.0,E,8,1.65,E,8,-9900,?,9,-9900,?,9,0.623,E,8,-9900,?,9,-9900,?,9,6.23,99.0,E,8
07/20/2022,23:00,0.0,1321.956,0.0,1,8,0.0,1,8,0.0,1,8,0.0,1,8,0.0,1,8,0.0,1,8,-0.0,1,8,-9900,?,9,-9900,?,9,18.34,E,8,14.79,E,8,76.0,E,8,1008.6016999999999,E,8,999.0,E,8,1.65,E,8,-9900,?,9,-9900,?,9,0.004,E,8,-9900,?,9,-9900,?,9,0.04,99.0,E,8
07/20/2022,24:00,0.0,1321.956,0.0,1,8,0.0,1,8,0.0,1,8,0.0,1,8,0.0,1,8,0.0,1,8,-0.0,1,8,-9900,?,9,-9900,?,9,17.88,E,8,15.52,E,8,88.0,E,8,1008.6016999999999,E,8,999.0,E,8,2.35,E,8,-9900,?,9,-9900,?,9,0.006,E,8,-9900,?,9,-9900,?,9,0.06,99.0,E,8
07/21/2022,01:00,0.0,1321.956,0.0,1,8,0.0,1,8,0.0,1,8,0.0,1,8,0.0,1,8,0.0,1,8,-0.0,1,8,-9900,?,9,-9900,?,9,17.66,E,8,15.58,E,8,84.0,E,8,1008.6016999999999,E,8,999.0,E,8,2.35,E,8,-9900,?,9,-9900,?,9,0.0,E,8,-9900,?,9,-9900,?,9,0.0,0.0,E,8
07/21/2022,02:00,0.0,1321.956,0.0,1,8,0.0,1,8,0.0,1,8,0.0,1,8,0.0,1,8,0.0,1,8,-0.0,1,8,-9900,?,9,-9900,?,9,17.43,E,8,15.63,E,8,86.0,E,8,1008.6016999999999,E,8,999.0,E,8,2.35,E,8,-9900,?,9,-9900,?,9,0.0,E,8,-9900,?,9,-9900,?,9,0.0,0.0,E,8
07/21/2022,03:00,0.0,1321.956,0.0,1,8,0.0,1,8,0.0,1,8,0.0,1,8,0.0,1,8,0.0,1,8,-0.0,1,8,-9900,?,9,-9900,?,9,17.2,E,8,15.68,E,8,92.0,E,8,1008.6016999999999,E,8,999.0,E,8,2.35,E,8,-9900,?,9,-9900,?,9,0.001,E,8,-9900,?,9,-9900,?,9,0.01,99.0,E,8
07/21/2022,04:00,0.0,1322.156,0.0,1,8,0.0,1,8,0.0,1,8,0.0,1,8,0.0,1,8,0.0,1,8,-0.0,1,8,-9900,?,9,-9900,?,9,16.97,E,8,15.74,E,8,93.0,E,8,1008.6016999999999,E,8,999.0,E,8,2.35,E,8,-9900,?,9,-9900,?,9,0.012,E,8,-9900,?,9,-9900,?,9,0.12,99.0,E,8
07/21/2022,05:00,0.0,1322.156,0.0,1,8,0.0,1,8,0.0,1,8,0.0,1,8,0.0,1,8,0.0,1,8,-0.0,1,8,-9900,?,9,-9900,?,9,16.75,E,8,15.79,E,8,90.0,E,8,1008.6016999999999,E,8,999.0,E,8,2.35,E,8,-9900,?,9,-9900,?,9,0.0,E,8,-9900,?,9,-9900,?,9,0.0,0.0,E,8
07/21/2022,06:00,0.0,1322.156,0.0,1,8,0.0,1,8,0.0,1,8,0.0,1,8,0.0,1,8,0.0,1,8,-0.0,1,8,-9900,?,9,-9900,?,9,16.57,E,8,15.83,E,8,92.0,E,8,1008.6016999999999,E,8,999.0,E,8,2.35,E,8,-9900,?,9,-9900,?,9,0.0,E,8,-9900,?,9,-9900,?,9,0.0,0.0,E,8
07/21/2022,07:00,26.632,1322.156,0.0,1,8,0.0,1,8,0.0,1,8,0.0,1,8,0.0,1,8,0.0,1,8,0.0,1,8,-9900,?,9,-9900,?,9,16.42,E,8,15.87,E,8,97.0,E,8,1008.6016999999999,E,8,999.0,E,8,2.35,E,8,-9900,?,9,-9900,?,9,0.004,E,8,-9900,?,9,-9900,?,9,0.04,99.0,E,8
07/21/2022,08:00,308.209,1322.156,25.19,1,8,0.0,1,8,25.19,1,8,3022.8,1,8,0.0,1,8,2770.9,1,8,34.568,1,8,-9900,?,9,-9900,?,9,16.27,E,8,15.9,E,8,94.0,E,8,1008.6016999999999,E,8,999.0,E,8,2.35,E,8,-9900,?,9,-9900,?,9,0.0,E,8,-9900,?,9,-9900,?,9,0.0,0.0,E,8
07/21/2022,09:00,564.105,1322.156,98.75,1,8,0.0,1,8,98.75,1,8,11850.0,1,8,0.0,1,8,10862.5,1,8,73.77,1,8,-9900,?,9,-9900,?,9,17.9,E,8,15.52,E,8,88.0,E,8,1008.6016999999999,E,8,999.0,E,8,2.35,E,8,-9900,?,9,-9900,?,9,0.001,E,8,-9900,?,9,-9900,?,9,0.01,99.0,E,8
07/21/2022,10:00,770.759,1322.156,194.66,1,8,11.035,1,8,188.231,1,8,23359.2,1,8,1048.293,1,8,20705.404,1,8,102.838,1,8,-9900,?,9,-9900,?,9,19.06,E,8,15.24,E,8,76.0,E,8,1008.6016999999999,E,8,999.0,E,8,2.35,E,8,-9900,?,9,-9900,?,9,0.0,E,8,-9900,?,9,-9900,?,9,0.0,0.0,E,8
07/21/2022,11:00,913.73,1322.156,257.59,1,8,7.815,1,8,252.191,1,8,30910.8,1,8,742.404,1,8,27741.012,1,8,116.194,1,8,-9900,?,9,-9900,?,9,20.05,E,8,15.0,E,8,71.0,E,8,1008.6016999999999,E,8,999.0,E,8,2.35,E,8,-9900,?,9,-9900,?,9,0.0,E,8,-9900,?,9,-9900,?,9,0.0,0.0,E,8
07/21/2022,12:00,983.191,1322.156,296.05,1,8,10.178,1,8,288.483,1,8,35526.0,1,8,966.885,1,8,31733.17,1,8,123.515,1,8,-9900,?,9,-9900,?,9,20.85,E,8,14.8,E,8,67.0,E,8,1008.6016999999999,E,8,999.0,E,8,2.35,E,8,-9900,?,9,-9900,?,9,0.0,E,8,-9900,?,9,-9900,?,9,0.0,0.0,E,8
07/21/2022,13:00,974.383,1322.156,307.05,1,8,12.192,1,8,298.067,1,8,36846.0,1,8,1158.235,1,8,32787.39,1,8,128.773,1,8,-9900,?,9,-9900,?,9,21.43,E,8,14.66,E,8,64.0,E,8,1008.6016999999999,E,8,999.0,E,8,2.35,E,8,-9900,?,9,-9900,?,9,0.0,E,8,-9900,?,9,-9900,?,9,0.0,0.0,E,8
07/21/2022,14:00,887.904,1322.156,289.77,1,8,14.676,1,8,279.918,1,8,34772.4,1,8,1394.186,1,8,30790.979,1,8,132.725,1,8,-9900,?,9,-9900,?,9,21.78,E,8,14.57,E,8,62.0,E,8,1008.6016999999999,E,8,999.0,E,8,2.35,E,8,-9900,?,9,-9900,?,9,0.0,E,8,-9900,?,9,-9900,?,9,0.0,0.0,E,8
07/21/2022,15:00,729.675,1322.156,245.51,1,8,23.091,1,8,232.775,1,8,29461.2,1,8,2193.628,1,8,25605.262,1,8,134.348,1,8,-9900,?,9,-9900,?,9,21.9,E,8,14.54,E,8,67.0,E,8,1008.6016999999999,E,8,999.0,E,8,2.35,E,8,-9900,?,9,-9900,?,9,0.017,E,8,-9900,?,9,-9900,?,9,0.17,99.0,E,8
07/21/2022,16:00,510.583,1322.156,177.74,1,8,62.341,1,8,153.706,1,8,21328.8,1,8,5922.368,1,8,16907.613,1,8,126.905,1,8,-9900,?,9,-9900,?,9,21.72,E,8,14.58,E,8,67.0,E,8,1008.6016999999999,E,8,999.0,E,8,2.35,E,8,-9900,?,9,-9900,?,9,0.045,E,8,-9900,?,9,-9900,?,9,0.45,99.0,E,8
07/21/2022,17:00,246.111,1322.156,92.84,1,8,134.76,1,8,67.951,1,8,11140.8,1,8,12802.216,1,8,7474.634,1,8,117.113,1,8,-9900,?,9,-9900,?,9,21.19,E,8,14.72,E,8,79.0,E,8,1008.6016999999999,E,8,999.0,E,8,2.35,E,8,-9900,?,9,-9900,?,9,1.659,E,8,-9900,?,9,-9900,?,9,16.59,99.0,E,8
07/21/2022,18:00,0.0,1322.156,9.96,1,8,0.0,1,8,0.0,1,8,1195.2,1,8,0.0,1,8,0.0,1,8,-0.0,1,8,-9900,?,9,-9900,?,9,20.76,E,8,14.82,E,8,76.0,E,8,1008.6016999999999,E,8,999.0,E,8,2.35,E,8,-9900,?,9,-9900,?,9,0.121,E,8,-9900,?,9,-9900,?,9,1.21,99.0,E,8
07/21/2022,19:00,0.0,1322.156,0.0,1,8,0.0,1,8,0.0,1,8,0.0,1,8,0.0,1,8,0.0,1,8,-0.0,1,8,-9900,?,9,-9900,?,9,20.33,E,8,14.93,E,8,74.0,E,8,1008.6016999999999,E,8,999.0,E,8,2.35,E,8,-9900,?,9,-9900,?,9,0.002,E,8,-9900,?,9,-9900,?,9,0.02,99.0,E,8
07/21/2022,20:00,0.0,1322.156,0.0,1,8,0.0,1,8,0.0,1,8,0.0,1,8,0.0,1,8,0.0,1,8,-0.0,1,8,-9900,?,9,-9900,?,9,19.9,E,8,15.04,E,8,76.0,E,8,1008.6016999999999,E,8,999.0,E,8,2.35,E,8,-9900,?,9,-9900,?,9,0.009,E,8,-9900,?,9,-9900,?,9,0.09,99.0,E,8
07/21/2022,21:00,0.0,1322.156,0.0,1,8,0.0,1,8,0.0,1,8,0.0,1,8,0.0,1,8,0.0,1,8,-0.0,1,8,-9900,?,9,-9900,?,9,19.47,E,8,15.14,E,8,78.0,E,8,1008.6016999999999,E,8,999.0,E,8,2.35,E,8,-9900,?,9,-9900,?,9,0.023,E,8,-9900,?,9,-9900,?,9,0.23,99.0,E,8
07/21/2022,22:00,0.0,1322.156,0.0,1,8,0.0,1,8,0.0,1,8,0.0,1,8,0.0,1,8,0.0,1,8,-0.0,1,8,-9900,?,9,-9900,?,9,19.05,E,8,15.24,E,8,81.0,E,8,1008.6016999999999,E,8,999.0,E,8,2.51,E,8,-9900,?,9,-9900,?,9,0.068,E,8,-9900,?,9,-9900,?,9,0.68,99.0,E,8
07/21/2022,23:00,0.0,1322.156,0.0,1,8,0.0,1,8,0.0,1,8,0.0,1,8,0.0,1,8,0.0,1,8,-0.0,1,8,-9900,?,9,-9900,?,9,18.62,E,8,15.35,E,8,83.0,E,8,1008.6016999999999,E,8,999.0,E,8,2.42,E,8,-9900,?,9,-9900,?,9,0.032,E,8,-9900,?,9,-9900,?,9,0.32,99.0,E,8
07/21/2022,24:00,0.0,1322.156,0.0,1,8,0.0,1,8,0.0,1,8,0.0,1,8,0.0,1,8,0.0,1,8,-0.0,1,8,-9900,?,9,-9900,?,9,18.19,E,8,14.62,E,8,81.0,E,8,1008.6016999999999,E,8,999.0,E,8,2.15,E,8,-9900,?,9,-9900,?,9,0.004,E,8,-9900,?,9,-9900,?,9,0.04,99.0,E,8
07/22/2022,01:00,0.0,1322.156,0.0,1,8,0.0,1,8,0.0,1,8,0.0,1,8,0.0,1,8,0.0,1,8,-0.0,1,8,-9900,?,9,-9900,?,9,17.97,E,8,14.58,E,8,82.0,E,8,1008.6016999999999,E,8,999.0,E,8,2.15,E,8,-9900,?,9,-9900,?,9,0.018,E,8,-9900,?,9,-9900,?,9,0.18,99.0,E,8
07/22/2022,02:00,0.0,1322.156,0.0,1,8,0.0,1,8,0.0,1,8,0.0,1,8,0.0,1,8,0.0,1,8,-0.0,1,8,-9900,?,9,-9900,?,9,17.76,E,8,14.54,E,8,82.0,E,8,1008.6016999999999,E,8,999.0,E,8,2.15,E,8,-9900,?,9,-9900,?,9,0.034999999999999996,E,8,-9900,?,9,-9900,?,9,0.35,99.0,E,8
07/22/2022,03:00,0.0,1322.156,0.0,1,8,0.0,1,8,0.0,1,8,0.0,1,8,0.0,1,8,0.0,1,8,-0.0,1,8,-9900,?,9,-9900,?,9,17.54,E,8,14.49,E,8,79.0,E,8,1008.6016999999999,E,8,999.0,E,8,2.15,E,8,-9900,?,9,-9900,?,9,0.0,E,8,-9900,?,9,-9900,?,9,0.0,0.0,E,8
07/22/2022,04:00,0.0,1322.369,0.0,1,8,0.0,1,8,0.0,1,8,0.0,1,8,0.0,1,8,0.0,1,8,-0.0,1,8,-9900,?,9,-9900,?,9,17.33,E,8,14.45,E,8,80.0,E,8,1008.6016999999999,E,8,999.0,E,8,2.15,E,8,-9900,?,9,-9900,?,9,0.0,E,8,-9900,?,9,-9900,?,9,0.0,0.0,E,8
07/22/2022,05:00,0.0,1322.369,0.0,1,8,0.0,1,8,0.0,1,8,0.0,1,8,0.0,1,8,0.0,1,8,-0.0,1,8,-9900,?,9,-9900,?,9,17.12,E,8,14.41,E,8,80.0,E,8,1008.6016999999999,E,8,999.0,E,8,2.15,E,8,-9900,?,9,-9900,?,9,0.0,E,8,-9900,?,9,-9900,?,9,0.0,0.0,E,8
07/22/2022,06:00,0.0,1322.369,0.0,1,8,0.0,1,8,0.0,1,8,0.0,1,8,0.0,1,8,0.0,1,8,-0.0,1,8,-9900,?,9,-9900,?,9,16.95,E,8,14.37,E,8,81.0,E,8,1008.6016999999999,E,8,999.0,E,8,2.15,E,8,-9900,?,9,-9900,?,9,0.0,E,8,-9900,?,9,-9900,?,9,0.0,0.0,E,8
07/22/2022,07:00,28.009,1322.369,0.0,1,8,0.0,1,8,0.0,1,8,0.0,1,8,0.0,1,8,0.0,1,8,0.0,1,8,-9900,?,9,-9900,?,9,16.81,E,8,14.35,E,8,81.0,E,8,1008.6016999999999,E,8,999.0,E,8,2.15,E,8,-9900,?,9,-9900,?,9,0.0,E,8,-9900,?,9,-9900,?,9,0.0,0.0,E,8
07/22/2022,08:00,310.171,1322.369,75.06,1,8,0.0,1,8,75.06,1,8,9007.2,1,8,0.0,1,8,8256.6,1,8,102.363,1,8,-9900,?,9,-9900,?,9,16.67,E,8,14.32,E,8,82.0,E,8,1008.6016999999999,E,8,999.0,E,8,2.15,E,8,-9900,?,9,-9900,?,9,0.0,E,8,-9900,?,9,-9900,?,9,0.0,0.0,E,8
07/22/2022,09:00,566.475,1322.369,226.73,1,8,105.267,1,8,181.694,1,8,27207.6,1,8,10000.353,1,8,19986.385,1,8,135.185,1,8,-9900,?,9,-9900,?,9,19.95,E,8,14.97,E,8,71.0,E,8,1008.6016999999999,E,8,999.0,E,8,2.15,E,8,-9900,?,9,-9900,?,9,0.0,E,8,-9900,?,9,-9900,?,9,0.0,0.0,E,8
07/22/2022,10:00,773.472,1322.369,168.22,1,8,2.742,1,8,166.617,1,8,20186.4,1,8,260.473,1,8,18327.889,1,8,90.724,1,8,-9900,?,9,-9900,?,9,20.07,E,8,14.99,E,8,71.0,E,8,1008.6016999999999,E,8,999.0,E,8,2.15,E,8,-9900,?,9,-9900,?,9,0.0,E,8,-9900,?,9,-9900,?,9,0.0,0.0,E,8
07/22/2022,11:00,916.703,1322.369,313.0,1,8,24.084,1,8,296.31,1,8,37560.0,1,8,2287.957,1,8,32594.075,1,8,136.1,1,8,-9900,?,9,-9900,?,9,20.92,E,8,15.16,E,8,68.0,E,8,1008.6016999999999,E,8,999.0,E,8,2.15,E,8,-9900,?,9,-9900,?,9,0.0,E,8,-9900,?,9,-9900,?,9,0.0,0.0,E,8
07/22/2022,12:00,986.323,1322.369,359.62,1,8,21.876,1,8,343.307,1,8,43154.4,1,8,2078.189,1,8,37763.802,1,8,146.544,1,8,-9900,?,9,-9900,?,9,21.63,E,8,15.29,E,8,66.0,E,8,1008.6016999999999,E,8,999.0,E,8,2.55,E,8,-9900,?,9,-9900,?,9,0.0,E,8,-9900,?,9,-9900,?,9,0.0,0.0,E,8
07/22/2022,13:00,977.561,1322.369,372.98,1,8,26.542,1,8,353.363,1,8,44757.6,1,8,2521.524,1,8,38869.968,1,8,152.19,1,8,-9900,?,9,-9900,?,9,22.16,E,8,15.4,E,8,69.0,E,8,1008.6016999999999,E,8,999.0,E,8,3.22,E,8,-9900,?,9,-9900,?,9,0.006,E,8,-9900,?,9,-9900,?,9,0.06,99.0,E,8
07/22/2022,14:00,891.013,1322.369,352.07,1,8,69.729,1,8,305.103,1,8,42248.4,1,8,6624.253,1,8,33561.345,1,8,144.184,1,8,-9900,?,9,-9900,?,9,22.47,E,8,15.45,E,8,68.0,E,8,1008.6016999999999,E,8,999.0,E,8,3.15,E,8,-9900,?,9,-9900,?,9,0.01,E,8,-9900,?,9,-9900,?,9,0.1,99.0,E,8
07/22/2022,15:00,732.605,1322.369,298.45,1,8,90.275,1,8,248.47,1,8,35814.0,1,8,8576.08,1,8,27331.716,1,8,142.855,1,8,-9900,?,9,-9900,?,9,22.55,E,8,15.47,E,8,64.0,E,8,1008.6016999999999,E,8,999.0,E,8,2.97,E,8,-9900,?,9,-9900,?,9,0.0,E,8,-9900,?,9,-9900,?,9,0.0,0.0,E,8
07/22/2022,16:00,513.234,1322.369,216.34,1,8,144.336,1,8,160.413,1,8,25960.8,1,8,13711.925,1,8,17645.381,1,8,131.777,1,8,-9900,?,9,-9900,?,9,22.33,E,8,15.43,E,8,69.0,E,8,1008.6016999999999,E,8,999.0,E,8,3.22,E,8,-9900,?,9,-9900,?,9,0.001,E,8,-9900,?,9,-9900,?,9,0.01,99.0,E,8
07/22/2022,17:00,248.395,1322.369,113.42,1,8,276.31,1,8,61.916,1,8,13610.4,1,8,26249.425,1,8,6810.739,1,8,105.732,1,8,-9900,?,9,-9900,?,9,21.77,E,8,15.32,E,8,66.0,E,8,1008.6016999999999,E,8,999.0,E,8,2.71,E,8,-9900,?,9,-9900,?,9,0.0,E,8,-9900,?,9,-9900,?,9,0.0,0.0,E,8
07/22/2022,18:00,0.0,1322.369,12.57,1,8,0.0,1,8,0.0,1,8,1508.4,1,8,0.0,1,8,0.0,1,8,-0.0,1,8,-9900,?,9,-9900,?,9,21.36,E,8,15.24,E,8,67.0,E,8,1008.6016999999999,E,8,999.0,E,8,2.15,E,8,-9900,?,9,-9900,?,9,0.0,E,8,-9900,?,9,-9900,?,9,0.0,0.0,E,8
07/22/2022,19:00,0.0,1322.369,0.0,1,8,0.0,1,8,0.0,1,8,0.0,1,8,0.0,1,8,0.0,1,8,-0.0,1,8,-9900,?,9,-9900,?,9,20.95,E,8,15.16,E,8,68.0,E,8,1008.6016999999999,E,8,999.0,E,8,2.15,E,8,-9900,?,9,-9900,?,9,0.0,E,8,-9900,?,9,-9900,?,9,0.0,0.0,E,8
07/22/2022,20:00,0.0,1322.369,0.0,1,8,0.0,1,8,0.0,1,8,0.0,1,8,0.0,1,8,0.0,1,8,-0.0,1,8,-9900,?,9,-9900,?,9,20.54,E,8,15.08,E,8,69.0,E,8,1008.6016999999999,E,8,999.0,E,8,2.15,E,8,-9900,?,9,-9900,?,9,0.0,E,8,-9900,?,9,-9900,?,9,0.0,0.0,E,8
07/22/2022,21:00,0.0,1322.369,0.0,1,8,0.0,1,8,0.0,1,8,0.0,1,8,0.0,1,8,0.0,1,8,-0.0,1,8,-9900,?,9,-9900,?,9,20.14,E,8,15.01,E,8,70.0,E,8,1008.6016999999999,E,8,999.0,E,8,2.15,E,8,-9900,?,9,-9900,?,9,0.0,E,8,-9900,?,9,-9900,?,9,0.0,0.0,E,8
07/22/2022,22:00,0.0,1322.369,0.0,1,8,0.0,1,8,0.0,1,8,0.0,1,8,0.0,1,8,0.0,1,8,-0.0,1,8,-9900,?,9,-9900,?,9,19.73,E,8,14.93,E,8,76.0,E,8,1008.6016999999999,E,8,999.0,E,8,2.15,E,8,-9900,?,9,-9900,?,9,0.002,E,8,-9900,?,9,-9900,?,9,0.02,99.0,E,8
07/22/2022,23:00,0.0,1322.369,0.0,1,8,0.0,1,8,0.0,1,8,0.0,1,8,0.0,1,8,0.0,1,8,-0.0,1,8,-9900,?,9,-9900,?,9,19.32,E,8,14.85,E,8,86.0,E,8,1008.6016999999999,E,8,999.0,E,8,2.15,E,8,-9900,?,9,-9900,?,9,0.623,E,8,-9900,?,9,-9900,?,9,6.23,99.0,E,8
07/22/2022,24:00,0.0,1322.369,0.0,1,8,0.0,1,8,0.0,1,8,0.0,1,8,0.0,1,8,0.0,1,8,-0.0,1,8,-9900,?,9,-9900,?,9,18.91,E,8,16.24,E,8,84.0,E,8,1008.6016999999999,E,8,999.0,E,8,1.65,E,8,-9900,?,9,-9900,?,9,0.018,E,8,-9900,?,9,-9900,?,9,0.18,99.0,E,8
07/23/2022,01:00,0.0,1322.369,0.0,1,8,0.0,1,8,0.0,1,8,0.0,1,8,0.0,1,8,0.0,1,8,-0.0,1,8,-9900,?,9,-9900,?,9,18.71,E,8,16.26,E,8,93.0,E,8,1008.6016999999999,E,8,999.0,E,8,1.65,E,8,-9900,?,9,-9900,?,9,0.9650000000000001,E,8,-9900,?,9,-9900,?,9,9.65,99.0,E,8
07/23/2022,02:00,0.0,1322.369,0.0,1,8,0.0,1,8,0.0,1,8,0.0,1,8,0.0,1,8,0.0,1,8,-0.0,1,8,-9900,?,9,-9900,?,9,18.5,E,8,16.29,E,8,86.0,E,8,1008.6016999999999,E,8,999.0,E,8,1.65,E,8,-9900,?,9,-9900,?,9,0.03,E,8,-9900,?,9,-9900,?,9,0.3,99.0,E,8
07/23/2022,03:00,0.0,1322.369,0.0,1,8,0.0,1,8,0.0,1,8,0.0,1,8,0.0,1,8,0.0,1,8,-0.0,1,8,-9900,?,9,-9900,?,9,18.3,E,8,16.31,E,8,87.0,E,8,1008.6016999999999,E,8,999.0,E,8,1.65,E,8,-9900,?,9,-9900,?,9,0.001,E,8,-9900,?,9,-9900,?,9,0.01,99.0,E,8
07/23/2022,04:00,0.0,1322.593,0.0,1,8,0.0,1,8,0.0,1,8,0.0,1,8,0.0,1,8,0.0,1,8,-0.0,1,8,-9900,?,9,-9900,?,9,18.09,E,8,16.33,E,8,88.0,E,8,1008.6016999999999,E,8,999.0,E,8,1.65,E,8,-9900,?,9,-9900,?,9,0.007000000000000001,E,8,-9900,?,9,-9900,?,9,0.07,99.0,E,8
07/23/2022,05:00,0.0,1322.593,0.0,1,8,0.0,1,8,0.0,1,8,0.0,1,8,0.0,1,8,0.0,1,8,-0.0,1,8,-9900,?,9,-9900,?,9,17.89,E,8,16.36,E,8,89.0,E,8,1008.6016999999999,E,8,999.0,E,8,1.65,E,8,-9900,?,9,-9900,?,9,0.005,E,8,-9900,?,9,-9900,?,9,0.05,99.0,E,8
07/23/2022,06:00,0.0,1322.593,0.0,1,8,0.0,1,8,0.0,1,8,0.0,1,8,0.0,1,8,0.0,1,8,-0.0,1,8,-9900,?,9,-9900,?,9,17.73,E,8,16.38,E,8,86.0,E,8,1008.6016999999999,E,8,999.0,E,8,1.65,E,8,-9900,?,9,-9900,?,9,0.0,E,8,-9900,?,9,-9900,?,9,0.0,0.0,E,8
07/23/2022,07:00,29.477,1322.593,0.0,1,8,0.0,1,8,0.0,1,8,0.0,1,8,0.0,1,8,0.0,1,8,0.0,1,8,-9900,?,9,-9900,?,9,17.6,E,8,16.39,E,8,90.0,E,8,1008.6016999999999,E,8,999.0,E,8,1.65,E,8,-9900,?,9,-9900,?,9,0.057999999999999996,E,8,-9900,?,9,-9900,?,9,0.58,99.0,E,8
07/23/2022,08:00,312.237,1322.593,49.68,1,8,0.0,1,8,49.68,1,8,5961.6,1,8,0.0,1,8,5464.8,1,8,67.31,1,8,-9900,?,9,-9900,?,9,17.46,E,8,16.41,E,8,91.0,E,8,1008.6016999999999,E,8,999.0,E,8,1.65,E,8,-9900,?,9,-9900,?,9,0.003,E,8,-9900,?,9,-9900,?,9,0.03,99.0,E,8
07/23/2022,09:00,568.95,1322.593,234.77,1,8,119.147,1,8,183.581,1,8,28172.4,1,8,11318.985,1,8,20193.947,1,8,136.016,1,8,-9900,?,9,-9900,?,9,19.55,E,8,16.16,E,8,77.0,E,8,1008.6016999999999,E,8,999.0,E,8,1.65,E,8,-9900,?,9,-9900,?,9,0.0,E,8,-9900,?,9,-9900,?,9,0.0,0.0,E,8
07/23/2022,10:00,776.29,1322.593,390.85,1,8,190.395,1,8,279.161,1,8,46902.0,1,8,18087.539,1,8,30707.693,1,8,151.478,1,8,-9900,?,9,-9900,?,9,20.76,E,8,16.02,E,8,71.0,E,8,1008.6016999999999,E,8,999.0,E,8,1.65,E,8,-9900,?,9,-9900,?,9,0.0,E,8,-9900,?,9,-9900,?,9,0.0,0.0,E,8
07/23/2022,11:00,919.774,1322.593,532.33,1,8,332.416,1,8,301.23,1,8,63879.6,1,8,31579.528,1,8,33135.255,1,8,137.921,1,8,-9900,?,9,-9900,?,9,21.89,E,8,15.89,E,8,67.0,E,8,1008.6016999999999,E,8,999.0,E,8,1.73,E,8,-9900,?,9,-9900,?,9,0.0,E,8,-9900,?,9,-9900,?,9,0.0,0.0,E,8
07/23/2022,12:00,989.543,1322.593,593.08,1,8,359.196,1,8,324.397,1,8,71169.6,1,8,34123.659,1,8,35683.676,1,8,138.044,1,8,-9900,?,9,-9900,?,9,22.74,E,8,15.78,E,8,63.0,E,8,1008.6016999999999,E,8,999.0,E,8,2.89,E,8,-9900,?,9,-9900,?,9,0.0,E,8,-9900,?,9,-9900,?,9,0.0,0.0,E,8
07/23/2022,13:00,980.816,1322.593,643.49,1,8,514.281,1,8,262.199,1,8,77218.8,1,8,48856.685,1,8,28841.841,1,8,112.57,1,8,-9900,?,9,-9900,?,9,23.43,E,8,15.7,E,8,61.0,E,8,1008.6016999999999,E,8,999.0,E,8,3.72,E,8,-9900,?,9,-9900,?,9,0.0,E,8,-9900,?,9,-9900,?,9,0.0,0.0,E,8
07/23/2022,14:00,894.185,1322.593,601.46,1,8,617.01,1,8,184.455,1,8,72175.2,1,8,58615.926,1,8,20290.028,1,8,86.874,1,8,-9900,?,9,-9900,?,9,23.84,E,8,15.65,E,8,60.0,E,8,1008.6016999999999,E,8,999.0,E,8,4.76,E,8,-9900,?,9,-9900,?,9,0.0,E,8,-9900,?,9,-9900,?,9,0.0,0.0,E,8
07/23/2022,15:00,735.581,1322.593,511.49,1,8,626.405,1,8,163.333,1,8,61378.8,1,8,59508.48,1,8,17966.617,1,8,93.541,1,8,-9900,?,9,-9900,?,9,23.98,E,8,15.64,E,8,59.0,E,8,1008.6016999999999,E,8,999.0,E,8,4.69,E,8,-9900,?,9,-9900,?,9,0.0,E,8,-9900,?,9,-9900,?,9,0.0,0.0,E,8
07/23/2022,16:00,515.916,1322.593,404.65,1,8,622.897,1,8,162.065,1,8,48558.0,1,8,59175.2,1,8,17827.131,1,8,132.462,1,8,-9900,?,9,-9900,?,9,23.87,E,8,15.65,E,8,59.0,E,8,1008.6016999999999,E,8,999.0,E,8,4.34,E,8,-9900,?,9,-9900,?,9,0.0,E,8,-9900,?,9,-9900,?,9,0.0,0.0,E,8
07/23/2022,17:00,250.695,1322.593,201.0,1,8,542.561,1,8,98.933,1,8,24120.0,1,8,51543.295,1,8,10882.657,1,8,167.4,1,8,-9900,?,9,-9900,?,9,23.27,E,8,15.72,E,8,62.0,E,8,1008.6016999999999,E,8,999.0,E,8,3.6,E,8,-9900,?,9,-9900,?,9,0.0,E,8,-9900,?,9,-9900,?,9,0.0,0.0,E,8
07/23/2022,18:00,0.0,1322.593,20.04,1,8,0.0,1,8,0.0,1,8,2404.8,1,8,0.0,1,8,0.0,1,8,-0.0,1,8,-9900,?,9,-9900,?,9,22.76,E,8,15.78,E,8,63.0,E,8,1008.6016999999999,E,8,999.0,E,8,3.16,E,8,-9900,?,9,-9900,?,9,0.0,E,8,-9900,?,9,-9900,?,9,0.0,0.0,E,8
07/23/2022,19:00,0.0,1322.593,0.0,1,8,0.0,1,8,0.0,1,8,0.0,1,8,0.0,1,8,0.0,1,8,-0.0,1,8,-9900,?,9,-9900,?,9,22.25,E,8,15.84,E,8,65.0,E,8,1008.6016999999999,E,8,999.0,E,8,2.48,E,8,-9900,?,9,-9900,?,9,0.0,E,8,-9900,?,9,-9900,?,9,0.0,0.0,E,8
07/23/2022,20:00,0.0,1322.593,0.0,1,8,0.0,1,8,0.0,1,8,0.0,1,8,0.0,1,8,0.0,1,8,-0.0,1,8,-9900,?,9,-9900,?,9,21.74,E,8,15.9,E,8,67.0,E,8,1008.6016999999999,E,8,999.0,E,8,2.03,E,8,-9900,?,9,-9900,?,9,0.0,E,8,-9900,?,9,-9900,?,9,0.0,0.0,E,8
07/23/2022,21:00,0.0,1322.593,0.0,1,8,0.0,1,8,0.0,1,8,0.0,1,8,0.0,1,8,0.0,1,8,-0.0,1,8,-9900,?,9,-9900,?,9,21.23,E,8,15.97,E,8,69.0,E,8,1008.6016999999999,E,8,999.0,E,8,1.65,E,8,-9900,?,9,-9900,?,9,0.0,E,8,-9900,?,9,-9900,?,9,0.0,0.0,E,8
07/23/2022,22:00,0.0,1322.593,0.0,1,8,0.0,1,8,0.0,1,8,0.0,1,8,0.0,1,8,0.0,1,8,-0.0,1,8,-9900,?,9,-9900,?,9,20.72,E,8,16.03,E,8,76.0,E,8,1008.6016999999999,E,8,999.0,E,8,1.65,E,8,-9900,?,9,-9900,?,9,0.001,E,8,-9900,?,9,-9900,?,9,0.01,99.0,E,8
07/23/2022,23:00,0.0,1322.593,0.0,1,8,0.0,1,8,0.0,1,8,0.0,1,8,0.0,1,8,0.0,1,8,-0.0,1,8,-9900,?,9,-9900,?,9,20.21,E,8,16.09,E,8,78.0,E,8,1008.6016999999999,E,8,999.0,E,8,1.65,E,8,-9900,?,9,-9900,?,9,0.012,E,8,-9900,?,9,-9900,?,9,0.12,99.0,E,8
07/23/2022,24:00,0.0,1322.593,0.0,1,8,0.0,1,8,0.0,1,8,0.0,1,8,0.0,1,8,0.0,1,8,-0.0,1,8,-9900,?,9,-9900,?,9,19.7,E,8,17.29,E,8,83.0,E,8,1008.6016999999999,E,8,999.0,E,8,1.54,E,8,-9900,?,9,-9900,?,9,0.001,E,8,-9900,?,9,-9900,?,9,0.01,99.0,E,8
07/24/2022,01:00,0.0,1322.593,0.0,1,8,0.0,1,8,0.0,1,8,0.0,1,8,0.0,1,8,0.0,1,8,-0.0,1,8,-9900,?,9,-9900,?,9,19.45,E,8,17.3,E,8,84.0,E,8,1008.6016999999999,E,8,999.0,E,8,1.54,E,8,-9900,?,9,-9900,?,9,0.002,E,8,-9900,?,9,-9900,?,9,0.02,99.0,E,8
07/24/2022,02:00,0.0,1322.593,0.0,1,8,0.0,1,8,0.0,1,8,0.0,1,8,0.0,1,8,0.0,1,8,-0.0,1,8,-9900,?,9,-9900,?,9,19.19,E,8,17.31,E,8,82.0,E,8,1008.6016999999999,E,8,999.0,E,8,1.54,E,8,-9900,?,9,-9900,?,9,0.0,E,8,-9900,?,9,-9900,?,9,0.0,0.0,E,8
07/24/2022,03:00,0.0,1322.593,0.0,1,8,0.0,1,8,0.0,1,8,0.0,1,8,0.0,1,8,0.0,1,8,-0.0,1,8,-9900,?,9,-9900,?,9,18.94,E,8,17.32,E,8,87.0,E,8,1008.6016999999999,E,8,999.0,E,8,1.54,E,8,-9900,?,9,-9900,?,9,0.018,E,8,-9900,?,9,-9900,?,9,0.18,99.0,E,8
07/24/2022,04:00,0.0,1322.83,0.0,1,8,0.0,1,8,0.0,1,8,0.0,1,8,0.0,1,8,0.0,1,8,-0.0,1,8,-9900,?,9,-9900,?,9,18.68,E,8,17.33,E,8,88.0,E,8,1008.6016999999999,E,8,999.0,E,8,1.54,E,8,-9900,?,9,-9900,?,9,0.05500000000000001,E,8,-9900,?,9,-9900,?,9,0.55,99.0,E,8
07/24/2022,05:00,0.0,1322.83,0.0,1,8,0.0,1,8,0.0,1,8,0.0,1,8,0.0,1,8,0.0,1,8,-0.0,1,8,-9900,?,9,-9900,?,9,18.43,E,8,17.34,E,8,96.0,E,8,1008.6016999999999,E,8,999.0,E,8,1.54,E,8,-9900,?,9,-9900,?,9,1.4300000000000002,E,8,-9900,?,9,-9900,?,9,14.3,99.0,E,8
07/24/2022,06:00,0.0,1322.83,0.0,1,8,0.0,1,8,0.0,1,8,0.0,1,8,0.0,1,8,0.0,1,8,-0.0,1,8,-9900,?,9,-9900,?,9,18.23,E,8,17.34,E,8,90.0,E,8,1008.6016999999999,E,8,999.0,E,8,1.54,E,8,-9900,?,9,-9900,?,9,0.025,E,8,-9900,?,9,-9900,?,9,0.25,99.0,E,8
07/24/2022,07:00,31.039,1322.83,0.0,1,8,0.0,1,8,0.0,1,8,0.0,1,8,0.0,1,8,0.0,1,8,0.0,1,8,-9900,?,9,-9900,?,9,18.06,E,8,17.35,E,8,94.0,E,8,1008.6016999999999,E,8,999.0,E,8,1.54,E,8,-9900,?,9,-9900,?,9,0.1,E,8,-9900,?,9,-9900,?,9,1.0,99.0,E,8
07/24/2022,08:00,314.405,1322.83,44.89,1,8,0.0,1,8,44.89,1,8,5386.8,1,8,0.0,1,8,4937.9,1,8,60.407,1,8,-9900,?,9,-9900,?,9,17.9,E,8,17.36,E,8,91.0,E,8,1008.6016999999999,E,8,999.0,E,8,1.54,E,8,-9900,?,9,-9900,?,9,0.036,E,8,-9900,?,9,-9900,?,9,0.36,99.0,E,8
07/24/2022,09:00,571.531,1322.83,193.27,1,8,65.709,1,8,164.916,1,8,23192.4,1,8,6242.37,1,8,18140.794,1,8,121.655,1,8,-9900,?,9,-9900,?,9,20.03,E,8,17.27,E,8,82.0,E,8,1008.6016999999999,E,8,999.0,E,8,1.54,E,8,-9900,?,9,-9900,?,9,0.009,E,8,-9900,?,9,-9900,?,9,0.09,99.0,E,8
07/24/2022,10:00,779.21,1322.83,331.31,1,8,100.428,1,8,272.186,1,8,39757.2,1,8,9540.639,1,8,29940.445,1,8,147.165,1,8,-9900,?,9,-9900,?,9,21.3,E,8,17.22,E,8,73.0,E,8,1008.6016999999999,E,8,999.0,E,8,1.98,E,8,-9900,?,9,-9900,?,9,0.0,E,8,-9900,?,9,-9900,?,9,0.0,0.0,E,8
07/24/2022,11:00,922.942,1322.83,437.39,1,8,108.102,1,8,361.99,1,8,52486.8,1,8,10269.661,1,8,39818.953,1,8,165.2,1,8,-9900,?,9,-9900,?,9,22.41,E,8,17.18,E,8,69.0,E,8,1008.6016999999999,E,8,999.0,E,8,3.06,E,8,-9900,?,9,-9900,?,9,0.0,E,8,-9900,?,9,-9900,?,9,0.0,0.0,E,8
07/24/2022,12:00,992.851,1322.83,502.23,1,8,131.562,1,8,403.508,1,8,60267.6,1,8,12498.436,1,8,44385.901,1,8,171.168,1,8,-9900,?,9,-9900,?,9,23.31,E,8,17.14,E,8,67.0,E,8,1008.6016999999999,E,8,999.0,E,8,3.05,E,8,-9900,?,9,-9900,?,9,0.0,E,8,-9900,?,9,-9900,?,9,0.0,0.0,E,8
07/24/2022,13:00,984.145,1322.83,520.84,1,8,157.533,1,8,403.668,1,8,62500.8,1,8,14965.651,1,8,44403.477,1,8,172.752,1,8,-9900,?,9,-9900,?,9,23.97,E,8,17.12,E,8,64.0,E,8,1008.6016999999999,E,8,999.0,E,8,3.91,E,8,-9900,?,9,-9900,?,9,0.0,E,8,-9900,?,9,-9900,?,9,0.0,0.0,E,8
07/24/2022,14:00,897.416,1322.83,491.83,1,8,316.358,1,8,277.285,1,8,59019.6,1,8,30054.036,1,8,30501.306,1,8,130.148,1,8,-9900,?,9,-9900,?,9,24.36,E,8,17.1,E,8,63.0,E,8,1008.6016999999999,E,8,999.0,E,8,4.69,E,8,-9900,?,9,-9900,?,9,0.0,E,8,-9900,?,9,-9900,?,9,0.0,0.0,E,8
07/24/2022,15:00,738.601,1322.83,417.36,1,8,404.464,1,8,191.674,1,8,50083.2,1,8,38424.084,1,8,21084.128,1,8,109.342,1,8,-9900,?,9,-9900,?,9,24.49,E,8,17.1,E,8,63.0,E,8,1008.6016999999999,E,8,999.0,E,8,4.71,E,8,-9900,?,9,-9900,?,9,0.0,E,8,-9900,?,9,-9900,?,9,0.0,0.0,E,8
07/24/2022,16:00,518.626,1322.83,303.27,1,8,450.016,1,8,127.12,1,8,36392.4,1,8,42751.527,1,8,13983.235,1,8,103.374,1,8,-9900,?,9,-9900,?,9,24.27,E,8,17.1,E,8,67.0,E,8,1008.6016999999999,E,8,999.0,E,8,5.09,E,8,-9900,?,9,-9900,?,9,0.001,E,8,-9900,?,9,-9900,?,9,0.01,99.0,E,8
07/24/2022,17:00,253.009,1322.83,58.14,1,8,0.0,1,8,58.14,1,8,6976.8,1,8,0.0,1,8,6395.4,1,8,97.481,1,8,-9900,?,9,-9900,?,9,23.35,E,8,17.14,E,8,70.0,E,8,1008.6016999999999,E,8,999.0,E,8,3.54,E,8,-9900,?,9,-9900,?,9,0.013000000000000001,E,8,-9900,?,9,-9900,?,9,0.13,99.0,E,8
07/24/2022,18:00,0.0,1322.83,18.39,1,8,0.0,1,8,0.0,1,8,2206.8,1,8,0.0,1,8,0.0,1,8,-0.0,1,8,-9900,?,9,-9900,?,9,22.69,E,8,17.17,E,8,72.0,E,8,1008.6016999999999,E,8,999.0,E,8,2.84,E,8,-9900,?,9,-9900,?,9,0.004,E,8,-9900,?,9,-9900,?,9,0.04,99.0,E,8
07/24/2022,19:00,0.0,1322.83,0.0,1,8,0.0,1,8,0.0,1,8,0.0,1,8,0.0,1,8,0.0,1,8,-0.0,1,8,-9900,?,9,-9900,?,9,22.03,E,8,17.19,E,8,71.0,E,8,1008.6016999999999,E,8,999.0,E,8,2.06,E,8,-9900,?,9,-9900,?,9,0.0,E,8,-9900,?,9,-9900,?,9,0.0,0.0,E,8
07/24/2022,20:00,0.0,1322.83,0.0,1,8,0.0,1,8,0.0,1,8,0.0,1,8,0.0,1,8,0.0,1,8,-0.0,1,8,-9900,?,9,-9900,?,9,21.37,E,8,17.22,E,8,73.0,E,8,1008.6016999999999,E,8,999.0,E,8,1.54,E,8,-9900,?,9,-9900,?,9,0.0,E,8,-9900,?,9,-9900,?,9,0.0,0.0,E,8
07/24/2022,21:00,0.0,1322.83,0.0,1,8,0.0,1,8,0.0,1,8,0.0,1,8,0.0,1,8,0.0,1,8,-0.0,1,8,-9900,?,9,-9900,?,9,20.71,E,8,17.25,E,8,76.0,E,8,1008.6016999999999,E,8,999.0,E,8,1.54,E,8,-9900,?,9,-9900,?,9,0.0,E,8,-9900,?,9,-9900,?,9,0.0,0.0,E,8
07/24/2022,22:00,0.0,1322.83,0.0,1,8,0.0,1,8,0.0,1,8,0.0,1,8,0.0,1,8,0.0,1,8,-0.0,1,8,-9900,?,9,-9900,?,9,20.05,E,8,17.27,E,8,78.0,E,8,1008.6016999999999,E,8,999.0,E,8,1.54,E,8,-9900,?,9,-9900,?,9,0.0,E,8,-9900,?,9,-9900,?,9,0.0,0.0,E,8
07/24/2022,23:00,0.0,1322.83,0.0,1,8,0.0,1,8,0.0,1,8,0.0,1,8,0.0,1,8,0.0,1,8,-0.0,1,8,-9900,?,9,-9900,?,9,19.39,E,8,17.3,E,8,85.0,E,8,1008.6016999999999,E,8,999.0,E,8,1.54,E,8,-9900,?,9,-9900,?,9,0.006,E,8,-9900,?,9,-9900,?,9,0.06,99.0,E,8
07/24/2022,24:00,0.0,1322.83,0.0,1,8,0.0,1,8,0.0,1,8,0.0,1,8,0.0,1,8,0.0,1,8,-0.0,1,8,-9900,?,9,-9900,?,9,18.73,E,8,14.95,E,8,79.0,E,8,1008.6016999999999,E,8,999.0,E,8,1.3,E,8,-9900,?,9,-9900,?,9,0.004,E,8,-9900,?,9,-9900,?,9,0.04,99.0,E,8
07/25/2022,01:00,0.0,1322.83,0.0,1,8,0.0,1,8,0.0,1,8,0.0,1,8,0.0,1,8,0.0,1,8,-0.0,1,8,-9900,?,9,-9900,?,9,18.4,E,8,14.84,E,8,75.0,E,8,1008.6016999999999,E,8,999.0,E,8,1.3,E,8,-9900,?,9,-9900,?,9,0.0,E,8,-9900,?,9,-9900,?,9,0.0,0.0,E,8
07/25/2022,02:00,0.0,1322.83,0.0,1,8,0.0,1,8,0.0,1,8,0.0,1,8,0.0,1,8,0.0,1,8,-0.0,1,8,-9900,?,9,-9900,?,9,18.07,E,8,14.72,E,8,76.0,E,8,1008.6016999999999,E,8,999.0,E,8,1.3,E,8,-9900,?,9,-9900,?,9,0.0,E,8,-9900,?,9,-9900,?,9,0.0,0.0,E,8
07/25/2022,03:00,0.0,1322.83,0.0,1,8,0.0,1,8,0.0,1,8,0.0,1,8,0.0,1,8,0.0,1,8,-0.0,1,8,-9900,?,9,-9900,?,9,17.74,E,8,14.61,E,8,77.0,E,8,1008.6016999999999,E,8,999.0,E,8,1.3,E,8,-9900,?,9,-9900,?,9,0.0,E,8,-9900,?,9,-9900,?,9,0.0,0.0,E,8
07/25/2022,04:00,0.0,1323.079,0.0,1,8,0.0,1,8,0.0,1,8,0.0,1,8,0.0,1,8,0.0,1,8,-0.0,1,8,-9900,?,9,-9900,?,9,17.42,E,8,14.49,E,8,78.0,E,8,1008.6016999999999,E,8,999.0,E,8,1.3,E,8,-9900,?,9,-9900,?,9,0.0,E,8,-9900,?,9,-9900,?,9,0.0,0.0,E,8
07/25/2022,05:00,0.0,1323.079,0.0,1,8,0.0,1,8,0.0,1,8,0.0,1,8,0.0,1,8,0.0,1,8,-0.0,1,8,-9900,?,9,-9900,?,9,17.09,E,8,14.38,E,8,79.0,E,8,1008.6016999999999,E,8,999.0,E,8,1.3,E,8,-9900,?,9,-9900,?,9,0.0,E,8,-9900,?,9,-9900,?,9,0.0,0.0,E,8
07/25/2022,06:00,0.0,1323.079,0.0,1,8,0.0,1,8,0.0,1,8,0.0,1,8,0.0,1,8,0.0,1,8,-0.0,1,8,-9900,?,9,-9900,?,9,16.83,E,8,14.28,E,8,80.0,E,8,1008.6016999999999,E,8,999.0,E,8,1.3,E,8,-9900,?,9,-9900,?,9,0.0,E,8,-9900,?,9,-9900,?,9,0.0,0.0,E,8
07/25/2022,07:00,32.694,1323.079,0.0,1,8,0.0,1,8,0.0,1,8,0.0,1,8,0.0,1,8,0.0,1,8,0.0,1,8,-9900,?,9,-9900,?,9,16.61,E,8,14.2,E,8,80.0,E,8,1008.6016999999999,E,8,999.0,E,8,1.3,E,8,-9900,?,9,-9900,?,9,0.0,E,8,-9900,?,9,-9900,?,9,0.0,0.0,E,8
07/25/2022,08:00,316.677,1323.079,39.92,1,8,0.0,1,8,39.92,1,8,4790.4,1,8,0.0,1,8,4391.2,1,8,53.34,1,8,-9900,?,9,-9900,?,9,16.4,E,8,14.13,E,8,81.0,E,8,1008.6016999999999,E,8,999.0,E,8,1.3,E,8,-9900,?,9,-9900,?,9,0.0,E,8,-9900,?,9,-9900,?,9,0.0,0.0,E,8
07/25/2022,09:00,574.217,1323.079,169.53,1,8,16.688,1,8,162.296,1,8,20343.6,1,8,1585.401,1,8,17852.595,1,8,119.183,1,8,-9900,?,9,-9900,?,9,19.03,E,8,15.06,E,8,74.0,E,8,1008.6016999999999,E,8,999.0,E,8,1.71,E,8,-9900,?,9,-9900,?,9,0.0,E,8,-9900,?,9,-9900,?,9,0.0,0.0,E,8
07/25/2022,10:00,782.233,1323.079,289.9,1,8,78.11,1,8,243.745,1,8,34788.0,1,8,7420.409,1,8,26811.965,1,8,131.302,1,8,-9900,?,9,-9900,?,9,20.59,E,8,15.59,E,8,70.0,E,8,1008.6016999999999,E,8,999.0,E,8,2.46,E,8,-9900,?,9,-9900,?,9,0.0,E,8,-9900,?,9,-9900,?,9,0.0,0.0,E,8
07/25/2022,11:00,926.206,1323.079,382.39,1,8,81.102,1,8,325.633,1,8,45886.8,1,8,7704.724,1,8,35819.584,1,8,148.112,1,8,-9900,?,9,-9900,?,9,21.95,E,8,16.04,E,8,67.0,E,8,1008.6016999999999,E,8,999.0,E,8,3.2,E,8,-9900,?,9,-9900,?,9,0.0,E,8,-9900,?,9,-9900,?,9,0.0,0.0,E,8
07/25/2022,12:00,996.243,1323.079,438.92,1,8,99.453,1,8,364.051,1,8,52670.4,1,8,9448.032,1,8,40045.649,1,8,153.933,1,8,-9900,?,9,-9900,?,9,23.05,E,8,16.39,E,8,65.0,E,8,1008.6016999999999,E,8,999.0,E,8,3.62,E,8,-9900,?,9,-9900,?,9,0.0,E,8,-9900,?,9,-9900,?,9,0.0,0.0,E,8
07/25/2022,13:00,987.546,1323.079,455.15,1,8,120.042,1,8,365.572,1,8,54618.0,1,8,11403.969,1,8,40212.897,1,8,155.938,1,8,-9900,?,9,-9900,?,9,23.85,E,8,16.64,E,8,63.0,E,8,1008.6016999999999,E,8,999.0,E,8,3.27,E,8,-9900,?,9,-9900,?,9,0.0,E,8,-9900,?,9,-9900,?,9,0.0,0.0,E,8
07/25/2022,14:00,900.704,1323.079,429.87,1,8,113.331,1,8,352.745,1,8,51584.4,1,8,10766.423,1,8,38801.926,1,8,164.992,1,8,-9900,?,9,-9900,?,9,24.33,E,8,16.79,E,8,62.0,E,8,1008.6016999999999,E,8,999.0,E,8,4.29,E,8,-9900,?,9,-9900,?,9,0.0,E,8,-9900,?,9,-9900,?,9,0.0,0.0,E,8
07/25/2022,15:00,741.663,1323.079,364.97,1,8,195.793,1,8,255.287,1,8,43796.4,1,8,18600.357,1,8,28081.536,1,8,145.056,1,8,-9900,?,9,-9900,?,9,24.49,E,8,16.84,E,8,66.0,E,8,1008.6016999999999,E,8,999.0,E,8,4.44,E,8,-9900,?,9,-9900,?,9,0.006,E,8,-9900,?,9,-9900,?,9,0.06,99.0,E,8
07/25/2022,16:00,521.362,1323.079,265.51,1,8,288.105,1,8,152.162,1,8,31861.2,1,8,27369.929,1,8,16737.775,1,8,123.109,1,8,-9900,?,9,-9900,?,9,24.23,E,8,16.76,E,8,66.0,E,8,1008.6016999999999,E,8,999.0,E,8,4.67,E,8,-9900,?,9,-9900,?,9,0.01,E,8,-9900,?,9,-9900,?,9,0.1,99.0,E,8
07/25/2022,17:00,255.335,1323.079,140.7,1,8,416.461,1,8,60.913,1,8,16884.0,1,8,39563.797,1,8,6700.447,1,8,101.206,1,8,-9900,?,9,-9900,?,9,23.48,E,8,16.53,E,8,68.0,E,8,1008.6016999999999,E,8,999.0,E,8,4.29,E,8,-9900,?,9,-9900,?,9,0.034999999999999996,E,8,-9900,?,9,-9900,?,9,0.35,99.0,E,8
07/25/2022,18:00,0.0,1323.079,17.1,1,8,0.0,1,8,0.0,1,8,2052.0,1,8,0.0,1,8,0.0,1,8,-0.0,1,8,-9900,?,9,-9900,?,9,22.73,E,8,16.29,E,8,69.0,E,8,1008.6016999999999,E,8,999.0,E,8,3.35,E,8,-9900,?,9,-9900,?,9,0.002,E,8,-9900,?,9,-9900,?,9,0.02,99.0,E,8
07/25/2022,19:00,0.0,1323.079,0.0,1,8,0.0,1,8,0.0,1,8,0.0,1,8,0.0,1,8,0.0,1,8,-0.0,1,8,-9900,?,9,-9900,?,9,21.99,E,8,16.05,E,8,71.0,E,8,1008.6016999999999,E,8,999.0,E,8,2.68,E,8,-9900,?,9,-9900,?,9,0.001,E,8,-9900,?,9,-9900,?,9,0.01,99.0,E,8
07/25/2022,20:00,0.0,1323.079,0.0,1,8,0.0,1,8,0.0,1,8,0.0,1,8,0.0,1,8,0.0,1,8,-0.0,1,8,-9900,?,9,-9900,?,9,21.24,E,8,15.8,E,8,69.0,E,8,1008.6016999999999,E,8,999.0,E,8,2.39,E,8,-9900,?,9,-9900,?,9,0.0,E,8,-9900,?,9,-9900,?,9,0.0,0.0,E,8
07/25/2022,21:00,0.0,1323.079,0.0,1,8,0.0,1,8,0.0,1,8,0.0,1,8,0.0,1,8,0.0,1,8,-0.0,1,8,-9900,?,9,-9900,?,9,20.49,E,8,15.55,E,8,70.0,E,8,1008.6016999999999,E,8,999.0,E,8,1.73,E,8,-9900,?,9,-9900,?,9,0.0,E,8,-9900,?,9,-9900,?,9,0.0,0.0,E,8
07/25/2022,22:00,0.0,1323.079,0.0,1,8,0.0,1,8,0.0,1,8,0.0,1,8,0.0,1,8,0.0,1,8,-0.0,1,8,-9900,?,9,-9900,?,9,19.75,E,8,15.31,E,8,76.0,E,8,1008.6016999999999,E,8,999.0,E,8,1.41,E,8,-9900,?,9,-9900,?,9,0.018,E,8,-9900,?,9,-9900,?,9,0.18,99.0,E,8
07/25/2022,23:00,0.0,1323.079,0.0,1,8,0.0,1,8,0.0,1,8,0.0,1,8,0.0,1,8,0.0,1,8,-0.0,1,8,-9900,?,9,-9900,?,9,19.0,E,8,15.05,E,8,86.0,E,8,1008.6016999999999,E,8,999.0,E,8,1.3,E,8,-9900,?,9,-9900,?,9,0.623,E,8,-9900,?,9,-9900,?,9,6.23,99.0,E,8
07/25/2022,24:00,0.0,1323.079,0.0,1,8,0.0,1,8,0.0,1,8,0.0,1,8,0.0,1,8,0.0,1,8,-0.0,1,8,-9900,?,9,-9900,?,9,18.25,E,8,14.39,E,8,79.0,E,8,1008.6016999999999,E,8,999.0,E,8,4.43,E,8,-9900,?,9,-9900,?,9,0.01,E,8,-9900,?,9,-9900,?,9,0.1,99.0,E,8
07/26/2022,01:00,0.0,1323.079,0.0,1,8,0.0,1,8,0.0,1,8,0.0,1,8,0.0,1,8,0.0,1,8,-0.0,1,8,-9900,?,9,-9900,?,9,17.88,E,8,14.31,E,8,76.0,E,8,1008.6016999999999,E,8,999.0,E,8,4.28,E,8,-9900,?,9,-9900,?,9,0.0,E,8,-9900,?,9,-9900,?,9,0.0,0.0,E,8
07/26/2022,02:00,0.0,1323.079,0.0,1,8,0.0,1,8,0.0,1,8,0.0,1,8,0.0,1,8,0.0,1,8,-0.0,1,8,-9900,?,9,-9900,?,9,17.51,E,8,14.23,E,8,81.0,E,8,1008.6016999999999,E,8,999.0,E,8,3.75,E,8,-9900,?,9,-9900,?,9,0.004,E,8,-9900,?,9,-9900,?,9,0.04,99.0,E,8
07/26/2022,03:00,0.0,1323.079,0.0,1,8,0.0,1,8,0.0,1,8,0.0,1,8,0.0,1,8,0.0,1,8,-0.0,1,8,-9900,?,9,-9900,?,9,17.13,E,8,14.15,E,8,79.0,E,8,1008.6016999999999,E,8,999.0,E,8,3.78,E,8,-9900,?,9,-9900,?,9,0.0,E,8,-9900,?,9,-9900,?,9,0.0,0.0,E,8
07/26/2022,04:00,0.0,1323.34,0.0,1,8,0.0,1,8,0.0,1,8,0.0,1,8,0.0,1,8,0.0,1,8,-0.0,1,8,-9900,?,9,-9900,?,9,16.76,E,8,14.07,E,8,80.0,E,8,1008.6016999999999,E,8,999.0,E,8,4.3,E,8,-9900,?,9,-9900,?,9,0.0,E,8,-9900,?,9,-9900,?,9,0.0,0.0,E,8
07/26/2022,05:00,0.0,1323.34,0.0,1,8,0.0,1,8,0.0,1,8,0.0,1,8,0.0,1,8,0.0,1,8,-0.0,1,8,-9900,?,9,-9900,?,9,16.39,E,8,13.99,E,8,81.0,E,8,1008.6016999999999,E,8,999.0,E,8,3.1,E,8,-9900,?,9,-9900,?,9,0.0,E,8,-9900,?,9,-9900,?,9,0.0,0.0,E,8
07/26/2022,06:00,0.0,1323.34,0.0,1,8,0.0,1,8,0.0,1,8,0.0,1,8,0.0,1,8,0.0,1,8,-0.0,1,8,-9900,?,9,-9900,?,9,16.1,E,8,13.92,E,8,82.0,E,8,1008.6016999999999,E,8,999.0,E,8,4.51,E,8,-9900,?,9,-9900,?,9,0.0,E,8,-9900,?,9,-9900,?,9,0.0,0.0,E,8
07/26/2022,07:00,34.444,1323.34,0.0,1,8,0.0,1,8,0.0,1,8,0.0,1,8,0.0,1,8,0.0,1,8,0.0,1,8,-9900,?,9,-9900,?,9,15.85,E,8,13.86,E,8,83.0,E,8,1008.6016999999999,E,8,999.0,E,8,4.39,E,8,-9900,?,9,-9900,?,9,0.0,E,8,-9900,?,9,-9900,?,9,0.0,0.0,E,8
07/26/2022,08:00,319.051,1323.34,26.28,1,8,0.0,1,8,26.28,1,8,3153.6,1,8,0.0,1,8,2890.8,1,8,34.858,1,8,-9900,?,9,-9900,?,9,15.61,E,8,13.81,E,8,88.0,E,8,1008.6016999999999,E,8,999.0,E,8,4.32,E,8,-9900,?,9,-9900,?,9,0.001,E,8,-9900,?,9,-9900,?,9,0.01,99.0,E,8
07/26/2022,09:00,577.006,1323.34,110.01,1,8,0.0,1,8,110.01,1,8,13201.2,1,8,0.0,1,8,12101.1,1,8,80.411,1,8,-9900,?,9,-9900,?,9,17.79,E,8,14.29,E,8,89.0,E,8,1008.6016999999999,E,8,999.0,E,8,4.17,E,8,-9900,?,9,-9900,?,9,0.79,E,8,-9900,?,9,-9900,?,9,7.9,99.0,E,8
07/26/2022,10:00,785.356,1323.34,187.66,1,8,2.742,1,8,186.034,1,8,22519.2,1,8,260.455,1,8,20463.72,1,8,99.835,1,8,-9900,?,9,-9900,?,9,19.07,E,8,14.57,E,8,77.0,E,8,1008.6016999999999,E,8,999.0,E,8,4.45,E,8,-9900,?,9,-9900,?,9,0.047,E,8,-9900,?,9,-9900,?,9,0.47,99.0,E,8
07/26/2022,11:00,929.563,1323.34,247.3,1,8,6.21,1,8,242.939,1,8,29676.0,1,8,589.997,1,8,26723.272,1,8,110.121,1,8,-9900,?,9,-9900,?,9,20.19,E,8,14.81,E,8,73.0,E,8,1008.6016999999999,E,8,999.0,E,8,3.9,E,8,-9900,?,9,-9900,?,9,0.015,E,8,-9900,?,9,-9900,?,9,0.15,99.0,E,8
07/26/2022,12:00,999.719,1323.34,283.75,1,8,10.034,1,8,276.171,1,8,34050.0,1,8,953.263,1,8,30378.834,1,8,116.391,1,8,-9900,?,9,-9900,?,9,21.09,E,8,15.0,E,8,71.0,E,8,1008.6016999999999,E,8,999.0,E,8,3.81,E,8,-9900,?,9,-9900,?,9,0.002,E,8,-9900,?,9,-9900,?,9,0.02,99.0,E,8
07/26/2022,13:00,991.017,1323.34,294.22,1,8,11.846,1,8,285.351,1,8,35306.4,1,8,1125.402,1,8,31388.568,1,8,121.316,1,8,-9900,?,9,-9900,?,9,21.75,E,8,15.14,E,8,65.0,E,8,1008.6016999999999,E,8,999.0,E,8,3.69,E,8,-9900,?,9,-9900,?,9,0.0,E,8,-9900,?,9,-9900,?,9,0.0,0.0,E,8
07/26/2022,14:00,904.047,1323.34,277.92,1,8,11.286,1,8,270.212,1,8,33350.4,1,8,1072.212,1,8,29723.341,1,8,125.945,1,8,-9900,?,9,-9900,?,9,22.15,E,8,15.22,E,8,64.0,E,8,1008.6016999999999,E,8,999.0,E,8,3.08,E,8,-9900,?,9,-9900,?,9,0.0,E,8,-9900,?,9,-9900,?,9,0.0,0.0,E,8
07/26/2022,15:00,744.764,1323.34,236.08,1,8,17.158,1,8,226.43,1,8,28329.6,1,8,1629.985,1,8,24907.288,1,8,128.148,1,8,-9900,?,9,-9900,?,9,22.28,E,8,15.25,E,8,64.0,E,8,1008.6016999999999,E,8,999.0,E,8,3.11,E,8,-9900,?,9,-9900,?,9,0.0,E,8,-9900,?,9,-9900,?,9,0.0,0.0,E,8
07/26/2022,16:00,524.122,1323.34,171.94,1,8,32.735,1,8,158.995,1,8,20632.8,1,8,3109.847,1,8,17489.469,1,8,127.983,1,8,-9900,?,9,-9900,?,9,22.06,E,8,15.2,E,8,64.0,E,8,1008.6016999999999,E,8,999.0,E,8,2.92,E,8,-9900,?,9,-9900,?,9,0.0,E,8,-9900,?,9,-9900,?,9,0.0,0.0,E,8
07/26/2022,17:00,257.671,1323.34,91.43,1,8,101.63,1,8,71.783,1,8,10971.6,1,8,9654.873,1,8,7896.083,1,8,118.192,1,8,-9900,?,9,-9900,?,9,21.45,E,8,15.08,E,8,66.0,E,8,1008.6016999999999,E,8,999.0,E,8,2.9,E,8,-9900,?,9,-9900,?,9,0.0,E,8,-9900,?,9,-9900,?,9,0.0,0.0,E,8
07/26/2022,18:00,0.0,1323.34,11.44,1,8,0.0,1,8,0.0,1,8,1372.8,1,8,0.0,1,8,0.0,1,8,-0.0,1,8,-9900,?,9,-9900,?,9,20.87,E,8,14.95,E,8,68.0,E,8,1008.6016999999999,E,8,999.0,E,8,2.9,E,8,-9900,?,9,-9900,?,9,0.0,E,8,-9900,?,9,-9900,?,9,0.0,0.0,E,8
07/26/2022,19:00,0.0,1323.34,0.0,1,8,0.0,1,8,0.0,1,8,0.0,1,8,0.0,1,8,0.0,1,8,-0.0,1,8,-9900,?,9,-9900,?,9,20.29,E,8,14.83,E,8,73.0,E,8,1008.6016999999999,E,8,999.0,E,8,2.9,E,8,-9900,?,9,-9900,?,9,0.001,E,8,-9900,?,9,-9900,?,9,0.01,99.0,E,8
07/26/2022,20:00,0.0,1323.34,0.0,1,8,0.0,1,8,0.0,1,8,0.0,1,8,0.0,1,8,0.0,1,8,-0.0,1,8,-9900,?,9,-9900,?,9,19.72,E,8,14.71,E,8,75.0,E,8,1008.6016999999999,E,8,999.0,E,8,2.9,E,8,-9900,?,9,-9900,?,9,0.025,E,8,-9900,?,9,-9900,?,9,0.25,99.0,E,8
07/26/2022,21:00,0.0,1323.34,0.0,1,8,0.0,1,8,0.0,1,8,0.0,1,8,0.0,1,8,0.0,1,8,-0.0,1,8,-9900,?,9,-9900,?,9,19.14,E,8,14.59,E,8,76.0,E,8,1008.6016999999999,E,8,999.0,E,8,2.9,E,8,-9900,?,9,-9900,?,9,0.006,E,8,-9900,?,9,-9900,?,9,0.06,99.0,E,8
07/26/2022,22:00,0.0,1323.34,0.0,1,8,0.0,1,8,0.0,1,8,0.0,1,8,0.0,1,8,0.0,1,8,-0.0,1,8,-9900,?,9,-9900,?,9,18.56,E,8,14.46,E,8,74.0,E,8,1008.6016999999999,E,8,999.0,E,8,2.9,E,8,-9900,?,9,-9900,?,9,0.0,E,8,-9900,?,9,-9900,?,9,0.0,0.0,E,8
07/26/2022,23:00,0.0,1323.34,0.0,1,8,0.0,1,8,0.0,1,8,0.0,1,8,0.0,1,8,0.0,1,8,-0.0,1,8,-9900,?,9,-9900,?,9,17.98,E,8,14.34,E,8,76.0,E,8,1008.6016999999999,E,8,999.0,E,8,2.9,E,8,-9900,?,9,-9900,?,9,0.0,E,8,-9900,?,9,-9900,?,9,0.0,0.0,E,8
07/26/2022,24:00,0.0,1323.34,0.0,1,8,0.0,1,8,0.0,1,8,0.0,1,8,0.0,1,8,0.0,1,8,-0.0,1,8,-9900,?,9,-9900,?,9,17.4,E,8,11.17,E,8,66.0,E,8,1008.6016999999999,E,8,999.0,E,8,1.53,E,8,-9900,?,9,-9900,?,9,0.0,E,8,-9900,?,9,-9900,?,9,0.0,0.0,E,8
07/27/2022,01:00,0.0,1323.34,0.0,1,8,0.0,1,8,0.0,1,8,0.0,1,8,0.0,1,8,0.0,1,8,-0.0,1,8,-9900,?,9,-9900,?,9,17.11,E,8,11.16,E,8,67.0,E,8,1008.6016999999999,E,8,999.0,E,8,1.53,E,8,-9900,?,9,-9900,?,9,0.0,E,8,-9900,?,9,-9900,?,9,0.0,0.0,E,8
07/27/2022,02:00,0.0,1323.34,0.0,1,8,0.0,1,8,0.0,1,8,0.0,1,8,0.0,1,8,0.0,1,8,-0.0,1,8,-9900,?,9,-9900,?,9,16.82,E,8,11.14,E,8,69.0,E,8,1008.6016999999999,E,8,999.0,E,8,1.53,E,8,-9900,?,9,-9900,?,9,0.0,E,8,-9900,?,9,-9900,?,9,0.0,0.0,E,8
07/27/2022,03:00,0.0,1323.34,0.0,1,8,0.0,1,8,0.0,1,8,0.0,1,8,0.0,1,8,0.0,1,8,-0.0,1,8,-9900,?,9,-9900,?,9,16.54,E,8,11.13,E,8,70.0,E,8,1008.6016999999999,E,8,999.0,E,8,1.53,E,8,-9900,?,9,-9900,?,9,0.0,E,8,-9900,?,9,-9900,?,9,0.0,0.0,E,8
07/27/2022,04:00,0.0,1323.613,0.0,1,8,0.0,1,8,0.0,1,8,0.0,1,8,0.0,1,8,0.0,1,8,-0.0,1,8,-9900,?,9,-9900,?,9,16.25,E,8,11.11,E,8,71.0,E,8,1008.6016999999999,E,8,999.0,E,8,1.53,E,8,-9900,?,9,-9900,?,9,0.0,E,8,-9900,?,9,-9900,?,9,0.0,0.0,E,8
07/27/2022,05:00,0.0,1323.613,0.0,1,8,0.0,1,8,0.0,1,8,0.0,1,8,0.0,1,8,0.0,1,8,-0.0,1,8,-9900,?,9,-9900,?,9,15.96,E,8,11.1,E,8,72.0,E,8,1008.6016999999999,E,8,999.0,E,8,1.53,E,8,-9900,?,9,-9900,?,9,0.0,E,8,-9900,?,9,-9900,?,9,0.0,0.0,E,8
07/27/2022,06:00,0.0,1323.613,0.0,1,8,0.0,1,8,0.0,1,8,0.0,1,8,0.0,1,8,0.0,1,8,-0.0,1,8,-9900,?,9,-9900,?,9,15.73,E,8,11.08,E,8,73.0,E,8,1008.6016999999999,E,8,999.0,E,8,1.53,E,8,-9900,?,9,-9900,?,9,0.0,E,8,-9900,?,9,-9900,?,9,0.0,0.0,E,8
07/27/2022,07:00,36.29,1323.613,0.0,1,8,0.0,1,8,0.0,1,8,0.0,1,8,0.0,1,8,0.0,1,8,0.0,1,8,-9900,?,9,-9900,?,9,15.54,E,8,11.07,E,8,74.0,E,8,1008.6016999999999,E,8,999.0,E,8,1.53,E,8,-9900,?,9,-9900,?,9,0.0,E,8,-9900,?,9,-9900,?,9,0.0,0.0,E,8
07/27/2022,08:00,321.527,1323.613,48.52,1,8,0.0,1,8,48.52,1,8,5822.4,1,8,0.0,1,8,5337.2,1,8,63.87,1,8,-9900,?,9,-9900,?,9,15.35,E,8,11.06,E,8,75.0,E,8,1008.6016999999999,E,8,999.0,E,8,1.53,E,8,-9900,?,9,-9900,?,9,0.0,E,8,-9900,?,9,-9900,?,9,0.0,0.0,E,8
07/27/2022,09:00,579.898,1323.613,233.57,1,8,106.498,1,8,186.969,1,8,28028.4,1,8,10117.316,1,8,20566.55,1,8,136.007,1,8,-9900,?,9,-9900,?,9,17.89,E,8,11.2,E,8,64.0,E,8,1008.6016999999999,E,8,999.0,E,8,1.53,E,8,-9900,?,9,-9900,?,9,0.0,E,8,-9900,?,9,-9900,?,9,0.0,0.0,E,8
07/27/2022,10:00,788.578,1323.613,412.39,1,8,244.954,1,8,266.53,1,8,49486.8,1,8,23270.605,1,8,29318.295,1,8,142.477,1,8,-9900,?,9,-9900,?,9,19.52,E,8,11.29,E,8,58.0,E,8,1008.6016999999999,E,8,999.0,E,8,1.53,E,8,-9900,?,9,-9900,?,9,0.0,E,8,-9900,?,9,-9900,?,9,0.0,0.0,E,8
07/27/2022,11:00,933.012,1323.613,551.86,1,8,356.503,1,8,300.636,1,8,66223.2,1,8,33867.814,1,8,33069.998,1,8,135.798,1,8,-9900,?,9,-9900,?,9,20.96,E,8,11.37,E,8,54.0,E,8,1008.6016999999999,E,8,999.0,E,8,1.71,E,8,-9900,?,9,-9900,?,9,0.0,E,8,-9900,?,9,-9900,?,9,0.0,0.0,E,8
07/27/2022,12:00,1003.276,1323.613,642.3,1,8,471.655,1,8,284.871,1,8,77076.0,1,8,44807.27,1,8,31335.827,1,8,119.656,1,8,-9900,?,9,-9900,?,9,22.16,E,8,11.43,E,8,50.0,E,8,1008.6016999999999,E,8,999.0,E,8,2.42,E,8,-9900,?,9,-9900,?,9,0.0,E,8,-9900,?,9,-9900,?,9,0.0,0.0,E,8
07/27/2022,13:00,994.555,1323.613,697.83,1,8,675.587,1,8,190.313,1,8,83739.6,1,8,64180.748,1,8,20934.444,1,8,80.64,1,8,-9900,?,9,-9900,?,9,23.12,E,8,11.48,E,8,47.0,E,8,1008.6016999999999,E,8,999.0,E,8,3.56,E,8,-9900,?,9,-9900,?,9,0.0,E,8,-9900,?,9,-9900,?,9,0.0,0.0,E,8
07/27/2022,14:00,907.443,1323.613,633.11,1,8,701.987,1,8,152.001,1,8,75973.2,1,8,66688.808,1,8,16720.098,1,8,70.596,1,8,-9900,?,9,-9900,?,9,23.64,E,8,11.51,E,8,46.0,E,8,1008.6016999999999,E,8,999.0,E,8,4.47,E,8,-9900,?,9,-9900,?,9,0.0,E,8,-9900,?,9,-9900,?,9,0.0,0.0,E,8
07/27/2022,15:00,747.901,1323.613,523.94,1,8,635.944,1,8,164.828,1,8,62872.8,1,8,60414.662,1,8,18131.026,1,8,92.911,1,8,-9900,?,9,-9900,?,9,23.78,E,8,11.52,E,8,46.0,E,8,1008.6016999999999,E,8,999.0,E,8,4.67,E,8,-9900,?,9,-9900,?,9,0.0,E,8,-9900,?,9,-9900,?,9,0.0,0.0,E,8
07/27/2022,16:00,526.903,1323.613,403.14,1,8,625.215,1,8,154.639,1,8,48376.8,1,8,59395.467,1,8,17010.322,1,8,123.843,1,8,-9900,?,9,-9900,?,9,23.56,E,8,11.51,E,8,46.0,E,8,1008.6016999999999,E,8,999.0,E,8,5.09,E,8,-9900,?,9,-9900,?,9,0.0,E,8,-9900,?,9,-9900,?,9,0.0,0.0,E,8
07/27/2022,17:00,260.016,1323.613,225.47,1,8,546.661,1,8,118.835,1,8,27056.4,1,8,51932.756,1,8,13071.862,1,8,193.916,1,8,-9900,?,9,-9900,?,9,22.84,E,8,11.47,E,8,48.0,E,8,1008.6016999999999,E,8,999.0,E,8,4.74,E,8,-9900,?,9,-9900,?,9,0.0,E,8,-9900,?,9,-9900,?,9,0.0,0.0,E,8
07/27/2022,18:00,0.0,1323.613,33.48,1,8,0.0,1,8,0.0,1,8,4017.6,1,8,0.0,1,8,0.0,1,8,-0.0,1,8,-9900,?,9,-9900,?,9,21.72,E,8,11.41,E,8,51.0,E,8,1008.6016999999999,E,8,999.0,E,8,4.11,E,8,-9900,?,9,-9900,?,9,0.0,E,8,-9900,?,9,-9900,?,9,0.0,0.0,E,8
07/27/2022,19:00,0.0,1323.613,0.0,1,8,0.0,1,8,0.0,1,8,0.0,1,8,0.0,1,8,0.0,1,8,-0.0,1,8,-9900,?,9,-9900,?,9,21.03,E,8,11.37,E,8,53.0,E,8,1008.6016999999999,E,8,999.0,E,8,2.66,E,8,-9900,?,9,-9900,?,9,0.0,E,8,-9900,?,9,-9900,?,9,0.0,0.0,E,8
07/27/2022,20:00,0.0,1323.613,0.0,1,8,0.0,1,8,0.0,1,8,0.0,1,8,0.0,1,8,0.0,1,8,-0.0,1,8,-9900,?,9,-9900,?,9,20.35,E,8,11.33,E,8,56.0,E,8,1008.6016999999999,E,8,999.0,E,8,1.75,E,8,-9900,?,9,-9900,?,9,0.0,E,8,-9900,?,9,-9900,?,9,0.0,0.0,E,8
07/27/2022,21:00,0.0,1323.613,0.0,1,8,0.0,1,8,0.0,1,8,0.0,1,8,0.0,1,8,0.0,1,8,-0.0,1,8,-9900,?,9,-9900,?,9,19.66,E,8,11.3,E,8,58.0,E,8,1008.6016999999999,E,8,999.0,E,8,1.53,E,8,-9900,?,9,-9900,?,9,0.0,E,8,-9900,?,9,-9900,?,9,0.0,0.0,E,8
07/27/2022,22:00,0.0,1323.613,0.0,1,8,0.0,1,8,0.0,1,8,0.0,1,8,0.0,1,8,0.0,1,8,-0.0,1,8,-9900,?,9,-9900,?,9,18.97,E,8,11.26,E,8,60.0,E,8,1008.6016999999999,E,8,999.0,E,8,1.53,E,8,-9900,?,9,-9900,?,9,0.0,E,8,-9900,?,9,-9900,?,9,0.0,0.0,E,8
07/27/2022,23:00,0.0,1323.613,0.0,1,8,0.0,1,8,0.0,1,8,0.0,1,8,0.0,1,8,0.0,1,8,-0.0,1,8,-9900,?,9,-9900,?,9,18.29,E,8,11.22,E,8,63.0,E,8,1008.6016999999999,E,8,999.0,E,8,1.53,E,8,-9900,?,9,-9900,?,9,0.0,E,8,-9900,?,9,-9900,?,9,0.0,0.0,E,8
07/27/2022,24:00,0.0,1323.613,0.0,1,8,0.0,1,8,0.0,1,8,0.0,1,8,0.0,1,8,0.0,1,8,-0.0,1,8,-9900,?,9,-9900,?,9,17.6,E,8,11.36,E,8,66.0,E,8,1008.6016999999999,E,8,999.0,E,8,1.33,E,8,-9900,?,9,-9900,?,9,0.0,E,8,-9900,?,9,-9900,?,9,0.0,0.0,E,8
07/28/2022,01:00,0.0,1323.613,0.0,1,8,0.0,1,8,0.0,1,8,0.0,1,8,0.0,1,8,0.0,1,8,-0.0,1,8,-9900,?,9,-9900,?,9,17.26,E,8,11.31,E,8,68.0,E,8,1008.6016999999999,E,8,999.0,E,8,1.33,E,8,-9900,?,9,-9900,?,9,0.0,E,8,-9900,?,9,-9900,?,9,0.0,0.0,E,8
07/28/2022,02:00,0.0,1323.613,0.0,1,8,0.0,1,8,0.0,1,8,0.0,1,8,0.0,1,8,0.0,1,8,-0.0,1,8,-9900,?,9,-9900,?,9,16.91,E,8,11.26,E,8,69.0,E,8,1008.6016999999999,E,8,999.0,E,8,1.33,E,8,-9900,?,9,-9900,?,9,0.0,E,8,-9900,?,9,-9900,?,9,0.0,0.0,E,8
07/28/2022,03:00,0.0,1323.613,0.0,1,8,0.0,1,8,0.0,1,8,0.0,1,8,0.0,1,8,0.0,1,8,-0.0,1,8,-9900,?,9,-9900,?,9,16.57,E,8,11.21,E,8,70.0,E,8,1008.6016999999999,E,8,999.0,E,8,1.33,E,8,-9900,?,9,-9900,?,9,0.0,E,8,-9900,?,9,-9900,?,9,0.0,0.0,E,8
07/28/2022,04:00,0.0,1323.898,0.0,1,8,0.0,1,8,0.0,1,8,0.0,1,8,0.0,1,8,0.0,1,8,-0.0,1,8,-9900,?,9,-9900,?,9,16.23,E,8,11.16,E,8,71.0,E,8,1008.6016999999999,E,8,999.0,E,8,1.33,E,8,-9900,?,9,-9900,?,9,0.0,E,8,-9900,?,9,-9900,?,9,0.0,0.0,E,8
07/28/2022,05:00,0.0,1323.898,0.0,1,8,0.0,1,8,0.0,1,8,0.0,1,8,0.0,1,8,0.0,1,8,-0.0,1,8,-9900,?,9,-9900,?,9,15.88,E,8,11.11,E,8,73.0,E,8,1008.6016999999999,E,8,999.0,E,8,1.33,E,8,-9900,?,9,-9900,?,9,0.0,E,8,-9900,?,9,-9900,?,9,0.0,0.0,E,8
07/28/2022,06:00,0.0,1323.898,0.0,1,8,0.0,1,8,0.0,1,8,0.0,1,8,0.0,1,8,0.0,1,8,-0.0,1,8,-9900,?,9,-9900,?,9,15.62,E,8,11.07,E,8,74.0,E,8,1008.6016999999999,E,8,999.0,E,8,1.33,E,8,-9900,?,9,-9900,?,9,0.0,E,8,-9900,?,9,-9900,?,9,0.0,0.0,E,8
07/28/2022,07:00,38.232,1323.898,0.0,1,8,0.0,1,8,0.0,1,8,0.0,1,8,0.0,1,8,0.0,1,8,0.0,1,8,-9900,?,9,-9900,?,9,15.39,E,8,11.03,E,8,75.0,E,8,1008.6016999999999,E,8,999.0,E,8,1.33,E,8,-9900,?,9,-9900,?,9,0.0,E,8,-9900,?,9,-9900,?,9,0.0,0.0,E,8
07/28/2022,08:00,324.106,1323.898,72.11,1,8,0.0,1,8,72.11,1,8,8653.2,1,8,0.0,1,8,7932.1,1,8,94.181,1,8,-9900,?,9,-9900,?,9,15.17,E,8,11.0,E,8,76.0,E,8,1008.6016999999999,E,8,999.0,E,8,1.33,E,8,-9900,?,9,-9900,?,9,0.0,E,8,-9900,?,9,-9900,?,9,0.0,0.0,E,8
07/28/2022,09:00,582.892,1323.898,252.84,1,8,143.485,1,8,189.743,1,8,30340.8,1,8,13631.041,1,8,20871.68,1,8,137.344,1,8,-9900,?,9,-9900,?,9,18.32,E,8,11.47,E,8,64.0,E,8,1008.6016999999999,E,8,999.0,E,8,1.33,E,8,-9900,?,9,-9900,?,9,0.0,E,8,-9900,?,9,-9900,?,9,0.0,0.0,E,8
07/28/2022,10:00,791.899,1323.898,454.19,1,8,355.103,1,8,241.895,1,8,54502.8,1,8,33734.788,1,8,26608.399,1,8,128.792,1,8,-9900,?,9,-9900,?,9,20.21,E,8,11.75,E,8,58.0,E,8,1008.6016999999999,E,8,999.0,E,8,2.25,E,8,-9900,?,9,-9900,?,9,0.0,E,8,-9900,?,9,-9900,?,9,0.0,0.0,E,8
07/28/2022,11:00,936.551,1323.898,545.88,1,8,337.458,1,8,307.226,1,8,65505.6,1,8,32058.464,1,8,33794.876,1,8,138.28,1,8,-9900,?,9,-9900,?,9,21.6,E,8,11.95,E,8,54.0,E,8,1008.6016999999999,E,8,999.0,E,8,3.02,E,8,-9900,?,9,-9900,?,9,0.0,E,8,-9900,?,9,-9900,?,9,0.0,0.0,E,8
07/28/2022,12:00,1006.911,1323.898,656.0,1,8,521.331,1,8,259.579,1,8,78720.0,1,8,49526.413,1,8,28553.676,1,8,108.662,1,8,-9900,?,9,-9900,?,9,22.87,E,8,12.13,E,8,50.0,E,8,1008.6016999999999,E,8,999.0,E,8,3.59,E,8,-9900,?,9,-9900,?,9,0.0,E,8,-9900,?,9,-9900,?,9,0.0,0.0,E,8
07/28/2022,13:00,998.159,1323.898,654.28,1,8,533.659,1,8,252.015,1,8,78513.6,1,8,50697.632,1,8,27721.661,1,8,106.421,1,8,-9900,?,9,-9900,?,9,23.7,E,8,12.24,E,8,48.0,E,8,1008.6016999999999,E,8,999.0,E,8,4.55,E,8,-9900,?,9,-9900,?,9,0.0,E,8,-9900,?,9,-9900,?,9,0.0,0.0,E,8
07/28/2022,14:00,910.888,1323.898,640.14,1,8,703.889,1,8,155.998,1,8,76816.8,1,8,66869.468,1,8,17159.769,1,8,72.194,1,8,-9900,?,9,-9900,?,9,24.26,E,8,12.32,E,8,47.0,E,8,1008.6016999999999,E,8,999.0,E,8,4.73,E,8,-9900,?,9,-9900,?,9,0.0,E,8,-9900,?,9,-9900,?,9,0.0,0.0,E,8
07/28/2022,15:00,751.074,1323.898,533.41,1,8,808.083,1,8,75.252,1,8,64009.2,1,8,76767.887,1,8,8277.683,1,8,42.248,1,8,-9900,?,9,-9900,?,9,24.42,E,8,12.34,E,8,46.0,E,8,1008.6016999999999,E,8,999.0,E,8,4.63,E,8,-9900,?,9,-9900,?,9,0.0,E,8,-9900,?,9,-9900,?,9,0.0,0.0,E,8
07/28/2022,16:00,529.705,1323.898,363.55,1,8,643.891,1,8,106.317,1,8,43626.0,1,8,61169.642,1,8,11694.816,1,8,84.71,1,8,-9900,?,9,-9900,?,9,24.01,E,8,12.29,E,8,47.0,E,8,1008.6016999999999,E,8,999.0,E,8,4.63,E,8,-9900,?,9,-9900,?,9,0.0,E,8,-9900,?,9,-9900,?,9,0.0,0.0,E,8
07/28/2022,17:00,262.367,1323.898,196.8,1,8,535.896,1,8,91.33,1,8,23616.0,1,8,50910.076,1,8,10046.249,1,8,147.71,1,8,-9900,?,9,-9900,?,9,23.13,E,8,12.16,E,8,50.0,E,8,1008.6016999999999,E,8,999.0,E,8,4.41,E,8,-9900,?,9,-9900,?,9,0.0,E,8,-9900,?,9,-9900,?,9,0.0,0.0,E,8
07/28/2022,18:00,0.0,1323.898,18.91,1,8,0.0,1,8,0.0,1,8,2269.2,1,8,0.0,1,8,0.0,1,8,-0.0,1,8,-9900,?,9,-9900,?,9,21.87,E,8,11.98,E,8,53.0,E,8,1008.6016999999999,E,8,999.0,E,8,3.31,E,8,-9900,?,9,-9900,?,9,0.0,E,8,-9900,?,9,-9900,?,9,0.0,0.0,E,8
07/28/2022,19:00,0.0,1323.898,0.0,1,8,0.0,1,8,0.0,1,8,0.0,1,8,0.0,1,8,0.0,1,8,-0.0,1,8,-9900,?,9,-9900,?,9,21.33,E,8,11.91,E,8,54.0,E,8,1008.6016999999999,E,8,999.0,E,8,2.47,E,8,-9900,?,9,-9900,?,9,0.0,E,8,-9900,?,9,-9900,?,9,0.0,0.0,E,8
07/28/2022,20:00,0.0,1323.898,0.0,1,8,0.0,1,8,0.0,1,8,0.0,1,8,0.0,1,8,0.0,1,8,-0.0,1,8,-9900,?,9,-9900,?,9,20.79,E,8,11.83,E,8,56.0,E,8,1008.6016999999999,E,8,999.0,E,8,1.64,E,8,-9900,?,9,-9900,?,9,0.0,E,8,-9900,?,9,-9900,?,9,0.0,0.0,E,8
07/28/2022,21:00,0.0,1323.898,0.0,1,8,0.0,1,8,0.0,1,8,0.0,1,8,0.0,1,8,0.0,1,8,-0.0,1,8,-9900,?,9,-9900,?,9,20.25,E,8,11.75,E,8,58.0,E,8,1008.6016999999999,E,8,999.0,E,8,1.33,E,8,-9900,?,9,-9900,?,9,0.0,E,8,-9900,?,9,-9900,?,9,0.0,0.0,E,8
07/28/2022,22:00,0.0,1323.898,0.0,1,8,0.0,1,8,0.0,1,8,0.0,1,8,0.0,1,8,0.0,1,8,-0.0,1,8,-9900,?,9,-9900,?,9,19.71,E,8,11.67,E,8,59.0,E,8,1008.6016999999999,E,8,999.0,E,8,1.33,E,8,-9900,?,9,-9900,?,9,0.0,E,8,-9900,?,9,-9900,?,9,0.0,0.0,E,8
07/28/2022,23:00,0.0,1323.898,0.0,1,8,0.0,1,8,0.0,1,8,0.0,1,8,0.0,1,8,0.0,1,8,-0.0,1,8,-9900,?,9,-9900,?,9,19.17,E,8,11.59,E,8,61.0,E,8,1008.6016999999999,E,8,999.0,E,8,1.33,E,8,-9900,?,9,-9900,?,9,0.0,E,8,-9900,?,9,-9900,?,9,0.0,0.0,E,8
07/28/2022,24:00,0.0,1323.898,0.0,1,8,0.0,1,8,0.0,1,8,0.0,1,8,0.0,1,8,0.0,1,8,-0.0,1,8,-9900,?,9,-9900,?,9,18.63,E,8,12.29,E,8,71.0,E,8,1008.6016999999999,E,8,999.0,E,8,1.61,E,8,-9900,?,9,-9900,?,9,0.001,E,8,-9900,?,9,-9900,?,9,0.01,99.0,E,8
07/29/2022,01:00,0.0,1323.898,0.0,1,8,0.0,1,8,0.0,1,8,0.0,1,8,0.0,1,8,0.0,1,8,-0.0,1,8,-9900,?,9,-9900,?,9,18.36,E,8,12.34,E,8,67.0,E,8,1008.6016999999999,E,8,999.0,E,8,1.61,E,8,-9900,?,9,-9900,?,9,0.0,E,8,-9900,?,9,-9900,?,9,0.0,0.0,E,8
07/29/2022,02:00,0.0,1323.898,0.0,1,8,0.0,1,8,0.0,1,8,0.0,1,8,0.0,1,8,0.0,1,8,-0.0,1,8,-9900,?,9,-9900,?,9,18.09,E,8,12.38,E,8,69.0,E,8,1008.6016999999999,E,8,999.0,E,8,1.61,E,8,-9900,?,9,-9900,?,9,0.0,E,8,-9900,?,9,-9900,?,9,0.0,0.0,E,8
07/29/2022,03:00,0.0,1323.898,0.0,1,8,0.0,1,8,0.0,1,8,0.0,1,8,0.0,1,8,0.0,1,8,-0.0,1,8,-9900,?,9,-9900,?,9,17.82,E,8,12.42,E,8,70.0,E,8,1008.6016999999999,E,8,999.0,E,8,1.61,E,8,-9900,?,9,-9900,?,9,0.0,E,8,-9900,?,9,-9900,?,9,0.0,0.0,E,8
07/29/2022,04:00,0.0,1324.195,0.0,1,8,0.0,1,8,0.0,1,8,0.0,1,8,0.0,1,8,0.0,1,8,-0.0,1,8,-9900,?,9,-9900,?,9,17.55,E,8,12.46,E,8,72.0,E,8,1008.6016999999999,E,8,999.0,E,8,1.61,E,8,-9900,?,9,-9900,?,9,0.0,E,8,-9900,?,9,-9900,?,9,0.0,0.0,E,8
07/29/2022,05:00,0.0,1324.195,0.0,1,8,0.0,1,8,0.0,1,8,0.0,1,8,0.0,1,8,0.0,1,8,-0.0,1,8,-9900,?,9,-9900,?,9,17.28,E,8,12.5,E,8,73.0,E,8,1008.6016999999999,E,8,999.0,E,8,1.61,E,8,-9900,?,9,-9900,?,9,0.0,E,8,-9900,?,9,-9900,?,9,0.0,0.0,E,8
07/29/2022,06:00,0.0,1324.195,0.0,1,8,0.0,1,8,0.0,1,8,0.0,1,8,0.0,1,8,0.0,1,8,-0.0,1,8,-9900,?,9,-9900,?,9,17.07,E,8,12.53,E,8,74.0,E,8,1008.6016999999999,E,8,999.0,E,8,1.61,E,8,-9900,?,9,-9900,?,9,0.0,E,8,-9900,?,9,-9900,?,9,0.0,0.0,E,8
07/29/2022,07:00,40.272,1324.195,0.0,1,8,0.0,1,8,0.0,1,8,0.0,1,8,0.0,1,8,0.0,1,8,0.0,1,8,-9900,?,9,-9900,?,9,16.89,E,8,12.56,E,8,75.0,E,8,1008.6016999999999,E,8,999.0,E,8,1.61,E,8,-9900,?,9,-9900,?,9,0.0,E,8,-9900,?,9,-9900,?,9,0.0,0.0,E,8
07/29/2022,08:00,326.786,1324.195,78.37,1,8,0.0,1,8,78.37,1,8,9404.4,1,8,0.0,1,8,8620.7,1,8,101.533,1,8,-9900,?,9,-9900,?,9,16.71,E,8,12.58,E,8,76.0,E,8,1008.6016999999999,E,8,999.0,E,8,1.61,E,8,-9900,?,9,-9900,?,9,0.0,E,8,-9900,?,9,-9900,?,9,0.0,0.0,E,8
07/29/2022,09:00,585.988,1324.195,312.33,1,8,277.903,1,8,189.499,1,8,37479.6,1,8,26400.744,1,8,20844.883,1,8,136.471,1,8,-9900,?,9,-9900,?,9,18.7,E,8,12.28,E,8,66.0,E,8,1008.6016999999999,E,8,999.0,E,8,1.61,E,8,-9900,?,9,-9900,?,9,0.0,E,8,-9900,?,9,-9900,?,9,0.0,0.0,E,8
07/29/2022,10:00,795.315,1324.195,289.03,1,8,78.783,1,8,241.737,1,8,34683.6,1,8,7484.404,1,8,26591.09,1,8,128.183,1,8,-9900,?,9,-9900,?,9,19.01,E,8,12.24,E,8,64.0,E,8,1008.6016999999999,E,8,999.0,E,8,2.0,E,8,-9900,?,9,-9900,?,9,0.0,E,8,-9900,?,9,-9900,?,9,0.0,0.0,E,8
07/29/2022,11:00,940.178,1324.195,230.37,1,8,14.186,1,8,220.301,1,8,27644.4,1,8,1347.7,1,8,24233.07,1,8,98.795,1,8,-9900,?,9,-9900,?,9,19.02,E,8,12.24,E,8,64.0,E,8,1008.6016999999999,E,8,999.0,E,8,2.54,E,8,-9900,?,9,-9900,?,9,0.0,E,8,-9900,?,9,-9900,?,9,0.0,0.0,E,8
07/29/2022,12:00,1010.623,1324.195,565.12,1,8,253.977,1,8,371.326,1,8,67814.4,1,8,24127.798,1,8,40845.886,1,8,154.903,1,8,-9900,?,9,-9900,?,9,19.71,E,8,12.13,E,8,61.0,E,8,1008.6016999999999,E,8,999.0,E,8,4.01,E,8,-9900,?,9,-9900,?,9,0.0,E,8,-9900,?,9,-9900,?,9,0.0,0.0,E,8
07/29/2022,13:00,1001.825,1324.195,681.76,1,8,555.375,1,8,261.681,1,8,81811.2,1,8,52760.593,1,8,28784.951,1,8,110.123,1,8,-9900,?,9,-9900,?,9,20.36,E,8,12.03,E,8,58.0,E,8,1008.6016999999999,E,8,999.0,E,8,3.97,E,8,-9900,?,9,-9900,?,9,0.0,E,8,-9900,?,9,-9900,?,9,0.0,0.0,E,8
07/29/2022,14:00,914.382,1324.195,507.57,1,8,265.399,1,8,324.366,1,8,60908.4,1,8,25212.893,1,8,35680.277,1,8,149.572,1,8,-9900,?,9,-9900,?,9,20.58,E,8,12.0,E,8,57.0,E,8,1008.6016999999999,E,8,999.0,E,8,4.53,E,8,-9900,?,9,-9900,?,9,0.0,E,8,-9900,?,9,-9900,?,9,0.0,0.0,E,8
07/29/2022,15:00,754.278,1324.195,593.54,1,8,575.507,1,8,265.924,1,8,71224.8,1,8,54673.124,1,8,29251.678,1,8,148.694,1,8,-9900,?,9,-9900,?,9,20.85,E,8,11.95,E,8,56.0,E,8,1008.6016999999999,E,8,999.0,E,8,4.69,E,8,-9900,?,9,-9900,?,9,0.0,E,8,-9900,?,9,-9900,?,9,0.0,0.0,E,8
07/29/2022,16:00,532.523,1324.195,263.47,1,8,226.706,1,8,172.438,1,8,31616.4,1,8,21537.056,1,8,18968.197,1,8,136.695,1,8,-9900,?,9,-9900,?,9,20.57,E,8,12.0,E,8,57.0,E,8,1008.6016999999999,E,8,999.0,E,8,4.1,E,8,-9900,?,9,-9900,?,9,0.0,E,8,-9900,?,9,-9900,?,9,0.0,0.0,E,8
07/29/2022,17:00,264.723,1324.195,133.9,1,8,422.712,1,8,49.967,1,8,16068.0,1,8,40157.681,1,8,5496.373,1,8,80.102,1,8,-9900,?,9,-9900,?,9,20.13,E,8,12.07,E,8,59.0,E,8,1008.6016999999999,E,8,999.0,E,8,3.75,E,8,-9900,?,9,-9900,?,9,0.0,E,8,-9900,?,9,-9900,?,9,0.0,0.0,E,8
07/29/2022,18:00,0.0,1324.195,23.34,1,8,0.0,1,8,0.0,1,8,2800.8,1,8,0.0,1,8,0.0,1,8,-0.0,1,8,-9900,?,9,-9900,?,9,19.59,E,8,12.15,E,8,62.0,E,8,1008.6016999999999,E,8,999.0,E,8,2.78,E,8,-9900,?,9,-9900,?,9,0.0,E,8,-9900,?,9,-9900,?,9,0.0,0.0,E,8
07/29/2022,19:00,0.0,1324.195,0.0,1,8,0.0,1,8,0.0,1,8,0.0,1,8,0.0,1,8,0.0,1,8,-0.0,1,8,-9900,?,9,-9900,?,9,19.28,E,8,12.2,E,8,68.0,E,8,1008.6016999999999,E,8,999.0,E,8,1.63,E,8,-9900,?,9,-9900,?,9,0.004,E,8,-9900,?,9,-9900,?,9,0.04,99.0,E,8
07/29/2022,20:00,0.0,1324.195,0.0,1,8,0.0,1,8,0.0,1,8,0.0,1,8,0.0,1,8,0.0,1,8,-0.0,1,8,-9900,?,9,-9900,?,9,18.97,E,8,12.24,E,8,64.0,E,8,1008.6016999999999,E,8,999.0,E,8,1.61,E,8,-9900,?,9,-9900,?,9,0.0,E,8,-9900,?,9,-9900,?,9,0.0,0.0,E,8
07/29/2022,21:00,0.0,1324.195,0.0,1,8,0.0,1,8,0.0,1,8,0.0,1,8,0.0,1,8,0.0,1,8,-0.0,1,8,-9900,?,9,-9900,?,9,18.66,E,8,12.29,E,8,66.0,E,8,1008.6016999999999,E,8,999.0,E,8,1.61,E,8,-9900,?,9,-9900,?,9,0.0,E,8,-9900,?,9,-9900,?,9,0.0,0.0,E,8
07/29/2022,22:00,0.0,1324.195,0.0,1,8,0.0,1,8,0.0,1,8,0.0,1,8,0.0,1,8,0.0,1,8,-0.0,1,8,-9900,?,9,-9900,?,9,18.36,E,8,12.34,E,8,72.0,E,8,1008.6016999999999,E,8,999.0,E,8,1.61,E,8,-9900,?,9,-9900,?,9,0.093,E,8,-9900,?,9,-9900,?,9,0.93,99.0,E,8
07/29/2022,23:00,0.0,1324.195,0.0,1,8,0.0,1,8,0.0,1,8,0.0,1,8,0.0,1,8,0.0,1,8,-0.0,1,8,-9900,?,9,-9900,?,9,18.05,E,8,12.38,E,8,74.0,E,8,1008.6016999999999,E,8,999.0,E,8,1.61,E,8,-9900,?,9,-9900,?,9,0.002,E,8,-9900,?,9,-9900,?,9,0.02,99.0,E,8
07/29/2022,24:00,0.0,1324.195,0.0,1,8,0.0,1,8,0.0,1,8,0.0,1,8,0.0,1,8,0.0,1,8,-0.0,1,8,-9900,?,9,-9900,?,9,17.74,E,8,13.08,E,8,74.0,E,8,1008.6016999999999,E,8,999.0,E,8,1.33,E,8,-9900,?,9,-9900,?,9,0.0,E,8,-9900,?,9,-9900,?,9,0.0,0.0,E,8
07/30/2022,01:00,0.0,1324.195,0.0,1,8,0.0,1,8,0.0,1,8,0.0,1,8,0.0,1,8,0.0,1,8,-0.0,1,8,-9900,?,9,-9900,?,9,17.59,E,8,13.06,E,8,74.0,E,8,1008.6016999999999,E,8,999.0,E,8,1.33,E,8,-9900,?,9,-9900,?,9,0.0,E,8,-9900,?,9,-9900,?,9,0.0,0.0,E,8
07/30/2022,02:00,0.0,1324.195,0.0,1,8,0.0,1,8,0.0,1,8,0.0,1,8,0.0,1,8,0.0,1,8,-0.0,1,8,-9900,?,9,-9900,?,9,17.43,E,8,13.04,E,8,75.0,E,8,1008.6016999999999,E,8,999.0,E,8,1.33,E,8,-9900,?,9,-9900,?,9,0.0,E,8,-9900,?,9,-9900,?,9,0.0,0.0,E,8
07/30/2022,03:00,0.0,1324.195,0.0,1,8,0.0,1,8,0.0,1,8,0.0,1,8,0.0,1,8,0.0,1,8,-0.0,1,8,-9900,?,9,-9900,?,9,17.28,E,8,13.03,E,8,76.0,E,8,1008.6016999999999,E,8,999.0,E,8,1.33,E,8,-9900,?,9,-9900,?,9,0.0,E,8,-9900,?,9,-9900,?,9,0.0,0.0,E,8
07/30/2022,04:00,0.0,1324.504,0.0,1,8,0.0,1,8,0.0,1,8,0.0,1,8,0.0,1,8,0.0,1,8,-0.0,1,8,-9900,?,9,-9900,?,9,17.12,E,8,13.01,E,8,76.0,E,8,1008.6016999999999,E,8,999.0,E,8,1.33,E,8,-9900,?,9,-9900,?,9,0.0,E,8,-9900,?,9,-9900,?,9,0.0,0.0,E,8
07/30/2022,05:00,0.0,1324.504,0.0,1,8,0.0,1,8,0.0,1,8,0.0,1,8,0.0,1,8,0.0,1,8,-0.0,1,8,-9900,?,9,-9900,?,9,16.97,E,8,13.0,E,8,77.0,E,8,1008.6016999999999,E,8,999.0,E,8,1.33,E,8,-9900,?,9,-9900,?,9,0.0,E,8,-9900,?,9,-9900,?,9,0.0,0.0,E,8
07/30/2022,06:00,0.0,1324.504,0.0,1,8,0.0,1,8,0.0,1,8,0.0,1,8,0.0,1,8,0.0,1,8,-0.0,1,8,-9900,?,9,-9900,?,9,16.85,E,8,12.99,E,8,77.0,E,8,1008.6016999999999,E,8,999.0,E,8,1.33,E,8,-9900,?,9,-9900,?,9,0.0,E,8,-9900,?,9,-9900,?,9,0.0,0.0,E,8
07/30/2022,07:00,42.41,1324.504,0.0,1,8,0.0,1,8,0.0,1,8,0.0,1,8,0.0,1,8,0.0,1,8,0.0,1,8,-9900,?,9,-9900,?,9,16.75,E,8,12.98,E,8,78.0,E,8,1008.6016999999999,E,8,999.0,E,8,1.33,E,8,-9900,?,9,-9900,?,9,0.0,E,8,-9900,?,9,-9900,?,9,0.0,0.0,E,8
07/30/2022,08:00,329.567,1324.504,51.14,1,8,0.0,1,8,51.14,1,8,6136.8,1,8,0.0,1,8,5625.4,1,8,65.706,1,8,-9900,?,9,-9900,?,9,16.65,E,8,12.97,E,8,78.0,E,8,1008.6016999999999,E,8,999.0,E,8,1.33,E,8,-9900,?,9,-9900,?,9,0.0,E,8,-9900,?,9,-9900,?,9,0.0,0.0,E,8
07/30/2022,09:00,589.183,1324.504,201.44,1,8,37.677,1,8,184.7,1,8,24172.8,1,8,3579.289,1,8,20316.998,1,8,132.323,1,8,-9900,?,9,-9900,?,9,18.47,E,8,13.15,E,8,71.0,E,8,1008.6016999999999,E,8,999.0,E,8,1.62,E,8,-9900,?,9,-9900,?,9,0.0,E,8,-9900,?,9,-9900,?,9,0.0,0.0,E,8
07/30/2022,10:00,798.827,1324.504,339.84,1,8,109.245,1,8,273.987,1,8,40780.8,1,8,10378.23,1,8,30138.558,1,8,144.678,1,8,-9900,?,9,-9900,?,9,19.49,E,8,13.25,E,8,67.0,E,8,1008.6016999999999,E,8,999.0,E,8,2.17,E,8,-9900,?,9,-9900,?,9,0.0,E,8,-9900,?,9,-9900,?,9,0.0,0.0,E,8
07/30/2022,11:00,943.891,1324.504,258.77,1,8,9.718,1,8,251.847,1,8,31052.4,1,8,923.187,1,8,27703.141,1,8,112.523,1,8,-9900,?,9,-9900,?,9,19.71,E,8,13.27,E,8,66.0,E,8,1008.6016999999999,E,8,999.0,E,8,3.04,E,8,-9900,?,9,-9900,?,9,0.0,E,8,-9900,?,9,-9900,?,9,0.0,0.0,E,8
07/30/2022,12:00,1014.409,1324.504,314.49,1,8,15.595,1,8,302.548,1,8,37738.8,1,8,1481.541,1,8,33280.331,1,8,125.769,1,8,-9900,?,9,-9900,?,9,20.01,E,8,13.3,E,8,65.0,E,8,1008.6016999999999,E,8,999.0,E,8,3.25,E,8,-9900,?,9,-9900,?,9,0.0,E,8,-9900,?,9,-9900,?,9,0.0,0.0,E,8
07/30/2022,13:00,1005.552,1324.504,529.46,1,8,196.793,1,8,380.088,1,8,63535.2,1,8,18695.373,1,8,41809.728,1,8,159.396,1,8,-9900,?,9,-9900,?,9,20.72,E,8,13.37,E,8,62.0,E,8,1008.6016999999999,E,8,999.0,E,8,4.46,E,8,-9900,?,9,-9900,?,9,0.0,E,8,-9900,?,9,-9900,?,9,0.0,0.0,E,8
07/30/2022,14:00,917.92,1324.504,279.05,1,8,39.356,1,8,251.784,1,8,33486.0,1,8,3738.804,1,8,27696.231,1,8,115.682,1,8,-9900,?,9,-9900,?,9,20.71,E,8,13.37,E,8,62.0,E,8,1008.6016999999999,E,8,999.0,E,8,4.66,E,8,-9900,?,9,-9900,?,9,0.0,E,8,-9900,?,9,-9900,?,9,0.0,0.0,E,8
07/30/2022,15:00,757.512,1324.504,497.31,1,8,323.842,1,8,312.209,1,8,59677.2,1,8,30765.013,1,8,34343.024,1,8,173.869,1,8,-9900,?,9,-9900,?,9,21.1,E,8,13.41,E,8,61.0,E,8,1008.6016999999999,E,8,999.0,E,8,4.74,E,8,-9900,?,9,-9900,?,9,0.0,E,8,-9900,?,9,-9900,?,9,0.0,0.0,E,8
07/30/2022,16:00,535.358,1324.504,538.11,1,8,532.493,1,8,323.2,1,8,64573.2,1,8,50586.861,1,8,35552.003,1,8,254.905,1,8,-9900,?,9,-9900,?,9,21.46,E,8,13.44,E,8,60.0,E,8,1008.6016999999999,E,8,999.0,E,8,4.37,E,8,-9900,?,9,-9900,?,9,0.0,E,8,-9900,?,9,-9900,?,9,0.0,0.0,E,8
07/30/2022,17:00,267.081,1324.504,264.95,1,8,490.162,1,8,166.768,1,8,31794.0,1,8,46565.428,1,8,18344.53,1,8,265.017,1,8,-9900,?,9,-9900,?,9,21.29,E,8,13.43,E,8,60.0,E,8,1008.6016999999999,E,8,999.0,E,8,3.85,E,8,-9900,?,9,-9900,?,9,0.0,E,8,-9900,?,9,-9900,?,9,0.0,0.0,E,8
07/30/2022,18:00,0.0,1324.504,65.59,1,8,0.0,1,8,0.0,1,8,7870.8,1,8,0.0,1,8,0.0,1,8,-0.0,1,8,-9900,?,9,-9900,?,9,20.71,E,8,13.37,E,8,62.0,E,8,1008.6016999999999,E,8,999.0,E,8,3.47,E,8,-9900,?,9,-9900,?,9,0.0,E,8,-9900,?,9,-9900,?,9,0.0,0.0,E,8
07/30/2022,19:00,0.0,1324.504,0.0,1,8,0.0,1,8,0.0,1,8,0.0,1,8,0.0,1,8,0.0,1,8,-0.0,1,8,-9900,?,9,-9900,?,9,20.33,E,8,13.33,E,8,64.0,E,8,1008.6016999999999,E,8,999.0,E,8,2.84,E,8,-9900,?,9,-9900,?,9,0.0,E,8,-9900,?,9,-9900,?,9,0.0,0.0,E,8
07/30/2022,20:00,0.0,1324.504,0.0,1,8,0.0,1,8,0.0,1,8,0.0,1,8,0.0,1,8,0.0,1,8,-0.0,1,8,-9900,?,9,-9900,?,9,19.96,E,8,13.3,E,8,65.0,E,8,1008.6016999999999,E,8,999.0,E,8,2.13,E,8,-9900,?,9,-9900,?,9,0.0,E,8,-9900,?,9,-9900,?,9,0.0,0.0,E,8
07/30/2022,21:00,0.0,1324.504,0.0,1,8,0.0,1,8,0.0,1,8,0.0,1,8,0.0,1,8,0.0,1,8,-0.0,1,8,-9900,?,9,-9900,?,9,19.58,E,8,13.26,E,8,66.0,E,8,1008.6016999999999,E,8,999.0,E,8,1.33,E,8,-9900,?,9,-9900,?,9,0.0,E,8,-9900,?,9,-9900,?,9,0.0,0.0,E,8
07/30/2022,22:00,0.0,1324.504,0.0,1,8,0.0,1,8,0.0,1,8,0.0,1,8,0.0,1,8,0.0,1,8,-0.0,1,8,-9900,?,9,-9900,?,9,19.2,E,8,13.22,E,8,68.0,E,8,1008.6016999999999,E,8,999.0,E,8,1.33,E,8,-9900,?,9,-9900,?,9,0.0,E,8,-9900,?,9,-9900,?,9,0.0,0.0,E,8
07/30/2022,23:00,0.0,1324.504,0.0,1,8,0.0,1,8,0.0,1,8,0.0,1,8,0.0,1,8,0.0,1,8,-0.0,1,8,-9900,?,9,-9900,?,9,18.82,E,8,13.18,E,8,69.0,E,8,1008.6016999999999,E,8,999.0,E,8,1.33,E,8,-9900,?,9,-9900,?,9,0.0,E,8,-9900,?,9,-9900,?,9,0.0,0.0,E,8
07/30/2022,24:00,0.0,1324.504,0.0,1,8,0.0,1,8,0.0,1,8,0.0,1,8,0.0,1,8,0.0,1,8,-0.0,1,8,-9900,?,9,-9900,?,9,18.45,E,8,14.17,E,8,76.0,E,8,1008.6016999999999,E,8,999.0,E,8,1.08,E,8,-9900,?,9,-9900,?,9,0.0,E,8,-9900,?,9,-9900,?,9,0.0,0.0,E,8
07/31/2022,01:00,0.0,1324.504,0.0,1,8,0.0,1,8,0.0,1,8,0.0,1,8,0.0,1,8,0.0,1,8,-0.0,1,8,-9900,?,9,-9900,?,9,18.26,E,8,14.21,E,8,77.0,E,8,1008.6016999999999,E,8,999.0,E,8,1.08,E,8,-9900,?,9,-9900,?,9,0.0,E,8,-9900,?,9,-9900,?,9,0.0,0.0,E,8
07/31/2022,02:00,0.0,1324.504,0.0,1,8,0.0,1,8,0.0,1,8,0.0,1,8,0.0,1,8,0.0,1,8,-0.0,1,8,-9900,?,9,-9900,?,9,18.07,E,8,14.25,E,8,78.0,E,8,1008.6016999999999,E,8,999.0,E,8,1.08,E,8,-9900,?,9,-9900,?,9,0.0,E,8,-9900,?,9,-9900,?,9,0.0,0.0,E,8
07/31/2022,03:00,0.0,1324.504,0.0,1,8,0.0,1,8,0.0,1,8,0.0,1,8,0.0,1,8,0.0,1,8,-0.0,1,8,-9900,?,9,-9900,?,9,17.88,E,8,14.29,E,8,79.0,E,8,1008.6016999999999,E,8,999.0,E,8,1.08,E,8,-9900,?,9,-9900,?,9,0.0,E,8,-9900,?,9,-9900,?,9,0.0,0.0,E,8
07/31/2022,04:00,0.0,1324.825,0.0,1,8,0.0,1,8,0.0,1,8,0.0,1,8,0.0,1,8,0.0,1,8,-0.0,1,8,-9900,?,9,-9900,?,9,17.69,E,8,14.33,E,8,80.0,E,8,1008.6016999999999,E,8,999.0,E,8,1.08,E,8,-9900,?,9,-9900,?,9,0.0,E,8,-9900,?,9,-9900,?,9,0.0,0.0,E,8
07/31/2022,05:00,0.0,1324.825,0.0,1,8,0.0,1,8,0.0,1,8,0.0,1,8,0.0,1,8,0.0,1,8,-0.0,1,8,-9900,?,9,-9900,?,9,17.5,E,8,14.37,E,8,81.0,E,8,1008.6016999999999,E,8,999.0,E,8,1.08,E,8,-9900,?,9,-9900,?,9,0.0,E,8,-9900,?,9,-9900,?,9,0.0,0.0,E,8
07/31/2022,06:00,0.0,1324.825,0.0,1,8,0.0,1,8,0.0,1,8,0.0,1,8,0.0,1,8,0.0,1,8,-0.0,1,8,-9900,?,9,-9900,?,9,17.36,E,8,14.4,E,8,82.0,E,8,1008.6016999999999,E,8,999.0,E,8,1.08,E,8,-9900,?,9,-9900,?,9,0.0,E,8,-9900,?,9,-9900,?,9,0.0,0.0,E,8
07/31/2022,07:00,44.646,1324.825,0.0,1,8,0.0,1,8,0.0,1,8,0.0,1,8,0.0,1,8,0.0,1,8,0.0,1,8,-9900,?,9,-9900,?,9,17.23,E,8,14.43,E,8,83.0,E,8,1008.6016999999999,E,8,999.0,E,8,1.08,E,8,-9900,?,9,-9900,?,9,0.0,E,8,-9900,?,9,-9900,?,9,0.0,0.0,E,8
07/31/2022,08:00,332.449,1324.825,51.65,1,8,0.0,1,8,51.65,1,8,6198.0,1,8,0.0,1,8,5681.5,1,8,65.797,1,8,-9900,?,9,-9900,?,9,17.11,E,8,14.46,E,8,84.0,E,8,1008.6016999999999,E,8,999.0,E,8,1.08,E,8,-9900,?,9,-9900,?,9,0.0,E,8,-9900,?,9,-9900,?,9,0.0,0.0,E,8
07/31/2022,09:00,592.477,1324.825,200.25,1,8,35.465,1,8,184.408,1,8,24030.0,1,8,3369.211,1,8,20284.878,1,8,131.409,1,8,-9900,?,9,-9900,?,9,18.93,E,8,14.07,E,8,73.0,E,8,1008.6016999999999,E,8,999.0,E,8,1.47,E,8,-9900,?,9,-9900,?,9,0.0,E,8,-9900,?,9,-9900,?,9,0.0,0.0,E,8
07/31/2022,10:00,802.432,1324.825,336.81,1,8,91.322,1,8,281.525,1,8,40417.2,1,8,8675.612,1,8,30967.762,1,8,148.026,1,8,-9900,?,9,-9900,?,9,19.95,E,8,13.85,E,8,67.0,E,8,1008.6016999999999,E,8,999.0,E,8,2.33,E,8,-9900,?,9,-9900,?,9,0.0,E,8,-9900,?,9,-9900,?,9,0.0,0.0,E,8
07/31/2022,11:00,947.688,1324.825,441.56,1,8,129.954,1,8,348.626,1,8,52987.2,1,8,12345.631,1,8,38348.856,1,8,155.176,1,8,-9900,?,9,-9900,?,9,20.84,E,8,13.65,E,8,63.0,E,8,1008.6016999999999,E,8,999.0,E,8,2.68,E,8,-9900,?,9,-9900,?,9,0.0,E,8,-9900,?,9,-9900,?,9,0.0,0.0,E,8
07/31/2022,12:00,1018.268,1324.825,505.52,1,8,244.099,1,8,317.942,1,8,60662.4,1,8,23189.39,1,8,34973.665,1,8,131.699,1,8,-9900,?,9,-9900,?,9,21.56,E,8,13.5,E,8,60.0,E,8,1008.6016999999999,E,8,999.0,E,8,3.6,E,8,-9900,?,9,-9900,?,9,0.0,E,8,-9900,?,9,-9900,?,9,0.0,0.0,E,8
07/31/2022,13:00,1009.337,1324.825,523.82,1,8,188.24,1,8,380.437,1,8,62858.4,1,8,17882.84,1,8,41848.045,1,8,158.982,1,8,-9900,?,9,-9900,?,9,22.08,E,8,13.38,E,8,57.0,E,8,1008.6016999999999,E,8,999.0,E,8,4.76,E,8,-9900,?,9,-9900,?,9,0.0,E,8,-9900,?,9,-9900,?,9,0.0,0.0,E,8
07/31/2022,14:00,921.502,1324.825,495.11,1,8,266.334,1,8,309.916,1,8,59413.2,1,8,25301.714,1,8,34090.71,1,8,141.87,1,8,-9900,?,9,-9900,?,9,22.39,E,8,13.31,E,8,56.0,E,8,1008.6016999999999,E,8,999.0,E,8,5.01,E,8,-9900,?,9,-9900,?,9,0.0,E,8,-9900,?,9,-9900,?,9,0.0,0.0,E,8
07/31/2022,15:00,760.774,1324.825,421.5,1,8,322.827,1,8,236.228,1,8,50580.0,1,8,30668.598,1,8,25985.117,1,8,131.022,1,8,-9900,?,9,-9900,?,9,22.5,E,8,13.29,E,8,55.0,E,8,1008.6016999999999,E,8,999.0,E,8,4.98,E,8,-9900,?,9,-9900,?,9,0.0,E,8,-9900,?,9,-9900,?,9,0.0,0.0,E,8
07/31/2022,16:00,538.205,1324.825,308.69,1,8,420.51,1,8,138.111,1,8,37042.8,1,8,39948.475,1,8,15192.212,1,8,108.375,1,8,-9900,?,9,-9900,?,9,22.32,E,8,13.33,E,8,56.0,E,8,1008.6016999999999,E,8,999.0,E,8,5.1,E,8,-9900,?,9,-9900,?,9,0.0,E,8,-9900,?,9,-9900,?,9,0.0,0.0,E,8
07/31/2022,17:00,269.442,1324.825,166.9,1,8,534.141,1,8,58.978,1,8,20028.0,1,8,50743.409,1,8,6487.545,1,8,92.914,1,8,-9900,?,9,-9900,?,9,21.83,E,8,13.44,E,8,63.0,E,8,1008.6016999999999,E,8,999.0,E,8,4.49,E,8,-9900,?,9,-9900,?,9,0.017,E,8,-9900,?,9,-9900,?,9,0.17,99.0,E,8
07/31/2022,18:00,0.0,1324.825,99.892,1,8,0.0,1,8,0.0,1,8,11987.04,1,8,0.0,1,8,0.0,1,8,-0.0,1,8,-9900,?,9,-9900,?,9,21.232,E,8,13.568,E,8,64.2,E,8,1008.6016999999999,E,8,999.0,E,8,3.654,E,8,-9900,?,9,-9900,?,9,0.0052,E,8,-9900,?,9,-9900,?,9,0.052,99.0,E,8
07/31/2022,19:00,0.0,1324.825,38.154,1,8,0.0,1,8,0.0,1,8,4578.48,1,8,0.0,1,8,0.0,1,8,-0.0,1,8,-9900,?,9,-9900,?,9,20.72,E,8,13.68,E,8,68.6,E,8,1008.6016999999999,E,8,999.0,E,8,2.93,E,8,-9900,?,9,-9900,?,9,0.0784,E,8,-9900,?,9,-9900,?,9,0.784,99.0,E,8
07/31/2022,20:00,0.0,1324.825,4.774,1,8,0.0,1,8,0.0,1,8,572.88,1,8,0.0,1,8,0.0,1,8,-0.0,1,8,-9900,?,9,-9900,?,9,20.216,E,8,13.79,E,8,71.2,E,8,1008.6016999999999,E,8,999.0,E,8,2.248,E,8,-9900,?,9,-9900,?,9,0.0758,E,8,-9900,?,9,-9900,?,9,0.758,99.0,E,8
07/31/2022,21:00,0.0,1324.825,0.0,1,8,0.0,1,8,0.0,1,8,0.0,1,8,0.0,1,8,0.0,1,8,-0.0,1,8,-9900,?,9,-9900,?,9,19.764,E,8,13.888,E,8,74.4,E,8,1008.6016999999999,E,8,999.0,E,8,1.74,E,8,-9900,?,9,-9900,?,9,0.0762,E,8,-9900,?,9,-9900,?,9,0.762,99.0,E,8
07/31/2022,22:00,0.0,1324.825,0.0,1,8,0.0,1,8,0.0,1,8,0.0,1,8,0.0,1,8,0.0,1,8,-0.0,1,8,-9900,?,9,-9900,?,9,19.128,E,8,13.44,E,8,74.0,E,8,1008.6016999999999,E,8,999.0,E,8,1.356,E,8,-9900,?,9,-9900,?,9,0.076,E,8,-9900,?,9,-9900,?,9,0.76,99.0,E,8
07/31/2022,23:00,0.0,1324.825,0.0,1,8,0.0,1,8,0.0,1,8,0.0,1,8,0.0,1,8,0.0,1,8,-0.0,1,8,-9900,?,9,-9900,?,9,18.516,E,8,12.956,E,8,73.4,E,8,1008.6016999999999,E,8,999.0,E,8,1.13,E,8,-9900,?,9,-9900,?,9,0.0744,E,8,-9900,?,9,-9900,?,9,0.744,99.0,E,8
07/31/2012,24:00,0.0,1325.157,0.0,1,8,0.0,1,8,0.0,1,8,0.0,1,8,0.0,1,8,0.0,1,8,-0.0,1,8,-9900,?,9,-9900,?,9,17.93,E,8,12.434,E,8,71.6,E,8,1008.6016999999999,E,8,999.0,E,8,1.032,E,8,-9900,?,9,-9900,?,9,0.0012000000000000001,E,8,-9900,?,9,-9900,?,9,0.012,99.0,E,8
08/01/2012,01:00,0.0,1325.157,0.0,1,8,0.0,1,8,0.0,1,8,0.0,1,8,0.0,1,8,0.0,1,8,-0.0,1,8,-9900,?,9,-9900,?,9,17.368,E,8,11.876,E,8,70.4,E,8,1008.6016999999999,E,8,999.0,E,8,1.014,E,8,-9900,?,9,-9900,?,9,0.0004,E,8,-9900,?,9,-9900,?,9,0.004,99.0,E,8
08/01/2012,02:00,0.0,1325.157,0.0,1,8,0.0,1,8,0.0,1,8,0.0,1,8,0.0,1,8,0.0,1,8,-0.0,1,8,-9900,?,9,-9900,?,9,16.83,E,8,11.284,E,8,69.0,E,8,1008.6016999999999,E,8,999.0,E,8,0.99,E,8,-9900,?,9,-9900,?,9,0.0,E,8,-9900,?,9,-9900,?,9,0.0,0.0,E,8
08/01/2012,03:00,0.0,1325.157,0.0,1,8,0.0,1,8,0.0,1,8,0.0,1,8,0.0,1,8,0.0,1,8,-0.0,1,8,-9900,?,9,-9900,?,9,16.502,E,8,11.202,E,8,70.2,E,8,1008.6016999999999,E,8,999.0,E,8,0.99,E,8,-9900,?,9,-9900,?,9,0.0,E,8,-9900,?,9,-9900,?,9,0.0,0.0,E,8
08/01/2012,04:00,0.0,1325.501,0.0,1,8,0.0,1,8,0.0,1,8,0.0,1,8,0.0,1,8,0.0,1,8,-0.0,1,8,-9900,?,9,-9900,?,9,16.188,E,8,11.124,E,8,71.2,E,8,1008.6016999999999,E,8,999.0,E,8,0.99,E,8,-9900,?,9,-9900,?,9,0.0,E,8,-9900,?,9,-9900,?,9,0.0,0.0,E,8
08/01/2012,05:00,0.0,1325.501,0.0,1,8,0.0,1,8,0.0,1,8,0.0,1,8,0.0,1,8,0.0,1,8,-0.0,1,8,-9900,?,9,-9900,?,9,15.898,E,8,11.052,E,8,72.2,E,8,1008.6016999999999,E,8,999.0,E,8,0.99,E,8,-9900,?,9,-9900,?,9,0.0,E,8,-9900,?,9,-9900,?,9,0.0,0.0,E,8
08/01/2012,06:00,0.0,1325.501,0.0,1,8,0.0,1,8,0.0,1,8,0.0,1,8,0.0,1,8,0.0,1,8,-0.0,1,8,-9900,?,9,-9900,?,9,15.59,E,8,10.98,E,8,73.0,E,8,1008.6016999999999,E,8,999.0,E,8,0.99,E,8,-9900,?,9,-9900,?,9,0.0,E,8,-9900,?,9,-9900,?,9,0.0,0.0,E,8
08/01/2012,07:00,48.226,1325.501,0.0,1,8,0.0,1,8,0.0,1,8,0.0,1,8,0.0,1,8,0.0,1,8,0.0,1,8,-9900,?,9,-9900,?,9,15.38,E,8,10.92,E,8,74.0,E,8,1008.6016999999999,E,8,999.0,E,8,0.99,E,8,-9900,?,9,-9900,?,9,0.0,E,8,-9900,?,9,-9900,?,9,0.0,0.0,E,8
08/01/2012,08:00,336.99,1325.501,52.47,1,8,0.0,1,8,52.47,1,8,6296.4,1,8,0.0,1,8,5771.7,1,8,65.967,1,8,-9900,?,9,-9900,?,9,15.16,E,8,10.87,E,8,75.0,E,8,1008.6016999999999,E,8,999.0,E,8,1.11,E,8,-9900,?,9,-9900,?,9,0.0,E,8,-9900,?,9,-9900,?,9,0.0,0.0,E,8
08/01/2012,09:00,597.609,1325.501,220.56,1,8,71.439,1,8,188.388,1,8,26467.2,1,8,6786.666,1,8,20722.723,1,8,133.157,1,8,-9900,?,9,-9900,?,9,17.4,E,8,11.42,E,8,67.0,E,8,1008.6016999999999,E,8,999.0,E,8,1.5,E,8,-9900,?,9,-9900,?,9,0.0,E,8,-9900,?,9,-9900,?,9,0.0,0.0,E,8
08/01/2012,10:00,807.982,1325.501,401.62,1,8,176.948,1,8,293.812,1,8,48194.4,1,8,16810.078,1,8,32319.291,1,8,153.502,1,8,-9900,?,9,-9900,?,9,18.85,E,8,11.77,E,8,63.0,E,8,1008.6016999999999,E,8,999.0,E,8,2.2,E,8,-9900,?,9,-9900,?,9,0.0,E,8,-9900,?,9,-9900,?,9,0.0,0.0,E,8
08/01/2012,11:00,953.461,1325.501,497.48,1,8,212.253,1,8,344.844,1,8,59697.6,1,8,20163.998,1,8,37932.841,1,8,152.64,1,8,-9900,?,9,-9900,?,9,19.97,E,8,12.04,E,8,60.0,E,8,1008.6016999999999,E,8,999.0,E,8,2.98,E,8,-9900,?,9,-9900,?,9,0.0,E,8,-9900,?,9,-9900,?,9,0.0,0.0,E,8
08/01/2012,12:00,1024.057,1325.501,675.38,1,8,519.68,1,8,273.965,1,8,81045.6,1,8,49369.576,1,8,30136.167,1,8,112.898,1,8,-9900,?,9,-9900,?,9,21.22,E,8,12.33,E,8,56.0,E,8,1008.6016999999999,E,8,999.0,E,8,3.69,E,8,-9900,?,9,-9900,?,9,0.0,E,8,-9900,?,9,-9900,?,9,0.0,0.0,E,8
08/01/2012,13:00,1014.932,1325.501,687.35,1,8,553.972,1,8,263.263,1,8,82482.0,1,8,52627.372,1,8,28958.964,1,8,109.465,1,8,-9900,?,9,-9900,?,9,22.09,E,8,12.53,E,8,54.0,E,8,1008.6016999999999,E,8,999.0,E,8,4.47,E,8,-9900,?,9,-9900,?,9,0.0,E,8,-9900,?,9,-9900,?,9,0.0,0.0,E,8
08/01/2012,14:00,926.707,1325.501,665.22,1,8,747.563,1,8,142.732,1,8,79826.4,1,8,71018.446,1,8,15700.53,1,8,65.004,1,8,-9900,?,9,-9900,?,9,22.66,E,8,12.66,E,8,53.0,E,8,1008.6016999999999,E,8,999.0,E,8,4.55,E,8,-9900,?,9,-9900,?,9,0.0,E,8,-9900,?,9,-9900,?,9,0.0,0.0,E,8
08/01/2012,15:00,765.42,1325.501,559.66,1,8,830.098,1,8,80.595,1,8,67159.2,1,8,78859.331,1,8,8865.421,1,8,44.452,1,8,-9900,?,9,-9900,?,9,22.87,E,8,12.71,E,8,52.0,E,8,1008.6016999999999,E,8,999.0,E,8,5.05,E,8,-9900,?,9,-9900,?,9,0.0,E,8,-9900,?,9,-9900,?,9,0.0,0.0,E,8
08/01/2012,16:00,542.16,1325.501,414.28,1,8,630.298,1,8,156.848,1,8,49713.6,1,8,59878.343,1,8,17253.245,1,8,122.239,1,8,-9900,?,9,-9900,?,9,22.7,E,8,12.67,E,8,53.0,E,8,1008.6016999999999,E,8,999.0,E,8,4.84,E,8,-9900,?,9,-9900,?,9,0.0,E,8,-9900,?,9,-9900,?,9,0.0,0.0,E,8
08/01/2012,17:00,272.612,1325.501,228.05,1,8,562.36,1,8,113.131,1,8,27366.0,1,8,53424.19,1,8,12444.39,1,8,176.219,1,8,-9900,?,9,-9900,?,9,22.04,E,8,12.52,E,8,54.0,E,8,1008.6016999999999,E,8,999.0,E,8,4.66,E,8,-9900,?,9,-9900,?,9,0.0,E,8,-9900,?,9,-9900,?,9,0.0,0.0,E,8
08/01/2012,18:00,0.0,1325.501,37.76,1,8,0.0,1,8,0.0,1,8,4531.2,1,8,0.0,1,8,0.0,1,8,-0.0,1,8,-9900,?,9,-9900,?,9,21.02,E,8,12.28,E,8,57.0,E,8,1008.6016999999999,E,8,999.0,E,8,4.05,E,8,-9900,?,9,-9900,?,9,0.0,E,8,-9900,?,9,-9900,?,9,0.0,0.0,E,8
08/01/2012,19:00,0.0,1325.501,0.0,1,8,0.0,1,8,0.0,1,8,0.0,1,8,0.0,1,8,0.0,1,8,-0.0,1,8,-9900,?,9,-9900,?,9,20.38,E,8,12.14,E,8,59.0,E,8,1008.6016999999999,E,8,999.0,E,8,3.3,E,8,-9900,?,9,-9900,?,9,0.0,E,8,-9900,?,9,-9900,?,9,0.0,0.0,E,8
08/01/2012,20:00,0.0,1325.501,0.0,1,8,0.0,1,8,0.0,1,8,0.0,1,8,0.0,1,8,0.0,1,8,-0.0,1,8,-9900,?,9,-9900,?,9,19.74,E,8,11.98,E,8,60.0,E,8,1008.6016999999999,E,8,999.0,E,8,2.69,E,8,-9900,?,9,-9900,?,9,0.0,E,8,-9900,?,9,-9900,?,9,0.0,0.0,E,8
08/01/2012,21:00,0.0,1325.501,0.0,1,8,0.0,1,8,0.0,1,8,0.0,1,8,0.0,1,8,0.0,1,8,-0.0,1,8,-9900,?,9,-9900,?,9,19.1,E,8,11.83,E,8,62.0,E,8,1008.6016999999999,E,8,999.0,E,8,1.67,E,8,-9900,?,9,-9900,?,9,0.0,E,8,-9900,?,9,-9900,?,9,0.0,0.0,E,8
08/01/2012,22:00,0.0,1325.501,0.0,1,8,0.0,1,8,0.0,1,8,0.0,1,8,0.0,1,8,0.0,1,8,-0.0,1,8,-9900,?,9,-9900,?,9,18.46,E,8,11.68,E,8,64.0,E,8,1008.6016999999999,E,8,999.0,E,8,1.31,E,8,-9900,?,9,-9900,?,9,0.0,E,8,-9900,?,9,-9900,?,9,0.0,0.0,E,8
08/01/2012,23:00,0.0,1325.501,0.0,1,8,0.0,1,8,0.0,1,8,0.0,1,8,0.0,1,8,0.0,1,8,-0.0,1,8,-9900,?,9,-9900,?,9,17.82,E,8,11.53,E,8,66.0,E,8,1008.6016999999999,E,8,999.0,E,8,0.99,E,8,-9900,?,9,-9900,?,9,0.0,E,8,-9900,?,9,-9900,?,9,0.0,0.0,E,8
08/01/2012,24:00,0.0,1325.501,0.0,1,8,0.0,1,8,0.0,1,8,0.0,1,8,0.0,1,8,0.0,1,8,-0.0,1,8,-9900,?,9,-9900,?,9,17.18,E,8,11.78,E,8,70.0,E,8,1008.6016999999999,E,8,999.0,E,8,1.29,E,8,-9900,?,9,-9900,?,9,0.0,E,8,-9900,?,9,-9900,?,9,0.0,0.0,E,8
08/02/2012,01:00,0.0,1325.501,0.0,1,8,0.0,1,8,0.0,1,8,0.0,1,8,0.0,1,8,0.0,1,8,-0.0,1,8,-9900,?,9,-9900,?,9,16.86,E,8,11.66,E,8,71.0,E,8,1008.6016999999999,E,8,999.0,E,8,1.29,E,8,-9900,?,9,-9900,?,9,0.0,E,8,-9900,?,9,-9900,?,9,0.0,0.0,E,8
08/02/2012,02:00,0.0,1325.501,0.0,1,8,0.0,1,8,0.0,1,8,0.0,1,8,0.0,1,8,0.0,1,8,-0.0,1,8,-9900,?,9,-9900,?,9,16.54,E,8,11.53,E,8,72.0,E,8,1008.6016999999999,E,8,999.0,E,8,1.29,E,8,-9900,?,9,-9900,?,9,0.0,E,8,-9900,?,9,-9900,?,9,0.0,0.0,E,8
08/02/2012,03:00,0.0,1325.501,0.0,1,8,0.0,1,8,0.0,1,8,0.0,1,8,0.0,1,8,0.0,1,8,-0.0,1,8,-9900,?,9,-9900,?,9,16.22,E,8,11.4,E,8,73.0,E,8,1008.6016999999999,E,8,999.0,E,8,1.29,E,8,-9900,?,9,-9900,?,9,0.0,E,8,-9900,?,9,-9900,?,9,0.0,0.0,E,8
08/02/2012,04:00,0.0,1325.857,0.0,1,8,0.0,1,8,0.0,1,8,0.0,1,8,0.0,1,8,0.0,1,8,-0.0,1,8,-9900,?,9,-9900,?,9,15.9,E,8,11.27,E,8,73.0,E,8,1008.6016999999999,E,8,999.0,E,8,1.29,E,8,-9900,?,9,-9900,?,9,0.0,E,8,-9900,?,9,-9900,?,9,0.0,0.0,E,8
08/02/2012,05:00,0.0,1325.857,0.0,1,8,0.0,1,8,0.0,1,8,0.0,1,8,0.0,1,8,0.0,1,8,-0.0,1,8,-9900,?,9,-9900,?,9,15.57,E,8,11.14,E,8,74.0,E,8,1008.6016999999999,E,8,999.0,E,8,1.29,E,8,-9900,?,9,-9900,?,9,0.0,E,8,-9900,?,9,-9900,?,9,0.0,0.0,E,8
08/02/2012,06:00,0.0,1325.857,0.0,1,8,0.0,1,8,0.0,1,8,0.0,1,8,0.0,1,8,0.0,1,8,-0.0,1,8,-9900,?,9,-9900,?,9,15.33,E,8,11.04,E,8,75.0,E,8,1008.6016999999999,E,8,999.0,E,8,1.29,E,8,-9900,?,9,-9900,?,9,0.0,E,8,-9900,?,9,-9900,?,9,0.0,0.0,E,8
08/02/2012,07:00,50.712,1325.857,0.0,1,8,0.0,1,8,0.0,1,8,0.0,1,8,0.0,1,8,0.0,1,8,0.0,1,8,-9900,?,9,-9900,?,9,15.12,E,8,10.95,E,8,76.0,E,8,1008.6016999999999,E,8,999.0,E,8,1.29,E,8,-9900,?,9,-9900,?,9,0.0,E,8,-9900,?,9,-9900,?,9,0.0,0.0,E,8
08/02/2012,08:00,340.122,1325.857,71.21,1,8,0.0,1,8,71.21,1,8,8545.2,1,8,0.0,1,8,7833.1,1,8,88.72,1,8,-9900,?,9,-9900,?,9,14.9,E,8,10.86,E,8,76.0,E,8,1008.6016999999999,E,8,999.0,E,8,1.29,E,8,-9900,?,9,-9900,?,9,0.0,E,8,-9900,?,9,-9900,?,9,0.0,0.0,E,8
08/02/2012,09:00,601.148,1325.857,249.99,1,8,123.216,1,8,194.186,1,8,29998.8,1,8,11705.549,1,8,21360.502,1,8,136.482,1,8,-9900,?,9,-9900,?,9,17.41,E,8,11.87,E,8,69.0,E,8,1008.6016999999999,E,8,999.0,E,8,1.35,E,8,-9900,?,9,-9900,?,9,0.0,E,8,-9900,?,9,-9900,?,9,0.0,0.0,E,8
08/02/2012,10:00,811.814,1325.857,362.28,1,8,116.063,1,8,291.25,1,8,43473.6,1,8,11026.01,1,8,32037.492,1,8,151.485,1,8,-9900,?,9,-9900,?,9,18.46,E,8,12.28,E,8,67.0,E,8,1008.6016999999999,E,8,999.0,E,8,2.15,E,8,-9900,?,9,-9900,?,9,0.0,E,8,-9900,?,9,-9900,?,9,0.0,0.0,E,8
08/02/2012,11:00,957.46,1325.857,546.55,1,8,302.281,1,8,328.319,1,8,65586.0,1,8,28716.667,1,8,36115.04,1,8,144.757,1,8,-9900,?,9,-9900,?,9,19.7,E,8,12.75,E,8,64.0,E,8,1008.6016999999999,E,8,999.0,E,8,2.53,E,8,-9900,?,9,-9900,?,9,0.0,E,8,-9900,?,9,-9900,?,9,0.0,0.0,E,8
08/02/2012,12:00,1028.084,1325.857,616.87,1,8,372.278,1,8,328.258,1,8,74024.4,1,8,35366.435,1,8,36108.34,1,8,134.778,1,8,-9900,?,9,-9900,?,9,20.67,E,8,13.1,E,8,61.0,E,8,1008.6016999999999,E,8,999.0,E,8,3.88,E,8,-9900,?,9,-9900,?,9,0.0,E,8,-9900,?,9,-9900,?,9,0.0,0.0,E,8
08/02/2012,13:00,1018.847,1325.857,685.76,1,8,571.769,1,8,246.477,1,8,82291.2,1,8,54318.067,1,8,27112.433,1,8,102.118,1,8,-9900,?,9,-9900,?,9,21.49,E,8,13.4,E,8,59.0,E,8,1008.6016999999999,E,8,999.0,E,8,4.4,E,8,-9900,?,9,-9900,?,9,0.0,E,8,-9900,?,9,-9900,?,9,0.0,0.0,E,8
08/02/2012,14:00,930.379,1325.857,570.07,1,8,435.023,1,8,264.898,1,8,68408.4,1,8,41327.198,1,8,29138.819,1,8,120.198,1,8,-9900,?,9,-9900,?,9,21.82,E,8,13.52,E,8,59.0,E,8,1008.6016999999999,E,8,999.0,E,8,4.84,E,8,-9900,?,9,-9900,?,9,0.0,E,8,-9900,?,9,-9900,?,9,0.0,0.0,E,8
08/02/2012,15:00,768.734,1325.857,455.13,1,8,395.689,1,8,225.842,1,8,54615.6,1,8,37590.468,1,8,24842.58,1,8,124.058,1,8,-9900,?,9,-9900,?,9,21.84,E,8,13.52,E,8,59.0,E,8,1008.6016999999999,E,8,999.0,E,8,5.04,E,8,-9900,?,9,-9900,?,9,0.0,E,8,-9900,?,9,-9900,?,9,0.0,0.0,E,8
08/02/2012,16:00,545.023,1325.857,404.11,1,8,532.085,1,8,185.698,1,8,48493.2,1,8,50548.067,1,8,20426.79,1,8,144.0,1,8,-9900,?,9,-9900,?,9,21.72,E,8,13.48,E,8,59.0,E,8,1008.6016999999999,E,8,999.0,E,8,4.57,E,8,-9900,?,9,-9900,?,9,0.0,E,8,-9900,?,9,-9900,?,9,0.0,0.0,E,8
08/02/2012,17:00,274.958,1325.857,197.59,1,8,567.567,1,8,80.628,1,8,23710.8,1,8,53918.888,1,8,8869.028,1,8,124.539,1,8,-9900,?,9,-9900,?,9,21.08,E,8,13.25,E,8,60.0,E,8,1008.6016999999999,E,8,999.0,E,8,4.09,E,8,-9900,?,9,-9900,?,9,0.0,E,8,-9900,?,9,-9900,?,9,0.0,0.0,E,8
08/02/2012,18:00,0.0,1325.857,36.16,1,8,0.0,1,8,0.0,1,8,4339.2,1,8,0.0,1,8,0.0,1,8,-0.0,1,8,-9900,?,9,-9900,?,9,20.17,E,8,12.92,E,8,63.0,E,8,1008.6016999999999,E,8,999.0,E,8,3.5,E,8,-9900,?,9,-9900,?,9,0.0,E,8,-9900,?,9,-9900,?,9,0.0,0.0,E,8
08/02/2012,19:00,0.0,1325.857,0.0,1,8,0.0,1,8,0.0,1,8,0.0,1,8,0.0,1,8,0.0,1,8,-0.0,1,8,-9900,?,9,-9900,?,9,19.7,E,8,12.75,E,8,64.0,E,8,1008.6016999999999,E,8,999.0,E,8,2.98,E,8,-9900,?,9,-9900,?,9,0.0,E,8,-9900,?,9,-9900,?,9,0.0,0.0,E,8
08/02/2012,20:00,0.0,1325.857,0.0,1,8,0.0,1,8,0.0,1,8,0.0,1,8,0.0,1,8,0.0,1,8,-0.0,1,8,-9900,?,9,-9900,?,9,19.22,E,8,12.57,E,8,65.0,E,8,1008.6016999999999,E,8,999.0,E,8,2.12,E,8,-9900,?,9,-9900,?,9,0.0,E,8,-9900,?,9,-9900,?,9,0.0,0.0,E,8
08/02/2012,21:00,0.0,1325.857,0.0,1,8,0.0,1,8,0.0,1,8,0.0,1,8,0.0,1,8,0.0,1,8,-0.0,1,8,-9900,?,9,-9900,?,9,18.75,E,8,12.39,E,8,66.0,E,8,1008.6016999999999,E,8,999.0,E,8,1.35,E,8,-9900,?,9,-9900,?,9,0.0,E,8,-9900,?,9,-9900,?,9,0.0,0.0,E,8
08/02/2012,22:00,0.0,1325.857,0.0,1,8,0.0,1,8,0.0,1,8,0.0,1,8,0.0,1,8,0.0,1,8,-0.0,1,8,-9900,?,9,-9900,?,9,18.28,E,8,12.21,E,8,67.0,E,8,1008.6016999999999,E,8,999.0,E,8,1.29,E,8,-9900,?,9,-9900,?,9,0.0,E,8,-9900,?,9,-9900,?,9,0.0,0.0,E,8
08/02/2012,23:00,0.0,1325.857,0.0,1,8,0.0,1,8,0.0,1,8,0.0,1,8,0.0,1,8,0.0,1,8,-0.0,1,8,-9900,?,9,-9900,?,9,17.8,E,8,12.03,E,8,68.0,E,8,1008.6016999999999,E,8,999.0,E,8,1.29,E,8,-9900,?,9,-9900,?,9,0.0,E,8,-9900,?,9,-9900,?,9,0.0,0.0,E,8
08/02/2012,24:00,0.0,1325.857,0.0,1,8,0.0,1,8,0.0,1,8,0.0,1,8,0.0,1,8,0.0,1,8,-0.0,1,8,-9900,?,9,-9900,?,9,17.33,E,8,11.89,E,8,70.0,E,8,1008.6016999999999,E,8,999.0,E,8,1.13,E,8,-9900,?,9,-9900,?,9,0.0,E,8,-9900,?,9,-9900,?,9,0.0,0.0,E,8
08/03/2012,01:00,0.0,1325.857,0.0,1,8,0.0,1,8,0.0,1,8,0.0,1,8,0.0,1,8,0.0,1,8,-0.0,1,8,-9900,?,9,-9900,?,9,17.09,E,8,11.84,E,8,71.0,E,8,1008.6016999999999,E,8,999.0,E,8,1.13,E,8,-9900,?,9,-9900,?,9,0.0,E,8,-9900,?,9,-9900,?,9,0.0,0.0,E,8
08/03/2012,02:00,0.0,1325.857,0.0,1,8,0.0,1,8,0.0,1,8,0.0,1,8,0.0,1,8,0.0,1,8,-0.0,1,8,-9900,?,9,-9900,?,9,16.86,E,8,11.8,E,8,72.0,E,8,1008.6016999999999,E,8,999.0,E,8,1.13,E,8,-9900,?,9,-9900,?,9,0.0,E,8,-9900,?,9,-9900,?,9,0.0,0.0,E,8
08/03/2012,03:00,0.0,1325.857,0.0,1,8,0.0,1,8,0.0,1,8,0.0,1,8,0.0,1,8,0.0,1,8,-0.0,1,8,-9900,?,9,-9900,?,9,16.62,E,8,11.75,E,8,72.0,E,8,1008.6016999999999,E,8,999.0,E,8,1.13,E,8,-9900,?,9,-9900,?,9,0.0,E,8,-9900,?,9,-9900,?,9,0.0,0.0,E,8
08/03/2012,04:00,0.0,1326.224,0.0,1,8,0.0,1,8,0.0,1,8,0.0,1,8,0.0,1,8,0.0,1,8,-0.0,1,8,-9900,?,9,-9900,?,9,16.38,E,8,11.71,E,8,73.0,E,8,1008.6016999999999,E,8,999.0,E,8,1.13,E,8,-9900,?,9,-9900,?,9,0.0,E,8,-9900,?,9,-9900,?,9,0.0,0.0,E,8
08/03/2012,05:00,0.0,1326.224,0.0,1,8,0.0,1,8,0.0,1,8,0.0,1,8,0.0,1,8,0.0,1,8,-0.0,1,8,-9900,?,9,-9900,?,9,16.14,E,8,11.66,E,8,74.0,E,8,1008.6016999999999,E,8,999.0,E,8,1.13,E,8,-9900,?,9,-9900,?,9,0.0,E,8,-9900,?,9,-9900,?,9,0.0,0.0,E,8
08/03/2012,06:00,0.0,1326.224,0.0,1,8,0.0,1,8,0.0,1,8,0.0,1,8,0.0,1,8,0.0,1,8,-0.0,1,8,-9900,?,9,-9900,?,9,15.96,E,8,11.63,E,8,75.0,E,8,1008.6016999999999,E,8,999.0,E,8,1.13,E,8,-9900,?,9,-9900,?,9,0.0,E,8,-9900,?,9,-9900,?,9,0.0,0.0,E,8
08/03/2012,07:00,53.297,1326.224,0.0,1,8,0.0,1,8,0.0,1,8,0.0,1,8,0.0,1,8,0.0,1,8,0.0,1,8,-9900,?,9,-9900,?,9,15.81,E,8,11.6,E,8,76.0,E,8,1008.6016999999999,E,8,999.0,E,8,1.13,E,8,-9900,?,9,-9900,?,9,0.0,E,8,-9900,?,9,-9900,?,9,0.0,0.0,E,8
08/03/2012,08:00,343.352,1326.224,60.44,1,8,0.0,1,8,60.44,1,8,7252.8,1,8,0.0,1,8,6648.4,1,8,74.608,1,8,-9900,?,9,-9900,?,9,15.65,E,8,11.57,E,8,76.0,E,8,1008.6016999999999,E,8,999.0,E,8,1.13,E,8,-9900,?,9,-9900,?,9,0.0,E,8,-9900,?,9,-9900,?,9,0.0,0.0,E,8
08/03/2012,09:00,604.78,1326.224,221.35,1,8,70.781,1,8,189.108,1,8,26562.0,1,8,6724.228,1,8,20801.93,1,8,132.149,1,8,-9900,?,9,-9900,?,9,17.7,E,8,11.95,E,8,69.0,E,8,1008.6016999999999,E,8,999.0,E,8,1.69,E,8,-9900,?,9,-9900,?,9,0.0,E,8,-9900,?,9,-9900,?,9,0.0,0.0,E,8
08/03/2012,10:00,815.733,1326.224,368.27,1,8,121.135,1,8,293.798,1,8,44192.4,1,8,11507.821,1,8,32317.812,1,8,152.117,1,8,-9900,?,9,-9900,?,9,18.8,E,8,12.16,E,8,65.0,E,8,1008.6016999999999,E,8,999.0,E,8,2.19,E,8,-9900,?,9,-9900,?,9,0.0,E,8,-9900,?,9,-9900,?,9,0.0,0.0,E,8
08/03/2012,11:00,961.535,1326.224,480.78,1,8,169.674,1,8,357.796,1,8,57693.6,1,8,16119.029,1,8,39357.562,1,8,157.128,1,8,-9900,?,9,-9900,?,9,19.76,E,8,12.33,E,8,62.0,E,8,1008.6016999999999,E,8,999.0,E,8,3.12,E,8,-9900,?,9,-9900,?,9,0.0,E,8,-9900,?,9,-9900,?,9,0.0,0.0,E,8
08/03/2012,12:00,1032.175,1326.224,549.37,1,8,316.708,1,8,302.929,1,8,65924.4,1,8,30087.269,1,8,33322.21,1,8,123.919,1,8,-9900,?,9,-9900,?,9,20.54,E,8,12.47,E,8,59.0,E,8,1008.6016999999999,E,8,999.0,E,8,4.13,E,8,-9900,?,9,-9900,?,9,0.0,E,8,-9900,?,9,-9900,?,9,0.0,0.0,E,8
08/03/2012,13:00,1022.813,1326.224,568.81,1,8,276.968,1,8,355.249,1,8,68257.2,1,8,26311.99,1,8,39077.349,1,8,146.653,1,8,-9900,?,9,-9900,?,9,21.1,E,8,12.57,E,8,58.0,E,8,1008.6016999999999,E,8,999.0,E,8,4.84,E,8,-9900,?,9,-9900,?,9,0.0,E,8,-9900,?,9,-9900,?,9,0.0,0.0,E,8
08/03/2012,14:00,934.087,1326.224,537.68,1,8,340.529,1,8,297.91,1,8,64521.6,1,8,32350.293,1,8,32770.061,1,8,134.677,1,8,-9900,?,9,-9900,?,9,21.44,E,8,12.63,E,8,57.0,E,8,1008.6016999999999,E,8,999.0,E,8,5.42,E,8,-9900,?,9,-9900,?,9,0.0,E,8,-9900,?,9,-9900,?,9,0.0,0.0,E,8
08/03/2012,15:00,772.068,1326.224,458.29,1,8,407.155,1,8,221.398,1,8,54994.8,1,8,38679.687,1,8,24353.81,1,8,121.125,1,8,-9900,?,9,-9900,?,9,21.55,E,8,12.65,E,8,56.0,E,8,1008.6016999999999,E,8,999.0,E,8,5.08,E,8,-9900,?,9,-9900,?,9,0.0,E,8,-9900,?,9,-9900,?,9,0.0,0.0,E,8
08/03/2012,16:00,547.894,1326.224,336.74,1,8,478.956,1,8,139.152,1,8,40408.8,1,8,45500.843,1,8,15306.737,1,8,107.368,1,8,-9900,?,9,-9900,?,9,21.36,E,8,12.61,E,8,57.0,E,8,1008.6016999999999,E,8,999.0,E,8,4.66,E,8,-9900,?,9,-9900,?,9,0.0,E,8,-9900,?,9,-9900,?,9,0.0,0.0,E,8
08/03/2012,17:00,277.301,1326.224,183.89,1,8,559.756,1,8,67.574,1,8,22066.8,1,8,53176.821,1,8,7433.165,1,8,103.512,1,8,-9900,?,9,-9900,?,9,20.83,E,8,12.52,E,8,58.0,E,8,1008.6016999999999,E,8,999.0,E,8,3.82,E,8,-9900,?,9,-9900,?,9,0.0,E,8,-9900,?,9,-9900,?,9,0.0,0.0,E,8
08/03/2012,18:00,0.0,1326.224,28.4,1,8,0.0,1,8,0.0,1,8,3408.0,1,8,0.0,1,8,0.0,1,8,-0.0,1,8,-9900,?,9,-9900,?,9,20.05,E,8,12.38,E,8,61.0,E,8,1008.6016999999999,E,8,999.0,E,8,3.35,E,8,-9900,?,9,-9900,?,9,0.0,E,8,-9900,?,9,-9900,?,9,0.0,0.0,E,8
08/03/2012,19:00,0.0,1326.224,0.0,1,8,0.0,1,8,0.0,1,8,0.0,1,8,0.0,1,8,0.0,1,8,-0.0,1,8,-9900,?,9,-9900,?,9,19.53,E,8,12.29,E,8,62.0,E,8,1008.6016999999999,E,8,999.0,E,8,2.66,E,8,-9900,?,9,-9900,?,9,0.0,E,8,-9900,?,9,-9900,?,9,0.0,0.0,E,8
08/03/2012,20:00,0.0,1326.224,0.0,1,8,0.0,1,8,0.0,1,8,0.0,1,8,0.0,1,8,0.0,1,8,-0.0,1,8,-9900,?,9,-9900,?,9,19.02,E,8,12.19,E,8,64.0,E,8,1008.6016999999999,E,8,999.0,E,8,2.13,E,8,-9900,?,9,-9900,?,9,0.0,E,8,-9900,?,9,-9900,?,9,0.0,0.0,E,8
08/03/2012,21:00,0.0,1326.224,0.0,1,8,0.0,1,8,0.0,1,8,0.0,1,8,0.0,1,8,0.0,1,8,-0.0,1,8,-9900,?,9,-9900,?,9,18.5,E,8,12.1,E,8,66.0,E,8,1008.6016999999999,E,8,999.0,E,8,1.44,E,8,-9900,?,9,-9900,?,9,0.0,E,8,-9900,?,9,-9900,?,9,0.0,0.0,E,8
08/03/2012,22:00,0.0,1326.224,0.0,1,8,0.0,1,8,0.0,1,8,0.0,1,8,0.0,1,8,0.0,1,8,-0.0,1,8,-9900,?,9,-9900,?,9,17.99,E,8,12.01,E,8,68.0,E,8,1008.6016999999999,E,8,999.0,E,8,1.13,E,8,-9900,?,9,-9900,?,9,0.0,E,8,-9900,?,9,-9900,?,9,0.0,0.0,E,8
08/03/2012,23:00,0.0,1326.224,0.0,1,8,0.0,1,8,0.0,1,8,0.0,1,8,0.0,1,8,0.0,1,8,-0.0,1,8,-9900,?,9,-9900,?,9,17.47,E,8,11.91,E,8,69.0,E,8,1008.6016999999999,E,8,999.0,E,8,1.13,E,8,-9900,?,9,-9900,?,9,0.0,E,8,-9900,?,9,-9900,?,9,0.0,0.0,E,8
08/03/2012,24:00,0.0,1326.224,0.0,1,8,0.0,1,8,0.0,1,8,0.0,1,8,0.0,1,8,0.0,1,8,-0.0,1,8,-9900,?,9,-9900,?,9,16.96,E,8,12.57,E,8,75.0,E,8,1008.6016999999999,E,8,999.0,E,8,1.51,E,8,-9900,?,9,-9900,?,9,0.0,E,8,-9900,?,9,-9900,?,9,0.0,0.0,E,8
08/04/2012,01:00,0.0,1326.224,0.0,1,8,0.0,1,8,0.0,1,8,0.0,1,8,0.0,1,8,0.0,1,8,-0.0,1,8,-9900,?,9,-9900,?,9,16.7,E,8,12.56,E,8,76.0,E,8,1008.6016999999999,E,8,999.0,E,8,1.32,E,8,-9900,?,9,-9900,?,9,0.0,E,8,-9900,?,9,-9900,?,9,0.0,0.0,E,8
08/04/2012,02:00,0.0,1326.224,0.0,1,8,0.0,1,8,0.0,1,8,0.0,1,8,0.0,1,8,0.0,1,8,-0.0,1,8,-9900,?,9,-9900,?,9,16.44,E,8,12.55,E,8,77.0,E,8,1008.6016999999999,E,8,999.0,E,8,1.32,E,8,-9900,?,9,-9900,?,9,0.0,E,8,-9900,?,9,-9900,?,9,0.0,0.0,E,8
08/04/2012,03:00,0.0,1326.224,0.0,1,8,0.0,1,8,0.0,1,8,0.0,1,8,0.0,1,8,0.0,1,8,-0.0,1,8,-9900,?,9,-9900,?,9,16.18,E,8,12.54,E,8,78.0,E,8,1008.6016999999999,E,8,999.0,E,8,1.32,E,8,-9900,?,9,-9900,?,9,0.0,E,8,-9900,?,9,-9900,?,9,0.0,0.0,E,8
08/04/2012,04:00,0.0,1326.602,0.0,1,8,0.0,1,8,0.0,1,8,0.0,1,8,0.0,1,8,0.0,1,8,-0.0,1,8,-9900,?,9,-9900,?,9,15.93,E,8,12.52,E,8,80.0,E,8,1008.6016999999999,E,8,999.0,E,8,1.32,E,8,-9900,?,9,-9900,?,9,0.0,E,8,-9900,?,9,-9900,?,9,0.0,0.0,E,8
08/04/2012,05:00,0.0,1326.602,0.0,1,8,0.0,1,8,0.0,1,8,0.0,1,8,0.0,1,8,0.0,1,8,-0.0,1,8,-9900,?,9,-9900,?,9,15.67,E,8,12.51,E,8,81.0,E,8,1008.6016999999999,E,8,999.0,E,8,1.32,E,8,-9900,?,9,-9900,?,9,0.0,E,8,-9900,?,9,-9900,?,9,0.0,0.0,E,8
08/04/2012,06:00,0.0,1326.602,0.0,1,8,0.0,1,8,0.0,1,8,0.0,1,8,0.0,1,8,0.0,1,8,-0.0,1,8,-9900,?,9,-9900,?,9,15.47,E,8,12.5,E,8,82.0,E,8,1008.6016999999999,E,8,999.0,E,8,1.32,E,8,-9900,?,9,-9900,?,9,0.0,E,8,-9900,?,9,-9900,?,9,0.0,0.0,E,8
08/04/2012,07:00,55.979,1326.602,0.0,1,8,0.0,1,8,0.0,1,8,0.0,1,8,0.0,1,8,0.0,1,8,0.0,1,8,-9900,?,9,-9900,?,9,15.3,E,8,12.49,E,8,83.0,E,8,1008.6016999999999,E,8,999.0,E,8,1.32,E,8,-9900,?,9,-9900,?,9,0.0,E,8,-9900,?,9,-9900,?,9,0.0,0.0,E,8
08/04/2012,08:00,346.677,1326.602,57.39,1,8,0.0,1,8,57.39,1,8,6886.8,1,8,0.0,1,8,6312.9,1,8,70.179,1,8,-9900,?,9,-9900,?,9,15.13,E,8,12.49,E,8,84.0,E,8,1008.6016999999999,E,8,999.0,E,8,1.32,E,8,-9900,?,9,-9900,?,9,0.0,E,8,-9900,?,9,-9900,?,9,0.0,0.0,E,8
08/04/2012,09:00,608.504,1326.602,223.82,1,8,72.121,1,8,190.775,1,8,26858.4,1,8,6851.508,1,8,20985.225,1,8,132.533,1,8,-9900,?,9,-9900,?,9,17.16,E,8,12.58,E,8,74.0,E,8,1008.6016999999999,E,8,999.0,E,8,2.12,E,8,-9900,?,9,-9900,?,9,0.0,E,8,-9900,?,9,-9900,?,9,0.0,0.0,E,8
08/04/2012,10:00,819.737,1326.602,375.73,1,8,144.701,1,8,286.359,1,8,45087.6,1,8,13746.569,1,8,31499.458,1,8,147.582,1,8,-9900,?,9,-9900,?,9,18.29,E,8,12.63,E,8,69.0,E,8,1008.6016999999999,E,8,999.0,E,8,2.66,E,8,-9900,?,9,-9900,?,9,0.0,E,8,-9900,?,9,-9900,?,9,0.0,0.0,E,8
08/04/2012,11:00,965.685,1326.602,530.43,1,8,266.648,1,8,336.377,1,8,63651.6,1,8,25331.543,1,8,37001.505,1,8,147.128,1,8,-9900,?,9,-9900,?,9,19.41,E,8,12.68,E,8,65.0,E,8,1008.6016999999999,E,8,999.0,E,8,3.43,E,8,-9900,?,9,-9900,?,9,0.0,E,8,-9900,?,9,-9900,?,9,0.0,0.0,E,8
08/04/2012,12:00,1036.328,1326.602,585.23,1,8,296.305,1,8,353.803,1,8,70227.6,1,8,28148.98,1,8,38918.323,1,8,144.19,1,8,-9900,?,9,-9900,?,9,20.24,E,8,12.72,E,8,61.0,E,8,1008.6016999999999,E,8,999.0,E,8,4.63,E,8,-9900,?,9,-9900,?,9,0.0,E,8,-9900,?,9,-9900,?,9,0.0,0.0,E,8
08/04/2012,13:00,1026.827,1326.602,642.93,1,8,454.785,1,8,290.983,1,8,77151.6,1,8,43204.533,1,8,32008.165,1,8,119.687,1,8,-9900,?,9,-9900,?,9,20.93,E,8,12.75,E,8,59.0,E,8,1008.6016999999999,E,8,999.0,E,8,4.9,E,8,-9900,?,9,-9900,?,9,0.0,E,8,-9900,?,9,-9900,?,9,0.0,0.0,E,8
08/04/2012,14:00,937.828,1326.602,637.53,1,8,581.02,1,8,226.905,1,8,76503.6,1,8,55196.864,1,8,24959.531,1,8,102.197,1,8,-9900,?,9,-9900,?,9,21.42,E,8,12.78,E,8,57.0,E,8,1008.6016999999999,E,8,999.0,E,8,5.61,E,8,-9900,?,9,-9900,?,9,0.0,E,8,-9900,?,9,-9900,?,9,0.0,0.0,E,8
08/04/2012,15:00,775.422,1326.602,575.77,1,8,794.683,1,8,111.526,1,8,69092.4,1,8,75494.856,1,8,12267.904,1,8,60.768,1,8,-9900,?,9,-9900,?,9,21.67,E,8,12.79,E,8,57.0,E,8,1008.6016999999999,E,8,999.0,E,8,5.96,E,8,-9900,?,9,-9900,?,9,0.0,E,8,-9900,?,9,-9900,?,9,0.0,0.0,E,8
08/04/2012,16:00,550.772,1326.602,446.16,1,8,636.848,1,8,182.127,1,8,53539.2,1,8,60500.569,1,8,20033.927,1,8,139.83,1,8,-9900,?,9,-9900,?,9,21.65,E,8,12.79,E,8,57.0,E,8,1008.6016999999999,E,8,999.0,E,8,5.73,E,8,-9900,?,9,-9900,?,9,0.0,E,8,-9900,?,9,-9900,?,9,0.0,0.0,E,8
08/04/2012,17:00,279.642,1326.602,240.12,1,8,566.224,1,8,121.489,1,8,28814.4,1,8,53791.262,1,8,13363.808,1,8,184.577,1,8,-9900,?,9,-9900,?,9,21.13,E,8,12.76,E,8,58.0,E,8,1008.6016999999999,E,8,999.0,E,8,5.14,E,8,-9900,?,9,-9900,?,9,0.0,E,8,-9900,?,9,-9900,?,9,0.0,0.0,E,8
08/04/2012,18:00,0.0,1326.602,35.77,1,8,0.0,1,8,0.0,1,8,4292.4,1,8,0.0,1,8,0.0,1,8,-0.0,1,8,-9900,?,9,-9900,?,9,20.24,E,8,12.72,E,8,61.0,E,8,1008.6016999999999,E,8,999.0,E,8,4.18,E,8,-9900,?,9,-9900,?,9,0.0,E,8,-9900,?,9,-9900,?,9,0.0,0.0,E,8
08/04/2012,19:00,0.0,1326.602,0.0,1,8,0.0,1,8,0.0,1,8,0.0,1,8,0.0,1,8,0.0,1,8,-0.0,1,8,-9900,?,9,-9900,?,9,19.86,E,8,12.71,E,8,63.0,E,8,1008.6016999999999,E,8,999.0,E,8,2.9,E,8,-9900,?,9,-9900,?,9,0.0,E,8,-9900,?,9,-9900,?,9,0.0,0.0,E,8
08/04/2012,20:00,0.0,1326.602,0.0,1,8,0.0,1,8,0.0,1,8,0.0,1,8,0.0,1,8,0.0,1,8,-0.0,1,8,-9900,?,9,-9900,?,9,19.47,E,8,12.69,E,8,64.0,E,8,1008.6016999999999,E,8,999.0,E,8,1.89,E,8,-9900,?,9,-9900,?,9,0.0,E,8,-9900,?,9,-9900,?,9,0.0,0.0,E,8
08/04/2012,21:00,0.0,1326.602,0.0,1,8,0.0,1,8,0.0,1,8,0.0,1,8,0.0,1,8,0.0,1,8,-0.0,1,8,-9900,?,9,-9900,?,9,19.09,E,8,12.67,E,8,66.0,E,8,1008.6016999999999,E,8,999.0,E,8,1.43,E,8,-9900,?,9,-9900,?,9,0.0,E,8,-9900,?,9,-9900,?,9,0.0,0.0,E,8
08/04/2012,22:00,0.0,1326.602,0.0,1,8,0.0,1,8,0.0,1,8,0.0,1,8,0.0,1,8,0.0,1,8,-0.0,1,8,-9900,?,9,-9900,?,9,18.7,E,8,12.65,E,8,67.0,E,8,1008.6016999999999,E,8,999.0,E,8,1.32,E,8,-9900,?,9,-9900,?,9,0.0,E,8,-9900,?,9,-9900,?,9,0.0,0.0,E,8
08/04/2012,23:00,0.0,1326.602,0.0,1,8,0.0,1,8,0.0,1,8,0.0,1,8,0.0,1,8,0.0,1,8,-0.0,1,8,-9900,?,9,-9900,?,9,18.32,E,8,12.63,E,8,69.0,E,8,1008.6016999999999,E,8,999.0,E,8,1.32,E,8,-9900,?,9,-9900,?,9,0.0,E,8,-9900,?,9,-9900,?,9,0.0,0.0,E,8
08/04/2012,24:00,0.0,1326.602,0.0,1,8,0.0,1,8,0.0,1,8,0.0,1,8,0.0,1,8,0.0,1,8,-0.0,1,8,-9900,?,9,-9900,?,9,17.93,E,8,15.53,E,8,87.0,E,8,1008.6016999999999,E,8,999.0,E,8,4.65,E,8,-9900,?,9,-9900,?,9,0.014000000000000002,E,8,-9900,?,9,-9900,?,9,0.14,99.0,E,8
08/05/2012,01:00,0.0,1326.602,0.0,1,8,0.0,1,8,0.0,1,8,0.0,1,8,0.0,1,8,0.0,1,8,-0.0,1,8,-9900,?,9,-9900,?,9,17.74,E,8,15.56,E,8,88.0,E,8,1008.6016999999999,E,8,999.0,E,8,3.98,E,8,-9900,?,9,-9900,?,9,0.019,E,8,-9900,?,9,-9900,?,9,0.19,99.0,E,8
08/05/2012,02:00,0.0,1326.602,0.0,1,8,0.0,1,8,0.0,1,8,0.0,1,8,0.0,1,8,0.0,1,8,-0.0,1,8,-9900,?,9,-9900,?,9,17.55,E,8,15.59,E,8,89.0,E,8,1008.6016999999999,E,8,999.0,E,8,4.77,E,8,-9900,?,9,-9900,?,9,0.024,E,8,-9900,?,9,-9900,?,9,0.24,99.0,E,8
08/05/2012,03:00,0.0,1326.602,0.0,1,8,0.0,1,8,0.0,1,8,0.0,1,8,0.0,1,8,0.0,1,8,-0.0,1,8,-9900,?,9,-9900,?,9,17.36,E,8,15.62,E,8,90.0,E,8,1008.6016999999999,E,8,999.0,E,8,4.87,E,8,-9900,?,9,-9900,?,9,0.003,E,8,-9900,?,9,-9900,?,9,0.03,99.0,E,8
08/05/2012,04:00,0.0,1326.992,0.0,1,8,0.0,1,8,0.0,1,8,0.0,1,8,0.0,1,8,0.0,1,8,-0.0,1,8,-9900,?,9,-9900,?,9,17.17,E,8,15.65,E,8,91.0,E,8,1008.6016999999999,E,8,999.0,E,8,5.15,E,8,-9900,?,9,-9900,?,9,0.011,E,8,-9900,?,9,-9900,?,9,0.11,99.0,E,8
08/05/2012,05:00,0.0,1326.992,0.0,1,8,0.0,1,8,0.0,1,8,0.0,1,8,0.0,1,8,0.0,1,8,-0.0,1,8,-9900,?,9,-9900,?,9,16.97,E,8,15.69,E,8,92.0,E,8,1008.6016999999999,E,8,999.0,E,8,4.72,E,8,-9900,?,9,-9900,?,9,0.006,E,8,-9900,?,9,-9900,?,9,0.06,99.0,E,8
08/05/2012,06:00,0.0,1326.992,0.0,1,8,0.0,1,8,0.0,1,8,0.0,1,8,0.0,1,8,0.0,1,8,-0.0,1,8,-9900,?,9,-9900,?,9,16.82,E,8,15.71,E,8,89.0,E,8,1008.6016999999999,E,8,999.0,E,8,4.32,E,8,-9900,?,9,-9900,?,9,0.0,E,8,-9900,?,9,-9900,?,9,0.0,0.0,E,8
08/05/2012,07:00,58.76,1326.992,0.0,1,8,0.0,1,8,0.0,1,8,0.0,1,8,0.0,1,8,0.0,1,8,0.0,1,8,-9900,?,9,-9900,?,9,16.7,E,8,15.73,E,8,94.0,E,8,1008.6016999999999,E,8,999.0,E,8,3.42,E,8,-9900,?,9,-9900,?,9,0.001,E,8,-9900,?,9,-9900,?,9,0.01,99.0,E,8
08/05/2012,08:00,350.095,1326.992,25.32,1,8,0.0,1,8,25.32,1,8,3038.4,1,8,0.0,1,8,2785.2,1,8,30.666,1,8,-9900,?,9,-9900,?,9,16.57,E,8,15.75,E,8,94.0,E,8,1008.6016999999999,E,8,999.0,E,8,3.37,E,8,-9900,?,9,-9900,?,9,0.008,E,8,-9900,?,9,-9900,?,9,0.08,99.0,E,8
08/05/2012,09:00,612.317,1326.992,89.71,1,8,0.0,1,8,89.71,1,8,10765.2,1,8,0.0,1,8,9868.1,1,8,61.951,1,8,-9900,?,9,-9900,?,9,17.94,E,8,15.53,E,8,87.0,E,8,1008.6016999999999,E,8,999.0,E,8,3.53,E,8,-9900,?,9,-9900,?,9,0.002,E,8,-9900,?,9,-9900,?,9,0.02,99.0,E,8
08/05/2012,10:00,823.823,1326.992,95.28,1,8,0.0,1,8,95.28,1,8,11433.6,1,8,0.0,1,8,10480.8,1,8,48.875,1,8,-9900,?,9,-9900,?,9,18.24,E,8,15.48,E,8,81.0,E,8,1008.6016999999999,E,8,999.0,E,8,3.23,E,8,-9900,?,9,-9900,?,9,0.0,E,8,-9900,?,9,-9900,?,9,0.0,0.0,E,8
08/05/2012,11:00,969.907,1326.992,194.02,1,8,1.861,1,8,192.66,1,8,23282.4,1,8,176.766,1,8,21192.639,1,8,83.925,1,8,-9900,?,9,-9900,?,9,18.98,E,8,15.36,E,8,78.0,E,8,1008.6016999999999,E,8,999.0,E,8,3.34,E,8,-9900,?,9,-9900,?,9,0.0,E,8,-9900,?,9,-9900,?,9,0.0,0.0,E,8
08/05/2012,12:00,1040.541,1326.992,247.21,1,8,6.199,1,8,242.35,1,8,29665.2,1,8,588.916,1,8,26658.495,1,8,98.397,1,8,-9900,?,9,-9900,?,9,19.67,E,8,15.25,E,8,74.0,E,8,1008.6016999999999,E,8,999.0,E,8,3.15,E,8,-9900,?,9,-9900,?,9,0.0,E,8,-9900,?,9,-9900,?,9,0.0,0.0,E,8
08/05/2012,13:00,1030.886,1326.992,225.57,1,8,3.558,1,8,222.807,1,8,27068.4,1,8,338.0,1,8,24508.721,1,8,91.31,1,8,-9900,?,9,-9900,?,9,20.05,E,8,15.19,E,8,73.0,E,8,1008.6016999999999,E,8,999.0,E,8,3.44,E,8,-9900,?,9,-9900,?,9,0.0,E,8,-9900,?,9,-9900,?,9,0.0,0.0,E,8
08/05/2012,14:00,941.6,1326.992,207.9,1,8,2.476,1,8,206.143,1,8,24948.0,1,8,235.251,1,8,22675.77,1,8,92.501,1,8,-9900,?,9,-9900,?,9,20.26,E,8,15.15,E,8,72.0,E,8,1008.6016999999999,E,8,999.0,E,8,4.11,E,8,-9900,?,9,-9900,?,9,0.0,E,8,-9900,?,9,-9900,?,9,0.0,0.0,E,8
08/05/2012,15:00,778.794,1326.992,220.57,1,8,10.741,1,8,214.27,1,8,26468.4,1,8,1020.418,1,8,23569.659,1,8,116.278,1,8,-9900,?,9,-9900,?,9,20.46,E,8,15.12,E,8,71.0,E,8,1008.6016999999999,E,8,999.0,E,8,4.31,E,8,-9900,?,9,-9900,?,9,0.0,E,8,-9900,?,9,-9900,?,9,0.0,0.0,E,8
08/05/2012,16:00,553.655,1326.992,99.78,1,8,0.0,1,8,99.78,1,8,11973.6,1,8,0.0,1,8,10975.8,1,8,76.23,1,8,-9900,?,9,-9900,?,9,20.17,E,8,15.17,E,8,76.0,E,8,1008.6016999999999,E,8,999.0,E,8,5.44,E,8,-9900,?,9,-9900,?,9,0.004,E,8,-9900,?,9,-9900,?,9,0.04,99.0,E,8
08/05/2012,17:00,281.978,1326.992,65.04,1,8,0.0,1,8,65.04,1,8,7804.8,1,8,0.0,1,8,7154.4,1,8,98.015,1,8,-9900,?,9,-9900,?,9,19.8,E,8,15.23,E,8,78.0,E,8,1008.6016999999999,E,8,999.0,E,8,5.27,E,8,-9900,?,9,-9900,?,9,0.04,E,8,-9900,?,9,-9900,?,9,0.4,99.0,E,8
08/05/2012,18:00,0.0,1326.992,19.54,1,8,0.0,1,8,0.0,1,8,2344.8,1,8,0.0,1,8,0.0,1,8,-0.0,1,8,-9900,?,9,-9900,?,9,19.33,E,8,15.31,E,8,80.0,E,8,1008.6016999999999,E,8,999.0,E,8,5.37,E,8,-9900,?,9,-9900,?,9,0.052000000000000005,E,8,-9900,?,9,-9900,?,9,0.52,99.0,E,8
08/05/2012,19:00,0.0,1326.992,0.0,1,8,0.0,1,8,0.0,1,8,0.0,1,8,0.0,1,8,0.0,1,8,-0.0,1,8,-9900,?,9,-9900,?,9,19.18,E,8,15.33,E,8,81.0,E,8,1008.6016999999999,E,8,999.0,E,8,5.78,E,8,-9900,?,9,-9900,?,9,0.06999999999999999,E,8,-9900,?,9,-9900,?,9,0.7,99.0,E,8
08/05/2012,20:00,0.0,1326.992,0.0,1,8,0.0,1,8,0.0,1,8,0.0,1,8,0.0,1,8,0.0,1,8,-0.0,1,8,-9900,?,9,-9900,?,9,19.03,E,8,15.35,E,8,90.0,E,8,1008.6016999999999,E,8,999.0,E,8,5.23,E,8,-9900,?,9,-9900,?,9,2.0420000000000003,E,8,-9900,?,9,-9900,?,9,20.42,99.0,E,8
08/05/2012,21:00,0.0,1326.992,0.0,1,8,0.0,1,8,0.0,1,8,0.0,1,8,0.0,1,8,0.0,1,8,-0.0,1,8,-9900,?,9,-9900,?,9,18.88,E,8,15.38,E,8,86.0,E,8,1008.6016999999999,E,8,999.0,E,8,5.64,E,8,-9900,?,9,-9900,?,9,0.16999999999999998,E,8,-9900,?,9,-9900,?,9,1.7,99.0,E,8
08/05/2012,22:00,0.0,1326.992,0.0,1,8,0.0,1,8,0.0,1,8,0.0,1,8,0.0,1,8,0.0,1,8,-0.0,1,8,-9900,?,9,-9900,?,9,18.72,E,8,15.4,E,8,87.0,E,8,1008.6016999999999,E,8,999.0,E,8,5.27,E,8,-9900,?,9,-9900,?,9,0.101,E,8,-9900,?,9,-9900,?,9,1.01,99.0,E,8
08/05/2012,23:00,0.0,1326.992,0.0,1,8,0.0,1,8,0.0,1,8,0.0,1,8,0.0,1,8,0.0,1,8,-0.0,1,8,-9900,?,9,-9900,?,9,18.57,E,8,15.43,E,8,84.0,E,8,1008.6016999999999,E,8,999.0,E,8,5.04,E,8,-9900,?,9,-9900,?,9,0.031,E,8,-9900,?,9,-9900,?,9,0.31,99.0,E,8
08/05/2012,24:00,0.0,1326.992,0.0,1,8,0.0,1,8,0.0,1,8,0.0,1,8,0.0,1,8,0.0,1,8,-0.0,1,8,-9900,?,9,-9900,?,9,18.42,E,8,16.97,E,8,91.0,E,8,1008.6016999999999,E,8,999.0,E,8,6.92,E,8,-9900,?,9,-9900,?,9,0.027000000000000003,E,8,-9900,?,9,-9900,?,9,0.27,99.0,E,8
08/06/2012,01:00,0.0,1326.992,0.0,1,8,0.0,1,8,0.0,1,8,0.0,1,8,0.0,1,8,0.0,1,8,-0.0,1,8,-9900,?,9,-9900,?,9,18.35,E,8,16.99,E,8,92.0,E,8,1008.6016999999999,E,8,999.0,E,8,6.9,E,8,-9900,?,9,-9900,?,9,0.001,E,8,-9900,?,9,-9900,?,9,0.01,99.0,E,8
08/06/2012,02:00,0.0,1326.992,0.0,1,8,0.0,1,8,0.0,1,8,0.0,1,8,0.0,1,8,0.0,1,8,-0.0,1,8,-9900,?,9,-9900,?,9,18.27,E,8,17.02,E,8,92.0,E,8,1008.6016999999999,E,8,999.0,E,8,6.94,E,8,-9900,?,9,-9900,?,9,0.001,E,8,-9900,?,9,-9900,?,9,0.01,99.0,E,8
08/06/2012,03:00,0.0,1326.992,0.0,1,8,0.0,1,8,0.0,1,8,0.0,1,8,0.0,1,8,0.0,1,8,-0.0,1,8,-9900,?,9,-9900,?,9,18.19,E,8,17.04,E,8,93.0,E,8,1008.6016999999999,E,8,999.0,E,8,6.26,E,8,-9900,?,9,-9900,?,9,0.003,E,8,-9900,?,9,-9900,?,9,0.03,99.0,E,8
08/06/2012,04:00,0.0,1327.393,0.0,1,8,0.0,1,8,0.0,1,8,0.0,1,8,0.0,1,8,0.0,1,8,-0.0,1,8,-9900,?,9,-9900,?,9,18.12,E,8,17.06,E,8,93.0,E,8,1008.6016999999999,E,8,999.0,E,8,6.71,E,8,-9900,?,9,-9900,?,9,0.012,E,8,-9900,?,9,-9900,?,9,0.12,99.0,E,8
08/06/2012,05:00,0.0,1327.393,0.0,1,8,0.0,1,8,0.0,1,8,0.0,1,8,0.0,1,8,0.0,1,8,-0.0,1,8,-9900,?,9,-9900,?,9,18.04,E,8,17.08,E,8,94.0,E,8,1008.6016999999999,E,8,999.0,E,8,6.06,E,8,-9900,?,9,-9900,?,9,0.079,E,8,-9900,?,9,-9900,?,9,0.79,99.0,E,8
08/06/2012,06:00,0.0,1327.393,0.0,1,8,0.0,1,8,0.0,1,8,0.0,1,8,0.0,1,8,0.0,1,8,-0.0,1,8,-9900,?,9,-9900,?,9,17.99,E,8,17.1,E,8,94.0,E,8,1008.6016999999999,E,8,999.0,E,8,4.82,E,8,-9900,?,9,-9900,?,9,0.044,E,8,-9900,?,9,-9900,?,9,0.44,99.0,E,8
08/06/2012,07:00,61.636,1327.393,0.0,1,8,0.0,1,8,0.0,1,8,0.0,1,8,0.0,1,8,0.0,1,8,0.0,1,8,-9900,?,9,-9900,?,9,17.94,E,8,17.11,E,8,95.0,E,8,1008.6016999999999,E,8,999.0,E,8,4.87,E,8,-9900,?,9,-9900,?,9,0.057999999999999996,E,8,-9900,?,9,-9900,?,9,0.58,99.0,E,8
08/06/2012,08:00,353.607,1327.393,44.5,1,8,0.0,1,8,44.5,1,8,5340.0,1,8,0.0,1,8,4895.0,1,8,53.373,1,8,-9900,?,9,-9900,?,9,17.89,E,8,17.13,E,8,95.0,E,8,1008.6016999999999,E,8,999.0,E,8,3.85,E,8,-9900,?,9,-9900,?,9,0.016,E,8,-9900,?,9,-9900,?,9,0.16,99.0,E,8
08/06/2012,09:00,616.22,1327.393,188.93,1,8,21.266,1,8,179.068,1,8,22671.6,1,8,2020.279,1,8,19697.489,1,8,122.912,1,8,-9900,?,9,-9900,?,9,20.38,E,8,16.38,E,8,80.0,E,8,1008.6016999999999,E,8,999.0,E,8,4.08,E,8,-9900,?,9,-9900,?,9,0.034,E,8,-9900,?,9,-9900,?,9,0.34,99.0,E,8
08/06/2012,10:00,827.989,1327.393,148.32,1,8,0.0,1,8,148.32,1,8,17798.4,1,8,0.0,1,8,16315.2,1,8,75.722,1,8,-9900,?,9,-9900,?,9,20.61,E,8,16.31,E,8,74.0,E,8,1008.6016999999999,E,8,999.0,E,8,3.5,E,8,-9900,?,9,-9900,?,9,0.0,E,8,-9900,?,9,-9900,?,9,0.0,0.0,E,8
08/06/2012,11:00,974.199,1327.393,287.71,1,8,26.687,1,8,268.129,1,8,34525.2,1,8,2535.254,1,8,29494.181,1,8,116.32,1,8,-9900,?,9,-9900,?,9,21.47,E,8,16.05,E,8,70.0,E,8,1008.6016999999999,E,8,999.0,E,8,3.55,E,8,-9900,?,9,-9900,?,9,0.0,E,8,-9900,?,9,-9900,?,9,0.0,0.0,E,8
08/06/2012,12:00,1044.811,1327.393,304.47,1,8,15.531,1,8,292.248,1,8,36536.4,1,8,1475.42,1,8,32147.251,1,8,118.207,1,8,-9900,?,9,-9900,?,9,22.05,E,8,15.86,E,8,67.0,E,8,1008.6016999999999,E,8,999.0,E,8,4.24,E,8,-9900,?,9,-9900,?,9,0.0,E,8,-9900,?,9,-9900,?,9,0.0,0.0,E,8
08/06/2012,13:00,1034.989,1327.393,315.01,1,8,18.147,1,8,300.863,1,8,37801.2,1,8,1723.957,1,8,33094.958,1,8,122.847,1,8,-9900,?,9,-9900,?,9,22.48,E,8,15.73,E,8,65.0,E,8,1008.6016999999999,E,8,999.0,E,8,4.45,E,8,-9900,?,9,-9900,?,9,0.0,E,8,-9900,?,9,-9900,?,9,0.0,0.0,E,8
08/06/2012,14:00,945.402,1327.393,297.78,1,8,12.367,1,8,288.974,1,8,35733.6,1,8,1174.867,1,8,31787.186,1,8,129.186,1,8,-9900,?,9,-9900,?,9,22.74,E,8,15.65,E,8,64.0,E,8,1008.6016999999999,E,8,999.0,E,8,4.77,E,8,-9900,?,9,-9900,?,9,0.0,E,8,-9900,?,9,-9900,?,9,0.0,0.0,E,8
08/06/2012,15:00,782.181,1327.393,254.06,1,8,15.404,1,8,244.988,1,8,30487.2,1,8,1463.421,1,8,26948.655,1,8,132.412,1,8,-9900,?,9,-9900,?,9,22.81,E,8,15.62,E,8,63.0,E,8,1008.6016999999999,E,8,999.0,E,8,4.63,E,8,-9900,?,9,-9900,?,9,0.0,E,8,-9900,?,9,-9900,?,9,0.0,0.0,E,8
08/06/2012,16:00,556.543,1327.393,187.2,1,8,36.132,1,8,172.071,1,8,22464.0,1,8,3432.552,1,8,18927.854,1,8,130.814,1,8,-9900,?,9,-9900,?,9,22.64,E,8,15.68,E,8,68.0,E,8,1008.6016999999999,E,8,999.0,E,8,5.78,E,8,-9900,?,9,-9900,?,9,0.002,E,8,-9900,?,9,-9900,?,9,0.02,99.0,E,8
08/06/2012,17:00,284.308,1327.393,103.11,1,8,106.266,1,8,80.483,1,8,12373.2,1,8,10095.293,1,8,8853.177,1,8,120.319,1,8,-9900,?,9,-9900,?,9,22.19,E,8,15.82,E,8,71.0,E,8,1008.6016999999999,E,8,999.0,E,8,6.38,E,8,-9900,?,9,-9900,?,9,0.005,E,8,-9900,?,9,-9900,?,9,0.05,99.0,E,8
08/06/2012,18:00,0.0,1327.393,16.98,1,8,0.0,1,8,0.0,1,8,2037.6,1,8,0.0,1,8,0.0,1,8,-0.0,1,8,-9900,?,9,-9900,?,9,21.54,E,8,16.02,E,8,74.0,E,8,1008.6016999999999,E,8,999.0,E,8,6.27,E,8,-9900,?,9,-9900,?,9,0.009,E,8,-9900,?,9,-9900,?,9,0.09,99.0,E,8
08/06/2012,19:00,0.0,1327.393,0.0,1,8,0.0,1,8,0.0,1,8,0.0,1,8,0.0,1,8,0.0,1,8,-0.0,1,8,-9900,?,9,-9900,?,9,21.11,E,8,16.16,E,8,76.0,E,8,1008.6016999999999,E,8,999.0,E,8,6.47,E,8,-9900,?,9,-9900,?,9,0.020999999999999998,E,8,-9900,?,9,-9900,?,9,0.21,99.0,E,8
08/06/2012,20:00,0.0,1327.393,0.0,1,8,0.0,1,8,0.0,1,8,0.0,1,8,0.0,1,8,0.0,1,8,-0.0,1,8,-9900,?,9,-9900,?,9,20.68,E,8,16.29,E,8,78.0,E,8,1008.6016999999999,E,8,999.0,E,8,5.83,E,8,-9900,?,9,-9900,?,9,0.007000000000000001,E,8,-9900,?,9,-9900,?,9,0.07,99.0,E,8
08/06/2012,21:00,0.0,1327.393,0.0,1,8,0.0,1,8,0.0,1,8,0.0,1,8,0.0,1,8,0.0,1,8,-0.0,1,8,-9900,?,9,-9900,?,9,20.24,E,8,16.43,E,8,85.0,E,8,1008.6016999999999,E,8,999.0,E,8,6.59,E,8,-9900,?,9,-9900,?,9,0.11299999999999999,E,8,-9900,?,9,-9900,?,9,1.13,99.0,E,8
08/06/2012,22:00,0.0,1327.393,0.0,1,8,0.0,1,8,0.0,1,8,0.0,1,8,0.0,1,8,0.0,1,8,-0.0,1,8,-9900,?,9,-9900,?,9,19.81,E,8,16.56,E,8,87.0,E,8,1008.6016999999999,E,8,999.0,E,8,6.29,E,8,-9900,?,9,-9900,?,9,0.19,E,8,-9900,?,9,-9900,?,9,1.9,99.0,E,8
08/06/2012,23:00,0.0,1327.393,0.0,1,8,0.0,1,8,0.0,1,8,0.0,1,8,0.0,1,8,0.0,1,8,-0.0,1,8,-9900,?,9,-9900,?,9,19.38,E,8,16.69,E,8,94.0,E,8,1008.6016999999999,E,8,999.0,E,8,6.03,E,8,-9900,?,9,-9900,?,9,2.278,E,8,-9900,?,9,-9900,?,9,22.78,99.0,E,8
08/06/2012,24:00,0.0,1327.393,0.0,1,8,0.0,1,8,0.0,1,8,0.0,1,8,0.0,1,8,0.0,1,8,-0.0,1,8,-9900,?,9,-9900,?,9,18.95,E,8,17.27,E,8,89.0,E,8,1008.6016999999999,E,8,999.0,E,8,0.88,E,8,-9900,?,9,-9900,?,9,0.025,E,8,-9900,?,9,-9900,?,9,0.25,99.0,E,8
08/07/2012,01:00,0.0,1327.393,0.0,1,8,0.0,1,8,0.0,1,8,0.0,1,8,0.0,1,8,0.0,1,8,-0.0,1,8,-9900,?,9,-9900,?,9,18.73,E,8,17.27,E,8,91.0,E,8,1008.6016999999999,E,8,999.0,E,8,0.88,E,8,-9900,?,9,-9900,?,9,0.037,E,8,-9900,?,9,-9900,?,9,0.37,99.0,E,8
08/07/2012,02:00,0.0,1327.393,0.0,1,8,0.0,1,8,0.0,1,8,0.0,1,8,0.0,1,8,0.0,1,8,-0.0,1,8,-9900,?,9,-9900,?,9,18.52,E,8,17.27,E,8,92.0,E,8,1008.6016999999999,E,8,999.0,E,8,0.88,E,8,-9900,?,9,-9900,?,9,0.001,E,8,-9900,?,9,-9900,?,9,0.01,99.0,E,8
08/07/2012,03:00,0.0,1327.393,0.0,1,8,0.0,1,8,0.0,1,8,0.0,1,8,0.0,1,8,0.0,1,8,-0.0,1,8,-9900,?,9,-9900,?,9,18.3,E,8,17.27,E,8,93.0,E,8,1008.6016999999999,E,8,999.0,E,8,0.88,E,8,-9900,?,9,-9900,?,9,0.007000000000000001,E,8,-9900,?,9,-9900,?,9,0.07,99.0,E,8
08/07/2012,04:00,0.0,1327.805,0.0,1,8,0.0,1,8,0.0,1,8,0.0,1,8,0.0,1,8,0.0,1,8,-0.0,1,8,-9900,?,9,-9900,?,9,18.08,E,8,17.27,E,8,94.0,E,8,1008.6016999999999,E,8,999.0,E,8,0.88,E,8,-9900,?,9,-9900,?,9,0.016,E,8,-9900,?,9,-9900,?,9,0.16,99.0,E,8
08/07/2012,05:00,0.0,1327.805,0.0,1,8,0.0,1,8,0.0,1,8,0.0,1,8,0.0,1,8,0.0,1,8,-0.0,1,8,-9900,?,9,-9900,?,9,17.87,E,8,17.26,E,8,96.0,E,8,1008.6016999999999,E,8,999.0,E,8,0.88,E,8,-9900,?,9,-9900,?,9,0.012,E,8,-9900,?,9,-9900,?,9,0.12,99.0,E,8
08/07/2012,06:00,0.0,1327.805,0.0,1,8,0.0,1,8,0.0,1,8,0.0,1,8,0.0,1,8,0.0,1,8,-0.0,1,8,-9900,?,9,-9900,?,9,17.7,E,8,17.26,E,8,97.0,E,8,1008.6016999999999,E,8,999.0,E,8,0.88,E,8,-9900,?,9,-9900,?,9,0.08199999999999999,E,8,-9900,?,9,-9900,?,9,0.82,99.0,E,8
08/07/2012,07:00,64.609,1327.805,0.0,1,8,0.0,1,8,0.0,1,8,0.0,1,8,0.0,1,8,0.0,1,8,0.0,1,8,-9900,?,9,-9900,?,9,17.56,E,8,17.26,E,8,98.0,E,8,1008.6016999999999,E,8,999.0,E,8,0.88,E,8,-9900,?,9,-9900,?,9,0.03,E,8,-9900,?,9,-9900,?,9,0.3,99.0,E,8
08/07/2012,08:00,357.209,1327.805,44.91,1,8,0.0,1,8,44.91,1,8,5389.2,1,8,0.0,1,8,4940.1,1,8,53.334,1,8,-9900,?,9,-9900,?,9,17.42,E,8,17.26,E,8,99.0,E,8,1008.6016999999999,E,8,999.0,E,8,0.98,E,8,-9900,?,9,-9900,?,9,0.005,E,8,-9900,?,9,-9900,?,9,0.05,99.0,E,8
08/07/2012,09:00,620.208,1327.805,153.87,1,8,5.971,1,8,151.084,1,8,18464.4,1,8,567.245,1,8,16619.23,1,8,103.067,1,8,-9900,?,9,-9900,?,9,19.54,E,8,17.27,E,8,81.0,E,8,1008.6016999999999,E,8,999.0,E,8,1.4,E,8,-9900,?,9,-9900,?,9,0.0,E,8,-9900,?,9,-9900,?,9,0.0,0.0,E,8
08/07/2012,10:00,832.234,1327.805,252.59,1,8,14.876,1,8,243.27,1,8,30310.8,1,8,1413.25,1,8,26759.715,1,8,123.602,1,8,-9900,?,9,-9900,?,9,20.63,E,8,17.28,E,8,80.0,E,8,1008.6016999999999,E,8,999.0,E,8,2.35,E,8,-9900,?,9,-9900,?,9,0.001,E,8,-9900,?,9,-9900,?,9,0.01,99.0,E,8
08/07/2012,11:00,978.558,1327.805,328.04,1,8,21.355,1,8,312.306,1,8,39364.8,1,8,2028.713,1,8,34353.65,1,8,134.923,1,8,-9900,?,9,-9900,?,9,21.57,E,8,17.28,E,8,76.0,E,8,1008.6016999999999,E,8,999.0,E,8,3.2,E,8,-9900,?,9,-9900,?,9,0.004,E,8,-9900,?,9,-9900,?,9,0.04,99.0,E,8
08/07/2012,12:00,1049.135,1327.805,373.91,1,8,38.259,1,8,343.686,1,8,44869.2,1,8,3634.594,1,8,37805.456,1,8,138.481,1,8,-9900,?,9,-9900,?,9,22.34,E,8,17.28,E,8,72.0,E,8,1008.6016999999999,E,8,999.0,E,8,3.98,E,8,-9900,?,9,-9900,?,9,0.002,E,8,-9900,?,9,-9900,?,9,0.02,99.0,E,8
08/07/2012,13:00,1039.132,1327.805,386.74,1,8,45.846,1,8,350.868,1,8,46408.8,1,8,4355.383,1,8,38595.455,1,8,142.737,1,8,-9900,?,9,-9900,?,9,22.89,E,8,17.28,E,8,70.0,E,8,1008.6016999999999,E,8,999.0,E,8,4.28,E,8,-9900,?,9,-9900,?,9,0.01,E,8,-9900,?,9,-9900,?,9,0.1,99.0,E,8
08/07/2012,14:00,949.23,1327.805,365.58,1,8,45.879,1,8,332.791,1,8,43869.6,1,8,4358.521,1,8,36606.989,1,8,148.22,1,8,-9900,?,9,-9900,?,9,23.22,E,8,17.29,E,8,68.0,E,8,1008.6016999999999,E,8,999.0,E,8,4.63,E,8,-9900,?,9,-9900,?,9,0.02,E,8,-9900,?,9,-9900,?,9,0.2,99.0,E,8
08/07/2012,15:00,785.582,1327.805,312.01,1,8,60.466,1,8,276.255,1,8,37441.2,1,8,5744.288,1,8,30388.081,1,8,148.71,1,8,-9900,?,9,-9900,?,9,23.33,E,8,17.29,E,8,73.0,E,8,1008.6016999999999,E,8,999.0,E,8,4.93,E,8,-9900,?,9,-9900,?,9,0.129,E,8,-9900,?,9,-9900,?,9,1.29,99.0,E,8
08/07/2012,16:00,559.433,1327.805,230.1,1,8,130.289,1,8,175.28,1,8,27612.0,1,8,12377.489,1,8,19280.846,1,8,132.604,1,8,-9900,?,9,-9900,?,9,23.14,E,8,17.28,E,8,74.0,E,8,1008.6016999999999,E,8,999.0,E,8,4.73,E,8,-9900,?,9,-9900,?,9,0.23199999999999998,E,8,-9900,?,9,-9900,?,9,2.32,99.0,E,8
08/07/2012,17:00,286.634,1327.805,55.33,1,8,0.0,1,8,55.33,1,8,6639.6,1,8,0.0,1,8,6086.3,1,8,82.062,1,8,-9900,?,9,-9900,?,9,22.35,E,8,17.28,E,8,72.0,E,8,1008.6016999999999,E,8,999.0,E,8,4.7,E,8,-9900,?,9,-9900,?,9,0.05500000000000001,E,8,-9900,?,9,-9900,?,9,0.55,99.0,E,8
08/07/2012,18:00,0.0,1327.805,39.04,1,8,0.0,1,8,0.0,1,8,4684.8,1,8,0.0,1,8,0.0,1,8,-0.0,1,8,-9900,?,9,-9900,?,9,21.66,E,8,17.28,E,8,75.0,E,8,1008.6016999999999,E,8,999.0,E,8,4.04,E,8,-9900,?,9,-9900,?,9,0.045,E,8,-9900,?,9,-9900,?,9,0.45,99.0,E,8
08/07/2012,19:00,0.0,1327.805,0.0,1,8,0.0,1,8,0.0,1,8,0.0,1,8,0.0,1,8,0.0,1,8,-0.0,1,8,-9900,?,9,-9900,?,9,21.21,E,8,17.28,E,8,83.0,E,8,1008.6016999999999,E,8,999.0,E,8,2.84,E,8,-9900,?,9,-9900,?,9,0.10200000000000001,E,8,-9900,?,9,-9900,?,9,1.02,99.0,E,8
08/07/2012,20:00,0.0,1327.805,0.0,1,8,0.0,1,8,0.0,1,8,0.0,1,8,0.0,1,8,0.0,1,8,-0.0,1,8,-9900,?,9,-9900,?,9,20.77,E,8,17.28,E,8,85.0,E,8,1008.6016999999999,E,8,999.0,E,8,2.59,E,8,-9900,?,9,-9900,?,9,0.16799999999999998,E,8,-9900,?,9,-9900,?,9,1.68,99.0,E,8
08/07/2012,21:00,0.0,1327.805,0.0,1,8,0.0,1,8,0.0,1,8,0.0,1,8,0.0,1,8,0.0,1,8,-0.0,1,8,-9900,?,9,-9900,?,9,20.32,E,8,17.27,E,8,92.0,E,8,1008.6016999999999,E,8,999.0,E,8,2.02,E,8,-9900,?,9,-9900,?,9,3.9770000000000003,E,8,-9900,?,9,-9900,?,9,39.77,99.0,E,8
08/07/2012,22:00,0.0,1327.805,0.0,1,8,0.0,1,8,0.0,1,8,0.0,1,8,0.0,1,8,0.0,1,8,-0.0,1,8,-9900,?,9,-9900,?,9,19.88,E,8,17.27,E,8,89.0,E,8,1008.6016999999999,E,8,999.0,E,8,1.76,E,8,-9900,?,9,-9900,?,9,0.375,E,8,-9900,?,9,-9900,?,9,3.75,99.0,E,8
08/07/2012,23:00,0.0,1327.805,0.0,1,8,0.0,1,8,0.0,1,8,0.0,1,8,0.0,1,8,0.0,1,8,-0.0,1,8,-9900,?,9,-9900,?,9,19.43,E,8,17.27,E,8,87.0,E,8,1008.6016999999999,E,8,999.0,E,8,1.51,E,8,-9900,?,9,-9900,?,9,0.067,E,8,-9900,?,9,-9900,?,9,0.67,99.0,E,8
08/07/2012,24:00,0.0,1327.805,0.0,1,8,0.0,1,8,0.0,1,8,0.0,1,8,0.0,1,8,0.0,1,8,-0.0,1,8,-9900,?,9,-9900,?,9,18.98,E,8,17.83,E,8,94.0,E,8,1008.6016999999999,E,8,999.0,E,8,6.8,E,8,-9900,?,9,-9900,?,9,0.319,E,8,-9900,?,9,-9900,?,9,3.19,99.0,E,8
08/08/2012,01:00,0.0,1327.805,0.0,1,8,0.0,1,8,0.0,1,8,0.0,1,8,0.0,1,8,0.0,1,8,-0.0,1,8,-9900,?,9,-9900,?,9,18.76,E,8,17.75,E,8,93.0,E,8,1008.6016999999999,E,8,999.0,E,8,7.12,E,8,-9900,?,9,-9900,?,9,0.091,E,8,-9900,?,9,-9900,?,9,0.91,99.0,E,8
08/08/2012,02:00,0.0,1327.805,0.0,1,8,0.0,1,8,0.0,1,8,0.0,1,8,0.0,1,8,0.0,1,8,-0.0,1,8,-9900,?,9,-9900,?,9,18.54,E,8,17.67,E,8,95.0,E,8,1008.6016999999999,E,8,999.0,E,8,6.77,E,8,-9900,?,9,-9900,?,9,0.11100000000000002,E,8,-9900,?,9,-9900,?,9,1.11,99.0,E,8
08/08/2012,03:00,0.0,1327.805,0.0,1,8,0.0,1,8,0.0,1,8,0.0,1,8,0.0,1,8,0.0,1,8,-0.0,1,8,-9900,?,9,-9900,?,9,18.32,E,8,17.59,E,8,95.0,E,8,1008.6016999999999,E,8,999.0,E,8,7.76,E,8,-9900,?,9,-9900,?,9,0.20299999999999999,E,8,-9900,?,9,-9900,?,9,2.03,99.0,E,8
08/08/2012,04:00,0.0,1328.228,0.0,1,8,0.0,1,8,0.0,1,8,0.0,1,8,0.0,1,8,0.0,1,8,-0.0,1,8,-9900,?,9,-9900,?,9,18.09,E,8,17.5,E,8,96.0,E,8,1008.6016999999999,E,8,999.0,E,8,7.64,E,8,-9900,?,9,-9900,?,9,0.252,E,8,-9900,?,9,-9900,?,9,2.52,99.0,E,8
08/08/2012,05:00,0.0,1328.228,0.0,1,8,0.0,1,8,0.0,1,8,0.0,1,8,0.0,1,8,0.0,1,8,-0.0,1,8,-9900,?,9,-9900,?,9,17.87,E,8,17.42,E,8,96.0,E,8,1008.6016999999999,E,8,999.0,E,8,7.09,E,8,-9900,?,9,-9900,?,9,0.16599999999999998,E,8,-9900,?,9,-9900,?,9,1.66,99.0,E,8
08/08/2012,06:00,0.0,1328.228,0.0,1,8,0.0,1,8,0.0,1,8,0.0,1,8,0.0,1,8,0.0,1,8,-0.0,1,8,-9900,?,9,-9900,?,9,17.7,E,8,17.36,E,8,94.0,E,8,1008.6016999999999,E,8,999.0,E,8,7.41,E,8,-9900,?,9,-9900,?,9,0.031,E,8,-9900,?,9,-9900,?,9,0.31,99.0,E,8
08/08/2012,07:00,67.677,1328.228,0.0,1,8,0.0,1,8,0.0,1,8,0.0,1,8,0.0,1,8,0.0,1,8,0.0,1,8,-9900,?,9,-9900,?,9,17.55,E,8,17.3,E,8,96.0,E,8,1008.6016999999999,E,8,999.0,E,8,8.8,E,8,-9900,?,9,-9900,?,9,0.136,E,8,-9900,?,9,-9900,?,9,1.36,99.0,E,8
08/08/2012,08:00,360.902,1328.228,10.12,1,8,0.0,1,8,10.12,1,8,1214.4,1,8,0.0,1,8,1113.2,1,8,11.898,1,8,-9900,?,9,-9900,?,9,17.4,E,8,17.25,E,8,95.0,E,8,1008.6016999999999,E,8,999.0,E,8,8.6,E,8,-9900,?,9,-9900,?,9,0.049,E,8,-9900,?,9,-9900,?,9,0.49,99.0,E,8
08/08/2012,09:00,624.281,1328.228,34.1,1,8,0.0,1,8,34.1,1,8,4092.0,1,8,0.0,1,8,3751.0,1,8,23.118,1,8,-9900,?,9,-9900,?,9,18.15,E,8,17.53,E,8,94.0,E,8,1008.6016999999999,E,8,999.0,E,8,8.33,E,8,-9900,?,9,-9900,?,9,0.075,E,8,-9900,?,9,-9900,?,9,0.75,99.0,E,8
08/08/2012,10:00,836.555,1328.228,55.78,1,8,0.0,1,8,55.78,1,8,6693.6,1,8,0.0,1,8,6135.8,1,8,28.203,1,8,-9900,?,9,-9900,?,9,18.53,E,8,17.66,E,8,93.0,E,8,1008.6016999999999,E,8,999.0,E,8,7.44,E,8,-9900,?,9,-9900,?,9,0.024,E,8,-9900,?,9,-9900,?,9,0.24,99.0,E,8
08/08/2012,11:00,982.982,1328.228,72.34,1,8,0.0,1,8,72.34,1,8,8680.8,1,8,0.0,1,8,7957.4,1,8,31.122,1,8,-9900,?,9,-9900,?,9,18.86,E,8,17.78,E,8,93.0,E,8,1008.6016999999999,E,8,999.0,E,8,7.08,E,8,-9900,?,9,-9900,?,9,0.006,E,8,-9900,?,9,-9900,?,9,0.06,99.0,E,8
08/08/2012,12:00,1053.511,1328.228,82.4,1,8,0.0,1,8,82.4,1,8,9888.0,1,8,0.0,1,8,9064.0,1,8,33.074,1,8,-9900,?,9,-9900,?,9,19.13,E,8,17.88,E,8,93.0,E,8,1008.6016999999999,E,8,999.0,E,8,6.22,E,8,-9900,?,9,-9900,?,9,0.061,E,8,-9900,?,9,-9900,?,9,0.61,99.0,E,8
08/08/2012,13:00,1043.314,1328.228,85.21,1,8,0.0,1,8,85.21,1,8,10225.2,1,8,0.0,1,8,9373.1,1,8,34.536,1,8,-9900,?,9,-9900,?,9,19.32,E,8,17.95,E,8,92.0,E,8,1008.6016999999999,E,8,999.0,E,8,6.61,E,8,-9900,?,9,-9900,?,9,0.013000000000000001,E,8,-9900,?,9,-9900,?,9,0.13,99.0,E,8
08/08/2012,14:00,953.083,1328.228,80.54,1,8,0.0,1,8,80.54,1,8,9664.8,1,8,0.0,1,8,8859.4,1,8,35.737,1,8,-9900,?,9,-9900,?,9,19.43,E,8,17.99,E,8,92.0,E,8,1008.6016999999999,E,8,999.0,E,8,6.34,E,8,-9900,?,9,-9900,?,9,0.009,E,8,-9900,?,9,-9900,?,9,0.09,99.0,E,8
08/08/2012,15:00,788.995,1328.228,68.76,1,8,0.0,1,8,68.76,1,8,8251.2,1,8,0.0,1,8,7563.6,1,8,36.865,1,8,-9900,?,9,-9900,?,9,19.47,E,8,18.0,E,8,92.0,E,8,1008.6016999999999,E,8,999.0,E,8,5.52,E,8,-9900,?,9,-9900,?,9,0.018,E,8,-9900,?,9,-9900,?,9,0.18,99.0,E,8
08/08/2012,16:00,562.324,1328.228,50.75,1,8,0.0,1,8,50.75,1,8,6090.0,1,8,0.0,1,8,5582.5,1,8,38.208,1,8,-9900,?,9,-9900,?,9,19.4,E,8,17.98,E,8,92.0,E,8,1008.6016999999999,E,8,999.0,E,8,6.51,E,8,-9900,?,9,-9900,?,9,0.001,E,8,-9900,?,9,-9900,?,9,0.01,99.0,E,8
08/08/2012,17:00,288.952,1328.228,28.11,1,8,0.0,1,8,28.11,1,8,3373.2,1,8,0.0,1,8,3092.1,1,8,41.366,1,8,-9900,?,9,-9900,?,9,19.22,E,8,17.91,E,8,91.0,E,8,1008.6016999999999,E,8,999.0,E,8,7.24,E,8,-9900,?,9,-9900,?,9,0.0,E,8,-9900,?,9,-9900,?,9,0.0,0.0,E,8
08/08/2012,18:00,0.0,1328.228,4.82,1,8,0.0,1,8,0.0,1,8,578.4,1,8,0.0,1,8,0.0,1,8,-0.0,1,8,-9900,?,9,-9900,?,9,18.95,E,8,17.82,E,8,93.0,E,8,1008.6016999999999,E,8,999.0,E,8,6.72,E,8,-9900,?,9,-9900,?,9,0.003,E,8,-9900,?,9,-9900,?,9,0.03,99.0,E,8
08/08/2012,19:00,0.0,1328.228,0.0,1,8,0.0,1,8,0.0,1,8,0.0,1,8,0.0,1,8,0.0,1,8,-0.0,1,8,-9900,?,9,-9900,?,9,18.46,E,8,17.64,E,8,93.0,E,8,1008.6016999999999,E,8,999.0,E,8,6.39,E,8,-9900,?,9,-9900,?,9,0.039,E,8,-9900,?,9,-9900,?,9,0.39,99.0,E,8
08/08/2012,20:00,0.0,1328.228,0.0,1,8,0.0,1,8,0.0,1,8,0.0,1,8,0.0,1,8,0.0,1,8,-0.0,1,8,-9900,?,9,-9900,?,9,17.97,E,8,17.46,E,8,96.0,E,8,1008.6016999999999,E,8,999.0,E,8,5.92,E,8,-9900,?,9,-9900,?,9,0.41600000000000004,E,8,-9900,?,9,-9900,?,9,4.16,99.0,E,8
08/08/2012,21:00,0.0,1328.228,0.0,1,8,0.0,1,8,0.0,1,8,0.0,1,8,0.0,1,8,0.0,1,8,-0.0,1,8,-9900,?,9,-9900,?,9,17.47,E,8,17.28,E,8,98.0,E,8,1008.6016999999999,E,8,999.0,E,8,6.69,E,8,-9900,?,9,-9900,?,9,0.576,E,8,-9900,?,9,-9900,?,9,5.76,99.0,E,8
08/08/2012,22:00,0.0,1328.228,0.0,1,8,0.0,1,8,0.0,1,8,0.0,1,8,0.0,1,8,0.0,1,8,-0.0,1,8,-9900,?,9,-9900,?,9,16.98,E,8,16.98,E,8,99.0,E,8,1008.6016999999999,E,8,999.0,E,8,6.01,E,8,-9900,?,9,-9900,?,9,9.868,E,8,-9900,?,9,-9900,?,9,98.68,99.0,E,8
08/08/2012,23:00,0.0,1328.228,0.0,1,8,0.0,1,8,0.0,1,8,0.0,1,8,0.0,1,8,0.0,1,8,-0.0,1,8,-9900,?,9,-9900,?,9,16.49,E,8,16.49,E,8,99.0,E,8,1008.6016999999999,E,8,999.0,E,8,6.24,E,8,-9900,?,9,-9900,?,9,0.931,E,8,-9900,?,9,-9900,?,9,9.31,99.0,E,8
08/08/2012,24:00,0.0,1328.228,0.0,1,8,0.0,1,8,0.0,1,8,0.0,1,8,0.0,1,8,0.0,1,8,-0.0,1,8,-9900,?,9,-9900,?,9,16.0,E,8,14.82,E,8,92.0,E,8,1008.6016999999999,E,8,999.0,E,8,7.26,E,8,-9900,?,9,-9900,?,9,0.217,E,8,-9900,?,9,-9900,?,9,2.17,99.0,E,8
08/09/2012,01:00,0.0,1328.228,0.0,1,8,0.0,1,8,0.0,1,8,0.0,1,8,0.0,1,8,0.0,1,8,-0.0,1,8,-9900,?,9,-9900,?,9,15.75,E,8,14.72,E,8,93.0,E,8,1008.6016999999999,E,8,999.0,E,8,7.01,E,8,-9900,?,9,-9900,?,9,0.341,E,8,-9900,?,9,-9900,?,9,3.41,99.0,E,8
08/09/2012,02:00,0.0,1328.228,0.0,1,8,0.0,1,8,0.0,1,8,0.0,1,8,0.0,1,8,0.0,1,8,-0.0,1,8,-9900,?,9,-9900,?,9,15.51,E,8,14.62,E,8,93.0,E,8,1008.6016999999999,E,8,999.0,E,8,8.52,E,8,-9900,?,9,-9900,?,9,0.177,E,8,-9900,?,9,-9900,?,9,1.77,99.0,E,8
08/09/2012,03:00,0.0,1328.228,0.0,1,8,0.0,1,8,0.0,1,8,0.0,1,8,0.0,1,8,0.0,1,8,-0.0,1,8,-9900,?,9,-9900,?,9,15.26,E,8,14.52,E,8,94.0,E,8,1008.6016999999999,E,8,999.0,E,8,8.97,E,8,-9900,?,9,-9900,?,9,0.145,E,8,-9900,?,9,-9900,?,9,1.45,99.0,E,8
08/09/2012,04:00,0.0,1328.662,0.0,1,8,0.0,1,8,0.0,1,8,0.0,1,8,0.0,1,8,0.0,1,8,-0.0,1,8,-9900,?,9,-9900,?,9,15.02,E,8,14.42,E,8,91.0,E,8,1008.6016999999999,E,8,999.0,E,8,8.63,E,8,-9900,?,9,-9900,?,9,0.041999999999999996,E,8,-9900,?,9,-9900,?,9,0.42,99.0,E,8
08/09/2012,05:00,0.0,1328.662,0.0,1,8,0.0,1,8,0.0,1,8,0.0,1,8,0.0,1,8,0.0,1,8,-0.0,1,8,-9900,?,9,-9900,?,9,14.77,E,8,14.32,E,8,92.0,E,8,1008.6016999999999,E,8,999.0,E,8,7.59,E,8,-9900,?,9,-9900,?,9,0.098,E,8,-9900,?,9,-9900,?,9,0.98,99.0,E,8
08/09/2012,06:00,0.0,1328.662,0.0,1,8,0.0,1,8,0.0,1,8,0.0,1,8,0.0,1,8,0.0,1,8,-0.0,1,8,-9900,?,9,-9900,?,9,14.58,E,8,14.24,E,8,98.0,E,8,1008.6016999999999,E,8,999.0,E,8,7.17,E,8,-9900,?,9,-9900,?,9,0.615,E,8,-9900,?,9,-9900,?,9,6.15,99.0,E,8
08/09/2012,07:00,70.839,1328.662,0.0,1,8,0.0,1,8,0.0,1,8,0.0,1,8,0.0,1,8,0.0,1,8,0.0,1,8,-9900,?,9,-9900,?,9,14.42,E,8,14.18,E,8,99.0,E,8,1008.6016999999999,E,8,999.0,E,8,6.63,E,8,-9900,?,9,-9900,?,9,0.993,E,8,-9900,?,9,-9900,?,9,9.93,99.0,E,8
08/09/2012,08:00,364.682,1328.662,7.41,1,8,0.0,1,8,7.41,1,8,889.2,1,8,0.0,1,8,815.1,1,8,8.624,1,8,-9900,?,9,-9900,?,9,14.26,E,8,14.11,E,8,93.0,E,8,1008.6016999999999,E,8,999.0,E,8,5.72,E,8,-9900,?,9,-9900,?,9,0.026000000000000002,E,8,-9900,?,9,-9900,?,9,0.26,99.0,E,8
08/09/2012,09:00,628.436,1328.662,24.56,1,8,0.0,1,8,24.56,1,8,2947.2,1,8,0.0,1,8,2701.6,1,8,16.545,1,8,-9900,?,9,-9900,?,9,15.99,E,8,14.82,E,8,89.0,E,8,1008.6016999999999,E,8,999.0,E,8,5.89,E,8,-9900,?,9,-9900,?,9,0.053000000000000005,E,8,-9900,?,9,-9900,?,9,0.53,99.0,E,8
08/09/2012,10:00,840.949,1328.662,40.03,1,8,0.0,1,8,40.03,1,8,4803.6,1,8,0.0,1,8,4403.3,1,8,20.141,1,8,-9900,?,9,-9900,?,9,16.86,E,8,15.16,E,8,88.0,E,8,1008.6016999999999,E,8,999.0,E,8,5.15,E,8,-9900,?,9,-9900,?,9,0.006,E,8,-9900,?,9,-9900,?,9,0.06,99.0,E,8
08/09/2012,11:00,987.468,1328.662,51.84,1,8,0.0,1,8,51.84,1,8,6220.8,1,8,0.0,1,8,5702.4,1,8,22.208,1,8,-9900,?,9,-9900,?,9,17.62,E,8,15.46,E,8,86.0,E,8,1008.6016999999999,E,8,999.0,E,8,5.04,E,8,-9900,?,9,-9900,?,9,0.01,E,8,-9900,?,9,-9900,?,9,0.1,99.0,E,8
08/09/2012,12:00,1057.938,1328.662,59.01,1,8,0.0,1,8,59.01,1,8,7081.2,1,8,0.0,1,8,6491.1,1,8,23.594,1,8,-9900,?,9,-9900,?,9,18.23,E,8,15.69,E,8,82.0,E,8,1008.6016999999999,E,8,999.0,E,8,5.8,E,8,-9900,?,9,-9900,?,9,0.0,E,8,-9900,?,9,-9900,?,9,0.0,0.0,E,8
08/09/2012,13:00,1047.532,1328.662,61.0,1,8,0.0,1,8,61.0,1,8,7320.0,1,8,0.0,1,8,6710.0,1,8,24.632,1,8,-9900,?,9,-9900,?,9,18.67,E,8,15.86,E,8,84.0,E,8,1008.6016999999999,E,8,999.0,E,8,5.29,E,8,-9900,?,9,-9900,?,9,0.019,E,8,-9900,?,9,-9900,?,9,0.19,99.0,E,8
08/09/2012,14:00,956.959,1328.662,57.66,1,8,0.0,1,8,57.66,1,8,6919.2,1,8,0.0,1,8,6342.6,1,8,25.49,1,8,-9900,?,9,-9900,?,9,18.94,E,8,15.96,E,8,84.0,E,8,1008.6016999999999,E,8,999.0,E,8,5.72,E,8,-9900,?,9,-9900,?,9,0.033,E,8,-9900,?,9,-9900,?,9,0.33,99.0,E,8
08/09/2012,15:00,792.419,1328.662,49.24,1,8,0.0,1,8,49.24,1,8,5908.8,1,8,0.0,1,8,5416.4,1,8,26.294,1,8,-9900,?,9,-9900,?,9,19.02,E,8,15.99,E,8,84.0,E,8,1008.6016999999999,E,8,999.0,E,8,5.77,E,8,-9900,?,9,-9900,?,9,0.004,E,8,-9900,?,9,-9900,?,9,0.04,99.0,E,8
08/09/2012,16:00,565.216,1328.662,36.37,1,8,0.0,1,8,36.37,1,8,4364.4,1,8,0.0,1,8,4000.7,1,8,27.25,1,8,-9900,?,9,-9900,?,9,18.87,E,8,15.93,E,8,84.0,E,8,1008.6016999999999,E,8,999.0,E,8,5.91,E,8,-9900,?,9,-9900,?,9,0.014000000000000002,E,8,-9900,?,9,-9900,?,9,0.14,99.0,E,8
08/09/2012,17:00,291.263,1328.662,20.2,1,8,0.0,1,8,20.2,1,8,2424.0,1,8,0.0,1,8,2222.0,1,8,29.497,1,8,-9900,?,9,-9900,?,9,18.45,E,8,15.77,E,8,85.0,E,8,1008.6016999999999,E,8,999.0,E,8,6.11,E,8,-9900,?,9,-9900,?,9,0.065,E,8,-9900,?,9,-9900,?,9,0.65,99.0,E,8
08/09/2012,18:00,0.0,1328.662,3.53,1,8,0.0,1,8,0.0,1,8,423.6,1,8,0.0,1,8,0.0,1,8,-0.0,1,8,-9900,?,9,-9900,?,9,17.82,E,8,15.53,E,8,89.0,E,8,1008.6016999999999,E,8,999.0,E,8,5.31,E,8,-9900,?,9,-9900,?,9,0.44400000000000006,E,8,-9900,?,9,-9900,?,9,4.44,99.0,E,8
08/09/2012,19:00,0.0,1328.662,0.0,1,8,0.0,1,8,0.0,1,8,0.0,1,8,0.0,1,8,0.0,1,8,-0.0,1,8,-9900,?,9,-9900,?,9,17.77,E,8,15.52,E,8,86.0,E,8,1008.6016999999999,E,8,999.0,E,8,6.07,E,8,-9900,?,9,-9900,?,9,0.002,E,8,-9900,?,9,-9900,?,9,0.02,99.0,E,8
08/09/2012,20:00,0.0,1328.662,0.0,1,8,0.0,1,8,0.0,1,8,0.0,1,8,0.0,1,8,0.0,1,8,-0.0,1,8,-9900,?,9,-9900,?,9,17.72,E,8,15.5,E,8,86.0,E,8,1008.6016999999999,E,8,999.0,E,8,5.94,E,8,-9900,?,9,-9900,?,9,0.08,E,8,-9900,?,9,-9900,?,9,0.8,99.0,E,8
08/09/2012,21:00,0.0,1328.662,0.0,1,8,0.0,1,8,0.0,1,8,0.0,1,8,0.0,1,8,0.0,1,8,-0.0,1,8,-9900,?,9,-9900,?,9,17.68,E,8,15.48,E,8,89.0,E,8,1008.6016999999999,E,8,999.0,E,8,5.09,E,8,-9900,?,9,-9900,?,9,0.119,E,8,-9900,?,9,-9900,?,9,1.19,99.0,E,8
08/09/2012,22:00,0.0,1328.662,0.0,1,8,0.0,1,8,0.0,1,8,0.0,1,8,0.0,1,8,0.0,1,8,-0.0,1,8,-9900,?,9,-9900,?,9,17.63,E,8,15.46,E,8,89.0,E,8,1008.6016999999999,E,8,999.0,E,8,4.87,E,8,-9900,?,9,-9900,?,9,0.269,E,8,-9900,?,9,-9900,?,9,2.69,99.0,E,8
08/09/2012,23:00,0.0,1328.662,0.0,1,8,0.0,1,8,0.0,1,8,0.0,1,8,0.0,1,8,0.0,1,8,-0.0,1,8,-9900,?,9,-9900,?,9,17.58,E,8,15.44,E,8,92.0,E,8,1008.6016999999999,E,8,999.0,E,8,4.65,E,8,-9900,?,9,-9900,?,9,10.531,E,8,-9900,?,9,-9900,?,9,105.31,99.0,E,8
08/09/2012,24:00,0.0,1328.662,0.0,1,8,0.0,1,8,0.0,1,8,0.0,1,8,0.0,1,8,0.0,1,8,-0.0,1,8,-9900,?,9,-9900,?,9,17.53,E,8,15.32,E,8,87.0,E,8,1008.6016999999999,E,8,999.0,E,8,1.51,E,8,-9900,?,9,-9900,?,9,0.006,E,8,-9900,?,9,-9900,?,9,0.06,99.0,E,8
08/10/2012,01:00,0.0,1328.662,0.0,1,8,0.0,1,8,0.0,1,8,0.0,1,8,0.0,1,8,0.0,1,8,-0.0,1,8,-9900,?,9,-9900,?,9,17.51,E,8,15.31,E,8,87.0,E,8,1008.6016999999999,E,8,999.0,E,8,1.51,E,8,-9900,?,9,-9900,?,9,0.002,E,8,-9900,?,9,-9900,?,9,0.02,99.0,E,8
08/10/2012,02:00,0.0,1328.662,0.0,1,8,0.0,1,8,0.0,1,8,0.0,1,8,0.0,1,8,0.0,1,8,-0.0,1,8,-9900,?,9,-9900,?,9,17.48,E,8,15.31,E,8,83.0,E,8,1008.6016999999999,E,8,999.0,E,8,1.51,E,8,-9900,?,9,-9900,?,9,0.0,E,8,-9900,?,9,-9900,?,9,0.0,0.0,E,8
08/10/2012,03:00,0.0,1328.662,0.0,1,8,0.0,1,8,0.0,1,8,0.0,1,8,0.0,1,8,0.0,1,8,-0.0,1,8,-9900,?,9,-9900,?,9,17.46,E,8,15.3,E,8,83.0,E,8,1008.6016999999999,E,8,999.0,E,8,1.51,E,8,-9900,?,9,-9900,?,9,0.0,E,8,-9900,?,9,-9900,?,9,0.0,0.0,E,8
08/10/2012,04:00,0.0,1329.107,0.0,1,8,0.0,1,8,0.0,1,8,0.0,1,8,0.0,1,8,0.0,1,8,-0.0,1,8,-9900,?,9,-9900,?,9,17.43,E,8,15.3,E,8,83.0,E,8,1008.6016999999999,E,8,999.0,E,8,1.51,E,8,-9900,?,9,-9900,?,9,0.0,E,8,-9900,?,9,-9900,?,9,0.0,0.0,E,8
08/10/2012,05:00,0.0,1329.107,0.0,1,8,0.0,1,8,0.0,1,8,0.0,1,8,0.0,1,8,0.0,1,8,-0.0,1,8,-9900,?,9,-9900,?,9,17.41,E,8,15.29,E,8,83.0,E,8,1008.6016999999999,E,8,999.0,E,8,1.51,E,8,-9900,?,9,-9900,?,9,0.0,E,8,-9900,?,9,-9900,?,9,0.0,0.0,E,8
08/10/2012,06:00,0.0,1329.107,0.0,1,8,0.0,1,8,0.0,1,8,0.0,1,8,0.0,1,8,0.0,1,8,-0.0,1,8,-9900,?,9,-9900,?,9,17.39,E,8,15.29,E,8,83.0,E,8,1008.6016999999999,E,8,999.0,E,8,1.51,E,8,-9900,?,9,-9900,?,9,0.0,E,8,-9900,?,9,-9900,?,9,0.0,0.0,E,8
08/10/2012,07:00,74.094,1329.107,0.0,1,8,0.0,1,8,0.0,1,8,0.0,1,8,0.0,1,8,0.0,1,8,0.0,1,8,-9900,?,9,-9900,?,9,17.38,E,8,15.29,E,8,83.0,E,8,1008.6016999999999,E,8,999.0,E,8,1.51,E,8,-9900,?,9,-9900,?,9,0.0,E,8,-9900,?,9,-9900,?,9,0.0,0.0,E,8
08/10/2012,08:00,368.548,1329.107,95.45,1,8,13.941,1,8,91.598,1,8,11454.0,1,8,1324.393,1,8,10075.741,1,8,105.512,1,8,-9900,?,9,-9900,?,9,17.36,E,8,15.28,E,8,83.0,E,8,1008.6016999999999,E,8,999.0,E,8,1.51,E,8,-9900,?,9,-9900,?,9,0.0,E,8,-9900,?,9,-9900,?,9,0.0,0.0,E,8
08/10/2012,09:00,632.671,1329.107,372.83,1,8,374.693,1,8,194.65,1,8,44739.6,1,8,35595.811,1,8,21411.462,1,8,130.292,1,8,-9900,?,9,-9900,?,9,20.48,E,8,15.92,E,8,73.0,E,8,1008.6016999999999,E,8,999.0,E,8,1.51,E,8,-9900,?,9,-9900,?,9,0.0,E,8,-9900,?,9,-9900,?,9,0.0,0.0,E,8
08/10/2012,10:00,845.414,1329.107,482.97,1,8,330.812,1,8,272.639,1,8,57956.4,1,8,31427.155,1,8,29990.276,1,8,136.495,1,8,-9900,?,9,-9900,?,9,21.58,E,8,16.14,E,8,70.0,E,8,1008.6016999999999,E,8,999.0,E,8,2.09,E,8,-9900,?,9,-9900,?,9,0.0,E,8,-9900,?,9,-9900,?,9,0.0,0.0,E,8
08/10/2012,11:00,992.014,1329.107,444.25,1,8,113.571,1,8,359.503,1,8,53310.0,1,8,10789.231,1,8,39545.35,1,8,153.354,1,8,-9900,?,9,-9900,?,9,22.0,E,8,16.22,E,8,69.0,E,8,1008.6016999999999,E,8,999.0,E,8,2.77,E,8,-9900,?,9,-9900,?,9,0.0,E,8,-9900,?,9,-9900,?,9,0.0,0.0,E,8
08/10/2012,12:00,1062.411,1329.107,625.79,1,8,330.818,1,8,361.397,1,8,75094.8,1,8,31427.696,1,8,39753.715,1,8,143.938,1,8,-9900,?,9,-9900,?,9,22.74,E,8,16.37,E,8,67.0,E,8,1008.6016999999999,E,8,999.0,E,8,3.82,E,8,-9900,?,9,-9900,?,9,0.0,E,8,-9900,?,9,-9900,?,9,0.0,0.0,E,8
08/10/2012,13:00,1051.783,1329.107,584.8,1,8,268.677,1,8,372.221,1,8,70176.0,1,8,25524.351,1,8,40944.27,1,8,149.748,1,8,-9900,?,9,-9900,?,9,23.14,E,8,16.45,E,8,66.0,E,8,1008.6016999999999,E,8,999.0,E,8,4.41,E,8,-9900,?,9,-9900,?,9,0.0,E,8,-9900,?,9,-9900,?,9,0.0,0.0,E,8
08/10/2012,14:00,960.855,1329.107,401.79,1,8,82.489,1,8,342.172,1,8,48214.8,1,8,7836.412,1,8,37638.954,1,8,150.7,1,8,-9900,?,9,-9900,?,9,23.04,E,8,16.43,E,8,70.0,E,8,1008.6016999999999,E,8,999.0,E,8,4.47,E,8,-9900,?,9,-9900,?,9,0.08399999999999999,E,8,-9900,?,9,-9900,?,9,0.84,99.0,E,8
08/10/2012,15:00,795.851,1329.107,448.9,1,8,328.711,1,8,252.176,1,8,53868.0,1,8,31227.529,1,8,27739.336,1,8,134.125,1,8,-9900,?,9,-9900,?,9,23.09,E,8,16.44,E,8,66.0,E,8,1008.6016999999999,E,8,999.0,E,8,4.41,E,8,-9900,?,9,-9900,?,9,0.0,E,8,-9900,?,9,-9900,?,9,0.0,0.0,E,8
08/10/2012,16:00,568.106,1329.107,287.87,1,8,238.87,1,8,185.902,1,8,34544.4,1,8,22692.653,1,8,20449.222,1,8,138.622,1,8,-9900,?,9,-9900,?,9,22.73,E,8,16.37,E,8,71.0,E,8,1008.6016999999999,E,8,999.0,E,8,4.43,E,8,-9900,?,9,-9900,?,9,0.001,E,8,-9900,?,9,-9900,?,9,0.01,99.0,E,8
08/10/2012,17:00,293.565,1329.107,279.84,1,8,403.695,1,8,191.168,1,8,33580.8,1,8,38350.985,1,8,21028.495,1,8,277.034,1,8,-9900,?,9,-9900,?,9,22.42,E,8,16.31,E,8,67.0,E,8,1008.6016999999999,E,8,999.0,E,8,4.23,E,8,-9900,?,9,-9900,?,9,0.0,E,8,-9900,?,9,-9900,?,9,0.0,0.0,E,8
08/10/2012,18:00,0.988,1329.107,39.4,1,8,0.0,1,8,0.0,1,8,4728.0,1,8,0.0,1,8,0.0,1,8,-0.0,1,8,-9900,?,9,-9900,?,9,21.67,E,8,16.16,E,8,70.0,E,8,1008.6016999999999,E,8,999.0,E,8,3.13,E,8,-9900,?,9,-9900,?,9,0.0,E,8,-9900,?,9,-9900,?,9,0.0,0.0,E,8
08/10/2012,19:00,0.0,1329.107,0.0,1,8,0.0,1,8,0.0,1,8,0.0,1,8,0.0,1,8,0.0,1,8,-0.0,1,8,-9900,?,9,-9900,?,9,21.25,E,8,16.07,E,8,75.0,E,8,1008.6016999999999,E,8,999.0,E,8,2.01,E,8,-9900,?,9,-9900,?,9,0.001,E,8,-9900,?,9,-9900,?,9,0.01,99.0,E,8
08/10/2012,20:00,0.0,1329.107,0.0,1,8,0.0,1,8,0.0,1,8,0.0,1,8,0.0,1,8,0.0,1,8,-0.0,1,8,-9900,?,9,-9900,?,9,20.83,E,8,15.99,E,8,76.0,E,8,1008.6016999999999,E,8,999.0,E,8,1.56,E,8,-9900,?,9,-9900,?,9,0.003,E,8,-9900,?,9,-9900,?,9,0.03,99.0,E,8
08/10/2012,21:00,0.0,1329.107,0.0,1,8,0.0,1,8,0.0,1,8,0.0,1,8,0.0,1,8,0.0,1,8,-0.0,1,8,-9900,?,9,-9900,?,9,20.41,E,8,15.91,E,8,77.0,E,8,1008.6016999999999,E,8,999.0,E,8,1.51,E,8,-9900,?,9,-9900,?,9,0.001,E,8,-9900,?,9,-9900,?,9,0.01,99.0,E,8
08/10/2012,22:00,0.0,1329.107,0.0,1,8,0.0,1,8,0.0,1,8,0.0,1,8,0.0,1,8,0.0,1,8,-0.0,1,8,-9900,?,9,-9900,?,9,19.99,E,8,15.82,E,8,75.0,E,8,1008.6016999999999,E,8,999.0,E,8,1.51,E,8,-9900,?,9,-9900,?,9,0.0,E,8,-9900,?,9,-9900,?,9,0.0,0.0,E,8
08/10/2012,23:00,0.0,1329.107,0.0,1,8,0.0,1,8,0.0,1,8,0.0,1,8,0.0,1,8,0.0,1,8,-0.0,1,8,-9900,?,9,-9900,?,9,19.56,E,8,15.74,E,8,80.0,E,8,1008.6016999999999,E,8,999.0,E,8,1.51,E,8,-9900,?,9,-9900,?,9,0.001,E,8,-9900,?,9,-9900,?,9,0.01,99.0,E,8
08/10/2012,24:00,0.0,1329.107,0.0,1,8,0.0,1,8,0.0,1,8,0.0,1,8,0.0,1,8,0.0,1,8,-0.0,1,8,-9900,?,9,-9900,?,9,19.14,E,8,17.3,E,8,86.0,E,8,1008.6016999999999,E,8,999.0,E,8,1.39,E,8,-9900,?,9,-9900,?,9,0.003,E,8,-9900,?,9,-9900,?,9,0.03,99.0,E,8
08/11/2012,01:00,0.0,1329.107,0.0,1,8,0.0,1,8,0.0,1,8,0.0,1,8,0.0,1,8,0.0,1,8,-0.0,1,8,-9900,?,9,-9900,?,9,18.93,E,8,17.25,E,8,86.0,E,8,1008.6016999999999,E,8,999.0,E,8,1.39,E,8,-9900,?,9,-9900,?,9,0.006,E,8,-9900,?,9,-9900,?,9,0.06,99.0,E,8
08/11/2012,02:00,0.0,1329.107,0.0,1,8,0.0,1,8,0.0,1,8,0.0,1,8,0.0,1,8,0.0,1,8,-0.0,1,8,-9900,?,9,-9900,?,9,18.72,E,8,17.21,E,8,84.0,E,8,1008.6016999999999,E,8,999.0,E,8,1.39,E,8,-9900,?,9,-9900,?,9,0.0,E,8,-9900,?,9,-9900,?,9,0.0,0.0,E,8
08/11/2012,03:00,0.0,1329.107,0.0,1,8,0.0,1,8,0.0,1,8,0.0,1,8,0.0,1,8,0.0,1,8,-0.0,1,8,-9900,?,9,-9900,?,9,18.51,E,8,17.17,E,8,87.0,E,8,1008.6016999999999,E,8,999.0,E,8,1.39,E,8,-9900,?,9,-9900,?,9,0.014000000000000002,E,8,-9900,?,9,-9900,?,9,0.14,99.0,E,8
08/11/2012,04:00,0.0,1329.563,0.0,1,8,0.0,1,8,0.0,1,8,0.0,1,8,0.0,1,8,0.0,1,8,-0.0,1,8,-9900,?,9,-9900,?,9,18.3,E,8,17.13,E,8,85.0,E,8,1008.6016999999999,E,8,999.0,E,8,1.39,E,8,-9900,?,9,-9900,?,9,0.0,E,8,-9900,?,9,-9900,?,9,0.0,0.0,E,8
08/11/2012,05:00,0.0,1329.563,0.0,1,8,0.0,1,8,0.0,1,8,0.0,1,8,0.0,1,8,0.0,1,8,-0.0,1,8,-9900,?,9,-9900,?,9,18.09,E,8,17.09,E,8,86.0,E,8,1008.6016999999999,E,8,999.0,E,8,1.39,E,8,-9900,?,9,-9900,?,9,0.0,E,8,-9900,?,9,-9900,?,9,0.0,0.0,E,8
08/11/2012,06:00,0.0,1329.563,0.0,1,8,0.0,1,8,0.0,1,8,0.0,1,8,0.0,1,8,0.0,1,8,-0.0,1,8,-9900,?,9,-9900,?,9,17.93,E,8,17.06,E,8,86.0,E,8,1008.6016999999999,E,8,999.0,E,8,1.39,E,8,-9900,?,9,-9900,?,9,0.0,E,8,-9900,?,9,-9900,?,9,0.0,0.0,E,8
08/11/2012,07:00,77.441,1329.563,0.0,1,8,0.0,1,8,0.0,1,8,0.0,1,8,0.0,1,8,0.0,1,8,0.0,1,8,-9900,?,9,-9900,?,9,17.79,E,8,17.03,E,8,89.0,E,8,1008.6016999999999,E,8,999.0,E,8,1.39,E,8,-9900,?,9,-9900,?,9,0.026000000000000002,E,8,-9900,?,9,-9900,?,9,0.26,99.0,E,8
08/11/2012,08:00,372.5,1329.563,59.46,1,8,0.0,1,8,59.46,1,8,7135.2,1,8,0.0,1,8,6540.6,1,8,67.784,1,8,-9900,?,9,-9900,?,9,17.65,E,8,17.01,E,8,96.0,E,8,1008.6016999999999,E,8,999.0,E,8,1.39,E,8,-9900,?,9,-9900,?,9,0.9,E,8,-9900,?,9,-9900,?,9,9.0,99.0,E,8
08/11/2012,09:00,636.985,1329.563,190.6,1,8,32.017,1,8,175.276,1,8,22872.0,1,8,3041.579,1,8,19280.371,1,8,116.568,1,8,-9900,?,9,-9900,?,9,19.38,E,8,17.34,E,8,85.0,E,8,1008.6016999999999,E,8,999.0,E,8,1.52,E,8,-9900,?,9,-9900,?,9,0.019,E,8,-9900,?,9,-9900,?,9,0.19,99.0,E,8
08/11/2012,10:00,849.949,1329.563,308.51,1,8,50.638,1,8,276.152,1,8,37021.2,1,8,4810.63,1,8,30376.751,1,8,137.562,1,8,-9900,?,9,-9900,?,9,20.23,E,8,17.5,E,8,80.0,E,8,1008.6016999999999,E,8,999.0,E,8,2.25,E,8,-9900,?,9,-9900,?,9,0.0,E,8,-9900,?,9,-9900,?,9,0.0,0.0,E,8
08/11/2012,11:00,996.618,1329.563,398.4,1,8,51.57,1,8,359.753,1,8,47808.0,1,8,4899.177,1,8,39572.789,1,8,152.804,1,8,-9900,?,9,-9900,?,9,20.97,E,8,17.64,E,8,81.0,E,8,1008.6016999999999,E,8,999.0,E,8,3.21,E,8,-9900,?,9,-9900,?,9,0.01,E,8,-9900,?,9,-9900,?,9,0.1,99.0,E,8
08/11/2012,12:00,1066.928,1329.563,452.86,1,8,75.774,1,8,392.064,1,8,54343.2,1,8,7198.535,1,8,43127.018,1,8,155.543,1,8,-9900,?,9,-9900,?,9,21.56,E,8,17.76,E,8,77.0,E,8,1008.6016999999999,E,8,999.0,E,8,3.69,E,8,-9900,?,9,-9900,?,9,0.0,E,8,-9900,?,9,-9900,?,9,0.0,0.0,E,8
08/11/2012,13:00,1056.066,1329.563,467.81,1,8,90.856,1,8,395.656,1,8,56137.2,1,8,8631.328,1,8,43522.142,1,8,158.584,1,8,-9900,?,9,-9900,?,9,21.99,E,8,17.84,E,8,76.0,E,8,1008.6016999999999,E,8,999.0,E,8,3.92,E,8,-9900,?,9,-9900,?,9,0.0,E,8,-9900,?,9,-9900,?,9,0.0,0.0,E,8
08/11/2012,14:00,964.77,1329.563,442.13,1,8,92.173,1,8,375.264,1,8,53055.6,1,8,8756.451,1,8,41279.051,1,8,164.66,1,8,-9900,?,9,-9900,?,9,22.25,E,8,17.88,E,8,76.0,E,8,1008.6016999999999,E,8,999.0,E,8,4.23,E,8,-9900,?,9,-9900,?,9,0.0,E,8,-9900,?,9,-9900,?,9,0.0,0.0,E,8
08/11/2012,15:00,799.289,1329.563,377.73,1,8,151.138,1,8,286.918,1,8,45327.6,1,8,14358.106,1,8,31560.972,1,8,151.998,1,8,-9900,?,9,-9900,?,9,22.33,E,8,17.9,E,8,78.0,E,8,1008.6016999999999,E,8,999.0,E,8,4.54,E,8,-9900,?,9,-9900,?,9,0.001,E,8,-9900,?,9,-9900,?,9,0.01,99.0,E,8
08/11/2012,16:00,570.992,1329.563,279.51,1,8,251.411,1,8,171.679,1,8,33541.2,1,8,23884.051,1,8,18884.641,1,8,127.41,1,8,-9900,?,9,-9900,?,9,22.18,E,8,17.87,E,8,79.0,E,8,1008.6016999999999,E,8,999.0,E,8,4.32,E,8,-9900,?,9,-9900,?,9,0.001,E,8,-9900,?,9,-9900,?,9,0.01,99.0,E,8
08/11/2012,17:00,295.857,1329.563,156.0,1,8,379.509,1,8,72.011,1,8,18720.0,1,8,36053.341,1,8,7921.248,1,8,103.574,1,8,-9900,?,9,-9900,?,9,21.76,E,8,17.79,E,8,79.0,E,8,1008.6016999999999,E,8,999.0,E,8,4.06,E,8,-9900,?,9,-9900,?,9,0.004,E,8,-9900,?,9,-9900,?,9,0.04,99.0,E,8
08/11/2012,18:00,2.428,1329.563,28.24,1,8,0.0,1,8,0.0,1,8,3388.8,1,8,0.0,1,8,0.0,1,8,-0.0,1,8,-9900,?,9,-9900,?,9,21.15,E,8,17.68,E,8,81.0,E,8,1008.6016999999999,E,8,999.0,E,8,3.32,E,8,-9900,?,9,-9900,?,9,0.002,E,8,-9900,?,9,-9900,?,9,0.02,99.0,E,8
08/11/2012,19:00,0.0,1329.563,0.0,1,8,0.0,1,8,0.0,1,8,0.0,1,8,0.0,1,8,0.0,1,8,-0.0,1,8,-9900,?,9,-9900,?,9,20.75,E,8,17.6,E,8,82.0,E,8,1008.6016999999999,E,8,999.0,E,8,2.83,E,8,-9900,?,9,-9900,?,9,0.068,E,8,-9900,?,9,-9900,?,9,0.68,99.0,E,8
08/11/2012,20:00,0.0,1329.563,0.0,1,8,0.0,1,8,0.0,1,8,0.0,1,8,0.0,1,8,0.0,1,8,-0.0,1,8,-9900,?,9,-9900,?,9,20.35,E,8,17.53,E,8,83.0,E,8,1008.6016999999999,E,8,999.0,E,8,2.38,E,8,-9900,?,9,-9900,?,9,0.039,E,8,-9900,?,9,-9900,?,9,0.39,99.0,E,8
08/11/2012,21:00,0.0,1329.563,0.0,1,8,0.0,1,8,0.0,1,8,0.0,1,8,0.0,1,8,0.0,1,8,-0.0,1,8,-9900,?,9,-9900,?,9,19.95,E,8,17.45,E,8,81.0,E,8,1008.6016999999999,E,8,999.0,E,8,1.39,E,8,-9900,?,9,-9900,?,9,0.0,E,8,-9900,?,9,-9900,?,9,0.0,0.0,E,8
08/11/2012,22:00,0.0,1329.563,0.0,1,8,0.0,1,8,0.0,1,8,0.0,1,8,0.0,1,8,0.0,1,8,-0.0,1,8,-9900,?,9,-9900,?,9,19.54,E,8,17.37,E,8,85.0,E,8,1008.6016999999999,E,8,999.0,E,8,1.39,E,8,-9900,?,9,-9900,?,9,0.008,E,8,-9900,?,9,-9900,?,9,0.08,99.0,E,8
08/11/2012,23:00,0.0,1329.563,0.0,1,8,0.0,1,8,0.0,1,8,0.0,1,8,0.0,1,8,0.0,1,8,-0.0,1,8,-9900,?,9,-9900,?,9,19.14,E,8,17.3,E,8,83.0,E,8,1008.6016999999999,E,8,999.0,E,8,1.39,E,8,-9900,?,9,-9900,?,9,0.0,E,8,-9900,?,9,-9900,?,9,0.0,0.0,E,8
08/11/2012,24:00,0.0,1329.563,0.0,1,8,0.0,1,8,0.0,1,8,0.0,1,8,0.0,1,8,0.0,1,8,-0.0,1,8,-9900,?,9,-9900,?,9,18.74,E,8,17.19,E,8,88.0,E,8,1008.6016999999999,E,8,999.0,E,8,1.03,E,8,-9900,?,9,-9900,?,9,0.003,E,8,-9900,?,9,-9900,?,9,0.03,99.0,E,8
08/12/2012,01:00,0.0,1329.563,0.0,1,8,0.0,1,8,0.0,1,8,0.0,1,8,0.0,1,8,0.0,1,8,-0.0,1,8,-9900,?,9,-9900,?,9,18.54,E,8,17.1,E,8,95.0,E,8,1008.6016999999999,E,8,999.0,E,8,1.03,E,8,-9900,?,9,-9900,?,9,1.2269999999999999,E,8,-9900,?,9,-9900,?,9,12.27,99.0,E,8
08/12/2012,02:00,0.0,1329.563,0.0,1,8,0.0,1,8,0.0,1,8,0.0,1,8,0.0,1,8,0.0,1,8,-0.0,1,8,-9900,?,9,-9900,?,9,18.34,E,8,17.01,E,8,89.0,E,8,1008.6016999999999,E,8,999.0,E,8,1.03,E,8,-9900,?,9,-9900,?,9,0.01,E,8,-9900,?,9,-9900,?,9,0.1,99.0,E,8
08/12/2012,03:00,0.0,1329.563,0.0,1,8,0.0,1,8,0.0,1,8,0.0,1,8,0.0,1,8,0.0,1,8,-0.0,1,8,-9900,?,9,-9900,?,9,18.14,E,8,16.92,E,8,90.0,E,8,1008.6016999999999,E,8,999.0,E,8,1.03,E,8,-9900,?,9,-9900,?,9,0.002,E,8,-9900,?,9,-9900,?,9,0.02,99.0,E,8
08/12/2012,04:00,0.0,1330.029,0.0,1,8,0.0,1,8,0.0,1,8,0.0,1,8,0.0,1,8,0.0,1,8,-0.0,1,8,-9900,?,9,-9900,?,9,17.94,E,8,16.83,E,8,87.0,E,8,1008.6016999999999,E,8,999.0,E,8,1.03,E,8,-9900,?,9,-9900,?,9,0.0,E,8,-9900,?,9,-9900,?,9,0.0,0.0,E,8
08/12/2012,05:00,0.0,1330.029,0.0,1,8,0.0,1,8,0.0,1,8,0.0,1,8,0.0,1,8,0.0,1,8,-0.0,1,8,-9900,?,9,-9900,?,9,17.74,E,8,16.74,E,8,90.0,E,8,1008.6016999999999,E,8,999.0,E,8,1.03,E,8,-9900,?,9,-9900,?,9,0.093,E,8,-9900,?,9,-9900,?,9,0.93,99.0,E,8
08/12/2012,06:00,0.0,1330.029,0.0,1,8,0.0,1,8,0.0,1,8,0.0,1,8,0.0,1,8,0.0,1,8,-0.0,1,8,-9900,?,9,-9900,?,9,17.58,E,8,16.67,E,8,88.0,E,8,1008.6016999999999,E,8,999.0,E,8,1.03,E,8,-9900,?,9,-9900,?,9,0.0,E,8,-9900,?,9,-9900,?,9,0.0,0.0,E,8
08/12/2012,07:00,80.88,1330.029,0.0,1,8,0.0,1,8,0.0,1,8,0.0,1,8,0.0,1,8,0.0,1,8,0.0,1,8,-9900,?,9,-9900,?,9,17.45,E,8,16.6,E,8,88.0,E,8,1008.6016999999999,E,8,999.0,E,8,1.03,E,8,-9900,?,9,-9900,?,9,0.0,E,8,-9900,?,9,-9900,?,9,0.0,0.0,E,8
08/12/2012,08:00,376.534,1330.029,52.83,1,8,0.0,1,8,52.83,1,8,6339.6,1,8,0.0,1,8,5811.3,1,8,59.597,1,8,-9900,?,9,-9900,?,9,17.32,E,8,16.54,E,8,88.0,E,8,1008.6016999999999,E,8,999.0,E,8,1.03,E,8,-9900,?,9,-9900,?,9,0.0,E,8,-9900,?,9,-9900,?,9,0.0,0.0,E,8
08/12/2012,09:00,641.374,1330.029,166.59,1,8,11.232,1,8,161.179,1,8,19990.8,1,8,1066.996,1,8,17729.7,1,8,106.495,1,8,-9900,?,9,-9900,?,9,19.26,E,8,17.43,E,8,85.0,E,8,1008.6016999999999,E,8,999.0,E,8,1.08,E,8,-9900,?,9,-9900,?,9,0.0,E,8,-9900,?,9,-9900,?,9,0.0,0.0,E,8
08/12/2012,10:00,854.55,1330.029,268.68,1,8,17.373,1,8,257.522,1,8,32241.6,1,8,1650.461,1,8,28327.448,1,8,127.635,1,8,-9900,?,9,-9900,?,9,20.19,E,8,17.84,E,8,83.0,E,8,1008.6016999999999,E,8,999.0,E,8,1.74,E,8,-9900,?,9,-9900,?,9,0.0,E,8,-9900,?,9,-9900,?,9,0.0,0.0,E,8
08/12/2012,11:00,1001.277,1330.029,346.45,1,8,24.016,1,8,328.375,1,8,41574.0,1,8,2281.476,1,8,36121.207,1,8,138.875,1,8,-9900,?,9,-9900,?,9,21.0,E,8,18.18,E,8,84.0,E,8,1008.6016999999999,E,8,999.0,E,8,3.1,E,8,-9900,?,9,-9900,?,9,0.001,E,8,-9900,?,9,-9900,?,9,0.01,99.0,E,8
08/12/2012,12:00,1071.488,1330.029,393.52,1,8,42.606,1,8,359.202,1,8,47222.4,1,8,4047.56,1,8,39512.177,1,8,141.949,1,8,-9900,?,9,-9900,?,9,21.66,E,8,18.46,E,8,83.0,E,8,1008.6016999999999,E,8,999.0,E,8,3.88,E,8,-9900,?,9,-9900,?,9,0.008,E,8,-9900,?,9,-9900,?,9,0.08,99.0,E,8
08/12/2012,13:00,1060.377,1330.029,406.37,1,8,50.959,1,8,365.749,1,8,48764.4,1,8,4841.099,1,8,40232.435,1,8,146.052,1,8,-9900,?,9,-9900,?,9,22.13,E,8,18.66,E,8,80.0,E,8,1008.6016999999999,E,8,999.0,E,8,4.57,E,8,-9900,?,9,-9900,?,9,0.0,E,8,-9900,?,9,-9900,?,9,0.0,0.0,E,8
08/12/2012,14:00,968.7,1330.029,384.04,1,8,51.035,1,8,346.88,1,8,46084.8,1,8,4848.282,1,8,38156.764,1,8,151.64,1,8,-9900,?,9,-9900,?,9,22.41,E,8,18.77,E,8,79.0,E,8,1008.6016999999999,E,8,999.0,E,8,4.87,E,8,-9900,?,9,-9900,?,9,0.0,E,8,-9900,?,9,-9900,?,9,0.0,0.0,E,8
08/12/2012,15:00,802.732,1330.029,328.17,1,8,67.287,1,8,287.58,1,8,39380.4,1,8,6392.261,1,8,31633.808,1,8,151.748,1,8,-9900,?,9,-9900,?,9,22.5,E,8,18.81,E,8,82.0,E,8,1008.6016999999999,E,8,999.0,E,8,5.1,E,8,-9900,?,9,-9900,?,9,0.019,E,8,-9900,?,9,-9900,?,9,0.19,99.0,E,8
08/12/2012,16:00,573.875,1330.029,243.02,1,8,144.513,1,8,180.746,1,8,29162.4,1,8,13728.698,1,8,19882.045,1,8,133.511,1,8,-9900,?,9,-9900,?,9,22.33,E,8,18.74,E,8,79.0,E,8,1008.6016999999999,E,8,999.0,E,8,4.77,E,8,-9900,?,9,-9900,?,9,0.0,E,8,-9900,?,9,-9900,?,9,0.0,0.0,E,8
08/12/2012,17:00,298.139,1330.029,135.98,1,8,316.983,1,8,65.307,1,8,16317.6,1,8,30113.425,1,8,7183.738,1,8,93.237,1,8,-9900,?,9,-9900,?,9,21.87,E,8,18.55,E,8,83.0,E,8,1008.6016999999999,E,8,999.0,E,8,4.74,E,8,-9900,?,9,-9900,?,9,0.005,E,8,-9900,?,9,-9900,?,9,0.05,99.0,E,8
08/12/2012,18:00,3.86,1330.029,25.04,1,8,0.0,1,8,0.0,1,8,3004.8,1,8,0.0,1,8,0.0,1,8,-0.0,1,8,-9900,?,9,-9900,?,9,21.2,E,8,18.27,E,8,84.0,E,8,1008.6016999999999,E,8,999.0,E,8,3.82,E,8,-9900,?,9,-9900,?,9,0.014000000000000002,E,8,-9900,?,9,-9900,?,9,0.14,99.0,E,8
08/12/2012,19:00,0.0,1330.029,0.0,1,8,0.0,1,8,0.0,1,8,0.0,1,8,0.0,1,8,0.0,1,8,-0.0,1,8,-9900,?,9,-9900,?,9,20.82,E,8,18.11,E,8,85.0,E,8,1008.6016999999999,E,8,999.0,E,8,2.82,E,8,-9900,?,9,-9900,?,9,0.004,E,8,-9900,?,9,-9900,?,9,0.04,99.0,E,8
08/12/2012,20:00,0.0,1330.029,0.0,1,8,0.0,1,8,0.0,1,8,0.0,1,8,0.0,1,8,0.0,1,8,-0.0,1,8,-9900,?,9,-9900,?,9,20.44,E,8,17.94,E,8,82.0,E,8,1008.6016999999999,E,8,999.0,E,8,2.24,E,8,-9900,?,9,-9900,?,9,0.0,E,8,-9900,?,9,-9900,?,9,0.0,0.0,E,8
08/12/2012,21:00,0.0,1330.029,0.0,1,8,0.0,1,8,0.0,1,8,0.0,1,8,0.0,1,8,0.0,1,8,-0.0,1,8,-9900,?,9,-9900,?,9,20.06,E,8,17.78,E,8,86.0,E,8,1008.6016999999999,E,8,999.0,E,8,1.89,E,8,-9900,?,9,-9900,?,9,0.036,E,8,-9900,?,9,-9900,?,9,0.36,99.0,E,8
08/12/2012,22:00,0.0,1330.029,0.0,1,8,0.0,1,8,0.0,1,8,0.0,1,8,0.0,1,8,0.0,1,8,-0.0,1,8,-9900,?,9,-9900,?,9,19.69,E,8,17.62,E,8,87.0,E,8,1008.6016999999999,E,8,999.0,E,8,1.53,E,8,-9900,?,9,-9900,?,9,0.026000000000000002,E,8,-9900,?,9,-9900,?,9,0.26,99.0,E,8
08/12/2012,23:00,0.0,1330.029,0.0,1,8,0.0,1,8,0.0,1,8,0.0,1,8,0.0,1,8,0.0,1,8,-0.0,1,8,-9900,?,9,-9900,?,9,19.31,E,8,17.45,E,8,87.0,E,8,1008.6016999999999,E,8,999.0,E,8,1.5,E,8,-9900,?,9,-9900,?,9,0.053000000000000005,E,8,-9900,?,9,-9900,?,9,0.53,99.0,E,8
08/12/2012,24:00,0.0,1330.029,0.0,1,8,0.0,1,8,0.0,1,8,0.0,1,8,0.0,1,8,0.0,1,8,-0.0,1,8,-9900,?,9,-9900,?,9,18.93,E,8,16.68,E,8,85.0,E,8,1008.6016999999999,E,8,999.0,E,8,4.17,E,8,-9900,?,9,-9900,?,9,0.007000000000000001,E,8,-9900,?,9,-9900,?,9,0.07,99.0,E,8
08/13/2012,01:00,0.0,1330.029,0.0,1,8,0.0,1,8,0.0,1,8,0.0,1,8,0.0,1,8,0.0,1,8,-0.0,1,8,-9900,?,9,-9900,?,9,18.74,E,8,16.68,E,8,85.0,E,8,1008.6016999999999,E,8,999.0,E,8,4.92,E,8,-9900,?,9,-9900,?,9,0.013000000000000001,E,8,-9900,?,9,-9900,?,9,0.13,99.0,E,8
08/13/2012,02:00,0.0,1330.029,0.0,1,8,0.0,1,8,0.0,1,8,0.0,1,8,0.0,1,8,0.0,1,8,-0.0,1,8,-9900,?,9,-9900,?,9,18.55,E,8,16.68,E,8,86.0,E,8,1008.6016999999999,E,8,999.0,E,8,4.64,E,8,-9900,?,9,-9900,?,9,0.003,E,8,-9900,?,9,-9900,?,9,0.03,99.0,E,8
08/13/2012,03:00,0.0,1330.029,0.0,1,8,0.0,1,8,0.0,1,8,0.0,1,8,0.0,1,8,0.0,1,8,-0.0,1,8,-9900,?,9,-9900,?,9,18.36,E,8,16.67,E,8,87.0,E,8,1008.6016999999999,E,8,999.0,E,8,5.12,E,8,-9900,?,9,-9900,?,9,0.009,E,8,-9900,?,9,-9900,?,9,0.09,99.0,E,8
08/13/2012,04:00,0.0,1330.506,0.0,1,8,0.0,1,8,0.0,1,8,0.0,1,8,0.0,1,8,0.0,1,8,-0.0,1,8,-9900,?,9,-9900,?,9,18.17,E,8,16.67,E,8,87.0,E,8,1008.6016999999999,E,8,999.0,E,8,5.57,E,8,-9900,?,9,-9900,?,9,0.002,E,8,-9900,?,9,-9900,?,9,0.02,99.0,E,8
08/13/2012,05:00,0.0,1330.506,0.0,1,8,0.0,1,8,0.0,1,8,0.0,1,8,0.0,1,8,0.0,1,8,-0.0,1,8,-9900,?,9,-9900,?,9,17.98,E,8,16.67,E,8,85.0,E,8,1008.6016999999999,E,8,999.0,E,8,5.83,E,8,-9900,?,9,-9900,?,9,0.0,E,8,-9900,?,9,-9900,?,9,0.0,0.0,E,8
08/13/2012,06:00,0.0,1330.506,0.0,1,8,0.0,1,8,0.0,1,8,0.0,1,8,0.0,1,8,0.0,1,8,-0.0,1,8,-9900,?,9,-9900,?,9,17.84,E,8,16.67,E,8,85.0,E,8,1008.6016999999999,E,8,999.0,E,8,4.54,E,8,-9900,?,9,-9900,?,9,0.0,E,8,-9900,?,9,-9900,?,9,0.0,0.0,E,8
08/13/2012,07:00,84.408,1330.506,0.0,1,8,0.0,1,8,0.0,1,8,0.0,1,8,0.0,1,8,0.0,1,8,0.0,1,8,-9900,?,9,-9900,?,9,17.71,E,8,16.66,E,8,86.0,E,8,1008.6016999999999,E,8,999.0,E,8,4.36,E,8,-9900,?,9,-9900,?,9,0.0,E,8,-9900,?,9,-9900,?,9,0.0,0.0,E,8
08/13/2012,08:00,380.65,1330.506,45.94,1,8,0.0,1,8,45.94,1,8,5512.8,1,8,0.0,1,8,5053.4,1,8,51.279,1,8,-9900,?,9,-9900,?,9,17.59,E,8,16.66,E,8,86.0,E,8,1008.6016999999999,E,8,999.0,E,8,4.24,E,8,-9900,?,9,-9900,?,9,0.0,E,8,-9900,?,9,-9900,?,9,0.0,0.0,E,8
08/13/2012,09:00,645.838,1330.506,142.52,1,8,0.0,1,8,142.52,1,8,17102.4,1,8,0.0,1,8,15677.2,1,8,93.547,1,8,-9900,?,9,-9900,?,9,18.93,E,8,16.68,E,8,85.0,E,8,1008.6016999999999,E,8,999.0,E,8,4.49,E,8,-9900,?,9,-9900,?,9,0.002,E,8,-9900,?,9,-9900,?,9,0.02,99.0,E,8
08/13/2012,10:00,859.215,1330.506,229.03,1,8,5.955,1,8,225.186,1,8,27483.6,1,8,565.726,1,8,24770.455,1,8,111.041,1,8,-9900,?,9,-9900,?,9,19.56,E,8,16.69,E,8,80.0,E,8,1008.6016999999999,E,8,999.0,E,8,4.95,E,8,-9900,?,9,-9900,?,9,0.0,E,8,-9900,?,9,-9900,?,9,0.0,0.0,E,8
08/13/2012,11:00,1005.988,1330.506,294.88,1,8,9.24,1,8,287.895,1,8,35385.6,1,8,877.818,1,8,31668.459,1,8,121.228,1,8,-9900,?,9,-9900,?,9,20.12,E,8,16.7,E,8,78.0,E,8,1008.6016999999999,E,8,999.0,E,8,4.74,E,8,-9900,?,9,-9900,?,9,0.0,E,8,-9900,?,9,-9900,?,9,0.0,0.0,E,8
08/13/2012,12:00,1076.087,1330.506,334.7,1,8,13.124,1,8,324.087,1,8,40164.0,1,8,1246.768,1,8,35649.605,1,8,127.57,1,8,-9900,?,9,-9900,?,9,20.56,E,8,16.71,E,8,77.0,E,8,1008.6016999999999,E,8,999.0,E,8,5.29,E,8,-9900,?,9,-9900,?,9,0.0,E,8,-9900,?,9,-9900,?,9,0.0,0.0,E,8
08/13/2012,13:00,1064.714,1330.506,468.19,1,8,157.676,1,8,342.034,1,8,56182.8,1,8,14979.196,1,8,37623.693,1,8,136.074,1,8,-9900,?,9,-9900,?,9,21.17,E,8,16.71,E,8,75.0,E,8,1008.6016999999999,E,8,999.0,E,8,4.78,E,8,-9900,?,9,-9900,?,9,0.0,E,8,-9900,?,9,-9900,?,9,0.0,0.0,E,8
08/13/2012,14:00,972.644,1330.506,259.53,1,8,8.921,1,8,253.01,1,8,31143.6,1,8,847.525,1,8,27831.088,1,8,110.195,1,8,-9900,?,9,-9900,?,9,21.19,E,8,16.71,E,8,75.0,E,8,1008.6016999999999,E,8,999.0,E,8,5.44,E,8,-9900,?,9,-9900,?,9,0.0,E,8,-9900,?,9,-9900,?,9,0.0,0.0,E,8
08/13/2012,15:00,806.178,1330.506,279.05,1,8,57.125,1,8,244.454,1,8,33486.0,1,8,5426.893,1,8,26889.971,1,8,128.485,1,8,-9900,?,9,-9900,?,9,21.23,E,8,16.72,E,8,78.0,E,8,1008.6016999999999,E,8,999.0,E,8,5.52,E,8,-9900,?,9,-9900,?,9,0.001,E,8,-9900,?,9,-9900,?,9,0.01,99.0,E,8
08/13/2012,16:00,576.751,1330.506,206.81,1,8,66.895,1,8,177.849,1,8,24817.2,1,8,6355.06,1,8,19563.343,1,8,130.76,1,8,-9900,?,9,-9900,?,9,21.1,E,8,16.71,E,8,75.0,E,8,1008.6016999999999,E,8,999.0,E,8,4.85,E,8,-9900,?,9,-9900,?,9,0.0,E,8,-9900,?,9,-9900,?,9,0.0,0.0,E,8
08/13/2012,17:00,300.41,1330.506,115.99,1,8,134.763,1,8,85.723,1,8,13918.8,1,8,12802.508,1,8,9429.571,1,8,121.495,1,8,-9900,?,9,-9900,?,9,20.77,E,8,16.71,E,8,79.0,E,8,1008.6016999999999,E,8,999.0,E,8,5.04,E,8,-9900,?,9,-9900,?,9,0.018,E,8,-9900,?,9,-9900,?,9,0.18,99.0,E,8
08/13/2012,18:00,5.286,1330.506,21.72,1,8,0.0,1,8,0.0,1,8,2606.4,1,8,0.0,1,8,0.0,1,8,-0.0,1,8,-9900,?,9,-9900,?,9,20.3,E,8,16.7,E,8,77.0,E,8,1008.6016999999999,E,8,999.0,E,8,5.71,E,8,-9900,?,9,-9900,?,9,0.0,E,8,-9900,?,9,-9900,?,9,0.0,0.0,E,8
08/13/2012,19:00,0.0,1330.506,0.0,1,8,0.0,1,8,0.0,1,8,0.0,1,8,0.0,1,8,0.0,1,8,-0.0,1,8,-9900,?,9,-9900,?,9,19.85,E,8,16.7,E,8,82.0,E,8,1008.6016999999999,E,8,999.0,E,8,5.61,E,8,-9900,?,9,-9900,?,9,0.027000000000000003,E,8,-9900,?,9,-9900,?,9,0.27,99.0,E,8
08/13/2012,20:00,0.0,1330.506,0.0,1,8,0.0,1,8,0.0,1,8,0.0,1,8,0.0,1,8,0.0,1,8,-0.0,1,8,-9900,?,9,-9900,?,9,19.41,E,8,16.69,E,8,83.0,E,8,1008.6016999999999,E,8,999.0,E,8,5.22,E,8,-9900,?,9,-9900,?,9,0.048,E,8,-9900,?,9,-9900,?,9,0.48,99.0,E,8
08/13/2012,21:00,0.0,1330.506,0.0,1,8,0.0,1,8,0.0,1,8,0.0,1,8,0.0,1,8,0.0,1,8,-0.0,1,8,-9900,?,9,-9900,?,9,18.96,E,8,16.68,E,8,85.0,E,8,1008.6016999999999,E,8,999.0,E,8,5.58,E,8,-9900,?,9,-9900,?,9,0.001,E,8,-9900,?,9,-9900,?,9,0.01,99.0,E,8
08/13/2012,22:00,0.0,1330.506,0.0,1,8,0.0,1,8,0.0,1,8,0.0,1,8,0.0,1,8,0.0,1,8,-0.0,1,8,-9900,?,9,-9900,?,9,18.52,E,8,16.68,E,8,86.0,E,8,1008.6016999999999,E,8,999.0,E,8,6.04,E,8,-9900,?,9,-9900,?,9,0.005,E,8,-9900,?,9,-9900,?,9,0.05,99.0,E,8
08/13/2012,23:00,0.0,1330.506,0.0,1,8,0.0,1,8,0.0,1,8,0.0,1,8,0.0,1,8,0.0,1,8,-0.0,1,8,-9900,?,9,-9900,?,9,18.07,E,8,16.67,E,8,94.0,E,8,1008.6016999999999,E,8,999.0,E,8,6.34,E,8,-9900,?,9,-9900,?,9,0.663,E,8,-9900,?,9,-9900,?,9,6.63,99.0,E,8
08/13/2012,24:00,0.0,1330.506,0.0,1,8,0.0,1,8,0.0,1,8,0.0,1,8,0.0,1,8,0.0,1,8,-0.0,1,8,-9900,?,9,-9900,?,9,17.63,E,8,13.05,E,8,74.0,E,8,1008.6016999999999,E,8,999.0,E,8,3.6,E,8,-9900,?,9,-9900,?,9,0.0,E,8,-9900,?,9,-9900,?,9,0.0,0.0,E,8
08/14/2012,01:00,0.0,1330.506,0.0,1,8,0.0,1,8,0.0,1,8,0.0,1,8,0.0,1,8,0.0,1,8,-0.0,1,8,-9900,?,9,-9900,?,9,17.41,E,8,13.03,E,8,75.0,E,8,1008.6016999999999,E,8,999.0,E,8,3.95,E,8,-9900,?,9,-9900,?,9,0.0,E,8,-9900,?,9,-9900,?,9,0.0,0.0,E,8
08/14/2012,02:00,0.0,1330.506,0.0,1,8,0.0,1,8,0.0,1,8,0.0,1,8,0.0,1,8,0.0,1,8,-0.0,1,8,-9900,?,9,-9900,?,9,17.18,E,8,13.0,E,8,76.0,E,8,1008.6016999999999,E,8,999.0,E,8,3.72,E,8,-9900,?,9,-9900,?,9,0.0,E,8,-9900,?,9,-9900,?,9,0.0,0.0,E,8
08/14/2012,03:00,0.0,1330.506,0.0,1,8,0.0,1,8,0.0,1,8,0.0,1,8,0.0,1,8,0.0,1,8,-0.0,1,8,-9900,?,9,-9900,?,9,16.96,E,8,12.97,E,8,77.0,E,8,1008.6016999999999,E,8,999.0,E,8,2.89,E,8,-9900,?,9,-9900,?,9,0.0,E,8,-9900,?,9,-9900,?,9,0.0,0.0,E,8
08/14/2012,04:00,0.0,1330.993,0.0,1,8,0.0,1,8,0.0,1,8,0.0,1,8,0.0,1,8,0.0,1,8,-0.0,1,8,-9900,?,9,-9900,?,9,16.74,E,8,12.94,E,8,78.0,E,8,1008.6016999999999,E,8,999.0,E,8,3.1,E,8,-9900,?,9,-9900,?,9,0.0,E,8,-9900,?,9,-9900,?,9,0.0,0.0,E,8
08/14/2012,05:00,0.0,1330.993,0.0,1,8,0.0,1,8,0.0,1,8,0.0,1,8,0.0,1,8,0.0,1,8,-0.0,1,8,-9900,?,9,-9900,?,9,16.52,E,8,12.91,E,8,79.0,E,8,1008.6016999999999,E,8,999.0,E,8,3.3,E,8,-9900,?,9,-9900,?,9,0.0,E,8,-9900,?,9,-9900,?,9,0.0,0.0,E,8
08/14/2012,06:00,0.0,1330.993,0.0,1,8,0.0,1,8,0.0,1,8,0.0,1,8,0.0,1,8,0.0,1,8,-0.0,1,8,-9900,?,9,-9900,?,9,16.34,E,8,12.89,E,8,80.0,E,8,1008.6016999999999,E,8,999.0,E,8,3.04,E,8,-9900,?,9,-9900,?,9,0.0,E,8,-9900,?,9,-9900,?,9,0.0,0.0,E,8
08/14/2012,07:00,88.026,1330.993,0.0,1,8,0.0,1,8,0.0,1,8,0.0,1,8,0.0,1,8,0.0,1,8,0.0,1,8,-9900,?,9,-9900,?,9,16.2,E,8,12.87,E,8,80.0,E,8,1008.6016999999999,E,8,999.0,E,8,3.44,E,8,-9900,?,9,-9900,?,9,0.0,E,8,-9900,?,9,-9900,?,9,0.0,0.0,E,8
08/14/2012,08:00,384.846,1330.993,123.35,1,8,45.28,1,8,110.299,1,8,14802.0,1,8,4301.608,1,8,12132.886,1,8,121.81,1,8,-9900,?,9,-9900,?,9,16.05,E,8,12.85,E,8,81.0,E,8,1008.6016999999999,E,8,999.0,E,8,3.59,E,8,-9900,?,9,-9900,?,9,0.0,E,8,-9900,?,9,-9900,?,9,0.0,0.0,E,8
08/14/2012,09:00,650.374,1330.993,301.85,1,8,180.938,1,8,213.519,1,8,36222.0,1,8,17189.101,1,8,23487.116,1,8,139.221,1,8,-9900,?,9,-9900,?,9,18.73,E,8,13.19,E,8,70.0,E,8,1008.6016999999999,E,8,999.0,E,8,4.17,E,8,-9900,?,9,-9900,?,9,0.0,E,8,-9900,?,9,-9900,?,9,0.0,0.0,E,8
08/14/2012,10:00,863.942,1330.993,463.68,1,8,266.422,1,8,290.816,1,8,55641.6,1,8,25310.095,1,8,31989.795,1,8,142.671,1,8,-9900,?,9,-9900,?,9,19.78,E,8,13.32,E,8,66.0,E,8,1008.6016999999999,E,8,999.0,E,8,5.17,E,8,-9900,?,9,-9900,?,9,0.0,E,8,-9900,?,9,-9900,?,9,0.0,0.0,E,8
08/14/2012,11:00,1010.748,1330.993,520.8,1,8,172.641,1,8,389.726,1,8,62496.0,1,8,16400.879,1,8,42869.846,1,8,163.394,1,8,-9900,?,9,-9900,?,9,20.49,E,8,13.41,E,8,63.0,E,8,1008.6016999999999,E,8,999.0,E,8,5.75,E,8,-9900,?,9,-9900,?,9,0.0,E,8,-9900,?,9,-9900,?,9,0.0,0.0,E,8
08/14/2012,12:00,1080.723,1330.993,496.77,1,8,152.342,1,8,373.092,1,8,59612.4,1,8,14472.522,1,8,41040.1,1,8,146.283,1,8,-9900,?,9,-9900,?,9,20.86,E,8,13.46,E,8,62.0,E,8,1008.6016999999999,E,8,999.0,E,8,6.78,E,8,-9900,?,9,-9900,?,9,0.0,E,8,-9900,?,9,-9900,?,9,0.0,0.0,E,8
08/14/2012,13:00,1069.075,1330.993,610.89,1,8,294.933,1,8,374.034,1,8,73306.8,1,8,28018.597,1,8,41143.712,1,8,148.251,1,8,-9900,?,9,-9900,?,9,21.34,E,8,13.52,E,8,60.0,E,8,1008.6016999999999,E,8,999.0,E,8,8.38,E,8,-9900,?,9,-9900,?,9,0.0,E,8,-9900,?,9,-9900,?,9,0.0,0.0,E,8
08/14/2012,14:00,976.599,1330.993,667.93,1,8,579.9,1,8,242.543,1,8,80151.6,1,8,55090.506,1,8,26679.719,1,8,105.246,1,8,-9900,?,9,-9900,?,9,21.79,E,8,13.57,E,8,59.0,E,8,1008.6016999999999,E,8,999.0,E,8,8.53,E,8,-9900,?,9,-9900,?,9,0.0,E,8,-9900,?,9,-9900,?,9,0.0,0.0,E,8
08/14/2012,15:00,809.625,1330.993,558.95,1,8,725.473,1,8,117.875,1,8,67074.0,1,8,68919.977,1,8,12966.235,1,8,61.714,1,8,-9900,?,9,-9900,?,9,21.95,E,8,13.59,E,8,59.0,E,8,1008.6016999999999,E,8,999.0,E,8,8.68,E,8,-9900,?,9,-9900,?,9,0.0,E,8,-9900,?,9,-9900,?,9,0.0,0.0,E,8
08/14/2012,16:00,579.62,1330.993,390.92,1,8,620.5,1,8,121.041,1,8,46910.4,1,8,58947.535,1,8,13314.564,1,8,88.585,1,8,-9900,?,9,-9900,?,9,21.77,E,8,13.57,E,8,59.0,E,8,1008.6016999999999,E,8,999.0,E,8,7.33,E,8,-9900,?,9,-9900,?,9,0.0,E,8,-9900,?,9,-9900,?,9,0.0,0.0,E,8
08/14/2012,17:00,302.668,1330.993,226.42,1,8,570.329,1,8,97.404,1,8,27170.4,1,8,54181.239,1,8,10714.399,1,8,137.058,1,8,-9900,?,9,-9900,?,9,21.27,E,8,13.51,E,8,61.0,E,8,1008.6016999999999,E,8,999.0,E,8,6.67,E,8,-9900,?,9,-9900,?,9,0.0,E,8,-9900,?,9,-9900,?,9,0.0,0.0,E,8
08/14/2012,18:00,6.705,1330.993,40.25,1,8,0.0,1,8,0.0,1,8,4830.0,1,8,0.0,1,8,0.0,1,8,-0.0,1,8,-9900,?,9,-9900,?,9,20.5,E,8,13.41,E,8,63.0,E,8,1008.6016999999999,E,8,999.0,E,8,5.18,E,8,-9900,?,9,-9900,?,9,0.0,E,8,-9900,?,9,-9900,?,9,0.0,0.0,E,8
08/14/2012,19:00,0.0,1330.993,0.0,1,8,0.0,1,8,0.0,1,8,0.0,1,8,0.0,1,8,0.0,1,8,-0.0,1,8,-9900,?,9,-9900,?,9,20.09,E,8,13.36,E,8,65.0,E,8,1008.6016999999999,E,8,999.0,E,8,3.82,E,8,-9900,?,9,-9900,?,9,0.0,E,8,-9900,?,9,-9900,?,9,0.0,0.0,E,8
08/14/2012,20:00,0.0,1330.993,0.0,1,8,0.0,1,8,0.0,1,8,0.0,1,8,0.0,1,8,0.0,1,8,-0.0,1,8,-9900,?,9,-9900,?,9,19.68,E,8,13.31,E,8,66.0,E,8,1008.6016999999999,E,8,999.0,E,8,3.45,E,8,-9900,?,9,-9900,?,9,0.0,E,8,-9900,?,9,-9900,?,9,0.0,0.0,E,8
08/14/2012,21:00,0.0,1330.993,0.0,1,8,0.0,1,8,0.0,1,8,0.0,1,8,0.0,1,8,0.0,1,8,-0.0,1,8,-9900,?,9,-9900,?,9,19.27,E,8,13.26,E,8,68.0,E,8,1008.6016999999999,E,8,999.0,E,8,2.96,E,8,-9900,?,9,-9900,?,9,0.0,E,8,-9900,?,9,-9900,?,9,0.0,0.0,E,8
08/14/2012,22:00,0.0,1330.993,0.0,1,8,0.0,1,8,0.0,1,8,0.0,1,8,0.0,1,8,0.0,1,8,-0.0,1,8,-9900,?,9,-9900,?,9,18.86,E,8,13.21,E,8,69.0,E,8,1008.6016999999999,E,8,999.0,E,8,3.04,E,8,-9900,?,9,-9900,?,9,0.0,E,8,-9900,?,9,-9900,?,9,0.0,0.0,E,8
08/14/2012,23:00,0.0,1330.993,0.0,1,8,0.0,1,8,0.0,1,8,0.0,1,8,0.0,1,8,0.0,1,8,-0.0,1,8,-9900,?,9,-9900,?,9,18.46,E,8,13.16,E,8,71.0,E,8,1008.6016999999999,E,8,999.0,E,8,2.51,E,8,-9900,?,9,-9900,?,9,0.0,E,8,-9900,?,9,-9900,?,9,0.0,0.0,E,8
08/14/2012,24:00,0.0,1330.993,0.0,1,8,0.0,1,8,0.0,1,8,0.0,1,8,0.0,1,8,0.0,1,8,-0.0,1,8,-9900,?,9,-9900,?,9,18.05,E,8,15.05,E,8,81.0,E,8,1008.6016999999999,E,8,999.0,E,8,1.38,E,8,-9900,?,9,-9900,?,9,0.01,E,8,-9900,?,9,-9900,?,9,0.1,99.0,E,8
08/15/2012,01:00,0.0,1330.993,0.0,1,8,0.0,1,8,0.0,1,8,0.0,1,8,0.0,1,8,0.0,1,8,-0.0,1,8,-9900,?,9,-9900,?,9,17.84,E,8,15.1,E,8,82.0,E,8,1008.6016999999999,E,8,999.0,E,8,1.38,E,8,-9900,?,9,-9900,?,9,0.005,E,8,-9900,?,9,-9900,?,9,0.05,99.0,E,8
08/15/2012,02:00,0.0,1330.993,0.0,1,8,0.0,1,8,0.0,1,8,0.0,1,8,0.0,1,8,0.0,1,8,-0.0,1,8,-9900,?,9,-9900,?,9,17.64,E,8,15.14,E,8,83.0,E,8,1008.6016999999999,E,8,999.0,E,8,1.38,E,8,-9900,?,9,-9900,?,9,0.014000000000000002,E,8,-9900,?,9,-9900,?,9,0.14,99.0,E,8
08/15/2012,03:00,0.0,1330.993,0.0,1,8,0.0,1,8,0.0,1,8,0.0,1,8,0.0,1,8,0.0,1,8,-0.0,1,8,-9900,?,9,-9900,?,9,17.43,E,8,15.19,E,8,92.0,E,8,1008.6016999999999,E,8,999.0,E,8,1.38,E,8,-9900,?,9,-9900,?,9,0.746,E,8,-9900,?,9,-9900,?,9,7.46,99.0,E,8
08/15/2012,04:00,0.0,1331.49,0.0,1,8,0.0,1,8,0.0,1,8,0.0,1,8,0.0,1,8,0.0,1,8,-0.0,1,8,-9900,?,9,-9900,?,9,17.23,E,8,15.23,E,8,85.0,E,8,1008.6016999999999,E,8,999.0,E,8,1.38,E,8,-9900,?,9,-9900,?,9,0.031,E,8,-9900,?,9,-9900,?,9,0.31,99.0,E,8
08/15/2012,05:00,0.0,1331.49,0.0,1,8,0.0,1,8,0.0,1,8,0.0,1,8,0.0,1,8,0.0,1,8,-0.0,1,8,-9900,?,9,-9900,?,9,17.03,E,8,15.28,E,8,86.0,E,8,1008.6016999999999,E,8,999.0,E,8,1.38,E,8,-9900,?,9,-9900,?,9,0.001,E,8,-9900,?,9,-9900,?,9,0.01,99.0,E,8
08/15/2012,06:00,0.0,1331.49,0.0,1,8,0.0,1,8,0.0,1,8,0.0,1,8,0.0,1,8,0.0,1,8,-0.0,1,8,-9900,?,9,-9900,?,9,16.87,E,8,15.31,E,8,83.0,E,8,1008.6016999999999,E,8,999.0,E,8,1.38,E,8,-9900,?,9,-9900,?,9,0.0,E,8,-9900,?,9,-9900,?,9,0.0,0.0,E,8
08/15/2012,07:00,91.73,1331.49,0.0,1,8,0.0,1,8,0.0,1,8,0.0,1,8,0.0,1,8,0.0,1,8,0.0,1,8,-9900,?,9,-9900,?,9,16.73,E,8,15.34,E,8,84.0,E,8,1008.6016999999999,E,8,999.0,E,8,1.38,E,8,-9900,?,9,-9900,?,9,0.0,E,8,-9900,?,9,-9900,?,9,0.0,0.0,E,8
08/15/2012,08:00,389.119,1331.49,74.79,1,8,0.0,1,8,74.79,1,8,8974.8,1,8,0.0,1,8,8226.9,1,8,81.713,1,8,-9900,?,9,-9900,?,9,16.6,E,8,15.37,E,8,89.0,E,8,1008.6016999999999,E,8,999.0,E,8,1.38,E,8,-9900,?,9,-9900,?,9,0.002,E,8,-9900,?,9,-9900,?,9,0.02,99.0,E,8
08/15/2012,09:00,654.98,1331.49,224.6,1,8,36.001,1,8,206.907,1,8,26952.0,1,8,3420.077,1,8,22759.759,1,8,134.009,1,8,-9900,?,9,-9900,?,9,18.66,E,8,14.92,E,8,74.0,E,8,1008.6016999999999,E,8,999.0,E,8,1.56,E,8,-9900,?,9,-9900,?,9,0.0,E,8,-9900,?,9,-9900,?,9,0.0,0.0,E,8
08/15/2012,10:00,868.728,1331.49,358.3,1,8,80.529,1,8,305.78,1,8,42996.0,1,8,7650.241,1,8,33635.794,1,8,149.24,1,8,-9900,?,9,-9900,?,9,19.62,E,8,14.7,E,8,74.0,E,8,1008.6016999999999,E,8,999.0,E,8,2.21,E,8,-9900,?,9,-9900,?,9,0.008,E,8,-9900,?,9,-9900,?,9,0.08,99.0,E,8
08/15/2012,11:00,1015.556,1331.49,459.95,1,8,110.643,1,8,375.578,1,8,55194.0,1,8,10511.081,1,8,41313.594,1,8,156.775,1,8,-9900,?,9,-9900,?,9,20.45,E,8,14.51,E,8,70.0,E,8,1008.6016999999999,E,8,999.0,E,8,3.1,E,8,-9900,?,9,-9900,?,9,0.054000000000000006,E,8,-9900,?,9,-9900,?,9,0.54,99.0,E,8
08/15/2012,12:00,1085.392,1331.49,521.26,1,8,205.103,1,8,354.09,1,8,62551.2,1,8,19484.832,1,8,38949.948,1,8,138.287,1,8,-9900,?,9,-9900,?,9,21.11,E,8,14.36,E,8,68.0,E,8,1008.6016999999999,E,8,999.0,E,8,3.86,E,8,-9900,?,9,-9900,?,9,0.02,E,8,-9900,?,9,-9900,?,9,0.2,99.0,E,8
08/15/2012,13:00,1073.457,1331.49,537.67,1,8,244.385,1,8,340.676,1,8,64520.4,1,8,23216.588,1,8,37474.386,1,8,134.528,1,8,-9900,?,9,-9900,?,9,21.6,E,8,14.25,E,8,66.0,E,8,1008.6016999999999,E,8,999.0,E,8,4.22,E,8,-9900,?,9,-9900,?,9,0.003,E,8,-9900,?,9,-9900,?,9,0.03,99.0,E,8
08/15/2012,14:00,980.563,1331.49,507.97,1,8,192.863,1,8,365.973,1,8,60956.4,1,8,18321.976,1,8,40257.047,1,8,158.223,1,8,-9900,?,9,-9900,?,9,21.88,E,8,14.18,E,8,61.0,E,8,1008.6016999999999,E,8,999.0,E,8,4.78,E,8,-9900,?,9,-9900,?,9,0.0,E,8,-9900,?,9,-9900,?,9,0.0,0.0,E,8
08/15/2012,15:00,813.07,1331.49,434.34,1,8,273.311,1,8,267.526,1,8,52120.8,1,8,25964.591,1,8,29427.813,1,8,139.521,1,8,-9900,?,9,-9900,?,9,21.97,E,8,14.16,E,8,61.0,E,8,1008.6016999999999,E,8,999.0,E,8,4.93,E,8,-9900,?,9,-9900,?,9,0.0,E,8,-9900,?,9,-9900,?,9,0.0,0.0,E,8
08/15/2012,16:00,582.481,1331.49,322.36,1,8,362.85,1,8,163.821,1,8,38683.2,1,8,34470.784,1,8,18020.333,1,8,119.347,1,8,-9900,?,9,-9900,?,9,21.79,E,8,14.2,E,8,61.0,E,8,1008.6016999999999,E,8,999.0,E,8,4.64,E,8,-9900,?,9,-9900,?,9,0.0,E,8,-9900,?,9,-9900,?,9,0.0,0.0,E,8
08/15/2012,17:00,304.913,1331.49,181.65,1,8,499.986,1,8,67.741,1,8,21798.0,1,8,47498.675,1,8,7451.536,1,8,94.646,1,8,-9900,?,9,-9900,?,9,21.32,E,8,14.31,E,8,63.0,E,8,1008.6016999999999,E,8,999.0,E,8,4.14,E,8,-9900,?,9,-9900,?,9,0.0,E,8,-9900,?,9,-9900,?,9,0.0,0.0,E,8
08/15/2012,18:00,8.117,1331.49,35.14,1,8,0.0,1,8,0.0,1,8,4216.8,1,8,0.0,1,8,0.0,1,8,-0.0,1,8,-9900,?,9,-9900,?,9,20.63,E,8,14.47,E,8,66.0,E,8,1008.6016999999999,E,8,999.0,E,8,2.93,E,8,-9900,?,9,-9900,?,9,0.0,E,8,-9900,?,9,-9900,?,9,0.0,0.0,E,8
08/15/2012,19:00,0.0,1331.49,0.0,1,8,0.0,1,8,0.0,1,8,0.0,1,8,0.0,1,8,0.0,1,8,-0.0,1,8,-9900,?,9,-9900,?,9,20.26,E,8,14.56,E,8,67.0,E,8,1008.6016999999999,E,8,999.0,E,8,2.32,E,8,-9900,?,9,-9900,?,9,0.0,E,8,-9900,?,9,-9900,?,9,0.0,0.0,E,8
08/15/2012,20:00,0.0,1331.49,0.0,1,8,0.0,1,8,0.0,1,8,0.0,1,8,0.0,1,8,0.0,1,8,-0.0,1,8,-9900,?,9,-9900,?,9,19.89,E,8,14.64,E,8,69.0,E,8,1008.6016999999999,E,8,999.0,E,8,1.68,E,8,-9900,?,9,-9900,?,9,0.0,E,8,-9900,?,9,-9900,?,9,0.0,0.0,E,8
08/15/2012,21:00,0.0,1331.49,0.0,1,8,0.0,1,8,0.0,1,8,0.0,1,8,0.0,1,8,0.0,1,8,-0.0,1,8,-9900,?,9,-9900,?,9,19.52,E,8,14.73,E,8,70.0,E,8,1008.6016999999999,E,8,999.0,E,8,1.38,E,8,-9900,?,9,-9900,?,9,0.0,E,8,-9900,?,9,-9900,?,9,0.0,0.0,E,8
08/15/2012,22:00,0.0,1331.49,0.0,1,8,0.0,1,8,0.0,1,8,0.0,1,8,0.0,1,8,0.0,1,8,-0.0,1,8,-9900,?,9,-9900,?,9,19.16,E,8,14.81,E,8,76.0,E,8,1008.6016999999999,E,8,999.0,E,8,1.38,E,8,-9900,?,9,-9900,?,9,0.004,E,8,-9900,?,9,-9900,?,9,0.04,99.0,E,8
08/15/2012,23:00,0.0,1331.49,0.0,1,8,0.0,1,8,0.0,1,8,0.0,1,8,0.0,1,8,0.0,1,8,-0.0,1,8,-9900,?,9,-9900,?,9,18.79,E,8,14.89,E,8,78.0,E,8,1008.6016999999999,E,8,999.0,E,8,1.38,E,8,-9900,?,9,-9900,?,9,0.001,E,8,-9900,?,9,-9900,?,9,0.01,99.0,E,8
08/15/2012,24:00,0.0,1331.49,0.0,1,8,0.0,1,8,0.0,1,8,0.0,1,8,0.0,1,8,0.0,1,8,-0.0,1,8,-9900,?,9,-9900,?,9,18.42,E,8,14.68,E,8,80.0,E,8,1008.6016999999999,E,8,999.0,E,8,1.37,E,8,-9900,?,9,-9900,?,9,0.008,E,8,-9900,?,9,-9900,?,9,0.08,99.0,E,8
08/16/2012,01:00,0.0,1331.49,0.0,1,8,0.0,1,8,0.0,1,8,0.0,1,8,0.0,1,8,0.0,1,8,-0.0,1,8,-9900,?,9,-9900,?,9,18.23,E,8,14.77,E,8,82.0,E,8,1008.6016999999999,E,8,999.0,E,8,1.37,E,8,-9900,?,9,-9900,?,9,0.003,E,8,-9900,?,9,-9900,?,9,0.03,99.0,E,8
08/16/2012,02:00,0.0,1331.49,0.0,1,8,0.0,1,8,0.0,1,8,0.0,1,8,0.0,1,8,0.0,1,8,-0.0,1,8,-9900,?,9,-9900,?,9,18.05,E,8,14.86,E,8,83.0,E,8,1008.6016999999999,E,8,999.0,E,8,1.37,E,8,-9900,?,9,-9900,?,9,0.001,E,8,-9900,?,9,-9900,?,9,0.01,99.0,E,8
08/16/2012,03:00,0.0,1331.49,0.0,1,8,0.0,1,8,0.0,1,8,0.0,1,8,0.0,1,8,0.0,1,8,-0.0,1,8,-9900,?,9,-9900,?,9,17.86,E,8,14.96,E,8,84.0,E,8,1008.6016999999999,E,8,999.0,E,8,1.37,E,8,-9900,?,9,-9900,?,9,0.034,E,8,-9900,?,9,-9900,?,9,0.34,99.0,E,8
08/16/2012,04:00,0.0,1331.998,0.0,1,8,0.0,1,8,0.0,1,8,0.0,1,8,0.0,1,8,0.0,1,8,-0.0,1,8,-9900,?,9,-9900,?,9,17.68,E,8,15.05,E,8,86.0,E,8,1008.6016999999999,E,8,999.0,E,8,1.37,E,8,-9900,?,9,-9900,?,9,0.06,E,8,-9900,?,9,-9900,?,9,0.6,99.0,E,8
08/16/2012,05:00,0.0,1331.998,0.0,1,8,0.0,1,8,0.0,1,8,0.0,1,8,0.0,1,8,0.0,1,8,-0.0,1,8,-9900,?,9,-9900,?,9,17.5,E,8,15.14,E,8,87.0,E,8,1008.6016999999999,E,8,999.0,E,8,1.37,E,8,-9900,?,9,-9900,?,9,0.004,E,8,-9900,?,9,-9900,?,9,0.04,99.0,E,8
08/16/2012,06:00,0.0,1331.998,0.0,1,8,0.0,1,8,0.0,1,8,0.0,1,8,0.0,1,8,0.0,1,8,-0.0,1,8,-9900,?,9,-9900,?,9,17.35,E,8,15.21,E,8,83.0,E,8,1008.6016999999999,E,8,999.0,E,8,1.37,E,8,-9900,?,9,-9900,?,9,0.0,E,8,-9900,?,9,-9900,?,9,0.0,0.0,E,8
08/16/2012,07:00,95.521,1331.998,0.0,1,8,0.0,1,8,0.0,1,8,0.0,1,8,0.0,1,8,0.0,1,8,0.0,1,8,-9900,?,9,-9900,?,9,17.23,E,8,15.27,E,8,89.0,E,8,1008.6016999999999,E,8,999.0,E,8,1.37,E,8,-9900,?,9,-9900,?,9,0.001,E,8,-9900,?,9,-9900,?,9,0.01,99.0,E,8
08/16/2012,08:00,393.469,1331.998,63.46,1,8,0.0,1,8,63.46,1,8,7615.2,1,8,0.0,1,8,6980.6,1,8,68.589,1,8,-9900,?,9,-9900,?,9,17.11,E,8,15.33,E,8,85.0,E,8,1008.6016999999999,E,8,999.0,E,8,1.37,E,8,-9900,?,9,-9900,?,9,0.0,E,8,-9900,?,9,-9900,?,9,0.0,0.0,E,8
08/16/2012,09:00,659.653,1331.998,187.77,1,8,12.902,1,8,181.386,1,8,22532.4,1,8,1225.655,1,8,19952.505,1,8,116.69,1,8,-9900,?,9,-9900,?,9,18.77,E,8,14.5,E,8,78.0,E,8,1008.6016999999999,E,8,999.0,E,8,1.37,E,8,-9900,?,9,-9900,?,9,0.012,E,8,-9900,?,9,-9900,?,9,0.12,99.0,E,8
08/16/2012,10:00,873.57,1331.998,298.56,1,8,51.437,1,8,264.839,1,8,35827.2,1,8,4886.54,1,8,29132.266,1,8,128.59,1,8,-9900,?,9,-9900,?,9,19.53,E,8,14.1,E,8,69.0,E,8,1008.6016999999999,E,8,999.0,E,8,2.36,E,8,-9900,?,9,-9900,?,9,0.0,E,8,-9900,?,9,-9900,?,9,0.0,0.0,E,8
08/16/2012,11:00,1020.407,1331.998,382.72,1,8,24.249,1,8,364.147,1,8,45926.4,1,8,2303.681,1,8,40056.185,1,8,151.338,1,8,-9900,?,9,-9900,?,9,20.19,E,8,13.75,E,8,70.0,E,8,1008.6016999999999,E,8,999.0,E,8,2.78,E,8,-9900,?,9,-9900,?,9,0.006,E,8,-9900,?,9,-9900,?,9,0.06,99.0,E,8
08/16/2012,12:00,1090.093,1331.998,433.42,1,8,95.511,1,8,355.266,1,8,52010.4,1,8,9073.523,1,8,39079.297,1,8,138.2,1,8,-9900,?,9,-9900,?,9,20.72,E,8,13.46,E,8,62.0,E,8,1008.6016999999999,E,8,999.0,E,8,3.28,E,8,-9900,?,9,-9900,?,9,0.0,E,8,-9900,?,9,-9900,?,9,0.0,0.0,E,8
08/16/2012,13:00,1077.857,1331.998,446.89,1,8,114.249,1,8,354.454,1,8,53626.8,1,8,10853.663,1,8,38989.896,1,8,139.45,1,8,-9900,?,9,-9900,?,9,21.11,E,8,13.25,E,8,60.0,E,8,1008.6016999999999,E,8,999.0,E,8,3.58,E,8,-9900,?,9,-9900,?,9,0.0,E,8,-9900,?,9,-9900,?,9,0.0,0.0,E,8
08/16/2012,14:00,984.535,1331.998,422.15,1,8,91.11,1,8,354.823,1,8,50658.0,1,8,8655.442,1,8,39030.567,1,8,152.841,1,8,-9900,?,9,-9900,?,9,21.33,E,8,13.13,E,8,59.0,E,8,1008.6016999999999,E,8,999.0,E,8,4.38,E,8,-9900,?,9,-9900,?,9,0.0,E,8,-9900,?,9,-9900,?,9,0.0,0.0,E,8
08/16/2012,15:00,816.513,1331.998,360.99,1,8,112.234,1,8,292.224,1,8,43318.8,1,8,10662.253,1,8,32144.651,1,8,151.816,1,8,-9900,?,9,-9900,?,9,21.4,E,8,13.09,E,8,59.0,E,8,1008.6016999999999,E,8,999.0,E,8,4.95,E,8,-9900,?,9,-9900,?,9,0.0,E,8,-9900,?,9,-9900,?,9,0.0,0.0,E,8
08/16/2012,16:00,585.331,1331.998,268.06,1,8,184.904,1,8,186.905,1,8,32167.2,1,8,17565.88,1,8,20559.563,1,8,135.551,1,8,-9900,?,9,-9900,?,9,21.26,E,8,13.17,E,8,59.0,E,8,1008.6016999999999,E,8,999.0,E,8,4.92,E,8,-9900,?,9,-9900,?,9,0.0,E,8,-9900,?,9,-9900,?,9,0.0,0.0,E,8
08/16/2012,17:00,307.144,1331.998,151.33,1,8,378.315,1,8,64.537,1,8,18159.6,1,8,35939.893,1,8,7099.076,1,8,89.542,1,8,-9900,?,9,-9900,?,9,20.88,E,8,13.38,E,8,61.0,E,8,1008.6016999999999,E,8,999.0,E,8,4.53,E,8,-9900,?,9,-9900,?,9,0.0,E,8,-9900,?,9,-9900,?,9,0.0,0.0,E,8
08/16/2012,18:00,9.522,1331.998,29.66,1,8,0.0,1,8,0.0,1,8,3559.2,1,8,0.0,1,8,0.0,1,8,-0.0,1,8,-9900,?,9,-9900,?,9,20.33,E,8,13.68,E,8,69.0,E,8,1008.6016999999999,E,8,999.0,E,8,3.43,E,8,-9900,?,9,-9900,?,9,0.002,E,8,-9900,?,9,-9900,?,9,0.02,99.0,E,8
08/16/2012,19:00,0.0,1331.998,0.0,1,8,0.0,1,8,0.0,1,8,0.0,1,8,0.0,1,8,0.0,1,8,-0.0,1,8,-9900,?,9,-9900,?,9,20.02,E,8,13.84,E,8,66.0,E,8,1008.6016999999999,E,8,999.0,E,8,2.59,E,8,-9900,?,9,-9900,?,9,0.0,E,8,-9900,?,9,-9900,?,9,0.0,0.0,E,8
08/16/2012,20:00,0.0,1331.998,0.0,1,8,0.0,1,8,0.0,1,8,0.0,1,8,0.0,1,8,0.0,1,8,-0.0,1,8,-9900,?,9,-9900,?,9,19.71,E,8,14.01,E,8,68.0,E,8,1008.6016999999999,E,8,999.0,E,8,2.24,E,8,-9900,?,9,-9900,?,9,0.0,E,8,-9900,?,9,-9900,?,9,0.0,0.0,E,8
08/16/2012,21:00,0.0,1331.998,0.0,1,8,0.0,1,8,0.0,1,8,0.0,1,8,0.0,1,8,0.0,1,8,-0.0,1,8,-9900,?,9,-9900,?,9,19.39,E,8,14.18,E,8,74.0,E,8,1008.6016999999999,E,8,999.0,E,8,1.49,E,8,-9900,?,9,-9900,?,9,0.016,E,8,-9900,?,9,-9900,?,9,0.16,99.0,E,8
08/16/2012,22:00,0.0,1331.998,0.0,1,8,0.0,1,8,0.0,1,8,0.0,1,8,0.0,1,8,0.0,1,8,-0.0,1,8,-9900,?,9,-9900,?,9,19.08,E,8,14.34,E,8,76.0,E,8,1008.6016999999999,E,8,999.0,E,8,1.37,E,8,-9900,?,9,-9900,?,9,0.023,E,8,-9900,?,9,-9900,?,9,0.23,99.0,E,8
08/16/2012,23:00,0.0,1331.998,0.0,1,8,0.0,1,8,0.0,1,8,0.0,1,8,0.0,1,8,0.0,1,8,-0.0,1,8,-9900,?,9,-9900,?,9,18.77,E,8,14.5,E,8,87.0,E,8,1008.6016999999999,E,8,999.0,E,8,1.37,E,8,-9900,?,9,-9900,?,9,0.829,E,8,-9900,?,9,-9900,?,9,8.29,99.0,E,8
08/16/2012,24:00,0.0,1331.998,0.0,1,8,0.0,1,8,0.0,1,8,0.0,1,8,0.0,1,8,0.0,1,8,-0.0,1,8,-9900,?,9,-9900,?,9,18.46,E,8,14.88,E,8,82.0,E,8,1008.6016999999999,E,8,999.0,E,8,0.97,E,8,-9900,?,9,-9900,?,9,0.003,E,8,-9900,?,9,-9900,?,9,0.03,99.0,E,8
08/17/2012,01:00,0.0,1331.998,0.0,1,8,0.0,1,8,0.0,1,8,0.0,1,8,0.0,1,8,0.0,1,8,-0.0,1,8,-9900,?,9,-9900,?,9,18.3,E,8,14.89,E,8,83.0,E,8,1008.6016999999999,E,8,999.0,E,8,0.97,E,8,-9900,?,9,-9900,?,9,0.008,E,8,-9900,?,9,-9900,?,9,0.08,99.0,E,8
08/17/2012,02:00,0.0,1331.998,0.0,1,8,0.0,1,8,0.0,1,8,0.0,1,8,0.0,1,8,0.0,1,8,-0.0,1,8,-9900,?,9,-9900,?,9,18.14,E,8,14.89,E,8,84.0,E,8,1008.6016999999999,E,8,999.0,E,8,0.97,E,8,-9900,?,9,-9900,?,9,0.02,E,8,-9900,?,9,-9900,?,9,0.2,99.0,E,8
08/17/2012,03:00,0.0,1331.998,0.0,1,8,0.0,1,8,0.0,1,8,0.0,1,8,0.0,1,8,0.0,1,8,-0.0,1,8,-9900,?,9,-9900,?,9,17.99,E,8,14.9,E,8,84.0,E,8,1008.6016999999999,E,8,999.0,E,8,0.97,E,8,-9900,?,9,-9900,?,9,0.043,E,8,-9900,?,9,-9900,?,9,0.43,99.0,E,8
08/17/2012,04:00,0.0,1332.516,0.0,1,8,0.0,1,8,0.0,1,8,0.0,1,8,0.0,1,8,0.0,1,8,-0.0,1,8,-9900,?,9,-9900,?,9,17.83,E,8,14.9,E,8,85.0,E,8,1008.6016999999999,E,8,999.0,E,8,0.97,E,8,-9900,?,9,-9900,?,9,0.002,E,8,-9900,?,9,-9900,?,9,0.02,99.0,E,8
08/17/2012,05:00,0.0,1332.516,0.0,1,8,0.0,1,8,0.0,1,8,0.0,1,8,0.0,1,8,0.0,1,8,-0.0,1,8,-9900,?,9,-9900,?,9,17.68,E,8,14.91,E,8,81.0,E,8,1008.6016999999999,E,8,999.0,E,8,0.97,E,8,-9900,?,9,-9900,?,9,0.0,E,8,-9900,?,9,-9900,?,9,0.0,0.0,E,8
08/17/2012,06:00,0.0,1332.516,0.0,1,8,0.0,1,8,0.0,1,8,0.0,1,8,0.0,1,8,0.0,1,8,-0.0,1,8,-9900,?,9,-9900,?,9,17.56,E,8,14.91,E,8,82.0,E,8,1008.6016999999999,E,8,999.0,E,8,0.97,E,8,-9900,?,9,-9900,?,9,0.0,E,8,-9900,?,9,-9900,?,9,0.0,0.0,E,8
08/17/2012,07:00,99.396,1332.516,0.0,1,8,0.0,1,8,0.0,1,8,0.0,1,8,0.0,1,8,0.0,1,8,0.0,1,8,-9900,?,9,-9900,?,9,17.45,E,8,14.91,E,8,82.0,E,8,1008.6016999999999,E,8,999.0,E,8,0.97,E,8,-9900,?,9,-9900,?,9,0.0,E,8,-9900,?,9,-9900,?,9,0.0,0.0,E,8
08/17/2012,08:00,397.893,1332.516,57.79,1,8,0.0,1,8,57.79,1,8,6934.8,1,8,0.0,1,8,6356.9,1,8,61.786,1,8,-9900,?,9,-9900,?,9,17.35,E,8,14.92,E,8,83.0,E,8,1008.6016999999999,E,8,999.0,E,8,1.1,E,8,-9900,?,9,-9900,?,9,0.0,E,8,-9900,?,9,-9900,?,9,0.0,0.0,E,8
08/17/2012,09:00,664.391,1332.516,168.69,1,8,5.18,1,8,166.109,1,8,20242.8,1,8,492.108,1,8,18272.045,1,8,106.14,1,8,-9900,?,9,-9900,?,9,19.47,E,8,14.86,E,8,72.0,E,8,1008.6016999999999,E,8,999.0,E,8,1.49,E,8,-9900,?,9,-9900,?,9,0.0,E,8,-9900,?,9,-9900,?,9,0.0,0.0,E,8
08/17/2012,10:00,878.467,1332.516,267.4,1,8,10.988,1,8,260.159,1,8,32088.0,1,8,1043.866,1,8,28617.472,1,8,125.661,1,8,-9900,?,9,-9900,?,9,20.44,E,8,14.83,E,8,68.0,E,8,1008.6016999999999,E,8,999.0,E,8,2.18,E,8,-9900,?,9,-9900,?,9,0.0,E,8,-9900,?,9,-9900,?,9,0.0,0.0,E,8
08/17/2012,11:00,1025.301,1332.516,342.33,1,8,19.598,1,8,327.254,1,8,41079.6,1,8,1861.777,1,8,35997.905,1,8,135.408,1,8,-9900,?,9,-9900,?,9,21.27,E,8,14.8,E,8,64.0,E,8,1008.6016999999999,E,8,999.0,E,8,2.4,E,8,-9900,?,9,-9900,?,9,0.0,E,8,-9900,?,9,-9900,?,9,0.0,0.0,E,8
08/17/2012,12:00,1094.823,1332.516,387.42,1,8,23.645,1,8,367.996,1,8,46490.4,1,8,2246.269,1,8,40479.514,1,8,142.588,1,8,-9900,?,9,-9900,?,9,21.94,E,8,14.78,E,8,62.0,E,8,1008.6016999999999,E,8,999.0,E,8,3.67,E,8,-9900,?,9,-9900,?,9,0.0,E,8,-9900,?,9,-9900,?,9,0.0,0.0,E,8
08/17/2012,13:00,1082.274,1332.516,399.31,1,8,28.104,1,8,376.488,1,8,47917.2,1,8,2669.843,1,8,41413.638,1,8,147.571,1,8,-9900,?,9,-9900,?,9,22.42,E,8,14.77,E,8,60.0,E,8,1008.6016999999999,E,8,999.0,E,8,4.3,E,8,-9900,?,9,-9900,?,9,0.0,E,8,-9900,?,9,-9900,?,9,0.0,0.0,E,8
08/17/2012,14:00,988.511,1332.516,377.13,1,8,26.665,1,8,357.353,1,8,45255.6,1,8,2533.212,1,8,39308.869,1,8,153.371,1,8,-9900,?,9,-9900,?,9,22.71,E,8,14.76,E,8,64.0,E,8,1008.6016999999999,E,8,999.0,E,8,4.67,E,8,-9900,?,9,-9900,?,9,0.001,E,8,-9900,?,9,-9900,?,9,0.01,99.0,E,8
08/17/2012,15:00,819.951,1332.516,322.5,1,8,73.986,1,8,276.995,1,8,38700.0,1,8,7028.699,1,8,30469.468,1,8,143.356,1,8,-9900,?,9,-9900,?,9,22.8,E,8,14.76,E,8,63.0,E,8,1008.6016999999999,E,8,999.0,E,8,5.14,E,8,-9900,?,9,-9900,?,9,0.006,E,8,-9900,?,9,-9900,?,9,0.06,99.0,E,8
08/17/2012,16:00,588.17,1332.516,239.56,1,8,115.845,1,8,188.488,1,8,28747.2,1,8,11005.267,1,8,20733.671,1,8,136.09,1,8,-9900,?,9,-9900,?,9,22.62,E,8,14.77,E,8,64.0,E,8,1008.6016999999999,E,8,999.0,E,8,4.88,E,8,-9900,?,9,-9900,?,9,0.028999999999999998,E,8,-9900,?,9,-9900,?,9,0.29,99.0,E,8
08/17/2012,17:00,309.36,1332.516,135.42,1,8,256.048,1,8,76.273,1,8,16250.4,1,8,24324.538,1,8,8389.979,1,8,105.1,1,8,-9900,?,9,-9900,?,9,22.14,E,8,14.78,E,8,66.0,E,8,1008.6016999999999,E,8,999.0,E,8,4.46,E,8,-9900,?,9,-9900,?,9,0.015,E,8,-9900,?,9,-9900,?,9,0.15,99.0,E,8
08/17/2012,18:00,10.919,1332.516,26.83,1,8,0.0,1,8,0.0,1,8,3219.6,1,8,0.0,1,8,0.0,1,8,-0.0,1,8,-9900,?,9,-9900,?,9,21.44,E,8,14.8,E,8,78.0,E,8,1008.6016999999999,E,8,999.0,E,8,3.85,E,8,-9900,?,9,-9900,?,9,0.982,E,8,-9900,?,9,-9900,?,9,9.82,99.0,E,8
08/17/2012,19:00,0.0,1332.516,0.0,1,8,0.0,1,8,0.0,1,8,0.0,1,8,0.0,1,8,0.0,1,8,-0.0,1,8,-9900,?,9,-9900,?,9,20.98,E,8,14.81,E,8,70.0,E,8,1008.6016999999999,E,8,999.0,E,8,3.47,E,8,-9900,?,9,-9900,?,9,0.074,E,8,-9900,?,9,-9900,?,9,0.74,99.0,E,8
08/17/2012,20:00,0.0,1332.516,0.0,1,8,0.0,1,8,0.0,1,8,0.0,1,8,0.0,1,8,0.0,1,8,-0.0,1,8,-9900,?,9,-9900,?,9,20.51,E,8,14.83,E,8,72.0,E,8,1008.6016999999999,E,8,999.0,E,8,2.96,E,8,-9900,?,9,-9900,?,9,0.004,E,8,-9900,?,9,-9900,?,9,0.04,99.0,E,8
08/17/2012,21:00,0.0,1332.516,0.0,1,8,0.0,1,8,0.0,1,8,0.0,1,8,0.0,1,8,0.0,1,8,-0.0,1,8,-9900,?,9,-9900,?,9,20.05,E,8,14.84,E,8,74.0,E,8,1008.6016999999999,E,8,999.0,E,8,2.0,E,8,-9900,?,9,-9900,?,9,0.001,E,8,-9900,?,9,-9900,?,9,0.01,99.0,E,8
08/17/2012,22:00,0.0,1332.516,0.0,1,8,0.0,1,8,0.0,1,8,0.0,1,8,0.0,1,8,0.0,1,8,-0.0,1,8,-9900,?,9,-9900,?,9,19.58,E,8,14.85,E,8,72.0,E,8,1008.6016999999999,E,8,999.0,E,8,1.48,E,8,-9900,?,9,-9900,?,9,0.0,E,8,-9900,?,9,-9900,?,9,0.0,0.0,E,8
08/17/2012,23:00,0.0,1332.516,0.0,1,8,0.0,1,8,0.0,1,8,0.0,1,8,0.0,1,8,0.0,1,8,-0.0,1,8,-9900,?,9,-9900,?,9,19.12,E,8,14.87,E,8,79.0,E,8,1008.6016999999999,E,8,999.0,E,8,1.13,E,8,-9900,?,9,-9900,?,9,0.011,E,8,-9900,?,9,-9900,?,9,0.11,99.0,E,8
08/17/2012,24:00,0.0,1332.516,0.0,1,8,0.0,1,8,0.0,1,8,0.0,1,8,0.0,1,8,0.0,1,8,-0.0,1,8,-9900,?,9,-9900,?,9,18.65,E,8,15.6,E,8,87.0,E,8,1008.6016999999999,E,8,999.0,E,8,8.21,E,8,-9900,?,9,-9900,?,9,0.006,E,8,-9900,?,9,-9900,?,9,0.06,99.0,E,8
08/18/2012,01:00,0.0,1332.516,0.0,1,8,0.0,1,8,0.0,1,8,0.0,1,8,0.0,1,8,0.0,1,8,-0.0,1,8,-9900,?,9,-9900,?,9,18.42,E,8,15.57,E,8,88.0,E,8,1008.6016999999999,E,8,999.0,E,8,7.51,E,8,-9900,?,9,-9900,?,9,0.008,E,8,-9900,?,9,-9900,?,9,0.08,99.0,E,8
08/18/2012,02:00,0.0,1332.516,0.0,1,8,0.0,1,8,0.0,1,8,0.0,1,8,0.0,1,8,0.0,1,8,-0.0,1,8,-9900,?,9,-9900,?,9,18.19,E,8,15.54,E,8,89.0,E,8,1008.6016999999999,E,8,999.0,E,8,7.38,E,8,-9900,?,9,-9900,?,9,0.004,E,8,-9900,?,9,-9900,?,9,0.04,99.0,E,8
08/18/2012,03:00,0.0,1332.516,0.0,1,8,0.0,1,8,0.0,1,8,0.0,1,8,0.0,1,8,0.0,1,8,-0.0,1,8,-9900,?,9,-9900,?,9,17.96,E,8,15.5,E,8,90.0,E,8,1008.6016999999999,E,8,999.0,E,8,8.25,E,8,-9900,?,9,-9900,?,9,0.003,E,8,-9900,?,9,-9900,?,9,0.03,99.0,E,8
08/18/2012,04:00,0.0,1333.043,0.0,1,8,0.0,1,8,0.0,1,8,0.0,1,8,0.0,1,8,0.0,1,8,-0.0,1,8,-9900,?,9,-9900,?,9,17.73,E,8,15.47,E,8,86.0,E,8,1008.6016999999999,E,8,999.0,E,8,7.78,E,8,-9900,?,9,-9900,?,9,0.0,E,8,-9900,?,9,-9900,?,9,0.0,0.0,E,8
08/18/2012,05:00,0.0,1333.043,0.0,1,8,0.0,1,8,0.0,1,8,0.0,1,8,0.0,1,8,0.0,1,8,-0.0,1,8,-9900,?,9,-9900,?,9,17.49,E,8,15.44,E,8,87.0,E,8,1008.6016999999999,E,8,999.0,E,8,7.57,E,8,-9900,?,9,-9900,?,9,0.0,E,8,-9900,?,9,-9900,?,9,0.0,0.0,E,8
08/18/2012,06:00,0.0,1333.043,0.0,1,8,0.0,1,8,0.0,1,8,0.0,1,8,0.0,1,8,0.0,1,8,-0.0,1,8,-9900,?,9,-9900,?,9,17.31,E,8,15.42,E,8,88.0,E,8,1008.6016999999999,E,8,999.0,E,8,6.64,E,8,-9900,?,9,-9900,?,9,0.0,E,8,-9900,?,9,-9900,?,9,0.0,0.0,E,8
08/18/2012,07:00,103.355,1333.043,0.0,1,8,0.0,1,8,0.0,1,8,0.0,1,8,0.0,1,8,0.0,1,8,0.0,1,8,-9900,?,9,-9900,?,9,17.16,E,8,15.4,E,8,88.0,E,8,1008.6016999999999,E,8,999.0,E,8,6.74,E,8,-9900,?,9,-9900,?,9,0.0,E,8,-9900,?,9,-9900,?,9,0.0,0.0,E,8
08/18/2012,08:00,402.39,1333.043,48.39,1,8,0.0,1,8,48.39,1,8,5806.8,1,8,0.0,1,8,5322.9,1,8,51.175,1,8,-9900,?,9,-9900,?,9,17.01,E,8,15.38,E,8,89.0,E,8,1008.6016999999999,E,8,999.0,E,8,5.87,E,8,-9900,?,9,-9900,?,9,0.0,E,8,-9900,?,9,-9900,?,9,0.0,0.0,E,8
08/18/2012,09:00,669.193,1333.043,139.37,1,8,0.0,1,8,139.37,1,8,16724.4,1,8,0.0,1,8,15330.7,1,8,88.448,1,8,-9900,?,9,-9900,?,9,19.11,E,8,15.66,E,8,80.0,E,8,1008.6016999999999,E,8,999.0,E,8,5.34,E,8,-9900,?,9,-9900,?,9,0.0,E,8,-9900,?,9,-9900,?,9,0.0,0.0,E,8
08/18/2012,10:00,883.416,1333.043,220.23,1,8,4.45,1,8,217.282,1,8,26427.6,1,8,422.754,1,8,23901.024,1,8,104.404,1,8,-9900,?,9,-9900,?,9,20.05,E,8,15.78,E,8,81.0,E,8,1008.6016999999999,E,8,999.0,E,8,4.77,E,8,-9900,?,9,-9900,?,9,0.012,E,8,-9900,?,9,-9900,?,9,0.12,99.0,E,8
08/18/2012,11:00,1030.234,1333.043,281.58,1,8,9.399,1,8,274.318,1,8,33789.6,1,8,892.898,1,8,30174.929,1,8,113.005,1,8,-9900,?,9,-9900,?,9,20.87,E,8,15.88,E,8,77.0,E,8,1008.6016999999999,E,8,999.0,E,8,4.74,E,8,-9900,?,9,-9900,?,9,0.016,E,8,-9900,?,9,-9900,?,9,0.16,99.0,E,8
08/18/2012,12:00,1099.579,1333.043,318.45,1,8,15.316,1,8,305.818,1,8,38214.0,1,8,1455.064,1,8,33639.953,1,8,118.03,1,8,-9900,?,9,-9900,?,9,21.52,E,8,15.97,E,8,75.0,E,8,1008.6016999999999,E,8,999.0,E,8,4.55,E,8,-9900,?,9,-9900,?,9,0.001,E,8,-9900,?,9,-9900,?,9,0.01,99.0,E,8
08/18/2012,13:00,1086.704,1333.043,328.1,1,8,17.583,1,8,313.768,1,8,39372.0,1,8,1670.377,1,8,34514.529,1,8,122.534,1,8,-9900,?,9,-9900,?,9,21.99,E,8,16.03,E,8,68.0,E,8,1008.6016999999999,E,8,999.0,E,8,3.63,E,8,-9900,?,9,-9900,?,9,0.0,E,8,-9900,?,9,-9900,?,9,0.0,0.0,E,8
08/18/2012,14:00,992.489,1333.043,309.81,1,8,11.801,1,8,301.026,1,8,37177.2,1,8,1121.094,1,8,33112.849,1,8,128.729,1,8,-9900,?,9,-9900,?,9,22.27,E,8,16.06,E,8,72.0,E,8,1008.6016999999999,E,8,999.0,E,8,3.63,E,8,-9900,?,9,-9900,?,9,0.001,E,8,-9900,?,9,-9900,?,9,0.01,99.0,E,8
08/18/2012,15:00,823.382,1333.043,264.93,1,8,14.467,1,8,255.999,1,8,31791.6,1,8,1374.338,1,8,28159.844,1,8,131.989,1,8,-9900,?,9,-9900,?,9,22.35,E,8,16.07,E,8,67.0,E,8,1008.6016999999999,E,8,999.0,E,8,3.63,E,8,-9900,?,9,-9900,?,9,0.0,E,8,-9900,?,9,-9900,?,9,0.0,0.0,E,8
08/18/2012,16:00,590.996,1333.043,196.86,1,8,24.134,1,8,186.173,1,8,23623.2,1,8,2292.691,1,8,20479.063,1,8,133.828,1,8,-9900,?,9,-9900,?,9,22.18,E,8,16.05,E,8,73.0,E,8,1008.6016999999999,E,8,999.0,E,8,3.63,E,8,-9900,?,9,-9900,?,9,0.002,E,8,-9900,?,9,-9900,?,9,0.02,99.0,E,8
08/18/2012,17:00,311.56,1333.043,111.43,1,8,95.128,1,8,89.306,1,8,13371.6,1,8,9037.159,1,8,9823.688,1,8,122.231,1,8,-9900,?,9,-9900,?,9,21.71,E,8,15.99,E,8,74.0,E,8,1008.6016999999999,E,8,999.0,E,8,3.63,E,8,-9900,?,9,-9900,?,9,0.023,E,8,-9900,?,9,-9900,?,9,0.23,99.0,E,8
08/18/2012,18:00,12.308,1333.043,22.31,1,8,0.0,1,8,22.31,1,8,2677.2,1,8,0.0,1,8,2454.1,1,8,7286.662,1,8,-9900,?,9,-9900,?,9,21.02,E,8,15.9,E,8,77.0,E,8,1008.6016999999999,E,8,999.0,E,8,3.97,E,8,-9900,?,9,-9900,?,9,0.06,E,8,-9900,?,9,-9900,?,9,0.6,99.0,E,8
08/18/2012,19:00,0.0,1333.043,0.0,1,8,0.0,1,8,0.0,1,8,0.0,1,8,0.0,1,8,0.0,1,8,-0.0,1,8,-9900,?,9,-9900,?,9,20.57,E,8,15.85,E,8,88.0,E,8,1008.6016999999999,E,8,999.0,E,8,4.53,E,8,-9900,?,9,-9900,?,9,0.829,E,8,-9900,?,9,-9900,?,9,8.29,99.0,E,8
08/18/2012,20:00,0.0,1333.043,0.0,1,8,0.0,1,8,0.0,1,8,0.0,1,8,0.0,1,8,0.0,1,8,-0.0,1,8,-9900,?,9,-9900,?,9,20.12,E,8,15.79,E,8,80.0,E,8,1008.6016999999999,E,8,999.0,E,8,5.49,E,8,-9900,?,9,-9900,?,9,0.034,E,8,-9900,?,9,-9900,?,9,0.34,99.0,E,8
08/18/2012,21:00,0.0,1333.043,0.0,1,8,0.0,1,8,0.0,1,8,0.0,1,8,0.0,1,8,0.0,1,8,-0.0,1,8,-9900,?,9,-9900,?,9,19.67,E,8,15.73,E,8,77.0,E,8,1008.6016999999999,E,8,999.0,E,8,4.13,E,8,-9900,?,9,-9900,?,9,0.0,E,8,-9900,?,9,-9900,?,9,0.0,0.0,E,8
08/18/2012,22:00,0.0,1333.043,0.0,1,8,0.0,1,8,0.0,1,8,0.0,1,8,0.0,1,8,0.0,1,8,-0.0,1,8,-9900,?,9,-9900,?,9,19.22,E,8,15.67,E,8,79.0,E,8,1008.6016999999999,E,8,999.0,E,8,3.63,E,8,-9900,?,9,-9900,?,9,0.0,E,8,-9900,?,9,-9900,?,9,0.0,0.0,E,8
08/18/2012,23:00,0.0,1333.043,0.0,1,8,0.0,1,8,0.0,1,8,0.0,1,8,0.0,1,8,0.0,1,8,-0.0,1,8,-9900,?,9,-9900,?,9,18.78,E,8,15.61,E,8,81.0,E,8,1008.6016999999999,E,8,999.0,E,8,3.63,E,8,-9900,?,9,-9900,?,9,0.0,E,8,-9900,?,9,-9900,?,9,0.0,0.0,E,8
08/18/2012,24:00,0.0,1333.043,0.0,1,8,0.0,1,8,0.0,1,8,0.0,1,8,0.0,1,8,0.0,1,8,-0.0,1,8,-9900,?,9,-9900,?,9,18.33,E,8,14.87,E,8,80.0,E,8,1008.6016999999999,E,8,999.0,E,8,1.41,E,8,-9900,?,9,-9900,?,9,0.033,E,8,-9900,?,9,-9900,?,9,0.33,99.0,E,8
08/19/2012,01:00,0.0,1333.043,0.0,1,8,0.0,1,8,0.0,1,8,0.0,1,8,0.0,1,8,0.0,1,8,-0.0,1,8,-9900,?,9,-9900,?,9,18.1,E,8,14.93,E,8,91.0,E,8,1008.6016999999999,E,8,999.0,E,8,1.41,E,8,-9900,?,9,-9900,?,9,1.452,E,8,-9900,?,9,-9900,?,9,14.52,99.0,E,8
08/19/2012,02:00,0.0,1333.043,0.0,1,8,0.0,1,8,0.0,1,8,0.0,1,8,0.0,1,8,0.0,1,8,-0.0,1,8,-9900,?,9,-9900,?,9,17.88,E,8,14.99,E,8,87.0,E,8,1008.6016999999999,E,8,999.0,E,8,1.41,E,8,-9900,?,9,-9900,?,9,0.11399999999999999,E,8,-9900,?,9,-9900,?,9,1.14,99.0,E,8
08/19/2012,03:00,0.0,1333.043,0.0,1,8,0.0,1,8,0.0,1,8,0.0,1,8,0.0,1,8,0.0,1,8,-0.0,1,8,-9900,?,9,-9900,?,9,17.65,E,8,15.05,E,8,84.0,E,8,1008.6016999999999,E,8,999.0,E,8,1.41,E,8,-9900,?,9,-9900,?,9,0.045,E,8,-9900,?,9,-9900,?,9,0.45,99.0,E,8
08/19/2012,04:00,0.0,1333.581,0.0,1,8,0.0,1,8,0.0,1,8,0.0,1,8,0.0,1,8,0.0,1,8,-0.0,1,8,-9900,?,9,-9900,?,9,17.43,E,8,15.11,E,8,81.0,E,8,1008.6016999999999,E,8,999.0,E,8,1.41,E,8,-9900,?,9,-9900,?,9,0.0,E,8,-9900,?,9,-9900,?,9,0.0,0.0,E,8
08/19/2012,05:00,0.0,1333.581,0.0,1,8,0.0,1,8,0.0,1,8,0.0,1,8,0.0,1,8,0.0,1,8,-0.0,1,8,-9900,?,9,-9900,?,9,17.2,E,8,15.17,E,8,87.0,E,8,1008.6016999999999,E,8,999.0,E,8,1.41,E,8,-9900,?,9,-9900,?,9,0.003,E,8,-9900,?,9,-9900,?,9,0.03,99.0,E,8
08/19/2012,06:00,0.0,1333.581,0.0,1,8,0.0,1,8,0.0,1,8,0.0,1,8,0.0,1,8,0.0,1,8,-0.0,1,8,-9900,?,9,-9900,?,9,17.03,E,8,15.21,E,8,88.0,E,8,1008.6016999999999,E,8,999.0,E,8,1.41,E,8,-9900,?,9,-9900,?,9,0.014000000000000002,E,8,-9900,?,9,-9900,?,9,0.14,99.0,E,8
08/19/2012,07:00,107.395,1333.581,0.0,1,8,0.0,1,8,0.0,1,8,0.0,1,8,0.0,1,8,0.0,1,8,0.0,1,8,-9900,?,9,-9900,?,9,16.88,E,8,15.25,E,8,85.0,E,8,1008.6016999999999,E,8,999.0,E,8,1.41,E,8,-9900,?,9,-9900,?,9,0.0,E,8,-9900,?,9,-9900,?,9,0.0,0.0,E,8
08/19/2012,08:00,406.957,1333.581,71.55,1,8,0.0,1,8,71.55,1,8,8586.0,1,8,0.0,1,8,7870.5,1,8,74.843,1,8,-9900,?,9,-9900,?,9,16.73,E,8,15.28,E,8,86.0,E,8,1008.6016999999999,E,8,999.0,E,8,1.41,E,8,-9900,?,9,-9900,?,9,0.0,E,8,-9900,?,9,-9900,?,9,0.0,0.0,E,8
08/19/2012,09:00,674.055,1333.581,203.29,1,8,18.259,1,8,194.069,1,8,24394.8,1,8,1734.585,1,8,21347.591,1,8,122.321,1,8,-9900,?,9,-9900,?,9,18.8,E,8,14.75,E,8,73.0,E,8,1008.6016999999999,E,8,999.0,E,8,1.41,E,8,-9900,?,9,-9900,?,9,0.0,E,8,-9900,?,9,-9900,?,9,0.0,0.0,E,8
08/19/2012,10:00,888.414,1333.581,320.26,1,8,64.104,1,8,277.57,1,8,38431.2,1,8,6089.915,1,8,30532.723,1,8,132.674,1,8,-9900,?,9,-9900,?,9,19.72,E,8,14.51,E,8,73.0,E,8,1008.6016999999999,E,8,999.0,E,8,1.41,E,8,-9900,?,9,-9900,?,9,0.001,E,8,-9900,?,9,-9900,?,9,0.01,99.0,E,8
08/19/2012,11:00,1035.204,1333.581,408.93,1,8,97.252,1,8,333.452,1,8,49071.6,1,8,9238.941,1,8,36679.712,1,8,136.761,1,8,-9900,?,9,-9900,?,9,20.51,E,8,14.3,E,8,65.0,E,8,1008.6016999999999,E,8,999.0,E,8,2.29,E,8,-9900,?,9,-9900,?,9,0.0,E,8,-9900,?,9,-9900,?,9,0.0,0.0,E,8
08/19/2012,12:00,1104.358,1333.581,462.15,1,8,116.465,1,8,365.716,1,8,55458.0,1,8,11064.207,1,8,40228.795,1,8,140.593,1,8,-9900,?,9,-9900,?,9,21.15,E,8,14.12,E,8,66.0,E,8,1008.6016999999999,E,8,999.0,E,8,3.32,E,8,-9900,?,9,-9900,?,9,0.006,E,8,-9900,?,9,-9900,?,9,0.06,99.0,E,8
08/19/2012,13:00,1091.145,1333.581,475.96,1,8,139.184,1,8,362.096,1,8,57115.2,1,8,13222.443,1,8,39830.509,1,8,140.888,1,8,-9900,?,9,-9900,?,9,21.61,E,8,14.0,E,8,60.0,E,8,1008.6016999999999,E,8,999.0,E,8,4.09,E,8,-9900,?,9,-9900,?,9,0.0,E,8,-9900,?,9,-9900,?,9,0.0,0.0,E,8
08/19/2012,14:00,996.467,1333.581,449.34,1,8,110.774,1,8,366.588,1,8,53920.8,1,8,10523.536,1,8,40324.632,1,8,156.201,1,8,-9900,?,9,-9900,?,9,21.88,E,8,13.92,E,8,63.0,E,8,1008.6016999999999,E,8,999.0,E,8,4.78,E,8,-9900,?,9,-9900,?,9,0.066,E,8,-9900,?,9,-9900,?,9,0.66,99.0,E,8
08/19/2012,15:00,826.804,1333.581,384.24,1,8,135.691,1,8,300.153,1,8,46108.8,1,8,12890.675,1,8,33016.776,1,8,154.175,1,8,-9900,?,9,-9900,?,9,21.96,E,8,13.9,E,8,63.0,E,8,1008.6016999999999,E,8,999.0,E,8,5.04,E,8,-9900,?,9,-9900,?,9,0.024,E,8,-9900,?,9,-9900,?,9,0.24,99.0,E,8
08/19/2012,16:00,593.807,1333.581,285.6,1,8,220.365,1,8,187.593,1,8,34272.0,1,8,20934.666,1,8,20635.261,1,8,134.262,1,8,-9900,?,9,-9900,?,9,21.78,E,8,13.95,E,8,63.0,E,8,1008.6016999999999,E,8,999.0,E,8,5.1,E,8,-9900,?,9,-9900,?,9,0.008,E,8,-9900,?,9,-9900,?,9,0.08,99.0,E,8
08/19/2012,17:00,313.743,1333.581,161.86,1,8,377.787,1,8,73.413,1,8,19423.2,1,8,35889.789,1,8,8075.409,1,8,99.813,1,8,-9900,?,9,-9900,?,9,21.33,E,8,14.07,E,8,65.0,E,8,1008.6016999999999,E,8,999.0,E,8,4.5,E,8,-9900,?,9,-9900,?,9,0.01,E,8,-9900,?,9,-9900,?,9,0.1,99.0,E,8
08/19/2012,18:00,13.689,1333.581,32.74,1,8,0.0,1,8,32.74,1,8,3928.8,1,8,0.0,1,8,3601.4,1,8,4792.265,1,8,-9900,?,9,-9900,?,9,20.65,E,8,14.26,E,8,64.0,E,8,1008.6016999999999,E,8,999.0,E,8,3.84,E,8,-9900,?,9,-9900,?,9,0.0,E,8,-9900,?,9,-9900,?,9,0.0,0.0,E,8
08/19/2012,19:00,0.0,1333.581,0.0,1,8,0.0,1,8,0.0,1,8,0.0,1,8,0.0,1,8,0.0,1,8,-0.0,1,8,-9900,?,9,-9900,?,9,20.29,E,8,14.35,E,8,66.0,E,8,1008.6016999999999,E,8,999.0,E,8,2.6,E,8,-9900,?,9,-9900,?,9,0.0,E,8,-9900,?,9,-9900,?,9,0.0,0.0,E,8
08/19/2012,20:00,0.0,1333.581,0.0,1,8,0.0,1,8,0.0,1,8,0.0,1,8,0.0,1,8,0.0,1,8,-0.0,1,8,-9900,?,9,-9900,?,9,19.93,E,8,14.45,E,8,72.0,E,8,1008.6016999999999,E,8,999.0,E,8,1.61,E,8,-9900,?,9,-9900,?,9,0.018,E,8,-9900,?,9,-9900,?,9,0.18,99.0,E,8
08/19/2012,21:00,0.0,1333.581,0.0,1,8,0.0,1,8,0.0,1,8,0.0,1,8,0.0,1,8,0.0,1,8,-0.0,1,8,-9900,?,9,-9900,?,9,19.57,E,8,14.55,E,8,74.0,E,8,1008.6016999999999,E,8,999.0,E,8,1.41,E,8,-9900,?,9,-9900,?,9,0.004,E,8,-9900,?,9,-9900,?,9,0.04,99.0,E,8
08/19/2012,22:00,0.0,1333.581,0.0,1,8,0.0,1,8,0.0,1,8,0.0,1,8,0.0,1,8,0.0,1,8,-0.0,1,8,-9900,?,9,-9900,?,9,19.21,E,8,14.64,E,8,71.0,E,8,1008.6016999999999,E,8,999.0,E,8,1.41,E,8,-9900,?,9,-9900,?,9,0.0,E,8,-9900,?,9,-9900,?,9,0.0,0.0,E,8
08/19/2012,23:00,0.0,1333.581,0.0,1,8,0.0,1,8,0.0,1,8,0.0,1,8,0.0,1,8,0.0,1,8,-0.0,1,8,-9900,?,9,-9900,?,9,18.85,E,8,14.74,E,8,78.0,E,8,1008.6016999999999,E,8,999.0,E,8,1.41,E,8,-9900,?,9,-9900,?,9,0.002,E,8,-9900,?,9,-9900,?,9,0.02,99.0,E,8
08/19/2012,24:00,0.0,1333.581,0.0,1,8,0.0,1,8,0.0,1,8,0.0,1,8,0.0,1,8,0.0,1,8,-0.0,1,8,-9900,?,9,-9900,?,9,18.48,E,8,15.15,E,8,80.0,E,8,1008.6016999999999,E,8,999.0,E,8,1.86,E,8,-9900,?,9,-9900,?,9,0.0,E,8,-9900,?,9,-9900,?,9,0.0,0.0,E,8
08/20/2012,01:00,0.0,1333.581,0.0,1,8,0.0,1,8,0.0,1,8,0.0,1,8,0.0,1,8,0.0,1,8,-0.0,1,8,-9900,?,9,-9900,?,9,18.3,E,8,15.2,E,8,82.0,E,8,1008.6016999999999,E,8,999.0,E,8,1.86,E,8,-9900,?,9,-9900,?,9,0.0,E,8,-9900,?,9,-9900,?,9,0.0,0.0,E,8
08/20/2012,02:00,0.0,1333.581,0.0,1,8,0.0,1,8,0.0,1,8,0.0,1,8,0.0,1,8,0.0,1,8,-0.0,1,8,-9900,?,9,-9900,?,9,18.12,E,8,15.26,E,8,83.0,E,8,1008.6016999999999,E,8,999.0,E,8,1.86,E,8,-9900,?,9,-9900,?,9,0.0,E,8,-9900,?,9,-9900,?,9,0.0,0.0,E,8
08/20/2012,03:00,0.0,1333.581,0.0,1,8,0.0,1,8,0.0,1,8,0.0,1,8,0.0,1,8,0.0,1,8,-0.0,1,8,-9900,?,9,-9900,?,9,17.94,E,8,15.32,E,8,84.0,E,8,1008.6016999999999,E,8,999.0,E,8,1.86,E,8,-9900,?,9,-9900,?,9,0.0,E,8,-9900,?,9,-9900,?,9,0.0,0.0,E,8
08/20/2012,04:00,0.0,1334.128,0.0,1,8,0.0,1,8,0.0,1,8,0.0,1,8,0.0,1,8,0.0,1,8,-0.0,1,8,-9900,?,9,-9900,?,9,17.76,E,8,15.38,E,8,85.0,E,8,1008.6016999999999,E,8,999.0,E,8,1.86,E,8,-9900,?,9,-9900,?,9,0.0,E,8,-9900,?,9,-9900,?,9,0.0,0.0,E,8
08/20/2012,05:00,0.0,1334.128,0.0,1,8,0.0,1,8,0.0,1,8,0.0,1,8,0.0,1,8,0.0,1,8,-0.0,1,8,-9900,?,9,-9900,?,9,17.58,E,8,15.44,E,8,87.0,E,8,1008.6016999999999,E,8,999.0,E,8,1.86,E,8,-9900,?,9,-9900,?,9,0.0,E,8,-9900,?,9,-9900,?,9,0.0,0.0,E,8
08/20/2012,06:00,0.0,1334.128,0.0,1,8,0.0,1,8,0.0,1,8,0.0,1,8,0.0,1,8,0.0,1,8,-0.0,1,8,-9900,?,9,-9900,?,9,17.44,E,8,15.49,E,8,88.0,E,8,1008.6016999999999,E,8,999.0,E,8,1.86,E,8,-9900,?,9,-9900,?,9,0.0,E,8,-9900,?,9,-9900,?,9,0.0,0.0,E,8
08/20/2012,07:00,111.516,1334.128,0.0,1,8,0.0,1,8,0.0,1,8,0.0,1,8,0.0,1,8,0.0,1,8,0.0,1,8,-9900,?,9,-9900,?,9,17.32,E,8,15.52,E,8,89.0,E,8,1008.6016999999999,E,8,999.0,E,8,1.86,E,8,-9900,?,9,-9900,?,9,0.0,E,8,-9900,?,9,-9900,?,9,0.0,0.0,E,8
08/20/2012,08:00,411.593,1334.128,107.42,1,8,5.814,1,8,105.631,1,8,12890.4,1,8,552.355,1,8,11619.428,1,8,109.286,1,8,-9900,?,9,-9900,?,9,17.2,E,8,15.56,E,8,90.0,E,8,1008.6016999999999,E,8,999.0,E,8,1.86,E,8,-9900,?,9,-9900,?,9,0.0,E,8,-9900,?,9,-9900,?,9,0.0,0.0,E,8
08/20/2012,09:00,678.976,1334.128,350.77,1,8,262.332,1,8,217.373,1,8,42092.4,1,8,24921.565,1,8,23911.063,1,8,136.07,1,8,-9900,?,9,-9900,?,9,20.77,E,8,14.37,E,8,66.0,E,8,1008.6016999999999,E,8,999.0,E,8,1.86,E,8,-9900,?,9,-9900,?,9,0.0,E,8,-9900,?,9,-9900,?,9,0.0,0.0,E,8
08/20/2012,10:00,893.459,1334.128,485.77,1,8,268.099,1,8,306.29,1,8,58292.4,1,8,25469.449,1,8,33691.885,1,8,145.634,1,8,-9900,?,9,-9900,?,9,22.11,E,8,13.9,E,8,59.0,E,8,1008.6016999999999,E,8,999.0,E,8,1.86,E,8,-9900,?,9,-9900,?,9,0.0,E,8,-9900,?,9,-9900,?,9,0.0,0.0,E,8
08/20/2012,11:00,1040.207,1334.128,719.54,1,8,578.652,1,8,268.456,1,8,86344.8,1,8,54971.948,1,8,29530.157,1,8,109.618,1,8,-9900,?,9,-9900,?,9,23.68,E,8,13.34,E,8,52.0,E,8,1008.6016999999999,E,8,999.0,E,8,1.86,E,8,-9900,?,9,-9900,?,9,0.0,E,8,-9900,?,9,-9900,?,9,0.0,0.0,E,8
08/20/2012,12:00,1109.158,1334.128,712.73,1,8,477.447,1,8,315.845,1,8,85527.6,1,8,45357.485,1,8,34742.983,1,8,120.944,1,8,-9900,?,9,-9900,?,9,24.61,E,8,12.99,E,8,48.0,E,8,1008.6016999999999,E,8,999.0,E,8,2.07,E,8,-9900,?,9,-9900,?,9,0.0,E,8,-9900,?,9,-9900,?,9,0.0,0.0,E,8
08/20/2012,13:00,1095.595,1334.128,672.34,1,8,393.756,1,8,349.031,1,8,80680.8,1,8,37406.799,1,8,38393.407,1,8,135.308,1,8,-9900,?,9,-9900,?,9,25.12,E,8,12.8,E,8,46.0,E,8,1008.6016999999999,E,8,999.0,E,8,2.86,E,8,-9900,?,9,-9900,?,9,0.0,E,8,-9900,?,9,-9900,?,9,0.0,0.0,E,8
08/20/2012,14:00,1000.444,1334.128,570.51,1,8,317.027,1,8,332.831,1,8,68461.2,1,8,30117.532,1,8,36611.363,1,8,141.312,1,8,-9900,?,9,-9900,?,9,25.26,E,8,12.75,E,8,45.0,E,8,1008.6016999999999,E,8,999.0,E,8,4.18,E,8,-9900,?,9,-9900,?,9,0.0,E,8,-9900,?,9,-9900,?,9,0.0,0.0,E,8
08/20/2012,15:00,830.217,1334.128,445.91,1,8,275.732,1,8,274.404,1,8,53509.2,1,8,26194.495,1,8,30184.466,1,8,140.426,1,8,-9900,?,9,-9900,?,9,25.02,E,8,12.84,E,8,46.0,E,8,1008.6016999999999,E,8,999.0,E,8,4.22,E,8,-9900,?,9,-9900,?,9,0.0,E,8,-9900,?,9,-9900,?,9,0.0,0.0,E,8
08/20/2012,16:00,596.603,1334.128,355.6,1,8,457.354,1,8,151.317,1,8,42672.0,1,8,43448.603,1,8,16644.837,1,8,107.834,1,8,-9900,?,9,-9900,?,9,24.57,E,8,13.01,E,8,48.0,E,8,1008.6016999999999,E,8,999.0,E,8,4.4,E,8,-9900,?,9,-9900,?,9,0.0,E,8,-9900,?,9,-9900,?,9,0.0,0.0,E,8
08/20/2012,17:00,315.908,1334.128,190.19,1,8,510.227,1,8,69.953,1,8,22822.8,1,8,48471.527,1,8,7694.864,1,8,94.49,1,8,-9900,?,9,-9900,?,9,23.78,E,8,13.3,E,8,51.0,E,8,1008.6016999999999,E,8,999.0,E,8,3.83,E,8,-9900,?,9,-9900,?,9,0.0,E,8,-9900,?,9,-9900,?,9,0.0,0.0,E,8
08/20/2012,18:00,15.061,1334.128,33.92,1,8,0.0,1,8,33.92,1,8,4070.4,1,8,0.0,1,8,3731.2,1,8,3212.182,1,8,-9900,?,9,-9900,?,9,22.75,E,8,13.67,E,8,56.0,E,8,1008.6016999999999,E,8,999.0,E,8,3.51,E,8,-9900,?,9,-9900,?,9,0.0,E,8,-9900,?,9,-9900,?,9,0.0,0.0,E,8
08/20/2012,19:00,0.0,1334.128,0.0,1,8,0.0,1,8,0.0,1,8,0.0,1,8,0.0,1,8,0.0,1,8,-0.0,1,8,-9900,?,9,-9900,?,9,22.19,E,8,13.87,E,8,59.0,E,8,1008.6016999999999,E,8,999.0,E,8,2.12,E,8,-9900,?,9,-9900,?,9,0.0,E,8,-9900,?,9,-9900,?,9,0.0,0.0,E,8
08/20/2012,20:00,0.0,1334.128,0.0,1,8,0.0,1,8,0.0,1,8,0.0,1,8,0.0,1,8,0.0,1,8,-0.0,1,8,-9900,?,9,-9900,?,9,21.64,E,8,14.07,E,8,62.0,E,8,1008.6016999999999,E,8,999.0,E,8,1.86,E,8,-9900,?,9,-9900,?,9,0.0,E,8,-9900,?,9,-9900,?,9,0.0,0.0,E,8
08/20/2012,21:00,0.0,1334.128,0.0,1,8,0.0,1,8,0.0,1,8,0.0,1,8,0.0,1,8,0.0,1,8,-0.0,1,8,-9900,?,9,-9900,?,9,21.08,E,8,14.26,E,8,65.0,E,8,1008.6016999999999,E,8,999.0,E,8,1.86,E,8,-9900,?,9,-9900,?,9,0.0,E,8,-9900,?,9,-9900,?,9,0.0,0.0,E,8
08/20/2012,22:00,0.0,1334.128,0.0,1,8,0.0,1,8,0.0,1,8,0.0,1,8,0.0,1,8,0.0,1,8,-0.0,1,8,-9900,?,9,-9900,?,9,20.52,E,8,14.46,E,8,68.0,E,8,1008.6016999999999,E,8,999.0,E,8,1.86,E,8,-9900,?,9,-9900,?,9,0.0,E,8,-9900,?,9,-9900,?,9,0.0,0.0,E,8
08/20/2012,23:00,0.0,1334.128,0.0,1,8,0.0,1,8,0.0,1,8,0.0,1,8,0.0,1,8,0.0,1,8,-0.0,1,8,-9900,?,9,-9900,?,9,19.97,E,8,14.65,E,8,71.0,E,8,1008.6016999999999,E,8,999.0,E,8,1.86,E,8,-9900,?,9,-9900,?,9,0.0,E,8,-9900,?,9,-9900,?,9,0.0,0.0,E,8
08/20/2012,24:00,0.0,1334.128,0.0,1,8,0.0,1,8,0.0,1,8,0.0,1,8,0.0,1,8,0.0,1,8,-0.0,1,8,-9900,?,9,-9900,?,9,19.41,E,8,14.67,E,8,74.0,E,8,1008.6016999999999,E,8,999.0,E,8,1.64,E,8,-9900,?,9,-9900,?,9,0.0,E,8,-9900,?,9,-9900,?,9,0.0,0.0,E,8
08/21/2012,01:00,0.0,1334.128,0.0,1,8,0.0,1,8,0.0,1,8,0.0,1,8,0.0,1,8,0.0,1,8,-0.0,1,8,-9900,?,9,-9900,?,9,19.13,E,8,14.72,E,8,75.0,E,8,1008.6016999999999,E,8,999.0,E,8,1.64,E,8,-9900,?,9,-9900,?,9,0.0,E,8,-9900,?,9,-9900,?,9,0.0,0.0,E,8
08/21/2012,02:00,0.0,1334.128,0.0,1,8,0.0,1,8,0.0,1,8,0.0,1,8,0.0,1,8,0.0,1,8,-0.0,1,8,-9900,?,9,-9900,?,9,18.85,E,8,14.76,E,8,77.0,E,8,1008.6016999999999,E,8,999.0,E,8,1.64,E,8,-9900,?,9,-9900,?,9,0.0,E,8,-9900,?,9,-9900,?,9,0.0,0.0,E,8
08/21/2012,03:00,0.0,1334.128,0.0,1,8,0.0,1,8,0.0,1,8,0.0,1,8,0.0,1,8,0.0,1,8,-0.0,1,8,-9900,?,9,-9900,?,9,18.57,E,8,14.81,E,8,78.0,E,8,1008.6016999999999,E,8,999.0,E,8,1.64,E,8,-9900,?,9,-9900,?,9,0.0,E,8,-9900,?,9,-9900,?,9,0.0,0.0,E,8
08/21/2012,04:00,0.0,1334.685,0.0,1,8,0.0,1,8,0.0,1,8,0.0,1,8,0.0,1,8,0.0,1,8,-0.0,1,8,-9900,?,9,-9900,?,9,18.29,E,8,14.86,E,8,80.0,E,8,1008.6016999999999,E,8,999.0,E,8,1.64,E,8,-9900,?,9,-9900,?,9,0.0,E,8,-9900,?,9,-9900,?,9,0.0,0.0,E,8
08/21/2012,05:00,0.0,1334.685,0.0,1,8,0.0,1,8,0.0,1,8,0.0,1,8,0.0,1,8,0.0,1,8,-0.0,1,8,-9900,?,9,-9900,?,9,18.02,E,8,14.9,E,8,81.0,E,8,1008.6016999999999,E,8,999.0,E,8,1.64,E,8,-9900,?,9,-9900,?,9,0.0,E,8,-9900,?,9,-9900,?,9,0.0,0.0,E,8
08/21/2012,06:00,0.0,1334.685,0.0,1,8,0.0,1,8,0.0,1,8,0.0,1,8,0.0,1,8,0.0,1,8,-0.0,1,8,-9900,?,9,-9900,?,9,17.8,E,8,14.94,E,8,83.0,E,8,1008.6016999999999,E,8,999.0,E,8,1.64,E,8,-9900,?,9,-9900,?,9,0.0,E,8,-9900,?,9,-9900,?,9,0.0,0.0,E,8
08/21/2012,07:00,115.715,1334.685,0.0,1,8,0.0,1,8,0.0,1,8,0.0,1,8,0.0,1,8,0.0,1,8,0.0,1,8,-9900,?,9,-9900,?,9,17.62,E,8,14.97,E,8,84.0,E,8,1008.6016999999999,E,8,999.0,E,8,1.64,E,8,-9900,?,9,-9900,?,9,0.0,E,8,-9900,?,9,-9900,?,9,0.0,0.0,E,8
08/21/2012,08:00,416.295,1334.685,103.02,1,8,0.0,1,8,103.02,1,8,12362.4,1,8,0.0,1,8,11332.2,1,8,105.418,1,8,-9900,?,9,-9900,?,9,17.43,E,8,15.0,E,8,85.0,E,8,1008.6016999999999,E,8,999.0,E,8,1.64,E,8,-9900,?,9,-9900,?,9,0.0,E,8,-9900,?,9,-9900,?,9,0.0,0.0,E,8
08/21/2012,09:00,683.954,1334.685,291.27,1,8,125.074,1,8,227.229,1,8,34952.4,1,8,11882.056,1,8,24995.175,1,8,141.261,1,8,-9900,?,9,-9900,?,9,20.2,E,8,14.54,E,8,69.0,E,8,1008.6016999999999,E,8,999.0,E,8,1.64,E,8,-9900,?,9,-9900,?,9,0.0,E,8,-9900,?,9,-9900,?,9,0.0,0.0,E,8
08/21/2012,10:00,898.548,1334.685,453.08,1,8,197.274,1,8,320.316,1,8,54369.6,1,8,18741.077,1,8,35234.773,1,8,151.503,1,8,-9900,?,9,-9900,?,9,21.39,E,8,14.34,E,8,64.0,E,8,1008.6016999999999,E,8,999.0,E,8,1.64,E,8,-9900,?,9,-9900,?,9,0.0,E,8,-9900,?,9,-9900,?,9,0.0,0.0,E,8
08/21/2012,11:00,1045.241,1334.685,634.16,1,8,375.695,1,8,339.994,1,8,76099.2,1,8,35691.024,1,8,37399.306,1,8,138.218,1,8,-9900,?,9,-9900,?,9,22.62,E,8,14.13,E,8,58.0,E,8,1008.6016999999999,E,8,999.0,E,8,1.88,E,8,-9900,?,9,-9900,?,9,0.0,E,8,-9900,?,9,-9900,?,9,0.0,0.0,E,8
08/21/2012,12:00,1113.977,1334.685,749.57,1,8,538.869,1,8,299.868,1,8,89948.4,1,8,51192.561,1,8,32985.442,1,8,114.377,1,8,-9900,?,9,-9900,?,9,23.68,E,8,13.94,E,8,54.0,E,8,1008.6016999999999,E,8,999.0,E,8,3.14,E,8,-9900,?,9,-9900,?,9,0.0,E,8,-9900,?,9,-9900,?,9,0.0,0.0,E,8
08/21/2012,13:00,1100.051,1334.685,751.54,1,8,570.364,1,8,281.509,1,8,90184.8,1,8,54184.62,1,8,30966.009,1,8,108.735,1,8,-9900,?,9,-9900,?,9,24.4,E,8,13.82,E,8,51.0,E,8,1008.6016999999999,E,8,999.0,E,8,3.81,E,8,-9900,?,9,-9900,?,9,0.0,E,8,-9900,?,9,-9900,?,9,0.0,0.0,E,8
08/21/2012,14:00,1004.416,1334.685,741.01,1,8,789.405,1,8,147.077,1,8,88921.2,1,8,74993.487,1,8,16178.517,1,8,62.224,1,8,-9900,?,9,-9900,?,9,24.88,E,8,13.73,E,8,49.0,E,8,1008.6016999999999,E,8,999.0,E,8,4.02,E,8,-9900,?,9,-9900,?,9,0.0,E,8,-9900,?,9,-9900,?,9,0.0,0.0,E,8
08/21/2012,15:00,833.617,1334.685,618.79,1,8,865.243,1,8,78.625,1,8,74254.8,1,8,82198.098,1,8,8648.706,1,8,40.089,1,8,-9900,?,9,-9900,?,9,25.04,E,8,13.71,E,8,49.0,E,8,1008.6016999999999,E,8,999.0,E,8,4.61,E,8,-9900,?,9,-9900,?,9,0.0,E,8,-9900,?,9,-9900,?,9,0.0,0.0,E,8
08/21/2012,16:00,599.382,1334.685,432.88,1,8,626.097,1,8,152.036,1,8,51945.6,1,8,59479.261,1,8,16723.978,1,8,107.888,1,8,-9900,?,9,-9900,?,9,24.75,E,8,13.76,E,8,50.0,E,8,1008.6016999999999,E,8,999.0,E,8,5.09,E,8,-9900,?,9,-9900,?,9,0.0,E,8,-9900,?,9,-9900,?,9,0.0,0.0,E,8
08/21/2012,17:00,318.056,1334.685,251.18,1,8,582.626,1,8,112.998,1,8,30141.6,1,8,55349.433,1,8,12429.787,1,8,151.656,1,8,-9900,?,9,-9900,?,9,24.08,E,8,13.87,E,8,52.0,E,8,1008.6016999999999,E,8,999.0,E,8,4.04,E,8,-9900,?,9,-9900,?,9,0.0,E,8,-9900,?,9,-9900,?,9,0.0,0.0,E,8
08/21/2012,18:00,16.425,1334.685,48.01,1,8,0.0,1,8,48.01,1,8,5761.2,1,8,0.0,1,8,5281.1,1,8,3370.287,1,8,-9900,?,9,-9900,?,9,23.1,E,8,14.04,E,8,56.0,E,8,1008.6016999999999,E,8,999.0,E,8,3.41,E,8,-9900,?,9,-9900,?,9,0.0,E,8,-9900,?,9,-9900,?,9,0.0,0.0,E,8
08/21/2012,19:00,0.0,1334.685,0.0,1,8,0.0,1,8,0.0,1,8,0.0,1,8,0.0,1,8,0.0,1,8,-0.0,1,8,-9900,?,9,-9900,?,9,22.4,E,8,14.16,E,8,59.0,E,8,1008.6016999999999,E,8,999.0,E,8,2.0,E,8,-9900,?,9,-9900,?,9,0.0,E,8,-9900,?,9,-9900,?,9,0.0,0.0,E,8
08/21/2012,20:00,0.0,1334.685,0.0,1,8,0.0,1,8,0.0,1,8,0.0,1,8,0.0,1,8,0.0,1,8,-0.0,1,8,-9900,?,9,-9900,?,9,21.7,E,8,14.28,E,8,62.0,E,8,1008.6016999999999,E,8,999.0,E,8,1.99,E,8,-9900,?,9,-9900,?,9,0.0,E,8,-9900,?,9,-9900,?,9,0.0,0.0,E,8
08/21/2012,21:00,0.0,1334.685,0.0,1,8,0.0,1,8,0.0,1,8,0.0,1,8,0.0,1,8,0.0,1,8,-0.0,1,8,-9900,?,9,-9900,?,9,21.0,E,8,14.4,E,8,65.0,E,8,1008.6016999999999,E,8,999.0,E,8,1.64,E,8,-9900,?,9,-9900,?,9,0.0,E,8,-9900,?,9,-9900,?,9,0.0,0.0,E,8
08/21/2012,22:00,0.0,1334.685,0.0,1,8,0.0,1,8,0.0,1,8,0.0,1,8,0.0,1,8,0.0,1,8,-0.0,1,8,-9900,?,9,-9900,?,9,20.3,E,8,14.52,E,8,69.0,E,8,1008.6016999999999,E,8,999.0,E,8,1.64,E,8,-9900,?,9,-9900,?,9,0.0,E,8,-9900,?,9,-9900,?,9,0.0,0.0,E,8
08/21/2012,23:00,0.0,1334.685,0.0,1,8,0.0,1,8,0.0,1,8,0.0,1,8,0.0,1,8,0.0,1,8,-0.0,1,8,-9900,?,9,-9900,?,9,19.6,E,8,14.64,E,8,73.0,E,8,1008.6016999999999,E,8,999.0,E,8,1.64,E,8,-9900,?,9,-9900,?,9,0.0,E,8,-9900,?,9,-9900,?,9,0.0,0.0,E,8
08/21/2012,24:00,0.0,1334.685,0.0,1,8,0.0,1,8,0.0,1,8,0.0,1,8,0.0,1,8,0.0,1,8,-0.0,1,8,-9900,?,9,-9900,?,9,18.9,E,8,15.4,E,8,83.0,E,8,1008.6016999999999,E,8,999.0,E,8,1.84,E,8,-9900,?,9,-9900,?,9,0.001,E,8,-9900,?,9,-9900,?,9,0.01,99.0,E,8
08/22/2012,01:00,0.0,1334.685,0.0,1,8,0.0,1,8,0.0,1,8,0.0,1,8,0.0,1,8,0.0,1,8,-0.0,1,8,-9900,?,9,-9900,?,9,18.55,E,8,15.34,E,8,84.0,E,8,1008.6016999999999,E,8,999.0,E,8,1.84,E,8,-9900,?,9,-9900,?,9,0.003,E,8,-9900,?,9,-9900,?,9,0.03,99.0,E,8
08/22/2012,02:00,0.0,1334.685,0.0,1,8,0.0,1,8,0.0,1,8,0.0,1,8,0.0,1,8,0.0,1,8,-0.0,1,8,-9900,?,9,-9900,?,9,18.2,E,8,15.28,E,8,81.0,E,8,1008.6016999999999,E,8,999.0,E,8,1.84,E,8,-9900,?,9,-9900,?,9,0.0,E,8,-9900,?,9,-9900,?,9,0.0,0.0,E,8
08/22/2012,03:00,0.0,1334.685,0.0,1,8,0.0,1,8,0.0,1,8,0.0,1,8,0.0,1,8,0.0,1,8,-0.0,1,8,-9900,?,9,-9900,?,9,17.85,E,8,15.22,E,8,82.0,E,8,1008.6016999999999,E,8,999.0,E,8,1.84,E,8,-9900,?,9,-9900,?,9,0.0,E,8,-9900,?,9,-9900,?,9,0.0,0.0,E,8
08/22/2012,04:00,0.0,1335.251,0.0,1,8,0.0,1,8,0.0,1,8,0.0,1,8,0.0,1,8,0.0,1,8,-0.0,1,8,-9900,?,9,-9900,?,9,17.5,E,8,15.16,E,8,84.0,E,8,1008.6016999999999,E,8,999.0,E,8,1.84,E,8,-9900,?,9,-9900,?,9,0.0,E,8,-9900,?,9,-9900,?,9,0.0,0.0,E,8
08/22/2012,05:00,0.0,1335.251,0.0,1,8,0.0,1,8,0.0,1,8,0.0,1,8,0.0,1,8,0.0,1,8,-0.0,1,8,-9900,?,9,-9900,?,9,17.15,E,8,15.1,E,8,85.0,E,8,1008.6016999999999,E,8,999.0,E,8,1.84,E,8,-9900,?,9,-9900,?,9,0.0,E,8,-9900,?,9,-9900,?,9,0.0,0.0,E,8
08/22/2012,06:00,0.0,1335.251,0.0,1,8,0.0,1,8,0.0,1,8,0.0,1,8,0.0,1,8,0.0,1,8,-0.0,1,8,-9900,?,9,-9900,?,9,16.88,E,8,15.05,E,8,91.0,E,8,1008.6016999999999,E,8,999.0,E,8,1.84,E,8,-9900,?,9,-9900,?,9,0.001,E,8,-9900,?,9,-9900,?,9,0.01,99.0,E,8
08/22/2012,07:00,119.991,1335.251,0.0,1,8,0.0,1,8,0.0,1,8,0.0,1,8,0.0,1,8,0.0,1,8,0.0,1,8,-9900,?,9,-9900,?,9,16.65,E,8,15.01,E,8,87.0,E,8,1008.6016999999999,E,8,999.0,E,8,1.84,E,8,-9900,?,9,-9900,?,9,0.0,E,8,-9900,?,9,-9900,?,9,0.0,0.0,E,8
08/22/2012,08:00,421.063,1335.251,122.76,1,8,22.542,1,8,115.67,1,8,14731.2,1,8,2141.519,1,8,12723.704,1,8,117.064,1,8,-9900,?,9,-9900,?,9,16.41,E,8,14.97,E,8,88.0,E,8,1008.6016999999999,E,8,999.0,E,8,1.84,E,8,-9900,?,9,-9900,?,9,0.0,E,8,-9900,?,9,-9900,?,9,0.0,0.0,E,8
08/22/2012,09:00,688.985,1335.251,264.96,1,8,75.286,1,8,226.144,1,8,31795.2,1,8,7152.139,1,8,24875.856,1,8,139.617,1,8,-9900,?,9,-9900,?,9,19.52,E,8,15.5,E,8,76.0,E,8,1008.6016999999999,E,8,999.0,E,8,1.84,E,8,-9900,?,9,-9900,?,9,0.0,E,8,-9900,?,9,-9900,?,9,0.0,0.0,E,8
08/22/2012,10:00,903.679,1335.251,423.21,1,8,147.621,1,8,323.337,1,8,50785.2,1,8,14023.964,1,8,35567.076,1,8,152.127,1,8,-9900,?,9,-9900,?,9,20.74,E,8,15.7,E,8,71.0,E,8,1008.6016999999999,E,8,999.0,E,8,1.84,E,8,-9900,?,9,-9900,?,9,0.0,E,8,-9900,?,9,-9900,?,9,0.0,0.0,E,8
08/22/2012,11:00,1050.305,1335.251,651.17,1,8,410.937,1,8,327.986,1,8,78140.4,1,8,39039.023,1,8,36078.51,1,8,132.749,1,8,-9900,?,9,-9900,?,9,22.26,E,8,15.95,E,8,67.0,E,8,1008.6016999999999,E,8,999.0,E,8,2.43,E,8,-9900,?,9,-9900,?,9,0.0,E,8,-9900,?,9,-9900,?,9,0.0,0.0,E,8
08/22/2012,12:00,1118.811,1335.251,512.12,1,8,146.288,1,8,389.56,1,8,61454.4,1,8,13897.368,1,8,42851.601,1,8,148.008,1,8,-9900,?,9,-9900,?,9,22.73,E,8,16.03,E,8,65.0,E,8,1008.6016999999999,E,8,999.0,E,8,2.92,E,8,-9900,?,9,-9900,?,9,0.0,E,8,-9900,?,9,-9900,?,9,0.0,0.0,E,8
08/22/2012,13:00,1104.511,1335.251,561.49,1,8,224.411,1,8,375.884,1,8,67378.8,1,8,21319.079,1,8,41347.187,1,8,144.662,1,8,-9900,?,9,-9900,?,9,23.18,E,8,16.1,E,8,64.0,E,8,1008.6016999999999,E,8,999.0,E,8,3.66,E,8,-9900,?,9,-9900,?,9,0.0,E,8,-9900,?,9,-9900,?,9,0.0,0.0,E,8
08/22/2012,14:00,1008.382,1335.251,602.34,1,8,348.352,1,8,339.323,1,8,72280.8,1,8,33093.398,1,8,37325.528,1,8,143.053,1,8,-9900,?,9,-9900,?,9,23.59,E,8,16.17,E,8,63.0,E,8,1008.6016999999999,E,8,999.0,E,8,3.87,E,8,-9900,?,9,-9900,?,9,0.0,E,8,-9900,?,9,-9900,?,9,0.0,0.0,E,8
08/22/2012,15:00,837.003,1335.251,539.95,1,8,543.773,1,8,199.24,1,8,64794.0,1,8,51658.457,1,8,21916.359,1,8,101.218,1,8,-9900,?,9,-9900,?,9,23.77,E,8,16.2,E,8,62.0,E,8,1008.6016999999999,E,8,999.0,E,8,4.37,E,8,-9900,?,9,-9900,?,9,0.0,E,8,-9900,?,9,-9900,?,9,0.0,0.0,E,8
08/22/2012,16:00,602.143,1335.251,398.75,1,8,543.491,1,8,153.938,1,8,47850.0,1,8,51631.686,1,8,16933.198,1,8,108.782,1,8,-9900,?,9,-9900,?,9,23.59,E,8,16.17,E,8,63.0,E,8,1008.6016999999999,E,8,999.0,E,8,4.24,E,8,-9900,?,9,-9900,?,9,0.0,E,8,-9900,?,9,-9900,?,9,0.0,0.0,E,8
08/22/2012,17:00,320.184,1335.251,272.78,1,8,582.851,1,8,133.67,1,8,32733.6,1,8,55370.821,1,8,14703.732,1,8,178.273,1,8,-9900,?,9,-9900,?,9,23.1,E,8,16.09,E,8,64.0,E,8,1008.6016999999999,E,8,999.0,E,8,3.56,E,8,-9900,?,9,-9900,?,9,0.0,E,8,-9900,?,9,-9900,?,9,0.0,0.0,E,8
08/22/2012,18:00,17.779,1335.251,62.65,1,8,0.0,1,8,62.65,1,8,7518.0,1,8,0.0,1,8,6891.5,1,8,3502.474,1,8,-9900,?,9,-9900,?,9,22.17,E,8,15.94,E,8,71.0,E,8,1008.6016999999999,E,8,999.0,E,8,2.43,E,8,-9900,?,9,-9900,?,9,0.006,E,8,-9900,?,9,-9900,?,9,0.06,99.0,E,8
08/22/2012,19:00,0.0,1335.251,0.0,1,8,0.0,1,8,0.0,1,8,0.0,1,8,0.0,1,8,0.0,1,8,-0.0,1,8,-9900,?,9,-9900,?,9,21.53,E,8,15.84,E,8,73.0,E,8,1008.6016999999999,E,8,999.0,E,8,1.84,E,8,-9900,?,9,-9900,?,9,0.002,E,8,-9900,?,9,-9900,?,9,0.02,99.0,E,8
08/22/2012,20:00,0.0,1335.251,0.0,1,8,0.0,1,8,0.0,1,8,0.0,1,8,0.0,1,8,0.0,1,8,-0.0,1,8,-9900,?,9,-9900,?,9,20.88,E,8,15.73,E,8,71.0,E,8,1008.6016999999999,E,8,999.0,E,8,1.84,E,8,-9900,?,9,-9900,?,9,0.0,E,8,-9900,?,9,-9900,?,9,0.0,0.0,E,8
08/22/2012,21:00,0.0,1335.251,0.0,1,8,0.0,1,8,0.0,1,8,0.0,1,8,0.0,1,8,0.0,1,8,-0.0,1,8,-9900,?,9,-9900,?,9,20.24,E,8,15.62,E,8,78.0,E,8,1008.6016999999999,E,8,999.0,E,8,1.84,E,8,-9900,?,9,-9900,?,9,0.001,E,8,-9900,?,9,-9900,?,9,0.01,99.0,E,8
08/22/2012,22:00,0.0,1335.251,0.0,1,8,0.0,1,8,0.0,1,8,0.0,1,8,0.0,1,8,0.0,1,8,-0.0,1,8,-9900,?,9,-9900,?,9,19.6,E,8,15.51,E,8,80.0,E,8,1008.6016999999999,E,8,999.0,E,8,1.84,E,8,-9900,?,9,-9900,?,9,0.001,E,8,-9900,?,9,-9900,?,9,0.01,99.0,E,8
08/22/2012,23:00,0.0,1335.251,0.0,1,8,0.0,1,8,0.0,1,8,0.0,1,8,0.0,1,8,0.0,1,8,-0.0,1,8,-9900,?,9,-9900,?,9,18.95,E,8,15.4,E,8,82.0,E,8,1008.6016999999999,E,8,999.0,E,8,1.84,E,8,-9900,?,9,-9900,?,9,0.08399999999999999,E,8,-9900,?,9,-9900,?,9,0.84,99.0,E,8
08/22/2012,24:00,0.0,1335.251,0.0,1,8,0.0,1,8,0.0,1,8,0.0,1,8,0.0,1,8,0.0,1,8,-0.0,1,8,-9900,?,9,-9900,?,9,18.31,E,8,14.86,E,8,80.0,E,8,1008.6016999999999,E,8,999.0,E,8,1.65,E,8,-9900,?,9,-9900,?,9,0.0,E,8,-9900,?,9,-9900,?,9,0.0,0.0,E,8
08/23/2012,01:00,0.0,1335.251,0.0,1,8,0.0,1,8,0.0,1,8,0.0,1,8,0.0,1,8,0.0,1,8,-0.0,1,8,-9900,?,9,-9900,?,9,17.99,E,8,14.81,E,8,81.0,E,8,1008.6016999999999,E,8,999.0,E,8,1.65,E,8,-9900,?,9,-9900,?,9,0.0,E,8,-9900,?,9,-9900,?,9,0.0,0.0,E,8
08/23/2012,02:00,0.0,1335.251,0.0,1,8,0.0,1,8,0.0,1,8,0.0,1,8,0.0,1,8,0.0,1,8,-0.0,1,8,-9900,?,9,-9900,?,9,17.67,E,8,14.76,E,8,83.0,E,8,1008.6016999999999,E,8,999.0,E,8,1.65,E,8,-9900,?,9,-9900,?,9,0.0,E,8,-9900,?,9,-9900,?,9,0.0,0.0,E,8
08/23/2012,03:00,0.0,1335.251,0.0,1,8,0.0,1,8,0.0,1,8,0.0,1,8,0.0,1,8,0.0,1,8,-0.0,1,8,-9900,?,9,-9900,?,9,17.35,E,8,14.71,E,8,84.0,E,8,1008.6016999999999,E,8,999.0,E,8,1.65,E,8,-9900,?,9,-9900,?,9,0.0,E,8,-9900,?,9,-9900,?,9,0.0,0.0,E,8
08/23/2012,04:00,0.0,1335.826,0.0,1,8,0.0,1,8,0.0,1,8,0.0,1,8,0.0,1,8,0.0,1,8,-0.0,1,8,-9900,?,9,-9900,?,9,17.02,E,8,14.65,E,8,85.0,E,8,1008.6016999999999,E,8,999.0,E,8,1.65,E,8,-9900,?,9,-9900,?,9,0.0,E,8,-9900,?,9,-9900,?,9,0.0,0.0,E,8
08/23/2012,05:00,0.0,1335.826,0.0,1,8,0.0,1,8,0.0,1,8,0.0,1,8,0.0,1,8,0.0,1,8,-0.0,1,8,-9900,?,9,-9900,?,9,16.7,E,8,14.6,E,8,87.0,E,8,1008.6016999999999,E,8,999.0,E,8,1.65,E,8,-9900,?,9,-9900,?,9,0.0,E,8,-9900,?,9,-9900,?,9,0.0,0.0,E,8
08/23/2012,06:00,0.0,1335.826,0.0,1,8,0.0,1,8,0.0,1,8,0.0,1,8,0.0,1,8,0.0,1,8,-0.0,1,8,-9900,?,9,-9900,?,9,16.45,E,8,14.56,E,8,88.0,E,8,1008.6016999999999,E,8,999.0,E,8,1.65,E,8,-9900,?,9,-9900,?,9,0.0,E,8,-9900,?,9,-9900,?,9,0.0,0.0,E,8
08/23/2012,07:00,124.343,1335.826,0.0,1,8,0.0,1,8,0.0,1,8,0.0,1,8,0.0,1,8,0.0,1,8,0.0,1,8,-9900,?,9,-9900,?,9,16.24,E,8,14.52,E,8,89.0,E,8,1008.6016999999999,E,8,999.0,E,8,1.65,E,8,-9900,?,9,-9900,?,9,0.0,E,8,-9900,?,9,-9900,?,9,0.0,0.0,E,8
08/23/2012,08:00,425.893,1335.826,102.71,1,8,0.0,1,8,102.71,1,8,12325.2,1,8,0.0,1,8,11298.1,1,8,102.807,1,8,-9900,?,9,-9900,?,9,16.03,E,8,14.49,E,8,90.0,E,8,1008.6016999999999,E,8,999.0,E,8,1.65,E,8,-9900,?,9,-9900,?,9,0.0,E,8,-9900,?,9,-9900,?,9,0.0,0.0,E,8
08/23/2012,09:00,694.068,1335.826,276.89,1,8,94.598,1,8,227.778,1,8,33226.8,1,8,8986.787,1,8,25055.558,1,8,139.654,1,8,-9900,?,9,-9900,?,9,19.15,E,8,15.0,E,8,76.0,E,8,1008.6016999999999,E,8,999.0,E,8,1.65,E,8,-9900,?,9,-9900,?,9,0.0,E,8,-9900,?,9,-9900,?,9,0.0,0.0,E,8
08/23/2012,10:00,908.849,1335.826,430.71,1,8,136.497,1,8,337.874,1,8,51685.2,1,8,12967.227,1,8,37166.115,1,8,158.129,1,8,-9900,?,9,-9900,?,9,20.47,E,8,15.21,E,8,71.0,E,8,1008.6016999999999,E,8,999.0,E,8,1.65,E,8,-9900,?,9,-9900,?,9,0.0,E,8,-9900,?,9,-9900,?,9,0.0,0.0,E,8
08/23/2012,11:00,1055.394,1335.826,546.99,1,8,284.654,1,8,322.133,1,8,65638.8,1,8,27042.163,1,8,35434.669,1,8,129.807,1,8,-9900,?,9,-9900,?,9,21.61,E,8,15.39,E,8,67.0,E,8,1008.6016999999999,E,8,999.0,E,8,1.91,E,8,-9900,?,9,-9900,?,9,0.0,E,8,-9900,?,9,-9900,?,9,0.0,0.0,E,8
08/23/2012,12:00,1123.658,1335.826,616.38,1,8,337.356,1,8,332.64,1,8,73965.6,1,8,32048.819,1,8,36590.434,1,8,125.891,1,8,-9900,?,9,-9900,?,9,22.52,E,8,15.53,E,8,64.0,E,8,1008.6016999999999,E,8,999.0,E,8,2.69,E,8,-9900,?,9,-9900,?,9,0.0,E,8,-9900,?,9,-9900,?,9,0.0,0.0,E,8
08/23/2012,13:00,1108.972,1335.826,633.7,1,8,292.742,1,8,390.704,1,8,76044.0,1,8,27810.526,1,8,42977.459,1,8,149.825,1,8,-9900,?,9,-9900,?,9,23.17,E,8,15.63,E,8,62.0,E,8,1008.6016999999999,E,8,999.0,E,8,3.54,E,8,-9900,?,9,-9900,?,9,0.0,E,8,-9900,?,9,-9900,?,9,0.0,0.0,E,8
08/23/2012,14:00,1012.34,1335.826,597.71,1,8,357.959,1,8,326.494,1,8,71725.2,1,8,34006.079,1,8,35914.38,1,8,137.165,1,8,-9900,?,9,-9900,?,9,23.55,E,8,15.69,E,8,61.0,E,8,1008.6016999999999,E,8,999.0,E,8,4.71,E,8,-9900,?,9,-9900,?,9,0.0,E,8,-9900,?,9,-9900,?,9,0.0,0.0,E,8
08/23/2012,15:00,840.375,1335.826,511.03,1,8,428.239,1,8,241.743,1,8,61323.6,1,8,40682.741,1,8,26591.753,1,8,122.37,1,8,-9900,?,9,-9900,?,9,23.66,E,8,15.71,E,8,61.0,E,8,1008.6016999999999,E,8,999.0,E,8,4.77,E,8,-9900,?,9,-9900,?,9,0.0,E,8,-9900,?,9,-9900,?,9,0.0,0.0,E,8
08/23/2012,16:00,604.884,1335.826,380.23,1,8,504.883,1,8,151.87,1,8,45627.6,1,8,47963.849,1,8,16705.648,1,8,106.878,1,8,-9900,?,9,-9900,?,9,23.4,E,8,15.67,E,8,61.0,E,8,1008.6016999999999,E,8,999.0,E,8,4.98,E,8,-9900,?,9,-9900,?,9,0.0,E,8,-9900,?,9,-9900,?,9,0.0,0.0,E,8
08/23/2012,17:00,322.292,1335.826,216.5,1,8,588.697,1,8,75.122,1,8,25980.0,1,8,55926.232,1,8,8263.446,1,8,99.57,1,8,-9900,?,9,-9900,?,9,22.73,E,8,15.57,E,8,63.0,E,8,1008.6016999999999,E,8,999.0,E,8,4.47,E,8,-9900,?,9,-9900,?,9,0.0,E,8,-9900,?,9,-9900,?,9,0.0,0.0,E,8
08/23/2012,18:00,19.123,1335.826,45.48,1,8,0.0,1,8,45.48,1,8,5457.6,1,8,0.0,1,8,5002.8,1,8,2116.67,1,8,-9900,?,9,-9900,?,9,21.75,E,8,15.41,E,8,67.0,E,8,1008.6016999999999,E,8,999.0,E,8,2.9,E,8,-9900,?,9,-9900,?,9,0.0,E,8,-9900,?,9,-9900,?,9,0.0,0.0,E,8
08/23/2012,19:00,0.0,1335.826,0.0,1,8,0.0,1,8,0.0,1,8,0.0,1,8,0.0,1,8,0.0,1,8,-0.0,1,8,-9900,?,9,-9900,?,9,21.26,E,8,15.33,E,8,68.0,E,8,1008.6016999999999,E,8,999.0,E,8,2.06,E,8,-9900,?,9,-9900,?,9,0.0,E,8,-9900,?,9,-9900,?,9,0.0,0.0,E,8
08/23/2012,20:00,0.0,1335.826,0.0,1,8,0.0,1,8,0.0,1,8,0.0,1,8,0.0,1,8,0.0,1,8,-0.0,1,8,-9900,?,9,-9900,?,9,20.76,E,8,15.26,E,8,70.0,E,8,1008.6016999999999,E,8,999.0,E,8,1.76,E,8,-9900,?,9,-9900,?,9,0.0,E,8,-9900,?,9,-9900,?,9,0.0,0.0,E,8
08/23/2012,21:00,0.0,1335.826,0.0,1,8,0.0,1,8,0.0,1,8,0.0,1,8,0.0,1,8,0.0,1,8,-0.0,1,8,-9900,?,9,-9900,?,9,20.27,E,8,15.18,E,8,72.0,E,8,1008.6016999999999,E,8,999.0,E,8,1.65,E,8,-9900,?,9,-9900,?,9,0.0,E,8,-9900,?,9,-9900,?,9,0.0,0.0,E,8
08/23/2012,22:00,0.0,1335.826,0.0,1,8,0.0,1,8,0.0,1,8,0.0,1,8,0.0,1,8,0.0,1,8,-0.0,1,8,-9900,?,9,-9900,?,9,19.77,E,8,15.1,E,8,74.0,E,8,1008.6016999999999,E,8,999.0,E,8,1.65,E,8,-9900,?,9,-9900,?,9,0.0,E,8,-9900,?,9,-9900,?,9,0.0,0.0,E,8
08/23/2012,23:00,0.0,1335.826,0.0,1,8,0.0,1,8,0.0,1,8,0.0,1,8,0.0,1,8,0.0,1,8,-0.0,1,8,-9900,?,9,-9900,?,9,19.28,E,8,15.02,E,8,76.0,E,8,1008.6016999999999,E,8,999.0,E,8,1.65,E,8,-9900,?,9,-9900,?,9,0.0,E,8,-9900,?,9,-9900,?,9,0.0,0.0,E,8
08/23/2012,24:00,0.0,1335.826,0.0,1,8,0.0,1,8,0.0,1,8,0.0,1,8,0.0,1,8,0.0,1,8,-0.0,1,8,-9900,?,9,-9900,?,9,18.78,E,8,15.76,E,8,82.0,E,8,1008.6016999999999,E,8,999.0,E,8,1.38,E,8,-9900,?,9,-9900,?,9,0.0,E,8,-9900,?,9,-9900,?,9,0.0,0.0,E,8
08/24/2012,01:00,0.0,1335.826,0.0,1,8,0.0,1,8,0.0,1,8,0.0,1,8,0.0,1,8,0.0,1,8,-0.0,1,8,-9900,?,9,-9900,?,9,18.54,E,8,15.74,E,8,83.0,E,8,1008.6016999999999,E,8,999.0,E,8,1.38,E,8,-9900,?,9,-9900,?,9,0.0,E,8,-9900,?,9,-9900,?,9,0.0,0.0,E,8
08/24/2012,02:00,0.0,1335.826,0.0,1,8,0.0,1,8,0.0,1,8,0.0,1,8,0.0,1,8,0.0,1,8,-0.0,1,8,-9900,?,9,-9900,?,9,18.29,E,8,15.72,E,8,84.0,E,8,1008.6016999999999,E,8,999.0,E,8,1.38,E,8,-9900,?,9,-9900,?,9,0.0,E,8,-9900,?,9,-9900,?,9,0.0,0.0,E,8
08/24/2012,03:00,0.0,1335.826,0.0,1,8,0.0,1,8,0.0,1,8,0.0,1,8,0.0,1,8,0.0,1,8,-0.0,1,8,-9900,?,9,-9900,?,9,18.04,E,8,15.7,E,8,86.0,E,8,1008.6016999999999,E,8,999.0,E,8,1.38,E,8,-9900,?,9,-9900,?,9,0.0,E,8,-9900,?,9,-9900,?,9,0.0,0.0,E,8
08/24/2012,04:00,0.0,1336.41,0.0,1,8,0.0,1,8,0.0,1,8,0.0,1,8,0.0,1,8,0.0,1,8,-0.0,1,8,-9900,?,9,-9900,?,9,17.8,E,8,15.69,E,8,87.0,E,8,1008.6016999999999,E,8,999.0,E,8,1.38,E,8,-9900,?,9,-9900,?,9,0.0,E,8,-9900,?,9,-9900,?,9,0.0,0.0,E,8
08/24/2012,05:00,0.0,1336.41,0.0,1,8,0.0,1,8,0.0,1,8,0.0,1,8,0.0,1,8,0.0,1,8,-0.0,1,8,-9900,?,9,-9900,?,9,17.55,E,8,15.67,E,8,88.0,E,8,1008.6016999999999,E,8,999.0,E,8,1.38,E,8,-9900,?,9,-9900,?,9,0.0,E,8,-9900,?,9,-9900,?,9,0.0,0.0,E,8
08/24/2012,06:00,0.0,1336.41,0.0,1,8,0.0,1,8,0.0,1,8,0.0,1,8,0.0,1,8,0.0,1,8,-0.0,1,8,-9900,?,9,-9900,?,9,17.36,E,8,15.65,E,8,89.0,E,8,1008.6016999999999,E,8,999.0,E,8,1.38,E,8,-9900,?,9,-9900,?,9,0.0,E,8,-9900,?,9,-9900,?,9,0.0,0.0,E,8
08/24/2012,07:00,128.767,1336.41,0.0,1,8,0.0,1,8,0.0,1,8,0.0,1,8,0.0,1,8,0.0,1,8,0.0,1,8,-9900,?,9,-9900,?,9,17.19,E,8,15.64,E,8,90.0,E,8,1008.6016999999999,E,8,999.0,E,8,1.38,E,8,-9900,?,9,-9900,?,9,0.0,E,8,-9900,?,9,-9900,?,9,0.0,0.0,E,8
08/24/2012,08:00,430.784,1336.41,142.49,1,8,67.037,1,8,120.935,1,8,17098.8,1,8,6368.543,1,8,13302.831,1,8,119.72,1,8,-9900,?,9,-9900,?,9,17.03,E,8,15.62,E,8,91.0,E,8,1008.6016999999999,E,8,999.0,E,8,1.38,E,8,-9900,?,9,-9900,?,9,0.0,E,8,-9900,?,9,-9900,?,9,0.0,0.0,E,8
08/24/2012,09:00,699.201,1336.41,344.56,1,8,217.158,1,8,231.032,1,8,41347.2,1,8,20630.045,1,8,25413.572,1,8,140.669,1,8,-9900,?,9,-9900,?,9,20.31,E,8,15.89,E,8,75.0,E,8,1008.6016999999999,E,8,999.0,E,8,1.38,E,8,-9900,?,9,-9900,?,9,0.0,E,8,-9900,?,9,-9900,?,9,0.0,0.0,E,8
08/24/2012,10:00,914.056,1336.41,565.4,1,8,433.751,1,8,268.83,1,8,67848.0,1,8,41206.3,1,8,29571.265,1,8,125.153,1,8,-9900,?,9,-9900,?,9,21.75,E,8,16.0,E,8,69.0,E,8,1008.6016999999999,E,8,999.0,E,8,2.06,E,8,-9900,?,9,-9900,?,9,0.0,E,8,-9900,?,9,-9900,?,9,0.0,0.0,E,8
08/24/2012,11:00,1060.506,1336.41,635.32,1,8,360.343,1,8,349.42,1,8,76238.4,1,8,34232.558,1,8,38436.201,1,8,140.184,1,8,-9900,?,9,-9900,?,9,22.71,E,8,16.08,E,8,66.0,E,8,1008.6016999999999,E,8,999.0,E,8,2.79,E,8,-9900,?,9,-9900,?,9,0.0,E,8,-9900,?,9,-9900,?,9,0.0,0.0,E,8
08/24/2012,12:00,1128.516,1336.41,702.88,1,8,416.463,1,8,351.244,1,8,84345.6,1,8,39563.973,1,8,38636.879,1,8,132.417,1,8,-9900,?,9,-9900,?,9,23.47,E,8,16.14,E,8,63.0,E,8,1008.6016999999999,E,8,999.0,E,8,3.27,E,8,-9900,?,9,-9900,?,9,0.0,E,8,-9900,?,9,-9900,?,9,0.0,0.0,E,8
08/24/2012,13:00,1113.433,1336.41,715.34,1,8,406.94,1,8,376.341,1,8,85840.8,1,8,38659.265,1,8,41397.56,1,8,143.802,1,8,-9900,?,9,-9900,?,9,24.0,E,8,16.18,E,8,61.0,E,8,1008.6016999999999,E,8,999.0,E,8,4.37,E,8,-9900,?,9,-9900,?,9,0.0,E,8,-9900,?,9,-9900,?,9,0.0,0.0,E,8
08/24/2012,14:00,1016.287,1336.41,653.43,1,8,481.659,1,8,287.226,1,8,78411.6,1,8,45757.609,1,8,31594.844,1,8,120.251,1,8,-9900,?,9,-9900,?,9,24.26,E,8,16.2,E,8,60.0,E,8,1008.6016999999999,E,8,999.0,E,8,4.77,E,8,-9900,?,9,-9900,?,9,0.0,E,8,-9900,?,9,-9900,?,9,0.0,0.0,E,8
08/24/2012,15:00,843.729,1336.41,605.39,1,8,785.403,1,8,109.753,1,8,72646.8,1,8,74613.312,1,8,12072.854,1,8,55.36,1,8,-9900,?,9,-9900,?,9,24.37,E,8,16.21,E,8,60.0,E,8,1008.6016999999999,E,8,999.0,E,8,5.01,E,8,-9900,?,9,-9900,?,9,0.0,E,8,-9900,?,9,-9900,?,9,0.0,0.0,E,8
08/24/2012,16:00,607.606,1336.41,407.45,1,8,711.478,1,8,84.336,1,8,48894.0,1,8,67590.407,1,8,9276.906,1,8,59.111,1,8,-9900,?,9,-9900,?,9,24.02,E,8,16.18,E,8,61.0,E,8,1008.6016999999999,E,8,999.0,E,8,4.74,E,8,-9900,?,9,-9900,?,9,0.0,E,8,-9900,?,9,-9900,?,9,0.0,0.0,E,8
08/24/2012,17:00,324.38,1336.41,211.1,1,8,578.922,1,8,71.222,1,8,25332.0,1,8,54997.636,1,8,7834.412,1,8,93.828,1,8,-9900,?,9,-9900,?,9,23.29,E,8,16.12,E,8,64.0,E,8,1008.6016999999999,E,8,999.0,E,8,3.86,E,8,-9900,?,9,-9900,?,9,0.0,E,8,-9900,?,9,-9900,?,9,0.0,0.0,E,8
08/24/2012,18:00,20.457,1336.41,31.01,1,8,0.0,1,8,31.01,1,8,3721.2,1,8,0.0,1,8,3411.1,1,8,1238.268,1,8,-9900,?,9,-9900,?,9,22.32,E,8,16.05,E,8,67.0,E,8,1008.6016999999999,E,8,999.0,E,8,3.54,E,8,-9900,?,9,-9900,?,9,0.0,E,8,-9900,?,9,-9900,?,9,0.0,0.0,E,8
08/24/2012,19:00,0.0,1336.41,0.0,1,8,0.0,1,8,0.0,1,8,0.0,1,8,0.0,1,8,0.0,1,8,-0.0,1,8,-9900,?,9,-9900,?,9,21.88,E,8,16.01,E,8,69.0,E,8,1008.6016999999999,E,8,999.0,E,8,2.77,E,8,-9900,?,9,-9900,?,9,0.0,E,8,-9900,?,9,-9900,?,9,0.0,0.0,E,8
08/24/2012,20:00,0.0,1336.41,0.0,1,8,0.0,1,8,0.0,1,8,0.0,1,8,0.0,1,8,0.0,1,8,-0.0,1,8,-9900,?,9,-9900,?,9,21.43,E,8,15.98,E,8,71.0,E,8,1008.6016999999999,E,8,999.0,E,8,1.8,E,8,-9900,?,9,-9900,?,9,0.0,E,8,-9900,?,9,-9900,?,9,0.0,0.0,E,8
08/24/2012,21:00,0.0,1336.41,0.0,1,8,0.0,1,8,0.0,1,8,0.0,1,8,0.0,1,8,0.0,1,8,-0.0,1,8,-9900,?,9,-9900,?,9,20.99,E,8,15.94,E,8,72.0,E,8,1008.6016999999999,E,8,999.0,E,8,1.48,E,8,-9900,?,9,-9900,?,9,0.0,E,8,-9900,?,9,-9900,?,9,0.0,0.0,E,8
08/24/2012,22:00,0.0,1336.41,0.0,1,8,0.0,1,8,0.0,1,8,0.0,1,8,0.0,1,8,0.0,1,8,-0.0,1,8,-9900,?,9,-9900,?,9,20.55,E,8,15.91,E,8,74.0,E,8,1008.6016999999999,E,8,999.0,E,8,1.38,E,8,-9900,?,9,-9900,?,9,0.0,E,8,-9900,?,9,-9900,?,9,0.0,0.0,E,8
08/24/2012,23:00,0.0,1336.41,0.0,1,8,0.0,1,8,0.0,1,8,0.0,1,8,0.0,1,8,0.0,1,8,-0.0,1,8,-9900,?,9,-9900,?,9,20.1,E,8,15.87,E,8,76.0,E,8,1008.6016999999999,E,8,999.0,E,8,1.38,E,8,-9900,?,9,-9900,?,9,0.0,E,8,-9900,?,9,-9900,?,9,0.0,0.0,E,8
08/24/2012,24:00,0.0,1336.41,0.0,1,8,0.0,1,8,0.0,1,8,0.0,1,8,0.0,1,8,0.0,1,8,-0.0,1,8,-9900,?,9,-9900,?,9,19.66,E,8,16.78,E,8,85.0,E,8,1008.6016999999999,E,8,999.0,E,8,1.21,E,8,-9900,?,9,-9900,?,9,0.003,E,8,-9900,?,9,-9900,?,9,0.03,99.0,E,8
08/25/2012,01:00,0.0,1336.41,0.0,1,8,0.0,1,8,0.0,1,8,0.0,1,8,0.0,1,8,0.0,1,8,-0.0,1,8,-9900,?,9,-9900,?,9,19.44,E,8,16.78,E,8,86.0,E,8,1008.6016999999999,E,8,999.0,E,8,1.21,E,8,-9900,?,9,-9900,?,9,0.006,E,8,-9900,?,9,-9900,?,9,0.06,99.0,E,8
08/25/2012,02:00,0.0,1336.41,0.0,1,8,0.0,1,8,0.0,1,8,0.0,1,8,0.0,1,8,0.0,1,8,-0.0,1,8,-9900,?,9,-9900,?,9,19.22,E,8,16.78,E,8,87.0,E,8,1008.6016999999999,E,8,999.0,E,8,1.21,E,8,-9900,?,9,-9900,?,9,0.004,E,8,-9900,?,9,-9900,?,9,0.04,99.0,E,8
08/25/2012,03:00,0.0,1336.41,0.0,1,8,0.0,1,8,0.0,1,8,0.0,1,8,0.0,1,8,0.0,1,8,-0.0,1,8,-9900,?,9,-9900,?,9,19.0,E,8,16.78,E,8,83.0,E,8,1008.6016999999999,E,8,999.0,E,8,1.21,E,8,-9900,?,9,-9900,?,9,0.0,E,8,-9900,?,9,-9900,?,9,0.0,0.0,E,8
08/25/2012,04:00,0.0,1337.004,0.0,1,8,0.0,1,8,0.0,1,8,0.0,1,8,0.0,1,8,0.0,1,8,-0.0,1,8,-9900,?,9,-9900,?,9,18.78,E,8,16.79,E,8,85.0,E,8,1008.6016999999999,E,8,999.0,E,8,1.21,E,8,-9900,?,9,-9900,?,9,0.0,E,8,-9900,?,9,-9900,?,9,0.0,0.0,E,8
08/25/2012,05:00,0.0,1337.004,0.0,1,8,0.0,1,8,0.0,1,8,0.0,1,8,0.0,1,8,0.0,1,8,-0.0,1,8,-9900,?,9,-9900,?,9,18.55,E,8,16.79,E,8,86.0,E,8,1008.6016999999999,E,8,999.0,E,8,1.21,E,8,-9900,?,9,-9900,?,9,0.0,E,8,-9900,?,9,-9900,?,9,0.0,0.0,E,8
08/25/2012,06:00,0.0,1337.004,0.0,1,8,0.0,1,8,0.0,1,8,0.0,1,8,0.0,1,8,0.0,1,8,-0.0,1,8,-9900,?,9,-9900,?,9,18.38,E,8,16.79,E,8,87.0,E,8,1008.6016999999999,E,8,999.0,E,8,1.21,E,8,-9900,?,9,-9900,?,9,0.0,E,8,-9900,?,9,-9900,?,9,0.0,0.0,E,8
08/25/2012,07:00,133.263,1337.004,0.0,1,8,0.0,1,8,0.0,1,8,0.0,1,8,0.0,1,8,0.0,1,8,0.0,1,8,-9900,?,9,-9900,?,9,18.24,E,8,16.79,E,8,92.0,E,8,1008.6016999999999,E,8,999.0,E,8,1.21,E,8,-9900,?,9,-9900,?,9,0.009,E,8,-9900,?,9,-9900,?,9,0.09,99.0,E,8
08/25/2012,08:00,435.733,1337.004,112.0,1,8,8.853,1,8,109.122,1,8,13440.0,1,8,841.056,1,8,12003.391,1,8,106.84,1,8,-9900,?,9,-9900,?,9,18.09,E,8,16.79,E,8,88.0,E,8,1008.6016999999999,E,8,999.0,E,8,1.28,E,8,-9900,?,9,-9900,?,9,0.0,E,8,-9900,?,9,-9900,?,9,0.0,0.0,E,8
08/25/2012,09:00,704.379,1337.004,294.31,1,8,119.188,1,8,231.565,1,8,35317.2,1,8,11322.88,1,8,25472.197,1,8,140.017,1,8,-9900,?,9,-9900,?,9,20.83,E,8,16.77,E,8,75.0,E,8,1008.6016999999999,E,8,999.0,E,8,2.09,E,8,-9900,?,9,-9900,?,9,0.0,E,8,-9900,?,9,-9900,?,9,0.0,0.0,E,8
08/25/2012,10:00,919.296,1337.004,454.92,1,8,160.305,1,8,344.733,1,8,54590.4,1,8,15229.017,1,8,37920.681,1,8,159.644,1,8,-9900,?,9,-9900,?,9,21.96,E,8,16.76,E,8,71.0,E,8,1008.6016999999999,E,8,999.0,E,8,2.66,E,8,-9900,?,9,-9900,?,9,0.0,E,8,-9900,?,9,-9900,?,9,0.0,0.0,E,8
08/25/2012,11:00,1065.639,1337.004,576.12,1,8,332.826,1,8,310.891,1,8,69134.4,1,8,31618.428,1,8,34198.013,1,8,124.181,1,8,-9900,?,9,-9900,?,9,22.93,E,8,16.75,E,8,67.0,E,8,1008.6016999999999,E,8,999.0,E,8,3.13,E,8,-9900,?,9,-9900,?,9,0.0,E,8,-9900,?,9,-9900,?,9,0.0,0.0,E,8
08/25/2012,12:00,1133.382,1337.004,648.21,1,8,289.485,1,8,402.841,1,8,77785.2,1,8,27501.032,1,8,44312.549,1,8,151.283,1,8,-9900,?,9,-9900,?,9,23.71,E,8,16.74,E,8,64.0,E,8,1008.6016999999999,E,8,999.0,E,8,4.11,E,8,-9900,?,9,-9900,?,9,0.0,E,8,-9900,?,9,-9900,?,9,0.0,0.0,E,8
08/25/2012,13:00,1117.89,1337.004,665.83,1,8,340.396,1,8,381.255,1,8,79899.6,1,8,32337.662,1,8,41938.073,1,8,145.163,1,8,-9900,?,9,-9900,?,9,24.27,E,8,16.74,E,8,62.0,E,8,1008.6016999999999,E,8,999.0,E,8,4.55,E,8,-9900,?,9,-9900,?,9,0.0,E,8,-9900,?,9,-9900,?,9,0.0,0.0,E,8
08/25/2012,14:00,1020.223,1337.004,627.68,1,8,425.544,1,8,303.03,1,8,75321.6,1,8,40426.641,1,8,33333.35,1,8,126.435,1,8,-9900,?,9,-9900,?,9,24.59,E,8,16.73,E,8,61.0,E,8,1008.6016999999999,E,8,999.0,E,8,4.99,E,8,-9900,?,9,-9900,?,9,0.0,E,8,-9900,?,9,-9900,?,9,0.0,0.0,E,8
08/25/2012,15:00,847.065,1337.004,536.58,1,8,470.084,1,8,238.886,1,8,64389.6,1,8,44657.999,1,8,26277.482,1,8,120.073,1,8,-9900,?,9,-9900,?,9,24.69,E,8,16.73,E,8,61.0,E,8,1008.6016999999999,E,8,999.0,E,8,5.18,E,8,-9900,?,9,-9900,?,9,0.0,E,8,-9900,?,9,-9900,?,9,0.0,0.0,E,8
08/25/2012,16:00,610.306,1337.004,180.47,1,8,35.38,1,8,164.338,1,8,21656.4,1,8,3361.106,1,8,18077.167,1,8,114.724,1,8,-9900,?,9,-9900,?,9,23.9,E,8,16.74,E,8,68.0,E,8,1008.6016999999999,E,8,999.0,E,8,4.63,E,8,-9900,?,9,-9900,?,9,0.001,E,8,-9900,?,9,-9900,?,9,0.01,99.0,E,8
08/25/2012,17:00,326.449,1337.004,227.89,1,8,432.249,1,8,122.826,1,8,27346.8,1,8,41063.638,1,8,13510.842,1,8,160.849,1,8,-9900,?,9,-9900,?,9,23.38,E,8,16.74,E,8,70.0,E,8,1008.6016999999999,E,8,999.0,E,8,4.04,E,8,-9900,?,9,-9900,?,9,0.001,E,8,-9900,?,9,-9900,?,9,0.01,99.0,E,8
08/25/2012,18:00,21.782,1337.004,48.7,1,8,0.0,1,8,48.7,1,8,5844.0,1,8,0.0,1,8,5357.0,1,8,1705.338,1,8,-9900,?,9,-9900,?,9,22.58,E,8,16.75,E,8,68.0,E,8,1008.6016999999999,E,8,999.0,E,8,3.09,E,8,-9900,?,9,-9900,?,9,0.0,E,8,-9900,?,9,-9900,?,9,0.0,0.0,E,8
08/25/2012,19:00,0.0,1337.004,0.0,1,8,0.0,1,8,0.0,1,8,0.0,1,8,0.0,1,8,0.0,1,8,-0.0,1,8,-9900,?,9,-9900,?,9,22.06,E,8,16.76,E,8,75.0,E,8,1008.6016999999999,E,8,999.0,E,8,2.31,E,8,-9900,?,9,-9900,?,9,0.002,E,8,-9900,?,9,-9900,?,9,0.02,99.0,E,8
08/25/2012,20:00,0.0,1337.004,0.0,1,8,0.0,1,8,0.0,1,8,0.0,1,8,0.0,1,8,0.0,1,8,-0.0,1,8,-9900,?,9,-9900,?,9,21.54,E,8,16.76,E,8,77.0,E,8,1008.6016999999999,E,8,999.0,E,8,1.53,E,8,-9900,?,9,-9900,?,9,0.001,E,8,-9900,?,9,-9900,?,9,0.01,99.0,E,8
08/25/2012,21:00,0.0,1337.004,0.0,1,8,0.0,1,8,0.0,1,8,0.0,1,8,0.0,1,8,0.0,1,8,-0.0,1,8,-9900,?,9,-9900,?,9,21.01,E,8,16.77,E,8,79.0,E,8,1008.6016999999999,E,8,999.0,E,8,1.21,E,8,-9900,?,9,-9900,?,9,0.013000000000000001,E,8,-9900,?,9,-9900,?,9,0.13,99.0,E,8
08/25/2012,22:00,0.0,1337.004,0.0,1,8,0.0,1,8,0.0,1,8,0.0,1,8,0.0,1,8,0.0,1,8,-0.0,1,8,-9900,?,9,-9900,?,9,20.49,E,8,16.77,E,8,81.0,E,8,1008.6016999999999,E,8,999.0,E,8,1.21,E,8,-9900,?,9,-9900,?,9,0.024,E,8,-9900,?,9,-9900,?,9,0.24,99.0,E,8
08/25/2012,23:00,0.0,1337.004,0.0,1,8,0.0,1,8,0.0,1,8,0.0,1,8,0.0,1,8,0.0,1,8,-0.0,1,8,-9900,?,9,-9900,?,9,19.97,E,8,16.78,E,8,88.0,E,8,1008.6016999999999,E,8,999.0,E,8,1.21,E,8,-9900,?,9,-9900,?,9,0.33599999999999997,E,8,-9900,?,9,-9900,?,9,3.36,99.0,E,8
08/25/2012,24:00,0.0,1337.004,0.0,1,8,0.0,1,8,0.0,1,8,0.0,1,8,0.0,1,8,0.0,1,8,-0.0,1,8,-9900,?,9,-9900,?,9,19.45,E,8,16.69,E,8,86.0,E,8,1008.6016999999999,E,8,999.0,E,8,1.29,E,8,-9900,?,9,-9900,?,9,0.006,E,8,-9900,?,9,-9900,?,9,0.06,99.0,E,8
08/26/2012,01:00,0.0,1337.004,0.0,1,8,0.0,1,8,0.0,1,8,0.0,1,8,0.0,1,8,0.0,1,8,-0.0,1,8,-9900,?,9,-9900,?,9,19.19,E,8,16.66,E,8,82.0,E,8,1008.6016999999999,E,8,999.0,E,8,1.29,E,8,-9900,?,9,-9900,?,9,0.0,E,8,-9900,?,9,-9900,?,9,0.0,0.0,E,8
08/26/2012,02:00,0.0,1337.004,0.0,1,8,0.0,1,8,0.0,1,8,0.0,1,8,0.0,1,8,0.0,1,8,-0.0,1,8,-9900,?,9,-9900,?,9,18.93,E,8,16.63,E,8,83.0,E,8,1008.6016999999999,E,8,999.0,E,8,1.29,E,8,-9900,?,9,-9900,?,9,0.0,E,8,-9900,?,9,-9900,?,9,0.0,0.0,E,8
08/26/2012,03:00,0.0,1337.004,0.0,1,8,0.0,1,8,0.0,1,8,0.0,1,8,0.0,1,8,0.0,1,8,-0.0,1,8,-9900,?,9,-9900,?,9,18.67,E,8,16.6,E,8,89.0,E,8,1008.6016999999999,E,8,999.0,E,8,1.29,E,8,-9900,?,9,-9900,?,9,0.001,E,8,-9900,?,9,-9900,?,9,0.01,99.0,E,8
08/26/2012,04:00,0.0,1337.606,0.0,1,8,0.0,1,8,0.0,1,8,0.0,1,8,0.0,1,8,0.0,1,8,-0.0,1,8,-9900,?,9,-9900,?,9,18.4,E,8,16.57,E,8,86.0,E,8,1008.6016999999999,E,8,999.0,E,8,1.29,E,8,-9900,?,9,-9900,?,9,0.0,E,8,-9900,?,9,-9900,?,9,0.0,0.0,E,8
08/26/2012,05:00,0.0,1337.606,0.0,1,8,0.0,1,8,0.0,1,8,0.0,1,8,0.0,1,8,0.0,1,8,-0.0,1,8,-9900,?,9,-9900,?,9,18.14,E,8,16.54,E,8,87.0,E,8,1008.6016999999999,E,8,999.0,E,8,1.29,E,8,-9900,?,9,-9900,?,9,0.0,E,8,-9900,?,9,-9900,?,9,0.0,0.0,E,8
08/26/2012,06:00,0.0,1337.606,0.0,1,8,0.0,1,8,0.0,1,8,0.0,1,8,0.0,1,8,0.0,1,8,-0.0,1,8,-9900,?,9,-9900,?,9,17.94,E,8,16.52,E,8,88.0,E,8,1008.6016999999999,E,8,999.0,E,8,1.29,E,8,-9900,?,9,-9900,?,9,0.0,E,8,-9900,?,9,-9900,?,9,0.0,0.0,E,8
08/26/2012,07:00,137.828,1337.606,0.0,1,8,0.0,1,8,0.0,1,8,0.0,1,8,0.0,1,8,0.0,1,8,0.0,1,8,-9900,?,9,-9900,?,9,17.77,E,8,16.5,E,8,93.0,E,8,1008.6016999999999,E,8,999.0,E,8,1.29,E,8,-9900,?,9,-9900,?,9,0.002,E,8,-9900,?,9,-9900,?,9,0.02,99.0,E,8
08/26/2012,08:00,440.737,1337.606,98.26,1,8,0.0,1,8,98.26,1,8,11791.2,1,8,0.0,1,8,10808.6,1,8,95.15,1,8,-9900,?,9,-9900,?,9,17.6,E,8,16.48,E,8,89.0,E,8,1008.6016999999999,E,8,999.0,E,8,1.29,E,8,-9900,?,9,-9900,?,9,0.0,E,8,-9900,?,9,-9900,?,9,0.0,0.0,E,8
08/26/2012,09:00,709.602,1337.606,255.01,1,8,42.782,1,8,232.331,1,8,30601.2,1,8,4064.248,1,8,25556.443,1,8,139.507,1,8,-9900,?,9,-9900,?,9,20.03,E,8,16.76,E,8,79.0,E,8,1008.6016999999999,E,8,999.0,E,8,1.36,E,8,-9900,?,9,-9900,?,9,0.0,E,8,-9900,?,9,-9900,?,9,0.0,0.0,E,8
08/26/2012,10:00,924.566,1337.606,392.89,1,8,89.218,1,8,331.241,1,8,47146.8,1,8,8475.714,1,8,36436.556,1,8,152.589,1,8,-9900,?,9,-9900,?,9,21.03,E,8,16.87,E,8,80.0,E,8,1008.6016999999999,E,8,999.0,E,8,2.21,E,8,-9900,?,9,-9900,?,9,0.013000000000000001,E,8,-9900,?,9,-9900,?,9,0.13,99.0,E,8
08/26/2012,11:00,1070.79,1337.606,496.87,1,8,109.422,1,8,409.289,1,8,59624.4,1,8,10395.079,1,8,45021.817,1,8,162.771,1,8,-9900,?,9,-9900,?,9,21.88,E,8,16.96,E,8,77.0,E,8,1008.6016999999999,E,8,999.0,E,8,3.12,E,8,-9900,?,9,-9900,?,9,0.009,E,8,-9900,?,9,-9900,?,9,0.09,99.0,E,8
08/26/2012,12:00,1138.253,1337.606,558.61,1,8,129.94,1,8,448.048,1,8,67033.2,1,8,12344.331,1,8,49285.278,1,8,167.615,1,8,-9900,?,9,-9900,?,9,22.57,E,8,17.04,E,8,70.0,E,8,1008.6016999999999,E,8,999.0,E,8,4.04,E,8,-9900,?,9,-9900,?,9,0.0,E,8,-9900,?,9,-9900,?,9,0.0,0.0,E,8
08/26/2012,13:00,1122.342,1337.606,573.52,1,8,154.209,1,8,444.144,1,8,68822.4,1,8,14649.85,1,8,48855.87,1,8,168.512,1,8,-9900,?,9,-9900,?,9,23.06,E,8,17.09,E,8,73.0,E,8,1008.6016999999999,E,8,999.0,E,8,4.58,E,8,-9900,?,9,-9900,?,9,0.003,E,8,-9900,?,9,-9900,?,9,0.03,99.0,E,8
08/26/2012,14:00,1024.144,1337.606,540.53,1,8,154.234,1,8,422.464,1,8,64863.6,1,8,14652.247,1,8,46471.081,1,8,175.67,1,8,-9900,?,9,-9900,?,9,23.34,E,8,17.12,E,8,68.0,E,8,1008.6016999999999,E,8,999.0,E,8,4.53,E,8,-9900,?,9,-9900,?,9,0.0,E,8,-9900,?,9,-9900,?,9,0.0,0.0,E,8
08/26/2012,15:00,850.382,1337.606,462.02,1,8,315.199,1,8,261.719,1,8,55442.4,1,8,29943.938,1,8,28789.08,1,8,131.095,1,8,-9900,?,9,-9900,?,9,23.42,E,8,17.13,E,8,67.0,E,8,1008.6016999999999,E,8,999.0,E,8,4.82,E,8,-9900,?,9,-9900,?,9,0.0,E,8,-9900,?,9,-9900,?,9,0.0,0.0,E,8
08/26/2012,16:00,612.985,1337.606,343.97,1,8,409.496,1,8,156.516,1,8,41276.4,1,8,38902.15,1,8,17216.793,1,8,108.834,1,8,-9900,?,9,-9900,?,9,23.22,E,8,17.11,E,8,68.0,E,8,1008.6016999999999,E,8,999.0,E,8,4.61,E,8,-9900,?,9,-9900,?,9,0.0,E,8,-9900,?,9,-9900,?,9,0.0,0.0,E,8
08/26/2012,17:00,328.496,1337.606,196.47,1,8,525.646,1,8,67.954,1,8,23576.4,1,8,49936.351,1,8,7474.923,1,8,88.471,1,8,-9900,?,9,-9900,?,9,22.71,E,8,17.05,E,8,74.0,E,8,1008.6016999999999,E,8,999.0,E,8,4.13,E,8,-9900,?,9,-9900,?,9,0.001,E,8,-9900,?,9,-9900,?,9,0.01,99.0,E,8
08/26/2012,18:00,23.097,1337.606,42.33,1,8,0.0,1,8,42.33,1,8,5079.6,1,8,0.0,1,8,4656.3,1,8,1321.546,1,8,-9900,?,9,-9900,?,9,21.96,E,8,16.97,E,8,76.0,E,8,1008.6016999999999,E,8,999.0,E,8,3.56,E,8,-9900,?,9,-9900,?,9,0.001,E,8,-9900,?,9,-9900,?,9,0.01,99.0,E,8
08/26/2012,19:00,0.0,1337.606,0.0,1,8,0.0,1,8,0.0,1,8,0.0,1,8,0.0,1,8,0.0,1,8,-0.0,1,8,-9900,?,9,-9900,?,9,21.52,E,8,16.92,E,8,78.0,E,8,1008.6016999999999,E,8,999.0,E,8,2.61,E,8,-9900,?,9,-9900,?,9,0.004,E,8,-9900,?,9,-9900,?,9,0.04,99.0,E,8
08/26/2012,20:00,0.0,1337.606,0.0,1,8,0.0,1,8,0.0,1,8,0.0,1,8,0.0,1,8,0.0,1,8,-0.0,1,8,-9900,?,9,-9900,?,9,21.07,E,8,16.87,E,8,84.0,E,8,1008.6016999999999,E,8,999.0,E,8,1.95,E,8,-9900,?,9,-9900,?,9,0.33599999999999997,E,8,-9900,?,9,-9900,?,9,3.36,99.0,E,8
08/26/2012,21:00,0.0,1337.606,0.0,1,8,0.0,1,8,0.0,1,8,0.0,1,8,0.0,1,8,0.0,1,8,-0.0,1,8,-9900,?,9,-9900,?,9,20.63,E,8,16.82,E,8,81.0,E,8,1008.6016999999999,E,8,999.0,E,8,1.29,E,8,-9900,?,9,-9900,?,9,0.024,E,8,-9900,?,9,-9900,?,9,0.24,99.0,E,8
08/26/2012,22:00,0.0,1337.606,0.0,1,8,0.0,1,8,0.0,1,8,0.0,1,8,0.0,1,8,0.0,1,8,-0.0,1,8,-9900,?,9,-9900,?,9,20.18,E,8,16.77,E,8,78.0,E,8,1008.6016999999999,E,8,999.0,E,8,1.29,E,8,-9900,?,9,-9900,?,9,0.0,E,8,-9900,?,9,-9900,?,9,0.0,0.0,E,8
08/26/2012,23:00,0.0,1337.606,0.0,1,8,0.0,1,8,0.0,1,8,0.0,1,8,0.0,1,8,0.0,1,8,-0.0,1,8,-9900,?,9,-9900,?,9,19.74,E,8,16.72,E,8,80.0,E,8,1008.6016999999999,E,8,999.0,E,8,1.29,E,8,-9900,?,9,-9900,?,9,0.0,E,8,-9900,?,9,-9900,?,9,0.0,0.0,E,8
08/26/2012,24:00,0.0,1337.606,0.0,1,8,0.0,1,8,0.0,1,8,0.0,1,8,0.0,1,8,0.0,1,8,-0.0,1,8,-9900,?,9,-9900,?,9,19.29,E,8,16.62,E,8,86.0,E,8,1008.6016999999999,E,8,999.0,E,8,1.47,E,8,-9900,?,9,-9900,?,9,0.004,E,8,-9900,?,9,-9900,?,9,0.04,99.0,E,8
08/27/2012,01:00,0.0,1337.606,0.0,1,8,0.0,1,8,0.0,1,8,0.0,1,8,0.0,1,8,0.0,1,8,-0.0,1,8,-9900,?,9,-9900,?,9,19.07,E,8,16.59,E,8,87.0,E,8,1008.6016999999999,E,8,999.0,E,8,1.47,E,8,-9900,?,9,-9900,?,9,0.002,E,8,-9900,?,9,-9900,?,9,0.02,99.0,E,8
08/27/2012,02:00,0.0,1337.606,0.0,1,8,0.0,1,8,0.0,1,8,0.0,1,8,0.0,1,8,0.0,1,8,-0.0,1,8,-9900,?,9,-9900,?,9,18.85,E,8,16.57,E,8,83.0,E,8,1008.6016999999999,E,8,999.0,E,8,1.47,E,8,-9900,?,9,-9900,?,9,0.0,E,8,-9900,?,9,-9900,?,9,0.0,0.0,E,8
08/27/2012,03:00,0.0,1337.606,0.0,1,8,0.0,1,8,0.0,1,8,0.0,1,8,0.0,1,8,0.0,1,8,-0.0,1,8,-9900,?,9,-9900,?,9,18.63,E,8,16.54,E,8,88.0,E,8,1008.6016999999999,E,8,999.0,E,8,1.47,E,8,-9900,?,9,-9900,?,9,0.001,E,8,-9900,?,9,-9900,?,9,0.01,99.0,E,8
08/27/2012,04:00,0.0,1338.217,0.0,1,8,0.0,1,8,0.0,1,8,0.0,1,8,0.0,1,8,0.0,1,8,-0.0,1,8,-9900,?,9,-9900,?,9,18.4,E,8,16.51,E,8,85.0,E,8,1008.6016999999999,E,8,999.0,E,8,1.47,E,8,-9900,?,9,-9900,?,9,0.0,E,8,-9900,?,9,-9900,?,9,0.0,0.0,E,8
08/27/2012,05:00,0.0,1338.217,0.0,1,8,0.0,1,8,0.0,1,8,0.0,1,8,0.0,1,8,0.0,1,8,-0.0,1,8,-9900,?,9,-9900,?,9,18.18,E,8,16.49,E,8,86.0,E,8,1008.6016999999999,E,8,999.0,E,8,1.47,E,8,-9900,?,9,-9900,?,9,0.0,E,8,-9900,?,9,-9900,?,9,0.0,0.0,E,8
08/27/2012,06:00,0.0,1338.217,0.0,1,8,0.0,1,8,0.0,1,8,0.0,1,8,0.0,1,8,0.0,1,8,-0.0,1,8,-9900,?,9,-9900,?,9,18.01,E,8,16.47,E,8,91.0,E,8,1008.6016999999999,E,8,999.0,E,8,1.47,E,8,-9900,?,9,-9900,?,9,0.003,E,8,-9900,?,9,-9900,?,9,0.03,99.0,E,8
08/27/2012,07:00,142.459,1338.217,0.0,1,8,0.0,1,8,0.0,1,8,0.0,1,8,0.0,1,8,0.0,1,8,0.0,1,8,-9900,?,9,-9900,?,9,17.86,E,8,16.45,E,8,92.0,E,8,1008.6016999999999,E,8,999.0,E,8,1.47,E,8,-9900,?,9,-9900,?,9,0.001,E,8,-9900,?,9,-9900,?,9,0.01,99.0,E,8
08/27/2012,08:00,445.795,1338.217,152.38,1,8,78.124,1,8,126.415,1,8,18285.6,1,8,7421.827,1,8,13905.66,1,8,121.074,1,8,-9900,?,9,-9900,?,9,17.72,E,8,16.44,E,8,88.0,E,8,1008.6016999999999,E,8,999.0,E,8,1.47,E,8,-9900,?,9,-9900,?,9,0.0,E,8,-9900,?,9,-9900,?,9,0.0,0.0,E,8
08/27/2012,09:00,714.865,1338.217,297.62,1,8,97.629,1,8,245.505,1,8,35714.4,1,8,9274.781,1,8,27005.603,1,8,146.397,1,8,-9900,?,9,-9900,?,9,20.9,E,8,16.8,E,8,75.0,E,8,1008.6016999999999,E,8,999.0,E,8,1.47,E,8,-9900,?,9,-9900,?,9,0.0,E,8,-9900,?,9,-9900,?,9,0.0,0.0,E,8
08/27/2012,10:00,929.865,1338.217,402.29,1,8,76.273,1,8,349.308,1,8,48274.8,1,8,7245.98,1,8,38423.856,1,8,160.067,1,8,-9900,?,9,-9900,?,9,21.74,E,8,16.9,E,8,72.0,E,8,1008.6016999999999,E,8,999.0,E,8,2.55,E,8,-9900,?,9,-9900,?,9,0.0,E,8,-9900,?,9,-9900,?,9,0.0,0.0,E,8
08/27/2012,11:00,1075.955,1338.217,523.46,1,8,185.437,1,8,374.389,1,8,62815.2,1,8,17616.527,1,8,41182.736,1,8,148.243,1,8,-9900,?,9,-9900,?,9,22.59,E,8,16.99,E,8,69.0,E,8,1008.6016999999999,E,8,999.0,E,8,3.41,E,8,-9900,?,9,-9900,?,9,0.0,E,8,-9900,?,9,-9900,?,9,0.0,0.0,E,8
08/27/2012,12:00,1143.127,1338.217,608.82,1,8,251.731,1,8,393.81,1,8,73058.4,1,8,23914.459,1,8,43319.154,1,8,146.763,1,8,-9900,?,9,-9900,?,9,23.34,E,8,17.08,E,8,67.0,E,8,1008.6016999999999,E,8,999.0,E,8,3.78,E,8,-9900,?,9,-9900,?,9,0.0,E,8,-9900,?,9,-9900,?,9,0.0,0.0,E,8
08/27/2012,13:00,1126.786,1338.217,646.11,1,8,316.684,1,8,379.492,1,8,77533.2,1,8,30085.003,1,8,41744.153,1,8,143.48,1,8,-9900,?,9,-9900,?,9,23.93,E,8,17.14,E,8,65.0,E,8,1008.6016999999999,E,8,999.0,E,8,4.54,E,8,-9900,?,9,-9900,?,9,0.0,E,8,-9900,?,9,-9900,?,9,0.0,0.0,E,8
08/27/2012,14:00,1028.05,1338.217,653.29,1,8,514.231,1,8,258.326,1,8,78394.8,1,8,48851.919,1,8,28415.883,1,8,107.058,1,8,-9900,?,9,-9900,?,9,24.36,E,8,17.19,E,8,64.0,E,8,1008.6016999999999,E,8,999.0,E,8,4.92,E,8,-9900,?,9,-9900,?,9,0.0,E,8,-9900,?,9,-9900,?,9,0.0,0.0,E,8
08/27/2012,15:00,853.679,1338.217,548.16,1,8,554.026,1,8,194.886,1,8,65779.2,1,8,52632.46,1,8,21437.419,1,8,97.285,1,8,-9900,?,9,-9900,?,9,24.5,E,8,17.21,E,8,63.0,E,8,1008.6016999999999,E,8,999.0,E,8,5.01,E,8,-9900,?,9,-9900,?,9,0.0,E,8,-9900,?,9,-9900,?,9,0.0,0.0,E,8
08/27/2012,16:00,615.641,1338.217,478.7,1,8,655.025,1,8,177.686,1,8,57444.0,1,8,62227.422,1,8,19545.463,1,8,123.076,1,8,-9900,?,9,-9900,?,9,24.5,E,8,17.21,E,8,63.0,E,8,1008.6016999999999,E,8,999.0,E,8,4.72,E,8,-9900,?,9,-9900,?,9,0.0,E,8,-9900,?,9,-9900,?,9,0.0,0.0,E,8
08/27/2012,17:00,330.524,1338.217,302.99,1,8,553.741,1,8,166.824,1,8,36358.8,1,8,52605.419,1,8,18350.656,1,8,215.947,1,8,-9900,?,9,-9900,?,9,24.08,E,8,17.16,E,8,65.0,E,8,1008.6016999999999,E,8,999.0,E,8,3.64,E,8,-9900,?,9,-9900,?,9,0.0,E,8,-9900,?,9,-9900,?,9,0.0,0.0,E,8
08/27/2012,18:00,24.403,1338.217,48.4,1,8,0.0,1,8,48.4,1,8,5808.0,1,8,0.0,1,8,5324.0,1,8,1364.752,1,8,-9900,?,9,-9900,?,9,23.17,E,8,17.06,E,8,72.0,E,8,1008.6016999999999,E,8,999.0,E,8,2.37,E,8,-9900,?,9,-9900,?,9,0.005,E,8,-9900,?,9,-9900,?,9,0.05,99.0,E,8
08/27/2012,19:00,0.0,1338.217,0.0,1,8,0.0,1,8,0.0,1,8,0.0,1,8,0.0,1,8,0.0,1,8,-0.0,1,8,-9900,?,9,-9900,?,9,22.67,E,8,17.0,E,8,73.0,E,8,1008.6016999999999,E,8,999.0,E,8,1.49,E,8,-9900,?,9,-9900,?,9,0.011,E,8,-9900,?,9,-9900,?,9,0.11,99.0,E,8
08/27/2012,20:00,0.0,1338.217,0.0,1,8,0.0,1,8,0.0,1,8,0.0,1,8,0.0,1,8,0.0,1,8,-0.0,1,8,-9900,?,9,-9900,?,9,22.16,E,8,16.94,E,8,75.0,E,8,1008.6016999999999,E,8,999.0,E,8,1.47,E,8,-9900,?,9,-9900,?,9,0.016,E,8,-9900,?,9,-9900,?,9,0.16,99.0,E,8
08/27/2012,21:00,0.0,1338.217,0.0,1,8,0.0,1,8,0.0,1,8,0.0,1,8,0.0,1,8,0.0,1,8,-0.0,1,8,-9900,?,9,-9900,?,9,21.66,E,8,16.89,E,8,77.0,E,8,1008.6016999999999,E,8,999.0,E,8,1.47,E,8,-9900,?,9,-9900,?,9,0.028999999999999998,E,8,-9900,?,9,-9900,?,9,0.29,99.0,E,8
08/27/2012,22:00,0.0,1338.217,0.0,1,8,0.0,1,8,0.0,1,8,0.0,1,8,0.0,1,8,0.0,1,8,-0.0,1,8,-9900,?,9,-9900,?,9,21.15,E,8,16.83,E,8,83.0,E,8,1008.6016999999999,E,8,999.0,E,8,1.47,E,8,-9900,?,9,-9900,?,9,0.42000000000000004,E,8,-9900,?,9,-9900,?,9,4.2,99.0,E,8
08/27/2012,23:00,0.0,1338.217,0.0,1,8,0.0,1,8,0.0,1,8,0.0,1,8,0.0,1,8,0.0,1,8,-0.0,1,8,-9900,?,9,-9900,?,9,20.65,E,8,16.77,E,8,80.0,E,8,1008.6016999999999,E,8,999.0,E,8,1.47,E,8,-9900,?,9,-9900,?,9,0.007000000000000001,E,8,-9900,?,9,-9900,?,9,0.07,99.0,E,8
08/27/2012,24:00,0.0,1338.217,0.0,1,8,0.0,1,8,0.0,1,8,0.0,1,8,0.0,1,8,0.0,1,8,-0.0,1,8,-9900,?,9,-9900,?,9,20.14,E,8,18.81,E,8,90.0,E,8,1008.6016999999999,E,8,999.0,E,8,1.68,E,8,-9900,?,9,-9900,?,9,0.015,E,8,-9900,?,9,-9900,?,9,0.15,99.0,E,8
08/28/2012,01:00,0.0,1338.217,0.0,1,8,0.0,1,8,0.0,1,8,0.0,1,8,0.0,1,8,0.0,1,8,-0.0,1,8,-9900,?,9,-9900,?,9,19.89,E,8,18.68,E,8,90.0,E,8,1008.6016999999999,E,8,999.0,E,8,1.68,E,8,-9900,?,9,-9900,?,9,0.009,E,8,-9900,?,9,-9900,?,9,0.09,99.0,E,8
08/28/2012,02:00,0.0,1338.217,0.0,1,8,0.0,1,8,0.0,1,8,0.0,1,8,0.0,1,8,0.0,1,8,-0.0,1,8,-9900,?,9,-9900,?,9,19.64,E,8,18.55,E,8,91.0,E,8,1008.6016999999999,E,8,999.0,E,8,1.68,E,8,-9900,?,9,-9900,?,9,0.02,E,8,-9900,?,9,-9900,?,9,0.2,99.0,E,8
08/28/2012,03:00,0.0,1338.217,0.0,1,8,0.0,1,8,0.0,1,8,0.0,1,8,0.0,1,8,0.0,1,8,-0.0,1,8,-9900,?,9,-9900,?,9,19.39,E,8,18.42,E,8,91.0,E,8,1008.6016999999999,E,8,999.0,E,8,1.68,E,8,-9900,?,9,-9900,?,9,0.002,E,8,-9900,?,9,-9900,?,9,0.02,99.0,E,8
08/28/2012,04:00,0.0,1338.837,0.0,1,8,0.0,1,8,0.0,1,8,0.0,1,8,0.0,1,8,0.0,1,8,-0.0,1,8,-9900,?,9,-9900,?,9,19.13,E,8,18.29,E,8,92.0,E,8,1008.6016999999999,E,8,999.0,E,8,1.68,E,8,-9900,?,9,-9900,?,9,0.026000000000000002,E,8,-9900,?,9,-9900,?,9,0.26,99.0,E,8
08/28/2012,05:00,0.0,1338.837,0.0,1,8,0.0,1,8,0.0,1,8,0.0,1,8,0.0,1,8,0.0,1,8,-0.0,1,8,-9900,?,9,-9900,?,9,18.88,E,8,18.16,E,8,92.0,E,8,1008.6016999999999,E,8,999.0,E,8,1.68,E,8,-9900,?,9,-9900,?,9,0.007000000000000001,E,8,-9900,?,9,-9900,?,9,0.07,99.0,E,8
08/28/2012,06:00,0.0,1338.837,0.0,1,8,0.0,1,8,0.0,1,8,0.0,1,8,0.0,1,8,0.0,1,8,-0.0,1,8,-9900,?,9,-9900,?,9,18.69,E,8,18.06,E,8,92.0,E,8,1008.6016999999999,E,8,999.0,E,8,1.68,E,8,-9900,?,9,-9900,?,9,0.003,E,8,-9900,?,9,-9900,?,9,0.03,99.0,E,8
08/28/2012,07:00,147.154,1338.837,0.0,1,8,0.0,1,8,0.0,1,8,0.0,1,8,0.0,1,8,0.0,1,8,0.0,1,8,-9900,?,9,-9900,?,9,18.52,E,8,17.96,E,8,93.0,E,8,1008.6016999999999,E,8,999.0,E,8,1.68,E,8,-9900,?,9,-9900,?,9,0.05600000000000001,E,8,-9900,?,9,-9900,?,9,0.56,99.0,E,8
08/28/2012,08:00,450.902,1338.837,91.23,1,8,0.0,1,8,91.23,1,8,10947.6,1,8,0.0,1,8,10035.3,1,8,86.421,1,8,-9900,?,9,-9900,?,9,18.35,E,8,17.88,E,8,93.0,E,8,1008.6016999999999,E,8,999.0,E,8,1.68,E,8,-9900,?,9,-9900,?,9,0.043,E,8,-9900,?,9,-9900,?,9,0.43,99.0,E,8
08/28/2012,09:00,720.166,1338.837,230.98,1,8,44.783,1,8,206.909,1,8,27717.6,1,8,4254.345,1,8,22759.945,1,8,122.528,1,8,-9900,?,9,-9900,?,9,20.75,E,8,19.12,E,8,89.0,E,8,1008.6016999999999,E,8,999.0,E,8,1.68,E,8,-9900,?,9,-9900,?,9,0.033,E,8,-9900,?,9,-9900,?,9,0.33,99.0,E,8
08/28/2012,10:00,935.188,1338.837,353.62,1,8,56.796,1,8,313.96,1,8,42434.4,1,8,5395.648,1,8,34535.55,1,8,143.115,1,8,-9900,?,9,-9900,?,9,21.71,E,8,19.59,E,8,85.0,E,8,1008.6016999999999,E,8,999.0,E,8,2.21,E,8,-9900,?,9,-9900,?,9,0.0,E,8,-9900,?,9,-9900,?,9,0.0,0.0,E,8
08/28/2012,11:00,1081.133,1338.837,445.92,1,8,67.565,1,8,391.368,1,8,53510.4,1,8,6418.71,1,8,43050.522,1,8,154.295,1,8,-9900,?,9,-9900,?,9,22.53,E,8,19.98,E,8,86.0,E,8,1008.6016999999999,E,8,999.0,E,8,3.06,E,8,-9900,?,9,-9900,?,9,0.001,E,8,-9900,?,9,-9900,?,9,0.01,99.0,E,8
08/28/2012,12:00,1148.002,1338.837,500.54,1,8,80.357,1,8,431.645,1,8,60064.8,1,8,7633.881,1,8,47480.897,1,8,160.253,1,8,-9900,?,9,-9900,?,9,23.18,E,8,20.29,E,8,82.0,E,8,1008.6016999999999,E,8,999.0,E,8,3.42,E,8,-9900,?,9,-9900,?,9,0.0,E,8,-9900,?,9,-9900,?,9,0.0,0.0,E,8
08/28/2012,13:00,1131.221,1338.837,513.41,1,8,95.691,1,8,432.568,1,8,61609.2,1,8,9090.635,1,8,47582.434,1,8,162.98,1,8,-9900,?,9,-9900,?,9,23.65,E,8,20.51,E,8,82.0,E,8,1008.6016999999999,E,8,999.0,E,8,4.66,E,8,-9900,?,9,-9900,?,9,0.0,E,8,-9900,?,9,-9900,?,9,0.0,0.0,E,8
08/28/2012,14:00,1031.94,1338.837,483.6,1,8,117.595,1,8,392.979,1,8,58032.0,1,8,11171.543,1,8,43227.684,1,8,162.323,1,8,-9900,?,9,-9900,?,9,23.92,E,8,20.63,E,8,81.0,E,8,1008.6016999999999,E,8,999.0,E,8,4.78,E,8,-9900,?,9,-9900,?,9,0.0,E,8,-9900,?,9,-9900,?,9,0.0,0.0,E,8
08/28/2012,15:00,856.954,1338.837,413.28,1,8,156.978,1,8,312.845,1,8,49593.6,1,8,14912.923,1,8,34412.945,1,8,155.644,1,8,-9900,?,9,-9900,?,9,23.99,E,8,20.66,E,8,81.0,E,8,1008.6016999999999,E,8,999.0,E,8,4.01,E,8,-9900,?,9,-9900,?,9,0.0,E,8,-9900,?,9,-9900,?,9,0.0,0.0,E,8
08/28/2012,16:00,618.275,1338.837,307.78,1,8,257.108,1,8,189.175,1,8,36933.6,1,8,24425.225,1,8,20809.304,1,8,130.536,1,8,-9900,?,9,-9900,?,9,23.79,E,8,20.57,E,8,84.0,E,8,1008.6016999999999,E,8,999.0,E,8,3.53,E,8,-9900,?,9,-9900,?,9,0.012,E,8,-9900,?,9,-9900,?,9,0.12,99.0,E,8
08/28/2012,17:00,332.531,1338.837,176.13,1,8,462.327,1,8,61.8,1,8,21135.6,1,8,43921.055,1,8,6797.963,1,8,79.547,1,8,-9900,?,9,-9900,?,9,23.3,E,8,20.34,E,8,82.0,E,8,1008.6016999999999,E,8,999.0,E,8,3.18,E,8,-9900,?,9,-9900,?,9,0.0,E,8,-9900,?,9,-9900,?,9,0.0,0.0,E,8
08/28/2012,18:00,25.701,1338.837,38.54,1,8,0.0,1,8,38.54,1,8,4624.8,1,8,0.0,1,8,4239.4,1,8,991.762,1,8,-9900,?,9,-9900,?,9,22.58,E,8,20.01,E,8,86.0,E,8,1008.6016999999999,E,8,999.0,E,8,2.98,E,8,-9900,?,9,-9900,?,9,0.005,E,8,-9900,?,9,-9900,?,9,0.05,99.0,E,8
08/28/2012,19:00,0.0,1338.837,0.0,1,8,0.0,1,8,0.0,1,8,0.0,1,8,0.0,1,8,0.0,1,8,-0.0,1,8,-9900,?,9,-9900,?,9,22.01,E,8,19.73,E,8,87.0,E,8,1008.6016999999999,E,8,999.0,E,8,1.68,E,8,-9900,?,9,-9900,?,9,0.001,E,8,-9900,?,9,-9900,?,9,0.01,99.0,E,8
08/28/2012,20:00,0.0,1338.837,0.0,1,8,0.0,1,8,0.0,1,8,0.0,1,8,0.0,1,8,0.0,1,8,-0.0,1,8,-9900,?,9,-9900,?,9,21.44,E,8,19.46,E,8,91.0,E,8,1008.6016999999999,E,8,999.0,E,8,1.68,E,8,-9900,?,9,-9900,?,9,0.184,E,8,-9900,?,9,-9900,?,9,1.84,99.0,E,8
08/28/2012,21:00,0.0,1338.837,0.0,1,8,0.0,1,8,0.0,1,8,0.0,1,8,0.0,1,8,0.0,1,8,-0.0,1,8,-9900,?,9,-9900,?,9,20.87,E,8,19.18,E,8,92.0,E,8,1008.6016999999999,E,8,999.0,E,8,1.68,E,8,-9900,?,9,-9900,?,9,0.10900000000000001,E,8,-9900,?,9,-9900,?,9,1.09,99.0,E,8
08/28/2012,22:00,0.0,1338.837,0.0,1,8,0.0,1,8,0.0,1,8,0.0,1,8,0.0,1,8,0.0,1,8,-0.0,1,8,-9900,?,9,-9900,?,9,20.29,E,8,18.88,E,8,90.0,E,8,1008.6016999999999,E,8,999.0,E,8,1.68,E,8,-9900,?,9,-9900,?,9,0.076,E,8,-9900,?,9,-9900,?,9,0.76,99.0,E,8
08/28/2012,23:00,0.0,1338.837,0.0,1,8,0.0,1,8,0.0,1,8,0.0,1,8,0.0,1,8,0.0,1,8,-0.0,1,8,-9900,?,9,-9900,?,9,19.72,E,8,18.59,E,8,97.0,E,8,1008.6016999999999,E,8,999.0,E,8,1.68,E,8,-9900,?,9,-9900,?,9,2.2,E,8,-9900,?,9,-9900,?,9,22.0,99.0,E,8
08/28/2012,24:00,0.0,1338.837,0.0,1,8,0.0,1,8,0.0,1,8,0.0,1,8,0.0,1,8,0.0,1,8,-0.0,1,8,-9900,?,9,-9900,?,9,19.15,E,8,15.34,E,8,77.0,E,8,1008.6016999999999,E,8,999.0,E,8,1.86,E,8,-9900,?,9,-9900,?,9,0.015,E,8,-9900,?,9,-9900,?,9,0.15,99.0,E,8
08/29/2012,01:00,0.0,1338.837,0.0,1,8,0.0,1,8,0.0,1,8,0.0,1,8,0.0,1,8,0.0,1,8,-0.0,1,8,-9900,?,9,-9900,?,9,18.87,E,8,15.48,E,8,79.0,E,8,1008.6016999999999,E,8,999.0,E,8,1.86,E,8,-9900,?,9,-9900,?,9,0.004,E,8,-9900,?,9,-9900,?,9,0.04,99.0,E,8
08/29/2012,02:00,0.0,1338.837,0.0,1,8,0.0,1,8,0.0,1,8,0.0,1,8,0.0,1,8,0.0,1,8,-0.0,1,8,-9900,?,9,-9900,?,9,18.58,E,8,15.63,E,8,80.0,E,8,1008.6016999999999,E,8,999.0,E,8,1.86,E,8,-9900,?,9,-9900,?,9,0.028999999999999998,E,8,-9900,?,9,-9900,?,9,0.29,99.0,E,8
08/29/2012,03:00,0.0,1338.837,0.0,1,8,0.0,1,8,0.0,1,8,0.0,1,8,0.0,1,8,0.0,1,8,-0.0,1,8,-9900,?,9,-9900,?,9,18.29,E,8,15.77,E,8,82.0,E,8,1008.6016999999999,E,8,999.0,E,8,1.86,E,8,-9900,?,9,-9900,?,9,0.043,E,8,-9900,?,9,-9900,?,9,0.43,99.0,E,8
08/29/2012,04:00,0.0,1339.464,0.0,1,8,0.0,1,8,0.0,1,8,0.0,1,8,0.0,1,8,0.0,1,8,-0.0,1,8,-9900,?,9,-9900,?,9,18.01,E,8,15.91,E,8,84.0,E,8,1008.6016999999999,E,8,999.0,E,8,1.86,E,8,-9900,?,9,-9900,?,9,0.074,E,8,-9900,?,9,-9900,?,9,0.74,99.0,E,8
08/29/2012,05:00,0.0,1339.464,0.0,1,8,0.0,1,8,0.0,1,8,0.0,1,8,0.0,1,8,0.0,1,8,-0.0,1,8,-9900,?,9,-9900,?,9,17.72,E,8,16.05,E,8,86.0,E,8,1008.6016999999999,E,8,999.0,E,8,1.86,E,8,-9900,?,9,-9900,?,9,0.02,E,8,-9900,?,9,-9900,?,9,0.2,99.0,E,8
08/29/2012,06:00,0.0,1339.464,0.0,1,8,0.0,1,8,0.0,1,8,0.0,1,8,0.0,1,8,0.0,1,8,-0.0,1,8,-9900,?,9,-9900,?,9,17.5,E,8,16.15,E,8,95.0,E,8,1008.6016999999999,E,8,999.0,E,8,1.86,E,8,-9900,?,9,-9900,?,9,0.982,E,8,-9900,?,9,-9900,?,9,9.82,99.0,E,8
08/29/2012,07:00,151.91,1339.464,0.0,1,8,0.0,1,8,0.0,1,8,0.0,1,8,0.0,1,8,0.0,1,8,0.0,1,8,-9900,?,9,-9900,?,9,17.31,E,8,16.24,E,8,88.0,E,8,1008.6016999999999,E,8,999.0,E,8,1.86,E,8,-9900,?,9,-9900,?,9,0.002,E,8,-9900,?,9,-9900,?,9,0.02,99.0,E,8
08/29/2012,08:00,456.057,1339.464,98.48,1,8,0.0,1,8,98.48,1,8,11817.6,1,8,0.0,1,8,10832.8,1,8,92.272,1,8,-9900,?,9,-9900,?,9,17.12,E,8,16.33,E,8,86.0,E,8,1008.6016999999999,E,8,999.0,E,8,1.86,E,8,-9900,?,9,-9900,?,9,0.0,E,8,-9900,?,9,-9900,?,9,0.0,0.0,E,8
08/29/2012,09:00,725.502,1339.464,246.33,1,8,32.493,1,8,228.743,1,8,29559.6,1,8,3086.81,1,8,25161.751,1,8,134.523,1,8,-9900,?,9,-9900,?,9,19.2,E,8,15.32,E,8,77.0,E,8,1008.6016999999999,E,8,999.0,E,8,1.86,E,8,-9900,?,9,-9900,?,9,0.001,E,8,-9900,?,9,-9900,?,9,0.01,99.0,E,8
08/29/2012,10:00,940.534,1339.464,375.92,1,8,67.092,1,8,328.824,1,8,45110.4,1,8,6373.741,1,8,36170.653,1,8,149.108,1,8,-9900,?,9,-9900,?,9,20.01,E,8,14.91,E,8,69.0,E,8,1008.6016999999999,E,8,999.0,E,8,1.86,E,8,-9900,?,9,-9900,?,9,0.0,E,8,-9900,?,9,-9900,?,9,0.0,0.0,E,8
08/29/2012,11:00,1086.32,1339.464,473.37,1,8,140.276,1,8,359.622,1,8,56804.4,1,8,13326.23,1,8,39558.414,1,8,141.168,1,8,-9900,?,9,-9900,?,9,20.71,E,8,14.54,E,8,69.0,E,8,1008.6016999999999,E,8,999.0,E,8,2.16,E,8,-9900,?,9,-9900,?,9,0.006,E,8,-9900,?,9,-9900,?,9,0.06,99.0,E,8
08/29/2012,12:00,1152.874,1339.464,530.93,1,8,166.57,1,8,387.578,1,8,63711.6,1,8,15824.163,1,8,42633.603,1,8,143.352,1,8,-9900,?,9,-9900,?,9,21.27,E,8,14.24,E,8,63.0,E,8,1008.6016999999999,E,8,999.0,E,8,2.67,E,8,-9900,?,9,-9900,?,9,0.0,E,8,-9900,?,9,-9900,?,9,0.0,0.0,E,8
08/29/2012,13:00,1135.644,1339.464,544.31,1,8,198.041,1,8,376.423,1,8,65317.2,1,8,18813.894,1,8,41406.565,1,8,141.34,1,8,-9900,?,9,-9900,?,9,21.67,E,8,14.03,E,8,61.0,E,8,1008.6016999999999,E,8,999.0,E,8,3.61,E,8,-9900,?,9,-9900,?,9,0.0,E,8,-9900,?,9,-9900,?,9,0.0,0.0,E,8
08/29/2012,14:00,1035.81,1339.464,512.56,1,8,242.484,1,8,325.084,1,8,61507.2,1,8,23036.004,1,8,35759.186,1,8,133.839,1,8,-9900,?,9,-9900,?,9,21.9,E,8,13.9,E,8,60.0,E,8,1008.6016999999999,E,8,999.0,E,8,3.93,E,8,-9900,?,9,-9900,?,9,0.0,E,8,-9900,?,9,-9900,?,9,0.0,0.0,E,8
08/29/2012,15:00,860.206,1339.464,437.98,1,8,188.464,1,8,316.999,1,8,52557.6,1,8,17904.091,1,8,34869.847,1,8,157.187,1,8,-9900,?,9,-9900,?,9,21.96,E,8,13.87,E,8,60.0,E,8,1008.6016999999999,E,8,999.0,E,8,4.58,E,8,-9900,?,9,-9900,?,9,0.0,E,8,-9900,?,9,-9900,?,9,0.0,0.0,E,8
08/29/2012,16:00,620.887,1339.464,326.22,1,8,296.17,1,8,189.082,1,8,39146.4,1,8,28136.184,1,8,20798.975,1,8,129.982,1,8,-9900,?,9,-9900,?,9,21.79,E,8,13.96,E,8,60.0,E,8,1008.6016999999999,E,8,999.0,E,8,4.42,E,8,-9900,?,9,-9900,?,9,0.0,E,8,-9900,?,9,-9900,?,9,0.0,0.0,E,8
08/29/2012,17:00,334.519,1339.464,186.85,1,8,417.413,1,8,83.053,1,8,22422.0,1,8,39654.212,1,8,9135.839,1,8,106.313,1,8,-9900,?,9,-9900,?,9,21.37,E,8,14.19,E,8,66.0,E,8,1008.6016999999999,E,8,999.0,E,8,3.34,E,8,-9900,?,9,-9900,?,9,0.008,E,8,-9900,?,9,-9900,?,9,0.08,99.0,E,8
08/29/2012,18:00,26.99,1339.464,41.19,1,8,0.0,1,8,41.19,1,8,4942.8,1,8,0.0,1,8,4530.9,1,8,975.599,1,8,-9900,?,9,-9900,?,9,20.75,E,8,14.52,E,8,69.0,E,8,1008.6016999999999,E,8,999.0,E,8,2.49,E,8,-9900,?,9,-9900,?,9,0.011,E,8,-9900,?,9,-9900,?,9,0.11,99.0,E,8
08/29/2012,19:00,0.0,1339.464,0.0,1,8,0.0,1,8,0.0,1,8,0.0,1,8,0.0,1,8,0.0,1,8,-0.0,1,8,-9900,?,9,-9900,?,9,20.1,E,8,14.86,E,8,72.0,E,8,1008.6016999999999,E,8,999.0,E,8,1.86,E,8,-9900,?,9,-9900,?,9,0.001,E,8,-9900,?,9,-9900,?,9,0.01,99.0,E,8
08/29/2012,20:00,0.0,1339.464,0.0,1,8,0.0,1,8,0.0,1,8,0.0,1,8,0.0,1,8,0.0,1,8,-0.0,1,8,-9900,?,9,-9900,?,9,19.45,E,8,15.19,E,8,76.0,E,8,1008.6016999999999,E,8,999.0,E,8,1.86,E,8,-9900,?,9,-9900,?,9,0.003,E,8,-9900,?,9,-9900,?,9,0.03,99.0,E,8
08/29/2012,21:00,0.0,1339.464,0.0,1,8,0.0,1,8,0.0,1,8,0.0,1,8,0.0,1,8,0.0,1,8,-0.0,1,8,-9900,?,9,-9900,?,9,18.8,E,8,15.52,E,8,75.0,E,8,1008.6016999999999,E,8,999.0,E,8,1.86,E,8,-9900,?,9,-9900,?,9,0.0,E,8,-9900,?,9,-9900,?,9,0.0,0.0,E,8
08/29/2012,22:00,0.0,1339.464,0.0,1,8,0.0,1,8,0.0,1,8,0.0,1,8,0.0,1,8,0.0,1,8,-0.0,1,8,-9900,?,9,-9900,?,9,18.15,E,8,15.84,E,8,79.0,E,8,1008.6016999999999,E,8,999.0,E,8,1.86,E,8,-9900,?,9,-9900,?,9,0.0,E,8,-9900,?,9,-9900,?,9,0.0,0.0,E,8
08/29/2012,23:00,0.0,1339.464,0.0,1,8,0.0,1,8,0.0,1,8,0.0,1,8,0.0,1,8,0.0,1,8,-0.0,1,8,-9900,?,9,-9900,?,9,17.5,E,8,16.15,E,8,83.0,E,8,1008.6016999999999,E,8,999.0,E,8,1.86,E,8,-9900,?,9,-9900,?,9,0.0,E,8,-9900,?,9,-9900,?,9,0.0,0.0,E,8
08/29/2012,24:00,0.0,1339.464,0.0,1,8,0.0,1,8,0.0,1,8,0.0,1,8,0.0,1,8,0.0,1,8,-0.0,1,8,-9900,?,9,-9900,?,9,16.85,E,8,12.84,E,8,77.0,E,8,1008.6016999999999,E,8,999.0,E,8,1.46,E,8,-9900,?,9,-9900,?,9,0.003,E,8,-9900,?,9,-9900,?,9,0.03,99.0,E,8
08/30/2012,01:00,0.0,1339.464,0.0,1,8,0.0,1,8,0.0,1,8,0.0,1,8,0.0,1,8,0.0,1,8,-0.0,1,8,-9900,?,9,-9900,?,9,16.52,E,8,12.88,E,8,79.0,E,8,1008.6016999999999,E,8,999.0,E,8,1.46,E,8,-9900,?,9,-9900,?,9,0.007000000000000001,E,8,-9900,?,9,-9900,?,9,0.07,99.0,E,8
08/30/2012,02:00,0.0,1339.464,0.0,1,8,0.0,1,8,0.0,1,8,0.0,1,8,0.0,1,8,0.0,1,8,-0.0,1,8,-9900,?,9,-9900,?,9,16.19,E,8,12.92,E,8,76.0,E,8,1008.6016999999999,E,8,999.0,E,8,1.46,E,8,-9900,?,9,-9900,?,9,0.0,E,8,-9900,?,9,-9900,?,9,0.0,0.0,E,8
08/30/2012,03:00,0.0,1339.464,0.0,1,8,0.0,1,8,0.0,1,8,0.0,1,8,0.0,1,8,0.0,1,8,-0.0,1,8,-9900,?,9,-9900,?,9,15.87,E,8,12.96,E,8,82.0,E,8,1008.6016999999999,E,8,999.0,E,8,1.46,E,8,-9900,?,9,-9900,?,9,0.001,E,8,-9900,?,9,-9900,?,9,0.01,99.0,E,8
08/30/2012,04:00,0.0,1340.101,0.0,1,8,0.0,1,8,0.0,1,8,0.0,1,8,0.0,1,8,0.0,1,8,-0.0,1,8,-9900,?,9,-9900,?,9,15.54,E,8,13.0,E,8,84.0,E,8,1008.6016999999999,E,8,999.0,E,8,1.46,E,8,-9900,?,9,-9900,?,9,0.012,E,8,-9900,?,9,-9900,?,9,0.12,99.0,E,8
08/30/2012,05:00,0.0,1340.101,0.0,1,8,0.0,1,8,0.0,1,8,0.0,1,8,0.0,1,8,0.0,1,8,-0.0,1,8,-9900,?,9,-9900,?,9,15.22,E,8,13.03,E,8,81.0,E,8,1008.6016999999999,E,8,999.0,E,8,1.46,E,8,-9900,?,9,-9900,?,9,0.0,E,8,-9900,?,9,-9900,?,9,0.0,0.0,E,8
08/30/2012,06:00,0.0,1340.101,0.0,1,8,0.0,1,8,0.0,1,8,0.0,1,8,0.0,1,8,0.0,1,8,-0.0,1,8,-9900,?,9,-9900,?,9,14.97,E,8,13.06,E,8,91.0,E,8,1008.6016999999999,E,8,999.0,E,8,1.46,E,8,-9900,?,9,-9900,?,9,0.16799999999999998,E,8,-9900,?,9,-9900,?,9,1.68,99.0,E,8
08/30/2012,07:00,156.725,1340.101,0.0,1,8,0.0,1,8,0.0,1,8,0.0,1,8,0.0,1,8,0.0,1,8,0.0,1,8,-9900,?,9,-9900,?,9,14.75,E,8,13.09,E,8,88.0,E,8,1008.6016999999999,E,8,999.0,E,8,1.46,E,8,-9900,?,9,-9900,?,9,0.001,E,8,-9900,?,9,-9900,?,9,0.01,99.0,E,8
08/30/2012,08:00,461.256,1340.101,94.23,1,8,0.0,1,8,94.23,1,8,11307.6,1,8,0.0,1,8,10365.3,1,8,87.332,1,8,-9900,?,9,-9900,?,9,14.54,E,8,13.11,E,8,85.0,E,8,1008.6016999999999,E,8,999.0,E,8,1.46,E,8,-9900,?,9,-9900,?,9,0.0,E,8,-9900,?,9,-9900,?,9,0.0,0.0,E,8
08/30/2012,09:00,730.87,1340.101,232.93,1,8,23.825,1,8,219.945,1,8,27951.6,1,8,2263.374,1,8,24193.974,1,8,128.458,1,8,-9900,?,9,-9900,?,9,17.3,E,8,12.79,E,8,71.0,E,8,1008.6016999999999,E,8,999.0,E,8,1.46,E,8,-9900,?,9,-9900,?,9,0.0,E,8,-9900,?,9,-9900,?,9,0.0,0.0,E,8
08/30/2012,10:00,945.899,1340.101,354.32,1,8,72.589,1,8,303.099,1,8,42518.4,1,8,6895.957,1,8,33340.87,1,8,136.727,1,8,-9900,?,9,-9900,?,9,18.37,E,8,12.66,E,8,67.0,E,8,1008.6016999999999,E,8,999.0,E,8,1.63,E,8,-9900,?,9,-9900,?,9,0.0,E,8,-9900,?,9,-9900,?,9,0.0,0.0,E,8
08/30/2012,11:00,1091.514,1340.101,445.54,1,8,107.3,1,8,358.157,1,8,53464.8,1,8,10193.503,1,8,39397.268,1,8,139.99,1,8,-9900,?,9,-9900,?,9,19.29,E,8,12.55,E,8,63.0,E,8,1008.6016999999999,E,8,999.0,E,8,2.61,E,8,-9900,?,9,-9900,?,9,0.0,E,8,-9900,?,9,-9900,?,9,0.0,0.0,E,8
08/30/2012,12:00,1157.742,1340.101,499.31,1,8,127.467,1,8,389.2,1,8,59917.2,1,8,12109.36,1,8,42811.95,1,8,143.414,1,8,-9900,?,9,-9900,?,9,20.02,E,8,12.46,E,8,61.0,E,8,1008.6016999999999,E,8,999.0,E,8,3.66,E,8,-9900,?,9,-9900,?,9,0.0,E,8,-9900,?,9,-9900,?,9,0.0,0.0,E,8
08/30/2012,13:00,1140.054,1340.101,511.64,1,8,151.703,1,8,382.597,1,8,61396.8,1,8,14411.83,1,8,42085.659,1,8,143.17,1,8,-9900,?,9,-9900,?,9,20.55,E,8,12.4,E,8,59.0,E,8,1008.6016999999999,E,8,999.0,E,8,4.45,E,8,-9900,?,9,-9900,?,9,0.0,E,8,-9900,?,9,-9900,?,9,0.0,0.0,E,8
08/30/2012,14:00,1039.661,1340.101,481.64,1,8,186.403,1,8,337.055,1,8,57796.8,1,8,17708.301,1,8,37076.044,1,8,138.319,1,8,-9900,?,9,-9900,?,9,20.85,E,8,12.36,E,8,58.0,E,8,1008.6016999999999,E,8,999.0,E,8,5.17,E,8,-9900,?,9,-9900,?,9,0.0,E,8,-9900,?,9,-9900,?,9,0.0,0.0,E,8
08/30/2012,15:00,863.436,1340.101,411.51,1,8,146.055,1,8,317.444,1,8,49381.2,1,8,13875.271,1,8,34918.875,1,8,156.893,1,8,-9900,?,9,-9900,?,9,20.93,E,8,12.35,E,8,57.0,E,8,1008.6016999999999,E,8,999.0,E,8,5.21,E,8,-9900,?,9,-9900,?,9,0.0,E,8,-9900,?,9,-9900,?,9,0.0,0.0,E,8
08/30/2012,16:00,623.476,1340.101,306.55,1,8,233.387,1,8,198.083,1,8,36786.0,1,8,22171.726,1,8,21789.106,1,8,135.667,1,8,-9900,?,9,-9900,?,9,20.7,E,8,12.38,E,8,58.0,E,8,1008.6016999999999,E,8,999.0,E,8,4.56,E,8,-9900,?,9,-9900,?,9,0.0,E,8,-9900,?,9,-9900,?,9,0.0,0.0,E,8
08/30/2012,17:00,336.488,1340.101,175.73,1,8,385.999,1,8,79.221,1,8,21087.6,1,8,36669.912,1,8,8714.302,1,8,100.857,1,8,-9900,?,9,-9900,?,9,20.14,E,8,12.45,E,8,60.0,E,8,1008.6016999999999,E,8,999.0,E,8,4.37,E,8,-9900,?,9,-9900,?,9,0.0,E,8,-9900,?,9,-9900,?,9,0.0,0.0,E,8
08/30/2012,18:00,28.271,1340.101,39.02,1,8,0.0,1,8,39.02,1,8,4682.4,1,8,0.0,1,8,4292.2,1,8,856.698,1,8,-9900,?,9,-9900,?,9,19.32,E,8,12.55,E,8,67.0,E,8,1008.6016999999999,E,8,999.0,E,8,2.75,E,8,-9900,?,9,-9900,?,9,0.001,E,8,-9900,?,9,-9900,?,9,0.01,99.0,E,8
08/30/2012,19:00,0.0,1340.101,0.0,1,8,0.0,1,8,0.0,1,8,0.0,1,8,0.0,1,8,0.0,1,8,-0.0,1,8,-9900,?,9,-9900,?,9,18.8,E,8,12.61,E,8,65.0,E,8,1008.6016999999999,E,8,999.0,E,8,2.07,E,8,-9900,?,9,-9900,?,9,0.0,E,8,-9900,?,9,-9900,?,9,0.0,0.0,E,8
08/30/2012,20:00,0.0,1340.101,0.0,1,8,0.0,1,8,0.0,1,8,0.0,1,8,0.0,1,8,0.0,1,8,-0.0,1,8,-9900,?,9,-9900,?,9,18.29,E,8,12.67,E,8,71.0,E,8,1008.6016999999999,E,8,999.0,E,8,1.48,E,8,-9900,?,9,-9900,?,9,0.002,E,8,-9900,?,9,-9900,?,9,0.02,99.0,E,8
08/30/2012,21:00,0.0,1340.101,0.0,1,8,0.0,1,8,0.0,1,8,0.0,1,8,0.0,1,8,0.0,1,8,-0.0,1,8,-9900,?,9,-9900,?,9,17.77,E,8,12.73,E,8,69.0,E,8,1008.6016999999999,E,8,999.0,E,8,1.46,E,8,-9900,?,9,-9900,?,9,0.0,E,8,-9900,?,9,-9900,?,9,0.0,0.0,E,8
08/30/2012,22:00,0.0,1340.101,0.0,1,8,0.0,1,8,0.0,1,8,0.0,1,8,0.0,1,8,0.0,1,8,-0.0,1,8,-9900,?,9,-9900,?,9,17.26,E,8,12.79,E,8,71.0,E,8,1008.6016999999999,E,8,999.0,E,8,1.46,E,8,-9900,?,9,-9900,?,9,0.0,E,8,-9900,?,9,-9900,?,9,0.0,0.0,E,8
08/30/2012,23:00,0.0,1340.101,0.0,1,8,0.0,1,8,0.0,1,8,0.0,1,8,0.0,1,8,0.0,1,8,-0.0,1,8,-9900,?,9,-9900,?,9,16.74,E,8,12.86,E,8,78.0,E,8,1008.6016999999999,E,8,999.0,E,8,1.46,E,8,-9900,?,9,-9900,?,9,0.004,E,8,-9900,?,9,-9900,?,9,0.04,99.0,E,8
08/30/2012,24:00,0.0,1340.101,0.0,1,8,0.0,1,8,0.0,1,8,0.0,1,8,0.0,1,8,0.0,1,8,-0.0,1,8,-9900,?,9,-9900,?,9,16.22,E,8,12.05,E,8,76.0,E,8,1008.6016999999999,E,8,999.0,E,8,1.39,E,8,-9900,?,9,-9900,?,9,0.0,E,8,-9900,?,9,-9900,?,9,0.0,0.0,E,8
08/31/2012,01:00,0.0,1340.101,0.0,1,8,0.0,1,8,0.0,1,8,0.0,1,8,0.0,1,8,0.0,1,8,-0.0,1,8,-9900,?,9,-9900,?,9,15.96,E,8,12.02,E,8,77.0,E,8,1008.6016999999999,E,8,999.0,E,8,1.39,E,8,-9900,?,9,-9900,?,9,0.0,E,8,-9900,?,9,-9900,?,9,0.0,0.0,E,8
08/31/2012,02:00,0.0,1340.101,0.0,1,8,0.0,1,8,0.0,1,8,0.0,1,8,0.0,1,8,0.0,1,8,-0.0,1,8,-9900,?,9,-9900,?,9,15.71,E,8,11.99,E,8,78.0,E,8,1008.6016999999999,E,8,999.0,E,8,1.39,E,8,-9900,?,9,-9900,?,9,0.0,E,8,-9900,?,9,-9900,?,9,0.0,0.0,E,8
08/31/2012,03:00,0.0,1340.101,0.0,1,8,0.0,1,8,0.0,1,8,0.0,1,8,0.0,1,8,0.0,1,8,-0.0,1,8,-9900,?,9,-9900,?,9,15.45,E,8,11.97,E,8,79.0,E,8,1008.6016999999999,E,8,999.0,E,8,1.39,E,8,-9900,?,9,-9900,?,9,0.0,E,8,-9900,?,9,-9900,?,9,0.0,0.0,E,8
08/31/2012,04:00,0.0,1340.745,0.0,1,8,0.0,1,8,0.0,1,8,0.0,1,8,0.0,1,8,0.0,1,8,-0.0,1,8,-9900,?,9,-9900,?,9,15.19,E,8,11.94,E,8,80.0,E,8,1008.6016999999999,E,8,999.0,E,8,1.39,E,8,-9900,?,9,-9900,?,9,0.0,E,8,-9900,?,9,-9900,?,9,0.0,0.0,E,8
08/31/2012,05:00,0.0,1340.745,0.0,1,8,0.0,1,8,0.0,1,8,0.0,1,8,0.0,1,8,0.0,1,8,-0.0,1,8,-9900,?,9,-9900,?,9,14.93,E,8,11.91,E,8,82.0,E,8,1008.6016999999999,E,8,999.0,E,8,1.39,E,8,-9900,?,9,-9900,?,9,0.0,E,8,-9900,?,9,-9900,?,9,0.0,0.0,E,8
08/31/2012,06:00,0.0,1340.745,0.0,1,8,0.0,1,8,0.0,1,8,0.0,1,8,0.0,1,8,0.0,1,8,-0.0,1,8,-9900,?,9,-9900,?,9,14.73,E,8,11.89,E,8,83.0,E,8,1008.6016999999999,E,8,999.0,E,8,1.39,E,8,-9900,?,9,-9900,?,9,0.0,E,8,-9900,?,9,-9900,?,9,0.0,0.0,E,8
08/31/2012,07:00,161.596,1340.745,0.0,1,8,0.0,1,8,0.0,1,8,0.0,1,8,0.0,1,8,0.0,1,8,0.0,1,8,-9900,?,9,-9900,?,9,14.56,E,8,11.87,E,8,83.0,E,8,1008.6016999999999,E,8,999.0,E,8,1.39,E,8,-9900,?,9,-9900,?,9,0.0,E,8,-9900,?,9,-9900,?,9,0.0,0.0,E,8
08/31/2012,08:00,466.497,1340.745,109.62,1,8,0.0,1,8,109.62,1,8,13154.4,1,8,0.0,1,8,12058.2,1,8,100.497,1,8,-9900,?,9,-9900,?,9,14.39,E,8,11.86,E,8,84.0,E,8,1008.6016999999999,E,8,999.0,E,8,1.39,E,8,-9900,?,9,-9900,?,9,0.0,E,8,-9900,?,9,-9900,?,9,0.0,0.0,E,8
08/31/2012,09:00,736.266,1340.745,267.81,1,8,44.192,1,8,243.559,1,8,32137.2,1,8,4198.222,1,8,26791.452,1,8,141.273,1,8,-9900,?,9,-9900,?,9,17.14,E,8,12.14,E,8,72.0,E,8,1008.6016999999999,E,8,999.0,E,8,1.39,E,8,-9900,?,9,-9900,?,9,0.0,E,8,-9900,?,9,-9900,?,9,0.0,0.0,E,8
08/31/2012,10:00,951.279,1340.745,406.1,1,8,87.226,1,8,344.23,1,8,48732.0,1,8,8286.456,1,8,37865.282,1,8,154.477,1,8,-9900,?,9,-9900,?,9,18.19,E,8,12.25,E,8,68.0,E,8,1008.6016999999999,E,8,999.0,E,8,1.85,E,8,-9900,?,9,-9900,?,9,0.0,E,8,-9900,?,9,-9900,?,9,0.0,0.0,E,8
08/31/2012,11:00,1096.712,1340.745,509.91,1,8,180.964,1,8,361.906,1,8,61189.2,1,8,17191.556,1,8,39809.609,1,8,140.852,1,8,-9900,?,9,-9900,?,9,19.1,E,8,12.34,E,8,64.0,E,8,1008.6016999999999,E,8,999.0,E,8,2.87,E,8,-9900,?,9,-9900,?,9,0.0,E,8,-9900,?,9,-9900,?,9,0.0,0.0,E,8
08/31/2012,12:00,1162.603,1340.745,570.99,1,8,214.351,1,8,385.137,1,8,68518.8,1,8,20363.375,1,8,42365.08,1,8,141.391,1,8,-9900,?,9,-9900,?,9,19.82,E,8,12.41,E,8,62.0,E,8,1008.6016999999999,E,8,999.0,E,8,3.68,E,8,-9900,?,9,-9900,?,9,0.0,E,8,-9900,?,9,-9900,?,9,0.0,0.0,E,8
08/31/2012,13:00,1144.448,1340.745,584.79,1,8,254.045,1,8,367.963,1,8,70174.8,1,8,24134.264,1,8,40475.949,1,8,137.231,1,8,-9900,?,9,-9900,?,9,20.33,E,8,12.47,E,8,60.0,E,8,1008.6016999999999,E,8,999.0,E,8,4.79,E,8,-9900,?,9,-9900,?,9,0.0,E,8,-9900,?,9,-9900,?,9,0.0,0.0,E,8
08/31/2012,14:00,1043.491,1340.745,550.34,1,8,309.162,1,8,309.768,1,8,66040.8,1,8,29370.403,1,8,34074.425,1,8,126.714,1,8,-9900,?,9,-9900,?,9,20.63,E,8,12.5,E,8,59.0,E,8,1008.6016999999999,E,8,999.0,E,8,4.65,E,8,-9900,?,9,-9900,?,9,0.0,E,8,-9900,?,9,-9900,?,9,0.0,0.0,E,8
08/31/2012,15:00,866.643,1340.745,470.14,1,8,279.958,1,8,289.252,1,8,56416.8,1,8,26595.994,1,8,31817.758,1,8,142.499,1,8,-9900,?,9,-9900,?,9,20.71,E,8,12.5,E,8,59.0,E,8,1008.6016999999999,E,8,999.0,E,8,5.11,E,8,-9900,?,9,-9900,?,9,0.0,E,8,-9900,?,9,-9900,?,9,0.0,0.0,E,8
08/31/2012,16:00,626.042,1340.745,350.27,1,8,365.884,1,8,179.605,1,8,42032.4,1,8,34758.988,1,8,19756.513,1,8,122.565,1,8,-9900,?,9,-9900,?,9,20.48,E,8,12.48,E,8,60.0,E,8,1008.6016999999999,E,8,999.0,E,8,5.05,E,8,-9900,?,9,-9900,?,9,0.0,E,8,-9900,?,9,-9900,?,9,0.0,0.0,E,8
08/31/2012,17:00,338.438,1340.745,200.96,1,8,382.891,1,8,104.715,1,8,24115.2,1,8,36374.629,1,8,11518.65,1,8,132.604,1,8,-9900,?,9,-9900,?,9,19.92,E,8,12.42,E,8,61.0,E,8,1008.6016999999999,E,8,999.0,E,8,3.85,E,8,-9900,?,9,-9900,?,9,0.0,E,8,-9900,?,9,-9900,?,9,0.0,0.0,E,8
08/31/2012,18:00,29.546,1340.745,119.234,1,8,0.0,1,8,119.234,1,8,14308.08,1,8,0.0,1,8,13115.74,1,8,2441.177,1,8,-9900,?,9,-9900,?,9,19.35,E,8,12.364,E,8,63.6,E,8,1008.6016999999999,E,8,999.0,E,8,3.182,E,8,-9900,?,9,-9900,?,9,0.0,E,8,-9900,?,9,-9900,?,9,0.0,0.0,E,8
08/31/2012,19:00,0.0,1340.745,49.18,1,8,0.0,1,8,0.0,1,8,5901.6,1,8,0.0,1,8,0.0,1,8,-0.0,1,8,-9900,?,9,-9900,?,9,18.876,E,8,12.316,E,8,65.2,E,8,1008.6016999999999,E,8,999.0,E,8,2.45,E,8,-9900,?,9,-9900,?,9,0.0,E,8,-9900,?,9,-9900,?,9,0.0,0.0,E,8
08/31/2012,20:00,0.0,1340.745,8.988,1,8,0.0,1,8,0.0,1,8,1078.56,1,8,0.0,1,8,0.0,1,8,-0.0,1,8,-9900,?,9,-9900,?,9,18.448,E,8,12.274,E,8,66.8,E,8,1008.6016999999999,E,8,999.0,E,8,1.958,E,8,-9900,?,9,-9900,?,9,0.0,E,8,-9900,?,9,-9900,?,9,0.0,0.0,E,8
08/31/2012,21:00,0.0,1340.745,0.0,1,8,0.0,1,8,0.0,1,8,0.0,1,8,0.0,1,8,0.0,1,8,-0.0,1,8,-9900,?,9,-9900,?,9,18.112,E,8,12.24,E,8,68.2,E,8,1008.6016999999999,E,8,999.0,E,8,1.6,E,8,-9900,?,9,-9900,?,9,0.0,E,8,-9900,?,9,-9900,?,9,0.0,0.0,E,8
08/31/2012,22:00,0.0,1340.745,0.0,1,8,0.0,1,8,0.0,1,8,0.0,1,8,0.0,1,8,0.0,1,8,-0.0,1,8,-9900,?,9,-9900,?,9,18.1,E,8,12.784,E,8,70.8,E,8,1008.6016999999999,E,8,999.0,E,8,1.404,E,8,-9900,?,9,-9900,?,9,0.0,E,8,-9900,?,9,-9900,?,9,0.0,0.0,E,8
08/31/2012,23:00,0.0,1340.745,0.0,1,8,0.0,1,8,0.0,1,8,0.0,1,8,0.0,1,8,0.0,1,8,-0.0,1,8,-9900,?,9,-9900,?,9,18.104,E,8,13.336,E,8,73.4,E,8,1008.6016999999999,E,8,999.0,E,8,1.266,E,8,-9900,?,9,-9900,?,9,0.0,E,8,-9900,?,9,-9900,?,9,0.0,0.0,E,8
08/31/2011,24:00,0.0,1340.101,0.0,1,8,0.0,1,8,0.0,1,8,0.0,1,8,0.0,1,8,0.0,1,8,-0.0,1,8,-9900,?,9,-9900,?,9,18.126,E,8,13.896,E,8,76.0,E,8,1008.6016999999999,E,8,999.0,E,8,1.204,E,8,-9900,?,9,-9900,?,9,0.0,E,8,-9900,?,9,-9900,?,9,0.0,0.0,E,8
09/01/2011,01:00,0.0,1340.101,0.0,1,8,0.0,1,8,0.0,1,8,0.0,1,8,0.0,1,8,0.0,1,8,-0.0,1,8,-9900,?,9,-9900,?,9,18.166,E,8,14.462,E,8,78.6,E,8,1008.6016999999999,E,8,999.0,E,8,1.142,E,8,-9900,?,9,-9900,?,9,0.0,E,8,-9900,?,9,-9900,?,9,0.0,0.0,E,8
09/01/2011,02:00,0.0,1340.101,0.0,1,8,0.0,1,8,0.0,1,8,0.0,1,8,0.0,1,8,0.0,1,8,-0.0,1,8,-9900,?,9,-9900,?,9,18.224,E,8,15.036,E,8,81.2,E,8,1008.6016999999999,E,8,999.0,E,8,1.08,E,8,-9900,?,9,-9900,?,9,0.0,E,8,-9900,?,9,-9900,?,9,0.0,0.0,E,8
09/01/2011,03:00,0.0,1340.101,0.0,1,8,0.0,1,8,0.0,1,8,0.0,1,8,0.0,1,8,0.0,1,8,-0.0,1,8,-9900,?,9,-9900,?,9,17.976,E,8,15.04,E,8,82.4,E,8,1008.6016999999999,E,8,999.0,E,8,1.08,E,8,-9900,?,9,-9900,?,9,0.0,E,8,-9900,?,9,-9900,?,9,0.0,0.0,E,8
09/01/2011,04:00,0.0,1340.745,0.0,1,8,0.0,1,8,0.0,1,8,0.0,1,8,0.0,1,8,0.0,1,8,-0.0,1,8,-9900,?,9,-9900,?,9,17.74,E,8,15.044,E,8,83.6,E,8,1008.6016999999999,E,8,999.0,E,8,1.08,E,8,-9900,?,9,-9900,?,9,0.0,E,8,-9900,?,9,-9900,?,9,0.0,0.0,E,8
09/01/2011,05:00,0.0,1340.745,0.0,1,8,0.0,1,8,0.0,1,8,0.0,1,8,0.0,1,8,0.0,1,8,-0.0,1,8,-9900,?,9,-9900,?,9,17.522,E,8,15.046,E,8,84.8,E,8,1008.6016999999999,E,8,999.0,E,8,1.08,E,8,-9900,?,9,-9900,?,9,0.0,E,8,-9900,?,9,-9900,?,9,0.0,0.0,E,8
09/01/2011,06:00,0.0,1340.745,0.0,1,8,0.0,1,8,0.0,1,8,0.0,1,8,0.0,1,8,0.0,1,8,-0.0,1,8,-9900,?,9,-9900,?,9,17.29,E,8,15.05,E,8,86.0,E,8,1008.6016999999999,E,8,999.0,E,8,1.08,E,8,-9900,?,9,-9900,?,9,0.0,E,8,-9900,?,9,-9900,?,9,0.0,0.0,E,8
09/01/2011,07:00,162.738,1340.745,0.0,1,8,0.0,1,8,0.0,1,8,0.0,1,8,0.0,1,8,0.0,1,8,0.0,1,8,-9900,?,9,-9900,?,9,17.13,E,8,15.05,E,8,87.0,E,8,1008.6016999999999,E,8,999.0,E,8,1.08,E,8,-9900,?,9,-9900,?,9,0.0,E,8,-9900,?,9,-9900,?,9,0.0,0.0,E,8
09/01/2011,08:00,467.694,1340.745,182.23,1,8,96.131,1,8,148.767,1,8,21867.6,1,8,9132.409,1,8,16364.351,1,8,136.035,1,8,-9900,?,9,-9900,?,9,16.97,E,8,15.06,E,8,88.0,E,8,1008.6016999999999,E,8,999.0,E,8,1.08,E,8,-9900,?,9,-9900,?,9,0.0,E,8,-9900,?,9,-9900,?,9,0.0,0.0,E,8
09/01/2011,09:00,737.472,1340.745,416.57,1,8,343.987,1,8,227.489,1,8,49988.4,1,8,32678.78,1,8,25023.77,1,8,131.736,1,8,-9900,?,9,-9900,?,9,20.7,E,8,15.0,E,8,69.0,E,8,1008.6016999999999,E,8,999.0,E,8,1.27,E,8,-9900,?,9,-9900,?,9,0.0,E,8,-9900,?,9,-9900,?,9,0.0,0.0,E,8
09/01/2011,10:00,952.461,1340.745,554.99,1,8,345.042,1,8,309.944,1,8,66598.8,1,8,32779.022,1,8,34093.804,1,8,138.918,1,8,-9900,?,9,-9900,?,9,21.76,E,8,14.98,E,8,65.0,E,8,1008.6016999999999,E,8,999.0,E,8,1.78,E,8,-9900,?,9,-9900,?,9,0.0,E,8,-9900,?,9,-9900,?,9,0.0,0.0,E,8
09/01/2011,11:00,1097.838,1340.745,649.57,1,8,337.969,1,8,372.872,1,8,77948.4,1,8,32107.05,1,8,41015.893,1,8,144.971,1,8,-9900,?,9,-9900,?,9,22.59,E,8,14.97,E,8,62.0,E,8,1008.6016999999999,E,8,999.0,E,8,2.53,E,8,-9900,?,9,-9900,?,9,0.0,E,8,-9900,?,9,-9900,?,9,0.0,0.0,E,8
09/01/2011,12:00,1163.648,1340.745,740.71,1,8,444.598,1,8,354.875,1,8,88885.2,1,8,42236.807,1,8,39036.282,1,8,130.164,1,8,-9900,?,9,-9900,?,9,23.31,E,8,14.96,E,8,59.0,E,8,1008.6016999999999,E,8,999.0,E,8,3.11,E,8,-9900,?,9,-9900,?,9,0.0,E,8,-9900,?,9,-9900,?,9,0.0,0.0,E,8
09/01/2011,13:00,1145.391,1340.745,754.85,1,8,493.083,1,8,333.658,1,8,90582.0,1,8,46842.872,1,8,36702.351,1,8,124.334,1,8,-9900,?,9,-9900,?,9,23.82,E,8,14.95,E,8,57.0,E,8,1008.6016999999999,E,8,999.0,E,8,4.09,E,8,-9900,?,9,-9900,?,9,0.0,E,8,-9900,?,9,-9900,?,9,0.0,0.0,E,8
09/01/2011,14:00,1044.318,1340.745,649.3,1,8,444.48,1,8,303.157,1,8,77916.0,1,8,42225.553,1,8,33347.272,1,8,123.912,1,8,-9900,?,9,-9900,?,9,24.0,E,8,14.95,E,8,56.0,E,8,1008.6016999999999,E,8,999.0,E,8,4.76,E,8,-9900,?,9,-9900,?,9,0.0,E,8,-9900,?,9,-9900,?,9,0.0,0.0,E,8
09/01/2011,15:00,867.347,1340.745,599.63,1,8,652.713,1,8,177.553,1,8,71955.6,1,8,62007.741,1,8,19530.826,1,8,87.399,1,8,-9900,?,9,-9900,?,9,24.05,E,8,14.95,E,8,56.0,E,8,1008.6016999999999,E,8,999.0,E,8,4.37,E,8,-9900,?,9,-9900,?,9,0.0,E,8,-9900,?,9,-9900,?,9,0.0,0.0,E,8
09/01/2011,16:00,626.625,1340.745,327.31,1,8,289.02,1,8,192.372,1,8,39277.2,1,8,27456.858,1,8,21160.896,1,8,131.155,1,8,-9900,?,9,-9900,?,9,23.49,E,8,14.95,E,8,58.0,E,8,1008.6016999999999,E,8,999.0,E,8,4.44,E,8,-9900,?,9,-9900,?,9,0.0,E,8,-9900,?,9,-9900,?,9,0.0,0.0,E,8
09/01/2011,17:00,338.912,1340.745,193.29,1,8,441.208,1,8,82.23,1,8,23194.8,1,8,41914.793,1,8,9045.249,1,8,103.983,1,8,-9900,?,9,-9900,?,9,22.75,E,8,14.97,E,8,61.0,E,8,1008.6016999999999,E,8,999.0,E,8,4.08,E,8,-9900,?,9,-9900,?,9,0.0,E,8,-9900,?,9,-9900,?,9,0.0,0.0,E,8
09/01/2011,18:00,29.891,1340.745,36.84,1,8,0.0,1,8,36.84,1,8,4420.8,1,8,0.0,1,8,4052.4,1,8,740.588,1,8,-9900,?,9,-9900,?,9,21.84,E,8,14.98,E,8,65.0,E,8,1008.6016999999999,E,8,999.0,E,8,3.43,E,8,-9900,?,9,-9900,?,9,0.0,E,8,-9900,?,9,-9900,?,9,0.0,0.0,E,8
09/01/2011,19:00,0.0,1340.745,0.0,1,8,0.0,1,8,0.0,1,8,0.0,1,8,0.0,1,8,0.0,1,8,-0.0,1,8,-9900,?,9,-9900,?,9,21.39,E,8,14.99,E,8,66.0,E,8,1008.6016999999999,E,8,999.0,E,8,2.52,E,8,-9900,?,9,-9900,?,9,0.0,E,8,-9900,?,9,-9900,?,9,0.0,0.0,E,8
09/01/2011,20:00,0.0,1340.745,0.0,1,8,0.0,1,8,0.0,1,8,0.0,1,8,0.0,1,8,0.0,1,8,-0.0,1,8,-9900,?,9,-9900,?,9,20.94,E,8,14.99,E,8,68.0,E,8,1008.6016999999999,E,8,999.0,E,8,1.71,E,8,-9900,?,9,-9900,?,9,0.0,E,8,-9900,?,9,-9900,?,9,0.0,0.0,E,8
09/01/2011,21:00,0.0,1340.745,0.0,1,8,0.0,1,8,0.0,1,8,0.0,1,8,0.0,1,8,0.0,1,8,-0.0,1,8,-9900,?,9,-9900,?,9,20.49,E,8,15.0,E,8,70.0,E,8,1008.6016999999999,E,8,999.0,E,8,1.08,E,8,-9900,?,9,-9900,?,9,0.0,E,8,-9900,?,9,-9900,?,9,0.0,0.0,E,8
09/01/2011,22:00,0.0,1340.745,0.0,1,8,0.0,1,8,0.0,1,8,0.0,1,8,0.0,1,8,0.0,1,8,-0.0,1,8,-9900,?,9,-9900,?,9,20.04,E,8,15.01,E,8,72.0,E,8,1008.6016999999999,E,8,999.0,E,8,1.08,E,8,-9900,?,9,-9900,?,9,0.0,E,8,-9900,?,9,-9900,?,9,0.0,0.0,E,8
09/01/2011,23:00,0.0,1340.745,0.0,1,8,0.0,1,8,0.0,1,8,0.0,1,8,0.0,1,8,0.0,1,8,-0.0,1,8,-9900,?,9,-9900,?,9,19.58,E,8,15.01,E,8,74.0,E,8,1008.6016999999999,E,8,999.0,E,8,1.08,E,8,-9900,?,9,-9900,?,9,0.0,E,8,-9900,?,9,-9900,?,9,0.0,0.0,E,8
09/01/2011,24:00,0.0,1340.745,0.0,1,8,0.0,1,8,0.0,1,8,0.0,1,8,0.0,1,8,0.0,1,8,-0.0,1,8,-9900,?,9,-9900,?,9,19.13,E,8,17.03,E,8,86.0,E,8,1008.6016999999999,E,8,999.0,E,8,1.72,E,8,-9900,?,9,-9900,?,9,0.006,E,8,-9900,?,9,-9900,?,9,0.06,99.0,E,8
09/02/2011,01:00,0.0,1340.745,0.0,1,8,0.0,1,8,0.0,1,8,0.0,1,8,0.0,1,8,0.0,1,8,-0.0,1,8,-9900,?,9,-9900,?,9,18.91,E,8,17.03,E,8,87.0,E,8,1008.6016999999999,E,8,999.0,E,8,1.72,E,8,-9900,?,9,-9900,?,9,0.012,E,8,-9900,?,9,-9900,?,9,0.12,99.0,E,8
09/02/2011,02:00,0.0,1340.745,0.0,1,8,0.0,1,8,0.0,1,8,0.0,1,8,0.0,1,8,0.0,1,8,-0.0,1,8,-9900,?,9,-9900,?,9,18.68,E,8,17.03,E,8,96.0,E,8,1008.6016999999999,E,8,999.0,E,8,1.72,E,8,-9900,?,9,-9900,?,9,1.659,E,8,-9900,?,9,-9900,?,9,16.59,99.0,E,8
09/02/2011,03:00,0.0,1340.745,0.0,1,8,0.0,1,8,0.0,1,8,0.0,1,8,0.0,1,8,0.0,1,8,-0.0,1,8,-9900,?,9,-9900,?,9,18.46,E,8,17.03,E,8,89.0,E,8,1008.6016999999999,E,8,999.0,E,8,1.72,E,8,-9900,?,9,-9900,?,9,0.045,E,8,-9900,?,9,-9900,?,9,0.45,99.0,E,8
09/02/2011,04:00,0.0,1341.397,0.0,1,8,0.0,1,8,0.0,1,8,0.0,1,8,0.0,1,8,0.0,1,8,-0.0,1,8,-9900,?,9,-9900,?,9,18.23,E,8,17.04,E,8,90.0,E,8,1008.6016999999999,E,8,999.0,E,8,1.72,E,8,-9900,?,9,-9900,?,9,0.004,E,8,-9900,?,9,-9900,?,9,0.04,99.0,E,8
09/02/2011,05:00,0.0,1341.397,0.0,1,8,0.0,1,8,0.0,1,8,0.0,1,8,0.0,1,8,0.0,1,8,-0.0,1,8,-9900,?,9,-9900,?,9,18.0,E,8,17.04,E,8,96.0,E,8,1008.6016999999999,E,8,999.0,E,8,1.72,E,8,-9900,?,9,-9900,?,9,0.121,E,8,-9900,?,9,-9900,?,9,1.21,99.0,E,8
09/02/2011,06:00,0.0,1341.397,0.0,1,8,0.0,1,8,0.0,1,8,0.0,1,8,0.0,1,8,0.0,1,8,-0.0,1,8,-9900,?,9,-9900,?,9,17.83,E,8,17.04,E,8,92.0,E,8,1008.6016999999999,E,8,999.0,E,8,1.72,E,8,-9900,?,9,-9900,?,9,0.023,E,8,-9900,?,9,-9900,?,9,0.23,99.0,E,8
09/02/2011,07:00,167.663,1341.397,0.2,1,8,0.0,1,8,0.2,1,8,24.0,1,8,0.0,1,8,22.0,1,8,0.518,1,8,-9900,?,9,-9900,?,9,17.68,E,8,17.04,E,8,93.0,E,8,1008.6016999999999,E,8,999.0,E,8,1.72,E,8,-9900,?,9,-9900,?,9,0.009,E,8,-9900,?,9,-9900,?,9,0.09,99.0,E,8
09/02/2011,08:00,472.972,1341.397,113.64,1,8,0.0,1,8,113.64,1,8,13636.8,1,8,0.0,1,8,12500.4,1,8,102.8,1,8,-9900,?,9,-9900,?,9,17.53,E,8,17.04,E,8,94.0,E,8,1008.6016999999999,E,8,999.0,E,8,1.72,E,8,-9900,?,9,-9900,?,9,0.001,E,8,-9900,?,9,-9900,?,9,0.01,99.0,E,8
09/02/2011,09:00,742.892,1341.397,273.98,1,8,84.596,1,8,227.16,1,8,32877.6,1,8,8036.593,1,8,24987.628,1,8,130.648,1,8,-9900,?,9,-9900,?,9,20.67,E,8,17.02,E,8,76.0,E,8,1008.6016999999999,E,8,999.0,E,8,1.72,E,8,-9900,?,9,-9900,?,9,0.0,E,8,-9900,?,9,-9900,?,9,0.0,0.0,E,8
09/02/2011,10:00,957.851,1341.397,413.95,1,8,93.287,1,8,347.355,1,8,49674.0,1,8,8862.302,1,8,38209.06,1,8,154.884,1,8,-9900,?,9,-9900,?,9,21.86,E,8,17.01,E,8,71.0,E,8,1008.6016999999999,E,8,999.0,E,8,1.72,E,8,-9900,?,9,-9900,?,9,0.0,E,8,-9900,?,9,-9900,?,9,0.0,0.0,E,8
09/02/2011,11:00,1103.034,1341.397,518.92,1,8,113.336,1,8,425.736,1,8,62270.4,1,8,10766.965,1,8,46830.99,1,8,164.824,1,8,-9900,?,9,-9900,?,9,22.88,E,8,17.0,E,8,68.0,E,8,1008.6016999999999,E,8,999.0,E,8,2.63,E,8,-9900,?,9,-9900,?,9,0.0,E,8,-9900,?,9,-9900,?,9,0.0,0.0,E,8
09/02/2011,12:00,1168.497,1341.397,580.53,1,8,134.155,1,8,463.678,1,8,69663.6,1,8,12744.75,1,8,51004.539,1,8,169.448,1,8,-9900,?,9,-9900,?,9,23.69,E,8,17.0,E,8,65.0,E,8,1008.6016999999999,E,8,999.0,E,8,3.22,E,8,-9900,?,9,-9900,?,9,0.0,E,8,-9900,?,9,-9900,?,9,0.0,0.0,E,8
09/02/2011,13:00,1149.767,1341.397,594.21,1,8,158.877,1,8,458.045,1,8,71305.2,1,8,15093.273,1,8,50384.926,1,8,170.119,1,8,-9900,?,9,-9900,?,9,24.26,E,8,16.99,E,8,63.0,E,8,1008.6016999999999,E,8,999.0,E,8,3.92,E,8,-9900,?,9,-9900,?,9,0.0,E,8,-9900,?,9,-9900,?,9,0.0,0.0,E,8
09/02/2011,14:00,1048.126,1341.397,558.98,1,8,193.051,1,8,408.164,1,8,67077.6,1,8,18339.854,1,8,44898.061,1,8,166.307,1,8,-9900,?,9,-9900,?,9,24.59,E,8,16.99,E,8,62.0,E,8,1008.6016999999999,E,8,999.0,E,8,3.32,E,8,-9900,?,9,-9900,?,9,0.0,E,8,-9900,?,9,-9900,?,9,0.0,0.0,E,8
09/02/2011,15:00,870.531,1341.397,477.4,1,8,322.442,1,8,268.228,1,8,57288.0,1,8,30631.997,1,8,29505.081,1,8,131.614,1,8,-9900,?,9,-9900,?,9,24.68,E,8,16.99,E,8,62.0,E,8,1008.6016999999999,E,8,999.0,E,8,3.18,E,8,-9900,?,9,-9900,?,9,0.0,E,8,-9900,?,9,-9900,?,9,0.0,0.0,E,8
09/02/2011,16:00,629.174,1341.397,355.67,1,8,415.642,1,8,160.917,1,8,42680.4,1,8,39486.025,1,8,17700.921,1,8,109.318,1,8,-9900,?,9,-9900,?,9,24.41,E,8,16.99,E,8,63.0,E,8,1008.6016999999999,E,8,999.0,E,8,2.81,E,8,-9900,?,9,-9900,?,9,0.0,E,8,-9900,?,9,-9900,?,9,0.0,0.0,E,8
09/02/2011,17:00,340.852,1341.397,204.19,1,8,462.226,1,8,87.224,1,8,24502.8,1,8,43911.463,1,8,9594.693,1,8,109.72,1,8,-9900,?,9,-9900,?,9,23.79,E,8,17.0,E,8,69.0,E,8,1008.6016999999999,E,8,999.0,E,8,2.51,E,8,-9900,?,9,-9900,?,9,0.001,E,8,-9900,?,9,-9900,?,9,0.01,99.0,E,8
09/02/2011,18:00,31.171,1341.397,45.98,1,8,0.0,1,8,45.98,1,8,5517.6,1,8,0.0,1,8,5057.8,1,8,866.943,1,8,-9900,?,9,-9900,?,9,22.88,E,8,17.0,E,8,72.0,E,8,1008.6016999999999,E,8,999.0,E,8,2.03,E,8,-9900,?,9,-9900,?,9,0.068,E,8,-9900,?,9,-9900,?,9,0.68,99.0,E,8
09/02/2011,19:00,0.0,1341.397,0.0,1,8,0.0,1,8,0.0,1,8,0.0,1,8,0.0,1,8,0.0,1,8,-0.0,1,8,-9900,?,9,-9900,?,9,22.39,E,8,17.01,E,8,73.0,E,8,1008.6016999999999,E,8,999.0,E,8,1.74,E,8,-9900,?,9,-9900,?,9,0.017,E,8,-9900,?,9,-9900,?,9,0.17,99.0,E,8
09/02/2011,20:00,0.0,1341.397,0.0,1,8,0.0,1,8,0.0,1,8,0.0,1,8,0.0,1,8,0.0,1,8,-0.0,1,8,-9900,?,9,-9900,?,9,21.9,E,8,17.01,E,8,75.0,E,8,1008.6016999999999,E,8,999.0,E,8,1.72,E,8,-9900,?,9,-9900,?,9,0.032,E,8,-9900,?,9,-9900,?,9,0.32,99.0,E,8
09/02/2011,21:00,0.0,1341.397,0.0,1,8,0.0,1,8,0.0,1,8,0.0,1,8,0.0,1,8,0.0,1,8,-0.0,1,8,-9900,?,9,-9900,?,9,21.41,E,8,17.01,E,8,77.0,E,8,1008.6016999999999,E,8,999.0,E,8,1.72,E,8,-9900,?,9,-9900,?,9,0.002,E,8,-9900,?,9,-9900,?,9,0.02,99.0,E,8
09/02/2011,22:00,0.0,1341.397,0.0,1,8,0.0,1,8,0.0,1,8,0.0,1,8,0.0,1,8,0.0,1,8,-0.0,1,8,-9900,?,9,-9900,?,9,20.92,E,8,17.02,E,8,75.0,E,8,1008.6016999999999,E,8,999.0,E,8,1.72,E,8,-9900,?,9,-9900,?,9,0.0,E,8,-9900,?,9,-9900,?,9,0.0,0.0,E,8
09/02/2011,23:00,0.0,1341.397,0.0,1,8,0.0,1,8,0.0,1,8,0.0,1,8,0.0,1,8,0.0,1,8,-0.0,1,8,-9900,?,9,-9900,?,9,20.43,E,8,17.02,E,8,77.0,E,8,1008.6016999999999,E,8,999.0,E,8,1.72,E,8,-9900,?,9,-9900,?,9,0.0,E,8,-9900,?,9,-9900,?,9,0.0,0.0,E,8
09/02/2011,24:00,0.0,1341.397,0.0,1,8,0.0,1,8,0.0,1,8,0.0,1,8,0.0,1,8,0.0,1,8,-0.0,1,8,-9900,?,9,-9900,?,9,19.94,E,8,16.58,E,8,80.0,E,8,1008.6016999999999,E,8,999.0,E,8,1.73,E,8,-9900,?,9,-9900,?,9,0.0,E,8,-9900,?,9,-9900,?,9,0.0,0.0,E,8
09/03/2011,01:00,0.0,1341.397,0.0,1,8,0.0,1,8,0.0,1,8,0.0,1,8,0.0,1,8,0.0,1,8,-0.0,1,8,-9900,?,9,-9900,?,9,19.7,E,8,16.6,E,8,86.0,E,8,1008.6016999999999,E,8,999.0,E,8,1.73,E,8,-9900,?,9,-9900,?,9,0.004,E,8,-9900,?,9,-9900,?,9,0.04,99.0,E,8
09/03/2011,02:00,0.0,1341.397,0.0,1,8,0.0,1,8,0.0,1,8,0.0,1,8,0.0,1,8,0.0,1,8,-0.0,1,8,-9900,?,9,-9900,?,9,19.45,E,8,16.62,E,8,83.0,E,8,1008.6016999999999,E,8,999.0,E,8,1.73,E,8,-9900,?,9,-9900,?,9,0.0,E,8,-9900,?,9,-9900,?,9,0.0,0.0,E,8
09/03/2011,03:00,0.0,1341.397,0.0,1,8,0.0,1,8,0.0,1,8,0.0,1,8,0.0,1,8,0.0,1,8,-0.0,1,8,-9900,?,9,-9900,?,9,19.21,E,8,16.64,E,8,89.0,E,8,1008.6016999999999,E,8,999.0,E,8,1.73,E,8,-9900,?,9,-9900,?,9,0.001,E,8,-9900,?,9,-9900,?,9,0.01,99.0,E,8
09/03/2011,04:00,0.0,1342.057,0.0,1,8,0.0,1,8,0.0,1,8,0.0,1,8,0.0,1,8,0.0,1,8,-0.0,1,8,-9900,?,9,-9900,?,9,18.97,E,8,16.66,E,8,91.0,E,8,1008.6016999999999,E,8,999.0,E,8,1.73,E,8,-9900,?,9,-9900,?,9,0.002,E,8,-9900,?,9,-9900,?,9,0.02,99.0,E,8
09/03/2011,05:00,0.0,1342.057,0.0,1,8,0.0,1,8,0.0,1,8,0.0,1,8,0.0,1,8,0.0,1,8,-0.0,1,8,-9900,?,9,-9900,?,9,18.72,E,8,16.68,E,8,87.0,E,8,1008.6016999999999,E,8,999.0,E,8,1.73,E,8,-9900,?,9,-9900,?,9,0.0,E,8,-9900,?,9,-9900,?,9,0.0,0.0,E,8
09/03/2011,06:00,0.0,1342.057,0.0,1,8,0.0,1,8,0.0,1,8,0.0,1,8,0.0,1,8,0.0,1,8,-0.0,1,8,-9900,?,9,-9900,?,9,18.53,E,8,16.7,E,8,88.0,E,8,1008.6016999999999,E,8,999.0,E,8,1.73,E,8,-9900,?,9,-9900,?,9,0.0,E,8,-9900,?,9,-9900,?,9,0.0,0.0,E,8
09/03/2011,07:00,172.639,1342.057,1.24,1,8,0.0,1,8,1.24,1,8,148.8,1,8,0.0,1,8,136.4,1,8,3.118,1,8,-9900,?,9,-9900,?,9,18.37,E,8,16.71,E,8,89.0,E,8,1008.6016999999999,E,8,999.0,E,8,1.73,E,8,-9900,?,9,-9900,?,9,0.0,E,8,-9900,?,9,-9900,?,9,0.0,0.0,E,8
09/03/2011,08:00,478.286,1342.057,165.79,1,8,63.039,1,8,143.369,1,8,19894.8,1,8,5988.746,1,8,15770.55,1,8,128.308,1,8,-9900,?,9,-9900,?,9,18.21,E,8,16.72,E,8,90.0,E,8,1008.6016999999999,E,8,999.0,E,8,1.73,E,8,-9900,?,9,-9900,?,9,0.0,E,8,-9900,?,9,-9900,?,9,0.0,0.0,E,8
09/03/2011,09:00,748.335,1342.057,331.0,1,8,127.398,1,8,260.009,1,8,39720.0,1,8,12102.791,1,8,28600.963,1,8,148.524,1,8,-9900,?,9,-9900,?,9,21.5,E,8,16.45,E,8,72.0,E,8,1008.6016999999999,E,8,999.0,E,8,1.73,E,8,-9900,?,9,-9900,?,9,0.0,E,8,-9900,?,9,-9900,?,9,0.0,0.0,E,8
09/03/2011,10:00,963.251,1342.057,400.92,1,8,77.997,1,8,344.953,1,8,48110.4,1,8,7409.754,1,8,37944.876,1,8,153.025,1,8,-9900,?,9,-9900,?,9,22.18,E,8,16.39,E,8,69.0,E,8,1008.6016999999999,E,8,999.0,E,8,1.73,E,8,-9900,?,9,-9900,?,9,0.0,E,8,-9900,?,9,-9900,?,9,0.0,0.0,E,8
09/03/2011,11:00,1108.227,1342.057,440.21,1,8,68.092,1,8,383.989,1,8,52825.2,1,8,6468.776,1,8,42238.816,1,8,148.037,1,8,-9900,?,9,-9900,?,9,22.65,E,8,16.35,E,8,67.0,E,8,1008.6016999999999,E,8,999.0,E,8,1.73,E,8,-9900,?,9,-9900,?,9,0.0,E,8,-9900,?,9,-9900,?,9,0.0,0.0,E,8
09/03/2011,12:00,1173.334,1342.057,521.16,1,8,153.454,1,8,387.011,1,8,62539.2,1,8,14578.108,1,8,42571.16,1,8,140.916,1,8,-9900,?,9,-9900,?,9,23.14,E,8,16.31,E,8,65.0,E,8,1008.6016999999999,E,8,999.0,E,8,2.12,E,8,-9900,?,9,-9900,?,9,0.0,E,8,-9900,?,9,-9900,?,9,0.0,0.0,E,8
09/03/2011,13:00,1154.122,1342.057,803.07,1,8,513.736,1,8,361.321,1,8,96368.4,1,8,48804.883,1,8,39745.304,1,8,133.754,1,8,-9900,?,9,-9900,?,9,24.09,E,8,16.23,E,8,61.0,E,8,1008.6016999999999,E,8,999.0,E,8,3.11,E,8,-9900,?,9,-9900,?,9,0.0,E,8,-9900,?,9,-9900,?,9,0.0,0.0,E,8
09/03/2011,14:00,1051.908,1342.057,657.09,1,8,437.977,1,8,313.866,1,8,78850.8,1,8,41607.769,1,8,34525.252,1,8,127.487,1,8,-9900,?,9,-9900,?,9,24.5,E,8,16.19,E,8,59.0,E,8,1008.6016999999999,E,8,999.0,E,8,3.16,E,8,-9900,?,9,-9900,?,9,0.0,E,8,-9900,?,9,-9900,?,9,0.0,0.0,E,8
09/03/2011,15:00,873.689,1342.057,691.39,1,8,598.103,1,8,302.176,1,8,82966.8,1,8,56819.752,1,8,33239.351,1,8,147.808,1,8,-9900,?,9,-9900,?,9,24.86,E,8,16.16,E,8,58.0,E,8,1008.6016999999999,E,8,999.0,E,8,3.5,E,8,-9900,?,9,-9900,?,9,0.0,E,8,-9900,?,9,-9900,?,9,0.0,0.0,E,8
09/03/2011,16:00,631.698,1342.057,441.34,1,8,665.599,1,8,128.368,1,8,52960.8,1,8,63231.89,1,8,14120.526,1,8,86.899,1,8,-9900,?,9,-9900,?,9,24.71,E,8,16.17,E,8,59.0,E,8,1008.6016999999999,E,8,999.0,E,8,3.73,E,8,-9900,?,9,-9900,?,9,0.0,E,8,-9900,?,9,-9900,?,9,0.0,0.0,E,8
09/03/2011,17:00,342.773,1342.057,245.75,1,8,603.694,1,8,92.194,1,8,29490.0,1,8,57350.972,1,8,10141.332,1,8,115.373,1,8,-9900,?,9,-9900,?,9,24.15,E,8,16.22,E,8,61.0,E,8,1008.6016999999999,E,8,999.0,E,8,3.28,E,8,-9900,?,9,-9900,?,9,0.0,E,8,-9900,?,9,-9900,?,9,0.0,0.0,E,8
09/03/2011,18:00,32.444,1342.057,66.1,1,8,0.0,1,8,66.1,1,8,7932.0,1,8,0.0,1,8,7271.0,1,8,1174.082,1,8,-9900,?,9,-9900,?,9,23.32,E,8,16.29,E,8,64.0,E,8,1008.6016999999999,E,8,999.0,E,8,2.78,E,8,-9900,?,9,-9900,?,9,0.0,E,8,-9900,?,9,-9900,?,9,0.0,0.0,E,8
09/03/2011,19:00,0.0,1342.057,0.0,1,8,0.0,1,8,0.0,1,8,0.0,1,8,0.0,1,8,0.0,1,8,-0.0,1,8,-9900,?,9,-9900,?,9,22.75,E,8,16.34,E,8,67.0,E,8,1008.6016999999999,E,8,999.0,E,8,1.76,E,8,-9900,?,9,-9900,?,9,0.0,E,8,-9900,?,9,-9900,?,9,0.0,0.0,E,8
09/03/2011,20:00,0.0,1342.057,0.0,1,8,0.0,1,8,0.0,1,8,0.0,1,8,0.0,1,8,0.0,1,8,-0.0,1,8,-9900,?,9,-9900,?,9,22.17,E,8,16.39,E,8,74.0,E,8,1008.6016999999999,E,8,999.0,E,8,1.73,E,8,-9900,?,9,-9900,?,9,0.092,E,8,-9900,?,9,-9900,?,9,0.92,99.0,E,8
09/03/2011,21:00,0.0,1342.057,0.0,1,8,0.0,1,8,0.0,1,8,0.0,1,8,0.0,1,8,0.0,1,8,-0.0,1,8,-9900,?,9,-9900,?,9,21.6,E,8,16.44,E,8,77.0,E,8,1008.6016999999999,E,8,999.0,E,8,1.73,E,8,-9900,?,9,-9900,?,9,0.001,E,8,-9900,?,9,-9900,?,9,0.01,99.0,E,8
09/03/2011,22:00,0.0,1342.057,0.0,1,8,0.0,1,8,0.0,1,8,0.0,1,8,0.0,1,8,0.0,1,8,-0.0,1,8,-9900,?,9,-9900,?,9,21.03,E,8,16.49,E,8,75.0,E,8,1008.6016999999999,E,8,999.0,E,8,1.73,E,8,-9900,?,9,-9900,?,9,0.0,E,8,-9900,?,9,-9900,?,9,0.0,0.0,E,8
09/03/2011,23:00,0.0,1342.057,0.0,1,8,0.0,1,8,0.0,1,8,0.0,1,8,0.0,1,8,0.0,1,8,-0.0,1,8,-9900,?,9,-9900,?,9,20.45,E,8,16.54,E,8,78.0,E,8,1008.6016999999999,E,8,999.0,E,8,1.73,E,8,-9900,?,9,-9900,?,9,0.0,E,8,-9900,?,9,-9900,?,9,0.0,0.0,E,8
09/03/2011,24:00,0.0,1342.057,0.0,1,8,0.0,1,8,0.0,1,8,0.0,1,8,0.0,1,8,0.0,1,8,-0.0,1,8,-9900,?,9,-9900,?,9,19.88,E,8,16.73,E,8,87.0,E,8,1008.6016999999999,E,8,999.0,E,8,1.3,E,8,-9900,?,9,-9900,?,9,0.001,E,8,-9900,?,9,-9900,?,9,0.01,99.0,E,8
09/04/2011,01:00,0.0,1342.057,0.0,1,8,0.0,1,8,0.0,1,8,0.0,1,8,0.0,1,8,0.0,1,8,-0.0,1,8,-9900,?,9,-9900,?,9,19.59,E,8,16.78,E,8,88.0,E,8,1008.6016999999999,E,8,999.0,E,8,1.3,E,8,-9900,?,9,-9900,?,9,0.004,E,8,-9900,?,9,-9900,?,9,0.04,99.0,E,8
09/04/2011,02:00,0.0,1342.057,0.0,1,8,0.0,1,8,0.0,1,8,0.0,1,8,0.0,1,8,0.0,1,8,-0.0,1,8,-9900,?,9,-9900,?,9,19.31,E,8,16.82,E,8,85.0,E,8,1008.6016999999999,E,8,999.0,E,8,1.3,E,8,-9900,?,9,-9900,?,9,0.0,E,8,-9900,?,9,-9900,?,9,0.0,0.0,E,8
09/04/2011,03:00,0.0,1342.057,0.0,1,8,0.0,1,8,0.0,1,8,0.0,1,8,0.0,1,8,0.0,1,8,-0.0,1,8,-9900,?,9,-9900,?,9,19.02,E,8,16.86,E,8,87.0,E,8,1008.6016999999999,E,8,999.0,E,8,1.3,E,8,-9900,?,9,-9900,?,9,0.0,E,8,-9900,?,9,-9900,?,9,0.0,0.0,E,8
09/04/2011,04:00,0.0,1342.724,0.0,1,8,0.0,1,8,0.0,1,8,0.0,1,8,0.0,1,8,0.0,1,8,-0.0,1,8,-9900,?,9,-9900,?,9,18.73,E,8,16.9,E,8,89.0,E,8,1008.6016999999999,E,8,999.0,E,8,1.3,E,8,-9900,?,9,-9900,?,9,0.0,E,8,-9900,?,9,-9900,?,9,0.0,0.0,E,8
09/04/2011,05:00,0.0,1342.724,0.0,1,8,0.0,1,8,0.0,1,8,0.0,1,8,0.0,1,8,0.0,1,8,-0.0,1,8,-9900,?,9,-9900,?,9,18.45,E,8,16.95,E,8,90.0,E,8,1008.6016999999999,E,8,999.0,E,8,1.3,E,8,-9900,?,9,-9900,?,9,0.0,E,8,-9900,?,9,-9900,?,9,0.0,0.0,E,8
09/04/2011,06:00,0.0,1342.724,0.0,1,8,0.0,1,8,0.0,1,8,0.0,1,8,0.0,1,8,0.0,1,8,-0.0,1,8,-9900,?,9,-9900,?,9,18.22,E,8,16.98,E,8,92.0,E,8,1008.6016999999999,E,8,999.0,E,8,1.3,E,8,-9900,?,9,-9900,?,9,0.0,E,8,-9900,?,9,-9900,?,9,0.0,0.0,E,8
09/04/2011,07:00,177.662,1342.724,0.57,1,8,0.0,1,8,0.57,1,8,68.4,1,8,0.0,1,8,62.7,1,8,1.392,1,8,-9900,?,9,-9900,?,9,18.04,E,8,17.01,E,8,93.0,E,8,1008.6016999999999,E,8,999.0,E,8,1.3,E,8,-9900,?,9,-9900,?,9,0.0,E,8,-9900,?,9,-9900,?,9,0.0,0.0,E,8
09/04/2011,08:00,483.634,1342.724,106.79,1,8,0.0,1,8,106.79,1,8,12814.8,1,8,0.0,1,8,11746.9,1,8,94.558,1,8,-9900,?,9,-9900,?,9,17.85,E,8,17.03,E,8,95.0,E,8,1008.6016999999999,E,8,999.0,E,8,1.3,E,8,-9900,?,9,-9900,?,9,0.0,E,8,-9900,?,9,-9900,?,9,0.0,0.0,E,8
09/04/2011,09:00,753.797,1342.724,274.41,1,8,43.727,1,8,249.877,1,8,32929.2,1,8,4154.087,1,8,27486.517,1,8,141.771,1,8,-9900,?,9,-9900,?,9,20.36,E,8,16.66,E,8,79.0,E,8,1008.6016999999999,E,8,999.0,E,8,1.3,E,8,-9900,?,9,-9900,?,9,0.0,E,8,-9900,?,9,-9900,?,9,0.0,0.0,E,8
09/04/2011,10:00,968.658,1342.724,402.4,1,8,77.105,1,8,346.791,1,8,48288.0,1,8,7324.933,1,8,38146.992,1,8,153.056,1,8,-9900,?,9,-9900,?,9,21.3,E,8,16.52,E,8,74.0,E,8,1008.6016999999999,E,8,999.0,E,8,1.42,E,8,-9900,?,9,-9900,?,9,0.0,E,8,-9900,?,9,-9900,?,9,0.0,0.0,E,8
09/04/2011,11:00,1113.415,1342.724,576.57,1,8,242.093,1,8,375.848,1,8,69188.4,1,8,22998.859,1,8,41343.28,1,8,144.295,1,8,-9900,?,9,-9900,?,9,22.34,E,8,16.36,E,8,68.0,E,8,1008.6016999999999,E,8,999.0,E,8,2.05,E,8,-9900,?,9,-9900,?,9,0.0,E,8,-9900,?,9,-9900,?,9,0.0,0.0,E,8
09/04/2011,12:00,1178.156,1342.724,761.75,1,8,455.602,1,8,362.023,1,8,91410.0,1,8,43282.195,1,8,39822.541,1,8,131.344,1,8,-9900,?,9,-9900,?,9,23.45,E,8,16.19,E,8,63.0,E,8,1008.6016999999999,E,8,999.0,E,8,2.93,E,8,-9900,?,9,-9900,?,9,0.0,E,8,-9900,?,9,-9900,?,9,0.0,0.0,E,8
09/04/2011,13:00,1158.455,1342.724,794.68,1,8,558.287,1,8,313.058,1,8,95361.6,1,8,53037.258,1,8,34436.399,1,8,115.512,1,8,-9900,?,9,-9900,?,9,24.26,E,8,16.06,E,8,60.0,E,8,1008.6016999999999,E,8,999.0,E,8,3.4,E,8,-9900,?,9,-9900,?,9,0.0,E,8,-9900,?,9,-9900,?,9,0.0,0.0,E,8
09/04/2011,14:00,1055.665,1342.724,760.86,1,8,706.172,1,8,205.761,1,8,91303.2,1,8,67086.336,1,8,22633.659,1,8,83.321,1,8,-9900,?,9,-9900,?,9,24.78,E,8,15.98,E,8,58.0,E,8,1008.6016999999999,E,8,999.0,E,8,3.86,E,8,-9900,?,9,-9900,?,9,0.0,E,8,-9900,?,9,-9900,?,9,0.0,0.0,E,8
09/04/2011,15:00,876.82,1342.724,664.05,1,8,878.267,1,8,90.754,1,8,79686.0,1,8,83435.403,1,8,9982.944,1,8,44.255,1,8,-9900,?,9,-9900,?,9,25.01,E,8,15.94,E,8,57.0,E,8,1008.6016999999999,E,8,999.0,E,8,4.47,E,8,-9900,?,9,-9900,?,9,0.0,E,8,-9900,?,9,-9900,?,9,0.0,0.0,E,8
09/04/2011,16:00,634.196,1342.724,461.44,1,8,636.481,1,8,161.123,1,8,55372.8,1,8,60465.703,1,8,17723.495,1,8,108.696,1,8,-9900,?,9,-9900,?,9,24.81,E,8,15.98,E,8,57.0,E,8,1008.6016999999999,E,8,999.0,E,8,4.83,E,8,-9900,?,9,-9900,?,9,0.0,E,8,-9900,?,9,-9900,?,9,0.0,0.0,E,8
09/04/2011,17:00,344.674,1342.724,282.44,1,8,603.583,1,8,128.131,1,8,33892.8,1,8,57340.347,1,8,14094.379,1,8,159.532,1,8,-9900,?,9,-9900,?,9,24.25,E,8,16.06,E,8,60.0,E,8,1008.6016999999999,E,8,999.0,E,8,4.21,E,8,-9900,?,9,-9900,?,9,0.0,E,8,-9900,?,9,-9900,?,9,0.0,0.0,E,8
09/04/2011,18:00,33.71,1342.724,74.28,1,8,0.0,1,8,74.28,1,8,8913.6,1,8,0.0,1,8,8170.8,1,8,1247.716,1,8,-9900,?,9,-9900,?,9,23.36,E,8,16.2,E,8,64.0,E,8,1008.6016999999999,E,8,999.0,E,8,3.19,E,8,-9900,?,9,-9900,?,9,0.0,E,8,-9900,?,9,-9900,?,9,0.0,0.0,E,8
09/04/2011,19:00,0.0,1342.724,0.0,1,8,0.0,1,8,0.0,1,8,0.0,1,8,0.0,1,8,0.0,1,8,-0.0,1,8,-9900,?,9,-9900,?,9,22.82,E,8,16.28,E,8,66.0,E,8,1008.6016999999999,E,8,999.0,E,8,2.38,E,8,-9900,?,9,-9900,?,9,0.0,E,8,-9900,?,9,-9900,?,9,0.0,0.0,E,8
09/04/2011,20:00,0.0,1342.724,0.0,1,8,0.0,1,8,0.0,1,8,0.0,1,8,0.0,1,8,0.0,1,8,-0.0,1,8,-9900,?,9,-9900,?,9,22.28,E,8,16.37,E,8,69.0,E,8,1008.6016999999999,E,8,999.0,E,8,1.45,E,8,-9900,?,9,-9900,?,9,0.0,E,8,-9900,?,9,-9900,?,9,0.0,0.0,E,8
09/04/2011,21:00,0.0,1342.724,0.0,1,8,0.0,1,8,0.0,1,8,0.0,1,8,0.0,1,8,0.0,1,8,-0.0,1,8,-9900,?,9,-9900,?,9,21.73,E,8,16.45,E,8,76.0,E,8,1008.6016999999999,E,8,999.0,E,8,1.3,E,8,-9900,?,9,-9900,?,9,0.001,E,8,-9900,?,9,-9900,?,9,0.01,99.0,E,8
09/04/2011,22:00,0.0,1342.724,0.0,1,8,0.0,1,8,0.0,1,8,0.0,1,8,0.0,1,8,0.0,1,8,-0.0,1,8,-9900,?,9,-9900,?,9,21.19,E,8,16.53,E,8,79.0,E,8,1008.6016999999999,E,8,999.0,E,8,1.3,E,8,-9900,?,9,-9900,?,9,0.002,E,8,-9900,?,9,-9900,?,9,0.02,99.0,E,8
09/04/2011,23:00,0.0,1342.724,0.0,1,8,0.0,1,8,0.0,1,8,0.0,1,8,0.0,1,8,0.0,1,8,-0.0,1,8,-9900,?,9,-9900,?,9,20.65,E,8,16.62,E,8,82.0,E,8,1008.6016999999999,E,8,999.0,E,8,1.3,E,8,-9900,?,9,-9900,?,9,0.092,E,8,-9900,?,9,-9900,?,9,0.92,99.0,E,8
09/04/2011,24:00,0.0,1342.724,0.0,1,8,0.0,1,8,0.0,1,8,0.0,1,8,0.0,1,8,0.0,1,8,-0.0,1,8,-9900,?,9,-9900,?,9,20.11,E,8,17.35,E,8,89.0,E,8,1008.6016999999999,E,8,999.0,E,8,1.25,E,8,-9900,?,9,-9900,?,9,0.002,E,8,-9900,?,9,-9900,?,9,0.02,99.0,E,8
09/05/2011,01:00,0.0,1342.724,0.0,1,8,0.0,1,8,0.0,1,8,0.0,1,8,0.0,1,8,0.0,1,8,-0.0,1,8,-9900,?,9,-9900,?,9,19.84,E,8,17.35,E,8,85.0,E,8,1008.6016999999999,E,8,999.0,E,8,1.25,E,8,-9900,?,9,-9900,?,9,0.0,E,8,-9900,?,9,-9900,?,9,0.0,0.0,E,8
09/05/2011,02:00,0.0,1342.724,0.0,1,8,0.0,1,8,0.0,1,8,0.0,1,8,0.0,1,8,0.0,1,8,-0.0,1,8,-9900,?,9,-9900,?,9,19.56,E,8,17.35,E,8,87.0,E,8,1008.6016999999999,E,8,999.0,E,8,1.25,E,8,-9900,?,9,-9900,?,9,0.0,E,8,-9900,?,9,-9900,?,9,0.0,0.0,E,8
09/05/2011,03:00,0.0,1342.724,0.0,1,8,0.0,1,8,0.0,1,8,0.0,1,8,0.0,1,8,0.0,1,8,-0.0,1,8,-9900,?,9,-9900,?,9,19.29,E,8,17.36,E,8,88.0,E,8,1008.6016999999999,E,8,999.0,E,8,1.25,E,8,-9900,?,9,-9900,?,9,0.0,E,8,-9900,?,9,-9900,?,9,0.0,0.0,E,8
09/05/2011,04:00,0.0,1343.399,0.0,1,8,0.0,1,8,0.0,1,8,0.0,1,8,0.0,1,8,0.0,1,8,-0.0,1,8,-9900,?,9,-9900,?,9,19.02,E,8,17.36,E,8,90.0,E,8,1008.6016999999999,E,8,999.0,E,8,1.25,E,8,-9900,?,9,-9900,?,9,0.0,E,8,-9900,?,9,-9900,?,9,0.0,0.0,E,8
09/05/2011,05:00,0.0,1343.399,0.0,1,8,0.0,1,8,0.0,1,8,0.0,1,8,0.0,1,8,0.0,1,8,-0.0,1,8,-9900,?,9,-9900,?,9,18.75,E,8,17.36,E,8,91.0,E,8,1008.6016999999999,E,8,999.0,E,8,1.25,E,8,-9900,?,9,-9900,?,9,0.0,E,8,-9900,?,9,-9900,?,9,0.0,0.0,E,8
09/05/2011,06:00,0.0,1343.399,0.0,1,8,0.0,1,8,0.0,1,8,0.0,1,8,0.0,1,8,0.0,1,8,-0.0,1,8,-9900,?,9,-9900,?,9,18.54,E,8,17.36,E,8,92.0,E,8,1008.6016999999999,E,8,999.0,E,8,1.25,E,8,-9900,?,9,-9900,?,9,0.0,E,8,-9900,?,9,-9900,?,9,0.0,0.0,E,8
09/05/2011,07:00,182.731,1343.399,0.84,1,8,0.0,1,8,0.84,1,8,100.8,1,8,0.0,1,8,92.4,1,8,1.994,1,8,-9900,?,9,-9900,?,9,18.36,E,8,17.36,E,8,93.0,E,8,1008.6016999999999,E,8,999.0,E,8,1.25,E,8,-9900,?,9,-9900,?,9,0.0,E,8,-9900,?,9,-9900,?,9,0.0,0.0,E,8
09/05/2011,08:00,489.011,1343.399,107.29,1,8,0.0,1,8,107.29,1,8,12874.8,1,8,0.0,1,8,11801.9,1,8,93.999,1,8,-9900,?,9,-9900,?,9,18.18,E,8,17.37,E,8,94.0,E,8,1008.6016999999999,E,8,999.0,E,8,1.25,E,8,-9900,?,9,-9900,?,9,0.0,E,8,-9900,?,9,-9900,?,9,0.0,0.0,E,8
09/05/2011,09:00,759.277,1343.399,302.58,1,8,105.557,1,8,242.957,1,8,36309.6,1,8,10027.955,1,8,26725.285,1,8,136.916,1,8,-9900,?,9,-9900,?,9,20.49,E,8,17.34,E,8,82.0,E,8,1008.6016999999999,E,8,999.0,E,8,1.25,E,8,-9900,?,9,-9900,?,9,0.0,E,8,-9900,?,9,-9900,?,9,0.0,0.0,E,8
09/05/2011,10:00,974.07,1343.399,539.91,1,8,291.755,1,8,328.421,1,8,64789.2,1,8,27716.695,1,8,36126.307,1,8,144.215,1,8,-9900,?,9,-9900,?,9,21.74,E,8,17.33,E,8,76.0,E,8,1008.6016999999999,E,8,999.0,E,8,1.57,E,8,-9900,?,9,-9900,?,9,0.0,E,8,-9900,?,9,-9900,?,9,0.0,0.0,E,8
09/05/2011,11:00,1118.596,1343.399,715.32,1,8,500.257,1,8,298.829,1,8,85838.4,1,8,47524.452,1,8,32871.227,1,8,114.251,1,8,-9900,?,9,-9900,?,9,22.86,E,8,17.32,E,8,70.0,E,8,1008.6016999999999,E,8,999.0,E,8,2.23,E,8,-9900,?,9,-9900,?,9,0.0,E,8,-9900,?,9,-9900,?,9,0.0,0.0,E,8
09/05/2011,12:00,1182.96,1343.399,783.16,1,8,543.939,1,8,304.223,1,8,93979.2,1,8,51674.198,1,8,33464.536,1,8,109.98,1,8,-9900,?,9,-9900,?,9,23.68,E,8,17.31,E,8,67.0,E,8,1008.6016999999999,E,8,999.0,E,8,2.69,E,8,-9900,?,9,-9900,?,9,0.0,E,8,-9900,?,9,-9900,?,9,0.0,0.0,E,8
09/05/2011,13:00,1162.765,1343.399,725.37,1,8,462.947,1,8,324.71,1,8,87044.4,1,8,43979.976,1,8,35718.154,1,8,119.427,1,8,-9900,?,9,-9900,?,9,24.13,E,8,17.31,E,8,65.0,E,8,1008.6016999999999,E,8,999.0,E,8,3.08,E,8,-9900,?,9,-9900,?,9,0.0,E,8,-9900,?,9,-9900,?,9,0.0,0.0,E,8
09/05/2011,14:00,1059.393,1343.399,629.57,1,8,394.119,1,8,318.827,1,8,75548.4,1,8,37441.294,1,8,35070.938,1,8,128.715,1,8,-9900,?,9,-9900,?,9,24.29,E,8,17.31,E,8,65.0,E,8,1008.6016999999999,E,8,999.0,E,8,3.53,E,8,-9900,?,9,-9900,?,9,0.0,E,8,-9900,?,9,-9900,?,9,0.0,0.0,E,8
09/05/2011,15:00,879.922,1343.399,522.25,1,8,438.015,1,8,235.464,1,8,62670.0,1,8,41611.426,1,8,25900.994,1,8,114.473,1,8,-9900,?,9,-9900,?,9,24.24,E,8,17.31,E,8,65.0,E,8,1008.6016999999999,E,8,999.0,E,8,4.06,E,8,-9900,?,9,-9900,?,9,0.0,E,8,-9900,?,9,-9900,?,9,0.0,0.0,E,8
09/05/2011,16:00,636.67,1343.399,385.4,1,8,467.437,1,8,164.094,1,8,46248.0,1,8,44406.473,1,8,18050.312,1,8,110.324,1,8,-9900,?,9,-9900,?,9,23.91,E,8,17.31,E,8,66.0,E,8,1008.6016999999999,E,8,999.0,E,8,4.34,E,8,-9900,?,9,-9900,?,9,0.0,E,8,-9900,?,9,-9900,?,9,0.0,0.0,E,8
09/05/2011,17:00,346.557,1343.399,296.9,1,8,402.45,1,8,193.497,1,8,35628.0,1,8,38232.777,1,8,21284.665,1,8,239.719,1,8,-9900,?,9,-9900,?,9,23.48,E,8,17.32,E,8,68.0,E,8,1008.6016999999999,E,8,999.0,E,8,4.28,E,8,-9900,?,9,-9900,?,9,0.0,E,8,-9900,?,9,-9900,?,9,0.0,0.0,E,8
09/05/2011,18:00,34.971,1343.399,74.01,1,8,0.0,1,8,74.01,1,8,8881.2,1,8,0.0,1,8,8141.1,1,8,1179.649,1,8,-9900,?,9,-9900,?,9,22.73,E,8,17.32,E,8,76.0,E,8,1008.6016999999999,E,8,999.0,E,8,3.22,E,8,-9900,?,9,-9900,?,9,0.001,E,8,-9900,?,9,-9900,?,9,0.01,99.0,E,8
09/05/2011,19:00,0.0,1343.399,0.0,1,8,0.0,1,8,0.0,1,8,0.0,1,8,0.0,1,8,0.0,1,8,-0.0,1,8,-9900,?,9,-9900,?,9,22.21,E,8,17.33,E,8,73.0,E,8,1008.6016999999999,E,8,999.0,E,8,3.01,E,8,-9900,?,9,-9900,?,9,0.0,E,8,-9900,?,9,-9900,?,9,0.0,0.0,E,8
09/05/2011,20:00,0.0,1343.399,0.0,1,8,0.0,1,8,0.0,1,8,0.0,1,8,0.0,1,8,0.0,1,8,-0.0,1,8,-9900,?,9,-9900,?,9,21.69,E,8,17.33,E,8,81.0,E,8,1008.6016999999999,E,8,999.0,E,8,2.73,E,8,-9900,?,9,-9900,?,9,0.001,E,8,-9900,?,9,-9900,?,9,0.01,99.0,E,8
09/05/2011,21:00,0.0,1343.399,0.0,1,8,0.0,1,8,0.0,1,8,0.0,1,8,0.0,1,8,0.0,1,8,-0.0,1,8,-9900,?,9,-9900,?,9,21.17,E,8,17.34,E,8,83.0,E,8,1008.6016999999999,E,8,999.0,E,8,1.41,E,8,-9900,?,9,-9900,?,9,0.004,E,8,-9900,?,9,-9900,?,9,0.04,99.0,E,8
09/05/2011,22:00,0.0,1343.399,0.0,1,8,0.0,1,8,0.0,1,8,0.0,1,8,0.0,1,8,0.0,1,8,-0.0,1,8,-9900,?,9,-9900,?,9,20.65,E,8,17.34,E,8,86.0,E,8,1008.6016999999999,E,8,999.0,E,8,1.25,E,8,-9900,?,9,-9900,?,9,0.009,E,8,-9900,?,9,-9900,?,9,0.09,99.0,E,8
09/05/2011,23:00,0.0,1343.399,0.0,1,8,0.0,1,8,0.0,1,8,0.0,1,8,0.0,1,8,0.0,1,8,-0.0,1,8,-9900,?,9,-9900,?,9,20.13,E,8,17.35,E,8,94.0,E,8,1008.6016999999999,E,8,999.0,E,8,1.25,E,8,-9900,?,9,-9900,?,9,0.183,E,8,-9900,?,9,-9900,?,9,1.83,99.0,E,8
09/05/2011,24:00,0.0,1343.399,0.0,1,8,0.0,1,8,0.0,1,8,0.0,1,8,0.0,1,8,0.0,1,8,-0.0,1,8,-9900,?,9,-9900,?,9,19.61,E,8,16.69,E,8,83.0,E,8,1008.6016999999999,E,8,999.0,E,8,1.42,E,8,-9900,?,9,-9900,?,9,0.0,E,8,-9900,?,9,-9900,?,9,0.0,0.0,E,8
09/06/2011,01:00,0.0,1343.399,0.0,1,8,0.0,1,8,0.0,1,8,0.0,1,8,0.0,1,8,0.0,1,8,-0.0,1,8,-9900,?,9,-9900,?,9,19.35,E,8,16.69,E,8,84.0,E,8,1008.6016999999999,E,8,999.0,E,8,1.42,E,8,-9900,?,9,-9900,?,9,0.0,E,8,-9900,?,9,-9900,?,9,0.0,0.0,E,8
09/06/2011,02:00,0.0,1343.399,0.0,1,8,0.0,1,8,0.0,1,8,0.0,1,8,0.0,1,8,0.0,1,8,-0.0,1,8,-9900,?,9,-9900,?,9,19.09,E,8,16.68,E,8,85.0,E,8,1008.6016999999999,E,8,999.0,E,8,1.42,E,8,-9900,?,9,-9900,?,9,0.0,E,8,-9900,?,9,-9900,?,9,0.0,0.0,E,8
09/06/2011,03:00,0.0,1343.399,0.0,1,8,0.0,1,8,0.0,1,8,0.0,1,8,0.0,1,8,0.0,1,8,-0.0,1,8,-9900,?,9,-9900,?,9,18.83,E,8,16.68,E,8,87.0,E,8,1008.6016999999999,E,8,999.0,E,8,1.42,E,8,-9900,?,9,-9900,?,9,0.0,E,8,-9900,?,9,-9900,?,9,0.0,0.0,E,8
09/06/2011,04:00,0.0,1344.081,0.0,1,8,0.0,1,8,0.0,1,8,0.0,1,8,0.0,1,8,0.0,1,8,-0.0,1,8,-9900,?,9,-9900,?,9,18.57,E,8,16.67,E,8,88.0,E,8,1008.6016999999999,E,8,999.0,E,8,1.42,E,8,-9900,?,9,-9900,?,9,0.0,E,8,-9900,?,9,-9900,?,9,0.0,0.0,E,8
09/06/2011,05:00,0.0,1344.081,0.0,1,8,0.0,1,8,0.0,1,8,0.0,1,8,0.0,1,8,0.0,1,8,-0.0,1,8,-9900,?,9,-9900,?,9,18.31,E,8,16.67,E,8,90.0,E,8,1008.6016999999999,E,8,999.0,E,8,1.42,E,8,-9900,?,9,-9900,?,9,0.0,E,8,-9900,?,9,-9900,?,9,0.0,0.0,E,8
09/06/2011,06:00,0.0,1344.081,0.0,1,8,0.0,1,8,0.0,1,8,0.0,1,8,0.0,1,8,0.0,1,8,-0.0,1,8,-9900,?,9,-9900,?,9,18.11,E,8,16.66,E,8,91.0,E,8,1008.6016999999999,E,8,999.0,E,8,1.42,E,8,-9900,?,9,-9900,?,9,0.0,E,8,-9900,?,9,-9900,?,9,0.0,0.0,E,8
09/06/2011,07:00,187.842,1344.081,4.87,1,8,0.0,1,8,4.87,1,8,584.4,1,8,0.0,1,8,535.7,1,8,11.246,1,8,-9900,?,9,-9900,?,9,17.94,E,8,16.66,E,8,92.0,E,8,1008.6016999999999,E,8,999.0,E,8,1.42,E,8,-9900,?,9,-9900,?,9,0.0,E,8,-9900,?,9,-9900,?,9,0.0,0.0,E,8
09/06/2011,08:00,494.416,1344.081,164.37,1,8,38.607,1,8,150.195,1,8,19724.4,1,8,3667.693,1,8,16521.426,1,8,130.21,1,8,-9900,?,9,-9900,?,9,17.77,E,8,16.66,E,8,93.0,E,8,1008.6016999999999,E,8,999.0,E,8,1.42,E,8,-9900,?,9,-9900,?,9,0.0,E,8,-9900,?,9,-9900,?,9,0.0,0.0,E,8
09/06/2011,09:00,764.771,1344.081,345.36,1,8,136.413,1,8,267.79,1,8,41443.2,1,8,12959.228,1,8,29456.866,1,8,149.901,1,8,-9900,?,9,-9900,?,9,21.01,E,8,16.72,E,8,76.0,E,8,1008.6016999999999,E,8,999.0,E,8,1.42,E,8,-9900,?,9,-9900,?,9,0.0,E,8,-9900,?,9,-9900,?,9,0.0,0.0,E,8
09/06/2011,10:00,979.483,1344.081,433.06,1,8,111.272,1,8,351.993,1,8,51967.2,1,8,10570.839,1,8,38719.222,1,8,153.789,1,8,-9900,?,9,-9900,?,9,21.76,E,8,16.73,E,8,73.0,E,8,1008.6016999999999,E,8,999.0,E,8,1.66,E,8,-9900,?,9,-9900,?,9,0.0,E,8,-9900,?,9,-9900,?,9,0.0,0.0,E,8
09/06/2011,11:00,1123.767,1344.081,647.18,1,8,297.906,1,8,398.137,1,8,77661.6,1,8,28301.059,1,8,43795.039,1,8,151.596,1,8,-9900,?,9,-9900,?,9,22.82,E,8,16.75,E,8,68.0,E,8,1008.6016999999999,E,8,999.0,E,8,2.2,E,8,-9900,?,9,-9900,?,9,0.0,E,8,-9900,?,9,-9900,?,9,0.0,0.0,E,8
09/06/2011,12:00,1187.746,1344.081,654.18,1,8,331.893,1,8,360.915,1,8,78501.6,1,8,31529.792,1,8,39700.689,1,8,130.015,1,8,-9900,?,9,-9900,?,9,23.47,E,8,16.76,E,8,66.0,E,8,1008.6016999999999,E,8,999.0,E,8,3.08,E,8,-9900,?,9,-9900,?,9,0.0,E,8,-9900,?,9,-9900,?,9,0.0,0.0,E,8
09/06/2011,13:00,1167.048,1344.081,687.23,1,8,343.824,1,8,388.721,1,8,82467.6,1,8,32663.258,1,8,42759.304,1,8,142.517,1,8,-9900,?,9,-9900,?,9,23.98,E,8,16.77,E,8,64.0,E,8,1008.6016999999999,E,8,999.0,E,8,3.35,E,8,-9900,?,9,-9900,?,9,0.0,E,8,-9900,?,9,-9900,?,9,0.0,0.0,E,8
09/06/2011,14:00,1063.092,1344.081,689.54,1,8,527.327,1,8,272.528,1,8,82744.8,1,8,50096.05,1,8,29978.028,1,8,109.696,1,8,-9900,?,9,-9900,?,9,24.34,E,8,16.78,E,8,62.0,E,8,1008.6016999999999,E,8,999.0,E,8,4.03,E,8,-9900,?,9,-9900,?,9,0.0,E,8,-9900,?,9,-9900,?,9,0.0,0.0,E,8
09/06/2011,15:00,882.995,1344.081,683.88,1,8,744.505,1,8,194.966,1,8,82065.6,1,8,70727.933,1,8,21446.259,1,8,94.503,1,8,-9900,?,9,-9900,?,9,24.61,E,8,16.78,E,8,61.0,E,8,1008.6016999999999,E,8,999.0,E,8,3.83,E,8,-9900,?,9,-9900,?,9,0.0,E,8,-9900,?,9,-9900,?,9,0.0,0.0,E,8
09/06/2011,16:00,639.118,1344.081,470.32,1,8,814.89,1,8,83.223,1,8,56438.4,1,8,77414.565,1,8,9154.5,1,8,55.766,1,8,-9900,?,9,-9900,?,9,24.45,E,8,16.78,E,8,62.0,E,8,1008.6016999999999,E,8,999.0,E,8,4.06,E,8,-9900,?,9,-9900,?,9,0.0,E,8,-9900,?,9,-9900,?,9,0.0,0.0,E,8
09/06/2011,17:00,348.421,1344.081,229.93,1,8,433.887,1,8,117.903,1,8,27591.6,1,8,41219.224,1,8,12969.283,1,8,145.353,1,8,-9900,?,9,-9900,?,9,23.8,E,8,16.77,E,8,64.0,E,8,1008.6016999999999,E,8,999.0,E,8,3.63,E,8,-9900,?,9,-9900,?,9,0.0,E,8,-9900,?,9,-9900,?,9,0.0,0.0,E,8
09/06/2011,18:00,36.226,1344.081,60.19,1,8,0.0,1,8,60.19,1,8,7222.8,1,8,0.0,1,8,6620.9,1,8,913.075,1,8,-9900,?,9,-9900,?,9,22.93,E,8,16.75,E,8,68.0,E,8,1008.6016999999999,E,8,999.0,E,8,3.21,E,8,-9900,?,9,-9900,?,9,0.0,E,8,-9900,?,9,-9900,?,9,0.0,0.0,E,8
09/06/2011,19:00,0.0,1344.081,0.0,1,8,0.0,1,8,0.0,1,8,0.0,1,8,0.0,1,8,0.0,1,8,-0.0,1,8,-9900,?,9,-9900,?,9,22.34,E,8,16.74,E,8,70.0,E,8,1008.6016999999999,E,8,999.0,E,8,1.99,E,8,-9900,?,9,-9900,?,9,0.0,E,8,-9900,?,9,-9900,?,9,0.0,0.0,E,8
09/06/2011,20:00,0.0,1344.081,0.0,1,8,0.0,1,8,0.0,1,8,0.0,1,8,0.0,1,8,0.0,1,8,-0.0,1,8,-9900,?,9,-9900,?,9,21.75,E,8,16.73,E,8,73.0,E,8,1008.6016999999999,E,8,999.0,E,8,1.62,E,8,-9900,?,9,-9900,?,9,0.0,E,8,-9900,?,9,-9900,?,9,0.0,0.0,E,8
09/06/2011,21:00,0.0,1344.081,0.0,1,8,0.0,1,8,0.0,1,8,0.0,1,8,0.0,1,8,0.0,1,8,-0.0,1,8,-9900,?,9,-9900,?,9,21.16,E,8,16.72,E,8,75.0,E,8,1008.6016999999999,E,8,999.0,E,8,1.42,E,8,-9900,?,9,-9900,?,9,0.0,E,8,-9900,?,9,-9900,?,9,0.0,0.0,E,8
09/06/2011,22:00,0.0,1344.081,0.0,1,8,0.0,1,8,0.0,1,8,0.0,1,8,0.0,1,8,0.0,1,8,-0.0,1,8,-9900,?,9,-9900,?,9,20.57,E,8,16.71,E,8,78.0,E,8,1008.6016999999999,E,8,999.0,E,8,1.42,E,8,-9900,?,9,-9900,?,9,0.0,E,8,-9900,?,9,-9900,?,9,0.0,0.0,E,8
09/06/2011,23:00,0.0,1344.081,0.0,1,8,0.0,1,8,0.0,1,8,0.0,1,8,0.0,1,8,0.0,1,8,-0.0,1,8,-9900,?,9,-9900,?,9,19.98,E,8,16.7,E,8,81.0,E,8,1008.6016999999999,E,8,999.0,E,8,1.42,E,8,-9900,?,9,-9900,?,9,0.0,E,8,-9900,?,9,-9900,?,9,0.0,0.0,E,8
09/06/2011,24:00,0.0,1344.081,0.0,1,8,0.0,1,8,0.0,1,8,0.0,1,8,0.0,1,8,0.0,1,8,-0.0,1,8,-9900,?,9,-9900,?,9,19.39,E,8,16.98,E,8,96.0,E,8,1008.6016999999999,E,8,999.0,E,8,1.34,E,8,-9900,?,9,-9900,?,9,1.194,E,8,-9900,?,9,-9900,?,9,11.94,99.0,E,8
09/07/2011,01:00,0.0,1344.081,0.0,1,8,0.0,1,8,0.0,1,8,0.0,1,8,0.0,1,8,0.0,1,8,-0.0,1,8,-9900,?,9,-9900,?,9,19.1,E,8,16.98,E,8,88.0,E,8,1008.6016999999999,E,8,999.0,E,8,1.34,E,8,-9900,?,9,-9900,?,9,0.001,E,8,-9900,?,9,-9900,?,9,0.01,99.0,E,8
09/07/2011,02:00,0.0,1344.081,0.0,1,8,0.0,1,8,0.0,1,8,0.0,1,8,0.0,1,8,0.0,1,8,-0.0,1,8,-9900,?,9,-9900,?,9,18.8,E,8,16.98,E,8,85.0,E,8,1008.6016999999999,E,8,999.0,E,8,1.34,E,8,-9900,?,9,-9900,?,9,0.0,E,8,-9900,?,9,-9900,?,9,0.0,0.0,E,8
09/07/2011,03:00,0.0,1344.081,0.0,1,8,0.0,1,8,0.0,1,8,0.0,1,8,0.0,1,8,0.0,1,8,-0.0,1,8,-9900,?,9,-9900,?,9,18.51,E,8,16.97,E,8,87.0,E,8,1008.6016999999999,E,8,999.0,E,8,1.34,E,8,-9900,?,9,-9900,?,9,0.0,E,8,-9900,?,9,-9900,?,9,0.0,0.0,E,8
09/07/2011,04:00,0.0,1344.77,0.0,1,8,0.0,1,8,0.0,1,8,0.0,1,8,0.0,1,8,0.0,1,8,-0.0,1,8,-9900,?,9,-9900,?,9,18.21,E,8,16.97,E,8,88.0,E,8,1008.6016999999999,E,8,999.0,E,8,1.34,E,8,-9900,?,9,-9900,?,9,0.0,E,8,-9900,?,9,-9900,?,9,0.0,0.0,E,8
09/07/2011,05:00,0.0,1344.77,0.0,1,8,0.0,1,8,0.0,1,8,0.0,1,8,0.0,1,8,0.0,1,8,-0.0,1,8,-9900,?,9,-9900,?,9,17.92,E,8,16.97,E,8,90.0,E,8,1008.6016999999999,E,8,999.0,E,8,1.34,E,8,-9900,?,9,-9900,?,9,0.0,E,8,-9900,?,9,-9900,?,9,0.0,0.0,E,8
09/07/2011,06:00,0.0,1344.77,0.0,1,8,0.0,1,8,0.0,1,8,0.0,1,8,0.0,1,8,0.0,1,8,-0.0,1,8,-9900,?,9,-9900,?,9,17.69,E,8,16.97,E,8,91.0,E,8,1008.6016999999999,E,8,999.0,E,8,1.34,E,8,-9900,?,9,-9900,?,9,0.0,E,8,-9900,?,9,-9900,?,9,0.0,0.0,E,8
09/07/2011,07:00,192.993,1344.77,1.15,1,8,0.0,1,8,1.15,1,8,138.0,1,8,0.0,1,8,126.5,1,8,2.584,1,8,-9900,?,9,-9900,?,9,17.49,E,8,16.97,E,8,96.0,E,8,1008.6016999999999,E,8,999.0,E,8,1.34,E,8,-9900,?,9,-9900,?,9,0.001,E,8,-9900,?,9,-9900,?,9,0.01,99.0,E,8
09/07/2011,08:00,499.846,1344.77,114.79,1,8,0.0,1,8,114.79,1,8,13774.8,1,8,0.0,1,8,12626.9,1,8,98.481,1,8,-9900,?,9,-9900,?,9,17.3,E,8,16.96,E,8,97.0,E,8,1008.6016999999999,E,8,999.0,E,8,1.34,E,8,-9900,?,9,-9900,?,9,0.006,E,8,-9900,?,9,-9900,?,9,0.06,99.0,E,8
09/07/2011,09:00,770.276,1344.77,262.05,1,8,57.567,1,8,229.096,1,8,31446.0,1,8,5468.876,1,8,25200.528,1,8,127.388,1,8,-9900,?,9,-9900,?,9,20.53,E,8,16.99,E,8,77.0,E,8,1008.6016999999999,E,8,999.0,E,8,1.34,E,8,-9900,?,9,-9900,?,9,0.0,E,8,-9900,?,9,-9900,?,9,0.0,0.0,E,8
09/07/2011,10:00,984.894,1344.77,389.81,1,8,63.939,1,8,342.994,1,8,46777.2,1,8,6074.181,1,8,37729.329,1,8,149.11,1,8,-9900,?,9,-9900,?,9,21.68,E,8,17.0,E,8,73.0,E,8,1008.6016999999999,E,8,999.0,E,8,1.34,E,8,-9900,?,9,-9900,?,9,0.0,E,8,-9900,?,9,-9900,?,9,0.0,0.0,E,8
09/07/2011,11:00,1128.925,1344.77,485.15,1,8,77.534,1,8,420.069,1,8,58218.0,1,8,7365.711,1,8,46207.584,1,8,159.297,1,8,-9900,?,9,-9900,?,9,22.67,E,8,17.0,E,8,69.0,E,8,1008.6016999999999,E,8,999.0,E,8,2.11,E,8,-9900,?,9,-9900,?,9,0.0,E,8,-9900,?,9,-9900,?,9,0.0,0.0,E,8
09/07/2011,12:00,1192.509,1344.77,540.52,1,8,91.677,1,8,459.229,1,8,64862.4,1,8,8709.328,1,8,50515.238,1,8,164.854,1,8,-9900,?,9,-9900,?,9,23.45,E,8,17.01,E,8,66.0,E,8,1008.6016999999999,E,8,999.0,E,8,2.5,E,8,-9900,?,9,-9900,?,9,0.0,E,8,-9900,?,9,-9900,?,9,0.0,0.0,E,8
09/07/2011,13:00,1171.304,1344.77,551.83,1,8,108.797,1,8,457.076,1,8,66219.6,1,8,10335.722,1,8,50278.348,1,8,167.054,1,8,-9900,?,9,-9900,?,9,24.0,E,8,17.01,E,8,64.0,E,8,1008.6016999999999,E,8,999.0,E,8,3.43,E,8,-9900,?,9,-9900,?,9,0.0,E,8,-9900,?,9,-9900,?,9,0.0,0.0,E,8
09/07/2011,14:00,1066.761,1344.77,518.27,1,8,133.063,1,8,412.734,1,8,62192.4,1,8,12640.949,1,8,45400.754,1,8,165.644,1,8,-9900,?,9,-9900,?,9,24.31,E,8,17.01,E,8,63.0,E,8,1008.6016999999999,E,8,999.0,E,8,3.55,E,8,-9900,?,9,-9900,?,9,0.0,E,8,-9900,?,9,-9900,?,9,0.0,0.0,E,8
09/07/2011,15:00,886.039,1344.77,442.28,1,8,176.061,1,8,326.322,1,8,53073.6,1,8,16725.765,1,8,35895.409,1,8,157.709,1,8,-9900,?,9,-9900,?,9,24.38,E,8,17.01,E,8,67.0,E,8,1008.6016999999999,E,8,999.0,E,8,3.96,E,8,-9900,?,9,-9900,?,9,0.004,E,8,-9900,?,9,-9900,?,9,0.04,99.0,E,8
09/07/2011,16:00,641.541,1344.77,329.63,1,8,297.067,1,8,188.051,1,8,39555.6,1,8,28221.32,1,8,20685.605,1,8,125.597,1,8,-9900,?,9,-9900,?,9,24.11,E,8,17.01,E,8,64.0,E,8,1008.6016999999999,E,8,999.0,E,8,4.73,E,8,-9900,?,9,-9900,?,9,0.0,E,8,-9900,?,9,-9900,?,9,0.0,0.0,E,8
09/07/2011,17:00,350.267,1344.77,189.96,1,8,403.228,1,8,85.346,1,8,22795.2,1,8,38306.687,1,8,9388.084,1,8,104.712,1,8,-9900,?,9,-9900,?,9,23.49,E,8,17.01,E,8,70.0,E,8,1008.6016999999999,E,8,999.0,E,8,4.5,E,8,-9900,?,9,-9900,?,9,0.013000000000000001,E,8,-9900,?,9,-9900,?,9,0.13,99.0,E,8
09/07/2011,18:00,37.476,1344.77,44.18,1,8,0.0,1,8,44.18,1,8,5301.6,1,8,0.0,1,8,4859.8,1,8,639.563,1,8,-9900,?,9,-9900,?,9,22.59,E,8,17.0,E,8,73.0,E,8,1008.6016999999999,E,8,999.0,E,8,3.52,E,8,-9900,?,9,-9900,?,9,0.009,E,8,-9900,?,9,-9900,?,9,0.09,99.0,E,8
09/07/2011,19:00,0.0,1344.77,0.0,1,8,0.0,1,8,0.0,1,8,0.0,1,8,0.0,1,8,0.0,1,8,-0.0,1,8,-9900,?,9,-9900,?,9,22.07,E,8,17.0,E,8,75.0,E,8,1008.6016999999999,E,8,999.0,E,8,2.47,E,8,-9900,?,9,-9900,?,9,0.028000000000000004,E,8,-9900,?,9,-9900,?,9,0.28,99.0,E,8
09/07/2011,20:00,0.0,1344.77,0.0,1,8,0.0,1,8,0.0,1,8,0.0,1,8,0.0,1,8,0.0,1,8,-0.0,1,8,-9900,?,9,-9900,?,9,21.55,E,8,16.99,E,8,78.0,E,8,1008.6016999999999,E,8,999.0,E,8,1.51,E,8,-9900,?,9,-9900,?,9,0.019,E,8,-9900,?,9,-9900,?,9,0.19,99.0,E,8
09/07/2011,21:00,0.0,1344.77,0.0,1,8,0.0,1,8,0.0,1,8,0.0,1,8,0.0,1,8,0.0,1,8,-0.0,1,8,-9900,?,9,-9900,?,9,21.03,E,8,16.99,E,8,80.0,E,8,1008.6016999999999,E,8,999.0,E,8,1.34,E,8,-9900,?,9,-9900,?,9,0.08,E,8,-9900,?,9,-9900,?,9,0.8,99.0,E,8
09/07/2011,22:00,0.0,1344.77,0.0,1,8,0.0,1,8,0.0,1,8,0.0,1,8,0.0,1,8,0.0,1,8,-0.0,1,8,-9900,?,9,-9900,?,9,20.51,E,8,16.99,E,8,82.0,E,8,1008.6016999999999,E,8,999.0,E,8,1.34,E,8,-9900,?,9,-9900,?,9,0.002,E,8,-9900,?,9,-9900,?,9,0.02,99.0,E,8
09/07/2011,23:00,0.0,1344.77,0.0,1,8,0.0,1,8,0.0,1,8,0.0,1,8,0.0,1,8,0.0,1,8,-0.0,1,8,-9900,?,9,-9900,?,9,19.99,E,8,16.98,E,8,84.0,E,8,1008.6016999999999,E,8,999.0,E,8,1.34,E,8,-9900,?,9,-9900,?,9,0.043,E,8,-9900,?,9,-9900,?,9,0.43,99.0,E,8
09/07/2011,24:00,0.0,1344.77,0.0,1,8,0.0,1,8,0.0,1,8,0.0,1,8,0.0,1,8,0.0,1,8,-0.0,1,8,-9900,?,9,-9900,?,9,19.47,E,8,17.73,E,8,98.0,E,8,1008.6016999999999,E,8,999.0,E,8,2.92,E,8,-9900,?,9,-9900,?,9,0.583,E,8,-9900,?,9,-9900,?,9,5.83,99.0,E,8
09/08/2011,01:00,0.0,1344.77,0.0,1,8,0.0,1,8,0.0,1,8,0.0,1,8,0.0,1,8,0.0,1,8,-0.0,1,8,-9900,?,9,-9900,?,9,19.21,E,8,17.7,E,8,99.0,E,8,1008.6016999999999,E,8,999.0,E,8,2.51,E,8,-9900,?,9,-9900,?,9,6.186,E,8,-9900,?,9,-9900,?,9,61.86,99.0,E,8
09/08/2011,02:00,0.0,1344.77,0.0,1,8,0.0,1,8,0.0,1,8,0.0,1,8,0.0,1,8,0.0,1,8,-0.0,1,8,-9900,?,9,-9900,?,9,18.95,E,8,17.67,E,8,96.0,E,8,1008.6016999999999,E,8,999.0,E,8,2.85,E,8,-9900,?,9,-9900,?,9,0.10400000000000001,E,8,-9900,?,9,-9900,?,9,1.04,99.0,E,8
09/08/2011,03:00,0.0,1344.77,0.0,1,8,0.0,1,8,0.0,1,8,0.0,1,8,0.0,1,8,0.0,1,8,-0.0,1,8,-9900,?,9,-9900,?,9,18.68,E,8,17.64,E,8,97.0,E,8,1008.6016999999999,E,8,999.0,E,8,2.93,E,8,-9900,?,9,-9900,?,9,0.361,E,8,-9900,?,9,-9900,?,9,3.61,99.0,E,8
09/08/2011,04:00,0.0,1345.466,0.0,1,8,0.0,1,8,0.0,1,8,0.0,1,8,0.0,1,8,0.0,1,8,-0.0,1,8,-9900,?,9,-9900,?,9,18.42,E,8,17.61,E,8,98.0,E,8,1008.6016999999999,E,8,999.0,E,8,3.18,E,8,-9900,?,9,-9900,?,9,0.261,E,8,-9900,?,9,-9900,?,9,2.61,99.0,E,8
09/08/2011,05:00,0.0,1345.466,0.0,1,8,0.0,1,8,0.0,1,8,0.0,1,8,0.0,1,8,0.0,1,8,-0.0,1,8,-9900,?,9,-9900,?,9,18.16,E,8,17.58,E,8,95.0,E,8,1008.6016999999999,E,8,999.0,E,8,3.25,E,8,-9900,?,9,-9900,?,9,0.06999999999999999,E,8,-9900,?,9,-9900,?,9,0.7,99.0,E,8
09/08/2011,06:00,0.0,1345.466,0.0,1,8,0.0,1,8,0.0,1,8,0.0,1,8,0.0,1,8,0.0,1,8,-0.0,1,8,-9900,?,9,-9900,?,9,17.96,E,8,17.56,E,8,96.0,E,8,1008.6016999999999,E,8,999.0,E,8,4.13,E,8,-9900,?,9,-9900,?,9,0.025,E,8,-9900,?,9,-9900,?,9,0.25,99.0,E,8
09/08/2011,07:00,198.18,1345.466,0.28,1,8,0.0,1,8,0.28,1,8,33.6,1,8,0.0,1,8,30.8,1,8,0.613,1,8,-9900,?,9,-9900,?,9,17.79,E,8,17.54,E,8,97.0,E,8,1008.6016999999999,E,8,999.0,E,8,4.6,E,8,-9900,?,9,-9900,?,9,0.015,E,8,-9900,?,9,-9900,?,9,0.15,99.0,E,8
09/08/2011,08:00,505.297,1345.466,21.91,1,8,0.0,1,8,21.91,1,8,2629.2,1,8,0.0,1,8,2410.1,1,8,18.603,1,8,-9900,?,9,-9900,?,9,17.62,E,8,17.52,E,8,98.0,E,8,1008.6016999999999,E,8,999.0,E,8,5.1,E,8,-9900,?,9,-9900,?,9,0.002,E,8,-9900,?,9,-9900,?,9,0.02,99.0,E,8
09/08/2011,09:00,775.789,1345.466,49.51,1,8,0.0,1,8,49.51,1,8,5941.2,1,8,0.0,1,8,5446.1,1,8,27.348,1,8,-9900,?,9,-9900,?,9,18.73,E,8,17.65,E,8,93.0,E,8,1008.6016999999999,E,8,999.0,E,8,4.28,E,8,-9900,?,9,-9900,?,9,0.004,E,8,-9900,?,9,-9900,?,9,0.04,99.0,E,8
09/08/2011,10:00,990.3,1345.466,73.42,1,8,0.0,1,8,73.42,1,8,8810.4,1,8,0.0,1,8,8076.2,1,8,31.76,1,8,-9900,?,9,-9900,?,9,19.13,E,8,17.69,E,8,92.0,E,8,1008.6016999999999,E,8,999.0,E,8,3.88,E,8,-9900,?,9,-9900,?,9,0.006,E,8,-9900,?,9,-9900,?,9,0.06,99.0,E,8
09/08/2011,11:00,1134.067,1345.466,91.25,1,8,0.0,1,8,91.25,1,8,10950.0,1,8,0.0,1,8,10037.5,1,8,34.464,1,8,-9900,?,9,-9900,?,9,19.46,E,8,17.73,E,8,86.0,E,8,1008.6016999999999,E,8,999.0,E,8,3.51,E,8,-9900,?,9,-9900,?,9,0.0,E,8,-9900,?,9,-9900,?,9,0.0,0.0,E,8
09/08/2011,12:00,1197.249,1345.466,101.58,1,8,0.0,1,8,101.58,1,8,12189.6,1,8,0.0,1,8,11173.8,1,8,36.34,1,8,-9900,?,9,-9900,?,9,19.73,E,8,17.76,E,8,89.0,E,8,1008.6016999999999,E,8,999.0,E,8,3.17,E,8,-9900,?,9,-9900,?,9,0.019,E,8,-9900,?,9,-9900,?,9,0.19,99.0,E,8
09/08/2011,13:00,1175.53,1345.466,103.65,1,8,0.0,1,8,103.65,1,8,12438.0,1,8,0.0,1,8,11401.5,1,8,37.766,1,8,-9900,?,9,-9900,?,9,19.91,E,8,17.78,E,8,89.0,E,8,1008.6016999999999,E,8,999.0,E,8,3.19,E,8,-9900,?,9,-9900,?,9,0.008,E,8,-9900,?,9,-9900,?,9,0.08,99.0,E,8
09/08/2011,14:00,1070.399,1345.466,97.31,1,8,0.0,1,8,97.31,1,8,11677.2,1,8,0.0,1,8,10704.1,1,8,38.941,1,8,-9900,?,9,-9900,?,9,20.02,E,8,17.79,E,8,88.0,E,8,1008.6016999999999,E,8,999.0,E,8,2.78,E,8,-9900,?,9,-9900,?,9,0.08499999999999999,E,8,-9900,?,9,-9900,?,9,0.85,99.0,E,8
09/08/2011,15:00,889.053,1345.466,83.03,1,8,0.0,1,8,83.03,1,8,9963.6,1,8,0.0,1,8,9133.3,1,8,40.012,1,8,-9900,?,9,-9900,?,9,20.04,E,8,17.79,E,8,88.0,E,8,1008.6016999999999,E,8,999.0,E,8,2.08,E,8,-9900,?,9,-9900,?,9,0.056999999999999995,E,8,-9900,?,9,-9900,?,9,0.57,99.0,E,8
09/08/2011,16:00,643.938,1345.466,61.89,1,8,0.0,1,8,61.89,1,8,7426.8,1,8,0.0,1,8,6807.9,1,8,41.203,1,8,-9900,?,9,-9900,?,9,19.95,E,8,17.78,E,8,88.0,E,8,1008.6016999999999,E,8,999.0,E,8,2.08,E,8,-9900,?,9,-9900,?,9,0.038,E,8,-9900,?,9,-9900,?,9,0.38,99.0,E,8
09/08/2011,17:00,352.096,1345.466,35.69,1,8,0.0,1,8,35.69,1,8,4282.8,1,8,0.0,1,8,3925.9,1,8,43.582,1,8,-9900,?,9,-9900,?,9,19.74,E,8,17.76,E,8,89.0,E,8,1008.6016999999999,E,8,999.0,E,8,2.08,E,8,-9900,?,9,-9900,?,9,0.011,E,8,-9900,?,9,-9900,?,9,0.11,99.0,E,8
09/08/2011,18:00,38.723,1345.466,8.35,1,8,0.0,1,8,8.35,1,8,1002.0,1,8,0.0,1,8,918.5,1,8,115.624,1,8,-9900,?,9,-9900,?,9,19.43,E,8,17.72,E,8,90.0,E,8,1008.6016999999999,E,8,999.0,E,8,2.08,E,8,-9900,?,9,-9900,?,9,0.047,E,8,-9900,?,9,-9900,?,9,0.47,99.0,E,8
09/08/2011,19:00,0.0,1345.466,0.0,1,8,0.0,1,8,0.0,1,8,0.0,1,8,0.0,1,8,0.0,1,8,-0.0,1,8,-9900,?,9,-9900,?,9,19.3,E,8,17.71,E,8,91.0,E,8,1008.6016999999999,E,8,999.0,E,8,2.08,E,8,-9900,?,9,-9900,?,9,0.031,E,8,-9900,?,9,-9900,?,9,0.31,99.0,E,8
09/08/2011,20:00,0.0,1345.466,0.0,1,8,0.0,1,8,0.0,1,8,0.0,1,8,0.0,1,8,0.0,1,8,-0.0,1,8,-9900,?,9,-9900,?,9,19.17,E,8,17.7,E,8,95.0,E,8,1008.6016999999999,E,8,999.0,E,8,2.08,E,8,-9900,?,9,-9900,?,9,0.127,E,8,-9900,?,9,-9900,?,9,1.27,99.0,E,8
09/08/2011,21:00,0.0,1345.466,0.0,1,8,0.0,1,8,0.0,1,8,0.0,1,8,0.0,1,8,0.0,1,8,-0.0,1,8,-9900,?,9,-9900,?,9,19.05,E,8,17.68,E,8,96.0,E,8,1008.6016999999999,E,8,999.0,E,8,2.08,E,8,-9900,?,9,-9900,?,9,0.158,E,8,-9900,?,9,-9900,?,9,1.58,99.0,E,8
09/08/2011,22:00,0.0,1345.466,0.0,1,8,0.0,1,8,0.0,1,8,0.0,1,8,0.0,1,8,0.0,1,8,-0.0,1,8,-9900,?,9,-9900,?,9,18.92,E,8,17.67,E,8,96.0,E,8,1008.6016999999999,E,8,999.0,E,8,2.22,E,8,-9900,?,9,-9900,?,9,0.2,E,8,-9900,?,9,-9900,?,9,2.0,99.0,E,8
09/08/2011,23:00,0.0,1345.466,0.0,1,8,0.0,1,8,0.0,1,8,0.0,1,8,0.0,1,8,0.0,1,8,-0.0,1,8,-9900,?,9,-9900,?,9,18.79,E,8,17.65,E,8,93.0,E,8,1008.6016999999999,E,8,999.0,E,8,2.64,E,8,-9900,?,9,-9900,?,9,0.001,E,8,-9900,?,9,-9900,?,9,0.01,99.0,E,8
09/08/2011,24:00,0.0,1345.466,0.0,1,8,0.0,1,8,0.0,1,8,0.0,1,8,0.0,1,8,0.0,1,8,-0.0,1,8,-9900,?,9,-9900,?,9,18.66,E,8,17.84,E,8,90.0,E,8,1008.6016999999999,E,8,999.0,E,8,1.63,E,8,-9900,?,9,-9900,?,9,0.089,E,8,-9900,?,9,-9900,?,9,0.89,99.0,E,8
09/09/2011,01:00,0.0,1345.466,0.0,1,8,0.0,1,8,0.0,1,8,0.0,1,8,0.0,1,8,0.0,1,8,-0.0,1,8,-9900,?,9,-9900,?,9,18.6,E,8,17.83,E,8,90.0,E,8,1008.6016999999999,E,8,999.0,E,8,2.19,E,8,-9900,?,9,-9900,?,9,0.048,E,8,-9900,?,9,-9900,?,9,0.48,99.0,E,8
09/09/2011,02:00,0.0,1345.466,0.0,1,8,0.0,1,8,0.0,1,8,0.0,1,8,0.0,1,8,0.0,1,8,-0.0,1,8,-9900,?,9,-9900,?,9,18.53,E,8,17.81,E,8,93.0,E,8,1008.6016999999999,E,8,999.0,E,8,2.35,E,8,-9900,?,9,-9900,?,9,0.146,E,8,-9900,?,9,-9900,?,9,1.46,99.0,E,8
09/09/2011,03:00,0.0,1345.466,0.0,1,8,0.0,1,8,0.0,1,8,0.0,1,8,0.0,1,8,0.0,1,8,-0.0,1,8,-9900,?,9,-9900,?,9,18.47,E,8,17.79,E,8,90.0,E,8,1008.6016999999999,E,8,999.0,E,8,2.2,E,8,-9900,?,9,-9900,?,9,0.011,E,8,-9900,?,9,-9900,?,9,0.11,99.0,E,8
09/09/2011,04:00,0.0,1346.169,0.0,1,8,0.0,1,8,0.0,1,8,0.0,1,8,0.0,1,8,0.0,1,8,-0.0,1,8,-9900,?,9,-9900,?,9,18.4,E,8,17.77,E,8,90.0,E,8,1008.6016999999999,E,8,999.0,E,8,2.38,E,8,-9900,?,9,-9900,?,9,0.017,E,8,-9900,?,9,-9900,?,9,0.17,99.0,E,8
09/09/2011,05:00,0.0,1346.169,0.0,1,8,0.0,1,8,0.0,1,8,0.0,1,8,0.0,1,8,0.0,1,8,-0.0,1,8,-9900,?,9,-9900,?,9,18.34,E,8,17.76,E,8,97.0,E,8,1008.6016999999999,E,8,999.0,E,8,2.14,E,8,-9900,?,9,-9900,?,9,3.461,E,8,-9900,?,9,-9900,?,9,34.61,99.0,E,8
09/09/2011,06:00,0.0,1346.169,0.0,1,8,0.0,1,8,0.0,1,8,0.0,1,8,0.0,1,8,0.0,1,8,-0.0,1,8,-9900,?,9,-9900,?,9,18.29,E,8,17.74,E,8,91.0,E,8,1008.6016999999999,E,8,999.0,E,8,2.39,E,8,-9900,?,9,-9900,?,9,0.071,E,8,-9900,?,9,-9900,?,9,0.71,99.0,E,8
09/09/2011,07:00,203.401,1346.169,0.79,1,8,0.0,1,8,0.79,1,8,94.8,1,8,0.0,1,8,86.9,1,8,1.684,1,8,-9900,?,9,-9900,?,9,18.25,E,8,17.73,E,8,94.0,E,8,1008.6016999999999,E,8,999.0,E,8,2.69,E,8,-9900,?,9,-9900,?,9,0.11200000000000002,E,8,-9900,?,9,-9900,?,9,1.12,99.0,E,8
09/09/2011,08:00,510.766,1346.169,49.0,1,8,0.0,1,8,49.0,1,8,5880.0,1,8,0.0,1,8,5390.0,1,8,41.179,1,8,-9900,?,9,-9900,?,9,18.21,E,8,17.72,E,8,91.0,E,8,1008.6016999999999,E,8,999.0,E,8,2.82,E,8,-9900,?,9,-9900,?,9,0.003,E,8,-9900,?,9,-9900,?,9,0.03,99.0,E,8
09/09/2011,09:00,781.307,1346.169,117.55,1,8,0.0,1,8,117.55,1,8,14106.0,1,8,0.0,1,8,12930.5,1,8,64.506,1,8,-9900,?,9,-9900,?,9,20.0,E,8,18.19,E,8,83.0,E,8,1008.6016999999999,E,8,999.0,E,8,2.68,E,8,-9900,?,9,-9900,?,9,0.0,E,8,-9900,?,9,-9900,?,9,0.0,0.0,E,8
09/09/2011,10:00,995.7,1346.169,184.6,1,8,2.16,1,8,183.002,1,8,22152.0,1,8,205.232,1,8,20130.273,1,8,78.774,1,8,-9900,?,9,-9900,?,9,20.72,E,8,18.38,E,8,84.0,E,8,1008.6016999999999,E,8,999.0,E,8,2.29,E,8,-9900,?,9,-9900,?,9,0.002,E,8,-9900,?,9,-9900,?,9,0.02,99.0,E,8
09/09/2011,11:00,1139.192,1346.169,177.34,1,8,1.512,1,8,176.06,1,8,21280.8,1,8,143.667,1,8,19366.642,1,8,66.232,1,8,-9900,?,9,-9900,?,9,21.05,E,8,18.46,E,8,84.0,E,8,1008.6016999999999,E,8,999.0,E,8,2.13,E,8,-9900,?,9,-9900,?,9,0.001,E,8,-9900,?,9,-9900,?,9,0.01,99.0,E,8
09/09/2011,12:00,1201.964,1346.169,194.68,1,8,2.213,1,8,192.704,1,8,23361.6,1,8,210.282,1,8,21197.414,1,8,68.704,1,8,-9900,?,9,-9900,?,9,21.32,E,8,18.53,E,8,83.0,E,8,1008.6016999999999,E,8,999.0,E,8,2.09,E,8,-9900,?,9,-9900,?,9,0.001,E,8,-9900,?,9,-9900,?,9,0.01,99.0,E,8
09/09/2011,13:00,1179.726,1346.169,228.62,1,8,2.989,1,8,226.001,1,8,27434.4,1,8,283.916,1,8,24860.127,1,8,82.095,1,8,-9900,?,9,-9900,?,9,21.62,E,8,18.61,E,8,82.0,E,8,1008.6016999999999,E,8,999.0,E,8,2.47,E,8,-9900,?,9,-9900,?,9,0.020999999999999998,E,8,-9900,?,9,-9900,?,9,0.21,99.0,E,8
09/09/2011,14:00,1074.004,1346.169,179.24,1,8,1.411,1,8,178.115,1,8,21508.8,1,8,133.998,1,8,19592.634,1,8,71.075,1,8,-9900,?,9,-9900,?,9,21.68,E,8,18.62,E,8,82.0,E,8,1008.6016999999999,E,8,999.0,E,8,2.69,E,8,-9900,?,9,-9900,?,9,0.014000000000000002,E,8,-9900,?,9,-9900,?,9,0.14,99.0,E,8
09/09/2011,15:00,892.036,1346.169,186.25,1,8,2.067,1,8,184.881,1,8,22350.0,1,8,196.328,1,8,20336.918,1,8,88.843,1,8,-9900,?,9,-9900,?,9,21.75,E,8,18.64,E,8,82.0,E,8,1008.6016999999999,E,8,999.0,E,8,2.58,E,8,-9900,?,9,-9900,?,9,0.006,E,8,-9900,?,9,-9900,?,9,0.06,99.0,E,8
09/09/2011,16:00,646.311,1346.169,151.06,1,8,1.468,1,8,150.356,1,8,18127.2,1,8,139.437,1,8,16539.16,1,8,99.782,1,8,-9900,?,9,-9900,?,9,21.69,E,8,18.63,E,8,85.0,E,8,1008.6016999999999,E,8,999.0,E,8,2.76,E,8,-9900,?,9,-9900,?,9,0.202,E,8,-9900,?,9,-9900,?,9,2.02,99.0,E,8
09/09/2011,17:00,353.909,1346.169,103.71,1,8,56.973,1,8,88.79,1,8,12445.2,1,8,5412.452,1,8,9766.852,1,8,107.92,1,8,-9900,?,9,-9900,?,9,21.48,E,8,18.57,E,8,83.0,E,8,1008.6016999999999,E,8,999.0,E,8,2.95,E,8,-9900,?,9,-9900,?,9,0.032,E,8,-9900,?,9,-9900,?,9,0.32,99.0,E,8
09/09/2011,18:00,39.967,1346.169,32.98,1,8,0.0,1,8,32.98,1,8,3957.6,1,8,0.0,1,8,3627.8,1,8,437.762,1,8,-9900,?,9,-9900,?,9,21.06,E,8,18.47,E,8,84.0,E,8,1008.6016999999999,E,8,999.0,E,8,3.0,E,8,-9900,?,9,-9900,?,9,0.005,E,8,-9900,?,9,-9900,?,9,0.05,99.0,E,8
09/09/2011,19:00,0.0,1346.169,0.0,1,8,0.0,1,8,0.0,1,8,0.0,1,8,0.0,1,8,0.0,1,8,-0.0,1,8,-9900,?,9,-9900,?,9,20.73,E,8,18.38,E,8,84.0,E,8,1008.6016999999999,E,8,999.0,E,8,3.12,E,8,-9900,?,9,-9900,?,9,0.026000000000000002,E,8,-9900,?,9,-9900,?,9,0.26,99.0,E,8
09/09/2011,20:00,0.0,1346.169,0.0,1,8,0.0,1,8,0.0,1,8,0.0,1,8,0.0,1,8,0.0,1,8,-0.0,1,8,-9900,?,9,-9900,?,9,20.4,E,8,18.3,E,8,85.0,E,8,1008.6016999999999,E,8,999.0,E,8,2.76,E,8,-9900,?,9,-9900,?,9,0.039,E,8,-9900,?,9,-9900,?,9,0.39,99.0,E,8
09/09/2011,21:00,0.0,1346.169,0.0,1,8,0.0,1,8,0.0,1,8,0.0,1,8,0.0,1,8,0.0,1,8,-0.0,1,8,-9900,?,9,-9900,?,9,20.06,E,8,18.21,E,8,86.0,E,8,1008.6016999999999,E,8,999.0,E,8,2.81,E,8,-9900,?,9,-9900,?,9,0.057999999999999996,E,8,-9900,?,9,-9900,?,9,0.58,99.0,E,8
09/09/2011,22:00,0.0,1346.169,0.0,1,8,0.0,1,8,0.0,1,8,0.0,1,8,0.0,1,8,0.0,1,8,-0.0,1,8,-9900,?,9,-9900,?,9,19.73,E,8,18.12,E,8,87.0,E,8,1008.6016999999999,E,8,999.0,E,8,3.64,E,8,-9900,?,9,-9900,?,9,0.008,E,8,-9900,?,9,-9900,?,9,0.08,99.0,E,8
09/09/2011,23:00,0.0,1346.169,0.0,1,8,0.0,1,8,0.0,1,8,0.0,1,8,0.0,1,8,0.0,1,8,-0.0,1,8,-9900,?,9,-9900,?,9,19.4,E,8,18.04,E,8,91.0,E,8,1008.6016999999999,E,8,999.0,E,8,3.72,E,8,-9900,?,9,-9900,?,9,0.32599999999999996,E,8,-9900,?,9,-9900,?,9,3.26,99.0,E,8
09/09/2011,24:00,0.0,1346.169,0.0,1,8,0.0,1,8,0.0,1,8,0.0,1,8,0.0,1,8,0.0,1,8,-0.0,1,8,-9900,?,9,-9900,?,9,19.07,E,8,15.48,E,8,76.0,E,8,1008.6016999999999,E,8,999.0,E,8,6.97,E,8,-9900,?,9,-9900,?,9,0.0,E,8,-9900,?,9,-9900,?,9,0.0,0.0,E,8
09/10/2011,01:00,0.0,1346.169,0.0,1,8,0.0,1,8,0.0,1,8,0.0,1,8,0.0,1,8,0.0,1,8,-0.0,1,8,-9900,?,9,-9900,?,9,18.9,E,8,15.6,E,8,78.0,E,8,1008.6016999999999,E,8,999.0,E,8,6.9,E,8,-9900,?,9,-9900,?,9,0.0,E,8,-9900,?,9,-9900,?,9,0.0,0.0,E,8
09/10/2011,02:00,0.0,1346.169,0.0,1,8,0.0,1,8,0.0,1,8,0.0,1,8,0.0,1,8,0.0,1,8,-0.0,1,8,-9900,?,9,-9900,?,9,18.74,E,8,15.72,E,8,83.0,E,8,1008.6016999999999,E,8,999.0,E,8,6.66,E,8,-9900,?,9,-9900,?,9,0.001,E,8,-9900,?,9,-9900,?,9,0.01,99.0,E,8
09/10/2011,03:00,0.0,1346.169,0.0,1,8,0.0,1,8,0.0,1,8,0.0,1,8,0.0,1,8,0.0,1,8,-0.0,1,8,-9900,?,9,-9900,?,9,18.57,E,8,15.84,E,8,80.0,E,8,1008.6016999999999,E,8,999.0,E,8,6.55,E,8,-9900,?,9,-9900,?,9,0.0,E,8,-9900,?,9,-9900,?,9,0.0,0.0,E,8
09/10/2011,04:00,0.0,1346.878,0.0,1,8,0.0,1,8,0.0,1,8,0.0,1,8,0.0,1,8,0.0,1,8,-0.0,1,8,-9900,?,9,-9900,?,9,18.41,E,8,15.95,E,8,81.0,E,8,1008.6016999999999,E,8,999.0,E,8,5.65,E,8,-9900,?,9,-9900,?,9,0.0,E,8,-9900,?,9,-9900,?,9,0.0,0.0,E,8
09/10/2011,05:00,0.0,1346.878,0.0,1,8,0.0,1,8,0.0,1,8,0.0,1,8,0.0,1,8,0.0,1,8,-0.0,1,8,-9900,?,9,-9900,?,9,18.24,E,8,16.07,E,8,83.0,E,8,1008.6016999999999,E,8,999.0,E,8,5.96,E,8,-9900,?,9,-9900,?,9,0.0,E,8,-9900,?,9,-9900,?,9,0.0,0.0,E,8
09/10/2011,06:00,0.0,1346.878,0.0,1,8,0.0,1,8,0.0,1,8,0.0,1,8,0.0,1,8,0.0,1,8,-0.0,1,8,-9900,?,9,-9900,?,9,18.11,E,8,16.16,E,8,84.0,E,8,1008.6016999999999,E,8,999.0,E,8,5.56,E,8,-9900,?,9,-9900,?,9,0.0,E,8,-9900,?,9,-9900,?,9,0.0,0.0,E,8
09/10/2011,07:00,208.653,1346.878,1.39,1,8,0.0,1,8,1.39,1,8,166.8,1,8,0.0,1,8,152.9,1,8,2.888,1,8,-9900,?,9,-9900,?,9,18.0,E,8,16.23,E,8,85.0,E,8,1008.6016999999999,E,8,999.0,E,8,4.92,E,8,-9900,?,9,-9900,?,9,0.0,E,8,-9900,?,9,-9900,?,9,0.0,0.0,E,8
09/10/2011,08:00,516.25,1346.878,90.48,1,8,0.0,1,8,90.48,1,8,10857.6,1,8,0.0,1,8,9952.8,1,8,75.267,1,8,-9900,?,9,-9900,?,9,17.89,E,8,16.31,E,8,90.0,E,8,1008.6016999999999,E,8,999.0,E,8,5.35,E,8,-9900,?,9,-9900,?,9,0.004,E,8,-9900,?,9,-9900,?,9,0.04,99.0,E,8
09/10/2011,09:00,786.826,1346.878,159.09,1,8,0.0,1,8,159.09,1,8,19090.8,1,8,0.0,1,8,17499.9,1,8,86.734,1,8,-9900,?,9,-9900,?,9,19.8,E,8,14.95,E,8,71.0,E,8,1008.6016999999999,E,8,999.0,E,8,5.33,E,8,-9900,?,9,-9900,?,9,0.0,E,8,-9900,?,9,-9900,?,9,0.0,0.0,E,8
09/10/2011,10:00,1001.089,1346.878,229.01,1,8,1.976,1,8,227.542,1,8,27481.2,1,8,187.729,1,8,25029.574,1,8,97.47,1,8,-9900,?,9,-9900,?,9,20.33,E,8,14.55,E,8,67.0,E,8,1008.6016999999999,E,8,999.0,E,8,4.15,E,8,-9900,?,9,-9900,?,9,0.0,E,8,-9900,?,9,-9900,?,9,0.0,0.0,E,8
09/10/2011,11:00,1144.297,1346.878,283.8,1,8,10.311,1,8,275.041,1,8,34056.0,1,8,979.502,1,8,30254.536,1,8,103.059,1,8,-9900,?,9,-9900,?,9,20.8,E,8,14.19,E,8,64.0,E,8,1008.6016999999999,E,8,999.0,E,8,4.31,E,8,-9900,?,9,-9900,?,9,0.0,E,8,-9900,?,9,-9900,?,9,0.0,0.0,E,8
09/10/2011,12:00,1206.65,1346.878,315.4,1,8,12.106,1,8,304.555,1,8,37848.0,1,8,1150.05,1,8,33501.09,1,8,108.217,1,8,-9900,?,9,-9900,?,9,21.18,E,8,13.89,E,8,62.0,E,8,1008.6016999999999,E,8,999.0,E,8,5.49,E,8,-9900,?,9,-9900,?,9,0.0,E,8,-9900,?,9,-9900,?,9,0.0,0.0,E,8
09/10/2011,13:00,1183.889,1346.878,321.5,1,8,13.099,1,8,309.988,1,8,38580.0,1,8,1244.362,1,8,34098.628,1,8,112.266,1,8,-9900,?,9,-9900,?,9,21.45,E,8,13.67,E,8,60.0,E,8,1008.6016999999999,E,8,999.0,E,8,5.3,E,8,-9900,?,9,-9900,?,9,0.0,E,8,-9900,?,9,-9900,?,9,0.0,0.0,E,8
09/10/2011,14:00,1077.576,1346.878,301.64,1,8,13.813,1,8,290.591,1,8,36196.8,1,8,1312.233,1,8,31964.975,1,8,115.634,1,8,-9900,?,9,-9900,?,9,21.6,E,8,13.55,E,8,59.0,E,8,1008.6016999999999,E,8,999.0,E,8,4.93,E,8,-9900,?,9,-9900,?,9,0.0,E,8,-9900,?,9,-9900,?,9,0.0,0.0,E,8
09/10/2011,15:00,894.989,1346.878,257.28,1,8,8.613,1,8,251.559,1,8,30873.6,1,8,818.237,1,8,27671.473,1,8,120.548,1,8,-9900,?,9,-9900,?,9,21.63,E,8,13.53,E,8,64.0,E,8,1008.6016999999999,E,8,999.0,E,8,4.79,E,8,-9900,?,9,-9900,?,9,0.001,E,8,-9900,?,9,-9900,?,9,0.01,99.0,E,8
09/10/2011,16:00,648.659,1346.878,191.77,1,8,12.046,1,8,185.974,1,8,23012.4,1,8,1144.382,1,8,20457.16,1,8,123.037,1,8,-9900,?,9,-9900,?,9,21.48,E,8,13.65,E,8,65.0,E,8,1008.6016999999999,E,8,999.0,E,8,5.62,E,8,-9900,?,9,-9900,?,9,0.003,E,8,-9900,?,9,-9900,?,9,0.03,99.0,E,8
09/10/2011,17:00,355.706,1346.878,110.74,1,8,19.552,1,8,105.596,1,8,13288.8,1,8,1857.468,1,8,11615.567,1,8,127.761,1,8,-9900,?,9,-9900,?,9,21.14,E,8,13.92,E,8,67.0,E,8,1008.6016999999999,E,8,999.0,E,8,5.32,E,8,-9900,?,9,-9900,?,9,0.017,E,8,-9900,?,9,-9900,?,9,0.17,99.0,E,8
09/10/2011,18:00,41.21,1346.878,26.21,1,8,0.0,1,8,26.21,1,8,3145.2,1,8,0.0,1,8,2883.1,1,8,334.121,1,8,-9900,?,9,-9900,?,9,20.67,E,8,14.29,E,8,78.0,E,8,1008.6016999999999,E,8,999.0,E,8,4.58,E,8,-9900,?,9,-9900,?,9,0.877,E,8,-9900,?,9,-9900,?,9,8.77,99.0,E,8
09/10/2011,19:00,0.0,1346.878,0.0,1,8,0.0,1,8,0.0,1,8,0.0,1,8,0.0,1,8,0.0,1,8,-0.0,1,8,-9900,?,9,-9900,?,9,20.31,E,8,14.56,E,8,72.0,E,8,1008.6016999999999,E,8,999.0,E,8,5.67,E,8,-9900,?,9,-9900,?,9,0.053000000000000005,E,8,-9900,?,9,-9900,?,9,0.53,99.0,E,8
09/10/2011,20:00,0.0,1346.878,0.0,1,8,0.0,1,8,0.0,1,8,0.0,1,8,0.0,1,8,0.0,1,8,-0.0,1,8,-9900,?,9,-9900,?,9,19.96,E,8,14.83,E,8,74.0,E,8,1008.6016999999999,E,8,999.0,E,8,4.77,E,8,-9900,?,9,-9900,?,9,0.007000000000000001,E,8,-9900,?,9,-9900,?,9,0.07,99.0,E,8
09/10/2011,21:00,0.0,1346.878,0.0,1,8,0.0,1,8,0.0,1,8,0.0,1,8,0.0,1,8,0.0,1,8,-0.0,1,8,-9900,?,9,-9900,?,9,19.6,E,8,15.09,E,8,77.0,E,8,1008.6016999999999,E,8,999.0,E,8,5.49,E,8,-9900,?,9,-9900,?,9,0.011,E,8,-9900,?,9,-9900,?,9,0.11,99.0,E,8
09/10/2011,22:00,0.0,1346.878,0.0,1,8,0.0,1,8,0.0,1,8,0.0,1,8,0.0,1,8,0.0,1,8,-0.0,1,8,-9900,?,9,-9900,?,9,19.25,E,8,15.35,E,8,79.0,E,8,1008.6016999999999,E,8,999.0,E,8,6.24,E,8,-9900,?,9,-9900,?,9,0.027000000000000003,E,8,-9900,?,9,-9900,?,9,0.27,99.0,E,8
09/10/2011,23:00,0.0,1346.878,0.0,1,8,0.0,1,8,0.0,1,8,0.0,1,8,0.0,1,8,0.0,1,8,-0.0,1,8,-9900,?,9,-9900,?,9,18.89,E,8,15.61,E,8,78.0,E,8,1008.6016999999999,E,8,999.0,E,8,6.76,E,8,-9900,?,9,-9900,?,9,0.0,E,8,-9900,?,9,-9900,?,9,0.0,0.0,E,8
09/10/2011,24:00,0.0,1346.878,0.0,1,8,0.0,1,8,0.0,1,8,0.0,1,8,0.0,1,8,0.0,1,8,-0.0,1,8,-9900,?,9,-9900,?,9,18.53,E,8,15.35,E,8,77.0,E,8,1008.6016999999999,E,8,999.0,E,8,5.01,E,8,-9900,?,9,-9900,?,9,0.0,E,8,-9900,?,9,-9900,?,9,0.0,0.0,E,8
09/11/2011,01:00,0.0,1346.878,0.0,1,8,0.0,1,8,0.0,1,8,0.0,1,8,0.0,1,8,0.0,1,8,-0.0,1,8,-9900,?,9,-9900,?,9,18.36,E,8,15.37,E,8,81.0,E,8,1008.6016999999999,E,8,999.0,E,8,6.07,E,8,-9900,?,9,-9900,?,9,0.006,E,8,-9900,?,9,-9900,?,9,0.06,99.0,E,8
09/11/2011,02:00,0.0,1346.878,0.0,1,8,0.0,1,8,0.0,1,8,0.0,1,8,0.0,1,8,0.0,1,8,-0.0,1,8,-9900,?,9,-9900,?,9,18.18,E,8,15.39,E,8,89.0,E,8,1008.6016999999999,E,8,999.0,E,8,6.23,E,8,-9900,?,9,-9900,?,9,0.623,E,8,-9900,?,9,-9900,?,9,6.23,99.0,E,8
09/11/2011,03:00,0.0,1346.878,0.0,1,8,0.0,1,8,0.0,1,8,0.0,1,8,0.0,1,8,0.0,1,8,-0.0,1,8,-9900,?,9,-9900,?,9,18.0,E,8,15.42,E,8,82.0,E,8,1008.6016999999999,E,8,999.0,E,8,6.31,E,8,-9900,?,9,-9900,?,9,0.018,E,8,-9900,?,9,-9900,?,9,0.18,99.0,E,8
09/11/2011,04:00,0.0,1347.593,0.0,1,8,0.0,1,8,0.0,1,8,0.0,1,8,0.0,1,8,0.0,1,8,-0.0,1,8,-9900,?,9,-9900,?,9,17.82,E,8,15.44,E,8,83.0,E,8,1008.6016999999999,E,8,999.0,E,8,6.78,E,8,-9900,?,9,-9900,?,9,0.01,E,8,-9900,?,9,-9900,?,9,0.1,99.0,E,8
09/11/2011,05:00,0.0,1347.593,0.0,1,8,0.0,1,8,0.0,1,8,0.0,1,8,0.0,1,8,0.0,1,8,-0.0,1,8,-9900,?,9,-9900,?,9,17.64,E,8,15.46,E,8,84.0,E,8,1008.6016999999999,E,8,999.0,E,8,6.71,E,8,-9900,?,9,-9900,?,9,0.034999999999999996,E,8,-9900,?,9,-9900,?,9,0.35,99.0,E,8
09/11/2011,06:00,0.0,1347.593,0.0,1,8,0.0,1,8,0.0,1,8,0.0,1,8,0.0,1,8,0.0,1,8,-0.0,1,8,-9900,?,9,-9900,?,9,17.51,E,8,15.48,E,8,85.0,E,8,1008.6016999999999,E,8,999.0,E,8,6.12,E,8,-9900,?,9,-9900,?,9,0.002,E,8,-9900,?,9,-9900,?,9,0.02,99.0,E,8
09/11/2011,07:00,213.931,1347.593,4.39,1,8,0.0,1,8,4.39,1,8,526.8,1,8,0.0,1,8,482.9,1,8,8.897,1,8,-9900,?,9,-9900,?,9,17.39,E,8,15.5,E,8,82.0,E,8,1008.6016999999999,E,8,999.0,E,8,6.04,E,8,-9900,?,9,-9900,?,9,0.0,E,8,-9900,?,9,-9900,?,9,0.0,0.0,E,8
09/11/2011,08:00,521.746,1347.593,69.52,1,8,0.0,1,8,69.52,1,8,8342.4,1,8,0.0,1,8,7647.2,1,8,57.25,1,8,-9900,?,9,-9900,?,9,17.27,E,8,15.51,E,8,86.0,E,8,1008.6016999999999,E,8,999.0,E,8,6.05,E,8,-9900,?,9,-9900,?,9,0.001,E,8,-9900,?,9,-9900,?,9,0.01,99.0,E,8
09/11/2011,09:00,792.345,1347.593,134.27,1,8,0.0,1,8,134.27,1,8,16112.4,1,8,0.0,1,8,14769.7,1,8,72.73,1,8,-9900,?,9,-9900,?,9,18.7,E,8,15.33,E,8,76.0,E,8,1008.6016999999999,E,8,999.0,E,8,6.15,E,8,-9900,?,9,-9900,?,9,0.0,E,8,-9900,?,9,-9900,?,9,0.0,0.0,E,8
09/11/2011,10:00,1006.465,1347.593,418.5,1,8,85.216,1,8,354.87,1,8,50220.0,1,8,8095.551,1,8,39035.709,1,8,151.28,1,8,-9900,?,9,-9900,?,9,20.18,E,8,15.13,E,8,70.0,E,8,1008.6016999999999,E,8,999.0,E,8,5.26,E,8,-9900,?,9,-9900,?,9,0.0,E,8,-9900,?,9,-9900,?,9,0.0,0.0,E,8
09/11/2011,11:00,1149.378,1347.593,515.77,1,8,108.876,1,8,422.919,1,8,61892.4,1,8,10343.199,1,8,46521.066,1,8,157.852,1,8,-9900,?,9,-9900,?,9,21.26,E,8,14.99,E,8,66.0,E,8,1008.6016999999999,E,8,999.0,E,8,5.3,E,8,-9900,?,9,-9900,?,9,0.0,E,8,-9900,?,9,-9900,?,9,0.0,0.0,E,8
09/11/2011,12:00,1211.306,1347.593,432.2,1,8,20.777,1,8,413.525,1,8,51864.0,1,8,1973.856,1,8,45487.768,1,8,146.449,1,8,-9900,?,9,-9900,?,9,21.67,E,8,14.93,E,8,65.0,E,8,1008.6016999999999,E,8,999.0,E,8,5.05,E,8,-9900,?,9,-9900,?,9,0.0,E,8,-9900,?,9,-9900,?,9,0.0,0.0,E,8
09/11/2011,13:00,1188.019,1347.593,246.0,1,8,2.899,1,8,243.444,1,8,29520.0,1,8,275.43,1,8,26778.869,1,8,87.907,1,8,-9900,?,9,-9900,?,9,21.4,E,8,14.97,E,8,66.0,E,8,1008.6016999999999,E,8,999.0,E,8,5.48,E,8,-9900,?,9,-9900,?,9,0.0,E,8,-9900,?,9,-9900,?,9,0.0,0.0,E,8
09/11/2011,14:00,1081.115,1347.593,368.76,1,8,65.918,1,8,315.885,1,8,44251.2,1,8,6262.25,1,8,34747.368,1,8,125.354,1,8,-9900,?,9,-9900,?,9,21.63,E,8,14.94,E,8,65.0,E,8,1008.6016999999999,E,8,999.0,E,8,4.58,E,8,-9900,?,9,-9900,?,9,0.0,E,8,-9900,?,9,-9900,?,9,0.0,0.0,E,8
09/11/2011,15:00,897.912,1347.593,154.69,1,8,0.0,1,8,154.69,1,8,18562.8,1,8,0.0,1,8,17015.9,1,8,73.926,1,8,-9900,?,9,-9900,?,9,21.16,E,8,15.0,E,8,67.0,E,8,1008.6016999999999,E,8,999.0,E,8,5.2,E,8,-9900,?,9,-9900,?,9,0.0,E,8,-9900,?,9,-9900,?,9,0.0,0.0,E,8
09/11/2011,16:00,650.983,1347.593,176.75,1,8,9.57,1,8,172.131,1,8,21210.0,1,8,909.145,1,8,18934.462,1,8,113.532,1,8,-9900,?,9,-9900,?,9,20.85,E,8,15.04,E,8,68.0,E,8,1008.6016999999999,E,8,999.0,E,8,3.85,E,8,-9900,?,9,-9900,?,9,0.0,E,8,-9900,?,9,-9900,?,9,0.0,0.0,E,8
09/11/2011,17:00,357.488,1347.593,211.34,1,8,297.724,1,8,132.659,1,8,25360.8,1,8,28283.805,1,8,14592.531,1,8,159.784,1,8,-9900,?,9,-9900,?,9,20.69,E,8,15.06,E,8,68.0,E,8,1008.6016999999999,E,8,999.0,E,8,4.51,E,8,-9900,?,9,-9900,?,9,0.0,E,8,-9900,?,9,-9900,?,9,0.0,0.0,E,8
09/11/2011,18:00,42.453,1347.593,78.22,1,8,0.0,1,8,78.22,1,8,9386.4,1,8,0.0,1,8,8604.2,1,8,959.275,1,8,-9900,?,9,-9900,?,9,20.27,E,8,15.12,E,8,70.0,E,8,1008.6016999999999,E,8,999.0,E,8,4.86,E,8,-9900,?,9,-9900,?,9,0.0,E,8,-9900,?,9,-9900,?,9,0.0,0.0,E,8
09/11/2011,19:00,0.0,1347.593,0.0,1,8,0.0,1,8,0.0,1,8,0.0,1,8,0.0,1,8,0.0,1,8,-0.0,1,8,-9900,?,9,-9900,?,9,19.96,E,8,15.16,E,8,71.0,E,8,1008.6016999999999,E,8,999.0,E,8,4.41,E,8,-9900,?,9,-9900,?,9,0.0,E,8,-9900,?,9,-9900,?,9,0.0,0.0,E,8
09/11/2011,20:00,0.0,1347.593,0.0,1,8,0.0,1,8,0.0,1,8,0.0,1,8,0.0,1,8,0.0,1,8,-0.0,1,8,-9900,?,9,-9900,?,9,19.66,E,8,15.2,E,8,72.0,E,8,1008.6016999999999,E,8,999.0,E,8,3.59,E,8,-9900,?,9,-9900,?,9,0.0,E,8,-9900,?,9,-9900,?,9,0.0,0.0,E,8
09/11/2011,21:00,0.0,1347.593,0.0,1,8,0.0,1,8,0.0,1,8,0.0,1,8,0.0,1,8,0.0,1,8,-0.0,1,8,-9900,?,9,-9900,?,9,19.35,E,8,15.24,E,8,73.0,E,8,1008.6016999999999,E,8,999.0,E,8,2.46,E,8,-9900,?,9,-9900,?,9,0.0,E,8,-9900,?,9,-9900,?,9,0.0,0.0,E,8
09/11/2011,22:00,0.0,1347.593,0.0,1,8,0.0,1,8,0.0,1,8,0.0,1,8,0.0,1,8,0.0,1,8,-0.0,1,8,-9900,?,9,-9900,?,9,19.04,E,8,15.28,E,8,75.0,E,8,1008.6016999999999,E,8,999.0,E,8,2.24,E,8,-9900,?,9,-9900,?,9,0.0,E,8,-9900,?,9,-9900,?,9,0.0,0.0,E,8
09/11/2011,23:00,0.0,1347.593,0.0,1,8,0.0,1,8,0.0,1,8,0.0,1,8,0.0,1,8,0.0,1,8,-0.0,1,8,-9900,?,9,-9900,?,9,18.73,E,8,15.32,E,8,79.0,E,8,1008.6016999999999,E,8,999.0,E,8,2.13,E,8,-9900,?,9,-9900,?,9,0.004,E,8,-9900,?,9,-9900,?,9,0.04,99.0,E,8
09/11/2011,24:00,0.0,1347.593,0.0,1,8,0.0,1,8,0.0,1,8,0.0,1,8,0.0,1,8,0.0,1,8,-0.0,1,8,-9900,?,9,-9900,?,9,18.43,E,8,15.96,E,8,81.0,E,8,1008.6016999999999,E,8,999.0,E,8,1.5,E,8,-9900,?,9,-9900,?,9,0.0,E,8,-9900,?,9,-9900,?,9,0.0,0.0,E,8
09/12/2011,01:00,0.0,1347.593,0.0,1,8,0.0,1,8,0.0,1,8,0.0,1,8,0.0,1,8,0.0,1,8,-0.0,1,8,-9900,?,9,-9900,?,9,18.27,E,8,15.95,E,8,85.0,E,8,1008.6016999999999,E,8,999.0,E,8,1.5,E,8,-9900,?,9,-9900,?,9,0.023,E,8,-9900,?,9,-9900,?,9,0.23,99.0,E,8
09/12/2011,02:00,0.0,1347.593,0.0,1,8,0.0,1,8,0.0,1,8,0.0,1,8,0.0,1,8,0.0,1,8,-0.0,1,8,-9900,?,9,-9900,?,9,18.12,E,8,15.94,E,8,86.0,E,8,1008.6016999999999,E,8,999.0,E,8,1.5,E,8,-9900,?,9,-9900,?,9,0.001,E,8,-9900,?,9,-9900,?,9,0.01,99.0,E,8
09/12/2011,03:00,0.0,1347.593,0.0,1,8,0.0,1,8,0.0,1,8,0.0,1,8,0.0,1,8,0.0,1,8,-0.0,1,8,-9900,?,9,-9900,?,9,17.97,E,8,15.93,E,8,91.0,E,8,1008.6016999999999,E,8,999.0,E,8,1.5,E,8,-9900,?,9,-9900,?,9,0.45099999999999996,E,8,-9900,?,9,-9900,?,9,4.51,99.0,E,8
09/12/2011,04:00,0.0,1348.315,0.0,1,8,0.0,1,8,0.0,1,8,0.0,1,8,0.0,1,8,0.0,1,8,-0.0,1,8,-9900,?,9,-9900,?,9,17.81,E,8,15.93,E,8,87.0,E,8,1008.6016999999999,E,8,999.0,E,8,1.5,E,8,-9900,?,9,-9900,?,9,0.006,E,8,-9900,?,9,-9900,?,9,0.06,99.0,E,8
09/12/2011,05:00,0.0,1348.315,0.0,1,8,0.0,1,8,0.0,1,8,0.0,1,8,0.0,1,8,0.0,1,8,-0.0,1,8,-9900,?,9,-9900,?,9,17.66,E,8,15.92,E,8,84.0,E,8,1008.6016999999999,E,8,999.0,E,8,1.5,E,8,-9900,?,9,-9900,?,9,0.0,E,8,-9900,?,9,-9900,?,9,0.0,0.0,E,8
09/12/2011,06:00,0.0,1348.315,0.0,1,8,0.0,1,8,0.0,1,8,0.0,1,8,0.0,1,8,0.0,1,8,-0.0,1,8,-9900,?,9,-9900,?,9,17.54,E,8,15.91,E,8,85.0,E,8,1008.6016999999999,E,8,999.0,E,8,1.5,E,8,-9900,?,9,-9900,?,9,0.0,E,8,-9900,?,9,-9900,?,9,0.0,0.0,E,8
09/12/2011,07:00,219.234,1348.315,3.82,1,8,0.0,1,8,3.82,1,8,458.4,1,8,0.0,1,8,420.2,1,8,7.555,1,8,-9900,?,9,-9900,?,9,17.44,E,8,15.9,E,8,85.0,E,8,1008.6016999999999,E,8,999.0,E,8,1.5,E,8,-9900,?,9,-9900,?,9,0.0,E,8,-9900,?,9,-9900,?,9,0.0,0.0,E,8
09/12/2011,08:00,527.251,1348.315,134.87,1,8,3.897,1,8,133.349,1,8,16184.4,1,8,370.222,1,8,14668.338,1,8,108.721,1,8,-9900,?,9,-9900,?,9,17.34,E,8,15.9,E,8,85.0,E,8,1008.6016999999999,E,8,999.0,E,8,1.5,E,8,-9900,?,9,-9900,?,9,0.0,E,8,-9900,?,9,-9900,?,9,0.0,0.0,E,8
09/12/2011,09:00,797.859,1348.315,292.9,1,8,37.39,1,8,270.786,1,8,35148.0,1,8,3552.084,1,8,29786.513,1,8,145.74,1,8,-9900,?,9,-9900,?,9,20.18,E,8,16.07,E,8,74.0,E,8,1008.6016999999999,E,8,999.0,E,8,1.5,E,8,-9900,?,9,-9900,?,9,0.0,E,8,-9900,?,9,-9900,?,9,0.0,0.0,E,8
09/12/2011,10:00,1011.824,1348.315,429.2,1,8,81.596,1,8,367.982,1,8,51504.0,1,8,7751.575,1,8,40477.988,1,8,156.121,1,8,-9900,?,9,-9900,?,9,21.14,E,8,16.12,E,8,71.0,E,8,1008.6016999999999,E,8,999.0,E,8,1.5,E,8,-9900,?,9,-9900,?,9,0.0,E,8,-9900,?,9,-9900,?,9,0.0,0.0,E,8
09/12/2011,11:00,1154.434,1348.315,530.37,1,8,166.807,1,8,387.564,1,8,63644.4,1,8,15846.652,1,8,42632.08,1,8,144.1,1,8,-9900,?,9,-9900,?,9,21.95,E,8,16.17,E,8,68.0,E,8,1008.6016999999999,E,8,999.0,E,8,2.4,E,8,-9900,?,9,-9900,?,9,0.0,E,8,-9900,?,9,-9900,?,9,0.0,0.0,E,8
09/12/2011,12:00,1215.93,1348.315,588.48,1,8,196.597,1,8,411.198,1,8,70617.6,1,8,18676.723,1,8,45231.753,1,8,145.149,1,8,-9900,?,9,-9900,?,9,22.59,E,8,16.21,E,8,66.0,E,8,1008.6016999999999,E,8,999.0,E,8,2.79,E,8,-9900,?,9,-9900,?,9,0.0,E,8,-9900,?,9,-9900,?,9,0.0,0.0,E,8
09/12/2011,13:00,1192.114,1348.315,599.21,1,8,232.531,1,8,393.635,1,8,71905.2,1,8,22090.401,1,8,43299.824,1,8,141.727,1,8,-9900,?,9,-9900,?,9,23.05,E,8,16.23,E,8,65.0,E,8,1008.6016999999999,E,8,999.0,E,8,3.04,E,8,-9900,?,9,-9900,?,9,0.0,E,8,-9900,?,9,-9900,?,9,0.0,0.0,E,8
09/12/2011,14:00,1084.618,1348.315,561.81,1,8,282.62,1,8,334.5,1,8,67417.2,1,8,26848.91,1,8,36794.97,1,8,132.382,1,8,-9900,?,9,-9900,?,9,23.3,E,8,16.25,E,8,64.0,E,8,1008.6016999999999,E,8,999.0,E,8,3.67,E,8,-9900,?,9,-9900,?,9,0.0,E,8,-9900,?,9,-9900,?,9,0.0,0.0,E,8
09/12/2011,15:00,900.803,1348.315,479.0,1,8,216.877,1,8,334.158,1,8,57480.0,1,8,20603.301,1,8,36757.405,1,8,159.265,1,8,-9900,?,9,-9900,?,9,23.35,E,8,16.25,E,8,64.0,E,8,1008.6016999999999,E,8,999.0,E,8,3.74,E,8,-9900,?,9,-9900,?,9,0.0,E,8,-9900,?,9,-9900,?,9,0.0,0.0,E,8
09/12/2011,16:00,653.284,1348.315,357.07,1,8,332.954,1,8,195.901,1,8,42848.4,1,8,31630.632,1,8,21549.137,1,8,128.822,1,8,-9900,?,9,-9900,?,9,23.11,E,8,16.24,E,8,65.0,E,8,1008.6016999999999,E,8,999.0,E,8,3.98,E,8,-9900,?,9,-9900,?,9,0.0,E,8,-9900,?,9,-9900,?,9,0.0,0.0,E,8
09/12/2011,17:00,359.257,1348.315,206.45,1,8,348.448,1,8,113.955,1,8,24774.0,1,8,33102.585,1,8,12535.053,1,8,136.648,1,8,-9900,?,9,-9900,?,9,22.58,E,8,16.21,E,8,70.0,E,8,1008.6016999999999,E,8,999.0,E,8,3.95,E,8,-9900,?,9,-9900,?,9,0.004,E,8,-9900,?,9,-9900,?,9,0.04,99.0,E,8
09/12/2011,18:00,43.696,1348.315,49.42,1,8,0.0,1,8,49.42,1,8,5930.4,1,8,0.0,1,8,5436.2,1,8,583.959,1,8,-9900,?,9,-9900,?,9,21.82,E,8,16.16,E,8,69.0,E,8,1008.6016999999999,E,8,999.0,E,8,3.12,E,8,-9900,?,9,-9900,?,9,0.0,E,8,-9900,?,9,-9900,?,9,0.0,0.0,E,8
09/12/2011,19:00,0.0,1348.315,0.0,1,8,0.0,1,8,0.0,1,8,0.0,1,8,0.0,1,8,0.0,1,8,-0.0,1,8,-9900,?,9,-9900,?,9,21.35,E,8,16.13,E,8,70.0,E,8,1008.6016999999999,E,8,999.0,E,8,1.88,E,8,-9900,?,9,-9900,?,9,0.0,E,8,-9900,?,9,-9900,?,9,0.0,0.0,E,8
09/12/2011,20:00,0.0,1348.315,0.0,1,8,0.0,1,8,0.0,1,8,0.0,1,8,0.0,1,8,0.0,1,8,-0.0,1,8,-9900,?,9,-9900,?,9,20.89,E,8,16.11,E,8,72.0,E,8,1008.6016999999999,E,8,999.0,E,8,1.5,E,8,-9900,?,9,-9900,?,9,0.0,E,8,-9900,?,9,-9900,?,9,0.0,0.0,E,8
09/12/2011,21:00,0.0,1348.315,0.0,1,8,0.0,1,8,0.0,1,8,0.0,1,8,0.0,1,8,0.0,1,8,-0.0,1,8,-9900,?,9,-9900,?,9,20.42,E,8,16.08,E,8,73.0,E,8,1008.6016999999999,E,8,999.0,E,8,1.5,E,8,-9900,?,9,-9900,?,9,0.0,E,8,-9900,?,9,-9900,?,9,0.0,0.0,E,8
09/12/2011,22:00,0.0,1348.315,0.0,1,8,0.0,1,8,0.0,1,8,0.0,1,8,0.0,1,8,0.0,1,8,-0.0,1,8,-9900,?,9,-9900,?,9,19.96,E,8,16.05,E,8,79.0,E,8,1008.6016999999999,E,8,999.0,E,8,1.5,E,8,-9900,?,9,-9900,?,9,0.002,E,8,-9900,?,9,-9900,?,9,0.02,99.0,E,8
09/12/2011,23:00,0.0,1348.315,0.0,1,8,0.0,1,8,0.0,1,8,0.0,1,8,0.0,1,8,0.0,1,8,-0.0,1,8,-9900,?,9,-9900,?,9,19.49,E,8,16.02,E,8,81.0,E,8,1008.6016999999999,E,8,999.0,E,8,1.5,E,8,-9900,?,9,-9900,?,9,0.011,E,8,-9900,?,9,-9900,?,9,0.11,99.0,E,8
09/12/2011,24:00,0.0,1348.315,0.0,1,8,0.0,1,8,0.0,1,8,0.0,1,8,0.0,1,8,0.0,1,8,-0.0,1,8,-9900,?,9,-9900,?,9,19.03,E,8,16.21,E,8,80.0,E,8,1008.6016999999999,E,8,999.0,E,8,1.1,E,8,-9900,?,9,-9900,?,9,0.0,E,8,-9900,?,9,-9900,?,9,0.0,0.0,E,8
09/13/2011,01:00,0.0,1348.315,0.0,1,8,0.0,1,8,0.0,1,8,0.0,1,8,0.0,1,8,0.0,1,8,-0.0,1,8,-9900,?,9,-9900,?,9,18.8,E,8,16.23,E,8,81.0,E,8,1008.6016999999999,E,8,999.0,E,8,1.1,E,8,-9900,?,9,-9900,?,9,0.0,E,8,-9900,?,9,-9900,?,9,0.0,0.0,E,8
09/13/2011,02:00,0.0,1348.315,0.0,1,8,0.0,1,8,0.0,1,8,0.0,1,8,0.0,1,8,0.0,1,8,-0.0,1,8,-9900,?,9,-9900,?,9,18.56,E,8,16.24,E,8,86.0,E,8,1008.6016999999999,E,8,999.0,E,8,1.1,E,8,-9900,?,9,-9900,?,9,0.001,E,8,-9900,?,9,-9900,?,9,0.01,99.0,E,8
09/13/2011,03:00,0.0,1348.315,0.0,1,8,0.0,1,8,0.0,1,8,0.0,1,8,0.0,1,8,0.0,1,8,-0.0,1,8,-9900,?,9,-9900,?,9,18.33,E,8,16.25,E,8,87.0,E,8,1008.6016999999999,E,8,999.0,E,8,1.1,E,8,-9900,?,9,-9900,?,9,0.002,E,8,-9900,?,9,-9900,?,9,0.02,99.0,E,8
09/13/2011,04:00,0.0,1349.042,0.0,1,8,0.0,1,8,0.0,1,8,0.0,1,8,0.0,1,8,0.0,1,8,-0.0,1,8,-9900,?,9,-9900,?,9,18.1,E,8,16.26,E,8,93.0,E,8,1008.6016999999999,E,8,999.0,E,8,1.1,E,8,-9900,?,9,-9900,?,9,0.183,E,8,-9900,?,9,-9900,?,9,1.83,99.0,E,8
09/13/2011,05:00,0.0,1349.042,0.0,1,8,0.0,1,8,0.0,1,8,0.0,1,8,0.0,1,8,0.0,1,8,-0.0,1,8,-9900,?,9,-9900,?,9,17.87,E,8,16.27,E,8,90.0,E,8,1008.6016999999999,E,8,999.0,E,8,1.1,E,8,-9900,?,9,-9900,?,9,0.009,E,8,-9900,?,9,-9900,?,9,0.09,99.0,E,8
09/13/2011,06:00,0.0,1349.042,0.0,1,8,0.0,1,8,0.0,1,8,0.0,1,8,0.0,1,8,0.0,1,8,-0.0,1,8,-9900,?,9,-9900,?,9,17.69,E,8,16.28,E,8,91.0,E,8,1008.6016999999999,E,8,999.0,E,8,1.1,E,8,-9900,?,9,-9900,?,9,0.004,E,8,-9900,?,9,-9900,?,9,0.04,99.0,E,8
09/13/2011,07:00,224.557,1349.042,5.39,1,8,0.0,1,8,5.39,1,8,646.8,1,8,0.0,1,8,592.9,1,8,10.409,1,8,-9900,?,9,-9900,?,9,17.53,E,8,16.28,E,8,91.0,E,8,1008.6016999999999,E,8,999.0,E,8,1.1,E,8,-9900,?,9,-9900,?,9,0.001,E,8,-9900,?,9,-9900,?,9,0.01,99.0,E,8
09/13/2011,08:00,532.762,1349.042,129.7,1,8,0.542,1,8,129.486,1,8,15564.0,1,8,51.502,1,8,14243.487,1,8,104.532,1,8,-9900,?,9,-9900,?,9,17.38,E,8,16.29,E,8,88.0,E,8,1008.6016999999999,E,8,999.0,E,8,1.1,E,8,-9900,?,9,-9900,?,9,0.0,E,8,-9900,?,9,-9900,?,9,0.0,0.0,E,8
09/13/2011,09:00,803.365,1349.042,355.69,1,8,131.984,1,8,277.134,1,8,42682.8,1,8,12538.524,1,8,30484.761,1,8,148.212,1,8,-9900,?,9,-9900,?,9,20.62,E,8,16.14,E,8,73.0,E,8,1008.6016999999999,E,8,999.0,E,8,1.1,E,8,-9900,?,9,-9900,?,9,0.0,E,8,-9900,?,9,-9900,?,9,0.0,0.0,E,8
09/13/2011,10:00,1017.165,1349.042,503.78,1,8,170.394,1,8,375.333,1,8,60453.6,1,8,16187.423,1,8,41286.655,1,8,158.489,1,8,-9900,?,9,-9900,?,9,21.78,E,8,16.08,E,8,68.0,E,8,1008.6016999999999,E,8,999.0,E,8,1.41,E,8,-9900,?,9,-9900,?,9,0.0,E,8,-9900,?,9,-9900,?,9,0.0,0.0,E,8
09/13/2011,11:00,1159.462,1349.042,409.86,1,8,20.696,1,8,392.074,1,8,49183.2,1,8,1966.114,1,8,43128.173,1,8,145.222,1,8,-9900,?,9,-9900,?,9,22.05,E,8,16.07,E,8,67.0,E,8,1008.6016999999999,E,8,999.0,E,8,2.35,E,8,-9900,?,9,-9900,?,9,0.0,E,8,-9900,?,9,-9900,?,9,0.0,0.0,E,8
09/13/2011,12:00,1220.521,1349.042,554.14,1,8,133.788,1,8,433.106,1,8,66496.8,1,8,12709.874,1,8,47641.609,1,8,152.389,1,8,-9900,?,9,-9900,?,9,22.59,E,8,16.05,E,8,65.0,E,8,1008.6016999999999,E,8,999.0,E,8,3.18,E,8,-9900,?,9,-9900,?,9,0.0,E,8,-9900,?,9,-9900,?,9,0.0,0.0,E,8
09/13/2011,13:00,1196.172,1349.042,697.49,1,8,300.199,1,8,431.33,1,8,83698.8,1,8,28518.876,1,8,47446.338,1,8,154.856,1,8,-9900,?,9,-9900,?,9,23.28,E,8,16.01,E,8,63.0,E,8,1008.6016999999999,E,8,999.0,E,8,3.75,E,8,-9900,?,9,-9900,?,9,0.0,E,8,-9900,?,9,-9900,?,9,0.0,0.0,E,8
09/13/2011,14:00,1088.086,1349.042,596.0,1,8,257.322,1,8,388.487,1,8,71520.0,1,8,24445.583,1,8,42733.528,1,8,153.341,1,8,-9900,?,9,-9900,?,9,23.57,E,8,16.0,E,8,62.0,E,8,1008.6016999999999,E,8,999.0,E,8,4.33,E,8,-9900,?,9,-9900,?,9,0.0,E,8,-9900,?,9,-9900,?,9,0.0,0.0,E,8
09/13/2011,15:00,903.664,1349.042,511.95,1,8,297.331,1,8,312.853,1,8,61434.0,1,8,28246.404,1,8,34413.841,1,8,148.719,1,8,-9900,?,9,-9900,?,9,23.65,E,8,16.0,E,8,62.0,E,8,1008.6016999999999,E,8,999.0,E,8,4.7,E,8,-9900,?,9,-9900,?,9,0.0,E,8,-9900,?,9,-9900,?,9,0.0,0.0,E,8
09/13/2011,16:00,655.561,1349.042,633.18,1,8,526.376,1,8,377.632,1,8,75981.6,1,8,50005.726,1,8,41539.482,1,8,247.595,1,8,-9900,?,9,-9900,?,9,23.89,E,8,15.98,E,8,61.0,E,8,1008.6016999999999,E,8,999.0,E,8,4.4,E,8,-9900,?,9,-9900,?,9,0.0,E,8,-9900,?,9,-9900,?,9,0.0,0.0,E,8
09/13/2011,17:00,361.013,1349.042,363.59,1,8,564.778,1,8,213.014,1,8,43630.8,1,8,53653.88,1,8,23431.537,1,8,254.32,1,8,-9900,?,9,-9900,?,9,23.61,E,8,16.0,E,8,62.0,E,8,1008.6016999999999,E,8,999.0,E,8,4.22,E,8,-9900,?,9,-9900,?,9,0.0,E,8,-9900,?,9,-9900,?,9,0.0,0.0,E,8
09/13/2011,18:00,44.942,1349.042,144.05,1,8,0.0,1,8,144.05,1,8,17286.0,1,8,0.0,1,8,15845.5,1,8,1642.285,1,8,-9900,?,9,-9900,?,9,22.93,E,8,16.03,E,8,64.0,E,8,1008.6016999999999,E,8,999.0,E,8,3.41,E,8,-9900,?,9,-9900,?,9,0.0,E,8,-9900,?,9,-9900,?,9,0.0,0.0,E,8
09/13/2011,19:00,0.0,1349.042,0.0,1,8,0.0,1,8,0.0,1,8,0.0,1,8,0.0,1,8,0.0,1,8,-0.0,1,8,-9900,?,9,-9900,?,9,22.2,E,8,16.06,E,8,67.0,E,8,1008.6016999999999,E,8,999.0,E,8,2.44,E,8,-9900,?,9,-9900,?,9,0.0,E,8,-9900,?,9,-9900,?,9,0.0,0.0,E,8
09/13/2011,20:00,0.0,1349.042,0.0,1,8,0.0,1,8,0.0,1,8,0.0,1,8,0.0,1,8,0.0,1,8,-0.0,1,8,-9900,?,9,-9900,?,9,21.48,E,8,16.1,E,8,69.0,E,8,1008.6016999999999,E,8,999.0,E,8,1.96,E,8,-9900,?,9,-9900,?,9,0.0,E,8,-9900,?,9,-9900,?,9,0.0,0.0,E,8
09/13/2011,21:00,0.0,1349.042,0.0,1,8,0.0,1,8,0.0,1,8,0.0,1,8,0.0,1,8,0.0,1,8,-0.0,1,8,-9900,?,9,-9900,?,9,20.75,E,8,16.13,E,8,72.0,E,8,1008.6016999999999,E,8,999.0,E,8,1.44,E,8,-9900,?,9,-9900,?,9,0.0,E,8,-9900,?,9,-9900,?,9,0.0,0.0,E,8
09/13/2011,22:00,0.0,1349.042,0.0,1,8,0.0,1,8,0.0,1,8,0.0,1,8,0.0,1,8,0.0,1,8,-0.0,1,8,-9900,?,9,-9900,?,9,20.03,E,8,16.17,E,8,75.0,E,8,1008.6016999999999,E,8,999.0,E,8,1.37,E,8,-9900,?,9,-9900,?,9,0.0,E,8,-9900,?,9,-9900,?,9,0.0,0.0,E,8
09/13/2011,23:00,0.0,1349.042,0.0,1,8,0.0,1,8,0.0,1,8,0.0,1,8,0.0,1,8,0.0,1,8,-0.0,1,8,-9900,?,9,-9900,?,9,19.3,E,8,16.2,E,8,79.0,E,8,1008.6016999999999,E,8,999.0,E,8,1.1,E,8,-9900,?,9,-9900,?,9,0.0,E,8,-9900,?,9,-9900,?,9,0.0,0.0,E,8
09/13/2011,24:00,0.0,1349.042,0.0,1,8,0.0,1,8,0.0,1,8,0.0,1,8,0.0,1,8,0.0,1,8,-0.0,1,8,-9900,?,9,-9900,?,9,18.58,E,8,13.9,E,8,74.0,E,8,1008.6016999999999,E,8,999.0,E,8,0.91,E,8,-9900,?,9,-9900,?,9,0.0,E,8,-9900,?,9,-9900,?,9,0.0,0.0,E,8
09/14/2011,01:00,0.0,1349.042,0.0,1,8,0.0,1,8,0.0,1,8,0.0,1,8,0.0,1,8,0.0,1,8,-0.0,1,8,-9900,?,9,-9900,?,9,18.22,E,8,13.82,E,8,75.0,E,8,1008.6016999999999,E,8,999.0,E,8,0.91,E,8,-9900,?,9,-9900,?,9,0.0,E,8,-9900,?,9,-9900,?,9,0.0,0.0,E,8
09/14/2011,02:00,0.0,1349.042,0.0,1,8,0.0,1,8,0.0,1,8,0.0,1,8,0.0,1,8,0.0,1,8,-0.0,1,8,-9900,?,9,-9900,?,9,17.85,E,8,13.75,E,8,76.0,E,8,1008.6016999999999,E,8,999.0,E,8,0.91,E,8,-9900,?,9,-9900,?,9,0.0,E,8,-9900,?,9,-9900,?,9,0.0,0.0,E,8
09/14/2011,03:00,0.0,1349.042,0.0,1,8,0.0,1,8,0.0,1,8,0.0,1,8,0.0,1,8,0.0,1,8,-0.0,1,8,-9900,?,9,-9900,?,9,17.49,E,8,13.67,E,8,78.0,E,8,1008.6016999999999,E,8,999.0,E,8,0.91,E,8,-9900,?,9,-9900,?,9,0.0,E,8,-9900,?,9,-9900,?,9,0.0,0.0,E,8
09/14/2011,04:00,0.0,1349.775,0.0,1,8,0.0,1,8,0.0,1,8,0.0,1,8,0.0,1,8,0.0,1,8,-0.0,1,8,-9900,?,9,-9900,?,9,17.13,E,8,13.6,E,8,79.0,E,8,1008.6016999999999,E,8,999.0,E,8,0.91,E,8,-9900,?,9,-9900,?,9,0.0,E,8,-9900,?,9,-9900,?,9,0.0,0.0,E,8
09/14/2011,05:00,0.0,1349.775,0.0,1,8,0.0,1,8,0.0,1,8,0.0,1,8,0.0,1,8,0.0,1,8,-0.0,1,8,-9900,?,9,-9900,?,9,16.77,E,8,13.52,E,8,81.0,E,8,1008.6016999999999,E,8,999.0,E,8,0.94,E,8,-9900,?,9,-9900,?,9,0.0,E,8,-9900,?,9,-9900,?,9,0.0,0.0,E,8
09/14/2011,06:00,0.0,1349.775,0.0,1,8,0.0,1,8,0.0,1,8,0.0,1,8,0.0,1,8,0.0,1,8,-0.0,1,8,-9900,?,9,-9900,?,9,16.48,E,8,13.46,E,8,82.0,E,8,1008.6016999999999,E,8,999.0,E,8,1.02,E,8,-9900,?,9,-9900,?,9,0.0,E,8,-9900,?,9,-9900,?,9,0.0,0.0,E,8
09/14/2011,07:00,229.898,1349.775,10.09,1,8,0.0,1,8,10.09,1,8,1210.8,1,8,0.0,1,8,1109.9,1,8,19.034,1,8,-9900,?,9,-9900,?,9,16.25,E,8,13.41,E,8,83.0,E,8,1008.6016999999999,E,8,999.0,E,8,0.91,E,8,-9900,?,9,-9900,?,9,0.0,E,8,-9900,?,9,-9900,?,9,0.0,0.0,E,8
09/14/2011,08:00,538.274,1349.775,196.29,1,8,74.959,1,8,166.443,1,8,23554.8,1,8,7121.146,1,8,18308.741,1,8,133.059,1,8,-9900,?,9,-9900,?,9,16.01,E,8,13.36,E,8,84.0,E,8,1008.6016999999999,E,8,999.0,E,8,1.3,E,8,-9900,?,9,-9900,?,9,0.0,E,8,-9900,?,9,-9900,?,9,0.0,0.0,E,8
09/14/2011,09:00,808.861,1349.775,410.37,1,8,222.376,1,8,277.18,1,8,49244.4,1,8,21125.731,1,8,30489.756,1,8,147.308,1,8,-9900,?,9,-9900,?,9,19.9,E,8,14.17,E,8,69.0,E,8,1008.6016999999999,E,8,999.0,E,8,1.9,E,8,-9900,?,9,-9900,?,9,0.0,E,8,-9900,?,9,-9900,?,9,0.0,0.0,E,8
09/14/2011,10:00,1022.484,1349.775,579.25,1,8,310.787,1,8,343.873,1,8,69510.0,1,8,29524.801,1,8,37826.05,1,8,144.527,1,8,-9900,?,9,-9900,?,9,21.08,E,8,14.4,E,8,65.0,E,8,1008.6016999999999,E,8,999.0,E,8,2.49,E,8,-9900,?,9,-9900,?,9,0.0,E,8,-9900,?,9,-9900,?,9,0.0,0.0,E,8
09/14/2011,11:00,1164.46,1349.775,698.07,1,8,344.376,1,8,401.005,1,8,83768.4,1,8,32715.708,1,8,44110.516,1,8,147.972,1,8,-9900,?,9,-9900,?,9,22.05,E,8,14.6,E,8,62.0,E,8,1008.6016999999999,E,8,999.0,E,8,2.94,E,8,-9900,?,9,-9900,?,9,0.0,E,8,-9900,?,9,-9900,?,9,0.0,0.0,E,8
09/14/2011,12:00,1225.076,1349.775,761.06,1,8,402.823,1,8,395.475,1,8,91327.2,1,8,38268.207,1,8,43502.229,1,8,138.706,1,8,-9900,?,9,-9900,?,9,22.79,E,8,14.74,E,8,60.0,E,8,1008.6016999999999,E,8,999.0,E,8,3.04,E,8,-9900,?,9,-9900,?,9,0.0,E,8,-9900,?,9,-9900,?,9,0.0,0.0,E,8
09/14/2011,13:00,1200.193,1349.775,840.77,1,8,574.835,1,8,329.678,1,8,100892.4,1,8,54609.312,1,8,36264.622,1,8,118.028,1,8,-9900,?,9,-9900,?,9,23.46,E,8,14.87,E,8,58.0,E,8,1008.6016999999999,E,8,999.0,E,8,3.46,E,8,-9900,?,9,-9900,?,9,0.0,E,8,-9900,?,9,-9900,?,9,0.0,0.0,E,8
09/14/2011,14:00,1091.519,1349.775,746.33,1,8,576.518,1,8,280.192,1,8,89559.6,1,8,54769.204,1,8,30821.07,1,8,110.307,1,8,-9900,?,9,-9900,?,9,23.76,E,8,14.93,E,8,57.0,E,8,1008.6016999999999,E,8,999.0,E,8,4.15,E,8,-9900,?,9,-9900,?,9,0.0,E,8,-9900,?,9,-9900,?,9,0.0,0.0,E,8
09/14/2011,15:00,906.494,1349.775,639.61,1,8,736.168,1,8,145.385,1,8,76753.2,1,8,69935.926,1,8,15992.299,1,8,68.932,1,8,-9900,?,9,-9900,?,9,23.82,E,8,14.94,E,8,57.0,E,8,1008.6016999999999,E,8,999.0,E,8,4.26,E,8,-9900,?,9,-9900,?,9,0.0,E,8,-9900,?,9,-9900,?,9,0.0,0.0,E,8
09/14/2011,16:00,657.816,1349.775,486.88,1,8,651.891,1,8,169.478,1,8,58425.6,1,8,61929.599,1,8,18642.546,1,8,110.797,1,8,-9900,?,9,-9900,?,9,23.52,E,8,14.88,E,8,58.0,E,8,1008.6016999999999,E,8,999.0,E,8,4.42,E,8,-9900,?,9,-9900,?,9,0.0,E,8,-9900,?,9,-9900,?,9,0.0,0.0,E,8
09/14/2011,17:00,362.758,1349.775,270.32,1,8,616.777,1,8,105.17,1,8,32438.4,1,8,58593.862,1,8,11568.673,1,8,125.023,1,8,-9900,?,9,-9900,?,9,22.82,E,8,14.75,E,8,60.0,E,8,1008.6016999999999,E,8,999.0,E,8,3.69,E,8,-9900,?,9,-9900,?,9,0.0,E,8,-9900,?,9,-9900,?,9,0.0,0.0,E,8
09/14/2011,18:00,46.191,1349.775,66.98,1,8,0.0,1,8,66.98,1,8,8037.6,1,8,0.0,1,8,7367.8,1,8,737.698,1,8,-9900,?,9,-9900,?,9,21.83,E,8,14.55,E,8,63.0,E,8,1008.6016999999999,E,8,999.0,E,8,3.36,E,8,-9900,?,9,-9900,?,9,0.0,E,8,-9900,?,9,-9900,?,9,0.0,0.0,E,8
09/14/2011,19:00,0.0,1349.775,0.0,1,8,0.0,1,8,0.0,1,8,0.0,1,8,0.0,1,8,0.0,1,8,-0.0,1,8,-9900,?,9,-9900,?,9,21.19,E,8,14.43,E,8,65.0,E,8,1008.6016999999999,E,8,999.0,E,8,2.89,E,8,-9900,?,9,-9900,?,9,0.0,E,8,-9900,?,9,-9900,?,9,0.0,0.0,E,8
09/14/2011,20:00,0.0,1349.775,0.0,1,8,0.0,1,8,0.0,1,8,0.0,1,8,0.0,1,8,0.0,1,8,-0.0,1,8,-9900,?,9,-9900,?,9,20.55,E,8,14.3,E,8,67.0,E,8,1008.6016999999999,E,8,999.0,E,8,2.15,E,8,-9900,?,9,-9900,?,9,0.0,E,8,-9900,?,9,-9900,?,9,0.0,0.0,E,8
09/14/2011,21:00,0.0,1349.775,0.0,1,8,0.0,1,8,0.0,1,8,0.0,1,8,0.0,1,8,0.0,1,8,-0.0,1,8,-9900,?,9,-9900,?,9,19.91,E,8,14.17,E,8,69.0,E,8,1008.6016999999999,E,8,999.0,E,8,1.28,E,8,-9900,?,9,-9900,?,9,0.0,E,8,-9900,?,9,-9900,?,9,0.0,0.0,E,8
09/14/2011,22:00,0.0,1349.775,0.0,1,8,0.0,1,8,0.0,1,8,0.0,1,8,0.0,1,8,0.0,1,8,-0.0,1,8,-9900,?,9,-9900,?,9,19.27,E,8,14.04,E,8,71.0,E,8,1008.6016999999999,E,8,999.0,E,8,1.09,E,8,-9900,?,9,-9900,?,9,0.0,E,8,-9900,?,9,-9900,?,9,0.0,0.0,E,8
09/14/2011,23:00,0.0,1349.775,0.0,1,8,0.0,1,8,0.0,1,8,0.0,1,8,0.0,1,8,0.0,1,8,-0.0,1,8,-9900,?,9,-9900,?,9,18.63,E,8,13.91,E,8,74.0,E,8,1008.6016999999999,E,8,999.0,E,8,1.25,E,8,-9900,?,9,-9900,?,9,0.0,E,8,-9900,?,9,-9900,?,9,0.0,0.0,E,8
09/14/2011,24:00,0.0,1349.775,0.0,1,8,0.0,1,8,0.0,1,8,0.0,1,8,0.0,1,8,0.0,1,8,-0.0,1,8,-9900,?,9,-9900,?,9,17.99,E,8,12.55,E,8,70.0,E,8,1008.6016999999999,E,8,999.0,E,8,2.15,E,8,-9900,?,9,-9900,?,9,0.0,E,8,-9900,?,9,-9900,?,9,0.0,0.0,E,8
09/15/2011,01:00,0.0,1349.775,0.0,1,8,0.0,1,8,0.0,1,8,0.0,1,8,0.0,1,8,0.0,1,8,-0.0,1,8,-9900,?,9,-9900,?,9,17.67,E,8,12.5,E,8,71.0,E,8,1008.6016999999999,E,8,999.0,E,8,1.69,E,8,-9900,?,9,-9900,?,9,0.0,E,8,-9900,?,9,-9900,?,9,0.0,0.0,E,8
09/15/2011,02:00,0.0,1349.775,0.0,1,8,0.0,1,8,0.0,1,8,0.0,1,8,0.0,1,8,0.0,1,8,-0.0,1,8,-9900,?,9,-9900,?,9,17.35,E,8,12.46,E,8,72.0,E,8,1008.6016999999999,E,8,999.0,E,8,1.69,E,8,-9900,?,9,-9900,?,9,0.0,E,8,-9900,?,9,-9900,?,9,0.0,0.0,E,8
09/15/2011,03:00,0.0,1349.775,0.0,1,8,0.0,1,8,0.0,1,8,0.0,1,8,0.0,1,8,0.0,1,8,-0.0,1,8,-9900,?,9,-9900,?,9,17.03,E,8,12.41,E,8,74.0,E,8,1008.6016999999999,E,8,999.0,E,8,1.69,E,8,-9900,?,9,-9900,?,9,0.0,E,8,-9900,?,9,-9900,?,9,0.0,0.0,E,8
09/15/2011,04:00,0.0,1350.514,0.0,1,8,0.0,1,8,0.0,1,8,0.0,1,8,0.0,1,8,0.0,1,8,-0.0,1,8,-9900,?,9,-9900,?,9,16.71,E,8,12.36,E,8,75.0,E,8,1008.6016999999999,E,8,999.0,E,8,1.69,E,8,-9900,?,9,-9900,?,9,0.0,E,8,-9900,?,9,-9900,?,9,0.0,0.0,E,8
09/15/2011,05:00,0.0,1350.514,0.0,1,8,0.0,1,8,0.0,1,8,0.0,1,8,0.0,1,8,0.0,1,8,-0.0,1,8,-9900,?,9,-9900,?,9,16.39,E,8,12.31,E,8,76.0,E,8,1008.6016999999999,E,8,999.0,E,8,1.69,E,8,-9900,?,9,-9900,?,9,0.0,E,8,-9900,?,9,-9900,?,9,0.0,0.0,E,8
09/15/2011,06:00,0.0,1350.514,0.0,1,8,0.0,1,8,0.0,1,8,0.0,1,8,0.0,1,8,0.0,1,8,-0.0,1,8,-9900,?,9,-9900,?,9,16.14,E,8,12.28,E,8,77.0,E,8,1008.6016999999999,E,8,999.0,E,8,1.69,E,8,-9900,?,9,-9900,?,9,0.0,E,8,-9900,?,9,-9900,?,9,0.0,0.0,E,8
09/15/2011,07:00,235.253,1350.514,8.44,1,8,0.0,1,8,8.44,1,8,1012.8,1,8,0.0,1,8,928.4,1,8,15.561,1,8,-9900,?,9,-9900,?,9,15.93,E,8,12.25,E,8,78.0,E,8,1008.6016999999999,E,8,999.0,E,8,1.69,E,8,-9900,?,9,-9900,?,9,0.0,E,8,-9900,?,9,-9900,?,9,0.0,0.0,E,8
09/15/2011,08:00,543.786,1350.514,172.18,1,8,28.005,1,8,160.921,1,8,20661.6,1,8,2660.516,1,8,17701.261,1,8,127.405,1,8,-9900,?,9,-9900,?,9,15.72,E,8,12.21,E,8,79.0,E,8,1008.6016999999999,E,8,999.0,E,8,1.69,E,8,-9900,?,9,-9900,?,9,0.0,E,8,-9900,?,9,-9900,?,9,0.0,0.0,E,8
09/15/2011,09:00,814.342,1350.514,404.71,1,8,204.989,1,8,281.168,1,8,48565.2,1,8,19473.95,1,8,30928.457,1,8,148.501,1,8,-9900,?,9,-9900,?,9,19.35,E,8,12.75,E,8,65.0,E,8,1008.6016999999999,E,8,999.0,E,8,1.69,E,8,-9900,?,9,-9900,?,9,0.0,E,8,-9900,?,9,-9900,?,9,0.0,0.0,E,8
09/15/2011,10:00,1027.779,1350.514,627.77,1,8,394.371,1,8,327.707,1,8,75332.4,1,8,37465.26,1,8,36047.742,1,8,137.097,1,8,-9900,?,9,-9900,?,9,20.77,E,8,12.96,E,8,60.0,E,8,1008.6016999999999,E,8,999.0,E,8,2.38,E,8,-9900,?,9,-9900,?,9,0.0,E,8,-9900,?,9,-9900,?,9,0.0,0.0,E,8
09/15/2011,11:00,1169.425,1350.514,761.37,1,8,476.959,1,8,348.407,1,8,91364.4,1,8,45311.063,1,8,38324.752,1,8,128.087,1,8,-9900,?,9,-9900,?,9,21.91,E,8,13.12,E,8,57.0,E,8,1008.6016999999999,E,8,999.0,E,8,3.51,E,8,-9900,?,9,-9900,?,9,0.0,E,8,-9900,?,9,-9900,?,9,0.0,0.0,E,8
09/15/2011,12:00,1229.593,1350.514,840.03,1,8,557.696,1,8,332.299,1,8,100803.6,1,8,52981.163,1,8,36552.89,1,8,116.183,1,8,-9900,?,9,-9900,?,9,22.78,E,8,13.24,E,8,54.0,E,8,1008.6016999999999,E,8,999.0,E,8,4.06,E,8,-9900,?,9,-9900,?,9,0.0,E,8,-9900,?,9,-9900,?,9,0.0,0.0,E,8
09/15/2011,13:00,1204.174,1350.514,834.82,1,8,596.976,1,8,302.572,1,8,100178.4,1,8,56712.691,1,8,33282.93,1,8,108.024,1,8,-9900,?,9,-9900,?,9,23.36,E,8,13.33,E,8,53.0,E,8,1008.6016999999999,E,8,999.0,E,8,4.8,E,8,-9900,?,9,-9900,?,9,0.0,E,8,-9900,?,9,-9900,?,9,0.0,0.0,E,8
09/15/2011,14:00,1094.914,1350.514,762.06,1,8,660.196,1,8,226.895,1,8,91447.2,1,8,62718.663,1,8,24958.462,1,8,89.097,1,8,-9900,?,9,-9900,?,9,23.64,E,8,13.36,E,8,52.0,E,8,1008.6016999999999,E,8,999.0,E,8,5.99,E,8,-9900,?,9,-9900,?,9,0.0,E,8,-9900,?,9,-9900,?,9,0.0,0.0,E,8
09/15/2011,15:00,909.294,1350.514,612.18,1,8,633.395,1,8,185.87,1,8,73461.6,1,8,60172.495,1,8,20445.688,1,8,87.904,1,8,-9900,?,9,-9900,?,9,23.59,E,8,13.36,E,8,52.0,E,8,1008.6016999999999,E,8,999.0,E,8,5.86,E,8,-9900,?,9,-9900,?,9,0.0,E,8,-9900,?,9,-9900,?,9,0.0,0.0,E,8
09/15/2011,16:00,660.05,1350.514,466.57,1,8,681.563,1,8,133.774,1,8,55988.4,1,8,64748.445,1,8,14715.112,1,8,87.206,1,8,-9900,?,9,-9900,?,9,23.21,E,8,13.3,E,8,53.0,E,8,1008.6016999999999,E,8,999.0,E,8,4.66,E,8,-9900,?,9,-9900,?,9,0.0,E,8,-9900,?,9,-9900,?,9,0.0,0.0,E,8
09/15/2011,17:00,364.492,1350.514,282.11,1,8,617.808,1,8,115.978,1,8,33853.2,1,8,58691.79,1,8,12757.618,1,8,137.287,1,8,-9900,?,9,-9900,?,9,22.51,E,8,13.21,E,8,55.0,E,8,1008.6016999999999,E,8,999.0,E,8,4.2,E,8,-9900,?,9,-9900,?,9,0.0,E,8,-9900,?,9,-9900,?,9,0.0,0.0,E,8
09/15/2011,18:00,47.445,1350.514,71.31,1,8,0.0,1,8,71.31,1,8,8557.2,1,8,0.0,1,8,7844.1,1,8,759.579,1,8,-9900,?,9,-9900,?,9,21.53,E,8,13.07,E,8,58.0,E,8,1008.6016999999999,E,8,999.0,E,8,3.32,E,8,-9900,?,9,-9900,?,9,0.0,E,8,-9900,?,9,-9900,?,9,0.0,0.0,E,8
09/15/2011,19:00,0.0,1350.514,0.0,1,8,0.0,1,8,0.0,1,8,0.0,1,8,0.0,1,8,0.0,1,8,-0.0,1,8,-9900,?,9,-9900,?,9,21.14,E,8,13.01,E,8,59.0,E,8,1008.6016999999999,E,8,999.0,E,8,2.07,E,8,-9900,?,9,-9900,?,9,0.0,E,8,-9900,?,9,-9900,?,9,0.0,0.0,E,8
09/15/2011,20:00,0.0,1350.514,0.0,1,8,0.0,1,8,0.0,1,8,0.0,1,8,0.0,1,8,0.0,1,8,-0.0,1,8,-9900,?,9,-9900,?,9,20.76,E,8,12.96,E,8,60.0,E,8,1008.6016999999999,E,8,999.0,E,8,1.69,E,8,-9900,?,9,-9900,?,9,0.0,E,8,-9900,?,9,-9900,?,9,0.0,0.0,E,8
09/15/2011,21:00,0.0,1350.514,0.0,1,8,0.0,1,8,0.0,1,8,0.0,1,8,0.0,1,8,0.0,1,8,-0.0,1,8,-9900,?,9,-9900,?,9,20.37,E,8,12.9,E,8,62.0,E,8,1008.6016999999999,E,8,999.0,E,8,1.69,E,8,-9900,?,9,-9900,?,9,0.0,E,8,-9900,?,9,-9900,?,9,0.0,0.0,E,8
09/15/2011,22:00,0.0,1350.514,0.0,1,8,0.0,1,8,0.0,1,8,0.0,1,8,0.0,1,8,0.0,1,8,-0.0,1,8,-9900,?,9,-9900,?,9,19.98,E,8,12.84,E,8,63.0,E,8,1008.6016999999999,E,8,999.0,E,8,1.69,E,8,-9900,?,9,-9900,?,9,0.0,E,8,-9900,?,9,-9900,?,9,0.0,0.0,E,8
09/15/2011,23:00,0.0,1350.514,0.0,1,8,0.0,1,8,0.0,1,8,0.0,1,8,0.0,1,8,0.0,1,8,-0.0,1,8,-9900,?,9,-9900,?,9,19.6,E,8,12.79,E,8,64.0,E,8,1008.6016999999999,E,8,999.0,E,8,1.69,E,8,-9900,?,9,-9900,?,9,0.0,E,8,-9900,?,9,-9900,?,9,0.0,0.0,E,8
09/15/2011,24:00,0.0,1350.514,0.0,1,8,0.0,1,8,0.0,1,8,0.0,1,8,0.0,1,8,0.0,1,8,-0.0,1,8,-9900,?,9,-9900,?,9,19.21,E,8,15.7,E,8,82.0,E,8,1008.6016999999999,E,8,999.0,E,8,1.31,E,8,-9900,?,9,-9900,?,9,0.015,E,8,-9900,?,9,-9900,?,9,0.15,99.0,E,8
09/16/2011,01:00,0.0,1350.514,0.0,1,8,0.0,1,8,0.0,1,8,0.0,1,8,0.0,1,8,0.0,1,8,-0.0,1,8,-9900,?,9,-9900,?,9,19.02,E,8,15.66,E,8,78.0,E,8,1008.6016999999999,E,8,999.0,E,8,1.31,E,8,-9900,?,9,-9900,?,9,0.0,E,8,-9900,?,9,-9900,?,9,0.0,0.0,E,8
09/16/2011,02:00,0.0,1350.514,0.0,1,8,0.0,1,8,0.0,1,8,0.0,1,8,0.0,1,8,0.0,1,8,-0.0,1,8,-9900,?,9,-9900,?,9,18.83,E,8,15.62,E,8,83.0,E,8,1008.6016999999999,E,8,999.0,E,8,1.31,E,8,-9900,?,9,-9900,?,9,0.01,E,8,-9900,?,9,-9900,?,9,0.1,99.0,E,8
09/16/2011,03:00,0.0,1350.514,0.0,1,8,0.0,1,8,0.0,1,8,0.0,1,8,0.0,1,8,0.0,1,8,-0.0,1,8,-9900,?,9,-9900,?,9,18.63,E,8,15.58,E,8,80.0,E,8,1008.6016999999999,E,8,999.0,E,8,1.31,E,8,-9900,?,9,-9900,?,9,0.0,E,8,-9900,?,9,-9900,?,9,0.0,0.0,E,8
09/16/2011,04:00,0.0,1351.258,0.0,1,8,0.0,1,8,0.0,1,8,0.0,1,8,0.0,1,8,0.0,1,8,-0.0,1,8,-9900,?,9,-9900,?,9,18.44,E,8,15.54,E,8,85.0,E,8,1008.6016999999999,E,8,999.0,E,8,1.31,E,8,-9900,?,9,-9900,?,9,0.001,E,8,-9900,?,9,-9900,?,9,0.01,99.0,E,8
09/16/2011,05:00,0.0,1351.258,0.0,1,8,0.0,1,8,0.0,1,8,0.0,1,8,0.0,1,8,0.0,1,8,-0.0,1,8,-9900,?,9,-9900,?,9,18.25,E,8,15.5,E,8,85.0,E,8,1008.6016999999999,E,8,999.0,E,8,1.31,E,8,-9900,?,9,-9900,?,9,0.001,E,8,-9900,?,9,-9900,?,9,0.01,99.0,E,8
09/16/2011,06:00,0.0,1351.258,0.0,1,8,0.0,1,8,0.0,1,8,0.0,1,8,0.0,1,8,0.0,1,8,-0.0,1,8,-9900,?,9,-9900,?,9,18.1,E,8,15.47,E,8,81.0,E,8,1008.6016999999999,E,8,999.0,E,8,1.31,E,8,-9900,?,9,-9900,?,9,0.0,E,8,-9900,?,9,-9900,?,9,0.0,0.0,E,8
09/16/2011,07:00,240.619,1351.258,6.55,1,8,0.0,1,8,6.55,1,8,786.0,1,8,0.0,1,8,720.5,1,8,11.809,1,8,-9900,?,9,-9900,?,9,17.97,E,8,15.44,E,8,82.0,E,8,1008.6016999999999,E,8,999.0,E,8,1.31,E,8,-9900,?,9,-9900,?,9,0.0,E,8,-9900,?,9,-9900,?,9,0.0,0.0,E,8
09/16/2011,08:00,549.293,1351.258,131.33,1,8,0.0,1,8,131.33,1,8,15759.6,1,8,0.0,1,8,14446.3,1,8,102.988,1,8,-9900,?,9,-9900,?,9,17.84,E,8,15.41,E,8,82.0,E,8,1008.6016999999999,E,8,999.0,E,8,1.31,E,8,-9900,?,9,-9900,?,9,0.0,E,8,-9900,?,9,-9900,?,9,0.0,0.0,E,8
09/16/2011,09:00,819.807,1351.258,274.9,1,8,50.246,1,8,244.431,1,8,32988.0,1,8,4773.327,1,8,26887.456,1,8,128.308,1,8,-9900,?,9,-9900,?,9,20.1,E,8,15.89,E,8,75.0,E,8,1008.6016999999999,E,8,999.0,E,8,1.31,E,8,-9900,?,9,-9900,?,9,0.0,E,8,-9900,?,9,-9900,?,9,0.0,0.0,E,8
09/16/2011,10:00,1033.046,1351.258,398.15,1,8,27.534,1,8,377.104,1,8,47778.0,1,8,2615.771,1,8,41481.457,1,8,157.044,1,8,-9900,?,9,-9900,?,9,20.83,E,8,16.04,E,8,77.0,E,8,1008.6016999999999,E,8,999.0,E,8,1.31,E,8,-9900,?,9,-9900,?,9,0.025,E,8,-9900,?,9,-9900,?,9,0.25,99.0,E,8
09/16/2011,11:00,1174.355,1351.258,489.24,1,8,111.19,1,8,392.616,1,8,58708.8,1,8,10563.024,1,8,43187.776,1,8,143.813,1,8,-9900,?,9,-9900,?,9,21.44,E,8,16.17,E,8,71.0,E,8,1008.6016999999999,E,8,999.0,E,8,2.35,E,8,-9900,?,9,-9900,?,9,0.0,E,8,-9900,?,9,-9900,?,9,0.0,0.0,E,8
09/16/2011,12:00,1234.07,1351.258,541.06,1,8,64.452,1,8,482.201,1,8,64927.2,1,8,6122.976,1,8,53042.077,1,8,168.074,1,8,-9900,?,9,-9900,?,9,21.93,E,8,16.27,E,8,69.0,E,8,1008.6016999999999,E,8,999.0,E,8,3.43,E,8,-9900,?,9,-9900,?,9,0.0,E,8,-9900,?,9,-9900,?,9,0.0,0.0,E,8
09/16/2011,13:00,1208.116,1351.258,549.77,1,8,154.927,1,8,411.265,1,8,65972.4,1,8,14718.104,1,8,45239.116,1,8,146.431,1,8,-9900,?,9,-9900,?,9,22.27,E,8,16.34,E,8,69.0,E,8,1008.6016999999999,E,8,999.0,E,8,3.82,E,8,-9900,?,9,-9900,?,9,0.0,E,8,-9900,?,9,-9900,?,9,0.0,0.0,E,8
09/16/2011,14:00,1098.273,1351.258,514.74,1,8,189.339,1,8,360.873,1,8,61768.8,1,8,17987.207,1,8,39695.996,1,8,141.351,1,8,-9900,?,9,-9900,?,9,22.46,E,8,16.38,E,8,68.0,E,8,1008.6016999999999,E,8,999.0,E,8,4.25,E,8,-9900,?,9,-9900,?,9,0.0,E,8,-9900,?,9,-9900,?,9,0.0,0.0,E,8
09/16/2011,15:00,912.062,1351.258,438.55,1,8,157.077,1,8,332.565,1,8,52626.0,1,8,14922.306,1,8,36582.107,1,8,156.889,1,8,-9900,?,9,-9900,?,9,22.49,E,8,16.39,E,8,68.0,E,8,1008.6016999999999,E,8,999.0,E,8,4.9,E,8,-9900,?,9,-9900,?,9,0.0,E,8,-9900,?,9,-9900,?,9,0.0,0.0,E,8
09/16/2011,16:00,662.262,1351.258,326.98,1,8,231.008,1,8,213.866,1,8,39237.6,1,8,21945.744,1,8,23525.268,1,8,139.028,1,8,-9900,?,9,-9900,?,9,22.3,E,8,16.35,E,8,73.0,E,8,1008.6016999999999,E,8,999.0,E,8,4.69,E,8,-9900,?,9,-9900,?,9,0.047,E,8,-9900,?,9,-9900,?,9,0.47,99.0,E,8
09/16/2011,17:00,366.217,1351.258,189.56,1,8,358.664,1,8,92.707,1,8,22747.2,1,8,34073.062,1,8,10197.814,1,8,109.28,1,8,-9900,?,9,-9900,?,9,21.89,E,8,16.26,E,8,82.0,E,8,1008.6016999999999,E,8,999.0,E,8,3.62,E,8,-9900,?,9,-9900,?,9,0.79,E,8,-9900,?,9,-9900,?,9,7.9,99.0,E,8
09/16/2011,18:00,48.704,1351.258,46.41,1,8,0.0,1,8,46.41,1,8,5569.2,1,8,0.0,1,8,5105.1,1,8,478.595,1,8,-9900,?,9,-9900,?,9,21.3,E,8,16.14,E,8,75.0,E,8,1008.6016999999999,E,8,999.0,E,8,3.0,E,8,-9900,?,9,-9900,?,9,0.002,E,8,-9900,?,9,-9900,?,9,0.02,99.0,E,8
09/16/2011,19:00,0.0,1351.258,0.0,1,8,0.0,1,8,0.0,1,8,0.0,1,8,0.0,1,8,0.0,1,8,-0.0,1,8,-9900,?,9,-9900,?,9,20.92,E,8,16.06,E,8,77.0,E,8,1008.6016999999999,E,8,999.0,E,8,1.38,E,8,-9900,?,9,-9900,?,9,0.006,E,8,-9900,?,9,-9900,?,9,0.06,99.0,E,8
09/16/2011,20:00,0.0,1351.258,0.0,1,8,0.0,1,8,0.0,1,8,0.0,1,8,0.0,1,8,0.0,1,8,-0.0,1,8,-9900,?,9,-9900,?,9,20.55,E,8,15.99,E,8,78.0,E,8,1008.6016999999999,E,8,999.0,E,8,1.31,E,8,-9900,?,9,-9900,?,9,0.004,E,8,-9900,?,9,-9900,?,9,0.04,99.0,E,8
09/16/2011,21:00,0.0,1351.258,0.0,1,8,0.0,1,8,0.0,1,8,0.0,1,8,0.0,1,8,0.0,1,8,-0.0,1,8,-9900,?,9,-9900,?,9,20.17,E,8,15.91,E,8,75.0,E,8,1008.6016999999999,E,8,999.0,E,8,1.31,E,8,-9900,?,9,-9900,?,9,0.0,E,8,-9900,?,9,-9900,?,9,0.0,0.0,E,8
09/16/2011,22:00,0.0,1351.258,0.0,1,8,0.0,1,8,0.0,1,8,0.0,1,8,0.0,1,8,0.0,1,8,-0.0,1,8,-9900,?,9,-9900,?,9,19.8,E,8,15.83,E,8,76.0,E,8,1008.6016999999999,E,8,999.0,E,8,1.31,E,8,-9900,?,9,-9900,?,9,0.0,E,8,-9900,?,9,-9900,?,9,0.0,0.0,E,8
09/16/2011,23:00,0.0,1351.258,0.0,1,8,0.0,1,8,0.0,1,8,0.0,1,8,0.0,1,8,0.0,1,8,-0.0,1,8,-9900,?,9,-9900,?,9,19.42,E,8,15.75,E,8,77.0,E,8,1008.6016999999999,E,8,999.0,E,8,1.31,E,8,-9900,?,9,-9900,?,9,0.0,E,8,-9900,?,9,-9900,?,9,0.0,0.0,E,8
09/16/2011,24:00,0.0,1351.258,0.0,1,8,0.0,1,8,0.0,1,8,0.0,1,8,0.0,1,8,0.0,1,8,-0.0,1,8,-9900,?,9,-9900,?,9,19.05,E,8,16.63,E,8,87.0,E,8,1008.6016999999999,E,8,999.0,E,8,1.48,E,8,-9900,?,9,-9900,?,9,0.004,E,8,-9900,?,9,-9900,?,9,0.04,99.0,E,8
09/17/2011,01:00,0.0,1351.258,0.0,1,8,0.0,1,8,0.0,1,8,0.0,1,8,0.0,1,8,0.0,1,8,-0.0,1,8,-9900,?,9,-9900,?,9,18.86,E,8,16.7,E,8,88.0,E,8,1008.6016999999999,E,8,999.0,E,8,1.48,E,8,-9900,?,9,-9900,?,9,0.025,E,8,-9900,?,9,-9900,?,9,0.25,99.0,E,8
09/17/2011,02:00,0.0,1351.258,0.0,1,8,0.0,1,8,0.0,1,8,0.0,1,8,0.0,1,8,0.0,1,8,-0.0,1,8,-9900,?,9,-9900,?,9,18.67,E,8,16.77,E,8,85.0,E,8,1008.6016999999999,E,8,999.0,E,8,1.48,E,8,-9900,?,9,-9900,?,9,0.0,E,8,-9900,?,9,-9900,?,9,0.0,0.0,E,8
09/17/2011,03:00,0.0,1351.258,0.0,1,8,0.0,1,8,0.0,1,8,0.0,1,8,0.0,1,8,0.0,1,8,-0.0,1,8,-9900,?,9,-9900,?,9,18.48,E,8,16.84,E,8,90.0,E,8,1008.6016999999999,E,8,999.0,E,8,1.48,E,8,-9900,?,9,-9900,?,9,0.001,E,8,-9900,?,9,-9900,?,9,0.01,99.0,E,8
09/17/2011,04:00,0.0,1352.008,0.0,1,8,0.0,1,8,0.0,1,8,0.0,1,8,0.0,1,8,0.0,1,8,-0.0,1,8,-9900,?,9,-9900,?,9,18.29,E,8,16.9,E,8,92.0,E,8,1008.6016999999999,E,8,999.0,E,8,1.48,E,8,-9900,?,9,-9900,?,9,0.001,E,8,-9900,?,9,-9900,?,9,0.01,99.0,E,8
09/17/2011,05:00,0.0,1352.008,0.0,1,8,0.0,1,8,0.0,1,8,0.0,1,8,0.0,1,8,0.0,1,8,-0.0,1,8,-9900,?,9,-9900,?,9,18.11,E,8,16.96,E,8,89.0,E,8,1008.6016999999999,E,8,999.0,E,8,1.48,E,8,-9900,?,9,-9900,?,9,0.0,E,8,-9900,?,9,-9900,?,9,0.0,0.0,E,8
09/17/2011,06:00,0.0,1352.008,0.0,1,8,0.0,1,8,0.0,1,8,0.0,1,8,0.0,1,8,0.0,1,8,-0.0,1,8,-9900,?,9,-9900,?,9,17.96,E,8,17.02,E,8,90.0,E,8,1008.6016999999999,E,8,999.0,E,8,1.48,E,8,-9900,?,9,-9900,?,9,0.0,E,8,-9900,?,9,-9900,?,9,0.0,0.0,E,8
09/17/2011,07:00,245.993,1352.008,7.37,1,8,0.0,1,8,7.37,1,8,884.4,1,8,0.0,1,8,810.7,1,8,13.0,1,8,-9900,?,9,-9900,?,9,17.84,E,8,17.06,E,8,95.0,E,8,1008.6016999999999,E,8,999.0,E,8,1.48,E,8,-9900,?,9,-9900,?,9,0.009,E,8,-9900,?,9,-9900,?,9,0.09,99.0,E,8
09/17/2011,08:00,554.793,1352.008,131.22,1,8,0.0,1,8,131.22,1,8,15746.4,1,8,0.0,1,8,14434.2,1,8,101.935,1,8,-9900,?,9,-9900,?,9,17.71,E,8,17.1,E,8,96.0,E,8,1008.6016999999999,E,8,999.0,E,8,1.48,E,8,-9900,?,9,-9900,?,9,0.006,E,8,-9900,?,9,-9900,?,9,0.06,99.0,E,8
09/17/2011,09:00,825.252,1352.008,272.22,1,8,46.495,1,8,243.854,1,8,32666.4,1,8,4417.026,1,8,26823.931,1,8,127.229,1,8,-9900,?,9,-9900,?,9,20.28,E,8,16.19,E,8,79.0,E,8,1008.6016999999999,E,8,999.0,E,8,1.48,E,8,-9900,?,9,-9900,?,9,0.018,E,8,-9900,?,9,-9900,?,9,0.18,99.0,E,8
09/17/2011,10:00,1038.282,1352.008,393.13,1,8,33.03,1,8,367.769,1,8,47175.6,1,8,3137.873,1,8,40454.635,1,8,152.468,1,8,-9900,?,9,-9900,?,9,21.09,E,8,15.89,E,8,70.0,E,8,1008.6016999999999,E,8,999.0,E,8,1.49,E,8,-9900,?,9,-9900,?,9,0.0,E,8,-9900,?,9,-9900,?,9,0.0,0.0,E,8
09/17/2011,11:00,1179.248,1352.008,482.38,1,8,103.043,1,8,392.513,1,8,57885.6,1,8,9789.041,1,8,43176.384,1,8,143.258,1,8,-9900,?,9,-9900,?,9,21.78,E,8,15.64,E,8,67.0,E,8,1008.6016999999999,E,8,999.0,E,8,1.96,E,8,-9900,?,9,-9900,?,9,0.0,E,8,-9900,?,9,-9900,?,9,0.0,0.0,E,8
09/17/2011,12:00,1238.507,1352.008,533.03,1,8,59.681,1,8,478.362,1,8,63963.6,1,8,5669.701,1,8,52619.845,1,8,166.231,1,8,-9900,?,9,-9900,?,9,22.32,E,8,15.43,E,8,64.0,E,8,1008.6016999999999,E,8,999.0,E,8,2.81,E,8,-9900,?,9,-9900,?,9,0.0,E,8,-9900,?,9,-9900,?,9,0.0,0.0,E,8
09/17/2011,13:00,1212.016,1352.008,541.32,1,8,143.397,1,8,412.78,1,8,64958.4,1,8,13622.724,1,8,45405.797,1,8,146.579,1,8,-9900,?,9,-9900,?,9,22.7,E,8,15.29,E,8,62.0,E,8,1008.6016999999999,E,8,999.0,E,8,3.56,E,8,-9900,?,9,-9900,?,9,0.0,E,8,-9900,?,9,-9900,?,9,0.0,0.0,E,8
09/17/2011,14:00,1101.594,1352.008,506.67,1,8,175.325,1,8,363.839,1,8,60800.4,1,8,16655.87,1,8,40022.332,1,8,142.162,1,8,-9900,?,9,-9900,?,9,22.91,E,8,15.21,E,8,61.0,E,8,1008.6016999999999,E,8,999.0,E,8,3.68,E,8,-9900,?,9,-9900,?,9,0.0,E,8,-9900,?,9,-9900,?,9,0.0,0.0,E,8
09/17/2011,15:00,914.8,1352.008,431.61,1,8,145.67,1,8,333.081,1,8,51793.2,1,8,13838.627,1,8,36638.877,1,8,156.749,1,8,-9900,?,9,-9900,?,9,22.95,E,8,15.19,E,8,61.0,E,8,1008.6016999999999,E,8,999.0,E,8,4.27,E,8,-9900,?,9,-9900,?,9,0.0,E,8,-9900,?,9,-9900,?,9,0.0,0.0,E,8
09/17/2011,16:00,664.453,1352.008,321.84,1,8,214.981,1,8,216.283,1,8,38620.8,1,8,20423.208,1,8,23791.145,1,8,140.212,1,8,-9900,?,9,-9900,?,9,22.73,E,8,15.28,E,8,62.0,E,8,1008.6016999999999,E,8,999.0,E,8,4.37,E,8,-9900,?,9,-9900,?,9,0.0,E,8,-9900,?,9,-9900,?,9,0.0,0.0,E,8
09/17/2011,17:00,367.933,1352.008,186.73,1,8,337.05,1,8,95.335,1,8,22407.6,1,8,32019.736,1,8,10486.866,1,8,111.912,1,8,-9900,?,9,-9900,?,9,22.27,E,8,15.45,E,8,69.0,E,8,1008.6016999999999,E,8,999.0,E,8,3.93,E,8,-9900,?,9,-9900,?,9,0.002,E,8,-9900,?,9,-9900,?,9,0.02,99.0,E,8
09/17/2011,18:00,49.97,1352.008,46.0,1,8,0.0,1,8,46.0,1,8,5520.0,1,8,0.0,1,8,5060.0,1,8,459.677,1,8,-9900,?,9,-9900,?,9,21.61,E,8,15.7,E,8,68.0,E,8,1008.6016999999999,E,8,999.0,E,8,2.9,E,8,-9900,?,9,-9900,?,9,0.0,E,8,-9900,?,9,-9900,?,9,0.0,0.0,E,8
09/17/2011,19:00,0.0,1352.008,0.0,1,8,0.0,1,8,0.0,1,8,0.0,1,8,0.0,1,8,0.0,1,8,-0.0,1,8,-9900,?,9,-9900,?,9,21.16,E,8,15.87,E,8,74.0,E,8,1008.6016999999999,E,8,999.0,E,8,1.48,E,8,-9900,?,9,-9900,?,9,0.036,E,8,-9900,?,9,-9900,?,9,0.36,99.0,E,8
09/17/2011,20:00,0.0,1352.008,0.0,1,8,0.0,1,8,0.0,1,8,0.0,1,8,0.0,1,8,0.0,1,8,-0.0,1,8,-9900,?,9,-9900,?,9,20.7,E,8,16.04,E,8,86.0,E,8,1008.6016999999999,E,8,999.0,E,8,1.48,E,8,-9900,?,9,-9900,?,9,1.4300000000000002,E,8,-9900,?,9,-9900,?,9,14.3,99.0,E,8
09/17/2011,21:00,0.0,1352.008,0.0,1,8,0.0,1,8,0.0,1,8,0.0,1,8,0.0,1,8,0.0,1,8,-0.0,1,8,-9900,?,9,-9900,?,9,20.25,E,8,16.2,E,8,84.0,E,8,1008.6016999999999,E,8,999.0,E,8,1.48,E,8,-9900,?,9,-9900,?,9,0.1,E,8,-9900,?,9,-9900,?,9,1.0,99.0,E,8
09/17/2011,22:00,0.0,1352.008,0.0,1,8,0.0,1,8,0.0,1,8,0.0,1,8,0.0,1,8,0.0,1,8,-0.0,1,8,-9900,?,9,-9900,?,9,19.79,E,8,16.37,E,8,82.0,E,8,1008.6016999999999,E,8,999.0,E,8,1.48,E,8,-9900,?,9,-9900,?,9,0.05500000000000001,E,8,-9900,?,9,-9900,?,9,0.55,99.0,E,8
09/17/2011,23:00,0.0,1352.008,0.0,1,8,0.0,1,8,0.0,1,8,0.0,1,8,0.0,1,8,0.0,1,8,-0.0,1,8,-9900,?,9,-9900,?,9,19.34,E,8,16.53,E,8,85.0,E,8,1008.6016999999999,E,8,999.0,E,8,1.48,E,8,-9900,?,9,-9900,?,9,0.013000000000000001,E,8,-9900,?,9,-9900,?,9,0.13,99.0,E,8
09/17/2011,24:00,0.0,1352.008,0.0,1,8,0.0,1,8,0.0,1,8,0.0,1,8,0.0,1,8,0.0,1,8,-0.0,1,8,-9900,?,9,-9900,?,9,18.88,E,8,16.96,E,8,83.0,E,8,1008.6016999999999,E,8,999.0,E,8,1.55,E,8,-9900,?,9,-9900,?,9,0.0,E,8,-9900,?,9,-9900,?,9,0.0,0.0,E,8
09/18/2011,01:00,0.0,1352.008,0.0,1,8,0.0,1,8,0.0,1,8,0.0,1,8,0.0,1,8,0.0,1,8,-0.0,1,8,-9900,?,9,-9900,?,9,18.66,E,8,16.94,E,8,88.0,E,8,1008.6016999999999,E,8,999.0,E,8,1.55,E,8,-9900,?,9,-9900,?,9,0.001,E,8,-9900,?,9,-9900,?,9,0.01,99.0,E,8
09/18/2011,02:00,0.0,1352.008,0.0,1,8,0.0,1,8,0.0,1,8,0.0,1,8,0.0,1,8,0.0,1,8,-0.0,1,8,-9900,?,9,-9900,?,9,18.43,E,8,16.91,E,8,96.0,E,8,1008.6016999999999,E,8,999.0,E,8,1.55,E,8,-9900,?,9,-9900,?,9,0.951,E,8,-9900,?,9,-9900,?,9,9.51,99.0,E,8
09/18/2011,03:00,0.0,1352.008,0.0,1,8,0.0,1,8,0.0,1,8,0.0,1,8,0.0,1,8,0.0,1,8,-0.0,1,8,-9900,?,9,-9900,?,9,18.2,E,8,16.89,E,8,90.0,E,8,1008.6016999999999,E,8,999.0,E,8,1.55,E,8,-9900,?,9,-9900,?,9,0.032,E,8,-9900,?,9,-9900,?,9,0.32,99.0,E,8
09/18/2011,04:00,0.0,1352.762,0.0,1,8,0.0,1,8,0.0,1,8,0.0,1,8,0.0,1,8,0.0,1,8,-0.0,1,8,-9900,?,9,-9900,?,9,17.97,E,8,16.86,E,8,91.0,E,8,1008.6016999999999,E,8,999.0,E,8,1.55,E,8,-9900,?,9,-9900,?,9,0.013000000000000001,E,8,-9900,?,9,-9900,?,9,0.13,99.0,E,8
09/18/2011,05:00,0.0,1352.762,0.0,1,8,0.0,1,8,0.0,1,8,0.0,1,8,0.0,1,8,0.0,1,8,-0.0,1,8,-9900,?,9,-9900,?,9,17.75,E,8,16.84,E,8,92.0,E,8,1008.6016999999999,E,8,999.0,E,8,1.55,E,8,-9900,?,9,-9900,?,9,0.004,E,8,-9900,?,9,-9900,?,9,0.04,99.0,E,8
09/18/2011,06:00,0.0,1352.762,0.0,1,8,0.0,1,8,0.0,1,8,0.0,1,8,0.0,1,8,0.0,1,8,-0.0,1,8,-9900,?,9,-9900,?,9,17.57,E,8,16.82,E,8,88.0,E,8,1008.6016999999999,E,8,999.0,E,8,1.55,E,8,-9900,?,9,-9900,?,9,0.0,E,8,-9900,?,9,-9900,?,9,0.0,0.0,E,8
09/18/2011,07:00,251.371,1352.762,8.24,1,8,0.0,1,8,8.24,1,8,988.8,1,8,0.0,1,8,906.4,1,8,14.227,1,8,-9900,?,9,-9900,?,9,17.42,E,8,16.8,E,8,89.0,E,8,1008.6016999999999,E,8,999.0,E,8,1.55,E,8,-9900,?,9,-9900,?,9,0.0,E,8,-9900,?,9,-9900,?,9,0.0,0.0,E,8
09/18/2011,08:00,560.282,1352.762,131.44,1,8,0.0,1,8,131.44,1,8,15772.8,1,8,0.0,1,8,14458.4,1,8,101.159,1,8,-9900,?,9,-9900,?,9,17.27,E,8,16.79,E,8,90.0,E,8,1008.6016999999999,E,8,999.0,E,8,1.55,E,8,-9900,?,9,-9900,?,9,0.0,E,8,-9900,?,9,-9900,?,9,0.0,0.0,E,8
09/18/2011,09:00,830.674,1352.762,270.28,1,8,32.543,1,8,250.307,1,8,32433.6,1,8,3091.557,1,8,27533.724,1,8,129.815,1,8,-9900,?,9,-9900,?,9,20.3,E,8,17.12,E,8,78.0,E,8,1008.6016999999999,E,8,999.0,E,8,1.55,E,8,-9900,?,9,-9900,?,9,0.0,E,8,-9900,?,9,-9900,?,9,0.0,0.0,E,8
09/18/2011,10:00,1043.486,1352.762,389.19,1,8,47.63,1,8,352.457,1,8,46702.8,1,8,4524.832,1,8,38770.26,1,8,145.471,1,8,-9900,?,9,-9900,?,9,21.24,E,8,17.22,E,8,75.0,E,8,1008.6016999999999,E,8,999.0,E,8,1.55,E,8,-9900,?,9,-9900,?,9,0.0,E,8,-9900,?,9,-9900,?,9,0.0,0.0,E,8
09/18/2011,11:00,1184.1,1352.762,476.88,1,8,57.927,1,8,426.18,1,8,57225.6,1,8,5503.06,1,8,46879.788,1,8,154.994,1,8,-9900,?,9,-9900,?,9,22.05,E,8,17.31,E,8,76.0,E,8,1008.6016999999999,E,8,999.0,E,8,1.55,E,8,-9900,?,9,-9900,?,9,0.002,E,8,-9900,?,9,-9900,?,9,0.02,99.0,E,8
09/18/2011,12:00,1242.9,1352.762,526.51,1,8,55.877,1,8,475.174,1,8,63181.2,1,8,5308.325,1,8,52269.097,1,8,164.631,1,8,-9900,?,9,-9900,?,9,22.68,E,8,17.37,E,8,71.0,E,8,1008.6016999999999,E,8,999.0,E,8,2.26,E,8,-9900,?,9,-9900,?,9,0.0,E,8,-9900,?,9,-9900,?,9,0.0,0.0,E,8
09/18/2011,13:00,1215.874,1352.762,534.43,1,8,80.5,1,8,462.081,1,8,64131.6,1,8,7647.527,1,8,50828.879,1,8,163.656,1,8,-9900,?,9,-9900,?,9,23.12,E,8,17.42,E,8,69.0,E,8,1008.6016999999999,E,8,999.0,E,8,3.41,E,8,-9900,?,9,-9900,?,9,0.0,E,8,-9900,?,9,-9900,?,9,0.0,0.0,E,8
09/18/2011,14:00,1104.876,1352.762,500.06,1,8,98.433,1,8,419.676,1,8,60007.2,1,8,9351.144,1,8,46164.359,1,8,163.582,1,8,-9900,?,9,-9900,?,9,23.36,E,8,17.45,E,8,69.0,E,8,1008.6016999999999,E,8,999.0,E,8,3.99,E,8,-9900,?,9,-9900,?,9,0.0,E,8,-9900,?,9,-9900,?,9,0.0,0.0,E,8
09/18/2011,15:00,917.507,1352.762,425.92,1,8,104.227,1,8,355.252,1,8,51110.4,1,8,9901.588,1,8,39077.775,1,8,166.782,1,8,-9900,?,9,-9900,?,9,23.4,E,8,17.45,E,8,72.0,E,8,1008.6016999999999,E,8,999.0,E,8,4.5,E,8,-9900,?,9,-9900,?,9,0.009,E,8,-9900,?,9,-9900,?,9,0.09,99.0,E,8
09/18/2011,16:00,666.624,1352.762,317.63,1,8,211.899,1,8,213.304,1,8,38115.6,1,8,20130.379,1,8,23463.454,1,8,137.907,1,8,-9900,?,9,-9900,?,9,23.15,E,8,17.42,E,8,73.0,E,8,1008.6016999999999,E,8,999.0,E,8,4.45,E,8,-9900,?,9,-9900,?,9,0.02,E,8,-9900,?,9,-9900,?,9,0.2,99.0,E,8
09/18/2011,17:00,369.643,1352.762,184.43,1,8,309.564,1,8,100.143,1,8,22131.6,1,8,29408.542,1,8,11015.706,1,8,117.073,1,8,-9900,?,9,-9900,?,9,22.6,E,8,17.36,E,8,75.0,E,8,1008.6016999999999,E,8,999.0,E,8,3.47,E,8,-9900,?,9,-9900,?,9,0.06,E,8,-9900,?,9,-9900,?,9,0.6,99.0,E,8
09/18/2011,18:00,51.245,1352.762,45.72,1,8,0.0,1,8,45.72,1,8,5486.4,1,8,0.0,1,8,5029.2,1,8,443.106,1,8,-9900,?,9,-9900,?,9,21.84,E,8,17.28,E,8,77.0,E,8,1008.6016999999999,E,8,999.0,E,8,2.43,E,8,-9900,?,9,-9900,?,9,0.006,E,8,-9900,?,9,-9900,?,9,0.06,99.0,E,8
09/18/2011,19:00,0.0,1352.762,0.0,1,8,0.0,1,8,0.0,1,8,0.0,1,8,0.0,1,8,0.0,1,8,-0.0,1,8,-9900,?,9,-9900,?,9,21.37,E,8,17.23,E,8,75.0,E,8,1008.6016999999999,E,8,999.0,E,8,1.73,E,8,-9900,?,9,-9900,?,9,0.0,E,8,-9900,?,9,-9900,?,9,0.0,0.0,E,8
09/18/2011,20:00,0.0,1352.762,0.0,1,8,0.0,1,8,0.0,1,8,0.0,1,8,0.0,1,8,0.0,1,8,-0.0,1,8,-9900,?,9,-9900,?,9,20.91,E,8,17.18,E,8,76.0,E,8,1008.6016999999999,E,8,999.0,E,8,1.55,E,8,-9900,?,9,-9900,?,9,0.0,E,8,-9900,?,9,-9900,?,9,0.0,0.0,E,8
09/18/2011,21:00,0.0,1352.762,0.0,1,8,0.0,1,8,0.0,1,8,0.0,1,8,0.0,1,8,0.0,1,8,-0.0,1,8,-9900,?,9,-9900,?,9,20.44,E,8,17.13,E,8,82.0,E,8,1008.6016999999999,E,8,999.0,E,8,1.55,E,8,-9900,?,9,-9900,?,9,0.001,E,8,-9900,?,9,-9900,?,9,0.01,99.0,E,8
09/18/2011,22:00,0.0,1352.762,0.0,1,8,0.0,1,8,0.0,1,8,0.0,1,8,0.0,1,8,0.0,1,8,-0.0,1,8,-9900,?,9,-9900,?,9,19.98,E,8,17.08,E,8,79.0,E,8,1008.6016999999999,E,8,999.0,E,8,1.55,E,8,-9900,?,9,-9900,?,9,0.0,E,8,-9900,?,9,-9900,?,9,0.0,0.0,E,8
09/18/2011,23:00,0.0,1352.762,0.0,1,8,0.0,1,8,0.0,1,8,0.0,1,8,0.0,1,8,0.0,1,8,-0.0,1,8,-9900,?,9,-9900,?,9,19.51,E,8,17.03,E,8,81.0,E,8,1008.6016999999999,E,8,999.0,E,8,1.55,E,8,-9900,?,9,-9900,?,9,0.0,E,8,-9900,?,9,-9900,?,9,0.0,0.0,E,8
09/18/2011,24:00,0.0,1352.762,0.0,1,8,0.0,1,8,0.0,1,8,0.0,1,8,0.0,1,8,0.0,1,8,-0.0,1,8,-9900,?,9,-9900,?,9,19.05,E,8,16.68,E,8,84.0,E,8,1008.6016999999999,E,8,999.0,E,8,2.13,E,8,-9900,?,9,-9900,?,9,0.0,E,8,-9900,?,9,-9900,?,9,0.0,0.0,E,8
09/19/2011,01:00,0.0,1352.762,0.0,1,8,0.0,1,8,0.0,1,8,0.0,1,8,0.0,1,8,0.0,1,8,-0.0,1,8,-9900,?,9,-9900,?,9,18.81,E,8,16.67,E,8,85.0,E,8,1008.6016999999999,E,8,999.0,E,8,2.13,E,8,-9900,?,9,-9900,?,9,0.0,E,8,-9900,?,9,-9900,?,9,0.0,0.0,E,8
09/19/2011,02:00,0.0,1352.762,0.0,1,8,0.0,1,8,0.0,1,8,0.0,1,8,0.0,1,8,0.0,1,8,-0.0,1,8,-9900,?,9,-9900,?,9,18.58,E,8,16.66,E,8,91.0,E,8,1008.6016999999999,E,8,999.0,E,8,2.13,E,8,-9900,?,9,-9900,?,9,0.046,E,8,-9900,?,9,-9900,?,9,0.46,99.0,E,8
09/19/2011,03:00,0.0,1352.762,0.0,1,8,0.0,1,8,0.0,1,8,0.0,1,8,0.0,1,8,0.0,1,8,-0.0,1,8,-9900,?,9,-9900,?,9,18.35,E,8,16.65,E,8,92.0,E,8,1008.6016999999999,E,8,999.0,E,8,2.13,E,8,-9900,?,9,-9900,?,9,0.02,E,8,-9900,?,9,-9900,?,9,0.2,99.0,E,8
09/19/2011,04:00,0.0,1353.521,0.0,1,8,0.0,1,8,0.0,1,8,0.0,1,8,0.0,1,8,0.0,1,8,-0.0,1,8,-9900,?,9,-9900,?,9,18.11,E,8,16.64,E,8,93.0,E,8,1008.6016999999999,E,8,999.0,E,8,2.13,E,8,-9900,?,9,-9900,?,9,0.01,E,8,-9900,?,9,-9900,?,9,0.1,99.0,E,8
09/19/2011,05:00,0.0,1353.521,0.0,1,8,0.0,1,8,0.0,1,8,0.0,1,8,0.0,1,8,0.0,1,8,-0.0,1,8,-9900,?,9,-9900,?,9,17.88,E,8,16.63,E,8,95.0,E,8,1008.6016999999999,E,8,999.0,E,8,2.13,E,8,-9900,?,9,-9900,?,9,0.014000000000000002,E,8,-9900,?,9,-9900,?,9,0.14,99.0,E,8
09/19/2011,06:00,0.0,1353.521,0.0,1,8,0.0,1,8,0.0,1,8,0.0,1,8,0.0,1,8,0.0,1,8,-0.0,1,8,-9900,?,9,-9900,?,9,17.7,E,8,16.63,E,8,91.0,E,8,1008.6016999999999,E,8,999.0,E,8,2.13,E,8,-9900,?,9,-9900,?,9,0.0,E,8,-9900,?,9,-9900,?,9,0.0,0.0,E,8
09/19/2011,07:00,256.75,1353.521,6.26,1,8,0.0,1,8,6.26,1,8,751.2,1,8,0.0,1,8,688.6,1,8,10.584,1,8,-9900,?,9,-9900,?,9,17.55,E,8,16.62,E,8,92.0,E,8,1008.6016999999999,E,8,999.0,E,8,2.13,E,8,-9900,?,9,-9900,?,9,0.0,E,8,-9900,?,9,-9900,?,9,0.0,0.0,E,8
09/19/2011,08:00,565.758,1353.521,90.1,1,8,0.0,1,8,90.1,1,8,10812.0,1,8,0.0,1,8,9911.0,1,8,68.708,1,8,-9900,?,9,-9900,?,9,17.39,E,8,16.61,E,8,93.0,E,8,1008.6016999999999,E,8,999.0,E,8,2.13,E,8,-9900,?,9,-9900,?,9,0.0,E,8,-9900,?,9,-9900,?,9,0.0,0.0,E,8
09/19/2011,09:00,836.07,1353.521,183.69,1,8,1.346,1,8,182.859,1,8,22042.8,1,8,127.898,1,8,20114.467,1,8,94.275,1,8,-9900,?,9,-9900,?,9,19.88,E,8,16.72,E,8,80.0,E,8,1008.6016999999999,E,8,999.0,E,8,2.13,E,8,-9900,?,9,-9900,?,9,0.0,E,8,-9900,?,9,-9900,?,9,0.0,0.0,E,8
09/19/2011,10:00,1048.655,1353.521,263.76,1,8,7.34,1,8,258.074,1,8,31651.2,1,8,697.338,1,8,28388.146,1,8,106.05,1,8,-9900,?,9,-9900,?,9,20.64,E,8,16.75,E,8,77.0,E,8,1008.6016999999999,E,8,999.0,E,8,2.13,E,8,-9900,?,9,-9900,?,9,0.0,E,8,-9900,?,9,-9900,?,9,0.0,0.0,E,8
09/19/2011,11:00,1188.911,1353.521,322.73,1,8,20.657,1,8,304.586,1,8,38727.6,1,8,1962.453,1,8,33504.509,1,8,110.386,1,8,-9900,?,9,-9900,?,9,21.29,E,8,16.78,E,8,74.0,E,8,1008.6016999999999,E,8,999.0,E,8,2.13,E,8,-9900,?,9,-9900,?,9,0.0,E,8,-9900,?,9,-9900,?,9,0.0,0.0,E,8
09/19/2011,12:00,1247.249,1353.521,356.03,1,8,23.7,1,8,334.192,1,8,42723.6,1,8,2251.461,1,8,36761.156,1,8,115.447,1,8,-9900,?,9,-9900,?,9,21.81,E,8,16.8,E,8,72.0,E,8,1008.6016999999999,E,8,999.0,E,8,2.13,E,8,-9900,?,9,-9900,?,9,0.0,E,8,-9900,?,9,-9900,?,9,0.0,0.0,E,8
09/19/2011,13:00,1219.688,1353.521,361.2,1,8,26.187,1,8,337.604,1,8,43344.0,1,8,2487.751,1,8,37136.444,1,8,119.262,1,8,-9900,?,9,-9900,?,9,22.16,E,8,16.81,E,8,70.0,E,8,1008.6016999999999,E,8,999.0,E,8,2.13,E,8,-9900,?,9,-9900,?,9,0.0,E,8,-9900,?,9,-9900,?,9,0.0,0.0,E,8
09/19/2011,14:00,1108.12,1353.521,337.85,1,8,28.991,1,8,314.118,1,8,40542.0,1,8,2754.181,1,8,34553.019,1,8,122.147,1,8,-9900,?,9,-9900,?,9,22.36,E,8,16.82,E,8,74.0,E,8,1008.6016999999999,E,8,999.0,E,8,2.13,E,8,-9900,?,9,-9900,?,9,0.006,E,8,-9900,?,9,-9900,?,9,0.06,99.0,E,8
09/19/2011,15:00,920.184,1353.521,287.72,1,8,16.903,1,8,276.233,1,8,34526.4,1,8,1605.764,1,8,30385.593,1,8,129.379,1,8,-9900,?,9,-9900,?,9,22.39,E,8,16.82,E,8,74.0,E,8,1008.6016999999999,E,8,999.0,E,8,2.13,E,8,-9900,?,9,-9900,?,9,0.03,E,8,-9900,?,9,-9900,?,9,0.3,99.0,E,8
09/19/2011,16:00,668.776,1353.521,214.59,1,8,42.69,1,8,193.516,1,8,25750.8,1,8,4055.59,1,8,21286.728,1,8,124.78,1,8,-9900,?,9,-9900,?,9,22.18,E,8,16.81,E,8,75.0,E,8,1008.6016999999999,E,8,999.0,E,8,2.13,E,8,-9900,?,9,-9900,?,9,0.086,E,8,-9900,?,9,-9900,?,9,0.86,99.0,E,8
09/19/2011,17:00,371.346,1353.521,124.71,1,8,72.677,1,8,104.841,1,8,14965.2,1,8,6904.339,1,8,11532.508,1,8,122.068,1,8,-9900,?,9,-9900,?,9,21.74,E,8,16.8,E,8,86.0,E,8,1008.6016999999999,E,8,999.0,E,8,2.13,E,8,-9900,?,9,-9900,?,9,1.279,E,8,-9900,?,9,-9900,?,9,12.79,99.0,E,8
09/19/2011,18:00,52.53,1353.521,31.1,1,8,0.0,1,8,31.1,1,8,3732.0,1,8,0.0,1,8,3421.0,1,8,292.551,1,8,-9900,?,9,-9900,?,9,21.11,E,8,16.77,E,8,79.0,E,8,1008.6016999999999,E,8,999.0,E,8,2.13,E,8,-9900,?,9,-9900,?,9,0.004,E,8,-9900,?,9,-9900,?,9,0.04,99.0,E,8
09/19/2011,19:00,0.0,1353.521,0.0,1,8,0.0,1,8,0.0,1,8,0.0,1,8,0.0,1,8,0.0,1,8,-0.0,1,8,-9900,?,9,-9900,?,9,20.64,E,8,16.75,E,8,81.0,E,8,1008.6016999999999,E,8,999.0,E,8,2.13,E,8,-9900,?,9,-9900,?,9,0.003,E,8,-9900,?,9,-9900,?,9,0.03,99.0,E,8
09/19/2011,20:00,0.0,1353.521,0.0,1,8,0.0,1,8,0.0,1,8,0.0,1,8,0.0,1,8,0.0,1,8,-0.0,1,8,-9900,?,9,-9900,?,9,20.16,E,8,16.73,E,8,83.0,E,8,1008.6016999999999,E,8,999.0,E,8,2.13,E,8,-9900,?,9,-9900,?,9,0.001,E,8,-9900,?,9,-9900,?,9,0.01,99.0,E,8
09/19/2011,21:00,0.0,1353.521,0.0,1,8,0.0,1,8,0.0,1,8,0.0,1,8,0.0,1,8,0.0,1,8,-0.0,1,8,-9900,?,9,-9900,?,9,19.69,E,8,16.71,E,8,86.0,E,8,1008.6016999999999,E,8,999.0,E,8,2.13,E,8,-9900,?,9,-9900,?,9,0.001,E,8,-9900,?,9,-9900,?,9,0.01,99.0,E,8
09/19/2011,22:00,0.0,1353.521,0.0,1,8,0.0,1,8,0.0,1,8,0.0,1,8,0.0,1,8,0.0,1,8,-0.0,1,8,-9900,?,9,-9900,?,9,19.22,E,8,16.69,E,8,83.0,E,8,1008.6016999999999,E,8,999.0,E,8,2.13,E,8,-9900,?,9,-9900,?,9,0.0,E,8,-9900,?,9,-9900,?,9,0.0,0.0,E,8
09/19/2011,23:00,0.0,1353.521,0.0,1,8,0.0,1,8,0.0,1,8,0.0,1,8,0.0,1,8,0.0,1,8,-0.0,1,8,-9900,?,9,-9900,?,9,18.75,E,8,16.67,E,8,85.0,E,8,1008.6016999999999,E,8,999.0,E,8,2.13,E,8,-9900,?,9,-9900,?,9,0.0,E,8,-9900,?,9,-9900,?,9,0.0,0.0,E,8
09/19/2011,24:00,0.0,1353.521,0.0,1,8,0.0,1,8,0.0,1,8,0.0,1,8,0.0,1,8,0.0,1,8,-0.0,1,8,-9900,?,9,-9900,?,9,18.27,E,8,13.83,E,8,75.0,E,8,1008.6016999999999,E,8,999.0,E,8,1.04,E,8,-9900,?,9,-9900,?,9,0.0,E,8,-9900,?,9,-9900,?,9,0.0,0.0,E,8
09/20/2011,01:00,0.0,1353.521,0.0,1,8,0.0,1,8,0.0,1,8,0.0,1,8,0.0,1,8,0.0,1,8,-0.0,1,8,-9900,?,9,-9900,?,9,18.04,E,8,13.84,E,8,76.0,E,8,1008.6016999999999,E,8,999.0,E,8,1.04,E,8,-9900,?,9,-9900,?,9,0.0,E,8,-9900,?,9,-9900,?,9,0.0,0.0,E,8
09/20/2011,02:00,0.0,1353.521,0.0,1,8,0.0,1,8,0.0,1,8,0.0,1,8,0.0,1,8,0.0,1,8,-0.0,1,8,-9900,?,9,-9900,?,9,17.8,E,8,13.84,E,8,77.0,E,8,1008.6016999999999,E,8,999.0,E,8,1.04,E,8,-9900,?,9,-9900,?,9,0.0,E,8,-9900,?,9,-9900,?,9,0.0,0.0,E,8
09/20/2011,03:00,0.0,1353.521,0.0,1,8,0.0,1,8,0.0,1,8,0.0,1,8,0.0,1,8,0.0,1,8,-0.0,1,8,-9900,?,9,-9900,?,9,17.56,E,8,13.85,E,8,78.0,E,8,1008.6016999999999,E,8,999.0,E,8,1.04,E,8,-9900,?,9,-9900,?,9,0.0,E,8,-9900,?,9,-9900,?,9,0.0,0.0,E,8
09/20/2011,04:00,0.0,1354.284,0.0,1,8,0.0,1,8,0.0,1,8,0.0,1,8,0.0,1,8,0.0,1,8,-0.0,1,8,-9900,?,9,-9900,?,9,17.33,E,8,13.85,E,8,80.0,E,8,1008.6016999999999,E,8,999.0,E,8,1.04,E,8,-9900,?,9,-9900,?,9,0.0,E,8,-9900,?,9,-9900,?,9,0.0,0.0,E,8
09/20/2011,05:00,0.0,1354.284,0.0,1,8,0.0,1,8,0.0,1,8,0.0,1,8,0.0,1,8,0.0,1,8,-0.0,1,8,-9900,?,9,-9900,?,9,17.09,E,8,13.86,E,8,81.0,E,8,1008.6016999999999,E,8,999.0,E,8,1.04,E,8,-9900,?,9,-9900,?,9,0.0,E,8,-9900,?,9,-9900,?,9,0.0,0.0,E,8
09/20/2011,06:00,0.0,1354.284,0.0,1,8,0.0,1,8,0.0,1,8,0.0,1,8,0.0,1,8,0.0,1,8,-0.0,1,8,-9900,?,9,-9900,?,9,16.91,E,8,13.86,E,8,82.0,E,8,1008.6016999999999,E,8,999.0,E,8,1.04,E,8,-9900,?,9,-9900,?,9,0.0,E,8,-9900,?,9,-9900,?,9,0.0,0.0,E,8
09/20/2011,07:00,262.127,1354.284,15.24,1,8,0.0,1,8,15.24,1,8,1828.8,1,8,0.0,1,8,1676.4,1,8,25.245,1,8,-9900,?,9,-9900,?,9,16.75,E,8,13.86,E,8,83.0,E,8,1008.6016999999999,E,8,999.0,E,8,1.04,E,8,-9900,?,9,-9900,?,9,0.0,E,8,-9900,?,9,-9900,?,9,0.0,0.0,E,8
09/20/2011,08:00,571.216,1354.284,174.29,1,8,21.989,1,8,165.028,1,8,20914.8,1,8,2088.922,1,8,18153.083,1,8,124.71,1,8,-9900,?,9,-9900,?,9,16.6,E,8,13.87,E,8,83.0,E,8,1008.6016999999999,E,8,999.0,E,8,1.04,E,8,-9900,?,9,-9900,?,9,0.0,E,8,-9900,?,9,-9900,?,9,0.0,0.0,E,8
09/20/2011,09:00,841.437,1354.284,358.36,1,8,109.614,1,8,290.287,1,8,43003.2,1,8,10413.302,1,8,31931.591,1,8,148.788,1,8,-9900,?,9,-9900,?,9,19.99,E,8,13.79,E,8,67.0,E,8,1008.6016999999999,E,8,999.0,E,8,1.22,E,8,-9900,?,9,-9900,?,9,0.0,E,8,-9900,?,9,-9900,?,9,0.0,0.0,E,8
09/20/2011,10:00,1053.785,1354.284,533.71,1,8,191.14,1,8,385.01,1,8,64045.2,1,8,18158.283,1,8,42351.137,1,8,157.53,1,8,-9900,?,9,-9900,?,9,21.12,E,8,13.77,E,8,62.0,E,8,1008.6016999999999,E,8,999.0,E,8,1.95,E,8,-9900,?,9,-9900,?,9,0.0,E,8,-9900,?,9,-9900,?,9,0.0,0.0,E,8
09/20/2011,11:00,1193.678,1354.284,671.07,1,8,271.893,1,8,431.442,1,8,80528.4,1,8,25829.805,1,8,47458.58,1,8,155.823,1,8,-9900,?,9,-9900,?,9,22.13,E,8,13.74,E,8,58.0,E,8,1008.6016999999999,E,8,999.0,E,8,2.7,E,8,-9900,?,9,-9900,?,9,0.0,E,8,-9900,?,9,-9900,?,9,0.0,0.0,E,8
09/20/2011,12:00,1251.552,1354.284,758.02,1,8,366.798,1,8,419.063,1,8,90962.4,1,8,34845.834,1,8,46096.944,1,8,144.349,1,8,-9900,?,9,-9900,?,9,22.95,E,8,13.73,E,8,56.0,E,8,1008.6016999999999,E,8,999.0,E,8,3.39,E,8,-9900,?,9,-9900,?,9,0.0,E,8,-9900,?,9,-9900,?,9,0.0,0.0,E,8
09/20/2011,13:00,1223.458,1354.284,729.49,1,8,334.0,1,8,427.775,1,8,87538.8,1,8,31730.007,1,8,47055.248,1,8,150.735,1,8,-9900,?,9,-9900,?,9,23.44,E,8,13.72,E,8,54.0,E,8,1008.6016999999999,E,8,999.0,E,8,3.86,E,8,-9900,?,9,-9900,?,9,0.0,E,8,-9900,?,9,-9900,?,9,0.0,0.0,E,8
09/20/2011,14:00,1111.325,1354.284,772.86,1,8,574.235,1,8,301.711,1,8,92743.2,1,8,54552.283,1,8,33188.184,1,8,117.05,1,8,-9900,?,9,-9900,?,9,23.87,E,8,13.71,E,8,52.0,E,8,1008.6016999999999,E,8,999.0,E,8,4.69,E,8,-9900,?,9,-9900,?,9,0.0,E,8,-9900,?,9,-9900,?,9,0.0,0.0,E,8
09/20/2011,15:00,922.831,1354.284,672.86,1,8,754.349,1,8,159.009,1,8,80743.2,1,8,71663.131,1,8,17490.98,1,8,74.303,1,8,-9900,?,9,-9900,?,9,24.03,E,8,13.7,E,8,52.0,E,8,1008.6016999999999,E,8,999.0,E,8,4.99,E,8,-9900,?,9,-9900,?,9,0.0,E,8,-9900,?,9,-9900,?,9,0.0,0.0,E,8
09/20/2011,16:00,670.91,1354.284,525.87,1,8,675.777,1,8,191.393,1,8,63104.4,1,8,64198.796,1,8,21053.186,1,8,123.087,1,8,-9900,?,9,-9900,?,9,23.89,E,8,13.7,E,8,52.0,E,8,1008.6016999999999,E,8,999.0,E,8,4.53,E,8,-9900,?,9,-9900,?,9,0.0,E,8,-9900,?,9,-9900,?,9,0.0,0.0,E,8
09/20/2011,17:00,373.044,1354.284,311.19,1,8,644.629,1,8,134.245,1,8,37342.8,1,8,61239.764,1,8,14766.996,1,8,155.676,1,8,-9900,?,9,-9900,?,9,23.32,E,8,13.72,E,8,54.0,E,8,1008.6016999999999,E,8,999.0,E,8,3.87,E,8,-9900,?,9,-9900,?,9,0.0,E,8,-9900,?,9,-9900,?,9,0.0,0.0,E,8
09/20/2011,18:00,53.825,1354.284,96.6,1,8,0.0,1,8,96.6,1,8,11592.0,1,8,0.0,1,8,10626.0,1,8,882.597,1,8,-9900,?,9,-9900,?,9,22.42,E,8,13.74,E,8,57.0,E,8,1008.6016999999999,E,8,999.0,E,8,3.28,E,8,-9900,?,9,-9900,?,9,0.0,E,8,-9900,?,9,-9900,?,9,0.0,0.0,E,8
09/20/2011,19:00,0.0,1354.284,0.0,1,8,0.0,1,8,0.0,1,8,0.0,1,8,0.0,1,8,0.0,1,8,-0.0,1,8,-9900,?,9,-9900,?,9,21.7,E,8,13.75,E,8,60.0,E,8,1008.6016999999999,E,8,999.0,E,8,2.25,E,8,-9900,?,9,-9900,?,9,0.0,E,8,-9900,?,9,-9900,?,9,0.0,0.0,E,8
09/20/2011,20:00,0.0,1354.284,0.0,1,8,0.0,1,8,0.0,1,8,0.0,1,8,0.0,1,8,0.0,1,8,-0.0,1,8,-9900,?,9,-9900,?,9,20.97,E,8,13.77,E,8,63.0,E,8,1008.6016999999999,E,8,999.0,E,8,1.77,E,8,-9900,?,9,-9900,?,9,0.0,E,8,-9900,?,9,-9900,?,9,0.0,0.0,E,8
09/20/2011,21:00,0.0,1354.284,0.0,1,8,0.0,1,8,0.0,1,8,0.0,1,8,0.0,1,8,0.0,1,8,-0.0,1,8,-9900,?,9,-9900,?,9,20.25,E,8,13.79,E,8,66.0,E,8,1008.6016999999999,E,8,999.0,E,8,1.15,E,8,-9900,?,9,-9900,?,9,0.0,E,8,-9900,?,9,-9900,?,9,0.0,0.0,E,8
09/20/2011,22:00,0.0,1354.284,0.0,1,8,0.0,1,8,0.0,1,8,0.0,1,8,0.0,1,8,0.0,1,8,-0.0,1,8,-9900,?,9,-9900,?,9,19.53,E,8,13.8,E,8,69.0,E,8,1008.6016999999999,E,8,999.0,E,8,1.04,E,8,-9900,?,9,-9900,?,9,0.0,E,8,-9900,?,9,-9900,?,9,0.0,0.0,E,8
09/20/2011,23:00,0.0,1354.284,0.0,1,8,0.0,1,8,0.0,1,8,0.0,1,8,0.0,1,8,0.0,1,8,-0.0,1,8,-9900,?,9,-9900,?,9,18.81,E,8,13.82,E,8,72.0,E,8,1008.6016999999999,E,8,999.0,E,8,1.04,E,8,-9900,?,9,-9900,?,9,0.0,E,8,-9900,?,9,-9900,?,9,0.0,0.0,E,8
09/20/2011,24:00,0.0,1354.284,0.0,1,8,0.0,1,8,0.0,1,8,0.0,1,8,0.0,1,8,0.0,1,8,-0.0,1,8,-9900,?,9,-9900,?,9,18.08,E,8,12.75,E,8,71.0,E,8,1008.6016999999999,E,8,999.0,E,8,1.46,E,8,-9900,?,9,-9900,?,9,0.0,E,8,-9900,?,9,-9900,?,9,0.0,0.0,E,8
09/21/2011,01:00,0.0,1354.284,0.0,1,8,0.0,1,8,0.0,1,8,0.0,1,8,0.0,1,8,0.0,1,8,-0.0,1,8,-9900,?,9,-9900,?,9,17.72,E,8,12.71,E,8,72.0,E,8,1008.6016999999999,E,8,999.0,E,8,1.46,E,8,-9900,?,9,-9900,?,9,0.0,E,8,-9900,?,9,-9900,?,9,0.0,0.0,E,8
09/21/2011,02:00,0.0,1354.284,0.0,1,8,0.0,1,8,0.0,1,8,0.0,1,8,0.0,1,8,0.0,1,8,-0.0,1,8,-9900,?,9,-9900,?,9,17.36,E,8,12.68,E,8,73.0,E,8,1008.6016999999999,E,8,999.0,E,8,1.46,E,8,-9900,?,9,-9900,?,9,0.0,E,8,-9900,?,9,-9900,?,9,0.0,0.0,E,8
09/21/2011,03:00,0.0,1354.284,0.0,1,8,0.0,1,8,0.0,1,8,0.0,1,8,0.0,1,8,0.0,1,8,-0.0,1,8,-9900,?,9,-9900,?,9,17.0,E,8,12.64,E,8,75.0,E,8,1008.6016999999999,E,8,999.0,E,8,1.46,E,8,-9900,?,9,-9900,?,9,0.0,E,8,-9900,?,9,-9900,?,9,0.0,0.0,E,8
09/21/2011,04:00,0.0,1355.052,0.0,1,8,0.0,1,8,0.0,1,8,0.0,1,8,0.0,1,8,0.0,1,8,-0.0,1,8,-9900,?,9,-9900,?,9,16.64,E,8,12.6,E,8,77.0,E,8,1008.6016999999999,E,8,999.0,E,8,1.46,E,8,-9900,?,9,-9900,?,9,0.0,E,8,-9900,?,9,-9900,?,9,0.0,0.0,E,8
09/21/2011,05:00,0.0,1355.052,0.0,1,8,0.0,1,8,0.0,1,8,0.0,1,8,0.0,1,8,0.0,1,8,-0.0,1,8,-9900,?,9,-9900,?,9,16.28,E,8,12.56,E,8,78.0,E,8,1008.6016999999999,E,8,999.0,E,8,1.46,E,8,-9900,?,9,-9900,?,9,0.0,E,8,-9900,?,9,-9900,?,9,0.0,0.0,E,8
09/21/2011,06:00,0.0,1355.052,0.0,1,8,0.0,1,8,0.0,1,8,0.0,1,8,0.0,1,8,0.0,1,8,-0.0,1,8,-9900,?,9,-9900,?,9,16.0,E,8,12.53,E,8,79.0,E,8,1008.6016999999999,E,8,999.0,E,8,1.46,E,8,-9900,?,9,-9900,?,9,0.0,E,8,-9900,?,9,-9900,?,9,0.0,0.0,E,8
09/21/2011,07:00,267.499,1355.052,17.85,1,8,0.0,1,8,17.85,1,8,2142.0,1,8,0.0,1,8,1963.5,1,8,28.983,1,8,-9900,?,9,-9900,?,9,15.76,E,8,12.51,E,8,80.0,E,8,1008.6016999999999,E,8,999.0,E,8,1.46,E,8,-9900,?,9,-9900,?,9,0.0,E,8,-9900,?,9,-9900,?,9,0.0,0.0,E,8
09/21/2011,08:00,576.653,1355.052,231.56,1,8,109.866,1,8,184.867,1,8,27787.2,1,8,10437.274,1,8,20335.398,1,8,138.46,1,8,-9900,?,9,-9900,?,9,15.52,E,8,12.48,E,8,82.0,E,8,1008.6016999999999,E,8,999.0,E,8,1.46,E,8,-9900,?,9,-9900,?,9,0.0,E,8,-9900,?,9,-9900,?,9,0.0,0.0,E,8
09/21/2011,09:00,846.771,1355.052,457.03,1,8,278.146,1,8,283.297,1,8,54843.6,1,8,26423.835,1,8,31162.622,1,8,144.371,1,8,-9900,?,9,-9900,?,9,19.38,E,8,12.89,E,8,66.0,E,8,1008.6016999999999,E,8,999.0,E,8,1.58,E,8,-9900,?,9,-9900,?,9,0.0,E,8,-9900,?,9,-9900,?,9,0.0,0.0,E,8
09/21/2011,10:00,1058.874,1355.052,679.39,1,8,502.923,1,8,286.466,1,8,81526.8,1,8,47777.675,1,8,31511.3,1,8,116.712,1,8,-9900,?,9,-9900,?,9,20.63,E,8,13.02,E,8,61.0,E,8,1008.6016999999999,E,8,999.0,E,8,2.18,E,8,-9900,?,9,-9900,?,9,0.0,E,8,-9900,?,9,-9900,?,9,0.0,0.0,E,8
09/21/2011,11:00,1198.398,1355.052,820.25,1,8,536.147,1,8,346.124,1,8,98430.0,1,8,50933.942,1,8,38073.686,1,8,124.587,1,8,-9900,?,9,-9900,?,9,21.65,E,8,13.12,E,8,58.0,E,8,1008.6016999999999,E,8,999.0,E,8,3.38,E,8,-9900,?,9,-9900,?,9,0.0,E,8,-9900,?,9,-9900,?,9,0.0,0.0,E,8
09/21/2011,12:00,1255.806,1355.052,898.44,1,8,622.145,1,8,321.889,1,8,107812.8,1,8,59103.794,1,8,35407.824,1,8,110.563,1,8,-9900,?,9,-9900,?,9,22.43,E,8,13.2,E,8,55.0,E,8,1008.6016999999999,E,8,999.0,E,8,4.14,E,8,-9900,?,9,-9900,?,9,0.0,E,8,-9900,?,9,-9900,?,9,0.0,0.0,E,8
09/21/2011,13:00,1227.182,1355.052,869.66,1,8,640.347,1,8,289.777,1,8,104359.2,1,8,60832.955,1,8,31875.493,1,8,101.857,1,8,-9900,?,9,-9900,?,9,22.9,E,8,13.25,E,8,54.0,E,8,1008.6016999999999,E,8,999.0,E,8,3.49,E,8,-9900,?,9,-9900,?,9,0.0,E,8,-9900,?,9,-9900,?,9,0.0,0.0,E,8
09/21/2011,14:00,1114.49,1355.052,755.46,1,8,555.311,1,8,298.798,1,8,90655.2,1,8,52754.539,1,8,32867.734,1,8,115.656,1,8,-9900,?,9,-9900,?,9,23.06,E,8,13.26,E,8,54.0,E,8,1008.6016999999999,E,8,999.0,E,8,3.5,E,8,-9900,?,9,-9900,?,9,0.0,E,8,-9900,?,9,-9900,?,9,0.0,0.0,E,8
09/21/2011,15:00,925.447,1355.052,618.37,1,8,616.411,1,8,197.527,1,8,74204.4,1,8,58559.058,1,8,21727.952,1,8,92.093,1,8,-9900,?,9,-9900,?,9,22.93,E,8,13.25,E,8,54.0,E,8,1008.6016999999999,E,8,999.0,E,8,3.83,E,8,-9900,?,9,-9900,?,9,0.0,E,8,-9900,?,9,-9900,?,9,0.0,0.0,E,8
09/21/2011,16:00,673.025,1355.052,460.36,1,8,635.425,1,8,145.04,1,8,55243.2,1,8,60365.347,1,8,15954.426,1,8,93.036,1,8,-9900,?,9,-9900,?,9,22.49,E,8,13.21,E,8,55.0,E,8,1008.6016999999999,E,8,999.0,E,8,3.41,E,8,-9900,?,9,-9900,?,9,0.0,E,8,-9900,?,9,-9900,?,9,0.0,0.0,E,8
09/21/2011,17:00,374.738,1355.052,266.45,1,8,626.469,1,8,93.802,1,8,31974.0,1,8,59514.527,1,8,10318.243,1,8,108.343,1,8,-9900,?,9,-9900,?,9,21.77,E,8,13.13,E,8,57.0,E,8,1008.6016999999999,E,8,999.0,E,8,2.56,E,8,-9900,?,9,-9900,?,9,0.0,E,8,-9900,?,9,-9900,?,9,0.0,0.0,E,8
09/21/2011,18:00,55.132,1355.052,56.34,1,8,0.0,1,8,56.34,1,8,6760.8,1,8,0.0,1,8,6197.4,1,8,500.294,1,8,-9900,?,9,-9900,?,9,20.82,E,8,13.04,E,8,61.0,E,8,1008.6016999999999,E,8,999.0,E,8,2.16,E,8,-9900,?,9,-9900,?,9,0.0,E,8,-9900,?,9,-9900,?,9,0.0,0.0,E,8
09/21/2011,19:00,0.0,1355.052,0.0,1,8,0.0,1,8,0.0,1,8,0.0,1,8,0.0,1,8,0.0,1,8,-0.0,1,8,-9900,?,9,-9900,?,9,20.26,E,8,12.98,E,8,62.0,E,8,1008.6016999999999,E,8,999.0,E,8,1.87,E,8,-9900,?,9,-9900,?,9,0.0,E,8,-9900,?,9,-9900,?,9,0.0,0.0,E,8
09/21/2011,20:00,0.0,1355.052,0.0,1,8,0.0,1,8,0.0,1,8,0.0,1,8,0.0,1,8,0.0,1,8,-0.0,1,8,-9900,?,9,-9900,?,9,19.71,E,8,12.92,E,8,64.0,E,8,1008.6016999999999,E,8,999.0,E,8,1.46,E,8,-9900,?,9,-9900,?,9,0.0,E,8,-9900,?,9,-9900,?,9,0.0,0.0,E,8
09/21/2011,21:00,0.0,1355.052,0.0,1,8,0.0,1,8,0.0,1,8,0.0,1,8,0.0,1,8,0.0,1,8,-0.0,1,8,-9900,?,9,-9900,?,9,19.15,E,8,12.86,E,8,66.0,E,8,1008.6016999999999,E,8,999.0,E,8,1.46,E,8,-9900,?,9,-9900,?,9,0.0,E,8,-9900,?,9,-9900,?,9,0.0,0.0,E,8
09/21/2011,22:00,0.0,1355.052,0.0,1,8,0.0,1,8,0.0,1,8,0.0,1,8,0.0,1,8,0.0,1,8,-0.0,1,8,-9900,?,9,-9900,?,9,18.59,E,8,12.81,E,8,69.0,E,8,1008.6016999999999,E,8,999.0,E,8,1.46,E,8,-9900,?,9,-9900,?,9,0.0,E,8,-9900,?,9,-9900,?,9,0.0,0.0,E,8
09/21/2011,23:00,0.0,1355.052,0.0,1,8,0.0,1,8,0.0,1,8,0.0,1,8,0.0,1,8,0.0,1,8,-0.0,1,8,-9900,?,9,-9900,?,9,18.03,E,8,12.75,E,8,71.0,E,8,1008.6016999999999,E,8,999.0,E,8,1.46,E,8,-9900,?,9,-9900,?,9,0.0,E,8,-9900,?,9,-9900,?,9,0.0,0.0,E,8
09/21/2011,24:00,0.0,1355.052,0.0,1,8,0.0,1,8,0.0,1,8,0.0,1,8,0.0,1,8,0.0,1,8,-0.0,1,8,-9900,?,9,-9900,?,9,17.48,E,8,13.37,E,8,76.0,E,8,1008.6016999999999,E,8,999.0,E,8,1.35,E,8,-9900,?,9,-9900,?,9,0.0,E,8,-9900,?,9,-9900,?,9,0.0,0.0,E,8
09/22/2011,01:00,0.0,1355.052,0.0,1,8,0.0,1,8,0.0,1,8,0.0,1,8,0.0,1,8,0.0,1,8,-0.0,1,8,-9900,?,9,-9900,?,9,17.2,E,8,13.28,E,8,77.0,E,8,1008.6016999999999,E,8,999.0,E,8,1.35,E,8,-9900,?,9,-9900,?,9,0.0,E,8,-9900,?,9,-9900,?,9,0.0,0.0,E,8
09/22/2011,02:00,0.0,1355.052,0.0,1,8,0.0,1,8,0.0,1,8,0.0,1,8,0.0,1,8,0.0,1,8,-0.0,1,8,-9900,?,9,-9900,?,9,16.92,E,8,13.18,E,8,78.0,E,8,1008.6016999999999,E,8,999.0,E,8,1.35,E,8,-9900,?,9,-9900,?,9,0.0,E,8,-9900,?,9,-9900,?,9,0.0,0.0,E,8
09/22/2011,03:00,0.0,1355.052,0.0,1,8,0.0,1,8,0.0,1,8,0.0,1,8,0.0,1,8,0.0,1,8,-0.0,1,8,-9900,?,9,-9900,?,9,16.64,E,8,13.09,E,8,79.0,E,8,1008.6016999999999,E,8,999.0,E,8,1.35,E,8,-9900,?,9,-9900,?,9,0.0,E,8,-9900,?,9,-9900,?,9,0.0,0.0,E,8
09/22/2011,04:00,0.0,1355.824,0.0,1,8,0.0,1,8,0.0,1,8,0.0,1,8,0.0,1,8,0.0,1,8,-0.0,1,8,-9900,?,9,-9900,?,9,16.36,E,8,12.99,E,8,80.0,E,8,1008.6016999999999,E,8,999.0,E,8,1.35,E,8,-9900,?,9,-9900,?,9,0.0,E,8,-9900,?,9,-9900,?,9,0.0,0.0,E,8
09/22/2011,05:00,0.0,1355.824,0.0,1,8,0.0,1,8,0.0,1,8,0.0,1,8,0.0,1,8,0.0,1,8,-0.0,1,8,-9900,?,9,-9900,?,9,16.08,E,8,12.9,E,8,81.0,E,8,1008.6016999999999,E,8,999.0,E,8,1.35,E,8,-9900,?,9,-9900,?,9,0.0,E,8,-9900,?,9,-9900,?,9,0.0,0.0,E,8
09/22/2011,06:00,0.0,1355.824,0.0,1,8,0.0,1,8,0.0,1,8,0.0,1,8,0.0,1,8,0.0,1,8,-0.0,1,8,-9900,?,9,-9900,?,9,15.87,E,8,12.82,E,8,82.0,E,8,1008.6016999999999,E,8,999.0,E,8,1.35,E,8,-9900,?,9,-9900,?,9,0.0,E,8,-9900,?,9,-9900,?,9,0.0,0.0,E,8
09/22/2011,07:00,272.861,1355.824,19.65,1,8,0.0,1,8,19.65,1,8,2358.0,1,8,0.0,1,8,2161.5,1,8,31.289,1,8,-9900,?,9,-9900,?,9,15.68,E,8,12.76,E,8,82.0,E,8,1008.6016999999999,E,8,999.0,E,8,1.35,E,8,-9900,?,9,-9900,?,9,0.0,E,8,-9900,?,9,-9900,?,9,0.0,0.0,E,8
09/22/2011,08:00,582.068,1355.824,214.04,1,8,74.365,1,8,182.155,1,8,25684.8,1,8,7064.705,1,8,20037.104,1,8,135.233,1,8,-9900,?,9,-9900,?,9,15.5,E,8,12.7,E,8,83.0,E,8,1008.6016999999999,E,8,999.0,E,8,1.35,E,8,-9900,?,9,-9900,?,9,0.0,E,8,-9900,?,9,-9900,?,9,0.0,0.0,E,8
09/22/2011,09:00,852.071,1355.824,431.5,1,8,189.903,1,8,312.208,1,8,51780.0,1,8,18040.824,1,8,34342.924,1,8,158.204,1,8,-9900,?,9,-9900,?,9,19.75,E,8,14.11,E,8,69.0,E,8,1008.6016999999999,E,8,999.0,E,8,1.35,E,8,-9900,?,9,-9900,?,9,0.0,E,8,-9900,?,9,-9900,?,9,0.0,0.0,E,8
09/22/2011,10:00,1063.919,1355.824,569.52,1,8,328.872,1,8,311.501,1,8,68342.4,1,8,31242.8,1,8,34265.088,1,8,126.382,1,8,-9900,?,9,-9900,?,9,20.83,E,8,14.45,E,8,66.0,E,8,1008.6016999999999,E,8,999.0,E,8,1.35,E,8,-9900,?,9,-9900,?,9,0.0,E,8,-9900,?,9,-9900,?,9,0.0,0.0,E,8
09/22/2011,11:00,1203.07,1355.824,692.59,1,8,290.937,1,8,434.452,1,8,83110.8,1,8,27638.979,1,8,47789.738,1,8,155.861,1,8,-9900,?,9,-9900,?,9,21.77,E,8,14.74,E,8,64.0,E,8,1008.6016999999999,E,8,999.0,E,8,1.83,E,8,-9900,?,9,-9900,?,9,0.0,E,8,-9900,?,9,-9900,?,9,0.0,0.0,E,8
09/22/2011,12:00,1260.012,1355.824,757.71,1,8,355.296,1,8,427.537,1,8,90925.2,1,8,33753.164,1,8,47029.035,1,8,146.444,1,8,-9900,?,9,-9900,?,9,22.51,E,8,14.96,E,8,62.0,E,8,1008.6016999999999,E,8,999.0,E,8,2.63,E,8,-9900,?,9,-9900,?,9,0.0,E,8,-9900,?,9,-9900,?,9,0.0,0.0,E,8
09/22/2011,13:00,1230.859,1355.824,740.49,1,8,343.225,1,8,428.919,1,8,88858.8,1,8,32606.422,1,8,47181.062,1,8,150.4,1,8,-9900,?,9,-9900,?,9,22.97,E,8,15.1,E,8,61.0,E,8,1008.6016999999999,E,8,999.0,E,8,3.44,E,8,-9900,?,9,-9900,?,9,0.0,E,8,-9900,?,9,-9900,?,9,0.0,0.0,E,8
09/22/2011,14:00,1117.615,1355.824,764.82,1,8,564.143,1,8,299.857,1,8,91778.4,1,8,53593.613,1,8,32984.3,1,8,115.807,1,8,-9900,?,9,-9900,?,9,23.34,E,8,15.21,E,8,60.0,E,8,1008.6016999999999,E,8,999.0,E,8,4.05,E,8,-9900,?,9,-9900,?,9,0.0,E,8,-9900,?,9,-9900,?,9,0.0,0.0,E,8
09/22/2011,15:00,928.034,1355.824,717.85,1,8,590.043,1,8,314.112,1,8,86142.0,1,8,56054.131,1,8,34552.302,1,8,146.123,1,8,-9900,?,9,-9900,?,9,23.54,E,8,15.27,E,8,59.0,E,8,1008.6016999999999,E,8,999.0,E,8,4.78,E,8,-9900,?,9,-9900,?,9,0.0,E,8,-9900,?,9,-9900,?,9,0.0,0.0,E,8
09/22/2011,16:00,675.123,1355.824,545.67,1,8,680.974,1,8,206.885,1,8,65480.4,1,8,64692.563,1,8,22757.303,1,8,132.368,1,8,-9900,?,9,-9900,?,9,23.38,E,8,15.23,E,8,60.0,E,8,1008.6016999999999,E,8,999.0,E,8,4.4,E,8,-9900,?,9,-9900,?,9,0.0,E,8,-9900,?,9,-9900,?,9,0.0,0.0,E,8
09/22/2011,17:00,376.429,1355.824,301.08,1,8,647.378,1,8,121.962,1,8,36129.6,1,8,61500.934,1,8,13415.778,1,8,140.311,1,8,-9900,?,9,-9900,?,9,22.7,E,8,15.02,E,8,61.0,E,8,1008.6016999999999,E,8,999.0,E,8,4.36,E,8,-9900,?,9,-9900,?,9,0.0,E,8,-9900,?,9,-9900,?,9,0.0,0.0,E,8
09/22/2011,18:00,56.452,1355.824,59.06,1,8,0.0,1,8,59.06,1,8,7087.2,1,8,0.0,1,8,6496.6,1,8,510.011,1,8,-9900,?,9,-9900,?,9,21.65,E,8,14.7,E,8,64.0,E,8,1008.6016999999999,E,8,999.0,E,8,3.06,E,8,-9900,?,9,-9900,?,9,0.0,E,8,-9900,?,9,-9900,?,9,0.0,0.0,E,8
09/22/2011,19:00,0.0,1355.824,0.0,1,8,0.0,1,8,0.0,1,8,0.0,1,8,0.0,1,8,0.0,1,8,-0.0,1,8,-9900,?,9,-9900,?,9,21.01,E,8,14.5,E,8,66.0,E,8,1008.6016999999999,E,8,999.0,E,8,2.25,E,8,-9900,?,9,-9900,?,9,0.0,E,8,-9900,?,9,-9900,?,9,0.0,0.0,E,8
09/22/2011,20:00,0.0,1355.824,0.0,1,8,0.0,1,8,0.0,1,8,0.0,1,8,0.0,1,8,0.0,1,8,-0.0,1,8,-9900,?,9,-9900,?,9,20.36,E,8,14.3,E,8,68.0,E,8,1008.6016999999999,E,8,999.0,E,8,1.35,E,8,-9900,?,9,-9900,?,9,0.0,E,8,-9900,?,9,-9900,?,9,0.0,0.0,E,8
09/22/2011,21:00,0.0,1355.824,0.0,1,8,0.0,1,8,0.0,1,8,0.0,1,8,0.0,1,8,0.0,1,8,-0.0,1,8,-9900,?,9,-9900,?,9,19.72,E,8,14.1,E,8,69.0,E,8,1008.6016999999999,E,8,999.0,E,8,1.35,E,8,-9900,?,9,-9900,?,9,0.0,E,8,-9900,?,9,-9900,?,9,0.0,0.0,E,8
09/22/2011,22:00,0.0,1355.824,0.0,1,8,0.0,1,8,0.0,1,8,0.0,1,8,0.0,1,8,0.0,1,8,-0.0,1,8,-9900,?,9,-9900,?,9,19.07,E,8,13.89,E,8,71.0,E,8,1008.6016999999999,E,8,999.0,E,8,1.35,E,8,-9900,?,9,-9900,?,9,0.0,E,8,-9900,?,9,-9900,?,9,0.0,0.0,E,8
09/22/2011,23:00,0.0,1355.824,0.0,1,8,0.0,1,8,0.0,1,8,0.0,1,8,0.0,1,8,0.0,1,8,-0.0,1,8,-9900,?,9,-9900,?,9,18.43,E,8,13.68,E,8,73.0,E,8,1008.6016999999999,E,8,999.0,E,8,1.35,E,8,-9900,?,9,-9900,?,9,0.0,E,8,-9900,?,9,-9900,?,9,0.0,0.0,E,8
09/22/2011,24:00,0.0,1355.824,0.0,1,8,0.0,1,8,0.0,1,8,0.0,1,8,0.0,1,8,0.0,1,8,-0.0,1,8,-9900,?,9,-9900,?,9,17.79,E,8,14.17,E,8,79.0,E,8,1008.6016999999999,E,8,999.0,E,8,1.79,E,8,-9900,?,9,-9900,?,9,0.0,E,8,-9900,?,9,-9900,?,9,0.0,0.0,E,8
09/23/2011,01:00,0.0,1355.824,0.0,1,8,0.0,1,8,0.0,1,8,0.0,1,8,0.0,1,8,0.0,1,8,-0.0,1,8,-9900,?,9,-9900,?,9,17.46,E,8,14.05,E,8,80.0,E,8,1008.6016999999999,E,8,999.0,E,8,1.79,E,8,-9900,?,9,-9900,?,9,0.0,E,8,-9900,?,9,-9900,?,9,0.0,0.0,E,8
09/23/2011,02:00,0.0,1355.824,0.0,1,8,0.0,1,8,0.0,1,8,0.0,1,8,0.0,1,8,0.0,1,8,-0.0,1,8,-9900,?,9,-9900,?,9,17.14,E,8,13.93,E,8,81.0,E,8,1008.6016999999999,E,8,999.0,E,8,1.79,E,8,-9900,?,9,-9900,?,9,0.0,E,8,-9900,?,9,-9900,?,9,0.0,0.0,E,8
09/23/2011,03:00,0.0,1355.824,0.0,1,8,0.0,1,8,0.0,1,8,0.0,1,8,0.0,1,8,0.0,1,8,-0.0,1,8,-9900,?,9,-9900,?,9,16.82,E,8,13.82,E,8,82.0,E,8,1008.6016999999999,E,8,999.0,E,8,1.79,E,8,-9900,?,9,-9900,?,9,0.0,E,8,-9900,?,9,-9900,?,9,0.0,0.0,E,8
09/23/2011,04:00,0.0,1356.6,0.0,1,8,0.0,1,8,0.0,1,8,0.0,1,8,0.0,1,8,0.0,1,8,-0.0,1,8,-9900,?,9,-9900,?,9,16.5,E,8,13.7,E,8,83.0,E,8,1008.6016999999999,E,8,999.0,E,8,1.79,E,8,-9900,?,9,-9900,?,9,0.0,E,8,-9900,?,9,-9900,?,9,0.0,0.0,E,8
09/23/2011,05:00,0.0,1356.6,0.0,1,8,0.0,1,8,0.0,1,8,0.0,1,8,0.0,1,8,0.0,1,8,-0.0,1,8,-9900,?,9,-9900,?,9,16.17,E,8,13.57,E,8,84.0,E,8,1008.6016999999999,E,8,999.0,E,8,1.79,E,8,-9900,?,9,-9900,?,9,0.0,E,8,-9900,?,9,-9900,?,9,0.0,0.0,E,8
09/23/2011,06:00,0.0,1356.6,0.0,1,8,0.0,1,8,0.0,1,8,0.0,1,8,0.0,1,8,0.0,1,8,-0.0,1,8,-9900,?,9,-9900,?,9,15.93,E,8,13.48,E,8,85.0,E,8,1008.6016999999999,E,8,999.0,E,8,1.79,E,8,-9900,?,9,-9900,?,9,0.0,E,8,-9900,?,9,-9900,?,9,0.0,0.0,E,8
09/23/2011,07:00,278.212,1356.6,22.47,1,8,0.0,1,8,22.47,1,8,2696.4,1,8,0.0,1,8,2471.7,1,8,35.102,1,8,-9900,?,9,-9900,?,9,15.71,E,8,13.4,E,8,86.0,E,8,1008.6016999999999,E,8,999.0,E,8,1.79,E,8,-9900,?,9,-9900,?,9,0.0,E,8,-9900,?,9,-9900,?,9,0.0,0.0,E,8
09/23/2011,08:00,587.456,1356.6,188.4,1,8,29.014,1,8,175.852,1,8,22608.0,1,8,2756.349,1,8,19343.688,1,8,129.426,1,8,-9900,?,9,-9900,?,9,15.5,E,8,13.32,E,8,86.0,E,8,1008.6016999999999,E,8,999.0,E,8,1.79,E,8,-9900,?,9,-9900,?,9,0.0,E,8,-9900,?,9,-9900,?,9,0.0,0.0,E,8
09/23/2011,09:00,857.333,1356.6,377.5,1,8,123.949,1,8,299.202,1,8,45300.0,1,8,11775.184,1,8,32912.233,1,8,150.768,1,8,-9900,?,9,-9900,?,9,19.09,E,8,14.63,E,8,75.0,E,8,1008.6016999999999,E,8,999.0,E,8,1.79,E,8,-9900,?,9,-9900,?,9,0.0,E,8,-9900,?,9,-9900,?,9,0.0,0.0,E,8
09/23/2011,10:00,1068.919,1356.6,569.76,1,8,230.933,1,8,387.832,1,8,68371.2,1,8,21938.611,1,8,42661.474,1,8,156.703,1,8,-9900,?,9,-9900,?,9,20.31,E,8,15.06,E,8,71.0,E,8,1008.6016999999999,E,8,999.0,E,8,1.79,E,8,-9900,?,9,-9900,?,9,0.0,E,8,-9900,?,9,-9900,?,9,0.0,0.0,E,8
09/23/2011,11:00,1207.692,1356.6,714.36,1,8,328.086,1,8,422.309,1,8,85723.2,1,8,31168.141,1,8,46454.017,1,8,151.011,1,8,-9900,?,9,-9900,?,9,21.37,E,8,15.42,E,8,68.0,E,8,1008.6016999999999,E,8,999.0,E,8,2.02,E,8,-9900,?,9,-9900,?,9,0.0,E,8,-9900,?,9,-9900,?,9,0.0,0.0,E,8
09/23/2011,12:00,1264.166,1356.6,787.34,1,8,402.357,1,8,412.415,1,8,94480.8,1,8,38223.869,1,8,45365.689,1,8,140.881,1,8,-9900,?,9,-9900,?,9,22.2,E,8,15.7,E,8,66.0,E,8,1008.6016999999999,E,8,999.0,E,8,2.4,E,8,-9900,?,9,-9900,?,9,0.0,E,8,-9900,?,9,-9900,?,9,0.0,0.0,E,8
09/23/2011,13:00,1234.489,1356.6,835.73,1,8,513.305,1,8,368.657,1,8,100287.6,1,8,48764.019,1,8,40552.251,1,8,128.962,1,8,-9900,?,9,-9900,?,9,22.85,E,8,15.91,E,8,64.0,E,8,1008.6016999999999,E,8,999.0,E,8,3.33,E,8,-9900,?,9,-9900,?,9,0.0,E,8,-9900,?,9,-9900,?,9,0.0,0.0,E,8
09/23/2011,14:00,1120.7,1356.6,837.61,1,8,783.766,1,8,190.222,1,8,100513.2,1,8,74457.774,1,8,20924.415,1,8,73.305,1,8,-9900,?,9,-9900,?,9,23.32,E,8,16.06,E,8,63.0,E,8,1008.6016999999999,E,8,999.0,E,8,4.0,E,8,-9900,?,9,-9900,?,9,0.0,E,8,-9900,?,9,-9900,?,9,0.0,0.0,E,8
09/23/2011,15:00,930.59,1356.6,730.22,1,8,791.393,1,8,187.526,1,8,87626.4,1,8,75182.298,1,8,20627.82,1,8,87.046,1,8,-9900,?,9,-9900,?,9,23.5,E,8,16.12,E,8,63.0,E,8,1008.6016999999999,E,8,999.0,E,8,3.64,E,8,-9900,?,9,-9900,?,9,0.0,E,8,-9900,?,9,-9900,?,9,0.0,0.0,E,8
09/23/2011,16:00,677.204,1356.6,524.87,1,8,675.543,1,8,187.941,1,8,62984.4,1,8,64176.615,1,8,20673.554,1,8,119.947,1,8,-9900,?,9,-9900,?,9,23.25,E,8,16.04,E,8,63.0,E,8,1008.6016999999999,E,8,999.0,E,8,2.97,E,8,-9900,?,9,-9900,?,9,0.0,E,8,-9900,?,9,-9900,?,9,0.0,0.0,E,8
09/23/2011,17:00,378.118,1356.6,291.82,1,8,627.89,1,8,117.409,1,8,35018.4,1,8,59649.522,1,8,12915.02,1,8,134.543,1,8,-9900,?,9,-9900,?,9,22.55,E,8,15.81,E,8,65.0,E,8,1008.6016999999999,E,8,999.0,E,8,2.28,E,8,-9900,?,9,-9900,?,9,0.0,E,8,-9900,?,9,-9900,?,9,0.0,0.0,E,8
09/23/2011,18:00,57.787,1356.6,61.15,1,8,0.0,1,8,61.15,1,8,7338.0,1,8,0.0,1,8,6726.5,1,8,513.8,1,8,-9900,?,9,-9900,?,9,21.52,E,8,15.47,E,8,68.0,E,8,1008.6016999999999,E,8,999.0,E,8,1.79,E,8,-9900,?,9,-9900,?,9,0.0,E,8,-9900,?,9,-9900,?,9,0.0,0.0,E,8
09/23/2011,19:00,0.0,1356.6,0.0,1,8,0.0,1,8,0.0,1,8,0.0,1,8,0.0,1,8,0.0,1,8,-0.0,1,8,-9900,?,9,-9900,?,9,20.81,E,8,15.23,E,8,70.0,E,8,1008.6016999999999,E,8,999.0,E,8,1.79,E,8,-9900,?,9,-9900,?,9,0.0,E,8,-9900,?,9,-9900,?,9,0.0,0.0,E,8
09/23/2011,20:00,0.0,1356.6,0.0,1,8,0.0,1,8,0.0,1,8,0.0,1,8,0.0,1,8,0.0,1,8,-0.0,1,8,-9900,?,9,-9900,?,9,20.1,E,8,14.99,E,8,72.0,E,8,1008.6016999999999,E,8,999.0,E,8,1.79,E,8,-9900,?,9,-9900,?,9,0.0,E,8,-9900,?,9,-9900,?,9,0.0,0.0,E,8
09/23/2011,21:00,0.0,1356.6,0.0,1,8,0.0,1,8,0.0,1,8,0.0,1,8,0.0,1,8,0.0,1,8,-0.0,1,8,-9900,?,9,-9900,?,9,19.4,E,8,14.74,E,8,74.0,E,8,1008.6016999999999,E,8,999.0,E,8,1.79,E,8,-9900,?,9,-9900,?,9,0.0,E,8,-9900,?,9,-9900,?,9,0.0,0.0,E,8
09/23/2011,22:00,0.0,1356.6,0.0,1,8,0.0,1,8,0.0,1,8,0.0,1,8,0.0,1,8,0.0,1,8,-0.0,1,8,-9900,?,9,-9900,?,9,18.69,E,8,14.49,E,8,76.0,E,8,1008.6016999999999,E,8,999.0,E,8,1.79,E,8,-9900,?,9,-9900,?,9,0.0,E,8,-9900,?,9,-9900,?,9,0.0,0.0,E,8
09/23/2011,23:00,0.0,1356.6,0.0,1,8,0.0,1,8,0.0,1,8,0.0,1,8,0.0,1,8,0.0,1,8,-0.0,1,8,-9900,?,9,-9900,?,9,17.98,E,8,14.24,E,8,78.0,E,8,1008.6016999999999,E,8,999.0,E,8,1.79,E,8,-9900,?,9,-9900,?,9,0.0,E,8,-9900,?,9,-9900,?,9,0.0,0.0,E,8
09/23/2011,24:00,0.0,1356.6,0.0,1,8,0.0,1,8,0.0,1,8,0.0,1,8,0.0,1,8,0.0,1,8,-0.0,1,8,-9900,?,9,-9900,?,9,17.27,E,8,13.78,E,8,79.0,E,8,1008.6016999999999,E,8,999.0,E,8,1.31,E,8,-9900,?,9,-9900,?,9,0.0,E,8,-9900,?,9,-9900,?,9,0.0,0.0,E,8
09/24/2011,01:00,0.0,1356.6,0.0,1,8,0.0,1,8,0.0,1,8,0.0,1,8,0.0,1,8,0.0,1,8,-0.0,1,8,-9900,?,9,-9900,?,9,16.92,E,8,13.66,E,8,81.0,E,8,1008.6016999999999,E,8,999.0,E,8,1.31,E,8,-9900,?,9,-9900,?,9,0.0,E,8,-9900,?,9,-9900,?,9,0.0,0.0,E,8
09/24/2011,02:00,0.0,1356.6,0.0,1,8,0.0,1,8,0.0,1,8,0.0,1,8,0.0,1,8,0.0,1,8,-0.0,1,8,-9900,?,9,-9900,?,9,16.56,E,8,13.54,E,8,82.0,E,8,1008.6016999999999,E,8,999.0,E,8,1.31,E,8,-9900,?,9,-9900,?,9,0.0,E,8,-9900,?,9,-9900,?,9,0.0,0.0,E,8
09/24/2011,03:00,0.0,1356.6,0.0,1,8,0.0,1,8,0.0,1,8,0.0,1,8,0.0,1,8,0.0,1,8,-0.0,1,8,-9900,?,9,-9900,?,9,16.21,E,8,13.41,E,8,83.0,E,8,1008.6016999999999,E,8,999.0,E,8,1.31,E,8,-9900,?,9,-9900,?,9,0.0,E,8,-9900,?,9,-9900,?,9,0.0,0.0,E,8
09/24/2011,04:00,0.0,1357.379,0.0,1,8,0.0,1,8,0.0,1,8,0.0,1,8,0.0,1,8,0.0,1,8,-0.0,1,8,-9900,?,9,-9900,?,9,15.85,E,8,13.29,E,8,84.0,E,8,1008.6016999999999,E,8,999.0,E,8,1.31,E,8,-9900,?,9,-9900,?,9,0.0,E,8,-9900,?,9,-9900,?,9,0.0,0.0,E,8
09/24/2011,05:00,0.0,1357.379,0.0,1,8,0.0,1,8,0.0,1,8,0.0,1,8,0.0,1,8,0.0,1,8,-0.0,1,8,-9900,?,9,-9900,?,9,15.54,E,8,13.18,E,8,85.0,E,8,1008.6016999999999,E,8,999.0,E,8,1.31,E,8,-9900,?,9,-9900,?,9,0.0,E,8,-9900,?,9,-9900,?,9,0.0,0.0,E,8
09/24/2011,06:00,0.0,1357.379,0.0,1,8,0.0,1,8,0.0,1,8,0.0,1,8,0.0,1,8,0.0,1,8,-0.0,1,8,-9900,?,9,-9900,?,9,15.31,E,8,13.1,E,8,86.0,E,8,1008.6016999999999,E,8,999.0,E,8,1.31,E,8,-9900,?,9,-9900,?,9,0.0,E,8,-9900,?,9,-9900,?,9,0.0,0.0,E,8
09/24/2011,07:00,283.548,1357.379,31.74,1,8,0.0,1,8,31.74,1,8,3808.8,1,8,0.0,1,8,3491.4,1,8,48.667,1,8,-9900,?,9,-9900,?,9,15.07,E,8,13.01,E,8,87.0,E,8,1008.6016999999999,E,8,999.0,E,8,1.31,E,8,-9900,?,9,-9900,?,9,0.0,E,8,-9900,?,9,-9900,?,9,0.0,0.0,E,8
09/24/2011,08:00,592.814,1357.379,245.17,1,8,122.125,1,8,191.9,1,8,29420.4,1,8,11601.921,1,8,21108.96,1,8,140.038,1,8,-9900,?,9,-9900,?,9,16.94,E,8,13.67,E,8,81.0,E,8,1008.6016999999999,E,8,999.0,E,8,1.31,E,8,-9900,?,9,-9900,?,9,0.0,E,8,-9900,?,9,-9900,?,9,0.0,0.0,E,8
09/24/2011,09:00,862.554,1357.379,470.27,1,8,292.065,1,8,284.756,1,8,56432.4,1,8,27746.143,1,8,31323.199,1,8,142.701,1,8,-9900,?,9,-9900,?,9,18.44,E,8,14.18,E,8,76.0,E,8,1008.6016999999999,E,8,999.0,E,8,1.31,E,8,-9900,?,9,-9900,?,9,0.0,E,8,-9900,?,9,-9900,?,9,0.0,0.0,E,8
09/24/2011,10:00,1073.87,1357.379,627.72,1,8,341.57,1,8,357.539,1,8,75326.4,1,8,32449.188,1,8,39329.311,1,8,143.88,1,8,-9900,?,9,-9900,?,9,19.72,E,8,14.6,E,8,72.0,E,8,1008.6016999999999,E,8,999.0,E,8,1.31,E,8,-9900,?,9,-9900,?,9,0.0,E,8,-9900,?,9,-9900,?,9,0.0,0.0,E,8
09/24/2011,11:00,1212.261,1357.379,792.33,1,8,481.654,1,8,362.202,1,8,95079.6,1,8,45757.169,1,8,39842.173,1,8,129.103,1,8,-9900,?,9,-9900,?,9,20.93,E,8,14.99,E,8,68.0,E,8,1008.6016999999999,E,8,999.0,E,8,1.6,E,8,-9900,?,9,-9900,?,9,0.0,E,8,-9900,?,9,-9900,?,9,0.0,0.0,E,8
09/24/2011,12:00,1268.267,1357.379,861.16,1,8,531.748,1,8,364.342,1,8,103339.2,1,8,50516.091,1,8,40077.629,1,8,124.128,1,8,-9900,?,9,-9900,?,9,21.89,E,8,15.3,E,8,66.0,E,8,1008.6016999999999,E,8,999.0,E,8,2.47,E,8,-9900,?,9,-9900,?,9,0.0,E,8,-9900,?,9,-9900,?,9,0.0,0.0,E,8
09/24/2011,13:00,1238.071,1357.379,832.46,1,8,530.767,1,8,348.374,1,8,99895.2,1,8,50422.883,1,8,38321.139,1,8,121.584,1,8,-9900,?,9,-9900,?,9,22.53,E,8,15.5,E,8,64.0,E,8,1008.6016999999999,E,8,999.0,E,8,3.18,E,8,-9900,?,9,-9900,?,9,0.0,E,8,-9900,?,9,-9900,?,9,0.0,0.0,E,8
09/24/2011,14:00,1123.744,1357.379,720.49,1,8,483.997,1,8,319.853,1,8,86458.8,1,8,45979.748,1,8,35183.869,1,8,122.997,1,8,-9900,?,9,-9900,?,9,22.81,E,8,15.58,E,8,63.0,E,8,1008.6016999999999,E,8,999.0,E,8,4.18,E,8,-9900,?,9,-9900,?,9,0.0,E,8,-9900,?,9,-9900,?,9,0.0,0.0,E,8
09/24/2011,15:00,933.117,1357.379,534.37,1,8,330.928,1,8,306.951,1,8,64124.4,1,8,31438.165,1,8,33764.638,1,8,142.176,1,8,-9900,?,9,-9900,?,9,22.72,E,8,15.56,E,8,63.0,E,8,1008.6016999999999,E,8,999.0,E,8,4.39,E,8,-9900,?,9,-9900,?,9,0.0,E,8,-9900,?,9,-9900,?,9,0.0,0.0,E,8
09/24/2011,16:00,679.268,1357.379,393.23,1,8,399.676,1,8,193.397,1,8,47187.6,1,8,37969.207,1,8,21273.646,1,8,123.123,1,8,-9900,?,9,-9900,?,9,22.31,E,8,15.43,E,8,65.0,E,8,1008.6016999999999,E,8,999.0,E,8,4.75,E,8,-9900,?,9,-9900,?,9,0.0,E,8,-9900,?,9,-9900,?,9,0.0,0.0,E,8
09/24/2011,17:00,379.805,1357.379,251.02,1,8,480.422,1,8,117.05,1,8,30122.4,1,8,45640.06,1,8,12875.46,1,8,133.608,1,8,-9900,?,9,-9900,?,9,21.69,E,8,15.23,E,8,66.0,E,8,1008.6016999999999,E,8,999.0,E,8,4.15,E,8,-9900,?,9,-9900,?,9,0.0,E,8,-9900,?,9,-9900,?,9,0.0,0.0,E,8
09/24/2011,18:00,59.136,1357.379,67.8,1,8,0.0,1,8,67.8,1,8,8136.0,1,8,0.0,1,8,7458.0,1,8,554.568,1,8,-9900,?,9,-9900,?,9,20.81,E,8,14.95,E,8,69.0,E,8,1008.6016999999999,E,8,999.0,E,8,3.7,E,8,-9900,?,9,-9900,?,9,0.0,E,8,-9900,?,9,-9900,?,9,0.0,0.0,E,8
09/24/2011,19:00,0.0,1357.379,0.0,1,8,0.0,1,8,0.0,1,8,0.0,1,8,0.0,1,8,0.0,1,8,-0.0,1,8,-9900,?,9,-9900,?,9,20.13,E,8,14.74,E,8,71.0,E,8,1008.6016999999999,E,8,999.0,E,8,2.59,E,8,-9900,?,9,-9900,?,9,0.0,E,8,-9900,?,9,-9900,?,9,0.0,0.0,E,8
09/24/2011,20:00,0.0,1357.379,0.0,1,8,0.0,1,8,0.0,1,8,0.0,1,8,0.0,1,8,0.0,1,8,-0.0,1,8,-9900,?,9,-9900,?,9,19.45,E,8,14.51,E,8,73.0,E,8,1008.6016999999999,E,8,999.0,E,8,1.78,E,8,-9900,?,9,-9900,?,9,0.0,E,8,-9900,?,9,-9900,?,9,0.0,0.0,E,8
09/24/2011,21:00,0.0,1357.379,0.0,1,8,0.0,1,8,0.0,1,8,0.0,1,8,0.0,1,8,0.0,1,8,-0.0,1,8,-9900,?,9,-9900,?,9,18.77,E,8,14.29,E,8,75.0,E,8,1008.6016999999999,E,8,999.0,E,8,1.31,E,8,-9900,?,9,-9900,?,9,0.0,E,8,-9900,?,9,-9900,?,9,0.0,0.0,E,8
09/24/2011,22:00,0.0,1357.379,0.0,1,8,0.0,1,8,0.0,1,8,0.0,1,8,0.0,1,8,0.0,1,8,-0.0,1,8,-9900,?,9,-9900,?,9,18.09,E,8,14.06,E,8,77.0,E,8,1008.6016999999999,E,8,999.0,E,8,1.31,E,8,-9900,?,9,-9900,?,9,0.0,E,8,-9900,?,9,-9900,?,9,0.0,0.0,E,8
09/24/2011,23:00,0.0,1357.379,0.0,1,8,0.0,1,8,0.0,1,8,0.0,1,8,0.0,1,8,0.0,1,8,-0.0,1,8,-9900,?,9,-9900,?,9,17.42,E,8,13.83,E,8,79.0,E,8,1008.6016999999999,E,8,999.0,E,8,1.31,E,8,-9900,?,9,-9900,?,9,0.0,E,8,-9900,?,9,-9900,?,9,0.0,0.0,E,8
09/24/2011,24:00,0.0,1357.379,0.0,1,8,0.0,1,8,0.0,1,8,0.0,1,8,0.0,1,8,0.0,1,8,-0.0,1,8,-9900,?,9,-9900,?,9,16.74,E,8,12.52,E,8,76.0,E,8,1008.6016999999999,E,8,999.0,E,8,1.47,E,8,-9900,?,9,-9900,?,9,0.0,E,8,-9900,?,9,-9900,?,9,0.0,0.0,E,8
09/25/2011,01:00,0.0,1357.379,0.0,1,8,0.0,1,8,0.0,1,8,0.0,1,8,0.0,1,8,0.0,1,8,-0.0,1,8,-9900,?,9,-9900,?,9,16.4,E,8,12.45,E,8,77.0,E,8,1008.6016999999999,E,8,999.0,E,8,1.47,E,8,-9900,?,9,-9900,?,9,0.0,E,8,-9900,?,9,-9900,?,9,0.0,0.0,E,8
09/25/2011,02:00,0.0,1357.379,0.0,1,8,0.0,1,8,0.0,1,8,0.0,1,8,0.0,1,8,0.0,1,8,-0.0,1,8,-9900,?,9,-9900,?,9,16.06,E,8,12.38,E,8,78.0,E,8,1008.6016999999999,E,8,999.0,E,8,1.47,E,8,-9900,?,9,-9900,?,9,0.0,E,8,-9900,?,9,-9900,?,9,0.0,0.0,E,8
09/25/2011,03:00,0.0,1357.379,0.0,1,8,0.0,1,8,0.0,1,8,0.0,1,8,0.0,1,8,0.0,1,8,-0.0,1,8,-9900,?,9,-9900,?,9,15.72,E,8,12.31,E,8,80.0,E,8,1008.6016999999999,E,8,999.0,E,8,1.47,E,8,-9900,?,9,-9900,?,9,0.0,E,8,-9900,?,9,-9900,?,9,0.0,0.0,E,8
09/25/2011,04:00,0.0,1358.162,0.0,1,8,0.0,1,8,0.0,1,8,0.0,1,8,0.0,1,8,0.0,1,8,-0.0,1,8,-9900,?,9,-9900,?,9,15.38,E,8,12.24,E,8,81.0,E,8,1008.6016999999999,E,8,999.0,E,8,1.47,E,8,-9900,?,9,-9900,?,9,0.0,E,8,-9900,?,9,-9900,?,9,0.0,0.0,E,8
09/25/2011,05:00,0.0,1358.162,0.0,1,8,0.0,1,8,0.0,1,8,0.0,1,8,0.0,1,8,0.0,1,8,-0.0,1,8,-9900,?,9,-9900,?,9,15.08,E,8,12.17,E,8,82.0,E,8,1008.6016999999999,E,8,999.0,E,8,1.47,E,8,-9900,?,9,-9900,?,9,0.0,E,8,-9900,?,9,-9900,?,9,0.0,0.0,E,8
09/25/2011,06:00,0.0,1358.162,0.0,1,8,0.0,1,8,0.0,1,8,0.0,1,8,0.0,1,8,0.0,1,8,-0.0,1,8,-9900,?,9,-9900,?,9,14.85,E,8,12.12,E,8,83.0,E,8,1008.6016999999999,E,8,999.0,E,8,1.47,E,8,-9900,?,9,-9900,?,9,0.0,E,8,-9900,?,9,-9900,?,9,0.0,0.0,E,8
09/25/2011,07:00,288.866,1358.162,22.97,1,8,0.0,1,8,22.97,1,8,2756.4,1,8,0.0,1,8,2526.7,1,8,34.584,1,8,-9900,?,9,-9900,?,9,14.63,E,8,12.08,E,8,84.0,E,8,1008.6016999999999,E,8,999.0,E,8,1.47,E,8,-9900,?,9,-9900,?,9,0.0,E,8,-9900,?,9,-9900,?,9,0.0,0.0,E,8
09/25/2011,08:00,598.14,1358.162,224.72,1,8,80.612,1,8,189.261,1,8,26966.4,1,8,7658.131,1,8,20818.737,1,8,136.958,1,8,-9900,?,9,-9900,?,9,16.4,E,8,12.45,E,8,77.0,E,8,1008.6016999999999,E,8,999.0,E,8,1.47,E,8,-9900,?,9,-9900,?,9,0.0,E,8,-9900,?,9,-9900,?,9,0.0,0.0,E,8
09/25/2011,09:00,867.732,1358.162,475.84,1,8,290.936,1,8,290.039,1,8,57100.8,1,8,27638.952,1,8,31904.332,1,8,144.563,1,8,-9900,?,9,-9900,?,9,18.07,E,8,12.79,E,8,71.0,E,8,1008.6016999999999,E,8,999.0,E,8,1.47,E,8,-9900,?,9,-9900,?,9,0.0,E,8,-9900,?,9,-9900,?,9,0.0,0.0,E,8
09/25/2011,10:00,1078.771,1358.162,658.4,1,8,397.34,1,8,342.852,1,8,79008.0,1,8,37747.268,1,8,37713.772,1,8,137.421,1,8,-9900,?,9,-9900,?,9,19.56,E,8,13.09,E,8,66.0,E,8,1008.6016999999999,E,8,999.0,E,8,1.65,E,8,-9900,?,9,-9900,?,9,0.0,E,8,-9900,?,9,-9900,?,9,0.0,0.0,E,8
09/25/2011,11:00,1216.776,1358.162,753.94,1,8,345.747,1,8,444.208,1,8,90472.8,1,8,32845.951,1,8,48862.896,1,8,157.837,1,8,-9900,?,9,-9900,?,9,20.73,E,8,13.32,E,8,62.0,E,8,1008.6016999999999,E,8,999.0,E,8,2.56,E,8,-9900,?,9,-9900,?,9,0.0,E,8,-9900,?,9,-9900,?,9,0.0,0.0,E,8
09/25/2011,12:00,1272.315,1358.162,813.03,1,8,466.386,1,8,376.141,1,8,97563.6,1,8,44306.657,1,8,41375.546,1,8,127.813,1,8,-9900,?,9,-9900,?,9,21.65,E,8,13.5,E,8,59.0,E,8,1008.6016999999999,E,8,999.0,E,8,2.8,E,8,-9900,?,9,-9900,?,9,0.0,E,8,-9900,?,9,-9900,?,9,0.0,0.0,E,8
09/25/2011,13:00,1241.603,1358.162,830.02,1,8,527.243,1,8,348.054,1,8,99602.4,1,8,50088.059,1,8,38285.915,1,8,121.197,1,8,-9900,?,9,-9900,?,9,22.34,E,8,13.64,E,8,57.0,E,8,1008.6016999999999,E,8,999.0,E,8,4.01,E,8,-9900,?,9,-9900,?,9,0.0,E,8,-9900,?,9,-9900,?,9,0.0,0.0,E,8
09/25/2011,14:00,1126.747,1358.162,720.13,1,8,469.964,1,8,330.294,1,8,86415.6,1,8,44646.626,1,8,36332.316,1,8,126.746,1,8,-9900,?,9,-9900,?,9,22.66,E,8,13.7,E,8,56.0,E,8,1008.6016999999999,E,8,999.0,E,8,3.84,E,8,-9900,?,9,-9900,?,9,0.0,E,8,-9900,?,9,-9900,?,9,0.0,0.0,E,8
09/25/2011,15:00,935.614,1358.162,624.63,1,8,583.308,1,8,222.93,1,8,74955.6,1,8,55414.216,1,8,24522.315,1,8,103.042,1,8,-9900,?,9,-9900,?,9,22.76,E,8,13.72,E,8,56.0,E,8,1008.6016999999999,E,8,999.0,E,8,4.1,E,8,-9900,?,9,-9900,?,9,0.0,E,8,-9900,?,9,-9900,?,9,0.0,0.0,E,8
09/25/2011,16:00,681.317,1358.162,466.01,1,8,635.209,1,8,147.637,1,8,55921.2,1,8,60344.808,1,8,16240.089,1,8,93.762,1,8,-9900,?,9,-9900,?,9,22.51,E,8,13.67,E,8,57.0,E,8,1008.6016999999999,E,8,999.0,E,8,3.43,E,8,-9900,?,9,-9900,?,9,0.0,E,8,-9900,?,9,-9900,?,9,0.0,0.0,E,8
09/25/2011,17:00,381.491,1358.162,259.83,1,8,624.264,1,8,85.071,1,8,31179.6,1,8,59305.1,1,8,9357.769,1,8,96.729,1,8,-9900,?,9,-9900,?,9,21.85,E,8,13.54,E,8,59.0,E,8,1008.6016999999999,E,8,999.0,E,8,3.14,E,8,-9900,?,9,-9900,?,9,0.0,E,8,-9900,?,9,-9900,?,9,0.0,0.0,E,8
09/25/2011,18:00,60.501,1358.162,60.72,1,8,0.0,1,8,60.72,1,8,7286.4,1,8,0.0,1,8,6679.2,1,8,483.71,1,8,-9900,?,9,-9900,?,9,20.89,E,8,13.36,E,8,62.0,E,8,1008.6016999999999,E,8,999.0,E,8,3.04,E,8,-9900,?,9,-9900,?,9,0.0,E,8,-9900,?,9,-9900,?,9,0.0,0.0,E,8
09/25/2011,19:00,0.0,1358.162,0.0,1,8,0.0,1,8,0.0,1,8,0.0,1,8,0.0,1,8,0.0,1,8,-0.0,1,8,-9900,?,9,-9900,?,9,20.32,E,8,13.24,E,8,63.0,E,8,1008.6016999999999,E,8,999.0,E,8,1.95,E,8,-9900,?,9,-9900,?,9,0.0,E,8,-9900,?,9,-9900,?,9,0.0,0.0,E,8
09/25/2011,20:00,0.0,1358.162,0.0,1,8,0.0,1,8,0.0,1,8,0.0,1,8,0.0,1,8,0.0,1,8,-0.0,1,8,-9900,?,9,-9900,?,9,19.74,E,8,13.13,E,8,65.0,E,8,1008.6016999999999,E,8,999.0,E,8,1.47,E,8,-9900,?,9,-9900,?,9,0.0,E,8,-9900,?,9,-9900,?,9,0.0,0.0,E,8
09/25/2011,21:00,0.0,1358.162,0.0,1,8,0.0,1,8,0.0,1,8,0.0,1,8,0.0,1,8,0.0,1,8,-0.0,1,8,-9900,?,9,-9900,?,9,19.17,E,8,13.01,E,8,67.0,E,8,1008.6016999999999,E,8,999.0,E,8,1.47,E,8,-9900,?,9,-9900,?,9,0.0,E,8,-9900,?,9,-9900,?,9,0.0,0.0,E,8
09/25/2011,22:00,0.0,1358.162,0.0,1,8,0.0,1,8,0.0,1,8,0.0,1,8,0.0,1,8,0.0,1,8,-0.0,1,8,-9900,?,9,-9900,?,9,18.6,E,8,12.9,E,8,69.0,E,8,1008.6016999999999,E,8,999.0,E,8,1.47,E,8,-9900,?,9,-9900,?,9,0.0,E,8,-9900,?,9,-9900,?,9,0.0,0.0,E,8
09/25/2011,23:00,0.0,1358.162,0.0,1,8,0.0,1,8,0.0,1,8,0.0,1,8,0.0,1,8,0.0,1,8,-0.0,1,8,-9900,?,9,-9900,?,9,18.02,E,8,12.78,E,8,71.0,E,8,1008.6016999999999,E,8,999.0,E,8,1.47,E,8,-9900,?,9,-9900,?,9,0.0,E,8,-9900,?,9,-9900,?,9,0.0,0.0,E,8
09/25/2011,24:00,0.0,1358.162,0.0,1,8,0.0,1,8,0.0,1,8,0.0,1,8,0.0,1,8,0.0,1,8,-0.0,1,8,-9900,?,9,-9900,?,9,17.45,E,8,15.17,E,8,83.0,E,8,1008.6016999999999,E,8,999.0,E,8,1.44,E,8,-9900,?,9,-9900,?,9,0.0,E,8,-9900,?,9,-9900,?,9,0.0,0.0,E,8
09/26/2011,01:00,0.0,1358.162,0.0,1,8,0.0,1,8,0.0,1,8,0.0,1,8,0.0,1,8,0.0,1,8,-0.0,1,8,-9900,?,9,-9900,?,9,17.16,E,8,15.13,E,8,85.0,E,8,1008.6016999999999,E,8,999.0,E,8,1.44,E,8,-9900,?,9,-9900,?,9,0.0,E,8,-9900,?,9,-9900,?,9,0.0,0.0,E,8
09/26/2011,02:00,0.0,1358.162,0.0,1,8,0.0,1,8,0.0,1,8,0.0,1,8,0.0,1,8,0.0,1,8,-0.0,1,8,-9900,?,9,-9900,?,9,16.87,E,8,15.08,E,8,86.0,E,8,1008.6016999999999,E,8,999.0,E,8,1.44,E,8,-9900,?,9,-9900,?,9,0.0,E,8,-9900,?,9,-9900,?,9,0.0,0.0,E,8
09/26/2011,03:00,0.0,1358.162,0.0,1,8,0.0,1,8,0.0,1,8,0.0,1,8,0.0,1,8,0.0,1,8,-0.0,1,8,-9900,?,9,-9900,?,9,16.59,E,8,15.04,E,8,87.0,E,8,1008.6016999999999,E,8,999.0,E,8,1.44,E,8,-9900,?,9,-9900,?,9,0.0,E,8,-9900,?,9,-9900,?,9,0.0,0.0,E,8
09/26/2011,04:00,0.0,1358.948,0.0,1,8,0.0,1,8,0.0,1,8,0.0,1,8,0.0,1,8,0.0,1,8,-0.0,1,8,-9900,?,9,-9900,?,9,16.3,E,8,15.0,E,8,88.0,E,8,1008.6016999999999,E,8,999.0,E,8,1.44,E,8,-9900,?,9,-9900,?,9,0.0,E,8,-9900,?,9,-9900,?,9,0.0,0.0,E,8
09/26/2011,05:00,0.0,1358.948,0.0,1,8,0.0,1,8,0.0,1,8,0.0,1,8,0.0,1,8,0.0,1,8,-0.0,1,8,-9900,?,9,-9900,?,9,16.05,E,8,14.97,E,8,94.0,E,8,1008.6016999999999,E,8,999.0,E,8,1.44,E,8,-9900,?,9,-9900,?,9,0.001,E,8,-9900,?,9,-9900,?,9,0.01,99.0,E,8
09/26/2011,06:00,0.0,1358.948,0.0,1,8,0.0,1,8,0.0,1,8,0.0,1,8,0.0,1,8,0.0,1,8,-0.0,1,8,-9900,?,9,-9900,?,9,15.86,E,8,14.94,E,8,95.0,E,8,1008.6016999999999,E,8,999.0,E,8,1.44,E,8,-9900,?,9,-9900,?,9,0.004,E,8,-9900,?,9,-9900,?,9,0.04,99.0,E,8
09/26/2011,07:00,294.162,1358.948,14.43,1,8,0.0,1,8,14.43,1,8,1731.6,1,8,0.0,1,8,1587.3,1,8,21.342,1,8,-9900,?,9,-9900,?,9,15.67,E,8,14.91,E,8,91.0,E,8,1008.6016999999999,E,8,999.0,E,8,1.44,E,8,-9900,?,9,-9900,?,9,0.0,E,8,-9900,?,9,-9900,?,9,0.0,0.0,E,8
09/26/2011,08:00,603.431,1358.948,119.42,1,8,0.0,1,8,119.42,1,8,14330.4,1,8,0.0,1,8,13136.2,1,8,85.708,1,8,-9900,?,9,-9900,?,9,17.44,E,8,15.17,E,8,88.0,E,8,1008.6016999999999,E,8,999.0,E,8,1.44,E,8,-9900,?,9,-9900,?,9,0.003,E,8,-9900,?,9,-9900,?,9,0.03,99.0,E,8
09/26/2011,09:00,872.864,1358.948,230.51,1,8,16.278,1,8,220.059,1,8,27661.2,1,8,1546.408,1,8,24206.477,1,8,109.1,1,8,-9900,?,9,-9900,?,9,18.88,E,8,15.37,E,8,78.0,E,8,1008.6016999999999,E,8,999.0,E,8,1.44,E,8,-9900,?,9,-9900,?,9,0.0,E,8,-9900,?,9,-9900,?,9,0.0,0.0,E,8
09/26/2011,10:00,1083.618,1358.948,324.83,1,8,13.189,1,8,314.315,1,8,38979.6,1,8,1252.914,1,8,34574.68,1,8,125.492,1,8,-9900,?,9,-9900,?,9,20.22,E,8,15.56,E,8,77.0,E,8,1008.6016999999999,E,8,999.0,E,8,1.64,E,8,-9900,?,9,-9900,?,9,0.027000000000000003,E,8,-9900,?,9,-9900,?,9,0.27,99.0,E,8
09/26/2011,11:00,1221.235,1358.948,393.76,1,8,16.375,1,8,379.045,1,8,47251.2,1,8,1555.638,1,8,41694.985,1,8,134.269,1,8,-9900,?,9,-9900,?,9,21.39,E,8,15.72,E,8,69.0,E,8,1008.6016999999999,E,8,999.0,E,8,2.22,E,8,-9900,?,9,-9900,?,9,0.0,E,8,-9900,?,9,-9900,?,9,0.0,0.0,E,8
09/26/2011,12:00,1276.308,1358.948,432.0,1,8,34.759,1,8,399.356,1,8,51840.0,1,8,3302.065,1,8,43929.207,1,8,135.355,1,8,-9900,?,9,-9900,?,9,22.34,E,8,15.85,E,8,70.0,E,8,1008.6016999999999,E,8,999.0,E,8,2.8,E,8,-9900,?,9,-9900,?,9,0.007000000000000001,E,8,-9900,?,9,-9900,?,9,0.07,99.0,E,8
09/26/2011,13:00,1245.085,1358.948,436.74,1,8,39.987,1,8,400.105,1,8,52408.8,1,8,3798.766,1,8,44011.602,1,8,139.012,1,8,-9900,?,9,-9900,?,9,23.04,E,8,15.95,E,8,68.0,E,8,1008.6016999999999,E,8,999.0,E,8,3.62,E,8,-9900,?,9,-9900,?,9,0.053000000000000005,E,8,-9900,?,9,-9900,?,9,0.53,99.0,E,8
09/26/2011,14:00,1129.709,1358.948,407.63,1,8,25.81,1,8,386.177,1,8,48915.6,1,8,2451.908,1,8,42479.474,1,8,147.887,1,8,-9900,?,9,-9900,?,9,23.46,E,8,16.01,E,8,62.0,E,8,1008.6016999999999,E,8,999.0,E,8,4.29,E,8,-9900,?,9,-9900,?,9,0.0,E,8,-9900,?,9,-9900,?,9,0.0,0.0,E,8
09/26/2011,15:00,938.082,1358.948,346.81,1,8,25.203,1,8,329.418,1,8,41617.2,1,8,2394.263,1,8,36235.995,1,8,151.95,1,8,-9900,?,9,-9900,?,9,23.61,E,8,16.03,E,8,62.0,E,8,1008.6016999999999,E,8,999.0,E,8,4.28,E,8,-9900,?,9,-9900,?,9,0.0,E,8,-9900,?,9,-9900,?,9,0.0,0.0,E,8
09/26/2011,16:00,683.35,1358.948,258.89,1,8,73.149,1,8,222.138,1,8,31066.8,1,8,6949.197,1,8,24435.227,1,8,140.737,1,8,-9900,?,9,-9900,?,9,23.43,E,8,16.0,E,8,62.0,E,8,1008.6016999999999,E,8,999.0,E,8,3.74,E,8,-9900,?,9,-9900,?,9,0.0,E,8,-9900,?,9,-9900,?,9,0.0,0.0,E,8
09/26/2011,17:00,383.178,1358.948,151.34,1,8,171.012,1,8,103.281,1,8,18160.8,1,8,16246.124,1,8,11360.912,1,8,116.983,1,8,-9900,?,9,-9900,?,9,22.83,E,8,15.92,E,8,64.0,E,8,1008.6016999999999,E,8,999.0,E,8,3.89,E,8,-9900,?,9,-9900,?,9,0.0,E,8,-9900,?,9,-9900,?,9,0.0,0.0,E,8
09/26/2011,18:00,61.883,1358.948,39.39,1,8,0.0,1,8,39.39,1,8,4726.8,1,8,0.0,1,8,4332.9,1,8,305.741,1,8,-9900,?,9,-9900,?,9,21.92,E,8,15.8,E,8,80.0,E,8,1008.6016999999999,E,8,999.0,E,8,2.82,E,8,-9900,?,9,-9900,?,9,0.877,E,8,-9900,?,9,-9900,?,9,8.77,99.0,E,8
09/26/2011,19:00,0.0,1358.948,0.0,1,8,0.0,1,8,0.0,1,8,0.0,1,8,0.0,1,8,0.0,1,8,-0.0,1,8,-9900,?,9,-9900,?,9,21.45,E,8,15.73,E,8,73.0,E,8,1008.6016999999999,E,8,999.0,E,8,1.69,E,8,-9900,?,9,-9900,?,9,0.011,E,8,-9900,?,9,-9900,?,9,0.11,99.0,E,8
09/26/2011,20:00,0.0,1358.948,0.0,1,8,0.0,1,8,0.0,1,8,0.0,1,8,0.0,1,8,0.0,1,8,-0.0,1,8,-9900,?,9,-9900,?,9,20.99,E,8,15.67,E,8,75.0,E,8,1008.6016999999999,E,8,999.0,E,8,1.44,E,8,-9900,?,9,-9900,?,9,0.017,E,8,-9900,?,9,-9900,?,9,0.17,99.0,E,8
09/26/2011,21:00,0.0,1358.948,0.0,1,8,0.0,1,8,0.0,1,8,0.0,1,8,0.0,1,8,0.0,1,8,-0.0,1,8,-9900,?,9,-9900,?,9,20.52,E,8,15.6,E,8,72.0,E,8,1008.6016999999999,E,8,999.0,E,8,1.44,E,8,-9900,?,9,-9900,?,9,0.0,E,8,-9900,?,9,-9900,?,9,0.0,0.0,E,8
09/26/2011,22:00,0.0,1358.948,0.0,1,8,0.0,1,8,0.0,1,8,0.0,1,8,0.0,1,8,0.0,1,8,-0.0,1,8,-9900,?,9,-9900,?,9,20.05,E,8,15.54,E,8,73.0,E,8,1008.6016999999999,E,8,999.0,E,8,1.44,E,8,-9900,?,9,-9900,?,9,0.0,E,8,-9900,?,9,-9900,?,9,0.0,0.0,E,8
09/26/2011,23:00,0.0,1358.948,0.0,1,8,0.0,1,8,0.0,1,8,0.0,1,8,0.0,1,8,0.0,1,8,-0.0,1,8,-9900,?,9,-9900,?,9,19.58,E,8,15.47,E,8,79.0,E,8,1008.6016999999999,E,8,999.0,E,8,1.44,E,8,-9900,?,9,-9900,?,9,0.001,E,8,-9900,?,9,-9900,?,9,0.01,99.0,E,8
09/26/2011,24:00,0.0,1358.948,0.0,1,8,0.0,1,8,0.0,1,8,0.0,1,8,0.0,1,8,0.0,1,8,-0.0,1,8,-9900,?,9,-9900,?,9,19.12,E,8,15.66,E,8,81.0,E,8,1008.6016999999999,E,8,999.0,E,8,1.46,E,8,-9900,?,9,-9900,?,9,0.001,E,8,-9900,?,9,-9900,?,9,0.01,99.0,E,8
09/27/2011,01:00,0.0,1358.948,0.0,1,8,0.0,1,8,0.0,1,8,0.0,1,8,0.0,1,8,0.0,1,8,-0.0,1,8,-9900,?,9,-9900,?,9,18.88,E,8,15.69,E,8,82.0,E,8,1008.6016999999999,E,8,999.0,E,8,1.46,E,8,-9900,?,9,-9900,?,9,0.004,E,8,-9900,?,9,-9900,?,9,0.04,99.0,E,8
09/27/2011,02:00,0.0,1358.948,0.0,1,8,0.0,1,8,0.0,1,8,0.0,1,8,0.0,1,8,0.0,1,8,-0.0,1,8,-9900,?,9,-9900,?,9,18.65,E,8,15.73,E,8,84.0,E,8,1008.6016999999999,E,8,999.0,E,8,1.46,E,8,-9900,?,9,-9900,?,9,0.001,E,8,-9900,?,9,-9900,?,9,0.01,99.0,E,8
09/27/2011,03:00,0.0,1358.948,0.0,1,8,0.0,1,8,0.0,1,8,0.0,1,8,0.0,1,8,0.0,1,8,-0.0,1,8,-9900,?,9,-9900,?,9,18.41,E,8,15.76,E,8,85.0,E,8,1008.6016999999999,E,8,999.0,E,8,1.46,E,8,-9900,?,9,-9900,?,9,0.002,E,8,-9900,?,9,-9900,?,9,0.02,99.0,E,8
09/27/2011,04:00,0.0,1359.737,0.0,1,8,0.0,1,8,0.0,1,8,0.0,1,8,0.0,1,8,0.0,1,8,-0.0,1,8,-9900,?,9,-9900,?,9,18.18,E,8,15.79,E,8,82.0,E,8,1008.6016999999999,E,8,999.0,E,8,1.46,E,8,-9900,?,9,-9900,?,9,0.0,E,8,-9900,?,9,-9900,?,9,0.0,0.0,E,8
09/27/2011,05:00,0.0,1359.737,0.0,1,8,0.0,1,8,0.0,1,8,0.0,1,8,0.0,1,8,0.0,1,8,-0.0,1,8,-9900,?,9,-9900,?,9,17.97,E,8,15.82,E,8,83.0,E,8,1008.6016999999999,E,8,999.0,E,8,1.46,E,8,-9900,?,9,-9900,?,9,0.0,E,8,-9900,?,9,-9900,?,9,0.0,0.0,E,8
09/27/2011,06:00,0.0,1359.737,0.0,1,8,0.0,1,8,0.0,1,8,0.0,1,8,0.0,1,8,0.0,1,8,-0.0,1,8,-9900,?,9,-9900,?,9,17.82,E,8,15.84,E,8,84.0,E,8,1008.6016999999999,E,8,999.0,E,8,1.46,E,8,-9900,?,9,-9900,?,9,0.0,E,8,-9900,?,9,-9900,?,9,0.0,0.0,E,8
09/27/2011,07:00,299.435,1359.737,25.94,1,8,0.0,1,8,25.94,1,8,3112.8,1,8,0.0,1,8,2853.4,1,8,37.705,1,8,-9900,?,9,-9900,?,9,17.67,E,8,15.86,E,8,89.0,E,8,1008.6016999999999,E,8,999.0,E,8,1.46,E,8,-9900,?,9,-9900,?,9,0.092,E,8,-9900,?,9,-9900,?,9,0.92,99.0,E,8
09/27/2011,08:00,608.684,1359.737,202.1,1,8,34.285,1,8,186.77,1,8,24252.0,1,8,3257.095,1,8,20544.718,1,8,132.962,1,8,-9900,?,9,-9900,?,9,18.9,E,8,15.69,E,8,78.0,E,8,1008.6016999999999,E,8,999.0,E,8,1.46,E,8,-9900,?,9,-9900,?,9,0.0,E,8,-9900,?,9,-9900,?,9,0.0,0.0,E,8
09/27/2011,09:00,877.948,1359.737,387.35,1,8,109.075,1,8,316.952,1,8,46482.0,1,8,10362.14,1,8,34864.699,1,8,156.318,1,8,-9900,?,9,-9900,?,9,19.89,E,8,15.55,E,8,73.0,E,8,1008.6016999999999,E,8,999.0,E,8,1.46,E,8,-9900,?,9,-9900,?,9,0.0,E,8,-9900,?,9,-9900,?,9,0.0,0.0,E,8
09/27/2011,10:00,1088.411,1359.737,544.47,1,8,178.741,1,8,401.419,1,8,65336.4,1,8,16980.42,1,8,44156.078,1,8,159.655,1,8,-9900,?,9,-9900,?,9,20.81,E,8,15.42,E,8,69.0,E,8,1008.6016999999999,E,8,999.0,E,8,1.46,E,8,-9900,?,9,-9900,?,9,0.0,E,8,-9900,?,9,-9900,?,9,0.0,0.0,E,8
09/27/2011,11:00,1225.636,1359.737,659.19,1,8,301.359,1,8,387.571,1,8,79102.8,1,8,28629.081,1,8,42632.768,1,8,136.875,1,8,-9900,?,9,-9900,?,9,21.61,E,8,15.31,E,8,66.0,E,8,1008.6016999999999,E,8,999.0,E,8,2.46,E,8,-9900,?,9,-9900,?,9,0.0,E,8,-9900,?,9,-9900,?,9,0.0,0.0,E,8
09/27/2011,12:00,1280.245,1359.737,722.66,1,8,279.278,1,8,459.719,1,8,86719.2,1,8,26531.424,1,8,50569.072,1,8,155.425,1,8,-9900,?,9,-9900,?,9,22.25,E,8,15.21,E,8,63.0,E,8,1008.6016999999999,E,8,999.0,E,8,2.91,E,8,-9900,?,9,-9900,?,9,0.0,E,8,-9900,?,9,-9900,?,9,0.0,0.0,E,8
09/27/2011,13:00,1248.516,1359.737,730.24,1,8,326.387,1,8,430.567,1,8,87628.8,1,8,31006.734,1,8,47362.358,1,8,149.271,1,8,-9900,?,9,-9900,?,9,22.73,E,8,15.14,E,8,62.0,E,8,1008.6016999999999,E,8,999.0,E,8,3.34,E,8,-9900,?,9,-9900,?,9,0.0,E,8,-9900,?,9,-9900,?,9,0.0,0.0,E,8
09/27/2011,14:00,1132.629,1359.737,681.37,1,8,360.15,1,8,381.413,1,8,81764.4,1,8,34214.22,1,8,41955.396,1,8,145.77,1,8,-9900,?,9,-9900,?,9,23.02,E,8,15.1,E,8,60.0,E,8,1008.6016999999999,E,8,999.0,E,8,4.0,E,8,-9900,?,9,-9900,?,9,0.0,E,8,-9900,?,9,-9900,?,9,0.0,0.0,E,8
09/27/2011,15:00,940.52,1359.737,579.65,1,8,440.609,1,8,274.982,1,8,69558.0,1,8,41857.816,1,8,30248.005,1,8,126.584,1,8,-9900,?,9,-9900,?,9,23.12,E,8,15.09,E,8,60.0,E,8,1008.6016999999999,E,8,999.0,E,8,4.22,E,8,-9900,?,9,-9900,?,9,0.0,E,8,-9900,?,9,-9900,?,9,0.0,0.0,E,8
09/27/2011,16:00,685.369,1359.737,432.76,1,8,545.246,1,8,158.167,1,8,51931.2,1,8,51798.395,1,8,17398.422,1,8,99.97,1,8,-9900,?,9,-9900,?,9,22.99,E,8,15.11,E,8,61.0,E,8,1008.6016999999999,E,8,999.0,E,8,3.67,E,8,-9900,?,9,-9900,?,9,0.0,E,8,-9900,?,9,-9900,?,9,0.0,0.0,E,8
09/27/2011,17:00,384.865,1359.737,253.19,1,8,479.236,1,8,117.993,1,8,30382.8,1,8,45527.405,1,8,12979.281,1,8,133.135,1,8,-9900,?,9,-9900,?,9,22.58,E,8,15.17,E,8,62.0,E,8,1008.6016999999999,E,8,999.0,E,8,3.32,E,8,-9900,?,9,-9900,?,9,0.0,E,8,-9900,?,9,-9900,?,9,0.0,0.0,E,8
09/27/2011,18:00,63.283,1359.737,66.3,1,8,0.0,1,8,66.3,1,8,7956.0,1,8,0.0,1,8,7293.0,1,8,501.614,1,8,-9900,?,9,-9900,?,9,21.96,E,8,15.26,E,8,64.0,E,8,1008.6016999999999,E,8,999.0,E,8,2.54,E,8,-9900,?,9,-9900,?,9,0.0,E,8,-9900,?,9,-9900,?,9,0.0,0.0,E,8
09/27/2011,19:00,0.0,1359.737,0.0,1,8,0.0,1,8,0.0,1,8,0.0,1,8,0.0,1,8,0.0,1,8,-0.0,1,8,-9900,?,9,-9900,?,9,21.41,E,8,15.33,E,8,67.0,E,8,1008.6016999999999,E,8,999.0,E,8,2.6,E,8,-9900,?,9,-9900,?,9,0.0,E,8,-9900,?,9,-9900,?,9,0.0,0.0,E,8
09/27/2011,20:00,0.0,1359.737,0.0,1,8,0.0,1,8,0.0,1,8,0.0,1,8,0.0,1,8,0.0,1,8,-0.0,1,8,-9900,?,9,-9900,?,9,20.85,E,8,15.41,E,8,69.0,E,8,1008.6016999999999,E,8,999.0,E,8,1.64,E,8,-9900,?,9,-9900,?,9,0.0,E,8,-9900,?,9,-9900,?,9,0.0,0.0,E,8
09/27/2011,21:00,0.0,1359.737,0.0,1,8,0.0,1,8,0.0,1,8,0.0,1,8,0.0,1,8,0.0,1,8,-0.0,1,8,-9900,?,9,-9900,?,9,20.3,E,8,15.49,E,8,71.0,E,8,1008.6016999999999,E,8,999.0,E,8,1.46,E,8,-9900,?,9,-9900,?,9,0.0,E,8,-9900,?,9,-9900,?,9,0.0,0.0,E,8
09/27/2011,22:00,0.0,1359.737,0.0,1,8,0.0,1,8,0.0,1,8,0.0,1,8,0.0,1,8,0.0,1,8,-0.0,1,8,-9900,?,9,-9900,?,9,19.75,E,8,15.57,E,8,74.0,E,8,1008.6016999999999,E,8,999.0,E,8,1.46,E,8,-9900,?,9,-9900,?,9,0.0,E,8,-9900,?,9,-9900,?,9,0.0,0.0,E,8
09/27/2011,23:00,0.0,1359.737,0.0,1,8,0.0,1,8,0.0,1,8,0.0,1,8,0.0,1,8,0.0,1,8,-0.0,1,8,-9900,?,9,-9900,?,9,19.2,E,8,15.65,E,8,77.0,E,8,1008.6016999999999,E,8,999.0,E,8,1.46,E,8,-9900,?,9,-9900,?,9,0.0,E,8,-9900,?,9,-9900,?,9,0.0,0.0,E,8
09/27/2011,24:00,0.0,1359.737,0.0,1,8,0.0,1,8,0.0,1,8,0.0,1,8,0.0,1,8,0.0,1,8,-0.0,1,8,-9900,?,9,-9900,?,9,18.64,E,8,13.91,E,8,73.0,E,8,1008.6016999999999,E,8,999.0,E,8,1.21,E,8,-9900,?,9,-9900,?,9,0.0,E,8,-9900,?,9,-9900,?,9,0.0,0.0,E,8
09/28/2011,01:00,0.0,1359.737,0.0,1,8,0.0,1,8,0.0,1,8,0.0,1,8,0.0,1,8,0.0,1,8,-0.0,1,8,-9900,?,9,-9900,?,9,18.37,E,8,13.87,E,8,75.0,E,8,1008.6016999999999,E,8,999.0,E,8,1.21,E,8,-9900,?,9,-9900,?,9,0.0,E,8,-9900,?,9,-9900,?,9,0.0,0.0,E,8
09/28/2011,02:00,0.0,1359.737,0.0,1,8,0.0,1,8,0.0,1,8,0.0,1,8,0.0,1,8,0.0,1,8,-0.0,1,8,-9900,?,9,-9900,?,9,18.09,E,8,13.83,E,8,76.0,E,8,1008.6016999999999,E,8,999.0,E,8,1.21,E,8,-9900,?,9,-9900,?,9,0.0,E,8,-9900,?,9,-9900,?,9,0.0,0.0,E,8
09/28/2011,03:00,0.0,1359.737,0.0,1,8,0.0,1,8,0.0,1,8,0.0,1,8,0.0,1,8,0.0,1,8,-0.0,1,8,-9900,?,9,-9900,?,9,17.81,E,8,13.79,E,8,77.0,E,8,1008.6016999999999,E,8,999.0,E,8,1.21,E,8,-9900,?,9,-9900,?,9,0.0,E,8,-9900,?,9,-9900,?,9,0.0,0.0,E,8
09/28/2011,04:00,0.0,1360.529,0.0,1,8,0.0,1,8,0.0,1,8,0.0,1,8,0.0,1,8,0.0,1,8,-0.0,1,8,-9900,?,9,-9900,?,9,17.54,E,8,13.75,E,8,78.0,E,8,1008.6016999999999,E,8,999.0,E,8,1.21,E,8,-9900,?,9,-9900,?,9,0.0,E,8,-9900,?,9,-9900,?,9,0.0,0.0,E,8
09/28/2011,05:00,0.0,1360.529,0.0,1,8,0.0,1,8,0.0,1,8,0.0,1,8,0.0,1,8,0.0,1,8,-0.0,1,8,-9900,?,9,-9900,?,9,17.29,E,8,13.72,E,8,79.0,E,8,1008.6016999999999,E,8,999.0,E,8,1.21,E,8,-9900,?,9,-9900,?,9,0.0,E,8,-9900,?,9,-9900,?,9,0.0,0.0,E,8
09/28/2011,06:00,0.0,1360.529,0.0,1,8,0.0,1,8,0.0,1,8,0.0,1,8,0.0,1,8,0.0,1,8,-0.0,1,8,-9900,?,9,-9900,?,9,17.11,E,8,13.69,E,8,80.0,E,8,1008.6016999999999,E,8,999.0,E,8,1.21,E,8,-9900,?,9,-9900,?,9,0.0,E,8,-9900,?,9,-9900,?,9,0.0,0.0,E,8
09/28/2011,07:00,304.682,1360.529,34.5,1,8,0.0,1,8,34.5,1,8,4140.0,1,8,0.0,1,8,3795.0,1,8,49.303,1,8,-9900,?,9,-9900,?,9,16.93,E,8,13.67,E,8,81.0,E,8,1008.6016999999999,E,8,999.0,E,8,1.21,E,8,-9900,?,9,-9900,?,9,0.0,E,8,-9900,?,9,-9900,?,9,0.0,0.0,E,8
09/28/2011,08:00,613.897,1360.529,242.73,1,8,99.15,1,8,198.043,1,8,29127.6,1,8,9419.289,1,8,21784.68,1,8,139.868,1,8,-9900,?,9,-9900,?,9,18.64,E,8,13.91,E,8,73.0,E,8,1008.6016999999999,E,8,999.0,E,8,1.21,E,8,-9900,?,9,-9900,?,9,0.0,E,8,-9900,?,9,-9900,?,9,0.0,0.0,E,8
09/28/2011,09:00,882.982,1360.529,434.91,1,8,167.439,1,8,326.286,1,8,52189.2,1,8,15906.664,1,8,35891.502,1,8,160.096,1,8,-9900,?,9,-9900,?,9,19.87,E,8,14.08,E,8,69.0,E,8,1008.6016999999999,E,8,999.0,E,8,1.21,E,8,-9900,?,9,-9900,?,9,0.0,E,8,-9900,?,9,-9900,?,9,0.0,0.0,E,8
09/28/2011,10:00,1093.147,1360.529,614.5,1,8,283.438,1,8,386.803,1,8,73740.0,1,8,26926.563,1,8,42548.297,1,8,153.264,1,8,-9900,?,9,-9900,?,9,21.03,E,8,14.25,E,8,65.0,E,8,1008.6016999999999,E,8,999.0,E,8,2.3,E,8,-9900,?,9,-9900,?,9,0.0,E,8,-9900,?,9,-9900,?,9,0.0,0.0,E,8
09/28/2011,11:00,1229.977,1360.529,812.67,1,8,489.946,1,8,369.767,1,8,97520.4,1,8,46544.883,1,8,40674.322,1,8,130.202,1,8,-9900,?,9,-9900,?,9,22.22,E,8,14.41,E,8,61.0,E,8,1008.6016999999999,E,8,999.0,E,8,3.14,E,8,-9900,?,9,-9900,?,9,0.0,E,8,-9900,?,9,-9900,?,9,0.0,0.0,E,8
09/28/2011,12:00,1284.123,1360.529,914.08,1,8,557.728,1,8,387.693,1,8,109689.6,1,8,52984.124,1,8,42646.19,1,8,130.754,1,8,-9900,?,9,-9900,?,9,23.23,E,8,14.55,E,8,58.0,E,8,1008.6016999999999,E,8,999.0,E,8,4.1,E,8,-9900,?,9,-9900,?,9,0.0,E,8,-9900,?,9,-9900,?,9,0.0,0.0,E,8
09/28/2011,13:00,1251.895,1360.529,821.18,1,8,473.139,1,8,385.842,1,8,98541.6,1,8,44948.241,1,8,42442.659,1,8,133.482,1,8,-9900,?,9,-9900,?,9,23.78,E,8,14.62,E,8,56.0,E,8,1008.6016999999999,E,8,999.0,E,8,4.0,E,8,-9900,?,9,-9900,?,9,0.0,E,8,-9900,?,9,-9900,?,9,0.0,0.0,E,8
09/28/2011,14:00,1135.507,1360.529,714.76,1,8,454.29,1,8,335.655,1,8,85771.2,1,8,43157.58,1,8,36922.012,1,8,128.031,1,8,-9900,?,9,-9900,?,9,24.03,E,8,14.66,E,8,55.0,E,8,1008.6016999999999,E,8,999.0,E,8,4.81,E,8,-9900,?,9,-9900,?,9,0.0,E,8,-9900,?,9,-9900,?,9,0.0,0.0,E,8
09/28/2011,15:00,942.929,1360.529,526.98,1,8,295.341,1,8,322.356,1,8,63237.6,1,8,28057.36,1,8,35459.172,1,8,148.099,1,8,-9900,?,9,-9900,?,9,23.92,E,8,14.64,E,8,56.0,E,8,1008.6016999999999,E,8,999.0,E,8,4.65,E,8,-9900,?,9,-9900,?,9,0.0,E,8,-9900,?,9,-9900,?,9,0.0,0.0,E,8
09/28/2011,16:00,687.372,1360.529,445.8,1,8,546.976,1,8,169.69,1,8,53496.0,1,8,51962.752,1,8,18665.919,1,8,107.002,1,8,-9900,?,9,-9900,?,9,23.66,E,8,14.61,E,8,56.0,E,8,1008.6016999999999,E,8,999.0,E,8,3.81,E,8,-9900,?,9,-9900,?,9,0.0,E,8,-9900,?,9,-9900,?,9,0.0,0.0,E,8
09/28/2011,17:00,386.554,1360.529,245.52,1,8,679.508,1,8,53.091,1,8,29462.4,1,8,64553.274,1,8,5839.984,1,8,59.675,1,8,-9900,?,9,-9900,?,9,23.07,E,8,14.53,E,8,58.0,E,8,1008.6016999999999,E,8,999.0,E,8,2.74,E,8,-9900,?,9,-9900,?,9,0.0,E,8,-9900,?,9,-9900,?,9,0.0,0.0,E,8
09/28/2011,18:00,64.7,1360.529,40.91,1,8,0.0,1,8,40.91,1,8,4909.2,1,8,0.0,1,8,4500.1,1,8,301.812,1,8,-9900,?,9,-9900,?,9,22.21,E,8,14.41,E,8,61.0,E,8,1008.6016999999999,E,8,999.0,E,8,2.21,E,8,-9900,?,9,-9900,?,9,0.0,E,8,-9900,?,9,-9900,?,9,0.0,0.0,E,8
09/28/2011,19:00,0.0,1360.529,0.0,1,8,0.0,1,8,0.0,1,8,0.0,1,8,0.0,1,8,0.0,1,8,-0.0,1,8,-9900,?,9,-9900,?,9,21.59,E,8,14.32,E,8,63.0,E,8,1008.6016999999999,E,8,999.0,E,8,2.2,E,8,-9900,?,9,-9900,?,9,0.0,E,8,-9900,?,9,-9900,?,9,0.0,0.0,E,8
09/28/2011,20:00,0.0,1360.529,0.0,1,8,0.0,1,8,0.0,1,8,0.0,1,8,0.0,1,8,0.0,1,8,-0.0,1,8,-9900,?,9,-9900,?,9,20.98,E,8,14.24,E,8,65.0,E,8,1008.6016999999999,E,8,999.0,E,8,1.4,E,8,-9900,?,9,-9900,?,9,0.0,E,8,-9900,?,9,-9900,?,9,0.0,0.0,E,8
09/28/2011,21:00,0.0,1360.529,0.0,1,8,0.0,1,8,0.0,1,8,0.0,1,8,0.0,1,8,0.0,1,8,-0.0,1,8,-9900,?,9,-9900,?,9,20.36,E,8,14.15,E,8,67.0,E,8,1008.6016999999999,E,8,999.0,E,8,1.21,E,8,-9900,?,9,-9900,?,9,0.0,E,8,-9900,?,9,-9900,?,9,0.0,0.0,E,8
09/28/2011,22:00,0.0,1360.529,0.0,1,8,0.0,1,8,0.0,1,8,0.0,1,8,0.0,1,8,0.0,1,8,-0.0,1,8,-9900,?,9,-9900,?,9,19.75,E,8,14.07,E,8,69.0,E,8,1008.6016999999999,E,8,999.0,E,8,1.21,E,8,-9900,?,9,-9900,?,9,0.0,E,8,-9900,?,9,-9900,?,9,0.0,0.0,E,8
09/28/2011,23:00,0.0,1360.529,0.0,1,8,0.0,1,8,0.0,1,8,0.0,1,8,0.0,1,8,0.0,1,8,-0.0,1,8,-9900,?,9,-9900,?,9,19.13,E,8,13.98,E,8,72.0,E,8,1008.6016999999999,E,8,999.0,E,8,1.21,E,8,-9900,?,9,-9900,?,9,0.0,E,8,-9900,?,9,-9900,?,9,0.0,0.0,E,8
09/28/2011,24:00,0.0,1360.529,0.0,1,8,0.0,1,8,0.0,1,8,0.0,1,8,0.0,1,8,0.0,1,8,-0.0,1,8,-9900,?,9,-9900,?,9,18.52,E,8,12.93,E,8,69.0,E,8,1008.6016999999999,E,8,999.0,E,8,1.44,E,8,-9900,?,9,-9900,?,9,0.0,E,8,-9900,?,9,-9900,?,9,0.0,0.0,E,8
09/29/2011,01:00,0.0,1360.529,0.0,1,8,0.0,1,8,0.0,1,8,0.0,1,8,0.0,1,8,0.0,1,8,-0.0,1,8,-9900,?,9,-9900,?,9,18.21,E,8,12.86,E,8,70.0,E,8,1008.6016999999999,E,8,999.0,E,8,1.44,E,8,-9900,?,9,-9900,?,9,0.0,E,8,-9900,?,9,-9900,?,9,0.0,0.0,E,8
09/29/2011,02:00,0.0,1360.529,0.0,1,8,0.0,1,8,0.0,1,8,0.0,1,8,0.0,1,8,0.0,1,8,-0.0,1,8,-9900,?,9,-9900,?,9,17.9,E,8,12.79,E,8,72.0,E,8,1008.6016999999999,E,8,999.0,E,8,1.44,E,8,-9900,?,9,-9900,?,9,0.0,E,8,-9900,?,9,-9900,?,9,0.0,0.0,E,8
09/29/2011,03:00,0.0,1360.529,0.0,1,8,0.0,1,8,0.0,1,8,0.0,1,8,0.0,1,8,0.0,1,8,-0.0,1,8,-9900,?,9,-9900,?,9,17.59,E,8,12.72,E,8,73.0,E,8,1008.6016999999999,E,8,999.0,E,8,1.44,E,8,-9900,?,9,-9900,?,9,0.0,E,8,-9900,?,9,-9900,?,9,0.0,0.0,E,8
09/29/2011,04:00,0.0,1361.323,0.0,1,8,0.0,1,8,0.0,1,8,0.0,1,8,0.0,1,8,0.0,1,8,-0.0,1,8,-9900,?,9,-9900,?,9,17.29,E,8,12.66,E,8,74.0,E,8,1008.6016999999999,E,8,999.0,E,8,1.44,E,8,-9900,?,9,-9900,?,9,0.0,E,8,-9900,?,9,-9900,?,9,0.0,0.0,E,8
09/29/2011,05:00,0.0,1361.323,0.0,1,8,0.0,1,8,0.0,1,8,0.0,1,8,0.0,1,8,0.0,1,8,-0.0,1,8,-9900,?,9,-9900,?,9,17.01,E,8,12.59,E,8,75.0,E,8,1008.6016999999999,E,8,999.0,E,8,1.44,E,8,-9900,?,9,-9900,?,9,0.0,E,8,-9900,?,9,-9900,?,9,0.0,0.0,E,8
09/29/2011,06:00,0.0,1361.323,0.0,1,8,0.0,1,8,0.0,1,8,0.0,1,8,0.0,1,8,0.0,1,8,-0.0,1,8,-9900,?,9,-9900,?,9,16.81,E,8,12.55,E,8,75.0,E,8,1008.6016999999999,E,8,999.0,E,8,1.44,E,8,-9900,?,9,-9900,?,9,0.0,E,8,-9900,?,9,-9900,?,9,0.0,0.0,E,8
09/29/2011,07:00,309.899,1361.323,34.76,1,8,0.0,1,8,34.76,1,8,4171.2,1,8,0.0,1,8,3823.6,1,8,48.858,1,8,-9900,?,9,-9900,?,9,16.61,E,8,12.5,E,8,76.0,E,8,1008.6016999999999,E,8,999.0,E,8,1.44,E,8,-9900,?,9,-9900,?,9,0.0,E,8,-9900,?,9,-9900,?,9,0.0,0.0,E,8
09/29/2011,08:00,619.066,1361.323,237.95,1,8,87.345,1,8,198.274,1,8,28554.0,1,8,8297.803,1,8,21810.133,1,8,138.94,1,8,-9900,?,9,-9900,?,9,18.24,E,8,12.87,E,8,70.0,E,8,1008.6016999999999,E,8,999.0,E,8,1.44,E,8,-9900,?,9,-9900,?,9,0.0,E,8,-9900,?,9,-9900,?,9,0.0,0.0,E,8
09/29/2011,09:00,887.962,1361.323,462.22,1,8,232.277,1,8,310.77,1,8,55466.4,1,8,22066.355,1,8,34184.746,1,8,151.715,1,8,-9900,?,9,-9900,?,9,19.55,E,8,13.16,E,8,66.0,E,8,1008.6016999999999,E,8,999.0,E,8,1.44,E,8,-9900,?,9,-9900,?,9,0.0,E,8,-9900,?,9,-9900,?,9,0.0,0.0,E,8
09/29/2011,10:00,1097.823,1361.323,634.64,1,8,318.174,1,8,378.093,1,8,76156.8,1,8,30226.543,1,8,41590.199,1,8,149.261,1,8,-9900,?,9,-9900,?,9,20.71,E,8,13.41,E,8,62.0,E,8,1008.6016999999999,E,8,999.0,E,8,1.75,E,8,-9900,?,9,-9900,?,9,0.0,E,8,-9900,?,9,-9900,?,9,0.0,0.0,E,8
09/29/2011,11:00,1234.258,1361.323,729.99,1,8,323.423,1,8,436.774,1,8,87598.8,1,8,30725.186,1,8,48045.128,1,8,153.352,1,8,-9900,?,9,-9900,?,9,21.64,E,8,13.61,E,8,60.0,E,8,1008.6016999999999,E,8,999.0,E,8,2.18,E,8,-9900,?,9,-9900,?,9,0.0,E,8,-9900,?,9,-9900,?,9,0.0,0.0,E,8
09/29/2011,12:00,1287.943,1361.323,870.21,1,8,493.048,1,8,403.755,1,8,104425.2,1,8,46839.57,1,8,44413.042,1,8,135.846,1,8,-9900,?,9,-9900,?,9,22.54,E,8,13.8,E,8,57.0,E,8,1008.6016999999999,E,8,999.0,E,8,2.78,E,8,-9900,?,9,-9900,?,9,0.0,E,8,-9900,?,9,-9900,?,9,0.0,0.0,E,8
09/29/2011,13:00,1255.223,1361.323,871.69,1,8,585.095,1,8,332.225,1,8,104602.8,1,8,55584.038,1,8,36544.729,1,8,114.695,1,8,-9900,?,9,-9900,?,9,23.19,E,8,13.93,E,8,55.0,E,8,1008.6016999999999,E,8,999.0,E,8,3.52,E,8,-9900,?,9,-9900,?,9,0.0,E,8,-9900,?,9,-9900,?,9,0.0,0.0,E,8
09/29/2011,14:00,1138.343,1361.323,820.19,1,8,721.089,1,8,217.29,1,8,98422.8,1,8,68503.414,1,8,23901.874,1,8,82.724,1,8,-9900,?,9,-9900,?,9,23.6,E,8,14.02,E,8,54.0,E,8,1008.6016999999999,E,8,999.0,E,8,4.01,E,8,-9900,?,9,-9900,?,9,0.0,E,8,-9900,?,9,-9900,?,9,0.0,0.0,E,8
09/29/2011,15:00,945.308,1361.323,679.1,1,8,786.99,1,8,132.783,1,8,81492.0,1,8,74764.092,1,8,14606.133,1,8,60.886,1,8,-9900,?,9,-9900,?,9,23.72,E,8,14.04,E,8,54.0,E,8,1008.6016999999999,E,8,999.0,E,8,4.1,E,8,-9900,?,9,-9900,?,9,0.0,E,8,-9900,?,9,-9900,?,9,0.0,0.0,E,8
09/29/2011,16:00,689.362,1361.323,452.96,1,8,568.789,1,8,165.175,1,8,54355.2,1,8,54034.916,1,8,18169.246,1,8,103.915,1,8,-9900,?,9,-9900,?,9,23.44,E,8,13.98,E,8,55.0,E,8,1008.6016999999999,E,8,999.0,E,8,4.48,E,8,-9900,?,9,-9900,?,9,0.0,E,8,-9900,?,9,-9900,?,9,0.0,0.0,E,8
09/29/2011,17:00,388.244,1361.323,274.74,1,8,635.201,1,8,94.172,1,8,32968.8,1,8,60344.077,1,8,10358.924,1,8,105.449,1,8,-9900,?,9,-9900,?,9,22.87,E,8,13.87,E,8,56.0,E,8,1008.6016999999999,E,8,999.0,E,8,3.47,E,8,-9900,?,9,-9900,?,9,0.0,E,8,-9900,?,9,-9900,?,9,0.0,0.0,E,8
09/29/2011,18:00,66.137,1361.323,60.71,1,8,0.0,1,8,60.71,1,8,7285.2,1,8,0.0,1,8,6678.1,1,8,436.889,1,8,-9900,?,9,-9900,?,9,22.04,E,8,13.69,E,8,59.0,E,8,1008.6016999999999,E,8,999.0,E,8,2.82,E,8,-9900,?,9,-9900,?,9,0.0,E,8,-9900,?,9,-9900,?,9,0.0,0.0,E,8
09/29/2011,19:00,0.0,1361.323,0.0,1,8,0.0,1,8,0.0,1,8,0.0,1,8,0.0,1,8,0.0,1,8,-0.0,1,8,-9900,?,9,-9900,?,9,21.47,E,8,13.57,E,8,60.0,E,8,1008.6016999999999,E,8,999.0,E,8,1.9,E,8,-9900,?,9,-9900,?,9,0.0,E,8,-9900,?,9,-9900,?,9,0.0,0.0,E,8
09/29/2011,20:00,0.0,1361.323,0.0,1,8,0.0,1,8,0.0,1,8,0.0,1,8,0.0,1,8,0.0,1,8,-0.0,1,8,-9900,?,9,-9900,?,9,20.91,E,8,13.45,E,8,62.0,E,8,1008.6016999999999,E,8,999.0,E,8,1.44,E,8,-9900,?,9,-9900,?,9,0.0,E,8,-9900,?,9,-9900,?,9,0.0,0.0,E,8
09/29/2011,21:00,0.0,1361.323,0.0,1,8,0.0,1,8,0.0,1,8,0.0,1,8,0.0,1,8,0.0,1,8,-0.0,1,8,-9900,?,9,-9900,?,9,20.34,E,8,13.33,E,8,64.0,E,8,1008.6016999999999,E,8,999.0,E,8,1.44,E,8,-9900,?,9,-9900,?,9,0.0,E,8,-9900,?,9,-9900,?,9,0.0,0.0,E,8
09/29/2011,22:00,0.0,1361.323,0.0,1,8,0.0,1,8,0.0,1,8,0.0,1,8,0.0,1,8,0.0,1,8,-0.0,1,8,-9900,?,9,-9900,?,9,19.77,E,8,13.21,E,8,65.0,E,8,1008.6016999999999,E,8,999.0,E,8,1.44,E,8,-9900,?,9,-9900,?,9,0.0,E,8,-9900,?,9,-9900,?,9,0.0,0.0,E,8
09/29/2011,23:00,0.0,1361.323,0.0,1,8,0.0,1,8,0.0,1,8,0.0,1,8,0.0,1,8,0.0,1,8,-0.0,1,8,-9900,?,9,-9900,?,9,19.2,E,8,13.08,E,8,67.0,E,8,1008.6016999999999,E,8,999.0,E,8,1.44,E,8,-9900,?,9,-9900,?,9,0.0,E,8,-9900,?,9,-9900,?,9,0.0,0.0,E,8
09/29/2011,24:00,0.0,1361.323,0.0,1,8,0.0,1,8,0.0,1,8,0.0,1,8,0.0,1,8,0.0,1,8,-0.0,1,8,-9900,?,9,-9900,?,9,18.64,E,8,14.98,E,8,80.0,E,8,1008.6016999999999,E,8,999.0,E,8,1.7,E,8,-9900,?,9,-9900,?,9,0.013000000000000001,E,8,-9900,?,9,-9900,?,9,0.13,99.0,E,8
09/30/2011,01:00,0.0,1361.323,0.0,1,8,0.0,1,8,0.0,1,8,0.0,1,8,0.0,1,8,0.0,1,8,-0.0,1,8,-9900,?,9,-9900,?,9,18.35,E,8,15.04,E,8,90.0,E,8,1008.6016999999999,E,8,999.0,E,8,1.7,E,8,-9900,?,9,-9900,?,9,0.702,E,8,-9900,?,9,-9900,?,9,7.02,99.0,E,8
09/30/2011,02:00,0.0,1361.323,0.0,1,8,0.0,1,8,0.0,1,8,0.0,1,8,0.0,1,8,0.0,1,8,-0.0,1,8,-9900,?,9,-9900,?,9,18.07,E,8,15.09,E,8,83.0,E,8,1008.6016999999999,E,8,999.0,E,8,1.7,E,8,-9900,?,9,-9900,?,9,0.022,E,8,-9900,?,9,-9900,?,9,0.22,99.0,E,8
09/30/2011,03:00,0.0,1361.323,0.0,1,8,0.0,1,8,0.0,1,8,0.0,1,8,0.0,1,8,0.0,1,8,-0.0,1,8,-9900,?,9,-9900,?,9,17.78,E,8,15.14,E,8,80.0,E,8,1008.6016999999999,E,8,999.0,E,8,1.7,E,8,-9900,?,9,-9900,?,9,0.0,E,8,-9900,?,9,-9900,?,9,0.0,0.0,E,8
09/30/2011,04:00,0.0,1362.12,0.0,1,8,0.0,1,8,0.0,1,8,0.0,1,8,0.0,1,8,0.0,1,8,-0.0,1,8,-9900,?,9,-9900,?,9,17.5,E,8,15.19,E,8,82.0,E,8,1008.6016999999999,E,8,999.0,E,8,1.7,E,8,-9900,?,9,-9900,?,9,0.0,E,8,-9900,?,9,-9900,?,9,0.0,0.0,E,8
09/30/2011,05:00,0.0,1362.12,0.0,1,8,0.0,1,8,0.0,1,8,0.0,1,8,0.0,1,8,0.0,1,8,-0.0,1,8,-9900,?,9,-9900,?,9,17.25,E,8,15.23,E,8,87.0,E,8,1008.6016999999999,E,8,999.0,E,8,1.7,E,8,-9900,?,9,-9900,?,9,0.041999999999999996,E,8,-9900,?,9,-9900,?,9,0.42,99.0,E,8
09/30/2011,06:00,0.0,1362.12,0.0,1,8,0.0,1,8,0.0,1,8,0.0,1,8,0.0,1,8,0.0,1,8,-0.0,1,8,-9900,?,9,-9900,?,9,17.06,E,8,15.27,E,8,84.0,E,8,1008.6016999999999,E,8,999.0,E,8,1.7,E,8,-9900,?,9,-9900,?,9,0.0,E,8,-9900,?,9,-9900,?,9,0.0,0.0,E,8
09/30/2011,07:00,315.083,1362.12,20.71,1,8,0.0,1,8,20.71,1,8,2485.2,1,8,0.0,1,8,2278.1,1,8,28.643,1,8,-9900,?,9,-9900,?,9,16.87,E,8,15.3,E,8,85.0,E,8,1008.6016999999999,E,8,999.0,E,8,1.7,E,8,-9900,?,9,-9900,?,9,0.0,E,8,-9900,?,9,-9900,?,9,0.0,0.0,E,8
09/30/2011,08:00,624.19,1362.12,137.12,1,8,0.0,1,8,137.12,1,8,16454.4,1,8,0.0,1,8,15083.2,1,8,95.351,1,8,-9900,?,9,-9900,?,9,18.21,E,8,15.06,E,8,78.0,E,8,1008.6016999999999,E,8,999.0,E,8,1.7,E,8,-9900,?,9,-9900,?,9,0.0,E,8,-9900,?,9,-9900,?,9,0.0,0.0,E,8
09/30/2011,09:00,892.888,1362.12,257.54,1,8,24.837,1,8,241.265,1,8,30904.8,1,8,2359.551,1,8,26539.162,1,8,117.201,1,8,-9900,?,9,-9900,?,9,19.21,E,8,14.88,E,8,73.0,E,8,1008.6016999999999,E,8,999.0,E,8,1.7,E,8,-9900,?,9,-9900,?,9,0.0,E,8,-9900,?,9,-9900,?,9,0.0,0.0,E,8
09/30/2011,10:00,1102.439,1362.12,359.39,1,8,17.827,1,8,344.964,1,8,43126.8,1,8,1693.576,1,8,37946.014,1,8,135.691,1,8,-9900,?,9,-9900,?,9,20.15,E,8,14.71,E,8,69.0,E,8,1008.6016999999999,E,8,999.0,E,8,1.7,E,8,-9900,?,9,-9900,?,9,0.0,E,8,-9900,?,9,-9900,?,9,0.0,0.0,E,8
09/30/2011,11:00,1238.476,1362.12,433.5,1,8,39.967,1,8,397.163,1,8,52020.0,1,8,3796.863,1,8,43687.952,1,8,139.051,1,8,-9900,?,9,-9900,?,9,20.96,E,8,14.56,E,8,65.0,E,8,1008.6016999999999,E,8,999.0,E,8,2.0,E,8,-9900,?,9,-9900,?,9,0.0,E,8,-9900,?,9,-9900,?,9,0.0,0.0,E,8
09/30/2011,12:00,1291.704,1362.12,474.21,1,8,46.256,1,8,430.346,1,8,56905.2,1,8,4394.358,1,8,47338.095,1,8,144.456,1,8,-9900,?,9,-9900,?,9,21.61,E,8,14.44,E,8,67.0,E,8,1008.6016999999999,E,8,999.0,E,8,2.75,E,8,-9900,?,9,-9900,?,9,0.008,E,8,-9900,?,9,-9900,?,9,0.08,99.0,E,8
09/30/2011,13:00,1258.497,1362.12,478.52,1,8,53.892,1,8,428.73,1,8,57422.4,1,8,5119.738,1,8,47160.34,1,8,147.713,1,8,-9900,?,9,-9900,?,9,22.09,E,8,14.35,E,8,61.0,E,8,1008.6016999999999,E,8,999.0,E,8,3.08,E,8,-9900,?,9,-9900,?,9,0.0,E,8,-9900,?,9,-9900,?,9,0.0,0.0,E,8
09/30/2011,14:00,1141.136,1362.12,446.13,1,8,35.346,1,8,416.522,1,8,53535.6,1,8,3357.884,1,8,45817.414,1,8,158.278,1,8,-9900,?,9,-9900,?,9,22.38,E,8,14.3,E,8,60.0,E,8,1008.6016999999999,E,8,999.0,E,8,3.7,E,8,-9900,?,9,-9900,?,9,0.0,E,8,-9900,?,9,-9900,?,9,0.0,0.0,E,8
09/30/2011,15:00,947.659,1362.12,379.4,1,8,73.935,1,8,327.978,1,8,45528.0,1,8,7023.786,1,8,36077.588,1,8,150.105,1,8,-9900,?,9,-9900,?,9,22.48,E,8,14.28,E,8,59.0,E,8,1008.6016999999999,E,8,999.0,E,8,3.8,E,8,-9900,?,9,-9900,?,9,0.0,E,8,-9900,?,9,-9900,?,9,0.0,0.0,E,8
09/30/2011,16:00,691.338,1362.12,283.39,1,8,101.889,1,8,231.721,1,8,34006.8,1,8,9679.411,1,8,25489.261,1,8,145.447,1,8,-9900,?,9,-9900,?,9,22.34,E,8,14.31,E,8,60.0,E,8,1008.6016999999999,E,8,999.0,E,8,3.64,E,8,-9900,?,9,-9900,?,9,0.0,E,8,-9900,?,9,-9900,?,9,0.0,0.0,E,8
09/30/2011,17:00,389.938,1362.12,166.24,1,8,229.624,1,8,100.717,1,8,19948.8,1,8,21814.239,1,8,11078.877,1,8,112.351,1,8,-9900,?,9,-9900,?,9,21.92,E,8,14.38,E,8,61.0,E,8,1008.6016999999999,E,8,999.0,E,8,2.32,E,8,-9900,?,9,-9900,?,9,0.0,E,8,-9900,?,9,-9900,?,9,0.0,0.0,E,8
09/30/2011,18:00,67.593,1362.12,98.796,1,8,0.0,1,8,98.796,1,8,11855.52,1,8,0.0,1,8,10867.56,1,8,693.741,1,8,-9900,?,9,-9900,?,9,21.252,E,8,14.506,E,8,65.8,E,8,1008.6016999999999,E,8,999.0,E,8,2.39,E,8,-9900,?,9,-9900,?,9,0.001,E,8,-9900,?,9,-9900,?,9,0.01,99.0,E,8
09/30/2011,19:00,0.0,1362.12,42.118,1,8,0.0,1,8,0.0,1,8,5054.16,1,8,0.0,1,8,0.0,1,8,-0.0,1,8,-9900,?,9,-9900,?,9,20.672,E,8,14.612,E,8,69.0,E,8,1008.6016999999999,E,8,999.0,E,8,2.002,E,8,-9900,?,9,-9900,?,9,0.0012000000000000001,E,8,-9900,?,9,-9900,?,9,0.012,99.0,E,8
09/30/2011,20:00,0.0,1362.12,8.87,1,8,0.0,1,8,0.0,1,8,1064.4,1,8,0.0,1,8,0.0,1,8,-0.0,1,8,-9900,?,9,-9900,?,9,20.054,E,8,14.726,E,8,72.6,E,8,1008.6016999999999,E,8,999.0,E,8,1.878,E,8,-9900,?,9,-9900,?,9,0.0021999999999999997,E,8,-9900,?,9,-9900,?,9,0.022,99.0,E,8
09/30/2011,21:00,0.0,1362.12,0.0,1,8,0.0,1,8,0.0,1,8,0.0,1,8,0.0,1,8,0.0,1,8,-0.0,1,8,-9900,?,9,-9900,?,9,19.44,E,8,14.838,E,8,74.6,E,8,1008.6016999999999,E,8,999.0,E,8,1.7,E,8,-9900,?,9,-9900,?,9,0.0018,E,8,-9900,?,9,-9900,?,9,0.018,99.0,E,8
09/30/2011,22:00,0.0,1362.12,0.0,1,8,0.0,1,8,0.0,1,8,0.0,1,8,0.0,1,8,0.0,1,8,-0.0,1,8,-9900,?,9,-9900,?,9,19.214,E,8,15.418,E,8,78.2,E,8,1008.6016999999999,E,8,999.0,E,8,1.538,E,8,-9900,?,9,-9900,?,9,0.008799999999999999,E,8,-9900,?,9,-9900,?,9,0.088,99.0,E,8
09/30/2011,23:00,0.0,1362.12,0.0,1,8,0.0,1,8,0.0,1,8,0.0,1,8,0.0,1,8,0.0,1,8,-0.0,1,8,-9900,?,9,-9900,?,9,19.058,E,8,15.968,E,8,82.4,E,8,1008.6016999999999,E,8,999.0,E,8,1.376,E,8,-9900,?,9,-9900,?,9,0.0194,E,8,-9900,?,9,-9900,?,9,0.194,99.0,E,8
09/30/2022,24:00,0.0,1362.12,0.0,1,8,0.0,1,8,0.0,1,8,0.0,1,8,0.0,1,8,0.0,1,8,-0.0,1,8,-9900,?,9,-9900,?,9,18.97,E,8,16.49,E,8,85.4,E,8,1008.6016999999999,E,8,999.0,E,8,1.214,E,8,-9900,?,9,-9900,?,9,0.0248,E,8,-9900,?,9,-9900,?,9,0.248,99.0,E,8
10/01/2022,01:00,0.0,1362.12,0.0,1,8,0.0,1,8,0.0,1,8,0.0,1,8,0.0,1,8,0.0,1,8,-0.0,1,8,-9900,?,9,-9900,?,9,18.95,E,8,16.984,E,8,88.0,E,8,1008.6016999999999,E,8,999.0,E,8,1.052,E,8,-9900,?,9,-9900,?,9,0.027800000000000002,E,8,-9900,?,9,-9900,?,9,0.278,99.0,E,8
10/01/2022,02:00,0.0,1362.12,0.0,1,8,0.0,1,8,0.0,1,8,0.0,1,8,0.0,1,8,0.0,1,8,-0.0,1,8,-9900,?,9,-9900,?,9,18.998,E,8,17.45,E,8,91.2,E,8,1008.6016999999999,E,8,999.0,E,8,0.89,E,8,-9900,?,9,-9900,?,9,0.0308,E,8,-9900,?,9,-9900,?,9,0.308,99.0,E,8
10/01/2022,03:00,0.0,1362.12,0.0,1,8,0.0,1,8,0.0,1,8,0.0,1,8,0.0,1,8,0.0,1,8,-0.0,1,8,-9900,?,9,-9900,?,9,18.732,E,8,17.422,E,8,91.4,E,8,1008.6016999999999,E,8,999.0,E,8,0.89,E,8,-9900,?,9,-9900,?,9,0.023200000000000002,E,8,-9900,?,9,-9900,?,9,0.232,99.0,E,8
10/01/2022,04:00,0.0,1362.919,0.0,1,8,0.0,1,8,0.0,1,8,0.0,1,8,0.0,1,8,0.0,1,8,-0.0,1,8,-9900,?,9,-9900,?,9,18.484,E,8,17.396,E,8,92.4,E,8,1008.6016999999999,E,8,999.0,E,8,0.89,E,8,-9900,?,9,-9900,?,9,0.014799999999999999,E,8,-9900,?,9,-9900,?,9,0.148,99.0,E,8
10/01/2022,05:00,0.0,1362.919,5.09,1,8,0.0,1,8,0.0,1,8,610.8,1,8,0.0,1,8,0.0,1,8,-0.0,1,8,-9900,?,9,-9900,?,9,18.254,E,8,17.372,E,8,93.4,E,8,1008.6016999999999,E,8,999.0,E,8,0.89,E,8,-9900,?,9,-9900,?,9,0.0108,E,8,-9900,?,9,-9900,?,9,0.108,99.0,E,8
10/01/2022,06:00,3.329,1362.919,0.0,1,8,0.0,1,8,0.0,1,8,0.0,1,8,0.0,1,8,0.0,1,8,-0.0,1,8,-9900,?,9,-9900,?,9,18.03,E,8,17.35,E,8,95.0,E,8,1008.6016999999999,E,8,999.0,E,8,0.89,E,8,-9900,?,9,-9900,?,9,0.011,E,8,-9900,?,9,-9900,?,9,0.11,99.0,E,8
10/01/2022,07:00,321.79,1362.919,25.45,1,8,0.0,1,8,25.45,1,8,3054.0,1,8,0.0,1,8,2799.5,1,8,34.478,1,8,-9900,?,9,-9900,?,9,17.85,E,8,17.33,E,8,96.0,E,8,1008.6016999999999,E,8,999.0,E,8,0.89,E,8,-9900,?,9,-9900,?,9,0.008,E,8,-9900,?,9,-9900,?,9,0.08,99.0,E,8
10/01/2022,08:00,630.743,1362.919,158.16,1,8,7.046,1,8,154.903,1,8,18979.2,1,8,669.359,1,8,17039.301,1,8,106.658,1,8,-9900,?,9,-9900,?,9,19.22,E,8,17.47,E,8,90.0,E,8,1008.6016999999999,E,8,999.0,E,8,0.89,E,8,-9900,?,9,-9900,?,9,0.004,E,8,-9900,?,9,-9900,?,9,0.04,99.0,E,8
10/01/2022,09:00,899.123,1362.919,294.54,1,8,32.584,1,8,273.052,1,8,35344.8,1,8,3095.5,1,8,30035.749,1,8,131.799,1,8,-9900,?,9,-9900,?,9,20.23,E,8,17.58,E,8,82.0,E,8,1008.6016999999999,E,8,999.0,E,8,1.03,E,8,-9900,?,9,-9900,?,9,0.0,E,8,-9900,?,9,-9900,?,9,0.0,0.0,E,8
10/01/2022,10:00,1108.23,1362.919,409.73,1,8,44.525,1,8,373.53,1,8,49167.6,1,8,4229.92,1,8,41088.35,1,8,146.245,1,8,-9900,?,9,-9900,?,9,21.16,E,8,17.68,E,8,83.0,E,8,1008.6016999999999,E,8,999.0,E,8,1.89,E,8,-9900,?,9,-9900,?,9,0.078,E,8,-9900,?,9,-9900,?,9,0.78,99.0,E,8
10/01/2022,11:00,1243.73,1362.919,493.45,1,8,74.066,1,8,425.865,1,8,59214.0,1,8,7036.272,1,8,46845.165,1,8,148.557,1,8,-9900,?,9,-9900,?,9,21.97,E,8,17.77,E,8,88.0,E,8,1008.6016999999999,E,8,999.0,E,8,3.01,E,8,-9900,?,9,-9900,?,9,1.8,E,8,-9900,?,9,-9900,?,9,18.0,99.0,E,8
10/01/2022,12:00,1296.366,1362.919,539.29,1,8,50.784,1,8,490.988,1,8,64714.8,1,8,4824.464,1,8,54008.627,1,8,164.315,1,8,-9900,?,9,-9900,?,9,22.62,E,8,17.83,E,8,78.0,E,8,1008.6016999999999,E,8,999.0,E,8,3.34,E,8,-9900,?,9,-9900,?,9,0.006,E,8,-9900,?,9,-9900,?,9,0.06,99.0,E,8
10/01/2022,13:00,1262.552,1362.919,543.88,1,8,59.793,1,8,488.493,1,8,65265.6,1,8,5680.324,1,8,53734.235,1,8,167.861,1,8,-9900,?,9,-9900,?,9,23.09,E,8,17.88,E,8,72.0,E,8,1008.6016999999999,E,8,999.0,E,8,3.68,E,8,-9900,?,9,-9900,?,9,0.0,E,8,-9900,?,9,-9900,?,9,0.0,0.0,E,8
10/01/2022,14:00,1144.611,1362.919,506.89,1,8,88.693,1,8,432.413,1,8,60826.8,1,8,8425.823,1,8,47565.407,1,8,163.913,1,8,-9900,?,9,-9900,?,9,23.38,E,8,17.91,E,8,71.0,E,8,1008.6016999999999,E,8,999.0,E,8,3.98,E,8,-9900,?,9,-9900,?,9,0.0,E,8,-9900,?,9,-9900,?,9,0.0,0.0,E,8
10/01/2022,15:00,950.622,1362.919,431.04,1,8,93.53,1,8,365.824,1,8,51724.8,1,8,8885.345,1,8,40240.647,1,8,167.001,1,8,-9900,?,9,-9900,?,9,23.48,E,8,17.92,E,8,71.0,E,8,1008.6016999999999,E,8,999.0,E,8,4.05,E,8,-9900,?,9,-9900,?,9,0.0,E,8,-9900,?,9,-9900,?,9,0.0,0.0,E,8
10/01/2022,16:00,693.89,1362.919,322.06,1,8,172.95,1,8,234.081,1,8,38647.2,1,8,16430.282,1,8,25748.918,1,8,146.474,1,8,-9900,?,9,-9900,?,9,23.34,E,8,17.91,E,8,75.0,E,8,1008.6016999999999,E,8,999.0,E,8,4.21,E,8,-9900,?,9,-9900,?,9,0.001,E,8,-9900,?,9,-9900,?,9,0.01,99.0,E,8
10/01/2022,17:00,392.207,1362.919,189.2,1,8,273.281,1,8,110.809,1,8,22704.0,1,8,25961.653,1,8,12188.987,1,8,122.961,1,8,-9900,?,9,-9900,?,9,22.92,E,8,17.87,E,8,72.0,E,8,1008.6016999999999,E,8,999.0,E,8,4.03,E,8,-9900,?,9,-9900,?,9,0.0,E,8,-9900,?,9,-9900,?,9,0.0,0.0,E,8
10/01/2022,18:00,69.634,1362.919,50.93,1,8,0.0,1,8,50.93,1,8,6111.6,1,8,0.0,1,8,5602.3,1,8,345.818,1,8,-9900,?,9,-9900,?,9,22.28,E,8,17.8,E,8,74.0,E,8,1008.6016999999999,E,8,999.0,E,8,3.09,E,8,-9900,?,9,-9900,?,9,0.0,E,8,-9900,?,9,-9900,?,9,0.0,0.0,E,8
10/01/2022,19:00,0.0,1362.919,0.0,1,8,0.0,1,8,0.0,1,8,0.0,1,8,0.0,1,8,0.0,1,8,-0.0,1,8,-9900,?,9,-9900,?,9,21.88,E,8,17.76,E,8,76.0,E,8,1008.6016999999999,E,8,999.0,E,8,2.16,E,8,-9900,?,9,-9900,?,9,0.0,E,8,-9900,?,9,-9900,?,9,0.0,0.0,E,8
10/01/2022,20:00,0.0,1362.919,0.0,1,8,0.0,1,8,0.0,1,8,0.0,1,8,0.0,1,8,0.0,1,8,-0.0,1,8,-9900,?,9,-9900,?,9,21.48,E,8,17.71,E,8,81.0,E,8,1008.6016999999999,E,8,999.0,E,8,1.62,E,8,-9900,?,9,-9900,?,9,0.002,E,8,-9900,?,9,-9900,?,9,0.02,99.0,E,8
10/01/2022,21:00,0.0,1362.919,0.0,1,8,0.0,1,8,0.0,1,8,0.0,1,8,0.0,1,8,0.0,1,8,-0.0,1,8,-9900,?,9,-9900,?,9,21.08,E,8,17.67,E,8,87.0,E,8,1008.6016999999999,E,8,999.0,E,8,1.04,E,8,-9900,?,9,-9900,?,9,0.136,E,8,-9900,?,9,-9900,?,9,1.36,99.0,E,8
10/01/2022,22:00,0.0,1362.919,0.0,1,8,0.0,1,8,0.0,1,8,0.0,1,8,0.0,1,8,0.0,1,8,-0.0,1,8,-9900,?,9,-9900,?,9,20.68,E,8,17.63,E,8,84.0,E,8,1008.6016999999999,E,8,999.0,E,8,0.89,E,8,-9900,?,9,-9900,?,9,0.001,E,8,-9900,?,9,-9900,?,9,0.01,99.0,E,8
10/01/2022,23:00,0.0,1362.919,0.0,1,8,0.0,1,8,0.0,1,8,0.0,1,8,0.0,1,8,0.0,1,8,-0.0,1,8,-9900,?,9,-9900,?,9,20.28,E,8,17.59,E,8,82.0,E,8,1008.6016999999999,E,8,999.0,E,8,0.89,E,8,-9900,?,9,-9900,?,9,0.0,E,8,-9900,?,9,-9900,?,9,0.0,0.0,E,8
10/01/2022,24:00,0.0,1362.919,0.0,1,8,0.0,1,8,0.0,1,8,0.0,1,8,0.0,1,8,0.0,1,8,-0.0,1,8,-9900,?,9,-9900,?,9,19.88,E,8,17.87,E,8,89.0,E,8,1008.6016999999999,E,8,999.0,E,8,0.8,E,8,-9900,?,9,-9900,?,9,0.086,E,8,-9900,?,9,-9900,?,9,0.86,99.0,E,8
10/02/2022,01:00,0.0,1362.919,0.0,1,8,0.0,1,8,0.0,1,8,0.0,1,8,0.0,1,8,0.0,1,8,-0.0,1,8,-9900,?,9,-9900,?,9,19.68,E,8,17.89,E,8,90.0,E,8,1008.6016999999999,E,8,999.0,E,8,0.8,E,8,-9900,?,9,-9900,?,9,0.01,E,8,-9900,?,9,-9900,?,9,0.1,99.0,E,8
10/02/2022,02:00,0.0,1362.919,0.0,1,8,0.0,1,8,0.0,1,8,0.0,1,8,0.0,1,8,0.0,1,8,-0.0,1,8,-9900,?,9,-9900,?,9,19.48,E,8,17.91,E,8,91.0,E,8,1008.6016999999999,E,8,999.0,E,8,0.8,E,8,-9900,?,9,-9900,?,9,0.046,E,8,-9900,?,9,-9900,?,9,0.46,99.0,E,8
10/02/2022,03:00,0.0,1362.919,0.0,1,8,0.0,1,8,0.0,1,8,0.0,1,8,0.0,1,8,0.0,1,8,-0.0,1,8,-9900,?,9,-9900,?,9,19.27,E,8,17.93,E,8,92.0,E,8,1008.6016999999999,E,8,999.0,E,8,0.8,E,8,-9900,?,9,-9900,?,9,0.014000000000000002,E,8,-9900,?,9,-9900,?,9,0.14,99.0,E,8
10/02/2022,04:00,0.0,1363.72,0.0,1,8,0.0,1,8,0.0,1,8,0.0,1,8,0.0,1,8,0.0,1,8,-0.0,1,8,-9900,?,9,-9900,?,9,19.07,E,8,17.95,E,8,89.0,E,8,1008.6016999999999,E,8,999.0,E,8,0.8,E,8,-9900,?,9,-9900,?,9,0.0,E,8,-9900,?,9,-9900,?,9,0.0,0.0,E,8
10/02/2022,05:00,0.0,1363.72,0.0,1,8,0.0,1,8,0.0,1,8,0.0,1,8,0.0,1,8,0.0,1,8,-0.0,1,8,-9900,?,9,-9900,?,9,18.9,E,8,17.96,E,8,90.0,E,8,1008.6016999999999,E,8,999.0,E,8,0.8,E,8,-9900,?,9,-9900,?,9,0.0,E,8,-9900,?,9,-9900,?,9,0.0,0.0,E,8
10/02/2022,06:00,7.637,1363.72,0.0,1,8,0.0,1,8,0.0,1,8,0.0,1,8,0.0,1,8,0.0,1,8,-0.0,1,8,-9900,?,9,-9900,?,9,18.76,E,8,17.97,E,8,90.0,E,8,1008.6016999999999,E,8,999.0,E,8,0.8,E,8,-9900,?,9,-9900,?,9,0.0,E,8,-9900,?,9,-9900,?,9,0.0,0.0,E,8
10/02/2022,07:00,326.893,1363.72,29.74,1,8,0.0,1,8,29.74,1,8,3568.8,1,8,0.0,1,8,3271.4,1,8,39.678,1,8,-9900,?,9,-9900,?,9,18.63,E,8,17.99,E,8,96.0,E,8,1008.6016999999999,E,8,999.0,E,8,0.8,E,8,-9900,?,9,-9900,?,9,0.001,E,8,-9900,?,9,-9900,?,9,0.01,99.0,E,8
10/02/2022,08:00,635.755,1363.72,176.68,1,8,20.142,1,8,167.3,1,8,21201.6,1,8,1913.461,1,8,18402.999,1,8,114.351,1,8,-9900,?,9,-9900,?,9,20.14,E,8,17.85,E,8,83.0,E,8,1008.6016999999999,E,8,999.0,E,8,0.8,E,8,-9900,?,9,-9900,?,9,0.0,E,8,-9900,?,9,-9900,?,9,0.0,0.0,E,8
10/02/2022,09:00,903.913,1363.72,254.19,1,8,10.748,1,8,247.069,1,8,30502.8,1,8,1021.041,1,8,27177.558,1,8,118.694,1,8,-9900,?,9,-9900,?,9,20.87,E,8,17.79,E,8,84.0,E,8,1008.6016999999999,E,8,999.0,E,8,1.32,E,8,-9900,?,9,-9900,?,9,0.003,E,8,-9900,?,9,-9900,?,9,0.03,99.0,E,8
10/02/2022,10:00,1112.698,1363.72,298.05,1,8,10.145,1,8,289.774,1,8,35766.0,1,8,963.78,1,8,31875.094,1,8,113.063,1,8,-9900,?,9,-9900,?,9,21.4,E,8,17.74,E,8,77.0,E,8,1008.6016999999999,E,8,999.0,E,8,1.95,E,8,-9900,?,9,-9900,?,9,0.0,E,8,-9900,?,9,-9900,?,9,0.0,0.0,E,8
10/02/2022,11:00,1247.797,1363.72,445.15,1,8,63.26,1,8,387.271,1,8,53418.0,1,8,6009.658,1,8,42599.822,1,8,134.732,1,8,-9900,?,9,-9900,?,9,22.15,E,8,17.67,E,8,73.0,E,8,1008.6016999999999,E,8,999.0,E,8,2.46,E,8,-9900,?,9,-9900,?,9,0.0,E,8,-9900,?,9,-9900,?,9,0.0,0.0,E,8
10/02/2022,12:00,1299.982,1363.72,1043.72,1,8,503.062,1,8,564.184,1,8,125246.4,1,8,47790.928,1,8,62060.239,1,8,188.396,1,8,-9900,?,9,-9900,?,9,24.1,E,8,17.49,E,8,65.0,E,8,1008.6016999999999,E,8,999.0,E,8,3.15,E,8,-9900,?,9,-9900,?,9,0.0,E,8,-9900,?,9,-9900,?,9,0.0,0.0,E,8
10/02/2022,13:00,1265.698,1363.72,598.68,1,8,203.106,1,8,410.181,1,8,71841.6,1,8,19295.104,1,8,45119.956,1,8,140.683,1,8,-9900,?,9,-9900,?,9,24.57,E,8,17.45,E,8,64.0,E,8,1008.6016999999999,E,8,999.0,E,8,3.95,E,8,-9900,?,9,-9900,?,9,0.0,E,8,-9900,?,9,-9900,?,9,0.0,0.0,E,8
10/02/2022,14:00,1147.302,1363.72,470.47,1,8,91.448,1,8,393.544,1,8,56456.4,1,8,8687.561,1,8,43289.82,1,8,148.917,1,8,-9900,?,9,-9900,?,9,24.69,E,8,17.44,E,8,68.0,E,8,1008.6016999999999,E,8,999.0,E,8,4.36,E,8,-9900,?,9,-9900,?,9,0.006,E,8,-9900,?,9,-9900,?,9,0.06,99.0,E,8
10/02/2022,15:00,952.901,1363.72,424.9,1,8,130.886,1,8,333.472,1,8,50988.0,1,8,12434.145,1,8,36681.871,1,8,151.957,1,8,-9900,?,9,-9900,?,9,24.7,E,8,17.44,E,8,68.0,E,8,1008.6016999999999,E,8,999.0,E,8,4.04,E,8,-9900,?,9,-9900,?,9,0.03,E,8,-9900,?,9,-9900,?,9,0.3,99.0,E,8
10/02/2022,16:00,695.831,1363.72,377.75,1,8,350.827,1,8,198.891,1,8,45330.0,1,8,33328.563,1,8,21878.027,1,8,124.179,1,8,-9900,?,9,-9900,?,9,24.61,E,8,17.45,E,8,63.0,E,8,1008.6016999999999,E,8,999.0,E,8,4.11,E,8,-9900,?,9,-9900,?,9,0.0,E,8,-9900,?,9,-9900,?,9,0.0,0.0,E,8
10/02/2022,17:00,393.903,1363.72,209.26,1,8,371.628,1,8,102.257,1,8,25111.2,1,8,35304.698,1,8,11248.242,1,8,113.046,1,8,-9900,?,9,-9900,?,9,24.15,E,8,17.49,E,8,65.0,E,8,1008.6016999999999,E,8,999.0,E,8,3.65,E,8,-9900,?,9,-9900,?,9,0.0,E,8,-9900,?,9,-9900,?,9,0.0,0.0,E,8
10/02/2022,18:00,71.133,1363.72,56.68,1,8,0.0,1,8,56.68,1,8,6801.6,1,8,0.0,1,8,6234.8,1,8,375.839,1,8,-9900,?,9,-9900,?,9,23.46,E,8,17.55,E,8,68.0,E,8,1008.6016999999999,E,8,999.0,E,8,3.03,E,8,-9900,?,9,-9900,?,9,0.0,E,8,-9900,?,9,-9900,?,9,0.0,0.0,E,8
10/02/2022,19:00,0.0,1363.72,0.0,1,8,0.0,1,8,0.0,1,8,0.0,1,8,0.0,1,8,0.0,1,8,-0.0,1,8,-9900,?,9,-9900,?,9,22.87,E,8,17.61,E,8,70.0,E,8,1008.6016999999999,E,8,999.0,E,8,2.1,E,8,-9900,?,9,-9900,?,9,0.0,E,8,-9900,?,9,-9900,?,9,0.0,0.0,E,8
10/02/2022,20:00,0.0,1363.72,0.0,1,8,0.0,1,8,0.0,1,8,0.0,1,8,0.0,1,8,0.0,1,8,-0.0,1,8,-9900,?,9,-9900,?,9,22.28,E,8,17.66,E,8,77.0,E,8,1008.6016999999999,E,8,999.0,E,8,2.1,E,8,-9900,?,9,-9900,?,9,0.001,E,8,-9900,?,9,-9900,?,9,0.01,99.0,E,8
10/02/2022,21:00,0.0,1363.72,0.0,1,8,0.0,1,8,0.0,1,8,0.0,1,8,0.0,1,8,0.0,1,8,-0.0,1,8,-9900,?,9,-9900,?,9,21.68,E,8,17.71,E,8,80.0,E,8,1008.6016999999999,E,8,999.0,E,8,1.43,E,8,-9900,?,9,-9900,?,9,0.004,E,8,-9900,?,9,-9900,?,9,0.04,99.0,E,8
10/02/2022,22:00,0.0,1363.72,0.0,1,8,0.0,1,8,0.0,1,8,0.0,1,8,0.0,1,8,0.0,1,8,-0.0,1,8,-9900,?,9,-9900,?,9,21.09,E,8,17.77,E,8,83.0,E,8,1008.6016999999999,E,8,999.0,E,8,1.12,E,8,-9900,?,9,-9900,?,9,0.02,E,8,-9900,?,9,-9900,?,9,0.2,99.0,E,8
10/02/2022,23:00,0.0,1363.72,0.0,1,8,0.0,1,8,0.0,1,8,0.0,1,8,0.0,1,8,0.0,1,8,-0.0,1,8,-9900,?,9,-9900,?,9,20.5,E,8,17.82,E,8,94.0,E,8,1008.6016999999999,E,8,999.0,E,8,0.97,E,8,-9900,?,9,-9900,?,9,1.279,E,8,-9900,?,9,-9900,?,9,12.79,99.0,E,8
10/02/2022,24:00,0.0,1363.72,0.0,1,8,0.0,1,8,0.0,1,8,0.0,1,8,0.0,1,8,0.0,1,8,-0.0,1,8,-9900,?,9,-9900,?,9,19.91,E,8,16.62,E,8,82.0,E,8,1008.6016999999999,E,8,999.0,E,8,0.85,E,8,-9900,?,9,-9900,?,9,0.005,E,8,-9900,?,9,-9900,?,9,0.05,99.0,E,8
10/03/2022,01:00,0.0,1363.72,0.0,1,8,0.0,1,8,0.0,1,8,0.0,1,8,0.0,1,8,0.0,1,8,-0.0,1,8,-9900,?,9,-9900,?,9,19.61,E,8,16.7,E,8,84.0,E,8,1008.6016999999999,E,8,999.0,E,8,0.85,E,8,-9900,?,9,-9900,?,9,0.009,E,8,-9900,?,9,-9900,?,9,0.09,99.0,E,8
10/03/2022,02:00,0.0,1363.72,0.0,1,8,0.0,1,8,0.0,1,8,0.0,1,8,0.0,1,8,0.0,1,8,-0.0,1,8,-9900,?,9,-9900,?,9,19.31,E,8,16.77,E,8,85.0,E,8,1008.6016999999999,E,8,999.0,E,8,0.85,E,8,-9900,?,9,-9900,?,9,0.019,E,8,-9900,?,9,-9900,?,9,0.19,99.0,E,8
10/03/2022,03:00,0.0,1363.72,0.0,1,8,0.0,1,8,0.0,1,8,0.0,1,8,0.0,1,8,0.0,1,8,-0.0,1,8,-9900,?,9,-9900,?,9,19.02,E,8,16.84,E,8,83.0,E,8,1008.6016999999999,E,8,999.0,E,8,0.85,E,8,-9900,?,9,-9900,?,9,0.0,E,8,-9900,?,9,-9900,?,9,0.0,0.0,E,8
10/03/2022,04:00,0.0,1364.522,0.0,1,8,0.0,1,8,0.0,1,8,0.0,1,8,0.0,1,8,0.0,1,8,-0.0,1,8,-9900,?,9,-9900,?,9,18.72,E,8,16.92,E,8,93.0,E,8,1008.6016999999999,E,8,999.0,E,8,0.85,E,8,-9900,?,9,-9900,?,9,0.361,E,8,-9900,?,9,-9900,?,9,3.61,99.0,E,8
10/03/2022,05:00,0.0,1364.522,0.0,1,8,0.0,1,8,0.0,1,8,0.0,1,8,0.0,1,8,0.0,1,8,-0.0,1,8,-9900,?,9,-9900,?,9,18.46,E,8,16.98,E,8,91.0,E,8,1008.6016999999999,E,8,999.0,E,8,0.85,E,8,-9900,?,9,-9900,?,9,0.003,E,8,-9900,?,9,-9900,?,9,0.03,99.0,E,8
10/03/2022,06:00,11.973,1364.522,0.0,1,8,0.0,1,8,0.0,1,8,0.0,1,8,0.0,1,8,0.0,1,8,0.0,1,8,-9900,?,9,-9900,?,9,18.26,E,8,17.03,E,8,88.0,E,8,1008.6016999999999,E,8,999.0,E,8,0.85,E,8,-9900,?,9,-9900,?,9,0.0,E,8,-9900,?,9,-9900,?,9,0.0,0.0,E,8
10/03/2022,07:00,331.955,1364.522,44.76,1,8,0.0,1,8,44.76,1,8,5371.2,1,8,0.0,1,8,4923.6,1,8,58.833,1,8,-9900,?,9,-9900,?,9,18.07,E,8,17.08,E,8,89.0,E,8,1008.6016999999999,E,8,999.0,E,8,0.85,E,8,-9900,?,9,-9900,?,9,0.0,E,8,-9900,?,9,-9900,?,9,0.0,0.0,E,8
10/03/2022,08:00,640.712,1364.522,176.06,1,8,10.545,1,8,171.114,1,8,21127.2,1,8,1001.79,1,8,18822.5,1,8,116.118,1,8,-9900,?,9,-9900,?,9,19.43,E,8,16.74,E,8,80.0,E,8,1008.6016999999999,E,8,999.0,E,8,0.85,E,8,-9900,?,9,-9900,?,9,0.0,E,8,-9900,?,9,-9900,?,9,0.0,0.0,E,8
10/03/2022,09:00,908.642,1364.522,413.77,1,8,127.715,1,8,328.755,1,8,49652.4,1,8,12132.933,1,8,36163.08,1,8,157.207,1,8,-9900,?,9,-9900,?,9,20.67,E,8,16.43,E,8,74.0,E,8,1008.6016999999999,E,8,999.0,E,8,1.1,E,8,-9900,?,9,-9900,?,9,0.0,E,8,-9900,?,9,-9900,?,9,0.0,0.0,E,8
10/03/2022,10:00,1117.099,1364.522,726.59,1,8,494.313,1,8,321.967,1,8,87190.8,1,8,46959.72,1,8,35416.405,1,8,125.203,1,8,-9900,?,9,-9900,?,9,22.26,E,8,16.02,E,8,66.0,E,8,1008.6016999999999,E,8,999.0,E,8,2.07,E,8,-9900,?,9,-9900,?,9,0.0,E,8,-9900,?,9,-9900,?,9,0.0,0.0,E,8
10/03/2022,11:00,1251.797,1364.522,768.94,1,8,381.012,1,8,419.424,1,8,92272.8,1,8,36196.105,1,8,46136.591,1,8,145.537,1,8,-9900,?,9,-9900,?,9,23.32,E,8,15.75,E,8,61.0,E,8,1008.6016999999999,E,8,999.0,E,8,2.65,E,8,-9900,?,9,-9900,?,9,0.0,E,8,-9900,?,9,-9900,?,9,0.0,0.0,E,8
10/03/2022,12:00,1303.535,1364.522,646.15,1,8,218.698,1,8,437.232,1,8,77538.0,1,8,20776.308,1,8,48095.575,1,8,145.691,1,8,-9900,?,9,-9900,?,9,23.77,E,8,15.63,E,8,59.0,E,8,1008.6016999999999,E,8,999.0,E,8,3.54,E,8,-9900,?,9,-9900,?,9,0.0,E,8,-9900,?,9,-9900,?,9,0.0,0.0,E,8
10/03/2022,13:00,1268.791,1364.522,779.59,1,8,378.108,1,8,428.026,1,8,93550.8,1,8,35920.229,1,8,47082.813,1,8,146.531,1,8,-9900,?,9,-9900,?,9,24.33,E,8,15.48,E,8,57.0,E,8,1008.6016999999999,E,8,999.0,E,8,4.11,E,8,-9900,?,9,-9900,?,9,0.0,E,8,-9900,?,9,-9900,?,9,0.0,0.0,E,8
10/03/2022,14:00,1149.95,1364.522,810.18,1,8,624.396,1,8,284.034,1,8,97221.6,1,8,59317.58,1,8,31243.752,1,8,107.294,1,8,-9900,?,9,-9900,?,9,24.79,E,8,15.36,E,8,55.0,E,8,1008.6016999999999,E,8,999.0,E,8,4.31,E,8,-9900,?,9,-9900,?,9,0.0,E,8,-9900,?,9,-9900,?,9,0.0,0.0,E,8
10/03/2022,15:00,955.153,1364.522,645.23,1,8,589.508,1,8,232.706,1,8,77427.6,1,8,56003.286,1,8,25597.649,1,8,105.852,1,8,-9900,?,9,-9900,?,9,24.93,E,8,15.32,E,8,55.0,E,8,1008.6016999999999,E,8,999.0,E,8,3.82,E,8,-9900,?,9,-9900,?,9,0.0,E,8,-9900,?,9,-9900,?,9,0.0,0.0,E,8
10/03/2022,16:00,697.76,1364.522,539.45,1,8,681.545,1,8,191.224,1,8,64734.0,1,8,64746.74,1,8,21034.667,1,8,119.131,1,8,-9900,?,9,-9900,?,9,24.89,E,8,15.33,E,8,55.0,E,8,1008.6016999999999,E,8,999.0,E,8,4.03,E,8,-9900,?,9,-9900,?,9,0.0,E,8,-9900,?,9,-9900,?,9,0.0,0.0,E,8
10/03/2022,17:00,395.605,1364.522,308.06,1,8,640.611,1,8,122.916,1,8,36967.2,1,8,60858.08,1,8,13520.727,1,8,135.376,1,8,-9900,?,9,-9900,?,9,24.42,E,8,15.46,E,8,57.0,E,8,1008.6016999999999,E,8,999.0,E,8,3.67,E,8,-9900,?,9,-9900,?,9,0.0,E,8,-9900,?,9,-9900,?,9,0.0,0.0,E,8
10/03/2022,18:00,72.655,1364.522,104.02,1,8,0.0,1,8,104.02,1,8,12482.4,1,8,0.0,1,8,11442.2,1,8,673.751,1,8,-9900,?,9,-9900,?,9,23.67,E,8,15.66,E,8,64.0,E,8,1008.6016999999999,E,8,999.0,E,8,2.95,E,8,-9900,?,9,-9900,?,9,0.002,E,8,-9900,?,9,-9900,?,9,0.02,99.0,E,8
10/03/2022,19:00,0.0,1364.522,0.0,1,8,0.0,1,8,0.0,1,8,0.0,1,8,0.0,1,8,0.0,1,8,-0.0,1,8,-9900,?,9,-9900,?,9,23.08,E,8,15.81,E,8,62.0,E,8,1008.6016999999999,E,8,999.0,E,8,2.3,E,8,-9900,?,9,-9900,?,9,0.0,E,8,-9900,?,9,-9900,?,9,0.0,0.0,E,8
10/03/2022,20:00,0.0,1364.522,0.0,1,8,0.0,1,8,0.0,1,8,0.0,1,8,0.0,1,8,0.0,1,8,-0.0,1,8,-9900,?,9,-9900,?,9,22.48,E,8,15.97,E,8,69.0,E,8,1008.6016999999999,E,8,999.0,E,8,1.88,E,8,-9900,?,9,-9900,?,9,0.001,E,8,-9900,?,9,-9900,?,9,0.01,99.0,E,8
10/03/2022,21:00,0.0,1364.522,0.0,1,8,0.0,1,8,0.0,1,8,0.0,1,8,0.0,1,8,0.0,1,8,-0.0,1,8,-9900,?,9,-9900,?,9,21.89,E,8,16.12,E,8,67.0,E,8,1008.6016999999999,E,8,999.0,E,8,1.11,E,8,-9900,?,9,-9900,?,9,0.0,E,8,-9900,?,9,-9900,?,9,0.0,0.0,E,8
10/03/2022,22:00,0.0,1364.522,0.0,1,8,0.0,1,8,0.0,1,8,0.0,1,8,0.0,1,8,0.0,1,8,-0.0,1,8,-9900,?,9,-9900,?,9,21.29,E,8,16.27,E,8,70.0,E,8,1008.6016999999999,E,8,999.0,E,8,0.85,E,8,-9900,?,9,-9900,?,9,0.0,E,8,-9900,?,9,-9900,?,9,0.0,0.0,E,8
10/03/2022,23:00,0.0,1364.522,0.0,1,8,0.0,1,8,0.0,1,8,0.0,1,8,0.0,1,8,0.0,1,8,-0.0,1,8,-9900,?,9,-9900,?,9,20.7,E,8,16.42,E,8,73.0,E,8,1008.6016999999999,E,8,999.0,E,8,0.85,E,8,-9900,?,9,-9900,?,9,0.0,E,8,-9900,?,9,-9900,?,9,0.0,0.0,E,8
10/03/2022,24:00,0.0,1364.522,0.0,1,8,0.0,1,8,0.0,1,8,0.0,1,8,0.0,1,8,0.0,1,8,-0.0,1,8,-9900,?,9,-9900,?,9,20.1,E,8,18.04,E,8,83.0,E,8,1008.6016999999999,E,8,999.0,E,8,1.04,E,8,-9900,?,9,-9900,?,9,0.0,E,8,-9900,?,9,-9900,?,9,0.0,0.0,E,8
10/04/2022,01:00,0.0,1364.522,0.0,1,8,0.0,1,8,0.0,1,8,0.0,1,8,0.0,1,8,0.0,1,8,-0.0,1,8,-9900,?,9,-9900,?,9,19.81,E,8,18.0,E,8,84.0,E,8,1008.6016999999999,E,8,999.0,E,8,1.04,E,8,-9900,?,9,-9900,?,9,0.0,E,8,-9900,?,9,-9900,?,9,0.0,0.0,E,8
10/04/2022,02:00,0.0,1364.522,0.0,1,8,0.0,1,8,0.0,1,8,0.0,1,8,0.0,1,8,0.0,1,8,-0.0,1,8,-9900,?,9,-9900,?,9,19.51,E,8,17.95,E,8,85.0,E,8,1008.6016999999999,E,8,999.0,E,8,1.04,E,8,-9900,?,9,-9900,?,9,0.0,E,8,-9900,?,9,-9900,?,9,0.0,0.0,E,8
10/04/2022,03:00,0.0,1364.522,0.0,1,8,0.0,1,8,0.0,1,8,0.0,1,8,0.0,1,8,0.0,1,8,-0.0,1,8,-9900,?,9,-9900,?,9,19.21,E,8,17.9,E,8,86.0,E,8,1008.6016999999999,E,8,999.0,E,8,1.04,E,8,-9900,?,9,-9900,?,9,0.0,E,8,-9900,?,9,-9900,?,9,0.0,0.0,E,8
10/04/2022,04:00,0.0,1365.326,0.0,1,8,0.0,1,8,0.0,1,8,0.0,1,8,0.0,1,8,0.0,1,8,-0.0,1,8,-9900,?,9,-9900,?,9,18.91,E,8,17.86,E,8,91.0,E,8,1008.6016999999999,E,8,999.0,E,8,1.04,E,8,-9900,?,9,-9900,?,9,0.005,E,8,-9900,?,9,-9900,?,9,0.05,99.0,E,8
10/04/2022,05:00,0.0,1365.326,0.0,1,8,0.0,1,8,0.0,1,8,0.0,1,8,0.0,1,8,0.0,1,8,-0.0,1,8,-9900,?,9,-9900,?,9,18.65,E,8,17.82,E,8,92.0,E,8,1008.6016999999999,E,8,999.0,E,8,1.04,E,8,-9900,?,9,-9900,?,9,0.008,E,8,-9900,?,9,-9900,?,9,0.08,99.0,E,8
10/04/2022,06:00,16.336,1365.326,0.0,1,8,0.0,1,8,0.0,1,8,0.0,1,8,0.0,1,8,0.0,1,8,0.0,1,8,-9900,?,9,-9900,?,9,18.45,E,8,17.79,E,8,92.0,E,8,1008.6016999999999,E,8,999.0,E,8,1.04,E,8,-9900,?,9,-9900,?,9,0.031,E,8,-9900,?,9,-9900,?,9,0.31,99.0,E,8
10/04/2022,07:00,336.972,1365.326,24.96,1,8,0.0,1,8,24.96,1,8,2995.2,1,8,0.0,1,8,2745.6,1,8,32.334,1,8,-9900,?,9,-9900,?,9,18.26,E,8,17.76,E,8,96.0,E,8,1008.6016999999999,E,8,999.0,E,8,1.04,E,8,-9900,?,9,-9900,?,9,0.181,E,8,-9900,?,9,-9900,?,9,1.81,99.0,E,8
10/04/2022,08:00,645.613,1365.326,136.48,1,8,0.0,1,8,136.48,1,8,16377.6,1,8,0.0,1,8,15012.8,1,8,91.965,1,8,-9900,?,9,-9900,?,9,19.58,E,8,17.96,E,8,92.0,E,8,1008.6016999999999,E,8,999.0,E,8,1.04,E,8,-9900,?,9,-9900,?,9,0.10600000000000001,E,8,-9900,?,9,-9900,?,9,1.06,99.0,E,8
10/04/2022,09:00,913.305,1365.326,249.61,1,8,14.681,1,8,239.793,1,8,29953.2,1,8,1394.702,1,8,26377.227,1,8,114.147,1,8,-9900,?,9,-9900,?,9,20.49,E,8,18.1,E,8,85.0,E,8,1008.6016999999999,E,8,999.0,E,8,1.04,E,8,-9900,?,9,-9900,?,9,0.018,E,8,-9900,?,9,-9900,?,9,0.18,99.0,E,8
10/04/2022,10:00,1121.431,1365.326,344.91,1,8,22.169,1,8,326.704,1,8,41389.2,1,8,2106.054,1,8,35937.412,1,8,126.628,1,8,-9900,?,9,-9900,?,9,21.34,E,8,18.23,E,8,83.0,E,8,1008.6016999999999,E,8,999.0,E,8,1.89,E,8,-9900,?,9,-9900,?,9,0.01,E,8,-9900,?,9,-9900,?,9,0.1,99.0,E,8
10/04/2022,11:00,1255.729,1365.326,413.97,1,8,37.179,1,8,379.777,1,8,49676.4,1,8,3532.04,1,8,41775.46,1,8,131.444,1,8,-9900,?,9,-9900,?,9,22.08,E,8,18.34,E,8,81.0,E,8,1008.6016999999999,E,8,999.0,E,8,2.7,E,8,-9900,?,9,-9900,?,9,0.002,E,8,-9900,?,9,-9900,?,9,0.02,99.0,E,8
10/04/2022,12:00,1307.025,1365.326,451.5,1,8,41.936,1,8,411.355,1,8,54180.0,1,8,3983.952,1,8,45249.1,1,8,136.783,1,8,-9900,?,9,-9900,?,9,22.67,E,8,18.43,E,8,79.0,E,8,1008.6016999999999,E,8,999.0,E,8,2.95,E,8,-9900,?,9,-9900,?,9,0.001,E,8,-9900,?,9,-9900,?,9,0.01,99.0,E,8
10/04/2022,13:00,1271.828,1365.326,454.76,1,8,48.241,1,8,409.825,1,8,54571.2,1,8,4582.876,1,8,45080.722,1,8,140.048,1,8,-9900,?,9,-9900,?,9,23.1,E,8,18.49,E,8,74.0,E,8,1008.6016999999999,E,8,999.0,E,8,3.56,E,8,-9900,?,9,-9900,?,9,0.0,E,8,-9900,?,9,-9900,?,9,0.0,0.0,E,8
10/04/2022,14:00,1152.556,1365.326,423.51,1,8,42.343,1,8,387.77,1,8,50821.2,1,8,4022.586,1,8,42654.687,1,8,146.235,1,8,-9900,?,9,-9900,?,9,23.36,E,8,18.53,E,8,77.0,E,8,1008.6016999999999,E,8,999.0,E,8,4.13,E,8,-9900,?,9,-9900,?,9,0.004,E,8,-9900,?,9,-9900,?,9,0.04,99.0,E,8
10/04/2022,15:00,957.377,1365.326,360.05,1,8,36.554,1,8,334.426,1,8,43206.0,1,8,3472.656,1,8,36786.821,1,8,151.857,1,8,-9900,?,9,-9900,?,9,23.44,E,8,18.54,E,8,74.0,E,8,1008.6016999999999,E,8,999.0,E,8,4.06,E,8,-9900,?,9,-9900,?,9,0.0,E,8,-9900,?,9,-9900,?,9,0.0,0.0,E,8
10/04/2022,16:00,699.679,1365.326,269.18,1,8,80.332,1,8,228.047,1,8,32301.6,1,8,7631.564,1,8,25085.118,1,8,141.765,1,8,-9900,?,9,-9900,?,9,23.31,E,8,18.53,E,8,74.0,E,8,1008.6016999999999,E,8,999.0,E,8,3.84,E,8,-9900,?,9,-9900,?,9,0.0,E,8,-9900,?,9,-9900,?,9,0.0,0.0,E,8
10/04/2022,17:00,397.313,1365.326,158.58,1,8,162.145,1,8,111.542,1,8,19029.6,1,8,15403.791,1,8,12269.657,1,8,122.391,1,8,-9900,?,9,-9900,?,9,22.92,E,8,18.47,E,8,78.0,E,8,1008.6016999999999,E,8,999.0,E,8,3.46,E,8,-9900,?,9,-9900,?,9,0.001,E,8,-9900,?,9,-9900,?,9,0.01,99.0,E,8
10/04/2022,18:00,74.199,1365.326,43.5,1,8,0.0,1,8,43.5,1,8,5220.0,1,8,0.0,1,8,4785.0,1,8,275.288,1,8,-9900,?,9,-9900,?,9,22.33,E,8,18.38,E,8,80.0,E,8,1008.6016999999999,E,8,999.0,E,8,2.93,E,8,-9900,?,9,-9900,?,9,0.014000000000000002,E,8,-9900,?,9,-9900,?,9,0.14,99.0,E,8
10/04/2022,19:00,0.0,1365.326,0.0,1,8,0.0,1,8,0.0,1,8,0.0,1,8,0.0,1,8,0.0,1,8,-0.0,1,8,-9900,?,9,-9900,?,9,21.9,E,8,18.31,E,8,81.0,E,8,1008.6016999999999,E,8,999.0,E,8,2.32,E,8,-9900,?,9,-9900,?,9,0.024,E,8,-9900,?,9,-9900,?,9,0.24,99.0,E,8
10/04/2022,20:00,0.0,1365.326,0.0,1,8,0.0,1,8,0.0,1,8,0.0,1,8,0.0,1,8,0.0,1,8,-0.0,1,8,-9900,?,9,-9900,?,9,21.46,E,8,18.25,E,8,83.0,E,8,1008.6016999999999,E,8,999.0,E,8,1.56,E,8,-9900,?,9,-9900,?,9,0.04,E,8,-9900,?,9,-9900,?,9,0.4,99.0,E,8
10/04/2022,21:00,0.0,1365.326,0.0,1,8,0.0,1,8,0.0,1,8,0.0,1,8,0.0,1,8,0.0,1,8,-0.0,1,8,-9900,?,9,-9900,?,9,21.03,E,8,18.18,E,8,84.0,E,8,1008.6016999999999,E,8,999.0,E,8,1.04,E,8,-9900,?,9,-9900,?,9,0.054000000000000006,E,8,-9900,?,9,-9900,?,9,0.54,99.0,E,8
10/04/2022,22:00,0.0,1365.326,0.0,1,8,0.0,1,8,0.0,1,8,0.0,1,8,0.0,1,8,0.0,1,8,-0.0,1,8,-9900,?,9,-9900,?,9,20.6,E,8,18.12,E,8,85.0,E,8,1008.6016999999999,E,8,999.0,E,8,1.04,E,8,-9900,?,9,-9900,?,9,0.073,E,8,-9900,?,9,-9900,?,9,0.73,99.0,E,8
10/04/2022,23:00,0.0,1365.326,0.0,1,8,0.0,1,8,0.0,1,8,0.0,1,8,0.0,1,8,0.0,1,8,-0.0,1,8,-9900,?,9,-9900,?,9,20.16,E,8,18.05,E,8,93.0,E,8,1008.6016999999999,E,8,999.0,E,8,1.04,E,8,-9900,?,9,-9900,?,9,2.229,E,8,-9900,?,9,-9900,?,9,22.29,99.0,E,8
10/04/2022,24:00,0.0,1365.326,0.0,1,8,0.0,1,8,0.0,1,8,0.0,1,8,0.0,1,8,0.0,1,8,-0.0,1,8,-9900,?,9,-9900,?,9,19.73,E,8,17.85,E,8,91.0,E,8,1008.6016999999999,E,8,999.0,E,8,1.9,E,8,-9900,?,9,-9900,?,9,0.001,E,8,-9900,?,9,-9900,?,9,0.01,99.0,E,8
10/05/2022,01:00,0.0,1365.326,0.0,1,8,0.0,1,8,0.0,1,8,0.0,1,8,0.0,1,8,0.0,1,8,-0.0,1,8,-9900,?,9,-9900,?,9,19.51,E,8,17.88,E,8,92.0,E,8,1008.6016999999999,E,8,999.0,E,8,2.43,E,8,-9900,?,9,-9900,?,9,0.008,E,8,-9900,?,9,-9900,?,9,0.08,99.0,E,8
10/05/2022,02:00,0.0,1365.326,0.0,1,8,0.0,1,8,0.0,1,8,0.0,1,8,0.0,1,8,0.0,1,8,-0.0,1,8,-9900,?,9,-9900,?,9,19.29,E,8,17.91,E,8,93.0,E,8,1008.6016999999999,E,8,999.0,E,8,3.75,E,8,-9900,?,9,-9900,?,9,0.011,E,8,-9900,?,9,-9900,?,9,0.11,99.0,E,8
10/05/2022,03:00,0.0,1365.326,0.0,1,8,0.0,1,8,0.0,1,8,0.0,1,8,0.0,1,8,0.0,1,8,-0.0,1,8,-9900,?,9,-9900,?,9,19.08,E,8,17.94,E,8,95.0,E,8,1008.6016999999999,E,8,999.0,E,8,2.93,E,8,-9900,?,9,-9900,?,9,0.002,E,8,-9900,?,9,-9900,?,9,0.02,99.0,E,8
10/05/2022,04:00,0.0,1366.131,0.0,1,8,0.0,1,8,0.0,1,8,0.0,1,8,0.0,1,8,0.0,1,8,-0.0,1,8,-9900,?,9,-9900,?,9,18.86,E,8,17.97,E,8,91.0,E,8,1008.6016999999999,E,8,999.0,E,8,2.07,E,8,-9900,?,9,-9900,?,9,0.0,E,8,-9900,?,9,-9900,?,9,0.0,0.0,E,8
10/05/2022,05:00,0.0,1366.131,0.0,1,8,0.0,1,8,0.0,1,8,0.0,1,8,0.0,1,8,0.0,1,8,-0.0,1,8,-9900,?,9,-9900,?,9,18.67,E,8,17.99,E,8,97.0,E,8,1008.6016999999999,E,8,999.0,E,8,2.17,E,8,-9900,?,9,-9900,?,9,0.001,E,8,-9900,?,9,-9900,?,9,0.01,99.0,E,8
10/05/2022,06:00,20.723,1366.131,0.0,1,8,0.0,1,8,0.0,1,8,0.0,1,8,0.0,1,8,0.0,1,8,0.0,1,8,-9900,?,9,-9900,?,9,18.52,E,8,18.02,E,8,94.0,E,8,1008.6016999999999,E,8,999.0,E,8,2.15,E,8,-9900,?,9,-9900,?,9,0.0,E,8,-9900,?,9,-9900,?,9,0.0,0.0,E,8
10/05/2022,07:00,341.943,1366.131,25.72,1,8,0.0,1,8,25.72,1,8,3086.4,1,8,0.0,1,8,2829.2,1,8,32.849,1,8,-9900,?,9,-9900,?,9,18.38,E,8,18.03,E,8,95.0,E,8,1008.6016999999999,E,8,999.0,E,8,2.06,E,8,-9900,?,9,-9900,?,9,0.0,E,8,-9900,?,9,-9900,?,9,0.0,0.0,E,8
10/05/2022,08:00,650.454,1366.131,135.34,1,8,0.0,1,8,135.34,1,8,16240.8,1,8,0.0,1,8,14887.4,1,8,90.57,1,8,-9900,?,9,-9900,?,9,19.56,E,8,17.87,E,8,87.0,E,8,1008.6016999999999,E,8,999.0,E,8,1.83,E,8,-9900,?,9,-9900,?,9,0.0,E,8,-9900,?,9,-9900,?,9,0.0,0.0,E,8
10/05/2022,09:00,917.901,1366.131,246.11,1,8,13.529,1,8,237.023,1,8,29533.2,1,8,1285.216,1,8,26072.575,1,8,112.329,1,8,-9900,?,9,-9900,?,9,20.37,E,8,17.76,E,8,82.0,E,8,1008.6016999999999,E,8,999.0,E,8,1.83,E,8,-9900,?,9,-9900,?,9,0.0,E,8,-9900,?,9,-9900,?,9,0.0,0.0,E,8
10/05/2022,10:00,1125.692,1366.131,339.35,1,8,20.703,1,8,322.293,1,8,40722.0,1,8,1966.745,1,8,35452.278,1,8,124.519,1,8,-9900,?,9,-9900,?,9,21.11,E,8,17.66,E,8,78.0,E,8,1008.6016999999999,E,8,999.0,E,8,1.83,E,8,-9900,?,9,-9900,?,9,0.0,E,8,-9900,?,9,-9900,?,9,0.0,0.0,E,8
10/05/2022,11:00,1259.591,1366.131,406.84,1,8,34.746,1,8,374.805,1,8,48820.8,1,8,3300.887,1,8,41228.574,1,8,129.402,1,8,-9900,?,9,-9900,?,9,21.75,E,8,17.57,E,8,75.0,E,8,1008.6016999999999,E,8,999.0,E,8,1.83,E,8,-9900,?,9,-9900,?,9,0.0,E,8,-9900,?,9,-9900,?,9,0.0,0.0,E,8
10/05/2022,12:00,1310.451,1366.131,443.43,1,8,39.077,1,8,405.947,1,8,53211.6,1,8,3712.298,1,8,44654.147,1,8,134.711,1,8,-9900,?,9,-9900,?,9,22.27,E,8,17.5,E,8,72.0,E,8,1008.6016999999999,E,8,999.0,E,8,1.83,E,8,-9900,?,9,-9900,?,9,0.0,E,8,-9900,?,9,-9900,?,9,0.0,0.0,E,8
10/05/2022,13:00,1274.811,1366.131,446.45,1,8,44.725,1,8,404.717,1,8,53574.0,1,8,4248.856,1,8,44518.833,1,8,138.06,1,8,-9900,?,9,-9900,?,9,22.65,E,8,17.45,E,8,71.0,E,8,1008.6016999999999,E,8,999.0,E,8,1.83,E,8,-9900,?,9,-9900,?,9,0.0,E,8,-9900,?,9,-9900,?,9,0.0,0.0,E,8
10/05/2022,14:00,1155.12,1366.131,415.67,1,8,39.009,1,8,382.69,1,8,49880.4,1,8,3705.82,1,8,42095.95,1,8,144.083,1,8,-9900,?,9,-9900,?,9,22.88,E,8,17.42,E,8,74.0,E,8,1008.6016999999999,E,8,999.0,E,8,1.83,E,8,-9900,?,9,-9900,?,9,0.022,E,8,-9900,?,9,-9900,?,9,0.22,99.0,E,8
10/05/2022,15:00,959.575,1366.131,353.37,1,8,51.674,1,8,317.085,1,8,42404.4,1,8,4909.026,1,8,34879.349,1,8,143.738,1,8,-9900,?,9,-9900,?,9,22.95,E,8,17.41,E,8,74.0,E,8,1008.6016999999999,E,8,999.0,E,8,1.83,E,8,-9900,?,9,-9900,?,9,0.006,E,8,-9900,?,9,-9900,?,9,0.06,99.0,E,8
10/05/2022,16:00,701.588,1366.131,196.59,1,8,21.67,1,8,185.47,1,8,23590.8,1,8,2058.645,1,8,20401.734,1,8,115.051,1,8,-9900,?,9,-9900,?,9,22.66,E,8,17.45,E,8,70.0,E,8,1008.6016999999999,E,8,999.0,E,8,1.83,E,8,-9900,?,9,-9900,?,9,0.0,E,8,-9900,?,9,-9900,?,9,0.0,0.0,E,8
10/05/2022,17:00,399.028,1366.131,155.82,1,8,147.893,1,8,112.756,1,8,18698.4,1,8,14049.827,1,8,12403.156,1,8,123.26,1,8,-9900,?,9,-9900,?,9,22.33,E,8,17.49,E,8,77.0,E,8,1008.6016999999999,E,8,999.0,E,8,1.83,E,8,-9900,?,9,-9900,?,9,0.065,E,8,-9900,?,9,-9900,?,9,0.65,99.0,E,8
10/05/2022,18:00,75.767,1366.131,43.02,1,8,0.0,1,8,43.02,1,8,5162.4,1,8,0.0,1,8,4732.2,1,8,266.059,1,8,-9900,?,9,-9900,?,9,21.83,E,8,17.56,E,8,89.0,E,8,1008.6016999999999,E,8,999.0,E,8,1.83,E,8,-9900,?,9,-9900,?,9,1.576,E,8,-9900,?,9,-9900,?,9,15.76,99.0,E,8
10/05/2022,19:00,0.0,1366.131,0.0,1,8,0.0,1,8,0.0,1,8,0.0,1,8,0.0,1,8,0.0,1,8,-0.0,1,8,-9900,?,9,-9900,?,9,21.42,E,8,17.62,E,8,86.0,E,8,1008.6016999999999,E,8,999.0,E,8,1.83,E,8,-9900,?,9,-9900,?,9,0.11499999999999999,E,8,-9900,?,9,-9900,?,9,1.15,99.0,E,8
10/05/2022,20:00,0.0,1366.131,0.0,1,8,0.0,1,8,0.0,1,8,0.0,1,8,0.0,1,8,0.0,1,8,-0.0,1,8,-9900,?,9,-9900,?,9,21.02,E,8,17.67,E,8,83.0,E,8,1008.6016999999999,E,8,999.0,E,8,1.83,E,8,-9900,?,9,-9900,?,9,0.004,E,8,-9900,?,9,-9900,?,9,0.04,99.0,E,8
10/05/2022,21:00,0.0,1366.131,0.0,1,8,0.0,1,8,0.0,1,8,0.0,1,8,0.0,1,8,0.0,1,8,-0.0,1,8,-9900,?,9,-9900,?,9,20.61,E,8,17.73,E,8,86.0,E,8,1008.6016999999999,E,8,999.0,E,8,1.83,E,8,-9900,?,9,-9900,?,9,0.03,E,8,-9900,?,9,-9900,?,9,0.3,99.0,E,8
10/05/2022,22:00,0.0,1366.131,0.0,1,8,0.0,1,8,0.0,1,8,0.0,1,8,0.0,1,8,0.0,1,8,-0.0,1,8,-9900,?,9,-9900,?,9,20.21,E,8,17.79,E,8,88.0,E,8,1008.6016999999999,E,8,999.0,E,8,1.83,E,8,-9900,?,9,-9900,?,9,0.016,E,8,-9900,?,9,-9900,?,9,0.16,99.0,E,8
10/05/2022,23:00,0.0,1366.131,0.0,1,8,0.0,1,8,0.0,1,8,0.0,1,8,0.0,1,8,0.0,1,8,-0.0,1,8,-9900,?,9,-9900,?,9,19.8,E,8,17.84,E,8,90.0,E,8,1008.6016999999999,E,8,999.0,E,8,1.83,E,8,-9900,?,9,-9900,?,9,0.043,E,8,-9900,?,9,-9900,?,9,0.43,99.0,E,8
10/05/2022,24:00,0.0,1366.131,0.0,1,8,0.0,1,8,0.0,1,8,0.0,1,8,0.0,1,8,0.0,1,8,-0.0,1,8,-9900,?,9,-9900,?,9,19.4,E,8,17.34,E,8,87.0,E,8,1008.6016999999999,E,8,999.0,E,8,1.29,E,8,-9900,?,9,-9900,?,9,0.001,E,8,-9900,?,9,-9900,?,9,0.01,99.0,E,8
10/06/2022,01:00,0.0,1366.131,0.0,1,8,0.0,1,8,0.0,1,8,0.0,1,8,0.0,1,8,0.0,1,8,-0.0,1,8,-9900,?,9,-9900,?,9,19.19,E,8,17.27,E,8,84.0,E,8,1008.6016999999999,E,8,999.0,E,8,1.29,E,8,-9900,?,9,-9900,?,9,0.0,E,8,-9900,?,9,-9900,?,9,0.0,0.0,E,8
10/06/2022,02:00,0.0,1366.131,0.0,1,8,0.0,1,8,0.0,1,8,0.0,1,8,0.0,1,8,0.0,1,8,-0.0,1,8,-9900,?,9,-9900,?,9,18.99,E,8,17.2,E,8,88.0,E,8,1008.6016999999999,E,8,999.0,E,8,1.29,E,8,-9900,?,9,-9900,?,9,0.009,E,8,-9900,?,9,-9900,?,9,0.09,99.0,E,8
10/06/2022,03:00,0.0,1366.131,0.0,1,8,0.0,1,8,0.0,1,8,0.0,1,8,0.0,1,8,0.0,1,8,-0.0,1,8,-9900,?,9,-9900,?,9,18.79,E,8,17.13,E,8,92.0,E,8,1008.6016999999999,E,8,999.0,E,8,1.29,E,8,-9900,?,9,-9900,?,9,0.10600000000000001,E,8,-9900,?,9,-9900,?,9,1.06,99.0,E,8
10/06/2022,04:00,0.0,1366.936,0.0,1,8,0.0,1,8,0.0,1,8,0.0,1,8,0.0,1,8,0.0,1,8,-0.0,1,8,-9900,?,9,-9900,?,9,18.59,E,8,17.06,E,8,85.0,E,8,1008.6016999999999,E,8,999.0,E,8,1.29,E,8,-9900,?,9,-9900,?,9,0.0,E,8,-9900,?,9,-9900,?,9,0.0,0.0,E,8
10/06/2022,05:00,0.0,1366.936,0.0,1,8,0.0,1,8,0.0,1,8,0.0,1,8,0.0,1,8,0.0,1,8,-0.0,1,8,-9900,?,9,-9900,?,9,18.41,E,8,17.0,E,8,86.0,E,8,1008.6016999999999,E,8,999.0,E,8,1.29,E,8,-9900,?,9,-9900,?,9,0.0,E,8,-9900,?,9,-9900,?,9,0.0,0.0,E,8
10/06/2022,06:00,25.128,1366.936,0.0,1,8,0.0,1,8,0.0,1,8,0.0,1,8,0.0,1,8,0.0,1,8,0.0,1,8,-9900,?,9,-9900,?,9,18.27,E,8,16.95,E,8,90.0,E,8,1008.6016999999999,E,8,999.0,E,8,1.29,E,8,-9900,?,9,-9900,?,9,0.004,E,8,-9900,?,9,-9900,?,9,0.04,99.0,E,8
10/06/2022,07:00,346.862,1366.936,37.76,1,8,0.0,1,8,37.76,1,8,4531.2,1,8,0.0,1,8,4153.6,1,8,47.565,1,8,-9900,?,9,-9900,?,9,18.14,E,8,16.91,E,8,86.0,E,8,1008.6016999999999,E,8,999.0,E,8,1.29,E,8,-9900,?,9,-9900,?,9,0.0,E,8,-9900,?,9,-9900,?,9,0.0,0.0,E,8
10/06/2022,08:00,655.233,1366.936,93.82,1,8,0.0,1,8,93.82,1,8,11258.4,1,8,0.0,1,8,10320.2,1,8,62.363,1,8,-9900,?,9,-9900,?,9,19.13,E,8,17.25,E,8,87.0,E,8,1008.6016999999999,E,8,999.0,E,8,1.29,E,8,-9900,?,9,-9900,?,9,0.006,E,8,-9900,?,9,-9900,?,9,0.06,99.0,E,8
10/06/2022,09:00,922.427,1366.936,336.51,1,8,92.066,1,8,274.404,1,8,40381.2,1,8,8746.284,1,8,30184.479,1,8,129.482,1,8,-9900,?,9,-9900,?,9,20.49,E,8,17.71,E,8,84.0,E,8,1008.6016999999999,E,8,999.0,E,8,1.29,E,8,-9900,?,9,-9900,?,9,0.003,E,8,-9900,?,9,-9900,?,9,0.03,99.0,E,8
10/06/2022,10:00,1129.881,1366.936,619.61,1,8,329.2,1,8,347.537,1,8,74353.2,1,8,31273.982,1,8,38229.115,1,8,133.852,1,8,-9900,?,9,-9900,?,9,22.23,E,8,18.27,E,8,76.0,E,8,1008.6016999999999,E,8,999.0,E,8,1.29,E,8,-9900,?,9,-9900,?,9,0.0,E,8,-9900,?,9,-9900,?,9,0.0,0.0,E,8
10/06/2022,11:00,1263.382,1366.936,360.27,1,8,31.24,1,8,331.398,1,8,43232.4,1,8,2967.775,1,8,36453.817,1,8,114.14,1,8,-9900,?,9,-9900,?,9,22.5,E,8,18.36,E,8,79.0,E,8,1008.6016999999999,E,8,999.0,E,8,1.29,E,8,-9900,?,9,-9900,?,9,0.027000000000000003,E,8,-9900,?,9,-9900,?,9,0.27,99.0,E,8
10/06/2022,12:00,1313.812,1366.936,622.06,1,8,140.358,1,8,487.16,1,8,74647.2,1,8,13334.049,1,8,53587.571,1,8,161.342,1,8,-9900,?,9,-9900,?,9,23.33,E,8,18.62,E,8,73.0,E,8,1008.6016999999999,E,8,999.0,E,8,1.29,E,8,-9900,?,9,-9900,?,9,0.0,E,8,-9900,?,9,-9900,?,9,0.0,0.0,E,8
10/06/2022,13:00,1277.739,1366.936,626.04,1,8,100.006,1,8,532.564,1,8,75124.8,1,8,9500.543,1,8,58582.035,1,8,181.362,1,8,-9900,?,9,-9900,?,9,23.93,E,8,18.81,E,8,72.0,E,8,1008.6016999999999,E,8,999.0,E,8,1.65,E,8,-9900,?,9,-9900,?,9,0.0,E,8,-9900,?,9,-9900,?,9,0.0,0.0,E,8
10/06/2022,14:00,1157.643,1366.936,582.75,1,8,147.434,1,8,457.904,1,8,69930.0,1,8,14006.215,1,8,50369.49,1,8,172.127,1,8,-9900,?,9,-9900,?,9,24.31,E,8,18.93,E,8,71.0,E,8,1008.6016999999999,E,8,999.0,E,8,2.83,E,8,-9900,?,9,-9900,?,9,0.0,E,8,-9900,?,9,-9900,?,9,0.0,0.0,E,8
10/06/2022,15:00,961.747,1366.936,495.37,1,8,153.162,1,8,387.641,1,8,59444.4,1,8,14550.424,1,8,42640.464,1,8,175.427,1,8,-9900,?,9,-9900,?,9,24.45,E,8,18.97,E,8,71.0,E,8,1008.6016999999999,E,8,999.0,E,8,3.18,E,8,-9900,?,9,-9900,?,9,0.0,E,8,-9900,?,9,-9900,?,9,0.0,0.0,E,8
10/06/2022,16:00,703.488,1366.936,370.5,1,8,314.392,1,8,208.831,1,8,44460.0,1,8,29867.263,1,8,22971.387,1,8,129.267,1,8,-9900,?,9,-9900,?,9,24.32,E,8,18.93,E,8,71.0,E,8,1008.6016999999999,E,8,999.0,E,8,3.86,E,8,-9900,?,9,-9900,?,9,0.0,E,8,-9900,?,9,-9900,?,9,0.0,0.0,E,8
10/06/2022,17:00,400.752,1366.936,218.71,1,8,401.969,1,8,101.224,1,8,26245.2,1,8,38187.015,1,8,11134.631,1,8,110.24,1,8,-9900,?,9,-9900,?,9,23.87,E,8,18.79,E,8,76.0,E,8,1008.6016999999999,E,8,999.0,E,8,4.01,E,8,-9900,?,9,-9900,?,9,0.059,E,8,-9900,?,9,-9900,?,9,0.59,99.0,E,8
10/06/2022,18:00,77.361,1366.936,60.76,1,8,176.279,1,8,51.478,1,8,7291.2,1,8,16746.493,1,8,5662.567,1,8,311.189,1,8,-9900,?,9,-9900,?,9,23.15,E,8,18.57,E,8,78.0,E,8,1008.6016999999999,E,8,999.0,E,8,4.03,E,8,-9900,?,9,-9900,?,9,0.001,E,8,-9900,?,9,-9900,?,9,0.01,99.0,E,8
10/06/2022,19:00,0.0,1366.936,0.0,1,8,0.0,1,8,0.0,1,8,0.0,1,8,0.0,1,8,0.0,1,8,-0.0,1,8,-9900,?,9,-9900,?,9,22.59,E,8,18.39,E,8,79.0,E,8,1008.6016999999999,E,8,999.0,E,8,3.43,E,8,-9900,?,9,-9900,?,9,0.013000000000000001,E,8,-9900,?,9,-9900,?,9,0.13,99.0,E,8
10/06/2022,20:00,0.0,1366.936,0.0,1,8,0.0,1,8,0.0,1,8,0.0,1,8,0.0,1,8,0.0,1,8,-0.0,1,8,-9900,?,9,-9900,?,9,22.02,E,8,18.21,E,8,80.0,E,8,1008.6016999999999,E,8,999.0,E,8,2.84,E,8,-9900,?,9,-9900,?,9,0.038,E,8,-9900,?,9,-9900,?,9,0.38,99.0,E,8
10/06/2022,21:00,0.0,1366.936,0.0,1,8,0.0,1,8,0.0,1,8,0.0,1,8,0.0,1,8,0.0,1,8,-0.0,1,8,-9900,?,9,-9900,?,9,21.46,E,8,18.03,E,8,78.0,E,8,1008.6016999999999,E,8,999.0,E,8,1.78,E,8,-9900,?,9,-9900,?,9,0.0,E,8,-9900,?,9,-9900,?,9,0.0,0.0,E,8
10/06/2022,22:00,0.0,1366.936,0.0,1,8,0.0,1,8,0.0,1,8,0.0,1,8,0.0,1,8,0.0,1,8,-0.0,1,8,-9900,?,9,-9900,?,9,20.9,E,8,17.84,E,8,83.0,E,8,1008.6016999999999,E,8,999.0,E,8,1.32,E,8,-9900,?,9,-9900,?,9,0.019,E,8,-9900,?,9,-9900,?,9,0.19,99.0,E,8
10/06/2022,23:00,0.0,1366.936,0.0,1,8,0.0,1,8,0.0,1,8,0.0,1,8,0.0,1,8,0.0,1,8,-0.0,1,8,-9900,?,9,-9900,?,9,20.33,E,8,17.65,E,8,92.0,E,8,1008.6016999999999,E,8,999.0,E,8,1.29,E,8,-9900,?,9,-9900,?,9,1.514,E,8,-9900,?,9,-9900,?,9,15.14,99.0,E,8
10/06/2022,24:00,0.0,1366.936,0.0,1,8,0.0,1,8,0.0,1,8,0.0,1,8,0.0,1,8,0.0,1,8,-0.0,1,8,-9900,?,9,-9900,?,9,19.77,E,8,16.31,E,8,80.0,E,8,1008.6016999999999,E,8,999.0,E,8,0.86,E,8,-9900,?,9,-9900,?,9,0.0,E,8,-9900,?,9,-9900,?,9,0.0,0.0,E,8
10/07/2022,01:00,0.0,1366.936,0.0,1,8,0.0,1,8,0.0,1,8,0.0,1,8,0.0,1,8,0.0,1,8,-0.0,1,8,-9900,?,9,-9900,?,9,19.49,E,8,16.25,E,8,81.0,E,8,1008.6016999999999,E,8,999.0,E,8,0.86,E,8,-9900,?,9,-9900,?,9,0.0,E,8,-9900,?,9,-9900,?,9,0.0,0.0,E,8
10/07/2022,02:00,0.0,1366.936,0.0,1,8,0.0,1,8,0.0,1,8,0.0,1,8,0.0,1,8,0.0,1,8,-0.0,1,8,-9900,?,9,-9900,?,9,19.21,E,8,16.19,E,8,82.0,E,8,1008.6016999999999,E,8,999.0,E,8,0.86,E,8,-9900,?,9,-9900,?,9,0.0,E,8,-9900,?,9,-9900,?,9,0.0,0.0,E,8
10/07/2022,03:00,0.0,1366.936,0.0,1,8,0.0,1,8,0.0,1,8,0.0,1,8,0.0,1,8,0.0,1,8,-0.0,1,8,-9900,?,9,-9900,?,9,18.93,E,8,16.13,E,8,83.0,E,8,1008.6016999999999,E,8,999.0,E,8,0.86,E,8,-9900,?,9,-9900,?,9,0.0,E,8,-9900,?,9,-9900,?,9,0.0,0.0,E,8
10/07/2022,04:00,0.0,1367.743,0.0,1,8,0.0,1,8,0.0,1,8,0.0,1,8,0.0,1,8,0.0,1,8,-0.0,1,8,-9900,?,9,-9900,?,9,18.64,E,8,16.06,E,8,84.0,E,8,1008.6016999999999,E,8,999.0,E,8,0.86,E,8,-9900,?,9,-9900,?,9,0.0,E,8,-9900,?,9,-9900,?,9,0.0,0.0,E,8
10/07/2022,05:00,0.0,1367.743,0.0,1,8,0.0,1,8,0.0,1,8,0.0,1,8,0.0,1,8,0.0,1,8,-0.0,1,8,-9900,?,9,-9900,?,9,18.39,E,8,16.01,E,8,85.0,E,8,1008.6016999999999,E,8,999.0,E,8,0.86,E,8,-9900,?,9,-9900,?,9,0.0,E,8,-9900,?,9,-9900,?,9,0.0,0.0,E,8
10/07/2022,06:00,29.545,1367.743,0.0,1,8,0.0,1,8,0.0,1,8,0.0,1,8,0.0,1,8,0.0,1,8,0.0,1,8,-9900,?,9,-9900,?,9,18.21,E,8,15.97,E,8,86.0,E,8,1008.6016999999999,E,8,999.0,E,8,0.86,E,8,-9900,?,9,-9900,?,9,0.0,E,8,-9900,?,9,-9900,?,9,0.0,0.0,E,8
10/07/2022,07:00,351.728,1367.743,35.48,1,8,0.0,1,8,35.48,1,8,4257.6,1,8,0.0,1,8,3902.8,1,8,44.095,1,8,-9900,?,9,-9900,?,9,18.02,E,8,15.93,E,8,87.0,E,8,1008.6016999999999,E,8,999.0,E,8,0.86,E,8,-9900,?,9,-9900,?,9,0.0,E,8,-9900,?,9,-9900,?,9,0.0,0.0,E,8
10/07/2022,08:00,659.947,1367.743,259.52,1,8,92.801,1,8,214.786,1,8,31142.4,1,8,8816.06,1,8,23626.47,1,8,141.831,1,8,-9900,?,9,-9900,?,9,19.8,E,8,16.32,E,8,80.0,E,8,1008.6016999999999,E,8,999.0,E,8,0.86,E,8,-9900,?,9,-9900,?,9,0.0,E,8,-9900,?,9,-9900,?,9,0.0,0.0,E,8
10/07/2022,09:00,926.881,1367.743,477.82,1,8,193.826,1,8,346.515,1,8,57338.4,1,8,18413.498,1,8,38116.62,1,8,162.818,1,8,-9900,?,9,-9900,?,9,21.13,E,8,16.6,E,8,75.0,E,8,1008.6016999999999,E,8,999.0,E,8,1.49,E,8,-9900,?,9,-9900,?,9,0.0,E,8,-9900,?,9,-9900,?,9,0.0,0.0,E,8
10/07/2022,10:00,1133.995,1367.743,562.04,1,8,198.852,1,8,397.194,1,8,67444.8,1,8,18890.905,1,8,43691.359,1,8,152.512,1,8,-9900,?,9,-9900,?,9,22.05,E,8,16.8,E,8,72.0,E,8,1008.6016999999999,E,8,999.0,E,8,2.39,E,8,-9900,?,9,-9900,?,9,0.0,E,8,-9900,?,9,-9900,?,9,0.0,0.0,E,8
10/07/2022,11:00,1267.1,1367.743,722.58,1,8,318.922,1,8,427.139,1,8,86709.6,1,8,30297.627,1,8,46985.308,1,8,146.769,1,8,-9900,?,9,-9900,?,9,22.98,E,8,16.99,E,8,68.0,E,8,1008.6016999999999,E,8,999.0,E,8,3.05,E,8,-9900,?,9,-9900,?,9,0.0,E,8,-9900,?,9,-9900,?,9,0.0,0.0,E,8
10/07/2022,12:00,1317.107,1367.743,815.98,1,8,444.059,1,8,388.37,1,8,97917.6,1,8,42185.645,1,8,42720.705,1,8,128.378,1,8,-9900,?,9,-9900,?,9,23.8,E,8,17.16,E,8,66.0,E,8,1008.6016999999999,E,8,999.0,E,8,3.66,E,8,-9900,?,9,-9900,?,9,0.0,E,8,-9900,?,9,-9900,?,9,0.0,0.0,E,8
10/07/2022,13:00,1280.613,1367.743,866.88,1,8,560.353,1,8,342.245,1,8,104025.6,1,8,53233.503,1,8,37647.004,1,8,116.357,1,8,-9900,?,9,-9900,?,9,24.47,E,8,17.3,E,8,64.0,E,8,1008.6016999999999,E,8,999.0,E,8,4.29,E,8,-9900,?,9,-9900,?,9,0.0,E,8,-9900,?,9,-9900,?,9,0.0,0.0,E,8
10/07/2022,14:00,1160.124,1367.743,670.55,1,8,324.1,1,8,395.679,1,8,80466.0,1,8,30789.522,1,8,43524.636,1,8,148.505,1,8,-9900,?,9,-9900,?,9,24.67,E,8,17.34,E,8,63.0,E,8,1008.6016999999999,E,8,999.0,E,8,4.6,E,8,-9900,?,9,-9900,?,9,0.0,E,8,-9900,?,9,-9900,?,9,0.0,0.0,E,8
10/07/2022,15:00,963.894,1367.743,631.38,1,8,606.662,1,8,203.972,1,8,75765.6,1,8,57632.863,1,8,22436.966,1,8,92.156,1,8,-9900,?,9,-9900,?,9,24.78,E,8,17.36,E,8,63.0,E,8,1008.6016999999999,E,8,999.0,E,8,4.13,E,8,-9900,?,9,-9900,?,9,0.0,E,8,-9900,?,9,-9900,?,9,0.0,0.0,E,8
10/07/2022,16:00,705.381,1367.743,415.82,1,8,462.788,1,8,177.341,1,8,49898.4,1,8,43964.821,1,8,19507.505,1,8,109.545,1,8,-9900,?,9,-9900,?,9,24.48,E,8,17.3,E,8,64.0,E,8,1008.6016999999999,E,8,999.0,E,8,4.08,E,8,-9900,?,9,-9900,?,9,0.0,E,8,-9900,?,9,-9900,?,9,0.0,0.0,E,8
10/07/2022,17:00,402.486,1367.743,252.16,1,8,506.935,1,8,103.438,1,8,30259.2,1,8,48158.789,1,8,11378.151,1,8,112.229,1,8,-9900,?,9,-9900,?,9,23.93,E,8,17.19,E,8,65.0,E,8,1008.6016999999999,E,8,999.0,E,8,3.21,E,8,-9900,?,9,-9900,?,9,0.0,E,8,-9900,?,9,-9900,?,9,0.0,0.0,E,8
10/07/2022,18:00,78.982,1367.743,62.45,1,8,216.183,1,8,50.806,1,8,7494.0,1,8,20537.36,1,8,5588.682,1,8,300.257,1,8,-9900,?,9,-9900,?,9,23.15,E,8,17.03,E,8,68.0,E,8,1008.6016999999999,E,8,999.0,E,8,2.52,E,8,-9900,?,9,-9900,?,9,0.0,E,8,-9900,?,9,-9900,?,9,0.0,0.0,E,8
10/07/2022,19:00,0.0,1367.743,0.0,1,8,0.0,1,8,0.0,1,8,0.0,1,8,0.0,1,8,0.0,1,8,-0.0,1,8,-9900,?,9,-9900,?,9,22.6,E,8,16.91,E,8,70.0,E,8,1008.6016999999999,E,8,999.0,E,8,1.69,E,8,-9900,?,9,-9900,?,9,0.0,E,8,-9900,?,9,-9900,?,9,0.0,0.0,E,8
10/07/2022,20:00,0.0,1367.743,0.0,1,8,0.0,1,8,0.0,1,8,0.0,1,8,0.0,1,8,0.0,1,8,-0.0,1,8,-9900,?,9,-9900,?,9,22.04,E,8,16.79,E,8,72.0,E,8,1008.6016999999999,E,8,999.0,E,8,1.46,E,8,-9900,?,9,-9900,?,9,0.0,E,8,-9900,?,9,-9900,?,9,0.0,0.0,E,8
10/07/2022,21:00,0.0,1367.743,0.0,1,8,0.0,1,8,0.0,1,8,0.0,1,8,0.0,1,8,0.0,1,8,-0.0,1,8,-9900,?,9,-9900,?,9,21.49,E,8,16.68,E,8,74.0,E,8,1008.6016999999999,E,8,999.0,E,8,0.86,E,8,-9900,?,9,-9900,?,9,0.0,E,8,-9900,?,9,-9900,?,9,0.0,0.0,E,8
10/07/2022,22:00,0.0,1367.743,0.0,1,8,0.0,1,8,0.0,1,8,0.0,1,8,0.0,1,8,0.0,1,8,-0.0,1,8,-9900,?,9,-9900,?,9,20.93,E,8,16.56,E,8,76.0,E,8,1008.6016999999999,E,8,999.0,E,8,0.86,E,8,-9900,?,9,-9900,?,9,0.0,E,8,-9900,?,9,-9900,?,9,0.0,0.0,E,8
10/07/2022,23:00,0.0,1367.743,0.0,1,8,0.0,1,8,0.0,1,8,0.0,1,8,0.0,1,8,0.0,1,8,-0.0,1,8,-9900,?,9,-9900,?,9,20.38,E,8,16.44,E,8,78.0,E,8,1008.6016999999999,E,8,999.0,E,8,0.86,E,8,-9900,?,9,-9900,?,9,0.0,E,8,-9900,?,9,-9900,?,9,0.0,0.0,E,8
10/07/2022,24:00,0.0,1367.743,0.0,1,8,0.0,1,8,0.0,1,8,0.0,1,8,0.0,1,8,0.0,1,8,-0.0,1,8,-9900,?,9,-9900,?,9,19.82,E,8,15.75,E,8,77.0,E,8,1008.6016999999999,E,8,999.0,E,8,1.09,E,8,-9900,?,9,-9900,?,9,0.0,E,8,-9900,?,9,-9900,?,9,0.0,0.0,E,8
10/08/2022,01:00,0.0,1367.743,0.0,1,8,0.0,1,8,0.0,1,8,0.0,1,8,0.0,1,8,0.0,1,8,-0.0,1,8,-9900,?,9,-9900,?,9,19.54,E,8,15.69,E,8,78.0,E,8,1008.6016999999999,E,8,999.0,E,8,1.09,E,8,-9900,?,9,-9900,?,9,0.0,E,8,-9900,?,9,-9900,?,9,0.0,0.0,E,8
10/08/2022,02:00,0.0,1367.743,0.0,1,8,0.0,1,8,0.0,1,8,0.0,1,8,0.0,1,8,0.0,1,8,-0.0,1,8,-9900,?,9,-9900,?,9,19.27,E,8,15.64,E,8,79.0,E,8,1008.6016999999999,E,8,999.0,E,8,1.09,E,8,-9900,?,9,-9900,?,9,0.0,E,8,-9900,?,9,-9900,?,9,0.0,0.0,E,8
10/08/2022,03:00,0.0,1367.743,0.0,1,8,0.0,1,8,0.0,1,8,0.0,1,8,0.0,1,8,0.0,1,8,-0.0,1,8,-9900,?,9,-9900,?,9,18.99,E,8,15.58,E,8,80.0,E,8,1008.6016999999999,E,8,999.0,E,8,1.09,E,8,-9900,?,9,-9900,?,9,0.0,E,8,-9900,?,9,-9900,?,9,0.0,0.0,E,8
10/08/2022,04:00,0.0,1368.55,0.0,1,8,0.0,1,8,0.0,1,8,0.0,1,8,0.0,1,8,0.0,1,8,-0.0,1,8,-9900,?,9,-9900,?,9,18.71,E,8,15.52,E,8,81.0,E,8,1008.6016999999999,E,8,999.0,E,8,1.09,E,8,-9900,?,9,-9900,?,9,0.0,E,8,-9900,?,9,-9900,?,9,0.0,0.0,E,8
10/08/2022,05:00,0.0,1368.55,0.0,1,8,0.0,1,8,0.0,1,8,0.0,1,8,0.0,1,8,0.0,1,8,-0.0,1,8,-9900,?,9,-9900,?,9,18.46,E,8,15.47,E,8,82.0,E,8,1008.6016999999999,E,8,999.0,E,8,1.09,E,8,-9900,?,9,-9900,?,9,0.0,E,8,-9900,?,9,-9900,?,9,0.0,0.0,E,8
10/08/2022,06:00,33.965,1368.55,0.0,1,8,0.0,1,8,0.0,1,8,0.0,1,8,0.0,1,8,0.0,1,8,0.0,1,8,-9900,?,9,-9900,?,9,18.28,E,8,15.43,E,8,83.0,E,8,1008.6016999999999,E,8,999.0,E,8,1.09,E,8,-9900,?,9,-9900,?,9,0.0,E,8,-9900,?,9,-9900,?,9,0.0,0.0,E,8
10/08/2022,07:00,356.537,1368.55,58.68,1,8,0.0,1,8,58.68,1,8,7041.6,1,8,0.0,1,8,6454.8,1,8,71.98,1,8,-9900,?,9,-9900,?,9,18.1,E,8,15.39,E,8,84.0,E,8,1008.6016999999999,E,8,999.0,E,8,1.09,E,8,-9900,?,9,-9900,?,9,0.0,E,8,-9900,?,9,-9900,?,9,0.0,0.0,E,8
10/08/2022,08:00,664.593,1368.55,293.63,1,8,148.936,1,8,221.372,1,8,35235.6,1,8,14148.928,1,8,24350.964,1,8,145.241,1,8,-9900,?,9,-9900,?,9,20.09,E,8,15.8,E,8,76.0,E,8,1008.6016999999999,E,8,999.0,E,8,1.09,E,8,-9900,?,9,-9900,?,9,0.0,E,8,-9900,?,9,-9900,?,9,0.0,0.0,E,8
10/08/2022,09:00,931.261,1368.55,522.36,1,8,311.613,1,8,310.388,1,8,62683.2,1,8,29603.213,1,8,34142.684,1,8,145.242,1,8,-9900,?,9,-9900,?,9,21.39,E,8,16.07,E,8,71.0,E,8,1008.6016999999999,E,8,999.0,E,8,1.09,E,8,-9900,?,9,-9900,?,9,0.0,E,8,-9900,?,9,-9900,?,9,0.0,0.0,E,8
10/08/2022,10:00,1138.034,1368.55,702.32,1,8,420.535,1,8,352.665,1,8,84278.4,1,8,39950.827,1,8,38793.143,1,8,135.013,1,8,-9900,?,9,-9900,?,9,22.55,E,8,16.3,E,8,67.0,E,8,1008.6016999999999,E,8,999.0,E,8,1.18,E,8,-9900,?,9,-9900,?,9,0.0,E,8,-9900,?,9,-9900,?,9,0.0,0.0,E,8
10/08/2022,11:00,1270.746,1368.55,833.28,1,8,502.214,1,8,366.979,1,8,99993.6,1,8,47710.284,1,8,40367.703,1,8,125.81,1,8,-9900,?,9,-9900,?,9,23.54,E,8,16.49,E,8,64.0,E,8,1008.6016999999999,E,8,999.0,E,8,1.63,E,8,-9900,?,9,-9900,?,9,0.0,E,8,-9900,?,9,-9900,?,9,0.0,0.0,E,8
10/08/2022,12:00,1320.337,1368.55,901.46,1,8,526.059,1,8,393.945,1,8,108175.2,1,8,49975.607,1,8,43333.911,1,8,129.978,1,8,-9900,?,9,-9900,?,9,24.33,E,8,16.65,E,8,62.0,E,8,1008.6016999999999,E,8,999.0,E,8,2.58,E,8,-9900,?,9,-9900,?,9,0.0,E,8,-9900,?,9,-9900,?,9,0.0,0.0,E,8
10/08/2022,13:00,1283.432,1368.55,878.43,1,8,551.19,1,8,361.543,1,8,105411.6,1,8,52363.032,1,8,39769.699,1,8,122.72,1,8,-9900,?,9,-9900,?,9,24.85,E,8,16.75,E,8,60.0,E,8,1008.6016999999999,E,8,999.0,E,8,3.16,E,8,-9900,?,9,-9900,?,9,0.0,E,8,-9900,?,9,-9900,?,9,0.0,0.0,E,8
10/08/2022,14:00,1162.566,1368.55,751.65,1,8,518.491,1,8,311.248,1,8,90198.0,1,8,49256.692,1,8,34237.256,1,8,116.64,1,8,-9900,?,9,-9900,?,9,25.07,E,8,16.79,E,8,60.0,E,8,1008.6016999999999,E,8,999.0,E,8,3.75,E,8,-9900,?,9,-9900,?,9,0.0,E,8,-9900,?,9,-9900,?,9,0.0,0.0,E,8
10/08/2022,15:00,966.018,1368.55,672.49,1,8,715.571,1,8,167.539,1,8,80698.8,1,8,67979.261,1,8,18429.303,1,8,75.574,1,8,-9900,?,9,-9900,?,9,25.14,E,8,16.8,E,8,59.0,E,8,1008.6016999999999,E,8,999.0,E,8,4.55,E,8,-9900,?,9,-9900,?,9,0.0,E,8,-9900,?,9,-9900,?,9,0.0,0.0,E,8
10/08/2022,16:00,707.269,1368.55,453.44,1,8,646.508,1,8,119.592,1,8,54412.8,1,8,61418.295,1,8,13155.102,1,8,73.719,1,8,-9900,?,9,-9900,?,9,24.81,E,8,16.74,E,8,60.0,E,8,1008.6016999999999,E,8,999.0,E,8,4.44,E,8,-9900,?,9,-9900,?,9,0.0,E,8,-9900,?,9,-9900,?,9,0.0,0.0,E,8
10/08/2022,17:00,404.232,1368.55,242.09,1,8,495.735,1,8,96.105,1,8,29050.8,1,8,47094.821,1,8,10571.569,1,8,103.882,1,8,-9900,?,9,-9900,?,9,24.17,E,8,16.61,E,8,62.0,E,8,1008.6016999999999,E,8,999.0,E,8,4.27,E,8,-9900,?,9,-9900,?,9,0.0,E,8,-9900,?,9,-9900,?,9,0.0,0.0,E,8
10/08/2022,18:00,80.63,1368.55,56.36,1,8,310.096,1,8,39.278,1,8,6763.2,1,8,29459.081,1,8,4320.631,1,8,226.973,1,8,-9900,?,9,-9900,?,9,23.35,E,8,16.45,E,8,65.0,E,8,1008.6016999999999,E,8,999.0,E,8,2.98,E,8,-9900,?,9,-9900,?,9,0.0,E,8,-9900,?,9,-9900,?,9,0.0,0.0,E,8
10/08/2022,19:00,0.0,1368.55,0.0,1,8,0.0,1,8,0.0,1,8,0.0,1,8,0.0,1,8,0.0,1,8,-0.0,1,8,-9900,?,9,-9900,?,9,22.77,E,8,16.34,E,8,67.0,E,8,1008.6016999999999,E,8,999.0,E,8,2.33,E,8,-9900,?,9,-9900,?,9,0.0,E,8,-9900,?,9,-9900,?,9,0.0,0.0,E,8
10/08/2022,20:00,0.0,1368.55,0.0,1,8,0.0,1,8,0.0,1,8,0.0,1,8,0.0,1,8,0.0,1,8,-0.0,1,8,-9900,?,9,-9900,?,9,22.19,E,8,16.23,E,8,68.0,E,8,1008.6016999999999,E,8,999.0,E,8,1.79,E,8,-9900,?,9,-9900,?,9,0.0,E,8,-9900,?,9,-9900,?,9,0.0,0.0,E,8
10/08/2022,21:00,0.0,1368.55,0.0,1,8,0.0,1,8,0.0,1,8,0.0,1,8,0.0,1,8,0.0,1,8,-0.0,1,8,-9900,?,9,-9900,?,9,21.61,E,8,16.11,E,8,70.0,E,8,1008.6016999999999,E,8,999.0,E,8,1.17,E,8,-9900,?,9,-9900,?,9,0.0,E,8,-9900,?,9,-9900,?,9,0.0,0.0,E,8
10/08/2022,22:00,0.0,1368.55,0.0,1,8,0.0,1,8,0.0,1,8,0.0,1,8,0.0,1,8,0.0,1,8,-0.0,1,8,-9900,?,9,-9900,?,9,21.04,E,8,16.0,E,8,72.0,E,8,1008.6016999999999,E,8,999.0,E,8,1.09,E,8,-9900,?,9,-9900,?,9,0.0,E,8,-9900,?,9,-9900,?,9,0.0,0.0,E,8
10/08/2022,23:00,0.0,1368.55,0.0,1,8,0.0,1,8,0.0,1,8,0.0,1,8,0.0,1,8,0.0,1,8,-0.0,1,8,-9900,?,9,-9900,?,9,20.46,E,8,15.88,E,8,74.0,E,8,1008.6016999999999,E,8,999.0,E,8,1.09,E,8,-9900,?,9,-9900,?,9,0.0,E,8,-9900,?,9,-9900,?,9,0.0,0.0,E,8
10/08/2022,24:00,0.0,1368.55,0.0,1,8,0.0,1,8,0.0,1,8,0.0,1,8,0.0,1,8,0.0,1,8,-0.0,1,8,-9900,?,9,-9900,?,9,19.88,E,8,16.91,E,8,88.0,E,8,1008.6016999999999,E,8,999.0,E,8,1.32,E,8,-9900,?,9,-9900,?,9,0.014000000000000002,E,8,-9900,?,9,-9900,?,9,0.14,99.0,E,8
10/09/2022,01:00,0.0,1368.55,0.0,1,8,0.0,1,8,0.0,1,8,0.0,1,8,0.0,1,8,0.0,1,8,-0.0,1,8,-9900,?,9,-9900,?,9,19.59,E,8,16.95,E,8,89.0,E,8,1008.6016999999999,E,8,999.0,E,8,1.32,E,8,-9900,?,9,-9900,?,9,0.001,E,8,-9900,?,9,-9900,?,9,0.01,99.0,E,8
10/09/2022,02:00,0.0,1368.55,0.0,1,8,0.0,1,8,0.0,1,8,0.0,1,8,0.0,1,8,0.0,1,8,-0.0,1,8,-9900,?,9,-9900,?,9,19.3,E,8,16.99,E,8,91.0,E,8,1008.6016999999999,E,8,999.0,E,8,1.32,E,8,-9900,?,9,-9900,?,9,0.004,E,8,-9900,?,9,-9900,?,9,0.04,99.0,E,8
10/09/2022,03:00,0.0,1368.55,0.0,1,8,0.0,1,8,0.0,1,8,0.0,1,8,0.0,1,8,0.0,1,8,-0.0,1,8,-9900,?,9,-9900,?,9,19.01,E,8,17.04,E,8,93.0,E,8,1008.6016999999999,E,8,999.0,E,8,1.32,E,8,-9900,?,9,-9900,?,9,0.002,E,8,-9900,?,9,-9900,?,9,0.02,99.0,E,8
10/09/2022,04:00,0.0,1369.357,0.0,1,8,0.0,1,8,0.0,1,8,0.0,1,8,0.0,1,8,0.0,1,8,-0.0,1,8,-9900,?,9,-9900,?,9,18.72,E,8,17.08,E,8,90.0,E,8,1008.6016999999999,E,8,999.0,E,8,1.32,E,8,-9900,?,9,-9900,?,9,0.0,E,8,-9900,?,9,-9900,?,9,0.0,0.0,E,8
10/09/2022,05:00,0.0,1369.357,0.0,1,8,0.0,1,8,0.0,1,8,0.0,1,8,0.0,1,8,0.0,1,8,-0.0,1,8,-9900,?,9,-9900,?,9,18.46,E,8,17.11,E,8,91.0,E,8,1008.6016999999999,E,8,999.0,E,8,1.32,E,8,-9900,?,9,-9900,?,9,0.0,E,8,-9900,?,9,-9900,?,9,0.0,0.0,E,8
10/09/2022,06:00,38.382,1369.357,0.0,1,8,0.0,1,8,0.0,1,8,0.0,1,8,0.0,1,8,0.0,1,8,0.0,1,8,-9900,?,9,-9900,?,9,18.27,E,8,17.14,E,8,93.0,E,8,1008.6016999999999,E,8,999.0,E,8,1.32,E,8,-9900,?,9,-9900,?,9,0.0,E,8,-9900,?,9,-9900,?,9,0.0,0.0,E,8
10/09/2022,07:00,361.286,1369.357,75.55,1,8,0.0,1,8,75.55,1,8,9066.0,1,8,0.0,1,8,8310.5,1,8,91.499,1,8,-9900,?,9,-9900,?,9,18.08,E,8,17.17,E,8,94.0,E,8,1008.6016999999999,E,8,999.0,E,8,1.32,E,8,-9900,?,9,-9900,?,9,0.0,E,8,-9900,?,9,-9900,?,9,0.0,0.0,E,8
10/09/2022,08:00,669.169,1369.357,315.48,1,8,234.571,1,8,200.958,1,8,37857.6,1,8,22284.265,1,8,22105.384,1,8,131.021,1,8,-9900,?,9,-9900,?,9,20.38,E,8,16.84,E,8,80.0,E,8,1008.6016999999999,E,8,999.0,E,8,1.32,E,8,-9900,?,9,-9900,?,9,0.0,E,8,-9900,?,9,-9900,?,9,0.0,0.0,E,8
10/09/2022,09:00,935.565,1369.357,512.62,1,8,285.352,1,8,317.729,1,8,61514.4,1,8,27108.437,1,8,34950.146,1,8,148.079,1,8,-9900,?,9,-9900,?,9,21.63,E,8,16.66,E,8,73.0,E,8,1008.6016999999999,E,8,999.0,E,8,1.32,E,8,-9900,?,9,-9900,?,9,0.0,E,8,-9900,?,9,-9900,?,9,0.0,0.0,E,8
10/09/2022,10:00,1141.995,1369.357,689.0,1,8,360.309,1,8,388.554,1,8,82680.0,1,8,34229.346,1,8,42740.929,1,8,148.323,1,8,-9900,?,9,-9900,?,9,22.77,E,8,16.49,E,8,67.0,E,8,1008.6016999999999,E,8,999.0,E,8,1.81,E,8,-9900,?,9,-9900,?,9,0.0,E,8,-9900,?,9,-9900,?,9,0.0,0.0,E,8
10/09/2022,11:00,1274.318,1369.357,779.94,1,8,395.345,1,8,412.05,1,8,93592.8,1,8,37557.82,1,8,45325.484,1,8,140.948,1,8,-9900,?,9,-9900,?,9,23.66,E,8,16.36,E,8,63.0,E,8,1008.6016999999999,E,8,999.0,E,8,2.43,E,8,-9900,?,9,-9900,?,9,0.0,E,8,-9900,?,9,-9900,?,9,0.0,0.0,E,8
10/09/2022,12:00,1323.5,1369.357,878.01,1,8,496.486,1,8,398.16,1,8,105361.2,1,8,47166.139,1,8,43797.638,1,8,131.132,1,8,-9900,?,9,-9900,?,9,24.46,E,8,16.24,E,8,60.0,E,8,1008.6016999999999,E,8,999.0,E,8,3.17,E,8,-9900,?,9,-9900,?,9,0.0,E,8,-9900,?,9,-9900,?,9,0.0,0.0,E,8
10/09/2022,13:00,1286.196,1369.357,851.91,1,8,508.067,1,8,374.716,1,8,102229.2,1,8,48266.398,1,8,41218.776,1,8,126.993,1,8,-9900,?,9,-9900,?,9,24.98,E,8,16.16,E,8,58.0,E,8,1008.6016999999999,E,8,999.0,E,8,3.11,E,8,-9900,?,9,-9900,?,9,0.0,E,8,-9900,?,9,-9900,?,9,0.0,0.0,E,8
10/09/2022,14:00,1164.969,1369.357,724.79,1,8,422.672,1,8,365.246,1,8,86974.8,1,8,40153.862,1,8,40177.011,1,8,136.674,1,8,-9900,?,9,-9900,?,9,25.18,E,8,16.13,E,8,57.0,E,8,1008.6016999999999,E,8,999.0,E,8,3.12,E,8,-9900,?,9,-9900,?,9,0.0,E,8,-9900,?,9,-9900,?,9,0.0,0.0,E,8
10/09/2022,15:00,968.12,1369.357,614.71,1,8,520.033,1,8,247.16,1,8,73765.2,1,8,49403.163,1,8,27187.631,1,8,111.312,1,8,-9900,?,9,-9900,?,9,25.2,E,8,16.13,E,8,57.0,E,8,1008.6016999999999,E,8,999.0,E,8,4.58,E,8,-9900,?,9,-9900,?,9,0.0,E,8,-9900,?,9,-9900,?,9,0.0,0.0,E,8
10/09/2022,16:00,709.152,1369.357,451.44,1,8,558.562,1,8,162.407,1,8,54172.8,1,8,53063.402,1,8,17864.806,1,8,99.903,1,8,-9900,?,9,-9900,?,9,24.89,E,8,16.18,E,8,58.0,E,8,1008.6016999999999,E,8,999.0,E,8,3.82,E,8,-9900,?,9,-9900,?,9,0.0,E,8,-9900,?,9,-9900,?,9,0.0,0.0,E,8
10/09/2022,17:00,405.991,1369.357,292.07,1,8,510.973,1,8,141.028,1,8,35048.4,1,8,48542.447,1,8,15513.132,1,8,151.865,1,8,-9900,?,9,-9900,?,9,24.35,E,8,16.26,E,8,60.0,E,8,1008.6016999999999,E,8,999.0,E,8,3.27,E,8,-9900,?,9,-9900,?,9,0.0,E,8,-9900,?,9,-9900,?,9,0.0,0.0,E,8
10/09/2022,18:00,82.309,1369.357,68.37,1,8,295.809,1,8,51.708,1,8,8204.4,1,8,28101.826,1,8,5687.832,1,8,292.198,1,8,-9900,?,9,-9900,?,9,23.53,E,8,16.38,E,8,64.0,E,8,1008.6016999999999,E,8,999.0,E,8,1.75,E,8,-9900,?,9,-9900,?,9,0.0,E,8,-9900,?,9,-9900,?,9,0.0,0.0,E,8
10/09/2022,19:00,0.0,1369.357,0.0,1,8,0.0,1,8,0.0,1,8,0.0,1,8,0.0,1,8,0.0,1,8,-0.0,1,8,-9900,?,9,-9900,?,9,22.99,E,8,16.46,E,8,66.0,E,8,1008.6016999999999,E,8,999.0,E,8,1.32,E,8,-9900,?,9,-9900,?,9,0.0,E,8,-9900,?,9,-9900,?,9,0.0,0.0,E,8
10/09/2022,20:00,0.0,1369.357,0.0,1,8,0.0,1,8,0.0,1,8,0.0,1,8,0.0,1,8,0.0,1,8,-0.0,1,8,-9900,?,9,-9900,?,9,22.44,E,8,16.54,E,8,69.0,E,8,1008.6016999999999,E,8,999.0,E,8,1.32,E,8,-9900,?,9,-9900,?,9,0.0,E,8,-9900,?,9,-9900,?,9,0.0,0.0,E,8
10/09/2022,21:00,0.0,1369.357,0.0,1,8,0.0,1,8,0.0,1,8,0.0,1,8,0.0,1,8,0.0,1,8,-0.0,1,8,-9900,?,9,-9900,?,9,21.9,E,8,16.62,E,8,76.0,E,8,1008.6016999999999,E,8,999.0,E,8,1.32,E,8,-9900,?,9,-9900,?,9,0.007000000000000001,E,8,-9900,?,9,-9900,?,9,0.07,99.0,E,8
10/09/2022,22:00,0.0,1369.357,0.0,1,8,0.0,1,8,0.0,1,8,0.0,1,8,0.0,1,8,0.0,1,8,-0.0,1,8,-9900,?,9,-9900,?,9,21.36,E,8,16.7,E,8,79.0,E,8,1008.6016999999999,E,8,999.0,E,8,1.32,E,8,-9900,?,9,-9900,?,9,0.001,E,8,-9900,?,9,-9900,?,9,0.01,99.0,E,8
10/09/2022,23:00,0.0,1369.357,0.0,1,8,0.0,1,8,0.0,1,8,0.0,1,8,0.0,1,8,0.0,1,8,-0.0,1,8,-9900,?,9,-9900,?,9,20.81,E,8,16.78,E,8,87.0,E,8,1008.6016999999999,E,8,999.0,E,8,1.32,E,8,-9900,?,9,-9900,?,9,0.271,E,8,-9900,?,9,-9900,?,9,2.71,99.0,E,8
10/09/2022,24:00,0.0,1369.357,0.0,1,8,0.0,1,8,0.0,1,8,0.0,1,8,0.0,1,8,0.0,1,8,-0.0,1,8,-9900,?,9,-9900,?,9,20.27,E,8,17.15,E,8,85.0,E,8,1008.6016999999999,E,8,999.0,E,8,1.31,E,8,-9900,?,9,-9900,?,9,0.01,E,8,-9900,?,9,-9900,?,9,0.1,99.0,E,8
10/10/2022,01:00,0.0,1369.357,0.0,1,8,0.0,1,8,0.0,1,8,0.0,1,8,0.0,1,8,0.0,1,8,-0.0,1,8,-9900,?,9,-9900,?,9,20.0,E,8,17.1,E,8,86.0,E,8,1008.6016999999999,E,8,999.0,E,8,1.31,E,8,-9900,?,9,-9900,?,9,0.001,E,8,-9900,?,9,-9900,?,9,0.01,99.0,E,8
10/10/2022,02:00,0.0,1369.357,0.0,1,8,0.0,1,8,0.0,1,8,0.0,1,8,0.0,1,8,0.0,1,8,-0.0,1,8,-9900,?,9,-9900,?,9,19.72,E,8,17.05,E,8,87.0,E,8,1008.6016999999999,E,8,999.0,E,8,1.31,E,8,-9900,?,9,-9900,?,9,0.004,E,8,-9900,?,9,-9900,?,9,0.04,99.0,E,8
10/10/2022,03:00,0.0,1369.357,0.0,1,8,0.0,1,8,0.0,1,8,0.0,1,8,0.0,1,8,0.0,1,8,-0.0,1,8,-9900,?,9,-9900,?,9,19.45,E,8,17.0,E,8,88.0,E,8,1008.6016999999999,E,8,999.0,E,8,1.31,E,8,-9900,?,9,-9900,?,9,0.047,E,8,-9900,?,9,-9900,?,9,0.47,99.0,E,8
10/10/2022,04:00,0.0,1370.164,0.0,1,8,0.0,1,8,0.0,1,8,0.0,1,8,0.0,1,8,0.0,1,8,-0.0,1,8,-9900,?,9,-9900,?,9,19.18,E,8,16.95,E,8,89.0,E,8,1008.6016999999999,E,8,999.0,E,8,1.31,E,8,-9900,?,9,-9900,?,9,0.001,E,8,-9900,?,9,-9900,?,9,0.01,99.0,E,8
10/10/2022,05:00,0.0,1370.164,0.0,1,8,0.0,1,8,0.0,1,8,0.0,1,8,0.0,1,8,0.0,1,8,-0.0,1,8,-9900,?,9,-9900,?,9,18.94,E,8,16.9,E,8,85.0,E,8,1008.6016999999999,E,8,999.0,E,8,1.31,E,8,-9900,?,9,-9900,?,9,0.0,E,8,-9900,?,9,-9900,?,9,0.0,0.0,E,8
10/10/2022,06:00,42.788,1370.164,0.0,1,8,0.0,1,8,0.0,1,8,0.0,1,8,0.0,1,8,0.0,1,8,0.0,1,8,-9900,?,9,-9900,?,9,18.76,E,8,16.87,E,8,86.0,E,8,1008.6016999999999,E,8,999.0,E,8,1.31,E,8,-9900,?,9,-9900,?,9,0.0,E,8,-9900,?,9,-9900,?,9,0.0,0.0,E,8
10/10/2022,07:00,365.972,1370.164,53.87,1,8,0.0,1,8,53.87,1,8,6464.4,1,8,0.0,1,8,5925.7,1,8,64.439,1,8,-9900,?,9,-9900,?,9,18.58,E,8,16.83,E,8,87.0,E,8,1008.6016999999999,E,8,999.0,E,8,1.31,E,8,-9900,?,9,-9900,?,9,0.0,E,8,-9900,?,9,-9900,?,9,0.0,0.0,E,8
10/10/2022,08:00,673.671,1370.164,235.83,1,8,71.97,1,8,200.477,1,8,28299.6,1,8,6837.14,1,8,22052.455,1,8,129.908,1,8,-9900,?,9,-9900,?,9,20.29,E,8,17.15,E,8,80.0,E,8,1008.6016999999999,E,8,999.0,E,8,1.31,E,8,-9900,?,9,-9900,?,9,0.0,E,8,-9900,?,9,-9900,?,9,0.0,0.0,E,8
10/10/2022,09:00,939.791,1370.164,502.32,1,8,269.371,1,8,317.621,1,8,60278.4,1,8,25590.23,1,8,34938.259,1,8,147.45,1,8,-9900,?,9,-9900,?,9,21.7,E,8,17.41,E,8,75.0,E,8,1008.6016999999999,E,8,999.0,E,8,1.31,E,8,-9900,?,9,-9900,?,9,0.0,E,8,-9900,?,9,-9900,?,9,0.0,0.0,E,8
10/10/2022,10:00,1145.876,1370.164,685.53,1,8,381.852,1,8,366.225,1,8,82263.6,1,8,36275.946,1,8,40284.766,1,8,139.408,1,8,-9900,?,9,-9900,?,9,22.95,E,8,17.64,E,8,71.0,E,8,1008.6016999999999,E,8,999.0,E,8,1.31,E,8,-9900,?,9,-9900,?,9,0.0,E,8,-9900,?,9,-9900,?,9,0.0,0.0,E,8
10/10/2022,11:00,1277.814,1370.164,748.91,1,8,353.15,1,8,419.577,1,8,89869.2,1,8,33549.213,1,8,46153.5,1,8,143.214,1,8,-9900,?,9,-9900,?,9,23.85,E,8,17.8,E,8,68.0,E,8,1008.6016999999999,E,8,999.0,E,8,1.69,E,8,-9900,?,9,-9900,?,9,0.0,E,8,-9900,?,9,-9900,?,9,0.0,0.0,E,8
10/10/2022,12:00,1326.597,1370.164,916.6,1,8,574.265,1,8,360.605,1,8,109992.0,1,8,54555.216,1,8,39666.563,1,8,118.556,1,8,-9900,?,9,-9900,?,9,24.78,E,8,17.96,E,8,65.0,E,8,1008.6016999999999,E,8,999.0,E,8,2.89,E,8,-9900,?,9,-9900,?,9,0.0,E,8,-9900,?,9,-9900,?,9,0.0,0.0,E,8
10/10/2022,13:00,1288.907,1370.164,802.59,1,8,462.643,1,8,367.4,1,8,96310.8,1,8,43951.115,1,8,40414.025,1,8,124.325,1,8,-9900,?,9,-9900,?,9,25.25,E,8,18.05,E,8,64.0,E,8,1008.6016999999999,E,8,999.0,E,8,3.94,E,8,-9900,?,9,-9900,?,9,0.0,E,8,-9900,?,9,-9900,?,9,0.0,0.0,E,8
10/10/2022,14:00,1167.332,1370.164,710.48,1,8,419.696,1,8,352.953,1,8,85257.6,1,8,39871.163,1,8,38824.803,1,8,131.884,1,8,-9900,?,9,-9900,?,9,25.46,E,8,18.08,E,8,63.0,E,8,1008.6016999999999,E,8,999.0,E,8,4.17,E,8,-9900,?,9,-9900,?,9,0.0,E,8,-9900,?,9,-9900,?,9,0.0,0.0,E,8
10/10/2022,15:00,970.201,1370.164,530.38,1,8,306.234,1,8,313.602,1,8,63645.6,1,8,29092.197,1,8,34496.223,1,8,141.015,1,8,-9900,?,9,-9900,?,9,25.35,E,8,18.06,E,8,64.0,E,8,1008.6016999999999,E,8,999.0,E,8,4.52,E,8,-9900,?,9,-9900,?,9,0.0,E,8,-9900,?,9,-9900,?,9,0.0,0.0,E,8
10/10/2022,16:00,711.032,1370.164,331.84,1,8,191.412,1,8,232.588,1,8,39820.8,1,8,18184.106,1,8,25584.67,1,8,142.78,1,8,-9900,?,9,-9900,?,9,24.86,E,8,17.98,E,8,65.0,E,8,1008.6016999999999,E,8,999.0,E,8,4.02,E,8,-9900,?,9,-9900,?,9,0.0,E,8,-9900,?,9,-9900,?,9,0.0,0.0,E,8
10/10/2022,17:00,407.764,1370.164,238.51,1,8,426.327,1,8,112.01,1,8,28621.2,1,8,40501.084,1,8,12321.145,1,8,120.161,1,8,-9900,?,9,-9900,?,9,24.29,E,8,17.88,E,8,67.0,E,8,1008.6016999999999,E,8,999.0,E,8,2.91,E,8,-9900,?,9,-9900,?,9,0.0,E,8,-9900,?,9,-9900,?,9,0.0,0.0,E,8
10/10/2022,18:00,84.019,1370.164,78.0,1,8,208.624,1,8,65.985,1,8,9360.0,1,8,19819.304,1,8,7258.318,1,8,364.69,1,8,-9900,?,9,-9900,?,9,23.54,E,8,17.74,E,8,83.0,E,8,1008.6016999999999,E,8,999.0,E,8,1.77,E,8,-9900,?,9,-9900,?,9,0.79,E,8,-9900,?,9,-9900,?,9,7.9,99.0,E,8
10/10/2022,19:00,0.0,1370.164,0.0,1,8,0.0,1,8,0.0,1,8,0.0,1,8,0.0,1,8,0.0,1,8,-0.0,1,8,-9900,?,9,-9900,?,9,22.98,E,8,17.64,E,8,75.0,E,8,1008.6016999999999,E,8,999.0,E,8,1.31,E,8,-9900,?,9,-9900,?,9,0.006,E,8,-9900,?,9,-9900,?,9,0.06,99.0,E,8
10/10/2022,20:00,0.0,1370.164,0.0,1,8,0.0,1,8,0.0,1,8,0.0,1,8,0.0,1,8,0.0,1,8,-0.0,1,8,-9900,?,9,-9900,?,9,22.41,E,8,17.54,E,8,77.0,E,8,1008.6016999999999,E,8,999.0,E,8,1.31,E,8,-9900,?,9,-9900,?,9,0.025,E,8,-9900,?,9,-9900,?,9,0.25,99.0,E,8
10/10/2022,21:00,0.0,1370.164,0.0,1,8,0.0,1,8,0.0,1,8,0.0,1,8,0.0,1,8,0.0,1,8,-0.0,1,8,-9900,?,9,-9900,?,9,21.85,E,8,17.44,E,8,79.0,E,8,1008.6016999999999,E,8,999.0,E,8,1.31,E,8,-9900,?,9,-9900,?,9,0.015,E,8,-9900,?,9,-9900,?,9,0.15,99.0,E,8
10/10/2022,22:00,0.0,1370.164,0.0,1,8,0.0,1,8,0.0,1,8,0.0,1,8,0.0,1,8,0.0,1,8,-0.0,1,8,-9900,?,9,-9900,?,9,21.28,E,8,17.34,E,8,77.0,E,8,1008.6016999999999,E,8,999.0,E,8,1.31,E,8,-9900,?,9,-9900,?,9,0.0,E,8,-9900,?,9,-9900,?,9,0.0,0.0,E,8
10/10/2022,23:00,0.0,1370.164,0.0,1,8,0.0,1,8,0.0,1,8,0.0,1,8,0.0,1,8,0.0,1,8,-0.0,1,8,-9900,?,9,-9900,?,9,20.72,E,8,17.23,E,8,83.0,E,8,1008.6016999999999,E,8,999.0,E,8,1.31,E,8,-9900,?,9,-9900,?,9,0.002,E,8,-9900,?,9,-9900,?,9,0.02,99.0,E,8
10/10/2022,24:00,0.0,1370.164,0.0,1,8,0.0,1,8,0.0,1,8,0.0,1,8,0.0,1,8,0.0,1,8,-0.0,1,8,-9900,?,9,-9900,?,9,20.16,E,8,16.84,E,8,84.0,E,8,1008.6016999999999,E,8,999.0,E,8,1.57,E,8,-9900,?,9,-9900,?,9,0.002,E,8,-9900,?,9,-9900,?,9,0.02,99.0,E,8
10/11/2022,01:00,0.0,1370.164,0.0,1,8,0.0,1,8,0.0,1,8,0.0,1,8,0.0,1,8,0.0,1,8,-0.0,1,8,-9900,?,9,-9900,?,9,19.87,E,8,16.84,E,8,81.0,E,8,1008.6016999999999,E,8,999.0,E,8,1.57,E,8,-9900,?,9,-9900,?,9,0.0,E,8,-9900,?,9,-9900,?,9,0.0,0.0,E,8
10/11/2022,02:00,0.0,1370.164,0.0,1,8,0.0,1,8,0.0,1,8,0.0,1,8,0.0,1,8,0.0,1,8,-0.0,1,8,-9900,?,9,-9900,?,9,19.59,E,8,16.84,E,8,87.0,E,8,1008.6016999999999,E,8,999.0,E,8,1.57,E,8,-9900,?,9,-9900,?,9,0.015,E,8,-9900,?,9,-9900,?,9,0.15,99.0,E,8
10/11/2022,03:00,0.0,1370.164,0.0,1,8,0.0,1,8,0.0,1,8,0.0,1,8,0.0,1,8,0.0,1,8,-0.0,1,8,-9900,?,9,-9900,?,9,19.31,E,8,16.84,E,8,89.0,E,8,1008.6016999999999,E,8,999.0,E,8,1.57,E,8,-9900,?,9,-9900,?,9,0.006,E,8,-9900,?,9,-9900,?,9,0.06,99.0,E,8
10/11/2022,04:00,0.0,1370.971,0.0,1,8,0.0,1,8,0.0,1,8,0.0,1,8,0.0,1,8,0.0,1,8,-0.0,1,8,-9900,?,9,-9900,?,9,19.03,E,8,16.84,E,8,90.0,E,8,1008.6016999999999,E,8,999.0,E,8,1.57,E,8,-9900,?,9,-9900,?,9,0.001,E,8,-9900,?,9,-9900,?,9,0.01,99.0,E,8
10/11/2022,05:00,0.0,1370.971,0.0,1,8,0.0,1,8,0.0,1,8,0.0,1,8,0.0,1,8,0.0,1,8,-0.0,1,8,-9900,?,9,-9900,?,9,18.78,E,8,16.83,E,8,87.0,E,8,1008.6016999999999,E,8,999.0,E,8,1.57,E,8,-9900,?,9,-9900,?,9,0.0,E,8,-9900,?,9,-9900,?,9,0.0,0.0,E,8
10/11/2022,06:00,47.175,1370.971,0.0,1,8,0.0,1,8,0.0,1,8,0.0,1,8,0.0,1,8,0.0,1,8,0.0,1,8,-9900,?,9,-9900,?,9,18.59,E,8,16.83,E,8,88.0,E,8,1008.6016999999999,E,8,999.0,E,8,1.57,E,8,-9900,?,9,-9900,?,9,0.0,E,8,-9900,?,9,-9900,?,9,0.0,0.0,E,8
10/11/2022,07:00,370.592,1370.971,44.58,1,8,0.0,1,8,44.58,1,8,5349.6,1,8,0.0,1,8,4903.8,1,8,52.687,1,8,-9900,?,9,-9900,?,9,18.41,E,8,16.83,E,8,89.0,E,8,1008.6016999999999,E,8,999.0,E,8,1.57,E,8,-9900,?,9,-9900,?,9,0.0,E,8,-9900,?,9,-9900,?,9,0.0,0.0,E,8
10/11/2022,08:00,678.098,1370.971,193.52,1,8,24.449,1,8,181.438,1,8,23222.4,1,8,2322.66,1,8,19958.195,1,8,116.871,1,8,-9900,?,9,-9900,?,9,20.35,E,8,16.84,E,8,79.0,E,8,1008.6016999999999,E,8,999.0,E,8,1.57,E,8,-9900,?,9,-9900,?,9,0.0,E,8,-9900,?,9,-9900,?,9,0.0,0.0,E,8
10/11/2022,09:00,943.935,1370.971,341.09,1,8,48.589,1,8,307.646,1,8,40930.8,1,8,4615.978,1,8,33841.106,1,8,142.275,1,8,-9900,?,9,-9900,?,9,21.56,E,8,16.85,E,8,73.0,E,8,1008.6016999999999,E,8,999.0,E,8,1.57,E,8,-9900,?,9,-9900,?,9,0.0,E,8,-9900,?,9,-9900,?,9,0.0,0.0,E,8
10/11/2022,10:00,1149.677,1370.971,464.74,1,8,61.78,1,8,412.939,1,8,55768.8,1,8,5869.065,1,8,45423.276,1,8,156.762,1,8,-9900,?,9,-9900,?,9,22.67,E,8,16.86,E,8,69.0,E,8,1008.6016999999999,E,8,999.0,E,8,1.57,E,8,-9900,?,9,-9900,?,9,0.0,E,8,-9900,?,9,-9900,?,9,0.0,0.0,E,8
10/11/2022,11:00,1281.235,1370.971,553.74,1,8,60.472,1,8,497.229,1,8,66448.8,1,8,5744.844,1,8,54695.135,1,8,169.365,1,8,-9900,?,9,-9900,?,9,23.62,E,8,16.86,E,8,65.0,E,8,1008.6016999999999,E,8,999.0,E,8,1.71,E,8,-9900,?,9,-9900,?,9,0.0,E,8,-9900,?,9,-9900,?,9,0.0,0.0,E,8
10/11/2022,12:00,1329.628,1370.971,601.35,1,8,70.27,1,8,533.2,1,8,72162.0,1,8,6675.645,1,8,58652.041,1,8,175.003,1,8,-9900,?,9,-9900,?,9,24.39,E,8,16.87,E,8,62.0,E,8,1008.6016999999999,E,8,999.0,E,8,2.25,E,8,-9900,?,9,-9900,?,9,0.0,E,8,-9900,?,9,-9900,?,9,0.0,0.0,E,8
10/11/2022,13:00,1291.564,1370.971,604.08,1,8,82.603,1,8,526.265,1,8,72489.6,1,8,7847.242,1,8,57889.118,1,8,177.821,1,8,-9900,?,9,-9900,?,9,24.94,E,8,16.87,E,8,60.0,E,8,1008.6016999999999,E,8,999.0,E,8,3.42,E,8,-9900,?,9,-9900,?,9,0.0,E,8,-9900,?,9,-9900,?,9,0.0,0.0,E,8
10/11/2022,14:00,1169.659,1370.971,561.75,1,8,121.931,1,8,457.735,1,8,67410.0,1,8,11583.456,1,8,50350.801,1,8,170.797,1,8,-9900,?,9,-9900,?,9,25.27,E,8,16.87,E,8,59.0,E,8,1008.6016999999999,E,8,999.0,E,8,2.93,E,8,-9900,?,9,-9900,?,9,0.0,E,8,-9900,?,9,-9900,?,9,0.0,0.0,E,8
10/11/2022,15:00,972.261,1370.971,477.46,1,8,127.096,1,8,387.353,1,8,57295.2,1,8,12074.121,1,8,42608.779,1,8,173.911,1,8,-9900,?,9,-9900,?,9,25.37,E,8,16.87,E,8,59.0,E,8,1008.6016999999999,E,8,999.0,E,8,3.44,E,8,-9900,?,9,-9900,?,9,0.0,E,8,-9900,?,9,-9900,?,9,0.0,0.0,E,8
10/11/2022,16:00,712.91,1370.971,357.57,1,8,229.296,1,8,238.43,1,8,42908.4,1,8,21783.083,1,8,26227.251,1,8,146.065,1,8,-9900,?,9,-9900,?,9,25.18,E,8,16.87,E,8,59.0,E,8,1008.6016999999999,E,8,999.0,E,8,3.7,E,8,-9900,?,9,-9900,?,9,0.0,E,8,-9900,?,9,-9900,?,9,0.0,0.0,E,8
10/11/2022,17:00,409.554,1370.971,212.2,1,8,341.202,1,8,110.572,1,8,25464.0,1,8,32414.213,1,8,12162.882,1,8,118.166,1,8,-9900,?,9,-9900,?,9,24.66,E,8,16.87,E,8,61.0,E,8,1008.6016999999999,E,8,999.0,E,8,2.68,E,8,-9900,?,9,-9900,?,9,0.0,E,8,-9900,?,9,-9900,?,9,0.0,0.0,E,8
10/11/2022,18:00,85.761,1370.971,60.92,1,8,176.847,1,8,50.507,1,8,7310.4,1,8,16800.496,1,8,5555.807,1,8,273.05,1,8,-9900,?,9,-9900,?,9,23.87,E,8,16.86,E,8,69.0,E,8,1008.6016999999999,E,8,999.0,E,8,1.7,E,8,-9900,?,9,-9900,?,9,0.001,E,8,-9900,?,9,-9900,?,9,0.01,99.0,E,8
10/11/2022,19:00,0.0,1370.971,0.0,1,8,0.0,1,8,0.0,1,8,0.0,1,8,0.0,1,8,0.0,1,8,-0.0,1,8,-9900,?,9,-9900,?,9,23.23,E,8,16.86,E,8,71.0,E,8,1008.6016999999999,E,8,999.0,E,8,1.57,E,8,-9900,?,9,-9900,?,9,0.025,E,8,-9900,?,9,-9900,?,9,0.25,99.0,E,8
10/11/2022,20:00,0.0,1370.971,0.0,1,8,0.0,1,8,0.0,1,8,0.0,1,8,0.0,1,8,0.0,1,8,-0.0,1,8,-9900,?,9,-9900,?,9,22.59,E,8,16.86,E,8,74.0,E,8,1008.6016999999999,E,8,999.0,E,8,1.57,E,8,-9900,?,9,-9900,?,9,0.01,E,8,-9900,?,9,-9900,?,9,0.1,99.0,E,8
10/11/2022,21:00,0.0,1370.971,0.0,1,8,0.0,1,8,0.0,1,8,0.0,1,8,0.0,1,8,0.0,1,8,-0.0,1,8,-9900,?,9,-9900,?,9,21.94,E,8,16.85,E,8,86.0,E,8,1008.6016999999999,E,8,999.0,E,8,1.57,E,8,-9900,?,9,-9900,?,9,0.79,E,8,-9900,?,9,-9900,?,9,7.9,99.0,E,8
10/11/2022,22:00,0.0,1370.971,0.0,1,8,0.0,1,8,0.0,1,8,0.0,1,8,0.0,1,8,0.0,1,8,-0.0,1,8,-9900,?,9,-9900,?,9,21.3,E,8,16.85,E,8,79.0,E,8,1008.6016999999999,E,8,999.0,E,8,1.57,E,8,-9900,?,9,-9900,?,9,0.047,E,8,-9900,?,9,-9900,?,9,0.47,99.0,E,8
10/11/2022,23:00,0.0,1370.971,0.0,1,8,0.0,1,8,0.0,1,8,0.0,1,8,0.0,1,8,0.0,1,8,-0.0,1,8,-9900,?,9,-9900,?,9,20.66,E,8,16.85,E,8,82.0,E,8,1008.6016999999999,E,8,999.0,E,8,1.57,E,8,-9900,?,9,-9900,?,9,0.004,E,8,-9900,?,9,-9900,?,9,0.04,99.0,E,8
10/11/2022,24:00,0.0,1370.971,0.0,1,8,0.0,1,8,0.0,1,8,0.0,1,8,0.0,1,8,0.0,1,8,-0.0,1,8,-9900,?,9,-9900,?,9,20.02,E,8,15.96,E,8,87.0,E,8,1008.6016999999999,E,8,999.0,E,8,1.96,E,8,-9900,?,9,-9900,?,9,0.10600000000000001,E,8,-9900,?,9,-9900,?,9,1.06,99.0,E,8
10/12/2022,01:00,0.0,1370.971,0.0,1,8,0.0,1,8,0.0,1,8,0.0,1,8,0.0,1,8,0.0,1,8,-0.0,1,8,-9900,?,9,-9900,?,9,19.69,E,8,16.23,E,8,95.0,E,8,1008.6016999999999,E,8,999.0,E,8,1.96,E,8,-9900,?,9,-9900,?,9,1.514,E,8,-9900,?,9,-9900,?,9,15.14,99.0,E,8
10/12/2022,02:00,0.0,1370.971,0.0,1,8,0.0,1,8,0.0,1,8,0.0,1,8,0.0,1,8,0.0,1,8,-0.0,1,8,-9900,?,9,-9900,?,9,19.37,E,8,16.49,E,8,88.0,E,8,1008.6016999999999,E,8,999.0,E,8,1.96,E,8,-9900,?,9,-9900,?,9,0.059,E,8,-9900,?,9,-9900,?,9,0.59,99.0,E,8
10/12/2022,03:00,0.0,1370.971,0.0,1,8,0.0,1,8,0.0,1,8,0.0,1,8,0.0,1,8,0.0,1,8,-0.0,1,8,-9900,?,9,-9900,?,9,19.05,E,8,16.75,E,8,91.0,E,8,1008.6016999999999,E,8,999.0,E,8,1.96,E,8,-9900,?,9,-9900,?,9,0.001,E,8,-9900,?,9,-9900,?,9,0.01,99.0,E,8
10/12/2022,04:00,0.0,1371.777,0.0,1,8,0.0,1,8,0.0,1,8,0.0,1,8,0.0,1,8,0.0,1,8,-0.0,1,8,-9900,?,9,-9900,?,9,18.73,E,8,17.0,E,8,94.0,E,8,1008.6016999999999,E,8,999.0,E,8,1.96,E,8,-9900,?,9,-9900,?,9,0.013000000000000001,E,8,-9900,?,9,-9900,?,9,0.13,99.0,E,8
10/12/2022,05:00,0.0,1371.777,0.0,1,8,0.0,1,8,0.0,1,8,0.0,1,8,0.0,1,8,0.0,1,8,-0.0,1,8,-9900,?,9,-9900,?,9,18.45,E,8,17.22,E,8,92.0,E,8,1008.6016999999999,E,8,999.0,E,8,1.96,E,8,-9900,?,9,-9900,?,9,0.0,E,8,-9900,?,9,-9900,?,9,0.0,0.0,E,8
10/12/2022,06:00,51.536,1371.777,0.0,1,8,0.0,1,8,0.0,1,8,0.0,1,8,0.0,1,8,0.0,1,8,0.0,1,8,-9900,?,9,-9900,?,9,18.23,E,8,17.39,E,8,94.0,E,8,1008.6016999999999,E,8,999.0,E,8,1.96,E,8,-9900,?,9,-9900,?,9,0.0,E,8,-9900,?,9,-9900,?,9,0.0,0.0,E,8
10/12/2022,07:00,375.143,1371.777,89.55,1,8,0.0,1,8,89.55,1,8,10746.0,1,8,0.0,1,8,9850.5,1,8,104.604,1,8,-9900,?,9,-9900,?,9,18.02,E,8,17.55,E,8,97.0,E,8,1008.6016999999999,E,8,999.0,E,8,1.96,E,8,-9900,?,9,-9900,?,9,0.0,E,8,-9900,?,9,-9900,?,9,0.0,0.0,E,8
10/12/2022,08:00,682.447,1371.777,198.4,1,8,10.995,1,8,192.935,1,8,23808.0,1,8,1044.555,1,8,21222.827,1,8,123.555,1,8,-9900,?,9,-9900,?,9,21.25,E,8,14.9,E,8,66.0,E,8,1008.6016999999999,E,8,999.0,E,8,1.96,E,8,-9900,?,9,-9900,?,9,0.0,E,8,-9900,?,9,-9900,?,9,0.0,0.0,E,8
10/12/2022,09:00,947.997,1371.777,216.72,1,8,2.75,1,8,214.82,1,8,26006.4,1,8,261.232,1,8,23630.232,1,8,98.979,1,8,-9900,?,9,-9900,?,9,21.79,E,8,14.42,E,8,62.0,E,8,1008.6016999999999,E,8,999.0,E,8,1.96,E,8,-9900,?,9,-9900,?,9,0.0,E,8,-9900,?,9,-9900,?,9,0.0,0.0,E,8
10/12/2022,10:00,1153.396,1371.777,272.61,1,8,9.322,1,8,264.773,1,8,32713.2,1,8,885.564,1,8,29125.052,1,8,100.249,1,8,-9900,?,9,-9900,?,9,22.37,E,8,13.88,E,8,58.0,E,8,1008.6016999999999,E,8,999.0,E,8,1.96,E,8,-9900,?,9,-9900,?,9,0.0,E,8,-9900,?,9,-9900,?,9,0.0,0.0,E,8
10/12/2022,11:00,1284.579,1371.777,333.6,1,8,17.34,1,8,317.363,1,8,40032.0,1,8,1647.269,1,8,34909.952,1,8,107.882,1,8,-9900,?,9,-9900,?,9,23.0,E,8,13.28,E,8,53.0,E,8,1008.6016999999999,E,8,999.0,E,8,1.96,E,8,-9900,?,9,-9900,?,9,0.0,E,8,-9900,?,9,-9900,?,9,0.0,0.0,E,8
10/12/2022,12:00,1332.591,1371.777,293.53,1,8,3.518,1,8,290.113,1,8,35223.6,1,8,334.211,1,8,31912.379,1,8,95.063,1,8,-9900,?,9,-9900,?,9,23.26,E,8,13.02,E,8,51.0,E,8,1008.6016999999999,E,8,999.0,E,8,1.96,E,8,-9900,?,9,-9900,?,9,0.0,E,8,-9900,?,9,-9900,?,9,0.0,0.0,E,8
10/12/2022,13:00,1294.167,1371.777,156.85,1,8,0.519,1,8,156.361,1,8,18822.0,1,8,49.266,1,8,17199.684,1,8,52.758,1,8,-9900,?,9,-9900,?,9,23.02,E,8,13.26,E,8,53.0,E,8,1008.6016999999999,E,8,999.0,E,8,1.96,E,8,-9900,?,9,-9900,?,9,0.0,E,8,-9900,?,9,-9900,?,9,0.0,0.0,E,8
10/12/2022,14:00,1171.948,1371.777,336.54,1,8,10.368,1,8,327.683,1,8,40384.8,1,8,984.949,1,8,36045.172,1,8,122.103,1,8,-9900,?,9,-9900,?,9,23.33,E,8,12.95,E,8,56.0,E,8,1008.6016999999999,E,8,999.0,E,8,1.96,E,8,-9900,?,9,-9900,?,9,0.004,E,8,-9900,?,9,-9900,?,9,0.04,99.0,E,8
10/12/2022,15:00,974.303,1371.777,286.04,1,8,9.599,1,8,279.225,1,8,34324.8,1,8,911.859,1,8,30714.709,1,8,125.175,1,8,-9900,?,9,-9900,?,9,23.45,E,8,12.83,E,8,55.0,E,8,1008.6016999999999,E,8,999.0,E,8,1.96,E,8,-9900,?,9,-9900,?,9,0.001,E,8,-9900,?,9,-9900,?,9,0.01,99.0,E,8
10/12/2022,16:00,714.788,1371.777,214.28,1,8,13.031,1,8,207.495,1,8,25713.6,1,8,1237.929,1,8,22824.493,1,8,126.854,1,8,-9900,?,9,-9900,?,9,23.35,E,8,12.93,E,8,51.0,E,8,1008.6016999999999,E,8,999.0,E,8,1.96,E,8,-9900,?,9,-9900,?,9,0.0,E,8,-9900,?,9,-9900,?,9,0.0,0.0,E,8
10/12/2022,17:00,411.361,1371.777,127.31,1,8,36.697,1,8,116.338,1,8,15277.2,1,8,3486.229,1,8,12797.133,1,8,123.851,1,8,-9900,?,9,-9900,?,9,22.96,E,8,13.32,E,8,58.0,E,8,1008.6016999999999,E,8,999.0,E,8,1.96,E,8,-9900,?,9,-9900,?,9,0.027000000000000003,E,8,-9900,?,9,-9900,?,9,0.27,99.0,E,8
10/12/2022,18:00,87.536,1371.777,36.8,1,8,84.341,1,8,31.724,1,8,4416.0,1,8,8012.395,1,8,3489.601,1,8,167.772,1,8,-9900,?,9,-9900,?,9,22.35,E,8,13.9,E,8,58.0,E,8,1008.6016999999999,E,8,999.0,E,8,1.96,E,8,-9900,?,9,-9900,?,9,0.0,E,8,-9900,?,9,-9900,?,9,0.0,0.0,E,8
10/12/2022,19:00,0.0,1371.777,0.0,1,8,0.0,1,8,0.0,1,8,0.0,1,8,0.0,1,8,0.0,1,8,-0.0,1,8,-9900,?,9,-9900,?,9,21.7,E,8,14.5,E,8,68.0,E,8,1008.6016999999999,E,8,999.0,E,8,1.96,E,8,-9900,?,9,-9900,?,9,0.006,E,8,-9900,?,9,-9900,?,9,0.06,99.0,E,8
10/12/2022,20:00,0.0,1371.777,0.0,1,8,0.0,1,8,0.0,1,8,0.0,1,8,0.0,1,8,0.0,1,8,-0.0,1,8,-9900,?,9,-9900,?,9,21.06,E,8,15.07,E,8,73.0,E,8,1008.6016999999999,E,8,999.0,E,8,1.96,E,8,-9900,?,9,-9900,?,9,0.019,E,8,-9900,?,9,-9900,?,9,0.19,99.0,E,8
10/12/2022,21:00,0.0,1371.777,0.0,1,8,0.0,1,8,0.0,1,8,0.0,1,8,0.0,1,8,0.0,1,8,-0.0,1,8,-9900,?,9,-9900,?,9,20.41,E,8,15.63,E,8,78.0,E,8,1008.6016999999999,E,8,999.0,E,8,1.96,E,8,-9900,?,9,-9900,?,9,0.009,E,8,-9900,?,9,-9900,?,9,0.09,99.0,E,8
10/12/2022,22:00,0.0,1371.777,0.0,1,8,0.0,1,8,0.0,1,8,0.0,1,8,0.0,1,8,0.0,1,8,-0.0,1,8,-9900,?,9,-9900,?,9,19.77,E,8,16.17,E,8,84.0,E,8,1008.6016999999999,E,8,999.0,E,8,1.96,E,8,-9900,?,9,-9900,?,9,0.003,E,8,-9900,?,9,-9900,?,9,0.03,99.0,E,8
10/12/2022,23:00,0.0,1371.777,0.0,1,8,0.0,1,8,0.0,1,8,0.0,1,8,0.0,1,8,0.0,1,8,-0.0,1,8,-9900,?,9,-9900,?,9,19.12,E,8,16.7,E,8,90.0,E,8,1008.6016999999999,E,8,999.0,E,8,1.96,E,8,-9900,?,9,-9900,?,9,0.038,E,8,-9900,?,9,-9900,?,9,0.38,99.0,E,8
10/12/2022,24:00,0.0,1371.777,0.0,1,8,0.0,1,8,0.0,1,8,0.0,1,8,0.0,1,8,0.0,1,8,-0.0,1,8,-9900,?,9,-9900,?,9,18.48,E,8,15.28,E,8,82.0,E,8,1008.6016999999999,E,8,999.0,E,8,1.39,E,8,-9900,?,9,-9900,?,9,0.034,E,8,-9900,?,9,-9900,?,9,0.34,99.0,E,8
10/13/2022,01:00,0.0,1371.777,0.0,1,8,0.0,1,8,0.0,1,8,0.0,1,8,0.0,1,8,0.0,1,8,-0.0,1,8,-9900,?,9,-9900,?,9,18.16,E,8,15.39,E,8,92.0,E,8,1008.6016999999999,E,8,999.0,E,8,1.39,E,8,-9900,?,9,-9900,?,9,4.644,E,8,-9900,?,9,-9900,?,9,46.44,99.0,E,8
10/13/2022,02:00,0.0,1371.777,0.0,1,8,0.0,1,8,0.0,1,8,0.0,1,8,0.0,1,8,0.0,1,8,-0.0,1,8,-9900,?,9,-9900,?,9,17.83,E,8,15.51,E,8,86.0,E,8,1008.6016999999999,E,8,999.0,E,8,1.39,E,8,-9900,?,9,-9900,?,9,0.024,E,8,-9900,?,9,-9900,?,9,0.24,99.0,E,8
10/13/2022,03:00,0.0,1371.777,0.0,1,8,0.0,1,8,0.0,1,8,0.0,1,8,0.0,1,8,0.0,1,8,-0.0,1,8,-9900,?,9,-9900,?,9,17.51,E,8,15.62,E,8,88.0,E,8,1008.6016999999999,E,8,999.0,E,8,1.39,E,8,-9900,?,9,-9900,?,9,0.047,E,8,-9900,?,9,-9900,?,9,0.47,99.0,E,8
10/13/2022,04:00,0.0,1372.582,0.0,1,8,0.0,1,8,0.0,1,8,0.0,1,8,0.0,1,8,0.0,1,8,-0.0,1,8,-9900,?,9,-9900,?,9,17.19,E,8,15.73,E,8,94.0,E,8,1008.6016999999999,E,8,999.0,E,8,1.39,E,8,-9900,?,9,-9900,?,9,0.339,E,8,-9900,?,9,-9900,?,9,3.39,99.0,E,8
10/13/2022,05:00,0.0,1372.582,0.0,1,8,0.0,1,8,0.0,1,8,0.0,1,8,0.0,1,8,0.0,1,8,-0.0,1,8,-9900,?,9,-9900,?,9,16.9,E,8,15.83,E,8,96.0,E,8,1008.6016999999999,E,8,999.0,E,8,1.39,E,8,-9900,?,9,-9900,?,9,0.127,E,8,-9900,?,9,-9900,?,9,1.27,99.0,E,8
10/13/2022,06:00,55.867,1372.582,0.0,1,8,0.0,1,8,0.0,1,8,0.0,1,8,0.0,1,8,0.0,1,8,0.0,1,8,-9900,?,9,-9900,?,9,16.69,E,8,15.9,E,8,93.0,E,8,1008.6016999999999,E,8,999.0,E,8,1.39,E,8,-9900,?,9,-9900,?,9,0.017,E,8,-9900,?,9,-9900,?,9,0.17,99.0,E,8
10/13/2022,07:00,379.623,1372.582,46.63,1,8,0.0,1,8,46.63,1,8,5595.6,1,8,0.0,1,8,5129.3,1,8,53.853,1,8,-9900,?,9,-9900,?,9,16.48,E,8,15.97,E,8,95.0,E,8,1008.6016999999999,E,8,999.0,E,8,1.39,E,8,-9900,?,9,-9900,?,9,0.004,E,8,-9900,?,9,-9900,?,9,0.04,99.0,E,8
10/13/2022,08:00,686.714,1372.582,192.11,1,8,11.855,1,8,186.184,1,8,23053.2,1,8,1126.205,1,8,20480.256,1,8,118.559,1,8,-9900,?,9,-9900,?,9,19.05,E,8,15.08,E,8,74.0,E,8,1008.6016999999999,E,8,999.0,E,8,1.39,E,8,-9900,?,9,-9900,?,9,0.0,E,8,-9900,?,9,-9900,?,9,0.0,0.0,E,8
10/13/2022,09:00,951.975,1372.582,162.41,1,8,0.734,1,8,161.901,1,8,19489.2,1,8,69.759,1,8,17809.096,1,8,74.328,1,8,-9900,?,9,-9900,?,9,19.35,E,8,14.97,E,8,76.0,E,8,1008.6016999999999,E,8,999.0,E,8,1.39,E,8,-9900,?,9,-9900,?,9,0.007000000000000001,E,8,-9900,?,9,-9900,?,9,0.07,99.0,E,8
10/13/2022,10:00,1157.031,1372.582,455.47,1,8,99.509,1,8,371.598,1,8,54656.4,1,8,9453.341,1,8,40875.789,1,8,140.336,1,8,-9900,?,9,-9900,?,9,21.09,E,8,14.33,E,8,67.0,E,8,1008.6016999999999,E,8,999.0,E,8,1.39,E,8,-9900,?,9,-9900,?,9,0.011,E,8,-9900,?,9,-9900,?,9,0.11,99.0,E,8
10/13/2022,11:00,1287.845,1372.582,170.68,1,8,2.334,1,8,168.49,1,8,20481.6,1,8,221.758,1,8,18533.889,1,8,57.163,1,8,-9900,?,9,-9900,?,9,20.9,E,8,14.4,E,8,68.0,E,8,1008.6016999999999,E,8,999.0,E,8,1.74,E,8,-9900,?,9,-9900,?,9,0.064,E,8,-9900,?,9,-9900,?,9,0.64,99.0,E,8
10/13/2022,12:00,1335.487,1372.582,321.76,1,8,13.861,1,8,308.273,1,8,38611.2,1,8,1316.841,1,8,33910.069,1,8,100.854,1,8,-9900,?,9,-9900,?,9,21.32,E,8,14.24,E,8,70.0,E,8,1008.6016999999999,E,8,999.0,E,8,2.57,E,8,-9900,?,9,-9900,?,9,0.191,E,8,-9900,?,9,-9900,?,9,1.91,99.0,E,8
10/13/2022,13:00,1296.718,1372.582,396.74,1,8,22.333,1,8,375.643,1,8,47608.8,1,8,2121.588,1,8,41320.685,1,8,126.571,1,8,-9900,?,9,-9900,?,9,21.84,E,8,14.05,E,8,64.0,E,8,1008.6016999999999,E,8,999.0,E,8,2.95,E,8,-9900,?,9,-9900,?,9,0.089,E,8,-9900,?,9,-9900,?,9,0.89,99.0,E,8
10/13/2022,14:00,1174.201,1372.582,540.28,1,8,184.397,1,8,382.551,1,8,64833.6,1,8,17517.682,1,8,42080.655,1,8,142.358,1,8,-9900,?,9,-9900,?,9,22.63,E,8,13.74,E,8,60.0,E,8,1008.6016999999999,E,8,999.0,E,8,4.13,E,8,-9900,?,9,-9900,?,9,0.002,E,8,-9900,?,9,-9900,?,9,0.02,99.0,E,8
10/13/2022,15:00,976.328,1372.582,757.97,1,8,520.74,1,8,387.67,1,8,90956.4,1,8,49470.313,1,8,42643.69,1,8,173.532,1,8,-9900,?,9,-9900,?,9,23.76,E,8,13.3,E,8,51.0,E,8,1008.6016999999999,E,8,999.0,E,8,4.09,E,8,-9900,?,9,-9900,?,9,0.0,E,8,-9900,?,9,-9900,?,9,0.0,0.0,E,8
10/13/2022,16:00,716.668,1372.582,678.87,1,8,659.155,1,8,334.974,1,8,81464.4,1,8,62619.687,1,8,36847.11,1,8,204.372,1,8,-9900,?,9,-9900,?,9,24.49,E,8,13.01,E,8,48.0,E,8,1008.6016999999999,E,8,999.0,E,8,3.85,E,8,-9900,?,9,-9900,?,9,0.0,E,8,-9900,?,9,-9900,?,9,0.0,0.0,E,8
10/13/2022,17:00,413.187,1372.582,552.66,1,8,604.746,1,8,371.141,1,8,66319.2,1,8,57450.829,1,8,40825.503,1,8,393.586,1,8,-9900,?,9,-9900,?,9,24.84,E,8,12.87,E,8,47.0,E,8,1008.6016999999999,E,8,999.0,E,8,3.11,E,8,-9900,?,9,-9900,?,9,0.0,E,8,-9900,?,9,-9900,?,9,0.0,0.0,E,8
10/13/2022,18:00,89.347,1372.582,151.05,1,8,230.503,1,8,136.869,1,8,18126.0,1,8,21897.813,1,8,15055.609,1,8,708.16,1,8,-9900,?,9,-9900,?,9,24.12,E,8,13.16,E,8,49.0,E,8,1008.6016999999999,E,8,999.0,E,8,2.31,E,8,-9900,?,9,-9900,?,9,0.0,E,8,-9900,?,9,-9900,?,9,0.0,0.0,E,8
10/13/2022,19:00,0.0,1372.582,0.0,1,8,0.0,1,8,0.0,1,8,0.0,1,8,0.0,1,8,0.0,1,8,-0.0,1,8,-9900,?,9,-9900,?,9,23.42,E,8,13.43,E,8,52.0,E,8,1008.6016999999999,E,8,999.0,E,8,1.39,E,8,-9900,?,9,-9900,?,9,0.0,E,8,-9900,?,9,-9900,?,9,0.0,0.0,E,8
10/13/2022,20:00,0.0,1372.582,0.0,1,8,0.0,1,8,0.0,1,8,0.0,1,8,0.0,1,8,0.0,1,8,-0.0,1,8,-9900,?,9,-9900,?,9,22.72,E,8,13.71,E,8,55.0,E,8,1008.6016999999999,E,8,999.0,E,8,1.39,E,8,-9900,?,9,-9900,?,9,0.0,E,8,-9900,?,9,-9900,?,9,0.0,0.0,E,8
10/13/2022,21:00,0.0,1372.582,0.0,1,8,0.0,1,8,0.0,1,8,0.0,1,8,0.0,1,8,0.0,1,8,-0.0,1,8,-9900,?,9,-9900,?,9,22.03,E,8,13.97,E,8,58.0,E,8,1008.6016999999999,E,8,999.0,E,8,1.39,E,8,-9900,?,9,-9900,?,9,0.0,E,8,-9900,?,9,-9900,?,9,0.0,0.0,E,8
10/13/2022,22:00,0.0,1372.582,0.0,1,8,0.0,1,8,0.0,1,8,0.0,1,8,0.0,1,8,0.0,1,8,-0.0,1,8,-9900,?,9,-9900,?,9,21.33,E,8,14.24,E,8,62.0,E,8,1008.6016999999999,E,8,999.0,E,8,1.39,E,8,-9900,?,9,-9900,?,9,0.0,E,8,-9900,?,9,-9900,?,9,0.0,0.0,E,8
10/13/2022,23:00,0.0,1372.582,0.0,1,8,0.0,1,8,0.0,1,8,0.0,1,8,0.0,1,8,0.0,1,8,-0.0,1,8,-9900,?,9,-9900,?,9,20.63,E,8,14.5,E,8,65.0,E,8,1008.6016999999999,E,8,999.0,E,8,1.39,E,8,-9900,?,9,-9900,?,9,0.0,E,8,-9900,?,9,-9900,?,9,0.0,0.0,E,8
10/13/2022,24:00,0.0,1372.582,0.0,1,8,0.0,1,8,0.0,1,8,0.0,1,8,0.0,1,8,0.0,1,8,-0.0,1,8,-9900,?,9,-9900,?,9,19.93,E,8,13.69,E,8,63.0,E,8,1008.6016999999999,E,8,999.0,E,8,1.72,E,8,-9900,?,9,-9900,?,9,0.0,E,8,-9900,?,9,-9900,?,9,0.0,0.0,E,8
10/14/2022,01:00,0.0,1372.582,0.0,1,8,0.0,1,8,0.0,1,8,0.0,1,8,0.0,1,8,0.0,1,8,-0.0,1,8,-9900,?,9,-9900,?,9,19.58,E,8,14.23,E,8,67.0,E,8,1008.6016999999999,E,8,999.0,E,8,1.72,E,8,-9900,?,9,-9900,?,9,0.0,E,8,-9900,?,9,-9900,?,9,0.0,0.0,E,8
10/14/2022,02:00,0.0,1372.582,0.0,1,8,0.0,1,8,0.0,1,8,0.0,1,8,0.0,1,8,0.0,1,8,-0.0,1,8,-9900,?,9,-9900,?,9,19.23,E,8,14.75,E,8,71.0,E,8,1008.6016999999999,E,8,999.0,E,8,1.72,E,8,-9900,?,9,-9900,?,9,0.0,E,8,-9900,?,9,-9900,?,9,0.0,0.0,E,8
10/14/2022,03:00,0.0,1372.582,0.0,1,8,0.0,1,8,0.0,1,8,0.0,1,8,0.0,1,8,0.0,1,8,-0.0,1,8,-9900,?,9,-9900,?,9,18.88,E,8,15.26,E,8,81.0,E,8,1008.6016999999999,E,8,999.0,E,8,1.72,E,8,-9900,?,9,-9900,?,9,0.008,E,8,-9900,?,9,-9900,?,9,0.08,99.0,E,8
10/14/2022,04:00,0.0,1373.386,0.0,1,8,0.0,1,8,0.0,1,8,0.0,1,8,0.0,1,8,0.0,1,8,-0.0,1,8,-9900,?,9,-9900,?,9,18.53,E,8,15.76,E,8,86.0,E,8,1008.6016999999999,E,8,999.0,E,8,1.72,E,8,-9900,?,9,-9900,?,9,0.002,E,8,-9900,?,9,-9900,?,9,0.02,99.0,E,8
10/14/2022,05:00,0.0,1373.386,0.0,1,8,0.0,1,8,0.0,1,8,0.0,1,8,0.0,1,8,0.0,1,8,-0.0,1,8,-9900,?,9,-9900,?,9,18.22,E,8,16.19,E,8,90.0,E,8,1008.6016999999999,E,8,999.0,E,8,1.72,E,8,-9900,?,9,-9900,?,9,0.028000000000000004,E,8,-9900,?,9,-9900,?,9,0.28,99.0,E,8
10/14/2022,06:00,60.159,1373.386,0.0,1,8,0.0,1,8,0.0,1,8,0.0,1,8,0.0,1,8,0.0,1,8,0.0,1,8,-9900,?,9,-9900,?,9,17.99,E,8,16.5,E,8,94.0,E,8,1008.6016999999999,E,8,999.0,E,8,1.72,E,8,-9900,?,9,-9900,?,9,0.004,E,8,-9900,?,9,-9900,?,9,0.04,99.0,E,8
10/14/2022,07:00,384.027,1373.386,33.41,1,8,0.0,1,8,33.41,1,8,4009.2,1,8,0.0,1,8,3675.1,1,8,38.162,1,8,-9900,?,9,-9900,?,9,17.76,E,8,16.8,E,8,92.0,E,8,1008.6016999999999,E,8,999.0,E,8,1.72,E,8,-9900,?,9,-9900,?,9,0.0,E,8,-9900,?,9,-9900,?,9,0.0,0.0,E,8
10/14/2022,08:00,690.899,1373.386,134.34,1,8,0.0,1,8,134.34,1,8,16120.8,1,8,0.0,1,8,14777.4,1,8,85.076,1,8,-9900,?,9,-9900,?,9,18.55,E,8,15.73,E,8,80.0,E,8,1008.6016999999999,E,8,999.0,E,8,1.72,E,8,-9900,?,9,-9900,?,9,0.0,E,8,-9900,?,9,-9900,?,9,0.0,0.0,E,8
10/14/2022,09:00,955.866,1373.386,233.57,1,8,4.521,1,8,230.424,1,8,28028.4,1,8,429.484,1,8,25346.694,1,8,105.417,1,8,-9900,?,9,-9900,?,9,19.02,E,8,15.06,E,8,74.0,E,8,1008.6016999999999,E,8,999.0,E,8,1.72,E,8,-9900,?,9,-9900,?,9,0.0,E,8,-9900,?,9,-9900,?,9,0.0,0.0,E,8
10/14/2022,10:00,1160.582,1373.386,316.54,1,8,9.991,1,8,308.098,1,8,37984.8,1,8,949.184,1,8,33890.751,1,8,116.066,1,8,-9900,?,9,-9900,?,9,19.45,E,8,14.43,E,8,69.0,E,8,1008.6016999999999,E,8,999.0,E,8,1.72,E,8,-9900,?,9,-9900,?,9,0.0,E,8,-9900,?,9,-9900,?,9,0.0,0.0,E,8
10/14/2022,11:00,1291.034,1373.386,376.12,1,8,22.415,1,8,355.05,1,8,45134.4,1,8,2129.404,1,8,39055.511,1,8,120.23,1,8,-9900,?,9,-9900,?,9,19.82,E,8,13.86,E,8,64.0,E,8,1008.6016999999999,E,8,999.0,E,8,1.72,E,8,-9900,?,9,-9900,?,9,0.0,E,8,-9900,?,9,-9900,?,9,0.0,0.0,E,8
10/14/2022,12:00,1338.317,1373.386,407.8,1,8,25.156,1,8,383.287,1,8,48936.0,1,8,2389.814,1,8,42161.549,1,8,125.203,1,8,-9900,?,9,-9900,?,9,20.12,E,8,13.39,E,8,61.0,E,8,1008.6016999999999,E,8,999.0,E,8,1.72,E,8,-9900,?,9,-9900,?,9,0.0,E,8,-9900,?,9,-9900,?,9,0.0,0.0,E,8
10/14/2022,13:00,1299.216,1373.386,409.26,1,8,27.814,1,8,382.949,1,8,49111.2,1,8,2642.325,1,8,42124.398,1,8,128.86,1,8,-9900,?,9,-9900,?,9,20.33,E,8,13.05,E,8,64.0,E,8,1008.6016999999999,E,8,999.0,E,8,1.72,E,8,-9900,?,9,-9900,?,9,0.001,E,8,-9900,?,9,-9900,?,9,0.01,99.0,E,8
10/14/2022,14:00,1176.419,1373.386,380.4,1,8,22.646,1,8,361.004,1,8,45648.0,1,8,2151.333,1,8,39710.466,1,8,134.165,1,8,-9900,?,9,-9900,?,9,20.46,E,8,12.83,E,8,62.0,E,8,1008.6016999999999,E,8,999.0,E,8,2.26,E,8,-9900,?,9,-9900,?,9,0.001,E,8,-9900,?,9,-9900,?,9,0.01,99.0,E,8
10/14/2022,15:00,978.336,1373.386,323.33,1,8,15.604,1,8,312.217,1,8,38799.6,1,8,1482.415,1,8,34343.909,1,8,139.552,1,8,-9900,?,9,-9900,?,9,20.5,E,8,12.77,E,8,62.0,E,8,1008.6016999999999,E,8,999.0,E,8,2.52,E,8,-9900,?,9,-9900,?,9,0.006,E,8,-9900,?,9,-9900,?,9,0.06,99.0,E,8
10/14/2022,16:00,718.549,1373.386,242.37,1,8,23.891,1,8,229.88,1,8,29084.4,1,8,2269.652,1,8,25286.801,1,8,139.967,1,8,-9900,?,9,-9900,?,9,20.42,E,8,12.9,E,8,63.0,E,8,1008.6016999999999,E,8,999.0,E,8,2.11,E,8,-9900,?,9,-9900,?,9,0.011,E,8,-9900,?,9,-9900,?,9,0.11,99.0,E,8
10/14/2022,17:00,415.034,1373.386,144.35,1,8,93.347,1,8,116.222,1,8,17322.0,1,8,8867.962,1,8,12784.398,1,8,122.771,1,8,-9900,?,9,-9900,?,9,20.22,E,8,13.22,E,8,65.0,E,8,1008.6016999999999,E,8,999.0,E,8,2.18,E,8,-9900,?,9,-9900,?,9,0.02,E,8,-9900,?,9,-9900,?,9,0.2,99.0,E,8
10/14/2022,18:00,91.193,1373.386,42.31,1,8,191.484,1,8,30.27,1,8,5077.2,1,8,18190.978,1,8,3329.684,1,8,153.236,1,8,-9900,?,9,-9900,?,9,19.91,E,8,13.72,E,8,68.0,E,8,1008.6016999999999,E,8,999.0,E,8,2.84,E,8,-9900,?,9,-9900,?,9,0.053000000000000005,E,8,-9900,?,9,-9900,?,9,0.53,99.0,E,8
10/14/2022,19:00,0.0,1373.386,0.0,1,8,0.0,1,8,0.0,1,8,0.0,1,8,0.0,1,8,0.0,1,8,-0.0,1,8,-9900,?,9,-9900,?,9,19.72,E,8,14.01,E,8,71.0,E,8,1008.6016999999999,E,8,999.0,E,8,2.47,E,8,-9900,?,9,-9900,?,9,0.038,E,8,-9900,?,9,-9900,?,9,0.38,99.0,E,8
10/14/2022,20:00,0.0,1373.386,0.0,1,8,0.0,1,8,0.0,1,8,0.0,1,8,0.0,1,8,0.0,1,8,-0.0,1,8,-9900,?,9,-9900,?,9,19.53,E,8,14.31,E,8,84.0,E,8,1008.6016999999999,E,8,999.0,E,8,2.64,E,8,-9900,?,9,-9900,?,9,1.8,E,8,-9900,?,9,-9900,?,9,18.0,99.0,E,8
10/14/2022,21:00,0.0,1373.386,0.0,1,8,0.0,1,8,0.0,1,8,0.0,1,8,0.0,1,8,0.0,1,8,-0.0,1,8,-9900,?,9,-9900,?,9,19.34,E,8,14.59,E,8,75.0,E,8,1008.6016999999999,E,8,999.0,E,8,2.34,E,8,-9900,?,9,-9900,?,9,0.078,E,8,-9900,?,9,-9900,?,9,0.78,99.0,E,8
10/14/2022,22:00,0.0,1373.386,0.0,1,8,0.0,1,8,0.0,1,8,0.0,1,8,0.0,1,8,0.0,1,8,-0.0,1,8,-9900,?,9,-9900,?,9,19.16,E,8,14.86,E,8,83.0,E,8,1008.6016999999999,E,8,999.0,E,8,1.72,E,8,-9900,?,9,-9900,?,9,0.136,E,8,-9900,?,9,-9900,?,9,1.36,99.0,E,8
10/14/2022,23:00,0.0,1373.386,0.0,1,8,0.0,1,8,0.0,1,8,0.0,1,8,0.0,1,8,0.0,1,8,-0.0,1,8,-9900,?,9,-9900,?,9,18.97,E,8,15.13,E,8,80.0,E,8,1008.6016999999999,E,8,999.0,E,8,1.72,E,8,-9900,?,9,-9900,?,9,0.015,E,8,-9900,?,9,-9900,?,9,0.15,99.0,E,8
10/14/2022,24:00,0.0,1373.386,0.0,1,8,0.0,1,8,0.0,1,8,0.0,1,8,0.0,1,8,0.0,1,8,-0.0,1,8,-9900,?,9,-9900,?,9,18.78,E,8,15.2,E,8,77.0,E,8,1008.6016999999999,E,8,999.0,E,8,1.47,E,8,-9900,?,9,-9900,?,9,0.0,E,8,-9900,?,9,-9900,?,9,0.0,0.0,E,8
10/15/2022,01:00,0.0,1373.386,0.0,1,8,0.0,1,8,0.0,1,8,0.0,1,8,0.0,1,8,0.0,1,8,-0.0,1,8,-9900,?,9,-9900,?,9,18.68,E,8,15.26,E,8,83.0,E,8,1008.6016999999999,E,8,999.0,E,8,1.47,E,8,-9900,?,9,-9900,?,9,0.004,E,8,-9900,?,9,-9900,?,9,0.04,99.0,E,8
10/15/2022,02:00,0.0,1373.386,0.0,1,8,0.0,1,8,0.0,1,8,0.0,1,8,0.0,1,8,0.0,1,8,-0.0,1,8,-9900,?,9,-9900,?,9,18.59,E,8,15.31,E,8,83.0,E,8,1008.6016999999999,E,8,999.0,E,8,1.47,E,8,-9900,?,9,-9900,?,9,0.034999999999999996,E,8,-9900,?,9,-9900,?,9,0.35,99.0,E,8
10/15/2022,03:00,0.0,1373.386,0.0,1,8,0.0,1,8,0.0,1,8,0.0,1,8,0.0,1,8,0.0,1,8,-0.0,1,8,-9900,?,9,-9900,?,9,18.5,E,8,15.36,E,8,84.0,E,8,1008.6016999999999,E,8,999.0,E,8,1.47,E,8,-9900,?,9,-9900,?,9,0.01,E,8,-9900,?,9,-9900,?,9,0.1,99.0,E,8
10/15/2022,04:00,0.0,1374.19,0.0,1,8,0.0,1,8,0.0,1,8,0.0,1,8,0.0,1,8,0.0,1,8,-0.0,1,8,-9900,?,9,-9900,?,9,18.4,E,8,15.41,E,8,80.0,E,8,1008.6016999999999,E,8,999.0,E,8,1.47,E,8,-9900,?,9,-9900,?,9,0.0,E,8,-9900,?,9,-9900,?,9,0.0,0.0,E,8
10/15/2022,05:00,0.0,1374.19,0.0,1,8,0.0,1,8,0.0,1,8,0.0,1,8,0.0,1,8,0.0,1,8,-0.0,1,8,-9900,?,9,-9900,?,9,18.32,E,8,15.45,E,8,81.0,E,8,1008.6016999999999,E,8,999.0,E,8,1.47,E,8,-9900,?,9,-9900,?,9,0.0,E,8,-9900,?,9,-9900,?,9,0.0,0.0,E,8
10/15/2022,06:00,64.409,1374.19,0.0,1,8,0.0,1,8,0.0,1,8,0.0,1,8,0.0,1,8,0.0,1,8,0.0,1,8,-9900,?,9,-9900,?,9,18.26,E,8,15.48,E,8,81.0,E,8,1008.6016999999999,E,8,999.0,E,8,1.47,E,8,-9900,?,9,-9900,?,9,0.0,E,8,-9900,?,9,-9900,?,9,0.0,0.0,E,8
10/15/2022,07:00,388.355,1374.19,60.82,1,8,0.0,1,8,60.82,1,8,7298.4,1,8,0.0,1,8,6690.2,1,8,68.732,1,8,-9900,?,9,-9900,?,9,18.19,E,8,15.52,E,8,82.0,E,8,1008.6016999999999,E,8,999.0,E,8,1.47,E,8,-9900,?,9,-9900,?,9,0.0,E,8,-9900,?,9,-9900,?,9,0.0,0.0,E,8
10/15/2022,08:00,694.998,1374.19,238.95,1,8,36.956,1,8,220.275,1,8,28674.0,1,8,3510.84,1,8,24230.278,1,8,138.755,1,8,-9900,?,9,-9900,?,9,19.71,E,8,14.7,E,8,71.0,E,8,1008.6016999999999,E,8,999.0,E,8,1.47,E,8,-9900,?,9,-9900,?,9,0.0,E,8,-9900,?,9,-9900,?,9,0.0,0.0,E,8
10/15/2022,09:00,959.669,1374.19,413.68,1,8,94.214,1,8,347.906,1,8,49641.6,1,8,8950.332,1,8,38269.627,1,8,158.625,1,8,-9900,?,9,-9900,?,9,20.61,E,8,14.19,E,8,65.0,E,8,1008.6016999999999,E,8,999.0,E,8,1.47,E,8,-9900,?,9,-9900,?,9,0.0,E,8,-9900,?,9,-9900,?,9,0.0,0.0,E,8
10/15/2022,10:00,1164.047,1374.19,559.7,1,8,205.925,1,8,385.286,1,8,67164.0,1,8,19562.836,1,8,42381.436,1,8,144.797,1,8,-9900,?,9,-9900,?,9,21.42,E,8,13.72,E,8,60.0,E,8,1008.6016999999999,E,8,999.0,E,8,1.47,E,8,-9900,?,9,-9900,?,9,0.0,E,8,-9900,?,9,-9900,?,9,0.0,0.0,E,8
10/15/2022,11:00,1294.143,1374.19,664.48,1,8,120.495,1,8,551.008,1,8,79737.6,1,8,11446.982,1,8,60610.933,1,8,186.247,1,8,-9900,?,9,-9900,?,9,22.12,E,8,13.3,E,8,56.0,E,8,1008.6016999999999,E,8,999.0,E,8,2.62,E,8,-9900,?,9,-9900,?,9,0.0,E,8,-9900,?,9,-9900,?,9,0.0,0.0,E,8
10/15/2022,12:00,1341.079,1374.19,720.08,1,8,139.745,1,8,583.704,1,8,86409.6,1,8,13275.817,1,8,64207.408,1,8,190.389,1,8,-9900,?,9,-9900,?,9,22.69,E,8,12.95,E,8,58.0,E,8,1008.6016999999999,E,8,999.0,E,8,2.87,E,8,-9900,?,9,-9900,?,9,0.002,E,8,-9900,?,9,-9900,?,9,0.02,99.0,E,8
10/15/2022,13:00,1301.662,1374.19,722.43,1,8,163.083,1,8,567.96,1,8,86691.6,1,8,15492.865,1,8,62475.561,1,8,190.867,1,8,-9900,?,9,-9900,?,9,23.09,E,8,12.71,E,8,51.0,E,8,1008.6016999999999,E,8,999.0,E,8,3.76,E,8,-9900,?,9,-9900,?,9,0.0,E,8,-9900,?,9,-9900,?,9,0.0,0.0,E,8
10/15/2022,14:00,1178.603,1374.19,671.4,1,8,290.562,1,8,422.219,1,8,80568.0,1,8,27603.42,1,8,46444.137,1,8,156.716,1,8,-9900,?,9,-9900,?,9,23.33,E,8,12.56,E,8,50.0,E,8,1008.6016999999999,E,8,999.0,E,8,3.81,E,8,-9900,?,9,-9900,?,9,0.0,E,8,-9900,?,9,-9900,?,9,0.0,0.0,E,8
10/15/2022,15:00,980.328,1374.19,570.7,1,8,346.784,1,8,323.379,1,8,68484.0,1,8,32944.512,1,8,35571.681,1,8,144.331,1,8,-9900,?,9,-9900,?,9,23.4,E,8,12.51,E,8,50.0,E,8,1008.6016999999999,E,8,999.0,E,8,3.41,E,8,-9900,?,9,-9900,?,9,0.0,E,8,-9900,?,9,-9900,?,9,0.0,0.0,E,8
10/15/2022,16:00,720.435,1374.19,427.96,1,8,429.848,1,8,202.781,1,8,51355.2,1,8,40835.586,1,8,22305.929,1,8,123.216,1,8,-9900,?,9,-9900,?,9,23.26,E,8,12.6,E,8,51.0,E,8,1008.6016999999999,E,8,999.0,E,8,3.16,E,8,-9900,?,9,-9900,?,9,0.0,E,8,-9900,?,9,-9900,?,9,0.0,0.0,E,8
10/15/2022,17:00,416.901,1374.19,255.19,1,8,405.918,1,8,132.393,1,8,30622.8,1,8,38562.243,1,8,14563.271,1,8,139.306,1,8,-9900,?,9,-9900,?,9,22.86,E,8,12.85,E,8,53.0,E,8,1008.6016999999999,E,8,999.0,E,8,2.24,E,8,-9900,?,9,-9900,?,9,0.0,E,8,-9900,?,9,-9900,?,9,0.0,0.0,E,8
10/15/2022,18:00,93.076,1374.19,75.33,1,8,271.908,1,8,57.857,1,8,9039.6,1,8,25831.28,1,8,6364.292,1,8,286.594,1,8,-9900,?,9,-9900,?,9,22.28,E,8,13.2,E,8,55.0,E,8,1008.6016999999999,E,8,999.0,E,8,1.58,E,8,-9900,?,9,-9900,?,9,0.0,E,8,-9900,?,9,-9900,?,9,0.0,0.0,E,8
10/15/2022,19:00,0.0,1374.19,0.0,1,8,0.0,1,8,0.0,1,8,0.0,1,8,0.0,1,8,0.0,1,8,-0.0,1,8,-9900,?,9,-9900,?,9,21.76,E,8,13.52,E,8,63.0,E,8,1008.6016999999999,E,8,999.0,E,8,1.47,E,8,-9900,?,9,-9900,?,9,0.001,E,8,-9900,?,9,-9900,?,9,0.01,99.0,E,8
10/15/2022,20:00,0.0,1374.19,0.0,1,8,0.0,1,8,0.0,1,8,0.0,1,8,0.0,1,8,0.0,1,8,-0.0,1,8,-9900,?,9,-9900,?,9,21.24,E,8,13.82,E,8,75.0,E,8,1008.6016999999999,E,8,999.0,E,8,1.47,E,8,-9900,?,9,-9900,?,9,0.623,E,8,-9900,?,9,-9900,?,9,6.23,99.0,E,8
10/15/2022,21:00,0.0,1374.19,0.0,1,8,0.0,1,8,0.0,1,8,0.0,1,8,0.0,1,8,0.0,1,8,-0.0,1,8,-9900,?,9,-9900,?,9,20.72,E,8,14.13,E,8,69.0,E,8,1008.6016999999999,E,8,999.0,E,8,1.47,E,8,-9900,?,9,-9900,?,9,0.006,E,8,-9900,?,9,-9900,?,9,0.06,99.0,E,8
10/15/2022,22:00,0.0,1374.19,0.0,1,8,0.0,1,8,0.0,1,8,0.0,1,8,0.0,1,8,0.0,1,8,-0.0,1,8,-9900,?,9,-9900,?,9,20.19,E,8,14.43,E,8,72.0,E,8,1008.6016999999999,E,8,999.0,E,8,1.47,E,8,-9900,?,9,-9900,?,9,0.018,E,8,-9900,?,9,-9900,?,9,0.18,99.0,E,8
10/15/2022,23:00,0.0,1374.19,0.0,1,8,0.0,1,8,0.0,1,8,0.0,1,8,0.0,1,8,0.0,1,8,-0.0,1,8,-9900,?,9,-9900,?,9,19.67,E,8,14.72,E,8,71.0,E,8,1008.6016999999999,E,8,999.0,E,8,1.47,E,8,-9900,?,9,-9900,?,9,0.0,E,8,-9900,?,9,-9900,?,9,0.0,0.0,E,8
10/15/2022,24:00,0.0,1374.19,0.0,1,8,0.0,1,8,0.0,1,8,0.0,1,8,0.0,1,8,0.0,1,8,-0.0,1,8,-9900,?,9,-9900,?,9,19.15,E,8,14.91,E,8,76.0,E,8,1008.6016999999999,E,8,999.0,E,8,1.21,E,8,-9900,?,9,-9900,?,9,0.0,E,8,-9900,?,9,-9900,?,9,0.0,0.0,E,8
10/16/2022,01:00,0.0,1374.19,0.0,1,8,0.0,1,8,0.0,1,8,0.0,1,8,0.0,1,8,0.0,1,8,-0.0,1,8,-9900,?,9,-9900,?,9,18.89,E,8,15.07,E,8,83.0,E,8,1008.6016999999999,E,8,999.0,E,8,1.21,E,8,-9900,?,9,-9900,?,9,0.018,E,8,-9900,?,9,-9900,?,9,0.18,99.0,E,8
10/16/2022,02:00,0.0,1374.19,0.0,1,8,0.0,1,8,0.0,1,8,0.0,1,8,0.0,1,8,0.0,1,8,-0.0,1,8,-9900,?,9,-9900,?,9,18.63,E,8,15.22,E,8,85.0,E,8,1008.6016999999999,E,8,999.0,E,8,1.21,E,8,-9900,?,9,-9900,?,9,0.001,E,8,-9900,?,9,-9900,?,9,0.01,99.0,E,8
10/16/2022,03:00,0.0,1374.19,0.0,1,8,0.0,1,8,0.0,1,8,0.0,1,8,0.0,1,8,0.0,1,8,-0.0,1,8,-9900,?,9,-9900,?,9,18.37,E,8,15.38,E,8,82.0,E,8,1008.6016999999999,E,8,999.0,E,8,1.21,E,8,-9900,?,9,-9900,?,9,0.0,E,8,-9900,?,9,-9900,?,9,0.0,0.0,E,8
10/16/2022,04:00,0.0,1374.991,0.0,1,8,0.0,1,8,0.0,1,8,0.0,1,8,0.0,1,8,0.0,1,8,-0.0,1,8,-9900,?,9,-9900,?,9,18.11,E,8,15.53,E,8,84.0,E,8,1008.6016999999999,E,8,999.0,E,8,1.21,E,8,-9900,?,9,-9900,?,9,0.0,E,8,-9900,?,9,-9900,?,9,0.0,0.0,E,8
10/16/2022,05:00,0.0,1374.991,0.0,1,8,0.0,1,8,0.0,1,8,0.0,1,8,0.0,1,8,0.0,1,8,-0.0,1,8,-9900,?,9,-9900,?,9,17.88,E,8,15.67,E,8,86.0,E,8,1008.6016999999999,E,8,999.0,E,8,1.21,E,8,-9900,?,9,-9900,?,9,0.0,E,8,-9900,?,9,-9900,?,9,0.0,0.0,E,8
10/16/2022,06:00,68.61,1374.991,0.0,1,8,0.0,1,8,0.0,1,8,0.0,1,8,0.0,1,8,0.0,1,8,0.0,1,8,-9900,?,9,-9900,?,9,17.7,E,8,15.77,E,8,88.0,E,8,1008.6016999999999,E,8,999.0,E,8,1.21,E,8,-9900,?,9,-9900,?,9,0.0,E,8,-9900,?,9,-9900,?,9,0.0,0.0,E,8
10/16/2022,07:00,392.602,1374.991,55.83,1,8,0.0,1,8,55.83,1,8,6699.6,1,8,0.0,1,8,6141.3,1,8,62.442,1,8,-9900,?,9,-9900,?,9,17.53,E,8,15.87,E,8,89.0,E,8,1008.6016999999999,E,8,999.0,E,8,1.21,E,8,-9900,?,9,-9900,?,9,0.0,E,8,-9900,?,9,-9900,?,9,0.0,0.0,E,8
10/16/2022,08:00,699.01,1374.991,214.56,1,8,20.719,1,8,204.036,1,8,25747.2,1,8,1968.285,1,8,22443.953,1,8,127.861,1,8,-9900,?,9,-9900,?,9,19.17,E,8,14.9,E,8,76.0,E,8,1008.6016999999999,E,8,999.0,E,8,1.21,E,8,-9900,?,9,-9900,?,9,0.0,E,8,-9900,?,9,-9900,?,9,0.0,0.0,E,8
10/16/2022,09:00,963.382,1374.991,369.94,1,8,58.436,1,8,329.01,1,8,44392.8,1,8,5551.374,1,8,36191.084,1,8,149.518,1,8,-9900,?,9,-9900,?,9,20.11,E,8,14.31,E,8,69.0,E,8,1008.6016999999999,E,8,999.0,E,8,1.21,E,8,-9900,?,9,-9900,?,9,0.0,E,8,-9900,?,9,-9900,?,9,0.0,0.0,E,8
10/16/2022,10:00,1167.425,1374.991,499.69,1,8,128.769,1,8,390.372,1,8,59962.8,1,8,12233.09,1,8,42940.903,1,8,146.369,1,8,-9900,?,9,-9900,?,9,20.98,E,8,13.75,E,8,63.0,E,8,1008.6016999999999,E,8,999.0,E,8,1.21,E,8,-9900,?,9,-9900,?,9,0.0,E,8,-9900,?,9,-9900,?,9,0.0,0.0,E,8
10/16/2022,11:00,1297.174,1374.991,592.75,1,8,75.314,1,8,521.701,1,8,71130.0,1,8,7154.866,1,8,57387.065,1,8,176.031,1,8,-9900,?,9,-9900,?,9,21.72,E,8,13.26,E,8,58.0,E,8,1008.6016999999999,E,8,999.0,E,8,1.48,E,8,-9900,?,9,-9900,?,9,0.0,E,8,-9900,?,9,-9900,?,9,0.0,0.0,E,8
10/16/2022,12:00,1343.774,1374.991,642.03,1,8,87.405,1,8,556.611,1,8,77043.6,1,8,8303.44,1,8,61227.206,1,8,181.293,1,8,-9900,?,9,-9900,?,9,22.32,E,8,12.85,E,8,54.0,E,8,1008.6016999999999,E,8,999.0,E,8,2.46,E,8,-9900,?,9,-9900,?,9,0.0,E,8,-9900,?,9,-9900,?,9,0.0,0.0,E,8
10/16/2022,13:00,1304.057,1374.991,643.95,1,8,102.509,1,8,546.732,1,8,77274.0,1,8,9738.391,1,8,60140.539,1,8,183.503,1,8,-9900,?,9,-9900,?,9,22.75,E,8,12.55,E,8,52.0,E,8,1008.6016999999999,E,8,999.0,E,8,3.41,E,8,-9900,?,9,-9900,?,9,0.0,E,8,-9900,?,9,-9900,?,9,0.0,0.0,E,8
10/16/2022,14:00,1180.753,1374.991,598.38,1,8,250.955,1,8,382.899,1,8,71805.6,1,8,23840.746,1,8,42118.844,1,8,141.945,1,8,-9900,?,9,-9900,?,9,23.0,E,8,12.38,E,8,50.0,E,8,1008.6016999999999,E,8,999.0,E,8,4.01,E,8,-9900,?,9,-9900,?,9,0.0,E,8,-9900,?,9,-9900,?,9,0.0,0.0,E,8
10/16/2022,15:00,982.306,1374.991,508.67,1,8,203.514,1,8,363.319,1,8,61040.4,1,8,19333.857,1,8,39965.039,1,8,161.925,1,8,-9900,?,9,-9900,?,9,23.08,E,8,12.32,E,8,55.0,E,8,1008.6016999999999,E,8,999.0,E,8,4.45,E,8,-9900,?,9,-9900,?,9,0.004,E,8,-9900,?,9,-9900,?,9,0.04,99.0,E,8
10/16/2022,16:00,722.324,1374.991,381.58,1,8,319.713,1,8,213.754,1,8,45789.6,1,8,30372.703,1,8,23512.97,1,8,129.618,1,8,-9900,?,9,-9900,?,9,22.92,E,8,12.43,E,8,51.0,E,8,1008.6016999999999,E,8,999.0,E,8,4.26,E,8,-9900,?,9,-9900,?,9,0.0,E,8,-9900,?,9,-9900,?,9,0.0,0.0,E,8
10/16/2022,17:00,418.79,1374.991,227.82,1,8,407.069,1,8,104.186,1,8,27338.4,1,8,38671.57,1,8,11460.489,1,8,109.192,1,8,-9900,?,9,-9900,?,9,22.5,E,8,12.73,E,8,58.0,E,8,1008.6016999999999,E,8,999.0,E,8,3.94,E,8,-9900,?,9,-9900,?,9,0.002,E,8,-9900,?,9,-9900,?,9,0.02,99.0,E,8
10/16/2022,18:00,94.997,1374.991,67.73,1,8,254.448,1,8,51.021,1,8,8127.6,1,8,24172.518,1,8,5612.325,1,8,247.316,1,8,-9900,?,9,-9900,?,9,21.88,E,8,13.15,E,8,62.0,E,8,1008.6016999999999,E,8,999.0,E,8,2.82,E,8,-9900,?,9,-9900,?,9,0.006,E,8,-9900,?,9,-9900,?,9,0.06,99.0,E,8
10/16/2022,19:00,0.0,1374.991,0.0,1,8,0.0,1,8,0.0,1,8,0.0,1,8,0.0,1,8,0.0,1,8,-0.0,1,8,-9900,?,9,-9900,?,9,21.41,E,8,13.47,E,8,75.0,E,8,1008.6016999999999,E,8,999.0,E,8,1.88,E,8,-9900,?,9,-9900,?,9,0.623,E,8,-9900,?,9,-9900,?,9,6.23,99.0,E,8
10/16/2022,20:00,0.0,1374.991,0.0,1,8,0.0,1,8,0.0,1,8,0.0,1,8,0.0,1,8,0.0,1,8,-0.0,1,8,-9900,?,9,-9900,?,9,20.93,E,8,13.78,E,8,68.0,E,8,1008.6016999999999,E,8,999.0,E,8,1.21,E,8,-9900,?,9,-9900,?,9,0.01,E,8,-9900,?,9,-9900,?,9,0.1,99.0,E,8
10/16/2022,21:00,0.0,1374.991,0.0,1,8,0.0,1,8,0.0,1,8,0.0,1,8,0.0,1,8,0.0,1,8,-0.0,1,8,-9900,?,9,-9900,?,9,20.46,E,8,14.09,E,8,71.0,E,8,1008.6016999999999,E,8,999.0,E,8,1.21,E,8,-9900,?,9,-9900,?,9,0.034999999999999996,E,8,-9900,?,9,-9900,?,9,0.35,99.0,E,8
10/16/2022,22:00,0.0,1374.991,0.0,1,8,0.0,1,8,0.0,1,8,0.0,1,8,0.0,1,8,0.0,1,8,-0.0,1,8,-9900,?,9,-9900,?,9,19.98,E,8,14.39,E,8,69.0,E,8,1008.6016999999999,E,8,999.0,E,8,1.21,E,8,-9900,?,9,-9900,?,9,0.0,E,8,-9900,?,9,-9900,?,9,0.0,0.0,E,8
10/16/2022,23:00,0.0,1374.991,0.0,1,8,0.0,1,8,0.0,1,8,0.0,1,8,0.0,1,8,0.0,1,8,-0.0,1,8,-9900,?,9,-9900,?,9,19.51,E,8,14.69,E,8,73.0,E,8,1008.6016999999999,E,8,999.0,E,8,1.21,E,8,-9900,?,9,-9900,?,9,0.0,E,8,-9900,?,9,-9900,?,9,0.0,0.0,E,8
10/16/2022,24:00,0.0,1374.991,0.0,1,8,0.0,1,8,0.0,1,8,0.0,1,8,0.0,1,8,0.0,1,8,-0.0,1,8,-9900,?,9,-9900,?,9,19.03,E,8,16.42,E,8,89.0,E,8,1008.6016999999999,E,8,999.0,E,8,1.52,E,8,-9900,?,9,-9900,?,9,0.001,E,8,-9900,?,9,-9900,?,9,0.01,99.0,E,8
10/17/2022,01:00,0.0,1374.991,0.0,1,8,0.0,1,8,0.0,1,8,0.0,1,8,0.0,1,8,0.0,1,8,-0.0,1,8,-9900,?,9,-9900,?,9,18.79,E,8,16.45,E,8,91.0,E,8,1008.6016999999999,E,8,999.0,E,8,1.52,E,8,-9900,?,9,-9900,?,9,0.009,E,8,-9900,?,9,-9900,?,9,0.09,99.0,E,8
10/17/2022,02:00,0.0,1374.991,0.0,1,8,0.0,1,8,0.0,1,8,0.0,1,8,0.0,1,8,0.0,1,8,-0.0,1,8,-9900,?,9,-9900,?,9,18.56,E,8,16.49,E,8,87.0,E,8,1008.6016999999999,E,8,999.0,E,8,1.52,E,8,-9900,?,9,-9900,?,9,0.0,E,8,-9900,?,9,-9900,?,9,0.0,0.0,E,8
10/17/2022,03:00,0.0,1374.991,0.0,1,8,0.0,1,8,0.0,1,8,0.0,1,8,0.0,1,8,0.0,1,8,-0.0,1,8,-9900,?,9,-9900,?,9,18.32,E,8,16.52,E,8,94.0,E,8,1008.6016999999999,E,8,999.0,E,8,1.52,E,8,-9900,?,9,-9900,?,9,0.001,E,8,-9900,?,9,-9900,?,9,0.01,99.0,E,8
10/17/2022,04:00,0.0,1375.791,0.0,1,8,0.0,1,8,0.0,1,8,0.0,1,8,0.0,1,8,0.0,1,8,-0.0,1,8,-9900,?,9,-9900,?,9,18.08,E,8,16.56,E,8,90.0,E,8,1008.6016999999999,E,8,999.0,E,8,1.52,E,8,-9900,?,9,-9900,?,9,0.0,E,8,-9900,?,9,-9900,?,9,0.0,0.0,E,8
10/17/2022,05:00,0.0,1375.791,0.0,1,8,0.0,1,8,0.0,1,8,0.0,1,8,0.0,1,8,0.0,1,8,-0.0,1,8,-9900,?,9,-9900,?,9,17.87,E,8,16.59,E,8,92.0,E,8,1008.6016999999999,E,8,999.0,E,8,1.52,E,8,-9900,?,9,-9900,?,9,0.0,E,8,-9900,?,9,-9900,?,9,0.0,0.0,E,8
10/17/2022,06:00,72.758,1375.791,0.0,1,8,0.0,1,8,0.0,1,8,0.0,1,8,0.0,1,8,0.0,1,8,0.0,1,8,-9900,?,9,-9900,?,9,17.72,E,8,16.61,E,8,93.0,E,8,1008.6016999999999,E,8,999.0,E,8,1.52,E,8,-9900,?,9,-9900,?,9,0.0,E,8,-9900,?,9,-9900,?,9,0.0,0.0,E,8
10/17/2022,07:00,396.767,1375.791,96.5,1,8,0.0,1,8,96.5,1,8,11580.0,1,8,0.0,1,8,10615.0,1,8,106.85,1,8,-9900,?,9,-9900,?,9,17.56,E,8,16.63,E,8,94.0,E,8,1008.6016999999999,E,8,999.0,E,8,1.52,E,8,-9900,?,9,-9900,?,9,0.0,E,8,-9900,?,9,-9900,?,9,0.0,0.0,E,8
10/17/2022,08:00,702.933,1375.791,231.94,1,8,21.803,1,8,220.81,1,8,27832.8,1,8,2071.268,1,8,24289.046,1,8,137.679,1,8,-9900,?,9,-9900,?,9,19.61,E,8,16.33,E,8,81.0,E,8,1008.6016999999999,E,8,999.0,E,8,1.52,E,8,-9900,?,9,-9900,?,9,0.0,E,8,-9900,?,9,-9900,?,9,0.0,0.0,E,8
10/17/2022,09:00,967.004,1375.791,406.59,1,8,95.709,1,8,339.339,1,8,48790.8,1,8,9092.398,1,8,37327.269,1,8,153.723,1,8,-9900,?,9,-9900,?,9,20.62,E,8,16.18,E,8,75.0,E,8,1008.6016999999999,E,8,999.0,E,8,1.52,E,8,-9900,?,9,-9900,?,9,0.0,E,8,-9900,?,9,-9900,?,9,0.0,0.0,E,8
10/17/2022,10:00,1170.715,1375.791,423.52,1,8,23.222,1,8,403.762,1,8,50822.4,1,8,2206.089,1,8,44413.786,1,8,151.051,1,8,-9900,?,9,-9900,?,9,21.18,E,8,16.1,E,8,72.0,E,8,1008.6016999999999,E,8,999.0,E,8,1.52,E,8,-9900,?,9,-9900,?,9,0.0,E,8,-9900,?,9,-9900,?,9,0.0,0.0,E,8
10/17/2022,11:00,1300.125,1375.791,233.45,1,8,5.145,1,8,228.588,1,8,28014.0,1,8,488.754,1,8,25144.718,1,8,76.999,1,8,-9900,?,9,-9900,?,9,21.04,E,8,16.12,E,8,73.0,E,8,1008.6016999999999,E,8,999.0,E,8,1.52,E,8,-9900,?,9,-9900,?,9,0.0,E,8,-9900,?,9,-9900,?,9,0.0,0.0,E,8
10/17/2022,12:00,1346.401,1375.791,497.68,1,8,40.924,1,8,457.631,1,8,59721.6,1,8,3887.789,1,8,50339.371,1,8,148.85,1,8,-9900,?,9,-9900,?,9,21.5,E,8,16.05,E,8,71.0,E,8,1008.6016999999999,E,8,999.0,E,8,1.95,E,8,-9900,?,9,-9900,?,9,0.0,E,8,-9900,?,9,-9900,?,9,0.0,0.0,E,8
10/17/2022,13:00,1306.4,1375.791,612.97,1,8,177.64,1,8,444.295,1,8,73556.4,1,8,16875.84,1,8,48872.41,1,8,148.94,1,8,-9900,?,9,-9900,?,9,22.03,E,8,15.97,E,8,68.0,E,8,1008.6016999999999,E,8,999.0,E,8,3.22,E,8,-9900,?,9,-9900,?,9,0.0,E,8,-9900,?,9,-9900,?,9,0.0,0.0,E,8
10/17/2022,14:00,1182.87,1375.791,333.7,1,8,34.63,1,8,303.929,1,8,40044.0,1,8,3289.896,1,8,33432.156,1,8,112.534,1,8,-9900,?,9,-9900,?,9,21.99,E,8,15.97,E,8,73.0,E,8,1008.6016999999999,E,8,999.0,E,8,3.9,E,8,-9900,?,9,-9900,?,9,0.018,E,8,-9900,?,9,-9900,?,9,0.18,99.0,E,8
10/17/2022,15:00,984.27,1375.791,394.18,1,8,77.255,1,8,338.926,1,8,47301.6,1,8,7339.205,1,8,37281.832,1,8,150.839,1,8,-9900,?,9,-9900,?,9,22.05,E,8,15.96,E,8,73.0,E,8,1008.6016999999999,E,8,999.0,E,8,3.48,E,8,-9900,?,9,-9900,?,9,0.013000000000000001,E,8,-9900,?,9,-9900,?,9,0.13,99.0,E,8
10/17/2022,16:00,724.22,1375.791,295.8,1,8,98.669,1,8,243.9,1,8,35496.0,1,8,9373.59,1,8,26828.985,1,8,147.596,1,8,-9900,?,9,-9900,?,9,21.91,E,8,15.99,E,8,74.0,E,8,1008.6016999999999,E,8,999.0,E,8,3.56,E,8,-9900,?,9,-9900,?,9,0.002,E,8,-9900,?,9,-9900,?,9,0.02,99.0,E,8
10/17/2022,17:00,420.703,1375.791,176.83,1,8,211.669,1,8,112.285,1,8,21219.6,1,8,20108.59,1,8,12351.335,1,8,117.21,1,8,-9900,?,9,-9900,?,9,21.57,E,8,16.04,E,8,75.0,E,8,1008.6016999999999,E,8,999.0,E,8,3.27,E,8,-9900,?,9,-9900,?,9,0.006,E,8,-9900,?,9,-9900,?,9,0.06,99.0,E,8
10/17/2022,18:00,96.956,1375.791,52.93,1,8,287.531,1,8,33.637,1,8,6351.6,1,8,27315.4,1,8,3700.022,1,8,159.564,1,8,-9900,?,9,-9900,?,9,21.07,E,8,16.11,E,8,78.0,E,8,1008.6016999999999,E,8,999.0,E,8,1.72,E,8,-9900,?,9,-9900,?,9,0.004,E,8,-9900,?,9,-9900,?,9,0.04,99.0,E,8
10/17/2022,19:00,0.0,1375.791,0.0,1,8,0.0,1,8,0.0,1,8,0.0,1,8,0.0,1,8,0.0,1,8,-0.0,1,8,-9900,?,9,-9900,?,9,20.8,E,8,16.15,E,8,79.0,E,8,1008.6016999999999,E,8,999.0,E,8,1.52,E,8,-9900,?,9,-9900,?,9,0.025,E,8,-9900,?,9,-9900,?,9,0.25,99.0,E,8
10/17/2022,20:00,0.0,1375.791,0.0,1,8,0.0,1,8,0.0,1,8,0.0,1,8,0.0,1,8,0.0,1,8,-0.0,1,8,-9900,?,9,-9900,?,9,20.53,E,8,16.19,E,8,81.0,E,8,1008.6016999999999,E,8,999.0,E,8,1.52,E,8,-9900,?,9,-9900,?,9,0.036,E,8,-9900,?,9,-9900,?,9,0.36,99.0,E,8
10/17/2022,21:00,0.0,1375.791,0.0,1,8,0.0,1,8,0.0,1,8,0.0,1,8,0.0,1,8,0.0,1,8,-0.0,1,8,-9900,?,9,-9900,?,9,20.26,E,8,16.23,E,8,82.0,E,8,1008.6016999999999,E,8,999.0,E,8,1.52,E,8,-9900,?,9,-9900,?,9,0.05500000000000001,E,8,-9900,?,9,-9900,?,9,0.55,99.0,E,8
10/17/2022,22:00,0.0,1375.791,0.0,1,8,0.0,1,8,0.0,1,8,0.0,1,8,0.0,1,8,0.0,1,8,-0.0,1,8,-9900,?,9,-9900,?,9,19.98,E,8,16.28,E,8,94.0,E,8,1008.6016999999999,E,8,999.0,E,8,1.52,E,8,-9900,?,9,-9900,?,9,1.4300000000000002,E,8,-9900,?,9,-9900,?,9,14.3,99.0,E,8
10/17/2022,23:00,0.0,1375.791,0.0,1,8,0.0,1,8,0.0,1,8,0.0,1,8,0.0,1,8,0.0,1,8,-0.0,1,8,-9900,?,9,-9900,?,9,19.71,E,8,16.32,E,8,90.0,E,8,1008.6016999999999,E,8,999.0,E,8,1.52,E,8,-9900,?,9,-9900,?,9,0.1,E,8,-9900,?,9,-9900,?,9,1.0,99.0,E,8
10/17/2022,24:00,0.0,1375.791,0.0,1,8,0.0,1,8,0.0,1,8,0.0,1,8,0.0,1,8,0.0,1,8,-0.0,1,8,-9900,?,9,-9900,?,9,19.44,E,8,17.5,E,8,84.0,E,8,1008.6016999999999,E,8,999.0,E,8,1.03,E,8,-9900,?,9,-9900,?,9,0.017,E,8,-9900,?,9,-9900,?,9,0.17,99.0,E,8
10/18/2022,01:00,0.0,1375.791,0.0,1,8,0.0,1,8,0.0,1,8,0.0,1,8,0.0,1,8,0.0,1,8,-0.0,1,8,-9900,?,9,-9900,?,9,19.31,E,8,17.52,E,8,85.0,E,8,1008.6016999999999,E,8,999.0,E,8,1.03,E,8,-9900,?,9,-9900,?,9,0.094,E,8,-9900,?,9,-9900,?,9,0.94,99.0,E,8
10/18/2022,02:00,0.0,1375.791,0.0,1,8,0.0,1,8,0.0,1,8,0.0,1,8,0.0,1,8,0.0,1,8,-0.0,1,8,-9900,?,9,-9900,?,9,19.17,E,8,17.55,E,8,94.0,E,8,1008.6016999999999,E,8,999.0,E,8,1.03,E,8,-9900,?,9,-9900,?,9,1.345,E,8,-9900,?,9,-9900,?,9,13.45,99.0,E,8
10/18/2022,03:00,0.0,1375.791,0.0,1,8,0.0,1,8,0.0,1,8,0.0,1,8,0.0,1,8,0.0,1,8,-0.0,1,8,-9900,?,9,-9900,?,9,19.03,E,8,17.57,E,8,87.0,E,8,1008.6016999999999,E,8,999.0,E,8,1.03,E,8,-9900,?,9,-9900,?,9,0.052000000000000005,E,8,-9900,?,9,-9900,?,9,0.52,99.0,E,8
10/18/2022,04:00,0.0,1376.589,0.0,1,8,0.0,1,8,0.0,1,8,0.0,1,8,0.0,1,8,0.0,1,8,-0.0,1,8,-9900,?,9,-9900,?,9,18.9,E,8,17.59,E,8,87.0,E,8,1008.6016999999999,E,8,999.0,E,8,1.03,E,8,-9900,?,9,-9900,?,9,0.001,E,8,-9900,?,9,-9900,?,9,0.01,99.0,E,8
10/18/2022,05:00,0.0,1376.589,0.0,1,8,0.0,1,8,0.0,1,8,0.0,1,8,0.0,1,8,0.0,1,8,-0.0,1,8,-9900,?,9,-9900,?,9,18.78,E,8,17.61,E,8,88.0,E,8,1008.6016999999999,E,8,999.0,E,8,1.03,E,8,-9900,?,9,-9900,?,9,0.008,E,8,-9900,?,9,-9900,?,9,0.08,99.0,E,8
10/18/2022,06:00,76.849,1376.589,0.0,1,8,0.0,1,8,0.0,1,8,0.0,1,8,0.0,1,8,0.0,1,8,0.0,1,8,-9900,?,9,-9900,?,9,18.69,E,8,17.63,E,8,88.0,E,8,1008.6016999999999,E,8,999.0,E,8,1.03,E,8,-9900,?,9,-9900,?,9,0.012,E,8,-9900,?,9,-9900,?,9,0.12,99.0,E,8
10/18/2022,07:00,400.847,1376.589,65.76,1,8,0.0,1,8,65.76,1,8,7891.2,1,8,0.0,1,8,7233.6,1,8,72.109,1,8,-9900,?,9,-9900,?,9,18.6,E,8,17.64,E,8,89.0,E,8,1008.6016999999999,E,8,999.0,E,8,1.03,E,8,-9900,?,9,-9900,?,9,0.024,E,8,-9900,?,9,-9900,?,9,0.24,99.0,E,8
10/18/2022,08:00,706.764,1376.589,242.69,1,8,65.978,1,8,208.843,1,8,29122.8,1,8,6267.93,1,8,22972.769,1,8,129.585,1,8,-9900,?,9,-9900,?,9,21.03,E,8,17.22,E,8,77.0,E,8,1008.6016999999999,E,8,999.0,E,8,1.03,E,8,-9900,?,9,-9900,?,9,0.004,E,8,-9900,?,9,-9900,?,9,0.04,99.0,E,8
10/18/2022,09:00,970.533,1376.589,415.19,1,8,92.835,1,8,349.758,1,8,49822.8,1,8,8819.306,1,8,38473.417,1,8,157.958,1,8,-9900,?,9,-9900,?,9,22.4,E,8,16.98,E,8,67.0,E,8,1008.6016999999999,E,8,999.0,E,8,1.03,E,8,-9900,?,9,-9900,?,9,0.0,E,8,-9900,?,9,-9900,?,9,0.0,0.0,E,8
10/18/2022,10:00,1173.917,1376.589,559.1,1,8,197.464,1,8,390.727,1,8,67092.0,1,8,18759.101,1,8,42979.92,1,8,145.861,1,8,-9900,?,9,-9900,?,9,23.65,E,8,16.76,E,8,62.0,E,8,1008.6016999999999,E,8,999.0,E,8,1.34,E,8,-9900,?,9,-9900,?,9,0.0,E,8,-9900,?,9,-9900,?,9,0.0,0.0,E,8
10/18/2022,11:00,1302.996,1376.589,662.15,1,8,245.71,1,8,429.584,1,8,79458.0,1,8,23342.438,1,8,47254.22,1,8,144.469,1,8,-9900,?,9,-9900,?,9,24.73,E,8,16.56,E,8,58.0,E,8,1008.6016999999999,E,8,999.0,E,8,1.86,E,8,-9900,?,9,-9900,?,9,0.0,E,8,-9900,?,9,-9900,?,9,0.0,0.0,E,8
10/18/2022,12:00,1348.962,1376.589,403.1,1,8,7.67,1,8,395.584,1,8,48372.0,1,8,728.646,1,8,43514.247,1,8,128.499,1,8,-9900,?,9,-9900,?,9,24.77,E,8,16.55,E,8,62.0,E,8,1008.6016999999999,E,8,999.0,E,8,2.39,E,8,-9900,?,9,-9900,?,9,0.006,E,8,-9900,?,9,-9900,?,9,0.06,99.0,E,8
10/18/2022,13:00,1308.693,1376.589,795.58,1,8,293.153,1,8,516.894,1,8,95469.6,1,8,27849.573,1,8,56858.356,1,8,173.074,1,8,-9900,?,9,-9900,?,9,25.68,E,8,16.39,E,8,55.0,E,8,1008.6016999999999,E,8,999.0,E,8,3.03,E,8,-9900,?,9,-9900,?,9,0.0,E,8,-9900,?,9,-9900,?,9,0.0,0.0,E,8
10/18/2022,14:00,1184.955,1376.589,834.01,1,8,615.652,1,8,304.117,1,8,100081.2,1,8,58486.974,1,8,33452.816,1,8,112.47,1,8,-9900,?,9,-9900,?,9,26.44,E,8,16.25,E,8,53.0,E,8,1008.6016999999999,E,8,999.0,E,8,3.83,E,8,-9900,?,9,-9900,?,9,0.0,E,8,-9900,?,9,-9900,?,9,0.0,0.0,E,8
10/18/2022,15:00,986.222,1376.589,680.47,1,8,672.15,1,8,199.059,1,8,81656.4,1,8,63854.205,1,8,21896.54,1,8,88.467,1,8,-9900,?,9,-9900,?,9,26.76,E,8,16.19,E,8,52.0,E,8,1008.6016999999999,E,8,999.0,E,8,4.14,E,8,-9900,?,9,-9900,?,9,0.0,E,8,-9900,?,9,-9900,?,9,0.0,0.0,E,8
10/18/2022,16:00,726.122,1376.589,395.76,1,8,281.391,1,8,247.445,1,8,47491.2,1,8,26732.151,1,8,27218.928,1,8,149.435,1,8,-9900,?,9,-9900,?,9,26.43,E,8,16.25,E,8,53.0,E,8,1008.6016999999999,E,8,999.0,E,8,4.62,E,8,-9900,?,9,-9900,?,9,0.0,E,8,-9900,?,9,-9900,?,9,0.0,0.0,E,8
10/18/2022,17:00,422.639,1376.589,299.23,1,8,517.617,1,8,140.753,1,8,35907.6,1,8,49173.591,1,8,15482.797,1,8,146.335,1,8,-9900,?,9,-9900,?,9,25.93,E,8,16.34,E,8,54.0,E,8,1008.6016999999999,E,8,999.0,E,8,4.18,E,8,-9900,?,9,-9900,?,9,0.0,E,8,-9900,?,9,-9900,?,9,0.0,0.0,E,8
10/18/2022,18:00,98.953,1376.589,84.63,1,8,288.045,1,8,64.882,1,8,10155.6,1,8,27364.24,1,8,7136.979,1,8,301.231,1,8,-9900,?,9,-9900,?,9,25.03,E,8,16.51,E,8,57.0,E,8,1008.6016999999999,E,8,999.0,E,8,3.35,E,8,-9900,?,9,-9900,?,9,0.0,E,8,-9900,?,9,-9900,?,9,0.0,0.0,E,8
10/18/2022,19:00,0.0,1376.589,0.0,1,8,0.0,1,8,0.0,1,8,0.0,1,8,0.0,1,8,0.0,1,8,-0.0,1,8,-9900,?,9,-9900,?,9,24.31,E,8,16.64,E,8,60.0,E,8,1008.6016999999999,E,8,999.0,E,8,2.56,E,8,-9900,?,9,-9900,?,9,0.0,E,8,-9900,?,9,-9900,?,9,0.0,0.0,E,8
10/18/2022,20:00,0.0,1376.589,0.0,1,8,0.0,1,8,0.0,1,8,0.0,1,8,0.0,1,8,0.0,1,8,-0.0,1,8,-9900,?,9,-9900,?,9,23.6,E,8,16.77,E,8,62.0,E,8,1008.6016999999999,E,8,999.0,E,8,1.92,E,8,-9900,?,9,-9900,?,9,0.0,E,8,-9900,?,9,-9900,?,9,0.0,0.0,E,8
10/18/2022,21:00,0.0,1376.589,0.0,1,8,0.0,1,8,0.0,1,8,0.0,1,8,0.0,1,8,0.0,1,8,-0.0,1,8,-9900,?,9,-9900,?,9,22.88,E,8,16.89,E,8,69.0,E,8,1008.6016999999999,E,8,999.0,E,8,1.28,E,8,-9900,?,9,-9900,?,9,0.002,E,8,-9900,?,9,-9900,?,9,0.02,99.0,E,8
10/18/2022,22:00,0.0,1376.589,0.0,1,8,0.0,1,8,0.0,1,8,0.0,1,8,0.0,1,8,0.0,1,8,-0.0,1,8,-9900,?,9,-9900,?,9,22.16,E,8,17.02,E,8,72.0,E,8,1008.6016999999999,E,8,999.0,E,8,1.07,E,8,-9900,?,9,-9900,?,9,0.001,E,8,-9900,?,9,-9900,?,9,0.01,99.0,E,8
10/18/2022,23:00,0.0,1376.589,0.0,1,8,0.0,1,8,0.0,1,8,0.0,1,8,0.0,1,8,0.0,1,8,-0.0,1,8,-9900,?,9,-9900,?,9,21.44,E,8,17.15,E,8,75.0,E,8,1008.6016999999999,E,8,999.0,E,8,1.1,E,8,-9900,?,9,-9900,?,9,0.034,E,8,-9900,?,9,-9900,?,9,0.34,99.0,E,8
10/18/2022,24:00,0.0,1376.589,0.0,1,8,0.0,1,8,0.0,1,8,0.0,1,8,0.0,1,8,0.0,1,8,-0.0,1,8,-9900,?,9,-9900,?,9,20.73,E,8,15.56,E,8,76.0,E,8,1008.6016999999999,E,8,999.0,E,8,1.19,E,8,-9900,?,9,-9900,?,9,0.004,E,8,-9900,?,9,-9900,?,9,0.04,99.0,E,8
10/19/2022,01:00,0.0,1376.589,0.0,1,8,0.0,1,8,0.0,1,8,0.0,1,8,0.0,1,8,0.0,1,8,-0.0,1,8,-9900,?,9,-9900,?,9,20.37,E,8,15.61,E,8,78.0,E,8,1008.6016999999999,E,8,999.0,E,8,1.19,E,8,-9900,?,9,-9900,?,9,0.002,E,8,-9900,?,9,-9900,?,9,0.02,99.0,E,8
10/19/2022,02:00,0.0,1376.589,0.0,1,8,0.0,1,8,0.0,1,8,0.0,1,8,0.0,1,8,0.0,1,8,-0.0,1,8,-9900,?,9,-9900,?,9,20.01,E,8,15.66,E,8,80.0,E,8,1008.6016999999999,E,8,999.0,E,8,1.19,E,8,-9900,?,9,-9900,?,9,0.092,E,8,-9900,?,9,-9900,?,9,0.92,99.0,E,8
10/19/2022,03:00,0.0,1376.589,0.0,1,8,0.0,1,8,0.0,1,8,0.0,1,8,0.0,1,8,0.0,1,8,-0.0,1,8,-9900,?,9,-9900,?,9,19.65,E,8,15.71,E,8,82.0,E,8,1008.6016999999999,E,8,999.0,E,8,1.19,E,8,-9900,?,9,-9900,?,9,0.001,E,8,-9900,?,9,-9900,?,9,0.01,99.0,E,8
10/19/2022,04:00,0.0,1377.384,0.0,1,8,0.0,1,8,0.0,1,8,0.0,1,8,0.0,1,8,0.0,1,8,-0.0,1,8,-9900,?,9,-9900,?,9,19.29,E,8,15.76,E,8,84.0,E,8,1008.6016999999999,E,8,999.0,E,8,1.19,E,8,-9900,?,9,-9900,?,9,0.001,E,8,-9900,?,9,-9900,?,9,0.01,99.0,E,8
10/19/2022,05:00,0.0,1377.384,0.0,1,8,0.0,1,8,0.0,1,8,0.0,1,8,0.0,1,8,0.0,1,8,-0.0,1,8,-9900,?,9,-9900,?,9,18.97,E,8,15.8,E,8,81.0,E,8,1008.6016999999999,E,8,999.0,E,8,1.19,E,8,-9900,?,9,-9900,?,9,0.0,E,8,-9900,?,9,-9900,?,9,0.0,0.0,E,8
10/19/2022,06:00,80.877,1377.384,0.0,1,8,0.0,1,8,0.0,1,8,0.0,1,8,0.0,1,8,0.0,1,8,0.0,1,8,-9900,?,9,-9900,?,9,18.74,E,8,15.83,E,8,82.0,E,8,1008.6016999999999,E,8,999.0,E,8,1.19,E,8,-9900,?,9,-9900,?,9,0.0,E,8,-9900,?,9,-9900,?,9,0.0,0.0,E,8
10/19/2022,07:00,404.84,1377.384,74.63,1,8,0.0,1,8,74.63,1,8,8955.6,1,8,0.0,1,8,8209.3,1,8,81.07,1,8,-9900,?,9,-9900,?,9,18.5,E,8,15.87,E,8,84.0,E,8,1008.6016999999999,E,8,999.0,E,8,1.19,E,8,-9900,?,9,-9900,?,9,0.0,E,8,-9900,?,9,-9900,?,9,0.0,0.0,E,8
10/19/2022,08:00,710.502,1377.384,270.24,1,8,77.07,1,8,230.517,1,8,32428.8,1,8,7321.696,1,8,25356.815,1,8,142.362,1,8,-9900,?,9,-9900,?,9,21.02,E,8,15.52,E,8,70.0,E,8,1008.6016999999999,E,8,999.0,E,8,1.19,E,8,-9900,?,9,-9900,?,9,0.0,E,8,-9900,?,9,-9900,?,9,0.0,0.0,E,8
10/19/2022,09:00,973.969,1377.384,124.64,1,8,0.0,1,8,124.64,1,8,14956.8,1,8,0.0,1,8,13710.4,1,8,56.124,1,8,-9900,?,9,-9900,?,9,20.79,E,8,15.55,E,8,71.0,E,8,1008.6016999999999,E,8,999.0,E,8,1.4,E,8,-9900,?,9,-9900,?,9,0.0,E,8,-9900,?,9,-9900,?,9,0.0,0.0,E,8
10/19/2022,10:00,1177.029,1377.384,276.6,1,8,5.002,1,8,272.326,1,8,33192.0,1,8,475.221,1,8,29955.836,1,8,101.45,1,8,-9900,?,9,-9900,?,9,21.23,E,8,15.49,E,8,69.0,E,8,1008.6016999999999,E,8,999.0,E,8,1.53,E,8,-9900,?,9,-9900,?,9,0.0,E,8,-9900,?,9,-9900,?,9,0.0,0.0,E,8
10/19/2022,11:00,1305.786,1377.384,600.79,1,8,131.456,1,8,476.171,1,8,72094.8,1,8,12488.322,1,8,52378.845,1,8,159.886,1,8,-9900,?,9,-9900,?,9,22.44,E,8,15.31,E,8,63.0,E,8,1008.6016999999999,E,8,999.0,E,8,2.67,E,8,-9900,?,9,-9900,?,9,0.0,E,8,-9900,?,9,-9900,?,9,0.0,0.0,E,8
10/19/2022,12:00,1351.456,1377.384,834.21,1,8,377.183,1,8,464.131,1,8,100105.2,1,8,35832.425,1,8,51054.393,1,8,150.573,1,8,-9900,?,9,-9900,?,9,23.81,E,8,15.12,E,8,58.0,E,8,1008.6016999999999,E,8,999.0,E,8,2.84,E,8,-9900,?,9,-9900,?,9,0.0,E,8,-9900,?,9,-9900,?,9,0.0,0.0,E,8
10/19/2022,13:00,1310.936,1377.384,853.87,1,8,459.049,1,8,416.98,1,8,102464.4,1,8,43609.63,1,8,45867.828,1,8,139.461,1,8,-9900,?,9,-9900,?,9,24.84,E,8,14.97,E,8,54.0,E,8,1008.6016999999999,E,8,999.0,E,8,3.15,E,8,-9900,?,9,-9900,?,9,0.0,E,8,-9900,?,9,-9900,?,9,0.0,0.0,E,8
10/19/2022,14:00,1187.009,1377.384,812.75,1,8,569.868,1,8,321.696,1,8,97530.0,1,8,54137.468,1,8,35386.589,1,8,118.834,1,8,-9900,?,9,-9900,?,9,25.53,E,8,14.87,E,8,51.0,E,8,1008.6016999999999,E,8,999.0,E,8,3.76,E,8,-9900,?,9,-9900,?,9,0.0,E,8,-9900,?,9,-9900,?,9,0.0,0.0,E,8
10/19/2022,15:00,988.163,1377.384,616.75,1,8,427.057,1,8,310.456,1,8,74010.0,1,8,40570.406,1,8,34150.127,1,8,137.783,1,8,-9900,?,9,-9900,?,9,25.75,E,8,14.83,E,8,50.0,E,8,1008.6016999999999,E,8,999.0,E,8,4.21,E,8,-9900,?,9,-9900,?,9,0.0,E,8,-9900,?,9,-9900,?,9,0.0,0.0,E,8
10/19/2022,16:00,728.031,1377.384,724.79,1,8,518.517,1,8,450.929,1,8,86974.8,1,8,49259.159,1,8,49602.178,1,8,271.764,1,8,-9900,?,9,-9900,?,9,26.08,E,8,14.79,E,8,49.0,E,8,1008.6016999999999,E,8,999.0,E,8,4.03,E,8,-9900,?,9,-9900,?,9,0.0,E,8,-9900,?,9,-9900,?,9,0.0,0.0,E,8
10/19/2022,17:00,424.6,1377.384,527.25,1,8,612.857,1,8,338.847,1,8,63270.0,1,8,58221.433,1,8,37273.145,1,8,350.852,1,8,-9900,?,9,-9900,?,9,26.1,E,8,14.78,E,8,49.0,E,8,1008.6016999999999,E,8,999.0,E,8,3.16,E,8,-9900,?,9,-9900,?,9,0.0,E,8,-9900,?,9,-9900,?,9,0.0,0.0,E,8
10/19/2022,18:00,100.991,1377.384,160.4,1,8,231.31,1,8,144.198,1,8,19248.0,1,8,21974.423,1,8,15861.732,1,8,655.272,1,8,-9900,?,9,-9900,?,9,25.35,E,8,14.89,E,8,52.0,E,8,1008.6016999999999,E,8,999.0,E,8,2.71,E,8,-9900,?,9,-9900,?,9,0.0,E,8,-9900,?,9,-9900,?,9,0.0,0.0,E,8
10/19/2022,19:00,0.0,1377.384,0.0,1,8,0.0,1,8,0.0,1,8,0.0,1,8,0.0,1,8,0.0,1,8,-0.0,1,8,-9900,?,9,-9900,?,9,24.56,E,8,15.01,E,8,55.0,E,8,1008.6016999999999,E,8,999.0,E,8,1.84,E,8,-9900,?,9,-9900,?,9,0.0,E,8,-9900,?,9,-9900,?,9,0.0,0.0,E,8
10/19/2022,20:00,0.0,1377.384,0.0,1,8,0.0,1,8,0.0,1,8,0.0,1,8,0.0,1,8,0.0,1,8,-0.0,1,8,-9900,?,9,-9900,?,9,23.77,E,8,15.12,E,8,58.0,E,8,1008.6016999999999,E,8,999.0,E,8,1.31,E,8,-9900,?,9,-9900,?,9,0.0,E,8,-9900,?,9,-9900,?,9,0.0,0.0,E,8
10/19/2022,21:00,0.0,1377.384,0.0,1,8,0.0,1,8,0.0,1,8,0.0,1,8,0.0,1,8,0.0,1,8,-0.0,1,8,-9900,?,9,-9900,?,9,22.97,E,8,15.24,E,8,61.0,E,8,1008.6016999999999,E,8,999.0,E,8,1.19,E,8,-9900,?,9,-9900,?,9,0.0,E,8,-9900,?,9,-9900,?,9,0.0,0.0,E,8
10/19/2022,22:00,0.0,1377.384,0.0,1,8,0.0,1,8,0.0,1,8,0.0,1,8,0.0,1,8,0.0,1,8,-0.0,1,8,-9900,?,9,-9900,?,9,22.18,E,8,15.35,E,8,65.0,E,8,1008.6016999999999,E,8,999.0,E,8,1.19,E,8,-9900,?,9,-9900,?,9,0.0,E,8,-9900,?,9,-9900,?,9,0.0,0.0,E,8
10/19/2022,23:00,0.0,1377.384,0.0,1,8,0.0,1,8,0.0,1,8,0.0,1,8,0.0,1,8,0.0,1,8,-0.0,1,8,-9900,?,9,-9900,?,9,21.39,E,8,15.46,E,8,68.0,E,8,1008.6016999999999,E,8,999.0,E,8,1.19,E,8,-9900,?,9,-9900,?,9,0.0,E,8,-9900,?,9,-9900,?,9,0.0,0.0,E,8
10/19/2022,24:00,0.0,1377.384,0.0,1,8,0.0,1,8,0.0,1,8,0.0,1,8,0.0,1,8,0.0,1,8,-0.0,1,8,-9900,?,9,-9900,?,9,20.6,E,8,16.75,E,8,76.0,E,8,1008.6016999999999,E,8,999.0,E,8,0.81,E,8,-9900,?,9,-9900,?,9,0.0,E,8,-9900,?,9,-9900,?,9,0.0,0.0,E,8
10/20/2022,01:00,0.0,1377.384,0.0,1,8,0.0,1,8,0.0,1,8,0.0,1,8,0.0,1,8,0.0,1,8,-0.0,1,8,-9900,?,9,-9900,?,9,20.2,E,8,16.65,E,8,77.0,E,8,1008.6016999999999,E,8,999.0,E,8,0.81,E,8,-9900,?,9,-9900,?,9,0.0,E,8,-9900,?,9,-9900,?,9,0.0,0.0,E,8
10/20/2022,02:00,0.0,1377.384,0.0,1,8,0.0,1,8,0.0,1,8,0.0,1,8,0.0,1,8,0.0,1,8,-0.0,1,8,-9900,?,9,-9900,?,9,19.81,E,8,16.55,E,8,79.0,E,8,1008.6016999999999,E,8,999.0,E,8,0.81,E,8,-9900,?,9,-9900,?,9,0.0,E,8,-9900,?,9,-9900,?,9,0.0,0.0,E,8
10/20/2022,03:00,0.0,1377.384,0.0,1,8,0.0,1,8,0.0,1,8,0.0,1,8,0.0,1,8,0.0,1,8,-0.0,1,8,-9900,?,9,-9900,?,9,19.41,E,8,16.45,E,8,80.0,E,8,1008.6016999999999,E,8,999.0,E,8,0.81,E,8,-9900,?,9,-9900,?,9,0.0,E,8,-9900,?,9,-9900,?,9,0.0,0.0,E,8
10/20/2022,04:00,0.0,1378.177,0.0,1,8,0.0,1,8,0.0,1,8,0.0,1,8,0.0,1,8,0.0,1,8,-0.0,1,8,-9900,?,9,-9900,?,9,19.01,E,8,16.35,E,8,81.0,E,8,1008.6016999999999,E,8,999.0,E,8,0.81,E,8,-9900,?,9,-9900,?,9,0.0,E,8,-9900,?,9,-9900,?,9,0.0,0.0,E,8
10/20/2022,05:00,0.0,1378.177,0.0,1,8,0.0,1,8,0.0,1,8,0.0,1,8,0.0,1,8,0.0,1,8,-0.0,1,8,-9900,?,9,-9900,?,9,18.66,E,8,16.26,E,8,87.0,E,8,1008.6016999999999,E,8,999.0,E,8,0.81,E,8,-9900,?,9,-9900,?,9,0.009,E,8,-9900,?,9,-9900,?,9,0.09,99.0,E,8
10/20/2022,06:00,84.84,1378.177,0.0,1,8,0.0,1,8,0.0,1,8,0.0,1,8,0.0,1,8,0.0,1,8,0.0,1,8,-9900,?,9,-9900,?,9,18.4,E,8,16.19,E,8,88.0,E,8,1008.6016999999999,E,8,999.0,E,8,0.81,E,8,-9900,?,9,-9900,?,9,0.001,E,8,-9900,?,9,-9900,?,9,0.01,99.0,E,8
10/20/2022,07:00,408.744,1378.177,66.08,1,8,0.0,1,8,66.08,1,8,7929.6,1,8,0.0,1,8,7268.8,1,8,71.134,1,8,-9900,?,9,-9900,?,9,18.14,E,8,16.12,E,8,84.0,E,8,1008.6016999999999,E,8,999.0,E,8,0.81,E,8,-9900,?,9,-9900,?,9,0.0,E,8,-9900,?,9,-9900,?,9,0.0,0.0,E,8
10/20/2022,08:00,714.145,1378.177,235.04,1,8,29.539,1,8,219.746,1,8,28204.8,1,8,2806.227,1,8,24172.01,1,8,135.094,1,8,-9900,?,9,-9900,?,9,20.26,E,8,16.66,E,8,77.0,E,8,1008.6016999999999,E,8,999.0,E,8,0.81,E,8,-9900,?,9,-9900,?,9,0.0,E,8,-9900,?,9,-9900,?,9,0.0,0.0,E,8
10/20/2022,09:00,977.309,1378.177,399.18,1,8,76.562,1,8,344.903,1,8,47901.6,1,8,7273.378,1,8,37939.367,1,8,154.863,1,8,-9900,?,9,-9900,?,9,21.43,E,8,16.95,E,8,74.0,E,8,1008.6016999999999,E,8,999.0,E,8,1.14,E,8,-9900,?,9,-9900,?,9,0.0,E,8,-9900,?,9,-9900,?,9,0.0,0.0,E,8
10/20/2022,10:00,1180.05,1378.177,535.99,1,8,97.684,1,8,452.358,1,8,64318.8,1,8,9279.981,1,8,49759.381,1,8,168.184,1,8,-9900,?,9,-9900,?,9,22.49,E,8,17.21,E,8,70.0,E,8,1008.6016999999999,E,8,999.0,E,8,1.81,E,8,-9900,?,9,-9900,?,9,0.0,E,8,-9900,?,9,-9900,?,9,0.0,0.0,E,8
10/20/2022,11:00,1308.496,1378.177,633.84,1,8,95.007,1,8,543.64,1,8,76060.8,1,8,9025.643,1,8,59800.365,1,8,182.267,1,8,-9900,?,9,-9900,?,9,23.41,E,8,17.43,E,8,68.0,E,8,1008.6016999999999,E,8,999.0,E,8,2.93,E,8,-9900,?,9,-9900,?,9,0.0,E,8,-9900,?,9,-9900,?,9,0.0,0.0,E,8
10/20/2022,12:00,1353.884,1378.177,685.32,1,8,110.104,1,8,577.158,1,8,82238.4,1,8,10459.923,1,8,63487.325,1,8,187.013,1,8,-9900,?,9,-9900,?,9,24.14,E,8,17.61,E,8,66.0,E,8,1008.6016999999999,E,8,999.0,E,8,3.21,E,8,-9900,?,9,-9900,?,9,0.0,E,8,-9900,?,9,-9900,?,9,0.0,0.0,E,8
10/20/2022,13:00,1313.129,1378.177,686.69,1,8,128.72,1,8,564.049,1,8,82402.8,1,8,12228.384,1,8,62045.415,1,8,188.442,1,8,-9900,?,9,-9900,?,9,24.66,E,8,17.73,E,8,65.0,E,8,1008.6016999999999,E,8,999.0,E,8,4.01,E,8,-9900,?,9,-9900,?,9,0.0,E,8,-9900,?,9,-9900,?,9,0.0,0.0,E,8
10/20/2022,14:00,1189.033,1378.177,637.86,1,8,187.83,1,8,475.824,1,8,76543.2,1,8,17843.884,1,8,52340.675,1,8,175.571,1,8,-9900,?,9,-9900,?,9,24.97,E,8,17.8,E,8,64.0,E,8,1008.6016999999999,E,8,999.0,E,8,4.6,E,8,-9900,?,9,-9900,?,9,0.0,E,8,-9900,?,9,-9900,?,9,0.0,0.0,E,8
10/20/2022,15:00,990.093,1378.177,542.4,1,8,315.966,1,8,315.47,1,8,65088.0,1,8,30016.738,1,8,34701.745,1,8,139.816,1,8,-9900,?,9,-9900,?,9,25.06,E,8,17.82,E,8,64.0,E,8,1008.6016999999999,E,8,999.0,E,8,4.54,E,8,-9900,?,9,-9900,?,9,0.0,E,8,-9900,?,9,-9900,?,9,0.0,0.0,E,8
10/20/2022,16:00,729.949,1378.177,407.53,1,8,417.243,1,8,186.704,1,8,48903.6,1,8,39638.083,1,8,20537.418,1,8,112.29,1,8,-9900,?,9,-9900,?,9,24.86,E,8,17.78,E,8,64.0,E,8,1008.6016999999999,E,8,999.0,E,8,3.95,E,8,-9900,?,9,-9900,?,9,0.0,E,8,-9900,?,9,-9900,?,9,0.0,0.0,E,8
10/20/2022,17:00,426.587,1378.177,244.59,1,8,400.055,1,8,121.099,1,8,29350.8,1,8,38005.182,1,8,13320.861,1,8,124.874,1,8,-9900,?,9,-9900,?,9,24.34,E,8,17.66,E,8,66.0,E,8,1008.6016999999999,E,8,999.0,E,8,3.91,E,8,-9900,?,9,-9900,?,9,0.0,E,8,-9900,?,9,-9900,?,9,0.0,0.0,E,8
10/20/2022,18:00,103.068,1378.177,74.82,1,8,212.744,1,8,59.596,1,8,8978.4,1,8,20210.661,1,8,6555.568,1,8,265.093,1,8,-9900,?,9,-9900,?,9,23.57,E,8,17.47,E,8,72.0,E,8,1008.6016999999999,E,8,999.0,E,8,3.22,E,8,-9900,?,9,-9900,?,9,0.002,E,8,-9900,?,9,-9900,?,9,0.02,99.0,E,8
10/20/2022,19:00,0.0,1378.177,0.0,1,8,0.0,1,8,0.0,1,8,0.0,1,8,0.0,1,8,0.0,1,8,-0.0,1,8,-9900,?,9,-9900,?,9,22.96,E,8,17.33,E,8,73.0,E,8,1008.6016999999999,E,8,999.0,E,8,2.18,E,8,-9900,?,9,-9900,?,9,0.004,E,8,-9900,?,9,-9900,?,9,0.04,99.0,E,8
10/20/2022,20:00,0.0,1378.177,0.0,1,8,0.0,1,8,0.0,1,8,0.0,1,8,0.0,1,8,0.0,1,8,-0.0,1,8,-9900,?,9,-9900,?,9,22.34,E,8,17.18,E,8,75.0,E,8,1008.6016999999999,E,8,999.0,E,8,1.65,E,8,-9900,?,9,-9900,?,9,0.001,E,8,-9900,?,9,-9900,?,9,0.01,99.0,E,8
10/20/2022,21:00,0.0,1378.177,0.0,1,8,0.0,1,8,0.0,1,8,0.0,1,8,0.0,1,8,0.0,1,8,-0.0,1,8,-9900,?,9,-9900,?,9,21.73,E,8,17.03,E,8,81.0,E,8,1008.6016999999999,E,8,999.0,E,8,0.81,E,8,-9900,?,9,-9900,?,9,0.183,E,8,-9900,?,9,-9900,?,9,1.83,99.0,E,8
10/20/2022,22:00,0.0,1378.177,0.0,1,8,0.0,1,8,0.0,1,8,0.0,1,8,0.0,1,8,0.0,1,8,-0.0,1,8,-9900,?,9,-9900,?,9,21.12,E,8,16.88,E,8,74.0,E,8,1008.6016999999999,E,8,999.0,E,8,0.81,E,8,-9900,?,9,-9900,?,9,0.0,E,8,-9900,?,9,-9900,?,9,0.0,0.0,E,8
10/20/2022,23:00,0.0,1378.177,0.0,1,8,0.0,1,8,0.0,1,8,0.0,1,8,0.0,1,8,0.0,1,8,-0.0,1,8,-9900,?,9,-9900,?,9,20.5,E,8,16.72,E,8,76.0,E,8,1008.6016999999999,E,8,999.0,E,8,0.81,E,8,-9900,?,9,-9900,?,9,0.0,E,8,-9900,?,9,-9900,?,9,0.0,0.0,E,8
10/20/2022,24:00,0.0,1378.177,0.0,1,8,0.0,1,8,0.0,1,8,0.0,1,8,0.0,1,8,0.0,1,8,-0.0,1,8,-9900,?,9,-9900,?,9,19.89,E,8,16.62,E,8,86.0,E,8,1008.6016999999999,E,8,999.0,E,8,1.11,E,8,-9900,?,9,-9900,?,9,0.019,E,8,-9900,?,9,-9900,?,9,0.19,99.0,E,8
10/21/2022,01:00,0.0,1378.177,0.0,1,8,0.0,1,8,0.0,1,8,0.0,1,8,0.0,1,8,0.0,1,8,-0.0,1,8,-9900,?,9,-9900,?,9,19.58,E,8,16.69,E,8,83.0,E,8,1008.6016999999999,E,8,999.0,E,8,1.11,E,8,-9900,?,9,-9900,?,9,0.0,E,8,-9900,?,9,-9900,?,9,0.0,0.0,E,8
10/21/2022,02:00,0.0,1378.177,0.0,1,8,0.0,1,8,0.0,1,8,0.0,1,8,0.0,1,8,0.0,1,8,-0.0,1,8,-9900,?,9,-9900,?,9,19.27,E,8,16.77,E,8,85.0,E,8,1008.6016999999999,E,8,999.0,E,8,1.11,E,8,-9900,?,9,-9900,?,9,0.0,E,8,-9900,?,9,-9900,?,9,0.0,0.0,E,8
10/21/2022,03:00,0.0,1378.177,0.0,1,8,0.0,1,8,0.0,1,8,0.0,1,8,0.0,1,8,0.0,1,8,-0.0,1,8,-9900,?,9,-9900,?,9,18.97,E,8,16.83,E,8,92.0,E,8,1008.6016999999999,E,8,999.0,E,8,1.11,E,8,-9900,?,9,-9900,?,9,0.001,E,8,-9900,?,9,-9900,?,9,0.01,99.0,E,8
10/21/2022,04:00,0.0,1378.967,0.0,1,8,0.0,1,8,0.0,1,8,0.0,1,8,0.0,1,8,0.0,1,8,-0.0,1,8,-9900,?,9,-9900,?,9,18.66,E,8,16.9,E,8,94.0,E,8,1008.6016999999999,E,8,999.0,E,8,1.11,E,8,-9900,?,9,-9900,?,9,0.002,E,8,-9900,?,9,-9900,?,9,0.02,99.0,E,8
10/21/2022,05:00,0.0,1378.967,0.0,1,8,0.0,1,8,0.0,1,8,0.0,1,8,0.0,1,8,0.0,1,8,-0.0,1,8,-9900,?,9,-9900,?,9,18.39,E,8,16.97,E,8,91.0,E,8,1008.6016999999999,E,8,999.0,E,8,1.11,E,8,-9900,?,9,-9900,?,9,0.0,E,8,-9900,?,9,-9900,?,9,0.0,0.0,E,8
10/21/2022,06:00,88.732,1378.967,0.0,1,8,0.0,1,8,0.0,1,8,0.0,1,8,0.0,1,8,0.0,1,8,0.0,1,8,-9900,?,9,-9900,?,9,18.19,E,8,17.01,E,8,92.0,E,8,1008.6016999999999,E,8,999.0,E,8,1.11,E,8,-9900,?,9,-9900,?,9,0.0,E,8,-9900,?,9,-9900,?,9,0.0,0.0,E,8
10/21/2022,07:00,412.556,1378.967,99.31,1,8,0.0,1,8,99.31,1,8,11917.2,1,8,0.0,1,8,10924.1,1,8,105.972,1,8,-9900,?,9,-9900,?,9,17.98,E,8,17.06,E,8,94.0,E,8,1008.6016999999999,E,8,999.0,E,8,1.11,E,8,-9900,?,9,-9900,?,9,0.0,E,8,-9900,?,9,-9900,?,9,0.0,0.0,E,8
10/21/2022,08:00,717.691,1378.967,343.67,1,8,194.833,1,8,242.348,1,8,41240.4,1,8,18509.128,1,8,26658.29,1,8,148.337,1,8,-9900,?,9,-9900,?,9,20.55,E,8,16.47,E,8,77.0,E,8,1008.6016999999999,E,8,999.0,E,8,1.11,E,8,-9900,?,9,-9900,?,9,0.0,E,8,-9900,?,9,-9900,?,9,0.0,0.0,E,8
10/21/2022,09:00,980.552,1378.967,580.75,1,8,371.059,1,8,316.974,1,8,69690.0,1,8,35250.587,1,8,34867.174,1,8,141.933,1,8,-9900,?,9,-9900,?,9,21.94,E,8,16.14,E,8,69.0,E,8,1008.6016999999999,E,8,999.0,E,8,1.11,E,8,-9900,?,9,-9900,?,9,0.0,E,8,-9900,?,9,-9900,?,9,0.0,0.0,E,8
10/21/2022,10:00,1182.981,1378.967,773.76,1,8,505.681,1,8,339.995,1,8,92851.2,1,8,48039.692,1,8,37399.45,1,8,126.167,1,8,-9900,?,9,-9900,?,9,23.19,E,8,15.84,E,8,63.0,E,8,1008.6016999999999,E,8,999.0,E,8,1.7,E,8,-9900,?,9,-9900,?,9,0.0,E,8,-9900,?,9,-9900,?,9,0.0,0.0,E,8
10/21/2022,11:00,1311.126,1378.967,918.69,1,8,566.128,1,8,380.431,1,8,110242.8,1,8,53782.131,1,8,41847.41,1,8,127.365,1,8,-9900,?,9,-9900,?,9,24.28,E,8,15.58,E,8,58.0,E,8,1008.6016999999999,E,8,999.0,E,8,2.61,E,8,-9900,?,9,-9900,?,9,0.0,E,8,-9900,?,9,-9900,?,9,0.0,0.0,E,8
10/21/2022,12:00,1356.245,1378.967,982.03,1,8,624.666,1,8,367.663,1,8,117843.6,1,8,59343.286,1,8,40442.919,1,8,118.993,1,8,-9900,?,9,-9900,?,9,25.13,E,8,15.36,E,8,54.0,E,8,1008.6016999999999,E,8,999.0,E,8,3.23,E,8,-9900,?,9,-9900,?,9,0.0,E,8,-9900,?,9,-9900,?,9,0.0,0.0,E,8
10/21/2022,13:00,1315.274,1378.967,978.02,1,8,726.721,1,8,284.886,1,8,117362.4,1,8,69038.462,1,8,31337.499,1,8,95.076,1,8,-9900,?,9,-9900,?,9,25.72,E,8,15.22,E,8,52.0,E,8,1008.6016999999999,E,8,999.0,E,8,4.4,E,8,-9900,?,9,-9900,?,9,0.0,E,8,-9900,?,9,-9900,?,9,0.0,0.0,E,8
10/21/2022,14:00,1191.027,1378.967,902.59,1,8,856.776,1,8,162.658,1,8,108310.8,1,8,81393.758,1,8,17892.431,1,8,59.952,1,8,-9900,?,9,-9900,?,9,26.06,E,8,15.13,E,8,50.0,E,8,1008.6016999999999,E,8,999.0,E,8,4.64,E,8,-9900,?,9,-9900,?,9,0.0,E,8,-9900,?,9,-9900,?,9,0.0,0.0,E,8
10/21/2022,15:00,992.013,1378.967,769.44,1,8,789.791,1,8,201.429,1,8,92332.8,1,8,75030.12,1,8,22157.232,1,8,89.151,1,8,-9900,?,9,-9900,?,9,26.16,E,8,15.11,E,8,50.0,E,8,1008.6016999999999,E,8,999.0,E,8,4.22,E,8,-9900,?,9,-9900,?,9,0.0,E,8,-9900,?,9,-9900,?,9,0.0,0.0,E,8
10/21/2022,16:00,731.877,1378.967,566.21,1,8,692.753,1,8,198.811,1,8,67945.2,1,8,65811.489,1,8,21869.225,1,8,119.325,1,8,-9900,?,9,-9900,?,9,25.88,E,8,15.18,E,8,51.0,E,8,1008.6016999999999,E,8,999.0,E,8,3.6,E,8,-9900,?,9,-9900,?,9,0.0,E,8,-9900,?,9,-9900,?,9,0.0,0.0,E,8
10/21/2022,17:00,428.6,1378.967,333.24,1,8,663.092,1,8,127.7,1,8,39988.8,1,8,62993.767,1,8,14046.964,1,8,131.134,1,8,-9900,?,9,-9900,?,9,25.24,E,8,15.34,E,8,54.0,E,8,1008.6016999999999,E,8,999.0,E,8,3.11,E,8,-9900,?,9,-9900,?,9,0.0,E,8,-9900,?,9,-9900,?,9,0.0,0.0,E,8
10/21/2022,18:00,105.185,1378.967,97.07,1,8,269.47,1,8,77.372,1,8,11648.4,1,8,25599.646,1,8,8510.875,1,8,336.908,1,8,-9900,?,9,-9900,?,9,24.32,E,8,15.57,E,8,63.0,E,8,1008.6016999999999,E,8,999.0,E,8,2.27,E,8,-9900,?,9,-9900,?,9,0.003,E,8,-9900,?,9,-9900,?,9,0.03,99.0,E,8
10/21/2022,19:00,0.0,1378.967,0.0,1,8,0.0,1,8,0.0,1,8,0.0,1,8,0.0,1,8,0.0,1,8,-0.0,1,8,-9900,?,9,-9900,?,9,23.69,E,8,15.72,E,8,65.0,E,8,1008.6016999999999,E,8,999.0,E,8,1.57,E,8,-9900,?,9,-9900,?,9,0.009,E,8,-9900,?,9,-9900,?,9,0.09,99.0,E,8
10/21/2022,20:00,0.0,1378.967,0.0,1,8,0.0,1,8,0.0,1,8,0.0,1,8,0.0,1,8,0.0,1,8,-0.0,1,8,-9900,?,9,-9900,?,9,23.05,E,8,15.87,E,8,73.0,E,8,1008.6016999999999,E,8,999.0,E,8,1.11,E,8,-9900,?,9,-9900,?,9,0.361,E,8,-9900,?,9,-9900,?,9,3.61,99.0,E,8
10/21/2022,21:00,0.0,1378.967,0.0,1,8,0.0,1,8,0.0,1,8,0.0,1,8,0.0,1,8,0.0,1,8,-0.0,1,8,-9900,?,9,-9900,?,9,22.42,E,8,16.03,E,8,72.0,E,8,1008.6016999999999,E,8,999.0,E,8,1.11,E,8,-9900,?,9,-9900,?,9,0.005,E,8,-9900,?,9,-9900,?,9,0.05,99.0,E,8
10/21/2022,22:00,0.0,1378.967,0.0,1,8,0.0,1,8,0.0,1,8,0.0,1,8,0.0,1,8,0.0,1,8,-0.0,1,8,-9900,?,9,-9900,?,9,21.79,E,8,16.18,E,8,70.0,E,8,1008.6016999999999,E,8,999.0,E,8,1.11,E,8,-9900,?,9,-9900,?,9,0.0,E,8,-9900,?,9,-9900,?,9,0.0,0.0,E,8
10/21/2022,23:00,0.0,1378.967,0.0,1,8,0.0,1,8,0.0,1,8,0.0,1,8,0.0,1,8,0.0,1,8,-0.0,1,8,-9900,?,9,-9900,?,9,21.15,E,8,16.33,E,8,73.0,E,8,1008.6016999999999,E,8,999.0,E,8,1.11,E,8,-9900,?,9,-9900,?,9,0.0,E,8,-9900,?,9,-9900,?,9,0.0,0.0,E,8
10/21/2022,24:00,0.0,1378.967,0.0,1,8,0.0,1,8,0.0,1,8,0.0,1,8,0.0,1,8,0.0,1,8,-0.0,1,8,-9900,?,9,-9900,?,9,20.52,E,8,18.0,E,8,85.0,E,8,1008.6016999999999,E,8,999.0,E,8,1.05,E,8,-9900,?,9,-9900,?,9,0.0,E,8,-9900,?,9,-9900,?,9,0.0,0.0,E,8
10/22/2022,01:00,0.0,1378.967,0.0,1,8,0.0,1,8,0.0,1,8,0.0,1,8,0.0,1,8,0.0,1,8,-0.0,1,8,-9900,?,9,-9900,?,9,20.21,E,8,18.08,E,8,87.0,E,8,1008.6016999999999,E,8,999.0,E,8,1.05,E,8,-9900,?,9,-9900,?,9,0.0,E,8,-9900,?,9,-9900,?,9,0.0,0.0,E,8
10/22/2022,02:00,0.0,1378.967,0.0,1,8,0.0,1,8,0.0,1,8,0.0,1,8,0.0,1,8,0.0,1,8,-0.0,1,8,-9900,?,9,-9900,?,9,19.89,E,8,18.15,E,8,89.0,E,8,1008.6016999999999,E,8,999.0,E,8,1.05,E,8,-9900,?,9,-9900,?,9,0.0,E,8,-9900,?,9,-9900,?,9,0.0,0.0,E,8
10/22/2022,03:00,0.0,1378.967,0.0,1,8,0.0,1,8,0.0,1,8,0.0,1,8,0.0,1,8,0.0,1,8,-0.0,1,8,-9900,?,9,-9900,?,9,19.57,E,8,18.23,E,8,91.0,E,8,1008.6016999999999,E,8,999.0,E,8,1.05,E,8,-9900,?,9,-9900,?,9,0.0,E,8,-9900,?,9,-9900,?,9,0.0,0.0,E,8
10/22/2022,04:00,0.0,1379.754,0.0,1,8,0.0,1,8,0.0,1,8,0.0,1,8,0.0,1,8,0.0,1,8,-0.0,1,8,-9900,?,9,-9900,?,9,19.26,E,8,18.3,E,8,94.0,E,8,1008.6016999999999,E,8,999.0,E,8,1.05,E,8,-9900,?,9,-9900,?,9,0.0,E,8,-9900,?,9,-9900,?,9,0.0,0.0,E,8
10/22/2022,05:00,0.0,1379.754,0.0,1,8,0.0,1,8,0.0,1,8,0.0,1,8,0.0,1,8,0.0,1,8,-0.0,1,8,-9900,?,9,-9900,?,9,18.97,E,8,18.37,E,8,96.0,E,8,1008.6016999999999,E,8,999.0,E,8,1.05,E,8,-9900,?,9,-9900,?,9,0.0,E,8,-9900,?,9,-9900,?,9,0.0,0.0,E,8
10/22/2022,06:00,92.551,1379.754,0.0,1,8,0.0,1,8,0.0,1,8,0.0,1,8,0.0,1,8,0.0,1,8,0.0,1,8,-9900,?,9,-9900,?,9,18.77,E,8,18.41,E,8,97.0,E,8,1008.6016999999999,E,8,999.0,E,8,1.05,E,8,-9900,?,9,-9900,?,9,0.0,E,8,-9900,?,9,-9900,?,9,0.0,0.0,E,8
10/22/2022,07:00,416.274,1379.754,143.54,1,8,82.825,1,8,118.623,1,8,17224.8,1,8,7868.418,1,8,13048.576,1,8,125.515,1,8,-9900,?,9,-9900,?,9,18.56,E,8,18.46,E,8,99.0,E,8,1008.6016999999999,E,8,999.0,E,8,1.05,E,8,-9900,?,9,-9900,?,9,0.0,E,8,-9900,?,9,-9900,?,9,0.0,0.0,E,8
10/22/2022,08:00,721.138,1379.754,324.8,1,8,167.111,1,8,237.527,1,8,38976.0,1,8,15875.501,1,8,26127.917,1,8,144.772,1,8,-9900,?,9,-9900,?,9,21.64,E,8,17.74,E,8,78.0,E,8,1008.6016999999999,E,8,999.0,E,8,1.05,E,8,-9900,?,9,-9900,?,9,0.0,E,8,-9900,?,9,-9900,?,9,0.0,0.0,E,8
10/22/2022,09:00,983.698,1379.754,581.53,1,8,408.483,1,8,290.384,1,8,69783.6,1,8,38805.848,1,8,31942.278,1,8,129.684,1,8,-9900,?,9,-9900,?,9,23.16,E,8,17.37,E,8,69.0,E,8,1008.6016999999999,E,8,999.0,E,8,1.05,E,8,-9900,?,9,-9900,?,9,0.0,E,8,-9900,?,9,-9900,?,9,0.0,0.0,E,8
10/22/2022,10:00,1185.82,1379.754,737.75,1,8,455.638,1,8,346.196,1,8,88530.0,1,8,43285.64,1,8,38081.526,1,8,128.233,1,8,-9900,?,9,-9900,?,9,24.43,E,8,17.06,E,8,63.0,E,8,1008.6016999999999,E,8,999.0,E,8,1.49,E,8,-9900,?,9,-9900,?,9,0.0,E,8,-9900,?,9,-9900,?,9,0.0,0.0,E,8
10/22/2022,11:00,1313.675,1379.754,725.76,1,8,373.414,1,8,370.241,1,8,87091.2,1,8,35474.286,1,8,40726.497,1,8,123.783,1,8,-9900,?,9,-9900,?,9,25.17,E,8,16.87,E,8,60.0,E,8,1008.6016999999999,E,8,999.0,E,8,2.15,E,8,-9900,?,9,-9900,?,9,0.0,E,8,-9900,?,9,-9900,?,9,0.0,0.0,E,8
10/22/2022,12:00,1358.541,1379.754,329.0,1,8,24.042,1,8,305.328,1,8,39480.0,1,8,2283.997,1,8,33586.058,1,8,98.707,1,8,-9900,?,9,-9900,?,9,24.52,E,8,17.04,E,8,63.0,E,8,1008.6016999999999,E,8,999.0,E,8,2.61,E,8,-9900,?,9,-9900,?,9,0.0,E,8,-9900,?,9,-9900,?,9,0.0,0.0,E,8
10/22/2022,13:00,1317.37,1379.754,428.2,1,8,32.417,1,8,397.25,1,8,51384.0,1,8,3079.613,1,8,43697.457,1,8,132.44,1,8,-9900,?,9,-9900,?,9,24.37,E,8,17.07,E,8,68.0,E,8,1008.6016999999999,E,8,999.0,E,8,3.22,E,8,-9900,?,9,-9900,?,9,0.001,E,8,-9900,?,9,-9900,?,9,0.01,99.0,E,8
10/22/2022,14:00,1192.992,1379.754,380.84,1,8,34.076,1,8,351.379,1,8,45700.8,1,8,3237.256,1,8,38651.701,1,8,129.37,1,8,-9900,?,9,-9900,?,9,24.13,E,8,17.13,E,8,69.0,E,8,1008.6016999999999,E,8,999.0,E,8,3.75,E,8,-9900,?,9,-9900,?,9,0.002,E,8,-9900,?,9,-9900,?,9,0.02,99.0,E,8
10/22/2022,15:00,993.924,1379.754,325.96,1,8,29.445,1,8,304.755,1,8,39115.2,1,8,2797.248,1,8,33523.037,1,8,134.7,1,8,-9900,?,9,-9900,?,9,23.81,E,8,17.21,E,8,71.0,E,8,1008.6016999999999,E,8,999.0,E,8,3.54,E,8,-9900,?,9,-9900,?,9,0.004,E,8,-9900,?,9,-9900,?,9,0.04,99.0,E,8
10/22/2022,16:00,733.814,1379.754,353.23,1,8,213.059,1,8,240.0,1,8,42387.6,1,8,20240.649,1,8,26399.966,1,8,143.747,1,8,-9900,?,9,-9900,?,9,23.61,E,8,17.26,E,8,72.0,E,8,1008.6016999999999,E,8,999.0,E,8,3.83,E,8,-9900,?,9,-9900,?,9,0.01,E,8,-9900,?,9,-9900,?,9,0.1,99.0,E,8
10/22/2022,17:00,430.639,1379.754,212.6,1,8,287.921,1,8,122.977,1,8,25512.0,1,8,27352.492,1,8,13527.438,1,8,125.755,1,8,-9900,?,9,-9900,?,9,23.16,E,8,17.37,E,8,74.0,E,8,1008.6016999999999,E,8,999.0,E,8,3.91,E,8,-9900,?,9,-9900,?,9,0.034999999999999996,E,8,-9900,?,9,-9900,?,9,0.35,99.0,E,8
10/22/2022,18:00,107.343,1379.754,66.01,1,8,195.197,1,8,51.435,1,8,7921.2,1,8,18543.73,1,8,5657.839,1,8,219.265,1,8,-9900,?,9,-9900,?,9,22.52,E,8,17.53,E,8,88.0,E,8,1008.6016999999999,E,8,999.0,E,8,3.76,E,8,-9900,?,9,-9900,?,9,1.643,E,8,-9900,?,9,-9900,?,9,16.43,99.0,E,8
10/22/2022,19:00,0.0,1379.754,0.0,1,8,0.0,1,8,0.0,1,8,0.0,1,8,0.0,1,8,0.0,1,8,-0.0,1,8,-9900,?,9,-9900,?,9,22.09,E,8,17.63,E,8,80.0,E,8,1008.6016999999999,E,8,999.0,E,8,2.67,E,8,-9900,?,9,-9900,?,9,0.05500000000000001,E,8,-9900,?,9,-9900,?,9,0.55,99.0,E,8
10/22/2022,20:00,0.0,1379.754,0.0,1,8,0.0,1,8,0.0,1,8,0.0,1,8,0.0,1,8,0.0,1,8,-0.0,1,8,-9900,?,9,-9900,?,9,21.66,E,8,17.73,E,8,88.0,E,8,1008.6016999999999,E,8,999.0,E,8,2.07,E,8,-9900,?,9,-9900,?,9,0.10400000000000001,E,8,-9900,?,9,-9900,?,9,1.04,99.0,E,8
10/22/2022,21:00,0.0,1379.754,0.0,1,8,0.0,1,8,0.0,1,8,0.0,1,8,0.0,1,8,0.0,1,8,-0.0,1,8,-9900,?,9,-9900,?,9,21.23,E,8,17.84,E,8,85.0,E,8,1008.6016999999999,E,8,999.0,E,8,1.26,E,8,-9900,?,9,-9900,?,9,0.015,E,8,-9900,?,9,-9900,?,9,0.15,99.0,E,8
10/22/2022,22:00,0.0,1379.754,0.0,1,8,0.0,1,8,0.0,1,8,0.0,1,8,0.0,1,8,0.0,1,8,-0.0,1,8,-9900,?,9,-9900,?,9,20.8,E,8,17.94,E,8,88.0,E,8,1008.6016999999999,E,8,999.0,E,8,1.14,E,8,-9900,?,9,-9900,?,9,0.023,E,8,-9900,?,9,-9900,?,9,0.23,99.0,E,8
10/22/2022,23:00,0.0,1379.754,0.0,1,8,0.0,1,8,0.0,1,8,0.0,1,8,0.0,1,8,0.0,1,8,-0.0,1,8,-9900,?,9,-9900,?,9,20.37,E,8,18.04,E,8,91.0,E,8,1008.6016999999999,E,8,999.0,E,8,1.05,E,8,-9900,?,9,-9900,?,9,0.006,E,8,-9900,?,9,-9900,?,9,0.06,99.0,E,8
10/22/2022,24:00,0.0,1379.754,0.0,1,8,0.0,1,8,0.0,1,8,0.0,1,8,0.0,1,8,0.0,1,8,-0.0,1,8,-9900,?,9,-9900,?,9,19.94,E,8,18.14,E,8,90.0,E,8,1008.6016999999999,E,8,999.0,E,8,0.87,E,8,-9900,?,9,-9900,?,9,0.026000000000000002,E,8,-9900,?,9,-9900,?,9,0.26,99.0,E,8
10/23/2022,01:00,0.0,1379.754,0.0,1,8,0.0,1,8,0.0,1,8,0.0,1,8,0.0,1,8,0.0,1,8,-0.0,1,8,-9900,?,9,-9900,?,9,19.73,E,8,18.13,E,8,91.0,E,8,1008.6016999999999,E,8,999.0,E,8,0.87,E,8,-9900,?,9,-9900,?,9,0.012,E,8,-9900,?,9,-9900,?,9,0.12,99.0,E,8
10/23/2022,02:00,0.0,1379.754,0.0,1,8,0.0,1,8,0.0,1,8,0.0,1,8,0.0,1,8,0.0,1,8,-0.0,1,8,-9900,?,9,-9900,?,9,19.51,E,8,18.12,E,8,88.0,E,8,1008.6016999999999,E,8,999.0,E,8,0.87,E,8,-9900,?,9,-9900,?,9,0.0,E,8,-9900,?,9,-9900,?,9,0.0,0.0,E,8
10/23/2022,03:00,0.0,1379.754,0.0,1,8,0.0,1,8,0.0,1,8,0.0,1,8,0.0,1,8,0.0,1,8,-0.0,1,8,-9900,?,9,-9900,?,9,19.3,E,8,18.11,E,8,93.0,E,8,1008.6016999999999,E,8,999.0,E,8,0.87,E,8,-9900,?,9,-9900,?,9,0.033,E,8,-9900,?,9,-9900,?,9,0.33,99.0,E,8
10/23/2022,04:00,0.0,1380.538,0.0,1,8,0.0,1,8,0.0,1,8,0.0,1,8,0.0,1,8,0.0,1,8,-0.0,1,8,-9900,?,9,-9900,?,9,19.08,E,8,18.1,E,8,94.0,E,8,1008.6016999999999,E,8,999.0,E,8,0.87,E,8,-9900,?,9,-9900,?,9,0.009,E,8,-9900,?,9,-9900,?,9,0.09,99.0,E,8
10/23/2022,05:00,0.0,1380.538,0.0,1,8,0.0,1,8,0.0,1,8,0.0,1,8,0.0,1,8,0.0,1,8,-0.0,1,8,-9900,?,9,-9900,?,9,18.89,E,8,18.09,E,8,95.0,E,8,1008.6016999999999,E,8,999.0,E,8,0.87,E,8,-9900,?,9,-9900,?,9,0.002,E,8,-9900,?,9,-9900,?,9,0.02,99.0,E,8
10/23/2022,06:00,96.294,1380.538,0.0,1,8,0.0,1,8,0.0,1,8,0.0,1,8,0.0,1,8,0.0,1,8,0.0,1,8,-9900,?,9,-9900,?,9,18.75,E,8,18.09,E,8,96.0,E,8,1008.6016999999999,E,8,999.0,E,8,0.87,E,8,-9900,?,9,-9900,?,9,0.02,E,8,-9900,?,9,-9900,?,9,0.2,99.0,E,8
10/23/2022,07:00,419.897,1380.538,47.49,1,8,0.0,1,8,47.49,1,8,5698.8,1,8,0.0,1,8,5223.9,1,8,49.841,1,8,-9900,?,9,-9900,?,9,18.61,E,8,18.08,E,8,96.0,E,8,1008.6016999999999,E,8,999.0,E,8,0.87,E,8,-9900,?,9,-9900,?,9,0.003,E,8,-9900,?,9,-9900,?,9,0.03,99.0,E,8
10/23/2022,08:00,724.486,1380.538,160.83,1,8,0.479,1,8,160.579,1,8,19299.6,1,8,45.462,1,8,17663.696,1,8,97.475,1,8,-9900,?,9,-9900,?,9,20.55,E,8,18.16,E,8,87.0,E,8,1008.6016999999999,E,8,999.0,E,8,1.03,E,8,-9900,?,9,-9900,?,9,0.001,E,8,-9900,?,9,-9900,?,9,0.01,99.0,E,8
10/23/2022,09:00,986.746,1380.538,270.44,1,8,10.002,1,8,263.293,1,8,32452.8,1,8,950.195,1,8,28962.23,1,8,117.288,1,8,-9900,?,9,-9900,?,9,21.59,E,8,18.2,E,8,78.0,E,8,1008.6016999999999,E,8,999.0,E,8,1.62,E,8,-9900,?,9,-9900,?,9,0.0,E,8,-9900,?,9,-9900,?,9,0.0,0.0,E,8
10/23/2022,10:00,1188.567,1380.538,361.68,1,8,21.438,1,8,343.225,1,8,43401.6,1,8,2036.578,1,8,37754.778,1,8,126.911,1,8,-9900,?,9,-9900,?,9,22.53,E,8,18.24,E,8,75.0,E,8,1008.6016999999999,E,8,999.0,E,8,2.12,E,8,-9900,?,9,-9900,?,9,0.0,E,8,-9900,?,9,-9900,?,9,0.0,0.0,E,8
10/23/2022,11:00,1316.143,1380.538,426.84,1,8,34.516,1,8,393.935,1,8,51220.8,1,8,3279.009,1,8,43332.859,1,8,131.532,1,8,-9900,?,9,-9900,?,9,23.35,E,8,18.28,E,8,76.0,E,8,1008.6016999999999,E,8,999.0,E,8,2.66,E,8,-9900,?,9,-9900,?,9,0.007000000000000001,E,8,-9900,?,9,-9900,?,9,0.07,99.0,E,8
10/23/2022,12:00,1360.77,1380.538,460.98,1,8,39.066,1,8,422.473,1,8,55317.6,1,8,3711.311,1,8,46472.062,1,8,136.432,1,8,-9900,?,9,-9900,?,9,23.99,E,8,18.3,E,8,74.0,E,8,1008.6016999999999,E,8,999.0,E,8,3.31,E,8,-9900,?,9,-9900,?,9,0.016,E,8,-9900,?,9,-9900,?,9,0.16,99.0,E,8
10/23/2022,13:00,1319.419,1380.538,461.64,1,8,44.373,1,8,419.232,1,8,55396.8,1,8,4215.465,1,8,46115.562,1,8,139.631,1,8,-9900,?,9,-9900,?,9,24.46,E,8,18.32,E,8,68.0,E,8,1008.6016999999999,E,8,999.0,E,8,3.88,E,8,-9900,?,9,-9900,?,9,0.0,E,8,-9900,?,9,-9900,?,9,0.0,0.0,E,8
10/23/2022,14:00,1194.929,1380.538,428.75,1,8,38.353,1,8,395.557,1,8,51450.0,1,8,3643.51,1,8,43511.262,1,8,145.482,1,8,-9900,?,9,-9900,?,9,24.73,E,8,18.33,E,8,67.0,E,8,1008.6016999999999,E,8,999.0,E,8,4.48,E,8,-9900,?,9,-9900,?,9,0.0,E,8,-9900,?,9,-9900,?,9,0.0,0.0,E,8
10/23/2022,15:00,995.827,1380.538,364.73,1,8,32.416,1,8,341.354,1,8,43767.6,1,8,3079.483,1,8,37548.928,1,8,150.674,1,8,-9900,?,9,-9900,?,9,24.8,E,8,18.34,E,8,75.0,E,8,1008.6016999999999,E,8,999.0,E,8,4.27,E,8,-9900,?,9,-9900,?,9,0.132,E,8,-9900,?,9,-9900,?,9,1.32,99.0,E,8
10/23/2022,16:00,735.762,1380.538,274.42,1,8,68.929,1,8,237.711,1,8,32930.4,1,8,6548.254,1,8,26148.23,1,8,142.079,1,8,-9900,?,9,-9900,?,9,24.62,E,8,18.33,E,8,71.0,E,8,1008.6016999999999,E,8,999.0,E,8,4.18,E,8,-9900,?,9,-9900,?,9,0.005,E,8,-9900,?,9,-9900,?,9,0.05,99.0,E,8
10/23/2022,17:00,432.706,1380.538,165.4,1,8,130.591,1,8,124.577,1,8,19848.0,1,8,12406.114,1,8,13703.49,1,8,126.852,1,8,-9900,?,9,-9900,?,9,24.16,E,8,18.31,E,8,73.0,E,8,1008.6016999999999,E,8,999.0,E,8,3.67,E,8,-9900,?,9,-9900,?,9,0.040999999999999995,E,8,-9900,?,9,-9900,?,9,0.41,99.0,E,8
10/23/2022,18:00,109.542,1380.538,51.74,1,8,142.855,1,8,40.845,1,8,6208.8,1,8,13571.198,1,8,4492.985,1,8,170.48,1,8,-9900,?,9,-9900,?,9,23.47,E,8,18.28,E,8,76.0,E,8,1008.6016999999999,E,8,999.0,E,8,2.97,E,8,-9900,?,9,-9900,?,9,0.001,E,8,-9900,?,9,-9900,?,9,0.01,99.0,E,8
10/23/2022,19:00,0.0,1380.538,0.0,1,8,0.0,1,8,0.0,1,8,0.0,1,8,0.0,1,8,0.0,1,8,-0.0,1,8,-9900,?,9,-9900,?,9,23.01,E,8,18.26,E,8,77.0,E,8,1008.6016999999999,E,8,999.0,E,8,1.89,E,8,-9900,?,9,-9900,?,9,0.053000000000000005,E,8,-9900,?,9,-9900,?,9,0.53,99.0,E,8
10/23/2022,20:00,0.0,1380.538,0.0,1,8,0.0,1,8,0.0,1,8,0.0,1,8,0.0,1,8,0.0,1,8,-0.0,1,8,-9900,?,9,-9900,?,9,22.55,E,8,18.24,E,8,88.0,E,8,1008.6016999999999,E,8,999.0,E,8,1.27,E,8,-9900,?,9,-9900,?,9,2.558,E,8,-9900,?,9,-9900,?,9,25.58,99.0,E,8
10/23/2022,21:00,0.0,1380.538,0.0,1,8,0.0,1,8,0.0,1,8,0.0,1,8,0.0,1,8,0.0,1,8,-0.0,1,8,-9900,?,9,-9900,?,9,22.09,E,8,18.23,E,8,85.0,E,8,1008.6016999999999,E,8,999.0,E,8,0.87,E,8,-9900,?,9,-9900,?,9,0.219,E,8,-9900,?,9,-9900,?,9,2.19,99.0,E,8
10/23/2022,22:00,0.0,1380.538,0.0,1,8,0.0,1,8,0.0,1,8,0.0,1,8,0.0,1,8,0.0,1,8,-0.0,1,8,-9900,?,9,-9900,?,9,21.63,E,8,18.21,E,8,83.0,E,8,1008.6016999999999,E,8,999.0,E,8,0.87,E,8,-9900,?,9,-9900,?,9,0.06899999999999999,E,8,-9900,?,9,-9900,?,9,0.69,99.0,E,8
10/23/2022,23:00,0.0,1380.538,0.0,1,8,0.0,1,8,0.0,1,8,0.0,1,8,0.0,1,8,0.0,1,8,-0.0,1,8,-9900,?,9,-9900,?,9,21.16,E,8,18.19,E,8,85.0,E,8,1008.6016999999999,E,8,999.0,E,8,0.87,E,8,-9900,?,9,-9900,?,9,0.092,E,8,-9900,?,9,-9900,?,9,0.92,99.0,E,8
10/23/2022,24:00,0.0,1380.538,0.0,1,8,0.0,1,8,0.0,1,8,0.0,1,8,0.0,1,8,0.0,1,8,-0.0,1,8,-9900,?,9,-9900,?,9,20.7,E,8,18.23,E,8,85.0,E,8,1008.6016999999999,E,8,999.0,E,8,0.78,E,8,-9900,?,9,-9900,?,9,0.0,E,8,-9900,?,9,-9900,?,9,0.0,0.0,E,8
10/24/2022,01:00,0.0,1380.538,0.0,1,8,0.0,1,8,0.0,1,8,0.0,1,8,0.0,1,8,0.0,1,8,-0.0,1,8,-9900,?,9,-9900,?,9,20.47,E,8,18.19,E,8,86.0,E,8,1008.6016999999999,E,8,999.0,E,8,0.78,E,8,-9900,?,9,-9900,?,9,0.0,E,8,-9900,?,9,-9900,?,9,0.0,0.0,E,8
10/24/2022,02:00,0.0,1380.538,0.0,1,8,0.0,1,8,0.0,1,8,0.0,1,8,0.0,1,8,0.0,1,8,-0.0,1,8,-9900,?,9,-9900,?,9,20.24,E,8,18.15,E,8,87.0,E,8,1008.6016999999999,E,8,999.0,E,8,0.78,E,8,-9900,?,9,-9900,?,9,0.0,E,8,-9900,?,9,-9900,?,9,0.0,0.0,E,8
10/24/2022,03:00,0.0,1380.538,0.0,1,8,0.0,1,8,0.0,1,8,0.0,1,8,0.0,1,8,0.0,1,8,-0.0,1,8,-9900,?,9,-9900,?,9,20.01,E,8,18.11,E,8,88.0,E,8,1008.6016999999999,E,8,999.0,E,8,0.78,E,8,-9900,?,9,-9900,?,9,0.0,E,8,-9900,?,9,-9900,?,9,0.0,0.0,E,8
10/24/2022,04:00,0.0,1381.319,0.0,1,8,0.0,1,8,0.0,1,8,0.0,1,8,0.0,1,8,0.0,1,8,-0.0,1,8,-9900,?,9,-9900,?,9,19.78,E,8,18.07,E,8,89.0,E,8,1008.6016999999999,E,8,999.0,E,8,0.78,E,8,-9900,?,9,-9900,?,9,0.0,E,8,-9900,?,9,-9900,?,9,0.0,0.0,E,8
10/24/2022,05:00,0.0,1381.319,0.0,1,8,0.0,1,8,0.0,1,8,0.0,1,8,0.0,1,8,0.0,1,8,-0.0,1,8,-9900,?,9,-9900,?,9,19.58,E,8,18.03,E,8,90.0,E,8,1008.6016999999999,E,8,999.0,E,8,0.78,E,8,-9900,?,9,-9900,?,9,0.0,E,8,-9900,?,9,-9900,?,9,0.0,0.0,E,8
10/24/2022,06:00,99.956,1381.319,0.0,1,8,0.0,1,8,0.0,1,8,0.0,1,8,0.0,1,8,0.0,1,8,0.0,1,8,-9900,?,9,-9900,?,9,19.42,E,8,18.0,E,8,91.0,E,8,1008.6016999999999,E,8,999.0,E,8,0.78,E,8,-9900,?,9,-9900,?,9,0.0,E,8,-9900,?,9,-9900,?,9,0.0,0.0,E,8
10/24/2022,07:00,423.423,1381.319,100.9,1,8,0.0,1,8,100.9,1,8,12108.0,1,8,0.0,1,8,11099.0,1,8,105.068,1,8,-9900,?,9,-9900,?,9,19.27,E,8,17.97,E,8,92.0,E,8,1008.6016999999999,E,8,999.0,E,8,0.78,E,8,-9900,?,9,-9900,?,9,0.0,E,8,-9900,?,9,-9900,?,9,0.0,0.0,E,8
10/24/2022,08:00,727.734,1381.319,328.76,1,8,168.306,1,8,240.157,1,8,39451.2,1,8,15989.099,1,8,26417.282,1,8,145.211,1,8,-9900,?,9,-9900,?,9,21.7,E,8,18.41,E,8,81.0,E,8,1008.6016999999999,E,8,999.0,E,8,0.78,E,8,-9900,?,9,-9900,?,9,0.0,E,8,-9900,?,9,-9900,?,9,0.0,0.0,E,8
10/24/2022,09:00,989.695,1381.319,541.06,1,8,306.171,1,8,321.754,1,8,64927.2,1,8,29086.231,1,8,35392.95,1,8,142.984,1,8,-9900,?,9,-9900,?,9,22.93,E,8,18.62,E,8,76.0,E,8,1008.6016999999999,E,8,999.0,E,8,1.35,E,8,-9900,?,9,-9900,?,9,0.0,E,8,-9900,?,9,-9900,?,9,0.0,0.0,E,8
10/24/2022,10:00,1191.222,1381.319,701.74,1,8,368.431,1,8,384.044,1,8,84208.8,1,8,35000.943,1,8,42244.89,1,8,141.767,1,8,-9900,?,9,-9900,?,9,24.0,E,8,18.81,E,8,72.0,E,8,1008.6016999999999,E,8,999.0,E,8,2.04,E,8,-9900,?,9,-9900,?,9,0.0,E,8,-9900,?,9,-9900,?,9,0.0,0.0,E,8
10/24/2022,11:00,1318.531,1381.319,807.14,1,8,422.717,1,8,403.649,1,8,96856.8,1,8,40158.131,1,8,44401.399,1,8,134.608,1,8,-9900,?,9,-9900,?,9,24.88,E,8,18.96,E,8,69.0,E,8,1008.6016999999999,E,8,999.0,E,8,2.63,E,8,-9900,?,9,-9900,?,9,0.0,E,8,-9900,?,9,-9900,?,9,0.0,0.0,E,8
10/24/2022,12:00,1362.935,1381.319,758.26,1,8,300.524,1,8,461.738,1,8,90991.2,1,8,28549.749,1,8,50791.209,1,8,148.959,1,8,-9900,?,9,-9900,?,9,25.37,E,8,19.05,E,8,68.0,E,8,1008.6016999999999,E,8,999.0,E,8,3.22,E,8,-9900,?,9,-9900,?,9,0.0,E,8,-9900,?,9,-9900,?,9,0.0,0.0,E,8
10/24/2022,13:00,1321.42,1381.319,809.07,1,8,422.581,1,8,404.825,1,8,97088.4,1,8,40145.152,1,8,44530.734,1,8,134.704,1,8,-9900,?,9,-9900,?,9,25.81,E,8,19.12,E,8,66.0,E,8,1008.6016999999999,E,8,999.0,E,8,3.86,E,8,-9900,?,9,-9900,?,9,0.0,E,8,-9900,?,9,-9900,?,9,0.0,0.0,E,8
10/24/2022,14:00,1196.84,1381.319,761.58,1,8,511.139,1,8,318.749,1,8,91389.6,1,8,48558.168,1,8,35062.351,1,8,117.111,1,8,-9900,?,9,-9900,?,9,26.07,E,8,19.16,E,8,65.0,E,8,1008.6016999999999,E,8,999.0,E,8,4.04,E,8,-9900,?,9,-9900,?,9,0.0,E,8,-9900,?,9,-9900,?,9,0.0,0.0,E,8
10/24/2022,15:00,997.723,1381.319,641.82,1,8,587.308,1,8,217.723,1,8,77018.4,1,8,55794.305,1,8,23949.488,1,8,95.974,1,8,-9900,?,9,-9900,?,9,26.12,E,8,19.17,E,8,65.0,E,8,1008.6016999999999,E,8,999.0,E,8,3.67,E,8,-9900,?,9,-9900,?,9,0.0,E,8,-9900,?,9,-9900,?,9,0.0,0.0,E,8
10/24/2022,16:00,737.722,1381.319,436.35,1,8,463.689,1,8,188.889,1,8,52362.0,1,8,44050.461,1,8,20777.78,1,8,112.662,1,8,-9900,?,9,-9900,?,9,25.79,E,8,19.12,E,8,66.0,E,8,1008.6016999999999,E,8,999.0,E,8,3.92,E,8,-9900,?,9,-9900,?,9,0.0,E,8,-9900,?,9,-9900,?,9,0.0,0.0,E,8
10/24/2022,17:00,434.8,1381.319,292.32,1,8,426.817,1,8,158.323,1,8,35078.4,1,8,40547.61,1,8,17415.551,1,8,160.525,1,8,-9900,?,9,-9900,?,9,25.28,E,8,19.03,E,8,68.0,E,8,1008.6016999999999,E,8,999.0,E,8,3.44,E,8,-9900,?,9,-9900,?,9,0.0,E,8,-9900,?,9,-9900,?,9,0.0,0.0,E,8
10/24/2022,18:00,111.781,1381.319,92.2,1,8,221.262,1,8,74.967,1,8,11064.0,1,8,21019.933,1,8,8246.321,1,8,306.375,1,8,-9900,?,9,-9900,?,9,24.52,E,8,18.9,E,8,70.0,E,8,1008.6016999999999,E,8,999.0,E,8,3.68,E,8,-9900,?,9,-9900,?,9,0.0,E,8,-9900,?,9,-9900,?,9,0.0,0.0,E,8
10/24/2022,19:00,0.0,1381.319,0.0,1,8,0.0,1,8,0.0,1,8,0.0,1,8,0.0,1,8,0.0,1,8,-0.0,1,8,-9900,?,9,-9900,?,9,23.82,E,8,18.78,E,8,73.0,E,8,1008.6016999999999,E,8,999.0,E,8,2.72,E,8,-9900,?,9,-9900,?,9,0.0,E,8,-9900,?,9,-9900,?,9,0.0,0.0,E,8
10/24/2022,20:00,0.0,1381.319,0.0,1,8,0.0,1,8,0.0,1,8,0.0,1,8,0.0,1,8,0.0,1,8,-0.0,1,8,-9900,?,9,-9900,?,9,23.12,E,8,18.66,E,8,75.0,E,8,1008.6016999999999,E,8,999.0,E,8,2.0,E,8,-9900,?,9,-9900,?,9,0.0,E,8,-9900,?,9,-9900,?,9,0.0,0.0,E,8
10/24/2022,21:00,0.0,1381.319,0.0,1,8,0.0,1,8,0.0,1,8,0.0,1,8,0.0,1,8,0.0,1,8,-0.0,1,8,-9900,?,9,-9900,?,9,22.43,E,8,18.54,E,8,78.0,E,8,1008.6016999999999,E,8,999.0,E,8,1.25,E,8,-9900,?,9,-9900,?,9,0.0,E,8,-9900,?,9,-9900,?,9,0.0,0.0,E,8
10/24/2022,22:00,0.0,1381.319,0.0,1,8,0.0,1,8,0.0,1,8,0.0,1,8,0.0,1,8,0.0,1,8,-0.0,1,8,-9900,?,9,-9900,?,9,21.73,E,8,18.41,E,8,81.0,E,8,1008.6016999999999,E,8,999.0,E,8,1.18,E,8,-9900,?,9,-9900,?,9,0.0,E,8,-9900,?,9,-9900,?,9,0.0,0.0,E,8
10/24/2022,23:00,0.0,1381.319,0.0,1,8,0.0,1,8,0.0,1,8,0.0,1,8,0.0,1,8,0.0,1,8,-0.0,1,8,-9900,?,9,-9900,?,9,21.03,E,8,18.29,E,8,84.0,E,8,1008.6016999999999,E,8,999.0,E,8,0.96,E,8,-9900,?,9,-9900,?,9,0.0,E,8,-9900,?,9,-9900,?,9,0.0,0.0,E,8
10/24/2022,24:00,0.0,1381.319,0.0,1,8,0.0,1,8,0.0,1,8,0.0,1,8,0.0,1,8,0.0,1,8,-0.0,1,8,-9900,?,9,-9900,?,9,20.33,E,8,16.92,E,8,80.0,E,8,1008.6016999999999,E,8,999.0,E,8,1.22,E,8,-9900,?,9,-9900,?,9,0.0,E,8,-9900,?,9,-9900,?,9,0.0,0.0,E,8
10/25/2022,01:00,0.0,1381.319,0.0,1,8,0.0,1,8,0.0,1,8,0.0,1,8,0.0,1,8,0.0,1,8,-0.0,1,8,-9900,?,9,-9900,?,9,19.98,E,8,16.79,E,8,81.0,E,8,1008.6016999999999,E,8,999.0,E,8,1.04,E,8,-9900,?,9,-9900,?,9,0.0,E,8,-9900,?,9,-9900,?,9,0.0,0.0,E,8
10/25/2022,02:00,0.0,1381.319,0.0,1,8,0.0,1,8,0.0,1,8,0.0,1,8,0.0,1,8,0.0,1,8,-0.0,1,8,-9900,?,9,-9900,?,9,19.64,E,8,16.67,E,8,82.0,E,8,1008.6016999999999,E,8,999.0,E,8,0.99,E,8,-9900,?,9,-9900,?,9,0.0,E,8,-9900,?,9,-9900,?,9,0.0,0.0,E,8
10/25/2022,03:00,0.0,1381.319,0.0,1,8,0.0,1,8,0.0,1,8,0.0,1,8,0.0,1,8,0.0,1,8,-0.0,1,8,-9900,?,9,-9900,?,9,19.29,E,8,16.54,E,8,84.0,E,8,1008.6016999999999,E,8,999.0,E,8,0.99,E,8,-9900,?,9,-9900,?,9,0.0,E,8,-9900,?,9,-9900,?,9,0.0,0.0,E,8
10/25/2022,04:00,0.0,1382.095,0.0,1,8,0.0,1,8,0.0,1,8,0.0,1,8,0.0,1,8,0.0,1,8,-0.0,1,8,-9900,?,9,-9900,?,9,18.94,E,8,16.4,E,8,85.0,E,8,1008.6016999999999,E,8,999.0,E,8,0.99,E,8,-9900,?,9,-9900,?,9,0.0,E,8,-9900,?,9,-9900,?,9,0.0,0.0,E,8
10/25/2022,05:00,0.0,1382.095,0.0,1,8,0.0,1,8,0.0,1,8,0.0,1,8,0.0,1,8,0.0,1,8,-0.0,1,8,-9900,?,9,-9900,?,9,18.63,E,8,16.29,E,8,86.0,E,8,1008.6016999999999,E,8,999.0,E,8,0.99,E,8,-9900,?,9,-9900,?,9,0.0,E,8,-9900,?,9,-9900,?,9,0.0,0.0,E,8
10/25/2022,06:00,103.536,1382.095,0.0,1,8,0.0,1,8,0.0,1,8,0.0,1,8,0.0,1,8,0.0,1,8,0.0,1,8,-9900,?,9,-9900,?,9,18.4,E,8,16.2,E,8,87.0,E,8,1008.6016999999999,E,8,999.0,E,8,0.99,E,8,-9900,?,9,-9900,?,9,0.0,E,8,-9900,?,9,-9900,?,9,0.0,0.0,E,8
10/25/2022,07:00,426.85,1382.095,127.44,1,8,28.341,1,8,118.711,1,8,15292.8,1,8,2692.44,1,8,13058.201,1,8,122.686,1,8,-9900,?,9,-9900,?,9,18.17,E,8,16.11,E,8,87.0,E,8,1008.6016999999999,E,8,999.0,E,8,0.99,E,8,-9900,?,9,-9900,?,9,0.0,E,8,-9900,?,9,-9900,?,9,0.0,0.0,E,8
10/25/2022,08:00,730.879,1382.095,349.82,1,8,209.721,1,8,238.999,1,8,41978.4,1,8,19923.495,1,8,26289.904,1,8,143.968,1,8,-9900,?,9,-9900,?,9,21.04,E,8,17.18,E,8,78.0,E,8,1008.6016999999999,E,8,999.0,E,8,0.99,E,8,-9900,?,9,-9900,?,9,0.0,E,8,-9900,?,9,-9900,?,9,0.0,0.0,E,8
10/25/2022,09:00,992.544,1382.095,546.01,1,8,313.006,1,8,321.289,1,8,65521.2,1,8,29735.545,1,8,35341.76,1,8,142.447,1,8,-9900,?,9,-9900,?,9,22.28,E,8,17.62,E,8,74.0,E,8,1008.6016999999999,E,8,999.0,E,8,1.75,E,8,-9900,?,9,-9900,?,9,0.0,E,8,-9900,?,9,-9900,?,9,0.0,0.0,E,8
10/25/2022,10:00,1193.785,1382.095,739.25,1,8,445.269,1,8,354.687,1,8,88710.0,1,8,42300.592,1,8,39015.558,1,8,130.723,1,8,-9900,?,9,-9900,?,9,23.48,E,8,18.04,E,8,71.0,E,8,1008.6016999999999,E,8,999.0,E,8,2.47,E,8,-9900,?,9,-9900,?,9,0.0,E,8,-9900,?,9,-9900,?,9,0.0,0.0,E,8
10/25/2022,11:00,1320.838,1382.095,899.2,1,8,597.988,1,8,327.732,1,8,107904.0,1,8,56808.849,1,8,36050.536,1,8,109.162,1,8,-9900,?,9,-9900,?,9,24.59,E,8,18.41,E,8,68.0,E,8,1008.6016999999999,E,8,999.0,E,8,3.21,E,8,-9900,?,9,-9900,?,9,0.0,E,8,-9900,?,9,-9900,?,9,0.0,0.0,E,8
10/25/2022,12:00,1365.035,1382.095,919.76,1,8,558.987,1,8,367.677,1,8,110371.2,1,8,53103.765,1,8,40444.466,1,8,118.499,1,8,-9900,?,9,-9900,?,9,25.36,E,8,18.67,E,8,66.0,E,8,1008.6016999999999,E,8,999.0,E,8,3.81,E,8,-9900,?,9,-9900,?,9,0.0,E,8,-9900,?,9,-9900,?,9,0.0,0.0,E,8
10/25/2022,13:00,1323.376,1382.095,903.96,1,8,597.858,1,8,331.517,1,8,108475.2,1,8,56796.538,1,8,36466.904,1,8,110.21,1,8,-9900,?,9,-9900,?,9,25.89,E,8,18.85,E,8,65.0,E,8,1008.6016999999999,E,8,999.0,E,8,4.63,E,8,-9900,?,9,-9900,?,9,0.0,E,8,-9900,?,9,-9900,?,9,0.0,0.0,E,8
10/25/2022,14:00,1198.723,1382.095,827.25,1,8,637.143,1,8,274.695,1,8,99270.0,1,8,60528.578,1,8,30216.403,1,8,100.823,1,8,-9900,?,9,-9900,?,9,26.17,E,8,18.94,E,8,64.0,E,8,1008.6016999999999,E,8,999.0,E,8,5.16,E,8,-9900,?,9,-9900,?,9,0.0,E,8,-9900,?,9,-9900,?,9,0.0,0.0,E,8
10/25/2022,15:00,999.613,1382.095,669.43,1,8,662.712,1,8,190.246,1,8,80331.6,1,8,62957.649,1,8,20927.044,1,8,83.751,1,8,-9900,?,9,-9900,?,9,26.18,E,8,18.94,E,8,64.0,E,8,1008.6016999999999,E,8,999.0,E,8,5.02,E,8,-9900,?,9,-9900,?,9,0.0,E,8,-9900,?,9,-9900,?,9,0.0,0.0,E,8
10/25/2022,16:00,739.693,1382.095,498.51,1,8,714.608,1,8,116.333,1,8,59821.2,1,8,67887.722,1,8,12796.635,1,8,69.24,1,8,-9900,?,9,-9900,?,9,25.84,E,8,18.83,E,8,65.0,E,8,1008.6016999999999,E,8,999.0,E,8,5.05,E,8,-9900,?,9,-9900,?,9,0.0,E,8,-9900,?,9,-9900,?,9,0.0,0.0,E,8
10/25/2022,17:00,436.922,1382.095,282.48,1,8,620.581,1,8,86.807,1,8,33897.6,1,8,58955.159,1,8,9548.723,1,8,87.633,1,8,-9900,?,9,-9900,?,9,25.16,E,8,18.6,E,8,67.0,E,8,1008.6016999999999,E,8,999.0,E,8,5.4,E,8,-9900,?,9,-9900,?,9,0.0,E,8,-9900,?,9,-9900,?,9,0.0,0.0,E,8
10/25/2022,18:00,114.06,1382.095,81.22,1,8,225.356,1,8,63.296,1,8,9746.4,1,8,21408.836,1,8,6962.543,1,8,253.312,1,8,-9900,?,9,-9900,?,9,24.25,E,8,18.3,E,8,69.0,E,8,1008.6016999999999,E,8,999.0,E,8,4.42,E,8,-9900,?,9,-9900,?,9,0.0,E,8,-9900,?,9,-9900,?,9,0.0,0.0,E,8
10/25/2022,19:00,0.0,1382.095,0.0,1,8,0.0,1,8,0.0,1,8,0.0,1,8,0.0,1,8,0.0,1,8,-0.0,1,8,-9900,?,9,-9900,?,9,23.56,E,8,18.06,E,8,71.0,E,8,1008.6016999999999,E,8,999.0,E,8,2.57,E,8,-9900,?,9,-9900,?,9,0.0,E,8,-9900,?,9,-9900,?,9,0.0,0.0,E,8
10/25/2022,20:00,0.0,1382.095,0.0,1,8,0.0,1,8,0.0,1,8,0.0,1,8,0.0,1,8,0.0,1,8,-0.0,1,8,-9900,?,9,-9900,?,9,22.87,E,8,17.83,E,8,73.0,E,8,1008.6016999999999,E,8,999.0,E,8,1.72,E,8,-9900,?,9,-9900,?,9,0.0,E,8,-9900,?,9,-9900,?,9,0.0,0.0,E,8
10/25/2022,21:00,0.0,1382.095,0.0,1,8,0.0,1,8,0.0,1,8,0.0,1,8,0.0,1,8,0.0,1,8,-0.0,1,8,-9900,?,9,-9900,?,9,22.17,E,8,17.58,E,8,75.0,E,8,1008.6016999999999,E,8,999.0,E,8,0.99,E,8,-9900,?,9,-9900,?,9,0.0,E,8,-9900,?,9,-9900,?,9,0.0,0.0,E,8
10/25/2022,22:00,0.0,1382.095,0.0,1,8,0.0,1,8,0.0,1,8,0.0,1,8,0.0,1,8,0.0,1,8,-0.0,1,8,-9900,?,9,-9900,?,9,21.48,E,8,17.34,E,8,77.0,E,8,1008.6016999999999,E,8,999.0,E,8,1.03,E,8,-9900,?,9,-9900,?,9,0.0,E,8,-9900,?,9,-9900,?,9,0.0,0.0,E,8
10/25/2022,23:00,0.0,1382.095,0.0,1,8,0.0,1,8,0.0,1,8,0.0,1,8,0.0,1,8,0.0,1,8,-0.0,1,8,-9900,?,9,-9900,?,9,20.79,E,8,17.09,E,8,79.0,E,8,1008.6016999999999,E,8,999.0,E,8,1.23,E,8,-9900,?,9,-9900,?,9,0.0,E,8,-9900,?,9,-9900,?,9,0.0,0.0,E,8
10/25/2022,24:00,0.0,1382.095,0.0,1,8,0.0,1,8,0.0,1,8,0.0,1,8,0.0,1,8,0.0,1,8,-0.0,1,8,-9900,?,9,-9900,?,9,20.1,E,8,16.18,E,8,78.0,E,8,1008.6016999999999,E,8,999.0,E,8,1.04,E,8,-9900,?,9,-9900,?,9,0.0,E,8,-9900,?,9,-9900,?,9,0.0,0.0,E,8
10/26/2022,01:00,0.0,1382.095,0.0,1,8,0.0,1,8,0.0,1,8,0.0,1,8,0.0,1,8,0.0,1,8,-0.0,1,8,-9900,?,9,-9900,?,9,19.75,E,8,16.16,E,8,79.0,E,8,1008.6016999999999,E,8,999.0,E,8,1.04,E,8,-9900,?,9,-9900,?,9,0.0,E,8,-9900,?,9,-9900,?,9,0.0,0.0,E,8
10/26/2022,02:00,0.0,1382.095,0.0,1,8,0.0,1,8,0.0,1,8,0.0,1,8,0.0,1,8,0.0,1,8,-0.0,1,8,-9900,?,9,-9900,?,9,19.4,E,8,16.14,E,8,81.0,E,8,1008.6016999999999,E,8,999.0,E,8,1.04,E,8,-9900,?,9,-9900,?,9,0.0,E,8,-9900,?,9,-9900,?,9,0.0,0.0,E,8
10/26/2022,03:00,0.0,1382.095,0.0,1,8,0.0,1,8,0.0,1,8,0.0,1,8,0.0,1,8,0.0,1,8,-0.0,1,8,-9900,?,9,-9900,?,9,19.06,E,8,16.12,E,8,83.0,E,8,1008.6016999999999,E,8,999.0,E,8,1.04,E,8,-9900,?,9,-9900,?,9,0.0,E,8,-9900,?,9,-9900,?,9,0.0,0.0,E,8
10/26/2022,04:00,0.0,1382.868,0.0,1,8,0.0,1,8,0.0,1,8,0.0,1,8,0.0,1,8,0.0,1,8,-0.0,1,8,-9900,?,9,-9900,?,9,18.71,E,8,16.09,E,8,84.0,E,8,1008.6016999999999,E,8,999.0,E,8,1.04,E,8,-9900,?,9,-9900,?,9,0.0,E,8,-9900,?,9,-9900,?,9,0.0,0.0,E,8
10/26/2022,05:00,0.0,1382.868,0.0,1,8,0.0,1,8,0.0,1,8,0.0,1,8,0.0,1,8,0.0,1,8,-0.0,1,8,-9900,?,9,-9900,?,9,18.41,E,8,16.07,E,8,86.0,E,8,1008.6016999999999,E,8,999.0,E,8,1.04,E,8,-9900,?,9,-9900,?,9,0.0,E,8,-9900,?,9,-9900,?,9,0.0,0.0,E,8
10/26/2022,06:00,107.031,1382.868,0.0,1,8,0.0,1,8,0.0,1,8,0.0,1,8,0.0,1,8,0.0,1,8,0.0,1,8,-9900,?,9,-9900,?,9,18.18,E,8,16.06,E,8,87.0,E,8,1008.6016999999999,E,8,999.0,E,8,1.04,E,8,-9900,?,9,-9900,?,9,0.0,E,8,-9900,?,9,-9900,?,9,0.0,0.0,E,8
10/26/2022,07:00,430.176,1382.868,107.92,1,8,1.238,1,8,107.536,1,8,12950.4,1,8,117.638,1,8,11828.942,1,8,110.334,1,8,-9900,?,9,-9900,?,9,17.95,E,8,16.05,E,8,88.0,E,8,1008.6016999999999,E,8,999.0,E,8,1.04,E,8,-9900,?,9,-9900,?,9,0.0,E,8,-9900,?,9,-9900,?,9,0.0,0.0,E,8
10/26/2022,08:00,733.921,1382.868,351.68,1,8,193.225,1,8,249.208,1,8,42201.6,1,8,18356.371,1,8,27412.829,1,8,149.578,1,8,-9900,?,9,-9900,?,9,20.35,E,8,16.2,E,8,77.0,E,8,1008.6016999999999,E,8,999.0,E,8,1.04,E,8,-9900,?,9,-9900,?,9,0.0,E,8,-9900,?,9,-9900,?,9,0.0,0.0,E,8
10/26/2022,09:00,995.292,1382.868,585.96,1,8,361.287,1,8,326.002,1,8,70315.2,1,8,34322.255,1,8,35860.202,1,8,144.218,1,8,-9900,?,9,-9900,?,9,21.59,E,8,16.28,E,8,71.0,E,8,1008.6016999999999,E,8,999.0,E,8,1.23,E,8,-9900,?,9,-9900,?,9,0.0,E,8,-9900,?,9,-9900,?,9,0.0,0.0,E,8
10/26/2022,10:00,1196.256,1382.868,780.18,1,8,500.318,1,8,347.421,1,8,93621.6,1,8,47530.178,1,8,38216.3,1,8,127.851,1,8,-9900,?,9,-9900,?,9,22.72,E,8,16.35,E,8,67.0,E,8,1008.6016999999999,E,8,999.0,E,8,2.36,E,8,-9900,?,9,-9900,?,9,0.0,E,8,-9900,?,9,-9900,?,9,0.0,0.0,E,8
10/26/2022,11:00,1323.065,1382.868,918.55,1,8,570.129,1,8,373.092,1,8,110226.0,1,8,54162.221,1,8,41040.082,1,8,124.13,1,8,-9900,?,9,-9900,?,9,23.68,E,8,16.41,E,8,63.0,E,8,1008.6016999999999,E,8,999.0,E,8,2.38,E,8,-9900,?,9,-9900,?,9,0.0,E,8,-9900,?,9,-9900,?,9,0.0,0.0,E,8
10/26/2022,12:00,1367.071,1382.868,992.3,1,8,629.696,1,8,369.801,1,8,119076.0,1,8,59821.133,1,8,40678.121,1,8,119.072,1,8,-9900,?,9,-9900,?,9,24.46,E,8,16.46,E,8,61.0,E,8,1008.6016999999999,E,8,999.0,E,8,3.21,E,8,-9900,?,9,-9900,?,9,0.0,E,8,-9900,?,9,-9900,?,9,0.0,0.0,E,8
10/26/2022,13:00,1325.286,1382.868,1010.86,1,8,804.537,1,8,239.843,1,8,121303.2,1,8,76431.018,1,8,26382.762,1,8,79.664,1,8,-9900,?,9,-9900,?,9,25.04,E,8,16.49,E,8,59.0,E,8,1008.6016999999999,E,8,999.0,E,8,3.44,E,8,-9900,?,9,-9900,?,9,0.0,E,8,-9900,?,9,-9900,?,9,0.0,0.0,E,8
10/26/2022,14:00,1200.582,1382.868,933.29,1,8,921.5,1,8,133.336,1,8,111994.8,1,8,87542.547,1,8,14666.98,1,8,48.891,1,8,-9900,?,9,-9900,?,9,25.37,E,8,16.51,E,8,57.0,E,8,1008.6016999999999,E,8,999.0,E,8,3.95,E,8,-9900,?,9,-9900,?,9,0.0,E,8,-9900,?,9,-9900,?,9,0.0,0.0,E,8
10/26/2022,15:00,1001.496,1382.868,788.93,1,8,808.171,1,8,203.794,1,8,94671.6,1,8,76776.276,1,8,22417.39,1,8,89.596,1,8,-9900,?,9,-9900,?,9,25.46,E,8,16.52,E,8,57.0,E,8,1008.6016999999999,E,8,999.0,E,8,3.93,E,8,-9900,?,9,-9900,?,9,0.0,E,8,-9900,?,9,-9900,?,9,0.0,0.0,E,8
10/26/2022,16:00,741.677,1382.868,592.41,1,8,703.867,1,8,215.177,1,8,71089.2,1,8,66867.338,1,8,23669.473,1,8,127.799,1,8,-9900,?,9,-9900,?,9,25.24,E,8,16.51,E,8,58.0,E,8,1008.6016999999999,E,8,999.0,E,8,3.74,E,8,-9900,?,9,-9900,?,9,0.0,E,8,-9900,?,9,-9900,?,9,0.0,0.0,E,8
10/26/2022,17:00,439.071,1382.868,359.37,1,8,692.12,1,8,140.183,1,8,43124.4,1,8,65751.439,1,8,15420.127,1,8,140.9,1,8,-9900,?,9,-9900,?,9,24.68,E,8,16.47,E,8,60.0,E,8,1008.6016999999999,E,8,999.0,E,8,3.69,E,8,-9900,?,9,-9900,?,9,0.0,E,8,-9900,?,9,-9900,?,9,0.0,0.0,E,8
10/26/2022,18:00,116.38,1382.868,115.34,1,8,254.041,1,8,94.708,1,8,13840.8,1,8,24133.928,1,8,10417.907,1,8,371.199,1,8,-9900,?,9,-9900,?,9,23.85,E,8,16.42,E,8,63.0,E,8,1008.6016999999999,E,8,999.0,E,8,3.29,E,8,-9900,?,9,-9900,?,9,0.0,E,8,-9900,?,9,-9900,?,9,0.0,0.0,E,8
10/26/2022,19:00,0.0,1382.868,0.0,1,8,0.0,1,8,0.0,1,8,0.0,1,8,0.0,1,8,0.0,1,8,-0.0,1,8,-9900,?,9,-9900,?,9,23.19,E,8,16.38,E,8,65.0,E,8,1008.6016999999999,E,8,999.0,E,8,1.81,E,8,-9900,?,9,-9900,?,9,0.0,E,8,-9900,?,9,-9900,?,9,0.0,0.0,E,8
10/26/2022,20:00,0.0,1382.868,0.0,1,8,0.0,1,8,0.0,1,8,0.0,1,8,0.0,1,8,0.0,1,8,-0.0,1,8,-9900,?,9,-9900,?,9,22.53,E,8,16.34,E,8,68.0,E,8,1008.6016999999999,E,8,999.0,E,8,1.47,E,8,-9900,?,9,-9900,?,9,0.0,E,8,-9900,?,9,-9900,?,9,0.0,0.0,E,8
10/26/2022,21:00,0.0,1382.868,0.0,1,8,0.0,1,8,0.0,1,8,0.0,1,8,0.0,1,8,0.0,1,8,-0.0,1,8,-9900,?,9,-9900,?,9,21.88,E,8,16.3,E,8,70.0,E,8,1008.6016999999999,E,8,999.0,E,8,1.04,E,8,-9900,?,9,-9900,?,9,0.0,E,8,-9900,?,9,-9900,?,9,0.0,0.0,E,8
10/26/2022,22:00,0.0,1382.868,0.0,1,8,0.0,1,8,0.0,1,8,0.0,1,8,0.0,1,8,0.0,1,8,-0.0,1,8,-9900,?,9,-9900,?,9,21.22,E,8,16.25,E,8,73.0,E,8,1008.6016999999999,E,8,999.0,E,8,1.04,E,8,-9900,?,9,-9900,?,9,0.0,E,8,-9900,?,9,-9900,?,9,0.0,0.0,E,8
10/26/2022,23:00,0.0,1382.868,0.0,1,8,0.0,1,8,0.0,1,8,0.0,1,8,0.0,1,8,0.0,1,8,-0.0,1,8,-9900,?,9,-9900,?,9,20.56,E,8,16.21,E,8,76.0,E,8,1008.6016999999999,E,8,999.0,E,8,1.04,E,8,-9900,?,9,-9900,?,9,0.0,E,8,-9900,?,9,-9900,?,9,0.0,0.0,E,8
10/26/2022,24:00,0.0,1382.868,0.0,1,8,0.0,1,8,0.0,1,8,0.0,1,8,0.0,1,8,0.0,1,8,-0.0,1,8,-9900,?,9,-9900,?,9,19.9,E,8,15.83,E,8,77.0,E,8,1008.6016999999999,E,8,999.0,E,8,1.01,E,8,-9900,?,9,-9900,?,9,0.0,E,8,-9900,?,9,-9900,?,9,0.0,0.0,E,8
10/27/2022,01:00,0.0,1382.868,0.0,1,8,0.0,1,8,0.0,1,8,0.0,1,8,0.0,1,8,0.0,1,8,-0.0,1,8,-9900,?,9,-9900,?,9,19.57,E,8,15.73,E,8,78.0,E,8,1008.6016999999999,E,8,999.0,E,8,1.01,E,8,-9900,?,9,-9900,?,9,0.0,E,8,-9900,?,9,-9900,?,9,0.0,0.0,E,8
10/27/2022,02:00,0.0,1382.868,0.0,1,8,0.0,1,8,0.0,1,8,0.0,1,8,0.0,1,8,0.0,1,8,-0.0,1,8,-9900,?,9,-9900,?,9,19.25,E,8,15.64,E,8,79.0,E,8,1008.6016999999999,E,8,999.0,E,8,1.01,E,8,-9900,?,9,-9900,?,9,0.0,E,8,-9900,?,9,-9900,?,9,0.0,0.0,E,8
10/27/2022,03:00,0.0,1382.868,0.0,1,8,0.0,1,8,0.0,1,8,0.0,1,8,0.0,1,8,0.0,1,8,-0.0,1,8,-9900,?,9,-9900,?,9,18.92,E,8,15.54,E,8,80.0,E,8,1008.6016999999999,E,8,999.0,E,8,1.01,E,8,-9900,?,9,-9900,?,9,0.0,E,8,-9900,?,9,-9900,?,9,0.0,0.0,E,8
10/27/2022,04:00,0.0,1383.636,0.0,1,8,0.0,1,8,0.0,1,8,0.0,1,8,0.0,1,8,0.0,1,8,-0.0,1,8,-9900,?,9,-9900,?,9,18.59,E,8,15.44,E,8,81.0,E,8,1008.6016999999999,E,8,999.0,E,8,1.01,E,8,-9900,?,9,-9900,?,9,0.0,E,8,-9900,?,9,-9900,?,9,0.0,0.0,E,8
10/27/2022,05:00,0.0,1383.636,0.0,1,8,0.0,1,8,0.0,1,8,0.0,1,8,0.0,1,8,0.0,1,8,-0.0,1,8,-9900,?,9,-9900,?,9,18.3,E,8,15.35,E,8,82.0,E,8,1008.6016999999999,E,8,999.0,E,8,1.01,E,8,-9900,?,9,-9900,?,9,0.0,E,8,-9900,?,9,-9900,?,9,0.0,0.0,E,8
10/27/2022,06:00,110.438,1383.636,0.0,1,8,0.0,1,8,0.0,1,8,0.0,1,8,0.0,1,8,0.0,1,8,0.0,1,8,-9900,?,9,-9900,?,9,18.08,E,8,15.28,E,8,83.0,E,8,1008.6016999999999,E,8,999.0,E,8,1.01,E,8,-9900,?,9,-9900,?,9,0.0,E,8,-9900,?,9,-9900,?,9,0.0,0.0,E,8
10/27/2022,07:00,433.4,1383.636,107.19,1,8,0.0,1,8,107.19,1,8,12862.8,1,8,0.0,1,8,11790.9,1,8,109.217,1,8,-9900,?,9,-9900,?,9,17.86,E,8,15.22,E,8,84.0,E,8,1008.6016999999999,E,8,999.0,E,8,1.01,E,8,-9900,?,9,-9900,?,9,0.0,E,8,-9900,?,9,-9900,?,9,0.0,0.0,E,8
10/27/2022,08:00,736.858,1383.636,352.31,1,8,198.304,1,8,246.781,1,8,42277.2,1,8,18838.906,1,8,27145.882,1,8,147.612,1,8,-9900,?,9,-9900,?,9,20.35,E,8,15.96,E,8,75.0,E,8,1008.6016999999999,E,8,999.0,E,8,1.01,E,8,-9900,?,9,-9900,?,9,0.0,E,8,-9900,?,9,-9900,?,9,0.0,0.0,E,8
10/27/2022,09:00,997.94,1383.636,564.82,1,8,312.758,1,8,339.306,1,8,67778.4,1,8,29712.049,1,8,37323.639,1,8,149.788,1,8,-9900,?,9,-9900,?,9,21.55,E,8,16.31,E,8,72.0,E,8,1008.6016999999999,E,8,999.0,E,8,1.01,E,8,-9900,?,9,-9900,?,9,0.0,E,8,-9900,?,9,-9900,?,9,0.0,0.0,E,8
10/27/2022,10:00,1198.633,1383.636,750.31,1,8,441.526,1,8,367.857,1,8,90037.2,1,8,41944.928,1,8,40464.287,1,8,135.178,1,8,-9900,?,9,-9900,?,9,22.66,E,8,16.62,E,8,68.0,E,8,1008.6016999999999,E,8,999.0,E,8,1.01,E,8,-9900,?,9,-9900,?,9,0.0,E,8,-9900,?,9,-9900,?,9,0.0,0.0,E,8
10/27/2022,11:00,1325.213,1383.636,899.43,1,8,573.84,1,8,349.835,1,8,107931.6,1,8,54514.793,1,8,38481.832,1,8,116.268,1,8,-9900,?,9,-9900,?,9,23.64,E,8,16.89,E,8,65.0,E,8,1008.6016999999999,E,8,999.0,E,8,1.64,E,8,-9900,?,9,-9900,?,9,0.0,E,8,-9900,?,9,-9900,?,9,0.0,0.0,E,8
10/27/2022,12:00,1369.044,1383.636,967.82,1,8,602.161,1,8,372.014,1,8,116138.4,1,8,57205.252,1,8,40921.505,1,8,119.679,1,8,-9900,?,9,-9900,?,9,24.42,E,8,17.11,E,8,63.0,E,8,1008.6016999999999,E,8,999.0,E,8,2.5,E,8,-9900,?,9,-9900,?,9,0.0,E,8,-9900,?,9,-9900,?,9,0.0,0.0,E,8
10/27/2022,13:00,1327.152,1383.636,952.29,1,8,665.315,1,8,314.151,1,8,114274.8,1,8,63204.953,1,8,34556.628,1,8,104.256,1,8,-9900,?,9,-9900,?,9,24.96,E,8,17.26,E,8,62.0,E,8,1008.6016999999999,E,8,999.0,E,8,3.1,E,8,-9900,?,9,-9900,?,9,0.0,E,8,-9900,?,9,-9900,?,9,0.0,0.0,E,8
10/27/2022,14:00,1202.415,1383.636,876.4,1,8,783.008,1,8,196.011,1,8,105168.0,1,8,74385.72,1,8,21561.239,1,8,71.803,1,8,-9900,?,9,-9900,?,9,25.25,E,8,17.33,E,8,61.0,E,8,1008.6016999999999,E,8,999.0,E,8,3.84,E,8,-9900,?,9,-9900,?,9,0.0,E,8,-9900,?,9,-9900,?,9,0.0,0.0,E,8
10/27/2022,15:00,1003.375,1383.636,758.88,1,8,910.807,1,8,98.563,1,8,91065.6,1,8,86526.663,1,8,10841.919,1,8,43.275,1,8,-9900,?,9,-9900,?,9,25.34,E,8,17.36,E,8,61.0,E,8,1008.6016999999999,E,8,999.0,E,8,4.08,E,8,-9900,?,9,-9900,?,9,0.0,E,8,-9900,?,9,-9900,?,9,0.0,0.0,E,8
10/27/2022,16:00,743.674,1383.636,586.57,1,8,794.067,1,8,160.084,1,8,70388.4,1,8,75436.403,1,8,17609.244,1,8,94.875,1,8,-9900,?,9,-9900,?,9,25.15,E,8,17.31,E,8,61.0,E,8,1008.6016999999999,E,8,999.0,E,8,4.45,E,8,-9900,?,9,-9900,?,9,0.0,E,8,-9900,?,9,-9900,?,9,0.0,0.0,E,8
10/27/2022,17:00,441.249,1383.636,361.78,1,8,489.541,1,8,206.062,1,8,43413.6,1,8,46506.356,1,8,22666.774,1,8,206.203,1,8,-9900,?,9,-9900,?,9,24.62,E,8,17.16,E,8,63.0,E,8,1008.6016999999999,E,8,999.0,E,8,4.33,E,8,-9900,?,9,-9900,?,9,0.0,E,8,-9900,?,9,-9900,?,9,0.0,0.0,E,8
10/27/2022,18:00,118.74,1383.636,123.32,1,8,257.952,1,8,101.931,1,8,14798.4,1,8,24505.466,1,8,11212.421,1,8,391.298,1,8,-9900,?,9,-9900,?,9,23.81,E,8,16.94,E,8,65.0,E,8,1008.6016999999999,E,8,999.0,E,8,3.52,E,8,-9900,?,9,-9900,?,9,0.0,E,8,-9900,?,9,-9900,?,9,0.0,0.0,E,8
10/27/2022,19:00,0.0,1383.636,0.0,1,8,0.0,1,8,0.0,1,8,0.0,1,8,0.0,1,8,0.0,1,8,-0.0,1,8,-9900,?,9,-9900,?,9,23.19,E,8,16.77,E,8,67.0,E,8,1008.6016999999999,E,8,999.0,E,8,2.58,E,8,-9900,?,9,-9900,?,9,0.0,E,8,-9900,?,9,-9900,?,9,0.0,0.0,E,8
10/27/2022,20:00,0.0,1383.636,0.0,1,8,0.0,1,8,0.0,1,8,0.0,1,8,0.0,1,8,0.0,1,8,-0.0,1,8,-9900,?,9,-9900,?,9,22.57,E,8,16.6,E,8,68.0,E,8,1008.6016999999999,E,8,999.0,E,8,2.29,E,8,-9900,?,9,-9900,?,9,0.0,E,8,-9900,?,9,-9900,?,9,0.0,0.0,E,8
10/27/2022,21:00,0.0,1383.636,0.0,1,8,0.0,1,8,0.0,1,8,0.0,1,8,0.0,1,8,0.0,1,8,-0.0,1,8,-9900,?,9,-9900,?,9,21.95,E,8,16.42,E,8,70.0,E,8,1008.6016999999999,E,8,999.0,E,8,1.43,E,8,-9900,?,9,-9900,?,9,0.0,E,8,-9900,?,9,-9900,?,9,0.0,0.0,E,8
10/27/2022,22:00,0.0,1383.636,0.0,1,8,0.0,1,8,0.0,1,8,0.0,1,8,0.0,1,8,0.0,1,8,-0.0,1,8,-9900,?,9,-9900,?,9,21.32,E,8,16.24,E,8,72.0,E,8,1008.6016999999999,E,8,999.0,E,8,1.08,E,8,-9900,?,9,-9900,?,9,0.0,E,8,-9900,?,9,-9900,?,9,0.0,0.0,E,8
10/27/2022,23:00,0.0,1383.636,0.0,1,8,0.0,1,8,0.0,1,8,0.0,1,8,0.0,1,8,0.0,1,8,-0.0,1,8,-9900,?,9,-9900,?,9,20.7,E,8,16.06,E,8,74.0,E,8,1008.6016999999999,E,8,999.0,E,8,1.01,E,8,-9900,?,9,-9900,?,9,0.0,E,8,-9900,?,9,-9900,?,9,0.0,0.0,E,8
10/27/2022,24:00,0.0,1383.636,0.0,1,8,0.0,1,8,0.0,1,8,0.0,1,8,0.0,1,8,0.0,1,8,-0.0,1,8,-9900,?,9,-9900,?,9,20.08,E,8,15.47,E,8,74.0,E,8,1008.6016999999999,E,8,999.0,E,8,0.81,E,8,-9900,?,9,-9900,?,9,0.0,E,8,-9900,?,9,-9900,?,9,0.0,0.0,E,8
10/28/2022,01:00,0.0,1383.636,0.0,1,8,0.0,1,8,0.0,1,8,0.0,1,8,0.0,1,8,0.0,1,8,-0.0,1,8,-9900,?,9,-9900,?,9,19.77,E,8,15.42,E,8,76.0,E,8,1008.6016999999999,E,8,999.0,E,8,0.81,E,8,-9900,?,9,-9900,?,9,0.0,E,8,-9900,?,9,-9900,?,9,0.0,0.0,E,8
10/28/2022,02:00,0.0,1383.636,0.0,1,8,0.0,1,8,0.0,1,8,0.0,1,8,0.0,1,8,0.0,1,8,-0.0,1,8,-9900,?,9,-9900,?,9,19.46,E,8,15.38,E,8,77.0,E,8,1008.6016999999999,E,8,999.0,E,8,0.81,E,8,-9900,?,9,-9900,?,9,0.0,E,8,-9900,?,9,-9900,?,9,0.0,0.0,E,8
10/28/2022,03:00,0.0,1383.636,0.0,1,8,0.0,1,8,0.0,1,8,0.0,1,8,0.0,1,8,0.0,1,8,-0.0,1,8,-9900,?,9,-9900,?,9,19.15,E,8,15.34,E,8,78.0,E,8,1008.6016999999999,E,8,999.0,E,8,0.81,E,8,-9900,?,9,-9900,?,9,0.0,E,8,-9900,?,9,-9900,?,9,0.0,0.0,E,8
10/28/2022,04:00,0.0,1384.4,0.0,1,8,0.0,1,8,0.0,1,8,0.0,1,8,0.0,1,8,0.0,1,8,-0.0,1,8,-9900,?,9,-9900,?,9,18.84,E,8,15.29,E,8,79.0,E,8,1008.6016999999999,E,8,999.0,E,8,0.81,E,8,-9900,?,9,-9900,?,9,0.0,E,8,-9900,?,9,-9900,?,9,0.0,0.0,E,8
10/28/2022,05:00,0.0,1384.4,0.0,1,8,0.0,1,8,0.0,1,8,0.0,1,8,0.0,1,8,0.0,1,8,-0.0,1,8,-9900,?,9,-9900,?,9,18.56,E,8,15.25,E,8,81.0,E,8,1008.6016999999999,E,8,999.0,E,8,0.81,E,8,-9900,?,9,-9900,?,9,0.0,E,8,-9900,?,9,-9900,?,9,0.0,0.0,E,8
10/28/2022,06:00,113.754,1384.4,0.0,1,8,0.0,1,8,0.0,1,8,0.0,1,8,0.0,1,8,0.0,1,8,0.0,1,8,-9900,?,9,-9900,?,9,18.36,E,8,15.23,E,8,81.0,E,8,1008.6016999999999,E,8,999.0,E,8,0.81,E,8,-9900,?,9,-9900,?,9,0.0,E,8,-9900,?,9,-9900,?,9,0.0,0.0,E,8
10/28/2022,07:00,436.522,1384.4,115.39,1,8,7.739,1,8,112.956,1,8,13846.8,1,8,735.162,1,8,12425.194,1,8,114.329,1,8,-9900,?,9,-9900,?,9,18.15,E,8,15.2,E,8,82.0,E,8,1008.6016999999999,E,8,999.0,E,8,0.81,E,8,-9900,?,9,-9900,?,9,0.0,E,8,-9900,?,9,-9900,?,9,0.0,0.0,E,8
10/28/2022,08:00,739.691,1384.4,365.15,1,8,215.257,1,8,250.222,1,8,43818.0,1,8,20449.378,1,8,27524.384,1,8,149.178,1,8,-9900,?,9,-9900,?,9,20.54,E,8,15.53,E,8,72.0,E,8,1008.6016999999999,E,8,999.0,E,8,0.81,E,8,-9900,?,9,-9900,?,9,0.0,E,8,-9900,?,9,-9900,?,9,0.0,0.0,E,8
10/28/2022,09:00,1000.487,1384.4,602.69,1,8,385.756,1,8,323.984,1,8,72322.8,1,8,36646.81,1,8,35638.289,1,8,142.739,1,8,-9900,?,9,-9900,?,9,21.74,E,8,15.7,E,8,68.0,E,8,1008.6016999999999,E,8,999.0,E,8,1.12,E,8,-9900,?,9,-9900,?,9,0.0,E,8,-9900,?,9,-9900,?,9,0.0,0.0,E,8
10/28/2022,10:00,1200.919,1384.4,802.48,1,8,530.803,1,8,342.071,1,8,96297.6,1,8,50426.265,1,8,37627.863,1,8,125.533,1,8,-9900,?,9,-9900,?,9,22.84,E,8,15.85,E,8,64.0,E,8,1008.6016999999999,E,8,999.0,E,8,2.06,E,8,-9900,?,9,-9900,?,9,0.0,E,8,-9900,?,9,-9900,?,9,0.0,0.0,E,8
10/28/2022,11:00,1327.281,1384.4,941.11,1,8,589.844,1,8,375.617,1,8,112933.2,1,8,56035.148,1,8,41317.914,1,8,124.711,1,8,-9900,?,9,-9900,?,9,23.77,E,8,15.97,E,8,61.0,E,8,1008.6016999999999,E,8,999.0,E,8,2.47,E,8,-9900,?,9,-9900,?,9,0.0,E,8,-9900,?,9,-9900,?,9,0.0,0.0,E,8
10/28/2022,12:00,1370.954,1384.4,1012.86,1,8,682.642,1,8,336.852,1,8,121543.2,1,8,64851.023,1,8,37053.688,1,8,108.275,1,8,-9900,?,9,-9900,?,9,24.51,E,8,16.07,E,8,59.0,E,8,1008.6016999999999,E,8,999.0,E,8,2.98,E,8,-9900,?,9,-9900,?,9,0.0,E,8,-9900,?,9,-9900,?,9,0.0,0.0,E,8
10/28/2022,13:00,1328.974,1384.4,1011.46,1,8,797.746,1,8,245.672,1,8,121375.2,1,8,75785.903,1,8,27023.887,1,8,81.463,1,8,-9900,?,9,-9900,?,9,25.04,E,8,16.14,E,8,57.0,E,8,1008.6016999999999,E,8,999.0,E,8,3.39,E,8,-9900,?,9,-9900,?,9,0.0,E,8,-9900,?,9,-9900,?,9,0.0,0.0,E,8
10/28/2022,14:00,1204.224,1384.4,938.02,1,8,926.458,1,8,132.214,1,8,112562.4,1,8,88013.49,1,8,14543.556,1,8,48.386,1,8,-9900,?,9,-9900,?,9,25.34,E,8,16.18,E,8,56.0,E,8,1008.6016999999999,E,8,999.0,E,8,3.82,E,8,-9900,?,9,-9900,?,9,0.0,E,8,-9900,?,9,-9900,?,9,0.0,0.0,E,8
10/28/2022,15:00,1005.248,1384.4,799.52,1,8,817.544,1,8,206.037,1,8,95942.4,1,8,77666.639,1,8,22664.074,1,8,90.344,1,8,-9900,?,9,-9900,?,9,25.43,E,8,16.19,E,8,56.0,E,8,1008.6016999999999,E,8,999.0,E,8,4.08,E,8,-9900,?,9,-9900,?,9,0.0,E,8,-9900,?,9,-9900,?,9,0.0,0.0,E,8
10/28/2022,16:00,745.683,1384.4,605.77,1,8,707.427,1,8,225.0,1,8,72692.4,1,8,67205.548,1,8,24749.964,1,8,133.061,1,8,-9900,?,9,-9900,?,9,25.21,E,8,16.16,E,8,57.0,E,8,1008.6016999999999,E,8,999.0,E,8,4.38,E,8,-9900,?,9,-9900,?,9,0.0,E,8,-9900,?,9,-9900,?,9,0.0,0.0,E,8
10/28/2022,17:00,443.455,1384.4,368.75,1,8,694.694,1,8,146.787,1,8,44250.0,1,8,65995.915,1,8,16146.542,1,8,146.234,1,8,-9900,?,9,-9900,?,9,24.68,E,8,16.09,E,8,58.0,E,8,1008.6016999999999,E,8,999.0,E,8,4.04,E,8,-9900,?,9,-9900,?,9,0.0,E,8,-9900,?,9,-9900,?,9,0.0,0.0,E,8
10/28/2022,18:00,121.139,1384.4,120.29,1,8,261.861,1,8,98.124,1,8,14434.8,1,8,24876.78,1,8,10793.63,1,8,368.983,1,8,-9900,?,9,-9900,?,9,23.88,E,8,15.99,E,8,61.0,E,8,1008.6016999999999,E,8,999.0,E,8,3.28,E,8,-9900,?,9,-9900,?,9,0.0,E,8,-9900,?,9,-9900,?,9,0.0,0.0,E,8
10/28/2022,19:00,0.0,1384.4,0.0,1,8,0.0,1,8,0.0,1,8,0.0,1,8,0.0,1,8,0.0,1,8,-0.0,1,8,-9900,?,9,-9900,?,9,23.32,E,8,15.91,E,8,63.0,E,8,1008.6016999999999,E,8,999.0,E,8,2.7,E,8,-9900,?,9,-9900,?,9,0.0,E,8,-9900,?,9,-9900,?,9,0.0,0.0,E,8
10/28/2022,20:00,0.0,1384.4,0.0,1,8,0.0,1,8,0.0,1,8,0.0,1,8,0.0,1,8,0.0,1,8,-0.0,1,8,-9900,?,9,-9900,?,9,22.77,E,8,15.84,E,8,64.0,E,8,1008.6016999999999,E,8,999.0,E,8,2.27,E,8,-9900,?,9,-9900,?,9,0.0,E,8,-9900,?,9,-9900,?,9,0.0,0.0,E,8
10/28/2022,21:00,0.0,1384.4,0.0,1,8,0.0,1,8,0.0,1,8,0.0,1,8,0.0,1,8,0.0,1,8,-0.0,1,8,-9900,?,9,-9900,?,9,22.21,E,8,15.76,E,8,66.0,E,8,1008.6016999999999,E,8,999.0,E,8,1.32,E,8,-9900,?,9,-9900,?,9,0.0,E,8,-9900,?,9,-9900,?,9,0.0,0.0,E,8
10/28/2022,22:00,0.0,1384.4,0.0,1,8,0.0,1,8,0.0,1,8,0.0,1,8,0.0,1,8,0.0,1,8,-0.0,1,8,-9900,?,9,-9900,?,9,21.65,E,8,15.68,E,8,68.0,E,8,1008.6016999999999,E,8,999.0,E,8,0.96,E,8,-9900,?,9,-9900,?,9,0.0,E,8,-9900,?,9,-9900,?,9,0.0,0.0,E,8
10/28/2022,23:00,0.0,1384.4,0.0,1,8,0.0,1,8,0.0,1,8,0.0,1,8,0.0,1,8,0.0,1,8,-0.0,1,8,-9900,?,9,-9900,?,9,21.1,E,8,15.61,E,8,70.0,E,8,1008.6016999999999,E,8,999.0,E,8,0.81,E,8,-9900,?,9,-9900,?,9,0.0,E,8,-9900,?,9,-9900,?,9,0.0,0.0,E,8
10/28/2022,24:00,0.0,1384.4,0.0,1,8,0.0,1,8,0.0,1,8,0.0,1,8,0.0,1,8,0.0,1,8,-0.0,1,8,-9900,?,9,-9900,?,9,20.54,E,8,17.5,E,8,81.0,E,8,1008.6016999999999,E,8,999.0,E,8,0.85,E,8,-9900,?,9,-9900,?,9,0.0,E,8,-9900,?,9,-9900,?,9,0.0,0.0,E,8
10/29/2022,01:00,0.0,1384.4,0.0,1,8,0.0,1,8,0.0,1,8,0.0,1,8,0.0,1,8,0.0,1,8,-0.0,1,8,-9900,?,9,-9900,?,9,20.26,E,8,17.53,E,8,83.0,E,8,1008.6016999999999,E,8,999.0,E,8,0.85,E,8,-9900,?,9,-9900,?,9,0.0,E,8,-9900,?,9,-9900,?,9,0.0,0.0,E,8
10/29/2022,02:00,0.0,1384.4,0.0,1,8,0.0,1,8,0.0,1,8,0.0,1,8,0.0,1,8,0.0,1,8,-0.0,1,8,-9900,?,9,-9900,?,9,19.98,E,8,17.56,E,8,89.0,E,8,1008.6016999999999,E,8,999.0,E,8,0.85,E,8,-9900,?,9,-9900,?,9,0.001,E,8,-9900,?,9,-9900,?,9,0.01,99.0,E,8
10/29/2022,03:00,0.0,1384.4,0.0,1,8,0.0,1,8,0.0,1,8,0.0,1,8,0.0,1,8,0.0,1,8,-0.0,1,8,-9900,?,9,-9900,?,9,19.7,E,8,17.6,E,8,86.0,E,8,1008.6016999999999,E,8,999.0,E,8,0.85,E,8,-9900,?,9,-9900,?,9,0.0,E,8,-9900,?,9,-9900,?,9,0.0,0.0,E,8
10/29/2022,04:00,0.0,1385.159,0.0,1,8,0.0,1,8,0.0,1,8,0.0,1,8,0.0,1,8,0.0,1,8,-0.0,1,8,-9900,?,9,-9900,?,9,19.42,E,8,17.63,E,8,93.0,E,8,1008.6016999999999,E,8,999.0,E,8,0.85,E,8,-9900,?,9,-9900,?,9,0.007000000000000001,E,8,-9900,?,9,-9900,?,9,0.07,99.0,E,8
10/29/2022,05:00,0.0,1385.159,0.0,1,8,0.0,1,8,0.0,1,8,0.0,1,8,0.0,1,8,0.0,1,8,-0.0,1,8,-9900,?,9,-9900,?,9,19.18,E,8,17.66,E,8,89.0,E,8,1008.6016999999999,E,8,999.0,E,8,0.85,E,8,-9900,?,9,-9900,?,9,0.0,E,8,-9900,?,9,-9900,?,9,0.0,0.0,E,8
10/29/2022,06:00,116.978,1385.159,0.0,1,8,0.0,1,8,0.0,1,8,0.0,1,8,0.0,1,8,0.0,1,8,0.0,1,8,-9900,?,9,-9900,?,9,18.99,E,8,17.68,E,8,91.0,E,8,1008.6016999999999,E,8,999.0,E,8,0.85,E,8,-9900,?,9,-9900,?,9,0.0,E,8,-9900,?,9,-9900,?,9,0.0,0.0,E,8
10/29/2022,07:00,439.539,1385.159,117.47,1,8,19.76,1,8,111.216,1,8,14096.4,1,8,1877.235,1,8,12233.741,1,8,111.852,1,8,-9900,?,9,-9900,?,9,18.81,E,8,17.71,E,8,92.0,E,8,1008.6016999999999,E,8,999.0,E,8,0.85,E,8,-9900,?,9,-9900,?,9,0.0,E,8,-9900,?,9,-9900,?,9,0.0,0.0,E,8
10/29/2022,08:00,742.419,1385.159,350.66,1,8,197.961,1,8,244.634,1,8,42079.2,1,8,18806.339,1,8,26909.686,1,8,145.389,1,8,-9900,?,9,-9900,?,9,21.47,E,8,17.38,E,8,76.0,E,8,1008.6016999999999,E,8,999.0,E,8,1.01,E,8,-9900,?,9,-9900,?,9,0.0,E,8,-9900,?,9,-9900,?,9,0.0,0.0,E,8
10/29/2022,09:00,1002.932,1385.159,535.59,1,8,218.289,1,8,377.579,1,8,64270.8,1,8,20737.432,1,8,41533.684,1,8,166.036,1,8,-9900,?,9,-9900,?,9,22.61,E,8,17.24,E,8,71.0,E,8,1008.6016999999999,E,8,999.0,E,8,1.45,E,8,-9900,?,9,-9900,?,9,0.0,E,8,-9900,?,9,-9900,?,9,0.0,0.0,E,8
10/29/2022,10:00,1203.112,1385.159,703.41,1,8,357.249,1,8,393.143,1,8,84409.2,1,8,33938.643,1,8,43245.71,1,8,144.091,1,8,-9900,?,9,-9900,?,9,23.66,E,8,17.11,E,8,66.0,E,8,1008.6016999999999,E,8,999.0,E,8,2.4,E,8,-9900,?,9,-9900,?,9,0.0,E,8,-9900,?,9,-9900,?,9,0.0,0.0,E,8
10/29/2022,11:00,1329.27,1385.159,808.51,1,8,418.337,1,8,407.062,1,8,97021.2,1,8,39742.032,1,8,44776.837,1,8,135.023,1,8,-9900,?,9,-9900,?,9,24.53,E,8,17.0,E,8,62.0,E,8,1008.6016999999999,E,8,999.0,E,8,3.11,E,8,-9900,?,9,-9900,?,9,0.0,E,8,-9900,?,9,-9900,?,9,0.0,0.0,E,8
10/29/2022,12:00,1372.802,1385.159,875.03,1,8,504.617,1,8,374.917,1,8,105003.6,1,8,47938.626,1,8,41240.901,1,8,120.415,1,8,-9900,?,9,-9900,?,9,25.23,E,8,16.91,E,8,59.0,E,8,1008.6016999999999,E,8,999.0,E,8,3.56,E,8,-9900,?,9,-9900,?,9,0.0,E,8,-9900,?,9,-9900,?,9,0.0,0.0,E,8
10/29/2022,13:00,1330.752,1385.159,885.51,1,8,565.43,1,8,342.303,1,8,106261.2,1,8,53715.857,1,8,37653.276,1,8,113.416,1,8,-9900,?,9,-9900,?,9,25.75,E,8,16.84,E,8,57.0,E,8,1008.6016999999999,E,8,999.0,E,8,4.09,E,8,-9900,?,9,-9900,?,9,0.0,E,8,-9900,?,9,-9900,?,9,0.0,0.0,E,8
10/29/2022,14:00,1206.01,1385.159,828.42,1,8,605.997,1,8,300.849,1,8,99410.4,1,8,57569.696,1,8,33093.383,1,8,109.999,1,8,-9900,?,9,-9900,?,9,26.06,E,8,16.8,E,8,56.0,E,8,1008.6016999999999,E,8,999.0,E,8,4.45,E,8,-9900,?,9,-9900,?,9,0.0,E,8,-9900,?,9,-9900,?,9,0.0,0.0,E,8
10/29/2022,15:00,1007.118,1385.159,731.96,1,8,819.832,1,8,136.035,1,8,87835.2,1,8,77884.01,1,8,14963.858,1,8,59.571,1,8,-9900,?,9,-9900,?,9,26.18,E,8,16.79,E,8,56.0,E,8,1008.6016999999999,E,8,999.0,E,8,4.1,E,8,-9900,?,9,-9900,?,9,0.0,E,8,-9900,?,9,-9900,?,9,0.0,0.0,E,8
10/29/2022,16:00,747.706,1385.159,538.66,1,8,775.56,1,8,120.312,1,8,64639.2,1,8,73678.212,1,8,13234.343,1,8,70.997,1,8,-9900,?,9,-9900,?,9,25.97,E,8,16.81,E,8,57.0,E,8,1008.6016999999999,E,8,999.0,E,8,3.99,E,8,-9900,?,9,-9900,?,9,0.0,E,8,-9900,?,9,-9900,?,9,0.0,0.0,E,8
10/29/2022,17:00,445.688,1385.159,355.01,1,8,491.291,1,8,197.329,1,8,42601.2,1,8,46672.609,1,8,21706.146,1,8,195.703,1,8,-9900,?,9,-9900,?,9,25.47,E,8,16.88,E,8,58.0,E,8,1008.6016999999999,E,8,999.0,E,8,3.4,E,8,-9900,?,9,-9900,?,9,0.0,E,8,-9900,?,9,-9900,?,9,0.0,0.0,E,8
10/29/2022,18:00,123.578,1385.159,105.47,1,8,323.117,1,8,77.551,1,8,12656.4,1,8,30696.145,1,8,8530.626,1,8,285.694,1,8,-9900,?,9,-9900,?,9,24.66,E,8,16.98,E,8,67.0,E,8,1008.6016999999999,E,8,999.0,E,8,2.31,E,8,-9900,?,9,-9900,?,9,0.001,E,8,-9900,?,9,-9900,?,9,0.01,99.0,E,8
10/29/2022,19:00,0.0,1385.159,0.0,1,8,0.0,1,8,0.0,1,8,0.0,1,8,0.0,1,8,0.0,1,8,-0.0,1,8,-9900,?,9,-9900,?,9,24.16,E,8,17.04,E,8,64.0,E,8,1008.6016999999999,E,8,999.0,E,8,1.98,E,8,-9900,?,9,-9900,?,9,0.0,E,8,-9900,?,9,-9900,?,9,0.0,0.0,E,8
10/29/2022,20:00,0.0,1385.159,0.0,1,8,0.0,1,8,0.0,1,8,0.0,1,8,0.0,1,8,0.0,1,8,-0.0,1,8,-9900,?,9,-9900,?,9,23.66,E,8,17.11,E,8,71.0,E,8,1008.6016999999999,E,8,999.0,E,8,1.61,E,8,-9900,?,9,-9900,?,9,0.002,E,8,-9900,?,9,-9900,?,9,0.02,99.0,E,8
10/29/2022,21:00,0.0,1385.159,0.0,1,8,0.0,1,8,0.0,1,8,0.0,1,8,0.0,1,8,0.0,1,8,-0.0,1,8,-9900,?,9,-9900,?,9,23.16,E,8,17.17,E,8,73.0,E,8,1008.6016999999999,E,8,999.0,E,8,0.97,E,8,-9900,?,9,-9900,?,9,0.004,E,8,-9900,?,9,-9900,?,9,0.04,99.0,E,8
10/29/2022,22:00,0.0,1385.159,0.0,1,8,0.0,1,8,0.0,1,8,0.0,1,8,0.0,1,8,0.0,1,8,-0.0,1,8,-9900,?,9,-9900,?,9,22.65,E,8,17.23,E,8,75.0,E,8,1008.6016999999999,E,8,999.0,E,8,0.86,E,8,-9900,?,9,-9900,?,9,0.014000000000000002,E,8,-9900,?,9,-9900,?,9,0.14,99.0,E,8
10/29/2022,23:00,0.0,1385.159,0.0,1,8,0.0,1,8,0.0,1,8,0.0,1,8,0.0,1,8,0.0,1,8,-0.0,1,8,-9900,?,9,-9900,?,9,22.15,E,8,17.3,E,8,83.0,E,8,1008.6016999999999,E,8,999.0,E,8,0.85,E,8,-9900,?,9,-9900,?,9,0.271,E,8,-9900,?,9,-9900,?,9,2.71,99.0,E,8
10/29/2022,24:00,0.0,1385.159,0.0,1,8,0.0,1,8,0.0,1,8,0.0,1,8,0.0,1,8,0.0,1,8,-0.0,1,8,-9900,?,9,-9900,?,9,21.65,E,8,19.39,E,8,91.0,E,8,1008.6016999999999,E,8,999.0,E,8,0.66,E,8,-9900,?,9,-9900,?,9,0.001,E,8,-9900,?,9,-9900,?,9,0.01,99.0,E,8
10/30/2022,01:00,0.0,1385.159,0.0,1,8,0.0,1,8,0.0,1,8,0.0,1,8,0.0,1,8,0.0,1,8,-0.0,1,8,-9900,?,9,-9900,?,9,21.4,E,8,19.35,E,8,93.0,E,8,1008.6016999999999,E,8,999.0,E,8,0.66,E,8,-9900,?,9,-9900,?,9,0.002,E,8,-9900,?,9,-9900,?,9,0.02,99.0,E,8
10/30/2022,02:00,0.0,1385.159,0.0,1,8,0.0,1,8,0.0,1,8,0.0,1,8,0.0,1,8,0.0,1,8,-0.0,1,8,-9900,?,9,-9900,?,9,21.15,E,8,19.31,E,8,89.0,E,8,1008.6016999999999,E,8,999.0,E,8,0.66,E,8,-9900,?,9,-9900,?,9,0.0,E,8,-9900,?,9,-9900,?,9,0.0,0.0,E,8
10/30/2022,03:00,0.0,1385.159,0.0,1,8,0.0,1,8,0.0,1,8,0.0,1,8,0.0,1,8,0.0,1,8,-0.0,1,8,-9900,?,9,-9900,?,9,20.9,E,8,19.27,E,8,90.0,E,8,1008.6016999999999,E,8,999.0,E,8,0.66,E,8,-9900,?,9,-9900,?,9,0.0,E,8,-9900,?,9,-9900,?,9,0.0,0.0,E,8
10/30/2022,04:00,0.0,1385.913,0.0,1,8,0.0,1,8,0.0,1,8,0.0,1,8,0.0,1,8,0.0,1,8,-0.0,1,8,-9900,?,9,-9900,?,9,20.65,E,8,19.23,E,8,91.0,E,8,1008.6016999999999,E,8,999.0,E,8,0.81,E,8,-9900,?,9,-9900,?,9,0.0,E,8,-9900,?,9,-9900,?,9,0.0,0.0,E,8
10/30/2022,05:00,0.0,1385.913,0.0,1,8,0.0,1,8,0.0,1,8,0.0,1,8,0.0,1,8,0.0,1,8,-0.0,1,8,-9900,?,9,-9900,?,9,20.43,E,8,19.19,E,8,92.0,E,8,1008.6016999999999,E,8,999.0,E,8,0.75,E,8,-9900,?,9,-9900,?,9,0.0,E,8,-9900,?,9,-9900,?,9,0.0,0.0,E,8
10/30/2022,06:00,120.108,1385.913,0.0,1,8,0.0,1,8,0.0,1,8,0.0,1,8,0.0,1,8,0.0,1,8,0.0,1,8,-9900,?,9,-9900,?,9,20.26,E,8,19.16,E,8,93.0,E,8,1008.6016999999999,E,8,999.0,E,8,0.66,E,8,-9900,?,9,-9900,?,9,0.0,E,8,-9900,?,9,-9900,?,9,0.0,0.0,E,8
10/30/2022,07:00,442.45,1385.913,86.55,1,8,0.0,1,8,86.55,1,8,10386.0,1,8,0.0,1,8,9520.5,1,8,86.516,1,8,-9900,?,9,-9900,?,9,20.1,E,8,19.14,E,8,94.0,E,8,1008.6016999999999,E,8,999.0,E,8,0.69,E,8,-9900,?,9,-9900,?,9,0.0,E,8,-9900,?,9,-9900,?,9,0.0,0.0,E,8
10/30/2022,08:00,745.04,1385.913,268.05,1,8,79.921,1,8,225.117,1,8,32166.0,1,8,7592.502,1,8,24762.862,1,8,133.391,1,8,-9900,?,9,-9900,?,9,22.16,E,8,19.47,E,8,84.0,E,8,1008.6016999999999,E,8,999.0,E,8,1.01,E,8,-9900,?,9,-9900,?,9,0.0,E,8,-9900,?,9,-9900,?,9,0.0,0.0,E,8
10/30/2022,09:00,1005.276,1385.913,442.24,1,8,102.236,1,8,368.102,1,8,53068.8,1,8,9712.426,1,8,40491.265,1,8,161.579,1,8,-9900,?,9,-9900,?,9,23.19,E,8,19.64,E,8,80.0,E,8,1008.6016999999999,E,8,999.0,E,8,1.48,E,8,-9900,?,9,-9900,?,9,0.0,E,8,-9900,?,9,-9900,?,9,0.0,0.0,E,8
10/30/2022,10:00,1205.214,1385.913,586.96,1,8,128.223,1,8,475.466,1,8,70435.2,1,8,12181.192,1,8,52301.216,1,8,174.053,1,8,-9900,?,9,-9900,?,9,24.13,E,8,19.79,E,8,76.0,E,8,1008.6016999999999,E,8,999.0,E,8,2.01,E,8,-9900,?,9,-9900,?,9,0.0,E,8,-9900,?,9,-9900,?,9,0.0,0.0,E,8
10/30/2022,11:00,1331.181,1385.913,690.08,1,8,124.176,1,8,570.81,1,8,82809.6,1,8,11796.767,1,8,62789.14,1,8,189.17,1,8,-9900,?,9,-9900,?,9,24.93,E,8,19.92,E,8,73.0,E,8,1008.6016999999999,E,8,999.0,E,8,2.82,E,8,-9900,?,9,-9900,?,9,0.0,E,8,-9900,?,9,-9900,?,9,0.0,0.0,E,8
10/30/2022,12:00,1374.588,1385.913,743.8,1,8,143.409,1,8,601.564,1,8,89256.0,1,8,13623.809,1,8,66172.041,1,8,193.062,1,8,-9900,?,9,-9900,?,9,25.57,E,8,20.02,E,8,71.0,E,8,1008.6016999999999,E,8,999.0,E,8,3.38,E,8,-9900,?,9,-9900,?,9,0.0,E,8,-9900,?,9,-9900,?,9,0.0,0.0,E,8
10/30/2022,13:00,1332.488,1385.913,744.22,1,8,166.609,1,8,584.038,1,8,89306.4,1,8,15827.825,1,8,64244.146,1,8,193.363,1,8,-9900,?,9,-9900,?,9,26.02,E,8,20.09,E,8,69.0,E,8,1008.6016999999999,E,8,999.0,E,8,4.29,E,8,-9900,?,9,-9900,?,9,0.0,E,8,-9900,?,9,-9900,?,9,0.0,0.0,E,8
10/30/2022,14:00,1207.774,1385.913,691.31,1,8,329.032,1,8,404.597,1,8,82957.2,1,8,31258.066,1,8,44505.655,1,8,147.796,1,8,-9900,?,9,-9900,?,9,26.29,E,8,20.13,E,8,68.0,E,8,1008.6016999999999,E,8,999.0,E,8,4.22,E,8,-9900,?,9,-9900,?,9,0.0,E,8,-9900,?,9,-9900,?,9,0.0,0.0,E,8
10/30/2022,15:00,1008.984,1385.913,588.94,1,8,397.438,1,8,299.67,1,8,70672.8,1,8,37756.569,1,8,32963.657,1,8,131.056,1,8,-9900,?,9,-9900,?,9,26.36,E,8,20.14,E,8,68.0,E,8,1008.6016999999999,E,8,999.0,E,8,4.1,E,8,-9900,?,9,-9900,?,9,0.0,E,8,-9900,?,9,-9900,?,9,0.0,0.0,E,8
10/30/2022,16:00,749.743,1385.913,444.86,1,8,509.849,1,8,169.24,1,8,53383.2,1,8,48435.667,1,8,18616.41,1,8,99.652,1,8,-9900,?,9,-9900,?,9,26.18,E,8,20.12,E,8,69.0,E,8,1008.6016999999999,E,8,999.0,E,8,3.67,E,8,-9900,?,9,-9900,?,9,0.0,E,8,-9900,?,9,-9900,?,9,0.0,0.0,E,8
10/30/2022,17:00,447.949,1385.913,271.14,1,8,462.635,1,8,121.98,1,8,32536.8,1,8,43950.281,1,8,13417.812,1,8,120.427,1,8,-9900,?,9,-9900,?,9,25.72,E,8,20.04,E,8,70.0,E,8,1008.6016999999999,E,8,999.0,E,8,3.08,E,8,-9900,?,9,-9900,?,9,0.0,E,8,-9900,?,9,-9900,?,9,0.0,0.0,E,8
10/30/2022,18:00,126.054,1385.913,89.58,1,8,238.164,1,8,68.577,1,8,10749.6,1,8,22625.572,1,8,7543.483,1,8,247.529,1,8,-9900,?,9,-9900,?,9,25.03,E,8,19.93,E,8,73.0,E,8,1008.6016999999999,E,8,999.0,E,8,3.0,E,8,-9900,?,9,-9900,?,9,0.0,E,8,-9900,?,9,-9900,?,9,0.0,0.0,E,8
10/30/2022,19:00,0.0,1385.913,0.0,1,8,0.0,1,8,0.0,1,8,0.0,1,8,0.0,1,8,0.0,1,8,-0.0,1,8,-9900,?,9,-9900,?,9,24.48,E,8,19.85,E,8,80.0,E,8,1008.6016999999999,E,8,999.0,E,8,2.66,E,8,-9900,?,9,-9900,?,9,0.001,E,8,-9900,?,9,-9900,?,9,0.01,99.0,E,8
10/30/2022,20:00,0.0,1385.913,0.0,1,8,0.0,1,8,0.0,1,8,0.0,1,8,0.0,1,8,0.0,1,8,-0.0,1,8,-9900,?,9,-9900,?,9,23.93,E,8,19.76,E,8,82.0,E,8,1008.6016999999999,E,8,999.0,E,8,1.99,E,8,-9900,?,9,-9900,?,9,0.004,E,8,-9900,?,9,-9900,?,9,0.04,99.0,E,8
10/30/2022,21:00,0.0,1385.913,0.0,1,8,0.0,1,8,0.0,1,8,0.0,1,8,0.0,1,8,0.0,1,8,-0.0,1,8,-9900,?,9,-9900,?,9,23.38,E,8,19.67,E,8,84.0,E,8,1008.6016999999999,E,8,999.0,E,8,1.47,E,8,-9900,?,9,-9900,?,9,0.007000000000000001,E,8,-9900,?,9,-9900,?,9,0.07,99.0,E,8
10/30/2022,22:00,0.0,1385.913,0.0,1,8,0.0,1,8,0.0,1,8,0.0,1,8,0.0,1,8,0.0,1,8,-0.0,1,8,-9900,?,9,-9900,?,9,22.83,E,8,19.58,E,8,86.0,E,8,1008.6016999999999,E,8,999.0,E,8,1.11,E,8,-9900,?,9,-9900,?,9,0.014000000000000002,E,8,-9900,?,9,-9900,?,9,0.14,99.0,E,8
10/30/2022,23:00,0.0,1385.913,0.0,1,8,0.0,1,8,0.0,1,8,0.0,1,8,0.0,1,8,0.0,1,8,-0.0,1,8,-9900,?,9,-9900,?,9,22.28,E,8,19.49,E,8,94.0,E,8,1008.6016999999999,E,8,999.0,E,8,1.08,E,8,-9900,?,9,-9900,?,9,0.271,E,8,-9900,?,9,-9900,?,9,2.71,99.0,E,8
10/30/2022,24:00,0.0,1385.913,0.0,1,8,0.0,1,8,0.0,1,8,0.0,1,8,0.0,1,8,0.0,1,8,-0.0,1,8,-9900,?,9,-9900,?,9,21.74,E,8,18.45,E,8,81.0,E,8,1008.6016999999999,E,8,999.0,E,8,1.22,E,8,-9900,?,9,-9900,?,9,0.0,E,8,-9900,?,9,-9900,?,9,0.0,0.0,E,8
10/31/2022,01:00,0.0,1385.913,0.0,1,8,0.0,1,8,0.0,1,8,0.0,1,8,0.0,1,8,0.0,1,8,-0.0,1,8,-9900,?,9,-9900,?,9,21.46,E,8,18.43,E,8,82.0,E,8,1008.6016999999999,E,8,999.0,E,8,1.37,E,8,-9900,?,9,-9900,?,9,0.0,E,8,-9900,?,9,-9900,?,9,0.0,0.0,E,8
10/31/2022,02:00,0.0,1385.913,0.0,1,8,0.0,1,8,0.0,1,8,0.0,1,8,0.0,1,8,0.0,1,8,-0.0,1,8,-9900,?,9,-9900,?,9,21.19,E,8,18.41,E,8,84.0,E,8,1008.6016999999999,E,8,999.0,E,8,1.01,E,8,-9900,?,9,-9900,?,9,0.0,E,8,-9900,?,9,-9900,?,9,0.0,0.0,E,8
10/31/2022,03:00,0.0,1385.913,0.0,1,8,0.0,1,8,0.0,1,8,0.0,1,8,0.0,1,8,0.0,1,8,-0.0,1,8,-9900,?,9,-9900,?,9,20.91,E,8,18.38,E,8,85.0,E,8,1008.6016999999999,E,8,999.0,E,8,1.01,E,8,-9900,?,9,-9900,?,9,0.0,E,8,-9900,?,9,-9900,?,9,0.0,0.0,E,8
10/31/2022,04:00,0.0,1386.662,0.0,1,8,0.0,1,8,0.0,1,8,0.0,1,8,0.0,1,8,0.0,1,8,-0.0,1,8,-9900,?,9,-9900,?,9,20.64,E,8,18.36,E,8,86.0,E,8,1008.6016999999999,E,8,999.0,E,8,1.01,E,8,-9900,?,9,-9900,?,9,0.0,E,8,-9900,?,9,-9900,?,9,0.0,0.0,E,8
10/31/2022,05:00,0.0,1386.662,0.0,1,8,0.0,1,8,0.0,1,8,0.0,1,8,0.0,1,8,0.0,1,8,-0.0,1,8,-9900,?,9,-9900,?,9,20.39,E,8,18.34,E,8,88.0,E,8,1008.6016999999999,E,8,999.0,E,8,1.01,E,8,-9900,?,9,-9900,?,9,0.0,E,8,-9900,?,9,-9900,?,9,0.0,0.0,E,8
10/31/2022,06:00,123.141,1386.662,0.0,1,8,0.0,1,8,0.0,1,8,0.0,1,8,0.0,1,8,0.0,1,8,0.0,1,8,-9900,?,9,-9900,?,9,20.21,E,8,18.32,E,8,88.0,E,8,1008.6016999999999,E,8,999.0,E,8,1.01,E,8,-9900,?,9,-9900,?,9,0.0,E,8,-9900,?,9,-9900,?,9,0.0,0.0,E,8
10/31/2022,07:00,445.255,1386.662,108.06,1,8,0.0,1,8,108.06,1,8,12967.2,1,8,0.0,1,8,11886.6,1,8,107.392,1,8,-9900,?,9,-9900,?,9,20.03,E,8,18.31,E,8,89.0,E,8,1008.6016999999999,E,8,999.0,E,8,1.01,E,8,-9900,?,9,-9900,?,9,0.0,E,8,-9900,?,9,-9900,?,9,0.0,0.0,E,8
10/31/2022,08:00,747.554,1386.662,321.04,1,8,135.845,1,8,247.858,1,8,38524.8,1,8,12905.277,1,8,27264.358,1,8,146.451,1,8,-9900,?,9,-9900,?,9,22.21,E,8,18.49,E,8,79.0,E,8,1008.6016999999999,E,8,999.0,E,8,1.01,E,8,-9900,?,9,-9900,?,9,0.0,E,8,-9900,?,9,-9900,?,9,0.0,0.0,E,8
10/31/2022,09:00,1007.518,1386.662,540.2,1,8,264.438,1,8,348.116,1,8,64824.0,1,8,25121.619,1,8,38292.714,1,8,152.548,1,8,-9900,?,9,-9900,?,9,23.31,E,8,18.58,E,8,74.0,E,8,1008.6016999999999,E,8,999.0,E,8,1.84,E,8,-9900,?,9,-9900,?,9,0.0,E,8,-9900,?,9,-9900,?,9,0.0,0.0,E,8
10/31/2022,10:00,1207.223,1386.662,741.66,1,8,426.738,1,8,370.179,1,8,88999.2,1,8,40540.075,1,8,40719.638,1,8,135.358,1,8,-9900,?,9,-9900,?,9,24.37,E,8,18.67,E,8,70.0,E,8,1008.6016999999999,E,8,999.0,E,8,2.57,E,8,-9900,?,9,-9900,?,9,0.0,E,8,-9900,?,9,-9900,?,9,0.0,0.0,E,8
10/31/2022,11:00,1333.015,1386.662,858.89,1,8,530.458,1,8,348.967,1,8,103066.8,1,8,50393.521,1,8,38386.321,1,8,115.553,1,8,-9900,?,9,-9900,?,9,25.24,E,8,18.75,E,8,67.0,E,8,1008.6016999999999,E,8,999.0,E,8,2.82,E,8,-9900,?,9,-9900,?,9,0.0,E,8,-9900,?,9,-9900,?,9,0.0,0.0,E,8
10/31/2022,12:00,1376.314,1386.662,930.16,1,8,565.707,1,8,368.677,1,8,111619.2,1,8,53742.178,1,8,40554.445,1,8,118.236,1,8,-9900,?,9,-9900,?,9,25.94,E,8,18.8,E,8,64.0,E,8,1008.6016999999999,E,8,999.0,E,8,3.21,E,8,-9900,?,9,-9900,?,9,0.0,E,8,-9900,?,9,-9900,?,9,0.0,0.0,E,8
10/31/2022,13:00,1334.183,1386.662,919.78,1,8,598.253,1,8,344.182,1,8,110373.6,1,8,56834.038,1,8,37860.0,1,8,113.868,1,8,-9900,?,9,-9900,?,9,26.43,E,8,18.84,E,8,63.0,E,8,1008.6016999999999,E,8,999.0,E,8,4.06,E,8,-9900,?,9,-9900,?,9,0.0,E,8,-9900,?,9,-9900,?,9,0.0,0.0,E,8
10/31/2022,14:00,1209.515,1386.662,905.81,1,8,812.411,1,8,197.251,1,8,108697.2,1,8,77179.027,1,8,21697.563,1,8,71.989,1,8,-9900,?,9,-9900,?,9,26.78,E,8,18.87,E,8,61.0,E,8,1008.6016999999999,E,8,999.0,E,8,4.39,E,8,-9900,?,9,-9900,?,9,0.0,E,8,-9900,?,9,-9900,?,9,0.0,0.0,E,8
10/31/2022,15:00,1010.847,1386.662,720.34,1,8,819.813,1,8,122.868,1,8,86440.8,1,8,77882.276,1,8,13515.511,1,8,53.665,1,8,-9900,?,9,-9900,?,9,26.84,E,8,18.88,E,8,61.0,E,8,1008.6016999999999,E,8,999.0,E,8,4.84,E,8,-9900,?,9,-9900,?,9,0.0,E,8,-9900,?,9,-9900,?,9,0.0,0.0,E,8
10/31/2022,16:00,751.794,1386.662,528.07,1,8,735.601,1,8,129.536,1,8,63368.4,1,8,69882.12,1,8,14249.005,1,8,76.106,1,8,-9900,?,9,-9900,?,9,26.59,E,8,18.86,E,8,62.0,E,8,1008.6016999999999,E,8,999.0,E,8,5.22,E,8,-9900,?,9,-9900,?,9,0.0,E,8,-9900,?,9,-9900,?,9,0.0,0.0,E,8
10/31/2022,17:00,450.237,1386.662,339.92,1,8,492.431,1,8,180.424,1,8,40790.4,1,8,46780.94,1,8,19846.682,1,8,177.314,1,8,-9900,?,9,-9900,?,9,26.09,E,8,18.82,E,8,64.0,E,8,1008.6016999999999,E,8,999.0,E,8,4.79,E,8,-9900,?,9,-9900,?,9,0.0,E,8,-9900,?,9,-9900,?,9,0.0,0.0,E,8
10/31/2022,18:00,128.569,1386.662,196.422,1,8,205.169,1,8,177.958,1,8,23570.64,1,8,19491.054,1,8,19575.385,1,8,629.44,1,8,-9900,?,9,-9900,?,9,25.396,E,8,18.762,E,8,66.4,E,8,1008.6016999999999,E,8,999.0,E,8,3.922,E,8,-9900,?,9,-9900,?,9,0.0,E,8,-9900,?,9,-9900,?,9,0.0,0.0,E,8
10/31/2022,19:00,0.0,1386.662,90.808,1,8,0.0,1,8,0.0,1,8,10896.96,1,8,0.0,1,8,0.0,1,8,-0.0,1,8,-9900,?,9,-9900,?,9,24.794,E,8,18.712,E,8,68.6,E,8,1008.6016999999999,E,8,999.0,E,8,3.21,E,8,-9900,?,9,-9900,?,9,0.0,E,8,-9900,?,9,-9900,?,9,0.0,0.0,E,8
10/31/2022,20:00,0.0,1386.662,22.824,1,8,0.0,1,8,0.0,1,8,2738.88,1,8,0.0,1,8,0.0,1,8,-0.0,1,8,-9900,?,9,-9900,?,9,24.174,E,8,18.66,E,8,71.0,E,8,1008.6016999999999,E,8,999.0,E,8,2.476,E,8,-9900,?,9,-9900,?,9,0.0,E,8,-9900,?,9,-9900,?,9,0.0,0.0,E,8
10/31/2022,21:00,0.0,1386.662,0.0,1,8,0.0,1,8,0.0,1,8,0.0,1,8,0.0,1,8,0.0,1,8,-0.0,1,8,-9900,?,9,-9900,?,9,23.582,E,8,18.61,E,8,73.4,E,8,1008.6016999999999,E,8,999.0,E,8,1.866,E,8,-9900,?,9,-9900,?,9,0.0,E,8,-9900,?,9,-9900,?,9,0.0,0.0,E,8
10/31/2022,22:00,0.0,1386.662,0.0,1,8,0.0,1,8,0.0,1,8,0.0,1,8,0.0,1,8,0.0,1,8,-0.0,1,8,-9900,?,9,-9900,?,9,22.934,E,8,17.77,E,8,72.4,E,8,1008.6016999999999,E,8,999.0,E,8,1.464,E,8,-9900,?,9,-9900,?,9,0.0,E,8,-9900,?,9,-9900,?,9,0.0,0.0,E,8
10/31/2022,23:00,0.0,1386.662,0.0,1,8,0.0,1,8,0.0,1,8,0.0,1,8,0.0,1,8,0.0,1,8,-0.0,1,8,-9900,?,9,-9900,?,9,22.328,E,8,16.97,E,8,72.4,E,8,1008.6016999999999,E,8,999.0,E,8,1.15,E,8,-9900,?,9,-9900,?,9,0.0006000000000000001,E,8,-9900,?,9,-9900,?,9,0.006,99.0,E,8
10/31/2020,24:00,0.0,1387.405,0.0,1,8,0.0,1,8,0.0,1,8,0.0,1,8,0.0,1,8,0.0,1,8,-0.0,1,8,-9900,?,9,-9900,?,9,21.762,E,8,16.21,E,8,71.4,E,8,1008.6016999999999,E,8,999.0,E,8,1.014,E,8,-9900,?,9,-9900,?,9,0.0006000000000000001,E,8,-9900,?,9,-9900,?,9,0.006,99.0,E,8
11/01/2020,01:00,0.0,1387.405,0.0,1,8,0.0,1,8,0.0,1,8,0.0,1,8,0.0,1,8,0.0,1,8,-0.0,1,8,-9900,?,9,-9900,?,9,21.236,E,8,15.49,E,8,70.4,E,8,1008.6016999999999,E,8,999.0,E,8,0.986,E,8,-9900,?,9,-9900,?,9,0.0006000000000000001,E,8,-9900,?,9,-9900,?,9,0.006,99.0,E,8
11/01/2020,02:00,0.0,1387.405,0.0,1,8,0.0,1,8,0.0,1,8,0.0,1,8,0.0,1,8,0.0,1,8,-0.0,1,8,-9900,?,9,-9900,?,9,20.75,E,8,14.81,E,8,69.4,E,8,1008.6016999999999,E,8,999.0,E,8,0.98,E,8,-9900,?,9,-9900,?,9,0.0006000000000000001,E,8,-9900,?,9,-9900,?,9,0.006,99.0,E,8
11/01/2020,03:00,0.0,1387.405,0.0,1,8,0.0,1,8,0.0,1,8,0.0,1,8,0.0,1,8,0.0,1,8,-0.0,1,8,-9900,?,9,-9900,?,9,20.37,E,8,14.956,E,8,71.6,E,8,1008.6016999999999,E,8,999.0,E,8,0.98,E,8,-9900,?,9,-9900,?,9,0.0006000000000000001,E,8,-9900,?,9,-9900,?,9,0.006,99.0,E,8
11/01/2020,04:00,0.0,1388.143,0.0,1,8,0.0,1,8,0.0,1,8,0.0,1,8,0.0,1,8,0.0,1,8,-0.0,1,8,-9900,?,9,-9900,?,9,20.016,E,8,15.09,E,8,72.8,E,8,1008.6016999999999,E,8,999.0,E,8,0.98,E,8,-9900,?,9,-9900,?,9,0.0,E,8,-9900,?,9,-9900,?,9,0.0,0.0,E,8
11/01/2020,05:00,0.0,1388.143,19.032,1,8,0.0,1,8,0.0,1,8,2283.84,1,8,0.0,1,8,0.0,1,8,-0.0,1,8,-9900,?,9,-9900,?,9,19.69,E,8,15.214,E,8,75.0,E,8,1008.6016999999999,E,8,999.0,E,8,0.98,E,8,-9900,?,9,-9900,?,9,0.0,E,8,-9900,?,9,-9900,?,9,0.0,0.0,E,8
11/01/2020,06:00,127.538,1388.143,0.0,1,8,0.0,1,8,0.0,1,8,0.0,1,8,0.0,1,8,0.0,1,8,0.0,1,8,-9900,?,9,-9900,?,9,19.37,E,8,15.33,E,8,77.0,E,8,1008.6016999999999,E,8,999.0,E,8,0.98,E,8,-9900,?,9,-9900,?,9,0.0,E,8,-9900,?,9,-9900,?,9,0.0,0.0,E,8
11/01/2020,07:00,449.386,1388.143,95.16,1,8,0.0,1,8,95.16,1,8,11419.2,1,8,0.0,1,8,10467.6,1,8,93.798,1,8,-9900,?,9,-9900,?,9,19.12,E,8,15.43,E,8,79.0,E,8,1008.6016999999999,E,8,999.0,E,8,0.98,E,8,-9900,?,9,-9900,?,9,0.0,E,8,-9900,?,9,-9900,?,9,0.0,0.0,E,8
11/01/2020,08:00,751.336,1388.143,287.34,1,8,79.606,1,8,244.284,1,8,34480.8,1,8,7562.542,1,8,26871.203,1,8,143.765,1,8,-9900,?,9,-9900,?,9,20.96,E,8,14.73,E,8,67.0,E,8,1008.6016999999999,E,8,999.0,E,8,0.98,E,8,-9900,?,9,-9900,?,9,0.0,E,8,-9900,?,9,-9900,?,9,0.0,0.0,E,8
11/01/2020,09:00,1010.969,1388.143,471.43,1,8,126.024,1,8,379.672,1,8,56571.6,1,8,11972.299,1,8,41763.898,1,8,165.985,1,8,-9900,?,9,-9900,?,9,21.86,E,8,14.38,E,8,62.0,E,8,1008.6016999999999,E,8,999.0,E,8,0.98,E,8,-9900,?,9,-9900,?,9,0.0,E,8,-9900,?,9,-9900,?,9,0.0,0.0,E,8
11/01/2020,10:00,1210.392,1388.143,624.31,1,8,268.192,1,8,390.482,1,8,74917.2,1,8,25478.223,1,8,42952.972,1,8,142.56,1,8,-9900,?,9,-9900,?,9,22.68,E,8,14.05,E,8,58.0,E,8,1008.6016999999999,E,8,999.0,E,8,1.14,E,8,-9900,?,9,-9900,?,9,0.0,E,8,-9900,?,9,-9900,?,9,0.0,0.0,E,8
11/01/2020,11:00,1335.969,1388.143,733.2,1,8,155.661,1,8,583.393,1,8,87984.0,1,8,14787.763,1,8,64173.268,1,8,192.956,1,8,-9900,?,9,-9900,?,9,23.38,E,8,13.76,E,8,54.0,E,8,1008.6016999999999,E,8,999.0,E,8,1.77,E,8,-9900,?,9,-9900,?,9,0.0,E,8,-9900,?,9,-9900,?,9,0.0,0.0,E,8
11/01/2020,12:00,1379.137,1388.143,789.87,1,8,289.372,1,8,502.376,1,8,94784.4,1,8,27490.386,1,8,55261.345,1,8,160.956,1,8,-9900,?,9,-9900,?,9,23.94,E,8,13.53,E,8,52.0,E,8,1008.6016999999999,E,8,999.0,E,8,2.31,E,8,-9900,?,9,-9900,?,9,0.0,E,8,-9900,?,9,-9900,?,9,0.0,0.0,E,8
11/01/2020,13:00,1336.966,1388.143,790.2,1,8,334.745,1,8,467.804,1,8,94824.0,1,8,31800.76,1,8,51458.391,1,8,154.61,1,8,-9900,?,9,-9900,?,9,24.34,E,8,13.36,E,8,50.0,E,8,1008.6016999999999,E,8,999.0,E,8,2.99,E,8,-9900,?,9,-9900,?,9,0.0,E,8,-9900,?,9,-9900,?,9,0.0,0.0,E,8
11/01/2020,14:00,1212.353,1388.143,734.19,1,8,362.434,1,8,417.683,1,8,88102.8,1,8,34431.193,1,8,45945.084,1,8,152.244,1,8,-9900,?,9,-9900,?,9,24.57,E,8,13.27,E,8,49.0,E,8,1008.6016999999999,E,8,999.0,E,8,3.47,E,8,-9900,?,9,-9900,?,9,0.0,E,8,-9900,?,9,-9900,?,9,0.0,0.0,E,8
11/01/2020,15:00,1013.831,1388.143,625.92,1,8,461.556,1,8,288.909,1,8,75110.4,1,8,43847.835,1,8,31779.974,1,8,125.948,1,8,-9900,?,9,-9900,?,9,24.63,E,8,13.24,E,8,49.0,E,8,1008.6016999999999,E,8,999.0,E,8,4.09,E,8,-9900,?,9,-9900,?,9,0.0,E,8,-9900,?,9,-9900,?,9,0.0,0.0,E,8
11/01/2020,16:00,755.002,1388.143,473.58,1,8,585.897,1,8,155.136,1,8,56829.6,1,8,55660.221,1,8,17064.994,1,8,90.856,1,8,-9900,?,9,-9900,?,9,24.47,E,8,13.31,E,8,49.0,E,8,1008.6016999999999,E,8,999.0,E,8,4.16,E,8,-9900,?,9,-9900,?,9,0.0,E,8,-9900,?,9,-9900,?,9,0.0,0.0,E,8
11/01/2020,17:00,453.732,1388.143,289.92,1,8,450.882,1,8,142.9,1,8,34790.4,1,8,42833.769,1,8,15719.03,1,8,139.499,1,8,-9900,?,9,-9900,?,9,24.07,E,8,13.48,E,8,56.0,E,8,1008.6016999999999,E,8,999.0,E,8,3.61,E,8,-9900,?,9,-9900,?,9,0.001,E,8,-9900,?,9,-9900,?,9,0.01,99.0,E,8
11/01/2020,18:00,132.325,1388.143,97.73,1,8,311.733,1,8,68.844,1,8,11727.6,1,8,29614.657,1,8,7572.87,1,8,236.493,1,8,-9900,?,9,-9900,?,9,23.47,E,8,13.73,E,8,64.0,E,8,1008.6016999999999,E,8,999.0,E,8,2.36,E,8,-9900,?,9,-9900,?,9,0.263,E,8,-9900,?,9,-9900,?,9,2.63,99.0,E,8
11/01/2020,19:00,0.0,1388.143,0.0,1,8,0.0,1,8,0.0,1,8,0.0,1,8,0.0,1,8,0.0,1,8,-0.0,1,8,-9900,?,9,-9900,?,9,22.97,E,8,13.93,E,8,61.0,E,8,1008.6016999999999,E,8,999.0,E,8,1.32,E,8,-9900,?,9,-9900,?,9,0.002,E,8,-9900,?,9,-9900,?,9,0.02,99.0,E,8
11/01/2020,20:00,0.0,1388.143,0.0,1,8,0.0,1,8,0.0,1,8,0.0,1,8,0.0,1,8,0.0,1,8,-0.0,1,8,-9900,?,9,-9900,?,9,22.47,E,8,14.13,E,8,64.0,E,8,1008.6016999999999,E,8,999.0,E,8,0.98,E,8,-9900,?,9,-9900,?,9,0.008,E,8,-9900,?,9,-9900,?,9,0.08,99.0,E,8
11/01/2020,21:00,0.0,1388.143,0.0,1,8,0.0,1,8,0.0,1,8,0.0,1,8,0.0,1,8,0.0,1,8,-0.0,1,8,-9900,?,9,-9900,?,9,21.96,E,8,14.34,E,8,66.0,E,8,1008.6016999999999,E,8,999.0,E,8,0.98,E,8,-9900,?,9,-9900,?,9,0.001,E,8,-9900,?,9,-9900,?,9,0.01,99.0,E,8
11/01/2020,22:00,0.0,1388.143,0.0,1,8,0.0,1,8,0.0,1,8,0.0,1,8,0.0,1,8,0.0,1,8,-0.0,1,8,-9900,?,9,-9900,?,9,21.46,E,8,14.53,E,8,69.0,E,8,1008.6016999999999,E,8,999.0,E,8,0.98,E,8,-9900,?,9,-9900,?,9,0.016,E,8,-9900,?,9,-9900,?,9,0.16,99.0,E,8
11/01/2020,23:00,0.0,1388.143,0.0,1,8,0.0,1,8,0.0,1,8,0.0,1,8,0.0,1,8,0.0,1,8,-0.0,1,8,-9900,?,9,-9900,?,9,20.96,E,8,14.73,E,8,72.0,E,8,1008.6016999999999,E,8,999.0,E,8,0.98,E,8,-9900,?,9,-9900,?,9,0.005,E,8,-9900,?,9,-9900,?,9,0.05,99.0,E,8
11/01/2020,24:00,0.0,1388.143,0.0,1,8,0.0,1,8,0.0,1,8,0.0,1,8,0.0,1,8,0.0,1,8,-0.0,1,8,-9900,?,9,-9900,?,9,20.46,E,8,16.6,E,8,79.0,E,8,1008.6016999999999,E,8,999.0,E,8,1.29,E,8,-9900,?,9,-9900,?,9,0.011,E,8,-9900,?,9,-9900,?,9,0.11,99.0,E,8
11/02/2020,01:00,0.0,1388.143,0.0,1,8,0.0,1,8,0.0,1,8,0.0,1,8,0.0,1,8,0.0,1,8,-0.0,1,8,-9900,?,9,-9900,?,9,20.2,E,8,16.68,E,8,85.0,E,8,1008.6016999999999,E,8,999.0,E,8,1.29,E,8,-9900,?,9,-9900,?,9,0.175,E,8,-9900,?,9,-9900,?,9,1.75,99.0,E,8
11/02/2020,02:00,0.0,1388.143,0.0,1,8,0.0,1,8,0.0,1,8,0.0,1,8,0.0,1,8,0.0,1,8,-0.0,1,8,-9900,?,9,-9900,?,9,19.95,E,8,16.76,E,8,82.0,E,8,1008.6016999999999,E,8,999.0,E,8,1.29,E,8,-9900,?,9,-9900,?,9,0.003,E,8,-9900,?,9,-9900,?,9,0.03,99.0,E,8
11/02/2020,03:00,0.0,1388.143,0.0,1,8,0.0,1,8,0.0,1,8,0.0,1,8,0.0,1,8,0.0,1,8,-0.0,1,8,-9900,?,9,-9900,?,9,19.7,E,8,16.83,E,8,84.0,E,8,1008.6016999999999,E,8,999.0,E,8,1.29,E,8,-9900,?,9,-9900,?,9,0.001,E,8,-9900,?,9,-9900,?,9,0.01,99.0,E,8
11/02/2020,04:00,0.0,1388.874,0.0,1,8,0.0,1,8,0.0,1,8,0.0,1,8,0.0,1,8,0.0,1,8,-0.0,1,8,-9900,?,9,-9900,?,9,19.45,E,8,16.91,E,8,85.0,E,8,1008.6016999999999,E,8,999.0,E,8,1.29,E,8,-9900,?,9,-9900,?,9,0.005,E,8,-9900,?,9,-9900,?,9,0.05,99.0,E,8
11/02/2020,05:00,0.0,1388.874,0.0,1,8,0.0,1,8,0.0,1,8,0.0,1,8,0.0,1,8,0.0,1,8,-0.0,1,8,-9900,?,9,-9900,?,9,19.23,E,8,16.98,E,8,87.0,E,8,1008.6016999999999,E,8,999.0,E,8,1.29,E,8,-9900,?,9,-9900,?,9,0.001,E,8,-9900,?,9,-9900,?,9,0.01,99.0,E,8
11/02/2020,06:00,130.326,1388.874,0.0,1,8,0.0,1,8,0.0,1,8,0.0,1,8,0.0,1,8,0.0,1,8,0.0,1,8,-9900,?,9,-9900,?,9,19.06,E,8,17.03,E,8,88.0,E,8,1008.6016999999999,E,8,999.0,E,8,1.29,E,8,-9900,?,9,-9900,?,9,0.002,E,8,-9900,?,9,-9900,?,9,0.02,99.0,E,8
11/02/2020,07:00,451.924,1388.874,103.05,1,8,0.0,1,8,103.05,1,8,12366.0,1,8,0.0,1,8,11335.5,1,8,101.055,1,8,-9900,?,9,-9900,?,9,18.9,E,8,17.08,E,8,89.0,E,8,1008.6016999999999,E,8,999.0,E,8,1.29,E,8,-9900,?,9,-9900,?,9,0.001,E,8,-9900,?,9,-9900,?,9,0.01,99.0,E,8
11/02/2020,08:00,753.584,1388.874,327.23,1,8,134.915,1,8,254.079,1,8,39267.6,1,8,12816.906,1,8,27948.635,1,8,149.161,1,8,-9900,?,9,-9900,?,9,20.83,E,8,16.48,E,8,73.0,E,8,1008.6016999999999,E,8,999.0,E,8,1.29,E,8,-9900,?,9,-9900,?,9,0.0,E,8,-9900,?,9,-9900,?,9,0.0,0.0,E,8
11/02/2020,09:00,1012.959,1388.874,529.13,1,8,195.824,1,8,386.345,1,8,63495.6,1,8,18603.26,1,8,42497.971,1,8,168.659,1,8,-9900,?,9,-9900,?,9,21.77,E,8,16.18,E,8,68.0,E,8,1008.6016999999999,E,8,999.0,E,8,1.29,E,8,-9900,?,9,-9900,?,9,0.0,E,8,-9900,?,9,-9900,?,9,0.0,0.0,E,8
11/02/2020,10:00,1212.174,1388.874,715.33,1,8,331.323,1,8,426.186,1,8,85839.6,1,8,31475.676,1,8,46880.49,1,8,155.449,1,8,-9900,?,9,-9900,?,9,22.66,E,8,15.89,E,8,64.0,E,8,1008.6016999999999,E,8,999.0,E,8,1.29,E,8,-9900,?,9,-9900,?,9,0.0,E,8,-9900,?,9,-9900,?,9,0.0,0.0,E,8
11/02/2020,11:00,1337.61,1388.874,805.07,1,8,347.388,1,8,470.512,1,8,96608.4,1,8,33001.822,1,8,51756.343,1,8,155.512,1,8,-9900,?,9,-9900,?,9,23.35,E,8,15.66,E,8,61.0,E,8,1008.6016999999999,E,8,999.0,E,8,1.29,E,8,-9900,?,9,-9900,?,9,0.0,E,8,-9900,?,9,-9900,?,9,0.0,0.0,E,8
11/02/2020,12:00,1380.714,1388.874,918.41,1,8,492.555,1,8,428.75,1,8,110209.2,1,8,46792.759,1,8,47162.542,1,8,137.283,1,8,-9900,?,9,-9900,?,9,23.98,E,8,15.45,E,8,58.0,E,8,1008.6016999999999,E,8,999.0,E,8,2.09,E,8,-9900,?,9,-9900,?,9,0.0,E,8,-9900,?,9,-9900,?,9,0.0,0.0,E,8
11/02/2020,13:00,1338.558,1388.874,875.74,1,8,491.645,1,8,401.917,1,8,105088.8,1,8,46706.236,1,8,44210.905,1,8,132.746,1,8,-9900,?,9,-9900,?,9,24.38,E,8,15.31,E,8,56.0,E,8,1008.6016999999999,E,8,999.0,E,8,2.3,E,8,-9900,?,9,-9900,?,9,0.0,E,8,-9900,?,9,-9900,?,9,0.0,0.0,E,8
11/02/2020,14:00,1214.04,1388.874,848.48,1,8,628.978,1,8,298.729,1,8,101817.6,1,8,59752.889,1,8,32860.168,1,8,108.792,1,8,-9900,?,9,-9900,?,9,24.65,E,8,15.22,E,8,55.0,E,8,1008.6016999999999,E,8,999.0,E,8,2.86,E,8,-9900,?,9,-9900,?,9,0.0,E,8,-9900,?,9,-9900,?,9,0.0,0.0,E,8
11/02/2020,15:00,1015.685,1388.874,694.64,1,8,662.118,1,8,210.556,1,8,83356.8,1,8,62901.164,1,8,23161.193,1,8,91.671,1,8,-9900,?,9,-9900,?,9,24.7,E,8,15.21,E,8,55.0,E,8,1008.6016999999999,E,8,999.0,E,8,3.58,E,8,-9900,?,9,-9900,?,9,0.0,E,8,-9900,?,9,-9900,?,9,0.0,0.0,E,8
11/02/2020,16:00,757.085,1388.874,533.99,1,8,685.013,1,8,160.843,1,8,64078.8,1,8,65076.215,1,8,17692.749,1,8,93.988,1,8,-9900,?,9,-9900,?,9,24.53,E,8,15.26,E,8,56.0,E,8,1008.6016999999999,E,8,999.0,E,8,3.37,E,8,-9900,?,9,-9900,?,9,0.0,E,8,-9900,?,9,-9900,?,9,0.0,0.0,E,8
11/02/2020,17:00,456.085,1388.874,332.23,1,8,677.561,1,8,110.262,1,8,39867.6,1,8,64368.299,1,8,12128.821,1,8,107.136,1,8,-9900,?,9,-9900,?,9,24.11,E,8,15.41,E,8,57.0,E,8,1008.6016999999999,E,8,999.0,E,8,2.15,E,8,-9900,?,9,-9900,?,9,0.0,E,8,-9900,?,9,-9900,?,9,0.0,0.0,E,8
11/02/2020,18:00,134.929,1388.874,125.2,1,8,302.549,1,8,96.601,1,8,15024.0,1,8,28742.113,1,8,10626.085,1,8,325.291,1,8,-9900,?,9,-9900,?,9,23.5,E,8,15.61,E,8,60.0,E,8,1008.6016999999999,E,8,999.0,E,8,2.27,E,8,-9900,?,9,-9900,?,9,0.0,E,8,-9900,?,9,-9900,?,9,0.0,0.0,E,8
11/02/2020,19:00,0.0,1388.874,0.0,1,8,0.0,1,8,0.0,1,8,0.0,1,8,0.0,1,8,0.0,1,8,-0.0,1,8,-9900,?,9,-9900,?,9,22.75,E,8,15.86,E,8,63.0,E,8,1008.6016999999999,E,8,999.0,E,8,1.62,E,8,-9900,?,9,-9900,?,9,0.0,E,8,-9900,?,9,-9900,?,9,0.0,0.0,E,8
11/02/2020,20:00,0.0,1388.874,0.0,1,8,0.0,1,8,0.0,1,8,0.0,1,8,0.0,1,8,0.0,1,8,-0.0,1,8,-9900,?,9,-9900,?,9,21.99,E,8,16.11,E,8,67.0,E,8,1008.6016999999999,E,8,999.0,E,8,1.38,E,8,-9900,?,9,-9900,?,9,0.0,E,8,-9900,?,9,-9900,?,9,0.0,0.0,E,8
11/02/2020,21:00,0.0,1388.874,0.0,1,8,0.0,1,8,0.0,1,8,0.0,1,8,0.0,1,8,0.0,1,8,-0.0,1,8,-9900,?,9,-9900,?,9,21.24,E,8,16.35,E,8,71.0,E,8,1008.6016999999999,E,8,999.0,E,8,1.29,E,8,-9900,?,9,-9900,?,9,0.0,E,8,-9900,?,9,-9900,?,9,0.0,0.0,E,8
11/02/2020,22:00,0.0,1388.874,0.0,1,8,0.0,1,8,0.0,1,8,0.0,1,8,0.0,1,8,0.0,1,8,-0.0,1,8,-9900,?,9,-9900,?,9,20.49,E,8,16.59,E,8,75.0,E,8,1008.6016999999999,E,8,999.0,E,8,1.29,E,8,-9900,?,9,-9900,?,9,0.0,E,8,-9900,?,9,-9900,?,9,0.0,0.0,E,8
11/02/2020,23:00,0.0,1388.874,0.0,1,8,0.0,1,8,0.0,1,8,0.0,1,8,0.0,1,8,0.0,1,8,-0.0,1,8,-9900,?,9,-9900,?,9,19.74,E,8,16.82,E,8,79.0,E,8,1008.6016999999999,E,8,999.0,E,8,1.29,E,8,-9900,?,9,-9900,?,9,0.0,E,8,-9900,?,9,-9900,?,9,0.0,0.0,E,8
11/02/2020,24:00,0.0,1388.874,0.0,1,8,0.0,1,8,0.0,1,8,0.0,1,8,0.0,1,8,0.0,1,8,-0.0,1,8,-9900,?,9,-9900,?,9,18.98,E,8,14.28,E,8,74.0,E,8,1008.6016999999999,E,8,999.0,E,8,0.95,E,8,-9900,?,9,-9900,?,9,0.0,E,8,-9900,?,9,-9900,?,9,0.0,0.0,E,8
11/03/2020,01:00,0.0,1388.874,0.0,1,8,0.0,1,8,0.0,1,8,0.0,1,8,0.0,1,8,0.0,1,8,-0.0,1,8,-9900,?,9,-9900,?,9,18.61,E,8,14.3,E,8,76.0,E,8,1008.6016999999999,E,8,999.0,E,8,0.95,E,8,-9900,?,9,-9900,?,9,0.0,E,8,-9900,?,9,-9900,?,9,0.0,0.0,E,8
11/03/2020,02:00,0.0,1388.874,0.0,1,8,0.0,1,8,0.0,1,8,0.0,1,8,0.0,1,8,0.0,1,8,-0.0,1,8,-9900,?,9,-9900,?,9,18.23,E,8,14.32,E,8,77.0,E,8,1008.6016999999999,E,8,999.0,E,8,0.95,E,8,-9900,?,9,-9900,?,9,0.0,E,8,-9900,?,9,-9900,?,9,0.0,0.0,E,8
11/03/2020,03:00,0.0,1388.874,0.0,1,8,0.0,1,8,0.0,1,8,0.0,1,8,0.0,1,8,0.0,1,8,-0.0,1,8,-9900,?,9,-9900,?,9,17.86,E,8,14.34,E,8,79.0,E,8,1008.6016999999999,E,8,999.0,E,8,0.95,E,8,-9900,?,9,-9900,?,9,0.0,E,8,-9900,?,9,-9900,?,9,0.0,0.0,E,8
11/03/2020,04:00,0.0,1389.599,0.0,1,8,0.0,1,8,0.0,1,8,0.0,1,8,0.0,1,8,0.0,1,8,-0.0,1,8,-9900,?,9,-9900,?,9,17.48,E,8,14.35,E,8,81.0,E,8,1008.6016999999999,E,8,999.0,E,8,0.95,E,8,-9900,?,9,-9900,?,9,0.0,E,8,-9900,?,9,-9900,?,9,0.0,0.0,E,8
11/03/2020,05:00,0.0,1389.599,0.0,1,8,0.0,1,8,0.0,1,8,0.0,1,8,0.0,1,8,0.0,1,8,-0.0,1,8,-9900,?,9,-9900,?,9,17.15,E,8,14.37,E,8,83.0,E,8,1008.6016999999999,E,8,999.0,E,8,0.95,E,8,-9900,?,9,-9900,?,9,0.0,E,8,-9900,?,9,-9900,?,9,0.0,0.0,E,8
11/03/2020,06:00,133.009,1389.599,0.0,1,8,0.0,1,8,0.0,1,8,0.0,1,8,0.0,1,8,0.0,1,8,0.0,1,8,-9900,?,9,-9900,?,9,16.9,E,8,14.38,E,8,85.0,E,8,1008.6016999999999,E,8,999.0,E,8,0.95,E,8,-9900,?,9,-9900,?,9,0.0,E,8,-9900,?,9,-9900,?,9,0.0,0.0,E,8
11/03/2020,07:00,454.349,1389.599,127.15,1,8,16.01,1,8,121.928,1,8,15258.0,1,8,1520.993,1,8,13412.06,1,8,118.988,1,8,-9900,?,9,-9900,?,9,16.65,E,8,14.39,E,8,86.0,E,8,1008.6016999999999,E,8,999.0,E,8,0.95,E,8,-9900,?,9,-9900,?,9,0.0,E,8,-9900,?,9,-9900,?,9,0.0,0.0,E,8
11/03/2020,08:00,755.721,1389.599,372.75,1,8,220.604,1,8,252.86,1,8,44730.0,1,8,20957.415,1,8,27814.603,1,8,148.102,1,8,-9900,?,9,-9900,?,9,19.57,E,8,14.25,E,8,71.0,E,8,1008.6016999999999,E,8,999.0,E,8,0.95,E,8,-9900,?,9,-9900,?,9,0.0,E,8,-9900,?,9,-9900,?,9,0.0,0.0,E,8
11/03/2020,09:00,1014.844,1389.599,598.44,1,8,361.644,1,8,334.394,1,8,71812.8,1,8,34356.188,1,8,36783.341,1,8,145.784,1,8,-9900,?,9,-9900,?,9,20.93,E,8,14.19,E,8,65.0,E,8,1008.6016999999999,E,8,999.0,E,8,0.95,E,8,-9900,?,9,-9900,?,9,0.0,E,8,-9900,?,9,-9900,?,9,0.0,0.0,E,8
11/03/2020,10:00,1213.865,1389.599,795.98,1,8,505.638,1,8,354.328,1,8,95517.6,1,8,48035.574,1,8,38976.048,1,8,129.126,1,8,-9900,?,9,-9900,?,9,22.19,E,8,14.13,E,8,60.0,E,8,1008.6016999999999,E,8,999.0,E,8,0.95,E,8,-9900,?,9,-9900,?,9,0.0,E,8,-9900,?,9,-9900,?,9,0.0,0.0,E,8
11/03/2020,11:00,1339.176,1389.599,928.02,1,8,564.637,1,8,383.884,1,8,111362.4,1,8,53640.548,1,8,42227.192,1,8,126.798,1,8,-9900,?,9,-9900,?,9,23.26,E,8,14.07,E,8,56.0,E,8,1008.6016999999999,E,8,999.0,E,8,1.54,E,8,-9900,?,9,-9900,?,9,0.0,E,8,-9900,?,9,-9900,?,9,0.0,0.0,E,8
11/03/2020,12:00,1382.233,1389.599,1001.2,1,8,622.121,1,8,382.379,1,8,120144.0,1,8,59101.527,1,8,42061.654,1,8,122.364,1,8,-9900,?,9,-9900,?,9,24.11,E,8,14.03,E,8,53.0,E,8,1008.6016999999999,E,8,999.0,E,8,2.22,E,8,-9900,?,9,-9900,?,9,0.0,E,8,-9900,?,9,-9900,?,9,0.0,0.0,E,8
11/03/2020,13:00,1340.113,1389.599,996.98,1,8,726.256,1,8,296.603,1,8,119637.6,1,8,68994.338,1,8,32626.307,1,8,97.9,1,8,-9900,?,9,-9900,?,9,24.71,E,8,14.0,E,8,51.0,E,8,1008.6016999999999,E,8,999.0,E,8,3.18,E,8,-9900,?,9,-9900,?,9,0.0,E,8,-9900,?,9,-9900,?,9,0.0,0.0,E,8
11/03/2020,14:00,1215.71,1389.599,922.33,1,8,860.118,1,8,169.912,1,8,110679.6,1,8,81711.171,1,8,18690.307,1,8,61.826,1,8,-9900,?,9,-9900,?,9,25.05,E,8,13.99,E,8,50.0,E,8,1008.6016999999999,E,8,999.0,E,8,3.84,E,8,-9900,?,9,-9900,?,9,0.0,E,8,-9900,?,9,-9900,?,9,0.0,0.0,E,8
11/03/2020,15:00,1017.542,1389.599,782.34,1,8,915.549,1,8,112.095,1,8,93880.8,1,8,86977.128,1,8,12330.403,1,8,48.74,1,8,-9900,?,9,-9900,?,9,25.14,E,8,13.98,E,8,49.0,E,8,1008.6016999999999,E,8,999.0,E,8,3.57,E,8,-9900,?,9,-9900,?,9,0.0,E,8,-9900,?,9,-9900,?,9,0.0,0.0,E,8
11/03/2020,16:00,759.187,1389.599,591.56,1,8,703.306,1,8,207.584,1,8,70987.2,1,8,66814.102,1,8,22834.208,1,8,121.027,1,8,-9900,?,9,-9900,?,9,24.87,E,8,14.0,E,8,50.0,E,8,1008.6016999999999,E,8,999.0,E,8,3.38,E,8,-9900,?,9,-9900,?,9,0.0,E,8,-9900,?,9,-9900,?,9,0.0,0.0,E,8
11/03/2020,17:00,458.47,1389.599,364.62,1,8,682.049,1,8,140.126,1,8,43754.4,1,8,64794.614,1,8,15413.805,1,8,135.512,1,8,-9900,?,9,-9900,?,9,24.24,E,8,14.03,E,8,52.0,E,8,1008.6016999999999,E,8,999.0,E,8,3.33,E,8,-9900,?,9,-9900,?,9,0.0,E,8,-9900,?,9,-9900,?,9,0.0,0.0,E,8
11/03/2020,18:00,137.572,1389.599,123.12,1,8,352.126,1,8,89.168,1,8,14774.4,1,8,33451.974,1,8,9808.479,1,8,294.369,1,8,-9900,?,9,-9900,?,9,23.32,E,8,14.07,E,8,56.0,E,8,1008.6016999999999,E,8,999.0,E,8,2.5,E,8,-9900,?,9,-9900,?,9,0.0,E,8,-9900,?,9,-9900,?,9,0.0,0.0,E,8
11/03/2020,19:00,0.0,1389.599,0.0,1,8,0.0,1,8,0.0,1,8,0.0,1,8,0.0,1,8,0.0,1,8,-0.0,1,8,-9900,?,9,-9900,?,9,22.55,E,8,14.11,E,8,58.0,E,8,1008.6016999999999,E,8,999.0,E,8,1.8,E,8,-9900,?,9,-9900,?,9,0.0,E,8,-9900,?,9,-9900,?,9,0.0,0.0,E,8
11/03/2020,20:00,0.0,1389.599,0.0,1,8,0.0,1,8,0.0,1,8,0.0,1,8,0.0,1,8,0.0,1,8,-0.0,1,8,-9900,?,9,-9900,?,9,21.79,E,8,14.15,E,8,61.0,E,8,1008.6016999999999,E,8,999.0,E,8,1.58,E,8,-9900,?,9,-9900,?,9,0.0,E,8,-9900,?,9,-9900,?,9,0.0,0.0,E,8
11/03/2020,21:00,0.0,1389.599,0.0,1,8,0.0,1,8,0.0,1,8,0.0,1,8,0.0,1,8,0.0,1,8,-0.0,1,8,-9900,?,9,-9900,?,9,21.02,E,8,14.18,E,8,64.0,E,8,1008.6016999999999,E,8,999.0,E,8,1.27,E,8,-9900,?,9,-9900,?,9,0.0,E,8,-9900,?,9,-9900,?,9,0.0,0.0,E,8
11/03/2020,22:00,0.0,1389.599,0.0,1,8,0.0,1,8,0.0,1,8,0.0,1,8,0.0,1,8,0.0,1,8,-0.0,1,8,-9900,?,9,-9900,?,9,20.26,E,8,14.22,E,8,68.0,E,8,1008.6016999999999,E,8,999.0,E,8,1.24,E,8,-9900,?,9,-9900,?,9,0.0,E,8,-9900,?,9,-9900,?,9,0.0,0.0,E,8
11/03/2020,23:00,0.0,1389.599,0.0,1,8,0.0,1,8,0.0,1,8,0.0,1,8,0.0,1,8,0.0,1,8,-0.0,1,8,-9900,?,9,-9900,?,9,19.49,E,8,14.26,E,8,71.0,E,8,1008.6016999999999,E,8,999.0,E,8,1.04,E,8,-9900,?,9,-9900,?,9,0.0,E,8,-9900,?,9,-9900,?,9,0.0,0.0,E,8
11/03/2020,24:00,0.0,1389.599,0.0,1,8,0.0,1,8,0.0,1,8,0.0,1,8,0.0,1,8,0.0,1,8,-0.0,1,8,-9900,?,9,-9900,?,9,18.72,E,8,14.25,E,8,75.0,E,8,1008.6016999999999,E,8,999.0,E,8,0.82,E,8,-9900,?,9,-9900,?,9,0.0,E,8,-9900,?,9,-9900,?,9,0.0,0.0,E,8
11/04/2020,01:00,0.0,1389.599,0.0,1,8,0.0,1,8,0.0,1,8,0.0,1,8,0.0,1,8,0.0,1,8,-0.0,1,8,-9900,?,9,-9900,?,9,18.34,E,8,14.14,E,8,76.0,E,8,1008.6016999999999,E,8,999.0,E,8,0.94,E,8,-9900,?,9,-9900,?,9,0.0,E,8,-9900,?,9,-9900,?,9,0.0,0.0,E,8
11/04/2020,02:00,0.0,1389.599,0.0,1,8,0.0,1,8,0.0,1,8,0.0,1,8,0.0,1,8,0.0,1,8,-0.0,1,8,-9900,?,9,-9900,?,9,17.96,E,8,14.04,E,8,77.0,E,8,1008.6016999999999,E,8,999.0,E,8,0.82,E,8,-9900,?,9,-9900,?,9,0.0,E,8,-9900,?,9,-9900,?,9,0.0,0.0,E,8
11/04/2020,03:00,0.0,1389.599,0.0,1,8,0.0,1,8,0.0,1,8,0.0,1,8,0.0,1,8,0.0,1,8,-0.0,1,8,-9900,?,9,-9900,?,9,17.57,E,8,13.93,E,8,79.0,E,8,1008.6016999999999,E,8,999.0,E,8,0.82,E,8,-9900,?,9,-9900,?,9,0.0,E,8,-9900,?,9,-9900,?,9,0.0,0.0,E,8
11/04/2020,04:00,0.0,1390.318,0.0,1,8,0.0,1,8,0.0,1,8,0.0,1,8,0.0,1,8,0.0,1,8,-0.0,1,8,-9900,?,9,-9900,?,9,17.19,E,8,13.82,E,8,80.0,E,8,1008.6016999999999,E,8,999.0,E,8,0.82,E,8,-9900,?,9,-9900,?,9,0.0,E,8,-9900,?,9,-9900,?,9,0.0,0.0,E,8
11/04/2020,05:00,0.0,1390.318,0.0,1,8,0.0,1,8,0.0,1,8,0.0,1,8,0.0,1,8,0.0,1,8,-0.0,1,8,-9900,?,9,-9900,?,9,16.85,E,8,13.72,E,8,81.0,E,8,1008.6016999999999,E,8,999.0,E,8,0.98,E,8,-9900,?,9,-9900,?,9,0.0,E,8,-9900,?,9,-9900,?,9,0.0,0.0,E,8
11/04/2020,06:00,135.584,1390.318,0.0,1,8,0.0,1,8,0.0,1,8,0.0,1,8,0.0,1,8,0.0,1,8,0.0,1,8,-9900,?,9,-9900,?,9,16.6,E,8,13.64,E,8,82.0,E,8,1008.6016999999999,E,8,999.0,E,8,0.82,E,8,-9900,?,9,-9900,?,9,0.0,E,8,-9900,?,9,-9900,?,9,0.0,0.0,E,8
11/04/2020,07:00,456.66,1390.318,151.36,1,8,65.448,1,8,129.915,1,8,18163.2,1,8,6217.516,1,8,14290.623,1,8,126.203,1,8,-9900,?,9,-9900,?,9,16.35,E,8,13.57,E,8,83.0,E,8,1008.6016999999999,E,8,999.0,E,8,0.82,E,8,-9900,?,9,-9900,?,9,0.0,E,8,-9900,?,9,-9900,?,9,0.0,0.0,E,8
11/04/2020,08:00,757.746,1390.318,446.35,1,8,363.956,1,8,248.125,1,8,53562.0,1,8,34575.866,1,8,27293.77,1,8,145.015,1,8,-9900,?,9,-9900,?,9,19.17,E,8,14.38,E,8,73.0,E,8,1008.6016999999999,E,8,999.0,E,8,1.02,E,8,-9900,?,9,-9900,?,9,0.0,E,8,-9900,?,9,-9900,?,9,0.0,0.0,E,8
11/04/2020,09:00,1016.626,1390.318,727.74,1,8,708.368,1,8,209.901,1,8,87328.8,1,8,67294.96,1,8,23089.071,1,8,91.396,1,8,-9900,?,9,-9900,?,9,20.52,E,8,14.75,E,8,69.0,E,8,1008.6016999999999,E,8,999.0,E,8,1.35,E,8,-9900,?,9,-9900,?,9,0.0,E,8,-9900,?,9,-9900,?,9,0.0,0.0,E,8
11/04/2020,10:00,1215.464,1390.318,957.47,1,8,903.541,1,8,167.635,1,8,114896.4,1,8,85836.416,1,8,18439.826,1,8,61.042,1,8,-9900,?,9,-9900,?,9,21.73,E,8,15.08,E,8,65.0,E,8,1008.6016999999999,E,8,999.0,E,8,2.19,E,8,-9900,?,9,-9900,?,9,0.0,E,8,-9900,?,9,-9900,?,9,0.0,0.0,E,8
11/04/2020,11:00,1340.666,1390.318,1116.69,1,8,979.439,1,8,172.251,1,8,134002.8,1,8,93046.676,1,8,18947.59,1,8,56.861,1,8,-9900,?,9,-9900,?,9,22.77,E,8,15.35,E,8,62.0,E,8,1008.6016999999999,E,8,999.0,E,8,2.55,E,8,-9900,?,9,-9900,?,9,0.0,E,8,-9900,?,9,-9900,?,9,0.0,0.0,E,8
11/04/2020,12:00,1383.695,1390.318,1196.19,1,8,1009.035,1,8,191.964,1,8,143542.8,1,8,95858.328,1,8,21116.095,1,8,61.397,1,8,-9900,?,9,-9900,?,9,23.58,E,8,15.57,E,8,60.0,E,8,1008.6016999999999,E,8,999.0,E,8,2.75,E,8,-9900,?,9,-9900,?,9,0.0,E,8,-9900,?,9,-9900,?,9,0.0,0.0,E,8
11/04/2020,13:00,1341.631,1390.318,1182.2,1,8,1016.162,1,8,201.644,1,8,141864.0,1,8,96535.402,1,8,22180.804,1,8,66.516,1,8,-9900,?,9,-9900,?,9,24.14,E,8,15.71,E,8,59.0,E,8,1008.6016999999999,E,8,999.0,E,8,2.8,E,8,-9900,?,9,-9900,?,9,0.0,E,8,-9900,?,9,-9900,?,9,0.0,0.0,E,8
11/04/2020,14:00,1217.364,1390.318,1087.78,1,8,916.91,1,8,285.005,1,8,130533.6,1,8,87106.42,1,8,31350.502,1,8,103.618,1,8,-9900,?,9,-9900,?,9,24.45,E,8,15.79,E,8,58.0,E,8,1008.6016999999999,E,8,999.0,E,8,3.01,E,8,-9900,?,9,-9900,?,9,0.0,E,8,-9900,?,9,-9900,?,9,0.0,0.0,E,8
11/04/2020,15:00,1019.401,1390.318,914.38,1,8,976.827,1,8,198.338,1,8,109725.6,1,8,92798.534,1,8,21817.136,1,8,86.126,1,8,-9900,?,9,-9900,?,9,24.51,E,8,15.81,E,8,58.0,E,8,1008.6016999999999,E,8,999.0,E,8,3.21,E,8,-9900,?,9,-9900,?,9,0.0,E,8,-9900,?,9,-9900,?,9,0.0,0.0,E,8
11/04/2020,16:00,761.306,1390.318,677.46,1,8,799.318,1,8,240.071,1,8,81295.2,1,8,75935.204,1,8,26407.826,1,8,139.65,1,8,-9900,?,9,-9900,?,9,24.21,E,8,15.73,E,8,59.0,E,8,1008.6016999999999,E,8,999.0,E,8,3.61,E,8,-9900,?,9,-9900,?,9,0.0,E,8,-9900,?,9,-9900,?,9,0.0,0.0,E,8
11/04/2020,17:00,460.885,1390.318,400.81,1,8,742.394,1,8,155.287,1,8,48097.2,1,8,70527.425,1,8,17081.534,1,8,149.46,1,8,-9900,?,9,-9900,?,9,23.56,E,8,15.56,E,8,60.0,E,8,1008.6016999999999,E,8,999.0,E,8,3.56,E,8,-9900,?,9,-9900,?,9,0.0,E,8,-9900,?,9,-9900,?,9,0.0,0.0,E,8
11/04/2020,18:00,140.255,1390.318,122.98,1,8,388.814,1,8,84.745,1,8,14757.6,1,8,36937.364,1,8,9321.904,1,8,274.308,1,8,-9900,?,9,-9900,?,9,22.65,E,8,15.32,E,8,63.0,E,8,1008.6016999999999,E,8,999.0,E,8,2.32,E,8,-9900,?,9,-9900,?,9,0.0,E,8,-9900,?,9,-9900,?,9,0.0,0.0,E,8
11/04/2020,19:00,0.0,1390.318,0.0,1,8,0.0,1,8,0.0,1,8,0.0,1,8,0.0,1,8,0.0,1,8,-0.0,1,8,-9900,?,9,-9900,?,9,22.05,E,8,15.16,E,8,64.0,E,8,1008.6016999999999,E,8,999.0,E,8,1.84,E,8,-9900,?,9,-9900,?,9,0.0,E,8,-9900,?,9,-9900,?,9,0.0,0.0,E,8
11/04/2020,20:00,0.0,1390.318,0.0,1,8,0.0,1,8,0.0,1,8,0.0,1,8,0.0,1,8,0.0,1,8,-0.0,1,8,-9900,?,9,-9900,?,9,21.45,E,8,15.0,E,8,66.0,E,8,1008.6016999999999,E,8,999.0,E,8,1.38,E,8,-9900,?,9,-9900,?,9,0.0,E,8,-9900,?,9,-9900,?,9,0.0,0.0,E,8
11/04/2020,21:00,0.0,1390.318,0.0,1,8,0.0,1,8,0.0,1,8,0.0,1,8,0.0,1,8,0.0,1,8,-0.0,1,8,-9900,?,9,-9900,?,9,20.84,E,8,14.84,E,8,68.0,E,8,1008.6016999999999,E,8,999.0,E,8,0.82,E,8,-9900,?,9,-9900,?,9,0.0,E,8,-9900,?,9,-9900,?,9,0.0,0.0,E,8
11/04/2020,22:00,0.0,1390.318,0.0,1,8,0.0,1,8,0.0,1,8,0.0,1,8,0.0,1,8,0.0,1,8,-0.0,1,8,-9900,?,9,-9900,?,9,20.24,E,8,14.67,E,8,70.0,E,8,1008.6016999999999,E,8,999.0,E,8,0.9,E,8,-9900,?,9,-9900,?,9,0.0,E,8,-9900,?,9,-9900,?,9,0.0,0.0,E,8
11/04/2020,23:00,0.0,1390.318,0.0,1,8,0.0,1,8,0.0,1,8,0.0,1,8,0.0,1,8,0.0,1,8,-0.0,1,8,-9900,?,9,-9900,?,9,19.64,E,8,14.51,E,8,72.0,E,8,1008.6016999999999,E,8,999.0,E,8,0.82,E,8,-9900,?,9,-9900,?,9,0.0,E,8,-9900,?,9,-9900,?,9,0.0,0.0,E,8
11/04/2020,24:00,0.0,1390.318,0.0,1,8,0.0,1,8,0.0,1,8,0.0,1,8,0.0,1,8,0.0,1,8,-0.0,1,8,-9900,?,9,-9900,?,9,19.04,E,8,15.23,E,8,78.0,E,8,1008.6016999999999,E,8,999.0,E,8,0.6,E,8,-9900,?,9,-9900,?,9,0.0,E,8,-9900,?,9,-9900,?,9,0.0,0.0,E,8
11/05/2020,01:00,0.0,1390.318,0.0,1,8,0.0,1,8,0.0,1,8,0.0,1,8,0.0,1,8,0.0,1,8,-0.0,1,8,-9900,?,9,-9900,?,9,18.74,E,8,15.17,E,8,79.0,E,8,1008.6016999999999,E,8,999.0,E,8,0.6,E,8,-9900,?,9,-9900,?,9,0.0,E,8,-9900,?,9,-9900,?,9,0.0,0.0,E,8
11/05/2020,02:00,0.0,1390.318,0.0,1,8,0.0,1,8,0.0,1,8,0.0,1,8,0.0,1,8,0.0,1,8,-0.0,1,8,-9900,?,9,-9900,?,9,18.43,E,8,15.1,E,8,80.0,E,8,1008.6016999999999,E,8,999.0,E,8,0.6,E,8,-9900,?,9,-9900,?,9,0.0,E,8,-9900,?,9,-9900,?,9,0.0,0.0,E,8
11/05/2020,03:00,0.0,1390.318,0.0,1,8,0.0,1,8,0.0,1,8,0.0,1,8,0.0,1,8,0.0,1,8,-0.0,1,8,-9900,?,9,-9900,?,9,18.13,E,8,15.04,E,8,82.0,E,8,1008.6016999999999,E,8,999.0,E,8,0.6,E,8,-9900,?,9,-9900,?,9,0.0,E,8,-9900,?,9,-9900,?,9,0.0,0.0,E,8
11/05/2020,04:00,0.0,1391.03,0.0,1,8,0.0,1,8,0.0,1,8,0.0,1,8,0.0,1,8,0.0,1,8,-0.0,1,8,-9900,?,9,-9900,?,9,17.83,E,8,14.98,E,8,83.0,E,8,1008.6016999999999,E,8,999.0,E,8,0.6,E,8,-9900,?,9,-9900,?,9,0.0,E,8,-9900,?,9,-9900,?,9,0.0,0.0,E,8
11/05/2020,05:00,0.0,1391.03,0.0,1,8,0.0,1,8,0.0,1,8,0.0,1,8,0.0,1,8,0.0,1,8,-0.0,1,8,-9900,?,9,-9900,?,9,17.57,E,8,14.92,E,8,84.0,E,8,1008.6016999999999,E,8,999.0,E,8,0.62,E,8,-9900,?,9,-9900,?,9,0.0,E,8,-9900,?,9,-9900,?,9,0.0,0.0,E,8
11/05/2020,06:00,138.05,1391.03,0.0,1,8,0.0,1,8,0.0,1,8,0.0,1,8,0.0,1,8,0.0,1,8,0.0,1,8,-9900,?,9,-9900,?,9,17.37,E,8,14.88,E,8,85.0,E,8,1008.6016999999999,E,8,999.0,E,8,0.96,E,8,-9900,?,9,-9900,?,9,0.0,E,8,-9900,?,9,-9900,?,9,0.0,0.0,E,8
11/05/2020,07:00,458.856,1391.03,142.07,1,8,35.126,1,8,130.51,1,8,17048.4,1,8,3336.999,1,8,14356.149,1,8,126.237,1,8,-9900,?,9,-9900,?,9,17.17,E,8,14.83,E,8,86.0,E,8,1008.6016999999999,E,8,999.0,E,8,1.02,E,8,-9900,?,9,-9900,?,9,0.0,E,8,-9900,?,9,-9900,?,9,0.0,0.0,E,8
11/05/2020,08:00,759.66,1391.03,413.16,1,8,276.187,1,8,262.435,1,8,49579.2,1,8,26237.768,1,8,28867.801,1,8,153.069,1,8,-9900,?,9,-9900,?,9,19.96,E,8,15.42,E,8,75.0,E,8,1008.6016999999999,E,8,999.0,E,8,1.17,E,8,-9900,?,9,-9900,?,9,0.0,E,8,-9900,?,9,-9900,?,9,0.0,0.0,E,8
11/05/2020,09:00,1018.305,1391.03,673.78,1,8,547.206,1,8,273.3,1,8,80853.6,1,8,51984.556,1,8,30062.95,1,8,118.866,1,8,-9900,?,9,-9900,?,9,21.28,E,8,15.7,E,8,70.0,E,8,1008.6016999999999,E,8,999.0,E,8,1.61,E,8,-9900,?,9,-9900,?,9,0.0,E,8,-9900,?,9,-9900,?,9,0.0,0.0,E,8
11/05/2020,10:00,1216.972,1391.03,892.9,1,8,722.995,1,8,260.43,1,8,107148.0,1,8,68684.503,1,8,28647.279,1,8,94.762,1,8,-9900,?,9,-9900,?,9,22.5,E,8,15.94,E,8,66.0,E,8,1008.6016999999999,E,8,999.0,E,8,1.9,E,8,-9900,?,9,-9900,?,9,0.0,E,8,-9900,?,9,-9900,?,9,0.0,0.0,E,8
11/05/2020,11:00,1342.081,1391.03,1050.79,1,8,819.199,1,8,260.435,1,8,126094.8,1,8,77823.907,1,8,28647.842,1,8,85.924,1,8,-9900,?,9,-9900,?,9,23.54,E,8,16.15,E,8,63.0,E,8,1008.6016999999999,E,8,999.0,E,8,2.24,E,8,-9900,?,9,-9900,?,9,0.0,E,8,-9900,?,9,-9900,?,9,0.0,0.0,E,8
11/05/2020,12:00,1385.102,1391.03,1138.72,1,8,953.858,1,8,188.929,1,8,136646.4,1,8,90616.531,1,8,20782.203,1,8,60.396,1,8,-9900,?,9,-9900,?,9,24.39,E,8,16.32,E,8,60.0,E,8,1008.6016999999999,E,8,999.0,E,8,2.64,E,8,-9900,?,9,-9900,?,9,0.0,E,8,-9900,?,9,-9900,?,9,0.0,0.0,E,8
11/05/2020,13:00,1343.115,1391.03,1144.45,1,8,1002.005,1,8,176.981,1,8,137334.0,1,8,95190.482,1,8,19467.891,1,8,58.346,1,8,-9900,?,9,-9900,?,9,25.0,E,8,16.44,E,8,59.0,E,8,1008.6016999999999,E,8,999.0,E,8,3.3,E,8,-9900,?,9,-9900,?,9,0.0,E,8,-9900,?,9,-9900,?,9,0.0,0.0,E,8
11/05/2020,14:00,1219.003,1391.03,1070.1,1,8,887.743,1,8,292.213,1,8,128412.0,1,8,84335.55,1,8,32143.384,1,8,106.15,1,8,-9900,?,9,-9900,?,9,25.37,E,8,16.51,E,8,57.0,E,8,1008.6016999999999,E,8,999.0,E,8,3.65,E,8,-9900,?,9,-9900,?,9,0.0,E,8,-9900,?,9,-9900,?,9,0.0,0.0,E,8
11/05/2020,15:00,1021.264,1391.03,918.43,1,8,843.615,1,8,299.222,1,8,110211.6,1,8,80143.468,1,8,32914.374,1,8,129.763,1,8,-9900,?,9,-9900,?,9,25.48,E,8,16.53,E,8,57.0,E,8,1008.6016999999999,E,8,999.0,E,8,3.64,E,8,-9900,?,9,-9900,?,9,0.0,E,8,-9900,?,9,-9900,?,9,0.0,0.0,E,8
11/05/2020,16:00,763.445,1391.03,704.89,1,8,866.647,1,8,229.568,1,8,84586.8,1,8,82331.426,1,8,25252.438,1,8,133.234,1,8,-9900,?,9,-9900,?,9,25.27,E,8,16.49,E,8,58.0,E,8,1008.6016999999999,E,8,999.0,E,8,3.79,E,8,-9900,?,9,-9900,?,9,0.0,E,8,-9900,?,9,-9900,?,9,0.0,0.0,E,8
11/05/2020,17:00,463.331,1391.03,441.58,1,8,708.701,1,8,206.07,1,8,52989.6,1,8,67326.609,1,8,22667.733,1,8,197.388,1,8,-9900,?,9,-9900,?,9,24.69,E,8,16.38,E,8,59.0,E,8,1008.6016999999999,E,8,999.0,E,8,3.42,E,8,-9900,?,9,-9900,?,9,0.0,E,8,-9900,?,9,-9900,?,9,0.0,0.0,E,8
11/05/2020,18:00,142.977,1391.03,161.04,1,8,294.758,1,8,131.481,1,8,19324.8,1,8,28001.991,1,8,14462.891,1,8,417.336,1,8,-9900,?,9,-9900,?,9,23.81,E,8,16.21,E,8,62.0,E,8,1008.6016999999999,E,8,999.0,E,8,2.5,E,8,-9900,?,9,-9900,?,9,0.0,E,8,-9900,?,9,-9900,?,9,0.0,0.0,E,8
11/05/2020,19:00,0.0,1391.03,0.0,1,8,0.0,1,8,0.0,1,8,0.0,1,8,0.0,1,8,0.0,1,8,-0.0,1,8,-9900,?,9,-9900,?,9,23.08,E,8,16.06,E,8,64.0,E,8,1008.6016999999999,E,8,999.0,E,8,2.08,E,8,-9900,?,9,-9900,?,9,0.0,E,8,-9900,?,9,-9900,?,9,0.0,0.0,E,8
11/05/2020,20:00,0.0,1391.03,0.0,1,8,0.0,1,8,0.0,1,8,0.0,1,8,0.0,1,8,0.0,1,8,-0.0,1,8,-9900,?,9,-9900,?,9,22.36,E,8,15.92,E,8,66.0,E,8,1008.6016999999999,E,8,999.0,E,8,1.45,E,8,-9900,?,9,-9900,?,9,0.0,E,8,-9900,?,9,-9900,?,9,0.0,0.0,E,8
11/05/2020,21:00,0.0,1391.03,0.0,1,8,0.0,1,8,0.0,1,8,0.0,1,8,0.0,1,8,0.0,1,8,-0.0,1,8,-9900,?,9,-9900,?,9,21.63,E,8,15.77,E,8,69.0,E,8,1008.6016999999999,E,8,999.0,E,8,0.8,E,8,-9900,?,9,-9900,?,9,0.0,E,8,-9900,?,9,-9900,?,9,0.0,0.0,E,8
11/05/2020,22:00,0.0,1391.03,0.0,1,8,0.0,1,8,0.0,1,8,0.0,1,8,0.0,1,8,0.0,1,8,-0.0,1,8,-9900,?,9,-9900,?,9,20.9,E,8,15.62,E,8,71.0,E,8,1008.6016999999999,E,8,999.0,E,8,0.6,E,8,-9900,?,9,-9900,?,9,0.0,E,8,-9900,?,9,-9900,?,9,0.0,0.0,E,8
11/05/2020,23:00,0.0,1391.03,0.0,1,8,0.0,1,8,0.0,1,8,0.0,1,8,0.0,1,8,0.0,1,8,-0.0,1,8,-9900,?,9,-9900,?,9,20.18,E,8,15.47,E,8,74.0,E,8,1008.6016999999999,E,8,999.0,E,8,0.6,E,8,-9900,?,9,-9900,?,9,0.0,E,8,-9900,?,9,-9900,?,9,0.0,0.0,E,8
11/05/2020,24:00,0.0,1391.03,0.0,1,8,0.0,1,8,0.0,1,8,0.0,1,8,0.0,1,8,0.0,1,8,-0.0,1,8,-9900,?,9,-9900,?,9,19.45,E,8,16.74,E,8,81.0,E,8,1008.6016999999999,E,8,999.0,E,8,0.96,E,8,-9900,?,9,-9900,?,9,0.0,E,8,-9900,?,9,-9900,?,9,0.0,0.0,E,8
11/06/2020,01:00,0.0,1391.03,0.0,1,8,0.0,1,8,0.0,1,8,0.0,1,8,0.0,1,8,0.0,1,8,-0.0,1,8,-9900,?,9,-9900,?,9,19.08,E,8,16.73,E,8,87.0,E,8,1008.6016999999999,E,8,999.0,E,8,0.96,E,8,-9900,?,9,-9900,?,9,0.003,E,8,-9900,?,9,-9900,?,9,0.03,99.0,E,8
11/06/2020,02:00,0.0,1391.03,0.0,1,8,0.0,1,8,0.0,1,8,0.0,1,8,0.0,1,8,0.0,1,8,-0.0,1,8,-9900,?,9,-9900,?,9,18.72,E,8,16.72,E,8,89.0,E,8,1008.6016999999999,E,8,999.0,E,8,0.96,E,8,-9900,?,9,-9900,?,9,0.001,E,8,-9900,?,9,-9900,?,9,0.01,99.0,E,8
11/06/2020,03:00,0.0,1391.03,0.0,1,8,0.0,1,8,0.0,1,8,0.0,1,8,0.0,1,8,0.0,1,8,-0.0,1,8,-9900,?,9,-9900,?,9,18.36,E,8,16.71,E,8,90.0,E,8,1008.6016999999999,E,8,999.0,E,8,0.96,E,8,-9900,?,9,-9900,?,9,0.002,E,8,-9900,?,9,-9900,?,9,0.02,99.0,E,8
11/06/2020,04:00,0.0,1391.735,0.0,1,8,0.0,1,8,0.0,1,8,0.0,1,8,0.0,1,8,0.0,1,8,-0.0,1,8,-9900,?,9,-9900,?,9,17.99,E,8,16.69,E,8,88.0,E,8,1008.6016999999999,E,8,999.0,E,8,0.96,E,8,-9900,?,9,-9900,?,9,0.0,E,8,-9900,?,9,-9900,?,9,0.0,0.0,E,8
11/06/2020,05:00,0.0,1391.735,0.0,1,8,0.0,1,8,0.0,1,8,0.0,1,8,0.0,1,8,0.0,1,8,-0.0,1,8,-9900,?,9,-9900,?,9,17.67,E,8,16.68,E,8,94.0,E,8,1008.6016999999999,E,8,999.0,E,8,0.96,E,8,-9900,?,9,-9900,?,9,0.005,E,8,-9900,?,9,-9900,?,9,0.05,99.0,E,8
11/06/2020,06:00,140.406,1391.735,0.0,1,8,0.0,1,8,0.0,1,8,0.0,1,8,0.0,1,8,0.0,1,8,0.0,1,8,-9900,?,9,-9900,?,9,17.43,E,8,16.68,E,8,95.0,E,8,1008.6016999999999,E,8,999.0,E,8,0.96,E,8,-9900,?,9,-9900,?,9,0.01,E,8,-9900,?,9,-9900,?,9,0.1,99.0,E,8
11/06/2020,07:00,460.936,1391.735,125.76,1,8,12.136,1,8,121.75,1,8,15091.2,1,8,1152.924,1,8,13392.505,1,8,117.289,1,8,-9900,?,9,-9900,?,9,17.19,E,8,16.67,E,8,96.0,E,8,1008.6016999999999,E,8,999.0,E,8,0.96,E,8,-9900,?,9,-9900,?,9,0.001,E,8,-9900,?,9,-9900,?,9,0.01,99.0,E,8
11/06/2020,08:00,761.461,1391.735,325.16,1,8,125.581,1,8,256.498,1,8,39019.2,1,8,11930.154,1,8,28214.793,1,8,149.328,1,8,-9900,?,9,-9900,?,9,19.95,E,8,16.76,E,8,79.0,E,8,1008.6016999999999,E,8,999.0,E,8,0.96,E,8,-9900,?,9,-9900,?,9,0.0,E,8,-9900,?,9,-9900,?,9,0.0,0.0,E,8
11/06/2020,09:00,1019.879,1391.735,510.26,1,8,202.428,1,8,361.956,1,8,61231.2,1,8,19230.632,1,8,39815.197,1,8,157.262,1,8,-9900,?,9,-9900,?,9,21.11,E,8,16.79,E,8,74.0,E,8,1008.6016999999999,E,8,999.0,E,8,0.96,E,8,-9900,?,9,-9900,?,9,0.0,E,8,-9900,?,9,-9900,?,9,0.0,0.0,E,8
11/06/2020,10:00,1218.39,1391.735,727.18,1,8,372.266,1,8,401.31,1,8,87261.6,1,8,35365.253,1,8,44144.15,1,8,145.928,1,8,-9900,?,9,-9900,?,9,22.35,E,8,16.83,E,8,69.0,E,8,1008.6016999999999,E,8,999.0,E,8,0.97,E,8,-9900,?,9,-9900,?,9,0.0,E,8,-9900,?,9,-9900,?,9,0.0,0.0,E,8
11/06/2020,11:00,1343.423,1391.735,769.32,1,8,319.581,1,8,460.839,1,8,92318.4,1,8,30360.194,1,8,50692.338,1,8,151.968,1,8,-9900,?,9,-9900,?,9,23.2,E,8,16.86,E,8,66.0,E,8,1008.6016999999999,E,8,999.0,E,8,1.75,E,8,-9900,?,9,-9900,?,9,0.0,E,8,-9900,?,9,-9900,?,9,0.0,0.0,E,8
11/06/2020,12:00,1386.455,1391.735,926.6,1,8,535.448,1,8,393.185,1,8,111192.0,1,8,50867.518,1,8,43250.372,1,8,125.632,1,8,-9900,?,9,-9900,?,9,24.09,E,8,16.89,E,8,63.0,E,8,1008.6016999999999,E,8,999.0,E,8,2.36,E,8,-9900,?,9,-9900,?,9,0.0,E,8,-9900,?,9,-9900,?,9,0.0,0.0,E,8
11/06/2020,13:00,1344.564,1391.735,898.73,1,8,570.269,1,8,347.802,1,8,107847.6,1,8,54175.527,1,8,38258.174,1,8,114.595,1,8,-9900,?,9,-9900,?,9,24.67,E,8,16.91,E,8,61.0,E,8,1008.6016999999999,E,8,999.0,E,8,2.78,E,8,-9900,?,9,-9900,?,9,0.0,E,8,-9900,?,9,-9900,?,9,0.0,0.0,E,8
11/06/2020,14:00,1220.628,1391.735,752.99,1,8,435.606,1,8,370.973,1,8,90358.8,1,8,41382.566,1,8,40807.082,1,8,134.649,1,8,-9900,?,9,-9900,?,9,24.89,E,8,16.91,E,8,61.0,E,8,1008.6016999999999,E,8,999.0,E,8,3.04,E,8,-9900,?,9,-9900,?,9,0.0,E,8,-9900,?,9,-9900,?,9,0.0,0.0,E,8
11/06/2020,15:00,1023.131,1391.735,567.46,1,8,319.51,1,8,332.632,1,8,68095.2,1,8,30353.44,1,8,36589.487,1,8,144.061,1,8,-9900,?,9,-9900,?,9,24.75,E,8,16.91,E,8,66.0,E,8,1008.6016999999999,E,8,999.0,E,8,3.92,E,8,-9900,?,9,-9900,?,9,0.019,E,8,-9900,?,9,-9900,?,9,0.19,99.0,E,8
11/06/2020,16:00,765.604,1391.735,440.93,1,8,419.757,1,8,210.175,1,8,52911.6,1,8,39876.884,1,8,23119.196,1,8,121.696,1,8,-9900,?,9,-9900,?,9,24.37,E,8,16.9,E,8,67.0,E,8,1008.6016999999999,E,8,999.0,E,8,3.68,E,8,-9900,?,9,-9900,?,9,0.071,E,8,-9900,?,9,-9900,?,9,0.71,99.0,E,8
11/06/2020,17:00,465.808,1391.735,311.8,1,8,429.097,1,8,168.513,1,8,37416.0,1,8,40764.172,1,8,18536.415,1,8,160.632,1,8,-9900,?,9,-9900,?,9,23.81,E,8,16.88,E,8,69.0,E,8,1008.6016999999999,E,8,999.0,E,8,3.34,E,8,-9900,?,9,-9900,?,9,0.025,E,8,-9900,?,9,-9900,?,9,0.25,99.0,E,8
11/06/2020,18:00,145.737,1391.735,129.06,1,8,245.923,1,8,103.914,1,8,15487.2,1,8,23362.681,1,8,11430.501,1,8,323.479,1,8,-9900,?,9,-9900,?,9,23.04,E,8,16.85,E,8,76.0,E,8,1008.6016999999999,E,8,999.0,E,8,3.0,E,8,-9900,?,9,-9900,?,9,0.124,E,8,-9900,?,9,-9900,?,9,1.24,99.0,E,8
11/06/2020,19:00,0.0,1391.735,0.0,1,8,0.0,1,8,0.0,1,8,0.0,1,8,0.0,1,8,0.0,1,8,-0.0,1,8,-9900,?,9,-9900,?,9,22.61,E,8,16.84,E,8,73.0,E,8,1008.6016999999999,E,8,999.0,E,8,2.02,E,8,-9900,?,9,-9900,?,9,0.034,E,8,-9900,?,9,-9900,?,9,0.34,99.0,E,8
11/06/2020,20:00,0.0,1391.735,0.0,1,8,0.0,1,8,0.0,1,8,0.0,1,8,0.0,1,8,0.0,1,8,-0.0,1,8,-9900,?,9,-9900,?,9,22.18,E,8,16.83,E,8,74.0,E,8,1008.6016999999999,E,8,999.0,E,8,1.63,E,8,-9900,?,9,-9900,?,9,0.014000000000000002,E,8,-9900,?,9,-9900,?,9,0.14,99.0,E,8
11/06/2020,21:00,0.0,1391.735,0.0,1,8,0.0,1,8,0.0,1,8,0.0,1,8,0.0,1,8,0.0,1,8,-0.0,1,8,-9900,?,9,-9900,?,9,21.74,E,8,16.81,E,8,85.0,E,8,1008.6016999999999,E,8,999.0,E,8,0.96,E,8,-9900,?,9,-9900,?,9,1.636,E,8,-9900,?,9,-9900,?,9,16.36,99.0,E,8
11/06/2020,22:00,0.0,1391.735,0.0,1,8,0.0,1,8,0.0,1,8,0.0,1,8,0.0,1,8,0.0,1,8,-0.0,1,8,-9900,?,9,-9900,?,9,21.31,E,8,16.8,E,8,78.0,E,8,1008.6016999999999,E,8,999.0,E,8,0.96,E,8,-9900,?,9,-9900,?,9,0.048,E,8,-9900,?,9,-9900,?,9,0.48,99.0,E,8
11/06/2020,23:00,0.0,1391.735,0.0,1,8,0.0,1,8,0.0,1,8,0.0,1,8,0.0,1,8,0.0,1,8,-0.0,1,8,-9900,?,9,-9900,?,9,20.88,E,8,16.79,E,8,79.0,E,8,1008.6016999999999,E,8,999.0,E,8,0.96,E,8,-9900,?,9,-9900,?,9,0.007000000000000001,E,8,-9900,?,9,-9900,?,9,0.07,99.0,E,8
11/06/2020,24:00,0.0,1391.735,0.0,1,8,0.0,1,8,0.0,1,8,0.0,1,8,0.0,1,8,0.0,1,8,-0.0,1,8,-9900,?,9,-9900,?,9,20.45,E,8,17.08,E,8,82.0,E,8,1008.6016999999999,E,8,999.0,E,8,2.48,E,8,-9900,?,9,-9900,?,9,0.044,E,8,-9900,?,9,-9900,?,9,0.44,99.0,E,8
11/07/2020,01:00,0.0,1391.735,0.0,1,8,0.0,1,8,0.0,1,8,0.0,1,8,0.0,1,8,0.0,1,8,-0.0,1,8,-9900,?,9,-9900,?,9,20.23,E,8,17.2,E,8,87.0,E,8,1008.6016999999999,E,8,999.0,E,8,2.2,E,8,-9900,?,9,-9900,?,9,0.233,E,8,-9900,?,9,-9900,?,9,2.33,99.0,E,8
11/07/2020,02:00,0.0,1391.735,0.0,1,8,0.0,1,8,0.0,1,8,0.0,1,8,0.0,1,8,0.0,1,8,-0.0,1,8,-9900,?,9,-9900,?,9,20.01,E,8,17.31,E,8,92.0,E,8,1008.6016999999999,E,8,999.0,E,8,2.02,E,8,-9900,?,9,-9900,?,9,2.713,E,8,-9900,?,9,-9900,?,9,27.13,99.0,E,8
11/07/2020,03:00,0.0,1391.735,0.0,1,8,0.0,1,8,0.0,1,8,0.0,1,8,0.0,1,8,0.0,1,8,-0.0,1,8,-9900,?,9,-9900,?,9,19.8,E,8,17.42,E,8,89.0,E,8,1008.6016999999999,E,8,999.0,E,8,2.41,E,8,-9900,?,9,-9900,?,9,0.13899999999999998,E,8,-9900,?,9,-9900,?,9,1.39,99.0,E,8
11/07/2020,04:00,0.0,1392.433,0.0,1,8,0.0,1,8,0.0,1,8,0.0,1,8,0.0,1,8,0.0,1,8,-0.0,1,8,-9900,?,9,-9900,?,9,19.58,E,8,17.54,E,8,87.0,E,8,1008.6016999999999,E,8,999.0,E,8,3.1,E,8,-9900,?,9,-9900,?,9,0.005,E,8,-9900,?,9,-9900,?,9,0.05,99.0,E,8
11/07/2020,05:00,0.0,1392.433,0.0,1,8,0.0,1,8,0.0,1,8,0.0,1,8,0.0,1,8,0.0,1,8,-0.0,1,8,-9900,?,9,-9900,?,9,19.39,E,8,17.63,E,8,88.0,E,8,1008.6016999999999,E,8,999.0,E,8,2.46,E,8,-9900,?,9,-9900,?,9,0.017,E,8,-9900,?,9,-9900,?,9,0.17,99.0,E,8
11/07/2020,06:00,142.648,1392.433,0.0,1,8,0.0,1,8,0.0,1,8,0.0,1,8,0.0,1,8,0.0,1,8,0.0,1,8,-9900,?,9,-9900,?,9,19.25,E,8,17.7,E,8,89.0,E,8,1008.6016999999999,E,8,999.0,E,8,2.67,E,8,-9900,?,9,-9900,?,9,0.002,E,8,-9900,?,9,-9900,?,9,0.02,99.0,E,8
11/07/2020,07:00,462.899,1392.433,42.62,1,8,0.0,1,8,42.62,1,8,5114.4,1,8,0.0,1,8,4688.2,1,8,40.904,1,8,-9900,?,9,-9900,?,9,19.1,E,8,17.78,E,8,90.0,E,8,1008.6016999999999,E,8,999.0,E,8,3.04,E,8,-9900,?,9,-9900,?,9,0.027000000000000003,E,8,-9900,?,9,-9900,?,9,0.27,99.0,E,8
11/07/2020,08:00,763.149,1392.433,122.85,1,8,0.0,1,8,122.85,1,8,14742.0,1,8,0.0,1,8,13513.5,1,8,71.398,1,8,-9900,?,9,-9900,?,9,19.87,E,8,17.39,E,8,85.0,E,8,1008.6016999999999,E,8,999.0,E,8,2.58,E,8,-9900,?,9,-9900,?,9,0.073,E,8,-9900,?,9,-9900,?,9,0.73,99.0,E,8
11/07/2020,09:00,1021.35,1392.433,199.48,1,8,2.696,1,8,197.503,1,8,23937.6,1,8,256.15,1,8,21725.303,1,8,85.73,1,8,-9900,?,9,-9900,?,9,20.23,E,8,17.2,E,8,83.0,E,8,1008.6016999999999,E,8,999.0,E,8,2.08,E,8,-9900,?,9,-9900,?,9,0.098,E,8,-9900,?,9,-9900,?,9,0.98,99.0,E,8
11/07/2020,10:00,1219.717,1392.433,170.48,1,8,2.75,1,8,168.072,1,8,20457.6,1,8,261.203,1,8,18487.893,1,8,61.08,1,8,-9900,?,9,-9900,?,9,20.34,E,8,17.14,E,8,83.0,E,8,1008.6016999999999,E,8,999.0,E,8,1.91,E,8,-9900,?,9,-9900,?,9,0.020999999999999998,E,8,-9900,?,9,-9900,?,9,0.21,99.0,E,8
11/07/2020,11:00,1344.692,1392.433,338.22,1,8,17.997,1,8,320.84,1,8,40586.4,1,8,1709.736,1,8,35292.422,1,8,105.755,1,8,-9900,?,9,-9900,?,9,20.72,E,8,16.94,E,8,81.0,E,8,1008.6016999999999,E,8,999.0,E,8,2.88,E,8,-9900,?,9,-9900,?,9,0.007000000000000001,E,8,-9900,?,9,-9900,?,9,0.07,99.0,E,8
11/07/2020,12:00,1387.754,1392.433,328.48,1,8,2.623,1,8,325.866,1,8,39417.6,1,8,249.213,1,8,35845.208,1,8,104.076,1,8,-9900,?,9,-9900,?,9,20.95,E,8,16.82,E,8,76.0,E,8,1008.6016999999999,E,8,999.0,E,8,2.53,E,8,-9900,?,9,-9900,?,9,0.0,E,8,-9900,?,9,-9900,?,9,0.0,0.0,E,8
11/07/2020,13:00,1345.98,1392.433,232.4,1,8,9.145,1,8,223.56,1,8,27888.0,1,8,868.805,1,8,24591.596,1,8,73.619,1,8,-9900,?,9,-9900,?,9,21.0,E,8,16.79,E,8,79.0,E,8,1008.6016999999999,E,8,999.0,E,8,2.23,E,8,-9900,?,9,-9900,?,9,0.004,E,8,-9900,?,9,-9900,?,9,0.04,99.0,E,8
11/07/2020,14:00,1222.24,1392.433,305.21,1,8,7.518,1,8,298.612,1,8,36625.2,1,8,714.185,1,8,32847.289,1,8,108.296,1,8,-9900,?,9,-9900,?,9,21.11,E,8,16.73,E,8,75.0,E,8,1008.6016999999999,E,8,999.0,E,8,2.09,E,8,-9900,?,9,-9900,?,9,0.0,E,8,-9900,?,9,-9900,?,9,0.0,0.0,E,8
11/07/2020,15:00,1025.003,1392.433,333.97,1,8,41.282,1,8,303.589,1,8,40076.4,1,8,3921.748,1,8,33394.813,1,8,131.309,1,8,-9900,?,9,-9900,?,9,21.23,E,8,16.67,E,8,75.0,E,8,1008.6016999999999,E,8,999.0,E,8,2.4,E,8,-9900,?,9,-9900,?,9,0.0,E,8,-9900,?,9,-9900,?,9,0.0,0.0,E,8
11/07/2020,16:00,767.783,1392.433,267.55,1,8,28.647,1,8,251.764,1,8,32106.0,1,8,2721.508,1,8,27694.093,1,8,145.436,1,8,-9900,?,9,-9900,?,9,21.26,E,8,16.65,E,8,74.0,E,8,1008.6016999999999,E,8,999.0,E,8,2.41,E,8,-9900,?,9,-9900,?,9,0.0,E,8,-9900,?,9,-9900,?,9,0.0,0.0,E,8
11/07/2020,17:00,468.317,1392.433,140.93,1,8,13.768,1,8,136.31,1,8,16911.6,1,8,1307.92,1,8,14994.108,1,8,129.301,1,8,-9900,?,9,-9900,?,9,21.13,E,8,16.72,E,8,75.0,E,8,1008.6016999999999,E,8,999.0,E,8,2.39,E,8,-9900,?,9,-9900,?,9,0.0,E,8,-9900,?,9,-9900,?,9,0.0,0.0,E,8
11/07/2020,18:00,148.535,1392.433,43.96,1,8,59.912,1,8,37.714,1,8,5275.2,1,8,5691.645,1,8,4148.569,1,8,115.156,1,8,-9900,?,9,-9900,?,9,20.89,E,8,16.85,E,8,80.0,E,8,1008.6016999999999,E,8,999.0,E,8,2.51,E,8,-9900,?,9,-9900,?,9,0.001,E,8,-9900,?,9,-9900,?,9,0.01,99.0,E,8
11/07/2020,19:00,0.0,1392.433,0.0,1,8,0.0,1,8,0.0,1,8,0.0,1,8,0.0,1,8,0.0,1,8,-0.0,1,8,-9900,?,9,-9900,?,9,20.69,E,8,16.96,E,8,81.0,E,8,1008.6016999999999,E,8,999.0,E,8,2.14,E,8,-9900,?,9,-9900,?,9,0.01,E,8,-9900,?,9,-9900,?,9,0.1,99.0,E,8
11/07/2020,20:00,0.0,1392.433,0.0,1,8,0.0,1,8,0.0,1,8,0.0,1,8,0.0,1,8,0.0,1,8,-0.0,1,8,-9900,?,9,-9900,?,9,20.5,E,8,17.06,E,8,82.0,E,8,1008.6016999999999,E,8,999.0,E,8,2.12,E,8,-9900,?,9,-9900,?,9,0.013000000000000001,E,8,-9900,?,9,-9900,?,9,0.13,99.0,E,8
11/07/2020,21:00,0.0,1392.433,0.0,1,8,0.0,1,8,0.0,1,8,0.0,1,8,0.0,1,8,0.0,1,8,-0.0,1,8,-9900,?,9,-9900,?,9,20.3,E,8,17.16,E,8,83.0,E,8,1008.6016999999999,E,8,999.0,E,8,2.23,E,8,-9900,?,9,-9900,?,9,0.05600000000000001,E,8,-9900,?,9,-9900,?,9,0.56,99.0,E,8
11/07/2020,22:00,0.0,1392.433,0.0,1,8,0.0,1,8,0.0,1,8,0.0,1,8,0.0,1,8,0.0,1,8,-0.0,1,8,-9900,?,9,-9900,?,9,20.11,E,8,17.26,E,8,84.0,E,8,1008.6016999999999,E,8,999.0,E,8,2.47,E,8,-9900,?,9,-9900,?,9,0.001,E,8,-9900,?,9,-9900,?,9,0.01,99.0,E,8
11/07/2020,23:00,0.0,1392.433,0.0,1,8,0.0,1,8,0.0,1,8,0.0,1,8,0.0,1,8,0.0,1,8,-0.0,1,8,-9900,?,9,-9900,?,9,19.91,E,8,17.37,E,8,85.0,E,8,1008.6016999999999,E,8,999.0,E,8,2.51,E,8,-9900,?,9,-9900,?,9,0.034999999999999996,E,8,-9900,?,9,-9900,?,9,0.35,99.0,E,8
11/07/2020,24:00,0.0,1392.433,0.0,1,8,0.0,1,8,0.0,1,8,0.0,1,8,0.0,1,8,0.0,1,8,-0.0,1,8,-9900,?,9,-9900,?,9,19.71,E,8,16.39,E,8,80.0,E,8,1008.6016999999999,E,8,999.0,E,8,2.48,E,8,-9900,?,9,-9900,?,9,0.011,E,8,-9900,?,9,-9900,?,9,0.11,99.0,E,8
11/08/2020,01:00,0.0,1392.433,0.0,1,8,0.0,1,8,0.0,1,8,0.0,1,8,0.0,1,8,0.0,1,8,-0.0,1,8,-9900,?,9,-9900,?,9,19.61,E,8,16.42,E,8,84.0,E,8,1008.6016999999999,E,8,999.0,E,8,3.16,E,8,-9900,?,9,-9900,?,9,0.11499999999999999,E,8,-9900,?,9,-9900,?,9,1.15,99.0,E,8
11/08/2020,02:00,0.0,1392.433,0.0,1,8,0.0,1,8,0.0,1,8,0.0,1,8,0.0,1,8,0.0,1,8,-0.0,1,8,-9900,?,9,-9900,?,9,19.52,E,8,16.45,E,8,81.0,E,8,1008.6016999999999,E,8,999.0,E,8,3.31,E,8,-9900,?,9,-9900,?,9,0.065,E,8,-9900,?,9,-9900,?,9,0.65,99.0,E,8
11/08/2020,03:00,0.0,1392.433,0.0,1,8,0.0,1,8,0.0,1,8,0.0,1,8,0.0,1,8,0.0,1,8,-0.0,1,8,-9900,?,9,-9900,?,9,19.42,E,8,16.48,E,8,82.0,E,8,1008.6016999999999,E,8,999.0,E,8,4.04,E,8,-9900,?,9,-9900,?,9,0.043,E,8,-9900,?,9,-9900,?,9,0.43,99.0,E,8
11/08/2020,04:00,0.0,1393.124,0.0,1,8,0.0,1,8,0.0,1,8,0.0,1,8,0.0,1,8,0.0,1,8,-0.0,1,8,-9900,?,9,-9900,?,9,19.32,E,8,16.51,E,8,82.0,E,8,1008.6016999999999,E,8,999.0,E,8,3.22,E,8,-9900,?,9,-9900,?,9,0.03,E,8,-9900,?,9,-9900,?,9,0.3,99.0,E,8
11/08/2020,05:00,0.0,1393.124,0.0,1,8,0.0,1,8,0.0,1,8,0.0,1,8,0.0,1,8,0.0,1,8,-0.0,1,8,-9900,?,9,-9900,?,9,19.23,E,8,16.54,E,8,79.0,E,8,1008.6016999999999,E,8,999.0,E,8,2.68,E,8,-9900,?,9,-9900,?,9,0.0,E,8,-9900,?,9,-9900,?,9,0.0,0.0,E,8
11/08/2020,06:00,144.777,1393.124,0.0,1,8,0.0,1,8,0.0,1,8,0.0,1,8,0.0,1,8,0.0,1,8,0.0,1,8,-9900,?,9,-9900,?,9,19.17,E,8,16.56,E,8,83.0,E,8,1008.6016999999999,E,8,999.0,E,8,2.16,E,8,-9900,?,9,-9900,?,9,0.016,E,8,-9900,?,9,-9900,?,9,0.16,99.0,E,8
11/08/2020,07:00,464.745,1393.124,51.22,1,8,0.0,1,8,51.22,1,8,6146.4,1,8,0.0,1,8,5634.2,1,8,48.986,1,8,-9900,?,9,-9900,?,9,19.1,E,8,16.58,E,8,83.0,E,8,1008.6016999999999,E,8,999.0,E,8,3.03,E,8,-9900,?,9,-9900,?,9,0.022,E,8,-9900,?,9,-9900,?,9,0.22,99.0,E,8
11/08/2020,08:00,764.725,1393.124,146.74,1,8,0.0,1,8,146.74,1,8,17608.8,1,8,0.0,1,8,16141.4,1,8,85.149,1,8,-9900,?,9,-9900,?,9,20.29,E,8,16.21,E,8,85.0,E,8,1008.6016999999999,E,8,999.0,E,8,2.25,E,8,-9900,?,9,-9900,?,9,1.576,E,8,-9900,?,9,-9900,?,9,15.76,99.0,E,8
11/08/2020,09:00,1022.717,1393.124,295.27,1,8,12.574,1,8,286.042,1,8,35432.4,1,8,1194.503,1,8,31464.591,1,8,124.057,1,8,-9900,?,9,-9900,?,9,21.08,E,8,15.96,E,8,74.0,E,8,1008.6016999999999,E,8,999.0,E,8,1.87,E,8,-9900,?,9,-9900,?,9,0.001,E,8,-9900,?,9,-9900,?,9,0.01,99.0,E,8
11/08/2020,10:00,1220.956,1393.124,298.47,1,8,8.038,1,8,291.426,1,8,35816.4,1,8,763.643,1,8,32056.827,1,8,105.854,1,8,-9900,?,9,-9900,?,9,21.48,E,8,15.83,E,8,68.0,E,8,1008.6016999999999,E,8,999.0,E,8,1.87,E,8,-9900,?,9,-9900,?,9,0.0,E,8,-9900,?,9,-9900,?,9,0.0,0.0,E,8
11/08/2020,11:00,1345.89,1393.124,328.91,1,8,16.309,1,8,313.155,1,8,39469.2,1,8,1549.329,1,8,34447.001,1,8,103.181,1,8,-9900,?,9,-9900,?,9,21.79,E,8,15.73,E,8,67.0,E,8,1008.6016999999999,E,8,999.0,E,8,1.87,E,8,-9900,?,9,-9900,?,9,0.0,E,8,-9900,?,9,-9900,?,9,0.0,0.0,E,8
11/08/2020,12:00,1389.001,1393.124,319.92,1,8,3.887,1,8,316.044,1,8,38390.4,1,8,369.304,1,8,34764.85,1,8,100.899,1,8,-9900,?,9,-9900,?,9,21.98,E,8,15.67,E,8,66.0,E,8,1008.6016999999999,E,8,999.0,E,8,1.89,E,8,-9900,?,9,-9900,?,9,0.0,E,8,-9900,?,9,-9900,?,9,0.0,0.0,E,8
11/08/2020,13:00,1347.365,1393.124,405.41,1,8,39.014,1,8,367.678,1,8,48649.2,1,8,3706.336,1,8,40444.599,1,8,121.013,1,8,-9900,?,9,-9900,?,9,22.27,E,8,15.57,E,8,65.0,E,8,1008.6016999999999,E,8,999.0,E,8,1.87,E,8,-9900,?,9,-9900,?,9,0.0,E,8,-9900,?,9,-9900,?,9,0.0,0.0,E,8
11/08/2020,14:00,1223.84,1393.124,297.98,1,8,1.812,1,8,296.388,1,8,35757.6,1,8,172.123,1,8,32602.732,1,8,107.402,1,8,-9900,?,9,-9900,?,9,22.32,E,8,15.56,E,8,65.0,E,8,1008.6016999999999,E,8,999.0,E,8,1.87,E,8,-9900,?,9,-9900,?,9,0.0,E,8,-9900,?,9,-9900,?,9,0.0,0.0,E,8
11/08/2020,15:00,1026.882,1393.124,314.91,1,8,32.425,1,8,291.016,1,8,37789.2,1,8,3080.331,1,8,32011.71,1,8,125.702,1,8,-9900,?,9,-9900,?,9,22.38,E,8,15.54,E,8,68.0,E,8,1008.6016999999999,E,8,999.0,E,8,1.87,E,8,-9900,?,9,-9900,?,9,0.006,E,8,-9900,?,9,-9900,?,9,0.06,99.0,E,8
11/08/2020,16:00,769.983,1393.124,239.52,1,8,16.568,1,8,230.369,1,8,28742.4,1,8,1573.966,1,8,25340.578,1,8,132.761,1,8,-9900,?,9,-9900,?,9,22.31,E,8,15.56,E,8,68.0,E,8,1008.6016999999999,E,8,999.0,E,8,1.87,E,8,-9900,?,9,-9900,?,9,0.002,E,8,-9900,?,9,-9900,?,9,0.02,99.0,E,8
11/08/2020,17:00,470.856,1393.124,148.56,1,8,18.667,1,8,142.265,1,8,17827.2,1,8,1773.341,1,8,15649.158,1,8,134.285,1,8,-9900,?,9,-9900,?,9,22.09,E,8,15.63,E,8,66.0,E,8,1008.6016999999999,E,8,999.0,E,8,1.87,E,8,-9900,?,9,-9900,?,9,0.0,E,8,-9900,?,9,-9900,?,9,0.0,0.0,E,8
11/08/2020,18:00,151.37,1393.124,53.02,1,8,144.808,1,8,37.631,1,8,6362.4,1,8,13756.741,1,8,4139.463,1,8,112.719,1,8,-9900,?,9,-9900,?,9,21.74,E,8,15.75,E,8,67.0,E,8,1008.6016999999999,E,8,999.0,E,8,1.87,E,8,-9900,?,9,-9900,?,9,0.0,E,8,-9900,?,9,-9900,?,9,0.0,0.0,E,8
11/08/2020,19:00,0.0,1393.124,0.0,1,8,0.0,1,8,0.0,1,8,0.0,1,8,0.0,1,8,0.0,1,8,-0.0,1,8,-9900,?,9,-9900,?,9,21.46,E,8,15.84,E,8,68.0,E,8,1008.6016999999999,E,8,999.0,E,8,1.87,E,8,-9900,?,9,-9900,?,9,0.0,E,8,-9900,?,9,-9900,?,9,0.0,0.0,E,8
11/08/2020,20:00,0.0,1393.124,0.0,1,8,0.0,1,8,0.0,1,8,0.0,1,8,0.0,1,8,0.0,1,8,-0.0,1,8,-9900,?,9,-9900,?,9,21.18,E,8,15.93,E,8,70.0,E,8,1008.6016999999999,E,8,999.0,E,8,1.87,E,8,-9900,?,9,-9900,?,9,0.0,E,8,-9900,?,9,-9900,?,9,0.0,0.0,E,8
11/08/2020,21:00,0.0,1393.124,0.0,1,8,0.0,1,8,0.0,1,8,0.0,1,8,0.0,1,8,0.0,1,8,-0.0,1,8,-9900,?,9,-9900,?,9,20.9,E,8,16.02,E,8,74.0,E,8,1008.6016999999999,E,8,999.0,E,8,1.87,E,8,-9900,?,9,-9900,?,9,0.008,E,8,-9900,?,9,-9900,?,9,0.08,99.0,E,8
11/08/2020,22:00,0.0,1393.124,0.0,1,8,0.0,1,8,0.0,1,8,0.0,1,8,0.0,1,8,0.0,1,8,-0.0,1,8,-9900,?,9,-9900,?,9,20.62,E,8,16.11,E,8,76.0,E,8,1008.6016999999999,E,8,999.0,E,8,1.87,E,8,-9900,?,9,-9900,?,9,0.001,E,8,-9900,?,9,-9900,?,9,0.01,99.0,E,8
11/08/2020,23:00,0.0,1393.124,0.0,1,8,0.0,1,8,0.0,1,8,0.0,1,8,0.0,1,8,0.0,1,8,-0.0,1,8,-9900,?,9,-9900,?,9,20.34,E,8,16.19,E,8,77.0,E,8,1008.6016999999999,E,8,999.0,E,8,1.87,E,8,-9900,?,9,-9900,?,9,0.004,E,8,-9900,?,9,-9900,?,9,0.04,99.0,E,8
11/08/2020,24:00,0.0,1393.124,0.0,1,8,0.0,1,8,0.0,1,8,0.0,1,8,0.0,1,8,0.0,1,8,-0.0,1,8,-9900,?,9,-9900,?,9,20.06,E,8,15.32,E,8,75.0,E,8,1008.6016999999999,E,8,999.0,E,8,1.71,E,8,-9900,?,9,-9900,?,9,0.005,E,8,-9900,?,9,-9900,?,9,0.05,99.0,E,8
11/09/2020,01:00,0.0,1393.124,0.0,1,8,0.0,1,8,0.0,1,8,0.0,1,8,0.0,1,8,0.0,1,8,-0.0,1,8,-9900,?,9,-9900,?,9,19.92,E,8,15.45,E,8,76.0,E,8,1008.6016999999999,E,8,999.0,E,8,1.71,E,8,-9900,?,9,-9900,?,9,0.018,E,8,-9900,?,9,-9900,?,9,0.18,99.0,E,8
11/09/2020,02:00,0.0,1393.124,0.0,1,8,0.0,1,8,0.0,1,8,0.0,1,8,0.0,1,8,0.0,1,8,-0.0,1,8,-9900,?,9,-9900,?,9,19.78,E,8,15.57,E,8,77.0,E,8,1008.6016999999999,E,8,999.0,E,8,1.71,E,8,-9900,?,9,-9900,?,9,0.003,E,8,-9900,?,9,-9900,?,9,0.03,99.0,E,8
11/09/2020,03:00,0.0,1393.124,0.0,1,8,0.0,1,8,0.0,1,8,0.0,1,8,0.0,1,8,0.0,1,8,-0.0,1,8,-9900,?,9,-9900,?,9,19.64,E,8,15.69,E,8,78.0,E,8,1008.6016999999999,E,8,999.0,E,8,1.71,E,8,-9900,?,9,-9900,?,9,0.05500000000000001,E,8,-9900,?,9,-9900,?,9,0.55,99.0,E,8
11/09/2020,04:00,0.0,1393.807,0.0,1,8,0.0,1,8,0.0,1,8,0.0,1,8,0.0,1,8,0.0,1,8,-0.0,1,8,-9900,?,9,-9900,?,9,19.51,E,8,15.81,E,8,79.0,E,8,1008.6016999999999,E,8,999.0,E,8,1.71,E,8,-9900,?,9,-9900,?,9,0.002,E,8,-9900,?,9,-9900,?,9,0.02,99.0,E,8
11/09/2020,05:00,0.0,1393.807,0.0,1,8,0.0,1,8,0.0,1,8,0.0,1,8,0.0,1,8,0.0,1,8,-0.0,1,8,-9900,?,9,-9900,?,9,19.38,E,8,15.92,E,8,80.0,E,8,1008.6016999999999,E,8,999.0,E,8,1.71,E,8,-9900,?,9,-9900,?,9,0.026000000000000002,E,8,-9900,?,9,-9900,?,9,0.26,99.0,E,8
11/09/2020,06:00,146.79,1393.807,0.0,1,8,0.0,1,8,0.0,1,8,0.0,1,8,0.0,1,8,0.0,1,8,0.0,1,8,-9900,?,9,-9900,?,9,19.29,E,8,16.0,E,8,81.0,E,8,1008.6016999999999,E,8,999.0,E,8,1.71,E,8,-9900,?,9,-9900,?,9,0.01,E,8,-9900,?,9,-9900,?,9,0.1,99.0,E,8
11/09/2020,07:00,466.472,1393.807,44.0,1,8,0.0,1,8,44.0,1,8,5280.0,1,8,0.0,1,8,4840.0,1,8,41.945,1,8,-9900,?,9,-9900,?,9,19.2,E,8,16.07,E,8,82.0,E,8,1008.6016999999999,E,8,999.0,E,8,1.71,E,8,-9900,?,9,-9900,?,9,0.013000000000000001,E,8,-9900,?,9,-9900,?,9,0.13,99.0,E,8
11/09/2020,08:00,766.187,1393.807,125.36,1,8,0.0,1,8,125.36,1,8,15043.2,1,8,0.0,1,8,13789.6,1,8,72.639,1,8,-9900,?,9,-9900,?,9,20.23,E,8,15.17,E,8,70.0,E,8,1008.6016999999999,E,8,999.0,E,8,1.71,E,8,-9900,?,9,-9900,?,9,0.0,E,8,-9900,?,9,-9900,?,9,0.0,0.0,E,8
11/09/2020,09:00,1023.981,1393.807,203.05,1,8,1.183,1,8,202.181,1,8,24366.0,1,8,112.389,1,8,22239.918,1,8,87.621,1,8,-9900,?,9,-9900,?,9,20.71,E,8,14.73,E,8,66.0,E,8,1008.6016999999999,E,8,999.0,E,8,1.71,E,8,-9900,?,9,-9900,?,9,0.0,E,8,-9900,?,9,-9900,?,9,0.0,0.0,E,8
11/09/2020,10:00,1222.105,1393.807,267.59,1,8,4.816,1,8,263.367,1,8,32110.8,1,8,457.555,1,8,28970.406,1,8,95.619,1,8,-9900,?,9,-9900,?,9,21.15,E,8,14.32,E,8,63.0,E,8,1008.6016999999999,E,8,999.0,E,8,1.71,E,8,-9900,?,9,-9900,?,9,0.0,E,8,-9900,?,9,-9900,?,9,0.0,0.0,E,8
11/09/2020,11:00,1347.016,1393.807,313.6,1,8,3.486,1,8,310.231,1,8,37632.0,1,8,331.149,1,8,34125.444,1,8,102.182,1,8,-9900,?,9,-9900,?,9,21.52,E,8,13.97,E,8,61.0,E,8,1008.6016999999999,E,8,999.0,E,8,1.76,E,8,-9900,?,9,-9900,?,9,0.0,E,8,-9900,?,9,-9900,?,9,0.0,0.0,E,8
11/09/2020,12:00,1390.197,1393.807,266.75,1,8,3.21,1,8,263.548,1,8,32010.0,1,8,304.966,1,8,28990.296,1,8,84.108,1,8,-9900,?,9,-9900,?,9,21.67,E,8,13.82,E,8,60.0,E,8,1008.6016999999999,E,8,999.0,E,8,1.71,E,8,-9900,?,9,-9900,?,9,0.0,E,8,-9900,?,9,-9900,?,9,0.0,0.0,E,8
11/09/2020,13:00,1348.718,1393.807,337.84,1,8,16.96,1,8,321.429,1,8,40540.8,1,8,1611.183,1,8,35357.205,1,8,105.737,1,8,-9900,?,9,-9900,?,9,21.91,E,8,13.59,E,8,58.0,E,8,1008.6016999999999,E,8,999.0,E,8,1.71,E,8,-9900,?,9,-9900,?,9,0.0,E,8,-9900,?,9,-9900,?,9,0.0,0.0,E,8
11/09/2020,14:00,1225.429,1393.807,314.31,1,8,11.86,1,8,303.883,1,8,37717.2,1,8,1126.738,1,8,33427.162,1,8,110.029,1,8,-9900,?,9,-9900,?,9,22.05,E,8,13.45,E,8,58.0,E,8,1008.6016999999999,E,8,999.0,E,8,1.71,E,8,-9900,?,9,-9900,?,9,0.0,E,8,-9900,?,9,-9900,?,9,0.0,0.0,E,8
11/09/2020,15:00,1028.766,1393.807,268.74,1,8,7.773,1,8,263.004,1,8,32248.8,1,8,738.415,1,8,28930.476,1,8,113.45,1,8,-9900,?,9,-9900,?,9,22.09,E,8,13.41,E,8,57.0,E,8,1008.6016999999999,E,8,999.0,E,8,1.71,E,8,-9900,?,9,-9900,?,9,0.0,E,8,-9900,?,9,-9900,?,9,0.0,0.0,E,8
11/09/2020,16:00,772.203,1393.807,204.57,1,8,6.619,1,8,200.905,1,8,24548.4,1,8,628.851,1,8,22099.557,1,8,115.505,1,8,-9900,?,9,-9900,?,9,22.03,E,8,13.47,E,8,58.0,E,8,1008.6016999999999,E,8,999.0,E,8,1.71,E,8,-9900,?,9,-9900,?,9,0.0,E,8,-9900,?,9,-9900,?,9,0.0,0.0,E,8
11/09/2020,17:00,473.426,1393.807,107.9,1,8,0.0,1,8,107.9,1,8,12948.0,1,8,0.0,1,8,11869.0,1,8,101.342,1,8,-9900,?,9,-9900,?,9,21.79,E,8,13.7,E,8,63.0,E,8,1008.6016999999999,E,8,999.0,E,8,1.71,E,8,-9900,?,9,-9900,?,9,0.001,E,8,-9900,?,9,-9900,?,9,0.01,99.0,E,8
11/09/2020,18:00,154.242,1393.807,45.75,1,8,69.799,1,8,38.19,1,8,5490.0,1,8,6630.94,1,8,4200.88,1,8,112.232,1,8,-9900,?,9,-9900,?,9,21.48,E,8,14.01,E,8,65.0,E,8,1008.6016999999999,E,8,999.0,E,8,1.71,E,8,-9900,?,9,-9900,?,9,0.036,E,8,-9900,?,9,-9900,?,9,0.36,99.0,E,8
11/09/2020,19:00,0.0,1393.807,0.0,1,8,0.0,1,8,0.0,1,8,0.0,1,8,0.0,1,8,0.0,1,8,-0.0,1,8,-9900,?,9,-9900,?,9,21.3,E,8,14.18,E,8,75.0,E,8,1008.6016999999999,E,8,999.0,E,8,1.71,E,8,-9900,?,9,-9900,?,9,1.327,E,8,-9900,?,9,-9900,?,9,13.27,99.0,E,8
11/09/2020,20:00,0.0,1393.807,0.0,1,8,0.0,1,8,0.0,1,8,0.0,1,8,0.0,1,8,0.0,1,8,-0.0,1,8,-9900,?,9,-9900,?,9,21.12,E,8,14.35,E,8,68.0,E,8,1008.6016999999999,E,8,999.0,E,8,1.71,E,8,-9900,?,9,-9900,?,9,0.097,E,8,-9900,?,9,-9900,?,9,0.97,99.0,E,8
11/09/2020,21:00,0.0,1393.807,0.0,1,8,0.0,1,8,0.0,1,8,0.0,1,8,0.0,1,8,0.0,1,8,-0.0,1,8,-9900,?,9,-9900,?,9,20.94,E,8,14.52,E,8,65.0,E,8,1008.6016999999999,E,8,999.0,E,8,1.71,E,8,-9900,?,9,-9900,?,9,0.0,E,8,-9900,?,9,-9900,?,9,0.0,0.0,E,8
11/09/2020,22:00,0.0,1393.807,0.0,1,8,0.0,1,8,0.0,1,8,0.0,1,8,0.0,1,8,0.0,1,8,-0.0,1,8,-9900,?,9,-9900,?,9,20.76,E,8,14.69,E,8,66.0,E,8,1008.6016999999999,E,8,999.0,E,8,1.71,E,8,-9900,?,9,-9900,?,9,0.0,E,8,-9900,?,9,-9900,?,9,0.0,0.0,E,8
11/09/2020,23:00,0.0,1393.807,0.0,1,8,0.0,1,8,0.0,1,8,0.0,1,8,0.0,1,8,0.0,1,8,-0.0,1,8,-9900,?,9,-9900,?,9,20.58,E,8,14.85,E,8,71.0,E,8,1008.6016999999999,E,8,999.0,E,8,1.71,E,8,-9900,?,9,-9900,?,9,0.007000000000000001,E,8,-9900,?,9,-9900,?,9,0.07,99.0,E,8
11/09/2020,24:00,0.0,1393.807,0.0,1,8,0.0,1,8,0.0,1,8,0.0,1,8,0.0,1,8,0.0,1,8,-0.0,1,8,-9900,?,9,-9900,?,9,20.4,E,8,15.16,E,8,71.0,E,8,1008.6016999999999,E,8,999.0,E,8,1.62,E,8,-9900,?,9,-9900,?,9,0.0,E,8,-9900,?,9,-9900,?,9,0.0,0.0,E,8
11/10/2020,01:00,0.0,1393.807,0.0,1,8,0.0,1,8,0.0,1,8,0.0,1,8,0.0,1,8,0.0,1,8,-0.0,1,8,-9900,?,9,-9900,?,9,20.31,E,8,15.21,E,8,72.0,E,8,1008.6016999999999,E,8,999.0,E,8,1.62,E,8,-9900,?,9,-9900,?,9,0.0,E,8,-9900,?,9,-9900,?,9,0.0,0.0,E,8
11/10/2020,02:00,0.0,1393.807,0.0,1,8,0.0,1,8,0.0,1,8,0.0,1,8,0.0,1,8,0.0,1,8,-0.0,1,8,-9900,?,9,-9900,?,9,20.22,E,8,15.25,E,8,73.0,E,8,1008.6016999999999,E,8,999.0,E,8,1.62,E,8,-9900,?,9,-9900,?,9,0.0,E,8,-9900,?,9,-9900,?,9,0.0,0.0,E,8
11/10/2020,03:00,0.0,1393.807,0.0,1,8,0.0,1,8,0.0,1,8,0.0,1,8,0.0,1,8,0.0,1,8,-0.0,1,8,-9900,?,9,-9900,?,9,20.13,E,8,15.29,E,8,73.0,E,8,1008.6016999999999,E,8,999.0,E,8,1.62,E,8,-9900,?,9,-9900,?,9,0.0,E,8,-9900,?,9,-9900,?,9,0.0,0.0,E,8
11/10/2020,04:00,0.0,1394.482,0.0,1,8,0.0,1,8,0.0,1,8,0.0,1,8,0.0,1,8,0.0,1,8,-0.0,1,8,-9900,?,9,-9900,?,9,20.04,E,8,15.33,E,8,74.0,E,8,1008.6016999999999,E,8,999.0,E,8,1.62,E,8,-9900,?,9,-9900,?,9,0.0,E,8,-9900,?,9,-9900,?,9,0.0,0.0,E,8
11/10/2020,05:00,0.0,1394.482,0.0,1,8,0.0,1,8,0.0,1,8,0.0,1,8,0.0,1,8,0.0,1,8,-0.0,1,8,-9900,?,9,-9900,?,9,19.96,E,8,15.37,E,8,74.0,E,8,1008.6016999999999,E,8,999.0,E,8,1.62,E,8,-9900,?,9,-9900,?,9,0.0,E,8,-9900,?,9,-9900,?,9,0.0,0.0,E,8
11/10/2020,06:00,148.686,1394.482,0.0,1,8,0.0,1,8,0.0,1,8,0.0,1,8,0.0,1,8,0.0,1,8,0.0,1,8,-9900,?,9,-9900,?,9,19.9,E,8,15.4,E,8,75.0,E,8,1008.6016999999999,E,8,999.0,E,8,1.62,E,8,-9900,?,9,-9900,?,9,0.0,E,8,-9900,?,9,-9900,?,9,0.0,0.0,E,8
11/10/2020,07:00,468.081,1394.482,101.65,1,8,0.0,1,8,101.65,1,8,12198.0,1,8,0.0,1,8,11181.5,1,8,96.614,1,8,-9900,?,9,-9900,?,9,19.84,E,8,15.42,E,8,75.0,E,8,1008.6016999999999,E,8,999.0,E,8,1.62,E,8,-9900,?,9,-9900,?,9,0.0,E,8,-9900,?,9,-9900,?,9,0.0,0.0,E,8
11/10/2020,08:00,767.535,1394.482,170.73,1,8,1.136,1,8,170.105,1,8,20487.6,1,8,107.962,1,8,18711.54,1,8,98.441,1,8,-9900,?,9,-9900,?,9,21.28,E,8,14.74,E,8,66.0,E,8,1008.6016999999999,E,8,999.0,E,8,1.62,E,8,-9900,?,9,-9900,?,9,0.0,E,8,-9900,?,9,-9900,?,9,0.0,0.0,E,8
11/10/2020,09:00,1025.143,1394.482,361.46,1,8,27.967,1,8,340.906,1,8,43375.2,1,8,2656.825,1,8,37499.628,1,8,147.646,1,8,-9900,?,9,-9900,?,9,22.07,E,8,14.36,E,8,61.0,E,8,1008.6016999999999,E,8,999.0,E,8,1.62,E,8,-9900,?,9,-9900,?,9,0.0,E,8,-9900,?,9,-9900,?,9,0.0,0.0,E,8
11/10/2020,10:00,1223.167,1394.482,595.77,1,8,188.431,1,8,430.503,1,8,71492.4,1,8,17900.925,1,8,47355.315,1,8,156.24,1,8,-9900,?,9,-9900,?,9,23.09,E,8,13.85,E,8,56.0,E,8,1008.6016999999999,E,8,999.0,E,8,1.62,E,8,-9900,?,9,-9900,?,9,0.0,E,8,-9900,?,9,-9900,?,9,0.0,0.0,E,8
11/10/2020,11:00,1348.072,1394.482,566.39,1,8,84.392,1,8,484.808,1,8,67966.8,1,8,8017.266,1,8,53328.885,1,8,159.635,1,8,-9900,?,9,-9900,?,9,23.64,E,8,13.57,E,8,53.0,E,8,1008.6016999999999,E,8,999.0,E,8,1.62,E,8,-9900,?,9,-9900,?,9,0.0,E,8,-9900,?,9,-9900,?,9,0.0,0.0,E,8
11/10/2020,12:00,1391.343,1394.482,645.18,1,8,164.24,1,8,481.31,1,8,77421.6,1,8,15602.778,1,8,52944.112,1,8,153.552,1,8,-9900,?,9,-9900,?,9,24.14,E,8,13.31,E,8,50.0,E,8,1008.6016999999999,E,8,999.0,E,8,1.62,E,8,-9900,?,9,-9900,?,9,0.0,E,8,-9900,?,9,-9900,?,9,0.0,0.0,E,8
11/10/2020,13:00,1350.042,1394.482,818.2,1,8,343.772,1,8,485.39,1,8,98184.0,1,8,32658.328,1,8,53392.898,1,8,159.593,1,8,-9900,?,9,-9900,?,9,24.76,E,8,12.98,E,8,47.0,E,8,1008.6016999999999,E,8,999.0,E,8,1.94,E,8,-9900,?,9,-9900,?,9,0.0,E,8,-9900,?,9,-9900,?,9,0.0,0.0,E,8
11/10/2020,14:00,1227.007,1394.482,850.8,1,8,549.114,1,8,367.675,1,8,102096.0,1,8,52165.813,1,8,40444.267,1,8,133.02,1,8,-9900,?,9,-9900,?,9,25.27,E,8,12.7,E,8,45.0,E,8,1008.6016999999999,E,8,999.0,E,8,2.27,E,8,-9900,?,9,-9900,?,9,0.0,E,8,-9900,?,9,-9900,?,9,0.0,0.0,E,8
11/10/2020,15:00,1030.658,1394.482,830.54,1,8,632.232,1,8,363.373,1,8,99664.8,1,8,60062.081,1,8,39970.993,1,8,156.533,1,8,-9900,?,9,-9900,?,9,25.64,E,8,12.5,E,8,44.0,E,8,1008.6016999999999,E,8,999.0,E,8,2.3,E,8,-9900,?,9,-9900,?,9,0.0,E,8,-9900,?,9,-9900,?,9,0.0,0.0,E,8
11/10/2020,16:00,774.444,1394.482,613.01,1,8,712.126,1,8,217.781,1,8,73561.2,1,8,67651.979,1,8,23955.898,1,8,124.904,1,8,-9900,?,9,-9900,?,9,25.71,E,8,12.46,E,8,43.0,E,8,1008.6016999999999,E,8,999.0,E,8,2.03,E,8,-9900,?,9,-9900,?,9,0.0,E,8,-9900,?,9,-9900,?,9,0.0,0.0,E,8
11/10/2020,17:00,476.027,1394.482,407.79,1,8,690.135,1,8,172.72,1,8,48934.8,1,8,65562.867,1,8,18999.183,1,8,161.41,1,8,-9900,?,9,-9900,?,9,25.47,E,8,12.59,E,8,44.0,E,8,1008.6016999999999,E,8,999.0,E,8,1.62,E,8,-9900,?,9,-9900,?,9,0.0,E,8,-9900,?,9,-9900,?,9,0.0,0.0,E,8
11/10/2020,18:00,157.15,1394.482,102.18,1,8,449.904,1,8,52.519,1,8,12261.6,1,8,42740.917,1,8,5777.1,1,8,151.451,1,8,-9900,?,9,-9900,?,9,24.81,E,8,12.95,E,8,47.0,E,8,1008.6016999999999,E,8,999.0,E,8,1.62,E,8,-9900,?,9,-9900,?,9,0.0,E,8,-9900,?,9,-9900,?,9,0.0,0.0,E,8
11/10/2020,19:00,0.0,1394.482,0.0,1,8,0.0,1,8,0.0,1,8,0.0,1,8,0.0,1,8,0.0,1,8,-0.0,1,8,-9900,?,9,-9900,?,9,24.25,E,8,13.25,E,8,50.0,E,8,1008.6016999999999,E,8,999.0,E,8,1.62,E,8,-9900,?,9,-9900,?,9,0.0,E,8,-9900,?,9,-9900,?,9,0.0,0.0,E,8
11/10/2020,20:00,0.0,1394.482,0.0,1,8,0.0,1,8,0.0,1,8,0.0,1,8,0.0,1,8,0.0,1,8,-0.0,1,8,-9900,?,9,-9900,?,9,23.7,E,8,13.54,E,8,52.0,E,8,1008.6016999999999,E,8,999.0,E,8,1.62,E,8,-9900,?,9,-9900,?,9,0.0,E,8,-9900,?,9,-9900,?,9,0.0,0.0,E,8
11/10/2020,21:00,0.0,1394.482,0.0,1,8,0.0,1,8,0.0,1,8,0.0,1,8,0.0,1,8,0.0,1,8,-0.0,1,8,-9900,?,9,-9900,?,9,23.14,E,8,13.82,E,8,55.0,E,8,1008.6016999999999,E,8,999.0,E,8,1.62,E,8,-9900,?,9,-9900,?,9,0.0,E,8,-9900,?,9,-9900,?,9,0.0,0.0,E,8
11/10/2020,22:00,0.0,1394.482,0.0,1,8,0.0,1,8,0.0,1,8,0.0,1,8,0.0,1,8,0.0,1,8,-0.0,1,8,-9900,?,9,-9900,?,9,22.58,E,8,14.11,E,8,58.0,E,8,1008.6016999999999,E,8,999.0,E,8,1.62,E,8,-9900,?,9,-9900,?,9,0.0,E,8,-9900,?,9,-9900,?,9,0.0,0.0,E,8
11/10/2020,23:00,0.0,1394.482,0.0,1,8,0.0,1,8,0.0,1,8,0.0,1,8,0.0,1,8,0.0,1,8,-0.0,1,8,-9900,?,9,-9900,?,9,22.02,E,8,14.38,E,8,61.0,E,8,1008.6016999999999,E,8,999.0,E,8,1.62,E,8,-9900,?,9,-9900,?,9,0.0,E,8,-9900,?,9,-9900,?,9,0.0,0.0,E,8
11/10/2020,24:00,0.0,1394.482,0.0,1,8,0.0,1,8,0.0,1,8,0.0,1,8,0.0,1,8,0.0,1,8,-0.0,1,8,-9900,?,9,-9900,?,9,21.47,E,8,18.36,E,8,84.0,E,8,1008.6016999999999,E,8,999.0,E,8,0.74,E,8,-9900,?,9,-9900,?,9,0.05,E,8,-9900,?,9,-9900,?,9,0.5,99.0,E,8
11/11/2020,01:00,0.0,1394.482,0.0,1,8,0.0,1,8,0.0,1,8,0.0,1,8,0.0,1,8,0.0,1,8,-0.0,1,8,-9900,?,9,-9900,?,9,21.19,E,8,18.47,E,8,85.0,E,8,1008.6016999999999,E,8,999.0,E,8,0.74,E,8,-9900,?,9,-9900,?,9,0.001,E,8,-9900,?,9,-9900,?,9,0.01,99.0,E,8
11/11/2020,02:00,0.0,1394.482,0.0,1,8,0.0,1,8,0.0,1,8,0.0,1,8,0.0,1,8,0.0,1,8,-0.0,1,8,-9900,?,9,-9900,?,9,20.91,E,8,18.58,E,8,87.0,E,8,1008.6016999999999,E,8,999.0,E,8,0.74,E,8,-9900,?,9,-9900,?,9,0.014000000000000002,E,8,-9900,?,9,-9900,?,9,0.14,99.0,E,8
11/11/2020,03:00,0.0,1394.482,0.0,1,8,0.0,1,8,0.0,1,8,0.0,1,8,0.0,1,8,0.0,1,8,-0.0,1,8,-9900,?,9,-9900,?,9,20.63,E,8,18.69,E,8,89.0,E,8,1008.6016999999999,E,8,999.0,E,8,0.74,E,8,-9900,?,9,-9900,?,9,0.02,E,8,-9900,?,9,-9900,?,9,0.2,99.0,E,8
11/11/2020,04:00,0.0,1395.149,0.0,1,8,0.0,1,8,0.0,1,8,0.0,1,8,0.0,1,8,0.0,1,8,-0.0,1,8,-9900,?,9,-9900,?,9,20.35,E,8,18.8,E,8,91.0,E,8,1008.6016999999999,E,8,999.0,E,8,0.74,E,8,-9900,?,9,-9900,?,9,0.004,E,8,-9900,?,9,-9900,?,9,0.04,99.0,E,8
11/11/2020,05:00,0.0,1395.149,0.0,1,8,0.0,1,8,0.0,1,8,0.0,1,8,0.0,1,8,0.0,1,8,-0.0,1,8,-9900,?,9,-9900,?,9,20.11,E,8,18.89,E,8,93.0,E,8,1008.6016999999999,E,8,999.0,E,8,0.74,E,8,-9900,?,9,-9900,?,9,0.011,E,8,-9900,?,9,-9900,?,9,0.11,99.0,E,8
11/11/2020,06:00,150.465,1395.149,0.0,1,8,0.0,1,8,0.0,1,8,0.0,1,8,0.0,1,8,0.0,1,8,0.0,1,8,-9900,?,9,-9900,?,9,19.92,E,8,18.96,E,8,94.0,E,8,1008.6016999999999,E,8,999.0,E,8,0.74,E,8,-9900,?,9,-9900,?,9,0.002,E,8,-9900,?,9,-9900,?,9,0.02,99.0,E,8
11/11/2020,07:00,469.57,1395.149,84.64,1,8,0.0,1,8,84.64,1,8,10156.8,1,8,0.0,1,8,9310.4,1,8,80.229,1,8,-9900,?,9,-9900,?,9,19.74,E,8,19.03,E,8,95.0,E,8,1008.6016999999999,E,8,999.0,E,8,0.74,E,8,-9900,?,9,-9900,?,9,0.001,E,8,-9900,?,9,-9900,?,9,0.01,99.0,E,8
11/11/2020,08:00,768.771,1395.149,238.78,1,8,39.26,1,8,217.161,1,8,28653.6,1,8,3729.718,1,8,23887.702,1,8,125.53,1,8,-9900,?,9,-9900,?,9,21.64,E,8,18.29,E,8,78.0,E,8,1008.6016999999999,E,8,999.0,E,8,0.74,E,8,-9900,?,9,-9900,?,9,0.0,E,8,-9900,?,9,-9900,?,9,0.0,0.0,E,8
11/11/2020,09:00,1026.203,1395.149,385.92,1,8,55.621,1,8,345.018,1,8,46310.4,1,8,5284.003,1,8,37951.987,1,8,149.344,1,8,-9900,?,9,-9900,?,9,22.53,E,8,17.94,E,8,73.0,E,8,1008.6016999999999,E,8,999.0,E,8,0.74,E,8,-9900,?,9,-9900,?,9,0.0,E,8,-9900,?,9,-9900,?,9,0.0,0.0,E,8
11/11/2020,10:00,1224.142,1395.149,508.21,1,8,67.351,1,8,449.12,1,8,60985.2,1,8,6398.351,1,8,49403.146,1,8,162.944,1,8,-9900,?,9,-9900,?,9,23.33,E,8,17.61,E,8,68.0,E,8,1008.6016999999999,E,8,999.0,E,8,0.87,E,8,-9900,?,9,-9900,?,9,0.0,E,8,-9900,?,9,-9900,?,9,0.0,0.0,E,8
11/11/2020,11:00,1349.06,1395.149,595.45,1,8,64.977,1,8,532.621,1,8,71454.0,1,8,6172.833,1,8,58588.267,1,8,175.334,1,8,-9900,?,9,-9900,?,9,24.01,E,8,17.32,E,8,65.0,E,8,1008.6016999999999,E,8,999.0,E,8,1.65,E,8,-9900,?,9,-9900,?,9,0.0,E,8,-9900,?,9,-9900,?,9,0.0,0.0,E,8
11/11/2020,12:00,1392.44,1395.149,641.03,1,8,74.876,1,8,566.299,1,8,76923.6,1,8,7113.258,1,8,62292.896,1,8,180.609,1,8,-9900,?,9,-9900,?,9,24.56,E,8,17.09,E,8,62.0,E,8,1008.6016999999999,E,8,999.0,E,8,2.21,E,8,-9900,?,9,-9900,?,9,0.0,E,8,-9900,?,9,-9900,?,9,0.0,0.0,E,8
11/11/2020,13:00,1351.338,1395.149,641.65,1,8,87.176,1,8,557.213,1,8,76998.0,1,8,8281.764,1,8,61293.399,1,8,183.12,1,8,-9900,?,9,-9900,?,9,24.95,E,8,16.92,E,8,60.0,E,8,1008.6016999999999,E,8,999.0,E,8,2.7,E,8,-9900,?,9,-9900,?,9,0.0,E,8,-9900,?,9,-9900,?,9,0.0,0.0,E,8
11/11/2020,14:00,1228.576,1395.149,597.26,1,8,126.79,1,8,485.618,1,8,71671.2,1,8,12045.016,1,8,53417.958,1,8,175.55,1,8,-9900,?,9,-9900,?,9,25.18,E,8,16.83,E,8,59.0,E,8,1008.6016999999999,E,8,999.0,E,8,3.75,E,8,-9900,?,9,-9900,?,9,0.0,E,8,-9900,?,9,-9900,?,9,0.0,0.0,E,8
11/11/2020,15:00,1032.557,1395.149,511.12,1,8,128.981,1,8,415.684,1,8,61334.4,1,8,12253.182,1,8,45725.211,1,8,178.824,1,8,-9900,?,9,-9900,?,9,25.24,E,8,16.8,E,8,59.0,E,8,1008.6016999999999,E,8,999.0,E,8,4.37,E,8,-9900,?,9,-9900,?,9,0.0,E,8,-9900,?,9,-9900,?,9,0.0,0.0,E,8
11/11/2020,16:00,776.706,1395.149,389.73,1,8,223.087,1,8,265.614,1,8,46767.6,1,8,21193.272,1,8,29217.554,1,8,151.967,1,8,-9900,?,9,-9900,?,9,25.09,E,8,16.86,E,8,60.0,E,8,1008.6016999999999,E,8,999.0,E,8,4.05,E,8,-9900,?,9,-9900,?,9,0.0,E,8,-9900,?,9,-9900,?,9,0.0,0.0,E,8
11/11/2020,17:00,478.657,1395.149,243.2,1,8,321.617,1,8,133.097,1,8,29184.0,1,8,30553.582,1,8,14640.712,1,8,123.754,1,8,-9900,?,9,-9900,?,9,24.7,E,8,17.03,E,8,66.0,E,8,1008.6016999999999,E,8,999.0,E,8,3.54,E,8,-9900,?,9,-9900,?,9,0.008,E,8,-9900,?,9,-9900,?,9,0.08,99.0,E,8
11/11/2020,18:00,160.092,1395.149,88.96,1,8,218.4,1,8,64.396,1,8,10675.2,1,8,20747.965,1,8,7083.583,1,8,182.25,1,8,-9900,?,9,-9900,?,9,24.11,E,8,17.28,E,8,69.0,E,8,1008.6016999999999,E,8,999.0,E,8,3.3,E,8,-9900,?,9,-9900,?,9,0.026000000000000002,E,8,-9900,?,9,-9900,?,9,0.26,99.0,E,8
11/11/2020,19:00,0.0,1395.149,0.0,1,8,0.0,1,8,0.0,1,8,0.0,1,8,0.0,1,8,0.0,1,8,-0.0,1,8,-9900,?,9,-9900,?,9,23.57,E,8,17.51,E,8,72.0,E,8,1008.6016999999999,E,8,999.0,E,8,2.4,E,8,-9900,?,9,-9900,?,9,0.074,E,8,-9900,?,9,-9900,?,9,0.74,99.0,E,8
11/11/2020,20:00,0.0,1395.149,0.0,1,8,0.0,1,8,0.0,1,8,0.0,1,8,0.0,1,8,0.0,1,8,-0.0,1,8,-9900,?,9,-9900,?,9,23.03,E,8,17.73,E,8,83.0,E,8,1008.6016999999999,E,8,999.0,E,8,1.81,E,8,-9900,?,9,-9900,?,9,1.718,E,8,-9900,?,9,-9900,?,9,17.18,99.0,E,8
11/11/2020,21:00,0.0,1395.149,0.0,1,8,0.0,1,8,0.0,1,8,0.0,1,8,0.0,1,8,0.0,1,8,-0.0,1,8,-9900,?,9,-9900,?,9,22.48,E,8,17.96,E,8,82.0,E,8,1008.6016999999999,E,8,999.0,E,8,1.33,E,8,-9900,?,9,-9900,?,9,0.13,E,8,-9900,?,9,-9900,?,9,1.3,99.0,E,8
11/11/2020,22:00,0.0,1395.149,0.0,1,8,0.0,1,8,0.0,1,8,0.0,1,8,0.0,1,8,0.0,1,8,-0.0,1,8,-9900,?,9,-9900,?,9,21.94,E,8,18.17,E,8,81.0,E,8,1008.6016999999999,E,8,999.0,E,8,0.84,E,8,-9900,?,9,-9900,?,9,0.036,E,8,-9900,?,9,-9900,?,9,0.36,99.0,E,8
11/11/2020,23:00,0.0,1395.149,0.0,1,8,0.0,1,8,0.0,1,8,0.0,1,8,0.0,1,8,0.0,1,8,-0.0,1,8,-9900,?,9,-9900,?,9,21.4,E,8,18.39,E,8,84.0,E,8,1008.6016999999999,E,8,999.0,E,8,0.74,E,8,-9900,?,9,-9900,?,9,0.005,E,8,-9900,?,9,-9900,?,9,0.05,99.0,E,8
11/11/2020,24:00,0.0,1395.149,0.0,1,8,0.0,1,8,0.0,1,8,0.0,1,8,0.0,1,8,0.0,1,8,-0.0,1,8,-9900,?,9,-9900,?,9,20.86,E,8,18.12,E,8,85.0,E,8,1008.6016999999999,E,8,999.0,E,8,0.57,E,8,-9900,?,9,-9900,?,9,0.087,E,8,-9900,?,9,-9900,?,9,0.87,99.0,E,8
11/12/2020,01:00,0.0,1395.149,0.0,1,8,0.0,1,8,0.0,1,8,0.0,1,8,0.0,1,8,0.0,1,8,-0.0,1,8,-9900,?,9,-9900,?,9,20.59,E,8,18.27,E,8,87.0,E,8,1008.6016999999999,E,8,999.0,E,8,0.57,E,8,-9900,?,9,-9900,?,9,0.043,E,8,-9900,?,9,-9900,?,9,0.43,99.0,E,8
11/12/2020,02:00,0.0,1395.149,0.0,1,8,0.0,1,8,0.0,1,8,0.0,1,8,0.0,1,8,0.0,1,8,-0.0,1,8,-9900,?,9,-9900,?,9,20.32,E,8,18.41,E,8,89.0,E,8,1008.6016999999999,E,8,999.0,E,8,0.57,E,8,-9900,?,9,-9900,?,9,0.01,E,8,-9900,?,9,-9900,?,9,0.1,99.0,E,8
11/12/2020,03:00,0.0,1395.149,0.0,1,8,0.0,1,8,0.0,1,8,0.0,1,8,0.0,1,8,0.0,1,8,-0.0,1,8,-9900,?,9,-9900,?,9,20.05,E,8,18.56,E,8,91.0,E,8,1008.6016999999999,E,8,999.0,E,8,0.57,E,8,-9900,?,9,-9900,?,9,0.020999999999999998,E,8,-9900,?,9,-9900,?,9,0.21,99.0,E,8
11/12/2020,04:00,0.0,1395.807,0.0,1,8,0.0,1,8,0.0,1,8,0.0,1,8,0.0,1,8,0.0,1,8,-0.0,1,8,-9900,?,9,-9900,?,9,19.78,E,8,18.7,E,8,94.0,E,8,1008.6016999999999,E,8,999.0,E,8,0.57,E,8,-9900,?,9,-9900,?,9,0.003,E,8,-9900,?,9,-9900,?,9,0.03,99.0,E,8
11/12/2020,05:00,0.0,1395.807,0.0,1,8,0.0,1,8,0.0,1,8,0.0,1,8,0.0,1,8,0.0,1,8,-0.0,1,8,-9900,?,9,-9900,?,9,19.54,E,8,18.83,E,8,95.0,E,8,1008.6016999999999,E,8,999.0,E,8,0.57,E,8,-9900,?,9,-9900,?,9,0.001,E,8,-9900,?,9,-9900,?,9,0.01,99.0,E,8
11/12/2020,06:00,152.126,1395.807,0.0,1,8,0.0,1,8,0.0,1,8,0.0,1,8,0.0,1,8,0.0,1,8,0.0,1,8,-9900,?,9,-9900,?,9,19.36,E,8,18.93,E,8,92.0,E,8,1008.6016999999999,E,8,999.0,E,8,0.57,E,8,-9900,?,9,-9900,?,9,0.0,E,8,-9900,?,9,-9900,?,9,0.0,0.0,E,8
11/12/2020,07:00,470.94,1395.807,138.74,1,8,52.737,1,8,120.987,1,8,16648.8,1,8,5010.006,1,8,13308.557,1,8,114.401,1,8,-9900,?,9,-9900,?,9,19.18,E,8,19.02,E,8,99.0,E,8,1008.6016999999999,E,8,999.0,E,8,0.57,E,8,-9900,?,9,-9900,?,9,0.006,E,8,-9900,?,9,-9900,?,9,0.06,99.0,E,8
11/12/2020,08:00,769.894,1395.807,388.09,1,8,249.622,1,8,250.497,1,8,46570.8,1,8,23714.08,1,8,27554.638,1,8,144.656,1,8,-9900,?,9,-9900,?,9,21.78,E,8,17.61,E,8,74.0,E,8,1008.6016999999999,E,8,999.0,E,8,0.57,E,8,-9900,?,9,-9900,?,9,0.0,E,8,-9900,?,9,-9900,?,9,0.0,0.0,E,8
11/12/2020,09:00,1027.161,1395.807,628.38,1,8,465.863,1,8,285.641,1,8,75405.6,1,8,44256.994,1,8,31420.517,1,8,123.585,1,8,-9900,?,9,-9900,?,9,22.99,E,8,16.9,E,8,66.0,E,8,1008.6016999999999,E,8,999.0,E,8,0.6,E,8,-9900,?,9,-9900,?,9,0.0,E,8,-9900,?,9,-9900,?,9,0.0,0.0,E,8
11/12/2020,10:00,1225.031,1395.807,816.48,1,8,516.383,1,8,363.316,1,8,97977.6,1,8,49056.35,1,8,39964.782,1,8,131.781,1,8,-9900,?,9,-9900,?,9,24.06,E,8,16.26,E,8,60.0,E,8,1008.6016999999999,E,8,999.0,E,8,1.18,E,8,-9900,?,9,-9900,?,9,0.0,E,8,-9900,?,9,-9900,?,9,0.0,0.0,E,8
11/12/2020,11:00,1349.98,1395.807,941.23,1,8,576.815,1,8,383.365,1,8,112947.6,1,8,54797.383,1,8,42170.127,1,8,126.174,1,8,-9900,?,9,-9900,?,9,24.94,E,8,15.71,E,8,55.0,E,8,1008.6016999999999,E,8,999.0,E,8,1.8,E,8,-9900,?,9,-9900,?,9,0.0,E,8,-9900,?,9,-9900,?,9,0.0,0.0,E,8
11/12/2020,12:00,1393.489,1395.807,1018.85,1,8,649.834,1,8,370.096,1,8,122262.0,1,8,61734.249,1,8,40710.515,1,8,118.001,1,8,-9900,?,9,-9900,?,9,25.66,E,8,15.25,E,8,52.0,E,8,1008.6016999999999,E,8,999.0,E,8,2.04,E,8,-9900,?,9,-9900,?,9,0.0,E,8,-9900,?,9,-9900,?,9,0.0,0.0,E,8
11/12/2020,13:00,1352.605,1395.807,1004.71,1,8,721.166,1,8,305.878,1,8,120565.2,1,8,68510.793,1,8,33646.582,1,8,100.476,1,8,-9900,?,9,-9900,?,9,26.16,E,8,14.92,E,8,49.0,E,8,1008.6016999999999,E,8,999.0,E,8,2.68,E,8,-9900,?,9,-9900,?,9,0.0,E,8,-9900,?,9,-9900,?,9,0.0,0.0,E,8
11/12/2020,14:00,1230.136,1395.807,923.95,1,8,831.177,1,8,191.489,1,8,110874.0,1,8,78961.831,1,8,21063.752,1,8,69.167,1,8,-9900,?,9,-9900,?,9,26.43,E,8,14.74,E,8,48.0,E,8,1008.6016999999999,E,8,999.0,E,8,3.24,E,8,-9900,?,9,-9900,?,9,0.0,E,8,-9900,?,9,-9900,?,9,0.0,0.0,E,8
11/12/2020,15:00,1034.464,1395.807,781.66,1,8,901.793,1,8,113.483,1,8,93799.2,1,8,85670.323,1,8,12483.079,1,8,48.752,1,8,-9900,?,9,-9900,?,9,26.48,E,8,14.71,E,8,48.0,E,8,1008.6016999999999,E,8,999.0,E,8,3.69,E,8,-9900,?,9,-9900,?,9,0.0,E,8,-9900,?,9,-9900,?,9,0.0,0.0,E,8
11/12/2020,16:00,778.989,1395.807,579.42,1,8,769.112,1,8,150.463,1,8,69530.4,1,8,73065.636,1,8,16550.919,1,8,85.873,1,8,-9900,?,9,-9900,?,9,26.21,E,8,14.89,E,8,49.0,E,8,1008.6016999999999,E,8,999.0,E,8,3.81,E,8,-9900,?,9,-9900,?,9,0.0,E,8,-9900,?,9,-9900,?,9,0.0,0.0,E,8
11/12/2020,17:00,481.316,1395.807,354.81,1,8,630.949,1,8,137.708,1,8,42577.2,1,8,59940.109,1,8,15147.836,1,8,127.391,1,8,-9900,?,9,-9900,?,9,25.65,E,8,15.26,E,8,52.0,E,8,1008.6016999999999,E,8,999.0,E,8,3.77,E,8,-9900,?,9,-9900,?,9,0.0,E,8,-9900,?,9,-9900,?,9,0.0,0.0,E,8
11/12/2020,18:00,163.067,1395.807,123.87,1,8,377.914,1,8,80.567,1,8,14864.4,1,8,35901.874,1,8,8862.362,1,8,223.811,1,8,-9900,?,9,-9900,?,9,24.86,E,8,15.76,E,8,60.0,E,8,1008.6016999999999,E,8,999.0,E,8,3.04,E,8,-9900,?,9,-9900,?,9,0.03,E,8,-9900,?,9,-9900,?,9,0.3,99.0,E,8
11/12/2020,19:00,0.0,1395.807,0.0,1,8,0.0,1,8,0.0,1,8,0.0,1,8,0.0,1,8,0.0,1,8,-0.0,1,8,-9900,?,9,-9900,?,9,24.25,E,8,16.14,E,8,64.0,E,8,1008.6016999999999,E,8,999.0,E,8,2.88,E,8,-9900,?,9,-9900,?,9,0.015,E,8,-9900,?,9,-9900,?,9,0.15,99.0,E,8
11/12/2020,20:00,0.0,1395.807,0.0,1,8,0.0,1,8,0.0,1,8,0.0,1,8,0.0,1,8,0.0,1,8,-0.0,1,8,-9900,?,9,-9900,?,9,23.64,E,8,16.52,E,8,67.0,E,8,1008.6016999999999,E,8,999.0,E,8,2.65,E,8,-9900,?,9,-9900,?,9,0.06,E,8,-9900,?,9,-9900,?,9,0.6,99.0,E,8
11/12/2020,21:00,0.0,1395.807,0.0,1,8,0.0,1,8,0.0,1,8,0.0,1,8,0.0,1,8,0.0,1,8,-0.0,1,8,-9900,?,9,-9900,?,9,23.04,E,8,16.88,E,8,75.0,E,8,1008.6016999999999,E,8,999.0,E,8,2.0,E,8,-9900,?,9,-9900,?,9,0.24100000000000002,E,8,-9900,?,9,-9900,?,9,2.41,99.0,E,8
11/12/2020,22:00,0.0,1395.807,0.0,1,8,0.0,1,8,0.0,1,8,0.0,1,8,0.0,1,8,0.0,1,8,-0.0,1,8,-9900,?,9,-9900,?,9,22.43,E,8,17.23,E,8,83.0,E,8,1008.6016999999999,E,8,999.0,E,8,1.38,E,8,-9900,?,9,-9900,?,9,3.4479999999999995,E,8,-9900,?,9,-9900,?,9,34.48,99.0,E,8
11/12/2020,23:00,0.0,1395.807,0.0,1,8,0.0,1,8,0.0,1,8,0.0,1,8,0.0,1,8,0.0,1,8,-0.0,1,8,-9900,?,9,-9900,?,9,21.82,E,8,17.58,E,8,83.0,E,8,1008.6016999999999,E,8,999.0,E,8,1.14,E,8,-9900,?,9,-9900,?,9,0.134,E,8,-9900,?,9,-9900,?,9,1.34,99.0,E,8
11/12/2020,24:00,0.0,1395.807,0.0,1,8,0.0,1,8,0.0,1,8,0.0,1,8,0.0,1,8,0.0,1,8,-0.0,1,8,-9900,?,9,-9900,?,9,21.21,E,8,19.13,E,8,89.0,E,8,1008.6016999999999,E,8,999.0,E,8,2.17,E,8,-9900,?,9,-9900,?,9,0.038,E,8,-9900,?,9,-9900,?,9,0.38,99.0,E,8
11/13/2020,01:00,0.0,1395.807,0.0,1,8,0.0,1,8,0.0,1,8,0.0,1,8,0.0,1,8,0.0,1,8,-0.0,1,8,-9900,?,9,-9900,?,9,20.91,E,8,19.14,E,8,95.0,E,8,1008.6016999999999,E,8,999.0,E,8,1.99,E,8,-9900,?,9,-9900,?,9,0.136,E,8,-9900,?,9,-9900,?,9,1.36,99.0,E,8
11/13/2020,02:00,0.0,1395.807,0.0,1,8,0.0,1,8,0.0,1,8,0.0,1,8,0.0,1,8,0.0,1,8,-0.0,1,8,-9900,?,9,-9900,?,9,20.61,E,8,19.15,E,8,92.0,E,8,1008.6016999999999,E,8,999.0,E,8,1.87,E,8,-9900,?,9,-9900,?,9,0.004,E,8,-9900,?,9,-9900,?,9,0.04,99.0,E,8
11/13/2020,03:00,0.0,1395.807,0.0,1,8,0.0,1,8,0.0,1,8,0.0,1,8,0.0,1,8,0.0,1,8,-0.0,1,8,-9900,?,9,-9900,?,9,20.3,E,8,19.15,E,8,93.0,E,8,1008.6016999999999,E,8,999.0,E,8,2.35,E,8,-9900,?,9,-9900,?,9,0.02,E,8,-9900,?,9,-9900,?,9,0.2,99.0,E,8
11/13/2020,04:00,0.0,1396.457,0.0,1,8,0.0,1,8,0.0,1,8,0.0,1,8,0.0,1,8,0.0,1,8,-0.0,1,8,-9900,?,9,-9900,?,9,20.0,E,8,19.16,E,8,95.0,E,8,1008.6016999999999,E,8,999.0,E,8,2.47,E,8,-9900,?,9,-9900,?,9,0.006,E,8,-9900,?,9,-9900,?,9,0.06,99.0,E,8
11/13/2020,05:00,0.0,1396.457,0.0,1,8,0.0,1,8,0.0,1,8,0.0,1,8,0.0,1,8,0.0,1,8,-0.0,1,8,-9900,?,9,-9900,?,9,19.73,E,8,19.16,E,8,96.0,E,8,1008.6016999999999,E,8,999.0,E,8,2.51,E,8,-9900,?,9,-9900,?,9,0.001,E,8,-9900,?,9,-9900,?,9,0.01,99.0,E,8
11/13/2020,06:00,153.668,1396.457,0.0,1,8,0.0,1,8,0.0,1,8,0.0,1,8,0.0,1,8,0.0,1,8,0.0,1,8,-9900,?,9,-9900,?,9,19.53,E,8,19.17,E,8,93.0,E,8,1008.6016999999999,E,8,999.0,E,8,1.89,E,8,-9900,?,9,-9900,?,9,0.0,E,8,-9900,?,9,-9900,?,9,0.0,0.0,E,8
11/13/2020,07:00,472.192,1396.457,67.4,1,8,0.0,1,8,67.4,1,8,8088.0,1,8,0.0,1,8,7414.0,1,8,63.591,1,8,-9900,?,9,-9900,?,9,19.33,E,8,19.17,E,8,99.0,E,8,1008.6016999999999,E,8,999.0,E,8,1.92,E,8,-9900,?,9,-9900,?,9,0.028000000000000004,E,8,-9900,?,9,-9900,?,9,0.28,99.0,E,8
11/13/2020,08:00,770.905,1396.457,188.58,1,8,7.632,1,8,184.37,1,8,22629.6,1,8,725.056,1,8,20280.648,1,8,106.379,1,8,-9900,?,9,-9900,?,9,21.52,E,8,19.13,E,8,88.0,E,8,1008.6016999999999,E,8,999.0,E,8,2.33,E,8,-9900,?,9,-9900,?,9,0.053000000000000005,E,8,-9900,?,9,-9900,?,9,0.53,99.0,E,8
11/13/2020,09:00,1028.019,1396.457,304.28,1,8,13.695,1,8,294.201,1,8,36513.6,1,8,1301.042,1,8,32362.069,1,8,127.241,1,8,-9900,?,9,-9900,?,9,22.53,E,8,19.11,E,8,83.0,E,8,1008.6016999999999,E,8,999.0,E,8,3.33,E,8,-9900,?,9,-9900,?,9,0.078,E,8,-9900,?,9,-9900,?,9,0.78,99.0,E,8
11/13/2020,10:00,1225.835,1396.457,400.48,1,8,27.318,1,8,376.502,1,8,48057.6,1,8,2595.188,1,8,41415.227,1,8,136.537,1,8,-9900,?,9,-9900,?,9,23.44,E,8,19.09,E,8,88.0,E,8,1008.6016999999999,E,8,999.0,E,8,4.58,E,8,-9900,?,9,-9900,?,9,1.8,E,8,-9900,?,9,-9900,?,9,18.0,99.0,E,8
11/13/2020,11:00,1350.834,1396.457,469.16,1,8,44.171,1,8,426.433,1,8,56299.2,1,8,4196.204,1,8,46907.672,1,8,140.325,1,8,-9900,?,9,-9900,?,9,24.23,E,8,19.08,E,8,76.0,E,8,1008.6016999999999,E,8,999.0,E,8,5.19,E,8,-9900,?,9,-9900,?,9,0.011,E,8,-9900,?,9,-9900,?,9,0.11,99.0,E,8
11/13/2020,12:00,1394.492,1396.457,505.14,1,8,49.272,1,8,455.938,1,8,60616.8,1,8,4680.821,1,8,50153.135,1,8,145.334,1,8,-9900,?,9,-9900,?,9,24.85,E,8,19.06,E,8,74.0,E,8,1008.6016999999999,E,8,999.0,E,8,5.43,E,8,-9900,?,9,-9900,?,9,0.002,E,8,-9900,?,9,-9900,?,9,0.02,99.0,E,8
11/13/2020,13:00,1353.846,1396.457,505.78,1,8,56.352,1,8,451.149,1,8,60693.6,1,8,5353.433,1,8,49626.346,1,8,148.128,1,8,-9900,?,9,-9900,?,9,25.3,E,8,19.06,E,8,68.0,E,8,1008.6016999999999,E,8,999.0,E,8,5.89,E,8,-9900,?,9,-9900,?,9,0.0,E,8,-9900,?,9,-9900,?,9,0.0,0.0,E,8
11/13/2020,14:00,1231.688,1396.457,471.05,1,8,66.551,1,8,412.356,1,8,56526.0,1,8,6322.368,1,8,45359.172,1,8,148.828,1,8,-9900,?,9,-9900,?,9,25.56,E,8,19.05,E,8,67.0,E,8,1008.6016999999999,E,8,999.0,E,8,5.95,E,8,-9900,?,9,-9900,?,9,0.0,E,8,-9900,?,9,-9900,?,9,0.0,0.0,E,8
11/13/2020,15:00,1036.378,1396.457,403.49,1,8,48.99,1,8,367.141,1,8,48418.8,1,8,4654.015,1,8,40385.527,1,8,157.506,1,8,-9900,?,9,-9900,?,9,25.64,E,8,19.05,E,8,66.0,E,8,1008.6016999999999,E,8,999.0,E,8,5.67,E,8,-9900,?,9,-9900,?,9,0.0,E,8,-9900,?,9,-9900,?,9,0.0,0.0,E,8
11/13/2020,16:00,781.291,1396.457,308.22,1,8,85.699,1,8,260.304,1,8,36986.4,1,8,8141.371,1,8,28633.449,1,8,148.192,1,8,-9900,?,9,-9900,?,9,25.46,E,8,19.05,E,8,67.0,E,8,1008.6016999999999,E,8,999.0,E,8,5.23,E,8,-9900,?,9,-9900,?,9,0.0,E,8,-9900,?,9,-9900,?,9,0.0,0.0,E,8
11/13/2020,17:00,484.003,1396.457,193.12,1,8,137.647,1,8,145.514,1,8,23174.4,1,8,13076.425,1,8,16006.534,1,8,133.924,1,8,-9900,?,9,-9900,?,9,25.01,E,8,19.06,E,8,69.0,E,8,1008.6016999999999,E,8,999.0,E,8,5.51,E,8,-9900,?,9,-9900,?,9,0.0,E,8,-9900,?,9,-9900,?,9,0.0,0.0,E,8
11/13/2020,18:00,166.073,1396.457,71.81,1,8,178.859,1,8,50.934,1,8,8617.2,1,8,16991.635,1,8,5602.737,1,8,138.906,1,8,-9900,?,9,-9900,?,9,24.35,E,8,19.07,E,8,71.0,E,8,1008.6016999999999,E,8,999.0,E,8,4.62,E,8,-9900,?,9,-9900,?,9,0.0,E,8,-9900,?,9,-9900,?,9,0.0,0.0,E,8
11/13/2020,19:00,0.0,1396.457,0.04,1,8,0.0,1,8,0.0,1,8,4.8,1,8,0.0,1,8,0.0,1,8,-0.0,1,8,-9900,?,9,-9900,?,9,23.8,E,8,19.09,E,8,78.0,E,8,1008.6016999999999,E,8,999.0,E,8,3.95,E,8,-9900,?,9,-9900,?,9,0.008,E,8,-9900,?,9,-9900,?,9,0.08,99.0,E,8
11/13/2020,20:00,0.0,1396.457,0.0,1,8,0.0,1,8,0.0,1,8,0.0,1,8,0.0,1,8,0.0,1,8,-0.0,1,8,-9900,?,9,-9900,?,9,23.25,E,8,19.1,E,8,76.0,E,8,1008.6016999999999,E,8,999.0,E,8,2.69,E,8,-9900,?,9,-9900,?,9,0.0,E,8,-9900,?,9,-9900,?,9,0.0,0.0,E,8
11/13/2020,21:00,0.0,1396.457,0.0,1,8,0.0,1,8,0.0,1,8,0.0,1,8,0.0,1,8,0.0,1,8,-0.0,1,8,-9900,?,9,-9900,?,9,22.7,E,8,19.11,E,8,82.0,E,8,1008.6016999999999,E,8,999.0,E,8,1.57,E,8,-9900,?,9,-9900,?,9,0.001,E,8,-9900,?,9,-9900,?,9,0.01,99.0,E,8
11/13/2020,22:00,0.0,1396.457,0.0,1,8,0.0,1,8,0.0,1,8,0.0,1,8,0.0,1,8,0.0,1,8,-0.0,1,8,-9900,?,9,-9900,?,9,22.15,E,8,19.12,E,8,80.0,E,8,1008.6016999999999,E,8,999.0,E,8,1.18,E,8,-9900,?,9,-9900,?,9,0.0,E,8,-9900,?,9,-9900,?,9,0.0,0.0,E,8
11/13/2020,23:00,0.0,1396.457,0.0,1,8,0.0,1,8,0.0,1,8,0.0,1,8,0.0,1,8,0.0,1,8,-0.0,1,8,-9900,?,9,-9900,?,9,21.6,E,8,19.13,E,8,87.0,E,8,1008.6016999999999,E,8,999.0,E,8,1.09,E,8,-9900,?,9,-9900,?,9,0.015,E,8,-9900,?,9,-9900,?,9,0.15,99.0,E,8
11/13/2020,24:00,0.0,1396.457,0.0,1,8,0.0,1,8,0.0,1,8,0.0,1,8,0.0,1,8,0.0,1,8,-0.0,1,8,-9900,?,9,-9900,?,9,21.05,E,8,18.11,E,8,84.0,E,8,1008.6016999999999,E,8,999.0,E,8,0.56,E,8,-9900,?,9,-9900,?,9,0.005,E,8,-9900,?,9,-9900,?,9,0.05,99.0,E,8
11/14/2020,01:00,0.0,1396.457,0.0,1,8,0.0,1,8,0.0,1,8,0.0,1,8,0.0,1,8,0.0,1,8,-0.0,1,8,-9900,?,9,-9900,?,9,20.78,E,8,18.17,E,8,86.0,E,8,1008.6016999999999,E,8,999.0,E,8,0.56,E,8,-9900,?,9,-9900,?,9,0.003,E,8,-9900,?,9,-9900,?,9,0.03,99.0,E,8
11/14/2020,02:00,0.0,1396.457,0.0,1,8,0.0,1,8,0.0,1,8,0.0,1,8,0.0,1,8,0.0,1,8,-0.0,1,8,-9900,?,9,-9900,?,9,20.5,E,8,18.24,E,8,87.0,E,8,1008.6016999999999,E,8,999.0,E,8,0.56,E,8,-9900,?,9,-9900,?,9,0.001,E,8,-9900,?,9,-9900,?,9,0.01,99.0,E,8
11/14/2020,03:00,0.0,1396.457,0.0,1,8,0.0,1,8,0.0,1,8,0.0,1,8,0.0,1,8,0.0,1,8,-0.0,1,8,-9900,?,9,-9900,?,9,20.23,E,8,18.3,E,8,85.0,E,8,1008.6016999999999,E,8,999.0,E,8,0.56,E,8,-9900,?,9,-9900,?,9,0.0,E,8,-9900,?,9,-9900,?,9,0.0,0.0,E,8
11/14/2020,04:00,0.0,1397.098,0.0,1,8,0.0,1,8,0.0,1,8,0.0,1,8,0.0,1,8,0.0,1,8,-0.0,1,8,-9900,?,9,-9900,?,9,19.96,E,8,18.36,E,8,86.0,E,8,1008.6016999999999,E,8,999.0,E,8,0.56,E,8,-9900,?,9,-9900,?,9,0.0,E,8,-9900,?,9,-9900,?,9,0.0,0.0,E,8
11/14/2020,05:00,0.0,1397.098,0.0,1,8,0.0,1,8,0.0,1,8,0.0,1,8,0.0,1,8,0.0,1,8,-0.0,1,8,-9900,?,9,-9900,?,9,19.71,E,8,18.42,E,8,88.0,E,8,1008.6016999999999,E,8,999.0,E,8,0.56,E,8,-9900,?,9,-9900,?,9,0.0,E,8,-9900,?,9,-9900,?,9,0.0,0.0,E,8
11/14/2020,06:00,155.09,1397.098,0.0,1,8,0.0,1,8,0.0,1,8,0.0,1,8,0.0,1,8,0.0,1,8,0.0,1,8,-9900,?,9,-9900,?,9,19.53,E,8,18.46,E,8,89.0,E,8,1008.6016999999999,E,8,999.0,E,8,0.56,E,8,-9900,?,9,-9900,?,9,0.0,E,8,-9900,?,9,-9900,?,9,0.0,0.0,E,8
11/14/2020,07:00,473.324,1397.098,126.04,1,8,18.905,1,8,119.649,1,8,15124.8,1,8,1795.976,1,8,13161.442,1,8,112.668,1,8,-9900,?,9,-9900,?,9,19.35,E,8,18.5,E,8,94.0,E,8,1008.6016999999999,E,8,999.0,E,8,0.56,E,8,-9900,?,9,-9900,?,9,0.088,E,8,-9900,?,9,-9900,?,9,0.88,99.0,E,8
11/14/2020,08:00,771.805,1397.098,347.93,1,8,163.03,1,8,257.927,1,8,41751.6,1,8,15487.857,1,8,28371.934,1,8,148.715,1,8,-9900,?,9,-9900,?,9,21.52,E,8,18.0,E,8,77.0,E,8,1008.6016999999999,E,8,999.0,E,8,0.99,E,8,-9900,?,9,-9900,?,9,0.0,E,8,-9900,?,9,-9900,?,9,0.0,0.0,E,8
11/14/2020,09:00,1028.778,1397.098,568.63,1,8,316.277,1,8,335.792,1,8,68235.6,1,8,30046.309,1,8,36937.075,1,8,145.189,1,8,-9900,?,9,-9900,?,9,22.53,E,8,17.76,E,8,72.0,E,8,1008.6016999999999,E,8,999.0,E,8,1.35,E,8,-9900,?,9,-9900,?,9,0.0,E,8,-9900,?,9,-9900,?,9,0.0,0.0,E,8
11/14/2020,10:00,1226.556,1397.098,739.28,1,8,378.433,1,8,407.071,1,8,88713.6,1,8,35951.172,1,8,44777.757,1,8,147.604,1,8,-9900,?,9,-9900,?,9,23.43,E,8,17.55,E,8,68.0,E,8,1008.6016999999999,E,8,999.0,E,8,2.3,E,8,-9900,?,9,-9900,?,9,0.0,E,8,-9900,?,9,-9900,?,9,0.0,0.0,E,8
11/14/2020,11:00,1351.622,1397.098,887.07,1,8,534.441,1,8,370.036,1,8,106448.4,1,8,50771.873,1,8,40703.955,1,8,121.752,1,8,-9900,?,9,-9900,?,9,24.23,E,8,17.35,E,8,64.0,E,8,1008.6016999999999,E,8,999.0,E,8,2.67,E,8,-9900,?,9,-9900,?,9,0.0,E,8,-9900,?,9,-9900,?,9,0.0,0.0,E,8
11/14/2020,12:00,1395.449,1397.098,958.18,1,8,570.322,1,8,388.531,1,8,114981.6,1,8,54180.618,1,8,42738.463,1,8,123.82,1,8,-9900,?,9,-9900,?,9,24.88,E,8,17.19,E,8,61.0,E,8,1008.6016999999999,E,8,999.0,E,8,3.13,E,8,-9900,?,9,-9900,?,9,0.0,E,8,-9900,?,9,-9900,?,9,0.0,0.0,E,8
11/14/2020,13:00,1355.061,1397.098,984.64,1,8,701.535,1,8,304.226,1,8,118156.8,1,8,66645.81,1,8,33464.884,1,8,99.844,1,8,-9900,?,9,-9900,?,9,25.38,E,8,17.07,E,8,59.0,E,8,1008.6016999999999,E,8,999.0,E,8,3.47,E,8,-9900,?,9,-9900,?,9,0.0,E,8,-9900,?,9,-9900,?,9,0.0,0.0,E,8
11/14/2020,14:00,1233.233,1397.098,909.99,1,8,819.453,1,8,186.711,1,8,109198.8,1,8,77848.059,1,8,20538.177,1,8,67.334,1,8,-9900,?,9,-9900,?,9,25.66,E,8,17.0,E,8,58.0,E,8,1008.6016999999999,E,8,999.0,E,8,3.63,E,8,-9900,?,9,-9900,?,9,0.0,E,8,-9900,?,9,-9900,?,9,0.0,0.0,E,8
11/14/2020,15:00,1038.3,1397.098,786.03,1,8,915.104,1,8,106.102,1,8,94323.6,1,8,86934.873,1,8,11671.222,1,8,45.455,1,8,-9900,?,9,-9900,?,9,25.76,E,8,16.98,E,8,58.0,E,8,1008.6016999999999,E,8,999.0,E,8,3.54,E,8,-9900,?,9,-9900,?,9,0.0,E,8,-9900,?,9,-9900,?,9,0.0,0.0,E,8
11/14/2020,16:00,783.613,1397.098,616.48,1,8,806.227,1,8,164.567,1,8,73977.6,1,8,76591.599,1,8,18102.361,1,8,93.453,1,8,-9900,?,9,-9900,?,9,25.63,E,8,17.01,E,8,58.0,E,8,1008.6016999999999,E,8,999.0,E,8,3.65,E,8,-9900,?,9,-9900,?,9,0.0,E,8,-9900,?,9,-9900,?,9,0.0,0.0,E,8
11/14/2020,17:00,486.716,1397.098,389.62,1,8,720.3,1,8,139.211,1,8,46754.4,1,8,68428.459,1,8,15313.245,1,8,127.464,1,8,-9900,?,9,-9900,?,9,25.2,E,8,17.12,E,8,60.0,E,8,1008.6016999999999,E,8,999.0,E,8,3.07,E,8,-9900,?,9,-9900,?,9,0.0,E,8,-9900,?,9,-9900,?,9,0.0,0.0,E,8
11/14/2020,18:00,169.11,1397.098,150.39,1,8,372.019,1,8,106.168,1,8,18046.8,1,8,35341.777,1,8,11678.477,1,8,284.295,1,8,-9900,?,9,-9900,?,9,24.54,E,8,17.28,E,8,63.0,E,8,1008.6016999999999,E,8,999.0,E,8,2.62,E,8,-9900,?,9,-9900,?,9,0.0,E,8,-9900,?,9,-9900,?,9,0.0,0.0,E,8
11/14/2020,19:00,0.0,1397.098,0.34,1,8,0.0,1,8,0.0,1,8,40.8,1,8,0.0,1,8,0.0,1,8,-0.0,1,8,-9900,?,9,-9900,?,9,23.95,E,8,17.42,E,8,65.0,E,8,1008.6016999999999,E,8,999.0,E,8,1.88,E,8,-9900,?,9,-9900,?,9,0.0,E,8,-9900,?,9,-9900,?,9,0.0,0.0,E,8
11/14/2020,20:00,0.0,1397.098,0.0,1,8,0.0,1,8,0.0,1,8,0.0,1,8,0.0,1,8,0.0,1,8,-0.0,1,8,-9900,?,9,-9900,?,9,23.37,E,8,17.56,E,8,68.0,E,8,1008.6016999999999,E,8,999.0,E,8,1.62,E,8,-9900,?,9,-9900,?,9,0.0,E,8,-9900,?,9,-9900,?,9,0.0,0.0,E,8
11/14/2020,21:00,0.0,1397.098,0.0,1,8,0.0,1,8,0.0,1,8,0.0,1,8,0.0,1,8,0.0,1,8,-0.0,1,8,-9900,?,9,-9900,?,9,22.78,E,8,17.7,E,8,75.0,E,8,1008.6016999999999,E,8,999.0,E,8,1.07,E,8,-9900,?,9,-9900,?,9,0.002,E,8,-9900,?,9,-9900,?,9,0.02,99.0,E,8
11/14/2020,22:00,0.0,1397.098,0.0,1,8,0.0,1,8,0.0,1,8,0.0,1,8,0.0,1,8,0.0,1,8,-0.0,1,8,-9900,?,9,-9900,?,9,22.19,E,8,17.84,E,8,74.0,E,8,1008.6016999999999,E,8,999.0,E,8,0.72,E,8,-9900,?,9,-9900,?,9,0.0,E,8,-9900,?,9,-9900,?,9,0.0,0.0,E,8
11/14/2020,23:00,0.0,1397.098,0.0,1,8,0.0,1,8,0.0,1,8,0.0,1,8,0.0,1,8,0.0,1,8,-0.0,1,8,-9900,?,9,-9900,?,9,21.6,E,8,17.98,E,8,81.0,E,8,1008.6016999999999,E,8,999.0,E,8,0.77,E,8,-9900,?,9,-9900,?,9,0.001,E,8,-9900,?,9,-9900,?,9,0.01,99.0,E,8
11/14/2020,24:00,0.0,1397.098,0.0,1,8,0.0,1,8,0.0,1,8,0.0,1,8,0.0,1,8,0.0,1,8,-0.0,1,8,-9900,?,9,-9900,?,9,21.02,E,8,18.31,E,8,81.0,E,8,1008.6016999999999,E,8,999.0,E,8,1.54,E,8,-9900,?,9,-9900,?,9,0.0,E,8,-9900,?,9,-9900,?,9,0.0,0.0,E,8
11/15/2020,01:00,0.0,1397.098,0.0,1,8,0.0,1,8,0.0,1,8,0.0,1,8,0.0,1,8,0.0,1,8,-0.0,1,8,-9900,?,9,-9900,?,9,20.72,E,8,18.31,E,8,87.0,E,8,1008.6016999999999,E,8,999.0,E,8,1.19,E,8,-9900,?,9,-9900,?,9,0.003,E,8,-9900,?,9,-9900,?,9,0.03,99.0,E,8
11/15/2020,02:00,0.0,1397.098,0.0,1,8,0.0,1,8,0.0,1,8,0.0,1,8,0.0,1,8,0.0,1,8,-0.0,1,8,-9900,?,9,-9900,?,9,20.43,E,8,18.31,E,8,84.0,E,8,1008.6016999999999,E,8,999.0,E,8,1.19,E,8,-9900,?,9,-9900,?,9,0.0,E,8,-9900,?,9,-9900,?,9,0.0,0.0,E,8
11/15/2020,03:00,0.0,1397.098,0.0,1,8,0.0,1,8,0.0,1,8,0.0,1,8,0.0,1,8,0.0,1,8,-0.0,1,8,-9900,?,9,-9900,?,9,20.14,E,8,18.31,E,8,85.0,E,8,1008.6016999999999,E,8,999.0,E,8,1.19,E,8,-9900,?,9,-9900,?,9,0.0,E,8,-9900,?,9,-9900,?,9,0.0,0.0,E,8
11/15/2020,04:00,0.0,1397.731,0.0,1,8,0.0,1,8,0.0,1,8,0.0,1,8,0.0,1,8,0.0,1,8,-0.0,1,8,-9900,?,9,-9900,?,9,19.84,E,8,18.31,E,8,87.0,E,8,1008.6016999999999,E,8,999.0,E,8,1.19,E,8,-9900,?,9,-9900,?,9,0.0,E,8,-9900,?,9,-9900,?,9,0.0,0.0,E,8
11/15/2020,05:00,0.0,1397.731,0.0,1,8,0.0,1,8,0.0,1,8,0.0,1,8,0.0,1,8,0.0,1,8,-0.0,1,8,-9900,?,9,-9900,?,9,19.58,E,8,18.31,E,8,92.0,E,8,1008.6016999999999,E,8,999.0,E,8,1.19,E,8,-9900,?,9,-9900,?,9,0.088,E,8,-9900,?,9,-9900,?,9,0.88,99.0,E,8
11/15/2020,06:00,156.393,1397.731,0.0,1,8,0.0,1,8,0.0,1,8,0.0,1,8,0.0,1,8,0.0,1,8,0.0,1,8,-9900,?,9,-9900,?,9,19.39,E,8,18.31,E,8,93.0,E,8,1008.6016999999999,E,8,999.0,E,8,1.19,E,8,-9900,?,9,-9900,?,9,0.001,E,8,-9900,?,9,-9900,?,9,0.01,99.0,E,8
11/15/2020,07:00,474.338,1397.731,131.07,1,8,29.897,1,8,120.947,1,8,15728.4,1,8,2840.246,1,8,13304.12,1,8,113.696,1,8,-9900,?,9,-9900,?,9,19.2,E,8,18.31,E,8,94.0,E,8,1008.6016999999999,E,8,999.0,E,8,1.19,E,8,-9900,?,9,-9900,?,9,0.005,E,8,-9900,?,9,-9900,?,9,0.05,99.0,E,8
11/15/2020,08:00,772.594,1397.731,372.02,1,8,210.288,1,8,255.861,1,8,44642.4,1,8,19977.374,1,8,28144.691,1,8,147.44,1,8,-9900,?,9,-9900,?,9,21.93,E,8,18.31,E,8,77.0,E,8,1008.6016999999999,E,8,999.0,E,8,1.19,E,8,-9900,?,9,-9900,?,9,0.0,E,8,-9900,?,9,-9900,?,9,0.0,0.0,E,8
11/15/2020,09:00,1029.439,1397.731,590.14,1,8,362.065,1,8,323.543,1,8,70816.8,1,8,34396.158,1,8,35589.683,1,8,139.866,1,8,-9900,?,9,-9900,?,9,23.16,E,8,18.3,E,8,72.0,E,8,1008.6016999999999,E,8,999.0,E,8,1.59,E,8,-9900,?,9,-9900,?,9,0.0,E,8,-9900,?,9,-9900,?,9,0.0,0.0,E,8
11/15/2020,10:00,1227.195,1397.731,761.36,1,8,465.702,1,8,352.514,1,8,91363.2,1,8,44241.664,1,8,38776.503,1,8,127.813,1,8,-9900,?,9,-9900,?,9,24.24,E,8,18.3,E,8,68.0,E,8,1008.6016999999999,E,8,999.0,E,8,2.2,E,8,-9900,?,9,-9900,?,9,0.0,E,8,-9900,?,9,-9900,?,9,0.0,0.0,E,8
11/15/2020,11:00,1352.347,1397.731,876.18,1,8,538.357,1,8,355.313,1,8,105141.6,1,8,51143.943,1,8,39084.471,1,8,116.898,1,8,-9900,?,9,-9900,?,9,25.13,E,8,18.3,E,8,65.0,E,8,1008.6016999999999,E,8,999.0,E,8,3.05,E,8,-9900,?,9,-9900,?,9,0.0,E,8,-9900,?,9,-9900,?,9,0.0,0.0,E,8
11/15/2020,12:00,1396.362,1397.731,932.74,1,8,553.114,1,8,380.168,1,8,111928.8,1,8,52545.859,1,8,41818.449,1,8,121.13,1,8,-9900,?,9,-9900,?,9,25.83,E,8,18.29,E,8,62.0,E,8,1008.6016999999999,E,8,999.0,E,8,3.01,E,8,-9900,?,9,-9900,?,9,0.0,E,8,-9900,?,9,-9900,?,9,0.0,0.0,E,8
11/15/2020,13:00,1356.251,1397.731,942.23,1,8,632.375,1,8,328.633,1,8,113067.6,1,8,60075.621,1,8,36149.604,1,8,107.808,1,8,-9900,?,9,-9900,?,9,26.35,E,8,18.29,E,8,61.0,E,8,1008.6016999999999,E,8,999.0,E,8,3.91,E,8,-9900,?,9,-9900,?,9,0.0,E,8,-9900,?,9,-9900,?,9,0.0,0.0,E,8
11/15/2020,14:00,1234.77,1397.731,865.68,1,8,694.972,1,8,251.786,1,8,103881.6,1,8,66022.312,1,8,27696.406,1,8,90.731,1,8,-9900,?,9,-9900,?,9,26.63,E,8,18.29,E,8,60.0,E,8,1008.6016999999999,E,8,999.0,E,8,4.21,E,8,-9900,?,9,-9900,?,9,0.0,E,8,-9900,?,9,-9900,?,9,0.0,0.0,E,8
11/15/2020,15:00,1040.23,1397.731,728.28,1,8,767.544,1,8,157.187,1,8,87393.6,1,8,72916.707,1,8,17290.598,1,8,67.246,1,8,-9900,?,9,-9900,?,9,26.69,E,8,18.29,E,8,60.0,E,8,1008.6016999999999,E,8,999.0,E,8,4.75,E,8,-9900,?,9,-9900,?,9,0.0,E,8,-9900,?,9,-9900,?,9,0.0,0.0,E,8
11/15/2020,16:00,785.954,1397.731,548.62,1,8,782.01,1,8,109.168,1,8,65834.4,1,8,74290.997,1,8,12008.526,1,8,61.837,1,8,-9900,?,9,-9900,?,9,26.43,E,8,18.29,E,8,60.0,E,8,1008.6016999999999,E,8,999.0,E,8,5.22,E,8,-9900,?,9,-9900,?,9,0.0,E,8,-9900,?,9,-9900,?,9,0.0,0.0,E,8
11/15/2020,17:00,489.456,1397.731,332.68,1,8,681.502,1,8,94.528,1,8,39921.6,1,8,64742.655,1,8,10398.057,1,8,86.104,1,8,-9900,?,9,-9900,?,9,25.85,E,8,18.29,E,8,62.0,E,8,1008.6016999999999,E,8,999.0,E,8,4.22,E,8,-9900,?,9,-9900,?,9,0.0,E,8,-9900,?,9,-9900,?,9,0.0,0.0,E,8
11/15/2020,18:00,172.174,1397.731,124.36,1,8,278.267,1,8,90.678,1,8,14923.2,1,8,26435.344,1,8,9974.597,1,8,238.462,1,8,-9900,?,9,-9900,?,9,25.05,E,8,18.3,E,8,69.0,E,8,1008.6016999999999,E,8,999.0,E,8,3.43,E,8,-9900,?,9,-9900,?,9,0.002,E,8,-9900,?,9,-9900,?,9,0.02,99.0,E,8
11/15/2020,19:00,0.0,1397.731,0.15,1,8,0.0,1,8,0.0,1,8,18.0,1,8,0.0,1,8,0.0,1,8,-0.0,1,8,-9900,?,9,-9900,?,9,24.4,E,8,18.3,E,8,67.0,E,8,1008.6016999999999,E,8,999.0,E,8,1.87,E,8,-9900,?,9,-9900,?,9,0.0,E,8,-9900,?,9,-9900,?,9,0.0,0.0,E,8
11/15/2020,20:00,0.0,1397.731,0.0,1,8,0.0,1,8,0.0,1,8,0.0,1,8,0.0,1,8,0.0,1,8,-0.0,1,8,-9900,?,9,-9900,?,9,23.75,E,8,18.3,E,8,70.0,E,8,1008.6016999999999,E,8,999.0,E,8,1.19,E,8,-9900,?,9,-9900,?,9,0.0,E,8,-9900,?,9,-9900,?,9,0.0,0.0,E,8
11/15/2020,21:00,0.0,1397.731,0.0,1,8,0.0,1,8,0.0,1,8,0.0,1,8,0.0,1,8,0.0,1,8,-0.0,1,8,-9900,?,9,-9900,?,9,23.1,E,8,18.3,E,8,76.0,E,8,1008.6016999999999,E,8,999.0,E,8,1.19,E,8,-9900,?,9,-9900,?,9,0.001,E,8,-9900,?,9,-9900,?,9,0.01,99.0,E,8
11/15/2020,22:00,0.0,1397.731,0.0,1,8,0.0,1,8,0.0,1,8,0.0,1,8,0.0,1,8,0.0,1,8,-0.0,1,8,-9900,?,9,-9900,?,9,22.46,E,8,18.3,E,8,75.0,E,8,1008.6016999999999,E,8,999.0,E,8,1.19,E,8,-9900,?,9,-9900,?,9,0.0,E,8,-9900,?,9,-9900,?,9,0.0,0.0,E,8
11/15/2020,23:00,0.0,1397.731,0.0,1,8,0.0,1,8,0.0,1,8,0.0,1,8,0.0,1,8,0.0,1,8,-0.0,1,8,-9900,?,9,-9900,?,9,21.81,E,8,18.31,E,8,77.0,E,8,1008.6016999999999,E,8,999.0,E,8,1.19,E,8,-9900,?,9,-9900,?,9,0.0,E,8,-9900,?,9,-9900,?,9,0.0,0.0,E,8
11/15/2020,24:00,0.0,1397.731,0.0,1,8,0.0,1,8,0.0,1,8,0.0,1,8,0.0,1,8,0.0,1,8,-0.0,1,8,-9900,?,9,-9900,?,9,21.16,E,8,16.76,E,8,76.0,E,8,1008.6016999999999,E,8,999.0,E,8,1.46,E,8,-9900,?,9,-9900,?,9,0.0,E,8,-9900,?,9,-9900,?,9,0.0,0.0,E,8
11/16/2020,01:00,0.0,1397.731,0.0,1,8,0.0,1,8,0.0,1,8,0.0,1,8,0.0,1,8,0.0,1,8,-0.0,1,8,-9900,?,9,-9900,?,9,20.83,E,8,16.74,E,8,77.0,E,8,1008.6016999999999,E,8,999.0,E,8,1.46,E,8,-9900,?,9,-9900,?,9,0.0,E,8,-9900,?,9,-9900,?,9,0.0,0.0,E,8
11/16/2020,02:00,0.0,1397.731,0.0,1,8,0.0,1,8,0.0,1,8,0.0,1,8,0.0,1,8,0.0,1,8,-0.0,1,8,-9900,?,9,-9900,?,9,20.51,E,8,16.72,E,8,78.0,E,8,1008.6016999999999,E,8,999.0,E,8,1.46,E,8,-9900,?,9,-9900,?,9,0.0,E,8,-9900,?,9,-9900,?,9,0.0,0.0,E,8
11/16/2020,03:00,0.0,1397.731,0.0,1,8,0.0,1,8,0.0,1,8,0.0,1,8,0.0,1,8,0.0,1,8,-0.0,1,8,-9900,?,9,-9900,?,9,20.19,E,8,16.69,E,8,80.0,E,8,1008.6016999999999,E,8,999.0,E,8,1.46,E,8,-9900,?,9,-9900,?,9,0.0,E,8,-9900,?,9,-9900,?,9,0.0,0.0,E,8
11/16/2020,04:00,0.0,1398.354,0.0,1,8,0.0,1,8,0.0,1,8,0.0,1,8,0.0,1,8,0.0,1,8,-0.0,1,8,-9900,?,9,-9900,?,9,19.86,E,8,16.67,E,8,81.0,E,8,1008.6016999999999,E,8,999.0,E,8,1.46,E,8,-9900,?,9,-9900,?,9,0.0,E,8,-9900,?,9,-9900,?,9,0.0,0.0,E,8
11/16/2020,05:00,0.0,1398.354,0.0,1,8,0.0,1,8,0.0,1,8,0.0,1,8,0.0,1,8,0.0,1,8,-0.0,1,8,-9900,?,9,-9900,?,9,19.57,E,8,16.65,E,8,83.0,E,8,1008.6016999999999,E,8,999.0,E,8,1.46,E,8,-9900,?,9,-9900,?,9,0.0,E,8,-9900,?,9,-9900,?,9,0.0,0.0,E,8
11/16/2020,06:00,157.577,1398.354,0.0,1,8,0.0,1,8,0.0,1,8,0.0,1,8,0.0,1,8,0.0,1,8,0.0,1,8,-9900,?,9,-9900,?,9,19.36,E,8,16.64,E,8,84.0,E,8,1008.6016999999999,E,8,999.0,E,8,1.46,E,8,-9900,?,9,-9900,?,9,0.0,E,8,-9900,?,9,-9900,?,9,0.0,0.0,E,8
11/16/2020,07:00,475.234,1398.354,146.73,1,8,34.064,1,8,135.179,1,8,17607.6,1,8,3236.101,1,8,14869.676,1,8,126.892,1,8,-9900,?,9,-9900,?,9,19.15,E,8,16.62,E,8,85.0,E,8,1008.6016999999999,E,8,999.0,E,8,1.46,E,8,-9900,?,9,-9900,?,9,0.0,E,8,-9900,?,9,-9900,?,9,0.0,0.0,E,8
11/16/2020,08:00,773.274,1398.354,404.54,1,8,299.719,1,8,238.909,1,8,48544.8,1,8,28473.3,1,8,26279.988,1,8,137.612,1,8,-9900,?,9,-9900,?,9,21.79,E,8,16.81,E,8,73.0,E,8,1008.6016999999999,E,8,999.0,E,8,1.46,E,8,-9900,?,9,-9900,?,9,0.0,E,8,-9900,?,9,-9900,?,9,0.0,0.0,E,8
11/16/2020,09:00,1030.003,1398.354,652.97,1,8,511.113,1,8,276.586,1,8,78356.4,1,8,48555.724,1,8,30424.484,1,8,119.555,1,8,-9900,?,9,-9900,?,9,22.99,E,8,16.89,E,8,68.0,E,8,1008.6016999999999,E,8,999.0,E,8,1.46,E,8,-9900,?,9,-9900,?,9,0.0,E,8,-9900,?,9,-9900,?,9,0.0,0.0,E,8
11/16/2020,10:00,1227.753,1398.354,863.26,1,8,636.808,1,8,304.192,1,8,103591.2,1,8,60496.79,1,8,33461.075,1,8,110.291,1,8,-9900,?,9,-9900,?,9,24.1,E,8,16.97,E,8,64.0,E,8,1008.6016999999999,E,8,999.0,E,8,1.46,E,8,-9900,?,9,-9900,?,9,0.0,E,8,-9900,?,9,-9900,?,9,0.0,0.0,E,8
11/16/2020,11:00,1353.009,1398.354,1015.3,1,8,811.78,1,8,229.859,1,8,121836.0,1,8,77119.077,1,8,25284.54,1,8,75.62,1,8,-9900,?,9,-9900,?,9,25.05,E,8,17.03,E,8,61.0,E,8,1008.6016999999999,E,8,999.0,E,8,1.46,E,8,-9900,?,9,-9900,?,9,0.0,E,8,-9900,?,9,-9900,?,9,0.0,0.0,E,8
11/16/2020,12:00,1397.232,1398.354,1092.27,1,8,925.722,1,8,167.291,1,8,131072.4,1,8,87943.585,1,8,18402.044,1,8,53.293,1,8,-9900,?,9,-9900,?,9,25.81,E,8,17.09,E,8,58.0,E,8,1008.6016999999999,E,8,999.0,E,8,1.61,E,8,-9900,?,9,-9900,?,9,0.0,E,8,-9900,?,9,-9900,?,9,0.0,0.0,E,8
11/16/2020,13:00,1357.417,1398.354,1096.51,1,8,896.791,1,8,225.988,1,8,131581.2,1,8,85195.114,1,8,24858.714,1,8,74.105,1,8,-9900,?,9,-9900,?,9,26.36,E,8,17.13,E,8,56.0,E,8,1008.6016999999999,E,8,999.0,E,8,2.43,E,8,-9900,?,9,-9900,?,9,0.0,E,8,-9900,?,9,-9900,?,9,0.0,0.0,E,8
11/16/2020,14:00,1236.3,1398.354,1020.55,1,8,947.084,1,8,183.291,1,8,122466.0,1,8,89972.973,1,8,20162.027,1,8,65.996,1,8,-9900,?,9,-9900,?,9,26.68,E,8,17.15,E,8,55.0,E,8,1008.6016999999999,E,8,999.0,E,8,2.24,E,8,-9900,?,9,-9900,?,9,0.0,E,8,-9900,?,9,-9900,?,9,0.0,0.0,E,8
11/16/2020,15:00,1042.168,1398.354,877.76,1,8,855.13,1,8,240.597,1,8,105331.2,1,8,81237.332,1,8,26465.662,1,8,102.783,1,8,-9900,?,9,-9900,?,9,26.78,E,8,17.15,E,8,55.0,E,8,1008.6016999999999,E,8,999.0,E,8,3.06,E,8,-9900,?,9,-9900,?,9,0.0,E,8,-9900,?,9,-9900,?,9,0.0,0.0,E,8
11/16/2020,16:00,788.313,1398.354,676.92,1,8,864.34,1,8,189.96,1,8,81230.4,1,8,82112.265,1,8,20895.624,1,8,107.326,1,8,-9900,?,9,-9900,?,9,26.58,E,8,17.14,E,8,56.0,E,8,1008.6016999999999,E,8,999.0,E,8,2.64,E,8,-9900,?,9,-9900,?,9,0.0,E,8,-9900,?,9,-9900,?,9,0.0,0.0,E,8
11/16/2020,17:00,492.219,1398.354,430.98,1,8,759.779,1,8,164.087,1,8,51717.6,1,8,72179.048,1,8,18049.551,1,8,148.687,1,8,-9900,?,9,-9900,?,9,26.06,E,8,17.1,E,8,57.0,E,8,1008.6016999999999,E,8,999.0,E,8,2.4,E,8,-9900,?,9,-9900,?,9,0.0,E,8,-9900,?,9,-9900,?,9,0.0,0.0,E,8
11/16/2020,18:00,175.265,1398.354,167.28,1,8,381.861,1,8,120.223,1,8,20073.6,1,8,36276.832,1,8,13224.57,1,8,310.544,1,8,-9900,?,9,-9900,?,9,25.27,E,8,17.05,E,8,60.0,E,8,1008.6016999999999,E,8,999.0,E,8,1.78,E,8,-9900,?,9,-9900,?,9,0.0,E,8,-9900,?,9,-9900,?,9,0.0,0.0,E,8
11/16/2020,19:00,0.0,1398.354,0.59,1,8,0.0,1,8,0.0,1,8,70.8,1,8,0.0,1,8,0.0,1,8,-0.0,1,8,-9900,?,9,-9900,?,9,24.63,E,8,17.01,E,8,62.0,E,8,1008.6016999999999,E,8,999.0,E,8,1.46,E,8,-9900,?,9,-9900,?,9,0.0,E,8,-9900,?,9,-9900,?,9,0.0,0.0,E,8
11/16/2020,20:00,0.0,1398.354,0.0,1,8,0.0,1,8,0.0,1,8,0.0,1,8,0.0,1,8,0.0,1,8,-0.0,1,8,-9900,?,9,-9900,?,9,23.99,E,8,16.96,E,8,64.0,E,8,1008.6016999999999,E,8,999.0,E,8,1.46,E,8,-9900,?,9,-9900,?,9,0.0,E,8,-9900,?,9,-9900,?,9,0.0,0.0,E,8
11/16/2020,21:00,0.0,1398.354,0.0,1,8,0.0,1,8,0.0,1,8,0.0,1,8,0.0,1,8,0.0,1,8,-0.0,1,8,-9900,?,9,-9900,?,9,23.35,E,8,16.92,E,8,67.0,E,8,1008.6016999999999,E,8,999.0,E,8,1.46,E,8,-9900,?,9,-9900,?,9,0.0,E,8,-9900,?,9,-9900,?,9,0.0,0.0,E,8
11/16/2020,22:00,0.0,1398.354,0.0,1,8,0.0,1,8,0.0,1,8,0.0,1,8,0.0,1,8,0.0,1,8,-0.0,1,8,-9900,?,9,-9900,?,9,22.72,E,8,16.87,E,8,69.0,E,8,1008.6016999999999,E,8,999.0,E,8,1.46,E,8,-9900,?,9,-9900,?,9,0.0,E,8,-9900,?,9,-9900,?,9,0.0,0.0,E,8
11/16/2020,23:00,0.0,1398.354,0.0,1,8,0.0,1,8,0.0,1,8,0.0,1,8,0.0,1,8,0.0,1,8,-0.0,1,8,-9900,?,9,-9900,?,9,22.08,E,8,16.83,E,8,72.0,E,8,1008.6016999999999,E,8,999.0,E,8,1.46,E,8,-9900,?,9,-9900,?,9,0.0,E,8,-9900,?,9,-9900,?,9,0.0,0.0,E,8
11/16/2020,24:00,0.0,1398.354,0.0,1,8,0.0,1,8,0.0,1,8,0.0,1,8,0.0,1,8,0.0,1,8,-0.0,1,8,-9900,?,9,-9900,?,9,21.44,E,8,16.98,E,8,75.0,E,8,1008.6016999999999,E,8,999.0,E,8,0.99,E,8,-9900,?,9,-9900,?,9,0.0,E,8,-9900,?,9,-9900,?,9,0.0,0.0,E,8
11/17/2020,01:00,0.0,1398.354,0.0,1,8,0.0,1,8,0.0,1,8,0.0,1,8,0.0,1,8,0.0,1,8,-0.0,1,8,-9900,?,9,-9900,?,9,21.12,E,8,16.94,E,8,77.0,E,8,1008.6016999999999,E,8,999.0,E,8,0.99,E,8,-9900,?,9,-9900,?,9,0.0,E,8,-9900,?,9,-9900,?,9,0.0,0.0,E,8
11/17/2020,02:00,0.0,1398.354,0.0,1,8,0.0,1,8,0.0,1,8,0.0,1,8,0.0,1,8,0.0,1,8,-0.0,1,8,-9900,?,9,-9900,?,9,20.8,E,8,16.89,E,8,78.0,E,8,1008.6016999999999,E,8,999.0,E,8,0.99,E,8,-9900,?,9,-9900,?,9,0.0,E,8,-9900,?,9,-9900,?,9,0.0,0.0,E,8
11/17/2020,03:00,0.0,1398.354,0.0,1,8,0.0,1,8,0.0,1,8,0.0,1,8,0.0,1,8,0.0,1,8,-0.0,1,8,-9900,?,9,-9900,?,9,20.48,E,8,16.85,E,8,79.0,E,8,1008.6016999999999,E,8,999.0,E,8,0.99,E,8,-9900,?,9,-9900,?,9,0.0,E,8,-9900,?,9,-9900,?,9,0.0,0.0,E,8
11/17/2020,04:00,0.0,1398.967,0.0,1,8,0.0,1,8,0.0,1,8,0.0,1,8,0.0,1,8,0.0,1,8,-0.0,1,8,-9900,?,9,-9900,?,9,20.16,E,8,16.8,E,8,81.0,E,8,1008.6016999999999,E,8,999.0,E,8,0.99,E,8,-9900,?,9,-9900,?,9,0.0,E,8,-9900,?,9,-9900,?,9,0.0,0.0,E,8
11/17/2020,05:00,0.0,1398.967,0.0,1,8,0.0,1,8,0.0,1,8,0.0,1,8,0.0,1,8,0.0,1,8,-0.0,1,8,-9900,?,9,-9900,?,9,19.88,E,8,16.76,E,8,82.0,E,8,1008.6016999999999,E,8,999.0,E,8,0.99,E,8,-9900,?,9,-9900,?,9,0.0,E,8,-9900,?,9,-9900,?,9,0.0,0.0,E,8
11/17/2020,06:00,158.641,1398.967,0.0,1,8,0.0,1,8,0.0,1,8,0.0,1,8,0.0,1,8,0.0,1,8,0.0,1,8,-9900,?,9,-9900,?,9,19.67,E,8,16.73,E,8,83.0,E,8,1008.6016999999999,E,8,999.0,E,8,0.99,E,8,-9900,?,9,-9900,?,9,0.0,E,8,-9900,?,9,-9900,?,9,0.0,0.0,E,8
11/17/2020,07:00,476.013,1398.967,150.92,1,8,40.128,1,8,137.296,1,8,18110.4,1,8,3812.165,1,8,15102.585,1,8,128.724,1,8,-9900,?,9,-9900,?,9,19.46,E,8,16.7,E,8,84.0,E,8,1008.6016999999999,E,8,999.0,E,8,0.99,E,8,-9900,?,9,-9900,?,9,0.0,E,8,-9900,?,9,-9900,?,9,0.0,0.0,E,8
11/17/2020,08:00,773.845,1398.967,418.6,1,8,337.963,1,8,231.778,1,8,50232.0,1,8,32106.489,1,8,25495.618,1,8,133.464,1,8,-9900,?,9,-9900,?,9,22.19,E,8,17.08,E,8,72.0,E,8,1008.6016999999999,E,8,999.0,E,8,0.99,E,8,-9900,?,9,-9900,?,9,0.0,E,8,-9900,?,9,-9900,?,9,0.0,0.0,E,8
11/17/2020,09:00,1030.472,1398.967,674.12,1,8,564.381,1,8,258.503,1,8,80894.4,1,8,53616.171,1,8,28435.326,1,8,111.736,1,8,-9900,?,9,-9900,?,9,23.44,E,8,17.26,E,8,68.0,E,8,1008.6016999999999,E,8,999.0,E,8,1.15,E,8,-9900,?,9,-9900,?,9,0.0,E,8,-9900,?,9,-9900,?,9,0.0,0.0,E,8
11/17/2020,10:00,1228.232,1398.967,890.1,1,8,718.709,1,8,259.16,1,8,106812.0,1,8,68277.38,1,8,28507.558,1,8,93.969,1,8,-9900,?,9,-9900,?,9,24.58,E,8,17.41,E,8,64.0,E,8,1008.6016999999999,E,8,999.0,E,8,1.27,E,8,-9900,?,9,-9900,?,9,0.0,E,8,-9900,?,9,-9900,?,9,0.0,0.0,E,8
11/17/2020,11:00,1353.611,1398.967,1038.29,1,8,886.017,1,8,181.016,1,8,124594.8,1,8,84171.654,1,8,19911.711,1,8,59.551,1,8,-9900,?,9,-9900,?,9,25.55,E,8,17.54,E,8,61.0,E,8,1008.6016999999999,E,8,999.0,E,8,1.78,E,8,-9900,?,9,-9900,?,9,0.0,E,8,-9900,?,9,-9900,?,9,0.0,0.0,E,8
11/17/2020,12:00,1398.06,1398.967,1121.48,1,8,999.134,1,8,122.995,1,8,134577.6,1,8,94917.74,1,8,13529.397,1,8,39.176,1,8,-9900,?,9,-9900,?,9,26.33,E,8,17.65,E,8,58.0,E,8,1008.6016999999999,E,8,999.0,E,8,2.41,E,8,-9900,?,9,-9900,?,9,0.0,E,8,-9900,?,9,-9900,?,9,0.0,0.0,E,8
11/17/2020,13:00,1358.56,1398.967,1128.56,1,8,941.207,1,8,214.555,1,8,135427.2,1,8,89414.652,1,8,23601.033,1,8,70.327,1,8,-9900,?,9,-9900,?,9,26.9,E,8,17.72,E,8,57.0,E,8,1008.6016999999999,E,8,999.0,E,8,3.21,E,8,-9900,?,9,-9900,?,9,0.0,E,8,-9900,?,9,-9900,?,9,0.0,0.0,E,8
11/17/2020,14:00,1237.824,1398.967,1055.16,1,8,970.173,1,8,196.808,1,8,126619.2,1,8,92166.425,1,8,21648.935,1,8,70.807,1,8,-9900,?,9,-9900,?,9,27.24,E,8,17.77,E,8,56.0,E,8,1008.6016999999999,E,8,999.0,E,8,3.61,E,8,-9900,?,9,-9900,?,9,0.0,E,8,-9900,?,9,-9900,?,9,0.0,0.0,E,8
11/17/2020,15:00,1044.113,1398.967,909.34,1,8,857.531,1,8,269.475,1,8,109120.8,1,8,81465.453,1,8,29642.243,1,8,114.956,1,8,-9900,?,9,-9900,?,9,27.35,E,8,17.78,E,8,55.0,E,8,1008.6016999999999,E,8,999.0,E,8,3.05,E,8,-9900,?,9,-9900,?,9,0.0,E,8,-9900,?,9,-9900,?,9,0.0,0.0,E,8
11/17/2020,16:00,790.69,1398.967,699.68,1,8,859.325,1,8,214.296,1,8,83961.6,1,8,81635.895,1,8,23572.597,1,8,120.764,1,8,-9900,?,9,-9900,?,9,27.15,E,8,17.75,E,8,56.0,E,8,1008.6016999999999,E,8,999.0,E,8,3.27,E,8,-9900,?,9,-9900,?,9,0.0,E,8,-9900,?,9,-9900,?,9,0.0,0.0,E,8
11/17/2020,17:00,495.006,1398.967,446.19,1,8,793.534,1,8,165.978,1,8,53542.8,1,8,75385.76,1,8,18257.551,1,8,149.616,1,8,-9900,?,9,-9900,?,9,26.61,E,8,17.68,E,8,58.0,E,8,1008.6016999999999,E,8,999.0,E,8,3.34,E,8,-9900,?,9,-9900,?,9,0.0,E,8,-9900,?,9,-9900,?,9,0.0,0.0,E,8
11/17/2020,18:00,178.38,1398.967,172.73,1,8,368.472,1,8,126.511,1,8,20727.6,1,8,35004.86,1,8,13916.246,1,8,321.046,1,8,-9900,?,9,-9900,?,9,25.79,E,8,17.57,E,8,60.0,E,8,1008.6016999999999,E,8,999.0,E,8,2.56,E,8,-9900,?,9,-9900,?,9,0.0,E,8,-9900,?,9,-9900,?,9,0.0,0.0,E,8
11/17/2020,19:00,0.0,1398.967,0.56,1,8,0.0,1,8,0.0,1,8,67.2,1,8,0.0,1,8,0.0,1,8,-0.0,1,8,-9900,?,9,-9900,?,9,25.08,E,8,17.48,E,8,62.0,E,8,1008.6016999999999,E,8,999.0,E,8,1.91,E,8,-9900,?,9,-9900,?,9,0.0,E,8,-9900,?,9,-9900,?,9,0.0,0.0,E,8
11/17/2020,20:00,0.0,1398.967,0.0,1,8,0.0,1,8,0.0,1,8,0.0,1,8,0.0,1,8,0.0,1,8,-0.0,1,8,-9900,?,9,-9900,?,9,24.37,E,8,17.38,E,8,65.0,E,8,1008.6016999999999,E,8,999.0,E,8,1.5,E,8,-9900,?,9,-9900,?,9,0.0,E,8,-9900,?,9,-9900,?,9,0.0,0.0,E,8
11/17/2020,21:00,0.0,1398.967,0.0,1,8,0.0,1,8,0.0,1,8,0.0,1,8,0.0,1,8,0.0,1,8,-0.0,1,8,-9900,?,9,-9900,?,9,23.66,E,8,17.29,E,8,67.0,E,8,1008.6016999999999,E,8,999.0,E,8,0.99,E,8,-9900,?,9,-9900,?,9,0.0,E,8,-9900,?,9,-9900,?,9,0.0,0.0,E,8
11/17/2020,22:00,0.0,1398.967,0.0,1,8,0.0,1,8,0.0,1,8,0.0,1,8,0.0,1,8,0.0,1,8,-0.0,1,8,-9900,?,9,-9900,?,9,22.95,E,8,17.19,E,8,70.0,E,8,1008.6016999999999,E,8,999.0,E,8,0.99,E,8,-9900,?,9,-9900,?,9,0.0,E,8,-9900,?,9,-9900,?,9,0.0,0.0,E,8
11/17/2020,23:00,0.0,1398.967,0.0,1,8,0.0,1,8,0.0,1,8,0.0,1,8,0.0,1,8,0.0,1,8,-0.0,1,8,-9900,?,9,-9900,?,9,22.24,E,8,17.09,E,8,72.0,E,8,1008.6016999999999,E,8,999.0,E,8,0.99,E,8,-9900,?,9,-9900,?,9,0.0,E,8,-9900,?,9,-9900,?,9,0.0,0.0,E,8
11/17/2020,24:00,0.0,1398.967,0.0,1,8,0.0,1,8,0.0,1,8,0.0,1,8,0.0,1,8,0.0,1,8,-0.0,1,8,-9900,?,9,-9900,?,9,21.53,E,8,17.3,E,8,76.0,E,8,1008.6016999999999,E,8,999.0,E,8,1.71,E,8,-9900,?,9,-9900,?,9,0.0,E,8,-9900,?,9,-9900,?,9,0.0,0.0,E,8
11/18/2020,01:00,0.0,1398.967,0.0,1,8,0.0,1,8,0.0,1,8,0.0,1,8,0.0,1,8,0.0,1,8,-0.0,1,8,-9900,?,9,-9900,?,9,21.17,E,8,17.29,E,8,78.0,E,8,1008.6016999999999,E,8,999.0,E,8,1.71,E,8,-9900,?,9,-9900,?,9,0.0,E,8,-9900,?,9,-9900,?,9,0.0,0.0,E,8
11/18/2020,02:00,0.0,1398.967,0.0,1,8,0.0,1,8,0.0,1,8,0.0,1,8,0.0,1,8,0.0,1,8,-0.0,1,8,-9900,?,9,-9900,?,9,20.82,E,8,17.27,E,8,80.0,E,8,1008.6016999999999,E,8,999.0,E,8,1.71,E,8,-9900,?,9,-9900,?,9,0.0,E,8,-9900,?,9,-9900,?,9,0.0,0.0,E,8
11/18/2020,03:00,0.0,1398.967,0.0,1,8,0.0,1,8,0.0,1,8,0.0,1,8,0.0,1,8,0.0,1,8,-0.0,1,8,-9900,?,9,-9900,?,9,20.46,E,8,17.25,E,8,81.0,E,8,1008.6016999999999,E,8,999.0,E,8,1.71,E,8,-9900,?,9,-9900,?,9,0.0,E,8,-9900,?,9,-9900,?,9,0.0,0.0,E,8
11/18/2020,04:00,0.0,1399.571,0.0,1,8,0.0,1,8,0.0,1,8,0.0,1,8,0.0,1,8,0.0,1,8,-0.0,1,8,-9900,?,9,-9900,?,9,20.11,E,8,17.23,E,8,83.0,E,8,1008.6016999999999,E,8,999.0,E,8,1.71,E,8,-9900,?,9,-9900,?,9,0.0,E,8,-9900,?,9,-9900,?,9,0.0,0.0,E,8
11/18/2020,05:00,0.0,1399.571,0.0,1,8,0.0,1,8,0.0,1,8,0.0,1,8,0.0,1,8,0.0,1,8,-0.0,1,8,-9900,?,9,-9900,?,9,19.79,E,8,17.21,E,8,85.0,E,8,1008.6016999999999,E,8,999.0,E,8,1.71,E,8,-9900,?,9,-9900,?,9,0.0,E,8,-9900,?,9,-9900,?,9,0.0,0.0,E,8
11/18/2020,06:00,159.586,1399.571,0.0,1,8,0.0,1,8,0.0,1,8,0.0,1,8,0.0,1,8,0.0,1,8,0.0,1,8,-9900,?,9,-9900,?,9,19.56,E,8,17.2,E,8,86.0,E,8,1008.6016999999999,E,8,999.0,E,8,1.71,E,8,-9900,?,9,-9900,?,9,0.0,E,8,-9900,?,9,-9900,?,9,0.0,0.0,E,8
11/18/2020,07:00,476.676,1399.571,159.53,1,8,61.309,1,8,138.695,1,8,19143.6,1,8,5824.348,1,8,15256.459,1,8,129.91,1,8,-9900,?,9,-9900,?,9,19.32,E,8,17.19,E,8,87.0,E,8,1008.6016999999999,E,8,999.0,E,8,1.71,E,8,-9900,?,9,-9900,?,9,0.0,E,8,-9900,?,9,-9900,?,9,0.0,0.0,E,8
11/18/2020,08:00,774.309,1399.571,440.77,1,8,364.924,1,8,239.011,1,8,52892.4,1,8,34667.762,1,8,26291.191,1,8,137.606,1,8,-9900,?,9,-9900,?,9,21.91,E,8,17.32,E,8,75.0,E,8,1008.6016999999999,E,8,999.0,E,8,1.71,E,8,-9900,?,9,-9900,?,9,0.0,E,8,-9900,?,9,-9900,?,9,0.0,0.0,E,8
11/18/2020,09:00,1030.847,1399.571,705.56,1,8,642.965,1,8,232.105,1,8,84667.2,1,8,61081.697,1,8,25531.508,1,8,100.333,1,8,-9900,?,9,-9900,?,9,23.08,E,8,17.39,E,8,70.0,E,8,1008.6016999999999,E,8,999.0,E,8,1.71,E,8,-9900,?,9,-9900,?,9,0.0,E,8,-9900,?,9,-9900,?,9,0.0,0.0,E,8
11/18/2020,10:00,1228.634,1399.571,926.29,1,8,835.758,1,8,192.672,1,8,111154.8,1,8,79397.022,1,8,21193.904,1,8,69.868,1,8,-9900,?,9,-9900,?,9,24.14,E,8,17.44,E,8,66.0,E,8,1008.6016999999999,E,8,999.0,E,8,1.71,E,8,-9900,?,9,-9900,?,9,0.0,E,8,-9900,?,9,-9900,?,9,0.0,0.0,E,8
11/18/2020,11:00,1354.153,1399.571,1080.72,1,8,1001.42,1,8,111.817,1,8,129686.4,1,8,95134.906,1,8,12299.863,1,8,36.787,1,8,-9900,?,9,-9900,?,9,25.04,E,8,17.49,E,8,62.0,E,8,1008.6016999999999,E,8,999.0,E,8,1.71,E,8,-9900,?,9,-9900,?,9,0.0,E,8,-9900,?,9,-9900,?,9,0.0,0.0,E,8
11/18/2020,12:00,1398.847,1399.571,1158.89,1,8,931.841,1,8,227.531,1,8,139066.8,1,8,88524.921,1,8,25028.43,1,8,72.463,1,8,-9900,?,9,-9900,?,9,25.75,E,8,17.53,E,8,60.0,E,8,1008.6016999999999,E,8,999.0,E,8,1.71,E,8,-9900,?,9,-9900,?,9,0.0,E,8,-9900,?,9,-9900,?,9,0.0,0.0,E,8
11/18/2020,13:00,1359.68,1399.571,1152.49,1,8,962.777,1,8,217.171,1,8,138298.8,1,8,91463.809,1,8,23888.774,1,8,71.157,1,8,-9900,?,9,-9900,?,9,26.25,E,8,17.55,E,8,58.0,E,8,1008.6016999999999,E,8,999.0,E,8,1.71,E,8,-9900,?,9,-9900,?,9,0.0,E,8,-9900,?,9,-9900,?,9,0.0,0.0,E,8
11/18/2020,14:00,1239.342,1399.571,1067.36,1,8,974.34,1,8,204.636,1,8,128083.2,1,8,92562.326,1,8,22509.988,1,8,73.565,1,8,-9900,?,9,-9900,?,9,26.54,E,8,17.57,E,8,57.0,E,8,1008.6016999999999,E,8,999.0,E,8,1.71,E,8,-9900,?,9,-9900,?,9,0.0,E,8,-9900,?,9,-9900,?,9,0.0,0.0,E,8
11/18/2020,15:00,1046.065,1399.571,909.42,1,8,914.74,1,8,225.885,1,8,109130.4,1,8,86900.344,1,8,24847.311,1,8,96.222,1,8,-9900,?,9,-9900,?,9,26.61,E,8,17.57,E,8,57.0,E,8,1008.6016999999999,E,8,999.0,E,8,1.71,E,8,-9900,?,9,-9900,?,9,0.0,E,8,-9900,?,9,-9900,?,9,0.0,0.0,E,8
11/18/2020,16:00,793.083,1399.571,687.86,1,8,864.665,1,8,198.191,1,8,82543.2,1,8,82143.169,1,8,21801.006,1,8,111.398,1,8,-9900,?,9,-9900,?,9,26.38,E,8,17.56,E,8,58.0,E,8,1008.6016999999999,E,8,999.0,E,8,1.71,E,8,-9900,?,9,-9900,?,9,0.0,E,8,-9900,?,9,-9900,?,9,0.0,0.0,E,8
11/18/2020,17:00,497.814,1399.571,425.9,1,8,809.63,1,8,138.5,1,8,51108.0,1,8,76914.85,1,8,15234.951,1,8,124.193,1,8,-9900,?,9,-9900,?,9,25.84,E,8,17.53,E,8,60.0,E,8,1008.6016999999999,E,8,999.0,E,8,1.71,E,8,-9900,?,9,-9900,?,9,0.0,E,8,-9900,?,9,-9900,?,9,0.0,0.0,E,8
11/18/2020,18:00,181.517,1399.571,155.48,1,8,451.542,1,8,97.84,1,8,18657.6,1,8,42896.524,1,8,10762.415,1,8,243.974,1,8,-9900,?,9,-9900,?,9,25.06,E,8,17.49,E,8,62.0,E,8,1008.6016999999999,E,8,999.0,E,8,1.71,E,8,-9900,?,9,-9900,?,9,0.0,E,8,-9900,?,9,-9900,?,9,0.0,0.0,E,8
11/18/2020,19:00,0.0,1399.571,0.49,1,8,0.0,1,8,0.0,1,8,58.8,1,8,0.0,1,8,0.0,1,8,-0.0,1,8,-9900,?,9,-9900,?,9,24.44,E,8,17.46,E,8,65.0,E,8,1008.6016999999999,E,8,999.0,E,8,1.71,E,8,-9900,?,9,-9900,?,9,0.0,E,8,-9900,?,9,-9900,?,9,0.0,0.0,E,8
11/18/2020,20:00,0.0,1399.571,0.0,1,8,0.0,1,8,0.0,1,8,0.0,1,8,0.0,1,8,0.0,1,8,-0.0,1,8,-9900,?,9,-9900,?,9,23.83,E,8,17.43,E,8,67.0,E,8,1008.6016999999999,E,8,999.0,E,8,1.71,E,8,-9900,?,9,-9900,?,9,0.0,E,8,-9900,?,9,-9900,?,9,0.0,0.0,E,8
11/18/2020,21:00,0.0,1399.571,0.0,1,8,0.0,1,8,0.0,1,8,0.0,1,8,0.0,1,8,0.0,1,8,-0.0,1,8,-9900,?,9,-9900,?,9,23.21,E,8,17.39,E,8,69.0,E,8,1008.6016999999999,E,8,999.0,E,8,1.71,E,8,-9900,?,9,-9900,?,9,0.0,E,8,-9900,?,9,-9900,?,9,0.0,0.0,E,8
11/18/2020,22:00,0.0,1399.571,0.0,1,8,0.0,1,8,0.0,1,8,0.0,1,8,0.0,1,8,0.0,1,8,-0.0,1,8,-9900,?,9,-9900,?,9,22.6,E,8,17.36,E,8,72.0,E,8,1008.6016999999999,E,8,999.0,E,8,1.71,E,8,-9900,?,9,-9900,?,9,0.0,E,8,-9900,?,9,-9900,?,9,0.0,0.0,E,8
11/18/2020,23:00,0.0,1399.571,0.0,1,8,0.0,1,8,0.0,1,8,0.0,1,8,0.0,1,8,0.0,1,8,-0.0,1,8,-9900,?,9,-9900,?,9,21.98,E,8,17.33,E,8,74.0,E,8,1008.6016999999999,E,8,999.0,E,8,1.71,E,8,-9900,?,9,-9900,?,9,0.0,E,8,-9900,?,9,-9900,?,9,0.0,0.0,E,8
11/18/2020,24:00,0.0,1399.571,0.0,1,8,0.0,1,8,0.0,1,8,0.0,1,8,0.0,1,8,0.0,1,8,-0.0,1,8,-9900,?,9,-9900,?,9,21.36,E,8,16.65,E,8,74.0,E,8,1008.6016999999999,E,8,999.0,E,8,1.25,E,8,-9900,?,9,-9900,?,9,0.0,E,8,-9900,?,9,-9900,?,9,0.0,0.0,E,8
11/19/2020,01:00,0.0,1399.571,0.0,1,8,0.0,1,8,0.0,1,8,0.0,1,8,0.0,1,8,0.0,1,8,-0.0,1,8,-9900,?,9,-9900,?,9,21.06,E,8,16.58,E,8,75.0,E,8,1008.6016999999999,E,8,999.0,E,8,1.25,E,8,-9900,?,9,-9900,?,9,0.0,E,8,-9900,?,9,-9900,?,9,0.0,0.0,E,8
11/19/2020,02:00,0.0,1399.571,0.0,1,8,0.0,1,8,0.0,1,8,0.0,1,8,0.0,1,8,0.0,1,8,-0.0,1,8,-9900,?,9,-9900,?,9,20.75,E,8,16.52,E,8,76.0,E,8,1008.6016999999999,E,8,999.0,E,8,1.25,E,8,-9900,?,9,-9900,?,9,0.0,E,8,-9900,?,9,-9900,?,9,0.0,0.0,E,8
11/19/2020,03:00,0.0,1399.571,0.0,1,8,0.0,1,8,0.0,1,8,0.0,1,8,0.0,1,8,0.0,1,8,-0.0,1,8,-9900,?,9,-9900,?,9,20.44,E,8,16.46,E,8,77.0,E,8,1008.6016999999999,E,8,999.0,E,8,1.25,E,8,-9900,?,9,-9900,?,9,0.0,E,8,-9900,?,9,-9900,?,9,0.0,0.0,E,8
11/19/2020,04:00,0.0,1400.165,0.0,1,8,0.0,1,8,0.0,1,8,0.0,1,8,0.0,1,8,0.0,1,8,-0.0,1,8,-9900,?,9,-9900,?,9,20.13,E,8,16.39,E,8,79.0,E,8,1008.6016999999999,E,8,999.0,E,8,1.25,E,8,-9900,?,9,-9900,?,9,0.0,E,8,-9900,?,9,-9900,?,9,0.0,0.0,E,8
11/19/2020,05:00,0.0,1400.165,0.0,1,8,0.0,1,8,0.0,1,8,0.0,1,8,0.0,1,8,0.0,1,8,-0.0,1,8,-9900,?,9,-9900,?,9,19.86,E,8,16.34,E,8,80.0,E,8,1008.6016999999999,E,8,999.0,E,8,1.25,E,8,-9900,?,9,-9900,?,9,0.0,E,8,-9900,?,9,-9900,?,9,0.0,0.0,E,8
11/19/2020,06:00,160.412,1400.165,0.0,1,8,0.0,1,8,0.0,1,8,0.0,1,8,0.0,1,8,0.0,1,8,0.0,1,8,-9900,?,9,-9900,?,9,19.66,E,8,16.3,E,8,80.0,E,8,1008.6016999999999,E,8,999.0,E,8,1.25,E,8,-9900,?,9,-9900,?,9,0.0,E,8,-9900,?,9,-9900,?,9,0.0,0.0,E,8
11/19/2020,07:00,477.223,1400.165,149.62,1,8,37.49,1,8,136.87,1,8,17954.4,1,8,3561.565,1,8,15055.731,1,8,128.108,1,8,-9900,?,9,-9900,?,9,19.45,E,8,16.25,E,8,81.0,E,8,1008.6016999999999,E,8,999.0,E,8,1.25,E,8,-9900,?,9,-9900,?,9,0.0,E,8,-9900,?,9,-9900,?,9,0.0,0.0,E,8
11/19/2020,08:00,774.667,1400.165,410.02,1,8,312.89,1,8,237.023,1,8,49202.4,1,8,29724.571,1,8,26072.486,1,8,136.456,1,8,-9900,?,9,-9900,?,9,22.08,E,8,16.79,E,8,71.0,E,8,1008.6016999999999,E,8,999.0,E,8,1.25,E,8,-9900,?,9,-9900,?,9,0.0,E,8,-9900,?,9,-9900,?,9,0.0,0.0,E,8
11/19/2020,09:00,1031.129,1400.165,661.73,1,8,533.125,1,8,269.216,1,8,79407.6,1,8,50646.895,1,8,29613.751,1,8,116.392,1,8,-9900,?,9,-9900,?,9,23.27,E,8,17.03,E,8,67.0,E,8,1008.6016999999999,E,8,999.0,E,8,1.25,E,8,-9900,?,9,-9900,?,9,0.0,E,8,-9900,?,9,-9900,?,9,0.0,0.0,E,8
11/19/2020,10:00,1228.959,1400.165,869.79,1,8,654.214,1,8,295.621,1,8,104374.8,1,8,62150.369,1,8,32518.261,1,8,107.217,1,8,-9900,?,9,-9900,?,9,24.36,E,8,17.25,E,8,64.0,E,8,1008.6016999999999,E,8,999.0,E,8,1.25,E,8,-9900,?,9,-9900,?,9,0.0,E,8,-9900,?,9,-9900,?,9,0.0,0.0,E,8
11/19/2020,11:00,1354.637,1400.165,1017.38,1,8,815.797,1,8,228.126,1,8,122085.6,1,8,77500.68,1,8,25093.855,1,8,75.057,1,8,-9900,?,9,-9900,?,9,25.28,E,8,17.43,E,8,61.0,E,8,1008.6016999999999,E,8,999.0,E,8,1.25,E,8,-9900,?,9,-9900,?,9,0.0,E,8,-9900,?,9,-9900,?,9,0.0,0.0,E,8
11/19/2020,12:00,1399.595,1400.165,1100.66,1,8,944.916,1,8,156.129,1,8,132079.2,1,8,89767.048,1,8,17174.166,1,8,49.718,1,8,-9900,?,9,-9900,?,9,26.03,E,8,17.57,E,8,59.0,E,8,1008.6016999999999,E,8,999.0,E,8,2.12,E,8,-9900,?,9,-9900,?,9,0.0,E,8,-9900,?,9,-9900,?,9,0.0,0.0,E,8
11/19/2020,13:00,1360.779,1400.165,1103.6,1,8,904.943,1,8,224.128,1,8,132432.0,1,8,85969.599,1,8,24654.047,1,8,73.408,1,8,-9900,?,9,-9900,?,9,26.57,E,8,17.68,E,8,58.0,E,8,1008.6016999999999,E,8,999.0,E,8,2.72,E,8,-9900,?,9,-9900,?,9,0.0,E,8,-9900,?,9,-9900,?,9,0.0,0.0,E,8
11/19/2020,14:00,1240.854,1400.165,1031.94,1,8,955.011,1,8,185.658,1,8,123832.8,1,8,90726.077,1,8,20422.362,1,8,66.689,1,8,-9900,?,9,-9900,?,9,26.89,E,8,17.74,E,8,57.0,E,8,1008.6016999999999,E,8,999.0,E,8,3.58,E,8,-9900,?,9,-9900,?,9,0.0,E,8,-9900,?,9,-9900,?,9,0.0,0.0,E,8
11/19/2020,15:00,1048.025,1400.165,888.2,1,8,857.728,1,8,246.338,1,8,106584.0,1,8,81484.115,1,8,27097.198,1,8,104.783,1,8,-9900,?,9,-9900,?,9,26.99,E,8,17.76,E,8,57.0,E,8,1008.6016999999999,E,8,999.0,E,8,3.78,E,8,-9900,?,9,-9900,?,9,0.0,E,8,-9900,?,9,-9900,?,9,0.0,0.0,E,8
11/19/2020,16:00,795.493,1400.165,682.43,1,8,866.993,1,8,190.158,1,8,81891.6,1,8,82364.327,1,8,20917.353,1,8,106.604,1,8,-9900,?,9,-9900,?,9,26.8,E,8,17.72,E,8,57.0,E,8,1008.6016999999999,E,8,999.0,E,8,3.06,E,8,-9900,?,9,-9900,?,9,0.0,E,8,-9900,?,9,-9900,?,9,0.0,0.0,E,8
11/19/2020,17:00,500.642,1400.165,438.68,1,8,764.346,1,8,165.922,1,8,52641.6,1,8,72612.866,1,8,18251.468,1,8,148.002,1,8,-9900,?,9,-9900,?,9,26.28,E,8,17.62,E,8,58.0,E,8,1008.6016999999999,E,8,999.0,E,8,2.14,E,8,-9900,?,9,-9900,?,9,0.0,E,8,-9900,?,9,-9900,?,9,0.0,0.0,E,8
11/19/2020,18:00,184.674,1400.165,174.77,1,8,403.925,1,8,122.308,1,8,20972.4,1,8,38372.831,1,8,13453.84,1,8,299.748,1,8,-9900,?,9,-9900,?,9,25.51,E,8,17.47,E,8,61.0,E,8,1008.6016999999999,E,8,999.0,E,8,2.3,E,8,-9900,?,9,-9900,?,9,0.0,E,8,-9900,?,9,-9900,?,9,0.0,0.0,E,8
11/19/2020,19:00,0.0,1400.165,1.28,1,8,0.0,1,8,0.0,1,8,153.6,1,8,0.0,1,8,0.0,1,8,-0.0,1,8,-9900,?,9,-9900,?,9,24.87,E,8,17.35,E,8,62.0,E,8,1008.6016999999999,E,8,999.0,E,8,1.25,E,8,-9900,?,9,-9900,?,9,0.0,E,8,-9900,?,9,-9900,?,9,0.0,0.0,E,8
11/19/2020,20:00,0.0,1400.165,0.0,1,8,0.0,1,8,0.0,1,8,0.0,1,8,0.0,1,8,0.0,1,8,-0.0,1,8,-9900,?,9,-9900,?,9,24.23,E,8,17.22,E,8,64.0,E,8,1008.6016999999999,E,8,999.0,E,8,1.25,E,8,-9900,?,9,-9900,?,9,0.0,E,8,-9900,?,9,-9900,?,9,0.0,0.0,E,8
11/19/2020,21:00,0.0,1400.165,0.0,1,8,0.0,1,8,0.0,1,8,0.0,1,8,0.0,1,8,0.0,1,8,-0.0,1,8,-9900,?,9,-9900,?,9,23.59,E,8,17.1,E,8,66.0,E,8,1008.6016999999999,E,8,999.0,E,8,1.25,E,8,-9900,?,9,-9900,?,9,0.0,E,8,-9900,?,9,-9900,?,9,0.0,0.0,E,8
11/19/2020,22:00,0.0,1400.165,0.0,1,8,0.0,1,8,0.0,1,8,0.0,1,8,0.0,1,8,0.0,1,8,-0.0,1,8,-9900,?,9,-9900,?,9,22.95,E,8,16.97,E,8,69.0,E,8,1008.6016999999999,E,8,999.0,E,8,1.25,E,8,-9900,?,9,-9900,?,9,0.0,E,8,-9900,?,9,-9900,?,9,0.0,0.0,E,8
11/19/2020,23:00,0.0,1400.165,0.0,1,8,0.0,1,8,0.0,1,8,0.0,1,8,0.0,1,8,0.0,1,8,-0.0,1,8,-9900,?,9,-9900,?,9,22.31,E,8,16.84,E,8,71.0,E,8,1008.6016999999999,E,8,999.0,E,8,1.25,E,8,-9900,?,9,-9900,?,9,0.0,E,8,-9900,?,9,-9900,?,9,0.0,0.0,E,8
11/19/2020,24:00,0.0,1400.165,0.0,1,8,0.0,1,8,0.0,1,8,0.0,1,8,0.0,1,8,0.0,1,8,-0.0,1,8,-9900,?,9,-9900,?,9,21.67,E,8,16.87,E,8,74.0,E,8,1008.6016999999999,E,8,999.0,E,8,1.29,E,8,-9900,?,9,-9900,?,9,0.0,E,8,-9900,?,9,-9900,?,9,0.0,0.0,E,8
11/20/2020,01:00,0.0,1400.165,0.0,1,8,0.0,1,8,0.0,1,8,0.0,1,8,0.0,1,8,0.0,1,8,-0.0,1,8,-9900,?,9,-9900,?,9,21.35,E,8,16.93,E,8,75.0,E,8,1008.6016999999999,E,8,999.0,E,8,1.29,E,8,-9900,?,9,-9900,?,9,0.0,E,8,-9900,?,9,-9900,?,9,0.0,0.0,E,8
11/20/2020,02:00,0.0,1400.165,0.0,1,8,0.0,1,8,0.0,1,8,0.0,1,8,0.0,1,8,0.0,1,8,-0.0,1,8,-9900,?,9,-9900,?,9,21.03,E,8,16.99,E,8,77.0,E,8,1008.6016999999999,E,8,999.0,E,8,1.29,E,8,-9900,?,9,-9900,?,9,0.0,E,8,-9900,?,9,-9900,?,9,0.0,0.0,E,8
11/20/2020,03:00,0.0,1400.165,0.0,1,8,0.0,1,8,0.0,1,8,0.0,1,8,0.0,1,8,0.0,1,8,-0.0,1,8,-9900,?,9,-9900,?,9,20.71,E,8,17.04,E,8,79.0,E,8,1008.6016999999999,E,8,999.0,E,8,1.29,E,8,-9900,?,9,-9900,?,9,0.0,E,8,-9900,?,9,-9900,?,9,0.0,0.0,E,8
11/20/2020,04:00,0.0,1400.749,0.0,1,8,0.0,1,8,0.0,1,8,0.0,1,8,0.0,1,8,0.0,1,8,-0.0,1,8,-9900,?,9,-9900,?,9,20.39,E,8,17.1,E,8,81.0,E,8,1008.6016999999999,E,8,999.0,E,8,1.29,E,8,-9900,?,9,-9900,?,9,0.0,E,8,-9900,?,9,-9900,?,9,0.0,0.0,E,8
11/20/2020,05:00,0.0,1400.749,0.0,1,8,0.0,1,8,0.0,1,8,0.0,1,8,0.0,1,8,0.0,1,8,-0.0,1,8,-9900,?,9,-9900,?,9,20.11,E,8,17.15,E,8,83.0,E,8,1008.6016999999999,E,8,999.0,E,8,1.29,E,8,-9900,?,9,-9900,?,9,0.0,E,8,-9900,?,9,-9900,?,9,0.0,0.0,E,8
11/20/2020,06:00,161.12,1400.749,0.0,1,8,0.0,1,8,0.0,1,8,0.0,1,8,0.0,1,8,0.0,1,8,0.0,1,8,-9900,?,9,-9900,?,9,19.9,E,8,17.18,E,8,84.0,E,8,1008.6016999999999,E,8,999.0,E,8,1.29,E,8,-9900,?,9,-9900,?,9,0.0,E,8,-9900,?,9,-9900,?,9,0.0,0.0,E,8
11/20/2020,07:00,477.655,1400.749,166.44,1,8,75.397,1,8,140.786,1,8,19972.8,1,8,7162.678,1,8,15486.504,1,8,131.709,1,8,-9900,?,9,-9900,?,9,19.69,E,8,17.22,E,8,85.0,E,8,1008.6016999999999,E,8,999.0,E,8,1.29,E,8,-9900,?,9,-9900,?,9,0.0,E,8,-9900,?,9,-9900,?,9,0.0,0.0,E,8
11/20/2020,08:00,774.921,1400.749,457.05,1,8,365.166,1,8,255.168,1,8,54846.0,1,8,34690.733,1,8,28068.453,1,8,146.916,1,8,-9900,?,9,-9900,?,9,22.4,E,8,16.74,E,8,70.0,E,8,1008.6016999999999,E,8,999.0,E,8,1.29,E,8,-9900,?,9,-9900,?,9,0.0,E,8,-9900,?,9,-9900,?,9,0.0,0.0,E,8
11/20/2020,09:00,1031.32,1400.749,733.63,1,8,695.899,1,8,221.392,1,8,88035.6,1,8,66110.446,1,8,24353.135,1,8,95.739,1,8,-9900,?,9,-9900,?,9,23.62,E,8,16.52,E,8,64.0,E,8,1008.6016999999999,E,8,999.0,E,8,1.29,E,8,-9900,?,9,-9900,?,9,0.0,E,8,-9900,?,9,-9900,?,9,0.0,0.0,E,8
11/20/2020,10:00,1229.209,1400.749,962.82,1,8,897.515,1,8,175.286,1,8,115538.4,1,8,85263.941,1,8,19281.515,1,8,63.587,1,8,-9900,?,9,-9900,?,9,24.73,E,8,16.32,E,8,59.0,E,8,1008.6016999999999,E,8,999.0,E,8,1.29,E,8,-9900,?,9,-9900,?,9,0.0,E,8,-9900,?,9,-9900,?,9,0.0,0.0,E,8
11/20/2020,11:00,1355.064,1400.749,1127.65,1,8,985.087,1,8,174.71,1,8,135318.0,1,8,93583.277,1,8,19218.137,1,8,57.488,1,8,-9900,?,9,-9900,?,9,25.68,E,8,16.14,E,8,55.0,E,8,1008.6016999999999,E,8,999.0,E,8,1.88,E,8,-9900,?,9,-9900,?,9,0.0,E,8,-9900,?,9,-9900,?,9,0.0,0.0,E,8
11/20/2020,12:00,1400.305,1400.749,1212.55,1,8,1017.295,1,8,195.578,1,8,145506.0,1,8,96643.029,1,8,21513.574,1,8,62.274,1,8,-9900,?,9,-9900,?,9,26.44,E,8,16.0,E,8,52.0,E,8,1008.6016999999999,E,8,999.0,E,8,1.92,E,8,-9900,?,9,-9900,?,9,0.0,E,8,-9900,?,9,-9900,?,9,0.0,0.0,E,8
11/20/2020,13:00,1361.857,1400.749,1213.68,1,8,1024.805,1,8,217.346,1,8,145641.6,1,8,97356.478,1,8,23908.028,1,8,71.16,1,8,-9900,?,9,-9900,?,9,26.98,E,8,15.9,E,8,50.0,E,8,1008.6016999999999,E,8,999.0,E,8,2.66,E,8,-9900,?,9,-9900,?,9,0.0,E,8,-9900,?,9,-9900,?,9,0.0,0.0,E,8
11/20/2020,14:00,1242.361,1400.749,1129.59,1,8,920.049,1,8,313.64,1,8,135550.8,1,8,87404.622,1,8,34500.366,1,8,112.571,1,8,-9900,?,9,-9900,?,9,27.29,E,8,15.84,E,8,49.0,E,8,1008.6016999999999,E,8,999.0,E,8,3.13,E,8,-9900,?,9,-9900,?,9,0.0,E,8,-9900,?,9,-9900,?,9,0.0,0.0,E,8
11/20/2020,15:00,1049.991,1400.749,966.81,1,8,841.799,1,8,335.948,1,8,116017.2,1,8,79970.909,1,8,36954.295,1,8,142.691,1,8,-9900,?,9,-9900,?,9,27.38,E,8,15.83,E,8,49.0,E,8,1008.6016999999999,E,8,999.0,E,8,3.19,E,8,-9900,?,9,-9900,?,9,0.0,E,8,-9900,?,9,-9900,?,9,0.0,0.0,E,8
11/20/2020,16:00,797.917,1400.749,737.54,1,8,879.359,1,8,236.931,1,8,88504.8,1,8,83539.084,1,8,26062.455,1,8,132.477,1,8,-9900,?,9,-9900,?,9,27.16,E,8,15.87,E,8,50.0,E,8,1008.6016999999999,E,8,999.0,E,8,2.49,E,8,-9900,?,9,-9900,?,9,0.0,E,8,-9900,?,9,-9900,?,9,0.0,0.0,E,8
11/20/2020,17:00,503.488,1400.749,465.81,1,8,824.587,1,8,169.999,1,8,55897.2,1,8,78335.769,1,8,18699.868,1,8,150.84,1,8,-9900,?,9,-9900,?,9,26.62,E,8,15.97,E,8,52.0,E,8,1008.6016999999999,E,8,999.0,E,8,2.58,E,8,-9900,?,9,-9900,?,9,0.0,E,8,-9900,?,9,-9900,?,9,0.0,0.0,E,8
11/20/2020,18:00,187.85,1400.749,180.02,1,8,394.596,1,8,127.885,1,8,21602.4,1,8,37486.582,1,8,14067.31,1,8,308.098,1,8,-9900,?,9,-9900,?,9,25.82,E,8,16.12,E,8,55.0,E,8,1008.6016999999999,E,8,999.0,E,8,2.19,E,8,-9900,?,9,-9900,?,9,0.0,E,8,-9900,?,9,-9900,?,9,0.0,0.0,E,8
11/20/2020,19:00,0.0,1400.749,0.82,1,8,0.0,1,8,0.0,1,8,98.4,1,8,0.0,1,8,0.0,1,8,-0.0,1,8,-9900,?,9,-9900,?,9,25.23,E,8,16.23,E,8,57.0,E,8,1008.6016999999999,E,8,999.0,E,8,1.52,E,8,-9900,?,9,-9900,?,9,0.0,E,8,-9900,?,9,-9900,?,9,0.0,0.0,E,8
11/20/2020,20:00,0.0,1400.749,0.0,1,8,0.0,1,8,0.0,1,8,0.0,1,8,0.0,1,8,0.0,1,8,-0.0,1,8,-9900,?,9,-9900,?,9,24.65,E,8,16.33,E,8,59.0,E,8,1008.6016999999999,E,8,999.0,E,8,1.29,E,8,-9900,?,9,-9900,?,9,0.0,E,8,-9900,?,9,-9900,?,9,0.0,0.0,E,8
11/20/2020,21:00,0.0,1400.749,0.0,1,8,0.0,1,8,0.0,1,8,0.0,1,8,0.0,1,8,0.0,1,8,-0.0,1,8,-9900,?,9,-9900,?,9,24.06,E,8,16.44,E,8,62.0,E,8,1008.6016999999999,E,8,999.0,E,8,1.29,E,8,-9900,?,9,-9900,?,9,0.0,E,8,-9900,?,9,-9900,?,9,0.0,0.0,E,8
11/20/2020,22:00,0.0,1400.749,0.0,1,8,0.0,1,8,0.0,1,8,0.0,1,8,0.0,1,8,0.0,1,8,-0.0,1,8,-9900,?,9,-9900,?,9,23.47,E,8,16.55,E,8,65.0,E,8,1008.6016999999999,E,8,999.0,E,8,1.29,E,8,-9900,?,9,-9900,?,9,0.0,E,8,-9900,?,9,-9900,?,9,0.0,0.0,E,8
11/20/2020,23:00,0.0,1400.749,0.0,1,8,0.0,1,8,0.0,1,8,0.0,1,8,0.0,1,8,0.0,1,8,-0.0,1,8,-9900,?,9,-9900,?,9,22.88,E,8,16.66,E,8,67.0,E,8,1008.6016999999999,E,8,999.0,E,8,1.29,E,8,-9900,?,9,-9900,?,9,0.0,E,8,-9900,?,9,-9900,?,9,0.0,0.0,E,8
11/20/2020,24:00,0.0,1400.749,0.0,1,8,0.0,1,8,0.0,1,8,0.0,1,8,0.0,1,8,0.0,1,8,-0.0,1,8,-9900,?,9,-9900,?,9,22.3,E,8,17.43,E,8,73.0,E,8,1008.6016999999999,E,8,999.0,E,8,1.03,E,8,-9900,?,9,-9900,?,9,0.0,E,8,-9900,?,9,-9900,?,9,0.0,0.0,E,8
11/21/2020,01:00,0.0,1400.749,0.0,1,8,0.0,1,8,0.0,1,8,0.0,1,8,0.0,1,8,0.0,1,8,-0.0,1,8,-9900,?,9,-9900,?,9,22.0,E,8,17.46,E,8,75.0,E,8,1008.6016999999999,E,8,999.0,E,8,1.03,E,8,-9900,?,9,-9900,?,9,0.0,E,8,-9900,?,9,-9900,?,9,0.0,0.0,E,8
11/21/2020,02:00,0.0,1400.749,0.0,1,8,0.0,1,8,0.0,1,8,0.0,1,8,0.0,1,8,0.0,1,8,-0.0,1,8,-9900,?,9,-9900,?,9,21.71,E,8,17.49,E,8,76.0,E,8,1008.6016999999999,E,8,999.0,E,8,1.03,E,8,-9900,?,9,-9900,?,9,0.0,E,8,-9900,?,9,-9900,?,9,0.0,0.0,E,8
11/21/2020,03:00,0.0,1400.749,0.0,1,8,0.0,1,8,0.0,1,8,0.0,1,8,0.0,1,8,0.0,1,8,-0.0,1,8,-9900,?,9,-9900,?,9,21.42,E,8,17.52,E,8,78.0,E,8,1008.6016999999999,E,8,999.0,E,8,1.03,E,8,-9900,?,9,-9900,?,9,0.0,E,8,-9900,?,9,-9900,?,9,0.0,0.0,E,8
11/21/2020,04:00,0.0,1401.323,0.0,1,8,0.0,1,8,0.0,1,8,0.0,1,8,0.0,1,8,0.0,1,8,-0.0,1,8,-9900,?,9,-9900,?,9,21.12,E,8,17.55,E,8,80.0,E,8,1008.6016999999999,E,8,999.0,E,8,1.03,E,8,-9900,?,9,-9900,?,9,0.0,E,8,-9900,?,9,-9900,?,9,0.0,0.0,E,8
11/21/2020,05:00,0.0,1401.323,0.0,1,8,0.0,1,8,0.0,1,8,0.0,1,8,0.0,1,8,0.0,1,8,-0.0,1,8,-9900,?,9,-9900,?,9,20.86,E,8,17.57,E,8,81.0,E,8,1008.6016999999999,E,8,999.0,E,8,1.03,E,8,-9900,?,9,-9900,?,9,0.0,E,8,-9900,?,9,-9900,?,9,0.0,0.0,E,8
11/21/2020,06:00,161.708,1401.323,0.0,1,8,0.0,1,8,0.0,1,8,0.0,1,8,0.0,1,8,0.0,1,8,0.0,1,8,-9900,?,9,-9900,?,9,20.67,E,8,17.59,E,8,82.0,E,8,1008.6016999999999,E,8,999.0,E,8,1.03,E,8,-9900,?,9,-9900,?,9,0.0,E,8,-9900,?,9,-9900,?,9,0.0,0.0,E,8
11/21/2020,07:00,477.973,1401.323,172.03,1,8,88.18,1,8,142.019,1,8,20643.6,1,8,8377.095,1,8,15622.107,1,8,132.828,1,8,-9900,?,9,-9900,?,9,20.47,E,8,17.61,E,8,83.0,E,8,1008.6016999999999,E,8,999.0,E,8,1.03,E,8,-9900,?,9,-9900,?,9,0.0,E,8,-9900,?,9,-9900,?,9,0.0,0.0,E,8
11/21/2020,08:00,775.07,1401.323,471.73,1,8,461.281,1,8,216.766,1,8,56607.6,1,8,43821.676,1,8,23844.233,1,8,124.832,1,8,-9900,?,9,-9900,?,9,23.3,E,8,17.33,E,8,69.0,E,8,1008.6016999999999,E,8,999.0,E,8,1.03,E,8,-9900,?,9,-9900,?,9,0.0,E,8,-9900,?,9,-9900,?,9,0.0,0.0,E,8
11/21/2020,09:00,1031.421,1401.323,757.75,1,8,814.332,1,8,158.523,1,8,90930.0,1,8,77361.552,1,8,17437.536,1,8,68.573,1,8,-9900,?,9,-9900,?,9,24.58,E,8,17.2,E,8,63.0,E,8,1008.6016999999999,E,8,999.0,E,8,1.03,E,8,-9900,?,9,-9900,?,9,0.0,E,8,-9900,?,9,-9900,?,9,0.0,0.0,E,8
11/21/2020,10:00,1229.386,1401.323,994.69,1,8,779.885,1,8,310.554,1,8,119362.8,1,8,74089.067,1,8,34160.949,1,8,112.687,1,8,-9900,?,9,-9900,?,9,25.74,E,8,17.08,E,8,58.0,E,8,1008.6016999999999,E,8,999.0,E,8,1.03,E,8,-9900,?,9,-9900,?,9,0.0,E,8,-9900,?,9,-9900,?,9,0.0,0.0,E,8
11/21/2020,11:00,1355.436,1401.323,1162.2,1,8,972.692,1,8,221.378,1,8,139464.0,1,8,92405.782,1,8,24351.529,1,8,72.854,1,8,-9900,?,9,-9900,?,9,26.73,E,8,16.98,E,8,55.0,E,8,1008.6016999999999,E,8,999.0,E,8,1.35,E,8,-9900,?,9,-9900,?,9,0.0,E,8,-9900,?,9,-9900,?,9,0.0,0.0,E,8
11/21/2020,12:00,1400.977,1401.323,1249.04,1,8,984.793,1,8,264.49,1,8,149884.8,1,8,93555.357,1,8,29093.858,1,8,84.21,1,8,-9900,?,9,-9900,?,9,27.52,E,8,16.9,E,8,52.0,E,8,1008.6016999999999,E,8,999.0,E,8,2.46,E,8,-9900,?,9,-9900,?,9,0.0,E,8,-9900,?,9,-9900,?,9,0.0,0.0,E,8
11/21/2020,13:00,1362.915,1401.323,1242.73,1,8,979.604,1,8,289.991,1,8,149127.6,1,8,93062.364,1,8,31899.011,1,8,94.91,1,8,-9900,?,9,-9900,?,9,28.07,E,8,16.85,E,8,50.0,E,8,1008.6016999999999,E,8,999.0,E,8,3.05,E,8,-9900,?,9,-9900,?,9,0.0,E,8,-9900,?,9,-9900,?,9,0.0,0.0,E,8
11/21/2020,14:00,1243.863,1401.323,1147.82,1,8,964.61,1,8,291.666,1,8,137738.4,1,8,91637.984,1,8,32083.234,1,8,104.601,1,8,-9900,?,9,-9900,?,9,28.38,E,8,16.81,E,8,49.0,E,8,1008.6016999999999,E,8,999.0,E,8,3.76,E,8,-9900,?,9,-9900,?,9,0.0,E,8,-9900,?,9,-9900,?,9,0.0,0.0,E,8
11/21/2020,15:00,1051.964,1401.323,978.75,1,8,891.03,1,8,310.012,1,8,117450.0,1,8,84647.815,1,8,34101.297,1,8,131.481,1,8,-9900,?,9,-9900,?,9,28.46,E,8,16.81,E,8,49.0,E,8,1008.6016999999999,E,8,999.0,E,8,3.37,E,8,-9900,?,9,-9900,?,9,0.0,E,8,-9900,?,9,-9900,?,9,0.0,0.0,E,8
11/21/2020,16:00,800.355,1401.323,738.26,1,8,891.033,1,8,229.661,1,8,88591.2,1,8,84648.088,1,8,25262.76,1,8,128.073,1,8,-9900,?,9,-9900,?,9,28.21,E,8,16.83,E,8,50.0,E,8,1008.6016999999999,E,8,999.0,E,8,3.1,E,8,-9900,?,9,-9900,?,9,0.0,E,8,-9900,?,9,-9900,?,9,0.0,0.0,E,8
11/21/2020,17:00,506.351,1401.323,455.29,1,8,843.476,1,8,151.099,1,8,54634.8,1,8,80130.266,1,8,16620.887,1,8,133.364,1,8,-9900,?,9,-9900,?,9,27.61,E,8,16.89,E,8,52.0,E,8,1008.6016999999999,E,8,999.0,E,8,2.85,E,8,-9900,?,9,-9900,?,9,0.0,E,8,-9900,?,9,-9900,?,9,0.0,0.0,E,8
11/21/2020,18:00,191.041,1401.323,165.54,1,8,460.829,1,8,103.616,1,8,19864.8,1,8,43778.756,1,8,11397.744,1,8,245.446,1,8,-9900,?,9,-9900,?,9,26.76,E,8,16.98,E,8,55.0,E,8,1008.6016999999999,E,8,999.0,E,8,2.94,E,8,-9900,?,9,-9900,?,9,0.0,E,8,-9900,?,9,-9900,?,9,0.0,0.0,E,8
11/21/2020,19:00,0.0,1401.323,1.06,1,8,0.0,1,8,0.0,1,8,127.2,1,8,0.0,1,8,0.0,1,8,-0.0,1,8,-9900,?,9,-9900,?,9,25.95,E,8,17.06,E,8,58.0,E,8,1008.6016999999999,E,8,999.0,E,8,1.93,E,8,-9900,?,9,-9900,?,9,0.0,E,8,-9900,?,9,-9900,?,9,0.0,0.0,E,8
11/21/2020,20:00,0.0,1401.323,0.0,1,8,0.0,1,8,0.0,1,8,0.0,1,8,0.0,1,8,0.0,1,8,-0.0,1,8,-9900,?,9,-9900,?,9,25.13,E,8,17.15,E,8,61.0,E,8,1008.6016999999999,E,8,999.0,E,8,1.71,E,8,-9900,?,9,-9900,?,9,0.0,E,8,-9900,?,9,-9900,?,9,0.0,0.0,E,8
11/21/2020,21:00,0.0,1401.323,0.0,1,8,0.0,1,8,0.0,1,8,0.0,1,8,0.0,1,8,0.0,1,8,-0.0,1,8,-9900,?,9,-9900,?,9,24.32,E,8,17.23,E,8,64.0,E,8,1008.6016999999999,E,8,999.0,E,8,1.03,E,8,-9900,?,9,-9900,?,9,0.0,E,8,-9900,?,9,-9900,?,9,0.0,0.0,E,8
11/21/2020,22:00,0.0,1401.323,0.0,1,8,0.0,1,8,0.0,1,8,0.0,1,8,0.0,1,8,0.0,1,8,-0.0,1,8,-9900,?,9,-9900,?,9,23.51,E,8,17.31,E,8,68.0,E,8,1008.6016999999999,E,8,999.0,E,8,1.03,E,8,-9900,?,9,-9900,?,9,0.0,E,8,-9900,?,9,-9900,?,9,0.0,0.0,E,8
11/21/2020,23:00,0.0,1401.323,0.0,1,8,0.0,1,8,0.0,1,8,0.0,1,8,0.0,1,8,0.0,1,8,-0.0,1,8,-9900,?,9,-9900,?,9,22.7,E,8,17.39,E,8,71.0,E,8,1008.6016999999999,E,8,999.0,E,8,1.03,E,8,-9900,?,9,-9900,?,9,0.0,E,8,-9900,?,9,-9900,?,9,0.0,0.0,E,8
11/21/2020,24:00,0.0,1401.323,0.0,1,8,0.0,1,8,0.0,1,8,0.0,1,8,0.0,1,8,0.0,1,8,-0.0,1,8,-9900,?,9,-9900,?,9,21.88,E,8,19.27,E,8,82.0,E,8,1008.6016999999999,E,8,999.0,E,8,4.4,E,8,-9900,?,9,-9900,?,9,0.049,E,8,-9900,?,9,-9900,?,9,0.49,99.0,E,8
11/22/2020,01:00,0.0,1401.323,0.0,1,8,0.0,1,8,0.0,1,8,0.0,1,8,0.0,1,8,0.0,1,8,-0.0,1,8,-9900,?,9,-9900,?,9,21.48,E,8,19.26,E,8,84.0,E,8,1008.6016999999999,E,8,999.0,E,8,3.45,E,8,-9900,?,9,-9900,?,9,0.088,E,8,-9900,?,9,-9900,?,9,0.88,99.0,E,8
11/22/2020,02:00,0.0,1401.323,0.0,1,8,0.0,1,8,0.0,1,8,0.0,1,8,0.0,1,8,0.0,1,8,-0.0,1,8,-9900,?,9,-9900,?,9,21.07,E,8,19.25,E,8,86.0,E,8,1008.6016999999999,E,8,999.0,E,8,3.8,E,8,-9900,?,9,-9900,?,9,0.032,E,8,-9900,?,9,-9900,?,9,0.32,99.0,E,8
11/22/2020,03:00,0.0,1401.323,0.0,1,8,0.0,1,8,0.0,1,8,0.0,1,8,0.0,1,8,0.0,1,8,-0.0,1,8,-9900,?,9,-9900,?,9,20.66,E,8,19.24,E,8,88.0,E,8,1008.6016999999999,E,8,999.0,E,8,4.57,E,8,-9900,?,9,-9900,?,9,0.009,E,8,-9900,?,9,-9900,?,9,0.09,99.0,E,8
11/22/2020,04:00,0.0,1401.886,0.0,1,8,0.0,1,8,0.0,1,8,0.0,1,8,0.0,1,8,0.0,1,8,-0.0,1,8,-9900,?,9,-9900,?,9,20.26,E,8,19.23,E,8,90.0,E,8,1008.6016999999999,E,8,999.0,E,8,5.73,E,8,-9900,?,9,-9900,?,9,0.059,E,8,-9900,?,9,-9900,?,9,0.59,99.0,E,8
11/22/2020,05:00,0.0,1401.886,0.0,1,8,0.0,1,8,0.0,1,8,0.0,1,8,0.0,1,8,0.0,1,8,-0.0,1,8,-9900,?,9,-9900,?,9,19.9,E,8,19.22,E,8,96.0,E,8,1008.6016999999999,E,8,999.0,E,8,4.74,E,8,-9900,?,9,-9900,?,9,0.10700000000000001,E,8,-9900,?,9,-9900,?,9,1.07,99.0,E,8
11/22/2020,06:00,162.179,1401.886,0.0,1,8,0.0,1,8,0.0,1,8,0.0,1,8,0.0,1,8,0.0,1,8,0.0,1,8,-9900,?,9,-9900,?,9,19.63,E,8,19.21,E,8,97.0,E,8,1008.6016999999999,E,8,999.0,E,8,4.21,E,8,-9900,?,9,-9900,?,9,0.132,E,8,-9900,?,9,-9900,?,9,1.32,99.0,E,8
11/22/2020,07:00,478.178,1401.886,66.83,1,8,0.0,1,8,66.83,1,8,8019.6,1,8,0.0,1,8,7351.3,1,8,62.503,1,8,-9900,?,9,-9900,?,9,19.36,E,8,19.2,E,8,99.0,E,8,1008.6016999999999,E,8,999.0,E,8,3.48,E,8,-9900,?,9,-9900,?,9,0.27,E,8,-9900,?,9,-9900,?,9,2.7,99.0,E,8
11/22/2020,08:00,775.116,1401.886,132.38,1,8,0.0,1,8,132.38,1,8,15885.6,1,8,0.0,1,8,14561.8,1,8,76.262,1,8,-9900,?,9,-9900,?,9,22.57,E,8,19.29,E,8,79.0,E,8,1008.6016999999999,E,8,999.0,E,8,4.02,E,8,-9900,?,9,-9900,?,9,0.004,E,8,-9900,?,9,-9900,?,9,0.04,99.0,E,8
11/22/2020,09:00,1031.433,1401.886,212.93,1,8,3.425,1,8,210.411,1,8,25551.6,1,8,325.329,1,8,23145.216,1,8,91.054,1,8,-9900,?,9,-9900,?,9,23.78,E,8,19.32,E,8,74.0,E,8,1008.6016999999999,E,8,999.0,E,8,4.24,E,8,-9900,?,9,-9900,?,9,0.002,E,8,-9900,?,9,-9900,?,9,0.02,99.0,E,8
11/22/2020,10:00,1229.491,1401.886,280.16,1,8,6.886,1,8,274.122,1,8,33619.2,1,8,654.139,1,8,30153.378,1,8,99.499,1,8,-9900,?,9,-9900,?,9,24.93,E,8,19.35,E,8,70.0,E,8,1008.6016999999999,E,8,999.0,E,8,4.35,E,8,-9900,?,9,-9900,?,9,0.026000000000000002,E,8,-9900,?,9,-9900,?,9,0.26,99.0,E,8
11/22/2020,11:00,1355.755,1401.886,328.46,1,8,18.367,1,8,310.698,1,8,39415.2,1,8,1744.873,1,8,34176.744,1,8,102.265,1,8,-9900,?,9,-9900,?,9,25.93,E,8,19.38,E,8,66.0,E,8,1008.6016999999999,E,8,999.0,E,8,4.55,E,8,-9900,?,9,-9900,?,9,0.001,E,8,-9900,?,9,-9900,?,9,0.01,99.0,E,8
11/22/2020,12:00,1401.614,1401.886,354.15,1,8,18.735,1,8,335.418,1,8,42498.0,1,8,1779.86,1,8,36896.009,1,8,106.788,1,8,-9900,?,9,-9900,?,9,26.74,E,8,19.4,E,8,63.0,E,8,1008.6016999999999,E,8,999.0,E,8,3.4,E,8,-9900,?,9,-9900,?,9,0.006,E,8,-9900,?,9,-9900,?,9,0.06,99.0,E,8
11/22/2020,13:00,1363.955,1401.886,219.21,1,8,8.336,1,8,211.1,1,8,26305.2,1,8,791.928,1,8,23220.957,1,8,69.065,1,8,-9900,?,9,-9900,?,9,26.69,E,8,19.4,E,8,64.0,E,8,1008.6016999999999,E,8,999.0,E,8,2.75,E,8,-9900,?,9,-9900,?,9,0.02,E,8,-9900,?,9,-9900,?,9,0.2,99.0,E,8
11/22/2020,14:00,1245.361,1401.886,332.04,1,8,10.79,1,8,322.455,1,8,39844.8,1,8,1025.079,1,8,35470.074,1,8,115.55,1,8,-9900,?,9,-9900,?,9,27.11,E,8,19.41,E,8,62.0,E,8,1008.6016999999999,E,8,999.0,E,8,2.26,E,8,-9900,?,9,-9900,?,9,0.012,E,8,-9900,?,9,-9900,?,9,0.12,99.0,E,8
11/22/2020,15:00,1053.944,1401.886,285.86,1,8,8.883,1,8,279.183,1,8,34303.2,1,8,843.905,1,8,30710.138,1,8,118.231,1,8,-9900,?,9,-9900,?,9,27.27,E,8,19.42,E,8,62.0,E,8,1008.6016999999999,E,8,999.0,E,8,2.23,E,8,-9900,?,9,-9900,?,9,0.072,E,8,-9900,?,9,-9900,?,9,0.72,99.0,E,8
11/22/2020,16:00,802.807,1401.886,220.32,1,8,6.757,1,8,216.453,1,8,26438.4,1,8,641.916,1,8,23809.812,1,8,120.386,1,8,-9900,?,9,-9900,?,9,27.13,E,8,19.41,E,8,71.0,E,8,1008.6016999999999,E,8,999.0,E,8,2.72,E,8,-9900,?,9,-9900,?,9,0.604,E,8,-9900,?,9,-9900,?,9,6.04,99.0,E,8
11/22/2020,17:00,509.231,1401.886,140.81,1,8,19.705,1,8,133.666,1,8,16897.2,1,8,1871.968,1,8,14703.251,1,8,117.354,1,8,-9900,?,9,-9900,?,9,26.62,E,8,19.4,E,8,68.0,E,8,1008.6016999999999,E,8,999.0,E,8,2.23,E,8,-9900,?,9,-9900,?,9,0.207,E,8,-9900,?,9,-9900,?,9,2.07,99.0,E,8
11/22/2020,18:00,194.247,1401.886,56.34,1,8,44.875,1,8,50.208,1,8,6760.8,1,8,4263.141,1,8,5522.926,1,8,116.966,1,8,-9900,?,9,-9900,?,9,25.81,E,8,19.38,E,8,71.0,E,8,1008.6016999999999,E,8,999.0,E,8,2.46,E,8,-9900,?,9,-9900,?,9,0.374,E,8,-9900,?,9,-9900,?,9,3.74,99.0,E,8
11/22/2020,19:00,0.0,1401.886,0.36,1,8,0.0,1,8,0.0,1,8,43.2,1,8,0.0,1,8,0.0,1,8,-0.0,1,8,-9900,?,9,-9900,?,9,25.18,E,8,19.36,E,8,69.0,E,8,1008.6016999999999,E,8,999.0,E,8,2.23,E,8,-9900,?,9,-9900,?,9,0.016,E,8,-9900,?,9,-9900,?,9,0.16,99.0,E,8
11/22/2020,20:00,0.0,1401.886,0.0,1,8,0.0,1,8,0.0,1,8,0.0,1,8,0.0,1,8,0.0,1,8,-0.0,1,8,-9900,?,9,-9900,?,9,24.55,E,8,19.34,E,8,71.0,E,8,1008.6016999999999,E,8,999.0,E,8,2.23,E,8,-9900,?,9,-9900,?,9,0.04,E,8,-9900,?,9,-9900,?,9,0.4,99.0,E,8
11/22/2020,21:00,0.0,1401.886,0.0,1,8,0.0,1,8,0.0,1,8,0.0,1,8,0.0,1,8,0.0,1,8,-0.0,1,8,-9900,?,9,-9900,?,9,23.93,E,8,19.33,E,8,82.0,E,8,1008.6016999999999,E,8,999.0,E,8,2.23,E,8,-9900,?,9,-9900,?,9,6.406999999999999,E,8,-9900,?,9,-9900,?,9,64.07,99.0,E,8
11/22/2020,22:00,0.0,1401.886,0.0,1,8,0.0,1,8,0.0,1,8,0.0,1,8,0.0,1,8,0.0,1,8,-0.0,1,8,-9900,?,9,-9900,?,9,23.3,E,8,19.31,E,8,80.0,E,8,1008.6016999999999,E,8,999.0,E,8,2.23,E,8,-9900,?,9,-9900,?,9,0.16399999999999998,E,8,-9900,?,9,-9900,?,9,1.64,99.0,E,8
11/22/2020,23:00,0.0,1401.886,0.0,1,8,0.0,1,8,0.0,1,8,0.0,1,8,0.0,1,8,0.0,1,8,-0.0,1,8,-9900,?,9,-9900,?,9,22.67,E,8,19.29,E,8,74.0,E,8,1008.6016999999999,E,8,999.0,E,8,2.23,E,8,-9900,?,9,-9900,?,9,0.0,E,8,-9900,?,9,-9900,?,9,0.0,0.0,E,8
11/22/2020,24:00,0.0,1401.886,0.0,1,8,0.0,1,8,0.0,1,8,0.0,1,8,0.0,1,8,0.0,1,8,-0.0,1,8,-9900,?,9,-9900,?,9,22.04,E,8,19.08,E,8,88.0,E,8,1008.6016999999999,E,8,999.0,E,8,1.18,E,8,-9900,?,9,-9900,?,9,0.006,E,8,-9900,?,9,-9900,?,9,0.06,99.0,E,8
11/23/2020,01:00,0.0,1401.886,0.0,1,8,0.0,1,8,0.0,1,8,0.0,1,8,0.0,1,8,0.0,1,8,-0.0,1,8,-9900,?,9,-9900,?,9,21.73,E,8,19.12,E,8,89.0,E,8,1008.6016999999999,E,8,999.0,E,8,1.18,E,8,-9900,?,9,-9900,?,9,0.011,E,8,-9900,?,9,-9900,?,9,0.11,99.0,E,8
11/23/2020,02:00,0.0,1401.886,0.0,1,8,0.0,1,8,0.0,1,8,0.0,1,8,0.0,1,8,0.0,1,8,-0.0,1,8,-9900,?,9,-9900,?,9,21.42,E,8,19.17,E,8,91.0,E,8,1008.6016999999999,E,8,999.0,E,8,1.18,E,8,-9900,?,9,-9900,?,9,0.004,E,8,-9900,?,9,-9900,?,9,0.04,99.0,E,8
11/23/2020,03:00,0.0,1401.886,0.0,1,8,0.0,1,8,0.0,1,8,0.0,1,8,0.0,1,8,0.0,1,8,-0.0,1,8,-9900,?,9,-9900,?,9,21.1,E,8,19.21,E,8,88.0,E,8,1008.6016999999999,E,8,999.0,E,8,1.18,E,8,-9900,?,9,-9900,?,9,0.0,E,8,-9900,?,9,-9900,?,9,0.0,0.0,E,8
11/23/2020,04:00,0.0,1402.439,0.0,1,8,0.0,1,8,0.0,1,8,0.0,1,8,0.0,1,8,0.0,1,8,-0.0,1,8,-9900,?,9,-9900,?,9,20.79,E,8,19.25,E,8,90.0,E,8,1008.6016999999999,E,8,999.0,E,8,1.18,E,8,-9900,?,9,-9900,?,9,0.0,E,8,-9900,?,9,-9900,?,9,0.0,0.0,E,8
11/23/2020,05:00,0.0,1402.439,0.0,1,8,0.0,1,8,0.0,1,8,0.0,1,8,0.0,1,8,0.0,1,8,-0.0,1,8,-9900,?,9,-9900,?,9,20.51,E,8,19.29,E,8,92.0,E,8,1008.6016999999999,E,8,999.0,E,8,1.18,E,8,-9900,?,9,-9900,?,9,0.0,E,8,-9900,?,9,-9900,?,9,0.0,0.0,E,8
11/23/2020,06:00,162.531,1402.439,0.0,1,8,0.0,1,8,0.0,1,8,0.0,1,8,0.0,1,8,0.0,1,8,0.0,1,8,-9900,?,9,-9900,?,9,20.3,E,8,19.32,E,8,94.0,E,8,1008.6016999999999,E,8,999.0,E,8,1.18,E,8,-9900,?,9,-9900,?,9,0.0,E,8,-9900,?,9,-9900,?,9,0.0,0.0,E,8
11/23/2020,07:00,478.27,1402.439,147.38,1,8,72.026,1,8,122.871,1,8,17685.6,1,8,6842.444,1,8,13515.846,1,8,114.939,1,8,-9900,?,9,-9900,?,9,20.1,E,8,19.35,E,8,95.0,E,8,1008.6016999999999,E,8,999.0,E,8,1.18,E,8,-9900,?,9,-9900,?,9,0.0,E,8,-9900,?,9,-9900,?,9,0.0,0.0,E,8
11/23/2020,08:00,775.062,1402.439,126.27,1,8,0.0,1,8,126.27,1,8,15152.4,1,8,0.0,1,8,13889.7,1,8,72.776,1,8,-9900,?,9,-9900,?,9,21.62,E,8,19.14,E,8,90.0,E,8,1008.6016999999999,E,8,999.0,E,8,1.18,E,8,-9900,?,9,-9900,?,9,0.001,E,8,-9900,?,9,-9900,?,9,0.01,99.0,E,8
11/23/2020,09:00,1031.359,1402.439,487.31,1,8,171.157,1,8,361.472,1,8,58477.2,1,8,16259.895,1,8,39761.918,1,8,156.497,1,8,-9900,?,9,-9900,?,9,22.92,E,8,18.96,E,8,77.0,E,8,1008.6016999999999,E,8,999.0,E,8,1.18,E,8,-9900,?,9,-9900,?,9,0.0,E,8,-9900,?,9,-9900,?,9,0.0,0.0,E,8
11/23/2020,10:00,1229.526,1402.439,787.21,1,8,404.574,1,8,432.549,1,8,94465.2,1,8,38434.507,1,8,47580.401,1,8,157.062,1,8,-9900,?,9,-9900,?,9,24.4,E,8,18.74,E,8,69.0,E,8,1008.6016999999999,E,8,999.0,E,8,1.18,E,8,-9900,?,9,-9900,?,9,0.0,E,8,-9900,?,9,-9900,?,9,0.0,0.0,E,8
11/23/2020,11:00,1356.021,1402.439,160.22,1,8,9.677,1,8,150.864,1,8,19226.4,1,8,919.307,1,8,16594.991,1,8,49.666,1,8,-9900,?,9,-9900,?,9,23.89,E,8,18.82,E,8,77.0,E,8,1008.6016999999999,E,8,999.0,E,8,1.82,E,8,-9900,?,9,-9900,?,9,0.001,E,8,-9900,?,9,-9900,?,9,0.01,99.0,E,8
11/23/2020,12:00,1402.217,1402.439,493.43,1,8,37.265,1,8,456.171,1,8,59211.6,1,8,3540.16,1,8,50178.815,1,8,145.227,1,8,-9900,?,9,-9900,?,9,24.18,E,8,18.78,E,8,71.0,E,8,1008.6016999999999,E,8,999.0,E,8,2.6,E,8,-9900,?,9,-9900,?,9,0.0,E,8,-9900,?,9,-9900,?,9,0.0,0.0,E,8
11/23/2020,13:00,1364.976,1402.439,550.69,1,8,85.107,1,8,467.858,1,8,66082.8,1,8,8085.123,1,8,51464.401,1,8,153.014,1,8,-9900,?,9,-9900,?,9,24.47,E,8,18.73,E,8,69.0,E,8,1008.6016999999999,E,8,999.0,E,8,2.8,E,8,-9900,?,9,-9900,?,9,0.0,E,8,-9900,?,9,-9900,?,9,0.0,0.0,E,8
11/23/2020,14:00,1246.854,1402.439,465.25,1,8,31.604,1,8,437.154,1,8,55830.0,1,8,3002.425,1,8,48086.925,1,8,156.526,1,8,-9900,?,9,-9900,?,9,24.57,E,8,18.72,E,8,74.0,E,8,1008.6016999999999,E,8,999.0,E,8,3.24,E,8,-9900,?,9,-9900,?,9,0.002,E,8,-9900,?,9,-9900,?,9,0.02,99.0,E,8
11/23/2020,15:00,1055.93,1402.439,460.37,1,8,115.587,1,8,373.361,1,8,55244.4,1,8,10980.752,1,8,41069.753,1,8,157.88,1,8,-9900,?,9,-9900,?,9,24.64,E,8,18.71,E,8,73.0,E,8,1008.6016999999999,E,8,999.0,E,8,4.1,E,8,-9900,?,9,-9900,?,9,0.008,E,8,-9900,?,9,-9900,?,9,0.08,99.0,E,8
11/23/2020,16:00,805.272,1402.439,259.68,1,8,31.074,1,8,241.848,1,8,31161.6,1,8,2952.026,1,8,26603.297,1,8,134.151,1,8,-9900,?,9,-9900,?,9,24.36,E,8,18.75,E,8,75.0,E,8,1008.6016999999999,E,8,999.0,E,8,2.71,E,8,-9900,?,9,-9900,?,9,0.078,E,8,-9900,?,9,-9900,?,9,0.78,99.0,E,8
11/23/2020,17:00,512.125,1402.439,219.16,1,8,200.673,1,8,146.019,1,8,26299.2,1,8,19063.928,1,8,16062.101,1,8,127.523,1,8,-9900,?,9,-9900,?,9,24.06,E,8,18.79,E,8,76.0,E,8,1008.6016999999999,E,8,999.0,E,8,2.57,E,8,-9900,?,9,-9900,?,9,0.015,E,8,-9900,?,9,-9900,?,9,0.15,99.0,E,8
11/23/2020,18:00,197.465,1402.439,88.38,1,8,306.361,1,8,45.825,1,8,10605.6,1,8,29104.308,1,8,5040.752,1,8,105.011,1,8,-9900,?,9,-9900,?,9,23.6,E,8,18.86,E,8,84.0,E,8,1008.6016999999999,E,8,999.0,E,8,1.98,E,8,-9900,?,9,-9900,?,9,0.136,E,8,-9900,?,9,-9900,?,9,1.36,99.0,E,8
11/23/2020,19:00,0.0,1402.439,0.68,1,8,0.0,1,8,0.0,1,8,81.6,1,8,0.0,1,8,0.0,1,8,-0.0,1,8,-9900,?,9,-9900,?,9,23.19,E,8,18.92,E,8,81.0,E,8,1008.6016999999999,E,8,999.0,E,8,1.53,E,8,-9900,?,9,-9900,?,9,0.02,E,8,-9900,?,9,-9900,?,9,0.2,99.0,E,8
11/23/2020,20:00,0.0,1402.439,0.0,1,8,0.0,1,8,0.0,1,8,0.0,1,8,0.0,1,8,0.0,1,8,-0.0,1,8,-9900,?,9,-9900,?,9,22.79,E,8,18.97,E,8,94.0,E,8,1008.6016999999999,E,8,999.0,E,8,1.18,E,8,-9900,?,9,-9900,?,9,1.8,E,8,-9900,?,9,-9900,?,9,18.0,99.0,E,8
11/23/2020,21:00,0.0,1402.439,0.0,1,8,0.0,1,8,0.0,1,8,0.0,1,8,0.0,1,8,0.0,1,8,-0.0,1,8,-9900,?,9,-9900,?,9,22.38,E,8,19.03,E,8,86.0,E,8,1008.6016999999999,E,8,999.0,E,8,1.18,E,8,-9900,?,9,-9900,?,9,0.053000000000000005,E,8,-9900,?,9,-9900,?,9,0.53,99.0,E,8
11/23/2020,22:00,0.0,1402.439,0.0,1,8,0.0,1,8,0.0,1,8,0.0,1,8,0.0,1,8,0.0,1,8,-0.0,1,8,-9900,?,9,-9900,?,9,21.97,E,8,19.09,E,8,88.0,E,8,1008.6016999999999,E,8,999.0,E,8,1.18,E,8,-9900,?,9,-9900,?,9,0.038,E,8,-9900,?,9,-9900,?,9,0.38,99.0,E,8
11/23/2020,23:00,0.0,1402.439,0.0,1,8,0.0,1,8,0.0,1,8,0.0,1,8,0.0,1,8,0.0,1,8,-0.0,1,8,-9900,?,9,-9900,?,9,21.56,E,8,19.15,E,8,91.0,E,8,1008.6016999999999,E,8,999.0,E,8,1.18,E,8,-9900,?,9,-9900,?,9,0.028000000000000004,E,8,-9900,?,9,-9900,?,9,0.28,99.0,E,8
11/23/2020,24:00,0.0,1402.439,0.0,1,8,0.0,1,8,0.0,1,8,0.0,1,8,0.0,1,8,0.0,1,8,-0.0,1,8,-9900,?,9,-9900,?,9,21.16,E,8,18.34,E,8,86.0,E,8,1008.6016999999999,E,8,999.0,E,8,1.01,E,8,-9900,?,9,-9900,?,9,0.007000000000000001,E,8,-9900,?,9,-9900,?,9,0.07,99.0,E,8
11/24/2020,01:00,0.0,1402.439,0.0,1,8,0.0,1,8,0.0,1,8,0.0,1,8,0.0,1,8,0.0,1,8,-0.0,1,8,-9900,?,9,-9900,?,9,20.95,E,8,18.51,E,8,83.0,E,8,1008.6016999999999,E,8,999.0,E,8,1.01,E,8,-9900,?,9,-9900,?,9,0.0,E,8,-9900,?,9,-9900,?,9,0.0,0.0,E,8
11/24/2020,02:00,0.0,1402.439,0.0,1,8,0.0,1,8,0.0,1,8,0.0,1,8,0.0,1,8,0.0,1,8,-0.0,1,8,-9900,?,9,-9900,?,9,20.75,E,8,18.67,E,8,85.0,E,8,1008.6016999999999,E,8,999.0,E,8,1.01,E,8,-9900,?,9,-9900,?,9,0.0,E,8,-9900,?,9,-9900,?,9,0.0,0.0,E,8
11/24/2020,03:00,0.0,1402.439,0.0,1,8,0.0,1,8,0.0,1,8,0.0,1,8,0.0,1,8,0.0,1,8,-0.0,1,8,-9900,?,9,-9900,?,9,20.55,E,8,18.83,E,8,87.0,E,8,1008.6016999999999,E,8,999.0,E,8,1.01,E,8,-9900,?,9,-9900,?,9,0.0,E,8,-9900,?,9,-9900,?,9,0.0,0.0,E,8
11/24/2020,04:00,0.0,1402.98,0.0,1,8,0.0,1,8,0.0,1,8,0.0,1,8,0.0,1,8,0.0,1,8,-0.0,1,8,-9900,?,9,-9900,?,9,20.34,E,8,19.0,E,8,93.0,E,8,1008.6016999999999,E,8,999.0,E,8,1.01,E,8,-9900,?,9,-9900,?,9,0.001,E,8,-9900,?,9,-9900,?,9,0.01,99.0,E,8
11/24/2020,05:00,0.0,1402.98,0.0,1,8,0.0,1,8,0.0,1,8,0.0,1,8,0.0,1,8,0.0,1,8,-0.0,1,8,-9900,?,9,-9900,?,9,20.16,E,8,19.14,E,8,95.0,E,8,1008.6016999999999,E,8,999.0,E,8,1.01,E,8,-9900,?,9,-9900,?,9,0.003,E,8,-9900,?,9,-9900,?,9,0.03,99.0,E,8
11/24/2020,06:00,162.766,1402.98,0.0,1,8,0.0,1,8,0.0,1,8,0.0,1,8,0.0,1,8,0.0,1,8,0.0,1,8,-9900,?,9,-9900,?,9,20.03,E,8,19.25,E,8,96.0,E,8,1008.6016999999999,E,8,999.0,E,8,1.01,E,8,-9900,?,9,-9900,?,9,0.005,E,8,-9900,?,9,-9900,?,9,0.05,99.0,E,8
11/24/2020,07:00,478.251,1402.98,77.78,1,8,0.0,1,8,77.78,1,8,9333.6,1,8,0.0,1,8,8555.8,1,8,72.79,1,8,-9900,?,9,-9900,?,9,19.89,E,8,19.35,E,8,93.0,E,8,1008.6016999999999,E,8,999.0,E,8,1.01,E,8,-9900,?,9,-9900,?,9,0.0,E,8,-9900,?,9,-9900,?,9,0.0,0.0,E,8
11/24/2020,08:00,774.907,1402.98,190.57,1,8,8.058,1,8,186.122,1,8,22868.4,1,8,765.538,1,8,20473.435,1,8,107.335,1,8,-9900,?,9,-9900,?,9,22.26,E,8,17.4,E,8,77.0,E,8,1008.6016999999999,E,8,999.0,E,8,1.01,E,8,-9900,?,9,-9900,?,9,0.002,E,8,-9900,?,9,-9900,?,9,0.02,99.0,E,8
11/24/2020,09:00,1031.199,1402.98,237.31,1,8,5.023,1,8,233.619,1,8,28477.2,1,8,477.161,1,8,25698.109,1,8,101.199,1,8,-9900,?,9,-9900,?,9,22.86,E,8,16.87,E,8,72.0,E,8,1008.6016999999999,E,8,999.0,E,8,1.01,E,8,-9900,?,9,-9900,?,9,0.023,E,8,-9900,?,9,-9900,?,9,0.23,99.0,E,8
11/24/2020,10:00,1229.493,1402.98,361.95,1,8,2.895,1,8,359.413,1,8,43434.0,1,8,275.045,1,8,39535.432,1,8,130.559,1,8,-9900,?,9,-9900,?,9,23.71,E,8,16.09,E,8,66.0,E,8,1008.6016999999999,E,8,999.0,E,8,1.14,E,8,-9900,?,9,-9900,?,9,0.013000000000000001,E,8,-9900,?,9,-9900,?,9,0.13,99.0,E,8
11/24/2020,11:00,1356.236,1402.98,316.88,1,8,3.845,1,8,313.163,1,8,38025.6,1,8,365.29,1,8,34447.933,1,8,103.121,1,8,-9900,?,9,-9900,?,9,24.07,E,8,15.74,E,8,63.0,E,8,1008.6016999999999,E,8,999.0,E,8,1.15,E,8,-9900,?,9,-9900,?,9,0.031,E,8,-9900,?,9,-9900,?,9,0.31,99.0,E,8
11/24/2020,12:00,1402.786,1402.98,383.77,1,8,20.204,1,8,363.568,1,8,46052.4,1,8,1919.417,1,8,39992.525,1,8,115.743,1,8,-9900,?,9,-9900,?,9,24.5,E,8,15.32,E,8,60.0,E,8,1008.6016999999999,E,8,999.0,E,8,1.64,E,8,-9900,?,9,-9900,?,9,0.041999999999999996,E,8,-9900,?,9,-9900,?,9,0.42,99.0,E,8
11/24/2020,13:00,1365.98,1402.98,385.35,1,8,21.327,1,8,364.586,1,8,46242.0,1,8,2026.084,1,8,40104.414,1,8,119.197,1,8,-9900,?,9,-9900,?,9,24.81,E,8,15.02,E,8,54.0,E,8,1008.6016999999999,E,8,999.0,E,8,2.68,E,8,-9900,?,9,-9900,?,9,0.0,E,8,-9900,?,9,-9900,?,9,0.0,0.0,E,8
11/24/2020,14:00,1248.344,1402.98,360.36,1,8,16.071,1,8,346.062,1,8,43243.2,1,8,1526.709,1,8,38066.797,1,8,123.81,1,8,-9900,?,9,-9900,?,9,24.99,E,8,14.83,E,8,53.0,E,8,1008.6016999999999,E,8,999.0,E,8,1.84,E,8,-9900,?,9,-9900,?,9,0.0,E,8,-9900,?,9,-9900,?,9,0.0,0.0,E,8
11/24/2020,15:00,1057.922,1402.98,310.63,1,8,12.045,1,8,301.55,1,8,37275.6,1,8,1144.257,1,8,33170.455,1,8,127.322,1,8,-9900,?,9,-9900,?,9,25.03,E,8,14.79,E,8,53.0,E,8,1008.6016999999999,E,8,999.0,E,8,2.08,E,8,-9900,?,9,-9900,?,9,0.0,E,8,-9900,?,9,-9900,?,9,0.0,0.0,E,8
11/24/2020,16:00,807.748,1402.98,239.91,1,8,10.59,1,8,233.817,1,8,28789.2,1,8,1006.005,1,8,25719.85,1,8,129.348,1,8,-9900,?,9,-9900,?,9,24.88,E,8,14.94,E,8,58.0,E,8,1008.6016999999999,E,8,999.0,E,8,2.43,E,8,-9900,?,9,-9900,?,9,0.001,E,8,-9900,?,9,-9900,?,9,0.01,99.0,E,8
11/24/2020,17:00,515.032,1402.98,154.03,1,8,20.676,1,8,146.454,1,8,18483.6,1,8,1964.263,1,8,16109.924,1,8,127.227,1,8,-9900,?,9,-9900,?,9,24.51,E,8,15.31,E,8,56.0,E,8,1008.6016999999999,E,8,999.0,E,8,2.44,E,8,-9900,?,9,-9900,?,9,0.0,E,8,-9900,?,9,-9900,?,9,0.0,0.0,E,8
11/24/2020,18:00,200.694,1402.98,62.6,1,8,50.672,1,8,55.446,1,8,7512.0,1,8,4813.806,1,8,6099.084,1,8,125.012,1,8,-9900,?,9,-9900,?,9,23.99,E,8,15.82,E,8,64.0,E,8,1008.6016999999999,E,8,999.0,E,8,1.97,E,8,-9900,?,9,-9900,?,9,0.01,E,8,-9900,?,9,-9900,?,9,0.1,99.0,E,8
11/24/2020,19:00,0.0,1402.98,2.12,1,8,0.0,1,8,0.0,1,8,254.4,1,8,0.0,1,8,0.0,1,8,-0.0,1,8,-9900,?,9,-9900,?,9,23.52,E,8,16.26,E,8,67.0,E,8,1008.6016999999999,E,8,999.0,E,8,2.58,E,8,-9900,?,9,-9900,?,9,0.057999999999999996,E,8,-9900,?,9,-9900,?,9,0.58,99.0,E,8
11/24/2020,20:00,0.0,1402.98,0.0,1,8,0.0,1,8,0.0,1,8,0.0,1,8,0.0,1,8,0.0,1,8,-0.0,1,8,-9900,?,9,-9900,?,9,23.05,E,8,16.7,E,8,75.0,E,8,1008.6016999999999,E,8,999.0,E,8,2.68,E,8,-9900,?,9,-9900,?,9,0.146,E,8,-9900,?,9,-9900,?,9,1.46,99.0,E,8
11/24/2020,21:00,0.0,1402.98,0.0,1,8,0.0,1,8,0.0,1,8,0.0,1,8,0.0,1,8,0.0,1,8,-0.0,1,8,-9900,?,9,-9900,?,9,22.58,E,8,17.12,E,8,83.0,E,8,1008.6016999999999,E,8,999.0,E,8,2.9,E,8,-9900,?,9,-9900,?,9,1.8559999999999999,E,8,-9900,?,9,-9900,?,9,18.56,99.0,E,8
11/24/2020,22:00,0.0,1402.98,0.0,1,8,0.0,1,8,0.0,1,8,0.0,1,8,0.0,1,8,0.0,1,8,-0.0,1,8,-9900,?,9,-9900,?,9,22.1,E,8,17.54,E,8,78.0,E,8,1008.6016999999999,E,8,999.0,E,8,3.03,E,8,-9900,?,9,-9900,?,9,0.018,E,8,-9900,?,9,-9900,?,9,0.18,99.0,E,8
11/24/2020,23:00,0.0,1402.98,0.0,1,8,0.0,1,8,0.0,1,8,0.0,1,8,0.0,1,8,0.0,1,8,-0.0,1,8,-9900,?,9,-9900,?,9,21.63,E,8,17.94,E,8,82.0,E,8,1008.6016999999999,E,8,999.0,E,8,2.34,E,8,-9900,?,9,-9900,?,9,0.08399999999999999,E,8,-9900,?,9,-9900,?,9,0.84,99.0,E,8
11/24/2020,24:00,0.0,1402.98,0.0,1,8,0.0,1,8,0.0,1,8,0.0,1,8,0.0,1,8,0.0,1,8,-0.0,1,8,-9900,?,9,-9900,?,9,21.16,E,8,18.38,E,8,84.0,E,8,1008.6016999999999,E,8,999.0,E,8,0.64,E,8,-9900,?,9,-9900,?,9,0.002,E,8,-9900,?,9,-9900,?,9,0.02,99.0,E,8
11/25/2020,01:00,0.0,1402.98,0.0,1,8,0.0,1,8,0.0,1,8,0.0,1,8,0.0,1,8,0.0,1,8,-0.0,1,8,-9900,?,9,-9900,?,9,20.92,E,8,18.48,E,8,85.0,E,8,1008.6016999999999,E,8,999.0,E,8,0.64,E,8,-9900,?,9,-9900,?,9,0.007000000000000001,E,8,-9900,?,9,-9900,?,9,0.07,99.0,E,8
11/25/2020,02:00,0.0,1402.98,0.0,1,8,0.0,1,8,0.0,1,8,0.0,1,8,0.0,1,8,0.0,1,8,-0.0,1,8,-9900,?,9,-9900,?,9,20.69,E,8,18.58,E,8,95.0,E,8,1008.6016999999999,E,8,999.0,E,8,0.64,E,8,-9900,?,9,-9900,?,9,0.519,E,8,-9900,?,9,-9900,?,9,5.19,99.0,E,8
11/25/2020,03:00,0.0,1402.98,0.0,1,8,0.0,1,8,0.0,1,8,0.0,1,8,0.0,1,8,0.0,1,8,-0.0,1,8,-9900,?,9,-9900,?,9,20.45,E,8,18.69,E,8,84.0,E,8,1008.6016999999999,E,8,999.0,E,8,0.64,E,8,-9900,?,9,-9900,?,9,0.0,E,8,-9900,?,9,-9900,?,9,0.0,0.0,E,8
11/25/2020,04:00,0.0,1403.511,0.0,1,8,0.0,1,8,0.0,1,8,0.0,1,8,0.0,1,8,0.0,1,8,-0.0,1,8,-9900,?,9,-9900,?,9,20.22,E,8,18.79,E,8,90.0,E,8,1008.6016999999999,E,8,999.0,E,8,0.64,E,8,-9900,?,9,-9900,?,9,0.003,E,8,-9900,?,9,-9900,?,9,0.03,99.0,E,8
11/25/2020,05:00,0.0,1403.511,0.0,1,8,0.0,1,8,0.0,1,8,0.0,1,8,0.0,1,8,0.0,1,8,-0.0,1,8,-9900,?,9,-9900,?,9,20.01,E,8,18.88,E,8,91.0,E,8,1008.6016999999999,E,8,999.0,E,8,0.64,E,8,-9900,?,9,-9900,?,9,0.001,E,8,-9900,?,9,-9900,?,9,0.01,99.0,E,8
11/25/2020,06:00,162.884,1403.511,0.04,1,8,0.0,1,8,0.04,1,8,4.8,1,8,0.0,1,8,4.4,1,8,0.112,1,8,-9900,?,9,-9900,?,9,19.85,E,8,18.95,E,8,88.0,E,8,1008.6016999999999,E,8,999.0,E,8,0.64,E,8,-9900,?,9,-9900,?,9,0.0,E,8,-9900,?,9,-9900,?,9,0.0,0.0,E,8
11/25/2020,07:00,478.121,1403.511,87.27,1,8,0.0,1,8,87.27,1,8,10472.4,1,8,0.0,1,8,9599.7,1,8,81.725,1,8,-9900,?,9,-9900,?,9,19.7,E,8,19.01,E,8,94.0,E,8,1008.6016999999999,E,8,999.0,E,8,0.64,E,8,-9900,?,9,-9900,?,9,0.001,E,8,-9900,?,9,-9900,?,9,0.01,99.0,E,8
11/25/2020,08:00,774.653,1403.511,239.59,1,8,38.627,1,8,218.285,1,8,28750.8,1,8,3669.528,1,8,24011.319,1,8,125.972,1,8,-9900,?,9,-9900,?,9,22.18,E,8,17.91,E,8,73.0,E,8,1008.6016999999999,E,8,999.0,E,8,0.64,E,8,-9900,?,9,-9900,?,9,0.0,E,8,-9900,?,9,-9900,?,9,0.0,0.0,E,8
11/25/2020,09:00,1030.955,1403.511,385.65,1,8,54.796,1,8,345.409,1,8,46278.0,1,8,5205.655,1,8,37995.01,1,8,149.716,1,8,-9900,?,9,-9900,?,9,23.3,E,8,17.39,E,8,66.0,E,8,1008.6016999999999,E,8,999.0,E,8,0.79,E,8,-9900,?,9,-9900,?,9,0.0,E,8,-9900,?,9,-9900,?,9,0.0,0.0,E,8
11/25/2020,10:00,1229.392,1403.511,507.79,1,8,66.474,1,8,449.568,1,8,60934.8,1,8,6315.021,1,8,49452.481,1,8,163.384,1,8,-9900,?,9,-9900,?,9,24.33,E,8,16.9,E,8,61.0,E,8,1008.6016999999999,E,8,999.0,E,8,1.51,E,8,-9900,?,9,-9900,?,9,0.0,E,8,-9900,?,9,-9900,?,9,0.0,0.0,E,8
11/25/2020,11:00,1356.401,1403.511,595.76,1,8,64.117,1,8,533.796,1,8,71491.2,1,8,6091.133,1,8,58717.584,1,8,175.818,1,8,-9900,?,9,-9900,?,9,25.21,E,8,16.47,E,8,57.0,E,8,1008.6016999999999,E,8,999.0,E,8,2.43,E,8,-9900,?,9,-9900,?,9,0.0,E,8,-9900,?,9,-9900,?,9,0.0,0.0,E,8
11/25/2020,12:00,1403.323,1403.511,642.9,1,8,73.733,1,8,569.177,1,8,77148.0,1,8,7004.621,1,8,62609.472,1,8,181.199,1,8,-9900,?,9,-9900,?,9,25.92,E,8,16.11,E,8,54.0,E,8,1008.6016999999999,E,8,999.0,E,8,3.15,E,8,-9900,?,9,-9900,?,9,0.0,E,8,-9900,?,9,-9900,?,9,0.0,0.0,E,8
11/25/2020,13:00,1366.968,1403.511,645.76,1,8,85.482,1,8,562.505,1,8,77491.2,1,8,8120.759,1,8,61875.587,1,8,183.841,1,8,-9900,?,9,-9900,?,9,26.43,E,8,15.85,E,8,51.0,E,8,1008.6016999999999,E,8,999.0,E,8,3.79,E,8,-9900,?,9,-9900,?,9,0.0,E,8,-9900,?,9,-9900,?,9,0.0,0.0,E,8
11/25/2020,14:00,1249.83,1403.511,604.15,1,8,205.871,1,8,420.835,1,8,72498.0,1,8,19557.78,1,8,46291.862,1,8,150.439,1,8,-9900,?,9,-9900,?,9,26.73,E,8,15.69,E,8,50.0,E,8,1008.6016999999999,E,8,999.0,E,8,3.84,E,8,-9900,?,9,-9900,?,9,0.0,E,8,-9900,?,9,-9900,?,9,0.0,0.0,E,8
11/25/2020,15:00,1059.92,1403.511,521.11,1,8,162.807,1,8,398.187,1,8,62533.2,1,8,15466.638,1,8,43800.554,1,8,167.871,1,8,-9900,?,9,-9900,?,9,26.83,E,8,15.64,E,8,50.0,E,8,1008.6016999999999,E,8,999.0,E,8,3.64,E,8,-9900,?,9,-9900,?,9,0.0,E,8,-9900,?,9,-9900,?,9,0.0,0.0,E,8
11/25/2020,16:00,810.236,1403.511,402.91,1,8,195.161,1,8,290.311,1,8,48349.2,1,8,18540.255,1,8,31934.245,1,8,160.167,1,8,-9900,?,9,-9900,?,9,26.66,E,8,15.73,E,8,51.0,E,8,1008.6016999999999,E,8,999.0,E,8,3.61,E,8,-9900,?,9,-9900,?,9,0.0,E,8,-9900,?,9,-9900,?,9,0.0,0.0,E,8
11/25/2020,17:00,517.952,1403.511,259.25,1,8,298.387,1,8,149.336,1,8,31110.0,1,8,28346.744,1,8,16426.991,1,8,129.046,1,8,-9900,?,9,-9900,?,9,26.18,E,8,15.98,E,8,53.0,E,8,1008.6016999999999,E,8,999.0,E,8,3.18,E,8,-9900,?,9,-9900,?,9,0.0,E,8,-9900,?,9,-9900,?,9,0.0,0.0,E,8
11/25/2020,18:00,203.932,1403.511,106.18,1,8,362.39,1,8,54.192,1,8,12741.6,1,8,34427.086,1,8,5961.109,1,8,120.242,1,8,-9900,?,9,-9900,?,9,25.45,E,8,16.35,E,8,56.0,E,8,1008.6016999999999,E,8,999.0,E,8,2.53,E,8,-9900,?,9,-9900,?,9,0.0,E,8,-9900,?,9,-9900,?,9,0.0,0.0,E,8
11/25/2020,19:00,0.0,1403.511,1.14,1,8,0.0,1,8,0.0,1,8,136.8,1,8,0.0,1,8,0.0,1,8,-0.0,1,8,-9900,?,9,-9900,?,9,24.78,E,8,16.68,E,8,63.0,E,8,1008.6016999999999,E,8,999.0,E,8,1.73,E,8,-9900,?,9,-9900,?,9,0.018,E,8,-9900,?,9,-9900,?,9,0.18,99.0,E,8
11/25/2020,20:00,0.0,1403.511,0.0,1,8,0.0,1,8,0.0,1,8,0.0,1,8,0.0,1,8,0.0,1,8,-0.0,1,8,-9900,?,9,-9900,?,9,24.1,E,8,17.01,E,8,67.0,E,8,1008.6016999999999,E,8,999.0,E,8,1.46,E,8,-9900,?,9,-9900,?,9,0.005,E,8,-9900,?,9,-9900,?,9,0.05,99.0,E,8
11/25/2020,21:00,0.0,1403.511,0.0,1,8,0.0,1,8,0.0,1,8,0.0,1,8,0.0,1,8,0.0,1,8,-0.0,1,8,-9900,?,9,-9900,?,9,23.43,E,8,17.33,E,8,66.0,E,8,1008.6016999999999,E,8,999.0,E,8,1.3,E,8,-9900,?,9,-9900,?,9,0.0,E,8,-9900,?,9,-9900,?,9,0.0,0.0,E,8
11/25/2020,22:00,0.0,1403.511,0.0,1,8,0.0,1,8,0.0,1,8,0.0,1,8,0.0,1,8,0.0,1,8,-0.0,1,8,-9900,?,9,-9900,?,9,22.75,E,8,17.65,E,8,74.0,E,8,1008.6016999999999,E,8,999.0,E,8,1.29,E,8,-9900,?,9,-9900,?,9,0.011,E,8,-9900,?,9,-9900,?,9,0.11,99.0,E,8
11/25/2020,23:00,0.0,1403.511,0.0,1,8,0.0,1,8,0.0,1,8,0.0,1,8,0.0,1,8,0.0,1,8,-0.0,1,8,-9900,?,9,-9900,?,9,22.08,E,8,17.96,E,8,78.0,E,8,1008.6016999999999,E,8,999.0,E,8,0.95,E,8,-9900,?,9,-9900,?,9,0.033,E,8,-9900,?,9,-9900,?,9,0.33,99.0,E,8
11/25/2020,24:00,0.0,1403.511,0.0,1,8,0.0,1,8,0.0,1,8,0.0,1,8,0.0,1,8,0.0,1,8,-0.0,1,8,-9900,?,9,-9900,?,9,21.41,E,8,18.53,E,8,81.0,E,8,1008.6016999999999,E,8,999.0,E,8,1.04,E,8,-9900,?,9,-9900,?,9,0.034999999999999996,E,8,-9900,?,9,-9900,?,9,0.35,99.0,E,8
11/26/2020,01:00,0.0,1403.511,0.0,1,8,0.0,1,8,0.0,1,8,0.0,1,8,0.0,1,8,0.0,1,8,-0.0,1,8,-9900,?,9,-9900,?,9,21.07,E,8,18.56,E,8,83.0,E,8,1008.6016999999999,E,8,999.0,E,8,0.95,E,8,-9900,?,9,-9900,?,9,0.023,E,8,-9900,?,9,-9900,?,9,0.23,99.0,E,8
11/26/2020,02:00,0.0,1403.511,0.0,1,8,0.0,1,8,0.0,1,8,0.0,1,8,0.0,1,8,0.0,1,8,-0.0,1,8,-9900,?,9,-9900,?,9,20.73,E,8,18.6,E,8,85.0,E,8,1008.6016999999999,E,8,999.0,E,8,0.95,E,8,-9900,?,9,-9900,?,9,0.002,E,8,-9900,?,9,-9900,?,9,0.02,99.0,E,8
11/26/2020,03:00,0.0,1403.511,0.0,1,8,0.0,1,8,0.0,1,8,0.0,1,8,0.0,1,8,0.0,1,8,-0.0,1,8,-9900,?,9,-9900,?,9,20.4,E,8,18.64,E,8,86.0,E,8,1008.6016999999999,E,8,999.0,E,8,0.95,E,8,-9900,?,9,-9900,?,9,0.015,E,8,-9900,?,9,-9900,?,9,0.15,99.0,E,8
11/26/2020,04:00,0.0,1404.03,0.0,1,8,0.0,1,8,0.0,1,8,0.0,1,8,0.0,1,8,0.0,1,8,-0.0,1,8,-9900,?,9,-9900,?,9,20.06,E,8,18.68,E,8,96.0,E,8,1008.6016999999999,E,8,999.0,E,8,0.95,E,8,-9900,?,9,-9900,?,9,1.643,E,8,-9900,?,9,-9900,?,9,16.43,99.0,E,8
11/26/2020,05:00,0.0,1404.03,0.0,1,8,0.0,1,8,0.0,1,8,0.0,1,8,0.0,1,8,0.0,1,8,-0.0,1,8,-9900,?,9,-9900,?,9,19.76,E,8,18.71,E,8,89.0,E,8,1008.6016999999999,E,8,999.0,E,8,0.95,E,8,-9900,?,9,-9900,?,9,0.01,E,8,-9900,?,9,-9900,?,9,0.1,99.0,E,8
11/26/2020,06:00,162.885,1404.03,0.05,1,8,0.0,1,8,0.05,1,8,6.0,1,8,0.0,1,8,5.5,1,8,0.14,1,8,-9900,?,9,-9900,?,9,19.54,E,8,18.73,E,8,95.0,E,8,1008.6016999999999,E,8,999.0,E,8,0.95,E,8,-9900,?,9,-9900,?,9,0.10400000000000001,E,8,-9900,?,9,-9900,?,9,1.04,99.0,E,8
11/26/2020,07:00,477.881,1404.03,83.92,1,8,0.0,1,8,83.92,1,8,10070.4,1,8,0.0,1,8,9231.2,1,8,78.656,1,8,-9900,?,9,-9900,?,9,19.32,E,8,18.76,E,8,92.0,E,8,1008.6016999999999,E,8,999.0,E,8,0.95,E,8,-9900,?,9,-9900,?,9,0.006,E,8,-9900,?,9,-9900,?,9,0.06,99.0,E,8
11/26/2020,08:00,774.301,1404.03,245.78,1,8,44.061,1,8,221.497,1,8,29493.6,1,8,4185.786,1,8,24364.713,1,8,127.931,1,8,-9900,?,9,-9900,?,9,21.79,E,8,18.48,E,8,80.0,E,8,1008.6016999999999,E,8,999.0,E,8,0.95,E,8,-9900,?,9,-9900,?,9,0.05500000000000001,E,8,-9900,?,9,-9900,?,9,0.55,99.0,E,8
11/26/2020,09:00,1030.628,1404.03,433.49,1,8,85.485,1,8,370.755,1,8,52018.8,1,8,8121.117,1,8,40783.072,1,8,160.813,1,8,-9900,?,9,-9900,?,9,23.13,E,8,18.33,E,8,74.0,E,8,1008.6016999999999,E,8,999.0,E,8,1.21,E,8,-9900,?,9,-9900,?,9,0.004,E,8,-9900,?,9,-9900,?,9,0.04,99.0,E,8
11/26/2020,10:00,1229.225,1404.03,577.0,1,8,156.943,1,8,439.609,1,8,69240.0,1,8,14909.552,1,8,48357.031,1,8,159.846,1,8,-9900,?,9,-9900,?,9,24.34,E,8,18.2,E,8,69.0,E,8,1008.6016999999999,E,8,999.0,E,8,1.69,E,8,-9900,?,9,-9900,?,9,0.001,E,8,-9900,?,9,-9900,?,9,0.01,99.0,E,8
11/26/2020,11:00,1356.519,1404.03,749.9,1,8,266.617,1,8,492.311,1,8,89988.0,1,8,25328.59,1,8,54154.186,1,8,162.199,1,8,-9900,?,9,-9900,?,9,25.58,E,8,18.06,E,8,61.0,E,8,1008.6016999999999,E,8,999.0,E,8,1.91,E,8,-9900,?,9,-9900,?,9,0.0,E,8,-9900,?,9,-9900,?,9,0.0,0.0,E,8
11/26/2020,12:00,1403.829,1404.03,924.08,1,8,524.241,1,8,399.914,1,8,110889.6,1,8,49802.914,1,8,43990.537,1,8,127.315,1,8,-9900,?,9,-9900,?,9,26.85,E,8,17.91,E,8,56.0,E,8,1008.6016999999999,E,8,999.0,E,8,2.47,E,8,-9900,?,9,-9900,?,9,0.0,E,8,-9900,?,9,-9900,?,9,0.0,0.0,E,8
11/26/2020,13:00,1367.94,1404.03,889.7,1,8,537.899,1,8,365.636,1,8,106764.0,1,8,51100.391,1,8,40219.969,1,8,119.458,1,8,-9900,?,9,-9900,?,9,27.68,E,8,17.82,E,8,54.0,E,8,1008.6016999999999,E,8,999.0,E,8,3.18,E,8,-9900,?,9,-9900,?,9,0.0,E,8,-9900,?,9,-9900,?,9,0.0,0.0,E,8
11/26/2020,14:00,1251.313,1404.03,834.81,1,8,553.32,1,8,341.712,1,8,100177.2,1,8,52565.419,1,8,37588.355,1,8,122.055,1,8,-9900,?,9,-9900,?,9,28.2,E,8,17.76,E,8,52.0,E,8,1008.6016999999999,E,8,999.0,E,8,4.28,E,8,-9900,?,9,-9900,?,9,0.0,E,8,-9900,?,9,-9900,?,9,0.0,0.0,E,8
11/26/2020,15:00,1061.925,1404.03,792.52,1,8,843.036,1,8,155.038,1,8,95102.4,1,8,80088.426,1,8,17054.183,1,8,65.263,1,8,-9900,?,9,-9900,?,9,28.53,E,8,17.72,E,8,51.0,E,8,1008.6016999999999,E,8,999.0,E,8,5.08,E,8,-9900,?,9,-9900,?,9,0.0,E,8,-9900,?,9,-9900,?,9,0.0,0.0,E,8
11/26/2020,16:00,812.735,1404.03,667.58,1,8,792.698,1,8,208.987,1,8,80109.6,1,8,75306.308,1,8,22988.562,1,8,114.987,1,8,-9900,?,9,-9900,?,9,28.61,E,8,17.71,E,8,51.0,E,8,1008.6016999999999,E,8,999.0,E,8,4.44,E,8,-9900,?,9,-9900,?,9,0.0,E,8,-9900,?,9,-9900,?,9,0.0,0.0,E,8
11/26/2020,17:00,520.881,1404.03,438.02,1,8,781.018,1,8,148.798,1,8,52562.4,1,8,74196.679,1,8,16367.739,1,8,127.901,1,8,-9900,?,9,-9900,?,9,28.19,E,8,17.76,E,8,52.0,E,8,1008.6016999999999,E,8,999.0,E,8,3.48,E,8,-9900,?,9,-9900,?,9,0.0,E,8,-9900,?,9,-9900,?,9,0.0,0.0,E,8
11/26/2020,18:00,207.177,1404.03,198.23,1,8,421.038,1,8,136.867,1,8,23787.6,1,8,39998.625,1,8,15055.365,1,8,298.926,1,8,-9900,?,9,-9900,?,9,27.33,E,8,17.86,E,8,55.0,E,8,1008.6016999999999,E,8,999.0,E,8,2.51,E,8,-9900,?,9,-9900,?,9,0.0,E,8,-9900,?,9,-9900,?,9,0.0,0.0,E,8
11/26/2020,19:00,0.0,1404.03,6.95,1,8,0.0,1,8,0.0,1,8,834.0,1,8,0.0,1,8,0.0,1,8,-0.0,1,8,-9900,?,9,-9900,?,9,26.59,E,8,17.94,E,8,57.0,E,8,1008.6016999999999,E,8,999.0,E,8,1.7,E,8,-9900,?,9,-9900,?,9,0.0,E,8,-9900,?,9,-9900,?,9,0.0,0.0,E,8
11/26/2020,20:00,0.0,1404.03,0.0,1,8,0.0,1,8,0.0,1,8,0.0,1,8,0.0,1,8,0.0,1,8,-0.0,1,8,-9900,?,9,-9900,?,9,25.86,E,8,18.03,E,8,60.0,E,8,1008.6016999999999,E,8,999.0,E,8,1.21,E,8,-9900,?,9,-9900,?,9,0.0,E,8,-9900,?,9,-9900,?,9,0.0,0.0,E,8
11/26/2020,21:00,0.0,1404.03,0.0,1,8,0.0,1,8,0.0,1,8,0.0,1,8,0.0,1,8,0.0,1,8,-0.0,1,8,-9900,?,9,-9900,?,9,25.12,E,8,18.11,E,8,62.0,E,8,1008.6016999999999,E,8,999.0,E,8,0.95,E,8,-9900,?,9,-9900,?,9,0.0,E,8,-9900,?,9,-9900,?,9,0.0,0.0,E,8
11/26/2020,22:00,0.0,1404.03,0.0,1,8,0.0,1,8,0.0,1,8,0.0,1,8,0.0,1,8,0.0,1,8,-0.0,1,8,-9900,?,9,-9900,?,9,24.39,E,8,18.19,E,8,65.0,E,8,1008.6016999999999,E,8,999.0,E,8,0.95,E,8,-9900,?,9,-9900,?,9,0.0,E,8,-9900,?,9,-9900,?,9,0.0,0.0,E,8
11/26/2020,23:00,0.0,1404.03,0.0,1,8,0.0,1,8,0.0,1,8,0.0,1,8,0.0,1,8,0.0,1,8,-0.0,1,8,-9900,?,9,-9900,?,9,23.65,E,8,18.28,E,8,68.0,E,8,1008.6016999999999,E,8,999.0,E,8,0.95,E,8,-9900,?,9,-9900,?,9,0.0,E,8,-9900,?,9,-9900,?,9,0.0,0.0,E,8
11/26/2020,24:00,0.0,1404.03,0.0,1,8,0.0,1,8,0.0,1,8,0.0,1,8,0.0,1,8,0.0,1,8,-0.0,1,8,-9900,?,9,-9900,?,9,22.92,E,8,19.58,E,8,83.0,E,8,1008.6016999999999,E,8,999.0,E,8,1.05,E,8,-9900,?,9,-9900,?,9,0.002,E,8,-9900,?,9,-9900,?,9,0.02,99.0,E,8
11/27/2020,01:00,0.0,1404.03,0.0,1,8,0.0,1,8,0.0,1,8,0.0,1,8,0.0,1,8,0.0,1,8,-0.0,1,8,-9900,?,9,-9900,?,9,22.55,E,8,19.64,E,8,85.0,E,8,1008.6016999999999,E,8,999.0,E,8,1.05,E,8,-9900,?,9,-9900,?,9,0.02,E,8,-9900,?,9,-9900,?,9,0.2,99.0,E,8
11/27/2020,02:00,0.0,1404.03,0.0,1,8,0.0,1,8,0.0,1,8,0.0,1,8,0.0,1,8,0.0,1,8,-0.0,1,8,-9900,?,9,-9900,?,9,22.18,E,8,19.7,E,8,86.0,E,8,1008.6016999999999,E,8,999.0,E,8,1.05,E,8,-9900,?,9,-9900,?,9,0.008,E,8,-9900,?,9,-9900,?,9,0.08,99.0,E,8
11/27/2020,03:00,0.0,1404.03,0.0,1,8,0.0,1,8,0.0,1,8,0.0,1,8,0.0,1,8,0.0,1,8,-0.0,1,8,-9900,?,9,-9900,?,9,21.81,E,8,19.75,E,8,89.0,E,8,1008.6016999999999,E,8,999.0,E,8,1.05,E,8,-9900,?,9,-9900,?,9,0.028000000000000004,E,8,-9900,?,9,-9900,?,9,0.28,99.0,E,8
11/27/2020,04:00,0.0,1404.538,0.0,1,8,0.0,1,8,0.0,1,8,0.0,1,8,0.0,1,8,0.0,1,8,-0.0,1,8,-9900,?,9,-9900,?,9,21.45,E,8,19.81,E,8,91.0,E,8,1008.6016999999999,E,8,999.0,E,8,1.05,E,8,-9900,?,9,-9900,?,9,0.038,E,8,-9900,?,9,-9900,?,9,0.38,99.0,E,8
11/27/2020,05:00,0.0,1404.538,0.0,1,8,0.0,1,8,0.0,1,8,0.0,1,8,0.0,1,8,0.0,1,8,-0.0,1,8,-9900,?,9,-9900,?,9,21.12,E,8,19.86,E,8,88.0,E,8,1008.6016999999999,E,8,999.0,E,8,1.05,E,8,-9900,?,9,-9900,?,9,0.0,E,8,-9900,?,9,-9900,?,9,0.0,0.0,E,8
11/27/2020,06:00,162.769,1404.538,0.1,1,8,0.0,1,8,0.1,1,8,12.0,1,8,0.0,1,8,11.0,1,8,0.28,1,8,-9900,?,9,-9900,?,9,20.88,E,8,19.9,E,8,94.0,E,8,1008.6016999999999,E,8,999.0,E,8,1.05,E,8,-9900,?,9,-9900,?,9,0.015,E,8,-9900,?,9,-9900,?,9,0.15,99.0,E,8
11/27/2020,07:00,477.532,1404.538,117.51,1,8,0.0,1,8,117.51,1,8,14101.2,1,8,0.0,1,8,12926.1,1,8,110.261,1,8,-9900,?,9,-9900,?,9,20.64,E,8,19.94,E,8,95.0,E,8,1008.6016999999999,E,8,999.0,E,8,1.05,E,8,-9900,?,9,-9900,?,9,0.001,E,8,-9900,?,9,-9900,?,9,0.01,99.0,E,8
11/27/2020,08:00,773.852,1404.538,375.09,1,8,217.147,1,8,255.53,1,8,45010.8,1,8,20628.932,1,8,28108.308,1,8,147.727,1,8,-9900,?,9,-9900,?,9,23.92,E,8,19.41,E,8,73.0,E,8,1008.6016999999999,E,8,999.0,E,8,1.05,E,8,-9900,?,9,-9900,?,9,0.0,E,8,-9900,?,9,-9900,?,9,0.0,0.0,E,8
11/27/2020,09:00,1030.22,1404.538,557.5,1,8,302.952,1,8,335.342,1,8,66900.0,1,8,28780.467,1,8,36887.663,1,8,145.563,1,8,-9900,?,9,-9900,?,9,25.3,E,8,19.19,E,8,67.0,E,8,1008.6016999999999,E,8,999.0,E,8,1.05,E,8,-9900,?,9,-9900,?,9,0.0,E,8,-9900,?,9,-9900,?,9,0.0,0.0,E,8
11/27/2020,10:00,1228.994,1404.538,645.02,1,8,247.525,1,8,428.451,1,8,77402.4,1,8,23514.883,1,8,47129.599,1,8,155.874,1,8,-9900,?,9,-9900,?,9,26.28,E,8,19.03,E,8,63.0,E,8,1008.6016999999999,E,8,999.0,E,8,1.05,E,8,-9900,?,9,-9900,?,9,0.0,E,8,-9900,?,9,-9900,?,9,0.0,0.0,E,8
11/27/2020,11:00,1356.59,1404.538,542.66,1,8,82.975,1,8,462.519,1,8,65119.2,1,8,7882.625,1,8,50877.125,1,8,152.431,1,8,-9900,?,9,-9900,?,9,26.6,E,8,18.97,E,8,62.0,E,8,1008.6016999999999,E,8,999.0,E,8,1.35,E,8,-9900,?,9,-9900,?,9,0.0,E,8,-9900,?,9,-9900,?,9,0.0,0.0,E,8
11/27/2020,12:00,1404.305,1404.538,576.43,1,8,78.427,1,8,498.016,1,8,69171.6,1,8,7450.532,1,8,54781.801,1,8,158.55,1,8,-9900,?,9,-9900,?,9,26.88,E,8,18.93,E,8,65.0,E,8,1008.6016999999999,E,8,999.0,E,8,1.9,E,8,-9900,?,9,-9900,?,9,0.004,E,8,-9900,?,9,-9900,?,9,0.04,99.0,E,8
11/27/2020,13:00,1368.897,1404.538,883.74,1,8,502.326,1,8,394.169,1,8,106048.8,1,8,47720.929,1,8,43358.593,1,8,128.737,1,8,-9900,?,9,-9900,?,9,27.67,E,8,18.8,E,8,58.0,E,8,1008.6016999999999,E,8,999.0,E,8,2.94,E,8,-9900,?,9,-9900,?,9,0.0,E,8,-9900,?,9,-9900,?,9,0.0,0.0,E,8
11/27/2020,14:00,1252.793,1404.538,726.5,1,8,332.451,1,8,429.989,1,8,87180.0,1,8,31582.89,1,8,47298.748,1,8,153.46,1,8,-9900,?,9,-9900,?,9,28.0,E,8,18.74,E,8,57.0,E,8,1008.6016999999999,E,8,999.0,E,8,3.16,E,8,-9900,?,9,-9900,?,9,0.0,E,8,-9900,?,9,-9900,?,9,0.0,0.0,E,8
11/27/2020,15:00,1063.934,1404.538,630.05,1,8,413.263,1,8,317.072,1,8,75606.0,1,8,39260.0,1,8,34877.969,1,8,133.267,1,8,-9900,?,9,-9900,?,9,28.12,E,8,18.72,E,8,56.0,E,8,1008.6016999999999,E,8,999.0,E,8,3.65,E,8,-9900,?,9,-9900,?,9,0.0,E,8,-9900,?,9,-9900,?,9,0.0,0.0,E,8
11/27/2020,16:00,815.243,1404.538,433.26,1,8,305.048,1,8,256.301,1,8,51991.2,1,8,28979.583,1,8,28193.163,1,8,140.637,1,8,-9900,?,9,-9900,?,9,27.83,E,8,18.77,E,8,62.0,E,8,1008.6016999999999,E,8,999.0,E,8,3.89,E,8,-9900,?,9,-9900,?,9,0.006,E,8,-9900,?,9,-9900,?,9,0.06,99.0,E,8
11/27/2020,17:00,523.821,1404.538,333.9,1,8,536.241,1,8,134.269,1,8,40068.0,1,8,50942.899,1,8,14769.63,1,8,114.805,1,8,-9900,?,9,-9900,?,9,27.38,E,8,18.84,E,8,59.0,E,8,1008.6016999999999,E,8,999.0,E,8,3.13,E,8,-9900,?,9,-9900,?,9,0.0,E,8,-9900,?,9,-9900,?,9,0.0,0.0,E,8
11/27/2020,18:00,210.427,1404.538,141.15,1,8,315.576,1,8,94.436,1,8,16938.0,1,8,29979.751,1,8,10387.939,1,8,203.068,1,8,-9900,?,9,-9900,?,9,26.65,E,8,18.97,E,8,66.0,E,8,1008.6016999999999,E,8,999.0,E,8,3.1,E,8,-9900,?,9,-9900,?,9,0.001,E,8,-9900,?,9,-9900,?,9,0.01,99.0,E,8
11/27/2020,19:00,0.0,1404.538,1.89,1,8,0.0,1,8,0.0,1,8,226.8,1,8,0.0,1,8,0.0,1,8,-0.0,1,8,-9900,?,9,-9900,?,9,26.01,E,8,19.07,E,8,69.0,E,8,1008.6016999999999,E,8,999.0,E,8,1.92,E,8,-9900,?,9,-9900,?,9,0.011,E,8,-9900,?,9,-9900,?,9,0.11,99.0,E,8
11/27/2020,20:00,0.0,1404.538,0.0,1,8,0.0,1,8,0.0,1,8,0.0,1,8,0.0,1,8,0.0,1,8,-0.0,1,8,-9900,?,9,-9900,?,9,25.37,E,8,19.18,E,8,71.0,E,8,1008.6016999999999,E,8,999.0,E,8,1.19,E,8,-9900,?,9,-9900,?,9,0.053000000000000005,E,8,-9900,?,9,-9900,?,9,0.53,99.0,E,8
11/27/2020,21:00,0.0,1404.538,0.0,1,8,0.0,1,8,0.0,1,8,0.0,1,8,0.0,1,8,0.0,1,8,-0.0,1,8,-9900,?,9,-9900,?,9,24.74,E,8,19.28,E,8,74.0,E,8,1008.6016999999999,E,8,999.0,E,8,1.05,E,8,-9900,?,9,-9900,?,9,0.078,E,8,-9900,?,9,-9900,?,9,0.78,99.0,E,8
11/27/2020,22:00,0.0,1404.538,0.0,1,8,0.0,1,8,0.0,1,8,0.0,1,8,0.0,1,8,0.0,1,8,-0.0,1,8,-9900,?,9,-9900,?,9,24.1,E,8,19.39,E,8,81.0,E,8,1008.6016999999999,E,8,999.0,E,8,1.05,E,8,-9900,?,9,-9900,?,9,0.136,E,8,-9900,?,9,-9900,?,9,1.36,99.0,E,8
11/27/2020,23:00,0.0,1404.538,0.0,1,8,0.0,1,8,0.0,1,8,0.0,1,8,0.0,1,8,0.0,1,8,-0.0,1,8,-9900,?,9,-9900,?,9,23.46,E,8,19.49,E,8,89.0,E,8,1008.6016999999999,E,8,999.0,E,8,1.05,E,8,-9900,?,9,-9900,?,9,1.8,E,8,-9900,?,9,-9900,?,9,18.0,99.0,E,8
11/27/2020,24:00,0.0,1404.538,0.0,1,8,0.0,1,8,0.0,1,8,0.0,1,8,0.0,1,8,0.0,1,8,-0.0,1,8,-9900,?,9,-9900,?,9,22.82,E,8,19.58,E,8,84.0,E,8,1008.6016999999999,E,8,999.0,E,8,0.81,E,8,-9900,?,9,-9900,?,9,0.088,E,8,-9900,?,9,-9900,?,9,0.88,99.0,E,8
11/28/2020,01:00,0.0,1404.538,0.0,1,8,0.0,1,8,0.0,1,8,0.0,1,8,0.0,1,8,0.0,1,8,-0.0,1,8,-9900,?,9,-9900,?,9,22.5,E,8,19.53,E,8,81.0,E,8,1008.6016999999999,E,8,999.0,E,8,0.81,E,8,-9900,?,9,-9900,?,9,0.0,E,8,-9900,?,9,-9900,?,9,0.0,0.0,E,8
11/28/2020,02:00,0.0,1404.538,0.0,1,8,0.0,1,8,0.0,1,8,0.0,1,8,0.0,1,8,0.0,1,8,-0.0,1,8,-9900,?,9,-9900,?,9,22.19,E,8,19.48,E,8,82.0,E,8,1008.6016999999999,E,8,999.0,E,8,0.81,E,8,-9900,?,9,-9900,?,9,0.0,E,8,-9900,?,9,-9900,?,9,0.0,0.0,E,8
11/28/2020,03:00,0.0,1404.538,0.0,1,8,0.0,1,8,0.0,1,8,0.0,1,8,0.0,1,8,0.0,1,8,-0.0,1,8,-9900,?,9,-9900,?,9,21.87,E,8,19.42,E,8,83.0,E,8,1008.6016999999999,E,8,999.0,E,8,0.81,E,8,-9900,?,9,-9900,?,9,0.0,E,8,-9900,?,9,-9900,?,9,0.0,0.0,E,8
11/28/2020,04:00,0.0,1405.035,0.0,1,8,0.0,1,8,0.0,1,8,0.0,1,8,0.0,1,8,0.0,1,8,-0.0,1,8,-9900,?,9,-9900,?,9,21.55,E,8,19.37,E,8,84.0,E,8,1008.6016999999999,E,8,999.0,E,8,0.81,E,8,-9900,?,9,-9900,?,9,0.0,E,8,-9900,?,9,-9900,?,9,0.0,0.0,E,8
11/28/2020,05:00,0.0,1405.035,0.0,1,8,0.0,1,8,0.0,1,8,0.0,1,8,0.0,1,8,0.0,1,8,-0.0,1,8,-9900,?,9,-9900,?,9,21.26,E,8,19.32,E,8,90.0,E,8,1008.6016999999999,E,8,999.0,E,8,0.81,E,8,-9900,?,9,-9900,?,9,0.002,E,8,-9900,?,9,-9900,?,9,0.02,99.0,E,8
11/28/2020,06:00,162.539,1405.035,0.07,1,8,0.0,1,8,0.07,1,8,8.4,1,8,0.0,1,8,7.7,1,8,0.196,1,8,-9900,?,9,-9900,?,9,21.05,E,8,19.28,E,8,86.0,E,8,1008.6016999999999,E,8,999.0,E,8,0.81,E,8,-9900,?,9,-9900,?,9,0.0,E,8,-9900,?,9,-9900,?,9,0.0,0.0,E,8
11/28/2020,07:00,477.075,1405.035,135.67,1,8,39.67,1,8,122.23,1,8,16280.4,1,8,3768.687,1,8,13445.3,1,8,114.841,1,8,-9900,?,9,-9900,?,9,20.84,E,8,19.25,E,8,87.0,E,8,1008.6016999999999,E,8,999.0,E,8,0.81,E,8,-9900,?,9,-9900,?,9,0.0,E,8,-9900,?,9,-9900,?,9,0.0,0.0,E,8
11/28/2020,08:00,773.309,1405.035,368.05,1,8,202.849,1,8,256.481,1,8,44166.0,1,8,19270.613,1,8,28212.871,1,8,148.433,1,8,-9900,?,9,-9900,?,9,23.32,E,8,19.67,E,8,78.0,E,8,1008.6016999999999,E,8,999.0,E,8,0.81,E,8,-9900,?,9,-9900,?,9,0.0,E,8,-9900,?,9,-9900,?,9,0.0,0.0,E,8
11/28/2020,09:00,1029.733,1405.035,588.64,1,8,339.339,1,8,340.006,1,8,70636.8,1,8,32237.217,1,8,37400.606,1,8,147.71,1,8,-9900,?,9,-9900,?,9,24.43,E,8,19.85,E,8,74.0,E,8,1008.6016999999999,E,8,999.0,E,8,0.95,E,8,-9900,?,9,-9900,?,9,0.0,E,8,-9900,?,9,-9900,?,9,0.0,0.0,E,8
11/28/2020,10:00,1228.701,1405.035,797.3,1,8,526.111,1,8,337.258,1,8,95676.0,1,8,49980.564,1,8,37098.388,1,8,122.77,1,8,-9900,?,9,-9900,?,9,25.5,E,8,20.02,E,8,70.0,E,8,1008.6016999999999,E,8,999.0,E,8,1.7,E,8,-9900,?,9,-9900,?,9,0.0,E,8,-9900,?,9,-9900,?,9,0.0,0.0,E,8
11/28/2020,11:00,1356.615,1405.035,909.25,1,8,575.106,1,8,353.974,1,8,109110.0,1,8,54635.109,1,8,38937.185,1,8,116.698,1,8,-9900,?,9,-9900,?,9,26.36,E,8,20.16,E,8,68.0,E,8,1008.6016999999999,E,8,999.0,E,8,2.47,E,8,-9900,?,9,-9900,?,9,0.0,E,8,-9900,?,9,-9900,?,9,0.0,0.0,E,8
11/28/2020,12:00,1404.753,1405.035,953.55,1,8,570.094,1,8,383.571,1,8,114426.0,1,8,54158.928,1,8,42192.762,1,8,122.119,1,8,-9900,?,9,-9900,?,9,27.0,E,8,20.27,E,8,66.0,E,8,1008.6016999999999,E,8,999.0,E,8,2.52,E,8,-9900,?,9,-9900,?,9,0.0,E,8,-9900,?,9,-9900,?,9,0.0,0.0,E,8
11/28/2020,13:00,1369.84,1405.035,946.25,1,8,620.364,1,8,341.435,1,8,113550.0,1,8,58934.579,1,8,37557.838,1,8,111.476,1,8,-9900,?,9,-9900,?,9,27.45,E,8,20.34,E,8,65.0,E,8,1008.6016999999999,E,8,999.0,E,8,3.35,E,8,-9900,?,9,-9900,?,9,0.0,E,8,-9900,?,9,-9900,?,9,0.0,0.0,E,8
11/28/2020,14:00,1254.271,1405.035,828.67,1,8,558.493,1,8,330.142,1,8,99440.4,1,8,53056.872,1,8,36315.569,1,8,117.728,1,8,-9900,?,9,-9900,?,9,27.65,E,8,20.37,E,8,64.0,E,8,1008.6016999999999,E,8,999.0,E,8,3.69,E,8,-9900,?,9,-9900,?,9,0.0,E,8,-9900,?,9,-9900,?,9,0.0,0.0,E,8
11/28/2020,15:00,1065.95,1405.035,687.98,1,8,571.171,1,8,254.747,1,8,82557.6,1,8,54261.265,1,8,28022.137,1,8,106.906,1,8,-9900,?,9,-9900,?,9,27.64,E,8,20.37,E,8,64.0,E,8,1008.6016999999999,E,8,999.0,E,8,3.94,E,8,-9900,?,9,-9900,?,9,0.0,E,8,-9900,?,9,-9900,?,9,0.0,0.0,E,8
11/28/2020,16:00,817.76,1405.035,504.3,1,8,572.681,1,8,171.178,1,8,60516.0,1,8,54404.683,1,8,18829.602,1,8,93.672,1,8,-9900,?,9,-9900,?,9,27.33,E,8,20.32,E,8,69.0,E,8,1008.6016999999999,E,8,999.0,E,8,3.83,E,8,-9900,?,9,-9900,?,9,0.001,E,8,-9900,?,9,-9900,?,9,0.01,99.0,E,8
11/28/2020,17:00,526.768,1405.035,321.43,1,8,555.875,1,8,113.395,1,8,38571.6,1,8,52808.1,1,8,12473.444,1,8,96.446,1,8,-9900,?,9,-9900,?,9,26.8,E,8,20.23,E,8,71.0,E,8,1008.6016999999999,E,8,999.0,E,8,3.42,E,8,-9900,?,9,-9900,?,9,0.003,E,8,-9900,?,9,-9900,?,9,0.03,99.0,E,8
11/28/2020,18:00,213.68,1405.035,122.15,1,8,299.808,1,8,77.084,1,8,14658.0,1,8,28481.761,1,8,8479.267,1,8,163.235,1,8,-9900,?,9,-9900,?,9,26.07,E,8,20.12,E,8,73.0,E,8,1008.6016999999999,E,8,999.0,E,8,2.43,E,8,-9900,?,9,-9900,?,9,0.005,E,8,-9900,?,9,-9900,?,9,0.05,99.0,E,8
11/28/2020,19:00,0.0,1405.035,2.69,1,8,0.0,1,8,0.0,1,8,322.8,1,8,0.0,1,8,0.0,1,8,-0.0,1,8,-9900,?,9,-9900,?,9,25.47,E,8,20.02,E,8,71.0,E,8,1008.6016999999999,E,8,999.0,E,8,1.74,E,8,-9900,?,9,-9900,?,9,0.0,E,8,-9900,?,9,-9900,?,9,0.0,0.0,E,8
11/28/2020,20:00,0.0,1405.035,0.0,1,8,0.0,1,8,0.0,1,8,0.0,1,8,0.0,1,8,0.0,1,8,-0.0,1,8,-9900,?,9,-9900,?,9,24.88,E,8,19.92,E,8,72.0,E,8,1008.6016999999999,E,8,999.0,E,8,1.19,E,8,-9900,?,9,-9900,?,9,0.0,E,8,-9900,?,9,-9900,?,9,0.0,0.0,E,8
11/28/2020,21:00,0.0,1405.035,0.0,1,8,0.0,1,8,0.0,1,8,0.0,1,8,0.0,1,8,0.0,1,8,-0.0,1,8,-9900,?,9,-9900,?,9,24.28,E,8,19.82,E,8,74.0,E,8,1008.6016999999999,E,8,999.0,E,8,0.81,E,8,-9900,?,9,-9900,?,9,0.0,E,8,-9900,?,9,-9900,?,9,0.0,0.0,E,8
11/28/2020,22:00,0.0,1405.035,0.0,1,8,0.0,1,8,0.0,1,8,0.0,1,8,0.0,1,8,0.0,1,8,-0.0,1,8,-9900,?,9,-9900,?,9,23.68,E,8,19.72,E,8,77.0,E,8,1008.6016999999999,E,8,999.0,E,8,0.81,E,8,-9900,?,9,-9900,?,9,0.0,E,8,-9900,?,9,-9900,?,9,0.0,0.0,E,8
11/28/2020,23:00,0.0,1405.035,0.0,1,8,0.0,1,8,0.0,1,8,0.0,1,8,0.0,1,8,0.0,1,8,-0.0,1,8,-9900,?,9,-9900,?,9,23.08,E,8,19.63,E,8,83.0,E,8,1008.6016999999999,E,8,999.0,E,8,0.81,E,8,-9900,?,9,-9900,?,9,0.001,E,8,-9900,?,9,-9900,?,9,0.01,99.0,E,8
11/28/2020,24:00,0.0,1405.035,0.0,1,8,0.0,1,8,0.0,1,8,0.0,1,8,0.0,1,8,0.0,1,8,-0.0,1,8,-9900,?,9,-9900,?,9,22.49,E,8,18.76,E,8,79.0,E,8,1008.6016999999999,E,8,999.0,E,8,1.3,E,8,-9900,?,9,-9900,?,9,0.0,E,8,-9900,?,9,-9900,?,9,0.0,0.0,E,8
11/29/2020,01:00,0.0,1405.035,0.0,1,8,0.0,1,8,0.0,1,8,0.0,1,8,0.0,1,8,0.0,1,8,-0.0,1,8,-9900,?,9,-9900,?,9,22.19,E,8,18.72,E,8,80.0,E,8,1008.6016999999999,E,8,999.0,E,8,1.3,E,8,-9900,?,9,-9900,?,9,0.0,E,8,-9900,?,9,-9900,?,9,0.0,0.0,E,8
11/29/2020,02:00,0.0,1405.035,0.0,1,8,0.0,1,8,0.0,1,8,0.0,1,8,0.0,1,8,0.0,1,8,-0.0,1,8,-9900,?,9,-9900,?,9,21.89,E,8,18.67,E,8,81.0,E,8,1008.6016999999999,E,8,999.0,E,8,1.3,E,8,-9900,?,9,-9900,?,9,0.0,E,8,-9900,?,9,-9900,?,9,0.0,0.0,E,8
11/29/2020,03:00,0.0,1405.035,0.0,1,8,0.0,1,8,0.0,1,8,0.0,1,8,0.0,1,8,0.0,1,8,-0.0,1,8,-9900,?,9,-9900,?,9,21.59,E,8,18.63,E,8,83.0,E,8,1008.6016999999999,E,8,999.0,E,8,1.3,E,8,-9900,?,9,-9900,?,9,0.0,E,8,-9900,?,9,-9900,?,9,0.0,0.0,E,8
11/29/2020,04:00,0.0,1405.519,0.0,1,8,0.0,1,8,0.0,1,8,0.0,1,8,0.0,1,8,0.0,1,8,-0.0,1,8,-9900,?,9,-9900,?,9,21.29,E,8,18.59,E,8,84.0,E,8,1008.6016999999999,E,8,999.0,E,8,1.3,E,8,-9900,?,9,-9900,?,9,0.0,E,8,-9900,?,9,-9900,?,9,0.0,0.0,E,8
11/29/2020,05:00,0.0,1405.519,0.0,1,8,0.0,1,8,0.0,1,8,0.0,1,8,0.0,1,8,0.0,1,8,-0.0,1,8,-9900,?,9,-9900,?,9,21.03,E,8,18.55,E,8,85.0,E,8,1008.6016999999999,E,8,999.0,E,8,1.3,E,8,-9900,?,9,-9900,?,9,0.0,E,8,-9900,?,9,-9900,?,9,0.0,0.0,E,8
11/29/2020,06:00,162.193,1405.519,0.06,1,8,0.0,1,8,0.06,1,8,7.2,1,8,0.0,1,8,6.6,1,8,0.169,1,8,-9900,?,9,-9900,?,9,20.83,E,8,18.52,E,8,86.0,E,8,1008.6016999999999,E,8,999.0,E,8,1.3,E,8,-9900,?,9,-9900,?,9,0.0,E,8,-9900,?,9,-9900,?,9,0.0,0.0,E,8
11/29/2020,07:00,476.511,1405.519,130.68,1,8,27.697,1,8,121.311,1,8,15681.6,1,8,2631.221,1,8,13344.194,1,8,114.152,1,8,-9900,?,9,-9900,?,9,20.63,E,8,18.5,E,8,87.0,E,8,1008.6016999999999,E,8,999.0,E,8,1.3,E,8,-9900,?,9,-9900,?,9,0.0,E,8,-9900,?,9,-9900,?,9,0.0,0.0,E,8
11/29/2020,08:00,772.671,1405.519,359.26,1,8,185.684,1,8,257.251,1,8,43111.2,1,8,17640.014,1,8,28297.584,1,8,149.054,1,8,-9900,?,9,-9900,?,9,23.02,E,8,18.83,E,8,77.0,E,8,1008.6016999999999,E,8,999.0,E,8,1.3,E,8,-9900,?,9,-9900,?,9,0.0,E,8,-9900,?,9,-9900,?,9,0.0,0.0,E,8
11/29/2020,09:00,1029.167,1405.519,591.83,1,8,347.156,1,8,337.696,1,8,71019.6,1,8,32979.836,1,8,37146.52,1,8,146.838,1,8,-9900,?,9,-9900,?,9,24.15,E,8,18.99,E,8,72.0,E,8,1008.6016999999999,E,8,999.0,E,8,1.3,E,8,-9900,?,9,-9900,?,9,0.0,E,8,-9900,?,9,-9900,?,9,0.0,0.0,E,8
11/29/2020,10:00,1228.346,1405.519,791.44,1,8,517.077,1,8,339.585,1,8,94972.8,1,8,49122.298,1,8,37354.297,1,8,123.695,1,8,-9900,?,9,-9900,?,9,25.2,E,8,19.14,E,8,69.0,E,8,1008.6016999999999,E,8,999.0,E,8,1.3,E,8,-9900,?,9,-9900,?,9,0.0,E,8,-9900,?,9,-9900,?,9,0.0,0.0,E,8
11/29/2020,11:00,1356.597,1405.519,930.48,1,8,614.321,1,8,337.555,1,8,111657.6,1,8,58360.468,1,8,37131.051,1,8,111.324,1,8,-9900,?,9,-9900,?,9,26.1,E,8,19.26,E,8,66.0,E,8,1008.6016999999999,E,8,999.0,E,8,1.3,E,8,-9900,?,9,-9900,?,9,0.0,E,8,-9900,?,9,-9900,?,9,0.0,0.0,E,8
11/29/2020,12:00,1405.172,1405.519,993.97,1,8,605.328,1,8,388.791,1,8,119276.4,1,8,57506.191,1,8,42767.036,1,8,123.787,1,8,-9900,?,9,-9900,?,9,26.8,E,8,19.36,E,8,63.0,E,8,1008.6016999999999,E,8,999.0,E,8,2.17,E,8,-9900,?,9,-9900,?,9,0.0,E,8,-9900,?,9,-9900,?,9,0.0,0.0,E,8
11/29/2020,13:00,1370.769,1405.519,1017.39,1,8,748.48,1,8,287.427,1,8,122086.8,1,8,71105.572,1,8,31616.949,1,8,93.812,1,8,-9900,?,9,-9900,?,9,27.34,E,8,19.43,E,8,62.0,E,8,1008.6016999999999,E,8,999.0,E,8,3.18,E,8,-9900,?,9,-9900,?,9,0.0,E,8,-9900,?,9,-9900,?,9,0.0,0.0,E,8
11/29/2020,14:00,1255.747,1405.519,968.27,1,8,952.618,1,8,117.226,1,8,116192.4,1,8,90498.73,1,8,12894.884,1,8,41.768,1,8,-9900,?,9,-9900,?,9,27.68,E,8,19.48,E,8,61.0,E,8,1008.6016999999999,E,8,999.0,E,8,3.43,E,8,-9900,?,9,-9900,?,9,0.0,E,8,-9900,?,9,-9900,?,9,0.0,0.0,E,8
11/29/2020,15:00,1067.97,1405.519,839.91,1,8,815.707,1,8,220.237,1,8,100789.2,1,8,77492.152,1,8,24226.033,1,8,92.281,1,8,-9900,?,9,-9900,?,9,27.81,E,8,19.5,E,8,60.0,E,8,1008.6016999999999,E,8,999.0,E,8,3.64,E,8,-9900,?,9,-9900,?,9,0.0,E,8,-9900,?,9,-9900,?,9,0.0,0.0,E,8
11/29/2020,16:00,820.285,1405.519,657.87,1,8,821.711,1,8,178.577,1,8,78944.4,1,8,78062.555,1,8,19643.512,1,8,97.453,1,8,-9900,?,9,-9900,?,9,27.68,E,8,19.48,E,8,61.0,E,8,1008.6016999999999,E,8,999.0,E,8,2.84,E,8,-9900,?,9,-9900,?,9,0.0,E,8,-9900,?,9,-9900,?,9,0.0,0.0,E,8
11/29/2020,17:00,529.721,1405.519,424.39,1,8,785.862,1,8,128.73,1,8,50926.8,1,8,74656.844,1,8,14160.247,1,8,108.913,1,8,-9900,?,9,-9900,?,9,27.22,E,8,19.42,E,8,62.0,E,8,1008.6016999999999,E,8,999.0,E,8,2.08,E,8,-9900,?,9,-9900,?,9,0.0,E,8,-9900,?,9,-9900,?,9,0.0,0.0,E,8
11/29/2020,18:00,216.934,1405.519,179.1,1,8,433.49,1,8,112.948,1,8,21492.0,1,8,41181.591,1,8,12424.311,1,8,235.596,1,8,-9900,?,9,-9900,?,9,26.5,E,8,19.32,E,8,64.0,E,8,1008.6016999999999,E,8,999.0,E,8,1.6,E,8,-9900,?,9,-9900,?,9,0.0,E,8,-9900,?,9,-9900,?,9,0.0,0.0,E,8
11/29/2020,19:00,0.0,1405.519,3.53,1,8,0.0,1,8,0.0,1,8,423.6,1,8,0.0,1,8,0.0,1,8,-0.0,1,8,-9900,?,9,-9900,?,9,25.85,E,8,19.23,E,8,66.0,E,8,1008.6016999999999,E,8,999.0,E,8,1.3,E,8,-9900,?,9,-9900,?,9,0.0,E,8,-9900,?,9,-9900,?,9,0.0,0.0,E,8
11/29/2020,20:00,0.0,1405.519,0.0,1,8,0.0,1,8,0.0,1,8,0.0,1,8,0.0,1,8,0.0,1,8,-0.0,1,8,-9900,?,9,-9900,?,9,25.21,E,8,19.14,E,8,69.0,E,8,1008.6016999999999,E,8,999.0,E,8,1.3,E,8,-9900,?,9,-9900,?,9,0.0,E,8,-9900,?,9,-9900,?,9,0.0,0.0,E,8
11/29/2020,21:00,0.0,1405.519,0.0,1,8,0.0,1,8,0.0,1,8,0.0,1,8,0.0,1,8,0.0,1,8,-0.0,1,8,-9900,?,9,-9900,?,9,24.56,E,8,19.05,E,8,71.0,E,8,1008.6016999999999,E,8,999.0,E,8,1.3,E,8,-9900,?,9,-9900,?,9,0.0,E,8,-9900,?,9,-9900,?,9,0.0,0.0,E,8
11/29/2020,22:00,0.0,1405.519,0.0,1,8,0.0,1,8,0.0,1,8,0.0,1,8,0.0,1,8,0.0,1,8,-0.0,1,8,-9900,?,9,-9900,?,9,23.91,E,8,18.96,E,8,73.0,E,8,1008.6016999999999,E,8,999.0,E,8,1.3,E,8,-9900,?,9,-9900,?,9,0.0,E,8,-9900,?,9,-9900,?,9,0.0,0.0,E,8
11/29/2020,23:00,0.0,1405.519,0.0,1,8,0.0,1,8,0.0,1,8,0.0,1,8,0.0,1,8,0.0,1,8,-0.0,1,8,-9900,?,9,-9900,?,9,23.27,E,8,18.87,E,8,76.0,E,8,1008.6016999999999,E,8,999.0,E,8,1.3,E,8,-9900,?,9,-9900,?,9,0.0,E,8,-9900,?,9,-9900,?,9,0.0,0.0,E,8
11/29/2020,24:00,0.0,1405.519,0.0,1,8,0.0,1,8,0.0,1,8,0.0,1,8,0.0,1,8,0.0,1,8,-0.0,1,8,-9900,?,9,-9900,?,9,22.62,E,8,19.03,E,8,80.0,E,8,1008.6016999999999,E,8,999.0,E,8,1.24,E,8,-9900,?,9,-9900,?,9,0.0,E,8,-9900,?,9,-9900,?,9,0.0,0.0,E,8
11/30/2020,01:00,0.0,1405.519,0.0,1,8,0.0,1,8,0.0,1,8,0.0,1,8,0.0,1,8,0.0,1,8,-0.0,1,8,-9900,?,9,-9900,?,9,22.3,E,8,19.06,E,8,81.0,E,8,1008.6016999999999,E,8,999.0,E,8,1.24,E,8,-9900,?,9,-9900,?,9,0.0,E,8,-9900,?,9,-9900,?,9,0.0,0.0,E,8
11/30/2020,02:00,0.0,1405.519,0.0,1,8,0.0,1,8,0.0,1,8,0.0,1,8,0.0,1,8,0.0,1,8,-0.0,1,8,-9900,?,9,-9900,?,9,21.97,E,8,19.09,E,8,83.0,E,8,1008.6016999999999,E,8,999.0,E,8,1.24,E,8,-9900,?,9,-9900,?,9,0.0,E,8,-9900,?,9,-9900,?,9,0.0,0.0,E,8
11/30/2020,03:00,0.0,1405.519,0.0,1,8,0.0,1,8,0.0,1,8,0.0,1,8,0.0,1,8,0.0,1,8,-0.0,1,8,-9900,?,9,-9900,?,9,21.65,E,8,19.12,E,8,85.0,E,8,1008.6016999999999,E,8,999.0,E,8,1.24,E,8,-9900,?,9,-9900,?,9,0.0,E,8,-9900,?,9,-9900,?,9,0.0,0.0,E,8
11/30/2020,04:00,0.0,1405.992,0.0,1,8,0.0,1,8,0.0,1,8,0.0,1,8,0.0,1,8,0.0,1,8,-0.0,1,8,-9900,?,9,-9900,?,9,21.33,E,8,19.15,E,8,87.0,E,8,1008.6016999999999,E,8,999.0,E,8,1.24,E,8,-9900,?,9,-9900,?,9,0.0,E,8,-9900,?,9,-9900,?,9,0.0,0.0,E,8
11/30/2020,05:00,0.0,1405.992,0.0,1,8,0.0,1,8,0.0,1,8,0.0,1,8,0.0,1,8,0.0,1,8,-0.0,1,8,-9900,?,9,-9900,?,9,21.04,E,8,19.17,E,8,89.0,E,8,1008.6016999999999,E,8,999.0,E,8,1.24,E,8,-9900,?,9,-9900,?,9,0.0,E,8,-9900,?,9,-9900,?,9,0.0,0.0,E,8
11/30/2020,06:00,161.733,1405.992,0.0,1,8,0.0,1,8,0.0,1,8,0.0,1,8,0.0,1,8,0.0,1,8,0.0,1,8,-9900,?,9,-9900,?,9,20.83,E,8,19.19,E,8,90.0,E,8,1008.6016999999999,E,8,999.0,E,8,1.24,E,8,-9900,?,9,-9900,?,9,0.0,E,8,-9900,?,9,-9900,?,9,0.0,0.0,E,8
11/30/2020,07:00,475.842,1405.992,150.88,1,8,86.613,1,8,121.633,1,8,18105.6,1,8,8228.206,1,8,13379.581,1,8,114.655,1,8,-9900,?,9,-9900,?,9,20.61,E,8,19.21,E,8,91.0,E,8,1008.6016999999999,E,8,999.0,E,8,1.24,E,8,-9900,?,9,-9900,?,9,0.0,E,8,-9900,?,9,-9900,?,9,0.0,0.0,E,8
11/30/2020,08:00,771.942,1405.992,416.49,1,8,338.16,1,8,230.954,1,8,49978.8,1,8,32125.201,1,8,25404.901,1,8,133.989,1,8,-9900,?,9,-9900,?,9,23.24,E,8,18.97,E,8,76.0,E,8,1008.6016999999999,E,8,999.0,E,8,1.24,E,8,-9900,?,9,-9900,?,9,0.0,E,8,-9900,?,9,-9900,?,9,0.0,0.0,E,8
11/30/2020,09:00,1028.524,1405.992,670.82,1,8,564.692,1,8,257.837,1,8,80498.4,1,8,53645.702,1,8,28362.076,1,8,112.221,1,8,-9900,?,9,-9900,?,9,24.43,E,8,18.86,E,8,71.0,E,8,1008.6016999999999,E,8,999.0,E,8,1.24,E,8,-9900,?,9,-9900,?,9,0.0,E,8,-9900,?,9,-9900,?,9,0.0,0.0,E,8
11/30/2020,10:00,1227.932,1405.992,887.53,1,8,717.932,1,8,260.577,1,8,106503.6,1,8,68203.529,1,8,28663.478,1,8,94.981,1,8,-9900,?,9,-9900,?,9,25.53,E,8,18.76,E,8,66.0,E,8,1008.6016999999999,E,8,999.0,E,8,1.24,E,8,-9900,?,9,-9900,?,9,0.0,E,8,-9900,?,9,-9900,?,9,0.0,0.0,E,8
11/30/2020,11:00,1356.536,1405.992,1046.87,1,8,884.086,1,8,193.901,1,8,125624.4,1,8,83988.125,1,8,21329.12,1,8,63.972,1,8,-9900,?,9,-9900,?,9,26.49,E,8,18.67,E,8,62.0,E,8,1008.6016999999999,E,8,999.0,E,8,1.37,E,8,-9900,?,9,-9900,?,9,0.0,E,8,-9900,?,9,-9900,?,9,0.0,0.0,E,8
11/30/2020,12:00,1405.565,1405.992,1134.05,1,8,888.978,1,8,245.342,1,8,136086.0,1,8,84452.889,1,8,26987.636,1,8,78.119,1,8,-9900,?,9,-9900,?,9,27.26,E,8,18.6,E,8,59.0,E,8,1008.6016999999999,E,8,999.0,E,8,2.4,E,8,-9900,?,9,-9900,?,9,0.0,E,8,-9900,?,9,-9900,?,9,0.0,0.0,E,8
11/30/2020,13:00,1371.686,1405.992,1144.48,1,8,950.53,1,8,217.156,1,8,137337.6,1,8,90300.397,1,8,23887.193,1,8,70.853,1,8,-9900,?,9,-9900,?,9,27.82,E,8,18.54,E,8,57.0,E,8,1008.6016999999999,E,8,999.0,E,8,2.66,E,8,-9900,?,9,-9900,?,9,0.0,E,8,-9900,?,9,-9900,?,9,0.0,0.0,E,8
11/30/2020,14:00,1257.22,1405.992,1079.77,1,8,978.202,1,8,205.138,1,8,129572.4,1,8,92929.224,1,8,22565.212,1,8,73.03,1,8,-9900,?,9,-9900,?,9,28.17,E,8,18.51,E,8,55.0,E,8,1008.6016999999999,E,8,999.0,E,8,3.27,E,8,-9900,?,9,-9900,?,9,0.0,E,8,-9900,?,9,-9900,?,9,0.0,0.0,E,8
11/30/2020,15:00,1069.994,1405.992,937.33,1,8,863.637,1,8,280.222,1,8,112479.6,1,8,82045.479,1,8,30824.386,1,8,117.232,1,8,-9900,?,9,-9900,?,9,28.3,E,8,18.5,E,8,55.0,E,8,1008.6016999999999,E,8,999.0,E,8,3.09,E,8,-9900,?,9,-9900,?,9,0.0,E,8,-9900,?,9,-9900,?,9,0.0,0.0,E,8
11/30/2020,16:00,822.817,1405.992,737.16,1,8,817.94,1,8,258.753,1,8,88459.2,1,8,77704.328,1,8,28462.809,1,8,140.818,1,8,-9900,?,9,-9900,?,9,28.15,E,8,18.51,E,8,55.0,E,8,1008.6016999999999,E,8,999.0,E,8,2.95,E,8,-9900,?,9,-9900,?,9,0.0,E,8,-9900,?,9,-9900,?,9,0.0,0.0,E,8
11/30/2020,17:00,532.679,1405.992,485.95,1,8,808.567,1,8,180.145,1,8,58314.0,1,8,76813.842,1,8,19815.922,1,8,151.615,1,8,-9900,?,9,-9900,?,9,27.67,E,8,18.56,E,8,57.0,E,8,1008.6016999999999,E,8,999.0,E,8,2.84,E,8,-9900,?,9,-9900,?,9,0.0,E,8,-9900,?,9,-9900,?,9,0.0,0.0,E,8
11/30/2020,18:00,220.187,1405.992,288.352,1,8,387.382,1,8,228.351,1,8,34602.24,1,8,36801.288,1,8,25118.621,1,8,469.283,1,8,-9900,?,9,-9900,?,9,26.91,E,8,18.628,E,8,60.0,E,8,1008.6016999999999,E,8,999.0,E,8,2.174,E,8,-9900,?,9,-9900,?,9,0.0,E,8,-9900,?,9,-9900,?,9,0.0,0.0,E,8
11/30/2020,19:00,0.0,1405.992,140.92,1,8,0.0,1,8,0.0,1,8,16910.4,1,8,0.0,1,8,0.0,1,8,-0.0,1,8,-9900,?,9,-9900,?,9,26.262,E,8,18.69,E,8,62.6,E,8,1008.6016999999999,E,8,999.0,E,8,1.832,E,8,-9900,?,9,-9900,?,9,0.0,E,8,-9900,?,9,-9900,?,9,0.0,0.0,E,8
11/30/2020,20:00,0.0,1405.992,43.73,1,8,0.0,1,8,0.0,1,8,5247.6,1,8,0.0,1,8,0.0,1,8,-0.0,1,8,-9900,?,9,-9900,?,9,25.576,E,8,18.754,E,8,65.6,E,8,1008.6016999999999,E,8,999.0,E,8,1.512,E,8,-9900,?,9,-9900,?,9,0.0,E,8,-9900,?,9,-9900,?,9,0.0,0.0,E,8
11/30/2020,21:00,0.0,1405.992,1.456,1,8,0.0,1,8,0.0,1,8,174.72,1,8,0.0,1,8,0.0,1,8,-0.0,1,8,-9900,?,9,-9900,?,9,24.908,E,8,18.816,E,8,68.6,E,8,1008.6016999999999,E,8,999.0,E,8,1.32,E,8,-9900,?,9,-9900,?,9,0.0,E,8,-9900,?,9,-9900,?,9,0.0,0.0,E,8
11/30/2020,22:00,0.0,1405.992,0.0,1,8,0.0,1,8,0.0,1,8,0.0,1,8,0.0,1,8,0.0,1,8,-0.0,1,8,-9900,?,9,-9900,?,9,23.964,E,8,18.63,E,8,71.8,E,8,1008.6016999999999,E,8,999.0,E,8,1.176,E,8,-9900,?,9,-9900,?,9,0.0,E,8,-9900,?,9,-9900,?,9,0.0,0.0,E,8
11/30/2020,23:00,0.0,1405.992,0.0,1,8,0.0,1,8,0.0,1,8,0.0,1,8,0.0,1,8,0.0,1,8,-0.0,1,8,-9900,?,9,-9900,?,9,23.082,E,8,18.43,E,8,74.8,E,8,1008.6016999999999,E,8,999.0,E,8,1.076,E,8,-9900,?,9,-9900,?,9,0.0,E,8,-9900,?,9,-9900,?,9,0.0,0.0,E,8
11/30/2016,24:00,0.0,1405.992,0.0,1,8,0.0,1,8,0.0,1,8,0.0,1,8,0.0,1,8,0.0,1,8,-0.0,1,8,-9900,?,9,-9900,?,9,22.264,E,8,18.216,E,8,77.6,E,8,1008.6016999999999,E,8,999.0,E,8,0.976,E,8,-9900,?,9,-9900,?,9,0.0,E,8,-9900,?,9,-9900,?,9,0.0,0.0,E,8
12/01/2016,01:00,0.0,1405.992,0.0,1,8,0.0,1,8,0.0,1,8,0.0,1,8,0.0,1,8,0.0,1,8,-0.0,1,8,-9900,?,9,-9900,?,9,21.51,E,8,17.988,E,8,80.0,E,8,1008.6016999999999,E,8,999.0,E,8,0.876,E,8,-9900,?,9,-9900,?,9,0.0,E,8,-9900,?,9,-9900,?,9,0.0,0.0,E,8
12/01/2016,02:00,0.0,1405.992,0.0,1,8,0.0,1,8,0.0,1,8,0.0,1,8,0.0,1,8,0.0,1,8,-0.0,1,8,-9900,?,9,-9900,?,9,20.818,E,8,17.746,E,8,82.2,E,8,1008.6016999999999,E,8,999.0,E,8,0.776,E,8,-9900,?,9,-9900,?,9,0.0,E,8,-9900,?,9,-9900,?,9,0.0,0.0,E,8
12/01/2016,03:00,0.0,1405.992,0.0,1,8,0.0,1,8,0.0,1,8,0.0,1,8,0.0,1,8,0.0,1,8,-0.0,1,8,-9900,?,9,-9900,?,9,20.474,E,8,17.738,E,8,83.8,E,8,1008.6016999999999,E,8,999.0,E,8,0.74,E,8,-9900,?,9,-9900,?,9,0.0,E,8,-9900,?,9,-9900,?,9,0.0,0.0,E,8
12/01/2016,04:00,0.0,1406.452,0.0,1,8,0.0,1,8,0.0,1,8,0.0,1,8,0.0,1,8,0.0,1,8,-0.0,1,8,-9900,?,9,-9900,?,9,20.154,E,8,17.732,E,8,85.6,E,8,1008.6016999999999,E,8,999.0,E,8,0.74,E,8,-9900,?,9,-9900,?,9,0.0,E,8,-9900,?,9,-9900,?,9,0.0,0.0,E,8
12/01/2016,05:00,0.0,1406.452,30.398,1,8,0.0,1,8,0.0,1,8,3647.76,1,8,0.0,1,8,0.0,1,8,-0.0,1,8,-9900,?,9,-9900,?,9,19.858,E,8,17.724,E,8,87.2,E,8,1008.6016999999999,E,8,999.0,E,8,0.74,E,8,-9900,?,9,-9900,?,9,0.0,E,8,-9900,?,9,-9900,?,9,0.0,0.0,E,8
12/01/2016,06:00,161.069,1406.452,0.0,1,8,0.0,1,8,0.0,1,8,0.0,1,8,0.0,1,8,0.0,1,8,0.0,1,8,-9900,?,9,-9900,?,9,19.57,E,8,17.72,E,8,89.0,E,8,1008.6016999999999,E,8,999.0,E,8,0.74,E,8,-9900,?,9,-9900,?,9,0.0,E,8,-9900,?,9,-9900,?,9,0.0,0.0,E,8
12/01/2016,07:00,474.99,1406.452,151.99,1,8,91.565,1,8,121.136,1,8,18238.8,1,8,8698.672,1,8,13324.969,1,8,114.431,1,8,-9900,?,9,-9900,?,9,19.34,E,8,17.71,E,8,90.0,E,8,1008.6016999999999,E,8,999.0,E,8,0.74,E,8,-9900,?,9,-9900,?,9,0.0,E,8,-9900,?,9,-9900,?,9,0.0,0.0,E,8
12/01/2016,08:00,771.058,1406.452,422.57,1,8,323.088,1,8,245.565,1,8,50708.4,1,8,30693.323,1,8,27012.11,1,8,142.676,1,8,-9900,?,9,-9900,?,9,21.99,E,8,17.77,E,8,76.0,E,8,1008.6016999999999,E,8,999.0,E,8,0.87,E,8,-9900,?,9,-9900,?,9,0.0,E,8,-9900,?,9,-9900,?,9,0.0,0.0,E,8
12/01/2016,09:00,1027.761,1406.452,683.71,1,8,599.268,1,8,245.909,1,8,82045.2,1,8,56930.502,1,8,27049.955,1,8,107.144,1,8,-9900,?,9,-9900,?,9,23.21,E,8,17.8,E,8,71.0,E,8,1008.6016999999999,E,8,999.0,E,8,1.14,E,8,-9900,?,9,-9900,?,9,0.0,E,8,-9900,?,9,-9900,?,9,0.0,0.0,E,8
12/01/2016,10:00,1227.431,1406.452,901.08,1,8,764.521,1,8,233.933,1,8,108129.6,1,8,72629.479,1,8,25732.677,1,8,85.332,1,8,-9900,?,9,-9900,?,9,24.32,E,8,17.82,E,8,67.0,E,8,1008.6016999999999,E,8,999.0,E,8,1.73,E,8,-9900,?,9,-9900,?,9,0.0,E,8,-9900,?,9,-9900,?,9,0.0,0.0,E,8
12/01/2016,11:00,1356.421,1406.452,1061.71,1,8,926.448,1,8,168.239,1,8,127405.2,1,8,88012.533,1,8,18506.251,1,8,55.529,1,8,-9900,?,9,-9900,?,9,25.28,E,8,17.84,E,8,63.0,E,8,1008.6016999999999,E,8,999.0,E,8,2.3,E,8,-9900,?,9,-9900,?,9,0.0,E,8,-9900,?,9,-9900,?,9,0.0,0.0,E,8
12/01/2016,12:00,1405.934,1406.452,1148.71,1,8,913.725,1,8,235.322,1,8,137845.2,1,8,86803.914,1,8,25885.412,1,8,74.933,1,8,-9900,?,9,-9900,?,9,26.06,E,8,17.86,E,8,60.0,E,8,1008.6016999999999,E,8,999.0,E,8,3.03,E,8,-9900,?,9,-9900,?,9,0.0,E,8,-9900,?,9,-9900,?,9,0.0,0.0,E,8
12/01/2016,13:00,1372.601,1406.452,1161.53,1,8,965.587,1,8,219.197,1,8,139383.6,1,8,91730.771,1,8,24111.671,1,8,71.494,1,8,-9900,?,9,-9900,?,9,26.63,E,8,17.87,E,8,58.0,E,8,1008.6016999999999,E,8,999.0,E,8,3.64,E,8,-9900,?,9,-9900,?,9,0.0,E,8,-9900,?,9,-9900,?,9,0.0,0.0,E,8
12/01/2016,14:00,1258.709,1406.452,1094.52,1,8,826.483,1,8,354.91,1,8,131342.4,1,8,78515.929,1,8,39040.094,1,8,126.241,1,8,-9900,?,9,-9900,?,9,26.98,E,8,17.88,E,8,57.0,E,8,1008.6016999999999,E,8,999.0,E,8,3.97,E,8,-9900,?,9,-9900,?,9,0.0,E,8,-9900,?,9,-9900,?,9,0.0,0.0,E,8
12/01/2016,15:00,1072.043,1406.452,955.22,1,8,860.931,1,8,299.13,1,8,114626.4,1,8,81788.435,1,8,32904.281,1,8,124.944,1,8,-9900,?,9,-9900,?,9,27.11,E,8,17.89,E,8,57.0,E,8,1008.6016999999999,E,8,999.0,E,8,4.25,E,8,-9900,?,9,-9900,?,9,0.0,E,8,-9900,?,9,-9900,?,9,0.0,0.0,E,8
12/01/2016,16:00,825.373,1406.452,749.31,1,8,813.337,1,8,272.271,1,8,89917.2,1,8,77267.02,1,8,29949.852,1,8,147.764,1,8,-9900,?,9,-9900,?,9,26.96,E,8,17.88,E,8,57.0,E,8,1008.6016999999999,E,8,999.0,E,8,4.7,E,8,-9900,?,9,-9900,?,9,0.0,E,8,-9900,?,9,-9900,?,9,0.0,0.0,E,8
12/01/2016,17:00,535.653,1406.452,495.22,1,8,843.824,1,8,174.397,1,8,59426.4,1,8,80163.286,1,8,19183.685,1,8,146.008,1,8,-9900,?,9,-9900,?,9,26.48,E,8,17.87,E,8,59.0,E,8,1008.6016999999999,E,8,999.0,E,8,4.41,E,8,-9900,?,9,-9900,?,9,0.0,E,8,-9900,?,9,-9900,?,9,0.0,0.0,E,8
12/01/2016,18:00,223.439,1406.452,217.81,1,8,417.333,1,8,152.217,1,8,26137.2,1,8,39646.616,1,8,16743.862,1,8,308.275,1,8,-9900,?,9,-9900,?,9,25.72,E,8,17.85,E,8,61.0,E,8,1008.6016999999999,E,8,999.0,E,8,3.82,E,8,-9900,?,9,-9900,?,9,0.0,E,8,-9900,?,9,-9900,?,9,0.0,0.0,E,8
12/01/2016,19:00,0.0,1406.452,8.13,1,8,0.0,1,8,0.0,1,8,975.6,1,8,0.0,1,8,0.0,1,8,-0.0,1,8,-9900,?,9,-9900,?,9,25.05,E,8,17.84,E,8,64.0,E,8,1008.6016999999999,E,8,999.0,E,8,2.89,E,8,-9900,?,9,-9900,?,9,0.0,E,8,-9900,?,9,-9900,?,9,0.0,0.0,E,8
12/01/2016,20:00,0.0,1406.452,0.0,1,8,0.0,1,8,0.0,1,8,0.0,1,8,0.0,1,8,0.0,1,8,-0.0,1,8,-9900,?,9,-9900,?,9,24.38,E,8,17.82,E,8,66.0,E,8,1008.6016999999999,E,8,999.0,E,8,2.13,E,8,-9900,?,9,-9900,?,9,0.0,E,8,-9900,?,9,-9900,?,9,0.0,0.0,E,8
12/01/2016,21:00,0.0,1406.452,0.0,1,8,0.0,1,8,0.0,1,8,0.0,1,8,0.0,1,8,0.0,1,8,-0.0,1,8,-9900,?,9,-9900,?,9,23.71,E,8,17.81,E,8,69.0,E,8,1008.6016999999999,E,8,999.0,E,8,1.41,E,8,-9900,?,9,-9900,?,9,0.0,E,8,-9900,?,9,-9900,?,9,0.0,0.0,E,8
12/01/2016,22:00,0.0,1406.452,0.0,1,8,0.0,1,8,0.0,1,8,0.0,1,8,0.0,1,8,0.0,1,8,-0.0,1,8,-9900,?,9,-9900,?,9,23.04,E,8,17.8,E,8,72.0,E,8,1008.6016999999999,E,8,999.0,E,8,1.37,E,8,-9900,?,9,-9900,?,9,0.0,E,8,-9900,?,9,-9900,?,9,0.0,0.0,E,8
12/01/2016,23:00,0.0,1406.452,0.0,1,8,0.0,1,8,0.0,1,8,0.0,1,8,0.0,1,8,0.0,1,8,-0.0,1,8,-9900,?,9,-9900,?,9,22.37,E,8,17.78,E,8,75.0,E,8,1008.6016999999999,E,8,999.0,E,8,1.31,E,8,-9900,?,9,-9900,?,9,0.0,E,8,-9900,?,9,-9900,?,9,0.0,0.0,E,8
12/01/2016,24:00,0.0,1406.452,0.0,1,8,0.0,1,8,0.0,1,8,0.0,1,8,0.0,1,8,0.0,1,8,-0.0,1,8,-9900,?,9,-9900,?,9,21.7,E,8,18.33,E,8,81.0,E,8,1008.6016999999999,E,8,999.0,E,8,1.83,E,8,-9900,?,9,-9900,?,9,0.0,E,8,-9900,?,9,-9900,?,9,0.0,0.0,E,8
12/02/2016,01:00,0.0,1406.452,0.0,1,8,0.0,1,8,0.0,1,8,0.0,1,8,0.0,1,8,0.0,1,8,-0.0,1,8,-9900,?,9,-9900,?,9,21.36,E,8,18.29,E,8,82.0,E,8,1008.6016999999999,E,8,999.0,E,8,1.58,E,8,-9900,?,9,-9900,?,9,0.0,E,8,-9900,?,9,-9900,?,9,0.0,0.0,E,8
12/02/2016,02:00,0.0,1406.452,0.0,1,8,0.0,1,8,0.0,1,8,0.0,1,8,0.0,1,8,0.0,1,8,-0.0,1,8,-9900,?,9,-9900,?,9,21.03,E,8,18.25,E,8,84.0,E,8,1008.6016999999999,E,8,999.0,E,8,1.46,E,8,-9900,?,9,-9900,?,9,0.0,E,8,-9900,?,9,-9900,?,9,0.0,0.0,E,8
12/02/2016,03:00,0.0,1406.452,0.0,1,8,0.0,1,8,0.0,1,8,0.0,1,8,0.0,1,8,0.0,1,8,-0.0,1,8,-9900,?,9,-9900,?,9,20.69,E,8,18.22,E,8,85.0,E,8,1008.6016999999999,E,8,999.0,E,8,1.29,E,8,-9900,?,9,-9900,?,9,0.0,E,8,-9900,?,9,-9900,?,9,0.0,0.0,E,8
12/02/2016,04:00,0.0,1406.901,0.0,1,8,0.0,1,8,0.0,1,8,0.0,1,8,0.0,1,8,0.0,1,8,-0.0,1,8,-9900,?,9,-9900,?,9,20.36,E,8,18.18,E,8,87.0,E,8,1008.6016999999999,E,8,999.0,E,8,1.29,E,8,-9900,?,9,-9900,?,9,0.0,E,8,-9900,?,9,-9900,?,9,0.0,0.0,E,8
12/02/2016,05:00,0.0,1406.901,0.0,1,8,0.0,1,8,0.0,1,8,0.0,1,8,0.0,1,8,0.0,1,8,-0.0,1,8,-9900,?,9,-9900,?,9,20.06,E,8,18.14,E,8,88.0,E,8,1008.6016999999999,E,8,999.0,E,8,1.29,E,8,-9900,?,9,-9900,?,9,0.0,E,8,-9900,?,9,-9900,?,9,0.0,0.0,E,8
12/02/2016,06:00,160.372,1406.901,0.0,1,8,0.0,1,8,0.0,1,8,0.0,1,8,0.0,1,8,0.0,1,8,0.0,1,8,-9900,?,9,-9900,?,9,19.84,E,8,18.12,E,8,89.0,E,8,1008.6016999999999,E,8,999.0,E,8,1.29,E,8,-9900,?,9,-9900,?,9,0.0,E,8,-9900,?,9,-9900,?,9,0.0,0.0,E,8
12/02/2016,07:00,474.101,1406.901,128.31,1,8,23.72,1,8,120.335,1,8,15397.2,1,8,2253.401,1,8,13236.832,1,8,113.924,1,8,-9900,?,9,-9900,?,9,19.62,E,8,18.09,E,8,90.0,E,8,1008.6016999999999,E,8,999.0,E,8,1.29,E,8,-9900,?,9,-9900,?,9,0.0,E,8,-9900,?,9,-9900,?,9,0.0,0.0,E,8
12/02/2016,08:00,770.137,1406.901,361.69,1,8,193.783,1,8,255.686,1,8,43402.8,1,8,18409.375,1,8,28125.448,1,8,148.782,1,8,-9900,?,9,-9900,?,9,21.95,E,8,18.36,E,8,80.0,E,8,1008.6016999999999,E,8,999.0,E,8,1.29,E,8,-9900,?,9,-9900,?,9,0.0,E,8,-9900,?,9,-9900,?,9,0.0,0.0,E,8
12/02/2016,09:00,1026.96,1406.901,568.51,1,8,322.373,1,8,333.256,1,8,68221.2,1,8,30625.426,1,8,36658.172,1,8,145.362,1,8,-9900,?,9,-9900,?,9,22.98,E,8,18.47,E,8,75.0,E,8,1008.6016999999999,E,8,999.0,E,8,2.11,E,8,-9900,?,9,-9900,?,9,0.0,E,8,-9900,?,9,-9900,?,9,0.0,0.0,E,8
12/02/2016,10:00,1226.894,1406.901,760.43,1,8,452.369,1,8,365.976,1,8,91251.6,1,8,42975.021,1,8,40257.392,1,8,133.598,1,8,-9900,?,9,-9900,?,9,23.95,E,8,18.58,E,8,71.0,E,8,1008.6016999999999,E,8,999.0,E,8,2.73,E,8,-9900,?,9,-9900,?,9,0.0,E,8,-9900,?,9,-9900,?,9,0.0,0.0,E,8
12/02/2016,11:00,1356.275,1406.901,891.39,1,8,558.917,1,8,352.597,1,8,106966.8,1,8,53097.12,1,8,38785.688,1,8,116.427,1,8,-9900,?,9,-9900,?,9,24.79,E,8,18.67,E,8,68.0,E,8,1008.6016999999999,E,8,999.0,E,8,2.88,E,8,-9900,?,9,-9900,?,9,0.0,E,8,-9900,?,9,-9900,?,9,0.0,0.0,E,8
12/02/2016,12:00,1406.276,1406.901,965.55,1,8,592.366,1,8,373.447,1,8,115866.0,1,8,56274.737,1,8,41079.218,1,8,118.925,1,8,-9900,?,9,-9900,?,9,25.46,E,8,18.75,E,8,66.0,E,8,1008.6016999999999,E,8,999.0,E,8,3.69,E,8,-9900,?,9,-9900,?,9,0.0,E,8,-9900,?,9,-9900,?,9,0.0,0.0,E,8
12/02/2016,13:00,1373.497,1406.901,982.41,1,8,653.705,1,8,344.235,1,8,117889.2,1,8,62101.972,1,8,37865.825,1,8,112.24,1,8,-9900,?,9,-9900,?,9,25.96,E,8,18.8,E,8,64.0,E,8,1008.6016999999999,E,8,999.0,E,8,4.95,E,8,-9900,?,9,-9900,?,9,0.0,E,8,-9900,?,9,-9900,?,9,0.0,0.0,E,8
12/02/2016,14:00,1260.186,1406.901,915.94,1,8,766.891,1,8,229.072,1,8,109912.8,1,8,72854.664,1,8,25197.898,1,8,81.411,1,8,-9900,?,9,-9900,?,9,26.26,E,8,18.84,E,8,63.0,E,8,1008.6016999999999,E,8,999.0,E,8,5.06,E,8,-9900,?,9,-9900,?,9,0.0,E,8,-9900,?,9,-9900,?,9,0.0,0.0,E,8
12/02/2016,15:00,1074.086,1406.901,779.05,1,8,858.904,1,8,123.465,1,8,93486.0,1,8,81595.871,1,8,13581.155,1,8,51.488,1,8,-9900,?,9,-9900,?,9,26.35,E,8,18.85,E,8,63.0,E,8,1008.6016999999999,E,8,999.0,E,8,4.91,E,8,-9900,?,9,-9900,?,9,0.0,E,8,-9900,?,9,-9900,?,9,0.0,0.0,E,8
12/02/2016,16:00,827.93,1406.901,591.08,1,8,915.962,1,8,52.355,1,8,70929.6,1,8,87016.393,1,8,5759.052,1,8,28.335,1,8,-9900,?,9,-9900,?,9,26.16,E,8,18.82,E,8,64.0,E,8,1008.6016999999999,E,8,999.0,E,8,4.28,E,8,-9900,?,9,-9900,?,9,0.0,E,8,-9900,?,9,-9900,?,9,0.0,0.0,E,8
12/02/2016,17:00,538.632,1406.901,374.24,1,8,708.407,1,8,103.486,1,8,44908.8,1,8,67298.654,1,8,11383.427,1,8,86.186,1,8,-9900,?,9,-9900,?,9,25.69,E,8,18.77,E,8,65.0,E,8,1008.6016999999999,E,8,999.0,E,8,3.59,E,8,-9900,?,9,-9900,?,9,0.0,E,8,-9900,?,9,-9900,?,9,0.0,0.0,E,8
12/02/2016,18:00,226.701,1406.901,157.64,1,8,320.847,1,8,106.477,1,8,18916.8,1,8,30480.456,1,8,11712.451,1,8,212.542,1,8,-9900,?,9,-9900,?,9,25.01,E,8,18.7,E,8,68.0,E,8,1008.6016999999999,E,8,999.0,E,8,2.11,E,8,-9900,?,9,-9900,?,9,0.0,E,8,-9900,?,9,-9900,?,9,0.0,0.0,E,8
12/02/2016,19:00,0.0,1406.901,4.66,1,8,0.0,1,8,0.0,1,8,559.2,1,8,0.0,1,8,0.0,1,8,-0.0,1,8,-9900,?,9,-9900,?,9,24.32,E,8,18.62,E,8,70.0,E,8,1008.6016999999999,E,8,999.0,E,8,1.74,E,8,-9900,?,9,-9900,?,9,0.0,E,8,-9900,?,9,-9900,?,9,0.0,0.0,E,8
12/02/2016,20:00,0.0,1406.901,0.0,1,8,0.0,1,8,0.0,1,8,0.0,1,8,0.0,1,8,0.0,1,8,-0.0,1,8,-9900,?,9,-9900,?,9,23.63,E,8,18.55,E,8,73.0,E,8,1008.6016999999999,E,8,999.0,E,8,1.29,E,8,-9900,?,9,-9900,?,9,0.0,E,8,-9900,?,9,-9900,?,9,0.0,0.0,E,8
12/02/2016,21:00,0.0,1406.901,0.0,1,8,0.0,1,8,0.0,1,8,0.0,1,8,0.0,1,8,0.0,1,8,-0.0,1,8,-9900,?,9,-9900,?,9,22.93,E,8,18.47,E,8,75.0,E,8,1008.6016999999999,E,8,999.0,E,8,1.29,E,8,-9900,?,9,-9900,?,9,0.0,E,8,-9900,?,9,-9900,?,9,0.0,0.0,E,8
12/02/2016,22:00,0.0,1406.901,0.0,1,8,0.0,1,8,0.0,1,8,0.0,1,8,0.0,1,8,0.0,1,8,-0.0,1,8,-9900,?,9,-9900,?,9,22.24,E,8,18.39,E,8,78.0,E,8,1008.6016999999999,E,8,999.0,E,8,1.29,E,8,-9900,?,9,-9900,?,9,0.0,E,8,-9900,?,9,-9900,?,9,0.0,0.0,E,8
12/02/2016,23:00,0.0,1406.901,0.0,1,8,0.0,1,8,0.0,1,8,0.0,1,8,0.0,1,8,0.0,1,8,-0.0,1,8,-9900,?,9,-9900,?,9,21.55,E,8,18.31,E,8,81.0,E,8,1008.6016999999999,E,8,999.0,E,8,1.29,E,8,-9900,?,9,-9900,?,9,0.0,E,8,-9900,?,9,-9900,?,9,0.0,0.0,E,8
12/02/2016,24:00,0.0,1406.901,0.0,1,8,0.0,1,8,0.0,1,8,0.0,1,8,0.0,1,8,0.0,1,8,-0.0,1,8,-9900,?,9,-9900,?,9,20.86,E,8,17.1,E,8,82.0,E,8,1008.6016999999999,E,8,999.0,E,8,1.03,E,8,-9900,?,9,-9900,?,9,0.001,E,8,-9900,?,9,-9900,?,9,0.01,99.0,E,8
12/03/2016,01:00,0.0,1406.901,0.0,1,8,0.0,1,8,0.0,1,8,0.0,1,8,0.0,1,8,0.0,1,8,-0.0,1,8,-9900,?,9,-9900,?,9,20.51,E,8,17.11,E,8,83.0,E,8,1008.6016999999999,E,8,999.0,E,8,1.03,E,8,-9900,?,9,-9900,?,9,0.002,E,8,-9900,?,9,-9900,?,9,0.02,99.0,E,8
12/03/2016,02:00,0.0,1406.901,0.0,1,8,0.0,1,8,0.0,1,8,0.0,1,8,0.0,1,8,0.0,1,8,-0.0,1,8,-9900,?,9,-9900,?,9,20.16,E,8,17.11,E,8,85.0,E,8,1008.6016999999999,E,8,999.0,E,8,1.03,E,8,-9900,?,9,-9900,?,9,0.001,E,8,-9900,?,9,-9900,?,9,0.01,99.0,E,8
12/03/2016,03:00,0.0,1406.901,0.0,1,8,0.0,1,8,0.0,1,8,0.0,1,8,0.0,1,8,0.0,1,8,-0.0,1,8,-9900,?,9,-9900,?,9,19.82,E,8,17.12,E,8,82.0,E,8,1008.6016999999999,E,8,999.0,E,8,1.03,E,8,-9900,?,9,-9900,?,9,0.0,E,8,-9900,?,9,-9900,?,9,0.0,0.0,E,8
12/03/2016,04:00,0.0,1407.337,0.0,1,8,0.0,1,8,0.0,1,8,0.0,1,8,0.0,1,8,0.0,1,8,-0.0,1,8,-9900,?,9,-9900,?,9,19.47,E,8,17.12,E,8,88.0,E,8,1008.6016999999999,E,8,999.0,E,8,1.03,E,8,-9900,?,9,-9900,?,9,0.004,E,8,-9900,?,9,-9900,?,9,0.04,99.0,E,8
12/03/2016,05:00,0.0,1407.337,0.0,1,8,0.0,1,8,0.0,1,8,0.0,1,8,0.0,1,8,0.0,1,8,-0.0,1,8,-9900,?,9,-9900,?,9,19.16,E,8,17.13,E,8,90.0,E,8,1008.6016999999999,E,8,999.0,E,8,1.03,E,8,-9900,?,9,-9900,?,9,0.092,E,8,-9900,?,9,-9900,?,9,0.92,99.0,E,8
12/03/2016,06:00,159.565,1407.337,0.0,1,8,0.0,1,8,0.0,1,8,0.0,1,8,0.0,1,8,0.0,1,8,0.0,1,8,-9900,?,9,-9900,?,9,18.94,E,8,17.13,E,8,87.0,E,8,1008.6016999999999,E,8,999.0,E,8,1.03,E,8,-9900,?,9,-9900,?,9,0.0,E,8,-9900,?,9,-9900,?,9,0.0,0.0,E,8
12/03/2016,07:00,473.112,1407.337,108.0,1,8,0.0,1,8,108.0,1,8,12960.0,1,8,0.0,1,8,11880.0,1,8,102.493,1,8,-9900,?,9,-9900,?,9,18.71,E,8,17.14,E,8,88.0,E,8,1008.6016999999999,E,8,999.0,E,8,1.03,E,8,-9900,?,9,-9900,?,9,0.0,E,8,-9900,?,9,-9900,?,9,0.0,0.0,E,8
12/03/2016,08:00,769.129,1407.337,301.62,1,8,93.642,1,8,250.479,1,8,36194.4,1,8,8895.956,1,8,27552.658,1,8,145.988,1,8,-9900,?,9,-9900,?,9,21.45,E,8,17.09,E,8,74.0,E,8,1008.6016999999999,E,8,999.0,E,8,1.03,E,8,-9900,?,9,-9900,?,9,0.0,E,8,-9900,?,9,-9900,?,9,0.0,0.0,E,8
12/03/2016,09:00,1026.089,1407.337,488.61,1,8,169.438,1,8,365.104,1,8,58633.2,1,8,16096.652,1,8,40161.492,1,8,159.438,1,8,-9900,?,9,-9900,?,9,22.71,E,8,17.07,E,8,69.0,E,8,1008.6016999999999,E,8,999.0,E,8,1.03,E,8,-9900,?,9,-9900,?,9,0.0,E,8,-9900,?,9,-9900,?,9,0.0,0.0,E,8
12/03/2016,10:00,1226.304,1407.337,327.76,1,8,27.999,1,8,303.365,1,8,39331.2,1,8,2659.931,1,8,33370.115,1,8,110.83,1,8,-9900,?,9,-9900,?,9,22.81,E,8,17.06,E,8,69.0,E,8,1008.6016999999999,E,8,999.0,E,8,1.03,E,8,-9900,?,9,-9900,?,9,0.0,E,8,-9900,?,9,-9900,?,9,0.0,0.0,E,8
12/03/2016,11:00,1356.09,1407.337,760.22,1,8,245.168,1,8,523.985,1,8,91226.4,1,8,23290.976,1,8,57638.311,1,8,173.096,1,8,-9900,?,9,-9900,?,9,24.02,E,8,17.04,E,8,64.0,E,8,1008.6016999999999,E,8,999.0,E,8,1.75,E,8,-9900,?,9,-9900,?,9,0.0,E,8,-9900,?,9,-9900,?,9,0.0,0.0,E,8
12/03/2016,12:00,1406.595,1407.337,822.86,1,8,352.975,1,8,470.071,1,8,98743.2,1,8,33532.608,1,8,51707.832,1,8,149.707,1,8,-9900,?,9,-9900,?,9,24.97,E,8,17.03,E,8,61.0,E,8,1008.6016999999999,E,8,999.0,E,8,2.43,E,8,-9900,?,9,-9900,?,9,0.0,E,8,-9900,?,9,-9900,?,9,0.0,0.0,E,8
12/03/2016,13:00,1374.382,1407.337,829.21,1,8,395.12,1,8,443.348,1,8,99505.2,1,8,37536.358,1,8,48768.289,1,8,144.508,1,8,-9900,?,9,-9900,?,9,25.66,E,8,17.01,E,8,58.0,E,8,1008.6016999999999,E,8,999.0,E,8,3.03,E,8,-9900,?,9,-9900,?,9,0.0,E,8,-9900,?,9,-9900,?,9,0.0,0.0,E,8
12/03/2016,14:00,1261.659,1407.337,778.84,1,8,451.408,1,8,374.188,1,8,93460.8,1,8,42883.753,1,8,41160.634,1,8,132.87,1,8,-9900,?,9,-9900,?,9,26.09,E,8,17.01,E,8,57.0,E,8,1008.6016999999999,E,8,999.0,E,8,2.97,E,8,-9900,?,9,-9900,?,9,0.0,E,8,-9900,?,9,-9900,?,9,0.0,0.0,E,8
12/03/2016,15:00,1076.131,1407.337,675.44,1,8,530.997,1,8,269.494,1,8,81052.8,1,8,50444.676,1,8,29644.331,1,8,112.208,1,8,-9900,?,9,-9900,?,9,26.28,E,8,17.0,E,8,56.0,E,8,1008.6016999999999,E,8,999.0,E,8,3.57,E,8,-9900,?,9,-9900,?,9,0.0,E,8,-9900,?,9,-9900,?,9,0.0,0.0,E,8
12/03/2016,16:00,830.488,1407.337,526.79,1,8,618.998,1,8,161.711,1,8,63214.8,1,8,58804.779,1,8,17788.264,1,8,87.276,1,8,-9900,?,9,-9900,?,9,26.19,E,8,17.0,E,8,56.0,E,8,1008.6016999999999,E,8,999.0,E,8,3.84,E,8,-9900,?,9,-9900,?,9,0.0,E,8,-9900,?,9,-9900,?,9,0.0,0.0,E,8
12/03/2016,17:00,541.609,1407.337,345.02,1,8,631.205,1,8,102.509,1,8,41402.4,1,8,59964.514,1,8,11275.97,1,8,84.928,1,8,-9900,?,9,-9900,?,9,25.74,E,8,17.01,E,8,58.0,E,8,1008.6016999999999,E,8,999.0,E,8,2.75,E,8,-9900,?,9,-9900,?,9,0.0,E,8,-9900,?,9,-9900,?,9,0.0,0.0,E,8
12/03/2016,18:00,229.955,1407.337,149.73,1,8,332.544,1,8,95.942,1,8,17967.6,1,8,31591.71,1,8,10553.618,1,8,188.809,1,8,-9900,?,9,-9900,?,9,25.0,E,8,17.03,E,8,60.0,E,8,1008.6016999999999,E,8,999.0,E,8,1.96,E,8,-9900,?,9,-9900,?,9,0.0,E,8,-9900,?,9,-9900,?,9,0.0,0.0,E,8
12/03/2016,19:00,0.0,1407.337,4.4,1,8,0.0,1,8,0.0,1,8,528.0,1,8,0.0,1,8,0.0,1,8,-0.0,1,8,-9900,?,9,-9900,?,9,24.29,E,8,17.04,E,8,63.0,E,8,1008.6016999999999,E,8,999.0,E,8,1.46,E,8,-9900,?,9,-9900,?,9,0.0,E,8,-9900,?,9,-9900,?,9,0.0,0.0,E,8
12/03/2016,20:00,0.0,1407.337,0.0,1,8,0.0,1,8,0.0,1,8,0.0,1,8,0.0,1,8,0.0,1,8,-0.0,1,8,-9900,?,9,-9900,?,9,23.59,E,8,17.05,E,8,66.0,E,8,1008.6016999999999,E,8,999.0,E,8,1.16,E,8,-9900,?,9,-9900,?,9,0.0,E,8,-9900,?,9,-9900,?,9,0.0,0.0,E,8
12/03/2016,21:00,0.0,1407.337,0.0,1,8,0.0,1,8,0.0,1,8,0.0,1,8,0.0,1,8,0.0,1,8,-0.0,1,8,-9900,?,9,-9900,?,9,22.88,E,8,17.06,E,8,68.0,E,8,1008.6016999999999,E,8,999.0,E,8,1.03,E,8,-9900,?,9,-9900,?,9,0.0,E,8,-9900,?,9,-9900,?,9,0.0,0.0,E,8
12/03/2016,22:00,0.0,1407.337,0.0,1,8,0.0,1,8,0.0,1,8,0.0,1,8,0.0,1,8,0.0,1,8,-0.0,1,8,-9900,?,9,-9900,?,9,22.18,E,8,17.08,E,8,71.0,E,8,1008.6016999999999,E,8,999.0,E,8,1.03,E,8,-9900,?,9,-9900,?,9,0.0,E,8,-9900,?,9,-9900,?,9,0.0,0.0,E,8
12/03/2016,23:00,0.0,1407.337,0.0,1,8,0.0,1,8,0.0,1,8,0.0,1,8,0.0,1,8,0.0,1,8,-0.0,1,8,-9900,?,9,-9900,?,9,21.47,E,8,17.09,E,8,74.0,E,8,1008.6016999999999,E,8,999.0,E,8,1.03,E,8,-9900,?,9,-9900,?,9,0.0,E,8,-9900,?,9,-9900,?,9,0.0,0.0,E,8
12/03/2016,24:00,0.0,1407.337,0.0,1,8,0.0,1,8,0.0,1,8,0.0,1,8,0.0,1,8,0.0,1,8,-0.0,1,8,-9900,?,9,-9900,?,9,20.76,E,8,16.05,E,8,74.0,E,8,1008.6016999999999,E,8,999.0,E,8,1.47,E,8,-9900,?,9,-9900,?,9,0.0,E,8,-9900,?,9,-9900,?,9,0.0,0.0,E,8
12/04/2016,01:00,0.0,1407.337,0.0,1,8,0.0,1,8,0.0,1,8,0.0,1,8,0.0,1,8,0.0,1,8,-0.0,1,8,-9900,?,9,-9900,?,9,20.41,E,8,16.2,E,8,76.0,E,8,1008.6016999999999,E,8,999.0,E,8,1.47,E,8,-9900,?,9,-9900,?,9,0.0,E,8,-9900,?,9,-9900,?,9,0.0,0.0,E,8
12/04/2016,02:00,0.0,1407.337,0.0,1,8,0.0,1,8,0.0,1,8,0.0,1,8,0.0,1,8,0.0,1,8,-0.0,1,8,-9900,?,9,-9900,?,9,20.06,E,8,16.34,E,8,79.0,E,8,1008.6016999999999,E,8,999.0,E,8,1.47,E,8,-9900,?,9,-9900,?,9,0.0,E,8,-9900,?,9,-9900,?,9,0.0,0.0,E,8
12/04/2016,03:00,0.0,1407.337,0.0,1,8,0.0,1,8,0.0,1,8,0.0,1,8,0.0,1,8,0.0,1,8,-0.0,1,8,-9900,?,9,-9900,?,9,19.71,E,8,16.49,E,8,81.0,E,8,1008.6016999999999,E,8,999.0,E,8,1.47,E,8,-9900,?,9,-9900,?,9,0.0,E,8,-9900,?,9,-9900,?,9,0.0,0.0,E,8
12/04/2016,04:00,0.0,1407.76,0.0,1,8,0.0,1,8,0.0,1,8,0.0,1,8,0.0,1,8,0.0,1,8,-0.0,1,8,-9900,?,9,-9900,?,9,19.35,E,8,16.64,E,8,84.0,E,8,1008.6016999999999,E,8,999.0,E,8,1.47,E,8,-9900,?,9,-9900,?,9,0.0,E,8,-9900,?,9,-9900,?,9,0.0,0.0,E,8
12/04/2016,05:00,0.0,1407.76,0.0,1,8,0.0,1,8,0.0,1,8,0.0,1,8,0.0,1,8,0.0,1,8,-0.0,1,8,-9900,?,9,-9900,?,9,19.04,E,8,16.76,E,8,86.0,E,8,1008.6016999999999,E,8,999.0,E,8,1.47,E,8,-9900,?,9,-9900,?,9,0.0,E,8,-9900,?,9,-9900,?,9,0.0,0.0,E,8
12/04/2016,06:00,158.65,1407.76,0.0,1,8,0.0,1,8,0.0,1,8,0.0,1,8,0.0,1,8,0.0,1,8,0.0,1,8,-9900,?,9,-9900,?,9,18.81,E,8,16.85,E,8,88.0,E,8,1008.6016999999999,E,8,999.0,E,8,1.47,E,8,-9900,?,9,-9900,?,9,0.0,E,8,-9900,?,9,-9900,?,9,0.0,0.0,E,8
12/04/2016,07:00,472.025,1407.76,164.1,1,8,75.758,1,8,138.756,1,8,19692.0,1,8,7196.964,1,8,15263.209,1,8,132.027,1,8,-9900,?,9,-9900,?,9,18.57,E,8,16.95,E,8,90.0,E,8,1008.6016999999999,E,8,999.0,E,8,1.47,E,8,-9900,?,9,-9900,?,9,0.0,E,8,-9900,?,9,-9900,?,9,0.0,0.0,E,8
12/04/2016,08:00,768.037,1407.76,459.69,1,8,388.566,1,8,247.845,1,8,55162.8,1,8,36913.801,1,8,27262.938,1,8,144.703,1,8,-9900,?,9,-9900,?,9,21.42,E,8,15.77,E,8,70.0,E,8,1008.6016999999999,E,8,999.0,E,8,1.47,E,8,-9900,?,9,-9900,?,9,0.0,E,8,-9900,?,9,-9900,?,9,0.0,0.0,E,8
12/04/2016,09:00,1025.148,1407.76,745.74,1,8,756.86,1,8,194.729,1,8,89488.8,1,8,71901.662,1,8,21420.174,1,8,85.14,1,8,-9900,?,9,-9900,?,9,22.74,E,8,15.2,E,8,62.0,E,8,1008.6016999999999,E,8,999.0,E,8,1.47,E,8,-9900,?,9,-9900,?,9,0.0,E,8,-9900,?,9,-9900,?,9,0.0,0.0,E,8
12/04/2016,10:00,1225.661,1407.76,988.49,1,8,848.43,1,8,249.877,1,8,118618.8,1,8,80600.855,1,8,27486.449,1,8,91.364,1,8,-9900,?,9,-9900,?,9,23.96,E,8,14.65,E,8,55.0,E,8,1008.6016999999999,E,8,999.0,E,8,1.47,E,8,-9900,?,9,-9900,?,9,0.0,E,8,-9900,?,9,-9900,?,9,0.0,0.0,E,8
12/04/2016,11:00,1355.869,1407.76,1168.62,1,8,1021.52,1,8,184.776,1,8,140234.4,1,8,97044.402,1,8,20325.379,1,8,61.068,1,8,-9900,?,9,-9900,?,9,25.01,E,8,14.17,E,8,50.0,E,8,1008.6016999999999,E,8,999.0,E,8,1.47,E,8,-9900,?,9,-9900,?,9,0.0,E,8,-9900,?,9,-9900,?,9,0.0,0.0,E,8
12/04/2016,12:00,1406.892,1407.76,1269.64,1,8,1030.189,1,8,240.087,1,8,152356.8,1,8,97867.953,1,8,26409.537,1,8,76.469,1,8,-9900,?,9,-9900,?,9,25.87,E,8,13.76,E,8,47.0,E,8,1008.6016999999999,E,8,999.0,E,8,1.56,E,8,-9900,?,9,-9900,?,9,0.0,E,8,-9900,?,9,-9900,?,9,0.0,0.0,E,8
12/04/2016,13:00,1375.256,1407.76,1283.6,1,8,1013.339,1,8,293.673,1,8,154032.0,1,8,96267.159,1,8,32303.984,1,8,95.69,1,8,-9900,?,9,-9900,?,9,26.51,E,8,13.45,E,8,44.0,E,8,1008.6016999999999,E,8,999.0,E,8,2.5,E,8,-9900,?,9,-9900,?,9,0.0,E,8,-9900,?,9,-9900,?,9,0.0,0.0,E,8
12/04/2016,14:00,1263.13,1407.76,1218.24,1,8,881.352,1,8,427.493,1,8,146188.8,1,8,83728.417,1,8,47024.189,1,8,151.667,1,8,-9900,?,9,-9900,?,9,26.9,E,8,13.25,E,8,42.0,E,8,1008.6016999999999,E,8,999.0,E,8,2.41,E,8,-9900,?,9,-9900,?,9,0.0,E,8,-9900,?,9,-9900,?,9,0.0,0.0,E,8
12/04/2016,15:00,1078.177,1407.76,1071.82,1,8,891.002,1,8,389.56,1,8,128618.4,1,8,84645.185,1,8,42851.555,1,8,161.939,1,8,-9900,?,9,-9900,?,9,27.07,E,8,13.17,E,8,42.0,E,8,1008.6016999999999,E,8,999.0,E,8,2.61,E,8,-9900,?,9,-9900,?,9,0.0,E,8,-9900,?,9,-9900,?,9,0.0,0.0,E,8
12/04/2016,16:00,833.048,1407.76,854.81,1,8,826.694,1,8,365.876,1,8,102577.2,1,8,78535.958,1,8,40246.403,1,8,196.915,1,8,-9900,?,9,-9900,?,9,26.95,E,8,13.23,E,8,42.0,E,8,1008.6016999999999,E,8,999.0,E,8,2.29,E,8,-9900,?,9,-9900,?,9,0.0,E,8,-9900,?,9,-9900,?,9,0.0,0.0,E,8
12/04/2016,17:00,544.583,1407.76,581.46,1,8,741.951,1,8,294.915,1,8,69775.2,1,8,70485.374,1,8,32440.673,1,8,243.069,1,8,-9900,?,9,-9900,?,9,26.47,E,8,13.47,E,8,44.0,E,8,1008.6016999999999,E,8,999.0,E,8,1.66,E,8,-9900,?,9,-9900,?,9,0.0,E,8,-9900,?,9,-9900,?,9,0.0,0.0,E,8
12/04/2016,18:00,233.197,1407.76,274.15,1,8,400.604,1,8,208.442,1,8,32898.0,1,8,38057.422,1,8,22928.613,1,8,404.513,1,8,-9900,?,9,-9900,?,9,25.67,E,8,13.85,E,8,48.0,E,8,1008.6016999999999,E,8,999.0,E,8,1.47,E,8,-9900,?,9,-9900,?,9,0.0,E,8,-9900,?,9,-9900,?,9,0.0,0.0,E,8
12/04/2016,19:00,0.0,1407.76,19.32,1,8,0.0,1,8,0.0,1,8,2318.4,1,8,0.0,1,8,0.0,1,8,-0.0,1,8,-9900,?,9,-9900,?,9,24.95,E,8,14.19,E,8,51.0,E,8,1008.6016999999999,E,8,999.0,E,8,1.47,E,8,-9900,?,9,-9900,?,9,0.0,E,8,-9900,?,9,-9900,?,9,0.0,0.0,E,8
12/04/2016,20:00,0.0,1407.76,0.0,1,8,0.0,1,8,0.0,1,8,0.0,1,8,0.0,1,8,0.0,1,8,-0.0,1,8,-9900,?,9,-9900,?,9,24.22,E,8,14.53,E,8,54.0,E,8,1008.6016999999999,E,8,999.0,E,8,1.47,E,8,-9900,?,9,-9900,?,9,0.0,E,8,-9900,?,9,-9900,?,9,0.0,0.0,E,8
12/04/2016,21:00,0.0,1407.76,0.0,1,8,0.0,1,8,0.0,1,8,0.0,1,8,0.0,1,8,0.0,1,8,-0.0,1,8,-9900,?,9,-9900,?,9,23.5,E,8,14.86,E,8,58.0,E,8,1008.6016999999999,E,8,999.0,E,8,1.47,E,8,-9900,?,9,-9900,?,9,0.0,E,8,-9900,?,9,-9900,?,9,0.0,0.0,E,8
12/04/2016,22:00,0.0,1407.76,0.0,1,8,0.0,1,8,0.0,1,8,0.0,1,8,0.0,1,8,0.0,1,8,-0.0,1,8,-9900,?,9,-9900,?,9,22.77,E,8,15.19,E,8,62.0,E,8,1008.6016999999999,E,8,999.0,E,8,1.47,E,8,-9900,?,9,-9900,?,9,0.0,E,8,-9900,?,9,-9900,?,9,0.0,0.0,E,8
12/04/2016,23:00,0.0,1407.76,0.0,1,8,0.0,1,8,0.0,1,8,0.0,1,8,0.0,1,8,0.0,1,8,-0.0,1,8,-9900,?,9,-9900,?,9,22.05,E,8,15.5,E,8,66.0,E,8,1008.6016999999999,E,8,999.0,E,8,1.47,E,8,-9900,?,9,-9900,?,9,0.0,E,8,-9900,?,9,-9900,?,9,0.0,0.0,E,8
12/04/2016,24:00,0.0,1407.76,0.0,1,8,0.0,1,8,0.0,1,8,0.0,1,8,0.0,1,8,0.0,1,8,-0.0,1,8,-9900,?,9,-9900,?,9,21.32,E,8,16.35,E,8,73.0,E,8,1008.6016999999999,E,8,999.0,E,8,1.11,E,8,-9900,?,9,-9900,?,9,0.0,E,8,-9900,?,9,-9900,?,9,0.0,0.0,E,8
12/05/2016,01:00,0.0,1407.76,0.0,1,8,0.0,1,8,0.0,1,8,0.0,1,8,0.0,1,8,0.0,1,8,-0.0,1,8,-9900,?,9,-9900,?,9,20.96,E,8,16.41,E,8,75.0,E,8,1008.6016999999999,E,8,999.0,E,8,1.11,E,8,-9900,?,9,-9900,?,9,0.0,E,8,-9900,?,9,-9900,?,9,0.0,0.0,E,8
12/05/2016,02:00,0.0,1407.76,0.0,1,8,0.0,1,8,0.0,1,8,0.0,1,8,0.0,1,8,0.0,1,8,-0.0,1,8,-9900,?,9,-9900,?,9,20.6,E,8,16.46,E,8,77.0,E,8,1008.6016999999999,E,8,999.0,E,8,1.11,E,8,-9900,?,9,-9900,?,9,0.0,E,8,-9900,?,9,-9900,?,9,0.0,0.0,E,8
12/05/2016,03:00,0.0,1407.76,0.0,1,8,0.0,1,8,0.0,1,8,0.0,1,8,0.0,1,8,0.0,1,8,-0.0,1,8,-9900,?,9,-9900,?,9,20.24,E,8,16.51,E,8,79.0,E,8,1008.6016999999999,E,8,999.0,E,8,1.11,E,8,-9900,?,9,-9900,?,9,0.0,E,8,-9900,?,9,-9900,?,9,0.0,0.0,E,8
12/05/2016,04:00,0.0,1408.17,0.0,1,8,0.0,1,8,0.0,1,8,0.0,1,8,0.0,1,8,0.0,1,8,-0.0,1,8,-9900,?,9,-9900,?,9,19.87,E,8,16.57,E,8,81.0,E,8,1008.6016999999999,E,8,999.0,E,8,1.11,E,8,-9900,?,9,-9900,?,9,0.0,E,8,-9900,?,9,-9900,?,9,0.0,0.0,E,8
12/05/2016,05:00,0.0,1408.17,0.0,1,8,0.0,1,8,0.0,1,8,0.0,1,8,0.0,1,8,0.0,1,8,-0.0,1,8,-9900,?,9,-9900,?,9,19.55,E,8,16.61,E,8,83.0,E,8,1008.6016999999999,E,8,999.0,E,8,1.11,E,8,-9900,?,9,-9900,?,9,0.0,E,8,-9900,?,9,-9900,?,9,0.0,0.0,E,8
12/05/2016,06:00,157.628,1408.17,0.0,1,8,0.0,1,8,0.0,1,8,0.0,1,8,0.0,1,8,0.0,1,8,0.0,1,8,-9900,?,9,-9900,?,9,19.31,E,8,16.65,E,8,84.0,E,8,1008.6016999999999,E,8,999.0,E,8,1.11,E,8,-9900,?,9,-9900,?,9,0.0,E,8,-9900,?,9,-9900,?,9,0.0,0.0,E,8
12/05/2016,07:00,470.84,1408.17,156.76,1,8,67.119,1,8,134.37,1,8,18811.2,1,8,6376.295,1,8,14780.65,1,8,128.213,1,8,-9900,?,9,-9900,?,9,19.07,E,8,16.68,E,8,86.0,E,8,1008.6016999999999,E,8,999.0,E,8,1.11,E,8,-9900,?,9,-9900,?,9,0.0,E,8,-9900,?,9,-9900,?,9,0.0,0.0,E,8
12/05/2016,08:00,766.862,1408.17,441.62,1,8,341.574,1,8,255.735,1,8,52994.4,1,8,32449.551,1,8,28130.803,1,8,149.582,1,8,-9900,?,9,-9900,?,9,21.8,E,8,16.28,E,8,70.0,E,8,1008.6016999999999,E,8,999.0,E,8,1.11,E,8,-9900,?,9,-9900,?,9,0.0,E,8,-9900,?,9,-9900,?,9,0.0,0.0,E,8
12/05/2016,09:00,1024.141,1408.17,718.3,1,8,671.795,1,8,229.842,1,8,86196.0,1,8,63820.484,1,8,25282.594,1,8,100.621,1,8,-9900,?,9,-9900,?,9,23.07,E,8,16.1,E,8,64.0,E,8,1008.6016999999999,E,8,999.0,E,8,1.11,E,8,-9900,?,9,-9900,?,9,0.0,E,8,-9900,?,9,-9900,?,9,0.0,0.0,E,8
12/05/2016,10:00,1224.967,1408.17,948.43,1,8,879.642,1,8,183.302,1,8,113811.6,1,8,83565.974,1,8,20163.216,1,8,67.079,1,8,-9900,?,9,-9900,?,9,24.23,E,8,15.92,E,8,59.0,E,8,1008.6016999999999,E,8,999.0,E,8,1.11,E,8,-9900,?,9,-9900,?,9,0.0,E,8,-9900,?,9,-9900,?,9,0.0,0.0,E,8
12/05/2016,11:00,1355.613,1408.17,1116.39,1,8,976.923,1,8,175.95,1,8,133966.8,1,8,92807.718,1,8,19354.546,1,8,58.18,1,8,-9900,?,9,-9900,?,9,25.24,E,8,15.77,E,8,55.0,E,8,1008.6016999999999,E,8,999.0,E,8,1.37,E,8,-9900,?,9,-9900,?,9,0.0,E,8,-9900,?,9,-9900,?,9,0.0,0.0,E,8
12/05/2016,12:00,1407.166,1408.17,1204.54,1,8,1014.899,1,8,190.365,1,8,144544.8,1,8,96415.38,1,8,20940.186,1,8,60.638,1,8,-9900,?,9,-9900,?,9,26.04,E,8,15.65,E,8,52.0,E,8,1008.6016999999999,E,8,999.0,E,8,2.11,E,8,-9900,?,9,-9900,?,9,0.0,E,8,-9900,?,9,-9900,?,9,0.0,0.0,E,8
12/05/2016,13:00,1376.118,1408.17,1212.65,1,8,1029.496,1,8,206.601,1,8,145518.0,1,8,97802.138,1,8,22726.068,1,8,67.296,1,8,-9900,?,9,-9900,?,9,26.62,E,8,15.56,E,8,50.0,E,8,1008.6016999999999,E,8,999.0,E,8,2.59,E,8,-9900,?,9,-9900,?,9,0.0,E,8,-9900,?,9,-9900,?,9,0.0,0.0,E,8
12/05/2016,14:00,1264.596,1408.17,1137.25,1,8,929.702,1,8,302.397,1,8,136470.0,1,8,88321.71,1,8,33263.673,1,8,107.192,1,8,-9900,?,9,-9900,?,9,26.98,E,8,15.51,E,8,49.0,E,8,1008.6016999999999,E,8,999.0,E,8,2.89,E,8,-9900,?,9,-9900,?,9,0.0,E,8,-9900,?,9,-9900,?,9,0.0,0.0,E,8
12/05/2016,15:00,1080.222,1408.17,982.02,1,8,875.302,1,8,310.705,1,8,117842.4,1,8,83153.673,1,8,34177.521,1,8,128.952,1,8,-9900,?,9,-9900,?,9,27.09,E,8,15.49,E,8,49.0,E,8,1008.6016999999999,E,8,999.0,E,8,3.42,E,8,-9900,?,9,-9900,?,9,0.0,E,8,-9900,?,9,-9900,?,9,0.0,0.0,E,8
12/05/2016,16:00,835.606,1408.17,763.3,1,8,941.416,1,8,204.967,1,8,91596.0,1,8,89434.506,1,8,22546.358,1,8,110.007,1,8,-9900,?,9,-9900,?,9,26.91,E,8,15.52,E,8,49.0,E,8,1008.6016999999999,E,8,999.0,E,8,3.58,E,8,-9900,?,9,-9900,?,9,0.0,E,8,-9900,?,9,-9900,?,9,0.0,0.0,E,8
12/05/2016,17:00,547.551,1408.17,495.77,1,8,863.454,1,8,160.574,1,8,59492.4,1,8,82028.149,1,8,17663.173,1,8,131.664,1,8,-9900,?,9,-9900,?,9,26.39,E,8,15.6,E,8,51.0,E,8,1008.6016999999999,E,8,999.0,E,8,2.73,E,8,-9900,?,9,-9900,?,9,0.0,E,8,-9900,?,9,-9900,?,9,0.0,0.0,E,8
12/05/2016,18:00,236.425,1408.17,212.51,1,8,499.476,1,8,129.454,1,8,25501.2,1,8,47450.228,1,8,14239.892,1,8,247.802,1,8,-9900,?,9,-9900,?,9,25.58,E,8,15.72,E,8,54.0,E,8,1008.6016999999999,E,8,999.0,E,8,2.05,E,8,-9900,?,9,-9900,?,9,0.0,E,8,-9900,?,9,-9900,?,9,0.0,0.0,E,8
12/05/2016,19:00,0.0,1408.17,8.05,1,8,0.0,1,8,0.0,1,8,966.0,1,8,0.0,1,8,0.0,1,8,-0.0,1,8,-9900,?,9,-9900,?,9,24.87,E,8,15.83,E,8,57.0,E,8,1008.6016999999999,E,8,999.0,E,8,1.93,E,8,-9900,?,9,-9900,?,9,0.0,E,8,-9900,?,9,-9900,?,9,0.0,0.0,E,8
12/05/2016,20:00,0.0,1408.17,0.0,1,8,0.0,1,8,0.0,1,8,0.0,1,8,0.0,1,8,0.0,1,8,-0.0,1,8,-9900,?,9,-9900,?,9,24.17,E,8,15.93,E,8,60.0,E,8,1008.6016999999999,E,8,999.0,E,8,1.17,E,8,-9900,?,9,-9900,?,9,0.0,E,8,-9900,?,9,-9900,?,9,0.0,0.0,E,8
12/05/2016,21:00,0.0,1408.17,0.0,1,8,0.0,1,8,0.0,1,8,0.0,1,8,0.0,1,8,0.0,1,8,-0.0,1,8,-9900,?,9,-9900,?,9,23.46,E,8,16.04,E,8,63.0,E,8,1008.6016999999999,E,8,999.0,E,8,1.11,E,8,-9900,?,9,-9900,?,9,0.0,E,8,-9900,?,9,-9900,?,9,0.0,0.0,E,8
12/05/2016,22:00,0.0,1408.17,0.0,1,8,0.0,1,8,0.0,1,8,0.0,1,8,0.0,1,8,0.0,1,8,-0.0,1,8,-9900,?,9,-9900,?,9,22.75,E,8,16.14,E,8,66.0,E,8,1008.6016999999999,E,8,999.0,E,8,1.11,E,8,-9900,?,9,-9900,?,9,0.0,E,8,-9900,?,9,-9900,?,9,0.0,0.0,E,8
12/05/2016,23:00,0.0,1408.17,0.0,1,8,0.0,1,8,0.0,1,8,0.0,1,8,0.0,1,8,0.0,1,8,-0.0,1,8,-9900,?,9,-9900,?,9,22.05,E,8,16.25,E,8,69.0,E,8,1008.6016999999999,E,8,999.0,E,8,1.11,E,8,-9900,?,9,-9900,?,9,0.0,E,8,-9900,?,9,-9900,?,9,0.0,0.0,E,8
12/05/2016,24:00,0.0,1408.17,0.0,1,8,0.0,1,8,0.0,1,8,0.0,1,8,0.0,1,8,0.0,1,8,-0.0,1,8,-9900,?,9,-9900,?,9,21.34,E,8,17.66,E,8,79.0,E,8,1008.6016999999999,E,8,999.0,E,8,1.01,E,8,-9900,?,9,-9900,?,9,0.0,E,8,-9900,?,9,-9900,?,9,0.0,0.0,E,8
12/06/2016,01:00,0.0,1408.17,0.0,1,8,0.0,1,8,0.0,1,8,0.0,1,8,0.0,1,8,0.0,1,8,-0.0,1,8,-9900,?,9,-9900,?,9,20.99,E,8,17.65,E,8,81.0,E,8,1008.6016999999999,E,8,999.0,E,8,1.01,E,8,-9900,?,9,-9900,?,9,0.0,E,8,-9900,?,9,-9900,?,9,0.0,0.0,E,8
12/06/2016,02:00,0.0,1408.17,0.0,1,8,0.0,1,8,0.0,1,8,0.0,1,8,0.0,1,8,0.0,1,8,-0.0,1,8,-9900,?,9,-9900,?,9,20.64,E,8,17.63,E,8,82.0,E,8,1008.6016999999999,E,8,999.0,E,8,1.01,E,8,-9900,?,9,-9900,?,9,0.0,E,8,-9900,?,9,-9900,?,9,0.0,0.0,E,8
12/06/2016,03:00,0.0,1408.17,0.0,1,8,0.0,1,8,0.0,1,8,0.0,1,8,0.0,1,8,0.0,1,8,-0.0,1,8,-9900,?,9,-9900,?,9,20.28,E,8,17.62,E,8,84.0,E,8,1008.6016999999999,E,8,999.0,E,8,1.01,E,8,-9900,?,9,-9900,?,9,0.0,E,8,-9900,?,9,-9900,?,9,0.0,0.0,E,8
12/06/2016,04:00,0.0,1408.568,0.0,1,8,0.0,1,8,0.0,1,8,0.0,1,8,0.0,1,8,0.0,1,8,-0.0,1,8,-9900,?,9,-9900,?,9,19.93,E,8,17.6,E,8,86.0,E,8,1008.6016999999999,E,8,999.0,E,8,1.01,E,8,-9900,?,9,-9900,?,9,0.0,E,8,-9900,?,9,-9900,?,9,0.0,0.0,E,8
12/06/2016,05:00,0.0,1408.568,0.0,1,8,0.0,1,8,0.0,1,8,0.0,1,8,0.0,1,8,0.0,1,8,-0.0,1,8,-9900,?,9,-9900,?,9,19.62,E,8,17.59,E,8,88.0,E,8,1008.6016999999999,E,8,999.0,E,8,1.01,E,8,-9900,?,9,-9900,?,9,0.0,E,8,-9900,?,9,-9900,?,9,0.0,0.0,E,8
12/06/2016,06:00,156.501,1408.568,0.0,1,8,0.0,1,8,0.0,1,8,0.0,1,8,0.0,1,8,0.0,1,8,0.0,1,8,-9900,?,9,-9900,?,9,19.38,E,8,17.58,E,8,89.0,E,8,1008.6016999999999,E,8,999.0,E,8,1.01,E,8,-9900,?,9,-9900,?,9,0.0,E,8,-9900,?,9,-9900,?,9,0.0,0.0,E,8
12/06/2016,07:00,469.562,1408.568,106.84,1,8,0.0,1,8,106.84,1,8,12820.8,1,8,0.0,1,8,11752.4,1,8,102.253,1,8,-9900,?,9,-9900,?,9,19.15,E,8,17.57,E,8,90.0,E,8,1008.6016999999999,E,8,999.0,E,8,1.01,E,8,-9900,?,9,-9900,?,9,0.0,E,8,-9900,?,9,-9900,?,9,0.0,0.0,E,8
12/06/2016,08:00,765.607,1408.568,339.37,1,8,155.661,1,8,254.822,1,8,40724.4,1,8,14787.841,1,8,28030.367,1,8,149.335,1,8,-9900,?,9,-9900,?,9,21.73,E,8,17.68,E,8,77.0,E,8,1008.6016999999999,E,8,999.0,E,8,1.01,E,8,-9900,?,9,-9900,?,9,0.0,E,8,-9900,?,9,-9900,?,9,0.0,0.0,E,8
12/06/2016,09:00,1023.069,1408.568,544.98,1,8,219.387,1,8,385.677,1,8,65397.6,1,8,20841.764,1,8,42424.475,1,8,169.068,1,8,-9900,?,9,-9900,?,9,22.97,E,8,17.73,E,8,72.0,E,8,1008.6016999999999,E,8,999.0,E,8,1.01,E,8,-9900,?,9,-9900,?,9,0.0,E,8,-9900,?,9,-9900,?,9,0.0,0.0,E,8
12/06/2016,10:00,1224.225,1408.568,745.52,1,8,412.18,1,8,387.317,1,8,89462.4,1,8,39157.142,1,8,42604.853,1,8,141.865,1,8,-9900,?,9,-9900,?,9,24.17,E,8,17.78,E,8,67.0,E,8,1008.6016999999999,E,8,999.0,E,8,1.01,E,8,-9900,?,9,-9900,?,9,0.0,E,8,-9900,?,9,-9900,?,9,0.0,0.0,E,8
12/06/2016,11:00,1355.323,1408.568,892.17,1,8,544.497,1,8,368.268,1,8,107060.4,1,8,51727.179,1,8,40509.506,1,8,121.832,1,8,-9900,?,9,-9900,?,9,25.22,E,8,17.83,E,8,63.0,E,8,1008.6016999999999,E,8,999.0,E,8,1.41,E,8,-9900,?,9,-9900,?,9,0.0,E,8,-9900,?,9,-9900,?,9,0.0,0.0,E,8
12/06/2016,12:00,1407.42,1408.568,983.03,1,8,626.7,1,8,356.841,1,8,117963.6,1,8,59536.517,1,8,39252.494,1,8,113.679,1,8,-9900,?,9,-9900,?,9,26.11,E,8,17.86,E,8,60.0,E,8,1008.6016999999999,E,8,999.0,E,8,2.12,E,8,-9900,?,9,-9900,?,9,0.0,E,8,-9900,?,9,-9900,?,9,0.0,0.0,E,8
12/06/2016,13:00,1376.97,1408.568,976.58,1,8,630.398,1,8,360.332,1,8,117189.6,1,8,59887.788,1,8,39636.533,1,8,117.331,1,8,-9900,?,9,-9900,?,9,26.72,E,8,17.89,E,8,58.0,E,8,1008.6016999999999,E,8,999.0,E,8,2.86,E,8,-9900,?,9,-9900,?,9,0.0,E,8,-9900,?,9,-9900,?,9,0.0,0.0,E,8
12/06/2016,14:00,1266.059,1408.568,863.06,1,8,604.666,1,8,319.608,1,8,103567.2,1,8,57443.234,1,8,35156.895,1,8,113.194,1,8,-9900,?,9,-9900,?,9,27.02,E,8,17.9,E,8,57.0,E,8,1008.6016999999999,E,8,999.0,E,8,3.32,E,8,-9900,?,9,-9900,?,9,0.0,E,8,-9900,?,9,-9900,?,9,0.0,0.0,E,8
12/06/2016,15:00,1082.266,1408.568,711.06,1,8,619.85,1,8,234.898,1,8,85327.2,1,8,58885.779,1,8,25838.803,1,8,97.333,1,8,-9900,?,9,-9900,?,9,27.06,E,8,17.9,E,8,57.0,E,8,1008.6016999999999,E,8,999.0,E,8,3.22,E,8,-9900,?,9,-9900,?,9,0.0,E,8,-9900,?,9,-9900,?,9,0.0,0.0,E,8
12/06/2016,16:00,838.161,1408.568,554.63,1,8,689.262,1,8,144.708,1,8,66555.6,1,8,65479.914,1,8,15917.834,1,8,77.451,1,8,-9900,?,9,-9900,?,9,26.81,E,8,17.89,E,8,58.0,E,8,1008.6016999999999,E,8,999.0,E,8,3.63,E,8,-9900,?,9,-9900,?,9,0.0,E,8,-9900,?,9,-9900,?,9,0.0,0.0,E,8
12/06/2016,17:00,550.51,1408.568,368.5,1,8,711.044,1,8,91.052,1,8,44220.0,1,8,67549.198,1,8,10015.684,1,8,74.277,1,8,-9900,?,9,-9900,?,9,26.26,E,8,17.87,E,8,59.0,E,8,1008.6016999999999,E,8,999.0,E,8,2.68,E,8,-9900,?,9,-9900,?,9,0.0,E,8,-9900,?,9,-9900,?,9,0.0,0.0,E,8
12/06/2016,18:00,239.635,1408.568,154.81,1,8,338.276,1,8,97.797,1,8,18577.2,1,8,32136.196,1,8,10757.692,1,8,184.703,1,8,-9900,?,9,-9900,?,9,25.46,E,8,17.84,E,8,62.0,E,8,1008.6016999999999,E,8,999.0,E,8,2.44,E,8,-9900,?,9,-9900,?,9,0.0,E,8,-9900,?,9,-9900,?,9,0.0,0.0,E,8
12/06/2016,19:00,0.0,1408.568,6.83,1,8,0.0,1,8,0.0,1,8,819.6,1,8,0.0,1,8,0.0,1,8,-0.0,1,8,-9900,?,9,-9900,?,9,24.96,E,8,17.82,E,8,64.0,E,8,1008.6016999999999,E,8,999.0,E,8,1.95,E,8,-9900,?,9,-9900,?,9,0.0,E,8,-9900,?,9,-9900,?,9,0.0,0.0,E,8
12/06/2016,20:00,0.0,1408.568,0.0,1,8,0.0,1,8,0.0,1,8,0.0,1,8,0.0,1,8,0.0,1,8,-0.0,1,8,-9900,?,9,-9900,?,9,24.46,E,8,17.79,E,8,66.0,E,8,1008.6016999999999,E,8,999.0,E,8,1.62,E,8,-9900,?,9,-9900,?,9,0.0,E,8,-9900,?,9,-9900,?,9,0.0,0.0,E,8
12/06/2016,21:00,0.0,1408.568,0.0,1,8,0.0,1,8,0.0,1,8,0.0,1,8,0.0,1,8,0.0,1,8,-0.0,1,8,-9900,?,9,-9900,?,9,23.95,E,8,17.77,E,8,68.0,E,8,1008.6016999999999,E,8,999.0,E,8,1.01,E,8,-9900,?,9,-9900,?,9,0.0,E,8,-9900,?,9,-9900,?,9,0.0,0.0,E,8
12/06/2016,22:00,0.0,1408.568,0.0,1,8,0.0,1,8,0.0,1,8,0.0,1,8,0.0,1,8,0.0,1,8,-0.0,1,8,-9900,?,9,-9900,?,9,23.45,E,8,17.75,E,8,70.0,E,8,1008.6016999999999,E,8,999.0,E,8,1.01,E,8,-9900,?,9,-9900,?,9,0.0,E,8,-9900,?,9,-9900,?,9,0.0,0.0,E,8
12/06/2016,23:00,0.0,1408.568,0.0,1,8,0.0,1,8,0.0,1,8,0.0,1,8,0.0,1,8,0.0,1,8,-0.0,1,8,-9900,?,9,-9900,?,9,22.95,E,8,17.73,E,8,72.0,E,8,1008.6016999999999,E,8,999.0,E,8,1.01,E,8,-9900,?,9,-9900,?,9,0.0,E,8,-9900,?,9,-9900,?,9,0.0,0.0,E,8
12/06/2016,24:00,0.0,1408.568,0.0,1,8,0.0,1,8,0.0,1,8,0.0,1,8,0.0,1,8,0.0,1,8,-0.0,1,8,-9900,?,9,-9900,?,9,22.45,E,8,19.31,E,8,77.0,E,8,1008.6016999999999,E,8,999.0,E,8,0.67,E,8,-9900,?,9,-9900,?,9,0.0,E,8,-9900,?,9,-9900,?,9,0.0,0.0,E,8
12/07/2016,01:00,0.0,1408.568,0.0,1,8,0.0,1,8,0.0,1,8,0.0,1,8,0.0,1,8,0.0,1,8,-0.0,1,8,-9900,?,9,-9900,?,9,22.2,E,8,19.27,E,8,81.0,E,8,1008.6016999999999,E,8,999.0,E,8,0.67,E,8,-9900,?,9,-9900,?,9,0.011,E,8,-9900,?,9,-9900,?,9,0.11,99.0,E,8
12/07/2016,02:00,0.0,1408.568,0.0,1,8,0.0,1,8,0.0,1,8,0.0,1,8,0.0,1,8,0.0,1,8,-0.0,1,8,-9900,?,9,-9900,?,9,21.95,E,8,19.23,E,8,89.0,E,8,1008.6016999999999,E,8,999.0,E,8,0.67,E,8,-9900,?,9,-9900,?,9,1.124,E,8,-9900,?,9,-9900,?,9,11.24,99.0,E,8
12/07/2016,03:00,0.0,1408.568,0.0,1,8,0.0,1,8,0.0,1,8,0.0,1,8,0.0,1,8,0.0,1,8,-0.0,1,8,-9900,?,9,-9900,?,9,21.7,E,8,19.19,E,8,82.0,E,8,1008.6016999999999,E,8,999.0,E,8,0.67,E,8,-9900,?,9,-9900,?,9,0.024,E,8,-9900,?,9,-9900,?,9,0.24,99.0,E,8
12/07/2016,04:00,0.0,1408.952,0.0,1,8,0.0,1,8,0.0,1,8,0.0,1,8,0.0,1,8,0.0,1,8,-0.0,1,8,-9900,?,9,-9900,?,9,21.45,E,8,19.16,E,8,83.0,E,8,1008.6016999999999,E,8,999.0,E,8,0.67,E,8,-9900,?,9,-9900,?,9,0.003,E,8,-9900,?,9,-9900,?,9,0.03,99.0,E,8
12/07/2016,05:00,0.0,1408.952,0.0,1,8,0.0,1,8,0.0,1,8,0.0,1,8,0.0,1,8,0.0,1,8,-0.0,1,8,-9900,?,9,-9900,?,9,21.22,E,8,19.12,E,8,84.0,E,8,1008.6016999999999,E,8,999.0,E,8,0.67,E,8,-9900,?,9,-9900,?,9,0.071,E,8,-9900,?,9,-9900,?,9,0.71,99.0,E,8
12/07/2016,06:00,155.272,1408.952,0.0,1,8,0.0,1,8,0.0,1,8,0.0,1,8,0.0,1,8,0.0,1,8,0.0,1,8,-9900,?,9,-9900,?,9,21.06,E,8,19.1,E,8,81.0,E,8,1008.6016999999999,E,8,999.0,E,8,0.67,E,8,-9900,?,9,-9900,?,9,0.0,E,8,-9900,?,9,-9900,?,9,0.0,0.0,E,8
12/07/2016,07:00,468.191,1408.952,79.38,1,8,0.0,1,8,79.38,1,8,9525.6,1,8,0.0,1,8,8731.8,1,8,76.217,1,8,-9900,?,9,-9900,?,9,20.89,E,8,19.07,E,8,81.0,E,8,1008.6016999999999,E,8,999.0,E,8,0.67,E,8,-9900,?,9,-9900,?,9,0.0,E,8,-9900,?,9,-9900,?,9,0.0,0.0,E,8
12/07/2016,08:00,764.274,1408.952,225.61,1,8,30.435,1,8,209.112,1,8,27073.2,1,8,2891.332,1,8,23002.36,1,8,122.795,1,8,-9900,?,9,-9900,?,9,23.16,E,8,19.42,E,8,74.0,E,8,1008.6016999999999,E,8,999.0,E,8,0.67,E,8,-9900,?,9,-9900,?,9,0.0,E,8,-9900,?,9,-9900,?,9,0.0,0.0,E,8
12/07/2016,09:00,1021.935,1408.952,367.51,1,8,47.179,1,8,333.299,1,8,44101.2,1,8,4482.022,1,8,36662.92,1,8,146.309,1,8,-9900,?,9,-9900,?,9,24.22,E,8,19.58,E,8,71.0,E,8,1008.6016999999999,E,8,999.0,E,8,0.7,E,8,-9900,?,9,-9900,?,9,0.0,E,8,-9900,?,9,-9900,?,9,0.0,0.0,E,8
12/07/2016,10:00,1223.435,1408.952,487.31,1,8,58.115,1,8,436.852,1,8,58477.2,1,8,5520.964,1,8,48053.665,1,8,160.155,1,8,-9900,?,9,-9900,?,9,25.2,E,8,19.72,E,8,69.0,E,8,1008.6016999999999,E,8,999.0,E,8,1.41,E,8,-9900,?,9,-9900,?,9,0.0,E,8,-9900,?,9,-9900,?,9,0.0,0.0,E,8
12/07/2016,11:00,1355.0,1408.952,574.81,1,8,56.216,1,8,520.748,1,8,68977.2,1,8,5340.543,1,8,57282.249,1,8,172.363,1,8,-9900,?,9,-9900,?,9,26.05,E,8,19.85,E,8,67.0,E,8,1008.6016999999999,E,8,999.0,E,8,2.04,E,8,-9900,?,9,-9900,?,9,0.0,E,8,-9900,?,9,-9900,?,9,0.0,0.0,E,8
12/07/2016,12:00,1407.654,1408.952,623.35,1,8,64.565,1,8,558.845,1,8,74802.0,1,8,6133.644,1,8,61472.936,1,8,178.05,1,8,-9900,?,9,-9900,?,9,26.73,E,8,19.95,E,8,65.0,E,8,1008.6016999999999,E,8,999.0,E,8,3.21,E,8,-9900,?,9,-9900,?,9,0.0,E,8,-9900,?,9,-9900,?,9,0.0,0.0,E,8
12/07/2016,13:00,1377.811,1408.952,629.37,1,8,74.625,1,8,556.395,1,8,75524.4,1,8,7089.417,1,8,61203.443,1,8,181.111,1,8,-9900,?,9,-9900,?,9,27.24,E,8,20.02,E,8,67.0,E,8,1008.6016999999999,E,8,999.0,E,8,3.42,E,8,-9900,?,9,-9900,?,9,0.001,E,8,-9900,?,9,-9900,?,9,0.01,99.0,E,8
12/07/2016,14:00,1267.517,1408.952,592.43,1,8,107.351,1,8,495.862,1,8,71091.6,1,8,10198.371,1,8,54544.787,1,8,175.462,1,8,-9900,?,9,-9900,?,9,27.54,E,8,20.07,E,8,67.0,E,8,1008.6016999999999,E,8,999.0,E,8,3.59,E,8,-9900,?,9,-9900,?,9,0.004,E,8,-9900,?,9,-9900,?,9,0.04,99.0,E,8
12/07/2016,15:00,1084.307,1408.952,515.23,1,8,130.92,1,8,414.497,1,8,61827.6,1,8,12437.383,1,8,45594.622,1,8,171.476,1,8,-9900,?,9,-9900,?,9,27.66,E,8,20.08,E,8,63.0,E,8,1008.6016999999999,E,8,999.0,E,8,3.81,E,8,-9900,?,9,-9900,?,9,0.0,E,8,-9900,?,9,-9900,?,9,0.0,0.0,E,8
12/07/2016,16:00,840.711,1408.952,403.59,1,8,136.524,1,8,322.17,1,8,48430.8,1,8,12969.803,1,8,35438.727,1,8,171.955,1,8,-9900,?,9,-9900,?,9,27.53,E,8,20.07,E,8,63.0,E,8,1008.6016999999999,E,8,999.0,E,8,3.24,E,8,-9900,?,9,-9900,?,9,0.0,E,8,-9900,?,9,-9900,?,9,0.0,0.0,E,8
12/07/2016,17:00,553.458,1408.952,266.59,1,8,265.227,1,8,162.571,1,8,31990.8,1,8,25196.569,1,8,17882.813,1,8,131.947,1,8,-9900,?,9,-9900,?,9,27.1,E,8,20.0,E,8,64.0,E,8,1008.6016999999999,E,8,999.0,E,8,3.03,E,8,-9900,?,9,-9900,?,9,0.0,E,8,-9900,?,9,-9900,?,9,0.0,0.0,E,8
12/07/2016,18:00,242.826,1408.952,118.77,1,8,241.84,1,8,77.469,1,8,14252.4,1,8,22974.802,1,8,8521.61,1,8,144.394,1,8,-9900,?,9,-9900,?,9,26.44,E,8,19.91,E,8,66.0,E,8,1008.6016999999999,E,8,999.0,E,8,2.55,E,8,-9900,?,9,-9900,?,9,0.0,E,8,-9900,?,9,-9900,?,9,0.0,0.0,E,8
12/07/2016,19:00,0.0,1408.952,4.99,1,8,0.0,1,8,0.0,1,8,598.8,1,8,0.0,1,8,0.0,1,8,-0.0,1,8,-9900,?,9,-9900,?,9,25.83,E,8,19.82,E,8,67.0,E,8,1008.6016999999999,E,8,999.0,E,8,2.11,E,8,-9900,?,9,-9900,?,9,0.0,E,8,-9900,?,9,-9900,?,9,0.0,0.0,E,8
12/07/2016,20:00,0.0,1408.952,0.0,1,8,0.0,1,8,0.0,1,8,0.0,1,8,0.0,1,8,0.0,1,8,-0.0,1,8,-9900,?,9,-9900,?,9,25.22,E,8,19.73,E,8,72.0,E,8,1008.6016999999999,E,8,999.0,E,8,1.69,E,8,-9900,?,9,-9900,?,9,0.001,E,8,-9900,?,9,-9900,?,9,0.01,99.0,E,8
12/07/2016,21:00,0.0,1408.952,0.0,1,8,0.0,1,8,0.0,1,8,0.0,1,8,0.0,1,8,0.0,1,8,-0.0,1,8,-9900,?,9,-9900,?,9,24.62,E,8,19.64,E,8,74.0,E,8,1008.6016999999999,E,8,999.0,E,8,1.12,E,8,-9900,?,9,-9900,?,9,0.016,E,8,-9900,?,9,-9900,?,9,0.16,99.0,E,8
12/07/2016,22:00,0.0,1408.952,0.0,1,8,0.0,1,8,0.0,1,8,0.0,1,8,0.0,1,8,0.0,1,8,-0.0,1,8,-9900,?,9,-9900,?,9,24.01,E,8,19.54,E,8,76.0,E,8,1008.6016999999999,E,8,999.0,E,8,0.76,E,8,-9900,?,9,-9900,?,9,0.007000000000000001,E,8,-9900,?,9,-9900,?,9,0.07,99.0,E,8
12/07/2016,23:00,0.0,1408.952,0.0,1,8,0.0,1,8,0.0,1,8,0.0,1,8,0.0,1,8,0.0,1,8,-0.0,1,8,-9900,?,9,-9900,?,9,23.4,E,8,19.45,E,8,77.0,E,8,1008.6016999999999,E,8,999.0,E,8,0.67,E,8,-9900,?,9,-9900,?,9,0.038,E,8,-9900,?,9,-9900,?,9,0.38,99.0,E,8
12/07/2016,24:00,0.0,1408.952,0.0,1,8,0.0,1,8,0.0,1,8,0.0,1,8,0.0,1,8,0.0,1,8,-0.0,1,8,-9900,?,9,-9900,?,9,22.79,E,8,20.27,E,8,86.0,E,8,1008.6016999999999,E,8,999.0,E,8,0.59,E,8,-9900,?,9,-9900,?,9,0.045,E,8,-9900,?,9,-9900,?,9,0.45,99.0,E,8
12/08/2016,01:00,0.0,1408.952,0.0,1,8,0.0,1,8,0.0,1,8,0.0,1,8,0.0,1,8,0.0,1,8,-0.0,1,8,-9900,?,9,-9900,?,9,22.49,E,8,20.25,E,8,95.0,E,8,1008.6016999999999,E,8,999.0,E,8,0.59,E,8,-9900,?,9,-9900,?,9,1.659,E,8,-9900,?,9,-9900,?,9,16.59,99.0,E,8
12/08/2016,02:00,0.0,1408.952,0.0,1,8,0.0,1,8,0.0,1,8,0.0,1,8,0.0,1,8,0.0,1,8,-0.0,1,8,-9900,?,9,-9900,?,9,22.19,E,8,20.23,E,8,88.0,E,8,1008.6016999999999,E,8,999.0,E,8,0.59,E,8,-9900,?,9,-9900,?,9,0.068,E,8,-9900,?,9,-9900,?,9,0.68,99.0,E,8
12/08/2016,03:00,0.0,1408.952,0.0,1,8,0.0,1,8,0.0,1,8,0.0,1,8,0.0,1,8,0.0,1,8,-0.0,1,8,-9900,?,9,-9900,?,9,21.88,E,8,20.2,E,8,89.0,E,8,1008.6016999999999,E,8,999.0,E,8,0.59,E,8,-9900,?,9,-9900,?,9,0.023,E,8,-9900,?,9,-9900,?,9,0.23,99.0,E,8
12/08/2016,04:00,0.0,1409.324,0.0,1,8,0.0,1,8,0.0,1,8,0.0,1,8,0.0,1,8,0.0,1,8,-0.0,1,8,-9900,?,9,-9900,?,9,21.58,E,8,20.18,E,8,90.0,E,8,1008.6016999999999,E,8,999.0,E,8,0.59,E,8,-9900,?,9,-9900,?,9,0.032,E,8,-9900,?,9,-9900,?,9,0.32,99.0,E,8
12/08/2016,05:00,0.0,1409.324,0.0,1,8,0.0,1,8,0.0,1,8,0.0,1,8,0.0,1,8,0.0,1,8,-0.0,1,8,-9900,?,9,-9900,?,9,21.31,E,8,20.15,E,8,92.0,E,8,1008.6016999999999,E,8,999.0,E,8,0.59,E,8,-9900,?,9,-9900,?,9,0.006,E,8,-9900,?,9,-9900,?,9,0.06,99.0,E,8
12/08/2016,06:00,153.941,1409.324,0.0,1,8,0.0,1,8,0.0,1,8,0.0,1,8,0.0,1,8,0.0,1,8,0.0,1,8,-9900,?,9,-9900,?,9,21.11,E,8,20.14,E,8,92.0,E,8,1008.6016999999999,E,8,999.0,E,8,0.59,E,8,-9900,?,9,-9900,?,9,0.017,E,8,-9900,?,9,-9900,?,9,0.17,99.0,E,8
12/08/2016,07:00,466.729,1409.324,71.72,1,8,0.0,1,8,71.72,1,8,8606.4,1,8,0.0,1,8,7889.2,1,8,69.097,1,8,-9900,?,9,-9900,?,9,20.91,E,8,20.12,E,8,93.0,E,8,1008.6016999999999,E,8,999.0,E,8,0.59,E,8,-9900,?,9,-9900,?,9,0.012,E,8,-9900,?,9,-9900,?,9,0.12,99.0,E,8
12/08/2016,08:00,762.865,1409.324,204.93,1,8,17.223,1,8,195.614,1,8,24591.6,1,8,1636.193,1,8,21517.514,1,8,115.112,1,8,-9900,?,9,-9900,?,9,22.97,E,8,20.29,E,8,81.0,E,8,1008.6016999999999,E,8,999.0,E,8,0.65,E,8,-9900,?,9,-9900,?,9,0.0,E,8,-9900,?,9,-9900,?,9,0.0,0.0,E,8
12/08/2016,09:00,1020.74,1409.324,334.38,1,8,32.156,1,8,311.097,1,8,40125.6,1,8,3054.792,1,8,34220.624,1,8,136.759,1,8,-9900,?,9,-9900,?,9,23.95,E,8,20.37,E,8,81.0,E,8,1008.6016999999999,E,8,999.0,E,8,0.9,E,8,-9900,?,9,-9900,?,9,0.002,E,8,-9900,?,9,-9900,?,9,0.02,99.0,E,8
12/08/2016,10:00,1222.601,1409.324,443.76,1,8,40.854,1,8,408.322,1,8,53251.2,1,8,3881.115,1,8,44915.46,1,8,149.838,1,8,-9900,?,9,-9900,?,9,24.85,E,8,20.44,E,8,78.0,E,8,1008.6016999999999,E,8,999.0,E,8,1.37,E,8,-9900,?,9,-9900,?,9,0.004,E,8,-9900,?,9,-9900,?,9,0.04,99.0,E,8
12/08/2016,11:00,1354.646,1409.324,523.76,1,8,66.336,1,8,459.999,1,8,62851.2,1,8,6301.891,1,8,50599.943,1,8,152.336,1,8,-9900,?,9,-9900,?,9,25.63,E,8,20.5,E,8,76.0,E,8,1008.6016999999999,E,8,999.0,E,8,1.9,E,8,-9900,?,9,-9900,?,9,0.001,E,8,-9900,?,9,-9900,?,9,0.01,99.0,E,8
12/08/2016,12:00,1407.868,1409.324,568.28,1,8,84.451,1,8,483.916,1,8,68193.6,1,8,8022.879,1,8,53230.752,1,8,154.195,1,8,-9900,?,9,-9900,?,9,26.26,E,8,20.55,E,8,70.0,E,8,1008.6016999999999,E,8,999.0,E,8,3.01,E,8,-9900,?,9,-9900,?,9,0.0,E,8,-9900,?,9,-9900,?,9,0.0,0.0,E,8
12/08/2016,13:00,1378.642,1409.324,574.06,1,8,97.233,1,8,478.945,1,8,68887.2,1,8,9237.103,1,8,52683.993,1,8,155.848,1,8,-9900,?,9,-9900,?,9,26.72,E,8,20.59,E,8,68.0,E,8,1008.6016999999999,E,8,999.0,E,8,3.17,E,8,-9900,?,9,-9900,?,9,0.0,E,8,-9900,?,9,-9900,?,9,0.0,0.0,E,8
12/08/2016,14:00,1268.97,1409.324,540.67,1,8,64.619,1,8,482.49,1,8,64880.4,1,8,6138.843,1,8,53073.9,1,8,170.58,1,8,-9900,?,9,-9900,?,9,27.0,E,8,20.61,E,8,68.0,E,8,1008.6016999999999,E,8,999.0,E,8,3.22,E,8,-9900,?,9,-9900,?,9,0.0,E,8,-9900,?,9,-9900,?,9,0.0,0.0,E,8
12/08/2016,15:00,1086.345,1409.324,470.55,1,8,90.221,1,8,401.019,1,8,56466.0,1,8,8571.006,1,8,44112.099,1,8,165.632,1,8,-9900,?,9,-9900,?,9,27.11,E,8,20.62,E,8,67.0,E,8,1008.6016999999999,E,8,999.0,E,8,3.32,E,8,-9900,?,9,-9900,?,9,0.0,E,8,-9900,?,9,-9900,?,9,0.0,0.0,E,8
12/08/2016,16:00,843.255,1409.324,368.99,1,8,94.727,1,8,312.341,1,8,44278.8,1,8,8999.093,1,8,34357.475,1,8,166.249,1,8,-9900,?,9,-9900,?,9,26.99,E,8,20.61,E,8,72.0,E,8,1008.6016999999999,E,8,999.0,E,8,3.55,E,8,-9900,?,9,-9900,?,9,0.001,E,8,-9900,?,9,-9900,?,9,0.01,99.0,E,8
12/08/2016,17:00,556.392,1409.324,244.25,1,8,187.23,1,8,170.449,1,8,29310.0,1,8,17786.822,1,8,18749.431,1,8,137.645,1,8,-9900,?,9,-9900,?,9,26.61,E,8,20.58,E,8,69.0,E,8,1008.6016999999999,E,8,999.0,E,8,3.72,E,8,-9900,?,9,-9900,?,9,0.0,E,8,-9900,?,9,-9900,?,9,0.0,0.0,E,8
12/08/2016,18:00,245.994,1409.324,109.5,1,8,318.061,1,8,54.476,1,8,13140.0,1,8,30215.8,1,8,5992.323,1,8,100.232,1,8,-9900,?,9,-9900,?,9,26.0,E,8,20.53,E,8,71.0,E,8,1008.6016999999999,E,8,999.0,E,8,2.86,E,8,-9900,?,9,-9900,?,9,0.0,E,8,-9900,?,9,-9900,?,9,0.0,0.0,E,8
12/08/2016,19:00,0.0,1409.324,4.97,1,8,0.0,1,8,0.0,1,8,596.4,1,8,0.0,1,8,0.0,1,8,-0.0,1,8,-9900,?,9,-9900,?,9,25.39,E,8,20.48,E,8,72.0,E,8,1008.6016999999999,E,8,999.0,E,8,2.31,E,8,-9900,?,9,-9900,?,9,0.0,E,8,-9900,?,9,-9900,?,9,0.0,0.0,E,8
12/08/2016,20:00,0.0,1409.324,0.0,1,8,0.0,1,8,0.0,1,8,0.0,1,8,0.0,1,8,0.0,1,8,-0.0,1,8,-9900,?,9,-9900,?,9,24.78,E,8,20.43,E,8,74.0,E,8,1008.6016999999999,E,8,999.0,E,8,1.78,E,8,-9900,?,9,-9900,?,9,0.0,E,8,-9900,?,9,-9900,?,9,0.0,0.0,E,8
12/08/2016,21:00,0.0,1409.324,0.0,1,8,0.0,1,8,0.0,1,8,0.0,1,8,0.0,1,8,0.0,1,8,-0.0,1,8,-9900,?,9,-9900,?,9,24.17,E,8,20.38,E,8,77.0,E,8,1008.6016999999999,E,8,999.0,E,8,1.31,E,8,-9900,?,9,-9900,?,9,0.0,E,8,-9900,?,9,-9900,?,9,0.0,0.0,E,8
12/08/2016,22:00,0.0,1409.324,0.0,1,8,0.0,1,8,0.0,1,8,0.0,1,8,0.0,1,8,0.0,1,8,-0.0,1,8,-9900,?,9,-9900,?,9,23.55,E,8,20.33,E,8,83.0,E,8,1008.6016999999999,E,8,999.0,E,8,0.94,E,8,-9900,?,9,-9900,?,9,0.009,E,8,-9900,?,9,-9900,?,9,0.09,99.0,E,8
12/08/2016,23:00,0.0,1409.324,0.0,1,8,0.0,1,8,0.0,1,8,0.0,1,8,0.0,1,8,0.0,1,8,-0.0,1,8,-9900,?,9,-9900,?,9,22.94,E,8,20.29,E,8,89.0,E,8,1008.6016999999999,E,8,999.0,E,8,0.68,E,8,-9900,?,9,-9900,?,9,0.121,E,8,-9900,?,9,-9900,?,9,1.21,99.0,E,8
12/08/2016,24:00,0.0,1409.324,0.0,1,8,0.0,1,8,0.0,1,8,0.0,1,8,0.0,1,8,0.0,1,8,-0.0,1,8,-9900,?,9,-9900,?,9,22.33,E,8,20.39,E,8,96.0,E,8,1008.6016999999999,E,8,999.0,E,8,0.71,E,8,-9900,?,9,-9900,?,9,3.1109999999999998,E,8,-9900,?,9,-9900,?,9,31.11,99.0,E,8
12/09/2016,01:00,0.0,1409.324,0.0,1,8,0.0,1,8,0.0,1,8,0.0,1,8,0.0,1,8,0.0,1,8,-0.0,1,8,-9900,?,9,-9900,?,9,22.03,E,8,20.37,E,8,89.0,E,8,1008.6016999999999,E,8,999.0,E,8,0.69,E,8,-9900,?,9,-9900,?,9,0.039,E,8,-9900,?,9,-9900,?,9,0.39,99.0,E,8
12/09/2016,02:00,0.0,1409.324,0.0,1,8,0.0,1,8,0.0,1,8,0.0,1,8,0.0,1,8,0.0,1,8,-0.0,1,8,-9900,?,9,-9900,?,9,21.72,E,8,20.35,E,8,95.0,E,8,1008.6016999999999,E,8,999.0,E,8,0.69,E,8,-9900,?,9,-9900,?,9,0.121,E,8,-9900,?,9,-9900,?,9,1.21,99.0,E,8
12/09/2016,03:00,0.0,1409.324,0.0,1,8,0.0,1,8,0.0,1,8,0.0,1,8,0.0,1,8,0.0,1,8,-0.0,1,8,-9900,?,9,-9900,?,9,21.42,E,8,20.34,E,8,92.0,E,8,1008.6016999999999,E,8,999.0,E,8,0.69,E,8,-9900,?,9,-9900,?,9,0.05500000000000001,E,8,-9900,?,9,-9900,?,9,0.55,99.0,E,8
12/09/2016,04:00,0.0,1409.682,0.0,1,8,0.0,1,8,0.0,1,8,0.0,1,8,0.0,1,8,0.0,1,8,-0.0,1,8,-9900,?,9,-9900,?,9,21.11,E,8,20.32,E,8,93.0,E,8,1008.6016999999999,E,8,999.0,E,8,0.69,E,8,-9900,?,9,-9900,?,9,0.079,E,8,-9900,?,9,-9900,?,9,0.79,99.0,E,8
12/09/2016,05:00,0.0,1409.682,0.0,1,8,0.0,1,8,0.0,1,8,0.0,1,8,0.0,1,8,0.0,1,8,-0.0,1,8,-9900,?,9,-9900,?,9,20.84,E,8,20.3,E,8,99.0,E,8,1008.6016999999999,E,8,999.0,E,8,0.69,E,8,-9900,?,9,-9900,?,9,0.21800000000000003,E,8,-9900,?,9,-9900,?,9,2.18,99.0,E,8
12/09/2016,06:00,152.511,1409.682,0.0,1,8,0.0,1,8,0.0,1,8,0.0,1,8,0.0,1,8,0.0,1,8,0.0,1,8,-9900,?,9,-9900,?,9,20.64,E,8,20.29,E,8,95.0,E,8,1008.6016999999999,E,8,999.0,E,8,0.69,E,8,-9900,?,9,-9900,?,9,0.027000000000000003,E,8,-9900,?,9,-9900,?,9,0.27,99.0,E,8
12/09/2016,07:00,465.18,1409.682,109.58,1,8,0.0,1,8,109.58,1,8,13149.6,1,8,0.0,1,8,12053.8,1,8,105.953,1,8,-9900,?,9,-9900,?,9,20.44,E,8,20.28,E,8,96.0,E,8,1008.6016999999999,E,8,999.0,E,8,0.69,E,8,-9900,?,9,-9900,?,9,0.019,E,8,-9900,?,9,-9900,?,9,0.19,99.0,E,8
12/09/2016,08:00,761.382,1409.682,321.88,1,8,129.397,1,8,252.041,1,8,38625.6,1,8,12292.743,1,8,27724.517,1,8,148.645,1,8,-9900,?,9,-9900,?,9,22.61,E,8,20.41,E,8,83.0,E,8,1008.6016999999999,E,8,999.0,E,8,1.25,E,8,-9900,?,9,-9900,?,9,0.0,E,8,-9900,?,9,-9900,?,9,0.0,0.0,E,8
12/09/2016,09:00,1019.487,1409.682,542.25,1,8,219.008,1,8,383.905,1,8,65070.0,1,8,20805.779,1,8,42229.545,1,8,169.017,1,8,-9900,?,9,-9900,?,9,23.7,E,8,20.47,E,8,79.0,E,8,1008.6016999999999,E,8,999.0,E,8,1.35,E,8,-9900,?,9,-9900,?,9,0.0,E,8,-9900,?,9,-9900,?,9,0.0,0.0,E,8
12/09/2016,10:00,1221.722,1409.682,699.84,1,8,325.321,1,8,417.923,1,8,83980.8,1,8,30905.497,1,8,45971.531,1,8,153.51,1,8,-9900,?,9,-9900,?,9,24.64,E,8,20.52,E,8,75.0,E,8,1008.6016999999999,E,8,999.0,E,8,2.07,E,8,-9900,?,9,-9900,?,9,0.0,E,8,-9900,?,9,-9900,?,9,0.0,0.0,E,8
12/09/2016,11:00,1354.262,1409.682,852.01,1,8,504.549,1,8,367.308,1,8,102241.2,1,8,47932.169,1,8,40403.913,1,8,121.705,1,8,-9900,?,9,-9900,?,9,25.52,E,8,20.57,E,8,72.0,E,8,1008.6016999999999,E,8,999.0,E,8,2.39,E,8,-9900,?,9,-9900,?,9,0.0,E,8,-9900,?,9,-9900,?,9,0.0,0.0,E,8
12/09/2016,12:00,1408.064,1409.682,916.12,1,8,516.437,1,8,400.276,1,8,109934.4,1,8,49061.469,1,8,44030.411,1,8,127.558,1,8,-9900,?,9,-9900,?,9,26.21,E,8,20.61,E,8,70.0,E,8,1008.6016999999999,E,8,999.0,E,8,2.89,E,8,-9900,?,9,-9900,?,9,0.0,E,8,-9900,?,9,-9900,?,9,0.0,0.0,E,8
12/09/2016,13:00,1379.463,1409.682,985.22,1,8,649.005,1,8,350.136,1,8,118226.4,1,8,61655.454,1,8,38514.954,1,8,113.895,1,8,-9900,?,9,-9900,?,9,26.8,E,8,20.65,E,8,68.0,E,8,1008.6016999999999,E,8,999.0,E,8,3.18,E,8,-9900,?,9,-9900,?,9,0.0,E,8,-9900,?,9,-9900,?,9,0.0,0.0,E,8
12/09/2016,14:00,1270.418,1409.682,892.34,1,8,664.999,1,8,293.078,1,8,107080.8,1,8,63174.895,1,8,32238.576,1,8,103.523,1,8,-9900,?,9,-9900,?,9,27.12,E,8,20.67,E,8,67.0,E,8,1008.6016999999999,E,8,999.0,E,8,3.6,E,8,-9900,?,9,-9900,?,9,0.0,E,8,-9900,?,9,-9900,?,9,0.0,0.0,E,8
12/09/2016,15:00,1088.378,1409.682,787.64,1,8,792.502,1,8,175.892,1,8,94516.8,1,8,75287.679,1,8,19348.16,1,8,72.531,1,8,-9900,?,9,-9900,?,9,27.26,E,8,20.68,E,8,67.0,E,8,1008.6016999999999,E,8,999.0,E,8,3.52,E,8,-9900,?,9,-9900,?,9,0.0,E,8,-9900,?,9,-9900,?,9,0.0,0.0,E,8
12/09/2016,16:00,845.79,1409.682,638.24,1,8,759.204,1,8,182.965,1,8,76588.8,1,8,72124.405,1,8,20126.163,1,8,97.119,1,8,-9900,?,9,-9900,?,9,27.19,E,8,20.67,E,8,67.0,E,8,1008.6016999999999,E,8,999.0,E,8,3.05,E,8,-9900,?,9,-9900,?,9,0.0,E,8,-9900,?,9,-9900,?,9,0.0,0.0,E,8
12/09/2016,17:00,559.312,1409.682,440.23,1,8,754.732,1,8,141.245,1,8,52827.6,1,8,71699.581,1,8,15536.991,1,8,113.493,1,8,-9900,?,9,-9900,?,9,26.83,E,8,20.65,E,8,68.0,E,8,1008.6016999999999,E,8,999.0,E,8,3.34,E,8,-9900,?,9,-9900,?,9,0.0,E,8,-9900,?,9,-9900,?,9,0.0,0.0,E,8
12/09/2016,18:00,249.138,1409.682,183.18,1,8,528.422,1,8,90.599,1,8,21981.6,1,8,50200.097,1,8,9965.858,1,8,164.6,1,8,-9900,?,9,-9900,?,9,26.16,E,8,20.61,E,8,74.0,E,8,1008.6016999999999,E,8,999.0,E,8,2.36,E,8,-9900,?,9,-9900,?,9,0.005,E,8,-9900,?,9,-9900,?,9,0.05,99.0,E,8
12/09/2016,19:00,0.0,1409.682,9.32,1,8,0.0,1,8,0.0,1,8,1118.4,1,8,0.0,1,8,0.0,1,8,-0.0,1,8,-9900,?,9,-9900,?,9,25.58,E,8,20.58,E,8,72.0,E,8,1008.6016999999999,E,8,999.0,E,8,2.15,E,8,-9900,?,9,-9900,?,9,0.0,E,8,-9900,?,9,-9900,?,9,0.0,0.0,E,8
12/09/2016,20:00,0.0,1409.682,0.0,1,8,0.0,1,8,0.0,1,8,0.0,1,8,0.0,1,8,0.0,1,8,-0.0,1,8,-9900,?,9,-9900,?,9,25.0,E,8,20.54,E,8,78.0,E,8,1008.6016999999999,E,8,999.0,E,8,1.79,E,8,-9900,?,9,-9900,?,9,0.003,E,8,-9900,?,9,-9900,?,9,0.03,99.0,E,8
12/09/2016,21:00,0.0,1409.682,0.0,1,8,0.0,1,8,0.0,1,8,0.0,1,8,0.0,1,8,0.0,1,8,-0.0,1,8,-9900,?,9,-9900,?,9,24.42,E,8,20.51,E,8,80.0,E,8,1008.6016999999999,E,8,999.0,E,8,1.11,E,8,-9900,?,9,-9900,?,9,0.001,E,8,-9900,?,9,-9900,?,9,0.01,99.0,E,8
12/09/2016,22:00,0.0,1409.682,0.0,1,8,0.0,1,8,0.0,1,8,0.0,1,8,0.0,1,8,0.0,1,8,-0.0,1,8,-9900,?,9,-9900,?,9,23.84,E,8,20.48,E,8,82.0,E,8,1008.6016999999999,E,8,999.0,E,8,0.69,E,8,-9900,?,9,-9900,?,9,0.009,E,8,-9900,?,9,-9900,?,9,0.09,99.0,E,8
12/09/2016,23:00,0.0,1409.682,0.0,1,8,0.0,1,8,0.0,1,8,0.0,1,8,0.0,1,8,0.0,1,8,-0.0,1,8,-9900,?,9,-9900,?,9,23.26,E,8,20.44,E,8,84.0,E,8,1008.6016999999999,E,8,999.0,E,8,0.69,E,8,-9900,?,9,-9900,?,9,0.013000000000000001,E,8,-9900,?,9,-9900,?,9,0.13,99.0,E,8
12/09/2016,24:00,0.0,1409.682,0.0,1,8,0.0,1,8,0.0,1,8,0.0,1,8,0.0,1,8,0.0,1,8,-0.0,1,8,-9900,?,9,-9900,?,9,22.68,E,8,20.43,E,8,88.0,E,8,1008.6016999999999,E,8,999.0,E,8,0.93,E,8,-9900,?,9,-9900,?,9,0.006,E,8,-9900,?,9,-9900,?,9,0.06,99.0,E,8
12/10/2016,01:00,0.0,1409.682,0.0,1,8,0.0,1,8,0.0,1,8,0.0,1,8,0.0,1,8,0.0,1,8,-0.0,1,8,-9900,?,9,-9900,?,9,22.39,E,8,20.42,E,8,89.0,E,8,1008.6016999999999,E,8,999.0,E,8,0.93,E,8,-9900,?,9,-9900,?,9,0.001,E,8,-9900,?,9,-9900,?,9,0.01,99.0,E,8
12/10/2016,02:00,0.0,1409.682,0.0,1,8,0.0,1,8,0.0,1,8,0.0,1,8,0.0,1,8,0.0,1,8,-0.0,1,8,-9900,?,9,-9900,?,9,22.1,E,8,20.4,E,8,91.0,E,8,1008.6016999999999,E,8,999.0,E,8,0.93,E,8,-9900,?,9,-9900,?,9,0.002,E,8,-9900,?,9,-9900,?,9,0.02,99.0,E,8
12/10/2016,03:00,0.0,1409.682,0.0,1,8,0.0,1,8,0.0,1,8,0.0,1,8,0.0,1,8,0.0,1,8,-0.0,1,8,-9900,?,9,-9900,?,9,21.81,E,8,20.39,E,8,92.0,E,8,1008.6016999999999,E,8,999.0,E,8,0.93,E,8,-9900,?,9,-9900,?,9,0.001,E,8,-9900,?,9,-9900,?,9,0.01,99.0,E,8
12/10/2016,04:00,0.0,1410.027,0.0,1,8,0.0,1,8,0.0,1,8,0.0,1,8,0.0,1,8,0.0,1,8,-0.0,1,8,-9900,?,9,-9900,?,9,21.52,E,8,20.38,E,8,93.0,E,8,1008.6016999999999,E,8,999.0,E,8,0.93,E,8,-9900,?,9,-9900,?,9,0.016,E,8,-9900,?,9,-9900,?,9,0.16,99.0,E,8
12/10/2016,05:00,0.0,1410.027,0.0,1,8,0.0,1,8,0.0,1,8,0.0,1,8,0.0,1,8,0.0,1,8,-0.0,1,8,-9900,?,9,-9900,?,9,21.26,E,8,20.37,E,8,94.0,E,8,1008.6016999999999,E,8,999.0,E,8,0.93,E,8,-9900,?,9,-9900,?,9,0.022,E,8,-9900,?,9,-9900,?,9,0.22,99.0,E,8
12/10/2016,06:00,150.983,1410.027,0.0,1,8,0.0,1,8,0.0,1,8,0.0,1,8,0.0,1,8,0.0,1,8,0.0,1,8,-9900,?,9,-9900,?,9,21.07,E,8,20.36,E,8,95.0,E,8,1008.6016999999999,E,8,999.0,E,8,0.93,E,8,-9900,?,9,-9900,?,9,0.008,E,8,-9900,?,9,-9900,?,9,0.08,99.0,E,8
12/10/2016,07:00,463.543,1410.027,93.0,1,8,0.0,1,8,93.0,1,8,11160.0,1,8,0.0,1,8,10230.0,1,8,90.263,1,8,-9900,?,9,-9900,?,9,20.88,E,8,20.35,E,8,96.0,E,8,1008.6016999999999,E,8,999.0,E,8,0.93,E,8,-9900,?,9,-9900,?,9,0.004,E,8,-9900,?,9,-9900,?,9,0.04,99.0,E,8
12/10/2016,08:00,759.827,1410.027,268.91,1,8,75.329,1,8,228.346,1,8,32269.2,1,8,7156.282,1,8,25118.065,1,8,134.979,1,8,-9900,?,9,-9900,?,9,23.11,E,8,20.45,E,8,82.0,E,8,1008.6016999999999,E,8,999.0,E,8,0.93,E,8,-9900,?,9,-9900,?,9,0.0,E,8,-9900,?,9,-9900,?,9,0.0,0.0,E,8
12/10/2016,09:00,1018.177,1410.027,440.34,1,8,97.446,1,8,369.993,1,8,52840.8,1,8,9257.404,1,8,40699.251,1,8,163.142,1,8,-9900,?,9,-9900,?,9,24.17,E,8,20.49,E,8,77.0,E,8,1008.6016999999999,E,8,999.0,E,8,1.18,E,8,-9900,?,9,-9900,?,9,0.0,E,8,-9900,?,9,-9900,?,9,0.0,0.0,E,8
12/10/2016,10:00,1220.802,1410.027,585.46,1,8,123.126,1,8,478.868,1,8,70255.2,1,8,11696.951,1,8,52675.482,1,8,176.072,1,8,-9900,?,9,-9900,?,9,25.15,E,8,20.53,E,8,74.0,E,8,1008.6016999999999,E,8,999.0,E,8,1.88,E,8,-9900,?,9,-9900,?,9,0.0,E,8,-9900,?,9,-9900,?,9,0.0,0.0,E,8
12/10/2016,11:00,1353.85,1410.027,691.89,1,8,119.373,1,8,577.276,1,8,83026.8,1,8,11340.414,1,8,63500.355,1,8,191.382,1,8,-9900,?,9,-9900,?,9,26.0,E,8,20.57,E,8,71.0,E,8,1008.6016999999999,E,8,999.0,E,8,2.28,E,8,-9900,?,9,-9900,?,9,0.0,E,8,-9900,?,9,-9900,?,9,0.0,0.0,E,8
12/10/2016,12:00,1408.243,1410.027,751.5,1,8,137.267,1,8,614.407,1,8,90180.0,1,8,13040.325,1,8,67584.791,1,8,195.82,1,8,-9900,?,9,-9900,?,9,26.68,E,8,20.6,E,8,68.0,E,8,1008.6016999999999,E,8,999.0,E,8,2.81,E,8,-9900,?,9,-9900,?,9,0.0,E,8,-9900,?,9,-9900,?,9,0.0,0.0,E,8
12/10/2016,13:00,1380.274,1410.027,759.91,1,8,157.92,1,8,605.324,1,8,91189.2,1,8,15002.426,1,8,66585.634,1,8,196.836,1,8,-9900,?,9,-9900,?,9,27.19,E,8,20.62,E,8,67.0,E,8,1008.6016999999999,E,8,999.0,E,8,2.99,E,8,-9900,?,9,-9900,?,9,0.0,E,8,-9900,?,9,-9900,?,9,0.0,0.0,E,8
12/10/2016,14:00,1271.859,1410.027,716.52,1,8,306.914,1,8,439.699,1,8,85982.4,1,8,29156.81,1,8,48366.901,1,8,155.176,1,8,-9900,?,9,-9900,?,9,27.5,E,8,20.63,E,8,66.0,E,8,1008.6016999999999,E,8,999.0,E,8,2.93,E,8,-9900,?,9,-9900,?,9,0.0,E,8,-9900,?,9,-9900,?,9,0.0,0.0,E,8
12/10/2016,15:00,1090.404,1410.027,624.49,1,8,365.923,1,8,341.57,1,8,74938.8,1,8,34762.647,1,8,37572.694,1,8,140.623,1,8,-9900,?,9,-9900,?,9,27.62,E,8,20.63,E,8,65.0,E,8,1008.6016999999999,E,8,999.0,E,8,3.55,E,8,-9900,?,9,-9900,?,9,0.0,E,8,-9900,?,9,-9900,?,9,0.0,0.0,E,8
12/10/2016,16:00,848.316,1410.027,490.75,1,8,430.873,1,8,231.658,1,8,58890.0,1,8,40932.896,1,8,25482.341,1,8,122.628,1,8,-9900,?,9,-9900,?,9,27.5,E,8,20.63,E,8,66.0,E,8,1008.6016999999999,E,8,999.0,E,8,3.06,E,8,-9900,?,9,-9900,?,9,0.0,E,8,-9900,?,9,-9900,?,9,0.0,0.0,E,8
12/10/2016,17:00,562.214,1410.027,326.16,1,8,514.52,1,8,121.324,1,8,39139.2,1,8,48879.371,1,8,13345.598,1,8,97.004,1,8,-9900,?,9,-9900,?,9,27.09,E,8,20.61,E,8,67.0,E,8,1008.6016999999999,E,8,999.0,E,8,2.96,E,8,-9900,?,9,-9900,?,9,0.0,E,8,-9900,?,9,-9900,?,9,0.0,0.0,E,8
12/10/2016,18:00,252.253,1410.027,148.0,1,8,383.806,1,8,79.917,1,8,17760.0,1,8,36461.584,1,8,8790.924,1,8,143.406,1,8,-9900,?,9,-9900,?,9,26.44,E,8,20.59,E,8,73.0,E,8,1008.6016999999999,E,8,999.0,E,8,2.33,E,8,-9900,?,9,-9900,?,9,0.011,E,8,-9900,?,9,-9900,?,9,0.11,99.0,E,8
12/10/2016,19:00,0.0,1410.027,7.74,1,8,0.0,1,8,0.0,1,8,928.8,1,8,0.0,1,8,0.0,1,8,-0.0,1,8,-9900,?,9,-9900,?,9,25.95,E,8,20.57,E,8,75.0,E,8,1008.6016999999999,E,8,999.0,E,8,1.38,E,8,-9900,?,9,-9900,?,9,0.043,E,8,-9900,?,9,-9900,?,9,0.43,99.0,E,8
12/10/2016,20:00,0.0,1410.027,0.0,1,8,0.0,1,8,0.0,1,8,0.0,1,8,0.0,1,8,0.0,1,8,-0.0,1,8,-9900,?,9,-9900,?,9,25.46,E,8,20.54,E,8,77.0,E,8,1008.6016999999999,E,8,999.0,E,8,0.96,E,8,-9900,?,9,-9900,?,9,0.03,E,8,-9900,?,9,-9900,?,9,0.3,99.0,E,8
12/10/2016,21:00,0.0,1410.027,0.0,1,8,0.0,1,8,0.0,1,8,0.0,1,8,0.0,1,8,0.0,1,8,-0.0,1,8,-9900,?,9,-9900,?,9,24.97,E,8,20.52,E,8,79.0,E,8,1008.6016999999999,E,8,999.0,E,8,0.93,E,8,-9900,?,9,-9900,?,9,0.065,E,8,-9900,?,9,-9900,?,9,0.65,99.0,E,8
12/10/2016,22:00,0.0,1410.027,0.0,1,8,0.0,1,8,0.0,1,8,0.0,1,8,0.0,1,8,0.0,1,8,-0.0,1,8,-9900,?,9,-9900,?,9,24.48,E,8,20.5,E,8,89.0,E,8,1008.6016999999999,E,8,999.0,E,8,0.93,E,8,-9900,?,9,-9900,?,9,1.576,E,8,-9900,?,9,-9900,?,9,15.76,99.0,E,8
12/10/2016,23:00,0.0,1410.027,0.0,1,8,0.0,1,8,0.0,1,8,0.0,1,8,0.0,1,8,0.0,1,8,-0.0,1,8,-9900,?,9,-9900,?,9,23.99,E,8,20.48,E,8,87.0,E,8,1008.6016999999999,E,8,999.0,E,8,0.93,E,8,-9900,?,9,-9900,?,9,0.11499999999999999,E,8,-9900,?,9,-9900,?,9,1.15,99.0,E,8
12/10/2016,24:00,0.0,1410.027,0.0,1,8,0.0,1,8,0.0,1,8,0.0,1,8,0.0,1,8,0.0,1,8,-0.0,1,8,-9900,?,9,-9900,?,9,23.5,E,8,21.6,E,8,90.0,E,8,1008.6016999999999,E,8,999.0,E,8,0.63,E,8,-9900,?,9,-9900,?,9,0.001,E,8,-9900,?,9,-9900,?,9,0.01,99.0,E,8
12/11/2016,01:00,0.0,1410.027,0.0,1,8,0.0,1,8,0.0,1,8,0.0,1,8,0.0,1,8,0.0,1,8,-0.0,1,8,-9900,?,9,-9900,?,9,23.26,E,8,21.56,E,8,91.0,E,8,1008.6016999999999,E,8,999.0,E,8,0.63,E,8,-9900,?,9,-9900,?,9,0.02,E,8,-9900,?,9,-9900,?,9,0.2,99.0,E,8
12/11/2016,02:00,0.0,1410.027,0.0,1,8,0.0,1,8,0.0,1,8,0.0,1,8,0.0,1,8,0.0,1,8,-0.0,1,8,-9900,?,9,-9900,?,9,23.01,E,8,21.51,E,8,92.0,E,8,1008.6016999999999,E,8,999.0,E,8,0.63,E,8,-9900,?,9,-9900,?,9,0.014000000000000002,E,8,-9900,?,9,-9900,?,9,0.14,99.0,E,8
12/11/2016,03:00,0.0,1410.027,0.0,1,8,0.0,1,8,0.0,1,8,0.0,1,8,0.0,1,8,0.0,1,8,-0.0,1,8,-9900,?,9,-9900,?,9,22.77,E,8,21.47,E,8,93.0,E,8,1008.6016999999999,E,8,999.0,E,8,0.63,E,8,-9900,?,9,-9900,?,9,0.03,E,8,-9900,?,9,-9900,?,9,0.3,99.0,E,8
12/11/2016,04:00,0.0,1410.358,0.0,1,8,0.0,1,8,0.0,1,8,0.0,1,8,0.0,1,8,0.0,1,8,-0.0,1,8,-9900,?,9,-9900,?,9,22.52,E,8,21.42,E,8,94.0,E,8,1008.6016999999999,E,8,999.0,E,8,0.63,E,8,-9900,?,9,-9900,?,9,0.046,E,8,-9900,?,9,-9900,?,9,0.46,99.0,E,8
12/11/2016,05:00,0.0,1410.358,0.0,1,8,0.0,1,8,0.0,1,8,0.0,1,8,0.0,1,8,0.0,1,8,-0.0,1,8,-9900,?,9,-9900,?,9,22.3,E,8,21.37,E,8,95.0,E,8,1008.6016999999999,E,8,999.0,E,8,0.63,E,8,-9900,?,9,-9900,?,9,0.01,E,8,-9900,?,9,-9900,?,9,0.1,99.0,E,8
12/11/2016,06:00,149.36,1410.358,0.0,1,8,0.0,1,8,0.0,1,8,0.0,1,8,0.0,1,8,0.0,1,8,0.0,1,8,-9900,?,9,-9900,?,9,22.14,E,8,21.34,E,8,96.0,E,8,1008.6016999999999,E,8,999.0,E,8,0.63,E,8,-9900,?,9,-9900,?,9,0.003,E,8,-9900,?,9,-9900,?,9,0.03,99.0,E,8
12/11/2016,07:00,461.823,1410.358,84.15,1,8,0.0,1,8,84.15,1,8,10098.0,1,8,0.0,1,8,9256.5,1,8,81.999,1,8,-9900,?,9,-9900,?,9,21.98,E,8,21.31,E,8,92.0,E,8,1008.6016999999999,E,8,999.0,E,8,0.63,E,8,-9900,?,9,-9900,?,9,0.0,E,8,-9900,?,9,-9900,?,9,0.0,0.0,E,8
12/11/2016,08:00,758.202,1410.358,244.95,1,8,48.923,1,8,218.668,1,8,29394.0,1,8,4647.695,1,8,24053.491,1,8,129.567,1,8,-9900,?,9,-9900,?,9,23.68,E,8,21.64,E,8,86.0,E,8,1008.6016999999999,E,8,999.0,E,8,0.79,E,8,-9900,?,9,-9900,?,9,0.0,E,8,-9900,?,9,-9900,?,9,0.0,0.0,E,8
12/11/2016,09:00,1016.812,1410.358,401.87,1,8,67.512,1,8,353.21,1,8,48224.4,1,8,6413.639,1,8,38853.071,1,8,155.987,1,8,-9900,?,9,-9900,?,9,24.5,E,8,21.79,E,8,83.0,E,8,1008.6016999999999,E,8,999.0,E,8,0.99,E,8,-9900,?,9,-9900,?,9,0.0,E,8,-9900,?,9,-9900,?,9,0.0,0.0,E,8
12/11/2016,10:00,1219.842,1410.358,534.84,1,8,85.931,1,8,460.524,1,8,64180.8,1,8,8163.415,1,8,50657.69,1,8,169.501,1,8,-9900,?,9,-9900,?,9,25.25,E,8,21.93,E,8,80.0,E,8,1008.6016999999999,E,8,999.0,E,8,1.78,E,8,-9900,?,9,-9900,?,9,0.0,E,8,-9900,?,9,-9900,?,9,0.0,0.0,E,8
12/11/2016,11:00,1353.411,1410.358,632.49,1,8,83.32,1,8,552.536,1,8,75898.8,1,8,7915.413,1,8,60778.976,1,8,183.283,1,8,-9900,?,9,-9900,?,9,25.91,E,8,22.06,E,8,78.0,E,8,1008.6016999999999,E,8,999.0,E,8,2.2,E,8,-9900,?,9,-9900,?,9,0.0,E,8,-9900,?,9,-9900,?,9,0.0,0.0,E,8
12/11/2016,12:00,1408.404,1410.358,687.38,1,8,95.866,1,8,591.647,1,8,82485.6,1,8,9107.267,1,8,65081.16,1,8,188.588,1,8,-9900,?,9,-9900,?,9,26.44,E,8,22.15,E,8,76.0,E,8,1008.6016999999999,E,8,999.0,E,8,2.83,E,8,-9900,?,9,-9900,?,9,0.0,E,8,-9900,?,9,-9900,?,9,0.0,0.0,E,8
12/11/2016,13:00,1381.075,1410.358,695.43,1,8,110.63,1,8,587.098,1,8,83451.6,1,8,10509.854,1,8,64580.812,1,8,190.844,1,8,-9900,?,9,-9900,?,9,26.83,E,8,22.23,E,8,75.0,E,8,1008.6016999999999,E,8,999.0,E,8,2.97,E,8,-9900,?,9,-9900,?,9,0.0,E,8,-9900,?,9,-9900,?,9,0.0,0.0,E,8
12/11/2016,14:00,1273.294,1410.358,656.09,1,8,158.202,1,8,513.272,1,8,78730.8,1,8,15029.23,1,8,56459.894,1,8,180.978,1,8,-9900,?,9,-9900,?,9,27.07,E,8,22.27,E,8,74.0,E,8,1008.6016999999999,E,8,999.0,E,8,3.83,E,8,-9900,?,9,-9900,?,9,0.0,E,8,-9900,?,9,-9900,?,9,0.0,0.0,E,8
12/11/2016,15:00,1092.424,1410.358,572.23,1,8,190.749,1,8,424.51,1,8,68667.6,1,8,18121.193,1,8,46696.07,1,8,174.486,1,8,-9900,?,9,-9900,?,9,27.16,E,8,22.29,E,8,74.0,E,8,1008.6016999999999,E,8,999.0,E,8,4.31,E,8,-9900,?,9,-9900,?,9,0.0,E,8,-9900,?,9,-9900,?,9,0.0,0.0,E,8
12/11/2016,16:00,850.83,1410.358,450.16,1,8,312.707,1,8,261.609,1,8,54019.2,1,8,29707.204,1,8,28776.979,1,8,138.106,1,8,-9900,?,9,-9900,?,9,27.07,E,8,22.27,E,8,74.0,E,8,1008.6016999999999,E,8,999.0,E,8,3.73,E,8,-9900,?,9,-9900,?,9,0.0,E,8,-9900,?,9,-9900,?,9,0.0,0.0,E,8
12/11/2016,17:00,565.097,1410.358,299.78,1,8,384.456,1,8,145.972,1,8,35973.6,1,8,36523.279,1,8,16056.956,1,8,116.142,1,8,-9900,?,9,-9900,?,9,26.76,E,8,22.21,E,8,75.0,E,8,1008.6016999999999,E,8,999.0,E,8,3.11,E,8,-9900,?,9,-9900,?,9,0.0,E,8,-9900,?,9,-9900,?,9,0.0,0.0,E,8
12/11/2016,18:00,255.339,1410.358,136.82,1,8,435.792,1,8,58.573,1,8,16418.4,1,8,41400.245,1,8,6443.035,1,8,103.839,1,8,-9900,?,9,-9900,?,9,26.26,E,8,22.12,E,8,77.0,E,8,1008.6016999999999,E,8,999.0,E,8,2.53,E,8,-9900,?,9,-9900,?,9,0.0,E,8,-9900,?,9,-9900,?,9,0.0,0.0,E,8
12/11/2016,19:00,0.0,1410.358,7.64,1,8,0.0,1,8,0.0,1,8,916.8,1,8,0.0,1,8,0.0,1,8,-0.0,1,8,-9900,?,9,-9900,?,9,25.6,E,8,22.0,E,8,83.0,E,8,1008.6016999999999,E,8,999.0,E,8,1.9,E,8,-9900,?,9,-9900,?,9,0.004,E,8,-9900,?,9,-9900,?,9,0.04,99.0,E,8
12/11/2016,20:00,0.0,1410.358,0.0,1,8,0.0,1,8,0.0,1,8,0.0,1,8,0.0,1,8,0.0,1,8,-0.0,1,8,-9900,?,9,-9900,?,9,24.95,E,8,21.88,E,8,94.0,E,8,1008.6016999999999,E,8,999.0,E,8,1.45,E,8,-9900,?,9,-9900,?,9,1.279,E,8,-9900,?,9,-9900,?,9,12.79,99.0,E,8
12/11/2016,21:00,0.0,1410.358,0.0,1,8,0.0,1,8,0.0,1,8,0.0,1,8,0.0,1,8,0.0,1,8,-0.0,1,8,-9900,?,9,-9900,?,9,24.29,E,8,21.75,E,8,88.0,E,8,1008.6016999999999,E,8,999.0,E,8,0.72,E,8,-9900,?,9,-9900,?,9,0.006,E,8,-9900,?,9,-9900,?,9,0.06,99.0,E,8
12/11/2016,22:00,0.0,1410.358,0.0,1,8,0.0,1,8,0.0,1,8,0.0,1,8,0.0,1,8,0.0,1,8,-0.0,1,8,-9900,?,9,-9900,?,9,23.63,E,8,21.63,E,8,90.0,E,8,1008.6016999999999,E,8,999.0,E,8,0.63,E,8,-9900,?,9,-9900,?,9,0.086,E,8,-9900,?,9,-9900,?,9,0.86,99.0,E,8
12/11/2016,23:00,0.0,1410.358,0.0,1,8,0.0,1,8,0.0,1,8,0.0,1,8,0.0,1,8,0.0,1,8,-0.0,1,8,-9900,?,9,-9900,?,9,22.98,E,8,21.51,E,8,92.0,E,8,1008.6016999999999,E,8,999.0,E,8,0.63,E,8,-9900,?,9,-9900,?,9,0.001,E,8,-9900,?,9,-9900,?,9,0.01,99.0,E,8
12/11/2016,24:00,0.0,1410.358,0.0,1,8,0.0,1,8,0.0,1,8,0.0,1,8,0.0,1,8,0.0,1,8,-0.0,1,8,-9900,?,9,-9900,?,9,22.32,E,8,20.49,E,8,91.0,E,8,1008.6016999999999,E,8,999.0,E,8,0.8,E,8,-9900,?,9,-9900,?,9,0.198,E,8,-9900,?,9,-9900,?,9,1.98,99.0,E,8
12/12/2016,01:00,0.0,1410.358,0.0,1,8,0.0,1,8,0.0,1,8,0.0,1,8,0.0,1,8,0.0,1,8,-0.0,1,8,-9900,?,9,-9900,?,9,21.99,E,8,20.43,E,8,93.0,E,8,1008.6016999999999,E,8,999.0,E,8,0.8,E,8,-9900,?,9,-9900,?,9,0.11000000000000001,E,8,-9900,?,9,-9900,?,9,1.1,99.0,E,8
12/12/2016,02:00,0.0,1410.358,0.0,1,8,0.0,1,8,0.0,1,8,0.0,1,8,0.0,1,8,0.0,1,8,-0.0,1,8,-9900,?,9,-9900,?,9,21.66,E,8,20.37,E,8,99.0,E,8,1008.6016999999999,E,8,999.0,E,8,0.8,E,8,-9900,?,9,-9900,?,9,3.3880000000000003,E,8,-9900,?,9,-9900,?,9,33.88,99.0,E,8
12/12/2016,03:00,0.0,1410.358,0.0,1,8,0.0,1,8,0.0,1,8,0.0,1,8,0.0,1,8,0.0,1,8,-0.0,1,8,-9900,?,9,-9900,?,9,21.33,E,8,20.31,E,8,95.0,E,8,1008.6016999999999,E,8,999.0,E,8,0.8,E,8,-9900,?,9,-9900,?,9,0.143,E,8,-9900,?,9,-9900,?,9,1.43,99.0,E,8
12/12/2016,04:00,0.0,1410.675,0.0,1,8,0.0,1,8,0.0,1,8,0.0,1,8,0.0,1,8,0.0,1,8,-0.0,1,8,-9900,?,9,-9900,?,9,21.01,E,8,20.25,E,8,92.0,E,8,1008.6016999999999,E,8,999.0,E,8,0.8,E,8,-9900,?,9,-9900,?,9,0.087,E,8,-9900,?,9,-9900,?,9,0.87,99.0,E,8
12/12/2016,05:00,0.0,1410.675,0.0,1,8,0.0,1,8,0.0,1,8,0.0,1,8,0.0,1,8,0.0,1,8,-0.0,1,8,-9900,?,9,-9900,?,9,20.71,E,8,20.2,E,8,98.0,E,8,1008.6016999999999,E,8,999.0,E,8,0.8,E,8,-9900,?,9,-9900,?,9,0.319,E,8,-9900,?,9,-9900,?,9,3.19,99.0,E,8
12/12/2016,06:00,147.643,1410.675,0.0,1,8,0.0,1,8,0.0,1,8,0.0,1,8,0.0,1,8,0.0,1,8,0.0,1,8,-9900,?,9,-9900,?,9,20.5,E,8,20.16,E,8,95.0,E,8,1008.6016999999999,E,8,999.0,E,8,0.8,E,8,-9900,?,9,-9900,?,9,0.047,E,8,-9900,?,9,-9900,?,9,0.47,99.0,E,8
12/12/2016,07:00,460.019,1410.675,90.55,1,8,0.0,1,8,90.55,1,8,10866.0,1,8,0.0,1,8,9960.5,1,8,88.603,1,8,-9900,?,9,-9900,?,9,20.28,E,8,20.12,E,8,95.0,E,8,1008.6016999999999,E,8,999.0,E,8,0.8,E,8,-9900,?,9,-9900,?,9,0.011,E,8,-9900,?,9,-9900,?,9,0.11,99.0,E,8
12/12/2016,08:00,756.509,1410.675,131.31,1,8,0.0,1,8,131.31,1,8,15757.2,1,8,0.0,1,8,14444.1,1,8,77.997,1,8,-9900,?,9,-9900,?,9,21.99,E,8,20.43,E,8,88.0,E,8,1008.6016999999999,E,8,999.0,E,8,0.8,E,8,-9900,?,9,-9900,?,9,0.017,E,8,-9900,?,9,-9900,?,9,0.17,99.0,E,8
12/12/2016,09:00,1015.394,1410.675,436.27,1,8,113.753,1,8,354.414,1,8,52352.4,1,8,10806.544,1,8,38985.504,1,8,156.773,1,8,-9900,?,9,-9900,?,9,23.66,E,8,20.72,E,8,82.0,E,8,1008.6016999999999,E,8,999.0,E,8,0.8,E,8,-9900,?,9,-9900,?,9,0.004,E,8,-9900,?,9,-9900,?,9,0.04,99.0,E,8
12/12/2016,10:00,1218.843,1410.675,581.23,1,8,120.644,1,8,477.002,1,8,69747.6,1,8,11461.182,1,8,52470.251,1,8,175.749,1,8,-9900,?,9,-9900,?,9,25.05,E,8,20.96,E,8,76.0,E,8,1008.6016999999999,E,8,999.0,E,8,0.91,E,8,-9900,?,9,-9900,?,9,0.001,E,8,-9900,?,9,-9900,?,9,0.01,99.0,E,8
12/12/2016,11:00,1352.945,1410.675,687.83,1,8,117.072,1,8,575.552,1,8,82539.6,1,8,11121.85,1,8,63310.699,1,8,191.026,1,8,-9900,?,9,-9900,?,9,26.21,E,8,21.16,E,8,68.0,E,8,1008.6016999999999,E,8,999.0,E,8,2.26,E,8,-9900,?,9,-9900,?,9,0.0,E,8,-9900,?,9,-9900,?,9,0.0,0.0,E,8
12/12/2016,12:00,1408.549,1410.675,747.93,1,8,134.654,1,8,613.479,1,8,89751.6,1,8,12792.117,1,8,67482.712,1,8,195.571,1,8,-9900,?,9,-9900,?,9,27.14,E,8,21.32,E,8,70.0,E,8,1008.6016999999999,E,8,999.0,E,8,2.68,E,8,-9900,?,9,-9900,?,9,0.001,E,8,-9900,?,9,-9900,?,9,0.01,99.0,E,8
12/12/2016,13:00,1381.866,1410.675,757.1,1,8,154.906,1,8,605.359,1,8,90852.0,1,8,14716.091,1,8,66589.509,1,8,196.711,1,8,-9900,?,9,-9900,?,9,27.83,E,8,21.43,E,8,68.0,E,8,1008.6016999999999,E,8,999.0,E,8,3.62,E,8,-9900,?,9,-9900,?,9,0.002,E,8,-9900,?,9,-9900,?,9,0.02,99.0,E,8
12/12/2016,14:00,1274.722,1410.675,714.68,1,8,300.986,1,8,442.72,1,8,85761.6,1,8,28593.633,1,8,48699.158,1,8,155.962,1,8,-9900,?,9,-9900,?,9,28.26,E,8,21.51,E,8,66.0,E,8,1008.6016999999999,E,8,999.0,E,8,3.81,E,8,-9900,?,9,-9900,?,9,0.003,E,8,-9900,?,9,-9900,?,9,0.03,99.0,E,8
12/12/2016,15:00,1094.436,1410.675,623.78,1,8,358.761,1,8,345.498,1,8,74853.6,1,8,34082.318,1,8,38004.832,1,8,141.781,1,8,-9900,?,9,-9900,?,9,28.44,E,8,21.54,E,8,66.0,E,8,1008.6016999999999,E,8,999.0,E,8,3.81,E,8,-9900,?,9,-9900,?,9,0.008,E,8,-9900,?,9,-9900,?,9,0.08,99.0,E,8
12/12/2016,16:00,853.331,1410.675,491.22,1,8,422.271,1,8,235.914,1,8,58946.4,1,8,40115.746,1,8,25950.533,1,8,124.204,1,8,-9900,?,9,-9900,?,9,28.34,E,8,21.52,E,8,66.0,E,8,1008.6016999999999,E,8,999.0,E,8,3.33,E,8,-9900,?,9,-9900,?,9,0.006,E,8,-9900,?,9,-9900,?,9,0.06,99.0,E,8
12/12/2016,17:00,567.958,1410.675,327.77,1,8,504.169,1,8,125.09,1,8,39332.4,1,8,47896.088,1,8,13759.875,1,8,99.046,1,8,-9900,?,9,-9900,?,9,27.87,E,8,21.44,E,8,67.0,E,8,1008.6016999999999,E,8,999.0,E,8,2.92,E,8,-9900,?,9,-9900,?,9,0.014000000000000002,E,8,-9900,?,9,-9900,?,9,0.14,99.0,E,8
12/12/2016,18:00,258.392,1410.675,150.45,1,8,376.981,1,8,81.956,1,8,18054.0,1,8,35813.185,1,8,9015.121,1,8,143.58,1,8,-9900,?,9,-9900,?,9,27.09,E,8,21.31,E,8,70.0,E,8,1008.6016999999999,E,8,999.0,E,8,2.33,E,8,-9900,?,9,-9900,?,9,0.038,E,8,-9900,?,9,-9900,?,9,0.38,99.0,E,8
12/12/2016,19:00,0.0,1410.675,8.94,1,8,0.0,1,8,0.0,1,8,1072.8,1,8,0.0,1,8,0.0,1,8,-0.0,1,8,-9900,?,9,-9900,?,9,26.42,E,8,21.2,E,8,72.0,E,8,1008.6016999999999,E,8,999.0,E,8,1.85,E,8,-9900,?,9,-9900,?,9,0.06999999999999999,E,8,-9900,?,9,-9900,?,9,0.7,99.0,E,8
12/12/2016,20:00,0.0,1410.675,0.0,1,8,0.0,1,8,0.0,1,8,0.0,1,8,0.0,1,8,0.0,1,8,-0.0,1,8,-9900,?,9,-9900,?,9,25.75,E,8,21.08,E,8,74.0,E,8,1008.6016999999999,E,8,999.0,E,8,1.47,E,8,-9900,?,9,-9900,?,9,0.026000000000000002,E,8,-9900,?,9,-9900,?,9,0.26,99.0,E,8
12/12/2016,21:00,0.0,1410.675,0.0,1,8,0.0,1,8,0.0,1,8,0.0,1,8,0.0,1,8,0.0,1,8,-0.0,1,8,-9900,?,9,-9900,?,9,25.08,E,8,20.97,E,8,76.0,E,8,1008.6016999999999,E,8,999.0,E,8,0.8,E,8,-9900,?,9,-9900,?,9,0.031,E,8,-9900,?,9,-9900,?,9,0.31,99.0,E,8
12/12/2016,22:00,0.0,1410.675,0.0,1,8,0.0,1,8,0.0,1,8,0.0,1,8,0.0,1,8,0.0,1,8,-0.0,1,8,-9900,?,9,-9900,?,9,24.41,E,8,20.85,E,8,79.0,E,8,1008.6016999999999,E,8,999.0,E,8,0.8,E,8,-9900,?,9,-9900,?,9,0.056999999999999995,E,8,-9900,?,9,-9900,?,9,0.57,99.0,E,8
12/12/2016,23:00,0.0,1410.675,0.0,1,8,0.0,1,8,0.0,1,8,0.0,1,8,0.0,1,8,0.0,1,8,-0.0,1,8,-9900,?,9,-9900,?,9,23.73,E,8,20.73,E,8,81.0,E,8,1008.6016999999999,E,8,999.0,E,8,0.8,E,8,-9900,?,9,-9900,?,9,0.020999999999999998,E,8,-9900,?,9,-9900,?,9,0.21,99.0,E,8
12/12/2016,24:00,0.0,1410.675,0.0,1,8,0.0,1,8,0.0,1,8,0.0,1,8,0.0,1,8,0.0,1,8,-0.0,1,8,-9900,?,9,-9900,?,9,23.06,E,8,20.05,E,8,84.0,E,8,1008.6016999999999,E,8,999.0,E,8,1.3,E,8,-9900,?,9,-9900,?,9,0.038,E,8,-9900,?,9,-9900,?,9,0.38,99.0,E,8
12/13/2016,01:00,0.0,1410.675,0.0,1,8,0.0,1,8,0.0,1,8,0.0,1,8,0.0,1,8,0.0,1,8,-0.0,1,8,-9900,?,9,-9900,?,9,22.73,E,8,20.04,E,8,94.0,E,8,1008.6016999999999,E,8,999.0,E,8,1.3,E,8,-9900,?,9,-9900,?,9,1.124,E,8,-9900,?,9,-9900,?,9,11.24,99.0,E,8
12/13/2016,02:00,0.0,1410.675,0.0,1,8,0.0,1,8,0.0,1,8,0.0,1,8,0.0,1,8,0.0,1,8,-0.0,1,8,-9900,?,9,-9900,?,9,22.39,E,8,20.03,E,8,87.0,E,8,1008.6016999999999,E,8,999.0,E,8,1.3,E,8,-9900,?,9,-9900,?,9,0.024,E,8,-9900,?,9,-9900,?,9,0.24,99.0,E,8
12/13/2016,03:00,0.0,1410.675,0.0,1,8,0.0,1,8,0.0,1,8,0.0,1,8,0.0,1,8,0.0,1,8,-0.0,1,8,-9900,?,9,-9900,?,9,22.06,E,8,20.02,E,8,88.0,E,8,1008.6016999999999,E,8,999.0,E,8,1.3,E,8,-9900,?,9,-9900,?,9,0.007000000000000001,E,8,-9900,?,9,-9900,?,9,0.07,99.0,E,8
12/13/2016,04:00,0.0,1410.979,0.0,1,8,0.0,1,8,0.0,1,8,0.0,1,8,0.0,1,8,0.0,1,8,-0.0,1,8,-9900,?,9,-9900,?,9,21.72,E,8,20.01,E,8,90.0,E,8,1008.6016999999999,E,8,999.0,E,8,1.3,E,8,-9900,?,9,-9900,?,9,0.004,E,8,-9900,?,9,-9900,?,9,0.04,99.0,E,8
12/13/2016,05:00,0.0,1410.979,0.0,1,8,0.0,1,8,0.0,1,8,0.0,1,8,0.0,1,8,0.0,1,8,-0.0,1,8,-9900,?,9,-9900,?,9,21.42,E,8,20.01,E,8,87.0,E,8,1008.6016999999999,E,8,999.0,E,8,1.3,E,8,-9900,?,9,-9900,?,9,0.0,E,8,-9900,?,9,-9900,?,9,0.0,0.0,E,8
12/13/2016,06:00,145.833,1410.979,0.0,1,8,0.0,1,8,0.0,1,8,0.0,1,8,0.0,1,8,0.0,1,8,0.0,1,8,-9900,?,9,-9900,?,9,21.2,E,8,20.0,E,8,88.0,E,8,1008.6016999999999,E,8,999.0,E,8,1.3,E,8,-9900,?,9,-9900,?,9,0.0,E,8,-9900,?,9,-9900,?,9,0.0,0.0,E,8
12/13/2016,07:00,458.135,1410.979,62.58,1,8,0.0,1,8,62.58,1,8,7509.6,1,8,0.0,1,8,6883.8,1,8,61.501,1,8,-9900,?,9,-9900,?,9,20.98,E,8,19.99,E,8,89.0,E,8,1008.6016999999999,E,8,999.0,E,8,1.3,E,8,-9900,?,9,-9900,?,9,0.0,E,8,-9900,?,9,-9900,?,9,0.0,0.0,E,8
12/13/2016,08:00,754.75,1410.979,184.77,1,8,7.931,1,8,180.53,1,8,22172.4,1,8,753.483,1,8,19858.354,1,8,107.507,1,8,-9900,?,9,-9900,?,9,22.59,E,8,20.04,E,8,82.0,E,8,1008.6016999999999,E,8,999.0,E,8,1.3,E,8,-9900,?,9,-9900,?,9,0.0,E,8,-9900,?,9,-9900,?,9,0.0,0.0,E,8
12/13/2016,09:00,1013.925,1410.979,304.38,1,8,22.656,1,8,288.104,1,8,36525.6,1,8,2152.274,1,8,31691.473,1,8,127.654,1,8,-9900,?,9,-9900,?,9,23.37,E,8,20.06,E,8,83.0,E,8,1008.6016999999999,E,8,999.0,E,8,1.31,E,8,-9900,?,9,-9900,?,9,0.003,E,8,-9900,?,9,-9900,?,9,0.03,99.0,E,8
12/13/2016,10:00,1217.806,1410.979,405.94,1,8,29.871,1,8,380.162,1,8,48712.8,1,8,2837.702,1,8,41817.767,1,8,140.218,1,8,-9900,?,9,-9900,?,9,24.09,E,8,20.08,E,8,80.0,E,8,1008.6016999999999,E,8,999.0,E,8,1.92,E,8,-9900,?,9,-9900,?,9,0.011,E,8,-9900,?,9,-9900,?,9,0.11,99.0,E,8
12/13/2016,11:00,1352.454,1410.979,480.74,1,8,48.692,1,8,434.069,1,8,57688.8,1,8,4625.753,1,8,47747.562,1,8,144.151,1,8,-9900,?,9,-9900,?,9,24.71,E,8,20.1,E,8,74.0,E,8,1008.6016999999999,E,8,999.0,E,8,1.99,E,8,-9900,?,9,-9900,?,9,0.0,E,8,-9900,?,9,-9900,?,9,0.0,0.0,E,8
12/13/2016,12:00,1408.678,1410.979,523.04,1,8,54.432,1,8,468.697,1,8,62764.8,1,8,5171.047,1,8,51556.64,1,8,149.435,1,8,-9900,?,9,-9900,?,9,25.22,E,8,20.12,E,8,72.0,E,8,1008.6016999999999,E,8,999.0,E,8,2.31,E,8,-9900,?,9,-9900,?,9,0.0,E,8,-9900,?,9,-9900,?,9,0.0,0.0,E,8
12/13/2016,13:00,1382.647,1410.979,529.74,1,8,62.083,1,8,468.904,1,8,63568.8,1,8,5897.877,1,8,51579.483,1,8,152.317,1,8,-9900,?,9,-9900,?,9,25.6,E,8,20.13,E,8,71.0,E,8,1008.6016999999999,E,8,999.0,E,8,2.58,E,8,-9900,?,9,-9900,?,9,0.0,E,8,-9900,?,9,-9900,?,9,0.0,0.0,E,8
12/13/2016,14:00,1276.143,1410.979,500.35,1,8,72.664,1,8,434.634,1,8,60042.0,1,8,6903.079,1,8,47809.764,1,8,152.976,1,8,-9900,?,9,-9900,?,9,25.83,E,8,20.14,E,8,74.0,E,8,1008.6016999999999,E,8,999.0,E,8,2.77,E,8,-9900,?,9,-9900,?,9,0.001,E,8,-9900,?,9,-9900,?,9,0.01,99.0,E,8
12/13/2016,15:00,1096.438,1410.979,437.02,1,8,63.968,1,8,387.322,1,8,52442.4,1,8,6076.917,1,8,42605.41,1,8,158.687,1,8,-9900,?,9,-9900,?,9,25.92,E,8,20.14,E,8,74.0,E,8,1008.6016999999999,E,8,999.0,E,8,2.49,E,8,-9900,?,9,-9900,?,9,0.001,E,8,-9900,?,9,-9900,?,9,0.01,99.0,E,8
12/13/2016,16:00,855.818,1410.979,344.51,1,8,66.684,1,8,304.084,1,8,41341.2,1,8,6334.983,1,8,33449.209,1,8,159.662,1,8,-9900,?,9,-9900,?,9,25.84,E,8,20.14,E,8,70.0,E,8,1008.6016999999999,E,8,999.0,E,8,2.16,E,8,-9900,?,9,-9900,?,9,0.0,E,8,-9900,?,9,-9900,?,9,0.0,0.0,E,8
12/13/2016,17:00,570.796,1410.979,230.31,1,8,131.5,1,8,177.192,1,8,27637.2,1,8,12492.524,1,8,19491.145,1,8,139.631,1,8,-9900,?,9,-9900,?,9,25.55,E,8,20.13,E,8,75.0,E,8,1008.6016999999999,E,8,999.0,E,8,2.27,E,8,-9900,?,9,-9900,?,9,0.016,E,8,-9900,?,9,-9900,?,9,0.16,99.0,E,8
12/13/2016,18:00,261.411,1410.979,106.3,1,8,244.104,1,8,61.432,1,8,12756.0,1,8,23189.923,1,8,6757.47,1,8,106.384,1,8,-9900,?,9,-9900,?,9,25.08,E,8,20.11,E,8,73.0,E,8,1008.6016999999999,E,8,999.0,E,8,1.48,E,8,-9900,?,9,-9900,?,9,0.0,E,8,-9900,?,9,-9900,?,9,0.0,0.0,E,8
12/13/2016,19:00,0.0,1410.979,6.7,1,8,0.0,1,8,0.0,1,8,804.0,1,8,0.0,1,8,0.0,1,8,-0.0,1,8,-9900,?,9,-9900,?,9,24.6,E,8,20.1,E,8,74.0,E,8,1008.6016999999999,E,8,999.0,E,8,1.3,E,8,-9900,?,9,-9900,?,9,0.0,E,8,-9900,?,9,-9900,?,9,0.0,0.0,E,8
12/13/2016,20:00,0.0,1410.979,0.0,1,8,0.0,1,8,0.0,1,8,0.0,1,8,0.0,1,8,0.0,1,8,-0.0,1,8,-9900,?,9,-9900,?,9,24.13,E,8,20.09,E,8,76.0,E,8,1008.6016999999999,E,8,999.0,E,8,1.3,E,8,-9900,?,9,-9900,?,9,0.0,E,8,-9900,?,9,-9900,?,9,0.0,0.0,E,8
12/13/2016,21:00,0.0,1410.979,0.0,1,8,0.0,1,8,0.0,1,8,0.0,1,8,0.0,1,8,0.0,1,8,-0.0,1,8,-9900,?,9,-9900,?,9,23.65,E,8,20.07,E,8,78.0,E,8,1008.6016999999999,E,8,999.0,E,8,1.3,E,8,-9900,?,9,-9900,?,9,0.0,E,8,-9900,?,9,-9900,?,9,0.0,0.0,E,8
12/13/2016,22:00,0.0,1410.979,0.0,1,8,0.0,1,8,0.0,1,8,0.0,1,8,0.0,1,8,0.0,1,8,-0.0,1,8,-9900,?,9,-9900,?,9,23.17,E,8,20.06,E,8,84.0,E,8,1008.6016999999999,E,8,999.0,E,8,1.3,E,8,-9900,?,9,-9900,?,9,0.071,E,8,-9900,?,9,-9900,?,9,0.71,99.0,E,8
12/13/2016,23:00,0.0,1410.979,0.0,1,8,0.0,1,8,0.0,1,8,0.0,1,8,0.0,1,8,0.0,1,8,-0.0,1,8,-9900,?,9,-9900,?,9,22.7,E,8,20.04,E,8,81.0,E,8,1008.6016999999999,E,8,999.0,E,8,1.3,E,8,-9900,?,9,-9900,?,9,0.0,E,8,-9900,?,9,-9900,?,9,0.0,0.0,E,8
12/13/2016,24:00,0.0,1410.979,0.0,1,8,0.0,1,8,0.0,1,8,0.0,1,8,0.0,1,8,0.0,1,8,-0.0,1,8,-9900,?,9,-9900,?,9,22.22,E,8,20.05,E,8,89.0,E,8,1008.6016999999999,E,8,999.0,E,8,0.8,E,8,-9900,?,9,-9900,?,9,0.002,E,8,-9900,?,9,-9900,?,9,0.02,99.0,E,8
12/14/2016,01:00,0.0,1410.979,0.0,1,8,0.0,1,8,0.0,1,8,0.0,1,8,0.0,1,8,0.0,1,8,-0.0,1,8,-9900,?,9,-9900,?,9,21.98,E,8,20.04,E,8,85.0,E,8,1008.6016999999999,E,8,999.0,E,8,0.8,E,8,-9900,?,9,-9900,?,9,0.0,E,8,-9900,?,9,-9900,?,9,0.0,0.0,E,8
12/14/2016,02:00,0.0,1410.979,0.0,1,8,0.0,1,8,0.0,1,8,0.0,1,8,0.0,1,8,0.0,1,8,-0.0,1,8,-9900,?,9,-9900,?,9,21.74,E,8,20.03,E,8,86.0,E,8,1008.6016999999999,E,8,999.0,E,8,0.8,E,8,-9900,?,9,-9900,?,9,0.0,E,8,-9900,?,9,-9900,?,9,0.0,0.0,E,8
12/14/2016,03:00,0.0,1410.979,0.0,1,8,0.0,1,8,0.0,1,8,0.0,1,8,0.0,1,8,0.0,1,8,-0.0,1,8,-9900,?,9,-9900,?,9,21.5,E,8,20.02,E,8,92.0,E,8,1008.6016999999999,E,8,999.0,E,8,0.8,E,8,-9900,?,9,-9900,?,9,0.001,E,8,-9900,?,9,-9900,?,9,0.01,99.0,E,8
12/14/2016,04:00,0.0,1411.268,0.0,1,8,0.0,1,8,0.0,1,8,0.0,1,8,0.0,1,8,0.0,1,8,-0.0,1,8,-9900,?,9,-9900,?,9,21.27,E,8,20.01,E,8,93.0,E,8,1008.6016999999999,E,8,999.0,E,8,0.8,E,8,-9900,?,9,-9900,?,9,0.009,E,8,-9900,?,9,-9900,?,9,0.09,99.0,E,8
12/14/2016,05:00,0.0,1411.268,0.0,1,8,0.0,1,8,0.0,1,8,0.0,1,8,0.0,1,8,0.0,1,8,-0.0,1,8,-9900,?,9,-9900,?,9,21.06,E,8,20.0,E,8,90.0,E,8,1008.6016999999999,E,8,999.0,E,8,0.8,E,8,-9900,?,9,-9900,?,9,0.0,E,8,-9900,?,9,-9900,?,9,0.0,0.0,E,8
12/14/2016,06:00,143.933,1411.268,0.0,1,8,0.0,1,8,0.0,1,8,0.0,1,8,0.0,1,8,0.0,1,8,0.0,1,8,-9900,?,9,-9900,?,9,20.9,E,8,19.99,E,8,95.0,E,8,1008.6016999999999,E,8,999.0,E,8,0.8,E,8,-9900,?,9,-9900,?,9,0.001,E,8,-9900,?,9,-9900,?,9,0.01,99.0,E,8
12/14/2016,07:00,456.172,1411.268,65.74,1,8,0.0,1,8,65.74,1,8,7888.8,1,8,0.0,1,8,7231.4,1,8,64.899,1,8,-9900,?,9,-9900,?,9,20.74,E,8,19.99,E,8,91.0,E,8,1008.6016999999999,E,8,999.0,E,8,0.8,E,8,-9900,?,9,-9900,?,9,0.0,E,8,-9900,?,9,-9900,?,9,0.0,0.0,E,8
12/14/2016,08:00,752.927,1411.268,195.62,1,8,13.402,1,8,188.475,1,8,23474.4,1,8,1273.167,1,8,20732.281,1,8,112.533,1,8,-9900,?,9,-9900,?,9,22.66,E,8,20.06,E,8,82.0,E,8,1008.6016999999999,E,8,999.0,E,8,0.8,E,8,-9900,?,9,-9900,?,9,0.0,E,8,-9900,?,9,-9900,?,9,0.0,0.0,E,8
12/14/2016,09:00,1012.406,1411.268,322.97,1,8,29.012,1,8,302.163,1,8,38756.4,1,8,2756.164,1,8,33237.947,1,8,134.112,1,8,-9900,?,9,-9900,?,9,23.6,E,8,20.1,E,8,78.0,E,8,1008.6016999999999,E,8,999.0,E,8,0.8,E,8,-9900,?,9,-9900,?,9,0.0,E,8,-9900,?,9,-9900,?,9,0.0,0.0,E,8
12/14/2016,10:00,1216.734,1411.268,431.21,1,8,37.504,1,8,398.879,1,8,51745.2,1,8,3562.892,1,8,43876.674,1,8,147.282,1,8,-9900,?,9,-9900,?,9,24.47,E,8,20.14,E,8,75.0,E,8,1008.6016999999999,E,8,999.0,E,8,1.32,E,8,-9900,?,9,-9900,?,9,0.0,E,8,-9900,?,9,-9900,?,9,0.0,0.0,E,8
12/14/2016,11:00,1351.938,1411.268,511.04,1,8,61.108,1,8,452.502,1,8,61324.8,1,8,5805.295,1,8,49775.24,1,8,150.361,1,8,-9900,?,9,-9900,?,9,25.23,E,8,20.17,E,8,72.0,E,8,1008.6016999999999,E,8,999.0,E,8,2.52,E,8,-9900,?,9,-9900,?,9,0.0,E,8,-9900,?,9,-9900,?,9,0.0,0.0,E,8
12/14/2016,12:00,1408.792,1411.268,556.34,1,8,68.656,1,8,487.805,1,8,66760.8,1,8,6522.275,1,8,53658.553,1,8,155.546,1,8,-9900,?,9,-9900,?,9,25.84,E,8,20.19,E,8,70.0,E,8,1008.6016999999999,E,8,999.0,E,8,2.95,E,8,-9900,?,9,-9900,?,9,0.0,E,8,-9900,?,9,-9900,?,9,0.0,0.0,E,8
12/14/2016,13:00,1383.419,1411.268,563.77,1,8,89.245,1,8,476.287,1,8,67652.4,1,8,8478.315,1,8,52391.542,1,8,154.661,1,8,-9900,?,9,-9900,?,9,26.3,E,8,20.21,E,8,68.0,E,8,1008.6016999999999,E,8,999.0,E,8,3.29,E,8,-9900,?,9,-9900,?,9,0.0,E,8,-9900,?,9,-9900,?,9,0.0,0.0,E,8
12/14/2016,14:00,1277.555,1411.268,532.8,1,8,59.093,1,8,479.309,1,8,63936.0,1,8,5613.848,1,8,52724.013,1,8,168.548,1,8,-9900,?,9,-9900,?,9,26.58,E,8,20.22,E,8,67.0,E,8,1008.6016999999999,E,8,999.0,E,8,3.27,E,8,-9900,?,9,-9900,?,9,0.0,E,8,-9900,?,9,-9900,?,9,0.0,0.0,E,8
12/14/2016,15:00,1098.43,1411.268,465.69,1,8,82.148,1,8,401.764,1,8,55882.8,1,8,7804.032,1,8,44194.076,1,8,164.339,1,8,-9900,?,9,-9900,?,9,26.7,E,8,20.22,E,8,71.0,E,8,1008.6016999999999,E,8,999.0,E,8,3.59,E,8,-9900,?,9,-9900,?,9,0.004,E,8,-9900,?,9,-9900,?,9,0.04,99.0,E,8
12/14/2016,16:00,858.288,1411.268,367.49,1,8,85.792,1,8,315.34,1,8,44098.8,1,8,8150.26,1,8,34687.401,1,8,165.129,1,8,-9900,?,9,-9900,?,9,26.6,E,8,20.22,E,8,72.0,E,8,1008.6016999999999,E,8,999.0,E,8,3.22,E,8,-9900,?,9,-9900,?,9,0.05500000000000001,E,8,-9900,?,9,-9900,?,9,0.55,99.0,E,8
12/14/2016,17:00,573.608,1411.268,246.14,1,8,168.296,1,8,177.837,1,8,29536.8,1,8,15988.15,1,8,19562.059,1,8,139.478,1,8,-9900,?,9,-9900,?,9,26.25,E,8,20.21,E,8,82.0,E,8,1008.6016999999999,E,8,999.0,E,8,2.9,E,8,-9900,?,9,-9900,?,9,1.4300000000000002,E,8,-9900,?,9,-9900,?,9,14.3,99.0,E,8
12/14/2016,18:00,264.393,1411.268,114.22,1,8,299.984,1,8,58.453,1,8,13706.4,1,8,28498.52,1,8,6429.84,1,8,100.087,1,8,-9900,?,9,-9900,?,9,25.68,E,8,20.18,E,8,75.0,E,8,1008.6016999999999,E,8,999.0,E,8,2.51,E,8,-9900,?,9,-9900,?,9,0.025,E,8,-9900,?,9,-9900,?,9,0.25,99.0,E,8
12/14/2016,19:00,0.0,1411.268,7.61,1,8,0.0,1,8,0.0,1,8,913.2,1,8,0.0,1,8,0.0,1,8,-0.0,1,8,-9900,?,9,-9900,?,9,25.1,E,8,20.16,E,8,81.0,E,8,1008.6016999999999,E,8,999.0,E,8,2.03,E,8,-9900,?,9,-9900,?,9,0.1,E,8,-9900,?,9,-9900,?,9,1.0,99.0,E,8
12/14/2016,20:00,0.0,1411.268,0.0,1,8,0.0,1,8,0.0,1,8,0.0,1,8,0.0,1,8,0.0,1,8,-0.0,1,8,-9900,?,9,-9900,?,9,24.52,E,8,20.14,E,8,79.0,E,8,1008.6016999999999,E,8,999.0,E,8,1.45,E,8,-9900,?,9,-9900,?,9,0.018,E,8,-9900,?,9,-9900,?,9,0.18,99.0,E,8
12/14/2016,21:00,0.0,1411.268,0.0,1,8,0.0,1,8,0.0,1,8,0.0,1,8,0.0,1,8,0.0,1,8,-0.0,1,8,-9900,?,9,-9900,?,9,23.95,E,8,20.11,E,8,81.0,E,8,1008.6016999999999,E,8,999.0,E,8,0.8,E,8,-9900,?,9,-9900,?,9,0.036,E,8,-9900,?,9,-9900,?,9,0.36,99.0,E,8
12/14/2016,22:00,0.0,1411.268,0.0,1,8,0.0,1,8,0.0,1,8,0.0,1,8,0.0,1,8,0.0,1,8,-0.0,1,8,-9900,?,9,-9900,?,9,23.37,E,8,20.09,E,8,84.0,E,8,1008.6016999999999,E,8,999.0,E,8,0.8,E,8,-9900,?,9,-9900,?,9,0.013000000000000001,E,8,-9900,?,9,-9900,?,9,0.13,99.0,E,8
12/14/2016,23:00,0.0,1411.268,0.0,1,8,0.0,1,8,0.0,1,8,0.0,1,8,0.0,1,8,0.0,1,8,-0.0,1,8,-9900,?,9,-9900,?,9,22.79,E,8,20.07,E,8,86.0,E,8,1008.6016999999999,E,8,999.0,E,8,0.8,E,8,-9900,?,9,-9900,?,9,0.006,E,8,-9900,?,9,-9900,?,9,0.06,99.0,E,8
12/14/2016,24:00,0.0,1411.268,0.0,1,8,0.0,1,8,0.0,1,8,0.0,1,8,0.0,1,8,0.0,1,8,-0.0,1,8,-9900,?,9,-9900,?,9,22.21,E,8,19.78,E,8,85.0,E,8,1008.6016999999999,E,8,999.0,E,8,1.22,E,8,-9900,?,9,-9900,?,9,0.0,E,8,-9900,?,9,-9900,?,9,0.0,0.0,E,8
12/15/2016,01:00,0.0,1411.268,0.0,1,8,0.0,1,8,0.0,1,8,0.0,1,8,0.0,1,8,0.0,1,8,-0.0,1,8,-9900,?,9,-9900,?,9,21.93,E,8,19.7,E,8,91.0,E,8,1008.6016999999999,E,8,999.0,E,8,1.22,E,8,-9900,?,9,-9900,?,9,0.001,E,8,-9900,?,9,-9900,?,9,0.01,99.0,E,8
12/15/2016,02:00,0.0,1411.268,0.0,1,8,0.0,1,8,0.0,1,8,0.0,1,8,0.0,1,8,0.0,1,8,-0.0,1,8,-9900,?,9,-9900,?,9,21.64,E,8,19.62,E,8,92.0,E,8,1008.6016999999999,E,8,999.0,E,8,1.22,E,8,-9900,?,9,-9900,?,9,0.001,E,8,-9900,?,9,-9900,?,9,0.01,99.0,E,8
12/15/2016,03:00,0.0,1411.268,0.0,1,8,0.0,1,8,0.0,1,8,0.0,1,8,0.0,1,8,0.0,1,8,-0.0,1,8,-9900,?,9,-9900,?,9,21.35,E,8,19.53,E,8,89.0,E,8,1008.6016999999999,E,8,999.0,E,8,1.22,E,8,-9900,?,9,-9900,?,9,0.0,E,8,-9900,?,9,-9900,?,9,0.0,0.0,E,8
12/15/2016,04:00,0.0,1411.544,0.0,1,8,0.0,1,8,0.0,1,8,0.0,1,8,0.0,1,8,0.0,1,8,-0.0,1,8,-9900,?,9,-9900,?,9,21.06,E,8,19.44,E,8,90.0,E,8,1008.6016999999999,E,8,999.0,E,8,1.22,E,8,-9900,?,9,-9900,?,9,0.0,E,8,-9900,?,9,-9900,?,9,0.0,0.0,E,8
12/15/2016,05:00,0.0,1411.544,0.0,1,8,0.0,1,8,0.0,1,8,0.0,1,8,0.0,1,8,0.0,1,8,-0.0,1,8,-9900,?,9,-9900,?,9,20.8,E,8,19.36,E,8,91.0,E,8,1008.6016999999999,E,8,999.0,E,8,1.22,E,8,-9900,?,9,-9900,?,9,0.0,E,8,-9900,?,9,-9900,?,9,0.0,0.0,E,8
12/15/2016,06:00,141.945,1411.544,0.0,1,8,0.0,1,8,0.0,1,8,0.0,1,8,0.0,1,8,0.0,1,8,0.0,1,8,-9900,?,9,-9900,?,9,20.61,E,8,19.31,E,8,91.0,E,8,1008.6016999999999,E,8,999.0,E,8,1.22,E,8,-9900,?,9,-9900,?,9,0.0,E,8,-9900,?,9,-9900,?,9,0.0,0.0,E,8
12/15/2016,07:00,454.132,1411.544,87.89,1,8,0.0,1,8,87.89,1,8,10546.8,1,8,0.0,1,8,9667.9,1,8,87.175,1,8,-9900,?,9,-9900,?,9,20.42,E,8,19.25,E,8,92.0,E,8,1008.6016999999999,E,8,999.0,E,8,1.22,E,8,-9900,?,9,-9900,?,9,0.0,E,8,-9900,?,9,-9900,?,9,0.0,0.0,E,8
12/15/2016,08:00,751.041,1411.544,263.67,1,8,73.301,1,8,224.698,1,8,31640.4,1,8,6963.611,1,8,24716.726,1,8,134.524,1,8,-9900,?,9,-9900,?,9,22.57,E,8,19.89,E,8,84.0,E,8,1008.6016999999999,E,8,999.0,E,8,1.22,E,8,-9900,?,9,-9900,?,9,0.0,E,8,-9900,?,9,-9900,?,9,0.0,0.0,E,8
12/15/2016,09:00,1010.839,1411.544,436.32,1,8,97.454,1,8,366.551,1,8,52358.4,1,8,9258.088,1,8,40320.579,1,8,162.974,1,8,-9900,?,9,-9900,?,9,23.62,E,8,20.19,E,8,80.0,E,8,1008.6016999999999,E,8,999.0,E,8,1.22,E,8,-9900,?,9,-9900,?,9,0.0,E,8,-9900,?,9,-9900,?,9,0.0,0.0,E,8
12/15/2016,10:00,1215.627,1411.544,583.23,1,8,124.033,1,8,476.423,1,8,69987.6,1,8,11783.175,1,8,52406.516,1,8,176.109,1,8,-9900,?,9,-9900,?,9,24.6,E,8,20.47,E,8,77.0,E,8,1008.6016999999999,E,8,999.0,E,8,1.22,E,8,-9900,?,9,-9900,?,9,0.0,E,8,-9900,?,9,-9900,?,9,0.0,0.0,E,8
12/15/2016,11:00,1351.4,1411.544,691.72,1,8,120.548,1,8,576.312,1,8,83006.4,1,8,11452.042,1,8,63394.285,1,8,191.615,1,8,-9900,?,9,-9900,?,9,25.45,E,8,20.71,E,8,75.0,E,8,1008.6016999999999,E,8,999.0,E,8,1.22,E,8,-9900,?,9,-9900,?,9,0.0,E,8,-9900,?,9,-9900,?,9,0.0,0.0,E,8
12/15/2016,12:00,1408.891,1411.544,753.49,1,8,138.688,1,8,615.063,1,8,90418.8,1,8,13175.323,1,8,67656.956,1,8,196.15,1,8,-9900,?,9,-9900,?,9,26.15,E,8,20.9,E,8,72.0,E,8,1008.6016999999999,E,8,999.0,E,8,1.48,E,8,-9900,?,9,-9900,?,9,0.0,E,8,-9900,?,9,-9900,?,9,0.0,0.0,E,8
12/15/2016,13:00,1384.18,1411.544,763.98,1,8,159.441,1,8,607.632,1,8,91677.6,1,8,15146.91,1,8,66839.466,1,8,197.241,1,8,-9900,?,9,-9900,?,9,26.66,E,8,21.04,E,8,71.0,E,8,1008.6016999999999,E,8,999.0,E,8,1.92,E,8,-9900,?,9,-9900,?,9,0.0,E,8,-9900,?,9,-9900,?,9,0.0,0.0,E,8
12/15/2016,14:00,1278.959,1411.544,722.42,1,8,309.312,1,8,442.179,1,8,86690.4,1,8,29384.64,1,8,48639.726,1,8,155.351,1,8,-9900,?,9,-9900,?,9,26.98,E,8,21.13,E,8,70.0,E,8,1008.6016999999999,E,8,999.0,E,8,2.99,E,8,-9900,?,9,-9900,?,9,0.0,E,8,-9900,?,9,-9900,?,9,0.0,0.0,E,8
12/15/2016,15:00,1100.411,1411.544,631.87,1,8,367.776,1,8,345.214,1,8,75824.4,1,8,34938.732,1,8,37973.491,1,8,140.981,1,8,-9900,?,9,-9900,?,9,27.11,E,8,21.16,E,8,69.0,E,8,1008.6016999999999,E,8,999.0,E,8,3.3,E,8,-9900,?,9,-9900,?,9,0.0,E,8,-9900,?,9,-9900,?,9,0.0,0.0,E,8
12/15/2016,16:00,860.74,1411.544,499.13,1,8,431.345,1,8,236.232,1,8,59895.6,1,8,40977.761,1,8,25985.528,1,8,123.375,1,8,-9900,?,9,-9900,?,9,27.01,E,8,21.14,E,8,70.0,E,8,1008.6016999999999,E,8,999.0,E,8,3.51,E,8,-9900,?,9,-9900,?,9,0.0,E,8,-9900,?,9,-9900,?,9,0.0,0.0,E,8
12/15/2016,17:00,576.393,1411.544,334.94,1,8,512.253,1,8,126.07,1,8,40192.8,1,8,48663.994,1,8,13867.73,1,8,98.417,1,8,-9900,?,9,-9900,?,9,26.61,E,8,21.03,E,8,71.0,E,8,1008.6016999999999,E,8,999.0,E,8,3.13,E,8,-9900,?,9,-9900,?,9,0.0,E,8,-9900,?,9,-9900,?,9,0.0,0.0,E,8
12/15/2016,18:00,267.336,1411.544,156.24,1,8,380.04,1,8,84.807,1,8,18748.8,1,8,36103.771,1,8,9328.72,1,8,143.617,1,8,-9900,?,9,-9900,?,9,25.98,E,8,20.86,E,8,78.0,E,8,1008.6016999999999,E,8,999.0,E,8,2.06,E,8,-9900,?,9,-9900,?,9,0.002,E,8,-9900,?,9,-9900,?,9,0.02,99.0,E,8
12/15/2016,19:00,0.0,1411.544,10.97,1,8,0.0,1,8,0.0,1,8,1316.4,1,8,0.0,1,8,0.0,1,8,-0.0,1,8,-9900,?,9,-9900,?,9,25.32,E,8,20.67,E,8,75.0,E,8,1008.6016999999999,E,8,999.0,E,8,1.47,E,8,-9900,?,9,-9900,?,9,0.0,E,8,-9900,?,9,-9900,?,9,0.0,0.0,E,8
12/15/2016,20:00,0.0,1411.544,0.0,1,8,0.0,1,8,0.0,1,8,0.0,1,8,0.0,1,8,0.0,1,8,-0.0,1,8,-9900,?,9,-9900,?,9,24.66,E,8,20.49,E,8,87.0,E,8,1008.6016999999999,E,8,999.0,E,8,1.26,E,8,-9900,?,9,-9900,?,9,0.183,E,8,-9900,?,9,-9900,?,9,1.83,99.0,E,8
12/15/2016,21:00,0.0,1411.544,0.0,1,8,0.0,1,8,0.0,1,8,0.0,1,8,0.0,1,8,0.0,1,8,-0.0,1,8,-9900,?,9,-9900,?,9,24.0,E,8,20.3,E,8,84.0,E,8,1008.6016999999999,E,8,999.0,E,8,1.22,E,8,-9900,?,9,-9900,?,9,0.004,E,8,-9900,?,9,-9900,?,9,0.04,99.0,E,8
12/15/2016,22:00,0.0,1411.544,0.0,1,8,0.0,1,8,0.0,1,8,0.0,1,8,0.0,1,8,0.0,1,8,-0.0,1,8,-9900,?,9,-9900,?,9,23.34,E,8,20.11,E,8,86.0,E,8,1008.6016999999999,E,8,999.0,E,8,1.22,E,8,-9900,?,9,-9900,?,9,0.009,E,8,-9900,?,9,-9900,?,9,0.09,99.0,E,8
12/15/2016,23:00,0.0,1411.544,0.0,1,8,0.0,1,8,0.0,1,8,0.0,1,8,0.0,1,8,0.0,1,8,-0.0,1,8,-9900,?,9,-9900,?,9,22.69,E,8,19.92,E,8,84.0,E,8,1008.6016999999999,E,8,999.0,E,8,1.22,E,8,-9900,?,9,-9900,?,9,0.0,E,8,-9900,?,9,-9900,?,9,0.0,0.0,E,8
12/15/2016,24:00,0.0,1411.544,0.0,1,8,0.0,1,8,0.0,1,8,0.0,1,8,0.0,1,8,0.0,1,8,-0.0,1,8,-9900,?,9,-9900,?,9,22.03,E,8,19.35,E,8,87.0,E,8,1008.6016999999999,E,8,999.0,E,8,0.97,E,8,-9900,?,9,-9900,?,9,0.019,E,8,-9900,?,9,-9900,?,9,0.19,99.0,E,8
12/16/2016,01:00,0.0,1411.544,0.0,1,8,0.0,1,8,0.0,1,8,0.0,1,8,0.0,1,8,0.0,1,8,-0.0,1,8,-9900,?,9,-9900,?,9,21.7,E,8,19.33,E,8,84.0,E,8,1008.6016999999999,E,8,999.0,E,8,0.97,E,8,-9900,?,9,-9900,?,9,0.0,E,8,-9900,?,9,-9900,?,9,0.0,0.0,E,8
12/16/2016,02:00,0.0,1411.544,0.0,1,8,0.0,1,8,0.0,1,8,0.0,1,8,0.0,1,8,0.0,1,8,-0.0,1,8,-9900,?,9,-9900,?,9,21.37,E,8,19.31,E,8,90.0,E,8,1008.6016999999999,E,8,999.0,E,8,0.97,E,8,-9900,?,9,-9900,?,9,0.002,E,8,-9900,?,9,-9900,?,9,0.02,99.0,E,8
12/16/2016,03:00,0.0,1411.544,0.0,1,8,0.0,1,8,0.0,1,8,0.0,1,8,0.0,1,8,0.0,1,8,-0.0,1,8,-9900,?,9,-9900,?,9,21.04,E,8,19.29,E,8,92.0,E,8,1008.6016999999999,E,8,999.0,E,8,0.97,E,8,-9900,?,9,-9900,?,9,0.009,E,8,-9900,?,9,-9900,?,9,0.09,99.0,E,8
12/16/2016,04:00,0.0,1411.805,0.0,1,8,0.0,1,8,0.0,1,8,0.0,1,8,0.0,1,8,0.0,1,8,-0.0,1,8,-9900,?,9,-9900,?,9,20.71,E,8,19.28,E,8,89.0,E,8,1008.6016999999999,E,8,999.0,E,8,0.97,E,8,-9900,?,9,-9900,?,9,0.0,E,8,-9900,?,9,-9900,?,9,0.0,0.0,E,8
12/16/2016,05:00,0.0,1411.805,0.0,1,8,0.0,1,8,0.0,1,8,0.0,1,8,0.0,1,8,0.0,1,8,-0.0,1,8,-9900,?,9,-9900,?,9,20.42,E,8,19.26,E,8,95.0,E,8,1008.6016999999999,E,8,999.0,E,8,0.97,E,8,-9900,?,9,-9900,?,9,0.001,E,8,-9900,?,9,-9900,?,9,0.01,99.0,E,8
12/16/2016,06:00,139.87,1411.805,0.0,1,8,0.0,1,8,0.0,1,8,0.0,1,8,0.0,1,8,0.0,1,8,0.0,1,8,-9900,?,9,-9900,?,9,20.2,E,8,19.25,E,8,91.0,E,8,1008.6016999999999,E,8,999.0,E,8,0.97,E,8,-9900,?,9,-9900,?,9,0.0,E,8,-9900,?,9,-9900,?,9,0.0,0.0,E,8
12/16/2016,07:00,452.017,1411.805,123.16,1,8,26.109,1,8,114.822,1,8,14779.2,1,8,2480.325,1,8,12630.415,1,8,114.445,1,8,-9900,?,9,-9900,?,9,19.98,E,8,19.24,E,8,93.0,E,8,1008.6016999999999,E,8,999.0,E,8,0.97,E,8,-9900,?,9,-9900,?,9,0.0,E,8,-9900,?,9,-9900,?,9,0.0,0.0,E,8
12/16/2016,08:00,749.095,1411.805,350.38,1,8,195.791,1,8,246.572,1,8,42045.6,1,8,18600.166,1,8,27122.929,1,8,148.032,1,8,-9900,?,9,-9900,?,9,22.76,E,8,19.38,E,8,79.0,E,8,1008.6016999999999,E,8,999.0,E,8,0.97,E,8,-9900,?,9,-9900,?,9,0.0,E,8,-9900,?,9,-9900,?,9,0.0,0.0,E,8
12/16/2016,09:00,1009.226,1411.805,570.8,1,8,355.343,1,8,316.855,1,8,68496.0,1,8,33757.609,1,8,34854.046,1,8,141.13,1,8,-9900,?,9,-9900,?,9,24.07,E,8,19.45,E,8,74.0,E,8,1008.6016999999999,E,8,999.0,E,8,0.97,E,8,-9900,?,9,-9900,?,9,0.0,E,8,-9900,?,9,-9900,?,9,0.0,0.0,E,8
12/16/2016,10:00,1214.487,1411.805,754.36,1,8,462.562,1,8,356.488,1,8,90523.2,1,8,43943.382,1,8,39213.719,1,8,131.924,1,8,-9900,?,9,-9900,?,9,25.26,E,8,19.52,E,8,69.0,E,8,1008.6016999999999,E,8,999.0,E,8,0.97,E,8,-9900,?,9,-9900,?,9,0.0,E,8,-9900,?,9,-9900,?,9,0.0,0.0,E,8
12/16/2016,11:00,1350.839,1411.805,908.23,1,8,591.565,1,8,342.226,1,8,108987.6,1,8,56198.681,1,8,37644.882,1,8,113.854,1,8,-9900,?,9,-9900,?,9,26.33,E,8,19.57,E,8,65.0,E,8,1008.6016999999999,E,8,999.0,E,8,1.34,E,8,-9900,?,9,-9900,?,9,0.0,E,8,-9900,?,9,-9900,?,9,0.0,0.0,E,8
12/16/2016,12:00,1408.975,1411.805,982.77,1,8,626.029,1,8,357.997,1,8,117932.4,1,8,59472.75,1,8,39379.655,1,8,114.183,1,8,-9900,?,9,-9900,?,9,27.2,E,8,19.62,E,8,63.0,E,8,1008.6016999999999,E,8,999.0,E,8,2.09,E,8,-9900,?,9,-9900,?,9,0.0,E,8,-9900,?,9,-9900,?,9,0.0,0.0,E,8
12/16/2016,13:00,1384.932,1411.805,986.03,1,8,677.767,1,8,321.172,1,8,118323.6,1,8,64387.869,1,8,35328.892,1,8,104.217,1,8,-9900,?,9,-9900,?,9,27.82,E,8,19.65,E,8,61.0,E,8,1008.6016999999999,E,8,999.0,E,8,3.31,E,8,-9900,?,9,-9900,?,9,0.0,E,8,-9900,?,9,-9900,?,9,0.0,0.0,E,8
12/16/2016,14:00,1280.353,1411.805,915.42,1,8,709.758,1,8,271.788,1,8,109850.4,1,8,67426.987,1,8,29896.695,1,8,95.401,1,8,-9900,?,9,-9900,?,9,28.18,E,8,19.67,E,8,59.0,E,8,1008.6016999999999,E,8,999.0,E,8,3.82,E,8,-9900,?,9,-9900,?,9,0.0,E,8,-9900,?,9,-9900,?,9,0.0,0.0,E,8
12/16/2016,15:00,1102.379,1411.805,802.99,1,8,860.214,1,8,131.436,1,8,96358.8,1,8,81720.316,1,8,14457.977,1,8,53.591,1,8,-9900,?,9,-9900,?,9,28.32,E,8,19.67,E,8,59.0,E,8,1008.6016999999999,E,8,999.0,E,8,4.05,E,8,-9900,?,9,-9900,?,9,0.0,E,8,-9900,?,9,-9900,?,9,0.0,0.0,E,8
12/16/2016,16:00,863.173,1411.805,621.78,1,8,871.641,1,8,89.123,1,8,74613.6,1,8,82805.92,1,8,9803.554,1,8,46.423,1,8,-9900,?,9,-9900,?,9,28.14,E,8,19.66,E,8,60.0,E,8,1008.6016999999999,E,8,999.0,E,8,3.59,E,8,-9900,?,9,-9900,?,9,0.0,E,8,-9900,?,9,-9900,?,9,0.0,0.0,E,8
12/16/2016,17:00,579.148,1411.805,414.14,1,8,736.626,1,8,112.398,1,8,49696.8,1,8,69979.507,1,8,12363.754,1,8,87.341,1,8,-9900,?,9,-9900,?,9,27.62,E,8,19.64,E,8,61.0,E,8,1008.6016999999999,E,8,999.0,E,8,2.99,E,8,-9900,?,9,-9900,?,9,0.0,E,8,-9900,?,9,-9900,?,9,0.0,0.0,E,8
12/16/2016,18:00,270.237,1411.805,190.42,1,8,414.522,1,8,111.661,1,8,22850.4,1,8,39379.635,1,8,12282.763,1,8,187.07,1,8,-9900,?,9,-9900,?,9,26.81,E,8,19.6,E,8,64.0,E,8,1008.6016999999999,E,8,999.0,E,8,2.18,E,8,-9900,?,9,-9900,?,9,0.0,E,8,-9900,?,9,-9900,?,9,0.0,0.0,E,8
12/16/2016,19:00,0.0,1411.805,13.19,1,8,0.0,1,8,0.0,1,8,1582.8,1,8,0.0,1,8,0.0,1,8,-0.0,1,8,-9900,?,9,-9900,?,9,26.13,E,8,19.56,E,8,66.0,E,8,1008.6016999999999,E,8,999.0,E,8,1.43,E,8,-9900,?,9,-9900,?,9,0.0,E,8,-9900,?,9,-9900,?,9,0.0,0.0,E,8
12/16/2016,20:00,0.0,1411.805,0.0,1,8,0.0,1,8,0.0,1,8,0.0,1,8,0.0,1,8,0.0,1,8,-0.0,1,8,-9900,?,9,-9900,?,9,25.44,E,8,19.52,E,8,69.0,E,8,1008.6016999999999,E,8,999.0,E,8,1.04,E,8,-9900,?,9,-9900,?,9,0.0,E,8,-9900,?,9,-9900,?,9,0.0,0.0,E,8
12/16/2016,21:00,0.0,1411.805,0.0,1,8,0.0,1,8,0.0,1,8,0.0,1,8,0.0,1,8,0.0,1,8,-0.0,1,8,-9900,?,9,-9900,?,9,24.76,E,8,19.49,E,8,76.0,E,8,1008.6016999999999,E,8,999.0,E,8,0.97,E,8,-9900,?,9,-9900,?,9,0.005,E,8,-9900,?,9,-9900,?,9,0.05,99.0,E,8
12/16/2016,22:00,0.0,1411.805,0.0,1,8,0.0,1,8,0.0,1,8,0.0,1,8,0.0,1,8,0.0,1,8,-0.0,1,8,-9900,?,9,-9900,?,9,24.07,E,8,19.45,E,8,79.0,E,8,1008.6016999999999,E,8,999.0,E,8,0.97,E,8,-9900,?,9,-9900,?,9,0.003,E,8,-9900,?,9,-9900,?,9,0.03,99.0,E,8
12/16/2016,23:00,0.0,1411.805,0.0,1,8,0.0,1,8,0.0,1,8,0.0,1,8,0.0,1,8,0.0,1,8,-0.0,1,8,-9900,?,9,-9900,?,9,23.39,E,8,19.42,E,8,86.0,E,8,1008.6016999999999,E,8,999.0,E,8,0.97,E,8,-9900,?,9,-9900,?,9,0.361,E,8,-9900,?,9,-9900,?,9,3.61,99.0,E,8
12/16/2016,24:00,0.0,1411.805,0.0,1,8,0.0,1,8,0.0,1,8,0.0,1,8,0.0,1,8,0.0,1,8,-0.0,1,8,-9900,?,9,-9900,?,9,22.7,E,8,19.9,E,8,88.0,E,8,1008.6016999999999,E,8,999.0,E,8,0.83,E,8,-9900,?,9,-9900,?,9,0.001,E,8,-9900,?,9,-9900,?,9,0.01,99.0,E,8
12/17/2016,01:00,0.0,1411.805,0.0,1,8,0.0,1,8,0.0,1,8,0.0,1,8,0.0,1,8,0.0,1,8,-0.0,1,8,-9900,?,9,-9900,?,9,22.36,E,8,19.85,E,8,84.0,E,8,1008.6016999999999,E,8,999.0,E,8,0.83,E,8,-9900,?,9,-9900,?,9,0.0,E,8,-9900,?,9,-9900,?,9,0.0,0.0,E,8
12/17/2016,02:00,0.0,1411.805,0.0,1,8,0.0,1,8,0.0,1,8,0.0,1,8,0.0,1,8,0.0,1,8,-0.0,1,8,-9900,?,9,-9900,?,9,22.02,E,8,19.79,E,8,86.0,E,8,1008.6016999999999,E,8,999.0,E,8,0.83,E,8,-9900,?,9,-9900,?,9,0.0,E,8,-9900,?,9,-9900,?,9,0.0,0.0,E,8
12/17/2016,03:00,0.0,1411.805,0.0,1,8,0.0,1,8,0.0,1,8,0.0,1,8,0.0,1,8,0.0,1,8,-0.0,1,8,-9900,?,9,-9900,?,9,21.68,E,8,19.74,E,8,92.0,E,8,1008.6016999999999,E,8,999.0,E,8,0.83,E,8,-9900,?,9,-9900,?,9,0.002,E,8,-9900,?,9,-9900,?,9,0.02,99.0,E,8
12/17/2016,04:00,0.0,1412.053,0.0,1,8,0.0,1,8,0.0,1,8,0.0,1,8,0.0,1,8,0.0,1,8,-0.0,1,8,-9900,?,9,-9900,?,9,21.33,E,8,19.68,E,8,93.0,E,8,1008.6016999999999,E,8,999.0,E,8,0.83,E,8,-9900,?,9,-9900,?,9,0.023,E,8,-9900,?,9,-9900,?,9,0.23,99.0,E,8
12/17/2016,05:00,0.0,1412.053,0.0,1,8,0.0,1,8,0.0,1,8,0.0,1,8,0.0,1,8,0.0,1,8,-0.0,1,8,-9900,?,9,-9900,?,9,21.03,E,8,19.63,E,8,90.0,E,8,1008.6016999999999,E,8,999.0,E,8,0.83,E,8,-9900,?,9,-9900,?,9,0.0,E,8,-9900,?,9,-9900,?,9,0.0,0.0,E,8
12/17/2016,06:00,137.71,1412.053,0.0,1,8,0.0,1,8,0.0,1,8,0.0,1,8,0.0,1,8,0.0,1,8,0.0,1,8,-9900,?,9,-9900,?,9,20.81,E,8,19.6,E,8,91.0,E,8,1008.6016999999999,E,8,999.0,E,8,0.83,E,8,-9900,?,9,-9900,?,9,0.0,E,8,-9900,?,9,-9900,?,9,0.0,0.0,E,8
12/17/2016,07:00,449.829,1412.053,109.53,1,8,0.0,1,8,109.53,1,8,13143.6,1,8,0.0,1,8,12048.3,1,8,109.724,1,8,-9900,?,9,-9900,?,9,20.58,E,8,19.56,E,8,92.0,E,8,1008.6016999999999,E,8,999.0,E,8,0.83,E,8,-9900,?,9,-9900,?,9,0.0,E,8,-9900,?,9,-9900,?,9,0.0,0.0,E,8
12/17/2016,08:00,747.09,1412.053,330.79,1,8,179.34,1,8,235.976,1,8,39694.8,1,8,17037.304,1,8,25957.374,1,8,142.077,1,8,-9900,?,9,-9900,?,9,22.75,E,8,19.91,E,8,83.0,E,8,1008.6016999999999,E,8,999.0,E,8,0.83,E,8,-9900,?,9,-9900,?,9,0.0,E,8,-9900,?,9,-9900,?,9,0.0,0.0,E,8
12/17/2016,09:00,1007.569,1412.053,578.23,1,8,352.373,1,8,326.866,1,8,69387.6,1,8,33475.456,1,8,35955.221,1,8,145.854,1,8,-9900,?,9,-9900,?,9,23.92,E,8,20.09,E,8,78.0,E,8,1008.6016999999999,E,8,999.0,E,8,1.3,E,8,-9900,?,9,-9900,?,9,0.0,E,8,-9900,?,9,-9900,?,9,0.0,0.0,E,8
12/17/2016,10:00,1213.315,1412.053,789.52,1,8,539.442,1,8,326.049,1,8,94742.4,1,8,51247.034,1,8,35865.402,1,8,120.797,1,8,-9900,?,9,-9900,?,9,25.03,E,8,20.27,E,8,74.0,E,8,1008.6016999999999,E,8,999.0,E,8,1.72,E,8,-9900,?,9,-9900,?,9,0.0,E,8,-9900,?,9,-9900,?,9,0.0,0.0,E,8
12/17/2016,11:00,1350.256,1412.053,915.28,1,8,599.326,1,8,342.199,1,8,109833.6,1,8,56935.956,1,8,37641.849,1,8,113.913,1,8,-9900,?,9,-9900,?,9,25.94,E,8,20.41,E,8,71.0,E,8,1008.6016999999999,E,8,999.0,E,8,2.15,E,8,-9900,?,9,-9900,?,9,0.0,E,8,-9900,?,9,-9900,?,9,0.0,0.0,E,8
12/17/2016,12:00,1409.045,1412.053,968.03,1,8,592.355,1,8,376.937,1,8,116163.6,1,8,56273.724,1,8,41463.11,1,8,120.239,1,8,-9900,?,9,-9900,?,9,26.64,E,8,20.52,E,8,69.0,E,8,1008.6016999999999,E,8,999.0,E,8,2.76,E,8,-9900,?,9,-9900,?,9,0.0,E,8,-9900,?,9,-9900,?,9,0.0,0.0,E,8
12/17/2016,13:00,1385.673,1412.053,973.47,1,8,605.722,1,8,379.071,1,8,116816.4,1,8,57543.568,1,8,41697.789,1,8,122.96,1,8,-9900,?,9,-9900,?,9,27.14,E,8,20.6,E,8,67.0,E,8,1008.6016999999999,E,8,999.0,E,8,3.03,E,8,-9900,?,9,-9900,?,9,0.0,E,8,-9900,?,9,-9900,?,9,0.0,0.0,E,8
12/17/2016,14:00,1281.737,1412.053,872.67,1,8,644.321,1,8,287.848,1,8,104720.4,1,8,61210.537,1,8,31663.329,1,8,100.947,1,8,-9900,?,9,-9900,?,9,27.4,E,8,20.63,E,8,66.0,E,8,1008.6016999999999,E,8,999.0,E,8,2.97,E,8,-9900,?,9,-9900,?,9,0.0,E,8,-9900,?,9,-9900,?,9,0.0,0.0,E,8
12/17/2016,15:00,1104.333,1412.053,778.66,1,8,765.327,1,8,180.228,1,8,93439.2,1,8,72706.027,1,8,19825.065,1,8,73.368,1,8,-9900,?,9,-9900,?,9,27.49,E,8,20.65,E,8,66.0,E,8,1008.6016999999999,E,8,999.0,E,8,3.48,E,8,-9900,?,9,-9900,?,9,0.0,E,8,-9900,?,9,-9900,?,9,0.0,0.0,E,8
12/17/2016,16:00,865.585,1412.053,588.75,1,8,789.639,1,8,104.939,1,8,70650.0,1,8,75015.748,1,8,11543.278,1,8,54.518,1,8,-9900,?,9,-9900,?,9,27.3,E,8,20.62,E,8,66.0,E,8,1008.6016999999999,E,8,999.0,E,8,3.73,E,8,-9900,?,9,-9900,?,9,0.0,E,8,-9900,?,9,-9900,?,9,0.0,0.0,E,8
12/17/2016,17:00,581.871,1412.053,382.66,1,8,735.184,1,8,80.141,1,8,45919.2,1,8,69842.433,1,8,8815.498,1,8,61.994,1,8,-9900,?,9,-9900,?,9,26.83,E,8,20.55,E,8,68.0,E,8,1008.6016999999999,E,8,999.0,E,8,3.06,E,8,-9900,?,9,-9900,?,9,0.0,E,8,-9900,?,9,-9900,?,9,0.0,0.0,E,8
12/17/2016,18:00,273.095,1412.053,164.03,1,8,536.63,1,8,60.995,1,8,19683.6,1,8,50979.858,1,8,6709.498,1,8,101.121,1,8,-9900,?,9,-9900,?,9,26.14,E,8,20.44,E,8,75.0,E,8,1008.6016999999999,E,8,999.0,E,8,2.44,E,8,-9900,?,9,-9900,?,9,0.004,E,8,-9900,?,9,-9900,?,9,0.04,99.0,E,8
12/17/2016,19:00,0.0,1412.053,16.14,1,8,0.0,1,8,0.0,1,8,1936.8,1,8,0.0,1,8,0.0,1,8,-0.0,1,8,-9900,?,9,-9900,?,9,25.54,E,8,20.35,E,8,72.0,E,8,1008.6016999999999,E,8,999.0,E,8,1.59,E,8,-9900,?,9,-9900,?,9,0.0,E,8,-9900,?,9,-9900,?,9,0.0,0.0,E,8
12/17/2016,20:00,0.0,1412.053,0.0,1,8,0.0,1,8,0.0,1,8,0.0,1,8,0.0,1,8,0.0,1,8,-0.0,1,8,-9900,?,9,-9900,?,9,24.94,E,8,20.25,E,8,74.0,E,8,1008.6016999999999,E,8,999.0,E,8,1.18,E,8,-9900,?,9,-9900,?,9,0.0,E,8,-9900,?,9,-9900,?,9,0.0,0.0,E,8
12/17/2016,21:00,0.0,1412.053,0.0,1,8,0.0,1,8,0.0,1,8,0.0,1,8,0.0,1,8,0.0,1,8,-0.0,1,8,-9900,?,9,-9900,?,9,24.33,E,8,20.16,E,8,81.0,E,8,1008.6016999999999,E,8,999.0,E,8,0.83,E,8,-9900,?,9,-9900,?,9,0.006,E,8,-9900,?,9,-9900,?,9,0.06,99.0,E,8
12/17/2016,22:00,0.0,1412.053,0.0,1,8,0.0,1,8,0.0,1,8,0.0,1,8,0.0,1,8,0.0,1,8,-0.0,1,8,-9900,?,9,-9900,?,9,23.73,E,8,20.06,E,8,84.0,E,8,1008.6016999999999,E,8,999.0,E,8,0.83,E,8,-9900,?,9,-9900,?,9,0.011,E,8,-9900,?,9,-9900,?,9,0.11,99.0,E,8
12/17/2016,23:00,0.0,1412.053,0.0,1,8,0.0,1,8,0.0,1,8,0.0,1,8,0.0,1,8,0.0,1,8,-0.0,1,8,-9900,?,9,-9900,?,9,23.13,E,8,19.97,E,8,91.0,E,8,1008.6016999999999,E,8,999.0,E,8,0.83,E,8,-9900,?,9,-9900,?,9,0.45099999999999996,E,8,-9900,?,9,-9900,?,9,4.51,99.0,E,8
12/17/2016,24:00,0.0,1412.053,0.0,1,8,0.0,1,8,0.0,1,8,0.0,1,8,0.0,1,8,0.0,1,8,-0.0,1,8,-9900,?,9,-9900,?,9,22.53,E,8,19.87,E,8,84.0,E,8,1008.6016999999999,E,8,999.0,E,8,1.36,E,8,-9900,?,9,-9900,?,9,0.015,E,8,-9900,?,9,-9900,?,9,0.15,99.0,E,8
12/18/2016,01:00,0.0,1412.053,0.0,1,8,0.0,1,8,0.0,1,8,0.0,1,8,0.0,1,8,0.0,1,8,-0.0,1,8,-9900,?,9,-9900,?,9,22.22,E,8,19.86,E,8,85.0,E,8,1008.6016999999999,E,8,999.0,E,8,1.36,E,8,-9900,?,9,-9900,?,9,0.066,E,8,-9900,?,9,-9900,?,9,0.66,99.0,E,8
12/18/2016,02:00,0.0,1412.053,0.0,1,8,0.0,1,8,0.0,1,8,0.0,1,8,0.0,1,8,0.0,1,8,-0.0,1,8,-9900,?,9,-9900,?,9,21.92,E,8,19.85,E,8,94.0,E,8,1008.6016999999999,E,8,999.0,E,8,1.36,E,8,-9900,?,9,-9900,?,9,1.038,E,8,-9900,?,9,-9900,?,9,10.38,99.0,E,8
12/18/2016,03:00,0.0,1412.053,0.0,1,8,0.0,1,8,0.0,1,8,0.0,1,8,0.0,1,8,0.0,1,8,-0.0,1,8,-9900,?,9,-9900,?,9,21.62,E,8,19.84,E,8,88.0,E,8,1008.6016999999999,E,8,999.0,E,8,1.36,E,8,-9900,?,9,-9900,?,9,0.034999999999999996,E,8,-9900,?,9,-9900,?,9,0.35,99.0,E,8
12/18/2016,04:00,0.0,1412.286,0.0,1,8,0.0,1,8,0.0,1,8,0.0,1,8,0.0,1,8,0.0,1,8,-0.0,1,8,-9900,?,9,-9900,?,9,21.32,E,8,19.83,E,8,89.0,E,8,1008.6016999999999,E,8,999.0,E,8,1.36,E,8,-9900,?,9,-9900,?,9,0.01,E,8,-9900,?,9,-9900,?,9,0.1,99.0,E,8
12/18/2016,05:00,0.0,1412.286,0.0,1,8,0.0,1,8,0.0,1,8,0.0,1,8,0.0,1,8,0.0,1,8,-0.0,1,8,-9900,?,9,-9900,?,9,21.05,E,8,19.82,E,8,90.0,E,8,1008.6016999999999,E,8,999.0,E,8,1.36,E,8,-9900,?,9,-9900,?,9,0.006,E,8,-9900,?,9,-9900,?,9,0.06,99.0,E,8
12/18/2016,06:00,135.468,1412.286,0.0,1,8,0.0,1,8,0.0,1,8,0.0,1,8,0.0,1,8,0.0,1,8,0.0,1,8,-9900,?,9,-9900,?,9,20.85,E,8,19.81,E,8,91.0,E,8,1008.6016999999999,E,8,999.0,E,8,1.36,E,8,-9900,?,9,-9900,?,9,0.004,E,8,-9900,?,9,-9900,?,9,0.04,99.0,E,8
12/18/2016,07:00,447.57,1412.286,57.82,1,8,0.0,1,8,57.82,1,8,6938.4,1,8,0.0,1,8,6360.2,1,8,58.226,1,8,-9900,?,9,-9900,?,9,20.66,E,8,19.81,E,8,92.0,E,8,1008.6016999999999,E,8,999.0,E,8,1.36,E,8,-9900,?,9,-9900,?,9,0.001,E,8,-9900,?,9,-9900,?,9,0.01,99.0,E,8
12/18/2016,08:00,745.028,1412.286,223.28,1,8,33.371,1,8,205.689,1,8,26793.6,1,8,3170.239,1,8,22625.799,1,8,124.206,1,8,-9900,?,9,-9900,?,9,22.28,E,8,19.86,E,8,85.0,E,8,1008.6016999999999,E,8,999.0,E,8,1.36,E,8,-9900,?,9,-9900,?,9,0.001,E,8,-9900,?,9,-9900,?,9,0.01,99.0,E,8
12/18/2016,09:00,1005.868,1412.286,301.3,1,8,22.506,1,8,285.275,1,8,36156.0,1,8,2138.046,1,8,31380.29,1,8,127.532,1,8,-9900,?,9,-9900,?,9,22.9,E,8,19.88,E,8,83.0,E,8,1008.6016999999999,E,8,999.0,E,8,1.36,E,8,-9900,?,9,-9900,?,9,0.022,E,8,-9900,?,9,-9900,?,9,0.22,99.0,E,8
12/18/2016,10:00,1212.112,1412.286,506.39,1,8,101.513,1,8,419.275,1,8,60766.8,1,8,9643.698,1,8,46120.214,1,8,155.516,1,8,-9900,?,9,-9900,?,9,23.81,E,8,19.91,E,8,76.0,E,8,1008.6016999999999,E,8,999.0,E,8,1.36,E,8,-9900,?,9,-9900,?,9,0.0,E,8,-9900,?,9,-9900,?,9,0.0,0.0,E,8
12/18/2016,11:00,1349.653,1412.286,645.39,1,8,214.22,1,8,440.676,1,8,77446.8,1,8,20350.937,1,8,48474.325,1,8,146.785,1,8,-9900,?,9,-9900,?,9,24.67,E,8,19.93,E,8,73.0,E,8,1008.6016999999999,E,8,999.0,E,8,1.36,E,8,-9900,?,9,-9900,?,9,0.0,E,8,-9900,?,9,-9900,?,9,0.0,0.0,E,8
12/18/2016,12:00,1409.102,1412.286,1301.01,1,8,569.701,1,8,732.594,1,8,156121.2,1,8,54121.637,1,8,80585.305,1,8,233.719,1,8,-9900,?,9,-9900,?,9,26.51,E,8,19.99,E,8,67.0,E,8,1008.6016999999999,E,8,999.0,E,8,2.35,E,8,-9900,?,9,-9900,?,9,0.0,E,8,-9900,?,9,-9900,?,9,0.0,0.0,E,8
12/18/2016,13:00,1386.404,1412.286,684.16,1,8,279.318,1,8,409.964,1,8,82099.2,1,8,26535.183,1,8,45096.056,1,8,132.933,1,8,-9900,?,9,-9900,?,9,26.81,E,8,20.0,E,8,66.0,E,8,1008.6016999999999,E,8,999.0,E,8,2.24,E,8,-9900,?,9,-9900,?,9,0.0,E,8,-9900,?,9,-9900,?,9,0.0,0.0,E,8
12/18/2016,14:00,1283.11,1412.286,255.4,1,8,11.319,1,8,245.117,1,8,30648.0,1,8,1075.33,1,8,26962.837,1,8,85.883,1,8,-9900,?,9,-9900,?,9,26.13,E,8,19.98,E,8,68.0,E,8,1008.6016999999999,E,8,999.0,E,8,1.95,E,8,-9900,?,9,-9900,?,9,0.0,E,8,-9900,?,9,-9900,?,9,0.0,0.0,E,8
12/18/2016,15:00,1106.271,1412.286,271.08,1,8,20.411,1,8,255.095,1,8,32529.6,1,8,1939.04,1,8,28060.412,1,8,103.679,1,8,-9900,?,9,-9900,?,9,25.64,E,8,19.96,E,8,73.0,E,8,1008.6016999999999,E,8,999.0,E,8,2.8,E,8,-9900,?,9,-9900,?,9,0.002,E,8,-9900,?,9,-9900,?,9,0.02,99.0,E,8
12/18/2016,16:00,867.973,1412.286,493.0,1,8,360.167,1,8,271.753,1,8,59160.0,1,8,34215.881,1,8,29892.807,1,8,140.815,1,8,-9900,?,9,-9900,?,9,25.68,E,8,19.97,E,8,69.0,E,8,1008.6016999999999,E,8,999.0,E,8,2.83,E,8,-9900,?,9,-9900,?,9,0.0,E,8,-9900,?,9,-9900,?,9,0.0,0.0,E,8
12/18/2016,17:00,584.561,1412.286,241.52,1,8,161.691,1,8,174.689,1,8,28982.4,1,8,15360.658,1,8,19215.738,1,8,134.53,1,8,-9900,?,9,-9900,?,9,25.26,E,8,19.95,E,8,71.0,E,8,1008.6016999999999,E,8,999.0,E,8,2.44,E,8,-9900,?,9,-9900,?,9,0.0,E,8,-9900,?,9,-9900,?,9,0.0,0.0,E,8
12/18/2016,18:00,275.906,1412.286,234.37,1,8,378.546,1,8,160.941,1,8,28124.4,1,8,35961.868,1,8,17703.539,1,8,264.101,1,8,-9900,?,9,-9900,?,9,24.9,E,8,19.94,E,8,72.0,E,8,1008.6016999999999,E,8,999.0,E,8,1.68,E,8,-9900,?,9,-9900,?,9,0.0,E,8,-9900,?,9,-9900,?,9,0.0,0.0,E,8
12/18/2016,19:00,0.0,1412.286,50.6,1,8,0.0,1,8,0.0,1,8,6072.0,1,8,0.0,1,8,0.0,1,8,-0.0,1,8,-9900,?,9,-9900,?,9,24.39,E,8,19.92,E,8,73.0,E,8,1008.6016999999999,E,8,999.0,E,8,1.36,E,8,-9900,?,9,-9900,?,9,0.0,E,8,-9900,?,9,-9900,?,9,0.0,0.0,E,8
12/18/2016,20:00,0.0,1412.286,0.0,1,8,0.0,1,8,0.0,1,8,0.0,1,8,0.0,1,8,0.0,1,8,-0.0,1,8,-9900,?,9,-9900,?,9,23.87,E,8,19.91,E,8,75.0,E,8,1008.6016999999999,E,8,999.0,E,8,1.36,E,8,-9900,?,9,-9900,?,9,0.0,E,8,-9900,?,9,-9900,?,9,0.0,0.0,E,8
12/18/2016,21:00,0.0,1412.286,0.0,1,8,0.0,1,8,0.0,1,8,0.0,1,8,0.0,1,8,0.0,1,8,-0.0,1,8,-9900,?,9,-9900,?,9,23.36,E,8,19.89,E,8,77.0,E,8,1008.6016999999999,E,8,999.0,E,8,1.36,E,8,-9900,?,9,-9900,?,9,0.0,E,8,-9900,?,9,-9900,?,9,0.0,0.0,E,8
12/18/2016,22:00,0.0,1412.286,0.0,1,8,0.0,1,8,0.0,1,8,0.0,1,8,0.0,1,8,0.0,1,8,-0.0,1,8,-9900,?,9,-9900,?,9,22.84,E,8,19.88,E,8,79.0,E,8,1008.6016999999999,E,8,999.0,E,8,1.36,E,8,-9900,?,9,-9900,?,9,0.0,E,8,-9900,?,9,-9900,?,9,0.0,0.0,E,8
12/18/2016,23:00,0.0,1412.286,0.0,1,8,0.0,1,8,0.0,1,8,0.0,1,8,0.0,1,8,0.0,1,8,-0.0,1,8,-9900,?,9,-9900,?,9,22.33,E,8,19.86,E,8,81.0,E,8,1008.6016999999999,E,8,999.0,E,8,1.36,E,8,-9900,?,9,-9900,?,9,0.0,E,8,-9900,?,9,-9900,?,9,0.0,0.0,E,8
12/18/2016,24:00,0.0,1412.286,0.0,1,8,0.0,1,8,0.0,1,8,0.0,1,8,0.0,1,8,0.0,1,8,-0.0,1,8,-9900,?,9,-9900,?,9,21.81,E,8,19.5,E,8,83.0,E,8,1008.6016999999999,E,8,999.0,E,8,1.05,E,8,-9900,?,9,-9900,?,9,0.0,E,8,-9900,?,9,-9900,?,9,0.0,0.0,E,8
12/19/2016,01:00,0.0,1412.286,0.0,1,8,0.0,1,8,0.0,1,8,0.0,1,8,0.0,1,8,0.0,1,8,-0.0,1,8,-9900,?,9,-9900,?,9,21.56,E,8,19.48,E,8,84.0,E,8,1008.6016999999999,E,8,999.0,E,8,1.05,E,8,-9900,?,9,-9900,?,9,0.0,E,8,-9900,?,9,-9900,?,9,0.0,0.0,E,8
12/19/2016,02:00,0.0,1412.286,0.0,1,8,0.0,1,8,0.0,1,8,0.0,1,8,0.0,1,8,0.0,1,8,-0.0,1,8,-9900,?,9,-9900,?,9,21.3,E,8,19.46,E,8,85.0,E,8,1008.6016999999999,E,8,999.0,E,8,1.05,E,8,-9900,?,9,-9900,?,9,0.0,E,8,-9900,?,9,-9900,?,9,0.0,0.0,E,8
12/19/2016,03:00,0.0,1412.286,0.0,1,8,0.0,1,8,0.0,1,8,0.0,1,8,0.0,1,8,0.0,1,8,-0.0,1,8,-9900,?,9,-9900,?,9,21.04,E,8,19.44,E,8,87.0,E,8,1008.6016999999999,E,8,999.0,E,8,1.05,E,8,-9900,?,9,-9900,?,9,0.0,E,8,-9900,?,9,-9900,?,9,0.0,0.0,E,8
12/19/2016,04:00,0.0,1412.504,0.0,1,8,0.0,1,8,0.0,1,8,0.0,1,8,0.0,1,8,0.0,1,8,-0.0,1,8,-9900,?,9,-9900,?,9,20.78,E,8,19.42,E,8,88.0,E,8,1008.6016999999999,E,8,999.0,E,8,1.05,E,8,-9900,?,9,-9900,?,9,0.0,E,8,-9900,?,9,-9900,?,9,0.0,0.0,E,8
12/19/2016,05:00,0.0,1412.504,0.0,1,8,0.0,1,8,0.0,1,8,0.0,1,8,0.0,1,8,0.0,1,8,-0.0,1,8,-9900,?,9,-9900,?,9,20.56,E,8,19.4,E,8,89.0,E,8,1008.6016999999999,E,8,999.0,E,8,1.05,E,8,-9900,?,9,-9900,?,9,0.0,E,8,-9900,?,9,-9900,?,9,0.0,0.0,E,8
12/19/2016,06:00,133.145,1412.504,0.0,1,8,0.0,1,8,0.0,1,8,0.0,1,8,0.0,1,8,0.0,1,8,0.0,1,8,-9900,?,9,-9900,?,9,20.39,E,8,19.39,E,8,94.0,E,8,1008.6016999999999,E,8,999.0,E,8,1.05,E,8,-9900,?,9,-9900,?,9,0.012,E,8,-9900,?,9,-9900,?,9,0.12,99.0,E,8
12/19/2016,07:00,445.242,1412.504,75.12,1,8,0.0,1,8,75.12,1,8,9014.4,1,8,0.0,1,8,8263.2,1,8,76.057,1,8,-9900,?,9,-9900,?,9,20.22,E,8,19.37,E,8,94.0,E,8,1008.6016999999999,E,8,999.0,E,8,1.05,E,8,-9900,?,9,-9900,?,9,0.001,E,8,-9900,?,9,-9900,?,9,0.01,99.0,E,8
12/19/2016,08:00,742.911,1412.504,233.3,1,8,42.896,1,8,210.756,1,8,27996.0,1,8,4075.075,1,8,23183.185,1,8,127.649,1,8,-9900,?,9,-9900,?,9,22.16,E,8,19.52,E,8,86.0,E,8,1008.6016999999999,E,8,999.0,E,8,1.05,E,8,-9900,?,9,-9900,?,9,0.034,E,8,-9900,?,9,-9900,?,9,0.34,99.0,E,8
12/19/2016,09:00,1004.127,1412.504,389.67,1,8,63.399,1,8,344.613,1,8,46760.4,1,8,6022.924,1,8,37907.482,1,8,154.351,1,8,-9900,?,9,-9900,?,9,23.15,E,8,19.6,E,8,78.0,E,8,1008.6016999999999,E,8,999.0,E,8,1.05,E,8,-9900,?,9,-9900,?,9,0.0,E,8,-9900,?,9,-9900,?,9,0.0,0.0,E,8
12/19/2016,10:00,1210.881,1412.504,523.25,1,8,81.782,1,8,453.149,1,8,62790.0,1,8,7769.33,1,8,49846.369,1,8,168.277,1,8,-9900,?,9,-9900,?,9,24.07,E,8,19.67,E,8,79.0,E,8,1008.6016999999999,E,8,999.0,E,8,1.07,E,8,-9900,?,9,-9900,?,9,0.006,E,8,-9900,?,9,-9900,?,9,0.06,99.0,E,8
12/19/2016,11:00,1349.03,1412.504,622.47,1,8,79.597,1,8,546.452,1,8,74696.4,1,8,7561.688,1,8,60109.753,1,8,182.131,1,8,-9900,?,9,-9900,?,9,24.87,E,8,19.73,E,8,76.0,E,8,1008.6016999999999,E,8,999.0,E,8,2.15,E,8,-9900,?,9,-9900,?,9,0.001,E,8,-9900,?,9,-9900,?,9,0.01,99.0,E,8
12/19/2016,12:00,1409.145,1412.504,679.69,1,8,91.62,1,8,588.288,1,8,81562.8,1,8,8703.933,1,8,64711.646,1,8,187.704,1,8,-9900,?,9,-9900,?,9,25.52,E,8,19.78,E,8,74.0,E,8,1008.6016999999999,E,8,999.0,E,8,2.09,E,8,-9900,?,9,-9900,?,9,0.002,E,8,-9900,?,9,-9900,?,9,0.02,99.0,E,8
12/19/2016,13:00,1387.124,1412.504,690.7,1,8,105.652,1,8,586.948,1,8,82884.0,1,8,10036.925,1,8,64564.246,1,8,190.252,1,8,-9900,?,9,-9900,?,9,26.01,E,8,19.82,E,8,72.0,E,8,1008.6016999999999,E,8,999.0,E,8,2.61,E,8,-9900,?,9,-9900,?,9,0.008,E,8,-9900,?,9,-9900,?,9,0.08,99.0,E,8
12/19/2016,14:00,1284.471,1412.504,654.69,1,8,123.88,1,8,542.046,1,8,78562.8,1,8,11768.606,1,8,59625.03,1,8,189.749,1,8,-9900,?,9,-9900,?,9,26.32,E,8,19.84,E,8,67.0,E,8,1008.6016999999999,E,8,999.0,E,8,3.22,E,8,-9900,?,9,-9900,?,9,0.0,E,8,-9900,?,9,-9900,?,9,0.0,0.0,E,8
12/19/2016,15:00,1108.193,1412.504,574.29,1,8,181.475,1,8,431.939,1,8,68914.8,1,8,17240.09,1,8,47513.245,1,8,175.278,1,8,-9900,?,9,-9900,?,9,26.45,E,8,19.85,E,8,67.0,E,8,1008.6016999999999,E,8,999.0,E,8,3.27,E,8,-9900,?,9,-9900,?,9,0.0,E,8,-9900,?,9,-9900,?,9,0.0,0.0,E,8
12/19/2016,16:00,870.336,1412.504,455.56,1,8,185.177,1,8,341.515,1,8,54667.2,1,8,17591.789,1,8,37566.677,1,8,176.511,1,8,-9900,?,9,-9900,?,9,26.36,E,8,19.84,E,8,67.0,E,8,1008.6016999999999,E,8,999.0,E,8,3.23,E,8,-9900,?,9,-9900,?,9,0.0,E,8,-9900,?,9,-9900,?,9,0.0,0.0,E,8
12/19/2016,17:00,587.215,1412.504,308.04,1,8,363.492,1,8,157.138,1,8,36964.8,1,8,34531.744,1,8,17285.152,1,8,120.484,1,8,-9900,?,9,-9900,?,9,26.01,E,8,19.82,E,8,68.0,E,8,1008.6016999999999,E,8,999.0,E,8,2.82,E,8,-9900,?,9,-9900,?,9,0.0,E,8,-9900,?,9,-9900,?,9,0.0,0.0,E,8
12/19/2016,18:00,278.669,1412.504,146.75,1,8,445.792,1,8,59.413,1,8,17610.0,1,8,42350.25,1,8,6535.395,1,8,96.53,1,8,-9900,?,9,-9900,?,9,25.43,E,8,19.77,E,8,74.0,E,8,1008.6016999999999,E,8,999.0,E,8,2.64,E,8,-9900,?,9,-9900,?,9,0.052000000000000005,E,8,-9900,?,9,-9900,?,9,0.52,99.0,E,8
12/19/2016,19:00,0.0,1412.504,12.5,1,8,0.0,1,8,0.0,1,8,1500.0,1,8,0.0,1,8,0.0,1,8,-0.0,1,8,-9900,?,9,-9900,?,9,24.85,E,8,19.73,E,8,76.0,E,8,1008.6016999999999,E,8,999.0,E,8,1.63,E,8,-9900,?,9,-9900,?,9,0.094,E,8,-9900,?,9,-9900,?,9,0.94,99.0,E,8
12/19/2016,20:00,0.0,1412.504,0.0,1,8,0.0,1,8,0.0,1,8,0.0,1,8,0.0,1,8,0.0,1,8,-0.0,1,8,-9900,?,9,-9900,?,9,24.27,E,8,19.68,E,8,78.0,E,8,1008.6016999999999,E,8,999.0,E,8,1.05,E,8,-9900,?,9,-9900,?,9,0.017,E,8,-9900,?,9,-9900,?,9,0.17,99.0,E,8
12/19/2016,21:00,0.0,1412.504,0.0,1,8,0.0,1,8,0.0,1,8,0.0,1,8,0.0,1,8,0.0,1,8,-0.0,1,8,-9900,?,9,-9900,?,9,23.69,E,8,19.64,E,8,80.0,E,8,1008.6016999999999,E,8,999.0,E,8,1.05,E,8,-9900,?,9,-9900,?,9,0.024,E,8,-9900,?,9,-9900,?,9,0.24,99.0,E,8
12/19/2016,22:00,0.0,1412.504,0.0,1,8,0.0,1,8,0.0,1,8,0.0,1,8,0.0,1,8,0.0,1,8,-0.0,1,8,-9900,?,9,-9900,?,9,23.11,E,8,19.6,E,8,82.0,E,8,1008.6016999999999,E,8,999.0,E,8,1.05,E,8,-9900,?,9,-9900,?,9,0.004,E,8,-9900,?,9,-9900,?,9,0.04,99.0,E,8
12/19/2016,23:00,0.0,1412.504,0.0,1,8,0.0,1,8,0.0,1,8,0.0,1,8,0.0,1,8,0.0,1,8,-0.0,1,8,-9900,?,9,-9900,?,9,22.53,E,8,19.55,E,8,93.0,E,8,1008.6016999999999,E,8,999.0,E,8,1.05,E,8,-9900,?,9,-9900,?,9,1.345,E,8,-9900,?,9,-9900,?,9,13.45,99.0,E,8
12/19/2016,24:00,0.0,1412.504,0.0,1,8,0.0,1,8,0.0,1,8,0.0,1,8,0.0,1,8,0.0,1,8,-0.0,1,8,-9900,?,9,-9900,?,9,21.95,E,8,18.66,E,8,82.0,E,8,1008.6016999999999,E,8,999.0,E,8,0.61,E,8,-9900,?,9,-9900,?,9,0.046,E,8,-9900,?,9,-9900,?,9,0.46,99.0,E,8
12/20/2016,01:00,0.0,1412.504,0.0,1,8,0.0,1,8,0.0,1,8,0.0,1,8,0.0,1,8,0.0,1,8,-0.0,1,8,-9900,?,9,-9900,?,9,21.66,E,8,18.8,E,8,84.0,E,8,1008.6016999999999,E,8,999.0,E,8,0.61,E,8,-9900,?,9,-9900,?,9,0.028000000000000004,E,8,-9900,?,9,-9900,?,9,0.28,99.0,E,8
12/20/2016,02:00,0.0,1412.504,0.0,1,8,0.0,1,8,0.0,1,8,0.0,1,8,0.0,1,8,0.0,1,8,-0.0,1,8,-9900,?,9,-9900,?,9,21.37,E,8,18.94,E,8,86.0,E,8,1008.6016999999999,E,8,999.0,E,8,0.61,E,8,-9900,?,9,-9900,?,9,0.020999999999999998,E,8,-9900,?,9,-9900,?,9,0.21,99.0,E,8
12/20/2016,03:00,0.0,1412.504,0.0,1,8,0.0,1,8,0.0,1,8,0.0,1,8,0.0,1,8,0.0,1,8,-0.0,1,8,-9900,?,9,-9900,?,9,21.08,E,8,19.08,E,8,96.0,E,8,1008.6016999999999,E,8,999.0,E,8,0.61,E,8,-9900,?,9,-9900,?,9,2.357,E,8,-9900,?,9,-9900,?,9,23.57,99.0,E,8
12/20/2016,04:00,0.0,1412.709,0.0,1,8,0.0,1,8,0.0,1,8,0.0,1,8,0.0,1,8,0.0,1,8,-0.0,1,8,-9900,?,9,-9900,?,9,20.79,E,8,19.21,E,8,89.0,E,8,1008.6016999999999,E,8,999.0,E,8,0.61,E,8,-9900,?,9,-9900,?,9,0.06,E,8,-9900,?,9,-9900,?,9,0.6,99.0,E,8
12/20/2016,05:00,0.0,1412.709,0.0,1,8,0.0,1,8,0.0,1,8,0.0,1,8,0.0,1,8,0.0,1,8,-0.0,1,8,-9900,?,9,-9900,?,9,20.54,E,8,19.33,E,8,91.0,E,8,1008.6016999999999,E,8,999.0,E,8,0.61,E,8,-9900,?,9,-9900,?,9,0.01,E,8,-9900,?,9,-9900,?,9,0.1,99.0,E,8
12/20/2016,06:00,130.745,1412.709,0.0,1,8,0.0,1,8,0.0,1,8,0.0,1,8,0.0,1,8,0.0,1,8,0.0,1,8,-9900,?,9,-9900,?,9,20.35,E,8,19.42,E,8,92.0,E,8,1008.6016999999999,E,8,999.0,E,8,0.61,E,8,-9900,?,9,-9900,?,9,0.001,E,8,-9900,?,9,-9900,?,9,0.01,99.0,E,8
12/20/2016,07:00,442.847,1412.709,61.63,1,8,0.0,1,8,61.63,1,8,7395.6,1,8,0.0,1,8,6779.3,1,8,62.747,1,8,-9900,?,9,-9900,?,9,20.15,E,8,19.51,E,8,90.0,E,8,1008.6016999999999,E,8,999.0,E,8,0.61,E,8,-9900,?,9,-9900,?,9,0.0,E,8,-9900,?,9,-9900,?,9,0.0,0.0,E,8
12/20/2016,08:00,740.742,1412.709,193.26,1,8,13.607,1,8,186.131,1,8,23191.2,1,8,1292.638,1,8,20474.403,1,8,113.081,1,8,-9900,?,9,-9900,?,9,21.52,E,8,18.86,E,8,85.0,E,8,1008.6016999999999,E,8,999.0,E,8,0.61,E,8,-9900,?,9,-9900,?,9,0.001,E,8,-9900,?,9,-9900,?,9,0.01,99.0,E,8
12/20/2016,09:00,1002.346,1412.709,323.6,1,8,30.65,1,8,301.86,1,8,38832.0,1,8,2911.707,1,8,33204.579,1,8,135.462,1,8,-9900,?,9,-9900,?,9,22.22,E,8,18.52,E,8,76.0,E,8,1008.6016999999999,E,8,999.0,E,8,0.77,E,8,-9900,?,9,-9900,?,9,0.0,E,8,-9900,?,9,-9900,?,9,0.0,0.0,E,8
12/20/2016,10:00,1209.621,1412.709,435.06,1,8,39.907,1,8,400.894,1,8,52207.2,1,8,3791.146,1,8,44098.313,1,8,149.049,1,8,-9900,?,9,-9900,?,9,22.87,E,8,18.2,E,8,72.0,E,8,1008.6016999999999,E,8,999.0,E,8,1.33,E,8,-9900,?,9,-9900,?,9,0.0,E,8,-9900,?,9,-9900,?,9,0.0,0.0,E,8
12/20/2016,11:00,1348.388,1412.709,517.96,1,8,65.226,1,8,455.706,1,8,62155.2,1,8,6196.447,1,8,50127.631,1,8,151.979,1,8,-9900,?,9,-9900,?,9,23.44,E,8,17.91,E,8,69.0,E,8,1008.6016999999999,E,8,999.0,E,8,1.98,E,8,-9900,?,9,-9900,?,9,0.0,E,8,-9900,?,9,-9900,?,9,0.0,0.0,E,8
12/20/2016,12:00,1409.174,1412.709,565.93,1,8,83.101,1,8,483.037,1,8,67911.6,1,8,7894.633,1,8,53134.027,1,8,154.141,1,8,-9900,?,9,-9900,?,9,23.9,E,8,17.68,E,8,71.0,E,8,1008.6016999999999,E,8,999.0,E,8,2.68,E,8,-9900,?,9,-9900,?,9,0.007000000000000001,E,8,-9900,?,9,-9900,?,9,0.07,99.0,E,8
12/20/2016,13:00,1387.832,1412.709,575.42,1,8,95.467,1,8,481.636,1,8,69050.4,1,8,9069.319,1,8,52979.91,1,8,156.059,1,8,-9900,?,9,-9900,?,9,24.25,E,8,17.5,E,8,69.0,E,8,1008.6016999999999,E,8,999.0,E,8,2.92,E,8,-9900,?,9,-9900,?,9,0.005,E,8,-9900,?,9,-9900,?,9,0.05,99.0,E,8
12/20/2016,14:00,1285.818,1412.709,545.74,1,8,112.112,1,8,443.704,1,8,65488.8,1,8,10650.623,1,8,48807.478,1,8,155.183,1,8,-9900,?,9,-9900,?,9,24.47,E,8,17.38,E,8,68.0,E,8,1008.6016999999999,E,8,999.0,E,8,3.18,E,8,-9900,?,9,-9900,?,9,0.003,E,8,-9900,?,9,-9900,?,9,0.03,99.0,E,8
12/20/2016,15:00,1110.096,1412.709,479.08,1,8,87.671,1,8,410.201,1,8,57489.6,1,8,8328.768,1,8,45122.125,1,8,166.195,1,8,-9900,?,9,-9900,?,9,24.56,E,8,17.33,E,8,64.0,E,8,1008.6016999999999,E,8,999.0,E,8,3.85,E,8,-9900,?,9,-9900,?,9,0.0,E,8,-9900,?,9,-9900,?,9,0.0,0.0,E,8
12/20/2016,16:00,872.671,1412.709,380.41,1,8,91.215,1,8,324.091,1,8,45649.2,1,8,8665.398,1,8,35649.986,1,8,167.08,1,8,-9900,?,9,-9900,?,9,24.5,E,8,17.36,E,8,68.0,E,8,1008.6016999999999,E,8,999.0,E,8,4.0,E,8,-9900,?,9,-9900,?,9,0.002,E,8,-9900,?,9,-9900,?,9,0.02,99.0,E,8
12/20/2016,17:00,589.829,1412.709,257.7,1,8,177.617,1,8,183.644,1,8,30924.0,1,8,16873.631,1,8,20200.869,1,8,140.202,1,8,-9900,?,9,-9900,?,9,24.25,E,8,17.5,E,8,65.0,E,8,1008.6016999999999,E,8,999.0,E,8,3.77,E,8,-9900,?,9,-9900,?,9,0.0,E,8,-9900,?,9,-9900,?,9,0.0,0.0,E,8
12/20/2016,18:00,281.38,1412.709,123.37,1,8,308.627,1,8,62.318,1,8,14804.4,1,8,29319.572,1,8,6854.96,1,8,100.276,1,8,-9900,?,9,-9900,?,9,23.84,E,8,17.71,E,8,71.0,E,8,1008.6016999999999,E,8,999.0,E,8,2.85,E,8,-9900,?,9,-9900,?,9,0.013000000000000001,E,8,-9900,?,9,-9900,?,9,0.13,99.0,E,8
12/20/2016,19:00,0.0,1412.709,10.96,1,8,0.0,1,8,0.0,1,8,1315.2,1,8,0.0,1,8,0.0,1,8,-0.0,1,8,-9900,?,9,-9900,?,9,23.34,E,8,17.96,E,8,78.0,E,8,1008.6016999999999,E,8,999.0,E,8,2.22,E,8,-9900,?,9,-9900,?,9,0.197,E,8,-9900,?,9,-9900,?,9,1.97,99.0,E,8
12/20/2016,20:00,0.0,1412.709,0.0,1,8,0.0,1,8,0.0,1,8,0.0,1,8,0.0,1,8,0.0,1,8,-0.0,1,8,-9900,?,9,-9900,?,9,23.0,E,8,18.14,E,8,76.0,E,8,1008.6016999999999,E,8,999.0,E,8,1.48,E,8,-9900,?,9,-9900,?,9,0.081,E,8,-9900,?,9,-9900,?,9,0.81,99.0,E,8
12/20/2016,21:00,0.0,1412.709,0.0,1,8,0.0,1,8,0.0,1,8,0.0,1,8,0.0,1,8,0.0,1,8,-0.0,1,8,-9900,?,9,-9900,?,9,22.65,E,8,18.31,E,8,82.0,E,8,1008.6016999999999,E,8,999.0,E,8,1.01,E,8,-9900,?,9,-9900,?,9,0.11699999999999999,E,8,-9900,?,9,-9900,?,9,1.17,99.0,E,8
12/20/2016,22:00,0.0,1412.709,0.0,1,8,0.0,1,8,0.0,1,8,0.0,1,8,0.0,1,8,0.0,1,8,-0.0,1,8,-9900,?,9,-9900,?,9,22.31,E,8,18.48,E,8,80.0,E,8,1008.6016999999999,E,8,999.0,E,8,1.01,E,8,-9900,?,9,-9900,?,9,0.017,E,8,-9900,?,9,-9900,?,9,0.17,99.0,E,8
12/20/2016,23:00,0.0,1412.709,0.0,1,8,0.0,1,8,0.0,1,8,0.0,1,8,0.0,1,8,0.0,1,8,-0.0,1,8,-9900,?,9,-9900,?,9,21.97,E,8,18.65,E,8,82.0,E,8,1008.6016999999999,E,8,999.0,E,8,0.86,E,8,-9900,?,9,-9900,?,9,0.034999999999999996,E,8,-9900,?,9,-9900,?,9,0.35,99.0,E,8
12/20/2016,24:00,0.0,1412.709,0.0,1,8,0.0,1,8,0.0,1,8,0.0,1,8,0.0,1,8,0.0,1,8,-0.0,1,8,-9900,?,9,-9900,?,9,21.63,E,8,17.9,E,8,76.0,E,8,1008.6016999999999,E,8,999.0,E,8,2.02,E,8,-9900,?,9,-9900,?,9,0.0,E,8,-9900,?,9,-9900,?,9,0.0,0.0,E,8
12/21/2016,01:00,0.0,1412.709,0.0,1,8,0.0,1,8,0.0,1,8,0.0,1,8,0.0,1,8,0.0,1,8,-0.0,1,8,-9900,?,9,-9900,?,9,21.46,E,8,17.88,E,8,77.0,E,8,1008.6016999999999,E,8,999.0,E,8,1.83,E,8,-9900,?,9,-9900,?,9,0.0,E,8,-9900,?,9,-9900,?,9,0.0,0.0,E,8
12/21/2016,02:00,0.0,1412.709,0.0,1,8,0.0,1,8,0.0,1,8,0.0,1,8,0.0,1,8,0.0,1,8,-0.0,1,8,-9900,?,9,-9900,?,9,21.28,E,8,17.86,E,8,82.0,E,8,1008.6016999999999,E,8,999.0,E,8,1.38,E,8,-9900,?,9,-9900,?,9,0.001,E,8,-9900,?,9,-9900,?,9,0.01,99.0,E,8
12/21/2016,03:00,0.0,1412.709,0.0,1,8,0.0,1,8,0.0,1,8,0.0,1,8,0.0,1,8,0.0,1,8,-0.0,1,8,-9900,?,9,-9900,?,9,21.11,E,8,17.83,E,8,83.0,E,8,1008.6016999999999,E,8,999.0,E,8,1.09,E,8,-9900,?,9,-9900,?,9,0.092,E,8,-9900,?,9,-9900,?,9,0.92,99.0,E,8
12/21/2016,04:00,0.0,1412.898,0.0,1,8,0.0,1,8,0.0,1,8,0.0,1,8,0.0,1,8,0.0,1,8,-0.0,1,8,-9900,?,9,-9900,?,9,20.94,E,8,17.81,E,8,84.0,E,8,1008.6016999999999,E,8,999.0,E,8,1.43,E,8,-9900,?,9,-9900,?,9,0.001,E,8,-9900,?,9,-9900,?,9,0.01,99.0,E,8
12/21/2016,05:00,0.0,1412.898,0.0,1,8,0.0,1,8,0.0,1,8,0.0,1,8,0.0,1,8,0.0,1,8,-0.0,1,8,-9900,?,9,-9900,?,9,20.79,E,8,17.8,E,8,80.0,E,8,1008.6016999999999,E,8,999.0,E,8,1.53,E,8,-9900,?,9,-9900,?,9,0.0,E,8,-9900,?,9,-9900,?,9,0.0,0.0,E,8
12/21/2016,06:00,128.27,1412.898,0.0,1,8,0.0,1,8,0.0,1,8,0.0,1,8,0.0,1,8,0.0,1,8,0.0,1,8,-9900,?,9,-9900,?,9,20.68,E,8,17.78,E,8,80.0,E,8,1008.6016999999999,E,8,999.0,E,8,1.57,E,8,-9900,?,9,-9900,?,9,0.0,E,8,-9900,?,9,-9900,?,9,0.0,0.0,E,8
12/21/2016,07:00,440.388,1412.898,88.48,1,8,0.0,1,8,88.48,1,8,10617.6,1,8,0.0,1,8,9732.8,1,8,90.602,1,8,-9900,?,9,-9900,?,9,20.56,E,8,17.77,E,8,81.0,E,8,1008.6016999999999,E,8,999.0,E,8,1.39,E,8,-9900,?,9,-9900,?,9,0.0,E,8,-9900,?,9,-9900,?,9,0.0,0.0,E,8
12/21/2016,08:00,738.523,1412.898,280.25,1,8,84.329,1,8,236.205,1,8,33630.0,1,8,8011.282,1,8,25982.585,1,8,143.954,1,8,-9900,?,9,-9900,?,9,22.63,E,8,18.02,E,8,73.0,E,8,1008.6016999999999,E,8,999.0,E,8,1.58,E,8,-9900,?,9,-9900,?,9,0.0,E,8,-9900,?,9,-9900,?,9,0.0,0.0,E,8
12/21/2016,09:00,1000.528,1412.898,470.5,1,8,138.699,1,8,372.311,1,8,56460.0,1,8,13176.404,1,8,40954.157,1,8,167.403,1,8,-9900,?,9,-9900,?,9,23.71,E,8,18.14,E,8,69.0,E,8,1008.6016999999999,E,8,999.0,E,8,2.34,E,8,-9900,?,9,-9900,?,9,0.0,E,8,-9900,?,9,-9900,?,9,0.0,0.0,E,8
12/21/2016,10:00,1208.335,1412.898,633.35,1,8,249.513,1,8,419.985,1,8,76002.0,1,8,23703.73,1,8,46198.37,1,8,156.334,1,8,-9900,?,9,-9900,?,9,24.7,E,8,18.26,E,8,66.0,E,8,1008.6016999999999,E,8,999.0,E,8,3.6,E,8,-9900,?,9,-9900,?,9,0.0,E,8,-9900,?,9,-9900,?,9,0.0,0.0,E,8
12/21/2016,11:00,1347.729,1412.898,754.66,1,8,309.805,1,8,459.153,1,8,90559.2,1,8,29431.469,1,8,50506.867,1,8,153.225,1,8,-9900,?,9,-9900,?,9,25.57,E,8,18.36,E,8,63.0,E,8,1008.6016999999999,E,8,999.0,E,8,5.0,E,8,-9900,?,9,-9900,?,9,0.0,E,8,-9900,?,9,-9900,?,9,0.0,0.0,E,8
12/21/2016,12:00,1409.191,1412.898,825.06,1,8,356.076,1,8,469.919,1,8,99007.2,1,8,33827.193,1,8,51691.102,1,8,149.974,1,8,-9900,?,9,-9900,?,9,26.28,E,8,18.45,E,8,61.0,E,8,1008.6016999999999,E,8,999.0,E,8,6.58,E,8,-9900,?,9,-9900,?,9,0.0,E,8,-9900,?,9,-9900,?,9,0.0,0.0,E,8
12/21/2016,13:00,1388.529,1412.898,839.38,1,8,400.859,1,8,445.439,1,8,100725.6,1,8,38081.606,1,8,48998.297,1,8,144.278,1,8,-9900,?,9,-9900,?,9,26.81,E,8,18.51,E,8,60.0,E,8,1008.6016999999999,E,8,999.0,E,8,6.49,E,8,-9900,?,9,-9900,?,9,0.0,E,8,-9900,?,9,-9900,?,9,0.0,0.0,E,8
12/21/2016,14:00,1287.151,1412.898,796.57,1,8,489.066,1,8,351.058,1,8,95588.4,1,8,46461.249,1,8,38616.327,1,8,122.669,1,8,-9900,?,9,-9900,?,9,27.15,E,8,18.55,E,8,59.0,E,8,1008.6016999999999,E,8,999.0,E,8,6.16,E,8,-9900,?,9,-9900,?,9,0.0,E,8,-9900,?,9,-9900,?,9,0.0,0.0,E,8
12/21/2016,15:00,1111.978,1412.898,699.75,1,8,535.222,1,8,278.596,1,8,83970.0,1,8,50846.129,1,8,30645.525,1,8,112.698,1,8,-9900,?,9,-9900,?,9,27.29,E,8,18.56,E,8,58.0,E,8,1008.6016999999999,E,8,999.0,E,8,6.07,E,8,-9900,?,9,-9900,?,9,0.0,E,8,-9900,?,9,-9900,?,9,0.0,0.0,E,8
12/21/2016,16:00,874.978,1412.898,556.2,1,8,611.303,1,8,177.812,1,8,66744.0,1,8,58073.742,1,8,19559.316,1,8,91.439,1,8,-9900,?,9,-9900,?,9,27.21,E,8,18.55,E,8,59.0,E,8,1008.6016999999999,E,8,999.0,E,8,6.01,E,8,-9900,?,9,-9900,?,9,0.0,E,8,-9900,?,9,-9900,?,9,0.0,0.0,E,8
12/21/2016,17:00,592.403,1412.898,377.45,1,8,620.192,1,8,117.77,1,8,45294.0,1,8,58918.256,1,8,12954.694,1,8,89.531,1,8,-9900,?,9,-9900,?,9,26.83,E,8,18.51,E,8,60.0,E,8,1008.6016999999999,E,8,999.0,E,8,4.55,E,8,-9900,?,9,-9900,?,9,0.0,E,8,-9900,?,9,-9900,?,9,0.0,0.0,E,8
12/21/2016,18:00,284.037,1412.898,181.56,1,8,425.281,1,8,96.638,1,8,21787.2,1,8,40401.727,1,8,10630.14,1,8,154.046,1,8,-9900,?,9,-9900,?,9,26.2,E,8,18.44,E,8,61.0,E,8,1008.6016999999999,E,8,999.0,E,8,3.99,E,8,-9900,?,9,-9900,?,9,0.0,E,8,-9900,?,9,-9900,?,9,0.0,0.0,E,8
12/21/2016,19:00,0.0,1412.898,16.78,1,8,0.0,1,8,0.0,1,8,2013.6,1,8,0.0,1,8,0.0,1,8,-0.0,1,8,-9900,?,9,-9900,?,9,25.43,E,8,18.35,E,8,64.0,E,8,1008.6016999999999,E,8,999.0,E,8,2.84,E,8,-9900,?,9,-9900,?,9,0.0,E,8,-9900,?,9,-9900,?,9,0.0,0.0,E,8
12/21/2016,20:00,0.0,1412.898,0.0,1,8,0.0,1,8,0.0,1,8,0.0,1,8,0.0,1,8,0.0,1,8,-0.0,1,8,-9900,?,9,-9900,?,9,24.86,E,8,18.28,E,8,70.0,E,8,1008.6016999999999,E,8,999.0,E,8,2.3,E,8,-9900,?,9,-9900,?,9,0.002,E,8,-9900,?,9,-9900,?,9,0.02,99.0,E,8
12/21/2016,21:00,0.0,1412.898,0.0,1,8,0.0,1,8,0.0,1,8,0.0,1,8,0.0,1,8,0.0,1,8,-0.0,1,8,-9900,?,9,-9900,?,9,24.29,E,8,18.21,E,8,72.0,E,8,1008.6016999999999,E,8,999.0,E,8,1.43,E,8,-9900,?,9,-9900,?,9,0.004,E,8,-9900,?,9,-9900,?,9,0.04,99.0,E,8
12/21/2016,22:00,0.0,1412.898,0.0,1,8,0.0,1,8,0.0,1,8,0.0,1,8,0.0,1,8,0.0,1,8,-0.0,1,8,-9900,?,9,-9900,?,9,23.73,E,8,18.15,E,8,69.0,E,8,1008.6016999999999,E,8,999.0,E,8,1.22,E,8,-9900,?,9,-9900,?,9,0.0,E,8,-9900,?,9,-9900,?,9,0.0,0.0,E,8
12/21/2016,23:00,0.0,1412.898,0.0,1,8,0.0,1,8,0.0,1,8,0.0,1,8,0.0,1,8,0.0,1,8,-0.0,1,8,-9900,?,9,-9900,?,9,23.16,E,8,18.08,E,8,71.0,E,8,1008.6016999999999,E,8,999.0,E,8,1.09,E,8,-9900,?,9,-9900,?,9,0.0,E,8,-9900,?,9,-9900,?,9,0.0,0.0,E,8
12/21/2016,24:00,0.0,1412.898,0.0,1,8,0.0,1,8,0.0,1,8,0.0,1,8,0.0,1,8,0.0,1,8,-0.0,1,8,-9900,?,9,-9900,?,9,22.59,E,8,20.27,E,8,86.0,E,8,1008.6016999999999,E,8,999.0,E,8,0.95,E,8,-9900,?,9,-9900,?,9,0.043,E,8,-9900,?,9,-9900,?,9,0.43,99.0,E,8
12/22/2016,01:00,0.0,1412.898,0.0,1,8,0.0,1,8,0.0,1,8,0.0,1,8,0.0,1,8,0.0,1,8,-0.0,1,8,-9900,?,9,-9900,?,9,22.31,E,8,20.28,E,8,96.0,E,8,1008.6016999999999,E,8,999.0,E,8,0.95,E,8,-9900,?,9,-9900,?,9,1.194,E,8,-9900,?,9,-9900,?,9,11.94,99.0,E,8
12/22/2016,02:00,0.0,1412.898,0.0,1,8,0.0,1,8,0.0,1,8,0.0,1,8,0.0,1,8,0.0,1,8,-0.0,1,8,-9900,?,9,-9900,?,9,22.02,E,8,20.29,E,8,89.0,E,8,1008.6016999999999,E,8,999.0,E,8,0.95,E,8,-9900,?,9,-9900,?,9,0.013000000000000001,E,8,-9900,?,9,-9900,?,9,0.13,99.0,E,8
12/22/2016,03:00,0.0,1412.898,0.0,1,8,0.0,1,8,0.0,1,8,0.0,1,8,0.0,1,8,0.0,1,8,-0.0,1,8,-9900,?,9,-9900,?,9,21.74,E,8,20.3,E,8,90.0,E,8,1008.6016999999999,E,8,999.0,E,8,0.95,E,8,-9900,?,9,-9900,?,9,0.028000000000000004,E,8,-9900,?,9,-9900,?,9,0.28,99.0,E,8
12/22/2016,04:00,0.0,1413.073,0.0,1,8,0.0,1,8,0.0,1,8,0.0,1,8,0.0,1,8,0.0,1,8,-0.0,1,8,-9900,?,9,-9900,?,9,21.45,E,8,20.3,E,8,92.0,E,8,1008.6016999999999,E,8,999.0,E,8,0.95,E,8,-9900,?,9,-9900,?,9,0.004,E,8,-9900,?,9,-9900,?,9,0.04,99.0,E,8
12/22/2016,05:00,0.0,1413.073,0.0,1,8,0.0,1,8,0.0,1,8,0.0,1,8,0.0,1,8,0.0,1,8,-0.0,1,8,-9900,?,9,-9900,?,9,21.2,E,8,20.31,E,8,93.0,E,8,1008.6016999999999,E,8,999.0,E,8,0.95,E,8,-9900,?,9,-9900,?,9,0.006,E,8,-9900,?,9,-9900,?,9,0.06,99.0,E,8
12/22/2016,06:00,125.721,1413.073,0.0,1,8,0.0,1,8,0.0,1,8,0.0,1,8,0.0,1,8,0.0,1,8,0.0,1,8,-9900,?,9,-9900,?,9,21.02,E,8,20.32,E,8,90.0,E,8,1008.6016999999999,E,8,999.0,E,8,0.95,E,8,-9900,?,9,-9900,?,9,0.0,E,8,-9900,?,9,-9900,?,9,0.0,0.0,E,8
12/22/2016,07:00,437.867,1413.073,58.47,1,8,0.0,1,8,58.47,1,8,7016.4,1,8,0.0,1,8,6431.7,1,8,60.227,1,8,-9900,?,9,-9900,?,9,20.83,E,8,20.32,E,8,91.0,E,8,1008.6016999999999,E,8,999.0,E,8,0.95,E,8,-9900,?,9,-9900,?,9,0.0,E,8,-9900,?,9,-9900,?,9,0.0,0.0,E,8
12/22/2016,08:00,736.256,1413.073,187.17,1,8,10.835,1,8,181.529,1,8,22460.4,1,8,1029.292,1,8,19968.216,1,8,110.987,1,8,-9900,?,9,-9900,?,9,22.72,E,8,20.27,E,8,81.0,E,8,1008.6016999999999,E,8,999.0,E,8,0.95,E,8,-9900,?,9,-9900,?,9,0.0,E,8,-9900,?,9,-9900,?,9,0.0,0.0,E,8
12/22/2016,09:00,998.675,1413.073,315.08,1,8,25.921,1,8,296.766,1,8,37809.6,1,8,2462.461,1,8,32644.287,1,8,133.7,1,8,-9900,?,9,-9900,?,9,23.7,E,8,20.24,E,8,77.0,E,8,1008.6016999999999,E,8,999.0,E,8,0.95,E,8,-9900,?,9,-9900,?,9,0.0,E,8,-9900,?,9,-9900,?,9,0.0,0.0,E,8
12/22/2016,10:00,1207.025,1413.073,536.59,1,8,131.09,1,8,424.627,1,8,64390.8,1,8,12453.52,1,8,46709.022,1,8,158.254,1,8,-9900,?,9,-9900,?,9,25.05,E,8,20.21,E,8,71.0,E,8,1008.6016999999999,E,8,999.0,E,8,1.24,E,8,-9900,?,9,-9900,?,9,0.0,E,8,-9900,?,9,-9900,?,9,0.0,0.0,E,8
12/22/2016,11:00,1347.051,1413.073,672.94,1,8,181.412,1,8,500.009,1,8,80752.8,1,8,17234.137,1,8,55000.998,1,8,166.963,1,8,-9900,?,9,-9900,?,9,26.28,E,8,20.17,E,8,66.0,E,8,1008.6016999999999,E,8,999.0,E,8,1.7,E,8,-9900,?,9,-9900,?,9,0.0,E,8,-9900,?,9,-9900,?,9,0.0,0.0,E,8
12/22/2016,12:00,1409.194,1413.073,471.56,1,8,31.866,1,8,439.782,1,8,56587.2,1,8,3027.234,1,8,48376.009,1,8,140.372,1,8,-9900,?,9,-9900,?,9,26.58,E,8,20.16,E,8,70.0,E,8,1008.6016999999999,E,8,999.0,E,8,2.42,E,8,-9900,?,9,-9900,?,9,0.002,E,8,-9900,?,9,-9900,?,9,0.02,99.0,E,8
12/22/2016,13:00,1389.213,1413.073,563.97,1,8,76.666,1,8,488.599,1,8,67676.4,1,8,7283.272,1,8,53745.922,1,8,158.199,1,8,-9900,?,9,-9900,?,9,27.0,E,8,20.15,E,8,68.0,E,8,1008.6016999999999,E,8,999.0,E,8,2.94,E,8,-9900,?,9,-9900,?,9,0.009,E,8,-9900,?,9,-9900,?,9,0.09,99.0,E,8
12/22/2016,14:00,1288.469,1413.073,241.85,1,8,10.458,1,8,232.315,1,8,29022.0,1,8,993.47,1,8,25554.665,1,8,81.104,1,8,-9900,?,9,-9900,?,9,26.48,E,8,20.17,E,8,66.0,E,8,1008.6016999999999,E,8,999.0,E,8,4.11,E,8,-9900,?,9,-9900,?,9,0.0,E,8,-9900,?,9,-9900,?,9,0.0,0.0,E,8
12/22/2016,15:00,1113.838,1413.073,310.61,1,8,30.463,1,8,286.602,1,8,37273.2,1,8,2893.98,1,8,31526.247,1,8,115.758,1,8,-9900,?,9,-9900,?,9,26.27,E,8,20.17,E,8,71.0,E,8,1008.6016999999999,E,8,999.0,E,8,3.55,E,8,-9900,?,9,-9900,?,9,0.001,E,8,-9900,?,9,-9900,?,9,0.01,99.0,E,8
12/22/2016,16:00,877.252,1413.073,442.82,1,8,241.051,1,8,293.243,1,8,53138.4,1,8,22899.819,1,8,32256.73,1,8,150.425,1,8,-9900,?,9,-9900,?,9,26.46,E,8,20.17,E,8,70.0,E,8,1008.6016999999999,E,8,999.0,E,8,3.64,E,8,-9900,?,9,-9900,?,9,0.001,E,8,-9900,?,9,-9900,?,9,0.01,99.0,E,8
12/22/2016,17:00,594.932,1413.073,254.63,1,8,162.899,1,8,186.139,1,8,30555.6,1,8,15475.445,1,8,20475.272,1,8,140.92,1,8,-9900,?,9,-9900,?,9,26.16,E,8,20.18,E,8,71.0,E,8,1008.6016999999999,E,8,999.0,E,8,2.8,E,8,-9900,?,9,-9900,?,9,0.019,E,8,-9900,?,9,-9900,?,9,0.19,99.0,E,8
12/22/2016,18:00,286.637,1413.073,125.7,1,8,306.818,1,8,63.872,1,8,15084.0,1,8,29147.669,1,8,7025.964,1,8,100.893,1,8,-9900,?,9,-9900,?,9,25.63,E,8,20.19,E,8,73.0,E,8,1008.6016999999999,E,8,999.0,E,8,2.1,E,8,-9900,?,9,-9900,?,9,0.08,E,8,-9900,?,9,-9900,?,9,0.8,99.0,E,8
12/22/2016,19:00,0.0,1413.073,66.3,1,8,0.0,1,8,0.0,1,8,7956.0,1,8,0.0,1,8,0.0,1,8,-0.0,1,8,-9900,?,9,-9900,?,9,25.06,E,8,20.21,E,8,71.0,E,8,1008.6016999999999,E,8,999.0,E,8,1.63,E,8,-9900,?,9,-9900,?,9,0.0,E,8,-9900,?,9,-9900,?,9,0.0,0.0,E,8
12/22/2016,20:00,0.0,1413.073,0.0,1,8,0.0,1,8,0.0,1,8,0.0,1,8,0.0,1,8,0.0,1,8,-0.0,1,8,-9900,?,9,-9900,?,9,24.63,E,8,20.22,E,8,73.0,E,8,1008.6016999999999,E,8,999.0,E,8,0.95,E,8,-9900,?,9,-9900,?,9,0.0,E,8,-9900,?,9,-9900,?,9,0.0,0.0,E,8
12/22/2016,21:00,0.0,1413.073,0.0,1,8,0.0,1,8,0.0,1,8,0.0,1,8,0.0,1,8,0.0,1,8,-0.0,1,8,-9900,?,9,-9900,?,9,24.2,E,8,20.23,E,8,75.0,E,8,1008.6016999999999,E,8,999.0,E,8,0.95,E,8,-9900,?,9,-9900,?,9,0.0,E,8,-9900,?,9,-9900,?,9,0.0,0.0,E,8
12/22/2016,22:00,0.0,1413.073,0.0,1,8,0.0,1,8,0.0,1,8,0.0,1,8,0.0,1,8,0.0,1,8,-0.0,1,8,-9900,?,9,-9900,?,9,23.77,E,8,20.24,E,8,77.0,E,8,1008.6016999999999,E,8,999.0,E,8,0.95,E,8,-9900,?,9,-9900,?,9,0.0,E,8,-9900,?,9,-9900,?,9,0.0,0.0,E,8
12/22/2016,23:00,0.0,1413.073,0.0,1,8,0.0,1,8,0.0,1,8,0.0,1,8,0.0,1,8,0.0,1,8,-0.0,1,8,-9900,?,9,-9900,?,9,23.34,E,8,20.25,E,8,78.0,E,8,1008.6016999999999,E,8,999.0,E,8,0.95,E,8,-9900,?,9,-9900,?,9,0.0,E,8,-9900,?,9,-9900,?,9,0.0,0.0,E,8
12/22/2016,24:00,0.0,1413.073,0.0,1,8,0.0,1,8,0.0,1,8,0.0,1,8,0.0,1,8,0.0,1,8,-0.0,1,8,-9900,?,9,-9900,?,9,22.9,E,8,20.23,E,8,79.0,E,8,1008.6016999999999,E,8,999.0,E,8,0.92,E,8,-9900,?,9,-9900,?,9,0.0,E,8,-9900,?,9,-9900,?,9,0.0,0.0,E,8
12/23/2016,01:00,0.0,1413.073,0.0,1,8,0.0,1,8,0.0,1,8,0.0,1,8,0.0,1,8,0.0,1,8,-0.0,1,8,-9900,?,9,-9900,?,9,22.69,E,8,20.2,E,8,80.0,E,8,1008.6016999999999,E,8,999.0,E,8,0.92,E,8,-9900,?,9,-9900,?,9,0.0,E,8,-9900,?,9,-9900,?,9,0.0,0.0,E,8
12/23/2016,02:00,0.0,1413.073,0.0,1,8,0.0,1,8,0.0,1,8,0.0,1,8,0.0,1,8,0.0,1,8,-0.0,1,8,-9900,?,9,-9900,?,9,22.47,E,8,20.16,E,8,81.0,E,8,1008.6016999999999,E,8,999.0,E,8,0.92,E,8,-9900,?,9,-9900,?,9,0.0,E,8,-9900,?,9,-9900,?,9,0.0,0.0,E,8
12/23/2016,03:00,0.0,1413.073,0.0,1,8,0.0,1,8,0.0,1,8,0.0,1,8,0.0,1,8,0.0,1,8,-0.0,1,8,-9900,?,9,-9900,?,9,22.26,E,8,20.13,E,8,81.0,E,8,1008.6016999999999,E,8,999.0,E,8,0.92,E,8,-9900,?,9,-9900,?,9,0.0,E,8,-9900,?,9,-9900,?,9,0.0,0.0,E,8
12/23/2016,04:00,0.0,1413.234,0.0,1,8,0.0,1,8,0.0,1,8,0.0,1,8,0.0,1,8,0.0,1,8,-0.0,1,8,-9900,?,9,-9900,?,9,22.04,E,8,20.1,E,8,86.0,E,8,1008.6016999999999,E,8,999.0,E,8,0.92,E,8,-9900,?,9,-9900,?,9,0.002,E,8,-9900,?,9,-9900,?,9,0.02,99.0,E,8
12/23/2016,05:00,0.0,1413.234,0.0,1,8,0.0,1,8,0.0,1,8,0.0,1,8,0.0,1,8,0.0,1,8,-0.0,1,8,-9900,?,9,-9900,?,9,21.85,E,8,20.07,E,8,86.0,E,8,1008.6016999999999,E,8,999.0,E,8,0.92,E,8,-9900,?,9,-9900,?,9,0.009,E,8,-9900,?,9,-9900,?,9,0.09,99.0,E,8
12/23/2016,06:00,123.104,1413.234,0.0,1,8,0.0,1,8,0.0,1,8,0.0,1,8,0.0,1,8,0.0,1,8,0.0,1,8,-9900,?,9,-9900,?,9,21.71,E,8,20.05,E,8,90.0,E,8,1008.6016999999999,E,8,999.0,E,8,0.92,E,8,-9900,?,9,-9900,?,9,0.183,E,8,-9900,?,9,-9900,?,9,1.83,99.0,E,8
12/23/2016,07:00,435.287,1413.234,65.34,1,8,0.0,1,8,65.34,1,8,7840.8,1,8,0.0,1,8,7187.4,1,8,67.712,1,8,-9900,?,9,-9900,?,9,21.57,E,8,20.03,E,8,87.0,E,8,1008.6016999999999,E,8,999.0,E,8,0.92,E,8,-9900,?,9,-9900,?,9,0.004,E,8,-9900,?,9,-9900,?,9,0.04,99.0,E,8
12/23/2016,08:00,733.943,1413.234,267.62,1,8,88.703,1,8,221.59,1,8,32114.4,1,8,8426.798,1,8,24374.874,1,8,135.924,1,8,-9900,?,9,-9900,?,9,23.45,E,8,20.31,E,8,81.0,E,8,1008.6016999999999,E,8,999.0,E,8,0.92,E,8,-9900,?,9,-9900,?,9,0.001,E,8,-9900,?,9,-9900,?,9,0.01,99.0,E,8
12/23/2016,09:00,996.788,1413.234,374.99,1,8,58.255,1,8,333.914,1,8,44998.8,1,8,5534.198,1,8,36730.509,1,8,150.739,1,8,-9900,?,9,-9900,?,9,24.24,E,8,20.43,E,8,75.0,E,8,1008.6016999999999,E,8,999.0,E,8,0.92,E,8,-9900,?,9,-9900,?,9,0.0,E,8,-9900,?,9,-9900,?,9,0.0,0.0,E,8
12/23/2016,10:00,1205.69,1413.234,562.62,1,8,159.535,1,8,426.529,1,8,67514.4,1,8,15155.816,1,8,46918.175,1,8,159.157,1,8,-9900,?,9,-9900,?,9,25.16,E,8,20.56,E,8,72.0,E,8,1008.6016999999999,E,8,999.0,E,8,0.92,E,8,-9900,?,9,-9900,?,9,0.0,E,8,-9900,?,9,-9900,?,9,0.0,0.0,E,8
12/23/2016,11:00,1346.358,1413.234,732.78,1,8,290.081,1,8,456.435,1,8,87933.6,1,8,27557.651,1,8,50207.811,1,8,152.509,1,8,-9900,?,9,-9900,?,9,26.1,E,8,20.7,E,8,70.0,E,8,1008.6016999999999,E,8,999.0,E,8,1.38,E,8,-9900,?,9,-9900,?,9,0.0,E,8,-9900,?,9,-9900,?,9,0.0,0.0,E,8
12/23/2016,12:00,1409.185,1413.234,738.04,1,8,239.78,1,8,498.947,1,8,88564.8,1,8,22779.13,1,8,54884.17,1,8,159.276,1,8,-9900,?,9,-9900,?,9,26.74,E,8,20.79,E,8,72.0,E,8,1008.6016999999999,E,8,999.0,E,8,2.07,E,8,-9900,?,9,-9900,?,9,0.001,E,8,-9900,?,9,-9900,?,9,0.01,99.0,E,8
12/23/2016,13:00,1389.884,1413.234,821.24,1,8,361.203,1,8,466.009,1,8,98548.8,1,8,34314.263,1,8,51260.954,1,8,150.829,1,8,-9900,?,9,-9900,?,9,27.33,E,8,20.88,E,8,67.0,E,8,1008.6016999999999,E,8,999.0,E,8,2.41,E,8,-9900,?,9,-9900,?,9,0.0,E,8,-9900,?,9,-9900,?,9,0.0,0.0,E,8
12/23/2016,14:00,1289.77,1413.234,826.07,1,8,536.223,1,8,336.721,1,8,99128.4,1,8,50941.227,1,8,37039.347,1,8,117.449,1,8,-9900,?,9,-9900,?,9,27.78,E,8,20.94,E,8,66.0,E,8,1008.6016999999999,E,8,999.0,E,8,2.95,E,8,-9900,?,9,-9900,?,9,0.0,E,8,-9900,?,9,-9900,?,9,0.0,0.0,E,8
12/23/2016,15:00,1115.675,1413.234,770.87,1,8,620.601,1,8,281.025,1,8,92504.4,1,8,58957.091,1,8,30912.726,1,8,113.331,1,8,-9900,?,9,-9900,?,9,28.06,E,8,20.98,E,8,65.0,E,8,1008.6016999999999,E,8,999.0,E,8,3.75,E,8,-9900,?,9,-9900,?,9,0.0,E,8,-9900,?,9,-9900,?,9,0.0,0.0,E,8
12/23/2016,16:00,879.492,1413.234,720.69,1,8,807.315,1,8,218.51,1,8,86482.8,1,8,76694.969,1,8,24036.088,1,8,111.816,1,8,-9900,?,9,-9900,?,9,28.23,E,8,21.01,E,8,64.0,E,8,1008.6016999999999,E,8,999.0,E,8,3.29,E,8,-9900,?,9,-9900,?,9,0.0,E,8,-9900,?,9,-9900,?,9,0.0,0.0,E,8
12/23/2016,17:00,597.416,1413.234,589.51,1,8,716.254,1,8,287.134,1,8,70741.2,1,8,68044.164,1,8,31584.708,1,8,216.498,1,8,-9900,?,9,-9900,?,9,28.23,E,8,21.01,E,8,64.0,E,8,1008.6016999999999,E,8,999.0,E,8,3.67,E,8,-9900,?,9,-9900,?,9,0.0,E,8,-9900,?,9,-9900,?,9,0.0,0.0,E,8
12/23/2016,18:00,289.178,1413.234,348.27,1,8,507.842,1,8,245.026,1,8,41792.4,1,8,48244.967,1,8,26952.887,1,8,383.643,1,8,-9900,?,9,-9900,?,9,27.84,E,8,20.95,E,8,65.0,E,8,1008.6016999999999,E,8,999.0,E,8,2.92,E,8,-9900,?,9,-9900,?,9,0.0,E,8,-9900,?,9,-9900,?,9,0.0,0.0,E,8
12/23/2016,19:00,0.0,1413.234,63.83,1,8,0.0,1,8,0.0,1,8,7659.6,1,8,0.0,1,8,0.0,1,8,-0.0,1,8,-9900,?,9,-9900,?,9,27.1,E,8,20.84,E,8,67.0,E,8,1008.6016999999999,E,8,999.0,E,8,2.06,E,8,-9900,?,9,-9900,?,9,0.0,E,8,-9900,?,9,-9900,?,9,0.0,0.0,E,8
12/23/2016,20:00,0.0,1413.234,0.0,1,8,0.0,1,8,0.0,1,8,0.0,1,8,0.0,1,8,0.0,1,8,-0.0,1,8,-9900,?,9,-9900,?,9,26.43,E,8,20.75,E,8,69.0,E,8,1008.6016999999999,E,8,999.0,E,8,1.67,E,8,-9900,?,9,-9900,?,9,0.0,E,8,-9900,?,9,-9900,?,9,0.0,0.0,E,8
12/23/2016,21:00,0.0,1413.234,0.0,1,8,0.0,1,8,0.0,1,8,0.0,1,8,0.0,1,8,0.0,1,8,-0.0,1,8,-9900,?,9,-9900,?,9,25.77,E,8,20.65,E,8,71.0,E,8,1008.6016999999999,E,8,999.0,E,8,1.12,E,8,-9900,?,9,-9900,?,9,0.0,E,8,-9900,?,9,-9900,?,9,0.0,0.0,E,8
12/23/2016,22:00,0.0,1413.234,0.0,1,8,0.0,1,8,0.0,1,8,0.0,1,8,0.0,1,8,0.0,1,8,-0.0,1,8,-9900,?,9,-9900,?,9,25.1,E,8,20.55,E,8,73.0,E,8,1008.6016999999999,E,8,999.0,E,8,1.04,E,8,-9900,?,9,-9900,?,9,0.0,E,8,-9900,?,9,-9900,?,9,0.0,0.0,E,8
12/23/2016,23:00,0.0,1413.234,0.0,1,8,0.0,1,8,0.0,1,8,0.0,1,8,0.0,1,8,0.0,1,8,-0.0,1,8,-9900,?,9,-9900,?,9,24.44,E,8,20.46,E,8,74.0,E,8,1008.6016999999999,E,8,999.0,E,8,0.92,E,8,-9900,?,9,-9900,?,9,0.0,E,8,-9900,?,9,-9900,?,9,0.0,0.0,E,8
12/23/2016,24:00,0.0,1413.234,0.0,1,8,0.0,1,8,0.0,1,8,0.0,1,8,0.0,1,8,0.0,1,8,-0.0,1,8,-9900,?,9,-9900,?,9,23.77,E,8,21.09,E,8,82.0,E,8,1008.6016999999999,E,8,999.0,E,8,0.94,E,8,-9900,?,9,-9900,?,9,0.0,E,8,-9900,?,9,-9900,?,9,0.0,0.0,E,8
12/24/2016,01:00,0.0,1413.234,0.0,1,8,0.0,1,8,0.0,1,8,0.0,1,8,0.0,1,8,0.0,1,8,-0.0,1,8,-9900,?,9,-9900,?,9,23.44,E,8,21.0,E,8,83.0,E,8,1008.6016999999999,E,8,999.0,E,8,0.94,E,8,-9900,?,9,-9900,?,9,0.0,E,8,-9900,?,9,-9900,?,9,0.0,0.0,E,8
12/24/2016,02:00,0.0,1413.234,0.0,1,8,0.0,1,8,0.0,1,8,0.0,1,8,0.0,1,8,0.0,1,8,-0.0,1,8,-9900,?,9,-9900,?,9,23.1,E,8,20.91,E,8,84.0,E,8,1008.6016999999999,E,8,999.0,E,8,0.94,E,8,-9900,?,9,-9900,?,9,0.0,E,8,-9900,?,9,-9900,?,9,0.0,0.0,E,8
12/24/2016,03:00,0.0,1413.234,0.0,1,8,0.0,1,8,0.0,1,8,0.0,1,8,0.0,1,8,0.0,1,8,-0.0,1,8,-9900,?,9,-9900,?,9,22.77,E,8,20.82,E,8,85.0,E,8,1008.6016999999999,E,8,999.0,E,8,0.94,E,8,-9900,?,9,-9900,?,9,0.0,E,8,-9900,?,9,-9900,?,9,0.0,0.0,E,8
12/24/2016,04:00,0.0,1413.379,0.0,1,8,0.0,1,8,0.0,1,8,0.0,1,8,0.0,1,8,0.0,1,8,-0.0,1,8,-9900,?,9,-9900,?,9,22.44,E,8,20.73,E,8,87.0,E,8,1008.6016999999999,E,8,999.0,E,8,0.94,E,8,-9900,?,9,-9900,?,9,0.0,E,8,-9900,?,9,-9900,?,9,0.0,0.0,E,8
12/24/2016,05:00,0.0,1413.379,0.0,1,8,0.0,1,8,0.0,1,8,0.0,1,8,0.0,1,8,0.0,1,8,-0.0,1,8,-9900,?,9,-9900,?,9,22.14,E,8,20.64,E,8,92.0,E,8,1008.6016999999999,E,8,999.0,E,8,0.94,E,8,-9900,?,9,-9900,?,9,0.003,E,8,-9900,?,9,-9900,?,9,0.03,99.0,E,8
12/24/2016,06:00,120.419,1413.379,0.0,1,8,0.0,1,8,0.0,1,8,0.0,1,8,0.0,1,8,0.0,1,8,0.0,1,8,-9900,?,9,-9900,?,9,21.92,E,8,20.58,E,8,92.0,E,8,1008.6016999999999,E,8,999.0,E,8,0.94,E,8,-9900,?,9,-9900,?,9,0.002,E,8,-9900,?,9,-9900,?,9,0.02,99.0,E,8
12/24/2016,07:00,432.651,1413.379,72.02,1,8,0.0,1,8,72.02,1,8,8642.4,1,8,0.0,1,8,7922.2,1,8,75.1,1,8,-9900,?,9,-9900,?,9,21.7,E,8,20.52,E,8,89.0,E,8,1008.6016999999999,E,8,999.0,E,8,0.94,E,8,-9900,?,9,-9900,?,9,0.0,E,8,-9900,?,9,-9900,?,9,0.0,0.0,E,8
12/24/2016,08:00,731.587,1413.379,108.03,1,8,0.0,1,8,108.03,1,8,12963.6,1,8,0.0,1,8,11883.3,1,8,66.487,1,8,-9900,?,9,-9900,?,9,22.81,E,8,20.83,E,8,85.0,E,8,1008.6016999999999,E,8,999.0,E,8,0.94,E,8,-9900,?,9,-9900,?,9,0.0,E,8,-9900,?,9,-9900,?,9,0.0,0.0,E,8
12/24/2016,09:00,994.87,1413.379,399.22,1,8,87.759,1,8,337.466,1,8,47906.4,1,8,8337.073,1,8,37121.221,1,8,152.652,1,8,-9900,?,9,-9900,?,9,24.07,E,8,21.17,E,8,81.0,E,8,1008.6016999999999,E,8,999.0,E,8,0.94,E,8,-9900,?,9,-9900,?,9,0.0,E,8,-9900,?,9,-9900,?,9,0.0,0.0,E,8
12/24/2016,10:00,1204.334,1413.379,539.53,1,8,95.161,1,8,458.453,1,8,64743.6,1,8,9040.319,1,8,50429.777,1,8,171.279,1,8,-9900,?,9,-9900,?,9,25.13,E,8,21.45,E,8,78.0,E,8,1008.6016999999999,E,8,999.0,E,8,1.33,E,8,-9900,?,9,-9900,?,9,0.0,E,8,-9900,?,9,-9900,?,9,0.0,0.0,E,8
12/24/2016,11:00,1345.648,1413.379,644.48,1,8,92.847,1,8,556.085,1,8,77337.6,1,8,8820.474,1,8,61169.342,1,8,185.922,1,8,-9900,?,9,-9900,?,9,26.03,E,8,21.69,E,8,76.0,E,8,1008.6016999999999,E,8,999.0,E,8,1.75,E,8,-9900,?,9,-9900,?,9,0.0,E,8,-9900,?,9,-9900,?,9,0.0,0.0,E,8
12/24/2016,12:00,1409.162,1413.379,705.97,1,8,106.933,1,8,599.356,1,8,84716.4,1,8,10158.652,1,8,65929.163,1,8,191.352,1,8,-9900,?,9,-9900,?,9,26.75,E,8,21.88,E,8,74.0,E,8,1008.6016999999999,E,8,999.0,E,8,2.3,E,8,-9900,?,9,-9900,?,9,0.0,E,8,-9900,?,9,-9900,?,9,0.0,0.0,E,8
12/24/2016,13:00,1390.541,1413.379,719.46,1,8,123.136,1,8,598.315,1,8,86335.2,1,8,11697.939,1,8,65814.617,1,8,193.579,1,8,-9900,?,9,-9900,?,9,27.29,E,8,22.02,E,8,72.0,E,8,1008.6016999999999,E,8,999.0,E,8,2.76,E,8,-9900,?,9,-9900,?,9,0.0,E,8,-9900,?,9,-9900,?,9,0.0,0.0,E,8
12/24/2016,14:00,1291.052,1413.379,683.97,1,8,143.888,1,8,552.543,1,8,82076.4,1,8,13669.4,1,8,60779.697,1,8,192.556,1,8,-9900,?,9,-9900,?,9,27.64,E,8,22.11,E,8,71.0,E,8,1008.6016999999999,E,8,999.0,E,8,3.46,E,8,-9900,?,9,-9900,?,9,0.0,E,8,-9900,?,9,-9900,?,9,0.0,0.0,E,8
12/24/2016,15:00,1117.485,1413.379,602.1,1,8,209.619,1,8,436.394,1,8,72252.0,1,8,19913.824,1,8,48003.376,1,8,175.721,1,8,-9900,?,9,-9900,?,9,27.8,E,8,22.15,E,8,71.0,E,8,1008.6016999999999,E,8,999.0,E,8,3.65,E,8,-9900,?,9,-9900,?,9,0.0,E,8,-9900,?,9,-9900,?,9,0.0,0.0,E,8
12/24/2016,16:00,881.695,1413.379,479.96,1,8,349.409,1,8,262.092,1,8,57595.2,1,8,33193.818,1,8,28830.125,1,8,133.796,1,8,-9900,?,9,-9900,?,9,27.76,E,8,22.14,E,8,71.0,E,8,1008.6016999999999,E,8,999.0,E,8,3.94,E,8,-9900,?,9,-9900,?,9,0.0,E,8,-9900,?,9,-9900,?,9,0.0,0.0,E,8
12/24/2016,17:00,599.85,1413.379,327.37,1,8,410.898,1,8,153.213,1,8,39284.4,1,8,39035.272,1,8,16853.437,1,8,115.064,1,8,-9900,?,9,-9900,?,9,27.44,E,8,22.06,E,8,72.0,E,8,1008.6016999999999,E,8,999.0,E,8,3.38,E,8,-9900,?,9,-9900,?,9,0.0,E,8,-9900,?,9,-9900,?,9,0.0,0.0,E,8
12/24/2016,18:00,291.656,1413.379,159.58,1,8,490.326,1,8,59.042,1,8,19149.6,1,8,46581.005,1,8,6494.637,1,8,91.658,1,8,-9900,?,9,-9900,?,9,26.89,E,8,21.91,E,8,77.0,E,8,1008.6016999999999,E,8,999.0,E,8,2.09,E,8,-9900,?,9,-9900,?,9,0.03,E,8,-9900,?,9,-9900,?,9,0.3,99.0,E,8
12/24/2016,19:00,0.0,1413.379,16.42,1,8,0.0,1,8,0.0,1,8,1970.4,1,8,0.0,1,8,0.0,1,8,-0.0,1,8,-9900,?,9,-9900,?,9,26.19,E,8,21.73,E,8,88.0,E,8,1008.6016999999999,E,8,999.0,E,8,1.14,E,8,-9900,?,9,-9900,?,9,0.534,E,8,-9900,?,9,-9900,?,9,5.34,99.0,E,8
12/24/2016,20:00,0.0,1413.379,0.0,1,8,0.0,1,8,0.0,1,8,0.0,1,8,0.0,1,8,0.0,1,8,-0.0,1,8,-9900,?,9,-9900,?,9,25.54,E,8,21.56,E,8,81.0,E,8,1008.6016999999999,E,8,999.0,E,8,1.38,E,8,-9900,?,9,-9900,?,9,0.001,E,8,-9900,?,9,-9900,?,9,0.01,99.0,E,8
12/24/2016,21:00,0.0,1413.379,0.0,1,8,0.0,1,8,0.0,1,8,0.0,1,8,0.0,1,8,0.0,1,8,-0.0,1,8,-9900,?,9,-9900,?,9,24.9,E,8,21.39,E,8,83.0,E,8,1008.6016999999999,E,8,999.0,E,8,0.94,E,8,-9900,?,9,-9900,?,9,0.005,E,8,-9900,?,9,-9900,?,9,0.05,99.0,E,8
12/24/2016,22:00,0.0,1413.379,0.0,1,8,0.0,1,8,0.0,1,8,0.0,1,8,0.0,1,8,0.0,1,8,-0.0,1,8,-9900,?,9,-9900,?,9,24.25,E,8,21.22,E,8,85.0,E,8,1008.6016999999999,E,8,999.0,E,8,0.94,E,8,-9900,?,9,-9900,?,9,0.009,E,8,-9900,?,9,-9900,?,9,0.09,99.0,E,8
12/24/2016,23:00,0.0,1413.379,0.0,1,8,0.0,1,8,0.0,1,8,0.0,1,8,0.0,1,8,0.0,1,8,-0.0,1,8,-9900,?,9,-9900,?,9,23.61,E,8,21.05,E,8,87.0,E,8,1008.6016999999999,E,8,999.0,E,8,0.94,E,8,-9900,?,9,-9900,?,9,0.015,E,8,-9900,?,9,-9900,?,9,0.15,99.0,E,8
12/24/2016,24:00,0.0,1413.379,0.0,1,8,0.0,1,8,0.0,1,8,0.0,1,8,0.0,1,8,0.0,1,8,-0.0,1,8,-9900,?,9,-9900,?,9,22.96,E,8,20.12,E,8,84.0,E,8,1008.6016999999999,E,8,999.0,E,8,0.71,E,8,-9900,?,9,-9900,?,9,0.0,E,8,-9900,?,9,-9900,?,9,0.0,0.0,E,8
12/25/2016,01:00,0.0,1413.379,0.0,1,8,0.0,1,8,0.0,1,8,0.0,1,8,0.0,1,8,0.0,1,8,-0.0,1,8,-9900,?,9,-9900,?,9,22.64,E,8,20.02,E,8,85.0,E,8,1008.6016999999999,E,8,999.0,E,8,0.71,E,8,-9900,?,9,-9900,?,9,0.0,E,8,-9900,?,9,-9900,?,9,0.0,0.0,E,8
12/25/2016,02:00,0.0,1413.379,0.0,1,8,0.0,1,8,0.0,1,8,0.0,1,8,0.0,1,8,0.0,1,8,-0.0,1,8,-9900,?,9,-9900,?,9,22.32,E,8,19.92,E,8,86.0,E,8,1008.6016999999999,E,8,999.0,E,8,0.71,E,8,-9900,?,9,-9900,?,9,0.0,E,8,-9900,?,9,-9900,?,9,0.0,0.0,E,8
12/25/2016,03:00,0.0,1413.379,0.0,1,8,0.0,1,8,0.0,1,8,0.0,1,8,0.0,1,8,0.0,1,8,-0.0,1,8,-9900,?,9,-9900,?,9,21.99,E,8,19.81,E,8,87.0,E,8,1008.6016999999999,E,8,999.0,E,8,0.71,E,8,-9900,?,9,-9900,?,9,0.0,E,8,-9900,?,9,-9900,?,9,0.0,0.0,E,8
12/25/2016,04:00,0.0,1413.51,0.0,1,8,0.0,1,8,0.0,1,8,0.0,1,8,0.0,1,8,0.0,1,8,-0.0,1,8,-9900,?,9,-9900,?,9,21.67,E,8,19.71,E,8,88.0,E,8,1008.6016999999999,E,8,999.0,E,8,0.71,E,8,-9900,?,9,-9900,?,9,0.0,E,8,-9900,?,9,-9900,?,9,0.0,0.0,E,8
12/25/2016,05:00,0.0,1413.51,0.0,1,8,0.0,1,8,0.0,1,8,0.0,1,8,0.0,1,8,0.0,1,8,-0.0,1,8,-9900,?,9,-9900,?,9,21.38,E,8,19.62,E,8,89.0,E,8,1008.6016999999999,E,8,999.0,E,8,0.71,E,8,-9900,?,9,-9900,?,9,0.0,E,8,-9900,?,9,-9900,?,9,0.0,0.0,E,8
12/25/2016,06:00,117.671,1413.51,0.0,1,8,0.0,1,8,0.0,1,8,0.0,1,8,0.0,1,8,0.0,1,8,0.0,1,8,-9900,?,9,-9900,?,9,21.17,E,8,19.55,E,8,90.0,E,8,1008.6016999999999,E,8,999.0,E,8,0.71,E,8,-9900,?,9,-9900,?,9,0.0,E,8,-9900,?,9,-9900,?,9,0.0,0.0,E,8
12/25/2016,07:00,429.961,1413.51,89.51,1,8,0.0,1,8,89.51,1,8,10741.2,1,8,0.0,1,8,9846.1,1,8,93.934,1,8,-9900,?,9,-9900,?,9,20.96,E,8,19.48,E,8,91.0,E,8,1008.6016999999999,E,8,999.0,E,8,0.71,E,8,-9900,?,9,-9900,?,9,0.0,E,8,-9900,?,9,-9900,?,9,0.0,0.0,E,8
12/25/2016,08:00,729.19,1413.51,235.45,1,8,45.006,1,8,212.252,1,8,28254.0,1,8,4275.533,1,8,23347.676,1,8,131.072,1,8,-9900,?,9,-9900,?,9,22.89,E,8,20.1,E,8,84.0,E,8,1008.6016999999999,E,8,999.0,E,8,0.71,E,8,-9900,?,9,-9900,?,9,0.0,E,8,-9900,?,9,-9900,?,9,0.0,0.0,E,8
12/25/2016,09:00,992.922,1413.51,367.16,1,8,35.218,1,8,342.429,1,8,44059.2,1,8,3345.71,1,8,37667.138,1,8,155.215,1,8,-9900,?,9,-9900,?,9,23.7,E,8,20.35,E,8,81.0,E,8,1008.6016999999999,E,8,999.0,E,8,1.02,E,8,-9900,?,9,-9900,?,9,0.0,E,8,-9900,?,9,-9900,?,9,0.0,0.0,E,8
12/25/2016,10:00,1202.957,1413.51,495.23,1,8,67.711,1,8,437.612,1,8,59427.6,1,8,6432.522,1,8,48137.289,1,8,163.695,1,8,-9900,?,9,-9900,?,9,24.49,E,8,20.59,E,8,78.0,E,8,1008.6016999999999,E,8,999.0,E,8,1.94,E,8,-9900,?,9,-9900,?,9,0.0,E,8,-9900,?,9,-9900,?,9,0.0,0.0,E,8
12/25/2016,11:00,1344.924,1413.51,584.27,1,8,103.427,1,8,485.865,1,8,70112.4,1,8,9825.528,1,8,53445.135,1,8,162.547,1,8,-9900,?,9,-9900,?,9,25.18,E,8,20.8,E,8,76.0,E,8,1008.6016999999999,E,8,999.0,E,8,2.54,E,8,-9900,?,9,-9900,?,9,0.0,E,8,-9900,?,9,-9900,?,9,0.0,0.0,E,8
12/25/2016,12:00,1409.127,1413.51,792.12,1,8,285.977,1,8,507.03,1,8,95054.4,1,8,27167.862,1,8,55773.274,1,8,161.895,1,8,-9900,?,9,-9900,?,9,26.04,E,8,21.06,E,8,74.0,E,8,1008.6016999999999,E,8,999.0,E,8,3.13,E,8,-9900,?,9,-9900,?,9,0.0,E,8,-9900,?,9,-9900,?,9,0.0,0.0,E,8
12/25/2016,13:00,1391.183,1413.51,803.32,1,8,330.272,1,8,478.268,1,8,96398.4,1,8,31375.866,1,8,52609.427,1,8,154.682,1,8,-9900,?,9,-9900,?,9,26.68,E,8,21.25,E,8,72.0,E,8,1008.6016999999999,E,8,999.0,E,8,3.24,E,8,-9900,?,9,-9900,?,9,0.0,E,8,-9900,?,9,-9900,?,9,0.0,0.0,E,8
12/25/2016,14:00,1292.315,1413.51,836.2,1,8,533.851,1,8,348.15,1,8,100344.0,1,8,50715.802,1,8,38296.533,1,8,121.22,1,8,-9900,?,9,-9900,?,9,27.21,E,8,21.41,E,8,70.0,E,8,1008.6016999999999,E,8,999.0,E,8,3.85,E,8,-9900,?,9,-9900,?,9,0.0,E,8,-9900,?,9,-9900,?,9,0.0,0.0,E,8
12/25/2016,15:00,1119.267,1413.51,927.12,1,8,709.872,1,8,365.117,1,8,111254.4,1,8,67437.823,1,8,40162.863,1,8,146.799,1,8,-9900,?,9,-9900,?,9,27.74,E,8,21.56,E,8,69.0,E,8,1008.6016999999999,E,8,999.0,E,8,3.9,E,8,-9900,?,9,-9900,?,9,0.0,E,8,-9900,?,9,-9900,?,9,0.0,0.0,E,8
12/25/2016,16:00,883.859,1413.51,755.35,1,8,810.77,1,8,248.612,1,8,90642.0,1,8,77023.137,1,8,27347.321,1,8,126.615,1,8,-9900,?,9,-9900,?,9,27.96,E,8,21.62,E,8,68.0,E,8,1008.6016999999999,E,8,999.0,E,8,3.67,E,8,-9900,?,9,-9900,?,9,0.0,E,8,-9900,?,9,-9900,?,9,0.0,0.0,E,8
12/25/2016,17:00,602.232,1413.51,549.89,1,8,796.713,1,8,210.893,1,8,65986.8,1,8,75687.764,1,8,23198.236,1,8,157.768,1,8,-9900,?,9,-9900,?,9,27.89,E,8,21.6,E,8,68.0,E,8,1008.6016999999999,E,8,999.0,E,8,2.97,E,8,-9900,?,9,-9900,?,9,0.0,E,8,-9900,?,9,-9900,?,9,0.0,0.0,E,8
12/25/2016,18:00,294.069,1413.51,264.67,1,8,621.352,1,8,136.211,1,8,31760.4,1,8,59028.481,1,8,14983.169,1,8,209.717,1,8,-9900,?,9,-9900,?,9,27.35,E,8,21.45,E,8,70.0,E,8,1008.6016999999999,E,8,999.0,E,8,2.18,E,8,-9900,?,9,-9900,?,9,0.0,E,8,-9900,?,9,-9900,?,9,0.0,0.0,E,8
12/25/2016,19:00,0.0,1413.51,42.26,1,8,0.0,1,8,0.0,1,8,5071.2,1,8,0.0,1,8,0.0,1,8,-0.0,1,8,-9900,?,9,-9900,?,9,26.55,E,8,21.21,E,8,72.0,E,8,1008.6016999999999,E,8,999.0,E,8,1.76,E,8,-9900,?,9,-9900,?,9,0.0,E,8,-9900,?,9,-9900,?,9,0.0,0.0,E,8
12/25/2016,20:00,0.0,1413.51,0.0,1,8,0.0,1,8,0.0,1,8,0.0,1,8,0.0,1,8,0.0,1,8,-0.0,1,8,-9900,?,9,-9900,?,9,25.85,E,8,21.0,E,8,74.0,E,8,1008.6016999999999,E,8,999.0,E,8,0.73,E,8,-9900,?,9,-9900,?,9,0.0,E,8,-9900,?,9,-9900,?,9,0.0,0.0,E,8
12/25/2016,21:00,0.0,1413.51,0.0,1,8,0.0,1,8,0.0,1,8,0.0,1,8,0.0,1,8,0.0,1,8,-0.0,1,8,-9900,?,9,-9900,?,9,25.16,E,8,20.8,E,8,76.0,E,8,1008.6016999999999,E,8,999.0,E,8,0.71,E,8,-9900,?,9,-9900,?,9,0.0,E,8,-9900,?,9,-9900,?,9,0.0,0.0,E,8
12/25/2016,22:00,0.0,1413.51,0.0,1,8,0.0,1,8,0.0,1,8,0.0,1,8,0.0,1,8,0.0,1,8,-0.0,1,8,-9900,?,9,-9900,?,9,24.46,E,8,20.58,E,8,79.0,E,8,1008.6016999999999,E,8,999.0,E,8,0.71,E,8,-9900,?,9,-9900,?,9,0.0,E,8,-9900,?,9,-9900,?,9,0.0,0.0,E,8
12/25/2016,23:00,0.0,1413.51,0.0,1,8,0.0,1,8,0.0,1,8,0.0,1,8,0.0,1,8,0.0,1,8,-0.0,1,8,-9900,?,9,-9900,?,9,23.76,E,8,20.37,E,8,81.0,E,8,1008.6016999999999,E,8,999.0,E,8,0.71,E,8,-9900,?,9,-9900,?,9,0.0,E,8,-9900,?,9,-9900,?,9,0.0,0.0,E,8
12/25/2016,24:00,0.0,1413.51,0.0,1,8,0.0,1,8,0.0,1,8,0.0,1,8,0.0,1,8,0.0,1,8,-0.0,1,8,-9900,?,9,-9900,?,9,23.07,E,8,19.86,E,8,82.0,E,8,1008.6016999999999,E,8,999.0,E,8,0.88,E,8,-9900,?,9,-9900,?,9,0.0,E,8,-9900,?,9,-9900,?,9,0.0,0.0,E,8
12/26/2016,01:00,0.0,1413.51,0.0,1,8,0.0,1,8,0.0,1,8,0.0,1,8,0.0,1,8,0.0,1,8,-0.0,1,8,-9900,?,9,-9900,?,9,22.72,E,8,19.79,E,8,83.0,E,8,1008.6016999999999,E,8,999.0,E,8,0.88,E,8,-9900,?,9,-9900,?,9,0.0,E,8,-9900,?,9,-9900,?,9,0.0,0.0,E,8
12/26/2016,02:00,0.0,1413.51,0.0,1,8,0.0,1,8,0.0,1,8,0.0,1,8,0.0,1,8,0.0,1,8,-0.0,1,8,-9900,?,9,-9900,?,9,22.37,E,8,19.71,E,8,84.0,E,8,1008.6016999999999,E,8,999.0,E,8,0.88,E,8,-9900,?,9,-9900,?,9,0.0,E,8,-9900,?,9,-9900,?,9,0.0,0.0,E,8
12/26/2016,03:00,0.0,1413.51,0.0,1,8,0.0,1,8,0.0,1,8,0.0,1,8,0.0,1,8,0.0,1,8,-0.0,1,8,-9900,?,9,-9900,?,9,22.02,E,8,19.64,E,8,86.0,E,8,1008.6016999999999,E,8,999.0,E,8,0.88,E,8,-9900,?,9,-9900,?,9,0.0,E,8,-9900,?,9,-9900,?,9,0.0,0.0,E,8
12/26/2016,04:00,0.0,1413.626,0.0,1,8,0.0,1,8,0.0,1,8,0.0,1,8,0.0,1,8,0.0,1,8,-0.0,1,8,-9900,?,9,-9900,?,9,21.67,E,8,19.56,E,8,87.0,E,8,1008.6016999999999,E,8,999.0,E,8,0.88,E,8,-9900,?,9,-9900,?,9,0.0,E,8,-9900,?,9,-9900,?,9,0.0,0.0,E,8
12/26/2016,05:00,0.0,1413.626,0.0,1,8,0.0,1,8,0.0,1,8,0.0,1,8,0.0,1,8,0.0,1,8,-0.0,1,8,-9900,?,9,-9900,?,9,21.36,E,8,19.49,E,8,89.0,E,8,1008.6016999999999,E,8,999.0,E,8,0.88,E,8,-9900,?,9,-9900,?,9,0.0,E,8,-9900,?,9,-9900,?,9,0.0,0.0,E,8
12/26/2016,06:00,114.862,1413.626,0.0,1,8,0.0,1,8,0.0,1,8,0.0,1,8,0.0,1,8,0.0,1,8,0.0,1,8,-9900,?,9,-9900,?,9,21.13,E,8,19.44,E,8,90.0,E,8,1008.6016999999999,E,8,999.0,E,8,0.88,E,8,-9900,?,9,-9900,?,9,0.0,E,8,-9900,?,9,-9900,?,9,0.0,0.0,E,8
12/26/2016,07:00,427.221,1413.626,107.57,1,8,3.311,1,8,106.572,1,8,12908.4,1,8,314.527,1,8,11722.952,1,8,112.571,1,8,-9900,?,9,-9900,?,9,20.91,E,8,19.4,E,8,91.0,E,8,1008.6016999999999,E,8,999.0,E,8,0.88,E,8,-9900,?,9,-9900,?,9,0.0,E,8,-9900,?,9,-9900,?,9,0.0,0.0,E,8
12/26/2016,08:00,726.755,1413.626,308.04,1,8,136.048,1,8,238.154,1,8,36964.8,1,8,12924.552,1,8,26196.916,1,8,147.573,1,8,-9900,?,9,-9900,?,9,23.11,E,8,19.87,E,8,82.0,E,8,1008.6016999999999,E,8,999.0,E,8,1.03,E,8,-9900,?,9,-9900,?,9,0.0,E,8,-9900,?,9,-9900,?,9,0.0,0.0,E,8
12/26/2016,09:00,990.946,1413.626,452.58,1,8,99.437,1,8,382.896,1,8,54309.6,1,8,9446.484,1,8,42118.611,1,8,173.919,1,8,-9900,?,9,-9900,?,9,23.98,E,8,20.06,E,8,78.0,E,8,1008.6016999999999,E,8,999.0,E,8,1.64,E,8,-9900,?,9,-9900,?,9,0.0,E,8,-9900,?,9,-9900,?,9,0.0,0.0,E,8
12/26/2016,10:00,1201.56,1413.626,613.43,1,8,228.856,1,8,418.928,1,8,73611.6,1,8,21741.352,1,8,46082.033,1,8,156.901,1,8,-9900,?,9,-9900,?,9,24.84,E,8,20.24,E,8,75.0,E,8,1008.6016999999999,E,8,999.0,E,8,2.59,E,8,-9900,?,9,-9900,?,9,0.0,E,8,-9900,?,9,-9900,?,9,0.0,0.0,E,8
12/26/2016,11:00,1344.185,1413.626,896.22,1,8,550.55,1,8,372.731,1,8,107546.4,1,8,52302.23,1,8,41000.411,1,8,124.777,1,8,-9900,?,9,-9900,?,9,25.96,E,8,20.47,E,8,71.0,E,8,1008.6016999999999,E,8,999.0,E,8,2.7,E,8,-9900,?,9,-9900,?,9,0.0,E,8,-9900,?,9,-9900,?,9,0.0,0.0,E,8
12/26/2016,12:00,1409.078,1413.626,895.81,1,8,509.277,1,8,388.172,1,8,107497.2,1,8,48381.296,1,8,42698.97,1,8,123.958,1,8,-9900,?,9,-9900,?,9,26.71,E,8,20.62,E,8,69.0,E,8,1008.6016999999999,E,8,999.0,E,8,3.14,E,8,-9900,?,9,-9900,?,9,0.0,E,8,-9900,?,9,-9900,?,9,0.0,0.0,E,8
12/26/2016,13:00,1391.81,1413.626,857.34,1,8,453.21,1,8,411.128,1,8,102880.8,1,8,43054.955,1,8,45224.096,1,8,132.919,1,8,-9900,?,9,-9900,?,9,27.18,E,8,20.72,E,8,67.0,E,8,1008.6016999999999,E,8,999.0,E,8,3.29,E,8,-9900,?,9,-9900,?,9,0.0,E,8,-9900,?,9,-9900,?,9,0.0,0.0,E,8
12/26/2016,14:00,1293.556,1413.626,848.26,1,8,565.93,1,8,330.428,1,8,101791.2,1,8,53763.359,1,8,36347.094,1,8,114.948,1,8,-9900,?,9,-9900,?,9,27.52,E,8,20.79,E,8,66.0,E,8,1008.6016999999999,E,8,999.0,E,8,3.71,E,8,-9900,?,9,-9900,?,9,0.0,E,8,-9900,?,9,-9900,?,9,0.0,0.0,E,8
12/26/2016,15:00,1121.018,1413.626,787.32,1,8,700.31,1,8,232.064,1,8,94478.4,1,8,66529.468,1,8,25527.025,1,8,93.165,1,8,-9900,?,9,-9900,?,9,27.72,E,8,20.83,E,8,66.0,E,8,1008.6016999999999,E,8,999.0,E,8,3.76,E,8,-9900,?,9,-9900,?,9,0.0,E,8,-9900,?,9,-9900,?,9,0.0,0.0,E,8
12/26/2016,16:00,885.982,1413.626,629.19,1,8,834.268,1,8,106.554,1,8,75502.8,1,8,79255.442,1,8,11720.98,1,8,54.141,1,8,-9900,?,9,-9900,?,9,27.7,E,8,20.82,E,8,66.0,E,8,1008.6016999999999,E,8,999.0,E,8,2.79,E,8,-9900,?,9,-9900,?,9,0.0,E,8,-9900,?,9,-9900,?,9,0.0,0.0,E,8
12/26/2016,17:00,604.56,1413.626,446.48,1,8,758.932,1,8,122.333,1,8,53577.6,1,8,72098.545,1,8,13456.67,1,8,91.171,1,8,-9900,?,9,-9900,?,9,27.38,E,8,20.76,E,8,67.0,E,8,1008.6016999999999,E,8,999.0,E,8,1.92,E,8,-9900,?,9,-9900,?,9,0.0,E,8,-9900,?,9,-9900,?,9,0.0,0.0,E,8
12/26/2016,18:00,296.414,1413.626,226.8,1,8,426.675,1,8,137.884,1,8,27216.0,1,8,40534.096,1,8,15167.203,1,8,210.61,1,8,-9900,?,9,-9900,?,9,26.78,E,8,20.64,E,8,69.0,E,8,1008.6016999999999,E,8,999.0,E,8,1.23,E,8,-9900,?,9,-9900,?,9,0.0,E,8,-9900,?,9,-9900,?,9,0.0,0.0,E,8
12/26/2016,19:00,0.0,1413.626,25.99,1,8,0.0,1,8,0.0,1,8,3118.8,1,8,0.0,1,8,0.0,1,8,-0.0,1,8,-9900,?,9,-9900,?,9,26.0,E,8,20.48,E,8,71.0,E,8,1008.6016999999999,E,8,999.0,E,8,1.06,E,8,-9900,?,9,-9900,?,9,0.0,E,8,-9900,?,9,-9900,?,9,0.0,0.0,E,8
12/26/2016,20:00,0.0,1413.626,0.0,1,8,0.0,1,8,0.0,1,8,0.0,1,8,0.0,1,8,0.0,1,8,-0.0,1,8,-9900,?,9,-9900,?,9,25.39,E,8,20.35,E,8,73.0,E,8,1008.6016999999999,E,8,999.0,E,8,0.88,E,8,-9900,?,9,-9900,?,9,0.0,E,8,-9900,?,9,-9900,?,9,0.0,0.0,E,8
12/26/2016,21:00,0.0,1413.626,0.0,1,8,0.0,1,8,0.0,1,8,0.0,1,8,0.0,1,8,0.0,1,8,-0.0,1,8,-9900,?,9,-9900,?,9,24.77,E,8,20.22,E,8,75.0,E,8,1008.6016999999999,E,8,999.0,E,8,0.88,E,8,-9900,?,9,-9900,?,9,0.0,E,8,-9900,?,9,-9900,?,9,0.0,0.0,E,8
12/26/2016,22:00,0.0,1413.626,0.0,1,8,0.0,1,8,0.0,1,8,0.0,1,8,0.0,1,8,0.0,1,8,-0.0,1,8,-9900,?,9,-9900,?,9,24.16,E,8,20.09,E,8,78.0,E,8,1008.6016999999999,E,8,999.0,E,8,0.88,E,8,-9900,?,9,-9900,?,9,0.0,E,8,-9900,?,9,-9900,?,9,0.0,0.0,E,8
12/26/2016,23:00,0.0,1413.626,0.0,1,8,0.0,1,8,0.0,1,8,0.0,1,8,0.0,1,8,0.0,1,8,-0.0,1,8,-9900,?,9,-9900,?,9,23.55,E,8,19.96,E,8,80.0,E,8,1008.6016999999999,E,8,999.0,E,8,0.88,E,8,-9900,?,9,-9900,?,9,0.0,E,8,-9900,?,9,-9900,?,9,0.0,0.0,E,8
12/26/2016,24:00,0.0,1413.626,0.0,1,8,0.0,1,8,0.0,1,8,0.0,1,8,0.0,1,8,0.0,1,8,-0.0,1,8,-9900,?,9,-9900,?,9,22.93,E,8,19.98,E,8,83.0,E,8,1008.6016999999999,E,8,999.0,E,8,1.04,E,8,-9900,?,9,-9900,?,9,0.0,E,8,-9900,?,9,-9900,?,9,0.0,0.0,E,8
12/27/2016,01:00,0.0,1413.626,0.0,1,8,0.0,1,8,0.0,1,8,0.0,1,8,0.0,1,8,0.0,1,8,-0.0,1,8,-9900,?,9,-9900,?,9,22.62,E,8,19.9,E,8,84.0,E,8,1008.6016999999999,E,8,999.0,E,8,1.04,E,8,-9900,?,9,-9900,?,9,0.0,E,8,-9900,?,9,-9900,?,9,0.0,0.0,E,8
12/27/2016,02:00,0.0,1413.626,0.0,1,8,0.0,1,8,0.0,1,8,0.0,1,8,0.0,1,8,0.0,1,8,-0.0,1,8,-9900,?,9,-9900,?,9,22.32,E,8,19.83,E,8,85.0,E,8,1008.6016999999999,E,8,999.0,E,8,1.04,E,8,-9900,?,9,-9900,?,9,0.0,E,8,-9900,?,9,-9900,?,9,0.0,0.0,E,8
12/27/2016,03:00,0.0,1413.626,0.0,1,8,0.0,1,8,0.0,1,8,0.0,1,8,0.0,1,8,0.0,1,8,-0.0,1,8,-9900,?,9,-9900,?,9,22.01,E,8,19.76,E,8,87.0,E,8,1008.6016999999999,E,8,999.0,E,8,1.04,E,8,-9900,?,9,-9900,?,9,0.0,E,8,-9900,?,9,-9900,?,9,0.0,0.0,E,8
12/27/2016,04:00,0.0,1413.727,0.0,1,8,0.0,1,8,0.0,1,8,0.0,1,8,0.0,1,8,0.0,1,8,-0.0,1,8,-9900,?,9,-9900,?,9,21.7,E,8,19.68,E,8,88.0,E,8,1008.6016999999999,E,8,999.0,E,8,1.04,E,8,-9900,?,9,-9900,?,9,0.0,E,8,-9900,?,9,-9900,?,9,0.0,0.0,E,8
12/27/2016,05:00,0.0,1413.727,0.0,1,8,0.0,1,8,0.0,1,8,0.0,1,8,0.0,1,8,0.0,1,8,-0.0,1,8,-9900,?,9,-9900,?,9,21.43,E,8,19.61,E,8,89.0,E,8,1008.6016999999999,E,8,999.0,E,8,1.04,E,8,-9900,?,9,-9900,?,9,0.0,E,8,-9900,?,9,-9900,?,9,0.0,0.0,E,8
12/27/2016,06:00,111.995,1413.727,0.0,1,8,0.0,1,8,0.0,1,8,0.0,1,8,0.0,1,8,0.0,1,8,0.0,1,8,-9900,?,9,-9900,?,9,21.23,E,8,19.56,E,8,90.0,E,8,1008.6016999999999,E,8,999.0,E,8,1.04,E,8,-9900,?,9,-9900,?,9,0.0,E,8,-9900,?,9,-9900,?,9,0.0,0.0,E,8
12/27/2016,07:00,424.432,1413.727,75.91,1,8,0.0,1,8,75.91,1,8,9109.2,1,8,0.0,1,8,8350.1,1,8,80.719,1,8,-9900,?,9,-9900,?,9,21.03,E,8,19.51,E,8,91.0,E,8,1008.6016999999999,E,8,999.0,E,8,1.04,E,8,-9900,?,9,-9900,?,9,0.0,E,8,-9900,?,9,-9900,?,9,0.0,0.0,E,8
12/27/2016,08:00,724.284,1413.727,280.48,1,8,93.51,1,8,232.612,1,8,33657.6,1,8,8883.424,1,8,25587.351,1,8,144.643,1,8,-9900,?,9,-9900,?,9,22.84,E,8,19.96,E,8,83.0,E,8,1008.6016999999999,E,8,999.0,E,8,1.04,E,8,-9900,?,9,-9900,?,9,0.0,E,8,-9900,?,9,-9900,?,9,0.0,0.0,E,8
12/27/2016,09:00,988.945,1413.727,490.59,1,8,172.644,1,8,369.858,1,8,58870.8,1,8,16401.14,1,8,40684.331,1,8,168.349,1,8,-9900,?,9,-9900,?,9,23.91,E,8,20.21,E,8,79.0,E,8,1008.6016999999999,E,8,999.0,E,8,1.04,E,8,-9900,?,9,-9900,?,9,0.0,E,8,-9900,?,9,-9900,?,9,0.0,0.0,E,8
12/27/2016,10:00,1200.146,1413.727,641.62,1,8,271.212,1,8,411.408,1,8,76994.4,1,8,25765.162,1,8,45254.862,1,8,154.278,1,8,-9900,?,9,-9900,?,9,24.82,E,8,20.43,E,8,76.0,E,8,1008.6016999999999,E,8,999.0,E,8,1.04,E,8,-9900,?,9,-9900,?,9,0.0,E,8,-9900,?,9,-9900,?,9,0.0,0.0,E,8
12/27/2016,11:00,1343.432,1413.727,804.23,1,8,389.682,1,8,433.936,1,8,96507.6,1,8,37019.779,1,8,47732.966,1,8,145.358,1,8,-9900,?,9,-9900,?,9,25.71,E,8,20.64,E,8,73.0,E,8,1008.6016999999999,E,8,999.0,E,8,1.14,E,8,-9900,?,9,-9900,?,9,0.0,E,8,-9900,?,9,-9900,?,9,0.0,0.0,E,8
12/27/2016,12:00,1409.017,1413.727,900.79,1,8,516.712,1,8,385.8,1,8,108094.8,1,8,49087.665,1,8,42438.042,1,8,123.215,1,8,-9900,?,9,-9900,?,9,26.46,E,8,20.81,E,8,71.0,E,8,1008.6016999999999,E,8,999.0,E,8,2.15,E,8,-9900,?,9,-9900,?,9,0.0,E,8,-9900,?,9,-9900,?,9,0.0,0.0,E,8
12/27/2016,13:00,1392.421,1413.727,863.36,1,8,453.81,1,8,416.393,1,8,103603.2,1,8,43111.944,1,8,45803.262,1,8,134.571,1,8,-9900,?,9,-9900,?,9,26.94,E,8,20.92,E,8,69.0,E,8,1008.6016999999999,E,8,999.0,E,8,2.99,E,8,-9900,?,9,-9900,?,9,0.0,E,8,-9900,?,9,-9900,?,9,0.0,0.0,E,8
12/27/2016,14:00,1294.775,1413.727,909.9,1,8,636.553,1,8,326.94,1,8,109188.0,1,8,60472.535,1,8,35963.406,1,8,113.636,1,8,-9900,?,9,-9900,?,9,27.36,E,8,21.02,E,8,68.0,E,8,1008.6016999999999,E,8,999.0,E,8,3.4,E,8,-9900,?,9,-9900,?,9,0.0,E,8,-9900,?,9,-9900,?,9,0.0,0.0,E,8
12/27/2016,15:00,1122.738,1413.727,783.15,1,8,682.53,1,8,241.2,1,8,93978.0,1,8,64840.311,1,8,26531.949,1,8,96.692,1,8,-9900,?,9,-9900,?,9,27.55,E,8,21.06,E,8,67.0,E,8,1008.6016999999999,E,8,999.0,E,8,3.27,E,8,-9900,?,9,-9900,?,9,0.0,E,8,-9900,?,9,-9900,?,9,0.0,0.0,E,8
12/27/2016,16:00,888.061,1413.727,672.01,1,8,792.19,1,8,174.604,1,8,80641.2,1,8,75258.004,1,8,19206.472,1,8,88.516,1,8,-9900,?,9,-9900,?,9,27.58,E,8,21.07,E,8,67.0,E,8,1008.6016999999999,E,8,999.0,E,8,2.96,E,8,-9900,?,9,-9900,?,9,0.0,E,8,-9900,?,9,-9900,?,9,0.0,0.0,E,8
12/27/2016,17:00,606.83,1413.727,441.12,1,8,795.77,1,8,99.983,1,8,52934.4,1,8,75598.191,1,8,10998.184,1,8,74.24,1,8,-9900,?,9,-9900,?,9,27.26,E,8,21.0,E,8,68.0,E,8,1008.6016999999999,E,8,999.0,E,8,3.06,E,8,-9900,?,9,-9900,?,9,0.0,E,8,-9900,?,9,-9900,?,9,0.0,0.0,E,8
12/27/2016,18:00,298.689,1413.727,205.75,1,8,579.462,1,8,84.064,1,8,24690.0,1,8,55048.935,1,8,9247.088,1,8,127.423,1,8,-9900,?,9,-9900,?,9,26.66,E,8,20.86,E,8,70.0,E,8,1008.6016999999999,E,8,999.0,E,8,2.44,E,8,-9900,?,9,-9900,?,9,0.0,E,8,-9900,?,9,-9900,?,9,0.0,0.0,E,8
12/27/2016,19:00,0.0,1413.727,26.09,1,8,0.0,1,8,0.0,1,8,3130.8,1,8,0.0,1,8,0.0,1,8,-0.0,1,8,-9900,?,9,-9900,?,9,25.91,E,8,20.69,E,8,72.0,E,8,1008.6016999999999,E,8,999.0,E,8,1.94,E,8,-9900,?,9,-9900,?,9,0.0,E,8,-9900,?,9,-9900,?,9,0.0,0.0,E,8
12/27/2016,20:00,0.0,1413.727,0.0,1,8,0.0,1,8,0.0,1,8,0.0,1,8,0.0,1,8,0.0,1,8,-0.0,1,8,-9900,?,9,-9900,?,9,25.34,E,8,20.55,E,8,74.0,E,8,1008.6016999999999,E,8,999.0,E,8,1.46,E,8,-9900,?,9,-9900,?,9,0.0,E,8,-9900,?,9,-9900,?,9,0.0,0.0,E,8
12/27/2016,21:00,0.0,1413.727,0.0,1,8,0.0,1,8,0.0,1,8,0.0,1,8,0.0,1,8,0.0,1,8,-0.0,1,8,-9900,?,9,-9900,?,9,24.76,E,8,20.42,E,8,76.0,E,8,1008.6016999999999,E,8,999.0,E,8,1.04,E,8,-9900,?,9,-9900,?,9,0.0,E,8,-9900,?,9,-9900,?,9,0.0,0.0,E,8
12/27/2016,22:00,0.0,1413.727,0.0,1,8,0.0,1,8,0.0,1,8,0.0,1,8,0.0,1,8,0.0,1,8,-0.0,1,8,-9900,?,9,-9900,?,9,24.19,E,8,20.28,E,8,78.0,E,8,1008.6016999999999,E,8,999.0,E,8,1.04,E,8,-9900,?,9,-9900,?,9,0.0,E,8,-9900,?,9,-9900,?,9,0.0,0.0,E,8
12/27/2016,23:00,0.0,1413.727,0.0,1,8,0.0,1,8,0.0,1,8,0.0,1,8,0.0,1,8,0.0,1,8,-0.0,1,8,-9900,?,9,-9900,?,9,23.61,E,8,20.14,E,8,80.0,E,8,1008.6016999999999,E,8,999.0,E,8,1.04,E,8,-9900,?,9,-9900,?,9,0.0,E,8,-9900,?,9,-9900,?,9,0.0,0.0,E,8
12/27/2016,24:00,0.0,1413.727,0.0,1,8,0.0,1,8,0.0,1,8,0.0,1,8,0.0,1,8,0.0,1,8,-0.0,1,8,-9900,?,9,-9900,?,9,23.04,E,8,19.13,E,8,78.0,E,8,1008.6016999999999,E,8,999.0,E,8,1.09,E,8,-9900,?,9,-9900,?,9,0.0,E,8,-9900,?,9,-9900,?,9,0.0,0.0,E,8
12/28/2016,01:00,0.0,1413.727,0.0,1,8,0.0,1,8,0.0,1,8,0.0,1,8,0.0,1,8,0.0,1,8,-0.0,1,8,-9900,?,9,-9900,?,9,22.75,E,8,19.07,E,8,79.0,E,8,1008.6016999999999,E,8,999.0,E,8,1.09,E,8,-9900,?,9,-9900,?,9,0.0,E,8,-9900,?,9,-9900,?,9,0.0,0.0,E,8
12/28/2016,02:00,0.0,1413.727,0.0,1,8,0.0,1,8,0.0,1,8,0.0,1,8,0.0,1,8,0.0,1,8,-0.0,1,8,-9900,?,9,-9900,?,9,22.47,E,8,19.01,E,8,80.0,E,8,1008.6016999999999,E,8,999.0,E,8,1.09,E,8,-9900,?,9,-9900,?,9,0.0,E,8,-9900,?,9,-9900,?,9,0.0,0.0,E,8
12/28/2016,03:00,0.0,1413.727,0.0,1,8,0.0,1,8,0.0,1,8,0.0,1,8,0.0,1,8,0.0,1,8,-0.0,1,8,-9900,?,9,-9900,?,9,22.18,E,8,18.95,E,8,81.0,E,8,1008.6016999999999,E,8,999.0,E,8,1.09,E,8,-9900,?,9,-9900,?,9,0.0,E,8,-9900,?,9,-9900,?,9,0.0,0.0,E,8
12/28/2016,04:00,0.0,1413.813,0.0,1,8,0.0,1,8,0.0,1,8,0.0,1,8,0.0,1,8,0.0,1,8,-0.0,1,8,-9900,?,9,-9900,?,9,21.89,E,8,18.89,E,8,83.0,E,8,1008.6016999999999,E,8,999.0,E,8,1.09,E,8,-9900,?,9,-9900,?,9,0.0,E,8,-9900,?,9,-9900,?,9,0.0,0.0,E,8
12/28/2016,05:00,0.0,1413.813,0.0,1,8,0.0,1,8,0.0,1,8,0.0,1,8,0.0,1,8,0.0,1,8,-0.0,1,8,-9900,?,9,-9900,?,9,21.64,E,8,18.83,E,8,84.0,E,8,1008.6016999999999,E,8,999.0,E,8,1.09,E,8,-9900,?,9,-9900,?,9,0.0,E,8,-9900,?,9,-9900,?,9,0.0,0.0,E,8
12/28/2016,06:00,109.074,1413.813,0.0,1,8,0.0,1,8,0.0,1,8,0.0,1,8,0.0,1,8,0.0,1,8,0.0,1,8,-9900,?,9,-9900,?,9,21.45,E,8,18.79,E,8,84.0,E,8,1008.6016999999999,E,8,999.0,E,8,1.09,E,8,-9900,?,9,-9900,?,9,0.0,E,8,-9900,?,9,-9900,?,9,0.0,0.0,E,8
12/28/2016,07:00,421.597,1413.813,68.19,1,8,0.0,1,8,68.19,1,8,8182.8,1,8,0.0,1,8,7500.9,1,8,73.005,1,8,-9900,?,9,-9900,?,9,21.26,E,8,18.75,E,8,85.0,E,8,1008.6016999999999,E,8,999.0,E,8,1.09,E,8,-9900,?,9,-9900,?,9,0.0,E,8,-9900,?,9,-9900,?,9,0.0,0.0,E,8
12/28/2016,08:00,721.779,1413.813,251.58,1,8,72.991,1,8,214.348,1,8,30189.6,1,8,6934.127,1,8,23578.247,1,8,133.757,1,8,-9900,?,9,-9900,?,9,22.94,E,8,19.11,E,8,79.0,E,8,1008.6016999999999,E,8,999.0,E,8,1.09,E,8,-9900,?,9,-9900,?,9,0.0,E,8,-9900,?,9,-9900,?,9,0.0,0.0,E,8
12/28/2016,09:00,986.921,1413.813,462.5,1,8,165.506,1,8,347.003,1,8,55500.0,1,8,15723.065,1,8,38170.363,1,8,158.281,1,8,-9900,?,9,-9900,?,9,24.0,E,8,19.34,E,8,75.0,E,8,1008.6016999999999,E,8,999.0,E,8,1.09,E,8,-9900,?,9,-9900,?,9,0.0,E,8,-9900,?,9,-9900,?,9,0.0,0.0,E,8
12/28/2016,10:00,1198.714,1413.813,675.14,1,8,310.993,1,8,411.492,1,8,81016.8,1,8,29544.375,1,8,45264.083,1,8,154.503,1,8,-9900,?,9,-9900,?,9,25.09,E,8,19.56,E,8,71.0,E,8,1008.6016999999999,E,8,999.0,E,8,1.43,E,8,-9900,?,9,-9900,?,9,0.0,E,8,-9900,?,9,-9900,?,9,0.0,0.0,E,8
12/28/2016,11:00,1342.666,1413.813,839.91,1,8,483.506,1,8,380.75,1,8,100789.2,1,8,45933.058,1,8,41882.532,1,8,127.623,1,8,-9900,?,9,-9900,?,9,26.09,E,8,19.77,E,8,68.0,E,8,1008.6016999999999,E,8,999.0,E,8,2.09,E,8,-9900,?,9,-9900,?,9,0.0,E,8,-9900,?,9,-9900,?,9,0.0,0.0,E,8
12/28/2016,12:00,1408.941,1413.813,952.81,1,8,556.943,1,8,397.787,1,8,114337.2,1,8,52909.569,1,8,43756.618,1,8,127.058,1,8,-9900,?,9,-9900,?,9,26.96,E,8,19.95,E,8,65.0,E,8,1008.6016999999999,E,8,999.0,E,8,2.18,E,8,-9900,?,9,-9900,?,9,0.0,E,8,-9900,?,9,-9900,?,9,0.0,0.0,E,8
12/28/2016,13:00,1393.015,1413.813,1011.63,1,8,674.293,1,8,347.262,1,8,121395.6,1,8,64057.877,1,8,38198.796,1,8,112.188,1,8,-9900,?,9,-9900,?,9,27.66,E,8,20.09,E,8,63.0,E,8,1008.6016999999999,E,8,999.0,E,8,2.45,E,8,-9900,?,9,-9900,?,9,0.0,E,8,-9900,?,9,-9900,?,9,0.0,0.0,E,8
12/28/2016,14:00,1295.969,1413.813,974.98,1,8,867.106,1,8,180.193,1,8,116997.6,1,8,82375.074,1,8,19821.272,1,8,62.576,1,8,-9900,?,9,-9900,?,9,28.14,E,8,20.19,E,8,62.0,E,8,1008.6016999999999,E,8,999.0,E,8,2.93,E,8,-9900,?,9,-9900,?,9,0.0,E,8,-9900,?,9,-9900,?,9,0.0,0.0,E,8
12/28/2016,15:00,1124.423,1413.813,803.76,1,8,795.672,1,8,171.06,1,8,96451.2,1,8,75588.84,1,8,18816.633,1,8,68.476,1,8,-9900,?,9,-9900,?,9,28.32,E,8,20.22,E,8,61.0,E,8,1008.6016999999999,E,8,999.0,E,8,2.85,E,8,-9900,?,9,-9900,?,9,0.0,E,8,-9900,?,9,-9900,?,9,0.0,0.0,E,8
12/28/2016,16:00,890.093,1413.813,631.37,1,8,830.223,1,8,108.921,1,8,75764.4,1,8,78871.161,1,8,11981.318,1,8,55.095,1,8,-9900,?,9,-9900,?,9,28.25,E,8,20.21,E,8,61.0,E,8,1008.6016999999999,E,8,999.0,E,8,3.17,E,8,-9900,?,9,-9900,?,9,0.0,E,8,-9900,?,9,-9900,?,9,0.0,0.0,E,8
12/28/2016,17:00,609.04,1413.813,450.98,1,8,761.014,1,8,123.571,1,8,54117.6,1,8,72296.288,1,8,13592.86,1,8,91.426,1,8,-9900,?,9,-9900,?,9,27.9,E,8,20.14,E,8,62.0,E,8,1008.6016999999999,E,8,999.0,E,8,3.37,E,8,-9900,?,9,-9900,?,9,0.0,E,8,-9900,?,9,-9900,?,9,0.0,0.0,E,8
12/28/2016,18:00,300.889,1413.813,209.05,1,8,580.002,1,8,86.35,1,8,25086.0,1,8,55100.188,1,8,9498.541,1,8,129.927,1,8,-9900,?,9,-9900,?,9,27.24,E,8,20.0,E,8,64.0,E,8,1008.6016999999999,E,8,999.0,E,8,2.42,E,8,-9900,?,9,-9900,?,9,0.0,E,8,-9900,?,9,-9900,?,9,0.0,0.0,E,8
12/28/2016,19:00,0.0,1413.813,24.36,1,8,0.0,1,8,0.0,1,8,2923.2,1,8,0.0,1,8,0.0,1,8,-0.0,1,8,-9900,?,9,-9900,?,9,26.44,E,8,19.84,E,8,67.0,E,8,1008.6016999999999,E,8,999.0,E,8,1.27,E,8,-9900,?,9,-9900,?,9,0.0,E,8,-9900,?,9,-9900,?,9,0.0,0.0,E,8
12/28/2016,20:00,0.0,1413.813,0.0,1,8,0.0,1,8,0.0,1,8,0.0,1,8,0.0,1,8,0.0,1,8,-0.0,1,8,-9900,?,9,-9900,?,9,25.82,E,8,19.71,E,8,69.0,E,8,1008.6016999999999,E,8,999.0,E,8,1.09,E,8,-9900,?,9,-9900,?,9,0.0,E,8,-9900,?,9,-9900,?,9,0.0,0.0,E,8
12/28/2016,21:00,0.0,1413.813,0.0,1,8,0.0,1,8,0.0,1,8,0.0,1,8,0.0,1,8,0.0,1,8,-0.0,1,8,-9900,?,9,-9900,?,9,25.21,E,8,19.59,E,8,71.0,E,8,1008.6016999999999,E,8,999.0,E,8,1.09,E,8,-9900,?,9,-9900,?,9,0.0,E,8,-9900,?,9,-9900,?,9,0.0,0.0,E,8
12/28/2016,22:00,0.0,1413.813,0.0,1,8,0.0,1,8,0.0,1,8,0.0,1,8,0.0,1,8,0.0,1,8,-0.0,1,8,-9900,?,9,-9900,?,9,24.59,E,8,19.46,E,8,73.0,E,8,1008.6016999999999,E,8,999.0,E,8,1.09,E,8,-9900,?,9,-9900,?,9,0.0,E,8,-9900,?,9,-9900,?,9,0.0,0.0,E,8
12/28/2016,23:00,0.0,1413.813,0.0,1,8,0.0,1,8,0.0,1,8,0.0,1,8,0.0,1,8,0.0,1,8,-0.0,1,8,-9900,?,9,-9900,?,9,23.97,E,8,19.33,E,8,75.0,E,8,1008.6016999999999,E,8,999.0,E,8,1.09,E,8,-9900,?,9,-9900,?,9,0.0,E,8,-9900,?,9,-9900,?,9,0.0,0.0,E,8
12/28/2016,24:00,0.0,1413.813,0.0,1,8,0.0,1,8,0.0,1,8,0.0,1,8,0.0,1,8,0.0,1,8,-0.0,1,8,-9900,?,9,-9900,?,9,23.36,E,8,18.69,E,8,75.0,E,8,1008.6016999999999,E,8,999.0,E,8,0.72,E,8,-9900,?,9,-9900,?,9,0.0,E,8,-9900,?,9,-9900,?,9,0.0,0.0,E,8
12/29/2016,01:00,0.0,1413.813,0.0,1,8,0.0,1,8,0.0,1,8,0.0,1,8,0.0,1,8,0.0,1,8,-0.0,1,8,-9900,?,9,-9900,?,9,23.05,E,8,18.64,E,8,76.0,E,8,1008.6016999999999,E,8,999.0,E,8,0.72,E,8,-9900,?,9,-9900,?,9,0.0,E,8,-9900,?,9,-9900,?,9,0.0,0.0,E,8
12/29/2016,02:00,0.0,1413.813,0.0,1,8,0.0,1,8,0.0,1,8,0.0,1,8,0.0,1,8,0.0,1,8,-0.0,1,8,-9900,?,9,-9900,?,9,22.74,E,8,18.59,E,8,77.0,E,8,1008.6016999999999,E,8,999.0,E,8,0.72,E,8,-9900,?,9,-9900,?,9,0.0,E,8,-9900,?,9,-9900,?,9,0.0,0.0,E,8
12/29/2016,03:00,0.0,1413.813,0.0,1,8,0.0,1,8,0.0,1,8,0.0,1,8,0.0,1,8,0.0,1,8,-0.0,1,8,-9900,?,9,-9900,?,9,22.43,E,8,18.54,E,8,78.0,E,8,1008.6016999999999,E,8,999.0,E,8,0.72,E,8,-9900,?,9,-9900,?,9,0.0,E,8,-9900,?,9,-9900,?,9,0.0,0.0,E,8
12/29/2016,04:00,0.0,1413.884,0.0,1,8,0.0,1,8,0.0,1,8,0.0,1,8,0.0,1,8,0.0,1,8,-0.0,1,8,-9900,?,9,-9900,?,9,22.12,E,8,18.49,E,8,79.0,E,8,1008.6016999999999,E,8,999.0,E,8,0.72,E,8,-9900,?,9,-9900,?,9,0.0,E,8,-9900,?,9,-9900,?,9,0.0,0.0,E,8
12/29/2016,05:00,0.0,1413.884,0.0,1,8,0.0,1,8,0.0,1,8,0.0,1,8,0.0,1,8,0.0,1,8,-0.0,1,8,-9900,?,9,-9900,?,9,21.85,E,8,18.44,E,8,80.0,E,8,1008.6016999999999,E,8,999.0,E,8,0.72,E,8,-9900,?,9,-9900,?,9,0.0,E,8,-9900,?,9,-9900,?,9,0.0,0.0,E,8
12/29/2016,06:00,106.102,1413.884,0.0,1,8,0.0,1,8,0.0,1,8,0.0,1,8,0.0,1,8,0.0,1,8,0.0,1,8,-9900,?,9,-9900,?,9,21.65,E,8,18.41,E,8,81.0,E,8,1008.6016999999999,E,8,999.0,E,8,0.72,E,8,-9900,?,9,-9900,?,9,0.0,E,8,-9900,?,9,-9900,?,9,0.0,0.0,E,8
12/29/2016,07:00,418.72,1413.884,99.12,1,8,0.0,1,8,99.12,1,8,11894.4,1,8,0.0,1,8,10903.2,1,8,106.858,1,8,-9900,?,9,-9900,?,9,21.44,E,8,18.38,E,8,82.0,E,8,1008.6016999999999,E,8,999.0,E,8,0.72,E,8,-9900,?,9,-9900,?,9,0.0,E,8,-9900,?,9,-9900,?,9,0.0,0.0,E,8
12/29/2016,08:00,719.244,1413.884,344.49,1,8,250.07,1,8,217.386,1,8,41338.8,1,8,23756.661,1,8,23912.442,1,8,136.139,1,8,-9900,?,9,-9900,?,9,23.54,E,8,18.72,E,8,74.0,E,8,1008.6016999999999,E,8,999.0,E,8,0.72,E,8,-9900,?,9,-9900,?,9,0.0,E,8,-9900,?,9,-9900,?,9,0.0,0.0,E,8
12/29/2016,09:00,984.874,1413.884,590.8,1,8,420.328,1,8,298.102,1,8,70896.0,1,8,39931.195,1,8,32791.184,1,8,136.265,1,8,-9900,?,9,-9900,?,9,24.7,E,8,18.91,E,8,70.0,E,8,1008.6016999999999,E,8,999.0,E,8,0.72,E,8,-9900,?,9,-9900,?,9,0.0,E,8,-9900,?,9,-9900,?,9,0.0,0.0,E,8
12/29/2016,10:00,1197.268,1413.884,806.74,1,8,598.173,1,8,300.27,1,8,96808.8,1,8,56826.473,1,8,33029.649,1,8,112.885,1,8,-9900,?,9,-9900,?,9,25.79,E,8,19.08,E,8,66.0,E,8,1008.6016999999999,E,8,999.0,E,8,1.14,E,8,-9900,?,9,-9900,?,9,0.0,E,8,-9900,?,9,-9900,?,9,0.0,0.0,E,8
12/29/2016,11:00,1341.887,1413.884,962.85,1,8,687.906,1,8,309.994,1,8,115542.0,1,8,65351.114,1,8,34099.348,1,8,103.972,1,8,-9900,?,9,-9900,?,9,26.73,E,8,19.23,E,8,63.0,E,8,1008.6016999999999,E,8,999.0,E,8,2.21,E,8,-9900,?,9,-9900,?,9,0.0,E,8,-9900,?,9,-9900,?,9,0.0,0.0,E,8
12/29/2016,12:00,1408.852,1413.884,1052.84,1,8,783.576,1,8,272.055,1,8,126340.8,1,8,74439.674,1,8,29926.027,1,8,86.907,1,8,-9900,?,9,-9900,?,9,27.51,E,8,19.35,E,8,61.0,E,8,1008.6016999999999,E,8,999.0,E,8,3.08,E,8,-9900,?,9,-9900,?,9,0.0,E,8,-9900,?,9,-9900,?,9,0.0,0.0,E,8
12/29/2016,13:00,1393.59,1413.884,1083.04,1,8,925.958,1,8,170.38,1,8,129964.8,1,8,87966.04,1,8,18741.82,1,8,55.024,1,8,-9900,?,9,-9900,?,9,28.1,E,8,19.44,E,8,59.0,E,8,1008.6016999999999,E,8,999.0,E,8,3.73,E,8,-9900,?,9,-9900,?,9,0.0,E,8,-9900,?,9,-9900,?,9,0.0,0.0,E,8
12/29/2016,14:00,1297.137,1413.884,1032.27,1,8,895.979,1,8,210.319,1,8,123872.4,1,8,85117.997,1,8,23135.115,1,8,72.976,1,8,-9900,?,9,-9900,?,9,28.49,E,8,19.5,E,8,58.0,E,8,1008.6016999999999,E,8,999.0,E,8,3.78,E,8,-9900,?,9,-9900,?,9,0.0,E,8,-9900,?,9,-9900,?,9,0.0,0.0,E,8
12/29/2016,15:00,1126.071,1413.884,919.69,1,8,803.271,1,8,280.043,1,8,110362.8,1,8,76310.751,1,8,30804.694,1,8,111.943,1,8,-9900,?,9,-9900,?,9,28.67,E,8,19.53,E,8,57.0,E,8,1008.6016999999999,E,8,999.0,E,8,4.11,E,8,-9900,?,9,-9900,?,9,0.0,E,8,-9900,?,9,-9900,?,9,0.0,0.0,E,8
12/29/2016,16:00,892.076,1413.884,746.52,1,8,844.261,1,8,214.079,1,8,89582.4,1,8,80204.812,1,8,23548.637,1,8,108.051,1,8,-9900,?,9,-9900,?,9,28.64,E,8,19.53,E,8,57.0,E,8,1008.6016999999999,E,8,999.0,E,8,4.04,E,8,-9900,?,9,-9900,?,9,0.0,E,8,-9900,?,9,-9900,?,9,0.0,0.0,E,8
12/29/2016,17:00,611.187,1413.884,509.98,1,8,821.858,1,8,155.162,1,8,61197.6,1,8,78076.524,1,8,17067.82,1,8,114.4,1,8,-9900,?,9,-9900,?,9,28.27,E,8,19.47,E,8,58.0,E,8,1008.6016999999999,E,8,999.0,E,8,3.07,E,8,-9900,?,9,-9900,?,9,0.0,E,8,-9900,?,9,-9900,?,9,0.0,0.0,E,8
12/29/2016,18:00,303.013,1413.884,255.03,1,8,645.702,1,8,117.463,1,8,30603.6,1,8,61341.643,1,8,12920.895,1,8,175.496,1,8,-9900,?,9,-9900,?,9,27.62,E,8,19.37,E,8,60.0,E,8,1008.6016999999999,E,8,999.0,E,8,2.32,E,8,-9900,?,9,-9900,?,9,0.0,E,8,-9900,?,9,-9900,?,9,0.0,0.0,E,8
12/29/2016,19:00,0.0,1413.884,32.25,1,8,0.0,1,8,0.0,1,8,3870.0,1,8,0.0,1,8,0.0,1,8,-0.0,1,8,-9900,?,9,-9900,?,9,26.79,E,8,19.24,E,8,63.0,E,8,1008.6016999999999,E,8,999.0,E,8,1.49,E,8,-9900,?,9,-9900,?,9,0.0,E,8,-9900,?,9,-9900,?,9,0.0,0.0,E,8
12/29/2016,20:00,0.0,1413.884,0.0,1,8,0.0,1,8,0.0,1,8,0.0,1,8,0.0,1,8,0.0,1,8,-0.0,1,8,-9900,?,9,-9900,?,9,26.23,E,8,19.15,E,8,65.0,E,8,1008.6016999999999,E,8,999.0,E,8,1.12,E,8,-9900,?,9,-9900,?,9,0.0,E,8,-9900,?,9,-9900,?,9,0.0,0.0,E,8
12/29/2016,21:00,0.0,1413.884,0.0,1,8,0.0,1,8,0.0,1,8,0.0,1,8,0.0,1,8,0.0,1,8,-0.0,1,8,-9900,?,9,-9900,?,9,25.67,E,8,19.06,E,8,66.0,E,8,1008.6016999999999,E,8,999.0,E,8,0.72,E,8,-9900,?,9,-9900,?,9,0.0,E,8,-9900,?,9,-9900,?,9,0.0,0.0,E,8
12/29/2016,22:00,0.0,1413.884,0.0,1,8,0.0,1,8,0.0,1,8,0.0,1,8,0.0,1,8,0.0,1,8,-0.0,1,8,-9900,?,9,-9900,?,9,25.11,E,8,18.97,E,8,68.0,E,8,1008.6016999999999,E,8,999.0,E,8,0.72,E,8,-9900,?,9,-9900,?,9,0.0,E,8,-9900,?,9,-9900,?,9,0.0,0.0,E,8
12/29/2016,23:00,0.0,1413.884,0.0,1,8,0.0,1,8,0.0,1,8,0.0,1,8,0.0,1,8,0.0,1,8,-0.0,1,8,-9900,?,9,-9900,?,9,24.56,E,8,18.88,E,8,70.0,E,8,1008.6016999999999,E,8,999.0,E,8,0.72,E,8,-9900,?,9,-9900,?,9,0.0,E,8,-9900,?,9,-9900,?,9,0.0,0.0,E,8
12/29/2016,24:00,0.0,1413.884,0.0,1,8,0.0,1,8,0.0,1,8,0.0,1,8,0.0,1,8,0.0,1,8,-0.0,1,8,-9900,?,9,-9900,?,9,24.0,E,8,20.3,E,8,79.0,E,8,1008.6016999999999,E,8,999.0,E,8,0.77,E,8,-9900,?,9,-9900,?,9,0.0,E,8,-9900,?,9,-9900,?,9,0.0,0.0,E,8
12/30/2016,01:00,0.0,1413.884,0.0,1,8,0.0,1,8,0.0,1,8,0.0,1,8,0.0,1,8,0.0,1,8,-0.0,1,8,-9900,?,9,-9900,?,9,23.72,E,8,20.22,E,8,80.0,E,8,1008.6016999999999,E,8,999.0,E,8,1.07,E,8,-9900,?,9,-9900,?,9,0.0,E,8,-9900,?,9,-9900,?,9,0.0,0.0,E,8
12/30/2016,02:00,0.0,1413.884,0.0,1,8,0.0,1,8,0.0,1,8,0.0,1,8,0.0,1,8,0.0,1,8,-0.0,1,8,-9900,?,9,-9900,?,9,23.44,E,8,20.15,E,8,81.0,E,8,1008.6016999999999,E,8,999.0,E,8,0.82,E,8,-9900,?,9,-9900,?,9,0.0,E,8,-9900,?,9,-9900,?,9,0.0,0.0,E,8
12/30/2016,03:00,0.0,1413.884,0.0,1,8,0.0,1,8,0.0,1,8,0.0,1,8,0.0,1,8,0.0,1,8,-0.0,1,8,-9900,?,9,-9900,?,9,23.16,E,8,20.07,E,8,82.0,E,8,1008.6016999999999,E,8,999.0,E,8,0.77,E,8,-9900,?,9,-9900,?,9,0.0,E,8,-9900,?,9,-9900,?,9,0.0,0.0,E,8
12/30/2016,04:00,0.0,1413.941,0.0,1,8,0.0,1,8,0.0,1,8,0.0,1,8,0.0,1,8,0.0,1,8,-0.0,1,8,-9900,?,9,-9900,?,9,22.88,E,8,20.0,E,8,83.0,E,8,1008.6016999999999,E,8,999.0,E,8,0.77,E,8,-9900,?,9,-9900,?,9,0.0,E,8,-9900,?,9,-9900,?,9,0.0,0.0,E,8
12/30/2016,05:00,0.0,1413.941,0.0,1,8,0.0,1,8,0.0,1,8,0.0,1,8,0.0,1,8,0.0,1,8,-0.0,1,8,-9900,?,9,-9900,?,9,22.63,E,8,19.93,E,8,84.0,E,8,1008.6016999999999,E,8,999.0,E,8,0.77,E,8,-9900,?,9,-9900,?,9,0.0,E,8,-9900,?,9,-9900,?,9,0.0,0.0,E,8
12/30/2016,06:00,103.083,1413.941,0.0,1,8,0.0,1,8,0.0,1,8,0.0,1,8,0.0,1,8,0.0,1,8,0.0,1,8,-9900,?,9,-9900,?,9,22.45,E,8,19.88,E,8,85.0,E,8,1008.6016999999999,E,8,999.0,E,8,0.77,E,8,-9900,?,9,-9900,?,9,0.0,E,8,-9900,?,9,-9900,?,9,0.0,0.0,E,8
12/30/2016,07:00,415.804,1413.941,98.01,1,8,0.0,1,8,98.01,1,8,11761.2,1,8,0.0,1,8,10781.1,1,8,106.411,1,8,-9900,?,9,-9900,?,9,22.26,E,8,19.83,E,8,86.0,E,8,1008.6016999999999,E,8,999.0,E,8,0.77,E,8,-9900,?,9,-9900,?,9,0.0,E,8,-9900,?,9,-9900,?,9,0.0,0.0,E,8
12/30/2016,08:00,716.679,1413.941,348.07,1,8,264.089,1,8,214.326,1,8,41768.4,1,8,25088.408,1,8,23575.814,1,8,134.709,1,8,-9900,?,9,-9900,?,9,24.26,E,8,20.37,E,8,78.0,E,8,1008.6016999999999,E,8,999.0,E,8,0.79,E,8,-9900,?,9,-9900,?,9,0.0,E,8,-9900,?,9,-9900,?,9,0.0,0.0,E,8
12/30/2016,09:00,982.808,1413.941,598.17,1,8,446.611,1,8,287.835,1,8,71780.4,1,8,42428.064,1,8,31661.855,1,8,131.854,1,8,-9900,?,9,-9900,?,9,25.38,E,8,20.66,E,8,75.0,E,8,1008.6016999999999,E,8,999.0,E,8,1.2,E,8,-9900,?,9,-9900,?,9,0.0,E,8,-9900,?,9,-9900,?,9,0.0,0.0,E,8
12/30/2016,10:00,1195.807,1413.941,816.43,1,8,622.977,1,8,289.624,1,8,97971.6,1,8,59182.774,1,8,31858.636,1,8,109.02,1,8,-9900,?,9,-9900,?,9,26.42,E,8,20.93,E,8,71.0,E,8,1008.6016999999999,E,8,999.0,E,8,1.37,E,8,-9900,?,9,-9900,?,9,0.0,E,8,-9900,?,9,-9900,?,9,0.0,0.0,E,8
12/30/2016,11:00,1341.096,1413.941,976.31,1,8,733.374,1,8,280.741,1,8,117157.2,1,8,69670.553,1,8,30881.537,1,8,94.22,1,8,-9900,?,9,-9900,?,9,27.34,E,8,21.16,E,8,69.0,E,8,1008.6016999999999,E,8,999.0,E,8,1.79,E,8,-9900,?,9,-9900,?,9,0.0,E,8,-9900,?,9,-9900,?,9,0.0,0.0,E,8
12/30/2016,12:00,1408.75,1413.941,1072.95,1,8,850.804,1,8,225.271,1,8,128754.0,1,8,80826.367,1,8,24779.863,1,8,71.971,1,8,-9900,?,9,-9900,?,9,28.09,E,8,21.35,E,8,66.0,E,8,1008.6016999999999,E,8,999.0,E,8,2.24,E,8,-9900,?,9,-9900,?,9,0.0,E,8,-9900,?,9,-9900,?,9,0.0,0.0,E,8
12/30/2016,13:00,1394.146,1413.941,1088.66,1,8,940.77,1,8,161.068,1,8,130639.2,1,8,89373.176,1,8,17717.433,1,8,51.998,1,8,-9900,?,9,-9900,?,9,28.65,E,8,21.49,E,8,65.0,E,8,1008.6016999999999,E,8,999.0,E,8,2.6,E,8,-9900,?,9,-9900,?,9,0.0,E,8,-9900,?,9,-9900,?,9,0.0,0.0,E,8
12/30/2016,14:00,1298.278,1413.941,1035.76,1,8,900.574,1,8,208.9,1,8,124291.2,1,8,85554.539,1,8,22978.972,1,8,72.423,1,8,-9900,?,9,-9900,?,9,29.01,E,8,21.58,E,8,64.0,E,8,1008.6016999999999,E,8,999.0,E,8,2.62,E,8,-9900,?,9,-9900,?,9,0.0,E,8,-9900,?,9,-9900,?,9,0.0,0.0,E,8
12/30/2016,15:00,1127.681,1413.941,913.75,1,8,947.223,1,8,158.424,1,8,109650.0,1,8,89986.192,1,8,17426.661,1,8,63.24,1,8,-9900,?,9,-9900,?,9,29.17,E,8,21.62,E,8,63.0,E,8,1008.6016999999999,E,8,999.0,E,8,3.33,E,8,-9900,?,9,-9900,?,9,0.0,E,8,-9900,?,9,-9900,?,9,0.0,0.0,E,8
12/30/2016,16:00,894.006,1413.941,728.63,1,8,840.38,1,8,197.509,1,8,87435.6,1,8,79836.09,1,8,21725.949,1,8,99.476,1,8,-9900,?,9,-9900,?,9,29.1,E,8,21.6,E,8,64.0,E,8,1008.6016999999999,E,8,999.0,E,8,3.18,E,8,-9900,?,9,-9900,?,9,0.0,E,8,-9900,?,9,-9900,?,9,0.0,0.0,E,8
12/30/2016,17:00,613.268,1413.941,501.21,1,8,822.757,1,8,144.805,1,8,60145.2,1,8,78161.958,1,8,15928.51,1,8,106.405,1,8,-9900,?,9,-9900,?,9,28.73,E,8,21.51,E,8,65.0,E,8,1008.6016999999999,E,8,999.0,E,8,3.64,E,8,-9900,?,9,-9900,?,9,0.0,E,8,-9900,?,9,-9900,?,9,0.0,0.0,E,8
12/30/2016,18:00,305.058,1413.941,249.89,1,8,576.508,1,8,126.231,1,8,29986.8,1,8,54768.221,1,8,13885.383,1,8,187.324,1,8,-9900,?,9,-9900,?,9,28.11,E,8,21.36,E,8,66.0,E,8,1008.6016999999999,E,8,999.0,E,8,2.94,E,8,-9900,?,9,-9900,?,9,0.0,E,8,-9900,?,9,-9900,?,9,0.0,0.0,E,8
12/30/2016,19:00,0.945,1413.941,29.33,1,8,0.0,1,8,0.0,1,8,3519.6,1,8,0.0,1,8,0.0,1,8,-0.0,1,8,-9900,?,9,-9900,?,9,27.32,E,8,21.16,E,8,69.0,E,8,1008.6016999999999,E,8,999.0,E,8,2.26,E,8,-9900,?,9,-9900,?,9,0.0,E,8,-9900,?,9,-9900,?,9,0.0,0.0,E,8
12/30/2016,20:00,0.0,1413.941,0.0,1,8,0.0,1,8,0.0,1,8,0.0,1,8,0.0,1,8,0.0,1,8,-0.0,1,8,-9900,?,9,-9900,?,9,26.74,E,8,21.01,E,8,70.0,E,8,1008.6016999999999,E,8,999.0,E,8,1.79,E,8,-9900,?,9,-9900,?,9,0.0,E,8,-9900,?,9,-9900,?,9,0.0,0.0,E,8
12/30/2016,21:00,0.0,1413.941,0.0,1,8,0.0,1,8,0.0,1,8,0.0,1,8,0.0,1,8,0.0,1,8,-0.0,1,8,-9900,?,9,-9900,?,9,26.16,E,8,20.86,E,8,72.0,E,8,1008.6016999999999,E,8,999.0,E,8,1.2,E,8,-9900,?,9,-9900,?,9,0.0,E,8,-9900,?,9,-9900,?,9,0.0,0.0,E,8
12/30/2016,22:00,0.0,1413.941,0.0,1,8,0.0,1,8,0.0,1,8,0.0,1,8,0.0,1,8,0.0,1,8,-0.0,1,8,-9900,?,9,-9900,?,9,25.58,E,8,20.71,E,8,74.0,E,8,1008.6016999999999,E,8,999.0,E,8,1.19,E,8,-9900,?,9,-9900,?,9,0.0,E,8,-9900,?,9,-9900,?,9,0.0,0.0,E,8
12/30/2016,23:00,0.0,1413.941,0.0,1,8,0.0,1,8,0.0,1,8,0.0,1,8,0.0,1,8,0.0,1,8,-0.0,1,8,-9900,?,9,-9900,?,9,25.01,E,8,20.56,E,8,76.0,E,8,1008.6016999999999,E,8,999.0,E,8,0.77,E,8,-9900,?,9,-9900,?,9,0.0,E,8,-9900,?,9,-9900,?,9,0.0,0.0,E,8
12/30/2016,24:00,0.0,1413.941,0.0,1,8,0.0,1,8,0.0,1,8,0.0,1,8,0.0,1,8,0.0,1,8,-0.0,1,8,-9900,?,9,-9900,?,9,24.43,E,8,21.32,E,8,82.0,E,8,1008.6016999999999,E,8,999.0,E,8,0.94,E,8,-9900,?,9,-9900,?,9,0.0,E,8,-9900,?,9,-9900,?,9,0.0,0.0,E,8
12/31/2016,01:00,0.0,1413.941,0.0,1,8,0.0,1,8,0.0,1,8,0.0,1,8,0.0,1,8,0.0,1,8,-0.0,1,8,-9900,?,9,-9900,?,9,24.14,E,8,21.25,E,8,83.0,E,8,1008.6016999999999,E,8,999.0,E,8,0.94,E,8,-9900,?,9,-9900,?,9,0.0,E,8,-9900,?,9,-9900,?,9,0.0,0.0,E,8
12/31/2016,02:00,0.0,1413.941,0.0,1,8,0.0,1,8,0.0,1,8,0.0,1,8,0.0,1,8,0.0,1,8,-0.0,1,8,-9900,?,9,-9900,?,9,23.85,E,8,21.19,E,8,85.0,E,8,1008.6016999999999,E,8,999.0,E,8,0.94,E,8,-9900,?,9,-9900,?,9,0.0,E,8,-9900,?,9,-9900,?,9,0.0,0.0,E,8
12/31/2016,03:00,0.0,1413.941,0.0,1,8,0.0,1,8,0.0,1,8,0.0,1,8,0.0,1,8,0.0,1,8,-0.0,1,8,-9900,?,9,-9900,?,9,23.56,E,8,21.13,E,8,86.0,E,8,1008.6016999999999,E,8,999.0,E,8,0.94,E,8,-9900,?,9,-9900,?,9,0.0,E,8,-9900,?,9,-9900,?,9,0.0,0.0,E,8
12/31/2016,04:00,0.0,1413.982,0.0,1,8,0.0,1,8,0.0,1,8,0.0,1,8,0.0,1,8,0.0,1,8,-0.0,1,8,-9900,?,9,-9900,?,9,23.27,E,8,21.06,E,8,87.0,E,8,1008.6016999999999,E,8,999.0,E,8,0.94,E,8,-9900,?,9,-9900,?,9,0.0,E,8,-9900,?,9,-9900,?,9,0.0,0.0,E,8
12/31/2016,05:00,0.0,1413.982,0.0,1,8,0.0,1,8,0.0,1,8,0.0,1,8,0.0,1,8,0.0,1,8,-0.0,1,8,-9900,?,9,-9900,?,9,23.01,E,8,21.0,E,8,88.0,E,8,1008.6016999999999,E,8,999.0,E,8,0.94,E,8,-9900,?,9,-9900,?,9,0.0,E,8,-9900,?,9,-9900,?,9,0.0,0.0,E,8
12/31/2016,06:00,100.019,1413.982,0.0,1,8,0.0,1,8,0.0,1,8,0.0,1,8,0.0,1,8,0.0,1,8,0.0,1,8,-9900,?,9,-9900,?,9,22.82,E,8,20.96,E,8,89.0,E,8,1008.6016999999999,E,8,999.0,E,8,0.94,E,8,-9900,?,9,-9900,?,9,0.0,E,8,-9900,?,9,-9900,?,9,0.0,0.0,E,8
12/31/2016,07:00,412.851,1413.982,94.19,1,8,0.0,1,8,94.19,1,8,11302.8,1,8,0.0,1,8,10360.9,1,8,103.003,1,8,-9900,?,9,-9900,?,9,22.63,E,8,20.92,E,8,90.0,E,8,1008.6016999999999,E,8,999.0,E,8,0.94,E,8,-9900,?,9,-9900,?,9,0.0,E,8,-9900,?,9,-9900,?,9,0.0,0.0,E,8
12/31/2016,08:00,714.089,1413.982,326.52,1,8,210.643,1,8,220.232,1,8,39182.4,1,8,20011.1,1,8,24225.503,1,8,138.929,1,8,-9900,?,9,-9900,?,9,24.44,E,8,21.32,E,8,82.0,E,8,1008.6016999999999,E,8,999.0,E,8,0.94,E,8,-9900,?,9,-9900,?,9,0.0,E,8,-9900,?,9,-9900,?,9,0.0,0.0,E,8
12/31/2016,09:00,980.724,1413.982,570.46,1,8,377.616,1,8,308.632,1,8,68455.2,1,8,35873.503,1,8,33949.552,1,8,141.686,1,8,-9900,?,9,-9900,?,9,25.47,E,8,21.55,E,8,78.0,E,8,1008.6016999999999,E,8,999.0,E,8,0.94,E,8,-9900,?,9,-9900,?,9,0.0,E,8,-9900,?,9,-9900,?,9,0.0,0.0,E,8
12/31/2016,10:00,1194.333,1413.982,776.23,1,8,545.321,1,8,315.674,1,8,93147.6,1,8,51805.488,1,8,34724.142,1,8,118.976,1,8,-9900,?,9,-9900,?,9,26.42,E,8,21.75,E,8,75.0,E,8,1008.6016999999999,E,8,999.0,E,8,1.43,E,8,-9900,?,9,-9900,?,9,0.0,E,8,-9900,?,9,-9900,?,9,0.0,0.0,E,8
12/31/2016,11:00,1340.293,1413.982,930.37,1,8,634.594,1,8,328.868,1,8,111644.4,1,8,60286.383,1,8,36175.472,1,8,110.441,1,8,-9900,?,9,-9900,?,9,27.26,E,8,21.93,E,8,72.0,E,8,1008.6016999999999,E,8,999.0,E,8,1.82,E,8,-9900,?,9,-9900,?,9,0.0,E,8,-9900,?,9,-9900,?,9,0.0,0.0,E,8
12/31/2016,12:00,1408.633,1413.982,1038.22,1,8,735.577,1,8,305.427,1,8,124586.4,1,8,69879.848,1,8,33596.976,1,8,97.59,1,8,-9900,?,9,-9900,?,9,27.97,E,8,22.09,E,8,70.0,E,8,1008.6016999999999,E,8,999.0,E,8,2.64,E,8,-9900,?,9,-9900,?,9,0.0,E,8,-9900,?,9,-9900,?,9,0.0,0.0,E,8
12/31/2016,13:00,1394.682,1413.982,1052.04,1,8,824.568,1,8,238.733,1,8,126244.8,1,8,78333.949,1,8,26260.661,1,8,77.043,1,8,-9900,?,9,-9900,?,9,28.5,E,8,22.2,E,8,68.0,E,8,1008.6016999999999,E,8,999.0,E,8,3.0,E,8,-9900,?,9,-9900,?,9,0.0,E,8,-9900,?,9,-9900,?,9,0.0,0.0,E,8
12/31/2016,14:00,1299.389,1413.982,1001.66,1,8,942.207,1,8,135.859,1,8,120199.2,1,8,89509.64,1,8,14944.524,1,8,47.062,1,8,-9900,?,9,-9900,?,9,28.84,E,8,22.27,E,8,67.0,E,8,1008.6016999999999,E,8,999.0,E,8,3.73,E,8,-9900,?,9,-9900,?,9,0.0,E,8,-9900,?,9,-9900,?,9,0.0,0.0,E,8
12/31/2016,15:00,1129.249,1413.982,890.24,1,8,769.076,1,8,276.135,1,8,106828.8,1,8,73062.193,1,8,30374.852,1,8,110.077,1,8,-9900,?,9,-9900,?,9,29.0,E,8,22.3,E,8,67.0,E,8,1008.6016999999999,E,8,999.0,E,8,2.89,E,8,-9900,?,9,-9900,?,9,0.0,E,8,-9900,?,9,-9900,?,9,0.0,0.0,E,8
12/31/2016,16:00,895.883,1413.982,720.17,1,8,836.301,1,8,190.531,1,8,86420.4,1,8,79448.613,1,8,20958.405,1,8,95.763,1,8,-9900,?,9,-9900,?,9,28.97,E,8,22.3,E,8,67.0,E,8,1008.6016999999999,E,8,999.0,E,8,2.7,E,8,-9900,?,9,-9900,?,9,0.0,E,8,-9900,?,9,-9900,?,9,0.0,0.0,E,8
12/31/2016,17:00,615.281,1413.982,497.96,1,8,777.478,1,8,160.07,1,8,59755.2,1,8,73860.373,1,8,17607.736,1,8,117.239,1,8,-9900,?,9,-9900,?,9,28.65,E,8,22.23,E,8,68.0,E,8,1008.6016999999999,E,8,999.0,E,8,2.68,E,8,-9900,?,9,-9900,?,9,0.0,E,8,-9900,?,9,-9900,?,9,0.0,0.0,E,8
12/31/2016,18:00,307.02,1413.982,300.544,1,8,493.469,1,8,194.01,1,8,36065.28,1,8,46879.526,1,8,21341.153,1,8,286.054,1,8,-9900,?,9,-9900,?,9,27.966,E,8,22.086,E,8,70.2,E,8,1008.6016999999999,E,8,999.0,E,8,2.34,E,8,-9900,?,9,-9900,?,9,0.0,E,8,-9900,?,9,-9900,?,9,0.0,0.0,E,8
12/31/2016,19:00,2.409,1413.982,156.51,1,8,0.0,1,8,0.0,1,8,18781.2,1,8,0.0,1,8,0.0,1,8,-0.0,1,8,-9900,?,9,-9900,?,9,27.408,E,8,21.966,E,8,72.0,E,8,1008.6016999999999,E,8,999.0,E,8,2.0,E,8,-9900,?,9,-9900,?,9,0.0,E,8,-9900,?,9,-9900,?,9,0.0,0.0,E,8
12/31/2016,20:00,0.0,1413.982,56.918,1,8,0.0,1,8,0.0,1,8,6830.16,1,8,0.0,1,8,0.0,1,8,-0.0,1,8,-9900,?,9,-9900,?,9,26.796,E,8,21.834,E,8,74.0,E,8,1008.6016999999999,E,8,999.0,E,8,1.652,E,8,-9900,?,9,-9900,?,9,0.0,E,8,-9900,?,9,-9900,?,9,0.0,0.0,E,8
12/31/2016,21:00,0.0,1413.982,6.644,1,8,0.0,1,8,0.0,1,8,797.28,1,8,0.0,1,8,0.0,1,8,-0.0,1,8,-9900,?,9,-9900,?,9,26.178,E,8,21.7,E,8,76.0,E,8,1008.6016999999999,E,8,999.0,E,8,1.3,E,8,-9900,?,9,-9900,?,9,0.0,E,8,-9900,?,9,-9900,?,9,0.0,0.0,E,8
12/31/2016,22:00,0.0,1413.982,0.0,1,8,0.0,1,8,0.0,1,8,0.0,1,8,0.0,1,8,0.0,1,8,-0.0,1,8,-9900,?,9,-9900,?,9,25.216,E,8,21.308,E,8,78.8,E,8,1008.6016999999999,E,8,999.0,E,8,1.12,E,8,-9900,?,9,-9900,?,9,0.0004,E,8,-9900,?,9,-9900,?,9,0.004,99.0,E,8
12/31/2016,23:00,0.0,1413.982,0.0,1,8,0.0,1,8,0.0,1,8,0.0,1,8,0.0,1,8,0.0,1,8,-0.0,1,8,-9900,?,9,-9900,?,9,24.314,E,8,20.934,E,8,81.4,E,8,1008.6016999999999,E,8,999.0,E,8,1.088,E,8,-9900,?,9,-9900,?,9,0.001,E,8,-9900,?,9,-9900,?,9,0.01,99.0,E,8
12/31/2016,24:00,0.0,1413.941,0.0,1,8,0.0,1,8,0.0,1,8,0.0,1,8,0.0,1,8,0.0,1,8,-0.0,1,8,-9900,?,9,-9900,?,9,23.474,E,8,20.58,E,8,83.8,E,8,1008.6016999999999,E,8,999.0,E,8,1.144,E,8,-9900,?,9,-9900,?,9,0.0014,E,8,-9900,?,9,-9900,?,9,0.014,99.0,E,8
