i12_j10,REU_i12_j10,RE,4.0,-21.11,55.33,1257.3333333333333
Date (MM/DD/YYYY),Time (HH:MM),ETR (W/m^2),ETRN (W/m^2),GHI (W/m^2),GHI source,GHI uncert (%),DNI (W/m^2),DNI source,DNI uncert (%),DHI (W/m^2),DHI source,DHI uncert (%),GH illum (lx),GH illum source,Global illum uncert (%),DN illum (lx),DN illum source,DN illum uncert (%),DH illum (lx),DH illum source,DH illum uncert (%),Zenith lum (cd/m^2),Zenith lum source,Zenith lum uncert (%),TotCld (tenths),TotCld source,TotCld uncert (code),OpqCld (tenths),OpqCld source,OpqCld uncert (code),Dry-bulb (C),Dry-bulb source,Dry-bulb uncert (code),Dew-point (C),Dew-point source,Dew-point uncert (code),RHum (%),RHum source,RHum uncert (code),Pressure (mbar),Pressure source,Pressure uncert (code),Wdir (degrees),Wdir source,Wdir uncert (code),Wspd (m/s),Wspd source,Wspd uncert (code),Hvis (m),Hvis source,Hvis uncert (code),CeilHgt (m),CeilHgt source,CeilHgt uncert (code),Pwat (cm),Pwat source,Pwat uncert (code),AOD (unitless),AOD source,AOD uncert (code),Alb (unitless),Alb source,Alb uncert (code),Lprecip depth (mm),Lprecip quantity (hr),Lprecip source,Lprecip uncert (code)
01/01/2024,01:00,0.0,1413.941,0.0,1,8,0.0,1,8,0.0,1,8,0.0,1,8,0.0,1,8,0.0,1,8,-0.0,1,8,-9900,?,9,-9900,?,9,15.434,E,8,12.782,E,8,84.4,E,8,872.5394,E,8,999.0,E,8,0.174,E,8,-9900,?,9,-9900,?,9,0.0,E,8,-9900,?,9,-9900,?,9,0.0,0.0,E,8
01/01/2024,02:00,0.0,1413.941,0.0,1,8,0.0,1,8,0.0,1,8,0.0,1,8,0.0,1,8,0.0,1,8,-0.0,1,8,-9900,?,9,-9900,?,9,14.788,E,8,13.266,E,8,90.0,E,8,872.5394,E,8,999.0,E,8,0.15,E,8,-9900,?,9,-9900,?,9,0.0,E,8,-9900,?,9,-9900,?,9,0.0,0.0,E,8
01/01/2024,03:00,0.0,1413.941,0.0,1,8,0.0,1,8,0.0,1,8,0.0,1,8,0.0,1,8,0.0,1,8,-0.0,1,8,-9900,?,9,-9900,?,9,14.458,E,8,13.106,E,8,91.0,E,8,872.5394,E,8,999.0,E,8,0.15,E,8,-9900,?,9,-9900,?,9,0.0,E,8,-9900,?,9,-9900,?,9,0.0,0.0,E,8
01/01/2024,04:00,0.0,1413.982,0.0,1,8,0.0,1,8,0.0,1,8,0.0,1,8,0.0,1,8,0.0,1,8,-0.0,1,8,-9900,?,9,-9900,?,9,14.15,E,8,12.956,E,8,92.0,E,8,872.5394,E,8,999.0,E,8,0.154,E,8,-9900,?,9,-9900,?,9,0.0,E,8,-9900,?,9,-9900,?,9,0.0,0.0,E,8
01/01/2024,05:00,0.0,1413.982,9.714,1,8,0.0,1,8,0.0,1,8,1165.68,1,8,0.0,1,8,0.0,1,8,-0.0,1,8,-9900,?,9,-9900,?,9,13.864,E,8,12.816,E,8,92.8,E,8,872.5394,E,8,999.0,E,8,0.154,E,8,-9900,?,9,-9900,?,9,0.0,E,8,-9900,?,9,-9900,?,9,0.0,0.0,E,8
01/01/2024,06:00,89.243,1413.982,0.0,1,8,0.0,1,8,0.0,1,8,0.0,1,8,0.0,1,8,0.0,1,8,0.0,1,8,-9900,?,9,-9900,?,9,13.59,E,8,12.68,E,8,94.0,E,8,872.5394,E,8,999.0,E,8,0.17,E,8,-9900,?,9,-9900,?,9,0.0,E,8,-9900,?,9,-9900,?,9,0.0,0.0,E,8
01/01/2024,07:00,401.927,1413.982,48.57,1,8,0.0,1,8,48.57,1,8,5828.4,1,8,0.0,1,8,5342.7,1,8,54.568,1,8,-9900,?,9,-9900,?,9,13.36,E,8,12.57,E,8,94.0,E,8,872.5394,E,8,999.0,E,8,0.15,E,8,-9900,?,9,-9900,?,9,0.0,E,8,-9900,?,9,-9900,?,9,0.0,0.0,E,8
01/01/2024,08:00,704.079,1413.982,173.81,1,8,5.655,1,8,170.997,1,8,20857.2,1,8,537.248,1,8,18809.617,1,8,109.407,1,8,-9900,?,9,-9900,?,9,15.72,E,8,13.71,E,8,87.0,E,8,872.5394,E,8,999.0,E,8,0.26,E,8,-9900,?,9,-9900,?,9,0.0,E,8,-9900,?,9,-9900,?,9,0.0,0.0,E,8
01/01/2024,09:00,972.3,1413.982,299.43,1,8,32.857,1,8,276.844,1,8,35931.6,1,8,3121.418,1,8,30452.82,1,8,128.195,1,8,-9900,?,9,-9900,?,9,17.05,E,8,14.32,E,8,83.0,E,8,872.5394,E,8,999.0,E,8,0.21,E,8,-9900,?,9,-9900,?,9,0.0,E,8,-9900,?,9,-9900,?,9,0.0,0.0,E,8
01/01/2024,10:00,1188.044,1413.982,408.02,1,8,20.265,1,8,390.996,1,8,48962.4,1,8,1925.129,1,8,43009.516,1,8,148.145,1,8,-9900,?,9,-9900,?,9,18.29,E,8,14.87,E,8,80.0,E,8,872.5394,E,8,999.0,E,8,0.63,E,8,-9900,?,9,-9900,?,9,0.0,E,8,-9900,?,9,-9900,?,9,0.0,0.0,E,8
01/01/2024,11:00,1336.54,1413.982,490.31,1,8,43.175,1,8,449.501,1,8,58837.2,1,8,4101.583,1,8,49445.162,1,8,151.376,1,8,-9900,?,9,-9900,?,9,19.38,E,8,15.35,E,8,77.0,E,8,872.5394,E,8,999.0,E,8,1.17,E,8,-9900,?,9,-9900,?,9,0.0,E,8,-9900,?,9,-9900,?,9,0.0,0.0,E,8
01/01/2024,12:00,1407.643,1413.982,540.06,1,8,48.485,1,8,491.792,1,8,64807.2,1,8,4606.108,1,8,54097.136,1,8,157.248,1,8,-9900,?,9,-9900,?,9,20.29,E,8,15.73,E,8,75.0,E,8,872.5394,E,8,999.0,E,8,1.49,E,8,-9900,?,9,-9900,?,9,0.0,E,8,-9900,?,9,-9900,?,9,0.0,0.0,E,8
01/01/2024,13:00,1396.493,1413.982,553.66,1,8,54.991,1,8,499.35,1,8,66439.2,1,8,5224.142,1,8,54928.455,1,8,160.94,1,8,-9900,?,9,-9900,?,9,20.97,E,8,16.01,E,8,73.0,E,8,872.5394,E,8,999.0,E,8,1.96,E,8,-9900,?,9,-9900,?,9,0.0,E,8,-9900,?,9,-9900,?,9,0.0,0.0,E,8
01/01/2024,14:00,1303.846,1413.982,530.13,1,8,82.36,1,8,454.189,1,8,63615.6,1,8,7824.174,1,8,49960.814,1,8,156.793,1,8,-9900,?,9,-9900,?,9,21.43,E,8,16.2,E,8,72.0,E,8,872.5394,E,8,999.0,E,8,2.41,E,8,-9900,?,9,-9900,?,9,0.0,E,8,-9900,?,9,-9900,?,9,0.0,0.0,E,8
01/01/2024,15:00,1136.02,1413.982,471.14,1,8,107.901,1,8,384.464,1,8,56536.8,1,8,10250.602,1,8,42291.062,1,8,152.347,1,8,-9900,?,9,-9900,?,9,21.64,E,8,16.28,E,8,71.0,E,8,872.5394,E,8,999.0,E,8,2.58,E,8,-9900,?,9,-9900,?,9,0.0,E,8,-9900,?,9,-9900,?,9,0.0,0.0,E,8
01/01/2024,16:00,904.474,1413.982,381.03,1,8,90.02,1,8,323.472,1,8,45723.6,1,8,8551.926,1,8,35581.88,1,8,161.034,1,8,-9900,?,9,-9900,?,9,21.6,E,8,16.26,E,8,71.0,E,8,872.5394,E,8,999.0,E,8,1.7,E,8,-9900,?,9,-9900,?,9,0.0,E,8,-9900,?,9,-9900,?,9,0.0,0.0,E,8
01/01/2024,17:00,625.071,1413.982,266.75,1,8,124.185,1,8,211.918,1,8,32010.0,1,8,11797.543,1,8,23311.013,1,8,152.776,1,8,-9900,?,9,-9900,?,9,21.2,E,8,16.1,E,8,72.0,E,8,872.5394,E,8,999.0,E,8,1.42,E,8,-9900,?,9,-9900,?,9,0.0,E,8,-9900,?,9,-9900,?,9,0.0,0.0,E,8
01/01/2024,18:00,317.279,1413.982,138.77,1,8,258.214,1,8,81.141,1,8,16652.4,1,8,24530.286,1,8,8925.494,1,8,115.725,1,8,-9900,?,9,-9900,?,9,20.48,E,8,15.81,E,8,74.0,E,8,872.5394,E,8,999.0,E,8,0.71,E,8,-9900,?,9,-9900,?,9,0.0,E,8,-9900,?,9,-9900,?,9,0.0,0.0,E,8
01/01/2024,19:00,10.925,1413.982,21.4,1,8,0.0,1,8,0.0,1,8,2568.0,1,8,0.0,1,8,0.0,1,8,-0.0,1,8,-9900,?,9,-9900,?,9,19.55,E,8,15.42,E,8,77.0,E,8,872.5394,E,8,999.0,E,8,0.54,E,8,-9900,?,9,-9900,?,9,0.0,E,8,-9900,?,9,-9900,?,9,0.0,0.0,E,8
01/01/2024,20:00,0.0,1413.982,0.0,1,8,0.0,1,8,0.0,1,8,0.0,1,8,0.0,1,8,0.0,1,8,-0.0,1,8,-9900,?,9,-9900,?,9,18.96,E,8,15.17,E,8,78.0,E,8,872.5394,E,8,999.0,E,8,0.33,E,8,-9900,?,9,-9900,?,9,0.0,E,8,-9900,?,9,-9900,?,9,0.0,0.0,E,8
01/01/2024,21:00,0.0,1413.982,0.0,1,8,0.0,1,8,0.0,1,8,0.0,1,8,0.0,1,8,0.0,1,8,-0.0,1,8,-9900,?,9,-9900,?,9,18.38,E,8,14.91,E,8,80.0,E,8,872.5394,E,8,999.0,E,8,0.21,E,8,-9900,?,9,-9900,?,9,0.0,E,8,-9900,?,9,-9900,?,9,0.0,0.0,E,8
01/01/2024,22:00,0.0,1413.982,0.0,1,8,0.0,1,8,0.0,1,8,0.0,1,8,0.0,1,8,0.0,1,8,-0.0,1,8,-9900,?,9,-9900,?,9,17.79,E,8,14.65,E,8,81.0,E,8,872.5394,E,8,999.0,E,8,0.31,E,8,-9900,?,9,-9900,?,9,0.0,E,8,-9900,?,9,-9900,?,9,0.0,0.0,E,8
01/01/2024,23:00,0.0,1413.982,0.0,1,8,0.0,1,8,0.0,1,8,0.0,1,8,0.0,1,8,0.0,1,8,-0.0,1,8,-9900,?,9,-9900,?,9,17.21,E,8,14.4,E,8,83.0,E,8,872.5394,E,8,999.0,E,8,0.36,E,8,-9900,?,9,-9900,?,9,0.0,E,8,-9900,?,9,-9900,?,9,0.0,0.0,E,8
01/01/2024,24:00,0.0,1413.982,0.0,1,8,0.0,1,8,0.0,1,8,0.0,1,8,0.0,1,8,0.0,1,8,-0.0,1,8,-9900,?,9,-9900,?,9,16.62,E,8,14.63,E,8,88.0,E,8,872.5394,E,8,999.0,E,8,7.85,E,8,-9900,?,9,-9900,?,9,0.0,E,8,-9900,?,9,-9900,?,9,0.0,0.0,E,8
01/02/2024,01:00,0.0,1413.982,0.0,1,8,0.0,1,8,0.0,1,8,0.0,1,8,0.0,1,8,0.0,1,8,-0.0,1,8,-9900,?,9,-9900,?,9,16.33,E,8,14.44,E,8,88.0,E,8,872.5394,E,8,999.0,E,8,5.83,E,8,-9900,?,9,-9900,?,9,0.0,E,8,-9900,?,9,-9900,?,9,0.0,0.0,E,8
01/02/2024,02:00,0.0,1413.982,0.0,1,8,0.0,1,8,0.0,1,8,0.0,1,8,0.0,1,8,0.0,1,8,-0.0,1,8,-9900,?,9,-9900,?,9,16.03,E,8,14.25,E,8,89.0,E,8,872.5394,E,8,999.0,E,8,5.4,E,8,-9900,?,9,-9900,?,9,0.0,E,8,-9900,?,9,-9900,?,9,0.0,0.0,E,8
01/02/2024,03:00,0.0,1413.982,0.0,1,8,0.0,1,8,0.0,1,8,0.0,1,8,0.0,1,8,0.0,1,8,-0.0,1,8,-9900,?,9,-9900,?,9,15.74,E,8,14.06,E,8,89.0,E,8,872.5394,E,8,999.0,E,8,6.03,E,8,-9900,?,9,-9900,?,9,0.0,E,8,-9900,?,9,-9900,?,9,0.0,0.0,E,8
01/02/2024,04:00,0.0,1414.008,0.0,1,8,0.0,1,8,0.0,1,8,0.0,1,8,0.0,1,8,0.0,1,8,-0.0,1,8,-9900,?,9,-9900,?,9,15.45,E,8,13.86,E,8,90.0,E,8,872.5394,E,8,999.0,E,8,3.83,E,8,-9900,?,9,-9900,?,9,0.0,E,8,-9900,?,9,-9900,?,9,0.0,0.0,E,8
01/02/2024,05:00,0.0,1414.008,0.0,1,8,0.0,1,8,0.0,1,8,0.0,1,8,0.0,1,8,0.0,1,8,-0.0,1,8,-9900,?,9,-9900,?,9,15.19,E,8,13.69,E,8,90.0,E,8,872.5394,E,8,999.0,E,8,3.28,E,8,-9900,?,9,-9900,?,9,0.0,E,8,-9900,?,9,-9900,?,9,0.0,0.0,E,8
01/02/2024,06:00,86.151,1414.008,0.0,1,8,0.0,1,8,0.0,1,8,0.0,1,8,0.0,1,8,0.0,1,8,0.0,1,8,-9900,?,9,-9900,?,9,15.0,E,8,13.56,E,8,91.0,E,8,872.5394,E,8,999.0,E,8,2.05,E,8,-9900,?,9,-9900,?,9,0.0,E,8,-9900,?,9,-9900,?,9,0.0,0.0,E,8
01/02/2024,07:00,398.934,1414.008,33.67,1,8,0.0,1,8,33.67,1,8,4040.4,1,8,0.0,1,8,3703.7,1,8,38.115,1,8,-9900,?,9,-9900,?,9,14.8,E,8,13.42,E,8,91.0,E,8,872.5394,E,8,999.0,E,8,1.97,E,8,-9900,?,9,-9900,?,9,0.0,E,8,-9900,?,9,-9900,?,9,0.0,0.0,E,8
01/02/2024,08:00,701.458,1414.008,122.46,1,8,0.0,1,8,122.46,1,8,14695.2,1,8,0.0,1,8,13470.6,1,8,78.647,1,8,-9900,?,9,-9900,?,9,16.24,E,8,14.39,E,8,88.0,E,8,872.5394,E,8,999.0,E,8,2.11,E,8,-9900,?,9,-9900,?,9,0.0,E,8,-9900,?,9,-9900,?,9,0.0,0.0,E,8
01/02/2024,09:00,970.191,1414.008,211.72,1,8,2.101,1,8,210.279,1,8,25406.4,1,8,199.58,1,8,23130.693,1,8,97.585,1,8,-9900,?,9,-9900,?,9,17.06,E,8,14.91,E,8,87.0,E,8,872.5394,E,8,999.0,E,8,2.94,E,8,-9900,?,9,-9900,?,9,0.0,E,8,-9900,?,9,-9900,?,9,0.0,0.0,E,8
01/02/2024,10:00,1186.546,1414.008,288.96,1,8,8.986,1,8,281.42,1,8,34675.2,1,8,853.677,1,8,30956.242,1,8,106.764,1,8,-9900,?,9,-9900,?,9,17.83,E,8,15.39,E,8,85.0,E,8,872.5394,E,8,999.0,E,8,3.14,E,8,-9900,?,9,-9900,?,9,0.0,E,8,-9900,?,9,-9900,?,9,0.0,0.0,E,8
01/02/2024,11:00,1335.711,1414.008,347.56,1,8,19.662,1,8,328.987,1,8,41707.2,1,8,1867.915,1,8,36188.586,1,8,110.862,1,8,-9900,?,9,-9900,?,9,18.51,E,8,15.8,E,8,84.0,E,8,872.5394,E,8,999.0,E,8,2.26,E,8,-9900,?,9,-9900,?,9,0.0,E,8,-9900,?,9,-9900,?,9,0.0,0.0,E,8
01/02/2024,12:00,1407.492,1414.008,383.09,1,8,21.245,1,8,361.943,1,8,45970.8,1,8,2018.315,1,8,39813.679,1,8,115.744,1,8,-9900,?,9,-9900,?,9,19.07,E,8,16.13,E,8,83.0,E,8,872.5394,E,8,999.0,E,8,1.94,E,8,-9900,?,9,-9900,?,9,0.0,E,8,-9900,?,9,-9900,?,9,0.0,0.0,E,8
01/02/2024,13:00,1396.985,1414.008,392.95,1,8,22.147,1,8,371.07,1,8,47154.0,1,8,2103.97,1,8,40817.67,1,8,119.555,1,8,-9900,?,9,-9900,?,9,19.49,E,8,16.38,E,8,82.0,E,8,872.5394,E,8,999.0,E,8,1.71,E,8,-9900,?,9,-9900,?,9,0.0,E,8,-9900,?,9,-9900,?,9,0.0,0.0,E,8
01/02/2024,14:00,1304.901,1414.008,376.44,1,8,22.838,1,8,355.365,1,8,45172.8,1,8,2169.604,1,8,39090.188,1,8,122.581,1,8,-9900,?,9,-9900,?,9,19.77,E,8,16.54,E,8,81.0,E,8,872.5394,E,8,999.0,E,8,1.71,E,8,-9900,?,9,-9900,?,9,0.0,E,8,-9900,?,9,-9900,?,9,0.0,0.0,E,8
01/02/2024,15:00,1137.518,1414.008,334.74,1,8,17.109,1,8,320.978,1,8,40168.8,1,8,1625.401,1,8,35307.607,1,8,127.025,1,8,-9900,?,9,-9900,?,9,19.91,E,8,16.62,E,8,81.0,E,8,872.5394,E,8,999.0,E,8,1.71,E,8,-9900,?,9,-9900,?,9,0.0,E,8,-9900,?,9,-9900,?,9,0.0,0.0,E,8
01/02/2024,16:00,906.265,1414.008,270.91,1,8,10.596,1,8,264.122,1,8,32509.2,1,8,1006.643,1,8,29053.368,1,8,131.23,1,8,-9900,?,9,-9900,?,9,19.89,E,8,16.61,E,8,81.0,E,8,872.5394,E,8,999.0,E,8,4.18,E,8,-9900,?,9,-9900,?,9,0.0,E,8,-9900,?,9,-9900,?,9,0.0,0.0,E,8
01/02/2024,17:00,626.984,1414.008,189.87,1,8,14.307,1,8,183.534,1,8,22784.4,1,8,1359.158,1,8,20188.712,1,8,131.911,1,8,-9900,?,9,-9900,?,9,19.64,E,8,16.46,E,8,81.0,E,8,872.5394,E,8,999.0,E,8,3.12,E,8,-9900,?,9,-9900,?,9,0.0,E,8,-9900,?,9,-9900,?,9,0.0,0.0,E,8
01/02/2024,18:00,319.129,1414.008,99.02,1,8,20.399,1,8,94.441,1,8,11882.4,1,8,1937.868,1,8,10388.467,1,8,133.907,1,8,-9900,?,9,-9900,?,9,19.2,E,8,16.21,E,8,82.0,E,8,872.5394,E,8,999.0,E,8,2.02,E,8,-9900,?,9,-9900,?,9,0.0,E,8,-9900,?,9,-9900,?,9,0.0,0.0,E,8
01/02/2024,19:00,12.317,1414.008,15.52,1,8,0.0,1,8,15.52,1,8,1862.4,1,8,0.0,1,8,1707.2,1,8,13517.101,1,8,-9900,?,9,-9900,?,9,18.62,E,8,15.87,E,8,84.0,E,8,872.5394,E,8,999.0,E,8,3.57,E,8,-9900,?,9,-9900,?,9,0.0,E,8,-9900,?,9,-9900,?,9,0.0,0.0,E,8
01/02/2024,20:00,0.0,1414.008,0.0,1,8,0.0,1,8,0.0,1,8,0.0,1,8,0.0,1,8,0.0,1,8,-0.0,1,8,-9900,?,9,-9900,?,9,18.06,E,8,15.53,E,8,85.0,E,8,872.5394,E,8,999.0,E,8,3.83,E,8,-9900,?,9,-9900,?,9,0.0,E,8,-9900,?,9,-9900,?,9,0.0,0.0,E,8
01/02/2024,21:00,0.0,1414.008,0.0,1,8,0.0,1,8,0.0,1,8,0.0,1,8,0.0,1,8,0.0,1,8,-0.0,1,8,-9900,?,9,-9900,?,9,17.49,E,8,15.18,E,8,86.0,E,8,872.5394,E,8,999.0,E,8,2.91,E,8,-9900,?,9,-9900,?,9,0.0,E,8,-9900,?,9,-9900,?,9,0.0,0.0,E,8
01/02/2024,22:00,0.0,1414.008,0.0,1,8,0.0,1,8,0.0,1,8,0.0,1,8,0.0,1,8,0.0,1,8,-0.0,1,8,-9900,?,9,-9900,?,9,16.92,E,8,14.82,E,8,87.0,E,8,872.5394,E,8,999.0,E,8,2.93,E,8,-9900,?,9,-9900,?,9,0.0,E,8,-9900,?,9,-9900,?,9,0.0,0.0,E,8
01/02/2024,23:00,0.0,1414.008,0.0,1,8,0.0,1,8,0.0,1,8,0.0,1,8,0.0,1,8,0.0,1,8,-0.0,1,8,-9900,?,9,-9900,?,9,16.36,E,8,14.46,E,8,88.0,E,8,872.5394,E,8,999.0,E,8,4.01,E,8,-9900,?,9,-9900,?,9,0.0,E,8,-9900,?,9,-9900,?,9,0.0,0.0,E,8
01/02/2024,24:00,0.0,1414.008,0.0,1,8,0.0,1,8,0.0,1,8,0.0,1,8,0.0,1,8,0.0,1,8,-0.0,1,8,-9900,?,9,-9900,?,9,15.79,E,8,13.08,E,8,83.0,E,8,872.5394,E,8,999.0,E,8,0.88,E,8,-9900,?,9,-9900,?,9,0.0,E,8,-9900,?,9,-9900,?,9,0.0,0.0,E,8
01/03/2024,01:00,0.0,1414.008,0.0,1,8,0.0,1,8,0.0,1,8,0.0,1,8,0.0,1,8,0.0,1,8,-0.0,1,8,-9900,?,9,-9900,?,9,15.51,E,8,12.95,E,8,84.0,E,8,872.5394,E,8,999.0,E,8,0.58,E,8,-9900,?,9,-9900,?,9,0.0,E,8,-9900,?,9,-9900,?,9,0.0,0.0,E,8
01/03/2024,02:00,0.0,1414.008,0.0,1,8,0.0,1,8,0.0,1,8,0.0,1,8,0.0,1,8,0.0,1,8,-0.0,1,8,-9900,?,9,-9900,?,9,15.22,E,8,12.82,E,8,85.0,E,8,872.5394,E,8,999.0,E,8,0.58,E,8,-9900,?,9,-9900,?,9,0.0,E,8,-9900,?,9,-9900,?,9,0.0,0.0,E,8
01/03/2024,03:00,0.0,1414.008,0.0,1,8,0.0,1,8,0.0,1,8,0.0,1,8,0.0,1,8,0.0,1,8,-0.0,1,8,-9900,?,9,-9900,?,9,14.94,E,8,12.69,E,8,86.0,E,8,872.5394,E,8,999.0,E,8,0.58,E,8,-9900,?,9,-9900,?,9,0.0,E,8,-9900,?,9,-9900,?,9,0.0,0.0,E,8
01/03/2024,04:00,0.0,1414.019,0.0,1,8,0.0,1,8,0.0,1,8,0.0,1,8,0.0,1,8,0.0,1,8,-0.0,1,8,-9900,?,9,-9900,?,9,14.66,E,8,12.56,E,8,87.0,E,8,872.5394,E,8,999.0,E,8,0.58,E,8,-9900,?,9,-9900,?,9,0.0,E,8,-9900,?,9,-9900,?,9,0.0,0.0,E,8
01/03/2024,05:00,0.0,1414.019,0.0,1,8,0.0,1,8,0.0,1,8,0.0,1,8,0.0,1,8,0.0,1,8,-0.0,1,8,-9900,?,9,-9900,?,9,14.4,E,8,12.43,E,8,87.0,E,8,872.5394,E,8,999.0,E,8,0.58,E,8,-9900,?,9,-9900,?,9,0.0,E,8,-9900,?,9,-9900,?,9,0.0,0.0,E,8
01/03/2024,06:00,83.021,1414.019,0.0,1,8,0.0,1,8,0.0,1,8,0.0,1,8,0.0,1,8,0.0,1,8,0.0,1,8,-9900,?,9,-9900,?,9,14.22,E,8,12.35,E,8,88.0,E,8,872.5394,E,8,999.0,E,8,0.58,E,8,-9900,?,9,-9900,?,9,0.0,E,8,-9900,?,9,-9900,?,9,0.0,0.0,E,8
01/03/2024,07:00,395.909,1414.019,58.68,1,8,0.0,1,8,58.68,1,8,7041.6,1,8,0.0,1,8,6454.8,1,8,66.938,1,8,-9900,?,9,-9900,?,9,14.03,E,8,12.25,E,8,89.0,E,8,872.5394,E,8,999.0,E,8,0.58,E,8,-9900,?,9,-9900,?,9,0.0,E,8,-9900,?,9,-9900,?,9,0.0,0.0,E,8
01/03/2024,08:00,698.814,1414.019,217.02,1,8,21.685,1,8,206.313,1,8,26042.4,1,8,2060.058,1,8,22694.427,1,8,133.004,1,8,-9900,?,9,-9900,?,9,16.37,E,8,13.35,E,8,82.0,E,8,872.5394,E,8,999.0,E,8,0.58,E,8,-9900,?,9,-9900,?,9,0.0,E,8,-9900,?,9,-9900,?,9,0.0,0.0,E,8
01/03/2024,09:00,968.065,1414.019,376.56,1,8,81.836,1,8,320.552,1,8,45187.2,1,8,7774.396,1,8,35260.753,1,8,149.089,1,8,-9900,?,9,-9900,?,9,17.73,E,8,13.95,E,8,78.0,E,8,872.5394,E,8,999.0,E,8,0.91,E,8,-9900,?,9,-9900,?,9,0.0,E,8,-9900,?,9,-9900,?,9,0.0,0.0,E,8
01/03/2024,10:00,1185.036,1414.019,514.76,1,8,125.156,1,8,409.885,1,8,61771.2,1,8,11889.778,1,8,45087.344,1,8,155.701,1,8,-9900,?,9,-9900,?,9,18.99,E,8,14.49,E,8,75.0,E,8,872.5394,E,8,999.0,E,8,1.21,E,8,-9900,?,9,-9900,?,9,0.0,E,8,-9900,?,9,-9900,?,9,0.0,0.0,E,8
01/03/2024,11:00,1334.869,1414.019,619.74,1,8,72.387,1,8,551.408,1,8,74368.8,1,8,6876.733,1,8,60654.843,1,8,185.932,1,8,-9900,?,9,-9900,?,9,20.11,E,8,14.96,E,8,72.0,E,8,872.5394,E,8,999.0,E,8,2.57,E,8,-9900,?,9,-9900,?,9,0.0,E,8,-9900,?,9,-9900,?,9,0.0,0.0,E,8
01/03/2024,12:00,1407.326,1414.019,683.55,1,8,82.906,1,8,601.036,1,8,82026.0,1,8,7876.107,1,8,66113.989,1,8,192.226,1,8,-9900,?,9,-9900,?,9,21.03,E,8,15.33,E,8,69.0,E,8,872.5394,E,8,999.0,E,8,1.93,E,8,-9900,?,9,-9900,?,9,0.0,E,8,-9900,?,9,-9900,?,9,0.0,0.0,E,8
01/03/2024,13:00,1397.456,1414.019,701.54,1,8,95.569,1,8,607.091,1,8,84184.8,1,8,9079.086,1,8,66779.988,1,8,195.535,1,8,-9900,?,9,-9900,?,9,21.73,E,8,15.61,E,8,68.0,E,8,872.5394,E,8,999.0,E,8,2.56,E,8,-9900,?,9,-9900,?,9,0.0,E,8,-9900,?,9,-9900,?,9,0.0,0.0,E,8
01/03/2024,14:00,1305.924,1414.019,672.4,1,8,112.588,1,8,568.424,1,8,80688.0,1,8,10695.837,1,8,62526.67,1,8,195.921,1,8,-9900,?,9,-9900,?,9,22.2,E,8,15.79,E,8,67.0,E,8,872.5394,E,8,999.0,E,8,2.76,E,8,-9900,?,9,-9900,?,9,0.0,E,8,-9900,?,9,-9900,?,9,0.0,0.0,E,8
01/03/2024,15:00,1138.972,1414.019,598.24,1,8,278.128,1,8,374.247,1,8,71788.8,1,8,26422.167,1,8,41167.22,1,8,147.918,1,8,-9900,?,9,-9900,?,9,22.42,E,8,15.88,E,8,66.0,E,8,872.5394,E,8,999.0,E,8,2.45,E,8,-9900,?,9,-9900,?,9,0.0,E,8,-9900,?,9,-9900,?,9,0.0,0.0,E,8
01/03/2024,16:00,907.998,1414.019,484.48,1,8,227.902,1,8,338.196,1,8,58137.6,1,8,21650.664,1,8,37201.613,1,8,167.715,1,8,-9900,?,9,-9900,?,9,22.4,E,8,15.87,E,8,66.0,E,8,872.5394,E,8,999.0,E,8,2.26,E,8,-9900,?,9,-9900,?,9,0.0,E,8,-9900,?,9,-9900,?,9,0.0,0.0,E,8
01/03/2024,17:00,628.824,1414.019,339.9,1,8,324.585,1,8,195.726,1,8,40788.0,1,8,30835.575,1,8,21529.821,1,8,140.261,1,8,-9900,?,9,-9900,?,9,21.99,E,8,15.71,E,8,67.0,E,8,872.5394,E,8,999.0,E,8,1.13,E,8,-9900,?,9,-9900,?,9,0.0,E,8,-9900,?,9,-9900,?,9,0.0,0.0,E,8
01/03/2024,18:00,320.893,1414.019,177.7,1,8,425.933,1,8,81.546,1,8,21324.0,1,8,40463.676,1,8,8970.1,1,8,114.982,1,8,-9900,?,9,-9900,?,9,21.27,E,8,15.42,E,8,69.0,E,8,872.5394,E,8,999.0,E,8,0.58,E,8,-9900,?,9,-9900,?,9,0.0,E,8,-9900,?,9,-9900,?,9,0.0,0.0,E,8
01/03/2024,19:00,13.631,1414.019,28.27,1,8,0.0,1,8,28.27,1,8,3392.4,1,8,0.0,1,8,3109.7,1,8,6214.485,1,8,-9900,?,9,-9900,?,9,20.32,E,8,15.04,E,8,71.0,E,8,872.5394,E,8,999.0,E,8,0.58,E,8,-9900,?,9,-9900,?,9,0.0,E,8,-9900,?,9,-9900,?,9,0.0,0.0,E,8
01/03/2024,20:00,0.0,1414.019,0.0,1,8,0.0,1,8,0.0,1,8,0.0,1,8,0.0,1,8,0.0,1,8,-0.0,1,8,-9900,?,9,-9900,?,9,19.62,E,8,14.75,E,8,73.0,E,8,872.5394,E,8,999.0,E,8,0.58,E,8,-9900,?,9,-9900,?,9,0.0,E,8,-9900,?,9,-9900,?,9,0.0,0.0,E,8
01/03/2024,21:00,0.0,1414.019,0.0,1,8,0.0,1,8,0.0,1,8,0.0,1,8,0.0,1,8,0.0,1,8,-0.0,1,8,-9900,?,9,-9900,?,9,18.91,E,8,14.46,E,8,75.0,E,8,872.5394,E,8,999.0,E,8,0.58,E,8,-9900,?,9,-9900,?,9,0.0,E,8,-9900,?,9,-9900,?,9,0.0,0.0,E,8
01/03/2024,22:00,0.0,1414.019,0.0,1,8,0.0,1,8,0.0,1,8,0.0,1,8,0.0,1,8,0.0,1,8,-0.0,1,8,-9900,?,9,-9900,?,9,18.21,E,8,14.16,E,8,77.0,E,8,872.5394,E,8,999.0,E,8,0.58,E,8,-9900,?,9,-9900,?,9,0.0,E,8,-9900,?,9,-9900,?,9,0.0,0.0,E,8
01/03/2024,23:00,0.0,1414.019,0.0,1,8,0.0,1,8,0.0,1,8,0.0,1,8,0.0,1,8,0.0,1,8,-0.0,1,8,-9900,?,9,-9900,?,9,17.5,E,8,13.85,E,8,79.0,E,8,872.5394,E,8,999.0,E,8,0.58,E,8,-9900,?,9,-9900,?,9,0.0,E,8,-9900,?,9,-9900,?,9,0.0,0.0,E,8
01/03/2024,24:00,0.0,1414.019,0.0,1,8,0.0,1,8,0.0,1,8,0.0,1,8,0.0,1,8,0.0,1,8,-0.0,1,8,-9900,?,9,-9900,?,9,16.79,E,8,15.3,E,8,90.0,E,8,872.5394,E,8,999.0,E,8,0.21,E,8,-9900,?,9,-9900,?,9,0.0,E,8,-9900,?,9,-9900,?,9,0.0,0.0,E,8
01/04/2024,01:00,0.0,1414.019,0.0,1,8,0.0,1,8,0.0,1,8,0.0,1,8,0.0,1,8,0.0,1,8,-0.0,1,8,-9900,?,9,-9900,?,9,16.44,E,8,15.19,E,8,92.0,E,8,872.5394,E,8,999.0,E,8,0.21,E,8,-9900,?,9,-9900,?,9,0.0,E,8,-9900,?,9,-9900,?,9,0.0,0.0,E,8
01/04/2024,02:00,0.0,1414.019,0.0,1,8,0.0,1,8,0.0,1,8,0.0,1,8,0.0,1,8,0.0,1,8,-0.0,1,8,-9900,?,9,-9900,?,9,16.09,E,8,15.07,E,8,93.0,E,8,872.5394,E,8,999.0,E,8,0.21,E,8,-9900,?,9,-9900,?,9,0.0,E,8,-9900,?,9,-9900,?,9,0.0,0.0,E,8
01/04/2024,03:00,0.0,1414.019,0.0,1,8,0.0,1,8,0.0,1,8,0.0,1,8,0.0,1,8,0.0,1,8,-0.0,1,8,-9900,?,9,-9900,?,9,15.73,E,8,14.95,E,8,95.0,E,8,872.5394,E,8,999.0,E,8,0.21,E,8,-9900,?,9,-9900,?,9,0.0,E,8,-9900,?,9,-9900,?,9,0.0,0.0,E,8
01/04/2024,04:00,0.0,1414.015,0.0,1,8,0.0,1,8,0.0,1,8,0.0,1,8,0.0,1,8,0.0,1,8,-0.0,1,8,-9900,?,9,-9900,?,9,15.38,E,8,14.83,E,8,96.0,E,8,872.5394,E,8,999.0,E,8,0.21,E,8,-9900,?,9,-9900,?,9,0.0,E,8,-9900,?,9,-9900,?,9,0.0,0.0,E,8
01/04/2024,05:00,0.0,1414.015,0.0,1,8,0.0,1,8,0.0,1,8,0.0,1,8,0.0,1,8,0.0,1,8,-0.0,1,8,-9900,?,9,-9900,?,9,15.07,E,8,14.73,E,8,97.0,E,8,872.5394,E,8,999.0,E,8,0.21,E,8,-9900,?,9,-9900,?,9,0.0,E,8,-9900,?,9,-9900,?,9,0.0,0.0,E,8
01/04/2024,06:00,79.857,1414.015,0.0,1,8,0.0,1,8,0.0,1,8,0.0,1,8,0.0,1,8,0.0,1,8,0.0,1,8,-9900,?,9,-9900,?,9,14.83,E,8,14.65,E,8,98.0,E,8,872.5394,E,8,999.0,E,8,0.21,E,8,-9900,?,9,-9900,?,9,0.0,E,8,-9900,?,9,-9900,?,9,0.0,0.0,E,8
01/04/2024,07:00,392.853,1414.015,56.54,1,8,0.0,1,8,56.54,1,8,6784.8,1,8,0.0,1,8,6219.4,1,8,65.002,1,8,-9900,?,9,-9900,?,9,14.6,E,8,14.57,E,8,99.0,E,8,872.5394,E,8,999.0,E,8,0.21,E,8,-9900,?,9,-9900,?,9,0.0,E,8,-9900,?,9,-9900,?,9,0.0,0.0,E,8
01/04/2024,08:00,696.149,1414.015,212.73,1,8,20.028,1,8,202.879,1,8,25527.6,1,8,1902.696,1,8,22316.649,1,8,131.291,1,8,-9900,?,9,-9900,?,9,17.1,E,8,15.4,E,8,89.0,E,8,872.5394,E,8,999.0,E,8,0.28,E,8,-9900,?,9,-9900,?,9,0.0,E,8,-9900,?,9,-9900,?,9,0.0,0.0,E,8
01/04/2024,09:00,965.925,1414.015,370.49,1,8,77.442,1,8,317.606,1,8,44458.8,1,8,7357.031,1,8,34936.683,1,8,148.046,1,8,-9900,?,9,-9900,?,9,18.56,E,8,15.87,E,8,84.0,E,8,872.5394,E,8,999.0,E,8,0.24,E,8,-9900,?,9,-9900,?,9,0.0,E,8,-9900,?,9,-9900,?,9,0.0,0.0,E,8
01/04/2024,10:00,1183.514,1414.015,507.28,1,8,118.751,1,8,407.899,1,8,60873.6,1,8,11281.385,1,8,44868.883,1,8,155.145,1,8,-9900,?,9,-9900,?,9,19.93,E,8,16.3,E,8,79.0,E,8,872.5394,E,8,999.0,E,8,0.73,E,8,-9900,?,9,-9900,?,9,0.0,E,8,-9900,?,9,-9900,?,9,0.0,0.0,E,8
01/04/2024,11:00,1334.016,1414.015,611.31,1,8,68.683,1,8,546.515,1,8,73357.2,1,8,6524.89,1,8,60116.662,1,8,184.4,1,8,-9900,?,9,-9900,?,9,21.14,E,8,16.67,E,8,75.0,E,8,872.5394,E,8,999.0,E,8,1.57,E,8,-9900,?,9,-9900,?,9,0.0,E,8,-9900,?,9,-9900,?,9,0.0,0.0,E,8
01/04/2024,12:00,1407.145,1414.015,674.7,1,8,78.637,1,8,596.445,1,8,80964.0,1,8,7470.518,1,8,65608.981,1,8,190.782,1,8,-9900,?,9,-9900,?,9,22.14,E,8,16.97,E,8,72.0,E,8,872.5394,E,8,999.0,E,8,1.88,E,8,-9900,?,9,-9900,?,9,0.0,E,8,-9900,?,9,-9900,?,9,0.0,0.0,E,8
01/04/2024,13:00,1397.903,1414.015,692.84,1,8,90.646,1,8,603.227,1,8,83140.8,1,8,8611.391,1,8,66354.999,1,8,194.228,1,8,-9900,?,9,-9900,?,9,22.9,E,8,17.2,E,8,70.0,E,8,872.5394,E,8,999.0,E,8,2.63,E,8,-9900,?,9,-9900,?,9,0.0,E,8,-9900,?,9,-9900,?,9,0.0,0.0,E,8
01/04/2024,14:00,1306.914,1414.015,664.39,1,8,106.834,1,8,565.653,1,8,79726.8,1,8,10149.23,1,8,62221.812,1,8,194.818,1,8,-9900,?,9,-9900,?,9,23.41,E,8,17.35,E,8,68.0,E,8,872.5394,E,8,999.0,E,8,2.95,E,8,-9900,?,9,-9900,?,9,0.0,E,8,-9900,?,9,-9900,?,9,0.0,0.0,E,8
01/04/2024,15:00,1140.38,1414.015,591.43,1,8,158.495,1,8,463.627,1,8,70971.6,1,8,15057.016,1,8,50998.933,1,8,183.017,1,8,-9900,?,9,-9900,?,9,23.65,E,8,17.42,E,8,68.0,E,8,872.5394,E,8,999.0,E,8,2.66,E,8,-9900,?,9,-9900,?,9,0.0,E,8,-9900,?,9,-9900,?,9,0.0,0.0,E,8
01/04/2024,16:00,909.671,1414.015,479.27,1,8,165.655,1,8,372.744,1,8,57512.4,1,8,15737.235,1,8,41001.872,1,8,184.506,1,8,-9900,?,9,-9900,?,9,23.63,E,8,17.41,E,8,68.0,E,8,872.5394,E,8,999.0,E,8,1.21,E,8,-9900,?,9,-9900,?,9,0.0,E,8,-9900,?,9,-9900,?,9,0.0,0.0,E,8
01/04/2024,17:00,630.591,1414.015,336.58,1,8,340.888,1,8,184.737,1,8,40389.6,1,8,32384.364,1,8,20321.086,1,8,132.015,1,8,-9900,?,9,-9900,?,9,23.2,E,8,17.29,E,8,69.0,E,8,872.5394,E,8,999.0,E,8,0.44,E,8,-9900,?,9,-9900,?,9,0.0,E,8,-9900,?,9,-9900,?,9,0.0,0.0,E,8
01/04/2024,18:00,322.57,1414.015,176.36,1,8,527.661,1,8,56.612,1,8,21163.2,1,8,50127.809,1,8,6227.309,1,8,79.404,1,8,-9900,?,9,-9900,?,9,22.42,E,8,17.06,E,8,71.0,E,8,872.5394,E,8,999.0,E,8,0.21,E,8,-9900,?,9,-9900,?,9,0.0,E,8,-9900,?,9,-9900,?,9,0.0,0.0,E,8
01/04/2024,19:00,14.863,1414.015,28.45,1,8,0.0,1,8,28.45,1,8,3414.0,1,8,0.0,1,8,3129.5,1,8,3681.219,1,8,-9900,?,9,-9900,?,9,21.4,E,8,16.75,E,8,74.0,E,8,872.5394,E,8,999.0,E,8,0.21,E,8,-9900,?,9,-9900,?,9,0.0,E,8,-9900,?,9,-9900,?,9,0.0,0.0,E,8
01/04/2024,20:00,0.0,1414.015,0.0,1,8,0.0,1,8,0.0,1,8,0.0,1,8,0.0,1,8,0.0,1,8,-0.0,1,8,-9900,?,9,-9900,?,9,20.68,E,8,16.53,E,8,77.0,E,8,872.5394,E,8,999.0,E,8,0.21,E,8,-9900,?,9,-9900,?,9,0.0,E,8,-9900,?,9,-9900,?,9,0.0,0.0,E,8
01/04/2024,21:00,0.0,1414.015,0.0,1,8,0.0,1,8,0.0,1,8,0.0,1,8,0.0,1,8,0.0,1,8,-0.0,1,8,-9900,?,9,-9900,?,9,19.96,E,8,16.31,E,8,79.0,E,8,872.5394,E,8,999.0,E,8,0.21,E,8,-9900,?,9,-9900,?,9,0.0,E,8,-9900,?,9,-9900,?,9,0.0,0.0,E,8
01/04/2024,22:00,0.0,1414.015,0.0,1,8,0.0,1,8,0.0,1,8,0.0,1,8,0.0,1,8,0.0,1,8,-0.0,1,8,-9900,?,9,-9900,?,9,19.24,E,8,16.09,E,8,81.0,E,8,872.5394,E,8,999.0,E,8,0.21,E,8,-9900,?,9,-9900,?,9,0.0,E,8,-9900,?,9,-9900,?,9,0.0,0.0,E,8
01/04/2024,23:00,0.0,1414.015,0.0,1,8,0.0,1,8,0.0,1,8,0.0,1,8,0.0,1,8,0.0,1,8,-0.0,1,8,-9900,?,9,-9900,?,9,18.52,E,8,15.86,E,8,84.0,E,8,872.5394,E,8,999.0,E,8,0.21,E,8,-9900,?,9,-9900,?,9,0.0,E,8,-9900,?,9,-9900,?,9,0.0,0.0,E,8
01/04/2024,24:00,0.0,1414.015,0.0,1,8,0.0,1,8,0.0,1,8,0.0,1,8,0.0,1,8,0.0,1,8,-0.0,1,8,-9900,?,9,-9900,?,9,17.79,E,8,15.78,E,8,89.0,E,8,872.5394,E,8,999.0,E,8,0.73,E,8,-9900,?,9,-9900,?,9,0.001,E,8,-9900,?,9,-9900,?,9,0.01,99.0,E,8
01/05/2024,01:00,0.0,1414.015,0.0,1,8,0.0,1,8,0.0,1,8,0.0,1,8,0.0,1,8,0.0,1,8,-0.0,1,8,-9900,?,9,-9900,?,9,17.43,E,8,15.74,E,8,86.0,E,8,872.5394,E,8,999.0,E,8,0.73,E,8,-9900,?,9,-9900,?,9,0.0,E,8,-9900,?,9,-9900,?,9,0.0,0.0,E,8
01/05/2024,02:00,0.0,1414.015,0.0,1,8,0.0,1,8,0.0,1,8,0.0,1,8,0.0,1,8,0.0,1,8,-0.0,1,8,-9900,?,9,-9900,?,9,17.07,E,8,15.7,E,8,88.0,E,8,872.5394,E,8,999.0,E,8,0.73,E,8,-9900,?,9,-9900,?,9,0.0,E,8,-9900,?,9,-9900,?,9,0.0,0.0,E,8
01/05/2024,03:00,0.0,1414.015,0.0,1,8,0.0,1,8,0.0,1,8,0.0,1,8,0.0,1,8,0.0,1,8,-0.0,1,8,-9900,?,9,-9900,?,9,16.71,E,8,15.66,E,8,90.0,E,8,872.5394,E,8,999.0,E,8,0.73,E,8,-9900,?,9,-9900,?,9,0.0,E,8,-9900,?,9,-9900,?,9,0.0,0.0,E,8
01/05/2024,04:00,0.0,1413.996,0.0,1,8,0.0,1,8,0.0,1,8,0.0,1,8,0.0,1,8,0.0,1,8,-0.0,1,8,-9900,?,9,-9900,?,9,16.35,E,8,15.62,E,8,91.0,E,8,872.5394,E,8,999.0,E,8,0.73,E,8,-9900,?,9,-9900,?,9,0.0,E,8,-9900,?,9,-9900,?,9,0.0,0.0,E,8
01/05/2024,05:00,0.0,1413.996,0.0,1,8,0.0,1,8,0.0,1,8,0.0,1,8,0.0,1,8,0.0,1,8,-0.0,1,8,-9900,?,9,-9900,?,9,16.03,E,8,15.58,E,8,97.0,E,8,872.5394,E,8,999.0,E,8,0.73,E,8,-9900,?,9,-9900,?,9,0.007000000000000001,E,8,-9900,?,9,-9900,?,9,0.07,99.0,E,8
01/05/2024,06:00,76.66,1413.996,0.0,1,8,0.0,1,8,0.0,1,8,0.0,1,8,0.0,1,8,0.0,1,8,0.0,1,8,-9900,?,9,-9900,?,9,15.8,E,8,15.55,E,8,94.0,E,8,872.5394,E,8,999.0,E,8,0.73,E,8,-9900,?,9,-9900,?,9,0.0,E,8,-9900,?,9,-9900,?,9,0.0,0.0,E,8
01/05/2024,07:00,389.768,1413.996,34.16,1,8,0.0,1,8,34.16,1,8,4099.2,1,8,0.0,1,8,3757.6,1,8,39.585,1,8,-9900,?,9,-9900,?,9,15.56,E,8,15.53,E,8,99.0,E,8,872.5394,E,8,999.0,E,8,0.73,E,8,-9900,?,9,-9900,?,9,0.003,E,8,-9900,?,9,-9900,?,9,0.03,99.0,E,8
01/05/2024,08:00,693.465,1413.996,130.85,1,8,0.0,1,8,130.85,1,8,15702.0,1,8,0.0,1,8,14393.5,1,8,85.006,1,8,-9900,?,9,-9900,?,9,17.45,E,8,15.74,E,8,86.0,E,8,872.5394,E,8,999.0,E,8,0.73,E,8,-9900,?,9,-9900,?,9,0.0,E,8,-9900,?,9,-9900,?,9,0.0,0.0,E,8
01/05/2024,09:00,963.772,1413.996,228.74,1,8,5.135,1,8,225.241,1,8,27448.8,1,8,487.858,1,8,24776.506,1,8,105.225,1,8,-9900,?,9,-9900,?,9,18.57,E,8,15.87,E,8,82.0,E,8,872.5394,E,8,999.0,E,8,0.73,E,8,-9900,?,9,-9900,?,9,0.0,E,8,-9900,?,9,-9900,?,9,0.0,0.0,E,8
01/05/2024,10:00,1181.983,1413.996,313.7,1,8,10.306,1,8,305.086,1,8,37644.0,1,8,979.084,1,8,33559.462,1,8,116.189,1,8,-9900,?,9,-9900,?,9,19.61,E,8,15.99,E,8,78.0,E,8,872.5394,E,8,999.0,E,8,0.73,E,8,-9900,?,9,-9900,?,9,0.0,E,8,-9900,?,9,-9900,?,9,0.0,0.0,E,8
01/05/2024,11:00,1333.151,1413.996,378.4,1,8,22.253,1,8,357.42,1,8,45408.0,1,8,2114.028,1,8,39316.217,1,8,120.674,1,8,-9900,?,9,-9900,?,9,20.53,E,8,16.09,E,8,74.0,E,8,872.5394,E,8,999.0,E,8,0.73,E,8,-9900,?,9,-9900,?,9,0.0,E,8,-9900,?,9,-9900,?,9,0.0,0.0,E,8
01/05/2024,12:00,1406.947,1413.996,417.92,1,8,24.192,1,8,393.849,1,8,50150.4,1,8,2298.196,1,8,43323.405,1,8,125.995,1,8,-9900,?,9,-9900,?,9,21.3,E,8,16.18,E,8,71.0,E,8,872.5394,E,8,999.0,E,8,0.73,E,8,-9900,?,9,-9900,?,9,0.0,E,8,-9900,?,9,-9900,?,9,0.0,0.0,E,8
01/05/2024,13:00,1398.326,1413.996,429.38,1,8,25.791,1,8,403.875,1,8,51525.6,1,8,2450.119,1,8,44426.278,1,8,129.999,1,8,-9900,?,9,-9900,?,9,21.88,E,8,16.24,E,8,70.0,E,8,872.5394,E,8,999.0,E,8,0.73,E,8,-9900,?,9,-9900,?,9,0.0,E,8,-9900,?,9,-9900,?,9,0.0,0.0,E,8
01/05/2024,14:00,1307.868,1413.996,411.96,1,8,27.7,1,8,386.34,1,8,49435.2,1,8,2631.537,1,8,42497.394,1,8,132.961,1,8,-9900,?,9,-9900,?,9,22.27,E,8,16.28,E,8,68.0,E,8,872.5394,E,8,999.0,E,8,0.73,E,8,-9900,?,9,-9900,?,9,0.0,E,8,-9900,?,9,-9900,?,9,0.0,0.0,E,8
01/05/2024,15:00,1141.74,1413.996,366.9,1,8,22.096,1,8,349.061,1,8,44028.0,1,8,2099.142,1,8,38396.717,1,8,137.626,1,8,-9900,?,9,-9900,?,9,22.46,E,8,16.31,E,8,68.0,E,8,872.5394,E,8,999.0,E,8,0.73,E,8,-9900,?,9,-9900,?,9,0.0,E,8,-9900,?,9,-9900,?,9,0.0,0.0,E,8
01/05/2024,16:00,911.282,1413.996,297.51,1,8,14.956,1,8,287.875,1,8,35701.2,1,8,1420.863,1,8,31666.246,1,8,142.242,1,8,-9900,?,9,-9900,?,9,22.45,E,8,16.3,E,8,68.0,E,8,872.5394,E,8,999.0,E,8,0.73,E,8,-9900,?,9,-9900,?,9,0.0,E,8,-9900,?,9,-9900,?,9,0.0,0.0,E,8
01/05/2024,17:00,632.281,1413.996,209.13,1,8,22.553,1,8,199.057,1,8,25095.6,1,8,2142.496,1,8,21896.291,1,8,141.865,1,8,-9900,?,9,-9900,?,9,22.12,E,8,16.27,E,8,69.0,E,8,872.5394,E,8,999.0,E,8,0.73,E,8,-9900,?,9,-9900,?,9,0.0,E,8,-9900,?,9,-9900,?,9,0.0,0.0,E,8
01/05/2024,18:00,324.158,1413.996,109.81,1,8,76.352,1,8,92.396,1,8,13177.2,1,8,7253.466,1,8,10163.569,1,8,128.952,1,8,-9900,?,9,-9900,?,9,21.53,E,8,16.2,E,8,71.0,E,8,872.5394,E,8,999.0,E,8,0.73,E,8,-9900,?,9,-9900,?,9,0.0,E,8,-9900,?,9,-9900,?,9,0.0,0.0,E,8
01/05/2024,19:00,16.011,1413.996,17.94,1,8,0.0,1,8,17.94,1,8,2152.8,1,8,0.0,1,8,1973.4,1,8,1679.426,1,8,-9900,?,9,-9900,?,9,20.75,E,8,16.12,E,8,73.0,E,8,872.5394,E,8,999.0,E,8,0.73,E,8,-9900,?,9,-9900,?,9,0.0,E,8,-9900,?,9,-9900,?,9,0.0,0.0,E,8
01/05/2024,20:00,0.0,1413.996,0.0,1,8,0.0,1,8,0.0,1,8,0.0,1,8,0.0,1,8,0.0,1,8,-0.0,1,8,-9900,?,9,-9900,?,9,20.06,E,8,16.04,E,8,76.0,E,8,872.5394,E,8,999.0,E,8,0.73,E,8,-9900,?,9,-9900,?,9,0.0,E,8,-9900,?,9,-9900,?,9,0.0,0.0,E,8
01/05/2024,21:00,0.0,1413.996,0.0,1,8,0.0,1,8,0.0,1,8,0.0,1,8,0.0,1,8,0.0,1,8,-0.0,1,8,-9900,?,9,-9900,?,9,19.37,E,8,15.96,E,8,78.0,E,8,872.5394,E,8,999.0,E,8,0.73,E,8,-9900,?,9,-9900,?,9,0.0,E,8,-9900,?,9,-9900,?,9,0.0,0.0,E,8
01/05/2024,22:00,0.0,1413.996,0.0,1,8,0.0,1,8,0.0,1,8,0.0,1,8,0.0,1,8,0.0,1,8,-0.0,1,8,-9900,?,9,-9900,?,9,18.69,E,8,15.88,E,8,81.0,E,8,872.5394,E,8,999.0,E,8,0.73,E,8,-9900,?,9,-9900,?,9,0.0,E,8,-9900,?,9,-9900,?,9,0.0,0.0,E,8
01/05/2024,23:00,0.0,1413.996,0.0,1,8,0.0,1,8,0.0,1,8,0.0,1,8,0.0,1,8,0.0,1,8,-0.0,1,8,-9900,?,9,-9900,?,9,18.0,E,8,15.81,E,8,93.0,E,8,872.5394,E,8,999.0,E,8,0.73,E,8,-9900,?,9,-9900,?,9,0.189,E,8,-9900,?,9,-9900,?,9,1.89,99.0,E,8
01/05/2024,24:00,0.0,1413.996,0.0,1,8,0.0,1,8,0.0,1,8,0.0,1,8,0.0,1,8,0.0,1,8,-0.0,1,8,-9900,?,9,-9900,?,9,17.31,E,8,15.53,E,8,94.0,E,8,872.5394,E,8,999.0,E,8,0.43,E,8,-9900,?,9,-9900,?,9,0.096,E,8,-9900,?,9,-9900,?,9,0.96,99.0,E,8
01/06/2024,01:00,0.0,1413.996,0.0,1,8,0.0,1,8,0.0,1,8,0.0,1,8,0.0,1,8,0.0,1,8,-0.0,1,8,-9900,?,9,-9900,?,9,16.96,E,8,15.47,E,8,90.0,E,8,872.5394,E,8,999.0,E,8,0.43,E,8,-9900,?,9,-9900,?,9,0.0,E,8,-9900,?,9,-9900,?,9,0.0,0.0,E,8
01/06/2024,02:00,0.0,1413.996,0.0,1,8,0.0,1,8,0.0,1,8,0.0,1,8,0.0,1,8,0.0,1,8,-0.0,1,8,-9900,?,9,-9900,?,9,16.62,E,8,15.41,E,8,92.0,E,8,872.5394,E,8,999.0,E,8,0.43,E,8,-9900,?,9,-9900,?,9,0.0,E,8,-9900,?,9,-9900,?,9,0.0,0.0,E,8
01/06/2024,03:00,0.0,1413.996,0.0,1,8,0.0,1,8,0.0,1,8,0.0,1,8,0.0,1,8,0.0,1,8,-0.0,1,8,-9900,?,9,-9900,?,9,16.27,E,8,15.34,E,8,94.0,E,8,872.5394,E,8,999.0,E,8,0.43,E,8,-9900,?,9,-9900,?,9,0.0,E,8,-9900,?,9,-9900,?,9,0.0,0.0,E,8
01/06/2024,04:00,0.0,1413.963,0.0,1,8,0.0,1,8,0.0,1,8,0.0,1,8,0.0,1,8,0.0,1,8,-0.0,1,8,-9900,?,9,-9900,?,9,15.93,E,8,15.28,E,8,95.0,E,8,872.5394,E,8,999.0,E,8,0.43,E,8,-9900,?,9,-9900,?,9,0.0,E,8,-9900,?,9,-9900,?,9,0.0,0.0,E,8
01/06/2024,05:00,0.0,1413.963,0.0,1,8,0.0,1,8,0.0,1,8,0.0,1,8,0.0,1,8,0.0,1,8,-0.0,1,8,-9900,?,9,-9900,?,9,15.63,E,8,15.22,E,8,97.0,E,8,872.5394,E,8,999.0,E,8,0.43,E,8,-9900,?,9,-9900,?,9,0.0,E,8,-9900,?,9,-9900,?,9,0.0,0.0,E,8
01/06/2024,06:00,73.436,1413.963,0.0,1,8,0.0,1,8,0.0,1,8,0.0,1,8,0.0,1,8,0.0,1,8,0.0,1,8,-9900,?,9,-9900,?,9,15.4,E,8,15.18,E,8,98.0,E,8,872.5394,E,8,999.0,E,8,0.43,E,8,-9900,?,9,-9900,?,9,0.0,E,8,-9900,?,9,-9900,?,9,0.0,0.0,E,8
01/06/2024,07:00,386.658,1413.963,49.77,1,8,0.0,1,8,49.77,1,8,5972.4,1,8,0.0,1,8,5474.7,1,8,58.14,1,8,-9900,?,9,-9900,?,9,15.17,E,8,15.14,E,8,99.0,E,8,872.5394,E,8,999.0,E,8,0.43,E,8,-9900,?,9,-9900,?,9,0.0,E,8,-9900,?,9,-9900,?,9,0.0,0.0,E,8
01/06/2024,08:00,690.763,1413.963,146.14,1,8,0.645,1,8,145.825,1,8,17536.8,1,8,61.308,1,8,16040.752,1,8,95.103,1,8,-9900,?,9,-9900,?,9,17.23,E,8,15.52,E,8,94.0,E,8,872.5394,E,8,999.0,E,8,0.43,E,8,-9900,?,9,-9900,?,9,0.003,E,8,-9900,?,9,-9900,?,9,0.03,99.0,E,8
01/06/2024,09:00,961.608,1413.963,256.46,1,8,20.203,1,8,242.725,1,8,30775.2,1,8,1919.286,1,8,26699.752,1,8,113.646,1,8,-9900,?,9,-9900,?,9,18.34,E,8,15.72,E,8,84.0,E,8,872.5394,E,8,999.0,E,8,0.43,E,8,-9900,?,9,-9900,?,9,0.0,E,8,-9900,?,9,-9900,?,9,0.0,0.0,E,8
01/06/2024,10:00,1180.441,1413.963,352.3,1,8,3.023,1,8,349.776,1,8,42276.0,1,8,287.231,1,8,38475.38,1,8,133.38,1,8,-9900,?,9,-9900,?,9,19.4,E,8,15.91,E,8,80.0,E,8,872.5394,E,8,999.0,E,8,0.43,E,8,-9900,?,9,-9900,?,9,0.0,E,8,-9900,?,9,-9900,?,9,0.0,0.0,E,8
01/06/2024,11:00,1332.275,1413.963,329.03,1,8,16.212,1,8,313.755,1,8,39483.6,1,8,1540.147,1,8,34513.06,1,8,105.999,1,8,-9900,?,9,-9900,?,9,19.94,E,8,16.01,E,8,78.0,E,8,872.5394,E,8,999.0,E,8,0.48,E,8,-9900,?,9,-9900,?,9,0.0,E,8,-9900,?,9,-9900,?,9,0.0,0.0,E,8
01/06/2024,12:00,1406.733,1413.963,215.08,1,8,6.517,1,8,208.597,1,8,25809.6,1,8,619.081,1,8,22945.637,1,8,66.74,1,8,-9900,?,9,-9900,?,9,19.9,E,8,16.0,E,8,78.0,E,8,872.5394,E,8,999.0,E,8,1.04,E,8,-9900,?,9,-9900,?,9,0.0,E,8,-9900,?,9,-9900,?,9,0.0,0.0,E,8
01/06/2024,13:00,1398.724,1413.963,568.66,1,8,19.32,1,8,549.548,1,8,68239.2,1,8,1835.394,1,8,60450.324,1,8,176.834,1,8,-9900,?,9,-9900,?,9,20.93,E,8,16.18,E,8,74.0,E,8,872.5394,E,8,999.0,E,8,0.89,E,8,-9900,?,9,-9900,?,9,0.0,E,8,-9900,?,9,-9900,?,9,0.0,0.0,E,8
01/06/2024,14:00,1308.786,1413.963,687.35,1,8,259.408,1,8,447.25,1,8,82482.0,1,8,24643.773,1,8,49197.456,1,8,153.812,1,8,-9900,?,9,-9900,?,9,22.02,E,8,16.37,E,8,70.0,E,8,872.5394,E,8,999.0,E,8,0.6,E,8,-9900,?,9,-9900,?,9,0.0,E,8,-9900,?,9,-9900,?,9,0.0,0.0,E,8
01/06/2024,15:00,1143.049,1413.963,551.87,1,8,141.699,1,8,437.338,1,8,66224.4,1,8,13461.383,1,8,48107.222,1,8,172.23,1,8,-9900,?,9,-9900,?,9,22.54,E,8,16.46,E,8,68.0,E,8,872.5394,E,8,999.0,E,8,0.7,E,8,-9900,?,9,-9900,?,9,0.0,E,8,-9900,?,9,-9900,?,9,0.0,0.0,E,8
01/06/2024,16:00,912.828,1413.963,340.82,1,8,35.508,1,8,317.906,1,8,40898.4,1,8,3373.301,1,8,34969.641,1,8,156.811,1,8,-9900,?,9,-9900,?,9,22.51,E,8,16.46,E,8,68.0,E,8,872.5394,E,8,999.0,E,8,0.89,E,8,-9900,?,9,-9900,?,9,0.0,E,8,-9900,?,9,-9900,?,9,0.0,0.0,E,8
01/06/2024,17:00,633.892,1413.963,135.69,1,8,0.0,1,8,135.69,1,8,16282.8,1,8,0.0,1,8,14925.9,1,8,96.455,1,8,-9900,?,9,-9900,?,9,21.81,E,8,16.34,E,8,71.0,E,8,872.5394,E,8,999.0,E,8,0.61,E,8,-9900,?,9,-9900,?,9,0.0,E,8,-9900,?,9,-9900,?,9,0.0,0.0,E,8
01/06/2024,18:00,325.654,1413.963,131.75,1,8,168.405,1,8,93.161,1,8,15810.0,1,8,15998.45,1,8,10247.74,1,8,129.413,1,8,-9900,?,9,-9900,?,9,21.22,E,8,16.23,E,8,73.0,E,8,872.5394,E,8,999.0,E,8,0.68,E,8,-9900,?,9,-9900,?,9,0.0,E,8,-9900,?,9,-9900,?,9,0.0,0.0,E,8
01/06/2024,19:00,17.073,1413.963,26.83,1,8,0.0,1,8,26.83,1,8,3219.6,1,8,0.0,1,8,2951.3,1,8,2001.277,1,8,-9900,?,9,-9900,?,9,20.43,E,8,16.09,E,8,76.0,E,8,872.5394,E,8,999.0,E,8,1.44,E,8,-9900,?,9,-9900,?,9,0.0,E,8,-9900,?,9,-9900,?,9,0.0,0.0,E,8
01/06/2024,20:00,0.0,1413.963,0.0,1,8,0.0,1,8,0.0,1,8,0.0,1,8,0.0,1,8,0.0,1,8,-0.0,1,8,-9900,?,9,-9900,?,9,19.79,E,8,15.98,E,8,78.0,E,8,872.5394,E,8,999.0,E,8,0.91,E,8,-9900,?,9,-9900,?,9,0.0,E,8,-9900,?,9,-9900,?,9,0.0,0.0,E,8
01/06/2024,21:00,0.0,1413.963,0.0,1,8,0.0,1,8,0.0,1,8,0.0,1,8,0.0,1,8,0.0,1,8,-0.0,1,8,-9900,?,9,-9900,?,9,19.15,E,8,15.87,E,8,86.0,E,8,872.5394,E,8,999.0,E,8,1.36,E,8,-9900,?,9,-9900,?,9,0.001,E,8,-9900,?,9,-9900,?,9,0.01,99.0,E,8
01/06/2024,22:00,0.0,1413.963,0.0,1,8,0.0,1,8,0.0,1,8,0.0,1,8,0.0,1,8,0.0,1,8,-0.0,1,8,-9900,?,9,-9900,?,9,18.51,E,8,15.75,E,8,83.0,E,8,872.5394,E,8,999.0,E,8,1.92,E,8,-9900,?,9,-9900,?,9,0.0,E,8,-9900,?,9,-9900,?,9,0.0,0.0,E,8
01/06/2024,23:00,0.0,1413.963,0.0,1,8,0.0,1,8,0.0,1,8,0.0,1,8,0.0,1,8,0.0,1,8,-0.0,1,8,-9900,?,9,-9900,?,9,17.87,E,8,15.64,E,8,86.0,E,8,872.5394,E,8,999.0,E,8,1.33,E,8,-9900,?,9,-9900,?,9,0.0,E,8,-9900,?,9,-9900,?,9,0.0,0.0,E,8
01/06/2024,24:00,0.0,1413.963,0.0,1,8,0.0,1,8,0.0,1,8,0.0,1,8,0.0,1,8,0.0,1,8,-0.0,1,8,-9900,?,9,-9900,?,9,17.23,E,8,15.59,E,8,88.0,E,8,872.5394,E,8,999.0,E,8,1.21,E,8,-9900,?,9,-9900,?,9,0.001,E,8,-9900,?,9,-9900,?,9,0.01,99.0,E,8
01/07/2024,01:00,0.0,1413.963,0.0,1,8,0.0,1,8,0.0,1,8,0.0,1,8,0.0,1,8,0.0,1,8,-0.0,1,8,-9900,?,9,-9900,?,9,16.9,E,8,15.46,E,8,89.0,E,8,872.5394,E,8,999.0,E,8,0.83,E,8,-9900,?,9,-9900,?,9,0.002,E,8,-9900,?,9,-9900,?,9,0.02,99.0,E,8
01/07/2024,02:00,0.0,1413.963,0.0,1,8,0.0,1,8,0.0,1,8,0.0,1,8,0.0,1,8,0.0,1,8,-0.0,1,8,-9900,?,9,-9900,?,9,16.58,E,8,15.33,E,8,86.0,E,8,872.5394,E,8,999.0,E,8,0.83,E,8,-9900,?,9,-9900,?,9,0.0,E,8,-9900,?,9,-9900,?,9,0.0,0.0,E,8
01/07/2024,03:00,0.0,1413.963,0.0,1,8,0.0,1,8,0.0,1,8,0.0,1,8,0.0,1,8,0.0,1,8,-0.0,1,8,-9900,?,9,-9900,?,9,16.26,E,8,15.2,E,8,97.0,E,8,872.5394,E,8,999.0,E,8,0.83,E,8,-9900,?,9,-9900,?,9,1.038,E,8,-9900,?,9,-9900,?,9,10.38,99.0,E,8
01/07/2024,04:00,0.0,1413.914,0.0,1,8,0.0,1,8,0.0,1,8,0.0,1,8,0.0,1,8,0.0,1,8,-0.0,1,8,-9900,?,9,-9900,?,9,15.94,E,8,15.07,E,8,91.0,E,8,872.5394,E,8,999.0,E,8,0.83,E,8,-9900,?,9,-9900,?,9,0.022,E,8,-9900,?,9,-9900,?,9,0.22,99.0,E,8
01/07/2024,05:00,0.0,1413.914,0.0,1,8,0.0,1,8,0.0,1,8,0.0,1,8,0.0,1,8,0.0,1,8,-0.0,1,8,-9900,?,9,-9900,?,9,15.66,E,8,14.96,E,8,88.0,E,8,872.5394,E,8,999.0,E,8,0.83,E,8,-9900,?,9,-9900,?,9,0.0,E,8,-9900,?,9,-9900,?,9,0.0,0.0,E,8
01/07/2024,06:00,70.186,1413.914,0.0,1,8,0.0,1,8,0.0,1,8,0.0,1,8,0.0,1,8,0.0,1,8,0.0,1,8,-9900,?,9,-9900,?,9,15.45,E,8,14.87,E,8,89.0,E,8,872.5394,E,8,999.0,E,8,0.83,E,8,-9900,?,9,-9900,?,9,0.0,E,8,-9900,?,9,-9900,?,9,0.0,0.0,E,8
01/07/2024,07:00,383.525,1413.914,32.23,1,8,0.0,1,8,32.23,1,8,3867.6,1,8,0.0,1,8,3545.3,1,8,37.959,1,8,-9900,?,9,-9900,?,9,15.23,E,8,14.78,E,8,89.0,E,8,872.5394,E,8,999.0,E,8,0.83,E,8,-9900,?,9,-9900,?,9,0.0,E,8,-9900,?,9,-9900,?,9,0.0,0.0,E,8
01/07/2024,08:00,688.047,1413.914,128.2,1,8,0.0,1,8,128.2,1,8,15384.0,1,8,0.0,1,8,14102.0,1,8,83.937,1,8,-9900,?,9,-9900,?,9,17.0,E,8,15.5,E,8,85.0,E,8,872.5394,E,8,999.0,E,8,0.83,E,8,-9900,?,9,-9900,?,9,0.0,E,8,-9900,?,9,-9900,?,9,0.0,0.0,E,8
01/07/2024,09:00,959.433,1413.914,225.85,1,8,4.986,1,8,222.468,1,8,27102.0,1,8,473.715,1,8,24471.426,1,8,104.394,1,8,-9900,?,9,-9900,?,9,18.06,E,8,15.91,E,8,83.0,E,8,872.5394,E,8,999.0,E,8,0.83,E,8,-9900,?,9,-9900,?,9,0.0,E,8,-9900,?,9,-9900,?,9,0.0,0.0,E,8
01/07/2024,10:00,1178.891,1413.914,310.75,1,8,10.163,1,8,302.277,1,8,37290.0,1,8,965.482,1,8,33250.517,1,8,115.415,1,8,-9900,?,9,-9900,?,9,19.06,E,8,16.29,E,8,81.0,E,8,872.5394,E,8,999.0,E,8,0.83,E,8,-9900,?,9,-9900,?,9,0.0,E,8,-9900,?,9,-9900,?,9,0.0,0.0,E,8
01/07/2024,11:00,1331.388,1413.914,375.57,1,8,22.016,1,8,354.839,1,8,45068.4,1,8,2091.567,1,8,39032.324,1,8,119.954,1,8,-9900,?,9,-9900,?,9,19.95,E,8,16.63,E,8,79.0,E,8,872.5394,E,8,999.0,E,8,1.39,E,8,-9900,?,9,-9900,?,9,0.0,E,8,-9900,?,9,-9900,?,9,0.0,0.0,E,8
01/07/2024,12:00,1406.501,1413.914,415.35,1,8,27.107,1,8,388.386,1,8,49842.0,1,8,2575.123,1,8,42722.42,1,8,124.279,1,8,-9900,?,9,-9900,?,9,20.69,E,8,16.9,E,8,77.0,E,8,872.5394,E,8,999.0,E,8,1.76,E,8,-9900,?,9,-9900,?,9,0.0,E,8,-9900,?,9,-9900,?,9,0.0,0.0,E,8
01/07/2024,13:00,1399.094,1413.914,427.19,1,8,28.862,1,8,398.631,1,8,51262.8,1,8,2741.885,1,8,43849.381,1,8,128.233,1,8,-9900,?,9,-9900,?,9,21.25,E,8,17.1,E,8,76.0,E,8,872.5394,E,8,999.0,E,8,3.53,E,8,-9900,?,9,-9900,?,9,0.0,E,8,-9900,?,9,-9900,?,9,0.0,0.0,E,8
01/07/2024,14:00,1309.664,1413.914,410.25,1,8,30.921,1,8,381.611,1,8,49230.0,1,8,2937.457,1,8,41977.166,1,8,131.146,1,8,-9900,?,9,-9900,?,9,21.62,E,8,17.23,E,8,75.0,E,8,872.5394,E,8,999.0,E,8,1.51,E,8,-9900,?,9,-9900,?,9,0.0,E,8,-9900,?,9,-9900,?,9,0.0,0.0,E,8
01/07/2024,15:00,1144.306,1413.914,365.74,1,8,34.108,1,8,338.14,1,8,43888.8,1,8,3240.224,1,8,37195.438,1,8,133.013,1,8,-9900,?,9,-9900,?,9,21.81,E,8,17.3,E,8,78.0,E,8,872.5394,E,8,999.0,E,8,1.2,E,8,-9900,?,9,-9900,?,9,0.01,E,8,-9900,?,9,-9900,?,9,0.1,99.0,E,8
01/07/2024,16:00,914.308,1413.914,296.91,1,8,19.876,1,8,284.062,1,8,35629.2,1,8,1888.23,1,8,31246.86,1,8,139.885,1,8,-9900,?,9,-9900,?,9,21.8,E,8,17.3,E,8,75.0,E,8,872.5394,E,8,999.0,E,8,0.83,E,8,-9900,?,9,-9900,?,9,0.0,E,8,-9900,?,9,-9900,?,9,0.0,0.0,E,8
01/07/2024,17:00,635.423,1413.914,209.07,1,8,49.333,1,8,186.925,1,8,25088.4,1,8,4686.599,1,8,20561.767,1,8,132.55,1,8,-9900,?,9,-9900,?,9,21.49,E,8,17.19,E,8,79.0,E,8,872.5394,E,8,999.0,E,8,0.83,E,8,-9900,?,9,-9900,?,9,0.015,E,8,-9900,?,9,-9900,?,9,0.15,99.0,E,8
01/07/2024,18:00,327.057,1413.914,110.2,1,8,68.621,1,8,94.407,1,8,13224.0,1,8,6519.037,1,8,10384.76,1,8,130.571,1,8,-9900,?,9,-9900,?,9,20.93,E,8,16.98,E,8,77.0,E,8,872.5394,E,8,999.0,E,8,0.83,E,8,-9900,?,9,-9900,?,9,0.0,E,8,-9900,?,9,-9900,?,9,0.0,0.0,E,8
01/07/2024,19:00,18.046,1413.914,18.41,1,8,0.0,1,8,18.41,1,8,2209.2,1,8,0.0,1,8,2025.1,1,8,1158.072,1,8,-9900,?,9,-9900,?,9,20.19,E,8,16.71,E,8,82.0,E,8,872.5394,E,8,999.0,E,8,0.83,E,8,-9900,?,9,-9900,?,9,0.006,E,8,-9900,?,9,-9900,?,9,0.06,99.0,E,8
01/07/2024,20:00,0.0,1413.914,0.0,1,8,0.0,1,8,0.0,1,8,0.0,1,8,0.0,1,8,0.0,1,8,-0.0,1,8,-9900,?,9,-9900,?,9,19.61,E,8,16.5,E,8,83.0,E,8,872.5394,E,8,999.0,E,8,0.83,E,8,-9900,?,9,-9900,?,9,0.004,E,8,-9900,?,9,-9900,?,9,0.04,99.0,E,8
01/07/2024,21:00,0.0,1413.914,0.0,1,8,0.0,1,8,0.0,1,8,0.0,1,8,0.0,1,8,0.0,1,8,-0.0,1,8,-9900,?,9,-9900,?,9,19.03,E,8,16.28,E,8,84.0,E,8,872.5394,E,8,999.0,E,8,0.83,E,8,-9900,?,9,-9900,?,9,0.066,E,8,-9900,?,9,-9900,?,9,0.66,99.0,E,8
01/07/2024,22:00,0.0,1413.914,0.0,1,8,0.0,1,8,0.0,1,8,0.0,1,8,0.0,1,8,0.0,1,8,-0.0,1,8,-9900,?,9,-9900,?,9,18.45,E,8,16.06,E,8,85.0,E,8,872.5394,E,8,999.0,E,8,0.83,E,8,-9900,?,9,-9900,?,9,0.034999999999999996,E,8,-9900,?,9,-9900,?,9,0.35,99.0,E,8
01/07/2024,23:00,0.0,1413.914,0.0,1,8,0.0,1,8,0.0,1,8,0.0,1,8,0.0,1,8,0.0,1,8,-0.0,1,8,-9900,?,9,-9900,?,9,17.87,E,8,15.84,E,8,86.0,E,8,872.5394,E,8,999.0,E,8,0.83,E,8,-9900,?,9,-9900,?,9,0.001,E,8,-9900,?,9,-9900,?,9,0.01,99.0,E,8
01/07/2024,24:00,0.0,1413.914,0.0,1,8,0.0,1,8,0.0,1,8,0.0,1,8,0.0,1,8,0.0,1,8,-0.0,1,8,-9900,?,9,-9900,?,9,17.29,E,8,16.31,E,8,98.0,E,8,872.5394,E,8,999.0,E,8,0.56,E,8,-9900,?,9,-9900,?,9,0.005,E,8,-9900,?,9,-9900,?,9,0.05,99.0,E,8
01/08/2024,01:00,0.0,1413.914,0.0,1,8,0.0,1,8,0.0,1,8,0.0,1,8,0.0,1,8,0.0,1,8,-0.0,1,8,-9900,?,9,-9900,?,9,17.0,E,8,16.17,E,8,98.0,E,8,872.5394,E,8,999.0,E,8,0.56,E,8,-9900,?,9,-9900,?,9,0.001,E,8,-9900,?,9,-9900,?,9,0.01,99.0,E,8
01/08/2024,02:00,0.0,1413.914,0.0,1,8,0.0,1,8,0.0,1,8,0.0,1,8,0.0,1,8,0.0,1,8,-0.0,1,8,-9900,?,9,-9900,?,9,16.71,E,8,16.04,E,8,99.0,E,8,872.5394,E,8,999.0,E,8,0.56,E,8,-9900,?,9,-9900,?,9,0.002,E,8,-9900,?,9,-9900,?,9,0.02,99.0,E,8
01/08/2024,03:00,0.0,1413.914,0.0,1,8,0.0,1,8,0.0,1,8,0.0,1,8,0.0,1,8,0.0,1,8,-0.0,1,8,-9900,?,9,-9900,?,9,16.42,E,8,15.9,E,8,95.0,E,8,872.5394,E,8,999.0,E,8,0.56,E,8,-9900,?,9,-9900,?,9,0.0,E,8,-9900,?,9,-9900,?,9,0.0,0.0,E,8
01/08/2024,04:00,0.0,1413.85,0.0,1,8,0.0,1,8,0.0,1,8,0.0,1,8,0.0,1,8,0.0,1,8,-0.0,1,8,-9900,?,9,-9900,?,9,16.13,E,8,15.76,E,8,96.0,E,8,872.5394,E,8,999.0,E,8,0.56,E,8,-9900,?,9,-9900,?,9,0.0,E,8,-9900,?,9,-9900,?,9,0.0,0.0,E,8
01/08/2024,05:00,0.0,1413.85,0.0,1,8,0.0,1,8,0.0,1,8,0.0,1,8,0.0,1,8,0.0,1,8,-0.0,1,8,-9900,?,9,-9900,?,9,15.87,E,8,15.64,E,8,97.0,E,8,872.5394,E,8,999.0,E,8,0.72,E,8,-9900,?,9,-9900,?,9,0.0,E,8,-9900,?,9,-9900,?,9,0.0,0.0,E,8
01/08/2024,06:00,66.916,1413.85,0.0,1,8,0.0,1,8,0.0,1,8,0.0,1,8,0.0,1,8,0.0,1,8,0.0,1,8,-9900,?,9,-9900,?,9,15.68,E,8,15.55,E,8,98.0,E,8,872.5394,E,8,999.0,E,8,0.94,E,8,-9900,?,9,-9900,?,9,0.0,E,8,-9900,?,9,-9900,?,9,0.0,0.0,E,8
01/08/2024,07:00,380.37,1413.85,30.38,1,8,0.0,1,8,30.38,1,8,3645.6,1,8,0.0,1,8,3341.8,1,8,36.077,1,8,-9900,?,9,-9900,?,9,15.49,E,8,15.46,E,8,98.0,E,8,872.5394,E,8,999.0,E,8,0.7,E,8,-9900,?,9,-9900,?,9,0.0,E,8,-9900,?,9,-9900,?,9,0.0,0.0,E,8
01/08/2024,08:00,685.317,1413.85,123.26,1,8,0.0,1,8,123.26,1,8,14791.2,1,8,0.0,1,8,13558.6,1,8,81.021,1,8,-9900,?,9,-9900,?,9,17.21,E,8,16.27,E,8,98.0,E,8,872.5394,E,8,999.0,E,8,0.56,E,8,-9900,?,9,-9900,?,9,0.03,E,8,-9900,?,9,-9900,?,9,0.3,99.0,E,8
01/08/2024,09:00,957.25,1413.85,218.01,1,8,2.281,1,8,216.466,1,8,26161.2,1,8,216.701,1,8,23811.275,1,8,101.805,1,8,-9900,?,9,-9900,?,9,18.26,E,8,16.75,E,8,90.0,E,8,872.5394,E,8,999.0,E,8,0.8,E,8,-9900,?,9,-9900,?,9,0.0,E,8,-9900,?,9,-9900,?,9,0.0,0.0,E,8
01/08/2024,10:00,1177.333,1413.85,300.48,1,8,14.758,1,8,288.192,1,8,36057.6,1,8,1402.034,1,8,31701.14,1,8,110.177,1,8,-9900,?,9,-9900,?,9,19.25,E,8,17.19,E,8,87.0,E,8,872.5394,E,8,999.0,E,8,1.05,E,8,-9900,?,9,-9900,?,9,0.0,E,8,-9900,?,9,-9900,?,9,0.0,0.0,E,8
01/08/2024,11:00,1330.49,1413.85,363.5,1,8,23.706,1,8,341.193,1,8,43620.0,1,8,2252.047,1,8,37531.205,1,8,115.414,1,8,-9900,?,9,-9900,?,9,20.13,E,8,17.57,E,8,89.0,E,8,872.5394,E,8,999.0,E,8,0.67,E,8,-9900,?,9,-9900,?,9,0.020999999999999998,E,8,-9900,?,9,-9900,?,9,0.21,99.0,E,8
01/08/2024,12:00,1406.251,1413.85,402.28,1,8,25.737,1,8,376.682,1,8,48273.6,1,8,2444.981,1,8,41434.994,1,8,120.55,1,8,-9900,?,9,-9900,?,9,20.85,E,8,17.87,E,8,82.0,E,8,872.5394,E,8,999.0,E,8,0.94,E,8,-9900,?,9,-9900,?,9,0.0,E,8,-9900,?,9,-9900,?,9,0.0,0.0,E,8
01/08/2024,13:00,1399.437,1413.85,413.97,1,8,27.185,1,8,387.063,1,8,49676.4,1,8,2582.554,1,8,42576.877,1,8,124.476,1,8,-9900,?,9,-9900,?,9,21.41,E,8,18.11,E,8,81.0,E,8,872.5394,E,8,999.0,E,8,1.02,E,8,-9900,?,9,-9900,?,9,0.0,E,8,-9900,?,9,-9900,?,9,0.0,0.0,E,8
01/08/2024,14:00,1310.502,1413.85,397.73,1,8,28.704,1,8,371.125,1,8,47727.6,1,8,2726.895,1,8,40823.782,1,8,127.455,1,8,-9900,?,9,-9900,?,9,21.78,E,8,18.26,E,8,80.0,E,8,872.5394,E,8,999.0,E,8,1.05,E,8,-9900,?,9,-9900,?,9,0.0,E,8,-9900,?,9,-9900,?,9,0.0,0.0,E,8
01/08/2024,15:00,1145.509,1413.85,354.74,1,8,30.985,1,8,329.64,1,8,42568.8,1,8,2943.565,1,8,36260.371,1,8,129.527,1,8,-9900,?,9,-9900,?,9,21.97,E,8,18.34,E,8,79.0,E,8,872.5394,E,8,999.0,E,8,1.01,E,8,-9900,?,9,-9900,?,9,0.0,E,8,-9900,?,9,-9900,?,9,0.0,0.0,E,8
01/08/2024,16:00,915.718,1413.85,288.14,1,8,17.538,1,8,276.786,1,8,34576.8,1,8,1666.122,1,8,30446.413,1,8,136.085,1,8,-9900,?,9,-9900,?,9,21.96,E,8,18.34,E,8,79.0,E,8,872.5394,E,8,999.0,E,8,1.19,E,8,-9900,?,9,-9900,?,9,0.0,E,8,-9900,?,9,-9900,?,9,0.0,0.0,E,8
01/08/2024,17:00,636.869,1413.85,203.05,1,8,42.062,1,8,184.125,1,8,24366.0,1,8,3995.879,1,8,20253.742,1,8,130.261,1,8,-9900,?,9,-9900,?,9,21.66,E,8,18.21,E,8,85.0,E,8,872.5394,E,8,999.0,E,8,0.71,E,8,-9900,?,9,-9900,?,9,0.01,E,8,-9900,?,9,-9900,?,9,0.1,99.0,E,8
01/08/2024,18:00,328.364,1413.85,107.2,1,8,57.714,1,8,93.863,1,8,12864.0,1,8,5482.874,1,8,10324.92,1,8,129.291,1,8,-9900,?,9,-9900,?,9,21.11,E,8,17.98,E,8,86.0,E,8,872.5394,E,8,999.0,E,8,0.56,E,8,-9900,?,9,-9900,?,9,0.046,E,8,-9900,?,9,-9900,?,9,0.46,99.0,E,8
01/08/2024,19:00,18.928,1413.85,18.08,1,8,0.0,1,8,18.08,1,8,2169.6,1,8,0.0,1,8,1988.8,1,8,996.129,1,8,-9900,?,9,-9900,?,9,20.38,E,8,17.68,E,8,98.0,E,8,872.5394,E,8,999.0,E,8,0.56,E,8,-9900,?,9,-9900,?,9,1.177,E,8,-9900,?,9,-9900,?,9,11.77,99.0,E,8
01/08/2024,20:00,0.0,1413.85,0.0,1,8,0.0,1,8,0.0,1,8,0.0,1,8,0.0,1,8,0.0,1,8,-0.0,1,8,-9900,?,9,-9900,?,9,19.73,E,8,17.4,E,8,90.0,E,8,872.5394,E,8,999.0,E,8,0.56,E,8,-9900,?,9,-9900,?,9,0.08199999999999999,E,8,-9900,?,9,-9900,?,9,0.82,99.0,E,8
01/08/2024,21:00,0.0,1413.85,0.0,1,8,0.0,1,8,0.0,1,8,0.0,1,8,0.0,1,8,0.0,1,8,-0.0,1,8,-9900,?,9,-9900,?,9,19.07,E,8,17.11,E,8,92.0,E,8,872.5394,E,8,999.0,E,8,0.56,E,8,-9900,?,9,-9900,?,9,0.003,E,8,-9900,?,9,-9900,?,9,0.03,99.0,E,8
01/08/2024,22:00,0.0,1413.85,0.0,1,8,0.0,1,8,0.0,1,8,0.0,1,8,0.0,1,8,0.0,1,8,-0.0,1,8,-9900,?,9,-9900,?,9,18.41,E,8,16.82,E,8,94.0,E,8,872.5394,E,8,999.0,E,8,0.56,E,8,-9900,?,9,-9900,?,9,0.015,E,8,-9900,?,9,-9900,?,9,0.15,99.0,E,8
01/08/2024,23:00,0.0,1413.85,0.0,1,8,0.0,1,8,0.0,1,8,0.0,1,8,0.0,1,8,0.0,1,8,-0.0,1,8,-9900,?,9,-9900,?,9,17.75,E,8,16.52,E,8,96.0,E,8,872.5394,E,8,999.0,E,8,0.56,E,8,-9900,?,9,-9900,?,9,0.007000000000000001,E,8,-9900,?,9,-9900,?,9,0.07,99.0,E,8
01/08/2024,24:00,0.0,1413.85,0.0,1,8,0.0,1,8,0.0,1,8,0.0,1,8,0.0,1,8,0.0,1,8,-0.0,1,8,-9900,?,9,-9900,?,9,17.1,E,8,15.78,E,8,91.0,E,8,872.5394,E,8,999.0,E,8,0.73,E,8,-9900,?,9,-9900,?,9,0.0,E,8,-9900,?,9,-9900,?,9,0.0,0.0,E,8
01/09/2024,01:00,0.0,1413.85,0.0,1,8,0.0,1,8,0.0,1,8,0.0,1,8,0.0,1,8,0.0,1,8,-0.0,1,8,-9900,?,9,-9900,?,9,16.77,E,8,15.59,E,8,96.0,E,8,872.5394,E,8,999.0,E,8,0.73,E,8,-9900,?,9,-9900,?,9,0.002,E,8,-9900,?,9,-9900,?,9,0.02,99.0,E,8
01/09/2024,02:00,0.0,1413.85,0.0,1,8,0.0,1,8,0.0,1,8,0.0,1,8,0.0,1,8,0.0,1,8,-0.0,1,8,-9900,?,9,-9900,?,9,16.44,E,8,15.39,E,8,92.0,E,8,872.5394,E,8,999.0,E,8,0.73,E,8,-9900,?,9,-9900,?,9,0.0,E,8,-9900,?,9,-9900,?,9,0.0,0.0,E,8
01/09/2024,03:00,0.0,1413.85,0.0,1,8,0.0,1,8,0.0,1,8,0.0,1,8,0.0,1,8,0.0,1,8,-0.0,1,8,-9900,?,9,-9900,?,9,16.11,E,8,15.19,E,8,93.0,E,8,872.5394,E,8,999.0,E,8,0.75,E,8,-9900,?,9,-9900,?,9,0.0,E,8,-9900,?,9,-9900,?,9,0.0,0.0,E,8
01/09/2024,04:00,0.0,1413.771,0.0,1,8,0.0,1,8,0.0,1,8,0.0,1,8,0.0,1,8,0.0,1,8,-0.0,1,8,-9900,?,9,-9900,?,9,15.78,E,8,14.99,E,8,94.0,E,8,872.5394,E,8,999.0,E,8,0.73,E,8,-9900,?,9,-9900,?,9,0.0,E,8,-9900,?,9,-9900,?,9,0.0,0.0,E,8
01/09/2024,05:00,0.0,1413.771,0.0,1,8,0.0,1,8,0.0,1,8,0.0,1,8,0.0,1,8,0.0,1,8,-0.0,1,8,-9900,?,9,-9900,?,9,15.49,E,8,14.81,E,8,94.0,E,8,872.5394,E,8,999.0,E,8,0.73,E,8,-9900,?,9,-9900,?,9,0.0,E,8,-9900,?,9,-9900,?,9,0.0,0.0,E,8
01/09/2024,06:00,63.627,1413.771,0.0,1,8,0.0,1,8,0.0,1,8,0.0,1,8,0.0,1,8,0.0,1,8,0.0,1,8,-9900,?,9,-9900,?,9,15.27,E,8,14.68,E,8,95.0,E,8,872.5394,E,8,999.0,E,8,0.73,E,8,-9900,?,9,-9900,?,9,0.0,E,8,-9900,?,9,-9900,?,9,0.0,0.0,E,8
01/09/2024,07:00,377.198,1413.771,27.95,1,8,0.0,1,8,27.95,1,8,3354.0,1,8,0.0,1,8,3074.5,1,8,33.471,1,8,-9900,?,9,-9900,?,9,15.05,E,8,14.54,E,8,95.0,E,8,872.5394,E,8,999.0,E,8,0.73,E,8,-9900,?,9,-9900,?,9,0.0,E,8,-9900,?,9,-9900,?,9,0.0,0.0,E,8
01/09/2024,08:00,682.576,1413.771,115.74,1,8,0.0,1,8,115.74,1,8,13888.8,1,8,0.0,1,8,12731.4,1,8,76.38,1,8,-9900,?,9,-9900,?,9,16.84,E,8,15.63,E,8,91.0,E,8,872.5394,E,8,999.0,E,8,0.73,E,8,-9900,?,9,-9900,?,9,0.0,E,8,-9900,?,9,-9900,?,9,0.0,0.0,E,8
01/09/2024,09:00,955.059,1413.771,205.55,1,8,1.95,1,8,204.233,1,8,24666.0,1,8,185.279,1,8,22465.624,1,8,96.267,1,8,-9900,?,9,-9900,?,9,17.96,E,8,16.28,E,8,89.0,E,8,872.5394,E,8,999.0,E,8,0.73,E,8,-9900,?,9,-9900,?,9,0.0,E,8,-9900,?,9,-9900,?,9,0.0,0.0,E,8
01/09/2024,10:00,1175.767,1413.771,283.79,1,8,13.521,1,8,272.547,1,8,34054.8,1,8,1284.474,1,8,29980.156,1,8,104.329,1,8,-9900,?,9,-9900,?,9,19.0,E,8,16.86,E,8,86.0,E,8,872.5394,E,8,999.0,E,8,0.73,E,8,-9900,?,9,-9900,?,9,0.0,E,8,-9900,?,9,-9900,?,9,0.0,0.0,E,8
01/09/2024,11:00,1329.58,1413.771,343.64,1,8,22.025,1,8,322.928,1,8,41236.8,1,8,2092.333,1,8,35522.06,1,8,109.304,1,8,-9900,?,9,-9900,?,9,19.92,E,8,17.35,E,8,84.0,E,8,872.5394,E,8,999.0,E,8,0.73,E,8,-9900,?,9,-9900,?,9,0.0,E,8,-9900,?,9,-9900,?,9,0.0,0.0,E,8
01/09/2024,12:00,1405.982,1413.771,380.54,1,8,23.88,1,8,356.792,1,8,45664.8,1,8,2268.569,1,8,39247.117,1,8,114.2,1,8,-9900,?,9,-9900,?,9,20.69,E,8,17.76,E,8,83.0,E,8,872.5394,E,8,999.0,E,8,0.73,E,8,-9900,?,9,-9900,?,9,0.0,E,8,-9900,?,9,-9900,?,9,0.0,0.0,E,8
01/09/2024,13:00,1399.749,1413.771,391.8,1,8,24.908,1,8,367.139,1,8,47016.0,1,8,2366.23,1,8,40385.344,1,8,118.035,1,8,-9900,?,9,-9900,?,9,21.28,E,8,18.06,E,8,86.0,E,8,872.5394,E,8,999.0,E,8,0.73,E,8,-9900,?,9,-9900,?,9,0.011,E,8,-9900,?,9,-9900,?,9,0.11,99.0,E,8
01/09/2024,14:00,1311.298,1413.771,376.61,1,8,25.654,1,8,352.816,1,8,45193.2,1,8,2437.148,1,8,38809.805,1,8,121.087,1,8,-9900,?,9,-9900,?,9,21.67,E,8,18.26,E,8,85.0,E,8,872.5394,E,8,999.0,E,8,0.73,E,8,-9900,?,9,-9900,?,9,0.001,E,8,-9900,?,9,-9900,?,9,0.01,99.0,E,8
01/09/2024,15:00,1146.654,1413.771,336.05,1,8,26.599,1,8,314.48,1,8,40326.0,1,8,2526.863,1,8,34592.827,1,8,123.44,1,8,-9900,?,9,-9900,?,9,21.87,E,8,18.36,E,8,89.0,E,8,872.5394,E,8,999.0,E,8,0.73,E,8,-9900,?,9,-9900,?,9,0.28300000000000003,E,8,-9900,?,9,-9900,?,9,2.83,99.0,E,8
01/09/2024,16:00,917.057,1413.771,273.09,1,8,14.178,1,8,263.897,1,8,32770.8,1,8,1346.927,1,8,29028.659,1,8,129.552,1,8,-9900,?,9,-9900,?,9,21.87,E,8,18.36,E,8,80.0,E,8,872.5394,E,8,999.0,E,8,0.73,E,8,-9900,?,9,-9900,?,9,0.0,E,8,-9900,?,9,-9900,?,9,0.0,0.0,E,8
01/09/2024,17:00,638.231,1413.771,192.59,1,8,31.397,1,8,178.432,1,8,23110.8,1,8,2982.713,1,8,19627.56,1,8,125.957,1,8,-9900,?,9,-9900,?,9,21.56,E,8,18.21,E,8,81.0,E,8,872.5394,E,8,999.0,E,8,0.73,E,8,-9900,?,9,-9900,?,9,0.0,E,8,-9900,?,9,-9900,?,9,0.0,0.0,E,8
01/09/2024,18:00,329.572,1413.771,101.83,1,8,48.046,1,8,90.685,1,8,12219.6,1,8,4564.378,1,8,9975.376,1,8,124.444,1,8,-9900,?,9,-9900,?,9,20.98,E,8,17.91,E,8,87.0,E,8,872.5394,E,8,999.0,E,8,0.73,E,8,-9900,?,9,-9900,?,9,0.004,E,8,-9900,?,9,-9900,?,9,0.04,99.0,E,8
01/09/2024,19:00,19.717,1413.771,17.32,1,8,0.0,1,8,17.32,1,8,2078.4,1,8,0.0,1,8,1905.2,1,8,859.043,1,8,-9900,?,9,-9900,?,9,20.21,E,8,17.51,E,8,84.0,E,8,872.5394,E,8,999.0,E,8,0.73,E,8,-9900,?,9,-9900,?,9,0.0,E,8,-9900,?,9,-9900,?,9,0.0,0.0,E,8
01/09/2024,20:00,0.0,1413.771,0.0,1,8,0.0,1,8,0.0,1,8,0.0,1,8,0.0,1,8,0.0,1,8,-0.0,1,8,-9900,?,9,-9900,?,9,19.47,E,8,17.11,E,8,85.0,E,8,872.5394,E,8,999.0,E,8,0.73,E,8,-9900,?,9,-9900,?,9,0.0,E,8,-9900,?,9,-9900,?,9,0.0,0.0,E,8
01/09/2024,21:00,0.0,1413.771,0.0,1,8,0.0,1,8,0.0,1,8,0.0,1,8,0.0,1,8,0.0,1,8,-0.0,1,8,-9900,?,9,-9900,?,9,18.74,E,8,16.71,E,8,87.0,E,8,872.5394,E,8,999.0,E,8,0.73,E,8,-9900,?,9,-9900,?,9,0.0,E,8,-9900,?,9,-9900,?,9,0.0,0.0,E,8
01/09/2024,22:00,0.0,1413.771,0.0,1,8,0.0,1,8,0.0,1,8,0.0,1,8,0.0,1,8,0.0,1,8,-0.0,1,8,-9900,?,9,-9900,?,9,18.0,E,8,16.3,E,8,89.0,E,8,872.5394,E,8,999.0,E,8,0.73,E,8,-9900,?,9,-9900,?,9,0.0,E,8,-9900,?,9,-9900,?,9,0.0,0.0,E,8
01/09/2024,23:00,0.0,1413.771,0.0,1,8,0.0,1,8,0.0,1,8,0.0,1,8,0.0,1,8,0.0,1,8,-0.0,1,8,-9900,?,9,-9900,?,9,17.26,E,8,15.87,E,8,90.0,E,8,872.5394,E,8,999.0,E,8,0.73,E,8,-9900,?,9,-9900,?,9,0.0,E,8,-9900,?,9,-9900,?,9,0.0,0.0,E,8
01/09/2024,24:00,0.0,1413.771,0.0,1,8,0.0,1,8,0.0,1,8,0.0,1,8,0.0,1,8,0.0,1,8,-0.0,1,8,-9900,?,9,-9900,?,9,16.53,E,8,14.75,E,8,93.0,E,8,872.5394,E,8,999.0,E,8,0.12,E,8,-9900,?,9,-9900,?,9,0.003,E,8,-9900,?,9,-9900,?,9,0.03,99.0,E,8
01/10/2024,01:00,0.0,1413.771,0.0,1,8,0.0,1,8,0.0,1,8,0.0,1,8,0.0,1,8,0.0,1,8,-0.0,1,8,-9900,?,9,-9900,?,9,16.16,E,8,14.54,E,8,89.0,E,8,872.5394,E,8,999.0,E,8,0.12,E,8,-9900,?,9,-9900,?,9,0.0,E,8,-9900,?,9,-9900,?,9,0.0,0.0,E,8
01/10/2024,02:00,0.0,1413.771,0.0,1,8,0.0,1,8,0.0,1,8,0.0,1,8,0.0,1,8,0.0,1,8,-0.0,1,8,-9900,?,9,-9900,?,9,15.79,E,8,14.33,E,8,90.0,E,8,872.5394,E,8,999.0,E,8,0.12,E,8,-9900,?,9,-9900,?,9,0.0,E,8,-9900,?,9,-9900,?,9,0.0,0.0,E,8
01/10/2024,03:00,0.0,1413.771,0.0,1,8,0.0,1,8,0.0,1,8,0.0,1,8,0.0,1,8,0.0,1,8,-0.0,1,8,-9900,?,9,-9900,?,9,15.42,E,8,14.11,E,8,91.0,E,8,872.5394,E,8,999.0,E,8,0.12,E,8,-9900,?,9,-9900,?,9,0.0,E,8,-9900,?,9,-9900,?,9,0.0,0.0,E,8
01/10/2024,04:00,0.0,1413.677,0.0,1,8,0.0,1,8,0.0,1,8,0.0,1,8,0.0,1,8,0.0,1,8,-0.0,1,8,-9900,?,9,-9900,?,9,15.05,E,8,13.89,E,8,92.0,E,8,872.5394,E,8,999.0,E,8,0.12,E,8,-9900,?,9,-9900,?,9,0.0,E,8,-9900,?,9,-9900,?,9,0.0,0.0,E,8
01/10/2024,05:00,0.0,1413.677,0.0,1,8,0.0,1,8,0.0,1,8,0.0,1,8,0.0,1,8,0.0,1,8,-0.0,1,8,-9900,?,9,-9900,?,9,14.73,E,8,13.7,E,8,92.0,E,8,872.5394,E,8,999.0,E,8,0.12,E,8,-9900,?,9,-9900,?,9,0.0,E,8,-9900,?,9,-9900,?,9,0.0,0.0,E,8
01/10/2024,06:00,60.325,1413.677,0.0,1,8,0.0,1,8,0.0,1,8,0.0,1,8,0.0,1,8,0.0,1,8,0.0,1,8,-9900,?,9,-9900,?,9,14.48,E,8,13.55,E,8,93.0,E,8,872.5394,E,8,999.0,E,8,0.12,E,8,-9900,?,9,-9900,?,9,0.0,E,8,-9900,?,9,-9900,?,9,0.0,0.0,E,8
01/10/2024,07:00,374.01,1413.677,37.3,1,8,0.0,1,8,37.3,1,8,4476.0,1,8,0.0,1,8,4103.0,1,8,45.049,1,8,-9900,?,9,-9900,?,9,14.24,E,8,13.4,E,8,93.0,E,8,872.5394,E,8,999.0,E,8,0.12,E,8,-9900,?,9,-9900,?,9,0.0,E,8,-9900,?,9,-9900,?,9,0.0,0.0,E,8
01/10/2024,08:00,679.826,1413.677,157.75,1,8,2.762,1,8,156.423,1,8,18930.0,1,8,262.358,1,8,17206.555,1,8,103.64,1,8,-9900,?,9,-9900,?,9,16.37,E,8,14.66,E,8,93.0,E,8,872.5394,E,8,999.0,E,8,0.12,E,8,-9900,?,9,-9900,?,9,0.001,E,8,-9900,?,9,-9900,?,9,0.01,99.0,E,8
01/10/2024,09:00,952.863,1413.677,281.3,1,8,28.313,1,8,262.223,1,8,33756.0,1,8,2689.747,1,8,28844.507,1,8,123.878,1,8,-9900,?,9,-9900,?,9,17.71,E,8,15.4,E,8,85.0,E,8,872.5394,E,8,999.0,E,8,0.42,E,8,-9900,?,9,-9900,?,9,0.0,E,8,-9900,?,9,-9900,?,9,0.0,0.0,E,8
01/10/2024,10:00,1174.195,1413.677,389.03,1,8,18.102,1,8,373.996,1,8,46683.6,1,8,1719.725,1,8,41139.585,1,8,143.346,1,8,-9900,?,9,-9900,?,9,18.97,E,8,16.07,E,8,82.0,E,8,872.5394,E,8,999.0,E,8,0.77,E,8,-9900,?,9,-9900,?,9,0.0,E,8,-9900,?,9,-9900,?,9,0.0,0.0,E,8
01/10/2024,11:00,1328.658,1413.677,471.54,1,8,38.802,1,8,435.073,1,8,56584.8,1,8,3686.159,1,8,47858.061,1,8,147.355,1,8,-9900,?,9,-9900,?,9,20.09,E,8,16.65,E,8,80.0,E,8,872.5394,E,8,999.0,E,8,1.65,E,8,-9900,?,9,-9900,?,9,0.0,E,8,-9900,?,9,-9900,?,9,0.0,0.0,E,8
01/10/2024,12:00,1405.693,1413.677,522.52,1,8,49.223,1,8,473.576,1,8,62702.4,1,8,4676.148,1,8,52093.309,1,8,151.6,1,8,-9900,?,9,-9900,?,9,21.02,E,8,17.11,E,8,78.0,E,8,872.5394,E,8,999.0,E,8,1.86,E,8,-9900,?,9,-9900,?,9,0.0,E,8,-9900,?,9,-9900,?,9,0.0,0.0,E,8
01/10/2024,13:00,1400.031,1413.677,538.26,1,8,55.526,1,8,483.271,1,8,64591.2,1,8,5274.926,1,8,53159.781,1,8,155.33,1,8,-9900,?,9,-9900,?,9,21.73,E,8,17.45,E,8,76.0,E,8,872.5394,E,8,999.0,E,8,2.17,E,8,-9900,?,9,-9900,?,9,0.0,E,8,-9900,?,9,-9900,?,9,0.0,0.0,E,8
01/10/2024,14:00,1312.049,1413.677,517.61,1,8,64.45,1,8,457.796,1,8,62113.2,1,8,6122.718,1,8,50357.603,1,8,157.016,1,8,-9900,?,9,-9900,?,9,22.21,E,8,17.68,E,8,75.0,E,8,872.5394,E,8,999.0,E,8,2.12,E,8,-9900,?,9,-9900,?,9,0.0,E,8,-9900,?,9,-9900,?,9,0.0,0.0,E,8
01/10/2024,15:00,1147.741,1413.677,462.06,1,8,56.982,1,8,415.805,1,8,55447.2,1,8,5413.248,1,8,45738.512,1,8,163.047,1,8,-9900,?,9,-9900,?,9,22.45,E,8,17.8,E,8,74.0,E,8,872.5394,E,8,999.0,E,8,1.76,E,8,-9900,?,9,-9900,?,9,0.0,E,8,-9900,?,9,-9900,?,9,0.0,0.0,E,8
01/10/2024,16:00,918.321,1413.677,375.68,1,8,60.206,1,8,336.586,1,8,45081.6,1,8,5719.526,1,8,37024.497,1,8,164.997,1,8,-9900,?,9,-9900,?,9,22.45,E,8,17.8,E,8,74.0,E,8,872.5394,E,8,999.0,E,8,1.53,E,8,-9900,?,9,-9900,?,9,0.0,E,8,-9900,?,9,-9900,?,9,0.0,0.0,E,8
01/10/2024,17:00,639.503,1413.677,265.11,1,8,112.398,1,8,214.322,1,8,31813.2,1,8,10677.841,1,8,23575.442,1,8,150.979,1,8,-9900,?,9,-9900,?,9,22.07,E,8,17.62,E,8,75.0,E,8,872.5394,E,8,999.0,E,8,1.26,E,8,-9900,?,9,-9900,?,9,0.0,E,8,-9900,?,9,-9900,?,9,0.0,0.0,E,8
01/10/2024,18:00,330.68,1413.677,140.37,1,8,214.905,1,8,90.348,1,8,16844.4,1,8,20415.984,1,8,9938.273,1,8,123.553,1,8,-9900,?,9,-9900,?,9,21.38,E,8,17.29,E,8,77.0,E,8,872.5394,E,8,999.0,E,8,0.92,E,8,-9900,?,9,-9900,?,9,0.0,E,8,-9900,?,9,-9900,?,9,0.0,0.0,E,8
01/10/2024,19:00,20.411,1413.677,24.05,1,8,0.0,1,8,24.05,1,8,2886.0,1,8,0.0,1,8,2645.5,1,8,1096.756,1,8,-9900,?,9,-9900,?,9,20.46,E,8,16.83,E,8,79.0,E,8,872.5394,E,8,999.0,E,8,0.54,E,8,-9900,?,9,-9900,?,9,0.0,E,8,-9900,?,9,-9900,?,9,0.0,0.0,E,8
01/10/2024,20:00,0.0,1413.677,0.0,1,8,0.0,1,8,0.0,1,8,0.0,1,8,0.0,1,8,0.0,1,8,-0.0,1,8,-9900,?,9,-9900,?,9,19.66,E,8,16.43,E,8,81.0,E,8,872.5394,E,8,999.0,E,8,0.48,E,8,-9900,?,9,-9900,?,9,0.0,E,8,-9900,?,9,-9900,?,9,0.0,0.0,E,8
01/10/2024,21:00,0.0,1413.677,0.0,1,8,0.0,1,8,0.0,1,8,0.0,1,8,0.0,1,8,0.0,1,8,-0.0,1,8,-9900,?,9,-9900,?,9,18.87,E,8,16.02,E,8,83.0,E,8,872.5394,E,8,999.0,E,8,0.38,E,8,-9900,?,9,-9900,?,9,0.0,E,8,-9900,?,9,-9900,?,9,0.0,0.0,E,8
01/10/2024,22:00,0.0,1413.677,0.0,1,8,0.0,1,8,0.0,1,8,0.0,1,8,0.0,1,8,0.0,1,8,-0.0,1,8,-9900,?,9,-9900,?,9,18.07,E,8,15.6,E,8,94.0,E,8,872.5394,E,8,999.0,E,8,0.26,E,8,-9900,?,9,-9900,?,9,0.189,E,8,-9900,?,9,-9900,?,9,1.89,99.0,E,8
01/10/2024,23:00,0.0,1413.677,0.0,1,8,0.0,1,8,0.0,1,8,0.0,1,8,0.0,1,8,0.0,1,8,-0.0,1,8,-9900,?,9,-9900,?,9,17.28,E,8,15.17,E,8,91.0,E,8,872.5394,E,8,999.0,E,8,0.33,E,8,-9900,?,9,-9900,?,9,0.007000000000000001,E,8,-9900,?,9,-9900,?,9,0.07,99.0,E,8
01/10/2024,24:00,0.0,1413.677,0.0,1,8,0.0,1,8,0.0,1,8,0.0,1,8,0.0,1,8,0.0,1,8,-0.0,1,8,-9900,?,9,-9900,?,9,16.48,E,8,13.44,E,8,82.0,E,8,872.5394,E,8,999.0,E,8,3.21,E,8,-9900,?,9,-9900,?,9,0.0,E,8,-9900,?,9,-9900,?,9,0.0,0.0,E,8
01/11/2024,01:00,0.0,1413.677,0.0,1,8,0.0,1,8,0.0,1,8,0.0,1,8,0.0,1,8,0.0,1,8,-0.0,1,8,-9900,?,9,-9900,?,9,16.08,E,8,13.27,E,8,83.0,E,8,872.5394,E,8,999.0,E,8,4.66,E,8,-9900,?,9,-9900,?,9,0.0,E,8,-9900,?,9,-9900,?,9,0.0,0.0,E,8
01/11/2024,02:00,0.0,1413.677,0.0,1,8,0.0,1,8,0.0,1,8,0.0,1,8,0.0,1,8,0.0,1,8,-0.0,1,8,-9900,?,9,-9900,?,9,15.69,E,8,13.1,E,8,84.0,E,8,872.5394,E,8,999.0,E,8,4.54,E,8,-9900,?,9,-9900,?,9,0.0,E,8,-9900,?,9,-9900,?,9,0.0,0.0,E,8
01/11/2024,03:00,0.0,1413.677,0.0,1,8,0.0,1,8,0.0,1,8,0.0,1,8,0.0,1,8,0.0,1,8,-0.0,1,8,-9900,?,9,-9900,?,9,15.29,E,8,12.93,E,8,85.0,E,8,872.5394,E,8,999.0,E,8,3.29,E,8,-9900,?,9,-9900,?,9,0.0,E,8,-9900,?,9,-9900,?,9,0.0,0.0,E,8
01/11/2024,04:00,0.0,1413.568,0.0,1,8,0.0,1,8,0.0,1,8,0.0,1,8,0.0,1,8,0.0,1,8,-0.0,1,8,-9900,?,9,-9900,?,9,14.89,E,8,12.76,E,8,87.0,E,8,872.5394,E,8,999.0,E,8,3.85,E,8,-9900,?,9,-9900,?,9,0.0,E,8,-9900,?,9,-9900,?,9,0.0,0.0,E,8
01/11/2024,05:00,0.0,1413.568,0.0,1,8,0.0,1,8,0.0,1,8,0.0,1,8,0.0,1,8,0.0,1,8,-0.0,1,8,-9900,?,9,-9900,?,9,14.54,E,8,12.6,E,8,88.0,E,8,872.5394,E,8,999.0,E,8,2.3,E,8,-9900,?,9,-9900,?,9,0.0,E,8,-9900,?,9,-9900,?,9,0.0,0.0,E,8
01/11/2024,06:00,57.014,1413.568,0.0,1,8,0.0,1,8,0.0,1,8,0.0,1,8,0.0,1,8,0.0,1,8,0.0,1,8,-9900,?,9,-9900,?,9,14.28,E,8,12.48,E,8,88.0,E,8,872.5394,E,8,999.0,E,8,2.01,E,8,-9900,?,9,-9900,?,9,0.0,E,8,-9900,?,9,-9900,?,9,0.0,0.0,E,8
01/11/2024,07:00,370.809,1413.568,54.78,1,8,0.0,1,8,54.78,1,8,6573.6,1,8,0.0,1,8,6025.8,1,8,66.731,1,8,-9900,?,9,-9900,?,9,14.01,E,8,12.36,E,8,89.0,E,8,872.5394,E,8,999.0,E,8,2.68,E,8,-9900,?,9,-9900,?,9,0.0,E,8,-9900,?,9,-9900,?,9,0.0,0.0,E,8
01/11/2024,08:00,677.07,1413.568,278.14,1,8,104.111,1,8,228.322,1,8,33376.8,1,8,9890.576,1,8,25115.399,1,8,151.882,1,8,-9900,?,9,-9900,?,9,16.72,E,8,13.54,E,8,81.0,E,8,872.5394,E,8,999.0,E,8,1.58,E,8,-9900,?,9,-9900,?,9,0.0,E,8,-9900,?,9,-9900,?,9,0.0,0.0,E,8
01/11/2024,09:00,950.662,1413.568,473.44,1,8,178.061,1,8,353.732,1,8,56812.8,1,8,16915.753,1,8,38910.538,1,8,167.483,1,8,-9900,?,9,-9900,?,9,18.39,E,8,14.23,E,8,76.0,E,8,872.5394,E,8,999.0,E,8,2.65,E,8,-9900,?,9,-9900,?,9,0.0,E,8,-9900,?,9,-9900,?,9,0.0,0.0,E,8
01/11/2024,10:00,1172.616,1413.568,688.53,1,8,314.782,1,8,427.44,1,8,82623.6,1,8,29904.27,1,8,47018.351,1,8,164.038,1,8,-9900,?,9,-9900,?,9,20.1,E,8,14.91,E,8,72.0,E,8,872.5394,E,8,999.0,E,8,2.61,E,8,-9900,?,9,-9900,?,9,0.0,E,8,-9900,?,9,-9900,?,9,0.0,0.0,E,8
01/11/2024,11:00,1327.725,1413.568,832.78,1,8,412.637,1,8,445.216,1,8,99933.6,1,8,39200.546,1,8,48973.805,1,8,150.885,1,8,-9900,?,9,-9900,?,9,21.59,E,8,15.47,E,8,68.0,E,8,872.5394,E,8,999.0,E,8,3.44,E,8,-9900,?,9,-9900,?,9,0.0,E,8,-9900,?,9,-9900,?,9,0.0,0.0,E,8
01/11/2024,12:00,1405.384,1413.568,844.82,1,8,318.562,1,8,528.103,1,8,101378.4,1,8,30263.423,1,8,58091.346,1,8,169.08,1,8,-9900,?,9,-9900,?,9,22.62,E,8,15.85,E,8,65.0,E,8,872.5394,E,8,999.0,E,8,2.92,E,8,-9900,?,9,-9900,?,9,0.0,E,8,-9900,?,9,-9900,?,9,0.0,0.0,E,8
01/11/2024,13:00,1400.281,1413.568,789.12,1,8,242.131,1,8,549.266,1,8,94694.4,1,8,23002.443,1,8,60419.295,1,8,176.497,1,8,-9900,?,9,-9900,?,9,23.23,E,8,16.08,E,8,64.0,E,8,872.5394,E,8,999.0,E,8,5.1,E,8,-9900,?,9,-9900,?,9,0.0,E,8,-9900,?,9,-9900,?,9,0.0,0.0,E,8
01/11/2024,14:00,1312.754,1413.568,828.47,1,8,398.979,1,8,457.964,1,8,99416.4,1,8,37902.96,1,8,50375.997,1,8,156.977,1,8,-9900,?,9,-9900,?,9,23.76,E,8,16.27,E,8,62.0,E,8,872.5394,E,8,999.0,E,8,3.63,E,8,-9900,?,9,-9900,?,9,0.0,E,8,-9900,?,9,-9900,?,9,0.0,0.0,E,8
01/11/2024,15:00,1148.766,1413.568,744.47,1,8,472.93,1,8,360.191,1,8,89336.4,1,8,44928.383,1,8,39621.05,1,8,141.102,1,8,-9900,?,9,-9900,?,9,24.03,E,8,16.36,E,8,62.0,E,8,872.5394,E,8,999.0,E,8,3.31,E,8,-9900,?,9,-9900,?,9,0.0,E,8,-9900,?,9,-9900,?,9,0.0,0.0,E,8
01/11/2024,16:00,919.509,1413.568,533.0,1,8,338.95,1,8,312.605,1,8,63960.0,1,8,32200.241,1,8,34386.584,1,8,153.032,1,8,-9900,?,9,-9900,?,9,23.8,E,8,16.28,E,8,62.0,E,8,872.5394,E,8,999.0,E,8,1.31,E,8,-9900,?,9,-9900,?,9,0.0,E,8,-9900,?,9,-9900,?,9,0.0,0.0,E,8
01/11/2024,17:00,640.686,1413.568,331.39,1,8,241.132,1,8,222.223,1,8,39766.8,1,8,22907.533,1,8,24444.507,1,8,156.243,1,8,-9900,?,9,-9900,?,9,23.11,E,8,16.03,E,8,64.0,E,8,872.5394,E,8,999.0,E,8,2.33,E,8,-9900,?,9,-9900,?,9,0.0,E,8,-9900,?,9,-9900,?,9,0.0,0.0,E,8
01/11/2024,18:00,331.686,1413.568,238.97,1,8,512.945,1,8,119.199,1,8,28676.4,1,8,48729.777,1,8,13111.886,1,8,162.496,1,8,-9900,?,9,-9900,?,9,22.32,E,8,15.74,E,8,66.0,E,8,872.5394,E,8,999.0,E,8,0.92,E,8,-9900,?,9,-9900,?,9,0.0,E,8,-9900,?,9,-9900,?,9,0.0,0.0,E,8
01/11/2024,19:00,21.008,1413.568,56.88,1,8,0.0,1,8,56.88,1,8,6825.6,1,8,0.0,1,8,6256.8,1,8,2426.07,1,8,-9900,?,9,-9900,?,9,21.26,E,8,15.35,E,8,69.0,E,8,872.5394,E,8,999.0,E,8,0.92,E,8,-9900,?,9,-9900,?,9,0.0,E,8,-9900,?,9,-9900,?,9,0.0,0.0,E,8
01/11/2024,20:00,0.0,1413.568,0.0,1,8,0.0,1,8,0.0,1,8,0.0,1,8,0.0,1,8,0.0,1,8,-0.0,1,8,-9900,?,9,-9900,?,9,20.31,E,8,14.99,E,8,71.0,E,8,872.5394,E,8,999.0,E,8,0.92,E,8,-9900,?,9,-9900,?,9,0.0,E,8,-9900,?,9,-9900,?,9,0.0,0.0,E,8
01/11/2024,21:00,0.0,1413.568,0.0,1,8,0.0,1,8,0.0,1,8,0.0,1,8,0.0,1,8,0.0,1,8,-0.0,1,8,-9900,?,9,-9900,?,9,19.36,E,8,14.62,E,8,74.0,E,8,872.5394,E,8,999.0,E,8,0.92,E,8,-9900,?,9,-9900,?,9,0.0,E,8,-9900,?,9,-9900,?,9,0.0,0.0,E,8
01/11/2024,22:00,0.0,1413.568,0.0,1,8,0.0,1,8,0.0,1,8,0.0,1,8,0.0,1,8,0.0,1,8,-0.0,1,8,-9900,?,9,-9900,?,9,18.42,E,8,14.24,E,8,76.0,E,8,872.5394,E,8,999.0,E,8,0.92,E,8,-9900,?,9,-9900,?,9,0.0,E,8,-9900,?,9,-9900,?,9,0.0,0.0,E,8
01/11/2024,23:00,0.0,1413.568,0.0,1,8,0.0,1,8,0.0,1,8,0.0,1,8,0.0,1,8,0.0,1,8,-0.0,1,8,-9900,?,9,-9900,?,9,17.47,E,8,13.85,E,8,79.0,E,8,872.5394,E,8,999.0,E,8,0.92,E,8,-9900,?,9,-9900,?,9,0.0,E,8,-9900,?,9,-9900,?,9,0.0,0.0,E,8
01/11/2024,24:00,0.0,1413.568,0.0,1,8,0.0,1,8,0.0,1,8,0.0,1,8,0.0,1,8,0.0,1,8,-0.0,1,8,-9900,?,9,-9900,?,9,16.52,E,8,13.38,E,8,81.0,E,8,872.5394,E,8,999.0,E,8,0.19,E,8,-9900,?,9,-9900,?,9,0.0,E,8,-9900,?,9,-9900,?,9,0.0,0.0,E,8
01/12/2024,01:00,0.0,1413.568,0.0,1,8,0.0,1,8,0.0,1,8,0.0,1,8,0.0,1,8,0.0,1,8,-0.0,1,8,-9900,?,9,-9900,?,9,16.05,E,8,13.29,E,8,83.0,E,8,872.5394,E,8,999.0,E,8,0.19,E,8,-9900,?,9,-9900,?,9,0.0,E,8,-9900,?,9,-9900,?,9,0.0,0.0,E,8
01/12/2024,02:00,0.0,1413.568,0.0,1,8,0.0,1,8,0.0,1,8,0.0,1,8,0.0,1,8,0.0,1,8,-0.0,1,8,-9900,?,9,-9900,?,9,15.57,E,8,13.2,E,8,85.0,E,8,872.5394,E,8,999.0,E,8,0.19,E,8,-9900,?,9,-9900,?,9,0.0,E,8,-9900,?,9,-9900,?,9,0.0,0.0,E,8
01/12/2024,03:00,0.0,1413.568,0.0,1,8,0.0,1,8,0.0,1,8,0.0,1,8,0.0,1,8,0.0,1,8,-0.0,1,8,-9900,?,9,-9900,?,9,15.1,E,8,13.11,E,8,87.0,E,8,872.5394,E,8,999.0,E,8,0.19,E,8,-9900,?,9,-9900,?,9,0.0,E,8,-9900,?,9,-9900,?,9,0.0,0.0,E,8
01/12/2024,04:00,0.0,1413.445,0.0,1,8,0.0,1,8,0.0,1,8,0.0,1,8,0.0,1,8,0.0,1,8,-0.0,1,8,-9900,?,9,-9900,?,9,14.63,E,8,13.02,E,8,90.0,E,8,872.5394,E,8,999.0,E,8,0.19,E,8,-9900,?,9,-9900,?,9,0.0,E,8,-9900,?,9,-9900,?,9,0.0,0.0,E,8
01/12/2024,05:00,0.0,1413.445,0.0,1,8,0.0,1,8,0.0,1,8,0.0,1,8,0.0,1,8,0.0,1,8,-0.0,1,8,-9900,?,9,-9900,?,9,14.21,E,8,12.94,E,8,92.0,E,8,872.5394,E,8,999.0,E,8,0.19,E,8,-9900,?,9,-9900,?,9,0.0,E,8,-9900,?,9,-9900,?,9,0.0,0.0,E,8
01/12/2024,06:00,53.696,1413.445,0.0,1,8,0.0,1,8,0.0,1,8,0.0,1,8,0.0,1,8,0.0,1,8,0.0,1,8,-9900,?,9,-9900,?,9,13.89,E,8,12.88,E,8,93.0,E,8,872.5394,E,8,999.0,E,8,0.19,E,8,-9900,?,9,-9900,?,9,0.0,E,8,-9900,?,9,-9900,?,9,0.0,0.0,E,8
01/12/2024,07:00,367.597,1413.445,37.46,1,8,0.0,1,8,37.46,1,8,4495.2,1,8,0.0,1,8,4120.6,1,8,46.03,1,8,-9900,?,9,-9900,?,9,13.58,E,8,12.82,E,8,95.0,E,8,872.5394,E,8,999.0,E,8,0.19,E,8,-9900,?,9,-9900,?,9,0.0,E,8,-9900,?,9,-9900,?,9,0.0,0.0,E,8
01/12/2024,08:00,674.308,1413.445,113.01,1,8,0.0,1,8,113.01,1,8,13561.2,1,8,0.0,1,8,12431.1,1,8,75.478,1,8,-9900,?,9,-9900,?,9,15.34,E,8,13.16,E,8,86.0,E,8,872.5394,E,8,999.0,E,8,0.19,E,8,-9900,?,9,-9900,?,9,0.0,E,8,-9900,?,9,-9900,?,9,0.0,0.0,E,8
01/12/2024,09:00,948.458,1413.445,354.82,1,8,78.756,1,8,301.991,1,8,42578.4,1,8,7481.84,1,8,33219.064,1,8,143.305,1,8,-9900,?,9,-9900,?,9,17.52,E,8,13.56,E,8,77.0,E,8,872.5394,E,8,999.0,E,8,0.19,E,8,-9900,?,9,-9900,?,9,0.0,E,8,-9900,?,9,-9900,?,9,0.0,0.0,E,8
01/12/2024,10:00,1171.033,1413.445,674.67,1,8,276.986,1,8,445.219,1,8,80960.4,1,8,26313.692,1,8,48974.08,1,8,171.077,1,8,-9900,?,9,-9900,?,9,20.48,E,8,14.09,E,8,66.0,E,8,872.5394,E,8,999.0,E,8,0.26,E,8,-9900,?,9,-9900,?,9,0.0,E,8,-9900,?,9,-9900,?,9,0.0,0.0,E,8
01/12/2024,11:00,1326.781,1413.445,484.75,1,8,37.397,1,8,449.647,1,8,58170.0,1,8,3552.76,1,8,49461.158,1,8,152.482,1,8,-9900,?,9,-9900,?,9,21.37,E,8,14.25,E,8,63.0,E,8,872.5394,E,8,999.0,E,8,0.61,E,8,-9900,?,9,-9900,?,9,0.0,E,8,-9900,?,9,-9900,?,9,0.0,0.0,E,8
01/12/2024,12:00,1405.054,1413.445,556.88,1,8,47.734,1,8,509.429,1,8,66825.6,1,8,4534.741,1,8,56037.237,1,8,163.125,1,8,-9900,?,9,-9900,?,9,22.25,E,8,14.4,E,8,61.0,E,8,872.5394,E,8,999.0,E,8,0.94,E,8,-9900,?,9,-9900,?,9,0.0,E,8,-9900,?,9,-9900,?,9,0.0,0.0,E,8
01/12/2024,13:00,1400.497,1413.445,331.84,1,8,9.188,1,8,322.736,1,8,39820.8,1,8,872.853,1,8,35500.992,1,8,103.68,1,8,-9900,?,9,-9900,?,9,22.12,E,8,14.38,E,8,61.0,E,8,872.5394,E,8,999.0,E,8,2.09,E,8,-9900,?,9,-9900,?,9,0.0,E,8,-9900,?,9,-9900,?,9,0.0,0.0,E,8
01/12/2024,14:00,1313.41,1413.445,552.67,1,8,105.352,1,8,454.779,1,8,66320.4,1,8,10008.456,1,8,50025.635,1,8,155.793,1,8,-9900,?,9,-9900,?,9,22.67,E,8,14.48,E,8,59.0,E,8,872.5394,E,8,999.0,E,8,2.49,E,8,-9900,?,9,-9900,?,9,0.0,E,8,-9900,?,9,-9900,?,9,0.0,0.0,E,8
01/12/2024,15:00,1149.727,1413.445,493.75,1,8,122.71,1,8,393.95,1,8,59250.0,1,8,11657.478,1,8,43334.471,1,8,154.184,1,8,-9900,?,9,-9900,?,9,22.94,E,8,14.52,E,8,59.0,E,8,872.5394,E,8,999.0,E,8,2.88,E,8,-9900,?,9,-9900,?,9,0.0,E,8,-9900,?,9,-9900,?,9,0.0,0.0,E,8
01/12/2024,16:00,920.619,1413.445,401.79,1,8,102.315,1,8,335.176,1,8,48214.8,1,8,9719.91,1,8,36869.343,1,8,163.868,1,8,-9900,?,9,-9900,?,9,22.95,E,8,14.53,E,8,59.0,E,8,872.5394,E,8,999.0,E,8,2.44,E,8,-9900,?,9,-9900,?,9,0.0,E,8,-9900,?,9,-9900,?,9,0.0,0.0,E,8
01/12/2024,17:00,641.775,1413.445,283.87,1,8,140.458,1,8,220.167,1,8,34064.4,1,8,13343.52,1,8,24218.333,1,8,154.521,1,8,-9900,?,9,-9900,?,9,22.53,E,8,14.45,E,8,60.0,E,8,872.5394,E,8,999.0,E,8,1.84,E,8,-9900,?,9,-9900,?,9,0.0,E,8,-9900,?,9,-9900,?,9,0.0,0.0,E,8
01/12/2024,18:00,332.587,1413.445,150.65,1,8,249.598,1,8,92.204,1,8,18078.0,1,8,23711.851,1,8,10142.49,1,8,125.341,1,8,-9900,?,9,-9900,?,9,21.73,E,8,14.31,E,8,62.0,E,8,872.5394,E,8,999.0,E,8,0.91,E,8,-9900,?,9,-9900,?,9,0.0,E,8,-9900,?,9,-9900,?,9,0.0,0.0,E,8
01/12/2024,19:00,21.505,1413.445,26.11,1,8,0.0,1,8,26.11,1,8,3133.2,1,8,0.0,1,8,2872.1,1,8,1056.692,1,8,-9900,?,9,-9900,?,9,20.68,E,8,14.13,E,8,66.0,E,8,872.5394,E,8,999.0,E,8,0.39,E,8,-9900,?,9,-9900,?,9,0.0,E,8,-9900,?,9,-9900,?,9,0.0,0.0,E,8
01/12/2024,20:00,0.0,1413.445,0.0,1,8,0.0,1,8,0.0,1,8,0.0,1,8,0.0,1,8,0.0,1,8,-0.0,1,8,-9900,?,9,-9900,?,9,19.81,E,8,13.98,E,8,69.0,E,8,872.5394,E,8,999.0,E,8,0.21,E,8,-9900,?,9,-9900,?,9,0.0,E,8,-9900,?,9,-9900,?,9,0.0,0.0,E,8
01/12/2024,21:00,0.0,1413.445,0.0,1,8,0.0,1,8,0.0,1,8,0.0,1,8,0.0,1,8,0.0,1,8,-0.0,1,8,-9900,?,9,-9900,?,9,18.93,E,8,13.82,E,8,72.0,E,8,872.5394,E,8,999.0,E,8,0.19,E,8,-9900,?,9,-9900,?,9,0.0,E,8,-9900,?,9,-9900,?,9,0.0,0.0,E,8
01/12/2024,22:00,0.0,1413.445,0.0,1,8,0.0,1,8,0.0,1,8,0.0,1,8,0.0,1,8,0.0,1,8,-0.0,1,8,-9900,?,9,-9900,?,9,18.06,E,8,13.66,E,8,75.0,E,8,872.5394,E,8,999.0,E,8,0.19,E,8,-9900,?,9,-9900,?,9,0.0,E,8,-9900,?,9,-9900,?,9,0.0,0.0,E,8
01/12/2024,23:00,0.0,1413.445,0.0,1,8,0.0,1,8,0.0,1,8,0.0,1,8,0.0,1,8,0.0,1,8,-0.0,1,8,-9900,?,9,-9900,?,9,17.19,E,8,13.5,E,8,78.0,E,8,872.5394,E,8,999.0,E,8,0.19,E,8,-9900,?,9,-9900,?,9,0.0,E,8,-9900,?,9,-9900,?,9,0.0,0.0,E,8
01/12/2024,24:00,0.0,1413.445,0.0,1,8,0.0,1,8,0.0,1,8,0.0,1,8,0.0,1,8,0.0,1,8,-0.0,1,8,-9900,?,9,-9900,?,9,16.31,E,8,14.23,E,8,87.0,E,8,872.5394,E,8,999.0,E,8,0.2,E,8,-9900,?,9,-9900,?,9,0.0,E,8,-9900,?,9,-9900,?,9,0.0,0.0,E,8
01/13/2024,01:00,0.0,1413.445,0.0,1,8,0.0,1,8,0.0,1,8,0.0,1,8,0.0,1,8,0.0,1,8,-0.0,1,8,-9900,?,9,-9900,?,9,15.88,E,8,14.06,E,8,88.0,E,8,872.5394,E,8,999.0,E,8,0.2,E,8,-9900,?,9,-9900,?,9,0.0,E,8,-9900,?,9,-9900,?,9,0.0,0.0,E,8
01/13/2024,02:00,0.0,1413.445,0.0,1,8,0.0,1,8,0.0,1,8,0.0,1,8,0.0,1,8,0.0,1,8,-0.0,1,8,-9900,?,9,-9900,?,9,15.44,E,8,13.88,E,8,90.0,E,8,872.5394,E,8,999.0,E,8,0.2,E,8,-9900,?,9,-9900,?,9,0.0,E,8,-9900,?,9,-9900,?,9,0.0,0.0,E,8
01/13/2024,03:00,0.0,1413.445,0.0,1,8,0.0,1,8,0.0,1,8,0.0,1,8,0.0,1,8,0.0,1,8,-0.0,1,8,-9900,?,9,-9900,?,9,15.0,E,8,13.7,E,8,91.0,E,8,872.5394,E,8,999.0,E,8,0.2,E,8,-9900,?,9,-9900,?,9,0.0,E,8,-9900,?,9,-9900,?,9,0.0,0.0,E,8
01/13/2024,04:00,0.0,1413.306,0.0,1,8,0.0,1,8,0.0,1,8,0.0,1,8,0.0,1,8,0.0,1,8,-0.0,1,8,-9900,?,9,-9900,?,9,14.57,E,8,13.53,E,8,93.0,E,8,872.5394,E,8,999.0,E,8,0.2,E,8,-9900,?,9,-9900,?,9,0.0,E,8,-9900,?,9,-9900,?,9,0.0,0.0,E,8
01/13/2024,05:00,0.0,1413.306,0.0,1,8,0.0,1,8,0.0,1,8,0.0,1,8,0.0,1,8,0.0,1,8,-0.0,1,8,-9900,?,9,-9900,?,9,14.18,E,8,13.37,E,8,94.0,E,8,872.5394,E,8,999.0,E,8,0.2,E,8,-9900,?,9,-9900,?,9,0.0,E,8,-9900,?,9,-9900,?,9,0.0,0.0,E,8
01/13/2024,06:00,50.377,1413.306,0.0,1,8,0.0,1,8,0.0,1,8,0.0,1,8,0.0,1,8,0.0,1,8,0.0,1,8,-9900,?,9,-9900,?,9,13.89,E,8,13.25,E,8,95.0,E,8,872.5394,E,8,999.0,E,8,0.2,E,8,-9900,?,9,-9900,?,9,0.0,E,8,-9900,?,9,-9900,?,9,0.0,0.0,E,8
01/13/2024,07:00,364.379,1413.306,39.28,1,8,0.0,1,8,39.28,1,8,4713.6,1,8,0.0,1,8,4320.8,1,8,48.692,1,8,-9900,?,9,-9900,?,9,13.6,E,8,13.13,E,8,96.0,E,8,872.5394,E,8,999.0,E,8,0.2,E,8,-9900,?,9,-9900,?,9,0.0,E,8,-9900,?,9,-9900,?,9,0.0,0.0,E,8
01/13/2024,08:00,671.544,1413.306,177.74,1,8,8.741,1,8,173.591,1,8,21328.8,1,8,830.36,1,8,19095.007,1,8,116.406,1,8,-9900,?,9,-9900,?,9,16.18,E,8,14.17,E,8,87.0,E,8,872.5394,E,8,999.0,E,8,0.2,E,8,-9900,?,9,-9900,?,9,0.0,E,8,-9900,?,9,-9900,?,9,0.0,0.0,E,8
01/13/2024,09:00,946.252,1413.306,320.97,1,8,47.941,1,8,288.884,1,8,38516.4,1,8,4554.36,1,8,31777.224,1,8,137.391,1,8,-9900,?,9,-9900,?,9,17.86,E,8,14.82,E,8,82.0,E,8,872.5394,E,8,999.0,E,8,0.2,E,8,-9900,?,9,-9900,?,9,0.0,E,8,-9900,?,9,-9900,?,9,0.0,0.0,E,8
01/13/2024,10:00,1169.444,1413.306,446.21,1,8,29.958,1,8,421.424,1,8,53545.2,1,8,2846.047,1,8,46356.662,1,8,162.138,1,8,-9900,?,9,-9900,?,9,19.45,E,8,15.42,E,8,77.0,E,8,872.5394,E,8,999.0,E,8,0.25,E,8,-9900,?,9,-9900,?,9,0.0,E,8,-9900,?,9,-9900,?,9,0.0,0.0,E,8
01/13/2024,11:00,1325.825,1413.306,542.41,1,8,43.918,1,8,501.212,1,8,65089.2,1,8,4172.185,1,8,55133.358,1,8,170.075,1,8,-9900,?,9,-9900,?,9,20.85,E,8,15.92,E,8,73.0,E,8,872.5394,E,8,999.0,E,8,0.63,E,8,-9900,?,9,-9900,?,9,0.0,E,8,-9900,?,9,-9900,?,9,0.0,0.0,E,8
01/13/2024,12:00,1404.701,1413.306,602.23,1,8,50.039,1,8,552.496,1,8,72267.6,1,8,4753.687,1,8,60774.564,1,8,176.943,1,8,-9900,?,9,-9900,?,9,22.03,E,8,16.33,E,8,70.0,E,8,872.5394,E,8,999.0,E,8,1.13,E,8,-9900,?,9,-9900,?,9,0.0,E,8,-9900,?,9,-9900,?,9,0.0,0.0,E,8
01/13/2024,13:00,1400.677,1413.306,621.29,1,8,108.659,1,8,513.603,1,8,74554.8,1,8,10322.594,1,8,56496.289,1,8,164.96,1,8,-9900,?,9,-9900,?,9,22.93,E,8,16.64,E,8,67.0,E,8,872.5394,E,8,999.0,E,8,1.4,E,8,-9900,?,9,-9900,?,9,0.0,E,8,-9900,?,9,-9900,?,9,0.0,0.0,E,8
01/13/2024,14:00,1314.017,1413.306,598.2,1,8,67.751,1,8,535.212,1,8,71784.0,1,8,6436.348,1,8,58873.277,1,8,183.245,1,8,-9900,?,9,-9900,?,9,23.54,E,8,16.85,E,8,66.0,E,8,872.5394,E,8,999.0,E,8,1.74,E,8,-9900,?,9,-9900,?,9,0.0,E,8,-9900,?,9,-9900,?,9,0.0,0.0,E,8
01/13/2024,15:00,1150.622,1413.306,534.64,1,8,101.089,1,8,452.352,1,8,64156.8,1,8,9603.469,1,8,49758.727,1,8,176.887,1,8,-9900,?,9,-9900,?,9,23.85,E,8,16.95,E,8,65.0,E,8,872.5394,E,8,999.0,E,8,1.7,E,8,-9900,?,9,-9900,?,9,0.0,E,8,-9900,?,9,-9900,?,9,0.0,0.0,E,8
01/13/2024,16:00,921.646,1413.306,435.23,1,8,107.026,1,8,365.464,1,8,52227.6,1,8,10167.474,1,8,40201.017,1,8,178.459,1,8,-9900,?,9,-9900,?,9,23.86,E,8,16.96,E,8,65.0,E,8,872.5394,E,8,999.0,E,8,1.36,E,8,-9900,?,9,-9900,?,9,0.0,E,8,-9900,?,9,-9900,?,9,0.0,0.0,E,8
01/13/2024,17:00,642.769,1413.306,307.65,1,8,197.25,1,8,218.041,1,8,36918.0,1,8,18738.793,1,8,23984.55,1,8,152.777,1,8,-9900,?,9,-9900,?,9,23.4,E,8,16.8,E,8,66.0,E,8,872.5394,E,8,999.0,E,8,1.83,E,8,-9900,?,9,-9900,?,9,0.0,E,8,-9900,?,9,-9900,?,9,0.0,0.0,E,8
01/13/2024,18:00,333.382,1413.306,163.41,1,8,325.356,1,8,87.034,1,8,19609.2,1,8,30908.783,1,8,9573.731,1,8,118.016,1,8,-9900,?,9,-9900,?,9,22.54,E,8,16.51,E,8,68.0,E,8,872.5394,E,8,999.0,E,8,1.92,E,8,-9900,?,9,-9900,?,9,0.0,E,8,-9900,?,9,-9900,?,9,0.0,0.0,E,8
01/13/2024,19:00,21.9,1413.306,28.45,1,8,0.0,1,8,28.45,1,8,3414.0,1,8,0.0,1,8,3129.5,1,8,1106.308,1,8,-9900,?,9,-9900,?,9,21.38,E,8,16.11,E,8,71.0,E,8,872.5394,E,8,999.0,E,8,1.63,E,8,-9900,?,9,-9900,?,9,0.0,E,8,-9900,?,9,-9900,?,9,0.0,0.0,E,8
01/13/2024,20:00,0.0,1413.306,0.0,1,8,0.0,1,8,0.0,1,8,0.0,1,8,0.0,1,8,0.0,1,8,-0.0,1,8,-9900,?,9,-9900,?,9,20.42,E,8,15.77,E,8,74.0,E,8,872.5394,E,8,999.0,E,8,0.75,E,8,-9900,?,9,-9900,?,9,0.0,E,8,-9900,?,9,-9900,?,9,0.0,0.0,E,8
01/13/2024,21:00,0.0,1413.306,0.0,1,8,0.0,1,8,0.0,1,8,0.0,1,8,0.0,1,8,0.0,1,8,-0.0,1,8,-9900,?,9,-9900,?,9,19.45,E,8,15.42,E,8,77.0,E,8,872.5394,E,8,999.0,E,8,0.39,E,8,-9900,?,9,-9900,?,9,0.0,E,8,-9900,?,9,-9900,?,9,0.0,0.0,E,8
01/13/2024,22:00,0.0,1413.306,0.0,1,8,0.0,1,8,0.0,1,8,0.0,1,8,0.0,1,8,0.0,1,8,-0.0,1,8,-9900,?,9,-9900,?,9,18.49,E,8,15.06,E,8,80.0,E,8,872.5394,E,8,999.0,E,8,0.37,E,8,-9900,?,9,-9900,?,9,0.0,E,8,-9900,?,9,-9900,?,9,0.0,0.0,E,8
01/13/2024,23:00,0.0,1413.306,0.0,1,8,0.0,1,8,0.0,1,8,0.0,1,8,0.0,1,8,0.0,1,8,-0.0,1,8,-9900,?,9,-9900,?,9,17.52,E,8,14.69,E,8,83.0,E,8,872.5394,E,8,999.0,E,8,0.49,E,8,-9900,?,9,-9900,?,9,0.0,E,8,-9900,?,9,-9900,?,9,0.0,0.0,E,8
01/13/2024,24:00,0.0,1413.306,0.0,1,8,0.0,1,8,0.0,1,8,0.0,1,8,0.0,1,8,0.0,1,8,-0.0,1,8,-9900,?,9,-9900,?,9,16.56,E,8,15.62,E,8,94.0,E,8,872.5394,E,8,999.0,E,8,3.32,E,8,-9900,?,9,-9900,?,9,0.0,E,8,-9900,?,9,-9900,?,9,0.0,0.0,E,8
01/14/2024,01:00,0.0,1413.306,0.0,1,8,0.0,1,8,0.0,1,8,0.0,1,8,0.0,1,8,0.0,1,8,-0.0,1,8,-9900,?,9,-9900,?,9,16.07,E,8,15.3,E,8,95.0,E,8,872.5394,E,8,999.0,E,8,3.34,E,8,-9900,?,9,-9900,?,9,0.0,E,8,-9900,?,9,-9900,?,9,0.0,0.0,E,8
01/14/2024,02:00,0.0,1413.306,0.0,1,8,0.0,1,8,0.0,1,8,0.0,1,8,0.0,1,8,0.0,1,8,-0.0,1,8,-9900,?,9,-9900,?,9,15.59,E,8,14.97,E,8,96.0,E,8,872.5394,E,8,999.0,E,8,4.02,E,8,-9900,?,9,-9900,?,9,0.0,E,8,-9900,?,9,-9900,?,9,0.0,0.0,E,8
01/14/2024,03:00,0.0,1413.306,0.0,1,8,0.0,1,8,0.0,1,8,0.0,1,8,0.0,1,8,0.0,1,8,-0.0,1,8,-9900,?,9,-9900,?,9,15.11,E,8,14.64,E,8,97.0,E,8,872.5394,E,8,999.0,E,8,5.17,E,8,-9900,?,9,-9900,?,9,0.0,E,8,-9900,?,9,-9900,?,9,0.0,0.0,E,8
01/14/2024,04:00,0.0,1413.153,0.0,1,8,0.0,1,8,0.0,1,8,0.0,1,8,0.0,1,8,0.0,1,8,-0.0,1,8,-9900,?,9,-9900,?,9,14.62,E,8,14.3,E,8,97.0,E,8,872.5394,E,8,999.0,E,8,4.35,E,8,-9900,?,9,-9900,?,9,0.0,E,8,-9900,?,9,-9900,?,9,0.0,0.0,E,8
01/14/2024,05:00,0.0,1413.153,0.0,1,8,0.0,1,8,0.0,1,8,0.0,1,8,0.0,1,8,0.0,1,8,-0.0,1,8,-9900,?,9,-9900,?,9,14.2,E,8,14.0,E,8,98.0,E,8,872.5394,E,8,999.0,E,8,5.18,E,8,-9900,?,9,-9900,?,9,0.0,E,8,-9900,?,9,-9900,?,9,0.0,0.0,E,8
01/14/2024,06:00,47.06,1413.153,0.0,1,8,0.0,1,8,0.0,1,8,0.0,1,8,0.0,1,8,0.0,1,8,0.0,1,8,-9900,?,9,-9900,?,9,13.88,E,8,13.76,E,8,99.0,E,8,872.5394,E,8,999.0,E,8,4.53,E,8,-9900,?,9,-9900,?,9,0.0,E,8,-9900,?,9,-9900,?,9,0.0,0.0,E,8
01/14/2024,07:00,361.155,1413.153,36.41,1,8,0.0,1,8,36.41,1,8,4369.2,1,8,0.0,1,8,4005.1,1,8,45.535,1,8,-9900,?,9,-9900,?,9,13.56,E,8,13.53,E,8,99.0,E,8,872.5394,E,8,999.0,E,8,4.4,E,8,-9900,?,9,-9900,?,9,0.0,E,8,-9900,?,9,-9900,?,9,0.0,0.0,E,8
01/14/2024,08:00,668.78,1413.153,106.75,1,8,0.0,1,8,106.75,1,8,12810.0,1,8,0.0,1,8,11742.5,1,8,71.873,1,8,-9900,?,9,-9900,?,9,15.79,E,8,15.11,E,8,95.0,E,8,872.5394,E,8,999.0,E,8,4.49,E,8,-9900,?,9,-9900,?,9,0.0,E,8,-9900,?,9,-9900,?,9,0.0,0.0,E,8
01/14/2024,09:00,944.047,1413.153,176.53,1,8,2.018,1,8,175.183,1,8,21183.6,1,8,191.692,1,8,19270.076,1,8,83.502,1,8,-9900,?,9,-9900,?,9,16.88,E,8,15.83,E,8,93.0,E,8,872.5394,E,8,999.0,E,8,4.9,E,8,-9900,?,9,-9900,?,9,0.0,E,8,-9900,?,9,-9900,?,9,0.0,0.0,E,8
01/14/2024,10:00,1167.852,1413.153,161.79,1,8,1.803,1,8,160.3,1,8,19414.8,1,8,171.278,1,8,17633.026,1,8,61.751,1,8,-9900,?,9,-9900,?,9,17.3,E,8,16.1,E,8,92.0,E,8,872.5394,E,8,999.0,E,8,3.15,E,8,-9900,?,9,-9900,?,9,0.0,E,8,-9900,?,9,-9900,?,9,0.0,0.0,E,8
01/14/2024,11:00,1324.857,1413.153,299.12,1,8,2.776,1,8,296.517,1,8,35894.4,1,8,263.744,1,8,32616.905,1,8,100.679,1,8,-9900,?,9,-9900,?,9,18.42,E,8,16.8,E,8,90.0,E,8,872.5394,E,8,999.0,E,8,3.24,E,8,-9900,?,9,-9900,?,9,0.0,E,8,-9900,?,9,-9900,?,9,0.0,0.0,E,8
01/14/2024,12:00,1404.325,1413.153,332.32,1,8,8.909,1,8,323.467,1,8,39878.4,1,8,846.363,1,8,35581.326,1,8,103.61,1,8,-9900,?,9,-9900,?,9,19.33,E,8,17.35,E,8,88.0,E,8,872.5394,E,8,999.0,E,8,4.04,E,8,-9900,?,9,-9900,?,9,0.0,E,8,-9900,?,9,-9900,?,9,0.0,0.0,E,8
01/14/2024,13:00,1400.821,1413.153,343.0,1,8,21.619,1,8,321.57,1,8,41160.0,1,8,2053.758,1,8,35372.729,1,8,103.261,1,8,-9900,?,9,-9900,?,9,20.03,E,8,17.76,E,8,86.0,E,8,872.5394,E,8,999.0,E,8,3.69,E,8,-9900,?,9,-9900,?,9,0.0,E,8,-9900,?,9,-9900,?,9,0.0,0.0,E,8
01/14/2024,14:00,1314.571,1413.153,330.39,1,8,21.175,1,8,310.693,1,8,39646.8,1,8,2011.602,1,8,34176.263,1,8,106.318,1,8,-9900,?,9,-9900,?,9,20.51,E,8,18.04,E,8,85.0,E,8,872.5394,E,8,999.0,E,8,3.18,E,8,-9900,?,9,-9900,?,9,0.0,E,8,-9900,?,9,-9900,?,9,0.0,0.0,E,8
01/14/2024,15:00,1151.449,1413.153,295.38,1,8,19.907,1,8,279.162,1,8,35445.6,1,8,1891.153,1,8,30707.833,1,8,109.073,1,8,-9900,?,9,-9900,?,9,20.76,E,8,18.18,E,8,85.0,E,8,872.5394,E,8,999.0,E,8,2.91,E,8,-9900,?,9,-9900,?,9,0.0,E,8,-9900,?,9,-9900,?,9,0.0,0.0,E,8
01/14/2024,16:00,922.59,1413.153,240.55,1,8,8.828,1,8,234.789,1,8,28866.0,1,8,838.645,1,8,25826.783,1,8,114.52,1,8,-9900,?,9,-9900,?,9,20.79,E,8,18.19,E,8,85.0,E,8,872.5394,E,8,999.0,E,8,3.09,E,8,-9900,?,9,-9900,?,9,0.0,E,8,-9900,?,9,-9900,?,9,0.0,0.0,E,8
01/14/2024,17:00,643.665,1413.153,170.11,1,8,13.633,1,8,163.907,1,8,20413.2,1,8,1295.15,1,8,18029.801,1,8,114.673,1,8,-9900,?,9,-9900,?,9,20.49,E,8,18.03,E,8,85.0,E,8,872.5394,E,8,999.0,E,8,2.35,E,8,-9900,?,9,-9900,?,9,0.0,E,8,-9900,?,9,-9900,?,9,0.0,0.0,E,8
01/14/2024,18:00,334.067,1413.153,90.43,1,8,14.479,1,8,87.024,1,8,10851.6,1,8,1375.496,1,8,9572.606,1,8,117.744,1,8,-9900,?,9,-9900,?,9,19.89,E,8,17.68,E,8,87.0,E,8,872.5394,E,8,999.0,E,8,2.37,E,8,-9900,?,9,-9900,?,9,0.0,E,8,-9900,?,9,-9900,?,9,0.0,0.0,E,8
01/14/2024,19:00,22.193,1413.153,15.8,1,8,0.0,1,8,15.8,1,8,1896.0,1,8,0.0,1,8,1738.0,1,8,597.065,1,8,-9900,?,9,-9900,?,9,19.08,E,8,17.2,E,8,93.0,E,8,872.5394,E,8,999.0,E,8,3.19,E,8,-9900,?,9,-9900,?,9,0.003,E,8,-9900,?,9,-9900,?,9,0.03,99.0,E,8
01/14/2024,20:00,0.0,1413.153,0.0,1,8,0.0,1,8,0.0,1,8,0.0,1,8,0.0,1,8,0.0,1,8,-0.0,1,8,-9900,?,9,-9900,?,9,18.34,E,8,16.75,E,8,95.0,E,8,872.5394,E,8,999.0,E,8,3.47,E,8,-9900,?,9,-9900,?,9,0.001,E,8,-9900,?,9,-9900,?,9,0.01,99.0,E,8
01/14/2024,21:00,0.0,1413.153,0.0,1,8,0.0,1,8,0.0,1,8,0.0,1,8,0.0,1,8,0.0,1,8,-0.0,1,8,-9900,?,9,-9900,?,9,17.61,E,8,16.3,E,8,97.0,E,8,872.5394,E,8,999.0,E,8,3.76,E,8,-9900,?,9,-9900,?,9,0.096,E,8,-9900,?,9,-9900,?,9,0.96,99.0,E,8
01/14/2024,22:00,0.0,1413.153,0.0,1,8,0.0,1,8,0.0,1,8,0.0,1,8,0.0,1,8,0.0,1,8,-0.0,1,8,-9900,?,9,-9900,?,9,16.88,E,8,15.83,E,8,93.0,E,8,872.5394,E,8,999.0,E,8,4.12,E,8,-9900,?,9,-9900,?,9,0.0,E,8,-9900,?,9,-9900,?,9,0.0,0.0,E,8
01/14/2024,23:00,0.0,1413.153,0.0,1,8,0.0,1,8,0.0,1,8,0.0,1,8,0.0,1,8,0.0,1,8,-0.0,1,8,-9900,?,9,-9900,?,9,16.15,E,8,15.35,E,8,95.0,E,8,872.5394,E,8,999.0,E,8,4.43,E,8,-9900,?,9,-9900,?,9,0.0,E,8,-9900,?,9,-9900,?,9,0.0,0.0,E,8
01/14/2024,24:00,0.0,1413.153,0.0,1,8,0.0,1,8,0.0,1,8,0.0,1,8,0.0,1,8,0.0,1,8,-0.0,1,8,-9900,?,9,-9900,?,9,15.42,E,8,11.55,E,8,77.0,E,8,872.5394,E,8,999.0,E,8,1.0,E,8,-9900,?,9,-9900,?,9,0.0,E,8,-9900,?,9,-9900,?,9,0.0,0.0,E,8
01/15/2024,01:00,0.0,1413.153,0.0,1,8,0.0,1,8,0.0,1,8,0.0,1,8,0.0,1,8,0.0,1,8,-0.0,1,8,-9900,?,9,-9900,?,9,15.05,E,8,11.46,E,8,79.0,E,8,872.5394,E,8,999.0,E,8,0.33,E,8,-9900,?,9,-9900,?,9,0.0,E,8,-9900,?,9,-9900,?,9,0.0,0.0,E,8
01/15/2024,02:00,0.0,1413.153,0.0,1,8,0.0,1,8,0.0,1,8,0.0,1,8,0.0,1,8,0.0,1,8,-0.0,1,8,-9900,?,9,-9900,?,9,14.69,E,8,11.38,E,8,80.0,E,8,872.5394,E,8,999.0,E,8,0.27,E,8,-9900,?,9,-9900,?,9,0.0,E,8,-9900,?,9,-9900,?,9,0.0,0.0,E,8
01/15/2024,03:00,0.0,1413.153,0.0,1,8,0.0,1,8,0.0,1,8,0.0,1,8,0.0,1,8,0.0,1,8,-0.0,1,8,-9900,?,9,-9900,?,9,14.32,E,8,11.29,E,8,81.0,E,8,872.5394,E,8,999.0,E,8,0.24,E,8,-9900,?,9,-9900,?,9,0.0,E,8,-9900,?,9,-9900,?,9,0.0,0.0,E,8
01/15/2024,04:00,0.0,1412.985,0.0,1,8,0.0,1,8,0.0,1,8,0.0,1,8,0.0,1,8,0.0,1,8,-0.0,1,8,-9900,?,9,-9900,?,9,13.95,E,8,11.2,E,8,83.0,E,8,872.5394,E,8,999.0,E,8,0.52,E,8,-9900,?,9,-9900,?,9,0.0,E,8,-9900,?,9,-9900,?,9,0.0,0.0,E,8
01/15/2024,05:00,0.0,1412.985,0.0,1,8,0.0,1,8,0.0,1,8,0.0,1,8,0.0,1,8,0.0,1,8,-0.0,1,8,-9900,?,9,-9900,?,9,13.63,E,8,11.12,E,8,84.0,E,8,872.5394,E,8,999.0,E,8,0.52,E,8,-9900,?,9,-9900,?,9,0.0,E,8,-9900,?,9,-9900,?,9,0.0,0.0,E,8
01/15/2024,06:00,43.749,1412.985,0.0,1,8,0.0,1,8,0.0,1,8,0.0,1,8,0.0,1,8,0.0,1,8,0.0,1,8,-9900,?,9,-9900,?,9,13.39,E,8,11.07,E,8,85.0,E,8,872.5394,E,8,999.0,E,8,0.5,E,8,-9900,?,9,-9900,?,9,0.0,E,8,-9900,?,9,-9900,?,9,0.0,0.0,E,8
01/15/2024,07:00,357.93,1412.985,58.26,1,8,0.0,1,8,58.26,1,8,6991.2,1,8,0.0,1,8,6408.6,1,8,73.515,1,8,-9900,?,9,-9900,?,9,13.15,E,8,11.01,E,8,86.0,E,8,872.5394,E,8,999.0,E,8,0.5,E,8,-9900,?,9,-9900,?,9,0.0,E,8,-9900,?,9,-9900,?,9,0.0,0.0,E,8
01/15/2024,08:00,666.017,1412.985,283.52,1,8,121.9,1,8,226.121,1,8,34022.4,1,8,11580.505,1,8,24873.266,1,8,152.858,1,8,-9900,?,9,-9900,?,9,15.84,E,8,11.65,E,8,76.0,E,8,872.5394,E,8,999.0,E,8,0.8,E,8,-9900,?,9,-9900,?,9,0.0,E,8,-9900,?,9,-9900,?,9,0.0,0.0,E,8
01/15/2024,09:00,941.842,1412.985,527.62,1,8,287.117,1,8,336.309,1,8,63314.4,1,8,27276.127,1,8,36993.978,1,8,160.66,1,8,-9900,?,9,-9900,?,9,17.71,E,8,12.07,E,8,69.0,E,8,872.5394,E,8,999.0,E,8,1.14,E,8,-9900,?,9,-9900,?,9,0.0,E,8,-9900,?,9,-9900,?,9,0.0,0.0,E,8
01/15/2024,10:00,1166.256,1412.985,745.18,1,8,451.791,1,8,372.33,1,8,89421.6,1,8,42920.139,1,8,40956.298,1,8,143.609,1,8,-9900,?,9,-9900,?,9,19.51,E,8,12.48,E,8,63.0,E,8,872.5394,E,8,999.0,E,8,2.1,E,8,-9900,?,9,-9900,?,9,0.0,E,8,-9900,?,9,-9900,?,9,0.0,0.0,E,8
01/15/2024,11:00,1323.877,1412.985,911.08,1,8,485.153,1,8,456.541,1,8,109329.6,1,8,46089.556,1,8,50219.498,1,8,155.109,1,8,-9900,?,9,-9900,?,9,21.11,E,8,12.83,E,8,59.0,E,8,872.5394,E,8,999.0,E,8,3.19,E,8,-9900,?,9,-9900,?,9,0.0,E,8,-9900,?,9,-9900,?,9,0.0,0.0,E,8
01/15/2024,12:00,1403.926,1412.985,1012.39,1,8,502.332,1,8,513.28,1,8,121486.8,1,8,47721.567,1,8,56460.823,1,8,164.437,1,8,-9900,?,9,-9900,?,9,22.44,E,8,13.11,E,8,55.0,E,8,872.5394,E,8,999.0,E,8,4.84,E,8,-9900,?,9,-9900,?,9,0.0,E,8,-9900,?,9,-9900,?,9,0.0,0.0,E,8
01/15/2024,13:00,1400.926,1412.985,1039.45,1,8,587.233,1,8,457.232,1,8,124734.0,1,8,55787.107,1,8,50295.49,1,8,146.795,1,8,-9900,?,9,-9900,?,9,23.45,E,8,13.33,E,8,52.0,E,8,872.5394,E,8,999.0,E,8,6.01,E,8,-9900,?,9,-9900,?,9,0.0,E,8,-9900,?,9,-9900,?,9,0.0,0.0,E,8
01/15/2024,14:00,1315.07,1412.985,1008.89,1,8,759.221,1,8,302.312,1,8,121066.8,1,8,72125.984,1,8,33254.354,1,8,103.398,1,8,-9900,?,9,-9900,?,9,24.15,E,8,13.47,E,8,51.0,E,8,872.5394,E,8,999.0,E,8,7.66,E,8,-9900,?,9,-9900,?,9,0.0,E,8,-9900,?,9,-9900,?,9,0.0,0.0,E,8
01/15/2024,15:00,1152.206,1412.985,901.07,1,8,921.173,1,8,150.019,1,8,108128.4,1,8,87511.447,1,8,16502.081,1,8,58.569,1,8,-9900,?,9,-9900,?,9,24.5,E,8,13.55,E,8,50.0,E,8,872.5394,E,8,999.0,E,8,7.72,E,8,-9900,?,9,-9900,?,9,0.0,E,8,-9900,?,9,-9900,?,9,0.0,0.0,E,8
01/15/2024,16:00,923.448,1412.985,719.95,1,8,810.047,1,8,190.757,1,8,86394.0,1,8,76954.509,1,8,20983.259,1,8,92.945,1,8,-9900,?,9,-9900,?,9,24.5,E,8,13.55,E,8,50.0,E,8,872.5394,E,8,999.0,E,8,7.63,E,8,-9900,?,9,-9900,?,9,0.0,E,8,-9900,?,9,-9900,?,9,0.0,0.0,E,8
01/15/2024,17:00,644.461,1412.985,508.21,1,8,714.694,1,8,182.601,1,8,60985.2,1,8,67895.924,1,8,20086.147,1,8,127.579,1,8,-9900,?,9,-9900,?,9,23.98,E,8,13.44,E,8,51.0,E,8,872.5394,E,8,999.0,E,8,6.55,E,8,-9900,?,9,-9900,?,9,0.0,E,8,-9900,?,9,-9900,?,9,0.0,0.0,E,8
01/15/2024,18:00,334.642,1412.985,262.8,1,8,650.783,1,8,109.412,1,8,31536.0,1,8,61824.409,1,8,12035.343,1,8,147.762,1,8,-9900,?,9,-9900,?,9,23.01,E,8,13.23,E,8,54.0,E,8,872.5394,E,8,999.0,E,8,5.39,E,8,-9900,?,9,-9900,?,9,0.0,E,8,-9900,?,9,-9900,?,9,0.0,0.0,E,8
01/15/2024,19:00,22.382,1412.985,41.84,1,8,0.0,1,8,41.84,1,8,5020.8,1,8,0.0,1,8,4602.4,1,8,1552.738,1,8,-9900,?,9,-9900,?,9,21.72,E,8,12.96,E,8,57.0,E,8,872.5394,E,8,999.0,E,8,3.69,E,8,-9900,?,9,-9900,?,9,0.0,E,8,-9900,?,9,-9900,?,9,0.0,0.0,E,8
01/15/2024,20:00,0.0,1412.985,0.0,1,8,0.0,1,8,0.0,1,8,0.0,1,8,0.0,1,8,0.0,1,8,-0.0,1,8,-9900,?,9,-9900,?,9,20.77,E,8,12.75,E,8,60.0,E,8,872.5394,E,8,999.0,E,8,4.54,E,8,-9900,?,9,-9900,?,9,0.0,E,8,-9900,?,9,-9900,?,9,0.0,0.0,E,8
01/15/2024,21:00,0.0,1412.985,0.0,1,8,0.0,1,8,0.0,1,8,0.0,1,8,0.0,1,8,0.0,1,8,-0.0,1,8,-9900,?,9,-9900,?,9,19.83,E,8,12.55,E,8,62.0,E,8,872.5394,E,8,999.0,E,8,2.76,E,8,-9900,?,9,-9900,?,9,0.0,E,8,-9900,?,9,-9900,?,9,0.0,0.0,E,8
01/15/2024,22:00,0.0,1412.985,0.0,1,8,0.0,1,8,0.0,1,8,0.0,1,8,0.0,1,8,0.0,1,8,-0.0,1,8,-9900,?,9,-9900,?,9,18.88,E,8,12.34,E,8,65.0,E,8,872.5394,E,8,999.0,E,8,2.17,E,8,-9900,?,9,-9900,?,9,0.0,E,8,-9900,?,9,-9900,?,9,0.0,0.0,E,8
01/15/2024,23:00,0.0,1412.985,0.0,1,8,0.0,1,8,0.0,1,8,0.0,1,8,0.0,1,8,0.0,1,8,-0.0,1,8,-9900,?,9,-9900,?,9,17.93,E,8,12.12,E,8,68.0,E,8,872.5394,E,8,999.0,E,8,2.3,E,8,-9900,?,9,-9900,?,9,0.0,E,8,-9900,?,9,-9900,?,9,0.0,0.0,E,8
01/15/2024,24:00,0.0,1412.985,0.0,1,8,0.0,1,8,0.0,1,8,0.0,1,8,0.0,1,8,0.0,1,8,-0.0,1,8,-9900,?,9,-9900,?,9,16.98,E,8,12.65,E,8,75.0,E,8,872.5394,E,8,999.0,E,8,10.03,E,8,-9900,?,9,-9900,?,9,0.0,E,8,-9900,?,9,-9900,?,9,0.0,0.0,E,8
01/16/2024,01:00,0.0,1412.985,0.0,1,8,0.0,1,8,0.0,1,8,0.0,1,8,0.0,1,8,0.0,1,8,-0.0,1,8,-9900,?,9,-9900,?,9,16.51,E,8,12.61,E,8,77.0,E,8,872.5394,E,8,999.0,E,8,9.49,E,8,-9900,?,9,-9900,?,9,0.0,E,8,-9900,?,9,-9900,?,9,0.0,0.0,E,8
01/16/2024,02:00,0.0,1412.985,0.0,1,8,0.0,1,8,0.0,1,8,0.0,1,8,0.0,1,8,0.0,1,8,-0.0,1,8,-9900,?,9,-9900,?,9,16.03,E,8,12.57,E,8,79.0,E,8,872.5394,E,8,999.0,E,8,7.16,E,8,-9900,?,9,-9900,?,9,0.0,E,8,-9900,?,9,-9900,?,9,0.0,0.0,E,8
01/16/2024,03:00,0.0,1412.985,0.0,1,8,0.0,1,8,0.0,1,8,0.0,1,8,0.0,1,8,0.0,1,8,-0.0,1,8,-9900,?,9,-9900,?,9,15.56,E,8,12.53,E,8,82.0,E,8,872.5394,E,8,999.0,E,8,7.59,E,8,-9900,?,9,-9900,?,9,0.0,E,8,-9900,?,9,-9900,?,9,0.0,0.0,E,8
01/16/2024,04:00,0.0,1412.802,0.0,1,8,0.0,1,8,0.0,1,8,0.0,1,8,0.0,1,8,0.0,1,8,-0.0,1,8,-9900,?,9,-9900,?,9,15.09,E,8,12.49,E,8,84.0,E,8,872.5394,E,8,999.0,E,8,6.35,E,8,-9900,?,9,-9900,?,9,0.0,E,8,-9900,?,9,-9900,?,9,0.0,0.0,E,8
01/16/2024,05:00,0.0,1412.802,0.0,1,8,0.0,1,8,0.0,1,8,0.0,1,8,0.0,1,8,0.0,1,8,-0.0,1,8,-9900,?,9,-9900,?,9,14.67,E,8,12.46,E,8,86.0,E,8,872.5394,E,8,999.0,E,8,3.83,E,8,-9900,?,9,-9900,?,9,0.0,E,8,-9900,?,9,-9900,?,9,0.0,0.0,E,8
01/16/2024,06:00,40.449,1412.802,0.0,1,8,0.0,1,8,0.0,1,8,0.0,1,8,0.0,1,8,0.0,1,8,0.0,1,8,-9900,?,9,-9900,?,9,14.35,E,8,12.43,E,8,88.0,E,8,872.5394,E,8,999.0,E,8,4.0,E,8,-9900,?,9,-9900,?,9,0.0,E,8,-9900,?,9,-9900,?,9,0.0,0.0,E,8
01/16/2024,07:00,354.704,1412.802,53.1,1,8,0.0,1,8,53.1,1,8,6372.0,1,8,0.0,1,8,5841.0,1,8,67.61,1,8,-9900,?,9,-9900,?,9,14.04,E,8,12.4,E,8,89.0,E,8,872.5394,E,8,999.0,E,8,1.4,E,8,-9900,?,9,-9900,?,9,0.0,E,8,-9900,?,9,-9900,?,9,0.0,0.0,E,8
01/16/2024,08:00,663.258,1412.802,264.71,1,8,93.647,1,8,220.792,1,8,31765.2,1,8,8896.498,1,8,24287.067,1,8,149.858,1,8,-9900,?,9,-9900,?,9,16.41,E,8,12.6,E,8,78.0,E,8,872.5394,E,8,999.0,E,8,2.47,E,8,-9900,?,9,-9900,?,9,0.0,E,8,-9900,?,9,-9900,?,9,0.0,0.0,E,8
01/16/2024,09:00,939.64,1412.802,494.55,1,8,222.38,1,8,346.702,1,8,59346.0,1,8,21126.072,1,8,38137.261,1,8,165.992,1,8,-9900,?,9,-9900,?,9,18.08,E,8,12.74,E,8,70.0,E,8,872.5394,E,8,999.0,E,8,3.46,E,8,-9900,?,9,-9900,?,9,0.0,E,8,-9900,?,9,-9900,?,9,0.0,0.0,E,8
01/16/2024,10:00,1164.657,1412.802,700.83,1,8,335.975,1,8,423.904,1,8,84099.6,1,8,31917.655,1,8,46629.435,1,8,163.705,1,8,-9900,?,9,-9900,?,9,19.69,E,8,12.87,E,8,64.0,E,8,872.5394,E,8,999.0,E,8,6.76,E,8,-9900,?,9,-9900,?,9,0.0,E,8,-9900,?,9,-9900,?,9,0.0,0.0,E,8
01/16/2024,11:00,1322.885,1412.802,856.02,1,8,417.691,1,8,464.929,1,8,102722.4,1,8,39680.649,1,8,51142.194,1,8,158.057,1,8,-9900,?,9,-9900,?,9,21.11,E,8,12.99,E,8,59.0,E,8,872.5394,E,8,999.0,E,8,11.58,E,8,-9900,?,9,-9900,?,9,0.0,E,8,-9900,?,9,-9900,?,9,0.0,0.0,E,8
01/16/2024,12:00,1403.501,1412.802,969.77,1,8,422.172,1,8,550.379,1,8,116372.4,1,8,40106.327,1,8,60541.695,1,8,176.353,1,8,-9900,?,9,-9900,?,9,22.35,E,8,13.09,E,8,55.0,E,8,872.5394,E,8,999.0,E,8,12.82,E,8,-9900,?,9,-9900,?,9,0.0,E,8,-9900,?,9,-9900,?,9,0.0,0.0,E,8
01/16/2024,13:00,1400.992,1412.802,1018.51,1,8,525.163,1,8,497.739,1,8,122221.2,1,8,49890.509,1,8,54751.34,1,8,159.772,1,8,-9900,?,9,-9900,?,9,23.33,E,8,13.16,E,8,52.0,E,8,872.5394,E,8,999.0,E,8,16.2,E,8,-9900,?,9,-9900,?,9,0.0,E,8,-9900,?,9,-9900,?,9,0.0,0.0,E,8
01/16/2024,14:00,1315.514,1412.802,973.13,1,8,633.572,1,8,383.213,1,8,116775.6,1,8,60189.382,1,8,42153.445,1,8,131.007,1,8,-9900,?,9,-9900,?,9,23.99,E,8,13.22,E,8,50.0,E,8,872.5394,E,8,999.0,E,8,19.15,E,8,-9900,?,9,-9900,?,9,0.0,E,8,-9900,?,9,-9900,?,9,0.0,0.0,E,8
01/16/2024,15:00,1152.89,1412.802,883.43,1,8,817.515,1,8,216.411,1,8,106011.6,1,8,77663.905,1,8,23805.261,1,8,84.428,1,8,-9900,?,9,-9900,?,9,24.35,E,8,13.25,E,8,49.0,E,8,872.5394,E,8,999.0,E,8,18.48,E,8,-9900,?,9,-9900,?,9,0.0,E,8,-9900,?,9,-9900,?,9,0.0,0.0,E,8
01/16/2024,16:00,924.217,1412.802,728.3,1,8,822.882,1,8,190.204,1,8,87396.0,1,8,78173.822,1,8,20922.43,1,8,92.586,1,8,-9900,?,9,-9900,?,9,24.4,E,8,13.25,E,8,49.0,E,8,872.5394,E,8,999.0,E,8,17.36,E,8,-9900,?,9,-9900,?,9,0.0,E,8,-9900,?,9,-9900,?,9,0.0,0.0,E,8
01/16/2024,17:00,645.155,1412.802,529.0,1,8,719.785,1,8,200.675,1,8,63480.0,1,8,68379.529,1,8,22074.284,1,8,140.037,1,8,-9900,?,9,-9900,?,9,24.02,E,8,13.22,E,8,50.0,E,8,872.5394,E,8,999.0,E,8,11.76,E,8,-9900,?,9,-9900,?,9,0.0,E,8,-9900,?,9,-9900,?,9,0.0,0.0,E,8
01/16/2024,18:00,335.105,1412.802,294.7,1,8,664.687,1,8,137.796,1,8,35364.0,1,8,63145.278,1,8,15157.536,1,8,185.81,1,8,-9900,?,9,-9900,?,9,23.21,E,8,13.16,E,8,53.0,E,8,872.5394,E,8,999.0,E,8,5.34,E,8,-9900,?,9,-9900,?,9,0.0,E,8,-9900,?,9,-9900,?,9,0.0,0.0,E,8
01/16/2024,19:00,22.465,1412.802,57.39,1,8,0.0,1,8,57.39,1,8,6886.8,1,8,0.0,1,8,6312.9,1,8,2112.801,1,8,-9900,?,9,-9900,?,9,22.06,E,8,13.06,E,8,56.0,E,8,872.5394,E,8,999.0,E,8,1.83,E,8,-9900,?,9,-9900,?,9,0.0,E,8,-9900,?,9,-9900,?,9,0.0,0.0,E,8
01/16/2024,20:00,0.0,1412.802,0.0,1,8,0.0,1,8,0.0,1,8,0.0,1,8,0.0,1,8,0.0,1,8,-0.0,1,8,-9900,?,9,-9900,?,9,21.36,E,8,13.01,E,8,58.0,E,8,872.5394,E,8,999.0,E,8,1.33,E,8,-9900,?,9,-9900,?,9,0.0,E,8,-9900,?,9,-9900,?,9,0.0,0.0,E,8
01/16/2024,21:00,0.0,1412.802,0.0,1,8,0.0,1,8,0.0,1,8,0.0,1,8,0.0,1,8,0.0,1,8,-0.0,1,8,-9900,?,9,-9900,?,9,20.67,E,8,12.95,E,8,61.0,E,8,872.5394,E,8,999.0,E,8,0.97,E,8,-9900,?,9,-9900,?,9,0.0,E,8,-9900,?,9,-9900,?,9,0.0,0.0,E,8
01/16/2024,22:00,0.0,1412.802,0.0,1,8,0.0,1,8,0.0,1,8,0.0,1,8,0.0,1,8,0.0,1,8,-0.0,1,8,-9900,?,9,-9900,?,9,19.97,E,8,12.89,E,8,63.0,E,8,872.5394,E,8,999.0,E,8,1.78,E,8,-9900,?,9,-9900,?,9,0.0,E,8,-9900,?,9,-9900,?,9,0.0,0.0,E,8
01/16/2024,23:00,0.0,1412.802,0.0,1,8,0.0,1,8,0.0,1,8,0.0,1,8,0.0,1,8,0.0,1,8,-0.0,1,8,-9900,?,9,-9900,?,9,19.27,E,8,12.84,E,8,66.0,E,8,872.5394,E,8,999.0,E,8,1.07,E,8,-9900,?,9,-9900,?,9,0.0,E,8,-9900,?,9,-9900,?,9,0.0,0.0,E,8
01/16/2024,24:00,0.0,1412.802,0.0,1,8,0.0,1,8,0.0,1,8,0.0,1,8,0.0,1,8,0.0,1,8,-0.0,1,8,-9900,?,9,-9900,?,9,18.58,E,8,16.82,E,8,89.0,E,8,872.5394,E,8,999.0,E,8,0.24,E,8,-9900,?,9,-9900,?,9,0.0,E,8,-9900,?,9,-9900,?,9,0.0,0.0,E,8
01/17/2024,01:00,0.0,1412.802,0.0,1,8,0.0,1,8,0.0,1,8,0.0,1,8,0.0,1,8,0.0,1,8,-0.0,1,8,-9900,?,9,-9900,?,9,18.23,E,8,16.65,E,8,90.0,E,8,872.5394,E,8,999.0,E,8,0.24,E,8,-9900,?,9,-9900,?,9,0.0,E,8,-9900,?,9,-9900,?,9,0.0,0.0,E,8
01/17/2024,02:00,0.0,1412.802,0.0,1,8,0.0,1,8,0.0,1,8,0.0,1,8,0.0,1,8,0.0,1,8,-0.0,1,8,-9900,?,9,-9900,?,9,17.88,E,8,16.49,E,8,91.0,E,8,872.5394,E,8,999.0,E,8,0.24,E,8,-9900,?,9,-9900,?,9,0.0,E,8,-9900,?,9,-9900,?,9,0.0,0.0,E,8
01/17/2024,03:00,0.0,1412.802,0.0,1,8,0.0,1,8,0.0,1,8,0.0,1,8,0.0,1,8,0.0,1,8,-0.0,1,8,-9900,?,9,-9900,?,9,17.53,E,8,16.32,E,8,92.0,E,8,872.5394,E,8,999.0,E,8,0.24,E,8,-9900,?,9,-9900,?,9,0.0,E,8,-9900,?,9,-9900,?,9,0.0,0.0,E,8
01/17/2024,04:00,0.0,1412.605,0.0,1,8,0.0,1,8,0.0,1,8,0.0,1,8,0.0,1,8,0.0,1,8,-0.0,1,8,-9900,?,9,-9900,?,9,17.18,E,8,16.15,E,8,93.0,E,8,872.5394,E,8,999.0,E,8,0.24,E,8,-9900,?,9,-9900,?,9,0.0,E,8,-9900,?,9,-9900,?,9,0.0,0.0,E,8
01/17/2024,05:00,0.0,1412.605,0.0,1,8,0.0,1,8,0.0,1,8,0.0,1,8,0.0,1,8,0.0,1,8,-0.0,1,8,-9900,?,9,-9900,?,9,16.88,E,8,16.0,E,8,94.0,E,8,872.5394,E,8,999.0,E,8,0.24,E,8,-9900,?,9,-9900,?,9,0.0,E,8,-9900,?,9,-9900,?,9,0.0,0.0,E,8
01/17/2024,06:00,37.163,1412.605,0.0,1,8,0.0,1,8,0.0,1,8,0.0,1,8,0.0,1,8,0.0,1,8,0.0,1,8,-9900,?,9,-9900,?,9,16.65,E,8,15.89,E,8,95.0,E,8,872.5394,E,8,999.0,E,8,0.24,E,8,-9900,?,9,-9900,?,9,0.0,E,8,-9900,?,9,-9900,?,9,0.0,0.0,E,8
01/17/2024,07:00,351.481,1412.605,42.21,1,8,0.0,1,8,42.21,1,8,5065.2,1,8,0.0,1,8,4643.1,1,8,54.234,1,8,-9900,?,9,-9900,?,9,16.42,E,8,15.77,E,8,95.0,E,8,872.5394,E,8,999.0,E,8,0.24,E,8,-9900,?,9,-9900,?,9,0.0,E,8,-9900,?,9,-9900,?,9,0.0,0.0,E,8
01/17/2024,08:00,660.503,1412.605,211.01,1,8,25.561,1,8,199.071,1,8,25321.2,1,8,2428.293,1,8,21897.78,1,8,135.662,1,8,-9900,?,9,-9900,?,9,18.11,E,8,16.6,E,8,90.0,E,8,872.5394,E,8,999.0,E,8,0.24,E,8,-9900,?,9,-9900,?,9,0.0,E,8,-9900,?,9,-9900,?,9,0.0,0.0,E,8
01/17/2024,09:00,937.441,1412.605,387.73,1,8,77.459,1,8,336.346,1,8,46527.6,1,8,7358.584,1,8,36998.012,1,8,161.389,1,8,-9900,?,9,-9900,?,9,19.28,E,8,17.14,E,8,87.0,E,8,872.5394,E,8,999.0,E,8,0.24,E,8,-9900,?,9,-9900,?,9,0.0,E,8,-9900,?,9,-9900,?,9,0.0,0.0,E,8
01/17/2024,10:00,1163.055,1412.605,542.79,1,8,101.823,1,8,458.967,1,8,65134.8,1,8,9673.156,1,8,50486.366,1,8,177.465,1,8,-9900,?,9,-9900,?,9,20.39,E,8,17.65,E,8,84.0,E,8,872.5394,E,8,999.0,E,8,0.44,E,8,-9900,?,9,-9900,?,9,0.0,E,8,-9900,?,9,-9900,?,9,0.0,0.0,E,8
01/17/2024,11:00,1321.879,1412.605,662.34,1,8,99.513,1,8,569.222,1,8,79480.8,1,8,9453.762,1,8,62614.412,1,8,193.633,1,8,-9900,?,9,-9900,?,9,21.37,E,8,18.08,E,8,81.0,E,8,872.5394,E,8,999.0,E,8,0.88,E,8,-9900,?,9,-9900,?,9,0.0,E,8,-9900,?,9,-9900,?,9,0.0,0.0,E,8
01/17/2024,12:00,1403.051,1412.605,737.23,1,8,114.625,1,8,623.381,1,8,88467.6,1,8,10889.384,1,8,68571.868,1,8,199.78,1,8,-9900,?,9,-9900,?,9,22.19,E,8,18.43,E,8,79.0,E,8,872.5394,E,8,999.0,E,8,1.12,E,8,-9900,?,9,-9900,?,9,0.0,E,8,-9900,?,9,-9900,?,9,0.0,0.0,E,8
01/17/2024,13:00,1401.016,1412.605,761.95,1,8,132.114,1,8,630.921,1,8,91434.0,1,8,12550.821,1,8,69401.265,1,8,202.49,1,8,-9900,?,9,-9900,?,9,22.83,E,8,18.7,E,8,77.0,E,8,872.5394,E,8,999.0,E,8,1.86,E,8,-9900,?,9,-9900,?,9,0.0,E,8,-9900,?,9,-9900,?,9,0.0,0.0,E,8
01/17/2024,14:00,1315.9,1412.605,734.73,1,8,154.844,1,8,590.493,1,8,88167.6,1,8,14710.187,1,8,64954.211,1,8,201.782,1,8,-9900,?,9,-9900,?,9,23.26,E,8,18.88,E,8,76.0,E,8,872.5394,E,8,999.0,E,8,2.32,E,8,-9900,?,9,-9900,?,9,0.0,E,8,-9900,?,9,-9900,?,9,0.0,0.0,E,8
01/17/2024,15:00,1153.499,1412.605,657.5,1,8,310.756,1,8,403.782,1,8,78900.0,1,8,29521.823,1,8,44415.965,1,8,157.421,1,8,-9900,?,9,-9900,?,9,23.48,E,8,18.97,E,8,75.0,E,8,872.5394,E,8,999.0,E,8,2.35,E,8,-9900,?,9,-9900,?,9,0.0,E,8,-9900,?,9,-9900,?,9,0.0,0.0,E,8
01/17/2024,16:00,924.896,1412.605,535.94,1,8,373.654,1,8,291.388,1,8,64312.8,1,8,35497.115,1,8,32052.652,1,8,141.716,1,8,-9900,?,9,-9900,?,9,23.49,E,8,18.98,E,8,75.0,E,8,872.5394,E,8,999.0,E,8,1.65,E,8,-9900,?,9,-9900,?,9,0.0,E,8,-9900,?,9,-9900,?,9,0.0,0.0,E,8
01/17/2024,17:00,645.746,1412.605,379.38,1,8,466.676,1,8,166.284,1,8,45525.6,1,8,44334.265,1,8,18291.191,1,8,115.915,1,8,-9900,?,9,-9900,?,9,23.18,E,8,18.85,E,8,76.0,E,8,872.5394,E,8,999.0,E,8,1.16,E,8,-9900,?,9,-9900,?,9,0.0,E,8,-9900,?,9,-9900,?,9,0.0,0.0,E,8
01/17/2024,18:00,335.454,1412.605,201.96,1,8,553.255,1,8,71.204,1,8,24235.2,1,8,52559.182,1,8,7832.483,1,8,95.901,1,8,-9900,?,9,-9900,?,9,22.59,E,8,18.6,E,8,78.0,E,8,872.5394,E,8,999.0,E,8,0.94,E,8,-9900,?,9,-9900,?,9,0.0,E,8,-9900,?,9,-9900,?,9,0.0,0.0,E,8
01/17/2024,19:00,22.441,1412.605,35.44,1,8,0.0,1,8,35.44,1,8,4252.8,1,8,0.0,1,8,3898.4,1,8,1307.183,1,8,-9900,?,9,-9900,?,9,21.8,E,8,18.26,E,8,80.0,E,8,872.5394,E,8,999.0,E,8,0.61,E,8,-9900,?,9,-9900,?,9,0.0,E,8,-9900,?,9,-9900,?,9,0.0,0.0,E,8
01/17/2024,20:00,0.0,1412.605,0.0,1,8,0.0,1,8,0.0,1,8,0.0,1,8,0.0,1,8,0.0,1,8,-0.0,1,8,-9900,?,9,-9900,?,9,21.15,E,8,17.98,E,8,82.0,E,8,872.5394,E,8,999.0,E,8,0.33,E,8,-9900,?,9,-9900,?,9,0.0,E,8,-9900,?,9,-9900,?,9,0.0,0.0,E,8
01/17/2024,21:00,0.0,1412.605,0.0,1,8,0.0,1,8,0.0,1,8,0.0,1,8,0.0,1,8,0.0,1,8,-0.0,1,8,-9900,?,9,-9900,?,9,20.51,E,8,17.7,E,8,83.0,E,8,872.5394,E,8,999.0,E,8,0.6,E,8,-9900,?,9,-9900,?,9,0.0,E,8,-9900,?,9,-9900,?,9,0.0,0.0,E,8
01/17/2024,22:00,0.0,1412.605,0.0,1,8,0.0,1,8,0.0,1,8,0.0,1,8,0.0,1,8,0.0,1,8,-0.0,1,8,-9900,?,9,-9900,?,9,19.87,E,8,17.41,E,8,85.0,E,8,872.5394,E,8,999.0,E,8,0.47,E,8,-9900,?,9,-9900,?,9,0.0,E,8,-9900,?,9,-9900,?,9,0.0,0.0,E,8
01/17/2024,23:00,0.0,1412.605,0.0,1,8,0.0,1,8,0.0,1,8,0.0,1,8,0.0,1,8,0.0,1,8,-0.0,1,8,-9900,?,9,-9900,?,9,19.22,E,8,17.12,E,8,87.0,E,8,872.5394,E,8,999.0,E,8,0.46,E,8,-9900,?,9,-9900,?,9,0.0,E,8,-9900,?,9,-9900,?,9,0.0,0.0,E,8
01/17/2024,24:00,0.0,1412.605,0.0,1,8,0.0,1,8,0.0,1,8,0.0,1,8,0.0,1,8,0.0,1,8,-0.0,1,8,-9900,?,9,-9900,?,9,18.58,E,8,16.78,E,8,95.0,E,8,872.5394,E,8,999.0,E,8,1.0,E,8,-9900,?,9,-9900,?,9,0.189,E,8,-9900,?,9,-9900,?,9,1.89,99.0,E,8
01/18/2024,01:00,0.0,1412.605,0.0,1,8,0.0,1,8,0.0,1,8,0.0,1,8,0.0,1,8,0.0,1,8,-0.0,1,8,-9900,?,9,-9900,?,9,18.26,E,8,16.64,E,8,87.0,E,8,872.5394,E,8,999.0,E,8,0.41,E,8,-9900,?,9,-9900,?,9,0.0,E,8,-9900,?,9,-9900,?,9,0.0,0.0,E,8
01/18/2024,02:00,0.0,1412.605,0.0,1,8,0.0,1,8,0.0,1,8,0.0,1,8,0.0,1,8,0.0,1,8,-0.0,1,8,-9900,?,9,-9900,?,9,17.94,E,8,16.49,E,8,88.0,E,8,872.5394,E,8,999.0,E,8,0.41,E,8,-9900,?,9,-9900,?,9,0.0,E,8,-9900,?,9,-9900,?,9,0.0,0.0,E,8
01/18/2024,03:00,0.0,1412.605,0.0,1,8,0.0,1,8,0.0,1,8,0.0,1,8,0.0,1,8,0.0,1,8,-0.0,1,8,-9900,?,9,-9900,?,9,17.62,E,8,16.34,E,8,89.0,E,8,872.5394,E,8,999.0,E,8,0.49,E,8,-9900,?,9,-9900,?,9,0.0,E,8,-9900,?,9,-9900,?,9,0.0,0.0,E,8
01/18/2024,04:00,0.0,1412.393,0.0,1,8,0.0,1,8,0.0,1,8,0.0,1,8,0.0,1,8,0.0,1,8,-0.0,1,8,-9900,?,9,-9900,?,9,17.29,E,8,16.19,E,8,90.0,E,8,872.5394,E,8,999.0,E,8,0.41,E,8,-9900,?,9,-9900,?,9,0.0,E,8,-9900,?,9,-9900,?,9,0.0,0.0,E,8
01/18/2024,05:00,0.0,1412.393,0.0,1,8,0.0,1,8,0.0,1,8,0.0,1,8,0.0,1,8,0.0,1,8,-0.0,1,8,-9900,?,9,-9900,?,9,17.01,E,8,16.05,E,8,91.0,E,8,872.5394,E,8,999.0,E,8,0.66,E,8,-9900,?,9,-9900,?,9,0.0,E,8,-9900,?,9,-9900,?,9,0.0,0.0,E,8
01/18/2024,06:00,33.895,1412.393,0.0,1,8,0.0,1,8,0.0,1,8,0.0,1,8,0.0,1,8,0.0,1,8,0.0,1,8,-9900,?,9,-9900,?,9,16.8,E,8,15.95,E,8,91.0,E,8,872.5394,E,8,999.0,E,8,0.75,E,8,-9900,?,9,-9900,?,9,0.0,E,8,-9900,?,9,-9900,?,9,0.0,0.0,E,8
01/18/2024,07:00,348.263,1412.393,29.86,1,8,0.0,1,8,29.86,1,8,3583.2,1,8,0.0,1,8,3284.6,1,8,38.718,1,8,-9900,?,9,-9900,?,9,16.58,E,8,15.85,E,8,92.0,E,8,872.5394,E,8,999.0,E,8,0.59,E,8,-9900,?,9,-9900,?,9,0.0,E,8,-9900,?,9,-9900,?,9,0.0,0.0,E,8
01/18/2024,08:00,657.755,1412.393,153.25,1,8,2.432,1,8,152.119,1,8,18390.0,1,8,231.006,1,8,16733.065,1,8,104.084,1,8,-9900,?,9,-9900,?,9,18.36,E,8,16.68,E,8,87.0,E,8,872.5394,E,8,999.0,E,8,0.78,E,8,-9900,?,9,-9900,?,9,0.0,E,8,-9900,?,9,-9900,?,9,0.0,0.0,E,8
01/18/2024,09:00,935.245,1412.393,282.85,1,8,23.121,1,8,267.546,1,8,33942.0,1,8,2196.49,1,8,29430.032,1,8,128.659,1,8,-9900,?,9,-9900,?,9,19.6,E,8,17.24,E,8,84.0,E,8,872.5394,E,8,999.0,E,8,1.09,E,8,-9900,?,9,-9900,?,9,0.0,E,8,-9900,?,9,-9900,?,9,0.0,0.0,E,8
01/18/2024,10:00,1161.45,1412.393,396.65,1,8,30.913,1,8,371.233,1,8,47598.0,1,8,2936.755,1,8,40835.606,1,8,143.718,1,8,-9900,?,9,-9900,?,9,20.77,E,8,17.75,E,8,81.0,E,8,872.5394,E,8,999.0,E,8,1.62,E,8,-9900,?,9,-9900,?,9,0.0,E,8,-9900,?,9,-9900,?,9,0.0,0.0,E,8
01/18/2024,11:00,1320.861,1412.393,484.47,1,8,50.022,1,8,437.692,1,8,58136.4,1,8,4752.06,1,8,48146.123,1,8,148.983,1,8,-9900,?,9,-9900,?,9,21.82,E,8,18.19,E,8,78.0,E,8,872.5394,E,8,999.0,E,8,2.47,E,8,-9900,?,9,-9900,?,9,0.0,E,8,-9900,?,9,-9900,?,9,0.0,0.0,E,8
01/18/2024,12:00,1402.574,1412.393,539.56,1,8,55.47,1,8,484.476,1,8,64747.2,1,8,5269.628,1,8,53292.372,1,8,155.294,1,8,-9900,?,9,-9900,?,9,22.69,E,8,18.55,E,8,76.0,E,8,872.5394,E,8,999.0,E,8,3.51,E,8,-9900,?,9,-9900,?,9,0.0,E,8,-9900,?,9,-9900,?,9,0.0,0.0,E,8
01/18/2024,13:00,1400.997,1412.393,557.9,1,8,62.978,1,8,495.43,1,8,66948.0,1,8,5982.941,1,8,54497.312,1,8,158.984,1,8,-9900,?,9,-9900,?,9,23.37,E,8,18.83,E,8,75.0,E,8,872.5394,E,8,999.0,E,8,6.59,E,8,-9900,?,9,-9900,?,9,0.0,E,8,-9900,?,9,-9900,?,9,0.0,0.0,E,8
01/18/2024,14:00,1316.226,1412.393,538.15,1,8,83.275,1,8,460.549,1,8,64578.0,1,8,7911.104,1,8,50660.36,1,8,157.315,1,8,-9900,?,9,-9900,?,9,23.82,E,8,19.01,E,8,74.0,E,8,872.5394,E,8,999.0,E,8,6.51,E,8,-9900,?,9,-9900,?,9,0.0,E,8,-9900,?,9,-9900,?,9,0.0,0.0,E,8
01/18/2024,15:00,1154.031,1412.393,481.72,1,8,65.377,1,8,428.31,1,8,57806.4,1,8,6210.852,1,8,47114.054,1,8,166.882,1,8,-9900,?,9,-9900,?,9,24.06,E,8,19.1,E,8,78.0,E,8,872.5394,E,8,999.0,E,8,5.15,E,8,-9900,?,9,-9900,?,9,0.001,E,8,-9900,?,9,-9900,?,9,0.01,99.0,E,8
01/18/2024,16:00,925.483,1412.393,392.75,1,8,69.344,1,8,347.329,1,8,47130.0,1,8,6587.68,1,8,38206.242,1,8,168.791,1,8,-9900,?,9,-9900,?,9,24.07,E,8,19.11,E,8,73.0,E,8,872.5394,E,8,999.0,E,8,4.28,E,8,-9900,?,9,-9900,?,9,0.0,E,8,-9900,?,9,-9900,?,9,0.0,0.0,E,8
01/18/2024,17:00,646.231,1412.393,278.09,1,8,129.62,1,8,218.849,1,8,33370.8,1,8,12313.91,1,8,24073.349,1,8,152.42,1,8,-9900,?,9,-9900,?,9,23.75,E,8,18.98,E,8,74.0,E,8,872.5394,E,8,999.0,E,8,2.73,E,8,-9900,?,9,-9900,?,9,0.0,E,8,-9900,?,9,-9900,?,9,0.0,0.0,E,8
01/18/2024,18:00,335.689,1412.393,148.08,1,8,213.182,1,8,97.654,1,8,17769.6,1,8,20252.28,1,8,10741.901,1,8,131.411,1,8,-9900,?,9,-9900,?,9,23.12,E,8,18.73,E,8,75.0,E,8,872.5394,E,8,999.0,E,8,0.98,E,8,-9900,?,9,-9900,?,9,0.0,E,8,-9900,?,9,-9900,?,9,0.0,0.0,E,8
01/18/2024,19:00,22.311,1412.393,25.97,1,8,0.0,1,8,25.97,1,8,3116.4,1,8,0.0,1,8,2856.7,1,8,969.372,1,8,-9900,?,9,-9900,?,9,22.28,E,8,18.38,E,8,77.0,E,8,872.5394,E,8,999.0,E,8,0.41,E,8,-9900,?,9,-9900,?,9,0.0,E,8,-9900,?,9,-9900,?,9,0.0,0.0,E,8
01/18/2024,20:00,0.0,1412.393,0.0,1,8,0.0,1,8,0.0,1,8,0.0,1,8,0.0,1,8,0.0,1,8,-0.0,1,8,-9900,?,9,-9900,?,9,21.56,E,8,18.08,E,8,83.0,E,8,872.5394,E,8,999.0,E,8,0.41,E,8,-9900,?,9,-9900,?,9,0.007000000000000001,E,8,-9900,?,9,-9900,?,9,0.07,99.0,E,8
01/18/2024,21:00,0.0,1412.393,0.0,1,8,0.0,1,8,0.0,1,8,0.0,1,8,0.0,1,8,0.0,1,8,-0.0,1,8,-9900,?,9,-9900,?,9,20.84,E,8,17.78,E,8,81.0,E,8,872.5394,E,8,999.0,E,8,0.41,E,8,-9900,?,9,-9900,?,9,0.0,E,8,-9900,?,9,-9900,?,9,0.0,0.0,E,8
01/18/2024,22:00,0.0,1412.393,0.0,1,8,0.0,1,8,0.0,1,8,0.0,1,8,0.0,1,8,0.0,1,8,-0.0,1,8,-9900,?,9,-9900,?,9,20.12,E,8,17.47,E,8,83.0,E,8,872.5394,E,8,999.0,E,8,0.41,E,8,-9900,?,9,-9900,?,9,0.0,E,8,-9900,?,9,-9900,?,9,0.0,0.0,E,8
01/18/2024,23:00,0.0,1412.393,0.0,1,8,0.0,1,8,0.0,1,8,0.0,1,8,0.0,1,8,0.0,1,8,-0.0,1,8,-9900,?,9,-9900,?,9,19.4,E,8,17.15,E,8,89.0,E,8,872.5394,E,8,999.0,E,8,0.41,E,8,-9900,?,9,-9900,?,9,0.003,E,8,-9900,?,9,-9900,?,9,0.03,99.0,E,8
01/18/2024,24:00,0.0,1412.393,0.0,1,8,0.0,1,8,0.0,1,8,0.0,1,8,0.0,1,8,0.0,1,8,-0.0,1,8,-9900,?,9,-9900,?,9,18.68,E,8,17.49,E,8,92.0,E,8,872.5394,E,8,999.0,E,8,0.62,E,8,-9900,?,9,-9900,?,9,0.004,E,8,-9900,?,9,-9900,?,9,0.04,99.0,E,8
01/19/2024,01:00,0.0,1412.393,0.0,1,8,0.0,1,8,0.0,1,8,0.0,1,8,0.0,1,8,0.0,1,8,-0.0,1,8,-9900,?,9,-9900,?,9,18.31,E,8,17.19,E,8,92.0,E,8,872.5394,E,8,999.0,E,8,0.62,E,8,-9900,?,9,-9900,?,9,0.011,E,8,-9900,?,9,-9900,?,9,0.11,99.0,E,8
01/19/2024,02:00,0.0,1412.393,0.0,1,8,0.0,1,8,0.0,1,8,0.0,1,8,0.0,1,8,0.0,1,8,-0.0,1,8,-9900,?,9,-9900,?,9,17.95,E,8,16.89,E,8,94.0,E,8,872.5394,E,8,999.0,E,8,0.62,E,8,-9900,?,9,-9900,?,9,0.28300000000000003,E,8,-9900,?,9,-9900,?,9,2.83,99.0,E,8
01/19/2024,03:00,0.0,1412.393,0.0,1,8,0.0,1,8,0.0,1,8,0.0,1,8,0.0,1,8,0.0,1,8,-0.0,1,8,-9900,?,9,-9900,?,9,17.59,E,8,16.59,E,8,90.0,E,8,872.5394,E,8,999.0,E,8,0.62,E,8,-9900,?,9,-9900,?,9,0.0,E,8,-9900,?,9,-9900,?,9,0.0,0.0,E,8
01/19/2024,04:00,0.0,1412.167,0.0,1,8,0.0,1,8,0.0,1,8,0.0,1,8,0.0,1,8,0.0,1,8,-0.0,1,8,-9900,?,9,-9900,?,9,17.23,E,8,16.28,E,8,90.0,E,8,872.5394,E,8,999.0,E,8,0.62,E,8,-9900,?,9,-9900,?,9,0.0,E,8,-9900,?,9,-9900,?,9,0.0,0.0,E,8
01/19/2024,05:00,0.0,1412.167,0.0,1,8,0.0,1,8,0.0,1,8,0.0,1,8,0.0,1,8,0.0,1,8,-0.0,1,8,-9900,?,9,-9900,?,9,16.91,E,8,16.0,E,8,90.0,E,8,872.5394,E,8,999.0,E,8,0.83,E,8,-9900,?,9,-9900,?,9,0.0,E,8,-9900,?,9,-9900,?,9,0.0,0.0,E,8
01/19/2024,06:00,30.648,1412.167,0.0,1,8,0.0,1,8,0.0,1,8,0.0,1,8,0.0,1,8,0.0,1,8,0.0,1,8,-9900,?,9,-9900,?,9,16.67,E,8,15.79,E,8,90.0,E,8,872.5394,E,8,999.0,E,8,0.62,E,8,-9900,?,9,-9900,?,9,0.0,E,8,-9900,?,9,-9900,?,9,0.0,0.0,E,8
01/19/2024,07:00,345.051,1412.167,20.17,1,8,0.0,1,8,20.17,1,8,2420.4,1,8,0.0,1,8,2218.7,1,8,26.395,1,8,-9900,?,9,-9900,?,9,16.43,E,8,15.58,E,8,90.0,E,8,872.5394,E,8,999.0,E,8,0.72,E,8,-9900,?,9,-9900,?,9,0.0,E,8,-9900,?,9,-9900,?,9,0.0,0.0,E,8
01/19/2024,08:00,655.015,1412.167,106.43,1,8,0.0,1,8,106.43,1,8,12771.6,1,8,0.0,1,8,11707.3,1,8,73.116,1,8,-9900,?,9,-9900,?,9,17.87,E,8,16.82,E,8,90.0,E,8,872.5394,E,8,999.0,E,8,0.62,E,8,-9900,?,9,-9900,?,9,0.0,E,8,-9900,?,9,-9900,?,9,0.0,0.0,E,8
01/19/2024,09:00,933.055,1412.167,197.31,1,8,4.26,1,8,194.497,1,8,23677.2,1,8,404.68,1,8,21394.616,1,8,93.736,1,8,-9900,?,9,-9900,?,9,18.89,E,8,17.66,E,8,91.0,E,8,872.5394,E,8,999.0,E,8,0.62,E,8,-9900,?,9,-9900,?,9,0.001,E,8,-9900,?,9,-9900,?,9,0.01,99.0,E,8
01/19/2024,10:00,1159.843,1412.167,277.16,1,8,4.943,1,8,273.101,1,8,33259.2,1,8,469.561,1,8,30041.109,1,8,105.858,1,8,-9900,?,9,-9900,?,9,19.85,E,8,18.4,E,8,89.0,E,8,872.5394,E,8,999.0,E,8,0.62,E,8,-9900,?,9,-9900,?,9,0.0,E,8,-9900,?,9,-9900,?,9,0.0,0.0,E,8
01/19/2024,11:00,1319.828,1412.167,338.84,1,8,21.746,1,8,318.517,1,8,40660.8,1,8,2065.869,1,8,35036.848,1,8,108.485,1,8,-9900,?,9,-9900,?,9,20.71,E,8,19.04,E,8,88.0,E,8,872.5394,E,8,999.0,E,8,0.63,E,8,-9900,?,9,-9900,?,9,0.0,E,8,-9900,?,9,-9900,?,9,0.0,0.0,E,8
01/19/2024,12:00,1402.068,1412.167,377.6,1,8,23.698,1,8,354.071,1,8,45312.0,1,8,2251.327,1,8,38947.853,1,8,113.517,1,8,-9900,?,9,-9900,?,9,21.43,E,8,19.56,E,8,88.0,E,8,872.5394,E,8,999.0,E,8,0.62,E,8,-9900,?,9,-9900,?,9,0.0,E,8,-9900,?,9,-9900,?,9,0.0,0.0,E,8
01/19/2024,13:00,1400.934,1412.167,390.59,1,8,24.756,1,8,366.031,1,8,46870.8,1,8,2351.814,1,8,40263.42,1,8,117.446,1,8,-9900,?,9,-9900,?,9,21.99,E,8,19.96,E,8,87.0,E,8,872.5394,E,8,999.0,E,8,0.62,E,8,-9900,?,9,-9900,?,9,0.0,E,8,-9900,?,9,-9900,?,9,0.0,0.0,E,8
01/19/2024,14:00,1316.49,1412.167,376.88,1,8,25.493,1,8,353.116,1,8,45225.6,1,8,2421.797,1,8,38842.719,1,8,120.574,1,8,-9900,?,9,-9900,?,9,22.36,E,8,20.21,E,8,87.0,E,8,872.5394,E,8,999.0,E,8,0.62,E,8,-9900,?,9,-9900,?,9,0.0,E,8,-9900,?,9,-9900,?,9,0.0,0.0,E,8
01/19/2024,15:00,1154.485,1412.167,337.45,1,8,26.396,1,8,315.874,1,8,40494.0,1,8,2507.622,1,8,34746.104,1,8,123.006,1,8,-9900,?,9,-9900,?,9,22.56,E,8,20.35,E,8,87.0,E,8,872.5394,E,8,999.0,E,8,0.62,E,8,-9900,?,9,-9900,?,9,0.0,E,8,-9900,?,9,-9900,?,9,0.0,0.0,E,8
01/19/2024,16:00,925.976,1412.167,275.19,1,8,14.041,1,8,265.986,1,8,33022.8,1,8,1333.934,1,8,29258.509,1,8,129.171,1,8,-9900,?,9,-9900,?,9,22.57,E,8,20.36,E,8,87.0,E,8,872.5394,E,8,999.0,E,8,0.64,E,8,-9900,?,9,-9900,?,9,0.0,E,8,-9900,?,9,-9900,?,9,0.0,0.0,E,8
01/19/2024,17:00,646.609,1412.167,194.88,1,8,31.019,1,8,180.693,1,8,23385.6,1,8,2946.772,1,8,19876.195,1,8,125.751,1,8,-9900,?,9,-9900,?,9,22.31,E,8,20.18,E,8,87.0,E,8,872.5394,E,8,999.0,E,8,1.13,E,8,-9900,?,9,-9900,?,9,0.0,E,8,-9900,?,9,-9900,?,9,0.0,0.0,E,8
01/19/2024,18:00,335.807,1412.167,103.78,1,8,47.392,1,8,92.564,1,8,12453.6,1,8,4502.224,1,8,10182.047,1,8,124.497,1,8,-9900,?,9,-9900,?,9,21.8,E,8,19.83,E,8,90.0,E,8,872.5394,E,8,999.0,E,8,1.37,E,8,-9900,?,9,-9900,?,9,0.002,E,8,-9900,?,9,-9900,?,9,0.02,99.0,E,8
01/19/2024,19:00,22.073,1412.167,18.18,1,8,0.0,1,8,18.18,1,8,2181.6,1,8,0.0,1,8,1999.8,1,8,693.941,1,8,-9900,?,9,-9900,?,9,21.11,E,8,19.34,E,8,88.0,E,8,872.5394,E,8,999.0,E,8,0.78,E,8,-9900,?,9,-9900,?,9,0.0,E,8,-9900,?,9,-9900,?,9,0.0,0.0,E,8
01/19/2024,20:00,0.0,1412.167,0.0,1,8,0.0,1,8,0.0,1,8,0.0,1,8,0.0,1,8,0.0,1,8,-0.0,1,8,-9900,?,9,-9900,?,9,20.47,E,8,18.87,E,8,88.0,E,8,872.5394,E,8,999.0,E,8,1.22,E,8,-9900,?,9,-9900,?,9,0.0,E,8,-9900,?,9,-9900,?,9,0.0,0.0,E,8
01/19/2024,21:00,0.0,1412.167,0.0,1,8,0.0,1,8,0.0,1,8,0.0,1,8,0.0,1,8,0.0,1,8,-0.0,1,8,-9900,?,9,-9900,?,9,19.83,E,8,18.39,E,8,89.0,E,8,872.5394,E,8,999.0,E,8,0.62,E,8,-9900,?,9,-9900,?,9,0.0,E,8,-9900,?,9,-9900,?,9,0.0,0.0,E,8
01/19/2024,22:00,0.0,1412.167,0.0,1,8,0.0,1,8,0.0,1,8,0.0,1,8,0.0,1,8,0.0,1,8,-0.0,1,8,-9900,?,9,-9900,?,9,19.19,E,8,17.89,E,8,89.0,E,8,872.5394,E,8,999.0,E,8,0.62,E,8,-9900,?,9,-9900,?,9,0.0,E,8,-9900,?,9,-9900,?,9,0.0,0.0,E,8
01/19/2024,23:00,0.0,1412.167,0.0,1,8,0.0,1,8,0.0,1,8,0.0,1,8,0.0,1,8,0.0,1,8,-0.0,1,8,-9900,?,9,-9900,?,9,18.55,E,8,17.38,E,8,89.0,E,8,872.5394,E,8,999.0,E,8,0.94,E,8,-9900,?,9,-9900,?,9,0.0,E,8,-9900,?,9,-9900,?,9,0.0,0.0,E,8
01/19/2024,24:00,0.0,1412.167,0.0,1,8,0.0,1,8,0.0,1,8,0.0,1,8,0.0,1,8,0.0,1,8,-0.0,1,8,-9900,?,9,-9900,?,9,17.91,E,8,14.89,E,8,82.0,E,8,872.5394,E,8,999.0,E,8,0.26,E,8,-9900,?,9,-9900,?,9,0.0,E,8,-9900,?,9,-9900,?,9,0.0,0.0,E,8
01/20/2024,01:00,0.0,1412.167,0.0,1,8,0.0,1,8,0.0,1,8,0.0,1,8,0.0,1,8,0.0,1,8,-0.0,1,8,-9900,?,9,-9900,?,9,17.59,E,8,14.69,E,8,83.0,E,8,872.5394,E,8,999.0,E,8,0.26,E,8,-9900,?,9,-9900,?,9,0.0,E,8,-9900,?,9,-9900,?,9,0.0,0.0,E,8
01/20/2024,02:00,0.0,1412.167,0.0,1,8,0.0,1,8,0.0,1,8,0.0,1,8,0.0,1,8,0.0,1,8,-0.0,1,8,-9900,?,9,-9900,?,9,17.27,E,8,14.48,E,8,83.0,E,8,872.5394,E,8,999.0,E,8,0.26,E,8,-9900,?,9,-9900,?,9,0.0,E,8,-9900,?,9,-9900,?,9,0.0,0.0,E,8
01/20/2024,03:00,0.0,1412.167,0.0,1,8,0.0,1,8,0.0,1,8,0.0,1,8,0.0,1,8,0.0,1,8,-0.0,1,8,-9900,?,9,-9900,?,9,16.95,E,8,14.28,E,8,84.0,E,8,872.5394,E,8,999.0,E,8,0.26,E,8,-9900,?,9,-9900,?,9,0.0,E,8,-9900,?,9,-9900,?,9,0.0,0.0,E,8
01/20/2024,04:00,0.0,1411.927,0.0,1,8,0.0,1,8,0.0,1,8,0.0,1,8,0.0,1,8,0.0,1,8,-0.0,1,8,-9900,?,9,-9900,?,9,16.63,E,8,14.07,E,8,84.0,E,8,872.5394,E,8,999.0,E,8,0.26,E,8,-9900,?,9,-9900,?,9,0.0,E,8,-9900,?,9,-9900,?,9,0.0,0.0,E,8
01/20/2024,05:00,0.0,1411.927,0.0,1,8,0.0,1,8,0.0,1,8,0.0,1,8,0.0,1,8,0.0,1,8,-0.0,1,8,-9900,?,9,-9900,?,9,16.35,E,8,13.88,E,8,85.0,E,8,872.5394,E,8,999.0,E,8,0.26,E,8,-9900,?,9,-9900,?,9,0.0,E,8,-9900,?,9,-9900,?,9,0.0,0.0,E,8
01/20/2024,06:00,27.426,1411.927,0.0,1,8,0.0,1,8,0.0,1,8,0.0,1,8,0.0,1,8,0.0,1,8,0.0,1,8,-9900,?,9,-9900,?,9,16.14,E,8,13.74,E,8,85.0,E,8,872.5394,E,8,999.0,E,8,0.26,E,8,-9900,?,9,-9900,?,9,0.0,E,8,-9900,?,9,-9900,?,9,0.0,0.0,E,8
01/20/2024,07:00,341.848,1411.927,44.66,1,8,0.0,1,8,44.66,1,8,5359.2,1,8,0.0,1,8,4912.6,1,8,58.985,1,8,-9900,?,9,-9900,?,9,15.93,E,8,13.6,E,8,86.0,E,8,872.5394,E,8,999.0,E,8,0.26,E,8,-9900,?,9,-9900,?,9,0.0,E,8,-9900,?,9,-9900,?,9,0.0,0.0,E,8
01/20/2024,08:00,652.283,1411.927,175.97,1,8,9.761,1,8,171.466,1,8,21116.4,1,8,927.248,1,8,18861.225,1,8,118.269,1,8,-9900,?,9,-9900,?,9,17.56,E,8,14.67,E,8,83.0,E,8,872.5394,E,8,999.0,E,8,0.26,E,8,-9900,?,9,-9900,?,9,0.0,E,8,-9900,?,9,-9900,?,9,0.0,0.0,E,8
01/20/2024,09:00,930.87,1411.927,328.51,1,8,27.755,1,8,310.218,1,8,39421.2,1,8,2636.764,1,8,34123.992,1,8,149.833,1,8,-9900,?,9,-9900,?,9,18.64,E,8,15.34,E,8,81.0,E,8,872.5394,E,8,999.0,E,8,0.49,E,8,-9900,?,9,-9900,?,9,0.0,E,8,-9900,?,9,-9900,?,9,0.0,0.0,E,8
01/20/2024,10:00,1158.233,1411.927,507.63,1,8,116.495,1,8,412.08,1,8,60915.6,1,8,11067.047,1,8,45328.82,1,8,159.923,1,8,-9900,?,9,-9900,?,9,19.84,E,8,16.06,E,8,78.0,E,8,872.5394,E,8,999.0,E,8,0.42,E,8,-9900,?,9,-9900,?,9,0.0,E,8,-9900,?,9,-9900,?,9,0.0,0.0,E,8
01/20/2024,11:00,1318.782,1411.927,449.78,1,8,10.991,1,8,439.514,1,8,53973.6,1,8,1044.161,1,8,48346.58,1,8,149.789,1,8,-9900,?,9,-9900,?,9,20.39,E,8,16.38,E,8,77.0,E,8,872.5394,E,8,999.0,E,8,0.72,E,8,-9900,?,9,-9900,?,9,0.0,E,8,-9900,?,9,-9900,?,9,0.0,0.0,E,8
01/20/2024,12:00,1401.534,1411.927,787.58,1,8,351.355,1,8,438.812,1,8,94509.6,1,8,33378.759,1,8,48269.364,1,8,140.715,1,8,-9900,?,9,-9900,?,9,21.59,E,8,17.06,E,8,75.0,E,8,872.5394,E,8,999.0,E,8,1.2,E,8,-9900,?,9,-9900,?,9,0.0,E,8,-9900,?,9,-9900,?,9,0.0,0.0,E,8
01/20/2024,13:00,1400.826,1411.927,938.27,1,8,451.488,1,8,490.333,1,8,112592.4,1,8,42891.387,1,8,53936.682,1,8,157.316,1,8,-9900,?,9,-9900,?,9,22.77,E,8,17.7,E,8,73.0,E,8,872.5394,E,8,999.0,E,8,2.02,E,8,-9900,?,9,-9900,?,9,0.0,E,8,-9900,?,9,-9900,?,9,0.0,0.0,E,8
01/20/2024,14:00,1316.691,1411.927,990.48,1,8,716.68,1,8,322.17,1,8,118857.6,1,8,68084.582,1,8,35438.706,1,8,109.972,1,8,-9900,?,9,-9900,?,9,23.75,E,8,18.21,E,8,71.0,E,8,872.5394,E,8,999.0,E,8,2.57,E,8,-9900,?,9,-9900,?,9,0.0,E,8,-9900,?,9,-9900,?,9,0.0,0.0,E,8
01/20/2024,15:00,1154.859,1411.927,853.53,1,8,817.423,1,8,185.031,1,8,102423.6,1,8,77655.23,1,8,20353.37,1,8,72.018,1,8,-9900,?,9,-9900,?,9,24.29,E,8,18.49,E,8,70.0,E,8,872.5394,E,8,999.0,E,8,2.79,E,8,-9900,?,9,-9900,?,9,0.0,E,8,-9900,?,9,-9900,?,9,0.0,0.0,E,8
01/20/2024,16:00,926.374,1411.927,687.76,1,8,834.737,1,8,140.297,1,8,82531.2,1,8,79300.003,1,8,15432.631,1,8,68.091,1,8,-9900,?,9,-9900,?,9,24.47,E,8,18.58,E,8,69.0,E,8,872.5394,E,8,999.0,E,8,2.06,E,8,-9900,?,9,-9900,?,9,0.0,E,8,-9900,?,9,-9900,?,9,0.0,0.0,E,8
01/20/2024,17:00,646.88,1411.927,559.97,1,8,812.002,1,8,188.357,1,8,67196.4,1,8,77140.164,1,8,20719.275,1,8,131.008,1,8,-9900,?,9,-9900,?,9,24.43,E,8,18.56,E,8,69.0,E,8,872.5394,E,8,999.0,E,8,1.21,E,8,-9900,?,9,-9900,?,9,0.0,E,8,-9900,?,9,-9900,?,9,0.0,0.0,E,8
01/20/2024,18:00,335.809,1411.927,241.06,1,8,475.153,1,8,128.588,1,8,28927.2,1,8,45139.578,1,8,14144.722,1,8,172.919,1,8,-9900,?,9,-9900,?,9,23.73,E,8,18.2,E,8,71.0,E,8,872.5394,E,8,999.0,E,8,0.46,E,8,-9900,?,9,-9900,?,9,0.0,E,8,-9900,?,9,-9900,?,9,0.0,0.0,E,8
01/20/2024,19:00,21.728,1411.927,38.19,1,8,0.0,1,8,38.19,1,8,4582.8,1,8,0.0,1,8,4200.9,1,8,1507.466,1,8,-9900,?,9,-9900,?,9,22.75,E,8,17.69,E,8,73.0,E,8,872.5394,E,8,999.0,E,8,0.26,E,8,-9900,?,9,-9900,?,9,0.0,E,8,-9900,?,9,-9900,?,9,0.0,0.0,E,8
01/20/2024,20:00,0.0,1411.927,0.0,1,8,0.0,1,8,0.0,1,8,0.0,1,8,0.0,1,8,0.0,1,8,-0.0,1,8,-9900,?,9,-9900,?,9,21.88,E,8,17.22,E,8,74.0,E,8,872.5394,E,8,999.0,E,8,0.26,E,8,-9900,?,9,-9900,?,9,0.0,E,8,-9900,?,9,-9900,?,9,0.0,0.0,E,8
01/20/2024,21:00,0.0,1411.927,0.0,1,8,0.0,1,8,0.0,1,8,0.0,1,8,0.0,1,8,0.0,1,8,-0.0,1,8,-9900,?,9,-9900,?,9,21.01,E,8,16.73,E,8,76.0,E,8,872.5394,E,8,999.0,E,8,0.26,E,8,-9900,?,9,-9900,?,9,0.0,E,8,-9900,?,9,-9900,?,9,0.0,0.0,E,8
01/20/2024,22:00,0.0,1411.927,0.0,1,8,0.0,1,8,0.0,1,8,0.0,1,8,0.0,1,8,0.0,1,8,-0.0,1,8,-9900,?,9,-9900,?,9,20.15,E,8,16.24,E,8,78.0,E,8,872.5394,E,8,999.0,E,8,0.26,E,8,-9900,?,9,-9900,?,9,0.0,E,8,-9900,?,9,-9900,?,9,0.0,0.0,E,8
01/20/2024,23:00,0.0,1411.927,0.0,1,8,0.0,1,8,0.0,1,8,0.0,1,8,0.0,1,8,0.0,1,8,-0.0,1,8,-9900,?,9,-9900,?,9,19.28,E,8,15.73,E,8,79.0,E,8,872.5394,E,8,999.0,E,8,0.26,E,8,-9900,?,9,-9900,?,9,0.0,E,8,-9900,?,9,-9900,?,9,0.0,0.0,E,8
01/20/2024,24:00,0.0,1411.927,0.0,1,8,0.0,1,8,0.0,1,8,0.0,1,8,0.0,1,8,0.0,1,8,-0.0,1,8,-9900,?,9,-9900,?,9,18.41,E,8,16.43,E,8,88.0,E,8,872.5394,E,8,999.0,E,8,0.42,E,8,-9900,?,9,-9900,?,9,0.0,E,8,-9900,?,9,-9900,?,9,0.0,0.0,E,8
01/21/2024,01:00,0.0,1411.927,0.0,1,8,0.0,1,8,0.0,1,8,0.0,1,8,0.0,1,8,0.0,1,8,-0.0,1,8,-9900,?,9,-9900,?,9,17.98,E,8,16.2,E,8,89.0,E,8,872.5394,E,8,999.0,E,8,0.42,E,8,-9900,?,9,-9900,?,9,0.0,E,8,-9900,?,9,-9900,?,9,0.0,0.0,E,8
01/21/2024,02:00,0.0,1411.927,0.0,1,8,0.0,1,8,0.0,1,8,0.0,1,8,0.0,1,8,0.0,1,8,-0.0,1,8,-9900,?,9,-9900,?,9,17.54,E,8,15.96,E,8,90.0,E,8,872.5394,E,8,999.0,E,8,0.42,E,8,-9900,?,9,-9900,?,9,0.0,E,8,-9900,?,9,-9900,?,9,0.0,0.0,E,8
01/21/2024,03:00,0.0,1411.927,0.0,1,8,0.0,1,8,0.0,1,8,0.0,1,8,0.0,1,8,0.0,1,8,-0.0,1,8,-9900,?,9,-9900,?,9,17.11,E,8,15.73,E,8,91.0,E,8,872.5394,E,8,999.0,E,8,0.42,E,8,-9900,?,9,-9900,?,9,0.0,E,8,-9900,?,9,-9900,?,9,0.0,0.0,E,8
01/21/2024,04:00,0.0,1411.672,0.0,1,8,0.0,1,8,0.0,1,8,0.0,1,8,0.0,1,8,0.0,1,8,-0.0,1,8,-9900,?,9,-9900,?,9,16.68,E,8,15.49,E,8,92.0,E,8,872.5394,E,8,999.0,E,8,0.42,E,8,-9900,?,9,-9900,?,9,0.0,E,8,-9900,?,9,-9900,?,9,0.0,0.0,E,8
01/21/2024,05:00,0.0,1411.672,0.0,1,8,0.0,1,8,0.0,1,8,0.0,1,8,0.0,1,8,0.0,1,8,-0.0,1,8,-9900,?,9,-9900,?,9,16.29,E,8,15.27,E,8,93.0,E,8,872.5394,E,8,999.0,E,8,0.42,E,8,-9900,?,9,-9900,?,9,0.0,E,8,-9900,?,9,-9900,?,9,0.0,0.0,E,8
01/21/2024,06:00,24.232,1411.672,0.0,1,8,0.0,1,8,0.0,1,8,0.0,1,8,0.0,1,8,0.0,1,8,0.0,1,8,-9900,?,9,-9900,?,9,16.01,E,8,15.1,E,8,94.0,E,8,872.5394,E,8,999.0,E,8,0.42,E,8,-9900,?,9,-9900,?,9,0.0,E,8,-9900,?,9,-9900,?,9,0.0,0.0,E,8
01/21/2024,07:00,338.655,1411.672,27.21,1,8,0.0,1,8,27.21,1,8,3265.2,1,8,0.0,1,8,2993.1,1,8,36.274,1,8,-9900,?,9,-9900,?,9,15.72,E,8,14.94,E,8,95.0,E,8,872.5394,E,8,999.0,E,8,0.42,E,8,-9900,?,9,-9900,?,9,0.0,E,8,-9900,?,9,-9900,?,9,0.0,0.0,E,8
01/21/2024,08:00,649.562,1411.672,151.97,1,8,2.414,1,8,150.86,1,8,18236.4,1,8,229.335,1,8,16594.645,1,8,104.475,1,8,-9900,?,9,-9900,?,9,17.74,E,8,16.07,E,8,89.0,E,8,872.5394,E,8,999.0,E,8,0.42,E,8,-9900,?,9,-9900,?,9,0.0,E,8,-9900,?,9,-9900,?,9,0.0,0.0,E,8
01/21/2024,09:00,928.69,1411.672,284.28,1,8,24.212,1,8,268.358,1,8,34113.6,1,8,2300.186,1,8,29519.332,1,8,129.895,1,8,-9900,?,9,-9900,?,9,19.2,E,8,16.85,E,8,86.0,E,8,872.5394,E,8,999.0,E,8,0.42,E,8,-9900,?,9,-9900,?,9,0.0,E,8,-9900,?,9,-9900,?,9,0.0,0.0,E,8
01/21/2024,10:00,1156.62,1411.672,400.71,1,8,32.535,1,8,374.057,1,8,48085.2,1,8,3090.805,1,8,41146.295,1,8,145.343,1,8,-9900,?,9,-9900,?,9,20.58,E,8,17.55,E,8,82.0,E,8,872.5394,E,8,999.0,E,8,0.42,E,8,-9900,?,9,-9900,?,9,0.0,E,8,-9900,?,9,-9900,?,9,0.0,0.0,E,8
01/21/2024,11:00,1317.719,1411.672,490.78,1,8,52.811,1,8,441.486,1,8,58893.6,1,8,5017.019,1,8,48563.479,1,8,150.556,1,8,-9900,?,9,-9900,?,9,21.82,E,8,18.16,E,8,79.0,E,8,872.5394,E,8,999.0,E,8,0.92,E,8,-9900,?,9,-9900,?,9,0.0,E,8,-9900,?,9,-9900,?,9,0.0,0.0,E,8
01/21/2024,12:00,1400.969,1411.672,547.54,1,8,48.973,1,8,498.939,1,8,65704.8,1,8,4652.403,1,8,54883.274,1,8,160.031,1,8,-9900,?,9,-9900,?,9,22.85,E,8,18.65,E,8,77.0,E,8,872.5394,E,8,999.0,E,8,1.31,E,8,-9900,?,9,-9900,?,9,0.0,E,8,-9900,?,9,-9900,?,9,0.0,0.0,E,8
01/21/2024,13:00,1400.67,1411.672,339.59,1,8,16.44,1,8,323.279,1,8,40750.8,1,8,1561.761,1,8,35560.647,1,8,103.712,1,8,-9900,?,9,-9900,?,9,22.92,E,8,18.68,E,8,77.0,E,8,872.5394,E,8,999.0,E,8,1.87,E,8,-9900,?,9,-9900,?,9,0.0,E,8,-9900,?,9,-9900,?,9,0.0,0.0,E,8
01/21/2024,14:00,1316.828,1411.672,426.96,1,8,28.069,1,8,400.778,1,8,51235.2,1,8,2666.6,1,8,44085.528,1,8,136.766,1,8,-9900,?,9,-9900,?,9,23.22,E,8,18.82,E,8,76.0,E,8,872.5394,E,8,999.0,E,8,2.35,E,8,-9900,?,9,-9900,?,9,0.0,E,8,-9900,?,9,-9900,?,9,0.0,0.0,E,8
01/21/2024,15:00,1155.152,1411.672,466.01,1,8,81.165,1,8,399.603,1,8,55921.2,1,8,7710.675,1,8,43956.375,1,8,155.467,1,8,-9900,?,9,-9900,?,9,23.55,E,8,18.97,E,8,75.0,E,8,872.5394,E,8,999.0,E,8,2.16,E,8,-9900,?,9,-9900,?,9,0.0,E,8,-9900,?,9,-9900,?,9,0.0,0.0,E,8
01/21/2024,16:00,926.675,1411.672,287.27,1,8,37.035,1,8,262.968,1,8,34472.4,1,8,3518.328,1,8,28926.505,1,8,127.564,1,8,-9900,?,9,-9900,?,9,23.42,E,8,18.91,E,8,75.0,E,8,872.5394,E,8,999.0,E,8,1.32,E,8,-9900,?,9,-9900,?,9,0.0,E,8,-9900,?,9,-9900,?,9,0.0,0.0,E,8
01/21/2024,17:00,647.041,1411.672,644.44,1,8,540.25,1,8,397.088,1,8,77332.8,1,8,51323.746,1,8,43679.647,1,8,276.068,1,8,-9900,?,9,-9900,?,9,24.04,E,8,19.19,E,8,74.0,E,8,872.5394,E,8,999.0,E,8,0.43,E,8,-9900,?,9,-9900,?,9,0.0,E,8,-9900,?,9,-9900,?,9,0.0,0.0,E,8
01/21/2024,18:00,335.693,1411.672,283.71,1,8,710.84,1,8,115.478,1,8,34045.2,1,8,67529.846,1,8,12702.552,1,8,155.314,1,8,-9900,?,9,-9900,?,9,23.76,E,8,19.07,E,8,75.0,E,8,872.5394,E,8,999.0,E,8,0.42,E,8,-9900,?,9,-9900,?,9,0.0,E,8,-9900,?,9,-9900,?,9,0.0,0.0,E,8
01/21/2024,19:00,21.276,1411.672,83.13,1,8,0.0,1,8,83.13,1,8,9975.6,1,8,0.0,1,8,9144.3,1,8,3435.501,1,8,-9900,?,9,-9900,?,9,22.94,E,8,18.69,E,8,76.0,E,8,872.5394,E,8,999.0,E,8,0.42,E,8,-9900,?,9,-9900,?,9,0.0,E,8,-9900,?,9,-9900,?,9,0.0,0.0,E,8
01/21/2024,20:00,0.0,1411.672,0.0,1,8,0.0,1,8,0.0,1,8,0.0,1,8,0.0,1,8,0.0,1,8,-0.0,1,8,-9900,?,9,-9900,?,9,22.09,E,8,18.29,E,8,79.0,E,8,872.5394,E,8,999.0,E,8,0.42,E,8,-9900,?,9,-9900,?,9,0.0,E,8,-9900,?,9,-9900,?,9,0.0,0.0,E,8
01/21/2024,21:00,0.0,1411.672,0.0,1,8,0.0,1,8,0.0,1,8,0.0,1,8,0.0,1,8,0.0,1,8,-0.0,1,8,-9900,?,9,-9900,?,9,21.24,E,8,17.88,E,8,81.0,E,8,872.5394,E,8,999.0,E,8,0.42,E,8,-9900,?,9,-9900,?,9,0.0,E,8,-9900,?,9,-9900,?,9,0.0,0.0,E,8
01/21/2024,22:00,0.0,1411.672,0.0,1,8,0.0,1,8,0.0,1,8,0.0,1,8,0.0,1,8,0.0,1,8,-0.0,1,8,-9900,?,9,-9900,?,9,20.4,E,8,17.46,E,8,83.0,E,8,872.5394,E,8,999.0,E,8,0.42,E,8,-9900,?,9,-9900,?,9,0.0,E,8,-9900,?,9,-9900,?,9,0.0,0.0,E,8
01/21/2024,23:00,0.0,1411.672,0.0,1,8,0.0,1,8,0.0,1,8,0.0,1,8,0.0,1,8,0.0,1,8,-0.0,1,8,-9900,?,9,-9900,?,9,19.55,E,8,17.03,E,8,85.0,E,8,872.5394,E,8,999.0,E,8,0.42,E,8,-9900,?,9,-9900,?,9,0.0,E,8,-9900,?,9,-9900,?,9,0.0,0.0,E,8
01/21/2024,24:00,0.0,1411.672,0.0,1,8,0.0,1,8,0.0,1,8,0.0,1,8,0.0,1,8,0.0,1,8,-0.0,1,8,-9900,?,9,-9900,?,9,18.7,E,8,16.85,E,8,89.0,E,8,872.5394,E,8,999.0,E,8,0.69,E,8,-9900,?,9,-9900,?,9,0.0,E,8,-9900,?,9,-9900,?,9,0.0,0.0,E,8
01/22/2024,01:00,0.0,1411.672,0.0,1,8,0.0,1,8,0.0,1,8,0.0,1,8,0.0,1,8,0.0,1,8,-0.0,1,8,-9900,?,9,-9900,?,9,18.28,E,8,16.72,E,8,90.0,E,8,872.5394,E,8,999.0,E,8,0.69,E,8,-9900,?,9,-9900,?,9,0.0,E,8,-9900,?,9,-9900,?,9,0.0,0.0,E,8
01/22/2024,02:00,0.0,1411.672,0.0,1,8,0.0,1,8,0.0,1,8,0.0,1,8,0.0,1,8,0.0,1,8,-0.0,1,8,-9900,?,9,-9900,?,9,17.85,E,8,16.59,E,8,92.0,E,8,872.5394,E,8,999.0,E,8,0.69,E,8,-9900,?,9,-9900,?,9,0.0,E,8,-9900,?,9,-9900,?,9,0.0,0.0,E,8
01/22/2024,03:00,0.0,1411.672,0.0,1,8,0.0,1,8,0.0,1,8,0.0,1,8,0.0,1,8,0.0,1,8,-0.0,1,8,-9900,?,9,-9900,?,9,17.43,E,8,16.46,E,8,94.0,E,8,872.5394,E,8,999.0,E,8,0.69,E,8,-9900,?,9,-9900,?,9,0.0,E,8,-9900,?,9,-9900,?,9,0.0,0.0,E,8
01/22/2024,04:00,0.0,1411.403,0.0,1,8,0.0,1,8,0.0,1,8,0.0,1,8,0.0,1,8,0.0,1,8,-0.0,1,8,-9900,?,9,-9900,?,9,17.0,E,8,16.33,E,8,95.0,E,8,872.5394,E,8,999.0,E,8,0.69,E,8,-9900,?,9,-9900,?,9,0.0,E,8,-9900,?,9,-9900,?,9,0.0,0.0,E,8
01/22/2024,05:00,0.0,1411.403,0.0,1,8,0.0,1,8,0.0,1,8,0.0,1,8,0.0,1,8,0.0,1,8,-0.0,1,8,-9900,?,9,-9900,?,9,16.63,E,8,16.21,E,8,97.0,E,8,872.5394,E,8,999.0,E,8,0.69,E,8,-9900,?,9,-9900,?,9,0.0,E,8,-9900,?,9,-9900,?,9,0.0,0.0,E,8
01/22/2024,06:00,21.069,1411.403,0.0,1,8,0.0,1,8,0.0,1,8,0.0,1,8,0.0,1,8,0.0,1,8,0.0,1,8,-9900,?,9,-9900,?,9,16.35,E,8,16.13,E,8,98.0,E,8,872.5394,E,8,999.0,E,8,0.69,E,8,-9900,?,9,-9900,?,9,0.0,E,8,-9900,?,9,-9900,?,9,0.0,0.0,E,8
01/22/2024,07:00,335.473,1411.403,25.62,1,8,0.0,1,8,25.62,1,8,3074.4,1,8,0.0,1,8,2818.2,1,8,34.474,1,8,-9900,?,9,-9900,?,9,16.07,E,8,16.04,E,8,99.0,E,8,872.5394,E,8,999.0,E,8,0.69,E,8,-9900,?,9,-9900,?,9,0.0,E,8,-9900,?,9,-9900,?,9,0.0,0.0,E,8
01/22/2024,08:00,646.851,1411.403,147.43,1,8,1.37,1,8,146.803,1,8,17691.6,1,8,130.132,1,8,16148.319,1,8,102.072,1,8,-9900,?,9,-9900,?,9,17.72,E,8,16.55,E,8,92.0,E,8,872.5394,E,8,999.0,E,8,0.69,E,8,-9900,?,9,-9900,?,9,0.0,E,8,-9900,?,9,-9900,?,9,0.0,0.0,E,8
01/22/2024,09:00,926.516,1411.403,277.05,1,8,22.175,1,8,262.499,1,8,33246.0,1,8,2106.626,1,8,28874.872,1,8,127.334,1,8,-9900,?,9,-9900,?,9,18.93,E,8,16.92,E,8,88.0,E,8,872.5394,E,8,999.0,E,8,0.69,E,8,-9900,?,9,-9900,?,9,0.0,E,8,-9900,?,9,-9900,?,9,0.0,0.0,E,8
01/22/2024,10:00,1155.003,1411.403,391.19,1,8,30.114,1,8,366.55,1,8,46942.8,1,8,2860.814,1,8,40320.533,1,8,142.598,1,8,-9900,?,9,-9900,?,9,20.08,E,8,17.26,E,8,83.0,E,8,872.5394,E,8,999.0,E,8,0.69,E,8,-9900,?,9,-9900,?,9,0.0,E,8,-9900,?,9,-9900,?,9,0.0,0.0,E,8
01/22/2024,11:00,1316.641,1411.403,479.55,1,8,48.888,1,8,433.946,1,8,57546.0,1,8,4644.394,1,8,47734.059,1,8,148.077,1,8,-9900,?,9,-9900,?,9,21.11,E,8,17.57,E,8,80.0,E,8,872.5394,E,8,999.0,E,8,0.69,E,8,-9900,?,9,-9900,?,9,0.0,E,8,-9900,?,9,-9900,?,9,0.0,0.0,E,8
01/22/2024,12:00,1400.372,1411.403,535.31,1,8,54.235,1,8,481.499,1,8,64237.2,1,8,5152.347,1,8,52964.877,1,8,154.474,1,8,-9900,?,9,-9900,?,9,21.97,E,8,17.81,E,8,77.0,E,8,872.5394,E,8,999.0,E,8,0.69,E,8,-9900,?,9,-9900,?,9,0.0,E,8,-9900,?,9,-9900,?,9,0.0,0.0,E,8
01/22/2024,13:00,1400.465,1411.403,554.38,1,8,61.543,1,8,493.314,1,8,66525.6,1,8,5846.627,1,8,54264.514,1,8,158.254,1,8,-9900,?,9,-9900,?,9,22.64,E,8,18.0,E,8,75.0,E,8,872.5394,E,8,999.0,E,8,0.77,E,8,-9900,?,9,-9900,?,9,0.0,E,8,-9900,?,9,-9900,?,9,0.0,0.0,E,8
01/22/2024,14:00,1316.898,1411.403,535.39,1,8,81.331,1,8,459.508,1,8,64246.8,1,8,7726.428,1,8,50545.906,1,8,156.769,1,8,-9900,?,9,-9900,?,9,23.09,E,8,18.13,E,8,73.0,E,8,872.5394,E,8,999.0,E,8,0.82,E,8,-9900,?,9,-9900,?,9,0.0,E,8,-9900,?,9,-9900,?,9,0.0,0.0,E,8
01/22/2024,15:00,1155.361,1411.403,479.69,1,8,89.911,1,8,406.1,1,8,57562.8,1,8,8541.532,1,8,44671.049,1,8,157.935,1,8,-9900,?,9,-9900,?,9,23.33,E,8,18.2,E,8,72.0,E,8,872.5394,E,8,999.0,E,8,1.12,E,8,-9900,?,9,-9900,?,9,0.0,E,8,-9900,?,9,-9900,?,9,0.0,0.0,E,8
01/22/2024,16:00,926.877,1411.403,310.91,1,8,32.122,1,8,289.823,1,8,37309.2,1,8,3051.613,1,8,31880.561,1,8,140.534,1,8,-9900,?,9,-9900,?,9,23.1,E,8,18.13,E,8,73.0,E,8,872.5394,E,8,999.0,E,8,1.08,E,8,-9900,?,9,-9900,?,9,0.0,E,8,-9900,?,9,-9900,?,9,0.0,0.0,E,8
01/22/2024,17:00,647.093,1411.403,149.67,1,8,3.378,1,8,148.123,1,8,17960.4,1,8,320.887,1,8,16293.539,1,8,102.952,1,8,-9900,?,9,-9900,?,9,22.44,E,8,17.95,E,8,75.0,E,8,872.5394,E,8,999.0,E,8,0.69,E,8,-9900,?,9,-9900,?,9,0.0,E,8,-9900,?,9,-9900,?,9,0.0,0.0,E,8
01/22/2024,18:00,335.46,1411.403,147.49,1,8,251.765,1,8,87.936,1,8,17698.8,1,8,23917.66,1,8,9672.966,1,8,118.332,1,8,-9900,?,9,-9900,?,9,21.89,E,8,17.79,E,8,77.0,E,8,872.5394,E,8,999.0,E,8,0.69,E,8,-9900,?,9,-9900,?,9,0.0,E,8,-9900,?,9,-9900,?,9,0.0,0.0,E,8
01/22/2024,19:00,20.717,1411.403,25.57,1,8,0.0,1,8,25.57,1,8,3068.4,1,8,0.0,1,8,2812.7,1,8,1122.061,1,8,-9900,?,9,-9900,?,9,21.11,E,8,17.57,E,8,80.0,E,8,872.5394,E,8,999.0,E,8,0.69,E,8,-9900,?,9,-9900,?,9,0.0,E,8,-9900,?,9,-9900,?,9,0.0,0.0,E,8
01/22/2024,20:00,0.0,1411.403,0.0,1,8,0.0,1,8,0.0,1,8,0.0,1,8,0.0,1,8,0.0,1,8,-0.0,1,8,-9900,?,9,-9900,?,9,20.52,E,8,17.39,E,8,82.0,E,8,872.5394,E,8,999.0,E,8,0.69,E,8,-9900,?,9,-9900,?,9,0.0,E,8,-9900,?,9,-9900,?,9,0.0,0.0,E,8
01/22/2024,21:00,0.0,1411.403,0.0,1,8,0.0,1,8,0.0,1,8,0.0,1,8,0.0,1,8,0.0,1,8,-0.0,1,8,-9900,?,9,-9900,?,9,19.93,E,8,17.22,E,8,84.0,E,8,872.5394,E,8,999.0,E,8,0.69,E,8,-9900,?,9,-9900,?,9,0.0,E,8,-9900,?,9,-9900,?,9,0.0,0.0,E,8
01/22/2024,22:00,0.0,1411.403,0.0,1,8,0.0,1,8,0.0,1,8,0.0,1,8,0.0,1,8,0.0,1,8,-0.0,1,8,-9900,?,9,-9900,?,9,19.34,E,8,17.04,E,8,86.0,E,8,872.5394,E,8,999.0,E,8,0.69,E,8,-9900,?,9,-9900,?,9,0.0,E,8,-9900,?,9,-9900,?,9,0.0,0.0,E,8
01/22/2024,23:00,0.0,1411.403,0.0,1,8,0.0,1,8,0.0,1,8,0.0,1,8,0.0,1,8,0.0,1,8,-0.0,1,8,-9900,?,9,-9900,?,9,18.75,E,8,16.87,E,8,88.0,E,8,872.5394,E,8,999.0,E,8,0.69,E,8,-9900,?,9,-9900,?,9,0.0,E,8,-9900,?,9,-9900,?,9,0.0,0.0,E,8
01/22/2024,24:00,0.0,1411.403,0.0,1,8,0.0,1,8,0.0,1,8,0.0,1,8,0.0,1,8,0.0,1,8,-0.0,1,8,-9900,?,9,-9900,?,9,18.17,E,8,16.52,E,8,90.0,E,8,872.5394,E,8,999.0,E,8,0.19,E,8,-9900,?,9,-9900,?,9,0.0,E,8,-9900,?,9,-9900,?,9,0.0,0.0,E,8
01/23/2024,01:00,0.0,1411.403,0.0,1,8,0.0,1,8,0.0,1,8,0.0,1,8,0.0,1,8,0.0,1,8,-0.0,1,8,-9900,?,9,-9900,?,9,17.87,E,8,16.35,E,8,90.0,E,8,872.5394,E,8,999.0,E,8,0.19,E,8,-9900,?,9,-9900,?,9,0.0,E,8,-9900,?,9,-9900,?,9,0.0,0.0,E,8
01/23/2024,02:00,0.0,1411.403,0.0,1,8,0.0,1,8,0.0,1,8,0.0,1,8,0.0,1,8,0.0,1,8,-0.0,1,8,-9900,?,9,-9900,?,9,17.58,E,8,16.19,E,8,91.0,E,8,872.5394,E,8,999.0,E,8,0.19,E,8,-9900,?,9,-9900,?,9,0.0,E,8,-9900,?,9,-9900,?,9,0.0,0.0,E,8
01/23/2024,03:00,0.0,1411.403,0.0,1,8,0.0,1,8,0.0,1,8,0.0,1,8,0.0,1,8,0.0,1,8,-0.0,1,8,-9900,?,9,-9900,?,9,17.28,E,8,16.01,E,8,92.0,E,8,872.5394,E,8,999.0,E,8,0.19,E,8,-9900,?,9,-9900,?,9,0.0,E,8,-9900,?,9,-9900,?,9,0.0,0.0,E,8
01/23/2024,04:00,0.0,1411.119,0.0,1,8,0.0,1,8,0.0,1,8,0.0,1,8,0.0,1,8,0.0,1,8,-0.0,1,8,-9900,?,9,-9900,?,9,16.99,E,8,15.84,E,8,92.0,E,8,872.5394,E,8,999.0,E,8,0.19,E,8,-9900,?,9,-9900,?,9,0.0,E,8,-9900,?,9,-9900,?,9,0.0,0.0,E,8
01/23/2024,05:00,0.0,1411.119,0.0,1,8,0.0,1,8,0.0,1,8,0.0,1,8,0.0,1,8,0.0,1,8,-0.0,1,8,-9900,?,9,-9900,?,9,16.72,E,8,15.68,E,8,93.0,E,8,872.5394,E,8,999.0,E,8,0.19,E,8,-9900,?,9,-9900,?,9,0.0,E,8,-9900,?,9,-9900,?,9,0.0,0.0,E,8
01/23/2024,06:00,17.939,1411.119,0.0,1,8,0.0,1,8,0.0,1,8,0.0,1,8,0.0,1,8,0.0,1,8,0.0,1,8,-9900,?,9,-9900,?,9,16.53,E,8,15.57,E,8,94.0,E,8,872.5394,E,8,999.0,E,8,0.19,E,8,-9900,?,9,-9900,?,9,0.0,E,8,-9900,?,9,-9900,?,9,0.0,0.0,E,8
01/23/2024,07:00,332.304,1411.119,23.5,1,8,0.0,1,8,23.5,1,8,2820.0,1,8,0.0,1,8,2585.0,1,8,31.92,1,8,-9900,?,9,-9900,?,9,16.34,E,8,15.46,E,8,94.0,E,8,872.5394,E,8,999.0,E,8,0.19,E,8,-9900,?,9,-9900,?,9,0.0,E,8,-9900,?,9,-9900,?,9,0.0,0.0,E,8
01/23/2024,08:00,644.153,1411.119,139.39,1,8,0.0,1,8,139.39,1,8,16726.8,1,8,0.0,1,8,15332.9,1,8,97.306,1,8,-9900,?,9,-9900,?,9,17.78,E,8,16.3,E,8,91.0,E,8,872.5394,E,8,999.0,E,8,0.19,E,8,-9900,?,9,-9900,?,9,0.0,E,8,-9900,?,9,-9900,?,9,0.0,0.0,E,8
01/23/2024,09:00,924.349,1411.119,263.13,1,8,18.507,1,8,251.012,1,8,31575.6,1,8,1758.188,1,8,27611.28,1,8,122.023,1,8,-9900,?,9,-9900,?,9,18.85,E,8,16.9,E,8,88.0,E,8,872.5394,E,8,999.0,E,8,0.26,E,8,-9900,?,9,-9900,?,9,0.0,E,8,-9900,?,9,-9900,?,9,0.0,0.0,E,8
01/23/2024,10:00,1153.383,1411.119,372.18,1,8,25.722,1,8,351.159,1,8,44661.6,1,8,2443.563,1,8,38627.527,1,8,136.775,1,8,-9900,?,9,-9900,?,9,19.87,E,8,17.46,E,8,85.0,E,8,872.5394,E,8,999.0,E,8,0.4,E,8,-9900,?,9,-9900,?,9,0.0,E,8,-9900,?,9,-9900,?,9,0.0,0.0,E,8
01/23/2024,11:00,1315.546,1411.119,456.65,1,8,34.239,1,8,424.732,1,8,54798.0,1,8,3252.68,1,8,46720.478,1,8,145.025,1,8,-9900,?,9,-9900,?,9,20.78,E,8,17.94,E,8,83.0,E,8,872.5394,E,8,999.0,E,8,1.13,E,8,-9900,?,9,-9900,?,9,0.0,E,8,-9900,?,9,-9900,?,9,0.0,0.0,E,8
01/23/2024,12:00,1399.743,1411.119,248.5,1,8,13.314,1,8,235.294,1,8,29820.0,1,8,1264.816,1,8,25882.29,1,8,75.505,1,8,-9900,?,9,-9900,?,9,20.77,E,8,17.93,E,8,83.0,E,8,872.5394,E,8,999.0,E,8,1.54,E,8,-9900,?,9,-9900,?,9,0.0,E,8,-9900,?,9,-9900,?,9,0.0,0.0,E,8
01/23/2024,13:00,1400.21,1411.119,297.43,1,8,5.676,1,8,291.798,1,8,35691.6,1,8,539.229,1,8,32097.76,1,8,93.606,1,8,-9900,?,9,-9900,?,9,20.89,E,8,18.0,E,8,83.0,E,8,872.5394,E,8,999.0,E,8,2.86,E,8,-9900,?,9,-9900,?,9,0.0,E,8,-9900,?,9,-9900,?,9,0.0,0.0,E,8
01/23/2024,14:00,1316.9,1411.119,257.07,1,8,13.122,1,8,244.825,1,8,30848.4,1,8,1246.553,1,8,26930.754,1,8,83.509,1,8,-9900,?,9,-9900,?,9,20.89,E,8,18.0,E,8,83.0,E,8,872.5394,E,8,999.0,E,8,1.71,E,8,-9900,?,9,-9900,?,9,0.0,E,8,-9900,?,9,-9900,?,9,0.0,0.0,E,8
01/23/2024,15:00,1155.486,1411.119,374.31,1,8,48.074,1,8,334.951,1,8,44917.2,1,8,4567.022,1,8,36844.575,1,8,130.225,1,8,-9900,?,9,-9900,?,9,21.12,E,8,18.11,E,8,82.0,E,8,872.5394,E,8,999.0,E,8,2.31,E,8,-9900,?,9,-9900,?,9,0.0,E,8,-9900,?,9,-9900,?,9,0.0,0.0,E,8
01/23/2024,16:00,926.981,1411.119,693.93,1,8,740.346,1,8,207.776,1,8,83271.6,1,8,70332.916,1,8,22855.33,1,8,100.718,1,8,-9900,?,9,-9900,?,9,21.87,E,8,18.5,E,8,81.0,E,8,872.5394,E,8,999.0,E,8,2.1,E,8,-9900,?,9,-9900,?,9,0.0,E,8,-9900,?,9,-9900,?,9,0.0,0.0,E,8
01/23/2024,17:00,647.033,1411.119,680.57,1,8,696.368,1,8,361.618,1,8,81668.4,1,8,66154.913,1,8,39778.026,1,8,251.313,1,8,-9900,?,9,-9900,?,9,22.46,E,8,18.79,E,8,79.0,E,8,872.5394,E,8,999.0,E,8,1.34,E,8,-9900,?,9,-9900,?,9,0.0,E,8,-9900,?,9,-9900,?,9,0.0,0.0,E,8
01/23/2024,18:00,335.108,1411.119,249.56,1,8,631.903,1,8,100.214,1,8,29947.2,1,8,60030.769,1,8,11023.539,1,8,134.969,1,8,-9900,?,9,-9900,?,9,22.22,E,8,18.67,E,8,80.0,E,8,872.5394,E,8,999.0,E,8,0.75,E,8,-9900,?,9,-9900,?,9,0.0,E,8,-9900,?,9,-9900,?,9,0.0,0.0,E,8
01/23/2024,19:00,20.052,1411.119,133.09,1,8,0.0,1,8,133.09,1,8,15970.8,1,8,0.0,1,8,14639.9,1,8,6305.398,1,8,-9900,?,9,-9900,?,9,21.74,E,8,18.43,E,8,81.0,E,8,872.5394,E,8,999.0,E,8,0.54,E,8,-9900,?,9,-9900,?,9,0.0,E,8,-9900,?,9,-9900,?,9,0.0,0.0,E,8
01/23/2024,20:00,0.0,1411.119,0.0,1,8,0.0,1,8,0.0,1,8,0.0,1,8,0.0,1,8,0.0,1,8,-0.0,1,8,-9900,?,9,-9900,?,9,21.05,E,8,18.08,E,8,83.0,E,8,872.5394,E,8,999.0,E,8,0.27,E,8,-9900,?,9,-9900,?,9,0.0,E,8,-9900,?,9,-9900,?,9,0.0,0.0,E,8
01/23/2024,21:00,0.0,1411.119,0.0,1,8,0.0,1,8,0.0,1,8,0.0,1,8,0.0,1,8,0.0,1,8,-0.0,1,8,-9900,?,9,-9900,?,9,20.36,E,8,17.72,E,8,84.0,E,8,872.5394,E,8,999.0,E,8,0.19,E,8,-9900,?,9,-9900,?,9,0.0,E,8,-9900,?,9,-9900,?,9,0.0,0.0,E,8
01/23/2024,22:00,0.0,1411.119,0.0,1,8,0.0,1,8,0.0,1,8,0.0,1,8,0.0,1,8,0.0,1,8,-0.0,1,8,-9900,?,9,-9900,?,9,19.67,E,8,17.35,E,8,86.0,E,8,872.5394,E,8,999.0,E,8,0.19,E,8,-9900,?,9,-9900,?,9,0.0,E,8,-9900,?,9,-9900,?,9,0.0,0.0,E,8
01/23/2024,23:00,0.0,1411.119,0.0,1,8,0.0,1,8,0.0,1,8,0.0,1,8,0.0,1,8,0.0,1,8,-0.0,1,8,-9900,?,9,-9900,?,9,18.98,E,8,16.97,E,8,88.0,E,8,872.5394,E,8,999.0,E,8,0.19,E,8,-9900,?,9,-9900,?,9,0.0,E,8,-9900,?,9,-9900,?,9,0.0,0.0,E,8
01/23/2024,24:00,0.0,1411.119,0.0,1,8,0.0,1,8,0.0,1,8,0.0,1,8,0.0,1,8,0.0,1,8,-0.0,1,8,-9900,?,9,-9900,?,9,18.28,E,8,17.17,E,8,93.0,E,8,872.5394,E,8,999.0,E,8,0.71,E,8,-9900,?,9,-9900,?,9,0.0,E,8,-9900,?,9,-9900,?,9,0.0,0.0,E,8
01/24/2024,01:00,0.0,1411.119,0.0,1,8,0.0,1,8,0.0,1,8,0.0,1,8,0.0,1,8,0.0,1,8,-0.0,1,8,-9900,?,9,-9900,?,9,17.94,E,8,17.0,E,8,94.0,E,8,872.5394,E,8,999.0,E,8,0.71,E,8,-9900,?,9,-9900,?,9,0.0,E,8,-9900,?,9,-9900,?,9,0.0,0.0,E,8
01/24/2024,02:00,0.0,1411.119,0.0,1,8,0.0,1,8,0.0,1,8,0.0,1,8,0.0,1,8,0.0,1,8,-0.0,1,8,-9900,?,9,-9900,?,9,17.59,E,8,16.83,E,8,95.0,E,8,872.5394,E,8,999.0,E,8,0.71,E,8,-9900,?,9,-9900,?,9,0.0,E,8,-9900,?,9,-9900,?,9,0.0,0.0,E,8
01/24/2024,03:00,0.0,1411.119,0.0,1,8,0.0,1,8,0.0,1,8,0.0,1,8,0.0,1,8,0.0,1,8,-0.0,1,8,-9900,?,9,-9900,?,9,17.25,E,8,16.66,E,8,96.0,E,8,872.5394,E,8,999.0,E,8,0.71,E,8,-9900,?,9,-9900,?,9,0.0,E,8,-9900,?,9,-9900,?,9,0.0,0.0,E,8
01/24/2024,04:00,0.0,1410.822,0.0,1,8,0.0,1,8,0.0,1,8,0.0,1,8,0.0,1,8,0.0,1,8,-0.0,1,8,-9900,?,9,-9900,?,9,16.9,E,8,16.49,E,8,97.0,E,8,872.5394,E,8,999.0,E,8,0.71,E,8,-9900,?,9,-9900,?,9,0.0,E,8,-9900,?,9,-9900,?,9,0.0,0.0,E,8
01/24/2024,05:00,0.0,1410.822,0.0,1,8,0.0,1,8,0.0,1,8,0.0,1,8,0.0,1,8,0.0,1,8,-0.0,1,8,-9900,?,9,-9900,?,9,16.59,E,8,16.33,E,8,98.0,E,8,872.5394,E,8,999.0,E,8,0.71,E,8,-9900,?,9,-9900,?,9,0.0,E,8,-9900,?,9,-9900,?,9,0.0,0.0,E,8
01/24/2024,06:00,14.844,1410.822,0.0,1,8,0.0,1,8,0.0,1,8,0.0,1,8,0.0,1,8,0.0,1,8,0.0,1,8,-9900,?,9,-9900,?,9,16.36,E,8,16.22,E,8,99.0,E,8,872.5394,E,8,999.0,E,8,0.71,E,8,-9900,?,9,-9900,?,9,0.0,E,8,-9900,?,9,-9900,?,9,0.0,0.0,E,8
01/24/2024,07:00,329.149,1410.822,19.93,1,8,0.0,1,8,19.93,1,8,2391.6,1,8,0.0,1,8,2192.3,1,8,27.327,1,8,-9900,?,9,-9900,?,9,16.14,E,8,16.1,E,8,99.0,E,8,872.5394,E,8,999.0,E,8,0.71,E,8,-9900,?,9,-9900,?,9,0.0,E,8,-9900,?,9,-9900,?,9,0.0,0.0,E,8
01/24/2024,08:00,641.466,1410.822,121.98,1,8,0.0,1,8,121.98,1,8,14637.6,1,8,0.0,1,8,13417.8,1,8,85.492,1,8,-9900,?,9,-9900,?,9,17.64,E,8,16.86,E,8,95.0,E,8,872.5394,E,8,999.0,E,8,0.71,E,8,-9900,?,9,-9900,?,9,0.0,E,8,-9900,?,9,-9900,?,9,0.0,0.0,E,8
01/24/2024,09:00,922.188,1410.822,231.32,1,8,11.995,1,8,223.483,1,8,27758.4,1,8,1139.489,1,8,24583.105,1,8,108.872,1,8,-9900,?,9,-9900,?,9,18.77,E,8,17.4,E,8,91.0,E,8,872.5394,E,8,999.0,E,8,0.71,E,8,-9900,?,9,-9900,?,9,0.0,E,8,-9900,?,9,-9900,?,9,0.0,0.0,E,8
01/24/2024,10:00,1151.759,1410.822,327.74,1,8,18.166,1,8,312.912,1,8,39328.8,1,8,1725.814,1,8,34420.27,1,8,122.024,1,8,-9900,?,9,-9900,?,9,19.85,E,8,17.91,E,8,88.0,E,8,872.5394,E,8,999.0,E,8,0.71,E,8,-9900,?,9,-9900,?,9,0.0,E,8,-9900,?,9,-9900,?,9,0.0,0.0,E,8
01/24/2024,11:00,1314.433,1410.822,402.48,1,8,29.704,1,8,374.807,1,8,48297.6,1,8,2821.879,1,8,41228.733,1,8,128.059,1,8,-9900,?,9,-9900,?,9,20.81,E,8,18.34,E,8,85.0,E,8,872.5394,E,8,999.0,E,8,0.71,E,8,-9900,?,9,-9900,?,9,0.0,E,8,-9900,?,9,-9900,?,9,0.0,0.0,E,8
01/24/2024,12:00,1399.079,1410.822,449.77,1,8,32.234,1,8,417.805,1,8,53972.4,1,8,3062.208,1,8,45958.515,1,8,134.108,1,8,-9900,?,9,-9900,?,9,21.62,E,8,18.71,E,8,83.0,E,8,872.5394,E,8,999.0,E,8,0.71,E,8,-9900,?,9,-9900,?,9,0.0,E,8,-9900,?,9,-9900,?,9,0.0,0.0,E,8
01/24/2024,13:00,1399.904,1410.822,466.13,1,8,35.213,1,8,431.19,1,8,55935.6,1,8,3345.24,1,8,47430.86,1,8,138.323,1,8,-9900,?,9,-9900,?,9,22.25,E,8,18.98,E,8,81.0,E,8,872.5394,E,8,999.0,E,8,0.71,E,8,-9900,?,9,-9900,?,9,0.0,E,8,-9900,?,9,-9900,?,9,0.0,0.0,E,8
01/24/2024,14:00,1316.833,1410.822,450.39,1,8,39.191,1,8,413.812,1,8,54046.8,1,8,3723.117,1,8,45519.295,1,8,141.128,1,8,-9900,?,9,-9900,?,9,22.68,E,8,19.17,E,8,80.0,E,8,872.5394,E,8,999.0,E,8,0.71,E,8,-9900,?,9,-9900,?,9,0.0,E,8,-9900,?,9,-9900,?,9,0.0,0.0,E,8
01/24/2024,15:00,1155.524,1410.822,403.66,1,8,45.489,1,8,366.408,1,8,48439.2,1,8,4321.444,1,8,40304.882,1,8,142.42,1,8,-9900,?,9,-9900,?,9,22.9,E,8,19.26,E,8,79.0,E,8,872.5394,E,8,999.0,E,8,0.71,E,8,-9900,?,9,-9900,?,9,0.0,E,8,-9900,?,9,-9900,?,9,0.0,0.0,E,8
01/24/2024,16:00,926.984,1410.822,329.37,1,8,28.213,1,8,310.84,1,8,39524.4,1,8,2680.216,1,8,34192.387,1,8,150.645,1,8,-9900,?,9,-9900,?,9,22.93,E,8,19.27,E,8,79.0,E,8,872.5394,E,8,999.0,E,8,0.71,E,8,-9900,?,9,-9900,?,9,0.0,E,8,-9900,?,9,-9900,?,9,0.0,0.0,E,8
01/24/2024,17:00,646.862,1410.822,233.23,1,8,74.8,1,8,198.972,1,8,27987.6,1,8,7105.976,1,8,21886.912,1,8,138.286,1,8,-9900,?,9,-9900,?,9,22.64,E,8,19.15,E,8,80.0,E,8,872.5394,E,8,999.0,E,8,0.71,E,8,-9900,?,9,-9900,?,9,0.0,E,8,-9900,?,9,-9900,?,9,0.0,0.0,E,8
01/24/2024,18:00,334.637,1410.822,123.94,1,8,106.032,1,8,98.91,1,8,14872.8,1,8,10073.058,1,8,10880.122,1,8,133.374,1,8,-9900,?,9,-9900,?,9,22.07,E,8,18.9,E,8,82.0,E,8,872.5394,E,8,999.0,E,8,0.71,E,8,-9900,?,9,-9900,?,9,0.0,E,8,-9900,?,9,-9900,?,9,0.0,0.0,E,8
01/24/2024,19:00,19.281,1410.822,21.23,1,8,0.0,1,8,21.23,1,8,2547.6,1,8,0.0,1,8,2335.3,1,8,1108.36,1,8,-9900,?,9,-9900,?,9,21.31,E,8,18.57,E,8,84.0,E,8,872.5394,E,8,999.0,E,8,0.71,E,8,-9900,?,9,-9900,?,9,0.0,E,8,-9900,?,9,-9900,?,9,0.0,0.0,E,8
01/24/2024,20:00,0.0,1410.822,0.0,1,8,0.0,1,8,0.0,1,8,0.0,1,8,0.0,1,8,0.0,1,8,-0.0,1,8,-9900,?,9,-9900,?,9,20.65,E,8,18.27,E,8,86.0,E,8,872.5394,E,8,999.0,E,8,0.71,E,8,-9900,?,9,-9900,?,9,0.0,E,8,-9900,?,9,-9900,?,9,0.0,0.0,E,8
01/24/2024,21:00,0.0,1410.822,0.0,1,8,0.0,1,8,0.0,1,8,0.0,1,8,0.0,1,8,0.0,1,8,-0.0,1,8,-9900,?,9,-9900,?,9,19.98,E,8,17.97,E,8,88.0,E,8,872.5394,E,8,999.0,E,8,0.74,E,8,-9900,?,9,-9900,?,9,0.0,E,8,-9900,?,9,-9900,?,9,0.0,0.0,E,8
01/24/2024,22:00,0.0,1410.822,0.0,1,8,0.0,1,8,0.0,1,8,0.0,1,8,0.0,1,8,0.0,1,8,-0.0,1,8,-9900,?,9,-9900,?,9,19.32,E,8,17.66,E,8,90.0,E,8,872.5394,E,8,999.0,E,8,0.71,E,8,-9900,?,9,-9900,?,9,0.0,E,8,-9900,?,9,-9900,?,9,0.0,0.0,E,8
01/24/2024,23:00,0.0,1410.822,0.0,1,8,0.0,1,8,0.0,1,8,0.0,1,8,0.0,1,8,0.0,1,8,-0.0,1,8,-9900,?,9,-9900,?,9,18.65,E,8,17.35,E,8,92.0,E,8,872.5394,E,8,999.0,E,8,1.16,E,8,-9900,?,9,-9900,?,9,0.0,E,8,-9900,?,9,-9900,?,9,0.0,0.0,E,8
01/24/2024,24:00,0.0,1410.822,0.0,1,8,0.0,1,8,0.0,1,8,0.0,1,8,0.0,1,8,0.0,1,8,-0.0,1,8,-9900,?,9,-9900,?,9,17.99,E,8,15.33,E,8,84.0,E,8,872.5394,E,8,999.0,E,8,0.51,E,8,-9900,?,9,-9900,?,9,0.0,E,8,-9900,?,9,-9900,?,9,0.0,0.0,E,8
01/25/2024,01:00,0.0,1410.822,0.0,1,8,0.0,1,8,0.0,1,8,0.0,1,8,0.0,1,8,0.0,1,8,-0.0,1,8,-9900,?,9,-9900,?,9,17.66,E,8,15.21,E,8,85.0,E,8,872.5394,E,8,999.0,E,8,0.75,E,8,-9900,?,9,-9900,?,9,0.0,E,8,-9900,?,9,-9900,?,9,0.0,0.0,E,8
01/25/2024,02:00,0.0,1410.822,0.0,1,8,0.0,1,8,0.0,1,8,0.0,1,8,0.0,1,8,0.0,1,8,-0.0,1,8,-9900,?,9,-9900,?,9,17.33,E,8,15.09,E,8,86.0,E,8,872.5394,E,8,999.0,E,8,0.81,E,8,-9900,?,9,-9900,?,9,0.0,E,8,-9900,?,9,-9900,?,9,0.0,0.0,E,8
01/25/2024,03:00,0.0,1410.822,0.0,1,8,0.0,1,8,0.0,1,8,0.0,1,8,0.0,1,8,0.0,1,8,-0.0,1,8,-9900,?,9,-9900,?,9,16.99,E,8,14.96,E,8,87.0,E,8,872.5394,E,8,999.0,E,8,0.37,E,8,-9900,?,9,-9900,?,9,0.0,E,8,-9900,?,9,-9900,?,9,0.0,0.0,E,8
01/25/2024,04:00,0.0,1410.511,0.0,1,8,0.0,1,8,0.0,1,8,0.0,1,8,0.0,1,8,0.0,1,8,-0.0,1,8,-9900,?,9,-9900,?,9,16.66,E,8,14.83,E,8,88.0,E,8,872.5394,E,8,999.0,E,8,0.35,E,8,-9900,?,9,-9900,?,9,0.0,E,8,-9900,?,9,-9900,?,9,0.0,0.0,E,8
01/25/2024,05:00,0.0,1410.511,0.0,1,8,0.0,1,8,0.0,1,8,0.0,1,8,0.0,1,8,0.0,1,8,-0.0,1,8,-9900,?,9,-9900,?,9,16.37,E,8,14.72,E,8,89.0,E,8,872.5394,E,8,999.0,E,8,0.35,E,8,-9900,?,9,-9900,?,9,0.0,E,8,-9900,?,9,-9900,?,9,0.0,0.0,E,8
01/25/2024,06:00,11.786,1410.511,0.0,1,8,0.0,1,8,0.0,1,8,0.0,1,8,0.0,1,8,0.0,1,8,-0.0,1,8,-9900,?,9,-9900,?,9,16.15,E,8,14.64,E,8,90.0,E,8,872.5394,E,8,999.0,E,8,0.35,E,8,-9900,?,9,-9900,?,9,0.0,E,8,-9900,?,9,-9900,?,9,0.0,0.0,E,8
01/25/2024,07:00,326.009,1410.511,49.38,1,8,0.0,1,8,49.38,1,8,5925.6,1,8,0.0,1,8,5431.8,1,8,68.351,1,8,-9900,?,9,-9900,?,9,15.93,E,8,14.55,E,8,91.0,E,8,872.5394,E,8,999.0,E,8,0.35,E,8,-9900,?,9,-9900,?,9,0.0,E,8,-9900,?,9,-9900,?,9,0.0,0.0,E,8
01/25/2024,08:00,638.793,1410.511,261.97,1,8,107.614,1,8,213.289,1,8,31436.4,1,8,10223.292,1,8,23461.797,1,8,150.081,1,8,-9900,?,9,-9900,?,9,18.28,E,8,15.44,E,8,83.0,E,8,872.5394,E,8,999.0,E,8,0.35,E,8,-9900,?,9,-9900,?,9,0.0,E,8,-9900,?,9,-9900,?,9,0.0,0.0,E,8
01/25/2024,09:00,920.032,1410.511,532.0,1,8,327.341,1,8,318.57,1,8,63840.0,1,8,31097.412,1,8,35042.721,1,8,155.525,1,8,-9900,?,9,-9900,?,9,20.17,E,8,16.12,E,8,77.0,E,8,872.5394,E,8,999.0,E,8,0.35,E,8,-9900,?,9,-9900,?,9,0.0,E,8,-9900,?,9,-9900,?,9,0.0,0.0,E,8
01/25/2024,10:00,1150.13,1410.511,605.48,1,8,198.317,1,8,443.796,1,8,72657.6,1,8,18840.102,1,8,48817.609,1,8,173.272,1,8,-9900,?,9,-9900,?,9,21.4,E,8,16.55,E,8,73.0,E,8,872.5394,E,8,999.0,E,8,0.68,E,8,-9900,?,9,-9900,?,9,0.0,E,8,-9900,?,9,-9900,?,9,0.0,0.0,E,8
01/25/2024,11:00,1313.301,1410.511,609.7,1,8,137.171,1,8,481.988,1,8,73164.0,1,8,13031.266,1,8,53018.693,1,8,164.785,1,8,-9900,?,9,-9900,?,9,22.15,E,8,16.8,E,8,71.0,E,8,872.5394,E,8,999.0,E,8,1.32,E,8,-9900,?,9,-9900,?,9,0.0,E,8,-9900,?,9,-9900,?,9,0.0,0.0,E,8
01/25/2024,12:00,1398.381,1410.511,612.56,1,8,102.296,1,8,511.144,1,8,73507.2,1,8,9718.129,1,8,56225.859,1,8,164.114,1,8,-9900,?,9,-9900,?,9,22.65,E,8,16.97,E,8,70.0,E,8,872.5394,E,8,999.0,E,8,2.33,E,8,-9900,?,9,-9900,?,9,0.0,E,8,-9900,?,9,-9900,?,9,0.0,0.0,E,8
01/25/2024,13:00,1399.544,1410.511,732.91,1,8,211.954,1,8,522.605,1,8,87949.2,1,8,20135.586,1,8,57486.6,1,8,167.655,1,8,-9900,?,9,-9900,?,9,23.27,E,8,17.18,E,8,68.0,E,8,872.5394,E,8,999.0,E,8,2.14,E,8,-9900,?,9,-9900,?,9,0.0,E,8,-9900,?,9,-9900,?,9,0.0,0.0,E,8
01/25/2024,14:00,1316.695,1410.511,722.46,1,8,237.589,1,8,500.683,1,8,86695.2,1,8,22570.973,1,8,55075.124,1,8,170.735,1,8,-9900,?,9,-9900,?,9,23.72,E,8,17.33,E,8,67.0,E,8,872.5394,E,8,999.0,E,8,2.91,E,8,-9900,?,9,-9900,?,9,0.0,E,8,-9900,?,9,-9900,?,9,0.0,0.0,E,8
01/25/2024,15:00,1155.475,1410.511,790.52,1,8,547.016,1,8,342.475,1,8,94862.4,1,8,51966.514,1,8,37672.259,1,8,133.094,1,8,-9900,?,9,-9900,?,9,24.18,E,8,17.48,E,8,66.0,E,8,872.5394,E,8,999.0,E,8,3.86,E,8,-9900,?,9,-9900,?,9,0.0,E,8,-9900,?,9,-9900,?,9,0.0,0.0,E,8
01/25/2024,16:00,926.885,1410.511,694.37,1,8,893.669,1,8,107.342,1,8,83324.4,1,8,84898.569,1,8,11807.667,1,8,52.016,1,8,-9900,?,9,-9900,?,9,24.4,E,8,17.55,E,8,65.0,E,8,872.5394,E,8,999.0,E,8,2.92,E,8,-9900,?,9,-9900,?,9,0.0,E,8,-9900,?,9,-9900,?,9,0.0,0.0,E,8
01/25/2024,17:00,646.579,1410.511,436.13,1,8,678.478,1,8,125.457,1,8,52335.6,1,8,64455.403,1,8,13800.253,1,8,87.212,1,8,-9900,?,9,-9900,?,9,24.11,E,8,17.46,E,8,66.0,E,8,872.5394,E,8,999.0,E,8,2.19,E,8,-9900,?,9,-9900,?,9,0.0,E,8,-9900,?,9,-9900,?,9,0.0,0.0,E,8
01/25/2024,18:00,334.049,1410.511,234.81,1,8,473.825,1,8,123.133,1,8,28177.2,1,8,45013.417,1,8,13544.674,1,8,166.296,1,8,-9900,?,9,-9900,?,9,23.44,E,8,17.23,E,8,68.0,E,8,872.5394,E,8,999.0,E,8,0.99,E,8,-9900,?,9,-9900,?,9,0.0,E,8,-9900,?,9,-9900,?,9,0.0,0.0,E,8
01/25/2024,19:00,18.406,1410.511,37.73,1,8,0.0,1,8,37.73,1,8,4527.6,1,8,0.0,1,8,4150.3,1,8,2228.541,1,8,-9900,?,9,-9900,?,9,22.48,E,8,16.91,E,8,70.0,E,8,872.5394,E,8,999.0,E,8,0.35,E,8,-9900,?,9,-9900,?,9,0.0,E,8,-9900,?,9,-9900,?,9,0.0,0.0,E,8
01/25/2024,20:00,0.0,1410.511,0.0,1,8,0.0,1,8,0.0,1,8,0.0,1,8,0.0,1,8,0.0,1,8,-0.0,1,8,-9900,?,9,-9900,?,9,21.68,E,8,16.64,E,8,73.0,E,8,872.5394,E,8,999.0,E,8,0.35,E,8,-9900,?,9,-9900,?,9,0.0,E,8,-9900,?,9,-9900,?,9,0.0,0.0,E,8
01/25/2024,21:00,0.0,1410.511,0.0,1,8,0.0,1,8,0.0,1,8,0.0,1,8,0.0,1,8,0.0,1,8,-0.0,1,8,-9900,?,9,-9900,?,9,20.89,E,8,16.37,E,8,75.0,E,8,872.5394,E,8,999.0,E,8,0.35,E,8,-9900,?,9,-9900,?,9,0.0,E,8,-9900,?,9,-9900,?,9,0.0,0.0,E,8
01/25/2024,22:00,0.0,1410.511,0.0,1,8,0.0,1,8,0.0,1,8,0.0,1,8,0.0,1,8,0.0,1,8,-0.0,1,8,-9900,?,9,-9900,?,9,20.1,E,8,16.09,E,8,77.0,E,8,872.5394,E,8,999.0,E,8,0.35,E,8,-9900,?,9,-9900,?,9,0.0,E,8,-9900,?,9,-9900,?,9,0.0,0.0,E,8
01/25/2024,23:00,0.0,1410.511,0.0,1,8,0.0,1,8,0.0,1,8,0.0,1,8,0.0,1,8,0.0,1,8,-0.0,1,8,-9900,?,9,-9900,?,9,19.3,E,8,15.81,E,8,80.0,E,8,872.5394,E,8,999.0,E,8,0.35,E,8,-9900,?,9,-9900,?,9,0.0,E,8,-9900,?,9,-9900,?,9,0.0,0.0,E,8
01/25/2024,24:00,0.0,1410.511,0.0,1,8,0.0,1,8,0.0,1,8,0.0,1,8,0.0,1,8,0.0,1,8,-0.0,1,8,-9900,?,9,-9900,?,9,18.51,E,8,16.58,E,8,88.0,E,8,872.5394,E,8,999.0,E,8,0.41,E,8,-9900,?,9,-9900,?,9,0.0,E,8,-9900,?,9,-9900,?,9,0.0,0.0,E,8
01/26/2024,01:00,0.0,1410.511,0.0,1,8,0.0,1,8,0.0,1,8,0.0,1,8,0.0,1,8,0.0,1,8,-0.0,1,8,-9900,?,9,-9900,?,9,18.11,E,8,16.35,E,8,89.0,E,8,872.5394,E,8,999.0,E,8,0.41,E,8,-9900,?,9,-9900,?,9,0.0,E,8,-9900,?,9,-9900,?,9,0.0,0.0,E,8
01/26/2024,02:00,0.0,1410.511,0.0,1,8,0.0,1,8,0.0,1,8,0.0,1,8,0.0,1,8,0.0,1,8,-0.0,1,8,-9900,?,9,-9900,?,9,17.71,E,8,16.13,E,8,90.0,E,8,872.5394,E,8,999.0,E,8,0.41,E,8,-9900,?,9,-9900,?,9,0.0,E,8,-9900,?,9,-9900,?,9,0.0,0.0,E,8
01/26/2024,03:00,0.0,1410.511,0.0,1,8,0.0,1,8,0.0,1,8,0.0,1,8,0.0,1,8,0.0,1,8,-0.0,1,8,-9900,?,9,-9900,?,9,17.32,E,8,15.9,E,8,91.0,E,8,872.5394,E,8,999.0,E,8,0.41,E,8,-9900,?,9,-9900,?,9,0.0,E,8,-9900,?,9,-9900,?,9,0.0,0.0,E,8
01/26/2024,04:00,0.0,1410.186,0.0,1,8,0.0,1,8,0.0,1,8,0.0,1,8,0.0,1,8,0.0,1,8,-0.0,1,8,-9900,?,9,-9900,?,9,16.92,E,8,15.67,E,8,92.0,E,8,872.5394,E,8,999.0,E,8,0.41,E,8,-9900,?,9,-9900,?,9,0.0,E,8,-9900,?,9,-9900,?,9,0.0,0.0,E,8
01/26/2024,05:00,0.0,1410.186,0.0,1,8,0.0,1,8,0.0,1,8,0.0,1,8,0.0,1,8,0.0,1,8,-0.0,1,8,-9900,?,9,-9900,?,9,16.57,E,8,15.46,E,8,93.0,E,8,872.5394,E,8,999.0,E,8,0.41,E,8,-9900,?,9,-9900,?,9,0.0,E,8,-9900,?,9,-9900,?,9,0.0,0.0,E,8
01/26/2024,06:00,8.766,1410.186,0.0,1,8,0.0,1,8,0.0,1,8,0.0,1,8,0.0,1,8,0.0,1,8,-0.0,1,8,-9900,?,9,-9900,?,9,16.31,E,8,15.31,E,8,93.0,E,8,872.5394,E,8,999.0,E,8,0.41,E,8,-9900,?,9,-9900,?,9,0.0,E,8,-9900,?,9,-9900,?,9,0.0,0.0,E,8
01/26/2024,07:00,322.885,1410.186,21.7,1,8,0.0,1,8,21.7,1,8,2604.0,1,8,0.0,1,8,2387.0,1,8,30.323,1,8,-9900,?,9,-9900,?,9,16.05,E,8,15.15,E,8,94.0,E,8,872.5394,E,8,999.0,E,8,0.41,E,8,-9900,?,9,-9900,?,9,0.0,E,8,-9900,?,9,-9900,?,9,0.0,0.0,E,8
01/26/2024,08:00,636.133,1410.186,141.8,1,8,0.328,1,8,141.652,1,8,17016.0,1,8,31.189,1,8,15581.728,1,8,100.069,1,8,-9900,?,9,-9900,?,9,17.55,E,8,16.04,E,8,90.0,E,8,872.5394,E,8,999.0,E,8,0.41,E,8,-9900,?,9,-9900,?,9,0.0,E,8,-9900,?,9,-9900,?,9,0.0,0.0,E,8
01/26/2024,09:00,917.884,1410.186,271.39,1,8,28.453,1,8,252.878,1,8,32566.8,1,8,2703.005,1,8,27816.545,1,8,123.715,1,8,-9900,?,9,-9900,?,9,18.71,E,8,16.69,E,8,88.0,E,8,872.5394,E,8,999.0,E,8,0.41,E,8,-9900,?,9,-9900,?,9,0.0,E,8,-9900,?,9,-9900,?,9,0.0,0.0,E,8
01/26/2024,10:00,1148.497,1410.186,385.83,1,8,29.347,1,8,361.933,1,8,46299.6,1,8,2787.926,1,8,39812.614,1,8,141.478,1,8,-9900,?,9,-9900,?,9,19.82,E,8,17.29,E,8,85.0,E,8,872.5394,E,8,999.0,E,8,0.41,E,8,-9900,?,9,-9900,?,9,0.0,E,8,-9900,?,9,-9900,?,9,0.0,0.0,E,8
01/26/2024,11:00,1312.15,1410.186,474.64,1,8,47.805,1,8,430.16,1,8,56956.8,1,8,4541.478,1,8,47317.645,1,8,147.161,1,8,-9900,?,9,-9900,?,9,20.81,E,8,17.81,E,8,82.0,E,8,872.5394,E,8,999.0,E,8,0.41,E,8,-9900,?,9,-9900,?,9,0.0,E,8,-9900,?,9,-9900,?,9,0.0,0.0,E,8
01/26/2024,12:00,1397.646,1410.186,530.97,1,8,53.066,1,8,478.377,1,8,63716.4,1,8,5041.227,1,8,52621.431,1,8,153.639,1,8,-9900,?,9,-9900,?,9,21.64,E,8,18.24,E,8,80.0,E,8,872.5394,E,8,999.0,E,8,1.1,E,8,-9900,?,9,-9900,?,9,0.0,E,8,-9900,?,9,-9900,?,9,0.0,0.0,E,8
01/26/2024,13:00,1399.13,1410.186,550.66,1,8,60.2,1,8,490.933,1,8,66079.2,1,8,5718.958,1,8,54002.599,1,8,157.504,1,8,-9900,?,9,-9900,?,9,22.29,E,8,18.56,E,8,79.0,E,8,872.5394,E,8,999.0,E,8,2.61,E,8,-9900,?,9,-9900,?,9,0.0,E,8,-9900,?,9,-9900,?,9,0.0,0.0,E,8
01/26/2024,14:00,1316.485,1410.186,532.29,1,8,70.239,1,8,466.721,1,8,63874.8,1,8,6672.688,1,8,51339.321,1,8,159.143,1,8,-9900,?,9,-9900,?,9,22.73,E,8,18.78,E,8,78.0,E,8,872.5394,E,8,999.0,E,8,2.21,E,8,-9900,?,9,-9900,?,9,0.0,E,8,-9900,?,9,-9900,?,9,0.0,0.0,E,8
01/26/2024,15:00,1155.338,1410.186,477.17,1,8,62.42,1,8,426.038,1,8,57260.4,1,8,5929.874,1,8,46864.192,1,8,165.55,1,8,-9900,?,9,-9900,?,9,22.97,E,8,18.9,E,8,77.0,E,8,872.5394,E,8,999.0,E,8,2.28,E,8,-9900,?,9,-9900,?,9,0.0,E,8,-9900,?,9,-9900,?,9,0.0,0.0,E,8
01/26/2024,16:00,926.684,1410.186,389.35,1,8,66.32,1,8,345.786,1,8,46722.0,1,8,6300.376,1,8,38036.431,1,8,167.56,1,8,-9900,?,9,-9900,?,9,22.99,E,8,18.91,E,8,77.0,E,8,872.5394,E,8,999.0,E,8,0.86,E,8,-9900,?,9,-9900,?,9,0.0,E,8,-9900,?,9,-9900,?,9,0.0,0.0,E,8
01/26/2024,17:00,646.183,1410.186,275.58,1,8,124.666,1,8,218.518,1,8,33069.6,1,8,11843.295,1,8,24036.933,1,8,151.962,1,8,-9900,?,9,-9900,?,9,22.7,E,8,18.77,E,8,78.0,E,8,872.5394,E,8,999.0,E,8,0.98,E,8,-9900,?,9,-9900,?,9,0.0,E,8,-9900,?,9,-9900,?,9,0.0,0.0,E,8
01/26/2024,18:00,333.341,1410.186,146.15,1,8,240.243,1,8,89.635,1,8,17538.0,1,8,22823.114,1,8,9859.82,1,8,121.286,1,8,-9900,?,9,-9900,?,9,22.12,E,8,18.48,E,8,79.0,E,8,872.5394,E,8,999.0,E,8,0.47,E,8,-9900,?,9,-9900,?,9,0.0,E,8,-9900,?,9,-9900,?,9,0.0,0.0,E,8
01/26/2024,19:00,17.428,1410.186,24.62,1,8,0.0,1,8,24.62,1,8,2954.4,1,8,0.0,1,8,2708.2,1,8,1705.478,1,8,-9900,?,9,-9900,?,9,21.34,E,8,18.09,E,8,81.0,E,8,872.5394,E,8,999.0,E,8,0.41,E,8,-9900,?,9,-9900,?,9,0.0,E,8,-9900,?,9,-9900,?,9,0.0,0.0,E,8
01/26/2024,20:00,0.0,1410.186,0.0,1,8,0.0,1,8,0.0,1,8,0.0,1,8,0.0,1,8,0.0,1,8,-0.0,1,8,-9900,?,9,-9900,?,9,20.72,E,8,17.77,E,8,83.0,E,8,872.5394,E,8,999.0,E,8,0.41,E,8,-9900,?,9,-9900,?,9,0.0,E,8,-9900,?,9,-9900,?,9,0.0,0.0,E,8
01/26/2024,21:00,0.0,1410.186,0.0,1,8,0.0,1,8,0.0,1,8,0.0,1,8,0.0,1,8,0.0,1,8,-0.0,1,8,-9900,?,9,-9900,?,9,20.1,E,8,17.44,E,8,84.0,E,8,872.5394,E,8,999.0,E,8,0.41,E,8,-9900,?,9,-9900,?,9,0.0,E,8,-9900,?,9,-9900,?,9,0.0,0.0,E,8
01/26/2024,22:00,0.0,1410.186,0.0,1,8,0.0,1,8,0.0,1,8,0.0,1,8,0.0,1,8,0.0,1,8,-0.0,1,8,-9900,?,9,-9900,?,9,19.49,E,8,17.12,E,8,86.0,E,8,872.5394,E,8,999.0,E,8,0.41,E,8,-9900,?,9,-9900,?,9,0.0,E,8,-9900,?,9,-9900,?,9,0.0,0.0,E,8
01/26/2024,23:00,0.0,1410.186,0.0,1,8,0.0,1,8,0.0,1,8,0.0,1,8,0.0,1,8,0.0,1,8,-0.0,1,8,-9900,?,9,-9900,?,9,18.87,E,8,16.78,E,8,87.0,E,8,872.5394,E,8,999.0,E,8,0.41,E,8,-9900,?,9,-9900,?,9,0.0,E,8,-9900,?,9,-9900,?,9,0.0,0.0,E,8
01/26/2024,24:00,0.0,1410.186,0.0,1,8,0.0,1,8,0.0,1,8,0.0,1,8,0.0,1,8,0.0,1,8,-0.0,1,8,-9900,?,9,-9900,?,9,18.25,E,8,16.86,E,8,90.0,E,8,872.5394,E,8,999.0,E,8,0.47,E,8,-9900,?,9,-9900,?,9,0.0,E,8,-9900,?,9,-9900,?,9,0.0,0.0,E,8
01/27/2024,01:00,0.0,1410.186,0.0,1,8,0.0,1,8,0.0,1,8,0.0,1,8,0.0,1,8,0.0,1,8,-0.0,1,8,-9900,?,9,-9900,?,9,17.94,E,8,16.65,E,8,90.0,E,8,872.5394,E,8,999.0,E,8,0.47,E,8,-9900,?,9,-9900,?,9,0.0,E,8,-9900,?,9,-9900,?,9,0.0,0.0,E,8
01/27/2024,02:00,0.0,1410.186,0.0,1,8,0.0,1,8,0.0,1,8,0.0,1,8,0.0,1,8,0.0,1,8,-0.0,1,8,-9900,?,9,-9900,?,9,17.64,E,8,16.45,E,8,91.0,E,8,872.5394,E,8,999.0,E,8,0.47,E,8,-9900,?,9,-9900,?,9,0.0,E,8,-9900,?,9,-9900,?,9,0.0,0.0,E,8
01/27/2024,03:00,0.0,1410.186,0.0,1,8,0.0,1,8,0.0,1,8,0.0,1,8,0.0,1,8,0.0,1,8,-0.0,1,8,-9900,?,9,-9900,?,9,17.33,E,8,16.23,E,8,91.0,E,8,872.5394,E,8,999.0,E,8,0.47,E,8,-9900,?,9,-9900,?,9,0.0,E,8,-9900,?,9,-9900,?,9,0.0,0.0,E,8
01/27/2024,04:00,0.0,1409.848,0.0,1,8,0.0,1,8,0.0,1,8,0.0,1,8,0.0,1,8,0.0,1,8,-0.0,1,8,-9900,?,9,-9900,?,9,17.02,E,8,16.02,E,8,92.0,E,8,872.5394,E,8,999.0,E,8,0.47,E,8,-9900,?,9,-9900,?,9,0.0,E,8,-9900,?,9,-9900,?,9,0.0,0.0,E,8
01/27/2024,05:00,0.0,1409.848,0.0,1,8,0.0,1,8,0.0,1,8,0.0,1,8,0.0,1,8,0.0,1,8,-0.0,1,8,-9900,?,9,-9900,?,9,16.74,E,8,15.82,E,8,92.0,E,8,872.5394,E,8,999.0,E,8,0.47,E,8,-9900,?,9,-9900,?,9,0.0,E,8,-9900,?,9,-9900,?,9,0.0,0.0,E,8
01/27/2024,06:00,5.783,1409.848,0.0,1,8,0.0,1,8,0.0,1,8,0.0,1,8,0.0,1,8,0.0,1,8,-0.0,1,8,-9900,?,9,-9900,?,9,16.54,E,8,15.67,E,8,92.0,E,8,872.5394,E,8,999.0,E,8,0.47,E,8,-9900,?,9,-9900,?,9,0.0,E,8,-9900,?,9,-9900,?,9,0.0,0.0,E,8
01/27/2024,07:00,319.779,1409.848,11.59,1,8,0.0,1,8,11.59,1,8,1390.8,1,8,0.0,1,8,1274.9,1,8,16.351,1,8,-9900,?,9,-9900,?,9,16.34,E,8,15.53,E,8,93.0,E,8,872.5394,E,8,999.0,E,8,0.65,E,8,-9900,?,9,-9900,?,9,0.0,E,8,-9900,?,9,-9900,?,9,0.0,0.0,E,8
01/27/2024,08:00,633.487,1409.848,96.31,1,8,0.0,1,8,96.31,1,8,11557.2,1,8,0.0,1,8,10594.1,1,8,68.306,1,8,-9900,?,9,-9900,?,9,17.62,E,8,16.43,E,8,91.0,E,8,872.5394,E,8,999.0,E,8,0.67,E,8,-9900,?,9,-9900,?,9,0.0,E,8,-9900,?,9,-9900,?,9,0.0,0.0,E,8
01/27/2024,09:00,915.741,1409.848,150.66,1,8,1.243,1,8,149.853,1,8,18079.2,1,8,118.058,1,8,16483.846,1,8,73.467,1,8,-9900,?,9,-9900,?,9,18.38,E,8,16.95,E,8,90.0,E,8,872.5394,E,8,999.0,E,8,0.68,E,8,-9900,?,9,-9900,?,9,0.0,E,8,-9900,?,9,-9900,?,9,0.0,0.0,E,8
01/27/2024,10:00,1146.857,1409.848,234.4,1,8,3.957,1,8,231.181,1,8,28128.0,1,8,375.939,1,8,25429.956,1,8,90.476,1,8,-9900,?,9,-9900,?,9,19.27,E,8,17.53,E,8,88.0,E,8,872.5394,E,8,999.0,E,8,1.15,E,8,-9900,?,9,-9900,?,9,0.0,E,8,-9900,?,9,-9900,?,9,0.0,0.0,E,8
01/27/2024,11:00,1310.978,1409.848,255.75,1,8,4.908,1,8,251.187,1,8,30690.0,1,8,466.236,1,8,27630.53,1,8,85.989,1,8,-9900,?,9,-9900,?,9,19.89,E,8,17.93,E,8,87.0,E,8,872.5394,E,8,999.0,E,8,0.84,E,8,-9900,?,9,-9900,?,9,0.0,E,8,-9900,?,9,-9900,?,9,0.0,0.0,E,8
01/27/2024,12:00,1396.873,1409.848,225.87,1,8,4.569,1,8,221.343,1,8,27104.4,1,8,434.083,1,8,24347.706,1,8,71.11,1,8,-9900,?,9,-9900,?,9,20.2,E,8,18.12,E,8,87.0,E,8,872.5394,E,8,999.0,E,8,1.7,E,8,-9900,?,9,-9900,?,9,0.0,E,8,-9900,?,9,-9900,?,9,0.0,0.0,E,8
01/27/2024,13:00,1398.66,1409.848,260.71,1,8,2.594,1,8,258.136,1,8,31285.2,1,8,246.446,1,8,28395.008,1,8,82.825,1,8,-9900,?,9,-9900,?,9,20.53,E,8,18.32,E,8,86.0,E,8,872.5394,E,8,999.0,E,8,1.24,E,8,-9900,?,9,-9900,?,9,0.0,E,8,-9900,?,9,-9900,?,9,0.0,0.0,E,8
01/27/2024,14:00,1316.201,1409.848,349.18,1,8,21.111,1,8,329.472,1,8,41901.6,1,8,2005.508,1,8,36241.972,1,8,112.341,1,8,-9900,?,9,-9900,?,9,21.04,E,8,18.63,E,8,90.0,E,8,872.5394,E,8,999.0,E,8,0.91,E,8,-9900,?,9,-9900,?,9,0.002,E,8,-9900,?,9,-9900,?,9,0.02,99.0,E,8
01/27/2024,15:00,1155.11,1409.848,269.59,1,8,4.757,1,8,265.693,1,8,32350.8,1,8,451.918,1,8,29226.235,1,8,103.238,1,8,-9900,?,9,-9900,?,9,21.23,E,8,18.75,E,8,85.0,E,8,872.5394,E,8,999.0,E,8,0.96,E,8,-9900,?,9,-9900,?,9,0.0,E,8,-9900,?,9,-9900,?,9,0.0,0.0,E,8
01/27/2024,16:00,926.38,1409.848,174.45,1,8,2.847,1,8,172.58,1,8,20934.0,1,8,270.446,1,8,18983.817,1,8,83.636,1,8,-9900,?,9,-9900,?,9,21.1,E,8,18.67,E,8,93.0,E,8,872.5394,E,8,999.0,E,8,0.88,E,8,-9900,?,9,-9900,?,9,0.372,E,8,-9900,?,9,-9900,?,9,3.72,99.0,E,8
01/27/2024,17:00,645.673,1409.848,153.49,1,8,4.873,1,8,151.261,1,8,18418.8,1,8,462.93,1,8,16638.685,1,8,105.248,1,8,-9900,?,9,-9900,?,9,20.92,E,8,18.56,E,8,90.0,E,8,872.5394,E,8,999.0,E,8,1.04,E,8,-9900,?,9,-9900,?,9,0.003,E,8,-9900,?,9,-9900,?,9,0.03,99.0,E,8
01/27/2024,18:00,332.514,1409.848,81.3,1,8,0.0,1,8,81.3,1,8,9756.0,1,8,0.0,1,8,8943.0,1,8,110.258,1,8,-9900,?,9,-9900,?,9,20.53,E,8,18.32,E,8,86.0,E,8,872.5394,E,8,999.0,E,8,1.21,E,8,-9900,?,9,-9900,?,9,0.0,E,8,-9900,?,9,-9900,?,9,0.0,0.0,E,8
01/27/2024,19:00,16.348,1409.848,13.56,1,8,0.0,1,8,13.56,1,8,1627.2,1,8,0.0,1,8,1491.6,1,8,1161.78,1,8,-9900,?,9,-9900,?,9,19.98,E,8,17.98,E,8,87.0,E,8,872.5394,E,8,999.0,E,8,0.47,E,8,-9900,?,9,-9900,?,9,0.0,E,8,-9900,?,9,-9900,?,9,0.0,0.0,E,8
01/27/2024,20:00,0.0,1409.848,0.0,1,8,0.0,1,8,0.0,1,8,0.0,1,8,0.0,1,8,0.0,1,8,-0.0,1,8,-9900,?,9,-9900,?,9,19.46,E,8,17.65,E,8,88.0,E,8,872.5394,E,8,999.0,E,8,0.47,E,8,-9900,?,9,-9900,?,9,0.0,E,8,-9900,?,9,-9900,?,9,0.0,0.0,E,8
01/27/2024,21:00,0.0,1409.848,0.0,1,8,0.0,1,8,0.0,1,8,0.0,1,8,0.0,1,8,0.0,1,8,-0.0,1,8,-9900,?,9,-9900,?,9,18.93,E,8,17.31,E,8,93.0,E,8,872.5394,E,8,999.0,E,8,0.47,E,8,-9900,?,9,-9900,?,9,0.001,E,8,-9900,?,9,-9900,?,9,0.01,99.0,E,8
01/27/2024,22:00,0.0,1409.848,0.0,1,8,0.0,1,8,0.0,1,8,0.0,1,8,0.0,1,8,0.0,1,8,-0.0,1,8,-9900,?,9,-9900,?,9,18.4,E,8,16.96,E,8,94.0,E,8,872.5394,E,8,999.0,E,8,0.47,E,8,-9900,?,9,-9900,?,9,0.007000000000000001,E,8,-9900,?,9,-9900,?,9,0.07,99.0,E,8
01/27/2024,23:00,0.0,1409.848,0.0,1,8,0.0,1,8,0.0,1,8,0.0,1,8,0.0,1,8,0.0,1,8,-0.0,1,8,-9900,?,9,-9900,?,9,17.87,E,8,16.6,E,8,94.0,E,8,872.5394,E,8,999.0,E,8,0.47,E,8,-9900,?,9,-9900,?,9,0.016,E,8,-9900,?,9,-9900,?,9,0.16,99.0,E,8
01/27/2024,24:00,0.0,1409.848,0.0,1,8,0.0,1,8,0.0,1,8,0.0,1,8,0.0,1,8,0.0,1,8,-0.0,1,8,-9900,?,9,-9900,?,9,17.34,E,8,16.49,E,8,94.0,E,8,872.5394,E,8,999.0,E,8,0.63,E,8,-9900,?,9,-9900,?,9,0.0,E,8,-9900,?,9,-9900,?,9,0.0,0.0,E,8
01/28/2024,01:00,0.0,1409.848,0.0,1,8,0.0,1,8,0.0,1,8,0.0,1,8,0.0,1,8,0.0,1,8,-0.0,1,8,-9900,?,9,-9900,?,9,17.08,E,8,16.36,E,8,99.0,E,8,872.5394,E,8,999.0,E,8,0.68,E,8,-9900,?,9,-9900,?,9,0.003,E,8,-9900,?,9,-9900,?,9,0.03,99.0,E,8
01/28/2024,02:00,0.0,1409.848,0.0,1,8,0.0,1,8,0.0,1,8,0.0,1,8,0.0,1,8,0.0,1,8,-0.0,1,8,-9900,?,9,-9900,?,9,16.81,E,8,16.23,E,8,95.0,E,8,872.5394,E,8,999.0,E,8,1.47,E,8,-9900,?,9,-9900,?,9,0.0,E,8,-9900,?,9,-9900,?,9,0.0,0.0,E,8
01/28/2024,03:00,0.0,1409.848,0.0,1,8,0.0,1,8,0.0,1,8,0.0,1,8,0.0,1,8,0.0,1,8,-0.0,1,8,-9900,?,9,-9900,?,9,16.55,E,8,16.1,E,8,96.0,E,8,872.5394,E,8,999.0,E,8,1.06,E,8,-9900,?,9,-9900,?,9,0.0,E,8,-9900,?,9,-9900,?,9,0.0,0.0,E,8
01/28/2024,04:00,0.0,1409.496,0.0,1,8,0.0,1,8,0.0,1,8,0.0,1,8,0.0,1,8,0.0,1,8,-0.0,1,8,-9900,?,9,-9900,?,9,16.29,E,8,15.97,E,8,97.0,E,8,872.5394,E,8,999.0,E,8,0.66,E,8,-9900,?,9,-9900,?,9,0.0,E,8,-9900,?,9,-9900,?,9,0.0,0.0,E,8
01/28/2024,05:00,0.0,1409.496,0.0,1,8,0.0,1,8,0.0,1,8,0.0,1,8,0.0,1,8,0.0,1,8,-0.0,1,8,-9900,?,9,-9900,?,9,16.05,E,8,15.85,E,8,98.0,E,8,872.5394,E,8,999.0,E,8,0.51,E,8,-9900,?,9,-9900,?,9,0.0,E,8,-9900,?,9,-9900,?,9,0.0,0.0,E,8
01/28/2024,06:00,2.836,1409.496,0.0,1,8,0.0,1,8,0.0,1,8,0.0,1,8,0.0,1,8,0.0,1,8,-0.0,1,8,-9900,?,9,-9900,?,9,15.88,E,8,15.76,E,8,98.0,E,8,872.5394,E,8,999.0,E,8,0.7,E,8,-9900,?,9,-9900,?,9,0.0,E,8,-9900,?,9,-9900,?,9,0.0,0.0,E,8
01/28/2024,07:00,316.692,1409.496,14.07,1,8,0.0,1,8,14.07,1,8,1688.4,1,8,0.0,1,8,1547.7,1,8,20.04,1,8,-9900,?,9,-9900,?,9,15.7,E,8,15.67,E,8,99.0,E,8,872.5394,E,8,999.0,E,8,1.02,E,8,-9900,?,9,-9900,?,9,0.0,E,8,-9900,?,9,-9900,?,9,0.0,0.0,E,8
01/28/2024,08:00,630.855,1409.496,98.48,1,8,0.0,1,8,98.48,1,8,11817.6,1,8,0.0,1,8,10832.8,1,8,70.119,1,8,-9900,?,9,-9900,?,9,17.29,E,8,16.46,E,8,94.0,E,8,872.5394,E,8,999.0,E,8,1.18,E,8,-9900,?,9,-9900,?,9,0.0,E,8,-9900,?,9,-9900,?,9,0.0,0.0,E,8
01/28/2024,09:00,913.604,1409.496,190.25,1,8,3.806,1,8,187.784,1,8,22830.0,1,8,361.595,1,8,20656.225,1,8,92.255,1,8,-9900,?,9,-9900,?,9,18.55,E,8,17.07,E,8,90.0,E,8,872.5394,E,8,999.0,E,8,1.62,E,8,-9900,?,9,-9900,?,9,0.0,E,8,-9900,?,9,-9900,?,9,0.0,0.0,E,8
01/28/2024,10:00,1145.211,1409.496,271.38,1,8,4.815,1,8,267.468,1,8,32565.6,1,8,457.419,1,8,29421.532,1,8,104.801,1,8,-9900,?,9,-9900,?,9,19.76,E,8,17.63,E,8,87.0,E,8,872.5394,E,8,999.0,E,8,1.58,E,8,-9900,?,9,-9900,?,9,0.0,E,8,-9900,?,9,-9900,?,9,0.0,0.0,E,8
01/28/2024,11:00,1309.784,1409.496,334.42,1,8,20.063,1,8,315.777,1,8,40130.4,1,8,1906.001,1,8,34735.472,1,8,108.172,1,8,-9900,?,9,-9900,?,9,20.83,E,8,18.11,E,8,84.0,E,8,872.5394,E,8,999.0,E,8,1.25,E,8,-9900,?,9,-9900,?,9,0.0,E,8,-9900,?,9,-9900,?,9,0.0,0.0,E,8
01/28/2024,12:00,1396.06,1409.496,269.1,1,8,14.123,1,8,255.112,1,8,32292.0,1,8,1341.688,1,8,28062.284,1,8,81.987,1,8,-9900,?,9,-9900,?,9,21.25,E,8,18.29,E,8,83.0,E,8,872.5394,E,8,999.0,E,8,1.4,E,8,-9900,?,9,-9900,?,9,0.0,E,8,-9900,?,9,-9900,?,9,0.0,0.0,E,8
01/28/2024,13:00,1398.133,1409.496,388.6,1,8,22.972,1,8,365.813,1,8,46632.0,1,8,2182.373,1,8,40239.427,1,8,117.389,1,8,-9900,?,9,-9900,?,9,22.02,E,8,18.63,E,8,80.0,E,8,872.5394,E,8,999.0,E,8,0.76,E,8,-9900,?,9,-9900,?,9,0.0,E,8,-9900,?,9,-9900,?,9,0.0,0.0,E,8
01/28/2024,14:00,1315.842,1409.496,375.78,1,8,25.339,1,8,352.125,1,8,45093.6,1,8,2407.239,1,8,38733.786,1,8,120.068,1,8,-9900,?,9,-9900,?,9,22.56,E,8,18.86,E,8,79.0,E,8,872.5394,E,8,999.0,E,8,0.65,E,8,-9900,?,9,-9900,?,9,0.0,E,8,-9900,?,9,-9900,?,9,0.0,0.0,E,8
01/28/2024,15:00,1154.792,1409.496,336.92,1,8,26.227,1,8,315.436,1,8,40430.4,1,8,2491.535,1,8,34697.93,1,8,122.57,1,8,-9900,?,9,-9900,?,9,22.85,E,8,18.98,E,8,78.0,E,8,872.5394,E,8,999.0,E,8,0.65,E,8,-9900,?,9,-9900,?,9,0.0,E,8,-9900,?,9,-9900,?,9,0.0,0.0,E,8
01/28/2024,16:00,925.97,1409.496,274.87,1,8,13.953,1,8,265.707,1,8,32984.4,1,8,1325.493,1,8,29227.813,1,8,128.792,1,8,-9900,?,9,-9900,?,9,22.91,E,8,19.01,E,8,78.0,E,8,872.5394,E,8,999.0,E,8,0.93,E,8,-9900,?,9,-9900,?,9,0.0,E,8,-9900,?,9,-9900,?,9,0.0,0.0,E,8
01/28/2024,17:00,645.049,1409.496,194.42,1,8,30.974,1,8,180.261,1,8,23330.4,1,8,2942.504,1,8,19828.672,1,8,125.517,1,8,-9900,?,9,-9900,?,9,22.65,E,8,18.9,E,8,79.0,E,8,872.5394,E,8,999.0,E,8,0.91,E,8,-9900,?,9,-9900,?,9,0.0,E,8,-9900,?,9,-9900,?,9,0.0,0.0,E,8
01/28/2024,18:00,331.569,1409.496,102.84,1,8,48.786,1,8,91.419,1,8,12340.8,1,8,4634.695,1,8,10056.134,1,8,124.307,1,8,-9900,?,9,-9900,?,9,22.06,E,8,18.65,E,8,85.0,E,8,872.5394,E,8,999.0,E,8,1.2,E,8,-9900,?,9,-9900,?,9,0.007000000000000001,E,8,-9900,?,9,-9900,?,9,0.07,99.0,E,8
01/28/2024,19:00,15.168,1409.496,16.96,1,8,0.0,1,8,16.96,1,8,2035.2,1,8,0.0,1,8,1865.6,1,8,1963.162,1,8,-9900,?,9,-9900,?,9,21.25,E,8,18.29,E,8,83.0,E,8,872.5394,E,8,999.0,E,8,0.64,E,8,-9900,?,9,-9900,?,9,0.0,E,8,-9900,?,9,-9900,?,9,0.0,0.0,E,8
01/28/2024,20:00,0.0,1409.496,0.0,1,8,0.0,1,8,0.0,1,8,0.0,1,8,0.0,1,8,0.0,1,8,-0.0,1,8,-9900,?,9,-9900,?,9,20.43,E,8,17.93,E,8,94.0,E,8,872.5394,E,8,999.0,E,8,0.51,E,8,-9900,?,9,-9900,?,9,0.189,E,8,-9900,?,9,-9900,?,9,1.89,99.0,E,8
01/28/2024,21:00,0.0,1409.496,0.0,1,8,0.0,1,8,0.0,1,8,0.0,1,8,0.0,1,8,0.0,1,8,-0.0,1,8,-9900,?,9,-9900,?,9,19.61,E,8,17.56,E,8,92.0,E,8,872.5394,E,8,999.0,E,8,0.51,E,8,-9900,?,9,-9900,?,9,0.001,E,8,-9900,?,9,-9900,?,9,0.01,99.0,E,8
01/28/2024,22:00,0.0,1409.496,0.0,1,8,0.0,1,8,0.0,1,8,0.0,1,8,0.0,1,8,0.0,1,8,-0.0,1,8,-9900,?,9,-9900,?,9,18.79,E,8,17.18,E,8,89.0,E,8,872.5394,E,8,999.0,E,8,0.51,E,8,-9900,?,9,-9900,?,9,0.0,E,8,-9900,?,9,-9900,?,9,0.0,0.0,E,8
01/28/2024,23:00,0.0,1409.496,0.0,1,8,0.0,1,8,0.0,1,8,0.0,1,8,0.0,1,8,0.0,1,8,-0.0,1,8,-9900,?,9,-9900,?,9,17.98,E,8,16.8,E,8,92.0,E,8,872.5394,E,8,999.0,E,8,0.51,E,8,-9900,?,9,-9900,?,9,0.0,E,8,-9900,?,9,-9900,?,9,0.0,0.0,E,8
01/28/2024,24:00,0.0,1409.496,0.0,1,8,0.0,1,8,0.0,1,8,0.0,1,8,0.0,1,8,0.0,1,8,-0.0,1,8,-9900,?,9,-9900,?,9,17.16,E,8,11.58,E,8,69.0,E,8,872.5394,E,8,999.0,E,8,0.6,E,8,-9900,?,9,-9900,?,9,0.0,E,8,-9900,?,9,-9900,?,9,0.0,0.0,E,8
01/29/2024,01:00,0.0,1409.496,0.0,1,8,0.0,1,8,0.0,1,8,0.0,1,8,0.0,1,8,0.0,1,8,-0.0,1,8,-9900,?,9,-9900,?,9,16.75,E,8,11.62,E,8,71.0,E,8,872.5394,E,8,999.0,E,8,0.6,E,8,-9900,?,9,-9900,?,9,0.0,E,8,-9900,?,9,-9900,?,9,0.0,0.0,E,8
01/29/2024,02:00,0.0,1409.496,0.0,1,8,0.0,1,8,0.0,1,8,0.0,1,8,0.0,1,8,0.0,1,8,-0.0,1,8,-9900,?,9,-9900,?,9,16.34,E,8,11.67,E,8,73.0,E,8,872.5394,E,8,999.0,E,8,0.6,E,8,-9900,?,9,-9900,?,9,0.0,E,8,-9900,?,9,-9900,?,9,0.0,0.0,E,8
01/29/2024,03:00,0.0,1409.496,0.0,1,8,0.0,1,8,0.0,1,8,0.0,1,8,0.0,1,8,0.0,1,8,-0.0,1,8,-9900,?,9,-9900,?,9,15.93,E,8,11.71,E,8,76.0,E,8,872.5394,E,8,999.0,E,8,0.6,E,8,-9900,?,9,-9900,?,9,0.0,E,8,-9900,?,9,-9900,?,9,0.0,0.0,E,8
01/29/2024,04:00,0.0,1409.131,0.0,1,8,0.0,1,8,0.0,1,8,0.0,1,8,0.0,1,8,0.0,1,8,-0.0,1,8,-9900,?,9,-9900,?,9,15.52,E,8,11.75,E,8,78.0,E,8,872.5394,E,8,999.0,E,8,0.6,E,8,-9900,?,9,-9900,?,9,0.0,E,8,-9900,?,9,-9900,?,9,0.0,0.0,E,8
01/29/2024,05:00,0.0,1409.131,0.0,1,8,0.0,1,8,0.0,1,8,0.0,1,8,0.0,1,8,0.0,1,8,-0.0,1,8,-9900,?,9,-9900,?,9,15.16,E,8,11.79,E,8,80.0,E,8,872.5394,E,8,999.0,E,8,0.6,E,8,-9900,?,9,-9900,?,9,0.0,E,8,-9900,?,9,-9900,?,9,0.0,0.0,E,8
01/29/2024,06:00,0.0,1409.131,0.0,1,8,0.0,1,8,0.0,1,8,0.0,1,8,0.0,1,8,0.0,1,8,-0.0,1,8,-9900,?,9,-9900,?,9,14.89,E,8,11.82,E,8,81.0,E,8,872.5394,E,8,999.0,E,8,0.6,E,8,-9900,?,9,-9900,?,9,0.0,E,8,-9900,?,9,-9900,?,9,0.0,0.0,E,8
01/29/2024,07:00,313.624,1409.131,37.11,1,8,0.0,1,8,37.11,1,8,4453.2,1,8,0.0,1,8,4082.1,1,8,53.365,1,8,-9900,?,9,-9900,?,9,14.62,E,8,11.85,E,8,83.0,E,8,872.5394,E,8,999.0,E,8,0.6,E,8,-9900,?,9,-9900,?,9,0.0,E,8,-9900,?,9,-9900,?,9,0.0,0.0,E,8
01/29/2024,08:00,628.238,1409.131,257.64,1,8,108.771,1,8,209.203,1,8,30916.8,1,8,10333.269,1,8,23012.346,1,8,149.54,1,8,-9900,?,9,-9900,?,9,17.12,E,8,11.58,E,8,69.0,E,8,872.5394,E,8,999.0,E,8,0.6,E,8,-9900,?,9,-9900,?,9,0.0,E,8,-9900,?,9,-9900,?,9,0.0,0.0,E,8
01/29/2024,09:00,911.473,1409.131,494.51,1,8,259.56,1,8,326.686,1,8,59341.2,1,8,24658.204,1,8,35935.503,1,8,160.83,1,8,-9900,?,9,-9900,?,9,19.08,E,8,11.37,E,8,60.0,E,8,872.5394,E,8,999.0,E,8,0.6,E,8,-9900,?,9,-9900,?,9,0.0,E,8,-9900,?,9,-9900,?,9,0.0,0.0,E,8
01/29/2024,10:00,1143.558,1409.131,707.57,1,8,405.413,1,8,378.614,1,8,84908.4,1,8,38514.202,1,8,41647.512,1,8,148.527,1,8,-9900,?,9,-9900,?,9,20.97,E,8,11.16,E,8,53.0,E,8,872.5394,E,8,999.0,E,8,0.6,E,8,-9900,?,9,-9900,?,9,0.0,E,8,-9900,?,9,-9900,?,9,0.0,0.0,E,8
01/29/2024,11:00,1308.567,1409.131,884.54,1,8,388.223,1,8,524.039,1,8,106144.8,1,8,36881.222,1,8,57644.315,1,8,179.634,1,8,-9900,?,9,-9900,?,9,22.7,E,8,10.97,E,8,47.0,E,8,872.5394,E,8,999.0,E,8,0.6,E,8,-9900,?,9,-9900,?,9,0.0,E,8,-9900,?,9,-9900,?,9,0.0,0.0,E,8
01/29/2024,12:00,1395.208,1409.131,999.09,1,8,477.962,1,8,525.854,1,8,119890.8,1,8,45406.356,1,8,57843.899,1,8,169.056,1,8,-9900,?,9,-9900,?,9,24.18,E,8,10.81,E,8,42.0,E,8,872.5394,E,8,999.0,E,8,0.6,E,8,-9900,?,9,-9900,?,9,0.0,E,8,-9900,?,9,-9900,?,9,0.0,0.0,E,8
01/29/2024,13:00,1397.546,1409.131,1050.69,1,8,660.487,1,8,395.636,1,8,126082.8,1,8,62746.265,1,8,43519.948,1,8,126.979,1,8,-9900,?,9,-9900,?,9,25.36,E,8,10.67,E,8,39.0,E,8,872.5394,E,8,999.0,E,8,0.61,E,8,-9900,?,9,-9900,?,9,0.0,E,8,-9900,?,9,-9900,?,9,0.0,0.0,E,8
01/29/2024,14:00,1315.407,1409.131,1013.43,1,8,806.466,1,8,260.636,1,8,121611.6,1,8,76614.241,1,8,28669.997,1,8,88.878,1,8,-9900,?,9,-9900,?,9,26.16,E,8,10.58,E,8,37.0,E,8,872.5394,E,8,999.0,E,8,1.65,E,8,-9900,?,9,-9900,?,9,0.0,E,8,-9900,?,9,-9900,?,9,0.0,0.0,E,8
01/29/2024,15:00,1154.381,1409.131,894.47,1,8,860.915,1,8,189.297,1,8,107336.4,1,8,81786.938,1,8,20822.686,1,8,73.563,1,8,-9900,?,9,-9900,?,9,26.57,E,8,10.53,E,8,36.0,E,8,872.5394,E,8,999.0,E,8,1.93,E,8,-9900,?,9,-9900,?,9,0.0,E,8,-9900,?,9,-9900,?,9,0.0,0.0,E,8
01/29/2024,16:00,925.456,1409.131,732.91,1,8,919.554,1,8,129.22,1,8,87949.2,1,8,87357.655,1,8,14214.229,1,8,62.653,1,8,-9900,?,9,-9900,?,9,26.62,E,8,10.53,E,8,36.0,E,8,872.5394,E,8,999.0,E,8,1.4,E,8,-9900,?,9,-9900,?,9,0.0,E,8,-9900,?,9,-9900,?,9,0.0,0.0,E,8
01/29/2024,17:00,644.311,1409.131,515.37,1,8,831.816,1,8,135.451,1,8,61844.4,1,8,79022.564,1,8,14899.563,1,8,94.399,1,8,-9900,?,9,-9900,?,9,26.11,E,8,10.59,E,8,37.0,E,8,872.5394,E,8,999.0,E,8,0.6,E,8,-9900,?,9,-9900,?,9,0.0,E,8,-9900,?,9,-9900,?,9,0.0,0.0,E,8
01/29/2024,18:00,330.505,1409.131,272.71,1,8,634.286,1,8,124.67,1,8,32725.2,1,8,60257.135,1,8,13713.677,1,8,170.026,1,8,-9900,?,9,-9900,?,9,25.11,E,8,10.7,E,8,40.0,E,8,872.5394,E,8,999.0,E,8,0.6,E,8,-9900,?,9,-9900,?,9,0.0,E,8,-9900,?,9,-9900,?,9,0.0,0.0,E,8
01/29/2024,19:00,13.888,1409.131,46.18,1,8,0.0,1,8,46.18,1,8,5541.6,1,8,0.0,1,8,5079.8,1,8,8649.252,1,8,-9900,?,9,-9900,?,9,23.76,E,8,10.85,E,8,44.0,E,8,872.5394,E,8,999.0,E,8,0.6,E,8,-9900,?,9,-9900,?,9,0.0,E,8,-9900,?,9,-9900,?,9,0.0,0.0,E,8
01/29/2024,20:00,0.0,1409.131,0.0,1,8,0.0,1,8,0.0,1,8,0.0,1,8,0.0,1,8,0.0,1,8,-0.0,1,8,-9900,?,9,-9900,?,9,22.71,E,8,10.97,E,8,47.0,E,8,872.5394,E,8,999.0,E,8,0.6,E,8,-9900,?,9,-9900,?,9,0.0,E,8,-9900,?,9,-9900,?,9,0.0,0.0,E,8
01/29/2024,21:00,0.0,1409.131,0.0,1,8,0.0,1,8,0.0,1,8,0.0,1,8,0.0,1,8,0.0,1,8,-0.0,1,8,-9900,?,9,-9900,?,9,21.67,E,8,11.09,E,8,50.0,E,8,872.5394,E,8,999.0,E,8,0.6,E,8,-9900,?,9,-9900,?,9,0.0,E,8,-9900,?,9,-9900,?,9,0.0,0.0,E,8
01/29/2024,22:00,0.0,1409.131,0.0,1,8,0.0,1,8,0.0,1,8,0.0,1,8,0.0,1,8,0.0,1,8,-0.0,1,8,-9900,?,9,-9900,?,9,20.62,E,8,11.2,E,8,54.0,E,8,872.5394,E,8,999.0,E,8,0.6,E,8,-9900,?,9,-9900,?,9,0.0,E,8,-9900,?,9,-9900,?,9,0.0,0.0,E,8
01/29/2024,23:00,0.0,1409.131,0.0,1,8,0.0,1,8,0.0,1,8,0.0,1,8,0.0,1,8,0.0,1,8,-0.0,1,8,-9900,?,9,-9900,?,9,19.58,E,8,11.32,E,8,58.0,E,8,872.5394,E,8,999.0,E,8,0.6,E,8,-9900,?,9,-9900,?,9,0.0,E,8,-9900,?,9,-9900,?,9,0.0,0.0,E,8
01/29/2024,24:00,0.0,1409.131,0.0,1,8,0.0,1,8,0.0,1,8,0.0,1,8,0.0,1,8,0.0,1,8,-0.0,1,8,-9900,?,9,-9900,?,9,18.53,E,8,15.63,E,8,83.0,E,8,872.5394,E,8,999.0,E,8,0.22,E,8,-9900,?,9,-9900,?,9,0.0,E,8,-9900,?,9,-9900,?,9,0.0,0.0,E,8
01/30/2024,01:00,0.0,1409.131,0.0,1,8,0.0,1,8,0.0,1,8,0.0,1,8,0.0,1,8,0.0,1,8,-0.0,1,8,-9900,?,9,-9900,?,9,18.01,E,8,15.44,E,8,84.0,E,8,872.5394,E,8,999.0,E,8,0.22,E,8,-9900,?,9,-9900,?,9,0.0,E,8,-9900,?,9,-9900,?,9,0.0,0.0,E,8
01/30/2024,02:00,0.0,1409.131,0.0,1,8,0.0,1,8,0.0,1,8,0.0,1,8,0.0,1,8,0.0,1,8,-0.0,1,8,-9900,?,9,-9900,?,9,17.48,E,8,15.25,E,8,86.0,E,8,872.5394,E,8,999.0,E,8,0.22,E,8,-9900,?,9,-9900,?,9,0.0,E,8,-9900,?,9,-9900,?,9,0.0,0.0,E,8
01/30/2024,03:00,0.0,1409.131,0.0,1,8,0.0,1,8,0.0,1,8,0.0,1,8,0.0,1,8,0.0,1,8,-0.0,1,8,-9900,?,9,-9900,?,9,16.96,E,8,15.06,E,8,88.0,E,8,872.5394,E,8,999.0,E,8,0.22,E,8,-9900,?,9,-9900,?,9,0.0,E,8,-9900,?,9,-9900,?,9,0.0,0.0,E,8
01/30/2024,04:00,0.0,1408.752,0.0,1,8,0.0,1,8,0.0,1,8,0.0,1,8,0.0,1,8,0.0,1,8,-0.0,1,8,-9900,?,9,-9900,?,9,16.44,E,8,14.87,E,8,90.0,E,8,872.5394,E,8,999.0,E,8,0.22,E,8,-9900,?,9,-9900,?,9,0.0,E,8,-9900,?,9,-9900,?,9,0.0,0.0,E,8
01/30/2024,05:00,0.0,1408.752,0.0,1,8,0.0,1,8,0.0,1,8,0.0,1,8,0.0,1,8,0.0,1,8,-0.0,1,8,-9900,?,9,-9900,?,9,15.97,E,8,14.69,E,8,92.0,E,8,872.5394,E,8,999.0,E,8,0.22,E,8,-9900,?,9,-9900,?,9,0.0,E,8,-9900,?,9,-9900,?,9,0.0,0.0,E,8
01/30/2024,06:00,0.0,1408.752,0.0,1,8,0.0,1,8,0.0,1,8,0.0,1,8,0.0,1,8,0.0,1,8,-0.0,1,8,-9900,?,9,-9900,?,9,15.63,E,8,14.56,E,8,93.0,E,8,872.5394,E,8,999.0,E,8,0.22,E,8,-9900,?,9,-9900,?,9,0.0,E,8,-9900,?,9,-9900,?,9,0.0,0.0,E,8
01/30/2024,07:00,310.576,1408.752,35.45,1,8,0.0,1,8,35.45,1,8,4254.0,1,8,0.0,1,8,3899.5,1,8,51.47,1,8,-9900,?,9,-9900,?,9,15.28,E,8,14.43,E,8,94.0,E,8,872.5394,E,8,999.0,E,8,0.22,E,8,-9900,?,9,-9900,?,9,0.0,E,8,-9900,?,9,-9900,?,9,0.0,0.0,E,8
01/30/2024,08:00,625.636,1408.752,160.28,1,8,6.485,1,8,157.403,1,8,19233.6,1,8,616.086,1,8,17314.367,1,8,112.952,1,8,-9900,?,9,-9900,?,9,16.81,E,8,15.0,E,8,89.0,E,8,872.5394,E,8,999.0,E,8,0.22,E,8,-9900,?,9,-9900,?,9,0.0,E,8,-9900,?,9,-9900,?,9,0.0,0.0,E,8
01/30/2024,09:00,909.347,1408.752,432.35,1,8,152.899,1,8,333.694,1,8,51882.0,1,8,14525.444,1,8,36706.364,1,8,164.62,1,8,-9900,?,9,-9900,?,9,18.54,E,8,15.63,E,8,83.0,E,8,872.5394,E,8,999.0,E,8,0.22,E,8,-9900,?,9,-9900,?,9,0.0,E,8,-9900,?,9,-9900,?,9,0.0,0.0,E,8
01/30/2024,10:00,1141.897,1408.752,596.56,1,8,193.094,1,8,440.067,1,8,71587.2,1,8,18343.94,1,8,48407.366,1,8,172.839,1,8,-9900,?,9,-9900,?,9,20.05,E,8,16.16,E,8,78.0,E,8,872.5394,E,8,999.0,E,8,0.27,E,8,-9900,?,9,-9900,?,9,0.0,E,8,-9900,?,9,-9900,?,9,0.0,0.0,E,8
01/30/2024,11:00,1307.327,1408.752,755.5,1,8,286.503,1,8,489.637,1,8,90660.0,1,8,27217.795,1,8,53860.032,1,8,167.956,1,8,-9900,?,9,-9900,?,9,21.45,E,8,16.64,E,8,74.0,E,8,872.5394,E,8,999.0,E,8,0.69,E,8,-9900,?,9,-9900,?,9,0.0,E,8,-9900,?,9,-9900,?,9,0.0,0.0,E,8
01/30/2024,12:00,1394.313,1408.752,780.77,1,8,148.605,1,8,633.689,1,8,93692.4,1,8,14117.455,1,8,69705.811,1,8,203.8,1,8,-9900,?,9,-9900,?,9,22.45,E,8,16.97,E,8,71.0,E,8,872.5394,E,8,999.0,E,8,1.9,E,8,-9900,?,9,-9900,?,9,0.0,E,8,-9900,?,9,-9900,?,9,0.0,0.0,E,8
01/30/2024,13:00,1396.9,1408.752,847.41,1,8,353.36,1,8,497.024,1,8,101689.2,1,8,33569.215,1,8,54672.681,1,8,159.551,1,8,-9900,?,9,-9900,?,9,23.31,E,8,17.26,E,8,68.0,E,8,872.5394,E,8,999.0,E,8,1.89,E,8,-9900,?,9,-9900,?,9,0.0,E,8,-9900,?,9,-9900,?,9,0.0,0.0,E,8
01/30/2024,14:00,1314.894,1408.752,894.54,1,8,511.079,1,8,417.532,1,8,107344.8,1,8,48552.524,1,8,45928.545,1,8,142.398,1,8,-9900,?,9,-9900,?,9,24.05,E,8,17.49,E,8,66.0,E,8,872.5394,E,8,999.0,E,8,2.38,E,8,-9900,?,9,-9900,?,9,0.0,E,8,-9900,?,9,-9900,?,9,0.0,0.0,E,8
01/30/2024,15:00,1153.876,1408.752,775.44,1,8,551.97,1,8,323.399,1,8,93052.8,1,8,52437.173,1,8,35573.905,1,8,125.698,1,8,-9900,?,9,-9900,?,9,24.42,E,8,17.61,E,8,65.0,E,8,872.5394,E,8,999.0,E,8,2.58,E,8,-9900,?,9,-9900,?,9,0.0,E,8,-9900,?,9,-9900,?,9,0.0,0.0,E,8
01/30/2024,16:00,924.835,1408.752,580.33,1,8,518.931,1,8,239.787,1,8,69639.6,1,8,49298.462,1,8,26376.623,1,8,116.309,1,8,-9900,?,9,-9900,?,9,24.4,E,8,17.61,E,8,65.0,E,8,872.5394,E,8,999.0,E,8,2.41,E,8,-9900,?,9,-9900,?,9,0.0,E,8,-9900,?,9,-9900,?,9,0.0,0.0,E,8
01/30/2024,17:00,643.458,1408.752,433.78,1,8,571.659,1,8,172.96,1,8,52053.6,1,8,54307.628,1,8,19025.574,1,8,120.668,1,8,-9900,?,9,-9900,?,9,24.03,E,8,17.49,E,8,66.0,E,8,872.5394,E,8,999.0,E,8,1.55,E,8,-9900,?,9,-9900,?,9,0.0,E,8,-9900,?,9,-9900,?,9,0.0,0.0,E,8
01/30/2024,18:00,329.322,1408.752,258.26,1,8,431.253,1,8,157.943,1,8,30991.2,1,8,40969.066,1,8,17373.782,1,8,216.128,1,8,-9900,?,9,-9900,?,9,23.34,E,8,17.27,E,8,68.0,E,8,872.5394,E,8,999.0,E,8,0.52,E,8,-9900,?,9,-9900,?,9,0.0,E,8,-9900,?,9,-9900,?,9,0.0,0.0,E,8
01/30/2024,19:00,12.512,1408.752,44.3,1,8,0.0,1,8,44.3,1,8,5316.0,1,8,0.0,1,8,4873.0,1,8,24981.492,1,8,-9900,?,9,-9900,?,9,22.32,E,8,16.93,E,8,71.0,E,8,872.5394,E,8,999.0,E,8,0.22,E,8,-9900,?,9,-9900,?,9,0.0,E,8,-9900,?,9,-9900,?,9,0.0,0.0,E,8
01/30/2024,20:00,0.0,1408.752,0.0,1,8,0.0,1,8,0.0,1,8,0.0,1,8,0.0,1,8,0.0,1,8,-0.0,1,8,-9900,?,9,-9900,?,9,21.79,E,8,16.76,E,8,73.0,E,8,872.5394,E,8,999.0,E,8,0.22,E,8,-9900,?,9,-9900,?,9,0.0,E,8,-9900,?,9,-9900,?,9,0.0,0.0,E,8
01/30/2024,21:00,0.0,1408.752,0.0,1,8,0.0,1,8,0.0,1,8,0.0,1,8,0.0,1,8,0.0,1,8,-0.0,1,8,-9900,?,9,-9900,?,9,21.25,E,8,16.57,E,8,74.0,E,8,872.5394,E,8,999.0,E,8,0.22,E,8,-9900,?,9,-9900,?,9,0.0,E,8,-9900,?,9,-9900,?,9,0.0,0.0,E,8
01/30/2024,22:00,0.0,1408.752,0.0,1,8,0.0,1,8,0.0,1,8,0.0,1,8,0.0,1,8,0.0,1,8,-0.0,1,8,-9900,?,9,-9900,?,9,20.72,E,8,16.39,E,8,76.0,E,8,872.5394,E,8,999.0,E,8,0.22,E,8,-9900,?,9,-9900,?,9,0.0,E,8,-9900,?,9,-9900,?,9,0.0,0.0,E,8
01/30/2024,23:00,0.0,1408.752,0.0,1,8,0.0,1,8,0.0,1,8,0.0,1,8,0.0,1,8,0.0,1,8,-0.0,1,8,-9900,?,9,-9900,?,9,20.18,E,8,16.21,E,8,77.0,E,8,872.5394,E,8,999.0,E,8,0.22,E,8,-9900,?,9,-9900,?,9,0.0,E,8,-9900,?,9,-9900,?,9,0.0,0.0,E,8
01/30/2024,24:00,0.0,1408.752,0.0,1,8,0.0,1,8,0.0,1,8,0.0,1,8,0.0,1,8,0.0,1,8,-0.0,1,8,-9900,?,9,-9900,?,9,19.65,E,8,17.37,E,8,85.0,E,8,872.5394,E,8,999.0,E,8,0.14,E,8,-9900,?,9,-9900,?,9,0.005,E,8,-9900,?,9,-9900,?,9,0.05,99.0,E,8
01/31/2024,01:00,0.0,1408.752,0.0,1,8,0.0,1,8,0.0,1,8,0.0,1,8,0.0,1,8,0.0,1,8,-0.0,1,8,-9900,?,9,-9900,?,9,19.38,E,8,17.4,E,8,86.0,E,8,872.5394,E,8,999.0,E,8,0.14,E,8,-9900,?,9,-9900,?,9,0.016,E,8,-9900,?,9,-9900,?,9,0.16,99.0,E,8
01/31/2024,02:00,0.0,1408.752,0.0,1,8,0.0,1,8,0.0,1,8,0.0,1,8,0.0,1,8,0.0,1,8,-0.0,1,8,-9900,?,9,-9900,?,9,19.12,E,8,17.43,E,8,88.0,E,8,872.5394,E,8,999.0,E,8,0.14,E,8,-9900,?,9,-9900,?,9,0.047,E,8,-9900,?,9,-9900,?,9,0.47,99.0,E,8
01/31/2024,03:00,0.0,1408.752,0.0,1,8,0.0,1,8,0.0,1,8,0.0,1,8,0.0,1,8,0.0,1,8,-0.0,1,8,-9900,?,9,-9900,?,9,18.85,E,8,17.45,E,8,94.0,E,8,872.5394,E,8,999.0,E,8,0.14,E,8,-9900,?,9,-9900,?,9,0.10500000000000001,E,8,-9900,?,9,-9900,?,9,1.05,99.0,E,8
01/31/2024,04:00,0.0,1408.36,0.0,1,8,0.0,1,8,0.0,1,8,0.0,1,8,0.0,1,8,0.0,1,8,-0.0,1,8,-9900,?,9,-9900,?,9,18.58,E,8,17.48,E,8,91.0,E,8,872.5394,E,8,999.0,E,8,0.14,E,8,-9900,?,9,-9900,?,9,0.004,E,8,-9900,?,9,-9900,?,9,0.04,99.0,E,8
01/31/2024,05:00,0.0,1408.36,0.0,1,8,0.0,1,8,0.0,1,8,0.0,1,8,0.0,1,8,0.0,1,8,-0.0,1,8,-9900,?,9,-9900,?,9,18.34,E,8,17.5,E,8,92.0,E,8,872.5394,E,8,999.0,E,8,0.14,E,8,-9900,?,9,-9900,?,9,0.001,E,8,-9900,?,9,-9900,?,9,0.01,99.0,E,8
01/31/2024,06:00,0.0,1408.36,0.0,1,8,0.0,1,8,0.0,1,8,0.0,1,8,0.0,1,8,0.0,1,8,-0.0,1,8,-9900,?,9,-9900,?,9,18.17,E,8,17.52,E,8,94.0,E,8,872.5394,E,8,999.0,E,8,0.21,E,8,-9900,?,9,-9900,?,9,0.013000000000000001,E,8,-9900,?,9,-9900,?,9,0.13,99.0,E,8
01/31/2024,07:00,307.549,1408.36,58.79,1,8,0.0,1,8,58.79,1,8,7054.8,1,8,0.0,1,8,6466.9,1,8,86.183,1,8,-9900,?,9,-9900,?,9,17.99,E,8,17.53,E,8,90.0,E,8,872.5394,E,8,999.0,E,8,0.24,E,8,-9900,?,9,-9900,?,9,0.0,E,8,-9900,?,9,-9900,?,9,0.0,0.0,E,8
01/31/2024,08:00,623.05,1408.36,123.56,1,8,0.0,1,8,123.56,1,8,14827.2,1,8,0.0,1,8,13591.6,1,8,89.01,1,8,-9900,?,9,-9900,?,9,19.21,E,8,17.42,E,8,97.0,E,8,872.5394,E,8,999.0,E,8,0.44,E,8,-9900,?,9,-9900,?,9,4.1240000000000006,E,8,-9900,?,9,-9900,?,9,41.24,99.0,E,8
01/31/2024,09:00,907.227,1408.36,242.08,1,8,13.537,1,8,233.363,1,8,29049.6,1,8,1286.037,1,8,25669.962,1,8,115.361,1,8,-9900,?,9,-9900,?,9,19.89,E,8,17.35,E,8,88.0,E,8,872.5394,E,8,999.0,E,8,0.56,E,8,-9900,?,9,-9900,?,9,0.24100000000000002,E,8,-9900,?,9,-9900,?,9,2.41,99.0,E,8
01/31/2024,10:00,1140.228,1408.36,208.89,1,8,7.624,1,8,202.718,1,8,25066.8,1,8,724.327,1,8,22298.985,1,8,79.713,1,8,-9900,?,9,-9900,?,9,20.11,E,8,17.33,E,8,83.0,E,8,872.5394,E,8,999.0,E,8,0.92,E,8,-9900,?,9,-9900,?,9,0.038,E,8,-9900,?,9,-9900,?,9,0.38,99.0,E,8
01/31/2024,11:00,1306.061,1408.36,428.71,1,8,29.028,1,8,401.792,1,8,51445.2,1,8,2757.639,1,8,44197.119,1,8,137.918,1,8,-9900,?,9,-9900,?,9,20.84,E,8,17.26,E,8,83.0,E,8,872.5394,E,8,999.0,E,8,1.76,E,8,-9900,?,9,-9900,?,9,0.174,E,8,-9900,?,9,-9900,?,9,1.74,99.0,E,8
01/31/2024,12:00,1393.376,1408.36,480.73,1,8,39.537,1,8,441.614,1,8,57687.6,1,8,3756.043,1,8,48577.497,1,8,142.083,1,8,-9900,?,9,-9900,?,9,21.44,E,8,17.2,E,8,76.0,E,8,872.5394,E,8,999.0,E,8,1.66,E,8,-9900,?,9,-9900,?,9,0.08499999999999999,E,8,-9900,?,9,-9900,?,9,0.85,99.0,E,8
01/31/2024,13:00,1396.192,1408.36,516.62,1,8,49.227,1,8,467.819,1,8,61994.4,1,8,4676.53,1,8,51460.081,1,8,150.21,1,8,-9900,?,9,-9900,?,9,21.93,E,8,17.15,E,8,74.0,E,8,872.5394,E,8,999.0,E,8,2.25,E,8,-9900,?,9,-9900,?,9,0.008,E,8,-9900,?,9,-9900,?,9,0.08,99.0,E,8
01/31/2024,14:00,1314.301,1408.36,522.01,1,8,66.682,1,8,459.784,1,8,62641.2,1,8,6334.767,1,8,50576.28,1,8,156.835,1,8,-9900,?,9,-9900,?,9,22.31,E,8,17.12,E,8,76.0,E,8,872.5394,E,8,999.0,E,8,1.92,E,8,-9900,?,9,-9900,?,9,0.133,E,8,-9900,?,9,-9900,?,9,1.33,99.0,E,8
01/31/2024,15:00,1153.277,1408.36,497.69,1,8,104.715,1,8,411.954,1,8,59722.8,1,8,9947.898,1,8,45314.904,1,8,160.155,1,8,-9900,?,9,-9900,?,9,22.57,E,8,17.09,E,8,71.0,E,8,872.5394,E,8,999.0,E,8,1.92,E,8,-9900,?,9,-9900,?,9,0.025,E,8,-9900,?,9,-9900,?,9,0.25,99.0,E,8
01/31/2024,16:00,924.108,1408.36,354.47,1,8,55.244,1,8,318.235,1,8,42536.4,1,8,5248.188,1,8,35005.87,1,8,154.439,1,8,-9900,?,9,-9900,?,9,22.59,E,8,17.09,E,8,71.0,E,8,872.5394,E,8,999.0,E,8,1.54,E,8,-9900,?,9,-9900,?,9,0.020999999999999998,E,8,-9900,?,9,-9900,?,9,0.21,99.0,E,8
01/31/2024,17:00,642.489,1408.36,345.56,1,8,343.877,1,8,188.859,1,8,41467.2,1,8,32668.333,1,8,20774.447,1,8,131.922,1,8,-9900,?,9,-9900,?,9,22.59,E,8,17.09,E,8,71.0,E,8,872.5394,E,8,999.0,E,8,1.26,E,8,-9900,?,9,-9900,?,9,0.001,E,8,-9900,?,9,-9900,?,9,0.01,99.0,E,8
01/31/2024,18:00,328.021,1408.36,170.466,1,8,476.324,1,8,60.076,1,8,20455.92,1,8,45250.827,1,8,6608.396,1,8,82.514,1,8,-9900,?,9,-9900,?,9,22.056,E,8,17.142,E,8,74.0,E,8,872.5394,E,8,999.0,E,8,0.886,E,8,-9900,?,9,-9900,?,9,0.10740000000000001,E,8,-9900,?,9,-9900,?,9,1.074,99.0,E,8
01/31/2024,19:00,11.04,1408.36,99.572,1,8,0.0,1,8,0.0,1,8,11948.64,1,8,0.0,1,8,0.0,1,8,-0.0,1,8,-9900,?,9,-9900,?,9,21.706,E,8,17.176,E,8,75.6,E,8,872.5394,E,8,999.0,E,8,0.606,E,8,-9900,?,9,-9900,?,9,0.1052,E,8,-9900,?,9,-9900,?,9,1.052,99.0,E,8
01/31/2024,20:00,0.0,1408.36,30.46,1,8,0.0,1,8,0.0,1,8,3655.2,1,8,0.0,1,8,0.0,1,8,-0.0,1,8,-9900,?,9,-9900,?,9,21.274,E,8,17.218,E,8,77.6,E,8,872.5394,E,8,999.0,E,8,0.382,E,8,-9900,?,9,-9900,?,9,0.10540000000000001,E,8,-9900,?,9,-9900,?,9,1.054,99.0,E,8
01/31/2024,21:00,0.0,1408.36,4.156,1,8,0.0,1,8,0.0,1,8,498.72,1,8,0.0,1,8,0.0,1,8,-0.0,1,8,-9900,?,9,-9900,?,9,20.84,E,8,17.26,E,8,79.8,E,8,872.5394,E,8,999.0,E,8,0.23,E,8,-9900,?,9,-9900,?,9,0.1002,E,8,-9900,?,9,-9900,?,9,1.002,99.0,E,8
01/31/2024,22:00,0.0,1408.36,0.0,1,8,0.0,1,8,0.0,1,8,0.0,1,8,0.0,1,8,0.0,1,8,-0.0,1,8,-9900,?,9,-9900,?,9,20.252,E,8,17.342,E,8,83.4,E,8,872.5394,E,8,999.0,E,8,0.296,E,8,-9900,?,9,-9900,?,9,0.0864,E,8,-9900,?,9,-9900,?,9,0.864,99.0,E,8
01/31/2024,23:00,0.0,1408.36,0.0,1,8,0.0,1,8,0.0,1,8,0.0,1,8,0.0,1,8,0.0,1,8,-0.0,1,8,-9900,?,9,-9900,?,9,19.684,E,8,17.39,E,8,86.0,E,8,872.5394,E,8,999.0,E,8,0.396,E,8,-9900,?,9,-9900,?,9,0.0086,E,8,-9900,?,9,-9900,?,9,0.086,99.0,E,8
01/31/2016,24:00,0.0,1408.36,0.0,1,8,0.0,1,8,0.0,1,8,0.0,1,8,0.0,1,8,0.0,1,8,-0.0,1,8,-9900,?,9,-9900,?,9,19.136,E,8,17.404,E,8,89.2,E,8,872.5394,E,8,999.0,E,8,0.524,E,8,-9900,?,9,-9900,?,9,0.0066,E,8,-9900,?,9,-9900,?,9,0.066,99.0,E,8
02/01/2016,01:00,0.0,1408.36,0.0,1,8,0.0,1,8,0.0,1,8,0.0,1,8,0.0,1,8,0.0,1,8,-0.0,1,8,-9900,?,9,-9900,?,9,18.608,E,8,17.382,E,8,92.2,E,8,872.5394,E,8,999.0,E,8,0.652,E,8,-9900,?,9,-9900,?,9,0.0062,E,8,-9900,?,9,-9900,?,9,0.062,99.0,E,8
02/01/2016,02:00,0.0,1408.36,0.0,1,8,0.0,1,8,0.0,1,8,0.0,1,8,0.0,1,8,0.0,1,8,-0.0,1,8,-9900,?,9,-9900,?,9,18.1,E,8,17.326,E,8,95.0,E,8,872.5394,E,8,999.0,E,8,0.78,E,8,-9900,?,9,-9900,?,9,0.0,E,8,-9900,?,9,-9900,?,9,0.0,0.0,E,8
02/01/2016,03:00,0.0,1408.36,0.0,1,8,0.0,1,8,0.0,1,8,0.0,1,8,0.0,1,8,0.0,1,8,-0.0,1,8,-9900,?,9,-9900,?,9,17.798,E,8,17.198,E,8,96.0,E,8,872.5394,E,8,999.0,E,8,0.78,E,8,-9900,?,9,-9900,?,9,0.0,E,8,-9900,?,9,-9900,?,9,0.0,0.0,E,8
02/01/2016,04:00,0.0,1407.955,0.0,1,8,0.0,1,8,0.0,1,8,0.0,1,8,0.0,1,8,0.0,1,8,-0.0,1,8,-9900,?,9,-9900,?,9,17.516,E,8,17.076,E,8,97.0,E,8,872.5394,E,8,999.0,E,8,0.78,E,8,-9900,?,9,-9900,?,9,0.0,E,8,-9900,?,9,-9900,?,9,0.0,0.0,E,8
02/01/2016,05:00,0.0,1407.955,3.428,1,8,0.0,1,8,0.0,1,8,411.36,1,8,0.0,1,8,0.0,1,8,-0.0,1,8,-9900,?,9,-9900,?,9,17.256,E,8,16.964,E,8,97.8,E,8,872.5394,E,8,999.0,E,8,0.78,E,8,-9900,?,9,-9900,?,9,0.0,E,8,-9900,?,9,-9900,?,9,0.0,0.0,E,8
02/01/2016,06:00,0.0,1407.955,0.0,1,8,0.0,1,8,0.0,1,8,0.0,1,8,0.0,1,8,0.0,1,8,-0.0,1,8,-9900,?,9,-9900,?,9,17.0,E,8,16.85,E,8,99.0,E,8,872.5394,E,8,999.0,E,8,0.78,E,8,-9900,?,9,-9900,?,9,0.0,E,8,-9900,?,9,-9900,?,9,0.0,0.0,E,8
02/01/2016,07:00,304.567,1407.955,17.14,1,8,0.0,1,8,17.14,1,8,2056.8,1,8,0.0,1,8,1885.4,1,8,25.368,1,8,-9900,?,9,-9900,?,9,16.8,E,8,16.77,E,8,99.0,E,8,872.5394,E,8,999.0,E,8,0.78,E,8,-9900,?,9,-9900,?,9,0.0,E,8,-9900,?,9,-9900,?,9,0.0,0.0,E,8
02/01/2016,08:00,620.485,1407.955,99.64,1,8,0.0,1,8,99.64,1,8,11956.8,1,8,0.0,1,8,10960.4,1,8,72.056,1,8,-9900,?,9,-9900,?,9,17.81,E,8,17.2,E,8,96.0,E,8,872.5394,E,8,999.0,E,8,0.78,E,8,-9900,?,9,-9900,?,9,0.0,E,8,-9900,?,9,-9900,?,9,0.0,0.0,E,8
02/01/2016,09:00,905.108,1407.955,274.08,1,8,21.615,1,8,260.19,1,8,32889.6,1,8,2053.466,1,8,28620.928,1,8,128.887,1,8,-9900,?,9,-9900,?,9,19.04,E,8,17.72,E,8,92.0,E,8,872.5394,E,8,999.0,E,8,0.78,E,8,-9900,?,9,-9900,?,9,0.0,E,8,-9900,?,9,-9900,?,9,0.0,0.0,E,8
02/01/2016,10:00,1138.543,1407.955,393.57,1,8,32.453,1,8,367.331,1,8,47228.4,1,8,3082.992,1,8,40406.445,1,8,144.615,1,8,-9900,?,9,-9900,?,9,20.18,E,8,18.18,E,8,88.0,E,8,872.5394,E,8,999.0,E,8,0.78,E,8,-9900,?,9,-9900,?,9,0.0,E,8,-9900,?,9,-9900,?,9,0.0,0.0,E,8
02/01/2016,11:00,1304.769,1407.955,486.57,1,8,53.2,1,8,437.271,1,8,58388.4,1,8,5054.008,1,8,48099.836,1,8,150.203,1,8,-9900,?,9,-9900,?,9,21.18,E,8,18.58,E,8,85.0,E,8,872.5394,E,8,999.0,E,8,1.19,E,8,-9900,?,9,-9900,?,9,0.0,E,8,-9900,?,9,-9900,?,9,0.0,0.0,E,8
02/01/2016,12:00,1392.405,1407.955,545.86,1,8,60.426,1,8,486.101,1,8,65503.2,1,8,5740.494,1,8,53471.165,1,8,156.46,1,8,-9900,?,9,-9900,?,9,22.02,E,8,18.91,E,8,82.0,E,8,872.5394,E,8,999.0,E,8,2.3,E,8,-9900,?,9,-9900,?,9,0.0,E,8,-9900,?,9,-9900,?,9,0.0,0.0,E,8
02/01/2016,13:00,1395.453,1407.955,567.07,1,8,67.802,1,8,499.871,1,8,68048.4,1,8,6441.183,1,8,54985.756,1,8,160.54,1,8,-9900,?,9,-9900,?,9,22.67,E,8,19.16,E,8,80.0,E,8,872.5394,E,8,999.0,E,8,3.05,E,8,-9900,?,9,-9900,?,9,0.0,E,8,-9900,?,9,-9900,?,9,0.0,0.0,E,8
02/01/2016,14:00,1313.684,1407.955,548.66,1,8,90.096,1,8,464.6,1,8,65839.2,1,8,8559.088,1,8,51106.049,1,8,158.506,1,8,-9900,?,9,-9900,?,9,23.11,E,8,19.32,E,8,79.0,E,8,872.5394,E,8,999.0,E,8,3.91,E,8,-9900,?,9,-9900,?,9,0.0,E,8,-9900,?,9,-9900,?,9,0.0,0.0,E,8
02/01/2016,15:00,1152.666,1407.955,491.95,1,8,71.11,1,8,433.742,1,8,59034.0,1,8,6755.458,1,8,47711.613,1,8,168.667,1,8,-9900,?,9,-9900,?,9,23.35,E,8,19.41,E,8,78.0,E,8,872.5394,E,8,999.0,E,8,3.88,E,8,-9900,?,9,-9900,?,9,0.0,E,8,-9900,?,9,-9900,?,9,0.0,0.0,E,8
02/01/2016,16:00,923.387,1407.955,401.1,1,8,75.922,1,8,351.327,1,8,48132.0,1,8,7212.607,1,8,38645.958,1,8,170.583,1,8,-9900,?,9,-9900,?,9,23.39,E,8,19.43,E,8,78.0,E,8,872.5394,E,8,999.0,E,8,2.57,E,8,-9900,?,9,-9900,?,9,0.0,E,8,-9900,?,9,-9900,?,9,0.0,0.0,E,8
02/01/2016,17:00,641.55,1407.955,272.71,1,8,134.76,1,8,211.374,1,8,32725.2,1,8,12802.181,1,8,23251.101,1,8,147.823,1,8,-9900,?,9,-9900,?,9,23.1,E,8,19.32,E,8,79.0,E,8,872.5394,E,8,999.0,E,8,1.8,E,8,-9900,?,9,-9900,?,9,0.0,E,8,-9900,?,9,-9900,?,9,0.0,0.0,E,8
02/01/2016,18:00,326.773,1407.955,182.9,1,8,454.726,1,8,77.89,1,8,21948.0,1,8,43198.934,1,8,8567.953,1,8,107.363,1,8,-9900,?,9,-9900,?,9,22.63,E,8,19.14,E,8,80.0,E,8,872.5394,E,8,999.0,E,8,0.78,E,8,-9900,?,9,-9900,?,9,0.0,E,8,-9900,?,9,-9900,?,9,0.0,0.0,E,8
02/01/2016,19:00,9.64,1407.955,23.21,1,8,0.0,1,8,0.0,1,8,2785.2,1,8,0.0,1,8,0.0,1,8,-0.0,1,8,-9900,?,9,-9900,?,9,21.88,E,8,18.85,E,8,82.0,E,8,872.5394,E,8,999.0,E,8,0.78,E,8,-9900,?,9,-9900,?,9,0.0,E,8,-9900,?,9,-9900,?,9,0.0,0.0,E,8
02/01/2016,20:00,0.0,1407.955,0.0,1,8,0.0,1,8,0.0,1,8,0.0,1,8,0.0,1,8,0.0,1,8,-0.0,1,8,-9900,?,9,-9900,?,9,21.22,E,8,18.6,E,8,84.0,E,8,872.5394,E,8,999.0,E,8,0.78,E,8,-9900,?,9,-9900,?,9,0.0,E,8,-9900,?,9,-9900,?,9,0.0,0.0,E,8
02/01/2016,21:00,0.0,1407.955,0.0,1,8,0.0,1,8,0.0,1,8,0.0,1,8,0.0,1,8,0.0,1,8,-0.0,1,8,-9900,?,9,-9900,?,9,20.56,E,8,18.34,E,8,87.0,E,8,872.5394,E,8,999.0,E,8,0.78,E,8,-9900,?,9,-9900,?,9,0.0,E,8,-9900,?,9,-9900,?,9,0.0,0.0,E,8
02/01/2016,22:00,0.0,1407.955,0.0,1,8,0.0,1,8,0.0,1,8,0.0,1,8,0.0,1,8,0.0,1,8,-0.0,1,8,-9900,?,9,-9900,?,9,19.9,E,8,18.07,E,8,89.0,E,8,872.5394,E,8,999.0,E,8,0.78,E,8,-9900,?,9,-9900,?,9,0.0,E,8,-9900,?,9,-9900,?,9,0.0,0.0,E,8
02/01/2016,23:00,0.0,1407.955,0.0,1,8,0.0,1,8,0.0,1,8,0.0,1,8,0.0,1,8,0.0,1,8,-0.0,1,8,-9900,?,9,-9900,?,9,19.24,E,8,17.8,E,8,91.0,E,8,872.5394,E,8,999.0,E,8,0.78,E,8,-9900,?,9,-9900,?,9,0.0,E,8,-9900,?,9,-9900,?,9,0.0,0.0,E,8
02/01/2016,24:00,0.0,1407.955,0.0,1,8,0.0,1,8,0.0,1,8,0.0,1,8,0.0,1,8,0.0,1,8,-0.0,1,8,-9900,?,9,-9900,?,9,18.58,E,8,15.38,E,8,81.0,E,8,872.5394,E,8,999.0,E,8,1.1,E,8,-9900,?,9,-9900,?,9,0.0,E,8,-9900,?,9,-9900,?,9,0.0,0.0,E,8
02/02/2016,01:00,0.0,1407.955,0.0,1,8,0.0,1,8,0.0,1,8,0.0,1,8,0.0,1,8,0.0,1,8,-0.0,1,8,-9900,?,9,-9900,?,9,18.25,E,8,15.18,E,8,82.0,E,8,872.5394,E,8,999.0,E,8,1.1,E,8,-9900,?,9,-9900,?,9,0.0,E,8,-9900,?,9,-9900,?,9,0.0,0.0,E,8
02/02/2016,02:00,0.0,1407.955,0.0,1,8,0.0,1,8,0.0,1,8,0.0,1,8,0.0,1,8,0.0,1,8,-0.0,1,8,-9900,?,9,-9900,?,9,17.92,E,8,14.97,E,8,82.0,E,8,872.5394,E,8,999.0,E,8,1.1,E,8,-9900,?,9,-9900,?,9,0.0,E,8,-9900,?,9,-9900,?,9,0.0,0.0,E,8
02/02/2016,03:00,0.0,1407.955,0.0,1,8,0.0,1,8,0.0,1,8,0.0,1,8,0.0,1,8,0.0,1,8,-0.0,1,8,-9900,?,9,-9900,?,9,17.59,E,8,14.76,E,8,83.0,E,8,872.5394,E,8,999.0,E,8,1.1,E,8,-9900,?,9,-9900,?,9,0.0,E,8,-9900,?,9,-9900,?,9,0.0,0.0,E,8
02/02/2016,04:00,0.0,1407.537,0.0,1,8,0.0,1,8,0.0,1,8,0.0,1,8,0.0,1,8,0.0,1,8,-0.0,1,8,-9900,?,9,-9900,?,9,17.26,E,8,14.55,E,8,84.0,E,8,872.5394,E,8,999.0,E,8,1.1,E,8,-9900,?,9,-9900,?,9,0.0,E,8,-9900,?,9,-9900,?,9,0.0,0.0,E,8
02/02/2016,05:00,0.0,1407.537,0.0,1,8,0.0,1,8,0.0,1,8,0.0,1,8,0.0,1,8,0.0,1,8,-0.0,1,8,-9900,?,9,-9900,?,9,16.96,E,8,14.36,E,8,84.0,E,8,872.5394,E,8,999.0,E,8,1.1,E,8,-9900,?,9,-9900,?,9,0.0,E,8,-9900,?,9,-9900,?,9,0.0,0.0,E,8
02/02/2016,06:00,0.0,1407.537,0.0,1,8,0.0,1,8,0.0,1,8,0.0,1,8,0.0,1,8,0.0,1,8,-0.0,1,8,-9900,?,9,-9900,?,9,16.75,E,8,14.22,E,8,85.0,E,8,872.5394,E,8,999.0,E,8,1.1,E,8,-9900,?,9,-9900,?,9,0.0,E,8,-9900,?,9,-9900,?,9,0.0,0.0,E,8
02/02/2016,07:00,301.581,1407.537,20.69,1,8,0.0,1,8,20.69,1,8,2482.8,1,8,0.0,1,8,2275.9,1,8,30.919,1,8,-9900,?,9,-9900,?,9,16.53,E,8,14.07,E,8,85.0,E,8,872.5394,E,8,999.0,E,8,1.1,E,8,-9900,?,9,-9900,?,9,0.0,E,8,-9900,?,9,-9900,?,9,0.0,0.0,E,8
02/02/2016,08:00,617.926,1407.537,174.84,1,8,13.568,1,8,168.891,1,8,20980.8,1,8,1288.954,1,8,18577.987,1,8,122.606,1,8,-9900,?,9,-9900,?,9,17.93,E,8,14.98,E,8,82.0,E,8,872.5394,E,8,999.0,E,8,1.1,E,8,-9900,?,9,-9900,?,9,0.0,E,8,-9900,?,9,-9900,?,9,0.0,0.0,E,8
02/02/2016,09:00,902.994,1407.537,345.78,1,8,80.443,1,8,294.194,1,8,41493.6,1,8,7642.065,1,8,32361.366,1,8,146.03,1,8,-9900,?,9,-9900,?,9,19.12,E,8,15.71,E,8,80.0,E,8,872.5394,E,8,999.0,E,8,1.1,E,8,-9900,?,9,-9900,?,9,0.0,E,8,-9900,?,9,-9900,?,9,0.0,0.0,E,8
02/02/2016,10:00,1136.853,1407.537,497.34,1,8,94.806,1,8,420.778,1,8,59680.8,1,8,9006.597,1,8,46285.573,1,8,165.854,1,8,-9900,?,9,-9900,?,9,20.25,E,8,16.38,E,8,78.0,E,8,872.5394,E,8,999.0,E,8,1.1,E,8,-9900,?,9,-9900,?,9,0.0,E,8,-9900,?,9,-9900,?,9,0.0,0.0,E,8
02/02/2016,11:00,1303.45,1407.537,615.34,1,8,78.504,1,8,542.645,1,8,73840.8,1,8,7457.924,1,8,59690.897,1,8,186.532,1,8,-9900,?,9,-9900,?,9,21.27,E,8,16.96,E,8,76.0,E,8,872.5394,E,8,999.0,E,8,1.1,E,8,-9900,?,9,-9900,?,9,0.0,E,8,-9900,?,9,-9900,?,9,0.0,0.0,E,8
02/02/2016,12:00,1391.379,1407.537,690.62,1,8,90.784,1,8,600.879,1,8,82874.4,1,8,8624.507,1,8,66096.637,1,8,193.488,1,8,-9900,?,9,-9900,?,9,22.13,E,8,17.43,E,8,74.0,E,8,872.5394,E,8,999.0,E,8,1.1,E,8,-9900,?,9,-9900,?,9,0.0,E,8,-9900,?,9,-9900,?,9,0.0,0.0,E,8
02/02/2016,13:00,1394.62,1407.537,717.62,1,8,105.043,1,8,613.541,1,8,86114.4,1,8,9979.092,1,8,67489.564,1,8,197.106,1,8,-9900,?,9,-9900,?,9,22.8,E,8,17.79,E,8,73.0,E,8,872.5394,E,8,999.0,E,8,2.33,E,8,-9900,?,9,-9900,?,9,0.0,E,8,-9900,?,9,-9900,?,9,0.0,0.0,E,8
02/02/2016,14:00,1312.934,1407.537,694.39,1,8,123.88,1,8,578.841,1,8,83326.8,1,8,11768.585,1,8,63672.559,1,8,197.536,1,8,-9900,?,9,-9900,?,9,23.26,E,8,18.04,E,8,72.0,E,8,872.5394,E,8,999.0,E,8,2.19,E,8,-9900,?,9,-9900,?,9,0.0,E,8,-9900,?,9,-9900,?,9,0.0,0.0,E,8
02/02/2016,15:00,1151.881,1407.537,622.59,1,8,183.55,1,8,472.401,1,8,74710.8,1,8,17437.248,1,8,51964.079,1,8,183.771,1,8,-9900,?,9,-9900,?,9,23.51,E,8,18.17,E,8,71.0,E,8,872.5394,E,8,999.0,E,8,3.33,E,8,-9900,?,9,-9900,?,9,0.0,E,8,-9900,?,9,-9900,?,9,0.0,0.0,E,8
02/02/2016,16:00,922.451,1407.537,507.47,1,8,315.504,1,8,300.78,1,8,60896.4,1,8,29972.88,1,8,33085.828,1,8,146.145,1,8,-9900,?,9,-9900,?,9,23.54,E,8,18.18,E,8,71.0,E,8,872.5394,E,8,999.0,E,8,2.01,E,8,-9900,?,9,-9900,?,9,0.0,E,8,-9900,?,9,-9900,?,9,0.0,0.0,E,8
02/02/2016,17:00,640.359,1407.537,357.93,1,8,393.693,1,8,179.02,1,8,42951.6,1,8,37400.792,1,8,19692.185,1,8,125.393,1,8,-9900,?,9,-9900,?,9,23.25,E,8,18.03,E,8,72.0,E,8,872.5394,E,8,999.0,E,8,1.1,E,8,-9900,?,9,-9900,?,9,0.0,E,8,-9900,?,9,-9900,?,9,0.0,0.0,E,8
02/02/2016,18:00,325.245,1407.537,187.6,1,8,535.794,1,8,64.417,1,8,22512.0,1,8,50900.454,1,8,7085.862,1,8,89.186,1,8,-9900,?,9,-9900,?,9,22.66,E,8,17.72,E,8,73.0,E,8,872.5394,E,8,999.0,E,8,1.1,E,8,-9900,?,9,-9900,?,9,0.0,E,8,-9900,?,9,-9900,?,9,0.0,0.0,E,8
02/02/2016,19:00,7.99,1407.537,28.78,1,8,0.0,1,8,0.0,1,8,3453.6,1,8,0.0,1,8,0.0,1,8,-0.0,1,8,-9900,?,9,-9900,?,9,21.86,E,8,17.29,E,8,75.0,E,8,872.5394,E,8,999.0,E,8,1.1,E,8,-9900,?,9,-9900,?,9,0.0,E,8,-9900,?,9,-9900,?,9,0.0,0.0,E,8
02/02/2016,20:00,0.0,1407.537,0.0,1,8,0.0,1,8,0.0,1,8,0.0,1,8,0.0,1,8,0.0,1,8,-0.0,1,8,-9900,?,9,-9900,?,9,21.17,E,8,16.9,E,8,76.0,E,8,872.5394,E,8,999.0,E,8,1.1,E,8,-9900,?,9,-9900,?,9,0.0,E,8,-9900,?,9,-9900,?,9,0.0,0.0,E,8
02/02/2016,21:00,0.0,1407.537,0.0,1,8,0.0,1,8,0.0,1,8,0.0,1,8,0.0,1,8,0.0,1,8,-0.0,1,8,-9900,?,9,-9900,?,9,20.48,E,8,16.51,E,8,77.0,E,8,872.5394,E,8,999.0,E,8,1.1,E,8,-9900,?,9,-9900,?,9,0.0,E,8,-9900,?,9,-9900,?,9,0.0,0.0,E,8
02/02/2016,22:00,0.0,1407.537,0.0,1,8,0.0,1,8,0.0,1,8,0.0,1,8,0.0,1,8,0.0,1,8,-0.0,1,8,-9900,?,9,-9900,?,9,19.79,E,8,16.11,E,8,79.0,E,8,872.5394,E,8,999.0,E,8,1.1,E,8,-9900,?,9,-9900,?,9,0.0,E,8,-9900,?,9,-9900,?,9,0.0,0.0,E,8
02/02/2016,23:00,0.0,1407.537,0.0,1,8,0.0,1,8,0.0,1,8,0.0,1,8,0.0,1,8,0.0,1,8,-0.0,1,8,-9900,?,9,-9900,?,9,19.09,E,8,15.69,E,8,80.0,E,8,872.5394,E,8,999.0,E,8,1.1,E,8,-9900,?,9,-9900,?,9,0.0,E,8,-9900,?,9,-9900,?,9,0.0,0.0,E,8
02/02/2016,24:00,0.0,1407.537,0.0,1,8,0.0,1,8,0.0,1,8,0.0,1,8,0.0,1,8,0.0,1,8,-0.0,1,8,-9900,?,9,-9900,?,9,18.4,E,8,14.63,E,8,78.0,E,8,872.5394,E,8,999.0,E,8,0.91,E,8,-9900,?,9,-9900,?,9,0.0,E,8,-9900,?,9,-9900,?,9,0.0,0.0,E,8
02/03/2016,01:00,0.0,1407.537,0.0,1,8,0.0,1,8,0.0,1,8,0.0,1,8,0.0,1,8,0.0,1,8,-0.0,1,8,-9900,?,9,-9900,?,9,18.05,E,8,14.64,E,8,80.0,E,8,872.5394,E,8,999.0,E,8,0.91,E,8,-9900,?,9,-9900,?,9,0.0,E,8,-9900,?,9,-9900,?,9,0.0,0.0,E,8
02/03/2016,02:00,0.0,1407.537,0.0,1,8,0.0,1,8,0.0,1,8,0.0,1,8,0.0,1,8,0.0,1,8,-0.0,1,8,-9900,?,9,-9900,?,9,17.71,E,8,14.64,E,8,82.0,E,8,872.5394,E,8,999.0,E,8,0.91,E,8,-9900,?,9,-9900,?,9,0.0,E,8,-9900,?,9,-9900,?,9,0.0,0.0,E,8
02/03/2016,03:00,0.0,1407.537,0.0,1,8,0.0,1,8,0.0,1,8,0.0,1,8,0.0,1,8,0.0,1,8,-0.0,1,8,-9900,?,9,-9900,?,9,17.36,E,8,14.64,E,8,84.0,E,8,872.5394,E,8,999.0,E,8,0.91,E,8,-9900,?,9,-9900,?,9,0.0,E,8,-9900,?,9,-9900,?,9,0.0,0.0,E,8
02/03/2016,04:00,0.0,1407.107,0.0,1,8,0.0,1,8,0.0,1,8,0.0,1,8,0.0,1,8,0.0,1,8,-0.0,1,8,-9900,?,9,-9900,?,9,17.02,E,8,14.65,E,8,85.0,E,8,872.5394,E,8,999.0,E,8,0.91,E,8,-9900,?,9,-9900,?,9,0.0,E,8,-9900,?,9,-9900,?,9,0.0,0.0,E,8
02/03/2016,05:00,0.0,1407.107,0.0,1,8,0.0,1,8,0.0,1,8,0.0,1,8,0.0,1,8,0.0,1,8,-0.0,1,8,-9900,?,9,-9900,?,9,16.71,E,8,14.65,E,8,87.0,E,8,872.5394,E,8,999.0,E,8,0.91,E,8,-9900,?,9,-9900,?,9,0.0,E,8,-9900,?,9,-9900,?,9,0.0,0.0,E,8
02/03/2016,06:00,0.0,1407.107,0.0,1,8,0.0,1,8,0.0,1,8,0.0,1,8,0.0,1,8,0.0,1,8,-0.0,1,8,-9900,?,9,-9900,?,9,16.48,E,8,14.65,E,8,88.0,E,8,872.5394,E,8,999.0,E,8,0.91,E,8,-9900,?,9,-9900,?,9,0.0,E,8,-9900,?,9,-9900,?,9,0.0,0.0,E,8
02/03/2016,07:00,298.618,1407.107,29.82,1,8,0.0,1,8,29.82,1,8,3578.4,1,8,0.0,1,8,3280.2,1,8,44.997,1,8,-9900,?,9,-9900,?,9,16.25,E,8,14.66,E,8,90.0,E,8,872.5394,E,8,999.0,E,8,0.91,E,8,-9900,?,9,-9900,?,9,0.0,E,8,-9900,?,9,-9900,?,9,0.0,0.0,E,8
02/03/2016,08:00,615.383,1407.107,244.41,1,8,96.338,1,8,202.329,1,8,29329.2,1,8,9152.143,1,8,22256.238,1,8,147.444,1,8,-9900,?,9,-9900,?,9,18.27,E,8,14.63,E,8,79.0,E,8,872.5394,E,8,999.0,E,8,0.91,E,8,-9900,?,9,-9900,?,9,0.0,E,8,-9900,?,9,-9900,?,9,0.0,0.0,E,8
02/03/2016,09:00,900.885,1407.107,476.47,1,8,232.286,1,8,327.814,1,8,57176.4,1,8,22067.2,1,8,36059.542,1,8,163.049,1,8,-9900,?,9,-9900,?,9,19.94,E,8,14.62,E,8,71.0,E,8,872.5394,E,8,999.0,E,8,0.91,E,8,-9900,?,9,-9900,?,9,0.0,E,8,-9900,?,9,-9900,?,9,0.0,0.0,E,8
02/03/2016,10:00,1135.153,1407.107,688.44,1,8,360.899,1,8,397.338,1,8,82612.8,1,8,34285.439,1,8,43707.21,1,8,156.802,1,8,-9900,?,9,-9900,?,9,21.55,E,8,14.6,E,8,64.0,E,8,872.5394,E,8,999.0,E,8,0.91,E,8,-9900,?,9,-9900,?,9,0.0,E,8,-9900,?,9,-9900,?,9,0.0,0.0,E,8
02/03/2016,11:00,1302.102,1407.107,849.02,1,8,451.836,1,8,430.923,1,8,101882.4,1,8,42924.388,1,8,47401.524,1,8,148.236,1,8,-9900,?,9,-9900,?,9,22.99,E,8,14.59,E,8,59.0,E,8,872.5394,E,8,999.0,E,8,0.91,E,8,-9900,?,9,-9900,?,9,0.0,E,8,-9900,?,9,-9900,?,9,0.0,0.0,E,8
02/03/2016,12:00,1390.306,1407.107,950.31,1,8,441.783,1,8,513.805,1,8,114037.2,1,8,41969.396,1,8,56518.546,1,8,165.527,1,8,-9900,?,9,-9900,?,9,24.2,E,8,14.57,E,8,54.0,E,8,872.5394,E,8,999.0,E,8,1.25,E,8,-9900,?,9,-9900,?,9,0.0,E,8,-9900,?,9,-9900,?,9,0.0,0.0,E,8
02/03/2016,13:00,1393.722,1407.107,977.84,1,8,468.996,1,8,513.308,1,8,117340.8,1,8,44554.609,1,8,56463.864,1,8,164.961,1,8,-9900,?,9,-9900,?,9,25.12,E,8,14.56,E,8,51.0,E,8,872.5394,E,8,999.0,E,8,2.29,E,8,-9900,?,9,-9900,?,9,0.0,E,8,-9900,?,9,-9900,?,9,0.0,0.0,E,8
02/03/2016,14:00,1312.101,1407.107,936.49,1,8,557.065,1,8,417.061,1,8,112378.8,1,8,52921.136,1,8,45876.659,1,8,142.373,1,8,-9900,?,9,-9900,?,9,25.74,E,8,14.56,E,8,50.0,E,8,872.5394,E,8,999.0,E,8,3.78,E,8,-9900,?,9,-9900,?,9,0.0,E,8,-9900,?,9,-9900,?,9,0.0,0.0,E,8
02/03/2016,15:00,1150.998,1407.107,819.43,1,8,631.692,1,8,302.788,1,8,98331.6,1,8,60010.784,1,8,33306.662,1,8,117.843,1,8,-9900,?,9,-9900,?,9,26.02,E,8,14.55,E,8,49.0,E,8,872.5394,E,8,999.0,E,8,3.36,E,8,-9900,?,9,-9900,?,9,0.0,E,8,-9900,?,9,-9900,?,9,0.0,0.0,E,8
02/03/2016,16:00,921.406,1407.107,683.47,1,8,787.497,1,8,168.0,1,8,82016.4,1,8,74812.238,1,8,18480.017,1,8,81.697,1,8,-9900,?,9,-9900,?,9,26.05,E,8,14.55,E,8,49.0,E,8,872.5394,E,8,999.0,E,8,2.93,E,8,-9900,?,9,-9900,?,9,0.0,E,8,-9900,?,9,-9900,?,9,0.0,0.0,E,8
02/03/2016,17:00,639.053,1407.107,510.03,1,8,713.36,1,8,186.414,1,8,61203.6,1,8,67769.213,1,8,20505.494,1,8,130.799,1,8,-9900,?,9,-9900,?,9,25.7,E,8,14.56,E,8,50.0,E,8,872.5394,E,8,999.0,E,8,1.9,E,8,-9900,?,9,-9900,?,9,0.0,E,8,-9900,?,9,-9900,?,9,0.0,0.0,E,8
02/03/2016,18:00,323.6,1407.107,269.39,1,8,661.928,1,8,117.939,1,8,32326.8,1,8,62883.199,1,8,12973.245,1,8,164.076,1,8,-9900,?,9,-9900,?,9,24.9,E,8,14.57,E,8,52.0,E,8,872.5394,E,8,999.0,E,8,0.91,E,8,-9900,?,9,-9900,?,9,0.0,E,8,-9900,?,9,-9900,?,9,0.0,0.0,E,8
02/03/2016,19:00,6.25,1407.107,45.25,1,8,0.0,1,8,0.0,1,8,5430.0,1,8,0.0,1,8,0.0,1,8,-0.0,1,8,-9900,?,9,-9900,?,9,23.8,E,8,14.58,E,8,56.0,E,8,872.5394,E,8,999.0,E,8,0.91,E,8,-9900,?,9,-9900,?,9,0.0,E,8,-9900,?,9,-9900,?,9,0.0,0.0,E,8
02/03/2016,20:00,0.0,1407.107,0.0,1,8,0.0,1,8,0.0,1,8,0.0,1,8,0.0,1,8,0.0,1,8,-0.0,1,8,-9900,?,9,-9900,?,9,22.75,E,8,14.59,E,8,59.0,E,8,872.5394,E,8,999.0,E,8,0.91,E,8,-9900,?,9,-9900,?,9,0.0,E,8,-9900,?,9,-9900,?,9,0.0,0.0,E,8
02/03/2016,21:00,0.0,1407.107,0.0,1,8,0.0,1,8,0.0,1,8,0.0,1,8,0.0,1,8,0.0,1,8,-0.0,1,8,-9900,?,9,-9900,?,9,21.7,E,8,14.6,E,8,63.0,E,8,872.5394,E,8,999.0,E,8,0.91,E,8,-9900,?,9,-9900,?,9,0.0,E,8,-9900,?,9,-9900,?,9,0.0,0.0,E,8
02/03/2016,22:00,0.0,1407.107,0.0,1,8,0.0,1,8,0.0,1,8,0.0,1,8,0.0,1,8,0.0,1,8,-0.0,1,8,-9900,?,9,-9900,?,9,20.66,E,8,14.61,E,8,68.0,E,8,872.5394,E,8,999.0,E,8,0.91,E,8,-9900,?,9,-9900,?,9,0.0,E,8,-9900,?,9,-9900,?,9,0.0,0.0,E,8
02/03/2016,23:00,0.0,1407.107,0.0,1,8,0.0,1,8,0.0,1,8,0.0,1,8,0.0,1,8,0.0,1,8,-0.0,1,8,-9900,?,9,-9900,?,9,19.61,E,8,14.62,E,8,72.0,E,8,872.5394,E,8,999.0,E,8,0.91,E,8,-9900,?,9,-9900,?,9,0.0,E,8,-9900,?,9,-9900,?,9,0.0,0.0,E,8
02/03/2016,24:00,0.0,1407.107,0.0,1,8,0.0,1,8,0.0,1,8,0.0,1,8,0.0,1,8,0.0,1,8,-0.0,1,8,-9900,?,9,-9900,?,9,18.56,E,8,15.15,E,8,80.0,E,8,872.5394,E,8,999.0,E,8,1.29,E,8,-9900,?,9,-9900,?,9,0.0,E,8,-9900,?,9,-9900,?,9,0.0,0.0,E,8
02/04/2016,01:00,0.0,1407.107,0.0,1,8,0.0,1,8,0.0,1,8,0.0,1,8,0.0,1,8,0.0,1,8,-0.0,1,8,-9900,?,9,-9900,?,9,18.04,E,8,15.02,E,8,82.0,E,8,872.5394,E,8,999.0,E,8,1.29,E,8,-9900,?,9,-9900,?,9,0.0,E,8,-9900,?,9,-9900,?,9,0.0,0.0,E,8
02/04/2016,02:00,0.0,1407.107,0.0,1,8,0.0,1,8,0.0,1,8,0.0,1,8,0.0,1,8,0.0,1,8,-0.0,1,8,-9900,?,9,-9900,?,9,17.51,E,8,14.89,E,8,84.0,E,8,872.5394,E,8,999.0,E,8,1.29,E,8,-9900,?,9,-9900,?,9,0.0,E,8,-9900,?,9,-9900,?,9,0.0,0.0,E,8
02/04/2016,03:00,0.0,1407.107,0.0,1,8,0.0,1,8,0.0,1,8,0.0,1,8,0.0,1,8,0.0,1,8,-0.0,1,8,-9900,?,9,-9900,?,9,16.99,E,8,14.76,E,8,86.0,E,8,872.5394,E,8,999.0,E,8,1.29,E,8,-9900,?,9,-9900,?,9,0.0,E,8,-9900,?,9,-9900,?,9,0.0,0.0,E,8
02/04/2016,04:00,0.0,1406.664,0.0,1,8,0.0,1,8,0.0,1,8,0.0,1,8,0.0,1,8,0.0,1,8,-0.0,1,8,-9900,?,9,-9900,?,9,16.47,E,8,14.63,E,8,88.0,E,8,872.5394,E,8,999.0,E,8,1.29,E,8,-9900,?,9,-9900,?,9,0.0,E,8,-9900,?,9,-9900,?,9,0.0,0.0,E,8
02/04/2016,05:00,0.0,1406.664,0.0,1,8,0.0,1,8,0.0,1,8,0.0,1,8,0.0,1,8,0.0,1,8,-0.0,1,8,-9900,?,9,-9900,?,9,16.0,E,8,14.51,E,8,90.0,E,8,872.5394,E,8,999.0,E,8,1.29,E,8,-9900,?,9,-9900,?,9,0.0,E,8,-9900,?,9,-9900,?,9,0.0,0.0,E,8
02/04/2016,06:00,0.0,1406.664,0.0,1,8,0.0,1,8,0.0,1,8,0.0,1,8,0.0,1,8,0.0,1,8,-0.0,1,8,-9900,?,9,-9900,?,9,15.66,E,8,14.42,E,8,92.0,E,8,872.5394,E,8,999.0,E,8,1.29,E,8,-9900,?,9,-9900,?,9,0.0,E,8,-9900,?,9,-9900,?,9,0.0,0.0,E,8
02/04/2016,07:00,295.68,1406.664,29.08,1,8,0.0,1,8,29.08,1,8,3489.6,1,8,0.0,1,8,3198.8,1,8,44.308,1,8,-9900,?,9,-9900,?,9,15.31,E,8,14.33,E,8,93.0,E,8,872.5394,E,8,999.0,E,8,1.29,E,8,-9900,?,9,-9900,?,9,0.0,E,8,-9900,?,9,-9900,?,9,0.0,0.0,E,8
02/04/2016,08:00,612.857,1406.664,201.59,1,8,30.604,1,8,188.273,1,8,24190.8,1,8,2907.371,1,8,20710.037,1,8,137.724,1,8,-9900,?,9,-9900,?,9,17.19,E,8,14.81,E,8,85.0,E,8,872.5394,E,8,999.0,E,8,1.29,E,8,-9900,?,9,-9900,?,9,0.0,E,8,-9900,?,9,-9900,?,9,0.0,0.0,E,8
02/04/2016,09:00,898.78,1406.664,356.4,1,8,65.503,1,8,314.565,1,8,42768.0,1,8,6222.791,1,8,34602.147,1,8,156.777,1,8,-9900,?,9,-9900,?,9,18.51,E,8,15.13,E,8,80.0,E,8,872.5394,E,8,999.0,E,8,1.29,E,8,-9900,?,9,-9900,?,9,0.0,E,8,-9900,?,9,-9900,?,9,0.0,0.0,E,8
02/04/2016,10:00,1133.441,1406.664,520.39,1,8,161.278,1,8,390.458,1,8,62446.8,1,8,15321.418,1,8,42950.422,1,8,154.271,1,8,-9900,?,9,-9900,?,9,19.83,E,8,15.45,E,8,75.0,E,8,872.5394,E,8,999.0,E,8,1.29,E,8,-9900,?,9,-9900,?,9,0.0,E,8,-9900,?,9,-9900,?,9,0.0,0.0,E,8
02/04/2016,11:00,1300.726,1406.664,626.74,1,8,135.229,1,8,501.701,1,8,75208.8,1,8,12846.763,1,8,55187.158,1,8,172.712,1,8,-9900,?,9,-9900,?,9,20.97,E,8,15.73,E,8,71.0,E,8,872.5394,E,8,999.0,E,8,1.29,E,8,-9900,?,9,-9900,?,9,0.0,E,8,-9900,?,9,-9900,?,9,0.0,0.0,E,8
02/04/2016,12:00,1389.185,1406.664,793.88,1,8,244.064,1,8,552.85,1,8,95265.6,1,8,23186.104,1,8,60813.533,1,8,178.193,1,8,-9900,?,9,-9900,?,9,22.19,E,8,16.01,E,8,68.0,E,8,872.5394,E,8,999.0,E,8,1.29,E,8,-9900,?,9,-9900,?,9,0.0,E,8,-9900,?,9,-9900,?,9,0.0,0.0,E,8
02/04/2016,13:00,1392.758,1406.664,992.26,1,8,459.499,1,8,537.306,1,8,119071.2,1,8,43652.403,1,8,59103.681,1,8,172.739,1,8,-9900,?,9,-9900,?,9,23.52,E,8,16.32,E,8,64.0,E,8,872.5394,E,8,999.0,E,8,1.29,E,8,-9900,?,9,-9900,?,9,0.0,E,8,-9900,?,9,-9900,?,9,0.0,0.0,E,8
02/04/2016,14:00,1311.184,1406.664,878.17,1,8,433.984,1,8,473.662,1,8,105380.4,1,8,41228.444,1,8,52102.789,1,8,161.757,1,8,-9900,?,9,-9900,?,9,24.28,E,8,16.49,E,8,61.0,E,8,872.5394,E,8,999.0,E,8,1.29,E,8,-9900,?,9,-9900,?,9,0.0,E,8,-9900,?,9,-9900,?,9,0.0,0.0,E,8
02/04/2016,15:00,1150.016,1406.664,567.67,1,8,188.127,1,8,413.89,1,8,68120.4,1,8,17872.026,1,8,45527.881,1,8,161.17,1,8,-9900,?,9,-9900,?,9,24.32,E,8,16.5,E,8,61.0,E,8,872.5394,E,8,999.0,E,8,1.53,E,8,-9900,?,9,-9900,?,9,0.0,E,8,-9900,?,9,-9900,?,9,0.0,0.0,E,8
02/04/2016,16:00,920.252,1406.664,479.57,1,8,201.577,1,8,347.748,1,8,57548.4,1,8,19149.818,1,8,38252.304,1,8,169.266,1,8,-9900,?,9,-9900,?,9,24.12,E,8,16.46,E,8,62.0,E,8,872.5394,E,8,999.0,E,8,2.09,E,8,-9900,?,9,-9900,?,9,0.0,E,8,-9900,?,9,-9900,?,9,0.0,0.0,E,8
02/04/2016,17:00,637.632,1406.664,518.38,1,8,607.745,1,8,243.204,1,8,62205.6,1,8,57735.776,1,8,26752.459,1,8,170.975,1,8,-9900,?,9,-9900,?,9,24.05,E,8,16.44,E,8,62.0,E,8,872.5394,E,8,999.0,E,8,1.29,E,8,-9900,?,9,-9900,?,9,0.0,E,8,-9900,?,9,-9900,?,9,0.0,0.0,E,8
02/04/2016,18:00,321.839,1406.664,248.68,1,8,660.039,1,8,98.444,1,8,29841.6,1,8,62703.711,1,8,10828.807,1,8,137.668,1,8,-9900,?,9,-9900,?,9,23.37,E,8,16.28,E,8,64.0,E,8,872.5394,E,8,999.0,E,8,1.29,E,8,-9900,?,9,-9900,?,9,0.0,E,8,-9900,?,9,-9900,?,9,0.0,0.0,E,8
02/04/2016,19:00,4.423,1406.664,36.63,1,8,0.0,1,8,0.0,1,8,4395.6,1,8,0.0,1,8,0.0,1,8,-0.0,1,8,-9900,?,9,-9900,?,9,22.34,E,8,16.05,E,8,67.0,E,8,872.5394,E,8,999.0,E,8,1.29,E,8,-9900,?,9,-9900,?,9,0.0,E,8,-9900,?,9,-9900,?,9,0.0,0.0,E,8
02/04/2016,20:00,0.0,1406.664,0.0,1,8,0.0,1,8,0.0,1,8,0.0,1,8,0.0,1,8,0.0,1,8,-0.0,1,8,-9900,?,9,-9900,?,9,21.49,E,8,15.85,E,8,70.0,E,8,872.5394,E,8,999.0,E,8,1.29,E,8,-9900,?,9,-9900,?,9,0.0,E,8,-9900,?,9,-9900,?,9,0.0,0.0,E,8
02/04/2016,21:00,0.0,1406.664,0.0,1,8,0.0,1,8,0.0,1,8,0.0,1,8,0.0,1,8,0.0,1,8,-0.0,1,8,-9900,?,9,-9900,?,9,20.64,E,8,15.65,E,8,73.0,E,8,872.5394,E,8,999.0,E,8,1.29,E,8,-9900,?,9,-9900,?,9,0.0,E,8,-9900,?,9,-9900,?,9,0.0,0.0,E,8
02/04/2016,22:00,0.0,1406.664,0.0,1,8,0.0,1,8,0.0,1,8,0.0,1,8,0.0,1,8,0.0,1,8,-0.0,1,8,-9900,?,9,-9900,?,9,19.78,E,8,15.44,E,8,76.0,E,8,872.5394,E,8,999.0,E,8,1.29,E,8,-9900,?,9,-9900,?,9,0.0,E,8,-9900,?,9,-9900,?,9,0.0,0.0,E,8
02/04/2016,23:00,0.0,1406.664,0.0,1,8,0.0,1,8,0.0,1,8,0.0,1,8,0.0,1,8,0.0,1,8,-0.0,1,8,-9900,?,9,-9900,?,9,18.93,E,8,15.24,E,8,79.0,E,8,872.5394,E,8,999.0,E,8,1.29,E,8,-9900,?,9,-9900,?,9,0.0,E,8,-9900,?,9,-9900,?,9,0.0,0.0,E,8
02/04/2016,24:00,0.0,1406.664,0.0,1,8,0.0,1,8,0.0,1,8,0.0,1,8,0.0,1,8,0.0,1,8,-0.0,1,8,-9900,?,9,-9900,?,9,18.07,E,8,16.45,E,8,91.0,E,8,872.5394,E,8,999.0,E,8,1.11,E,8,-9900,?,9,-9900,?,9,0.004,E,8,-9900,?,9,-9900,?,9,0.04,99.0,E,8
02/05/2016,01:00,0.0,1406.664,0.0,1,8,0.0,1,8,0.0,1,8,0.0,1,8,0.0,1,8,0.0,1,8,-0.0,1,8,-9900,?,9,-9900,?,9,17.64,E,8,16.29,E,8,93.0,E,8,872.5394,E,8,999.0,E,8,1.28,E,8,-9900,?,9,-9900,?,9,0.006,E,8,-9900,?,9,-9900,?,9,0.06,99.0,E,8
02/05/2016,02:00,0.0,1406.664,0.0,1,8,0.0,1,8,0.0,1,8,0.0,1,8,0.0,1,8,0.0,1,8,-0.0,1,8,-9900,?,9,-9900,?,9,17.22,E,8,16.12,E,8,90.0,E,8,872.5394,E,8,999.0,E,8,1.11,E,8,-9900,?,9,-9900,?,9,0.0,E,8,-9900,?,9,-9900,?,9,0.0,0.0,E,8
02/05/2016,03:00,0.0,1406.664,0.0,1,8,0.0,1,8,0.0,1,8,0.0,1,8,0.0,1,8,0.0,1,8,-0.0,1,8,-9900,?,9,-9900,?,9,16.79,E,8,15.95,E,8,91.0,E,8,872.5394,E,8,999.0,E,8,1.23,E,8,-9900,?,9,-9900,?,9,0.0,E,8,-9900,?,9,-9900,?,9,0.0,0.0,E,8
02/05/2016,04:00,0.0,1406.209,0.0,1,8,0.0,1,8,0.0,1,8,0.0,1,8,0.0,1,8,0.0,1,8,-0.0,1,8,-9900,?,9,-9900,?,9,16.36,E,8,15.77,E,8,92.0,E,8,872.5394,E,8,999.0,E,8,1.22,E,8,-9900,?,9,-9900,?,9,0.0,E,8,-9900,?,9,-9900,?,9,0.0,0.0,E,8
02/05/2016,05:00,0.0,1406.209,0.0,1,8,0.0,1,8,0.0,1,8,0.0,1,8,0.0,1,8,0.0,1,8,-0.0,1,8,-9900,?,9,-9900,?,9,15.98,E,8,15.62,E,8,93.0,E,8,872.5394,E,8,999.0,E,8,1.11,E,8,-9900,?,9,-9900,?,9,0.0,E,8,-9900,?,9,-9900,?,9,0.0,0.0,E,8
02/05/2016,06:00,0.0,1406.209,0.0,1,8,0.0,1,8,0.0,1,8,0.0,1,8,0.0,1,8,0.0,1,8,-0.0,1,8,-9900,?,9,-9900,?,9,15.7,E,8,15.5,E,8,94.0,E,8,872.5394,E,8,999.0,E,8,1.3,E,8,-9900,?,9,-9900,?,9,0.0,E,8,-9900,?,9,-9900,?,9,0.0,0.0,E,8
02/05/2016,07:00,292.767,1406.209,12.38,1,8,0.0,1,8,12.38,1,8,1485.6,1,8,0.0,1,8,1361.8,1,8,19.047,1,8,-9900,?,9,-9900,?,9,15.42,E,8,15.39,E,8,99.0,E,8,872.5394,E,8,999.0,E,8,1.11,E,8,-9900,?,9,-9900,?,9,0.001,E,8,-9900,?,9,-9900,?,9,0.01,99.0,E,8
02/05/2016,08:00,610.347,1406.209,118.64,1,8,0.0,1,8,118.64,1,8,14236.8,1,8,0.0,1,8,13050.4,1,8,87.116,1,8,-9900,?,9,-9900,?,9,16.92,E,8,16.0,E,8,95.0,E,8,872.5394,E,8,999.0,E,8,1.12,E,8,-9900,?,9,-9900,?,9,0.001,E,8,-9900,?,9,-9900,?,9,0.01,99.0,E,8
02/05/2016,09:00,896.68,1406.209,237.99,1,8,18.995,1,8,225.883,1,8,28558.8,1,8,1804.52,1,8,24847.121,1,8,112.806,1,8,-9900,?,9,-9900,?,9,18.23,E,8,16.52,E,8,87.0,E,8,872.5394,E,8,999.0,E,8,1.35,E,8,-9900,?,9,-9900,?,9,0.0,E,8,-9900,?,9,-9900,?,9,0.0,0.0,E,8
02/05/2016,10:00,1131.717,1406.209,343.95,1,8,21.508,1,8,326.643,1,8,41274.0,1,8,2043.296,1,8,35930.71,1,8,129.213,1,8,-9900,?,9,-9900,?,9,19.49,E,8,17.0,E,8,83.0,E,8,872.5394,E,8,999.0,E,8,2.19,E,8,-9900,?,9,-9900,?,9,0.0,E,8,-9900,?,9,-9900,?,9,0.0,0.0,E,8
02/05/2016,11:00,1299.32,1406.209,426.53,1,8,35.414,1,8,393.809,1,8,51183.6,1,8,3364.377,1,8,43318.999,1,8,135.672,1,8,-9900,?,9,-9900,?,9,20.62,E,8,17.42,E,8,80.0,E,8,872.5394,E,8,999.0,E,8,1.7,E,8,-9900,?,9,-9900,?,9,0.0,E,8,-9900,?,9,-9900,?,9,0.0,0.0,E,8
02/05/2016,12:00,1388.014,1406.209,479.3,1,8,38.961,1,8,440.843,1,8,57516.0,1,8,3701.336,1,8,48492.727,1,8,142.165,1,8,-9900,?,9,-9900,?,9,21.58,E,8,17.77,E,8,78.0,E,8,872.5394,E,8,999.0,E,8,1.51,E,8,-9900,?,9,-9900,?,9,0.0,E,8,-9900,?,9,-9900,?,9,0.0,0.0,E,8
02/05/2016,13:00,1391.726,1406.209,498.35,1,8,43.459,1,8,455.339,1,8,59802.0,1,8,4128.601,1,8,50087.28,1,8,146.448,1,8,-9900,?,9,-9900,?,9,22.33,E,8,18.04,E,8,76.0,E,8,872.5394,E,8,999.0,E,8,1.19,E,8,-9900,?,9,-9900,?,9,0.0,E,8,-9900,?,9,-9900,?,9,0.0,0.0,E,8
02/05/2016,14:00,1310.182,1406.209,482.31,1,8,49.719,1,8,435.988,1,8,57877.2,1,8,4723.334,1,8,47958.676,1,8,148.957,1,8,-9900,?,9,-9900,?,9,22.84,E,8,18.22,E,8,75.0,E,8,872.5394,E,8,999.0,E,8,1.11,E,8,-9900,?,9,-9900,?,9,0.0,E,8,-9900,?,9,-9900,?,9,0.0,0.0,E,8
02/05/2016,15:00,1148.935,1406.209,432.31,1,8,53.493,1,8,388.61,1,8,51877.2,1,8,5081.87,1,8,42747.093,1,8,151.42,1,8,-9900,?,9,-9900,?,9,23.11,E,8,18.31,E,8,74.0,E,8,872.5394,E,8,999.0,E,8,1.14,E,8,-9900,?,9,-9900,?,9,0.0,E,8,-9900,?,9,-9900,?,9,0.0,0.0,E,8
02/05/2016,16:00,918.988,1406.209,217.87,1,8,17.975,1,8,206.128,1,8,26144.4,1,8,1707.599,1,8,22674.052,1,8,100.438,1,8,-9900,?,9,-9900,?,9,22.65,E,8,18.15,E,8,75.0,E,8,872.5394,E,8,999.0,E,8,1.66,E,8,-9900,?,9,-9900,?,9,0.0,E,8,-9900,?,9,-9900,?,9,0.0,0.0,E,8
02/05/2016,17:00,636.094,1406.209,247.69,1,8,93.902,1,8,205.262,1,8,29722.8,1,8,8920.73,1,8,22578.789,1,8,144.604,1,8,-9900,?,9,-9900,?,9,22.38,E,8,18.06,E,8,76.0,E,8,872.5394,E,8,999.0,E,8,1.11,E,8,-9900,?,9,-9900,?,9,0.0,E,8,-9900,?,9,-9900,?,9,0.0,0.0,E,8
02/05/2016,18:00,319.962,1406.209,128.82,1,8,153.792,1,8,94.009,1,8,15458.4,1,8,14610.205,1,8,10341.027,1,8,132.203,1,8,-9900,?,9,-9900,?,9,21.77,E,8,17.84,E,8,77.0,E,8,872.5394,E,8,999.0,E,8,1.11,E,8,-9900,?,9,-9900,?,9,0.0,E,8,-9900,?,9,-9900,?,9,0.0,0.0,E,8
02/05/2016,19:00,2.509,1406.209,18.59,1,8,0.0,1,8,0.0,1,8,2230.8,1,8,0.0,1,8,0.0,1,8,-0.0,1,8,-9900,?,9,-9900,?,9,20.92,E,8,17.53,E,8,79.0,E,8,872.5394,E,8,999.0,E,8,1.11,E,8,-9900,?,9,-9900,?,9,0.0,E,8,-9900,?,9,-9900,?,9,0.0,0.0,E,8
02/05/2016,20:00,0.0,1406.209,0.0,1,8,0.0,1,8,0.0,1,8,0.0,1,8,0.0,1,8,0.0,1,8,-0.0,1,8,-9900,?,9,-9900,?,9,20.17,E,8,17.25,E,8,86.0,E,8,872.5394,E,8,999.0,E,8,1.11,E,8,-9900,?,9,-9900,?,9,0.002,E,8,-9900,?,9,-9900,?,9,0.02,99.0,E,8
02/05/2016,21:00,0.0,1406.209,0.0,1,8,0.0,1,8,0.0,1,8,0.0,1,8,0.0,1,8,0.0,1,8,-0.0,1,8,-9900,?,9,-9900,?,9,19.42,E,8,16.97,E,8,88.0,E,8,872.5394,E,8,999.0,E,8,1.56,E,8,-9900,?,9,-9900,?,9,0.002,E,8,-9900,?,9,-9900,?,9,0.02,99.0,E,8
02/05/2016,22:00,0.0,1406.209,0.0,1,8,0.0,1,8,0.0,1,8,0.0,1,8,0.0,1,8,0.0,1,8,-0.0,1,8,-9900,?,9,-9900,?,9,18.67,E,8,16.69,E,8,90.0,E,8,872.5394,E,8,999.0,E,8,2.42,E,8,-9900,?,9,-9900,?,9,0.011,E,8,-9900,?,9,-9900,?,9,0.11,99.0,E,8
02/05/2016,23:00,0.0,1406.209,0.0,1,8,0.0,1,8,0.0,1,8,0.0,1,8,0.0,1,8,0.0,1,8,-0.0,1,8,-9900,?,9,-9900,?,9,17.92,E,8,16.4,E,8,96.0,E,8,872.5394,E,8,999.0,E,8,1.11,E,8,-9900,?,9,-9900,?,9,0.173,E,8,-9900,?,9,-9900,?,9,1.73,99.0,E,8
02/05/2016,24:00,0.0,1406.209,0.0,1,8,0.0,1,8,0.0,1,8,0.0,1,8,0.0,1,8,0.0,1,8,-0.0,1,8,-9900,?,9,-9900,?,9,17.16,E,8,15.46,E,8,91.0,E,8,872.5394,E,8,999.0,E,8,1.32,E,8,-9900,?,9,-9900,?,9,0.003,E,8,-9900,?,9,-9900,?,9,0.03,99.0,E,8
02/06/2016,01:00,0.0,1406.209,0.0,1,8,0.0,1,8,0.0,1,8,0.0,1,8,0.0,1,8,0.0,1,8,-0.0,1,8,-9900,?,9,-9900,?,9,16.79,E,8,15.2,E,8,91.0,E,8,872.5394,E,8,999.0,E,8,2.06,E,8,-9900,?,9,-9900,?,9,0.001,E,8,-9900,?,9,-9900,?,9,0.01,99.0,E,8
02/06/2016,02:00,0.0,1406.209,0.0,1,8,0.0,1,8,0.0,1,8,0.0,1,8,0.0,1,8,0.0,1,8,-0.0,1,8,-9900,?,9,-9900,?,9,16.41,E,8,14.93,E,8,88.0,E,8,872.5394,E,8,999.0,E,8,3.31,E,8,-9900,?,9,-9900,?,9,0.0,E,8,-9900,?,9,-9900,?,9,0.0,0.0,E,8
02/06/2016,03:00,0.0,1406.209,0.0,1,8,0.0,1,8,0.0,1,8,0.0,1,8,0.0,1,8,0.0,1,8,-0.0,1,8,-9900,?,9,-9900,?,9,16.04,E,8,14.66,E,8,88.0,E,8,872.5394,E,8,999.0,E,8,2.59,E,8,-9900,?,9,-9900,?,9,0.0,E,8,-9900,?,9,-9900,?,9,0.0,0.0,E,8
02/06/2016,04:00,0.0,1405.741,0.0,1,8,0.0,1,8,0.0,1,8,0.0,1,8,0.0,1,8,0.0,1,8,-0.0,1,8,-9900,?,9,-9900,?,9,15.66,E,8,14.38,E,8,89.0,E,8,872.5394,E,8,999.0,E,8,2.68,E,8,-9900,?,9,-9900,?,9,0.0,E,8,-9900,?,9,-9900,?,9,0.0,0.0,E,8
02/06/2016,05:00,0.0,1405.741,0.0,1,8,0.0,1,8,0.0,1,8,0.0,1,8,0.0,1,8,0.0,1,8,-0.0,1,8,-9900,?,9,-9900,?,9,15.33,E,8,14.14,E,8,93.0,E,8,872.5394,E,8,999.0,E,8,2.62,E,8,-9900,?,9,-9900,?,9,0.005,E,8,-9900,?,9,-9900,?,9,0.05,99.0,E,8
02/06/2016,06:00,0.0,1405.741,0.0,1,8,0.0,1,8,0.0,1,8,0.0,1,8,0.0,1,8,0.0,1,8,-0.0,1,8,-9900,?,9,-9900,?,9,15.08,E,8,13.95,E,8,89.0,E,8,872.5394,E,8,999.0,E,8,2.19,E,8,-9900,?,9,-9900,?,9,0.0,E,8,-9900,?,9,-9900,?,9,0.0,0.0,E,8
02/06/2016,07:00,289.881,1405.741,10.47,1,8,0.0,1,8,10.47,1,8,1256.4,1,8,0.0,1,8,1151.7,1,8,16.265,1,8,-9900,?,9,-9900,?,9,14.83,E,8,13.76,E,8,90.0,E,8,872.5394,E,8,999.0,E,8,2.36,E,8,-9900,?,9,-9900,?,9,0.0,E,8,-9900,?,9,-9900,?,9,0.0,0.0,E,8
02/06/2016,08:00,607.854,1405.741,104.87,1,8,0.0,1,8,104.87,1,8,12584.4,1,8,0.0,1,8,11535.7,1,8,77.296,1,8,-9900,?,9,-9900,?,9,16.27,E,8,14.83,E,8,88.0,E,8,872.5394,E,8,999.0,E,8,2.44,E,8,-9900,?,9,-9900,?,9,0.0,E,8,-9900,?,9,-9900,?,9,0.0,0.0,E,8
02/06/2016,09:00,894.583,1405.741,211.35,1,8,12.615,1,8,203.325,1,8,25362.0,1,8,1198.436,1,8,22365.802,1,8,101.745,1,8,-9900,?,9,-9900,?,9,17.55,E,8,15.72,E,8,86.0,E,8,872.5394,E,8,999.0,E,8,3.58,E,8,-9900,?,9,-9900,?,9,0.0,E,8,-9900,?,9,-9900,?,9,0.0,0.0,E,8
02/06/2016,10:00,1129.981,1405.741,305.94,1,8,10.466,1,8,297.529,1,8,36712.8,1,8,994.246,1,8,32728.151,1,8,117.837,1,8,-9900,?,9,-9900,?,9,18.77,E,8,16.53,E,8,88.0,E,8,872.5394,E,8,999.0,E,8,3.84,E,8,-9900,?,9,-9900,?,9,0.001,E,8,-9900,?,9,-9900,?,9,0.01,99.0,E,8
02/06/2016,11:00,1297.882,1405.741,379.68,1,8,26.866,1,8,354.876,1,8,45561.6,1,8,2552.3,1,8,39036.396,1,8,122.354,1,8,-9900,?,9,-9900,?,9,19.88,E,8,17.24,E,8,87.0,E,8,872.5394,E,8,999.0,E,8,3.14,E,8,-9900,?,9,-9900,?,9,0.001,E,8,-9900,?,9,-9900,?,9,0.01,99.0,E,8
02/06/2016,12:00,1386.793,1405.741,426.8,1,8,29.175,1,8,398.019,1,8,51216.0,1,8,2771.59,1,8,43782.072,1,8,128.425,1,8,-9900,?,9,-9900,?,9,20.81,E,8,17.81,E,8,82.0,E,8,872.5394,E,8,999.0,E,8,2.38,E,8,-9900,?,9,-9900,?,9,0.0,E,8,-9900,?,9,-9900,?,9,0.0,0.0,E,8
02/06/2016,13:00,1390.624,1405.741,443.85,1,8,31.6,1,8,412.59,1,8,53262.0,1,8,3001.986,1,8,45384.919,1,8,132.76,1,8,-9900,?,9,-9900,?,9,21.53,E,8,18.24,E,8,81.0,E,8,872.5394,E,8,999.0,E,8,2.81,E,8,-9900,?,9,-9900,?,9,0.0,E,8,-9900,?,9,-9900,?,9,0.0,0.0,E,8
02/06/2016,14:00,1309.094,1405.741,429.57,1,8,34.655,1,8,397.299,1,8,51548.4,1,8,3292.232,1,8,43702.887,1,8,135.807,1,8,-9900,?,9,-9900,?,9,22.03,E,8,18.53,E,8,80.0,E,8,872.5394,E,8,999.0,E,8,2.8,E,8,-9900,?,9,-9900,?,9,0.0,E,8,-9900,?,9,-9900,?,9,0.0,0.0,E,8
02/06/2016,15:00,1147.754,1405.741,384.99,1,8,39.492,1,8,352.75,1,8,46198.8,1,8,3751.763,1,8,38802.53,1,8,137.543,1,8,-9900,?,9,-9900,?,9,22.3,E,8,18.69,E,8,79.0,E,8,872.5394,E,8,999.0,E,8,1.81,E,8,-9900,?,9,-9900,?,9,0.0,E,8,-9900,?,9,-9900,?,9,0.0,0.0,E,8
02/06/2016,16:00,917.614,1405.741,313.38,1,8,24.056,1,8,297.684,1,8,37605.6,1,8,2285.283,1,8,32745.198,1,8,145.218,1,8,-9900,?,9,-9900,?,9,22.33,E,8,18.7,E,8,79.0,E,8,872.5394,E,8,999.0,E,8,1.98,E,8,-9900,?,9,-9900,?,9,0.0,E,8,-9900,?,9,-9900,?,9,0.0,0.0,E,8
02/06/2016,17:00,634.442,1405.741,220.28,1,8,63.335,1,8,191.728,1,8,26433.6,1,8,6016.858,1,8,21090.08,1,8,135.377,1,8,-9900,?,9,-9900,?,9,22.02,E,8,18.53,E,8,80.0,E,8,872.5394,E,8,999.0,E,8,1.33,E,8,-9900,?,9,-9900,?,9,0.0,E,8,-9900,?,9,-9900,?,9,0.0,0.0,E,8
02/06/2016,18:00,317.969,1405.741,114.24,1,8,94.847,1,8,92.899,1,8,13708.8,1,8,9010.509,1,8,10218.922,1,8,131.425,1,8,-9900,?,9,-9900,?,9,21.39,E,8,18.16,E,8,81.0,E,8,872.5394,E,8,999.0,E,8,0.92,E,8,-9900,?,9,-9900,?,9,0.0,E,8,-9900,?,9,-9900,?,9,0.0,0.0,E,8
02/06/2016,19:00,0.509,1405.741,16.1,1,8,0.0,1,8,0.0,1,8,1932.0,1,8,0.0,1,8,0.0,1,8,-0.0,1,8,-9900,?,9,-9900,?,9,20.53,E,8,17.64,E,8,82.0,E,8,872.5394,E,8,999.0,E,8,0.83,E,8,-9900,?,9,-9900,?,9,0.0,E,8,-9900,?,9,-9900,?,9,0.0,0.0,E,8
02/06/2016,20:00,0.0,1405.741,0.0,1,8,0.0,1,8,0.0,1,8,0.0,1,8,0.0,1,8,0.0,1,8,-0.0,1,8,-9900,?,9,-9900,?,9,19.76,E,8,17.17,E,8,87.0,E,8,872.5394,E,8,999.0,E,8,0.89,E,8,-9900,?,9,-9900,?,9,0.002,E,8,-9900,?,9,-9900,?,9,0.02,99.0,E,8
02/06/2016,21:00,0.0,1405.741,0.0,1,8,0.0,1,8,0.0,1,8,0.0,1,8,0.0,1,8,0.0,1,8,-0.0,1,8,-9900,?,9,-9900,?,9,18.98,E,8,16.67,E,8,88.0,E,8,872.5394,E,8,999.0,E,8,1.11,E,8,-9900,?,9,-9900,?,9,0.086,E,8,-9900,?,9,-9900,?,9,0.86,99.0,E,8
02/06/2016,22:00,0.0,1405.741,0.0,1,8,0.0,1,8,0.0,1,8,0.0,1,8,0.0,1,8,0.0,1,8,-0.0,1,8,-9900,?,9,-9900,?,9,18.2,E,8,16.16,E,8,85.0,E,8,872.5394,E,8,999.0,E,8,1.17,E,8,-9900,?,9,-9900,?,9,0.0,E,8,-9900,?,9,-9900,?,9,0.0,0.0,E,8
02/06/2016,23:00,0.0,1405.741,0.0,1,8,0.0,1,8,0.0,1,8,0.0,1,8,0.0,1,8,0.0,1,8,-0.0,1,8,-9900,?,9,-9900,?,9,17.42,E,8,15.63,E,8,86.0,E,8,872.5394,E,8,999.0,E,8,0.91,E,8,-9900,?,9,-9900,?,9,0.0,E,8,-9900,?,9,-9900,?,9,0.0,0.0,E,8
02/06/2016,24:00,0.0,1405.741,0.0,1,8,0.0,1,8,0.0,1,8,0.0,1,8,0.0,1,8,0.0,1,8,-0.0,1,8,-9900,?,9,-9900,?,9,16.65,E,8,14.71,E,8,87.0,E,8,872.5394,E,8,999.0,E,8,1.63,E,8,-9900,?,9,-9900,?,9,0.011,E,8,-9900,?,9,-9900,?,9,0.11,99.0,E,8
02/07/2016,01:00,0.0,1405.741,0.0,1,8,0.0,1,8,0.0,1,8,0.0,1,8,0.0,1,8,0.0,1,8,-0.0,1,8,-9900,?,9,-9900,?,9,16.26,E,8,14.54,E,8,95.0,E,8,872.5394,E,8,999.0,E,8,1.81,E,8,-9900,?,9,-9900,?,9,0.682,E,8,-9900,?,9,-9900,?,9,6.82,99.0,E,8
02/07/2016,02:00,0.0,1405.741,0.0,1,8,0.0,1,8,0.0,1,8,0.0,1,8,0.0,1,8,0.0,1,8,-0.0,1,8,-9900,?,9,-9900,?,9,15.87,E,8,14.36,E,8,89.0,E,8,872.5394,E,8,999.0,E,8,1.74,E,8,-9900,?,9,-9900,?,9,0.046,E,8,-9900,?,9,-9900,?,9,0.46,99.0,E,8
02/07/2016,03:00,0.0,1405.741,0.0,1,8,0.0,1,8,0.0,1,8,0.0,1,8,0.0,1,8,0.0,1,8,-0.0,1,8,-9900,?,9,-9900,?,9,15.48,E,8,14.17,E,8,90.0,E,8,872.5394,E,8,999.0,E,8,1.45,E,8,-9900,?,9,-9900,?,9,0.016,E,8,-9900,?,9,-9900,?,9,0.16,99.0,E,8
02/07/2016,04:00,0.0,1405.261,0.0,1,8,0.0,1,8,0.0,1,8,0.0,1,8,0.0,1,8,0.0,1,8,-0.0,1,8,-9900,?,9,-9900,?,9,15.09,E,8,13.99,E,8,91.0,E,8,872.5394,E,8,999.0,E,8,1.47,E,8,-9900,?,9,-9900,?,9,0.025,E,8,-9900,?,9,-9900,?,9,0.25,99.0,E,8
02/07/2016,05:00,0.0,1405.261,0.0,1,8,0.0,1,8,0.0,1,8,0.0,1,8,0.0,1,8,0.0,1,8,-0.0,1,8,-9900,?,9,-9900,?,9,14.75,E,8,13.83,E,8,88.0,E,8,872.5394,E,8,999.0,E,8,1.85,E,8,-9900,?,9,-9900,?,9,0.0,E,8,-9900,?,9,-9900,?,9,0.0,0.0,E,8
02/07/2016,06:00,0.0,1405.261,0.0,1,8,0.0,1,8,0.0,1,8,0.0,1,8,0.0,1,8,0.0,1,8,-0.0,1,8,-9900,?,9,-9900,?,9,14.49,E,8,13.7,E,8,88.0,E,8,872.5394,E,8,999.0,E,8,1.51,E,8,-9900,?,9,-9900,?,9,0.0,E,8,-9900,?,9,-9900,?,9,0.0,0.0,E,8
02/07/2016,07:00,287.022,1405.261,11.34,1,8,0.0,1,8,11.34,1,8,1360.8,1,8,0.0,1,8,1247.4,1,8,17.788,1,8,-9900,?,9,-9900,?,9,14.23,E,8,13.58,E,8,93.0,E,8,872.5394,E,8,999.0,E,8,1.45,E,8,-9900,?,9,-9900,?,9,0.001,E,8,-9900,?,9,-9900,?,9,0.01,99.0,E,8
02/07/2016,08:00,605.379,1405.261,100.05,1,8,0.0,1,8,100.05,1,8,12006.0,1,8,0.0,1,8,11005.5,1,8,74.021,1,8,-9900,?,9,-9900,?,9,15.65,E,8,14.25,E,8,86.0,E,8,872.5394,E,8,999.0,E,8,1.45,E,8,-9900,?,9,-9900,?,9,0.0,E,8,-9900,?,9,-9900,?,9,0.0,0.0,E,8
02/07/2016,09:00,892.49,1405.261,240.53,1,8,20.019,1,8,227.821,1,8,28863.6,1,8,1901.846,1,8,25060.316,1,8,114.232,1,8,-9900,?,9,-9900,?,9,17.22,E,8,14.97,E,8,82.0,E,8,872.5394,E,8,999.0,E,8,1.45,E,8,-9900,?,9,-9900,?,9,0.0,E,8,-9900,?,9,-9900,?,9,0.0,0.0,E,8
02/07/2016,10:00,1128.231,1405.261,348.71,1,8,13.136,1,8,338.165,1,8,41845.2,1,8,1247.928,1,8,37198.177,1,8,134.094,1,8,-9900,?,9,-9900,?,9,18.69,E,8,15.62,E,8,79.0,E,8,872.5394,E,8,999.0,E,8,1.45,E,8,-9900,?,9,-9900,?,9,0.0,E,8,-9900,?,9,-9900,?,9,0.0,0.0,E,8
02/07/2016,11:00,1296.413,1405.261,183.36,1,8,4.823,1,8,178.911,1,8,22003.2,1,8,458.204,1,8,19680.169,1,8,61.734,1,8,-9900,?,9,-9900,?,9,18.73,E,8,15.63,E,8,79.0,E,8,872.5394,E,8,999.0,E,8,1.45,E,8,-9900,?,9,-9900,?,9,0.0,E,8,-9900,?,9,-9900,?,9,0.0,0.0,E,8
02/07/2016,12:00,1385.521,1405.261,589.82,1,8,82.973,1,8,508.014,1,8,70778.4,1,8,7882.388,1,8,55881.511,1,8,164.011,1,8,-9900,?,9,-9900,?,9,20.48,E,8,16.37,E,8,75.0,E,8,872.5394,E,8,999.0,E,8,1.45,E,8,-9900,?,9,-9900,?,9,0.0,E,8,-9900,?,9,-9900,?,9,0.0,0.0,E,8
02/07/2016,13:00,1389.452,1405.261,506.55,1,8,64.243,1,8,443.03,1,8,60786.0,1,8,6103.069,1,8,48733.337,1,8,142.626,1,8,-9900,?,9,-9900,?,9,21.43,E,8,16.76,E,8,73.0,E,8,872.5394,E,8,999.0,E,8,1.45,E,8,-9900,?,9,-9900,?,9,0.0,E,8,-9900,?,9,-9900,?,9,0.0,0.0,E,8
02/07/2016,14:00,1307.919,1405.261,490.25,1,8,52.984,1,8,440.939,1,8,58830.0,1,8,5033.445,1,8,48503.267,1,8,150.808,1,8,-9900,?,9,-9900,?,9,22.09,E,8,17.02,E,8,72.0,E,8,872.5394,E,8,999.0,E,8,1.45,E,8,-9900,?,9,-9900,?,9,0.0,E,8,-9900,?,9,-9900,?,9,0.0,0.0,E,8
02/07/2016,15:00,1146.472,1405.261,439.31,1,8,47.086,1,8,400.901,1,8,52717.2,1,8,4473.135,1,8,44099.134,1,8,156.439,1,8,-9900,?,9,-9900,?,9,22.46,E,8,17.17,E,8,71.0,E,8,872.5394,E,8,999.0,E,8,1.45,E,8,-9900,?,9,-9900,?,9,0.0,E,8,-9900,?,9,-9900,?,9,0.0,0.0,E,8
02/07/2016,16:00,916.13,1405.261,357.45,1,8,49.156,1,8,325.417,1,8,42894.0,1,8,4669.809,1,8,35795.827,1,8,158.951,1,8,-9900,?,9,-9900,?,9,22.54,E,8,17.2,E,8,71.0,E,8,872.5394,E,8,999.0,E,8,1.45,E,8,-9900,?,9,-9900,?,9,0.0,E,8,-9900,?,9,-9900,?,9,0.0,0.0,E,8
02/07/2016,17:00,632.673,1405.261,251.0,1,8,93.329,1,8,209.03,1,8,30120.0,1,8,8866.279,1,8,22993.277,1,8,147.957,1,8,-9900,?,9,-9900,?,9,22.24,E,8,17.08,E,8,76.0,E,8,872.5394,E,8,999.0,E,8,1.45,E,8,-9900,?,9,-9900,?,9,0.001,E,8,-9900,?,9,-9900,?,9,0.01,99.0,E,8
02/07/2016,18:00,315.861,1405.261,129.76,1,8,167.442,1,8,92.325,1,8,15571.2,1,8,15906.95,1,8,10155.763,1,8,131.449,1,8,-9900,?,9,-9900,?,9,21.56,E,8,16.81,E,8,77.0,E,8,872.5394,E,8,999.0,E,8,1.45,E,8,-9900,?,9,-9900,?,9,0.002,E,8,-9900,?,9,-9900,?,9,0.02,99.0,E,8
02/07/2016,19:00,0.0,1405.261,17.84,1,8,0.0,1,8,0.0,1,8,2140.8,1,8,0.0,1,8,0.0,1,8,-0.0,1,8,-9900,?,9,-9900,?,9,20.61,E,8,16.42,E,8,79.0,E,8,872.5394,E,8,999.0,E,8,1.45,E,8,-9900,?,9,-9900,?,9,0.007000000000000001,E,8,-9900,?,9,-9900,?,9,0.07,99.0,E,8
02/07/2016,20:00,0.0,1405.261,0.0,1,8,0.0,1,8,0.0,1,8,0.0,1,8,0.0,1,8,0.0,1,8,-0.0,1,8,-9900,?,9,-9900,?,9,19.89,E,8,16.13,E,8,80.0,E,8,872.5394,E,8,999.0,E,8,1.45,E,8,-9900,?,9,-9900,?,9,0.005,E,8,-9900,?,9,-9900,?,9,0.05,99.0,E,8
02/07/2016,21:00,0.0,1405.261,0.0,1,8,0.0,1,8,0.0,1,8,0.0,1,8,0.0,1,8,0.0,1,8,-0.0,1,8,-9900,?,9,-9900,?,9,19.17,E,8,15.82,E,8,78.0,E,8,872.5394,E,8,999.0,E,8,1.45,E,8,-9900,?,9,-9900,?,9,0.0,E,8,-9900,?,9,-9900,?,9,0.0,0.0,E,8
02/07/2016,22:00,0.0,1405.261,0.0,1,8,0.0,1,8,0.0,1,8,0.0,1,8,0.0,1,8,0.0,1,8,-0.0,1,8,-9900,?,9,-9900,?,9,18.45,E,8,15.51,E,8,80.0,E,8,872.5394,E,8,999.0,E,8,1.45,E,8,-9900,?,9,-9900,?,9,0.0,E,8,-9900,?,9,-9900,?,9,0.0,0.0,E,8
02/07/2016,23:00,0.0,1405.261,0.0,1,8,0.0,1,8,0.0,1,8,0.0,1,8,0.0,1,8,0.0,1,8,-0.0,1,8,-9900,?,9,-9900,?,9,17.74,E,8,15.2,E,8,85.0,E,8,872.5394,E,8,999.0,E,8,1.45,E,8,-9900,?,9,-9900,?,9,0.003,E,8,-9900,?,9,-9900,?,9,0.03,99.0,E,8
02/07/2016,24:00,0.0,1405.261,0.0,1,8,0.0,1,8,0.0,1,8,0.0,1,8,0.0,1,8,0.0,1,8,-0.0,1,8,-9900,?,9,-9900,?,9,17.02,E,8,14.78,E,8,90.0,E,8,872.5394,E,8,999.0,E,8,0.83,E,8,-9900,?,9,-9900,?,9,0.002,E,8,-9900,?,9,-9900,?,9,0.02,99.0,E,8
02/08/2016,01:00,0.0,1405.261,0.0,1,8,0.0,1,8,0.0,1,8,0.0,1,8,0.0,1,8,0.0,1,8,-0.0,1,8,-9900,?,9,-9900,?,9,16.66,E,8,14.59,E,8,91.0,E,8,872.5394,E,8,999.0,E,8,0.83,E,8,-9900,?,9,-9900,?,9,0.005,E,8,-9900,?,9,-9900,?,9,0.05,99.0,E,8
02/08/2016,02:00,0.0,1405.261,0.0,1,8,0.0,1,8,0.0,1,8,0.0,1,8,0.0,1,8,0.0,1,8,-0.0,1,8,-9900,?,9,-9900,?,9,16.3,E,8,14.41,E,8,92.0,E,8,872.5394,E,8,999.0,E,8,0.83,E,8,-9900,?,9,-9900,?,9,0.086,E,8,-9900,?,9,-9900,?,9,0.86,99.0,E,8
02/08/2016,03:00,0.0,1405.261,0.0,1,8,0.0,1,8,0.0,1,8,0.0,1,8,0.0,1,8,0.0,1,8,-0.0,1,8,-9900,?,9,-9900,?,9,15.94,E,8,14.22,E,8,93.0,E,8,872.5394,E,8,999.0,E,8,0.83,E,8,-9900,?,9,-9900,?,9,0.001,E,8,-9900,?,9,-9900,?,9,0.01,99.0,E,8
02/08/2016,04:00,0.0,1404.77,0.0,1,8,0.0,1,8,0.0,1,8,0.0,1,8,0.0,1,8,0.0,1,8,-0.0,1,8,-9900,?,9,-9900,?,9,15.58,E,8,14.02,E,8,89.0,E,8,872.5394,E,8,999.0,E,8,0.83,E,8,-9900,?,9,-9900,?,9,0.0,E,8,-9900,?,9,-9900,?,9,0.0,0.0,E,8
02/08/2016,05:00,0.0,1404.77,0.0,1,8,0.0,1,8,0.0,1,8,0.0,1,8,0.0,1,8,0.0,1,8,-0.0,1,8,-9900,?,9,-9900,?,9,15.22,E,8,13.83,E,8,90.0,E,8,872.5394,E,8,999.0,E,8,0.83,E,8,-9900,?,9,-9900,?,9,0.0,E,8,-9900,?,9,-9900,?,9,0.0,0.0,E,8
02/08/2016,06:00,0.0,1404.77,0.0,1,8,0.0,1,8,0.0,1,8,0.0,1,8,0.0,1,8,0.0,1,8,-0.0,1,8,-9900,?,9,-9900,?,9,14.95,E,8,13.68,E,8,91.0,E,8,872.5394,E,8,999.0,E,8,0.83,E,8,-9900,?,9,-9900,?,9,0.0,E,8,-9900,?,9,-9900,?,9,0.0,0.0,E,8
02/08/2016,07:00,284.191,1404.77,12.81,1,8,0.0,1,8,12.81,1,8,1537.2,1,8,0.0,1,8,1409.1,1,8,20.29,1,8,-9900,?,9,-9900,?,9,14.71,E,8,13.55,E,8,91.0,E,8,872.5394,E,8,999.0,E,8,0.83,E,8,-9900,?,9,-9900,?,9,0.0,E,8,-9900,?,9,-9900,?,9,0.0,0.0,E,8
02/08/2016,08:00,602.922,1404.77,140.54,1,8,1.239,1,8,140.009,1,8,16864.8,1,8,117.741,1,8,15400.962,1,8,103.971,1,8,-9900,?,9,-9900,?,9,14.47,E,8,13.42,E,8,92.0,E,8,872.5394,E,8,999.0,E,8,0.83,E,8,-9900,?,9,-9900,?,9,0.0,E,8,-9900,?,9,-9900,?,9,0.0,0.0,E,8
02/08/2016,09:00,890.401,1404.77,285.94,1,8,39.388,1,8,260.985,1,8,34312.8,1,8,3741.866,1,8,28708.366,1,8,131.122,1,8,-9900,?,9,-9900,?,9,18.57,E,8,15.56,E,8,82.0,E,8,872.5394,E,8,999.0,E,8,0.83,E,8,-9900,?,9,-9900,?,9,0.0,E,8,-9900,?,9,-9900,?,9,0.0,0.0,E,8
02/08/2016,10:00,1126.468,1404.77,415.19,1,8,26.758,1,8,393.737,1,8,49822.8,1,8,2541.964,1,8,43311.067,1,8,156.32,1,8,-9900,?,9,-9900,?,9,19.86,E,8,16.18,E,8,78.0,E,8,872.5394,E,8,999.0,E,8,0.83,E,8,-9900,?,9,-9900,?,9,0.0,E,8,-9900,?,9,-9900,?,9,0.0,0.0,E,8
02/08/2016,11:00,1294.911,1404.77,515.99,1,8,59.099,1,8,461.515,1,8,61918.8,1,8,5614.442,1,8,50766.679,1,8,159.376,1,8,-9900,?,9,-9900,?,9,20.99,E,8,16.7,E,8,76.0,E,8,872.5394,E,8,999.0,E,8,1.38,E,8,-9900,?,9,-9900,?,9,0.0,E,8,-9900,?,9,-9900,?,9,0.0,0.0,E,8
02/08/2016,12:00,1384.196,1404.77,580.47,1,8,45.967,1,8,535.176,1,8,69656.4,1,8,4366.883,1,8,58869.406,1,8,172.885,1,8,-9900,?,9,-9900,?,9,21.92,E,8,17.12,E,8,74.0,E,8,872.5394,E,8,999.0,E,8,2.49,E,8,-9900,?,9,-9900,?,9,0.0,E,8,-9900,?,9,-9900,?,9,0.0,0.0,E,8
02/08/2016,13:00,1388.208,1404.77,603.83,1,8,52.959,1,8,551.495,1,8,72459.6,1,8,5031.132,1,8,60664.499,1,8,177.642,1,8,-9900,?,9,-9900,?,9,22.61,E,8,17.43,E,8,72.0,E,8,872.5394,E,8,999.0,E,8,2.45,E,8,-9900,?,9,-9900,?,9,0.0,E,8,-9900,?,9,-9900,?,9,0.0,0.0,E,8
02/08/2016,14:00,1306.655,1404.77,584.41,1,8,62.659,1,8,526.13,1,8,70129.2,1,8,5952.601,1,8,57874.308,1,8,180.056,1,8,-9900,?,9,-9900,?,9,23.06,E,8,17.63,E,8,71.0,E,8,872.5394,E,8,999.0,E,8,3.2,E,8,-9900,?,9,-9900,?,9,0.0,E,8,-9900,?,9,-9900,?,9,0.0,0.0,E,8
02/08/2016,15:00,1145.087,1404.77,523.59,1,8,94.059,1,8,446.93,1,8,62830.8,1,8,8935.559,1,8,49162.332,1,8,174.55,1,8,-9900,?,9,-9900,?,9,23.24,E,8,17.7,E,8,71.0,E,8,872.5394,E,8,999.0,E,8,3.33,E,8,-9900,?,9,-9900,?,9,0.0,E,8,-9900,?,9,-9900,?,9,0.0,0.0,E,8
02/08/2016,16:00,914.534,1404.77,425.82,1,8,100.724,1,8,360.273,1,8,51098.4,1,8,9568.741,1,8,39630.037,1,8,176.222,1,8,-9900,?,9,-9900,?,9,23.13,E,8,17.66,E,8,76.0,E,8,872.5394,E,8,999.0,E,8,2.73,E,8,-9900,?,9,-9900,?,9,0.001,E,8,-9900,?,9,-9900,?,9,0.01,99.0,E,8
02/08/2016,17:00,630.789,1404.77,298.69,1,8,207.518,1,8,205.615,1,8,35842.8,1,8,19714.179,1,8,22617.677,1,8,145.925,1,8,-9900,?,9,-9900,?,9,22.63,E,8,17.44,E,8,72.0,E,8,872.5394,E,8,999.0,E,8,1.95,E,8,-9900,?,9,-9900,?,9,0.0,E,8,-9900,?,9,-9900,?,9,0.0,0.0,E,8
02/08/2016,18:00,313.639,1404.77,153.91,1,8,403.62,1,8,64.283,1,8,18469.2,1,8,38343.938,1,8,7071.098,1,8,92.146,1,8,-9900,?,9,-9900,?,9,21.78,E,8,17.06,E,8,79.0,E,8,872.5394,E,8,999.0,E,8,1.16,E,8,-9900,?,9,-9900,?,9,0.003,E,8,-9900,?,9,-9900,?,9,0.03,99.0,E,8
02/08/2016,19:00,0.0,1404.77,20.59,1,8,0.0,1,8,0.0,1,8,2470.8,1,8,0.0,1,8,0.0,1,8,-0.0,1,8,-9900,?,9,-9900,?,9,20.72,E,8,16.58,E,8,76.0,E,8,872.5394,E,8,999.0,E,8,0.83,E,8,-9900,?,9,-9900,?,9,0.0,E,8,-9900,?,9,-9900,?,9,0.0,0.0,E,8
02/08/2016,20:00,0.0,1404.77,0.0,1,8,0.0,1,8,0.0,1,8,0.0,1,8,0.0,1,8,0.0,1,8,-0.0,1,8,-9900,?,9,-9900,?,9,20.03,E,8,16.26,E,8,78.0,E,8,872.5394,E,8,999.0,E,8,0.83,E,8,-9900,?,9,-9900,?,9,0.0,E,8,-9900,?,9,-9900,?,9,0.0,0.0,E,8
02/08/2016,21:00,0.0,1404.77,0.0,1,8,0.0,1,8,0.0,1,8,0.0,1,8,0.0,1,8,0.0,1,8,-0.0,1,8,-9900,?,9,-9900,?,9,19.35,E,8,15.93,E,8,84.0,E,8,872.5394,E,8,999.0,E,8,0.83,E,8,-9900,?,9,-9900,?,9,0.001,E,8,-9900,?,9,-9900,?,9,0.01,99.0,E,8
02/08/2016,22:00,0.0,1404.77,0.0,1,8,0.0,1,8,0.0,1,8,0.0,1,8,0.0,1,8,0.0,1,8,-0.0,1,8,-9900,?,9,-9900,?,9,18.67,E,8,15.61,E,8,81.0,E,8,872.5394,E,8,999.0,E,8,0.83,E,8,-9900,?,9,-9900,?,9,0.0,E,8,-9900,?,9,-9900,?,9,0.0,0.0,E,8
02/08/2016,23:00,0.0,1404.77,0.0,1,8,0.0,1,8,0.0,1,8,0.0,1,8,0.0,1,8,0.0,1,8,-0.0,1,8,-9900,?,9,-9900,?,9,17.98,E,8,15.27,E,8,83.0,E,8,872.5394,E,8,999.0,E,8,0.83,E,8,-9900,?,9,-9900,?,9,0.0,E,8,-9900,?,9,-9900,?,9,0.0,0.0,E,8
02/08/2016,24:00,0.0,1404.77,0.0,1,8,0.0,1,8,0.0,1,8,0.0,1,8,0.0,1,8,0.0,1,8,-0.0,1,8,-9900,?,9,-9900,?,9,17.3,E,8,15.35,E,8,88.0,E,8,872.5394,E,8,999.0,E,8,1.04,E,8,-9900,?,9,-9900,?,9,0.0,E,8,-9900,?,9,-9900,?,9,0.0,0.0,E,8
02/09/2016,01:00,0.0,1404.77,0.0,1,8,0.0,1,8,0.0,1,8,0.0,1,8,0.0,1,8,0.0,1,8,-0.0,1,8,-9900,?,9,-9900,?,9,16.96,E,8,15.12,E,8,88.0,E,8,872.5394,E,8,999.0,E,8,1.04,E,8,-9900,?,9,-9900,?,9,0.0,E,8,-9900,?,9,-9900,?,9,0.0,0.0,E,8
02/09/2016,02:00,0.0,1404.77,0.0,1,8,0.0,1,8,0.0,1,8,0.0,1,8,0.0,1,8,0.0,1,8,-0.0,1,8,-9900,?,9,-9900,?,9,16.61,E,8,14.88,E,8,89.0,E,8,872.5394,E,8,999.0,E,8,1.04,E,8,-9900,?,9,-9900,?,9,0.0,E,8,-9900,?,9,-9900,?,9,0.0,0.0,E,8
02/09/2016,03:00,0.0,1404.77,0.0,1,8,0.0,1,8,0.0,1,8,0.0,1,8,0.0,1,8,0.0,1,8,-0.0,1,8,-9900,?,9,-9900,?,9,16.27,E,8,14.64,E,8,90.0,E,8,872.5394,E,8,999.0,E,8,1.04,E,8,-9900,?,9,-9900,?,9,0.0,E,8,-9900,?,9,-9900,?,9,0.0,0.0,E,8
02/09/2016,04:00,0.0,1404.266,0.0,1,8,0.0,1,8,0.0,1,8,0.0,1,8,0.0,1,8,0.0,1,8,-0.0,1,8,-9900,?,9,-9900,?,9,15.93,E,8,14.39,E,8,90.0,E,8,872.5394,E,8,999.0,E,8,1.04,E,8,-9900,?,9,-9900,?,9,0.0,E,8,-9900,?,9,-9900,?,9,0.0,0.0,E,8
02/09/2016,05:00,0.0,1404.266,0.0,1,8,0.0,1,8,0.0,1,8,0.0,1,8,0.0,1,8,0.0,1,8,-0.0,1,8,-9900,?,9,-9900,?,9,15.59,E,8,14.15,E,8,91.0,E,8,872.5394,E,8,999.0,E,8,1.04,E,8,-9900,?,9,-9900,?,9,0.0,E,8,-9900,?,9,-9900,?,9,0.0,0.0,E,8
02/09/2016,06:00,0.0,1404.266,0.0,1,8,0.0,1,8,0.0,1,8,0.0,1,8,0.0,1,8,0.0,1,8,-0.0,1,8,-9900,?,9,-9900,?,9,15.32,E,8,13.95,E,8,91.0,E,8,872.5394,E,8,999.0,E,8,1.04,E,8,-9900,?,9,-9900,?,9,0.0,E,8,-9900,?,9,-9900,?,9,0.0,0.0,E,8
02/09/2016,07:00,281.389,1404.266,14.57,1,8,0.0,1,8,14.57,1,8,1748.4,1,8,0.0,1,8,1602.7,1,8,23.302,1,8,-9900,?,9,-9900,?,9,15.1,E,8,13.78,E,8,91.0,E,8,872.5394,E,8,999.0,E,8,1.04,E,8,-9900,?,9,-9900,?,9,0.0,E,8,-9900,?,9,-9900,?,9,0.0,0.0,E,8
02/09/2016,08:00,600.483,1404.266,137.65,1,8,0.497,1,8,137.438,1,8,16518.0,1,8,47.172,1,8,15118.174,1,8,102.44,1,8,-9900,?,9,-9900,?,9,14.87,E,8,13.61,E,8,92.0,E,8,872.5394,E,8,999.0,E,8,1.04,E,8,-9900,?,9,-9900,?,9,0.0,E,8,-9900,?,9,-9900,?,9,0.0,0.0,E,8
02/09/2016,09:00,888.315,1404.266,301.36,1,8,24.132,1,8,286.101,1,8,36163.2,1,8,2292.544,1,8,31471.132,1,8,144.027,1,8,-9900,?,9,-9900,?,9,18.35,E,8,16.05,E,8,86.0,E,8,872.5394,E,8,999.0,E,8,1.04,E,8,-9900,?,9,-9900,?,9,0.0,E,8,-9900,?,9,-9900,?,9,0.0,0.0,E,8
02/09/2016,10:00,1124.691,1404.266,498.3,1,8,118.42,1,8,403.472,1,8,59796.0,1,8,11249.861,1,8,44381.939,1,8,160.38,1,8,-9900,?,9,-9900,?,9,19.82,E,8,16.99,E,8,83.0,E,8,872.5394,E,8,999.0,E,8,1.04,E,8,-9900,?,9,-9900,?,9,0.0,E,8,-9900,?,9,-9900,?,9,0.0,0.0,E,8
02/09/2016,11:00,1293.375,1404.266,619.71,1,8,83.619,1,8,542.699,1,8,74365.2,1,8,7943.77,1,8,59696.844,1,8,187.567,1,8,-9900,?,9,-9900,?,9,21.04,E,8,17.73,E,8,81.0,E,8,872.5394,E,8,999.0,E,8,1.04,E,8,-9900,?,9,-9900,?,9,0.0,E,8,-9900,?,9,-9900,?,9,0.0,0.0,E,8
02/09/2016,12:00,1382.817,1404.266,697.38,1,8,97.03,1,8,601.833,1,8,83685.6,1,8,9217.878,1,8,66201.59,1,8,194.542,1,8,-9900,?,9,-9900,?,9,22.01,E,8,18.29,E,8,79.0,E,8,872.5394,E,8,999.0,E,8,1.49,E,8,-9900,?,9,-9900,?,9,0.0,E,8,-9900,?,9,-9900,?,9,0.0,0.0,E,8
02/09/2016,13:00,1386.892,1404.266,725.55,1,8,112.479,1,8,614.464,1,8,87066.0,1,8,10685.498,1,8,67590.992,1,8,198.042,1,8,-9900,?,9,-9900,?,9,22.74,E,8,18.7,E,8,78.0,E,8,872.5394,E,8,999.0,E,8,2.49,E,8,-9900,?,9,-9900,?,9,0.0,E,8,-9900,?,9,-9900,?,9,0.0,0.0,E,8
02/09/2016,14:00,1305.301,1404.266,702.2,1,8,132.791,1,8,578.773,1,8,84264.0,1,8,12615.108,1,8,63665.078,1,8,198.206,1,8,-9900,?,9,-9900,?,9,23.2,E,8,18.96,E,8,77.0,E,8,872.5394,E,8,999.0,E,8,2.88,E,8,-9900,?,9,-9900,?,9,0.0,E,8,-9900,?,9,-9900,?,9,0.0,0.0,E,8
02/09/2016,15:00,1143.601,1404.266,628.99,1,8,277.277,1,8,403.216,1,8,75478.8,1,8,26341.276,1,8,44353.797,1,8,157.626,1,8,-9900,?,9,-9900,?,9,23.41,E,8,19.07,E,8,76.0,E,8,872.5394,E,8,999.0,E,8,2.83,E,8,-9900,?,9,-9900,?,9,0.0,E,8,-9900,?,9,-9900,?,9,0.0,0.0,E,8
02/09/2016,16:00,912.826,1404.266,382.69,1,8,98.925,1,8,318.411,1,8,45922.8,1,8,9397.837,1,8,35025.218,1,8,155.982,1,8,-9900,?,9,-9900,?,9,22.94,E,8,18.82,E,8,77.0,E,8,872.5394,E,8,999.0,E,8,1.91,E,8,-9900,?,9,-9900,?,9,0.0,E,8,-9900,?,9,-9900,?,9,0.0,0.0,E,8
02/09/2016,17:00,628.79,1404.266,191.88,1,8,74.227,1,8,158.682,1,8,23025.6,1,8,7051.593,1,8,17455.005,1,8,112.935,1,8,-9900,?,9,-9900,?,9,22.05,E,8,18.31,E,8,79.0,E,8,872.5394,E,8,999.0,E,8,1.65,E,8,-9900,?,9,-9900,?,9,0.0,E,8,-9900,?,9,-9900,?,9,0.0,0.0,E,8
02/09/2016,18:00,311.304,1404.266,252.18,1,8,383.52,1,8,167.627,1,8,30261.6,1,8,36434.39,1,8,18438.95,1,8,242.02,1,8,-9900,?,9,-9900,?,9,21.47,E,8,17.98,E,8,80.0,E,8,872.5394,E,8,999.0,E,8,1.04,E,8,-9900,?,9,-9900,?,9,0.0,E,8,-9900,?,9,-9900,?,9,0.0,0.0,E,8
02/09/2016,19:00,0.0,1404.266,91.04,1,8,0.0,1,8,0.0,1,8,10924.8,1,8,0.0,1,8,0.0,1,8,-0.0,1,8,-9900,?,9,-9900,?,9,20.63,E,8,17.48,E,8,82.0,E,8,872.5394,E,8,999.0,E,8,1.04,E,8,-9900,?,9,-9900,?,9,0.0,E,8,-9900,?,9,-9900,?,9,0.0,0.0,E,8
02/09/2016,20:00,0.0,1404.266,0.0,1,8,0.0,1,8,0.0,1,8,0.0,1,8,0.0,1,8,0.0,1,8,-0.0,1,8,-9900,?,9,-9900,?,9,20.01,E,8,17.1,E,8,83.0,E,8,872.5394,E,8,999.0,E,8,1.04,E,8,-9900,?,9,-9900,?,9,0.0,E,8,-9900,?,9,-9900,?,9,0.0,0.0,E,8
02/09/2016,21:00,0.0,1404.266,0.0,1,8,0.0,1,8,0.0,1,8,0.0,1,8,0.0,1,8,0.0,1,8,-0.0,1,8,-9900,?,9,-9900,?,9,19.39,E,8,16.72,E,8,84.0,E,8,872.5394,E,8,999.0,E,8,1.04,E,8,-9900,?,9,-9900,?,9,0.0,E,8,-9900,?,9,-9900,?,9,0.0,0.0,E,8
02/09/2016,22:00,0.0,1404.266,0.0,1,8,0.0,1,8,0.0,1,8,0.0,1,8,0.0,1,8,0.0,1,8,-0.0,1,8,-9900,?,9,-9900,?,9,18.76,E,8,16.32,E,8,85.0,E,8,872.5394,E,8,999.0,E,8,1.04,E,8,-9900,?,9,-9900,?,9,0.0,E,8,-9900,?,9,-9900,?,9,0.0,0.0,E,8
02/09/2016,23:00,0.0,1404.266,0.0,1,8,0.0,1,8,0.0,1,8,0.0,1,8,0.0,1,8,0.0,1,8,-0.0,1,8,-9900,?,9,-9900,?,9,18.14,E,8,15.92,E,8,86.0,E,8,872.5394,E,8,999.0,E,8,1.04,E,8,-9900,?,9,-9900,?,9,0.0,E,8,-9900,?,9,-9900,?,9,0.0,0.0,E,8
02/09/2016,24:00,0.0,1404.266,0.0,1,8,0.0,1,8,0.0,1,8,0.0,1,8,0.0,1,8,0.0,1,8,-0.0,1,8,-9900,?,9,-9900,?,9,17.52,E,8,13.89,E,8,79.0,E,8,872.5394,E,8,999.0,E,8,0.64,E,8,-9900,?,9,-9900,?,9,0.0,E,8,-9900,?,9,-9900,?,9,0.0,0.0,E,8
02/10/2016,01:00,0.0,1404.266,0.0,1,8,0.0,1,8,0.0,1,8,0.0,1,8,0.0,1,8,0.0,1,8,-0.0,1,8,-9900,?,9,-9900,?,9,17.21,E,8,13.86,E,8,80.0,E,8,872.5394,E,8,999.0,E,8,0.64,E,8,-9900,?,9,-9900,?,9,0.0,E,8,-9900,?,9,-9900,?,9,0.0,0.0,E,8
02/10/2016,02:00,0.0,1404.266,0.0,1,8,0.0,1,8,0.0,1,8,0.0,1,8,0.0,1,8,0.0,1,8,-0.0,1,8,-9900,?,9,-9900,?,9,16.9,E,8,13.83,E,8,82.0,E,8,872.5394,E,8,999.0,E,8,0.64,E,8,-9900,?,9,-9900,?,9,0.0,E,8,-9900,?,9,-9900,?,9,0.0,0.0,E,8
02/10/2016,03:00,0.0,1404.266,0.0,1,8,0.0,1,8,0.0,1,8,0.0,1,8,0.0,1,8,0.0,1,8,-0.0,1,8,-9900,?,9,-9900,?,9,16.59,E,8,13.79,E,8,83.0,E,8,872.5394,E,8,999.0,E,8,0.64,E,8,-9900,?,9,-9900,?,9,0.0,E,8,-9900,?,9,-9900,?,9,0.0,0.0,E,8
02/10/2016,04:00,0.0,1403.751,0.0,1,8,0.0,1,8,0.0,1,8,0.0,1,8,0.0,1,8,0.0,1,8,-0.0,1,8,-9900,?,9,-9900,?,9,16.28,E,8,13.76,E,8,85.0,E,8,872.5394,E,8,999.0,E,8,0.64,E,8,-9900,?,9,-9900,?,9,0.0,E,8,-9900,?,9,-9900,?,9,0.0,0.0,E,8
02/10/2016,05:00,0.0,1403.751,0.0,1,8,0.0,1,8,0.0,1,8,0.0,1,8,0.0,1,8,0.0,1,8,-0.0,1,8,-9900,?,9,-9900,?,9,15.96,E,8,13.73,E,8,86.0,E,8,872.5394,E,8,999.0,E,8,0.64,E,8,-9900,?,9,-9900,?,9,0.0,E,8,-9900,?,9,-9900,?,9,0.0,0.0,E,8
02/10/2016,06:00,0.0,1403.751,0.0,1,8,0.0,1,8,0.0,1,8,0.0,1,8,0.0,1,8,0.0,1,8,-0.0,1,8,-9900,?,9,-9900,?,9,15.72,E,8,13.7,E,8,87.0,E,8,872.5394,E,8,999.0,E,8,0.64,E,8,-9900,?,9,-9900,?,9,0.0,E,8,-9900,?,9,-9900,?,9,0.0,0.0,E,8
02/10/2016,07:00,278.617,1403.751,13.03,1,8,0.0,1,8,13.03,1,8,1563.6,1,8,0.0,1,8,1433.3,1,8,21.041,1,8,-9900,?,9,-9900,?,9,15.52,E,8,13.68,E,8,88.0,E,8,872.5394,E,8,999.0,E,8,0.64,E,8,-9900,?,9,-9900,?,9,0.0,E,8,-9900,?,9,-9900,?,9,0.0,0.0,E,8
02/10/2016,08:00,598.063,1403.751,157.5,1,8,7.875,1,8,154.149,1,8,18900.0,1,8,748.096,1,8,16956.437,1,8,115.321,1,8,-9900,?,9,-9900,?,9,15.31,E,8,13.66,E,8,89.0,E,8,872.5394,E,8,999.0,E,8,0.64,E,8,-9900,?,9,-9900,?,9,0.0,E,8,-9900,?,9,-9900,?,9,0.0,0.0,E,8
02/10/2016,09:00,886.232,1403.751,323.46,1,8,66.627,1,8,281.415,1,8,38815.2,1,8,6329.578,1,8,30955.631,1,8,141.949,1,8,-9900,?,9,-9900,?,9,19.48,E,8,14.09,E,8,71.0,E,8,872.5394,E,8,999.0,E,8,1.02,E,8,-9900,?,9,-9900,?,9,0.0,E,8,-9900,?,9,-9900,?,9,0.0,0.0,E,8
02/10/2016,10:00,1122.898,1403.751,471.11,1,8,80.591,1,8,406.654,1,8,56533.2,1,8,7656.098,1,8,44731.957,1,8,161.844,1,8,-9900,?,9,-9900,?,9,20.81,E,8,14.23,E,8,65.0,E,8,872.5394,E,8,999.0,E,8,1.59,E,8,-9900,?,9,-9900,?,9,0.0,E,8,-9900,?,9,-9900,?,9,0.0,0.0,E,8
02/10/2016,11:00,1291.804,1403.751,586.29,1,8,67.096,1,8,524.548,1,8,70354.8,1,8,6374.096,1,8,57700.316,1,8,181.448,1,8,-9900,?,9,-9900,?,9,21.98,E,8,14.35,E,8,61.0,E,8,872.5394,E,8,999.0,E,8,2.07,E,8,-9900,?,9,-9900,?,9,0.0,E,8,-9900,?,9,-9900,?,9,0.0,0.0,E,8
02/10/2016,12:00,1381.384,1403.751,659.98,1,8,77.732,1,8,583.488,1,8,79197.6,1,8,7384.51,1,8,64183.639,1,8,188.739,1,8,-9900,?,9,-9900,?,9,22.93,E,8,14.45,E,8,58.0,E,8,872.5394,E,8,999.0,E,8,1.88,E,8,-9900,?,9,-9900,?,9,0.0,E,8,-9900,?,9,-9900,?,9,0.0,0.0,E,8
02/10/2016,13:00,1385.502,1403.751,686.73,1,8,90.142,1,8,597.761,1,8,82407.6,1,8,8563.465,1,8,65753.694,1,8,192.781,1,8,-9900,?,9,-9900,?,9,23.64,E,8,14.52,E,8,56.0,E,8,872.5394,E,8,999.0,E,8,3.28,E,8,-9900,?,9,-9900,?,9,0.0,E,8,-9900,?,9,-9900,?,9,0.0,0.0,E,8
02/10/2016,14:00,1303.858,1403.751,664.6,1,8,106.744,1,8,565.457,1,8,79752.0,1,8,10140.677,1,8,62200.244,1,8,193.789,1,8,-9900,?,9,-9900,?,9,24.1,E,8,14.56,E,8,55.0,E,8,872.5394,E,8,999.0,E,8,3.35,E,8,-9900,?,9,-9900,?,9,0.0,E,8,-9900,?,9,-9900,?,9,0.0,0.0,E,8
02/10/2016,15:00,1142.01,1403.751,595.17,1,8,265.487,1,8,379.217,1,8,71420.4,1,8,25221.301,1,8,41713.909,1,8,148.397,1,8,-9900,?,9,-9900,?,9,24.29,E,8,14.58,E,8,54.0,E,8,872.5394,E,8,999.0,E,8,3.37,E,8,-9900,?,9,-9900,?,9,0.0,E,8,-9900,?,9,-9900,?,9,0.0,0.0,E,8
02/10/2016,16:00,911.007,1403.751,483.55,1,8,220.039,1,8,340.807,1,8,58026.0,1,8,20903.711,1,8,37488.732,1,8,167.225,1,8,-9900,?,9,-9900,?,9,24.18,E,8,14.57,E,8,54.0,E,8,872.5394,E,8,999.0,E,8,2.37,E,8,-9900,?,9,-9900,?,9,0.0,E,8,-9900,?,9,-9900,?,9,0.0,0.0,E,8
02/10/2016,17:00,626.675,1403.751,338.38,1,8,320.276,1,8,195.567,1,8,40605.6,1,8,30426.193,1,8,21512.414,1,8,139.606,1,8,-9900,?,9,-9900,?,9,23.66,E,8,14.52,E,8,56.0,E,8,872.5394,E,8,999.0,E,8,1.95,E,8,-9900,?,9,-9900,?,9,0.0,E,8,-9900,?,9,-9900,?,9,0.0,0.0,E,8
02/10/2016,18:00,308.855,1403.751,173.12,1,8,529.425,1,8,57.285,1,8,20774.4,1,8,50295.357,1,8,6301.369,1,8,83.341,1,8,-9900,?,9,-9900,?,9,22.79,E,8,14.43,E,8,59.0,E,8,872.5394,E,8,999.0,E,8,1.19,E,8,-9900,?,9,-9900,?,9,0.0,E,8,-9900,?,9,-9900,?,9,0.0,0.0,E,8
02/10/2016,19:00,0.0,1403.751,21.81,1,8,0.0,1,8,0.0,1,8,2617.2,1,8,0.0,1,8,0.0,1,8,-0.0,1,8,-9900,?,9,-9900,?,9,21.7,E,8,14.32,E,8,62.0,E,8,872.5394,E,8,999.0,E,8,1.02,E,8,-9900,?,9,-9900,?,9,0.0,E,8,-9900,?,9,-9900,?,9,0.0,0.0,E,8
02/10/2016,20:00,0.0,1403.751,0.0,1,8,0.0,1,8,0.0,1,8,0.0,1,8,0.0,1,8,0.0,1,8,-0.0,1,8,-9900,?,9,-9900,?,9,20.85,E,8,14.23,E,8,65.0,E,8,872.5394,E,8,999.0,E,8,0.93,E,8,-9900,?,9,-9900,?,9,0.0,E,8,-9900,?,9,-9900,?,9,0.0,0.0,E,8
02/10/2016,21:00,0.0,1403.751,0.0,1,8,0.0,1,8,0.0,1,8,0.0,1,8,0.0,1,8,0.0,1,8,-0.0,1,8,-9900,?,9,-9900,?,9,20.01,E,8,14.15,E,8,68.0,E,8,872.5394,E,8,999.0,E,8,0.68,E,8,-9900,?,9,-9900,?,9,0.0,E,8,-9900,?,9,-9900,?,9,0.0,0.0,E,8
02/10/2016,22:00,0.0,1403.751,0.0,1,8,0.0,1,8,0.0,1,8,0.0,1,8,0.0,1,8,0.0,1,8,-0.0,1,8,-9900,?,9,-9900,?,9,19.16,E,8,14.06,E,8,72.0,E,8,872.5394,E,8,999.0,E,8,0.78,E,8,-9900,?,9,-9900,?,9,0.0,E,8,-9900,?,9,-9900,?,9,0.0,0.0,E,8
02/10/2016,23:00,0.0,1403.751,0.0,1,8,0.0,1,8,0.0,1,8,0.0,1,8,0.0,1,8,0.0,1,8,-0.0,1,8,-9900,?,9,-9900,?,9,18.32,E,8,13.97,E,8,75.0,E,8,872.5394,E,8,999.0,E,8,0.7,E,8,-9900,?,9,-9900,?,9,0.0,E,8,-9900,?,9,-9900,?,9,0.0,0.0,E,8
02/10/2016,24:00,0.0,1403.751,0.0,1,8,0.0,1,8,0.0,1,8,0.0,1,8,0.0,1,8,0.0,1,8,-0.0,1,8,-9900,?,9,-9900,?,9,17.47,E,8,13.29,E,8,76.0,E,8,872.5394,E,8,999.0,E,8,0.41,E,8,-9900,?,9,-9900,?,9,0.0,E,8,-9900,?,9,-9900,?,9,0.0,0.0,E,8
02/11/2016,01:00,0.0,1403.751,0.0,1,8,0.0,1,8,0.0,1,8,0.0,1,8,0.0,1,8,0.0,1,8,-0.0,1,8,-9900,?,9,-9900,?,9,17.05,E,8,13.29,E,8,78.0,E,8,872.5394,E,8,999.0,E,8,0.41,E,8,-9900,?,9,-9900,?,9,0.0,E,8,-9900,?,9,-9900,?,9,0.0,0.0,E,8
02/11/2016,02:00,0.0,1403.751,0.0,1,8,0.0,1,8,0.0,1,8,0.0,1,8,0.0,1,8,0.0,1,8,-0.0,1,8,-9900,?,9,-9900,?,9,16.63,E,8,13.29,E,8,80.0,E,8,872.5394,E,8,999.0,E,8,0.41,E,8,-9900,?,9,-9900,?,9,0.0,E,8,-9900,?,9,-9900,?,9,0.0,0.0,E,8
02/11/2016,03:00,0.0,1403.751,0.0,1,8,0.0,1,8,0.0,1,8,0.0,1,8,0.0,1,8,0.0,1,8,-0.0,1,8,-9900,?,9,-9900,?,9,16.21,E,8,13.3,E,8,82.0,E,8,872.5394,E,8,999.0,E,8,0.41,E,8,-9900,?,9,-9900,?,9,0.0,E,8,-9900,?,9,-9900,?,9,0.0,0.0,E,8
02/11/2016,04:00,0.0,1403.225,0.0,1,8,0.0,1,8,0.0,1,8,0.0,1,8,0.0,1,8,0.0,1,8,-0.0,1,8,-9900,?,9,-9900,?,9,15.78,E,8,13.3,E,8,85.0,E,8,872.5394,E,8,999.0,E,8,0.41,E,8,-9900,?,9,-9900,?,9,0.0,E,8,-9900,?,9,-9900,?,9,0.0,0.0,E,8
02/11/2016,05:00,0.0,1403.225,0.0,1,8,0.0,1,8,0.0,1,8,0.0,1,8,0.0,1,8,0.0,1,8,-0.0,1,8,-9900,?,9,-9900,?,9,15.36,E,8,13.3,E,8,87.0,E,8,872.5394,E,8,999.0,E,8,0.41,E,8,-9900,?,9,-9900,?,9,0.0,E,8,-9900,?,9,-9900,?,9,0.0,0.0,E,8
02/11/2016,06:00,0.0,1403.225,0.0,1,8,0.0,1,8,0.0,1,8,0.0,1,8,0.0,1,8,0.0,1,8,-0.0,1,8,-9900,?,9,-9900,?,9,15.03,E,8,13.31,E,8,89.0,E,8,872.5394,E,8,999.0,E,8,0.41,E,8,-9900,?,9,-9900,?,9,0.0,E,8,-9900,?,9,-9900,?,9,0.0,0.0,E,8
02/11/2016,07:00,275.876,1403.225,13.16,1,8,0.0,1,8,13.16,1,8,1579.2,1,8,0.0,1,8,1447.6,1,8,21.457,1,8,-9900,?,9,-9900,?,9,14.76,E,8,13.31,E,8,91.0,E,8,872.5394,E,8,999.0,E,8,0.41,E,8,-9900,?,9,-9900,?,9,0.0,E,8,-9900,?,9,-9900,?,9,0.0,0.0,E,8
02/11/2016,08:00,595.662,1403.225,167.03,1,8,12.712,1,8,161.641,1,8,20043.6,1,8,1207.668,1,8,17780.494,1,8,121.368,1,8,-9900,?,9,-9900,?,9,14.48,E,8,13.31,E,8,92.0,E,8,872.5394,E,8,999.0,E,8,0.57,E,8,-9900,?,9,-9900,?,9,0.0,E,8,-9900,?,9,-9900,?,9,0.0,0.0,E,8
02/11/2016,09:00,884.153,1403.225,344.63,1,8,69.5,1,8,300.859,1,8,41355.6,1,8,6602.456,1,8,33094.469,1,8,152.057,1,8,-9900,?,9,-9900,?,9,19.1,E,8,13.27,E,8,68.0,E,8,872.5394,E,8,999.0,E,8,0.47,E,8,-9900,?,9,-9900,?,9,0.0,E,8,-9900,?,9,-9900,?,9,0.0,0.0,E,8
02/11/2016,10:00,1121.091,1403.225,368.18,1,8,15.897,1,8,355.482,1,8,44181.6,1,8,1510.192,1,8,39102.974,1,8,141.653,1,8,-9900,?,9,-9900,?,9,19.78,E,8,13.27,E,8,66.0,E,8,872.5394,E,8,999.0,E,8,1.59,E,8,-9900,?,9,-9900,?,9,0.0,E,8,-9900,?,9,-9900,?,9,0.0,0.0,E,8
02/11/2016,11:00,1290.198,1403.225,626.01,1,8,187.669,1,8,453.467,1,8,75121.2,1,8,17828.541,1,8,49881.346,1,8,156.996,1,8,-9900,?,9,-9900,?,9,21.28,E,8,13.25,E,8,60.0,E,8,872.5394,E,8,999.0,E,8,1.64,E,8,-9900,?,9,-9900,?,9,0.0,E,8,-9900,?,9,-9900,?,9,0.0,0.0,E,8
02/11/2016,12:00,1379.895,1403.225,704.92,1,8,102.344,1,8,604.279,1,8,84590.4,1,8,9722.683,1,8,66470.641,1,8,195.602,1,8,-9900,?,9,-9900,?,9,22.46,E,8,13.24,E,8,55.0,E,8,872.5394,E,8,999.0,E,8,1.99,E,8,-9900,?,9,-9900,?,9,0.0,E,8,-9900,?,9,-9900,?,9,0.0,0.0,E,8
02/11/2016,13:00,1384.037,1403.225,733.56,1,8,118.694,1,8,616.49,1,8,88027.2,1,8,11275.899,1,8,67813.938,1,8,198.957,1,8,-9900,?,9,-9900,?,9,23.34,E,8,13.24,E,8,53.0,E,8,872.5394,E,8,999.0,E,8,2.48,E,8,-9900,?,9,-9900,?,9,0.0,E,8,-9900,?,9,-9900,?,9,0.0,0.0,E,8
02/11/2016,14:00,1302.323,1403.225,709.89,1,8,140.109,1,8,579.862,1,8,85186.8,1,8,13310.371,1,8,63784.802,1,8,198.886,1,8,-9900,?,9,-9900,?,9,23.91,E,8,13.23,E,8,51.0,E,8,872.5394,E,8,999.0,E,8,3.36,E,8,-9900,?,9,-9900,?,9,0.0,E,8,-9900,?,9,-9900,?,9,0.0,0.0,E,8
02/11/2016,15:00,1140.316,1403.225,635.56,1,8,345.99,1,8,354.438,1,8,76267.2,1,8,32869.026,1,8,38988.127,1,8,138.854,1,8,-9900,?,9,-9900,?,9,24.16,E,8,13.23,E,8,50.0,E,8,872.5394,E,8,999.0,E,8,3.79,E,8,-9900,?,9,-9900,?,9,0.0,E,8,-9900,?,9,-9900,?,9,0.0,0.0,E,8
02/11/2016,16:00,909.075,1403.225,516.07,1,8,312.477,1,8,313.715,1,8,61928.4,1,8,29685.358,1,8,34508.606,1,8,154.202,1,8,-9900,?,9,-9900,?,9,24.1,E,8,13.23,E,8,50.0,E,8,872.5394,E,8,999.0,E,8,3.71,E,8,-9900,?,9,-9900,?,9,0.0,E,8,-9900,?,9,-9900,?,9,0.0,0.0,E,8
02/11/2016,17:00,624.445,1403.225,360.68,1,8,404.185,1,8,181.027,1,8,43281.6,1,8,38397.561,1,8,19913.022,1,8,129.641,1,8,-9900,?,9,-9900,?,9,23.56,E,8,13.23,E,8,52.0,E,8,872.5394,E,8,999.0,E,8,3.2,E,8,-9900,?,9,-9900,?,9,0.0,E,8,-9900,?,9,-9900,?,9,0.0,0.0,E,8
02/11/2016,18:00,306.295,1403.225,183.82,1,8,530.502,1,8,68.679,1,8,22058.4,1,8,50397.705,1,8,7554.703,1,8,100.724,1,8,-9900,?,9,-9900,?,9,22.63,E,8,13.24,E,8,55.0,E,8,872.5394,E,8,999.0,E,8,2.17,E,8,-9900,?,9,-9900,?,9,0.0,E,8,-9900,?,9,-9900,?,9,0.0,0.0,E,8
02/11/2016,19:00,0.0,1403.225,22.41,1,8,0.0,1,8,0.0,1,8,2689.2,1,8,0.0,1,8,0.0,1,8,-0.0,1,8,-9900,?,9,-9900,?,9,21.45,E,8,13.25,E,8,59.0,E,8,872.5394,E,8,999.0,E,8,1.19,E,8,-9900,?,9,-9900,?,9,0.0,E,8,-9900,?,9,-9900,?,9,0.0,0.0,E,8
02/11/2016,20:00,0.0,1403.225,0.0,1,8,0.0,1,8,0.0,1,8,0.0,1,8,0.0,1,8,0.0,1,8,-0.0,1,8,-9900,?,9,-9900,?,9,20.61,E,8,13.26,E,8,62.0,E,8,872.5394,E,8,999.0,E,8,0.76,E,8,-9900,?,9,-9900,?,9,0.0,E,8,-9900,?,9,-9900,?,9,0.0,0.0,E,8
02/11/2016,21:00,0.0,1403.225,0.0,1,8,0.0,1,8,0.0,1,8,0.0,1,8,0.0,1,8,0.0,1,8,-0.0,1,8,-9900,?,9,-9900,?,9,19.77,E,8,13.27,E,8,66.0,E,8,872.5394,E,8,999.0,E,8,0.74,E,8,-9900,?,9,-9900,?,9,0.0,E,8,-9900,?,9,-9900,?,9,0.0,0.0,E,8
02/11/2016,22:00,0.0,1403.225,0.0,1,8,0.0,1,8,0.0,1,8,0.0,1,8,0.0,1,8,0.0,1,8,-0.0,1,8,-9900,?,9,-9900,?,9,18.93,E,8,13.27,E,8,69.0,E,8,872.5394,E,8,999.0,E,8,0.61,E,8,-9900,?,9,-9900,?,9,0.0,E,8,-9900,?,9,-9900,?,9,0.0,0.0,E,8
02/11/2016,23:00,0.0,1403.225,0.0,1,8,0.0,1,8,0.0,1,8,0.0,1,8,0.0,1,8,0.0,1,8,-0.0,1,8,-9900,?,9,-9900,?,9,18.09,E,8,13.28,E,8,73.0,E,8,872.5394,E,8,999.0,E,8,0.41,E,8,-9900,?,9,-9900,?,9,0.0,E,8,-9900,?,9,-9900,?,9,0.0,0.0,E,8
02/11/2016,24:00,0.0,1403.225,0.0,1,8,0.0,1,8,0.0,1,8,0.0,1,8,0.0,1,8,0.0,1,8,-0.0,1,8,-9900,?,9,-9900,?,9,17.25,E,8,14.21,E,8,82.0,E,8,872.5394,E,8,999.0,E,8,0.76,E,8,-9900,?,9,-9900,?,9,0.0,E,8,-9900,?,9,-9900,?,9,0.0,0.0,E,8
02/12/2016,01:00,0.0,1403.225,0.0,1,8,0.0,1,8,0.0,1,8,0.0,1,8,0.0,1,8,0.0,1,8,-0.0,1,8,-9900,?,9,-9900,?,9,16.83,E,8,14.05,E,8,83.0,E,8,872.5394,E,8,999.0,E,8,0.76,E,8,-9900,?,9,-9900,?,9,0.0,E,8,-9900,?,9,-9900,?,9,0.0,0.0,E,8
02/12/2016,02:00,0.0,1403.225,0.0,1,8,0.0,1,8,0.0,1,8,0.0,1,8,0.0,1,8,0.0,1,8,-0.0,1,8,-9900,?,9,-9900,?,9,16.41,E,8,13.89,E,8,85.0,E,8,872.5394,E,8,999.0,E,8,0.76,E,8,-9900,?,9,-9900,?,9,0.0,E,8,-9900,?,9,-9900,?,9,0.0,0.0,E,8
02/12/2016,03:00,0.0,1403.225,0.0,1,8,0.0,1,8,0.0,1,8,0.0,1,8,0.0,1,8,0.0,1,8,-0.0,1,8,-9900,?,9,-9900,?,9,15.99,E,8,13.73,E,8,86.0,E,8,872.5394,E,8,999.0,E,8,0.76,E,8,-9900,?,9,-9900,?,9,0.0,E,8,-9900,?,9,-9900,?,9,0.0,0.0,E,8
02/12/2016,04:00,0.0,1402.688,0.0,1,8,0.0,1,8,0.0,1,8,0.0,1,8,0.0,1,8,0.0,1,8,-0.0,1,8,-9900,?,9,-9900,?,9,15.57,E,8,13.57,E,8,87.0,E,8,872.5394,E,8,999.0,E,8,0.76,E,8,-9900,?,9,-9900,?,9,0.0,E,8,-9900,?,9,-9900,?,9,0.0,0.0,E,8
02/12/2016,05:00,0.0,1402.688,0.0,1,8,0.0,1,8,0.0,1,8,0.0,1,8,0.0,1,8,0.0,1,8,-0.0,1,8,-9900,?,9,-9900,?,9,15.15,E,8,13.41,E,8,89.0,E,8,872.5394,E,8,999.0,E,8,0.76,E,8,-9900,?,9,-9900,?,9,0.0,E,8,-9900,?,9,-9900,?,9,0.0,0.0,E,8
02/12/2016,06:00,0.0,1402.688,0.0,1,8,0.0,1,8,0.0,1,8,0.0,1,8,0.0,1,8,0.0,1,8,-0.0,1,8,-9900,?,9,-9900,?,9,14.82,E,8,13.28,E,8,90.0,E,8,872.5394,E,8,999.0,E,8,0.76,E,8,-9900,?,9,-9900,?,9,0.0,E,8,-9900,?,9,-9900,?,9,0.0,0.0,E,8
02/12/2016,07:00,273.167,1402.688,13.84,1,8,0.0,1,8,13.84,1,8,1660.8,1,8,0.0,1,8,1522.4,1,8,22.784,1,8,-9900,?,9,-9900,?,9,14.55,E,8,13.17,E,8,91.0,E,8,872.5394,E,8,999.0,E,8,0.76,E,8,-9900,?,9,-9900,?,9,0.0,E,8,-9900,?,9,-9900,?,9,0.0,0.0,E,8
02/12/2016,08:00,593.279,1402.688,132.56,1,8,0.0,1,8,132.56,1,8,15907.2,1,8,0.0,1,8,14581.6,1,8,99.896,1,8,-9900,?,9,-9900,?,9,14.27,E,8,13.06,E,8,92.0,E,8,872.5394,E,8,999.0,E,8,0.76,E,8,-9900,?,9,-9900,?,9,0.0,E,8,-9900,?,9,-9900,?,9,0.0,0.0,E,8
02/12/2016,09:00,882.076,1402.688,336.11,1,8,39.086,1,8,311.542,1,8,40333.2,1,8,3713.179,1,8,34269.602,1,8,157.767,1,8,-9900,?,9,-9900,?,9,17.92,E,8,14.46,E,8,80.0,E,8,872.5394,E,8,999.0,E,8,0.76,E,8,-9900,?,9,-9900,?,9,0.0,E,8,-9900,?,9,-9900,?,9,0.0,0.0,E,8
02/12/2016,10:00,1119.267,1402.688,522.54,1,8,153.089,1,8,400.404,1,8,62704.8,1,8,14543.497,1,8,44044.392,1,8,159.753,1,8,-9900,?,9,-9900,?,9,19.42,E,8,15.0,E,8,75.0,E,8,872.5394,E,8,999.0,E,8,0.76,E,8,-9900,?,9,-9900,?,9,0.0,E,8,-9900,?,9,-9900,?,9,0.0,0.0,E,8
02/12/2016,11:00,1288.556,1402.688,762.43,1,8,295.948,1,8,490.577,1,8,91491.6,1,8,28115.033,1,8,53963.509,1,8,169.996,1,8,-9900,?,9,-9900,?,9,21.1,E,8,15.59,E,8,70.0,E,8,872.5394,E,8,999.0,E,8,1.08,E,8,-9900,?,9,-9900,?,9,0.0,E,8,-9900,?,9,-9900,?,9,0.0,0.0,E,8
02/12/2016,12:00,1378.349,1402.688,760.6,1,8,140.273,1,8,622.762,1,8,91272.0,1,8,13325.95,1,8,68503.843,1,8,201.734,1,8,-9900,?,9,-9900,?,9,22.11,E,8,15.93,E,8,68.0,E,8,872.5394,E,8,999.0,E,8,1.64,E,8,-9900,?,9,-9900,?,9,0.0,E,8,-9900,?,9,-9900,?,9,0.0,0.0,E,8
02/12/2016,13:00,1382.497,1402.688,728.73,1,8,247.318,1,8,484.974,1,8,87447.6,1,8,23495.245,1,8,53347.115,1,8,156.628,1,8,-9900,?,9,-9900,?,9,22.69,E,8,16.13,E,8,66.0,E,8,872.5394,E,8,999.0,E,8,3.37,E,8,-9900,?,9,-9900,?,9,0.0,E,8,-9900,?,9,-9900,?,9,0.0,0.0,E,8
02/12/2016,14:00,1300.696,1402.688,864.49,1,8,431.133,1,8,464.724,1,8,103738.8,1,8,40957.647,1,8,51119.668,1,8,159.533,1,8,-9900,?,9,-9900,?,9,23.41,E,8,16.37,E,8,64.0,E,8,872.5394,E,8,999.0,E,8,3.51,E,8,-9900,?,9,-9900,?,9,0.0,E,8,-9900,?,9,-9900,?,9,0.0,0.0,E,8
02/12/2016,15:00,1138.518,1402.688,788.3,1,8,552.76,1,8,339.71,1,8,94596.0,1,8,52512.186,1,8,37368.136,1,8,133.244,1,8,-9900,?,9,-9900,?,9,23.81,E,8,16.5,E,8,63.0,E,8,872.5394,E,8,999.0,E,8,4.05,E,8,-9900,?,9,-9900,?,9,0.0,E,8,-9900,?,9,-9900,?,9,0.0,0.0,E,8
02/12/2016,16:00,907.031,1402.688,521.0,1,8,319.575,1,8,314.435,1,8,62520.0,1,8,30359.667,1,8,34587.82,1,8,154.845,1,8,-9900,?,9,-9900,?,9,23.54,E,8,16.41,E,8,64.0,E,8,872.5394,E,8,999.0,E,8,2.78,E,8,-9900,?,9,-9900,?,9,0.0,E,8,-9900,?,9,-9900,?,9,0.0,0.0,E,8
02/12/2016,17:00,622.101,1402.688,385.28,1,8,457.361,1,8,182.679,1,8,46233.6,1,8,43449.278,1,8,20094.732,1,8,131.268,1,8,-9900,?,9,-9900,?,9,22.97,E,8,16.22,E,8,65.0,E,8,872.5394,E,8,999.0,E,8,2.3,E,8,-9900,?,9,-9900,?,9,0.0,E,8,-9900,?,9,-9900,?,9,0.0,0.0,E,8
02/12/2016,18:00,303.623,1402.688,269.2,1,8,485.57,1,8,164.701,1,8,32304.0,1,8,46129.165,1,8,18117.077,1,8,243.604,1,8,-9900,?,9,-9900,?,9,22.22,E,8,15.97,E,8,67.0,E,8,872.5394,E,8,999.0,E,8,1.06,E,8,-9900,?,9,-9900,?,9,0.0,E,8,-9900,?,9,-9900,?,9,0.0,0.0,E,8
02/12/2016,19:00,0.0,1402.688,60.63,1,8,0.0,1,8,0.0,1,8,7275.6,1,8,0.0,1,8,0.0,1,8,-0.0,1,8,-9900,?,9,-9900,?,9,21.13,E,8,15.6,E,8,70.0,E,8,872.5394,E,8,999.0,E,8,0.79,E,8,-9900,?,9,-9900,?,9,0.0,E,8,-9900,?,9,-9900,?,9,0.0,0.0,E,8
02/12/2016,20:00,0.0,1402.688,0.0,1,8,0.0,1,8,0.0,1,8,0.0,1,8,0.0,1,8,0.0,1,8,-0.0,1,8,-9900,?,9,-9900,?,9,20.4,E,8,15.35,E,8,72.0,E,8,872.5394,E,8,999.0,E,8,0.76,E,8,-9900,?,9,-9900,?,9,0.0,E,8,-9900,?,9,-9900,?,9,0.0,0.0,E,8
02/12/2016,21:00,0.0,1402.688,0.0,1,8,0.0,1,8,0.0,1,8,0.0,1,8,0.0,1,8,0.0,1,8,-0.0,1,8,-9900,?,9,-9900,?,9,19.67,E,8,15.09,E,8,74.0,E,8,872.5394,E,8,999.0,E,8,0.76,E,8,-9900,?,9,-9900,?,9,0.0,E,8,-9900,?,9,-9900,?,9,0.0,0.0,E,8
02/12/2016,22:00,0.0,1402.688,0.0,1,8,0.0,1,8,0.0,1,8,0.0,1,8,0.0,1,8,0.0,1,8,-0.0,1,8,-9900,?,9,-9900,?,9,18.95,E,8,14.83,E,8,77.0,E,8,872.5394,E,8,999.0,E,8,0.76,E,8,-9900,?,9,-9900,?,9,0.0,E,8,-9900,?,9,-9900,?,9,0.0,0.0,E,8
02/12/2016,23:00,0.0,1402.688,0.0,1,8,0.0,1,8,0.0,1,8,0.0,1,8,0.0,1,8,0.0,1,8,-0.0,1,8,-9900,?,9,-9900,?,9,18.22,E,8,14.57,E,8,79.0,E,8,872.5394,E,8,999.0,E,8,0.76,E,8,-9900,?,9,-9900,?,9,0.0,E,8,-9900,?,9,-9900,?,9,0.0,0.0,E,8
02/12/2016,24:00,0.0,1402.688,0.0,1,8,0.0,1,8,0.0,1,8,0.0,1,8,0.0,1,8,0.0,1,8,-0.0,1,8,-9900,?,9,-9900,?,9,17.49,E,8,15.37,E,8,85.0,E,8,872.5394,E,8,999.0,E,8,1.9,E,8,-9900,?,9,-9900,?,9,0.0,E,8,-9900,?,9,-9900,?,9,0.0,0.0,E,8
02/13/2016,01:00,0.0,1402.688,0.0,1,8,0.0,1,8,0.0,1,8,0.0,1,8,0.0,1,8,0.0,1,8,-0.0,1,8,-9900,?,9,-9900,?,9,17.12,E,8,15.18,E,8,86.0,E,8,872.5394,E,8,999.0,E,8,1.45,E,8,-9900,?,9,-9900,?,9,0.0,E,8,-9900,?,9,-9900,?,9,0.0,0.0,E,8
02/13/2016,02:00,0.0,1402.688,0.0,1,8,0.0,1,8,0.0,1,8,0.0,1,8,0.0,1,8,0.0,1,8,-0.0,1,8,-9900,?,9,-9900,?,9,16.76,E,8,14.99,E,8,86.0,E,8,872.5394,E,8,999.0,E,8,1.56,E,8,-9900,?,9,-9900,?,9,0.0,E,8,-9900,?,9,-9900,?,9,0.0,0.0,E,8
02/13/2016,03:00,0.0,1402.688,0.0,1,8,0.0,1,8,0.0,1,8,0.0,1,8,0.0,1,8,0.0,1,8,-0.0,1,8,-9900,?,9,-9900,?,9,16.4,E,8,14.79,E,8,87.0,E,8,872.5394,E,8,999.0,E,8,1.38,E,8,-9900,?,9,-9900,?,9,0.0,E,8,-9900,?,9,-9900,?,9,0.0,0.0,E,8
02/13/2016,04:00,0.0,1402.139,0.0,1,8,0.0,1,8,0.0,1,8,0.0,1,8,0.0,1,8,0.0,1,8,-0.0,1,8,-9900,?,9,-9900,?,9,16.03,E,8,14.59,E,8,88.0,E,8,872.5394,E,8,999.0,E,8,1.35,E,8,-9900,?,9,-9900,?,9,0.0,E,8,-9900,?,9,-9900,?,9,0.0,0.0,E,8
02/13/2016,05:00,0.0,1402.139,0.0,1,8,0.0,1,8,0.0,1,8,0.0,1,8,0.0,1,8,0.0,1,8,-0.0,1,8,-9900,?,9,-9900,?,9,15.67,E,8,14.4,E,8,93.0,E,8,872.5394,E,8,999.0,E,8,1.35,E,8,-9900,?,9,-9900,?,9,0.001,E,8,-9900,?,9,-9900,?,9,0.01,99.0,E,8
02/13/2016,06:00,0.0,1402.139,0.0,1,8,0.0,1,8,0.0,1,8,0.0,1,8,0.0,1,8,0.0,1,8,-0.0,1,8,-9900,?,9,-9900,?,9,15.39,E,8,14.24,E,8,94.0,E,8,872.5394,E,8,999.0,E,8,1.35,E,8,-9900,?,9,-9900,?,9,0.004,E,8,-9900,?,9,-9900,?,9,0.04,99.0,E,8
02/13/2016,07:00,270.489,1402.139,6.72,1,8,0.0,1,8,6.72,1,8,806.4,1,8,0.0,1,8,739.2,1,8,11.169,1,8,-9900,?,9,-9900,?,9,15.15,E,8,14.11,E,8,90.0,E,8,872.5394,E,8,999.0,E,8,1.41,E,8,-9900,?,9,-9900,?,9,0.0,E,8,-9900,?,9,-9900,?,9,0.0,0.0,E,8
02/13/2016,08:00,590.916,1402.139,94.48,1,8,0.0,1,8,94.48,1,8,11337.6,1,8,0.0,1,8,10392.8,1,8,71.457,1,8,-9900,?,9,-9900,?,9,14.9,E,8,13.97,E,8,91.0,E,8,872.5394,E,8,999.0,E,8,1.35,E,8,-9900,?,9,-9900,?,9,0.0,E,8,-9900,?,9,-9900,?,9,0.0,0.0,E,8
02/13/2016,09:00,880.003,1402.139,196.76,1,8,2.934,1,8,194.919,1,8,23611.2,1,8,278.741,1,8,21441.127,1,8,98.903,1,8,-9900,?,9,-9900,?,9,18.37,E,8,15.82,E,8,83.0,E,8,872.5394,E,8,999.0,E,8,1.35,E,8,-9900,?,9,-9900,?,9,0.0,E,8,-9900,?,9,-9900,?,9,0.0,0.0,E,8
02/13/2016,10:00,1117.427,1402.139,287.85,1,8,9.379,1,8,280.377,1,8,34542.0,1,8,891.028,1,8,30841.418,1,8,112.005,1,8,-9900,?,9,-9900,?,9,19.5,E,8,16.38,E,8,80.0,E,8,872.5394,E,8,999.0,E,8,1.35,E,8,-9900,?,9,-9900,?,9,0.0,E,8,-9900,?,9,-9900,?,9,0.0,0.0,E,8
02/13/2016,11:00,1286.876,1402.139,358.92,1,8,24.106,1,8,336.797,1,8,43070.4,1,8,2290.05,1,8,37047.676,1,8,116.814,1,8,-9900,?,9,-9900,?,9,20.49,E,8,16.85,E,8,78.0,E,8,872.5394,E,8,999.0,E,8,1.35,E,8,-9900,?,9,-9900,?,9,0.0,E,8,-9900,?,9,-9900,?,9,0.0,0.0,E,8
02/13/2016,12:00,1376.746,1402.139,404.39,1,8,26.62,1,8,378.252,1,8,48526.8,1,8,2528.941,1,8,41607.716,1,8,122.623,1,8,-9900,?,9,-9900,?,9,21.3,E,8,17.23,E,8,76.0,E,8,872.5394,E,8,999.0,E,8,1.35,E,8,-9900,?,9,-9900,?,9,0.0,E,8,-9900,?,9,-9900,?,9,0.0,0.0,E,8
02/13/2016,13:00,1380.88,1402.139,420.9,1,8,28.538,1,8,392.795,1,8,50508.0,1,8,2711.117,1,8,43207.438,1,8,126.957,1,8,-9900,?,9,-9900,?,9,21.9,E,8,17.51,E,8,75.0,E,8,872.5394,E,8,999.0,E,8,1.35,E,8,-9900,?,9,-9900,?,9,0.0,E,8,-9900,?,9,-9900,?,9,0.0,0.0,E,8
02/13/2016,14:00,1298.977,1402.139,407.24,1,8,30.725,1,8,378.777,1,8,48868.8,1,8,2918.839,1,8,41665.505,1,8,130.15,1,8,-9900,?,9,-9900,?,9,22.29,E,8,17.69,E,8,74.0,E,8,872.5394,E,8,999.0,E,8,1.35,E,8,-9900,?,9,-9900,?,9,0.0,E,8,-9900,?,9,-9900,?,9,0.0,0.0,E,8
02/13/2016,15:00,1136.615,1402.139,364.4,1,8,34.131,1,8,336.737,1,8,43728.0,1,8,3242.418,1,8,37041.059,1,8,132.247,1,8,-9900,?,9,-9900,?,9,22.45,E,8,17.76,E,8,78.0,E,8,872.5394,E,8,999.0,E,8,1.35,E,8,-9900,?,9,-9900,?,9,0.002,E,8,-9900,?,9,-9900,?,9,0.02,99.0,E,8
02/13/2016,16:00,904.876,1402.139,295.53,1,8,20.183,1,8,282.51,1,8,35463.6,1,8,1917.418,1,8,31076.096,1,8,139.401,1,8,-9900,?,9,-9900,?,9,22.35,E,8,17.71,E,8,74.0,E,8,872.5394,E,8,999.0,E,8,1.35,E,8,-9900,?,9,-9900,?,9,0.0,E,8,-9900,?,9,-9900,?,9,0.0,0.0,E,8
02/13/2016,17:00,619.642,1402.139,159.98,1,8,12.061,1,8,154.656,1,8,19197.6,1,8,1145.772,1,8,17012.208,1,8,111.53,1,8,-9900,?,9,-9900,?,9,21.73,E,8,17.43,E,8,76.0,E,8,872.5394,E,8,999.0,E,8,1.58,E,8,-9900,?,9,-9900,?,9,0.0,E,8,-9900,?,9,-9900,?,9,0.0,0.0,E,8
02/13/2016,18:00,300.841,1402.139,104.11,1,8,94.241,1,8,84.009,1,8,12493.2,1,8,8952.859,1,8,9240.944,1,8,125.368,1,8,-9900,?,9,-9900,?,9,21.01,E,8,17.1,E,8,81.0,E,8,872.5394,E,8,999.0,E,8,3.07,E,8,-9900,?,9,-9900,?,9,0.001,E,8,-9900,?,9,-9900,?,9,0.01,99.0,E,8
02/13/2016,19:00,0.0,1402.139,11.8,1,8,0.0,1,8,0.0,1,8,1416.0,1,8,0.0,1,8,0.0,1,8,-0.0,1,8,-9900,?,9,-9900,?,9,20.1,E,8,16.67,E,8,79.0,E,8,872.5394,E,8,999.0,E,8,4.01,E,8,-9900,?,9,-9900,?,9,0.0,E,8,-9900,?,9,-9900,?,9,0.0,0.0,E,8
02/13/2016,20:00,0.0,1402.139,0.0,1,8,0.0,1,8,0.0,1,8,0.0,1,8,0.0,1,8,0.0,1,8,-0.0,1,8,-9900,?,9,-9900,?,9,19.6,E,8,16.43,E,8,84.0,E,8,872.5394,E,8,999.0,E,8,4.07,E,8,-9900,?,9,-9900,?,9,0.002,E,8,-9900,?,9,-9900,?,9,0.02,99.0,E,8
02/13/2016,21:00,0.0,1402.139,0.0,1,8,0.0,1,8,0.0,1,8,0.0,1,8,0.0,1,8,0.0,1,8,-0.0,1,8,-9900,?,9,-9900,?,9,19.09,E,8,16.18,E,8,90.0,E,8,872.5394,E,8,999.0,E,8,3.61,E,8,-9900,?,9,-9900,?,9,0.173,E,8,-9900,?,9,-9900,?,9,1.73,99.0,E,8
02/13/2016,22:00,0.0,1402.139,0.0,1,8,0.0,1,8,0.0,1,8,0.0,1,8,0.0,1,8,0.0,1,8,-0.0,1,8,-9900,?,9,-9900,?,9,18.59,E,8,15.93,E,8,87.0,E,8,872.5394,E,8,999.0,E,8,2.79,E,8,-9900,?,9,-9900,?,9,0.011,E,8,-9900,?,9,-9900,?,9,0.11,99.0,E,8
02/13/2016,23:00,0.0,1402.139,0.0,1,8,0.0,1,8,0.0,1,8,0.0,1,8,0.0,1,8,0.0,1,8,-0.0,1,8,-9900,?,9,-9900,?,9,18.09,E,8,15.68,E,8,88.0,E,8,872.5394,E,8,999.0,E,8,2.08,E,8,-9900,?,9,-9900,?,9,0.006,E,8,-9900,?,9,-9900,?,9,0.06,99.0,E,8
02/13/2016,24:00,0.0,1402.139,0.0,1,8,0.0,1,8,0.0,1,8,0.0,1,8,0.0,1,8,0.0,1,8,-0.0,1,8,-9900,?,9,-9900,?,9,17.58,E,8,16.19,E,8,87.0,E,8,872.5394,E,8,999.0,E,8,0.9,E,8,-9900,?,9,-9900,?,9,0.0,E,8,-9900,?,9,-9900,?,9,0.0,0.0,E,8
02/14/2016,01:00,0.0,1402.139,0.0,1,8,0.0,1,8,0.0,1,8,0.0,1,8,0.0,1,8,0.0,1,8,-0.0,1,8,-9900,?,9,-9900,?,9,17.33,E,8,16.0,E,8,90.0,E,8,872.5394,E,8,999.0,E,8,0.9,E,8,-9900,?,9,-9900,?,9,0.001,E,8,-9900,?,9,-9900,?,9,0.01,99.0,E,8
02/14/2016,02:00,0.0,1402.139,0.0,1,8,0.0,1,8,0.0,1,8,0.0,1,8,0.0,1,8,0.0,1,8,-0.0,1,8,-9900,?,9,-9900,?,9,17.08,E,8,15.8,E,8,90.0,E,8,872.5394,E,8,999.0,E,8,0.9,E,8,-9900,?,9,-9900,?,9,0.001,E,8,-9900,?,9,-9900,?,9,0.01,99.0,E,8
02/14/2016,03:00,0.0,1402.139,0.0,1,8,0.0,1,8,0.0,1,8,0.0,1,8,0.0,1,8,0.0,1,8,-0.0,1,8,-9900,?,9,-9900,?,9,16.83,E,8,15.6,E,8,90.0,E,8,872.5394,E,8,999.0,E,8,0.9,E,8,-9900,?,9,-9900,?,9,0.002,E,8,-9900,?,9,-9900,?,9,0.02,99.0,E,8
02/14/2016,04:00,0.0,1401.58,0.0,1,8,0.0,1,8,0.0,1,8,0.0,1,8,0.0,1,8,0.0,1,8,-0.0,1,8,-9900,?,9,-9900,?,9,16.58,E,8,15.4,E,8,90.0,E,8,872.5394,E,8,999.0,E,8,0.9,E,8,-9900,?,9,-9900,?,9,0.002,E,8,-9900,?,9,-9900,?,9,0.02,99.0,E,8
02/14/2016,05:00,0.0,1401.58,0.0,1,8,0.0,1,8,0.0,1,8,0.0,1,8,0.0,1,8,0.0,1,8,-0.0,1,8,-9900,?,9,-9900,?,9,16.32,E,8,15.19,E,8,90.0,E,8,872.5394,E,8,999.0,E,8,0.9,E,8,-9900,?,9,-9900,?,9,0.004,E,8,-9900,?,9,-9900,?,9,0.04,99.0,E,8
02/14/2016,06:00,0.0,1401.58,0.0,1,8,0.0,1,8,0.0,1,8,0.0,1,8,0.0,1,8,0.0,1,8,-0.0,1,8,-9900,?,9,-9900,?,9,16.13,E,8,15.04,E,8,90.0,E,8,872.5394,E,8,999.0,E,8,0.9,E,8,-9900,?,9,-9900,?,9,0.006,E,8,-9900,?,9,-9900,?,9,0.06,99.0,E,8
02/14/2016,07:00,267.845,1401.58,8.59,1,8,0.0,1,8,8.59,1,8,1030.8,1,8,0.0,1,8,944.9,1,8,14.415,1,8,-9900,?,9,-9900,?,9,15.96,E,8,14.9,E,8,93.0,E,8,872.5394,E,8,999.0,E,8,0.9,E,8,-9900,?,9,-9900,?,9,0.173,E,8,-9900,?,9,-9900,?,9,1.73,99.0,E,8
02/14/2016,08:00,588.572,1401.58,127.51,1,8,0.0,1,8,127.51,1,8,15301.2,1,8,0.0,1,8,14026.1,1,8,96.784,1,8,-9900,?,9,-9900,?,9,15.8,E,8,14.76,E,8,91.0,E,8,872.5394,E,8,999.0,E,8,0.9,E,8,-9900,?,9,-9900,?,9,0.011,E,8,-9900,?,9,-9900,?,9,0.11,99.0,E,8
02/14/2016,09:00,877.931,1401.58,149.59,1,8,1.519,1,8,148.639,1,8,17950.8,1,8,144.276,1,8,16350.305,1,8,75.568,1,8,-9900,?,9,-9900,?,9,18.02,E,8,16.53,E,8,87.0,E,8,872.5394,E,8,999.0,E,8,0.9,E,8,-9900,?,9,-9900,?,9,0.0,E,8,-9900,?,9,-9900,?,9,0.0,0.0,E,8
02/14/2016,10:00,1115.569,1401.58,390.82,1,8,41.692,1,8,357.642,1,8,46898.4,1,8,3960.696,1,8,39340.599,1,8,143.052,1,8,-9900,?,9,-9900,?,9,19.37,E,8,17.52,E,8,86.0,E,8,872.5394,E,8,999.0,E,8,0.9,E,8,-9900,?,9,-9900,?,9,0.0,E,8,-9900,?,9,-9900,?,9,0.0,0.0,E,8
02/14/2016,11:00,1285.158,1401.58,487.62,1,8,56.822,1,8,435.521,1,8,58514.4,1,8,5398.075,1,8,47907.304,1,8,151.198,1,8,-9900,?,9,-9900,?,9,20.44,E,8,18.26,E,8,85.0,E,8,872.5394,E,8,999.0,E,8,1.41,E,8,-9900,?,9,-9900,?,9,0.0,E,8,-9900,?,9,-9900,?,9,0.0,0.0,E,8
02/14/2016,12:00,1375.084,1401.58,549.55,1,8,65.047,1,8,485.734,1,8,65946.0,1,8,6179.438,1,8,53430.707,1,8,157.595,1,8,-9900,?,9,-9900,?,9,21.28,E,8,18.82,E,8,84.0,E,8,872.5394,E,8,999.0,E,8,1.78,E,8,-9900,?,9,-9900,?,9,0.0,E,8,-9900,?,9,-9900,?,9,0.0,0.0,E,8
02/14/2016,13:00,1379.185,1401.58,572.01,1,8,83.172,1,8,490.168,1,8,68641.2,1,8,7901.3,1,8,53918.496,1,8,158.56,1,8,-9900,?,9,-9900,?,9,21.89,E,8,19.22,E,8,84.0,E,8,872.5394,E,8,999.0,E,8,2.88,E,8,-9900,?,9,-9900,?,9,0.0,E,8,-9900,?,9,-9900,?,9,0.0,0.0,E,8
02/14/2016,14:00,1297.165,1401.58,553.39,1,8,51.968,1,8,505.296,1,8,66406.8,1,8,4936.947,1,8,55582.562,1,8,173.796,1,8,-9900,?,9,-9900,?,9,22.29,E,8,19.48,E,8,83.0,E,8,872.5394,E,8,999.0,E,8,2.75,E,8,-9900,?,9,-9900,?,9,0.0,E,8,-9900,?,9,-9900,?,9,0.0,0.0,E,8
02/14/2016,15:00,1134.607,1401.58,495.02,1,8,78.124,1,8,431.786,1,8,59402.4,1,8,7421.826,1,8,47496.512,1,8,169.808,1,8,-9900,?,9,-9900,?,9,22.47,E,8,19.59,E,8,83.0,E,8,872.5394,E,8,999.0,E,8,2.11,E,8,-9900,?,9,-9900,?,9,0.0,E,8,-9900,?,9,-9900,?,9,0.0,0.0,E,8
02/14/2016,16:00,902.608,1401.58,401.19,1,8,84.2,1,8,346.988,1,8,48142.8,1,8,7998.962,1,8,38168.733,1,8,171.579,1,8,-9900,?,9,-9900,?,9,22.43,E,8,19.57,E,8,83.0,E,8,872.5394,E,8,999.0,E,8,2.48,E,8,-9900,?,9,-9900,?,9,0.0,E,8,-9900,?,9,-9900,?,9,0.0,0.0,E,8
02/14/2016,17:00,617.071,1401.58,279.2,1,8,176.297,1,8,201.676,1,8,33504.0,1,8,16748.231,1,8,22184.382,1,8,145.987,1,8,-9900,?,9,-9900,?,9,22.06,E,8,19.33,E,8,84.0,E,8,872.5394,E,8,999.0,E,8,1.6,E,8,-9900,?,9,-9900,?,9,0.0,E,8,-9900,?,9,-9900,?,9,0.0,0.0,E,8
02/14/2016,18:00,297.951,1401.58,140.49,1,8,360.903,1,8,64.227,1,8,16858.8,1,8,34285.832,1,8,7065.012,1,8,96.75,1,8,-9900,?,9,-9900,?,9,21.42,E,8,18.92,E,8,84.0,E,8,872.5394,E,8,999.0,E,8,2.48,E,8,-9900,?,9,-9900,?,9,0.0,E,8,-9900,?,9,-9900,?,9,0.0,0.0,E,8
02/14/2016,19:00,0.0,1401.58,15.29,1,8,0.0,1,8,0.0,1,8,1834.8,1,8,0.0,1,8,0.0,1,8,-0.0,1,8,-9900,?,9,-9900,?,9,20.59,E,8,18.36,E,8,85.0,E,8,872.5394,E,8,999.0,E,8,0.9,E,8,-9900,?,9,-9900,?,9,0.0,E,8,-9900,?,9,-9900,?,9,0.0,0.0,E,8
02/14/2016,20:00,0.0,1401.58,0.0,1,8,0.0,1,8,0.0,1,8,0.0,1,8,0.0,1,8,0.0,1,8,-0.0,1,8,-9900,?,9,-9900,?,9,20.19,E,8,18.09,E,8,85.0,E,8,872.5394,E,8,999.0,E,8,0.9,E,8,-9900,?,9,-9900,?,9,0.0,E,8,-9900,?,9,-9900,?,9,0.0,0.0,E,8
02/14/2016,21:00,0.0,1401.58,0.0,1,8,0.0,1,8,0.0,1,8,0.0,1,8,0.0,1,8,0.0,1,8,-0.0,1,8,-9900,?,9,-9900,?,9,19.79,E,8,17.81,E,8,86.0,E,8,872.5394,E,8,999.0,E,8,0.9,E,8,-9900,?,9,-9900,?,9,0.0,E,8,-9900,?,9,-9900,?,9,0.0,0.0,E,8
02/14/2016,22:00,0.0,1401.58,0.0,1,8,0.0,1,8,0.0,1,8,0.0,1,8,0.0,1,8,0.0,1,8,-0.0,1,8,-9900,?,9,-9900,?,9,19.39,E,8,17.53,E,8,86.0,E,8,872.5394,E,8,999.0,E,8,0.9,E,8,-9900,?,9,-9900,?,9,0.0,E,8,-9900,?,9,-9900,?,9,0.0,0.0,E,8
02/14/2016,23:00,0.0,1401.58,0.0,1,8,0.0,1,8,0.0,1,8,0.0,1,8,0.0,1,8,0.0,1,8,-0.0,1,8,-9900,?,9,-9900,?,9,18.98,E,8,17.24,E,8,86.0,E,8,872.5394,E,8,999.0,E,8,0.9,E,8,-9900,?,9,-9900,?,9,0.0,E,8,-9900,?,9,-9900,?,9,0.0,0.0,E,8
02/14/2016,24:00,0.0,1401.58,0.0,1,8,0.0,1,8,0.0,1,8,0.0,1,8,0.0,1,8,0.0,1,8,-0.0,1,8,-9900,?,9,-9900,?,9,18.58,E,8,16.82,E,8,87.0,E,8,872.5394,E,8,999.0,E,8,0.91,E,8,-9900,?,9,-9900,?,9,0.014000000000000002,E,8,-9900,?,9,-9900,?,9,0.14,99.0,E,8
02/15/2016,01:00,0.0,1401.58,0.0,1,8,0.0,1,8,0.0,1,8,0.0,1,8,0.0,1,8,0.0,1,8,-0.0,1,8,-9900,?,9,-9900,?,9,18.38,E,8,16.79,E,8,88.0,E,8,872.5394,E,8,999.0,E,8,0.91,E,8,-9900,?,9,-9900,?,9,0.001,E,8,-9900,?,9,-9900,?,9,0.01,99.0,E,8
02/15/2016,02:00,0.0,1401.58,0.0,1,8,0.0,1,8,0.0,1,8,0.0,1,8,0.0,1,8,0.0,1,8,-0.0,1,8,-9900,?,9,-9900,?,9,18.18,E,8,16.76,E,8,96.0,E,8,872.5394,E,8,999.0,E,8,0.91,E,8,-9900,?,9,-9900,?,9,0.597,E,8,-9900,?,9,-9900,?,9,5.97,99.0,E,8
02/15/2016,03:00,0.0,1401.58,0.0,1,8,0.0,1,8,0.0,1,8,0.0,1,8,0.0,1,8,0.0,1,8,-0.0,1,8,-9900,?,9,-9900,?,9,17.98,E,8,16.73,E,8,89.0,E,8,872.5394,E,8,999.0,E,8,0.91,E,8,-9900,?,9,-9900,?,9,0.022,E,8,-9900,?,9,-9900,?,9,0.22,99.0,E,8
02/15/2016,04:00,0.0,1401.01,0.0,1,8,0.0,1,8,0.0,1,8,0.0,1,8,0.0,1,8,0.0,1,8,-0.0,1,8,-9900,?,9,-9900,?,9,17.78,E,8,16.69,E,8,90.0,E,8,872.5394,E,8,999.0,E,8,0.91,E,8,-9900,?,9,-9900,?,9,0.004,E,8,-9900,?,9,-9900,?,9,0.04,99.0,E,8
02/15/2016,05:00,0.0,1401.01,0.0,1,8,0.0,1,8,0.0,1,8,0.0,1,8,0.0,1,8,0.0,1,8,-0.0,1,8,-9900,?,9,-9900,?,9,17.58,E,8,16.66,E,8,91.0,E,8,872.5394,E,8,999.0,E,8,0.91,E,8,-9900,?,9,-9900,?,9,0.007000000000000001,E,8,-9900,?,9,-9900,?,9,0.07,99.0,E,8
02/15/2016,06:00,0.0,1401.01,0.0,1,8,0.0,1,8,0.0,1,8,0.0,1,8,0.0,1,8,0.0,1,8,-0.0,1,8,-9900,?,9,-9900,?,9,17.42,E,8,16.64,E,8,88.0,E,8,872.5394,E,8,999.0,E,8,0.91,E,8,-9900,?,9,-9900,?,9,0.0,E,8,-9900,?,9,-9900,?,9,0.0,0.0,E,8
02/15/2016,07:00,265.233,1401.01,8.8,1,8,0.0,1,8,8.8,1,8,1056.0,1,8,0.0,1,8,968.0,1,8,14.909,1,8,-9900,?,9,-9900,?,9,17.29,E,8,16.62,E,8,88.0,E,8,872.5394,E,8,999.0,E,8,0.91,E,8,-9900,?,9,-9900,?,9,0.0,E,8,-9900,?,9,-9900,?,9,0.0,0.0,E,8
02/15/2016,08:00,586.247,1401.01,137.57,1,8,1.161,1,8,137.085,1,8,16508.4,1,8,110.279,1,8,15079.341,1,8,104.423,1,8,-9900,?,9,-9900,?,9,17.15,E,8,16.6,E,8,89.0,E,8,872.5394,E,8,999.0,E,8,0.91,E,8,-9900,?,9,-9900,?,9,0.0,E,8,-9900,?,9,-9900,?,9,0.0,0.0,E,8
02/15/2016,09:00,875.861,1401.01,289.08,1,8,33.019,1,8,268.447,1,8,34689.6,1,8,3136.789,1,8,29529.199,1,8,136.746,1,8,-9900,?,9,-9900,?,9,20.27,E,8,17.07,E,8,78.0,E,8,872.5394,E,8,999.0,E,8,0.91,E,8,-9900,?,9,-9900,?,9,0.0,E,8,-9900,?,9,-9900,?,9,0.0,0.0,E,8
02/15/2016,10:00,1113.693,1401.01,424.06,1,8,46.773,1,8,386.885,1,8,50887.2,1,8,4443.465,1,8,42557.376,1,8,154.947,1,8,-9900,?,9,-9900,?,9,21.3,E,8,17.23,E,8,75.0,E,8,872.5394,E,8,999.0,E,8,0.91,E,8,-9900,?,9,-9900,?,9,0.0,E,8,-9900,?,9,-9900,?,9,0.0,0.0,E,8
02/15/2016,11:00,1283.401,1401.01,529.38,1,8,45.911,1,8,487.326,1,8,63525.6,1,8,4361.504,1,8,53605.838,1,8,169.345,1,8,-9900,?,9,-9900,?,9,22.19,E,8,17.36,E,8,72.0,E,8,872.5394,E,8,999.0,E,8,0.91,E,8,-9900,?,9,-9900,?,9,0.0,E,8,-9900,?,9,-9900,?,9,0.0,0.0,E,8
02/15/2016,12:00,1373.362,1401.01,596.75,1,8,52.996,1,8,544.801,1,8,71610.0,1,8,5034.608,1,8,59928.065,1,8,176.909,1,8,-9900,?,9,-9900,?,9,22.93,E,8,17.47,E,8,70.0,E,8,872.5394,E,8,999.0,E,8,0.91,E,8,-9900,?,9,-9900,?,9,0.0,E,8,-9900,?,9,-9900,?,9,0.0,0.0,E,8
02/15/2016,13:00,1377.413,1401.01,621.18,1,8,61.368,1,8,560.846,1,8,74541.6,1,8,5829.959,1,8,61693.088,1,8,181.583,1,8,-9900,?,9,-9900,?,9,23.48,E,8,17.55,E,8,68.0,E,8,872.5394,E,8,999.0,E,8,1.73,E,8,-9900,?,9,-9900,?,9,0.0,E,8,-9900,?,9,-9900,?,9,0.0,0.0,E,8
02/15/2016,14:00,1295.258,1401.01,600.88,1,8,72.884,1,8,533.501,1,8,72105.6,1,8,6924.012,1,8,58685.057,1,8,183.693,1,8,-9900,?,9,-9900,?,9,23.83,E,8,17.6,E,8,67.0,E,8,872.5394,E,8,999.0,E,8,3.02,E,8,-9900,?,9,-9900,?,9,0.0,E,8,-9900,?,9,-9900,?,9,0.0,0.0,E,8
02/15/2016,15:00,1132.493,1401.01,537.33,1,8,109.723,1,8,448.65,1,8,64479.6,1,8,10423.717,1,8,49351.5,1,8,176.698,1,8,-9900,?,9,-9900,?,9,23.98,E,8,17.62,E,8,67.0,E,8,872.5394,E,8,999.0,E,8,3.78,E,8,-9900,?,9,-9900,?,9,0.0,E,8,-9900,?,9,-9900,?,9,0.0,0.0,E,8
02/15/2016,16:00,900.229,1401.01,435.19,1,8,117.773,1,8,359.546,1,8,52222.8,1,8,11188.415,1,8,39550.041,1,8,178.186,1,8,-9900,?,9,-9900,?,9,23.89,E,8,17.61,E,8,67.0,E,8,872.5394,E,8,999.0,E,8,3.21,E,8,-9900,?,9,-9900,?,9,0.0,E,8,-9900,?,9,-9900,?,9,0.0,0.0,E,8
02/15/2016,17:00,614.387,1401.01,302.42,1,8,243.21,1,8,195.895,1,8,36290.4,1,8,23104.968,1,8,21548.494,1,8,142.366,1,8,-9900,?,9,-9900,?,9,23.49,E,8,17.55,E,8,72.0,E,8,872.5394,E,8,999.0,E,8,2.17,E,8,-9900,?,9,-9900,?,9,0.001,E,8,-9900,?,9,-9900,?,9,0.01,99.0,E,8
02/15/2016,18:00,294.954,1401.01,151.5,1,8,473.292,1,8,52.466,1,8,18180.0,1,8,44962.728,1,8,5771.285,1,8,79.813,1,8,-9900,?,9,-9900,?,9,22.82,E,8,17.45,E,8,70.0,E,8,872.5394,E,8,999.0,E,8,1.55,E,8,-9900,?,9,-9900,?,9,0.0,E,8,-9900,?,9,-9900,?,9,0.0,0.0,E,8
02/15/2016,19:00,0.0,1401.01,15.81,1,8,0.0,1,8,0.0,1,8,1897.2,1,8,0.0,1,8,0.0,1,8,-0.0,1,8,-9900,?,9,-9900,?,9,21.98,E,8,17.33,E,8,73.0,E,8,872.5394,E,8,999.0,E,8,0.91,E,8,-9900,?,9,-9900,?,9,0.0,E,8,-9900,?,9,-9900,?,9,0.0,0.0,E,8
02/15/2016,20:00,0.0,1401.01,0.0,1,8,0.0,1,8,0.0,1,8,0.0,1,8,0.0,1,8,0.0,1,8,-0.0,1,8,-9900,?,9,-9900,?,9,21.48,E,8,17.25,E,8,78.0,E,8,872.5394,E,8,999.0,E,8,0.91,E,8,-9900,?,9,-9900,?,9,0.003,E,8,-9900,?,9,-9900,?,9,0.03,99.0,E,8
02/15/2016,21:00,0.0,1401.01,0.0,1,8,0.0,1,8,0.0,1,8,0.0,1,8,0.0,1,8,0.0,1,8,-0.0,1,8,-9900,?,9,-9900,?,9,20.98,E,8,17.18,E,8,79.0,E,8,872.5394,E,8,999.0,E,8,0.91,E,8,-9900,?,9,-9900,?,9,0.002,E,8,-9900,?,9,-9900,?,9,0.02,99.0,E,8
02/15/2016,22:00,0.0,1401.01,0.0,1,8,0.0,1,8,0.0,1,8,0.0,1,8,0.0,1,8,0.0,1,8,-0.0,1,8,-9900,?,9,-9900,?,9,20.48,E,8,17.1,E,8,81.0,E,8,872.5394,E,8,999.0,E,8,0.91,E,8,-9900,?,9,-9900,?,9,0.04,E,8,-9900,?,9,-9900,?,9,0.4,99.0,E,8
02/15/2016,23:00,0.0,1401.01,0.0,1,8,0.0,1,8,0.0,1,8,0.0,1,8,0.0,1,8,0.0,1,8,-0.0,1,8,-9900,?,9,-9900,?,9,19.98,E,8,17.03,E,8,82.0,E,8,872.5394,E,8,999.0,E,8,1.03,E,8,-9900,?,9,-9900,?,9,0.009,E,8,-9900,?,9,-9900,?,9,0.09,99.0,E,8
02/15/2016,24:00,0.0,1401.01,0.0,1,8,0.0,1,8,0.0,1,8,0.0,1,8,0.0,1,8,0.0,1,8,-0.0,1,8,-9900,?,9,-9900,?,9,19.48,E,8,18.1,E,8,91.0,E,8,872.5394,E,8,999.0,E,8,3.39,E,8,-9900,?,9,-9900,?,9,0.081,E,8,-9900,?,9,-9900,?,9,0.81,99.0,E,8
02/16/2016,01:00,0.0,1401.01,0.0,1,8,0.0,1,8,0.0,1,8,0.0,1,8,0.0,1,8,0.0,1,8,-0.0,1,8,-9900,?,9,-9900,?,9,19.23,E,8,18.04,E,8,97.0,E,8,872.5394,E,8,999.0,E,8,3.62,E,8,-9900,?,9,-9900,?,9,0.10300000000000001,E,8,-9900,?,9,-9900,?,9,1.03,99.0,E,8
02/16/2016,02:00,0.0,1401.01,0.0,1,8,0.0,1,8,0.0,1,8,0.0,1,8,0.0,1,8,0.0,1,8,-0.0,1,8,-9900,?,9,-9900,?,9,18.97,E,8,17.97,E,8,93.0,E,8,872.5394,E,8,999.0,E,8,5.4,E,8,-9900,?,9,-9900,?,9,0.020999999999999998,E,8,-9900,?,9,-9900,?,9,0.21,99.0,E,8
02/16/2016,03:00,0.0,1401.01,0.0,1,8,0.0,1,8,0.0,1,8,0.0,1,8,0.0,1,8,0.0,1,8,-0.0,1,8,-9900,?,9,-9900,?,9,18.72,E,8,17.91,E,8,95.0,E,8,872.5394,E,8,999.0,E,8,5.32,E,8,-9900,?,9,-9900,?,9,0.033,E,8,-9900,?,9,-9900,?,9,0.33,99.0,E,8
02/16/2016,04:00,0.0,1400.43,0.0,1,8,0.0,1,8,0.0,1,8,0.0,1,8,0.0,1,8,0.0,1,8,-0.0,1,8,-9900,?,9,-9900,?,9,18.47,E,8,17.85,E,8,96.0,E,8,872.5394,E,8,999.0,E,8,5.21,E,8,-9900,?,9,-9900,?,9,0.006,E,8,-9900,?,9,-9900,?,9,0.06,99.0,E,8
02/16/2016,05:00,0.0,1400.43,0.0,1,8,0.0,1,8,0.0,1,8,0.0,1,8,0.0,1,8,0.0,1,8,-0.0,1,8,-9900,?,9,-9900,?,9,18.22,E,8,17.79,E,8,92.0,E,8,872.5394,E,8,999.0,E,8,5.94,E,8,-9900,?,9,-9900,?,9,0.0,E,8,-9900,?,9,-9900,?,9,0.0,0.0,E,8
02/16/2016,06:00,0.0,1400.43,0.0,1,8,0.0,1,8,0.0,1,8,0.0,1,8,0.0,1,8,0.0,1,8,-0.0,1,8,-9900,?,9,-9900,?,9,18.03,E,8,17.75,E,8,93.0,E,8,872.5394,E,8,999.0,E,8,4.5,E,8,-9900,?,9,-9900,?,9,0.0,E,8,-9900,?,9,-9900,?,9,0.0,0.0,E,8
02/16/2016,07:00,262.654,1400.43,3.8,1,8,0.0,1,8,3.8,1,8,456.0,1,8,0.0,1,8,418.0,1,8,6.499,1,8,-9900,?,9,-9900,?,9,17.86,E,8,17.71,E,8,99.0,E,8,872.5394,E,8,999.0,E,8,4.07,E,8,-9900,?,9,-9900,?,9,0.001,E,8,-9900,?,9,-9900,?,9,0.01,99.0,E,8
02/16/2016,08:00,583.941,1400.43,62.7,1,8,0.0,1,8,62.7,1,8,7524.0,1,8,0.0,1,8,6897.0,1,8,47.93,1,8,-9900,?,9,-9900,?,9,17.7,E,8,17.67,E,8,99.0,E,8,872.5394,E,8,999.0,E,8,3.39,E,8,-9900,?,9,-9900,?,9,0.004,E,8,-9900,?,9,-9900,?,9,0.04,99.0,E,8
02/16/2016,09:00,873.792,1400.43,132.28,1,8,0.0,1,8,132.28,1,8,15873.6,1,8,0.0,1,8,14550.8,1,8,67.515,1,8,-9900,?,9,-9900,?,9,19.92,E,8,18.2,E,8,84.0,E,8,872.5394,E,8,999.0,E,8,4.28,E,8,-9900,?,9,-9900,?,9,0.0,E,8,-9900,?,9,-9900,?,9,0.0,0.0,E,8
02/16/2016,10:00,1111.798,1400.43,199.41,1,8,3.091,1,8,196.957,1,8,23929.2,1,8,293.603,1,8,21665.252,1,8,78.983,1,8,-9900,?,9,-9900,?,9,20.7,E,8,18.38,E,8,86.0,E,8,872.5394,E,8,999.0,E,8,3.28,E,8,-9900,?,9,-9900,?,9,0.002,E,8,-9900,?,9,-9900,?,9,0.02,99.0,E,8
02/16/2016,11:00,1281.604,1400.43,245.72,1,8,4.685,1,8,241.432,1,8,29486.4,1,8,445.111,1,8,26557.566,1,8,83.98,1,8,-9900,?,9,-9900,?,9,21.35,E,8,18.54,E,8,84.0,E,8,872.5394,E,8,999.0,E,8,2.17,E,8,-9900,?,9,-9900,?,9,0.051000000000000004,E,8,-9900,?,9,-9900,?,9,0.51,99.0,E,8
02/16/2016,12:00,1371.58,1400.43,296.11,1,8,5.608,1,8,290.618,1,8,35533.2,1,8,532.768,1,8,31967.927,1,8,94.453,1,8,-9900,?,9,-9900,?,9,21.97,E,8,18.68,E,8,81.0,E,8,872.5394,E,8,999.0,E,8,1.81,E,8,-9900,?,9,-9900,?,9,0.017,E,8,-9900,?,9,-9900,?,9,0.17,99.0,E,8
02/16/2016,13:00,1375.561,1400.43,239.41,1,8,4.816,1,8,234.679,1,8,28729.2,1,8,457.544,1,8,25814.725,1,8,76.052,1,8,-9900,?,9,-9900,?,9,22.17,E,8,18.73,E,8,80.0,E,8,872.5394,E,8,999.0,E,8,3.44,E,8,-9900,?,9,-9900,?,9,0.064,E,8,-9900,?,9,-9900,?,9,0.64,99.0,E,8
02/16/2016,14:00,1293.258,1400.43,234.23,1,8,4.512,1,8,230.064,1,8,28107.6,1,8,428.634,1,8,25306.992,1,8,79.304,1,8,-9900,?,9,-9900,?,9,22.3,E,8,18.76,E,8,80.0,E,8,872.5394,E,8,999.0,E,8,2.42,E,8,-9900,?,9,-9900,?,9,0.001,E,8,-9900,?,9,-9900,?,9,0.01,99.0,E,8
02/16/2016,15:00,1130.275,1400.43,234.76,1,8,8.93,1,8,227.554,1,8,28171.2,1,8,848.308,1,8,25030.957,1,8,89.759,1,8,-9900,?,9,-9900,?,9,22.39,E,8,18.78,E,8,80.0,E,8,872.5394,E,8,999.0,E,8,2.4,E,8,-9900,?,9,-9900,?,9,0.008,E,8,-9900,?,9,-9900,?,9,0.08,99.0,E,8
02/16/2016,16:00,897.74,1400.43,278.01,1,8,23.477,1,8,262.966,1,8,33361.2,1,8,2230.352,1,8,28926.288,1,8,130.63,1,8,-9900,?,9,-9900,?,9,22.58,E,8,18.82,E,8,79.0,E,8,872.5394,E,8,999.0,E,8,2.55,E,8,-9900,?,9,-9900,?,9,0.040999999999999995,E,8,-9900,?,9,-9900,?,9,0.41,99.0,E,8
02/16/2016,17:00,611.592,1400.43,161.21,1,8,14.192,1,8,155.02,1,8,19345.2,1,8,1348.24,1,8,17052.176,1,8,113.129,1,8,-9900,?,9,-9900,?,9,22.37,E,8,18.77,E,8,80.0,E,8,872.5394,E,8,999.0,E,8,2.59,E,8,-9900,?,9,-9900,?,9,0.027000000000000003,E,8,-9900,?,9,-9900,?,9,0.27,99.0,E,8
02/16/2016,18:00,291.851,1400.43,89.55,1,8,42.494,1,8,80.749,1,8,10746.0,1,8,4036.96,1,8,8882.423,1,8,124.109,1,8,-9900,?,9,-9900,?,9,21.95,E,8,18.68,E,8,81.0,E,8,872.5394,E,8,999.0,E,8,3.21,E,8,-9900,?,9,-9900,?,9,0.01,E,8,-9900,?,9,-9900,?,9,0.1,99.0,E,8
02/16/2016,19:00,0.0,1400.43,6.89,1,8,0.0,1,8,0.0,1,8,826.8,1,8,0.0,1,8,0.0,1,8,-0.0,1,8,-9900,?,9,-9900,?,9,21.34,E,8,18.53,E,8,84.0,E,8,872.5394,E,8,999.0,E,8,2.15,E,8,-9900,?,9,-9900,?,9,0.013000000000000001,E,8,-9900,?,9,-9900,?,9,0.13,99.0,E,8
02/16/2016,20:00,0.0,1400.43,0.0,1,8,0.0,1,8,0.0,1,8,0.0,1,8,0.0,1,8,0.0,1,8,-0.0,1,8,-9900,?,9,-9900,?,9,21.01,E,8,18.46,E,8,90.0,E,8,872.5394,E,8,999.0,E,8,1.8,E,8,-9900,?,9,-9900,?,9,0.136,E,8,-9900,?,9,-9900,?,9,1.36,99.0,E,8
02/16/2016,21:00,0.0,1400.43,0.0,1,8,0.0,1,8,0.0,1,8,0.0,1,8,0.0,1,8,0.0,1,8,-0.0,1,8,-9900,?,9,-9900,?,9,20.68,E,8,18.38,E,8,96.0,E,8,872.5394,E,8,999.0,E,8,1.97,E,8,-9900,?,9,-9900,?,9,3.475,E,8,-9900,?,9,-9900,?,9,34.75,99.0,E,8
02/16/2016,22:00,0.0,1400.43,0.0,1,8,0.0,1,8,0.0,1,8,0.0,1,8,0.0,1,8,0.0,1,8,-0.0,1,8,-9900,?,9,-9900,?,9,20.35,E,8,18.3,E,8,93.0,E,8,872.5394,E,8,999.0,E,8,3.24,E,8,-9900,?,9,-9900,?,9,0.191,E,8,-9900,?,9,-9900,?,9,1.91,99.0,E,8
02/16/2016,23:00,0.0,1400.43,0.0,1,8,0.0,1,8,0.0,1,8,0.0,1,8,0.0,1,8,0.0,1,8,-0.0,1,8,-9900,?,9,-9900,?,9,20.03,E,8,18.23,E,8,94.0,E,8,872.5394,E,8,999.0,E,8,3.21,E,8,-9900,?,9,-9900,?,9,0.313,E,8,-9900,?,9,-9900,?,9,3.13,99.0,E,8
02/16/2016,24:00,0.0,1400.43,0.0,1,8,0.0,1,8,0.0,1,8,0.0,1,8,0.0,1,8,0.0,1,8,-0.0,1,8,-9900,?,9,-9900,?,9,19.7,E,8,18.59,E,8,92.0,E,8,872.5394,E,8,999.0,E,8,4.0,E,8,-9900,?,9,-9900,?,9,0.037,E,8,-9900,?,9,-9900,?,9,0.37,99.0,E,8
02/17/2016,01:00,0.0,1400.43,0.0,1,8,0.0,1,8,0.0,1,8,0.0,1,8,0.0,1,8,0.0,1,8,-0.0,1,8,-9900,?,9,-9900,?,9,19.53,E,8,18.5,E,8,95.0,E,8,872.5394,E,8,999.0,E,8,3.46,E,8,-9900,?,9,-9900,?,9,0.157,E,8,-9900,?,9,-9900,?,9,1.57,99.0,E,8
02/17/2016,02:00,0.0,1400.43,0.0,1,8,0.0,1,8,0.0,1,8,0.0,1,8,0.0,1,8,0.0,1,8,-0.0,1,8,-9900,?,9,-9900,?,9,19.37,E,8,18.42,E,8,92.0,E,8,872.5394,E,8,999.0,E,8,3.39,E,8,-9900,?,9,-9900,?,9,0.045,E,8,-9900,?,9,-9900,?,9,0.45,99.0,E,8
02/17/2016,03:00,0.0,1400.43,0.0,1,8,0.0,1,8,0.0,1,8,0.0,1,8,0.0,1,8,0.0,1,8,-0.0,1,8,-9900,?,9,-9900,?,9,19.21,E,8,18.33,E,8,93.0,E,8,872.5394,E,8,999.0,E,8,2.47,E,8,-9900,?,9,-9900,?,9,0.067,E,8,-9900,?,9,-9900,?,9,0.67,99.0,E,8
02/17/2016,04:00,0.0,1399.839,0.0,1,8,0.0,1,8,0.0,1,8,0.0,1,8,0.0,1,8,0.0,1,8,-0.0,1,8,-9900,?,9,-9900,?,9,19.04,E,8,18.24,E,8,93.0,E,8,872.5394,E,8,999.0,E,8,3.65,E,8,-9900,?,9,-9900,?,9,0.009,E,8,-9900,?,9,-9900,?,9,0.09,99.0,E,8
02/17/2016,05:00,0.0,1399.839,0.0,1,8,0.0,1,8,0.0,1,8,0.0,1,8,0.0,1,8,0.0,1,8,-0.0,1,8,-9900,?,9,-9900,?,9,18.88,E,8,18.16,E,8,93.0,E,8,872.5394,E,8,999.0,E,8,4.74,E,8,-9900,?,9,-9900,?,9,0.004,E,8,-9900,?,9,-9900,?,9,0.04,99.0,E,8
02/17/2016,06:00,0.0,1399.839,0.0,1,8,0.0,1,8,0.0,1,8,0.0,1,8,0.0,1,8,0.0,1,8,-0.0,1,8,-9900,?,9,-9900,?,9,18.75,E,8,18.08,E,8,93.0,E,8,872.5394,E,8,999.0,E,8,5.22,E,8,-9900,?,9,-9900,?,9,0.024,E,8,-9900,?,9,-9900,?,9,0.24,99.0,E,8
02/17/2016,07:00,260.108,1399.839,4.44,1,8,0.0,1,8,4.44,1,8,532.8,1,8,0.0,1,8,488.4,1,8,7.666,1,8,-9900,?,9,-9900,?,9,18.64,E,8,18.02,E,8,96.0,E,8,872.5394,E,8,999.0,E,8,4.7,E,8,-9900,?,9,-9900,?,9,0.124,E,8,-9900,?,9,-9900,?,9,1.24,99.0,E,8
02/17/2016,08:00,581.653,1399.839,150.6,1,8,11.462,1,8,145.844,1,8,18072.0,1,8,1088.916,1,8,16042.831,1,8,111.882,1,8,-9900,?,9,-9900,?,9,18.54,E,8,17.97,E,8,94.0,E,8,872.5394,E,8,999.0,E,8,3.46,E,8,-9900,?,9,-9900,?,9,0.019,E,8,-9900,?,9,-9900,?,9,0.19,99.0,E,8
02/17/2016,09:00,871.722,1399.839,255.75,1,8,13.286,1,8,247.48,1,8,30690.0,1,8,1262.186,1,8,27222.814,1,8,126.559,1,8,-9900,?,9,-9900,?,9,21.23,E,8,19.38,E,8,90.0,E,8,872.5394,E,8,999.0,E,8,4.66,E,8,-9900,?,9,-9900,?,9,0.003,E,8,-9900,?,9,-9900,?,9,0.03,99.0,E,8
02/17/2016,10:00,1109.883,1399.839,310.29,1,8,17.165,1,8,296.683,1,8,37234.8,1,8,1630.685,1,8,32635.104,1,8,119.129,1,8,-9900,?,9,-9900,?,9,21.7,E,8,19.62,E,8,89.0,E,8,872.5394,E,8,999.0,E,8,5.28,E,8,-9900,?,9,-9900,?,9,0.001,E,8,-9900,?,9,-9900,?,9,0.01,99.0,E,8
02/17/2016,11:00,1279.766,1399.839,338.28,1,8,20.645,1,8,319.407,1,8,40593.6,1,8,1961.255,1,8,35134.785,1,8,111.216,1,8,-9900,?,9,-9900,?,9,22.03,E,8,19.78,E,8,89.0,E,8,872.5394,E,8,999.0,E,8,4.87,E,8,-9900,?,9,-9900,?,9,0.002,E,8,-9900,?,9,-9900,?,9,0.02,99.0,E,8
02/17/2016,12:00,1369.737,1399.839,223.54,1,8,11.908,1,8,211.888,1,8,26824.8,1,8,1131.243,1,8,23307.724,1,8,68.929,1,8,-9900,?,9,-9900,?,9,21.92,E,8,19.73,E,8,86.0,E,8,872.5394,E,8,999.0,E,8,3.71,E,8,-9900,?,9,-9900,?,9,0.0,E,8,-9900,?,9,-9900,?,9,0.0,0.0,E,8
02/17/2016,13:00,1373.63,1399.839,341.23,1,8,17.943,1,8,323.623,1,8,40947.6,1,8,1704.621,1,8,35598.504,1,8,104.979,1,8,-9900,?,9,-9900,?,9,22.11,E,8,19.82,E,8,89.0,E,8,872.5394,E,8,999.0,E,8,3.33,E,8,-9900,?,9,-9900,?,9,0.006,E,8,-9900,?,9,-9900,?,9,0.06,99.0,E,8
02/17/2016,14:00,1291.164,1399.839,190.54,1,8,9.147,1,8,182.104,1,8,22864.8,1,8,868.943,1,8,20031.415,1,8,62.848,1,8,-9900,?,9,-9900,?,9,21.85,E,8,19.69,E,8,89.0,E,8,872.5394,E,8,999.0,E,8,3.28,E,8,-9900,?,9,-9900,?,9,0.08199999999999999,E,8,-9900,?,9,-9900,?,9,0.82,99.0,E,8
02/17/2016,15:00,1127.953,1399.839,304.4,1,8,11.336,1,8,295.267,1,8,36528.0,1,8,1076.928,1,8,32479.385,1,8,116.66,1,8,-9900,?,9,-9900,?,9,21.98,E,8,19.76,E,8,89.0,E,8,872.5394,E,8,999.0,E,8,2.97,E,8,-9900,?,9,-9900,?,9,0.012,E,8,-9900,?,9,-9900,?,9,0.12,99.0,E,8
02/17/2016,16:00,895.14,1399.839,246.21,1,8,10.427,1,8,239.545,1,8,29545.2,1,8,990.537,1,8,26349.991,1,8,119.291,1,8,-9900,?,9,-9900,?,9,21.94,E,8,19.74,E,8,89.0,E,8,872.5394,E,8,999.0,E,8,2.24,E,8,-9900,?,9,-9900,?,9,0.015,E,8,-9900,?,9,-9900,?,9,0.15,99.0,E,8
02/17/2016,17:00,608.687,1399.839,170.59,1,8,20.02,1,8,161.896,1,8,20470.8,1,8,1901.895,1,8,17808.525,1,8,118.662,1,8,-9900,?,9,-9900,?,9,21.73,E,8,19.64,E,8,89.0,E,8,872.5394,E,8,999.0,E,8,2.27,E,8,-9900,?,9,-9900,?,9,0.03,E,8,-9900,?,9,-9900,?,9,0.3,99.0,E,8
02/17/2016,18:00,288.645,1399.839,84.68,1,8,36.098,1,8,77.284,1,8,10161.6,1,8,3429.332,1,8,8501.236,1,8,120.068,1,8,-9900,?,9,-9900,?,9,21.39,E,8,19.47,E,8,92.0,E,8,872.5394,E,8,999.0,E,8,2.84,E,8,-9900,?,9,-9900,?,9,0.205,E,8,-9900,?,9,-9900,?,9,2.05,99.0,E,8
02/17/2016,19:00,0.0,1399.839,8.08,1,8,0.0,1,8,0.0,1,8,969.6,1,8,0.0,1,8,0.0,1,8,-0.0,1,8,-9900,?,9,-9900,?,9,20.96,E,8,19.25,E,8,95.0,E,8,872.5394,E,8,999.0,E,8,4.81,E,8,-9900,?,9,-9900,?,9,4.861,E,8,-9900,?,9,-9900,?,9,48.61,99.0,E,8
02/17/2016,20:00,0.0,1399.839,0.0,1,8,0.0,1,8,0.0,1,8,0.0,1,8,0.0,1,8,0.0,1,8,-0.0,1,8,-9900,?,9,-9900,?,9,20.61,E,8,19.07,E,8,93.0,E,8,872.5394,E,8,999.0,E,8,6.36,E,8,-9900,?,9,-9900,?,9,0.458,E,8,-9900,?,9,-9900,?,9,4.58,99.0,E,8
02/17/2016,21:00,0.0,1399.839,0.0,1,8,0.0,1,8,0.0,1,8,0.0,1,8,0.0,1,8,0.0,1,8,-0.0,1,8,-9900,?,9,-9900,?,9,20.26,E,8,18.89,E,8,91.0,E,8,872.5394,E,8,999.0,E,8,5.37,E,8,-9900,?,9,-9900,?,9,0.05500000000000001,E,8,-9900,?,9,-9900,?,9,0.55,99.0,E,8
02/17/2016,22:00,0.0,1399.839,0.0,1,8,0.0,1,8,0.0,1,8,0.0,1,8,0.0,1,8,0.0,1,8,-0.0,1,8,-9900,?,9,-9900,?,9,19.91,E,8,18.71,E,8,94.0,E,8,872.5394,E,8,999.0,E,8,4.66,E,8,-9900,?,9,-9900,?,9,0.1,E,8,-9900,?,9,-9900,?,9,1.0,99.0,E,8
02/17/2016,23:00,0.0,1399.839,0.0,1,8,0.0,1,8,0.0,1,8,0.0,1,8,0.0,1,8,0.0,1,8,-0.0,1,8,-9900,?,9,-9900,?,9,19.56,E,8,18.52,E,8,95.0,E,8,872.5394,E,8,999.0,E,8,5.59,E,8,-9900,?,9,-9900,?,9,0.284,E,8,-9900,?,9,-9900,?,9,2.84,99.0,E,8
02/17/2016,24:00,0.0,1399.839,0.0,1,8,0.0,1,8,0.0,1,8,0.0,1,8,0.0,1,8,0.0,1,8,-0.0,1,8,-9900,?,9,-9900,?,9,19.22,E,8,18.32,E,8,93.0,E,8,872.5394,E,8,999.0,E,8,4.62,E,8,-9900,?,9,-9900,?,9,0.023,E,8,-9900,?,9,-9900,?,9,0.23,99.0,E,8
02/18/2016,01:00,0.0,1399.839,0.0,1,8,0.0,1,8,0.0,1,8,0.0,1,8,0.0,1,8,0.0,1,8,-0.0,1,8,-9900,?,9,-9900,?,9,19.04,E,8,18.19,E,8,93.0,E,8,872.5394,E,8,999.0,E,8,4.75,E,8,-9900,?,9,-9900,?,9,0.018,E,8,-9900,?,9,-9900,?,9,0.18,99.0,E,8
02/18/2016,02:00,0.0,1399.839,0.0,1,8,0.0,1,8,0.0,1,8,0.0,1,8,0.0,1,8,0.0,1,8,-0.0,1,8,-9900,?,9,-9900,?,9,18.87,E,8,18.06,E,8,94.0,E,8,872.5394,E,8,999.0,E,8,4.14,E,8,-9900,?,9,-9900,?,9,0.425,E,8,-9900,?,9,-9900,?,9,4.25,99.0,E,8
02/18/2016,03:00,0.0,1399.839,0.0,1,8,0.0,1,8,0.0,1,8,0.0,1,8,0.0,1,8,0.0,1,8,-0.0,1,8,-9900,?,9,-9900,?,9,18.7,E,8,17.93,E,8,95.0,E,8,872.5394,E,8,999.0,E,8,2.46,E,8,-9900,?,9,-9900,?,9,0.122,E,8,-9900,?,9,-9900,?,9,1.22,99.0,E,8
02/18/2016,04:00,0.0,1399.239,0.0,1,8,0.0,1,8,0.0,1,8,0.0,1,8,0.0,1,8,0.0,1,8,-0.0,1,8,-9900,?,9,-9900,?,9,18.52,E,8,17.8,E,8,94.0,E,8,872.5394,E,8,999.0,E,8,2.32,E,8,-9900,?,9,-9900,?,9,0.036,E,8,-9900,?,9,-9900,?,9,0.36,99.0,E,8
02/18/2016,05:00,0.0,1399.239,0.0,1,8,0.0,1,8,0.0,1,8,0.0,1,8,0.0,1,8,0.0,1,8,-0.0,1,8,-9900,?,9,-9900,?,9,18.35,E,8,17.67,E,8,95.0,E,8,872.5394,E,8,999.0,E,8,2.57,E,8,-9900,?,9,-9900,?,9,0.1,E,8,-9900,?,9,-9900,?,9,1.0,99.0,E,8
02/18/2016,06:00,0.0,1399.239,0.0,1,8,0.0,1,8,0.0,1,8,0.0,1,8,0.0,1,8,0.0,1,8,-0.0,1,8,-9900,?,9,-9900,?,9,18.21,E,8,17.56,E,8,95.0,E,8,872.5394,E,8,999.0,E,8,3.73,E,8,-9900,?,9,-9900,?,9,0.186,E,8,-9900,?,9,-9900,?,9,1.86,99.0,E,8
02/18/2016,07:00,257.595,1399.239,1.27,1,8,0.0,1,8,1.27,1,8,152.4,1,8,0.0,1,8,139.7,1,8,2.214,1,8,-9900,?,9,-9900,?,9,18.1,E,8,17.48,E,8,96.0,E,8,872.5394,E,8,999.0,E,8,4.87,E,8,-9900,?,9,-9900,?,9,0.688,E,8,-9900,?,9,-9900,?,9,6.88,99.0,E,8
02/18/2016,08:00,579.382,1399.239,23.37,1,8,0.0,1,8,23.37,1,8,2804.4,1,8,0.0,1,8,2570.7,1,8,17.991,1,8,-9900,?,9,-9900,?,9,17.98,E,8,17.39,E,8,94.0,E,8,872.5394,E,8,999.0,E,8,5.43,E,8,-9900,?,9,-9900,?,9,0.045,E,8,-9900,?,9,-9900,?,9,0.45,99.0,E,8
02/18/2016,09:00,869.652,1399.239,49.71,1,8,0.0,1,8,49.71,1,8,5965.2,1,8,0.0,1,8,5468.1,1,8,25.471,1,8,-9900,?,9,-9900,?,9,19.17,E,8,18.28,E,8,93.0,E,8,872.5394,E,8,999.0,E,8,5.04,E,8,-9900,?,9,-9900,?,9,0.068,E,8,-9900,?,9,-9900,?,9,0.68,99.0,E,8
02/18/2016,10:00,1107.947,1399.239,73.18,1,8,0.0,1,8,73.18,1,8,8781.6,1,8,0.0,1,8,8049.8,1,8,29.423,1,8,-9900,?,9,-9900,?,9,19.57,E,8,18.57,E,8,94.0,E,8,872.5394,E,8,999.0,E,8,6.03,E,8,-9900,?,9,-9900,?,9,0.15,E,8,-9900,?,9,-9900,?,9,1.5,99.0,E,8
02/18/2016,11:00,1277.886,1399.239,91.48,1,8,0.0,1,8,91.48,1,8,10977.6,1,8,0.0,1,8,10062.8,1,8,31.886,1,8,-9900,?,9,-9900,?,9,19.91,E,8,18.82,E,8,95.0,E,8,872.5394,E,8,999.0,E,8,6.05,E,8,-9900,?,9,-9900,?,9,7.2909999999999995,E,8,-9900,?,9,-9900,?,9,72.91,99.0,E,8
02/18/2016,12:00,1367.831,1399.239,103.18,1,8,0.0,1,8,103.18,1,8,12381.6,1,8,0.0,1,8,11349.8,1,8,33.598,1,8,-9900,?,9,-9900,?,9,20.2,E,8,19.02,E,8,93.0,E,8,872.5394,E,8,999.0,E,8,6.38,E,8,-9900,?,9,-9900,?,9,0.05500000000000001,E,8,-9900,?,9,-9900,?,9,0.55,99.0,E,8
02/18/2016,13:00,1371.62,1399.239,107.41,1,8,0.0,1,8,107.41,1,8,12889.2,1,8,0.0,1,8,11815.1,1,8,34.879,1,8,-9900,?,9,-9900,?,9,20.41,E,8,19.17,E,8,94.0,E,8,872.5394,E,8,999.0,E,8,6.68,E,8,-9900,?,9,-9900,?,9,0.307,E,8,-9900,?,9,-9900,?,9,3.07,99.0,E,8
02/18/2016,14:00,1288.975,1399.239,103.85,1,8,0.0,1,8,103.85,1,8,12462.0,1,8,0.0,1,8,11423.5,1,8,35.886,1,8,-9900,?,9,-9900,?,9,20.55,E,8,19.26,E,8,93.0,E,8,872.5394,E,8,999.0,E,8,7.83,E,8,-9900,?,9,-9900,?,9,0.013000000000000001,E,8,-9900,?,9,-9900,?,9,0.13,99.0,E,8
02/18/2016,15:00,1125.526,1399.239,92.77,1,8,0.0,1,8,92.77,1,8,11132.4,1,8,0.0,1,8,10204.7,1,8,36.717,1,8,-9900,?,9,-9900,?,9,20.6,E,8,19.3,E,8,93.0,E,8,872.5394,E,8,999.0,E,8,7.64,E,8,-9900,?,9,-9900,?,9,0.004,E,8,-9900,?,9,-9900,?,9,0.04,99.0,E,8
02/18/2016,16:00,892.431,1399.239,74.99,1,8,0.0,1,8,74.99,1,8,8998.8,1,8,0.0,1,8,8248.9,1,8,37.442,1,8,-9900,?,9,-9900,?,9,20.57,E,8,19.28,E,8,93.0,E,8,872.5394,E,8,999.0,E,8,7.11,E,8,-9900,?,9,-9900,?,9,0.007000000000000001,E,8,-9900,?,9,-9900,?,9,0.07,99.0,E,8
02/18/2016,17:00,605.674,1399.239,51.87,1,8,0.0,1,8,51.87,1,8,6224.4,1,8,0.0,1,8,5705.7,1,8,38.192,1,8,-9900,?,9,-9900,?,9,20.41,E,8,19.17,E,8,92.0,E,8,872.5394,E,8,999.0,E,8,7.45,E,8,-9900,?,9,-9900,?,9,0.0,E,8,-9900,?,9,-9900,?,9,0.0,0.0,E,8
02/18/2016,18:00,285.338,1399.239,25.63,1,8,0.0,1,8,25.63,1,8,3075.6,1,8,0.0,1,8,2819.3,1,8,40.269,1,8,-9900,?,9,-9900,?,9,20.15,E,8,18.99,E,8,93.0,E,8,872.5394,E,8,999.0,E,8,8.19,E,8,-9900,?,9,-9900,?,9,0.001,E,8,-9900,?,9,-9900,?,9,0.01,99.0,E,8
02/18/2016,19:00,0.0,1399.239,2.33,1,8,0.0,1,8,0.0,1,8,279.6,1,8,0.0,1,8,0.0,1,8,-0.0,1,8,-9900,?,9,-9900,?,9,19.95,E,8,18.84,E,8,93.0,E,8,872.5394,E,8,999.0,E,8,8.57,E,8,-9900,?,9,-9900,?,9,0.01,E,8,-9900,?,9,-9900,?,9,0.1,99.0,E,8
02/18/2016,20:00,0.0,1399.239,0.0,1,8,0.0,1,8,0.0,1,8,0.0,1,8,0.0,1,8,0.0,1,8,-0.0,1,8,-9900,?,9,-9900,?,9,19.74,E,8,18.69,E,8,93.0,E,8,872.5394,E,8,999.0,E,8,7.07,E,8,-9900,?,9,-9900,?,9,0.08199999999999999,E,8,-9900,?,9,-9900,?,9,0.82,99.0,E,8
02/18/2016,21:00,0.0,1399.239,0.0,1,8,0.0,1,8,0.0,1,8,0.0,1,8,0.0,1,8,0.0,1,8,-0.0,1,8,-9900,?,9,-9900,?,9,19.54,E,8,18.55,E,8,94.0,E,8,872.5394,E,8,999.0,E,8,6.07,E,8,-9900,?,9,-9900,?,9,0.236,E,8,-9900,?,9,-9900,?,9,2.36,99.0,E,8
02/18/2016,22:00,0.0,1399.239,0.0,1,8,0.0,1,8,0.0,1,8,0.0,1,8,0.0,1,8,0.0,1,8,-0.0,1,8,-9900,?,9,-9900,?,9,19.33,E,8,18.4,E,8,93.0,E,8,872.5394,E,8,999.0,E,8,6.55,E,8,-9900,?,9,-9900,?,9,0.028999999999999998,E,8,-9900,?,9,-9900,?,9,0.29,99.0,E,8
02/18/2016,23:00,0.0,1399.239,0.0,1,8,0.0,1,8,0.0,1,8,0.0,1,8,0.0,1,8,0.0,1,8,-0.0,1,8,-9900,?,9,-9900,?,9,19.13,E,8,18.25,E,8,93.0,E,8,872.5394,E,8,999.0,E,8,5.39,E,8,-9900,?,9,-9900,?,9,0.002,E,8,-9900,?,9,-9900,?,9,0.02,99.0,E,8
02/18/2016,24:00,0.0,1399.239,0.0,1,8,0.0,1,8,0.0,1,8,0.0,1,8,0.0,1,8,0.0,1,8,-0.0,1,8,-9900,?,9,-9900,?,9,18.92,E,8,17.97,E,8,93.0,E,8,872.5394,E,8,999.0,E,8,23.34,E,8,-9900,?,9,-9900,?,9,0.10700000000000001,E,8,-9900,?,9,-9900,?,9,1.07,99.0,E,8
02/19/2016,01:00,0.0,1399.239,0.0,1,8,0.0,1,8,0.0,1,8,0.0,1,8,0.0,1,8,0.0,1,8,-0.0,1,8,-9900,?,9,-9900,?,9,18.82,E,8,17.88,E,8,93.0,E,8,872.5394,E,8,999.0,E,8,20.01,E,8,-9900,?,9,-9900,?,9,0.136,E,8,-9900,?,9,-9900,?,9,1.36,99.0,E,8
02/19/2016,02:00,0.0,1399.239,0.0,1,8,0.0,1,8,0.0,1,8,0.0,1,8,0.0,1,8,0.0,1,8,-0.0,1,8,-9900,?,9,-9900,?,9,18.72,E,8,17.79,E,8,94.0,E,8,872.5394,E,8,999.0,E,8,19.63,E,8,-9900,?,9,-9900,?,9,4.1979999999999995,E,8,-9900,?,9,-9900,?,9,41.98,99.0,E,8
02/19/2016,03:00,0.0,1399.239,0.0,1,8,0.0,1,8,0.0,1,8,0.0,1,8,0.0,1,8,0.0,1,8,-0.0,1,8,-9900,?,9,-9900,?,9,18.61,E,8,17.69,E,8,93.0,E,8,872.5394,E,8,999.0,E,8,19.94,E,8,-9900,?,9,-9900,?,9,0.396,E,8,-9900,?,9,-9900,?,9,3.96,99.0,E,8
02/19/2016,04:00,0.0,1398.629,0.0,1,8,0.0,1,8,0.0,1,8,0.0,1,8,0.0,1,8,0.0,1,8,-0.0,1,8,-9900,?,9,-9900,?,9,18.51,E,8,17.6,E,8,93.0,E,8,872.5394,E,8,999.0,E,8,20.36,E,8,-9900,?,9,-9900,?,9,0.24500000000000002,E,8,-9900,?,9,-9900,?,9,2.45,99.0,E,8
02/19/2016,05:00,0.0,1398.629,0.0,1,8,0.0,1,8,0.0,1,8,0.0,1,8,0.0,1,8,0.0,1,8,-0.0,1,8,-9900,?,9,-9900,?,9,18.41,E,8,17.51,E,8,93.0,E,8,872.5394,E,8,999.0,E,8,23.87,E,8,-9900,?,9,-9900,?,9,0.086,E,8,-9900,?,9,-9900,?,9,0.86,99.0,E,8
02/19/2016,06:00,0.0,1398.629,0.0,1,8,0.0,1,8,0.0,1,8,0.0,1,8,0.0,1,8,0.0,1,8,-0.0,1,8,-9900,?,9,-9900,?,9,18.33,E,8,17.44,E,8,93.0,E,8,872.5394,E,8,999.0,E,8,18.52,E,8,-9900,?,9,-9900,?,9,0.039,E,8,-9900,?,9,-9900,?,9,0.39,99.0,E,8
02/19/2016,07:00,255.114,1398.629,1.58,1,8,0.0,1,8,1.58,1,8,189.6,1,8,0.0,1,8,173.8,1,8,2.78,1,8,-9900,?,9,-9900,?,9,18.26,E,8,17.37,E,8,93.0,E,8,872.5394,E,8,999.0,E,8,14.12,E,8,-9900,?,9,-9900,?,9,0.020999999999999998,E,8,-9900,?,9,-9900,?,9,0.21,99.0,E,8
02/19/2016,08:00,577.128,1398.629,30.69,1,8,0.0,1,8,30.69,1,8,3682.8,1,8,0.0,1,8,3375.9,1,8,23.708,1,8,-9900,?,9,-9900,?,9,18.19,E,8,17.31,E,8,93.0,E,8,872.5394,E,8,999.0,E,8,10.05,E,8,-9900,?,9,-9900,?,9,0.01,E,8,-9900,?,9,-9900,?,9,0.1,99.0,E,8
02/19/2016,09:00,867.581,1398.629,65.53,1,8,0.0,1,8,65.53,1,8,7863.6,1,8,0.0,1,8,7208.3,1,8,33.642,1,8,-9900,?,9,-9900,?,9,19.5,E,8,18.47,E,8,93.0,E,8,872.5394,E,8,999.0,E,8,6.73,E,8,-9900,?,9,-9900,?,9,0.001,E,8,-9900,?,9,-9900,?,9,0.01,99.0,E,8
02/19/2016,10:00,1105.988,1398.629,96.58,1,8,0.0,1,8,96.58,1,8,11589.6,1,8,0.0,1,8,10623.8,1,8,38.884,1,8,-9900,?,9,-9900,?,9,19.94,E,8,18.85,E,8,93.0,E,8,872.5394,E,8,999.0,E,8,4.17,E,8,-9900,?,9,-9900,?,9,0.008,E,8,-9900,?,9,-9900,?,9,0.08,99.0,E,8
02/19/2016,11:00,1275.963,1398.629,120.79,1,8,0.004,1,8,120.787,1,8,14494.8,1,8,0.349,1,8,13286.531,1,8,42.146,1,8,-9900,?,9,-9900,?,9,20.32,E,8,19.16,E,8,93.0,E,8,872.5394,E,8,999.0,E,8,4.09,E,8,-9900,?,9,-9900,?,9,0.177,E,8,-9900,?,9,-9900,?,9,1.77,99.0,E,8
02/19/2016,12:00,1365.863,1398.629,136.26,1,8,1.521,1,8,134.775,1,8,16351.2,1,8,144.474,1,8,14825.236,1,8,43.93,1,8,-9900,?,9,-9900,?,9,20.63,E,8,19.42,E,8,93.0,E,8,872.5394,E,8,999.0,E,8,5.0,E,8,-9900,?,9,-9900,?,9,0.057999999999999996,E,8,-9900,?,9,-9900,?,9,0.58,99.0,E,8
02/19/2016,13:00,1369.528,1398.629,141.83,1,8,2.011,1,8,139.861,1,8,17019.6,1,8,191.008,1,8,15384.737,1,8,45.466,1,8,-9900,?,9,-9900,?,9,20.87,E,8,19.61,E,8,92.0,E,8,872.5394,E,8,999.0,E,8,3.27,E,8,-9900,?,9,-9900,?,9,0.047,E,8,-9900,?,9,-9900,?,9,0.47,99.0,E,8
02/19/2016,14:00,1286.692,1398.629,137.11,1,8,1.565,1,8,135.67,1,8,16453.2,1,8,148.705,1,8,14923.704,1,8,46.945,1,8,-9900,?,9,-9900,?,9,21.02,E,8,19.73,E,8,92.0,E,8,872.5394,E,8,999.0,E,8,3.27,E,8,-9900,?,9,-9900,?,9,0.001,E,8,-9900,?,9,-9900,?,9,0.01,99.0,E,8
02/19/2016,15:00,1122.995,1398.629,122.44,1,8,0.0,1,8,122.44,1,8,14692.8,1,8,0.0,1,8,13468.4,1,8,48.548,1,8,-9900,?,9,-9900,?,9,21.08,E,8,19.78,E,8,92.0,E,8,872.5394,E,8,999.0,E,8,3.27,E,8,-9900,?,9,-9900,?,9,0.0,E,8,-9900,?,9,-9900,?,9,0.0,0.0,E,8
02/19/2016,16:00,889.615,1398.629,98.89,1,8,0.0,1,8,98.89,1,8,11866.8,1,8,0.0,1,8,10877.9,1,8,49.51,1,8,-9900,?,9,-9900,?,9,21.04,E,8,19.75,E,8,92.0,E,8,872.5394,E,8,999.0,E,8,3.54,E,8,-9900,?,9,-9900,?,9,0.002,E,8,-9900,?,9,-9900,?,9,0.02,99.0,E,8
02/19/2016,17:00,602.555,1398.629,68.29,1,8,0.0,1,8,68.29,1,8,8194.8,1,8,0.0,1,8,7511.9,1,8,50.521,1,8,-9900,?,9,-9900,?,9,20.87,E,8,19.61,E,8,92.0,E,8,872.5394,E,8,999.0,E,8,4.03,E,8,-9900,?,9,-9900,?,9,0.004,E,8,-9900,?,9,-9900,?,9,0.04,99.0,E,8
02/19/2016,18:00,281.931,1398.629,33.57,1,8,0.0,1,8,33.57,1,8,4028.4,1,8,0.0,1,8,3692.7,1,8,53.366,1,8,-9900,?,9,-9900,?,9,20.58,E,8,19.38,E,8,93.0,E,8,872.5394,E,8,999.0,E,8,3.56,E,8,-9900,?,9,-9900,?,9,0.006,E,8,-9900,?,9,-9900,?,9,0.06,99.0,E,8
02/19/2016,19:00,0.0,1398.629,2.89,1,8,0.0,1,8,0.0,1,8,346.8,1,8,0.0,1,8,0.0,1,8,-0.0,1,8,-9900,?,9,-9900,?,9,20.3,E,8,19.15,E,8,93.0,E,8,872.5394,E,8,999.0,E,8,3.27,E,8,-9900,?,9,-9900,?,9,0.013000000000000001,E,8,-9900,?,9,-9900,?,9,0.13,99.0,E,8
02/19/2016,20:00,0.0,1398.629,0.0,1,8,0.0,1,8,0.0,1,8,0.0,1,8,0.0,1,8,0.0,1,8,-0.0,1,8,-9900,?,9,-9900,?,9,20.01,E,8,18.91,E,8,93.0,E,8,872.5394,E,8,999.0,E,8,4.12,E,8,-9900,?,9,-9900,?,9,0.026000000000000002,E,8,-9900,?,9,-9900,?,9,0.26,99.0,E,8
02/19/2016,21:00,0.0,1398.629,0.0,1,8,0.0,1,8,0.0,1,8,0.0,1,8,0.0,1,8,0.0,1,8,-0.0,1,8,-9900,?,9,-9900,?,9,19.73,E,8,18.67,E,8,93.0,E,8,872.5394,E,8,999.0,E,8,3.27,E,8,-9900,?,9,-9900,?,9,0.017,E,8,-9900,?,9,-9900,?,9,0.17,99.0,E,8
02/19/2016,22:00,0.0,1398.629,0.0,1,8,0.0,1,8,0.0,1,8,0.0,1,8,0.0,1,8,0.0,1,8,-0.0,1,8,-9900,?,9,-9900,?,9,19.44,E,8,18.42,E,8,93.0,E,8,872.5394,E,8,999.0,E,8,3.27,E,8,-9900,?,9,-9900,?,9,0.06999999999999999,E,8,-9900,?,9,-9900,?,9,0.7,99.0,E,8
02/19/2016,23:00,0.0,1398.629,0.0,1,8,0.0,1,8,0.0,1,8,0.0,1,8,0.0,1,8,0.0,1,8,-0.0,1,8,-9900,?,9,-9900,?,9,19.15,E,8,18.17,E,8,93.0,E,8,872.5394,E,8,999.0,E,8,3.27,E,8,-9900,?,9,-9900,?,9,0.032,E,8,-9900,?,9,-9900,?,9,0.32,99.0,E,8
02/19/2016,24:00,0.0,1398.629,0.0,1,8,0.0,1,8,0.0,1,8,0.0,1,8,0.0,1,8,0.0,1,8,-0.0,1,8,-9900,?,9,-9900,?,9,18.87,E,8,17.2,E,8,90.0,E,8,872.5394,E,8,999.0,E,8,0.56,E,8,-9900,?,9,-9900,?,9,0.0,E,8,-9900,?,9,-9900,?,9,0.0,0.0,E,8
02/20/2016,01:00,0.0,1398.629,0.0,1,8,0.0,1,8,0.0,1,8,0.0,1,8,0.0,1,8,0.0,1,8,-0.0,1,8,-9900,?,9,-9900,?,9,18.72,E,8,17.13,E,8,90.0,E,8,872.5394,E,8,999.0,E,8,0.56,E,8,-9900,?,9,-9900,?,9,0.0,E,8,-9900,?,9,-9900,?,9,0.0,0.0,E,8
02/20/2016,02:00,0.0,1398.629,0.0,1,8,0.0,1,8,0.0,1,8,0.0,1,8,0.0,1,8,0.0,1,8,-0.0,1,8,-9900,?,9,-9900,?,9,18.58,E,8,17.07,E,8,90.0,E,8,872.5394,E,8,999.0,E,8,0.56,E,8,-9900,?,9,-9900,?,9,0.0,E,8,-9900,?,9,-9900,?,9,0.0,0.0,E,8
02/20/2016,03:00,0.0,1398.629,0.0,1,8,0.0,1,8,0.0,1,8,0.0,1,8,0.0,1,8,0.0,1,8,-0.0,1,8,-9900,?,9,-9900,?,9,18.44,E,8,17.01,E,8,91.0,E,8,872.5394,E,8,999.0,E,8,0.56,E,8,-9900,?,9,-9900,?,9,0.0,E,8,-9900,?,9,-9900,?,9,0.0,0.0,E,8
02/20/2016,04:00,0.0,1398.009,0.0,1,8,0.0,1,8,0.0,1,8,0.0,1,8,0.0,1,8,0.0,1,8,-0.0,1,8,-9900,?,9,-9900,?,9,18.29,E,8,16.94,E,8,91.0,E,8,872.5394,E,8,999.0,E,8,0.56,E,8,-9900,?,9,-9900,?,9,0.0,E,8,-9900,?,9,-9900,?,9,0.0,0.0,E,8
02/20/2016,05:00,0.0,1398.009,0.0,1,8,0.0,1,8,0.0,1,8,0.0,1,8,0.0,1,8,0.0,1,8,-0.0,1,8,-9900,?,9,-9900,?,9,18.15,E,8,16.88,E,8,92.0,E,8,872.5394,E,8,999.0,E,8,0.56,E,8,-9900,?,9,-9900,?,9,0.0,E,8,-9900,?,9,-9900,?,9,0.0,0.0,E,8
02/20/2016,06:00,0.0,1398.009,0.0,1,8,0.0,1,8,0.0,1,8,0.0,1,8,0.0,1,8,0.0,1,8,-0.0,1,8,-9900,?,9,-9900,?,9,18.04,E,8,16.83,E,8,92.0,E,8,872.5394,E,8,999.0,E,8,0.56,E,8,-9900,?,9,-9900,?,9,0.0,E,8,-9900,?,9,-9900,?,9,0.0,0.0,E,8
02/20/2016,07:00,252.664,1398.009,7.18,1,8,0.0,1,8,7.18,1,8,861.6,1,8,0.0,1,8,789.8,1,8,12.751,1,8,-9900,?,9,-9900,?,9,17.95,E,8,16.78,E,8,92.0,E,8,872.5394,E,8,999.0,E,8,0.56,E,8,-9900,?,9,-9900,?,9,0.0,E,8,-9900,?,9,-9900,?,9,0.0,0.0,E,8
02/20/2016,08:00,574.89,1398.009,147.23,1,8,5.727,1,8,144.878,1,8,17667.6,1,8,544.107,1,8,15936.594,1,8,112.305,1,8,-9900,?,9,-9900,?,9,17.85,E,8,16.74,E,8,93.0,E,8,872.5394,E,8,999.0,E,8,0.57,E,8,-9900,?,9,-9900,?,9,0.0,E,8,-9900,?,9,-9900,?,9,0.0,0.0,E,8
02/20/2016,09:00,865.506,1398.009,315.58,1,8,50.072,1,8,284.595,1,8,37869.6,1,8,4756.853,1,8,31305.452,1,8,146.394,1,8,-9900,?,9,-9900,?,9,21.03,E,8,18.13,E,8,83.0,E,8,872.5394,E,8,999.0,E,8,0.75,E,8,-9900,?,9,-9900,?,9,0.0,E,8,-9900,?,9,-9900,?,9,0.0,0.0,E,8
02/20/2016,10:00,1104.006,1398.009,465.64,1,8,97.888,1,8,388.352,1,8,55876.8,1,8,9299.366,1,8,42718.674,1,8,156.564,1,8,-9900,?,9,-9900,?,9,22.1,E,8,18.57,E,8,80.0,E,8,872.5394,E,8,999.0,E,8,1.03,E,8,-9900,?,9,-9900,?,9,0.0,E,8,-9900,?,9,-9900,?,9,0.0,0.0,E,8
02/20/2016,11:00,1273.996,1398.009,582.62,1,8,162.111,1,8,434.898,1,8,69914.4,1,8,15400.567,1,8,47838.783,1,8,151.917,1,8,-9900,?,9,-9900,?,9,23.04,E,8,18.96,E,8,77.0,E,8,872.5394,E,8,999.0,E,8,1.17,E,8,-9900,?,9,-9900,?,9,0.0,E,8,-9900,?,9,-9900,?,9,0.0,0.0,E,8
02/20/2016,12:00,1363.83,1398.009,176.22,1,8,29.012,1,8,147.917,1,8,21146.4,1,8,2756.183,1,8,16270.898,1,8,48.264,1,8,-9900,?,9,-9900,?,9,22.49,E,8,18.73,E,8,79.0,E,8,872.5394,E,8,999.0,E,8,1.49,E,8,-9900,?,9,-9900,?,9,0.0,E,8,-9900,?,9,-9900,?,9,0.0,0.0,E,8
02/20/2016,13:00,1367.356,1398.009,684.21,1,8,219.426,1,8,469.598,1,8,82105.2,1,8,20845.448,1,8,51655.796,1,8,152.831,1,8,-9900,?,9,-9900,?,9,23.28,E,8,19.05,E,8,77.0,E,8,872.5394,E,8,999.0,E,8,3.35,E,8,-9900,?,9,-9900,?,9,0.0,E,8,-9900,?,9,-9900,?,9,0.0,0.0,E,8
02/20/2016,14:00,1284.315,1398.009,706.91,1,8,241.662,1,8,484.913,1,8,84829.2,1,8,22957.894,1,8,53340.468,1,8,168.026,1,8,-9900,?,9,-9900,?,9,23.89,E,8,19.29,E,8,75.0,E,8,872.5394,E,8,999.0,E,8,4.0,E,8,-9900,?,9,-9900,?,9,0.0,E,8,-9900,?,9,-9900,?,9,0.0,0.0,E,8
02/20/2016,15:00,1120.361,1398.009,375.13,1,8,53.595,1,8,332.186,1,8,45015.6,1,8,5091.483,1,8,36540.511,1,8,131.964,1,8,-9900,?,9,-9900,?,9,23.78,E,8,19.25,E,8,75.0,E,8,872.5394,E,8,999.0,E,8,4.06,E,8,-9900,?,9,-9900,?,9,0.0,E,8,-9900,?,9,-9900,?,9,0.0,0.0,E,8
02/20/2016,16:00,886.692,1398.009,600.69,1,8,540.982,1,8,257.72,1,8,72082.8,1,8,51393.243,1,8,28349.229,1,8,129.397,1,8,-9900,?,9,-9900,?,9,24.04,E,8,19.35,E,8,75.0,E,8,872.5394,E,8,999.0,E,8,3.81,E,8,-9900,?,9,-9900,?,9,0.0,E,8,-9900,?,9,-9900,?,9,0.0,0.0,E,8
02/20/2016,17:00,599.331,1398.009,550.87,1,8,771.064,1,8,220.741,1,8,66104.4,1,8,73251.07,1,8,24281.458,1,8,164.111,1,8,-9900,?,9,-9900,?,9,24.17,E,8,19.4,E,8,74.0,E,8,872.5394,E,8,999.0,E,8,2.67,E,8,-9900,?,9,-9900,?,9,0.0,E,8,-9900,?,9,-9900,?,9,0.0,0.0,E,8
02/20/2016,18:00,278.428,1398.009,383.32,1,8,534.503,1,8,277.595,1,8,45998.4,1,8,50777.745,1,8,30535.413,1,8,446.716,1,8,-9900,?,9,-9900,?,9,24.01,E,8,19.34,E,8,75.0,E,8,872.5394,E,8,999.0,E,8,1.84,E,8,-9900,?,9,-9900,?,9,0.0,E,8,-9900,?,9,-9900,?,9,0.0,0.0,E,8
02/20/2016,19:00,0.0,1398.009,74.5,1,8,0.0,1,8,0.0,1,8,8940.0,1,8,0.0,1,8,0.0,1,8,-0.0,1,8,-9900,?,9,-9900,?,9,23.35,E,8,19.08,E,8,76.0,E,8,872.5394,E,8,999.0,E,8,0.56,E,8,-9900,?,9,-9900,?,9,0.0,E,8,-9900,?,9,-9900,?,9,0.0,0.0,E,8
02/20/2016,20:00,0.0,1398.009,0.0,1,8,0.0,1,8,0.0,1,8,0.0,1,8,0.0,1,8,0.0,1,8,-0.0,1,8,-9900,?,9,-9900,?,9,22.69,E,8,18.81,E,8,78.0,E,8,872.5394,E,8,999.0,E,8,0.56,E,8,-9900,?,9,-9900,?,9,0.0,E,8,-9900,?,9,-9900,?,9,0.0,0.0,E,8
02/20/2016,21:00,0.0,1398.009,0.0,1,8,0.0,1,8,0.0,1,8,0.0,1,8,0.0,1,8,0.0,1,8,-0.0,1,8,-9900,?,9,-9900,?,9,22.02,E,8,18.54,E,8,80.0,E,8,872.5394,E,8,999.0,E,8,0.56,E,8,-9900,?,9,-9900,?,9,0.0,E,8,-9900,?,9,-9900,?,9,0.0,0.0,E,8
02/20/2016,22:00,0.0,1398.009,0.0,1,8,0.0,1,8,0.0,1,8,0.0,1,8,0.0,1,8,0.0,1,8,-0.0,1,8,-9900,?,9,-9900,?,9,21.36,E,8,18.27,E,8,82.0,E,8,872.5394,E,8,999.0,E,8,0.56,E,8,-9900,?,9,-9900,?,9,0.0,E,8,-9900,?,9,-9900,?,9,0.0,0.0,E,8
02/20/2016,23:00,0.0,1398.009,0.0,1,8,0.0,1,8,0.0,1,8,0.0,1,8,0.0,1,8,0.0,1,8,-0.0,1,8,-9900,?,9,-9900,?,9,20.7,E,8,17.99,E,8,84.0,E,8,872.5394,E,8,999.0,E,8,0.56,E,8,-9900,?,9,-9900,?,9,0.0,E,8,-9900,?,9,-9900,?,9,0.0,0.0,E,8
02/20/2016,24:00,0.0,1398.009,0.0,1,8,0.0,1,8,0.0,1,8,0.0,1,8,0.0,1,8,0.0,1,8,-0.0,1,8,-9900,?,9,-9900,?,9,20.03,E,8,17.37,E,8,84.0,E,8,872.5394,E,8,999.0,E,8,1.29,E,8,-9900,?,9,-9900,?,9,0.0,E,8,-9900,?,9,-9900,?,9,0.0,0.0,E,8
02/21/2016,01:00,0.0,1398.009,0.0,1,8,0.0,1,8,0.0,1,8,0.0,1,8,0.0,1,8,0.0,1,8,-0.0,1,8,-9900,?,9,-9900,?,9,19.7,E,8,17.34,E,8,86.0,E,8,872.5394,E,8,999.0,E,8,1.29,E,8,-9900,?,9,-9900,?,9,0.0,E,8,-9900,?,9,-9900,?,9,0.0,0.0,E,8
02/21/2016,02:00,0.0,1398.009,0.0,1,8,0.0,1,8,0.0,1,8,0.0,1,8,0.0,1,8,0.0,1,8,-0.0,1,8,-9900,?,9,-9900,?,9,19.37,E,8,17.32,E,8,87.0,E,8,872.5394,E,8,999.0,E,8,1.29,E,8,-9900,?,9,-9900,?,9,0.0,E,8,-9900,?,9,-9900,?,9,0.0,0.0,E,8
02/21/2016,03:00,0.0,1398.009,0.0,1,8,0.0,1,8,0.0,1,8,0.0,1,8,0.0,1,8,0.0,1,8,-0.0,1,8,-9900,?,9,-9900,?,9,19.04,E,8,17.29,E,8,89.0,E,8,872.5394,E,8,999.0,E,8,1.29,E,8,-9900,?,9,-9900,?,9,0.0,E,8,-9900,?,9,-9900,?,9,0.0,0.0,E,8
02/21/2016,04:00,0.0,1397.379,0.0,1,8,0.0,1,8,0.0,1,8,0.0,1,8,0.0,1,8,0.0,1,8,-0.0,1,8,-9900,?,9,-9900,?,9,18.71,E,8,17.26,E,8,91.0,E,8,872.5394,E,8,999.0,E,8,1.29,E,8,-9900,?,9,-9900,?,9,0.0,E,8,-9900,?,9,-9900,?,9,0.0,0.0,E,8
02/21/2016,05:00,0.0,1397.379,0.0,1,8,0.0,1,8,0.0,1,8,0.0,1,8,0.0,1,8,0.0,1,8,-0.0,1,8,-9900,?,9,-9900,?,9,18.38,E,8,17.24,E,8,93.0,E,8,872.5394,E,8,999.0,E,8,1.29,E,8,-9900,?,9,-9900,?,9,0.0,E,8,-9900,?,9,-9900,?,9,0.0,0.0,E,8
02/21/2016,06:00,0.0,1397.379,0.0,1,8,0.0,1,8,0.0,1,8,0.0,1,8,0.0,1,8,0.0,1,8,-0.0,1,8,-9900,?,9,-9900,?,9,18.12,E,8,17.22,E,8,94.0,E,8,872.5394,E,8,999.0,E,8,1.29,E,8,-9900,?,9,-9900,?,9,0.0,E,8,-9900,?,9,-9900,?,9,0.0,0.0,E,8
02/21/2016,07:00,250.246,1397.379,7.72,1,8,0.0,1,8,7.72,1,8,926.4,1,8,0.0,1,8,849.2,1,8,13.839,1,8,-9900,?,9,-9900,?,9,17.9,E,8,17.2,E,8,95.0,E,8,872.5394,E,8,999.0,E,8,1.29,E,8,-9900,?,9,-9900,?,9,0.0,E,8,-9900,?,9,-9900,?,9,0.0,0.0,E,8
02/21/2016,08:00,572.667,1397.379,75.04,1,8,0.0,1,8,75.04,1,8,9004.8,1,8,0.0,1,8,8254.4,1,8,58.369,1,8,-9900,?,9,-9900,?,9,17.68,E,8,17.18,E,8,96.0,E,8,872.5394,E,8,999.0,E,8,1.29,E,8,-9900,?,9,-9900,?,9,0.0,E,8,-9900,?,9,-9900,?,9,0.0,0.0,E,8
02/21/2016,09:00,863.427,1397.379,242.73,1,8,16.053,1,8,232.816,1,8,29127.6,1,8,1525.029,1,8,25609.734,1,8,119.993,1,8,-9900,?,9,-9900,?,9,20.22,E,8,17.39,E,8,83.0,E,8,872.5394,E,8,999.0,E,8,1.29,E,8,-9900,?,9,-9900,?,9,0.0,E,8,-9900,?,9,-9900,?,9,0.0,0.0,E,8
02/21/2016,10:00,1102.0,1397.379,436.19,1,8,38.881,1,8,405.533,1,8,52342.8,1,8,3693.674,1,8,44608.67,1,8,163.714,1,8,-9900,?,9,-9900,?,9,21.69,E,8,17.5,E,8,77.0,E,8,872.5394,E,8,999.0,E,8,1.29,E,8,-9900,?,9,-9900,?,9,0.0,E,8,-9900,?,9,-9900,?,9,0.0,0.0,E,8
02/21/2016,11:00,1271.983,1397.379,515.08,1,8,70.762,1,8,450.672,1,8,61809.6,1,8,6722.39,1,8,49573.906,1,8,157.605,1,8,-9900,?,9,-9900,?,9,22.75,E,8,17.59,E,8,72.0,E,8,872.5394,E,8,999.0,E,8,1.29,E,8,-9900,?,9,-9900,?,9,0.0,E,8,-9900,?,9,-9900,?,9,0.0,0.0,E,8
02/21/2016,12:00,1361.734,1397.379,792.3,1,8,294.079,1,8,505.727,1,8,95076.0,1,8,27937.521,1,8,55629.961,1,8,165.194,1,8,-9900,?,9,-9900,?,9,24.26,E,8,17.7,E,8,66.0,E,8,872.5394,E,8,999.0,E,8,1.29,E,8,-9900,?,9,-9900,?,9,0.0,E,8,-9900,?,9,-9900,?,9,0.0,0.0,E,8
02/21/2016,13:00,1365.103,1397.379,938.69,1,8,400.167,1,8,547.772,1,8,112642.8,1,8,38015.825,1,8,60254.905,1,8,178.486,1,8,-9900,?,9,-9900,?,9,25.66,E,8,17.81,E,8,61.0,E,8,872.5394,E,8,999.0,E,8,1.29,E,8,-9900,?,9,-9900,?,9,0.0,E,8,-9900,?,9,-9900,?,9,0.0,0.0,E,8
02/21/2016,14:00,1281.843,1397.379,572.45,1,8,146.292,1,8,438.261,1,8,68694.0,1,8,13897.712,1,8,48208.733,1,8,152.085,1,8,-9900,?,9,-9900,?,9,25.83,E,8,17.83,E,8,61.0,E,8,872.5394,E,8,999.0,E,8,1.29,E,8,-9900,?,9,-9900,?,9,0.0,E,8,-9900,?,9,-9900,?,9,0.0,0.0,E,8
02/21/2016,15:00,1117.625,1397.379,730.68,1,8,486.893,1,8,341.327,1,8,87681.6,1,8,46254.796,1,8,37546.016,1,8,135.866,1,8,-9900,?,9,-9900,?,9,26.27,E,8,17.86,E,8,59.0,E,8,872.5394,E,8,999.0,E,8,2.18,E,8,-9900,?,9,-9900,?,9,0.0,E,8,-9900,?,9,-9900,?,9,0.0,0.0,E,8
02/21/2016,16:00,883.663,1397.379,659.74,1,8,814.09,1,8,145.159,1,8,79168.8,1,8,77338.577,1,8,15967.494,1,8,73.099,1,8,-9900,?,9,-9900,?,9,26.48,E,8,17.88,E,8,59.0,E,8,872.5394,E,8,999.0,E,8,1.32,E,8,-9900,?,9,-9900,?,9,0.0,E,8,-9900,?,9,-9900,?,9,0.0,0.0,E,8
02/21/2016,17:00,596.004,1397.379,551.1,1,8,766.146,1,8,224.756,1,8,66132.0,1,8,72783.83,1,8,24723.111,1,8,167.956,1,8,-9900,?,9,-9900,?,9,26.48,E,8,17.88,E,8,59.0,E,8,872.5394,E,8,999.0,E,8,1.29,E,8,-9900,?,9,-9900,?,9,0.0,E,8,-9900,?,9,-9900,?,9,0.0,0.0,E,8
02/21/2016,18:00,274.831,1397.379,304.04,1,8,530.996,1,8,200.337,1,8,36484.8,1,8,50444.654,1,8,22037.034,1,8,326.52,1,8,-9900,?,9,-9900,?,9,25.87,E,8,17.83,E,8,61.0,E,8,872.5394,E,8,999.0,E,8,1.29,E,8,-9900,?,9,-9900,?,9,0.0,E,8,-9900,?,9,-9900,?,9,0.0,0.0,E,8
02/21/2016,19:00,0.0,1397.379,73.73,1,8,0.0,1,8,0.0,1,8,8847.6,1,8,0.0,1,8,0.0,1,8,-0.0,1,8,-9900,?,9,-9900,?,9,24.91,E,8,17.75,E,8,64.0,E,8,872.5394,E,8,999.0,E,8,1.29,E,8,-9900,?,9,-9900,?,9,0.0,E,8,-9900,?,9,-9900,?,9,0.0,0.0,E,8
02/21/2016,20:00,0.0,1397.379,0.0,1,8,0.0,1,8,0.0,1,8,0.0,1,8,0.0,1,8,0.0,1,8,-0.0,1,8,-9900,?,9,-9900,?,9,23.95,E,8,17.68,E,8,67.0,E,8,872.5394,E,8,999.0,E,8,1.29,E,8,-9900,?,9,-9900,?,9,0.0,E,8,-9900,?,9,-9900,?,9,0.0,0.0,E,8
02/21/2016,21:00,0.0,1397.379,0.0,1,8,0.0,1,8,0.0,1,8,0.0,1,8,0.0,1,8,0.0,1,8,-0.0,1,8,-9900,?,9,-9900,?,9,22.99,E,8,17.6,E,8,71.0,E,8,872.5394,E,8,999.0,E,8,1.29,E,8,-9900,?,9,-9900,?,9,0.0,E,8,-9900,?,9,-9900,?,9,0.0,0.0,E,8
02/21/2016,22:00,0.0,1397.379,0.0,1,8,0.0,1,8,0.0,1,8,0.0,1,8,0.0,1,8,0.0,1,8,-0.0,1,8,-9900,?,9,-9900,?,9,22.03,E,8,17.53,E,8,75.0,E,8,872.5394,E,8,999.0,E,8,1.29,E,8,-9900,?,9,-9900,?,9,0.0,E,8,-9900,?,9,-9900,?,9,0.0,0.0,E,8
02/21/2016,23:00,0.0,1397.379,0.0,1,8,0.0,1,8,0.0,1,8,0.0,1,8,0.0,1,8,0.0,1,8,-0.0,1,8,-9900,?,9,-9900,?,9,21.07,E,8,17.45,E,8,79.0,E,8,872.5394,E,8,999.0,E,8,1.29,E,8,-9900,?,9,-9900,?,9,0.0,E,8,-9900,?,9,-9900,?,9,0.0,0.0,E,8
02/21/2016,24:00,0.0,1397.379,0.0,1,8,0.0,1,8,0.0,1,8,0.0,1,8,0.0,1,8,0.0,1,8,-0.0,1,8,-9900,?,9,-9900,?,9,20.11,E,8,16.62,E,8,80.0,E,8,872.5394,E,8,999.0,E,8,0.76,E,8,-9900,?,9,-9900,?,9,0.0,E,8,-9900,?,9,-9900,?,9,0.0,0.0,E,8
02/22/2016,01:00,0.0,1397.379,0.0,1,8,0.0,1,8,0.0,1,8,0.0,1,8,0.0,1,8,0.0,1,8,-0.0,1,8,-9900,?,9,-9900,?,9,19.63,E,8,16.56,E,8,82.0,E,8,872.5394,E,8,999.0,E,8,0.76,E,8,-9900,?,9,-9900,?,9,0.0,E,8,-9900,?,9,-9900,?,9,0.0,0.0,E,8
02/22/2016,02:00,0.0,1397.379,0.0,1,8,0.0,1,8,0.0,1,8,0.0,1,8,0.0,1,8,0.0,1,8,-0.0,1,8,-9900,?,9,-9900,?,9,19.15,E,8,16.49,E,8,84.0,E,8,872.5394,E,8,999.0,E,8,0.76,E,8,-9900,?,9,-9900,?,9,0.0,E,8,-9900,?,9,-9900,?,9,0.0,0.0,E,8
02/22/2016,03:00,0.0,1397.379,0.0,1,8,0.0,1,8,0.0,1,8,0.0,1,8,0.0,1,8,0.0,1,8,-0.0,1,8,-9900,?,9,-9900,?,9,18.67,E,8,16.43,E,8,86.0,E,8,872.5394,E,8,999.0,E,8,0.76,E,8,-9900,?,9,-9900,?,9,0.0,E,8,-9900,?,9,-9900,?,9,0.0,0.0,E,8
02/22/2016,04:00,0.0,1396.741,0.0,1,8,0.0,1,8,0.0,1,8,0.0,1,8,0.0,1,8,0.0,1,8,-0.0,1,8,-9900,?,9,-9900,?,9,18.2,E,8,16.36,E,8,89.0,E,8,872.5394,E,8,999.0,E,8,0.76,E,8,-9900,?,9,-9900,?,9,0.0,E,8,-9900,?,9,-9900,?,9,0.0,0.0,E,8
02/22/2016,05:00,0.0,1396.741,0.0,1,8,0.0,1,8,0.0,1,8,0.0,1,8,0.0,1,8,0.0,1,8,-0.0,1,8,-9900,?,9,-9900,?,9,17.72,E,8,16.3,E,8,91.0,E,8,872.5394,E,8,999.0,E,8,0.76,E,8,-9900,?,9,-9900,?,9,0.0,E,8,-9900,?,9,-9900,?,9,0.0,0.0,E,8
02/22/2016,06:00,0.0,1396.741,0.0,1,8,0.0,1,8,0.0,1,8,0.0,1,8,0.0,1,8,0.0,1,8,-0.0,1,8,-9900,?,9,-9900,?,9,17.34,E,8,16.25,E,8,93.0,E,8,872.5394,E,8,999.0,E,8,0.76,E,8,-9900,?,9,-9900,?,9,0.0,E,8,-9900,?,9,-9900,?,9,0.0,0.0,E,8
02/22/2016,07:00,247.858,1396.741,5.85,1,8,0.0,1,8,5.85,1,8,702.0,1,8,0.0,1,8,643.5,1,8,10.584,1,8,-9900,?,9,-9900,?,9,17.03,E,8,16.21,E,8,94.0,E,8,872.5394,E,8,999.0,E,8,0.76,E,8,-9900,?,9,-9900,?,9,0.0,E,8,-9900,?,9,-9900,?,9,0.0,0.0,E,8
02/22/2016,08:00,570.457,1396.741,134.76,1,8,1.159,1,8,134.287,1,8,16171.2,1,8,110.146,1,8,14771.587,1,8,104.812,1,8,-9900,?,9,-9900,?,9,16.71,E,8,16.16,E,8,96.0,E,8,872.5394,E,8,999.0,E,8,0.76,E,8,-9900,?,9,-9900,?,9,0.0,E,8,-9900,?,9,-9900,?,9,0.0,0.0,E,8
02/22/2016,09:00,861.343,1396.741,291.07,1,8,48.934,1,8,260.908,1,8,34928.4,1,8,4648.699,1,8,28699.878,1,8,134.736,1,8,-9900,?,9,-9900,?,9,20.53,E,8,16.68,E,8,78.0,E,8,872.5394,E,8,999.0,E,8,0.76,E,8,-9900,?,9,-9900,?,9,0.0,E,8,-9900,?,9,-9900,?,9,0.0,0.0,E,8
02/22/2016,10:00,1099.968,1396.741,430.4,1,8,52.251,1,8,389.259,1,8,51648.0,1,8,4963.839,1,8,42818.437,1,8,157.363,1,8,-9900,?,9,-9900,?,9,21.84,E,8,16.85,E,8,73.0,E,8,872.5394,E,8,999.0,E,8,0.76,E,8,-9900,?,9,-9900,?,9,0.0,E,8,-9900,?,9,-9900,?,9,0.0,0.0,E,8
02/22/2016,11:00,1269.924,1396.741,538.97,1,8,85.124,1,8,461.58,1,8,64676.4,1,8,8086.734,1,8,50773.801,1,8,161.608,1,8,-9900,?,9,-9900,?,9,22.98,E,8,17.0,E,8,69.0,E,8,872.5394,E,8,999.0,E,8,0.76,E,8,-9900,?,9,-9900,?,9,0.0,E,8,-9900,?,9,-9900,?,9,0.0,0.0,E,8
02/22/2016,12:00,1359.572,1396.741,248.38,1,8,15.076,1,8,233.705,1,8,29805.6,1,8,1432.238,1,8,25707.577,1,8,76.426,1,8,-9900,?,9,-9900,?,9,22.61,E,8,16.95,E,8,70.0,E,8,872.5394,E,8,999.0,E,8,1.69,E,8,-9900,?,9,-9900,?,9,0.0,E,8,-9900,?,9,-9900,?,9,0.0,0.0,E,8
02/22/2016,13:00,1362.768,1396.741,633.02,1,8,162.0,1,8,474.963,1,8,75962.4,1,8,15389.974,1,8,52245.92,1,8,154.957,1,8,-9900,?,9,-9900,?,9,23.53,E,8,17.07,E,8,67.0,E,8,872.5394,E,8,999.0,E,8,2.16,E,8,-9900,?,9,-9900,?,9,0.0,E,8,-9900,?,9,-9900,?,9,0.0,0.0,E,8
02/22/2016,14:00,1279.278,1396.741,218.99,1,8,12.748,1,8,207.314,1,8,26278.8,1,8,1211.106,1,8,22804.572,1,8,72.053,1,8,-9900,?,9,-9900,?,9,23.11,E,8,17.02,E,8,68.0,E,8,872.5394,E,8,999.0,E,8,3.38,E,8,-9900,?,9,-9900,?,9,0.0,E,8,-9900,?,9,-9900,?,9,0.0,0.0,E,8
02/22/2016,15:00,1114.787,1396.741,269.99,1,8,42.053,1,8,236.431,1,8,32398.8,1,8,3995.079,1,8,26007.443,1,8,94.309,1,8,-9900,?,9,-9900,?,9,22.92,E,8,16.99,E,8,69.0,E,8,872.5394,E,8,999.0,E,8,3.95,E,8,-9900,?,9,-9900,?,9,0.0,E,8,-9900,?,9,-9900,?,9,0.0,0.0,E,8
02/22/2016,16:00,880.531,1396.741,803.55,1,8,592.896,1,8,429.944,1,8,96426.0,1,8,56325.122,1,8,47293.832,1,8,217.183,1,8,-9900,?,9,-9900,?,9,23.83,E,8,17.11,E,8,66.0,E,8,872.5394,E,8,999.0,E,8,3.77,E,8,-9900,?,9,-9900,?,9,0.0,E,8,-9900,?,9,-9900,?,9,0.0,0.0,E,8
02/22/2016,17:00,592.576,1396.741,591.14,1,8,761.573,1,8,268.467,1,8,70936.8,1,8,72349.393,1,8,29531.388,1,8,201.693,1,8,-9900,?,9,-9900,?,9,24.18,E,8,17.15,E,8,64.0,E,8,872.5394,E,8,999.0,E,8,2.9,E,8,-9900,?,9,-9900,?,9,0.0,E,8,-9900,?,9,-9900,?,9,0.0,0.0,E,8
02/22/2016,18:00,271.142,1396.741,308.25,1,8,527.358,1,8,206.612,1,8,36990.0,1,8,50098.99,1,8,22727.342,1,8,341.237,1,8,-9900,?,9,-9900,?,9,23.88,E,8,17.11,E,8,65.0,E,8,872.5394,E,8,999.0,E,8,1.21,E,8,-9900,?,9,-9900,?,9,0.0,E,8,-9900,?,9,-9900,?,9,0.0,0.0,E,8
02/22/2016,19:00,0.0,1396.741,10.45,1,8,0.0,1,8,0.0,1,8,1254.0,1,8,0.0,1,8,0.0,1,8,-0.0,1,8,-9900,?,9,-9900,?,9,23.1,E,8,17.01,E,8,68.0,E,8,872.5394,E,8,999.0,E,8,0.76,E,8,-9900,?,9,-9900,?,9,0.0,E,8,-9900,?,9,-9900,?,9,0.0,0.0,E,8
02/22/2016,20:00,0.0,1396.741,0.0,1,8,0.0,1,8,0.0,1,8,0.0,1,8,0.0,1,8,0.0,1,8,-0.0,1,8,-9900,?,9,-9900,?,9,22.32,E,8,16.91,E,8,71.0,E,8,872.5394,E,8,999.0,E,8,0.76,E,8,-9900,?,9,-9900,?,9,0.0,E,8,-9900,?,9,-9900,?,9,0.0,0.0,E,8
02/22/2016,21:00,0.0,1396.741,0.0,1,8,0.0,1,8,0.0,1,8,0.0,1,8,0.0,1,8,0.0,1,8,-0.0,1,8,-9900,?,9,-9900,?,9,21.53,E,8,16.81,E,8,74.0,E,8,872.5394,E,8,999.0,E,8,0.76,E,8,-9900,?,9,-9900,?,9,0.0,E,8,-9900,?,9,-9900,?,9,0.0,0.0,E,8
02/22/2016,22:00,0.0,1396.741,0.0,1,8,0.0,1,8,0.0,1,8,0.0,1,8,0.0,1,8,0.0,1,8,-0.0,1,8,-9900,?,9,-9900,?,9,20.75,E,8,16.71,E,8,77.0,E,8,872.5394,E,8,999.0,E,8,0.76,E,8,-9900,?,9,-9900,?,9,0.0,E,8,-9900,?,9,-9900,?,9,0.0,0.0,E,8
02/22/2016,23:00,0.0,1396.741,0.0,1,8,0.0,1,8,0.0,1,8,0.0,1,8,0.0,1,8,0.0,1,8,-0.0,1,8,-9900,?,9,-9900,?,9,19.96,E,8,16.6,E,8,80.0,E,8,872.5394,E,8,999.0,E,8,0.76,E,8,-9900,?,9,-9900,?,9,0.0,E,8,-9900,?,9,-9900,?,9,0.0,0.0,E,8
02/22/2016,24:00,0.0,1396.741,0.0,1,8,0.0,1,8,0.0,1,8,0.0,1,8,0.0,1,8,0.0,1,8,-0.0,1,8,-9900,?,9,-9900,?,9,19.18,E,8,16.37,E,8,83.0,E,8,872.5394,E,8,999.0,E,8,0.97,E,8,-9900,?,9,-9900,?,9,0.0,E,8,-9900,?,9,-9900,?,9,0.0,0.0,E,8
02/23/2016,01:00,0.0,1396.741,0.0,1,8,0.0,1,8,0.0,1,8,0.0,1,8,0.0,1,8,0.0,1,8,-0.0,1,8,-9900,?,9,-9900,?,9,18.79,E,8,16.27,E,8,85.0,E,8,872.5394,E,8,999.0,E,8,0.97,E,8,-9900,?,9,-9900,?,9,0.0,E,8,-9900,?,9,-9900,?,9,0.0,0.0,E,8
02/23/2016,02:00,0.0,1396.741,0.0,1,8,0.0,1,8,0.0,1,8,0.0,1,8,0.0,1,8,0.0,1,8,-0.0,1,8,-9900,?,9,-9900,?,9,18.39,E,8,16.17,E,8,86.0,E,8,872.5394,E,8,999.0,E,8,0.97,E,8,-9900,?,9,-9900,?,9,0.0,E,8,-9900,?,9,-9900,?,9,0.0,0.0,E,8
02/23/2016,03:00,0.0,1396.741,0.0,1,8,0.0,1,8,0.0,1,8,0.0,1,8,0.0,1,8,0.0,1,8,-0.0,1,8,-9900,?,9,-9900,?,9,18.0,E,8,16.07,E,8,88.0,E,8,872.5394,E,8,999.0,E,8,0.97,E,8,-9900,?,9,-9900,?,9,0.0,E,8,-9900,?,9,-9900,?,9,0.0,0.0,E,8
02/23/2016,04:00,0.0,1396.094,0.0,1,8,0.0,1,8,0.0,1,8,0.0,1,8,0.0,1,8,0.0,1,8,-0.0,1,8,-9900,?,9,-9900,?,9,17.61,E,8,15.96,E,8,90.0,E,8,872.5394,E,8,999.0,E,8,0.97,E,8,-9900,?,9,-9900,?,9,0.0,E,8,-9900,?,9,-9900,?,9,0.0,0.0,E,8
02/23/2016,05:00,0.0,1396.094,0.0,1,8,0.0,1,8,0.0,1,8,0.0,1,8,0.0,1,8,0.0,1,8,-0.0,1,8,-9900,?,9,-9900,?,9,17.22,E,8,15.86,E,8,91.0,E,8,872.5394,E,8,999.0,E,8,0.97,E,8,-9900,?,9,-9900,?,9,0.0,E,8,-9900,?,9,-9900,?,9,0.0,0.0,E,8
02/23/2016,06:00,0.0,1396.094,0.0,1,8,0.0,1,8,0.0,1,8,0.0,1,8,0.0,1,8,0.0,1,8,-0.0,1,8,-9900,?,9,-9900,?,9,16.91,E,8,15.78,E,8,93.0,E,8,872.5394,E,8,999.0,E,8,0.97,E,8,-9900,?,9,-9900,?,9,0.0,E,8,-9900,?,9,-9900,?,9,0.0,0.0,E,8
02/23/2016,07:00,245.499,1396.094,4.76,1,8,0.0,1,8,4.76,1,8,571.2,1,8,0.0,1,8,523.6,1,8,8.692,1,8,-9900,?,9,-9900,?,9,16.65,E,8,15.71,E,8,94.0,E,8,872.5394,E,8,999.0,E,8,0.97,E,8,-9900,?,9,-9900,?,9,0.0,E,8,-9900,?,9,-9900,?,9,0.0,0.0,E,8
02/23/2016,08:00,568.261,1396.094,116.33,1,8,0.0,1,8,116.33,1,8,13959.6,1,8,0.0,1,8,12796.3,1,8,91.106,1,8,-9900,?,9,-9900,?,9,16.4,E,8,15.64,E,8,95.0,E,8,872.5394,E,8,999.0,E,8,0.97,E,8,-9900,?,9,-9900,?,9,0.0,E,8,-9900,?,9,-9900,?,9,0.0,0.0,E,8
02/23/2016,09:00,859.252,1396.094,252.23,1,8,27.465,1,8,235.335,1,8,30267.6,1,8,2609.134,1,8,25886.8,1,8,121.77,1,8,-9900,?,9,-9900,?,9,19.81,E,8,16.53,E,8,81.0,E,8,872.5394,E,8,999.0,E,8,0.97,E,8,-9900,?,9,-9900,?,9,0.0,E,8,-9900,?,9,-9900,?,9,0.0,0.0,E,8
02/23/2016,10:00,1097.908,1396.094,373.35,1,8,30.871,1,8,349.077,1,8,44802.0,1,8,2932.783,1,8,38398.435,1,8,141.318,1,8,-9900,?,9,-9900,?,9,20.98,E,8,16.83,E,8,77.0,E,8,872.5394,E,8,999.0,E,8,0.97,E,8,-9900,?,9,-9900,?,9,0.0,E,8,-9900,?,9,-9900,?,9,0.0,0.0,E,8
02/23/2016,11:00,1267.818,1396.094,467.71,1,8,51.555,1,8,420.894,1,8,56125.2,1,8,4897.768,1,8,46298.391,1,8,147.539,1,8,-9900,?,9,-9900,?,9,22.0,E,8,17.08,E,8,73.0,E,8,872.5394,E,8,999.0,E,8,0.97,E,8,-9900,?,9,-9900,?,9,0.0,E,8,-9900,?,9,-9900,?,9,0.0,0.0,E,8
02/23/2016,12:00,1357.344,1396.094,527.86,1,8,59.026,1,8,470.473,1,8,63343.2,1,8,5607.471,1,8,51752.06,1,8,154.034,1,8,-9900,?,9,-9900,?,9,22.83,E,8,17.29,E,8,70.0,E,8,872.5394,E,8,999.0,E,8,1.4,E,8,-9900,?,9,-9900,?,9,0.0,E,8,-9900,?,9,-9900,?,9,0.0,0.0,E,8
02/23/2016,13:00,1360.352,1396.094,549.35,1,8,66.648,1,8,484.41,1,8,65922.0,1,8,6331.538,1,8,53285.046,1,8,158.246,1,8,-9900,?,9,-9900,?,9,23.46,E,8,17.44,E,8,68.0,E,8,872.5394,E,8,999.0,E,8,2.55,E,8,-9900,?,9,-9900,?,9,0.0,E,8,-9900,?,9,-9900,?,9,0.0,0.0,E,8
02/23/2016,14:00,1276.619,1396.094,530.61,1,8,47.211,1,8,487.442,1,8,63673.2,1,8,4485.043,1,8,53618.589,1,8,169.688,1,8,-9900,?,9,-9900,?,9,23.85,E,8,17.53,E,8,67.0,E,8,872.5394,E,8,999.0,E,8,2.63,E,8,-9900,?,9,-9900,?,9,0.0,E,8,-9900,?,9,-9900,?,9,0.0,0.0,E,8
02/23/2016,15:00,1111.849,1396.094,472.99,1,8,71.315,1,8,416.204,1,8,56758.8,1,8,6774.936,1,8,45782.469,1,8,166.379,1,8,-9900,?,9,-9900,?,9,24.02,E,8,17.57,E,8,67.0,E,8,872.5394,E,8,999.0,E,8,3.92,E,8,-9900,?,9,-9900,?,9,0.0,E,8,-9900,?,9,-9900,?,9,0.0,0.0,E,8
02/23/2016,16:00,877.296,1396.094,380.72,1,8,77.717,1,8,331.905,1,8,45686.4,1,8,7383.076,1,8,36509.591,1,8,168.201,1,8,-9900,?,9,-9900,?,9,23.91,E,8,17.55,E,8,67.0,E,8,872.5394,E,8,999.0,E,8,2.67,E,8,-9900,?,9,-9900,?,9,0.0,E,8,-9900,?,9,-9900,?,9,0.0,0.0,E,8
02/23/2016,17:00,589.05,1396.094,261.05,1,8,166.931,1,8,190.712,1,8,31326.0,1,8,15858.413,1,8,20978.345,1,8,144.071,1,8,-9900,?,9,-9900,?,9,23.45,E,8,17.44,E,8,68.0,E,8,872.5394,E,8,999.0,E,8,1.42,E,8,-9900,?,9,-9900,?,9,0.0,E,8,-9900,?,9,-9900,?,9,0.0,0.0,E,8
02/23/2016,18:00,267.364,1396.094,125.46,1,8,368.344,1,8,55.44,1,8,15055.2,1,8,34992.702,1,8,6098.347,1,8,92.832,1,8,-9900,?,9,-9900,?,9,22.68,E,8,17.25,E,8,71.0,E,8,872.5394,E,8,999.0,E,8,0.97,E,8,-9900,?,9,-9900,?,9,0.0,E,8,-9900,?,9,-9900,?,9,0.0,0.0,E,8
02/23/2016,19:00,0.0,1396.094,8.38,1,8,0.0,1,8,0.0,1,8,1005.6,1,8,0.0,1,8,0.0,1,8,-0.0,1,8,-9900,?,9,-9900,?,9,21.91,E,8,17.06,E,8,73.0,E,8,872.5394,E,8,999.0,E,8,0.97,E,8,-9900,?,9,-9900,?,9,0.0,E,8,-9900,?,9,-9900,?,9,0.0,0.0,E,8
02/23/2016,20:00,0.0,1396.094,0.0,1,8,0.0,1,8,0.0,1,8,0.0,1,8,0.0,1,8,0.0,1,8,-0.0,1,8,-9900,?,9,-9900,?,9,21.14,E,8,16.87,E,8,76.0,E,8,872.5394,E,8,999.0,E,8,0.97,E,8,-9900,?,9,-9900,?,9,0.0,E,8,-9900,?,9,-9900,?,9,0.0,0.0,E,8
02/23/2016,21:00,0.0,1396.094,0.0,1,8,0.0,1,8,0.0,1,8,0.0,1,8,0.0,1,8,0.0,1,8,-0.0,1,8,-9900,?,9,-9900,?,9,20.36,E,8,16.67,E,8,79.0,E,8,872.5394,E,8,999.0,E,8,0.97,E,8,-9900,?,9,-9900,?,9,0.0,E,8,-9900,?,9,-9900,?,9,0.0,0.0,E,8
02/23/2016,22:00,0.0,1396.094,0.0,1,8,0.0,1,8,0.0,1,8,0.0,1,8,0.0,1,8,0.0,1,8,-0.0,1,8,-9900,?,9,-9900,?,9,19.59,E,8,16.48,E,8,82.0,E,8,872.5394,E,8,999.0,E,8,0.97,E,8,-9900,?,9,-9900,?,9,0.0,E,8,-9900,?,9,-9900,?,9,0.0,0.0,E,8
02/23/2016,23:00,0.0,1396.094,0.0,1,8,0.0,1,8,0.0,1,8,0.0,1,8,0.0,1,8,0.0,1,8,-0.0,1,8,-9900,?,9,-9900,?,9,18.82,E,8,16.28,E,8,85.0,E,8,872.5394,E,8,999.0,E,8,0.97,E,8,-9900,?,9,-9900,?,9,0.0,E,8,-9900,?,9,-9900,?,9,0.0,0.0,E,8
02/23/2016,24:00,0.0,1396.094,0.0,1,8,0.0,1,8,0.0,1,8,0.0,1,8,0.0,1,8,0.0,1,8,-0.0,1,8,-9900,?,9,-9900,?,9,18.05,E,8,16.27,E,8,89.0,E,8,872.5394,E,8,999.0,E,8,1.33,E,8,-9900,?,9,-9900,?,9,0.0,E,8,-9900,?,9,-9900,?,9,0.0,0.0,E,8
02/24/2016,01:00,0.0,1396.094,0.0,1,8,0.0,1,8,0.0,1,8,0.0,1,8,0.0,1,8,0.0,1,8,-0.0,1,8,-9900,?,9,-9900,?,9,17.66,E,8,16.13,E,8,90.0,E,8,872.5394,E,8,999.0,E,8,1.33,E,8,-9900,?,9,-9900,?,9,0.0,E,8,-9900,?,9,-9900,?,9,0.0,0.0,E,8
02/24/2016,02:00,0.0,1396.094,0.0,1,8,0.0,1,8,0.0,1,8,0.0,1,8,0.0,1,8,0.0,1,8,-0.0,1,8,-9900,?,9,-9900,?,9,17.27,E,8,15.99,E,8,92.0,E,8,872.5394,E,8,999.0,E,8,1.33,E,8,-9900,?,9,-9900,?,9,0.0,E,8,-9900,?,9,-9900,?,9,0.0,0.0,E,8
02/24/2016,03:00,0.0,1396.094,0.0,1,8,0.0,1,8,0.0,1,8,0.0,1,8,0.0,1,8,0.0,1,8,-0.0,1,8,-9900,?,9,-9900,?,9,16.89,E,8,15.86,E,8,93.0,E,8,872.5394,E,8,999.0,E,8,1.33,E,8,-9900,?,9,-9900,?,9,0.0,E,8,-9900,?,9,-9900,?,9,0.0,0.0,E,8
02/24/2016,04:00,0.0,1395.438,0.0,1,8,0.0,1,8,0.0,1,8,0.0,1,8,0.0,1,8,0.0,1,8,-0.0,1,8,-9900,?,9,-9900,?,9,16.5,E,8,15.72,E,8,95.0,E,8,872.5394,E,8,999.0,E,8,1.33,E,8,-9900,?,9,-9900,?,9,0.0,E,8,-9900,?,9,-9900,?,9,0.0,0.0,E,8
02/24/2016,05:00,0.0,1395.438,0.0,1,8,0.0,1,8,0.0,1,8,0.0,1,8,0.0,1,8,0.0,1,8,-0.0,1,8,-9900,?,9,-9900,?,9,16.12,E,8,15.58,E,8,96.0,E,8,872.5394,E,8,999.0,E,8,1.33,E,8,-9900,?,9,-9900,?,9,0.0,E,8,-9900,?,9,-9900,?,9,0.0,0.0,E,8
02/24/2016,06:00,0.0,1395.438,0.0,1,8,0.0,1,8,0.0,1,8,0.0,1,8,0.0,1,8,0.0,1,8,-0.0,1,8,-9900,?,9,-9900,?,9,15.82,E,8,15.47,E,8,97.0,E,8,872.5394,E,8,999.0,E,8,1.33,E,8,-9900,?,9,-9900,?,9,0.0,E,8,-9900,?,9,-9900,?,9,0.0,0.0,E,8
02/24/2016,07:00,243.169,1395.438,3.14,1,8,0.0,1,8,3.14,1,8,376.8,1,8,0.0,1,8,345.4,1,8,5.787,1,8,-9900,?,9,-9900,?,9,15.56,E,8,15.37,E,8,98.0,E,8,872.5394,E,8,999.0,E,8,1.33,E,8,-9900,?,9,-9900,?,9,0.0,E,8,-9900,?,9,-9900,?,9,0.0,0.0,E,8
02/24/2016,08:00,566.076,1395.438,81.63,1,8,0.0,1,8,81.63,1,8,9795.6,1,8,0.0,1,8,8979.3,1,8,64.147,1,8,-9900,?,9,-9900,?,9,15.31,E,8,15.28,E,8,99.0,E,8,872.5394,E,8,999.0,E,8,1.33,E,8,-9900,?,9,-9900,?,9,0.0,E,8,-9900,?,9,-9900,?,9,0.0,0.0,E,8
02/24/2016,09:00,857.154,1395.438,177.66,1,8,1.997,1,8,176.434,1,8,21319.2,1,8,189.731,1,8,19407.72,1,8,91.473,1,8,-9900,?,9,-9900,?,9,18.88,E,8,16.56,E,8,86.0,E,8,872.5394,E,8,999.0,E,8,1.33,E,8,-9900,?,9,-9900,?,9,0.0,E,8,-9900,?,9,-9900,?,9,0.0,0.0,E,8
02/24/2016,10:00,1095.821,1395.438,263.24,1,8,12.464,1,8,253.454,1,8,31588.8,1,8,1184.114,1,8,27879.904,1,8,102.754,1,8,-9900,?,9,-9900,?,9,20.11,E,8,16.98,E,8,82.0,E,8,872.5394,E,8,999.0,E,8,1.33,E,8,-9900,?,9,-9900,?,9,0.0,E,8,-9900,?,9,-9900,?,9,0.0,0.0,E,8
02/24/2016,11:00,1265.665,1395.438,329.89,1,8,21.525,1,8,310.368,1,8,39586.8,1,8,2044.863,1,8,34140.495,1,8,108.93,1,8,-9900,?,9,-9900,?,9,21.18,E,8,17.34,E,8,78.0,E,8,872.5394,E,8,999.0,E,8,1.33,E,8,-9900,?,9,-9900,?,9,0.0,E,8,-9900,?,9,-9900,?,9,0.0,0.0,E,8
02/24/2016,12:00,1355.05,1395.438,372.35,1,8,23.836,1,8,349.205,1,8,44682.0,1,8,2264.39,1,8,38412.505,1,8,114.47,1,8,-9900,?,9,-9900,?,9,22.05,E,8,17.62,E,8,75.0,E,8,872.5394,E,8,999.0,E,8,1.33,E,8,-9900,?,9,-9900,?,9,0.0,E,8,-9900,?,9,-9900,?,9,0.0,0.0,E,8
02/24/2016,13:00,1357.854,1395.438,387.47,1,8,25.218,1,8,362.932,1,8,46496.4,1,8,2395.718,1,8,39922.468,1,8,118.724,1,8,-9900,?,9,-9900,?,9,22.71,E,8,17.84,E,8,73.0,E,8,872.5394,E,8,999.0,E,8,1.33,E,8,-9900,?,9,-9900,?,9,0.0,E,8,-9900,?,9,-9900,?,9,0.0,0.0,E,8
02/24/2016,14:00,1273.867,1395.438,374.16,1,8,26.422,1,8,350.042,1,8,44899.2,1,8,2510.057,1,8,38504.578,1,8,122.062,1,8,-9900,?,9,-9900,?,9,23.12,E,8,17.97,E,8,72.0,E,8,872.5394,E,8,999.0,E,8,1.33,E,8,-9900,?,9,-9900,?,9,0.0,E,8,-9900,?,9,-9900,?,9,0.0,0.0,E,8
02/24/2016,15:00,1108.811,1395.438,333.36,1,8,28.16,1,8,310.988,1,8,40003.2,1,8,2675.232,1,8,34208.647,1,8,124.601,1,8,-9900,?,9,-9900,?,9,23.29,E,8,18.02,E,8,72.0,E,8,872.5394,E,8,999.0,E,8,1.33,E,8,-9900,?,9,-9900,?,9,0.0,E,8,-9900,?,9,-9900,?,9,0.0,0.0,E,8
02/24/2016,16:00,873.96,1395.438,268.09,1,8,15.807,1,8,258.194,1,8,32170.8,1,8,1501.69,1,8,28401.388,1,8,131.284,1,8,-9900,?,9,-9900,?,9,23.18,E,8,17.99,E,8,77.0,E,8,872.5394,E,8,999.0,E,8,1.33,E,8,-9900,?,9,-9900,?,9,0.001,E,8,-9900,?,9,-9900,?,9,0.01,99.0,E,8
02/24/2016,17:00,585.427,1395.438,183.46,1,8,39.248,1,8,167.017,1,8,22015.2,1,8,3728.591,1,8,18371.832,1,8,126.894,1,8,-9900,?,9,-9900,?,9,22.69,E,8,17.83,E,8,79.0,E,8,872.5394,E,8,999.0,E,8,1.33,E,8,-9900,?,9,-9900,?,9,0.004,E,8,-9900,?,9,-9900,?,9,0.04,99.0,E,8
02/24/2016,18:00,263.5,1395.438,87.62,1,8,72.605,1,8,74.014,1,8,10514.4,1,8,6897.47,1,8,8141.552,1,8,125.72,1,8,-9900,?,9,-9900,?,9,21.89,E,8,17.57,E,8,81.0,E,8,872.5394,E,8,999.0,E,8,1.33,E,8,-9900,?,9,-9900,?,9,0.001,E,8,-9900,?,9,-9900,?,9,0.01,99.0,E,8
02/24/2016,19:00,0.0,1395.438,5.42,1,8,0.0,1,8,0.0,1,8,650.4,1,8,0.0,1,8,0.0,1,8,-0.0,1,8,-9900,?,9,-9900,?,9,21.15,E,8,17.33,E,8,83.0,E,8,872.5394,E,8,999.0,E,8,1.33,E,8,-9900,?,9,-9900,?,9,0.002,E,8,-9900,?,9,-9900,?,9,0.02,99.0,E,8
02/24/2016,20:00,0.0,1395.438,0.0,1,8,0.0,1,8,0.0,1,8,0.0,1,8,0.0,1,8,0.0,1,8,-0.0,1,8,-9900,?,9,-9900,?,9,20.41,E,8,17.08,E,8,86.0,E,8,872.5394,E,8,999.0,E,8,1.33,E,8,-9900,?,9,-9900,?,9,0.002,E,8,-9900,?,9,-9900,?,9,0.02,99.0,E,8
02/24/2016,21:00,0.0,1395.438,0.0,1,8,0.0,1,8,0.0,1,8,0.0,1,8,0.0,1,8,0.0,1,8,-0.0,1,8,-9900,?,9,-9900,?,9,19.67,E,8,16.83,E,8,88.0,E,8,872.5394,E,8,999.0,E,8,1.33,E,8,-9900,?,9,-9900,?,9,0.006,E,8,-9900,?,9,-9900,?,9,0.06,99.0,E,8
02/24/2016,22:00,0.0,1395.438,0.0,1,8,0.0,1,8,0.0,1,8,0.0,1,8,0.0,1,8,0.0,1,8,-0.0,1,8,-9900,?,9,-9900,?,9,18.93,E,8,16.58,E,8,91.0,E,8,872.5394,E,8,999.0,E,8,1.33,E,8,-9900,?,9,-9900,?,9,0.011,E,8,-9900,?,9,-9900,?,9,0.11,99.0,E,8
02/24/2016,23:00,0.0,1395.438,0.0,1,8,0.0,1,8,0.0,1,8,0.0,1,8,0.0,1,8,0.0,1,8,-0.0,1,8,-9900,?,9,-9900,?,9,18.19,E,8,16.32,E,8,98.0,E,8,872.5394,E,8,999.0,E,8,1.33,E,8,-9900,?,9,-9900,?,9,0.173,E,8,-9900,?,9,-9900,?,9,1.73,99.0,E,8
02/24/2016,24:00,0.0,1395.438,0.0,1,8,0.0,1,8,0.0,1,8,0.0,1,8,0.0,1,8,0.0,1,8,-0.0,1,8,-9900,?,9,-9900,?,9,17.45,E,8,15.85,E,8,88.0,E,8,872.5394,E,8,999.0,E,8,1.33,E,8,-9900,?,9,-9900,?,9,0.022,E,8,-9900,?,9,-9900,?,9,0.22,99.0,E,8
02/25/2016,01:00,0.0,1395.438,0.0,1,8,0.0,1,8,0.0,1,8,0.0,1,8,0.0,1,8,0.0,1,8,-0.0,1,8,-9900,?,9,-9900,?,9,17.08,E,8,15.63,E,8,88.0,E,8,872.5394,E,8,999.0,E,8,1.33,E,8,-9900,?,9,-9900,?,9,0.012,E,8,-9900,?,9,-9900,?,9,0.12,99.0,E,8
02/25/2016,02:00,0.0,1395.438,0.0,1,8,0.0,1,8,0.0,1,8,0.0,1,8,0.0,1,8,0.0,1,8,-0.0,1,8,-9900,?,9,-9900,?,9,16.71,E,8,15.4,E,8,88.0,E,8,872.5394,E,8,999.0,E,8,1.33,E,8,-9900,?,9,-9900,?,9,0.032,E,8,-9900,?,9,-9900,?,9,0.32,99.0,E,8
02/25/2016,03:00,0.0,1395.438,0.0,1,8,0.0,1,8,0.0,1,8,0.0,1,8,0.0,1,8,0.0,1,8,-0.0,1,8,-9900,?,9,-9900,?,9,16.34,E,8,15.18,E,8,89.0,E,8,872.5394,E,8,999.0,E,8,1.33,E,8,-9900,?,9,-9900,?,9,0.048,E,8,-9900,?,9,-9900,?,9,0.48,99.0,E,8
02/25/2016,04:00,0.0,1394.773,0.0,1,8,0.0,1,8,0.0,1,8,0.0,1,8,0.0,1,8,0.0,1,8,-0.0,1,8,-9900,?,9,-9900,?,9,15.97,E,8,14.94,E,8,89.0,E,8,872.5394,E,8,999.0,E,8,1.33,E,8,-9900,?,9,-9900,?,9,0.008,E,8,-9900,?,9,-9900,?,9,0.08,99.0,E,8
02/25/2016,05:00,0.0,1394.773,0.0,1,8,0.0,1,8,0.0,1,8,0.0,1,8,0.0,1,8,0.0,1,8,-0.0,1,8,-9900,?,9,-9900,?,9,15.6,E,8,14.71,E,8,90.0,E,8,872.5394,E,8,999.0,E,8,1.33,E,8,-9900,?,9,-9900,?,9,0.08499999999999999,E,8,-9900,?,9,-9900,?,9,0.85,99.0,E,8
02/25/2016,06:00,0.0,1394.773,0.0,1,8,0.0,1,8,0.0,1,8,0.0,1,8,0.0,1,8,0.0,1,8,-0.0,1,8,-9900,?,9,-9900,?,9,15.32,E,8,14.53,E,8,96.0,E,8,872.5394,E,8,999.0,E,8,1.33,E,8,-9900,?,9,-9900,?,9,1.161,E,8,-9900,?,9,-9900,?,9,11.61,99.0,E,8
02/25/2016,07:00,240.867,1394.773,3.47,1,8,0.0,1,8,3.47,1,8,416.4,1,8,0.0,1,8,381.7,1,8,6.454,1,8,-9900,?,9,-9900,?,9,15.08,E,8,14.37,E,8,90.0,E,8,872.5394,E,8,999.0,E,8,1.33,E,8,-9900,?,9,-9900,?,9,0.004,E,8,-9900,?,9,-9900,?,9,0.04,99.0,E,8
02/25/2016,08:00,563.902,1394.773,96.11,1,8,0.0,1,8,96.11,1,8,11533.2,1,8,0.0,1,8,10572.1,1,8,75.782,1,8,-9900,?,9,-9900,?,9,14.83,E,8,14.21,E,8,88.0,E,8,872.5394,E,8,999.0,E,8,1.33,E,8,-9900,?,9,-9900,?,9,0.0,E,8,-9900,?,9,-9900,?,9,0.0,0.0,E,8
02/25/2016,09:00,855.047,1394.773,209.96,1,8,13.551,1,8,201.657,1,8,25195.2,1,8,1287.34,1,8,22182.25,1,8,104.758,1,8,-9900,?,9,-9900,?,9,18.15,E,8,16.27,E,8,84.0,E,8,872.5394,E,8,999.0,E,8,1.33,E,8,-9900,?,9,-9900,?,9,0.0,E,8,-9900,?,9,-9900,?,9,0.0,0.0,E,8
02/25/2016,10:00,1093.705,1394.773,311.42,1,8,17.863,1,8,297.415,1,8,37370.4,1,8,1697.029,1,8,32715.653,1,8,120.753,1,8,-9900,?,9,-9900,?,9,19.29,E,8,16.92,E,8,83.0,E,8,872.5394,E,8,999.0,E,8,1.33,E,8,-9900,?,9,-9900,?,9,0.0,E,8,-9900,?,9,-9900,?,9,0.0,0.0,E,8
02/25/2016,11:00,1263.462,1394.773,390.41,1,8,21.867,1,8,370.603,1,8,46849.2,1,8,2077.355,1,8,40766.335,1,8,130.235,1,8,-9900,?,9,-9900,?,9,20.3,E,8,17.48,E,8,81.0,E,8,872.5394,E,8,999.0,E,8,1.33,E,8,-9900,?,9,-9900,?,9,0.0,E,8,-9900,?,9,-9900,?,9,0.0,0.0,E,8
02/25/2016,12:00,1352.689,1394.773,440.69,1,8,33.195,1,8,408.497,1,8,52882.8,1,8,3153.542,1,8,44934.672,1,8,134.077,1,8,-9900,?,9,-9900,?,9,21.11,E,8,17.91,E,8,80.0,E,8,872.5394,E,8,999.0,E,8,1.33,E,8,-9900,?,9,-9900,?,9,0.0,E,8,-9900,?,9,-9900,?,9,0.0,0.0,E,8
02/25/2016,13:00,1355.273,1394.773,458.54,1,8,36.741,1,8,422.84,1,8,55024.8,1,8,3490.436,1,8,46512.367,1,8,138.519,1,8,-9900,?,9,-9900,?,9,21.72,E,8,18.23,E,8,79.0,E,8,872.5394,E,8,999.0,E,8,1.33,E,8,-9900,?,9,-9900,?,9,0.0,E,8,-9900,?,9,-9900,?,9,0.0,0.0,E,8
02/25/2016,14:00,1271.022,1394.773,442.66,1,8,41.576,1,8,404.775,1,8,53119.2,1,8,3949.743,1,8,44525.236,1,8,141.397,1,8,-9900,?,9,-9900,?,9,22.11,E,8,18.43,E,8,79.0,E,8,872.5394,E,8,999.0,E,8,1.33,E,8,-9900,?,9,-9900,?,9,0.0,E,8,-9900,?,9,-9900,?,9,0.0,0.0,E,8
02/25/2016,15:00,1105.675,1394.773,394.2,1,8,36.39,1,8,365.358,1,8,47304.0,1,8,3457.061,1,8,40189.333,1,8,146.73,1,8,-9900,?,9,-9900,?,9,22.27,E,8,18.51,E,8,79.0,E,8,872.5394,E,8,999.0,E,8,1.33,E,8,-9900,?,9,-9900,?,9,0.0,E,8,-9900,?,9,-9900,?,9,0.0,0.0,E,8
02/25/2016,16:00,870.525,1394.773,316.72,1,8,31.868,1,8,296.84,1,8,38006.4,1,8,3027.417,1,8,32652.347,1,8,151.459,1,8,-9900,?,9,-9900,?,9,22.16,E,8,18.46,E,8,82.0,E,8,872.5394,E,8,999.0,E,8,1.33,E,8,-9900,?,9,-9900,?,9,0.001,E,8,-9900,?,9,-9900,?,9,0.01,99.0,E,8
02/25/2016,17:00,581.71,1394.773,216.29,1,8,67.759,1,8,188.069,1,8,25954.8,1,8,6437.097,1,8,20687.624,1,8,143.736,1,8,-9900,?,9,-9900,?,9,21.71,E,8,18.23,E,8,80.0,E,8,872.5394,E,8,999.0,E,8,1.33,E,8,-9900,?,9,-9900,?,9,0.0,E,8,-9900,?,9,-9900,?,9,0.0,0.0,E,8
02/25/2016,18:00,259.552,1394.773,82.71,1,8,27.629,1,8,77.609,1,8,9925.2,1,8,2624.743,1,8,8536.962,1,8,133.797,1,8,-9900,?,9,-9900,?,9,20.88,E,8,17.79,E,8,81.0,E,8,872.5394,E,8,999.0,E,8,1.33,E,8,-9900,?,9,-9900,?,9,0.0,E,8,-9900,?,9,-9900,?,9,0.0,0.0,E,8
02/25/2016,19:00,0.0,1394.773,5.86,1,8,0.0,1,8,0.0,1,8,703.2,1,8,0.0,1,8,0.0,1,8,-0.0,1,8,-9900,?,9,-9900,?,9,20.35,E,8,17.5,E,8,81.0,E,8,872.5394,E,8,999.0,E,8,1.33,E,8,-9900,?,9,-9900,?,9,0.0,E,8,-9900,?,9,-9900,?,9,0.0,0.0,E,8
02/25/2016,20:00,0.0,1394.773,0.0,1,8,0.0,1,8,0.0,1,8,0.0,1,8,0.0,1,8,0.0,1,8,-0.0,1,8,-9900,?,9,-9900,?,9,19.82,E,8,17.21,E,8,85.0,E,8,872.5394,E,8,999.0,E,8,1.33,E,8,-9900,?,9,-9900,?,9,0.002,E,8,-9900,?,9,-9900,?,9,0.02,99.0,E,8
02/25/2016,21:00,0.0,1394.773,0.0,1,8,0.0,1,8,0.0,1,8,0.0,1,8,0.0,1,8,0.0,1,8,-0.0,1,8,-9900,?,9,-9900,?,9,19.29,E,8,16.92,E,8,85.0,E,8,872.5394,E,8,999.0,E,8,1.33,E,8,-9900,?,9,-9900,?,9,0.016,E,8,-9900,?,9,-9900,?,9,0.16,99.0,E,8
02/25/2016,22:00,0.0,1394.773,0.0,1,8,0.0,1,8,0.0,1,8,0.0,1,8,0.0,1,8,0.0,1,8,-0.0,1,8,-9900,?,9,-9900,?,9,18.76,E,8,16.62,E,8,86.0,E,8,872.5394,E,8,999.0,E,8,1.33,E,8,-9900,?,9,-9900,?,9,0.006,E,8,-9900,?,9,-9900,?,9,0.06,99.0,E,8
02/25/2016,23:00,0.0,1394.773,0.0,1,8,0.0,1,8,0.0,1,8,0.0,1,8,0.0,1,8,0.0,1,8,-0.0,1,8,-9900,?,9,-9900,?,9,18.24,E,8,16.32,E,8,87.0,E,8,872.5394,E,8,999.0,E,8,1.33,E,8,-9900,?,9,-9900,?,9,0.003,E,8,-9900,?,9,-9900,?,9,0.03,99.0,E,8
02/25/2016,24:00,0.0,1394.773,0.0,1,8,0.0,1,8,0.0,1,8,0.0,1,8,0.0,1,8,0.0,1,8,-0.0,1,8,-9900,?,9,-9900,?,9,17.71,E,8,16.16,E,8,90.0,E,8,872.5394,E,8,999.0,E,8,1.33,E,8,-9900,?,9,-9900,?,9,0.0,E,8,-9900,?,9,-9900,?,9,0.0,0.0,E,8
02/26/2016,01:00,0.0,1394.773,0.0,1,8,0.0,1,8,0.0,1,8,0.0,1,8,0.0,1,8,0.0,1,8,-0.0,1,8,-9900,?,9,-9900,?,9,17.44,E,8,16.0,E,8,91.0,E,8,872.5394,E,8,999.0,E,8,1.33,E,8,-9900,?,9,-9900,?,9,0.0,E,8,-9900,?,9,-9900,?,9,0.0,0.0,E,8
02/26/2016,02:00,0.0,1394.773,0.0,1,8,0.0,1,8,0.0,1,8,0.0,1,8,0.0,1,8,0.0,1,8,-0.0,1,8,-9900,?,9,-9900,?,9,17.18,E,8,15.84,E,8,91.0,E,8,872.5394,E,8,999.0,E,8,1.33,E,8,-9900,?,9,-9900,?,9,0.0,E,8,-9900,?,9,-9900,?,9,0.0,0.0,E,8
02/26/2016,03:00,0.0,1394.773,0.0,1,8,0.0,1,8,0.0,1,8,0.0,1,8,0.0,1,8,0.0,1,8,-0.0,1,8,-9900,?,9,-9900,?,9,16.91,E,8,15.68,E,8,92.0,E,8,872.5394,E,8,999.0,E,8,1.33,E,8,-9900,?,9,-9900,?,9,0.0,E,8,-9900,?,9,-9900,?,9,0.0,0.0,E,8
02/26/2016,04:00,0.0,1394.1,0.0,1,8,0.0,1,8,0.0,1,8,0.0,1,8,0.0,1,8,0.0,1,8,-0.0,1,8,-9900,?,9,-9900,?,9,16.65,E,8,15.52,E,8,93.0,E,8,872.5394,E,8,999.0,E,8,1.33,E,8,-9900,?,9,-9900,?,9,0.0,E,8,-9900,?,9,-9900,?,9,0.0,0.0,E,8
02/26/2016,05:00,0.0,1394.1,0.0,1,8,0.0,1,8,0.0,1,8,0.0,1,8,0.0,1,8,0.0,1,8,-0.0,1,8,-9900,?,9,-9900,?,9,16.38,E,8,15.35,E,8,93.0,E,8,872.5394,E,8,999.0,E,8,1.33,E,8,-9900,?,9,-9900,?,9,0.0,E,8,-9900,?,9,-9900,?,9,0.0,0.0,E,8
02/26/2016,06:00,0.0,1394.1,0.0,1,8,0.0,1,8,0.0,1,8,0.0,1,8,0.0,1,8,0.0,1,8,-0.0,1,8,-9900,?,9,-9900,?,9,16.18,E,8,15.23,E,8,94.0,E,8,872.5394,E,8,999.0,E,8,1.33,E,8,-9900,?,9,-9900,?,9,0.0,E,8,-9900,?,9,-9900,?,9,0.0,0.0,E,8
02/26/2016,07:00,238.592,1394.1,3.57,1,8,0.0,1,8,3.57,1,8,428.4,1,8,0.0,1,8,392.7,1,8,6.702,1,8,-9900,?,9,-9900,?,9,16.0,E,8,15.11,E,8,94.0,E,8,872.5394,E,8,999.0,E,8,1.33,E,8,-9900,?,9,-9900,?,9,0.0,E,8,-9900,?,9,-9900,?,9,0.0,0.0,E,8
02/26/2016,08:00,561.737,1394.1,105.12,1,8,0.0,1,8,105.12,1,8,12614.4,1,8,0.0,1,8,11563.2,1,8,83.167,1,8,-9900,?,9,-9900,?,9,15.83,E,8,15.01,E,8,94.0,E,8,872.5394,E,8,999.0,E,8,1.33,E,8,-9900,?,9,-9900,?,9,0.0,E,8,-9900,?,9,-9900,?,9,0.0,0.0,E,8
02/26/2016,09:00,852.93,1394.1,230.48,1,8,19.672,1,8,218.451,1,8,27657.6,1,8,1868.799,1,8,24029.561,1,8,113.709,1,8,-9900,?,9,-9900,?,9,18.34,E,8,16.53,E,8,89.0,E,8,872.5394,E,8,999.0,E,8,1.33,E,8,-9900,?,9,-9900,?,9,0.0,E,8,-9900,?,9,-9900,?,9,0.0,0.0,E,8
02/26/2016,10:00,1091.558,1394.1,342.19,1,8,23.537,1,8,323.764,1,8,41062.8,1,8,2236.044,1,8,35614.049,1,8,131.646,1,8,-9900,?,9,-9900,?,9,19.21,E,8,17.02,E,8,87.0,E,8,872.5394,E,8,999.0,E,8,1.33,E,8,-9900,?,9,-9900,?,9,0.0,E,8,-9900,?,9,-9900,?,9,0.0,0.0,E,8
02/26/2016,11:00,1261.209,1394.1,429.13,1,8,28.604,1,8,403.255,1,8,51495.6,1,8,2717.361,1,8,44357.998,1,8,141.894,1,8,-9900,?,9,-9900,?,9,19.97,E,8,17.45,E,8,85.0,E,8,872.5394,E,8,999.0,E,8,1.33,E,8,-9900,?,9,-9900,?,9,0.0,E,8,-9900,?,9,-9900,?,9,0.0,0.0,E,8
02/26/2016,12:00,1350.26,1394.1,484.43,1,8,43.985,1,8,441.829,1,8,58131.6,1,8,4178.546,1,8,48601.224,1,8,145.208,1,8,-9900,?,9,-9900,?,9,20.6,E,8,17.79,E,8,83.0,E,8,872.5394,E,8,999.0,E,8,1.33,E,8,-9900,?,9,-9900,?,9,0.0,E,8,-9900,?,9,-9900,?,9,0.0,0.0,E,8
02/26/2016,13:00,1352.611,1394.1,504.0,1,8,49.862,1,8,455.623,1,8,60480.0,1,8,4736.904,1,8,50118.493,1,8,149.48,1,8,-9900,?,9,-9900,?,9,21.06,E,8,18.03,E,8,82.0,E,8,872.5394,E,8,999.0,E,8,1.33,E,8,-9900,?,9,-9900,?,9,0.0,E,8,-9900,?,9,-9900,?,9,0.0,0.0,E,8
02/26/2016,14:00,1268.085,1394.1,486.4,1,8,58.197,1,8,433.467,1,8,58368.0,1,8,5528.732,1,8,47681.327,1,8,151.697,1,8,-9900,?,9,-9900,?,9,21.35,E,8,18.19,E,8,82.0,E,8,872.5394,E,8,999.0,E,8,1.33,E,8,-9900,?,9,-9900,?,9,0.0,E,8,-9900,?,9,-9900,?,9,0.0,0.0,E,8
02/26/2016,15:00,1102.441,1394.1,432.92,1,8,52.713,1,8,391.242,1,8,51950.4,1,8,5007.749,1,8,43036.653,1,8,157.511,1,8,-9900,?,9,-9900,?,9,21.47,E,8,18.25,E,8,81.0,E,8,872.5394,E,8,999.0,E,8,1.33,E,8,-9900,?,9,-9900,?,9,0.0,E,8,-9900,?,9,-9900,?,9,0.0,0.0,E,8
02/26/2016,16:00,866.993,1394.1,347.49,1,8,56.567,1,8,312.327,1,8,41698.8,1,8,5373.912,1,8,34355.965,1,8,159.934,1,8,-9900,?,9,-9900,?,9,21.39,E,8,18.21,E,8,82.0,E,8,872.5394,E,8,999.0,E,8,1.33,E,8,-9900,?,9,-9900,?,9,0.0,E,8,-9900,?,9,-9900,?,9,0.0,0.0,E,8
02/26/2016,17:00,577.9,1394.1,236.8,1,8,123.092,1,8,185.846,1,8,28416.0,1,8,11693.714,1,8,20443.073,1,8,142.908,1,8,-9900,?,9,-9900,?,9,21.04,E,8,18.02,E,8,82.0,E,8,872.5394,E,8,999.0,E,8,1.33,E,8,-9900,?,9,-9900,?,9,0.0,E,8,-9900,?,9,-9900,?,9,0.0,0.0,E,8
02/26/2016,18:00,255.524,1394.1,111.64,1,8,295.398,1,8,57.933,1,8,13396.8,1,8,28062.814,1,8,6372.605,1,8,101.426,1,8,-9900,?,9,-9900,?,9,20.47,E,8,17.72,E,8,84.0,E,8,872.5394,E,8,999.0,E,8,1.33,E,8,-9900,?,9,-9900,?,9,0.0,E,8,-9900,?,9,-9900,?,9,0.0,0.0,E,8
02/26/2016,19:00,0.0,1394.1,5.84,1,8,0.0,1,8,0.0,1,8,700.8,1,8,0.0,1,8,0.0,1,8,-0.0,1,8,-9900,?,9,-9900,?,9,19.98,E,8,17.45,E,8,85.0,E,8,872.5394,E,8,999.0,E,8,1.33,E,8,-9900,?,9,-9900,?,9,0.0,E,8,-9900,?,9,-9900,?,9,0.0,0.0,E,8
02/26/2016,20:00,0.0,1394.1,0.0,1,8,0.0,1,8,0.0,1,8,0.0,1,8,0.0,1,8,0.0,1,8,-0.0,1,8,-9900,?,9,-9900,?,9,19.49,E,8,17.18,E,8,86.0,E,8,872.5394,E,8,999.0,E,8,1.33,E,8,-9900,?,9,-9900,?,9,0.0,E,8,-9900,?,9,-9900,?,9,0.0,0.0,E,8
02/26/2016,21:00,0.0,1394.1,0.0,1,8,0.0,1,8,0.0,1,8,0.0,1,8,0.0,1,8,0.0,1,8,-0.0,1,8,-9900,?,9,-9900,?,9,19.0,E,8,16.9,E,8,87.0,E,8,872.5394,E,8,999.0,E,8,1.33,E,8,-9900,?,9,-9900,?,9,0.0,E,8,-9900,?,9,-9900,?,9,0.0,0.0,E,8
02/26/2016,22:00,0.0,1394.1,0.0,1,8,0.0,1,8,0.0,1,8,0.0,1,8,0.0,1,8,0.0,1,8,-0.0,1,8,-9900,?,9,-9900,?,9,18.51,E,8,16.62,E,8,88.0,E,8,872.5394,E,8,999.0,E,8,1.33,E,8,-9900,?,9,-9900,?,9,0.0,E,8,-9900,?,9,-9900,?,9,0.0,0.0,E,8
02/26/2016,23:00,0.0,1394.1,0.0,1,8,0.0,1,8,0.0,1,8,0.0,1,8,0.0,1,8,0.0,1,8,-0.0,1,8,-9900,?,9,-9900,?,9,18.02,E,8,16.34,E,8,89.0,E,8,872.5394,E,8,999.0,E,8,1.33,E,8,-9900,?,9,-9900,?,9,0.0,E,8,-9900,?,9,-9900,?,9,0.0,0.0,E,8
02/26/2016,24:00,0.0,1394.1,0.0,1,8,0.0,1,8,0.0,1,8,0.0,1,8,0.0,1,8,0.0,1,8,-0.0,1,8,-9900,?,9,-9900,?,9,17.53,E,8,16.11,E,8,91.0,E,8,872.5394,E,8,999.0,E,8,1.33,E,8,-9900,?,9,-9900,?,9,0.0,E,8,-9900,?,9,-9900,?,9,0.0,0.0,E,8
02/27/2016,01:00,0.0,1394.1,0.0,1,8,0.0,1,8,0.0,1,8,0.0,1,8,0.0,1,8,0.0,1,8,-0.0,1,8,-9900,?,9,-9900,?,9,17.28,E,8,15.96,E,8,91.0,E,8,872.5394,E,8,999.0,E,8,1.33,E,8,-9900,?,9,-9900,?,9,0.0,E,8,-9900,?,9,-9900,?,9,0.0,0.0,E,8
02/27/2016,02:00,0.0,1394.1,0.0,1,8,0.0,1,8,0.0,1,8,0.0,1,8,0.0,1,8,0.0,1,8,-0.0,1,8,-9900,?,9,-9900,?,9,17.04,E,8,15.82,E,8,92.0,E,8,872.5394,E,8,999.0,E,8,1.33,E,8,-9900,?,9,-9900,?,9,0.0,E,8,-9900,?,9,-9900,?,9,0.0,0.0,E,8
02/27/2016,03:00,0.0,1394.1,0.0,1,8,0.0,1,8,0.0,1,8,0.0,1,8,0.0,1,8,0.0,1,8,-0.0,1,8,-9900,?,9,-9900,?,9,16.79,E,8,15.67,E,8,93.0,E,8,872.5394,E,8,999.0,E,8,1.33,E,8,-9900,?,9,-9900,?,9,0.0,E,8,-9900,?,9,-9900,?,9,0.0,0.0,E,8
02/27/2016,04:00,0.0,1393.419,0.0,1,8,0.0,1,8,0.0,1,8,0.0,1,8,0.0,1,8,0.0,1,8,-0.0,1,8,-9900,?,9,-9900,?,9,16.55,E,8,15.52,E,8,93.0,E,8,872.5394,E,8,999.0,E,8,1.33,E,8,-9900,?,9,-9900,?,9,0.0,E,8,-9900,?,9,-9900,?,9,0.0,0.0,E,8
02/27/2016,05:00,0.0,1393.419,0.0,1,8,0.0,1,8,0.0,1,8,0.0,1,8,0.0,1,8,0.0,1,8,-0.0,1,8,-9900,?,9,-9900,?,9,16.31,E,8,15.38,E,8,94.0,E,8,872.5394,E,8,999.0,E,8,1.33,E,8,-9900,?,9,-9900,?,9,0.0,E,8,-9900,?,9,-9900,?,9,0.0,0.0,E,8
02/27/2016,06:00,0.0,1393.419,0.0,1,8,0.0,1,8,0.0,1,8,0.0,1,8,0.0,1,8,0.0,1,8,-0.0,1,8,-9900,?,9,-9900,?,9,16.12,E,8,15.26,E,8,94.0,E,8,872.5394,E,8,999.0,E,8,1.33,E,8,-9900,?,9,-9900,?,9,0.0,E,8,-9900,?,9,-9900,?,9,0.0,0.0,E,8
02/27/2016,07:00,236.343,1393.419,3.41,1,8,0.0,1,8,3.41,1,8,409.2,1,8,0.0,1,8,375.1,1,8,6.46,1,8,-9900,?,9,-9900,?,9,15.95,E,8,15.15,E,8,94.0,E,8,872.5394,E,8,999.0,E,8,1.33,E,8,-9900,?,9,-9900,?,9,0.0,E,8,-9900,?,9,-9900,?,9,0.0,0.0,E,8
02/27/2016,08:00,559.581,1393.419,107.23,1,8,0.0,1,8,107.23,1,8,12867.6,1,8,0.0,1,8,11795.3,1,8,85.122,1,8,-9900,?,9,-9900,?,9,15.79,E,8,15.05,E,8,95.0,E,8,872.5394,E,8,999.0,E,8,1.33,E,8,-9900,?,9,-9900,?,9,0.0,E,8,-9900,?,9,-9900,?,9,0.0,0.0,E,8
02/27/2016,09:00,850.802,1393.419,235.97,1,8,21.796,1,8,222.668,1,8,28316.4,1,8,2070.645,1,8,24493.488,1,8,116.138,1,8,-9900,?,9,-9900,?,9,18.64,E,8,16.75,E,8,88.0,E,8,872.5394,E,8,999.0,E,8,1.33,E,8,-9900,?,9,-9900,?,9,0.0,E,8,-9900,?,9,-9900,?,9,0.0,0.0,E,8
02/27/2016,10:00,1089.381,1393.419,350.68,1,8,25.632,1,8,330.644,1,8,42081.6,1,8,2435.084,1,8,36370.861,1,8,134.646,1,8,-9900,?,9,-9900,?,9,19.63,E,8,17.31,E,8,86.0,E,8,872.5394,E,8,999.0,E,8,1.33,E,8,-9900,?,9,-9900,?,9,0.0,E,8,-9900,?,9,-9900,?,9,0.0,0.0,E,8
02/27/2016,11:00,1258.905,1393.419,439.92,1,8,31.149,1,8,411.78,1,8,52790.4,1,8,2959.165,1,8,45295.772,1,8,145.088,1,8,-9900,?,9,-9900,?,9,20.5,E,8,17.78,E,8,84.0,E,8,872.5394,E,8,999.0,E,8,1.33,E,8,-9900,?,9,-9900,?,9,0.0,E,8,-9900,?,9,-9900,?,9,0.0,0.0,E,8
02/27/2016,12:00,1347.763,1393.419,496.63,1,8,48.911,1,8,449.322,1,8,59595.6,1,8,4646.553,1,8,49425.471,1,8,147.872,1,8,-9900,?,9,-9900,?,9,21.21,E,8,18.15,E,8,82.0,E,8,872.5394,E,8,999.0,E,8,1.33,E,8,-9900,?,9,-9900,?,9,0.0,E,8,-9900,?,9,-9900,?,9,0.0,0.0,E,8
02/27/2016,13:00,1349.867,1393.419,516.63,1,8,54.828,1,8,463.517,1,8,61995.6,1,8,5208.653,1,8,50986.846,1,8,152.305,1,8,-9900,?,9,-9900,?,9,21.74,E,8,18.43,E,8,81.0,E,8,872.5394,E,8,999.0,E,8,1.33,E,8,-9900,?,9,-9900,?,9,0.0,E,8,-9900,?,9,-9900,?,9,0.0,0.0,E,8
02/27/2016,14:00,1265.057,1393.419,498.45,1,8,64.424,1,8,439.965,1,8,59814.0,1,8,6120.233,1,8,48396.139,1,8,154.265,1,8,-9900,?,9,-9900,?,9,22.07,E,8,18.6,E,8,80.0,E,8,872.5394,E,8,999.0,E,8,1.33,E,8,-9900,?,9,-9900,?,9,0.0,E,8,-9900,?,9,-9900,?,9,0.0,0.0,E,8
02/27/2016,15:00,1099.11,1393.419,443.4,1,8,58.041,1,8,397.626,1,8,53208.0,1,8,5513.877,1,8,43738.899,1,8,160.488,1,8,-9900,?,9,-9900,?,9,22.2,E,8,18.66,E,8,85.0,E,8,872.5394,E,8,999.0,E,8,1.33,E,8,-9900,?,9,-9900,?,9,0.003,E,8,-9900,?,9,-9900,?,9,0.03,99.0,E,8
02/27/2016,16:00,863.365,1393.419,355.54,1,8,63.388,1,8,316.283,1,8,42664.8,1,8,6021.822,1,8,34791.176,1,8,162.562,1,8,-9900,?,9,-9900,?,9,22.11,E,8,18.62,E,8,85.0,E,8,872.5394,E,8,999.0,E,8,1.33,E,8,-9900,?,9,-9900,?,9,0.001,E,8,-9900,?,9,-9900,?,9,0.01,99.0,E,8
02/27/2016,17:00,574.001,1393.419,241.77,1,8,138.365,1,8,184.854,1,8,29012.4,1,8,13144.671,1,8,20333.898,1,8,143.043,1,8,-9900,?,9,-9900,?,9,21.71,E,8,18.41,E,8,86.0,E,8,872.5394,E,8,999.0,E,8,1.33,E,8,-9900,?,9,-9900,?,9,0.086,E,8,-9900,?,9,-9900,?,9,0.86,99.0,E,8
02/27/2016,18:00,251.417,1393.419,113.19,1,8,309.687,1,8,57.777,1,8,13582.8,1,8,29420.308,1,8,6355.45,1,8,102.781,1,8,-9900,?,9,-9900,?,9,21.06,E,8,18.07,E,8,87.0,E,8,872.5394,E,8,999.0,E,8,1.33,E,8,-9900,?,9,-9900,?,9,0.005,E,8,-9900,?,9,-9900,?,9,0.05,99.0,E,8
02/27/2016,19:00,0.0,1393.419,5.39,1,8,0.0,1,8,0.0,1,8,646.8,1,8,0.0,1,8,0.0,1,8,-0.0,1,8,-9900,?,9,-9900,?,9,20.52,E,8,17.79,E,8,84.0,E,8,872.5394,E,8,999.0,E,8,1.33,E,8,-9900,?,9,-9900,?,9,0.0,E,8,-9900,?,9,-9900,?,9,0.0,0.0,E,8
02/27/2016,20:00,0.0,1393.419,0.0,1,8,0.0,1,8,0.0,1,8,0.0,1,8,0.0,1,8,0.0,1,8,-0.0,1,8,-9900,?,9,-9900,?,9,19.99,E,8,17.5,E,8,85.0,E,8,872.5394,E,8,999.0,E,8,1.33,E,8,-9900,?,9,-9900,?,9,0.0,E,8,-9900,?,9,-9900,?,9,0.0,0.0,E,8
02/27/2016,21:00,0.0,1393.419,0.0,1,8,0.0,1,8,0.0,1,8,0.0,1,8,0.0,1,8,0.0,1,8,-0.0,1,8,-9900,?,9,-9900,?,9,19.45,E,8,17.21,E,8,91.0,E,8,872.5394,E,8,999.0,E,8,1.33,E,8,-9900,?,9,-9900,?,9,0.002,E,8,-9900,?,9,-9900,?,9,0.02,99.0,E,8
02/27/2016,22:00,0.0,1393.419,0.0,1,8,0.0,1,8,0.0,1,8,0.0,1,8,0.0,1,8,0.0,1,8,-0.0,1,8,-9900,?,9,-9900,?,9,18.92,E,8,16.91,E,8,93.0,E,8,872.5394,E,8,999.0,E,8,1.33,E,8,-9900,?,9,-9900,?,9,0.001,E,8,-9900,?,9,-9900,?,9,0.01,99.0,E,8
02/27/2016,23:00,0.0,1393.419,0.0,1,8,0.0,1,8,0.0,1,8,0.0,1,8,0.0,1,8,0.0,1,8,-0.0,1,8,-9900,?,9,-9900,?,9,18.38,E,8,16.6,E,8,94.0,E,8,872.5394,E,8,999.0,E,8,1.33,E,8,-9900,?,9,-9900,?,9,0.001,E,8,-9900,?,9,-9900,?,9,0.01,99.0,E,8
02/27/2016,24:00,0.0,1393.419,0.0,1,8,0.0,1,8,0.0,1,8,0.0,1,8,0.0,1,8,0.0,1,8,-0.0,1,8,-9900,?,9,-9900,?,9,17.85,E,8,16.93,E,8,94.0,E,8,872.5394,E,8,999.0,E,8,0.68,E,8,-9900,?,9,-9900,?,9,0.0,E,8,-9900,?,9,-9900,?,9,0.0,0.0,E,8
02/28/2016,01:00,0.0,1393.419,0.0,1,8,0.0,1,8,0.0,1,8,0.0,1,8,0.0,1,8,0.0,1,8,-0.0,1,8,-9900,?,9,-9900,?,9,17.58,E,8,16.79,E,8,95.0,E,8,872.5394,E,8,999.0,E,8,0.68,E,8,-9900,?,9,-9900,?,9,0.0,E,8,-9900,?,9,-9900,?,9,0.0,0.0,E,8
02/28/2016,02:00,0.0,1393.419,0.0,1,8,0.0,1,8,0.0,1,8,0.0,1,8,0.0,1,8,0.0,1,8,-0.0,1,8,-9900,?,9,-9900,?,9,17.31,E,8,16.65,E,8,95.0,E,8,872.5394,E,8,999.0,E,8,0.68,E,8,-9900,?,9,-9900,?,9,0.0,E,8,-9900,?,9,-9900,?,9,0.0,0.0,E,8
02/28/2016,03:00,0.0,1393.419,0.0,1,8,0.0,1,8,0.0,1,8,0.0,1,8,0.0,1,8,0.0,1,8,-0.0,1,8,-9900,?,9,-9900,?,9,17.04,E,8,16.51,E,8,96.0,E,8,872.5394,E,8,999.0,E,8,0.68,E,8,-9900,?,9,-9900,?,9,0.0,E,8,-9900,?,9,-9900,?,9,0.0,0.0,E,8
02/28/2016,04:00,0.0,1392.731,0.0,1,8,0.0,1,8,0.0,1,8,0.0,1,8,0.0,1,8,0.0,1,8,-0.0,1,8,-9900,?,9,-9900,?,9,16.78,E,8,16.37,E,8,97.0,E,8,872.5394,E,8,999.0,E,8,0.68,E,8,-9900,?,9,-9900,?,9,0.0,E,8,-9900,?,9,-9900,?,9,0.0,0.0,E,8
02/28/2016,05:00,0.0,1392.731,0.0,1,8,0.0,1,8,0.0,1,8,0.0,1,8,0.0,1,8,0.0,1,8,-0.0,1,8,-9900,?,9,-9900,?,9,16.51,E,8,16.22,E,8,98.0,E,8,872.5394,E,8,999.0,E,8,0.68,E,8,-9900,?,9,-9900,?,9,0.0,E,8,-9900,?,9,-9900,?,9,0.0,0.0,E,8
02/28/2016,06:00,0.0,1392.731,0.0,1,8,0.0,1,8,0.0,1,8,0.0,1,8,0.0,1,8,0.0,1,8,-0.0,1,8,-9900,?,9,-9900,?,9,16.3,E,8,16.11,E,8,98.0,E,8,872.5394,E,8,999.0,E,8,0.68,E,8,-9900,?,9,-9900,?,9,0.0,E,8,-9900,?,9,-9900,?,9,0.0,0.0,E,8
02/28/2016,07:00,234.119,1392.731,3.09,1,8,0.0,1,8,3.09,1,8,370.8,1,8,0.0,1,8,339.9,1,8,5.908,1,8,-9900,?,9,-9900,?,9,16.13,E,8,16.02,E,8,99.0,E,8,872.5394,E,8,999.0,E,8,0.68,E,8,-9900,?,9,-9900,?,9,0.0,E,8,-9900,?,9,-9900,?,9,0.0,0.0,E,8
02/28/2016,08:00,557.432,1392.731,103.69,1,8,0.0,1,8,103.69,1,8,12442.8,1,8,0.0,1,8,11405.9,1,8,82.59,1,8,-9900,?,9,-9900,?,9,15.95,E,8,15.92,E,8,99.0,E,8,872.5394,E,8,999.0,E,8,0.68,E,8,-9900,?,9,-9900,?,9,0.0,E,8,-9900,?,9,-9900,?,9,0.0,0.0,E,8
02/28/2016,09:00,848.662,1392.731,408.61,1,8,189.553,1,8,293.163,1,8,49033.2,1,8,18007.534,1,8,32247.929,1,8,153.217,1,8,-9900,?,9,-9900,?,9,20.44,E,8,18.23,E,8,87.0,E,8,872.5394,E,8,999.0,E,8,0.68,E,8,-9900,?,9,-9900,?,9,0.0,E,8,-9900,?,9,-9900,?,9,0.0,0.0,E,8
02/28/2016,10:00,1087.171,1392.731,347.79,1,8,30.604,1,8,323.905,1,8,41734.8,1,8,2907.367,1,8,35629.552,1,8,132.105,1,8,-9900,?,9,-9900,?,9,20.97,E,8,18.48,E,8,85.0,E,8,872.5394,E,8,999.0,E,8,0.68,E,8,-9900,?,9,-9900,?,9,0.0,E,8,-9900,?,9,-9900,?,9,0.0,0.0,E,8
02/28/2016,11:00,1256.55,1392.731,346.5,1,8,12.271,1,8,335.43,1,8,41580.0,1,8,1165.712,1,8,36897.29,1,8,118.35,1,8,-9900,?,9,-9900,?,9,21.24,E,8,18.61,E,8,84.0,E,8,872.5394,E,8,999.0,E,8,0.96,E,8,-9900,?,9,-9900,?,9,0.0,E,8,-9900,?,9,-9900,?,9,0.0,0.0,E,8
02/28/2016,12:00,1345.199,1392.731,482.63,1,8,41.109,1,8,442.925,1,8,57915.6,1,8,3905.311,1,8,48721.782,1,8,145.972,1,8,-9900,?,9,-9900,?,9,21.87,E,8,18.9,E,8,83.0,E,8,872.5394,E,8,999.0,E,8,1.7,E,8,-9900,?,9,-9900,?,9,0.0,E,8,-9900,?,9,-9900,?,9,0.0,0.0,E,8
02/28/2016,13:00,1347.042,1392.731,502.0,1,8,49.959,1,8,453.681,1,8,60240.0,1,8,4746.06,1,8,49904.95,1,8,149.312,1,8,-9900,?,9,-9900,?,9,22.35,E,8,19.12,E,8,81.0,E,8,872.5394,E,8,999.0,E,8,2.47,E,8,-9900,?,9,-9900,?,9,0.0,E,8,-9900,?,9,-9900,?,9,0.0,0.0,E,8
02/28/2016,14:00,1261.937,1392.731,484.18,1,8,58.534,1,8,431.146,1,8,58101.6,1,8,5560.77,1,8,47426.063,1,8,151.472,1,8,-9900,?,9,-9900,?,9,22.65,E,8,19.26,E,8,81.0,E,8,872.5394,E,8,999.0,E,8,3.59,E,8,-9900,?,9,-9900,?,9,0.0,E,8,-9900,?,9,-9900,?,9,0.0,0.0,E,8
02/28/2016,15:00,1095.685,1392.731,430.46,1,8,52.981,1,8,388.787,1,8,51655.2,1,8,5033.167,1,8,42766.537,1,8,157.334,1,8,-9900,?,9,-9900,?,9,22.75,E,8,19.31,E,8,80.0,E,8,872.5394,E,8,999.0,E,8,4.86,E,8,-9900,?,9,-9900,?,9,0.0,E,8,-9900,?,9,-9900,?,9,0.0,0.0,E,8
02/28/2016,16:00,859.643,1392.731,344.81,1,8,57.038,1,8,309.621,1,8,41377.2,1,8,5418.614,1,8,34058.294,1,8,159.748,1,8,-9900,?,9,-9900,?,9,22.61,E,8,19.24,E,8,81.0,E,8,872.5394,E,8,999.0,E,8,4.03,E,8,-9900,?,9,-9900,?,9,0.0,E,8,-9900,?,9,-9900,?,9,0.0,0.0,E,8
02/28/2016,17:00,570.014,1392.731,233.94,1,8,141.373,1,8,176.163,1,8,28072.8,1,8,13430.462,1,8,19377.904,1,8,137.207,1,8,-9900,?,9,-9900,?,9,22.16,E,8,19.04,E,8,82.0,E,8,872.5394,E,8,999.0,E,8,2.34,E,8,-9900,?,9,-9900,?,9,0.0,E,8,-9900,?,9,-9900,?,9,0.0,0.0,E,8
02/28/2016,18:00,247.236,1392.731,138.436,1,8,418.804,1,8,64.728,1,8,16612.32,1,8,39786.418,1,8,7120.122,1,8,117.07,1,8,-9900,?,9,-9900,?,9,21.602,E,8,18.774,E,8,83.6,E,8,872.5394,E,8,999.0,E,8,1.79,E,8,-9900,?,9,-9900,?,9,0.0,E,8,-9900,?,9,-9900,?,9,0.0,0.0,E,8
02/28/2016,19:00,0.0,1392.731,69.474,1,8,0.0,1,8,0.0,1,8,8336.88,1,8,0.0,1,8,0.0,1,8,-0.0,1,8,-9900,?,9,-9900,?,9,21.144,E,8,18.56,E,8,84.8,E,8,872.5394,E,8,999.0,E,8,1.12,E,8,-9900,?,9,-9900,?,9,0.0,E,8,-9900,?,9,-9900,?,9,0.0,0.0,E,8
02/28/2016,20:00,0.0,1392.731,22.686,1,8,0.0,1,8,0.0,1,8,2722.32,1,8,0.0,1,8,0.0,1,8,-0.0,1,8,-9900,?,9,-9900,?,9,20.7,E,8,18.35,E,8,86.0,E,8,872.5394,E,8,999.0,E,8,0.788,E,8,-9900,?,9,-9900,?,9,0.0,E,8,-9900,?,9,-9900,?,9,0.0,0.0,E,8
02/28/2016,21:00,0.0,1392.731,0.936,1,8,0.0,1,8,0.0,1,8,112.32,1,8,0.0,1,8,0.0,1,8,-0.0,1,8,-9900,?,9,-9900,?,9,20.32,E,8,18.168,E,8,87.0,E,8,872.5394,E,8,999.0,E,8,0.68,E,8,-9900,?,9,-9900,?,9,0.0,E,8,-9900,?,9,-9900,?,9,0.0,0.0,E,8
02/28/2016,22:00,0.0,1392.731,0.0,1,8,0.0,1,8,0.0,1,8,0.0,1,8,0.0,1,8,0.0,1,8,-0.0,1,8,-9900,?,9,-9900,?,9,19.6,E,8,17.47,E,8,87.0,E,8,872.5394,E,8,999.0,E,8,0.746,E,8,-9900,?,9,-9900,?,9,0.0,E,8,-9900,?,9,-9900,?,9,0.0,0.0,E,8
02/28/2016,23:00,0.0,1392.731,0.0,1,8,0.0,1,8,0.0,1,8,0.0,1,8,0.0,1,8,0.0,1,8,-0.0,1,8,-9900,?,9,-9900,?,9,18.86,E,8,16.764,E,8,87.2,E,8,872.5394,E,8,999.0,E,8,0.812,E,8,-9900,?,9,-9900,?,9,0.0,E,8,-9900,?,9,-9900,?,9,0.0,0.0,E,8
02/29/2020,24:00,0.0,1392.035,0.0,1,8,0.0,1,8,0.0,1,8,0.0,1,8,0.0,1,8,0.0,1,8,-0.0,1,8,-9900,?,9,-9900,?,9,18.1,E,8,16.05,E,8,87.4,E,8,872.5394,E,8,999.0,E,8,0.878,E,8,-9900,?,9,-9900,?,9,0.0,E,8,-9900,?,9,-9900,?,9,0.0,0.0,E,8
03/01/2020,01:00,0.0,1392.035,0.0,1,8,0.0,1,8,0.0,1,8,0.0,1,8,0.0,1,8,0.0,1,8,-0.0,1,8,-9900,?,9,-9900,?,9,17.32,E,8,15.328,E,8,87.6,E,8,872.5394,E,8,999.0,E,8,0.944,E,8,-9900,?,9,-9900,?,9,0.0,E,8,-9900,?,9,-9900,?,9,0.0,0.0,E,8
03/01/2020,02:00,0.0,1392.035,0.0,1,8,0.0,1,8,0.0,1,8,0.0,1,8,0.0,1,8,0.0,1,8,-0.0,1,8,-9900,?,9,-9900,?,9,16.52,E,8,14.598,E,8,88.0,E,8,872.5394,E,8,999.0,E,8,1.01,E,8,-9900,?,9,-9900,?,9,0.0,E,8,-9900,?,9,-9900,?,9,0.0,0.0,E,8
03/01/2020,03:00,0.0,1392.035,0.0,1,8,0.0,1,8,0.0,1,8,0.0,1,8,0.0,1,8,0.0,1,8,-0.0,1,8,-9900,?,9,-9900,?,9,16.04,E,8,14.374,E,8,89.4,E,8,872.5394,E,8,999.0,E,8,1.01,E,8,-9900,?,9,-9900,?,9,0.0,E,8,-9900,?,9,-9900,?,9,0.0,0.0,E,8
03/01/2020,04:00,0.0,1391.331,0.0,1,8,0.0,1,8,0.0,1,8,0.0,1,8,0.0,1,8,0.0,1,8,-0.0,1,8,-9900,?,9,-9900,?,9,15.582,E,8,14.158,E,8,90.6,E,8,872.5394,E,8,999.0,E,8,1.01,E,8,-9900,?,9,-9900,?,9,0.0,E,8,-9900,?,9,-9900,?,9,0.0,0.0,E,8
03/01/2020,05:00,0.0,1391.331,0.542,1,8,0.0,1,8,0.0,1,8,65.04,1,8,0.0,1,8,0.0,1,8,-0.0,1,8,-9900,?,9,-9900,?,9,15.158,E,8,13.956,E,8,91.8,E,8,872.5394,E,8,999.0,E,8,1.01,E,8,-9900,?,9,-9900,?,9,0.0,E,8,-9900,?,9,-9900,?,9,0.0,0.0,E,8
03/01/2020,06:00,0.0,1391.331,0.0,1,8,0.0,1,8,0.0,1,8,0.0,1,8,0.0,1,8,0.0,1,8,-0.0,1,8,-9900,?,9,-9900,?,9,14.71,E,8,13.74,E,8,93.0,E,8,872.5394,E,8,999.0,E,8,1.01,E,8,-9900,?,9,-9900,?,9,0.0,E,8,-9900,?,9,-9900,?,9,0.0,0.0,E,8
03/01/2020,07:00,229.561,1391.331,2.71,1,8,0.0,1,8,2.71,1,8,325.2,1,8,0.0,1,8,298.1,1,8,5.281,1,8,-9900,?,9,-9900,?,9,14.4,E,8,13.59,E,8,94.0,E,8,872.5394,E,8,999.0,E,8,1.01,E,8,-9900,?,9,-9900,?,9,0.0,E,8,-9900,?,9,-9900,?,9,0.0,0.0,E,8
03/01/2020,08:00,552.982,1391.331,104.65,1,8,0.0,1,8,104.65,1,8,12558.0,1,8,0.0,1,8,11511.5,1,8,83.943,1,8,-9900,?,9,-9900,?,9,14.08,E,8,13.43,E,8,95.0,E,8,872.5394,E,8,999.0,E,8,1.01,E,8,-9900,?,9,-9900,?,9,0.0,E,8,-9900,?,9,-9900,?,9,0.0,0.0,E,8
03/01/2020,09:00,844.19,1391.331,232.88,1,8,21.251,1,8,219.992,1,8,27945.6,1,8,2018.848,1,8,24199.168,1,8,115.469,1,8,-9900,?,9,-9900,?,9,17.82,E,8,15.2,E,8,84.0,E,8,872.5394,E,8,999.0,E,8,1.01,E,8,-9900,?,9,-9900,?,9,0.0,E,8,-9900,?,9,-9900,?,9,0.0,0.0,E,8
03/01/2020,10:00,1082.521,1391.331,347.1,1,8,16.46,1,8,334.296,1,8,41652.0,1,8,1563.734,1,8,36772.508,1,8,136.791,1,8,-9900,?,9,-9900,?,9,19.13,E,8,15.77,E,8,80.0,E,8,872.5394,E,8,999.0,E,8,1.01,E,8,-9900,?,9,-9900,?,9,0.0,E,8,-9900,?,9,-9900,?,9,0.0,0.0,E,8
03/01/2020,11:00,1251.579,1391.331,435.84,1,8,20.052,1,8,417.803,1,8,52300.8,1,8,1904.947,1,8,45958.364,1,8,147.851,1,8,-9900,?,9,-9900,?,9,20.28,E,8,16.26,E,8,77.0,E,8,872.5394,E,8,999.0,E,8,1.01,E,8,-9900,?,9,-9900,?,9,0.0,E,8,-9900,?,9,-9900,?,9,0.0,0.0,E,8
03/01/2020,12:00,1339.782,1391.331,492.1,1,8,42.085,1,8,451.576,1,8,59052.0,1,8,3998.034,1,8,49673.315,1,8,149.275,1,8,-9900,?,9,-9900,?,9,21.22,E,8,16.65,E,8,75.0,E,8,872.5394,E,8,999.0,E,8,1.01,E,8,-9900,?,9,-9900,?,9,0.0,E,8,-9900,?,9,-9900,?,9,0.0,0.0,E,8
03/01/2020,13:00,1341.088,1391.331,511.71,1,8,54.373,1,8,459.302,1,8,61405.2,1,8,5165.401,1,8,50523.219,1,8,151.681,1,8,-9900,?,9,-9900,?,9,21.92,E,8,16.94,E,8,73.0,E,8,872.5394,E,8,999.0,E,8,1.44,E,8,-9900,?,9,-9900,?,9,0.0,E,8,-9900,?,9,-9900,?,9,0.0,0.0,E,8
03/01/2020,14:00,1255.392,1391.331,493.23,1,8,64.131,1,8,435.369,1,8,59187.6,1,8,6092.432,1,8,47890.578,1,8,153.599,1,8,-9900,?,9,-9900,?,9,22.36,E,8,17.12,E,8,72.0,E,8,872.5394,E,8,999.0,E,8,2.23,E,8,-9900,?,9,-9900,?,9,0.0,E,8,-9900,?,9,-9900,?,9,0.0,0.0,E,8
03/01/2020,15:00,1088.533,1391.331,437.99,1,8,57.756,1,8,392.812,1,8,52558.8,1,8,5486.846,1,8,43209.291,1,8,159.847,1,8,-9900,?,9,-9900,?,9,22.53,E,8,17.18,E,8,71.0,E,8,872.5394,E,8,999.0,E,8,2.25,E,8,-9900,?,9,-9900,?,9,0.0,E,8,-9900,?,9,-9900,?,9,0.0,0.0,E,8
03/01/2020,16:00,851.914,1391.331,350.09,1,8,63.362,1,8,311.312,1,8,42010.8,1,8,6019.379,1,8,34244.364,1,8,161.917,1,8,-9900,?,9,-9900,?,9,22.4,E,8,17.13,E,8,72.0,E,8,872.5394,E,8,999.0,E,8,1.18,E,8,-9900,?,9,-9900,?,9,0.0,E,8,-9900,?,9,-9900,?,9,0.0,0.0,E,8
03/01/2020,17:00,561.781,1391.331,236.42,1,8,139.669,1,8,180.11,1,8,28370.4,1,8,13268.583,1,8,19812.072,1,8,142.2,1,8,-9900,?,9,-9900,?,9,21.87,E,8,16.92,E,8,73.0,E,8,872.5394,E,8,999.0,E,8,1.01,E,8,-9900,?,9,-9900,?,9,0.0,E,8,-9900,?,9,-9900,?,9,0.0,0.0,E,8
03/01/2020,18:00,238.648,1391.331,108.25,1,8,293.803,1,8,58.318,1,8,12990.0,1,8,27911.307,1,8,6414.986,1,8,109.227,1,8,-9900,?,9,-9900,?,9,20.99,E,8,16.56,E,8,80.0,E,8,872.5394,E,8,999.0,E,8,1.01,E,8,-9900,?,9,-9900,?,9,0.094,E,8,-9900,?,9,-9900,?,9,0.94,99.0,E,8
03/01/2020,19:00,0.0,1391.331,3.7,1,8,0.0,1,8,0.0,1,8,444.0,1,8,0.0,1,8,0.0,1,8,-0.0,1,8,-9900,?,9,-9900,?,9,20.26,E,8,16.25,E,8,82.0,E,8,872.5394,E,8,999.0,E,8,1.01,E,8,-9900,?,9,-9900,?,9,0.004,E,8,-9900,?,9,-9900,?,9,0.04,99.0,E,8
03/01/2020,20:00,0.0,1391.331,0.0,1,8,0.0,1,8,0.0,1,8,0.0,1,8,0.0,1,8,0.0,1,8,-0.0,1,8,-9900,?,9,-9900,?,9,19.54,E,8,15.95,E,8,84.0,E,8,872.5394,E,8,999.0,E,8,1.01,E,8,-9900,?,9,-9900,?,9,0.001,E,8,-9900,?,9,-9900,?,9,0.01,99.0,E,8
03/01/2020,21:00,0.0,1391.331,0.0,1,8,0.0,1,8,0.0,1,8,0.0,1,8,0.0,1,8,0.0,1,8,-0.0,1,8,-9900,?,9,-9900,?,9,18.81,E,8,15.63,E,8,86.0,E,8,872.5394,E,8,999.0,E,8,1.01,E,8,-9900,?,9,-9900,?,9,0.001,E,8,-9900,?,9,-9900,?,9,0.01,99.0,E,8
03/01/2020,22:00,0.0,1391.331,0.0,1,8,0.0,1,8,0.0,1,8,0.0,1,8,0.0,1,8,0.0,1,8,-0.0,1,8,-9900,?,9,-9900,?,9,18.08,E,8,15.31,E,8,83.0,E,8,872.5394,E,8,999.0,E,8,1.01,E,8,-9900,?,9,-9900,?,9,0.0,E,8,-9900,?,9,-9900,?,9,0.0,0.0,E,8
03/01/2020,23:00,0.0,1391.331,0.0,1,8,0.0,1,8,0.0,1,8,0.0,1,8,0.0,1,8,0.0,1,8,-0.0,1,8,-9900,?,9,-9900,?,9,17.35,E,8,14.98,E,8,85.0,E,8,872.5394,E,8,999.0,E,8,1.01,E,8,-9900,?,9,-9900,?,9,0.0,E,8,-9900,?,9,-9900,?,9,0.0,0.0,E,8
03/01/2020,24:00,0.0,1391.331,0.0,1,8,0.0,1,8,0.0,1,8,0.0,1,8,0.0,1,8,0.0,1,8,-0.0,1,8,-9900,?,9,-9900,?,9,16.62,E,8,13.98,E,8,84.0,E,8,872.5394,E,8,999.0,E,8,0.68,E,8,-9900,?,9,-9900,?,9,0.0,E,8,-9900,?,9,-9900,?,9,0.0,0.0,E,8
03/02/2020,01:00,0.0,1391.331,0.0,1,8,0.0,1,8,0.0,1,8,0.0,1,8,0.0,1,8,0.0,1,8,-0.0,1,8,-9900,?,9,-9900,?,9,16.26,E,8,13.86,E,8,85.0,E,8,872.5394,E,8,999.0,E,8,0.68,E,8,-9900,?,9,-9900,?,9,0.0,E,8,-9900,?,9,-9900,?,9,0.0,0.0,E,8
03/02/2020,02:00,0.0,1391.331,0.0,1,8,0.0,1,8,0.0,1,8,0.0,1,8,0.0,1,8,0.0,1,8,-0.0,1,8,-9900,?,9,-9900,?,9,15.89,E,8,13.73,E,8,86.0,E,8,872.5394,E,8,999.0,E,8,0.68,E,8,-9900,?,9,-9900,?,9,0.0,E,8,-9900,?,9,-9900,?,9,0.0,0.0,E,8
03/02/2020,03:00,0.0,1391.331,0.0,1,8,0.0,1,8,0.0,1,8,0.0,1,8,0.0,1,8,0.0,1,8,-0.0,1,8,-9900,?,9,-9900,?,9,15.53,E,8,13.6,E,8,88.0,E,8,872.5394,E,8,999.0,E,8,0.68,E,8,-9900,?,9,-9900,?,9,0.0,E,8,-9900,?,9,-9900,?,9,0.0,0.0,E,8
03/02/2020,04:00,0.0,1390.62,0.0,1,8,0.0,1,8,0.0,1,8,0.0,1,8,0.0,1,8,0.0,1,8,-0.0,1,8,-9900,?,9,-9900,?,9,15.17,E,8,13.47,E,8,89.0,E,8,872.5394,E,8,999.0,E,8,0.68,E,8,-9900,?,9,-9900,?,9,0.0,E,8,-9900,?,9,-9900,?,9,0.0,0.0,E,8
03/02/2020,05:00,0.0,1390.62,0.0,1,8,0.0,1,8,0.0,1,8,0.0,1,8,0.0,1,8,0.0,1,8,-0.0,1,8,-9900,?,9,-9900,?,9,14.8,E,8,13.34,E,8,90.0,E,8,872.5394,E,8,999.0,E,8,0.68,E,8,-9900,?,9,-9900,?,9,0.0,E,8,-9900,?,9,-9900,?,9,0.0,0.0,E,8
03/02/2020,06:00,0.0,1390.62,0.0,1,8,0.0,1,8,0.0,1,8,0.0,1,8,0.0,1,8,0.0,1,8,-0.0,1,8,-9900,?,9,-9900,?,9,14.52,E,8,13.24,E,8,92.0,E,8,872.5394,E,8,999.0,E,8,0.68,E,8,-9900,?,9,-9900,?,9,0.0,E,8,-9900,?,9,-9900,?,9,0.0,0.0,E,8
03/02/2020,07:00,227.405,1390.62,45.5,1,8,0.0,1,8,45.5,1,8,5460.0,1,8,0.0,1,8,5005.0,1,8,89.469,1,8,-9900,?,9,-9900,?,9,14.28,E,8,13.15,E,8,92.0,E,8,872.5394,E,8,999.0,E,8,0.68,E,8,-9900,?,9,-9900,?,9,0.0,E,8,-9900,?,9,-9900,?,9,0.0,0.0,E,8
03/02/2020,08:00,550.846,1390.62,427.89,1,8,544.055,1,8,212.719,1,8,51346.8,1,8,51685.197,1,8,23399.044,1,8,171.204,1,8,-9900,?,9,-9900,?,9,14.04,E,8,13.06,E,8,93.0,E,8,872.5394,E,8,999.0,E,8,0.68,E,8,-9900,?,9,-9900,?,9,0.0,E,8,-9900,?,9,-9900,?,9,0.0,0.0,E,8
03/02/2020,09:00,842.004,1390.62,675.82,1,8,546.868,1,8,344.866,1,8,81098.4,1,8,51952.472,1,8,37935.233,1,8,181.391,1,8,-9900,?,9,-9900,?,9,23.17,E,8,16.11,E,8,64.0,E,8,872.5394,E,8,999.0,E,8,0.68,E,8,-9900,?,9,-9900,?,9,0.0,E,8,-9900,?,9,-9900,?,9,0.0,0.0,E,8
03/02/2020,10:00,1080.206,1390.62,496.95,1,8,179.04,1,8,357.903,1,8,59634.0,1,8,17008.764,1,8,39369.277,1,8,146.69,1,8,-9900,?,9,-9900,?,9,22.65,E,8,15.95,E,8,65.0,E,8,872.5394,E,8,999.0,E,8,0.68,E,8,-9900,?,9,-9900,?,9,0.0,E,8,-9900,?,9,-9900,?,9,0.0,0.0,E,8
03/02/2020,11:00,1249.063,1390.62,356.13,1,8,10.633,1,8,346.58,1,8,42735.6,1,8,1010.092,1,8,38123.85,1,8,122.831,1,8,-9900,?,9,-9900,?,9,21.41,E,8,15.56,E,8,69.0,E,8,872.5394,E,8,999.0,E,8,1.49,E,8,-9900,?,9,-9900,?,9,0.0,E,8,-9900,?,9,-9900,?,9,0.0,0.0,E,8
03/02/2020,12:00,1337.009,1390.62,482.15,1,8,34.627,1,8,448.858,1,8,57858.0,1,8,3289.598,1,8,49374.426,1,8,148.609,1,8,-9900,?,9,-9900,?,9,21.37,E,8,15.55,E,8,69.0,E,8,872.5394,E,8,999.0,E,8,1.93,E,8,-9900,?,9,-9900,?,9,0.0,E,8,-9900,?,9,-9900,?,9,0.0,0.0,E,8
03/02/2020,13:00,1338.016,1390.62,638.83,1,8,124.171,1,8,519.359,1,8,76659.6,1,8,11796.264,1,8,57129.458,1,8,171.82,1,8,-9900,?,9,-9900,?,9,22.08,E,8,15.77,E,8,67.0,E,8,872.5394,E,8,999.0,E,8,2.6,E,8,-9900,?,9,-9900,?,9,0.0,E,8,-9900,?,9,-9900,?,9,0.0,0.0,E,8
03/02/2020,14:00,1252.002,1390.62,596.2,1,8,167.344,1,8,445.547,1,8,71544.0,1,8,15897.726,1,8,49010.156,1,8,157.535,1,8,-9900,?,9,-9900,?,9,22.41,E,8,15.87,E,8,66.0,E,8,872.5394,E,8,999.0,E,8,2.27,E,8,-9900,?,9,-9900,?,9,0.0,E,8,-9900,?,9,-9900,?,9,0.0,0.0,E,8
03/02/2020,15:00,1084.829,1390.62,540.98,1,8,201.672,1,8,383.684,1,8,64917.6,1,8,19158.846,1,8,42205.288,1,8,156.586,1,8,-9900,?,9,-9900,?,9,22.47,E,8,15.89,E,8,66.0,E,8,872.5394,E,8,999.0,E,8,2.94,E,8,-9900,?,9,-9900,?,9,0.0,E,8,-9900,?,9,-9900,?,9,0.0,0.0,E,8
03/02/2020,16:00,847.92,1390.62,582.69,1,8,497.294,1,8,279.619,1,8,69922.8,1,8,47242.885,1,8,30758.122,1,8,146.045,1,8,-9900,?,9,-9900,?,9,22.64,E,8,15.94,E,8,65.0,E,8,872.5394,E,8,999.0,E,8,2.41,E,8,-9900,?,9,-9900,?,9,0.0,E,8,-9900,?,9,-9900,?,9,0.0,0.0,E,8
03/02/2020,17:00,557.545,1390.62,122.55,1,8,0.0,1,8,122.55,1,8,14706.0,1,8,0.0,1,8,13480.5,1,8,97.444,1,8,-9900,?,9,-9900,?,9,21.49,E,8,15.59,E,8,69.0,E,8,872.5394,E,8,999.0,E,8,1.63,E,8,-9900,?,9,-9900,?,9,0.0,E,8,-9900,?,9,-9900,?,9,0.0,0.0,E,8
03/02/2020,18:00,234.257,1390.62,145.26,1,8,352.973,1,8,86.365,1,8,17431.2,1,8,33532.441,1,8,9500.205,1,8,164.762,1,8,-9900,?,9,-9900,?,9,20.6,E,8,15.3,E,8,71.0,E,8,872.5394,E,8,999.0,E,8,1.13,E,8,-9900,?,9,-9900,?,9,0.0,E,8,-9900,?,9,-9900,?,9,0.0,0.0,E,8
03/02/2020,19:00,0.0,1390.62,4.37,1,8,0.0,1,8,0.0,1,8,524.4,1,8,0.0,1,8,0.0,1,8,-0.0,1,8,-9900,?,9,-9900,?,9,19.88,E,8,15.07,E,8,73.0,E,8,872.5394,E,8,999.0,E,8,0.68,E,8,-9900,?,9,-9900,?,9,0.0,E,8,-9900,?,9,-9900,?,9,0.0,0.0,E,8
03/02/2020,20:00,0.0,1390.62,0.0,1,8,0.0,1,8,0.0,1,8,0.0,1,8,0.0,1,8,0.0,1,8,-0.0,1,8,-9900,?,9,-9900,?,9,19.16,E,8,14.84,E,8,76.0,E,8,872.5394,E,8,999.0,E,8,0.68,E,8,-9900,?,9,-9900,?,9,0.0,E,8,-9900,?,9,-9900,?,9,0.0,0.0,E,8
03/02/2020,21:00,0.0,1390.62,0.0,1,8,0.0,1,8,0.0,1,8,0.0,1,8,0.0,1,8,0.0,1,8,-0.0,1,8,-9900,?,9,-9900,?,9,18.44,E,8,14.6,E,8,78.0,E,8,872.5394,E,8,999.0,E,8,0.68,E,8,-9900,?,9,-9900,?,9,0.0,E,8,-9900,?,9,-9900,?,9,0.0,0.0,E,8
03/02/2020,22:00,0.0,1390.62,0.0,1,8,0.0,1,8,0.0,1,8,0.0,1,8,0.0,1,8,0.0,1,8,-0.0,1,8,-9900,?,9,-9900,?,9,17.72,E,8,14.36,E,8,80.0,E,8,872.5394,E,8,999.0,E,8,0.68,E,8,-9900,?,9,-9900,?,9,0.0,E,8,-9900,?,9,-9900,?,9,0.0,0.0,E,8
03/02/2020,23:00,0.0,1390.62,0.0,1,8,0.0,1,8,0.0,1,8,0.0,1,8,0.0,1,8,0.0,1,8,-0.0,1,8,-9900,?,9,-9900,?,9,17.0,E,8,14.11,E,8,83.0,E,8,872.5394,E,8,999.0,E,8,0.68,E,8,-9900,?,9,-9900,?,9,0.0,E,8,-9900,?,9,-9900,?,9,0.0,0.0,E,8
03/02/2020,24:00,0.0,1390.62,0.0,1,8,0.0,1,8,0.0,1,8,0.0,1,8,0.0,1,8,0.0,1,8,-0.0,1,8,-9900,?,9,-9900,?,9,16.28,E,8,12.95,E,8,80.0,E,8,872.5394,E,8,999.0,E,8,0.48,E,8,-9900,?,9,-9900,?,9,0.0,E,8,-9900,?,9,-9900,?,9,0.0,0.0,E,8
03/03/2020,01:00,0.0,1390.62,0.0,1,8,0.0,1,8,0.0,1,8,0.0,1,8,0.0,1,8,0.0,1,8,-0.0,1,8,-9900,?,9,-9900,?,9,15.92,E,8,12.9,E,8,82.0,E,8,872.5394,E,8,999.0,E,8,0.48,E,8,-9900,?,9,-9900,?,9,0.0,E,8,-9900,?,9,-9900,?,9,0.0,0.0,E,8
03/03/2020,02:00,0.0,1390.62,0.0,1,8,0.0,1,8,0.0,1,8,0.0,1,8,0.0,1,8,0.0,1,8,-0.0,1,8,-9900,?,9,-9900,?,9,15.56,E,8,12.84,E,8,83.0,E,8,872.5394,E,8,999.0,E,8,0.48,E,8,-9900,?,9,-9900,?,9,0.0,E,8,-9900,?,9,-9900,?,9,0.0,0.0,E,8
03/03/2020,03:00,0.0,1390.62,0.0,1,8,0.0,1,8,0.0,1,8,0.0,1,8,0.0,1,8,0.0,1,8,-0.0,1,8,-9900,?,9,-9900,?,9,15.2,E,8,12.79,E,8,85.0,E,8,872.5394,E,8,999.0,E,8,0.48,E,8,-9900,?,9,-9900,?,9,0.0,E,8,-9900,?,9,-9900,?,9,0.0,0.0,E,8
03/03/2020,04:00,0.0,1389.903,0.0,1,8,0.0,1,8,0.0,1,8,0.0,1,8,0.0,1,8,0.0,1,8,-0.0,1,8,-9900,?,9,-9900,?,9,14.84,E,8,12.73,E,8,87.0,E,8,872.5394,E,8,999.0,E,8,0.48,E,8,-9900,?,9,-9900,?,9,0.0,E,8,-9900,?,9,-9900,?,9,0.0,0.0,E,8
03/03/2020,05:00,0.0,1389.903,0.0,1,8,0.0,1,8,0.0,1,8,0.0,1,8,0.0,1,8,0.0,1,8,-0.0,1,8,-9900,?,9,-9900,?,9,14.48,E,8,12.67,E,8,88.0,E,8,872.5394,E,8,999.0,E,8,0.48,E,8,-9900,?,9,-9900,?,9,0.0,E,8,-9900,?,9,-9900,?,9,0.0,0.0,E,8
03/03/2020,06:00,0.0,1389.903,0.0,1,8,0.0,1,8,0.0,1,8,0.0,1,8,0.0,1,8,0.0,1,8,-0.0,1,8,-9900,?,9,-9900,?,9,14.2,E,8,12.63,E,8,90.0,E,8,872.5394,E,8,999.0,E,8,0.48,E,8,-9900,?,9,-9900,?,9,0.0,E,8,-9900,?,9,-9900,?,9,0.0,0.0,E,8
03/03/2020,07:00,225.274,1389.903,6.36,1,8,0.0,1,8,6.36,1,8,763.2,1,8,0.0,1,8,699.6,1,8,12.62,1,8,-9900,?,9,-9900,?,9,13.96,E,8,12.59,E,8,91.0,E,8,872.5394,E,8,999.0,E,8,0.48,E,8,-9900,?,9,-9900,?,9,0.0,E,8,-9900,?,9,-9900,?,9,0.0,0.0,E,8
03/03/2020,08:00,548.717,1389.903,212.17,1,8,91.4,1,8,176.143,1,8,25460.4,1,8,8683.007,1,8,19375.753,1,8,142.245,1,8,-9900,?,9,-9900,?,9,13.72,E,8,12.56,E,8,92.0,E,8,872.5394,E,8,999.0,E,8,0.48,E,8,-9900,?,9,-9900,?,9,0.0,E,8,-9900,?,9,-9900,?,9,0.0,0.0,E,8
03/03/2020,09:00,839.804,1389.903,452.13,1,8,261.463,1,8,294.23,1,8,54255.6,1,8,24838.975,1,8,32365.295,1,8,155.083,1,8,-9900,?,9,-9900,?,9,18.74,E,8,13.33,E,8,70.0,E,8,872.5394,E,8,999.0,E,8,0.48,E,8,-9900,?,9,-9900,?,9,0.0,E,8,-9900,?,9,-9900,?,9,0.0,0.0,E,8
03/03/2020,10:00,1077.857,1389.903,673.2,1,8,429.946,1,8,339.846,1,8,80784.0,1,8,40844.825,1,8,37383.069,1,8,139.521,1,8,-9900,?,9,-9900,?,9,20.46,E,8,13.58,E,8,64.0,E,8,872.5394,E,8,999.0,E,8,0.48,E,8,-9900,?,9,-9900,?,9,0.0,E,8,-9900,?,9,-9900,?,9,0.0,0.0,E,8
03/03/2020,11:00,1246.495,1389.903,843.67,1,8,450.478,1,8,439.701,1,8,101240.4,1,8,42795.379,1,8,48367.063,1,8,156.074,1,8,-9900,?,9,-9900,?,9,21.96,E,8,13.8,E,8,59.0,E,8,872.5394,E,8,999.0,E,8,1.34,E,8,-9900,?,9,-9900,?,9,0.0,E,8,-9900,?,9,-9900,?,9,0.0,0.0,E,8
03/03/2020,12:00,1334.166,1389.903,945.86,1,8,506.979,1,8,459.224,1,8,113503.2,1,8,48162.983,1,8,50514.606,1,8,152.286,1,8,-9900,?,9,-9900,?,9,23.17,E,8,13.98,E,8,56.0,E,8,872.5394,E,8,999.0,E,8,1.44,E,8,-9900,?,9,-9900,?,9,0.0,E,8,-9900,?,9,-9900,?,9,0.0,0.0,E,8
03/03/2020,13:00,1334.864,1389.903,986.24,1,8,592.711,1,8,417.014,1,8,118348.8,1,8,56307.519,1,8,45871.56,1,8,138.216,1,8,-9900,?,9,-9900,?,9,24.08,E,8,14.11,E,8,53.0,E,8,872.5394,E,8,999.0,E,8,2.01,E,8,-9900,?,9,-9900,?,9,0.0,E,8,-9900,?,9,-9900,?,9,0.0,0.0,E,8
03/03/2020,14:00,1248.525,1389.903,931.51,1,8,694.191,1,8,307.975,1,8,111781.2,1,8,65948.136,1,8,33877.214,1,8,109.14,1,8,-9900,?,9,-9900,?,9,24.61,E,8,14.19,E,8,52.0,E,8,872.5394,E,8,999.0,E,8,3.18,E,8,-9900,?,9,-9900,?,9,0.0,E,8,-9900,?,9,-9900,?,9,0.0,0.0,E,8
03/03/2020,15:00,1081.034,1389.903,816.36,1,8,832.593,1,8,168.913,1,8,97963.2,1,8,79096.36,1,8,18580.375,1,8,69.142,1,8,-9900,?,9,-9900,?,9,24.79,E,8,14.21,E,8,51.0,E,8,872.5394,E,8,999.0,E,8,3.27,E,8,-9900,?,9,-9900,?,9,0.0,E,8,-9900,?,9,-9900,?,9,0.0,0.0,E,8
03/03/2020,16:00,843.838,1389.903,648.54,1,8,787.686,1,8,170.56,1,8,77824.8,1,8,74830.197,1,8,18761.585,1,8,89.469,1,8,-9900,?,9,-9900,?,9,24.55,E,8,14.18,E,8,52.0,E,8,872.5394,E,8,999.0,E,8,2.85,E,8,-9900,?,9,-9900,?,9,0.0,E,8,-9900,?,9,-9900,?,9,0.0,0.0,E,8
03/03/2020,17:00,553.228,1389.903,441.43,1,8,684.702,1,8,169.317,1,8,52971.6,1,8,65046.725,1,8,18624.836,1,8,135.613,1,8,-9900,?,9,-9900,?,9,23.82,E,8,14.07,E,8,54.0,E,8,872.5394,E,8,999.0,E,8,2.06,E,8,-9900,?,9,-9900,?,9,0.0,E,8,-9900,?,9,-9900,?,9,0.0,0.0,E,8
03/03/2020,18:00,229.8,1389.903,201.34,1,8,465.92,1,8,125.067,1,8,24160.8,1,8,44262.435,1,8,13757.377,1,8,243.184,1,8,-9900,?,9,-9900,?,9,22.67,E,8,13.91,E,8,57.0,E,8,872.5394,E,8,999.0,E,8,1.08,E,8,-9900,?,9,-9900,?,9,0.0,E,8,-9900,?,9,-9900,?,9,0.0,0.0,E,8
03/03/2020,19:00,0.0,1389.903,5.12,1,8,0.0,1,8,0.0,1,8,614.4,1,8,0.0,1,8,0.0,1,8,-0.0,1,8,-9900,?,9,-9900,?,9,22.1,E,8,13.83,E,8,59.0,E,8,872.5394,E,8,999.0,E,8,0.99,E,8,-9900,?,9,-9900,?,9,0.0,E,8,-9900,?,9,-9900,?,9,0.0,0.0,E,8
03/03/2020,20:00,0.0,1389.903,0.0,1,8,0.0,1,8,0.0,1,8,0.0,1,8,0.0,1,8,0.0,1,8,-0.0,1,8,-9900,?,9,-9900,?,9,21.53,E,8,13.74,E,8,61.0,E,8,872.5394,E,8,999.0,E,8,0.64,E,8,-9900,?,9,-9900,?,9,0.0,E,8,-9900,?,9,-9900,?,9,0.0,0.0,E,8
03/03/2020,21:00,0.0,1389.903,0.0,1,8,0.0,1,8,0.0,1,8,0.0,1,8,0.0,1,8,0.0,1,8,-0.0,1,8,-9900,?,9,-9900,?,9,20.96,E,8,13.66,E,8,63.0,E,8,872.5394,E,8,999.0,E,8,0.83,E,8,-9900,?,9,-9900,?,9,0.0,E,8,-9900,?,9,-9900,?,9,0.0,0.0,E,8
03/03/2020,22:00,0.0,1389.903,0.0,1,8,0.0,1,8,0.0,1,8,0.0,1,8,0.0,1,8,0.0,1,8,-0.0,1,8,-9900,?,9,-9900,?,9,20.39,E,8,13.57,E,8,64.0,E,8,872.5394,E,8,999.0,E,8,1.01,E,8,-9900,?,9,-9900,?,9,0.0,E,8,-9900,?,9,-9900,?,9,0.0,0.0,E,8
03/03/2020,23:00,0.0,1389.903,0.0,1,8,0.0,1,8,0.0,1,8,0.0,1,8,0.0,1,8,0.0,1,8,-0.0,1,8,-9900,?,9,-9900,?,9,19.82,E,8,13.49,E,8,66.0,E,8,872.5394,E,8,999.0,E,8,1.26,E,8,-9900,?,9,-9900,?,9,0.0,E,8,-9900,?,9,-9900,?,9,0.0,0.0,E,8
03/03/2020,24:00,0.0,1389.903,0.0,1,8,0.0,1,8,0.0,1,8,0.0,1,8,0.0,1,8,0.0,1,8,-0.0,1,8,-9900,?,9,-9900,?,9,19.25,E,8,15.79,E,8,79.0,E,8,872.5394,E,8,999.0,E,8,8.14,E,8,-9900,?,9,-9900,?,9,0.0,E,8,-9900,?,9,-9900,?,9,0.0,0.0,E,8
03/04/2020,01:00,0.0,1389.903,0.0,1,8,0.0,1,8,0.0,1,8,0.0,1,8,0.0,1,8,0.0,1,8,-0.0,1,8,-9900,?,9,-9900,?,9,18.96,E,8,15.67,E,8,80.0,E,8,872.5394,E,8,999.0,E,8,9.63,E,8,-9900,?,9,-9900,?,9,0.0,E,8,-9900,?,9,-9900,?,9,0.0,0.0,E,8
03/04/2020,02:00,0.0,1389.903,0.0,1,8,0.0,1,8,0.0,1,8,0.0,1,8,0.0,1,8,0.0,1,8,-0.0,1,8,-9900,?,9,-9900,?,9,18.67,E,8,15.56,E,8,81.0,E,8,872.5394,E,8,999.0,E,8,8.86,E,8,-9900,?,9,-9900,?,9,0.0,E,8,-9900,?,9,-9900,?,9,0.0,0.0,E,8
03/04/2020,03:00,0.0,1389.903,0.0,1,8,0.0,1,8,0.0,1,8,0.0,1,8,0.0,1,8,0.0,1,8,-0.0,1,8,-9900,?,9,-9900,?,9,18.39,E,8,15.45,E,8,82.0,E,8,872.5394,E,8,999.0,E,8,8.54,E,8,-9900,?,9,-9900,?,9,0.0,E,8,-9900,?,9,-9900,?,9,0.0,0.0,E,8
03/04/2020,04:00,0.0,1389.179,0.0,1,8,0.0,1,8,0.0,1,8,0.0,1,8,0.0,1,8,0.0,1,8,-0.0,1,8,-9900,?,9,-9900,?,9,18.1,E,8,15.33,E,8,83.0,E,8,872.5394,E,8,999.0,E,8,7.79,E,8,-9900,?,9,-9900,?,9,0.0,E,8,-9900,?,9,-9900,?,9,0.0,0.0,E,8
03/04/2020,05:00,0.0,1389.179,0.0,1,8,0.0,1,8,0.0,1,8,0.0,1,8,0.0,1,8,0.0,1,8,-0.0,1,8,-9900,?,9,-9900,?,9,17.82,E,8,15.22,E,8,84.0,E,8,872.5394,E,8,999.0,E,8,6.44,E,8,-9900,?,9,-9900,?,9,0.0,E,8,-9900,?,9,-9900,?,9,0.0,0.0,E,8
03/04/2020,06:00,0.0,1389.179,0.0,1,8,0.0,1,8,0.0,1,8,0.0,1,8,0.0,1,8,0.0,1,8,-0.0,1,8,-9900,?,9,-9900,?,9,17.6,E,8,15.13,E,8,85.0,E,8,872.5394,E,8,999.0,E,8,6.06,E,8,-9900,?,9,-9900,?,9,0.0,E,8,-9900,?,9,-9900,?,9,0.0,0.0,E,8
03/04/2020,07:00,223.168,1389.179,15.46,1,8,0.0,1,8,15.46,1,8,1855.2,1,8,0.0,1,8,1700.6,1,8,30.956,1,8,-9900,?,9,-9900,?,9,17.41,E,8,15.05,E,8,85.0,E,8,872.5394,E,8,999.0,E,8,3.73,E,8,-9900,?,9,-9900,?,9,0.0,E,8,-9900,?,9,-9900,?,9,0.0,0.0,E,8
03/04/2020,08:00,546.594,1389.179,203.41,1,8,77.344,1,8,173.026,1,8,24409.2,1,8,7347.647,1,8,19032.89,1,8,140.199,1,8,-9900,?,9,-9900,?,9,17.22,E,8,14.98,E,8,86.0,E,8,872.5394,E,8,999.0,E,8,3.64,E,8,-9900,?,9,-9900,?,9,0.0,E,8,-9900,?,9,-9900,?,9,0.0,0.0,E,8
03/04/2020,09:00,837.591,1389.179,167.71,1,8,3.396,1,8,165.663,1,8,20125.2,1,8,322.658,1,8,18222.955,1,8,87.503,1,8,-9900,?,9,-9900,?,9,20.0,E,8,16.08,E,8,77.0,E,8,872.5394,E,8,999.0,E,8,3.43,E,8,-9900,?,9,-9900,?,9,0.0,E,8,-9900,?,9,-9900,?,9,0.0,0.0,E,8
03/04/2020,10:00,1075.474,1389.179,182.99,1,8,2.204,1,8,181.284,1,8,21958.8,1,8,209.422,1,8,19941.207,1,8,74.551,1,8,-9900,?,9,-9900,?,9,19.99,E,8,16.07,E,8,77.0,E,8,872.5394,E,8,999.0,E,8,3.58,E,8,-9900,?,9,-9900,?,9,0.0,E,8,-9900,?,9,-9900,?,9,0.0,0.0,E,8
03/04/2020,11:00,1243.875,1389.179,367.42,1,8,2.894,1,8,364.829,1,8,44090.4,1,8,274.926,1,8,40131.182,1,8,129.704,1,8,-9900,?,9,-9900,?,9,20.67,E,8,16.33,E,8,86.0,E,8,872.5394,E,8,999.0,E,8,3.22,E,8,-9900,?,9,-9900,?,9,0.279,E,8,-9900,?,9,-9900,?,9,2.79,99.0,E,8
03/04/2020,12:00,1331.256,1389.179,414.85,1,8,26.305,1,8,389.643,1,8,49782.0,1,8,2498.963,1,8,42860.684,1,8,129.427,1,8,-9900,?,9,-9900,?,9,21.23,E,8,16.54,E,8,73.0,E,8,872.5394,E,8,999.0,E,8,3.59,E,8,-9900,?,9,-9900,?,9,0.0,E,8,-9900,?,9,-9900,?,9,0.0,0.0,E,8
03/04/2020,13:00,1331.631,1389.179,431.15,1,8,28.864,1,8,403.482,1,8,51738.0,1,8,2742.073,1,8,44383.075,1,8,133.986,1,8,-9900,?,9,-9900,?,9,21.64,E,8,16.7,E,8,77.0,E,8,872.5394,E,8,999.0,E,8,5.27,E,8,-9900,?,9,-9900,?,9,0.012,E,8,-9900,?,9,-9900,?,9,0.12,99.0,E,8
03/04/2020,14:00,1244.96,1389.179,415.12,1,8,36.578,1,8,382.342,1,8,49814.4,1,8,3474.918,1,8,42057.584,1,8,135.811,1,8,-9900,?,9,-9900,?,9,21.9,E,8,16.79,E,8,77.0,E,8,872.5394,E,8,999.0,E,8,3.97,E,8,-9900,?,9,-9900,?,9,0.002,E,8,-9900,?,9,-9900,?,9,0.02,99.0,E,8
03/04/2020,15:00,1077.15,1389.179,367.93,1,8,31.46,1,8,343.541,1,8,44151.6,1,8,2988.671,1,8,37789.548,1,8,141.057,1,8,-9900,?,9,-9900,?,9,22.0,E,8,16.83,E,8,76.0,E,8,872.5394,E,8,999.0,E,8,3.97,E,8,-9900,?,9,-9900,?,9,0.001,E,8,-9900,?,9,-9900,?,9,0.01,99.0,E,8
03/04/2020,16:00,839.67,1389.179,293.07,1,8,27.285,1,8,276.586,1,8,35168.4,1,8,2592.113,1,8,30424.472,1,8,145.731,1,8,-9900,?,9,-9900,?,9,21.93,E,8,16.8,E,8,76.0,E,8,872.5394,E,8,999.0,E,8,5.61,E,8,-9900,?,9,-9900,?,9,0.005,E,8,-9900,?,9,-9900,?,9,0.05,99.0,E,8
03/04/2020,17:00,548.835,1389.179,196.44,1,8,66.909,1,8,170.047,1,8,23572.8,1,8,6356.31,1,8,18705.223,1,8,137.221,1,8,-9900,?,9,-9900,?,9,21.62,E,8,16.69,E,8,72.0,E,8,872.5394,E,8,999.0,E,8,7.25,E,8,-9900,?,9,-9900,?,9,0.0,E,8,-9900,?,9,-9900,?,9,0.0,0.0,E,8
03/04/2020,18:00,225.28,1389.179,87.75,1,8,182.493,1,8,58.459,1,8,10530.0,1,8,17336.801,1,8,6430.48,1,8,115.934,1,8,-9900,?,9,-9900,?,9,21.12,E,8,16.5,E,8,73.0,E,8,872.5394,E,8,999.0,E,8,7.53,E,8,-9900,?,9,-9900,?,9,0.0,E,8,-9900,?,9,-9900,?,9,0.0,0.0,E,8
03/04/2020,19:00,0.0,1389.179,1.96,1,8,0.0,1,8,0.0,1,8,235.2,1,8,0.0,1,8,0.0,1,8,-0.0,1,8,-9900,?,9,-9900,?,9,20.68,E,8,16.34,E,8,75.0,E,8,872.5394,E,8,999.0,E,8,6.93,E,8,-9900,?,9,-9900,?,9,0.0,E,8,-9900,?,9,-9900,?,9,0.0,0.0,E,8
03/04/2020,20:00,0.0,1389.179,0.0,1,8,0.0,1,8,0.0,1,8,0.0,1,8,0.0,1,8,0.0,1,8,-0.0,1,8,-9900,?,9,-9900,?,9,20.24,E,8,16.17,E,8,76.0,E,8,872.5394,E,8,999.0,E,8,6.43,E,8,-9900,?,9,-9900,?,9,0.0,E,8,-9900,?,9,-9900,?,9,0.0,0.0,E,8
03/04/2020,21:00,0.0,1389.179,0.0,1,8,0.0,1,8,0.0,1,8,0.0,1,8,0.0,1,8,0.0,1,8,-0.0,1,8,-9900,?,9,-9900,?,9,19.8,E,8,16.0,E,8,78.0,E,8,872.5394,E,8,999.0,E,8,5.36,E,8,-9900,?,9,-9900,?,9,0.0,E,8,-9900,?,9,-9900,?,9,0.0,0.0,E,8
03/04/2020,22:00,0.0,1389.179,0.0,1,8,0.0,1,8,0.0,1,8,0.0,1,8,0.0,1,8,0.0,1,8,-0.0,1,8,-9900,?,9,-9900,?,9,19.35,E,8,15.83,E,8,79.0,E,8,872.5394,E,8,999.0,E,8,4.65,E,8,-9900,?,9,-9900,?,9,0.0,E,8,-9900,?,9,-9900,?,9,0.0,0.0,E,8
03/04/2020,23:00,0.0,1389.179,0.0,1,8,0.0,1,8,0.0,1,8,0.0,1,8,0.0,1,8,0.0,1,8,-0.0,1,8,-9900,?,9,-9900,?,9,18.91,E,8,15.65,E,8,80.0,E,8,872.5394,E,8,999.0,E,8,4.68,E,8,-9900,?,9,-9900,?,9,0.0,E,8,-9900,?,9,-9900,?,9,0.0,0.0,E,8
03/04/2020,24:00,0.0,1389.179,0.0,1,8,0.0,1,8,0.0,1,8,0.0,1,8,0.0,1,8,0.0,1,8,-0.0,1,8,-9900,?,9,-9900,?,9,18.47,E,8,15.55,E,8,80.0,E,8,872.5394,E,8,999.0,E,8,0.4,E,8,-9900,?,9,-9900,?,9,0.0,E,8,-9900,?,9,-9900,?,9,0.0,0.0,E,8
03/05/2020,01:00,0.0,1389.179,0.0,1,8,0.0,1,8,0.0,1,8,0.0,1,8,0.0,1,8,0.0,1,8,-0.0,1,8,-9900,?,9,-9900,?,9,18.25,E,8,15.38,E,8,84.0,E,8,872.5394,E,8,999.0,E,8,0.44,E,8,-9900,?,9,-9900,?,9,0.001,E,8,-9900,?,9,-9900,?,9,0.01,99.0,E,8
03/05/2020,02:00,0.0,1389.179,0.0,1,8,0.0,1,8,0.0,1,8,0.0,1,8,0.0,1,8,0.0,1,8,-0.0,1,8,-9900,?,9,-9900,?,9,18.03,E,8,15.22,E,8,84.0,E,8,872.5394,E,8,999.0,E,8,0.39,E,8,-9900,?,9,-9900,?,9,0.001,E,8,-9900,?,9,-9900,?,9,0.01,99.0,E,8
03/05/2020,03:00,0.0,1389.179,0.0,1,8,0.0,1,8,0.0,1,8,0.0,1,8,0.0,1,8,0.0,1,8,-0.0,1,8,-9900,?,9,-9900,?,9,17.81,E,8,15.05,E,8,84.0,E,8,872.5394,E,8,999.0,E,8,0.35,E,8,-9900,?,9,-9900,?,9,0.004,E,8,-9900,?,9,-9900,?,9,0.04,99.0,E,8
03/05/2020,04:00,0.0,1388.448,0.0,1,8,0.0,1,8,0.0,1,8,0.0,1,8,0.0,1,8,0.0,1,8,-0.0,1,8,-9900,?,9,-9900,?,9,17.58,E,8,14.87,E,8,84.0,E,8,872.5394,E,8,999.0,E,8,0.35,E,8,-9900,?,9,-9900,?,9,0.094,E,8,-9900,?,9,-9900,?,9,0.94,99.0,E,8
03/05/2020,05:00,0.0,1388.448,0.0,1,8,0.0,1,8,0.0,1,8,0.0,1,8,0.0,1,8,0.0,1,8,-0.0,1,8,-9900,?,9,-9900,?,9,17.36,E,8,14.7,E,8,81.0,E,8,872.5394,E,8,999.0,E,8,0.35,E,8,-9900,?,9,-9900,?,9,0.0,E,8,-9900,?,9,-9900,?,9,0.0,0.0,E,8
03/05/2020,06:00,0.0,1388.448,0.0,1,8,0.0,1,8,0.0,1,8,0.0,1,8,0.0,1,8,0.0,1,8,-0.0,1,8,-9900,?,9,-9900,?,9,17.19,E,8,14.56,E,8,81.0,E,8,872.5394,E,8,999.0,E,8,0.35,E,8,-9900,?,9,-9900,?,9,0.0,E,8,-9900,?,9,-9900,?,9,0.0,0.0,E,8
03/05/2020,07:00,221.086,1388.448,2.55,1,8,0.0,1,8,2.55,1,8,306.0,1,8,0.0,1,8,280.5,1,8,5.152,1,8,-9900,?,9,-9900,?,9,17.05,E,8,14.45,E,8,81.0,E,8,872.5394,E,8,999.0,E,8,0.78,E,8,-9900,?,9,-9900,?,9,0.0,E,8,-9900,?,9,-9900,?,9,0.0,0.0,E,8
03/05/2020,08:00,544.476,1388.448,131.82,1,8,1.876,1,8,131.085,1,8,15818.4,1,8,178.234,1,8,14419.4,1,8,106.574,1,8,-9900,?,9,-9900,?,9,16.9,E,8,14.33,E,8,82.0,E,8,872.5394,E,8,999.0,E,8,1.12,E,8,-9900,?,9,-9900,?,9,0.0,E,8,-9900,?,9,-9900,?,9,0.0,0.0,E,8
03/05/2020,09:00,835.363,1388.448,297.44,1,8,68.286,1,8,256.377,1,8,35692.8,1,8,6487.204,1,8,28201.427,1,8,135.709,1,8,-9900,?,9,-9900,?,9,19.66,E,8,16.42,E,8,79.0,E,8,872.5394,E,8,999.0,E,8,1.21,E,8,-9900,?,9,-9900,?,9,0.0,E,8,-9900,?,9,-9900,?,9,0.0,0.0,E,8
03/05/2020,10:00,1073.057,1388.448,171.21,1,8,2.682,1,8,169.137,1,8,20545.2,1,8,254.822,1,8,18605.112,1,8,69.676,1,8,-9900,?,9,-9900,?,9,19.47,E,8,16.28,E,8,80.0,E,8,872.5394,E,8,999.0,E,8,1.9,E,8,-9900,?,9,-9900,?,9,0.0,E,8,-9900,?,9,-9900,?,9,0.0,0.0,E,8
03/05/2020,11:00,1241.202,1388.448,402.92,1,8,50.728,1,8,357.575,1,8,48350.4,1,8,4819.189,1,8,39333.231,1,8,127.332,1,8,-9900,?,9,-9900,?,9,20.12,E,8,16.74,E,8,79.0,E,8,872.5394,E,8,999.0,E,8,2.72,E,8,-9900,?,9,-9900,?,9,0.0,E,8,-9900,?,9,-9900,?,9,0.0,0.0,E,8
03/05/2020,12:00,1328.278,1388.448,154.08,1,8,3.13,1,8,151.086,1,8,18489.6,1,8,297.329,1,8,16619.453,1,8,50.272,1,8,-9900,?,9,-9900,?,9,19.88,E,8,16.57,E,8,79.0,E,8,872.5394,E,8,999.0,E,8,1.89,E,8,-9900,?,9,-9900,?,9,0.0,E,8,-9900,?,9,-9900,?,9,0.0,0.0,E,8
03/05/2020,13:00,1328.319,1388.448,356.77,1,8,6.469,1,8,350.581,1,8,42812.4,1,8,614.593,1,8,38563.903,1,8,116.648,1,8,-9900,?,9,-9900,?,9,20.14,E,8,16.75,E,8,79.0,E,8,872.5394,E,8,999.0,E,8,2.96,E,8,-9900,?,9,-9900,?,9,0.0,E,8,-9900,?,9,-9900,?,9,0.0,0.0,E,8
03/05/2020,14:00,1241.308,1388.448,800.88,1,8,430.289,1,8,416.219,1,8,96105.6,1,8,40877.466,1,8,45784.072,1,8,148.202,1,8,-9900,?,9,-9900,?,9,21.15,E,8,17.44,E,8,78.0,E,8,872.5394,E,8,999.0,E,8,4.01,E,8,-9900,?,9,-9900,?,9,0.0,E,8,-9900,?,9,-9900,?,9,0.0,0.0,E,8
03/05/2020,15:00,1073.178,1388.448,913.03,1,8,708.624,1,8,365.419,1,8,109563.6,1,8,67319.285,1,8,40196.122,1,8,150.517,1,8,-9900,?,9,-9900,?,9,22.09,E,8,18.06,E,8,77.0,E,8,872.5394,E,8,999.0,E,8,3.59,E,8,-9900,?,9,-9900,?,9,0.0,E,8,-9900,?,9,-9900,?,9,0.0,0.0,E,8
03/05/2020,16:00,835.419,1388.448,726.1,1,8,810.094,1,8,238.925,1,8,87132.0,1,8,76958.899,1,8,26281.724,1,8,126.462,1,8,-9900,?,9,-9900,?,9,22.55,E,8,18.36,E,8,76.0,E,8,872.5394,E,8,999.0,E,8,2.67,E,8,-9900,?,9,-9900,?,9,0.0,E,8,-9900,?,9,-9900,?,9,0.0,0.0,E,8
03/05/2020,17:00,544.366,1388.448,716.51,1,8,693.753,1,8,444.948,1,8,85981.2,1,8,65906.505,1,8,48944.239,1,8,361.821,1,8,-9900,?,9,-9900,?,9,22.9,E,8,18.58,E,8,76.0,E,8,872.5394,E,8,999.0,E,8,2.21,E,8,-9900,?,9,-9900,?,9,0.0,E,8,-9900,?,9,-9900,?,9,0.0,0.0,E,8
03/05/2020,18:00,220.7,1388.448,325.12,1,8,420.219,1,8,259.036,1,8,39014.4,1,8,39920.804,1,8,28493.991,1,8,524.315,1,8,-9900,?,9,-9900,?,9,22.62,E,8,18.4,E,8,76.0,E,8,872.5394,E,8,999.0,E,8,0.93,E,8,-9900,?,9,-9900,?,9,0.0,E,8,-9900,?,9,-9900,?,9,0.0,0.0,E,8
03/05/2020,19:00,0.0,1388.448,26.78,1,8,0.0,1,8,0.0,1,8,3213.6,1,8,0.0,1,8,0.0,1,8,-0.0,1,8,-9900,?,9,-9900,?,9,22.05,E,8,18.04,E,8,77.0,E,8,872.5394,E,8,999.0,E,8,0.72,E,8,-9900,?,9,-9900,?,9,0.0,E,8,-9900,?,9,-9900,?,9,0.0,0.0,E,8
03/05/2020,20:00,0.0,1388.448,0.0,1,8,0.0,1,8,0.0,1,8,0.0,1,8,0.0,1,8,0.0,1,8,-0.0,1,8,-9900,?,9,-9900,?,9,21.47,E,8,17.66,E,8,78.0,E,8,872.5394,E,8,999.0,E,8,0.35,E,8,-9900,?,9,-9900,?,9,0.0,E,8,-9900,?,9,-9900,?,9,0.0,0.0,E,8
03/05/2020,21:00,0.0,1388.448,0.0,1,8,0.0,1,8,0.0,1,8,0.0,1,8,0.0,1,8,0.0,1,8,-0.0,1,8,-9900,?,9,-9900,?,9,20.9,E,8,17.28,E,8,78.0,E,8,872.5394,E,8,999.0,E,8,0.37,E,8,-9900,?,9,-9900,?,9,0.0,E,8,-9900,?,9,-9900,?,9,0.0,0.0,E,8
03/05/2020,22:00,0.0,1388.448,0.0,1,8,0.0,1,8,0.0,1,8,0.0,1,8,0.0,1,8,0.0,1,8,-0.0,1,8,-9900,?,9,-9900,?,9,20.32,E,8,16.88,E,8,79.0,E,8,872.5394,E,8,999.0,E,8,0.38,E,8,-9900,?,9,-9900,?,9,0.0,E,8,-9900,?,9,-9900,?,9,0.0,0.0,E,8
03/05/2020,23:00,0.0,1388.448,0.0,1,8,0.0,1,8,0.0,1,8,0.0,1,8,0.0,1,8,0.0,1,8,-0.0,1,8,-9900,?,9,-9900,?,9,19.75,E,8,16.48,E,8,79.0,E,8,872.5394,E,8,999.0,E,8,0.35,E,8,-9900,?,9,-9900,?,9,0.0,E,8,-9900,?,9,-9900,?,9,0.0,0.0,E,8
03/05/2020,24:00,0.0,1388.448,0.0,1,8,0.0,1,8,0.0,1,8,0.0,1,8,0.0,1,8,0.0,1,8,-0.0,1,8,-9900,?,9,-9900,?,9,19.18,E,8,15.4,E,8,78.0,E,8,872.5394,E,8,999.0,E,8,0.41,E,8,-9900,?,9,-9900,?,9,0.0,E,8,-9900,?,9,-9900,?,9,0.0,0.0,E,8
03/06/2020,01:00,0.0,1388.448,0.0,1,8,0.0,1,8,0.0,1,8,0.0,1,8,0.0,1,8,0.0,1,8,-0.0,1,8,-9900,?,9,-9900,?,9,18.89,E,8,15.27,E,8,79.0,E,8,872.5394,E,8,999.0,E,8,0.41,E,8,-9900,?,9,-9900,?,9,0.0,E,8,-9900,?,9,-9900,?,9,0.0,0.0,E,8
03/06/2020,02:00,0.0,1388.448,0.0,1,8,0.0,1,8,0.0,1,8,0.0,1,8,0.0,1,8,0.0,1,8,-0.0,1,8,-9900,?,9,-9900,?,9,18.6,E,8,15.15,E,8,80.0,E,8,872.5394,E,8,999.0,E,8,0.41,E,8,-9900,?,9,-9900,?,9,0.0,E,8,-9900,?,9,-9900,?,9,0.0,0.0,E,8
03/06/2020,03:00,0.0,1388.448,0.0,1,8,0.0,1,8,0.0,1,8,0.0,1,8,0.0,1,8,0.0,1,8,-0.0,1,8,-9900,?,9,-9900,?,9,18.32,E,8,15.02,E,8,81.0,E,8,872.5394,E,8,999.0,E,8,0.41,E,8,-9900,?,9,-9900,?,9,0.0,E,8,-9900,?,9,-9900,?,9,0.0,0.0,E,8
03/06/2020,04:00,0.0,1387.711,0.0,1,8,0.0,1,8,0.0,1,8,0.0,1,8,0.0,1,8,0.0,1,8,-0.0,1,8,-9900,?,9,-9900,?,9,18.03,E,8,14.9,E,8,81.0,E,8,872.5394,E,8,999.0,E,8,0.41,E,8,-9900,?,9,-9900,?,9,0.0,E,8,-9900,?,9,-9900,?,9,0.0,0.0,E,8
03/06/2020,05:00,0.0,1387.711,0.0,1,8,0.0,1,8,0.0,1,8,0.0,1,8,0.0,1,8,0.0,1,8,-0.0,1,8,-9900,?,9,-9900,?,9,17.74,E,8,14.77,E,8,82.0,E,8,872.5394,E,8,999.0,E,8,0.41,E,8,-9900,?,9,-9900,?,9,0.0,E,8,-9900,?,9,-9900,?,9,0.0,0.0,E,8
03/06/2020,06:00,0.0,1387.711,0.0,1,8,0.0,1,8,0.0,1,8,0.0,1,8,0.0,1,8,0.0,1,8,-0.0,1,8,-9900,?,9,-9900,?,9,17.52,E,8,14.67,E,8,83.0,E,8,872.5394,E,8,999.0,E,8,0.42,E,8,-9900,?,9,-9900,?,9,0.0,E,8,-9900,?,9,-9900,?,9,0.0,0.0,E,8
03/06/2020,07:00,219.027,1387.711,2.91,1,8,0.0,1,8,2.91,1,8,349.2,1,8,0.0,1,8,320.1,1,8,5.933,1,8,-9900,?,9,-9900,?,9,17.33,E,8,14.58,E,8,83.0,E,8,872.5394,E,8,999.0,E,8,0.41,E,8,-9900,?,9,-9900,?,9,0.0,E,8,-9900,?,9,-9900,?,9,0.0,0.0,E,8
03/06/2020,08:00,542.362,1387.711,151.21,1,8,11.973,1,8,146.538,1,8,18145.2,1,8,1137.462,1,8,16119.181,1,8,119.54,1,8,-9900,?,9,-9900,?,9,17.14,E,8,14.5,E,8,84.0,E,8,872.5394,E,8,999.0,E,8,0.86,E,8,-9900,?,9,-9900,?,9,0.0,E,8,-9900,?,9,-9900,?,9,0.0,0.0,E,8
03/06/2020,09:00,833.118,1387.711,293.15,1,8,58.565,1,8,258.008,1,8,35178.0,1,8,5563.707,1,8,28380.92,1,8,136.868,1,8,-9900,?,9,-9900,?,9,19.69,E,8,15.61,E,8,77.0,E,8,872.5394,E,8,999.0,E,8,1.71,E,8,-9900,?,9,-9900,?,9,0.0,E,8,-9900,?,9,-9900,?,9,0.0,0.0,E,8
03/06/2020,10:00,1070.604,1387.711,452.49,1,8,104.421,1,8,371.947,1,8,54298.8,1,8,9919.98,1,8,40914.123,1,8,153.493,1,8,-9900,?,9,-9900,?,9,20.57,E,8,15.98,E,8,74.0,E,8,872.5394,E,8,999.0,E,8,1.74,E,8,-9900,?,9,-9900,?,9,0.0,E,8,-9900,?,9,-9900,?,9,0.0,0.0,E,8
03/06/2020,11:00,1238.476,1387.711,659.09,1,8,188.899,1,8,490.518,1,8,79090.8,1,8,17945.397,1,8,53956.994,1,8,174.964,1,8,-9900,?,9,-9900,?,9,21.6,E,8,16.41,E,8,72.0,E,8,872.5394,E,8,999.0,E,8,1.98,E,8,-9900,?,9,-9900,?,9,0.0,E,8,-9900,?,9,-9900,?,9,0.0,0.0,E,8
03/06/2020,12:00,1325.231,1387.711,733.62,1,8,228.005,1,8,515.887,1,8,88034.4,1,8,21660.455,1,8,56747.573,1,8,171.959,1,8,-9900,?,9,-9900,?,9,22.39,E,8,16.72,E,8,70.0,E,8,872.5394,E,8,999.0,E,8,1.63,E,8,-9900,?,9,-9900,?,9,0.0,E,8,-9900,?,9,-9900,?,9,0.0,0.0,E,8
03/06/2020,13:00,1324.928,1387.711,805.29,1,8,363.948,1,8,457.818,1,8,96634.8,1,8,34575.04,1,8,50359.974,1,8,152.638,1,8,-9900,?,9,-9900,?,9,23.06,E,8,16.99,E,8,68.0,E,8,872.5394,E,8,999.0,E,8,2.37,E,8,-9900,?,9,-9900,?,9,0.0,E,8,-9900,?,9,-9900,?,9,0.0,0.0,E,8
03/06/2020,14:00,1237.572,1387.711,848.2,1,8,501.739,1,8,400.779,1,8,101784.0,1,8,47665.218,1,8,44085.666,1,8,143.059,1,8,-9900,?,9,-9900,?,9,23.6,E,8,17.2,E,8,67.0,E,8,872.5394,E,8,999.0,E,8,2.68,E,8,-9900,?,9,-9900,?,9,0.0,E,8,-9900,?,9,-9900,?,9,0.0,0.0,E,8
03/06/2020,15:00,1069.12,1387.711,700.11,1,8,511.671,1,8,305.988,1,8,84013.2,1,8,48608.79,1,8,33658.632,1,8,126.449,1,8,-9900,?,9,-9900,?,9,23.8,E,8,17.27,E,8,66.0,E,8,872.5394,E,8,999.0,E,8,3.23,E,8,-9900,?,9,-9900,?,9,0.0,E,8,-9900,?,9,-9900,?,9,0.0,0.0,E,8
03/06/2020,16:00,831.085,1387.711,623.93,1,8,870.314,1,8,102.982,1,8,74871.6,1,8,82679.832,1,8,11327.981,1,8,54.764,1,8,-9900,?,9,-9900,?,9,23.85,E,8,17.29,E,8,66.0,E,8,872.5394,E,8,999.0,E,8,3.03,E,8,-9900,?,9,-9900,?,9,0.0,E,8,-9900,?,9,-9900,?,9,0.0,0.0,E,8
03/06/2020,17:00,539.825,1387.711,440.84,1,8,770.055,1,8,141.774,1,8,52900.8,1,8,73155.227,1,8,15595.181,1,8,116.199,1,8,-9900,?,9,-9900,?,9,23.57,E,8,17.18,E,8,67.0,E,8,872.5394,E,8,999.0,E,8,1.83,E,8,-9900,?,9,-9900,?,9,0.0,E,8,-9900,?,9,-9900,?,9,0.0,0.0,E,8
03/06/2020,18:00,216.063,1387.711,230.85,1,8,311.484,1,8,182.891,1,8,27702.0,1,8,29590.993,1,8,20117.999,1,8,378.1,1,8,-9900,?,9,-9900,?,9,22.97,E,8,16.95,E,8,68.0,E,8,872.5394,E,8,999.0,E,8,0.8,E,8,-9900,?,9,-9900,?,9,0.0,E,8,-9900,?,9,-9900,?,9,0.0,0.0,E,8
03/06/2020,19:00,0.0,1387.711,10.44,1,8,0.0,1,8,0.0,1,8,1252.8,1,8,0.0,1,8,0.0,1,8,-0.0,1,8,-9900,?,9,-9900,?,9,22.26,E,8,16.67,E,8,70.0,E,8,872.5394,E,8,999.0,E,8,0.41,E,8,-9900,?,9,-9900,?,9,0.0,E,8,-9900,?,9,-9900,?,9,0.0,0.0,E,8
03/06/2020,20:00,0.0,1387.711,0.0,1,8,0.0,1,8,0.0,1,8,0.0,1,8,0.0,1,8,0.0,1,8,-0.0,1,8,-9900,?,9,-9900,?,9,21.56,E,8,16.39,E,8,72.0,E,8,872.5394,E,8,999.0,E,8,0.41,E,8,-9900,?,9,-9900,?,9,0.0,E,8,-9900,?,9,-9900,?,9,0.0,0.0,E,8
03/06/2020,21:00,0.0,1387.711,0.0,1,8,0.0,1,8,0.0,1,8,0.0,1,8,0.0,1,8,0.0,1,8,-0.0,1,8,-9900,?,9,-9900,?,9,20.85,E,8,16.1,E,8,74.0,E,8,872.5394,E,8,999.0,E,8,0.41,E,8,-9900,?,9,-9900,?,9,0.0,E,8,-9900,?,9,-9900,?,9,0.0,0.0,E,8
03/06/2020,22:00,0.0,1387.711,0.0,1,8,0.0,1,8,0.0,1,8,0.0,1,8,0.0,1,8,0.0,1,8,-0.0,1,8,-9900,?,9,-9900,?,9,20.15,E,8,15.81,E,8,76.0,E,8,872.5394,E,8,999.0,E,8,0.41,E,8,-9900,?,9,-9900,?,9,0.0,E,8,-9900,?,9,-9900,?,9,0.0,0.0,E,8
03/06/2020,23:00,0.0,1387.711,0.0,1,8,0.0,1,8,0.0,1,8,0.0,1,8,0.0,1,8,0.0,1,8,-0.0,1,8,-9900,?,9,-9900,?,9,19.44,E,8,15.51,E,8,78.0,E,8,872.5394,E,8,999.0,E,8,0.41,E,8,-9900,?,9,-9900,?,9,0.0,E,8,-9900,?,9,-9900,?,9,0.0,0.0,E,8
03/06/2020,24:00,0.0,1387.711,0.0,1,8,0.0,1,8,0.0,1,8,0.0,1,8,0.0,1,8,0.0,1,8,-0.0,1,8,-9900,?,9,-9900,?,9,18.73,E,8,14.66,E,8,77.0,E,8,872.5394,E,8,999.0,E,8,0.49,E,8,-9900,?,9,-9900,?,9,0.0,E,8,-9900,?,9,-9900,?,9,0.0,0.0,E,8
03/07/2020,01:00,0.0,1387.711,0.0,1,8,0.0,1,8,0.0,1,8,0.0,1,8,0.0,1,8,0.0,1,8,-0.0,1,8,-9900,?,9,-9900,?,9,18.38,E,8,14.54,E,8,78.0,E,8,872.5394,E,8,999.0,E,8,0.49,E,8,-9900,?,9,-9900,?,9,0.0,E,8,-9900,?,9,-9900,?,9,0.0,0.0,E,8
03/07/2020,02:00,0.0,1387.711,0.0,1,8,0.0,1,8,0.0,1,8,0.0,1,8,0.0,1,8,0.0,1,8,-0.0,1,8,-9900,?,9,-9900,?,9,18.03,E,8,14.42,E,8,79.0,E,8,872.5394,E,8,999.0,E,8,0.49,E,8,-9900,?,9,-9900,?,9,0.0,E,8,-9900,?,9,-9900,?,9,0.0,0.0,E,8
03/07/2020,03:00,0.0,1387.711,0.0,1,8,0.0,1,8,0.0,1,8,0.0,1,8,0.0,1,8,0.0,1,8,-0.0,1,8,-9900,?,9,-9900,?,9,17.68,E,8,14.3,E,8,80.0,E,8,872.5394,E,8,999.0,E,8,0.49,E,8,-9900,?,9,-9900,?,9,0.0,E,8,-9900,?,9,-9900,?,9,0.0,0.0,E,8
03/07/2020,04:00,0.0,1386.969,0.0,1,8,0.0,1,8,0.0,1,8,0.0,1,8,0.0,1,8,0.0,1,8,-0.0,1,8,-9900,?,9,-9900,?,9,17.32,E,8,14.18,E,8,81.0,E,8,872.5394,E,8,999.0,E,8,0.49,E,8,-9900,?,9,-9900,?,9,0.0,E,8,-9900,?,9,-9900,?,9,0.0,0.0,E,8
03/07/2020,05:00,0.0,1386.969,0.0,1,8,0.0,1,8,0.0,1,8,0.0,1,8,0.0,1,8,0.0,1,8,-0.0,1,8,-9900,?,9,-9900,?,9,16.97,E,8,14.06,E,8,82.0,E,8,872.5394,E,8,999.0,E,8,0.49,E,8,-9900,?,9,-9900,?,9,0.0,E,8,-9900,?,9,-9900,?,9,0.0,0.0,E,8
03/07/2020,06:00,0.0,1386.969,0.0,1,8,0.0,1,8,0.0,1,8,0.0,1,8,0.0,1,8,0.0,1,8,-0.0,1,8,-9900,?,9,-9900,?,9,16.7,E,8,13.96,E,8,83.0,E,8,872.5394,E,8,999.0,E,8,0.49,E,8,-9900,?,9,-9900,?,9,0.0,E,8,-9900,?,9,-9900,?,9,0.0,0.0,E,8
03/07/2020,07:00,216.99,1386.969,2.98,1,8,0.0,1,8,2.98,1,8,357.6,1,8,0.0,1,8,327.8,1,8,6.13,1,8,-9900,?,9,-9900,?,9,16.46,E,8,13.88,E,8,84.0,E,8,872.5394,E,8,999.0,E,8,0.49,E,8,-9900,?,9,-9900,?,9,0.0,E,8,-9900,?,9,-9900,?,9,0.0,0.0,E,8
03/07/2020,08:00,540.25,1386.969,140.15,1,8,6.113,1,8,137.773,1,8,16818.0,1,8,580.763,1,8,15154.989,1,8,112.77,1,8,-9900,?,9,-9900,?,9,16.23,E,8,13.8,E,8,85.0,E,8,872.5394,E,8,999.0,E,8,0.49,E,8,-9900,?,9,-9900,?,9,0.0,E,8,-9900,?,9,-9900,?,9,0.0,0.0,E,8
03/07/2020,09:00,830.857,1386.969,347.32,1,8,95.418,1,8,290.19,1,8,41678.4,1,8,9064.686,1,8,31920.946,1,8,154.277,1,8,-9900,?,9,-9900,?,9,19.11,E,8,14.78,E,8,75.0,E,8,872.5394,E,8,999.0,E,8,0.49,E,8,-9900,?,9,-9900,?,9,0.0,E,8,-9900,?,9,-9900,?,9,0.0,0.0,E,8
03/07/2020,10:00,1068.115,1386.969,526.86,1,8,194.69,1,8,376.958,1,8,63223.2,1,8,18495.59,1,8,41465.347,1,8,155.84,1,8,-9900,?,9,-9900,?,9,20.23,E,8,15.15,E,8,72.0,E,8,872.5394,E,8,999.0,E,8,0.49,E,8,-9900,?,9,-9900,?,9,0.0,E,8,-9900,?,9,-9900,?,9,0.0,0.0,E,8
03/07/2020,11:00,1235.696,1386.969,738.26,1,8,313.04,1,8,459.384,1,8,88591.2,1,8,29738.815,1,8,50532.202,1,8,164.14,1,8,-9900,?,9,-9900,?,9,21.41,E,8,15.53,E,8,69.0,E,8,872.5394,E,8,999.0,E,8,1.21,E,8,-9900,?,9,-9900,?,9,0.0,E,8,-9900,?,9,-9900,?,9,0.0,0.0,E,8
03/07/2020,12:00,1322.117,1386.969,790.44,1,8,315.943,1,8,489.278,1,8,94852.8,1,8,30014.632,1,8,53820.606,1,8,163.386,1,8,-9900,?,9,-9900,?,9,22.24,E,8,15.79,E,8,66.0,E,8,872.5394,E,8,999.0,E,8,1.28,E,8,-9900,?,9,-9900,?,9,0.0,E,8,-9900,?,9,-9900,?,9,0.0,0.0,E,8
03/07/2020,13:00,1321.459,1386.969,871.95,1,8,412.119,1,8,479.308,1,8,104634.0,1,8,39151.321,1,8,52723.861,1,8,160.137,1,8,-9900,?,9,-9900,?,9,22.96,E,8,16.02,E,8,64.0,E,8,872.5394,E,8,999.0,E,8,2.32,E,8,-9900,?,9,-9900,?,9,0.0,E,8,-9900,?,9,-9900,?,9,0.0,0.0,E,8
03/07/2020,14:00,1233.753,1386.969,854.18,1,8,489.954,1,8,418.384,1,8,102501.6,1,8,46545.608,1,8,46022.273,1,8,149.726,1,8,-9900,?,9,-9900,?,9,23.44,E,8,16.16,E,8,63.0,E,8,872.5394,E,8,999.0,E,8,3.12,E,8,-9900,?,9,-9900,?,9,0.0,E,8,-9900,?,9,-9900,?,9,0.0,0.0,E,8
03/07/2020,15:00,1064.979,1386.969,797.78,1,8,771.88,1,8,205.216,1,8,95733.6,1,8,73328.607,1,8,22573.767,1,8,85.09,1,8,-9900,?,9,-9900,?,9,23.72,E,8,16.25,E,8,62.0,E,8,872.5394,E,8,999.0,E,8,4.13,E,8,-9900,?,9,-9900,?,9,0.0,E,8,-9900,?,9,-9900,?,9,0.0,0.0,E,8
03/07/2020,16:00,826.673,1386.969,627.76,1,8,904.242,1,8,89.093,1,8,75331.2,1,8,85902.969,1,8,9800.198,1,8,47.605,1,8,-9900,?,9,-9900,?,9,23.7,E,8,16.24,E,8,63.0,E,8,872.5394,E,8,999.0,E,8,3.54,E,8,-9900,?,9,-9900,?,9,0.0,E,8,-9900,?,9,-9900,?,9,0.0,0.0,E,8
03/07/2020,17:00,535.215,1386.969,392.85,1,8,659.991,1,8,138.59,1,8,47142.0,1,8,62699.145,1,8,15244.95,1,8,114.51,1,8,-9900,?,9,-9900,?,9,23.22,E,8,16.1,E,8,64.0,E,8,872.5394,E,8,999.0,E,8,2.42,E,8,-9900,?,9,-9900,?,9,0.0,E,8,-9900,?,9,-9900,?,9,0.0,0.0,E,8
03/07/2020,18:00,211.372,1386.969,160.77,1,8,416.533,1,8,98.025,1,8,19292.4,1,8,39570.645,1,8,10782.752,1,8,207.137,1,8,-9900,?,9,-9900,?,9,22.4,E,8,15.84,E,8,66.0,E,8,872.5394,E,8,999.0,E,8,1.09,E,8,-9900,?,9,-9900,?,9,0.0,E,8,-9900,?,9,-9900,?,9,0.0,0.0,E,8
03/07/2020,19:00,0.0,1386.969,4.09,1,8,0.0,1,8,0.0,1,8,490.8,1,8,0.0,1,8,0.0,1,8,-0.0,1,8,-9900,?,9,-9900,?,9,21.75,E,8,15.64,E,8,68.0,E,8,872.5394,E,8,999.0,E,8,0.81,E,8,-9900,?,9,-9900,?,9,0.0,E,8,-9900,?,9,-9900,?,9,0.0,0.0,E,8
03/07/2020,20:00,0.0,1386.969,0.0,1,8,0.0,1,8,0.0,1,8,0.0,1,8,0.0,1,8,0.0,1,8,-0.0,1,8,-9900,?,9,-9900,?,9,21.09,E,8,15.43,E,8,70.0,E,8,872.5394,E,8,999.0,E,8,0.49,E,8,-9900,?,9,-9900,?,9,0.0,E,8,-9900,?,9,-9900,?,9,0.0,0.0,E,8
03/07/2020,21:00,0.0,1386.969,0.0,1,8,0.0,1,8,0.0,1,8,0.0,1,8,0.0,1,8,0.0,1,8,-0.0,1,8,-9900,?,9,-9900,?,9,20.43,E,8,15.22,E,8,72.0,E,8,872.5394,E,8,999.0,E,8,0.49,E,8,-9900,?,9,-9900,?,9,0.0,E,8,-9900,?,9,-9900,?,9,0.0,0.0,E,8
03/07/2020,22:00,0.0,1386.969,0.0,1,8,0.0,1,8,0.0,1,8,0.0,1,8,0.0,1,8,0.0,1,8,-0.0,1,8,-9900,?,9,-9900,?,9,19.77,E,8,15.0,E,8,73.0,E,8,872.5394,E,8,999.0,E,8,0.49,E,8,-9900,?,9,-9900,?,9,0.0,E,8,-9900,?,9,-9900,?,9,0.0,0.0,E,8
03/07/2020,23:00,0.0,1386.969,0.0,1,8,0.0,1,8,0.0,1,8,0.0,1,8,0.0,1,8,0.0,1,8,-0.0,1,8,-9900,?,9,-9900,?,9,19.12,E,8,14.79,E,8,75.0,E,8,872.5394,E,8,999.0,E,8,0.49,E,8,-9900,?,9,-9900,?,9,0.0,E,8,-9900,?,9,-9900,?,9,0.0,0.0,E,8
03/07/2020,24:00,0.0,1386.969,0.0,1,8,0.0,1,8,0.0,1,8,0.0,1,8,0.0,1,8,0.0,1,8,-0.0,1,8,-9900,?,9,-9900,?,9,18.46,E,8,15.19,E,8,81.0,E,8,872.5394,E,8,999.0,E,8,0.3,E,8,-9900,?,9,-9900,?,9,0.0,E,8,-9900,?,9,-9900,?,9,0.0,0.0,E,8
03/08/2020,01:00,0.0,1386.969,0.0,1,8,0.0,1,8,0.0,1,8,0.0,1,8,0.0,1,8,0.0,1,8,-0.0,1,8,-9900,?,9,-9900,?,9,18.13,E,8,15.03,E,8,82.0,E,8,872.5394,E,8,999.0,E,8,0.3,E,8,-9900,?,9,-9900,?,9,0.0,E,8,-9900,?,9,-9900,?,9,0.0,0.0,E,8
03/08/2020,02:00,0.0,1386.969,0.0,1,8,0.0,1,8,0.0,1,8,0.0,1,8,0.0,1,8,0.0,1,8,-0.0,1,8,-9900,?,9,-9900,?,9,17.8,E,8,14.86,E,8,82.0,E,8,872.5394,E,8,999.0,E,8,0.3,E,8,-9900,?,9,-9900,?,9,0.0,E,8,-9900,?,9,-9900,?,9,0.0,0.0,E,8
03/08/2020,03:00,0.0,1386.969,0.0,1,8,0.0,1,8,0.0,1,8,0.0,1,8,0.0,1,8,0.0,1,8,-0.0,1,8,-9900,?,9,-9900,?,9,17.47,E,8,14.69,E,8,83.0,E,8,872.5394,E,8,999.0,E,8,0.3,E,8,-9900,?,9,-9900,?,9,0.0,E,8,-9900,?,9,-9900,?,9,0.0,0.0,E,8
03/08/2020,04:00,0.0,1386.221,0.0,1,8,0.0,1,8,0.0,1,8,0.0,1,8,0.0,1,8,0.0,1,8,-0.0,1,8,-9900,?,9,-9900,?,9,17.15,E,8,14.52,E,8,84.0,E,8,872.5394,E,8,999.0,E,8,0.3,E,8,-9900,?,9,-9900,?,9,0.0,E,8,-9900,?,9,-9900,?,9,0.0,0.0,E,8
03/08/2020,05:00,0.0,1386.221,0.0,1,8,0.0,1,8,0.0,1,8,0.0,1,8,0.0,1,8,0.0,1,8,-0.0,1,8,-9900,?,9,-9900,?,9,16.82,E,8,14.35,E,8,85.0,E,8,872.5394,E,8,999.0,E,8,0.3,E,8,-9900,?,9,-9900,?,9,0.0,E,8,-9900,?,9,-9900,?,9,0.0,0.0,E,8
03/08/2020,06:00,0.0,1386.221,0.0,1,8,0.0,1,8,0.0,1,8,0.0,1,8,0.0,1,8,0.0,1,8,-0.0,1,8,-9900,?,9,-9900,?,9,16.56,E,8,14.21,E,8,86.0,E,8,872.5394,E,8,999.0,E,8,0.3,E,8,-9900,?,9,-9900,?,9,0.0,E,8,-9900,?,9,-9900,?,9,0.0,0.0,E,8
03/08/2020,07:00,214.973,1386.221,2.48,1,8,0.0,1,8,2.48,1,8,297.6,1,8,0.0,1,8,272.8,1,8,5.148,1,8,-9900,?,9,-9900,?,9,16.35,E,8,14.1,E,8,86.0,E,8,872.5394,E,8,999.0,E,8,0.3,E,8,-9900,?,9,-9900,?,9,0.0,E,8,-9900,?,9,-9900,?,9,0.0,0.0,E,8
03/08/2020,08:00,538.14,1386.221,161.57,1,8,19.905,1,8,153.855,1,8,19388.4,1,8,1891.007,1,8,16924.081,1,8,126.361,1,8,-9900,?,9,-9900,?,9,16.13,E,8,13.98,E,8,87.0,E,8,872.5394,E,8,999.0,E,8,0.43,E,8,-9900,?,9,-9900,?,9,0.0,E,8,-9900,?,9,-9900,?,9,0.0,0.0,E,8
03/08/2020,09:00,828.577,1386.221,368.26,1,8,122.481,1,8,295.089,1,8,44191.2,1,8,11635.692,1,8,32459.769,1,8,157.229,1,8,-9900,?,9,-9900,?,9,19.32,E,8,15.62,E,8,79.0,E,8,872.5394,E,8,999.0,E,8,0.68,E,8,-9900,?,9,-9900,?,9,0.0,E,8,-9900,?,9,-9900,?,9,0.0,0.0,E,8
03/08/2020,10:00,1065.589,1386.221,552.13,1,8,192.166,1,8,404.442,1,8,66255.6,1,8,18255.76,1,8,44488.617,1,8,167.509,1,8,-9900,?,9,-9900,?,9,20.47,E,8,16.17,E,8,76.0,E,8,872.5394,E,8,999.0,E,8,1.16,E,8,-9900,?,9,-9900,?,9,0.0,E,8,-9900,?,9,-9900,?,9,0.0,0.0,E,8
03/08/2020,11:00,1232.862,1386.221,694.47,1,8,331.704,1,8,399.486,1,8,83336.4,1,8,31511.889,1,8,43943.408,1,8,142.989,1,8,-9900,?,9,-9900,?,9,21.47,E,8,16.64,E,8,73.0,E,8,872.5394,E,8,999.0,E,8,1.38,E,8,-9900,?,9,-9900,?,9,0.0,E,8,-9900,?,9,-9900,?,9,0.0,0.0,E,8
03/08/2020,12:00,1318.936,1386.221,784.02,1,8,343.999,1,8,456.728,1,8,94082.4,1,8,32679.952,1,8,50240.058,1,8,152.802,1,8,-9900,?,9,-9900,?,9,22.29,E,8,17.01,E,8,72.0,E,8,872.5394,E,8,999.0,E,8,1.94,E,8,-9900,?,9,-9900,?,9,0.0,E,8,-9900,?,9,-9900,?,9,0.0,0.0,E,8
03/08/2020,13:00,1317.913,1386.221,814.13,1,8,417.765,1,8,416.964,1,8,97695.6,1,8,39687.628,1,8,45865.999,1,8,139.607,1,8,-9900,?,9,-9900,?,9,22.9,E,8,17.28,E,8,70.0,E,8,872.5394,E,8,999.0,E,8,2.5,E,8,-9900,?,9,-9900,?,9,0.0,E,8,-9900,?,9,-9900,?,9,0.0,0.0,E,8
03/08/2020,14:00,1229.852,1386.221,782.6,1,8,455.124,1,8,378.848,1,8,93912.0,1,8,43236.734,1,8,41673.235,1,8,135.934,1,8,-9900,?,9,-9900,?,9,23.28,E,8,17.45,E,8,69.0,E,8,872.5394,E,8,999.0,E,8,2.71,E,8,-9900,?,9,-9900,?,9,0.0,E,8,-9900,?,9,-9900,?,9,0.0,0.0,E,8
03/08/2020,15:00,1060.756,1386.221,691.71,1,8,533.379,1,8,283.646,1,8,83005.2,1,8,50670.963,1,8,31201.066,1,8,118.014,1,8,-9900,?,9,-9900,?,9,23.42,E,8,17.51,E,8,69.0,E,8,872.5394,E,8,999.0,E,8,2.87,E,8,-9900,?,9,-9900,?,9,0.0,E,8,-9900,?,9,-9900,?,9,0.0,0.0,E,8
03/08/2020,16:00,822.185,1386.221,548.19,1,8,660.08,1,8,156.9,1,8,65782.8,1,8,62707.569,1,8,17258.987,1,8,84.25,1,8,-9900,?,9,-9900,?,9,23.29,E,8,17.45,E,8,69.0,E,8,872.5394,E,8,999.0,E,8,2.55,E,8,-9900,?,9,-9900,?,9,0.0,E,8,-9900,?,9,-9900,?,9,0.0,0.0,E,8
03/08/2020,17:00,530.54,1386.221,363.44,1,8,610.574,1,8,130.155,1,8,43612.8,1,8,58004.571,1,8,14317.009,1,8,108.433,1,8,-9900,?,9,-9900,?,9,22.81,E,8,17.24,E,8,70.0,E,8,872.5394,E,8,999.0,E,8,2.58,E,8,-9900,?,9,-9900,?,9,0.0,E,8,-9900,?,9,-9900,?,9,0.0,0.0,E,8
03/08/2020,18:00,206.632,1386.221,156.45,1,8,321.579,1,8,109.094,1,8,18774.0,1,8,30549.977,1,8,12000.295,1,8,235.808,1,8,-9900,?,9,-9900,?,9,22.03,E,8,16.89,E,8,72.0,E,8,872.5394,E,8,999.0,E,8,1.55,E,8,-9900,?,9,-9900,?,9,0.0,E,8,-9900,?,9,-9900,?,9,0.0,0.0,E,8
03/08/2020,19:00,0.0,1386.221,1.6,1,8,0.0,1,8,0.0,1,8,192.0,1,8,0.0,1,8,0.0,1,8,-0.0,1,8,-9900,?,9,-9900,?,9,21.3,E,8,16.56,E,8,74.0,E,8,872.5394,E,8,999.0,E,8,1.38,E,8,-9900,?,9,-9900,?,9,0.0,E,8,-9900,?,9,-9900,?,9,0.0,0.0,E,8
03/08/2020,20:00,0.0,1386.221,0.0,1,8,0.0,1,8,0.0,1,8,0.0,1,8,0.0,1,8,0.0,1,8,-0.0,1,8,-9900,?,9,-9900,?,9,20.57,E,8,16.22,E,8,76.0,E,8,872.5394,E,8,999.0,E,8,0.75,E,8,-9900,?,9,-9900,?,9,0.0,E,8,-9900,?,9,-9900,?,9,0.0,0.0,E,8
03/08/2020,21:00,0.0,1386.221,0.0,1,8,0.0,1,8,0.0,1,8,0.0,1,8,0.0,1,8,0.0,1,8,-0.0,1,8,-9900,?,9,-9900,?,9,19.84,E,8,15.87,E,8,77.0,E,8,872.5394,E,8,999.0,E,8,0.83,E,8,-9900,?,9,-9900,?,9,0.0,E,8,-9900,?,9,-9900,?,9,0.0,0.0,E,8
03/08/2020,22:00,0.0,1386.221,0.0,1,8,0.0,1,8,0.0,1,8,0.0,1,8,0.0,1,8,0.0,1,8,-0.0,1,8,-9900,?,9,-9900,?,9,19.11,E,8,15.51,E,8,79.0,E,8,872.5394,E,8,999.0,E,8,0.8,E,8,-9900,?,9,-9900,?,9,0.0,E,8,-9900,?,9,-9900,?,9,0.0,0.0,E,8
03/08/2020,23:00,0.0,1386.221,0.0,1,8,0.0,1,8,0.0,1,8,0.0,1,8,0.0,1,8,0.0,1,8,-0.0,1,8,-9900,?,9,-9900,?,9,18.38,E,8,15.15,E,8,81.0,E,8,872.5394,E,8,999.0,E,8,0.79,E,8,-9900,?,9,-9900,?,9,0.0,E,8,-9900,?,9,-9900,?,9,0.0,0.0,E,8
03/08/2020,24:00,0.0,1386.221,0.0,1,8,0.0,1,8,0.0,1,8,0.0,1,8,0.0,1,8,0.0,1,8,-0.0,1,8,-9900,?,9,-9900,?,9,17.65,E,8,15.57,E,8,87.0,E,8,872.5394,E,8,999.0,E,8,3.19,E,8,-9900,?,9,-9900,?,9,0.0,E,8,-9900,?,9,-9900,?,9,0.0,0.0,E,8
03/09/2020,01:00,0.0,1386.221,0.0,1,8,0.0,1,8,0.0,1,8,0.0,1,8,0.0,1,8,0.0,1,8,-0.0,1,8,-9900,?,9,-9900,?,9,17.29,E,8,15.5,E,8,89.0,E,8,872.5394,E,8,999.0,E,8,2.95,E,8,-9900,?,9,-9900,?,9,0.0,E,8,-9900,?,9,-9900,?,9,0.0,0.0,E,8
03/09/2020,02:00,0.0,1386.221,0.0,1,8,0.0,1,8,0.0,1,8,0.0,1,8,0.0,1,8,0.0,1,8,-0.0,1,8,-9900,?,9,-9900,?,9,16.92,E,8,15.42,E,8,90.0,E,8,872.5394,E,8,999.0,E,8,1.78,E,8,-9900,?,9,-9900,?,9,0.0,E,8,-9900,?,9,-9900,?,9,0.0,0.0,E,8
03/09/2020,03:00,0.0,1386.221,0.0,1,8,0.0,1,8,0.0,1,8,0.0,1,8,0.0,1,8,0.0,1,8,-0.0,1,8,-9900,?,9,-9900,?,9,16.56,E,8,15.35,E,8,92.0,E,8,872.5394,E,8,999.0,E,8,2.28,E,8,-9900,?,9,-9900,?,9,0.0,E,8,-9900,?,9,-9900,?,9,0.0,0.0,E,8
03/09/2020,04:00,0.0,1385.467,0.0,1,8,0.0,1,8,0.0,1,8,0.0,1,8,0.0,1,8,0.0,1,8,-0.0,1,8,-9900,?,9,-9900,?,9,16.19,E,8,15.27,E,8,94.0,E,8,872.5394,E,8,999.0,E,8,1.85,E,8,-9900,?,9,-9900,?,9,0.0,E,8,-9900,?,9,-9900,?,9,0.0,0.0,E,8
03/09/2020,05:00,0.0,1385.467,0.0,1,8,0.0,1,8,0.0,1,8,0.0,1,8,0.0,1,8,0.0,1,8,-0.0,1,8,-9900,?,9,-9900,?,9,15.83,E,8,15.19,E,8,95.0,E,8,872.5394,E,8,999.0,E,8,1.76,E,8,-9900,?,9,-9900,?,9,0.0,E,8,-9900,?,9,-9900,?,9,0.0,0.0,E,8
03/09/2020,06:00,0.0,1385.467,0.0,1,8,0.0,1,8,0.0,1,8,0.0,1,8,0.0,1,8,0.0,1,8,-0.0,1,8,-9900,?,9,-9900,?,9,15.55,E,8,15.13,E,8,97.0,E,8,872.5394,E,8,999.0,E,8,2.7,E,8,-9900,?,9,-9900,?,9,0.0,E,8,-9900,?,9,-9900,?,9,0.0,0.0,E,8
03/09/2020,07:00,212.975,1385.467,1.67,1,8,0.0,1,8,1.67,1,8,200.4,1,8,0.0,1,8,183.7,1,8,3.498,1,8,-9900,?,9,-9900,?,9,15.3,E,8,15.08,E,8,98.0,E,8,872.5394,E,8,999.0,E,8,3.17,E,8,-9900,?,9,-9900,?,9,0.0,E,8,-9900,?,9,-9900,?,9,0.0,0.0,E,8
03/09/2020,08:00,536.03,1385.467,117.92,1,8,0.0,1,8,117.92,1,8,14150.4,1,8,0.0,1,8,12971.2,1,8,97.177,1,8,-9900,?,9,-9900,?,9,15.06,E,8,15.03,E,8,99.0,E,8,872.5394,E,8,999.0,E,8,2.25,E,8,-9900,?,9,-9900,?,9,0.0,E,8,-9900,?,9,-9900,?,9,0.0,0.0,E,8
03/09/2020,09:00,826.279,1385.467,269.65,1,8,42.695,1,8,244.201,1,8,32358.0,1,8,4056.036,1,8,26862.065,1,8,130.406,1,8,-9900,?,9,-9900,?,9,18.79,E,8,15.8,E,8,82.0,E,8,872.5394,E,8,999.0,E,8,2.61,E,8,-9900,?,9,-9900,?,9,0.0,E,8,-9900,?,9,-9900,?,9,0.0,0.0,E,8
03/09/2020,10:00,1063.025,1385.467,404.61,1,8,30.891,1,8,380.913,1,8,48553.2,1,8,2934.612,1,8,41900.479,1,8,158.059,1,8,-9900,?,9,-9900,?,9,20.14,E,8,16.07,E,8,77.0,E,8,872.5394,E,8,999.0,E,8,4.34,E,8,-9900,?,9,-9900,?,9,0.0,E,8,-9900,?,9,-9900,?,9,0.0,0.0,E,8
03/09/2020,11:00,1229.974,1385.467,509.03,1,8,96.015,1,8,423.798,1,8,61083.6,1,8,9121.387,1,8,46617.78,1,8,151.965,1,8,-9900,?,9,-9900,?,9,21.31,E,8,16.3,E,8,73.0,E,8,872.5394,E,8,999.0,E,8,5.54,E,8,-9900,?,9,-9900,?,9,0.0,E,8,-9900,?,9,-9900,?,9,0.0,0.0,E,8
03/09/2020,12:00,1315.687,1385.467,574.63,1,8,55.095,1,8,522.312,1,8,68955.6,1,8,5234.024,1,8,57454.276,1,8,175.08,1,8,-9900,?,9,-9900,?,9,22.27,E,8,16.49,E,8,69.0,E,8,872.5394,E,8,999.0,E,8,6.09,E,8,-9900,?,9,-9900,?,9,0.0,E,8,-9900,?,9,-9900,?,9,0.0,0.0,E,8
03/09/2020,13:00,1314.291,1385.467,596.55,1,8,64.409,1,8,535.452,1,8,71586.0,1,8,6118.892,1,8,58899.668,1,8,179.676,1,8,-9900,?,9,-9900,?,9,22.98,E,8,16.63,E,8,67.0,E,8,872.5394,E,8,999.0,E,8,9.07,E,8,-9900,?,9,-9900,?,9,0.0,E,8,-9900,?,9,-9900,?,9,0.0,0.0,E,8
03/09/2020,14:00,1225.87,1385.467,573.2,1,8,157.267,1,8,434.061,1,8,68784.0,1,8,14940.318,1,8,47746.704,1,8,156.167,1,8,-9900,?,9,-9900,?,9,23.42,E,8,16.71,E,8,66.0,E,8,872.5394,E,8,999.0,E,8,8.78,E,8,-9900,?,9,-9900,?,9,0.0,E,8,-9900,?,9,-9900,?,9,0.0,0.0,E,8
03/09/2020,15:00,1056.453,1385.467,506.26,1,8,127.704,1,8,408.903,1,8,60751.2,1,8,12131.868,1,8,44979.352,1,8,170.729,1,8,-9900,?,9,-9900,?,9,23.59,E,8,16.75,E,8,65.0,E,8,872.5394,E,8,999.0,E,8,5.96,E,8,-9900,?,9,-9900,?,9,0.0,E,8,-9900,?,9,-9900,?,9,0.0,0.0,E,8
03/09/2020,16:00,817.623,1385.467,400.69,1,8,161.04,1,8,305.706,1,8,48082.8,1,8,15298.807,1,8,33627.606,1,8,164.981,1,8,-9900,?,9,-9900,?,9,23.44,E,8,16.72,E,8,65.0,E,8,872.5394,E,8,999.0,E,8,3.55,E,8,-9900,?,9,-9900,?,9,0.0,E,8,-9900,?,9,-9900,?,9,0.0,0.0,E,8
03/09/2020,17:00,525.801,1385.467,264.88,1,8,273.378,1,8,161.309,1,8,31785.6,1,8,25970.908,1,8,17744.002,1,8,135.53,1,8,-9900,?,9,-9900,?,9,22.87,E,8,16.61,E,8,67.0,E,8,872.5394,E,8,999.0,E,8,1.85,E,8,-9900,?,9,-9900,?,9,0.0,E,8,-9900,?,9,-9900,?,9,0.0,0.0,E,8
03/09/2020,18:00,201.846,1385.467,112.88,1,8,363.344,1,8,60.613,1,8,13545.6,1,8,34517.701,1,8,6667.42,1,8,134.124,1,8,-9900,?,9,-9900,?,9,21.95,E,8,16.43,E,8,70.0,E,8,872.5394,E,8,999.0,E,8,1.14,E,8,-9900,?,9,-9900,?,9,0.0,E,8,-9900,?,9,-9900,?,9,0.0,0.0,E,8
03/09/2020,19:00,0.0,1385.467,0.9,1,8,0.0,1,8,0.0,1,8,108.0,1,8,0.0,1,8,0.0,1,8,-0.0,1,8,-9900,?,9,-9900,?,9,21.18,E,8,16.28,E,8,73.0,E,8,872.5394,E,8,999.0,E,8,1.14,E,8,-9900,?,9,-9900,?,9,0.0,E,8,-9900,?,9,-9900,?,9,0.0,0.0,E,8
03/09/2020,20:00,0.0,1385.467,0.0,1,8,0.0,1,8,0.0,1,8,0.0,1,8,0.0,1,8,0.0,1,8,-0.0,1,8,-9900,?,9,-9900,?,9,20.42,E,8,16.13,E,8,76.0,E,8,872.5394,E,8,999.0,E,8,1.14,E,8,-9900,?,9,-9900,?,9,0.0,E,8,-9900,?,9,-9900,?,9,0.0,0.0,E,8
03/09/2020,21:00,0.0,1385.467,0.0,1,8,0.0,1,8,0.0,1,8,0.0,1,8,0.0,1,8,0.0,1,8,-0.0,1,8,-9900,?,9,-9900,?,9,19.65,E,8,15.98,E,8,79.0,E,8,872.5394,E,8,999.0,E,8,1.14,E,8,-9900,?,9,-9900,?,9,0.0,E,8,-9900,?,9,-9900,?,9,0.0,0.0,E,8
03/09/2020,22:00,0.0,1385.467,0.0,1,8,0.0,1,8,0.0,1,8,0.0,1,8,0.0,1,8,0.0,1,8,-0.0,1,8,-9900,?,9,-9900,?,9,18.88,E,8,15.82,E,8,82.0,E,8,872.5394,E,8,999.0,E,8,1.14,E,8,-9900,?,9,-9900,?,9,0.0,E,8,-9900,?,9,-9900,?,9,0.0,0.0,E,8
03/09/2020,23:00,0.0,1385.467,0.0,1,8,0.0,1,8,0.0,1,8,0.0,1,8,0.0,1,8,0.0,1,8,-0.0,1,8,-9900,?,9,-9900,?,9,18.12,E,8,15.67,E,8,85.0,E,8,872.5394,E,8,999.0,E,8,1.14,E,8,-9900,?,9,-9900,?,9,0.0,E,8,-9900,?,9,-9900,?,9,0.0,0.0,E,8
03/09/2020,24:00,0.0,1385.467,0.0,1,8,0.0,1,8,0.0,1,8,0.0,1,8,0.0,1,8,0.0,1,8,-0.0,1,8,-9900,?,9,-9900,?,9,17.35,E,8,14.96,E,8,94.0,E,8,872.5394,E,8,999.0,E,8,0.83,E,8,-9900,?,9,-9900,?,9,3.682,E,8,-9900,?,9,-9900,?,9,36.82,99.0,E,8
03/10/2020,01:00,0.0,1385.467,0.0,1,8,0.0,1,8,0.0,1,8,0.0,1,8,0.0,1,8,0.0,1,8,-0.0,1,8,-9900,?,9,-9900,?,9,16.97,E,8,14.91,E,8,86.0,E,8,872.5394,E,8,999.0,E,8,0.83,E,8,-9900,?,9,-9900,?,9,0.062,E,8,-9900,?,9,-9900,?,9,0.62,99.0,E,8
03/10/2020,02:00,0.0,1385.467,0.0,1,8,0.0,1,8,0.0,1,8,0.0,1,8,0.0,1,8,0.0,1,8,-0.0,1,8,-9900,?,9,-9900,?,9,16.58,E,8,14.86,E,8,88.0,E,8,872.5394,E,8,999.0,E,8,0.83,E,8,-9900,?,9,-9900,?,9,0.015,E,8,-9900,?,9,-9900,?,9,0.15,99.0,E,8
03/10/2020,03:00,0.0,1385.467,0.0,1,8,0.0,1,8,0.0,1,8,0.0,1,8,0.0,1,8,0.0,1,8,-0.0,1,8,-9900,?,9,-9900,?,9,16.2,E,8,14.81,E,8,89.0,E,8,872.5394,E,8,999.0,E,8,0.83,E,8,-9900,?,9,-9900,?,9,0.002,E,8,-9900,?,9,-9900,?,9,0.02,99.0,E,8
03/10/2020,04:00,0.0,1384.708,0.0,1,8,0.0,1,8,0.0,1,8,0.0,1,8,0.0,1,8,0.0,1,8,-0.0,1,8,-9900,?,9,-9900,?,9,15.82,E,8,14.76,E,8,91.0,E,8,872.5394,E,8,999.0,E,8,0.83,E,8,-9900,?,9,-9900,?,9,0.018,E,8,-9900,?,9,-9900,?,9,0.18,99.0,E,8
03/10/2020,05:00,0.0,1384.708,0.0,1,8,0.0,1,8,0.0,1,8,0.0,1,8,0.0,1,8,0.0,1,8,-0.0,1,8,-9900,?,9,-9900,?,9,15.43,E,8,14.71,E,8,93.0,E,8,872.5394,E,8,999.0,E,8,0.83,E,8,-9900,?,9,-9900,?,9,0.076,E,8,-9900,?,9,-9900,?,9,0.76,99.0,E,8
03/10/2020,06:00,0.0,1384.708,0.0,1,8,0.0,1,8,0.0,1,8,0.0,1,8,0.0,1,8,0.0,1,8,-0.0,1,8,-9900,?,9,-9900,?,9,15.14,E,8,14.67,E,8,99.0,E,8,872.5394,E,8,999.0,E,8,0.83,E,8,-9900,?,9,-9900,?,9,0.155,E,8,-9900,?,9,-9900,?,9,1.55,99.0,E,8
03/10/2020,07:00,210.995,1384.708,13.32,1,8,0.0,1,8,13.32,1,8,1598.4,1,8,0.0,1,8,1465.2,1,8,28.151,1,8,-9900,?,9,-9900,?,9,14.88,E,8,14.63,E,8,96.0,E,8,872.5394,E,8,999.0,E,8,0.83,E,8,-9900,?,9,-9900,?,9,0.012,E,8,-9900,?,9,-9900,?,9,0.12,99.0,E,8
03/10/2020,08:00,533.919,1384.708,93.25,1,8,0.0,1,8,93.25,1,8,11190.0,1,8,0.0,1,8,10257.5,1,8,77.109,1,8,-9900,?,9,-9900,?,9,14.63,E,8,14.6,E,8,93.0,E,8,872.5394,E,8,999.0,E,8,0.83,E,8,-9900,?,9,-9900,?,9,0.0,E,8,-9900,?,9,-9900,?,9,0.0,0.0,E,8
03/10/2020,09:00,823.96,1384.708,213.93,1,8,16.281,1,8,204.247,1,8,25671.6,1,8,1546.742,1,8,22467.171,1,8,109.318,1,8,-9900,?,9,-9900,?,9,18.09,E,8,15.05,E,8,81.0,E,8,872.5394,E,8,999.0,E,8,0.83,E,8,-9900,?,9,-9900,?,9,0.034,E,8,-9900,?,9,-9900,?,9,0.34,99.0,E,8
03/10/2020,10:00,1060.423,1384.708,321.24,1,8,10.619,1,8,313.109,1,8,38548.8,1,8,1008.83,1,8,34442.029,1,8,130.171,1,8,-9900,?,9,-9900,?,9,19.34,E,8,15.22,E,8,76.0,E,8,872.5394,E,8,999.0,E,8,0.91,E,8,-9900,?,9,-9900,?,9,0.001,E,8,-9900,?,9,-9900,?,9,0.01,99.0,E,8
03/10/2020,11:00,1227.032,1384.708,404.23,1,8,16.92,1,8,389.238,1,8,48507.6,1,8,1607.368,1,8,42816.201,1,8,139.831,1,8,-9900,?,9,-9900,?,9,20.44,E,8,15.36,E,8,72.0,E,8,872.5394,E,8,999.0,E,8,1.06,E,8,-9900,?,9,-9900,?,9,0.007000000000000001,E,8,-9900,?,9,-9900,?,9,0.07,99.0,E,8
03/10/2020,12:00,1312.371,1384.708,456.3,1,8,35.423,1,8,422.729,1,8,54756.0,1,8,3365.177,1,8,46500.158,1,8,141.98,1,8,-9900,?,9,-9900,?,9,21.33,E,8,15.47,E,8,68.0,E,8,872.5394,E,8,999.0,E,8,0.99,E,8,-9900,?,9,-9900,?,9,0.041999999999999996,E,8,-9900,?,9,-9900,?,9,0.42,99.0,E,8
03/10/2020,13:00,1310.594,1384.708,473.59,1,8,40.141,1,8,435.599,1,8,56830.8,1,8,3813.393,1,8,47915.869,1,8,146.501,1,8,-9900,?,9,-9900,?,9,21.99,E,8,15.55,E,8,66.0,E,8,872.5394,E,8,999.0,E,8,0.86,E,8,-9900,?,9,-9900,?,9,0.028000000000000004,E,8,-9900,?,9,-9900,?,9,0.28,99.0,E,8
03/10/2020,14:00,1221.81,1384.708,454.85,1,8,33.859,1,8,424.977,1,8,54582.0,1,8,3216.573,1,8,46747.471,1,8,153.323,1,8,-9900,?,9,-9900,?,9,22.4,E,8,15.61,E,8,70.0,E,8,872.5394,E,8,999.0,E,8,1.14,E,8,-9900,?,9,-9900,?,9,0.119,E,8,-9900,?,9,-9900,?,9,1.19,99.0,E,8
03/10/2020,15:00,1052.074,1384.708,401.43,1,8,24.287,1,8,382.981,1,8,48171.6,1,8,2307.262,1,8,42127.934,1,8,160.485,1,8,-9900,?,9,-9900,?,9,22.56,E,8,15.62,E,8,64.0,E,8,872.5394,E,8,999.0,E,8,1.75,E,8,-9900,?,9,-9900,?,9,0.023,E,8,-9900,?,9,-9900,?,9,0.23,99.0,E,8
03/10/2020,16:00,812.991,1384.708,317.29,1,8,68.988,1,8,276.808,1,8,38074.8,1,8,6553.84,1,8,30448.926,1,8,150.156,1,8,-9900,?,9,-9900,?,9,22.41,E,8,15.61,E,8,65.0,E,8,872.5394,E,8,999.0,E,8,1.52,E,8,-9900,?,9,-9900,?,9,0.003,E,8,-9900,?,9,-9900,?,9,0.03,99.0,E,8
03/10/2020,17:00,521.003,1384.708,209.12,1,8,114.575,1,8,166.087,1,8,25094.4,1,8,10884.578,1,8,18269.547,1,8,140.757,1,8,-9900,?,9,-9900,?,9,21.87,E,8,15.54,E,8,67.0,E,8,872.5394,E,8,999.0,E,8,2.81,E,8,-9900,?,9,-9900,?,9,0.005,E,8,-9900,?,9,-9900,?,9,0.05,99.0,E,8
03/10/2020,18:00,197.017,1384.708,88.2,1,8,297.152,1,8,46.479,1,8,10584.0,1,8,28229.438,1,8,5112.718,1,8,105.375,1,8,-9900,?,9,-9900,?,9,21.02,E,8,15.43,E,8,70.0,E,8,872.5394,E,8,999.0,E,8,2.39,E,8,-9900,?,9,-9900,?,9,0.001,E,8,-9900,?,9,-9900,?,9,0.01,99.0,E,8
03/10/2020,19:00,0.0,1384.708,0.53,1,8,0.0,1,8,0.0,1,8,63.6,1,8,0.0,1,8,0.0,1,8,-0.0,1,8,-9900,?,9,-9900,?,9,20.4,E,8,15.35,E,8,72.0,E,8,872.5394,E,8,999.0,E,8,2.07,E,8,-9900,?,9,-9900,?,9,0.094,E,8,-9900,?,9,-9900,?,9,0.94,99.0,E,8
03/10/2020,20:00,0.0,1384.708,0.0,1,8,0.0,1,8,0.0,1,8,0.0,1,8,0.0,1,8,0.0,1,8,-0.0,1,8,-9900,?,9,-9900,?,9,19.79,E,8,15.27,E,8,79.0,E,8,872.5394,E,8,999.0,E,8,0.99,E,8,-9900,?,9,-9900,?,9,0.215,E,8,-9900,?,9,-9900,?,9,2.15,99.0,E,8
03/10/2020,21:00,0.0,1384.708,0.0,1,8,0.0,1,8,0.0,1,8,0.0,1,8,0.0,1,8,0.0,1,8,-0.0,1,8,-9900,?,9,-9900,?,9,19.17,E,8,15.19,E,8,81.0,E,8,872.5394,E,8,999.0,E,8,0.83,E,8,-9900,?,9,-9900,?,9,0.34700000000000003,E,8,-9900,?,9,-9900,?,9,3.47,99.0,E,8
03/10/2020,22:00,0.0,1384.708,0.0,1,8,0.0,1,8,0.0,1,8,0.0,1,8,0.0,1,8,0.0,1,8,-0.0,1,8,-9900,?,9,-9900,?,9,18.56,E,8,15.12,E,8,79.0,E,8,872.5394,E,8,999.0,E,8,0.83,E,8,-9900,?,9,-9900,?,9,0.009,E,8,-9900,?,9,-9900,?,9,0.09,99.0,E,8
03/10/2020,23:00,0.0,1384.708,0.0,1,8,0.0,1,8,0.0,1,8,0.0,1,8,0.0,1,8,0.0,1,8,-0.0,1,8,-9900,?,9,-9900,?,9,17.94,E,8,15.03,E,8,82.0,E,8,872.5394,E,8,999.0,E,8,0.83,E,8,-9900,?,9,-9900,?,9,0.051000000000000004,E,8,-9900,?,9,-9900,?,9,0.51,99.0,E,8
03/10/2020,24:00,0.0,1384.708,0.0,1,8,0.0,1,8,0.0,1,8,0.0,1,8,0.0,1,8,0.0,1,8,-0.0,1,8,-9900,?,9,-9900,?,9,17.33,E,8,16.26,E,8,91.0,E,8,872.5394,E,8,999.0,E,8,0.44,E,8,-9900,?,9,-9900,?,9,0.01,E,8,-9900,?,9,-9900,?,9,0.1,99.0,E,8
03/11/2020,01:00,0.0,1384.708,0.0,1,8,0.0,1,8,0.0,1,8,0.0,1,8,0.0,1,8,0.0,1,8,-0.0,1,8,-9900,?,9,-9900,?,9,17.02,E,8,16.04,E,8,92.0,E,8,872.5394,E,8,999.0,E,8,0.44,E,8,-9900,?,9,-9900,?,9,0.003,E,8,-9900,?,9,-9900,?,9,0.03,99.0,E,8
03/11/2020,02:00,0.0,1384.708,0.0,1,8,0.0,1,8,0.0,1,8,0.0,1,8,0.0,1,8,0.0,1,8,-0.0,1,8,-9900,?,9,-9900,?,9,16.71,E,8,15.81,E,8,96.0,E,8,872.5394,E,8,999.0,E,8,0.44,E,8,-9900,?,9,-9900,?,9,1.279,E,8,-9900,?,9,-9900,?,9,12.79,99.0,E,8
03/11/2020,03:00,0.0,1384.708,0.0,1,8,0.0,1,8,0.0,1,8,0.0,1,8,0.0,1,8,0.0,1,8,-0.0,1,8,-9900,?,9,-9900,?,9,16.41,E,8,15.59,E,8,92.0,E,8,872.5394,E,8,999.0,E,8,0.44,E,8,-9900,?,9,-9900,?,9,0.004,E,8,-9900,?,9,-9900,?,9,0.04,99.0,E,8
03/11/2020,04:00,0.0,1383.945,0.0,1,8,0.0,1,8,0.0,1,8,0.0,1,8,0.0,1,8,0.0,1,8,-0.0,1,8,-9900,?,9,-9900,?,9,16.1,E,8,15.35,E,8,90.0,E,8,872.5394,E,8,999.0,E,8,0.44,E,8,-9900,?,9,-9900,?,9,0.0,E,8,-9900,?,9,-9900,?,9,0.0,0.0,E,8
03/11/2020,05:00,0.0,1383.945,0.0,1,8,0.0,1,8,0.0,1,8,0.0,1,8,0.0,1,8,0.0,1,8,-0.0,1,8,-9900,?,9,-9900,?,9,15.79,E,8,15.11,E,8,90.0,E,8,872.5394,E,8,999.0,E,8,0.46,E,8,-9900,?,9,-9900,?,9,0.0,E,8,-9900,?,9,-9900,?,9,0.0,0.0,E,8
03/11/2020,06:00,0.0,1383.945,0.0,1,8,0.0,1,8,0.0,1,8,0.0,1,8,0.0,1,8,0.0,1,8,-0.0,1,8,-9900,?,9,-9900,?,9,15.55,E,8,14.93,E,8,90.0,E,8,872.5394,E,8,999.0,E,8,0.44,E,8,-9900,?,9,-9900,?,9,0.0,E,8,-9900,?,9,-9900,?,9,0.0,0.0,E,8
03/11/2020,07:00,209.031,1383.945,0.98,1,8,0.0,1,8,0.98,1,8,117.6,1,8,0.0,1,8,107.8,1,8,2.09,1,8,-9900,?,9,-9900,?,9,15.35,E,8,14.77,E,8,90.0,E,8,872.5394,E,8,999.0,E,8,0.44,E,8,-9900,?,9,-9900,?,9,0.0,E,8,-9900,?,9,-9900,?,9,0.0,0.0,E,8
03/11/2020,08:00,531.806,1383.945,82.19,1,8,0.0,1,8,82.19,1,8,9862.8,1,8,0.0,1,8,9040.9,1,8,68.197,1,8,-9900,?,9,-9900,?,9,15.15,E,8,14.61,E,8,91.0,E,8,872.5394,E,8,999.0,E,8,0.63,E,8,-9900,?,9,-9900,?,9,0.0,E,8,-9900,?,9,-9900,?,9,0.0,0.0,E,8
03/11/2020,09:00,821.619,1383.945,189.18,1,8,9.653,1,8,183.452,1,8,22701.6,1,8,917.067,1,8,20179.731,1,8,98.414,1,8,-9900,?,9,-9900,?,9,17.71,E,8,16.53,E,8,89.0,E,8,872.5394,E,8,999.0,E,8,0.61,E,8,-9900,?,9,-9900,?,9,0.0,E,8,-9900,?,9,-9900,?,9,0.0,0.0,E,8
03/11/2020,10:00,1057.781,1383.945,284.29,1,8,10.404,1,8,276.339,1,8,34114.8,1,8,988.4,1,8,30397.343,1,8,115.108,1,8,-9900,?,9,-9900,?,9,18.65,E,8,17.19,E,8,88.0,E,8,872.5394,E,8,999.0,E,8,0.66,E,8,-9900,?,9,-9900,?,9,0.0,E,8,-9900,?,9,-9900,?,9,0.0,0.0,E,8
03/11/2020,11:00,1224.035,1383.945,357.79,1,8,19.113,1,8,340.887,1,8,42934.8,1,8,1815.734,1,8,37497.551,1,8,122.693,1,8,-9900,?,9,-9900,?,9,19.47,E,8,17.74,E,8,88.0,E,8,872.5394,E,8,999.0,E,8,0.65,E,8,-9900,?,9,-9900,?,9,0.0,E,8,-9900,?,9,-9900,?,9,0.0,0.0,E,8
03/11/2020,12:00,1308.988,1383.945,403.85,1,8,29.073,1,8,376.353,1,8,48462.0,1,8,2761.92,1,8,41398.801,1,8,126.661,1,8,-9900,?,9,-9900,?,9,20.13,E,8,18.17,E,8,87.0,E,8,872.5394,E,8,999.0,E,8,1.45,E,8,-9900,?,9,-9900,?,9,0.0,E,8,-9900,?,9,-9900,?,9,0.0,0.0,E,8
03/11/2020,13:00,1306.822,1383.945,419.05,1,8,31.922,1,8,388.908,1,8,50286.0,1,8,3032.581,1,8,42779.888,1,8,131.104,1,8,-9900,?,9,-9900,?,9,20.62,E,8,18.48,E,8,87.0,E,8,872.5394,E,8,999.0,E,8,1.46,E,8,-9900,?,9,-9900,?,9,0.0,E,8,-9900,?,9,-9900,?,9,0.0,0.0,E,8
03/11/2020,14:00,1217.672,1383.945,402.29,1,8,35.742,1,8,370.845,1,8,48274.8,1,8,3395.51,1,8,40792.917,1,8,134.174,1,8,-9900,?,9,-9900,?,9,20.93,E,8,18.67,E,8,86.0,E,8,872.5394,E,8,999.0,E,8,1.56,E,8,-9900,?,9,-9900,?,9,0.0,E,8,-9900,?,9,-9900,?,9,0.0,0.0,E,8
03/11/2020,15:00,1047.619,1383.945,354.76,1,8,21.052,1,8,338.827,1,8,42571.2,1,8,1999.948,1,8,37271.022,1,8,142.508,1,8,-9900,?,9,-9900,?,9,21.04,E,8,18.74,E,8,86.0,E,8,872.5394,E,8,999.0,E,8,1.01,E,8,-9900,?,9,-9900,?,9,0.0,E,8,-9900,?,9,-9900,?,9,0.0,0.0,E,8
03/11/2020,16:00,808.291,1383.945,280.02,1,8,26.928,1,8,264.302,1,8,33602.4,1,8,2558.123,1,8,29073.207,1,8,144.128,1,8,-9900,?,9,-9900,?,9,20.93,E,8,18.67,E,8,88.0,E,8,872.5394,E,8,999.0,E,8,1.1,E,8,-9900,?,9,-9900,?,9,0.001,E,8,-9900,?,9,-9900,?,9,0.01,99.0,E,8
03/11/2020,17:00,516.148,1383.945,183.99,1,8,71.394,1,8,157.411,1,8,22078.8,1,8,6782.425,1,8,17315.231,1,8,134.59,1,8,-9900,?,9,-9900,?,9,20.53,E,8,18.42,E,8,89.0,E,8,872.5394,E,8,999.0,E,8,1.85,E,8,-9900,?,9,-9900,?,9,0.001,E,8,-9900,?,9,-9900,?,9,0.01,99.0,E,8
03/11/2020,18:00,192.15,1383.945,76.78,1,8,204.988,1,8,48.713,1,8,9213.6,1,8,19473.887,1,8,5358.417,1,8,113.247,1,8,-9900,?,9,-9900,?,9,19.89,E,8,18.01,E,8,89.0,E,8,872.5394,E,8,999.0,E,8,2.47,E,8,-9900,?,9,-9900,?,9,0.02,E,8,-9900,?,9,-9900,?,9,0.2,99.0,E,8
03/11/2020,19:00,0.0,1383.945,0.34,1,8,0.0,1,8,0.0,1,8,40.8,1,8,0.0,1,8,0.0,1,8,-0.0,1,8,-9900,?,9,-9900,?,9,19.37,E,8,17.67,E,8,90.0,E,8,872.5394,E,8,999.0,E,8,1.49,E,8,-9900,?,9,-9900,?,9,0.046,E,8,-9900,?,9,-9900,?,9,0.46,99.0,E,8
03/11/2020,20:00,0.0,1383.945,0.0,1,8,0.0,1,8,0.0,1,8,0.0,1,8,0.0,1,8,0.0,1,8,-0.0,1,8,-9900,?,9,-9900,?,9,18.85,E,8,17.32,E,8,90.0,E,8,872.5394,E,8,999.0,E,8,1.88,E,8,-9900,?,9,-9900,?,9,0.086,E,8,-9900,?,9,-9900,?,9,0.86,99.0,E,8
03/11/2020,21:00,0.0,1383.945,0.0,1,8,0.0,1,8,0.0,1,8,0.0,1,8,0.0,1,8,0.0,1,8,-0.0,1,8,-9900,?,9,-9900,?,9,18.33,E,8,16.97,E,8,91.0,E,8,872.5394,E,8,999.0,E,8,2.18,E,8,-9900,?,9,-9900,?,9,0.014000000000000002,E,8,-9900,?,9,-9900,?,9,0.14,99.0,E,8
03/11/2020,22:00,0.0,1383.945,0.0,1,8,0.0,1,8,0.0,1,8,0.0,1,8,0.0,1,8,0.0,1,8,-0.0,1,8,-9900,?,9,-9900,?,9,17.81,E,8,16.6,E,8,91.0,E,8,872.5394,E,8,999.0,E,8,2.5,E,8,-9900,?,9,-9900,?,9,0.006,E,8,-9900,?,9,-9900,?,9,0.06,99.0,E,8
03/11/2020,23:00,0.0,1383.945,0.0,1,8,0.0,1,8,0.0,1,8,0.0,1,8,0.0,1,8,0.0,1,8,-0.0,1,8,-9900,?,9,-9900,?,9,17.29,E,8,16.23,E,8,91.0,E,8,872.5394,E,8,999.0,E,8,2.25,E,8,-9900,?,9,-9900,?,9,0.03,E,8,-9900,?,9,-9900,?,9,0.3,99.0,E,8
03/11/2020,24:00,0.0,1383.945,0.0,1,8,0.0,1,8,0.0,1,8,0.0,1,8,0.0,1,8,0.0,1,8,-0.0,1,8,-9900,?,9,-9900,?,9,16.77,E,8,15.93,E,8,94.0,E,8,872.5394,E,8,999.0,E,8,1.44,E,8,-9900,?,9,-9900,?,9,0.0,E,8,-9900,?,9,-9900,?,9,0.0,0.0,E,8
03/12/2020,01:00,0.0,1383.945,0.0,1,8,0.0,1,8,0.0,1,8,0.0,1,8,0.0,1,8,0.0,1,8,-0.0,1,8,-9900,?,9,-9900,?,9,16.51,E,8,15.79,E,8,95.0,E,8,872.5394,E,8,999.0,E,8,1.04,E,8,-9900,?,9,-9900,?,9,0.0,E,8,-9900,?,9,-9900,?,9,0.0,0.0,E,8
03/12/2020,02:00,0.0,1383.945,0.0,1,8,0.0,1,8,0.0,1,8,0.0,1,8,0.0,1,8,0.0,1,8,-0.0,1,8,-9900,?,9,-9900,?,9,16.25,E,8,15.65,E,8,96.0,E,8,872.5394,E,8,999.0,E,8,1.56,E,8,-9900,?,9,-9900,?,9,0.0,E,8,-9900,?,9,-9900,?,9,0.0,0.0,E,8
03/12/2020,03:00,0.0,1383.945,0.0,1,8,0.0,1,8,0.0,1,8,0.0,1,8,0.0,1,8,0.0,1,8,-0.0,1,8,-9900,?,9,-9900,?,9,15.99,E,8,15.5,E,8,96.0,E,8,872.5394,E,8,999.0,E,8,1.82,E,8,-9900,?,9,-9900,?,9,0.0,E,8,-9900,?,9,-9900,?,9,0.0,0.0,E,8
03/12/2020,04:00,0.0,1383.176,0.0,1,8,0.0,1,8,0.0,1,8,0.0,1,8,0.0,1,8,0.0,1,8,-0.0,1,8,-9900,?,9,-9900,?,9,15.73,E,8,15.36,E,8,97.0,E,8,872.5394,E,8,999.0,E,8,1.27,E,8,-9900,?,9,-9900,?,9,0.0,E,8,-9900,?,9,-9900,?,9,0.0,0.0,E,8
03/12/2020,05:00,0.0,1383.176,0.0,1,8,0.0,1,8,0.0,1,8,0.0,1,8,0.0,1,8,0.0,1,8,-0.0,1,8,-9900,?,9,-9900,?,9,15.47,E,8,15.21,E,8,98.0,E,8,872.5394,E,8,999.0,E,8,1.37,E,8,-9900,?,9,-9900,?,9,0.0,E,8,-9900,?,9,-9900,?,9,0.0,0.0,E,8
03/12/2020,06:00,0.0,1383.176,0.0,1,8,0.0,1,8,0.0,1,8,0.0,1,8,0.0,1,8,0.0,1,8,-0.0,1,8,-9900,?,9,-9900,?,9,15.27,E,8,15.09,E,8,98.0,E,8,872.5394,E,8,999.0,E,8,1.81,E,8,-9900,?,9,-9900,?,9,0.0,E,8,-9900,?,9,-9900,?,9,0.0,0.0,E,8
03/12/2020,07:00,207.082,1383.176,1.06,1,8,0.0,1,8,1.06,1,8,127.2,1,8,0.0,1,8,116.6,1,8,2.281,1,8,-9900,?,9,-9900,?,9,15.1,E,8,15.0,E,8,99.0,E,8,872.5394,E,8,999.0,E,8,1.58,E,8,-9900,?,9,-9900,?,9,0.0,E,8,-9900,?,9,-9900,?,9,0.0,0.0,E,8
03/12/2020,08:00,529.688,1383.176,96.48,1,8,0.0,1,8,96.48,1,8,11577.6,1,8,0.0,1,8,10612.8,1,8,80.331,1,8,-9900,?,9,-9900,?,9,14.93,E,8,14.9,E,8,99.0,E,8,872.5394,E,8,999.0,E,8,1.75,E,8,-9900,?,9,-9900,?,9,0.0,E,8,-9900,?,9,-9900,?,9,0.0,0.0,E,8
03/12/2020,09:00,819.255,1383.176,222.8,1,8,19.716,1,8,211.129,1,8,26736.0,1,8,1873.009,1,8,23224.148,1,8,113.525,1,8,-9900,?,9,-9900,?,9,17.63,E,8,16.4,E,8,92.0,E,8,872.5394,E,8,999.0,E,8,2.24,E,8,-9900,?,9,-9900,?,9,0.0,E,8,-9900,?,9,-9900,?,9,0.0,0.0,E,8
03/12/2020,10:00,1055.1,1383.176,335.07,1,8,16.78,1,8,322.273,1,8,40208.4,1,8,1594.1,1,8,35450.004,1,8,134.508,1,8,-9900,?,9,-9900,?,9,18.62,E,8,16.91,E,8,89.0,E,8,872.5394,E,8,999.0,E,8,3.26,E,8,-9900,?,9,-9900,?,9,0.0,E,8,-9900,?,9,-9900,?,9,0.0,0.0,E,8
03/12/2020,11:00,1220.983,1383.176,421.77,1,8,30.194,1,8,395.119,1,8,50612.4,1,8,2868.407,1,8,43463.093,1,8,142.489,1,8,-9900,?,9,-9900,?,9,19.48,E,8,17.35,E,8,87.0,E,8,872.5394,E,8,999.0,E,8,4.85,E,8,-9900,?,9,-9900,?,9,0.0,E,8,-9900,?,9,-9900,?,9,0.0,0.0,E,8
03/12/2020,12:00,1305.54,1383.176,476.02,1,8,47.685,1,8,431.014,1,8,57122.4,1,8,4530.038,1,8,47411.487,1,8,145.36,1,8,-9900,?,9,-9900,?,9,20.18,E,8,17.7,E,8,85.0,E,8,872.5394,E,8,999.0,E,8,6.15,E,8,-9900,?,9,-9900,?,9,0.0,E,8,-9900,?,9,-9900,?,9,0.0,0.0,E,8
03/12/2020,13:00,1302.978,1383.176,493.81,1,8,53.735,1,8,443.193,1,8,59257.2,1,8,5104.808,1,8,48751.197,1,8,149.761,1,8,-9900,?,9,-9900,?,9,20.69,E,8,17.95,E,8,84.0,E,8,872.5394,E,8,999.0,E,8,7.04,E,8,-9900,?,9,-9900,?,9,0.0,E,8,-9900,?,9,-9900,?,9,0.0,0.0,E,8
03/12/2020,14:00,1213.459,1383.176,473.84,1,8,46.938,1,8,432.665,1,8,56860.8,1,8,4459.1,1,8,47593.156,1,8,156.997,1,8,-9900,?,9,-9900,?,9,21.02,E,8,18.11,E,8,83.0,E,8,872.5394,E,8,999.0,E,8,6.68,E,8,-9900,?,9,-9900,?,9,0.0,E,8,-9900,?,9,-9900,?,9,0.0,0.0,E,8
03/12/2020,15:00,1043.092,1383.176,417.54,1,8,47.626,1,8,381.632,1,8,50104.8,1,8,4524.458,1,8,41979.52,1,8,161.119,1,8,-9900,?,9,-9900,?,9,21.14,E,8,18.17,E,8,83.0,E,8,872.5394,E,8,999.0,E,8,6.7,E,8,-9900,?,9,-9900,?,9,0.0,E,8,-9900,?,9,-9900,?,9,0.0,0.0,E,8
03/12/2020,16:00,803.525,1383.176,329.1,1,8,81.25,1,8,281.927,1,8,39492.0,1,8,7718.723,1,8,31011.966,1,8,154.566,1,8,-9900,?,9,-9900,?,9,21.02,E,8,18.11,E,8,83.0,E,8,872.5394,E,8,999.0,E,8,6.67,E,8,-9900,?,9,-9900,?,9,0.0,E,8,-9900,?,9,-9900,?,9,0.0,0.0,E,8
03/12/2020,17:00,511.241,1383.176,215.58,1,8,148.931,1,8,160.634,1,8,25869.6,1,8,14148.457,1,8,17669.751,1,8,138.592,1,8,-9900,?,9,-9900,?,9,20.59,E,8,17.9,E,8,84.0,E,8,872.5394,E,8,999.0,E,8,4.19,E,8,-9900,?,9,-9900,?,9,0.0,E,8,-9900,?,9,-9900,?,9,0.0,0.0,E,8
03/12/2020,18:00,187.247,1383.176,88.97,1,8,224.625,1,8,59.003,1,8,10676.4,1,8,21339.357,1,8,6490.354,1,8,140.781,1,8,-9900,?,9,-9900,?,9,19.91,E,8,17.57,E,8,86.0,E,8,872.5394,E,8,999.0,E,8,2.97,E,8,-9900,?,9,-9900,?,9,0.0,E,8,-9900,?,9,-9900,?,9,0.0,0.0,E,8
03/12/2020,19:00,0.0,1383.176,0.28,1,8,0.0,1,8,0.0,1,8,33.6,1,8,0.0,1,8,0.0,1,8,-0.0,1,8,-9900,?,9,-9900,?,9,19.36,E,8,17.29,E,8,87.0,E,8,872.5394,E,8,999.0,E,8,1.56,E,8,-9900,?,9,-9900,?,9,0.0,E,8,-9900,?,9,-9900,?,9,0.0,0.0,E,8
03/12/2020,20:00,0.0,1383.176,0.0,1,8,0.0,1,8,0.0,1,8,0.0,1,8,0.0,1,8,0.0,1,8,-0.0,1,8,-9900,?,9,-9900,?,9,18.8,E,8,17.01,E,8,89.0,E,8,872.5394,E,8,999.0,E,8,0.57,E,8,-9900,?,9,-9900,?,9,0.0,E,8,-9900,?,9,-9900,?,9,0.0,0.0,E,8
03/12/2020,21:00,0.0,1383.176,0.0,1,8,0.0,1,8,0.0,1,8,0.0,1,8,0.0,1,8,0.0,1,8,-0.0,1,8,-9900,?,9,-9900,?,9,18.24,E,8,16.72,E,8,90.0,E,8,872.5394,E,8,999.0,E,8,0.57,E,8,-9900,?,9,-9900,?,9,0.0,E,8,-9900,?,9,-9900,?,9,0.0,0.0,E,8
03/12/2020,22:00,0.0,1383.176,0.0,1,8,0.0,1,8,0.0,1,8,0.0,1,8,0.0,1,8,0.0,1,8,-0.0,1,8,-9900,?,9,-9900,?,9,17.68,E,8,16.42,E,8,92.0,E,8,872.5394,E,8,999.0,E,8,0.57,E,8,-9900,?,9,-9900,?,9,0.0,E,8,-9900,?,9,-9900,?,9,0.0,0.0,E,8
03/12/2020,23:00,0.0,1383.176,0.0,1,8,0.0,1,8,0.0,1,8,0.0,1,8,0.0,1,8,0.0,1,8,-0.0,1,8,-9900,?,9,-9900,?,9,17.12,E,8,16.12,E,8,93.0,E,8,872.5394,E,8,999.0,E,8,0.57,E,8,-9900,?,9,-9900,?,9,0.0,E,8,-9900,?,9,-9900,?,9,0.0,0.0,E,8
03/12/2020,24:00,0.0,1383.176,0.0,1,8,0.0,1,8,0.0,1,8,0.0,1,8,0.0,1,8,0.0,1,8,-0.0,1,8,-9900,?,9,-9900,?,9,16.56,E,8,15.43,E,8,93.0,E,8,872.5394,E,8,999.0,E,8,1.06,E,8,-9900,?,9,-9900,?,9,0.0,E,8,-9900,?,9,-9900,?,9,0.0,0.0,E,8
03/13/2020,01:00,0.0,1383.176,0.0,1,8,0.0,1,8,0.0,1,8,0.0,1,8,0.0,1,8,0.0,1,8,-0.0,1,8,-9900,?,9,-9900,?,9,16.28,E,8,15.31,E,8,93.0,E,8,872.5394,E,8,999.0,E,8,1.06,E,8,-9900,?,9,-9900,?,9,0.0,E,8,-9900,?,9,-9900,?,9,0.0,0.0,E,8
03/13/2020,02:00,0.0,1383.176,0.0,1,8,0.0,1,8,0.0,1,8,0.0,1,8,0.0,1,8,0.0,1,8,-0.0,1,8,-9900,?,9,-9900,?,9,16.0,E,8,15.18,E,8,94.0,E,8,872.5394,E,8,999.0,E,8,1.1,E,8,-9900,?,9,-9900,?,9,0.0,E,8,-9900,?,9,-9900,?,9,0.0,0.0,E,8
03/13/2020,03:00,0.0,1383.176,0.0,1,8,0.0,1,8,0.0,1,8,0.0,1,8,0.0,1,8,0.0,1,8,-0.0,1,8,-9900,?,9,-9900,?,9,15.72,E,8,15.06,E,8,95.0,E,8,872.5394,E,8,999.0,E,8,1.06,E,8,-9900,?,9,-9900,?,9,0.0,E,8,-9900,?,9,-9900,?,9,0.0,0.0,E,8
03/13/2020,04:00,0.0,1382.404,0.0,1,8,0.0,1,8,0.0,1,8,0.0,1,8,0.0,1,8,0.0,1,8,-0.0,1,8,-9900,?,9,-9900,?,9,15.44,E,8,14.94,E,8,96.0,E,8,872.5394,E,8,999.0,E,8,1.06,E,8,-9900,?,9,-9900,?,9,0.0,E,8,-9900,?,9,-9900,?,9,0.0,0.0,E,8
03/13/2020,05:00,0.0,1382.404,0.0,1,8,0.0,1,8,0.0,1,8,0.0,1,8,0.0,1,8,0.0,1,8,-0.0,1,8,-9900,?,9,-9900,?,9,15.16,E,8,14.81,E,8,97.0,E,8,872.5394,E,8,999.0,E,8,1.26,E,8,-9900,?,9,-9900,?,9,0.0,E,8,-9900,?,9,-9900,?,9,0.0,0.0,E,8
03/13/2020,06:00,0.0,1382.404,0.0,1,8,0.0,1,8,0.0,1,8,0.0,1,8,0.0,1,8,0.0,1,8,-0.0,1,8,-9900,?,9,-9900,?,9,14.95,E,8,14.72,E,8,98.0,E,8,872.5394,E,8,999.0,E,8,1.31,E,8,-9900,?,9,-9900,?,9,0.0,E,8,-9900,?,9,-9900,?,9,0.0,0.0,E,8
03/13/2020,07:00,205.146,1382.404,0.87,1,8,0.0,1,8,0.87,1,8,104.4,1,8,0.0,1,8,95.7,1,8,1.889,1,8,-9900,?,9,-9900,?,9,14.76,E,8,14.63,E,8,99.0,E,8,872.5394,E,8,999.0,E,8,2.17,E,8,-9900,?,9,-9900,?,9,0.0,E,8,-9900,?,9,-9900,?,9,0.0,0.0,E,8
03/13/2020,08:00,527.564,1382.404,86.32,1,8,0.0,1,8,86.32,1,8,10358.4,1,8,0.0,1,8,9495.2,1,8,72.121,1,8,-9900,?,9,-9900,?,9,14.58,E,8,14.55,E,8,99.0,E,8,872.5394,E,8,999.0,E,8,1.24,E,8,-9900,?,9,-9900,?,9,0.0,E,8,-9900,?,9,-9900,?,9,0.0,0.0,E,8
03/13/2020,09:00,816.868,1382.404,199.98,1,8,12.532,1,8,192.579,1,8,23997.6,1,8,1190.558,1,8,21183.66,1,8,103.796,1,8,-9900,?,9,-9900,?,9,17.41,E,8,15.79,E,8,90.0,E,8,872.5394,E,8,999.0,E,8,1.06,E,8,-9900,?,9,-9900,?,9,0.0,E,8,-9900,?,9,-9900,?,9,0.0,0.0,E,8
03/13/2020,10:00,1052.377,1382.404,238.7,1,8,16.513,1,8,226.132,1,8,28644.0,1,8,1568.722,1,8,24874.52,1,8,94.573,1,8,-9900,?,9,-9900,?,9,18.04,E,8,16.06,E,8,88.0,E,8,872.5394,E,8,999.0,E,8,1.06,E,8,-9900,?,9,-9900,?,9,0.0,E,8,-9900,?,9,-9900,?,9,0.0,0.0,E,8
03/13/2020,11:00,1217.876,1382.404,648.28,1,8,250.67,1,8,427.462,1,8,77793.6,1,8,23813.67,1,8,47020.838,1,8,154.46,1,8,-9900,?,9,-9900,?,9,20.38,E,8,17.01,E,8,80.0,E,8,872.5394,E,8,999.0,E,8,1.06,E,8,-9900,?,9,-9900,?,9,0.0,E,8,-9900,?,9,-9900,?,9,0.0,0.0,E,8
03/13/2020,12:00,1302.025,1382.404,417.92,1,8,41.844,1,8,378.511,1,8,50150.4,1,8,3975.158,1,8,41636.174,1,8,127.926,1,8,-9900,?,9,-9900,?,9,20.87,E,8,17.2,E,8,79.0,E,8,872.5394,E,8,999.0,E,8,1.06,E,8,-9900,?,9,-9900,?,9,0.0,E,8,-9900,?,9,-9900,?,9,0.0,0.0,E,8
03/13/2020,13:00,1299.061,1382.404,267.37,1,8,2.538,1,8,264.985,1,8,32084.4,1,8,241.134,1,8,29148.335,1,8,89.762,1,8,-9900,?,9,-9900,?,9,20.58,E,8,17.09,E,8,80.0,E,8,872.5394,E,8,999.0,E,8,1.06,E,8,-9900,?,9,-9900,?,9,0.0,E,8,-9900,?,9,-9900,?,9,0.0,0.0,E,8
03/13/2020,14:00,1209.173,1382.404,273.5,1,8,10.959,1,8,263.915,1,8,32820.0,1,8,1041.144,1,8,29030.627,1,8,96.05,1,8,-9900,?,9,-9900,?,9,20.41,E,8,17.02,E,8,80.0,E,8,872.5394,E,8,999.0,E,8,1.06,E,8,-9900,?,9,-9900,?,9,0.0,E,8,-9900,?,9,-9900,?,9,0.0,0.0,E,8
03/13/2020,15:00,1038.495,1382.404,374.5,1,8,38.306,1,8,345.73,1,8,44940.0,1,8,3639.045,1,8,38030.337,1,8,146.527,1,8,-9900,?,9,-9900,?,9,20.7,E,8,17.13,E,8,80.0,E,8,872.5394,E,8,999.0,E,8,1.06,E,8,-9900,?,9,-9900,?,9,0.0,E,8,-9900,?,9,-9900,?,9,0.0,0.0,E,8
03/13/2020,16:00,798.698,1382.404,294.76,1,8,35.475,1,8,274.276,1,8,35371.2,1,8,3370.081,1,8,30170.383,1,8,151.198,1,8,-9900,?,9,-9900,?,9,20.63,E,8,17.1,E,8,80.0,E,8,872.5394,E,8,999.0,E,8,1.06,E,8,-9900,?,9,-9900,?,9,0.0,E,8,-9900,?,9,-9900,?,9,0.0,0.0,E,8
03/13/2020,17:00,506.284,1382.404,192.47,1,8,96.852,1,8,157.066,1,8,23096.4,1,8,9200.919,1,8,17277.268,1,8,136.769,1,8,-9900,?,9,-9900,?,9,20.23,E,8,16.95,E,8,81.0,E,8,872.5394,E,8,999.0,E,8,1.06,E,8,-9900,?,9,-9900,?,9,0.0,E,8,-9900,?,9,-9900,?,9,0.0,0.0,E,8
03/13/2020,18:00,182.312,1382.404,78.53,1,8,268.792,1,8,43.623,1,8,9423.6,1,8,25535.26,1,8,4798.5,1,8,106.921,1,8,-9900,?,9,-9900,?,9,19.56,E,8,16.68,E,8,83.0,E,8,872.5394,E,8,999.0,E,8,1.06,E,8,-9900,?,9,-9900,?,9,0.0,E,8,-9900,?,9,-9900,?,9,0.0,0.0,E,8
03/13/2020,19:00,0.0,1382.404,0.16,1,8,0.0,1,8,0.0,1,8,19.2,1,8,0.0,1,8,0.0,1,8,-0.0,1,8,-9900,?,9,-9900,?,9,19.16,E,8,16.52,E,8,84.0,E,8,872.5394,E,8,999.0,E,8,1.06,E,8,-9900,?,9,-9900,?,9,0.0,E,8,-9900,?,9,-9900,?,9,0.0,0.0,E,8
03/13/2020,20:00,0.0,1382.404,0.0,1,8,0.0,1,8,0.0,1,8,0.0,1,8,0.0,1,8,0.0,1,8,-0.0,1,8,-9900,?,9,-9900,?,9,18.76,E,8,16.35,E,8,85.0,E,8,872.5394,E,8,999.0,E,8,1.06,E,8,-9900,?,9,-9900,?,9,0.0,E,8,-9900,?,9,-9900,?,9,0.0,0.0,E,8
03/13/2020,21:00,0.0,1382.404,0.0,1,8,0.0,1,8,0.0,1,8,0.0,1,8,0.0,1,8,0.0,1,8,-0.0,1,8,-9900,?,9,-9900,?,9,18.37,E,8,16.19,E,8,87.0,E,8,872.5394,E,8,999.0,E,8,1.06,E,8,-9900,?,9,-9900,?,9,0.0,E,8,-9900,?,9,-9900,?,9,0.0,0.0,E,8
03/13/2020,22:00,0.0,1382.404,0.0,1,8,0.0,1,8,0.0,1,8,0.0,1,8,0.0,1,8,0.0,1,8,-0.0,1,8,-9900,?,9,-9900,?,9,17.97,E,8,16.03,E,8,88.0,E,8,872.5394,E,8,999.0,E,8,1.06,E,8,-9900,?,9,-9900,?,9,0.0,E,8,-9900,?,9,-9900,?,9,0.0,0.0,E,8
03/13/2020,23:00,0.0,1382.404,0.0,1,8,0.0,1,8,0.0,1,8,0.0,1,8,0.0,1,8,0.0,1,8,-0.0,1,8,-9900,?,9,-9900,?,9,17.57,E,8,15.86,E,8,89.0,E,8,872.5394,E,8,999.0,E,8,1.06,E,8,-9900,?,9,-9900,?,9,0.0,E,8,-9900,?,9,-9900,?,9,0.0,0.0,E,8
03/13/2020,24:00,0.0,1382.404,0.0,1,8,0.0,1,8,0.0,1,8,0.0,1,8,0.0,1,8,0.0,1,8,-0.0,1,8,-9900,?,9,-9900,?,9,17.17,E,8,16.12,E,8,93.0,E,8,872.5394,E,8,999.0,E,8,1.14,E,8,-9900,?,9,-9900,?,9,0.0,E,8,-9900,?,9,-9900,?,9,0.0,0.0,E,8
03/14/2020,01:00,0.0,1382.404,0.0,1,8,0.0,1,8,0.0,1,8,0.0,1,8,0.0,1,8,0.0,1,8,-0.0,1,8,-9900,?,9,-9900,?,9,16.98,E,8,16.07,E,8,94.0,E,8,872.5394,E,8,999.0,E,8,1.14,E,8,-9900,?,9,-9900,?,9,0.0,E,8,-9900,?,9,-9900,?,9,0.0,0.0,E,8
03/14/2020,02:00,0.0,1382.404,0.0,1,8,0.0,1,8,0.0,1,8,0.0,1,8,0.0,1,8,0.0,1,8,-0.0,1,8,-9900,?,9,-9900,?,9,16.78,E,8,16.02,E,8,95.0,E,8,872.5394,E,8,999.0,E,8,1.14,E,8,-9900,?,9,-9900,?,9,0.0,E,8,-9900,?,9,-9900,?,9,0.0,0.0,E,8
03/14/2020,03:00,0.0,1382.404,0.0,1,8,0.0,1,8,0.0,1,8,0.0,1,8,0.0,1,8,0.0,1,8,-0.0,1,8,-9900,?,9,-9900,?,9,16.58,E,8,15.96,E,8,96.0,E,8,872.5394,E,8,999.0,E,8,1.14,E,8,-9900,?,9,-9900,?,9,0.0,E,8,-9900,?,9,-9900,?,9,0.0,0.0,E,8
03/14/2020,04:00,0.0,1381.627,0.0,1,8,0.0,1,8,0.0,1,8,0.0,1,8,0.0,1,8,0.0,1,8,-0.0,1,8,-9900,?,9,-9900,?,9,16.38,E,8,15.9,E,8,97.0,E,8,872.5394,E,8,999.0,E,8,1.14,E,8,-9900,?,9,-9900,?,9,0.0,E,8,-9900,?,9,-9900,?,9,0.0,0.0,E,8
03/14/2020,05:00,0.0,1381.627,0.0,1,8,0.0,1,8,0.0,1,8,0.0,1,8,0.0,1,8,0.0,1,8,-0.0,1,8,-9900,?,9,-9900,?,9,16.18,E,8,15.85,E,8,97.0,E,8,872.5394,E,8,999.0,E,8,1.14,E,8,-9900,?,9,-9900,?,9,0.0,E,8,-9900,?,9,-9900,?,9,0.0,0.0,E,8
03/14/2020,06:00,0.0,1381.627,0.0,1,8,0.0,1,8,0.0,1,8,0.0,1,8,0.0,1,8,0.0,1,8,-0.0,1,8,-9900,?,9,-9900,?,9,16.03,E,8,15.81,E,8,98.0,E,8,872.5394,E,8,999.0,E,8,1.14,E,8,-9900,?,9,-9900,?,9,0.0,E,8,-9900,?,9,-9900,?,9,0.0,0.0,E,8
03/14/2020,07:00,203.221,1381.627,0.77,1,8,0.0,1,8,0.77,1,8,92.4,1,8,0.0,1,8,84.7,1,8,1.687,1,8,-9900,?,9,-9900,?,9,15.9,E,8,15.77,E,8,99.0,E,8,872.5394,E,8,999.0,E,8,1.14,E,8,-9900,?,9,-9900,?,9,0.0,E,8,-9900,?,9,-9900,?,9,0.0,0.0,E,8
03/14/2020,08:00,525.434,1381.627,83.99,1,8,0.0,1,8,83.99,1,8,10078.8,1,8,0.0,1,8,9238.9,1,8,70.42,1,8,-9900,?,9,-9900,?,9,15.77,E,8,15.73,E,8,99.0,E,8,872.5394,E,8,999.0,E,8,1.14,E,8,-9900,?,9,-9900,?,9,0.0,E,8,-9900,?,9,-9900,?,9,0.0,0.0,E,8
03/14/2020,09:00,814.456,1381.627,195.21,1,8,11.358,1,8,188.518,1,8,23425.2,1,8,1078.983,1,8,20737.026,1,8,101.851,1,8,-9900,?,9,-9900,?,9,18.42,E,8,16.46,E,8,88.0,E,8,872.5394,E,8,999.0,E,8,1.14,E,8,-9900,?,9,-9900,?,9,0.0,E,8,-9900,?,9,-9900,?,9,0.0,0.0,E,8
03/14/2020,10:00,1049.613,1381.627,294.01,1,8,8.464,1,8,287.581,1,8,35281.2,1,8,804.098,1,8,31633.931,1,8,120.522,1,8,-9900,?,9,-9900,?,9,19.39,E,8,16.72,E,8,84.0,E,8,872.5394,E,8,999.0,E,8,1.14,E,8,-9900,?,9,-9900,?,9,0.0,E,8,-9900,?,9,-9900,?,9,0.0,0.0,E,8
03/14/2020,11:00,1214.714,1381.627,370.2,1,8,21.035,1,8,351.708,1,8,44424.0,1,8,1998.287,1,8,38687.897,1,8,127.346,1,8,-9900,?,9,-9900,?,9,20.25,E,8,16.94,E,8,81.0,E,8,872.5394,E,8,999.0,E,8,1.14,E,8,-9900,?,9,-9900,?,9,0.0,E,8,-9900,?,9,-9900,?,9,0.0,0.0,E,8
03/14/2020,12:00,1298.446,1381.627,417.76,1,8,32.195,1,8,387.505,1,8,50131.2,1,8,3058.512,1,8,42625.506,1,8,131.253,1,8,-9900,?,9,-9900,?,9,20.94,E,8,17.12,E,8,78.0,E,8,872.5394,E,8,999.0,E,8,1.14,E,8,-9900,?,9,-9900,?,9,0.0,E,8,-9900,?,9,-9900,?,9,0.0,0.0,E,8
03/14/2020,13:00,1295.073,1381.627,433.14,1,8,35.839,1,8,399.547,1,8,51976.8,1,8,3404.749,1,8,43950.181,1,8,135.685,1,8,-9900,?,9,-9900,?,9,21.45,E,8,17.25,E,8,77.0,E,8,872.5394,E,8,999.0,E,8,1.14,E,8,-9900,?,9,-9900,?,9,0.0,E,8,-9900,?,9,-9900,?,9,0.0,0.0,E,8
03/14/2020,14:00,1204.815,1381.627,415.22,1,8,40.958,1,8,379.507,1,8,49826.4,1,8,3890.993,1,8,41745.77,1,8,138.542,1,8,-9900,?,9,-9900,?,9,21.76,E,8,17.33,E,8,75.0,E,8,872.5394,E,8,999.0,E,8,1.14,E,8,-9900,?,9,-9900,?,9,0.0,E,8,-9900,?,9,-9900,?,9,0.0,0.0,E,8
03/14/2020,15:00,1033.83,1381.627,365.31,1,8,24.775,1,8,346.776,1,8,43837.2,1,8,2353.6,1,8,38145.37,1,8,147.551,1,8,-9900,?,9,-9900,?,9,21.88,E,8,17.36,E,8,75.0,E,8,872.5394,E,8,999.0,E,8,1.14,E,8,-9900,?,9,-9900,?,9,0.0,E,8,-9900,?,9,-9900,?,9,0.0,0.0,E,8
03/14/2020,16:00,793.812,1381.627,287.1,1,8,32.669,1,8,268.341,1,8,34452.0,1,8,3103.559,1,8,29517.534,1,8,148.754,1,8,-9900,?,9,-9900,?,9,21.75,E,8,17.33,E,8,75.0,E,8,872.5394,E,8,999.0,E,8,1.14,E,8,-9900,?,9,-9900,?,9,0.0,E,8,-9900,?,9,-9900,?,9,0.0,0.0,E,8
03/14/2020,17:00,501.28,1381.627,186.86,1,8,89.268,1,8,154.534,1,8,22423.2,1,8,8480.482,1,8,16998.727,1,8,135.837,1,8,-9900,?,9,-9900,?,9,21.33,E,8,17.22,E,8,77.0,E,8,872.5394,E,8,999.0,E,8,1.14,E,8,-9900,?,9,-9900,?,9,0.0,E,8,-9900,?,9,-9900,?,9,0.0,0.0,E,8
03/14/2020,18:00,177.349,1381.627,75.35,1,8,257.728,1,8,42.799,1,8,9042.0,1,8,24484.135,1,8,4707.891,1,8,107.865,1,8,-9900,?,9,-9900,?,9,20.66,E,8,17.05,E,8,79.0,E,8,872.5394,E,8,999.0,E,8,1.14,E,8,-9900,?,9,-9900,?,9,0.0,E,8,-9900,?,9,-9900,?,9,0.0,0.0,E,8
03/14/2020,19:00,0.0,1381.627,0.09,1,8,0.0,1,8,0.0,1,8,10.8,1,8,0.0,1,8,0.0,1,8,-0.0,1,8,-9900,?,9,-9900,?,9,20.21,E,8,16.93,E,8,81.0,E,8,872.5394,E,8,999.0,E,8,1.14,E,8,-9900,?,9,-9900,?,9,0.0,E,8,-9900,?,9,-9900,?,9,0.0,0.0,E,8
03/14/2020,20:00,0.0,1381.627,0.0,1,8,0.0,1,8,0.0,1,8,0.0,1,8,0.0,1,8,0.0,1,8,-0.0,1,8,-9900,?,9,-9900,?,9,19.77,E,8,16.82,E,8,83.0,E,8,872.5394,E,8,999.0,E,8,1.14,E,8,-9900,?,9,-9900,?,9,0.0,E,8,-9900,?,9,-9900,?,9,0.0,0.0,E,8
03/14/2020,21:00,0.0,1381.627,0.0,1,8,0.0,1,8,0.0,1,8,0.0,1,8,0.0,1,8,0.0,1,8,-0.0,1,8,-9900,?,9,-9900,?,9,19.33,E,8,16.7,E,8,84.0,E,8,872.5394,E,8,999.0,E,8,1.14,E,8,-9900,?,9,-9900,?,9,0.0,E,8,-9900,?,9,-9900,?,9,0.0,0.0,E,8
03/14/2020,22:00,0.0,1381.627,0.0,1,8,0.0,1,8,0.0,1,8,0.0,1,8,0.0,1,8,0.0,1,8,-0.0,1,8,-9900,?,9,-9900,?,9,18.88,E,8,16.58,E,8,86.0,E,8,872.5394,E,8,999.0,E,8,1.14,E,8,-9900,?,9,-9900,?,9,0.0,E,8,-9900,?,9,-9900,?,9,0.0,0.0,E,8
03/14/2020,23:00,0.0,1381.627,0.0,1,8,0.0,1,8,0.0,1,8,0.0,1,8,0.0,1,8,0.0,1,8,-0.0,1,8,-9900,?,9,-9900,?,9,18.44,E,8,16.47,E,8,88.0,E,8,872.5394,E,8,999.0,E,8,1.14,E,8,-9900,?,9,-9900,?,9,0.0,E,8,-9900,?,9,-9900,?,9,0.0,0.0,E,8
03/14/2020,24:00,0.0,1381.627,0.0,1,8,0.0,1,8,0.0,1,8,0.0,1,8,0.0,1,8,0.0,1,8,-0.0,1,8,-9900,?,9,-9900,?,9,17.99,E,8,15.88,E,8,87.0,E,8,872.5394,E,8,999.0,E,8,1.14,E,8,-9900,?,9,-9900,?,9,0.009,E,8,-9900,?,9,-9900,?,9,0.09,99.0,E,8
03/15/2020,01:00,0.0,1381.627,0.0,1,8,0.0,1,8,0.0,1,8,0.0,1,8,0.0,1,8,0.0,1,8,-0.0,1,8,-9900,?,9,-9900,?,9,17.77,E,8,15.87,E,8,88.0,E,8,872.5394,E,8,999.0,E,8,1.14,E,8,-9900,?,9,-9900,?,9,0.016,E,8,-9900,?,9,-9900,?,9,0.16,99.0,E,8
03/15/2020,02:00,0.0,1381.627,0.0,1,8,0.0,1,8,0.0,1,8,0.0,1,8,0.0,1,8,0.0,1,8,-0.0,1,8,-9900,?,9,-9900,?,9,17.55,E,8,15.86,E,8,89.0,E,8,872.5394,E,8,999.0,E,8,1.14,E,8,-9900,?,9,-9900,?,9,0.001,E,8,-9900,?,9,-9900,?,9,0.01,99.0,E,8
03/15/2020,03:00,0.0,1381.627,0.0,1,8,0.0,1,8,0.0,1,8,0.0,1,8,0.0,1,8,0.0,1,8,-0.0,1,8,-9900,?,9,-9900,?,9,17.33,E,8,15.84,E,8,86.0,E,8,872.5394,E,8,999.0,E,8,1.14,E,8,-9900,?,9,-9900,?,9,0.0,E,8,-9900,?,9,-9900,?,9,0.0,0.0,E,8
03/15/2020,04:00,0.0,1380.846,0.0,1,8,0.0,1,8,0.0,1,8,0.0,1,8,0.0,1,8,0.0,1,8,-0.0,1,8,-9900,?,9,-9900,?,9,17.1,E,8,15.83,E,8,87.0,E,8,872.5394,E,8,999.0,E,8,1.14,E,8,-9900,?,9,-9900,?,9,0.0,E,8,-9900,?,9,-9900,?,9,0.0,0.0,E,8
03/15/2020,05:00,0.0,1380.846,0.0,1,8,0.0,1,8,0.0,1,8,0.0,1,8,0.0,1,8,0.0,1,8,-0.0,1,8,-9900,?,9,-9900,?,9,16.88,E,8,15.81,E,8,88.0,E,8,872.5394,E,8,999.0,E,8,1.14,E,8,-9900,?,9,-9900,?,9,0.0,E,8,-9900,?,9,-9900,?,9,0.0,0.0,E,8
03/15/2020,06:00,0.0,1380.846,0.0,1,8,0.0,1,8,0.0,1,8,0.0,1,8,0.0,1,8,0.0,1,8,-0.0,1,8,-9900,?,9,-9900,?,9,16.71,E,8,15.8,E,8,89.0,E,8,872.5394,E,8,999.0,E,8,1.14,E,8,-9900,?,9,-9900,?,9,0.0,E,8,-9900,?,9,-9900,?,9,0.0,0.0,E,8
03/15/2020,07:00,201.307,1380.846,5.82,1,8,0.0,1,8,5.82,1,8,698.4,1,8,0.0,1,8,640.2,1,8,12.87,1,8,-9900,?,9,-9900,?,9,16.56,E,8,15.79,E,8,94.0,E,8,872.5394,E,8,999.0,E,8,1.14,E,8,-9900,?,9,-9900,?,9,0.002,E,8,-9900,?,9,-9900,?,9,0.02,99.0,E,8
03/15/2020,08:00,523.296,1380.846,120.5,1,8,0.0,1,8,120.5,1,8,14460.0,1,8,0.0,1,8,13255.0,1,8,101.389,1,8,-9900,?,9,-9900,?,9,16.42,E,8,15.78,E,8,94.0,E,8,872.5394,E,8,999.0,E,8,1.14,E,8,-9900,?,9,-9900,?,9,0.006,E,8,-9900,?,9,-9900,?,9,0.06,99.0,E,8
03/15/2020,09:00,812.018,1380.846,195.73,1,8,11.589,1,8,188.919,1,8,23487.6,1,8,1100.947,1,8,20781.07,1,8,102.317,1,8,-9900,?,9,-9900,?,9,19.9,E,8,16.01,E,8,80.0,E,8,872.5394,E,8,999.0,E,8,1.14,E,8,-9900,?,9,-9900,?,9,0.003,E,8,-9900,?,9,-9900,?,9,0.03,99.0,E,8
03/15/2020,10:00,1046.808,1380.846,187.85,1,8,6.563,1,8,182.876,1,8,22542.0,1,8,623.483,1,8,20116.332,1,8,76.803,1,8,-9900,?,9,-9900,?,9,20.12,E,8,16.02,E,8,75.0,E,8,872.5394,E,8,999.0,E,8,1.14,E,8,-9900,?,9,-9900,?,9,0.0,E,8,-9900,?,9,-9900,?,9,0.0,0.0,E,8
03/15/2020,11:00,1211.497,1380.846,313.28,1,8,2.246,1,8,311.31,1,8,37593.6,1,8,213.348,1,8,34244.081,1,8,112.955,1,8,-9900,?,9,-9900,?,9,20.92,E,8,16.08,E,8,72.0,E,8,872.5394,E,8,999.0,E,8,1.14,E,8,-9900,?,9,-9900,?,9,0.0,E,8,-9900,?,9,-9900,?,9,0.0,0.0,E,8
03/15/2020,12:00,1294.802,1380.846,353.49,1,8,20.402,1,8,334.36,1,8,42418.8,1,8,1938.203,1,8,36779.593,1,8,113.507,1,8,-9900,?,9,-9900,?,9,21.58,E,8,16.12,E,8,70.0,E,8,872.5394,E,8,999.0,E,8,1.14,E,8,-9900,?,9,-9900,?,9,0.0,E,8,-9900,?,9,-9900,?,9,0.0,0.0,E,8
03/15/2020,13:00,1291.017,1380.846,366.41,1,8,21.695,1,8,346.128,1,8,43969.2,1,8,2060.99,1,8,38074.031,1,8,117.847,1,8,-9900,?,9,-9900,?,9,22.07,E,8,16.15,E,8,72.0,E,8,872.5394,E,8,999.0,E,8,1.14,E,8,-9900,?,9,-9900,?,9,0.005,E,8,-9900,?,9,-9900,?,9,0.05,99.0,E,8
03/15/2020,14:00,1200.388,1380.846,351.08,1,8,16.495,1,8,336.742,1,8,42129.6,1,8,1567.045,1,8,37041.604,1,8,123.314,1,8,-9900,?,9,-9900,?,9,22.37,E,8,16.17,E,8,67.0,E,8,872.5394,E,8,999.0,E,8,1.14,E,8,-9900,?,9,-9900,?,9,0.0,E,8,-9900,?,9,-9900,?,9,0.0,0.0,E,8
03/15/2020,15:00,1029.1,1380.846,308.62,1,8,10.297,1,8,300.948,1,8,37034.4,1,8,978.178,1,8,33104.289,1,8,128.568,1,8,-9900,?,9,-9900,?,9,22.47,E,8,16.18,E,8,71.0,E,8,872.5394,E,8,999.0,E,8,1.14,E,8,-9900,?,9,-9900,?,9,0.012,E,8,-9900,?,9,-9900,?,9,0.12,99.0,E,8
03/15/2020,16:00,788.869,1380.846,242.19,1,8,14.532,1,8,233.893,1,8,29062.8,1,8,1380.524,1,8,25728.238,1,8,130.398,1,8,-9900,?,9,-9900,?,9,22.34,E,8,16.17,E,8,71.0,E,8,872.5394,E,8,999.0,E,8,1.14,E,8,-9900,?,9,-9900,?,9,0.02,E,8,-9900,?,9,-9900,?,9,0.2,99.0,E,8
03/15/2020,17:00,496.232,1380.846,157.11,1,8,27.331,1,8,147.307,1,8,18853.2,1,8,2596.479,1,8,16203.792,1,8,130.733,1,8,-9900,?,9,-9900,?,9,21.91,E,8,16.14,E,8,73.0,E,8,872.5394,E,8,999.0,E,8,1.14,E,8,-9900,?,9,-9900,?,9,0.026000000000000002,E,8,-9900,?,9,-9900,?,9,0.26,99.0,E,8
03/15/2020,18:00,172.362,1380.846,62.59,1,8,156.352,1,8,43.404,1,8,7510.8,1,8,14853.46,1,8,4774.462,1,8,112.592,1,8,-9900,?,9,-9900,?,9,21.24,E,8,16.1,E,8,75.0,E,8,872.5394,E,8,999.0,E,8,1.14,E,8,-9900,?,9,-9900,?,9,0.046,E,8,-9900,?,9,-9900,?,9,0.46,99.0,E,8
03/15/2020,19:00,0.0,1380.846,0.05,1,8,0.0,1,8,0.0,1,8,6.0,1,8,0.0,1,8,0.0,1,8,-0.0,1,8,-9900,?,9,-9900,?,9,20.59,E,8,16.06,E,8,77.0,E,8,872.5394,E,8,999.0,E,8,1.14,E,8,-9900,?,9,-9900,?,9,0.034999999999999996,E,8,-9900,?,9,-9900,?,9,0.35,99.0,E,8
03/15/2020,20:00,0.0,1380.846,0.0,1,8,0.0,1,8,0.0,1,8,0.0,1,8,0.0,1,8,0.0,1,8,-0.0,1,8,-9900,?,9,-9900,?,9,19.93,E,8,16.01,E,8,84.0,E,8,872.5394,E,8,999.0,E,8,1.14,E,8,-9900,?,9,-9900,?,9,0.155,E,8,-9900,?,9,-9900,?,9,1.55,99.0,E,8
03/15/2020,21:00,0.0,1380.846,0.0,1,8,0.0,1,8,0.0,1,8,0.0,1,8,0.0,1,8,0.0,1,8,-0.0,1,8,-9900,?,9,-9900,?,9,19.28,E,8,15.97,E,8,82.0,E,8,872.5394,E,8,999.0,E,8,1.14,E,8,-9900,?,9,-9900,?,9,0.063,E,8,-9900,?,9,-9900,?,9,0.63,99.0,E,8
03/15/2020,22:00,0.0,1380.846,0.0,1,8,0.0,1,8,0.0,1,8,0.0,1,8,0.0,1,8,0.0,1,8,-0.0,1,8,-9900,?,9,-9900,?,9,18.63,E,8,15.93,E,8,85.0,E,8,872.5394,E,8,999.0,E,8,1.14,E,8,-9900,?,9,-9900,?,9,0.091,E,8,-9900,?,9,-9900,?,9,0.91,99.0,E,8
03/15/2020,23:00,0.0,1380.846,0.0,1,8,0.0,1,8,0.0,1,8,0.0,1,8,0.0,1,8,0.0,1,8,-0.0,1,8,-9900,?,9,-9900,?,9,17.97,E,8,15.88,E,8,96.0,E,8,872.5394,E,8,999.0,E,8,1.14,E,8,-9900,?,9,-9900,?,9,1.911,E,8,-9900,?,9,-9900,?,9,19.11,99.0,E,8
03/15/2020,24:00,0.0,1380.846,0.0,1,8,0.0,1,8,0.0,1,8,0.0,1,8,0.0,1,8,0.0,1,8,-0.0,1,8,-9900,?,9,-9900,?,9,17.32,E,8,15.68,E,8,90.0,E,8,872.5394,E,8,999.0,E,8,1.14,E,8,-9900,?,9,-9900,?,9,0.0,E,8,-9900,?,9,-9900,?,9,0.0,0.0,E,8
03/16/2020,01:00,0.0,1380.846,0.0,1,8,0.0,1,8,0.0,1,8,0.0,1,8,0.0,1,8,0.0,1,8,-0.0,1,8,-9900,?,9,-9900,?,9,16.99,E,8,15.51,E,8,91.0,E,8,872.5394,E,8,999.0,E,8,1.14,E,8,-9900,?,9,-9900,?,9,0.0,E,8,-9900,?,9,-9900,?,9,0.0,0.0,E,8
03/16/2020,02:00,0.0,1380.846,0.0,1,8,0.0,1,8,0.0,1,8,0.0,1,8,0.0,1,8,0.0,1,8,-0.0,1,8,-9900,?,9,-9900,?,9,16.66,E,8,15.34,E,8,91.0,E,8,872.5394,E,8,999.0,E,8,1.14,E,8,-9900,?,9,-9900,?,9,0.0,E,8,-9900,?,9,-9900,?,9,0.0,0.0,E,8
03/16/2020,03:00,0.0,1380.846,0.0,1,8,0.0,1,8,0.0,1,8,0.0,1,8,0.0,1,8,0.0,1,8,-0.0,1,8,-9900,?,9,-9900,?,9,16.34,E,8,15.18,E,8,92.0,E,8,872.5394,E,8,999.0,E,8,1.14,E,8,-9900,?,9,-9900,?,9,0.0,E,8,-9900,?,9,-9900,?,9,0.0,0.0,E,8
03/16/2020,04:00,0.0,1380.062,0.0,1,8,0.0,1,8,0.0,1,8,0.0,1,8,0.0,1,8,0.0,1,8,-0.0,1,8,-9900,?,9,-9900,?,9,16.01,E,8,15.0,E,8,93.0,E,8,872.5394,E,8,999.0,E,8,1.14,E,8,-9900,?,9,-9900,?,9,0.0,E,8,-9900,?,9,-9900,?,9,0.0,0.0,E,8
03/16/2020,05:00,0.0,1380.062,0.0,1,8,0.0,1,8,0.0,1,8,0.0,1,8,0.0,1,8,0.0,1,8,-0.0,1,8,-9900,?,9,-9900,?,9,15.68,E,8,14.82,E,8,94.0,E,8,872.5394,E,8,999.0,E,8,1.14,E,8,-9900,?,9,-9900,?,9,0.0,E,8,-9900,?,9,-9900,?,9,0.0,0.0,E,8
03/16/2020,06:00,0.0,1380.062,0.0,1,8,0.0,1,8,0.0,1,8,0.0,1,8,0.0,1,8,0.0,1,8,-0.0,1,8,-9900,?,9,-9900,?,9,15.43,E,8,14.69,E,8,95.0,E,8,872.5394,E,8,999.0,E,8,1.14,E,8,-9900,?,9,-9900,?,9,0.0,E,8,-9900,?,9,-9900,?,9,0.0,0.0,E,8
03/16/2020,07:00,199.402,1380.062,0.59,1,8,0.0,1,8,0.59,1,8,70.8,1,8,0.0,1,8,64.9,1,8,1.317,1,8,-9900,?,9,-9900,?,9,15.22,E,8,14.58,E,8,95.0,E,8,872.5394,E,8,999.0,E,8,1.14,E,8,-9900,?,9,-9900,?,9,0.0,E,8,-9900,?,9,-9900,?,9,0.0,0.0,E,8
03/16/2020,08:00,521.148,1380.062,77.26,1,8,0.0,1,8,77.26,1,8,9271.2,1,8,0.0,1,8,8498.6,1,8,65.238,1,8,-9900,?,9,-9900,?,9,15.0,E,8,14.46,E,8,96.0,E,8,872.5394,E,8,999.0,E,8,1.14,E,8,-9900,?,9,-9900,?,9,0.0,E,8,-9900,?,9,-9900,?,9,0.0,0.0,E,8
03/16/2020,09:00,809.553,1380.062,180.75,1,8,2.344,1,8,179.376,1,8,21690.0,1,8,222.659,1,8,19731.348,1,8,97.389,1,8,-9900,?,9,-9900,?,9,18.03,E,8,16.04,E,8,88.0,E,8,872.5394,E,8,999.0,E,8,1.14,E,8,-9900,?,9,-9900,?,9,0.0,E,8,-9900,?,9,-9900,?,9,0.0,0.0,E,8
03/16/2020,10:00,1043.96,1380.062,272.63,1,8,7.088,1,8,267.27,1,8,32715.6,1,8,673.316,1,8,29399.672,1,8,112.489,1,8,-9900,?,9,-9900,?,9,19.15,E,8,16.59,E,8,85.0,E,8,872.5394,E,8,999.0,E,8,1.14,E,8,-9900,?,9,-9900,?,9,0.0,E,8,-9900,?,9,-9900,?,9,0.0,0.0,E,8
03/16/2020,11:00,1208.226,1380.062,343.4,1,8,17.946,1,8,327.69,1,8,41208.0,1,8,1704.846,1,8,36045.915,1,8,119.152,1,8,-9900,?,9,-9900,?,9,20.13,E,8,17.06,E,8,82.0,E,8,872.5394,E,8,999.0,E,8,1.14,E,8,-9900,?,9,-9900,?,9,0.0,E,8,-9900,?,9,-9900,?,9,0.0,0.0,E,8
03/16/2020,12:00,1291.095,1380.062,387.44,1,8,27.319,1,8,361.883,1,8,46492.8,1,8,2595.313,1,8,39807.144,1,8,123.134,1,8,-9900,?,9,-9900,?,9,20.92,E,8,17.43,E,8,80.0,E,8,872.5394,E,8,999.0,E,8,1.14,E,8,-9900,?,9,-9900,?,9,0.0,E,8,-9900,?,9,-9900,?,9,0.0,0.0,E,8
03/16/2020,13:00,1286.892,1380.062,401.48,1,8,29.838,1,8,373.658,1,8,48177.6,1,8,2834.579,1,8,41102.372,1,8,127.556,1,8,-9900,?,9,-9900,?,9,21.51,E,8,17.7,E,8,78.0,E,8,872.5394,E,8,999.0,E,8,1.14,E,8,-9900,?,9,-9900,?,9,0.0,E,8,-9900,?,9,-9900,?,9,0.0,0.0,E,8
03/16/2020,14:00,1195.892,1380.062,384.49,1,8,33.089,1,8,355.82,1,8,46138.8,1,8,3143.445,1,8,39140.158,1,8,130.716,1,8,-9900,?,9,-9900,?,9,21.87,E,8,17.86,E,8,78.0,E,8,872.5394,E,8,999.0,E,8,1.14,E,8,-9900,?,9,-9900,?,9,0.0,E,8,-9900,?,9,-9900,?,9,0.0,0.0,E,8
03/16/2020,15:00,1024.307,1380.062,337.71,1,8,19.264,1,8,323.415,1,8,40525.2,1,8,1830.098,1,8,35575.671,1,8,138.734,1,8,-9900,?,9,-9900,?,9,22.0,E,8,17.92,E,8,77.0,E,8,872.5394,E,8,999.0,E,8,1.14,E,8,-9900,?,9,-9900,?,9,0.0,E,8,-9900,?,9,-9900,?,9,0.0,0.0,E,8
03/16/2020,16:00,783.873,1380.062,264.61,1,8,17.656,1,8,254.588,1,8,31753.2,1,8,1677.282,1,8,28004.66,1,8,142.76,1,8,-9900,?,9,-9900,?,9,21.85,E,8,17.85,E,8,78.0,E,8,872.5394,E,8,999.0,E,8,1.14,E,8,-9900,?,9,-9900,?,9,0.0,E,8,-9900,?,9,-9900,?,9,0.0,0.0,E,8
03/16/2020,17:00,491.145,1380.062,171.07,1,8,82.15,1,8,141.892,1,8,20528.4,1,8,7804.244,1,8,15608.171,1,8,127.165,1,8,-9900,?,9,-9900,?,9,21.36,E,8,17.63,E,8,79.0,E,8,872.5394,E,8,999.0,E,8,1.14,E,8,-9900,?,9,-9900,?,9,0.0,E,8,-9900,?,9,-9900,?,9,0.0,0.0,E,8
03/16/2020,18:00,167.354,1380.062,67.29,1,8,218.974,1,8,41.211,1,8,8074.8,1,8,20802.556,1,8,4533.209,1,8,110.145,1,8,-9900,?,9,-9900,?,9,20.58,E,8,17.27,E,8,86.0,E,8,872.5394,E,8,999.0,E,8,1.14,E,8,-9900,?,9,-9900,?,9,0.007000000000000001,E,8,-9900,?,9,-9900,?,9,0.07,99.0,E,8
03/16/2020,19:00,0.0,1380.062,0.0,1,8,0.0,1,8,0.0,1,8,0.0,1,8,0.0,1,8,0.0,1,8,-0.0,1,8,-9900,?,9,-9900,?,9,19.95,E,8,16.98,E,8,93.0,E,8,872.5394,E,8,999.0,E,8,1.14,E,8,-9900,?,9,-9900,?,9,0.189,E,8,-9900,?,9,-9900,?,9,1.89,99.0,E,8
03/16/2020,20:00,0.0,1380.062,0.0,1,8,0.0,1,8,0.0,1,8,0.0,1,8,0.0,1,8,0.0,1,8,-0.0,1,8,-9900,?,9,-9900,?,9,19.33,E,8,16.68,E,8,89.0,E,8,872.5394,E,8,999.0,E,8,1.14,E,8,-9900,?,9,-9900,?,9,0.003,E,8,-9900,?,9,-9900,?,9,0.03,99.0,E,8
03/16/2020,21:00,0.0,1380.062,0.0,1,8,0.0,1,8,0.0,1,8,0.0,1,8,0.0,1,8,0.0,1,8,-0.0,1,8,-9900,?,9,-9900,?,9,18.7,E,8,16.38,E,8,91.0,E,8,872.5394,E,8,999.0,E,8,1.14,E,8,-9900,?,9,-9900,?,9,0.001,E,8,-9900,?,9,-9900,?,9,0.01,99.0,E,8
03/16/2020,22:00,0.0,1380.062,0.0,1,8,0.0,1,8,0.0,1,8,0.0,1,8,0.0,1,8,0.0,1,8,-0.0,1,8,-9900,?,9,-9900,?,9,18.07,E,8,16.06,E,8,88.0,E,8,872.5394,E,8,999.0,E,8,1.14,E,8,-9900,?,9,-9900,?,9,0.0,E,8,-9900,?,9,-9900,?,9,0.0,0.0,E,8
03/16/2020,23:00,0.0,1380.062,0.0,1,8,0.0,1,8,0.0,1,8,0.0,1,8,0.0,1,8,0.0,1,8,-0.0,1,8,-9900,?,9,-9900,?,9,17.45,E,8,15.75,E,8,89.0,E,8,872.5394,E,8,999.0,E,8,1.14,E,8,-9900,?,9,-9900,?,9,0.0,E,8,-9900,?,9,-9900,?,9,0.0,0.0,E,8
03/16/2020,24:00,0.0,1380.062,0.0,1,8,0.0,1,8,0.0,1,8,0.0,1,8,0.0,1,8,0.0,1,8,-0.0,1,8,-9900,?,9,-9900,?,9,16.82,E,8,15.28,E,8,94.0,E,8,872.5394,E,8,999.0,E,8,1.14,E,8,-9900,?,9,-9900,?,9,0.001,E,8,-9900,?,9,-9900,?,9,0.01,99.0,E,8
03/17/2020,01:00,0.0,1380.062,0.0,1,8,0.0,1,8,0.0,1,8,0.0,1,8,0.0,1,8,0.0,1,8,-0.0,1,8,-9900,?,9,-9900,?,9,16.51,E,8,15.07,E,8,94.0,E,8,872.5394,E,8,999.0,E,8,1.14,E,8,-9900,?,9,-9900,?,9,0.001,E,8,-9900,?,9,-9900,?,9,0.01,99.0,E,8
03/17/2020,02:00,0.0,1380.062,0.0,1,8,0.0,1,8,0.0,1,8,0.0,1,8,0.0,1,8,0.0,1,8,-0.0,1,8,-9900,?,9,-9900,?,9,16.2,E,8,14.87,E,8,90.0,E,8,872.5394,E,8,999.0,E,8,1.14,E,8,-9900,?,9,-9900,?,9,0.0,E,8,-9900,?,9,-9900,?,9,0.0,0.0,E,8
03/17/2020,03:00,0.0,1380.062,0.0,1,8,0.0,1,8,0.0,1,8,0.0,1,8,0.0,1,8,0.0,1,8,-0.0,1,8,-9900,?,9,-9900,?,9,15.88,E,8,14.65,E,8,91.0,E,8,872.5394,E,8,999.0,E,8,1.14,E,8,-9900,?,9,-9900,?,9,0.0,E,8,-9900,?,9,-9900,?,9,0.0,0.0,E,8
03/17/2020,04:00,0.0,1379.274,0.0,1,8,0.0,1,8,0.0,1,8,0.0,1,8,0.0,1,8,0.0,1,8,-0.0,1,8,-9900,?,9,-9900,?,9,15.57,E,8,14.44,E,8,91.0,E,8,872.5394,E,8,999.0,E,8,1.14,E,8,-9900,?,9,-9900,?,9,0.0,E,8,-9900,?,9,-9900,?,9,0.0,0.0,E,8
03/17/2020,05:00,0.0,1379.274,0.0,1,8,0.0,1,8,0.0,1,8,0.0,1,8,0.0,1,8,0.0,1,8,-0.0,1,8,-9900,?,9,-9900,?,9,15.26,E,8,14.22,E,8,92.0,E,8,872.5394,E,8,999.0,E,8,1.14,E,8,-9900,?,9,-9900,?,9,0.0,E,8,-9900,?,9,-9900,?,9,0.0,0.0,E,8
03/17/2020,06:00,0.0,1379.274,0.0,1,8,0.0,1,8,0.0,1,8,0.0,1,8,0.0,1,8,0.0,1,8,-0.0,1,8,-9900,?,9,-9900,?,9,15.01,E,8,14.05,E,8,92.0,E,8,872.5394,E,8,999.0,E,8,1.14,E,8,-9900,?,9,-9900,?,9,0.0,E,8,-9900,?,9,-9900,?,9,0.0,0.0,E,8
03/17/2020,07:00,197.506,1379.274,0.68,1,8,0.0,1,8,0.68,1,8,81.6,1,8,0.0,1,8,74.8,1,8,1.532,1,8,-9900,?,9,-9900,?,9,14.81,E,8,13.91,E,8,92.0,E,8,872.5394,E,8,999.0,E,8,1.14,E,8,-9900,?,9,-9900,?,9,0.0,E,8,-9900,?,9,-9900,?,9,0.0,0.0,E,8
03/17/2020,08:00,518.991,1379.274,98.99,1,8,0.0,1,8,98.99,1,8,11878.8,1,8,0.0,1,8,10888.9,1,8,83.888,1,8,-9900,?,9,-9900,?,9,14.6,E,8,13.76,E,8,93.0,E,8,872.5394,E,8,999.0,E,8,1.14,E,8,-9900,?,9,-9900,?,9,0.0,E,8,-9900,?,9,-9900,?,9,0.0,0.0,E,8
03/17/2020,09:00,807.062,1379.274,232.39,1,8,25.027,1,8,217.754,1,8,27886.8,1,8,2377.599,1,8,23952.923,1,8,118.523,1,8,-9900,?,9,-9900,?,9,18.22,E,8,16.17,E,8,86.0,E,8,872.5394,E,8,999.0,E,8,1.14,E,8,-9900,?,9,-9900,?,9,0.0,E,8,-9900,?,9,-9900,?,9,0.0,0.0,E,8
03/17/2020,10:00,1041.07,1379.274,350.79,1,8,20.64,1,8,335.215,1,8,42094.8,1,8,1960.78,1,8,36873.609,1,8,141.397,1,8,-9900,?,9,-9900,?,9,19.57,E,8,16.98,E,8,84.0,E,8,872.5394,E,8,999.0,E,8,1.14,E,8,-9900,?,9,-9900,?,9,0.0,E,8,-9900,?,9,-9900,?,9,0.0,0.0,E,8
03/17/2020,11:00,1204.9,1379.274,441.94,1,8,37.249,1,8,409.403,1,8,53032.8,1,8,3538.669,1,8,45034.332,1,8,149.19,1,8,-9900,?,9,-9900,?,9,20.74,E,8,17.66,E,8,82.0,E,8,872.5394,E,8,999.0,E,8,1.14,E,8,-9900,?,9,-9900,?,9,0.0,E,8,-9900,?,9,-9900,?,9,0.0,0.0,E,8
03/17/2020,12:00,1287.325,1379.274,498.57,1,8,59.424,1,8,443.109,1,8,59828.4,1,8,5645.323,1,8,48742.041,1,8,151.127,1,8,-9900,?,9,-9900,?,9,21.69,E,8,18.19,E,8,80.0,E,8,872.5394,E,8,999.0,E,8,1.14,E,8,-9900,?,9,-9900,?,9,0.0,E,8,-9900,?,9,-9900,?,9,0.0,0.0,E,8
03/17/2020,13:00,1282.7,1379.274,516.49,1,8,69.011,1,8,452.314,1,8,61978.8,1,8,6556.039,1,8,49754.538,1,8,154.823,1,8,-9900,?,9,-9900,?,9,22.39,E,8,18.57,E,8,78.0,E,8,872.5394,E,8,999.0,E,8,1.14,E,8,-9900,?,9,-9900,?,9,0.0,E,8,-9900,?,9,-9900,?,9,0.0,0.0,E,8
03/17/2020,14:00,1191.331,1379.274,494.38,1,8,59.387,1,8,443.09,1,8,59325.6,1,8,5641.786,1,8,48739.914,1,8,163.307,1,8,-9900,?,9,-9900,?,9,22.82,E,8,18.8,E,8,78.0,E,8,872.5394,E,8,999.0,E,8,1.14,E,8,-9900,?,9,-9900,?,9,0.0,E,8,-9900,?,9,-9900,?,9,0.0,0.0,E,8
03/17/2020,15:00,1019.454,1379.274,433.86,1,8,61.83,1,8,388.171,1,8,52063.2,1,8,5873.805,1,8,42698.864,1,8,167.21,1,8,-9900,?,9,-9900,?,9,22.98,E,8,18.89,E,8,77.0,E,8,872.5394,E,8,999.0,E,8,1.14,E,8,-9900,?,9,-9900,?,9,0.0,E,8,-9900,?,9,-9900,?,9,0.0,0.0,E,8
03/17/2020,16:00,778.826,1379.274,339.42,1,8,113.22,1,8,275.529,1,8,40730.4,1,8,10755.9,1,8,30308.166,1,8,155.417,1,8,-9900,?,9,-9900,?,9,22.8,E,8,18.79,E,8,78.0,E,8,872.5394,E,8,999.0,E,8,1.14,E,8,-9900,?,9,-9900,?,9,0.0,E,8,-9900,?,9,-9900,?,9,0.0,0.0,E,8
03/17/2020,17:00,486.021,1379.274,218.67,1,8,223.61,1,8,140.037,1,8,26240.4,1,8,21242.987,1,8,15404.033,1,8,126.759,1,8,-9900,?,9,-9900,?,9,22.21,E,8,18.48,E,8,79.0,E,8,872.5394,E,8,999.0,E,8,1.14,E,8,-9900,?,9,-9900,?,9,0.0,E,8,-9900,?,9,-9900,?,9,0.0,0.0,E,8
03/17/2020,18:00,162.329,1379.274,84.89,1,8,242.255,1,8,56.918,1,8,10186.8,1,8,23014.222,1,8,6261.0,1,8,156.911,1,8,-9900,?,9,-9900,?,9,21.27,E,8,17.96,E,8,85.0,E,8,872.5394,E,8,999.0,E,8,1.14,E,8,-9900,?,9,-9900,?,9,0.004,E,8,-9900,?,9,-9900,?,9,0.04,99.0,E,8
03/17/2020,19:00,0.0,1379.274,0.0,1,8,0.0,1,8,0.0,1,8,0.0,1,8,0.0,1,8,0.0,1,8,-0.0,1,8,-9900,?,9,-9900,?,9,20.44,E,8,17.49,E,8,82.0,E,8,872.5394,E,8,999.0,E,8,1.14,E,8,-9900,?,9,-9900,?,9,0.0,E,8,-9900,?,9,-9900,?,9,0.0,0.0,E,8
03/17/2020,20:00,0.0,1379.274,0.0,1,8,0.0,1,8,0.0,1,8,0.0,1,8,0.0,1,8,0.0,1,8,-0.0,1,8,-9900,?,9,-9900,?,9,19.6,E,8,17.0,E,8,88.0,E,8,872.5394,E,8,999.0,E,8,1.14,E,8,-9900,?,9,-9900,?,9,0.094,E,8,-9900,?,9,-9900,?,9,0.94,99.0,E,8
03/17/2020,21:00,0.0,1379.274,0.0,1,8,0.0,1,8,0.0,1,8,0.0,1,8,0.0,1,8,0.0,1,8,-0.0,1,8,-9900,?,9,-9900,?,9,18.77,E,8,16.5,E,8,85.0,E,8,872.5394,E,8,999.0,E,8,1.14,E,8,-9900,?,9,-9900,?,9,0.0,E,8,-9900,?,9,-9900,?,9,0.0,0.0,E,8
03/17/2020,22:00,0.0,1379.274,0.0,1,8,0.0,1,8,0.0,1,8,0.0,1,8,0.0,1,8,0.0,1,8,-0.0,1,8,-9900,?,9,-9900,?,9,17.93,E,8,15.99,E,8,87.0,E,8,872.5394,E,8,999.0,E,8,1.14,E,8,-9900,?,9,-9900,?,9,0.0,E,8,-9900,?,9,-9900,?,9,0.0,0.0,E,8
03/17/2020,23:00,0.0,1379.274,0.0,1,8,0.0,1,8,0.0,1,8,0.0,1,8,0.0,1,8,0.0,1,8,-0.0,1,8,-9900,?,9,-9900,?,9,17.1,E,8,15.46,E,8,89.0,E,8,872.5394,E,8,999.0,E,8,1.14,E,8,-9900,?,9,-9900,?,9,0.0,E,8,-9900,?,9,-9900,?,9,0.0,0.0,E,8
03/17/2020,24:00,0.0,1379.274,0.0,1,8,0.0,1,8,0.0,1,8,0.0,1,8,0.0,1,8,0.0,1,8,-0.0,1,8,-9900,?,9,-9900,?,9,16.27,E,8,13.52,E,8,83.0,E,8,872.5394,E,8,999.0,E,8,1.0,E,8,-9900,?,9,-9900,?,9,0.0,E,8,-9900,?,9,-9900,?,9,0.0,0.0,E,8
03/18/2020,01:00,0.0,1379.274,0.0,1,8,0.0,1,8,0.0,1,8,0.0,1,8,0.0,1,8,0.0,1,8,-0.0,1,8,-9900,?,9,-9900,?,9,15.85,E,8,13.28,E,8,84.0,E,8,872.5394,E,8,999.0,E,8,1.0,E,8,-9900,?,9,-9900,?,9,0.0,E,8,-9900,?,9,-9900,?,9,0.0,0.0,E,8
03/18/2020,02:00,0.0,1379.274,0.0,1,8,0.0,1,8,0.0,1,8,0.0,1,8,0.0,1,8,0.0,1,8,-0.0,1,8,-9900,?,9,-9900,?,9,15.43,E,8,13.04,E,8,85.0,E,8,872.5394,E,8,999.0,E,8,1.0,E,8,-9900,?,9,-9900,?,9,0.0,E,8,-9900,?,9,-9900,?,9,0.0,0.0,E,8
03/18/2020,03:00,0.0,1379.274,0.0,1,8,0.0,1,8,0.0,1,8,0.0,1,8,0.0,1,8,0.0,1,8,-0.0,1,8,-9900,?,9,-9900,?,9,15.02,E,8,12.81,E,8,86.0,E,8,872.5394,E,8,999.0,E,8,1.0,E,8,-9900,?,9,-9900,?,9,0.0,E,8,-9900,?,9,-9900,?,9,0.0,0.0,E,8
03/18/2020,04:00,0.0,1378.483,0.0,1,8,0.0,1,8,0.0,1,8,0.0,1,8,0.0,1,8,0.0,1,8,-0.0,1,8,-9900,?,9,-9900,?,9,14.6,E,8,12.56,E,8,87.0,E,8,872.5394,E,8,999.0,E,8,1.0,E,8,-9900,?,9,-9900,?,9,0.0,E,8,-9900,?,9,-9900,?,9,0.0,0.0,E,8
03/18/2020,05:00,0.0,1378.483,0.0,1,8,0.0,1,8,0.0,1,8,0.0,1,8,0.0,1,8,0.0,1,8,-0.0,1,8,-9900,?,9,-9900,?,9,14.18,E,8,12.32,E,8,88.0,E,8,872.5394,E,8,999.0,E,8,1.0,E,8,-9900,?,9,-9900,?,9,0.0,E,8,-9900,?,9,-9900,?,9,0.0,0.0,E,8
03/18/2020,06:00,0.0,1378.483,0.0,1,8,0.0,1,8,0.0,1,8,0.0,1,8,0.0,1,8,0.0,1,8,-0.0,1,8,-9900,?,9,-9900,?,9,13.86,E,8,12.12,E,8,89.0,E,8,872.5394,E,8,999.0,E,8,1.0,E,8,-9900,?,9,-9900,?,9,0.0,E,8,-9900,?,9,-9900,?,9,0.0,0.0,E,8
03/18/2020,07:00,195.616,1378.483,4.47,1,8,0.0,1,8,4.47,1,8,536.4,1,8,0.0,1,8,491.7,1,8,10.161,1,8,-9900,?,9,-9900,?,9,13.59,E,8,11.96,E,8,89.0,E,8,872.5394,E,8,999.0,E,8,1.0,E,8,-9900,?,9,-9900,?,9,0.0,E,8,-9900,?,9,-9900,?,9,0.0,0.0,E,8
03/18/2020,08:00,516.823,1378.483,216.41,1,8,131.312,1,8,167.266,1,8,25969.2,1,8,12474.632,1,8,18399.237,1,8,142.262,1,8,-9900,?,9,-9900,?,9,13.31,E,8,11.79,E,8,90.0,E,8,872.5394,E,8,999.0,E,8,1.0,E,8,-9900,?,9,-9900,?,9,0.0,E,8,-9900,?,9,-9900,?,9,0.0,0.0,E,8
03/18/2020,09:00,804.543,1378.483,432.97,1,8,271.306,1,8,274.713,1,8,51956.4,1,8,25774.114,1,8,30218.485,1,8,149.909,1,8,-9900,?,9,-9900,?,9,18.33,E,8,14.62,E,8,78.0,E,8,872.5394,E,8,999.0,E,8,1.0,E,8,-9900,?,9,-9900,?,9,0.0,E,8,-9900,?,9,-9900,?,9,0.0,0.0,E,8
03/18/2020,10:00,1038.138,1378.483,540.01,1,8,166.439,1,8,414.693,1,8,64801.2,1,8,15811.696,1,8,45616.186,1,8,175.315,1,8,-9900,?,9,-9900,?,9,19.44,E,8,15.19,E,8,76.0,E,8,872.5394,E,8,999.0,E,8,1.0,E,8,-9900,?,9,-9900,?,9,0.0,E,8,-9900,?,9,-9900,?,9,0.0,0.0,E,8
03/18/2020,11:00,1201.52,1378.483,592.34,1,8,140.669,1,8,469.741,1,8,71080.8,1,8,13363.515,1,8,51671.524,1,8,171.561,1,8,-9900,?,9,-9900,?,9,20.19,E,8,15.56,E,8,74.0,E,8,872.5394,E,8,999.0,E,8,1.0,E,8,-9900,?,9,-9900,?,9,0.0,E,8,-9900,?,9,-9900,?,9,0.0,0.0,E,8
03/18/2020,12:00,1283.494,1378.483,697.58,1,8,214.832,1,8,497.561,1,8,83709.6,1,8,20409.023,1,8,54731.703,1,8,170.108,1,8,-9900,?,9,-9900,?,9,20.97,E,8,15.94,E,8,72.0,E,8,872.5394,E,8,999.0,E,8,1.0,E,8,-9900,?,9,-9900,?,9,0.0,E,8,-9900,?,9,-9900,?,9,0.0,0.0,E,8
03/18/2020,13:00,1278.444,1378.483,803.74,1,8,384.77,1,8,446.911,1,8,96448.8,1,8,36553.11,1,8,49160.187,1,8,153.395,1,8,-9900,?,9,-9900,?,9,21.76,E,8,16.31,E,8,71.0,E,8,872.5394,E,8,999.0,E,8,1.2,E,8,-9900,?,9,-9900,?,9,0.0,E,8,-9900,?,9,-9900,?,9,0.0,0.0,E,8
03/18/2020,14:00,1186.707,1378.483,739.07,1,8,385.227,1,8,407.47,1,8,88688.4,1,8,36596.592,1,8,44821.7,1,8,150.677,1,8,-9900,?,9,-9900,?,9,22.19,E,8,16.51,E,8,70.0,E,8,872.5394,E,8,999.0,E,8,2.72,E,8,-9900,?,9,-9900,?,9,0.0,E,8,-9900,?,9,-9900,?,9,0.0,0.0,E,8
03/18/2020,15:00,1014.543,1378.483,586.47,1,8,299.669,1,8,365.973,1,8,70376.4,1,8,28468.534,1,8,40257.034,1,8,158.321,1,8,-9900,?,9,-9900,?,9,22.21,E,8,16.52,E,8,70.0,E,8,872.5394,E,8,999.0,E,8,1.85,E,8,-9900,?,9,-9900,?,9,0.0,E,8,-9900,?,9,-9900,?,9,0.0,0.0,E,8
03/18/2020,16:00,773.732,1378.483,385.17,1,8,184.906,1,8,281.45,1,8,46220.4,1,8,17566.029,1,8,30959.505,1,8,159.713,1,8,-9900,?,9,-9900,?,9,21.65,E,8,16.26,E,8,71.0,E,8,872.5394,E,8,999.0,E,8,1.43,E,8,-9900,?,9,-9900,?,9,0.0,E,8,-9900,?,9,-9900,?,9,0.0,0.0,E,8
03/18/2020,17:00,480.863,1378.483,224.61,1,8,217.953,1,8,148.74,1,8,26953.2,1,8,20705.504,1,8,16361.369,1,8,136.009,1,8,-9900,?,9,-9900,?,9,20.79,E,8,15.85,E,8,73.0,E,8,872.5394,E,8,999.0,E,8,1.0,E,8,-9900,?,9,-9900,?,9,0.0,E,8,-9900,?,9,-9900,?,9,0.0,0.0,E,8
03/18/2020,18:00,157.29,1378.483,73.23,1,8,272.754,1,8,42.732,1,8,8787.6,1,8,25911.66,1,8,4700.505,1,8,121.647,1,8,-9900,?,9,-9900,?,9,19.71,E,8,15.32,E,8,75.0,E,8,872.5394,E,8,999.0,E,8,1.0,E,8,-9900,?,9,-9900,?,9,0.0,E,8,-9900,?,9,-9900,?,9,0.0,0.0,E,8
03/18/2020,19:00,0.0,1378.483,0.0,1,8,0.0,1,8,0.0,1,8,0.0,1,8,0.0,1,8,0.0,1,8,-0.0,1,8,-9900,?,9,-9900,?,9,19.0,E,8,14.96,E,8,77.0,E,8,872.5394,E,8,999.0,E,8,1.0,E,8,-9900,?,9,-9900,?,9,0.0,E,8,-9900,?,9,-9900,?,9,0.0,0.0,E,8
03/18/2020,20:00,0.0,1378.483,0.0,1,8,0.0,1,8,0.0,1,8,0.0,1,8,0.0,1,8,0.0,1,8,-0.0,1,8,-9900,?,9,-9900,?,9,18.28,E,8,14.59,E,8,79.0,E,8,872.5394,E,8,999.0,E,8,1.0,E,8,-9900,?,9,-9900,?,9,0.0,E,8,-9900,?,9,-9900,?,9,0.0,0.0,E,8
03/18/2020,21:00,0.0,1378.483,0.0,1,8,0.0,1,8,0.0,1,8,0.0,1,8,0.0,1,8,0.0,1,8,-0.0,1,8,-9900,?,9,-9900,?,9,17.56,E,8,14.22,E,8,80.0,E,8,872.5394,E,8,999.0,E,8,1.0,E,8,-9900,?,9,-9900,?,9,0.0,E,8,-9900,?,9,-9900,?,9,0.0,0.0,E,8
03/18/2020,22:00,0.0,1378.483,0.0,1,8,0.0,1,8,0.0,1,8,0.0,1,8,0.0,1,8,0.0,1,8,-0.0,1,8,-9900,?,9,-9900,?,9,16.85,E,8,13.83,E,8,82.0,E,8,872.5394,E,8,999.0,E,8,1.0,E,8,-9900,?,9,-9900,?,9,0.0,E,8,-9900,?,9,-9900,?,9,0.0,0.0,E,8
03/18/2020,23:00,0.0,1378.483,0.0,1,8,0.0,1,8,0.0,1,8,0.0,1,8,0.0,1,8,0.0,1,8,-0.0,1,8,-9900,?,9,-9900,?,9,16.13,E,8,13.44,E,8,84.0,E,8,872.5394,E,8,999.0,E,8,1.0,E,8,-9900,?,9,-9900,?,9,0.0,E,8,-9900,?,9,-9900,?,9,0.0,0.0,E,8
03/18/2020,24:00,0.0,1378.483,0.0,1,8,0.0,1,8,0.0,1,8,0.0,1,8,0.0,1,8,0.0,1,8,-0.0,1,8,-9900,?,9,-9900,?,9,15.41,E,8,12.0,E,8,80.0,E,8,872.5394,E,8,999.0,E,8,0.58,E,8,-9900,?,9,-9900,?,9,0.0,E,8,-9900,?,9,-9900,?,9,0.0,0.0,E,8
03/19/2020,01:00,0.0,1378.483,0.0,1,8,0.0,1,8,0.0,1,8,0.0,1,8,0.0,1,8,0.0,1,8,-0.0,1,8,-9900,?,9,-9900,?,9,15.06,E,8,11.9,E,8,81.0,E,8,872.5394,E,8,999.0,E,8,0.58,E,8,-9900,?,9,-9900,?,9,0.0,E,8,-9900,?,9,-9900,?,9,0.0,0.0,E,8
03/19/2020,02:00,0.0,1378.483,0.0,1,8,0.0,1,8,0.0,1,8,0.0,1,8,0.0,1,8,0.0,1,8,-0.0,1,8,-9900,?,9,-9900,?,9,14.7,E,8,11.8,E,8,82.0,E,8,872.5394,E,8,999.0,E,8,0.58,E,8,-9900,?,9,-9900,?,9,0.0,E,8,-9900,?,9,-9900,?,9,0.0,0.0,E,8
03/19/2020,03:00,0.0,1378.483,0.0,1,8,0.0,1,8,0.0,1,8,0.0,1,8,0.0,1,8,0.0,1,8,-0.0,1,8,-9900,?,9,-9900,?,9,14.34,E,8,11.7,E,8,84.0,E,8,872.5394,E,8,999.0,E,8,0.58,E,8,-9900,?,9,-9900,?,9,0.0,E,8,-9900,?,9,-9900,?,9,0.0,0.0,E,8
03/19/2020,04:00,0.0,1377.689,0.0,1,8,0.0,1,8,0.0,1,8,0.0,1,8,0.0,1,8,0.0,1,8,-0.0,1,8,-9900,?,9,-9900,?,9,13.98,E,8,11.6,E,8,85.0,E,8,872.5394,E,8,999.0,E,8,0.58,E,8,-9900,?,9,-9900,?,9,0.0,E,8,-9900,?,9,-9900,?,9,0.0,0.0,E,8
03/19/2020,05:00,0.0,1377.689,0.0,1,8,0.0,1,8,0.0,1,8,0.0,1,8,0.0,1,8,0.0,1,8,-0.0,1,8,-9900,?,9,-9900,?,9,13.62,E,8,11.49,E,8,86.0,E,8,872.5394,E,8,999.0,E,8,0.58,E,8,-9900,?,9,-9900,?,9,0.0,E,8,-9900,?,9,-9900,?,9,0.0,0.0,E,8
03/19/2020,06:00,0.0,1377.689,0.0,1,8,0.0,1,8,0.0,1,8,0.0,1,8,0.0,1,8,0.0,1,8,-0.0,1,8,-9900,?,9,-9900,?,9,13.35,E,8,11.42,E,8,88.0,E,8,872.5394,E,8,999.0,E,8,0.58,E,8,-9900,?,9,-9900,?,9,0.0,E,8,-9900,?,9,-9900,?,9,0.0,0.0,E,8
03/19/2020,07:00,193.733,1377.689,1.41,1,8,0.0,1,8,1.41,1,8,169.2,1,8,0.0,1,8,155.1,1,8,3.235,1,8,-9900,?,9,-9900,?,9,13.11,E,8,11.35,E,8,89.0,E,8,872.5394,E,8,999.0,E,8,0.58,E,8,-9900,?,9,-9900,?,9,0.0,E,8,-9900,?,9,-9900,?,9,0.0,0.0,E,8
03/19/2020,08:00,514.644,1377.689,181.87,1,8,62.625,1,8,158.518,1,8,21824.4,1,8,5949.339,1,8,17436.993,1,8,135.317,1,8,-9900,?,9,-9900,?,9,12.87,E,8,11.28,E,8,90.0,E,8,872.5394,E,8,999.0,E,8,0.58,E,8,-9900,?,9,-9900,?,9,0.0,E,8,-9900,?,9,-9900,?,9,0.0,0.0,E,8
03/19/2020,09:00,801.996,1377.689,423.77,1,8,243.162,1,8,282.299,1,8,50852.4,1,8,23100.418,1,8,31052.836,1,8,154.449,1,8,-9900,?,9,-9900,?,9,17.36,E,8,12.54,E,8,73.0,E,8,872.5394,E,8,999.0,E,8,0.58,E,8,-9900,?,9,-9900,?,9,0.0,E,8,-9900,?,9,-9900,?,9,0.0,0.0,E,8
03/19/2020,10:00,1035.164,1377.689,635.57,1,8,380.066,1,8,350.061,1,8,76268.4,1,8,36106.314,1,8,38506.752,1,8,148.332,1,8,-9900,?,9,-9900,?,9,19.0,E,8,12.98,E,8,68.0,E,8,872.5394,E,8,999.0,E,8,0.58,E,8,-9900,?,9,-9900,?,9,0.0,E,8,-9900,?,9,-9900,?,9,0.0,0.0,E,8
03/19/2020,11:00,1198.087,1377.689,794.91,1,8,454.017,1,8,400.118,1,8,95389.2,1,8,43131.629,1,8,44012.978,1,8,146.468,1,8,-9900,?,9,-9900,?,9,20.41,E,8,13.34,E,8,63.0,E,8,872.5394,E,8,999.0,E,8,0.6,E,8,-9900,?,9,-9900,?,9,0.0,E,8,-9900,?,9,-9900,?,9,0.0,0.0,E,8
03/19/2020,12:00,1279.601,1377.689,899.55,1,8,511.51,1,8,424.48,1,8,107946.0,1,8,48593.489,1,8,46692.786,1,8,145.48,1,8,-9900,?,9,-9900,?,9,21.56,E,8,13.64,E,8,60.0,E,8,872.5394,E,8,999.0,E,8,1.07,E,8,-9900,?,9,-9900,?,9,0.0,E,8,-9900,?,9,-9900,?,9,0.0,0.0,E,8
03/19/2020,13:00,1274.124,1377.689,926.91,1,8,573.051,1,8,396.963,1,8,111229.2,1,8,54439.835,1,8,43665.947,1,8,136.635,1,8,-9900,?,9,-9900,?,9,22.4,E,8,13.85,E,8,58.0,E,8,872.5394,E,8,999.0,E,8,2.1,E,8,-9900,?,9,-9900,?,9,0.0,E,8,-9900,?,9,-9900,?,9,0.0,0.0,E,8
03/19/2020,14:00,1182.021,1377.689,890.86,1,8,717.149,1,8,275.63,1,8,106903.2,1,8,68129.127,1,8,30319.325,1,8,102.27,1,8,-9900,?,9,-9900,?,9,22.92,E,8,13.98,E,8,57.0,E,8,872.5394,E,8,999.0,E,8,3.24,E,8,-9900,?,9,-9900,?,9,0.0,E,8,-9900,?,9,-9900,?,9,0.0,0.0,E,8
03/19/2020,15:00,1009.577,1377.689,791.1,1,8,908.309,1,8,125.655,1,8,94932.0,1,8,86289.361,1,8,13822.1,1,8,54.595,1,8,-9900,?,9,-9900,?,9,23.13,E,8,14.03,E,8,56.0,E,8,872.5394,E,8,999.0,E,8,3.46,E,8,-9900,?,9,-9900,?,9,0.0,E,8,-9900,?,9,-9900,?,9,0.0,0.0,E,8
03/19/2020,16:00,768.593,1377.689,625.19,1,8,725.398,1,8,220.764,1,8,75022.8,1,8,68912.778,1,8,24283.987,1,8,126.042,1,8,-9900,?,9,-9900,?,9,22.94,E,8,13.98,E,8,57.0,E,8,872.5394,E,8,999.0,E,8,2.79,E,8,-9900,?,9,-9900,?,9,0.0,E,8,-9900,?,9,-9900,?,9,0.0,0.0,E,8
03/19/2020,17:00,475.673,1377.689,402.95,1,8,653.583,1,8,177.771,1,8,48354.0,1,8,62090.395,1,8,19554.85,1,8,164.243,1,8,-9900,?,9,-9900,?,9,22.23,E,8,13.81,E,8,58.0,E,8,872.5394,E,8,999.0,E,8,2.42,E,8,-9900,?,9,-9900,?,9,0.0,E,8,-9900,?,9,-9900,?,9,0.0,0.0,E,8
03/19/2020,18:00,152.24,1377.689,152.18,1,8,338.525,1,8,115.568,1,8,18261.6,1,8,32159.884,1,8,12712.476,1,8,340.138,1,8,-9900,?,9,-9900,?,9,21.08,E,8,13.51,E,8,61.0,E,8,872.5394,E,8,999.0,E,8,2.05,E,8,-9900,?,9,-9900,?,9,0.0,E,8,-9900,?,9,-9900,?,9,0.0,0.0,E,8
03/19/2020,19:00,0.0,1377.689,0.0,1,8,0.0,1,8,0.0,1,8,0.0,1,8,0.0,1,8,0.0,1,8,-0.0,1,8,-9900,?,9,-9900,?,9,20.28,E,8,13.31,E,8,64.0,E,8,872.5394,E,8,999.0,E,8,0.9,E,8,-9900,?,9,-9900,?,9,0.0,E,8,-9900,?,9,-9900,?,9,0.0,0.0,E,8
03/19/2020,20:00,0.0,1377.689,0.0,1,8,0.0,1,8,0.0,1,8,0.0,1,8,0.0,1,8,0.0,1,8,-0.0,1,8,-9900,?,9,-9900,?,9,19.49,E,8,13.1,E,8,66.0,E,8,872.5394,E,8,999.0,E,8,0.58,E,8,-9900,?,9,-9900,?,9,0.0,E,8,-9900,?,9,-9900,?,9,0.0,0.0,E,8
03/19/2020,21:00,0.0,1377.689,0.0,1,8,0.0,1,8,0.0,1,8,0.0,1,8,0.0,1,8,0.0,1,8,-0.0,1,8,-9900,?,9,-9900,?,9,18.69,E,8,12.89,E,8,68.0,E,8,872.5394,E,8,999.0,E,8,0.58,E,8,-9900,?,9,-9900,?,9,0.0,E,8,-9900,?,9,-9900,?,9,0.0,0.0,E,8
03/19/2020,22:00,0.0,1377.689,0.0,1,8,0.0,1,8,0.0,1,8,0.0,1,8,0.0,1,8,0.0,1,8,-0.0,1,8,-9900,?,9,-9900,?,9,17.9,E,8,12.68,E,8,71.0,E,8,872.5394,E,8,999.0,E,8,0.58,E,8,-9900,?,9,-9900,?,9,0.0,E,8,-9900,?,9,-9900,?,9,0.0,0.0,E,8
03/19/2020,23:00,0.0,1377.689,0.0,1,8,0.0,1,8,0.0,1,8,0.0,1,8,0.0,1,8,0.0,1,8,-0.0,1,8,-9900,?,9,-9900,?,9,17.11,E,8,12.47,E,8,74.0,E,8,872.5394,E,8,999.0,E,8,0.58,E,8,-9900,?,9,-9900,?,9,0.0,E,8,-9900,?,9,-9900,?,9,0.0,0.0,E,8
03/19/2020,24:00,0.0,1377.689,0.0,1,8,0.0,1,8,0.0,1,8,0.0,1,8,0.0,1,8,0.0,1,8,-0.0,1,8,-9900,?,9,-9900,?,9,16.31,E,8,13.12,E,8,81.0,E,8,872.5394,E,8,999.0,E,8,0.48,E,8,-9900,?,9,-9900,?,9,0.0,E,8,-9900,?,9,-9900,?,9,0.0,0.0,E,8
03/20/2020,01:00,0.0,1377.689,0.0,1,8,0.0,1,8,0.0,1,8,0.0,1,8,0.0,1,8,0.0,1,8,-0.0,1,8,-9900,?,9,-9900,?,9,15.92,E,8,12.94,E,8,82.0,E,8,872.5394,E,8,999.0,E,8,0.48,E,8,-9900,?,9,-9900,?,9,0.0,E,8,-9900,?,9,-9900,?,9,0.0,0.0,E,8
03/20/2020,02:00,0.0,1377.689,0.0,1,8,0.0,1,8,0.0,1,8,0.0,1,8,0.0,1,8,0.0,1,8,-0.0,1,8,-9900,?,9,-9900,?,9,15.52,E,8,12.74,E,8,83.0,E,8,872.5394,E,8,999.0,E,8,0.48,E,8,-9900,?,9,-9900,?,9,0.0,E,8,-9900,?,9,-9900,?,9,0.0,0.0,E,8
03/20/2020,03:00,0.0,1377.689,0.0,1,8,0.0,1,8,0.0,1,8,0.0,1,8,0.0,1,8,0.0,1,8,-0.0,1,8,-9900,?,9,-9900,?,9,15.12,E,8,12.54,E,8,84.0,E,8,872.5394,E,8,999.0,E,8,0.48,E,8,-9900,?,9,-9900,?,9,0.0,E,8,-9900,?,9,-9900,?,9,0.0,0.0,E,8
03/20/2020,04:00,0.0,1376.892,0.0,1,8,0.0,1,8,0.0,1,8,0.0,1,8,0.0,1,8,0.0,1,8,-0.0,1,8,-9900,?,9,-9900,?,9,14.73,E,8,12.35,E,8,85.0,E,8,872.5394,E,8,999.0,E,8,0.48,E,8,-9900,?,9,-9900,?,9,0.0,E,8,-9900,?,9,-9900,?,9,0.0,0.0,E,8
03/20/2020,05:00,0.0,1376.892,0.0,1,8,0.0,1,8,0.0,1,8,0.0,1,8,0.0,1,8,0.0,1,8,-0.0,1,8,-9900,?,9,-9900,?,9,14.33,E,8,12.15,E,8,86.0,E,8,872.5394,E,8,999.0,E,8,0.48,E,8,-9900,?,9,-9900,?,9,0.0,E,8,-9900,?,9,-9900,?,9,0.0,0.0,E,8
03/20/2020,06:00,0.0,1376.892,0.0,1,8,0.0,1,8,0.0,1,8,0.0,1,8,0.0,1,8,0.0,1,8,-0.0,1,8,-9900,?,9,-9900,?,9,14.02,E,8,11.99,E,8,87.0,E,8,872.5394,E,8,999.0,E,8,0.48,E,8,-9900,?,9,-9900,?,9,0.0,E,8,-9900,?,9,-9900,?,9,0.0,0.0,E,8
03/20/2020,07:00,191.855,1376.892,0.76,1,8,0.0,1,8,0.76,1,8,91.2,1,8,0.0,1,8,83.6,1,8,1.76,1,8,-9900,?,9,-9900,?,9,13.76,E,8,11.86,E,8,88.0,E,8,872.5394,E,8,999.0,E,8,0.48,E,8,-9900,?,9,-9900,?,9,0.0,E,8,-9900,?,9,-9900,?,9,0.0,0.0,E,8
03/20/2020,08:00,512.453,1376.892,116.14,1,8,0.0,1,8,116.14,1,8,13936.8,1,8,0.0,1,8,12775.4,1,8,99.509,1,8,-9900,?,9,-9900,?,9,13.5,E,8,11.72,E,8,88.0,E,8,872.5394,E,8,999.0,E,8,0.48,E,8,-9900,?,9,-9900,?,9,0.0,E,8,-9900,?,9,-9900,?,9,0.0,0.0,E,8
03/20/2020,09:00,799.421,1376.892,327.14,1,8,89.022,1,8,275.484,1,8,39256.8,1,8,8457.12,1,8,30303.196,1,8,151.12,1,8,-9900,?,9,-9900,?,9,16.99,E,8,13.45,E,8,79.0,E,8,872.5394,E,8,999.0,E,8,0.48,E,8,-9900,?,9,-9900,?,9,0.0,E,8,-9900,?,9,-9900,?,9,0.0,0.0,E,8
03/20/2020,10:00,1032.148,1376.892,526.53,1,8,154.559,1,8,410.695,1,8,63183.6,1,8,14683.144,1,8,45176.505,1,8,174.433,1,8,-9900,?,9,-9900,?,9,18.59,E,8,14.18,E,8,75.0,E,8,872.5394,E,8,999.0,E,8,0.85,E,8,-9900,?,9,-9900,?,9,0.0,E,8,-9900,?,9,-9900,?,9,0.0,0.0,E,8
03/20/2020,11:00,1194.601,1376.892,671.66,1,8,245.38,1,8,458.787,1,8,80599.2,1,8,23311.138,1,8,50466.551,1,8,168.337,1,8,-9900,?,9,-9900,?,9,19.96,E,8,14.79,E,8,72.0,E,8,872.5394,E,8,999.0,E,8,1.18,E,8,-9900,?,9,-9900,?,9,0.0,E,8,-9900,?,9,-9900,?,9,0.0,0.0,E,8
03/20/2020,12:00,1275.65,1376.892,737.01,1,8,263.28,1,8,493.101,1,8,88441.2,1,8,25011.619,1,8,54241.06,1,8,169.424,1,8,-9900,?,9,-9900,?,9,20.99,E,8,15.23,E,8,69.0,E,8,872.5394,E,8,999.0,E,8,2.19,E,8,-9900,?,9,-9900,?,9,0.0,E,8,-9900,?,9,-9900,?,9,0.0,0.0,E,8
03/20/2020,13:00,1269.743,1376.892,857.17,1,8,436.215,1,8,454.922,1,8,102860.4,1,8,41440.415,1,8,50041.419,1,8,157.034,1,8,-9900,?,9,-9900,?,9,21.99,E,8,15.65,E,8,67.0,E,8,872.5394,E,8,999.0,E,8,2.65,E,8,-9900,?,9,-9900,?,9,0.0,E,8,-9900,?,9,-9900,?,9,0.0,0.0,E,8
03/20/2020,14:00,1177.275,1376.892,815.99,1,8,437.262,1,8,442.161,1,8,97918.8,1,8,41539.876,1,8,48637.751,1,8,164.627,1,8,-9900,?,9,-9900,?,9,22.61,E,8,15.9,E,8,65.0,E,8,872.5394,E,8,999.0,E,8,3.18,E,8,-9900,?,9,-9900,?,9,0.0,E,8,-9900,?,9,-9900,?,9,0.0,0.0,E,8
03/20/2020,15:00,1004.558,1376.892,680.93,1,8,533.951,1,8,291.468,1,8,81711.6,1,8,50725.375,1,8,32061.525,1,8,127.198,1,8,-9900,?,9,-9900,?,9,22.81,E,8,15.98,E,8,65.0,E,8,872.5394,E,8,999.0,E,8,4.03,E,8,-9900,?,9,-9900,?,9,0.0,E,8,-9900,?,9,-9900,?,9,0.0,0.0,E,8
03/20/2020,16:00,763.412,1376.892,571.43,1,8,743.215,1,8,159.63,1,8,68571.6,1,8,70605.419,1,8,17559.284,1,8,91.705,1,8,-9900,?,9,-9900,?,9,22.75,E,8,15.96,E,8,65.0,E,8,872.5394,E,8,999.0,E,8,3.05,E,8,-9900,?,9,-9900,?,9,0.0,E,8,-9900,?,9,-9900,?,9,0.0,0.0,E,8
03/20/2020,17:00,470.456,1376.892,345.14,1,8,704.093,1,8,105.093,1,8,41416.8,1,8,66888.862,1,8,11560.234,1,8,98.12,1,8,-9900,?,9,-9900,?,9,22.1,E,8,15.69,E,8,67.0,E,8,872.5394,E,8,999.0,E,8,1.8,E,8,-9900,?,9,-9900,?,9,0.0,E,8,-9900,?,9,-9900,?,9,0.0,0.0,E,8
03/20/2020,18:00,147.183,1376.892,97.94,1,8,365.973,1,8,59.705,1,8,11752.8,1,8,34767.433,1,8,6567.544,1,8,181.906,1,8,-9900,?,9,-9900,?,9,20.96,E,8,15.22,E,8,69.0,E,8,872.5394,E,8,999.0,E,8,1.07,E,8,-9900,?,9,-9900,?,9,0.0,E,8,-9900,?,9,-9900,?,9,0.0,0.0,E,8
03/20/2020,19:00,0.0,1376.892,0.0,1,8,0.0,1,8,0.0,1,8,0.0,1,8,0.0,1,8,0.0,1,8,-0.0,1,8,-9900,?,9,-9900,?,9,20.19,E,8,14.89,E,8,71.0,E,8,872.5394,E,8,999.0,E,8,0.48,E,8,-9900,?,9,-9900,?,9,0.0,E,8,-9900,?,9,-9900,?,9,0.0,0.0,E,8
03/20/2020,20:00,0.0,1376.892,0.0,1,8,0.0,1,8,0.0,1,8,0.0,1,8,0.0,1,8,0.0,1,8,-0.0,1,8,-9900,?,9,-9900,?,9,19.42,E,8,14.55,E,8,73.0,E,8,872.5394,E,8,999.0,E,8,0.48,E,8,-9900,?,9,-9900,?,9,0.0,E,8,-9900,?,9,-9900,?,9,0.0,0.0,E,8
03/20/2020,21:00,0.0,1376.892,0.0,1,8,0.0,1,8,0.0,1,8,0.0,1,8,0.0,1,8,0.0,1,8,-0.0,1,8,-9900,?,9,-9900,?,9,18.65,E,8,14.21,E,8,75.0,E,8,872.5394,E,8,999.0,E,8,0.48,E,8,-9900,?,9,-9900,?,9,0.0,E,8,-9900,?,9,-9900,?,9,0.0,0.0,E,8
03/20/2020,22:00,0.0,1376.892,0.0,1,8,0.0,1,8,0.0,1,8,0.0,1,8,0.0,1,8,0.0,1,8,-0.0,1,8,-9900,?,9,-9900,?,9,17.89,E,8,13.87,E,8,77.0,E,8,872.5394,E,8,999.0,E,8,0.48,E,8,-9900,?,9,-9900,?,9,0.0,E,8,-9900,?,9,-9900,?,9,0.0,0.0,E,8
03/20/2020,23:00,0.0,1376.892,0.0,1,8,0.0,1,8,0.0,1,8,0.0,1,8,0.0,1,8,0.0,1,8,-0.0,1,8,-9900,?,9,-9900,?,9,17.12,E,8,13.51,E,8,79.0,E,8,872.5394,E,8,999.0,E,8,0.53,E,8,-9900,?,9,-9900,?,9,0.0,E,8,-9900,?,9,-9900,?,9,0.0,0.0,E,8
03/20/2020,24:00,0.0,1376.892,0.0,1,8,0.0,1,8,0.0,1,8,0.0,1,8,0.0,1,8,0.0,1,8,-0.0,1,8,-9900,?,9,-9900,?,9,16.35,E,8,14.41,E,8,87.0,E,8,872.5394,E,8,999.0,E,8,0.47,E,8,-9900,?,9,-9900,?,9,0.0,E,8,-9900,?,9,-9900,?,9,0.0,0.0,E,8
03/21/2020,01:00,0.0,1376.892,0.0,1,8,0.0,1,8,0.0,1,8,0.0,1,8,0.0,1,8,0.0,1,8,-0.0,1,8,-9900,?,9,-9900,?,9,15.96,E,8,14.24,E,8,89.0,E,8,872.5394,E,8,999.0,E,8,0.47,E,8,-9900,?,9,-9900,?,9,0.0,E,8,-9900,?,9,-9900,?,9,0.0,0.0,E,8
03/21/2020,02:00,0.0,1376.892,0.0,1,8,0.0,1,8,0.0,1,8,0.0,1,8,0.0,1,8,0.0,1,8,-0.0,1,8,-9900,?,9,-9900,?,9,15.58,E,8,14.07,E,8,95.0,E,8,872.5394,E,8,999.0,E,8,0.47,E,8,-9900,?,9,-9900,?,9,0.001,E,8,-9900,?,9,-9900,?,9,0.01,99.0,E,8
03/21/2020,03:00,0.0,1376.892,0.0,1,8,0.0,1,8,0.0,1,8,0.0,1,8,0.0,1,8,0.0,1,8,-0.0,1,8,-9900,?,9,-9900,?,9,15.19,E,8,13.9,E,8,91.0,E,8,872.5394,E,8,999.0,E,8,0.62,E,8,-9900,?,9,-9900,?,9,0.0,E,8,-9900,?,9,-9900,?,9,0.0,0.0,E,8
03/21/2020,04:00,0.0,1376.093,0.0,1,8,0.0,1,8,0.0,1,8,0.0,1,8,0.0,1,8,0.0,1,8,-0.0,1,8,-9900,?,9,-9900,?,9,14.81,E,8,13.73,E,8,92.0,E,8,872.5394,E,8,999.0,E,8,0.75,E,8,-9900,?,9,-9900,?,9,0.0,E,8,-9900,?,9,-9900,?,9,0.0,0.0,E,8
03/21/2020,05:00,0.0,1376.093,0.0,1,8,0.0,1,8,0.0,1,8,0.0,1,8,0.0,1,8,0.0,1,8,-0.0,1,8,-9900,?,9,-9900,?,9,14.43,E,8,13.56,E,8,94.0,E,8,872.5394,E,8,999.0,E,8,0.53,E,8,-9900,?,9,-9900,?,9,0.0,E,8,-9900,?,9,-9900,?,9,0.0,0.0,E,8
03/21/2020,06:00,0.0,1376.093,0.0,1,8,0.0,1,8,0.0,1,8,0.0,1,8,0.0,1,8,0.0,1,8,-0.0,1,8,-9900,?,9,-9900,?,9,14.13,E,8,13.42,E,8,95.0,E,8,872.5394,E,8,999.0,E,8,0.56,E,8,-9900,?,9,-9900,?,9,0.0,E,8,-9900,?,9,-9900,?,9,0.0,0.0,E,8
03/21/2020,07:00,189.982,1376.093,0.39,1,8,0.0,1,8,0.39,1,8,46.8,1,8,0.0,1,8,42.9,1,8,0.912,1,8,-9900,?,9,-9900,?,9,13.87,E,8,13.3,E,8,96.0,E,8,872.5394,E,8,999.0,E,8,0.47,E,8,-9900,?,9,-9900,?,9,0.0,E,8,-9900,?,9,-9900,?,9,0.0,0.0,E,8
03/21/2020,08:00,510.249,1376.093,89.81,1,8,0.0,1,8,89.81,1,8,10777.2,1,8,0.0,1,8,9879.1,1,8,77.238,1,8,-9900,?,9,-9900,?,9,13.62,E,8,13.18,E,8,97.0,E,8,872.5394,E,8,999.0,E,8,0.47,E,8,-9900,?,9,-9900,?,9,0.0,E,8,-9900,?,9,-9900,?,9,0.0,0.0,E,8
03/21/2020,09:00,796.818,1376.093,213.8,1,8,18.281,1,8,203.22,1,8,25656.0,1,8,1736.723,1,8,22354.253,1,8,111.779,1,8,-9900,?,9,-9900,?,9,17.04,E,8,14.71,E,8,85.0,E,8,872.5394,E,8,999.0,E,8,0.47,E,8,-9900,?,9,-9900,?,9,0.0,E,8,-9900,?,9,-9900,?,9,0.0,0.0,E,8
03/21/2020,10:00,1029.09,1376.093,323.75,1,8,11.975,1,8,314.797,1,8,38850.0,1,8,1137.591,1,8,34627.672,1,8,134.022,1,8,-9900,?,9,-9900,?,9,18.33,E,8,15.24,E,8,81.0,E,8,872.5394,E,8,999.0,E,8,0.69,E,8,-9900,?,9,-9900,?,9,0.0,E,8,-9900,?,9,-9900,?,9,0.0,0.0,E,8
03/21/2020,11:00,1191.063,1376.093,408.16,1,8,19.249,1,8,391.501,1,8,48979.2,1,8,1828.614,1,8,43065.136,1,8,143.992,1,8,-9900,?,9,-9900,?,9,19.45,E,8,15.7,E,8,77.0,E,8,872.5394,E,8,999.0,E,8,1.62,E,8,-9900,?,9,-9900,?,9,0.0,E,8,-9900,?,9,-9900,?,9,0.0,0.0,E,8
03/21/2020,12:00,1271.64,1376.093,460.29,1,8,40.795,1,8,422.593,1,8,55234.8,1,8,3875.542,1,8,46485.263,1,8,145.572,1,8,-9900,?,9,-9900,?,9,20.35,E,8,16.06,E,8,74.0,E,8,872.5394,E,8,999.0,E,8,2.54,E,8,-9900,?,9,-9900,?,9,0.0,E,8,-9900,?,9,-9900,?,9,0.0,0.0,E,8
03/21/2020,13:00,1265.302,1376.093,476.27,1,8,46.962,1,8,433.091,1,8,57152.4,1,8,4461.42,1,8,47640.013,1,8,149.936,1,8,-9900,?,9,-9900,?,9,21.02,E,8,16.32,E,8,73.0,E,8,872.5394,E,8,999.0,E,8,3.21,E,8,-9900,?,9,-9900,?,9,0.0,E,8,-9900,?,9,-9900,?,9,0.0,0.0,E,8
03/21/2020,14:00,1172.472,1376.093,454.93,1,8,30.368,1,8,429.058,1,8,54591.6,1,8,2884.984,1,8,47196.405,1,8,160.31,1,8,-9900,?,9,-9900,?,9,21.42,E,8,16.47,E,8,77.0,E,8,872.5394,E,8,999.0,E,8,3.18,E,8,-9900,?,9,-9900,?,9,0.004,E,8,-9900,?,9,-9900,?,9,0.04,99.0,E,8
03/21/2020,15:00,999.489,1376.093,397.82,1,8,62.577,1,8,352.381,1,8,47738.4,1,8,5944.799,1,8,38761.901,1,8,154.471,1,8,-9900,?,9,-9900,?,9,21.57,E,8,16.53,E,8,76.0,E,8,872.5394,E,8,999.0,E,8,2.97,E,8,-9900,?,9,-9900,?,9,0.094,E,8,-9900,?,9,-9900,?,9,0.94,99.0,E,8
03/21/2020,16:00,758.192,1376.093,309.21,1,8,84.744,1,8,262.55,1,8,37105.2,1,8,8050.65,1,8,28880.481,1,8,151.783,1,8,-9900,?,9,-9900,?,9,21.38,E,8,16.46,E,8,77.0,E,8,872.5394,E,8,999.0,E,8,2.5,E,8,-9900,?,9,-9900,?,9,0.001,E,8,-9900,?,9,-9900,?,9,0.01,99.0,E,8
03/21/2020,17:00,465.215,1376.093,196.29,1,8,184.935,1,8,133.91,1,8,23554.8,1,8,17568.83,1,8,14730.053,1,8,126.367,1,8,-9900,?,9,-9900,?,9,20.8,E,8,16.23,E,8,73.0,E,8,872.5394,E,8,999.0,E,8,1.71,E,8,-9900,?,9,-9900,?,9,0.0,E,8,-9900,?,9,-9900,?,9,0.0,0.0,E,8
03/21/2020,18:00,142.122,1376.093,71.97,1,8,268.377,1,8,44.921,1,8,8636.4,1,8,25495.772,1,8,4941.297,1,8,141.87,1,8,-9900,?,9,-9900,?,9,19.89,E,8,15.88,E,8,76.0,E,8,872.5394,E,8,999.0,E,8,0.98,E,8,-9900,?,9,-9900,?,9,0.0,E,8,-9900,?,9,-9900,?,9,0.0,0.0,E,8
03/21/2020,19:00,0.0,1376.093,0.0,1,8,0.0,1,8,0.0,1,8,0.0,1,8,0.0,1,8,0.0,1,8,-0.0,1,8,-9900,?,9,-9900,?,9,19.31,E,8,15.64,E,8,78.0,E,8,872.5394,E,8,999.0,E,8,0.66,E,8,-9900,?,9,-9900,?,9,0.0,E,8,-9900,?,9,-9900,?,9,0.0,0.0,E,8
03/21/2020,20:00,0.0,1376.093,0.0,1,8,0.0,1,8,0.0,1,8,0.0,1,8,0.0,1,8,0.0,1,8,-0.0,1,8,-9900,?,9,-9900,?,9,18.73,E,8,15.41,E,8,79.0,E,8,872.5394,E,8,999.0,E,8,0.56,E,8,-9900,?,9,-9900,?,9,0.0,E,8,-9900,?,9,-9900,?,9,0.0,0.0,E,8
03/21/2020,21:00,0.0,1376.093,0.0,1,8,0.0,1,8,0.0,1,8,0.0,1,8,0.0,1,8,0.0,1,8,-0.0,1,8,-9900,?,9,-9900,?,9,18.14,E,8,15.17,E,8,81.0,E,8,872.5394,E,8,999.0,E,8,0.47,E,8,-9900,?,9,-9900,?,9,0.0,E,8,-9900,?,9,-9900,?,9,0.0,0.0,E,8
03/21/2020,22:00,0.0,1376.093,0.0,1,8,0.0,1,8,0.0,1,8,0.0,1,8,0.0,1,8,0.0,1,8,-0.0,1,8,-9900,?,9,-9900,?,9,17.56,E,8,14.92,E,8,83.0,E,8,872.5394,E,8,999.0,E,8,0.47,E,8,-9900,?,9,-9900,?,9,0.0,E,8,-9900,?,9,-9900,?,9,0.0,0.0,E,8
03/21/2020,23:00,0.0,1376.093,0.0,1,8,0.0,1,8,0.0,1,8,0.0,1,8,0.0,1,8,0.0,1,8,-0.0,1,8,-9900,?,9,-9900,?,9,16.98,E,8,14.68,E,8,85.0,E,8,872.5394,E,8,999.0,E,8,0.47,E,8,-9900,?,9,-9900,?,9,0.0,E,8,-9900,?,9,-9900,?,9,0.0,0.0,E,8
03/21/2020,24:00,0.0,1376.093,0.0,1,8,0.0,1,8,0.0,1,8,0.0,1,8,0.0,1,8,0.0,1,8,-0.0,1,8,-9900,?,9,-9900,?,9,16.4,E,8,15.27,E,8,91.0,E,8,872.5394,E,8,999.0,E,8,0.34,E,8,-9900,?,9,-9900,?,9,0.001,E,8,-9900,?,9,-9900,?,9,0.01,99.0,E,8
03/22/2020,01:00,0.0,1376.093,0.0,1,8,0.0,1,8,0.0,1,8,0.0,1,8,0.0,1,8,0.0,1,8,-0.0,1,8,-9900,?,9,-9900,?,9,16.11,E,8,15.14,E,8,88.0,E,8,872.5394,E,8,999.0,E,8,0.67,E,8,-9900,?,9,-9900,?,9,0.0,E,8,-9900,?,9,-9900,?,9,0.0,0.0,E,8
03/22/2020,02:00,0.0,1376.093,0.0,1,8,0.0,1,8,0.0,1,8,0.0,1,8,0.0,1,8,0.0,1,8,-0.0,1,8,-9900,?,9,-9900,?,9,15.82,E,8,15.0,E,8,99.0,E,8,872.5394,E,8,999.0,E,8,0.7,E,8,-9900,?,9,-9900,?,9,0.8009999999999999,E,8,-9900,?,9,-9900,?,9,8.01,99.0,E,8
03/22/2020,03:00,0.0,1376.093,0.0,1,8,0.0,1,8,0.0,1,8,0.0,1,8,0.0,1,8,0.0,1,8,-0.0,1,8,-9900,?,9,-9900,?,9,15.52,E,8,14.86,E,8,93.0,E,8,872.5394,E,8,999.0,E,8,0.55,E,8,-9900,?,9,-9900,?,9,0.013000000000000001,E,8,-9900,?,9,-9900,?,9,0.13,99.0,E,8
03/22/2020,04:00,0.0,1375.292,0.0,1,8,0.0,1,8,0.0,1,8,0.0,1,8,0.0,1,8,0.0,1,8,-0.0,1,8,-9900,?,9,-9900,?,9,15.23,E,8,14.73,E,8,94.0,E,8,872.5394,E,8,999.0,E,8,0.42,E,8,-9900,?,9,-9900,?,9,0.008,E,8,-9900,?,9,-9900,?,9,0.08,99.0,E,8
03/22/2020,05:00,0.0,1375.292,0.0,1,8,0.0,1,8,0.0,1,8,0.0,1,8,0.0,1,8,0.0,1,8,-0.0,1,8,-9900,?,9,-9900,?,9,14.94,E,8,14.59,E,8,94.0,E,8,872.5394,E,8,999.0,E,8,0.41,E,8,-9900,?,9,-9900,?,9,0.005,E,8,-9900,?,9,-9900,?,9,0.05,99.0,E,8
03/22/2020,06:00,0.0,1375.292,0.0,1,8,0.0,1,8,0.0,1,8,0.0,1,8,0.0,1,8,0.0,1,8,-0.0,1,8,-9900,?,9,-9900,?,9,14.72,E,8,14.49,E,8,95.0,E,8,872.5394,E,8,999.0,E,8,0.38,E,8,-9900,?,9,-9900,?,9,0.023,E,8,-9900,?,9,-9900,?,9,0.23,99.0,E,8
03/22/2020,07:00,188.114,1375.292,0.36,1,8,0.0,1,8,0.36,1,8,43.2,1,8,0.0,1,8,39.6,1,8,0.85,1,8,-9900,?,9,-9900,?,9,14.53,E,8,14.4,E,8,95.0,E,8,872.5394,E,8,999.0,E,8,0.34,E,8,-9900,?,9,-9900,?,9,0.045,E,8,-9900,?,9,-9900,?,9,0.45,99.0,E,8
03/22/2020,08:00,508.032,1375.292,91.39,1,8,0.0,1,8,91.39,1,8,10966.8,1,8,0.0,1,8,10052.9,1,8,78.895,1,8,-9900,?,9,-9900,?,9,14.33,E,8,14.3,E,8,92.0,E,8,872.5394,E,8,999.0,E,8,0.58,E,8,-9900,?,9,-9900,?,9,0.0,E,8,-9900,?,9,-9900,?,9,0.0,0.0,E,8
03/22/2020,09:00,794.186,1375.292,218.33,1,8,20.323,1,8,206.601,1,8,26199.6,1,8,1930.651,1,8,22726.134,1,8,113.949,1,8,-9900,?,9,-9900,?,9,17.51,E,8,15.77,E,8,85.0,E,8,872.5394,E,8,999.0,E,8,0.72,E,8,-9900,?,9,-9900,?,9,0.0,E,8,-9900,?,9,-9900,?,9,0.0,0.0,E,8
03/22/2020,10:00,1025.99,1375.292,330.87,1,8,13.033,1,8,321.15,1,8,39704.4,1,8,1238.118,1,8,35326.454,1,8,137.06,1,8,-9900,?,9,-9900,?,9,18.71,E,8,16.29,E,8,83.0,E,8,872.5394,E,8,999.0,E,8,1.3,E,8,-9900,?,9,-9900,?,9,0.0,E,8,-9900,?,9,-9900,?,9,0.0,0.0,E,8
03/22/2020,11:00,1187.474,1375.292,417.19,1,8,20.941,1,8,399.111,1,8,50062.8,1,8,1989.355,1,8,43902.21,1,8,147.149,1,8,-9900,?,9,-9900,?,9,19.76,E,8,16.73,E,8,80.0,E,8,872.5394,E,8,999.0,E,8,1.73,E,8,-9900,?,9,-9900,?,9,0.0,E,8,-9900,?,9,-9900,?,9,0.0,0.0,E,8
03/22/2020,12:00,1267.573,1375.292,470.43,1,8,51.301,1,8,423.15,1,8,56451.6,1,8,4873.579,1,8,46546.471,1,8,146.147,1,8,-9900,?,9,-9900,?,9,20.6,E,8,17.08,E,8,79.0,E,8,872.5394,E,8,999.0,E,8,2.28,E,8,-9900,?,9,-9900,?,9,0.0,E,8,-9900,?,9,-9900,?,9,0.0,0.0,E,8
03/22/2020,13:00,1260.802,1375.292,486.62,1,8,59.375,1,8,432.191,1,8,58394.4,1,8,5640.604,1,8,47541.02,1,8,150.072,1,8,-9900,?,9,-9900,?,9,21.22,E,8,17.33,E,8,78.0,E,8,872.5394,E,8,999.0,E,8,2.91,E,8,-9900,?,9,-9900,?,9,0.0,E,8,-9900,?,9,-9900,?,9,0.0,0.0,E,8
03/22/2020,14:00,1167.614,1375.292,464.56,1,8,51.565,1,8,420.787,1,8,55747.2,1,8,4898.675,1,8,46286.53,1,8,157.782,1,8,-9900,?,9,-9900,?,9,21.6,E,8,17.48,E,8,77.0,E,8,872.5394,E,8,999.0,E,8,3.18,E,8,-9900,?,9,-9900,?,9,0.0,E,8,-9900,?,9,-9900,?,9,0.0,0.0,E,8
03/22/2020,15:00,994.373,1375.292,405.87,1,8,53.065,1,8,367.513,1,8,48704.4,1,8,5041.164,1,8,40426.427,1,8,161.84,1,8,-9900,?,9,-9900,?,9,21.73,E,8,17.53,E,8,77.0,E,8,872.5394,E,8,999.0,E,8,3.39,E,8,-9900,?,9,-9900,?,9,0.0,E,8,-9900,?,9,-9900,?,9,0.0,0.0,E,8
03/22/2020,16:00,752.935,1375.292,314.94,1,8,97.926,1,8,261.365,1,8,37792.8,1,8,9303.01,1,8,28750.11,1,8,152.066,1,8,-9900,?,9,-9900,?,9,21.55,E,8,17.46,E,8,77.0,E,8,872.5394,E,8,999.0,E,8,2.37,E,8,-9900,?,9,-9900,?,9,0.0,E,8,-9900,?,9,-9900,?,9,0.0,0.0,E,8
03/22/2020,17:00,459.951,1375.292,199.16,1,8,189.873,1,8,135.805,1,8,23899.2,1,8,18037.894,1,8,14938.586,1,8,129.554,1,8,-9900,?,9,-9900,?,9,21.01,E,8,17.24,E,8,78.0,E,8,872.5394,E,8,999.0,E,8,1.63,E,8,-9900,?,9,-9900,?,9,0.0,E,8,-9900,?,9,-9900,?,9,0.0,0.0,E,8
03/22/2020,18:00,137.061,1375.292,71.9,1,8,193.646,1,8,53.098,1,8,8628.0,1,8,18396.383,1,8,5840.828,1,8,174.079,1,8,-9900,?,9,-9900,?,9,20.16,E,8,16.9,E,8,80.0,E,8,872.5394,E,8,999.0,E,8,1.01,E,8,-9900,?,9,-9900,?,9,0.0,E,8,-9900,?,9,-9900,?,9,0.0,0.0,E,8
03/22/2020,19:00,0.0,1375.292,0.0,1,8,0.0,1,8,0.0,1,8,0.0,1,8,0.0,1,8,0.0,1,8,-0.0,1,8,-9900,?,9,-9900,?,9,19.58,E,8,16.66,E,8,81.0,E,8,872.5394,E,8,999.0,E,8,0.85,E,8,-9900,?,9,-9900,?,9,0.0,E,8,-9900,?,9,-9900,?,9,0.0,0.0,E,8
03/22/2020,20:00,0.0,1375.292,0.0,1,8,0.0,1,8,0.0,1,8,0.0,1,8,0.0,1,8,0.0,1,8,-0.0,1,8,-9900,?,9,-9900,?,9,19.01,E,8,16.42,E,8,85.0,E,8,872.5394,E,8,999.0,E,8,0.38,E,8,-9900,?,9,-9900,?,9,0.001,E,8,-9900,?,9,-9900,?,9,0.01,99.0,E,8
03/22/2020,21:00,0.0,1375.292,0.0,1,8,0.0,1,8,0.0,1,8,0.0,1,8,0.0,1,8,0.0,1,8,-0.0,1,8,-9900,?,9,-9900,?,9,18.43,E,8,16.17,E,8,83.0,E,8,872.5394,E,8,999.0,E,8,0.34,E,8,-9900,?,9,-9900,?,9,0.0,E,8,-9900,?,9,-9900,?,9,0.0,0.0,E,8
03/22/2020,22:00,0.0,1375.292,0.0,1,8,0.0,1,8,0.0,1,8,0.0,1,8,0.0,1,8,0.0,1,8,-0.0,1,8,-9900,?,9,-9900,?,9,17.85,E,8,15.92,E,8,84.0,E,8,872.5394,E,8,999.0,E,8,0.47,E,8,-9900,?,9,-9900,?,9,0.0,E,8,-9900,?,9,-9900,?,9,0.0,0.0,E,8
03/22/2020,23:00,0.0,1375.292,0.0,1,8,0.0,1,8,0.0,1,8,0.0,1,8,0.0,1,8,0.0,1,8,-0.0,1,8,-9900,?,9,-9900,?,9,17.28,E,8,15.66,E,8,89.0,E,8,872.5394,E,8,999.0,E,8,0.35,E,8,-9900,?,9,-9900,?,9,0.003,E,8,-9900,?,9,-9900,?,9,0.03,99.0,E,8
03/22/2020,24:00,0.0,1375.292,0.0,1,8,0.0,1,8,0.0,1,8,0.0,1,8,0.0,1,8,0.0,1,8,-0.0,1,8,-9900,?,9,-9900,?,9,16.7,E,8,15.71,E,8,92.0,E,8,872.5394,E,8,999.0,E,8,2.02,E,8,-9900,?,9,-9900,?,9,0.066,E,8,-9900,?,9,-9900,?,9,0.66,99.0,E,8
03/23/2020,01:00,0.0,1375.292,0.0,1,8,0.0,1,8,0.0,1,8,0.0,1,8,0.0,1,8,0.0,1,8,-0.0,1,8,-9900,?,9,-9900,?,9,16.41,E,8,15.5,E,8,89.0,E,8,872.5394,E,8,999.0,E,8,2.85,E,8,-9900,?,9,-9900,?,9,0.0,E,8,-9900,?,9,-9900,?,9,0.0,0.0,E,8
03/23/2020,02:00,0.0,1375.292,0.0,1,8,0.0,1,8,0.0,1,8,0.0,1,8,0.0,1,8,0.0,1,8,-0.0,1,8,-9900,?,9,-9900,?,9,16.13,E,8,15.29,E,8,92.0,E,8,872.5394,E,8,999.0,E,8,4.05,E,8,-9900,?,9,-9900,?,9,0.002,E,8,-9900,?,9,-9900,?,9,0.02,99.0,E,8
03/23/2020,03:00,0.0,1375.292,0.0,1,8,0.0,1,8,0.0,1,8,0.0,1,8,0.0,1,8,0.0,1,8,-0.0,1,8,-9900,?,9,-9900,?,9,15.84,E,8,15.07,E,8,90.0,E,8,872.5394,E,8,999.0,E,8,2.9,E,8,-9900,?,9,-9900,?,9,0.0,E,8,-9900,?,9,-9900,?,9,0.0,0.0,E,8
03/23/2020,04:00,0.0,1374.489,0.0,1,8,0.0,1,8,0.0,1,8,0.0,1,8,0.0,1,8,0.0,1,8,-0.0,1,8,-9900,?,9,-9900,?,9,15.55,E,8,14.85,E,8,90.0,E,8,872.5394,E,8,999.0,E,8,2.94,E,8,-9900,?,9,-9900,?,9,0.0,E,8,-9900,?,9,-9900,?,9,0.0,0.0,E,8
03/23/2020,05:00,0.0,1374.489,0.0,1,8,0.0,1,8,0.0,1,8,0.0,1,8,0.0,1,8,0.0,1,8,-0.0,1,8,-9900,?,9,-9900,?,9,15.26,E,8,14.62,E,8,90.0,E,8,872.5394,E,8,999.0,E,8,3.09,E,8,-9900,?,9,-9900,?,9,0.0,E,8,-9900,?,9,-9900,?,9,0.0,0.0,E,8
03/23/2020,06:00,0.0,1374.489,0.0,1,8,0.0,1,8,0.0,1,8,0.0,1,8,0.0,1,8,0.0,1,8,-0.0,1,8,-9900,?,9,-9900,?,9,15.04,E,8,14.45,E,8,90.0,E,8,872.5394,E,8,999.0,E,8,3.66,E,8,-9900,?,9,-9900,?,9,0.0,E,8,-9900,?,9,-9900,?,9,0.0,0.0,E,8
03/23/2020,07:00,186.248,1374.489,0.25,1,8,0.0,1,8,0.25,1,8,30.0,1,8,0.0,1,8,27.5,1,8,0.596,1,8,-9900,?,9,-9900,?,9,14.85,E,8,14.3,E,8,91.0,E,8,872.5394,E,8,999.0,E,8,3.38,E,8,-9900,?,9,-9900,?,9,0.0,E,8,-9900,?,9,-9900,?,9,0.0,0.0,E,8
03/23/2020,08:00,505.802,1374.489,72.92,1,8,0.0,1,8,72.92,1,8,8750.4,1,8,0.0,1,8,8021.2,1,8,63.192,1,8,-9900,?,9,-9900,?,9,14.66,E,8,14.15,E,8,91.0,E,8,872.5394,E,8,999.0,E,8,2.52,E,8,-9900,?,9,-9900,?,9,0.0,E,8,-9900,?,9,-9900,?,9,0.0,0.0,E,8
03/23/2020,09:00,791.526,1374.489,174.81,1,8,2.059,1,8,173.625,1,8,20977.2,1,8,195.626,1,8,19098.735,1,8,96.027,1,8,-9900,?,9,-9900,?,9,17.26,E,8,16.12,E,8,89.0,E,8,872.5394,E,8,999.0,E,8,2.17,E,8,-9900,?,9,-9900,?,9,0.0,E,8,-9900,?,9,-9900,?,9,0.0,0.0,E,8
03/23/2020,10:00,1022.849,1374.489,265.13,1,8,9.324,1,8,258.193,1,8,31815.6,1,8,885.784,1,8,28401.23,1,8,110.466,1,8,-9900,?,9,-9900,?,9,18.25,E,8,16.81,E,8,90.0,E,8,872.5394,E,8,999.0,E,8,2.55,E,8,-9900,?,9,-9900,?,9,0.001,E,8,-9900,?,9,-9900,?,9,0.01,99.0,E,8
03/23/2020,11:00,1183.835,1374.489,334.36,1,8,17.588,1,8,319.213,1,8,40123.2,1,8,1670.845,1,8,35113.463,1,8,117.985,1,8,-9900,?,9,-9900,?,9,19.11,E,8,17.39,E,8,90.0,E,8,872.5394,E,8,999.0,E,8,2.35,E,8,-9900,?,9,-9900,?,9,0.001,E,8,-9900,?,9,-9900,?,9,0.01,99.0,E,8
03/23/2020,12:00,1263.451,1374.489,376.99,1,8,26.902,1,8,352.262,1,8,45238.8,1,8,2555.716,1,8,38748.86,1,8,121.99,1,8,-9900,?,9,-9900,?,9,19.8,E,8,17.85,E,8,86.0,E,8,872.5394,E,8,999.0,E,8,2.09,E,8,-9900,?,9,-9900,?,9,0.0,E,8,-9900,?,9,-9900,?,9,0.0,0.0,E,8
03/23/2020,13:00,1256.246,1374.489,389.84,1,8,29.46,1,8,362.916,1,8,46780.8,1,8,2798.653,1,8,39920.8,1,8,126.4,1,8,-9900,?,9,-9900,?,9,20.31,E,8,18.17,E,8,89.0,E,8,872.5394,E,8,999.0,E,8,1.69,E,8,-9900,?,9,-9900,?,9,0.006,E,8,-9900,?,9,-9900,?,9,0.06,99.0,E,8
03/23/2020,14:00,1162.704,1374.489,371.96,1,8,32.749,1,8,344.26,1,8,44635.2,1,8,3111.172,1,8,37868.617,1,8,129.557,1,8,-9900,?,9,-9900,?,9,20.62,E,8,18.37,E,8,88.0,E,8,872.5394,E,8,999.0,E,8,1.39,E,8,-9900,?,9,-9900,?,9,0.034999999999999996,E,8,-9900,?,9,-9900,?,9,0.35,99.0,E,8
03/23/2020,15:00,989.212,1374.489,306.13,1,8,13.816,1,8,296.19,1,8,36735.6,1,8,1312.484,1,8,32580.867,1,8,131.036,1,8,-9900,?,9,-9900,?,9,20.68,E,8,18.4,E,8,88.0,E,8,872.5394,E,8,999.0,E,8,1.21,E,8,-9900,?,9,-9900,?,9,0.004,E,8,-9900,?,9,-9900,?,9,0.04,99.0,E,8
03/23/2020,16:00,747.645,1374.489,221.2,1,8,26.492,1,8,206.8,1,8,26544.0,1,8,2516.754,1,8,22747.977,1,8,121.101,1,8,-9900,?,9,-9900,?,9,20.42,E,8,18.24,E,8,88.0,E,8,872.5394,E,8,999.0,E,8,1.2,E,8,-9900,?,9,-9900,?,9,0.01,E,8,-9900,?,9,-9900,?,9,0.1,99.0,E,8
03/23/2020,17:00,454.668,1374.489,158.42,1,8,74.41,1,8,133.864,1,8,19010.4,1,8,7068.909,1,8,14725.041,1,8,129.118,1,8,-9900,?,9,-9900,?,9,19.99,E,8,17.97,E,8,86.0,E,8,872.5394,E,8,999.0,E,8,1.02,E,8,-9900,?,9,-9900,?,9,0.0,E,8,-9900,?,9,-9900,?,9,0.0,0.0,E,8
03/23/2020,18:00,132.003,1374.489,56.3,1,8,150.071,1,8,42.285,1,8,6756.0,1,8,14256.749,1,8,4651.327,1,8,144.123,1,8,-9900,?,9,-9900,?,9,19.3,E,8,17.52,E,8,87.0,E,8,872.5394,E,8,999.0,E,8,1.38,E,8,-9900,?,9,-9900,?,9,0.0,E,8,-9900,?,9,-9900,?,9,0.0,0.0,E,8
03/23/2020,19:00,0.0,1374.489,0.0,1,8,0.0,1,8,0.0,1,8,0.0,1,8,0.0,1,8,0.0,1,8,-0.0,1,8,-9900,?,9,-9900,?,9,18.71,E,8,17.13,E,8,88.0,E,8,872.5394,E,8,999.0,E,8,1.83,E,8,-9900,?,9,-9900,?,9,0.0,E,8,-9900,?,9,-9900,?,9,0.0,0.0,E,8
03/23/2020,20:00,0.0,1374.489,0.0,1,8,0.0,1,8,0.0,1,8,0.0,1,8,0.0,1,8,0.0,1,8,-0.0,1,8,-9900,?,9,-9900,?,9,18.11,E,8,16.72,E,8,88.0,E,8,872.5394,E,8,999.0,E,8,2.4,E,8,-9900,?,9,-9900,?,9,0.0,E,8,-9900,?,9,-9900,?,9,0.0,0.0,E,8
03/23/2020,21:00,0.0,1374.489,0.0,1,8,0.0,1,8,0.0,1,8,0.0,1,8,0.0,1,8,0.0,1,8,-0.0,1,8,-9900,?,9,-9900,?,9,17.52,E,8,16.3,E,8,96.0,E,8,872.5394,E,8,999.0,E,8,2.43,E,8,-9900,?,9,-9900,?,9,1.038,E,8,-9900,?,9,-9900,?,9,10.38,99.0,E,8
03/23/2020,22:00,0.0,1374.489,0.0,1,8,0.0,1,8,0.0,1,8,0.0,1,8,0.0,1,8,0.0,1,8,-0.0,1,8,-9900,?,9,-9900,?,9,16.92,E,8,15.87,E,8,92.0,E,8,872.5394,E,8,999.0,E,8,1.47,E,8,-9900,?,9,-9900,?,9,0.022,E,8,-9900,?,9,-9900,?,9,0.22,99.0,E,8
03/23/2020,23:00,0.0,1374.489,0.0,1,8,0.0,1,8,0.0,1,8,0.0,1,8,0.0,1,8,0.0,1,8,-0.0,1,8,-9900,?,9,-9900,?,9,16.33,E,8,15.44,E,8,92.0,E,8,872.5394,E,8,999.0,E,8,1.46,E,8,-9900,?,9,-9900,?,9,0.015,E,8,-9900,?,9,-9900,?,9,0.15,99.0,E,8
03/23/2020,24:00,0.0,1374.489,0.0,1,8,0.0,1,8,0.0,1,8,0.0,1,8,0.0,1,8,0.0,1,8,-0.0,1,8,-9900,?,9,-9900,?,9,15.73,E,8,13.75,E,8,86.0,E,8,872.5394,E,8,999.0,E,8,0.28,E,8,-9900,?,9,-9900,?,9,0.016,E,8,-9900,?,9,-9900,?,9,0.16,99.0,E,8
03/24/2020,01:00,0.0,1374.489,0.0,1,8,0.0,1,8,0.0,1,8,0.0,1,8,0.0,1,8,0.0,1,8,-0.0,1,8,-9900,?,9,-9900,?,9,15.43,E,8,13.63,E,8,95.0,E,8,872.5394,E,8,999.0,E,8,0.28,E,8,-9900,?,9,-9900,?,9,0.632,E,8,-9900,?,9,-9900,?,9,6.32,99.0,E,8
03/24/2020,02:00,0.0,1374.489,0.0,1,8,0.0,1,8,0.0,1,8,0.0,1,8,0.0,1,8,0.0,1,8,-0.0,1,8,-9900,?,9,-9900,?,9,15.14,E,8,13.51,E,8,88.0,E,8,872.5394,E,8,999.0,E,8,0.28,E,8,-9900,?,9,-9900,?,9,0.005,E,8,-9900,?,9,-9900,?,9,0.05,99.0,E,8
03/24/2020,03:00,0.0,1374.489,0.0,1,8,0.0,1,8,0.0,1,8,0.0,1,8,0.0,1,8,0.0,1,8,-0.0,1,8,-9900,?,9,-9900,?,9,14.84,E,8,13.38,E,8,85.0,E,8,872.5394,E,8,999.0,E,8,0.28,E,8,-9900,?,9,-9900,?,9,0.0,E,8,-9900,?,9,-9900,?,9,0.0,0.0,E,8
03/24/2020,04:00,0.0,1373.685,0.0,1,8,0.0,1,8,0.0,1,8,0.0,1,8,0.0,1,8,0.0,1,8,-0.0,1,8,-9900,?,9,-9900,?,9,14.54,E,8,13.26,E,8,85.0,E,8,872.5394,E,8,999.0,E,8,0.28,E,8,-9900,?,9,-9900,?,9,0.0,E,8,-9900,?,9,-9900,?,9,0.0,0.0,E,8
03/24/2020,05:00,0.0,1373.685,0.0,1,8,0.0,1,8,0.0,1,8,0.0,1,8,0.0,1,8,0.0,1,8,-0.0,1,8,-9900,?,9,-9900,?,9,14.24,E,8,13.13,E,8,86.0,E,8,872.5394,E,8,999.0,E,8,0.28,E,8,-9900,?,9,-9900,?,9,0.0,E,8,-9900,?,9,-9900,?,9,0.0,0.0,E,8
03/24/2020,06:00,0.0,1373.685,0.0,1,8,0.0,1,8,0.0,1,8,0.0,1,8,0.0,1,8,0.0,1,8,-0.0,1,8,-9900,?,9,-9900,?,9,14.01,E,8,13.03,E,8,91.0,E,8,872.5394,E,8,999.0,E,8,0.28,E,8,-9900,?,9,-9900,?,9,0.009,E,8,-9900,?,9,-9900,?,9,0.09,99.0,E,8
03/24/2020,07:00,184.385,1373.685,0.28,1,8,0.0,1,8,0.28,1,8,33.6,1,8,0.0,1,8,30.8,1,8,0.674,1,8,-9900,?,9,-9900,?,9,13.82,E,8,12.95,E,8,87.0,E,8,872.5394,E,8,999.0,E,8,0.28,E,8,-9900,?,9,-9900,?,9,0.0,E,8,-9900,?,9,-9900,?,9,0.0,0.0,E,8
03/24/2020,08:00,503.558,1373.685,91.58,1,8,0.0,1,8,91.58,1,8,10989.6,1,8,0.0,1,8,10073.8,1,8,79.671,1,8,-9900,?,9,-9900,?,9,13.62,E,8,12.87,E,8,88.0,E,8,872.5394,E,8,999.0,E,8,0.28,E,8,-9900,?,9,-9900,?,9,0.0,E,8,-9900,?,9,-9900,?,9,0.0,0.0,E,8
03/24/2020,09:00,788.836,1373.685,220.33,1,8,21.746,1,8,207.85,1,8,26439.6,1,8,2065.862,1,8,22863.486,1,8,115.281,1,8,-9900,?,9,-9900,?,9,17.14,E,8,14.31,E,8,79.0,E,8,872.5394,E,8,999.0,E,8,0.36,E,8,-9900,?,9,-9900,?,9,0.0,E,8,-9900,?,9,-9900,?,9,0.0,0.0,E,8
03/24/2020,10:00,1019.668,1373.685,334.42,1,8,13.84,1,8,324.149,1,8,40130.4,1,8,1314.84,1,8,35656.379,1,8,139.036,1,8,-9900,?,9,-9900,?,9,18.48,E,8,14.83,E,8,76.0,E,8,872.5394,E,8,999.0,E,8,0.89,E,8,-9900,?,9,-9900,?,9,0.0,E,8,-9900,?,9,-9900,?,9,0.0,0.0,E,8
03/24/2020,11:00,1180.146,1373.685,421.82,1,8,22.275,1,8,402.685,1,8,50618.4,1,8,2116.118,1,8,44295.392,1,8,149.215,1,8,-9900,?,9,-9900,?,9,19.64,E,8,15.27,E,8,73.0,E,8,872.5394,E,8,999.0,E,8,1.96,E,8,-9900,?,9,-9900,?,9,0.0,E,8,-9900,?,9,-9900,?,9,0.0,0.0,E,8
03/24/2020,12:00,1259.275,1373.685,475.55,1,8,47.548,1,8,431.965,1,8,57066.0,1,8,4517.033,1,8,47516.129,1,8,149.999,1,8,-9900,?,9,-9900,?,9,20.58,E,8,15.62,E,8,71.0,E,8,872.5394,E,8,999.0,E,8,2.2,E,8,-9900,?,9,-9900,?,9,0.0,E,8,-9900,?,9,-9900,?,9,0.0,0.0,E,8
03/24/2020,13:00,1251.636,1373.685,491.6,1,8,55.259,1,8,441.253,1,8,58992.0,1,8,5249.645,1,8,48537.861,1,8,154.161,1,8,-9900,?,9,-9900,?,9,21.27,E,8,15.87,E,8,69.0,E,8,872.5394,E,8,999.0,E,8,2.95,E,8,-9900,?,9,-9900,?,9,0.0,E,8,-9900,?,9,-9900,?,9,0.0,0.0,E,8
03/24/2020,14:00,1157.743,1373.685,468.81,1,8,91.458,1,8,391.739,1,8,56257.2,1,8,8688.486,1,8,43091.24,1,8,147.97,1,8,-9900,?,9,-9900,?,9,21.69,E,8,16.02,E,8,72.0,E,8,872.5394,E,8,999.0,E,8,3.65,E,8,-9900,?,9,-9900,?,9,0.001,E,8,-9900,?,9,-9900,?,9,0.01,99.0,E,8
03/24/2020,15:00,984.008,1373.685,408.82,1,8,75.15,1,8,355.003,1,8,49058.4,1,8,7139.204,1,8,39050.365,1,8,157.794,1,8,-9900,?,9,-9900,?,9,21.83,E,8,16.07,E,8,72.0,E,8,872.5394,E,8,999.0,E,8,3.9,E,8,-9900,?,9,-9900,?,9,0.033,E,8,-9900,?,9,-9900,?,9,0.33,99.0,E,8
03/24/2020,16:00,742.325,1373.685,316.15,1,8,102.632,1,8,260.728,1,8,37938.0,1,8,9750.064,1,8,28680.075,1,8,153.688,1,8,-9900,?,9,-9900,?,9,21.63,E,8,16.0,E,8,72.0,E,8,872.5394,E,8,999.0,E,8,3.01,E,8,-9900,?,9,-9900,?,9,0.001,E,8,-9900,?,9,-9900,?,9,0.01,99.0,E,8
03/24/2020,17:00,449.37,1373.685,198.34,1,8,224.856,1,8,124.961,1,8,23800.8,1,8,21361.296,1,8,13745.727,1,8,121.887,1,8,-9900,?,9,-9900,?,9,21.01,E,8,15.77,E,8,74.0,E,8,872.5394,E,8,999.0,E,8,2.63,E,8,-9900,?,9,-9900,?,9,0.003,E,8,-9900,?,9,-9900,?,9,0.03,99.0,E,8
03/24/2020,18:00,126.951,1373.685,69.34,1,8,313.145,1,8,41.256,1,8,8320.8,1,8,29748.77,1,8,4538.137,1,8,146.426,1,8,-9900,?,9,-9900,?,9,20.06,E,8,15.43,E,8,72.0,E,8,872.5394,E,8,999.0,E,8,1.21,E,8,-9900,?,9,-9900,?,9,0.0,E,8,-9900,?,9,-9900,?,9,0.0,0.0,E,8
03/24/2020,19:00,0.0,1373.685,0.0,1,8,0.0,1,8,0.0,1,8,0.0,1,8,0.0,1,8,0.0,1,8,-0.0,1,8,-9900,?,9,-9900,?,9,19.35,E,8,15.16,E,8,74.0,E,8,872.5394,E,8,999.0,E,8,0.59,E,8,-9900,?,9,-9900,?,9,0.0,E,8,-9900,?,9,-9900,?,9,0.0,0.0,E,8
03/24/2020,20:00,0.0,1373.685,0.0,1,8,0.0,1,8,0.0,1,8,0.0,1,8,0.0,1,8,0.0,1,8,-0.0,1,8,-9900,?,9,-9900,?,9,18.64,E,8,14.89,E,8,75.0,E,8,872.5394,E,8,999.0,E,8,0.4,E,8,-9900,?,9,-9900,?,9,0.0,E,8,-9900,?,9,-9900,?,9,0.0,0.0,E,8
03/24/2020,21:00,0.0,1373.685,0.0,1,8,0.0,1,8,0.0,1,8,0.0,1,8,0.0,1,8,0.0,1,8,-0.0,1,8,-9900,?,9,-9900,?,9,17.94,E,8,14.63,E,8,77.0,E,8,872.5394,E,8,999.0,E,8,0.38,E,8,-9900,?,9,-9900,?,9,0.0,E,8,-9900,?,9,-9900,?,9,0.0,0.0,E,8
03/24/2020,22:00,0.0,1373.685,0.0,1,8,0.0,1,8,0.0,1,8,0.0,1,8,0.0,1,8,0.0,1,8,-0.0,1,8,-9900,?,9,-9900,?,9,17.23,E,8,14.35,E,8,79.0,E,8,872.5394,E,8,999.0,E,8,0.28,E,8,-9900,?,9,-9900,?,9,0.0,E,8,-9900,?,9,-9900,?,9,0.0,0.0,E,8
03/24/2020,23:00,0.0,1373.685,0.0,1,8,0.0,1,8,0.0,1,8,0.0,1,8,0.0,1,8,0.0,1,8,-0.0,1,8,-9900,?,9,-9900,?,9,16.52,E,8,14.07,E,8,80.0,E,8,872.5394,E,8,999.0,E,8,0.28,E,8,-9900,?,9,-9900,?,9,0.0,E,8,-9900,?,9,-9900,?,9,0.0,0.0,E,8
03/24/2020,24:00,0.0,1373.685,0.0,1,8,0.0,1,8,0.0,1,8,0.0,1,8,0.0,1,8,0.0,1,8,-0.0,1,8,-9900,?,9,-9900,?,9,15.82,E,8,13.44,E,8,85.0,E,8,872.5394,E,8,999.0,E,8,0.83,E,8,-9900,?,9,-9900,?,9,0.0,E,8,-9900,?,9,-9900,?,9,0.0,0.0,E,8
03/25/2020,01:00,0.0,1373.685,0.0,1,8,0.0,1,8,0.0,1,8,0.0,1,8,0.0,1,8,0.0,1,8,-0.0,1,8,-9900,?,9,-9900,?,9,15.46,E,8,13.36,E,8,87.0,E,8,872.5394,E,8,999.0,E,8,0.83,E,8,-9900,?,9,-9900,?,9,0.0,E,8,-9900,?,9,-9900,?,9,0.0,0.0,E,8
03/25/2020,02:00,0.0,1373.685,0.0,1,8,0.0,1,8,0.0,1,8,0.0,1,8,0.0,1,8,0.0,1,8,-0.0,1,8,-9900,?,9,-9900,?,9,15.11,E,8,13.28,E,8,88.0,E,8,872.5394,E,8,999.0,E,8,0.83,E,8,-9900,?,9,-9900,?,9,0.0,E,8,-9900,?,9,-9900,?,9,0.0,0.0,E,8
03/25/2020,03:00,0.0,1373.685,0.0,1,8,0.0,1,8,0.0,1,8,0.0,1,8,0.0,1,8,0.0,1,8,-0.0,1,8,-9900,?,9,-9900,?,9,14.75,E,8,13.2,E,8,90.0,E,8,872.5394,E,8,999.0,E,8,0.83,E,8,-9900,?,9,-9900,?,9,0.0,E,8,-9900,?,9,-9900,?,9,0.0,0.0,E,8
03/25/2020,04:00,0.0,1372.879,0.0,1,8,0.0,1,8,0.0,1,8,0.0,1,8,0.0,1,8,0.0,1,8,-0.0,1,8,-9900,?,9,-9900,?,9,14.4,E,8,13.12,E,8,92.0,E,8,872.5394,E,8,999.0,E,8,0.83,E,8,-9900,?,9,-9900,?,9,0.0,E,8,-9900,?,9,-9900,?,9,0.0,0.0,E,8
03/25/2020,05:00,0.0,1372.879,0.0,1,8,0.0,1,8,0.0,1,8,0.0,1,8,0.0,1,8,0.0,1,8,-0.0,1,8,-9900,?,9,-9900,?,9,14.05,E,8,13.04,E,8,93.0,E,8,872.5394,E,8,999.0,E,8,0.83,E,8,-9900,?,9,-9900,?,9,0.0,E,8,-9900,?,9,-9900,?,9,0.0,0.0,E,8
03/25/2020,06:00,0.0,1372.879,0.0,1,8,0.0,1,8,0.0,1,8,0.0,1,8,0.0,1,8,0.0,1,8,-0.0,1,8,-9900,?,9,-9900,?,9,13.77,E,8,12.97,E,8,94.0,E,8,872.5394,E,8,999.0,E,8,0.83,E,8,-9900,?,9,-9900,?,9,0.0,E,8,-9900,?,9,-9900,?,9,0.0,0.0,E,8
03/25/2020,07:00,182.524,1372.879,0.33,1,8,0.0,1,8,0.33,1,8,39.6,1,8,0.0,1,8,36.3,1,8,0.802,1,8,-9900,?,9,-9900,?,9,13.54,E,8,12.92,E,8,96.0,E,8,872.5394,E,8,999.0,E,8,0.83,E,8,-9900,?,9,-9900,?,9,0.0,E,8,-9900,?,9,-9900,?,9,0.0,0.0,E,8
03/25/2020,08:00,501.299,1372.879,71.53,1,8,0.0,1,8,71.53,1,8,8583.6,1,8,0.0,1,8,7868.3,1,8,62.473,1,8,-9900,?,9,-9900,?,9,13.31,E,8,12.87,E,8,97.0,E,8,872.5394,E,8,999.0,E,8,0.83,E,8,-9900,?,9,-9900,?,9,0.0,E,8,-9900,?,9,-9900,?,9,0.0,0.0,E,8
03/25/2020,09:00,786.119,1372.879,277.77,1,8,35.002,1,8,257.74,1,8,33332.4,1,8,3325.216,1,8,28351.348,1,8,143.363,1,8,-9900,?,9,-9900,?,9,16.57,E,8,13.61,E,8,82.0,E,8,872.5394,E,8,999.0,E,8,0.83,E,8,-9900,?,9,-9900,?,9,0.0,E,8,-9900,?,9,-9900,?,9,0.0,0.0,E,8
03/25/2020,10:00,1016.446,1372.879,317.98,1,8,16.192,1,8,305.995,1,8,38157.6,1,8,1538.208,1,8,33659.448,1,8,131.588,1,8,-9900,?,9,-9900,?,9,17.46,E,8,13.81,E,8,79.0,E,8,872.5394,E,8,999.0,E,8,0.83,E,8,-9900,?,9,-9900,?,9,0.0,E,8,-9900,?,9,-9900,?,9,0.0,0.0,E,8
03/25/2020,11:00,1176.409,1372.879,582.61,1,8,178.585,1,8,429.598,1,8,69913.2,1,8,16965.591,1,8,47255.786,1,8,159.6,1,8,-9900,?,9,-9900,?,9,19.14,E,8,14.18,E,8,72.0,E,8,872.5394,E,8,999.0,E,8,1.38,E,8,-9900,?,9,-9900,?,9,0.0,E,8,-9900,?,9,-9900,?,9,0.0,0.0,E,8
03/25/2020,12:00,1255.046,1372.879,656.74,1,8,117.758,1,8,549.095,1,8,78808.8,1,8,11187.05,1,8,60400.435,1,8,191.203,1,8,-9900,?,9,-9900,?,9,20.43,E,8,14.46,E,8,68.0,E,8,872.5394,E,8,999.0,E,8,1.22,E,8,-9900,?,9,-9900,?,9,0.0,E,8,-9900,?,9,-9900,?,9,0.0,0.0,E,8
03/25/2020,13:00,1246.973,1372.879,678.7,1,8,138.733,1,8,552.698,1,8,81444.0,1,8,13179.67,1,8,60796.735,1,8,193.705,1,8,-9900,?,9,-9900,?,9,21.35,E,8,14.65,E,8,65.0,E,8,872.5394,E,8,999.0,E,8,2.6,E,8,-9900,?,9,-9900,?,9,0.0,E,8,-9900,?,9,-9900,?,9,0.0,0.0,E,8
03/25/2020,14:00,1152.734,1372.879,646.87,1,8,249.208,1,8,437.649,1,8,77624.4,1,8,23674.739,1,8,48141.39,1,8,165.933,1,8,-9900,?,9,-9900,?,9,21.93,E,8,14.77,E,8,63.0,E,8,872.5394,E,8,999.0,E,8,2.66,E,8,-9900,?,9,-9900,?,9,0.0,E,8,-9900,?,9,-9900,?,9,0.0,0.0,E,8
03/25/2020,15:00,978.766,1372.879,563.57,1,8,316.253,1,8,338.168,1,8,67628.4,1,8,30044.057,1,8,37198.461,1,8,151.029,1,8,-9900,?,9,-9900,?,9,22.17,E,8,14.82,E,8,63.0,E,8,872.5394,E,8,999.0,E,8,2.24,E,8,-9900,?,9,-9900,?,9,0.0,E,8,-9900,?,9,-9900,?,9,0.0,0.0,E,8
03/25/2020,16:00,736.978,1372.879,435.05,1,8,425.192,1,8,206.967,1,8,52206.0,1,8,40393.283,1,8,22766.343,1,8,122.813,1,8,-9900,?,9,-9900,?,9,22.03,E,8,14.79,E,8,63.0,E,8,872.5394,E,8,999.0,E,8,2.11,E,8,-9900,?,9,-9900,?,9,0.0,E,8,-9900,?,9,-9900,?,9,0.0,0.0,E,8
03/25/2020,17:00,444.059,1372.879,271.85,1,8,384.29,1,8,147.859,1,8,32622.0,1,8,36507.569,1,8,16264.459,1,8,145.87,1,8,-9900,?,9,-9900,?,9,21.4,E,8,14.66,E,8,65.0,E,8,872.5394,E,8,999.0,E,8,1.01,E,8,-9900,?,9,-9900,?,9,0.0,E,8,-9900,?,9,-9900,?,9,0.0,0.0,E,8
03/25/2020,18:00,121.908,1372.879,93.44,1,8,322.886,1,8,65.679,1,8,11212.8,1,8,30674.211,1,8,7224.739,1,8,243.165,1,8,-9900,?,9,-9900,?,9,20.37,E,8,14.44,E,8,68.0,E,8,872.5394,E,8,999.0,E,8,0.83,E,8,-9900,?,9,-9900,?,9,0.0,E,8,-9900,?,9,-9900,?,9,0.0,0.0,E,8
03/25/2020,19:00,0.0,1372.879,0.0,1,8,0.0,1,8,0.0,1,8,0.0,1,8,0.0,1,8,0.0,1,8,-0.0,1,8,-9900,?,9,-9900,?,9,19.76,E,8,14.31,E,8,70.0,E,8,872.5394,E,8,999.0,E,8,0.83,E,8,-9900,?,9,-9900,?,9,0.0,E,8,-9900,?,9,-9900,?,9,0.0,0.0,E,8
03/25/2020,20:00,0.0,1372.879,0.0,1,8,0.0,1,8,0.0,1,8,0.0,1,8,0.0,1,8,0.0,1,8,-0.0,1,8,-9900,?,9,-9900,?,9,19.15,E,8,14.18,E,8,72.0,E,8,872.5394,E,8,999.0,E,8,0.83,E,8,-9900,?,9,-9900,?,9,0.0,E,8,-9900,?,9,-9900,?,9,0.0,0.0,E,8
03/25/2020,21:00,0.0,1372.879,0.0,1,8,0.0,1,8,0.0,1,8,0.0,1,8,0.0,1,8,0.0,1,8,-0.0,1,8,-9900,?,9,-9900,?,9,18.54,E,8,14.05,E,8,75.0,E,8,872.5394,E,8,999.0,E,8,0.83,E,8,-9900,?,9,-9900,?,9,0.0,E,8,-9900,?,9,-9900,?,9,0.0,0.0,E,8
03/25/2020,22:00,0.0,1372.879,0.0,1,8,0.0,1,8,0.0,1,8,0.0,1,8,0.0,1,8,0.0,1,8,-0.0,1,8,-9900,?,9,-9900,?,9,17.92,E,8,13.91,E,8,77.0,E,8,872.5394,E,8,999.0,E,8,0.83,E,8,-9900,?,9,-9900,?,9,0.0,E,8,-9900,?,9,-9900,?,9,0.0,0.0,E,8
03/25/2020,23:00,0.0,1372.879,0.0,1,8,0.0,1,8,0.0,1,8,0.0,1,8,0.0,1,8,0.0,1,8,-0.0,1,8,-9900,?,9,-9900,?,9,17.31,E,8,13.78,E,8,79.0,E,8,872.5394,E,8,999.0,E,8,0.83,E,8,-9900,?,9,-9900,?,9,0.0,E,8,-9900,?,9,-9900,?,9,0.0,0.0,E,8
03/25/2020,24:00,0.0,1372.879,0.0,1,8,0.0,1,8,0.0,1,8,0.0,1,8,0.0,1,8,0.0,1,8,-0.0,1,8,-9900,?,9,-9900,?,9,16.7,E,8,15.45,E,8,92.0,E,8,872.5394,E,8,999.0,E,8,0.58,E,8,-9900,?,9,-9900,?,9,0.0,E,8,-9900,?,9,-9900,?,9,0.0,0.0,E,8
03/26/2020,01:00,0.0,1372.879,0.0,1,8,0.0,1,8,0.0,1,8,0.0,1,8,0.0,1,8,0.0,1,8,-0.0,1,8,-9900,?,9,-9900,?,9,16.4,E,8,15.25,E,8,92.0,E,8,872.5394,E,8,999.0,E,8,0.58,E,8,-9900,?,9,-9900,?,9,0.0,E,8,-9900,?,9,-9900,?,9,0.0,0.0,E,8
03/26/2020,02:00,0.0,1372.879,0.0,1,8,0.0,1,8,0.0,1,8,0.0,1,8,0.0,1,8,0.0,1,8,-0.0,1,8,-9900,?,9,-9900,?,9,16.09,E,8,15.06,E,8,93.0,E,8,872.5394,E,8,999.0,E,8,0.58,E,8,-9900,?,9,-9900,?,9,0.0,E,8,-9900,?,9,-9900,?,9,0.0,0.0,E,8
03/26/2020,03:00,0.0,1372.879,0.0,1,8,0.0,1,8,0.0,1,8,0.0,1,8,0.0,1,8,0.0,1,8,-0.0,1,8,-9900,?,9,-9900,?,9,15.79,E,8,14.86,E,8,94.0,E,8,872.5394,E,8,999.0,E,8,0.58,E,8,-9900,?,9,-9900,?,9,0.0,E,8,-9900,?,9,-9900,?,9,0.0,0.0,E,8
03/26/2020,04:00,0.0,1372.072,0.0,1,8,0.0,1,8,0.0,1,8,0.0,1,8,0.0,1,8,0.0,1,8,-0.0,1,8,-9900,?,9,-9900,?,9,15.48,E,8,14.66,E,8,94.0,E,8,872.5394,E,8,999.0,E,8,0.58,E,8,-9900,?,9,-9900,?,9,0.0,E,8,-9900,?,9,-9900,?,9,0.0,0.0,E,8
03/26/2020,05:00,0.0,1372.072,0.0,1,8,0.0,1,8,0.0,1,8,0.0,1,8,0.0,1,8,0.0,1,8,-0.0,1,8,-9900,?,9,-9900,?,9,15.18,E,8,14.46,E,8,95.0,E,8,872.5394,E,8,999.0,E,8,0.58,E,8,-9900,?,9,-9900,?,9,0.0,E,8,-9900,?,9,-9900,?,9,0.0,0.0,E,8
03/26/2020,06:00,0.0,1372.072,0.0,1,8,0.0,1,8,0.0,1,8,0.0,1,8,0.0,1,8,0.0,1,8,-0.0,1,8,-9900,?,9,-9900,?,9,14.94,E,8,14.29,E,8,95.0,E,8,872.5394,E,8,999.0,E,8,0.58,E,8,-9900,?,9,-9900,?,9,0.0,E,8,-9900,?,9,-9900,?,9,0.0,0.0,E,8
03/26/2020,07:00,180.665,1372.072,0.19,1,8,0.0,1,8,0.19,1,8,22.8,1,8,0.0,1,8,20.9,1,8,0.466,1,8,-9900,?,9,-9900,?,9,14.74,E,8,14.16,E,8,96.0,E,8,872.5394,E,8,999.0,E,8,0.58,E,8,-9900,?,9,-9900,?,9,0.0,E,8,-9900,?,9,-9900,?,9,0.0,0.0,E,8
03/26/2020,08:00,499.026,1372.072,81.12,1,8,0.0,1,8,81.12,1,8,9734.4,1,8,0.0,1,8,8923.2,1,8,71.131,1,8,-9900,?,9,-9900,?,9,14.54,E,8,14.02,E,8,96.0,E,8,872.5394,E,8,999.0,E,8,0.58,E,8,-9900,?,9,-9900,?,9,0.0,E,8,-9900,?,9,-9900,?,9,0.0,0.0,E,8
03/26/2020,09:00,783.373,1372.072,196.57,1,8,5.508,1,8,193.427,1,8,23588.4,1,8,523.238,1,8,21277.002,1,8,107.905,1,8,-9900,?,9,-9900,?,9,17.39,E,8,15.88,E,8,90.0,E,8,872.5394,E,8,999.0,E,8,0.88,E,8,-9900,?,9,-9900,?,9,0.0,E,8,-9900,?,9,-9900,?,9,0.0,0.0,E,8
03/26/2020,10:00,1013.185,1372.072,243.71,1,8,16.152,1,8,231.786,1,8,29245.2,1,8,1534.417,1,8,25496.45,1,8,99.938,1,8,-9900,?,9,-9900,?,9,18.11,E,8,16.31,E,8,89.0,E,8,872.5394,E,8,999.0,E,8,0.9,E,8,-9900,?,9,-9900,?,9,0.0,E,8,-9900,?,9,-9900,?,9,0.0,0.0,E,8
03/26/2020,11:00,1172.624,1372.072,377.07,1,8,17.323,1,8,362.267,1,8,45248.4,1,8,1645.65,1,8,39849.373,1,8,134.941,1,8,-9900,?,9,-9900,?,9,19.15,E,8,16.93,E,8,86.0,E,8,872.5394,E,8,999.0,E,8,1.15,E,8,-9900,?,9,-9900,?,9,0.0,E,8,-9900,?,9,-9900,?,9,0.0,0.0,E,8
03/26/2020,12:00,1250.766,1372.072,425.01,1,8,31.555,1,8,396.247,1,8,51001.2,1,8,2997.722,1,8,43587.119,1,8,138.37,1,8,-9900,?,9,-9900,?,9,19.98,E,8,17.4,E,8,85.0,E,8,872.5394,E,8,999.0,E,8,0.77,E,8,-9900,?,9,-9900,?,9,0.0,E,8,-9900,?,9,-9900,?,9,0.0,0.0,E,8
03/26/2020,13:00,1242.26,1372.072,175.61,1,8,12.888,1,8,163.942,1,8,21073.2,1,8,1224.405,1,8,18033.582,1,8,57.641,1,8,-9900,?,9,-9900,?,9,19.67,E,8,17.23,E,8,85.0,E,8,872.5394,E,8,999.0,E,8,1.02,E,8,-9900,?,9,-9900,?,9,0.0,E,8,-9900,?,9,-9900,?,9,0.0,0.0,E,8
03/26/2020,14:00,1147.68,1372.072,576.81,1,8,206.522,1,8,404.085,1,8,69217.2,1,8,19619.56,1,8,44449.357,1,8,153.792,1,8,-9900,?,9,-9900,?,9,20.63,E,8,17.76,E,8,83.0,E,8,872.5394,E,8,999.0,E,8,0.86,E,8,-9900,?,9,-9900,?,9,0.0,E,8,-9900,?,9,-9900,?,9,0.0,0.0,E,8
03/26/2020,15:00,973.486,1372.072,430.95,1,8,111.902,1,8,351.579,1,8,51714.0,1,8,10630.648,1,8,38673.66,1,8,157.778,1,8,-9900,?,9,-9900,?,9,20.98,E,8,17.96,E,8,82.0,E,8,872.5394,E,8,999.0,E,8,1.05,E,8,-9900,?,9,-9900,?,9,0.0,E,8,-9900,?,9,-9900,?,9,0.0,0.0,E,8
03/26/2020,16:00,731.605,1372.072,376.9,1,8,246.232,1,8,245.703,1,8,45228.0,1,8,23392.003,1,8,27027.335,1,8,146.785,1,8,-9900,?,9,-9900,?,9,21.12,E,8,18.03,E,8,82.0,E,8,872.5394,E,8,999.0,E,8,1.08,E,8,-9900,?,9,-9900,?,9,0.0,E,8,-9900,?,9,-9900,?,9,0.0,0.0,E,8
03/26/2020,17:00,438.738,1372.072,174.58,1,8,127.983,1,8,133.76,1,8,20949.6,1,8,12158.361,1,8,14713.569,1,8,133.491,1,8,-9900,?,9,-9900,?,9,20.61,E,8,17.75,E,8,83.0,E,8,872.5394,E,8,999.0,E,8,1.55,E,8,-9900,?,9,-9900,?,9,0.0,E,8,-9900,?,9,-9900,?,9,0.0,0.0,E,8
03/26/2020,18:00,116.879,1372.072,72.91,1,8,216.068,1,8,55.134,1,8,8749.2,1,8,20526.505,1,8,6064.789,1,8,213.325,1,8,-9900,?,9,-9900,?,9,19.87,E,8,17.34,E,8,85.0,E,8,872.5394,E,8,999.0,E,8,1.5,E,8,-9900,?,9,-9900,?,9,0.0,E,8,-9900,?,9,-9900,?,9,0.0,0.0,E,8
03/26/2020,19:00,0.0,1372.072,0.0,1,8,0.0,1,8,0.0,1,8,0.0,1,8,0.0,1,8,0.0,1,8,-0.0,1,8,-9900,?,9,-9900,?,9,19.3,E,8,17.01,E,8,86.0,E,8,872.5394,E,8,999.0,E,8,1.44,E,8,-9900,?,9,-9900,?,9,0.0,E,8,-9900,?,9,-9900,?,9,0.0,0.0,E,8
03/26/2020,20:00,0.0,1372.072,0.0,1,8,0.0,1,8,0.0,1,8,0.0,1,8,0.0,1,8,0.0,1,8,-0.0,1,8,-9900,?,9,-9900,?,9,18.73,E,8,16.68,E,8,87.0,E,8,872.5394,E,8,999.0,E,8,2.12,E,8,-9900,?,9,-9900,?,9,0.0,E,8,-9900,?,9,-9900,?,9,0.0,0.0,E,8
03/26/2020,21:00,0.0,1372.072,0.0,1,8,0.0,1,8,0.0,1,8,0.0,1,8,0.0,1,8,0.0,1,8,-0.0,1,8,-9900,?,9,-9900,?,9,18.16,E,8,16.34,E,8,89.0,E,8,872.5394,E,8,999.0,E,8,1.92,E,8,-9900,?,9,-9900,?,9,0.0,E,8,-9900,?,9,-9900,?,9,0.0,0.0,E,8
03/26/2020,22:00,0.0,1372.072,0.0,1,8,0.0,1,8,0.0,1,8,0.0,1,8,0.0,1,8,0.0,1,8,-0.0,1,8,-9900,?,9,-9900,?,9,17.59,E,8,16.0,E,8,90.0,E,8,872.5394,E,8,999.0,E,8,3.0,E,8,-9900,?,9,-9900,?,9,0.0,E,8,-9900,?,9,-9900,?,9,0.0,0.0,E,8
03/26/2020,23:00,0.0,1372.072,0.0,1,8,0.0,1,8,0.0,1,8,0.0,1,8,0.0,1,8,0.0,1,8,-0.0,1,8,-9900,?,9,-9900,?,9,17.01,E,8,15.64,E,8,91.0,E,8,872.5394,E,8,999.0,E,8,2.82,E,8,-9900,?,9,-9900,?,9,0.0,E,8,-9900,?,9,-9900,?,9,0.0,0.0,E,8
03/26/2020,24:00,0.0,1372.072,0.0,1,8,0.0,1,8,0.0,1,8,0.0,1,8,0.0,1,8,0.0,1,8,-0.0,1,8,-9900,?,9,-9900,?,9,16.44,E,8,14.71,E,8,89.0,E,8,872.5394,E,8,999.0,E,8,0.9,E,8,-9900,?,9,-9900,?,9,0.0,E,8,-9900,?,9,-9900,?,9,0.0,0.0,E,8
03/27/2020,01:00,0.0,1372.072,0.0,1,8,0.0,1,8,0.0,1,8,0.0,1,8,0.0,1,8,0.0,1,8,-0.0,1,8,-9900,?,9,-9900,?,9,16.15,E,8,14.6,E,8,90.0,E,8,872.5394,E,8,999.0,E,8,1.88,E,8,-9900,?,9,-9900,?,9,0.0,E,8,-9900,?,9,-9900,?,9,0.0,0.0,E,8
03/27/2020,02:00,0.0,1372.072,0.0,1,8,0.0,1,8,0.0,1,8,0.0,1,8,0.0,1,8,0.0,1,8,-0.0,1,8,-9900,?,9,-9900,?,9,15.87,E,8,14.49,E,8,91.0,E,8,872.5394,E,8,999.0,E,8,1.81,E,8,-9900,?,9,-9900,?,9,0.0,E,8,-9900,?,9,-9900,?,9,0.0,0.0,E,8
03/27/2020,03:00,0.0,1372.072,0.0,1,8,0.0,1,8,0.0,1,8,0.0,1,8,0.0,1,8,0.0,1,8,-0.0,1,8,-9900,?,9,-9900,?,9,15.58,E,8,14.38,E,8,92.0,E,8,872.5394,E,8,999.0,E,8,1.35,E,8,-9900,?,9,-9900,?,9,0.0,E,8,-9900,?,9,-9900,?,9,0.0,0.0,E,8
03/27/2020,04:00,0.0,1371.264,0.0,1,8,0.0,1,8,0.0,1,8,0.0,1,8,0.0,1,8,0.0,1,8,-0.0,1,8,-9900,?,9,-9900,?,9,15.3,E,8,14.27,E,8,93.0,E,8,872.5394,E,8,999.0,E,8,1.81,E,8,-9900,?,9,-9900,?,9,0.0,E,8,-9900,?,9,-9900,?,9,0.0,0.0,E,8
03/27/2020,05:00,0.0,1371.264,0.0,1,8,0.0,1,8,0.0,1,8,0.0,1,8,0.0,1,8,0.0,1,8,-0.0,1,8,-9900,?,9,-9900,?,9,15.01,E,8,14.16,E,8,94.0,E,8,872.5394,E,8,999.0,E,8,1.44,E,8,-9900,?,9,-9900,?,9,0.0,E,8,-9900,?,9,-9900,?,9,0.0,0.0,E,8
03/27/2020,06:00,0.0,1371.264,0.0,1,8,0.0,1,8,0.0,1,8,0.0,1,8,0.0,1,8,0.0,1,8,-0.0,1,8,-9900,?,9,-9900,?,9,14.79,E,8,14.07,E,8,95.0,E,8,872.5394,E,8,999.0,E,8,1.04,E,8,-9900,?,9,-9900,?,9,0.0,E,8,-9900,?,9,-9900,?,9,0.0,0.0,E,8
03/27/2020,07:00,178.806,1371.264,0.21,1,8,0.0,1,8,0.21,1,8,25.2,1,8,0.0,1,8,23.1,1,8,0.521,1,8,-9900,?,9,-9900,?,9,14.6,E,8,14.0,E,8,96.0,E,8,872.5394,E,8,999.0,E,8,1.09,E,8,-9900,?,9,-9900,?,9,0.0,E,8,-9900,?,9,-9900,?,9,0.0,0.0,E,8
03/27/2020,08:00,496.738,1371.264,107.54,1,8,0.0,1,8,107.54,1,8,12904.8,1,8,0.0,1,8,11829.4,1,8,94.678,1,8,-9900,?,9,-9900,?,9,14.41,E,8,13.92,E,8,96.0,E,8,872.5394,E,8,999.0,E,8,1.6,E,8,-9900,?,9,-9900,?,9,0.0,E,8,-9900,?,9,-9900,?,9,0.0,0.0,E,8
03/27/2020,09:00,780.598,1371.264,261.53,1,8,27.884,1,8,245.667,1,8,31383.6,1,8,2648.954,1,8,27023.345,1,8,137.453,1,8,-9900,?,9,-9900,?,9,17.74,E,8,15.2,E,8,85.0,E,8,872.5394,E,8,999.0,E,8,2.53,E,8,-9900,?,9,-9900,?,9,0.0,E,8,-9900,?,9,-9900,?,9,0.0,0.0,E,8
03/27/2020,10:00,1009.884,1371.264,397.9,1,8,55.404,1,8,357.107,1,8,47748.0,1,8,5263.35,1,8,39281.813,1,8,154.385,1,8,-9900,?,9,-9900,?,9,19.02,E,8,15.66,E,8,80.0,E,8,872.5394,E,8,999.0,E,8,3.28,E,8,-9900,?,9,-9900,?,9,0.0,E,8,-9900,?,9,-9900,?,9,0.0,0.0,E,8
03/27/2020,11:00,1168.793,1371.264,502.16,1,8,114.383,1,8,404.676,1,8,60259.2,1,8,10866.412,1,8,44514.41,1,8,151.143,1,8,-9900,?,9,-9900,?,9,20.13,E,8,16.06,E,8,77.0,E,8,872.5394,E,8,999.0,E,8,4.51,E,8,-9900,?,9,-9900,?,9,0.0,E,8,-9900,?,9,-9900,?,9,0.0,0.0,E,8
03/27/2020,12:00,1246.437,1371.264,565.94,1,8,66.405,1,8,505.583,1,8,67912.8,1,8,6308.518,1,8,55614.15,1,8,177.06,1,8,-9900,?,9,-9900,?,9,21.03,E,8,16.37,E,8,74.0,E,8,872.5394,E,8,999.0,E,8,4.19,E,8,-9900,?,9,-9900,?,9,0.0,E,8,-9900,?,9,-9900,?,9,0.0,0.0,E,8
03/27/2020,13:00,1237.499,1371.264,584.49,1,8,159.268,1,8,440.768,1,8,70138.8,1,8,15130.492,1,8,48484.439,1,8,155.477,1,8,-9900,?,9,-9900,?,9,21.68,E,8,16.59,E,8,72.0,E,8,872.5394,E,8,999.0,E,8,4.63,E,8,-9900,?,9,-9900,?,9,0.0,E,8,-9900,?,9,-9900,?,9,0.0,0.0,E,8
03/27/2020,14:00,1142.583,1371.264,556.45,1,8,193.668,1,8,395.1,1,8,66774.0,1,8,18398.5,1,8,43460.976,1,8,150.955,1,8,-9900,?,9,-9900,?,9,22.08,E,8,16.73,E,8,71.0,E,8,872.5394,E,8,999.0,E,8,4.57,E,8,-9900,?,9,-9900,?,9,0.0,E,8,-9900,?,9,-9900,?,9,0.0,0.0,E,8
03/27/2020,15:00,968.173,1371.264,483.88,1,8,121.692,1,8,397.986,1,8,58065.6,1,8,11560.707,1,8,43778.422,1,8,179.479,1,8,-9900,?,9,-9900,?,9,22.21,E,8,16.77,E,8,71.0,E,8,872.5394,E,8,999.0,E,8,4.46,E,8,-9900,?,9,-9900,?,9,0.0,E,8,-9900,?,9,-9900,?,9,0.0,0.0,E,8
03/27/2020,16:00,726.212,1371.264,372.21,1,8,214.246,1,8,258.832,1,8,44665.2,1,8,20353.362,1,8,28471.525,1,8,155.687,1,8,-9900,?,9,-9900,?,9,22.0,E,8,16.7,E,8,71.0,E,8,872.5394,E,8,999.0,E,8,3.98,E,8,-9900,?,9,-9900,?,9,0.0,E,8,-9900,?,9,-9900,?,9,0.0,0.0,E,8
03/27/2020,17:00,433.411,1371.264,230.66,1,8,351.131,1,8,119.968,1,8,27679.2,1,8,33357.455,1,8,13196.502,1,8,121.135,1,8,-9900,?,9,-9900,?,9,21.4,E,8,16.5,E,8,73.0,E,8,872.5394,E,8,999.0,E,8,2.61,E,8,-9900,?,9,-9900,?,9,0.0,E,8,-9900,?,9,-9900,?,9,0.0,0.0,E,8
03/27/2020,18:00,111.867,1371.264,76.52,1,8,293.555,1,8,53.458,1,8,9182.4,1,8,27887.747,1,8,5880.34,1,8,216.594,1,8,-9900,?,9,-9900,?,9,20.49,E,8,16.18,E,8,76.0,E,8,872.5394,E,8,999.0,E,8,1.65,E,8,-9900,?,9,-9900,?,9,0.0,E,8,-9900,?,9,-9900,?,9,0.0,0.0,E,8
03/27/2020,19:00,0.0,1371.264,0.0,1,8,0.0,1,8,0.0,1,8,0.0,1,8,0.0,1,8,0.0,1,8,-0.0,1,8,-9900,?,9,-9900,?,9,20.0,E,8,16.01,E,8,77.0,E,8,872.5394,E,8,999.0,E,8,1.77,E,8,-9900,?,9,-9900,?,9,0.0,E,8,-9900,?,9,-9900,?,9,0.0,0.0,E,8
03/27/2020,20:00,0.0,1371.264,0.0,1,8,0.0,1,8,0.0,1,8,0.0,1,8,0.0,1,8,0.0,1,8,-0.0,1,8,-9900,?,9,-9900,?,9,19.52,E,8,15.84,E,8,79.0,E,8,872.5394,E,8,999.0,E,8,1.59,E,8,-9900,?,9,-9900,?,9,0.0,E,8,-9900,?,9,-9900,?,9,0.0,0.0,E,8
03/27/2020,21:00,0.0,1371.264,0.0,1,8,0.0,1,8,0.0,1,8,0.0,1,8,0.0,1,8,0.0,1,8,-0.0,1,8,-9900,?,9,-9900,?,9,19.04,E,8,15.67,E,8,80.0,E,8,872.5394,E,8,999.0,E,8,0.98,E,8,-9900,?,9,-9900,?,9,0.0,E,8,-9900,?,9,-9900,?,9,0.0,0.0,E,8
03/27/2020,22:00,0.0,1371.264,0.0,1,8,0.0,1,8,0.0,1,8,0.0,1,8,0.0,1,8,0.0,1,8,-0.0,1,8,-9900,?,9,-9900,?,9,18.56,E,8,15.5,E,8,82.0,E,8,872.5394,E,8,999.0,E,8,0.63,E,8,-9900,?,9,-9900,?,9,0.0,E,8,-9900,?,9,-9900,?,9,0.0,0.0,E,8
03/27/2020,23:00,0.0,1371.264,0.0,1,8,0.0,1,8,0.0,1,8,0.0,1,8,0.0,1,8,0.0,1,8,-0.0,1,8,-9900,?,9,-9900,?,9,18.08,E,8,15.32,E,8,83.0,E,8,872.5394,E,8,999.0,E,8,0.69,E,8,-9900,?,9,-9900,?,9,0.0,E,8,-9900,?,9,-9900,?,9,0.0,0.0,E,8
03/27/2020,24:00,0.0,1371.264,0.0,1,8,0.0,1,8,0.0,1,8,0.0,1,8,0.0,1,8,0.0,1,8,-0.0,1,8,-9900,?,9,-9900,?,9,17.6,E,8,16.05,E,8,95.0,E,8,872.5394,E,8,999.0,E,8,0.97,E,8,-9900,?,9,-9900,?,9,0.001,E,8,-9900,?,9,-9900,?,9,0.01,99.0,E,8
03/28/2020,01:00,0.0,1371.264,0.0,1,8,0.0,1,8,0.0,1,8,0.0,1,8,0.0,1,8,0.0,1,8,-0.0,1,8,-9900,?,9,-9900,?,9,17.36,E,8,16.02,E,8,91.0,E,8,872.5394,E,8,999.0,E,8,0.86,E,8,-9900,?,9,-9900,?,9,0.0,E,8,-9900,?,9,-9900,?,9,0.0,0.0,E,8
03/28/2020,02:00,0.0,1371.264,0.0,1,8,0.0,1,8,0.0,1,8,0.0,1,8,0.0,1,8,0.0,1,8,-0.0,1,8,-9900,?,9,-9900,?,9,17.12,E,8,15.99,E,8,93.0,E,8,872.5394,E,8,999.0,E,8,1.0,E,8,-9900,?,9,-9900,?,9,0.0,E,8,-9900,?,9,-9900,?,9,0.0,0.0,E,8
03/28/2020,03:00,0.0,1371.264,0.0,1,8,0.0,1,8,0.0,1,8,0.0,1,8,0.0,1,8,0.0,1,8,-0.0,1,8,-9900,?,9,-9900,?,9,16.88,E,8,15.97,E,8,94.0,E,8,872.5394,E,8,999.0,E,8,1.21,E,8,-9900,?,9,-9900,?,9,0.0,E,8,-9900,?,9,-9900,?,9,0.0,0.0,E,8
03/28/2020,04:00,0.0,1370.455,0.0,1,8,0.0,1,8,0.0,1,8,0.0,1,8,0.0,1,8,0.0,1,8,-0.0,1,8,-9900,?,9,-9900,?,9,16.64,E,8,15.94,E,8,95.0,E,8,872.5394,E,8,999.0,E,8,0.81,E,8,-9900,?,9,-9900,?,9,0.0,E,8,-9900,?,9,-9900,?,9,0.0,0.0,E,8
03/28/2020,05:00,0.0,1370.455,0.0,1,8,0.0,1,8,0.0,1,8,0.0,1,8,0.0,1,8,0.0,1,8,-0.0,1,8,-9900,?,9,-9900,?,9,16.4,E,8,15.92,E,8,96.0,E,8,872.5394,E,8,999.0,E,8,0.81,E,8,-9900,?,9,-9900,?,9,0.0,E,8,-9900,?,9,-9900,?,9,0.0,0.0,E,8
03/28/2020,06:00,0.0,1370.455,0.0,1,8,0.0,1,8,0.0,1,8,0.0,1,8,0.0,1,8,0.0,1,8,-0.0,1,8,-9900,?,9,-9900,?,9,16.21,E,8,15.89,E,8,97.0,E,8,872.5394,E,8,999.0,E,8,0.81,E,8,-9900,?,9,-9900,?,9,0.0,E,8,-9900,?,9,-9900,?,9,0.0,0.0,E,8
03/28/2020,07:00,176.947,1370.455,0.14,1,8,0.0,1,8,0.14,1,8,16.8,1,8,0.0,1,8,15.4,1,8,0.351,1,8,-9900,?,9,-9900,?,9,16.05,E,8,15.88,E,8,98.0,E,8,872.5394,E,8,999.0,E,8,0.81,E,8,-9900,?,9,-9900,?,9,0.0,E,8,-9900,?,9,-9900,?,9,0.0,0.0,E,8
03/28/2020,08:00,494.434,1370.455,85.17,1,8,0.0,1,8,85.17,1,8,10220.4,1,8,0.0,1,8,9368.7,1,8,75.29,1,8,-9900,?,9,-9900,?,9,15.89,E,8,15.86,E,8,99.0,E,8,872.5394,E,8,999.0,E,8,0.81,E,8,-9900,?,9,-9900,?,9,0.0,E,8,-9900,?,9,-9900,?,9,0.0,0.0,E,8
03/28/2020,09:00,777.795,1370.455,207.91,1,8,7.36,1,8,203.735,1,8,24949.2,1,8,699.221,1,8,22410.885,1,8,114.336,1,8,-9900,?,9,-9900,?,9,18.27,E,8,16.12,E,8,87.0,E,8,872.5394,E,8,999.0,E,8,0.81,E,8,-9900,?,9,-9900,?,9,0.0,E,8,-9900,?,9,-9900,?,9,0.0,0.0,E,8
03/28/2020,10:00,1006.545,1370.455,316.58,1,8,11.982,1,8,307.782,1,8,37989.6,1,8,1138.257,1,8,33856.037,1,8,133.424,1,8,-9900,?,9,-9900,?,9,19.2,E,8,16.22,E,8,82.0,E,8,872.5394,E,8,999.0,E,8,0.81,E,8,-9900,?,9,-9900,?,9,0.0,E,8,-9900,?,9,-9900,?,9,0.0,0.0,E,8
03/28/2020,11:00,1164.918,1370.455,399.59,1,8,19.431,1,8,383.075,1,8,47950.8,1,8,1845.905,1,8,42138.298,1,8,143.467,1,8,-9900,?,9,-9900,?,9,19.99,E,8,16.3,E,8,79.0,E,8,872.5394,E,8,999.0,E,8,0.81,E,8,-9900,?,9,-9900,?,9,0.0,E,8,-9900,?,9,-9900,?,9,0.0,0.0,E,8
03/28/2020,12:00,1242.06,1370.455,450.3,1,8,22.5,1,8,429.909,1,8,54036.0,1,8,2137.522,1,8,47289.996,1,8,151.0,1,8,-9900,?,9,-9900,?,9,20.64,E,8,16.37,E,8,81.0,E,8,872.5394,E,8,999.0,E,8,1.3,E,8,-9900,?,9,-9900,?,9,0.026000000000000002,E,8,-9900,?,9,-9900,?,9,0.26,99.0,E,8
03/28/2020,13:00,1232.692,1370.455,464.91,1,8,34.616,1,8,433.776,1,8,55789.2,1,8,3288.474,1,8,47715.395,1,8,153.517,1,8,-9900,?,9,-9900,?,9,21.11,E,8,16.42,E,8,79.0,E,8,872.5394,E,8,999.0,E,8,3.25,E,8,-9900,?,9,-9900,?,9,0.006,E,8,-9900,?,9,-9900,?,9,0.06,99.0,E,8
03/28/2020,14:00,1137.446,1370.455,442.36,1,8,31.18,1,8,416.485,1,8,53083.2,1,8,2962.055,1,8,45813.366,1,8,159.75,1,8,-9900,?,9,-9900,?,9,21.39,E,8,16.45,E,8,73.0,E,8,872.5394,E,8,999.0,E,8,3.88,E,8,-9900,?,9,-9900,?,9,0.0,E,8,-9900,?,9,-9900,?,9,0.0,0.0,E,8
03/28/2020,15:00,962.829,1370.455,384.3,1,8,64.788,1,8,338.796,1,8,46116.0,1,8,6154.842,1,8,37267.591,1,8,153.545,1,8,-9900,?,9,-9900,?,9,21.48,E,8,16.46,E,8,73.0,E,8,872.5394,E,8,999.0,E,8,4.43,E,8,-9900,?,9,-9900,?,9,0.0,E,8,-9900,?,9,-9900,?,9,0.0,0.0,E,8
03/28/2020,16:00,720.8,1370.455,295.08,1,8,88.929,1,8,248.343,1,8,35409.6,1,8,8448.299,1,8,27317.704,1,8,150.413,1,8,-9900,?,9,-9900,?,9,21.33,E,8,16.45,E,8,78.0,E,8,872.5394,E,8,999.0,E,8,2.52,E,8,-9900,?,9,-9900,?,9,0.002,E,8,-9900,?,9,-9900,?,9,0.02,99.0,E,8
03/28/2020,17:00,428.08,1370.455,182.09,1,8,200.164,1,8,119.733,1,8,21850.8,1,8,19015.587,1,8,13170.651,1,8,122.34,1,8,-9900,?,9,-9900,?,9,20.9,E,8,16.4,E,8,80.0,E,8,872.5394,E,8,999.0,E,8,1.79,E,8,-9900,?,9,-9900,?,9,0.012,E,8,-9900,?,9,-9900,?,9,0.12,99.0,E,8
03/28/2020,18:00,106.875,1370.455,59.3,1,8,314.332,1,8,35.769,1,8,7116.0,1,8,29861.535,1,8,3934.577,1,8,152.09,1,8,-9900,?,9,-9900,?,9,20.24,E,8,16.33,E,8,78.0,E,8,872.5394,E,8,999.0,E,8,1.05,E,8,-9900,?,9,-9900,?,9,0.0,E,8,-9900,?,9,-9900,?,9,0.0,0.0,E,8
03/28/2020,19:00,0.0,1370.455,0.0,1,8,0.0,1,8,0.0,1,8,0.0,1,8,0.0,1,8,0.0,1,8,-0.0,1,8,-9900,?,9,-9900,?,9,19.76,E,8,16.28,E,8,80.0,E,8,872.5394,E,8,999.0,E,8,0.81,E,8,-9900,?,9,-9900,?,9,0.0,E,8,-9900,?,9,-9900,?,9,0.0,0.0,E,8
03/28/2020,20:00,0.0,1370.455,0.0,1,8,0.0,1,8,0.0,1,8,0.0,1,8,0.0,1,8,0.0,1,8,-0.0,1,8,-9900,?,9,-9900,?,9,19.29,E,8,16.23,E,8,87.0,E,8,872.5394,E,8,999.0,E,8,0.81,E,8,-9900,?,9,-9900,?,9,0.003,E,8,-9900,?,9,-9900,?,9,0.03,99.0,E,8
03/28/2020,21:00,0.0,1370.455,0.0,1,8,0.0,1,8,0.0,1,8,0.0,1,8,0.0,1,8,0.0,1,8,-0.0,1,8,-9900,?,9,-9900,?,9,18.81,E,8,16.18,E,8,99.0,E,8,872.5394,E,8,999.0,E,8,0.81,E,8,-9900,?,9,-9900,?,9,0.55,E,8,-9900,?,9,-9900,?,9,5.5,99.0,E,8
03/28/2020,22:00,0.0,1370.455,0.0,1,8,0.0,1,8,0.0,1,8,0.0,1,8,0.0,1,8,0.0,1,8,-0.0,1,8,-9900,?,9,-9900,?,9,18.34,E,8,16.13,E,8,86.0,E,8,872.5394,E,8,999.0,E,8,0.81,E,8,-9900,?,9,-9900,?,9,0.0,E,8,-9900,?,9,-9900,?,9,0.0,0.0,E,8
03/28/2020,23:00,0.0,1370.455,0.0,1,8,0.0,1,8,0.0,1,8,0.0,1,8,0.0,1,8,0.0,1,8,-0.0,1,8,-9900,?,9,-9900,?,9,17.86,E,8,16.07,E,8,89.0,E,8,872.5394,E,8,999.0,E,8,0.81,E,8,-9900,?,9,-9900,?,9,0.0,E,8,-9900,?,9,-9900,?,9,0.0,0.0,E,8
03/28/2020,24:00,0.0,1370.455,0.0,1,8,0.0,1,8,0.0,1,8,0.0,1,8,0.0,1,8,0.0,1,8,-0.0,1,8,-9900,?,9,-9900,?,9,17.39,E,8,16.46,E,8,91.0,E,8,872.5394,E,8,999.0,E,8,1.38,E,8,-9900,?,9,-9900,?,9,0.0,E,8,-9900,?,9,-9900,?,9,0.0,0.0,E,8
03/29/2020,01:00,0.0,1370.455,0.0,1,8,0.0,1,8,0.0,1,8,0.0,1,8,0.0,1,8,0.0,1,8,-0.0,1,8,-9900,?,9,-9900,?,9,17.15,E,8,16.35,E,8,92.0,E,8,872.5394,E,8,999.0,E,8,1.9,E,8,-9900,?,9,-9900,?,9,0.0,E,8,-9900,?,9,-9900,?,9,0.0,0.0,E,8
03/29/2020,02:00,0.0,1370.455,0.0,1,8,0.0,1,8,0.0,1,8,0.0,1,8,0.0,1,8,0.0,1,8,-0.0,1,8,-9900,?,9,-9900,?,9,16.91,E,8,16.24,E,8,92.0,E,8,872.5394,E,8,999.0,E,8,2.01,E,8,-9900,?,9,-9900,?,9,0.0,E,8,-9900,?,9,-9900,?,9,0.0,0.0,E,8
03/29/2020,03:00,0.0,1370.455,0.0,1,8,0.0,1,8,0.0,1,8,0.0,1,8,0.0,1,8,0.0,1,8,-0.0,1,8,-9900,?,9,-9900,?,9,16.68,E,8,16.14,E,8,93.0,E,8,872.5394,E,8,999.0,E,8,2.0,E,8,-9900,?,9,-9900,?,9,0.0,E,8,-9900,?,9,-9900,?,9,0.0,0.0,E,8
03/29/2020,04:00,0.0,1369.646,0.0,1,8,0.0,1,8,0.0,1,8,0.0,1,8,0.0,1,8,0.0,1,8,-0.0,1,8,-9900,?,9,-9900,?,9,16.44,E,8,16.02,E,8,94.0,E,8,872.5394,E,8,999.0,E,8,2.53,E,8,-9900,?,9,-9900,?,9,0.0,E,8,-9900,?,9,-9900,?,9,0.0,0.0,E,8
03/29/2020,05:00,0.0,1369.646,0.0,1,8,0.0,1,8,0.0,1,8,0.0,1,8,0.0,1,8,0.0,1,8,-0.0,1,8,-9900,?,9,-9900,?,9,16.2,E,8,15.91,E,8,94.0,E,8,872.5394,E,8,999.0,E,8,2.13,E,8,-9900,?,9,-9900,?,9,0.0,E,8,-9900,?,9,-9900,?,9,0.0,0.0,E,8
03/29/2020,06:00,0.0,1369.646,0.0,1,8,0.0,1,8,0.0,1,8,0.0,1,8,0.0,1,8,0.0,1,8,-0.0,1,8,-9900,?,9,-9900,?,9,16.02,E,8,15.82,E,8,99.0,E,8,872.5394,E,8,999.0,E,8,2.47,E,8,-9900,?,9,-9900,?,9,0.004,E,8,-9900,?,9,-9900,?,9,0.04,99.0,E,8
03/29/2020,07:00,175.087,1369.646,0.88,1,8,0.0,1,8,0.88,1,8,105.6,1,8,0.0,1,8,96.8,1,8,2.227,1,8,-9900,?,9,-9900,?,9,15.86,E,8,15.75,E,8,95.0,E,8,872.5394,E,8,999.0,E,8,2.56,E,8,-9900,?,9,-9900,?,9,0.0,E,8,-9900,?,9,-9900,?,9,0.0,0.0,E,8
03/29/2020,08:00,492.115,1369.646,163.93,1,8,36.874,1,8,150.707,1,8,19671.6,1,8,3503.067,1,8,16577.763,1,8,133.775,1,8,-9900,?,9,-9900,?,9,15.7,E,8,15.67,E,8,96.0,E,8,872.5394,E,8,999.0,E,8,2.97,E,8,-9900,?,9,-9900,?,9,0.0,E,8,-9900,?,9,-9900,?,9,0.0,0.0,E,8
03/29/2020,09:00,774.963,1369.646,293.31,1,8,85.483,1,8,244.973,1,8,35197.2,1,8,8120.838,1,8,26947.028,1,8,137.9,1,8,-9900,?,9,-9900,?,9,20.14,E,8,17.68,E,8,84.0,E,8,872.5394,E,8,999.0,E,8,2.78,E,8,-9900,?,9,-9900,?,9,0.0,E,8,-9900,?,9,-9900,?,9,0.0,0.0,E,8
03/29/2020,10:00,1003.168,1369.646,202.6,1,8,36.546,1,8,175.84,1,8,24312.0,1,8,3471.838,1,8,19342.368,1,8,76.438,1,8,-9900,?,9,-9900,?,9,19.97,E,8,17.61,E,8,88.0,E,8,872.5394,E,8,999.0,E,8,2.91,E,8,-9900,?,9,-9900,?,9,0.001,E,8,-9900,?,9,-9900,?,9,0.01,99.0,E,8
03/29/2020,11:00,1160.998,1369.646,265.42,1,8,4.687,1,8,261.447,1,8,31850.4,1,8,445.305,1,8,28759.182,1,8,98.189,1,8,-9900,?,9,-9900,?,9,20.19,E,8,17.7,E,8,83.0,E,8,872.5394,E,8,999.0,E,8,2.97,E,8,-9900,?,9,-9900,?,9,0.0,E,8,-9900,?,9,-9900,?,9,0.0,0.0,E,8
03/29/2020,12:00,1237.638,1369.646,232.98,1,8,9.576,1,8,224.328,1,8,27957.6,1,8,909.69,1,8,24676.059,1,8,79.027,1,8,-9900,?,9,-9900,?,9,20.19,E,8,17.7,E,8,97.0,E,8,872.5394,E,8,999.0,E,8,2.17,E,8,-9900,?,9,-9900,?,9,0.712,E,8,-9900,?,9,-9900,?,9,7.12,99.0,E,8
03/29/2020,13:00,1227.841,1369.646,383.56,1,8,15.739,1,8,369.452,1,8,46027.2,1,8,1495.183,1,8,40639.691,1,8,131.191,1,8,-9900,?,9,-9900,?,9,20.69,E,8,17.91,E,8,86.0,E,8,872.5394,E,8,999.0,E,8,1.22,E,8,-9900,?,9,-9900,?,9,0.001,E,8,-9900,?,9,-9900,?,9,0.01,99.0,E,8
03/29/2020,14:00,1132.271,1369.646,364.75,1,8,33.599,1,8,336.978,1,8,43770.0,1,8,3191.918,1,8,37067.553,1,8,129.768,1,8,-9900,?,9,-9900,?,9,20.98,E,8,18.04,E,8,86.0,E,8,872.5394,E,8,999.0,E,8,0.9,E,8,-9900,?,9,-9900,?,9,0.012,E,8,-9900,?,9,-9900,?,9,0.12,99.0,E,8
03/29/2020,15:00,957.457,1369.646,316.56,1,8,19.888,1,8,302.661,1,8,37987.2,1,8,1889.395,1,8,33292.734,1,8,137.857,1,8,-9900,?,9,-9900,?,9,21.09,E,8,18.08,E,8,85.0,E,8,872.5394,E,8,999.0,E,8,1.34,E,8,-9900,?,9,-9900,?,9,0.04,E,8,-9900,?,9,-9900,?,9,0.4,99.0,E,8
03/29/2020,16:00,715.372,1369.646,242.63,1,8,50.455,1,8,216.298,1,8,29115.6,1,8,4793.195,1,8,23792.764,1,8,131.922,1,8,-9900,?,9,-9900,?,9,20.96,E,8,18.03,E,8,86.0,E,8,872.5394,E,8,999.0,E,8,0.9,E,8,-9900,?,9,-9900,?,9,0.02,E,8,-9900,?,9,-9900,?,9,0.2,99.0,E,8
03/29/2020,17:00,422.748,1369.646,149.08,1,8,82.387,1,8,123.721,1,8,17889.6,1,8,7826.75,1,8,13609.27,1,8,127.942,1,8,-9900,?,9,-9900,?,9,20.55,E,8,17.86,E,8,82.0,E,8,872.5394,E,8,999.0,E,8,0.99,E,8,-9900,?,9,-9900,?,9,0.0,E,8,-9900,?,9,-9900,?,9,0.0,0.0,E,8
03/29/2020,18:00,101.907,1369.646,47.63,1,8,145.265,1,8,37.292,1,8,5715.6,1,8,13800.215,1,8,4102.131,1,8,166.8,1,8,-9900,?,9,-9900,?,9,19.91,E,8,17.58,E,8,84.0,E,8,872.5394,E,8,999.0,E,8,1.28,E,8,-9900,?,9,-9900,?,9,0.0,E,8,-9900,?,9,-9900,?,9,0.0,0.0,E,8
03/29/2020,19:00,0.0,1369.646,0.0,1,8,0.0,1,8,0.0,1,8,0.0,1,8,0.0,1,8,0.0,1,8,-0.0,1,8,-9900,?,9,-9900,?,9,19.41,E,8,17.37,E,8,85.0,E,8,872.5394,E,8,999.0,E,8,1.15,E,8,-9900,?,9,-9900,?,9,0.0,E,8,-9900,?,9,-9900,?,9,0.0,0.0,E,8
03/29/2020,20:00,0.0,1369.646,0.0,1,8,0.0,1,8,0.0,1,8,0.0,1,8,0.0,1,8,0.0,1,8,-0.0,1,8,-9900,?,9,-9900,?,9,18.92,E,8,17.15,E,8,91.0,E,8,872.5394,E,8,999.0,E,8,0.9,E,8,-9900,?,9,-9900,?,9,0.003,E,8,-9900,?,9,-9900,?,9,0.03,99.0,E,8
03/29/2020,21:00,0.0,1369.646,0.0,1,8,0.0,1,8,0.0,1,8,0.0,1,8,0.0,1,8,0.0,1,8,-0.0,1,8,-9900,?,9,-9900,?,9,18.42,E,8,16.93,E,8,93.0,E,8,872.5394,E,8,999.0,E,8,0.9,E,8,-9900,?,9,-9900,?,9,0.007000000000000001,E,8,-9900,?,9,-9900,?,9,0.07,99.0,E,8
03/29/2020,22:00,0.0,1369.646,0.0,1,8,0.0,1,8,0.0,1,8,0.0,1,8,0.0,1,8,0.0,1,8,-0.0,1,8,-9900,?,9,-9900,?,9,17.93,E,8,16.71,E,8,89.0,E,8,872.5394,E,8,999.0,E,8,0.9,E,8,-9900,?,9,-9900,?,9,0.0,E,8,-9900,?,9,-9900,?,9,0.0,0.0,E,8
03/29/2020,23:00,0.0,1369.646,0.0,1,8,0.0,1,8,0.0,1,8,0.0,1,8,0.0,1,8,0.0,1,8,-0.0,1,8,-9900,?,9,-9900,?,9,17.43,E,8,16.48,E,8,91.0,E,8,872.5394,E,8,999.0,E,8,0.9,E,8,-9900,?,9,-9900,?,9,0.0,E,8,-9900,?,9,-9900,?,9,0.0,0.0,E,8
03/29/2020,24:00,0.0,1369.646,0.0,1,8,0.0,1,8,0.0,1,8,0.0,1,8,0.0,1,8,0.0,1,8,-0.0,1,8,-9900,?,9,-9900,?,9,16.94,E,8,16.07,E,8,92.0,E,8,872.5394,E,8,999.0,E,8,1.13,E,8,-9900,?,9,-9900,?,9,0.006,E,8,-9900,?,9,-9900,?,9,0.06,99.0,E,8
03/30/2020,01:00,0.0,1369.646,0.0,1,8,0.0,1,8,0.0,1,8,0.0,1,8,0.0,1,8,0.0,1,8,-0.0,1,8,-9900,?,9,-9900,?,9,16.69,E,8,15.94,E,8,95.0,E,8,872.5394,E,8,999.0,E,8,1.13,E,8,-9900,?,9,-9900,?,9,0.1,E,8,-9900,?,9,-9900,?,9,1.0,99.0,E,8
03/30/2020,02:00,0.0,1369.646,0.0,1,8,0.0,1,8,0.0,1,8,0.0,1,8,0.0,1,8,0.0,1,8,-0.0,1,8,-9900,?,9,-9900,?,9,16.44,E,8,15.81,E,8,93.0,E,8,872.5394,E,8,999.0,E,8,1.13,E,8,-9900,?,9,-9900,?,9,0.05500000000000001,E,8,-9900,?,9,-9900,?,9,0.55,99.0,E,8
03/30/2020,03:00,0.0,1369.646,0.0,1,8,0.0,1,8,0.0,1,8,0.0,1,8,0.0,1,8,0.0,1,8,-0.0,1,8,-9900,?,9,-9900,?,9,16.19,E,8,15.68,E,8,99.0,E,8,872.5394,E,8,999.0,E,8,1.13,E,8,-9900,?,9,-9900,?,9,1.4300000000000002,E,8,-9900,?,9,-9900,?,9,14.3,99.0,E,8
03/30/2020,04:00,0.0,1368.837,0.0,1,8,0.0,1,8,0.0,1,8,0.0,1,8,0.0,1,8,0.0,1,8,-0.0,1,8,-9900,?,9,-9900,?,9,15.95,E,8,15.56,E,8,94.0,E,8,872.5394,E,8,999.0,E,8,1.13,E,8,-9900,?,9,-9900,?,9,0.018,E,8,-9900,?,9,-9900,?,9,0.18,99.0,E,8
03/30/2020,05:00,0.0,1368.837,0.0,1,8,0.0,1,8,0.0,1,8,0.0,1,8,0.0,1,8,0.0,1,8,-0.0,1,8,-9900,?,9,-9900,?,9,15.7,E,8,15.43,E,8,94.0,E,8,872.5394,E,8,999.0,E,8,1.13,E,8,-9900,?,9,-9900,?,9,0.001,E,8,-9900,?,9,-9900,?,9,0.01,99.0,E,8
03/30/2020,06:00,0.0,1368.837,0.0,1,8,0.0,1,8,0.0,1,8,0.0,1,8,0.0,1,8,0.0,1,8,-0.0,1,8,-9900,?,9,-9900,?,9,15.51,E,8,15.33,E,8,94.0,E,8,872.5394,E,8,999.0,E,8,1.13,E,8,-9900,?,9,-9900,?,9,0.013000000000000001,E,8,-9900,?,9,-9900,?,9,0.13,99.0,E,8
03/30/2020,07:00,173.226,1368.837,0.87,1,8,0.0,1,8,0.87,1,8,104.4,1,8,0.0,1,8,95.7,1,8,2.225,1,8,-9900,?,9,-9900,?,9,15.34,E,8,15.23,E,8,92.0,E,8,872.5394,E,8,999.0,E,8,1.13,E,8,-9900,?,9,-9900,?,9,0.0,E,8,-9900,?,9,-9900,?,9,0.0,0.0,E,8
03/30/2020,08:00,489.781,1368.837,79.58,1,8,0.0,1,8,79.58,1,8,9549.6,1,8,0.0,1,8,8753.8,1,8,70.935,1,8,-9900,?,9,-9900,?,9,15.18,E,8,15.15,E,8,95.0,E,8,872.5394,E,8,999.0,E,8,1.13,E,8,-9900,?,9,-9900,?,9,0.025,E,8,-9900,?,9,-9900,?,9,0.25,99.0,E,8
03/30/2020,09:00,772.104,1368.837,183.17,1,8,4.056,1,8,180.884,1,8,21980.4,1,8,385.307,1,8,19897.206,1,8,102.14,1,8,-9900,?,9,-9900,?,9,18.07,E,8,16.63,E,8,87.0,E,8,872.5394,E,8,999.0,E,8,1.13,E,8,-9900,?,9,-9900,?,9,0.0,E,8,-9900,?,9,-9900,?,9,0.0,0.0,E,8
03/30/2020,10:00,999.754,1368.837,205.18,1,8,5.057,1,8,201.487,1,8,24621.6,1,8,480.421,1,8,22163.618,1,8,87.835,1,8,-9900,?,9,-9900,?,9,18.61,E,8,16.9,E,8,89.0,E,8,872.5394,E,8,999.0,E,8,1.13,E,8,-9900,?,9,-9900,?,9,0.009,E,8,-9900,?,9,-9900,?,9,0.09,99.0,E,8
03/30/2020,11:00,1157.035,1368.837,350.62,1,8,14.688,1,8,338.206,1,8,42074.4,1,8,1395.346,1,8,37202.69,1,8,127.376,1,8,-9900,?,9,-9900,?,9,19.68,E,8,17.41,E,8,84.0,E,8,872.5394,E,8,999.0,E,8,1.13,E,8,-9900,?,9,-9900,?,9,0.0,E,8,-9900,?,9,-9900,?,9,0.0,0.0,E,8
03/30/2020,12:00,1233.171,1368.837,395.03,1,8,32.057,1,8,366.152,1,8,47403.6,1,8,3045.415,1,8,40276.736,1,8,129.381,1,8,-9900,?,9,-9900,?,9,20.52,E,8,17.8,E,8,83.0,E,8,872.5394,E,8,999.0,E,8,1.13,E,8,-9900,?,9,-9900,?,9,0.0,E,8,-9900,?,9,-9900,?,9,0.0,0.0,E,8
03/30/2020,13:00,1222.949,1368.837,407.59,1,8,36.044,1,8,375.39,1,8,48910.8,1,8,3424.213,1,8,41292.855,1,8,133.754,1,8,-9900,?,9,-9900,?,9,21.12,E,8,18.07,E,8,82.0,E,8,872.5394,E,8,999.0,E,8,1.13,E,8,-9900,?,9,-9900,?,9,0.0,E,8,-9900,?,9,-9900,?,9,0.0,0.0,E,8
03/30/2020,14:00,1127.061,1368.837,387.38,1,8,30.602,1,8,362.187,1,8,46485.6,1,8,2907.213,1,8,39840.516,1,8,140.038,1,8,-9900,?,9,-9900,?,9,21.49,E,8,18.24,E,8,81.0,E,8,872.5394,E,8,999.0,E,8,1.13,E,8,-9900,?,9,-9900,?,9,0.0,E,8,-9900,?,9,-9900,?,9,0.0,0.0,E,8
03/30/2020,15:00,952.06,1368.837,335.88,1,8,25.606,1,8,318.076,1,8,40305.6,1,8,2432.601,1,8,34988.332,1,8,145.614,1,8,-9900,?,9,-9900,?,9,21.62,E,8,18.3,E,8,81.0,E,8,872.5394,E,8,999.0,E,8,1.13,E,8,-9900,?,9,-9900,?,9,0.0,E,8,-9900,?,9,-9900,?,9,0.0,0.0,E,8
03/30/2020,16:00,709.932,1368.837,256.96,1,8,67.679,1,8,221.887,1,8,30835.2,1,8,6429.466,1,8,24407.586,1,8,136.29,1,8,-9900,?,9,-9900,?,9,21.47,E,8,18.23,E,8,81.0,E,8,872.5394,E,8,999.0,E,8,1.13,E,8,-9900,?,9,-9900,?,9,0.0,E,8,-9900,?,9,-9900,?,9,0.0,0.0,E,8
03/30/2020,17:00,417.419,1368.837,157.2,1,8,112.602,1,8,122.959,1,8,18864.0,1,8,10697.185,1,8,13525.529,1,8,128.711,1,8,-9900,?,9,-9900,?,9,20.98,E,8,18.01,E,8,82.0,E,8,872.5394,E,8,999.0,E,8,1.13,E,8,-9900,?,9,-9900,?,9,0.0,E,8,-9900,?,9,-9900,?,9,0.0,0.0,E,8
03/30/2020,18:00,96.966,1368.837,49.24,1,8,172.422,1,8,37.605,1,8,5908.8,1,8,16380.129,1,8,4136.56,1,8,177.389,1,8,-9900,?,9,-9900,?,9,20.21,E,8,17.66,E,8,86.0,E,8,872.5394,E,8,999.0,E,8,1.13,E,8,-9900,?,9,-9900,?,9,0.001,E,8,-9900,?,9,-9900,?,9,0.01,99.0,E,8
03/30/2020,19:00,0.0,1368.837,0.0,1,8,0.0,1,8,0.0,1,8,0.0,1,8,0.0,1,8,0.0,1,8,-0.0,1,8,-9900,?,9,-9900,?,9,19.69,E,8,17.41,E,8,87.0,E,8,872.5394,E,8,999.0,E,8,1.13,E,8,-9900,?,9,-9900,?,9,0.004,E,8,-9900,?,9,-9900,?,9,0.04,99.0,E,8
03/30/2020,20:00,0.0,1368.837,0.0,1,8,0.0,1,8,0.0,1,8,0.0,1,8,0.0,1,8,0.0,1,8,-0.0,1,8,-9900,?,9,-9900,?,9,19.16,E,8,17.16,E,8,85.0,E,8,872.5394,E,8,999.0,E,8,1.13,E,8,-9900,?,9,-9900,?,9,0.0,E,8,-9900,?,9,-9900,?,9,0.0,0.0,E,8
03/30/2020,21:00,0.0,1368.837,0.0,1,8,0.0,1,8,0.0,1,8,0.0,1,8,0.0,1,8,0.0,1,8,-0.0,1,8,-9900,?,9,-9900,?,9,18.63,E,8,16.91,E,8,86.0,E,8,872.5394,E,8,999.0,E,8,1.13,E,8,-9900,?,9,-9900,?,9,0.0,E,8,-9900,?,9,-9900,?,9,0.0,0.0,E,8
03/30/2020,22:00,0.0,1368.837,0.0,1,8,0.0,1,8,0.0,1,8,0.0,1,8,0.0,1,8,0.0,1,8,-0.0,1,8,-9900,?,9,-9900,?,9,18.11,E,8,16.65,E,8,90.0,E,8,872.5394,E,8,999.0,E,8,1.13,E,8,-9900,?,9,-9900,?,9,0.002,E,8,-9900,?,9,-9900,?,9,0.02,99.0,E,8
03/30/2020,23:00,0.0,1368.837,0.0,1,8,0.0,1,8,0.0,1,8,0.0,1,8,0.0,1,8,0.0,1,8,-0.0,1,8,-9900,?,9,-9900,?,9,17.58,E,8,16.39,E,8,91.0,E,8,872.5394,E,8,999.0,E,8,1.38,E,8,-9900,?,9,-9900,?,9,0.036,E,8,-9900,?,9,-9900,?,9,0.36,99.0,E,8
03/30/2020,24:00,0.0,1368.837,0.0,1,8,0.0,1,8,0.0,1,8,0.0,1,8,0.0,1,8,0.0,1,8,-0.0,1,8,-9900,?,9,-9900,?,9,17.05,E,8,16.07,E,8,91.0,E,8,872.5394,E,8,999.0,E,8,0.94,E,8,-9900,?,9,-9900,?,9,0.0,E,8,-9900,?,9,-9900,?,9,0.0,0.0,E,8
03/31/2020,01:00,0.0,1368.837,0.0,1,8,0.0,1,8,0.0,1,8,0.0,1,8,0.0,1,8,0.0,1,8,-0.0,1,8,-9900,?,9,-9900,?,9,16.79,E,8,15.95,E,8,92.0,E,8,872.5394,E,8,999.0,E,8,0.94,E,8,-9900,?,9,-9900,?,9,0.0,E,8,-9900,?,9,-9900,?,9,0.0,0.0,E,8
03/31/2020,02:00,0.0,1368.837,0.0,1,8,0.0,1,8,0.0,1,8,0.0,1,8,0.0,1,8,0.0,1,8,-0.0,1,8,-9900,?,9,-9900,?,9,16.53,E,8,15.82,E,8,93.0,E,8,872.5394,E,8,999.0,E,8,0.94,E,8,-9900,?,9,-9900,?,9,0.0,E,8,-9900,?,9,-9900,?,9,0.0,0.0,E,8
03/31/2020,03:00,0.0,1368.837,0.0,1,8,0.0,1,8,0.0,1,8,0.0,1,8,0.0,1,8,0.0,1,8,-0.0,1,8,-9900,?,9,-9900,?,9,16.27,E,8,15.69,E,8,93.0,E,8,872.5394,E,8,999.0,E,8,0.95,E,8,-9900,?,9,-9900,?,9,0.0,E,8,-9900,?,9,-9900,?,9,0.0,0.0,E,8
03/31/2020,04:00,0.0,1368.028,0.0,1,8,0.0,1,8,0.0,1,8,0.0,1,8,0.0,1,8,0.0,1,8,-0.0,1,8,-9900,?,9,-9900,?,9,16.0,E,8,15.56,E,8,94.0,E,8,872.5394,E,8,999.0,E,8,0.95,E,8,-9900,?,9,-9900,?,9,0.0,E,8,-9900,?,9,-9900,?,9,0.0,0.0,E,8
03/31/2020,05:00,0.0,1368.028,0.0,1,8,0.0,1,8,0.0,1,8,0.0,1,8,0.0,1,8,0.0,1,8,-0.0,1,8,-9900,?,9,-9900,?,9,15.74,E,8,15.43,E,8,95.0,E,8,872.5394,E,8,999.0,E,8,0.94,E,8,-9900,?,9,-9900,?,9,0.0,E,8,-9900,?,9,-9900,?,9,0.0,0.0,E,8
03/31/2020,06:00,0.0,1368.028,0.0,1,8,0.0,1,8,0.0,1,8,0.0,1,8,0.0,1,8,0.0,1,8,-0.0,1,8,-9900,?,9,-9900,?,9,15.54,E,8,15.33,E,8,95.0,E,8,872.5394,E,8,999.0,E,8,0.94,E,8,-9900,?,9,-9900,?,9,0.0,E,8,-9900,?,9,-9900,?,9,0.0,0.0,E,8
03/31/2020,07:00,171.364,1368.028,0.4,1,8,0.0,1,8,0.4,1,8,48.0,1,8,0.0,1,8,44.0,1,8,1.034,1,8,-9900,?,9,-9900,?,9,15.36,E,8,15.24,E,8,96.0,E,8,872.5394,E,8,999.0,E,8,0.94,E,8,-9900,?,9,-9900,?,9,0.0,E,8,-9900,?,9,-9900,?,9,0.0,0.0,E,8
03/31/2020,08:00,487.43,1368.028,75.29,1,8,0.0,1,8,75.29,1,8,9034.8,1,8,0.0,1,8,8281.9,1,8,67.397,1,8,-9900,?,9,-9900,?,9,15.19,E,8,15.16,E,8,96.0,E,8,872.5394,E,8,999.0,E,8,0.94,E,8,-9900,?,9,-9900,?,9,0.0,E,8,-9900,?,9,-9900,?,9,0.0,0.0,E,8
03/31/2020,09:00,769.218,1368.028,169.09,1,8,10.773,1,8,163.037,1,8,20290.8,1,8,1023.394,1,8,17934.028,1,8,92.354,1,8,-9900,?,9,-9900,?,9,17.72,E,8,16.39,E,8,90.0,E,8,872.5394,E,8,999.0,E,8,0.94,E,8,-9900,?,9,-9900,?,9,0.0,E,8,-9900,?,9,-9900,?,9,0.0,0.0,E,8
03/31/2020,10:00,996.304,1368.028,378.06,1,8,47.335,1,8,343.596,1,8,45367.2,1,8,4496.796,1,8,37795.579,1,8,150.215,1,8,-9900,?,9,-9900,?,9,19.49,E,8,17.2,E,8,85.0,E,8,872.5394,E,8,999.0,E,8,0.94,E,8,-9900,?,9,-9900,?,9,0.0,E,8,-9900,?,9,-9900,?,9,0.0,0.0,E,8
03/31/2020,11:00,1153.032,1368.028,338.02,1,8,23.129,1,8,318.529,1,8,40562.4,1,8,2197.21,1,8,35038.15,1,8,120.311,1,8,-9900,?,9,-9900,?,9,20.17,E,8,17.5,E,8,84.0,E,8,872.5394,E,8,999.0,E,8,0.94,E,8,-9900,?,9,-9900,?,9,0.0,E,8,-9900,?,9,-9900,?,9,0.0,0.0,E,8
03/31/2020,12:00,1228.662,1368.028,217.93,1,8,8.897,1,8,209.94,1,8,26151.6,1,8,845.195,1,8,23093.413,1,8,74.411,1,8,-9900,?,9,-9900,?,9,20.08,E,8,17.46,E,8,88.0,E,8,872.5394,E,8,999.0,E,8,0.94,E,8,-9900,?,9,-9900,?,9,0.001,E,8,-9900,?,9,-9900,?,9,0.01,99.0,E,8
03/31/2020,13:00,1218.017,1368.028,255.27,1,8,10.312,1,8,246.089,1,8,30632.4,1,8,979.671,1,8,27069.809,1,8,87.987,1,8,-9900,?,9,-9900,?,9,20.15,E,8,17.49,E,8,88.0,E,8,872.5394,E,8,999.0,E,8,0.94,E,8,-9900,?,9,-9900,?,9,0.003,E,8,-9900,?,9,-9900,?,9,0.03,99.0,E,8
03/31/2020,14:00,1121.818,1368.028,393.14,1,8,39.978,1,8,360.362,1,8,47176.8,1,8,3797.863,1,8,39639.83,1,8,139.902,1,8,-9900,?,9,-9900,?,9,20.6,E,8,17.69,E,8,87.0,E,8,872.5394,E,8,999.0,E,8,0.94,E,8,-9900,?,9,-9900,?,9,0.012,E,8,-9900,?,9,-9900,?,9,0.12,99.0,E,8
03/31/2020,15:00,946.64,1368.028,429.79,1,8,132.833,1,8,337.902,1,8,51574.8,1,8,12619.135,1,8,37169.254,1,8,155.486,1,8,-9900,?,9,-9900,?,9,21.04,E,8,17.88,E,8,82.0,E,8,872.5394,E,8,999.0,E,8,0.94,E,8,-9900,?,9,-9900,?,9,0.0,E,8,-9900,?,9,-9900,?,9,0.0,0.0,E,8
03/31/2020,16:00,704.483,1368.028,149.59,1,8,1.813,1,8,148.657,1,8,17950.8,1,8,172.203,1,8,16352.303,1,8,91.963,1,8,-9900,?,9,-9900,?,9,20.52,E,8,17.65,E,8,83.0,E,8,872.5394,E,8,999.0,E,8,1.83,E,8,-9900,?,9,-9900,?,9,0.0,E,8,-9900,?,9,-9900,?,9,0.0,0.0,E,8
03/31/2020,17:00,412.095,1368.028,85.59,1,8,0.0,1,8,85.59,1,8,10270.8,1,8,0.0,1,8,9414.9,1,8,90.704,1,8,-9900,?,9,-9900,?,9,19.88,E,8,17.37,E,8,88.0,E,8,872.5394,E,8,999.0,E,8,1.71,E,8,-9900,?,9,-9900,?,9,0.007000000000000001,E,8,-9900,?,9,-9900,?,9,0.07,99.0,E,8
03/31/2020,18:00,92.057,1368.028,55.198,1,8,174.487,1,8,44.065,1,8,6623.76,1,8,16576.219,1,8,4847.17,1,8,219.838,1,8,-9900,?,9,-9900,?,9,19.324,E,8,17.118,E,8,90.4,E,8,872.5394,E,8,999.0,E,8,1.62,E,8,-9900,?,9,-9900,?,9,0.2096,E,8,-9900,?,9,-9900,?,9,2.096,99.0,E,8
03/31/2020,19:00,0.0,1368.028,25.28,1,8,0.0,1,8,0.0,1,8,3033.6,1,8,0.0,1,8,0.0,1,8,-0.0,1,8,-9900,?,9,-9900,?,9,18.778,E,8,16.872,E,8,92.4,E,8,872.5394,E,8,999.0,E,8,1.442,E,8,-9900,?,9,-9900,?,9,0.2098,E,8,-9900,?,9,-9900,?,9,2.098,99.0,E,8
03/31/2020,20:00,0.0,1368.028,8.162,1,8,0.0,1,8,0.0,1,8,979.44,1,8,0.0,1,8,0.0,1,8,-0.0,1,8,-9900,?,9,-9900,?,9,18.266,E,8,16.638,E,8,93.8,E,8,872.5394,E,8,999.0,E,8,1.398,E,8,-9900,?,9,-9900,?,9,0.2144,E,8,-9900,?,9,-9900,?,9,2.144,99.0,E,8
03/31/2020,21:00,0.0,1368.028,0.0,1,8,0.0,1,8,0.0,1,8,0.0,1,8,0.0,1,8,0.0,1,8,-0.0,1,8,-9900,?,9,-9900,?,9,17.794,E,8,16.418,E,8,95.0,E,8,872.5394,E,8,999.0,E,8,1.384,E,8,-9900,?,9,-9900,?,9,0.20379999999999998,E,8,-9900,?,9,-9900,?,9,2.038,99.0,E,8
03/31/2020,22:00,0.0,1368.028,0.0,1,8,0.0,1,8,0.0,1,8,0.0,1,8,0.0,1,8,0.0,1,8,-0.0,1,8,-9900,?,9,-9900,?,9,17.33,E,8,15.834,E,8,92.2,E,8,872.5394,E,8,999.0,E,8,1.13,E,8,-9900,?,9,-9900,?,9,0.0108,E,8,-9900,?,9,-9900,?,9,0.108,99.0,E,8
03/31/2020,23:00,0.0,1368.028,0.0,1,8,0.0,1,8,0.0,1,8,0.0,1,8,0.0,1,8,0.0,1,8,-0.0,1,8,-9900,?,9,-9900,?,9,16.882,E,8,15.262,E,8,91.0,E,8,872.5394,E,8,999.0,E,8,1.066,E,8,-9900,?,9,-9900,?,9,0.0072,E,8,-9900,?,9,-9900,?,9,0.072,99.0,E,8
03/31/2017,24:00,0.0,1368.837,0.0,1,8,0.0,1,8,0.0,1,8,0.0,1,8,0.0,1,8,0.0,1,8,-0.0,1,8,-9900,?,9,-9900,?,9,16.452,E,8,14.702,E,8,89.8,E,8,872.5394,E,8,999.0,E,8,1.002,E,8,-9900,?,9,-9900,?,9,0.007000000000000001,E,8,-9900,?,9,-9900,?,9,0.07,99.0,E,8
04/01/2017,01:00,0.0,1368.837,0.0,1,8,0.0,1,8,0.0,1,8,0.0,1,8,0.0,1,8,0.0,1,8,-0.0,1,8,-9900,?,9,-9900,?,9,16.04,E,8,14.154,E,8,88.4,E,8,872.5394,E,8,999.0,E,8,0.828,E,8,-9900,?,9,-9900,?,9,0.001,E,8,-9900,?,9,-9900,?,9,0.01,99.0,E,8
04/01/2017,02:00,0.0,1368.837,0.0,1,8,0.0,1,8,0.0,1,8,0.0,1,8,0.0,1,8,0.0,1,8,-0.0,1,8,-9900,?,9,-9900,?,9,15.644,E,8,13.618,E,8,87.2,E,8,872.5394,E,8,999.0,E,8,0.62,E,8,-9900,?,9,-9900,?,9,0.0,E,8,-9900,?,9,-9900,?,9,0.0,0.0,E,8
04/01/2017,03:00,0.0,1368.837,0.0,1,8,0.0,1,8,0.0,1,8,0.0,1,8,0.0,1,8,0.0,1,8,-0.0,1,8,-9900,?,9,-9900,?,9,15.256,E,8,13.454,E,8,88.4,E,8,872.5394,E,8,999.0,E,8,0.62,E,8,-9900,?,9,-9900,?,9,0.0,E,8,-9900,?,9,-9900,?,9,0.0,0.0,E,8
04/01/2017,04:00,0.0,1368.028,0.0,1,8,0.0,1,8,0.0,1,8,0.0,1,8,0.0,1,8,0.0,1,8,-0.0,1,8,-9900,?,9,-9900,?,9,14.886,E,8,13.296,E,8,89.6,E,8,872.5394,E,8,999.0,E,8,0.62,E,8,-9900,?,9,-9900,?,9,0.0,E,8,-9900,?,9,-9900,?,9,0.0,0.0,E,8
04/01/2017,05:00,0.0,1368.028,0.018,1,8,0.0,1,8,0.0,1,8,2.16,1,8,0.0,1,8,0.0,1,8,-0.0,1,8,-9900,?,9,-9900,?,9,14.542,E,8,13.148,E,8,90.8,E,8,872.5394,E,8,999.0,E,8,0.62,E,8,-9900,?,9,-9900,?,9,0.0,E,8,-9900,?,9,-9900,?,9,0.0,0.0,E,8
04/01/2017,06:00,0.0,1368.028,0.0,1,8,0.0,1,8,0.0,1,8,0.0,1,8,0.0,1,8,0.0,1,8,-0.0,1,8,-9900,?,9,-9900,?,9,14.18,E,8,12.99,E,8,92.0,E,8,872.5394,E,8,999.0,E,8,0.62,E,8,-9900,?,9,-9900,?,9,0.0,E,8,-9900,?,9,-9900,?,9,0.0,0.0,E,8
04/01/2017,07:00,170.229,1368.028,0.09,1,8,0.0,1,8,0.09,1,8,10.8,1,8,0.0,1,8,9.9,1,8,0.234,1,8,-9900,?,9,-9900,?,9,13.92,E,8,12.88,E,8,93.0,E,8,872.5394,E,8,999.0,E,8,0.62,E,8,-9900,?,9,-9900,?,9,0.0,E,8,-9900,?,9,-9900,?,9,0.0,0.0,E,8
04/01/2017,08:00,486.06,1368.028,107.25,1,8,0.0,1,8,107.25,1,8,12870.0,1,8,0.0,1,8,11797.5,1,8,96.278,1,8,-9900,?,9,-9900,?,9,13.67,E,8,12.77,E,8,94.0,E,8,872.5394,E,8,999.0,E,8,0.62,E,8,-9900,?,9,-9900,?,9,0.0,E,8,-9900,?,9,-9900,?,9,0.0,0.0,E,8
04/01/2017,09:00,767.556,1368.028,265.34,1,8,32.161,1,8,247.307,1,8,31840.8,1,8,3055.283,1,8,27203.779,1,8,140.394,1,8,-9900,?,9,-9900,?,9,17.34,E,8,14.32,E,8,82.0,E,8,872.5394,E,8,999.0,E,8,0.62,E,8,-9900,?,9,-9900,?,9,0.0,E,8,-9900,?,9,-9900,?,9,0.0,0.0,E,8
04/01/2017,10:00,994.301,1368.028,405.21,1,8,64.011,1,8,358.698,1,8,48625.2,1,8,6081.036,1,8,39456.804,1,8,157.134,1,8,-9900,?,9,-9900,?,9,18.77,E,8,14.88,E,8,78.0,E,8,872.5394,E,8,999.0,E,8,0.62,E,8,-9900,?,9,-9900,?,9,0.0,E,8,-9900,?,9,-9900,?,9,0.0,0.0,E,8
04/01/2017,11:00,1150.662,1368.028,511.77,1,8,132.744,1,8,400.131,1,8,61412.4,1,8,12610.726,1,8,44014.39,1,8,151.444,1,8,-9900,?,9,-9900,?,9,20.02,E,8,15.36,E,8,74.0,E,8,872.5394,E,8,999.0,E,8,0.98,E,8,-9900,?,9,-9900,?,9,0.0,E,8,-9900,?,9,-9900,?,9,0.0,0.0,E,8
04/01/2017,12:00,1225.924,1368.028,576.45,1,8,157.043,1,8,435.73,1,8,69174.0,1,8,14919.049,1,8,47930.327,1,8,154.786,1,8,-9900,?,9,-9900,?,9,21.02,E,8,15.73,E,8,71.0,E,8,872.5394,E,8,999.0,E,8,0.98,E,8,-9900,?,9,-9900,?,9,0.0,E,8,-9900,?,9,-9900,?,9,0.0,0.0,E,8
04/01/2017,13:00,1214.936,1368.028,594.43,1,8,186.059,1,8,429.206,1,8,71331.6,1,8,17675.578,1,8,47212.609,1,8,153.848,1,8,-9900,?,9,-9900,?,9,21.74,E,8,16.0,E,8,69.0,E,8,872.5394,E,8,999.0,E,8,2.1,E,8,-9900,?,9,-9900,?,9,0.0,E,8,-9900,?,9,-9900,?,9,0.0,0.0,E,8
04/01/2017,14:00,1118.442,1368.028,564.38,1,8,226.547,1,8,379.191,1,8,67725.6,1,8,21522.008,1,8,41711.037,1,8,147.657,1,8,-9900,?,9,-9900,?,9,22.18,E,8,16.16,E,8,68.0,E,8,872.5394,E,8,999.0,E,8,2.12,E,8,-9900,?,9,-9900,?,9,0.0,E,8,-9900,?,9,-9900,?,9,0.0,0.0,E,8
04/01/2017,15:00,943.038,1368.028,488.5,1,8,186.379,1,8,360.063,1,8,58620.0,1,8,17706.002,1,8,39606.924,1,8,166.316,1,8,-9900,?,9,-9900,?,9,22.31,E,8,16.2,E,8,68.0,E,8,872.5394,E,8,999.0,E,8,1.46,E,8,-9900,?,9,-9900,?,9,0.0,E,8,-9900,?,9,-9900,?,9,0.0,0.0,E,8
04/01/2017,16:00,700.74,1368.028,372.53,1,8,300.986,1,8,218.484,1,8,44703.6,1,8,28593.67,1,8,24033.226,1,8,135.883,1,8,-9900,?,9,-9900,?,9,22.07,E,8,16.12,E,8,68.0,E,8,872.5394,E,8,999.0,E,8,0.62,E,8,-9900,?,9,-9900,?,9,0.0,E,8,-9900,?,9,-9900,?,9,0.0,0.0,E,8
04/01/2017,17:00,408.31,1368.028,226.14,1,8,408.125,1,8,104.688,1,8,27136.8,1,8,38771.908,1,8,11515.627,1,8,111.978,1,8,-9900,?,9,-9900,?,9,21.38,E,8,15.87,E,8,70.0,E,8,872.5394,E,8,999.0,E,8,0.62,E,8,-9900,?,9,-9900,?,9,0.0,E,8,-9900,?,9,-9900,?,9,0.0,0.0,E,8
04/01/2017,18:00,88.447,1368.028,68.35,1,8,256.355,1,8,52.696,1,8,8202.0,1,8,24353.704,1,8,5796.6,1,8,274.699,1,8,-9900,?,9,-9900,?,9,20.33,E,8,15.48,E,8,73.0,E,8,872.5394,E,8,999.0,E,8,0.62,E,8,-9900,?,9,-9900,?,9,0.0,E,8,-9900,?,9,-9900,?,9,0.0,0.0,E,8
04/01/2017,19:00,0.0,1368.028,0.0,1,8,0.0,1,8,0.0,1,8,0.0,1,8,0.0,1,8,0.0,1,8,-0.0,1,8,-9900,?,9,-9900,?,9,19.72,E,8,15.25,E,8,75.0,E,8,872.5394,E,8,999.0,E,8,0.62,E,8,-9900,?,9,-9900,?,9,0.0,E,8,-9900,?,9,-9900,?,9,0.0,0.0,E,8
04/01/2017,20:00,0.0,1368.028,0.0,1,8,0.0,1,8,0.0,1,8,0.0,1,8,0.0,1,8,0.0,1,8,-0.0,1,8,-9900,?,9,-9900,?,9,19.11,E,8,15.01,E,8,77.0,E,8,872.5394,E,8,999.0,E,8,0.62,E,8,-9900,?,9,-9900,?,9,0.0,E,8,-9900,?,9,-9900,?,9,0.0,0.0,E,8
04/01/2017,21:00,0.0,1368.028,0.0,1,8,0.0,1,8,0.0,1,8,0.0,1,8,0.0,1,8,0.0,1,8,-0.0,1,8,-9900,?,9,-9900,?,9,18.49,E,8,14.77,E,8,78.0,E,8,872.5394,E,8,999.0,E,8,0.62,E,8,-9900,?,9,-9900,?,9,0.0,E,8,-9900,?,9,-9900,?,9,0.0,0.0,E,8
04/01/2017,22:00,0.0,1368.028,0.0,1,8,0.0,1,8,0.0,1,8,0.0,1,8,0.0,1,8,0.0,1,8,-0.0,1,8,-9900,?,9,-9900,?,9,17.88,E,8,14.53,E,8,80.0,E,8,872.5394,E,8,999.0,E,8,0.62,E,8,-9900,?,9,-9900,?,9,0.0,E,8,-9900,?,9,-9900,?,9,0.0,0.0,E,8
04/01/2017,23:00,0.0,1368.028,0.0,1,8,0.0,1,8,0.0,1,8,0.0,1,8,0.0,1,8,0.0,1,8,-0.0,1,8,-9900,?,9,-9900,?,9,17.26,E,8,14.28,E,8,82.0,E,8,872.5394,E,8,999.0,E,8,0.62,E,8,-9900,?,9,-9900,?,9,0.0,E,8,-9900,?,9,-9900,?,9,0.0,0.0,E,8
04/01/2017,24:00,0.0,1368.028,0.0,1,8,0.0,1,8,0.0,1,8,0.0,1,8,0.0,1,8,0.0,1,8,-0.0,1,8,-9900,?,9,-9900,?,9,16.65,E,8,15.89,E,8,94.0,E,8,872.5394,E,8,999.0,E,8,0.74,E,8,-9900,?,9,-9900,?,9,0.003,E,8,-9900,?,9,-9900,?,9,0.03,99.0,E,8
04/02/2017,01:00,0.0,1368.028,0.0,1,8,0.0,1,8,0.0,1,8,0.0,1,8,0.0,1,8,0.0,1,8,-0.0,1,8,-9900,?,9,-9900,?,9,16.34,E,8,15.69,E,8,91.0,E,8,872.5394,E,8,999.0,E,8,0.74,E,8,-9900,?,9,-9900,?,9,0.0,E,8,-9900,?,9,-9900,?,9,0.0,0.0,E,8
04/02/2017,02:00,0.0,1368.028,0.0,1,8,0.0,1,8,0.0,1,8,0.0,1,8,0.0,1,8,0.0,1,8,-0.0,1,8,-9900,?,9,-9900,?,9,16.03,E,8,15.49,E,8,92.0,E,8,872.5394,E,8,999.0,E,8,0.74,E,8,-9900,?,9,-9900,?,9,0.0,E,8,-9900,?,9,-9900,?,9,0.0,0.0,E,8
04/02/2017,03:00,0.0,1368.028,0.0,1,8,0.0,1,8,0.0,1,8,0.0,1,8,0.0,1,8,0.0,1,8,-0.0,1,8,-9900,?,9,-9900,?,9,15.73,E,8,15.29,E,8,92.0,E,8,872.5394,E,8,999.0,E,8,0.74,E,8,-9900,?,9,-9900,?,9,0.0,E,8,-9900,?,9,-9900,?,9,0.0,0.0,E,8
04/02/2017,04:00,0.0,1367.219,0.0,1,8,0.0,1,8,0.0,1,8,0.0,1,8,0.0,1,8,0.0,1,8,-0.0,1,8,-9900,?,9,-9900,?,9,15.42,E,8,15.09,E,8,95.0,E,8,872.5394,E,8,999.0,E,8,0.74,E,8,-9900,?,9,-9900,?,9,0.002,E,8,-9900,?,9,-9900,?,9,0.02,99.0,E,8
04/02/2017,05:00,0.0,1367.219,0.0,1,8,0.0,1,8,0.0,1,8,0.0,1,8,0.0,1,8,0.0,1,8,-0.0,1,8,-9900,?,9,-9900,?,9,15.11,E,8,14.88,E,8,96.0,E,8,872.5394,E,8,999.0,E,8,0.74,E,8,-9900,?,9,-9900,?,9,0.001,E,8,-9900,?,9,-9900,?,9,0.01,99.0,E,8
04/02/2017,06:00,0.0,1367.219,0.0,1,8,0.0,1,8,0.0,1,8,0.0,1,8,0.0,1,8,0.0,1,8,-0.0,1,8,-9900,?,9,-9900,?,9,14.87,E,8,14.71,E,8,96.0,E,8,872.5394,E,8,999.0,E,8,0.74,E,8,-9900,?,9,-9900,?,9,0.004,E,8,-9900,?,9,-9900,?,9,0.04,99.0,E,8
04/02/2017,07:00,168.357,1367.219,0.04,1,8,0.0,1,8,0.04,1,8,4.8,1,8,0.0,1,8,4.4,1,8,0.105,1,8,-9900,?,9,-9900,?,9,14.67,E,8,14.58,E,8,96.0,E,8,872.5394,E,8,999.0,E,8,0.74,E,8,-9900,?,9,-9900,?,9,0.015,E,8,-9900,?,9,-9900,?,9,0.15,99.0,E,8
04/02/2017,08:00,483.676,1367.219,61.37,1,8,0.0,1,8,61.37,1,8,7364.4,1,8,0.0,1,8,6750.7,1,8,55.331,1,8,-9900,?,9,-9900,?,9,14.47,E,8,14.44,E,8,96.0,E,8,872.5394,E,8,999.0,E,8,0.74,E,8,-9900,?,9,-9900,?,9,0.01,E,8,-9900,?,9,-9900,?,9,0.1,99.0,E,8
04/02/2017,09:00,764.617,1367.219,152.43,1,8,4.99,1,8,149.641,1,8,18291.6,1,8,474.068,1,8,16460.514,1,8,85.226,1,8,-9900,?,9,-9900,?,9,17.07,E,8,16.16,E,8,90.0,E,8,872.5394,E,8,999.0,E,8,0.74,E,8,-9900,?,9,-9900,?,9,0.0,E,8,-9900,?,9,-9900,?,9,0.0,0.0,E,8
04/02/2017,10:00,990.786,1367.219,232.98,1,8,6.533,1,8,228.247,1,8,27957.6,1,8,620.677,1,8,25107.131,1,8,100.283,1,8,-9900,?,9,-9900,?,9,18.1,E,8,16.79,E,8,89.0,E,8,872.5394,E,8,999.0,E,8,0.74,E,8,-9900,?,9,-9900,?,9,0.0,E,8,-9900,?,9,-9900,?,9,0.0,0.0,E,8
04/02/2017,11:00,1146.587,1367.219,294.3,1,8,14.479,1,8,282.159,1,8,35316.0,1,8,1375.515,1,8,31037.482,1,8,107.11,1,8,-9900,?,9,-9900,?,9,18.98,E,8,17.32,E,8,88.0,E,8,872.5394,E,8,999.0,E,8,0.74,E,8,-9900,?,9,-9900,?,9,0.0,E,8,-9900,?,9,-9900,?,9,0.0,0.0,E,8
04/02/2017,12:00,1221.345,1367.219,331.46,1,8,22.312,1,8,311.53,1,8,39775.2,1,8,2119.633,1,8,34268.311,1,8,111.015,1,8,-9900,?,9,-9900,?,9,19.7,E,8,17.74,E,8,87.0,E,8,872.5394,E,8,999.0,E,8,0.74,E,8,-9900,?,9,-9900,?,9,0.0,E,8,-9900,?,9,-9900,?,9,0.0,0.0,E,8
04/02/2017,13:00,1209.941,1367.219,341.68,1,8,23.898,1,8,320.533,1,8,41001.6,1,8,2270.327,1,8,35258.593,1,8,115.301,1,8,-9900,?,9,-9900,?,9,20.21,E,8,18.03,E,8,86.0,E,8,872.5394,E,8,999.0,E,8,0.74,E,8,-9900,?,9,-9900,?,9,0.0,E,8,-9900,?,9,-9900,?,9,0.0,0.0,E,8
04/02/2017,14:00,1113.15,1367.219,324.22,1,8,25.322,1,8,303.607,1,8,38906.4,1,8,2405.6,1,8,33396.721,1,8,118.716,1,8,-9900,?,9,-9900,?,9,20.52,E,8,18.2,E,8,86.0,E,8,872.5394,E,8,999.0,E,8,0.74,E,8,-9900,?,9,-9900,?,9,0.0,E,8,-9900,?,9,-9900,?,9,0.0,0.0,E,8
04/02/2017,15:00,937.588,1367.219,280.36,1,8,13.843,1,8,270.87,1,8,33643.2,1,8,1315.041,1,8,29795.748,1,8,125.771,1,8,-9900,?,9,-9900,?,9,20.62,E,8,18.26,E,8,86.0,E,8,872.5394,E,8,999.0,E,8,0.74,E,8,-9900,?,9,-9900,?,9,0.0,E,8,-9900,?,9,-9900,?,9,0.0,0.0,E,8
04/02/2017,16:00,695.283,1367.219,213.4,1,8,31.935,1,8,197.174,1,8,25608.0,1,8,3033.806,1,8,21689.091,1,8,123.521,1,8,-9900,?,9,-9900,?,9,20.44,E,8,18.16,E,8,86.0,E,8,872.5394,E,8,999.0,E,8,0.74,E,8,-9900,?,9,-9900,?,9,0.0,E,8,-9900,?,9,-9900,?,9,0.0,0.0,E,8
04/02/2017,17:00,403.005,1367.219,128.96,1,8,88.844,1,8,102.851,1,8,15475.2,1,8,8440.183,1,8,11313.655,1,8,111.405,1,8,-9900,?,9,-9900,?,9,19.95,E,8,17.88,E,8,87.0,E,8,872.5394,E,8,999.0,E,8,0.74,E,8,-9900,?,9,-9900,?,9,0.0,E,8,-9900,?,9,-9900,?,9,0.0,0.0,E,8
04/02/2017,18:00,83.602,1367.219,38.15,1,8,128.63,1,8,30.765,1,8,4578.0,1,8,12219.854,1,8,3384.145,1,8,170.567,1,8,-9900,?,9,-9900,?,9,19.2,E,8,17.45,E,8,88.0,E,8,872.5394,E,8,999.0,E,8,0.74,E,8,-9900,?,9,-9900,?,9,0.0,E,8,-9900,?,9,-9900,?,9,0.0,0.0,E,8
04/02/2017,19:00,0.0,1367.219,0.0,1,8,0.0,1,8,0.0,1,8,0.0,1,8,0.0,1,8,0.0,1,8,-0.0,1,8,-9900,?,9,-9900,?,9,18.7,E,8,17.15,E,8,88.0,E,8,872.5394,E,8,999.0,E,8,0.74,E,8,-9900,?,9,-9900,?,9,0.0,E,8,-9900,?,9,-9900,?,9,0.0,0.0,E,8
04/02/2017,20:00,0.0,1367.219,0.0,1,8,0.0,1,8,0.0,1,8,0.0,1,8,0.0,1,8,0.0,1,8,-0.0,1,8,-9900,?,9,-9900,?,9,18.2,E,8,16.86,E,8,92.0,E,8,872.5394,E,8,999.0,E,8,0.92,E,8,-9900,?,9,-9900,?,9,0.006,E,8,-9900,?,9,-9900,?,9,0.06,99.0,E,8
04/02/2017,21:00,0.0,1367.219,0.0,1,8,0.0,1,8,0.0,1,8,0.0,1,8,0.0,1,8,0.0,1,8,-0.0,1,8,-9900,?,9,-9900,?,9,17.7,E,8,16.55,E,8,92.0,E,8,872.5394,E,8,999.0,E,8,1.4,E,8,-9900,?,9,-9900,?,9,0.044,E,8,-9900,?,9,-9900,?,9,0.44,99.0,E,8
04/02/2017,22:00,0.0,1367.219,0.0,1,8,0.0,1,8,0.0,1,8,0.0,1,8,0.0,1,8,0.0,1,8,-0.0,1,8,-9900,?,9,-9900,?,9,17.2,E,8,16.24,E,8,93.0,E,8,872.5394,E,8,999.0,E,8,1.47,E,8,-9900,?,9,-9900,?,9,0.023,E,8,-9900,?,9,-9900,?,9,0.23,99.0,E,8
04/02/2017,23:00,0.0,1367.219,0.0,1,8,0.0,1,8,0.0,1,8,0.0,1,8,0.0,1,8,0.0,1,8,-0.0,1,8,-9900,?,9,-9900,?,9,16.7,E,8,15.92,E,8,99.0,E,8,872.5394,E,8,999.0,E,8,0.87,E,8,-9900,?,9,-9900,?,9,0.692,E,8,-9900,?,9,-9900,?,9,6.92,99.0,E,8
04/02/2017,24:00,0.0,1367.219,0.0,1,8,0.0,1,8,0.0,1,8,0.0,1,8,0.0,1,8,0.0,1,8,-0.0,1,8,-9900,?,9,-9900,?,9,16.2,E,8,15.41,E,8,93.0,E,8,872.5394,E,8,999.0,E,8,0.36,E,8,-9900,?,9,-9900,?,9,0.0,E,8,-9900,?,9,-9900,?,9,0.0,0.0,E,8
04/03/2017,01:00,0.0,1367.219,0.0,1,8,0.0,1,8,0.0,1,8,0.0,1,8,0.0,1,8,0.0,1,8,-0.0,1,8,-9900,?,9,-9900,?,9,15.96,E,8,15.27,E,8,94.0,E,8,872.5394,E,8,999.0,E,8,0.36,E,8,-9900,?,9,-9900,?,9,0.0,E,8,-9900,?,9,-9900,?,9,0.0,0.0,E,8
04/03/2017,02:00,0.0,1367.219,0.0,1,8,0.0,1,8,0.0,1,8,0.0,1,8,0.0,1,8,0.0,1,8,-0.0,1,8,-9900,?,9,-9900,?,9,15.71,E,8,15.13,E,8,99.0,E,8,872.5394,E,8,999.0,E,8,0.36,E,8,-9900,?,9,-9900,?,9,0.002,E,8,-9900,?,9,-9900,?,9,0.02,99.0,E,8
04/03/2017,03:00,0.0,1367.219,0.0,1,8,0.0,1,8,0.0,1,8,0.0,1,8,0.0,1,8,0.0,1,8,-0.0,1,8,-9900,?,9,-9900,?,9,15.46,E,8,14.99,E,8,95.0,E,8,872.5394,E,8,999.0,E,8,0.36,E,8,-9900,?,9,-9900,?,9,0.0,E,8,-9900,?,9,-9900,?,9,0.0,0.0,E,8
04/03/2017,04:00,0.0,1366.411,0.0,1,8,0.0,1,8,0.0,1,8,0.0,1,8,0.0,1,8,0.0,1,8,-0.0,1,8,-9900,?,9,-9900,?,9,15.21,E,8,14.85,E,8,96.0,E,8,872.5394,E,8,999.0,E,8,0.36,E,8,-9900,?,9,-9900,?,9,0.0,E,8,-9900,?,9,-9900,?,9,0.0,0.0,E,8
04/03/2017,05:00,0.0,1366.411,0.0,1,8,0.0,1,8,0.0,1,8,0.0,1,8,0.0,1,8,0.0,1,8,-0.0,1,8,-9900,?,9,-9900,?,9,14.96,E,8,14.71,E,8,97.0,E,8,872.5394,E,8,999.0,E,8,0.36,E,8,-9900,?,9,-9900,?,9,0.0,E,8,-9900,?,9,-9900,?,9,0.0,0.0,E,8
04/03/2017,06:00,0.0,1366.411,0.0,1,8,0.0,1,8,0.0,1,8,0.0,1,8,0.0,1,8,0.0,1,8,-0.0,1,8,-9900,?,9,-9900,?,9,14.76,E,8,14.59,E,8,97.0,E,8,872.5394,E,8,999.0,E,8,0.36,E,8,-9900,?,9,-9900,?,9,0.0,E,8,-9900,?,9,-9900,?,9,0.0,0.0,E,8
04/03/2017,07:00,166.481,1366.411,0.0,1,8,0.0,1,8,0.0,1,8,0.0,1,8,0.0,1,8,0.0,1,8,0.0,1,8,-9900,?,9,-9900,?,9,14.6,E,8,14.5,E,8,97.0,E,8,872.5394,E,8,999.0,E,8,0.36,E,8,-9900,?,9,-9900,?,9,0.0,E,8,-9900,?,9,-9900,?,9,0.0,0.0,E,8
04/03/2017,08:00,481.276,1366.411,85.34,1,8,0.0,1,8,85.34,1,8,10240.8,1,8,0.0,1,8,9387.4,1,8,77.282,1,8,-9900,?,9,-9900,?,9,14.43,E,8,14.4,E,8,98.0,E,8,872.5394,E,8,999.0,E,8,0.36,E,8,-9900,?,9,-9900,?,9,0.0,E,8,-9900,?,9,-9900,?,9,0.0,0.0,E,8
04/03/2017,09:00,761.652,1366.411,212.79,1,8,8.947,1,8,207.806,1,8,25534.8,1,8,849.976,1,8,22858.662,1,8,118.745,1,8,-9900,?,9,-9900,?,9,17.43,E,8,16.07,E,8,90.0,E,8,872.5394,E,8,999.0,E,8,0.36,E,8,-9900,?,9,-9900,?,9,0.0,E,8,-9900,?,9,-9900,?,9,0.0,0.0,E,8
04/03/2017,10:00,987.237,1366.411,325.52,1,8,14.214,1,8,315.253,1,8,39062.4,1,8,1350.37,1,8,34677.806,1,8,138.927,1,8,-9900,?,9,-9900,?,9,18.61,E,8,16.68,E,8,87.0,E,8,872.5394,E,8,999.0,E,8,0.55,E,8,-9900,?,9,-9900,?,9,0.0,E,8,-9900,?,9,-9900,?,9,0.0,0.0,E,8
04/03/2017,11:00,1142.475,1366.411,411.28,1,8,35.602,1,8,381.517,1,8,49353.6,1,8,3382.157,1,8,41966.839,1,8,145.262,1,8,-9900,?,9,-9900,?,9,19.63,E,8,17.2,E,8,85.0,E,8,872.5394,E,8,999.0,E,8,1.01,E,8,-9900,?,9,-9900,?,9,0.0,E,8,-9900,?,9,-9900,?,9,0.0,0.0,E,8
04/03/2017,12:00,1216.728,1366.411,463.16,1,8,41.63,1,8,426.093,1,8,55579.2,1,8,3954.842,1,8,46870.257,1,8,152.327,1,8,-9900,?,9,-9900,?,9,20.45,E,8,17.6,E,8,83.0,E,8,872.5394,E,8,999.0,E,8,1.41,E,8,-9900,?,9,-9900,?,9,0.0,E,8,-9900,?,9,-9900,?,9,0.0,0.0,E,8
04/03/2017,13:00,1204.913,1366.411,477.3,1,8,48.77,1,8,434.298,1,8,57276.0,1,8,4633.18,1,8,47772.727,1,8,156.783,1,8,-9900,?,9,-9900,?,9,21.04,E,8,17.88,E,8,82.0,E,8,872.5394,E,8,999.0,E,8,2.42,E,8,-9900,?,9,-9900,?,9,0.0,E,8,-9900,?,9,-9900,?,9,0.0,0.0,E,8
04/03/2017,14:00,1107.833,1366.411,452.65,1,8,58.476,1,8,405.247,1,8,54318.0,1,8,5555.195,1,8,44577.212,1,8,159.127,1,8,-9900,?,9,-9900,?,9,21.4,E,8,18.06,E,8,81.0,E,8,872.5394,E,8,999.0,E,8,2.9,E,8,-9900,?,9,-9900,?,9,0.0,E,8,-9900,?,9,-9900,?,9,0.0,0.0,E,8
04/03/2017,15:00,932.124,1366.411,391.02,1,8,61.877,1,8,348.823,1,8,46922.4,1,8,5878.345,1,8,38370.575,1,8,162.821,1,8,-9900,?,9,-9900,?,9,21.51,E,8,18.11,E,8,80.0,E,8,872.5394,E,8,999.0,E,8,2.64,E,8,-9900,?,9,-9900,?,9,0.0,E,8,-9900,?,9,-9900,?,9,0.0,0.0,E,8
04/03/2017,16:00,689.826,1366.411,297.07,1,8,116.731,1,8,238.189,1,8,35648.4,1,8,11089.42,1,8,26200.841,1,8,150.309,1,8,-9900,?,9,-9900,?,9,21.3,E,8,18.01,E,8,81.0,E,8,872.5394,E,8,999.0,E,8,1.51,E,8,-9900,?,9,-9900,?,9,0.0,E,8,-9900,?,9,-9900,?,9,0.0,0.0,E,8
04/03/2017,17:00,397.714,1366.411,178.7,1,8,236.367,1,8,110.116,1,8,21444.0,1,8,22454.821,1,8,12112.77,1,8,120.799,1,8,-9900,?,9,-9900,?,9,20.73,E,8,17.74,E,8,82.0,E,8,872.5394,E,8,999.0,E,8,0.94,E,8,-9900,?,9,-9900,?,9,0.0,E,8,-9900,?,9,-9900,?,9,0.0,0.0,E,8
04/03/2017,18:00,78.799,1366.411,51.71,1,8,196.723,1,8,41.13,1,8,6205.2,1,8,18688.679,1,8,4524.32,1,8,243.438,1,8,-9900,?,9,-9900,?,9,19.86,E,8,17.31,E,8,84.0,E,8,872.5394,E,8,999.0,E,8,0.45,E,8,-9900,?,9,-9900,?,9,0.0,E,8,-9900,?,9,-9900,?,9,0.0,0.0,E,8
04/03/2017,19:00,0.0,1366.411,0.0,1,8,0.0,1,8,0.0,1,8,0.0,1,8,0.0,1,8,0.0,1,8,-0.0,1,8,-9900,?,9,-9900,?,9,19.17,E,8,16.97,E,8,91.0,E,8,872.5394,E,8,999.0,E,8,0.53,E,8,-9900,?,9,-9900,?,9,0.098,E,8,-9900,?,9,-9900,?,9,0.98,99.0,E,8
04/03/2017,20:00,0.0,1366.411,0.0,1,8,0.0,1,8,0.0,1,8,0.0,1,8,0.0,1,8,0.0,1,8,-0.0,1,8,-9900,?,9,-9900,?,9,18.49,E,8,16.62,E,8,88.0,E,8,872.5394,E,8,999.0,E,8,0.36,E,8,-9900,?,9,-9900,?,9,0.0,E,8,-9900,?,9,-9900,?,9,0.0,0.0,E,8
04/03/2017,21:00,0.0,1366.411,0.0,1,8,0.0,1,8,0.0,1,8,0.0,1,8,0.0,1,8,0.0,1,8,-0.0,1,8,-9900,?,9,-9900,?,9,17.8,E,8,16.27,E,8,89.0,E,8,872.5394,E,8,999.0,E,8,0.36,E,8,-9900,?,9,-9900,?,9,0.0,E,8,-9900,?,9,-9900,?,9,0.0,0.0,E,8
04/03/2017,22:00,0.0,1366.411,0.0,1,8,0.0,1,8,0.0,1,8,0.0,1,8,0.0,1,8,0.0,1,8,-0.0,1,8,-9900,?,9,-9900,?,9,17.11,E,8,15.9,E,8,91.0,E,8,872.5394,E,8,999.0,E,8,0.36,E,8,-9900,?,9,-9900,?,9,0.0,E,8,-9900,?,9,-9900,?,9,0.0,0.0,E,8
04/03/2017,23:00,0.0,1366.411,0.0,1,8,0.0,1,8,0.0,1,8,0.0,1,8,0.0,1,8,0.0,1,8,-0.0,1,8,-9900,?,9,-9900,?,9,16.42,E,8,15.53,E,8,93.0,E,8,872.5394,E,8,999.0,E,8,0.36,E,8,-9900,?,9,-9900,?,9,0.0,E,8,-9900,?,9,-9900,?,9,0.0,0.0,E,8
04/03/2017,24:00,0.0,1366.411,0.0,1,8,0.0,1,8,0.0,1,8,0.0,1,8,0.0,1,8,0.0,1,8,-0.0,1,8,-9900,?,9,-9900,?,9,15.73,E,8,14.22,E,8,90.0,E,8,872.5394,E,8,999.0,E,8,0.39,E,8,-9900,?,9,-9900,?,9,0.0,E,8,-9900,?,9,-9900,?,9,0.0,0.0,E,8
04/04/2017,01:00,0.0,1366.411,0.0,1,8,0.0,1,8,0.0,1,8,0.0,1,8,0.0,1,8,0.0,1,8,-0.0,1,8,-9900,?,9,-9900,?,9,15.38,E,8,13.98,E,8,91.0,E,8,872.5394,E,8,999.0,E,8,0.39,E,8,-9900,?,9,-9900,?,9,0.0,E,8,-9900,?,9,-9900,?,9,0.0,0.0,E,8
04/04/2017,02:00,0.0,1366.411,0.0,1,8,0.0,1,8,0.0,1,8,0.0,1,8,0.0,1,8,0.0,1,8,-0.0,1,8,-9900,?,9,-9900,?,9,15.04,E,8,13.74,E,8,91.0,E,8,872.5394,E,8,999.0,E,8,0.39,E,8,-9900,?,9,-9900,?,9,0.0,E,8,-9900,?,9,-9900,?,9,0.0,0.0,E,8
04/04/2017,03:00,0.0,1366.411,0.0,1,8,0.0,1,8,0.0,1,8,0.0,1,8,0.0,1,8,0.0,1,8,-0.0,1,8,-9900,?,9,-9900,?,9,14.69,E,8,13.49,E,8,92.0,E,8,872.5394,E,8,999.0,E,8,0.39,E,8,-9900,?,9,-9900,?,9,0.0,E,8,-9900,?,9,-9900,?,9,0.0,0.0,E,8
04/04/2017,04:00,0.0,1365.603,0.0,1,8,0.0,1,8,0.0,1,8,0.0,1,8,0.0,1,8,0.0,1,8,-0.0,1,8,-9900,?,9,-9900,?,9,14.35,E,8,13.25,E,8,93.0,E,8,872.5394,E,8,999.0,E,8,0.39,E,8,-9900,?,9,-9900,?,9,0.0,E,8,-9900,?,9,-9900,?,9,0.0,0.0,E,8
04/04/2017,05:00,0.0,1365.603,0.0,1,8,0.0,1,8,0.0,1,8,0.0,1,8,0.0,1,8,0.0,1,8,-0.0,1,8,-9900,?,9,-9900,?,9,14.0,E,8,13.0,E,8,93.0,E,8,872.5394,E,8,999.0,E,8,0.39,E,8,-9900,?,9,-9900,?,9,0.0,E,8,-9900,?,9,-9900,?,9,0.0,0.0,E,8
04/04/2017,06:00,0.0,1365.603,0.0,1,8,0.0,1,8,0.0,1,8,0.0,1,8,0.0,1,8,0.0,1,8,-0.0,1,8,-9900,?,9,-9900,?,9,13.74,E,8,12.81,E,8,94.0,E,8,872.5394,E,8,999.0,E,8,0.39,E,8,-9900,?,9,-9900,?,9,0.0,E,8,-9900,?,9,-9900,?,9,0.0,0.0,E,8
04/04/2017,07:00,164.6,1365.603,0.0,1,8,0.0,1,8,0.0,1,8,0.0,1,8,0.0,1,8,0.0,1,8,0.0,1,8,-9900,?,9,-9900,?,9,13.51,E,8,12.64,E,8,94.0,E,8,872.5394,E,8,999.0,E,8,0.39,E,8,-9900,?,9,-9900,?,9,0.0,E,8,-9900,?,9,-9900,?,9,0.0,0.0,E,8
04/04/2017,08:00,478.858,1365.603,107.8,1,8,0.0,1,8,107.8,1,8,12936.0,1,8,0.0,1,8,11858.0,1,8,98.059,1,8,-9900,?,9,-9900,?,9,13.28,E,8,12.46,E,8,94.0,E,8,872.5394,E,8,999.0,E,8,0.39,E,8,-9900,?,9,-9900,?,9,0.0,E,8,-9900,?,9,-9900,?,9,0.0,0.0,E,8
04/04/2017,09:00,758.66,1365.603,269.87,1,8,36.585,1,8,249.558,1,8,32384.4,1,8,3475.621,1,8,27451.413,1,8,143.082,1,8,-9900,?,9,-9900,?,9,16.83,E,8,14.95,E,8,88.0,E,8,872.5394,E,8,999.0,E,8,0.39,E,8,-9900,?,9,-9900,?,9,0.0,E,8,-9900,?,9,-9900,?,9,0.0,0.0,E,8
04/04/2017,10:00,983.655,1365.603,413.18,1,8,72.762,1,8,360.783,1,8,49581.6,1,8,6912.365,1,8,39686.174,1,8,159.476,1,8,-9900,?,9,-9900,?,9,18.24,E,8,15.84,E,8,85.0,E,8,872.5394,E,8,999.0,E,8,0.39,E,8,-9900,?,9,-9900,?,9,0.0,E,8,-9900,?,9,-9900,?,9,0.0,0.0,E,8
04/04/2017,11:00,1138.327,1365.603,522.13,1,8,151.315,1,8,396.014,1,8,62655.6,1,8,14374.971,1,8,43561.551,1,8,151.243,1,8,-9900,?,9,-9900,?,9,19.45,E,8,16.57,E,8,83.0,E,8,872.5394,E,8,999.0,E,8,0.39,E,8,-9900,?,9,-9900,?,9,0.0,E,8,-9900,?,9,-9900,?,9,0.0,0.0,E,8
04/04/2017,12:00,1212.076,1365.603,587.94,1,8,107.636,1,8,492.412,1,8,70552.8,1,8,10225.434,1,8,54165.356,1,8,176.607,1,8,-9900,?,9,-9900,?,9,20.43,E,8,17.14,E,8,81.0,E,8,872.5394,E,8,999.0,E,8,0.89,E,8,-9900,?,9,-9900,?,9,0.0,E,8,-9900,?,9,-9900,?,9,0.0,0.0,E,8
04/04/2017,13:00,1199.855,1365.603,605.69,1,8,127.66,1,8,493.534,1,8,72682.8,1,8,12127.725,1,8,54288.748,1,8,178.814,1,8,-9900,?,9,-9900,?,9,21.14,E,8,17.54,E,8,79.0,E,8,872.5394,E,8,999.0,E,8,1.51,E,8,-9900,?,9,-9900,?,9,0.0,E,8,-9900,?,9,-9900,?,9,0.0,0.0,E,8
04/04/2017,14:00,1102.494,1365.603,574.08,1,8,155.39,1,8,448.649,1,8,68889.6,1,8,14762.019,1,8,49351.365,1,8,176.918,1,8,-9900,?,9,-9900,?,9,21.56,E,8,17.78,E,8,79.0,E,8,872.5394,E,8,999.0,E,8,2.39,E,8,-9900,?,9,-9900,?,9,0.0,E,8,-9900,?,9,-9900,?,9,0.0,0.0,E,8
04/04/2017,15:00,926.649,1365.603,495.43,1,8,162.45,1,8,385.235,1,8,59451.6,1,8,15432.773,1,8,42375.858,1,8,180.773,1,8,-9900,?,9,-9900,?,9,21.69,E,8,17.85,E,8,78.0,E,8,872.5394,E,8,999.0,E,8,2.26,E,8,-9900,?,9,-9900,?,9,0.0,E,8,-9900,?,9,-9900,?,9,0.0,0.0,E,8
04/04/2017,16:00,684.371,1365.603,375.68,1,8,337.629,1,8,206.625,1,8,45081.6,1,8,32074.783,1,8,22728.748,1,8,131.355,1,8,-9900,?,9,-9900,?,9,21.43,E,8,17.71,E,8,79.0,E,8,872.5394,E,8,999.0,E,8,2.75,E,8,-9900,?,9,-9900,?,9,0.0,E,8,-9900,?,9,-9900,?,9,0.0,0.0,E,8
04/04/2017,17:00,392.441,1365.603,224.94,1,8,445.451,1,8,97.338,1,8,26992.8,1,8,42317.882,1,8,10707.155,1,8,108.162,1,8,-9900,?,9,-9900,?,9,20.75,E,8,17.32,E,8,80.0,E,8,872.5394,E,8,999.0,E,8,1.59,E,8,-9900,?,9,-9900,?,9,0.0,E,8,-9900,?,9,-9900,?,9,0.0,0.0,E,8
04/04/2017,18:00,74.042,1365.603,63.63,1,8,0.0,1,8,63.63,1,8,7635.6,1,8,0.0,1,8,6999.3,1,8,403.74,1,8,-9900,?,9,-9900,?,9,19.72,E,8,16.73,E,8,82.0,E,8,872.5394,E,8,999.0,E,8,1.16,E,8,-9900,?,9,-9900,?,9,0.0,E,8,-9900,?,9,-9900,?,9,0.0,0.0,E,8
04/04/2017,19:00,0.0,1365.603,0.0,1,8,0.0,1,8,0.0,1,8,0.0,1,8,0.0,1,8,0.0,1,8,-0.0,1,8,-9900,?,9,-9900,?,9,18.99,E,8,16.3,E,8,84.0,E,8,872.5394,E,8,999.0,E,8,0.56,E,8,-9900,?,9,-9900,?,9,0.0,E,8,-9900,?,9,-9900,?,9,0.0,0.0,E,8
04/04/2017,20:00,0.0,1365.603,0.0,1,8,0.0,1,8,0.0,1,8,0.0,1,8,0.0,1,8,0.0,1,8,-0.0,1,8,-9900,?,9,-9900,?,9,18.26,E,8,15.85,E,8,85.0,E,8,872.5394,E,8,999.0,E,8,0.39,E,8,-9900,?,9,-9900,?,9,0.0,E,8,-9900,?,9,-9900,?,9,0.0,0.0,E,8
04/04/2017,21:00,0.0,1365.603,0.0,1,8,0.0,1,8,0.0,1,8,0.0,1,8,0.0,1,8,0.0,1,8,-0.0,1,8,-9900,?,9,-9900,?,9,17.53,E,8,15.4,E,8,87.0,E,8,872.5394,E,8,999.0,E,8,0.39,E,8,-9900,?,9,-9900,?,9,0.0,E,8,-9900,?,9,-9900,?,9,0.0,0.0,E,8
04/04/2017,22:00,0.0,1365.603,0.0,1,8,0.0,1,8,0.0,1,8,0.0,1,8,0.0,1,8,0.0,1,8,-0.0,1,8,-9900,?,9,-9900,?,9,16.8,E,8,14.93,E,8,88.0,E,8,872.5394,E,8,999.0,E,8,0.39,E,8,-9900,?,9,-9900,?,9,0.0,E,8,-9900,?,9,-9900,?,9,0.0,0.0,E,8
04/04/2017,23:00,0.0,1365.603,0.0,1,8,0.0,1,8,0.0,1,8,0.0,1,8,0.0,1,8,0.0,1,8,-0.0,1,8,-9900,?,9,-9900,?,9,16.07,E,8,14.45,E,8,90.0,E,8,872.5394,E,8,999.0,E,8,0.39,E,8,-9900,?,9,-9900,?,9,0.0,E,8,-9900,?,9,-9900,?,9,0.0,0.0,E,8
04/04/2017,24:00,0.0,1365.603,0.0,1,8,0.0,1,8,0.0,1,8,0.0,1,8,0.0,1,8,0.0,1,8,-0.0,1,8,-9900,?,9,-9900,?,9,15.34,E,8,11.15,E,8,76.0,E,8,872.5394,E,8,999.0,E,8,0.17,E,8,-9900,?,9,-9900,?,9,0.0,E,8,-9900,?,9,-9900,?,9,0.0,0.0,E,8
04/05/2017,01:00,0.0,1365.603,0.0,1,8,0.0,1,8,0.0,1,8,0.0,1,8,0.0,1,8,0.0,1,8,-0.0,1,8,-9900,?,9,-9900,?,9,14.97,E,8,11.12,E,8,77.0,E,8,872.5394,E,8,999.0,E,8,0.17,E,8,-9900,?,9,-9900,?,9,0.0,E,8,-9900,?,9,-9900,?,9,0.0,0.0,E,8
04/05/2017,02:00,0.0,1365.603,0.0,1,8,0.0,1,8,0.0,1,8,0.0,1,8,0.0,1,8,0.0,1,8,-0.0,1,8,-9900,?,9,-9900,?,9,14.61,E,8,11.09,E,8,79.0,E,8,872.5394,E,8,999.0,E,8,0.17,E,8,-9900,?,9,-9900,?,9,0.0,E,8,-9900,?,9,-9900,?,9,0.0,0.0,E,8
04/05/2017,03:00,0.0,1365.603,0.0,1,8,0.0,1,8,0.0,1,8,0.0,1,8,0.0,1,8,0.0,1,8,-0.0,1,8,-9900,?,9,-9900,?,9,14.24,E,8,11.06,E,8,81.0,E,8,872.5394,E,8,999.0,E,8,0.17,E,8,-9900,?,9,-9900,?,9,0.0,E,8,-9900,?,9,-9900,?,9,0.0,0.0,E,8
04/05/2017,04:00,0.0,1364.797,0.0,1,8,0.0,1,8,0.0,1,8,0.0,1,8,0.0,1,8,0.0,1,8,-0.0,1,8,-9900,?,9,-9900,?,9,13.88,E,8,11.04,E,8,82.0,E,8,872.5394,E,8,999.0,E,8,0.17,E,8,-9900,?,9,-9900,?,9,0.0,E,8,-9900,?,9,-9900,?,9,0.0,0.0,E,8
04/05/2017,05:00,0.0,1364.797,0.0,1,8,0.0,1,8,0.0,1,8,0.0,1,8,0.0,1,8,0.0,1,8,-0.0,1,8,-9900,?,9,-9900,?,9,13.51,E,8,11.01,E,8,84.0,E,8,872.5394,E,8,999.0,E,8,0.17,E,8,-9900,?,9,-9900,?,9,0.0,E,8,-9900,?,9,-9900,?,9,0.0,0.0,E,8
04/05/2017,06:00,0.0,1364.797,0.0,1,8,0.0,1,8,0.0,1,8,0.0,1,8,0.0,1,8,0.0,1,8,-0.0,1,8,-9900,?,9,-9900,?,9,13.23,E,8,10.99,E,8,86.0,E,8,872.5394,E,8,999.0,E,8,0.17,E,8,-9900,?,9,-9900,?,9,0.0,E,8,-9900,?,9,-9900,?,9,0.0,0.0,E,8
04/05/2017,07:00,162.715,1364.797,0.0,1,8,0.0,1,8,0.0,1,8,0.0,1,8,0.0,1,8,0.0,1,8,0.0,1,8,-9900,?,9,-9900,?,9,12.99,E,8,10.97,E,8,87.0,E,8,872.5394,E,8,999.0,E,8,0.48,E,8,-9900,?,9,-9900,?,9,0.0,E,8,-9900,?,9,-9900,?,9,0.0,0.0,E,8
04/05/2017,08:00,476.423,1364.797,167.31,1,8,68.173,1,8,143.562,1,8,20077.2,1,8,6476.469,1,8,15791.799,1,8,131.182,1,8,-9900,?,9,-9900,?,9,12.75,E,8,10.95,E,8,88.0,E,8,872.5394,E,8,999.0,E,8,0.62,E,8,-9900,?,9,-9900,?,9,0.0,E,8,-9900,?,9,-9900,?,9,0.0,0.0,E,8
04/05/2017,09:00,755.641,1364.797,421.79,1,8,305.069,1,8,252.996,1,8,50614.8,1,8,28981.581,1,8,27829.515,1,8,145.547,1,8,-9900,?,9,-9900,?,9,17.13,E,8,11.28,E,8,68.0,E,8,872.5394,E,8,999.0,E,8,0.66,E,8,-9900,?,9,-9900,?,9,0.0,E,8,-9900,?,9,-9900,?,9,0.0,0.0,E,8
04/05/2017,10:00,980.041,1364.797,646.66,1,8,497.737,1,8,289.341,1,8,77599.2,1,8,47284.995,1,8,31827.521,1,8,128.293,1,8,-9900,?,9,-9900,?,9,18.88,E,8,11.41,E,8,61.0,E,8,872.5394,E,8,999.0,E,8,0.85,E,8,-9900,?,9,-9900,?,9,0.0,E,8,-9900,?,9,-9900,?,9,0.0,0.0,E,8
04/05/2017,11:00,1134.144,1364.797,818.02,1,8,603.511,1,8,316.569,1,8,98162.4,1,8,57333.581,1,8,34822.584,1,8,121.276,1,8,-9900,?,9,-9900,?,9,20.39,E,8,11.52,E,8,56.0,E,8,872.5394,E,8,999.0,E,8,1.37,E,8,-9900,?,9,-9900,?,9,0.0,E,8,-9900,?,9,-9900,?,9,0.0,0.0,E,8
04/05/2017,12:00,1207.392,1364.797,918.28,1,8,757.111,1,8,248.543,1,8,110193.6,1,8,71925.523,1,8,27339.767,1,8,89.435,1,8,-9900,?,9,-9900,?,9,21.6,E,8,11.61,E,8,52.0,E,8,872.5394,E,8,999.0,E,8,2.0,E,8,-9900,?,9,-9900,?,9,0.0,E,8,-9900,?,9,-9900,?,9,0.0,0.0,E,8
04/05/2017,13:00,1194.769,1364.797,942.88,1,8,877.97,1,8,174.357,1,8,113145.6,1,8,83407.165,1,8,19179.286,1,8,63.403,1,8,-9900,?,9,-9900,?,9,22.46,E,8,11.67,E,8,50.0,E,8,872.5394,E,8,999.0,E,8,2.9,E,8,-9900,?,9,-9900,?,9,0.0,E,8,-9900,?,9,-9900,?,9,0.0,0.0,E,8
04/05/2017,14:00,1097.136,1364.797,889.11,1,8,845.871,1,8,209.239,1,8,106693.2,1,8,80357.698,1,8,23016.314,1,8,82.865,1,8,-9900,?,9,-9900,?,9,22.96,E,8,11.71,E,8,49.0,E,8,872.5394,E,8,999.0,E,8,2.46,E,8,-9900,?,9,-9900,?,9,0.0,E,8,-9900,?,9,-9900,?,9,0.0,0.0,E,8
04/05/2017,15:00,921.166,1364.797,766.44,1,8,833.948,1,8,203.766,1,8,91972.8,1,8,79225.058,1,8,22414.305,1,8,96.131,1,8,-9900,?,9,-9900,?,9,23.11,E,8,11.72,E,8,48.0,E,8,872.5394,E,8,999.0,E,8,2.06,E,8,-9900,?,9,-9900,?,9,0.0,E,8,-9900,?,9,-9900,?,9,0.0,0.0,E,8
04/05/2017,16:00,678.921,1364.797,571.87,1,8,708.379,1,8,219.799,1,8,68624.4,1,8,67295.976,1,8,24177.872,1,8,140.77,1,8,-9900,?,9,-9900,?,9,22.76,E,8,11.69,E,8,49.0,E,8,872.5394,E,8,999.0,E,8,1.54,E,8,-9900,?,9,-9900,?,9,0.0,E,8,-9900,?,9,-9900,?,9,0.0,0.0,E,8
04/05/2017,17:00,387.187,1364.797,337.55,1,8,685.698,1,8,143.66,1,8,40506.0,1,8,65141.292,1,8,15802.613,1,8,161.72,1,8,-9900,?,9,-9900,?,9,21.89,E,8,11.63,E,8,52.0,E,8,872.5394,E,8,999.0,E,8,1.02,E,8,-9900,?,9,-9900,?,9,0.0,E,8,-9900,?,9,-9900,?,9,0.0,0.0,E,8
04/05/2017,18:00,69.334,1364.797,87.94,1,8,0.0,1,8,87.94,1,8,10552.8,1,8,0.0,1,8,9673.4,1,8,601.041,1,8,-9900,?,9,-9900,?,9,20.6,E,8,11.54,E,8,56.0,E,8,872.5394,E,8,999.0,E,8,0.85,E,8,-9900,?,9,-9900,?,9,0.0,E,8,-9900,?,9,-9900,?,9,0.0,0.0,E,8
04/05/2017,19:00,0.0,1364.797,0.0,1,8,0.0,1,8,0.0,1,8,0.0,1,8,0.0,1,8,0.0,1,8,-0.0,1,8,-9900,?,9,-9900,?,9,19.79,E,8,11.48,E,8,58.0,E,8,872.5394,E,8,999.0,E,8,0.41,E,8,-9900,?,9,-9900,?,9,0.0,E,8,-9900,?,9,-9900,?,9,0.0,0.0,E,8
04/05/2017,20:00,0.0,1364.797,0.0,1,8,0.0,1,8,0.0,1,8,0.0,1,8,0.0,1,8,0.0,1,8,-0.0,1,8,-9900,?,9,-9900,?,9,18.98,E,8,11.42,E,8,61.0,E,8,872.5394,E,8,999.0,E,8,0.37,E,8,-9900,?,9,-9900,?,9,0.0,E,8,-9900,?,9,-9900,?,9,0.0,0.0,E,8
04/05/2017,21:00,0.0,1364.797,0.0,1,8,0.0,1,8,0.0,1,8,0.0,1,8,0.0,1,8,0.0,1,8,-0.0,1,8,-9900,?,9,-9900,?,9,18.16,E,8,11.36,E,8,64.0,E,8,872.5394,E,8,999.0,E,8,0.23,E,8,-9900,?,9,-9900,?,9,0.0,E,8,-9900,?,9,-9900,?,9,0.0,0.0,E,8
04/05/2017,22:00,0.0,1364.797,0.0,1,8,0.0,1,8,0.0,1,8,0.0,1,8,0.0,1,8,0.0,1,8,-0.0,1,8,-9900,?,9,-9900,?,9,17.35,E,8,11.3,E,8,67.0,E,8,872.5394,E,8,999.0,E,8,0.25,E,8,-9900,?,9,-9900,?,9,0.0,E,8,-9900,?,9,-9900,?,9,0.0,0.0,E,8
04/05/2017,23:00,0.0,1364.797,0.0,1,8,0.0,1,8,0.0,1,8,0.0,1,8,0.0,1,8,0.0,1,8,-0.0,1,8,-9900,?,9,-9900,?,9,16.54,E,8,11.24,E,8,70.0,E,8,872.5394,E,8,999.0,E,8,0.17,E,8,-9900,?,9,-9900,?,9,0.0,E,8,-9900,?,9,-9900,?,9,0.0,0.0,E,8
04/05/2017,24:00,0.0,1364.797,0.0,1,8,0.0,1,8,0.0,1,8,0.0,1,8,0.0,1,8,0.0,1,8,-0.0,1,8,-9900,?,9,-9900,?,9,15.72,E,8,12.51,E,8,81.0,E,8,872.5394,E,8,999.0,E,8,0.49,E,8,-9900,?,9,-9900,?,9,0.0,E,8,-9900,?,9,-9900,?,9,0.0,0.0,E,8
04/06/2017,01:00,0.0,1364.797,0.0,1,8,0.0,1,8,0.0,1,8,0.0,1,8,0.0,1,8,0.0,1,8,-0.0,1,8,-9900,?,9,-9900,?,9,15.32,E,8,12.36,E,8,82.0,E,8,872.5394,E,8,999.0,E,8,0.49,E,8,-9900,?,9,-9900,?,9,0.0,E,8,-9900,?,9,-9900,?,9,0.0,0.0,E,8
04/06/2017,02:00,0.0,1364.797,0.0,1,8,0.0,1,8,0.0,1,8,0.0,1,8,0.0,1,8,0.0,1,8,-0.0,1,8,-9900,?,9,-9900,?,9,14.91,E,8,12.21,E,8,83.0,E,8,872.5394,E,8,999.0,E,8,0.49,E,8,-9900,?,9,-9900,?,9,0.0,E,8,-9900,?,9,-9900,?,9,0.0,0.0,E,8
04/06/2017,03:00,0.0,1364.797,0.0,1,8,0.0,1,8,0.0,1,8,0.0,1,8,0.0,1,8,0.0,1,8,-0.0,1,8,-9900,?,9,-9900,?,9,14.5,E,8,12.06,E,8,85.0,E,8,872.5394,E,8,999.0,E,8,0.49,E,8,-9900,?,9,-9900,?,9,0.0,E,8,-9900,?,9,-9900,?,9,0.0,0.0,E,8
04/06/2017,04:00,0.0,1363.992,0.0,1,8,0.0,1,8,0.0,1,8,0.0,1,8,0.0,1,8,0.0,1,8,-0.0,1,8,-9900,?,9,-9900,?,9,14.1,E,8,11.9,E,8,86.0,E,8,872.5394,E,8,999.0,E,8,0.49,E,8,-9900,?,9,-9900,?,9,0.0,E,8,-9900,?,9,-9900,?,9,0.0,0.0,E,8
04/06/2017,05:00,0.0,1363.992,0.0,1,8,0.0,1,8,0.0,1,8,0.0,1,8,0.0,1,8,0.0,1,8,-0.0,1,8,-9900,?,9,-9900,?,9,13.69,E,8,11.75,E,8,88.0,E,8,872.5394,E,8,999.0,E,8,0.49,E,8,-9900,?,9,-9900,?,9,0.0,E,8,-9900,?,9,-9900,?,9,0.0,0.0,E,8
04/06/2017,06:00,0.0,1363.992,0.0,1,8,0.0,1,8,0.0,1,8,0.0,1,8,0.0,1,8,0.0,1,8,-0.0,1,8,-9900,?,9,-9900,?,9,13.38,E,8,11.63,E,8,89.0,E,8,872.5394,E,8,999.0,E,8,0.49,E,8,-9900,?,9,-9900,?,9,0.0,E,8,-9900,?,9,-9900,?,9,0.0,0.0,E,8
04/06/2017,07:00,160.824,1363.992,0.0,1,8,0.0,1,8,0.0,1,8,0.0,1,8,0.0,1,8,0.0,1,8,0.0,1,8,-9900,?,9,-9900,?,9,13.11,E,8,11.53,E,8,90.0,E,8,872.5394,E,8,999.0,E,8,0.49,E,8,-9900,?,9,-9900,?,9,0.0,E,8,-9900,?,9,-9900,?,9,0.0,0.0,E,8
04/06/2017,08:00,473.97,1363.992,164.15,1,8,45.714,1,8,148.299,1,8,19698.0,1,8,4342.807,1,8,16312.843,1,8,136.134,1,8,-9900,?,9,-9900,?,9,12.84,E,8,11.42,E,8,91.0,E,8,872.5394,E,8,999.0,E,8,0.49,E,8,-9900,?,9,-9900,?,9,0.0,E,8,-9900,?,9,-9900,?,9,0.0,0.0,E,8
04/06/2017,09:00,752.596,1363.992,414.06,1,8,290.037,1,8,254.136,1,8,49687.2,1,8,27553.549,1,8,27954.967,1,8,146.709,1,8,-9900,?,9,-9900,?,9,17.08,E,8,13.0,E,8,76.0,E,8,872.5394,E,8,999.0,E,8,0.49,E,8,-9900,?,9,-9900,?,9,0.0,E,8,-9900,?,9,-9900,?,9,0.0,0.0,E,8
04/06/2017,10:00,976.395,1363.992,633.27,1,8,476.589,1,8,292.206,1,8,75992.4,1,8,45275.934,1,8,32142.639,1,8,129.971,1,8,-9900,?,9,-9900,?,9,18.76,E,8,13.58,E,8,71.0,E,8,872.5394,E,8,999.0,E,8,0.52,E,8,-9900,?,9,-9900,?,9,0.0,E,8,-9900,?,9,-9900,?,9,0.0,0.0,E,8
04/06/2017,11:00,1129.929,1363.992,797.43,1,8,552.118,1,8,340.118,1,8,95691.6,1,8,52451.2,1,8,37412.974,1,8,130.707,1,8,-9900,?,9,-9900,?,9,20.2,E,8,14.07,E,8,67.0,E,8,872.5394,E,8,999.0,E,8,0.95,E,8,-9900,?,9,-9900,?,9,0.0,E,8,-9900,?,9,-9900,?,9,0.0,0.0,E,8
04/06/2017,12:00,1202.676,1363.992,890.51,1,8,671.167,1,8,298.77,1,8,106861.2,1,8,63760.891,1,8,32864.677,1,8,107.866,1,8,-9900,?,9,-9900,?,9,21.33,E,8,14.44,E,8,64.0,E,8,872.5394,E,8,999.0,E,8,1.26,E,8,-9900,?,9,-9900,?,9,0.0,E,8,-9900,?,9,-9900,?,9,0.0,0.0,E,8
04/06/2017,13:00,1189.658,1363.992,918.19,1,8,813.834,1,8,208.439,1,8,110182.8,1,8,77314.216,1,8,22928.29,1,8,76.078,1,8,-9900,?,9,-9900,?,9,22.16,E,8,14.71,E,8,62.0,E,8,872.5394,E,8,999.0,E,8,2.17,E,8,-9900,?,9,-9900,?,9,0.0,E,8,-9900,?,9,-9900,?,9,0.0,0.0,E,8
04/06/2017,14:00,1091.762,1363.992,860.73,1,8,917.043,1,8,126.834,1,8,103287.6,1,8,87119.127,1,8,13951.774,1,8,50.448,1,8,-9900,?,9,-9900,?,9,22.63,E,8,14.86,E,8,61.0,E,8,872.5394,E,8,999.0,E,8,2.4,E,8,-9900,?,9,-9900,?,9,0.0,E,8,-9900,?,9,-9900,?,9,0.0,0.0,E,8
04/06/2017,15:00,915.679,1363.992,739.59,1,8,815.931,1,8,192.032,1,8,88750.8,1,8,77513.491,1,8,21123.572,1,8,91.085,1,8,-9900,?,9,-9900,?,9,22.76,E,8,14.9,E,8,61.0,E,8,872.5394,E,8,999.0,E,8,2.12,E,8,-9900,?,9,-9900,?,9,0.0,E,8,-9900,?,9,-9900,?,9,0.0,0.0,E,8
04/06/2017,16:00,673.481,1363.992,550.64,1,8,705.592,1,8,202.565,1,8,66076.8,1,8,67031.255,1,8,22282.127,1,8,130.706,1,8,-9900,?,9,-9900,?,9,22.41,E,8,14.79,E,8,62.0,E,8,872.5394,E,8,999.0,E,8,1.17,E,8,-9900,?,9,-9900,?,9,0.0,E,8,-9900,?,9,-9900,?,9,0.0,0.0,E,8
04/06/2017,17:00,381.957,1363.992,320.27,1,8,686.989,1,8,128.544,1,8,38432.4,1,8,65263.935,1,8,14139.814,1,8,146.612,1,8,-9900,?,9,-9900,?,9,21.56,E,8,14.52,E,8,64.0,E,8,872.5394,E,8,999.0,E,8,0.9,E,8,-9900,?,9,-9900,?,9,0.0,E,8,-9900,?,9,-9900,?,9,0.0,0.0,E,8
04/06/2017,18:00,64.68,1363.992,80.25,1,8,0.0,1,8,80.25,1,8,9630.0,1,8,0.0,1,8,8827.5,1,8,594.02,1,8,-9900,?,9,-9900,?,9,20.31,E,8,14.11,E,8,67.0,E,8,872.5394,E,8,999.0,E,8,0.51,E,8,-9900,?,9,-9900,?,9,0.0,E,8,-9900,?,9,-9900,?,9,0.0,0.0,E,8
04/06/2017,19:00,0.0,1363.992,0.0,1,8,0.0,1,8,0.0,1,8,0.0,1,8,0.0,1,8,0.0,1,8,-0.0,1,8,-9900,?,9,-9900,?,9,19.56,E,8,13.86,E,8,69.0,E,8,872.5394,E,8,999.0,E,8,0.49,E,8,-9900,?,9,-9900,?,9,0.0,E,8,-9900,?,9,-9900,?,9,0.0,0.0,E,8
04/06/2017,20:00,0.0,1363.992,0.0,1,8,0.0,1,8,0.0,1,8,0.0,1,8,0.0,1,8,0.0,1,8,-0.0,1,8,-9900,?,9,-9900,?,9,18.8,E,8,13.6,E,8,71.0,E,8,872.5394,E,8,999.0,E,8,0.49,E,8,-9900,?,9,-9900,?,9,0.0,E,8,-9900,?,9,-9900,?,9,0.0,0.0,E,8
04/06/2017,21:00,0.0,1363.992,0.0,1,8,0.0,1,8,0.0,1,8,0.0,1,8,0.0,1,8,0.0,1,8,-0.0,1,8,-9900,?,9,-9900,?,9,18.04,E,8,13.34,E,8,73.0,E,8,872.5394,E,8,999.0,E,8,0.49,E,8,-9900,?,9,-9900,?,9,0.0,E,8,-9900,?,9,-9900,?,9,0.0,0.0,E,8
04/06/2017,22:00,0.0,1363.992,0.0,1,8,0.0,1,8,0.0,1,8,0.0,1,8,0.0,1,8,0.0,1,8,-0.0,1,8,-9900,?,9,-9900,?,9,17.29,E,8,13.07,E,8,76.0,E,8,872.5394,E,8,999.0,E,8,0.49,E,8,-9900,?,9,-9900,?,9,0.0,E,8,-9900,?,9,-9900,?,9,0.0,0.0,E,8
04/06/2017,23:00,0.0,1363.992,0.0,1,8,0.0,1,8,0.0,1,8,0.0,1,8,0.0,1,8,0.0,1,8,-0.0,1,8,-9900,?,9,-9900,?,9,16.53,E,8,12.8,E,8,78.0,E,8,872.5394,E,8,999.0,E,8,0.49,E,8,-9900,?,9,-9900,?,9,0.0,E,8,-9900,?,9,-9900,?,9,0.0,0.0,E,8
04/06/2017,24:00,0.0,1363.992,0.0,1,8,0.0,1,8,0.0,1,8,0.0,1,8,0.0,1,8,0.0,1,8,-0.0,1,8,-9900,?,9,-9900,?,9,15.77,E,8,13.14,E,8,84.0,E,8,872.5394,E,8,999.0,E,8,0.68,E,8,-9900,?,9,-9900,?,9,0.0,E,8,-9900,?,9,-9900,?,9,0.0,0.0,E,8
04/07/2017,01:00,0.0,1363.992,0.0,1,8,0.0,1,8,0.0,1,8,0.0,1,8,0.0,1,8,0.0,1,8,-0.0,1,8,-9900,?,9,-9900,?,9,15.39,E,8,13.0,E,8,85.0,E,8,872.5394,E,8,999.0,E,8,0.68,E,8,-9900,?,9,-9900,?,9,0.0,E,8,-9900,?,9,-9900,?,9,0.0,0.0,E,8
04/07/2017,02:00,0.0,1363.992,0.0,1,8,0.0,1,8,0.0,1,8,0.0,1,8,0.0,1,8,0.0,1,8,-0.0,1,8,-9900,?,9,-9900,?,9,15.01,E,8,12.86,E,8,86.0,E,8,872.5394,E,8,999.0,E,8,0.68,E,8,-9900,?,9,-9900,?,9,0.0,E,8,-9900,?,9,-9900,?,9,0.0,0.0,E,8
04/07/2017,03:00,0.0,1363.992,0.0,1,8,0.0,1,8,0.0,1,8,0.0,1,8,0.0,1,8,0.0,1,8,-0.0,1,8,-9900,?,9,-9900,?,9,14.64,E,8,12.72,E,8,88.0,E,8,872.5394,E,8,999.0,E,8,0.68,E,8,-9900,?,9,-9900,?,9,0.0,E,8,-9900,?,9,-9900,?,9,0.0,0.0,E,8
04/07/2017,04:00,0.0,1363.188,0.0,1,8,0.0,1,8,0.0,1,8,0.0,1,8,0.0,1,8,0.0,1,8,-0.0,1,8,-9900,?,9,-9900,?,9,14.26,E,8,12.58,E,8,89.0,E,8,872.5394,E,8,999.0,E,8,0.68,E,8,-9900,?,9,-9900,?,9,0.0,E,8,-9900,?,9,-9900,?,9,0.0,0.0,E,8
04/07/2017,05:00,0.0,1363.188,0.0,1,8,0.0,1,8,0.0,1,8,0.0,1,8,0.0,1,8,0.0,1,8,-0.0,1,8,-9900,?,9,-9900,?,9,13.88,E,8,12.44,E,8,91.0,E,8,872.5394,E,8,999.0,E,8,0.68,E,8,-9900,?,9,-9900,?,9,0.0,E,8,-9900,?,9,-9900,?,9,0.0,0.0,E,8
04/07/2017,06:00,0.0,1363.188,0.0,1,8,0.0,1,8,0.0,1,8,0.0,1,8,0.0,1,8,0.0,1,8,-0.0,1,8,-9900,?,9,-9900,?,9,13.59,E,8,12.33,E,8,92.0,E,8,872.5394,E,8,999.0,E,8,0.68,E,8,-9900,?,9,-9900,?,9,0.0,E,8,-9900,?,9,-9900,?,9,0.0,0.0,E,8
04/07/2017,07:00,158.926,1363.188,0.0,1,8,0.0,1,8,0.0,1,8,0.0,1,8,0.0,1,8,0.0,1,8,0.0,1,8,-9900,?,9,-9900,?,9,13.34,E,8,12.24,E,8,93.0,E,8,872.5394,E,8,999.0,E,8,0.68,E,8,-9900,?,9,-9900,?,9,0.0,E,8,-9900,?,9,-9900,?,9,0.0,0.0,E,8
04/07/2017,08:00,471.5,1363.188,105.98,1,8,0.0,1,8,105.98,1,8,12717.6,1,8,0.0,1,8,11657.8,1,8,97.741,1,8,-9900,?,9,-9900,?,9,13.09,E,8,12.14,E,8,93.0,E,8,872.5394,E,8,999.0,E,8,0.68,E,8,-9900,?,9,-9900,?,9,0.0,E,8,-9900,?,9,-9900,?,9,0.0,0.0,E,8
04/07/2017,09:00,749.526,1363.188,268.59,1,8,37.975,1,8,247.724,1,8,32230.8,1,8,3607.672,1,8,27249.634,1,8,143.51,1,8,-9900,?,9,-9900,?,9,16.78,E,8,13.5,E,8,80.0,E,8,872.5394,E,8,999.0,E,8,0.68,E,8,-9900,?,9,-9900,?,9,0.0,E,8,-9900,?,9,-9900,?,9,0.0,0.0,E,8
04/07/2017,10:00,972.719,1363.188,412.33,1,8,75.975,1,8,358.133,1,8,49479.6,1,8,7217.594,1,8,39394.604,1,8,159.803,1,8,-9900,?,9,-9900,?,9,18.26,E,8,14.01,E,8,76.0,E,8,872.5394,E,8,999.0,E,8,0.68,E,8,-9900,?,9,-9900,?,9,0.0,E,8,-9900,?,9,-9900,?,9,0.0,0.0,E,8
04/07/2017,11:00,1125.681,1363.188,521.39,1,8,158.453,1,8,390.562,1,8,62566.8,1,8,15053.024,1,8,42961.838,1,8,150.571,1,8,-9900,?,9,-9900,?,9,19.54,E,8,14.44,E,8,72.0,E,8,872.5394,E,8,999.0,E,8,0.68,E,8,-9900,?,9,-9900,?,9,0.0,E,8,-9900,?,9,-9900,?,9,0.0,0.0,E,8
04/07/2017,12:00,1197.932,1363.188,586.95,1,8,188.242,1,8,421.542,1,8,70434.0,1,8,17883.01,1,8,46369.662,1,8,152.705,1,8,-9900,?,9,-9900,?,9,20.57,E,8,14.78,E,8,69.0,E,8,872.5394,E,8,999.0,E,8,1.19,E,8,-9900,?,9,-9900,?,9,0.0,E,8,-9900,?,9,-9900,?,9,0.0,0.0,E,8
04/07/2017,13:00,1184.525,1363.188,604.1,1,8,223.538,1,8,409.878,1,8,72492.0,1,8,21236.089,1,8,45086.609,1,8,150.161,1,8,-9900,?,9,-9900,?,9,21.31,E,8,15.02,E,8,67.0,E,8,872.5394,E,8,999.0,E,8,1.86,E,8,-9900,?,9,-9900,?,9,0.0,E,8,-9900,?,9,-9900,?,9,0.0,0.0,E,8
04/07/2017,14:00,1086.374,1363.188,571.59,1,8,272.335,1,8,354.593,1,8,68590.8,1,8,25871.79,1,8,39005.264,1,8,141.655,1,8,-9900,?,9,-9900,?,9,21.74,E,8,15.16,E,8,66.0,E,8,872.5394,E,8,999.0,E,8,1.5,E,8,-9900,?,9,-9900,?,9,0.0,E,8,-9900,?,9,-9900,?,9,0.0,0.0,E,8
04/07/2017,15:00,910.191,1363.188,491.8,1,8,223.783,1,8,342.436,1,8,59016.0,1,8,21259.393,1,8,37667.986,1,8,163.31,1,8,-9900,?,9,-9900,?,9,21.88,E,8,15.2,E,8,65.0,E,8,872.5394,E,8,999.0,E,8,1.32,E,8,-9900,?,9,-9900,?,9,0.0,E,8,-9900,?,9,-9900,?,9,0.0,0.0,E,8
04/07/2017,16:00,668.053,1363.188,370.79,1,8,323.242,1,8,212.527,1,8,44494.8,1,8,30707.998,1,8,23377.915,1,8,138.169,1,8,-9900,?,9,-9900,?,9,21.6,E,8,15.12,E,8,66.0,E,8,872.5394,E,8,999.0,E,8,0.68,E,8,-9900,?,9,-9900,?,9,0.0,E,8,-9900,?,9,-9900,?,9,0.0,0.0,E,8
04/07/2017,17:00,376.753,1363.188,218.87,1,8,345.324,1,8,123.762,1,8,26264.4,1,8,32805.776,1,8,13613.852,1,8,143.037,1,8,-9900,?,9,-9900,?,9,20.87,E,8,14.88,E,8,68.0,E,8,872.5394,E,8,999.0,E,8,0.68,E,8,-9900,?,9,-9900,?,9,0.0,E,8,-9900,?,9,-9900,?,9,0.0,0.0,E,8
04/07/2017,18:00,60.084,1363.188,57.58,1,8,0.0,1,8,57.58,1,8,6909.6,1,8,0.0,1,8,6333.8,1,8,464.506,1,8,-9900,?,9,-9900,?,9,19.77,E,8,14.52,E,8,71.0,E,8,872.5394,E,8,999.0,E,8,0.68,E,8,-9900,?,9,-9900,?,9,0.0,E,8,-9900,?,9,-9900,?,9,0.0,0.0,E,8
04/07/2017,19:00,0.0,1363.188,0.0,1,8,0.0,1,8,0.0,1,8,0.0,1,8,0.0,1,8,0.0,1,8,-0.0,1,8,-9900,?,9,-9900,?,9,19.12,E,8,14.3,E,8,73.0,E,8,872.5394,E,8,999.0,E,8,0.68,E,8,-9900,?,9,-9900,?,9,0.0,E,8,-9900,?,9,-9900,?,9,0.0,0.0,E,8
04/07/2017,20:00,0.0,1363.188,0.0,1,8,0.0,1,8,0.0,1,8,0.0,1,8,0.0,1,8,0.0,1,8,-0.0,1,8,-9900,?,9,-9900,?,9,18.47,E,8,14.08,E,8,75.0,E,8,872.5394,E,8,999.0,E,8,0.68,E,8,-9900,?,9,-9900,?,9,0.0,E,8,-9900,?,9,-9900,?,9,0.0,0.0,E,8
04/07/2017,21:00,0.0,1363.188,0.0,1,8,0.0,1,8,0.0,1,8,0.0,1,8,0.0,1,8,0.0,1,8,-0.0,1,8,-9900,?,9,-9900,?,9,17.81,E,8,13.86,E,8,77.0,E,8,872.5394,E,8,999.0,E,8,0.68,E,8,-9900,?,9,-9900,?,9,0.0,E,8,-9900,?,9,-9900,?,9,0.0,0.0,E,8
04/07/2017,22:00,0.0,1363.188,0.0,1,8,0.0,1,8,0.0,1,8,0.0,1,8,0.0,1,8,0.0,1,8,-0.0,1,8,-9900,?,9,-9900,?,9,17.16,E,8,13.63,E,8,79.0,E,8,872.5394,E,8,999.0,E,8,0.68,E,8,-9900,?,9,-9900,?,9,0.0,E,8,-9900,?,9,-9900,?,9,0.0,0.0,E,8
04/07/2017,23:00,0.0,1363.188,0.0,1,8,0.0,1,8,0.0,1,8,0.0,1,8,0.0,1,8,0.0,1,8,-0.0,1,8,-9900,?,9,-9900,?,9,16.5,E,8,13.4,E,8,81.0,E,8,872.5394,E,8,999.0,E,8,0.68,E,8,-9900,?,9,-9900,?,9,0.0,E,8,-9900,?,9,-9900,?,9,0.0,0.0,E,8
04/07/2017,24:00,0.0,1363.188,0.0,1,8,0.0,1,8,0.0,1,8,0.0,1,8,0.0,1,8,0.0,1,8,-0.0,1,8,-9900,?,9,-9900,?,9,15.85,E,8,13.76,E,8,87.0,E,8,872.5394,E,8,999.0,E,8,0.36,E,8,-9900,?,9,-9900,?,9,0.0,E,8,-9900,?,9,-9900,?,9,0.0,0.0,E,8
04/08/2017,01:00,0.0,1363.188,0.0,1,8,0.0,1,8,0.0,1,8,0.0,1,8,0.0,1,8,0.0,1,8,-0.0,1,8,-9900,?,9,-9900,?,9,15.52,E,8,13.67,E,8,88.0,E,8,872.5394,E,8,999.0,E,8,0.36,E,8,-9900,?,9,-9900,?,9,0.0,E,8,-9900,?,9,-9900,?,9,0.0,0.0,E,8
04/08/2017,02:00,0.0,1363.188,0.0,1,8,0.0,1,8,0.0,1,8,0.0,1,8,0.0,1,8,0.0,1,8,-0.0,1,8,-9900,?,9,-9900,?,9,15.19,E,8,13.59,E,8,90.0,E,8,872.5394,E,8,999.0,E,8,0.36,E,8,-9900,?,9,-9900,?,9,0.0,E,8,-9900,?,9,-9900,?,9,0.0,0.0,E,8
04/08/2017,03:00,0.0,1363.188,0.0,1,8,0.0,1,8,0.0,1,8,0.0,1,8,0.0,1,8,0.0,1,8,-0.0,1,8,-9900,?,9,-9900,?,9,14.87,E,8,13.5,E,8,91.0,E,8,872.5394,E,8,999.0,E,8,0.36,E,8,-9900,?,9,-9900,?,9,0.0,E,8,-9900,?,9,-9900,?,9,0.0,0.0,E,8
04/08/2017,04:00,0.0,1362.387,0.0,1,8,0.0,1,8,0.0,1,8,0.0,1,8,0.0,1,8,0.0,1,8,-0.0,1,8,-9900,?,9,-9900,?,9,14.54,E,8,13.42,E,8,93.0,E,8,872.5394,E,8,999.0,E,8,0.36,E,8,-9900,?,9,-9900,?,9,0.0,E,8,-9900,?,9,-9900,?,9,0.0,0.0,E,8
04/08/2017,05:00,0.0,1362.387,0.0,1,8,0.0,1,8,0.0,1,8,0.0,1,8,0.0,1,8,0.0,1,8,-0.0,1,8,-9900,?,9,-9900,?,9,14.21,E,8,13.33,E,8,94.0,E,8,872.5394,E,8,999.0,E,8,0.36,E,8,-9900,?,9,-9900,?,9,0.0,E,8,-9900,?,9,-9900,?,9,0.0,0.0,E,8
04/08/2017,06:00,0.0,1362.387,0.0,1,8,0.0,1,8,0.0,1,8,0.0,1,8,0.0,1,8,0.0,1,8,-0.0,1,8,-9900,?,9,-9900,?,9,13.96,E,8,13.27,E,8,95.0,E,8,872.5394,E,8,999.0,E,8,0.36,E,8,-9900,?,9,-9900,?,9,0.0,E,8,-9900,?,9,-9900,?,9,0.0,0.0,E,8
04/08/2017,07:00,157.021,1362.387,0.0,1,8,0.0,1,8,0.0,1,8,0.0,1,8,0.0,1,8,0.0,1,8,0.0,1,8,-9900,?,9,-9900,?,9,13.74,E,8,13.21,E,8,96.0,E,8,872.5394,E,8,999.0,E,8,0.36,E,8,-9900,?,9,-9900,?,9,0.0,E,8,-9900,?,9,-9900,?,9,0.0,0.0,E,8
04/08/2017,08:00,469.012,1362.387,83.2,1,8,0.0,1,8,83.2,1,8,9984.0,1,8,0.0,1,8,9152.0,1,8,77.095,1,8,-9900,?,9,-9900,?,9,13.53,E,8,13.15,E,8,97.0,E,8,872.5394,E,8,999.0,E,8,0.36,E,8,-9900,?,9,-9900,?,9,0.0,E,8,-9900,?,9,-9900,?,9,0.0,0.0,E,8
04/08/2017,09:00,746.43,1362.387,211.74,1,8,9.556,1,8,206.508,1,8,25408.8,1,8,907.784,1,8,22715.902,1,8,120.059,1,8,-9900,?,9,-9900,?,9,16.5,E,8,13.92,E,8,84.0,E,8,872.5394,E,8,999.0,E,8,0.36,E,8,-9900,?,9,-9900,?,9,0.0,E,8,-9900,?,9,-9900,?,9,0.0,0.0,E,8
04/08/2017,10:00,969.013,1362.387,325.36,1,8,21.044,1,8,310.397,1,8,39043.2,1,8,1999.181,1,8,34143.616,1,8,138.951,1,8,-9900,?,9,-9900,?,9,17.7,E,8,14.23,E,8,80.0,E,8,872.5394,E,8,999.0,E,8,0.36,E,8,-9900,?,9,-9900,?,9,0.0,E,8,-9900,?,9,-9900,?,9,0.0,0.0,E,8
04/08/2017,11:00,1121.404,1362.387,668.39,1,8,305.726,1,8,416.777,1,8,80206.8,1,8,29043.929,1,8,45845.49,1,8,161.196,1,8,-9900,?,9,-9900,?,9,20.03,E,8,14.8,E,8,71.0,E,8,872.5394,E,8,999.0,E,8,0.89,E,8,-9900,?,9,-9900,?,9,0.0,E,8,-9900,?,9,-9900,?,9,0.0,0.0,E,8
04/08/2017,12:00,1193.161,1362.387,581.34,1,8,162.722,1,8,438.843,1,8,69760.8,1,8,15458.618,1,8,48272.69,1,8,159.514,1,8,-9900,?,9,-9900,?,9,21.08,E,8,15.05,E,8,68.0,E,8,872.5394,E,8,999.0,E,8,1.63,E,8,-9900,?,9,-9900,?,9,0.0,E,8,-9900,?,9,-9900,?,9,0.0,0.0,E,8
04/08/2017,13:00,1179.372,1362.387,507.55,1,8,80.733,1,8,437.669,1,8,60906.0,1,8,7669.593,1,8,48143.639,1,8,160.949,1,8,-9900,?,9,-9900,?,9,21.53,E,8,15.15,E,8,67.0,E,8,872.5394,E,8,999.0,E,8,2.38,E,8,-9900,?,9,-9900,?,9,0.0,E,8,-9900,?,9,-9900,?,9,0.0,0.0,E,8
04/08/2017,14:00,1080.977,1362.387,419.26,1,8,28.467,1,8,396.677,1,8,50311.2,1,8,2704.323,1,8,43634.503,1,8,159.165,1,8,-9900,?,9,-9900,?,9,21.6,E,8,15.17,E,8,66.0,E,8,872.5394,E,8,999.0,E,8,2.45,E,8,-9900,?,9,-9900,?,9,0.0,E,8,-9900,?,9,-9900,?,9,0.0,0.0,E,8
04/08/2017,15:00,904.704,1362.387,161.98,1,8,5.954,1,8,158.027,1,8,19437.6,1,8,565.671,1,8,17383.012,1,8,75.777,1,8,-9900,?,9,-9900,?,9,20.58,E,8,14.93,E,8,70.0,E,8,872.5394,E,8,999.0,E,8,2.28,E,8,-9900,?,9,-9900,?,9,0.0,E,8,-9900,?,9,-9900,?,9,0.0,0.0,E,8
04/08/2017,16:00,662.64,1362.387,291.52,1,8,131.02,1,8,227.854,1,8,34982.4,1,8,12446.923,1,8,25063.97,1,8,149.259,1,8,-9900,?,9,-9900,?,9,20.28,E,8,14.86,E,8,71.0,E,8,872.5394,E,8,999.0,E,8,1.62,E,8,-9900,?,9,-9900,?,9,0.0,E,8,-9900,?,9,-9900,?,9,0.0,0.0,E,8
04/08/2017,17:00,371.58,1362.387,171.24,1,8,230.388,1,8,108.628,1,8,20548.8,1,8,21886.881,1,8,11949.095,1,8,127.232,1,8,-9900,?,9,-9900,?,9,19.63,E,8,14.7,E,8,73.0,E,8,872.5394,E,8,999.0,E,8,1.41,E,8,-9900,?,9,-9900,?,9,0.0,E,8,-9900,?,9,-9900,?,9,0.0,0.0,E,8
04/08/2017,18:00,55.55,1362.387,43.91,1,8,0.0,1,8,43.91,1,8,5269.2,1,8,0.0,1,8,4830.1,1,8,388.897,1,8,-9900,?,9,-9900,?,9,18.69,E,8,14.47,E,8,76.0,E,8,872.5394,E,8,999.0,E,8,0.74,E,8,-9900,?,9,-9900,?,9,0.0,E,8,-9900,?,9,-9900,?,9,0.0,0.0,E,8
04/08/2017,19:00,0.0,1362.387,0.0,1,8,0.0,1,8,0.0,1,8,0.0,1,8,0.0,1,8,0.0,1,8,-0.0,1,8,-9900,?,9,-9900,?,9,18.36,E,8,14.39,E,8,77.0,E,8,872.5394,E,8,999.0,E,8,0.54,E,8,-9900,?,9,-9900,?,9,0.0,E,8,-9900,?,9,-9900,?,9,0.0,0.0,E,8
04/08/2017,20:00,0.0,1362.387,0.0,1,8,0.0,1,8,0.0,1,8,0.0,1,8,0.0,1,8,0.0,1,8,-0.0,1,8,-9900,?,9,-9900,?,9,18.03,E,8,14.31,E,8,78.0,E,8,872.5394,E,8,999.0,E,8,0.36,E,8,-9900,?,9,-9900,?,9,0.0,E,8,-9900,?,9,-9900,?,9,0.0,0.0,E,8
04/08/2017,21:00,0.0,1362.387,0.0,1,8,0.0,1,8,0.0,1,8,0.0,1,8,0.0,1,8,0.0,1,8,-0.0,1,8,-9900,?,9,-9900,?,9,17.7,E,8,14.23,E,8,80.0,E,8,872.5394,E,8,999.0,E,8,0.36,E,8,-9900,?,9,-9900,?,9,0.0,E,8,-9900,?,9,-9900,?,9,0.0,0.0,E,8
04/08/2017,22:00,0.0,1362.387,0.0,1,8,0.0,1,8,0.0,1,8,0.0,1,8,0.0,1,8,0.0,1,8,-0.0,1,8,-9900,?,9,-9900,?,9,17.36,E,8,14.14,E,8,81.0,E,8,872.5394,E,8,999.0,E,8,0.36,E,8,-9900,?,9,-9900,?,9,0.0,E,8,-9900,?,9,-9900,?,9,0.0,0.0,E,8
04/08/2017,23:00,0.0,1362.387,0.0,1,8,0.0,1,8,0.0,1,8,0.0,1,8,0.0,1,8,0.0,1,8,-0.0,1,8,-9900,?,9,-9900,?,9,17.03,E,8,14.06,E,8,82.0,E,8,872.5394,E,8,999.0,E,8,0.4,E,8,-9900,?,9,-9900,?,9,0.0,E,8,-9900,?,9,-9900,?,9,0.0,0.0,E,8
04/08/2017,24:00,0.0,1362.387,0.0,1,8,0.0,1,8,0.0,1,8,0.0,1,8,0.0,1,8,0.0,1,8,-0.0,1,8,-9900,?,9,-9900,?,9,16.7,E,8,14.99,E,8,86.0,E,8,872.5394,E,8,999.0,E,8,2.75,E,8,-9900,?,9,-9900,?,9,0.0,E,8,-9900,?,9,-9900,?,9,0.0,0.0,E,8
04/09/2017,01:00,0.0,1362.387,0.0,1,8,0.0,1,8,0.0,1,8,0.0,1,8,0.0,1,8,0.0,1,8,-0.0,1,8,-9900,?,9,-9900,?,9,16.53,E,8,15.01,E,8,87.0,E,8,872.5394,E,8,999.0,E,8,2.91,E,8,-9900,?,9,-9900,?,9,0.0,E,8,-9900,?,9,-9900,?,9,0.0,0.0,E,8
04/09/2017,02:00,0.0,1362.387,0.0,1,8,0.0,1,8,0.0,1,8,0.0,1,8,0.0,1,8,0.0,1,8,-0.0,1,8,-9900,?,9,-9900,?,9,16.37,E,8,15.03,E,8,88.0,E,8,872.5394,E,8,999.0,E,8,2.59,E,8,-9900,?,9,-9900,?,9,0.0,E,8,-9900,?,9,-9900,?,9,0.0,0.0,E,8
04/09/2017,03:00,0.0,1362.387,0.0,1,8,0.0,1,8,0.0,1,8,0.0,1,8,0.0,1,8,0.0,1,8,-0.0,1,8,-9900,?,9,-9900,?,9,16.2,E,8,15.05,E,8,97.0,E,8,872.5394,E,8,999.0,E,8,3.26,E,8,-9900,?,9,-9900,?,9,0.191,E,8,-9900,?,9,-9900,?,9,1.91,99.0,E,8
04/09/2017,04:00,0.0,1361.587,0.0,1,8,0.0,1,8,0.0,1,8,0.0,1,8,0.0,1,8,0.0,1,8,-0.0,1,8,-9900,?,9,-9900,?,9,16.04,E,8,15.07,E,8,89.0,E,8,872.5394,E,8,999.0,E,8,2.33,E,8,-9900,?,9,-9900,?,9,0.0,E,8,-9900,?,9,-9900,?,9,0.0,0.0,E,8
04/09/2017,05:00,0.0,1361.587,0.0,1,8,0.0,1,8,0.0,1,8,0.0,1,8,0.0,1,8,0.0,1,8,-0.0,1,8,-9900,?,9,-9900,?,9,15.87,E,8,15.09,E,8,90.0,E,8,872.5394,E,8,999.0,E,8,3.74,E,8,-9900,?,9,-9900,?,9,0.0,E,8,-9900,?,9,-9900,?,9,0.0,0.0,E,8
04/09/2017,06:00,0.0,1361.587,0.0,1,8,0.0,1,8,0.0,1,8,0.0,1,8,0.0,1,8,0.0,1,8,-0.0,1,8,-9900,?,9,-9900,?,9,15.74,E,8,15.11,E,8,91.0,E,8,872.5394,E,8,999.0,E,8,4.81,E,8,-9900,?,9,-9900,?,9,0.0,E,8,-9900,?,9,-9900,?,9,0.0,0.0,E,8
04/09/2017,07:00,155.108,1361.587,0.0,1,8,0.0,1,8,0.0,1,8,0.0,1,8,0.0,1,8,0.0,1,8,0.0,1,8,-9900,?,9,-9900,?,9,15.63,E,8,15.12,E,8,96.0,E,8,872.5394,E,8,999.0,E,8,3.89,E,8,-9900,?,9,-9900,?,9,0.006,E,8,-9900,?,9,-9900,?,9,0.06,99.0,E,8
04/09/2017,08:00,466.504,1361.587,72.0,1,8,0.0,1,8,72.0,1,8,8640.0,1,8,0.0,1,8,7920.0,1,8,67.038,1,8,-9900,?,9,-9900,?,9,15.52,E,8,15.13,E,8,92.0,E,8,872.5394,E,8,999.0,E,8,3.31,E,8,-9900,?,9,-9900,?,9,0.0,E,8,-9900,?,9,-9900,?,9,0.0,0.0,E,8
04/09/2017,09:00,743.308,1361.587,184.05,1,8,4.77,1,8,181.448,1,8,22086.0,1,8,453.196,1,8,19959.228,1,8,105.871,1,8,-9900,?,9,-9900,?,9,17.68,E,8,14.88,E,8,81.0,E,8,872.5394,E,8,999.0,E,8,3.66,E,8,-9900,?,9,-9900,?,9,0.0,E,8,-9900,?,9,-9900,?,9,0.0,0.0,E,8
04/09/2017,10:00,965.278,1361.587,283.08,1,8,9.475,1,8,276.365,1,8,33969.6,1,8,900.086,1,8,30400.158,1,8,124.123,1,8,-9900,?,9,-9900,?,9,18.55,E,8,14.77,E,8,77.0,E,8,872.5394,E,8,999.0,E,8,3.24,E,8,-9900,?,9,-9900,?,9,0.0,E,8,-9900,?,9,-9900,?,9,0.0,0.0,E,8
04/09/2017,11:00,1117.099,1361.587,358.11,1,8,15.792,1,8,345.155,1,8,42973.2,1,8,1500.278,1,8,37967.067,1,8,133.931,1,8,-9900,?,9,-9900,?,9,19.3,E,8,14.68,E,8,73.0,E,8,872.5394,E,8,999.0,E,8,3.34,E,8,-9900,?,9,-9900,?,9,0.0,E,8,-9900,?,9,-9900,?,9,0.0,0.0,E,8
04/09/2017,12:00,1188.366,1361.587,403.07,1,8,18.338,1,8,387.067,1,8,48368.4,1,8,1742.086,1,8,42577.332,1,8,141.179,1,8,-9900,?,9,-9900,?,9,19.9,E,8,14.61,E,8,70.0,E,8,872.5394,E,8,999.0,E,8,3.57,E,8,-9900,?,9,-9900,?,9,0.0,E,8,-9900,?,9,-9900,?,9,0.0,0.0,E,8
04/09/2017,13:00,1174.202,1361.587,414.59,1,8,28.06,1,8,390.394,1,8,49750.8,1,8,2665.673,1,8,42943.383,1,8,144.112,1,8,-9900,?,9,-9900,?,9,20.34,E,8,14.56,E,8,69.0,E,8,872.5394,E,8,999.0,E,8,3.2,E,8,-9900,?,9,-9900,?,9,0.0,E,8,-9900,?,9,-9900,?,9,0.0,0.0,E,8
04/09/2017,14:00,1075.573,1361.587,391.84,1,8,25.098,1,8,372.018,1,8,47020.8,1,8,2384.286,1,8,40921.957,1,8,149.933,1,8,-9900,?,9,-9900,?,9,20.59,E,8,14.53,E,8,68.0,E,8,872.5394,E,8,999.0,E,8,2.78,E,8,-9900,?,9,-9900,?,9,0.0,E,8,-9900,?,9,-9900,?,9,0.0,0.0,E,8
04/09/2017,15:00,899.223,1361.587,336.47,1,8,24.624,1,8,320.214,1,8,40376.4,1,8,2339.294,1,8,35223.52,1,8,154.395,1,8,-9900,?,9,-9900,?,9,20.67,E,8,14.52,E,8,67.0,E,8,872.5394,E,8,999.0,E,8,2.13,E,8,-9900,?,9,-9900,?,9,0.0,E,8,-9900,?,9,-9900,?,9,0.0,0.0,E,8
04/09/2017,16:00,657.246,1361.587,252.7,1,8,72.437,1,8,217.768,1,8,30324.0,1,8,6881.562,1,8,23954.438,1,8,143.74,1,8,-9900,?,9,-9900,?,9,20.5,E,8,14.54,E,8,68.0,E,8,872.5394,E,8,999.0,E,8,1.94,E,8,-9900,?,9,-9900,?,9,0.0,E,8,-9900,?,9,-9900,?,9,0.0,0.0,E,8
04/09/2017,17:00,366.439,1361.587,147.72,1,8,176.082,1,8,100.506,1,8,17726.4,1,8,16727.756,1,8,11055.657,1,8,119.312,1,8,-9900,?,9,-9900,?,9,20.07,E,8,14.59,E,8,70.0,E,8,872.5394,E,8,999.0,E,8,1.1,E,8,-9900,?,9,-9900,?,9,0.0,E,8,-9900,?,9,-9900,?,9,0.0,0.0,E,8
04/09/2017,18:00,51.083,1361.587,36.89,1,8,0.0,1,8,36.89,1,8,4426.8,1,8,0.0,1,8,4057.9,1,8,361.838,1,8,-9900,?,9,-9900,?,9,19.42,E,8,14.67,E,8,73.0,E,8,872.5394,E,8,999.0,E,8,1.32,E,8,-9900,?,9,-9900,?,9,0.0,E,8,-9900,?,9,-9900,?,9,0.0,0.0,E,8
04/09/2017,19:00,0.0,1361.587,0.0,1,8,0.0,1,8,0.0,1,8,0.0,1,8,0.0,1,8,0.0,1,8,-0.0,1,8,-9900,?,9,-9900,?,9,18.93,E,8,14.73,E,8,75.0,E,8,872.5394,E,8,999.0,E,8,1.43,E,8,-9900,?,9,-9900,?,9,0.0,E,8,-9900,?,9,-9900,?,9,0.0,0.0,E,8
04/09/2017,20:00,0.0,1361.587,0.0,1,8,0.0,1,8,0.0,1,8,0.0,1,8,0.0,1,8,0.0,1,8,-0.0,1,8,-9900,?,9,-9900,?,9,18.45,E,8,14.79,E,8,77.0,E,8,872.5394,E,8,999.0,E,8,1.02,E,8,-9900,?,9,-9900,?,9,0.0,E,8,-9900,?,9,-9900,?,9,0.0,0.0,E,8
04/09/2017,21:00,0.0,1361.587,0.0,1,8,0.0,1,8,0.0,1,8,0.0,1,8,0.0,1,8,0.0,1,8,-0.0,1,8,-9900,?,9,-9900,?,9,17.96,E,8,14.85,E,8,79.0,E,8,872.5394,E,8,999.0,E,8,0.88,E,8,-9900,?,9,-9900,?,9,0.0,E,8,-9900,?,9,-9900,?,9,0.0,0.0,E,8
04/09/2017,22:00,0.0,1361.587,0.0,1,8,0.0,1,8,0.0,1,8,0.0,1,8,0.0,1,8,0.0,1,8,-0.0,1,8,-9900,?,9,-9900,?,9,17.47,E,8,14.9,E,8,86.0,E,8,872.5394,E,8,999.0,E,8,0.88,E,8,-9900,?,9,-9900,?,9,0.002,E,8,-9900,?,9,-9900,?,9,0.02,99.0,E,8
04/09/2017,23:00,0.0,1361.587,0.0,1,8,0.0,1,8,0.0,1,8,0.0,1,8,0.0,1,8,0.0,1,8,-0.0,1,8,-9900,?,9,-9900,?,9,16.98,E,8,14.96,E,8,89.0,E,8,872.5394,E,8,999.0,E,8,0.88,E,8,-9900,?,9,-9900,?,9,0.001,E,8,-9900,?,9,-9900,?,9,0.01,99.0,E,8
04/09/2017,24:00,0.0,1361.587,0.0,1,8,0.0,1,8,0.0,1,8,0.0,1,8,0.0,1,8,0.0,1,8,-0.0,1,8,-9900,?,9,-9900,?,9,16.49,E,8,15.63,E,8,92.0,E,8,872.5394,E,8,999.0,E,8,0.81,E,8,-9900,?,9,-9900,?,9,0.003,E,8,-9900,?,9,-9900,?,9,0.03,99.0,E,8
04/10/2017,01:00,0.0,1361.587,0.0,1,8,0.0,1,8,0.0,1,8,0.0,1,8,0.0,1,8,0.0,1,8,-0.0,1,8,-9900,?,9,-9900,?,9,16.25,E,8,15.51,E,8,92.0,E,8,872.5394,E,8,999.0,E,8,0.81,E,8,-9900,?,9,-9900,?,9,0.007000000000000001,E,8,-9900,?,9,-9900,?,9,0.07,99.0,E,8
04/10/2017,02:00,0.0,1361.587,0.0,1,8,0.0,1,8,0.0,1,8,0.0,1,8,0.0,1,8,0.0,1,8,-0.0,1,8,-9900,?,9,-9900,?,9,16.01,E,8,15.39,E,8,93.0,E,8,872.5394,E,8,999.0,E,8,0.81,E,8,-9900,?,9,-9900,?,9,0.044,E,8,-9900,?,9,-9900,?,9,0.44,99.0,E,8
04/10/2017,03:00,0.0,1361.587,0.0,1,8,0.0,1,8,0.0,1,8,0.0,1,8,0.0,1,8,0.0,1,8,-0.0,1,8,-9900,?,9,-9900,?,9,15.76,E,8,15.26,E,8,93.0,E,8,872.5394,E,8,999.0,E,8,0.81,E,8,-9900,?,9,-9900,?,9,0.022,E,8,-9900,?,9,-9900,?,9,0.22,99.0,E,8
04/10/2017,04:00,0.0,1360.79,0.0,1,8,0.0,1,8,0.0,1,8,0.0,1,8,0.0,1,8,0.0,1,8,-0.0,1,8,-9900,?,9,-9900,?,9,15.52,E,8,15.13,E,8,99.0,E,8,872.5394,E,8,999.0,E,8,0.81,E,8,-9900,?,9,-9900,?,9,0.968,E,8,-9900,?,9,-9900,?,9,9.68,99.0,E,8
04/10/2017,05:00,0.0,1360.79,0.0,1,8,0.0,1,8,0.0,1,8,0.0,1,8,0.0,1,8,0.0,1,8,-0.0,1,8,-9900,?,9,-9900,?,9,15.28,E,8,15.01,E,8,94.0,E,8,872.5394,E,8,999.0,E,8,0.81,E,8,-9900,?,9,-9900,?,9,0.076,E,8,-9900,?,9,-9900,?,9,0.76,99.0,E,8
04/10/2017,06:00,0.0,1360.79,0.0,1,8,0.0,1,8,0.0,1,8,0.0,1,8,0.0,1,8,0.0,1,8,-0.0,1,8,-9900,?,9,-9900,?,9,15.09,E,8,14.91,E,8,94.0,E,8,872.5394,E,8,999.0,E,8,0.81,E,8,-9900,?,9,-9900,?,9,0.03,E,8,-9900,?,9,-9900,?,9,0.3,99.0,E,8
04/10/2017,07:00,153.186,1360.79,0.0,1,8,0.0,1,8,0.0,1,8,0.0,1,8,0.0,1,8,0.0,1,8,0.0,1,8,-9900,?,9,-9900,?,9,14.93,E,8,14.82,E,8,95.0,E,8,872.5394,E,8,999.0,E,8,0.81,E,8,-9900,?,9,-9900,?,9,0.001,E,8,-9900,?,9,-9900,?,9,0.01,99.0,E,8
04/10/2017,08:00,463.978,1360.79,59.45,1,8,0.0,1,8,59.45,1,8,7134.0,1,8,0.0,1,8,6539.5,1,8,55.623,1,8,-9900,?,9,-9900,?,9,14.76,E,8,14.73,E,8,92.0,E,8,872.5394,E,8,999.0,E,8,0.81,E,8,-9900,?,9,-9900,?,9,0.0,E,8,-9900,?,9,-9900,?,9,0.0,0.0,E,8
04/10/2017,09:00,740.161,1360.79,152.62,1,8,5.426,1,8,149.671,1,8,18314.4,1,8,515.457,1,8,16463.79,1,8,87.651,1,8,-9900,?,9,-9900,?,9,17.17,E,8,15.97,E,8,88.0,E,8,872.5394,E,8,999.0,E,8,0.81,E,8,-9900,?,9,-9900,?,9,0.0,E,8,-9900,?,9,-9900,?,9,0.0,0.0,E,8
04/10/2017,10:00,961.516,1360.79,234.96,1,8,5.6,1,8,231.005,1,8,28195.2,1,8,531.97,1,8,25410.495,1,8,104.096,1,8,-9900,?,9,-9900,?,9,18.15,E,8,16.45,E,8,86.0,E,8,872.5394,E,8,999.0,E,8,0.81,E,8,-9900,?,9,-9900,?,9,0.0,E,8,-9900,?,9,-9900,?,9,0.0,0.0,E,8
04/10/2017,11:00,1112.766,1360.79,297.31,1,8,15.275,1,8,284.82,1,8,35677.2,1,8,1451.172,1,8,31330.255,1,8,110.885,1,8,-9900,?,9,-9900,?,9,18.99,E,8,16.85,E,8,85.0,E,8,872.5394,E,8,999.0,E,8,0.81,E,8,-9900,?,9,-9900,?,9,0.0,E,8,-9900,?,9,-9900,?,9,0.0,0.0,E,8
04/10/2017,12:00,1183.548,1360.79,334.61,1,8,23.754,1,8,313.952,1,8,40153.2,1,8,2256.668,1,8,34534.67,1,8,114.91,1,8,-9900,?,9,-9900,?,9,19.66,E,8,17.17,E,8,84.0,E,8,872.5394,E,8,999.0,E,8,0.81,E,8,-9900,?,9,-9900,?,9,0.0,E,8,-9900,?,9,-9900,?,9,0.0,0.0,E,8
04/10/2017,13:00,1169.017,1360.79,344.08,1,8,25.911,1,8,321.823,1,8,41289.6,1,8,2461.514,1,8,35400.549,1,8,119.257,1,8,-9900,?,9,-9900,?,9,20.15,E,8,17.39,E,8,83.0,E,8,872.5394,E,8,999.0,E,8,0.81,E,8,-9900,?,9,-9900,?,9,0.0,E,8,-9900,?,9,-9900,?,9,0.0,0.0,E,8
04/10/2017,14:00,1070.164,1360.79,325.0,1,8,28.309,1,8,302.741,1,8,39000.0,1,8,2689.401,1,8,33301.47,1,8,122.558,1,8,-9900,?,9,-9900,?,9,20.43,E,8,17.52,E,8,83.0,E,8,872.5394,E,8,999.0,E,8,0.81,E,8,-9900,?,9,-9900,?,9,0.0,E,8,-9900,?,9,-9900,?,9,0.0,0.0,E,8
04/10/2017,15:00,893.751,1360.79,278.8,1,8,16.248,1,8,268.133,1,8,33456.0,1,8,1543.541,1,8,29494.604,1,8,130.0,1,8,-9900,?,9,-9900,?,9,20.51,E,8,17.56,E,8,83.0,E,8,872.5394,E,8,999.0,E,8,0.81,E,8,-9900,?,9,-9900,?,9,0.0,E,8,-9900,?,9,-9900,?,9,0.0,0.0,E,8
04/10/2017,16:00,651.875,1360.79,208.98,1,8,40.36,1,8,189.665,1,8,25077.6,1,8,3834.174,1,8,20863.148,1,8,126.151,1,8,-9900,?,9,-9900,?,9,20.32,E,8,17.47,E,8,86.0,E,8,872.5394,E,8,999.0,E,8,0.81,E,8,-9900,?,9,-9900,?,9,0.001,E,8,-9900,?,9,-9900,?,9,0.01,99.0,E,8
04/10/2017,17:00,361.335,1360.79,121.56,1,8,68.675,1,8,103.393,1,8,14587.2,1,8,6524.156,1,8,11373.271,1,8,124.414,1,8,-9900,?,9,-9900,?,9,19.83,E,8,17.24,E,8,87.0,E,8,872.5394,E,8,999.0,E,8,0.81,E,8,-9900,?,9,-9900,?,9,0.012,E,8,-9900,?,9,-9900,?,9,0.12,99.0,E,8
04/10/2017,18:00,46.688,1360.79,29.54,1,8,0.0,1,8,29.54,1,8,3544.8,1,8,0.0,1,8,3249.4,1,8,324.277,1,8,-9900,?,9,-9900,?,9,19.11,E,8,16.91,E,8,85.0,E,8,872.5394,E,8,999.0,E,8,0.81,E,8,-9900,?,9,-9900,?,9,0.0,E,8,-9900,?,9,-9900,?,9,0.0,0.0,E,8
04/10/2017,19:00,0.0,1360.79,0.0,1,8,0.0,1,8,0.0,1,8,0.0,1,8,0.0,1,8,0.0,1,8,-0.0,1,8,-9900,?,9,-9900,?,9,18.67,E,8,16.7,E,8,88.0,E,8,872.5394,E,8,999.0,E,8,0.81,E,8,-9900,?,9,-9900,?,9,0.005,E,8,-9900,?,9,-9900,?,9,0.05,99.0,E,8
04/10/2017,20:00,0.0,1360.79,0.0,1,8,0.0,1,8,0.0,1,8,0.0,1,8,0.0,1,8,0.0,1,8,-0.0,1,8,-9900,?,9,-9900,?,9,18.23,E,8,16.49,E,8,89.0,E,8,872.5394,E,8,999.0,E,8,0.81,E,8,-9900,?,9,-9900,?,9,0.004,E,8,-9900,?,9,-9900,?,9,0.04,99.0,E,8
04/10/2017,21:00,0.0,1360.79,0.0,1,8,0.0,1,8,0.0,1,8,0.0,1,8,0.0,1,8,0.0,1,8,-0.0,1,8,-9900,?,9,-9900,?,9,17.79,E,8,16.28,E,8,90.0,E,8,872.5394,E,8,999.0,E,8,0.81,E,8,-9900,?,9,-9900,?,9,0.009,E,8,-9900,?,9,-9900,?,9,0.09,99.0,E,8
04/10/2017,22:00,0.0,1360.79,0.0,1,8,0.0,1,8,0.0,1,8,0.0,1,8,0.0,1,8,0.0,1,8,-0.0,1,8,-9900,?,9,-9900,?,9,17.35,E,8,16.06,E,8,91.0,E,8,872.5394,E,8,999.0,E,8,0.81,E,8,-9900,?,9,-9900,?,9,0.016,E,8,-9900,?,9,-9900,?,9,0.16,99.0,E,8
04/10/2017,23:00,0.0,1360.79,0.0,1,8,0.0,1,8,0.0,1,8,0.0,1,8,0.0,1,8,0.0,1,8,-0.0,1,8,-9900,?,9,-9900,?,9,16.91,E,8,15.84,E,8,91.0,E,8,872.5394,E,8,999.0,E,8,0.81,E,8,-9900,?,9,-9900,?,9,0.002,E,8,-9900,?,9,-9900,?,9,0.02,99.0,E,8
04/10/2017,24:00,0.0,1360.79,0.0,1,8,0.0,1,8,0.0,1,8,0.0,1,8,0.0,1,8,0.0,1,8,-0.0,1,8,-9900,?,9,-9900,?,9,16.47,E,8,14.11,E,8,85.0,E,8,872.5394,E,8,999.0,E,8,0.61,E,8,-9900,?,9,-9900,?,9,0.0,E,8,-9900,?,9,-9900,?,9,0.0,0.0,E,8
04/11/2017,01:00,0.0,1360.79,0.0,1,8,0.0,1,8,0.0,1,8,0.0,1,8,0.0,1,8,0.0,1,8,-0.0,1,8,-9900,?,9,-9900,?,9,16.25,E,8,13.99,E,8,86.0,E,8,872.5394,E,8,999.0,E,8,0.61,E,8,-9900,?,9,-9900,?,9,0.0,E,8,-9900,?,9,-9900,?,9,0.0,0.0,E,8
04/11/2017,02:00,0.0,1360.79,0.0,1,8,0.0,1,8,0.0,1,8,0.0,1,8,0.0,1,8,0.0,1,8,-0.0,1,8,-9900,?,9,-9900,?,9,16.03,E,8,13.87,E,8,87.0,E,8,872.5394,E,8,999.0,E,8,0.61,E,8,-9900,?,9,-9900,?,9,0.0,E,8,-9900,?,9,-9900,?,9,0.0,0.0,E,8
04/11/2017,03:00,0.0,1360.79,0.0,1,8,0.0,1,8,0.0,1,8,0.0,1,8,0.0,1,8,0.0,1,8,-0.0,1,8,-9900,?,9,-9900,?,9,15.81,E,8,13.75,E,8,87.0,E,8,872.5394,E,8,999.0,E,8,0.61,E,8,-9900,?,9,-9900,?,9,0.0,E,8,-9900,?,9,-9900,?,9,0.0,0.0,E,8
04/11/2017,04:00,0.0,1359.995,0.0,1,8,0.0,1,8,0.0,1,8,0.0,1,8,0.0,1,8,0.0,1,8,-0.0,1,8,-9900,?,9,-9900,?,9,15.59,E,8,13.63,E,8,88.0,E,8,872.5394,E,8,999.0,E,8,0.61,E,8,-9900,?,9,-9900,?,9,0.0,E,8,-9900,?,9,-9900,?,9,0.0,0.0,E,8
04/11/2017,05:00,0.0,1359.995,0.0,1,8,0.0,1,8,0.0,1,8,0.0,1,8,0.0,1,8,0.0,1,8,-0.0,1,8,-9900,?,9,-9900,?,9,15.37,E,8,13.5,E,8,88.0,E,8,872.5394,E,8,999.0,E,8,0.61,E,8,-9900,?,9,-9900,?,9,0.0,E,8,-9900,?,9,-9900,?,9,0.0,0.0,E,8
04/11/2017,06:00,0.0,1359.995,0.0,1,8,0.0,1,8,0.0,1,8,0.0,1,8,0.0,1,8,0.0,1,8,-0.0,1,8,-9900,?,9,-9900,?,9,15.2,E,8,13.41,E,8,89.0,E,8,872.5394,E,8,999.0,E,8,0.61,E,8,-9900,?,9,-9900,?,9,0.0,E,8,-9900,?,9,-9900,?,9,0.0,0.0,E,8
04/11/2017,07:00,151.253,1359.995,0.0,1,8,0.0,1,8,0.0,1,8,0.0,1,8,0.0,1,8,0.0,1,8,0.0,1,8,-9900,?,9,-9900,?,9,15.06,E,8,13.33,E,8,89.0,E,8,872.5394,E,8,999.0,E,8,0.61,E,8,-9900,?,9,-9900,?,9,0.0,E,8,-9900,?,9,-9900,?,9,0.0,0.0,E,8
04/11/2017,08:00,461.433,1359.995,92.53,1,8,0.0,1,8,92.53,1,8,11103.6,1,8,0.0,1,8,10178.3,1,8,87.002,1,8,-9900,?,9,-9900,?,9,14.91,E,8,13.24,E,8,89.0,E,8,872.5394,E,8,999.0,E,8,0.61,E,8,-9900,?,9,-9900,?,9,0.0,E,8,-9900,?,9,-9900,?,9,0.0,0.0,E,8
04/11/2017,09:00,736.99,1359.995,238.61,1,8,24.39,1,8,225.402,1,8,28633.2,1,8,2317.091,1,8,24794.218,1,8,132.492,1,8,-9900,?,9,-9900,?,9,17.68,E,8,14.76,E,8,83.0,E,8,872.5394,E,8,999.0,E,8,0.61,E,8,-9900,?,9,-9900,?,9,0.0,E,8,-9900,?,9,-9900,?,9,0.0,0.0,E,8
04/11/2017,10:00,957.727,1359.995,367.71,1,8,73.002,1,8,316.316,1,8,44125.2,1,8,6935.186,1,8,34794.802,1,8,143.02,1,8,-9900,?,9,-9900,?,9,18.8,E,8,15.34,E,8,80.0,E,8,872.5394,E,8,999.0,E,8,0.61,E,8,-9900,?,9,-9900,?,9,0.0,E,8,-9900,?,9,-9900,?,9,0.0,0.0,E,8
04/11/2017,11:00,1108.409,1359.995,465.4,1,8,107.675,1,8,377.657,1,8,55848.0,1,8,10229.107,1,8,41542.273,1,8,147.52,1,8,-9900,?,9,-9900,?,9,19.77,E,8,15.82,E,8,77.0,E,8,872.5394,E,8,999.0,E,8,0.76,E,8,-9900,?,9,-9900,?,9,0.0,E,8,-9900,?,9,-9900,?,9,0.0,0.0,E,8
04/11/2017,12:00,1178.71,1359.995,523.76,1,8,127.959,1,8,412.869,1,8,62851.2,1,8,12156.071,1,8,45415.564,1,8,151.647,1,8,-9900,?,9,-9900,?,9,20.55,E,8,16.2,E,8,76.0,E,8,872.5394,E,8,999.0,E,8,1.99,E,8,-9900,?,9,-9900,?,9,0.0,E,8,-9900,?,9,-9900,?,9,0.0,0.0,E,8
04/11/2017,13:00,1163.821,1359.995,538.42,1,8,152.379,1,8,408.035,1,8,64610.4,1,8,14475.968,1,8,44883.9,1,8,151.791,1,8,-9900,?,9,-9900,?,9,21.11,E,8,16.47,E,8,74.0,E,8,872.5394,E,8,999.0,E,8,1.73,E,8,-9900,?,9,-9900,?,9,0.0,E,8,-9900,?,9,-9900,?,9,0.0,0.0,E,8
04/11/2017,14:00,1064.755,1359.995,508.29,1,8,187.139,1,8,361.804,1,8,60994.8,1,8,17778.204,1,8,39798.435,1,8,147.127,1,8,-9900,?,9,-9900,?,9,21.44,E,8,16.63,E,8,74.0,E,8,872.5394,E,8,999.0,E,8,1.3,E,8,-9900,?,9,-9900,?,9,0.0,E,8,-9900,?,9,-9900,?,9,0.0,0.0,E,8
04/11/2017,15:00,888.29,1359.995,435.59,1,8,156.239,1,8,333.581,1,8,52270.8,1,8,14842.746,1,8,36693.948,1,8,162.632,1,8,-9900,?,9,-9900,?,9,21.53,E,8,16.67,E,8,73.0,E,8,872.5394,E,8,999.0,E,8,1.49,E,8,-9900,?,9,-9900,?,9,0.0,E,8,-9900,?,9,-9900,?,9,0.0,0.0,E,8
04/11/2017,16:00,646.529,1359.995,325.88,1,8,232.467,1,8,215.478,1,8,39105.6,1,8,22084.398,1,8,23702.551,1,8,144.423,1,8,-9900,?,9,-9900,?,9,21.31,E,8,16.57,E,8,74.0,E,8,872.5394,E,8,999.0,E,8,1.09,E,8,-9900,?,9,-9900,?,9,0.0,E,8,-9900,?,9,-9900,?,9,0.0,0.0,E,8
04/11/2017,17:00,356.271,1359.995,188.61,1,8,371.993,1,8,91.54,1,8,22633.2,1,8,35339.335,1,8,10069.416,1,8,111.664,1,8,-9900,?,9,-9900,?,9,20.74,E,8,16.3,E,8,75.0,E,8,872.5394,E,8,999.0,E,8,0.61,E,8,-9900,?,9,-9900,?,9,0.0,E,8,-9900,?,9,-9900,?,9,0.0,0.0,E,8
04/11/2017,18:00,42.368,1359.995,44.57,1,8,0.0,1,8,44.57,1,8,5348.4,1,8,0.0,1,8,4902.7,1,8,554.733,1,8,-9900,?,9,-9900,?,9,19.91,E,8,15.89,E,8,77.0,E,8,872.5394,E,8,999.0,E,8,0.61,E,8,-9900,?,9,-9900,?,9,0.0,E,8,-9900,?,9,-9900,?,9,0.0,0.0,E,8
04/11/2017,19:00,0.0,1359.995,0.0,1,8,0.0,1,8,0.0,1,8,0.0,1,8,0.0,1,8,0.0,1,8,-0.0,1,8,-9900,?,9,-9900,?,9,19.59,E,8,15.73,E,8,78.0,E,8,872.5394,E,8,999.0,E,8,0.61,E,8,-9900,?,9,-9900,?,9,0.0,E,8,-9900,?,9,-9900,?,9,0.0,0.0,E,8
04/11/2017,20:00,0.0,1359.995,0.0,1,8,0.0,1,8,0.0,1,8,0.0,1,8,0.0,1,8,0.0,1,8,-0.0,1,8,-9900,?,9,-9900,?,9,19.27,E,8,15.58,E,8,79.0,E,8,872.5394,E,8,999.0,E,8,0.61,E,8,-9900,?,9,-9900,?,9,0.0,E,8,-9900,?,9,-9900,?,9,0.0,0.0,E,8
04/11/2017,21:00,0.0,1359.995,0.0,1,8,0.0,1,8,0.0,1,8,0.0,1,8,0.0,1,8,0.0,1,8,-0.0,1,8,-9900,?,9,-9900,?,9,18.95,E,8,15.41,E,8,79.0,E,8,872.5394,E,8,999.0,E,8,0.61,E,8,-9900,?,9,-9900,?,9,0.0,E,8,-9900,?,9,-9900,?,9,0.0,0.0,E,8
04/11/2017,22:00,0.0,1359.995,0.0,1,8,0.0,1,8,0.0,1,8,0.0,1,8,0.0,1,8,0.0,1,8,-0.0,1,8,-9900,?,9,-9900,?,9,18.63,E,8,15.25,E,8,80.0,E,8,872.5394,E,8,999.0,E,8,0.61,E,8,-9900,?,9,-9900,?,9,0.0,E,8,-9900,?,9,-9900,?,9,0.0,0.0,E,8
04/11/2017,23:00,0.0,1359.995,0.0,1,8,0.0,1,8,0.0,1,8,0.0,1,8,0.0,1,8,0.0,1,8,-0.0,1,8,-9900,?,9,-9900,?,9,18.32,E,8,15.09,E,8,81.0,E,8,872.5394,E,8,999.0,E,8,0.61,E,8,-9900,?,9,-9900,?,9,0.0,E,8,-9900,?,9,-9900,?,9,0.0,0.0,E,8
04/11/2017,24:00,0.0,1359.995,0.0,1,8,0.0,1,8,0.0,1,8,0.0,1,8,0.0,1,8,0.0,1,8,-0.0,1,8,-9900,?,9,-9900,?,9,18.0,E,8,16.15,E,8,88.0,E,8,872.5394,E,8,999.0,E,8,0.44,E,8,-9900,?,9,-9900,?,9,0.0,E,8,-9900,?,9,-9900,?,9,0.0,0.0,E,8
04/12/2017,01:00,0.0,1359.995,0.0,1,8,0.0,1,8,0.0,1,8,0.0,1,8,0.0,1,8,0.0,1,8,-0.0,1,8,-9900,?,9,-9900,?,9,17.84,E,8,16.09,E,8,89.0,E,8,872.5394,E,8,999.0,E,8,0.44,E,8,-9900,?,9,-9900,?,9,0.0,E,8,-9900,?,9,-9900,?,9,0.0,0.0,E,8
04/12/2017,02:00,0.0,1359.995,0.0,1,8,0.0,1,8,0.0,1,8,0.0,1,8,0.0,1,8,0.0,1,8,-0.0,1,8,-9900,?,9,-9900,?,9,17.68,E,8,16.04,E,8,90.0,E,8,872.5394,E,8,999.0,E,8,0.44,E,8,-9900,?,9,-9900,?,9,0.0,E,8,-9900,?,9,-9900,?,9,0.0,0.0,E,8
04/12/2017,03:00,0.0,1359.995,0.0,1,8,0.0,1,8,0.0,1,8,0.0,1,8,0.0,1,8,0.0,1,8,-0.0,1,8,-9900,?,9,-9900,?,9,17.52,E,8,15.98,E,8,90.0,E,8,872.5394,E,8,999.0,E,8,0.61,E,8,-9900,?,9,-9900,?,9,0.0,E,8,-9900,?,9,-9900,?,9,0.0,0.0,E,8
04/12/2017,04:00,0.0,1359.203,0.0,1,8,0.0,1,8,0.0,1,8,0.0,1,8,0.0,1,8,0.0,1,8,-0.0,1,8,-9900,?,9,-9900,?,9,17.36,E,8,15.92,E,8,91.0,E,8,872.5394,E,8,999.0,E,8,0.72,E,8,-9900,?,9,-9900,?,9,0.0,E,8,-9900,?,9,-9900,?,9,0.0,0.0,E,8
04/12/2017,05:00,0.0,1359.203,0.0,1,8,0.0,1,8,0.0,1,8,0.0,1,8,0.0,1,8,0.0,1,8,-0.0,1,8,-9900,?,9,-9900,?,9,17.2,E,8,15.86,E,8,91.0,E,8,872.5394,E,8,999.0,E,8,1.2,E,8,-9900,?,9,-9900,?,9,0.0,E,8,-9900,?,9,-9900,?,9,0.0,0.0,E,8
04/12/2017,06:00,0.0,1359.203,0.0,1,8,0.0,1,8,0.0,1,8,0.0,1,8,0.0,1,8,0.0,1,8,-0.0,1,8,-9900,?,9,-9900,?,9,17.08,E,8,15.82,E,8,92.0,E,8,872.5394,E,8,999.0,E,8,1.32,E,8,-9900,?,9,-9900,?,9,0.0,E,8,-9900,?,9,-9900,?,9,0.0,0.0,E,8
04/12/2017,07:00,149.31,1359.203,0.0,1,8,0.0,1,8,0.0,1,8,0.0,1,8,0.0,1,8,0.0,1,8,0.0,1,8,-9900,?,9,-9900,?,9,16.97,E,8,15.78,E,8,92.0,E,8,872.5394,E,8,999.0,E,8,0.86,E,8,-9900,?,9,-9900,?,9,0.0,E,8,-9900,?,9,-9900,?,9,0.0,0.0,E,8
04/12/2017,08:00,458.868,1359.203,64.64,1,8,0.0,1,8,64.64,1,8,7756.8,1,8,0.0,1,8,7110.4,1,8,61.084,1,8,-9900,?,9,-9900,?,9,16.87,E,8,15.74,E,8,93.0,E,8,872.5394,E,8,999.0,E,8,0.73,E,8,-9900,?,9,-9900,?,9,0.0,E,8,-9900,?,9,-9900,?,9,0.0,0.0,E,8
04/12/2017,09:00,733.794,1359.203,167.45,1,8,2.778,1,8,165.951,1,8,20094.0,1,8,263.876,1,8,18254.665,1,8,97.915,1,8,-9900,?,9,-9900,?,9,18.99,E,8,16.51,E,8,85.0,E,8,872.5394,E,8,999.0,E,8,0.68,E,8,-9900,?,9,-9900,?,9,0.0,E,8,-9900,?,9,-9900,?,9,0.0,0.0,E,8
04/12/2017,10:00,953.912,1359.203,258.31,1,8,15.452,1,8,247.469,1,8,30997.2,1,8,1467.938,1,8,27221.57,1,8,112.274,1,8,-9900,?,9,-9900,?,9,19.86,E,8,16.81,E,8,82.0,E,8,872.5394,E,8,999.0,E,8,1.03,E,8,-9900,?,9,-9900,?,9,0.0,E,8,-9900,?,9,-9900,?,9,0.0,0.0,E,8
04/12/2017,11:00,1104.028,1359.203,200.89,1,8,3.341,1,8,198.177,1,8,24106.8,1,8,317.358,1,8,21799.466,1,8,77.674,1,8,-9900,?,9,-9900,?,9,20.03,E,8,16.87,E,8,82.0,E,8,872.5394,E,8,999.0,E,8,0.87,E,8,-9900,?,9,-9900,?,9,0.0,E,8,-9900,?,9,-9900,?,9,0.0,0.0,E,8
04/12/2017,12:00,1173.855,1359.203,189.89,1,8,3.26,1,8,187.075,1,8,22786.8,1,8,309.676,1,8,20578.255,1,8,68.957,1,8,-9900,?,9,-9900,?,9,20.1,E,8,16.89,E,8,81.0,E,8,872.5394,E,8,999.0,E,8,0.44,E,8,-9900,?,9,-9900,?,9,0.0,E,8,-9900,?,9,-9900,?,9,0.0,0.0,E,8
04/12/2017,13:00,1158.615,1359.203,273.49,1,8,4.999,1,8,269.229,1,8,32818.8,1,8,474.892,1,8,29615.226,1,8,100.546,1,8,-9900,?,9,-9900,?,9,20.39,E,8,16.99,E,8,80.0,E,8,872.5394,E,8,999.0,E,8,0.5,E,8,-9900,?,9,-9900,?,9,0.0,E,8,-9900,?,9,-9900,?,9,0.0,0.0,E,8
04/12/2017,14:00,1059.349,1359.203,310.31,1,8,22.878,1,8,292.483,1,8,37237.2,1,8,2173.375,1,8,32173.108,1,8,119.475,1,8,-9900,?,9,-9900,?,9,20.7,E,8,17.1,E,8,79.0,E,8,872.5394,E,8,999.0,E,8,0.78,E,8,-9900,?,9,-9900,?,9,0.0,E,8,-9900,?,9,-9900,?,9,0.0,0.0,E,8
04/12/2017,15:00,882.845,1359.203,360.11,1,8,90.176,1,8,301.561,1,8,43213.2,1,8,8566.731,1,8,33171.746,1,8,147.843,1,8,-9900,?,9,-9900,?,9,21.05,E,8,17.22,E,8,78.0,E,8,872.5394,E,8,999.0,E,8,0.53,E,8,-9900,?,9,-9900,?,9,0.0,E,8,-9900,?,9,-9900,?,9,0.0,0.0,E,8
04/12/2017,16:00,641.212,1359.203,366.1,1,8,361.393,1,8,195.785,1,8,43932.0,1,8,34332.36,1,8,21536.298,1,8,132.237,1,8,-9900,?,9,-9900,?,9,21.33,E,8,17.31,E,8,77.0,E,8,872.5394,E,8,999.0,E,8,0.73,E,8,-9900,?,9,-9900,?,9,0.0,E,8,-9900,?,9,-9900,?,9,0.0,0.0,E,8
04/12/2017,17:00,351.249,1359.203,378.13,1,8,357.265,1,8,286.174,1,8,45375.6,1,8,33940.202,1,8,31479.165,1,8,353.91,1,8,-9900,?,9,-9900,?,9,21.57,E,8,17.39,E,8,77.0,E,8,872.5394,E,8,999.0,E,8,0.71,E,8,-9900,?,9,-9900,?,9,0.0,E,8,-9900,?,9,-9900,?,9,0.0,0.0,E,8
04/12/2017,18:00,38.127,1359.203,88.46,1,8,0.0,1,8,88.46,1,8,10615.2,1,8,0.0,1,8,9730.6,1,8,1268.996,1,8,-9900,?,9,-9900,?,9,21.1,E,8,17.24,E,8,78.0,E,8,872.5394,E,8,999.0,E,8,0.8,E,8,-9900,?,9,-9900,?,9,0.0,E,8,-9900,?,9,-9900,?,9,0.0,0.0,E,8
04/12/2017,19:00,0.0,1359.203,0.0,1,8,0.0,1,8,0.0,1,8,0.0,1,8,0.0,1,8,0.0,1,8,-0.0,1,8,-9900,?,9,-9900,?,9,20.55,E,8,17.05,E,8,80.0,E,8,872.5394,E,8,999.0,E,8,0.81,E,8,-9900,?,9,-9900,?,9,0.0,E,8,-9900,?,9,-9900,?,9,0.0,0.0,E,8
04/12/2017,20:00,0.0,1359.203,0.0,1,8,0.0,1,8,0.0,1,8,0.0,1,8,0.0,1,8,0.0,1,8,-0.0,1,8,-9900,?,9,-9900,?,9,20.01,E,8,16.86,E,8,82.0,E,8,872.5394,E,8,999.0,E,8,0.98,E,8,-9900,?,9,-9900,?,9,0.0,E,8,-9900,?,9,-9900,?,9,0.0,0.0,E,8
04/12/2017,21:00,0.0,1359.203,0.0,1,8,0.0,1,8,0.0,1,8,0.0,1,8,0.0,1,8,0.0,1,8,-0.0,1,8,-9900,?,9,-9900,?,9,19.47,E,8,16.67,E,8,83.0,E,8,872.5394,E,8,999.0,E,8,1.54,E,8,-9900,?,9,-9900,?,9,0.0,E,8,-9900,?,9,-9900,?,9,0.0,0.0,E,8
04/12/2017,22:00,0.0,1359.203,0.0,1,8,0.0,1,8,0.0,1,8,0.0,1,8,0.0,1,8,0.0,1,8,-0.0,1,8,-9900,?,9,-9900,?,9,18.92,E,8,16.48,E,8,85.0,E,8,872.5394,E,8,999.0,E,8,1.21,E,8,-9900,?,9,-9900,?,9,0.0,E,8,-9900,?,9,-9900,?,9,0.0,0.0,E,8
04/12/2017,23:00,0.0,1359.203,0.0,1,8,0.0,1,8,0.0,1,8,0.0,1,8,0.0,1,8,0.0,1,8,-0.0,1,8,-9900,?,9,-9900,?,9,18.38,E,8,16.29,E,8,87.0,E,8,872.5394,E,8,999.0,E,8,1.03,E,8,-9900,?,9,-9900,?,9,0.0,E,8,-9900,?,9,-9900,?,9,0.0,0.0,E,8
04/12/2017,24:00,0.0,1359.203,0.0,1,8,0.0,1,8,0.0,1,8,0.0,1,8,0.0,1,8,0.0,1,8,-0.0,1,8,-9900,?,9,-9900,?,9,17.84,E,8,16.53,E,8,92.0,E,8,872.5394,E,8,999.0,E,8,0.78,E,8,-9900,?,9,-9900,?,9,0.0,E,8,-9900,?,9,-9900,?,9,0.0,0.0,E,8
04/13/2017,01:00,0.0,1359.203,0.0,1,8,0.0,1,8,0.0,1,8,0.0,1,8,0.0,1,8,0.0,1,8,-0.0,1,8,-9900,?,9,-9900,?,9,17.57,E,8,16.44,E,8,93.0,E,8,872.5394,E,8,999.0,E,8,0.78,E,8,-9900,?,9,-9900,?,9,0.0,E,8,-9900,?,9,-9900,?,9,0.0,0.0,E,8
04/13/2017,02:00,0.0,1359.203,0.0,1,8,0.0,1,8,0.0,1,8,0.0,1,8,0.0,1,8,0.0,1,8,-0.0,1,8,-9900,?,9,-9900,?,9,17.29,E,8,16.34,E,8,94.0,E,8,872.5394,E,8,999.0,E,8,0.78,E,8,-9900,?,9,-9900,?,9,0.0,E,8,-9900,?,9,-9900,?,9,0.0,0.0,E,8
04/13/2017,03:00,0.0,1359.203,0.0,1,8,0.0,1,8,0.0,1,8,0.0,1,8,0.0,1,8,0.0,1,8,-0.0,1,8,-9900,?,9,-9900,?,9,17.02,E,8,16.25,E,8,95.0,E,8,872.5394,E,8,999.0,E,8,0.78,E,8,-9900,?,9,-9900,?,9,0.0,E,8,-9900,?,9,-9900,?,9,0.0,0.0,E,8
04/13/2017,04:00,0.0,1358.413,0.0,1,8,0.0,1,8,0.0,1,8,0.0,1,8,0.0,1,8,0.0,1,8,-0.0,1,8,-9900,?,9,-9900,?,9,16.75,E,8,16.16,E,8,96.0,E,8,872.5394,E,8,999.0,E,8,0.78,E,8,-9900,?,9,-9900,?,9,0.0,E,8,-9900,?,9,-9900,?,9,0.0,0.0,E,8
04/13/2017,05:00,0.0,1358.413,0.0,1,8,0.0,1,8,0.0,1,8,0.0,1,8,0.0,1,8,0.0,1,8,-0.0,1,8,-9900,?,9,-9900,?,9,16.48,E,8,16.07,E,8,97.0,E,8,872.5394,E,8,999.0,E,8,0.78,E,8,-9900,?,9,-9900,?,9,0.0,E,8,-9900,?,9,-9900,?,9,0.0,0.0,E,8
04/13/2017,06:00,0.0,1358.413,0.0,1,8,0.0,1,8,0.0,1,8,0.0,1,8,0.0,1,8,0.0,1,8,-0.0,1,8,-9900,?,9,-9900,?,9,16.27,E,8,16.0,E,8,98.0,E,8,872.5394,E,8,999.0,E,8,0.78,E,8,-9900,?,9,-9900,?,9,0.0,E,8,-9900,?,9,-9900,?,9,0.0,0.0,E,8
04/13/2017,07:00,147.355,1358.413,0.0,1,8,0.0,1,8,0.0,1,8,0.0,1,8,0.0,1,8,0.0,1,8,0.0,1,8,-9900,?,9,-9900,?,9,16.09,E,8,15.94,E,8,99.0,E,8,872.5394,E,8,999.0,E,8,0.78,E,8,-9900,?,9,-9900,?,9,0.0,E,8,-9900,?,9,-9900,?,9,0.0,0.0,E,8
04/13/2017,08:00,456.283,1358.413,120.0,1,8,7.693,1,8,117.422,1,8,14400.0,1,8,730.854,1,8,12916.396,1,8,111.529,1,8,-9900,?,9,-9900,?,9,15.91,E,8,15.88,E,8,99.0,E,8,872.5394,E,8,999.0,E,8,0.78,E,8,-9900,?,9,-9900,?,9,0.0,E,8,-9900,?,9,-9900,?,9,0.0,0.0,E,8
04/13/2017,09:00,730.574,1358.413,129.3,1,8,0.0,1,8,129.3,1,8,15516.0,1,8,0.0,1,8,14223.0,1,8,76.582,1,8,-9900,?,9,-9900,?,9,18.6,E,8,16.77,E,8,89.0,E,8,872.5394,E,8,999.0,E,8,0.78,E,8,-9900,?,9,-9900,?,9,0.0,E,8,-9900,?,9,-9900,?,9,0.0,0.0,E,8
04/13/2017,10:00,950.072,1358.413,255.89,1,8,15.172,1,8,245.282,1,8,30706.8,1,8,1441.386,1,8,26980.981,1,8,111.667,1,8,-9900,?,9,-9900,?,9,19.54,E,8,17.08,E,8,85.0,E,8,872.5394,E,8,999.0,E,8,0.86,E,8,-9900,?,9,-9900,?,9,0.0,E,8,-9900,?,9,-9900,?,9,0.0,0.0,E,8
04/13/2017,11:00,1099.626,1358.413,313.37,1,8,12.474,1,8,303.274,1,8,37604.4,1,8,1184.984,1,8,33360.178,1,8,119.272,1,8,-9900,?,9,-9900,?,9,20.32,E,8,17.32,E,8,82.0,E,8,872.5394,E,8,999.0,E,8,0.78,E,8,-9900,?,9,-9900,?,9,0.0,E,8,-9900,?,9,-9900,?,9,0.0,0.0,E,8
04/13/2017,12:00,1168.985,1358.413,204.0,1,8,7.927,1,8,197.179,1,8,24480.0,1,8,753.06,1,8,21689.708,1,8,72.942,1,8,-9900,?,9,-9900,?,9,20.32,E,8,17.32,E,8,82.0,E,8,872.5394,E,8,999.0,E,8,0.78,E,8,-9900,?,9,-9900,?,9,0.0,E,8,-9900,?,9,-9900,?,9,0.0,0.0,E,8
04/13/2017,13:00,1153.404,1358.413,362.29,1,8,27.498,1,8,338.944,1,8,43474.8,1,8,2612.338,1,8,37283.88,1,8,127.08,1,8,-9900,?,9,-9900,?,9,20.88,E,8,17.5,E,8,81.0,E,8,872.5394,E,8,999.0,E,8,0.78,E,8,-9900,?,9,-9900,?,9,0.0,E,8,-9900,?,9,-9900,?,9,0.0,0.0,E,8
04/13/2017,14:00,1053.947,1358.413,341.64,1,8,25.648,1,8,321.744,1,8,40996.8,1,8,2436.607,1,8,35391.847,1,8,132.026,1,8,-9900,?,9,-9900,?,9,21.22,E,8,17.6,E,8,79.0,E,8,872.5394,E,8,999.0,E,8,0.78,E,8,-9900,?,9,-9900,?,9,0.0,E,8,-9900,?,9,-9900,?,9,0.0,0.0,E,8
04/13/2017,15:00,877.418,1358.413,292.19,1,8,21.129,1,8,278.548,1,8,35062.8,1,8,2007.295,1,8,30640.259,1,8,137.326,1,8,-9900,?,9,-9900,?,9,21.35,E,8,17.64,E,8,79.0,E,8,872.5394,E,8,999.0,E,8,0.79,E,8,-9900,?,9,-9900,?,9,0.0,E,8,-9900,?,9,-9900,?,9,0.0,0.0,E,8
04/13/2017,16:00,635.927,1358.413,217.75,1,8,55.998,1,8,191.563,1,8,26130.0,1,8,5319.775,1,8,21071.883,1,8,130.388,1,8,-9900,?,9,-9900,?,9,21.21,E,8,17.6,E,8,79.0,E,8,872.5394,E,8,999.0,E,8,0.81,E,8,-9900,?,9,-9900,?,9,0.0,E,8,-9900,?,9,-9900,?,9,0.0,0.0,E,8
04/13/2017,17:00,346.272,1358.413,124.76,1,8,98.915,1,8,99.65,1,8,14971.2,1,8,9396.9,1,8,10961.456,1,8,124.949,1,8,-9900,?,9,-9900,?,9,20.75,E,8,17.46,E,8,81.0,E,8,872.5394,E,8,999.0,E,8,1.07,E,8,-9900,?,9,-9900,?,9,0.0,E,8,-9900,?,9,-9900,?,9,0.0,0.0,E,8
04/13/2017,18:00,33.971,1358.413,27.81,1,8,0.0,1,8,27.81,1,8,3337.2,1,8,0.0,1,8,3059.1,1,8,469.825,1,8,-9900,?,9,-9900,?,9,20.06,E,8,17.24,E,8,83.0,E,8,872.5394,E,8,999.0,E,8,0.78,E,8,-9900,?,9,-9900,?,9,0.0,E,8,-9900,?,9,-9900,?,9,0.0,0.0,E,8
04/13/2017,19:00,0.0,1358.413,0.0,1,8,0.0,1,8,0.0,1,8,0.0,1,8,0.0,1,8,0.0,1,8,-0.0,1,8,-9900,?,9,-9900,?,9,19.59,E,8,17.09,E,8,85.0,E,8,872.5394,E,8,999.0,E,8,0.91,E,8,-9900,?,9,-9900,?,9,0.0,E,8,-9900,?,9,-9900,?,9,0.0,0.0,E,8
04/13/2017,20:00,0.0,1358.413,0.0,1,8,0.0,1,8,0.0,1,8,0.0,1,8,0.0,1,8,0.0,1,8,-0.0,1,8,-9900,?,9,-9900,?,9,19.12,E,8,16.94,E,8,87.0,E,8,872.5394,E,8,999.0,E,8,0.92,E,8,-9900,?,9,-9900,?,9,0.0,E,8,-9900,?,9,-9900,?,9,0.0,0.0,E,8
04/13/2017,21:00,0.0,1358.413,0.0,1,8,0.0,1,8,0.0,1,8,0.0,1,8,0.0,1,8,0.0,1,8,-0.0,1,8,-9900,?,9,-9900,?,9,18.66,E,8,16.79,E,8,88.0,E,8,872.5394,E,8,999.0,E,8,0.78,E,8,-9900,?,9,-9900,?,9,0.0,E,8,-9900,?,9,-9900,?,9,0.0,0.0,E,8
04/13/2017,22:00,0.0,1358.413,0.0,1,8,0.0,1,8,0.0,1,8,0.0,1,8,0.0,1,8,0.0,1,8,-0.0,1,8,-9900,?,9,-9900,?,9,18.19,E,8,16.64,E,8,90.0,E,8,872.5394,E,8,999.0,E,8,0.78,E,8,-9900,?,9,-9900,?,9,0.0,E,8,-9900,?,9,-9900,?,9,0.0,0.0,E,8
04/13/2017,23:00,0.0,1358.413,0.0,1,8,0.0,1,8,0.0,1,8,0.0,1,8,0.0,1,8,0.0,1,8,-0.0,1,8,-9900,?,9,-9900,?,9,17.72,E,8,16.49,E,8,92.0,E,8,872.5394,E,8,999.0,E,8,0.78,E,8,-9900,?,9,-9900,?,9,0.0,E,8,-9900,?,9,-9900,?,9,0.0,0.0,E,8
04/13/2017,24:00,0.0,1358.413,0.0,1,8,0.0,1,8,0.0,1,8,0.0,1,8,0.0,1,8,0.0,1,8,-0.0,1,8,-9900,?,9,-9900,?,9,17.26,E,8,15.49,E,8,89.0,E,8,872.5394,E,8,999.0,E,8,0.3,E,8,-9900,?,9,-9900,?,9,0.0,E,8,-9900,?,9,-9900,?,9,0.0,0.0,E,8
04/14/2017,01:00,0.0,1358.413,0.0,1,8,0.0,1,8,0.0,1,8,0.0,1,8,0.0,1,8,0.0,1,8,-0.0,1,8,-9900,?,9,-9900,?,9,17.02,E,8,15.35,E,8,89.0,E,8,872.5394,E,8,999.0,E,8,0.3,E,8,-9900,?,9,-9900,?,9,0.0,E,8,-9900,?,9,-9900,?,9,0.0,0.0,E,8
04/14/2017,02:00,0.0,1358.413,0.0,1,8,0.0,1,8,0.0,1,8,0.0,1,8,0.0,1,8,0.0,1,8,-0.0,1,8,-9900,?,9,-9900,?,9,16.79,E,8,15.22,E,8,90.0,E,8,872.5394,E,8,999.0,E,8,0.3,E,8,-9900,?,9,-9900,?,9,0.0,E,8,-9900,?,9,-9900,?,9,0.0,0.0,E,8
04/14/2017,03:00,0.0,1358.413,0.0,1,8,0.0,1,8,0.0,1,8,0.0,1,8,0.0,1,8,0.0,1,8,-0.0,1,8,-9900,?,9,-9900,?,9,16.55,E,8,15.09,E,8,91.0,E,8,872.5394,E,8,999.0,E,8,0.3,E,8,-9900,?,9,-9900,?,9,0.0,E,8,-9900,?,9,-9900,?,9,0.0,0.0,E,8
04/14/2017,04:00,0.0,1357.627,0.0,1,8,0.0,1,8,0.0,1,8,0.0,1,8,0.0,1,8,0.0,1,8,-0.0,1,8,-9900,?,9,-9900,?,9,16.32,E,8,14.96,E,8,91.0,E,8,872.5394,E,8,999.0,E,8,0.3,E,8,-9900,?,9,-9900,?,9,0.0,E,8,-9900,?,9,-9900,?,9,0.0,0.0,E,8
04/14/2017,05:00,0.0,1357.627,0.0,1,8,0.0,1,8,0.0,1,8,0.0,1,8,0.0,1,8,0.0,1,8,-0.0,1,8,-9900,?,9,-9900,?,9,16.09,E,8,14.83,E,8,92.0,E,8,872.5394,E,8,999.0,E,8,0.3,E,8,-9900,?,9,-9900,?,9,0.0,E,8,-9900,?,9,-9900,?,9,0.0,0.0,E,8
04/14/2017,06:00,0.0,1357.627,0.0,1,8,0.0,1,8,0.0,1,8,0.0,1,8,0.0,1,8,0.0,1,8,-0.0,1,8,-9900,?,9,-9900,?,9,15.91,E,8,14.72,E,8,92.0,E,8,872.5394,E,8,999.0,E,8,0.3,E,8,-9900,?,9,-9900,?,9,0.0,E,8,-9900,?,9,-9900,?,9,0.0,0.0,E,8
04/14/2017,07:00,145.388,1357.627,0.0,1,8,0.0,1,8,0.0,1,8,0.0,1,8,0.0,1,8,0.0,1,8,0.0,1,8,-9900,?,9,-9900,?,9,15.75,E,8,14.63,E,8,93.0,E,8,872.5394,E,8,999.0,E,8,0.3,E,8,-9900,?,9,-9900,?,9,0.0,E,8,-9900,?,9,-9900,?,9,0.0,0.0,E,8
04/14/2017,08:00,453.679,1357.627,74.68,1,8,0.0,1,8,74.68,1,8,8961.6,1,8,0.0,1,8,8214.8,1,8,71.3,1,8,-9900,?,9,-9900,?,9,15.6,E,8,14.54,E,8,93.0,E,8,872.5394,E,8,999.0,E,8,0.3,E,8,-9900,?,9,-9900,?,9,0.0,E,8,-9900,?,9,-9900,?,9,0.0,0.0,E,8
04/14/2017,09:00,727.331,1357.627,195.32,1,8,7.198,1,8,191.467,1,8,23438.4,1,8,683.805,1,8,21061.326,1,8,113.843,1,8,-9900,?,9,-9900,?,9,18.03,E,8,15.91,E,8,87.0,E,8,872.5394,E,8,999.0,E,8,0.3,E,8,-9900,?,9,-9900,?,9,0.0,E,8,-9900,?,9,-9900,?,9,0.0,0.0,E,8
04/14/2017,10:00,946.21,1357.627,301.93,1,8,12.72,1,8,293.068,1,8,36231.6,1,8,1208.377,1,8,32237.438,1,8,133.889,1,8,-9900,?,9,-9900,?,9,19.03,E,8,16.44,E,8,84.0,E,8,872.5394,E,8,999.0,E,8,0.41,E,8,-9900,?,9,-9900,?,9,0.0,E,8,-9900,?,9,-9900,?,9,0.0,0.0,E,8
04/14/2017,11:00,1095.203,1357.627,382.45,1,8,32.484,1,8,356.249,1,8,45894.0,1,8,3085.996,1,8,39187.394,1,8,140.591,1,8,-9900,?,9,-9900,?,9,19.89,E,8,16.89,E,8,82.0,E,8,872.5394,E,8,999.0,E,8,0.64,E,8,-9900,?,9,-9900,?,9,0.0,E,8,-9900,?,9,-9900,?,9,0.0,0.0,E,8
04/14/2017,12:00,1164.101,1357.627,430.35,1,8,38.248,1,8,397.557,1,8,51642.0,1,8,3633.593,1,8,43731.307,1,8,147.6,1,8,-9900,?,9,-9900,?,9,20.58,E,8,17.24,E,8,81.0,E,8,872.5394,E,8,999.0,E,8,0.81,E,8,-9900,?,9,-9900,?,9,0.0,E,8,-9900,?,9,-9900,?,9,0.0,0.0,E,8
04/14/2017,13:00,1148.189,1357.627,442.01,1,8,44.976,1,8,403.977,1,8,53041.2,1,8,4272.704,1,8,44437.465,1,8,152.063,1,8,-9900,?,9,-9900,?,9,21.07,E,8,17.48,E,8,79.0,E,8,872.5394,E,8,999.0,E,8,1.5,E,8,-9900,?,9,-9900,?,9,0.0,E,8,-9900,?,9,-9900,?,9,0.0,0.0,E,8
04/14/2017,14:00,1048.554,1357.627,416.58,1,8,54.169,1,8,374.751,1,8,49989.6,1,8,5146.037,1,8,41222.656,1,8,154.479,1,8,-9900,?,9,-9900,?,9,21.36,E,8,17.62,E,8,79.0,E,8,872.5394,E,8,999.0,E,8,1.93,E,8,-9900,?,9,-9900,?,9,0.0,E,8,-9900,?,9,-9900,?,9,0.0,0.0,E,8
04/14/2017,15:00,872.012,1357.627,355.95,1,8,57.836,1,8,318.817,1,8,42714.0,1,8,5494.383,1,8,35069.909,1,8,158.063,1,8,-9900,?,9,-9900,?,9,21.44,E,8,17.66,E,8,79.0,E,8,872.5394,E,8,999.0,E,8,2.48,E,8,-9900,?,9,-9900,?,9,0.0,E,8,-9900,?,9,-9900,?,9,0.0,0.0,E,8
04/14/2017,16:00,630.677,1357.627,264.74,1,8,111.38,1,8,213.054,1,8,31768.8,1,8,10581.08,1,8,23435.955,1,8,146.142,1,8,-9900,?,9,-9900,?,9,21.24,E,8,17.56,E,8,79.0,E,8,872.5394,E,8,999.0,E,8,1.9,E,8,-9900,?,9,-9900,?,9,0.0,E,8,-9900,?,9,-9900,?,9,0.0,0.0,E,8
04/14/2017,17:00,341.344,1357.627,150.92,1,8,230.915,1,8,93.108,1,8,18110.4,1,8,21936.938,1,8,10241.864,1,8,118.378,1,8,-9900,?,9,-9900,?,9,20.72,E,8,17.31,E,8,80.0,E,8,872.5394,E,8,999.0,E,8,1.94,E,8,-9900,?,9,-9900,?,9,0.0,E,8,-9900,?,9,-9900,?,9,0.0,0.0,E,8
04/14/2017,18:00,29.902,1357.627,32.63,1,8,0.0,1,8,32.63,1,8,3915.6,1,8,0.0,1,8,3589.3,1,8,668.619,1,8,-9900,?,9,-9900,?,9,19.98,E,8,16.93,E,8,82.0,E,8,872.5394,E,8,999.0,E,8,1.48,E,8,-9900,?,9,-9900,?,9,0.0,E,8,-9900,?,9,-9900,?,9,0.0,0.0,E,8
04/14/2017,19:00,0.0,1357.627,0.0,1,8,0.0,1,8,0.0,1,8,0.0,1,8,0.0,1,8,0.0,1,8,-0.0,1,8,-9900,?,9,-9900,?,9,19.66,E,8,16.77,E,8,83.0,E,8,872.5394,E,8,999.0,E,8,0.81,E,8,-9900,?,9,-9900,?,9,0.0,E,8,-9900,?,9,-9900,?,9,0.0,0.0,E,8
04/14/2017,20:00,0.0,1357.627,0.0,1,8,0.0,1,8,0.0,1,8,0.0,1,8,0.0,1,8,0.0,1,8,-0.0,1,8,-9900,?,9,-9900,?,9,19.34,E,8,16.6,E,8,84.0,E,8,872.5394,E,8,999.0,E,8,0.78,E,8,-9900,?,9,-9900,?,9,0.0,E,8,-9900,?,9,-9900,?,9,0.0,0.0,E,8
04/14/2017,21:00,0.0,1357.627,0.0,1,8,0.0,1,8,0.0,1,8,0.0,1,8,0.0,1,8,0.0,1,8,-0.0,1,8,-9900,?,9,-9900,?,9,19.02,E,8,16.44,E,8,84.0,E,8,872.5394,E,8,999.0,E,8,0.56,E,8,-9900,?,9,-9900,?,9,0.0,E,8,-9900,?,9,-9900,?,9,0.0,0.0,E,8
04/14/2017,22:00,0.0,1357.627,0.0,1,8,0.0,1,8,0.0,1,8,0.0,1,8,0.0,1,8,0.0,1,8,-0.0,1,8,-9900,?,9,-9900,?,9,18.71,E,8,16.27,E,8,85.0,E,8,872.5394,E,8,999.0,E,8,0.78,E,8,-9900,?,9,-9900,?,9,0.0,E,8,-9900,?,9,-9900,?,9,0.0,0.0,E,8
04/14/2017,23:00,0.0,1357.627,0.0,1,8,0.0,1,8,0.0,1,8,0.0,1,8,0.0,1,8,0.0,1,8,-0.0,1,8,-9900,?,9,-9900,?,9,18.39,E,8,16.1,E,8,86.0,E,8,872.5394,E,8,999.0,E,8,0.43,E,8,-9900,?,9,-9900,?,9,0.0,E,8,-9900,?,9,-9900,?,9,0.0,0.0,E,8
04/14/2017,24:00,0.0,1357.627,0.0,1,8,0.0,1,8,0.0,1,8,0.0,1,8,0.0,1,8,0.0,1,8,-0.0,1,8,-9900,?,9,-9900,?,9,18.07,E,8,16.81,E,8,90.0,E,8,872.5394,E,8,999.0,E,8,0.7,E,8,-9900,?,9,-9900,?,9,0.0,E,8,-9900,?,9,-9900,?,9,0.0,0.0,E,8
04/15/2017,01:00,0.0,1357.627,0.0,1,8,0.0,1,8,0.0,1,8,0.0,1,8,0.0,1,8,0.0,1,8,-0.0,1,8,-9900,?,9,-9900,?,9,17.91,E,8,16.7,E,8,90.0,E,8,872.5394,E,8,999.0,E,8,0.49,E,8,-9900,?,9,-9900,?,9,0.0,E,8,-9900,?,9,-9900,?,9,0.0,0.0,E,8
04/15/2017,02:00,0.0,1357.627,0.0,1,8,0.0,1,8,0.0,1,8,0.0,1,8,0.0,1,8,0.0,1,8,-0.0,1,8,-9900,?,9,-9900,?,9,17.75,E,8,16.59,E,8,90.0,E,8,872.5394,E,8,999.0,E,8,0.49,E,8,-9900,?,9,-9900,?,9,0.0,E,8,-9900,?,9,-9900,?,9,0.0,0.0,E,8
04/15/2017,03:00,0.0,1357.627,0.0,1,8,0.0,1,8,0.0,1,8,0.0,1,8,0.0,1,8,0.0,1,8,-0.0,1,8,-9900,?,9,-9900,?,9,17.59,E,8,16.47,E,8,91.0,E,8,872.5394,E,8,999.0,E,8,0.49,E,8,-9900,?,9,-9900,?,9,0.0,E,8,-9900,?,9,-9900,?,9,0.0,0.0,E,8
04/15/2017,04:00,0.0,1356.845,0.0,1,8,0.0,1,8,0.0,1,8,0.0,1,8,0.0,1,8,0.0,1,8,-0.0,1,8,-9900,?,9,-9900,?,9,17.43,E,8,16.36,E,8,91.0,E,8,872.5394,E,8,999.0,E,8,0.49,E,8,-9900,?,9,-9900,?,9,0.0,E,8,-9900,?,9,-9900,?,9,0.0,0.0,E,8
04/15/2017,05:00,0.0,1356.845,0.0,1,8,0.0,1,8,0.0,1,8,0.0,1,8,0.0,1,8,0.0,1,8,-0.0,1,8,-9900,?,9,-9900,?,9,17.28,E,8,16.25,E,8,91.0,E,8,872.5394,E,8,999.0,E,8,0.49,E,8,-9900,?,9,-9900,?,9,0.0,E,8,-9900,?,9,-9900,?,9,0.0,0.0,E,8
04/15/2017,06:00,0.0,1356.845,0.0,1,8,0.0,1,8,0.0,1,8,0.0,1,8,0.0,1,8,0.0,1,8,-0.0,1,8,-9900,?,9,-9900,?,9,17.15,E,8,16.15,E,8,91.0,E,8,872.5394,E,8,999.0,E,8,0.49,E,8,-9900,?,9,-9900,?,9,0.0,E,8,-9900,?,9,-9900,?,9,0.0,0.0,E,8
04/15/2017,07:00,143.408,1356.845,0.0,1,8,0.0,1,8,0.0,1,8,0.0,1,8,0.0,1,8,0.0,1,8,0.0,1,8,-9900,?,9,-9900,?,9,17.05,E,8,16.08,E,8,91.0,E,8,872.5394,E,8,999.0,E,8,0.49,E,8,-9900,?,9,-9900,?,9,0.0,E,8,-9900,?,9,-9900,?,9,0.0,0.0,E,8
04/15/2017,08:00,451.055,1356.845,74.26,1,8,0.0,1,8,74.26,1,8,8911.2,1,8,0.0,1,8,8168.6,1,8,71.272,1,8,-9900,?,9,-9900,?,9,16.94,E,8,16.0,E,8,91.0,E,8,872.5394,E,8,999.0,E,8,0.49,E,8,-9900,?,9,-9900,?,9,0.0,E,8,-9900,?,9,-9900,?,9,0.0,0.0,E,8
04/15/2017,09:00,724.065,1356.845,105.12,1,8,0.0,1,8,105.12,1,8,12614.4,1,8,0.0,1,8,11563.2,1,8,62.749,1,8,-9900,?,9,-9900,?,9,18.19,E,8,16.9,E,8,90.0,E,8,872.5394,E,8,999.0,E,8,0.65,E,8,-9900,?,9,-9900,?,9,0.0,E,8,-9900,?,9,-9900,?,9,0.0,0.0,E,8
04/15/2017,10:00,942.325,1356.845,273.88,1,8,17.863,1,8,261.478,1,8,32865.6,1,8,1697.018,1,8,28762.565,1,8,119.881,1,8,-9900,?,9,-9900,?,9,19.04,E,8,17.48,E,8,89.0,E,8,872.5394,E,8,999.0,E,8,0.77,E,8,-9900,?,9,-9900,?,9,0.0,E,8,-9900,?,9,-9900,?,9,0.0,0.0,E,8
04/15/2017,11:00,1090.763,1356.845,382.68,1,8,23.543,1,8,363.757,1,8,45921.6,1,8,2236.561,1,8,40013.282,1,8,144.056,1,8,-9900,?,9,-9900,?,9,19.84,E,8,18.02,E,8,88.0,E,8,872.5394,E,8,999.0,E,8,1.76,E,8,-9900,?,9,-9900,?,9,0.0,E,8,-9900,?,9,-9900,?,9,0.0,0.0,E,8
04/15/2017,12:00,1159.206,1356.845,430.59,1,8,39.007,1,8,397.268,1,8,51670.8,1,8,3705.687,1,8,43699.501,1,8,148.03,1,8,-9900,?,9,-9900,?,9,20.46,E,8,18.42,E,8,87.0,E,8,872.5394,E,8,999.0,E,8,1.56,E,8,-9900,?,9,-9900,?,9,0.0,E,8,-9900,?,9,-9900,?,9,0.0,0.0,E,8
04/15/2017,13:00,1142.973,1356.845,442.13,1,8,45.934,1,8,403.441,1,8,53055.6,1,8,4363.766,1,8,44378.471,1,8,152.467,1,8,-9900,?,9,-9900,?,9,20.9,E,8,18.7,E,8,86.0,E,8,872.5394,E,8,999.0,E,8,1.9,E,8,-9900,?,9,-9900,?,9,0.0,E,8,-9900,?,9,-9900,?,9,0.0,0.0,E,8
04/15/2017,14:00,1043.172,1356.845,416.48,1,8,55.416,1,8,373.883,1,8,49977.6,1,8,5264.548,1,8,41127.173,1,8,154.828,1,8,-9900,?,9,-9900,?,9,21.16,E,8,18.86,E,8,86.0,E,8,872.5394,E,8,999.0,E,8,2.89,E,8,-9900,?,9,-9900,?,9,0.0,E,8,-9900,?,9,-9900,?,9,0.0,0.0,E,8
04/15/2017,15:00,866.631,1356.845,355.51,1,8,59.259,1,8,317.677,1,8,42661.2,1,8,5629.597,1,8,34944.449,1,8,158.386,1,8,-9900,?,9,-9900,?,9,21.25,E,8,18.91,E,8,89.0,E,8,872.5394,E,8,999.0,E,8,4.63,E,8,-9900,?,9,-9900,?,9,0.011,E,8,-9900,?,9,-9900,?,9,0.11,99.0,E,8
04/15/2017,16:00,625.466,1356.845,263.9,1,8,114.328,1,8,211.255,1,8,31668.0,1,8,10861.128,1,8,23238.088,1,8,146.034,1,8,-9900,?,9,-9900,?,9,21.13,E,8,18.84,E,8,90.0,E,8,872.5394,E,8,999.0,E,8,2.73,E,8,-9900,?,9,-9900,?,9,0.004,E,8,-9900,?,9,-9900,?,9,0.04,99.0,E,8
04/15/2017,17:00,336.467,1356.845,149.68,1,8,247.074,1,8,88.679,1,8,17961.6,1,8,23471.992,1,8,9754.64,1,8,114.329,1,8,-9900,?,9,-9900,?,9,20.76,E,8,18.61,E,8,94.0,E,8,872.5394,E,8,999.0,E,8,2.16,E,8,-9900,?,9,-9900,?,9,0.28300000000000003,E,8,-9900,?,9,-9900,?,9,2.83,99.0,E,8
04/15/2017,18:00,25.925,1356.845,37.07,1,8,0.0,1,8,37.07,1,8,4448.4,1,8,0.0,1,8,4077.7,1,8,961.757,1,8,-9900,?,9,-9900,?,9,20.22,E,8,18.26,E,8,87.0,E,8,872.5394,E,8,999.0,E,8,1.6,E,8,-9900,?,9,-9900,?,9,0.0,E,8,-9900,?,9,-9900,?,9,0.0,0.0,E,8
04/15/2017,19:00,0.0,1356.845,0.0,1,8,0.0,1,8,0.0,1,8,0.0,1,8,0.0,1,8,0.0,1,8,-0.0,1,8,-9900,?,9,-9900,?,9,19.83,E,8,18.01,E,8,88.0,E,8,872.5394,E,8,999.0,E,8,0.59,E,8,-9900,?,9,-9900,?,9,0.0,E,8,-9900,?,9,-9900,?,9,0.0,0.0,E,8
04/15/2017,20:00,0.0,1356.845,0.0,1,8,0.0,1,8,0.0,1,8,0.0,1,8,0.0,1,8,0.0,1,8,-0.0,1,8,-9900,?,9,-9900,?,9,19.45,E,8,17.76,E,8,88.0,E,8,872.5394,E,8,999.0,E,8,0.68,E,8,-9900,?,9,-9900,?,9,0.0,E,8,-9900,?,9,-9900,?,9,0.0,0.0,E,8
04/15/2017,21:00,0.0,1356.845,0.0,1,8,0.0,1,8,0.0,1,8,0.0,1,8,0.0,1,8,0.0,1,8,-0.0,1,8,-9900,?,9,-9900,?,9,19.07,E,8,17.5,E,8,92.0,E,8,872.5394,E,8,999.0,E,8,0.53,E,8,-9900,?,9,-9900,?,9,0.002,E,8,-9900,?,9,-9900,?,9,0.02,99.0,E,8
04/15/2017,22:00,0.0,1356.845,0.0,1,8,0.0,1,8,0.0,1,8,0.0,1,8,0.0,1,8,0.0,1,8,-0.0,1,8,-9900,?,9,-9900,?,9,18.68,E,8,17.24,E,8,89.0,E,8,872.5394,E,8,999.0,E,8,0.49,E,8,-9900,?,9,-9900,?,9,0.0,E,8,-9900,?,9,-9900,?,9,0.0,0.0,E,8
04/15/2017,23:00,0.0,1356.845,0.0,1,8,0.0,1,8,0.0,1,8,0.0,1,8,0.0,1,8,0.0,1,8,-0.0,1,8,-9900,?,9,-9900,?,9,18.3,E,8,16.97,E,8,93.0,E,8,872.5394,E,8,999.0,E,8,0.57,E,8,-9900,?,9,-9900,?,9,0.001,E,8,-9900,?,9,-9900,?,9,0.01,99.0,E,8
04/15/2017,24:00,0.0,1356.845,0.0,1,8,0.0,1,8,0.0,1,8,0.0,1,8,0.0,1,8,0.0,1,8,-0.0,1,8,-9900,?,9,-9900,?,9,17.91,E,8,16.72,E,8,91.0,E,8,872.5394,E,8,999.0,E,8,5.7,E,8,-9900,?,9,-9900,?,9,0.006,E,8,-9900,?,9,-9900,?,9,0.06,99.0,E,8
04/16/2017,01:00,0.0,1356.845,0.0,1,8,0.0,1,8,0.0,1,8,0.0,1,8,0.0,1,8,0.0,1,8,-0.0,1,8,-9900,?,9,-9900,?,9,17.72,E,8,16.58,E,8,91.0,E,8,872.5394,E,8,999.0,E,8,6.11,E,8,-9900,?,9,-9900,?,9,0.004,E,8,-9900,?,9,-9900,?,9,0.04,99.0,E,8
04/16/2017,02:00,0.0,1356.845,0.0,1,8,0.0,1,8,0.0,1,8,0.0,1,8,0.0,1,8,0.0,1,8,-0.0,1,8,-9900,?,9,-9900,?,9,17.53,E,8,16.43,E,8,92.0,E,8,872.5394,E,8,999.0,E,8,4.67,E,8,-9900,?,9,-9900,?,9,0.003,E,8,-9900,?,9,-9900,?,9,0.03,99.0,E,8
04/16/2017,03:00,0.0,1356.845,0.0,1,8,0.0,1,8,0.0,1,8,0.0,1,8,0.0,1,8,0.0,1,8,-0.0,1,8,-9900,?,9,-9900,?,9,17.34,E,8,16.29,E,8,92.0,E,8,872.5394,E,8,999.0,E,8,3.34,E,8,-9900,?,9,-9900,?,9,0.001,E,8,-9900,?,9,-9900,?,9,0.01,99.0,E,8
04/16/2017,04:00,0.0,1356.066,0.0,1,8,0.0,1,8,0.0,1,8,0.0,1,8,0.0,1,8,0.0,1,8,-0.0,1,8,-9900,?,9,-9900,?,9,17.14,E,8,16.13,E,8,92.0,E,8,872.5394,E,8,999.0,E,8,3.0,E,8,-9900,?,9,-9900,?,9,0.001,E,8,-9900,?,9,-9900,?,9,0.01,99.0,E,8
04/16/2017,05:00,0.0,1356.066,0.0,1,8,0.0,1,8,0.0,1,8,0.0,1,8,0.0,1,8,0.0,1,8,-0.0,1,8,-9900,?,9,-9900,?,9,16.95,E,8,15.99,E,8,92.0,E,8,872.5394,E,8,999.0,E,8,2.63,E,8,-9900,?,9,-9900,?,9,0.002,E,8,-9900,?,9,-9900,?,9,0.02,99.0,E,8
04/16/2017,06:00,0.0,1356.066,0.0,1,8,0.0,1,8,0.0,1,8,0.0,1,8,0.0,1,8,0.0,1,8,-0.0,1,8,-9900,?,9,-9900,?,9,16.8,E,8,15.87,E,8,90.0,E,8,872.5394,E,8,999.0,E,8,3.25,E,8,-9900,?,9,-9900,?,9,0.0,E,8,-9900,?,9,-9900,?,9,0.0,0.0,E,8
04/16/2017,07:00,141.416,1356.066,0.0,1,8,0.0,1,8,0.0,1,8,0.0,1,8,0.0,1,8,0.0,1,8,0.0,1,8,-9900,?,9,-9900,?,9,16.68,E,8,15.77,E,8,90.0,E,8,872.5394,E,8,999.0,E,8,4.46,E,8,-9900,?,9,-9900,?,9,0.0,E,8,-9900,?,9,-9900,?,9,0.0,0.0,E,8
04/16/2017,08:00,448.411,1356.066,56.41,1,8,0.0,1,8,56.41,1,8,6769.2,1,8,0.0,1,8,6205.1,1,8,54.43,1,8,-9900,?,9,-9900,?,9,16.55,E,8,15.67,E,8,90.0,E,8,872.5394,E,8,999.0,E,8,3.02,E,8,-9900,?,9,-9900,?,9,0.0,E,8,-9900,?,9,-9900,?,9,0.0,0.0,E,8
04/16/2017,09:00,720.778,1356.066,104.58,1,8,0.0,1,8,104.58,1,8,12549.6,1,8,0.0,1,8,11503.8,1,8,62.676,1,8,-9900,?,9,-9900,?,9,18.35,E,8,17.05,E,8,89.0,E,8,872.5394,E,8,999.0,E,8,5.63,E,8,-9900,?,9,-9900,?,9,0.0,E,8,-9900,?,9,-9900,?,9,0.0,0.0,E,8
04/16/2017,10:00,938.419,1356.066,117.14,1,8,0.0,1,8,117.14,1,8,14056.8,1,8,0.0,1,8,12885.4,1,8,53.899,1,8,-9900,?,9,-9900,?,9,18.62,E,8,17.25,E,8,88.0,E,8,872.5394,E,8,999.0,E,8,3.62,E,8,-9900,?,9,-9900,?,9,0.0,E,8,-9900,?,9,-9900,?,9,0.0,0.0,E,8
04/16/2017,11:00,1086.306,1356.066,202.35,1,8,3.335,1,8,199.679,1,8,24282.0,1,8,316.864,1,8,21964.638,1,8,79.356,1,8,-9900,?,9,-9900,?,9,19.23,E,8,17.68,E,8,88.0,E,8,872.5394,E,8,999.0,E,8,2.97,E,8,-9900,?,9,-9900,?,9,0.0,E,8,-9900,?,9,-9900,?,9,0.0,0.0,E,8
04/16/2017,12:00,1154.304,1356.066,251.09,1,8,4.409,1,8,247.337,1,8,30130.8,1,8,418.857,1,8,27207.113,1,8,92.502,1,8,-9900,?,9,-9900,?,9,19.82,E,8,18.1,E,8,87.0,E,8,872.5394,E,8,999.0,E,8,2.15,E,8,-9900,?,9,-9900,?,9,0.0,E,8,-9900,?,9,-9900,?,9,0.0,0.0,E,8
04/16/2017,13:00,1137.76,1356.066,242.41,1,8,4.33,1,8,238.778,1,8,29089.2,1,8,411.342,1,8,26265.535,1,8,90.6,1,8,-9900,?,9,-9900,?,9,20.17,E,8,18.34,E,8,90.0,E,8,872.5394,E,8,999.0,E,8,2.38,E,8,-9900,?,9,-9900,?,9,0.001,E,8,-9900,?,9,-9900,?,9,0.01,99.0,E,8
04/16/2017,14:00,1037.805,1356.066,348.72,1,8,28.602,1,8,326.835,1,8,41846.4,1,8,2717.198,1,8,35951.873,1,8,135.967,1,8,-9900,?,9,-9900,?,9,20.77,E,8,18.74,E,8,89.0,E,8,872.5394,E,8,999.0,E,8,3.85,E,8,-9900,?,9,-9900,?,9,0.007000000000000001,E,8,-9900,?,9,-9900,?,9,0.07,99.0,E,8
04/16/2017,15:00,861.278,1356.066,229.12,1,8,13.764,1,8,220.382,1,8,27494.4,1,8,1307.544,1,8,24242.031,1,8,110.497,1,8,-9900,?,9,-9900,?,9,20.88,E,8,18.82,E,8,89.0,E,8,872.5394,E,8,999.0,E,8,2.98,E,8,-9900,?,9,-9900,?,9,0.015,E,8,-9900,?,9,-9900,?,9,0.15,99.0,E,8
04/16/2017,16:00,620.295,1356.066,191.42,1,8,37.557,1,8,174.26,1,8,22970.4,1,8,3567.884,1,8,19168.566,1,8,121.397,1,8,-9900,?,9,-9900,?,9,20.87,E,8,18.81,E,8,89.0,E,8,872.5394,E,8,999.0,E,8,2.56,E,8,-9900,?,9,-9900,?,9,0.026000000000000002,E,8,-9900,?,9,-9900,?,9,0.26,99.0,E,8
04/16/2017,17:00,331.645,1356.066,115.15,1,8,84.956,1,8,94.466,1,8,13818.0,1,8,8070.835,1,8,10391.269,1,8,123.506,1,8,-9900,?,9,-9900,?,9,20.57,E,8,18.61,E,8,94.0,E,8,872.5394,E,8,999.0,E,8,2.1,E,8,-9900,?,9,-9900,?,9,1.0210000000000001,E,8,-9900,?,9,-9900,?,9,10.21,99.0,E,8
04/16/2017,18:00,22.042,1356.066,18.38,1,8,0.0,1,8,18.38,1,8,2205.6,1,8,0.0,1,8,2021.8,1,8,646.635,1,8,-9900,?,9,-9900,?,9,19.99,E,8,18.22,E,8,90.0,E,8,872.5394,E,8,999.0,E,8,1.42,E,8,-9900,?,9,-9900,?,9,0.08499999999999999,E,8,-9900,?,9,-9900,?,9,0.85,99.0,E,8
04/16/2017,19:00,0.0,1356.066,0.0,1,8,0.0,1,8,0.0,1,8,0.0,1,8,0.0,1,8,0.0,1,8,-0.0,1,8,-9900,?,9,-9900,?,9,19.43,E,8,17.83,E,8,90.0,E,8,872.5394,E,8,999.0,E,8,2.11,E,8,-9900,?,9,-9900,?,9,0.051000000000000004,E,8,-9900,?,9,-9900,?,9,0.51,99.0,E,8
04/16/2017,20:00,0.0,1356.066,0.0,1,8,0.0,1,8,0.0,1,8,0.0,1,8,0.0,1,8,0.0,1,8,-0.0,1,8,-9900,?,9,-9900,?,9,18.87,E,8,17.43,E,8,91.0,E,8,872.5394,E,8,999.0,E,8,1.88,E,8,-9900,?,9,-9900,?,9,0.02,E,8,-9900,?,9,-9900,?,9,0.2,99.0,E,8
04/16/2017,21:00,0.0,1356.066,0.0,1,8,0.0,1,8,0.0,1,8,0.0,1,8,0.0,1,8,0.0,1,8,-0.0,1,8,-9900,?,9,-9900,?,9,18.3,E,8,17.01,E,8,91.0,E,8,872.5394,E,8,999.0,E,8,1.8,E,8,-9900,?,9,-9900,?,9,0.012,E,8,-9900,?,9,-9900,?,9,0.12,99.0,E,8
04/16/2017,22:00,0.0,1356.066,0.0,1,8,0.0,1,8,0.0,1,8,0.0,1,8,0.0,1,8,0.0,1,8,-0.0,1,8,-9900,?,9,-9900,?,9,17.74,E,8,16.59,E,8,91.0,E,8,872.5394,E,8,999.0,E,8,2.54,E,8,-9900,?,9,-9900,?,9,0.034999999999999996,E,8,-9900,?,9,-9900,?,9,0.35,99.0,E,8
04/16/2017,23:00,0.0,1356.066,0.0,1,8,0.0,1,8,0.0,1,8,0.0,1,8,0.0,1,8,0.0,1,8,-0.0,1,8,-9900,?,9,-9900,?,9,17.18,E,8,16.17,E,8,92.0,E,8,872.5394,E,8,999.0,E,8,3.81,E,8,-9900,?,9,-9900,?,9,0.009,E,8,-9900,?,9,-9900,?,9,0.09,99.0,E,8
04/16/2017,24:00,0.0,1356.066,0.0,1,8,0.0,1,8,0.0,1,8,0.0,1,8,0.0,1,8,0.0,1,8,-0.0,1,8,-9900,?,9,-9900,?,9,16.61,E,8,14.13,E,8,85.0,E,8,872.5394,E,8,999.0,E,8,0.43,E,8,-9900,?,9,-9900,?,9,0.0,E,8,-9900,?,9,-9900,?,9,0.0,0.0,E,8
04/17/2017,01:00,0.0,1356.066,0.0,1,8,0.0,1,8,0.0,1,8,0.0,1,8,0.0,1,8,0.0,1,8,-0.0,1,8,-9900,?,9,-9900,?,9,16.33,E,8,14.0,E,8,86.0,E,8,872.5394,E,8,999.0,E,8,0.34,E,8,-9900,?,9,-9900,?,9,0.0,E,8,-9900,?,9,-9900,?,9,0.0,0.0,E,8
04/17/2017,02:00,0.0,1356.066,0.0,1,8,0.0,1,8,0.0,1,8,0.0,1,8,0.0,1,8,0.0,1,8,-0.0,1,8,-9900,?,9,-9900,?,9,16.05,E,8,13.87,E,8,86.0,E,8,872.5394,E,8,999.0,E,8,0.37,E,8,-9900,?,9,-9900,?,9,0.0,E,8,-9900,?,9,-9900,?,9,0.0,0.0,E,8
04/17/2017,03:00,0.0,1356.066,0.0,1,8,0.0,1,8,0.0,1,8,0.0,1,8,0.0,1,8,0.0,1,8,-0.0,1,8,-9900,?,9,-9900,?,9,15.77,E,8,13.74,E,8,87.0,E,8,872.5394,E,8,999.0,E,8,0.34,E,8,-9900,?,9,-9900,?,9,0.0,E,8,-9900,?,9,-9900,?,9,0.0,0.0,E,8
04/17/2017,04:00,0.0,1355.29,0.0,1,8,0.0,1,8,0.0,1,8,0.0,1,8,0.0,1,8,0.0,1,8,-0.0,1,8,-9900,?,9,-9900,?,9,15.49,E,8,13.6,E,8,88.0,E,8,872.5394,E,8,999.0,E,8,0.45,E,8,-9900,?,9,-9900,?,9,0.0,E,8,-9900,?,9,-9900,?,9,0.0,0.0,E,8
04/17/2017,05:00,0.0,1355.29,0.0,1,8,0.0,1,8,0.0,1,8,0.0,1,8,0.0,1,8,0.0,1,8,-0.0,1,8,-9900,?,9,-9900,?,9,15.2,E,8,13.46,E,8,89.0,E,8,872.5394,E,8,999.0,E,8,0.36,E,8,-9900,?,9,-9900,?,9,0.0,E,8,-9900,?,9,-9900,?,9,0.0,0.0,E,8
04/17/2017,06:00,0.0,1355.29,0.0,1,8,0.0,1,8,0.0,1,8,0.0,1,8,0.0,1,8,0.0,1,8,-0.0,1,8,-9900,?,9,-9900,?,9,14.99,E,8,13.36,E,8,89.0,E,8,872.5394,E,8,999.0,E,8,0.34,E,8,-9900,?,9,-9900,?,9,0.0,E,8,-9900,?,9,-9900,?,9,0.0,0.0,E,8
04/17/2017,07:00,139.41,1355.29,0.0,1,8,0.0,1,8,0.0,1,8,0.0,1,8,0.0,1,8,0.0,1,8,0.0,1,8,-9900,?,9,-9900,?,9,14.8,E,8,13.27,E,8,90.0,E,8,872.5394,E,8,999.0,E,8,0.42,E,8,-9900,?,9,-9900,?,9,0.0,E,8,-9900,?,9,-9900,?,9,0.0,0.0,E,8
04/17/2017,08:00,445.748,1355.29,59.26,1,8,0.0,1,8,59.26,1,8,7111.2,1,8,0.0,1,8,6518.6,1,8,57.49,1,8,-9900,?,9,-9900,?,9,14.61,E,8,13.18,E,8,91.0,E,8,872.5394,E,8,999.0,E,8,0.64,E,8,-9900,?,9,-9900,?,9,0.0,E,8,-9900,?,9,-9900,?,9,0.0,0.0,E,8
04/17/2017,09:00,717.469,1355.29,222.2,1,8,20.632,1,8,211.286,1,8,26664.0,1,8,1960.076,1,8,23241.434,1,8,127.138,1,8,-9900,?,9,-9900,?,9,16.68,E,8,14.16,E,8,85.0,E,8,872.5394,E,8,999.0,E,8,0.96,E,8,-9900,?,9,-9900,?,9,0.0,E,8,-9900,?,9,-9900,?,9,0.0,0.0,E,8
04/17/2017,10:00,934.494,1355.29,543.23,1,8,291.254,1,8,342.471,1,8,65187.6,1,8,27669.129,1,8,37671.795,1,8,158.15,1,8,-9900,?,9,-9900,?,9,18.64,E,8,15.05,E,8,79.0,E,8,872.5394,E,8,999.0,E,8,1.46,E,8,-9900,?,9,-9900,?,9,0.0,E,8,-9900,?,9,-9900,?,9,0.0,0.0,E,8
04/17/2017,11:00,1081.836,1355.29,743.83,1,8,514.683,1,8,333.062,1,8,89259.6,1,8,48894.923,1,8,36636.84,1,8,132.837,1,8,-9900,?,9,-9900,?,9,20.36,E,8,15.78,E,8,74.0,E,8,872.5394,E,8,999.0,E,8,1.72,E,8,-9900,?,9,-9900,?,9,0.0,E,8,-9900,?,9,-9900,?,9,0.0,0.0,E,8
04/17/2017,12:00,1149.395,1355.29,887.66,1,8,700.17,1,8,293.928,1,8,106519.2,1,8,66516.126,1,8,32332.057,1,8,110.333,1,8,-9900,?,9,-9900,?,9,21.81,E,8,16.38,E,8,71.0,E,8,872.5394,E,8,999.0,E,8,2.47,E,8,-9900,?,9,-9900,?,9,0.0,E,8,-9900,?,9,-9900,?,9,0.0,0.0,E,8
04/17/2017,13:00,1132.551,1355.29,620.29,1,8,329.102,1,8,345.31,1,8,74434.8,1,8,31264.685,1,8,37984.118,1,8,131.549,1,8,-9900,?,9,-9900,?,9,22.13,E,8,16.51,E,8,70.0,E,8,872.5394,E,8,999.0,E,8,2.88,E,8,-9900,?,9,-9900,?,9,0.0,E,8,-9900,?,9,-9900,?,9,0.0,0.0,E,8
04/17/2017,14:00,1032.455,1355.29,441.1,1,8,83.176,1,8,377.751,1,8,52932.0,1,8,7901.695,1,8,41552.555,1,8,157.873,1,8,-9900,?,9,-9900,?,9,21.87,E,8,16.41,E,8,71.0,E,8,872.5394,E,8,999.0,E,8,3.34,E,8,-9900,?,9,-9900,?,9,0.0,E,8,-9900,?,9,-9900,?,9,0.0,0.0,E,8
04/17/2017,15:00,855.956,1355.29,456.07,1,8,217.046,1,8,319.051,1,8,54728.4,1,8,20619.411,1,8,35095.648,1,8,160.873,1,8,-9900,?,9,-9900,?,9,21.73,E,8,16.35,E,8,71.0,E,8,872.5394,E,8,999.0,E,8,2.78,E,8,-9900,?,9,-9900,?,9,0.0,E,8,-9900,?,9,-9900,?,9,0.0,0.0,E,8
04/17/2017,16:00,615.169,1355.29,135.22,1,8,0.0,1,8,135.22,1,8,16226.4,1,8,0.0,1,8,14874.2,1,8,94.933,1,8,-9900,?,9,-9900,?,9,20.73,E,8,15.94,E,8,74.0,E,8,872.5394,E,8,999.0,E,8,1.53,E,8,-9900,?,9,-9900,?,9,0.0,E,8,-9900,?,9,-9900,?,9,0.0,0.0,E,8
04/17/2017,17:00,326.879,1355.29,68.17,1,8,0.0,1,8,68.17,1,8,8180.4,1,8,0.0,1,8,7498.7,1,8,90.386,1,8,-9900,?,9,-9900,?,9,19.76,E,8,15.53,E,8,76.0,E,8,872.5394,E,8,999.0,E,8,0.93,E,8,-9900,?,9,-9900,?,9,0.0,E,8,-9900,?,9,-9900,?,9,0.0,0.0,E,8
04/17/2017,18:00,18.256,1355.29,39.2,1,8,0.0,1,8,39.2,1,8,4704.0,1,8,0.0,1,8,4312.0,1,8,2124.915,1,8,-9900,?,9,-9900,?,9,18.9,E,8,15.16,E,8,78.0,E,8,872.5394,E,8,999.0,E,8,0.63,E,8,-9900,?,9,-9900,?,9,0.0,E,8,-9900,?,9,-9900,?,9,0.0,0.0,E,8
04/17/2017,19:00,0.0,1355.29,0.0,1,8,0.0,1,8,0.0,1,8,0.0,1,8,0.0,1,8,0.0,1,8,-0.0,1,8,-9900,?,9,-9900,?,9,18.39,E,8,14.94,E,8,80.0,E,8,872.5394,E,8,999.0,E,8,0.38,E,8,-9900,?,9,-9900,?,9,0.0,E,8,-9900,?,9,-9900,?,9,0.0,0.0,E,8
04/17/2017,20:00,0.0,1355.29,0.0,1,8,0.0,1,8,0.0,1,8,0.0,1,8,0.0,1,8,0.0,1,8,-0.0,1,8,-9900,?,9,-9900,?,9,17.88,E,8,14.71,E,8,81.0,E,8,872.5394,E,8,999.0,E,8,0.34,E,8,-9900,?,9,-9900,?,9,0.0,E,8,-9900,?,9,-9900,?,9,0.0,0.0,E,8
04/17/2017,21:00,0.0,1355.29,0.0,1,8,0.0,1,8,0.0,1,8,0.0,1,8,0.0,1,8,0.0,1,8,-0.0,1,8,-9900,?,9,-9900,?,9,17.36,E,8,14.47,E,8,83.0,E,8,872.5394,E,8,999.0,E,8,0.34,E,8,-9900,?,9,-9900,?,9,0.0,E,8,-9900,?,9,-9900,?,9,0.0,0.0,E,8
04/17/2017,22:00,0.0,1355.29,0.0,1,8,0.0,1,8,0.0,1,8,0.0,1,8,0.0,1,8,0.0,1,8,-0.0,1,8,-9900,?,9,-9900,?,9,16.85,E,8,14.24,E,8,84.0,E,8,872.5394,E,8,999.0,E,8,0.34,E,8,-9900,?,9,-9900,?,9,0.0,E,8,-9900,?,9,-9900,?,9,0.0,0.0,E,8
04/17/2017,23:00,0.0,1355.29,0.0,1,8,0.0,1,8,0.0,1,8,0.0,1,8,0.0,1,8,0.0,1,8,-0.0,1,8,-9900,?,9,-9900,?,9,16.34,E,8,14.0,E,8,86.0,E,8,872.5394,E,8,999.0,E,8,0.34,E,8,-9900,?,9,-9900,?,9,0.0,E,8,-9900,?,9,-9900,?,9,0.0,0.0,E,8
04/17/2017,24:00,0.0,1355.29,0.0,1,8,0.0,1,8,0.0,1,8,0.0,1,8,0.0,1,8,0.0,1,8,-0.0,1,8,-9900,?,9,-9900,?,9,15.82,E,8,14.46,E,8,91.0,E,8,872.5394,E,8,999.0,E,8,0.36,E,8,-9900,?,9,-9900,?,9,0.0,E,8,-9900,?,9,-9900,?,9,0.0,0.0,E,8
04/18/2017,01:00,0.0,1355.29,0.0,1,8,0.0,1,8,0.0,1,8,0.0,1,8,0.0,1,8,0.0,1,8,-0.0,1,8,-9900,?,9,-9900,?,9,15.57,E,8,14.39,E,8,92.0,E,8,872.5394,E,8,999.0,E,8,0.36,E,8,-9900,?,9,-9900,?,9,0.0,E,8,-9900,?,9,-9900,?,9,0.0,0.0,E,8
04/18/2017,02:00,0.0,1355.29,0.0,1,8,0.0,1,8,0.0,1,8,0.0,1,8,0.0,1,8,0.0,1,8,-0.0,1,8,-9900,?,9,-9900,?,9,15.31,E,8,14.32,E,8,93.0,E,8,872.5394,E,8,999.0,E,8,0.36,E,8,-9900,?,9,-9900,?,9,0.0,E,8,-9900,?,9,-9900,?,9,0.0,0.0,E,8
04/18/2017,03:00,0.0,1355.29,0.0,1,8,0.0,1,8,0.0,1,8,0.0,1,8,0.0,1,8,0.0,1,8,-0.0,1,8,-9900,?,9,-9900,?,9,15.05,E,8,14.26,E,8,94.0,E,8,872.5394,E,8,999.0,E,8,0.36,E,8,-9900,?,9,-9900,?,9,0.0,E,8,-9900,?,9,-9900,?,9,0.0,0.0,E,8
04/18/2017,04:00,0.0,1354.519,0.0,1,8,0.0,1,8,0.0,1,8,0.0,1,8,0.0,1,8,0.0,1,8,-0.0,1,8,-9900,?,9,-9900,?,9,14.8,E,8,14.19,E,8,96.0,E,8,872.5394,E,8,999.0,E,8,0.36,E,8,-9900,?,9,-9900,?,9,0.0,E,8,-9900,?,9,-9900,?,9,0.0,0.0,E,8
04/18/2017,05:00,0.0,1354.519,0.0,1,8,0.0,1,8,0.0,1,8,0.0,1,8,0.0,1,8,0.0,1,8,-0.0,1,8,-9900,?,9,-9900,?,9,14.54,E,8,14.12,E,8,97.0,E,8,872.5394,E,8,999.0,E,8,0.36,E,8,-9900,?,9,-9900,?,9,0.0,E,8,-9900,?,9,-9900,?,9,0.0,0.0,E,8
04/18/2017,06:00,0.0,1354.519,0.0,1,8,0.0,1,8,0.0,1,8,0.0,1,8,0.0,1,8,0.0,1,8,-0.0,1,8,-9900,?,9,-9900,?,9,14.34,E,8,14.06,E,8,98.0,E,8,872.5394,E,8,999.0,E,8,0.36,E,8,-9900,?,9,-9900,?,9,0.0,E,8,-9900,?,9,-9900,?,9,0.0,0.0,E,8
04/18/2017,07:00,137.39,1354.519,0.0,1,8,0.0,1,8,0.0,1,8,0.0,1,8,0.0,1,8,0.0,1,8,0.0,1,8,-9900,?,9,-9900,?,9,14.17,E,8,14.02,E,8,98.0,E,8,872.5394,E,8,999.0,E,8,0.36,E,8,-9900,?,9,-9900,?,9,0.0,E,8,-9900,?,9,-9900,?,9,0.0,0.0,E,8
04/18/2017,08:00,443.066,1354.519,112.06,1,8,3.576,1,8,110.893,1,8,13447.2,1,8,339.7,1,8,12198.25,1,8,108.174,1,8,-9900,?,9,-9900,?,9,14.0,E,8,13.97,E,8,99.0,E,8,872.5394,E,8,999.0,E,8,0.36,E,8,-9900,?,9,-9900,?,9,0.0,E,8,-9900,?,9,-9900,?,9,0.0,0.0,E,8
04/18/2017,09:00,714.14,1354.519,238.81,1,8,20.672,1,8,227.919,1,8,28657.2,1,8,1963.879,1,8,25071.115,1,8,137.709,1,8,-9900,?,9,-9900,?,9,17.59,E,8,14.92,E,8,84.0,E,8,872.5394,E,8,999.0,E,8,0.36,E,8,-9900,?,9,-9900,?,9,0.0,E,8,-9900,?,9,-9900,?,9,0.0,0.0,E,8
04/18/2017,10:00,930.551,1354.519,370.7,1,8,60.583,1,8,329.093,1,8,44484.0,1,8,5755.371,1,8,36200.275,1,8,152.531,1,8,-9900,?,9,-9900,?,9,18.92,E,8,15.26,E,8,79.0,E,8,872.5394,E,8,999.0,E,8,0.36,E,8,-9900,?,9,-9900,?,9,0.0,E,8,-9900,?,9,-9900,?,9,0.0,0.0,E,8
04/18/2017,11:00,1077.353,1354.519,470.09,1,8,127.901,1,8,368.378,1,8,56410.8,1,8,12150.617,1,8,40521.546,1,8,147.45,1,8,-9900,?,9,-9900,?,9,20.1,E,8,15.56,E,8,75.0,E,8,872.5394,E,8,999.0,E,8,0.56,E,8,-9900,?,9,-9900,?,9,0.0,E,8,-9900,?,9,-9900,?,9,0.0,0.0,E,8
04/18/2017,12:00,1144.484,1354.519,528.89,1,8,152.827,1,8,399.776,1,8,63466.8,1,8,14518.551,1,8,43975.372,1,8,150.624,1,8,-9900,?,9,-9900,?,9,21.04,E,8,15.79,E,8,71.0,E,8,872.5394,E,8,999.0,E,8,0.65,E,8,-9900,?,9,-9900,?,9,0.0,E,8,-9900,?,9,-9900,?,9,0.0,0.0,E,8
04/18/2017,13:00,1127.351,1354.519,542.65,1,8,182.668,1,8,390.637,1,8,65118.0,1,8,17353.459,1,8,42970.108,1,8,149.419,1,8,-9900,?,9,-9900,?,9,21.72,E,8,15.95,E,8,69.0,E,8,872.5394,E,8,999.0,E,8,1.58,E,8,-9900,?,9,-9900,?,9,0.0,E,8,-9900,?,9,-9900,?,9,0.0,0.0,E,8
04/18/2017,14:00,1027.126,1354.519,510.36,1,8,144.959,1,8,400.462,1,8,61243.2,1,8,13771.1,1,8,44050.836,1,8,168.139,1,8,-9900,?,9,-9900,?,9,22.11,E,8,16.05,E,8,68.0,E,8,872.5394,E,8,999.0,E,8,2.22,E,8,-9900,?,9,-9900,?,9,0.0,E,8,-9900,?,9,-9900,?,9,0.0,0.0,E,8
04/18/2017,15:00,850.668,1354.519,434.42,1,8,175.854,1,8,324.029,1,8,52130.4,1,8,16706.149,1,8,35643.24,1,8,164.307,1,8,-9900,?,9,-9900,?,9,22.2,E,8,16.07,E,8,68.0,E,8,872.5394,E,8,999.0,E,8,2.37,E,8,-9900,?,9,-9900,?,9,0.0,E,8,-9900,?,9,-9900,?,9,0.0,0.0,E,8
04/18/2017,16:00,610.09,1354.519,320.66,1,8,279.384,1,8,194.967,1,8,38479.2,1,8,26541.468,1,8,21446.36,1,8,137.943,1,8,-9900,?,9,-9900,?,9,21.89,E,8,16.0,E,8,69.0,E,8,872.5394,E,8,999.0,E,8,2.46,E,8,-9900,?,9,-9900,?,9,0.0,E,8,-9900,?,9,-9900,?,9,0.0,0.0,E,8
04/18/2017,17:00,322.173,1354.519,103.4,1,8,60.2,1,8,89.149,1,8,12408.0,1,8,5719.041,1,8,9806.437,1,8,119.877,1,8,-9900,?,9,-9900,?,9,20.89,E,8,15.75,E,8,72.0,E,8,872.5394,E,8,999.0,E,8,1.98,E,8,-9900,?,9,-9900,?,9,0.0,E,8,-9900,?,9,-9900,?,9,0.0,0.0,E,8
04/18/2017,18:00,14.569,1354.519,40.96,1,8,0.0,1,8,40.96,1,8,4915.2,1,8,0.0,1,8,4505.6,1,8,4751.393,1,8,-9900,?,9,-9900,?,9,19.87,E,8,15.5,E,8,75.0,E,8,872.5394,E,8,999.0,E,8,1.49,E,8,-9900,?,9,-9900,?,9,0.0,E,8,-9900,?,9,-9900,?,9,0.0,0.0,E,8
04/18/2017,19:00,0.0,1354.519,0.0,1,8,0.0,1,8,0.0,1,8,0.0,1,8,0.0,1,8,0.0,1,8,-0.0,1,8,-9900,?,9,-9900,?,9,19.21,E,8,15.34,E,8,78.0,E,8,872.5394,E,8,999.0,E,8,0.63,E,8,-9900,?,9,-9900,?,9,0.0,E,8,-9900,?,9,-9900,?,9,0.0,0.0,E,8
04/18/2017,20:00,0.0,1354.519,0.0,1,8,0.0,1,8,0.0,1,8,0.0,1,8,0.0,1,8,0.0,1,8,-0.0,1,8,-9900,?,9,-9900,?,9,18.56,E,8,15.17,E,8,80.0,E,8,872.5394,E,8,999.0,E,8,0.48,E,8,-9900,?,9,-9900,?,9,0.0,E,8,-9900,?,9,-9900,?,9,0.0,0.0,E,8
04/18/2017,21:00,0.0,1354.519,0.0,1,8,0.0,1,8,0.0,1,8,0.0,1,8,0.0,1,8,0.0,1,8,-0.0,1,8,-9900,?,9,-9900,?,9,17.9,E,8,15.0,E,8,83.0,E,8,872.5394,E,8,999.0,E,8,0.36,E,8,-9900,?,9,-9900,?,9,0.0,E,8,-9900,?,9,-9900,?,9,0.0,0.0,E,8
04/18/2017,22:00,0.0,1354.519,0.0,1,8,0.0,1,8,0.0,1,8,0.0,1,8,0.0,1,8,0.0,1,8,-0.0,1,8,-9900,?,9,-9900,?,9,17.24,E,8,14.83,E,8,85.0,E,8,872.5394,E,8,999.0,E,8,0.36,E,8,-9900,?,9,-9900,?,9,0.0,E,8,-9900,?,9,-9900,?,9,0.0,0.0,E,8
04/18/2017,23:00,0.0,1354.519,0.0,1,8,0.0,1,8,0.0,1,8,0.0,1,8,0.0,1,8,0.0,1,8,-0.0,1,8,-9900,?,9,-9900,?,9,16.58,E,8,14.66,E,8,88.0,E,8,872.5394,E,8,999.0,E,8,0.36,E,8,-9900,?,9,-9900,?,9,0.0,E,8,-9900,?,9,-9900,?,9,0.0,0.0,E,8
04/18/2017,24:00,0.0,1354.519,0.0,1,8,0.0,1,8,0.0,1,8,0.0,1,8,0.0,1,8,0.0,1,8,-0.0,1,8,-9900,?,9,-9900,?,9,15.92,E,8,13.51,E,8,85.0,E,8,872.5394,E,8,999.0,E,8,0.52,E,8,-9900,?,9,-9900,?,9,0.001,E,8,-9900,?,9,-9900,?,9,0.01,99.0,E,8
04/19/2017,01:00,0.0,1354.519,0.0,1,8,0.0,1,8,0.0,1,8,0.0,1,8,0.0,1,8,0.0,1,8,-0.0,1,8,-9900,?,9,-9900,?,9,15.59,E,8,13.43,E,8,82.0,E,8,872.5394,E,8,999.0,E,8,0.52,E,8,-9900,?,9,-9900,?,9,0.0,E,8,-9900,?,9,-9900,?,9,0.0,0.0,E,8
04/19/2017,02:00,0.0,1354.519,0.0,1,8,0.0,1,8,0.0,1,8,0.0,1,8,0.0,1,8,0.0,1,8,-0.0,1,8,-9900,?,9,-9900,?,9,15.27,E,8,13.34,E,8,84.0,E,8,872.5394,E,8,999.0,E,8,0.52,E,8,-9900,?,9,-9900,?,9,0.0,E,8,-9900,?,9,-9900,?,9,0.0,0.0,E,8
04/19/2017,03:00,0.0,1354.519,0.0,1,8,0.0,1,8,0.0,1,8,0.0,1,8,0.0,1,8,0.0,1,8,-0.0,1,8,-9900,?,9,-9900,?,9,14.94,E,8,13.25,E,8,85.0,E,8,872.5394,E,8,999.0,E,8,0.52,E,8,-9900,?,9,-9900,?,9,0.0,E,8,-9900,?,9,-9900,?,9,0.0,0.0,E,8
04/19/2017,04:00,0.0,1353.752,0.0,1,8,0.0,1,8,0.0,1,8,0.0,1,8,0.0,1,8,0.0,1,8,-0.0,1,8,-9900,?,9,-9900,?,9,14.61,E,8,13.16,E,8,86.0,E,8,872.5394,E,8,999.0,E,8,0.52,E,8,-9900,?,9,-9900,?,9,0.0,E,8,-9900,?,9,-9900,?,9,0.0,0.0,E,8
04/19/2017,05:00,0.0,1353.752,0.0,1,8,0.0,1,8,0.0,1,8,0.0,1,8,0.0,1,8,0.0,1,8,-0.0,1,8,-9900,?,9,-9900,?,9,14.28,E,8,13.07,E,8,95.0,E,8,872.5394,E,8,999.0,E,8,0.52,E,8,-9900,?,9,-9900,?,9,0.28300000000000003,E,8,-9900,?,9,-9900,?,9,2.83,99.0,E,8
04/19/2017,06:00,0.0,1353.752,0.0,1,8,0.0,1,8,0.0,1,8,0.0,1,8,0.0,1,8,0.0,1,8,-0.0,1,8,-9900,?,9,-9900,?,9,14.02,E,8,12.99,E,8,88.0,E,8,872.5394,E,8,999.0,E,8,0.52,E,8,-9900,?,9,-9900,?,9,0.0,E,8,-9900,?,9,-9900,?,9,0.0,0.0,E,8
04/19/2017,07:00,135.357,1353.752,0.0,1,8,0.0,1,8,0.0,1,8,0.0,1,8,0.0,1,8,0.0,1,8,0.0,1,8,-9900,?,9,-9900,?,9,13.81,E,8,12.93,E,8,89.0,E,8,872.5394,E,8,999.0,E,8,0.52,E,8,-9900,?,9,-9900,?,9,0.0,E,8,-9900,?,9,-9900,?,9,0.0,0.0,E,8
04/19/2017,08:00,440.365,1353.752,82.61,1,8,0.0,1,8,82.61,1,8,9913.2,1,8,0.0,1,8,9087.1,1,8,81.035,1,8,-9900,?,9,-9900,?,9,13.59,E,8,12.87,E,8,89.0,E,8,872.5394,E,8,999.0,E,8,0.52,E,8,-9900,?,9,-9900,?,9,0.0,E,8,-9900,?,9,-9900,?,9,0.0,0.0,E,8
04/19/2017,09:00,710.791,1353.752,221.4,1,8,20.587,1,8,210.599,1,8,26568.0,1,8,1955.776,1,8,23165.89,1,8,127.773,1,8,-9900,?,9,-9900,?,9,16.8,E,8,13.75,E,8,83.0,E,8,872.5394,E,8,999.0,E,8,0.52,E,8,-9900,?,9,-9900,?,9,0.011,E,8,-9900,?,9,-9900,?,9,0.11,99.0,E,8
04/19/2017,10:00,926.592,1353.752,344.05,1,8,64.924,1,8,299.627,1,8,41286.0,1,8,6167.812,1,8,32958.921,1,8,139.388,1,8,-9900,?,9,-9900,?,9,18.15,E,8,14.11,E,8,79.0,E,8,872.5394,E,8,999.0,E,8,0.52,E,8,-9900,?,9,-9900,?,9,0.002,E,8,-9900,?,9,-9900,?,9,0.02,99.0,E,8
04/19/2017,11:00,1072.861,1353.752,436.44,1,8,96.787,1,8,359.749,1,8,52372.8,1,8,9194.744,1,8,39572.386,1,8,144.518,1,8,-9900,?,9,-9900,?,9,19.31,E,8,14.41,E,8,71.0,E,8,872.5394,E,8,999.0,E,8,0.52,E,8,-9900,?,9,-9900,?,9,0.0,E,8,-9900,?,9,-9900,?,9,0.0,0.0,E,8
04/19/2017,12:00,1139.571,1353.752,491.01,1,8,115.514,1,8,393.784,1,8,58921.2,1,8,10973.833,1,8,43316.187,1,8,148.922,1,8,-9900,?,9,-9900,?,9,20.24,E,8,14.64,E,8,69.0,E,8,872.5394,E,8,999.0,E,8,0.59,E,8,-9900,?,9,-9900,?,9,0.0,E,8,-9900,?,9,-9900,?,9,0.0,0.0,E,8
04/19/2017,13:00,1122.161,1353.752,503.66,1,8,138.082,1,8,389.216,1,8,60439.2,1,8,13117.77,1,8,42813.725,1,8,149.48,1,8,-9900,?,9,-9900,?,9,20.9,E,8,14.81,E,8,67.0,E,8,872.5394,E,8,999.0,E,8,1.22,E,8,-9900,?,9,-9900,?,9,0.0,E,8,-9900,?,9,-9900,?,9,0.0,0.0,E,8
04/19/2017,14:00,1021.82,1353.752,473.46,1,8,109.97,1,8,390.473,1,8,56815.2,1,8,10447.137,1,8,42951.977,1,8,164.703,1,8,-9900,?,9,-9900,?,9,21.29,E,8,14.91,E,8,66.0,E,8,872.5394,E,8,999.0,E,8,1.66,E,8,-9900,?,9,-9900,?,9,0.0,E,8,-9900,?,9,-9900,?,9,0.0,0.0,E,8
04/19/2017,15:00,845.416,1353.752,402.63,1,8,143.776,1,8,312.883,1,8,48315.6,1,8,13658.717,1,8,34417.164,1,8,159.551,1,8,-9900,?,9,-9900,?,9,21.39,E,8,14.93,E,8,66.0,E,8,872.5394,E,8,999.0,E,8,2.23,E,8,-9900,?,9,-9900,?,9,0.0,E,8,-9900,?,9,-9900,?,9,0.0,0.0,E,8
04/19/2017,16:00,605.061,1353.752,296.64,1,8,217.841,1,8,199.39,1,8,35596.8,1,8,20694.889,1,8,21932.865,1,8,142.168,1,8,-9900,?,9,-9900,?,9,21.1,E,8,14.86,E,8,71.0,E,8,872.5394,E,8,999.0,E,8,2.14,E,8,-9900,?,9,-9900,?,9,0.004,E,8,-9900,?,9,-9900,?,9,0.04,99.0,E,8
04/19/2017,17:00,317.528,1353.752,164.9,1,8,428.825,1,8,64.81,1,8,19788.0,1,8,40738.415,1,8,7129.059,1,8,88.385,1,8,-9900,?,9,-9900,?,9,20.39,E,8,14.68,E,8,69.0,E,8,872.5394,E,8,999.0,E,8,1.76,E,8,-9900,?,9,-9900,?,9,0.0,E,8,-9900,?,9,-9900,?,9,0.0,0.0,E,8
04/19/2017,18:00,10.981,1353.752,30.3,1,8,0.0,1,8,0.0,1,8,3636.0,1,8,0.0,1,8,0.0,1,8,-0.0,1,8,-9900,?,9,-9900,?,9,19.38,E,8,14.43,E,8,71.0,E,8,872.5394,E,8,999.0,E,8,0.95,E,8,-9900,?,9,-9900,?,9,0.0,E,8,-9900,?,9,-9900,?,9,0.0,0.0,E,8
04/19/2017,19:00,0.0,1353.752,0.0,1,8,0.0,1,8,0.0,1,8,0.0,1,8,0.0,1,8,0.0,1,8,-0.0,1,8,-9900,?,9,-9900,?,9,18.8,E,8,14.28,E,8,73.0,E,8,872.5394,E,8,999.0,E,8,0.52,E,8,-9900,?,9,-9900,?,9,0.0,E,8,-9900,?,9,-9900,?,9,0.0,0.0,E,8
04/19/2017,20:00,0.0,1353.752,0.0,1,8,0.0,1,8,0.0,1,8,0.0,1,8,0.0,1,8,0.0,1,8,-0.0,1,8,-9900,?,9,-9900,?,9,18.22,E,8,14.13,E,8,74.0,E,8,872.5394,E,8,999.0,E,8,0.52,E,8,-9900,?,9,-9900,?,9,0.0,E,8,-9900,?,9,-9900,?,9,0.0,0.0,E,8
04/19/2017,21:00,0.0,1353.752,0.0,1,8,0.0,1,8,0.0,1,8,0.0,1,8,0.0,1,8,0.0,1,8,-0.0,1,8,-9900,?,9,-9900,?,9,17.64,E,8,13.97,E,8,76.0,E,8,872.5394,E,8,999.0,E,8,0.52,E,8,-9900,?,9,-9900,?,9,0.0,E,8,-9900,?,9,-9900,?,9,0.0,0.0,E,8
04/19/2017,22:00,0.0,1353.752,0.0,1,8,0.0,1,8,0.0,1,8,0.0,1,8,0.0,1,8,0.0,1,8,-0.0,1,8,-9900,?,9,-9900,?,9,17.06,E,8,13.82,E,8,78.0,E,8,872.5394,E,8,999.0,E,8,0.52,E,8,-9900,?,9,-9900,?,9,0.0,E,8,-9900,?,9,-9900,?,9,0.0,0.0,E,8
04/19/2017,23:00,0.0,1353.752,0.0,1,8,0.0,1,8,0.0,1,8,0.0,1,8,0.0,1,8,0.0,1,8,-0.0,1,8,-9900,?,9,-9900,?,9,16.48,E,8,13.67,E,8,80.0,E,8,872.5394,E,8,999.0,E,8,0.52,E,8,-9900,?,9,-9900,?,9,0.0,E,8,-9900,?,9,-9900,?,9,0.0,0.0,E,8
04/19/2017,24:00,0.0,1353.752,0.0,1,8,0.0,1,8,0.0,1,8,0.0,1,8,0.0,1,8,0.0,1,8,-0.0,1,8,-9900,?,9,-9900,?,9,15.91,E,8,14.29,E,8,90.0,E,8,872.5394,E,8,999.0,E,8,0.17,E,8,-9900,?,9,-9900,?,9,0.0,E,8,-9900,?,9,-9900,?,9,0.0,0.0,E,8
04/20/2017,01:00,0.0,1353.752,0.0,1,8,0.0,1,8,0.0,1,8,0.0,1,8,0.0,1,8,0.0,1,8,-0.0,1,8,-9900,?,9,-9900,?,9,15.62,E,8,14.22,E,8,91.0,E,8,872.5394,E,8,999.0,E,8,0.17,E,8,-9900,?,9,-9900,?,9,0.0,E,8,-9900,?,9,-9900,?,9,0.0,0.0,E,8
04/20/2017,02:00,0.0,1353.752,0.0,1,8,0.0,1,8,0.0,1,8,0.0,1,8,0.0,1,8,0.0,1,8,-0.0,1,8,-9900,?,9,-9900,?,9,15.33,E,8,14.16,E,8,92.0,E,8,872.5394,E,8,999.0,E,8,0.17,E,8,-9900,?,9,-9900,?,9,0.0,E,8,-9900,?,9,-9900,?,9,0.0,0.0,E,8
04/20/2017,03:00,0.0,1353.752,0.0,1,8,0.0,1,8,0.0,1,8,0.0,1,8,0.0,1,8,0.0,1,8,-0.0,1,8,-9900,?,9,-9900,?,9,15.04,E,8,14.09,E,8,94.0,E,8,872.5394,E,8,999.0,E,8,0.17,E,8,-9900,?,9,-9900,?,9,0.0,E,8,-9900,?,9,-9900,?,9,0.0,0.0,E,8
04/20/2017,04:00,0.0,1352.99,0.0,1,8,0.0,1,8,0.0,1,8,0.0,1,8,0.0,1,8,0.0,1,8,-0.0,1,8,-9900,?,9,-9900,?,9,14.75,E,8,14.03,E,8,95.0,E,8,872.5394,E,8,999.0,E,8,0.17,E,8,-9900,?,9,-9900,?,9,0.0,E,8,-9900,?,9,-9900,?,9,0.0,0.0,E,8
04/20/2017,05:00,0.0,1352.99,0.0,1,8,0.0,1,8,0.0,1,8,0.0,1,8,0.0,1,8,0.0,1,8,-0.0,1,8,-9900,?,9,-9900,?,9,14.46,E,8,13.96,E,8,96.0,E,8,872.5394,E,8,999.0,E,8,0.17,E,8,-9900,?,9,-9900,?,9,0.0,E,8,-9900,?,9,-9900,?,9,0.0,0.0,E,8
04/20/2017,06:00,0.0,1352.99,0.0,1,8,0.0,1,8,0.0,1,8,0.0,1,8,0.0,1,8,0.0,1,8,-0.0,1,8,-9900,?,9,-9900,?,9,14.24,E,8,13.91,E,8,97.0,E,8,872.5394,E,8,999.0,E,8,0.22,E,8,-9900,?,9,-9900,?,9,0.0,E,8,-9900,?,9,-9900,?,9,0.0,0.0,E,8
04/20/2017,07:00,133.31,1352.99,0.0,1,8,0.0,1,8,0.0,1,8,0.0,1,8,0.0,1,8,0.0,1,8,0.0,1,8,-9900,?,9,-9900,?,9,14.04,E,8,13.86,E,8,98.0,E,8,872.5394,E,8,999.0,E,8,0.17,E,8,-9900,?,9,-9900,?,9,0.0,E,8,-9900,?,9,-9900,?,9,0.0,0.0,E,8
04/20/2017,08:00,437.645,1352.99,210.3,1,8,241.673,1,8,132.321,1,8,25236.0,1,8,22958.893,1,8,14555.291,1,8,130.535,1,8,-9900,?,9,-9900,?,9,13.85,E,8,13.82,E,8,99.0,E,8,872.5394,E,8,999.0,E,8,0.18,E,8,-9900,?,9,-9900,?,9,0.0,E,8,-9900,?,9,-9900,?,9,0.0,0.0,E,8
04/20/2017,09:00,707.424,1352.99,386.08,1,8,322.825,1,8,217.419,1,8,46329.6,1,8,30668.406,1,8,23916.073,1,8,132.465,1,8,-9900,?,9,-9900,?,9,19.9,E,8,15.15,E,8,74.0,E,8,872.5394,E,8,999.0,E,8,0.5,E,8,-9900,?,9,-9900,?,9,0.0,E,8,-9900,?,9,-9900,?,9,0.0,0.0,E,8
04/20/2017,10:00,922.619,1352.99,442.31,1,8,135.434,1,8,349.987,1,8,53077.2,1,8,12866.219,1,8,38498.608,1,8,163.426,1,8,-9900,?,9,-9900,?,9,20.88,E,8,15.36,E,8,70.0,E,8,872.5394,E,8,999.0,E,8,0.54,E,8,-9900,?,9,-9900,?,9,0.0,E,8,-9900,?,9,-9900,?,9,0.0,0.0,E,8
04/20/2017,11:00,1068.361,1352.99,137.46,1,8,3.119,1,8,134.998,1,8,16495.2,1,8,296.26,1,8,14849.775,1,8,54.429,1,8,-9900,?,9,-9900,?,9,19.82,E,8,15.13,E,8,74.0,E,8,872.5394,E,8,999.0,E,8,0.54,E,8,-9900,?,9,-9900,?,9,0.0,E,8,-9900,?,9,-9900,?,9,0.0,0.0,E,8
04/20/2017,12:00,1134.661,1352.99,531.97,1,8,175.701,1,8,384.639,1,8,63836.4,1,8,16691.627,1,8,42310.341,1,8,146.011,1,8,-9900,?,9,-9900,?,9,20.78,E,8,15.34,E,8,70.0,E,8,872.5394,E,8,999.0,E,8,0.71,E,8,-9900,?,9,-9900,?,9,0.0,E,8,-9900,?,9,-9900,?,9,0.0,0.0,E,8
04/20/2017,13:00,1116.985,1352.99,545.55,1,8,194.887,1,8,384.68,1,8,65466.0,1,8,18514.276,1,8,42314.755,1,8,148.339,1,8,-9900,?,9,-9900,?,9,21.47,E,8,15.48,E,8,68.0,E,8,872.5394,E,8,999.0,E,8,1.32,E,8,-9900,?,9,-9900,?,9,0.0,E,8,-9900,?,9,-9900,?,9,0.0,0.0,E,8
04/20/2017,14:00,1016.541,1352.99,512.57,1,8,154.666,1,8,396.391,1,8,61508.4,1,8,14693.304,1,8,43603.005,1,8,167.974,1,8,-9900,?,9,-9900,?,9,21.87,E,8,15.56,E,8,67.0,E,8,872.5394,E,8,999.0,E,8,1.48,E,8,-9900,?,9,-9900,?,9,0.0,E,8,-9900,?,9,-9900,?,9,0.0,0.0,E,8
04/20/2017,15:00,840.205,1352.99,435.5,1,8,187.53,1,8,319.099,1,8,52260.0,1,8,17815.32,1,8,35100.861,1,8,163.639,1,8,-9900,?,9,-9900,?,9,21.97,E,8,15.58,E,8,67.0,E,8,872.5394,E,8,999.0,E,8,1.65,E,8,-9900,?,9,-9900,?,9,0.0,E,8,-9900,?,9,-9900,?,9,0.0,0.0,E,8
04/20/2017,16:00,600.084,1352.99,320.26,1,8,297.486,1,8,188.475,1,8,38431.2,1,8,28261.153,1,8,20732.251,1,8,135.427,1,8,-9900,?,9,-9900,?,9,21.67,E,8,15.52,E,8,68.0,E,8,872.5394,E,8,999.0,E,8,1.4,E,8,-9900,?,9,-9900,?,9,0.0,E,8,-9900,?,9,-9900,?,9,0.0,0.0,E,8
04/20/2017,17:00,312.948,1352.99,177.13,1,8,517.5,1,8,58.035,1,8,21255.6,1,8,49162.459,1,8,6383.831,1,8,80.27,1,8,-9900,?,9,-9900,?,9,20.93,E,8,15.37,E,8,70.0,E,8,872.5394,E,8,999.0,E,8,1.51,E,8,-9900,?,9,-9900,?,9,0.0,E,8,-9900,?,9,-9900,?,9,0.0,0.0,E,8
04/20/2017,18:00,7.492,1352.99,31.42,1,8,0.0,1,8,0.0,1,8,3770.4,1,8,0.0,1,8,0.0,1,8,-0.0,1,8,-9900,?,9,-9900,?,9,19.87,E,8,15.14,E,8,74.0,E,8,872.5394,E,8,999.0,E,8,1.49,E,8,-9900,?,9,-9900,?,9,0.0,E,8,-9900,?,9,-9900,?,9,0.0,0.0,E,8
04/20/2017,19:00,0.0,1352.99,0.0,1,8,0.0,1,8,0.0,1,8,0.0,1,8,0.0,1,8,0.0,1,8,-0.0,1,8,-9900,?,9,-9900,?,9,19.24,E,8,15.01,E,8,81.0,E,8,872.5394,E,8,999.0,E,8,1.5,E,8,-9900,?,9,-9900,?,9,0.002,E,8,-9900,?,9,-9900,?,9,0.02,99.0,E,8
04/20/2017,20:00,0.0,1352.99,0.0,1,8,0.0,1,8,0.0,1,8,0.0,1,8,0.0,1,8,0.0,1,8,-0.0,1,8,-9900,?,9,-9900,?,9,18.6,E,8,14.87,E,8,78.0,E,8,872.5394,E,8,999.0,E,8,1.47,E,8,-9900,?,9,-9900,?,9,0.0,E,8,-9900,?,9,-9900,?,9,0.0,0.0,E,8
04/20/2017,21:00,0.0,1352.99,0.0,1,8,0.0,1,8,0.0,1,8,0.0,1,8,0.0,1,8,0.0,1,8,-0.0,1,8,-9900,?,9,-9900,?,9,17.97,E,8,14.74,E,8,86.0,E,8,872.5394,E,8,999.0,E,8,1.35,E,8,-9900,?,9,-9900,?,9,0.098,E,8,-9900,?,9,-9900,?,9,0.98,99.0,E,8
04/20/2017,22:00,0.0,1352.99,0.0,1,8,0.0,1,8,0.0,1,8,0.0,1,8,0.0,1,8,0.0,1,8,-0.0,1,8,-9900,?,9,-9900,?,9,17.34,E,8,14.6,E,8,83.0,E,8,872.5394,E,8,999.0,E,8,1.74,E,8,-9900,?,9,-9900,?,9,0.0,E,8,-9900,?,9,-9900,?,9,0.0,0.0,E,8
04/20/2017,23:00,0.0,1352.99,0.0,1,8,0.0,1,8,0.0,1,8,0.0,1,8,0.0,1,8,0.0,1,8,-0.0,1,8,-9900,?,9,-9900,?,9,16.71,E,8,14.46,E,8,86.0,E,8,872.5394,E,8,999.0,E,8,1.27,E,8,-9900,?,9,-9900,?,9,0.0,E,8,-9900,?,9,-9900,?,9,0.0,0.0,E,8
04/20/2017,24:00,0.0,1352.99,0.0,1,8,0.0,1,8,0.0,1,8,0.0,1,8,0.0,1,8,0.0,1,8,-0.0,1,8,-9900,?,9,-9900,?,9,16.08,E,8,13.46,E,8,84.0,E,8,872.5394,E,8,999.0,E,8,5.99,E,8,-9900,?,9,-9900,?,9,0.0,E,8,-9900,?,9,-9900,?,9,0.0,0.0,E,8
04/21/2017,01:00,0.0,1352.99,0.0,1,8,0.0,1,8,0.0,1,8,0.0,1,8,0.0,1,8,0.0,1,8,-0.0,1,8,-9900,?,9,-9900,?,9,15.76,E,8,13.3,E,8,85.0,E,8,872.5394,E,8,999.0,E,8,4.14,E,8,-9900,?,9,-9900,?,9,0.0,E,8,-9900,?,9,-9900,?,9,0.0,0.0,E,8
04/21/2017,02:00,0.0,1352.99,0.0,1,8,0.0,1,8,0.0,1,8,0.0,1,8,0.0,1,8,0.0,1,8,-0.0,1,8,-9900,?,9,-9900,?,9,15.45,E,8,13.15,E,8,86.0,E,8,872.5394,E,8,999.0,E,8,3.83,E,8,-9900,?,9,-9900,?,9,0.0,E,8,-9900,?,9,-9900,?,9,0.0,0.0,E,8
04/21/2017,03:00,0.0,1352.99,0.0,1,8,0.0,1,8,0.0,1,8,0.0,1,8,0.0,1,8,0.0,1,8,-0.0,1,8,-9900,?,9,-9900,?,9,15.13,E,8,12.98,E,8,86.0,E,8,872.5394,E,8,999.0,E,8,5.63,E,8,-9900,?,9,-9900,?,9,0.0,E,8,-9900,?,9,-9900,?,9,0.0,0.0,E,8
04/21/2017,04:00,0.0,1352.232,0.0,1,8,0.0,1,8,0.0,1,8,0.0,1,8,0.0,1,8,0.0,1,8,-0.0,1,8,-9900,?,9,-9900,?,9,14.82,E,8,12.82,E,8,87.0,E,8,872.5394,E,8,999.0,E,8,6.48,E,8,-9900,?,9,-9900,?,9,0.0,E,8,-9900,?,9,-9900,?,9,0.0,0.0,E,8
04/21/2017,05:00,0.0,1352.232,0.0,1,8,0.0,1,8,0.0,1,8,0.0,1,8,0.0,1,8,0.0,1,8,-0.0,1,8,-9900,?,9,-9900,?,9,14.5,E,8,12.66,E,8,88.0,E,8,872.5394,E,8,999.0,E,8,4.42,E,8,-9900,?,9,-9900,?,9,0.0,E,8,-9900,?,9,-9900,?,9,0.0,0.0,E,8
04/21/2017,06:00,0.0,1352.232,0.0,1,8,0.0,1,8,0.0,1,8,0.0,1,8,0.0,1,8,0.0,1,8,-0.0,1,8,-9900,?,9,-9900,?,9,14.26,E,8,12.53,E,8,89.0,E,8,872.5394,E,8,999.0,E,8,4.89,E,8,-9900,?,9,-9900,?,9,0.0,E,8,-9900,?,9,-9900,?,9,0.0,0.0,E,8
04/21/2017,07:00,131.248,1352.232,0.0,1,8,0.0,1,8,0.0,1,8,0.0,1,8,0.0,1,8,0.0,1,8,0.0,1,8,-9900,?,9,-9900,?,9,14.05,E,8,12.42,E,8,89.0,E,8,872.5394,E,8,999.0,E,8,4.95,E,8,-9900,?,9,-9900,?,9,0.0,E,8,-9900,?,9,-9900,?,9,0.0,0.0,E,8
04/21/2017,08:00,434.908,1352.232,107.64,1,8,1.42,1,8,107.185,1,8,12916.8,1,8,134.86,1,8,11790.303,1,8,106.347,1,8,-9900,?,9,-9900,?,9,13.84,E,8,12.31,E,8,90.0,E,8,872.5394,E,8,999.0,E,8,4.11,E,8,-9900,?,9,-9900,?,9,0.0,E,8,-9900,?,9,-9900,?,9,0.0,0.0,E,8
04/21/2017,09:00,704.041,1352.232,291.53,1,8,100.058,1,8,239.476,1,8,34983.6,1,8,9505.55,1,8,26342.306,1,8,146.523,1,8,-9900,?,9,-9900,?,9,17.48,E,8,14.15,E,8,80.0,E,8,872.5394,E,8,999.0,E,8,6.98,E,8,-9900,?,9,-9900,?,9,0.0,E,8,-9900,?,9,-9900,?,9,0.0,0.0,E,8
04/21/2017,10:00,918.632,1352.232,454.05,1,8,145.308,1,8,355.369,1,8,54486.0,1,8,13804.293,1,8,39090.625,1,8,166.567,1,8,-9900,?,9,-9900,?,9,19.02,E,8,14.87,E,8,76.0,E,8,872.5394,E,8,999.0,E,8,7.42,E,8,-9900,?,9,-9900,?,9,0.0,E,8,-9900,?,9,-9900,?,9,0.0,0.0,E,8
04/21/2017,11:00,1063.855,1352.232,576.36,1,8,306.234,1,8,335.477,1,8,69163.2,1,8,29092.262,1,8,36902.453,1,8,135.756,1,8,-9900,?,9,-9900,?,9,20.36,E,8,15.47,E,8,73.0,E,8,872.5394,E,8,999.0,E,8,10.13,E,8,-9900,?,9,-9900,?,9,0.0,E,8,-9900,?,9,-9900,?,9,0.0,0.0,E,8
04/21/2017,12:00,1129.755,1352.232,648.43,1,8,269.062,1,8,423.664,1,8,77811.6,1,8,25560.891,1,8,46603.066,1,8,161.434,1,8,-9900,?,9,-9900,?,9,21.42,E,8,15.93,E,8,70.0,E,8,872.5394,E,8,999.0,E,8,11.21,E,8,-9900,?,9,-9900,?,9,0.0,E,8,-9900,?,9,-9900,?,9,0.0,0.0,E,8
04/21/2017,13:00,1111.825,1352.232,664.83,1,8,318.857,1,8,402.698,1,8,79779.6,1,8,30291.388,1,8,44296.816,1,8,155.922,1,8,-9900,?,9,-9900,?,9,22.17,E,8,16.25,E,8,69.0,E,8,872.5394,E,8,999.0,E,8,11.26,E,8,-9900,?,9,-9900,?,9,0.0,E,8,-9900,?,9,-9900,?,9,0.0,0.0,E,8
04/21/2017,14:00,1011.291,1352.232,624.35,1,8,404.794,1,8,321.688,1,8,74922.0,1,8,38455.394,1,8,35385.657,1,8,136.949,1,8,-9900,?,9,-9900,?,9,22.61,E,8,16.44,E,8,68.0,E,8,872.5394,E,8,999.0,E,8,10.42,E,8,-9900,?,9,-9900,?,9,0.0,E,8,-9900,?,9,-9900,?,9,0.0,0.0,E,8
04/21/2017,15:00,835.036,1352.232,529.99,1,8,485.483,1,8,230.335,1,8,63598.8,1,8,46120.851,1,8,25336.889,1,8,118.785,1,8,-9900,?,9,-9900,?,9,22.72,E,8,16.48,E,8,67.0,E,8,872.5394,E,8,999.0,E,8,9.11,E,8,-9900,?,9,-9900,?,9,0.0,E,8,-9900,?,9,-9900,?,9,0.0,0.0,E,8
04/21/2017,16:00,595.163,1352.232,389.03,1,8,555.759,1,8,144.719,1,8,46683.6,1,8,52797.07,1,8,15919.083,1,8,104.79,1,8,-9900,?,9,-9900,?,9,22.38,E,8,16.34,E,8,68.0,E,8,872.5394,E,8,999.0,E,8,5.98,E,8,-9900,?,9,-9900,?,9,0.0,E,8,-9900,?,9,-9900,?,9,0.0,0.0,E,8
04/21/2017,17:00,308.434,1352.232,214.08,1,8,615.752,1,8,74.36,1,8,25689.6,1,8,58496.4,1,8,8179.553,1,8,104.312,1,8,-9900,?,9,-9900,?,9,21.57,E,8,16.0,E,8,70.0,E,8,872.5394,E,8,999.0,E,8,3.63,E,8,-9900,?,9,-9900,?,9,0.0,E,8,-9900,?,9,-9900,?,9,0.0,0.0,E,8
04/21/2017,18:00,4.099,1352.232,36.65,1,8,0.0,1,8,0.0,1,8,4398.0,1,8,0.0,1,8,0.0,1,8,-0.0,1,8,-9900,?,9,-9900,?,9,20.41,E,8,15.49,E,8,73.0,E,8,872.5394,E,8,999.0,E,8,2.95,E,8,-9900,?,9,-9900,?,9,0.0,E,8,-9900,?,9,-9900,?,9,0.0,0.0,E,8
04/21/2017,19:00,0.0,1352.232,0.0,1,8,0.0,1,8,0.0,1,8,0.0,1,8,0.0,1,8,0.0,1,8,-0.0,1,8,-9900,?,9,-9900,?,9,19.73,E,8,15.19,E,8,75.0,E,8,872.5394,E,8,999.0,E,8,0.91,E,8,-9900,?,9,-9900,?,9,0.0,E,8,-9900,?,9,-9900,?,9,0.0,0.0,E,8
04/21/2017,20:00,0.0,1352.232,0.0,1,8,0.0,1,8,0.0,1,8,0.0,1,8,0.0,1,8,0.0,1,8,-0.0,1,8,-9900,?,9,-9900,?,9,19.06,E,8,14.89,E,8,76.0,E,8,872.5394,E,8,999.0,E,8,0.91,E,8,-9900,?,9,-9900,?,9,0.0,E,8,-9900,?,9,-9900,?,9,0.0,0.0,E,8
04/21/2017,21:00,0.0,1352.232,0.0,1,8,0.0,1,8,0.0,1,8,0.0,1,8,0.0,1,8,0.0,1,8,-0.0,1,8,-9900,?,9,-9900,?,9,18.38,E,8,14.57,E,8,78.0,E,8,872.5394,E,8,999.0,E,8,0.91,E,8,-9900,?,9,-9900,?,9,0.0,E,8,-9900,?,9,-9900,?,9,0.0,0.0,E,8
04/21/2017,22:00,0.0,1352.232,0.0,1,8,0.0,1,8,0.0,1,8,0.0,1,8,0.0,1,8,0.0,1,8,-0.0,1,8,-9900,?,9,-9900,?,9,17.71,E,8,14.26,E,8,80.0,E,8,872.5394,E,8,999.0,E,8,0.91,E,8,-9900,?,9,-9900,?,9,0.0,E,8,-9900,?,9,-9900,?,9,0.0,0.0,E,8
04/21/2017,23:00,0.0,1352.232,0.0,1,8,0.0,1,8,0.0,1,8,0.0,1,8,0.0,1,8,0.0,1,8,-0.0,1,8,-9900,?,9,-9900,?,9,17.03,E,8,13.93,E,8,81.0,E,8,872.5394,E,8,999.0,E,8,0.91,E,8,-9900,?,9,-9900,?,9,0.0,E,8,-9900,?,9,-9900,?,9,0.0,0.0,E,8
04/21/2017,24:00,0.0,1352.232,0.0,1,8,0.0,1,8,0.0,1,8,0.0,1,8,0.0,1,8,0.0,1,8,-0.0,1,8,-9900,?,9,-9900,?,9,16.36,E,8,14.35,E,8,87.0,E,8,872.5394,E,8,999.0,E,8,0.24,E,8,-9900,?,9,-9900,?,9,0.0,E,8,-9900,?,9,-9900,?,9,0.0,0.0,E,8
04/22/2017,01:00,0.0,1352.232,0.0,1,8,0.0,1,8,0.0,1,8,0.0,1,8,0.0,1,8,0.0,1,8,-0.0,1,8,-9900,?,9,-9900,?,9,16.02,E,8,14.19,E,8,93.0,E,8,872.5394,E,8,999.0,E,8,0.24,E,8,-9900,?,9,-9900,?,9,0.001,E,8,-9900,?,9,-9900,?,9,0.01,99.0,E,8
04/22/2017,02:00,0.0,1352.232,0.0,1,8,0.0,1,8,0.0,1,8,0.0,1,8,0.0,1,8,0.0,1,8,-0.0,1,8,-9900,?,9,-9900,?,9,15.69,E,8,14.03,E,8,89.0,E,8,872.5394,E,8,999.0,E,8,0.24,E,8,-9900,?,9,-9900,?,9,0.0,E,8,-9900,?,9,-9900,?,9,0.0,0.0,E,8
04/22/2017,03:00,0.0,1352.232,0.0,1,8,0.0,1,8,0.0,1,8,0.0,1,8,0.0,1,8,0.0,1,8,-0.0,1,8,-9900,?,9,-9900,?,9,15.35,E,8,13.86,E,8,90.0,E,8,872.5394,E,8,999.0,E,8,0.24,E,8,-9900,?,9,-9900,?,9,0.0,E,8,-9900,?,9,-9900,?,9,0.0,0.0,E,8
04/22/2017,04:00,0.0,1351.479,0.0,1,8,0.0,1,8,0.0,1,8,0.0,1,8,0.0,1,8,0.0,1,8,-0.0,1,8,-9900,?,9,-9900,?,9,15.01,E,8,13.69,E,8,91.0,E,8,872.5394,E,8,999.0,E,8,0.24,E,8,-9900,?,9,-9900,?,9,0.0,E,8,-9900,?,9,-9900,?,9,0.0,0.0,E,8
04/22/2017,05:00,0.0,1351.479,0.0,1,8,0.0,1,8,0.0,1,8,0.0,1,8,0.0,1,8,0.0,1,8,-0.0,1,8,-9900,?,9,-9900,?,9,14.67,E,8,13.52,E,8,92.0,E,8,872.5394,E,8,999.0,E,8,0.24,E,8,-9900,?,9,-9900,?,9,0.0,E,8,-9900,?,9,-9900,?,9,0.0,0.0,E,8
04/22/2017,06:00,0.0,1351.479,0.0,1,8,0.0,1,8,0.0,1,8,0.0,1,8,0.0,1,8,0.0,1,8,-0.0,1,8,-9900,?,9,-9900,?,9,14.41,E,8,13.39,E,8,93.0,E,8,872.5394,E,8,999.0,E,8,0.24,E,8,-9900,?,9,-9900,?,9,0.0,E,8,-9900,?,9,-9900,?,9,0.0,0.0,E,8
04/22/2017,07:00,129.174,1351.479,0.0,1,8,0.0,1,8,0.0,1,8,0.0,1,8,0.0,1,8,0.0,1,8,0.0,1,8,-9900,?,9,-9900,?,9,14.19,E,8,13.28,E,8,94.0,E,8,872.5394,E,8,999.0,E,8,0.24,E,8,-9900,?,9,-9900,?,9,0.0,E,8,-9900,?,9,-9900,?,9,0.0,0.0,E,8
04/22/2017,08:00,432.154,1351.479,158.36,1,8,103.3,1,8,125.412,1,8,19003.2,1,8,9813.52,1,8,13795.342,1,8,125.16,1,8,-9900,?,9,-9900,?,9,13.97,E,8,13.17,E,8,94.0,E,8,872.5394,E,8,999.0,E,8,0.24,E,8,-9900,?,9,-9900,?,9,0.0,E,8,-9900,?,9,-9900,?,9,0.0,0.0,E,8
04/22/2017,09:00,700.641,1351.479,178.5,1,8,7.149,1,8,174.797,1,8,21420.0,1,8,679.153,1,8,19227.641,1,8,107.41,1,8,-9900,?,9,-9900,?,9,17.8,E,8,15.02,E,8,93.0,E,8,872.5394,E,8,999.0,E,8,0.37,E,8,-9900,?,9,-9900,?,9,0.191,E,8,-9900,?,9,-9900,?,9,1.91,99.0,E,8
04/22/2017,10:00,914.635,1351.479,318.39,1,8,24.723,1,8,301.664,1,8,38206.8,1,8,2348.672,1,8,33183.065,1,8,141.934,1,8,-9900,?,9,-9900,?,9,18.94,E,8,15.54,E,8,80.0,E,8,872.5394,E,8,999.0,E,8,0.41,E,8,-9900,?,9,-9900,?,9,0.0,E,8,-9900,?,9,-9900,?,9,0.0,0.0,E,8
04/22/2017,11:00,1059.346,1351.479,213.7,1,8,2.962,1,8,211.379,1,8,25644.0,1,8,281.344,1,8,23251.698,1,8,85.855,1,8,-9900,?,9,-9900,?,9,18.91,E,8,15.52,E,8,80.0,E,8,872.5394,E,8,999.0,E,8,0.81,E,8,-9900,?,9,-9900,?,9,0.0,E,8,-9900,?,9,-9900,?,9,0.0,0.0,E,8
04/22/2017,12:00,1124.856,1351.479,252.7,1,8,3.784,1,8,249.551,1,8,30324.0,1,8,359.433,1,8,27450.648,1,8,95.451,1,8,-9900,?,9,-9900,?,9,19.08,E,8,15.6,E,8,80.0,E,8,872.5394,E,8,999.0,E,8,1.51,E,8,-9900,?,9,-9900,?,9,0.0,E,8,-9900,?,9,-9900,?,9,0.0,0.0,E,8
04/22/2017,13:00,1106.684,1351.479,466.27,1,8,95.299,1,8,388.244,1,8,55952.4,1,8,9053.395,1,8,42706.838,1,8,150.94,1,8,-9900,?,9,-9900,?,9,19.99,E,8,16.0,E,8,82.0,E,8,872.5394,E,8,999.0,E,8,2.12,E,8,-9900,?,9,-9900,?,9,0.002,E,8,-9900,?,9,-9900,?,9,0.02,99.0,E,8
04/22/2017,14:00,1006.074,1351.479,357.99,1,8,25.288,1,8,339.169,1,8,42958.8,1,8,2402.406,1,8,37308.599,1,8,145.06,1,8,-9900,?,9,-9900,?,9,20.3,E,8,16.13,E,8,76.0,E,8,872.5394,E,8,999.0,E,8,2.62,E,8,-9900,?,9,-9900,?,9,0.0,E,8,-9900,?,9,-9900,?,9,0.0,0.0,E,8
04/22/2017,15:00,829.913,1351.479,469.73,1,8,302.368,1,8,284.143,1,8,56367.6,1,8,28724.931,1,8,31255.704,1,8,147.358,1,8,-9900,?,9,-9900,?,9,20.84,E,8,16.36,E,8,75.0,E,8,872.5394,E,8,999.0,E,8,3.1,E,8,-9900,?,9,-9900,?,9,0.0,E,8,-9900,?,9,-9900,?,9,0.0,0.0,E,8
04/22/2017,16:00,590.3,1351.479,348.19,1,8,370.917,1,8,186.381,1,8,41782.8,1,8,35237.097,1,8,20501.935,1,8,135.996,1,8,-9900,?,9,-9900,?,9,20.96,E,8,16.41,E,8,80.0,E,8,872.5394,E,8,999.0,E,8,2.46,E,8,-9900,?,9,-9900,?,9,0.006,E,8,-9900,?,9,-9900,?,9,0.06,99.0,E,8
04/22/2017,17:00,303.99,1351.479,423.36,1,8,395.189,1,8,334.944,1,8,50803.2,1,8,37542.954,1,8,36843.822,1,8,476.536,1,8,-9900,?,9,-9900,?,9,21.22,E,8,16.52,E,8,74.0,E,8,872.5394,E,8,999.0,E,8,1.8,E,8,-9900,?,9,-9900,?,9,0.0,E,8,-9900,?,9,-9900,?,9,0.0,0.0,E,8
04/22/2017,18:00,0.797,1351.479,92.37,1,8,0.0,1,8,0.0,1,8,11084.4,1,8,0.0,1,8,0.0,1,8,-0.0,1,8,-9900,?,9,-9900,?,9,20.43,E,8,16.19,E,8,76.0,E,8,872.5394,E,8,999.0,E,8,0.74,E,8,-9900,?,9,-9900,?,9,0.0,E,8,-9900,?,9,-9900,?,9,0.0,0.0,E,8
04/22/2017,19:00,0.0,1351.479,0.0,1,8,0.0,1,8,0.0,1,8,0.0,1,8,0.0,1,8,0.0,1,8,-0.0,1,8,-9900,?,9,-9900,?,9,19.8,E,8,15.91,E,8,78.0,E,8,872.5394,E,8,999.0,E,8,0.36,E,8,-9900,?,9,-9900,?,9,0.0,E,8,-9900,?,9,-9900,?,9,0.0,0.0,E,8
04/22/2017,20:00,0.0,1351.479,0.0,1,8,0.0,1,8,0.0,1,8,0.0,1,8,0.0,1,8,0.0,1,8,-0.0,1,8,-9900,?,9,-9900,?,9,19.18,E,8,15.64,E,8,79.0,E,8,872.5394,E,8,999.0,E,8,0.24,E,8,-9900,?,9,-9900,?,9,0.0,E,8,-9900,?,9,-9900,?,9,0.0,0.0,E,8
04/22/2017,21:00,0.0,1351.479,0.0,1,8,0.0,1,8,0.0,1,8,0.0,1,8,0.0,1,8,0.0,1,8,-0.0,1,8,-9900,?,9,-9900,?,9,18.56,E,8,15.37,E,8,81.0,E,8,872.5394,E,8,999.0,E,8,0.24,E,8,-9900,?,9,-9900,?,9,0.0,E,8,-9900,?,9,-9900,?,9,0.0,0.0,E,8
04/22/2017,22:00,0.0,1351.479,0.0,1,8,0.0,1,8,0.0,1,8,0.0,1,8,0.0,1,8,0.0,1,8,-0.0,1,8,-9900,?,9,-9900,?,9,17.94,E,8,15.09,E,8,83.0,E,8,872.5394,E,8,999.0,E,8,0.24,E,8,-9900,?,9,-9900,?,9,0.0,E,8,-9900,?,9,-9900,?,9,0.0,0.0,E,8
04/22/2017,23:00,0.0,1351.479,0.0,1,8,0.0,1,8,0.0,1,8,0.0,1,8,0.0,1,8,0.0,1,8,-0.0,1,8,-9900,?,9,-9900,?,9,17.31,E,8,14.8,E,8,85.0,E,8,872.5394,E,8,999.0,E,8,0.24,E,8,-9900,?,9,-9900,?,9,0.0,E,8,-9900,?,9,-9900,?,9,0.0,0.0,E,8
04/22/2017,24:00,0.0,1351.479,0.0,1,8,0.0,1,8,0.0,1,8,0.0,1,8,0.0,1,8,0.0,1,8,-0.0,1,8,-9900,?,9,-9900,?,9,16.69,E,8,13.86,E,8,83.0,E,8,872.5394,E,8,999.0,E,8,0.33,E,8,-9900,?,9,-9900,?,9,0.0,E,8,-9900,?,9,-9900,?,9,0.0,0.0,E,8
04/23/2017,01:00,0.0,1351.479,0.0,1,8,0.0,1,8,0.0,1,8,0.0,1,8,0.0,1,8,0.0,1,8,-0.0,1,8,-9900,?,9,-9900,?,9,16.38,E,8,13.79,E,8,84.0,E,8,872.5394,E,8,999.0,E,8,0.33,E,8,-9900,?,9,-9900,?,9,0.0,E,8,-9900,?,9,-9900,?,9,0.0,0.0,E,8
04/23/2017,02:00,0.0,1351.479,0.0,1,8,0.0,1,8,0.0,1,8,0.0,1,8,0.0,1,8,0.0,1,8,-0.0,1,8,-9900,?,9,-9900,?,9,16.07,E,8,13.72,E,8,85.0,E,8,872.5394,E,8,999.0,E,8,0.33,E,8,-9900,?,9,-9900,?,9,0.0,E,8,-9900,?,9,-9900,?,9,0.0,0.0,E,8
04/23/2017,03:00,0.0,1351.479,0.0,1,8,0.0,1,8,0.0,1,8,0.0,1,8,0.0,1,8,0.0,1,8,-0.0,1,8,-9900,?,9,-9900,?,9,15.75,E,8,13.65,E,8,87.0,E,8,872.5394,E,8,999.0,E,8,0.48,E,8,-9900,?,9,-9900,?,9,0.0,E,8,-9900,?,9,-9900,?,9,0.0,0.0,E,8
04/23/2017,04:00,0.0,1350.732,0.0,1,8,0.0,1,8,0.0,1,8,0.0,1,8,0.0,1,8,0.0,1,8,-0.0,1,8,-9900,?,9,-9900,?,9,15.44,E,8,13.58,E,8,88.0,E,8,872.5394,E,8,999.0,E,8,0.41,E,8,-9900,?,9,-9900,?,9,0.0,E,8,-9900,?,9,-9900,?,9,0.0,0.0,E,8
04/23/2017,05:00,0.0,1350.732,0.0,1,8,0.0,1,8,0.0,1,8,0.0,1,8,0.0,1,8,0.0,1,8,-0.0,1,8,-9900,?,9,-9900,?,9,15.13,E,8,13.51,E,8,90.0,E,8,872.5394,E,8,999.0,E,8,0.33,E,8,-9900,?,9,-9900,?,9,0.0,E,8,-9900,?,9,-9900,?,9,0.0,0.0,E,8
04/23/2017,06:00,0.0,1350.732,0.0,1,8,0.0,1,8,0.0,1,8,0.0,1,8,0.0,1,8,0.0,1,8,-0.0,1,8,-9900,?,9,-9900,?,9,14.89,E,8,13.45,E,8,91.0,E,8,872.5394,E,8,999.0,E,8,0.33,E,8,-9900,?,9,-9900,?,9,0.0,E,8,-9900,?,9,-9900,?,9,0.0,0.0,E,8
04/23/2017,07:00,127.085,1350.732,0.0,1,8,0.0,1,8,0.0,1,8,0.0,1,8,0.0,1,8,0.0,1,8,0.0,1,8,-9900,?,9,-9900,?,9,14.68,E,8,13.4,E,8,92.0,E,8,872.5394,E,8,999.0,E,8,0.33,E,8,-9900,?,9,-9900,?,9,0.0,E,8,-9900,?,9,-9900,?,9,0.0,0.0,E,8
04/23/2017,08:00,429.384,1350.732,64.33,1,8,0.0,1,8,64.33,1,8,7719.6,1,8,0.0,1,8,7076.3,1,8,64.581,1,8,-9900,?,9,-9900,?,9,14.48,E,8,13.36,E,8,92.0,E,8,872.5394,E,8,999.0,E,8,0.33,E,8,-9900,?,9,-9900,?,9,0.0,E,8,-9900,?,9,-9900,?,9,0.0,0.0,E,8
04/23/2017,09:00,697.227,1350.732,265.71,1,8,70.989,1,8,229.096,1,8,31885.2,1,8,6743.98,1,8,25200.553,1,8,141.388,1,8,-9900,?,9,-9900,?,9,17.22,E,8,13.98,E,8,81.0,E,8,872.5394,E,8,999.0,E,8,0.33,E,8,-9900,?,9,-9900,?,9,0.0,E,8,-9900,?,9,-9900,?,9,0.0,0.0,E,8
04/23/2017,10:00,910.628,1350.732,414.84,1,8,105.667,1,8,343.627,1,8,49780.8,1,8,10038.382,1,8,37798.974,1,8,162.3,1,8,-9900,?,9,-9900,?,9,18.6,E,8,14.28,E,8,75.0,E,8,872.5394,E,8,999.0,E,8,0.37,E,8,-9900,?,9,-9900,?,9,0.0,E,8,-9900,?,9,-9900,?,9,0.0,0.0,E,8
04/23/2017,11:00,1054.836,1350.732,526.96,1,8,223.428,1,8,352.509,1,8,63235.2,1,8,21225.699,1,8,38776.024,1,8,143.71,1,8,-9900,?,9,-9900,?,9,19.76,E,8,14.53,E,8,71.0,E,8,872.5394,E,8,999.0,E,8,0.61,E,8,-9900,?,9,-9900,?,9,0.0,E,8,-9900,?,9,-9900,?,9,0.0,0.0,E,8
04/23/2017,12:00,1119.967,1350.732,592.88,1,8,267.559,1,8,371.062,1,8,71145.6,1,8,25418.09,1,8,40816.784,1,8,142.468,1,8,-9900,?,9,-9900,?,9,20.68,E,8,14.73,E,8,68.0,E,8,872.5394,E,8,999.0,E,8,1.31,E,8,-9900,?,9,-9900,?,9,0.0,E,8,-9900,?,9,-9900,?,9,0.0,0.0,E,8
04/23/2017,13:00,1101.566,1350.732,607.61,1,8,318.892,1,8,347.582,1,8,72913.2,1,8,30294.729,1,8,38233.992,1,8,135.684,1,8,-9900,?,9,-9900,?,9,21.33,E,8,14.86,E,8,66.0,E,8,872.5394,E,8,999.0,E,8,2.67,E,8,-9900,?,9,-9900,?,9,0.0,E,8,-9900,?,9,-9900,?,9,0.0,0.0,E,8
04/23/2017,14:00,1000.892,1350.732,570.08,1,8,290.297,1,8,355.022,1,8,68409.6,1,8,27578.175,1,8,39052.433,1,8,152.543,1,8,-9900,?,9,-9900,?,9,21.7,E,8,14.94,E,8,65.0,E,8,872.5394,E,8,999.0,E,8,2.41,E,8,-9900,?,9,-9900,?,9,0.0,E,8,-9900,?,9,-9900,?,9,0.0,0.0,E,8
04/23/2017,15:00,824.838,1350.732,483.06,1,8,350.894,1,8,268.889,1,8,57967.2,1,8,33334.947,1,8,29577.736,1,8,140.229,1,8,-9900,?,9,-9900,?,9,21.8,E,8,14.96,E,8,65.0,E,8,872.5394,E,8,999.0,E,8,2.45,E,8,-9900,?,9,-9900,?,9,0.0,E,8,-9900,?,9,-9900,?,9,0.0,0.0,E,8
04/23/2017,16:00,585.497,1350.732,353.29,1,8,454.777,1,8,156.408,1,8,42394.8,1,8,43203.797,1,8,17204.867,1,8,115.001,1,8,-9900,?,9,-9900,?,9,21.53,E,8,14.9,E,8,65.0,E,8,872.5394,E,8,999.0,E,8,1.99,E,8,-9900,?,9,-9900,?,9,0.0,E,8,-9900,?,9,-9900,?,9,0.0,0.0,E,8
04/23/2017,17:00,299.616,1350.732,192.47,1,8,581.456,1,8,64.201,1,8,23096.4,1,8,55238.336,1,8,7062.066,1,8,92.637,1,8,-9900,?,9,-9900,?,9,20.85,E,8,14.76,E,8,68.0,E,8,872.5394,E,8,999.0,E,8,1.41,E,8,-9900,?,9,-9900,?,9,0.0,E,8,-9900,?,9,-9900,?,9,0.0,0.0,E,8
04/23/2017,18:00,0.0,1350.732,30.6,1,8,0.0,1,8,0.0,1,8,3672.0,1,8,0.0,1,8,0.0,1,8,-0.0,1,8,-9900,?,9,-9900,?,9,19.89,E,8,14.56,E,8,71.0,E,8,872.5394,E,8,999.0,E,8,0.99,E,8,-9900,?,9,-9900,?,9,0.0,E,8,-9900,?,9,-9900,?,9,0.0,0.0,E,8
04/23/2017,19:00,0.0,1350.732,0.0,1,8,0.0,1,8,0.0,1,8,0.0,1,8,0.0,1,8,0.0,1,8,-0.0,1,8,-9900,?,9,-9900,?,9,19.29,E,8,14.43,E,8,73.0,E,8,872.5394,E,8,999.0,E,8,0.33,E,8,-9900,?,9,-9900,?,9,0.0,E,8,-9900,?,9,-9900,?,9,0.0,0.0,E,8
04/23/2017,20:00,0.0,1350.732,0.0,1,8,0.0,1,8,0.0,1,8,0.0,1,8,0.0,1,8,0.0,1,8,-0.0,1,8,-9900,?,9,-9900,?,9,18.69,E,8,14.3,E,8,75.0,E,8,872.5394,E,8,999.0,E,8,0.33,E,8,-9900,?,9,-9900,?,9,0.0,E,8,-9900,?,9,-9900,?,9,0.0,0.0,E,8
04/23/2017,21:00,0.0,1350.732,0.0,1,8,0.0,1,8,0.0,1,8,0.0,1,8,0.0,1,8,0.0,1,8,-0.0,1,8,-9900,?,9,-9900,?,9,18.09,E,8,14.17,E,8,77.0,E,8,872.5394,E,8,999.0,E,8,0.33,E,8,-9900,?,9,-9900,?,9,0.0,E,8,-9900,?,9,-9900,?,9,0.0,0.0,E,8
04/23/2017,22:00,0.0,1350.732,0.0,1,8,0.0,1,8,0.0,1,8,0.0,1,8,0.0,1,8,0.0,1,8,-0.0,1,8,-9900,?,9,-9900,?,9,17.49,E,8,14.04,E,8,80.0,E,8,872.5394,E,8,999.0,E,8,0.33,E,8,-9900,?,9,-9900,?,9,0.0,E,8,-9900,?,9,-9900,?,9,0.0,0.0,E,8
04/23/2017,23:00,0.0,1350.732,0.0,1,8,0.0,1,8,0.0,1,8,0.0,1,8,0.0,1,8,0.0,1,8,-0.0,1,8,-9900,?,9,-9900,?,9,16.88,E,8,13.9,E,8,82.0,E,8,872.5394,E,8,999.0,E,8,0.33,E,8,-9900,?,9,-9900,?,9,0.0,E,8,-9900,?,9,-9900,?,9,0.0,0.0,E,8
04/23/2017,24:00,0.0,1350.732,0.0,1,8,0.0,1,8,0.0,1,8,0.0,1,8,0.0,1,8,0.0,1,8,-0.0,1,8,-9900,?,9,-9900,?,9,16.28,E,8,12.63,E,8,79.0,E,8,872.5394,E,8,999.0,E,8,0.32,E,8,-9900,?,9,-9900,?,9,0.0,E,8,-9900,?,9,-9900,?,9,0.0,0.0,E,8
04/24/2017,01:00,0.0,1350.732,0.0,1,8,0.0,1,8,0.0,1,8,0.0,1,8,0.0,1,8,0.0,1,8,-0.0,1,8,-9900,?,9,-9900,?,9,15.98,E,8,12.65,E,8,80.0,E,8,872.5394,E,8,999.0,E,8,0.32,E,8,-9900,?,9,-9900,?,9,0.0,E,8,-9900,?,9,-9900,?,9,0.0,0.0,E,8
04/24/2017,02:00,0.0,1350.732,0.0,1,8,0.0,1,8,0.0,1,8,0.0,1,8,0.0,1,8,0.0,1,8,-0.0,1,8,-9900,?,9,-9900,?,9,15.68,E,8,12.66,E,8,82.0,E,8,872.5394,E,8,999.0,E,8,0.32,E,8,-9900,?,9,-9900,?,9,0.0,E,8,-9900,?,9,-9900,?,9,0.0,0.0,E,8
04/24/2017,03:00,0.0,1350.732,0.0,1,8,0.0,1,8,0.0,1,8,0.0,1,8,0.0,1,8,0.0,1,8,-0.0,1,8,-9900,?,9,-9900,?,9,15.38,E,8,12.68,E,8,83.0,E,8,872.5394,E,8,999.0,E,8,0.32,E,8,-9900,?,9,-9900,?,9,0.0,E,8,-9900,?,9,-9900,?,9,0.0,0.0,E,8
04/24/2017,04:00,0.0,1349.989,0.0,1,8,0.0,1,8,0.0,1,8,0.0,1,8,0.0,1,8,0.0,1,8,-0.0,1,8,-9900,?,9,-9900,?,9,15.08,E,8,12.69,E,8,85.0,E,8,872.5394,E,8,999.0,E,8,0.32,E,8,-9900,?,9,-9900,?,9,0.0,E,8,-9900,?,9,-9900,?,9,0.0,0.0,E,8
04/24/2017,05:00,0.0,1349.989,0.0,1,8,0.0,1,8,0.0,1,8,0.0,1,8,0.0,1,8,0.0,1,8,-0.0,1,8,-9900,?,9,-9900,?,9,14.78,E,8,12.71,E,8,87.0,E,8,872.5394,E,8,999.0,E,8,0.32,E,8,-9900,?,9,-9900,?,9,0.0,E,8,-9900,?,9,-9900,?,9,0.0,0.0,E,8
04/24/2017,06:00,0.0,1349.989,0.0,1,8,0.0,1,8,0.0,1,8,0.0,1,8,0.0,1,8,0.0,1,8,-0.0,1,8,-9900,?,9,-9900,?,9,14.55,E,8,12.72,E,8,88.0,E,8,872.5394,E,8,999.0,E,8,0.32,E,8,-9900,?,9,-9900,?,9,0.0,E,8,-9900,?,9,-9900,?,9,0.0,0.0,E,8
04/24/2017,07:00,124.984,1349.989,0.0,1,8,0.0,1,8,0.0,1,8,0.0,1,8,0.0,1,8,0.0,1,8,0.0,1,8,-9900,?,9,-9900,?,9,14.35,E,8,12.73,E,8,90.0,E,8,872.5394,E,8,999.0,E,8,0.32,E,8,-9900,?,9,-9900,?,9,0.0,E,8,-9900,?,9,-9900,?,9,0.0,0.0,E,8
04/24/2017,08:00,426.598,1349.989,121.0,1,8,17.083,1,8,115.616,1,8,14520.0,1,8,1622.916,1,8,12717.729,1,8,116.765,1,8,-9900,?,9,-9900,?,9,14.16,E,8,12.74,E,8,91.0,E,8,872.5394,E,8,999.0,E,8,0.32,E,8,-9900,?,9,-9900,?,9,0.0,E,8,-9900,?,9,-9900,?,9,0.0,0.0,E,8
04/24/2017,09:00,693.801,1349.989,311.96,1,8,140.759,1,8,239.679,1,8,37435.2,1,8,13372.079,1,8,26364.665,1,8,148.569,1,8,-9900,?,9,-9900,?,9,17.9,E,8,12.55,E,8,70.0,E,8,872.5394,E,8,999.0,E,8,0.32,E,8,-9900,?,9,-9900,?,9,0.0,E,8,-9900,?,9,-9900,?,9,0.0,0.0,E,8
04/24/2017,10:00,906.614,1349.989,458.56,1,8,160.222,1,8,350.998,1,8,55027.2,1,8,15221.125,1,8,38609.743,1,8,166.425,1,8,-9900,?,9,-9900,?,9,19.3,E,8,12.48,E,8,64.0,E,8,872.5394,E,8,999.0,E,8,0.4,E,8,-9900,?,9,-9900,?,9,0.0,E,8,-9900,?,9,-9900,?,9,0.0,0.0,E,8
04/24/2017,11:00,1050.328,1349.989,606.79,1,8,287.027,1,8,383.518,1,8,72814.8,1,8,27267.554,1,8,42186.996,1,8,156.937,1,8,-9900,?,9,-9900,?,9,20.64,E,8,12.41,E,8,59.0,E,8,872.5394,E,8,999.0,E,8,0.87,E,8,-9900,?,9,-9900,?,9,0.0,E,8,-9900,?,9,-9900,?,9,0.0,0.0,E,8
04/24/2017,12:00,1115.09,1349.989,741.27,1,8,454.363,1,8,366.018,1,8,88952.4,1,8,43164.442,1,8,40261.998,1,8,141.069,1,8,-9900,?,9,-9900,?,9,21.91,E,8,12.34,E,8,54.0,E,8,872.5394,E,8,999.0,E,8,1.15,E,8,-9900,?,9,-9900,?,9,0.0,E,8,-9900,?,9,-9900,?,9,0.0,0.0,E,8
04/24/2017,13:00,1096.472,1349.989,601.19,1,8,223.514,1,8,419.678,1,8,72142.8,1,8,21233.791,1,8,46164.577,1,8,164.5,1,8,-9900,?,9,-9900,?,9,22.35,E,8,12.32,E,8,53.0,E,8,872.5394,E,8,999.0,E,8,1.77,E,8,-9900,?,9,-9900,?,9,0.0,E,8,-9900,?,9,-9900,?,9,0.0,0.0,E,8
04/24/2017,14:00,995.748,1349.989,558.03,1,8,264.005,1,8,363.349,1,8,66963.6,1,8,25080.441,1,8,39968.373,1,8,156.842,1,8,-9900,?,9,-9900,?,9,22.56,E,8,12.31,E,8,52.0,E,8,872.5394,E,8,999.0,E,8,2.22,E,8,-9900,?,9,-9900,?,9,0.0,E,8,-9900,?,9,-9900,?,9,0.0,0.0,E,8
04/24/2017,15:00,819.815,1349.989,443.8,1,8,243.832,1,8,295.802,1,8,53256.0,1,8,23164.005,1,8,32538.165,1,8,155.126,1,8,-9900,?,9,-9900,?,9,22.4,E,8,12.32,E,8,52.0,E,8,872.5394,E,8,999.0,E,8,2.62,E,8,-9900,?,9,-9900,?,9,0.0,E,8,-9900,?,9,-9900,?,9,0.0,0.0,E,8
04/24/2017,16:00,580.758,1349.989,452.16,1,8,572.087,1,8,206.367,1,8,54259.2,1,8,54348.288,1,8,22700.422,1,8,152.892,1,8,-9900,?,9,-9900,?,9,22.31,E,8,12.32,E,8,53.0,E,8,872.5394,E,8,999.0,E,8,2.0,E,8,-9900,?,9,-9900,?,9,0.0,E,8,-9900,?,9,-9900,?,9,0.0,0.0,E,8
04/24/2017,17:00,295.315,1349.989,240.2,1,8,623.671,1,8,104.54,1,8,28824.0,1,8,59248.763,1,8,11499.38,1,8,152.98,1,8,-9900,?,9,-9900,?,9,21.62,E,8,12.36,E,8,55.0,E,8,872.5394,E,8,999.0,E,8,1.52,E,8,-9900,?,9,-9900,?,9,0.0,E,8,-9900,?,9,-9900,?,9,0.0,0.0,E,8
04/24/2017,18:00,0.0,1349.989,34.32,1,8,0.0,1,8,0.0,1,8,4118.4,1,8,0.0,1,8,0.0,1,8,-0.0,1,8,-9900,?,9,-9900,?,9,20.49,E,8,12.42,E,8,59.0,E,8,872.5394,E,8,999.0,E,8,1.13,E,8,-9900,?,9,-9900,?,9,0.0,E,8,-9900,?,9,-9900,?,9,0.0,0.0,E,8
04/24/2017,19:00,0.0,1349.989,0.0,1,8,0.0,1,8,0.0,1,8,0.0,1,8,0.0,1,8,0.0,1,8,-0.0,1,8,-9900,?,9,-9900,?,9,19.81,E,8,12.45,E,8,62.0,E,8,872.5394,E,8,999.0,E,8,0.69,E,8,-9900,?,9,-9900,?,9,0.0,E,8,-9900,?,9,-9900,?,9,0.0,0.0,E,8
04/24/2017,20:00,0.0,1349.989,0.0,1,8,0.0,1,8,0.0,1,8,0.0,1,8,0.0,1,8,0.0,1,8,-0.0,1,8,-9900,?,9,-9900,?,9,19.13,E,8,12.49,E,8,65.0,E,8,872.5394,E,8,999.0,E,8,0.53,E,8,-9900,?,9,-9900,?,9,0.0,E,8,-9900,?,9,-9900,?,9,0.0,0.0,E,8
04/24/2017,21:00,0.0,1349.989,0.0,1,8,0.0,1,8,0.0,1,8,0.0,1,8,0.0,1,8,0.0,1,8,-0.0,1,8,-9900,?,9,-9900,?,9,18.45,E,8,12.52,E,8,68.0,E,8,872.5394,E,8,999.0,E,8,0.42,E,8,-9900,?,9,-9900,?,9,0.0,E,8,-9900,?,9,-9900,?,9,0.0,0.0,E,8
04/24/2017,22:00,0.0,1349.989,0.0,1,8,0.0,1,8,0.0,1,8,0.0,1,8,0.0,1,8,0.0,1,8,-0.0,1,8,-9900,?,9,-9900,?,9,17.76,E,8,12.56,E,8,71.0,E,8,872.5394,E,8,999.0,E,8,0.54,E,8,-9900,?,9,-9900,?,9,0.0,E,8,-9900,?,9,-9900,?,9,0.0,0.0,E,8
04/24/2017,23:00,0.0,1349.989,0.0,1,8,0.0,1,8,0.0,1,8,0.0,1,8,0.0,1,8,0.0,1,8,-0.0,1,8,-9900,?,9,-9900,?,9,17.08,E,8,12.59,E,8,74.0,E,8,872.5394,E,8,999.0,E,8,0.36,E,8,-9900,?,9,-9900,?,9,0.0,E,8,-9900,?,9,-9900,?,9,0.0,0.0,E,8
04/24/2017,24:00,0.0,1349.989,0.0,1,8,0.0,1,8,0.0,1,8,0.0,1,8,0.0,1,8,0.0,1,8,-0.0,1,8,-9900,?,9,-9900,?,9,16.4,E,8,13.29,E,8,81.0,E,8,872.5394,E,8,999.0,E,8,0.62,E,8,-9900,?,9,-9900,?,9,0.0,E,8,-9900,?,9,-9900,?,9,0.0,0.0,E,8
04/25/2017,01:00,0.0,1349.989,0.0,1,8,0.0,1,8,0.0,1,8,0.0,1,8,0.0,1,8,0.0,1,8,-0.0,1,8,-9900,?,9,-9900,?,9,16.06,E,8,13.26,E,8,83.0,E,8,872.5394,E,8,999.0,E,8,0.51,E,8,-9900,?,9,-9900,?,9,0.0,E,8,-9900,?,9,-9900,?,9,0.0,0.0,E,8
04/25/2017,02:00,0.0,1349.989,0.0,1,8,0.0,1,8,0.0,1,8,0.0,1,8,0.0,1,8,0.0,1,8,-0.0,1,8,-9900,?,9,-9900,?,9,15.72,E,8,13.24,E,8,85.0,E,8,872.5394,E,8,999.0,E,8,0.71,E,8,-9900,?,9,-9900,?,9,0.0,E,8,-9900,?,9,-9900,?,9,0.0,0.0,E,8
04/25/2017,03:00,0.0,1349.989,0.0,1,8,0.0,1,8,0.0,1,8,0.0,1,8,0.0,1,8,0.0,1,8,-0.0,1,8,-9900,?,9,-9900,?,9,15.38,E,8,13.22,E,8,86.0,E,8,872.5394,E,8,999.0,E,8,0.5,E,8,-9900,?,9,-9900,?,9,0.0,E,8,-9900,?,9,-9900,?,9,0.0,0.0,E,8
04/25/2017,04:00,0.0,1349.253,0.0,1,8,0.0,1,8,0.0,1,8,0.0,1,8,0.0,1,8,0.0,1,8,-0.0,1,8,-9900,?,9,-9900,?,9,15.03,E,8,13.2,E,8,88.0,E,8,872.5394,E,8,999.0,E,8,0.43,E,8,-9900,?,9,-9900,?,9,0.0,E,8,-9900,?,9,-9900,?,9,0.0,0.0,E,8
04/25/2017,05:00,0.0,1349.253,0.0,1,8,0.0,1,8,0.0,1,8,0.0,1,8,0.0,1,8,0.0,1,8,-0.0,1,8,-9900,?,9,-9900,?,9,14.69,E,8,13.18,E,8,90.0,E,8,872.5394,E,8,999.0,E,8,0.47,E,8,-9900,?,9,-9900,?,9,0.0,E,8,-9900,?,9,-9900,?,9,0.0,0.0,E,8
04/25/2017,06:00,0.0,1349.253,0.0,1,8,0.0,1,8,0.0,1,8,0.0,1,8,0.0,1,8,0.0,1,8,-0.0,1,8,-9900,?,9,-9900,?,9,14.43,E,8,13.16,E,8,92.0,E,8,872.5394,E,8,999.0,E,8,0.55,E,8,-9900,?,9,-9900,?,9,0.0,E,8,-9900,?,9,-9900,?,9,0.0,0.0,E,8
04/25/2017,07:00,122.871,1349.253,0.0,1,8,0.0,1,8,0.0,1,8,0.0,1,8,0.0,1,8,0.0,1,8,0.0,1,8,-9900,?,9,-9900,?,9,14.2,E,8,13.14,E,8,93.0,E,8,872.5394,E,8,999.0,E,8,0.34,E,8,-9900,?,9,-9900,?,9,0.0,E,8,-9900,?,9,-9900,?,9,0.0,0.0,E,8
04/25/2017,08:00,423.799,1349.253,102.18,1,8,0.0,1,8,102.18,1,8,12261.6,1,8,0.0,1,8,11239.8,1,8,103.824,1,8,-9900,?,9,-9900,?,9,13.98,E,8,13.13,E,8,94.0,E,8,872.5394,E,8,999.0,E,8,0.75,E,8,-9900,?,9,-9900,?,9,0.0,E,8,-9900,?,9,-9900,?,9,0.0,0.0,E,8
04/25/2017,09:00,690.363,1349.253,283.09,1,8,97.204,1,8,233.395,1,8,33970.8,1,8,9234.361,1,8,25673.497,1,8,145.317,1,8,-9900,?,9,-9900,?,9,17.66,E,8,13.37,E,8,75.0,E,8,872.5394,E,8,999.0,E,8,1.01,E,8,-9900,?,9,-9900,?,9,0.0,E,8,-9900,?,9,-9900,?,9,0.0,0.0,E,8
04/25/2017,10:00,902.596,1349.253,443.08,1,8,142.92,1,8,347.507,1,8,53169.6,1,8,13577.445,1,8,38225.724,1,8,165.413,1,8,-9900,?,9,-9900,?,9,19.25,E,8,13.47,E,8,69.0,E,8,872.5394,E,8,999.0,E,8,1.52,E,8,-9900,?,9,-9900,?,9,0.0,E,8,-9900,?,9,-9900,?,9,0.0,0.0,E,8
04/25/2017,11:00,1045.824,1349.253,563.27,1,8,302.194,1,8,329.081,1,8,67592.4,1,8,28708.471,1,8,36198.882,1,8,135.167,1,8,-9900,?,9,-9900,?,9,20.62,E,8,13.56,E,8,63.0,E,8,872.5394,E,8,999.0,E,8,1.97,E,8,-9900,?,9,-9900,?,9,0.0,E,8,-9900,?,9,-9900,?,9,0.0,0.0,E,8
04/25/2017,12:00,1110.229,1349.253,633.79,1,8,266.002,1,8,414.942,1,8,76054.8,1,8,25270.193,1,8,45643.573,1,8,160.538,1,8,-9900,?,9,-9900,?,9,21.71,E,8,13.63,E,8,60.0,E,8,872.5394,E,8,999.0,E,8,2.63,E,8,-9900,?,9,-9900,?,9,0.0,E,8,-9900,?,9,-9900,?,9,0.0,0.0,E,8
04/25/2017,13:00,1091.407,1349.253,649.29,1,8,315.758,1,8,393.914,1,8,77914.8,1,8,29997.016,1,8,43330.523,1,8,155.033,1,8,-9900,?,9,-9900,?,9,22.49,E,8,13.68,E,8,57.0,E,8,872.5394,E,8,999.0,E,8,2.37,E,8,-9900,?,9,-9900,?,9,0.0,E,8,-9900,?,9,-9900,?,9,0.0,0.0,E,8
04/25/2017,14:00,990.645,1349.253,608.64,1,8,398.592,1,8,316.06,1,8,73036.8,1,8,37866.239,1,8,34766.613,1,8,137.058,1,8,-9900,?,9,-9900,?,9,22.94,E,8,13.71,E,8,55.0,E,8,872.5394,E,8,999.0,E,8,3.5,E,8,-9900,?,9,-9900,?,9,0.0,E,8,-9900,?,9,-9900,?,9,0.0,0.0,E,8
04/25/2017,15:00,814.844,1349.253,514.86,1,8,482.834,1,8,223.414,1,8,61783.2,1,8,45869.229,1,8,24575.589,1,8,117.815,1,8,-9900,?,9,-9900,?,9,23.04,E,8,13.71,E,8,55.0,E,8,872.5394,E,8,999.0,E,8,4.2,E,8,-9900,?,9,-9900,?,9,0.0,E,8,-9900,?,9,-9900,?,9,0.0,0.0,E,8
04/25/2017,16:00,576.083,1349.253,375.2,1,8,554.661,1,8,138.689,1,8,45024.0,1,8,52692.842,1,8,15255.794,1,8,103.531,1,8,-9900,?,9,-9900,?,9,22.69,E,8,13.69,E,8,56.0,E,8,872.5394,E,8,999.0,E,8,4.26,E,8,-9900,?,9,-9900,?,9,0.0,E,8,-9900,?,9,-9900,?,9,0.0,0.0,E,8
04/25/2017,17:00,291.089,1349.253,202.36,1,8,603.848,1,8,72.842,1,8,24283.2,1,8,57365.594,1,8,8012.585,1,8,108.1,1,8,-9900,?,9,-9900,?,9,21.84,E,8,13.64,E,8,59.0,E,8,872.5394,E,8,999.0,E,8,3.54,E,8,-9900,?,9,-9900,?,9,0.0,E,8,-9900,?,9,-9900,?,9,0.0,0.0,E,8
04/25/2017,18:00,0.0,1349.253,29.77,1,8,0.0,1,8,0.0,1,8,3572.4,1,8,0.0,1,8,0.0,1,8,-0.0,1,8,-9900,?,9,-9900,?,9,20.63,E,8,13.56,E,8,63.0,E,8,872.5394,E,8,999.0,E,8,2.06,E,8,-9900,?,9,-9900,?,9,0.0,E,8,-9900,?,9,-9900,?,9,0.0,0.0,E,8
04/25/2017,19:00,0.0,1349.253,0.0,1,8,0.0,1,8,0.0,1,8,0.0,1,8,0.0,1,8,0.0,1,8,-0.0,1,8,-9900,?,9,-9900,?,9,19.89,E,8,13.51,E,8,66.0,E,8,872.5394,E,8,999.0,E,8,1.6,E,8,-9900,?,9,-9900,?,9,0.0,E,8,-9900,?,9,-9900,?,9,0.0,0.0,E,8
04/25/2017,20:00,0.0,1349.253,0.0,1,8,0.0,1,8,0.0,1,8,0.0,1,8,0.0,1,8,0.0,1,8,-0.0,1,8,-9900,?,9,-9900,?,9,19.15,E,8,13.46,E,8,69.0,E,8,872.5394,E,8,999.0,E,8,0.77,E,8,-9900,?,9,-9900,?,9,0.0,E,8,-9900,?,9,-9900,?,9,0.0,0.0,E,8
04/25/2017,21:00,0.0,1349.253,0.0,1,8,0.0,1,8,0.0,1,8,0.0,1,8,0.0,1,8,0.0,1,8,-0.0,1,8,-9900,?,9,-9900,?,9,18.4,E,8,13.42,E,8,72.0,E,8,872.5394,E,8,999.0,E,8,0.46,E,8,-9900,?,9,-9900,?,9,0.0,E,8,-9900,?,9,-9900,?,9,0.0,0.0,E,8
04/25/2017,22:00,0.0,1349.253,0.0,1,8,0.0,1,8,0.0,1,8,0.0,1,8,0.0,1,8,0.0,1,8,-0.0,1,8,-9900,?,9,-9900,?,9,17.66,E,8,13.37,E,8,75.0,E,8,872.5394,E,8,999.0,E,8,0.34,E,8,-9900,?,9,-9900,?,9,0.0,E,8,-9900,?,9,-9900,?,9,0.0,0.0,E,8
04/25/2017,23:00,0.0,1349.253,0.0,1,8,0.0,1,8,0.0,1,8,0.0,1,8,0.0,1,8,0.0,1,8,-0.0,1,8,-9900,?,9,-9900,?,9,16.91,E,8,13.32,E,8,79.0,E,8,872.5394,E,8,999.0,E,8,0.34,E,8,-9900,?,9,-9900,?,9,0.0,E,8,-9900,?,9,-9900,?,9,0.0,0.0,E,8
04/25/2017,24:00,0.0,1349.253,0.0,1,8,0.0,1,8,0.0,1,8,0.0,1,8,0.0,1,8,0.0,1,8,-0.0,1,8,-9900,?,9,-9900,?,9,16.17,E,8,13.82,E,8,85.0,E,8,872.5394,E,8,999.0,E,8,0.72,E,8,-9900,?,9,-9900,?,9,0.0,E,8,-9900,?,9,-9900,?,9,0.0,0.0,E,8
04/26/2017,01:00,0.0,1349.253,0.0,1,8,0.0,1,8,0.0,1,8,0.0,1,8,0.0,1,8,0.0,1,8,-0.0,1,8,-9900,?,9,-9900,?,9,15.8,E,8,13.72,E,8,87.0,E,8,872.5394,E,8,999.0,E,8,0.72,E,8,-9900,?,9,-9900,?,9,0.0,E,8,-9900,?,9,-9900,?,9,0.0,0.0,E,8
04/26/2017,02:00,0.0,1349.253,0.0,1,8,0.0,1,8,0.0,1,8,0.0,1,8,0.0,1,8,0.0,1,8,-0.0,1,8,-9900,?,9,-9900,?,9,15.42,E,8,13.61,E,8,88.0,E,8,872.5394,E,8,999.0,E,8,0.72,E,8,-9900,?,9,-9900,?,9,0.0,E,8,-9900,?,9,-9900,?,9,0.0,0.0,E,8
04/26/2017,03:00,0.0,1349.253,0.0,1,8,0.0,1,8,0.0,1,8,0.0,1,8,0.0,1,8,0.0,1,8,-0.0,1,8,-9900,?,9,-9900,?,9,15.05,E,8,13.51,E,8,90.0,E,8,872.5394,E,8,999.0,E,8,0.72,E,8,-9900,?,9,-9900,?,9,0.0,E,8,-9900,?,9,-9900,?,9,0.0,0.0,E,8
04/26/2017,04:00,0.0,1348.521,0.0,1,8,0.0,1,8,0.0,1,8,0.0,1,8,0.0,1,8,0.0,1,8,-0.0,1,8,-9900,?,9,-9900,?,9,14.68,E,8,13.4,E,8,92.0,E,8,872.5394,E,8,999.0,E,8,0.72,E,8,-9900,?,9,-9900,?,9,0.0,E,8,-9900,?,9,-9900,?,9,0.0,0.0,E,8
04/26/2017,05:00,0.0,1348.521,0.0,1,8,0.0,1,8,0.0,1,8,0.0,1,8,0.0,1,8,0.0,1,8,-0.0,1,8,-9900,?,9,-9900,?,9,14.31,E,8,13.29,E,8,93.0,E,8,872.5394,E,8,999.0,E,8,0.72,E,8,-9900,?,9,-9900,?,9,0.0,E,8,-9900,?,9,-9900,?,9,0.0,0.0,E,8
04/26/2017,06:00,0.0,1348.521,0.0,1,8,0.0,1,8,0.0,1,8,0.0,1,8,0.0,1,8,0.0,1,8,-0.0,1,8,-9900,?,9,-9900,?,9,14.02,E,8,13.21,E,8,94.0,E,8,872.5394,E,8,999.0,E,8,0.72,E,8,-9900,?,9,-9900,?,9,0.0,E,8,-9900,?,9,-9900,?,9,0.0,0.0,E,8
04/26/2017,07:00,120.745,1348.521,0.0,1,8,0.0,1,8,0.0,1,8,0.0,1,8,0.0,1,8,0.0,1,8,0.0,1,8,-9900,?,9,-9900,?,9,13.78,E,8,13.14,E,8,95.0,E,8,872.5394,E,8,999.0,E,8,0.72,E,8,-9900,?,9,-9900,?,9,0.0,E,8,-9900,?,9,-9900,?,9,0.0,0.0,E,8
04/26/2017,08:00,420.986,1348.521,93.52,1,8,0.0,1,8,93.52,1,8,11222.4,1,8,0.0,1,8,10287.2,1,8,95.611,1,8,-9900,?,9,-9900,?,9,13.53,E,8,13.07,E,8,97.0,E,8,872.5394,E,8,999.0,E,8,0.72,E,8,-9900,?,9,-9900,?,9,0.0,E,8,-9900,?,9,-9900,?,9,0.0,0.0,E,8
04/26/2017,09:00,686.916,1348.521,361.25,1,8,225.979,1,8,246.236,1,8,43350.0,1,8,21468.051,1,8,27085.931,1,8,153.999,1,8,-9900,?,9,-9900,?,9,18.0,E,8,14.33,E,8,79.0,E,8,872.5394,E,8,999.0,E,8,0.72,E,8,-9900,?,9,-9900,?,9,0.0,E,8,-9900,?,9,-9900,?,9,0.0,0.0,E,8
04/26/2017,10:00,898.574,1348.521,434.08,1,8,134.526,1,8,344.473,1,8,52089.6,1,8,12779.962,1,8,37892.017,1,8,164.615,1,8,-9900,?,9,-9900,?,9,19.36,E,8,14.7,E,8,74.0,E,8,872.5394,E,8,999.0,E,8,0.72,E,8,-9900,?,9,-9900,?,9,0.0,E,8,-9900,?,9,-9900,?,9,0.0,0.0,E,8
04/26/2017,11:00,1041.326,1348.521,546.76,1,8,196.225,1,8,395.265,1,8,65611.2,1,8,18641.422,1,8,43479.162,1,8,162.966,1,8,-9900,?,9,-9900,?,9,20.59,E,8,15.02,E,8,70.0,E,8,872.5394,E,8,999.0,E,8,0.72,E,8,-9900,?,9,-9900,?,9,0.0,E,8,-9900,?,9,-9900,?,9,0.0,0.0,E,8
04/26/2017,12:00,1105.386,1348.521,511.45,1,8,138.599,1,8,397.856,1,8,61374.0,1,8,13166.909,1,8,43764.204,1,8,154.519,1,8,-9900,?,9,-9900,?,9,21.19,E,8,15.18,E,8,68.0,E,8,872.5394,E,8,999.0,E,8,0.72,E,8,-9900,?,9,-9900,?,9,0.0,E,8,-9900,?,9,-9900,?,9,0.0,0.0,E,8
04/26/2017,13:00,1086.371,1348.521,362.67,1,8,56.28,1,8,317.338,1,8,43520.4,1,8,5346.568,1,8,34907.202,1,8,125.407,1,8,-9900,?,9,-9900,?,9,21.1,E,8,15.15,E,8,68.0,E,8,872.5394,E,8,999.0,E,8,1.03,E,8,-9900,?,9,-9900,?,9,0.0,E,8,-9900,?,9,-9900,?,9,0.0,0.0,E,8
04/26/2017,14:00,985.586,1348.521,532.52,1,8,203.764,1,8,383.634,1,8,63902.4,1,8,19357.585,1,8,42199.773,1,8,167.125,1,8,-9900,?,9,-9900,?,9,21.52,E,8,15.26,E,8,67.0,E,8,872.5394,E,8,999.0,E,8,1.4,E,8,-9900,?,9,-9900,?,9,0.0,E,8,-9900,?,9,-9900,?,9,0.0,0.0,E,8
04/26/2017,15:00,809.93,1348.521,636.99,1,8,520.865,1,8,324.318,1,8,76438.8,1,8,49482.19,1,8,35674.946,1,8,171.972,1,8,-9900,?,9,-9900,?,9,22.09,E,8,15.41,E,8,65.0,E,8,872.5394,E,8,999.0,E,8,1.78,E,8,-9900,?,9,-9900,?,9,0.0,E,8,-9900,?,9,-9900,?,9,0.0,0.0,E,8
04/26/2017,16:00,571.475,1348.521,294.46,1,8,236.889,1,8,194.205,1,8,35335.2,1,8,22504.5,1,8,21362.538,1,8,146.066,1,8,-9900,?,9,-9900,?,9,21.57,E,8,15.27,E,8,67.0,E,8,872.5394,E,8,999.0,E,8,0.72,E,8,-9900,?,9,-9900,?,9,0.0,E,8,-9900,?,9,-9900,?,9,0.0,0.0,E,8
04/26/2017,17:00,286.939,1348.521,199.88,1,8,474.138,1,8,99.595,1,8,23985.6,1,8,45043.085,1,8,10955.474,1,8,149.885,1,8,-9900,?,9,-9900,?,9,20.83,E,8,15.08,E,8,69.0,E,8,872.5394,E,8,999.0,E,8,0.72,E,8,-9900,?,9,-9900,?,9,0.0,E,8,-9900,?,9,-9900,?,9,0.0,0.0,E,8
04/26/2017,18:00,0.0,1348.521,56.53,1,8,0.0,1,8,0.0,1,8,6783.6,1,8,0.0,1,8,0.0,1,8,-0.0,1,8,-9900,?,9,-9900,?,9,19.79,E,8,14.81,E,8,72.0,E,8,872.5394,E,8,999.0,E,8,0.72,E,8,-9900,?,9,-9900,?,9,0.0,E,8,-9900,?,9,-9900,?,9,0.0,0.0,E,8
04/26/2017,19:00,0.0,1348.521,0.0,1,8,0.0,1,8,0.0,1,8,0.0,1,8,0.0,1,8,0.0,1,8,-0.0,1,8,-9900,?,9,-9900,?,9,19.04,E,8,14.61,E,8,75.0,E,8,872.5394,E,8,999.0,E,8,0.72,E,8,-9900,?,9,-9900,?,9,0.0,E,8,-9900,?,9,-9900,?,9,0.0,0.0,E,8
04/26/2017,20:00,0.0,1348.521,0.0,1,8,0.0,1,8,0.0,1,8,0.0,1,8,0.0,1,8,0.0,1,8,-0.0,1,8,-9900,?,9,-9900,?,9,18.29,E,8,14.41,E,8,78.0,E,8,872.5394,E,8,999.0,E,8,0.72,E,8,-9900,?,9,-9900,?,9,0.0,E,8,-9900,?,9,-9900,?,9,0.0,0.0,E,8
04/26/2017,21:00,0.0,1348.521,0.0,1,8,0.0,1,8,0.0,1,8,0.0,1,8,0.0,1,8,0.0,1,8,-0.0,1,8,-9900,?,9,-9900,?,9,17.54,E,8,14.2,E,8,80.0,E,8,872.5394,E,8,999.0,E,8,0.72,E,8,-9900,?,9,-9900,?,9,0.0,E,8,-9900,?,9,-9900,?,9,0.0,0.0,E,8
04/26/2017,22:00,0.0,1348.521,0.0,1,8,0.0,1,8,0.0,1,8,0.0,1,8,0.0,1,8,0.0,1,8,-0.0,1,8,-9900,?,9,-9900,?,9,16.79,E,8,14.0,E,8,83.0,E,8,872.5394,E,8,999.0,E,8,0.72,E,8,-9900,?,9,-9900,?,9,0.0,E,8,-9900,?,9,-9900,?,9,0.0,0.0,E,8
04/26/2017,23:00,0.0,1348.521,0.0,1,8,0.0,1,8,0.0,1,8,0.0,1,8,0.0,1,8,0.0,1,8,-0.0,1,8,-9900,?,9,-9900,?,9,16.04,E,8,13.79,E,8,86.0,E,8,872.5394,E,8,999.0,E,8,0.72,E,8,-9900,?,9,-9900,?,9,0.0,E,8,-9900,?,9,-9900,?,9,0.0,0.0,E,8
04/26/2017,24:00,0.0,1348.521,0.0,1,8,0.0,1,8,0.0,1,8,0.0,1,8,0.0,1,8,0.0,1,8,-0.0,1,8,-9900,?,9,-9900,?,9,15.29,E,8,12.04,E,8,80.0,E,8,872.5394,E,8,999.0,E,8,0.48,E,8,-9900,?,9,-9900,?,9,0.0,E,8,-9900,?,9,-9900,?,9,0.0,0.0,E,8
04/27/2017,01:00,0.0,1348.521,0.0,1,8,0.0,1,8,0.0,1,8,0.0,1,8,0.0,1,8,0.0,1,8,-0.0,1,8,-9900,?,9,-9900,?,9,14.91,E,8,12.05,E,8,82.0,E,8,872.5394,E,8,999.0,E,8,0.48,E,8,-9900,?,9,-9900,?,9,0.0,E,8,-9900,?,9,-9900,?,9,0.0,0.0,E,8
04/27/2017,02:00,0.0,1348.521,0.0,1,8,0.0,1,8,0.0,1,8,0.0,1,8,0.0,1,8,0.0,1,8,-0.0,1,8,-9900,?,9,-9900,?,9,14.53,E,8,12.05,E,8,85.0,E,8,872.5394,E,8,999.0,E,8,0.48,E,8,-9900,?,9,-9900,?,9,0.0,E,8,-9900,?,9,-9900,?,9,0.0,0.0,E,8
04/27/2017,03:00,0.0,1348.521,0.0,1,8,0.0,1,8,0.0,1,8,0.0,1,8,0.0,1,8,0.0,1,8,-0.0,1,8,-9900,?,9,-9900,?,9,14.16,E,8,12.06,E,8,87.0,E,8,872.5394,E,8,999.0,E,8,0.48,E,8,-9900,?,9,-9900,?,9,0.0,E,8,-9900,?,9,-9900,?,9,0.0,0.0,E,8
04/27/2017,04:00,0.0,1347.796,0.0,1,8,0.0,1,8,0.0,1,8,0.0,1,8,0.0,1,8,0.0,1,8,-0.0,1,8,-9900,?,9,-9900,?,9,13.78,E,8,12.07,E,8,89.0,E,8,872.5394,E,8,999.0,E,8,0.48,E,8,-9900,?,9,-9900,?,9,0.0,E,8,-9900,?,9,-9900,?,9,0.0,0.0,E,8
04/27/2017,05:00,0.0,1347.796,0.0,1,8,0.0,1,8,0.0,1,8,0.0,1,8,0.0,1,8,0.0,1,8,-0.0,1,8,-9900,?,9,-9900,?,9,13.41,E,8,12.07,E,8,91.0,E,8,872.5394,E,8,999.0,E,8,0.48,E,8,-9900,?,9,-9900,?,9,0.0,E,8,-9900,?,9,-9900,?,9,0.0,0.0,E,8
04/27/2017,06:00,0.0,1347.796,0.0,1,8,0.0,1,8,0.0,1,8,0.0,1,8,0.0,1,8,0.0,1,8,-0.0,1,8,-9900,?,9,-9900,?,9,13.12,E,8,12.08,E,8,93.0,E,8,872.5394,E,8,999.0,E,8,0.48,E,8,-9900,?,9,-9900,?,9,0.0,E,8,-9900,?,9,-9900,?,9,0.0,0.0,E,8
04/27/2017,07:00,118.609,1347.796,0.0,1,8,0.0,1,8,0.0,1,8,0.0,1,8,0.0,1,8,0.0,1,8,0.0,1,8,-9900,?,9,-9900,?,9,12.87,E,8,12.08,E,8,94.0,E,8,872.5394,E,8,999.0,E,8,0.48,E,8,-9900,?,9,-9900,?,9,0.0,E,8,-9900,?,9,-9900,?,9,0.0,0.0,E,8
04/27/2017,08:00,418.162,1347.796,100.07,1,8,0.0,1,8,100.07,1,8,12008.4,1,8,0.0,1,8,11007.7,1,8,102.947,1,8,-9900,?,9,-9900,?,9,12.62,E,8,12.09,E,8,96.0,E,8,872.5394,E,8,999.0,E,8,0.48,E,8,-9900,?,9,-9900,?,9,0.0,E,8,-9900,?,9,-9900,?,9,0.0,0.0,E,8
04/27/2017,09:00,683.461,1347.796,280.63,1,8,98.313,1,8,230.818,1,8,33675.6,1,8,9339.709,1,8,25390.008,1,8,145.01,1,8,-9900,?,9,-9900,?,9,16.21,E,8,12.02,E,8,76.0,E,8,872.5394,E,8,999.0,E,8,0.48,E,8,-9900,?,9,-9900,?,9,0.0,E,8,-9900,?,9,-9900,?,9,0.0,0.0,E,8
04/27/2017,10:00,894.552,1347.796,440.4,1,8,145.314,1,8,343.989,1,8,52848.0,1,8,13804.857,1,8,37838.757,1,8,165.034,1,8,-9900,?,9,-9900,?,9,17.79,E,8,11.99,E,8,68.0,E,8,872.5394,E,8,999.0,E,8,0.48,E,8,-9900,?,9,-9900,?,9,0.0,E,8,-9900,?,9,-9900,?,9,0.0,0.0,E,8
04/27/2017,11:00,1036.838,1347.796,560.34,1,8,307.759,1,8,323.634,1,8,67240.8,1,8,29237.094,1,8,35599.746,1,8,133.939,1,8,-9900,?,9,-9900,?,9,19.14,E,8,11.97,E,8,63.0,E,8,872.5394,E,8,999.0,E,8,0.59,E,8,-9900,?,9,-9900,?,9,0.0,E,8,-9900,?,9,-9900,?,9,0.0,0.0,E,8
04/27/2017,12:00,1100.563,1347.796,630.57,1,8,271.09,1,8,409.24,1,8,75668.4,1,8,25753.593,1,8,45016.355,1,8,159.552,1,8,-9900,?,9,-9900,?,9,20.21,E,8,11.95,E,8,58.0,E,8,872.5394,E,8,999.0,E,8,0.53,E,8,-9900,?,9,-9900,?,9,0.0,E,8,-9900,?,9,-9900,?,9,0.0,0.0,E,8
04/27/2017,13:00,1081.37,1347.796,645.77,1,8,321.922,1,8,387.526,1,8,77492.4,1,8,30582.596,1,8,42627.872,1,8,153.77,1,8,-9900,?,9,-9900,?,9,20.98,E,8,11.93,E,8,56.0,E,8,872.5394,E,8,999.0,E,8,0.72,E,8,-9900,?,9,-9900,?,9,0.0,E,8,-9900,?,9,-9900,?,9,0.0,0.0,E,8
04/27/2017,14:00,980.573,1347.796,604.82,1,8,408.824,1,8,307.463,1,8,72578.4,1,8,38838.243,1,8,33820.93,1,8,134.555,1,8,-9900,?,9,-9900,?,9,21.42,E,8,11.92,E,8,54.0,E,8,872.5394,E,8,999.0,E,8,1.2,E,8,-9900,?,9,-9900,?,9,0.0,E,8,-9900,?,9,-9900,?,9,0.0,0.0,E,8
04/27/2017,15:00,805.075,1347.796,510.78,1,8,492.548,1,8,216.723,1,8,61293.6,1,8,46792.097,1,8,23839.547,1,8,115.551,1,8,-9900,?,9,-9900,?,9,21.52,E,8,11.92,E,8,54.0,E,8,872.5394,E,8,999.0,E,8,2.25,E,8,-9900,?,9,-9900,?,9,0.0,E,8,-9900,?,9,-9900,?,9,0.0,0.0,E,8
04/27/2017,16:00,566.937,1347.796,370.94,1,8,564.575,1,8,133.779,1,8,44512.8,1,8,53634.658,1,8,14715.702,1,8,101.372,1,8,-9900,?,9,-9900,?,9,21.16,E,8,11.93,E,8,55.0,E,8,872.5394,E,8,999.0,E,8,3.08,E,8,-9900,?,9,-9900,?,9,0.0,E,8,-9900,?,9,-9900,?,9,0.0,0.0,E,8
04/27/2017,17:00,282.867,1347.796,198.08,1,8,597.373,1,8,73.477,1,8,23769.6,1,8,56750.397,1,8,8082.475,1,8,112.129,1,8,-9900,?,9,-9900,?,9,20.32,E,8,11.94,E,8,58.0,E,8,872.5394,E,8,999.0,E,8,2.07,E,8,-9900,?,9,-9900,?,9,0.0,E,8,-9900,?,9,-9900,?,9,0.0,0.0,E,8
04/27/2017,18:00,0.0,1347.796,26.89,1,8,0.0,1,8,0.0,1,8,3226.8,1,8,0.0,1,8,0.0,1,8,-0.0,1,8,-9900,?,9,-9900,?,9,19.13,E,8,11.97,E,8,63.0,E,8,872.5394,E,8,999.0,E,8,1.23,E,8,-9900,?,9,-9900,?,9,0.0,E,8,-9900,?,9,-9900,?,9,0.0,0.0,E,8
04/27/2017,19:00,0.0,1347.796,0.0,1,8,0.0,1,8,0.0,1,8,0.0,1,8,0.0,1,8,0.0,1,8,-0.0,1,8,-9900,?,9,-9900,?,9,18.45,E,8,11.98,E,8,65.0,E,8,872.5394,E,8,999.0,E,8,0.57,E,8,-9900,?,9,-9900,?,9,0.0,E,8,-9900,?,9,-9900,?,9,0.0,0.0,E,8
04/27/2017,20:00,0.0,1347.796,0.0,1,8,0.0,1,8,0.0,1,8,0.0,1,8,0.0,1,8,0.0,1,8,-0.0,1,8,-9900,?,9,-9900,?,9,17.76,E,8,11.99,E,8,68.0,E,8,872.5394,E,8,999.0,E,8,0.48,E,8,-9900,?,9,-9900,?,9,0.0,E,8,-9900,?,9,-9900,?,9,0.0,0.0,E,8
04/27/2017,21:00,0.0,1347.796,0.0,1,8,0.0,1,8,0.0,1,8,0.0,1,8,0.0,1,8,0.0,1,8,-0.0,1,8,-9900,?,9,-9900,?,9,17.07,E,8,12.01,E,8,72.0,E,8,872.5394,E,8,999.0,E,8,0.48,E,8,-9900,?,9,-9900,?,9,0.0,E,8,-9900,?,9,-9900,?,9,0.0,0.0,E,8
04/27/2017,22:00,0.0,1347.796,0.0,1,8,0.0,1,8,0.0,1,8,0.0,1,8,0.0,1,8,0.0,1,8,-0.0,1,8,-9900,?,9,-9900,?,9,16.39,E,8,12.02,E,8,75.0,E,8,872.5394,E,8,999.0,E,8,0.48,E,8,-9900,?,9,-9900,?,9,0.0,E,8,-9900,?,9,-9900,?,9,0.0,0.0,E,8
04/27/2017,23:00,0.0,1347.796,0.0,1,8,0.0,1,8,0.0,1,8,0.0,1,8,0.0,1,8,0.0,1,8,-0.0,1,8,-9900,?,9,-9900,?,9,15.7,E,8,12.03,E,8,78.0,E,8,872.5394,E,8,999.0,E,8,0.48,E,8,-9900,?,9,-9900,?,9,0.0,E,8,-9900,?,9,-9900,?,9,0.0,0.0,E,8
04/27/2017,24:00,0.0,1347.796,0.0,1,8,0.0,1,8,0.0,1,8,0.0,1,8,0.0,1,8,0.0,1,8,-0.0,1,8,-9900,?,9,-9900,?,9,15.02,E,8,12.82,E,8,86.0,E,8,872.5394,E,8,999.0,E,8,0.32,E,8,-9900,?,9,-9900,?,9,0.0,E,8,-9900,?,9,-9900,?,9,0.0,0.0,E,8
04/28/2017,01:00,0.0,1347.796,0.0,1,8,0.0,1,8,0.0,1,8,0.0,1,8,0.0,1,8,0.0,1,8,-0.0,1,8,-9900,?,9,-9900,?,9,14.67,E,8,12.73,E,8,88.0,E,8,872.5394,E,8,999.0,E,8,0.32,E,8,-9900,?,9,-9900,?,9,0.0,E,8,-9900,?,9,-9900,?,9,0.0,0.0,E,8
04/28/2017,02:00,0.0,1347.796,0.0,1,8,0.0,1,8,0.0,1,8,0.0,1,8,0.0,1,8,0.0,1,8,-0.0,1,8,-9900,?,9,-9900,?,9,14.33,E,8,12.64,E,8,89.0,E,8,872.5394,E,8,999.0,E,8,0.32,E,8,-9900,?,9,-9900,?,9,0.0,E,8,-9900,?,9,-9900,?,9,0.0,0.0,E,8
04/28/2017,03:00,0.0,1347.796,0.0,1,8,0.0,1,8,0.0,1,8,0.0,1,8,0.0,1,8,0.0,1,8,-0.0,1,8,-9900,?,9,-9900,?,9,13.99,E,8,12.56,E,8,91.0,E,8,872.5394,E,8,999.0,E,8,0.32,E,8,-9900,?,9,-9900,?,9,0.0,E,8,-9900,?,9,-9900,?,9,0.0,0.0,E,8
04/28/2017,04:00,0.0,1347.077,0.0,1,8,0.0,1,8,0.0,1,8,0.0,1,8,0.0,1,8,0.0,1,8,-0.0,1,8,-9900,?,9,-9900,?,9,13.64,E,8,12.47,E,8,92.0,E,8,872.5394,E,8,999.0,E,8,0.32,E,8,-9900,?,9,-9900,?,9,0.0,E,8,-9900,?,9,-9900,?,9,0.0,0.0,E,8
04/28/2017,05:00,0.0,1347.077,0.0,1,8,0.0,1,8,0.0,1,8,0.0,1,8,0.0,1,8,0.0,1,8,-0.0,1,8,-9900,?,9,-9900,?,9,13.3,E,8,12.38,E,8,94.0,E,8,872.5394,E,8,999.0,E,8,0.32,E,8,-9900,?,9,-9900,?,9,0.0,E,8,-9900,?,9,-9900,?,9,0.0,0.0,E,8
04/28/2017,06:00,0.0,1347.077,0.0,1,8,0.0,1,8,0.0,1,8,0.0,1,8,0.0,1,8,0.0,1,8,-0.0,1,8,-9900,?,9,-9900,?,9,13.04,E,8,12.31,E,8,95.0,E,8,872.5394,E,8,999.0,E,8,0.32,E,8,-9900,?,9,-9900,?,9,0.0,E,8,-9900,?,9,-9900,?,9,0.0,0.0,E,8
04/28/2017,07:00,116.463,1347.077,0.0,1,8,0.0,1,8,0.0,1,8,0.0,1,8,0.0,1,8,0.0,1,8,0.0,1,8,-9900,?,9,-9900,?,9,12.81,E,8,12.25,E,8,96.0,E,8,872.5394,E,8,999.0,E,8,0.32,E,8,-9900,?,9,-9900,?,9,0.0,E,8,-9900,?,9,-9900,?,9,0.0,0.0,E,8
04/28/2017,08:00,415.327,1347.077,99.19,1,8,0.0,1,8,99.19,1,8,11902.8,1,8,0.0,1,8,10910.9,1,8,102.687,1,8,-9900,?,9,-9900,?,9,12.58,E,8,12.19,E,8,97.0,E,8,872.5394,E,8,999.0,E,8,0.32,E,8,-9900,?,9,-9900,?,9,0.0,E,8,-9900,?,9,-9900,?,9,0.0,0.0,E,8
04/28/2017,09:00,680.0,1347.077,288.16,1,8,112.248,1,8,231.546,1,8,34579.2,1,8,10663.563,1,8,25470.067,1,8,146.131,1,8,-9900,?,9,-9900,?,9,16.25,E,8,13.12,E,8,81.0,E,8,872.5394,E,8,999.0,E,8,0.32,E,8,-9900,?,9,-9900,?,9,0.0,E,8,-9900,?,9,-9900,?,9,0.0,0.0,E,8
04/28/2017,10:00,890.532,1347.077,401.84,1,8,103.113,1,8,333.699,1,8,48220.8,1,8,9795.768,1,8,36706.902,1,8,160.736,1,8,-9900,?,9,-9900,?,9,17.56,E,8,13.44,E,8,76.0,E,8,872.5394,E,8,999.0,E,8,0.59,E,8,-9900,?,9,-9900,?,9,0.0,E,8,-9900,?,9,-9900,?,9,0.0,0.0,E,8
04/28/2017,11:00,1032.361,1347.077,581.66,1,8,263.205,1,8,379.989,1,8,69799.2,1,8,25004.521,1,8,41798.741,1,8,157.86,1,8,-9900,?,9,-9900,?,9,19.07,E,8,13.8,E,8,71.0,E,8,872.5394,E,8,999.0,E,8,1.31,E,8,-9900,?,9,-9900,?,9,0.0,E,8,-9900,?,9,-9900,?,9,0.0,0.0,E,8
04/28/2017,12:00,1095.764,1347.077,672.9,1,8,360.077,1,8,380.044,1,8,80748.0,1,8,34207.326,1,8,41804.798,1,8,148.739,1,8,-9900,?,9,-9900,?,9,20.32,E,8,14.09,E,8,67.0,E,8,872.5394,E,8,999.0,E,8,1.98,E,8,-9900,?,9,-9900,?,9,0.0,E,8,-9900,?,9,-9900,?,9,0.0,0.0,E,8
04/28/2017,13:00,1076.404,1347.077,793.84,1,8,648.481,1,8,275.747,1,8,95260.8,1,8,61605.661,1,8,30332.185,1,8,109.863,1,8,-9900,?,9,-9900,?,9,21.54,E,8,14.37,E,8,63.0,E,8,872.5394,E,8,999.0,E,8,2.31,E,8,-9900,?,9,-9900,?,9,0.0,E,8,-9900,?,9,-9900,?,9,0.0,0.0,E,8
04/28/2017,14:00,975.609,1347.077,620.63,1,8,431.999,1,8,307.842,1,8,74475.6,1,8,41039.908,1,8,33862.604,1,8,135.335,1,8,-9900,?,9,-9900,?,9,21.94,E,8,14.46,E,8,62.0,E,8,872.5394,E,8,999.0,E,8,2.57,E,8,-9900,?,9,-9900,?,9,0.0,E,8,-9900,?,9,-9900,?,9,0.0,0.0,E,8
04/28/2017,15:00,800.28,1347.077,442.88,1,8,290.251,1,8,270.538,1,8,53145.6,1,8,27573.88,1,8,29759.216,1,8,145.032,1,8,-9900,?,9,-9900,?,9,21.73,E,8,14.41,E,8,63.0,E,8,872.5394,E,8,999.0,E,8,2.72,E,8,-9900,?,9,-9900,?,9,0.0,E,8,-9900,?,9,-9900,?,9,0.0,0.0,E,8
04/28/2017,16:00,562.47,1347.077,313.11,1,8,355.113,1,8,165.038,1,8,37573.2,1,8,33735.731,1,8,18154.166,1,8,125.987,1,8,-9900,?,9,-9900,?,9,21.11,E,8,14.27,E,8,64.0,E,8,872.5394,E,8,999.0,E,8,1.53,E,8,-9900,?,9,-9900,?,9,0.0,E,8,-9900,?,9,-9900,?,9,0.0,0.0,E,8
04/28/2017,17:00,278.874,1347.077,174.79,1,8,557.712,1,8,60.06,1,8,20974.8,1,8,52982.635,1,8,6606.641,1,8,92.934,1,8,-9900,?,9,-9900,?,9,20.16,E,8,14.05,E,8,67.0,E,8,872.5394,E,8,999.0,E,8,1.16,E,8,-9900,?,9,-9900,?,9,0.0,E,8,-9900,?,9,-9900,?,9,0.0,0.0,E,8
04/28/2017,18:00,0.0,1347.077,21.44,1,8,0.0,1,8,0.0,1,8,2572.8,1,8,0.0,1,8,0.0,1,8,-0.0,1,8,-9900,?,9,-9900,?,9,18.94,E,8,13.77,E,8,71.0,E,8,872.5394,E,8,999.0,E,8,0.32,E,8,-9900,?,9,-9900,?,9,0.0,E,8,-9900,?,9,-9900,?,9,0.0,0.0,E,8
04/28/2017,19:00,0.0,1347.077,0.0,1,8,0.0,1,8,0.0,1,8,0.0,1,8,0.0,1,8,0.0,1,8,-0.0,1,8,-9900,?,9,-9900,?,9,18.39,E,8,13.64,E,8,73.0,E,8,872.5394,E,8,999.0,E,8,0.32,E,8,-9900,?,9,-9900,?,9,0.0,E,8,-9900,?,9,-9900,?,9,0.0,0.0,E,8
04/28/2017,20:00,0.0,1347.077,0.0,1,8,0.0,1,8,0.0,1,8,0.0,1,8,0.0,1,8,0.0,1,8,-0.0,1,8,-9900,?,9,-9900,?,9,17.84,E,8,13.51,E,8,75.0,E,8,872.5394,E,8,999.0,E,8,0.32,E,8,-9900,?,9,-9900,?,9,0.0,E,8,-9900,?,9,-9900,?,9,0.0,0.0,E,8
04/28/2017,21:00,0.0,1347.077,0.0,1,8,0.0,1,8,0.0,1,8,0.0,1,8,0.0,1,8,0.0,1,8,-0.0,1,8,-9900,?,9,-9900,?,9,17.29,E,8,13.37,E,8,77.0,E,8,872.5394,E,8,999.0,E,8,0.32,E,8,-9900,?,9,-9900,?,9,0.0,E,8,-9900,?,9,-9900,?,9,0.0,0.0,E,8
04/28/2017,22:00,0.0,1347.077,0.0,1,8,0.0,1,8,0.0,1,8,0.0,1,8,0.0,1,8,0.0,1,8,-0.0,1,8,-9900,?,9,-9900,?,9,16.74,E,8,13.24,E,8,79.0,E,8,872.5394,E,8,999.0,E,8,0.34,E,8,-9900,?,9,-9900,?,9,0.0,E,8,-9900,?,9,-9900,?,9,0.0,0.0,E,8
04/28/2017,23:00,0.0,1347.077,0.0,1,8,0.0,1,8,0.0,1,8,0.0,1,8,0.0,1,8,0.0,1,8,-0.0,1,8,-9900,?,9,-9900,?,9,16.19,E,8,13.11,E,8,81.0,E,8,872.5394,E,8,999.0,E,8,0.39,E,8,-9900,?,9,-9900,?,9,0.0,E,8,-9900,?,9,-9900,?,9,0.0,0.0,E,8
04/28/2017,24:00,0.0,1347.077,0.0,1,8,0.0,1,8,0.0,1,8,0.0,1,8,0.0,1,8,0.0,1,8,-0.0,1,8,-9900,?,9,-9900,?,9,15.64,E,8,14.61,E,8,93.0,E,8,872.5394,E,8,999.0,E,8,0.49,E,8,-9900,?,9,-9900,?,9,0.0,E,8,-9900,?,9,-9900,?,9,0.0,0.0,E,8
04/29/2017,01:00,0.0,1347.077,0.0,1,8,0.0,1,8,0.0,1,8,0.0,1,8,0.0,1,8,0.0,1,8,-0.0,1,8,-9900,?,9,-9900,?,9,15.37,E,8,14.43,E,8,94.0,E,8,872.5394,E,8,999.0,E,8,0.49,E,8,-9900,?,9,-9900,?,9,0.0,E,8,-9900,?,9,-9900,?,9,0.0,0.0,E,8
04/29/2017,02:00,0.0,1347.077,0.0,1,8,0.0,1,8,0.0,1,8,0.0,1,8,0.0,1,8,0.0,1,8,-0.0,1,8,-9900,?,9,-9900,?,9,15.09,E,8,14.25,E,8,94.0,E,8,872.5394,E,8,999.0,E,8,0.94,E,8,-9900,?,9,-9900,?,9,0.0,E,8,-9900,?,9,-9900,?,9,0.0,0.0,E,8
04/29/2017,03:00,0.0,1347.077,0.0,1,8,0.0,1,8,0.0,1,8,0.0,1,8,0.0,1,8,0.0,1,8,-0.0,1,8,-9900,?,9,-9900,?,9,14.82,E,8,14.07,E,8,95.0,E,8,872.5394,E,8,999.0,E,8,1.15,E,8,-9900,?,9,-9900,?,9,0.0,E,8,-9900,?,9,-9900,?,9,0.0,0.0,E,8
04/29/2017,04:00,0.0,1346.364,0.0,1,8,0.0,1,8,0.0,1,8,0.0,1,8,0.0,1,8,0.0,1,8,-0.0,1,8,-9900,?,9,-9900,?,9,14.54,E,8,13.88,E,8,95.0,E,8,872.5394,E,8,999.0,E,8,1.52,E,8,-9900,?,9,-9900,?,9,0.0,E,8,-9900,?,9,-9900,?,9,0.0,0.0,E,8
04/29/2017,05:00,0.0,1346.364,0.0,1,8,0.0,1,8,0.0,1,8,0.0,1,8,0.0,1,8,0.0,1,8,-0.0,1,8,-9900,?,9,-9900,?,9,14.27,E,8,13.69,E,8,96.0,E,8,872.5394,E,8,999.0,E,8,0.79,E,8,-9900,?,9,-9900,?,9,0.0,E,8,-9900,?,9,-9900,?,9,0.0,0.0,E,8
04/29/2017,06:00,0.0,1346.364,0.0,1,8,0.0,1,8,0.0,1,8,0.0,1,8,0.0,1,8,0.0,1,8,-0.0,1,8,-9900,?,9,-9900,?,9,14.05,E,8,13.54,E,8,96.0,E,8,872.5394,E,8,999.0,E,8,0.49,E,8,-9900,?,9,-9900,?,9,0.0,E,8,-9900,?,9,-9900,?,9,0.0,0.0,E,8
04/29/2017,07:00,114.308,1346.364,0.0,1,8,0.0,1,8,0.0,1,8,0.0,1,8,0.0,1,8,0.0,1,8,0.0,1,8,-9900,?,9,-9900,?,9,13.87,E,8,13.41,E,8,97.0,E,8,872.5394,E,8,999.0,E,8,0.49,E,8,-9900,?,9,-9900,?,9,0.0,E,8,-9900,?,9,-9900,?,9,0.0,0.0,E,8
04/29/2017,08:00,412.484,1346.364,65.81,1,8,0.0,1,8,65.81,1,8,7897.2,1,8,0.0,1,8,7239.1,1,8,68.566,1,8,-9900,?,9,-9900,?,9,13.69,E,8,13.29,E,8,97.0,E,8,872.5394,E,8,999.0,E,8,0.49,E,8,-9900,?,9,-9900,?,9,0.0,E,8,-9900,?,9,-9900,?,9,0.0,0.0,E,8
04/29/2017,09:00,676.535,1346.364,186.93,1,8,11.168,1,8,181.323,1,8,22431.6,1,8,1061.0,1,8,19945.512,1,8,114.961,1,8,-9900,?,9,-9900,?,9,16.07,E,8,14.89,E,8,92.0,E,8,872.5394,E,8,999.0,E,8,0.49,E,8,-9900,?,9,-9900,?,9,0.0,E,8,-9900,?,9,-9900,?,9,0.0,0.0,E,8
04/29/2017,10:00,886.516,1346.364,294.16,1,8,42.247,1,8,266.353,1,8,35299.2,1,8,4013.499,1,8,29298.81,1,8,128.81,1,8,-9900,?,9,-9900,?,9,17.12,E,8,15.55,E,8,90.0,E,8,872.5394,E,8,999.0,E,8,1.09,E,8,-9900,?,9,-9900,?,9,0.0,E,8,-9900,?,9,-9900,?,9,0.0,0.0,E,8
04/29/2017,11:00,1027.899,1346.364,374.61,1,8,19.691,1,8,359.58,1,8,44953.2,1,8,1870.658,1,8,39553.769,1,8,149.951,1,8,-9900,?,9,-9900,?,9,18.03,E,8,16.1,E,8,88.0,E,8,872.5394,E,8,999.0,E,8,1.23,E,8,-9900,?,9,-9900,?,9,0.0,E,8,-9900,?,9,-9900,?,9,0.0,0.0,E,8
04/29/2017,12:00,1090.991,1346.364,421.64,1,8,30.49,1,8,396.937,1,8,50596.8,1,8,2896.549,1,8,43663.075,1,8,155.948,1,8,-9900,?,9,-9900,?,9,18.75,E,8,16.53,E,8,86.0,E,8,872.5394,E,8,999.0,E,8,1.22,E,8,-9900,?,9,-9900,?,9,0.0,E,8,-9900,?,9,-9900,?,9,0.0,0.0,E,8
04/29/2017,13:00,1071.477,1346.364,431.67,1,8,55.36,1,8,387.62,1,8,51800.4,1,8,5259.218,1,8,42638.221,1,8,155.064,1,8,-9900,?,9,-9900,?,9,19.26,E,8,16.82,E,8,85.0,E,8,872.5394,E,8,999.0,E,8,1.97,E,8,-9900,?,9,-9900,?,9,0.0,E,8,-9900,?,9,-9900,?,9,0.0,0.0,E,8
04/29/2017,14:00,970.696,1346.364,403.98,1,8,56.33,1,8,363.378,1,8,48477.6,1,8,5351.363,1,8,39971.62,1,8,160.475,1,8,-9900,?,9,-9900,?,9,19.55,E,8,16.99,E,8,85.0,E,8,872.5394,E,8,999.0,E,8,1.66,E,8,-9900,?,9,-9900,?,9,0.0,E,8,-9900,?,9,-9900,?,9,0.0,0.0,E,8
04/29/2017,15:00,795.548,1346.364,340.62,1,8,74.637,1,8,296.542,1,8,40874.4,1,8,7090.527,1,8,32619.624,1,8,159.834,1,8,-9900,?,9,-9900,?,9,19.62,E,8,17.03,E,8,84.0,E,8,872.5394,E,8,999.0,E,8,0.96,E,8,-9900,?,9,-9900,?,9,0.0,E,8,-9900,?,9,-9900,?,9,0.0,0.0,E,8
04/29/2017,16:00,558.076,1346.364,246.53,1,8,160.981,1,8,179.896,1,8,29583.6,1,8,15293.226,1,8,19788.567,1,8,138.341,1,8,-9900,?,9,-9900,?,9,19.38,E,8,16.89,E,8,85.0,E,8,872.5394,E,8,999.0,E,8,0.53,E,8,-9900,?,9,-9900,?,9,0.0,E,8,-9900,?,9,-9900,?,9,0.0,0.0,E,8
04/29/2017,17:00,274.962,1346.364,130.36,1,8,337.327,1,8,61.916,1,8,15643.2,1,8,32046.025,1,8,6810.786,1,8,97.134,1,8,-9900,?,9,-9900,?,9,18.81,E,8,16.56,E,8,86.0,E,8,872.5394,E,8,999.0,E,8,0.49,E,8,-9900,?,9,-9900,?,9,0.0,E,8,-9900,?,9,-9900,?,9,0.0,0.0,E,8
04/29/2017,18:00,0.0,1346.364,16.28,1,8,0.0,1,8,0.0,1,8,1953.6,1,8,0.0,1,8,0.0,1,8,-0.0,1,8,-9900,?,9,-9900,?,9,18.02,E,8,16.1,E,8,88.0,E,8,872.5394,E,8,999.0,E,8,0.49,E,8,-9900,?,9,-9900,?,9,0.0,E,8,-9900,?,9,-9900,?,9,0.0,0.0,E,8
04/29/2017,19:00,0.0,1346.364,0.0,1,8,0.0,1,8,0.0,1,8,0.0,1,8,0.0,1,8,0.0,1,8,-0.0,1,8,-9900,?,9,-9900,?,9,17.48,E,8,15.77,E,8,89.0,E,8,872.5394,E,8,999.0,E,8,0.49,E,8,-9900,?,9,-9900,?,9,0.0,E,8,-9900,?,9,-9900,?,9,0.0,0.0,E,8
04/29/2017,20:00,0.0,1346.364,0.0,1,8,0.0,1,8,0.0,1,8,0.0,1,8,0.0,1,8,0.0,1,8,-0.0,1,8,-9900,?,9,-9900,?,9,16.94,E,8,15.44,E,8,90.0,E,8,872.5394,E,8,999.0,E,8,0.49,E,8,-9900,?,9,-9900,?,9,0.0,E,8,-9900,?,9,-9900,?,9,0.0,0.0,E,8
04/29/2017,21:00,0.0,1346.364,0.0,1,8,0.0,1,8,0.0,1,8,0.0,1,8,0.0,1,8,0.0,1,8,-0.0,1,8,-9900,?,9,-9900,?,9,16.4,E,8,15.1,E,8,92.0,E,8,872.5394,E,8,999.0,E,8,0.49,E,8,-9900,?,9,-9900,?,9,0.0,E,8,-9900,?,9,-9900,?,9,0.0,0.0,E,8
04/29/2017,22:00,0.0,1346.364,0.0,1,8,0.0,1,8,0.0,1,8,0.0,1,8,0.0,1,8,0.0,1,8,-0.0,1,8,-9900,?,9,-9900,?,9,15.87,E,8,14.76,E,8,93.0,E,8,872.5394,E,8,999.0,E,8,0.49,E,8,-9900,?,9,-9900,?,9,0.0,E,8,-9900,?,9,-9900,?,9,0.0,0.0,E,8
04/29/2017,23:00,0.0,1346.364,0.0,1,8,0.0,1,8,0.0,1,8,0.0,1,8,0.0,1,8,0.0,1,8,-0.0,1,8,-9900,?,9,-9900,?,9,15.33,E,8,14.41,E,8,94.0,E,8,872.5394,E,8,999.0,E,8,0.49,E,8,-9900,?,9,-9900,?,9,0.0,E,8,-9900,?,9,-9900,?,9,0.0,0.0,E,8
04/29/2017,24:00,0.0,1346.364,0.0,1,8,0.0,1,8,0.0,1,8,0.0,1,8,0.0,1,8,0.0,1,8,-0.0,1,8,-9900,?,9,-9900,?,9,14.79,E,8,13.66,E,8,89.0,E,8,872.5394,E,8,999.0,E,8,0.74,E,8,-9900,?,9,-9900,?,9,0.0,E,8,-9900,?,9,-9900,?,9,0.0,0.0,E,8
04/30/2017,01:00,0.0,1346.364,0.0,1,8,0.0,1,8,0.0,1,8,0.0,1,8,0.0,1,8,0.0,1,8,-0.0,1,8,-9900,?,9,-9900,?,9,14.52,E,8,13.49,E,8,94.0,E,8,872.5394,E,8,999.0,E,8,0.74,E,8,-9900,?,9,-9900,?,9,0.002,E,8,-9900,?,9,-9900,?,9,0.02,99.0,E,8
04/30/2017,02:00,0.0,1346.364,0.0,1,8,0.0,1,8,0.0,1,8,0.0,1,8,0.0,1,8,0.0,1,8,-0.0,1,8,-9900,?,9,-9900,?,9,14.26,E,8,13.33,E,8,94.0,E,8,872.5394,E,8,999.0,E,8,0.74,E,8,-9900,?,9,-9900,?,9,0.001,E,8,-9900,?,9,-9900,?,9,0.01,99.0,E,8
04/30/2017,03:00,0.0,1346.364,0.0,1,8,0.0,1,8,0.0,1,8,0.0,1,8,0.0,1,8,0.0,1,8,-0.0,1,8,-9900,?,9,-9900,?,9,13.99,E,8,13.16,E,8,95.0,E,8,872.5394,E,8,999.0,E,8,0.74,E,8,-9900,?,9,-9900,?,9,0.006,E,8,-9900,?,9,-9900,?,9,0.06,99.0,E,8
04/30/2017,04:00,0.0,1345.658,0.0,1,8,0.0,1,8,0.0,1,8,0.0,1,8,0.0,1,8,0.0,1,8,-0.0,1,8,-9900,?,9,-9900,?,9,13.72,E,8,12.99,E,8,91.0,E,8,872.5394,E,8,999.0,E,8,0.74,E,8,-9900,?,9,-9900,?,9,0.0,E,8,-9900,?,9,-9900,?,9,0.0,0.0,E,8
04/30/2017,05:00,0.0,1345.658,0.0,1,8,0.0,1,8,0.0,1,8,0.0,1,8,0.0,1,8,0.0,1,8,-0.0,1,8,-9900,?,9,-9900,?,9,13.45,E,8,12.82,E,8,92.0,E,8,872.5394,E,8,999.0,E,8,0.74,E,8,-9900,?,9,-9900,?,9,0.0,E,8,-9900,?,9,-9900,?,9,0.0,0.0,E,8
04/30/2017,06:00,0.0,1345.658,0.0,1,8,0.0,1,8,0.0,1,8,0.0,1,8,0.0,1,8,0.0,1,8,-0.0,1,8,-9900,?,9,-9900,?,9,13.24,E,8,12.68,E,8,92.0,E,8,872.5394,E,8,999.0,E,8,0.74,E,8,-9900,?,9,-9900,?,9,0.0,E,8,-9900,?,9,-9900,?,9,0.0,0.0,E,8
04/30/2017,07:00,112.144,1345.658,0.0,1,8,0.0,1,8,0.0,1,8,0.0,1,8,0.0,1,8,0.0,1,8,0.0,1,8,-9900,?,9,-9900,?,9,13.07,E,8,12.57,E,8,92.0,E,8,872.5394,E,8,999.0,E,8,0.74,E,8,-9900,?,9,-9900,?,9,0.0,E,8,-9900,?,9,-9900,?,9,0.0,0.0,E,8
04/30/2017,08:00,409.633,1345.658,64.13,1,8,0.0,1,8,64.13,1,8,7695.6,1,8,0.0,1,8,7054.3,1,8,67.248,1,8,-9900,?,9,-9900,?,9,12.89,E,8,12.45,E,8,93.0,E,8,872.5394,E,8,999.0,E,8,0.74,E,8,-9900,?,9,-9900,?,9,0.0,E,8,-9900,?,9,-9900,?,9,0.0,0.0,E,8
04/30/2017,09:00,673.069,1345.658,183.37,1,8,10.285,1,8,178.23,1,8,22004.4,1,8,977.083,1,8,19605.315,1,8,113.524,1,8,-9900,?,9,-9900,?,9,15.72,E,8,14.22,E,8,88.0,E,8,872.5394,E,8,999.0,E,8,0.74,E,8,-9900,?,9,-9900,?,9,0.0,E,8,-9900,?,9,-9900,?,9,0.0,0.0,E,8
04/30/2017,10:00,882.506,1345.658,288.98,1,8,40.153,1,8,262.657,1,8,34677.6,1,8,3814.569,1,8,28892.265,1,8,127.534,1,8,-9900,?,9,-9900,?,9,16.98,E,8,14.95,E,8,86.0,E,8,872.5394,E,8,999.0,E,8,0.74,E,8,-9900,?,9,-9900,?,9,0.0,E,8,-9900,?,9,-9900,?,9,0.0,0.0,E,8
04/30/2017,11:00,1023.453,1345.658,368.19,1,8,18.784,1,8,353.906,1,8,44182.8,1,8,1784.511,1,8,38929.71,1,8,148.149,1,8,-9900,?,9,-9900,?,9,18.06,E,8,15.55,E,8,84.0,E,8,872.5394,E,8,999.0,E,8,0.74,E,8,-9900,?,9,-9900,?,9,0.0,E,8,-9900,?,9,-9900,?,9,0.0,0.0,E,8
04/30/2017,12:00,1086.247,1345.658,414.45,1,8,29.089,1,8,390.972,1,8,49734.0,1,8,2763.496,1,8,43006.922,1,8,154.195,1,8,-9900,?,9,-9900,?,9,18.92,E,8,16.02,E,8,82.0,E,8,872.5394,E,8,999.0,E,8,0.74,E,8,-9900,?,9,-9900,?,9,0.0,E,8,-9900,?,9,-9900,?,9,0.0,0.0,E,8
04/30/2017,13:00,1066.592,1345.658,424.26,1,8,88.0,1,8,354.522,1,8,50911.2,1,8,8359.993,1,8,38997.401,1,8,142.398,1,8,-9900,?,9,-9900,?,9,19.53,E,8,16.34,E,8,81.0,E,8,872.5394,E,8,999.0,E,8,0.74,E,8,-9900,?,9,-9900,?,9,0.0,E,8,-9900,?,9,-9900,?,9,0.0,0.0,E,8
04/30/2017,14:00,965.837,1345.658,396.89,1,8,70.3,1,8,346.447,1,8,47626.8,1,8,6678.5,1,8,38109.124,1,8,153.687,1,8,-9900,?,9,-9900,?,9,19.88,E,8,16.52,E,8,80.0,E,8,872.5394,E,8,999.0,E,8,1.0,E,8,-9900,?,9,-9900,?,9,0.0,E,8,-9900,?,9,-9900,?,9,0.0,0.0,E,8
04/30/2017,15:00,790.882,1345.658,334.39,1,8,93.21,1,8,279.638,1,8,40126.8,1,8,8854.906,1,8,30760.231,1,8,151.534,1,8,-9900,?,9,-9900,?,9,19.96,E,8,16.56,E,8,80.0,E,8,872.5394,E,8,999.0,E,8,1.69,E,8,-9900,?,9,-9900,?,9,0.0,E,8,-9900,?,9,-9900,?,9,0.0,0.0,E,8
04/30/2017,16:00,553.756,1345.658,241.61,1,8,146.773,1,8,181.297,1,8,28993.2,1,8,13943.433,1,8,19942.698,1,8,140.436,1,8,-9900,?,9,-9900,?,9,19.67,E,8,16.41,E,8,81.0,E,8,872.5394,E,8,999.0,E,8,1.14,E,8,-9900,?,9,-9900,?,9,0.0,E,8,-9900,?,9,-9900,?,9,0.0,0.0,E,8
04/30/2017,17:00,271.132,1345.658,127.14,1,8,327.066,1,8,61.68,1,8,15256.8,1,8,31071.276,1,8,6784.789,1,8,98.096,1,8,-9900,?,9,-9900,?,9,18.99,E,8,16.05,E,8,82.0,E,8,872.5394,E,8,999.0,E,8,0.74,E,8,-9900,?,9,-9900,?,9,0.0,E,8,-9900,?,9,-9900,?,9,0.0,0.0,E,8
04/30/2017,18:00,0.0,1345.658,76.792,1,8,0.0,1,8,0.0,1,8,9215.04,1,8,0.0,1,8,0.0,1,8,-0.0,1,8,-9900,?,9,-9900,?,9,18.192,E,8,15.614,E,8,83.6,E,8,872.5394,E,8,999.0,E,8,0.82,E,8,-9900,?,9,-9900,?,9,0.0,E,8,-9900,?,9,-9900,?,9,0.0,0.0,E,8
04/30/2017,19:00,0.0,1345.658,28.47,1,8,0.0,1,8,0.0,1,8,3416.4,1,8,0.0,1,8,0.0,1,8,-0.0,1,8,-9900,?,9,-9900,?,9,17.502,E,8,15.234,E,8,84.8,E,8,872.5394,E,8,999.0,E,8,0.74,E,8,-9900,?,9,-9900,?,9,0.0,E,8,-9900,?,9,-9900,?,9,0.0,0.0,E,8
04/30/2017,20:00,0.0,1345.658,3.042,1,8,0.0,1,8,0.0,1,8,365.04,1,8,0.0,1,8,0.0,1,8,-0.0,1,8,-9900,?,9,-9900,?,9,16.828,E,8,14.856,E,8,86.0,E,8,872.5394,E,8,999.0,E,8,0.74,E,8,-9900,?,9,-9900,?,9,0.0,E,8,-9900,?,9,-9900,?,9,0.0,0.0,E,8
04/30/2017,21:00,0.0,1345.658,0.0,1,8,0.0,1,8,0.0,1,8,0.0,1,8,0.0,1,8,0.0,1,8,-0.0,1,8,-9900,?,9,-9900,?,9,16.222,E,8,14.506,E,8,88.6,E,8,872.5394,E,8,999.0,E,8,0.74,E,8,-9900,?,9,-9900,?,9,0.0382,E,8,-9900,?,9,-9900,?,9,0.382,99.0,E,8
04/30/2017,22:00,0.0,1345.658,0.0,1,8,0.0,1,8,0.0,1,8,0.0,1,8,0.0,1,8,0.0,1,8,-0.0,1,8,-9900,?,9,-9900,?,9,15.648,E,8,13.77,E,8,88.0,E,8,872.5394,E,8,999.0,E,8,0.652,E,8,-9900,?,9,-9900,?,9,0.0402,E,8,-9900,?,9,-9900,?,9,0.402,99.0,E,8
04/30/2017,23:00,0.0,1345.658,0.0,1,8,0.0,1,8,0.0,1,8,0.0,1,8,0.0,1,8,0.0,1,8,-0.0,1,8,-9900,?,9,-9900,?,9,15.116,E,8,13.098,E,8,87.6,E,8,872.5394,E,8,999.0,E,8,0.564,E,8,-9900,?,9,-9900,?,9,0.0518,E,8,-9900,?,9,-9900,?,9,0.518,99.0,E,8
04/30/2010,24:00,0.0,1345.658,0.0,1,8,0.0,1,8,0.0,1,8,0.0,1,8,0.0,1,8,0.0,1,8,-0.0,1,8,-9900,?,9,-9900,?,9,14.63,E,8,12.494,E,8,88.2,E,8,872.5394,E,8,999.0,E,8,0.476,E,8,-9900,?,9,-9900,?,9,0.07239999999999999,E,8,-9900,?,9,-9900,?,9,0.724,99.0,E,8
05/01/2010,01:00,0.0,1345.658,0.0,1,8,0.0,1,8,0.0,1,8,0.0,1,8,0.0,1,8,0.0,1,8,-0.0,1,8,-9900,?,9,-9900,?,9,14.188,E,8,11.956,E,8,90.0,E,8,872.5394,E,8,999.0,E,8,0.388,E,8,-9900,?,9,-9900,?,9,0.3544,E,8,-9900,?,9,-9900,?,9,3.544,99.0,E,8
05/01/2010,02:00,0.0,1345.658,0.0,1,8,0.0,1,8,0.0,1,8,0.0,1,8,0.0,1,8,0.0,1,8,-0.0,1,8,-9900,?,9,-9900,?,9,13.79,E,8,11.49,E,8,88.6,E,8,872.5394,E,8,999.0,E,8,0.3,E,8,-9900,?,9,-9900,?,9,0.324,E,8,-9900,?,9,-9900,?,9,3.24,99.0,E,8
05/01/2010,03:00,0.0,1345.658,0.0,1,8,0.0,1,8,0.0,1,8,0.0,1,8,0.0,1,8,0.0,1,8,-0.0,1,8,-9900,?,9,-9900,?,9,13.406,E,8,11.474,E,8,90.6,E,8,872.5394,E,8,999.0,E,8,0.3,E,8,-9900,?,9,-9900,?,9,0.32480000000000003,E,8,-9900,?,9,-9900,?,9,3.248,99.0,E,8
05/01/2010,04:00,0.0,1344.958,0.0,1,8,0.0,1,8,0.0,1,8,0.0,1,8,0.0,1,8,0.0,1,8,-0.0,1,8,-9900,?,9,-9900,?,9,13.04,E,8,11.458,E,8,92.4,E,8,872.5394,E,8,999.0,E,8,0.3,E,8,-9900,?,9,-9900,?,9,0.3186,E,8,-9900,?,9,-9900,?,9,3.186,99.0,E,8
05/01/2010,05:00,0.0,1344.958,0.0,1,8,0.0,1,8,0.0,1,8,0.0,1,8,0.0,1,8,0.0,1,8,-0.0,1,8,-9900,?,9,-9900,?,9,12.7,E,8,11.444,E,8,93.4,E,8,872.5394,E,8,999.0,E,8,0.3,E,8,-9900,?,9,-9900,?,9,0.2994,E,8,-9900,?,9,-9900,?,9,2.994,99.0,E,8
05/01/2010,06:00,0.0,1344.958,0.0,1,8,0.0,1,8,0.0,1,8,0.0,1,8,0.0,1,8,0.0,1,8,-0.0,1,8,-9900,?,9,-9900,?,9,12.34,E,8,11.43,E,8,93.0,E,8,872.5394,E,8,999.0,E,8,0.3,E,8,-9900,?,9,-9900,?,9,0.027000000000000003,E,8,-9900,?,9,-9900,?,9,0.27,99.0,E,8
05/01/2010,07:00,110.632,1344.958,0.0,1,8,0.0,1,8,0.0,1,8,0.0,1,8,0.0,1,8,0.0,1,8,0.0,1,8,-9900,?,9,-9900,?,9,12.09,E,8,11.42,E,8,95.0,E,8,872.5394,E,8,999.0,E,8,0.3,E,8,-9900,?,9,-9900,?,9,0.007000000000000001,E,8,-9900,?,9,-9900,?,9,0.07,99.0,E,8
05/01/2010,08:00,407.587,1344.958,78.3,1,8,0.0,1,8,78.3,1,8,9396.0,1,8,0.0,1,8,8613.0,1,8,82.479,1,8,-9900,?,9,-9900,?,9,11.84,E,8,11.4,E,8,96.0,E,8,872.5394,E,8,999.0,E,8,0.3,E,8,-9900,?,9,-9900,?,9,0.02,E,8,-9900,?,9,-9900,?,9,0.2,99.0,E,8
05/01/2010,09:00,670.545,1344.958,224.87,1,8,29.675,1,8,210.088,1,8,26984.4,1,8,2819.087,1,8,23109.731,1,8,134.251,1,8,-9900,?,9,-9900,?,9,15.92,E,8,11.58,E,8,77.0,E,8,872.5394,E,8,999.0,E,8,0.3,E,8,-9900,?,9,-9900,?,9,0.005,E,8,-9900,?,9,-9900,?,9,0.05,99.0,E,8
05/01/2010,10:00,879.563,1344.958,354.71,1,8,65.852,1,8,311.662,1,8,42565.2,1,8,6255.94,1,8,34282.784,1,8,151.756,1,8,-9900,?,9,-9900,?,9,17.74,E,8,11.66,E,8,70.0,E,8,872.5394,E,8,999.0,E,8,0.38,E,8,-9900,?,9,-9900,?,9,0.003,E,8,-9900,?,9,-9900,?,9,0.03,99.0,E,8
05/01/2010,11:00,1020.176,1344.958,452.07,1,8,90.873,1,8,383.156,1,8,54248.4,1,8,8632.973,1,8,42147.137,1,8,160.825,1,8,-9900,?,9,-9900,?,9,19.31,E,8,11.73,E,8,60.0,E,8,872.5394,E,8,999.0,E,8,0.77,E,8,-9900,?,9,-9900,?,9,0.0,E,8,-9900,?,9,-9900,?,9,0.0,0.0,E,8
05/01/2010,12:00,1082.744,1344.958,508.89,1,8,169.63,1,8,372.353,1,8,61066.8,1,8,16114.851,1,8,40958.83,1,8,147.251,1,8,-9900,?,9,-9900,?,9,20.55,E,8,11.78,E,8,56.0,E,8,872.5394,E,8,999.0,E,8,1.5,E,8,-9900,?,9,-9900,?,9,0.0,E,8,-9900,?,9,-9900,?,9,0.0,0.0,E,8
05/01/2010,13:00,1062.989,1344.958,520.88,1,8,203.857,1,8,359.79,1,8,62505.6,1,8,19366.441,1,8,39576.873,1,8,144.929,1,8,-9900,?,9,-9900,?,9,21.44,E,8,11.82,E,8,54.0,E,8,872.5394,E,8,999.0,E,8,2.02,E,8,-9900,?,9,-9900,?,9,0.0,E,8,-9900,?,9,-9900,?,9,0.0,0.0,E,8
05/01/2010,14:00,962.263,1344.958,487.15,1,8,162.616,1,8,370.837,1,8,58458.0,1,8,15448.567,1,8,40792.076,1,8,165.033,1,8,-9900,?,9,-9900,?,9,21.94,E,8,11.84,E,8,52.0,E,8,872.5394,E,8,999.0,E,8,2.34,E,8,-9900,?,9,-9900,?,9,0.0,E,8,-9900,?,9,-9900,?,9,0.0,0.0,E,8
05/01/2010,15:00,787.468,1344.958,410.21,1,8,198.525,1,8,294.04,1,8,49225.2,1,8,18859.898,1,8,32344.356,1,8,159.947,1,8,-9900,?,9,-9900,?,9,22.06,E,8,11.85,E,8,52.0,E,8,872.5394,E,8,999.0,E,8,2.33,E,8,-9900,?,9,-9900,?,9,0.0,E,8,-9900,?,9,-9900,?,9,0.0,0.0,E,8
05/01/2010,16:00,550.62,1344.958,296.07,1,8,318.566,1,8,165.839,1,8,35528.4,1,8,30263.807,1,8,18242.285,1,8,129.128,1,8,-9900,?,9,-9900,?,9,21.63,E,8,11.83,E,8,53.0,E,8,872.5394,E,8,999.0,E,8,1.85,E,8,-9900,?,9,-9900,?,9,0.0,E,8,-9900,?,9,-9900,?,9,0.0,0.0,E,8
05/01/2010,17:00,268.384,1344.958,155.28,1,8,469.98,1,8,62.134,1,8,18633.6,1,8,44648.053,1,8,6834.757,1,8,99.792,1,8,-9900,?,9,-9900,?,9,20.65,E,8,11.79,E,8,56.0,E,8,872.5394,E,8,999.0,E,8,1.22,E,8,-9900,?,9,-9900,?,9,0.0,E,8,-9900,?,9,-9900,?,9,0.0,0.0,E,8
05/01/2010,18:00,0.0,1344.958,18.01,1,8,0.0,1,8,0.0,1,8,2161.2,1,8,0.0,1,8,0.0,1,8,-0.0,1,8,-9900,?,9,-9900,?,9,19.94,E,8,11.76,E,8,62.0,E,8,872.5394,E,8,999.0,E,8,0.82,E,8,-9900,?,9,-9900,?,9,0.001,E,8,-9900,?,9,-9900,?,9,0.01,99.0,E,8
05/01/2010,19:00,0.0,1344.958,0.0,1,8,0.0,1,8,0.0,1,8,0.0,1,8,0.0,1,8,0.0,1,8,-0.0,1,8,-9900,?,9,-9900,?,9,19.22,E,8,11.73,E,8,60.0,E,8,872.5394,E,8,999.0,E,8,0.66,E,8,-9900,?,9,-9900,?,9,0.0,E,8,-9900,?,9,-9900,?,9,0.0,0.0,E,8
05/01/2010,20:00,0.0,1344.958,0.0,1,8,0.0,1,8,0.0,1,8,0.0,1,8,0.0,1,8,0.0,1,8,-0.0,1,8,-9900,?,9,-9900,?,9,18.51,E,8,11.7,E,8,63.0,E,8,872.5394,E,8,999.0,E,8,0.58,E,8,-9900,?,9,-9900,?,9,0.0,E,8,-9900,?,9,-9900,?,9,0.0,0.0,E,8
05/01/2010,21:00,0.0,1344.958,0.0,1,8,0.0,1,8,0.0,1,8,0.0,1,8,0.0,1,8,0.0,1,8,-0.0,1,8,-9900,?,9,-9900,?,9,17.79,E,8,11.66,E,8,65.0,E,8,872.5394,E,8,999.0,E,8,0.38,E,8,-9900,?,9,-9900,?,9,0.0,E,8,-9900,?,9,-9900,?,9,0.0,0.0,E,8
05/01/2010,22:00,0.0,1344.958,0.0,1,8,0.0,1,8,0.0,1,8,0.0,1,8,0.0,1,8,0.0,1,8,-0.0,1,8,-9900,?,9,-9900,?,9,17.08,E,8,11.63,E,8,68.0,E,8,872.5394,E,8,999.0,E,8,0.55,E,8,-9900,?,9,-9900,?,9,0.0,E,8,-9900,?,9,-9900,?,9,0.0,0.0,E,8
05/01/2010,23:00,0.0,1344.958,0.0,1,8,0.0,1,8,0.0,1,8,0.0,1,8,0.0,1,8,0.0,1,8,-0.0,1,8,-9900,?,9,-9900,?,9,16.37,E,8,11.6,E,8,75.0,E,8,872.5394,E,8,999.0,E,8,0.57,E,8,-9900,?,9,-9900,?,9,0.002,E,8,-9900,?,9,-9900,?,9,0.02,99.0,E,8
05/01/2010,24:00,0.0,1344.958,0.0,1,8,0.0,1,8,0.0,1,8,0.0,1,8,0.0,1,8,0.0,1,8,-0.0,1,8,-9900,?,9,-9900,?,9,15.65,E,8,13.82,E,8,88.0,E,8,872.5394,E,8,999.0,E,8,1.61,E,8,-9900,?,9,-9900,?,9,0.0,E,8,-9900,?,9,-9900,?,9,0.0,0.0,E,8
05/02/2010,01:00,0.0,1344.958,0.0,1,8,0.0,1,8,0.0,1,8,0.0,1,8,0.0,1,8,0.0,1,8,-0.0,1,8,-9900,?,9,-9900,?,9,15.29,E,8,13.6,E,8,89.0,E,8,872.5394,E,8,999.0,E,8,1.54,E,8,-9900,?,9,-9900,?,9,0.0,E,8,-9900,?,9,-9900,?,9,0.0,0.0,E,8
05/02/2010,02:00,0.0,1344.958,0.0,1,8,0.0,1,8,0.0,1,8,0.0,1,8,0.0,1,8,0.0,1,8,-0.0,1,8,-9900,?,9,-9900,?,9,14.94,E,8,13.37,E,8,90.0,E,8,872.5394,E,8,999.0,E,8,1.02,E,8,-9900,?,9,-9900,?,9,0.0,E,8,-9900,?,9,-9900,?,9,0.0,0.0,E,8
05/02/2010,03:00,0.0,1344.958,0.0,1,8,0.0,1,8,0.0,1,8,0.0,1,8,0.0,1,8,0.0,1,8,-0.0,1,8,-9900,?,9,-9900,?,9,14.58,E,8,13.14,E,8,91.0,E,8,872.5394,E,8,999.0,E,8,0.75,E,8,-9900,?,9,-9900,?,9,0.0,E,8,-9900,?,9,-9900,?,9,0.0,0.0,E,8
05/02/2010,04:00,0.0,1344.266,0.0,1,8,0.0,1,8,0.0,1,8,0.0,1,8,0.0,1,8,0.0,1,8,-0.0,1,8,-9900,?,9,-9900,?,9,14.22,E,8,12.91,E,8,91.0,E,8,872.5394,E,8,999.0,E,8,0.75,E,8,-9900,?,9,-9900,?,9,0.0,E,8,-9900,?,9,-9900,?,9,0.0,0.0,E,8
05/02/2010,05:00,0.0,1344.266,0.0,1,8,0.0,1,8,0.0,1,8,0.0,1,8,0.0,1,8,0.0,1,8,-0.0,1,8,-9900,?,9,-9900,?,9,13.87,E,8,12.67,E,8,92.0,E,8,872.5394,E,8,999.0,E,8,0.75,E,8,-9900,?,9,-9900,?,9,0.0,E,8,-9900,?,9,-9900,?,9,0.0,0.0,E,8
05/02/2010,06:00,0.0,1344.266,0.0,1,8,0.0,1,8,0.0,1,8,0.0,1,8,0.0,1,8,0.0,1,8,-0.0,1,8,-9900,?,9,-9900,?,9,13.59,E,8,12.49,E,8,93.0,E,8,872.5394,E,8,999.0,E,8,0.75,E,8,-9900,?,9,-9900,?,9,0.0,E,8,-9900,?,9,-9900,?,9,0.0,0.0,E,8
05/02/2010,07:00,108.468,1344.266,0.0,1,8,0.0,1,8,0.0,1,8,0.0,1,8,0.0,1,8,0.0,1,8,0.0,1,8,-9900,?,9,-9900,?,9,13.35,E,8,12.32,E,8,93.0,E,8,872.5394,E,8,999.0,E,8,0.75,E,8,-9900,?,9,-9900,?,9,0.0,E,8,-9900,?,9,-9900,?,9,0.0,0.0,E,8
05/02/2010,08:00,404.739,1344.266,68.24,1,8,0.0,1,8,68.24,1,8,8188.8,1,8,0.0,1,8,7506.4,1,8,72.353,1,8,-9900,?,9,-9900,?,9,13.12,E,8,12.17,E,8,93.0,E,8,872.5394,E,8,999.0,E,8,0.75,E,8,-9900,?,9,-9900,?,9,0.0,E,8,-9900,?,9,-9900,?,9,0.0,0.0,E,8
05/02/2010,09:00,667.09,1344.266,197.32,1,8,16.084,1,8,189.345,1,8,23678.4,1,8,1527.985,1,8,20828.0,1,8,121.561,1,8,-9900,?,9,-9900,?,9,16.18,E,8,14.15,E,8,87.0,E,8,872.5394,E,8,999.0,E,8,0.87,E,8,-9900,?,9,-9900,?,9,0.0,E,8,-9900,?,9,-9900,?,9,0.0,0.0,E,8
05/02/2010,10:00,875.578,1344.266,311.7,1,8,56.342,1,8,275.017,1,8,37404.0,1,8,5352.447,1,8,30251.864,1,8,134.454,1,8,-9900,?,9,-9900,?,9,17.56,E,8,14.97,E,8,84.0,E,8,872.5394,E,8,999.0,E,8,1.67,E,8,-9900,?,9,-9900,?,9,0.0,E,8,-9900,?,9,-9900,?,9,0.0,0.0,E,8
05/02/2010,11:00,1015.772,1344.266,397.45,1,8,26.156,1,8,377.69,1,8,47694.0,1,8,2484.842,1,8,41545.883,1,8,159.137,1,8,-9900,?,9,-9900,?,9,18.74,E,8,15.64,E,8,82.0,E,8,872.5394,E,8,999.0,E,8,2.54,E,8,-9900,?,9,-9900,?,9,0.0,E,8,-9900,?,9,-9900,?,9,0.0,0.0,E,8
05/02/2010,12:00,1078.06,1344.266,447.47,1,8,103.081,1,8,364.816,1,8,53696.4,1,8,9792.709,1,8,40129.712,1,8,144.823,1,8,-9900,?,9,-9900,?,9,19.68,E,8,16.16,E,8,80.0,E,8,872.5394,E,8,999.0,E,8,3.58,E,8,-9900,?,9,-9900,?,9,0.0,E,8,-9900,?,9,-9900,?,9,0.0,0.0,E,8
05/02/2010,13:00,1058.182,1344.266,457.96,1,8,123.938,1,8,360.415,1,8,54955.2,1,8,11774.146,1,8,39645.703,1,8,145.766,1,8,-9900,?,9,-9900,?,9,20.35,E,8,16.52,E,8,78.0,E,8,872.5394,E,8,999.0,E,8,4.25,E,8,-9900,?,9,-9900,?,9,0.0,E,8,-9900,?,9,-9900,?,9,0.0,0.0,E,8
05/02/2010,14:00,957.502,1344.266,428.15,1,8,99.479,1,8,357.313,1,8,51378.0,1,8,9450.493,1,8,39304.405,1,8,159.723,1,8,-9900,?,9,-9900,?,9,20.73,E,8,16.72,E,8,77.0,E,8,872.5394,E,8,999.0,E,8,3.21,E,8,-9900,?,9,-9900,?,9,0.0,E,8,-9900,?,9,-9900,?,9,0.0,0.0,E,8
05/02/2010,15:00,782.915,1344.266,360.27,1,8,123.41,1,8,288.436,1,8,43232.4,1,8,11723.973,1,8,31727.912,1,8,157.731,1,8,-9900,?,9,-9900,?,9,20.81,E,8,16.76,E,8,77.0,E,8,872.5394,E,8,999.0,E,8,4.2,E,8,-9900,?,9,-9900,?,9,0.0,E,8,-9900,?,9,-9900,?,9,0.0,0.0,E,8
05/02/2010,16:00,546.428,1344.266,259.59,1,8,205.103,1,8,176.341,1,8,31150.8,1,8,19484.744,1,8,19397.503,1,8,138.291,1,8,-9900,?,9,-9900,?,9,20.49,E,8,16.59,E,8,78.0,E,8,872.5394,E,8,999.0,E,8,4.31,E,8,-9900,?,9,-9900,?,9,0.0,E,8,-9900,?,9,-9900,?,9,0.0,0.0,E,8
05/02/2010,17:00,264.69,1344.266,135.5,1,8,377.309,1,8,61.726,1,8,16260.0,1,8,35844.314,1,8,6789.821,1,8,100.486,1,8,-9900,?,9,-9900,?,9,19.75,E,8,16.2,E,8,79.0,E,8,872.5394,E,8,999.0,E,8,2.79,E,8,-9900,?,9,-9900,?,9,0.0,E,8,-9900,?,9,-9900,?,9,0.0,0.0,E,8
05/02/2010,18:00,0.0,1344.266,15.04,1,8,0.0,1,8,0.0,1,8,1804.8,1,8,0.0,1,8,0.0,1,8,-0.0,1,8,-9900,?,9,-9900,?,9,19.04,E,8,15.81,E,8,81.0,E,8,872.5394,E,8,999.0,E,8,0.89,E,8,-9900,?,9,-9900,?,9,0.0,E,8,-9900,?,9,-9900,?,9,0.0,0.0,E,8
05/02/2010,19:00,0.0,1344.266,0.0,1,8,0.0,1,8,0.0,1,8,0.0,1,8,0.0,1,8,0.0,1,8,-0.0,1,8,-9900,?,9,-9900,?,9,18.32,E,8,15.41,E,8,83.0,E,8,872.5394,E,8,999.0,E,8,0.75,E,8,-9900,?,9,-9900,?,9,0.0,E,8,-9900,?,9,-9900,?,9,0.0,0.0,E,8
05/02/2010,20:00,0.0,1344.266,0.0,1,8,0.0,1,8,0.0,1,8,0.0,1,8,0.0,1,8,0.0,1,8,-0.0,1,8,-9900,?,9,-9900,?,9,17.61,E,8,15.0,E,8,84.0,E,8,872.5394,E,8,999.0,E,8,0.75,E,8,-9900,?,9,-9900,?,9,0.0,E,8,-9900,?,9,-9900,?,9,0.0,0.0,E,8
05/02/2010,21:00,0.0,1344.266,0.0,1,8,0.0,1,8,0.0,1,8,0.0,1,8,0.0,1,8,0.0,1,8,-0.0,1,8,-9900,?,9,-9900,?,9,16.9,E,8,14.58,E,8,86.0,E,8,872.5394,E,8,999.0,E,8,0.75,E,8,-9900,?,9,-9900,?,9,0.0,E,8,-9900,?,9,-9900,?,9,0.0,0.0,E,8
05/02/2010,22:00,0.0,1344.266,0.0,1,8,0.0,1,8,0.0,1,8,0.0,1,8,0.0,1,8,0.0,1,8,-0.0,1,8,-9900,?,9,-9900,?,9,16.19,E,8,14.15,E,8,87.0,E,8,872.5394,E,8,999.0,E,8,0.75,E,8,-9900,?,9,-9900,?,9,0.0,E,8,-9900,?,9,-9900,?,9,0.0,0.0,E,8
05/02/2010,23:00,0.0,1344.266,0.0,1,8,0.0,1,8,0.0,1,8,0.0,1,8,0.0,1,8,0.0,1,8,-0.0,1,8,-9900,?,9,-9900,?,9,15.48,E,8,13.71,E,8,89.0,E,8,872.5394,E,8,999.0,E,8,0.75,E,8,-9900,?,9,-9900,?,9,0.0,E,8,-9900,?,9,-9900,?,9,0.0,0.0,E,8
05/02/2010,24:00,0.0,1344.266,0.0,1,8,0.0,1,8,0.0,1,8,0.0,1,8,0.0,1,8,0.0,1,8,-0.0,1,8,-9900,?,9,-9900,?,9,14.76,E,8,11.47,E,8,80.0,E,8,872.5394,E,8,999.0,E,8,0.47,E,8,-9900,?,9,-9900,?,9,0.0,E,8,-9900,?,9,-9900,?,9,0.0,0.0,E,8
05/03/2010,01:00,0.0,1344.266,0.0,1,8,0.0,1,8,0.0,1,8,0.0,1,8,0.0,1,8,0.0,1,8,-0.0,1,8,-9900,?,9,-9900,?,9,14.41,E,8,11.39,E,8,82.0,E,8,872.5394,E,8,999.0,E,8,0.47,E,8,-9900,?,9,-9900,?,9,0.0,E,8,-9900,?,9,-9900,?,9,0.0,0.0,E,8
05/03/2010,02:00,0.0,1344.266,0.0,1,8,0.0,1,8,0.0,1,8,0.0,1,8,0.0,1,8,0.0,1,8,-0.0,1,8,-9900,?,9,-9900,?,9,14.05,E,8,11.31,E,8,83.0,E,8,872.5394,E,8,999.0,E,8,0.47,E,8,-9900,?,9,-9900,?,9,0.0,E,8,-9900,?,9,-9900,?,9,0.0,0.0,E,8
05/03/2010,03:00,0.0,1344.266,0.0,1,8,0.0,1,8,0.0,1,8,0.0,1,8,0.0,1,8,0.0,1,8,-0.0,1,8,-9900,?,9,-9900,?,9,13.7,E,8,11.23,E,8,85.0,E,8,872.5394,E,8,999.0,E,8,0.47,E,8,-9900,?,9,-9900,?,9,0.0,E,8,-9900,?,9,-9900,?,9,0.0,0.0,E,8
05/03/2010,04:00,0.0,1343.58,0.0,1,8,0.0,1,8,0.0,1,8,0.0,1,8,0.0,1,8,0.0,1,8,-0.0,1,8,-9900,?,9,-9900,?,9,13.34,E,8,11.15,E,8,86.0,E,8,872.5394,E,8,999.0,E,8,0.47,E,8,-9900,?,9,-9900,?,9,0.0,E,8,-9900,?,9,-9900,?,9,0.0,0.0,E,8
05/03/2010,05:00,0.0,1343.58,0.0,1,8,0.0,1,8,0.0,1,8,0.0,1,8,0.0,1,8,0.0,1,8,-0.0,1,8,-9900,?,9,-9900,?,9,12.99,E,8,11.07,E,8,88.0,E,8,872.5394,E,8,999.0,E,8,0.47,E,8,-9900,?,9,-9900,?,9,0.0,E,8,-9900,?,9,-9900,?,9,0.0,0.0,E,8
05/03/2010,06:00,0.0,1343.58,0.0,1,8,0.0,1,8,0.0,1,8,0.0,1,8,0.0,1,8,0.0,1,8,-0.0,1,8,-9900,?,9,-9900,?,9,12.71,E,8,11.0,E,8,89.0,E,8,872.5394,E,8,999.0,E,8,0.47,E,8,-9900,?,9,-9900,?,9,0.0,E,8,-9900,?,9,-9900,?,9,0.0,0.0,E,8
05/03/2010,07:00,106.296,1343.58,0.0,1,8,0.0,1,8,0.0,1,8,0.0,1,8,0.0,1,8,0.0,1,8,0.0,1,8,-9900,?,9,-9900,?,9,12.48,E,8,10.95,E,8,90.0,E,8,872.5394,E,8,999.0,E,8,0.47,E,8,-9900,?,9,-9900,?,9,0.0,E,8,-9900,?,9,-9900,?,9,0.0,0.0,E,8
05/03/2010,08:00,401.883,1343.58,119.37,1,8,22.293,1,8,112.722,1,8,14324.4,1,8,2117.812,1,8,12399.365,1,8,120.309,1,8,-9900,?,9,-9900,?,9,12.24,E,8,10.9,E,8,91.0,E,8,872.5394,E,8,999.0,E,8,0.47,E,8,-9900,?,9,-9900,?,9,0.0,E,8,-9900,?,9,-9900,?,9,0.0,0.0,E,8
05/03/2010,09:00,663.635,1343.58,327.89,1,8,207.574,1,8,225.456,1,8,39346.8,1,8,19719.512,1,8,24800.143,1,8,145.425,1,8,-9900,?,9,-9900,?,9,16.37,E,8,11.83,E,8,74.0,E,8,872.5394,E,8,999.0,E,8,0.47,E,8,-9900,?,9,-9900,?,9,0.0,E,8,-9900,?,9,-9900,?,9,0.0,0.0,E,8
05/03/2010,10:00,871.604,1343.58,499.41,1,8,325.042,1,8,288.635,1,8,59929.2,1,8,30879.002,1,8,31749.817,1,8,141.683,1,8,-9900,?,9,-9900,?,9,18.07,E,8,12.19,E,8,68.0,E,8,872.5394,E,8,999.0,E,8,0.47,E,8,-9900,?,9,-9900,?,9,0.0,E,8,-9900,?,9,-9900,?,9,0.0,0.0,E,8
05/03/2010,11:00,1011.39,1343.58,588.17,1,8,308.837,1,8,355.743,1,8,70580.4,1,8,29339.529,1,8,39131.691,1,8,150.463,1,8,-9900,?,9,-9900,?,9,19.33,E,8,12.46,E,8,64.0,E,8,872.5394,E,8,999.0,E,8,0.64,E,8,-9900,?,9,-9900,?,9,0.0,E,8,-9900,?,9,-9900,?,9,0.0,0.0,E,8
05/03/2010,12:00,1073.411,1343.58,694.04,1,8,453.126,1,8,332.09,1,8,83284.8,1,8,43046.923,1,8,36529.878,1,8,132.335,1,8,-9900,?,9,-9900,?,9,20.47,E,8,12.7,E,8,60.0,E,8,872.5394,E,8,999.0,E,8,1.2,E,8,-9900,?,9,-9900,?,9,0.0,E,8,-9900,?,9,-9900,?,9,0.0,0.0,E,8
05/03/2010,13:00,1053.425,1343.58,701.84,1,8,482.833,1,8,323.348,1,8,84220.8,1,8,45869.119,1,8,35568.252,1,8,131.298,1,8,-9900,?,9,-9900,?,9,21.26,E,8,12.86,E,8,58.0,E,8,872.5394,E,8,999.0,E,8,2.29,E,8,-9900,?,9,-9900,?,9,0.0,E,8,-9900,?,9,-9900,?,9,0.0,0.0,E,8
05/03/2010,14:00,952.802,1343.58,655.75,1,8,588.143,1,8,238.789,1,8,78690.0,1,8,55873.542,1,8,26266.75,1,8,107.214,1,8,-9900,?,9,-9900,?,9,21.7,E,8,12.95,E,8,57.0,E,8,872.5394,E,8,999.0,E,8,2.77,E,8,-9900,?,9,-9900,?,9,0.0,E,8,-9900,?,9,-9900,?,9,0.0,0.0,E,8
05/03/2010,15:00,778.436,1343.58,558.8,1,8,773.202,1,8,111.086,1,8,67056.0,1,8,73454.236,1,8,12219.486,1,8,61.067,1,8,-9900,?,9,-9900,?,9,21.81,E,8,12.98,E,8,57.0,E,8,872.5394,E,8,999.0,E,8,1.92,E,8,-9900,?,9,-9900,?,9,0.0,E,8,-9900,?,9,-9900,?,9,0.0,0.0,E,8
05/03/2010,16:00,542.318,1343.58,398.61,1,8,642.994,1,8,139.462,1,8,47833.2,1,8,61084.472,1,8,15340.865,1,8,110.146,1,8,-9900,?,9,-9900,?,9,21.39,E,8,12.89,E,8,58.0,E,8,872.5394,E,8,999.0,E,8,1.48,E,8,-9900,?,9,-9900,?,9,0.0,E,8,-9900,?,9,-9900,?,9,0.0,0.0,E,8
05/03/2010,17:00,261.084,1343.58,198.29,1,8,573.63,1,8,87.622,1,8,23794.8,1,8,54494.872,1,8,9638.369,1,8,144.567,1,8,-9900,?,9,-9900,?,9,20.43,E,8,12.69,E,8,61.0,E,8,872.5394,E,8,999.0,E,8,0.59,E,8,-9900,?,9,-9900,?,9,0.0,E,8,-9900,?,9,-9900,?,9,0.0,0.0,E,8
05/03/2010,18:00,0.0,1343.58,19.3,1,8,0.0,1,8,0.0,1,8,2316.0,1,8,0.0,1,8,0.0,1,8,-0.0,1,8,-9900,?,9,-9900,?,9,19.62,E,8,12.52,E,8,63.0,E,8,872.5394,E,8,999.0,E,8,0.57,E,8,-9900,?,9,-9900,?,9,0.0,E,8,-9900,?,9,-9900,?,9,0.0,0.0,E,8
05/03/2010,19:00,0.0,1343.58,0.0,1,8,0.0,1,8,0.0,1,8,0.0,1,8,0.0,1,8,0.0,1,8,-0.0,1,8,-9900,?,9,-9900,?,9,18.8,E,8,12.35,E,8,66.0,E,8,872.5394,E,8,999.0,E,8,0.47,E,8,-9900,?,9,-9900,?,9,0.0,E,8,-9900,?,9,-9900,?,9,0.0,0.0,E,8
05/03/2010,20:00,0.0,1343.58,0.0,1,8,0.0,1,8,0.0,1,8,0.0,1,8,0.0,1,8,0.0,1,8,-0.0,1,8,-9900,?,9,-9900,?,9,17.99,E,8,12.18,E,8,68.0,E,8,872.5394,E,8,999.0,E,8,0.47,E,8,-9900,?,9,-9900,?,9,0.0,E,8,-9900,?,9,-9900,?,9,0.0,0.0,E,8
05/03/2010,21:00,0.0,1343.58,0.0,1,8,0.0,1,8,0.0,1,8,0.0,1,8,0.0,1,8,0.0,1,8,-0.0,1,8,-9900,?,9,-9900,?,9,17.18,E,8,12.0,E,8,71.0,E,8,872.5394,E,8,999.0,E,8,0.47,E,8,-9900,?,9,-9900,?,9,0.0,E,8,-9900,?,9,-9900,?,9,0.0,0.0,E,8
05/03/2010,22:00,0.0,1343.58,0.0,1,8,0.0,1,8,0.0,1,8,0.0,1,8,0.0,1,8,0.0,1,8,-0.0,1,8,-9900,?,9,-9900,?,9,16.36,E,8,11.82,E,8,74.0,E,8,872.5394,E,8,999.0,E,8,0.47,E,8,-9900,?,9,-9900,?,9,0.0,E,8,-9900,?,9,-9900,?,9,0.0,0.0,E,8
05/03/2010,23:00,0.0,1343.58,0.0,1,8,0.0,1,8,0.0,1,8,0.0,1,8,0.0,1,8,0.0,1,8,-0.0,1,8,-9900,?,9,-9900,?,9,15.55,E,8,11.64,E,8,77.0,E,8,872.5394,E,8,999.0,E,8,0.47,E,8,-9900,?,9,-9900,?,9,0.0,E,8,-9900,?,9,-9900,?,9,0.0,0.0,E,8
05/03/2010,24:00,0.0,1343.58,0.0,1,8,0.0,1,8,0.0,1,8,0.0,1,8,0.0,1,8,0.0,1,8,-0.0,1,8,-9900,?,9,-9900,?,9,14.74,E,8,10.78,E,8,77.0,E,8,872.5394,E,8,999.0,E,8,0.67,E,8,-9900,?,9,-9900,?,9,0.0,E,8,-9900,?,9,-9900,?,9,0.0,0.0,E,8
05/04/2010,01:00,0.0,1343.58,0.0,1,8,0.0,1,8,0.0,1,8,0.0,1,8,0.0,1,8,0.0,1,8,-0.0,1,8,-9900,?,9,-9900,?,9,14.33,E,8,10.77,E,8,79.0,E,8,872.5394,E,8,999.0,E,8,0.67,E,8,-9900,?,9,-9900,?,9,0.0,E,8,-9900,?,9,-9900,?,9,0.0,0.0,E,8
05/04/2010,02:00,0.0,1343.58,0.0,1,8,0.0,1,8,0.0,1,8,0.0,1,8,0.0,1,8,0.0,1,8,-0.0,1,8,-9900,?,9,-9900,?,9,13.92,E,8,10.75,E,8,81.0,E,8,872.5394,E,8,999.0,E,8,0.67,E,8,-9900,?,9,-9900,?,9,0.0,E,8,-9900,?,9,-9900,?,9,0.0,0.0,E,8
05/04/2010,03:00,0.0,1343.58,0.0,1,8,0.0,1,8,0.0,1,8,0.0,1,8,0.0,1,8,0.0,1,8,-0.0,1,8,-9900,?,9,-9900,?,9,13.52,E,8,10.74,E,8,83.0,E,8,872.5394,E,8,999.0,E,8,0.67,E,8,-9900,?,9,-9900,?,9,0.0,E,8,-9900,?,9,-9900,?,9,0.0,0.0,E,8
05/04/2010,04:00,0.0,1342.902,0.0,1,8,0.0,1,8,0.0,1,8,0.0,1,8,0.0,1,8,0.0,1,8,-0.0,1,8,-9900,?,9,-9900,?,9,13.11,E,8,10.72,E,8,85.0,E,8,872.5394,E,8,999.0,E,8,0.67,E,8,-9900,?,9,-9900,?,9,0.0,E,8,-9900,?,9,-9900,?,9,0.0,0.0,E,8
05/04/2010,05:00,0.0,1342.902,0.0,1,8,0.0,1,8,0.0,1,8,0.0,1,8,0.0,1,8,0.0,1,8,-0.0,1,8,-9900,?,9,-9900,?,9,12.7,E,8,10.71,E,8,87.0,E,8,872.5394,E,8,999.0,E,8,0.67,E,8,-9900,?,9,-9900,?,9,0.0,E,8,-9900,?,9,-9900,?,9,0.0,0.0,E,8
05/04/2010,06:00,0.0,1342.902,0.0,1,8,0.0,1,8,0.0,1,8,0.0,1,8,0.0,1,8,0.0,1,8,-0.0,1,8,-9900,?,9,-9900,?,9,12.39,E,8,10.69,E,8,89.0,E,8,872.5394,E,8,999.0,E,8,0.67,E,8,-9900,?,9,-9900,?,9,0.0,E,8,-9900,?,9,-9900,?,9,0.0,0.0,E,8
05/04/2010,07:00,104.115,1342.902,0.0,1,8,0.0,1,8,0.0,1,8,0.0,1,8,0.0,1,8,0.0,1,8,0.0,1,8,-9900,?,9,-9900,?,9,12.12,E,8,10.68,E,8,90.0,E,8,872.5394,E,8,999.0,E,8,0.67,E,8,-9900,?,9,-9900,?,9,0.0,E,8,-9900,?,9,-9900,?,9,0.0,0.0,E,8
05/04/2010,08:00,399.023,1342.902,83.34,1,8,0.0,1,8,83.34,1,8,10000.8,1,8,0.0,1,8,9167.4,1,8,89.546,1,8,-9900,?,9,-9900,?,9,11.85,E,8,10.67,E,8,92.0,E,8,872.5394,E,8,999.0,E,8,0.67,E,8,-9900,?,9,-9900,?,9,0.0,E,8,-9900,?,9,-9900,?,9,0.0,0.0,E,8
05/04/2010,09:00,660.183,1342.902,244.45,1,8,49.67,1,8,220.054,1,8,29334.0,1,8,4718.644,1,8,24205.961,1,8,142.613,1,8,-9900,?,9,-9900,?,9,15.21,E,8,10.8,E,8,74.0,E,8,872.5394,E,8,999.0,E,8,0.67,E,8,-9900,?,9,-9900,?,9,0.0,E,8,-9900,?,9,-9900,?,9,0.0,0.0,E,8
05/04/2010,10:00,867.642,1342.902,387.32,1,8,93.572,1,8,326.888,1,8,46478.4,1,8,8889.327,1,8,35957.729,1,8,161.113,1,8,-9900,?,9,-9900,?,9,16.74,E,8,10.86,E,8,68.0,E,8,872.5394,E,8,999.0,E,8,0.67,E,8,-9900,?,9,-9900,?,9,0.0,E,8,-9900,?,9,-9900,?,9,0.0,0.0,E,8
05/04/2010,11:00,1007.034,1342.902,494.39,1,8,165.632,1,8,370.212,1,8,59326.8,1,8,15735.06,1,8,40723.297,1,8,157.181,1,8,-9900,?,9,-9900,?,9,18.05,E,8,10.91,E,8,63.0,E,8,872.5394,E,8,999.0,E,8,0.67,E,8,-9900,?,9,-9900,?,9,0.0,E,8,-9900,?,9,-9900,?,9,0.0,0.0,E,8
05/04/2010,12:00,1068.801,1342.902,556.77,1,8,171.595,1,8,420.222,1,8,66812.4,1,8,16301.56,1,8,46224.451,1,8,168.093,1,8,-9900,?,9,-9900,?,9,19.1,E,8,10.95,E,8,59.0,E,8,872.5394,E,8,999.0,E,8,1.24,E,8,-9900,?,9,-9900,?,9,0.0,E,8,-9900,?,9,-9900,?,9,0.0,0.0,E,8
05/04/2010,13:00,1048.72,1342.902,569.71,1,8,205.482,1,8,409.272,1,8,68365.2,1,8,19520.822,1,8,45019.879,1,8,166.851,1,8,-9900,?,9,-9900,?,9,19.84,E,8,10.97,E,8,56.0,E,8,872.5394,E,8,999.0,E,8,1.42,E,8,-9900,?,9,-9900,?,9,0.0,E,8,-9900,?,9,-9900,?,9,0.0,0.0,E,8
05/04/2010,14:00,948.167,1342.902,532.27,1,8,283.154,1,8,332.406,1,8,63872.4,1,8,26899.638,1,8,36564.618,1,8,149.901,1,8,-9900,?,9,-9900,?,9,20.25,E,8,10.99,E,8,55.0,E,8,872.5394,E,8,999.0,E,8,1.6,E,8,-9900,?,9,-9900,?,9,0.0,E,8,-9900,?,9,-9900,?,9,0.0,0.0,E,8
05/04/2010,15:00,774.032,1342.902,447.23,1,8,345.278,1,8,248.333,1,8,53667.6,1,8,32801.432,1,8,27316.642,1,8,137.223,1,8,-9900,?,9,-9900,?,9,20.35,E,8,10.99,E,8,54.0,E,8,872.5394,E,8,999.0,E,8,1.25,E,8,-9900,?,9,-9900,?,9,0.0,E,8,-9900,?,9,-9900,?,9,0.0,0.0,E,8
05/04/2010,16:00,538.292,1342.902,321.26,1,8,454.888,1,8,139.199,1,8,38551.2,1,8,43214.374,1,8,15311.882,1,8,110.707,1,8,-9900,?,9,-9900,?,9,19.99,E,8,10.98,E,8,56.0,E,8,872.5394,E,8,999.0,E,8,0.7,E,8,-9900,?,9,-9900,?,9,0.0,E,8,-9900,?,9,-9900,?,9,0.0,0.0,E,8
05/04/2010,17:00,257.568,1342.902,166.12,1,8,558.72,1,8,59.746,1,8,19934.4,1,8,53078.371,1,8,6572.092,1,8,99.89,1,8,-9900,?,9,-9900,?,9,19.16,E,8,10.95,E,8,58.0,E,8,872.5394,E,8,999.0,E,8,0.67,E,8,-9900,?,9,-9900,?,9,0.0,E,8,-9900,?,9,-9900,?,9,0.0,0.0,E,8
05/04/2010,18:00,0.0,1342.902,16.86,1,8,0.0,1,8,0.0,1,8,2023.2,1,8,0.0,1,8,0.0,1,8,-0.0,1,8,-9900,?,9,-9900,?,9,18.42,E,8,10.92,E,8,61.0,E,8,872.5394,E,8,999.0,E,8,0.67,E,8,-9900,?,9,-9900,?,9,0.0,E,8,-9900,?,9,-9900,?,9,0.0,0.0,E,8
05/04/2010,19:00,0.0,1342.902,0.0,1,8,0.0,1,8,0.0,1,8,0.0,1,8,0.0,1,8,0.0,1,8,-0.0,1,8,-9900,?,9,-9900,?,9,17.67,E,8,10.89,E,8,64.0,E,8,872.5394,E,8,999.0,E,8,0.67,E,8,-9900,?,9,-9900,?,9,0.0,E,8,-9900,?,9,-9900,?,9,0.0,0.0,E,8
05/04/2010,20:00,0.0,1342.902,0.0,1,8,0.0,1,8,0.0,1,8,0.0,1,8,0.0,1,8,0.0,1,8,-0.0,1,8,-9900,?,9,-9900,?,9,16.93,E,8,10.87,E,8,67.0,E,8,872.5394,E,8,999.0,E,8,0.67,E,8,-9900,?,9,-9900,?,9,0.0,E,8,-9900,?,9,-9900,?,9,0.0,0.0,E,8
05/04/2010,21:00,0.0,1342.902,0.0,1,8,0.0,1,8,0.0,1,8,0.0,1,8,0.0,1,8,0.0,1,8,-0.0,1,8,-9900,?,9,-9900,?,9,16.19,E,8,10.84,E,8,70.0,E,8,872.5394,E,8,999.0,E,8,0.67,E,8,-9900,?,9,-9900,?,9,0.0,E,8,-9900,?,9,-9900,?,9,0.0,0.0,E,8
05/04/2010,22:00,0.0,1342.902,0.0,1,8,0.0,1,8,0.0,1,8,0.0,1,8,0.0,1,8,0.0,1,8,-0.0,1,8,-9900,?,9,-9900,?,9,15.44,E,8,10.81,E,8,73.0,E,8,872.5394,E,8,999.0,E,8,0.67,E,8,-9900,?,9,-9900,?,9,0.0,E,8,-9900,?,9,-9900,?,9,0.0,0.0,E,8
05/04/2010,23:00,0.0,1342.902,0.0,1,8,0.0,1,8,0.0,1,8,0.0,1,8,0.0,1,8,0.0,1,8,-0.0,1,8,-9900,?,9,-9900,?,9,14.7,E,8,10.78,E,8,77.0,E,8,872.5394,E,8,999.0,E,8,0.67,E,8,-9900,?,9,-9900,?,9,0.0,E,8,-9900,?,9,-9900,?,9,0.0,0.0,E,8
05/04/2010,24:00,0.0,1342.902,0.0,1,8,0.0,1,8,0.0,1,8,0.0,1,8,0.0,1,8,0.0,1,8,-0.0,1,8,-9900,?,9,-9900,?,9,13.96,E,8,12.05,E,8,88.0,E,8,872.5394,E,8,999.0,E,8,0.71,E,8,-9900,?,9,-9900,?,9,0.0,E,8,-9900,?,9,-9900,?,9,0.0,0.0,E,8
05/05/2010,01:00,0.0,1342.902,0.0,1,8,0.0,1,8,0.0,1,8,0.0,1,8,0.0,1,8,0.0,1,8,-0.0,1,8,-9900,?,9,-9900,?,9,13.59,E,8,11.88,E,8,89.0,E,8,872.5394,E,8,999.0,E,8,0.71,E,8,-9900,?,9,-9900,?,9,0.0,E,8,-9900,?,9,-9900,?,9,0.0,0.0,E,8
05/05/2010,02:00,0.0,1342.902,0.0,1,8,0.0,1,8,0.0,1,8,0.0,1,8,0.0,1,8,0.0,1,8,-0.0,1,8,-9900,?,9,-9900,?,9,13.22,E,8,11.71,E,8,90.0,E,8,872.5394,E,8,999.0,E,8,0.71,E,8,-9900,?,9,-9900,?,9,0.0,E,8,-9900,?,9,-9900,?,9,0.0,0.0,E,8
05/05/2010,03:00,0.0,1342.902,0.0,1,8,0.0,1,8,0.0,1,8,0.0,1,8,0.0,1,8,0.0,1,8,-0.0,1,8,-9900,?,9,-9900,?,9,12.84,E,8,11.53,E,8,91.0,E,8,872.5394,E,8,999.0,E,8,0.71,E,8,-9900,?,9,-9900,?,9,0.0,E,8,-9900,?,9,-9900,?,9,0.0,0.0,E,8
05/05/2010,04:00,0.0,1342.23,0.0,1,8,0.0,1,8,0.0,1,8,0.0,1,8,0.0,1,8,0.0,1,8,-0.0,1,8,-9900,?,9,-9900,?,9,12.47,E,8,11.35,E,8,92.0,E,8,872.5394,E,8,999.0,E,8,0.71,E,8,-9900,?,9,-9900,?,9,0.0,E,8,-9900,?,9,-9900,?,9,0.0,0.0,E,8
05/05/2010,05:00,0.0,1342.23,0.0,1,8,0.0,1,8,0.0,1,8,0.0,1,8,0.0,1,8,0.0,1,8,-0.0,1,8,-9900,?,9,-9900,?,9,12.1,E,8,11.18,E,8,94.0,E,8,872.5394,E,8,999.0,E,8,0.71,E,8,-9900,?,9,-9900,?,9,0.0,E,8,-9900,?,9,-9900,?,9,0.0,0.0,E,8
05/05/2010,06:00,0.0,1342.23,0.0,1,8,0.0,1,8,0.0,1,8,0.0,1,8,0.0,1,8,0.0,1,8,-0.0,1,8,-9900,?,9,-9900,?,9,11.81,E,8,11.04,E,8,94.0,E,8,872.5394,E,8,999.0,E,8,0.71,E,8,-9900,?,9,-9900,?,9,0.0,E,8,-9900,?,9,-9900,?,9,0.0,0.0,E,8
05/05/2010,07:00,101.927,1342.23,0.0,1,8,0.0,1,8,0.0,1,8,0.0,1,8,0.0,1,8,0.0,1,8,0.0,1,8,-9900,?,9,-9900,?,9,11.57,E,8,10.92,E,8,95.0,E,8,872.5394,E,8,999.0,E,8,0.71,E,8,-9900,?,9,-9900,?,9,0.0,E,8,-9900,?,9,-9900,?,9,0.0,0.0,E,8
05/05/2010,08:00,396.157,1342.23,55.46,1,8,0.0,1,8,55.46,1,8,6655.2,1,8,0.0,1,8,6100.6,1,8,59.993,1,8,-9900,?,9,-9900,?,9,11.32,E,8,10.8,E,8,96.0,E,8,872.5394,E,8,999.0,E,8,0.71,E,8,-9900,?,9,-9900,?,9,0.0,E,8,-9900,?,9,-9900,?,9,0.0,0.0,E,8
05/05/2010,09:00,656.735,1342.23,163.89,1,8,5.635,1,8,161.135,1,8,19666.8,1,8,535.315,1,8,17724.903,1,8,104.926,1,8,-9900,?,9,-9900,?,9,14.35,E,8,12.22,E,8,87.0,E,8,872.5394,E,8,999.0,E,8,0.71,E,8,-9900,?,9,-9900,?,9,0.0,E,8,-9900,?,9,-9900,?,9,0.0,0.0,E,8
05/05/2010,10:00,863.695,1342.23,260.08,1,8,10.34,1,8,253.429,1,8,31209.6,1,8,982.304,1,8,27877.21,1,8,125.416,1,8,-9900,?,9,-9900,?,9,15.73,E,8,12.83,E,8,82.0,E,8,872.5394,E,8,999.0,E,8,0.71,E,8,-9900,?,9,-9900,?,9,0.0,E,8,-9900,?,9,-9900,?,9,0.0,0.0,E,8
05/05/2010,11:00,1002.705,1342.23,332.16,1,8,13.971,1,8,321.725,1,8,39859.2,1,8,1327.253,1,8,35389.796,1,8,137.117,1,8,-9900,?,9,-9900,?,9,16.92,E,8,13.34,E,8,79.0,E,8,872.5394,E,8,999.0,E,8,0.71,E,8,-9900,?,9,-9900,?,9,0.0,E,8,-9900,?,9,-9900,?,9,0.0,0.0,E,8
05/05/2010,12:00,1064.232,1342.23,374.13,1,8,21.632,1,8,356.982,1,8,44895.6,1,8,2055.005,1,8,39267.978,1,8,143.338,1,8,-9900,?,9,-9900,?,9,17.86,E,8,13.74,E,8,76.0,E,8,872.5394,E,8,999.0,E,8,0.71,E,8,-9900,?,9,-9900,?,9,0.0,E,8,-9900,?,9,-9900,?,9,0.0,0.0,E,8
05/05/2010,13:00,1044.069,1342.23,382.8,1,8,25.632,1,8,362.866,1,8,45936.0,1,8,2434.995,1,8,39915.265,1,8,148.517,1,8,-9900,?,9,-9900,?,9,18.53,E,8,14.01,E,8,74.0,E,8,872.5394,E,8,999.0,E,8,1.07,E,8,-9900,?,9,-9900,?,9,0.0,E,8,-9900,?,9,-9900,?,9,0.0,0.0,E,8
05/05/2010,14:00,943.6,1342.23,357.53,1,8,24.338,1,8,340.425,1,8,42903.6,1,8,2312.143,1,8,37446.758,1,8,154.185,1,8,-9900,?,9,-9900,?,9,18.91,E,8,14.16,E,8,73.0,E,8,872.5394,E,8,999.0,E,8,1.26,E,8,-9900,?,9,-9900,?,9,0.0,E,8,-9900,?,9,-9900,?,9,0.0,0.0,E,8
05/05/2010,15:00,769.706,1342.23,300.21,1,8,42.823,1,8,275.668,1,8,36025.2,1,8,4068.173,1,8,30323.455,1,8,153.108,1,8,-9900,?,9,-9900,?,9,19.0,E,8,14.2,E,8,73.0,E,8,872.5394,E,8,999.0,E,8,0.98,E,8,-9900,?,9,-9900,?,9,0.0,E,8,-9900,?,9,-9900,?,9,0.0,0.0,E,8
05/05/2010,16:00,534.352,1342.23,215.32,1,8,108.454,1,8,172.21,1,8,25838.4,1,8,10303.147,1,8,18943.135,1,8,137.905,1,8,-9900,?,9,-9900,?,9,18.67,E,8,14.07,E,8,74.0,E,8,872.5394,E,8,999.0,E,8,0.91,E,8,-9900,?,9,-9900,?,9,0.0,E,8,-9900,?,9,-9900,?,9,0.0,0.0,E,8
05/05/2010,17:00,254.144,1342.23,110.83,1,8,262.303,1,8,61.539,1,8,13299.6,1,8,24918.752,1,8,6769.343,1,8,104.242,1,8,-9900,?,9,-9900,?,9,17.92,E,8,13.76,E,8,76.0,E,8,872.5394,E,8,999.0,E,8,1.11,E,8,-9900,?,9,-9900,?,9,0.0,E,8,-9900,?,9,-9900,?,9,0.0,0.0,E,8
05/05/2010,18:00,0.0,1342.23,10.75,1,8,0.0,1,8,0.0,1,8,1290.0,1,8,0.0,1,8,0.0,1,8,-0.0,1,8,-9900,?,9,-9900,?,9,17.39,E,8,13.54,E,8,78.0,E,8,872.5394,E,8,999.0,E,8,0.75,E,8,-9900,?,9,-9900,?,9,0.0,E,8,-9900,?,9,-9900,?,9,0.0,0.0,E,8
05/05/2010,19:00,0.0,1342.23,0.0,1,8,0.0,1,8,0.0,1,8,0.0,1,8,0.0,1,8,0.0,1,8,-0.0,1,8,-9900,?,9,-9900,?,9,16.87,E,8,13.32,E,8,79.0,E,8,872.5394,E,8,999.0,E,8,0.71,E,8,-9900,?,9,-9900,?,9,0.0,E,8,-9900,?,9,-9900,?,9,0.0,0.0,E,8
05/05/2010,20:00,0.0,1342.23,0.0,1,8,0.0,1,8,0.0,1,8,0.0,1,8,0.0,1,8,0.0,1,8,-0.0,1,8,-9900,?,9,-9900,?,9,16.35,E,8,13.1,E,8,81.0,E,8,872.5394,E,8,999.0,E,8,0.71,E,8,-9900,?,9,-9900,?,9,0.0,E,8,-9900,?,9,-9900,?,9,0.0,0.0,E,8
05/05/2010,21:00,0.0,1342.23,0.0,1,8,0.0,1,8,0.0,1,8,0.0,1,8,0.0,1,8,0.0,1,8,-0.0,1,8,-9900,?,9,-9900,?,9,15.82,E,8,12.87,E,8,82.0,E,8,872.5394,E,8,999.0,E,8,0.71,E,8,-9900,?,9,-9900,?,9,0.0,E,8,-9900,?,9,-9900,?,9,0.0,0.0,E,8
05/05/2010,22:00,0.0,1342.23,0.0,1,8,0.0,1,8,0.0,1,8,0.0,1,8,0.0,1,8,0.0,1,8,-0.0,1,8,-9900,?,9,-9900,?,9,15.3,E,8,12.65,E,8,84.0,E,8,872.5394,E,8,999.0,E,8,0.71,E,8,-9900,?,9,-9900,?,9,0.0,E,8,-9900,?,9,-9900,?,9,0.0,0.0,E,8
05/05/2010,23:00,0.0,1342.23,0.0,1,8,0.0,1,8,0.0,1,8,0.0,1,8,0.0,1,8,0.0,1,8,-0.0,1,8,-9900,?,9,-9900,?,9,14.77,E,8,12.41,E,8,85.0,E,8,872.5394,E,8,999.0,E,8,0.71,E,8,-9900,?,9,-9900,?,9,0.0,E,8,-9900,?,9,-9900,?,9,0.0,0.0,E,8
05/05/2010,24:00,0.0,1342.23,0.0,1,8,0.0,1,8,0.0,1,8,0.0,1,8,0.0,1,8,0.0,1,8,-0.0,1,8,-9900,?,9,-9900,?,9,14.25,E,8,12.95,E,8,88.0,E,8,872.5394,E,8,999.0,E,8,0.52,E,8,-9900,?,9,-9900,?,9,0.0,E,8,-9900,?,9,-9900,?,9,0.0,0.0,E,8
05/06/2010,01:00,0.0,1342.23,0.0,1,8,0.0,1,8,0.0,1,8,0.0,1,8,0.0,1,8,0.0,1,8,-0.0,1,8,-9900,?,9,-9900,?,9,13.99,E,8,12.83,E,8,93.0,E,8,872.5394,E,8,999.0,E,8,0.52,E,8,-9900,?,9,-9900,?,9,0.004,E,8,-9900,?,9,-9900,?,9,0.04,99.0,E,8
05/06/2010,02:00,0.0,1342.23,0.0,1,8,0.0,1,8,0.0,1,8,0.0,1,8,0.0,1,8,0.0,1,8,-0.0,1,8,-9900,?,9,-9900,?,9,13.73,E,8,12.71,E,8,93.0,E,8,872.5394,E,8,999.0,E,8,0.52,E,8,-9900,?,9,-9900,?,9,0.001,E,8,-9900,?,9,-9900,?,9,0.01,99.0,E,8
05/06/2010,03:00,0.0,1342.23,0.0,1,8,0.0,1,8,0.0,1,8,0.0,1,8,0.0,1,8,0.0,1,8,-0.0,1,8,-9900,?,9,-9900,?,9,13.47,E,8,12.58,E,8,90.0,E,8,872.5394,E,8,999.0,E,8,0.52,E,8,-9900,?,9,-9900,?,9,0.0,E,8,-9900,?,9,-9900,?,9,0.0,0.0,E,8
05/06/2010,04:00,0.0,1341.567,0.0,1,8,0.0,1,8,0.0,1,8,0.0,1,8,0.0,1,8,0.0,1,8,-0.0,1,8,-9900,?,9,-9900,?,9,13.2,E,8,12.46,E,8,91.0,E,8,872.5394,E,8,999.0,E,8,0.52,E,8,-9900,?,9,-9900,?,9,0.0,E,8,-9900,?,9,-9900,?,9,0.0,0.0,E,8
05/06/2010,05:00,0.0,1341.567,0.0,1,8,0.0,1,8,0.0,1,8,0.0,1,8,0.0,1,8,0.0,1,8,-0.0,1,8,-9900,?,9,-9900,?,9,12.94,E,8,12.33,E,8,91.0,E,8,872.5394,E,8,999.0,E,8,0.52,E,8,-9900,?,9,-9900,?,9,0.0,E,8,-9900,?,9,-9900,?,9,0.0,0.0,E,8
05/06/2010,06:00,0.0,1341.567,0.0,1,8,0.0,1,8,0.0,1,8,0.0,1,8,0.0,1,8,0.0,1,8,-0.0,1,8,-9900,?,9,-9900,?,9,12.74,E,8,12.23,E,8,92.0,E,8,872.5394,E,8,999.0,E,8,0.52,E,8,-9900,?,9,-9900,?,9,0.0,E,8,-9900,?,9,-9900,?,9,0.0,0.0,E,8
05/06/2010,07:00,99.732,1341.567,0.0,1,8,0.0,1,8,0.0,1,8,0.0,1,8,0.0,1,8,0.0,1,8,0.0,1,8,-9900,?,9,-9900,?,9,12.57,E,8,12.15,E,8,92.0,E,8,872.5394,E,8,999.0,E,8,0.52,E,8,-9900,?,9,-9900,?,9,0.0,E,8,-9900,?,9,-9900,?,9,0.0,0.0,E,8
05/06/2010,08:00,393.289,1341.567,46.03,1,8,0.0,1,8,46.03,1,8,5523.6,1,8,0.0,1,8,5063.3,1,8,50.133,1,8,-9900,?,9,-9900,?,9,12.39,E,8,12.06,E,8,93.0,E,8,872.5394,E,8,999.0,E,8,0.52,E,8,-9900,?,9,-9900,?,9,0.0,E,8,-9900,?,9,-9900,?,9,0.0,0.0,E,8
05/06/2010,09:00,653.292,1341.567,137.03,1,8,0.0,1,8,137.03,1,8,16443.6,1,8,0.0,1,8,15073.3,1,8,89.656,1,8,-9900,?,9,-9900,?,9,14.89,E,8,13.25,E,8,87.0,E,8,872.5394,E,8,999.0,E,8,0.52,E,8,-9900,?,9,-9900,?,9,0.0,E,8,-9900,?,9,-9900,?,9,0.0,0.0,E,8
05/06/2010,10:00,859.765,1341.567,217.82,1,8,5.496,1,8,214.3,1,8,26138.4,1,8,522.076,1,8,23572.954,1,8,106.485,1,8,-9900,?,9,-9900,?,9,16.04,E,8,13.77,E,8,84.0,E,8,872.5394,E,8,999.0,E,8,0.83,E,8,-9900,?,9,-9900,?,9,0.0,E,8,-9900,?,9,-9900,?,9,0.0,0.0,E,8
05/06/2010,11:00,998.406,1341.567,278.34,1,8,8.068,1,8,272.337,1,8,33400.8,1,8,766.48,1,8,29957.069,1,8,116.51,1,8,-9900,?,9,-9900,?,9,17.02,E,8,14.2,E,8,82.0,E,8,872.5394,E,8,999.0,E,8,1.17,E,8,-9900,?,9,-9900,?,9,0.0,E,8,-9900,?,9,-9900,?,9,0.0,0.0,E,8
05/06/2010,12:00,1059.706,1341.567,313.57,1,8,16.48,1,8,300.554,1,8,37628.4,1,8,1565.631,1,8,33060.991,1,8,121.137,1,8,-9900,?,9,-9900,?,9,17.81,E,8,14.54,E,8,80.0,E,8,872.5394,E,8,999.0,E,8,1.13,E,8,-9900,?,9,-9900,?,9,0.0,E,8,-9900,?,9,-9900,?,9,0.0,0.0,E,8
05/06/2010,13:00,1039.476,1341.567,320.81,1,8,18.699,1,8,306.325,1,8,38497.2,1,8,1776.388,1,8,33695.703,1,8,125.868,1,8,-9900,?,9,-9900,?,9,18.36,E,8,14.78,E,8,83.0,E,8,872.5394,E,8,999.0,E,8,1.14,E,8,-9900,?,9,-9900,?,9,0.006,E,8,-9900,?,9,-9900,?,9,0.06,99.0,E,8
05/06/2010,14:00,939.102,1341.567,299.55,1,8,12.532,1,8,290.781,1,8,35946.0,1,8,1190.496,1,8,31985.861,1,8,132.266,1,8,-9900,?,9,-9900,?,9,18.67,E,8,14.91,E,8,78.0,E,8,872.5394,E,8,999.0,E,8,1.23,E,8,-9900,?,9,-9900,?,9,0.0,E,8,-9900,?,9,-9900,?,9,0.0,0.0,E,8
05/06/2010,15:00,765.461,1341.567,251.35,1,8,18.972,1,8,240.532,1,8,30162.0,1,8,1802.359,1,8,26458.472,1,8,134.269,1,8,-9900,?,9,-9900,?,9,18.75,E,8,14.94,E,8,78.0,E,8,872.5394,E,8,999.0,E,8,1.04,E,8,-9900,?,9,-9900,?,9,0.0,E,8,-9900,?,9,-9900,?,9,0.0,0.0,E,8
05/06/2010,16:00,530.5,1341.567,180.02,1,8,36.186,1,8,165.733,1,8,21602.4,1,8,3437.654,1,8,18230.673,1,8,133.619,1,8,-9900,?,9,-9900,?,9,18.47,E,8,14.82,E,8,82.0,E,8,872.5394,E,8,999.0,E,8,1.96,E,8,-9900,?,9,-9900,?,9,0.002,E,8,-9900,?,9,-9900,?,9,0.02,99.0,E,8
05/06/2010,17:00,250.812,1341.567,92.24,1,8,114.229,1,8,71.05,1,8,11068.8,1,8,10851.713,1,8,7815.483,1,8,121.914,1,8,-9900,?,9,-9900,?,9,17.85,E,8,14.56,E,8,84.0,E,8,872.5394,E,8,999.0,E,8,1.63,E,8,-9900,?,9,-9900,?,9,0.01,E,8,-9900,?,9,-9900,?,9,0.1,99.0,E,8
05/06/2010,18:00,0.0,1341.567,8.54,1,8,0.0,1,8,0.0,1,8,1024.8,1,8,0.0,1,8,0.0,1,8,-0.0,1,8,-9900,?,9,-9900,?,9,17.33,E,8,14.34,E,8,85.0,E,8,872.5394,E,8,999.0,E,8,0.85,E,8,-9900,?,9,-9900,?,9,0.022,E,8,-9900,?,9,-9900,?,9,0.22,99.0,E,8
05/06/2010,19:00,0.0,1341.567,0.0,1,8,0.0,1,8,0.0,1,8,0.0,1,8,0.0,1,8,0.0,1,8,-0.0,1,8,-9900,?,9,-9900,?,9,16.81,E,8,14.11,E,8,86.0,E,8,872.5394,E,8,999.0,E,8,0.66,E,8,-9900,?,9,-9900,?,9,0.034999999999999996,E,8,-9900,?,9,-9900,?,9,0.35,99.0,E,8
05/06/2010,20:00,0.0,1341.567,0.0,1,8,0.0,1,8,0.0,1,8,0.0,1,8,0.0,1,8,0.0,1,8,-0.0,1,8,-9900,?,9,-9900,?,9,16.29,E,8,13.88,E,8,87.0,E,8,872.5394,E,8,999.0,E,8,0.52,E,8,-9900,?,9,-9900,?,9,0.015,E,8,-9900,?,9,-9900,?,9,0.15,99.0,E,8
05/06/2010,21:00,0.0,1341.567,0.0,1,8,0.0,1,8,0.0,1,8,0.0,1,8,0.0,1,8,0.0,1,8,-0.0,1,8,-9900,?,9,-9900,?,9,15.77,E,8,13.65,E,8,88.0,E,8,872.5394,E,8,999.0,E,8,0.52,E,8,-9900,?,9,-9900,?,9,0.066,E,8,-9900,?,9,-9900,?,9,0.66,99.0,E,8
05/06/2010,22:00,0.0,1341.567,0.0,1,8,0.0,1,8,0.0,1,8,0.0,1,8,0.0,1,8,0.0,1,8,-0.0,1,8,-9900,?,9,-9900,?,9,15.24,E,8,13.41,E,8,97.0,E,8,872.5394,E,8,999.0,E,8,0.52,E,8,-9900,?,9,-9900,?,9,1.038,E,8,-9900,?,9,-9900,?,9,10.38,99.0,E,8
05/06/2010,23:00,0.0,1341.567,0.0,1,8,0.0,1,8,0.0,1,8,0.0,1,8,0.0,1,8,0.0,1,8,-0.0,1,8,-9900,?,9,-9900,?,9,14.72,E,8,13.17,E,8,91.0,E,8,872.5394,E,8,999.0,E,8,0.52,E,8,-9900,?,9,-9900,?,9,0.001,E,8,-9900,?,9,-9900,?,9,0.01,99.0,E,8
05/06/2010,24:00,0.0,1341.567,0.0,1,8,0.0,1,8,0.0,1,8,0.0,1,8,0.0,1,8,0.0,1,8,-0.0,1,8,-9900,?,9,-9900,?,9,14.2,E,8,12.02,E,8,86.0,E,8,872.5394,E,8,999.0,E,8,0.51,E,8,-9900,?,9,-9900,?,9,0.0,E,8,-9900,?,9,-9900,?,9,0.0,0.0,E,8
05/07/2010,01:00,0.0,1341.567,0.0,1,8,0.0,1,8,0.0,1,8,0.0,1,8,0.0,1,8,0.0,1,8,-0.0,1,8,-9900,?,9,-9900,?,9,13.94,E,8,11.91,E,8,87.0,E,8,872.5394,E,8,999.0,E,8,0.51,E,8,-9900,?,9,-9900,?,9,0.0,E,8,-9900,?,9,-9900,?,9,0.0,0.0,E,8
05/07/2010,02:00,0.0,1341.567,0.0,1,8,0.0,1,8,0.0,1,8,0.0,1,8,0.0,1,8,0.0,1,8,-0.0,1,8,-9900,?,9,-9900,?,9,13.68,E,8,11.79,E,8,88.0,E,8,872.5394,E,8,999.0,E,8,0.51,E,8,-9900,?,9,-9900,?,9,0.0,E,8,-9900,?,9,-9900,?,9,0.0,0.0,E,8
05/07/2010,03:00,0.0,1341.567,0.0,1,8,0.0,1,8,0.0,1,8,0.0,1,8,0.0,1,8,0.0,1,8,-0.0,1,8,-9900,?,9,-9900,?,9,13.42,E,8,11.68,E,8,89.0,E,8,872.5394,E,8,999.0,E,8,0.51,E,8,-9900,?,9,-9900,?,9,0.0,E,8,-9900,?,9,-9900,?,9,0.0,0.0,E,8
05/07/2010,04:00,0.0,1340.911,0.0,1,8,0.0,1,8,0.0,1,8,0.0,1,8,0.0,1,8,0.0,1,8,-0.0,1,8,-9900,?,9,-9900,?,9,13.16,E,8,11.56,E,8,90.0,E,8,872.5394,E,8,999.0,E,8,0.51,E,8,-9900,?,9,-9900,?,9,0.0,E,8,-9900,?,9,-9900,?,9,0.0,0.0,E,8
05/07/2010,05:00,0.0,1340.911,0.0,1,8,0.0,1,8,0.0,1,8,0.0,1,8,0.0,1,8,0.0,1,8,-0.0,1,8,-9900,?,9,-9900,?,9,12.9,E,8,11.44,E,8,90.0,E,8,872.5394,E,8,999.0,E,8,0.51,E,8,-9900,?,9,-9900,?,9,0.0,E,8,-9900,?,9,-9900,?,9,0.0,0.0,E,8
05/07/2010,06:00,0.0,1340.911,0.0,1,8,0.0,1,8,0.0,1,8,0.0,1,8,0.0,1,8,0.0,1,8,-0.0,1,8,-9900,?,9,-9900,?,9,12.7,E,8,11.35,E,8,91.0,E,8,872.5394,E,8,999.0,E,8,0.51,E,8,-9900,?,9,-9900,?,9,0.0,E,8,-9900,?,9,-9900,?,9,0.0,0.0,E,8
05/07/2010,07:00,97.532,1340.911,0.0,1,8,0.0,1,8,0.0,1,8,0.0,1,8,0.0,1,8,0.0,1,8,0.0,1,8,-9900,?,9,-9900,?,9,12.53,E,8,11.27,E,8,92.0,E,8,872.5394,E,8,999.0,E,8,0.51,E,8,-9900,?,9,-9900,?,9,0.0,E,8,-9900,?,9,-9900,?,9,0.0,0.0,E,8
05/07/2010,08:00,390.42,1340.911,76.73,1,8,0.0,1,8,76.73,1,8,9207.6,1,8,0.0,1,8,8440.3,1,8,84.147,1,8,-9900,?,9,-9900,?,9,12.36,E,8,11.19,E,8,92.0,E,8,872.5394,E,8,999.0,E,8,0.51,E,8,-9900,?,9,-9900,?,9,0.0,E,8,-9900,?,9,-9900,?,9,0.0,0.0,E,8
05/07/2010,09:00,649.858,1340.911,230.22,1,8,38.744,1,8,211.461,1,8,27626.4,1,8,3680.711,1,8,23260.697,1,8,139.02,1,8,-9900,?,9,-9900,?,9,15.54,E,8,12.6,E,8,82.0,E,8,872.5394,E,8,999.0,E,8,0.51,E,8,-9900,?,9,-9900,?,9,0.0,E,8,-9900,?,9,-9900,?,9,0.0,0.0,E,8
05/07/2010,10:00,855.855,1340.911,366.54,1,8,85.607,1,8,311.923,1,8,43984.8,1,8,8132.669,1,8,34311.581,1,8,155.626,1,8,-9900,?,9,-9900,?,9,17.01,E,8,13.21,E,8,78.0,E,8,872.5394,E,8,999.0,E,8,0.79,E,8,-9900,?,9,-9900,?,9,0.0,E,8,-9900,?,9,-9900,?,9,0.0,0.0,E,8
05/07/2010,11:00,994.139,1340.911,468.67,1,8,118.583,1,8,380.775,1,8,56240.4,1,8,11265.421,1,8,41885.201,1,8,163.522,1,8,-9900,?,9,-9900,?,9,18.28,E,8,13.72,E,8,74.0,E,8,872.5394,E,8,999.0,E,8,1.08,E,8,-9900,?,9,-9900,?,9,0.0,E,8,-9900,?,9,-9900,?,9,0.0,0.0,E,8
05/07/2010,12:00,1055.227,1340.911,528.08,1,8,221.911,1,8,353.479,1,8,63369.6,1,8,21081.585,1,8,38882.667,1,8,143.003,1,8,-9900,?,9,-9900,?,9,19.28,E,8,14.12,E,8,72.0,E,8,872.5394,E,8,999.0,E,8,0.96,E,8,-9900,?,9,-9900,?,9,0.0,E,8,-9900,?,9,-9900,?,9,0.0,0.0,E,8
05/07/2010,13:00,1034.943,1340.911,540.26,1,8,266.611,1,8,334.525,1,8,64831.2,1,8,25328.066,1,8,36797.755,1,8,137.99,1,8,-9900,?,9,-9900,?,9,20.0,E,8,14.39,E,8,70.0,E,8,872.5394,E,8,999.0,E,8,1.18,E,8,-9900,?,9,-9900,?,9,0.0,E,8,-9900,?,9,-9900,?,9,0.0,0.0,E,8
05/07/2010,14:00,934.676,1340.911,504.3,1,8,211.874,1,8,356.66,1,8,60516.0,1,8,20127.993,1,8,39232.637,1,8,162.922,1,8,-9900,?,9,-9900,?,9,20.4,E,8,14.54,E,8,69.0,E,8,872.5394,E,8,999.0,E,8,1.28,E,8,-9900,?,9,-9900,?,9,0.0,E,8,-9900,?,9,-9900,?,9,0.0,0.0,E,8
05/07/2010,15:00,761.298,1340.911,422.9,1,8,322.678,1,8,239.814,1,8,50748.0,1,8,30654.4,1,8,26379.494,1,8,134.536,1,8,-9900,?,9,-9900,?,9,20.49,E,8,14.58,E,8,68.0,E,8,872.5394,E,8,999.0,E,8,2.2,E,8,-9900,?,9,-9900,?,9,0.0,E,8,-9900,?,9,-9900,?,9,0.0,0.0,E,8
05/07/2010,16:00,526.738,1340.911,302.44,1,8,404.933,1,8,143.627,1,8,36292.8,1,8,38468.642,1,8,15799.011,1,8,116.57,1,8,-9900,?,9,-9900,?,9,20.14,E,8,14.45,E,8,69.0,E,8,872.5394,E,8,999.0,E,8,1.72,E,8,-9900,?,9,-9900,?,9,0.0,E,8,-9900,?,9,-9900,?,9,0.0,0.0,E,8
05/07/2010,17:00,247.574,1340.911,154.3,1,8,547.937,1,8,53.937,1,8,18516.0,1,8,52054.048,1,8,5933.059,1,8,93.733,1,8,-9900,?,9,-9900,?,9,19.34,E,8,14.14,E,8,71.0,E,8,872.5394,E,8,999.0,E,8,1.2,E,8,-9900,?,9,-9900,?,9,0.0,E,8,-9900,?,9,-9900,?,9,0.0,0.0,E,8
05/07/2010,18:00,0.0,1340.911,13.65,1,8,0.0,1,8,0.0,1,8,1638.0,1,8,0.0,1,8,0.0,1,8,-0.0,1,8,-9900,?,9,-9900,?,9,18.74,E,8,13.91,E,8,73.0,E,8,872.5394,E,8,999.0,E,8,0.94,E,8,-9900,?,9,-9900,?,9,0.0,E,8,-9900,?,9,-9900,?,9,0.0,0.0,E,8
05/07/2010,19:00,0.0,1340.911,0.0,1,8,0.0,1,8,0.0,1,8,0.0,1,8,0.0,1,8,0.0,1,8,-0.0,1,8,-9900,?,9,-9900,?,9,18.15,E,8,13.67,E,8,75.0,E,8,872.5394,E,8,999.0,E,8,0.51,E,8,-9900,?,9,-9900,?,9,0.0,E,8,-9900,?,9,-9900,?,9,0.0,0.0,E,8
05/07/2010,20:00,0.0,1340.911,0.0,1,8,0.0,1,8,0.0,1,8,0.0,1,8,0.0,1,8,0.0,1,8,-0.0,1,8,-9900,?,9,-9900,?,9,17.56,E,8,13.44,E,8,76.0,E,8,872.5394,E,8,999.0,E,8,0.51,E,8,-9900,?,9,-9900,?,9,0.0,E,8,-9900,?,9,-9900,?,9,0.0,0.0,E,8
05/07/2010,21:00,0.0,1340.911,0.0,1,8,0.0,1,8,0.0,1,8,0.0,1,8,0.0,1,8,0.0,1,8,-0.0,1,8,-9900,?,9,-9900,?,9,16.96,E,8,13.19,E,8,78.0,E,8,872.5394,E,8,999.0,E,8,0.51,E,8,-9900,?,9,-9900,?,9,0.0,E,8,-9900,?,9,-9900,?,9,0.0,0.0,E,8
05/07/2010,22:00,0.0,1340.911,0.0,1,8,0.0,1,8,0.0,1,8,0.0,1,8,0.0,1,8,0.0,1,8,-0.0,1,8,-9900,?,9,-9900,?,9,16.37,E,8,12.95,E,8,80.0,E,8,872.5394,E,8,999.0,E,8,0.51,E,8,-9900,?,9,-9900,?,9,0.0,E,8,-9900,?,9,-9900,?,9,0.0,0.0,E,8
05/07/2010,23:00,0.0,1340.911,0.0,1,8,0.0,1,8,0.0,1,8,0.0,1,8,0.0,1,8,0.0,1,8,-0.0,1,8,-9900,?,9,-9900,?,9,15.78,E,8,12.7,E,8,81.0,E,8,872.5394,E,8,999.0,E,8,0.51,E,8,-9900,?,9,-9900,?,9,0.0,E,8,-9900,?,9,-9900,?,9,0.0,0.0,E,8
05/07/2010,24:00,0.0,1340.911,0.0,1,8,0.0,1,8,0.0,1,8,0.0,1,8,0.0,1,8,0.0,1,8,-0.0,1,8,-9900,?,9,-9900,?,9,15.19,E,8,11.79,E,8,80.0,E,8,872.5394,E,8,999.0,E,8,0.23,E,8,-9900,?,9,-9900,?,9,0.0,E,8,-9900,?,9,-9900,?,9,0.0,0.0,E,8
05/08/2010,01:00,0.0,1340.911,0.0,1,8,0.0,1,8,0.0,1,8,0.0,1,8,0.0,1,8,0.0,1,8,-0.0,1,8,-9900,?,9,-9900,?,9,14.89,E,8,11.66,E,8,80.0,E,8,872.5394,E,8,999.0,E,8,0.23,E,8,-9900,?,9,-9900,?,9,0.0,E,8,-9900,?,9,-9900,?,9,0.0,0.0,E,8
05/08/2010,02:00,0.0,1340.911,0.0,1,8,0.0,1,8,0.0,1,8,0.0,1,8,0.0,1,8,0.0,1,8,-0.0,1,8,-9900,?,9,-9900,?,9,14.59,E,8,11.52,E,8,81.0,E,8,872.5394,E,8,999.0,E,8,0.23,E,8,-9900,?,9,-9900,?,9,0.0,E,8,-9900,?,9,-9900,?,9,0.0,0.0,E,8
05/08/2010,03:00,0.0,1340.911,0.0,1,8,0.0,1,8,0.0,1,8,0.0,1,8,0.0,1,8,0.0,1,8,-0.0,1,8,-9900,?,9,-9900,?,9,14.3,E,8,11.39,E,8,82.0,E,8,872.5394,E,8,999.0,E,8,0.23,E,8,-9900,?,9,-9900,?,9,0.0,E,8,-9900,?,9,-9900,?,9,0.0,0.0,E,8
05/08/2010,04:00,0.0,1340.263,0.0,1,8,0.0,1,8,0.0,1,8,0.0,1,8,0.0,1,8,0.0,1,8,-0.0,1,8,-9900,?,9,-9900,?,9,14.0,E,8,11.26,E,8,83.0,E,8,872.5394,E,8,999.0,E,8,0.23,E,8,-9900,?,9,-9900,?,9,0.0,E,8,-9900,?,9,-9900,?,9,0.0,0.0,E,8
05/08/2010,05:00,0.0,1340.263,0.0,1,8,0.0,1,8,0.0,1,8,0.0,1,8,0.0,1,8,0.0,1,8,-0.0,1,8,-9900,?,9,-9900,?,9,13.7,E,8,11.12,E,8,84.0,E,8,872.5394,E,8,999.0,E,8,0.23,E,8,-9900,?,9,-9900,?,9,0.0,E,8,-9900,?,9,-9900,?,9,0.0,0.0,E,8
05/08/2010,06:00,0.0,1340.263,0.0,1,8,0.0,1,8,0.0,1,8,0.0,1,8,0.0,1,8,0.0,1,8,-0.0,1,8,-9900,?,9,-9900,?,9,13.47,E,8,11.02,E,8,85.0,E,8,872.5394,E,8,999.0,E,8,0.23,E,8,-9900,?,9,-9900,?,9,0.0,E,8,-9900,?,9,-9900,?,9,0.0,0.0,E,8
05/08/2010,07:00,95.327,1340.263,0.0,1,8,0.0,1,8,0.0,1,8,0.0,1,8,0.0,1,8,0.0,1,8,0.0,1,8,-9900,?,9,-9900,?,9,13.28,E,8,10.93,E,8,85.0,E,8,872.5394,E,8,999.0,E,8,0.23,E,8,-9900,?,9,-9900,?,9,0.0,E,8,-9900,?,9,-9900,?,9,0.0,0.0,E,8
05/08/2010,08:00,387.55,1340.263,234.93,1,8,266.064,1,8,158.238,1,8,28191.6,1,8,25276.066,1,8,17406.178,1,8,174.742,1,8,-9900,?,9,-9900,?,9,13.08,E,8,10.84,E,8,86.0,E,8,872.5394,E,8,999.0,E,8,0.23,E,8,-9900,?,9,-9900,?,9,0.0,E,8,-9900,?,9,-9900,?,9,0.0,0.0,E,8
05/08/2010,09:00,646.432,1340.263,248.14,1,8,73.745,1,8,212.606,1,8,29776.8,1,8,7005.793,1,8,23386.629,1,8,140.447,1,8,-9900,?,9,-9900,?,9,18.37,E,8,13.13,E,8,71.0,E,8,872.5394,E,8,999.0,E,8,0.26,E,8,-9900,?,9,-9900,?,9,0.0,E,8,-9900,?,9,-9900,?,9,0.0,0.0,E,8
05/08/2010,10:00,851.966,1340.263,505.69,1,8,328.69,1,8,296.842,1,8,60682.8,1,8,31225.545,1,8,32652.611,1,8,148.707,1,8,-9900,?,9,-9900,?,9,20.29,E,8,13.89,E,8,66.0,E,8,872.5394,E,8,999.0,E,8,0.46,E,8,-9900,?,9,-9900,?,9,0.0,E,8,-9900,?,9,-9900,?,9,0.0,0.0,E,8
05/08/2010,11:00,989.907,1340.263,484.77,1,8,136.561,1,8,383.932,1,8,58172.4,1,8,12973.341,1,8,42232.465,1,8,165.503,1,8,-9900,?,9,-9900,?,9,21.14,E,8,14.22,E,8,64.0,E,8,872.5394,E,8,999.0,E,8,0.71,E,8,-9900,?,9,-9900,?,9,0.0,E,8,-9900,?,9,-9900,?,9,0.0,0.0,E,8
05/08/2010,12:00,1050.797,1340.263,256.22,1,8,24.991,1,8,236.63,1,8,30746.4,1,8,2374.154,1,8,26029.302,1,8,96.088,1,8,-9900,?,9,-9900,?,9,20.31,E,8,13.9,E,8,66.0,E,8,872.5394,E,8,999.0,E,8,1.15,E,8,-9900,?,9,-9900,?,9,0.0,E,8,-9900,?,9,-9900,?,9,0.0,0.0,E,8
05/08/2010,13:00,1030.472,1340.263,143.2,1,8,1.546,1,8,142.011,1,8,17184.0,1,8,146.916,1,8,15621.234,1,8,58.805,1,8,-9900,?,9,-9900,?,9,19.05,E,8,13.41,E,8,69.0,E,8,872.5394,E,8,999.0,E,8,1.64,E,8,-9900,?,9,-9900,?,9,0.0,E,8,-9900,?,9,-9900,?,9,0.0,0.0,E,8
05/08/2010,14:00,930.325,1340.263,337.59,1,8,75.668,1,8,285.083,1,8,40510.8,1,8,7188.413,1,8,31359.135,1,8,130.772,1,8,-9900,?,9,-9900,?,9,19.19,E,8,13.46,E,8,69.0,E,8,872.5394,E,8,999.0,E,8,2.02,E,8,-9900,?,9,-9900,?,9,0.0,E,8,-9900,?,9,-9900,?,9,0.0,0.0,E,8
05/08/2010,15:00,757.219,1340.263,604.53,1,8,595.296,1,8,268.411,1,8,72543.6,1,8,56553.094,1,8,29525.231,1,8,151.318,1,8,-9900,?,9,-9900,?,9,20.53,E,8,13.99,E,8,66.0,E,8,872.5394,E,8,999.0,E,8,2.38,E,8,-9900,?,9,-9900,?,9,0.0,E,8,-9900,?,9,-9900,?,9,0.0,0.0,E,8
05/08/2010,16:00,523.068,1340.263,362.94,1,8,606.767,1,8,126.519,1,8,43552.8,1,8,57642.884,1,8,13917.075,1,8,103.357,1,8,-9900,?,9,-9900,?,9,20.57,E,8,14.0,E,8,65.0,E,8,872.5394,E,8,999.0,E,8,2.51,E,8,-9900,?,9,-9900,?,9,0.0,E,8,-9900,?,9,-9900,?,9,0.0,0.0,E,8
05/08/2010,17:00,244.431,1340.263,51.65,1,8,0.0,1,8,51.65,1,8,6198.0,1,8,0.0,1,8,5681.5,1,8,90.887,1,8,-9900,?,9,-9900,?,9,19.45,E,8,13.56,E,8,68.0,E,8,872.5394,E,8,999.0,E,8,2.08,E,8,-9900,?,9,-9900,?,9,0.0,E,8,-9900,?,9,-9900,?,9,0.0,0.0,E,8
05/08/2010,18:00,0.0,1340.263,11.76,1,8,0.0,1,8,0.0,1,8,1411.2,1,8,0.0,1,8,0.0,1,8,-0.0,1,8,-9900,?,9,-9900,?,9,18.8,E,8,13.31,E,8,70.0,E,8,872.5394,E,8,999.0,E,8,1.58,E,8,-9900,?,9,-9900,?,9,0.0,E,8,-9900,?,9,-9900,?,9,0.0,0.0,E,8
05/08/2010,19:00,0.0,1340.263,0.0,1,8,0.0,1,8,0.0,1,8,0.0,1,8,0.0,1,8,0.0,1,8,-0.0,1,8,-9900,?,9,-9900,?,9,18.16,E,8,13.05,E,8,72.0,E,8,872.5394,E,8,999.0,E,8,0.9,E,8,-9900,?,9,-9900,?,9,0.0,E,8,-9900,?,9,-9900,?,9,0.0,0.0,E,8
05/08/2010,20:00,0.0,1340.263,0.0,1,8,0.0,1,8,0.0,1,8,0.0,1,8,0.0,1,8,0.0,1,8,-0.0,1,8,-9900,?,9,-9900,?,9,17.51,E,8,12.78,E,8,73.0,E,8,872.5394,E,8,999.0,E,8,0.43,E,8,-9900,?,9,-9900,?,9,0.0,E,8,-9900,?,9,-9900,?,9,0.0,0.0,E,8
05/08/2010,21:00,0.0,1340.263,0.0,1,8,0.0,1,8,0.0,1,8,0.0,1,8,0.0,1,8,0.0,1,8,-0.0,1,8,-9900,?,9,-9900,?,9,16.86,E,8,12.51,E,8,75.0,E,8,872.5394,E,8,999.0,E,8,0.26,E,8,-9900,?,9,-9900,?,9,0.0,E,8,-9900,?,9,-9900,?,9,0.0,0.0,E,8
05/08/2010,22:00,0.0,1340.263,0.0,1,8,0.0,1,8,0.0,1,8,0.0,1,8,0.0,1,8,0.0,1,8,-0.0,1,8,-9900,?,9,-9900,?,9,16.21,E,8,12.23,E,8,77.0,E,8,872.5394,E,8,999.0,E,8,0.23,E,8,-9900,?,9,-9900,?,9,0.0,E,8,-9900,?,9,-9900,?,9,0.0,0.0,E,8
05/08/2010,23:00,0.0,1340.263,0.0,1,8,0.0,1,8,0.0,1,8,0.0,1,8,0.0,1,8,0.0,1,8,-0.0,1,8,-9900,?,9,-9900,?,9,15.56,E,8,11.95,E,8,79.0,E,8,872.5394,E,8,999.0,E,8,0.25,E,8,-9900,?,9,-9900,?,9,0.0,E,8,-9900,?,9,-9900,?,9,0.0,0.0,E,8
05/08/2010,24:00,0.0,1340.263,0.0,1,8,0.0,1,8,0.0,1,8,0.0,1,8,0.0,1,8,0.0,1,8,-0.0,1,8,-9900,?,9,-9900,?,9,14.91,E,8,12.55,E,8,85.0,E,8,872.5394,E,8,999.0,E,8,0.5,E,8,-9900,?,9,-9900,?,9,0.0,E,8,-9900,?,9,-9900,?,9,0.0,0.0,E,8
05/09/2010,01:00,0.0,1340.263,0.0,1,8,0.0,1,8,0.0,1,8,0.0,1,8,0.0,1,8,0.0,1,8,-0.0,1,8,-9900,?,9,-9900,?,9,14.59,E,8,12.5,E,8,87.0,E,8,872.5394,E,8,999.0,E,8,0.5,E,8,-9900,?,9,-9900,?,9,0.0,E,8,-9900,?,9,-9900,?,9,0.0,0.0,E,8
05/09/2010,02:00,0.0,1340.263,0.0,1,8,0.0,1,8,0.0,1,8,0.0,1,8,0.0,1,8,0.0,1,8,-0.0,1,8,-9900,?,9,-9900,?,9,14.26,E,8,12.45,E,8,88.0,E,8,872.5394,E,8,999.0,E,8,0.41,E,8,-9900,?,9,-9900,?,9,0.0,E,8,-9900,?,9,-9900,?,9,0.0,0.0,E,8
05/09/2010,03:00,0.0,1340.263,0.0,1,8,0.0,1,8,0.0,1,8,0.0,1,8,0.0,1,8,0.0,1,8,-0.0,1,8,-9900,?,9,-9900,?,9,13.94,E,8,12.39,E,8,90.0,E,8,872.5394,E,8,999.0,E,8,0.4,E,8,-9900,?,9,-9900,?,9,0.0,E,8,-9900,?,9,-9900,?,9,0.0,0.0,E,8
05/09/2010,04:00,0.0,1339.624,0.0,1,8,0.0,1,8,0.0,1,8,0.0,1,8,0.0,1,8,0.0,1,8,-0.0,1,8,-9900,?,9,-9900,?,9,13.61,E,8,12.34,E,8,92.0,E,8,872.5394,E,8,999.0,E,8,0.4,E,8,-9900,?,9,-9900,?,9,0.0,E,8,-9900,?,9,-9900,?,9,0.0,0.0,E,8
05/09/2010,05:00,0.0,1339.624,0.0,1,8,0.0,1,8,0.0,1,8,0.0,1,8,0.0,1,8,0.0,1,8,-0.0,1,8,-9900,?,9,-9900,?,9,13.29,E,8,12.28,E,8,93.0,E,8,872.5394,E,8,999.0,E,8,0.4,E,8,-9900,?,9,-9900,?,9,0.0,E,8,-9900,?,9,-9900,?,9,0.0,0.0,E,8
05/09/2010,06:00,0.0,1339.624,0.0,1,8,0.0,1,8,0.0,1,8,0.0,1,8,0.0,1,8,0.0,1,8,-0.0,1,8,-9900,?,9,-9900,?,9,13.04,E,8,12.24,E,8,94.0,E,8,872.5394,E,8,999.0,E,8,0.4,E,8,-9900,?,9,-9900,?,9,0.0,E,8,-9900,?,9,-9900,?,9,0.0,0.0,E,8
05/09/2010,07:00,93.118,1339.624,0.0,1,8,0.0,1,8,0.0,1,8,0.0,1,8,0.0,1,8,0.0,1,8,0.0,1,8,-9900,?,9,-9900,?,9,12.82,E,8,12.2,E,8,96.0,E,8,872.5394,E,8,999.0,E,8,0.4,E,8,-9900,?,9,-9900,?,9,0.0,E,8,-9900,?,9,-9900,?,9,0.0,0.0,E,8
05/09/2010,08:00,384.681,1339.624,80.47,1,8,0.0,1,8,80.47,1,8,9656.4,1,8,0.0,1,8,8851.7,1,8,89.487,1,8,-9900,?,9,-9900,?,9,12.61,E,8,12.17,E,8,97.0,E,8,872.5394,E,8,999.0,E,8,0.4,E,8,-9900,?,9,-9900,?,9,0.0,E,8,-9900,?,9,-9900,?,9,0.0,0.0,E,8
05/09/2010,09:00,643.018,1339.624,245.32,1,8,74.696,1,8,209.501,1,8,29438.4,1,8,7096.128,1,8,23045.104,1,8,139.066,1,8,-9900,?,9,-9900,?,9,16.25,E,8,12.77,E,8,79.0,E,8,872.5394,E,8,999.0,E,8,0.4,E,8,-9900,?,9,-9900,?,9,0.0,E,8,-9900,?,9,-9900,?,9,0.0,0.0,E,8
05/09/2010,10:00,848.101,1339.624,391.93,1,8,116.92,1,8,317.942,1,8,47031.6,1,8,11107.364,1,8,34973.616,1,8,159.928,1,8,-9900,?,9,-9900,?,9,17.95,E,8,13.05,E,8,73.0,E,8,872.5394,E,8,999.0,E,8,0.4,E,8,-9900,?,9,-9900,?,9,0.0,E,8,-9900,?,9,-9900,?,9,0.0,0.0,E,8
05/09/2010,11:00,985.713,1339.624,501.73,1,8,161.701,1,8,382.778,1,8,60207.6,1,8,15361.632,1,8,42105.525,1,8,165.629,1,8,-9900,?,9,-9900,?,9,19.41,E,8,13.28,E,8,67.0,E,8,872.5394,E,8,999.0,E,8,0.76,E,8,-9900,?,9,-9900,?,9,0.0,E,8,-9900,?,9,-9900,?,9,0.0,0.0,E,8
05/09/2010,12:00,1046.419,1339.624,565.57,1,8,302.302,1,8,329.478,1,8,67868.4,1,8,28718.685,1,8,36242.525,1,8,134.287,1,8,-9900,?,9,-9900,?,9,20.58,E,8,13.46,E,8,63.0,E,8,872.5394,E,8,999.0,E,8,1.51,E,8,-9900,?,9,-9900,?,9,0.0,E,8,-9900,?,9,-9900,?,9,0.0,0.0,E,8
05/09/2010,13:00,1026.066,1339.624,578.57,1,8,270.249,1,8,371.62,1,8,69428.4,1,8,25673.612,1,8,40878.172,1,8,154.471,1,8,-9900,?,9,-9900,?,9,21.4,E,8,13.59,E,8,61.0,E,8,872.5394,E,8,999.0,E,8,2.25,E,8,-9900,?,9,-9900,?,9,0.0,E,8,-9900,?,9,-9900,?,9,0.0,0.0,E,8
05/09/2010,14:00,926.051,1339.624,539.79,1,8,330.219,1,8,311.59,1,8,64774.8,1,8,31370.841,1,8,34274.919,1,8,143.523,1,8,-9900,?,9,-9900,?,9,21.87,E,8,13.66,E,8,59.0,E,8,872.5394,E,8,999.0,E,8,2.69,E,8,-9900,?,9,-9900,?,9,0.0,E,8,-9900,?,9,-9900,?,9,0.0,0.0,E,8
05/09/2010,15:00,753.227,1339.624,452.12,1,8,427.369,1,8,211.976,1,8,54254.4,1,8,40600.043,1,8,23317.413,1,8,120.08,1,8,-9900,?,9,-9900,?,9,21.97,E,8,13.68,E,8,59.0,E,8,872.5394,E,8,999.0,E,8,3.32,E,8,-9900,?,9,-9900,?,9,0.0,E,8,-9900,?,9,-9900,?,9,0.0,0.0,E,8
05/09/2010,16:00,519.491,1339.624,322.45,1,8,529.668,1,8,117.388,1,8,38694.0,1,8,50318.492,1,8,12912.71,1,8,96.515,1,8,-9900,?,9,-9900,?,9,21.56,E,8,13.62,E,8,60.0,E,8,872.5394,E,8,999.0,E,8,2.21,E,8,-9900,?,9,-9900,?,9,0.0,E,8,-9900,?,9,-9900,?,9,0.0,0.0,E,8
05/09/2010,17:00,241.384,1339.624,163.11,1,8,565.186,1,8,62.119,1,8,19573.2,1,8,53692.711,1,8,6833.074,1,8,110.658,1,8,-9900,?,9,-9900,?,9,20.63,E,8,13.47,E,8,63.0,E,8,872.5394,E,8,999.0,E,8,1.91,E,8,-9900,?,9,-9900,?,9,0.0,E,8,-9900,?,9,-9900,?,9,0.0,0.0,E,8
05/09/2010,18:00,0.0,1339.624,13.15,1,8,0.0,1,8,0.0,1,8,1578.0,1,8,0.0,1,8,0.0,1,8,-0.0,1,8,-9900,?,9,-9900,?,9,19.92,E,8,13.36,E,8,65.0,E,8,872.5394,E,8,999.0,E,8,1.37,E,8,-9900,?,9,-9900,?,9,0.0,E,8,-9900,?,9,-9900,?,9,0.0,0.0,E,8
05/09/2010,19:00,0.0,1339.624,0.0,1,8,0.0,1,8,0.0,1,8,0.0,1,8,0.0,1,8,0.0,1,8,-0.0,1,8,-9900,?,9,-9900,?,9,19.21,E,8,13.25,E,8,68.0,E,8,872.5394,E,8,999.0,E,8,0.95,E,8,-9900,?,9,-9900,?,9,0.0,E,8,-9900,?,9,-9900,?,9,0.0,0.0,E,8
05/09/2010,20:00,0.0,1339.624,0.0,1,8,0.0,1,8,0.0,1,8,0.0,1,8,0.0,1,8,0.0,1,8,-0.0,1,8,-9900,?,9,-9900,?,9,18.49,E,8,13.13,E,8,70.0,E,8,872.5394,E,8,999.0,E,8,0.63,E,8,-9900,?,9,-9900,?,9,0.0,E,8,-9900,?,9,-9900,?,9,0.0,0.0,E,8
05/09/2010,21:00,0.0,1339.624,0.0,1,8,0.0,1,8,0.0,1,8,0.0,1,8,0.0,1,8,0.0,1,8,-0.0,1,8,-9900,?,9,-9900,?,9,17.78,E,8,13.02,E,8,73.0,E,8,872.5394,E,8,999.0,E,8,0.56,E,8,-9900,?,9,-9900,?,9,0.0,E,8,-9900,?,9,-9900,?,9,0.0,0.0,E,8
05/09/2010,22:00,0.0,1339.624,0.0,1,8,0.0,1,8,0.0,1,8,0.0,1,8,0.0,1,8,0.0,1,8,-0.0,1,8,-9900,?,9,-9900,?,9,17.07,E,8,12.91,E,8,76.0,E,8,872.5394,E,8,999.0,E,8,0.41,E,8,-9900,?,9,-9900,?,9,0.0,E,8,-9900,?,9,-9900,?,9,0.0,0.0,E,8
05/09/2010,23:00,0.0,1339.624,0.0,1,8,0.0,1,8,0.0,1,8,0.0,1,8,0.0,1,8,0.0,1,8,-0.0,1,8,-9900,?,9,-9900,?,9,16.36,E,8,12.79,E,8,79.0,E,8,872.5394,E,8,999.0,E,8,0.4,E,8,-9900,?,9,-9900,?,9,0.0,E,8,-9900,?,9,-9900,?,9,0.0,0.0,E,8
05/09/2010,24:00,0.0,1339.624,0.0,1,8,0.0,1,8,0.0,1,8,0.0,1,8,0.0,1,8,0.0,1,8,-0.0,1,8,-9900,?,9,-9900,?,9,15.65,E,8,13.98,E,8,89.0,E,8,872.5394,E,8,999.0,E,8,0.44,E,8,-9900,?,9,-9900,?,9,0.0,E,8,-9900,?,9,-9900,?,9,0.0,0.0,E,8
05/10/2010,01:00,0.0,1339.624,0.0,1,8,0.0,1,8,0.0,1,8,0.0,1,8,0.0,1,8,0.0,1,8,-0.0,1,8,-9900,?,9,-9900,?,9,15.29,E,8,13.85,E,8,91.0,E,8,872.5394,E,8,999.0,E,8,0.46,E,8,-9900,?,9,-9900,?,9,0.0,E,8,-9900,?,9,-9900,?,9,0.0,0.0,E,8
05/10/2010,02:00,0.0,1339.624,0.0,1,8,0.0,1,8,0.0,1,8,0.0,1,8,0.0,1,8,0.0,1,8,-0.0,1,8,-9900,?,9,-9900,?,9,14.94,E,8,13.73,E,8,92.0,E,8,872.5394,E,8,999.0,E,8,0.47,E,8,-9900,?,9,-9900,?,9,0.0,E,8,-9900,?,9,-9900,?,9,0.0,0.0,E,8
05/10/2010,03:00,0.0,1339.624,0.0,1,8,0.0,1,8,0.0,1,8,0.0,1,8,0.0,1,8,0.0,1,8,-0.0,1,8,-9900,?,9,-9900,?,9,14.58,E,8,13.61,E,8,93.0,E,8,872.5394,E,8,999.0,E,8,0.68,E,8,-9900,?,9,-9900,?,9,0.0,E,8,-9900,?,9,-9900,?,9,0.0,0.0,E,8
05/10/2010,04:00,0.0,1338.992,0.0,1,8,0.0,1,8,0.0,1,8,0.0,1,8,0.0,1,8,0.0,1,8,-0.0,1,8,-9900,?,9,-9900,?,9,14.22,E,8,13.48,E,8,95.0,E,8,872.5394,E,8,999.0,E,8,0.49,E,8,-9900,?,9,-9900,?,9,0.0,E,8,-9900,?,9,-9900,?,9,0.0,0.0,E,8
05/10/2010,05:00,0.0,1338.992,0.0,1,8,0.0,1,8,0.0,1,8,0.0,1,8,0.0,1,8,0.0,1,8,-0.0,1,8,-9900,?,9,-9900,?,9,13.87,E,8,13.36,E,8,96.0,E,8,872.5394,E,8,999.0,E,8,0.36,E,8,-9900,?,9,-9900,?,9,0.0,E,8,-9900,?,9,-9900,?,9,0.0,0.0,E,8
05/10/2010,06:00,0.0,1338.992,0.0,1,8,0.0,1,8,0.0,1,8,0.0,1,8,0.0,1,8,0.0,1,8,-0.0,1,8,-9900,?,9,-9900,?,9,13.59,E,8,13.26,E,8,97.0,E,8,872.5394,E,8,999.0,E,8,0.35,E,8,-9900,?,9,-9900,?,9,0.0,E,8,-9900,?,9,-9900,?,9,0.0,0.0,E,8
05/10/2010,07:00,90.906,1338.992,0.0,1,8,0.0,1,8,0.0,1,8,0.0,1,8,0.0,1,8,0.0,1,8,0.0,1,8,-9900,?,9,-9900,?,9,13.36,E,8,13.18,E,8,98.0,E,8,872.5394,E,8,999.0,E,8,0.33,E,8,-9900,?,9,-9900,?,9,0.0,E,8,-9900,?,9,-9900,?,9,0.0,0.0,E,8
05/10/2010,08:00,381.816,1338.992,49.56,1,8,0.0,1,8,49.56,1,8,5947.2,1,8,0.0,1,8,5451.6,1,8,55.504,1,8,-9900,?,9,-9900,?,9,13.12,E,8,13.09,E,8,99.0,E,8,872.5394,E,8,999.0,E,8,0.45,E,8,-9900,?,9,-9900,?,9,0.0,E,8,-9900,?,9,-9900,?,9,0.0,0.0,E,8
05/10/2010,09:00,639.618,1338.992,185.57,1,8,14.508,1,8,178.646,1,8,22268.4,1,8,1378.277,1,8,19651.115,1,8,119.16,1,8,-9900,?,9,-9900,?,9,16.17,E,8,14.15,E,8,87.0,E,8,872.5394,E,8,999.0,E,8,0.89,E,8,-9900,?,9,-9900,?,9,0.0,E,8,-9900,?,9,-9900,?,9,0.0,0.0,E,8
05/10/2010,10:00,844.262,1338.992,296.97,1,8,54.615,1,8,262.549,1,8,35636.4,1,8,5188.463,1,8,28880.41,1,8,132.603,1,8,-9900,?,9,-9900,?,9,17.72,E,8,14.67,E,8,82.0,E,8,872.5394,E,8,999.0,E,8,1.7,E,8,-9900,?,9,-9900,?,9,0.0,E,8,-9900,?,9,-9900,?,9,0.0,0.0,E,8
05/10/2010,11:00,981.56,1338.992,380.42,1,8,25.711,1,8,361.577,1,8,45650.4,1,8,2442.508,1,8,39773.512,1,8,157.044,1,8,-9900,?,9,-9900,?,9,19.03,E,8,15.09,E,8,77.0,E,8,872.5394,E,8,999.0,E,8,2.0,E,8,-9900,?,9,-9900,?,9,0.0,E,8,-9900,?,9,-9900,?,9,0.0,0.0,E,8
05/10/2010,12:00,1042.095,1338.992,428.92,1,8,101.897,1,8,349.632,1,8,51470.4,1,8,9680.205,1,8,38459.528,1,8,143.026,1,8,-9900,?,9,-9900,?,9,20.07,E,8,15.42,E,8,74.0,E,8,872.5394,E,8,999.0,E,8,3.16,E,8,-9900,?,9,-9900,?,9,0.0,E,8,-9900,?,9,-9900,?,9,0.0,0.0,E,8
05/10/2010,13:00,1021.728,1338.992,438.78,1,8,79.294,1,8,378.287,1,8,52653.6,1,8,7532.909,1,8,41611.575,1,8,157.836,1,8,-9900,?,9,-9900,?,9,20.81,E,8,15.65,E,8,72.0,E,8,872.5394,E,8,999.0,E,8,2.97,E,8,-9900,?,9,-9900,?,9,0.0,E,8,-9900,?,9,-9900,?,9,0.0,0.0,E,8
05/10/2010,14:00,921.856,1338.992,409.28,1,8,99.117,1,8,341.063,1,8,49113.6,1,8,9416.076,1,8,37516.975,1,8,157.74,1,8,-9900,?,9,-9900,?,9,21.22,E,8,15.77,E,8,71.0,E,8,872.5394,E,8,999.0,E,8,2.87,E,8,-9900,?,9,-9900,?,9,0.0,E,8,-9900,?,9,-9900,?,9,0.0,0.0,E,8
05/10/2010,15:00,749.324,1338.992,342.61,1,8,129.37,1,8,270.259,1,8,41113.2,1,8,12290.136,1,8,29728.472,1,8,153.822,1,8,-9900,?,9,-9900,?,9,21.32,E,8,15.8,E,8,70.0,E,8,872.5394,E,8,999.0,E,8,2.52,E,8,-9900,?,9,-9900,?,9,0.0,E,8,-9900,?,9,-9900,?,9,0.0,0.0,E,8
05/10/2010,16:00,516.008,1338.992,244.04,1,8,208.088,1,8,163.983,1,8,29284.8,1,8,19768.407,1,8,18038.087,1,8,135.673,1,8,-9900,?,9,-9900,?,9,20.96,E,8,15.69,E,8,71.0,E,8,872.5394,E,8,999.0,E,8,1.66,E,8,-9900,?,9,-9900,?,9,0.0,E,8,-9900,?,9,-9900,?,9,0.0,0.0,E,8
05/10/2010,17:00,238.433,1338.992,122.94,1,8,350.759,1,8,61.013,1,8,14752.8,1,8,33322.103,1,8,6711.462,1,8,110.003,1,8,-9900,?,9,-9900,?,9,20.15,E,8,15.44,E,8,74.0,E,8,872.5394,E,8,999.0,E,8,1.35,E,8,-9900,?,9,-9900,?,9,0.0,E,8,-9900,?,9,-9900,?,9,0.0,0.0,E,8
05/10/2010,18:00,0.0,1338.992,9.46,1,8,0.0,1,8,0.0,1,8,1135.2,1,8,0.0,1,8,0.0,1,8,-0.0,1,8,-9900,?,9,-9900,?,9,19.46,E,8,15.22,E,8,76.0,E,8,872.5394,E,8,999.0,E,8,0.7,E,8,-9900,?,9,-9900,?,9,0.0,E,8,-9900,?,9,-9900,?,9,0.0,0.0,E,8
05/10/2010,19:00,0.0,1338.992,0.0,1,8,0.0,1,8,0.0,1,8,0.0,1,8,0.0,1,8,0.0,1,8,-0.0,1,8,-9900,?,9,-9900,?,9,18.78,E,8,15.01,E,8,78.0,E,8,872.5394,E,8,999.0,E,8,0.33,E,8,-9900,?,9,-9900,?,9,0.0,E,8,-9900,?,9,-9900,?,9,0.0,0.0,E,8
05/10/2010,20:00,0.0,1338.992,0.0,1,8,0.0,1,8,0.0,1,8,0.0,1,8,0.0,1,8,0.0,1,8,-0.0,1,8,-9900,?,9,-9900,?,9,18.1,E,8,14.79,E,8,80.0,E,8,872.5394,E,8,999.0,E,8,0.33,E,8,-9900,?,9,-9900,?,9,0.0,E,8,-9900,?,9,-9900,?,9,0.0,0.0,E,8
05/10/2010,21:00,0.0,1338.992,0.0,1,8,0.0,1,8,0.0,1,8,0.0,1,8,0.0,1,8,0.0,1,8,-0.0,1,8,-9900,?,9,-9900,?,9,17.41,E,8,14.56,E,8,83.0,E,8,872.5394,E,8,999.0,E,8,0.33,E,8,-9900,?,9,-9900,?,9,0.0,E,8,-9900,?,9,-9900,?,9,0.0,0.0,E,8
05/10/2010,22:00,0.0,1338.992,0.0,1,8,0.0,1,8,0.0,1,8,0.0,1,8,0.0,1,8,0.0,1,8,-0.0,1,8,-9900,?,9,-9900,?,9,16.73,E,8,14.34,E,8,85.0,E,8,872.5394,E,8,999.0,E,8,0.33,E,8,-9900,?,9,-9900,?,9,0.0,E,8,-9900,?,9,-9900,?,9,0.0,0.0,E,8
05/10/2010,23:00,0.0,1338.992,0.0,1,8,0.0,1,8,0.0,1,8,0.0,1,8,0.0,1,8,0.0,1,8,-0.0,1,8,-9900,?,9,-9900,?,9,16.04,E,8,14.11,E,8,88.0,E,8,872.5394,E,8,999.0,E,8,0.33,E,8,-9900,?,9,-9900,?,9,0.0,E,8,-9900,?,9,-9900,?,9,0.0,0.0,E,8
05/10/2010,24:00,0.0,1338.992,0.0,1,8,0.0,1,8,0.0,1,8,0.0,1,8,0.0,1,8,0.0,1,8,-0.0,1,8,-9900,?,9,-9900,?,9,15.36,E,8,13.57,E,8,89.0,E,8,872.5394,E,8,999.0,E,8,0.5,E,8,-9900,?,9,-9900,?,9,0.0,E,8,-9900,?,9,-9900,?,9,0.0,0.0,E,8
05/11/2010,01:00,0.0,1338.992,0.0,1,8,0.0,1,8,0.0,1,8,0.0,1,8,0.0,1,8,0.0,1,8,-0.0,1,8,-9900,?,9,-9900,?,9,15.02,E,8,13.42,E,8,90.0,E,8,872.5394,E,8,999.0,E,8,0.5,E,8,-9900,?,9,-9900,?,9,0.0,E,8,-9900,?,9,-9900,?,9,0.0,0.0,E,8
05/11/2010,02:00,0.0,1338.992,0.0,1,8,0.0,1,8,0.0,1,8,0.0,1,8,0.0,1,8,0.0,1,8,-0.0,1,8,-9900,?,9,-9900,?,9,14.67,E,8,13.27,E,8,91.0,E,8,872.5394,E,8,999.0,E,8,0.5,E,8,-9900,?,9,-9900,?,9,0.0,E,8,-9900,?,9,-9900,?,9,0.0,0.0,E,8
05/11/2010,03:00,0.0,1338.992,0.0,1,8,0.0,1,8,0.0,1,8,0.0,1,8,0.0,1,8,0.0,1,8,-0.0,1,8,-9900,?,9,-9900,?,9,14.33,E,8,13.13,E,8,92.0,E,8,872.5394,E,8,999.0,E,8,0.5,E,8,-9900,?,9,-9900,?,9,0.0,E,8,-9900,?,9,-9900,?,9,0.0,0.0,E,8
05/11/2010,04:00,0.0,1338.369,0.0,1,8,0.0,1,8,0.0,1,8,0.0,1,8,0.0,1,8,0.0,1,8,-0.0,1,8,-9900,?,9,-9900,?,9,13.99,E,8,12.98,E,8,93.0,E,8,872.5394,E,8,999.0,E,8,0.5,E,8,-9900,?,9,-9900,?,9,0.0,E,8,-9900,?,9,-9900,?,9,0.0,0.0,E,8
05/11/2010,05:00,0.0,1338.369,0.0,1,8,0.0,1,8,0.0,1,8,0.0,1,8,0.0,1,8,0.0,1,8,-0.0,1,8,-9900,?,9,-9900,?,9,13.65,E,8,12.83,E,8,94.0,E,8,872.5394,E,8,999.0,E,8,0.5,E,8,-9900,?,9,-9900,?,9,0.0,E,8,-9900,?,9,-9900,?,9,0.0,0.0,E,8
05/11/2010,06:00,0.0,1338.369,0.0,1,8,0.0,1,8,0.0,1,8,0.0,1,8,0.0,1,8,0.0,1,8,-0.0,1,8,-9900,?,9,-9900,?,9,13.38,E,8,12.71,E,8,95.0,E,8,872.5394,E,8,999.0,E,8,0.5,E,8,-9900,?,9,-9900,?,9,0.0,E,8,-9900,?,9,-9900,?,9,0.0,0.0,E,8
05/11/2010,07:00,88.693,1338.369,0.0,1,8,0.0,1,8,0.0,1,8,0.0,1,8,0.0,1,8,0.0,1,8,0.0,1,8,-9900,?,9,-9900,?,9,13.16,E,8,12.62,E,8,96.0,E,8,872.5394,E,8,999.0,E,8,0.5,E,8,-9900,?,9,-9900,?,9,0.0,E,8,-9900,?,9,-9900,?,9,0.0,0.0,E,8
05/11/2010,08:00,378.955,1338.369,66.99,1,8,0.0,1,8,66.99,1,8,8038.8,1,8,0.0,1,8,7368.9,1,8,75.559,1,8,-9900,?,9,-9900,?,9,12.93,E,8,12.52,E,8,97.0,E,8,872.5394,E,8,999.0,E,8,0.5,E,8,-9900,?,9,-9900,?,9,0.0,E,8,-9900,?,9,-9900,?,9,0.0,0.0,E,8
05/11/2010,09:00,636.233,1338.369,207.67,1,8,26.688,1,8,194.996,1,8,24920.4,1,8,2535.383,1,8,21449.523,1,8,130.698,1,8,-9900,?,9,-9900,?,9,16.22,E,8,13.92,E,8,86.0,E,8,872.5394,E,8,999.0,E,8,0.5,E,8,-9900,?,9,-9900,?,9,0.0,E,8,-9900,?,9,-9900,?,9,0.0,0.0,E,8
05/11/2010,10:00,840.452,1338.369,332.94,1,8,62.942,1,8,293.432,1,8,39952.8,1,8,5979.536,1,8,32277.521,1,8,148.805,1,8,-9900,?,9,-9900,?,9,17.78,E,8,14.55,E,8,81.0,E,8,872.5394,E,8,999.0,E,8,0.65,E,8,-9900,?,9,-9900,?,9,0.0,E,8,-9900,?,9,-9900,?,9,0.0,0.0,E,8
05/11/2010,11:00,977.448,1338.369,426.77,1,8,88.032,1,8,362.495,1,8,51212.4,1,8,8363.006,1,8,39874.4,1,8,158.032,1,8,-9900,?,9,-9900,?,9,19.13,E,8,15.08,E,8,77.0,E,8,872.5394,E,8,999.0,E,8,1.54,E,8,-9900,?,9,-9900,?,9,0.0,E,8,-9900,?,9,-9900,?,9,0.0,0.0,E,8
05/11/2010,12:00,1037.827,1338.369,481.29,1,8,165.271,1,8,353.157,1,8,57754.8,1,8,15700.76,1,8,38847.247,1,8,144.995,1,8,-9900,?,9,-9900,?,9,20.19,E,8,15.48,E,8,74.0,E,8,872.5394,E,8,999.0,E,8,1.84,E,8,-9900,?,9,-9900,?,9,0.0,E,8,-9900,?,9,-9900,?,9,0.0,0.0,E,8
05/11/2010,13:00,1017.46,1338.369,492.36,1,8,128.615,1,8,394.605,1,8,59083.2,1,8,12218.417,1,8,43406.537,1,8,165.259,1,8,-9900,?,9,-9900,?,9,20.95,E,8,15.76,E,8,72.0,E,8,872.5394,E,8,999.0,E,8,1.78,E,8,-9900,?,9,-9900,?,9,0.0,E,8,-9900,?,9,-9900,?,9,0.0,0.0,E,8
05/11/2010,14:00,917.743,1338.369,459.15,1,8,159.912,1,8,349.532,1,8,55098.0,1,8,15191.593,1,8,38448.54,1,8,162.306,1,8,-9900,?,9,-9900,?,9,21.37,E,8,15.92,E,8,71.0,E,8,872.5394,E,8,999.0,E,8,1.41,E,8,-9900,?,9,-9900,?,9,0.0,E,8,-9900,?,9,-9900,?,9,0.0,0.0,E,8
05/11/2010,15:00,745.511,1338.369,384.16,1,8,205.724,1,8,269.641,1,8,46099.2,1,8,19543.733,1,8,29660.469,1,8,154.184,1,8,-9900,?,9,-9900,?,9,21.47,E,8,15.95,E,8,70.0,E,8,872.5394,E,8,999.0,E,8,1.92,E,8,-9900,?,9,-9900,?,9,0.0,E,8,-9900,?,9,-9900,?,9,0.0,0.0,E,8
05/11/2010,16:00,512.621,1338.369,273.28,1,8,319.814,1,8,150.993,1,8,32793.6,1,8,30382.285,1,8,16609.183,1,8,125.696,1,8,-9900,?,9,-9900,?,9,21.09,E,8,15.81,E,8,71.0,E,8,872.5394,E,8,999.0,E,8,1.32,E,8,-9900,?,9,-9900,?,9,0.0,E,8,-9900,?,9,-9900,?,9,0.0,0.0,E,8
05/11/2010,17:00,235.581,1338.369,137.12,1,8,482.959,1,8,52.851,1,8,16454.4,1,8,45881.099,1,8,5813.613,1,8,96.415,1,8,-9900,?,9,-9900,?,9,20.24,E,8,15.5,E,8,74.0,E,8,872.5394,E,8,999.0,E,8,0.5,E,8,-9900,?,9,-9900,?,9,0.0,E,8,-9900,?,9,-9900,?,9,0.0,0.0,E,8
05/11/2010,18:00,0.0,1338.369,10.08,1,8,0.0,1,8,0.0,1,8,1209.6,1,8,0.0,1,8,0.0,1,8,-0.0,1,8,-9900,?,9,-9900,?,9,19.54,E,8,15.23,E,8,76.0,E,8,872.5394,E,8,999.0,E,8,0.5,E,8,-9900,?,9,-9900,?,9,0.0,E,8,-9900,?,9,-9900,?,9,0.0,0.0,E,8
05/11/2010,19:00,0.0,1338.369,0.0,1,8,0.0,1,8,0.0,1,8,0.0,1,8,0.0,1,8,0.0,1,8,-0.0,1,8,-9900,?,9,-9900,?,9,18.84,E,8,14.97,E,8,78.0,E,8,872.5394,E,8,999.0,E,8,0.5,E,8,-9900,?,9,-9900,?,9,0.0,E,8,-9900,?,9,-9900,?,9,0.0,0.0,E,8
05/11/2010,20:00,0.0,1338.369,0.0,1,8,0.0,1,8,0.0,1,8,0.0,1,8,0.0,1,8,0.0,1,8,-0.0,1,8,-9900,?,9,-9900,?,9,18.14,E,8,14.69,E,8,80.0,E,8,872.5394,E,8,999.0,E,8,0.5,E,8,-9900,?,9,-9900,?,9,0.0,E,8,-9900,?,9,-9900,?,9,0.0,0.0,E,8
05/11/2010,21:00,0.0,1338.369,0.0,1,8,0.0,1,8,0.0,1,8,0.0,1,8,0.0,1,8,0.0,1,8,-0.0,1,8,-9900,?,9,-9900,?,9,17.44,E,8,14.42,E,8,82.0,E,8,872.5394,E,8,999.0,E,8,0.5,E,8,-9900,?,9,-9900,?,9,0.0,E,8,-9900,?,9,-9900,?,9,0.0,0.0,E,8
05/11/2010,22:00,0.0,1338.369,0.0,1,8,0.0,1,8,0.0,1,8,0.0,1,8,0.0,1,8,0.0,1,8,-0.0,1,8,-9900,?,9,-9900,?,9,16.74,E,8,14.14,E,8,84.0,E,8,872.5394,E,8,999.0,E,8,0.5,E,8,-9900,?,9,-9900,?,9,0.0,E,8,-9900,?,9,-9900,?,9,0.0,0.0,E,8
05/11/2010,23:00,0.0,1338.369,0.0,1,8,0.0,1,8,0.0,1,8,0.0,1,8,0.0,1,8,0.0,1,8,-0.0,1,8,-9900,?,9,-9900,?,9,16.04,E,8,13.85,E,8,86.0,E,8,872.5394,E,8,999.0,E,8,0.5,E,8,-9900,?,9,-9900,?,9,0.0,E,8,-9900,?,9,-9900,?,9,0.0,0.0,E,8
05/11/2010,24:00,0.0,1338.369,0.0,1,8,0.0,1,8,0.0,1,8,0.0,1,8,0.0,1,8,0.0,1,8,-0.0,1,8,-9900,?,9,-9900,?,9,15.34,E,8,12.93,E,8,85.0,E,8,872.5394,E,8,999.0,E,8,0.79,E,8,-9900,?,9,-9900,?,9,0.0,E,8,-9900,?,9,-9900,?,9,0.0,0.0,E,8
05/12/2010,01:00,0.0,1338.369,0.0,1,8,0.0,1,8,0.0,1,8,0.0,1,8,0.0,1,8,0.0,1,8,-0.0,1,8,-9900,?,9,-9900,?,9,14.99,E,8,12.82,E,8,86.0,E,8,872.5394,E,8,999.0,E,8,0.79,E,8,-9900,?,9,-9900,?,9,0.0,E,8,-9900,?,9,-9900,?,9,0.0,0.0,E,8
05/12/2010,02:00,0.0,1338.369,0.0,1,8,0.0,1,8,0.0,1,8,0.0,1,8,0.0,1,8,0.0,1,8,-0.0,1,8,-9900,?,9,-9900,?,9,14.64,E,8,12.71,E,8,88.0,E,8,872.5394,E,8,999.0,E,8,0.79,E,8,-9900,?,9,-9900,?,9,0.0,E,8,-9900,?,9,-9900,?,9,0.0,0.0,E,8
05/12/2010,03:00,0.0,1338.369,0.0,1,8,0.0,1,8,0.0,1,8,0.0,1,8,0.0,1,8,0.0,1,8,-0.0,1,8,-9900,?,9,-9900,?,9,14.29,E,8,12.6,E,8,89.0,E,8,872.5394,E,8,999.0,E,8,0.79,E,8,-9900,?,9,-9900,?,9,0.0,E,8,-9900,?,9,-9900,?,9,0.0,0.0,E,8
05/12/2010,04:00,0.0,1337.754,0.0,1,8,0.0,1,8,0.0,1,8,0.0,1,8,0.0,1,8,0.0,1,8,-0.0,1,8,-9900,?,9,-9900,?,9,13.94,E,8,12.49,E,8,90.0,E,8,872.5394,E,8,999.0,E,8,0.79,E,8,-9900,?,9,-9900,?,9,0.0,E,8,-9900,?,9,-9900,?,9,0.0,0.0,E,8
05/12/2010,05:00,0.0,1337.754,0.0,1,8,0.0,1,8,0.0,1,8,0.0,1,8,0.0,1,8,0.0,1,8,-0.0,1,8,-9900,?,9,-9900,?,9,13.59,E,8,12.38,E,8,92.0,E,8,872.5394,E,8,999.0,E,8,0.79,E,8,-9900,?,9,-9900,?,9,0.0,E,8,-9900,?,9,-9900,?,9,0.0,0.0,E,8
05/12/2010,06:00,0.0,1337.754,0.0,1,8,0.0,1,8,0.0,1,8,0.0,1,8,0.0,1,8,0.0,1,8,-0.0,1,8,-9900,?,9,-9900,?,9,13.32,E,8,12.29,E,8,93.0,E,8,872.5394,E,8,999.0,E,8,0.79,E,8,-9900,?,9,-9900,?,9,0.0,E,8,-9900,?,9,-9900,?,9,0.0,0.0,E,8
05/12/2010,07:00,86.481,1337.754,0.0,1,8,0.0,1,8,0.0,1,8,0.0,1,8,0.0,1,8,0.0,1,8,0.0,1,8,-9900,?,9,-9900,?,9,13.09,E,8,12.22,E,8,94.0,E,8,872.5394,E,8,999.0,E,8,0.79,E,8,-9900,?,9,-9900,?,9,0.0,E,8,-9900,?,9,-9900,?,9,0.0,0.0,E,8
05/12/2010,08:00,376.1,1337.754,65.97,1,8,0.0,1,8,65.97,1,8,7916.4,1,8,0.0,1,8,7256.7,1,8,74.942,1,8,-9900,?,9,-9900,?,9,12.86,E,8,12.14,E,8,95.0,E,8,872.5394,E,8,999.0,E,8,0.79,E,8,-9900,?,9,-9900,?,9,0.0,E,8,-9900,?,9,-9900,?,9,0.0,0.0,E,8
05/12/2010,09:00,632.866,1337.754,164.84,1,8,7.366,1,8,161.359,1,8,19780.8,1,8,699.768,1,8,17749.471,1,8,108.68,1,8,-9900,?,9,-9900,?,9,15.34,E,8,12.93,E,8,85.0,E,8,872.5394,E,8,999.0,E,8,0.79,E,8,-9900,?,9,-9900,?,9,0.0,E,8,-9900,?,9,-9900,?,9,0.0,0.0,E,8
05/12/2010,10:00,836.672,1337.754,375.69,1,8,118.68,1,8,301.498,1,8,45082.8,1,8,11274.559,1,8,33164.789,1,8,153.516,1,8,-9900,?,9,-9900,?,9,17.2,E,8,13.51,E,8,78.0,E,8,872.5394,E,8,999.0,E,8,0.79,E,8,-9900,?,9,-9900,?,9,0.0,E,8,-9900,?,9,-9900,?,9,0.0,0.0,E,8
05/12/2010,11:00,973.382,1337.754,481.89,1,8,146.064,1,8,375.638,1,8,57826.8,1,8,13876.1,1,8,41320.169,1,8,164.371,1,8,-9900,?,9,-9900,?,9,18.71,E,8,13.96,E,8,73.0,E,8,872.5394,E,8,999.0,E,8,0.79,E,8,-9900,?,9,-9900,?,9,0.0,E,8,-9900,?,9,-9900,?,9,0.0,0.0,E,8
05/12/2010,12:00,1033.619,1337.754,543.59,1,8,273.624,1,8,332.216,1,8,65230.8,1,8,25994.283,1,8,36543.72,1,8,136.89,1,8,-9900,?,9,-9900,?,9,19.88,E,8,14.3,E,8,70.0,E,8,872.5394,E,8,999.0,E,8,0.79,E,8,-9900,?,9,-9900,?,9,0.0,E,8,-9900,?,9,-9900,?,9,0.0,0.0,E,8
05/12/2010,13:00,1013.264,1337.754,556.1,1,8,211.654,1,8,395.82,1,8,66732.0,1,8,20107.155,1,8,43540.238,1,8,166.378,1,8,-9900,?,9,-9900,?,9,20.7,E,8,14.53,E,8,67.0,E,8,872.5394,E,8,999.0,E,8,0.79,E,8,-9900,?,9,-9900,?,9,0.0,E,8,-9900,?,9,-9900,?,9,0.0,0.0,E,8
05/12/2010,14:00,913.713,1337.754,518.5,1,8,300.986,1,8,312.99,1,8,62220.0,1,8,28593.652,1,8,34428.866,1,8,145.913,1,8,-9900,?,9,-9900,?,9,21.17,E,8,14.66,E,8,66.0,E,8,872.5394,E,8,999.0,E,8,0.79,E,8,-9900,?,9,-9900,?,9,0.0,E,8,-9900,?,9,-9900,?,9,0.0,0.0,E,8
05/12/2010,15:00,741.789,1337.754,433.59,1,8,392.256,1,8,216.226,1,8,52030.8,1,8,37264.29,1,8,23784.91,1,8,124.206,1,8,-9900,?,9,-9900,?,9,21.3,E,8,14.7,E,8,66.0,E,8,872.5394,E,8,999.0,E,8,0.79,E,8,-9900,?,9,-9900,?,9,0.0,E,8,-9900,?,9,-9900,?,9,0.0,0.0,E,8
05/12/2010,16:00,509.33,1337.754,308.08,1,8,484.488,1,8,123.935,1,8,36969.6,1,8,46026.386,1,8,13632.801,1,8,103.792,1,8,-9900,?,9,-9900,?,9,20.96,E,8,14.61,E,8,67.0,E,8,872.5394,E,8,999.0,E,8,0.79,E,8,-9900,?,9,-9900,?,9,0.0,E,8,-9900,?,9,-9900,?,9,0.0,0.0,E,8
05/12/2010,17:00,232.826,1337.754,153.99,1,8,435.056,1,8,78.947,1,8,18478.8,1,8,41330.318,1,8,8684.215,1,8,145.689,1,8,-9900,?,9,-9900,?,9,20.12,E,8,14.37,E,8,69.0,E,8,872.5394,E,8,999.0,E,8,0.79,E,8,-9900,?,9,-9900,?,9,0.0,E,8,-9900,?,9,-9900,?,9,0.0,0.0,E,8
05/12/2010,18:00,0.0,1337.754,10.82,1,8,0.0,1,8,0.0,1,8,1298.4,1,8,0.0,1,8,0.0,1,8,-0.0,1,8,-9900,?,9,-9900,?,9,19.25,E,8,14.11,E,8,72.0,E,8,872.5394,E,8,999.0,E,8,0.79,E,8,-9900,?,9,-9900,?,9,0.0,E,8,-9900,?,9,-9900,?,9,0.0,0.0,E,8
05/12/2010,19:00,0.0,1337.754,0.0,1,8,0.0,1,8,0.0,1,8,0.0,1,8,0.0,1,8,0.0,1,8,-0.0,1,8,-9900,?,9,-9900,?,9,18.39,E,8,13.86,E,8,74.0,E,8,872.5394,E,8,999.0,E,8,0.79,E,8,-9900,?,9,-9900,?,9,0.0,E,8,-9900,?,9,-9900,?,9,0.0,0.0,E,8
05/12/2010,20:00,0.0,1337.754,0.0,1,8,0.0,1,8,0.0,1,8,0.0,1,8,0.0,1,8,0.0,1,8,-0.0,1,8,-9900,?,9,-9900,?,9,17.53,E,8,13.61,E,8,77.0,E,8,872.5394,E,8,999.0,E,8,0.79,E,8,-9900,?,9,-9900,?,9,0.0,E,8,-9900,?,9,-9900,?,9,0.0,0.0,E,8
05/12/2010,21:00,0.0,1337.754,0.0,1,8,0.0,1,8,0.0,1,8,0.0,1,8,0.0,1,8,0.0,1,8,-0.0,1,8,-9900,?,9,-9900,?,9,16.67,E,8,13.34,E,8,80.0,E,8,872.5394,E,8,999.0,E,8,0.79,E,8,-9900,?,9,-9900,?,9,0.0,E,8,-9900,?,9,-9900,?,9,0.0,0.0,E,8
05/12/2010,22:00,0.0,1337.754,0.0,1,8,0.0,1,8,0.0,1,8,0.0,1,8,0.0,1,8,0.0,1,8,-0.0,1,8,-9900,?,9,-9900,?,9,15.8,E,8,13.08,E,8,83.0,E,8,872.5394,E,8,999.0,E,8,0.79,E,8,-9900,?,9,-9900,?,9,0.0,E,8,-9900,?,9,-9900,?,9,0.0,0.0,E,8
05/12/2010,23:00,0.0,1337.754,0.0,1,8,0.0,1,8,0.0,1,8,0.0,1,8,0.0,1,8,0.0,1,8,-0.0,1,8,-9900,?,9,-9900,?,9,14.94,E,8,12.81,E,8,87.0,E,8,872.5394,E,8,999.0,E,8,0.79,E,8,-9900,?,9,-9900,?,9,0.0,E,8,-9900,?,9,-9900,?,9,0.0,0.0,E,8
05/12/2010,24:00,0.0,1337.754,0.0,1,8,0.0,1,8,0.0,1,8,0.0,1,8,0.0,1,8,0.0,1,8,-0.0,1,8,-9900,?,9,-9900,?,9,14.08,E,8,10.53,E,8,79.0,E,8,872.5394,E,8,999.0,E,8,0.67,E,8,-9900,?,9,-9900,?,9,0.0,E,8,-9900,?,9,-9900,?,9,0.0,0.0,E,8
05/13/2010,01:00,0.0,1337.754,0.0,1,8,0.0,1,8,0.0,1,8,0.0,1,8,0.0,1,8,0.0,1,8,-0.0,1,8,-9900,?,9,-9900,?,9,13.65,E,8,10.21,E,8,79.0,E,8,872.5394,E,8,999.0,E,8,0.67,E,8,-9900,?,9,-9900,?,9,0.0,E,8,-9900,?,9,-9900,?,9,0.0,0.0,E,8
05/13/2010,02:00,0.0,1337.754,0.0,1,8,0.0,1,8,0.0,1,8,0.0,1,8,0.0,1,8,0.0,1,8,-0.0,1,8,-9900,?,9,-9900,?,9,13.21,E,8,9.88,E,8,80.0,E,8,872.5394,E,8,999.0,E,8,0.67,E,8,-9900,?,9,-9900,?,9,0.0,E,8,-9900,?,9,-9900,?,9,0.0,0.0,E,8
05/13/2010,03:00,0.0,1337.754,0.0,1,8,0.0,1,8,0.0,1,8,0.0,1,8,0.0,1,8,0.0,1,8,-0.0,1,8,-9900,?,9,-9900,?,9,12.78,E,8,9.56,E,8,80.0,E,8,872.5394,E,8,999.0,E,8,0.67,E,8,-9900,?,9,-9900,?,9,0.0,E,8,-9900,?,9,-9900,?,9,0.0,0.0,E,8
05/13/2010,04:00,0.0,1337.149,0.0,1,8,0.0,1,8,0.0,1,8,0.0,1,8,0.0,1,8,0.0,1,8,-0.0,1,8,-9900,?,9,-9900,?,9,12.35,E,8,9.22,E,8,81.0,E,8,872.5394,E,8,999.0,E,8,0.67,E,8,-9900,?,9,-9900,?,9,0.0,E,8,-9900,?,9,-9900,?,9,0.0,0.0,E,8
05/13/2010,05:00,0.0,1337.149,0.0,1,8,0.0,1,8,0.0,1,8,0.0,1,8,0.0,1,8,0.0,1,8,-0.0,1,8,-9900,?,9,-9900,?,9,11.92,E,8,8.88,E,8,81.0,E,8,872.5394,E,8,999.0,E,8,0.67,E,8,-9900,?,9,-9900,?,9,0.0,E,8,-9900,?,9,-9900,?,9,0.0,0.0,E,8
05/13/2010,06:00,0.0,1337.149,0.0,1,8,0.0,1,8,0.0,1,8,0.0,1,8,0.0,1,8,0.0,1,8,-0.0,1,8,-9900,?,9,-9900,?,9,11.59,E,8,8.61,E,8,81.0,E,8,872.5394,E,8,999.0,E,8,0.67,E,8,-9900,?,9,-9900,?,9,0.0,E,8,-9900,?,9,-9900,?,9,0.0,0.0,E,8
05/13/2010,07:00,84.269,1337.149,0.0,1,8,0.0,1,8,0.0,1,8,0.0,1,8,0.0,1,8,0.0,1,8,0.0,1,8,-9900,?,9,-9900,?,9,11.3,E,8,8.37,E,8,82.0,E,8,872.5394,E,8,999.0,E,8,0.67,E,8,-9900,?,9,-9900,?,9,0.0,E,8,-9900,?,9,-9900,?,9,0.0,0.0,E,8
05/13/2010,08:00,373.253,1337.149,88.75,1,8,0.0,1,8,88.75,1,8,10650.0,1,8,0.0,1,8,9762.5,1,8,101.549,1,8,-9900,?,9,-9900,?,9,11.02,E,8,8.13,E,8,82.0,E,8,872.5394,E,8,999.0,E,8,0.67,E,8,-9900,?,9,-9900,?,9,0.0,E,8,-9900,?,9,-9900,?,9,0.0,0.0,E,8
05/13/2010,09:00,629.519,1337.149,284.94,1,8,152.878,1,8,213.04,1,8,34192.8,1,8,14523.39,1,8,23434.423,1,8,144.188,1,8,-9900,?,9,-9900,?,9,14.98,E,8,11.17,E,8,77.0,E,8,872.5394,E,8,999.0,E,8,0.67,E,8,-9900,?,9,-9900,?,9,0.0,E,8,-9900,?,9,-9900,?,9,0.0,0.0,E,8
05/13/2010,10:00,832.927,1337.149,470.25,1,8,299.953,1,8,283.492,1,8,56430.0,1,8,28495.575,1,8,31184.089,1,8,144.932,1,8,-9900,?,9,-9900,?,9,16.99,E,8,12.53,E,8,74.0,E,8,872.5394,E,8,999.0,E,8,0.67,E,8,-9900,?,9,-9900,?,9,0.0,E,8,-9900,?,9,-9900,?,9,0.0,0.0,E,8
05/13/2010,11:00,969.364,1337.149,598.49,1,8,408.519,1,8,302.413,1,8,71818.8,1,8,38809.351,1,8,33265.412,1,8,132.818,1,8,-9900,?,9,-9900,?,9,18.68,E,8,13.58,E,8,72.0,E,8,872.5394,E,8,999.0,E,8,0.67,E,8,-9900,?,9,-9900,?,9,0.0,E,8,-9900,?,9,-9900,?,9,0.0,0.0,E,8
05/13/2010,12:00,1029.473,1337.149,651.22,1,8,371.468,1,8,365.284,1,8,78146.4,1,8,35289.471,1,8,40181.212,1,8,151.054,1,8,-9900,?,9,-9900,?,9,19.91,E,8,14.31,E,8,70.0,E,8,872.5394,E,8,999.0,E,8,0.9,E,8,-9900,?,9,-9900,?,9,0.0,E,8,-9900,?,9,-9900,?,9,0.0,0.0,E,8
05/13/2010,13:00,1009.143,1337.149,649.6,1,8,447.027,1,8,312.304,1,8,77952.0,1,8,42467.59,1,8,34353.49,1,8,131.75,1,8,-9900,?,9,-9900,?,9,20.73,E,8,14.78,E,8,68.0,E,8,872.5394,E,8,999.0,E,8,0.94,E,8,-9900,?,9,-9900,?,9,0.0,E,8,-9900,?,9,-9900,?,9,0.0,0.0,E,8
05/13/2010,14:00,909.769,1337.149,586.01,1,8,474.321,1,8,263.402,1,8,70321.2,1,8,45060.488,1,8,28974.179,1,8,123.272,1,8,-9900,?,9,-9900,?,9,21.12,E,8,15.0,E,8,68.0,E,8,872.5394,E,8,999.0,E,8,1.2,E,8,-9900,?,9,-9900,?,9,0.0,E,8,-9900,?,9,-9900,?,9,0.0,0.0,E,8
05/13/2010,15:00,738.161,1337.149,519.3,1,8,621.573,1,8,176.395,1,8,62316.0,1,8,59049.448,1,8,19403.48,1,8,101.778,1,8,-9900,?,9,-9900,?,9,21.23,E,8,15.06,E,8,67.0,E,8,872.5394,E,8,999.0,E,8,1.55,E,8,-9900,?,9,-9900,?,9,0.0,E,8,-9900,?,9,-9900,?,9,0.0,0.0,E,8
05/13/2010,16:00,506.138,1337.149,386.77,1,8,646.194,1,8,142.598,1,8,46412.4,1,8,61388.423,1,8,15685.733,1,8,120.124,1,8,-9900,?,9,-9900,?,9,20.86,E,8,14.86,E,8,68.0,E,8,872.5394,E,8,999.0,E,8,1.38,E,8,-9900,?,9,-9900,?,9,0.0,E,8,-9900,?,9,-9900,?,9,0.0,0.0,E,8
05/13/2010,17:00,230.17,1337.149,195.09,1,8,460.876,1,8,116.48,1,8,23410.8,1,8,43783.249,1,8,12812.853,1,8,217.376,1,8,-9900,?,9,-9900,?,9,19.86,E,8,14.28,E,8,70.0,E,8,872.5394,E,8,999.0,E,8,0.82,E,8,-9900,?,9,-9900,?,9,0.0,E,8,-9900,?,9,-9900,?,9,0.0,0.0,E,8
05/13/2010,18:00,0.0,1337.149,13.94,1,8,0.0,1,8,0.0,1,8,1672.8,1,8,0.0,1,8,0.0,1,8,-0.0,1,8,-9900,?,9,-9900,?,9,18.98,E,8,13.76,E,8,71.0,E,8,872.5394,E,8,999.0,E,8,0.67,E,8,-9900,?,9,-9900,?,9,0.0,E,8,-9900,?,9,-9900,?,9,0.0,0.0,E,8
05/13/2010,19:00,0.0,1337.149,0.0,1,8,0.0,1,8,0.0,1,8,0.0,1,8,0.0,1,8,0.0,1,8,-0.0,1,8,-9900,?,9,-9900,?,9,18.1,E,8,13.23,E,8,73.0,E,8,872.5394,E,8,999.0,E,8,0.67,E,8,-9900,?,9,-9900,?,9,0.0,E,8,-9900,?,9,-9900,?,9,0.0,0.0,E,8
05/13/2010,20:00,0.0,1337.149,0.0,1,8,0.0,1,8,0.0,1,8,0.0,1,8,0.0,1,8,0.0,1,8,-0.0,1,8,-9900,?,9,-9900,?,9,17.22,E,8,12.67,E,8,74.0,E,8,872.5394,E,8,999.0,E,8,0.67,E,8,-9900,?,9,-9900,?,9,0.0,E,8,-9900,?,9,-9900,?,9,0.0,0.0,E,8
05/13/2010,21:00,0.0,1337.149,0.0,1,8,0.0,1,8,0.0,1,8,0.0,1,8,0.0,1,8,0.0,1,8,-0.0,1,8,-9900,?,9,-9900,?,9,16.34,E,8,12.1,E,8,75.0,E,8,872.5394,E,8,999.0,E,8,0.67,E,8,-9900,?,9,-9900,?,9,0.0,E,8,-9900,?,9,-9900,?,9,0.0,0.0,E,8
05/13/2010,22:00,0.0,1337.149,0.0,1,8,0.0,1,8,0.0,1,8,0.0,1,8,0.0,1,8,0.0,1,8,-0.0,1,8,-9900,?,9,-9900,?,9,15.46,E,8,11.51,E,8,77.0,E,8,872.5394,E,8,999.0,E,8,0.67,E,8,-9900,?,9,-9900,?,9,0.0,E,8,-9900,?,9,-9900,?,9,0.0,0.0,E,8
05/13/2010,23:00,0.0,1337.149,0.0,1,8,0.0,1,8,0.0,1,8,0.0,1,8,0.0,1,8,0.0,1,8,-0.0,1,8,-9900,?,9,-9900,?,9,14.58,E,8,10.89,E,8,78.0,E,8,872.5394,E,8,999.0,E,8,0.67,E,8,-9900,?,9,-9900,?,9,0.0,E,8,-9900,?,9,-9900,?,9,0.0,0.0,E,8
05/13/2010,24:00,0.0,1337.149,0.0,1,8,0.0,1,8,0.0,1,8,0.0,1,8,0.0,1,8,0.0,1,8,-0.0,1,8,-9900,?,9,-9900,?,9,13.7,E,8,10.15,E,8,79.0,E,8,872.5394,E,8,999.0,E,8,0.27,E,8,-9900,?,9,-9900,?,9,0.0,E,8,-9900,?,9,-9900,?,9,0.0,0.0,E,8
05/14/2010,01:00,0.0,1337.149,0.0,1,8,0.0,1,8,0.0,1,8,0.0,1,8,0.0,1,8,0.0,1,8,-0.0,1,8,-9900,?,9,-9900,?,9,13.26,E,8,10.09,E,8,81.0,E,8,872.5394,E,8,999.0,E,8,0.27,E,8,-9900,?,9,-9900,?,9,0.0,E,8,-9900,?,9,-9900,?,9,0.0,0.0,E,8
05/14/2010,02:00,0.0,1337.149,0.0,1,8,0.0,1,8,0.0,1,8,0.0,1,8,0.0,1,8,0.0,1,8,-0.0,1,8,-9900,?,9,-9900,?,9,12.82,E,8,10.04,E,8,83.0,E,8,872.5394,E,8,999.0,E,8,0.27,E,8,-9900,?,9,-9900,?,9,0.0,E,8,-9900,?,9,-9900,?,9,0.0,0.0,E,8
05/14/2010,03:00,0.0,1337.149,0.0,1,8,0.0,1,8,0.0,1,8,0.0,1,8,0.0,1,8,0.0,1,8,-0.0,1,8,-9900,?,9,-9900,?,9,12.38,E,8,9.98,E,8,85.0,E,8,872.5394,E,8,999.0,E,8,0.27,E,8,-9900,?,9,-9900,?,9,0.0,E,8,-9900,?,9,-9900,?,9,0.0,0.0,E,8
05/14/2010,04:00,0.0,1336.552,0.0,1,8,0.0,1,8,0.0,1,8,0.0,1,8,0.0,1,8,0.0,1,8,-0.0,1,8,-9900,?,9,-9900,?,9,11.94,E,8,9.92,E,8,87.0,E,8,872.5394,E,8,999.0,E,8,0.27,E,8,-9900,?,9,-9900,?,9,0.0,E,8,-9900,?,9,-9900,?,9,0.0,0.0,E,8
05/14/2010,05:00,0.0,1336.552,0.0,1,8,0.0,1,8,0.0,1,8,0.0,1,8,0.0,1,8,0.0,1,8,-0.0,1,8,-9900,?,9,-9900,?,9,11.5,E,8,9.87,E,8,89.0,E,8,872.5394,E,8,999.0,E,8,0.27,E,8,-9900,?,9,-9900,?,9,0.0,E,8,-9900,?,9,-9900,?,9,0.0,0.0,E,8
05/14/2010,06:00,0.0,1336.552,0.0,1,8,0.0,1,8,0.0,1,8,0.0,1,8,0.0,1,8,0.0,1,8,-0.0,1,8,-9900,?,9,-9900,?,9,11.16,E,8,9.83,E,8,91.0,E,8,872.5394,E,8,999.0,E,8,0.27,E,8,-9900,?,9,-9900,?,9,0.0,E,8,-9900,?,9,-9900,?,9,0.0,0.0,E,8
05/14/2010,07:00,82.061,1336.552,0.0,1,8,0.0,1,8,0.0,1,8,0.0,1,8,0.0,1,8,0.0,1,8,0.0,1,8,-9900,?,9,-9900,?,9,10.87,E,8,9.79,E,8,93.0,E,8,872.5394,E,8,999.0,E,8,0.27,E,8,-9900,?,9,-9900,?,9,0.0,E,8,-9900,?,9,-9900,?,9,0.0,0.0,E,8
05/14/2010,08:00,370.417,1336.552,66.76,1,8,0.0,1,8,66.76,1,8,8011.2,1,8,0.0,1,8,7343.6,1,8,76.942,1,8,-9900,?,9,-9900,?,9,10.58,E,8,9.75,E,8,94.0,E,8,872.5394,E,8,999.0,E,8,0.27,E,8,-9900,?,9,-9900,?,9,0.0,E,8,-9900,?,9,-9900,?,9,0.0,0.0,E,8
05/14/2010,09:00,626.194,1336.552,249.52,1,8,95.331,1,8,204.902,1,8,29942.4,1,8,9056.484,1,8,22539.246,1,8,139.356,1,8,-9900,?,9,-9900,?,9,14.06,E,8,10.19,E,8,77.0,E,8,872.5394,E,8,999.0,E,8,0.27,E,8,-9900,?,9,-9900,?,9,0.0,E,8,-9900,?,9,-9900,?,9,0.0,0.0,E,8
05/14/2010,10:00,829.217,1336.552,434.67,1,8,180.419,1,8,322.788,1,8,52160.4,1,8,17139.806,1,8,35506.657,1,8,165.687,1,8,-9900,?,9,-9900,?,9,16.1,E,8,10.44,E,8,69.0,E,8,872.5394,E,8,999.0,E,8,0.38,E,8,-9900,?,9,-9900,?,9,0.0,E,8,-9900,?,9,-9900,?,9,0.0,0.0,E,8
05/14/2010,11:00,965.396,1336.552,541.96,1,8,265.172,1,8,350.477,1,8,65035.2,1,8,25191.351,1,8,38552.44,1,8,154.492,1,8,-9900,?,9,-9900,?,9,17.7,E,8,10.64,E,8,63.0,E,8,872.5394,E,8,999.0,E,8,0.77,E,8,-9900,?,9,-9900,?,9,0.0,E,8,-9900,?,9,-9900,?,9,0.0,0.0,E,8
05/14/2010,12:00,1025.391,1336.552,645.34,1,8,443.717,1,8,304.994,1,8,77440.8,1,8,42153.121,1,8,33549.322,1,8,126.569,1,8,-9900,?,9,-9900,?,9,19.12,E,8,10.81,E,8,58.0,E,8,872.5394,E,8,999.0,E,8,2.11,E,8,-9900,?,9,-9900,?,9,0.0,E,8,-9900,?,9,-9900,?,9,0.0,0.0,E,8
05/14/2010,13:00,1005.099,1336.552,731.85,1,8,646.767,1,8,245.585,1,8,87822.0,1,8,61442.823,1,8,27014.398,1,8,103.975,1,8,-9900,?,9,-9900,?,9,20.39,E,8,10.96,E,8,54.0,E,8,872.5394,E,8,999.0,E,8,2.48,E,8,-9900,?,9,-9900,?,9,0.0,E,8,-9900,?,9,-9900,?,9,0.0,0.0,E,8
05/14/2010,14:00,905.912,1336.552,672.32,1,8,804.49,1,8,127.227,1,8,80678.4,1,8,76426.543,1,8,13994.954,1,8,59.769,1,8,-9900,?,9,-9900,?,9,21.11,E,8,11.04,E,8,52.0,E,8,872.5394,E,8,999.0,E,8,2.62,E,8,-9900,?,9,-9900,?,9,0.0,E,8,-9900,?,9,-9900,?,9,0.0,0.0,E,8
05/14/2010,15:00,734.628,1336.552,538.27,1,8,851.74,1,8,70.433,1,8,64592.4,1,8,80915.302,1,8,7747.588,1,8,40.817,1,8,-9900,?,9,-9900,?,9,21.27,E,8,11.06,E,8,52.0,E,8,872.5394,E,8,999.0,E,8,2.71,E,8,-9900,?,9,-9900,?,9,0.0,E,8,-9900,?,9,-9900,?,9,0.0,0.0,E,8
05/14/2010,16:00,503.045,1336.552,368.52,1,8,633.158,1,8,130.635,1,8,44222.4,1,8,60150.052,1,8,14369.817,1,8,110.676,1,8,-9900,?,9,-9900,?,9,20.79,E,8,11.01,E,8,53.0,E,8,872.5394,E,8,999.0,E,8,1.97,E,8,-9900,?,9,-9900,?,9,0.0,E,8,-9900,?,9,-9900,?,9,0.0,0.0,E,8
05/14/2010,17:00,227.613,1336.552,180.51,1,8,394.214,1,8,114.001,1,8,21661.2,1,8,37450.362,1,8,12540.12,1,8,215.086,1,8,-9900,?,9,-9900,?,9,19.69,E,8,10.88,E,8,56.0,E,8,872.5394,E,8,999.0,E,8,1.28,E,8,-9900,?,9,-9900,?,9,0.0,E,8,-9900,?,9,-9900,?,9,0.0,0.0,E,8
05/14/2010,18:00,0.0,1336.552,7.75,1,8,0.0,1,8,0.0,1,8,930.0,1,8,0.0,1,8,0.0,1,8,-0.0,1,8,-9900,?,9,-9900,?,9,18.95,E,8,10.79,E,8,59.0,E,8,872.5394,E,8,999.0,E,8,0.45,E,8,-9900,?,9,-9900,?,9,0.0,E,8,-9900,?,9,-9900,?,9,0.0,0.0,E,8
05/14/2010,19:00,0.0,1336.552,0.0,1,8,0.0,1,8,0.0,1,8,0.0,1,8,0.0,1,8,0.0,1,8,-0.0,1,8,-9900,?,9,-9900,?,9,18.21,E,8,10.7,E,8,61.0,E,8,872.5394,E,8,999.0,E,8,0.32,E,8,-9900,?,9,-9900,?,9,0.0,E,8,-9900,?,9,-9900,?,9,0.0,0.0,E,8
05/14/2010,20:00,0.0,1336.552,0.0,1,8,0.0,1,8,0.0,1,8,0.0,1,8,0.0,1,8,0.0,1,8,-0.0,1,8,-9900,?,9,-9900,?,9,17.47,E,8,10.61,E,8,64.0,E,8,872.5394,E,8,999.0,E,8,0.27,E,8,-9900,?,9,-9900,?,9,0.0,E,8,-9900,?,9,-9900,?,9,0.0,0.0,E,8
05/14/2010,21:00,0.0,1336.552,0.0,1,8,0.0,1,8,0.0,1,8,0.0,1,8,0.0,1,8,0.0,1,8,-0.0,1,8,-9900,?,9,-9900,?,9,16.73,E,8,10.52,E,8,66.0,E,8,872.5394,E,8,999.0,E,8,0.27,E,8,-9900,?,9,-9900,?,9,0.0,E,8,-9900,?,9,-9900,?,9,0.0,0.0,E,8
05/14/2010,22:00,0.0,1336.552,0.0,1,8,0.0,1,8,0.0,1,8,0.0,1,8,0.0,1,8,0.0,1,8,-0.0,1,8,-9900,?,9,-9900,?,9,15.99,E,8,10.43,E,8,69.0,E,8,872.5394,E,8,999.0,E,8,0.27,E,8,-9900,?,9,-9900,?,9,0.0,E,8,-9900,?,9,-9900,?,9,0.0,0.0,E,8
05/14/2010,23:00,0.0,1336.552,0.0,1,8,0.0,1,8,0.0,1,8,0.0,1,8,0.0,1,8,0.0,1,8,-0.0,1,8,-9900,?,9,-9900,?,9,15.25,E,8,10.34,E,8,72.0,E,8,872.5394,E,8,999.0,E,8,0.27,E,8,-9900,?,9,-9900,?,9,0.0,E,8,-9900,?,9,-9900,?,9,0.0,0.0,E,8
05/14/2010,24:00,0.0,1336.552,0.0,1,8,0.0,1,8,0.0,1,8,0.0,1,8,0.0,1,8,0.0,1,8,-0.0,1,8,-9900,?,9,-9900,?,9,14.51,E,8,12.57,E,8,88.0,E,8,872.5394,E,8,999.0,E,8,0.31,E,8,-9900,?,9,-9900,?,9,0.0,E,8,-9900,?,9,-9900,?,9,0.0,0.0,E,8
05/15/2010,01:00,0.0,1336.552,0.0,1,8,0.0,1,8,0.0,1,8,0.0,1,8,0.0,1,8,0.0,1,8,-0.0,1,8,-9900,?,9,-9900,?,9,14.14,E,8,12.47,E,8,89.0,E,8,872.5394,E,8,999.0,E,8,0.31,E,8,-9900,?,9,-9900,?,9,0.0,E,8,-9900,?,9,-9900,?,9,0.0,0.0,E,8
05/15/2010,02:00,0.0,1336.552,0.0,1,8,0.0,1,8,0.0,1,8,0.0,1,8,0.0,1,8,0.0,1,8,-0.0,1,8,-9900,?,9,-9900,?,9,13.77,E,8,12.37,E,8,91.0,E,8,872.5394,E,8,999.0,E,8,0.31,E,8,-9900,?,9,-9900,?,9,0.0,E,8,-9900,?,9,-9900,?,9,0.0,0.0,E,8
05/15/2010,03:00,0.0,1336.552,0.0,1,8,0.0,1,8,0.0,1,8,0.0,1,8,0.0,1,8,0.0,1,8,-0.0,1,8,-9900,?,9,-9900,?,9,13.4,E,8,12.27,E,8,92.0,E,8,872.5394,E,8,999.0,E,8,0.31,E,8,-9900,?,9,-9900,?,9,0.0,E,8,-9900,?,9,-9900,?,9,0.0,0.0,E,8
05/15/2010,04:00,0.0,1335.964,0.0,1,8,0.0,1,8,0.0,1,8,0.0,1,8,0.0,1,8,0.0,1,8,-0.0,1,8,-9900,?,9,-9900,?,9,13.03,E,8,12.17,E,8,94.0,E,8,872.5394,E,8,999.0,E,8,0.31,E,8,-9900,?,9,-9900,?,9,0.0,E,8,-9900,?,9,-9900,?,9,0.0,0.0,E,8
05/15/2010,05:00,0.0,1335.964,0.0,1,8,0.0,1,8,0.0,1,8,0.0,1,8,0.0,1,8,0.0,1,8,-0.0,1,8,-9900,?,9,-9900,?,9,12.66,E,8,12.07,E,8,96.0,E,8,872.5394,E,8,999.0,E,8,0.31,E,8,-9900,?,9,-9900,?,9,0.0,E,8,-9900,?,9,-9900,?,9,0.0,0.0,E,8
05/15/2010,06:00,0.0,1335.964,0.0,1,8,0.0,1,8,0.0,1,8,0.0,1,8,0.0,1,8,0.0,1,8,-0.0,1,8,-9900,?,9,-9900,?,9,12.37,E,8,11.99,E,8,97.0,E,8,872.5394,E,8,999.0,E,8,0.31,E,8,-9900,?,9,-9900,?,9,0.0,E,8,-9900,?,9,-9900,?,9,0.0,0.0,E,8
05/15/2010,07:00,79.858,1335.964,0.0,1,8,0.0,1,8,0.0,1,8,0.0,1,8,0.0,1,8,0.0,1,8,0.0,1,8,-9900,?,9,-9900,?,9,12.13,E,8,11.92,E,8,98.0,E,8,872.5394,E,8,999.0,E,8,0.31,E,8,-9900,?,9,-9900,?,9,0.0,E,8,-9900,?,9,-9900,?,9,0.0,0.0,E,8
05/15/2010,08:00,367.592,1335.964,113.76,1,8,34.564,1,8,104.283,1,8,13651.2,1,8,3283.625,1,8,11471.119,1,8,121.065,1,8,-9900,?,9,-9900,?,9,11.88,E,8,11.85,E,8,99.0,E,8,872.5394,E,8,999.0,E,8,0.31,E,8,-9900,?,9,-9900,?,9,0.0,E,8,-9900,?,9,-9900,?,9,0.0,0.0,E,8
05/15/2010,09:00,622.894,1335.964,211.47,1,8,32.528,1,8,196.32,1,8,25376.4,1,8,3090.126,1,8,21595.191,1,8,134.169,1,8,-9900,?,9,-9900,?,9,16.76,E,8,13.16,E,8,79.0,E,8,872.5394,E,8,999.0,E,8,0.48,E,8,-9900,?,9,-9900,?,9,0.0,E,8,-9900,?,9,-9900,?,9,0.0,0.0,E,8
05/15/2010,10:00,825.546,1335.964,185.85,1,8,6.183,1,8,182.031,1,8,22302.0,1,8,587.4,1,8,20023.409,1,8,93.811,1,8,-9900,?,9,-9900,?,9,16.99,E,8,13.22,E,8,83.0,E,8,872.5394,E,8,999.0,E,8,1.08,E,8,-9900,?,9,-9900,?,9,0.003,E,8,-9900,?,9,-9900,?,9,0.03,99.0,E,8
05/15/2010,11:00,961.482,1335.964,281.26,1,8,12.701,1,8,272.122,1,8,33751.2,1,8,1206.561,1,8,29933.415,1,8,120.389,1,8,-9900,?,9,-9900,?,9,17.82,E,8,13.43,E,8,75.0,E,8,872.5394,E,8,999.0,E,8,2.21,E,8,-9900,?,9,-9900,?,9,0.0,E,8,-9900,?,9,-9900,?,9,0.0,0.0,E,8
05/15/2010,12:00,1021.376,1335.964,201.06,1,8,12.735,1,8,191.325,1,8,24127.2,1,8,1209.871,1,8,21045.8,1,8,79.675,1,8,-9900,?,9,-9900,?,9,17.84,E,8,13.43,E,8,80.0,E,8,872.5394,E,8,999.0,E,8,2.63,E,8,-9900,?,9,-9900,?,9,0.096,E,8,-9900,?,9,-9900,?,9,0.96,99.0,E,8
05/15/2010,13:00,1001.134,1335.964,445.69,1,8,91.704,1,8,376.985,1,8,53482.8,1,8,8711.866,1,8,41468.398,1,8,160.168,1,8,-9900,?,9,-9900,?,9,19.07,E,8,13.74,E,8,71.0,E,8,872.5394,E,8,999.0,E,8,2.66,E,8,-9900,?,9,-9900,?,9,0.0,E,8,-9900,?,9,-9900,?,9,0.0,0.0,E,8
05/15/2010,14:00,902.144,1335.964,218.63,1,8,18.594,1,8,206.079,1,8,26235.6,1,8,1766.4,1,8,22668.639,1,8,97.175,1,8,-9900,?,9,-9900,?,9,18.98,E,8,13.72,E,8,76.0,E,8,872.5394,E,8,999.0,E,8,1.98,E,8,-9900,?,9,-9900,?,9,0.001,E,8,-9900,?,9,-9900,?,9,0.01,99.0,E,8
05/15/2010,15:00,731.191,1335.964,488.96,1,8,329.015,1,8,309.009,1,8,58675.2,1,8,31256.446,1,8,33990.965,1,8,179.838,1,8,-9900,?,9,-9900,?,9,19.93,E,8,13.95,E,8,68.0,E,8,872.5394,E,8,999.0,E,8,1.66,E,8,-9900,?,9,-9900,?,9,0.0,E,8,-9900,?,9,-9900,?,9,0.0,0.0,E,8
05/15/2010,16:00,500.051,1335.964,574.19,1,8,549.396,1,8,368.918,1,8,68902.8,1,8,52192.614,1,8,40580.989,1,8,314.294,1,8,-9900,?,9,-9900,?,9,20.95,E,8,14.2,E,8,65.0,E,8,872.5394,E,8,999.0,E,8,0.83,E,8,-9900,?,9,-9900,?,9,0.0,E,8,-9900,?,9,-9900,?,9,0.0,0.0,E,8
05/15/2010,17:00,225.155,1335.964,306.56,1,8,417.151,1,8,236.924,1,8,36787.2,1,8,39629.378,1,8,26061.673,1,8,451.774,1,8,-9900,?,9,-9900,?,9,20.96,E,8,14.2,E,8,65.0,E,8,872.5394,E,8,999.0,E,8,0.8,E,8,-9900,?,9,-9900,?,9,0.0,E,8,-9900,?,9,-9900,?,9,0.0,0.0,E,8
05/15/2010,18:00,0.0,1335.964,39.96,1,8,0.0,1,8,0.0,1,8,4795.2,1,8,0.0,1,8,0.0,1,8,-0.0,1,8,-9900,?,9,-9900,?,9,20.05,E,8,13.98,E,8,68.0,E,8,872.5394,E,8,999.0,E,8,0.31,E,8,-9900,?,9,-9900,?,9,0.0,E,8,-9900,?,9,-9900,?,9,0.0,0.0,E,8
05/15/2010,19:00,0.0,1335.964,0.0,1,8,0.0,1,8,0.0,1,8,0.0,1,8,0.0,1,8,0.0,1,8,-0.0,1,8,-9900,?,9,-9900,?,9,19.14,E,8,13.76,E,8,70.0,E,8,872.5394,E,8,999.0,E,8,0.31,E,8,-9900,?,9,-9900,?,9,0.0,E,8,-9900,?,9,-9900,?,9,0.0,0.0,E,8
05/15/2010,20:00,0.0,1335.964,0.0,1,8,0.0,1,8,0.0,1,8,0.0,1,8,0.0,1,8,0.0,1,8,-0.0,1,8,-9900,?,9,-9900,?,9,18.24,E,8,13.53,E,8,73.0,E,8,872.5394,E,8,999.0,E,8,0.31,E,8,-9900,?,9,-9900,?,9,0.0,E,8,-9900,?,9,-9900,?,9,0.0,0.0,E,8
05/15/2010,21:00,0.0,1335.964,0.0,1,8,0.0,1,8,0.0,1,8,0.0,1,8,0.0,1,8,0.0,1,8,-0.0,1,8,-9900,?,9,-9900,?,9,17.33,E,8,13.3,E,8,77.0,E,8,872.5394,E,8,999.0,E,8,0.31,E,8,-9900,?,9,-9900,?,9,0.0,E,8,-9900,?,9,-9900,?,9,0.0,0.0,E,8
05/15/2010,22:00,0.0,1335.964,0.0,1,8,0.0,1,8,0.0,1,8,0.0,1,8,0.0,1,8,0.0,1,8,-0.0,1,8,-9900,?,9,-9900,?,9,16.42,E,8,13.07,E,8,80.0,E,8,872.5394,E,8,999.0,E,8,0.31,E,8,-9900,?,9,-9900,?,9,0.0,E,8,-9900,?,9,-9900,?,9,0.0,0.0,E,8
05/15/2010,23:00,0.0,1335.964,0.0,1,8,0.0,1,8,0.0,1,8,0.0,1,8,0.0,1,8,0.0,1,8,-0.0,1,8,-9900,?,9,-9900,?,9,15.51,E,8,12.83,E,8,84.0,E,8,872.5394,E,8,999.0,E,8,0.31,E,8,-9900,?,9,-9900,?,9,0.0,E,8,-9900,?,9,-9900,?,9,0.0,0.0,E,8
05/15/2010,24:00,0.0,1335.964,0.0,1,8,0.0,1,8,0.0,1,8,0.0,1,8,0.0,1,8,0.0,1,8,-0.0,1,8,-9900,?,9,-9900,?,9,14.6,E,8,12.98,E,8,89.0,E,8,872.5394,E,8,999.0,E,8,0.33,E,8,-9900,?,9,-9900,?,9,0.0,E,8,-9900,?,9,-9900,?,9,0.0,0.0,E,8
05/16/2010,01:00,0.0,1335.964,0.0,1,8,0.0,1,8,0.0,1,8,0.0,1,8,0.0,1,8,0.0,1,8,-0.0,1,8,-9900,?,9,-9900,?,9,14.15,E,8,12.7,E,8,90.0,E,8,872.5394,E,8,999.0,E,8,0.33,E,8,-9900,?,9,-9900,?,9,0.0,E,8,-9900,?,9,-9900,?,9,0.0,0.0,E,8
05/16/2010,02:00,0.0,1335.964,0.0,1,8,0.0,1,8,0.0,1,8,0.0,1,8,0.0,1,8,0.0,1,8,-0.0,1,8,-9900,?,9,-9900,?,9,13.7,E,8,12.42,E,8,91.0,E,8,872.5394,E,8,999.0,E,8,0.33,E,8,-9900,?,9,-9900,?,9,0.0,E,8,-9900,?,9,-9900,?,9,0.0,0.0,E,8
05/16/2010,03:00,0.0,1335.964,0.0,1,8,0.0,1,8,0.0,1,8,0.0,1,8,0.0,1,8,0.0,1,8,-0.0,1,8,-9900,?,9,-9900,?,9,13.24,E,8,12.13,E,8,92.0,E,8,872.5394,E,8,999.0,E,8,0.33,E,8,-9900,?,9,-9900,?,9,0.0,E,8,-9900,?,9,-9900,?,9,0.0,0.0,E,8
05/16/2010,04:00,0.0,1335.385,0.0,1,8,0.0,1,8,0.0,1,8,0.0,1,8,0.0,1,8,0.0,1,8,-0.0,1,8,-9900,?,9,-9900,?,9,12.79,E,8,11.84,E,8,93.0,E,8,872.5394,E,8,999.0,E,8,0.33,E,8,-9900,?,9,-9900,?,9,0.0,E,8,-9900,?,9,-9900,?,9,0.0,0.0,E,8
05/16/2010,05:00,0.0,1335.385,0.0,1,8,0.0,1,8,0.0,1,8,0.0,1,8,0.0,1,8,0.0,1,8,-0.0,1,8,-9900,?,9,-9900,?,9,12.34,E,8,11.55,E,8,94.0,E,8,872.5394,E,8,999.0,E,8,0.33,E,8,-9900,?,9,-9900,?,9,0.0,E,8,-9900,?,9,-9900,?,9,0.0,0.0,E,8
05/16/2010,06:00,0.0,1335.385,0.0,1,8,0.0,1,8,0.0,1,8,0.0,1,8,0.0,1,8,0.0,1,8,-0.0,1,8,-9900,?,9,-9900,?,9,11.98,E,8,11.31,E,8,95.0,E,8,872.5394,E,8,999.0,E,8,0.33,E,8,-9900,?,9,-9900,?,9,0.0,E,8,-9900,?,9,-9900,?,9,0.0,0.0,E,8
05/16/2010,07:00,77.661,1335.385,0.0,1,8,0.0,1,8,0.0,1,8,0.0,1,8,0.0,1,8,0.0,1,8,0.0,1,8,-9900,?,9,-9900,?,9,11.68,E,8,11.11,E,8,96.0,E,8,872.5394,E,8,999.0,E,8,0.33,E,8,-9900,?,9,-9900,?,9,0.0,E,8,-9900,?,9,-9900,?,9,0.0,0.0,E,8
05/16/2010,08:00,364.782,1335.385,56.57,1,8,0.0,1,8,56.57,1,8,6788.4,1,8,0.0,1,8,6222.7,1,8,66.154,1,8,-9900,?,9,-9900,?,9,11.38,E,8,10.91,E,8,96.0,E,8,872.5394,E,8,999.0,E,8,0.33,E,8,-9900,?,9,-9900,?,9,0.0,E,8,-9900,?,9,-9900,?,9,0.0,0.0,E,8
05/16/2010,09:00,619.62,1335.385,183.62,1,8,16.342,1,8,176.045,1,8,22034.4,1,8,1552.475,1,8,19364.998,1,8,120.898,1,8,-9900,?,9,-9900,?,9,14.65,E,8,13.01,E,8,89.0,E,8,872.5394,E,8,999.0,E,8,0.33,E,8,-9900,?,9,-9900,?,9,0.0,E,8,-9900,?,9,-9900,?,9,0.0,0.0,E,8
05/16/2010,10:00,821.915,1335.385,297.21,1,8,62.108,1,8,259.002,1,8,35665.2,1,8,5900.262,1,8,28490.17,1,8,134.011,1,8,-9900,?,9,-9900,?,9,16.26,E,8,13.95,E,8,86.0,E,8,872.5394,E,8,999.0,E,8,0.35,E,8,-9900,?,9,-9900,?,9,0.0,E,8,-9900,?,9,-9900,?,9,0.0,0.0,E,8
05/16/2010,11:00,957.622,1335.385,382.33,1,8,62.138,1,8,337.783,1,8,45879.6,1,8,5903.07,1,8,37156.095,1,8,149.975,1,8,-9900,?,9,-9900,?,9,17.64,E,8,14.72,E,8,82.0,E,8,872.5394,E,8,999.0,E,8,1.08,E,8,-9900,?,9,-9900,?,9,0.0,E,8,-9900,?,9,-9900,?,9,0.0,0.0,E,8
05/16/2010,12:00,1017.431,1335.385,431.81,1,8,79.783,1,8,371.037,1,8,51817.2,1,8,7579.34,1,8,40814.02,1,8,155.046,1,8,-9900,?,9,-9900,?,9,18.74,E,8,15.31,E,8,80.0,E,8,872.5394,E,8,999.0,E,8,1.16,E,8,-9900,?,9,-9900,?,9,0.0,E,8,-9900,?,9,-9900,?,9,0.0,0.0,E,8
05/16/2010,13:00,997.251,1335.385,172.85,1,8,1.976,1,8,171.375,1,8,20742.0,1,8,187.719,1,8,18851.217,1,8,73.063,1,8,-9900,?,9,-9900,?,9,18.3,E,8,15.08,E,8,81.0,E,8,872.5394,E,8,999.0,E,8,2.41,E,8,-9900,?,9,-9900,?,9,0.0,E,8,-9900,?,9,-9900,?,9,0.0,0.0,E,8
05/16/2010,14:00,898.467,1335.385,618.46,1,8,494.054,1,8,286.171,1,8,74215.2,1,8,46935.105,1,8,31478.815,1,8,135.436,1,8,-9900,?,9,-9900,?,9,19.72,E,8,15.82,E,8,78.0,E,8,872.5394,E,8,999.0,E,8,2.79,E,8,-9900,?,9,-9900,?,9,0.0,E,8,-9900,?,9,-9900,?,9,0.0,0.0,E,8
05/16/2010,15:00,727.852,1335.385,459.98,1,8,484.533,1,8,196.068,1,8,55197.6,1,8,46030.609,1,8,21567.514,1,8,114.583,1,8,-9900,?,9,-9900,?,9,20.24,E,8,16.08,E,8,76.0,E,8,872.5394,E,8,999.0,E,8,2.23,E,8,-9900,?,9,-9900,?,9,0.0,E,8,-9900,?,9,-9900,?,9,0.0,0.0,E,8
05/16/2010,16:00,497.157,1335.385,245.56,1,8,248.502,1,8,153.211,1,8,29467.2,1,8,23607.705,1,8,16853.202,1,8,131.231,1,8,-9900,?,9,-9900,?,9,19.83,E,8,15.87,E,8,77.0,E,8,872.5394,E,8,999.0,E,8,1.84,E,8,-9900,?,9,-9900,?,9,0.0,E,8,-9900,?,9,-9900,?,9,0.0,0.0,E,8
05/16/2010,17:00,222.795,1335.385,119.75,1,8,367.026,1,8,59.109,1,8,14370.0,1,8,34867.492,1,8,6501.997,1,8,113.877,1,8,-9900,?,9,-9900,?,9,18.92,E,8,15.4,E,8,80.0,E,8,872.5394,E,8,999.0,E,8,1.46,E,8,-9900,?,9,-9900,?,9,0.0,E,8,-9900,?,9,-9900,?,9,0.0,0.0,E,8
05/16/2010,18:00,0.0,1335.385,7.02,1,8,0.0,1,8,0.0,1,8,842.4,1,8,0.0,1,8,0.0,1,8,-0.0,1,8,-9900,?,9,-9900,?,9,18.16,E,8,15.0,E,8,81.0,E,8,872.5394,E,8,999.0,E,8,0.6,E,8,-9900,?,9,-9900,?,9,0.0,E,8,-9900,?,9,-9900,?,9,0.0,0.0,E,8
05/16/2010,19:00,0.0,1335.385,0.0,1,8,0.0,1,8,0.0,1,8,0.0,1,8,0.0,1,8,0.0,1,8,-0.0,1,8,-9900,?,9,-9900,?,9,17.39,E,8,14.58,E,8,83.0,E,8,872.5394,E,8,999.0,E,8,0.33,E,8,-9900,?,9,-9900,?,9,0.0,E,8,-9900,?,9,-9900,?,9,0.0,0.0,E,8
05/16/2010,20:00,0.0,1335.385,0.0,1,8,0.0,1,8,0.0,1,8,0.0,1,8,0.0,1,8,0.0,1,8,-0.0,1,8,-9900,?,9,-9900,?,9,16.63,E,8,14.16,E,8,85.0,E,8,872.5394,E,8,999.0,E,8,0.37,E,8,-9900,?,9,-9900,?,9,0.0,E,8,-9900,?,9,-9900,?,9,0.0,0.0,E,8
05/16/2010,21:00,0.0,1335.385,0.0,1,8,0.0,1,8,0.0,1,8,0.0,1,8,0.0,1,8,0.0,1,8,-0.0,1,8,-9900,?,9,-9900,?,9,15.86,E,8,13.72,E,8,87.0,E,8,872.5394,E,8,999.0,E,8,0.33,E,8,-9900,?,9,-9900,?,9,0.0,E,8,-9900,?,9,-9900,?,9,0.0,0.0,E,8
05/16/2010,22:00,0.0,1335.385,0.0,1,8,0.0,1,8,0.0,1,8,0.0,1,8,0.0,1,8,0.0,1,8,-0.0,1,8,-9900,?,9,-9900,?,9,15.1,E,8,13.28,E,8,88.0,E,8,872.5394,E,8,999.0,E,8,0.33,E,8,-9900,?,9,-9900,?,9,0.0,E,8,-9900,?,9,-9900,?,9,0.0,0.0,E,8
05/16/2010,23:00,0.0,1335.385,0.0,1,8,0.0,1,8,0.0,1,8,0.0,1,8,0.0,1,8,0.0,1,8,-0.0,1,8,-9900,?,9,-9900,?,9,14.33,E,8,12.81,E,8,90.0,E,8,872.5394,E,8,999.0,E,8,0.33,E,8,-9900,?,9,-9900,?,9,0.0,E,8,-9900,?,9,-9900,?,9,0.0,0.0,E,8
05/16/2010,24:00,0.0,1335.385,0.0,1,8,0.0,1,8,0.0,1,8,0.0,1,8,0.0,1,8,0.0,1,8,-0.0,1,8,-9900,?,9,-9900,?,9,13.57,E,8,11.43,E,8,86.0,E,8,872.5394,E,8,999.0,E,8,0.59,E,8,-9900,?,9,-9900,?,9,0.0,E,8,-9900,?,9,-9900,?,9,0.0,0.0,E,8
05/17/2010,01:00,0.0,1335.385,0.0,1,8,0.0,1,8,0.0,1,8,0.0,1,8,0.0,1,8,0.0,1,8,-0.0,1,8,-9900,?,9,-9900,?,9,13.18,E,8,11.29,E,8,88.0,E,8,872.5394,E,8,999.0,E,8,0.59,E,8,-9900,?,9,-9900,?,9,0.0,E,8,-9900,?,9,-9900,?,9,0.0,0.0,E,8
05/17/2010,02:00,0.0,1335.385,0.0,1,8,0.0,1,8,0.0,1,8,0.0,1,8,0.0,1,8,0.0,1,8,-0.0,1,8,-9900,?,9,-9900,?,9,12.8,E,8,11.16,E,8,89.0,E,8,872.5394,E,8,999.0,E,8,0.59,E,8,-9900,?,9,-9900,?,9,0.0,E,8,-9900,?,9,-9900,?,9,0.0,0.0,E,8
05/17/2010,03:00,0.0,1335.385,0.0,1,8,0.0,1,8,0.0,1,8,0.0,1,8,0.0,1,8,0.0,1,8,-0.0,1,8,-9900,?,9,-9900,?,9,12.42,E,8,11.02,E,8,91.0,E,8,872.5394,E,8,999.0,E,8,0.59,E,8,-9900,?,9,-9900,?,9,0.0,E,8,-9900,?,9,-9900,?,9,0.0,0.0,E,8
05/17/2010,04:00,0.0,1334.815,0.0,1,8,0.0,1,8,0.0,1,8,0.0,1,8,0.0,1,8,0.0,1,8,-0.0,1,8,-9900,?,9,-9900,?,9,12.04,E,8,10.88,E,8,92.0,E,8,872.5394,E,8,999.0,E,8,0.59,E,8,-9900,?,9,-9900,?,9,0.0,E,8,-9900,?,9,-9900,?,9,0.0,0.0,E,8
05/17/2010,05:00,0.0,1334.815,0.0,1,8,0.0,1,8,0.0,1,8,0.0,1,8,0.0,1,8,0.0,1,8,-0.0,1,8,-9900,?,9,-9900,?,9,11.65,E,8,10.74,E,8,94.0,E,8,872.5394,E,8,999.0,E,8,0.59,E,8,-9900,?,9,-9900,?,9,0.0,E,8,-9900,?,9,-9900,?,9,0.0,0.0,E,8
05/17/2010,06:00,0.0,1334.815,0.0,1,8,0.0,1,8,0.0,1,8,0.0,1,8,0.0,1,8,0.0,1,8,-0.0,1,8,-9900,?,9,-9900,?,9,11.36,E,8,10.64,E,8,95.0,E,8,872.5394,E,8,999.0,E,8,0.59,E,8,-9900,?,9,-9900,?,9,0.0,E,8,-9900,?,9,-9900,?,9,0.0,0.0,E,8
05/17/2010,07:00,75.472,1334.815,0.0,1,8,0.0,1,8,0.0,1,8,0.0,1,8,0.0,1,8,0.0,1,8,0.0,1,8,-9900,?,9,-9900,?,9,11.11,E,8,10.55,E,8,96.0,E,8,872.5394,E,8,999.0,E,8,0.59,E,8,-9900,?,9,-9900,?,9,0.0,E,8,-9900,?,9,-9900,?,9,0.0,0.0,E,8
05/17/2010,08:00,361.988,1334.815,63.69,1,8,0.0,1,8,63.69,1,8,7642.8,1,8,0.0,1,8,7005.9,1,8,75.028,1,8,-9900,?,9,-9900,?,9,10.85,E,8,10.45,E,8,97.0,E,8,872.5394,E,8,999.0,E,8,0.59,E,8,-9900,?,9,-9900,?,9,0.0,E,8,-9900,?,9,-9900,?,9,0.0,0.0,E,8
05/17/2010,09:00,616.376,1334.815,209.05,1,8,32.544,1,8,194.039,1,8,25086.0,1,8,3091.654,1,8,21344.236,1,8,133.9,1,8,-9900,?,9,-9900,?,9,14.59,E,8,11.78,E,8,83.0,E,8,872.5394,E,8,999.0,E,8,0.59,E,8,-9900,?,9,-9900,?,9,0.0,E,8,-9900,?,9,-9900,?,9,0.0,0.0,E,8
05/17/2010,10:00,818.329,1334.815,339.19,1,8,77.101,1,8,291.945,1,8,40702.8,1,8,7324.612,1,8,32113.947,1,8,151.655,1,8,-9900,?,9,-9900,?,9,16.44,E,8,12.4,E,8,76.0,E,8,872.5394,E,8,999.0,E,8,0.59,E,8,-9900,?,9,-9900,?,9,0.0,E,8,-9900,?,9,-9900,?,9,0.0,0.0,E,8
05/17/2010,11:00,953.821,1334.815,436.73,1,8,108.367,1,8,359.316,1,8,52407.6,1,8,10294.827,1,8,39524.773,1,8,160.104,1,8,-9900,?,9,-9900,?,9,18.03,E,8,12.91,E,8,71.0,E,8,872.5394,E,8,999.0,E,8,0.59,E,8,-9900,?,9,-9900,?,9,0.0,E,8,-9900,?,9,-9900,?,9,0.0,0.0,E,8
05/17/2010,12:00,1013.557,1334.815,493.44,1,8,131.537,1,8,393.582,1,8,59212.8,1,8,12496.056,1,8,43294.03,1,8,165.026,1,8,-9900,?,9,-9900,?,9,19.3,E,8,13.31,E,8,68.0,E,8,872.5394,E,8,999.0,E,8,0.86,E,8,-9900,?,9,-9900,?,9,0.0,E,8,-9900,?,9,-9900,?,9,0.0,0.0,E,8
05/17/2010,13:00,993.451,1334.815,504.97,1,8,158.749,1,8,386.847,1,8,60596.4,1,8,15081.159,1,8,42553.196,1,8,165.488,1,8,-9900,?,9,-9900,?,9,20.2,E,8,13.59,E,8,65.0,E,8,872.5394,E,8,999.0,E,8,1.06,E,8,-9900,?,9,-9900,?,9,0.0,E,8,-9900,?,9,-9900,?,9,0.0,0.0,E,8
05/17/2010,14:00,894.883,1334.815,470.46,1,8,196.759,1,8,338.597,1,8,56455.2,1,8,18692.082,1,8,37245.662,1,8,160.821,1,8,-9900,?,9,-9900,?,9,20.7,E,8,13.74,E,8,64.0,E,8,872.5394,E,8,999.0,E,8,1.38,E,8,-9900,?,9,-9900,?,9,0.0,E,8,-9900,?,9,-9900,?,9,0.0,0.0,E,8
05/17/2010,15:00,724.611,1334.815,392.52,1,8,302.242,1,8,228.561,1,8,47102.4,1,8,28712.978,1,8,25141.764,1,8,134.114,1,8,-9900,?,9,-9900,?,9,20.81,E,8,13.77,E,8,64.0,E,8,872.5394,E,8,999.0,E,8,2.45,E,8,-9900,?,9,-9900,?,9,0.0,E,8,-9900,?,9,-9900,?,9,0.0,0.0,E,8
05/17/2010,16:00,494.365,1334.815,277.3,1,8,384.901,1,8,135.008,1,8,33276.0,1,8,36565.548,1,8,14850.883,1,8,116.246,1,8,-9900,?,9,-9900,?,9,20.37,E,8,13.64,E,8,65.0,E,8,872.5394,E,8,999.0,E,8,1.7,E,8,-9900,?,9,-9900,?,9,0.0,E,8,-9900,?,9,-9900,?,9,0.0,0.0,E,8
05/17/2010,17:00,220.536,1334.815,136.06,1,8,416.114,1,8,67.99,1,8,16327.2,1,8,39530.819,1,8,7478.89,1,8,132.297,1,8,-9900,?,9,-9900,?,9,19.35,E,8,13.33,E,8,68.0,E,8,872.5394,E,8,999.0,E,8,0.88,E,8,-9900,?,9,-9900,?,9,0.0,E,8,-9900,?,9,-9900,?,9,0.0,0.0,E,8
05/17/2010,18:00,0.0,1334.815,7.6,1,8,0.0,1,8,0.0,1,8,912.0,1,8,0.0,1,8,0.0,1,8,-0.0,1,8,-9900,?,9,-9900,?,9,18.68,E,8,13.12,E,8,70.0,E,8,872.5394,E,8,999.0,E,8,0.59,E,8,-9900,?,9,-9900,?,9,0.0,E,8,-9900,?,9,-9900,?,9,0.0,0.0,E,8
05/17/2010,19:00,0.0,1334.815,0.0,1,8,0.0,1,8,0.0,1,8,0.0,1,8,0.0,1,8,0.0,1,8,-0.0,1,8,-9900,?,9,-9900,?,9,18.0,E,8,12.9,E,8,72.0,E,8,872.5394,E,8,999.0,E,8,0.59,E,8,-9900,?,9,-9900,?,9,0.0,E,8,-9900,?,9,-9900,?,9,0.0,0.0,E,8
05/17/2010,20:00,0.0,1334.815,0.0,1,8,0.0,1,8,0.0,1,8,0.0,1,8,0.0,1,8,0.0,1,8,-0.0,1,8,-9900,?,9,-9900,?,9,17.32,E,8,12.68,E,8,74.0,E,8,872.5394,E,8,999.0,E,8,0.59,E,8,-9900,?,9,-9900,?,9,0.0,E,8,-9900,?,9,-9900,?,9,0.0,0.0,E,8
05/17/2010,21:00,0.0,1334.815,0.0,1,8,0.0,1,8,0.0,1,8,0.0,1,8,0.0,1,8,0.0,1,8,-0.0,1,8,-9900,?,9,-9900,?,9,16.65,E,8,12.47,E,8,76.0,E,8,872.5394,E,8,999.0,E,8,0.59,E,8,-9900,?,9,-9900,?,9,0.0,E,8,-9900,?,9,-9900,?,9,0.0,0.0,E,8
05/17/2010,22:00,0.0,1334.815,0.0,1,8,0.0,1,8,0.0,1,8,0.0,1,8,0.0,1,8,0.0,1,8,-0.0,1,8,-9900,?,9,-9900,?,9,15.97,E,8,12.24,E,8,78.0,E,8,872.5394,E,8,999.0,E,8,0.59,E,8,-9900,?,9,-9900,?,9,0.0,E,8,-9900,?,9,-9900,?,9,0.0,0.0,E,8
05/17/2010,23:00,0.0,1334.815,0.0,1,8,0.0,1,8,0.0,1,8,0.0,1,8,0.0,1,8,0.0,1,8,-0.0,1,8,-9900,?,9,-9900,?,9,15.3,E,8,12.02,E,8,80.0,E,8,872.5394,E,8,999.0,E,8,0.59,E,8,-9900,?,9,-9900,?,9,0.0,E,8,-9900,?,9,-9900,?,9,0.0,0.0,E,8
05/17/2010,24:00,0.0,1334.815,0.0,1,8,0.0,1,8,0.0,1,8,0.0,1,8,0.0,1,8,0.0,1,8,-0.0,1,8,-9900,?,9,-9900,?,9,14.62,E,8,13.0,E,8,89.0,E,8,872.5394,E,8,999.0,E,8,0.58,E,8,-9900,?,9,-9900,?,9,0.0,E,8,-9900,?,9,-9900,?,9,0.0,0.0,E,8
05/18/2010,01:00,0.0,1334.815,0.0,1,8,0.0,1,8,0.0,1,8,0.0,1,8,0.0,1,8,0.0,1,8,-0.0,1,8,-9900,?,9,-9900,?,9,14.28,E,8,12.78,E,8,90.0,E,8,872.5394,E,8,999.0,E,8,0.58,E,8,-9900,?,9,-9900,?,9,0.0,E,8,-9900,?,9,-9900,?,9,0.0,0.0,E,8
05/18/2010,02:00,0.0,1334.815,0.0,1,8,0.0,1,8,0.0,1,8,0.0,1,8,0.0,1,8,0.0,1,8,-0.0,1,8,-9900,?,9,-9900,?,9,13.95,E,8,12.57,E,8,91.0,E,8,872.5394,E,8,999.0,E,8,0.58,E,8,-9900,?,9,-9900,?,9,0.0,E,8,-9900,?,9,-9900,?,9,0.0,0.0,E,8
05/18/2010,03:00,0.0,1334.815,0.0,1,8,0.0,1,8,0.0,1,8,0.0,1,8,0.0,1,8,0.0,1,8,-0.0,1,8,-9900,?,9,-9900,?,9,13.61,E,8,12.36,E,8,92.0,E,8,872.5394,E,8,999.0,E,8,0.58,E,8,-9900,?,9,-9900,?,9,0.0,E,8,-9900,?,9,-9900,?,9,0.0,0.0,E,8
05/18/2010,04:00,0.0,1334.255,0.0,1,8,0.0,1,8,0.0,1,8,0.0,1,8,0.0,1,8,0.0,1,8,-0.0,1,8,-9900,?,9,-9900,?,9,13.27,E,8,12.13,E,8,92.0,E,8,872.5394,E,8,999.0,E,8,0.58,E,8,-9900,?,9,-9900,?,9,0.0,E,8,-9900,?,9,-9900,?,9,0.0,0.0,E,8
05/18/2010,05:00,0.0,1334.255,0.0,1,8,0.0,1,8,0.0,1,8,0.0,1,8,0.0,1,8,0.0,1,8,-0.0,1,8,-9900,?,9,-9900,?,9,12.93,E,8,11.91,E,8,93.0,E,8,872.5394,E,8,999.0,E,8,0.58,E,8,-9900,?,9,-9900,?,9,0.0,E,8,-9900,?,9,-9900,?,9,0.0,0.0,E,8
05/18/2010,06:00,0.0,1334.255,0.0,1,8,0.0,1,8,0.0,1,8,0.0,1,8,0.0,1,8,0.0,1,8,-0.0,1,8,-9900,?,9,-9900,?,9,12.67,E,8,11.74,E,8,94.0,E,8,872.5394,E,8,999.0,E,8,0.58,E,8,-9900,?,9,-9900,?,9,0.0,E,8,-9900,?,9,-9900,?,9,0.0,0.0,E,8
05/18/2010,07:00,73.293,1334.255,0.0,1,8,0.0,1,8,0.0,1,8,0.0,1,8,0.0,1,8,0.0,1,8,0.0,1,8,-9900,?,9,-9900,?,9,12.45,E,8,11.59,E,8,94.0,E,8,872.5394,E,8,999.0,E,8,0.58,E,8,-9900,?,9,-9900,?,9,0.0,E,8,-9900,?,9,-9900,?,9,0.0,0.0,E,8
05/18/2010,08:00,359.213,1334.255,48.9,1,8,0.0,1,8,48.9,1,8,5868.0,1,8,0.0,1,8,5379.0,1,8,58.029,1,8,-9900,?,9,-9900,?,9,12.22,E,8,11.43,E,8,94.0,E,8,872.5394,E,8,999.0,E,8,0.58,E,8,-9900,?,9,-9900,?,9,0.0,E,8,-9900,?,9,-9900,?,9,0.0,0.0,E,8
05/18/2010,09:00,613.164,1334.255,97.62,1,8,0.0,1,8,97.62,1,8,11714.4,1,8,0.0,1,8,10738.2,1,8,67.69,1,8,-9900,?,9,-9900,?,9,14.15,E,8,12.7,E,8,90.0,E,8,872.5394,E,8,999.0,E,8,0.58,E,8,-9900,?,9,-9900,?,9,0.0,E,8,-9900,?,9,-9900,?,9,0.0,0.0,E,8
05/18/2010,10:00,814.789,1334.255,264.09,1,8,19.353,1,8,252.278,1,8,31690.8,1,8,1838.525,1,8,27750.538,1,8,131.564,1,8,-9900,?,9,-9900,?,9,15.82,E,8,13.73,E,8,87.0,E,8,872.5394,E,8,999.0,E,8,0.58,E,8,-9900,?,9,-9900,?,9,0.0,E,8,-9900,?,9,-9900,?,9,0.0,0.0,E,8
05/18/2010,11:00,950.08,1334.255,340.37,1,8,19.188,1,8,326.711,1,8,40844.4,1,8,1822.832,1,8,35938.205,1,8,146.089,1,8,-9900,?,9,-9900,?,9,17.15,E,8,14.5,E,8,84.0,E,8,872.5394,E,8,999.0,E,8,0.58,E,8,-9900,?,9,-9900,?,9,0.0,E,8,-9900,?,9,-9900,?,9,0.0,0.0,E,8
05/18/2010,12:00,1009.757,1334.255,384.71,1,8,23.338,1,8,367.052,1,8,46165.2,1,8,2217.125,1,8,40375.686,1,8,154.417,1,8,-9900,?,9,-9900,?,9,18.19,E,8,15.08,E,8,82.0,E,8,872.5394,E,8,999.0,E,8,0.58,E,8,-9900,?,9,-9900,?,9,0.0,E,8,-9900,?,9,-9900,?,9,0.0,0.0,E,8
05/18/2010,13:00,989.737,1334.255,393.75,1,8,59.506,1,8,349.619,1,8,47250.0,1,8,5653.116,1,8,38458.125,1,8,150.061,1,8,-9900,?,9,-9900,?,9,18.92,E,8,15.48,E,8,80.0,E,8,872.5394,E,8,999.0,E,8,1.44,E,8,-9900,?,9,-9900,?,9,0.0,E,8,-9900,?,9,-9900,?,9,0.0,0.0,E,8
05/18/2010,14:00,891.394,1334.255,366.79,1,8,74.437,1,8,317.078,1,8,44014.8,1,8,7071.519,1,8,34878.575,1,8,151.128,1,8,-9900,?,9,-9900,?,9,19.33,E,8,15.7,E,8,79.0,E,8,872.5394,E,8,999.0,E,8,1.71,E,8,-9900,?,9,-9900,?,9,0.0,E,8,-9900,?,9,-9900,?,9,0.0,0.0,E,8
05/18/2010,15:00,721.47,1334.255,305.88,1,8,97.817,1,8,253.025,1,8,36705.6,1,8,9292.575,1,8,27832.776,1,8,149.054,1,8,-9900,?,9,-9900,?,9,19.45,E,8,15.76,E,8,79.0,E,8,872.5394,E,8,999.0,E,8,1.99,E,8,-9900,?,9,-9900,?,9,0.0,E,8,-9900,?,9,-9900,?,9,0.0,0.0,E,8
05/18/2010,16:00,491.674,1334.255,215.84,1,8,160.894,1,8,156.66,1,8,25900.8,1,8,15284.945,1,8,17232.603,1,8,135.573,1,8,-9900,?,9,-9900,?,9,19.16,E,8,15.61,E,8,79.0,E,8,872.5394,E,8,999.0,E,8,1.43,E,8,-9900,?,9,-9900,?,9,0.0,E,8,-9900,?,9,-9900,?,9,0.0,0.0,E,8
05/18/2010,17:00,218.375,1334.255,105.49,1,8,346.689,1,8,49.319,1,8,12658.8,1,8,32935.485,1,8,5425.121,1,8,96.894,1,8,-9900,?,9,-9900,?,9,18.43,E,8,15.21,E,8,81.0,E,8,872.5394,E,8,999.0,E,8,1.29,E,8,-9900,?,9,-9900,?,9,0.0,E,8,-9900,?,9,-9900,?,9,0.0,0.0,E,8
05/18/2010,18:00,0.0,1334.255,5.62,1,8,0.0,1,8,0.0,1,8,674.4,1,8,0.0,1,8,0.0,1,8,-0.0,1,8,-9900,?,9,-9900,?,9,17.82,E,8,14.88,E,8,82.0,E,8,872.5394,E,8,999.0,E,8,0.68,E,8,-9900,?,9,-9900,?,9,0.0,E,8,-9900,?,9,-9900,?,9,0.0,0.0,E,8
05/18/2010,19:00,0.0,1334.255,0.0,1,8,0.0,1,8,0.0,1,8,0.0,1,8,0.0,1,8,0.0,1,8,-0.0,1,8,-9900,?,9,-9900,?,9,17.21,E,8,14.53,E,8,84.0,E,8,872.5394,E,8,999.0,E,8,0.58,E,8,-9900,?,9,-9900,?,9,0.0,E,8,-9900,?,9,-9900,?,9,0.0,0.0,E,8
05/18/2010,20:00,0.0,1334.255,0.0,1,8,0.0,1,8,0.0,1,8,0.0,1,8,0.0,1,8,0.0,1,8,-0.0,1,8,-9900,?,9,-9900,?,9,16.61,E,8,14.19,E,8,85.0,E,8,872.5394,E,8,999.0,E,8,0.58,E,8,-9900,?,9,-9900,?,9,0.0,E,8,-9900,?,9,-9900,?,9,0.0,0.0,E,8
05/18/2010,21:00,0.0,1334.255,0.0,1,8,0.0,1,8,0.0,1,8,0.0,1,8,0.0,1,8,0.0,1,8,-0.0,1,8,-9900,?,9,-9900,?,9,16.0,E,8,13.83,E,8,86.0,E,8,872.5394,E,8,999.0,E,8,0.58,E,8,-9900,?,9,-9900,?,9,0.0,E,8,-9900,?,9,-9900,?,9,0.0,0.0,E,8
05/18/2010,22:00,0.0,1334.255,0.0,1,8,0.0,1,8,0.0,1,8,0.0,1,8,0.0,1,8,0.0,1,8,-0.0,1,8,-9900,?,9,-9900,?,9,15.39,E,8,13.47,E,8,88.0,E,8,872.5394,E,8,999.0,E,8,0.58,E,8,-9900,?,9,-9900,?,9,0.0,E,8,-9900,?,9,-9900,?,9,0.0,0.0,E,8
05/18/2010,23:00,0.0,1334.255,0.0,1,8,0.0,1,8,0.0,1,8,0.0,1,8,0.0,1,8,0.0,1,8,-0.0,1,8,-9900,?,9,-9900,?,9,14.79,E,8,13.1,E,8,89.0,E,8,872.5394,E,8,999.0,E,8,0.58,E,8,-9900,?,9,-9900,?,9,0.0,E,8,-9900,?,9,-9900,?,9,0.0,0.0,E,8
05/18/2010,24:00,0.0,1334.255,0.0,1,8,0.0,1,8,0.0,1,8,0.0,1,8,0.0,1,8,0.0,1,8,-0.0,1,8,-9900,?,9,-9900,?,9,14.18,E,8,12.85,E,8,91.0,E,8,872.5394,E,8,999.0,E,8,0.61,E,8,-9900,?,9,-9900,?,9,0.0,E,8,-9900,?,9,-9900,?,9,0.0,0.0,E,8
05/19/2010,01:00,0.0,1334.255,0.0,1,8,0.0,1,8,0.0,1,8,0.0,1,8,0.0,1,8,0.0,1,8,-0.0,1,8,-9900,?,9,-9900,?,9,13.88,E,8,12.65,E,8,92.0,E,8,872.5394,E,8,999.0,E,8,0.61,E,8,-9900,?,9,-9900,?,9,0.0,E,8,-9900,?,9,-9900,?,9,0.0,0.0,E,8
05/19/2010,02:00,0.0,1334.255,0.0,1,8,0.0,1,8,0.0,1,8,0.0,1,8,0.0,1,8,0.0,1,8,-0.0,1,8,-9900,?,9,-9900,?,9,13.57,E,8,12.44,E,8,92.0,E,8,872.5394,E,8,999.0,E,8,0.61,E,8,-9900,?,9,-9900,?,9,0.0,E,8,-9900,?,9,-9900,?,9,0.0,0.0,E,8
05/19/2010,03:00,0.0,1334.255,0.0,1,8,0.0,1,8,0.0,1,8,0.0,1,8,0.0,1,8,0.0,1,8,-0.0,1,8,-9900,?,9,-9900,?,9,13.27,E,8,12.23,E,8,93.0,E,8,872.5394,E,8,999.0,E,8,0.61,E,8,-9900,?,9,-9900,?,9,0.0,E,8,-9900,?,9,-9900,?,9,0.0,0.0,E,8
05/19/2010,04:00,0.0,1333.705,0.0,1,8,0.0,1,8,0.0,1,8,0.0,1,8,0.0,1,8,0.0,1,8,-0.0,1,8,-9900,?,9,-9900,?,9,12.97,E,8,12.02,E,8,93.0,E,8,872.5394,E,8,999.0,E,8,0.61,E,8,-9900,?,9,-9900,?,9,0.0,E,8,-9900,?,9,-9900,?,9,0.0,0.0,E,8
05/19/2010,05:00,0.0,1333.705,0.0,1,8,0.0,1,8,0.0,1,8,0.0,1,8,0.0,1,8,0.0,1,8,-0.0,1,8,-9900,?,9,-9900,?,9,12.66,E,8,11.8,E,8,94.0,E,8,872.5394,E,8,999.0,E,8,0.61,E,8,-9900,?,9,-9900,?,9,0.0,E,8,-9900,?,9,-9900,?,9,0.0,0.0,E,8
05/19/2010,06:00,0.0,1333.705,0.0,1,8,0.0,1,8,0.0,1,8,0.0,1,8,0.0,1,8,0.0,1,8,-0.0,1,8,-9900,?,9,-9900,?,9,12.43,E,8,11.64,E,8,94.0,E,8,872.5394,E,8,999.0,E,8,0.61,E,8,-9900,?,9,-9900,?,9,0.0,E,8,-9900,?,9,-9900,?,9,0.0,0.0,E,8
05/19/2010,07:00,71.126,1333.705,0.0,1,8,0.0,1,8,0.0,1,8,0.0,1,8,0.0,1,8,0.0,1,8,0.0,1,8,-9900,?,9,-9900,?,9,12.23,E,8,11.5,E,8,95.0,E,8,872.5394,E,8,999.0,E,8,0.61,E,8,-9900,?,9,-9900,?,9,0.0,E,8,-9900,?,9,-9900,?,9,0.0,0.0,E,8
05/19/2010,08:00,356.458,1333.705,47.09,1,8,0.0,1,8,47.09,1,8,5650.8,1,8,0.0,1,8,5179.9,1,8,56.293,1,8,-9900,?,9,-9900,?,9,12.03,E,8,11.35,E,8,95.0,E,8,872.5394,E,8,999.0,E,8,0.61,E,8,-9900,?,9,-9900,?,9,0.0,E,8,-9900,?,9,-9900,?,9,0.0,0.0,E,8
05/19/2010,09:00,609.986,1333.705,158.18,1,8,6.847,1,8,155.052,1,8,18981.6,1,8,650.501,1,8,17055.69,1,8,108.03,1,8,-9900,?,9,-9900,?,9,14.52,E,8,13.07,E,8,91.0,E,8,872.5394,E,8,999.0,E,8,0.61,E,8,-9900,?,9,-9900,?,9,0.0,E,8,-9900,?,9,-9900,?,9,0.0,0.0,E,8
05/19/2010,10:00,811.297,1333.705,136.85,1,8,0.594,1,8,136.489,1,8,16422.0,1,8,56.441,1,8,15013.766,1,8,71.457,1,8,-9900,?,9,-9900,?,9,14.79,E,8,13.25,E,8,90.0,E,8,872.5394,E,8,999.0,E,8,0.61,E,8,-9900,?,9,-9900,?,9,0.0,E,8,-9900,?,9,-9900,?,9,0.0,0.0,E,8
05/19/2010,11:00,946.403,1333.705,330.52,1,8,54.335,1,8,291.975,1,8,39662.4,1,8,5161.833,1,8,32117.222,1,8,131.01,1,8,-9900,?,9,-9900,?,9,16.11,E,8,14.09,E,8,87.0,E,8,872.5394,E,8,999.0,E,8,0.61,E,8,-9900,?,9,-9900,?,9,0.0,E,8,-9900,?,9,-9900,?,9,0.0,0.0,E,8
05/19/2010,12:00,1006.033,1333.705,477.67,1,8,126.353,1,8,382.381,1,8,57320.4,1,8,12003.55,1,8,42061.927,1,8,161.395,1,8,-9900,?,9,-9900,?,9,17.61,E,8,14.99,E,8,84.0,E,8,872.5394,E,8,999.0,E,8,1.11,E,8,-9900,?,9,-9900,?,9,0.0,E,8,-9900,?,9,-9900,?,9,0.0,0.0,E,8
05/19/2010,13:00,986.11,1333.705,358.74,1,8,27.302,1,8,338.559,1,8,43048.8,1,8,2593.666,1,8,37241.451,1,8,145.789,1,8,-9900,?,9,-9900,?,9,18.13,E,8,15.29,E,8,83.0,E,8,872.5394,E,8,999.0,E,8,1.71,E,8,-9900,?,9,-9900,?,9,0.0,E,8,-9900,?,9,-9900,?,9,0.0,0.0,E,8
05/19/2010,14:00,888.0,1333.705,426.59,1,8,147.017,1,8,328.74,1,8,51190.8,1,8,13966.616,1,8,36161.399,1,8,157.221,1,8,-9900,?,9,-9900,?,9,18.73,E,8,15.64,E,8,82.0,E,8,872.5394,E,8,999.0,E,8,1.71,E,8,-9900,?,9,-9900,?,9,0.0,E,8,-9900,?,9,-9900,?,9,0.0,0.0,E,8
05/19/2010,15:00,718.43,1333.705,391.46,1,8,244.778,1,8,259.699,1,8,46975.2,1,8,23253.955,1,8,28566.886,1,8,153.57,1,8,-9900,?,9,-9900,?,9,19.08,E,8,15.83,E,8,81.0,E,8,872.5394,E,8,999.0,E,8,1.01,E,8,-9900,?,9,-9900,?,9,0.0,E,8,-9900,?,9,-9900,?,9,0.0,0.0,E,8
05/19/2010,16:00,489.085,1333.705,100.78,1,8,0.0,1,8,100.78,1,8,12093.6,1,8,0.0,1,8,11085.8,1,8,87.642,1,8,-9900,?,9,-9900,?,9,18.21,E,8,15.34,E,8,83.0,E,8,872.5394,E,8,999.0,E,8,0.72,E,8,-9900,?,9,-9900,?,9,0.0,E,8,-9900,?,9,-9900,?,9,0.0,0.0,E,8
05/19/2010,17:00,216.313,1333.705,83.0,1,8,152.506,1,8,58.519,1,8,9960.0,1,8,14488.085,1,8,6437.039,1,8,116.036,1,8,-9900,?,9,-9900,?,9,17.44,E,8,14.89,E,8,84.0,E,8,872.5394,E,8,999.0,E,8,0.98,E,8,-9900,?,9,-9900,?,9,0.0,E,8,-9900,?,9,-9900,?,9,0.0,0.0,E,8
05/19/2010,18:00,0.0,1333.705,5.22,1,8,0.0,1,8,0.0,1,8,626.4,1,8,0.0,1,8,0.0,1,8,-0.0,1,8,-9900,?,9,-9900,?,9,17.12,E,8,14.7,E,8,85.0,E,8,872.5394,E,8,999.0,E,8,1.33,E,8,-9900,?,9,-9900,?,9,0.0,E,8,-9900,?,9,-9900,?,9,0.0,0.0,E,8
05/19/2010,19:00,0.0,1333.705,0.0,1,8,0.0,1,8,0.0,1,8,0.0,1,8,0.0,1,8,0.0,1,8,-0.0,1,8,-9900,?,9,-9900,?,9,16.8,E,8,14.51,E,8,86.0,E,8,872.5394,E,8,999.0,E,8,0.61,E,8,-9900,?,9,-9900,?,9,0.0,E,8,-9900,?,9,-9900,?,9,0.0,0.0,E,8
05/19/2010,20:00,0.0,1333.705,0.0,1,8,0.0,1,8,0.0,1,8,0.0,1,8,0.0,1,8,0.0,1,8,-0.0,1,8,-9900,?,9,-9900,?,9,16.47,E,8,14.31,E,8,87.0,E,8,872.5394,E,8,999.0,E,8,0.61,E,8,-9900,?,9,-9900,?,9,0.0,E,8,-9900,?,9,-9900,?,9,0.0,0.0,E,8
05/19/2010,21:00,0.0,1333.705,0.0,1,8,0.0,1,8,0.0,1,8,0.0,1,8,0.0,1,8,0.0,1,8,-0.0,1,8,-9900,?,9,-9900,?,9,16.15,E,8,14.11,E,8,87.0,E,8,872.5394,E,8,999.0,E,8,0.61,E,8,-9900,?,9,-9900,?,9,0.0,E,8,-9900,?,9,-9900,?,9,0.0,0.0,E,8
05/19/2010,22:00,0.0,1333.705,0.0,1,8,0.0,1,8,0.0,1,8,0.0,1,8,0.0,1,8,0.0,1,8,-0.0,1,8,-9900,?,9,-9900,?,9,15.83,E,8,13.91,E,8,88.0,E,8,872.5394,E,8,999.0,E,8,0.61,E,8,-9900,?,9,-9900,?,9,0.0,E,8,-9900,?,9,-9900,?,9,0.0,0.0,E,8
05/19/2010,23:00,0.0,1333.705,0.0,1,8,0.0,1,8,0.0,1,8,0.0,1,8,0.0,1,8,0.0,1,8,-0.0,1,8,-9900,?,9,-9900,?,9,15.51,E,8,13.71,E,8,89.0,E,8,872.5394,E,8,999.0,E,8,0.61,E,8,-9900,?,9,-9900,?,9,0.0,E,8,-9900,?,9,-9900,?,9,0.0,0.0,E,8
05/19/2010,24:00,0.0,1333.705,0.0,1,8,0.0,1,8,0.0,1,8,0.0,1,8,0.0,1,8,0.0,1,8,-0.0,1,8,-9900,?,9,-9900,?,9,15.19,E,8,14.23,E,8,94.0,E,8,872.5394,E,8,999.0,E,8,0.43,E,8,-9900,?,9,-9900,?,9,0.003,E,8,-9900,?,9,-9900,?,9,0.03,99.0,E,8
05/20/2010,01:00,0.0,1333.705,0.0,1,8,0.0,1,8,0.0,1,8,0.0,1,8,0.0,1,8,0.0,1,8,-0.0,1,8,-9900,?,9,-9900,?,9,15.02,E,8,14.19,E,8,91.0,E,8,872.5394,E,8,999.0,E,8,0.43,E,8,-9900,?,9,-9900,?,9,0.0,E,8,-9900,?,9,-9900,?,9,0.0,0.0,E,8
05/20/2010,02:00,0.0,1333.705,0.0,1,8,0.0,1,8,0.0,1,8,0.0,1,8,0.0,1,8,0.0,1,8,-0.0,1,8,-9900,?,9,-9900,?,9,14.86,E,8,14.17,E,8,99.0,E,8,872.5394,E,8,999.0,E,8,0.43,E,8,-9900,?,9,-9900,?,9,0.372,E,8,-9900,?,9,-9900,?,9,3.72,99.0,E,8
05/20/2010,03:00,0.0,1333.705,0.0,1,8,0.0,1,8,0.0,1,8,0.0,1,8,0.0,1,8,0.0,1,8,-0.0,1,8,-9900,?,9,-9900,?,9,14.7,E,8,14.14,E,8,96.0,E,8,872.5394,E,8,999.0,E,8,0.43,E,8,-9900,?,9,-9900,?,9,0.001,E,8,-9900,?,9,-9900,?,9,0.01,99.0,E,8
05/20/2010,04:00,0.0,1333.164,0.0,1,8,0.0,1,8,0.0,1,8,0.0,1,8,0.0,1,8,0.0,1,8,-0.0,1,8,-9900,?,9,-9900,?,9,14.54,E,8,14.11,E,8,93.0,E,8,872.5394,E,8,999.0,E,8,0.43,E,8,-9900,?,9,-9900,?,9,0.0,E,8,-9900,?,9,-9900,?,9,0.0,0.0,E,8
05/20/2010,05:00,0.0,1333.164,0.0,1,8,0.0,1,8,0.0,1,8,0.0,1,8,0.0,1,8,0.0,1,8,-0.0,1,8,-9900,?,9,-9900,?,9,14.38,E,8,14.08,E,8,97.0,E,8,872.5394,E,8,999.0,E,8,0.43,E,8,-9900,?,9,-9900,?,9,0.002,E,8,-9900,?,9,-9900,?,9,0.02,99.0,E,8
05/20/2010,06:00,0.0,1333.164,0.0,1,8,0.0,1,8,0.0,1,8,0.0,1,8,0.0,1,8,0.0,1,8,-0.0,1,8,-9900,?,9,-9900,?,9,14.26,E,8,14.05,E,8,98.0,E,8,872.5394,E,8,999.0,E,8,0.43,E,8,-9900,?,9,-9900,?,9,0.016,E,8,-9900,?,9,-9900,?,9,0.16,99.0,E,8
05/20/2010,07:00,68.972,1333.164,0.0,1,8,0.0,1,8,0.0,1,8,0.0,1,8,0.0,1,8,0.0,1,8,0.0,1,8,-9900,?,9,-9900,?,9,14.15,E,8,14.03,E,8,94.0,E,8,872.5394,E,8,999.0,E,8,0.43,E,8,-9900,?,9,-9900,?,9,0.0,E,8,-9900,?,9,-9900,?,9,0.0,0.0,E,8
05/20/2010,08:00,353.726,1333.164,45.49,1,8,0.0,1,8,45.49,1,8,5458.8,1,8,0.0,1,8,5003.9,1,8,54.781,1,8,-9900,?,9,-9900,?,9,14.04,E,8,14.01,E,8,95.0,E,8,872.5394,E,8,999.0,E,8,0.43,E,8,-9900,?,9,-9900,?,9,0.0,E,8,-9900,?,9,-9900,?,9,0.0,0.0,E,8
05/20/2010,09:00,606.845,1333.164,154.65,1,8,5.887,1,8,151.973,1,8,18558.0,1,8,559.22,1,8,16717.085,1,8,106.392,1,8,-9900,?,9,-9900,?,9,16.1,E,8,14.39,E,8,86.0,E,8,872.5394,E,8,999.0,E,8,0.43,E,8,-9900,?,9,-9900,?,9,0.0,E,8,-9900,?,9,-9900,?,9,0.0,0.0,E,8
05/20/2010,10:00,807.857,1333.164,252.77,1,8,34.188,1,8,232.063,1,8,30332.4,1,8,3247.886,1,8,25526.977,1,8,121.962,1,8,-9900,?,9,-9900,?,9,17.14,E,8,14.58,E,8,83.0,E,8,872.5394,E,8,999.0,E,8,0.43,E,8,-9900,?,9,-9900,?,9,0.0,E,8,-9900,?,9,-9900,?,9,0.0,0.0,E,8
05/20/2010,11:00,942.791,1333.164,326.41,1,8,16.864,1,8,314.488,1,8,39169.2,1,8,1602.054,1,8,34593.653,1,8,141.596,1,8,-9900,?,9,-9900,?,9,18.05,E,8,14.75,E,8,79.0,E,8,872.5394,E,8,999.0,E,8,0.59,E,8,-9900,?,9,-9900,?,9,0.0,E,8,-9900,?,9,-9900,?,9,0.0,0.0,E,8
05/20/2010,12:00,1002.388,1333.164,369.25,1,8,20.548,1,8,353.804,1,8,44310.0,1,8,1952.061,1,8,38918.408,1,8,149.816,1,8,-9900,?,9,-9900,?,9,18.76,E,8,14.87,E,8,77.0,E,8,872.5394,E,8,999.0,E,8,0.92,E,8,-9900,?,9,-9900,?,9,0.0,E,8,-9900,?,9,-9900,?,9,0.0,0.0,E,8
05/20/2010,13:00,982.573,1333.164,378.03,1,8,24.754,1,8,359.79,1,8,45363.6,1,8,2351.633,1,8,39576.923,1,8,155.427,1,8,-9900,?,9,-9900,?,9,19.27,E,8,14.96,E,8,75.0,E,8,872.5394,E,8,999.0,E,8,1.61,E,8,-9900,?,9,-9900,?,9,0.0,E,8,-9900,?,9,-9900,?,9,0.0,0.0,E,8
05/20/2010,14:00,884.704,1333.164,352.08,1,8,65.263,1,8,308.787,1,8,42249.6,1,8,6199.967,1,8,33966.563,1,8,148.169,1,8,-9900,?,9,-9900,?,9,19.56,E,8,15.02,E,8,74.0,E,8,872.5394,E,8,999.0,E,8,1.73,E,8,-9900,?,9,-9900,?,9,0.0,E,8,-9900,?,9,-9900,?,9,0.0,0.0,E,8
05/20/2010,15:00,715.493,1333.164,293.36,1,8,85.695,1,8,247.402,1,8,35203.2,1,8,8140.995,1,8,27214.221,1,8,146.841,1,8,-9900,?,9,-9900,?,9,19.62,E,8,15.03,E,8,74.0,E,8,872.5394,E,8,999.0,E,8,1.75,E,8,-9900,?,9,-9900,?,9,0.0,E,8,-9900,?,9,-9900,?,9,0.0,0.0,E,8
05/20/2010,16:00,486.599,1333.164,206.55,1,8,141.692,1,8,154.931,1,8,24786.0,1,8,13460.78,1,8,17042.369,1,8,135.37,1,8,-9900,?,9,-9900,?,9,19.37,E,8,14.98,E,8,79.0,E,8,872.5394,E,8,999.0,E,8,1.84,E,8,-9900,?,9,-9900,?,9,0.007000000000000001,E,8,-9900,?,9,-9900,?,9,0.07,99.0,E,8
05/20/2010,17:00,214.35,1333.164,100.21,1,8,315.67,1,8,49.985,1,8,12025.2,1,8,29988.67,1,8,5498.295,1,8,99.999,1,8,-9900,?,9,-9900,?,9,18.8,E,8,14.88,E,8,77.0,E,8,872.5394,E,8,999.0,E,8,2.1,E,8,-9900,?,9,-9900,?,9,0.0,E,8,-9900,?,9,-9900,?,9,0.0,0.0,E,8
05/20/2010,18:00,0.0,1333.164,4.87,1,8,0.0,1,8,0.0,1,8,584.4,1,8,0.0,1,8,0.0,1,8,-0.0,1,8,-9900,?,9,-9900,?,9,18.34,E,8,14.8,E,8,78.0,E,8,872.5394,E,8,999.0,E,8,1.24,E,8,-9900,?,9,-9900,?,9,0.0,E,8,-9900,?,9,-9900,?,9,0.0,0.0,E,8
05/20/2010,19:00,0.0,1333.164,0.0,1,8,0.0,1,8,0.0,1,8,0.0,1,8,0.0,1,8,0.0,1,8,-0.0,1,8,-9900,?,9,-9900,?,9,17.89,E,8,14.72,E,8,80.0,E,8,872.5394,E,8,999.0,E,8,0.58,E,8,-9900,?,9,-9900,?,9,0.0,E,8,-9900,?,9,-9900,?,9,0.0,0.0,E,8
05/20/2010,20:00,0.0,1333.164,0.0,1,8,0.0,1,8,0.0,1,8,0.0,1,8,0.0,1,8,0.0,1,8,-0.0,1,8,-9900,?,9,-9900,?,9,17.44,E,8,14.64,E,8,81.0,E,8,872.5394,E,8,999.0,E,8,0.43,E,8,-9900,?,9,-9900,?,9,0.0,E,8,-9900,?,9,-9900,?,9,0.0,0.0,E,8
05/20/2010,21:00,0.0,1333.164,0.0,1,8,0.0,1,8,0.0,1,8,0.0,1,8,0.0,1,8,0.0,1,8,-0.0,1,8,-9900,?,9,-9900,?,9,16.99,E,8,14.56,E,8,83.0,E,8,872.5394,E,8,999.0,E,8,0.43,E,8,-9900,?,9,-9900,?,9,0.0,E,8,-9900,?,9,-9900,?,9,0.0,0.0,E,8
05/20/2010,22:00,0.0,1333.164,0.0,1,8,0.0,1,8,0.0,1,8,0.0,1,8,0.0,1,8,0.0,1,8,-0.0,1,8,-9900,?,9,-9900,?,9,16.53,E,8,14.47,E,8,85.0,E,8,872.5394,E,8,999.0,E,8,0.48,E,8,-9900,?,9,-9900,?,9,0.0,E,8,-9900,?,9,-9900,?,9,0.0,0.0,E,8
05/20/2010,23:00,0.0,1333.164,0.0,1,8,0.0,1,8,0.0,1,8,0.0,1,8,0.0,1,8,0.0,1,8,-0.0,1,8,-9900,?,9,-9900,?,9,16.08,E,8,14.39,E,8,86.0,E,8,872.5394,E,8,999.0,E,8,0.43,E,8,-9900,?,9,-9900,?,9,0.0,E,8,-9900,?,9,-9900,?,9,0.0,0.0,E,8
05/20/2010,24:00,0.0,1333.164,0.0,1,8,0.0,1,8,0.0,1,8,0.0,1,8,0.0,1,8,0.0,1,8,-0.0,1,8,-9900,?,9,-9900,?,9,15.63,E,8,14.41,E,8,92.0,E,8,872.5394,E,8,999.0,E,8,0.3,E,8,-9900,?,9,-9900,?,9,0.0,E,8,-9900,?,9,-9900,?,9,0.0,0.0,E,8
05/21/2010,01:00,0.0,1333.164,0.0,1,8,0.0,1,8,0.0,1,8,0.0,1,8,0.0,1,8,0.0,1,8,-0.0,1,8,-9900,?,9,-9900,?,9,15.4,E,8,14.35,E,8,93.0,E,8,872.5394,E,8,999.0,E,8,0.47,E,8,-9900,?,9,-9900,?,9,0.0,E,8,-9900,?,9,-9900,?,9,0.0,0.0,E,8
05/21/2010,02:00,0.0,1333.164,0.0,1,8,0.0,1,8,0.0,1,8,0.0,1,8,0.0,1,8,0.0,1,8,-0.0,1,8,-9900,?,9,-9900,?,9,15.18,E,8,14.29,E,8,94.0,E,8,872.5394,E,8,999.0,E,8,0.27,E,8,-9900,?,9,-9900,?,9,0.0,E,8,-9900,?,9,-9900,?,9,0.0,0.0,E,8
05/21/2010,03:00,0.0,1333.164,0.0,1,8,0.0,1,8,0.0,1,8,0.0,1,8,0.0,1,8,0.0,1,8,-0.0,1,8,-9900,?,9,-9900,?,9,14.95,E,8,14.23,E,8,95.0,E,8,872.5394,E,8,999.0,E,8,0.54,E,8,-9900,?,9,-9900,?,9,0.0,E,8,-9900,?,9,-9900,?,9,0.0,0.0,E,8
05/21/2010,04:00,0.0,1332.633,0.0,1,8,0.0,1,8,0.0,1,8,0.0,1,8,0.0,1,8,0.0,1,8,-0.0,1,8,-9900,?,9,-9900,?,9,14.72,E,8,14.17,E,8,96.0,E,8,872.5394,E,8,999.0,E,8,0.3,E,8,-9900,?,9,-9900,?,9,0.0,E,8,-9900,?,9,-9900,?,9,0.0,0.0,E,8
05/21/2010,05:00,0.0,1332.633,0.0,1,8,0.0,1,8,0.0,1,8,0.0,1,8,0.0,1,8,0.0,1,8,-0.0,1,8,-9900,?,9,-9900,?,9,14.5,E,8,14.12,E,8,97.0,E,8,872.5394,E,8,999.0,E,8,0.35,E,8,-9900,?,9,-9900,?,9,0.0,E,8,-9900,?,9,-9900,?,9,0.0,0.0,E,8
05/21/2010,06:00,0.0,1332.633,0.0,1,8,0.0,1,8,0.0,1,8,0.0,1,8,0.0,1,8,0.0,1,8,-0.0,1,8,-9900,?,9,-9900,?,9,14.32,E,8,14.07,E,8,98.0,E,8,872.5394,E,8,999.0,E,8,0.36,E,8,-9900,?,9,-9900,?,9,0.0,E,8,-9900,?,9,-9900,?,9,0.0,0.0,E,8
05/21/2010,07:00,66.834,1332.633,0.0,1,8,0.0,1,8,0.0,1,8,0.0,1,8,0.0,1,8,0.0,1,8,0.0,1,8,-9900,?,9,-9900,?,9,14.17,E,8,14.03,E,8,99.0,E,8,872.5394,E,8,999.0,E,8,0.48,E,8,-9900,?,9,-9900,?,9,0.0,E,8,-9900,?,9,-9900,?,9,0.0,0.0,E,8
05/21/2010,08:00,351.018,1332.633,47.81,1,8,0.0,1,8,47.81,1,8,5737.2,1,8,0.0,1,8,5259.1,1,8,57.999,1,8,-9900,?,9,-9900,?,9,14.02,E,8,13.99,E,8,99.0,E,8,872.5394,E,8,999.0,E,8,0.5,E,8,-9900,?,9,-9900,?,9,0.0,E,8,-9900,?,9,-9900,?,9,0.0,0.0,E,8
05/21/2010,09:00,603.742,1332.633,394.11,1,8,332.656,1,8,243.572,1,8,47293.2,1,8,31602.334,1,8,26792.961,1,8,171.328,1,8,-9900,?,9,-9900,?,9,17.58,E,8,14.89,E,8,84.0,E,8,872.5394,E,8,999.0,E,8,0.93,E,8,-9900,?,9,-9900,?,9,0.0,E,8,-9900,?,9,-9900,?,9,0.0,0.0,E,8
05/21/2010,10:00,804.47,1332.633,385.24,1,8,146.601,1,8,296.787,1,8,46228.8,1,8,13927.096,1,8,32646.54,1,8,156.573,1,8,-9900,?,9,-9900,?,9,18.47,E,8,15.11,E,8,80.0,E,8,872.5394,E,8,999.0,E,8,1.58,E,8,-9900,?,9,-9900,?,9,0.0,E,8,-9900,?,9,-9900,?,9,0.0,0.0,E,8
05/21/2010,11:00,939.247,1332.633,363.54,1,8,81.996,1,8,305.766,1,8,43624.8,1,8,7789.652,1,8,33634.231,1,8,138.133,1,8,-9900,?,9,-9900,?,9,18.82,E,8,15.2,E,8,79.0,E,8,872.5394,E,8,999.0,E,8,1.78,E,8,-9900,?,9,-9900,?,9,0.0,E,8,-9900,?,9,-9900,?,9,0.0,0.0,E,8
05/21/2010,12:00,998.824,1332.633,160.18,1,8,7.683,1,8,154.423,1,8,19221.6,1,8,729.918,1,8,16986.482,1,8,65.597,1,8,-9900,?,9,-9900,?,9,18.07,E,8,15.01,E,8,82.0,E,8,872.5394,E,8,999.0,E,8,2.32,E,8,-9900,?,9,-9900,?,9,0.0,E,8,-9900,?,9,-9900,?,9,0.0,0.0,E,8
05/21/2010,13:00,979.127,1332.633,384.18,1,8,83.739,1,8,322.67,1,8,46101.6,1,8,7955.164,1,8,35493.707,1,8,139.826,1,8,-9900,?,9,-9900,?,9,18.59,E,8,15.14,E,8,80.0,E,8,872.5394,E,8,999.0,E,8,2.9,E,8,-9900,?,9,-9900,?,9,0.0,E,8,-9900,?,9,-9900,?,9,0.0,0.0,E,8
05/21/2010,14:00,881.507,1332.633,110.6,1,8,0.0,1,8,110.6,1,8,13272.0,1,8,0.0,1,8,12166.0,1,8,53.242,1,8,-9900,?,9,-9900,?,9,17.89,E,8,14.97,E,8,83.0,E,8,872.5394,E,8,999.0,E,8,3.43,E,8,-9900,?,9,-9900,?,9,0.0,E,8,-9900,?,9,-9900,?,9,0.0,0.0,E,8
05/21/2010,15:00,712.658,1332.633,298.0,1,8,96.951,1,8,246.191,1,8,35760.0,1,8,9210.349,1,8,27081.007,1,8,146.646,1,8,-9900,?,9,-9900,?,9,18.01,E,8,15.0,E,8,82.0,E,8,872.5394,E,8,999.0,E,8,3.53,E,8,-9900,?,9,-9900,?,9,0.0,E,8,-9900,?,9,-9900,?,9,0.0,0.0,E,8
05/21/2010,16:00,484.216,1332.633,209.6,1,8,148.087,1,8,155.895,1,8,25152.0,1,8,14068.263,1,8,17148.44,1,8,136.831,1,8,-9900,?,9,-9900,?,9,17.83,E,8,14.96,E,8,83.0,E,8,872.5394,E,8,999.0,E,8,2.51,E,8,-9900,?,9,-9900,?,9,0.0,E,8,-9900,?,9,-9900,?,9,0.0,0.0,E,8
05/21/2010,17:00,212.487,1332.633,171.12,1,8,381.658,1,8,110.91,1,8,20534.4,1,8,36257.552,1,8,12200.06,1,8,223.781,1,8,-9900,?,9,-9900,?,9,17.58,E,8,14.89,E,8,84.0,E,8,872.5394,E,8,999.0,E,8,2.07,E,8,-9900,?,9,-9900,?,9,0.0,E,8,-9900,?,9,-9900,?,9,0.0,0.0,E,8
05/21/2010,18:00,0.0,1332.633,4.71,1,8,0.0,1,8,0.0,1,8,565.2,1,8,0.0,1,8,0.0,1,8,-0.0,1,8,-9900,?,9,-9900,?,9,17.1,E,8,14.78,E,8,86.0,E,8,872.5394,E,8,999.0,E,8,1.27,E,8,-9900,?,9,-9900,?,9,0.0,E,8,-9900,?,9,-9900,?,9,0.0,0.0,E,8
05/21/2010,19:00,0.0,1332.633,0.0,1,8,0.0,1,8,0.0,1,8,0.0,1,8,0.0,1,8,0.0,1,8,-0.0,1,8,-9900,?,9,-9900,?,9,16.61,E,8,14.65,E,8,88.0,E,8,872.5394,E,8,999.0,E,8,0.63,E,8,-9900,?,9,-9900,?,9,0.0,E,8,-9900,?,9,-9900,?,9,0.0,0.0,E,8
05/21/2010,20:00,0.0,1332.633,0.0,1,8,0.0,1,8,0.0,1,8,0.0,1,8,0.0,1,8,0.0,1,8,-0.0,1,8,-9900,?,9,-9900,?,9,16.13,E,8,14.53,E,8,90.0,E,8,872.5394,E,8,999.0,E,8,0.43,E,8,-9900,?,9,-9900,?,9,0.0,E,8,-9900,?,9,-9900,?,9,0.0,0.0,E,8
05/21/2010,21:00,0.0,1332.633,0.0,1,8,0.0,1,8,0.0,1,8,0.0,1,8,0.0,1,8,0.0,1,8,-0.0,1,8,-9900,?,9,-9900,?,9,15.64,E,8,14.41,E,8,92.0,E,8,872.5394,E,8,999.0,E,8,0.21,E,8,-9900,?,9,-9900,?,9,0.0,E,8,-9900,?,9,-9900,?,9,0.0,0.0,E,8
05/21/2010,22:00,0.0,1332.633,0.0,1,8,0.0,1,8,0.0,1,8,0.0,1,8,0.0,1,8,0.0,1,8,-0.0,1,8,-9900,?,9,-9900,?,9,15.16,E,8,14.29,E,8,94.0,E,8,872.5394,E,8,999.0,E,8,0.22,E,8,-9900,?,9,-9900,?,9,0.0,E,8,-9900,?,9,-9900,?,9,0.0,0.0,E,8
05/21/2010,23:00,0.0,1332.633,0.0,1,8,0.0,1,8,0.0,1,8,0.0,1,8,0.0,1,8,0.0,1,8,-0.0,1,8,-9900,?,9,-9900,?,9,14.68,E,8,14.16,E,8,96.0,E,8,872.5394,E,8,999.0,E,8,0.21,E,8,-9900,?,9,-9900,?,9,0.0,E,8,-9900,?,9,-9900,?,9,0.0,0.0,E,8
05/21/2010,24:00,0.0,1332.633,0.0,1,8,0.0,1,8,0.0,1,8,0.0,1,8,0.0,1,8,0.0,1,8,-0.0,1,8,-9900,?,9,-9900,?,9,14.19,E,8,12.72,E,8,90.0,E,8,872.5394,E,8,999.0,E,8,0.61,E,8,-9900,?,9,-9900,?,9,0.0,E,8,-9900,?,9,-9900,?,9,0.0,0.0,E,8
05/22/2010,01:00,0.0,1332.633,0.0,1,8,0.0,1,8,0.0,1,8,0.0,1,8,0.0,1,8,0.0,1,8,-0.0,1,8,-9900,?,9,-9900,?,9,13.95,E,8,12.68,E,8,92.0,E,8,872.5394,E,8,999.0,E,8,0.61,E,8,-9900,?,9,-9900,?,9,0.0,E,8,-9900,?,9,-9900,?,9,0.0,0.0,E,8
05/22/2010,02:00,0.0,1332.633,0.0,1,8,0.0,1,8,0.0,1,8,0.0,1,8,0.0,1,8,0.0,1,8,-0.0,1,8,-9900,?,9,-9900,?,9,13.71,E,8,12.64,E,8,93.0,E,8,872.5394,E,8,999.0,E,8,0.61,E,8,-9900,?,9,-9900,?,9,0.0,E,8,-9900,?,9,-9900,?,9,0.0,0.0,E,8
05/22/2010,03:00,0.0,1332.633,0.0,1,8,0.0,1,8,0.0,1,8,0.0,1,8,0.0,1,8,0.0,1,8,-0.0,1,8,-9900,?,9,-9900,?,9,13.46,E,8,12.6,E,8,94.0,E,8,872.5394,E,8,999.0,E,8,0.61,E,8,-9900,?,9,-9900,?,9,0.0,E,8,-9900,?,9,-9900,?,9,0.0,0.0,E,8
05/22/2010,04:00,0.0,1332.112,0.0,1,8,0.0,1,8,0.0,1,8,0.0,1,8,0.0,1,8,0.0,1,8,-0.0,1,8,-9900,?,9,-9900,?,9,13.22,E,8,12.56,E,8,95.0,E,8,872.5394,E,8,999.0,E,8,0.61,E,8,-9900,?,9,-9900,?,9,0.0,E,8,-9900,?,9,-9900,?,9,0.0,0.0,E,8
05/22/2010,05:00,0.0,1332.112,0.0,1,8,0.0,1,8,0.0,1,8,0.0,1,8,0.0,1,8,0.0,1,8,-0.0,1,8,-9900,?,9,-9900,?,9,12.98,E,8,12.53,E,8,97.0,E,8,872.5394,E,8,999.0,E,8,0.61,E,8,-9900,?,9,-9900,?,9,0.0,E,8,-9900,?,9,-9900,?,9,0.0,0.0,E,8
05/22/2010,06:00,0.0,1332.112,0.0,1,8,0.0,1,8,0.0,1,8,0.0,1,8,0.0,1,8,0.0,1,8,-0.0,1,8,-9900,?,9,-9900,?,9,12.79,E,8,12.5,E,8,98.0,E,8,872.5394,E,8,999.0,E,8,0.61,E,8,-9900,?,9,-9900,?,9,0.0,E,8,-9900,?,9,-9900,?,9,0.0,0.0,E,8
05/22/2010,07:00,64.712,1332.112,0.0,1,8,0.0,1,8,0.0,1,8,0.0,1,8,0.0,1,8,0.0,1,8,0.0,1,8,-9900,?,9,-9900,?,9,12.63,E,8,12.47,E,8,98.0,E,8,872.5394,E,8,999.0,E,8,0.61,E,8,-9900,?,9,-9900,?,9,0.0,E,8,-9900,?,9,-9900,?,9,0.0,0.0,E,8
05/22/2010,08:00,348.337,1332.112,62.7,1,8,0.0,1,8,62.7,1,8,7524.0,1,8,0.0,1,8,6897.0,1,8,76.623,1,8,-9900,?,9,-9900,?,9,12.47,E,8,12.44,E,8,99.0,E,8,872.5394,E,8,999.0,E,8,0.61,E,8,-9900,?,9,-9900,?,9,0.0,E,8,-9900,?,9,-9900,?,9,0.0,0.0,E,8
05/22/2010,09:00,600.68,1332.112,218.43,1,8,45.546,1,8,197.916,1,8,26211.6,1,8,4326.862,1,8,21770.737,1,8,139.87,1,8,-9900,?,9,-9900,?,9,15.22,E,8,12.88,E,8,85.0,E,8,872.5394,E,8,999.0,E,8,0.61,E,8,-9900,?,9,-9900,?,9,0.0,E,8,-9900,?,9,-9900,?,9,0.0,0.0,E,8
05/22/2010,10:00,801.139,1332.112,358.83,1,8,107.018,1,8,294.502,1,8,43059.6,1,8,10166.698,1,8,32395.247,1,8,155.954,1,8,-9900,?,9,-9900,?,9,16.65,E,8,13.11,E,8,79.0,E,8,872.5394,E,8,999.0,E,8,0.61,E,8,-9900,?,9,-9900,?,9,0.0,E,8,-9900,?,9,-9900,?,9,0.0,0.0,E,8
05/22/2010,11:00,935.773,1332.112,464.27,1,8,151.018,1,8,358.216,1,8,55712.4,1,8,14346.713,1,8,39403.744,1,8,162.366,1,8,-9900,?,9,-9900,?,9,17.87,E,8,13.3,E,8,74.0,E,8,872.5394,E,8,999.0,E,8,0.8,E,8,-9900,?,9,-9900,?,9,0.0,E,8,-9900,?,9,-9900,?,9,0.0,0.0,E,8
05/22/2010,12:00,995.343,1332.112,525.69,1,8,183.533,1,8,388.587,1,8,63082.8,1,8,17435.658,1,8,42744.606,1,8,165.58,1,8,-9900,?,9,-9900,?,9,18.85,E,8,13.45,E,8,70.0,E,8,872.5394,E,8,999.0,E,8,0.99,E,8,-9900,?,9,-9900,?,9,0.0,E,8,-9900,?,9,-9900,?,9,0.0,0.0,E,8
05/22/2010,13:00,975.775,1332.112,538.36,1,8,255.77,1,8,351.055,1,8,64603.2,1,8,24298.144,1,8,38616.105,1,8,152.59,1,8,-9900,?,9,-9900,?,9,19.54,E,8,13.55,E,8,68.0,E,8,872.5394,E,8,999.0,E,8,1.29,E,8,-9900,?,9,-9900,?,9,0.0,E,8,-9900,?,9,-9900,?,9,0.0,0.0,E,8
05/22/2010,14:00,878.411,1332.112,501.34,1,8,313.998,1,8,294.365,1,8,60160.8,1,8,29829.813,1,8,32380.127,1,8,142.149,1,8,-9900,?,9,-9900,?,9,19.93,E,8,13.61,E,8,66.0,E,8,872.5394,E,8,999.0,E,8,1.62,E,8,-9900,?,9,-9900,?,9,0.0,E,8,-9900,?,9,-9900,?,9,0.0,0.0,E,8
05/22/2010,15:00,709.927,1332.112,417.42,1,8,408.719,1,8,199.761,1,8,50090.4,1,8,38828.26,1,8,21973.698,1,8,119.401,1,8,-9900,?,9,-9900,?,9,20.02,E,8,13.63,E,8,66.0,E,8,872.5394,E,8,999.0,E,8,2.08,E,8,-9900,?,9,-9900,?,9,0.0,E,8,-9900,?,9,-9900,?,9,0.0,0.0,E,8
05/22/2010,16:00,481.937,1332.112,293.31,1,8,443.394,1,8,133.207,1,8,35197.2,1,8,42122.383,1,8,14652.726,1,8,117.426,1,8,-9900,?,9,-9900,?,9,19.68,E,8,13.58,E,8,67.0,E,8,872.5394,E,8,999.0,E,8,0.96,E,8,-9900,?,9,-9900,?,9,0.0,E,8,-9900,?,9,-9900,?,9,0.0,0.0,E,8
05/22/2010,17:00,210.722,1332.112,141.36,1,8,417.695,1,8,75.997,1,8,16963.2,1,8,39681.056,1,8,8359.674,1,8,154.588,1,8,-9900,?,9,-9900,?,9,18.9,E,8,13.46,E,8,70.0,E,8,872.5394,E,8,999.0,E,8,0.74,E,8,-9900,?,9,-9900,?,9,0.0,E,8,-9900,?,9,-9900,?,9,0.0,0.0,E,8
05/22/2010,18:00,0.0,1332.112,6.3,1,8,0.0,1,8,0.0,1,8,756.0,1,8,0.0,1,8,0.0,1,8,-0.0,1,8,-9900,?,9,-9900,?,9,18.22,E,8,13.35,E,8,73.0,E,8,872.5394,E,8,999.0,E,8,0.61,E,8,-9900,?,9,-9900,?,9,0.0,E,8,-9900,?,9,-9900,?,9,0.0,0.0,E,8
05/22/2010,19:00,0.0,1332.112,0.0,1,8,0.0,1,8,0.0,1,8,0.0,1,8,0.0,1,8,0.0,1,8,-0.0,1,8,-9900,?,9,-9900,?,9,17.55,E,8,13.25,E,8,75.0,E,8,872.5394,E,8,999.0,E,8,0.61,E,8,-9900,?,9,-9900,?,9,0.0,E,8,-9900,?,9,-9900,?,9,0.0,0.0,E,8
05/22/2010,20:00,0.0,1332.112,0.0,1,8,0.0,1,8,0.0,1,8,0.0,1,8,0.0,1,8,0.0,1,8,-0.0,1,8,-9900,?,9,-9900,?,9,16.87,E,8,13.14,E,8,78.0,E,8,872.5394,E,8,999.0,E,8,0.61,E,8,-9900,?,9,-9900,?,9,0.0,E,8,-9900,?,9,-9900,?,9,0.0,0.0,E,8
05/22/2010,21:00,0.0,1332.112,0.0,1,8,0.0,1,8,0.0,1,8,0.0,1,8,0.0,1,8,0.0,1,8,-0.0,1,8,-9900,?,9,-9900,?,9,16.19,E,8,13.04,E,8,81.0,E,8,872.5394,E,8,999.0,E,8,0.61,E,8,-9900,?,9,-9900,?,9,0.0,E,8,-9900,?,9,-9900,?,9,0.0,0.0,E,8
05/22/2010,22:00,0.0,1332.112,0.0,1,8,0.0,1,8,0.0,1,8,0.0,1,8,0.0,1,8,0.0,1,8,-0.0,1,8,-9900,?,9,-9900,?,9,15.52,E,8,12.93,E,8,84.0,E,8,872.5394,E,8,999.0,E,8,0.61,E,8,-9900,?,9,-9900,?,9,0.0,E,8,-9900,?,9,-9900,?,9,0.0,0.0,E,8
05/22/2010,23:00,0.0,1332.112,0.0,1,8,0.0,1,8,0.0,1,8,0.0,1,8,0.0,1,8,0.0,1,8,-0.0,1,8,-9900,?,9,-9900,?,9,14.84,E,8,12.82,E,8,87.0,E,8,872.5394,E,8,999.0,E,8,0.61,E,8,-9900,?,9,-9900,?,9,0.0,E,8,-9900,?,9,-9900,?,9,0.0,0.0,E,8
05/22/2010,24:00,0.0,1332.112,0.0,1,8,0.0,1,8,0.0,1,8,0.0,1,8,0.0,1,8,0.0,1,8,-0.0,1,8,-9900,?,9,-9900,?,9,14.16,E,8,11.53,E,8,84.0,E,8,872.5394,E,8,999.0,E,8,0.39,E,8,-9900,?,9,-9900,?,9,0.0,E,8,-9900,?,9,-9900,?,9,0.0,0.0,E,8
05/23/2010,01:00,0.0,1332.112,0.0,1,8,0.0,1,8,0.0,1,8,0.0,1,8,0.0,1,8,0.0,1,8,-0.0,1,8,-9900,?,9,-9900,?,9,13.82,E,8,11.49,E,8,85.0,E,8,872.5394,E,8,999.0,E,8,0.39,E,8,-9900,?,9,-9900,?,9,0.0,E,8,-9900,?,9,-9900,?,9,0.0,0.0,E,8
05/23/2010,02:00,0.0,1332.112,0.0,1,8,0.0,1,8,0.0,1,8,0.0,1,8,0.0,1,8,0.0,1,8,-0.0,1,8,-9900,?,9,-9900,?,9,13.49,E,8,11.44,E,8,87.0,E,8,872.5394,E,8,999.0,E,8,0.39,E,8,-9900,?,9,-9900,?,9,0.0,E,8,-9900,?,9,-9900,?,9,0.0,0.0,E,8
05/23/2010,03:00,0.0,1332.112,0.0,1,8,0.0,1,8,0.0,1,8,0.0,1,8,0.0,1,8,0.0,1,8,-0.0,1,8,-9900,?,9,-9900,?,9,13.15,E,8,11.4,E,8,89.0,E,8,872.5394,E,8,999.0,E,8,0.39,E,8,-9900,?,9,-9900,?,9,0.0,E,8,-9900,?,9,-9900,?,9,0.0,0.0,E,8
05/23/2010,04:00,0.0,1331.601,0.0,1,8,0.0,1,8,0.0,1,8,0.0,1,8,0.0,1,8,0.0,1,8,-0.0,1,8,-9900,?,9,-9900,?,9,12.81,E,8,11.35,E,8,90.0,E,8,872.5394,E,8,999.0,E,8,0.39,E,8,-9900,?,9,-9900,?,9,0.0,E,8,-9900,?,9,-9900,?,9,0.0,0.0,E,8
05/23/2010,05:00,0.0,1331.601,0.0,1,8,0.0,1,8,0.0,1,8,0.0,1,8,0.0,1,8,0.0,1,8,-0.0,1,8,-9900,?,9,-9900,?,9,12.47,E,8,11.31,E,8,92.0,E,8,872.5394,E,8,999.0,E,8,0.39,E,8,-9900,?,9,-9900,?,9,0.0,E,8,-9900,?,9,-9900,?,9,0.0,0.0,E,8
05/23/2010,06:00,0.0,1331.601,0.0,1,8,0.0,1,8,0.0,1,8,0.0,1,8,0.0,1,8,0.0,1,8,-0.0,1,8,-9900,?,9,-9900,?,9,12.21,E,8,11.27,E,8,93.0,E,8,872.5394,E,8,999.0,E,8,0.39,E,8,-9900,?,9,-9900,?,9,0.0,E,8,-9900,?,9,-9900,?,9,0.0,0.0,E,8
05/23/2010,07:00,62.608,1331.601,0.0,1,8,0.0,1,8,0.0,1,8,0.0,1,8,0.0,1,8,0.0,1,8,0.0,1,8,-9900,?,9,-9900,?,9,11.99,E,8,11.24,E,8,95.0,E,8,872.5394,E,8,999.0,E,8,0.39,E,8,-9900,?,9,-9900,?,9,0.0,E,8,-9900,?,9,-9900,?,9,0.0,0.0,E,8
05/23/2010,08:00,345.683,1331.601,64.14,1,8,0.0,1,8,64.14,1,8,7696.8,1,8,0.0,1,8,7055.4,1,8,78.959,1,8,-9900,?,9,-9900,?,9,11.76,E,8,11.21,E,8,96.0,E,8,872.5394,E,8,999.0,E,8,0.39,E,8,-9900,?,9,-9900,?,9,0.0,E,8,-9900,?,9,-9900,?,9,0.0,0.0,E,8
05/23/2010,09:00,597.661,1331.601,226.23,1,8,75.397,1,8,192.429,1,8,27147.6,1,8,7162.754,1,8,21167.15,1,8,136.629,1,8,-9900,?,9,-9900,?,9,14.82,E,8,11.62,E,8,81.0,E,8,872.5394,E,8,999.0,E,8,0.39,E,8,-9900,?,9,-9900,?,9,0.0,E,8,-9900,?,9,-9900,?,9,0.0,0.0,E,8
05/23/2010,10:00,797.865,1331.601,372.6,1,8,126.674,1,8,296.739,1,8,44712.0,1,8,12034.045,1,8,32641.338,1,8,157.724,1,8,-9900,?,9,-9900,?,9,16.41,E,8,11.82,E,8,74.0,E,8,872.5394,E,8,999.0,E,8,0.39,E,8,-9900,?,9,-9900,?,9,0.0,E,8,-9900,?,9,-9900,?,9,0.0,0.0,E,8
05/23/2010,11:00,932.371,1331.601,482.57,1,8,167.186,1,8,365.544,1,8,57908.4,1,8,15882.667,1,8,40209.849,1,8,166.229,1,8,-9900,?,9,-9900,?,9,17.79,E,8,12.0,E,8,68.0,E,8,872.5394,E,8,999.0,E,8,0.72,E,8,-9900,?,9,-9900,?,9,0.0,E,8,-9900,?,9,-9900,?,9,0.0,0.0,E,8
05/23/2010,12:00,991.947,1331.601,546.66,1,8,216.851,1,8,385.16,1,8,65599.2,1,8,20600.829,1,8,42367.572,1,8,164.619,1,8,-9900,?,9,-9900,?,9,18.88,E,8,12.14,E,8,64.0,E,8,872.5394,E,8,999.0,E,8,1.1,E,8,-9900,?,9,-9900,?,9,0.0,E,8,-9900,?,9,-9900,?,9,0.0,0.0,E,8
05/23/2010,13:00,972.518,1331.601,559.94,1,8,301.341,1,8,339.916,1,8,67192.8,1,8,28627.364,1,8,37390.784,1,8,148.187,1,8,-9900,?,9,-9900,?,9,19.66,E,8,12.24,E,8,62.0,E,8,872.5394,E,8,999.0,E,8,2.27,E,8,-9900,?,9,-9900,?,9,0.0,E,8,-9900,?,9,-9900,?,9,0.0,0.0,E,8
05/23/2010,14:00,875.417,1331.601,521.42,1,8,367.834,1,8,279.693,1,8,62570.4,1,8,34944.229,1,8,30766.228,1,8,135.475,1,8,-9900,?,9,-9900,?,9,20.1,E,8,12.29,E,8,60.0,E,8,872.5394,E,8,999.0,E,8,2.4,E,8,-9900,?,9,-9900,?,9,0.0,E,8,-9900,?,9,-9900,?,9,0.0,0.0,E,8
05/23/2010,15:00,707.302,1331.601,434.0,1,8,483.056,1,8,177.608,1,8,52080.0,1,8,45890.327,1,8,19536.864,1,8,106.514,1,8,-9900,?,9,-9900,?,9,20.2,E,8,12.3,E,8,60.0,E,8,872.5394,E,8,999.0,E,8,2.53,E,8,-9900,?,9,-9900,?,9,0.0,E,8,-9900,?,9,-9900,?,9,0.0,0.0,E,8
05/23/2010,16:00,479.762,1331.601,304.68,1,8,492.331,1,8,127.643,1,8,36561.6,1,8,46771.47,1,8,14040.774,1,8,112.991,1,8,-9900,?,9,-9900,?,9,19.82,E,8,12.26,E,8,61.0,E,8,872.5394,E,8,999.0,E,8,2.07,E,8,-9900,?,9,-9900,?,9,0.0,E,8,-9900,?,9,-9900,?,9,0.0,0.0,E,8
05/23/2010,17:00,209.057,1331.601,146.38,1,8,410.027,1,8,82.71,1,8,17565.6,1,8,38952.576,1,8,9098.093,1,8,169.545,1,8,-9900,?,9,-9900,?,9,18.94,E,8,12.15,E,8,64.0,E,8,872.5394,E,8,999.0,E,8,1.09,E,8,-9900,?,9,-9900,?,9,0.0,E,8,-9900,?,9,-9900,?,9,0.0,0.0,E,8
05/23/2010,18:00,0.0,1331.601,6.26,1,8,0.0,1,8,0.0,1,8,751.2,1,8,0.0,1,8,0.0,1,8,-0.0,1,8,-9900,?,9,-9900,?,9,18.2,E,8,12.05,E,8,67.0,E,8,872.5394,E,8,999.0,E,8,0.43,E,8,-9900,?,9,-9900,?,9,0.0,E,8,-9900,?,9,-9900,?,9,0.0,0.0,E,8
05/23/2010,19:00,0.0,1331.601,0.0,1,8,0.0,1,8,0.0,1,8,0.0,1,8,0.0,1,8,0.0,1,8,-0.0,1,8,-9900,?,9,-9900,?,9,17.46,E,8,11.96,E,8,70.0,E,8,872.5394,E,8,999.0,E,8,0.39,E,8,-9900,?,9,-9900,?,9,0.0,E,8,-9900,?,9,-9900,?,9,0.0,0.0,E,8
05/23/2010,20:00,0.0,1331.601,0.0,1,8,0.0,1,8,0.0,1,8,0.0,1,8,0.0,1,8,0.0,1,8,-0.0,1,8,-9900,?,9,-9900,?,9,16.71,E,8,11.86,E,8,73.0,E,8,872.5394,E,8,999.0,E,8,0.39,E,8,-9900,?,9,-9900,?,9,0.0,E,8,-9900,?,9,-9900,?,9,0.0,0.0,E,8
05/23/2010,21:00,0.0,1331.601,0.0,1,8,0.0,1,8,0.0,1,8,0.0,1,8,0.0,1,8,0.0,1,8,-0.0,1,8,-9900,?,9,-9900,?,9,15.97,E,8,11.77,E,8,76.0,E,8,872.5394,E,8,999.0,E,8,0.39,E,8,-9900,?,9,-9900,?,9,0.0,E,8,-9900,?,9,-9900,?,9,0.0,0.0,E,8
05/23/2010,22:00,0.0,1331.601,0.0,1,8,0.0,1,8,0.0,1,8,0.0,1,8,0.0,1,8,0.0,1,8,-0.0,1,8,-9900,?,9,-9900,?,9,15.22,E,8,11.67,E,8,79.0,E,8,872.5394,E,8,999.0,E,8,0.39,E,8,-9900,?,9,-9900,?,9,0.0,E,8,-9900,?,9,-9900,?,9,0.0,0.0,E,8
05/23/2010,23:00,0.0,1331.601,0.0,1,8,0.0,1,8,0.0,1,8,0.0,1,8,0.0,1,8,0.0,1,8,-0.0,1,8,-9900,?,9,-9900,?,9,14.48,E,8,11.57,E,8,82.0,E,8,872.5394,E,8,999.0,E,8,0.39,E,8,-9900,?,9,-9900,?,9,0.0,E,8,-9900,?,9,-9900,?,9,0.0,0.0,E,8
05/23/2010,24:00,0.0,1331.601,0.0,1,8,0.0,1,8,0.0,1,8,0.0,1,8,0.0,1,8,0.0,1,8,-0.0,1,8,-9900,?,9,-9900,?,9,13.74,E,8,10.47,E,8,80.0,E,8,872.5394,E,8,999.0,E,8,0.47,E,8,-9900,?,9,-9900,?,9,0.0,E,8,-9900,?,9,-9900,?,9,0.0,0.0,E,8
05/24/2010,01:00,0.0,1331.601,0.0,1,8,0.0,1,8,0.0,1,8,0.0,1,8,0.0,1,8,0.0,1,8,-0.0,1,8,-9900,?,9,-9900,?,9,13.36,E,8,10.36,E,8,82.0,E,8,872.5394,E,8,999.0,E,8,0.47,E,8,-9900,?,9,-9900,?,9,0.0,E,8,-9900,?,9,-9900,?,9,0.0,0.0,E,8
05/24/2010,02:00,0.0,1331.601,0.0,1,8,0.0,1,8,0.0,1,8,0.0,1,8,0.0,1,8,0.0,1,8,-0.0,1,8,-9900,?,9,-9900,?,9,12.99,E,8,10.24,E,8,83.0,E,8,872.5394,E,8,999.0,E,8,0.47,E,8,-9900,?,9,-9900,?,9,0.0,E,8,-9900,?,9,-9900,?,9,0.0,0.0,E,8
05/24/2010,03:00,0.0,1331.601,0.0,1,8,0.0,1,8,0.0,1,8,0.0,1,8,0.0,1,8,0.0,1,8,-0.0,1,8,-9900,?,9,-9900,?,9,12.62,E,8,10.12,E,8,84.0,E,8,872.5394,E,8,999.0,E,8,0.47,E,8,-9900,?,9,-9900,?,9,0.0,E,8,-9900,?,9,-9900,?,9,0.0,0.0,E,8
05/24/2010,04:00,0.0,1331.1,0.0,1,8,0.0,1,8,0.0,1,8,0.0,1,8,0.0,1,8,0.0,1,8,-0.0,1,8,-9900,?,9,-9900,?,9,12.25,E,8,10.01,E,8,86.0,E,8,872.5394,E,8,999.0,E,8,0.47,E,8,-9900,?,9,-9900,?,9,0.0,E,8,-9900,?,9,-9900,?,9,0.0,0.0,E,8
05/24/2010,05:00,0.0,1331.1,0.0,1,8,0.0,1,8,0.0,1,8,0.0,1,8,0.0,1,8,0.0,1,8,-0.0,1,8,-9900,?,9,-9900,?,9,11.87,E,8,9.89,E,8,87.0,E,8,872.5394,E,8,999.0,E,8,0.47,E,8,-9900,?,9,-9900,?,9,0.0,E,8,-9900,?,9,-9900,?,9,0.0,0.0,E,8
05/24/2010,06:00,0.0,1331.1,0.0,1,8,0.0,1,8,0.0,1,8,0.0,1,8,0.0,1,8,0.0,1,8,-0.0,1,8,-9900,?,9,-9900,?,9,11.59,E,8,9.8,E,8,88.0,E,8,872.5394,E,8,999.0,E,8,0.47,E,8,-9900,?,9,-9900,?,9,0.0,E,8,-9900,?,9,-9900,?,9,0.0,0.0,E,8
05/24/2010,07:00,60.524,1331.1,0.0,1,8,0.0,1,8,0.0,1,8,0.0,1,8,0.0,1,8,0.0,1,8,0.0,1,8,-9900,?,9,-9900,?,9,11.34,E,8,9.72,E,8,89.0,E,8,872.5394,E,8,999.0,E,8,0.47,E,8,-9900,?,9,-9900,?,9,0.0,E,8,-9900,?,9,-9900,?,9,0.0,0.0,E,8
05/24/2010,08:00,343.06,1331.1,65.36,1,8,0.0,1,8,65.36,1,8,7843.2,1,8,0.0,1,8,7189.6,1,8,81.05,1,8,-9900,?,9,-9900,?,9,11.1,E,8,9.64,E,8,90.0,E,8,872.5394,E,8,999.0,E,8,0.47,E,8,-9900,?,9,-9900,?,9,0.0,E,8,-9900,?,9,-9900,?,9,0.0,0.0,E,8
05/24/2010,09:00,594.686,1331.1,244.06,1,8,111.305,1,8,194.391,1,8,29287.2,1,8,10573.973,1,8,21383.039,1,8,138.662,1,8,-9900,?,9,-9900,?,9,14.22,E,8,10.62,E,8,78.0,E,8,872.5394,E,8,999.0,E,8,0.47,E,8,-9900,?,9,-9900,?,9,0.0,E,8,-9900,?,9,-9900,?,9,0.0,0.0,E,8
05/24/2010,10:00,794.652,1331.1,431.74,1,8,261.288,1,8,275.837,1,8,51808.8,1,8,24822.325,1,8,30342.046,1,8,147.152,1,8,-9900,?,9,-9900,?,9,16.08,E,8,11.18,E,8,72.0,E,8,872.5394,E,8,999.0,E,8,0.47,E,8,-9900,?,9,-9900,?,9,0.0,E,8,-9900,?,9,-9900,?,9,0.0,0.0,E,8
05/24/2010,11:00,929.044,1331.1,558.8,1,8,365.93,1,8,303.477,1,8,67056.0,1,8,34763.349,1,8,33382.51,1,8,138.447,1,8,-9900,?,9,-9900,?,9,17.65,E,8,11.64,E,8,67.0,E,8,872.5394,E,8,999.0,E,8,0.47,E,8,-9900,?,9,-9900,?,9,0.0,E,8,-9900,?,9,-9900,?,9,0.0,0.0,E,8
05/24/2010,12:00,988.638,1331.1,588.17,1,8,336.527,1,8,338.284,1,8,70580.4,1,8,31970.027,1,8,37211.216,1,8,145.013,1,8,-9900,?,9,-9900,?,9,18.71,E,8,11.94,E,8,64.0,E,8,872.5394,E,8,999.0,E,8,0.72,E,8,-9900,?,9,-9900,?,9,0.0,E,8,-9900,?,9,-9900,?,9,0.0,0.0,E,8
05/24/2010,13:00,969.358,1331.1,605.02,1,8,405.545,1,8,309.763,1,8,72602.4,1,8,38526.814,1,8,34073.959,1,8,135.432,1,8,-9900,?,9,-9900,?,9,19.48,E,8,12.16,E,8,62.0,E,8,872.5394,E,8,999.0,E,8,1.47,E,8,-9900,?,9,-9900,?,9,0.0,E,8,-9900,?,9,-9900,?,9,0.0,0.0,E,8
05/24/2010,14:00,872.526,1331.1,621.32,1,8,698.329,1,8,163.749,1,8,74558.4,1,8,66341.278,1,8,18012.364,1,8,79.548,1,8,-9900,?,9,-9900,?,9,20.07,E,8,12.32,E,8,60.0,E,8,872.5394,E,8,999.0,E,8,1.64,E,8,-9900,?,9,-9900,?,9,0.0,E,8,-9900,?,9,-9900,?,9,0.0,0.0,E,8
05/24/2010,15:00,704.783,1331.1,492.48,1,8,759.508,1,8,90.642,1,8,59097.6,1,8,72153.28,1,8,9970.665,1,8,54.534,1,8,-9900,?,9,-9900,?,9,20.19,E,8,12.36,E,8,60.0,E,8,872.5394,E,8,999.0,E,8,1.73,E,8,-9900,?,9,-9900,?,9,0.0,E,8,-9900,?,9,-9900,?,9,0.0,0.0,E,8
05/24/2010,16:00,477.692,1331.1,334.49,1,8,600.542,1,8,119.397,1,8,40138.8,1,8,57051.448,1,8,13133.653,1,8,106.111,1,8,-9900,?,9,-9900,?,9,19.75,E,8,12.23,E,8,61.0,E,8,872.5394,E,8,999.0,E,8,2.54,E,8,-9900,?,9,-9900,?,9,0.0,E,8,-9900,?,9,-9900,?,9,0.0,0.0,E,8
05/24/2010,17:00,207.49,1331.1,152.16,1,8,404.499,1,8,89.805,1,8,18259.2,1,8,38427.388,1,8,9878.569,1,8,185.438,1,8,-9900,?,9,-9900,?,9,18.77,E,8,11.96,E,8,64.0,E,8,872.5394,E,8,999.0,E,8,2.08,E,8,-9900,?,9,-9900,?,9,0.0,E,8,-9900,?,9,-9900,?,9,0.0,0.0,E,8
05/24/2010,18:00,0.0,1331.1,7.13,1,8,0.0,1,8,0.0,1,8,855.6,1,8,0.0,1,8,0.0,1,8,-0.0,1,8,-9900,?,9,-9900,?,9,17.88,E,8,11.71,E,8,67.0,E,8,872.5394,E,8,999.0,E,8,0.69,E,8,-9900,?,9,-9900,?,9,0.0,E,8,-9900,?,9,-9900,?,9,0.0,0.0,E,8
05/24/2010,19:00,0.0,1331.1,0.0,1,8,0.0,1,8,0.0,1,8,0.0,1,8,0.0,1,8,0.0,1,8,-0.0,1,8,-9900,?,9,-9900,?,9,17.0,E,8,11.45,E,8,69.0,E,8,872.5394,E,8,999.0,E,8,0.47,E,8,-9900,?,9,-9900,?,9,0.0,E,8,-9900,?,9,-9900,?,9,0.0,0.0,E,8
05/24/2010,20:00,0.0,1331.1,0.0,1,8,0.0,1,8,0.0,1,8,0.0,1,8,0.0,1,8,0.0,1,8,-0.0,1,8,-9900,?,9,-9900,?,9,16.11,E,8,11.19,E,8,72.0,E,8,872.5394,E,8,999.0,E,8,0.47,E,8,-9900,?,9,-9900,?,9,0.0,E,8,-9900,?,9,-9900,?,9,0.0,0.0,E,8
05/24/2010,21:00,0.0,1331.1,0.0,1,8,0.0,1,8,0.0,1,8,0.0,1,8,0.0,1,8,0.0,1,8,-0.0,1,8,-9900,?,9,-9900,?,9,15.23,E,8,10.93,E,8,75.0,E,8,872.5394,E,8,999.0,E,8,0.47,E,8,-9900,?,9,-9900,?,9,0.0,E,8,-9900,?,9,-9900,?,9,0.0,0.0,E,8
05/24/2010,22:00,0.0,1331.1,0.0,1,8,0.0,1,8,0.0,1,8,0.0,1,8,0.0,1,8,0.0,1,8,-0.0,1,8,-9900,?,9,-9900,?,9,14.34,E,8,10.66,E,8,78.0,E,8,872.5394,E,8,999.0,E,8,0.47,E,8,-9900,?,9,-9900,?,9,0.0,E,8,-9900,?,9,-9900,?,9,0.0,0.0,E,8
05/24/2010,23:00,0.0,1331.1,0.0,1,8,0.0,1,8,0.0,1,8,0.0,1,8,0.0,1,8,0.0,1,8,-0.0,1,8,-9900,?,9,-9900,?,9,13.46,E,8,10.39,E,8,81.0,E,8,872.5394,E,8,999.0,E,8,0.47,E,8,-9900,?,9,-9900,?,9,0.0,E,8,-9900,?,9,-9900,?,9,0.0,0.0,E,8
05/24/2010,24:00,0.0,1331.1,0.0,1,8,0.0,1,8,0.0,1,8,0.0,1,8,0.0,1,8,0.0,1,8,-0.0,1,8,-9900,?,9,-9900,?,9,12.58,E,8,9.61,E,8,82.0,E,8,872.5394,E,8,999.0,E,8,0.27,E,8,-9900,?,9,-9900,?,9,0.0,E,8,-9900,?,9,-9900,?,9,0.0,0.0,E,8
05/25/2010,01:00,0.0,1331.1,0.0,1,8,0.0,1,8,0.0,1,8,0.0,1,8,0.0,1,8,0.0,1,8,-0.0,1,8,-9900,?,9,-9900,?,9,12.13,E,8,9.35,E,8,83.0,E,8,872.5394,E,8,999.0,E,8,0.27,E,8,-9900,?,9,-9900,?,9,0.0,E,8,-9900,?,9,-9900,?,9,0.0,0.0,E,8
05/25/2010,02:00,0.0,1331.1,0.0,1,8,0.0,1,8,0.0,1,8,0.0,1,8,0.0,1,8,0.0,1,8,-0.0,1,8,-9900,?,9,-9900,?,9,11.69,E,8,9.09,E,8,84.0,E,8,872.5394,E,8,999.0,E,8,0.27,E,8,-9900,?,9,-9900,?,9,0.0,E,8,-9900,?,9,-9900,?,9,0.0,0.0,E,8
05/25/2010,03:00,0.0,1331.1,0.0,1,8,0.0,1,8,0.0,1,8,0.0,1,8,0.0,1,8,0.0,1,8,-0.0,1,8,-9900,?,9,-9900,?,9,11.25,E,8,8.82,E,8,85.0,E,8,872.5394,E,8,999.0,E,8,0.27,E,8,-9900,?,9,-9900,?,9,0.0,E,8,-9900,?,9,-9900,?,9,0.0,0.0,E,8
05/25/2010,04:00,0.0,1330.61,0.0,1,8,0.0,1,8,0.0,1,8,0.0,1,8,0.0,1,8,0.0,1,8,-0.0,1,8,-9900,?,9,-9900,?,9,10.81,E,8,8.55,E,8,85.0,E,8,872.5394,E,8,999.0,E,8,0.27,E,8,-9900,?,9,-9900,?,9,0.0,E,8,-9900,?,9,-9900,?,9,0.0,0.0,E,8
05/25/2010,05:00,0.0,1330.61,0.0,1,8,0.0,1,8,0.0,1,8,0.0,1,8,0.0,1,8,0.0,1,8,-0.0,1,8,-9900,?,9,-9900,?,9,10.37,E,8,8.28,E,8,86.0,E,8,872.5394,E,8,999.0,E,8,0.27,E,8,-9900,?,9,-9900,?,9,0.0,E,8,-9900,?,9,-9900,?,9,0.0,0.0,E,8
05/25/2010,06:00,0.0,1330.61,0.0,1,8,0.0,1,8,0.0,1,8,0.0,1,8,0.0,1,8,0.0,1,8,-0.0,1,8,-9900,?,9,-9900,?,9,10.02,E,8,8.06,E,8,87.0,E,8,872.5394,E,8,999.0,E,8,0.27,E,8,-9900,?,9,-9900,?,9,0.0,E,8,-9900,?,9,-9900,?,9,0.0,0.0,E,8
05/25/2010,07:00,58.46,1330.61,0.0,1,8,0.0,1,8,0.0,1,8,0.0,1,8,0.0,1,8,0.0,1,8,0.0,1,8,-9900,?,9,-9900,?,9,9.73,E,8,7.87,E,8,88.0,E,8,872.5394,E,8,999.0,E,8,0.27,E,8,-9900,?,9,-9900,?,9,0.0,E,8,-9900,?,9,-9900,?,9,0.0,0.0,E,8
05/25/2010,08:00,340.468,1330.61,71.07,1,8,0.0,1,8,71.07,1,8,8528.4,1,8,0.0,1,8,7817.7,1,8,88.775,1,8,-9900,?,9,-9900,?,9,9.44,E,8,7.68,E,8,88.0,E,8,872.5394,E,8,999.0,E,8,0.27,E,8,-9900,?,9,-9900,?,9,0.0,E,8,-9900,?,9,-9900,?,9,0.0,0.0,E,8
05/25/2010,09:00,591.758,1330.61,275.74,1,8,185.068,1,8,193.533,1,8,33088.8,1,8,17581.45,1,8,21288.598,1,8,138.684,1,8,-9900,?,9,-9900,?,9,13.03,E,8,9.87,E,8,81.0,E,8,872.5394,E,8,999.0,E,8,0.27,E,8,-9900,?,9,-9900,?,9,0.0,E,8,-9900,?,9,-9900,?,9,0.0,0.0,E,8
05/25/2010,10:00,791.501,1330.61,426.41,1,8,260.812,1,8,271.351,1,8,51169.2,1,8,24777.171,1,8,29848.647,1,8,145.283,1,8,-9900,?,9,-9900,?,9,14.78,E,8,10.84,E,8,77.0,E,8,872.5394,E,8,999.0,E,8,0.27,E,8,-9900,?,9,-9900,?,9,0.0,E,8,-9900,?,9,-9900,?,9,0.0,0.0,E,8
05/25/2010,11:00,925.793,1330.61,568.51,1,8,386.328,1,8,299.8,1,8,68221.2,1,8,36701.174,1,8,32978.008,1,8,137.2,1,8,-9900,?,9,-9900,?,9,16.39,E,8,11.69,E,8,73.0,E,8,872.5394,E,8,999.0,E,8,0.87,E,8,-9900,?,9,-9900,?,9,0.0,E,8,-9900,?,9,-9900,?,9,0.0,0.0,E,8
05/25/2010,12:00,985.418,1330.61,675.07,1,8,526.206,1,8,285.468,1,8,81008.4,1,8,49989.606,1,8,31401.516,1,8,122.728,1,8,-9900,?,9,-9900,?,9,17.8,E,8,12.39,E,8,70.0,E,8,872.5394,E,8,999.0,E,8,1.65,E,8,-9900,?,9,-9900,?,9,0.0,E,8,-9900,?,9,-9900,?,9,0.0,0.0,E,8
05/25/2010,13:00,966.296,1330.61,638.72,1,8,507.834,1,8,270.025,1,8,76646.4,1,8,48244.276,1,8,29702.739,1,8,118.388,1,8,-9900,?,9,-9900,?,9,18.61,E,8,12.78,E,8,68.0,E,8,872.5394,E,8,999.0,E,8,2.49,E,8,-9900,?,9,-9900,?,9,0.0,E,8,-9900,?,9,-9900,?,9,0.0,0.0,E,8
05/25/2010,14:00,869.74,1330.61,585.81,1,8,580.295,1,8,206.655,1,8,70297.2,1,8,55127.984,1,8,22732.082,1,8,100.677,1,8,-9900,?,9,-9900,?,9,19.03,E,8,12.98,E,8,67.0,E,8,872.5394,E,8,999.0,E,8,2.7,E,8,-9900,?,9,-9900,?,9,0.0,E,8,-9900,?,9,-9900,?,9,0.0,0.0,E,8
05/25/2010,15:00,702.371,1330.61,485.34,1,8,598.199,1,8,169.816,1,8,58240.8,1,8,56828.931,1,8,18679.761,1,8,102.481,1,8,-9900,?,9,-9900,?,9,19.09,E,8,13.01,E,8,67.0,E,8,872.5394,E,8,999.0,E,8,2.24,E,8,-9900,?,9,-9900,?,9,0.0,E,8,-9900,?,9,-9900,?,9,0.0,0.0,E,8
05/25/2010,16:00,475.727,1330.61,367.61,1,8,635.789,1,8,140.749,1,8,44113.2,1,8,60399.931,1,8,15482.422,1,8,125.56,1,8,-9900,?,9,-9900,?,9,18.71,E,8,12.83,E,8,68.0,E,8,872.5394,E,8,999.0,E,8,2.29,E,8,-9900,?,9,-9900,?,9,0.0,E,8,-9900,?,9,-9900,?,9,0.0,0.0,E,8
05/25/2010,17:00,206.023,1330.61,161.63,1,8,439.588,1,8,94.33,1,8,19395.6,1,8,41760.848,1,8,10376.341,1,8,196.126,1,8,-9900,?,9,-9900,?,9,17.67,E,8,12.33,E,8,70.0,E,8,872.5394,E,8,999.0,E,8,1.47,E,8,-9900,?,9,-9900,?,9,0.0,E,8,-9900,?,9,-9900,?,9,0.0,0.0,E,8
05/25/2010,18:00,0.0,1330.61,7.06,1,8,0.0,1,8,0.0,1,8,847.2,1,8,0.0,1,8,0.0,1,8,-0.0,1,8,-9900,?,9,-9900,?,9,16.81,E,8,11.9,E,8,72.0,E,8,872.5394,E,8,999.0,E,8,0.75,E,8,-9900,?,9,-9900,?,9,0.0,E,8,-9900,?,9,-9900,?,9,0.0,0.0,E,8
05/25/2010,19:00,0.0,1330.61,0.0,1,8,0.0,1,8,0.0,1,8,0.0,1,8,0.0,1,8,0.0,1,8,-0.0,1,8,-9900,?,9,-9900,?,9,15.94,E,8,11.46,E,8,74.0,E,8,872.5394,E,8,999.0,E,8,0.27,E,8,-9900,?,9,-9900,?,9,0.0,E,8,-9900,?,9,-9900,?,9,0.0,0.0,E,8
05/25/2010,20:00,0.0,1330.61,0.0,1,8,0.0,1,8,0.0,1,8,0.0,1,8,0.0,1,8,0.0,1,8,-0.0,1,8,-9900,?,9,-9900,?,9,15.07,E,8,11.0,E,8,76.0,E,8,872.5394,E,8,999.0,E,8,0.27,E,8,-9900,?,9,-9900,?,9,0.0,E,8,-9900,?,9,-9900,?,9,0.0,0.0,E,8
05/25/2010,21:00,0.0,1330.61,0.0,1,8,0.0,1,8,0.0,1,8,0.0,1,8,0.0,1,8,0.0,1,8,-0.0,1,8,-9900,?,9,-9900,?,9,14.2,E,8,10.53,E,8,78.0,E,8,872.5394,E,8,999.0,E,8,0.35,E,8,-9900,?,9,-9900,?,9,0.0,E,8,-9900,?,9,-9900,?,9,0.0,0.0,E,8
05/25/2010,22:00,0.0,1330.61,0.0,1,8,0.0,1,8,0.0,1,8,0.0,1,8,0.0,1,8,0.0,1,8,-0.0,1,8,-9900,?,9,-9900,?,9,13.34,E,8,10.05,E,8,80.0,E,8,872.5394,E,8,999.0,E,8,0.27,E,8,-9900,?,9,-9900,?,9,0.0,E,8,-9900,?,9,-9900,?,9,0.0,0.0,E,8
05/25/2010,23:00,0.0,1330.61,0.0,1,8,0.0,1,8,0.0,1,8,0.0,1,8,0.0,1,8,0.0,1,8,-0.0,1,8,-9900,?,9,-9900,?,9,12.47,E,8,9.55,E,8,82.0,E,8,872.5394,E,8,999.0,E,8,0.27,E,8,-9900,?,9,-9900,?,9,0.0,E,8,-9900,?,9,-9900,?,9,0.0,0.0,E,8
05/25/2010,24:00,0.0,1330.61,0.0,1,8,0.0,1,8,0.0,1,8,0.0,1,8,0.0,1,8,0.0,1,8,-0.0,1,8,-9900,?,9,-9900,?,9,11.6,E,8,8.01,E,8,78.0,E,8,872.5394,E,8,999.0,E,8,0.65,E,8,-9900,?,9,-9900,?,9,0.0,E,8,-9900,?,9,-9900,?,9,0.0,0.0,E,8
05/26/2010,01:00,0.0,1330.61,0.0,1,8,0.0,1,8,0.0,1,8,0.0,1,8,0.0,1,8,0.0,1,8,-0.0,1,8,-9900,?,9,-9900,?,9,11.17,E,8,7.82,E,8,79.0,E,8,872.5394,E,8,999.0,E,8,0.65,E,8,-9900,?,9,-9900,?,9,0.0,E,8,-9900,?,9,-9900,?,9,0.0,0.0,E,8
05/26/2010,02:00,0.0,1330.61,0.0,1,8,0.0,1,8,0.0,1,8,0.0,1,8,0.0,1,8,0.0,1,8,-0.0,1,8,-9900,?,9,-9900,?,9,10.73,E,8,7.63,E,8,81.0,E,8,872.5394,E,8,999.0,E,8,0.65,E,8,-9900,?,9,-9900,?,9,0.0,E,8,-9900,?,9,-9900,?,9,0.0,0.0,E,8
05/26/2010,03:00,0.0,1330.61,0.0,1,8,0.0,1,8,0.0,1,8,0.0,1,8,0.0,1,8,0.0,1,8,-0.0,1,8,-9900,?,9,-9900,?,9,10.3,E,8,7.43,E,8,82.0,E,8,872.5394,E,8,999.0,E,8,0.65,E,8,-9900,?,9,-9900,?,9,0.0,E,8,-9900,?,9,-9900,?,9,0.0,0.0,E,8
05/26/2010,04:00,0.0,1330.13,0.0,1,8,0.0,1,8,0.0,1,8,0.0,1,8,0.0,1,8,0.0,1,8,-0.0,1,8,-9900,?,9,-9900,?,9,9.87,E,8,7.24,E,8,83.0,E,8,872.5394,E,8,999.0,E,8,0.65,E,8,-9900,?,9,-9900,?,9,0.0,E,8,-9900,?,9,-9900,?,9,0.0,0.0,E,8
05/26/2010,05:00,0.0,1330.13,0.0,1,8,0.0,1,8,0.0,1,8,0.0,1,8,0.0,1,8,0.0,1,8,-0.0,1,8,-9900,?,9,-9900,?,9,9.43,E,8,7.04,E,8,84.0,E,8,872.5394,E,8,999.0,E,8,0.65,E,8,-9900,?,9,-9900,?,9,0.0,E,8,-9900,?,9,-9900,?,9,0.0,0.0,E,8
05/26/2010,06:00,0.0,1330.13,0.0,1,8,0.0,1,8,0.0,1,8,0.0,1,8,0.0,1,8,0.0,1,8,-0.0,1,8,-9900,?,9,-9900,?,9,9.1,E,8,6.89,E,8,85.0,E,8,872.5394,E,8,999.0,E,8,0.65,E,8,-9900,?,9,-9900,?,9,0.0,E,8,-9900,?,9,-9900,?,9,0.0,0.0,E,8
05/26/2010,07:00,56.418,1330.13,0.0,1,8,0.0,1,8,0.0,1,8,0.0,1,8,0.0,1,8,0.0,1,8,0.0,1,8,-9900,?,9,-9900,?,9,8.81,E,8,6.75,E,8,86.0,E,8,872.5394,E,8,999.0,E,8,0.65,E,8,-9900,?,9,-9900,?,9,0.0,E,8,-9900,?,9,-9900,?,9,0.0,0.0,E,8
05/26/2010,08:00,337.908,1330.13,90.74,1,8,8.786,1,8,88.517,1,8,10888.8,1,8,834.629,1,8,9736.91,1,8,111.373,1,8,-9900,?,9,-9900,?,9,8.52,E,8,6.62,E,8,87.0,E,8,872.5394,E,8,999.0,E,8,0.65,E,8,-9900,?,9,-9900,?,9,0.0,E,8,-9900,?,9,-9900,?,9,0.0,0.0,E,8
05/26/2010,09:00,588.879,1330.13,287.6,1,8,204.033,1,8,197.378,1,8,34512.0,1,8,19383.163,1,8,21711.576,1,8,142.081,1,8,-9900,?,9,-9900,?,9,12.56,E,8,8.42,E,8,75.0,E,8,872.5394,E,8,999.0,E,8,0.65,E,8,-9900,?,9,-9900,?,9,0.0,E,8,-9900,?,9,-9900,?,9,0.0,0.0,E,8
05/26/2010,10:00,788.413,1330.13,460.04,1,8,349.721,1,8,252.861,1,8,55204.8,1,8,33223.494,1,8,27814.683,1,8,135.865,1,8,-9900,?,9,-9900,?,9,14.49,E,8,9.21,E,8,70.0,E,8,872.5394,E,8,999.0,E,8,0.65,E,8,-9900,?,9,-9900,?,9,0.0,E,8,-9900,?,9,-9900,?,9,0.0,0.0,E,8
05/26/2010,11:00,922.621,1330.13,572.32,1,8,411.769,1,8,286.794,1,8,68678.4,1,8,39118.081,1,8,31547.353,1,8,131.652,1,8,-9900,?,9,-9900,?,9,16.05,E,8,9.83,E,8,66.0,E,8,872.5394,E,8,999.0,E,8,0.65,E,8,-9900,?,9,-9900,?,9,0.0,E,8,-9900,?,9,-9900,?,9,0.0,0.0,E,8
05/26/2010,12:00,982.288,1330.13,580.5,1,8,315.122,1,8,347.842,1,8,69660.0,1,8,29936.622,1,8,38262.631,1,8,149.966,1,8,-9900,?,9,-9900,?,9,17.02,E,8,10.2,E,8,64.0,E,8,872.5394,E,8,999.0,E,8,0.65,E,8,-9900,?,9,-9900,?,9,0.0,E,8,-9900,?,9,-9900,?,9,0.0,0.0,E,8
05/26/2010,13:00,963.335,1330.13,607.16,1,8,424.79,1,8,299.592,1,8,72859.2,1,8,40355.018,1,8,32955.097,1,8,131.708,1,8,-9900,?,9,-9900,?,9,17.76,E,8,10.48,E,8,62.0,E,8,872.5394,E,8,999.0,E,8,0.81,E,8,-9900,?,9,-9900,?,9,0.0,E,8,-9900,?,9,-9900,?,9,0.0,0.0,E,8
05/26/2010,14:00,867.061,1330.13,603.88,1,8,608.92,1,8,207.106,1,8,72465.6,1,8,57847.413,1,8,22781.668,1,8,101.172,1,8,-9900,?,9,-9900,?,9,18.29,E,8,10.67,E,8,61.0,E,8,872.5394,E,8,999.0,E,8,1.16,E,8,-9900,?,9,-9900,?,9,0.0,E,8,-9900,?,9,-9900,?,9,0.0,0.0,E,8
05/26/2010,15:00,700.067,1330.13,482.11,1,8,662.502,1,8,133.692,1,8,57853.2,1,8,62937.673,1,8,14706.112,1,8,80.917,1,8,-9900,?,9,-9900,?,9,18.35,E,8,10.7,E,8,60.0,E,8,872.5394,E,8,999.0,E,8,2.33,E,8,-9900,?,9,-9900,?,9,0.0,E,8,-9900,?,9,-9900,?,9,0.0,0.0,E,8
05/26/2010,16:00,473.869,1330.13,328.02,1,8,681.845,1,8,85.593,1,8,39362.4,1,8,64775.278,1,8,9415.191,1,8,76.629,1,8,-9900,?,9,-9900,?,9,17.82,E,8,10.5,E,8,62.0,E,8,872.5394,E,8,999.0,E,8,1.27,E,8,-9900,?,9,-9900,?,9,0.0,E,8,-9900,?,9,-9900,?,9,0.0,0.0,E,8
05/26/2010,17:00,204.655,1330.13,148.47,1,8,376.73,1,8,91.164,1,8,17816.4,1,8,35789.397,1,8,10028.04,1,8,190.767,1,8,-9900,?,9,-9900,?,9,16.74,E,8,10.09,E,8,64.0,E,8,872.5394,E,8,999.0,E,8,1.07,E,8,-9900,?,9,-9900,?,9,0.0,E,8,-9900,?,9,-9900,?,9,0.0,0.0,E,8
05/26/2010,18:00,0.0,1330.13,6.33,1,8,0.0,1,8,0.0,1,8,759.6,1,8,0.0,1,8,0.0,1,8,-0.0,1,8,-9900,?,9,-9900,?,9,15.92,E,8,9.78,E,8,66.0,E,8,872.5394,E,8,999.0,E,8,0.65,E,8,-9900,?,9,-9900,?,9,0.0,E,8,-9900,?,9,-9900,?,9,0.0,0.0,E,8
05/26/2010,19:00,0.0,1330.13,0.0,1,8,0.0,1,8,0.0,1,8,0.0,1,8,0.0,1,8,0.0,1,8,-0.0,1,8,-9900,?,9,-9900,?,9,15.11,E,8,9.46,E,8,68.0,E,8,872.5394,E,8,999.0,E,8,0.65,E,8,-9900,?,9,-9900,?,9,0.0,E,8,-9900,?,9,-9900,?,9,0.0,0.0,E,8
05/26/2010,20:00,0.0,1330.13,0.0,1,8,0.0,1,8,0.0,1,8,0.0,1,8,0.0,1,8,0.0,1,8,-0.0,1,8,-9900,?,9,-9900,?,9,14.29,E,8,9.13,E,8,71.0,E,8,872.5394,E,8,999.0,E,8,0.65,E,8,-9900,?,9,-9900,?,9,0.0,E,8,-9900,?,9,-9900,?,9,0.0,0.0,E,8
05/26/2010,21:00,0.0,1330.13,0.0,1,8,0.0,1,8,0.0,1,8,0.0,1,8,0.0,1,8,0.0,1,8,-0.0,1,8,-9900,?,9,-9900,?,9,13.48,E,8,8.8,E,8,73.0,E,8,872.5394,E,8,999.0,E,8,0.65,E,8,-9900,?,9,-9900,?,9,0.0,E,8,-9900,?,9,-9900,?,9,0.0,0.0,E,8
05/26/2010,22:00,0.0,1330.13,0.0,1,8,0.0,1,8,0.0,1,8,0.0,1,8,0.0,1,8,0.0,1,8,-0.0,1,8,-9900,?,9,-9900,?,9,12.67,E,8,8.46,E,8,75.0,E,8,872.5394,E,8,999.0,E,8,0.65,E,8,-9900,?,9,-9900,?,9,0.0,E,8,-9900,?,9,-9900,?,9,0.0,0.0,E,8
05/26/2010,23:00,0.0,1330.13,0.0,1,8,0.0,1,8,0.0,1,8,0.0,1,8,0.0,1,8,0.0,1,8,-0.0,1,8,-9900,?,9,-9900,?,9,11.85,E,8,8.12,E,8,77.0,E,8,872.5394,E,8,999.0,E,8,0.65,E,8,-9900,?,9,-9900,?,9,0.0,E,8,-9900,?,9,-9900,?,9,0.0,0.0,E,8
05/26/2010,24:00,0.0,1330.13,0.0,1,8,0.0,1,8,0.0,1,8,0.0,1,8,0.0,1,8,0.0,1,8,-0.0,1,8,-9900,?,9,-9900,?,9,11.04,E,8,7.82,E,8,80.0,E,8,872.5394,E,8,999.0,E,8,0.25,E,8,-9900,?,9,-9900,?,9,0.0,E,8,-9900,?,9,-9900,?,9,0.0,0.0,E,8
05/27/2010,01:00,0.0,1330.13,0.0,1,8,0.0,1,8,0.0,1,8,0.0,1,8,0.0,1,8,0.0,1,8,-0.0,1,8,-9900,?,9,-9900,?,9,10.63,E,8,7.66,E,8,81.0,E,8,872.5394,E,8,999.0,E,8,0.25,E,8,-9900,?,9,-9900,?,9,0.0,E,8,-9900,?,9,-9900,?,9,0.0,0.0,E,8
05/27/2010,02:00,0.0,1330.13,0.0,1,8,0.0,1,8,0.0,1,8,0.0,1,8,0.0,1,8,0.0,1,8,-0.0,1,8,-9900,?,9,-9900,?,9,10.22,E,8,7.49,E,8,83.0,E,8,872.5394,E,8,999.0,E,8,0.25,E,8,-9900,?,9,-9900,?,9,0.0,E,8,-9900,?,9,-9900,?,9,0.0,0.0,E,8
05/27/2010,03:00,0.0,1330.13,0.0,1,8,0.0,1,8,0.0,1,8,0.0,1,8,0.0,1,8,0.0,1,8,-0.0,1,8,-9900,?,9,-9900,?,9,9.81,E,8,7.32,E,8,84.0,E,8,872.5394,E,8,999.0,E,8,0.25,E,8,-9900,?,9,-9900,?,9,0.0,E,8,-9900,?,9,-9900,?,9,0.0,0.0,E,8
05/27/2010,04:00,0.0,1329.661,0.0,1,8,0.0,1,8,0.0,1,8,0.0,1,8,0.0,1,8,0.0,1,8,-0.0,1,8,-9900,?,9,-9900,?,9,9.41,E,8,7.16,E,8,85.0,E,8,872.5394,E,8,999.0,E,8,0.25,E,8,-9900,?,9,-9900,?,9,0.0,E,8,-9900,?,9,-9900,?,9,0.0,0.0,E,8
05/27/2010,05:00,0.0,1329.661,0.0,1,8,0.0,1,8,0.0,1,8,0.0,1,8,0.0,1,8,0.0,1,8,-0.0,1,8,-9900,?,9,-9900,?,9,9.0,E,8,6.99,E,8,87.0,E,8,872.5394,E,8,999.0,E,8,0.25,E,8,-9900,?,9,-9900,?,9,0.0,E,8,-9900,?,9,-9900,?,9,0.0,0.0,E,8
05/27/2010,06:00,0.0,1329.661,0.0,1,8,0.0,1,8,0.0,1,8,0.0,1,8,0.0,1,8,0.0,1,8,-0.0,1,8,-9900,?,9,-9900,?,9,8.68,E,8,6.85,E,8,88.0,E,8,872.5394,E,8,999.0,E,8,0.25,E,8,-9900,?,9,-9900,?,9,0.0,E,8,-9900,?,9,-9900,?,9,0.0,0.0,E,8
05/27/2010,07:00,54.399,1329.661,0.0,1,8,0.0,1,8,0.0,1,8,0.0,1,8,0.0,1,8,0.0,1,8,0.0,1,8,-9900,?,9,-9900,?,9,8.42,E,8,6.74,E,8,89.0,E,8,872.5394,E,8,999.0,E,8,0.25,E,8,-9900,?,9,-9900,?,9,0.0,E,8,-9900,?,9,-9900,?,9,0.0,0.0,E,8
05/27/2010,08:00,335.383,1329.661,58.25,1,8,0.0,1,8,58.25,1,8,6990.0,1,8,0.0,1,8,6407.5,1,8,73.821,1,8,-9900,?,9,-9900,?,9,8.15,E,8,6.63,E,8,90.0,E,8,872.5394,E,8,999.0,E,8,0.25,E,8,-9900,?,9,-9900,?,9,0.0,E,8,-9900,?,9,-9900,?,9,0.0,0.0,E,8
05/27/2010,09:00,586.049,1329.661,216.38,1,8,65.649,1,8,187.48,1,8,25965.6,1,8,6236.608,1,8,20622.843,1,8,135.562,1,8,-9900,?,9,-9900,?,9,11.52,E,8,8.01,E,8,79.0,E,8,872.5394,E,8,999.0,E,8,0.25,E,8,-9900,?,9,-9900,?,9,0.0,E,8,-9900,?,9,-9900,?,9,0.0,0.0,E,8
05/27/2010,10:00,785.391,1329.661,360.12,1,8,110.97,1,8,294.609,1,8,43214.4,1,8,10542.111,1,8,32407.037,1,8,158.851,1,8,-9900,?,9,-9900,?,9,13.34,E,8,8.71,E,8,73.0,E,8,872.5394,E,8,999.0,E,8,0.25,E,8,-9900,?,9,-9900,?,9,0.0,E,8,-9900,?,9,-9900,?,9,0.0,0.0,E,8
05/27/2010,11:00,919.528,1329.661,468.32,1,8,147.67,1,8,366.231,1,8,56198.4,1,8,14028.661,1,8,40285.443,1,8,168.624,1,8,-9900,?,9,-9900,?,9,14.91,E,8,9.29,E,8,69.0,E,8,872.5394,E,8,999.0,E,8,0.72,E,8,-9900,?,9,-9900,?,9,0.0,E,8,-9900,?,9,-9900,?,9,0.0,0.0,E,8
05/27/2010,12:00,979.251,1329.661,531.56,1,8,246.84,1,8,349.815,1,8,63787.2,1,8,23449.837,1,8,38479.674,1,8,151.232,1,8,-9900,?,9,-9900,?,9,16.17,E,8,9.74,E,8,65.0,E,8,872.5394,E,8,999.0,E,8,0.77,E,8,-9900,?,9,-9900,?,9,0.0,E,8,-9900,?,9,-9900,?,9,0.0,0.0,E,8
05/27/2010,13:00,960.475,1329.661,544.94,1,8,276.477,1,8,345.282,1,8,65392.8,1,8,26265.309,1,8,37980.992,1,8,152.193,1,8,-9900,?,9,-9900,?,9,17.06,E,8,10.05,E,8,63.0,E,8,872.5394,E,8,999.0,E,8,1.67,E,8,-9900,?,9,-9900,?,9,0.0,E,8,-9900,?,9,-9900,?,9,0.0,0.0,E,8
05/27/2010,14:00,864.488,1329.661,507.46,1,8,338.117,1,8,287.719,1,8,60895.2,1,8,32121.092,1,8,31649.109,1,8,140.921,1,8,-9900,?,9,-9900,?,9,17.56,E,8,10.22,E,8,62.0,E,8,872.5394,E,8,999.0,E,8,1.93,E,8,-9900,?,9,-9900,?,9,0.0,E,8,-9900,?,9,-9900,?,9,0.0,0.0,E,8
05/27/2010,15:00,697.872,1329.661,421.96,1,8,423.17,1,8,200.031,1,8,50635.2,1,8,40201.103,1,8,22003.366,1,8,121.408,1,8,-9900,?,9,-9900,?,9,17.68,E,8,10.26,E,8,61.0,E,8,872.5394,E,8,999.0,E,8,2.6,E,8,-9900,?,9,-9900,?,9,0.0,E,8,-9900,?,9,-9900,?,9,0.0,0.0,E,8
05/27/2010,16:00,472.116,1329.661,295.31,1,8,479.452,1,8,125.416,1,8,35437.2,1,8,45547.964,1,8,13795.727,1,8,112.66,1,8,-9900,?,9,-9900,?,9,17.25,E,8,10.11,E,8,62.0,E,8,872.5394,E,8,999.0,E,8,2.84,E,8,-9900,?,9,-9900,?,9,0.0,E,8,-9900,?,9,-9900,?,9,0.0,0.0,E,8
05/27/2010,17:00,203.386,1329.661,140.37,1,8,380.841,1,8,82.785,1,8,16844.4,1,8,36179.873,1,8,9106.378,1,8,174.277,1,8,-9900,?,9,-9900,?,9,16.26,E,8,9.77,E,8,65.0,E,8,872.5394,E,8,999.0,E,8,1.8,E,8,-9900,?,9,-9900,?,9,0.0,E,8,-9900,?,9,-9900,?,9,0.0,0.0,E,8
05/27/2010,18:00,0.0,1329.661,5.2,1,8,0.0,1,8,0.0,1,8,624.0,1,8,0.0,1,8,0.0,1,8,-0.0,1,8,-9900,?,9,-9900,?,9,15.58,E,8,9.53,E,8,67.0,E,8,872.5394,E,8,999.0,E,8,1.07,E,8,-9900,?,9,-9900,?,9,0.0,E,8,-9900,?,9,-9900,?,9,0.0,0.0,E,8
05/27/2010,19:00,0.0,1329.661,0.0,1,8,0.0,1,8,0.0,1,8,0.0,1,8,0.0,1,8,0.0,1,8,-0.0,1,8,-9900,?,9,-9900,?,9,14.91,E,8,9.29,E,8,69.0,E,8,872.5394,E,8,999.0,E,8,0.93,E,8,-9900,?,9,-9900,?,9,0.0,E,8,-9900,?,9,-9900,?,9,0.0,0.0,E,8
05/27/2010,20:00,0.0,1329.661,0.0,1,8,0.0,1,8,0.0,1,8,0.0,1,8,0.0,1,8,0.0,1,8,-0.0,1,8,-9900,?,9,-9900,?,9,14.24,E,8,9.04,E,8,70.0,E,8,872.5394,E,8,999.0,E,8,0.77,E,8,-9900,?,9,-9900,?,9,0.0,E,8,-9900,?,9,-9900,?,9,0.0,0.0,E,8
05/27/2010,21:00,0.0,1329.661,0.0,1,8,0.0,1,8,0.0,1,8,0.0,1,8,0.0,1,8,0.0,1,8,-0.0,1,8,-9900,?,9,-9900,?,9,13.57,E,8,8.79,E,8,72.0,E,8,872.5394,E,8,999.0,E,8,0.35,E,8,-9900,?,9,-9900,?,9,0.0,E,8,-9900,?,9,-9900,?,9,0.0,0.0,E,8
05/27/2010,22:00,0.0,1329.661,0.0,1,8,0.0,1,8,0.0,1,8,0.0,1,8,0.0,1,8,0.0,1,8,-0.0,1,8,-9900,?,9,-9900,?,9,12.9,E,8,8.54,E,8,74.0,E,8,872.5394,E,8,999.0,E,8,0.41,E,8,-9900,?,9,-9900,?,9,0.0,E,8,-9900,?,9,-9900,?,9,0.0,0.0,E,8
05/27/2010,23:00,0.0,1329.661,0.0,1,8,0.0,1,8,0.0,1,8,0.0,1,8,0.0,1,8,0.0,1,8,-0.0,1,8,-9900,?,9,-9900,?,9,12.23,E,8,8.28,E,8,76.0,E,8,872.5394,E,8,999.0,E,8,0.32,E,8,-9900,?,9,-9900,?,9,0.0,E,8,-9900,?,9,-9900,?,9,0.0,0.0,E,8
05/27/2010,24:00,0.0,1329.661,0.0,1,8,0.0,1,8,0.0,1,8,0.0,1,8,0.0,1,8,0.0,1,8,-0.0,1,8,-9900,?,9,-9900,?,9,11.55,E,8,9.75,E,8,88.0,E,8,872.5394,E,8,999.0,E,8,0.93,E,8,-9900,?,9,-9900,?,9,0.0,E,8,-9900,?,9,-9900,?,9,0.0,0.0,E,8
05/28/2010,01:00,0.0,1329.661,0.0,1,8,0.0,1,8,0.0,1,8,0.0,1,8,0.0,1,8,0.0,1,8,-0.0,1,8,-9900,?,9,-9900,?,9,11.22,E,8,9.62,E,8,89.0,E,8,872.5394,E,8,999.0,E,8,0.66,E,8,-9900,?,9,-9900,?,9,0.0,E,8,-9900,?,9,-9900,?,9,0.0,0.0,E,8
05/28/2010,02:00,0.0,1329.661,0.0,1,8,0.0,1,8,0.0,1,8,0.0,1,8,0.0,1,8,0.0,1,8,-0.0,1,8,-9900,?,9,-9900,?,9,10.88,E,8,9.48,E,8,91.0,E,8,872.5394,E,8,999.0,E,8,0.78,E,8,-9900,?,9,-9900,?,9,0.0,E,8,-9900,?,9,-9900,?,9,0.0,0.0,E,8
05/28/2010,03:00,0.0,1329.661,0.0,1,8,0.0,1,8,0.0,1,8,0.0,1,8,0.0,1,8,0.0,1,8,-0.0,1,8,-9900,?,9,-9900,?,9,10.55,E,8,9.35,E,8,92.0,E,8,872.5394,E,8,999.0,E,8,0.48,E,8,-9900,?,9,-9900,?,9,0.0,E,8,-9900,?,9,-9900,?,9,0.0,0.0,E,8
05/28/2010,04:00,0.0,1329.202,0.0,1,8,0.0,1,8,0.0,1,8,0.0,1,8,0.0,1,8,0.0,1,8,-0.0,1,8,-9900,?,9,-9900,?,9,10.21,E,8,9.22,E,8,93.0,E,8,872.5394,E,8,999.0,E,8,0.48,E,8,-9900,?,9,-9900,?,9,0.0,E,8,-9900,?,9,-9900,?,9,0.0,0.0,E,8
05/28/2010,05:00,0.0,1329.202,0.0,1,8,0.0,1,8,0.0,1,8,0.0,1,8,0.0,1,8,0.0,1,8,-0.0,1,8,-9900,?,9,-9900,?,9,9.87,E,8,9.08,E,8,94.0,E,8,872.5394,E,8,999.0,E,8,0.74,E,8,-9900,?,9,-9900,?,9,0.0,E,8,-9900,?,9,-9900,?,9,0.0,0.0,E,8
05/28/2010,06:00,0.0,1329.202,0.0,1,8,0.0,1,8,0.0,1,8,0.0,1,8,0.0,1,8,0.0,1,8,-0.0,1,8,-9900,?,9,-9900,?,9,9.61,E,8,8.97,E,8,95.0,E,8,872.5394,E,8,999.0,E,8,0.49,E,8,-9900,?,9,-9900,?,9,0.0,E,8,-9900,?,9,-9900,?,9,0.0,0.0,E,8
05/28/2010,07:00,52.404,1329.202,0.0,1,8,0.0,1,8,0.0,1,8,0.0,1,8,0.0,1,8,0.0,1,8,0.0,1,8,-9900,?,9,-9900,?,9,9.39,E,8,8.88,E,8,96.0,E,8,872.5394,E,8,999.0,E,8,0.47,E,8,-9900,?,9,-9900,?,9,0.0,E,8,-9900,?,9,-9900,?,9,0.0,0.0,E,8
05/28/2010,08:00,332.894,1329.202,49.2,1,8,0.0,1,8,49.2,1,8,5904.0,1,8,0.0,1,8,5412.0,1,8,62.8,1,8,-9900,?,9,-9900,?,9,9.17,E,8,8.79,E,8,97.0,E,8,872.5394,E,8,999.0,E,8,0.92,E,8,-9900,?,9,-9900,?,9,0.0,E,8,-9900,?,9,-9900,?,9,0.0,0.0,E,8
05/28/2010,09:00,583.271,1329.202,185.21,1,8,25.558,1,8,174.009,1,8,22225.2,1,8,2427.972,1,8,19140.959,1,8,126.379,1,8,-9900,?,9,-9900,?,9,12.0,E,8,9.92,E,8,87.0,E,8,872.5394,E,8,999.0,E,8,1.77,E,8,-9900,?,9,-9900,?,9,0.0,E,8,-9900,?,9,-9900,?,9,0.0,0.0,E,8
05/28/2010,10:00,782.436,1329.202,309.05,1,8,60.639,1,8,273.374,1,8,37086.0,1,8,5760.751,1,8,30071.165,1,8,147.907,1,8,-9900,?,9,-9900,?,9,13.54,E,8,10.5,E,8,81.0,E,8,872.5394,E,8,999.0,E,8,2.22,E,8,-9900,?,9,-9900,?,9,0.0,E,8,-9900,?,9,-9900,?,9,0.0,0.0,E,8
05/28/2010,11:00,916.517,1329.202,402.33,1,8,93.875,1,8,337.622,1,8,48279.6,1,8,8918.133,1,8,37138.396,1,8,155.909,1,8,-9900,?,9,-9900,?,9,14.88,E,8,10.99,E,8,77.0,E,8,872.5394,E,8,999.0,E,8,3.35,E,8,-9900,?,9,-9900,?,9,0.0,E,8,-9900,?,9,-9900,?,9,0.0,0.0,E,8
05/28/2010,12:00,976.308,1329.202,456.89,1,8,115.048,1,8,372.408,1,8,54826.8,1,8,10929.515,1,8,40964.875,1,8,161.429,1,8,-9900,?,9,-9900,?,9,15.94,E,8,11.37,E,8,74.0,E,8,872.5394,E,8,999.0,E,8,3.92,E,8,-9900,?,9,-9900,?,9,0.0,E,8,-9900,?,9,-9900,?,9,0.0,0.0,E,8
05/28/2010,13:00,957.718,1329.202,468.51,1,8,139.564,1,8,367.979,1,8,56221.2,1,8,13258.549,1,8,40477.661,1,8,162.609,1,8,-9900,?,9,-9900,?,9,16.7,E,8,11.64,E,8,72.0,E,8,872.5394,E,8,999.0,E,8,4.42,E,8,-9900,?,9,-9900,?,9,0.0,E,8,-9900,?,9,-9900,?,9,0.0,0.0,E,8
05/28/2010,14:00,862.024,1329.202,436.3,1,8,173.703,1,8,323.694,1,8,52356.0,1,8,16501.826,1,8,35606.349,1,8,158.94,1,8,-9900,?,9,-9900,?,9,17.13,E,8,11.79,E,8,70.0,E,8,872.5394,E,8,999.0,E,8,5.54,E,8,-9900,?,9,-9900,?,9,0.0,E,8,-9900,?,9,-9900,?,9,0.0,0.0,E,8
05/28/2010,15:00,695.787,1329.202,362.73,1,8,223.01,1,8,246.083,1,8,43527.6,1,8,21185.944,1,8,27069.164,1,8,149.756,1,8,-9900,?,9,-9900,?,9,17.22,E,8,11.82,E,8,70.0,E,8,872.5394,E,8,999.0,E,8,4.02,E,8,-9900,?,9,-9900,?,9,0.0,E,8,-9900,?,9,-9900,?,9,0.0,0.0,E,8
05/28/2010,16:00,470.47,1329.202,253.7,1,8,344.581,1,8,131.983,1,8,30444.0,1,8,32735.172,1,8,14518.127,1,8,118.934,1,8,-9900,?,9,-9900,?,9,16.86,E,8,11.69,E,8,71.0,E,8,872.5394,E,8,999.0,E,8,3.1,E,8,-9900,?,9,-9900,?,9,0.0,E,8,-9900,?,9,-9900,?,9,0.0,0.0,E,8
05/28/2010,17:00,202.216,1329.202,120.32,1,8,402.925,1,8,59.733,1,8,14438.4,1,8,38277.849,1,8,6570.643,1,8,126.448,1,8,-9900,?,9,-9900,?,9,16.02,E,8,11.4,E,8,74.0,E,8,872.5394,E,8,999.0,E,8,2.08,E,8,-9900,?,9,-9900,?,9,0.0,E,8,-9900,?,9,-9900,?,9,0.0,0.0,E,8
05/28/2010,18:00,0.0,1329.202,4.32,1,8,0.0,1,8,0.0,1,8,518.4,1,8,0.0,1,8,0.0,1,8,-0.0,1,8,-9900,?,9,-9900,?,9,15.41,E,8,11.18,E,8,75.0,E,8,872.5394,E,8,999.0,E,8,0.95,E,8,-9900,?,9,-9900,?,9,0.0,E,8,-9900,?,9,-9900,?,9,0.0,0.0,E,8
05/28/2010,19:00,0.0,1329.202,0.0,1,8,0.0,1,8,0.0,1,8,0.0,1,8,0.0,1,8,0.0,1,8,-0.0,1,8,-9900,?,9,-9900,?,9,14.79,E,8,10.96,E,8,77.0,E,8,872.5394,E,8,999.0,E,8,0.48,E,8,-9900,?,9,-9900,?,9,0.0,E,8,-9900,?,9,-9900,?,9,0.0,0.0,E,8
05/28/2010,20:00,0.0,1329.202,0.0,1,8,0.0,1,8,0.0,1,8,0.0,1,8,0.0,1,8,0.0,1,8,-0.0,1,8,-9900,?,9,-9900,?,9,14.18,E,8,10.74,E,8,79.0,E,8,872.5394,E,8,999.0,E,8,0.44,E,8,-9900,?,9,-9900,?,9,0.0,E,8,-9900,?,9,-9900,?,9,0.0,0.0,E,8
05/28/2010,21:00,0.0,1329.202,0.0,1,8,0.0,1,8,0.0,1,8,0.0,1,8,0.0,1,8,0.0,1,8,-0.0,1,8,-9900,?,9,-9900,?,9,13.57,E,8,10.51,E,8,81.0,E,8,872.5394,E,8,999.0,E,8,0.44,E,8,-9900,?,9,-9900,?,9,0.0,E,8,-9900,?,9,-9900,?,9,0.0,0.0,E,8
05/28/2010,22:00,0.0,1329.202,0.0,1,8,0.0,1,8,0.0,1,8,0.0,1,8,0.0,1,8,0.0,1,8,-0.0,1,8,-9900,?,9,-9900,?,9,12.95,E,8,10.28,E,8,83.0,E,8,872.5394,E,8,999.0,E,8,0.44,E,8,-9900,?,9,-9900,?,9,0.0,E,8,-9900,?,9,-9900,?,9,0.0,0.0,E,8
05/28/2010,23:00,0.0,1329.202,0.0,1,8,0.0,1,8,0.0,1,8,0.0,1,8,0.0,1,8,0.0,1,8,-0.0,1,8,-9900,?,9,-9900,?,9,12.34,E,8,10.05,E,8,85.0,E,8,872.5394,E,8,999.0,E,8,0.44,E,8,-9900,?,9,-9900,?,9,0.0,E,8,-9900,?,9,-9900,?,9,0.0,0.0,E,8
05/28/2010,24:00,0.0,1329.202,0.0,1,8,0.0,1,8,0.0,1,8,0.0,1,8,0.0,1,8,0.0,1,8,-0.0,1,8,-9900,?,9,-9900,?,9,11.73,E,8,9.02,E,8,83.0,E,8,872.5394,E,8,999.0,E,8,0.19,E,8,-9900,?,9,-9900,?,9,0.0,E,8,-9900,?,9,-9900,?,9,0.0,0.0,E,8
05/29/2010,01:00,0.0,1329.202,0.0,1,8,0.0,1,8,0.0,1,8,0.0,1,8,0.0,1,8,0.0,1,8,-0.0,1,8,-9900,?,9,-9900,?,9,11.42,E,8,8.93,E,8,84.0,E,8,872.5394,E,8,999.0,E,8,0.19,E,8,-9900,?,9,-9900,?,9,0.0,E,8,-9900,?,9,-9900,?,9,0.0,0.0,E,8
05/29/2010,02:00,0.0,1329.202,0.0,1,8,0.0,1,8,0.0,1,8,0.0,1,8,0.0,1,8,0.0,1,8,-0.0,1,8,-9900,?,9,-9900,?,9,11.11,E,8,8.84,E,8,85.0,E,8,872.5394,E,8,999.0,E,8,0.19,E,8,-9900,?,9,-9900,?,9,0.0,E,8,-9900,?,9,-9900,?,9,0.0,0.0,E,8
05/29/2010,03:00,0.0,1329.202,0.0,1,8,0.0,1,8,0.0,1,8,0.0,1,8,0.0,1,8,0.0,1,8,-0.0,1,8,-9900,?,9,-9900,?,9,10.81,E,8,8.75,E,8,87.0,E,8,872.5394,E,8,999.0,E,8,0.19,E,8,-9900,?,9,-9900,?,9,0.0,E,8,-9900,?,9,-9900,?,9,0.0,0.0,E,8
05/29/2010,04:00,0.0,1328.754,0.0,1,8,0.0,1,8,0.0,1,8,0.0,1,8,0.0,1,8,0.0,1,8,-0.0,1,8,-9900,?,9,-9900,?,9,10.5,E,8,8.66,E,8,88.0,E,8,872.5394,E,8,999.0,E,8,0.19,E,8,-9900,?,9,-9900,?,9,0.0,E,8,-9900,?,9,-9900,?,9,0.0,0.0,E,8
05/29/2010,05:00,0.0,1328.754,0.0,1,8,0.0,1,8,0.0,1,8,0.0,1,8,0.0,1,8,0.0,1,8,-0.0,1,8,-9900,?,9,-9900,?,9,10.19,E,8,8.57,E,8,89.0,E,8,872.5394,E,8,999.0,E,8,0.36,E,8,-9900,?,9,-9900,?,9,0.0,E,8,-9900,?,9,-9900,?,9,0.0,0.0,E,8
05/29/2010,06:00,0.0,1328.754,0.0,1,8,0.0,1,8,0.0,1,8,0.0,1,8,0.0,1,8,0.0,1,8,-0.0,1,8,-9900,?,9,-9900,?,9,9.96,E,8,8.5,E,8,90.0,E,8,872.5394,E,8,999.0,E,8,0.19,E,8,-9900,?,9,-9900,?,9,0.0,E,8,-9900,?,9,-9900,?,9,0.0,0.0,E,8
05/29/2010,07:00,50.435,1328.754,0.0,1,8,0.0,1,8,0.0,1,8,0.0,1,8,0.0,1,8,0.0,1,8,0.0,1,8,-9900,?,9,-9900,?,9,9.75,E,8,8.44,E,8,91.0,E,8,872.5394,E,8,999.0,E,8,0.24,E,8,-9900,?,9,-9900,?,9,0.0,E,8,-9900,?,9,-9900,?,9,0.0,0.0,E,8
05/29/2010,08:00,330.442,1328.754,44.7,1,8,0.0,1,8,44.7,1,8,5364.0,1,8,0.0,1,8,4917.0,1,8,57.464,1,8,-9900,?,9,-9900,?,9,9.55,E,8,8.38,E,8,92.0,E,8,872.5394,E,8,999.0,E,8,0.35,E,8,-9900,?,9,-9900,?,9,0.0,E,8,-9900,?,9,-9900,?,9,0.0,0.0,E,8
05/29/2010,09:00,580.547,1328.754,213.59,1,8,64.976,1,8,185.236,1,8,25630.8,1,8,6172.752,1,8,20375.989,1,8,135.12,1,8,-9900,?,9,-9900,?,9,12.58,E,8,9.26,E,8,80.0,E,8,872.5394,E,8,999.0,E,8,0.65,E,8,-9900,?,9,-9900,?,9,0.0,E,8,-9900,?,9,-9900,?,9,0.0,0.0,E,8
05/29/2010,10:00,779.551,1328.754,339.94,1,8,91.201,1,8,286.464,1,8,40792.8,1,8,8664.142,1,8,31511.032,1,8,155.512,1,8,-9900,?,9,-9900,?,9,14.23,E,8,9.72,E,8,74.0,E,8,872.5394,E,8,999.0,E,8,0.89,E,8,-9900,?,9,-9900,?,9,0.0,E,8,-9900,?,9,-9900,?,9,0.0,0.0,E,8
05/29/2010,11:00,913.591,1328.754,435.96,1,8,142.529,1,8,337.995,1,8,52315.2,1,8,13540.298,1,8,37179.487,1,8,156.529,1,8,-9900,?,9,-9900,?,9,15.62,E,8,10.1,E,8,69.0,E,8,872.5394,E,8,999.0,E,8,1.58,E,8,-9900,?,9,-9900,?,9,0.0,E,8,-9900,?,9,-9900,?,9,0.0,0.0,E,8
05/29/2010,12:00,973.461,1328.754,625.51,1,8,427.165,1,8,312.643,1,8,75061.2,1,8,40580.673,1,8,34390.744,1,8,135.874,1,8,-9900,?,9,-9900,?,9,17.34,E,8,10.56,E,8,64.0,E,8,872.5394,E,8,999.0,E,8,1.81,E,8,-9900,?,9,-9900,?,9,0.0,E,8,-9900,?,9,-9900,?,9,0.0,0.0,E,8
05/29/2010,13:00,955.067,1328.754,628.74,1,8,484.017,1,8,280.939,1,8,75448.8,1,8,45981.649,1,8,30903.302,1,8,124.449,1,8,-9900,?,9,-9900,?,9,18.51,E,8,10.86,E,8,61.0,E,8,872.5394,E,8,999.0,E,8,2.35,E,8,-9900,?,9,-9900,?,9,0.0,E,8,-9900,?,9,-9900,?,9,0.0,0.0,E,8
05/29/2010,14:00,859.67,1328.754,648.58,1,8,781.383,1,8,143.252,1,8,77829.6,1,8,74231.343,1,8,15757.68,1,8,70.508,1,8,-9900,?,9,-9900,?,9,19.4,E,8,11.09,E,8,58.0,E,8,872.5394,E,8,999.0,E,8,2.31,E,8,-9900,?,9,-9900,?,9,0.0,E,8,-9900,?,9,-9900,?,9,0.0,0.0,E,8
05/29/2010,15:00,693.812,1328.754,484.59,1,8,619.137,1,8,161.559,1,8,58150.8,1,8,58817.977,1,8,17771.483,1,8,98.565,1,8,-9900,?,9,-9900,?,9,19.59,E,8,11.13,E,8,58.0,E,8,872.5394,E,8,999.0,E,8,2.43,E,8,-9900,?,9,-9900,?,9,0.0,E,8,-9900,?,9,-9900,?,9,0.0,0.0,E,8
05/29/2010,16:00,468.931,1328.754,360.57,1,8,632.36,1,8,137.859,1,8,43268.4,1,8,60074.237,1,8,15164.445,1,8,124.597,1,8,-9900,?,9,-9900,?,9,19.3,E,8,11.06,E,8,58.0,E,8,872.5394,E,8,999.0,E,8,1.79,E,8,-9900,?,9,-9900,?,9,0.0,E,8,-9900,?,9,-9900,?,9,0.0,0.0,E,8
05/29/2010,17:00,201.144,1328.754,184.36,1,8,388.469,1,8,126.243,1,8,22123.2,1,8,36904.525,1,8,13886.769,1,8,268.605,1,8,-9900,?,9,-9900,?,9,18.35,E,8,10.82,E,8,61.0,E,8,872.5394,E,8,999.0,E,8,1.37,E,8,-9900,?,9,-9900,?,9,0.0,E,8,-9900,?,9,-9900,?,9,0.0,0.0,E,8
05/29/2010,18:00,0.0,1328.754,9.36,1,8,0.0,1,8,0.0,1,8,1123.2,1,8,0.0,1,8,0.0,1,8,-0.0,1,8,-9900,?,9,-9900,?,9,17.46,E,8,10.59,E,8,64.0,E,8,872.5394,E,8,999.0,E,8,0.59,E,8,-9900,?,9,-9900,?,9,0.0,E,8,-9900,?,9,-9900,?,9,0.0,0.0,E,8
05/29/2010,19:00,0.0,1328.754,0.0,1,8,0.0,1,8,0.0,1,8,0.0,1,8,0.0,1,8,0.0,1,8,-0.0,1,8,-9900,?,9,-9900,?,9,16.57,E,8,10.35,E,8,66.0,E,8,872.5394,E,8,999.0,E,8,0.28,E,8,-9900,?,9,-9900,?,9,0.0,E,8,-9900,?,9,-9900,?,9,0.0,0.0,E,8
05/29/2010,20:00,0.0,1328.754,0.0,1,8,0.0,1,8,0.0,1,8,0.0,1,8,0.0,1,8,0.0,1,8,-0.0,1,8,-9900,?,9,-9900,?,9,15.68,E,8,10.12,E,8,69.0,E,8,872.5394,E,8,999.0,E,8,0.2,E,8,-9900,?,9,-9900,?,9,0.0,E,8,-9900,?,9,-9900,?,9,0.0,0.0,E,8
05/29/2010,21:00,0.0,1328.754,0.0,1,8,0.0,1,8,0.0,1,8,0.0,1,8,0.0,1,8,0.0,1,8,-0.0,1,8,-9900,?,9,-9900,?,9,14.79,E,8,9.88,E,8,72.0,E,8,872.5394,E,8,999.0,E,8,0.19,E,8,-9900,?,9,-9900,?,9,0.0,E,8,-9900,?,9,-9900,?,9,0.0,0.0,E,8
05/29/2010,22:00,0.0,1328.754,0.0,1,8,0.0,1,8,0.0,1,8,0.0,1,8,0.0,1,8,0.0,1,8,-0.0,1,8,-9900,?,9,-9900,?,9,13.89,E,8,9.63,E,8,75.0,E,8,872.5394,E,8,999.0,E,8,0.19,E,8,-9900,?,9,-9900,?,9,0.0,E,8,-9900,?,9,-9900,?,9,0.0,0.0,E,8
05/29/2010,23:00,0.0,1328.754,0.0,1,8,0.0,1,8,0.0,1,8,0.0,1,8,0.0,1,8,0.0,1,8,-0.0,1,8,-9900,?,9,-9900,?,9,13.0,E,8,9.38,E,8,78.0,E,8,872.5394,E,8,999.0,E,8,0.23,E,8,-9900,?,9,-9900,?,9,0.0,E,8,-9900,?,9,-9900,?,9,0.0,0.0,E,8
05/29/2010,24:00,0.0,1328.754,0.0,1,8,0.0,1,8,0.0,1,8,0.0,1,8,0.0,1,8,0.0,1,8,-0.0,1,8,-9900,?,9,-9900,?,9,12.11,E,8,8.99,E,8,81.0,E,8,872.5394,E,8,999.0,E,8,0.57,E,8,-9900,?,9,-9900,?,9,0.0,E,8,-9900,?,9,-9900,?,9,0.0,0.0,E,8
05/30/2010,01:00,0.0,1328.754,0.0,1,8,0.0,1,8,0.0,1,8,0.0,1,8,0.0,1,8,0.0,1,8,-0.0,1,8,-9900,?,9,-9900,?,9,11.66,E,8,8.83,E,8,82.0,E,8,872.5394,E,8,999.0,E,8,0.45,E,8,-9900,?,9,-9900,?,9,0.0,E,8,-9900,?,9,-9900,?,9,0.0,0.0,E,8
05/30/2010,02:00,0.0,1328.754,0.0,1,8,0.0,1,8,0.0,1,8,0.0,1,8,0.0,1,8,0.0,1,8,-0.0,1,8,-9900,?,9,-9900,?,9,11.22,E,8,8.69,E,8,84.0,E,8,872.5394,E,8,999.0,E,8,0.47,E,8,-9900,?,9,-9900,?,9,0.0,E,8,-9900,?,9,-9900,?,9,0.0,0.0,E,8
05/30/2010,03:00,0.0,1328.754,0.0,1,8,0.0,1,8,0.0,1,8,0.0,1,8,0.0,1,8,0.0,1,8,-0.0,1,8,-9900,?,9,-9900,?,9,10.77,E,8,8.53,E,8,86.0,E,8,872.5394,E,8,999.0,E,8,0.39,E,8,-9900,?,9,-9900,?,9,0.0,E,8,-9900,?,9,-9900,?,9,0.0,0.0,E,8
05/30/2010,04:00,0.0,1328.317,0.0,1,8,0.0,1,8,0.0,1,8,0.0,1,8,0.0,1,8,0.0,1,8,-0.0,1,8,-9900,?,9,-9900,?,9,10.33,E,8,8.38,E,8,87.0,E,8,872.5394,E,8,999.0,E,8,0.39,E,8,-9900,?,9,-9900,?,9,0.0,E,8,-9900,?,9,-9900,?,9,0.0,0.0,E,8
05/30/2010,05:00,0.0,1328.317,0.0,1,8,0.0,1,8,0.0,1,8,0.0,1,8,0.0,1,8,0.0,1,8,-0.0,1,8,-9900,?,9,-9900,?,9,9.88,E,8,8.23,E,8,89.0,E,8,872.5394,E,8,999.0,E,8,0.39,E,8,-9900,?,9,-9900,?,9,0.0,E,8,-9900,?,9,-9900,?,9,0.0,0.0,E,8
05/30/2010,06:00,0.0,1328.317,0.0,1,8,0.0,1,8,0.0,1,8,0.0,1,8,0.0,1,8,0.0,1,8,-0.0,1,8,-9900,?,9,-9900,?,9,9.53,E,8,8.1,E,8,90.0,E,8,872.5394,E,8,999.0,E,8,0.41,E,8,-9900,?,9,-9900,?,9,0.0,E,8,-9900,?,9,-9900,?,9,0.0,0.0,E,8
05/30/2010,07:00,48.493,1328.317,0.0,1,8,0.0,1,8,0.0,1,8,0.0,1,8,0.0,1,8,0.0,1,8,0.0,1,8,-9900,?,9,-9900,?,9,9.24,E,8,8.0,E,8,91.0,E,8,872.5394,E,8,999.0,E,8,0.46,E,8,-9900,?,9,-9900,?,9,0.0,E,8,-9900,?,9,-9900,?,9,0.0,0.0,E,8
05/30/2010,08:00,328.029,1328.317,41.71,1,8,0.0,1,8,41.71,1,8,5005.2,1,8,0.0,1,8,4588.1,1,8,54.0,1,8,-9900,?,9,-9900,?,9,8.95,E,8,7.9,E,8,93.0,E,8,872.5394,E,8,999.0,E,8,0.88,E,8,-9900,?,9,-9900,?,9,0.0,E,8,-9900,?,9,-9900,?,9,0.0,0.0,E,8
05/30/2010,09:00,577.877,1328.317,167.86,1,8,32.598,1,8,153.696,1,8,20143.2,1,8,3096.791,1,8,16906.584,1,8,112.596,1,8,-9900,?,9,-9900,?,9,11.62,E,8,8.82,E,8,82.0,E,8,872.5394,E,8,999.0,E,8,1.18,E,8,-9900,?,9,-9900,?,9,0.0,E,8,-9900,?,9,-9900,?,9,0.0,0.0,E,8
05/30/2010,10:00,776.737,1328.317,341.37,1,8,117.182,1,8,272.886,1,8,40964.4,1,8,11132.299,1,8,30017.466,1,8,148.629,1,8,-9900,?,9,-9900,?,9,13.63,E,8,9.48,E,8,76.0,E,8,872.5394,E,8,999.0,E,8,1.55,E,8,-9900,?,9,-9900,?,9,0.0,E,8,-9900,?,9,-9900,?,9,0.0,0.0,E,8
05/30/2010,11:00,910.749,1328.317,420.11,1,8,124.75,1,8,334.605,1,8,50413.2,1,8,11851.249,1,8,36806.495,1,8,155.392,1,8,-9900,?,9,-9900,?,9,15.13,E,8,9.96,E,8,71.0,E,8,872.5394,E,8,999.0,E,8,2.23,E,8,-9900,?,9,-9900,?,9,0.0,E,8,-9900,?,9,-9900,?,9,0.0,0.0,E,8
05/30/2010,12:00,970.711,1328.317,616.32,1,8,412.59,1,8,314.883,1,8,73958.4,1,8,39196.083,1,8,34637.154,1,8,137.19,1,8,-9900,?,9,-9900,?,9,17.04,E,8,10.55,E,8,65.0,E,8,872.5394,E,8,999.0,E,8,3.08,E,8,-9900,?,9,-9900,?,9,0.0,E,8,-9900,?,9,-9900,?,9,0.0,0.0,E,8
05/30/2010,13:00,952.521,1328.317,654.4,1,8,583.554,1,8,236.056,1,8,78528.0,1,8,55437.655,1,8,25966.161,1,8,104.812,1,8,-9900,?,9,-9900,?,9,18.47,E,8,10.98,E,8,61.0,E,8,872.5394,E,8,999.0,E,8,3.89,E,8,-9900,?,9,-9900,?,9,0.0,E,8,-9900,?,9,-9900,?,9,0.0,0.0,E,8
05/30/2010,14:00,857.426,1328.317,577.74,1,8,556.914,1,8,218.401,1,8,69328.8,1,8,52906.828,1,8,24024.085,1,8,107.743,1,8,-9900,?,9,-9900,?,9,19.21,E,8,11.19,E,8,59.0,E,8,872.5394,E,8,999.0,E,8,3.13,E,8,-9900,?,9,-9900,?,9,0.0,E,8,-9900,?,9,-9900,?,9,0.0,0.0,E,8
05/30/2010,15:00,691.948,1328.317,501.21,1,8,679.878,1,8,147.326,1,8,60145.2,1,8,64588.412,1,8,16205.831,1,8,90.095,1,8,-9900,?,9,-9900,?,9,19.53,E,8,11.29,E,8,58.0,E,8,872.5394,E,8,999.0,E,8,3.14,E,8,-9900,?,9,-9900,?,9,0.0,E,8,-9900,?,9,-9900,?,9,0.0,0.0,E,8
05/30/2010,16:00,467.499,1328.317,348.2,1,8,627.159,1,8,127.925,1,8,41784.0,1,8,59580.145,1,8,14071.764,1,8,115.936,1,8,-9900,?,9,-9900,?,9,19.2,E,8,11.19,E,8,59.0,E,8,872.5394,E,8,999.0,E,8,2.05,E,8,-9900,?,9,-9900,?,9,0.0,E,8,-9900,?,9,-9900,?,9,0.0,0.0,E,8
05/30/2010,17:00,200.171,1328.317,131.94,1,8,422.914,1,8,68.962,1,8,15832.8,1,8,40176.851,1,8,7585.821,1,8,147.409,1,8,-9900,?,9,-9900,?,9,18.01,E,8,10.84,E,8,62.0,E,8,872.5394,E,8,999.0,E,8,0.75,E,8,-9900,?,9,-9900,?,9,0.0,E,8,-9900,?,9,-9900,?,9,0.0,0.0,E,8
05/30/2010,18:00,0.0,1328.317,5.18,1,8,0.0,1,8,0.0,1,8,621.6,1,8,0.0,1,8,0.0,1,8,-0.0,1,8,-9900,?,9,-9900,?,9,17.42,E,8,10.66,E,8,64.0,E,8,872.5394,E,8,999.0,E,8,0.54,E,8,-9900,?,9,-9900,?,9,0.0,E,8,-9900,?,9,-9900,?,9,0.0,0.0,E,8
05/30/2010,19:00,0.0,1328.317,0.0,1,8,0.0,1,8,0.0,1,8,0.0,1,8,0.0,1,8,0.0,1,8,-0.0,1,8,-9900,?,9,-9900,?,9,16.82,E,8,10.48,E,8,66.0,E,8,872.5394,E,8,999.0,E,8,0.39,E,8,-9900,?,9,-9900,?,9,0.0,E,8,-9900,?,9,-9900,?,9,0.0,0.0,E,8
05/30/2010,20:00,0.0,1328.317,0.0,1,8,0.0,1,8,0.0,1,8,0.0,1,8,0.0,1,8,0.0,1,8,-0.0,1,8,-9900,?,9,-9900,?,9,16.23,E,8,10.3,E,8,67.0,E,8,872.5394,E,8,999.0,E,8,0.39,E,8,-9900,?,9,-9900,?,9,0.0,E,8,-9900,?,9,-9900,?,9,0.0,0.0,E,8
05/30/2010,21:00,0.0,1328.317,0.0,1,8,0.0,1,8,0.0,1,8,0.0,1,8,0.0,1,8,0.0,1,8,-0.0,1,8,-9900,?,9,-9900,?,9,15.64,E,8,10.12,E,8,69.0,E,8,872.5394,E,8,999.0,E,8,0.39,E,8,-9900,?,9,-9900,?,9,0.0,E,8,-9900,?,9,-9900,?,9,0.0,0.0,E,8
05/30/2010,22:00,0.0,1328.317,0.0,1,8,0.0,1,8,0.0,1,8,0.0,1,8,0.0,1,8,0.0,1,8,-0.0,1,8,-9900,?,9,-9900,?,9,15.05,E,8,9.94,E,8,71.0,E,8,872.5394,E,8,999.0,E,8,0.39,E,8,-9900,?,9,-9900,?,9,0.0,E,8,-9900,?,9,-9900,?,9,0.0,0.0,E,8
05/30/2010,23:00,0.0,1328.317,0.0,1,8,0.0,1,8,0.0,1,8,0.0,1,8,0.0,1,8,0.0,1,8,-0.0,1,8,-9900,?,9,-9900,?,9,14.45,E,8,9.75,E,8,73.0,E,8,872.5394,E,8,999.0,E,8,0.39,E,8,-9900,?,9,-9900,?,9,0.0,E,8,-9900,?,9,-9900,?,9,0.0,0.0,E,8
05/30/2010,24:00,0.0,1328.317,0.0,1,8,0.0,1,8,0.0,1,8,0.0,1,8,0.0,1,8,0.0,1,8,-0.0,1,8,-9900,?,9,-9900,?,9,13.86,E,8,12.73,E,8,91.0,E,8,872.5394,E,8,999.0,E,8,0.7,E,8,-9900,?,9,-9900,?,9,0.001,E,8,-9900,?,9,-9900,?,9,0.01,99.0,E,8
05/31/2010,01:00,0.0,1328.317,0.0,1,8,0.0,1,8,0.0,1,8,0.0,1,8,0.0,1,8,0.0,1,8,-0.0,1,8,-9900,?,9,-9900,?,9,13.57,E,8,12.54,E,8,97.0,E,8,872.5394,E,8,999.0,E,8,0.8,E,8,-9900,?,9,-9900,?,9,0.877,E,8,-9900,?,9,-9900,?,9,8.77,99.0,E,8
05/31/2010,02:00,0.0,1328.317,0.0,1,8,0.0,1,8,0.0,1,8,0.0,1,8,0.0,1,8,0.0,1,8,-0.0,1,8,-9900,?,9,-9900,?,9,13.27,E,8,12.35,E,8,92.0,E,8,872.5394,E,8,999.0,E,8,0.7,E,8,-9900,?,9,-9900,?,9,0.017,E,8,-9900,?,9,-9900,?,9,0.17,99.0,E,8
05/31/2010,03:00,0.0,1328.317,0.0,1,8,0.0,1,8,0.0,1,8,0.0,1,8,0.0,1,8,0.0,1,8,-0.0,1,8,-9900,?,9,-9900,?,9,12.97,E,8,12.15,E,8,92.0,E,8,872.5394,E,8,999.0,E,8,0.7,E,8,-9900,?,9,-9900,?,9,0.027000000000000003,E,8,-9900,?,9,-9900,?,9,0.27,99.0,E,8
05/31/2010,04:00,0.0,1327.891,0.0,1,8,0.0,1,8,0.0,1,8,0.0,1,8,0.0,1,8,0.0,1,8,-0.0,1,8,-9900,?,9,-9900,?,9,12.68,E,8,11.96,E,8,92.0,E,8,872.5394,E,8,999.0,E,8,0.7,E,8,-9900,?,9,-9900,?,9,0.053000000000000005,E,8,-9900,?,9,-9900,?,9,0.53,99.0,E,8
05/31/2010,05:00,0.0,1327.891,0.0,1,8,0.0,1,8,0.0,1,8,0.0,1,8,0.0,1,8,0.0,1,8,-0.0,1,8,-9900,?,9,-9900,?,9,12.38,E,8,11.76,E,8,93.0,E,8,872.5394,E,8,999.0,E,8,0.7,E,8,-9900,?,9,-9900,?,9,0.003,E,8,-9900,?,9,-9900,?,9,0.03,99.0,E,8
05/31/2010,06:00,0.0,1327.891,0.0,1,8,0.0,1,8,0.0,1,8,0.0,1,8,0.0,1,8,0.0,1,8,-0.0,1,8,-9900,?,9,-9900,?,9,12.15,E,8,11.6,E,8,90.0,E,8,872.5394,E,8,999.0,E,8,0.7,E,8,-9900,?,9,-9900,?,9,0.0,E,8,-9900,?,9,-9900,?,9,0.0,0.0,E,8
05/31/2010,07:00,46.579,1327.891,0.0,1,8,0.0,1,8,0.0,1,8,0.0,1,8,0.0,1,8,0.0,1,8,0.0,1,8,-9900,?,9,-9900,?,9,11.96,E,8,11.47,E,8,93.0,E,8,872.5394,E,8,999.0,E,8,0.7,E,8,-9900,?,9,-9900,?,9,0.011,E,8,-9900,?,9,-9900,?,9,0.11,99.0,E,8
05/31/2010,08:00,325.657,1327.891,30.68,1,8,0.0,1,8,30.68,1,8,3681.6,1,8,0.0,1,8,3374.8,1,8,39.999,1,8,-9900,?,9,-9900,?,9,11.76,E,8,11.33,E,8,93.0,E,8,872.5394,E,8,999.0,E,8,0.7,E,8,-9900,?,9,-9900,?,9,0.001,E,8,-9900,?,9,-9900,?,9,0.01,99.0,E,8
05/31/2010,09:00,575.266,1327.891,120.31,1,8,0.0,1,8,120.31,1,8,14437.2,1,8,0.0,1,8,13234.1,1,8,88.51,1,8,-9900,?,9,-9900,?,9,13.87,E,8,12.73,E,8,88.0,E,8,872.5394,E,8,999.0,E,8,0.7,E,8,-9900,?,9,-9900,?,9,0.0,E,8,-9900,?,9,-9900,?,9,0.0,0.0,E,8
05/31/2010,10:00,773.997,1327.891,202.37,1,8,5.623,1,8,199.095,1,8,24284.4,1,8,534.148,1,8,21900.403,1,8,108.788,1,8,-9900,?,9,-9900,?,9,15.05,E,8,13.47,E,8,87.0,E,8,872.5394,E,8,999.0,E,8,0.7,E,8,-9900,?,9,-9900,?,9,0.0,E,8,-9900,?,9,-9900,?,9,0.0,0.0,E,8
05/31/2010,11:00,907.996,1327.891,264.28,1,8,9.003,1,8,258.126,1,8,31713.6,1,8,855.279,1,8,28393.856,1,8,120.2,1,8,-9900,?,9,-9900,?,9,16.07,E,8,14.08,E,8,88.0,E,8,872.5394,E,8,999.0,E,8,0.7,E,8,-9900,?,9,-9900,?,9,0.004,E,8,-9900,?,9,-9900,?,9,0.04,99.0,E,8
05/31/2010,12:00,968.061,1327.891,300.59,1,8,11.136,1,8,292.474,1,8,36070.8,1,8,1057.918,1,8,32172.111,1,8,127.735,1,8,-9900,?,9,-9900,?,9,16.89,E,8,14.55,E,8,87.0,E,8,872.5394,E,8,999.0,E,8,0.79,E,8,-9900,?,9,-9900,?,9,0.007000000000000001,E,8,-9900,?,9,-9900,?,9,0.07,99.0,E,8
05/31/2010,13:00,950.082,1327.891,308.48,1,8,13.117,1,8,299.098,1,8,37017.6,1,8,1246.121,1,8,32900.736,1,8,133.102,1,8,-9900,?,9,-9900,?,9,17.47,E,8,14.88,E,8,84.0,E,8,872.5394,E,8,999.0,E,8,0.7,E,8,-9900,?,9,-9900,?,9,0.0,E,8,-9900,?,9,-9900,?,9,0.0,0.0,E,8
05/31/2010,14:00,855.294,1327.891,287.35,1,8,15.765,1,8,277.2,1,8,34482.0,1,8,1497.678,1,8,30491.994,1,8,137.047,1,8,-9900,?,9,-9900,?,9,17.8,E,8,15.07,E,8,83.0,E,8,872.5394,E,8,999.0,E,8,0.91,E,8,-9900,?,9,-9900,?,9,0.0,E,8,-9900,?,9,-9900,?,9,0.0,0.0,E,8
05/31/2010,15:00,690.196,1327.891,238.81,1,8,25.026,1,8,225.812,1,8,28657.2,1,8,2377.515,1,8,24839.355,1,8,138.398,1,8,-9900,?,9,-9900,?,9,17.88,E,8,15.11,E,8,83.0,E,8,872.5394,E,8,999.0,E,8,1.3,E,8,-9900,?,9,-9900,?,9,0.0,E,8,-9900,?,9,-9900,?,9,0.0,0.0,E,8
05/31/2010,16:00,466.174,1327.891,166.79,1,8,69.238,1,8,142.533,1,8,20014.8,1,8,6577.636,1,8,15678.642,1,8,129.502,1,8,-9900,?,9,-9900,?,9,17.61,E,8,14.96,E,8,84.0,E,8,872.5394,E,8,999.0,E,8,1.46,E,8,-9900,?,9,-9900,?,9,0.0,E,8,-9900,?,9,-9900,?,9,0.0,0.0,E,8
05/31/2010,17:00,199.297,1327.891,78.66,1,8,183.291,1,8,51.478,1,8,9439.2,1,8,17412.662,1,8,5662.627,1,8,110.495,1,8,-9900,?,9,-9900,?,9,16.97,E,8,14.6,E,8,84.0,E,8,872.5394,E,8,999.0,E,8,0.95,E,8,-9900,?,9,-9900,?,9,0.0,E,8,-9900,?,9,-9900,?,9,0.0,0.0,E,8
05/31/2010,18:00,0.0,1327.891,49.614,1,8,0.0,1,8,0.0,1,8,5953.68,1,8,0.0,1,8,0.0,1,8,-0.0,1,8,-9900,?,9,-9900,?,9,16.486,E,8,14.316,E,8,85.0,E,8,872.5394,E,8,999.0,E,8,0.912,E,8,-9900,?,9,-9900,?,9,0.0,E,8,-9900,?,9,-9900,?,9,0.0,0.0,E,8
05/31/2010,19:00,0.0,1327.891,16.256,1,8,0.0,1,8,0.0,1,8,1950.72,1,8,0.0,1,8,0.0,1,8,-0.0,1,8,-9900,?,9,-9900,?,9,15.95,E,8,14.004,E,8,85.6,E,8,872.5394,E,8,999.0,E,8,0.76,E,8,-9900,?,9,-9900,?,9,0.0,E,8,-9900,?,9,-9900,?,9,0.0,0.0,E,8
05/31/2010,20:00,0.0,1327.891,0.524,1,8,0.0,1,8,0.0,1,8,62.88,1,8,0.0,1,8,0.0,1,8,-0.0,1,8,-9900,?,9,-9900,?,9,15.44,E,8,13.7,E,8,86.4,E,8,872.5394,E,8,999.0,E,8,0.71,E,8,-9900,?,9,-9900,?,9,0.0,E,8,-9900,?,9,-9900,?,9,0.0,0.0,E,8
05/31/2010,21:00,0.0,1327.891,0.0,1,8,0.0,1,8,0.0,1,8,0.0,1,8,0.0,1,8,0.0,1,8,-0.0,1,8,-9900,?,9,-9900,?,9,14.93,E,8,13.39,E,8,87.0,E,8,872.5394,E,8,999.0,E,8,0.708,E,8,-9900,?,9,-9900,?,9,0.0,E,8,-9900,?,9,-9900,?,9,0.0,0.0,E,8
05/31/2010,22:00,0.0,1327.891,0.0,1,8,0.0,1,8,0.0,1,8,0.0,1,8,0.0,1,8,0.0,1,8,-0.0,1,8,-9900,?,9,-9900,?,9,14.066,E,8,12.388,E,8,86.4,E,8,872.5394,E,8,999.0,E,8,0.604,E,8,-9900,?,9,-9900,?,9,0.0,E,8,-9900,?,9,-9900,?,9,0.0,0.0,E,8
05/31/2010,23:00,0.0,1327.891,0.0,1,8,0.0,1,8,0.0,1,8,0.0,1,8,0.0,1,8,0.0,1,8,-0.0,1,8,-9900,?,9,-9900,?,9,13.212,E,8,11.42,E,8,86.2,E,8,872.5394,E,8,999.0,E,8,0.508,E,8,-9900,?,9,-9900,?,9,0.0,E,8,-9900,?,9,-9900,?,9,0.0,0.0,E,8
05/31/2011,24:00,0.0,1327.891,0.0,1,8,0.0,1,8,0.0,1,8,0.0,1,8,0.0,1,8,0.0,1,8,-0.0,1,8,-9900,?,9,-9900,?,9,12.368,E,8,10.484,E,8,86.2,E,8,872.5394,E,8,999.0,E,8,0.412,E,8,-9900,?,9,-9900,?,9,0.0,E,8,-9900,?,9,-9900,?,9,0.0,0.0,E,8
06/01/2011,01:00,0.0,1327.891,0.0,1,8,0.0,1,8,0.0,1,8,0.0,1,8,0.0,1,8,0.0,1,8,-0.0,1,8,-9900,?,9,-9900,?,9,11.534,E,8,9.584,E,8,86.4,E,8,872.5394,E,8,999.0,E,8,0.316,E,8,-9900,?,9,-9900,?,9,0.0,E,8,-9900,?,9,-9900,?,9,0.0,0.0,E,8
06/01/2011,02:00,0.0,1327.891,0.0,1,8,0.0,1,8,0.0,1,8,0.0,1,8,0.0,1,8,0.0,1,8,-0.0,1,8,-9900,?,9,-9900,?,9,10.71,E,8,8.72,E,8,87.0,E,8,872.5394,E,8,999.0,E,8,0.22,E,8,-9900,?,9,-9900,?,9,0.0,E,8,-9900,?,9,-9900,?,9,0.0,0.0,E,8
06/01/2011,03:00,0.0,1327.891,0.0,1,8,0.0,1,8,0.0,1,8,0.0,1,8,0.0,1,8,0.0,1,8,-0.0,1,8,-9900,?,9,-9900,?,9,10.252,E,8,8.58,E,8,89.0,E,8,872.5394,E,8,999.0,E,8,0.22,E,8,-9900,?,9,-9900,?,9,0.0,E,8,-9900,?,9,-9900,?,9,0.0,0.0,E,8
06/01/2011,04:00,0.0,1327.476,0.0,1,8,0.0,1,8,0.0,1,8,0.0,1,8,0.0,1,8,0.0,1,8,-0.0,1,8,-9900,?,9,-9900,?,9,9.814,E,8,8.446,E,8,90.8,E,8,872.5394,E,8,999.0,E,8,0.22,E,8,-9900,?,9,-9900,?,9,0.0,E,8,-9900,?,9,-9900,?,9,0.0,0.0,E,8
06/01/2011,05:00,0.0,1327.476,0.0,1,8,0.0,1,8,0.0,1,8,0.0,1,8,0.0,1,8,0.0,1,8,-0.0,1,8,-9900,?,9,-9900,?,9,9.408,E,8,8.322,E,8,92.6,E,8,872.5394,E,8,999.0,E,8,0.22,E,8,-9900,?,9,-9900,?,9,0.0,E,8,-9900,?,9,-9900,?,9,0.0,0.0,E,8
06/01/2011,06:00,0.0,1327.476,0.0,1,8,0.0,1,8,0.0,1,8,0.0,1,8,0.0,1,8,0.0,1,8,-0.0,1,8,-9900,?,9,-9900,?,9,8.98,E,8,8.19,E,8,94.0,E,8,872.5394,E,8,999.0,E,8,0.22,E,8,-9900,?,9,-9900,?,9,0.0,E,8,-9900,?,9,-9900,?,9,0.0,0.0,E,8
06/01/2011,07:00,45.048,1327.476,0.0,1,8,0.0,1,8,0.0,1,8,0.0,1,8,0.0,1,8,0.0,1,8,0.0,1,8,-9900,?,9,-9900,?,9,8.68,E,8,8.1,E,8,96.0,E,8,872.5394,E,8,999.0,E,8,0.22,E,8,-9900,?,9,-9900,?,9,0.0,E,8,-9900,?,9,-9900,?,9,0.0,0.0,E,8
06/01/2011,08:00,323.768,1327.476,46.63,1,8,0.0,1,8,46.63,1,8,5595.6,1,8,0.0,1,8,5129.3,1,8,61.133,1,8,-9900,?,9,-9900,?,9,8.38,E,8,8.0,E,8,97.0,E,8,872.5394,E,8,999.0,E,8,0.22,E,8,-9900,?,9,-9900,?,9,0.0,E,8,-9900,?,9,-9900,?,9,0.0,0.0,E,8
06/01/2011,09:00,573.203,1327.476,184.92,1,8,27.939,1,8,172.871,1,8,22190.4,1,8,2654.167,1,8,19015.865,1,8,127.598,1,8,-9900,?,9,-9900,?,9,12.02,E,8,9.11,E,8,82.0,E,8,872.5394,E,8,999.0,E,8,0.3,E,8,-9900,?,9,-9900,?,9,0.0,E,8,-9900,?,9,-9900,?,9,0.0,0.0,E,8
06/01/2011,10:00,771.853,1327.476,311.73,1,8,67.071,1,8,272.754,1,8,37407.6,1,8,6371.775,1,8,30002.956,1,8,149.404,1,8,-9900,?,9,-9900,?,9,14.08,E,8,9.71,E,8,74.0,E,8,872.5394,E,8,999.0,E,8,0.4,E,8,-9900,?,9,-9900,?,9,0.0,E,8,-9900,?,9,-9900,?,9,0.0,0.0,E,8
06/01/2011,11:00,905.868,1327.476,407.46,1,8,124.976,1,8,322.205,1,8,48895.2,1,8,11872.711,1,8,35442.585,1,8,150.346,1,8,-9900,?,9,-9900,?,9,15.86,E,8,10.2,E,8,69.0,E,8,872.5394,E,8,999.0,E,8,1.23,E,8,-9900,?,9,-9900,?,9,0.0,E,8,-9900,?,9,-9900,?,9,0.0,0.0,E,8
06/01/2011,12:00,966.043,1327.476,463.66,1,8,153.465,1,8,352.008,1,8,55639.2,1,8,14579.189,1,8,38720.886,1,8,154.009,1,8,-9900,?,9,-9900,?,9,17.28,E,8,10.59,E,8,64.0,E,8,872.5394,E,8,999.0,E,8,2.0,E,8,-9900,?,9,-9900,?,9,0.0,E,8,-9900,?,9,-9900,?,9,0.0,0.0,E,8
06/01/2011,13:00,948.261,1327.476,475.95,1,8,186.088,1,8,343.058,1,8,57114.0,1,8,17678.396,1,8,37736.405,1,8,152.911,1,8,-9900,?,9,-9900,?,9,18.29,E,8,10.86,E,8,61.0,E,8,872.5394,E,8,999.0,E,8,2.61,E,8,-9900,?,9,-9900,?,9,0.0,E,8,-9900,?,9,-9900,?,9,0.0,0.0,E,8
06/01/2011,14:00,853.742,1327.476,443.41,1,8,192.85,1,8,319.433,1,8,53209.2,1,8,18320.797,1,8,35137.658,1,8,158.165,1,8,-9900,?,9,-9900,?,9,18.87,E,8,11.01,E,8,60.0,E,8,872.5394,E,8,999.0,E,8,3.11,E,8,-9900,?,9,-9900,?,9,0.0,E,8,-9900,?,9,-9900,?,9,0.0,0.0,E,8
06/01/2011,15:00,688.968,1327.476,368.51,1,8,295.952,1,8,215.031,1,8,44221.2,1,8,28115.453,1,8,23653.399,1,8,131.985,1,8,-9900,?,9,-9900,?,9,19.01,E,8,11.05,E,8,59.0,E,8,872.5394,E,8,999.0,E,8,3.35,E,8,-9900,?,9,-9900,?,9,0.0,E,8,-9900,?,9,-9900,?,9,0.0,0.0,E,8
06/01/2011,16:00,465.304,1327.476,257.31,1,8,331.027,1,8,141.519,1,8,30877.2,1,8,31447.568,1,8,15567.132,1,8,128.782,1,8,-9900,?,9,-9900,?,9,18.53,E,8,10.92,E,8,61.0,E,8,872.5394,E,8,999.0,E,8,2.44,E,8,-9900,?,9,-9900,?,9,0.0,E,8,-9900,?,9,-9900,?,9,0.0,0.0,E,8
06/01/2011,17:00,198.793,1327.476,121.24,1,8,379.892,1,8,65.031,1,8,14548.8,1,8,36089.703,1,8,7153.38,1,8,139.901,1,8,-9900,?,9,-9900,?,9,17.42,E,8,10.63,E,8,64.0,E,8,872.5394,E,8,999.0,E,8,1.65,E,8,-9900,?,9,-9900,?,9,0.0,E,8,-9900,?,9,-9900,?,9,0.0,0.0,E,8
06/01/2011,18:00,0.0,1327.476,3.99,1,8,0.0,1,8,0.0,1,8,478.8,1,8,0.0,1,8,0.0,1,8,-0.0,1,8,-9900,?,9,-9900,?,9,16.71,E,8,10.43,E,8,66.0,E,8,872.5394,E,8,999.0,E,8,0.72,E,8,-9900,?,9,-9900,?,9,0.0,E,8,-9900,?,9,-9900,?,9,0.0,0.0,E,8
06/01/2011,19:00,0.0,1327.476,0.0,1,8,0.0,1,8,0.0,1,8,0.0,1,8,0.0,1,8,0.0,1,8,-0.0,1,8,-9900,?,9,-9900,?,9,16.01,E,8,10.24,E,8,68.0,E,8,872.5394,E,8,999.0,E,8,0.3,E,8,-9900,?,9,-9900,?,9,0.0,E,8,-9900,?,9,-9900,?,9,0.0,0.0,E,8
06/01/2011,20:00,0.0,1327.476,0.0,1,8,0.0,1,8,0.0,1,8,0.0,1,8,0.0,1,8,0.0,1,8,-0.0,1,8,-9900,?,9,-9900,?,9,15.3,E,8,10.05,E,8,70.0,E,8,872.5394,E,8,999.0,E,8,0.22,E,8,-9900,?,9,-9900,?,9,0.0,E,8,-9900,?,9,-9900,?,9,0.0,0.0,E,8
06/01/2011,21:00,0.0,1327.476,0.0,1,8,0.0,1,8,0.0,1,8,0.0,1,8,0.0,1,8,0.0,1,8,-0.0,1,8,-9900,?,9,-9900,?,9,14.6,E,8,9.85,E,8,73.0,E,8,872.5394,E,8,999.0,E,8,0.22,E,8,-9900,?,9,-9900,?,9,0.0,E,8,-9900,?,9,-9900,?,9,0.0,0.0,E,8
06/01/2011,22:00,0.0,1327.476,0.0,1,8,0.0,1,8,0.0,1,8,0.0,1,8,0.0,1,8,0.0,1,8,-0.0,1,8,-9900,?,9,-9900,?,9,13.89,E,8,9.65,E,8,75.0,E,8,872.5394,E,8,999.0,E,8,0.22,E,8,-9900,?,9,-9900,?,9,0.0,E,8,-9900,?,9,-9900,?,9,0.0,0.0,E,8
06/01/2011,23:00,0.0,1327.476,0.0,1,8,0.0,1,8,0.0,1,8,0.0,1,8,0.0,1,8,0.0,1,8,-0.0,1,8,-9900,?,9,-9900,?,9,13.19,E,8,9.45,E,8,78.0,E,8,872.5394,E,8,999.0,E,8,0.27,E,8,-9900,?,9,-9900,?,9,0.0,E,8,-9900,?,9,-9900,?,9,0.0,0.0,E,8
06/01/2011,24:00,0.0,1327.476,0.0,1,8,0.0,1,8,0.0,1,8,0.0,1,8,0.0,1,8,0.0,1,8,-0.0,1,8,-9900,?,9,-9900,?,9,12.48,E,8,10.67,E,8,88.0,E,8,872.5394,E,8,999.0,E,8,0.15,E,8,-9900,?,9,-9900,?,9,0.0,E,8,-9900,?,9,-9900,?,9,0.0,0.0,E,8
06/02/2011,01:00,0.0,1327.476,0.0,1,8,0.0,1,8,0.0,1,8,0.0,1,8,0.0,1,8,0.0,1,8,-0.0,1,8,-9900,?,9,-9900,?,9,12.13,E,8,10.57,E,8,90.0,E,8,872.5394,E,8,999.0,E,8,0.26,E,8,-9900,?,9,-9900,?,9,0.0,E,8,-9900,?,9,-9900,?,9,0.0,0.0,E,8
06/02/2011,02:00,0.0,1327.476,0.0,1,8,0.0,1,8,0.0,1,8,0.0,1,8,0.0,1,8,0.0,1,8,-0.0,1,8,-9900,?,9,-9900,?,9,11.78,E,8,10.47,E,8,91.0,E,8,872.5394,E,8,999.0,E,8,0.27,E,8,-9900,?,9,-9900,?,9,0.0,E,8,-9900,?,9,-9900,?,9,0.0,0.0,E,8
06/02/2011,03:00,0.0,1327.476,0.0,1,8,0.0,1,8,0.0,1,8,0.0,1,8,0.0,1,8,0.0,1,8,-0.0,1,8,-9900,?,9,-9900,?,9,11.43,E,8,10.37,E,8,93.0,E,8,872.5394,E,8,999.0,E,8,0.31,E,8,-9900,?,9,-9900,?,9,0.0,E,8,-9900,?,9,-9900,?,9,0.0,0.0,E,8
06/02/2011,04:00,0.0,1327.072,0.0,1,8,0.0,1,8,0.0,1,8,0.0,1,8,0.0,1,8,0.0,1,8,-0.0,1,8,-9900,?,9,-9900,?,9,11.07,E,8,10.27,E,8,94.0,E,8,872.5394,E,8,999.0,E,8,0.41,E,8,-9900,?,9,-9900,?,9,0.0,E,8,-9900,?,9,-9900,?,9,0.0,0.0,E,8
06/02/2011,05:00,0.0,1327.072,0.0,1,8,0.0,1,8,0.0,1,8,0.0,1,8,0.0,1,8,0.0,1,8,-0.0,1,8,-9900,?,9,-9900,?,9,10.72,E,8,10.17,E,8,96.0,E,8,872.5394,E,8,999.0,E,8,0.46,E,8,-9900,?,9,-9900,?,9,0.0,E,8,-9900,?,9,-9900,?,9,0.0,0.0,E,8
06/02/2011,06:00,0.0,1327.072,0.0,1,8,0.0,1,8,0.0,1,8,0.0,1,8,0.0,1,8,0.0,1,8,-0.0,1,8,-9900,?,9,-9900,?,9,10.45,E,8,10.09,E,8,97.0,E,8,872.5394,E,8,999.0,E,8,0.58,E,8,-9900,?,9,-9900,?,9,0.0,E,8,-9900,?,9,-9900,?,9,0.0,0.0,E,8
06/02/2011,07:00,43.177,1327.072,0.0,1,8,0.0,1,8,0.0,1,8,0.0,1,8,0.0,1,8,0.0,1,8,0.0,1,8,-9900,?,9,-9900,?,9,10.21,E,8,10.02,E,8,98.0,E,8,872.5394,E,8,999.0,E,8,0.56,E,8,-9900,?,9,-9900,?,9,0.0,E,8,-9900,?,9,-9900,?,9,0.0,0.0,E,8
06/02/2011,08:00,321.462,1327.072,35.89,1,8,0.0,1,8,35.89,1,8,4306.8,1,8,0.0,1,8,3947.9,1,8,47.379,1,8,-9900,?,9,-9900,?,9,9.98,E,8,9.95,E,8,99.0,E,8,872.5394,E,8,999.0,E,8,0.47,E,8,-9900,?,9,-9900,?,9,0.0,E,8,-9900,?,9,-9900,?,9,0.0,0.0,E,8
06/02/2011,09:00,570.688,1327.072,207.41,1,8,67.438,1,8,178.446,1,8,24889.2,1,8,6406.637,1,8,19629.105,1,8,132.255,1,8,-9900,?,9,-9900,?,9,12.93,E,8,10.8,E,8,86.0,E,8,872.5394,E,8,999.0,E,8,0.64,E,8,-9900,?,9,-9900,?,9,0.0,E,8,-9900,?,9,-9900,?,9,0.0,0.0,E,8
06/02/2011,10:00,769.241,1327.072,146.11,1,8,0.718,1,8,145.694,1,8,17533.2,1,8,68.225,1,8,16026.335,1,8,80.053,1,8,-9900,?,9,-9900,?,9,13.13,E,8,10.85,E,8,86.0,E,8,872.5394,E,8,999.0,E,8,0.91,E,8,-9900,?,9,-9900,?,9,0.0,E,8,-9900,?,9,-9900,?,9,0.0,0.0,E,8
06/02/2011,11:00,903.271,1327.072,513.38,1,8,264.683,1,8,333.285,1,8,61605.6,1,8,25144.874,1,8,36661.345,1,8,155.916,1,8,-9900,?,9,-9900,?,9,15.46,E,8,11.49,E,8,77.0,E,8,872.5394,E,8,999.0,E,8,1.53,E,8,-9900,?,9,-9900,?,9,0.0,E,8,-9900,?,9,-9900,?,9,0.0,0.0,E,8
06/02/2011,12:00,963.573,1327.072,371.67,1,8,78.632,1,8,314.591,1,8,44600.4,1,8,7470.018,1,8,34605.048,1,8,137.95,1,8,-9900,?,9,-9900,?,9,16.17,E,8,11.68,E,8,74.0,E,8,872.5394,E,8,999.0,E,8,1.81,E,8,-9900,?,9,-9900,?,9,0.0,E,8,-9900,?,9,-9900,?,9,0.0,0.0,E,8
06/02/2011,13:00,946.02,1327.072,724.47,1,8,677.611,1,8,241.564,1,8,86936.4,1,8,64373.005,1,8,26572.05,1,8,107.895,1,8,-9900,?,9,-9900,?,9,18.06,E,8,12.17,E,8,68.0,E,8,872.5394,E,8,999.0,E,8,2.62,E,8,-9900,?,9,-9900,?,9,0.0,E,8,-9900,?,9,-9900,?,9,0.0,0.0,E,8
06/02/2011,14:00,851.817,1327.072,541.73,1,8,433.161,1,8,263.81,1,8,65007.6,1,8,41150.309,1,8,29019.126,1,8,130.88,1,8,-9900,?,9,-9900,?,9,18.79,E,8,12.35,E,8,66.0,E,8,872.5394,E,8,999.0,E,8,2.83,E,8,-9900,?,9,-9900,?,9,0.0,E,8,-9900,?,9,-9900,?,9,0.0,0.0,E,8
06/02/2011,15:00,687.424,1327.072,276.03,1,8,83.697,1,8,232.71,1,8,33123.6,1,8,7951.201,1,8,25598.055,1,8,143.114,1,8,-9900,?,9,-9900,?,9,18.34,E,8,12.24,E,8,67.0,E,8,872.5394,E,8,999.0,E,8,3.01,E,8,-9900,?,9,-9900,?,9,0.0,E,8,-9900,?,9,-9900,?,9,0.0,0.0,E,8
06/02/2011,16:00,464.18,1327.072,223.75,1,8,234.941,1,8,141.744,1,8,26850.0,1,8,22319.392,1,8,15591.836,1,8,129.261,1,8,-9900,?,9,-9900,?,9,17.75,E,8,12.09,E,8,69.0,E,8,872.5394,E,8,999.0,E,8,2.16,E,8,-9900,?,9,-9900,?,9,0.0,E,8,-9900,?,9,-9900,?,9,0.0,0.0,E,8
06/02/2011,17:00,198.103,1327.072,97.34,1,8,291.92,1,8,54.287,1,8,11680.8,1,8,27732.412,1,8,5971.603,1,8,117.169,1,8,-9900,?,9,-9900,?,9,16.76,E,8,11.83,E,8,72.0,E,8,872.5394,E,8,999.0,E,8,1.71,E,8,-9900,?,9,-9900,?,9,0.0,E,8,-9900,?,9,-9900,?,9,0.0,0.0,E,8
06/02/2011,18:00,0.0,1327.072,3.93,1,8,0.0,1,8,0.0,1,8,471.6,1,8,0.0,1,8,0.0,1,8,-0.0,1,8,-9900,?,9,-9900,?,9,16.07,E,8,11.65,E,8,75.0,E,8,872.5394,E,8,999.0,E,8,1.06,E,8,-9900,?,9,-9900,?,9,0.0,E,8,-9900,?,9,-9900,?,9,0.0,0.0,E,8
06/02/2011,19:00,0.0,1327.072,0.0,1,8,0.0,1,8,0.0,1,8,0.0,1,8,0.0,1,8,0.0,1,8,-0.0,1,8,-9900,?,9,-9900,?,9,15.39,E,8,11.47,E,8,77.0,E,8,872.5394,E,8,999.0,E,8,0.51,E,8,-9900,?,9,-9900,?,9,0.0,E,8,-9900,?,9,-9900,?,9,0.0,0.0,E,8
06/02/2011,20:00,0.0,1327.072,0.0,1,8,0.0,1,8,0.0,1,8,0.0,1,8,0.0,1,8,0.0,1,8,-0.0,1,8,-9900,?,9,-9900,?,9,14.7,E,8,11.28,E,8,79.0,E,8,872.5394,E,8,999.0,E,8,0.48,E,8,-9900,?,9,-9900,?,9,0.0,E,8,-9900,?,9,-9900,?,9,0.0,0.0,E,8
06/02/2011,21:00,0.0,1327.072,0.0,1,8,0.0,1,8,0.0,1,8,0.0,1,8,0.0,1,8,0.0,1,8,-0.0,1,8,-9900,?,9,-9900,?,9,14.01,E,8,11.1,E,8,82.0,E,8,872.5394,E,8,999.0,E,8,0.37,E,8,-9900,?,9,-9900,?,9,0.0,E,8,-9900,?,9,-9900,?,9,0.0,0.0,E,8
06/02/2011,22:00,0.0,1327.072,0.0,1,8,0.0,1,8,0.0,1,8,0.0,1,8,0.0,1,8,0.0,1,8,-0.0,1,8,-9900,?,9,-9900,?,9,13.33,E,8,10.91,E,8,85.0,E,8,872.5394,E,8,999.0,E,8,0.38,E,8,-9900,?,9,-9900,?,9,0.0,E,8,-9900,?,9,-9900,?,9,0.0,0.0,E,8
06/02/2011,23:00,0.0,1327.072,0.0,1,8,0.0,1,8,0.0,1,8,0.0,1,8,0.0,1,8,0.0,1,8,-0.0,1,8,-9900,?,9,-9900,?,9,12.64,E,8,10.72,E,8,88.0,E,8,872.5394,E,8,999.0,E,8,0.43,E,8,-9900,?,9,-9900,?,9,0.0,E,8,-9900,?,9,-9900,?,9,0.0,0.0,E,8
06/02/2011,24:00,0.0,1327.072,0.0,1,8,0.0,1,8,0.0,1,8,0.0,1,8,0.0,1,8,0.0,1,8,-0.0,1,8,-9900,?,9,-9900,?,9,11.96,E,8,7.89,E,8,76.0,E,8,872.5394,E,8,999.0,E,8,0.6,E,8,-9900,?,9,-9900,?,9,0.0,E,8,-9900,?,9,-9900,?,9,0.0,0.0,E,8
06/03/2011,01:00,0.0,1327.072,0.0,1,8,0.0,1,8,0.0,1,8,0.0,1,8,0.0,1,8,0.0,1,8,-0.0,1,8,-9900,?,9,-9900,?,9,11.61,E,8,7.97,E,8,78.0,E,8,872.5394,E,8,999.0,E,8,0.62,E,8,-9900,?,9,-9900,?,9,0.0,E,8,-9900,?,9,-9900,?,9,0.0,0.0,E,8
06/03/2011,02:00,0.0,1327.072,0.0,1,8,0.0,1,8,0.0,1,8,0.0,1,8,0.0,1,8,0.0,1,8,-0.0,1,8,-9900,?,9,-9900,?,9,11.27,E,8,8.05,E,8,80.0,E,8,872.5394,E,8,999.0,E,8,0.67,E,8,-9900,?,9,-9900,?,9,0.0,E,8,-9900,?,9,-9900,?,9,0.0,0.0,E,8
06/03/2011,03:00,0.0,1327.072,0.0,1,8,0.0,1,8,0.0,1,8,0.0,1,8,0.0,1,8,0.0,1,8,-0.0,1,8,-9900,?,9,-9900,?,9,10.93,E,8,8.13,E,8,82.0,E,8,872.5394,E,8,999.0,E,8,0.84,E,8,-9900,?,9,-9900,?,9,0.0,E,8,-9900,?,9,-9900,?,9,0.0,0.0,E,8
06/03/2011,04:00,0.0,1326.679,0.0,1,8,0.0,1,8,0.0,1,8,0.0,1,8,0.0,1,8,0.0,1,8,-0.0,1,8,-9900,?,9,-9900,?,9,10.58,E,8,8.21,E,8,85.0,E,8,872.5394,E,8,999.0,E,8,0.63,E,8,-9900,?,9,-9900,?,9,0.0,E,8,-9900,?,9,-9900,?,9,0.0,0.0,E,8
06/03/2011,05:00,0.0,1326.679,0.0,1,8,0.0,1,8,0.0,1,8,0.0,1,8,0.0,1,8,0.0,1,8,-0.0,1,8,-9900,?,9,-9900,?,9,10.24,E,8,8.28,E,8,87.0,E,8,872.5394,E,8,999.0,E,8,0.29,E,8,-9900,?,9,-9900,?,9,0.0,E,8,-9900,?,9,-9900,?,9,0.0,0.0,E,8
06/03/2011,06:00,0.0,1326.679,0.0,1,8,0.0,1,8,0.0,1,8,0.0,1,8,0.0,1,8,0.0,1,8,-0.0,1,8,-9900,?,9,-9900,?,9,9.98,E,8,8.34,E,8,89.0,E,8,872.5394,E,8,999.0,E,8,0.53,E,8,-9900,?,9,-9900,?,9,0.0,E,8,-9900,?,9,-9900,?,9,0.0,0.0,E,8
06/03/2011,07:00,41.339,1326.679,0.0,1,8,0.0,1,8,0.0,1,8,0.0,1,8,0.0,1,8,0.0,1,8,0.0,1,8,-9900,?,9,-9900,?,9,9.75,E,8,8.39,E,8,91.0,E,8,872.5394,E,8,999.0,E,8,0.38,E,8,-9900,?,9,-9900,?,9,0.0,E,8,-9900,?,9,-9900,?,9,0.0,0.0,E,8
06/03/2011,08:00,319.202,1326.679,60.31,1,8,0.0,1,8,60.31,1,8,7237.2,1,8,0.0,1,8,6634.1,1,8,80.161,1,8,-9900,?,9,-9900,?,9,9.52,E,8,8.45,E,8,92.0,E,8,872.5394,E,8,999.0,E,8,0.64,E,8,-9900,?,9,-9900,?,9,0.0,E,8,-9900,?,9,-9900,?,9,0.0,0.0,E,8
06/03/2011,09:00,568.237,1326.679,237.78,1,8,123.968,1,8,184.751,1,8,28533.6,1,8,11776.967,1,8,20322.66,1,8,137.48,1,8,-9900,?,9,-9900,?,9,12.76,E,8,7.71,E,8,71.0,E,8,872.5394,E,8,999.0,E,8,1.13,E,8,-9900,?,9,-9900,?,9,0.0,E,8,-9900,?,9,-9900,?,9,0.0,0.0,E,8
06/03/2011,10:00,766.708,1326.679,395.18,1,8,220.033,1,8,268.094,1,8,47421.6,1,8,20903.166,1,8,29490.304,1,8,147.75,1,8,-9900,?,9,-9900,?,9,14.54,E,8,7.28,E,8,61.0,E,8,872.5394,E,8,999.0,E,8,2.09,E,8,-9900,?,9,-9900,?,9,0.0,E,8,-9900,?,9,-9900,?,9,0.0,0.0,E,8
06/03/2011,11:00,900.767,1326.679,541.55,1,8,355.001,1,8,300.6,1,8,64986.0,1,8,33725.068,1,8,33066.009,1,8,140.975,1,8,-9900,?,9,-9900,?,9,16.23,E,8,6.87,E,8,53.0,E,8,872.5394,E,8,999.0,E,8,3.31,E,8,-9900,?,9,-9900,?,9,0.0,E,8,-9900,?,9,-9900,?,9,0.0,0.0,E,8
06/03/2011,12:00,961.206,1326.679,601.27,1,8,444.415,1,8,279.367,1,8,72152.4,1,8,42219.471,1,8,30730.42,1,8,122.77,1,8,-9900,?,9,-9900,?,9,17.5,E,8,6.56,E,8,48.0,E,8,872.5394,E,8,999.0,E,8,3.41,E,8,-9900,?,9,-9900,?,9,0.0,E,8,-9900,?,9,-9900,?,9,0.0,0.0,E,8
06/03/2011,13:00,943.889,1326.679,584.27,1,8,429.262,1,8,278.952,1,8,70112.4,1,8,40779.86,1,8,30684.682,1,8,124.838,1,8,-9900,?,9,-9900,?,9,18.29,E,8,6.36,E,8,45.0,E,8,872.5394,E,8,999.0,E,8,4.37,E,8,-9900,?,9,-9900,?,9,0.0,E,8,-9900,?,9,-9900,?,9,0.0,0.0,E,8
06/03/2011,14:00,850.005,1326.679,536.52,1,8,438.354,1,8,255.784,1,8,64382.4,1,8,41643.644,1,8,28136.27,1,8,127.131,1,8,-9900,?,9,-9900,?,9,18.7,E,8,6.25,E,8,44.0,E,8,872.5394,E,8,999.0,E,8,6.08,E,8,-9900,?,9,-9900,?,9,0.0,E,8,-9900,?,9,-9900,?,9,0.0,0.0,E,8
06/03/2011,15:00,685.991,1326.679,522.33,1,8,771.841,1,8,123.551,1,8,62679.6,1,8,73324.899,1,8,13590.632,1,8,76.119,1,8,-9900,?,9,-9900,?,9,18.97,E,8,6.18,E,8,43.0,E,8,872.5394,E,8,999.0,E,8,4.71,E,8,-9900,?,9,-9900,?,9,0.0,E,8,-9900,?,9,-9900,?,9,0.0,0.0,E,8
06/03/2011,16:00,463.161,1326.679,359.56,1,8,732.696,1,8,104.301,1,8,43147.2,1,8,69606.128,1,8,11473.077,1,8,95.297,1,8,-9900,?,9,-9900,?,9,18.66,E,8,6.26,E,8,44.0,E,8,872.5394,E,8,999.0,E,8,3.57,E,8,-9900,?,9,-9900,?,9,0.0,E,8,-9900,?,9,-9900,?,9,0.0,0.0,E,8
06/03/2011,17:00,197.507,1326.679,178.49,1,8,390.757,1,8,121.021,1,8,21418.8,1,8,37121.957,1,8,13312.261,1,8,261.927,1,8,-9900,?,9,-9900,?,9,17.75,E,8,6.49,E,8,47.0,E,8,872.5394,E,8,999.0,E,8,3.58,E,8,-9900,?,9,-9900,?,9,0.0,E,8,-9900,?,9,-9900,?,9,0.0,0.0,E,8
06/03/2011,18:00,0.0,1326.679,9.05,1,8,0.0,1,8,0.0,1,8,1086.0,1,8,0.0,1,8,0.0,1,8,-0.0,1,8,-9900,?,9,-9900,?,9,17.03,E,8,6.68,E,8,50.0,E,8,872.5394,E,8,999.0,E,8,2.44,E,8,-9900,?,9,-9900,?,9,0.0,E,8,-9900,?,9,-9900,?,9,0.0,0.0,E,8
06/03/2011,19:00,0.0,1326.679,0.0,1,8,0.0,1,8,0.0,1,8,0.0,1,8,0.0,1,8,0.0,1,8,-0.0,1,8,-9900,?,9,-9900,?,9,16.31,E,8,6.85,E,8,53.0,E,8,872.5394,E,8,999.0,E,8,0.93,E,8,-9900,?,9,-9900,?,9,0.0,E,8,-9900,?,9,-9900,?,9,0.0,0.0,E,8
06/03/2011,20:00,0.0,1326.679,0.0,1,8,0.0,1,8,0.0,1,8,0.0,1,8,0.0,1,8,0.0,1,8,-0.0,1,8,-9900,?,9,-9900,?,9,15.59,E,8,7.03,E,8,56.0,E,8,872.5394,E,8,999.0,E,8,0.51,E,8,-9900,?,9,-9900,?,9,0.0,E,8,-9900,?,9,-9900,?,9,0.0,0.0,E,8
06/03/2011,21:00,0.0,1326.679,0.0,1,8,0.0,1,8,0.0,1,8,0.0,1,8,0.0,1,8,0.0,1,8,-0.0,1,8,-9900,?,9,-9900,?,9,14.87,E,8,7.2,E,8,60.0,E,8,872.5394,E,8,999.0,E,8,0.72,E,8,-9900,?,9,-9900,?,9,0.0,E,8,-9900,?,9,-9900,?,9,0.0,0.0,E,8
06/03/2011,22:00,0.0,1326.679,0.0,1,8,0.0,1,8,0.0,1,8,0.0,1,8,0.0,1,8,0.0,1,8,-0.0,1,8,-9900,?,9,-9900,?,9,14.16,E,8,7.38,E,8,63.0,E,8,872.5394,E,8,999.0,E,8,0.75,E,8,-9900,?,9,-9900,?,9,0.0,E,8,-9900,?,9,-9900,?,9,0.0,0.0,E,8
06/03/2011,23:00,0.0,1326.679,0.0,1,8,0.0,1,8,0.0,1,8,0.0,1,8,0.0,1,8,0.0,1,8,-0.0,1,8,-9900,?,9,-9900,?,9,13.44,E,8,7.55,E,8,67.0,E,8,872.5394,E,8,999.0,E,8,0.53,E,8,-9900,?,9,-9900,?,9,0.0,E,8,-9900,?,9,-9900,?,9,0.0,0.0,E,8
06/03/2011,24:00,0.0,1326.679,0.0,1,8,0.0,1,8,0.0,1,8,0.0,1,8,0.0,1,8,0.0,1,8,-0.0,1,8,-9900,?,9,-9900,?,9,12.72,E,8,8.89,E,8,77.0,E,8,872.5394,E,8,999.0,E,8,0.99,E,8,-9900,?,9,-9900,?,9,0.0,E,8,-9900,?,9,-9900,?,9,0.0,0.0,E,8
06/04/2011,01:00,0.0,1326.679,0.0,1,8,0.0,1,8,0.0,1,8,0.0,1,8,0.0,1,8,0.0,1,8,-0.0,1,8,-9900,?,9,-9900,?,9,12.36,E,8,8.91,E,8,79.0,E,8,872.5394,E,8,999.0,E,8,0.72,E,8,-9900,?,9,-9900,?,9,0.0,E,8,-9900,?,9,-9900,?,9,0.0,0.0,E,8
06/04/2011,02:00,0.0,1326.679,0.0,1,8,0.0,1,8,0.0,1,8,0.0,1,8,0.0,1,8,0.0,1,8,-0.0,1,8,-9900,?,9,-9900,?,9,12.0,E,8,8.93,E,8,81.0,E,8,872.5394,E,8,999.0,E,8,0.55,E,8,-9900,?,9,-9900,?,9,0.0,E,8,-9900,?,9,-9900,?,9,0.0,0.0,E,8
06/04/2011,03:00,0.0,1326.679,0.0,1,8,0.0,1,8,0.0,1,8,0.0,1,8,0.0,1,8,0.0,1,8,-0.0,1,8,-9900,?,9,-9900,?,9,11.64,E,8,8.95,E,8,83.0,E,8,872.5394,E,8,999.0,E,8,0.55,E,8,-9900,?,9,-9900,?,9,0.0,E,8,-9900,?,9,-9900,?,9,0.0,0.0,E,8
06/04/2011,04:00,0.0,1326.298,0.0,1,8,0.0,1,8,0.0,1,8,0.0,1,8,0.0,1,8,0.0,1,8,-0.0,1,8,-9900,?,9,-9900,?,9,11.28,E,8,8.97,E,8,85.0,E,8,872.5394,E,8,999.0,E,8,0.55,E,8,-9900,?,9,-9900,?,9,0.0,E,8,-9900,?,9,-9900,?,9,0.0,0.0,E,8
06/04/2011,05:00,0.0,1326.298,0.0,1,8,0.0,1,8,0.0,1,8,0.0,1,8,0.0,1,8,0.0,1,8,-0.0,1,8,-9900,?,9,-9900,?,9,10.92,E,8,8.99,E,8,87.0,E,8,872.5394,E,8,999.0,E,8,0.55,E,8,-9900,?,9,-9900,?,9,0.0,E,8,-9900,?,9,-9900,?,9,0.0,0.0,E,8
06/04/2011,06:00,0.0,1326.298,0.0,1,8,0.0,1,8,0.0,1,8,0.0,1,8,0.0,1,8,0.0,1,8,-0.0,1,8,-9900,?,9,-9900,?,9,10.65,E,8,9.01,E,8,89.0,E,8,872.5394,E,8,999.0,E,8,0.55,E,8,-9900,?,9,-9900,?,9,0.0,E,8,-9900,?,9,-9900,?,9,0.0,0.0,E,8
06/04/2011,07:00,39.537,1326.298,0.0,1,8,0.0,1,8,0.0,1,8,0.0,1,8,0.0,1,8,0.0,1,8,0.0,1,8,-9900,?,9,-9900,?,9,10.41,E,8,9.02,E,8,91.0,E,8,872.5394,E,8,999.0,E,8,0.55,E,8,-9900,?,9,-9900,?,9,0.0,E,8,-9900,?,9,-9900,?,9,0.0,0.0,E,8
06/04/2011,08:00,316.992,1326.298,50.97,1,8,0.0,1,8,50.97,1,8,6116.4,1,8,0.0,1,8,5606.7,1,8,68.204,1,8,-9900,?,9,-9900,?,9,10.17,E,8,9.03,E,8,92.0,E,8,872.5394,E,8,999.0,E,8,0.6,E,8,-9900,?,9,-9900,?,9,0.0,E,8,-9900,?,9,-9900,?,9,0.0,0.0,E,8
06/04/2011,09:00,565.853,1326.298,119.5,1,8,0.0,1,8,119.5,1,8,14340.0,1,8,0.0,1,8,13145.0,1,8,89.274,1,8,-9900,?,9,-9900,?,9,12.52,E,8,8.9,E,8,78.0,E,8,872.5394,E,8,999.0,E,8,1.23,E,8,-9900,?,9,-9900,?,9,0.0,E,8,-9900,?,9,-9900,?,9,0.0,0.0,E,8
06/04/2011,10:00,764.257,1326.298,251.12,1,8,13.666,1,8,243.25,1,8,30134.4,1,8,1298.236,1,8,26757.505,1,8,134.45,1,8,-9900,?,9,-9900,?,9,14.05,E,8,8.82,E,8,70.0,E,8,872.5394,E,8,999.0,E,8,2.14,E,8,-9900,?,9,-9900,?,9,0.0,E,8,-9900,?,9,-9900,?,9,0.0,0.0,E,8
06/04/2011,11:00,898.358,1326.298,367.9,1,8,77.786,1,8,315.23,1,8,44148.0,1,8,7389.692,1,8,34675.333,1,8,148.19,1,8,-9900,?,9,-9900,?,9,15.62,E,8,8.73,E,8,63.0,E,8,872.5394,E,8,999.0,E,8,2.51,E,8,-9900,?,9,-9900,?,9,0.0,E,8,-9900,?,9,-9900,?,9,0.0,0.0,E,8
06/04/2011,12:00,958.945,1326.298,465.05,1,8,145.442,1,8,359.92,1,8,55806.0,1,8,13816.972,1,8,39591.232,1,8,158.497,1,8,-9900,?,9,-9900,?,9,17.1,E,8,8.65,E,8,57.0,E,8,872.5394,E,8,999.0,E,8,3.26,E,8,-9900,?,9,-9900,?,9,0.0,E,8,-9900,?,9,-9900,?,9,0.0,0.0,E,8
06/04/2011,13:00,941.871,1326.298,556.83,1,8,308.607,1,8,337.736,1,8,66819.6,1,8,29317.622,1,8,37150.987,1,8,151.427,1,8,-9900,?,9,-9900,?,9,18.5,E,8,8.57,E,8,52.0,E,8,872.5394,E,8,999.0,E,8,3.34,E,8,-9900,?,9,-9900,?,9,0.0,E,8,-9900,?,9,-9900,?,9,0.0,0.0,E,8
06/04/2011,14:00,848.307,1326.298,577.11,1,8,548.371,1,8,226.517,1,8,69253.2,1,8,52095.29,1,8,24916.907,1,8,112.778,1,8,-9900,?,9,-9900,?,9,19.59,E,8,8.51,E,8,48.0,E,8,872.5394,E,8,999.0,E,8,3.96,E,8,-9900,?,9,-9900,?,9,0.0,E,8,-9900,?,9,-9900,?,9,0.0,0.0,E,8
06/04/2011,15:00,684.67,1326.298,565.2,1,8,804.959,1,8,149.993,1,8,67824.0,1,8,76471.149,1,8,16499.255,1,8,92.562,1,8,-9900,?,9,-9900,?,9,20.36,E,8,8.47,E,8,46.0,E,8,872.5394,E,8,999.0,E,8,4.47,E,8,-9900,?,9,-9900,?,9,0.0,E,8,-9900,?,9,-9900,?,9,0.0,0.0,E,8
06/04/2011,16:00,462.248,1326.298,447.11,1,8,672.29,1,8,213.292,1,8,53653.2,1,8,63867.551,1,8,23462.089,1,8,195.21,1,8,-9900,?,9,-9900,?,9,20.6,E,8,8.45,E,8,45.0,E,8,872.5394,E,8,999.0,E,8,3.32,E,8,-9900,?,9,-9900,?,9,0.0,E,8,-9900,?,9,-9900,?,9,0.0,0.0,E,8
06/04/2011,17:00,197.006,1326.298,232.02,1,8,386.815,1,8,175.262,1,8,27842.4,1,8,36747.407,1,8,19278.766,1,8,380.197,1,8,-9900,?,9,-9900,?,9,19.91,E,8,8.49,E,8,47.0,E,8,872.5394,E,8,999.0,E,8,2.71,E,8,-9900,?,9,-9900,?,9,0.0,E,8,-9900,?,9,-9900,?,9,0.0,0.0,E,8
06/04/2011,18:00,0.0,1326.298,20.65,1,8,0.0,1,8,0.0,1,8,2478.0,1,8,0.0,1,8,0.0,1,8,-0.0,1,8,-9900,?,9,-9900,?,9,19.08,E,8,8.54,E,8,50.0,E,8,872.5394,E,8,999.0,E,8,2.01,E,8,-9900,?,9,-9900,?,9,0.0,E,8,-9900,?,9,-9900,?,9,0.0,0.0,E,8
06/04/2011,19:00,0.0,1326.298,0.0,1,8,0.0,1,8,0.0,1,8,0.0,1,8,0.0,1,8,0.0,1,8,-0.0,1,8,-9900,?,9,-9900,?,9,18.25,E,8,8.59,E,8,53.0,E,8,872.5394,E,8,999.0,E,8,0.94,E,8,-9900,?,9,-9900,?,9,0.0,E,8,-9900,?,9,-9900,?,9,0.0,0.0,E,8
06/04/2011,20:00,0.0,1326.298,0.0,1,8,0.0,1,8,0.0,1,8,0.0,1,8,0.0,1,8,0.0,1,8,-0.0,1,8,-9900,?,9,-9900,?,9,17.42,E,8,8.63,E,8,56.0,E,8,872.5394,E,8,999.0,E,8,0.55,E,8,-9900,?,9,-9900,?,9,0.0,E,8,-9900,?,9,-9900,?,9,0.0,0.0,E,8
06/04/2011,21:00,0.0,1326.298,0.0,1,8,0.0,1,8,0.0,1,8,0.0,1,8,0.0,1,8,0.0,1,8,-0.0,1,8,-9900,?,9,-9900,?,9,16.59,E,8,8.68,E,8,59.0,E,8,872.5394,E,8,999.0,E,8,0.63,E,8,-9900,?,9,-9900,?,9,0.0,E,8,-9900,?,9,-9900,?,9,0.0,0.0,E,8
06/04/2011,22:00,0.0,1326.298,0.0,1,8,0.0,1,8,0.0,1,8,0.0,1,8,0.0,1,8,0.0,1,8,-0.0,1,8,-9900,?,9,-9900,?,9,15.75,E,8,8.73,E,8,62.0,E,8,872.5394,E,8,999.0,E,8,0.55,E,8,-9900,?,9,-9900,?,9,0.0,E,8,-9900,?,9,-9900,?,9,0.0,0.0,E,8
06/04/2011,23:00,0.0,1326.298,0.0,1,8,0.0,1,8,0.0,1,8,0.0,1,8,0.0,1,8,0.0,1,8,-0.0,1,8,-9900,?,9,-9900,?,9,14.92,E,8,8.77,E,8,66.0,E,8,872.5394,E,8,999.0,E,8,0.55,E,8,-9900,?,9,-9900,?,9,0.0,E,8,-9900,?,9,-9900,?,9,0.0,0.0,E,8
06/04/2011,24:00,0.0,1326.298,0.0,1,8,0.0,1,8,0.0,1,8,0.0,1,8,0.0,1,8,0.0,1,8,-0.0,1,8,-9900,?,9,-9900,?,9,14.09,E,8,11.61,E,8,85.0,E,8,872.5394,E,8,999.0,E,8,0.46,E,8,-9900,?,9,-9900,?,9,0.0,E,8,-9900,?,9,-9900,?,9,0.0,0.0,E,8
06/05/2011,01:00,0.0,1326.298,0.0,1,8,0.0,1,8,0.0,1,8,0.0,1,8,0.0,1,8,0.0,1,8,-0.0,1,8,-9900,?,9,-9900,?,9,13.67,E,8,11.49,E,8,86.0,E,8,872.5394,E,8,999.0,E,8,0.46,E,8,-9900,?,9,-9900,?,9,0.0,E,8,-9900,?,9,-9900,?,9,0.0,0.0,E,8
06/05/2011,02:00,0.0,1326.298,0.0,1,8,0.0,1,8,0.0,1,8,0.0,1,8,0.0,1,8,0.0,1,8,-0.0,1,8,-9900,?,9,-9900,?,9,13.26,E,8,11.36,E,8,88.0,E,8,872.5394,E,8,999.0,E,8,0.46,E,8,-9900,?,9,-9900,?,9,0.0,E,8,-9900,?,9,-9900,?,9,0.0,0.0,E,8
06/05/2011,03:00,0.0,1326.298,0.0,1,8,0.0,1,8,0.0,1,8,0.0,1,8,0.0,1,8,0.0,1,8,-0.0,1,8,-9900,?,9,-9900,?,9,12.84,E,8,11.24,E,8,89.0,E,8,872.5394,E,8,999.0,E,8,0.46,E,8,-9900,?,9,-9900,?,9,0.0,E,8,-9900,?,9,-9900,?,9,0.0,0.0,E,8
06/05/2011,04:00,0.0,1325.928,0.0,1,8,0.0,1,8,0.0,1,8,0.0,1,8,0.0,1,8,0.0,1,8,-0.0,1,8,-9900,?,9,-9900,?,9,12.43,E,8,11.11,E,8,91.0,E,8,872.5394,E,8,999.0,E,8,0.46,E,8,-9900,?,9,-9900,?,9,0.0,E,8,-9900,?,9,-9900,?,9,0.0,0.0,E,8
06/05/2011,05:00,0.0,1325.928,0.0,1,8,0.0,1,8,0.0,1,8,0.0,1,8,0.0,1,8,0.0,1,8,-0.0,1,8,-9900,?,9,-9900,?,9,12.01,E,8,10.98,E,8,93.0,E,8,872.5394,E,8,999.0,E,8,0.46,E,8,-9900,?,9,-9900,?,9,0.0,E,8,-9900,?,9,-9900,?,9,0.0,0.0,E,8
06/05/2011,06:00,0.0,1325.928,0.0,1,8,0.0,1,8,0.0,1,8,0.0,1,8,0.0,1,8,0.0,1,8,-0.0,1,8,-9900,?,9,-9900,?,9,11.69,E,8,10.88,E,8,94.0,E,8,872.5394,E,8,999.0,E,8,0.46,E,8,-9900,?,9,-9900,?,9,0.0,E,8,-9900,?,9,-9900,?,9,0.0,0.0,E,8
06/05/2011,07:00,37.772,1325.928,0.0,1,8,0.0,1,8,0.0,1,8,0.0,1,8,0.0,1,8,0.0,1,8,0.0,1,8,-9900,?,9,-9900,?,9,11.41,E,8,10.79,E,8,95.0,E,8,872.5394,E,8,999.0,E,8,0.46,E,8,-9900,?,9,-9900,?,9,0.0,E,8,-9900,?,9,-9900,?,9,0.0,0.0,E,8
06/05/2011,08:00,314.834,1325.928,40.73,1,8,0.0,1,8,40.73,1,8,4887.6,1,8,0.0,1,8,4480.3,1,8,54.863,1,8,-9900,?,9,-9900,?,9,11.14,E,8,10.71,E,8,97.0,E,8,872.5394,E,8,999.0,E,8,0.46,E,8,-9900,?,9,-9900,?,9,0.0,E,8,-9900,?,9,-9900,?,9,0.0,0.0,E,8
06/05/2011,09:00,563.536,1325.928,170.97,1,8,18.995,1,8,162.908,1,8,20516.4,1,8,1804.525,1,8,17919.832,1,8,122.17,1,8,-9900,?,9,-9900,?,9,14.03,E,8,11.59,E,8,85.0,E,8,872.5394,E,8,999.0,E,8,0.46,E,8,-9900,?,9,-9900,?,9,0.0,E,8,-9900,?,9,-9900,?,9,0.0,0.0,E,8
06/05/2011,10:00,761.889,1325.928,291.31,1,8,57.705,1,8,258.172,1,8,34957.2,1,8,5481.989,1,8,28398.903,1,8,143.102,1,8,-9900,?,9,-9900,?,9,15.72,E,8,12.09,E,8,79.0,E,8,872.5394,E,8,999.0,E,8,0.46,E,8,-9900,?,9,-9900,?,9,0.0,E,8,-9900,?,9,-9900,?,9,0.0,0.0,E,8
06/05/2011,11:00,896.046,1325.928,382.41,1,8,84.983,1,8,325.0,1,8,45889.2,1,8,8073.387,1,8,35749.951,1,8,153.135,1,8,-9900,?,9,-9900,?,9,17.19,E,8,12.51,E,8,73.0,E,8,872.5394,E,8,999.0,E,8,0.46,E,8,-9900,?,9,-9900,?,9,0.0,E,8,-9900,?,9,-9900,?,9,0.0,0.0,E,8
06/05/2011,12:00,956.79,1325.928,436.12,1,8,98.129,1,8,365.329,1,8,52334.4,1,8,9322.23,1,8,40186.233,1,8,161.196,1,8,-9900,?,9,-9900,?,9,18.36,E,8,12.84,E,8,70.0,E,8,872.5394,E,8,999.0,E,8,1.09,E,8,-9900,?,9,-9900,?,9,0.0,E,8,-9900,?,9,-9900,?,9,0.0,0.0,E,8
06/05/2011,13:00,939.965,1325.928,501.88,1,8,209.912,1,8,353.114,1,8,60225.6,1,8,19941.638,1,8,38842.582,1,8,158.599,1,8,-9900,?,9,-9900,?,9,19.45,E,8,13.14,E,8,66.0,E,8,872.5394,E,8,999.0,E,8,1.82,E,8,-9900,?,9,-9900,?,9,0.0,E,8,-9900,?,9,-9900,?,9,0.0,0.0,E,8
06/05/2011,14:00,846.723,1325.928,338.96,1,8,67.694,1,8,295.75,1,8,40675.2,1,8,6430.917,1,8,32532.482,1,8,147.482,1,8,-9900,?,9,-9900,?,9,19.58,E,8,13.17,E,8,66.0,E,8,872.5394,E,8,999.0,E,8,2.42,E,8,-9900,?,9,-9900,?,9,0.0,E,8,-9900,?,9,-9900,?,9,0.0,0.0,E,8
06/05/2011,15:00,683.461,1325.928,517.76,1,8,560.892,1,8,228.877,1,8,62131.2,1,8,53284.724,1,8,25176.511,1,8,141.453,1,8,-9900,?,9,-9900,?,9,20.3,E,8,13.37,E,8,64.0,E,8,872.5394,E,8,999.0,E,8,2.68,E,8,-9900,?,9,-9900,?,9,0.0,E,8,-9900,?,9,-9900,?,9,0.0,0.0,E,8
06/05/2011,16:00,461.439,1325.928,303.13,1,8,542.698,1,8,114.662,1,8,36375.6,1,8,51556.28,1,8,12612.841,1,8,105.097,1,8,-9900,?,9,-9900,?,9,20.13,E,8,13.32,E,8,64.0,E,8,872.5394,E,8,999.0,E,8,2.62,E,8,-9900,?,9,-9900,?,9,0.0,E,8,-9900,?,9,-9900,?,9,0.0,0.0,E,8
06/05/2011,17:00,196.598,1325.928,43.3,1,8,0.0,1,8,43.3,1,8,5196.0,1,8,0.0,1,8,4763.0,1,8,94.104,1,8,-9900,?,9,-9900,?,9,18.79,E,8,12.96,E,8,68.0,E,8,872.5394,E,8,999.0,E,8,1.85,E,8,-9900,?,9,-9900,?,9,0.0,E,8,-9900,?,9,-9900,?,9,0.0,0.0,E,8
06/05/2011,18:00,0.0,1325.928,3.55,1,8,0.0,1,8,0.0,1,8,426.0,1,8,0.0,1,8,0.0,1,8,-0.0,1,8,-9900,?,9,-9900,?,9,18.22,E,8,12.8,E,8,70.0,E,8,872.5394,E,8,999.0,E,8,0.74,E,8,-9900,?,9,-9900,?,9,0.0,E,8,-9900,?,9,-9900,?,9,0.0,0.0,E,8
06/05/2011,19:00,0.0,1325.928,0.0,1,8,0.0,1,8,0.0,1,8,0.0,1,8,0.0,1,8,0.0,1,8,-0.0,1,8,-9900,?,9,-9900,?,9,17.65,E,8,12.64,E,8,72.0,E,8,872.5394,E,8,999.0,E,8,0.46,E,8,-9900,?,9,-9900,?,9,0.0,E,8,-9900,?,9,-9900,?,9,0.0,0.0,E,8
06/05/2011,20:00,0.0,1325.928,0.0,1,8,0.0,1,8,0.0,1,8,0.0,1,8,0.0,1,8,0.0,1,8,-0.0,1,8,-9900,?,9,-9900,?,9,17.08,E,8,12.48,E,8,74.0,E,8,872.5394,E,8,999.0,E,8,0.46,E,8,-9900,?,9,-9900,?,9,0.0,E,8,-9900,?,9,-9900,?,9,0.0,0.0,E,8
06/05/2011,21:00,0.0,1325.928,0.0,1,8,0.0,1,8,0.0,1,8,0.0,1,8,0.0,1,8,0.0,1,8,-0.0,1,8,-9900,?,9,-9900,?,9,16.51,E,8,12.32,E,8,76.0,E,8,872.5394,E,8,999.0,E,8,0.46,E,8,-9900,?,9,-9900,?,9,0.0,E,8,-9900,?,9,-9900,?,9,0.0,0.0,E,8
06/05/2011,22:00,0.0,1325.928,0.0,1,8,0.0,1,8,0.0,1,8,0.0,1,8,0.0,1,8,0.0,1,8,-0.0,1,8,-9900,?,9,-9900,?,9,15.94,E,8,12.16,E,8,78.0,E,8,872.5394,E,8,999.0,E,8,0.46,E,8,-9900,?,9,-9900,?,9,0.0,E,8,-9900,?,9,-9900,?,9,0.0,0.0,E,8
06/05/2011,23:00,0.0,1325.928,0.0,1,8,0.0,1,8,0.0,1,8,0.0,1,8,0.0,1,8,0.0,1,8,-0.0,1,8,-9900,?,9,-9900,?,9,15.37,E,8,11.99,E,8,80.0,E,8,872.5394,E,8,999.0,E,8,0.46,E,8,-9900,?,9,-9900,?,9,0.0,E,8,-9900,?,9,-9900,?,9,0.0,0.0,E,8
06/05/2011,24:00,0.0,1325.928,0.0,1,8,0.0,1,8,0.0,1,8,0.0,1,8,0.0,1,8,0.0,1,8,-0.0,1,8,-9900,?,9,-9900,?,9,14.8,E,8,13.41,E,8,88.0,E,8,872.5394,E,8,999.0,E,8,0.88,E,8,-9900,?,9,-9900,?,9,0.0,E,8,-9900,?,9,-9900,?,9,0.0,0.0,E,8
06/06/2011,01:00,0.0,1325.928,0.0,1,8,0.0,1,8,0.0,1,8,0.0,1,8,0.0,1,8,0.0,1,8,-0.0,1,8,-9900,?,9,-9900,?,9,14.52,E,8,13.32,E,8,89.0,E,8,872.5394,E,8,999.0,E,8,0.88,E,8,-9900,?,9,-9900,?,9,0.0,E,8,-9900,?,9,-9900,?,9,0.0,0.0,E,8
06/06/2011,02:00,0.0,1325.928,0.0,1,8,0.0,1,8,0.0,1,8,0.0,1,8,0.0,1,8,0.0,1,8,-0.0,1,8,-9900,?,9,-9900,?,9,14.23,E,8,13.23,E,8,95.0,E,8,872.5394,E,8,999.0,E,8,0.88,E,8,-9900,?,9,-9900,?,9,0.002,E,8,-9900,?,9,-9900,?,9,0.02,99.0,E,8
06/06/2011,03:00,0.0,1325.928,0.0,1,8,0.0,1,8,0.0,1,8,0.0,1,8,0.0,1,8,0.0,1,8,-0.0,1,8,-9900,?,9,-9900,?,9,13.95,E,8,13.14,E,8,91.0,E,8,872.5394,E,8,999.0,E,8,0.88,E,8,-9900,?,9,-9900,?,9,0.0,E,8,-9900,?,9,-9900,?,9,0.0,0.0,E,8
06/06/2011,04:00,0.0,1325.569,0.0,1,8,0.0,1,8,0.0,1,8,0.0,1,8,0.0,1,8,0.0,1,8,-0.0,1,8,-9900,?,9,-9900,?,9,13.66,E,8,13.04,E,8,92.0,E,8,872.5394,E,8,999.0,E,8,0.88,E,8,-9900,?,9,-9900,?,9,0.0,E,8,-9900,?,9,-9900,?,9,0.0,0.0,E,8
06/06/2011,05:00,0.0,1325.569,0.0,1,8,0.0,1,8,0.0,1,8,0.0,1,8,0.0,1,8,0.0,1,8,-0.0,1,8,-9900,?,9,-9900,?,9,13.38,E,8,12.95,E,8,93.0,E,8,872.5394,E,8,999.0,E,8,0.88,E,8,-9900,?,9,-9900,?,9,0.0,E,8,-9900,?,9,-9900,?,9,0.0,0.0,E,8
06/06/2011,06:00,0.0,1325.569,0.0,1,8,0.0,1,8,0.0,1,8,0.0,1,8,0.0,1,8,0.0,1,8,-0.0,1,8,-9900,?,9,-9900,?,9,13.16,E,8,12.88,E,8,94.0,E,8,872.5394,E,8,999.0,E,8,0.88,E,8,-9900,?,9,-9900,?,9,0.0,E,8,-9900,?,9,-9900,?,9,0.0,0.0,E,8
06/06/2011,07:00,36.047,1325.569,0.0,1,8,0.0,1,8,0.0,1,8,0.0,1,8,0.0,1,8,0.0,1,8,0.0,1,8,-9900,?,9,-9900,?,9,12.97,E,8,12.82,E,8,99.0,E,8,872.5394,E,8,999.0,E,8,0.88,E,8,-9900,?,9,-9900,?,9,0.001,E,8,-9900,?,9,-9900,?,9,0.01,99.0,E,8
06/06/2011,08:00,312.729,1325.569,28.99,1,8,0.0,1,8,28.99,1,8,3478.8,1,8,0.0,1,8,3188.9,1,8,39.304,1,8,-9900,?,9,-9900,?,9,12.78,E,8,12.75,E,8,96.0,E,8,872.5394,E,8,999.0,E,8,0.88,E,8,-9900,?,9,-9900,?,9,0.0,E,8,-9900,?,9,-9900,?,9,0.0,0.0,E,8
06/06/2011,09:00,561.29,1325.569,123.45,1,8,0.0,1,8,123.45,1,8,14814.0,1,8,0.0,1,8,13579.5,1,8,92.926,1,8,-9900,?,9,-9900,?,9,15.1,E,8,13.5,E,8,87.0,E,8,872.5394,E,8,999.0,E,8,0.88,E,8,-9900,?,9,-9900,?,9,0.0,E,8,-9900,?,9,-9900,?,9,0.0,0.0,E,8
06/06/2011,10:00,759.608,1325.569,195.87,1,8,6.073,1,8,192.392,1,8,23504.4,1,8,576.955,1,8,21163.107,1,8,106.933,1,8,-9900,?,9,-9900,?,9,16.32,E,8,13.88,E,8,83.0,E,8,872.5394,E,8,999.0,E,8,0.88,E,8,-9900,?,9,-9900,?,9,0.0,E,8,-9900,?,9,-9900,?,9,0.0,0.0,E,8
06/06/2011,11:00,893.833,1325.569,277.15,1,8,11.292,1,8,269.539,1,8,33258.0,1,8,1072.715,1,8,29649.252,1,8,127.283,1,8,-9900,?,9,-9900,?,9,17.55,E,8,14.26,E,8,80.0,E,8,872.5394,E,8,999.0,E,8,0.88,E,8,-9900,?,9,-9900,?,9,0.0,E,8,-9900,?,9,-9900,?,9,0.0,0.0,E,8
06/06/2011,12:00,954.744,1325.569,316.26,1,8,14.046,1,8,306.146,1,8,37951.2,1,8,1334.397,1,8,33676.049,1,8,135.336,1,8,-9900,?,9,-9900,?,9,18.52,E,8,14.55,E,8,77.0,E,8,872.5394,E,8,999.0,E,8,0.88,E,8,-9900,?,9,-9900,?,9,0.0,E,8,-9900,?,9,-9900,?,9,0.0,0.0,E,8
06/06/2011,13:00,938.172,1325.569,325.16,1,8,16.829,1,8,313.253,1,8,39019.2,1,8,1598.745,1,8,34457.811,1,8,140.926,1,8,-9900,?,9,-9900,?,9,19.21,E,8,14.75,E,8,83.0,E,8,872.5394,E,8,999.0,E,8,0.88,E,8,-9900,?,9,-9900,?,9,0.191,E,8,-9900,?,9,-9900,?,9,1.91,99.0,E,8
06/06/2011,14:00,845.254,1325.569,303.18,1,8,20.685,1,8,289.996,1,8,36381.6,1,8,1965.084,1,8,31899.529,1,8,144.825,1,8,-9900,?,9,-9900,?,9,19.62,E,8,14.87,E,8,73.0,E,8,872.5394,E,8,999.0,E,8,0.88,E,8,-9900,?,9,-9900,?,9,0.0,E,8,-9900,?,9,-9900,?,9,0.0,0.0,E,8
06/06/2011,15:00,682.363,1325.569,252.01,1,8,33.55,1,8,234.753,1,8,30241.2,1,8,3187.266,1,8,25822.876,1,8,145.279,1,8,-9900,?,9,-9900,?,9,19.72,E,8,14.9,E,8,73.0,E,8,872.5394,E,8,999.0,E,8,0.88,E,8,-9900,?,9,-9900,?,9,0.0,E,8,-9900,?,9,-9900,?,9,0.0,0.0,E,8
06/06/2011,16:00,460.733,1325.569,175.8,1,8,93.29,1,8,143.443,1,8,21096.0,1,8,8862.54,1,8,15778.763,1,8,131.644,1,8,-9900,?,9,-9900,?,9,19.42,E,8,14.81,E,8,74.0,E,8,872.5394,E,8,999.0,E,8,0.88,E,8,-9900,?,9,-9900,?,9,0.0,E,8,-9900,?,9,-9900,?,9,0.0,0.0,E,8
06/06/2011,17:00,196.281,1325.569,82.47,1,8,229.171,1,8,48.951,1,8,9896.4,1,8,21771.204,1,8,5384.608,1,8,106.532,1,8,-9900,?,9,-9900,?,9,18.7,E,8,14.6,E,8,76.0,E,8,872.5394,E,8,999.0,E,8,0.88,E,8,-9900,?,9,-9900,?,9,0.0,E,8,-9900,?,9,-9900,?,9,0.0,0.0,E,8
06/06/2011,18:00,0.0,1325.569,2.56,1,8,0.0,1,8,0.0,1,8,307.2,1,8,0.0,1,8,0.0,1,8,-0.0,1,8,-9900,?,9,-9900,?,9,18.12,E,8,14.43,E,8,78.0,E,8,872.5394,E,8,999.0,E,8,0.88,E,8,-9900,?,9,-9900,?,9,0.0,E,8,-9900,?,9,-9900,?,9,0.0,0.0,E,8
06/06/2011,19:00,0.0,1325.569,0.0,1,8,0.0,1,8,0.0,1,8,0.0,1,8,0.0,1,8,0.0,1,8,-0.0,1,8,-9900,?,9,-9900,?,9,17.54,E,8,14.26,E,8,80.0,E,8,872.5394,E,8,999.0,E,8,0.88,E,8,-9900,?,9,-9900,?,9,0.0,E,8,-9900,?,9,-9900,?,9,0.0,0.0,E,8
06/06/2011,20:00,0.0,1325.569,0.0,1,8,0.0,1,8,0.0,1,8,0.0,1,8,0.0,1,8,0.0,1,8,-0.0,1,8,-9900,?,9,-9900,?,9,16.95,E,8,14.08,E,8,86.0,E,8,872.5394,E,8,999.0,E,8,0.88,E,8,-9900,?,9,-9900,?,9,0.006,E,8,-9900,?,9,-9900,?,9,0.06,99.0,E,8
06/06/2011,21:00,0.0,1325.569,0.0,1,8,0.0,1,8,0.0,1,8,0.0,1,8,0.0,1,8,0.0,1,8,-0.0,1,8,-9900,?,9,-9900,?,9,16.37,E,8,13.9,E,8,83.0,E,8,872.5394,E,8,999.0,E,8,0.88,E,8,-9900,?,9,-9900,?,9,0.0,E,8,-9900,?,9,-9900,?,9,0.0,0.0,E,8
06/06/2011,22:00,0.0,1325.569,0.0,1,8,0.0,1,8,0.0,1,8,0.0,1,8,0.0,1,8,0.0,1,8,-0.0,1,8,-9900,?,9,-9900,?,9,15.79,E,8,13.72,E,8,85.0,E,8,872.5394,E,8,999.0,E,8,0.88,E,8,-9900,?,9,-9900,?,9,0.0,E,8,-9900,?,9,-9900,?,9,0.0,0.0,E,8
06/06/2011,23:00,0.0,1325.569,0.0,1,8,0.0,1,8,0.0,1,8,0.0,1,8,0.0,1,8,0.0,1,8,-0.0,1,8,-9900,?,9,-9900,?,9,15.21,E,8,13.54,E,8,87.0,E,8,872.5394,E,8,999.0,E,8,0.88,E,8,-9900,?,9,-9900,?,9,0.0,E,8,-9900,?,9,-9900,?,9,0.0,0.0,E,8
06/06/2011,24:00,0.0,1325.569,0.0,1,8,0.0,1,8,0.0,1,8,0.0,1,8,0.0,1,8,0.0,1,8,-0.0,1,8,-9900,?,9,-9900,?,9,14.63,E,8,12.89,E,8,94.0,E,8,872.5394,E,8,999.0,E,8,0.78,E,8,-9900,?,9,-9900,?,9,0.001,E,8,-9900,?,9,-9900,?,9,0.01,99.0,E,8
06/07/2011,01:00,0.0,1325.569,0.0,1,8,0.0,1,8,0.0,1,8,0.0,1,8,0.0,1,8,0.0,1,8,-0.0,1,8,-9900,?,9,-9900,?,9,14.34,E,8,12.84,E,8,90.0,E,8,872.5394,E,8,999.0,E,8,0.78,E,8,-9900,?,9,-9900,?,9,0.0,E,8,-9900,?,9,-9900,?,9,0.0,0.0,E,8
06/07/2011,02:00,0.0,1325.569,0.0,1,8,0.0,1,8,0.0,1,8,0.0,1,8,0.0,1,8,0.0,1,8,-0.0,1,8,-9900,?,9,-9900,?,9,14.05,E,8,12.79,E,8,97.0,E,8,872.5394,E,8,999.0,E,8,0.78,E,8,-9900,?,9,-9900,?,9,0.003,E,8,-9900,?,9,-9900,?,9,0.03,99.0,E,8
06/07/2011,03:00,0.0,1325.569,0.0,1,8,0.0,1,8,0.0,1,8,0.0,1,8,0.0,1,8,0.0,1,8,-0.0,1,8,-9900,?,9,-9900,?,9,13.76,E,8,12.74,E,8,98.0,E,8,872.5394,E,8,999.0,E,8,0.78,E,8,-9900,?,9,-9900,?,9,0.002,E,8,-9900,?,9,-9900,?,9,0.02,99.0,E,8
06/07/2011,04:00,0.0,1325.223,0.0,1,8,0.0,1,8,0.0,1,8,0.0,1,8,0.0,1,8,0.0,1,8,-0.0,1,8,-9900,?,9,-9900,?,9,13.46,E,8,12.69,E,8,95.0,E,8,872.5394,E,8,999.0,E,8,0.78,E,8,-9900,?,9,-9900,?,9,0.0,E,8,-9900,?,9,-9900,?,9,0.0,0.0,E,8
06/07/2011,05:00,0.0,1325.223,0.0,1,8,0.0,1,8,0.0,1,8,0.0,1,8,0.0,1,8,0.0,1,8,-0.0,1,8,-9900,?,9,-9900,?,9,13.17,E,8,12.64,E,8,96.0,E,8,872.5394,E,8,999.0,E,8,0.78,E,8,-9900,?,9,-9900,?,9,0.0,E,8,-9900,?,9,-9900,?,9,0.0,0.0,E,8
06/07/2011,06:00,0.0,1325.223,0.0,1,8,0.0,1,8,0.0,1,8,0.0,1,8,0.0,1,8,0.0,1,8,-0.0,1,8,-9900,?,9,-9900,?,9,12.95,E,8,12.6,E,8,97.0,E,8,872.5394,E,8,999.0,E,8,0.78,E,8,-9900,?,9,-9900,?,9,0.0,E,8,-9900,?,9,-9900,?,9,0.0,0.0,E,8
06/07/2011,07:00,34.363,1325.223,0.0,1,8,0.0,1,8,0.0,1,8,0.0,1,8,0.0,1,8,0.0,1,8,0.0,1,8,-9900,?,9,-9900,?,9,12.76,E,8,12.57,E,8,98.0,E,8,872.5394,E,8,999.0,E,8,0.78,E,8,-9900,?,9,-9900,?,9,0.0,E,8,-9900,?,9,-9900,?,9,0.0,0.0,E,8
06/07/2011,08:00,310.68,1325.223,65.76,1,8,0.0,1,8,65.76,1,8,7891.2,1,8,0.0,1,8,7233.6,1,8,89.727,1,8,-9900,?,9,-9900,?,9,12.56,E,8,12.54,E,8,99.0,E,8,872.5394,E,8,999.0,E,8,0.78,E,8,-9900,?,9,-9900,?,9,0.0,E,8,-9900,?,9,-9900,?,9,0.0,0.0,E,8
06/07/2011,09:00,559.116,1325.223,81.86,1,8,0.0,1,8,81.86,1,8,9823.2,1,8,0.0,1,8,9004.6,1,8,61.843,1,8,-9900,?,9,-9900,?,9,14.5,E,8,12.87,E,8,89.0,E,8,872.5394,E,8,999.0,E,8,0.78,E,8,-9900,?,9,-9900,?,9,0.0,E,8,-9900,?,9,-9900,?,9,0.0,0.0,E,8
06/07/2011,10:00,757.413,1325.223,254.04,1,8,27.014,1,8,238.61,1,8,30484.8,1,8,2566.323,1,8,26247.087,1,8,132.971,1,8,-9900,?,9,-9900,?,9,16.07,E,8,13.13,E,8,82.0,E,8,872.5394,E,8,999.0,E,8,0.78,E,8,-9900,?,9,-9900,?,9,0.0,E,8,-9900,?,9,-9900,?,9,0.0,0.0,E,8
06/07/2011,11:00,891.719,1325.223,321.1,1,8,20.234,1,8,307.49,1,8,38532.0,1,8,1922.19,1,8,33823.901,1,8,145.511,1,8,-9900,?,9,-9900,?,9,17.29,E,8,13.33,E,8,77.0,E,8,872.5394,E,8,999.0,E,8,0.78,E,8,-9900,?,9,-9900,?,9,0.0,E,8,-9900,?,9,-9900,?,9,0.0,0.0,E,8
06/07/2011,12:00,952.806,1325.223,366.62,1,8,25.111,1,8,348.571,1,8,43994.4,1,8,2385.506,1,8,38342.809,1,8,154.364,1,8,-9900,?,9,-9900,?,9,18.26,E,8,13.49,E,8,73.0,E,8,872.5394,E,8,999.0,E,8,0.78,E,8,-9900,?,9,-9900,?,9,0.0,E,8,-9900,?,9,-9900,?,9,0.0,0.0,E,8
06/07/2011,13:00,936.494,1325.223,377.07,1,8,64.592,1,8,331.438,1,8,45248.4,1,8,6136.265,1,8,36458.19,1,8,149.336,1,8,-9900,?,9,-9900,?,9,18.96,E,8,13.61,E,8,71.0,E,8,872.5394,E,8,999.0,E,8,1.01,E,8,-9900,?,9,-9900,?,9,0.0,E,8,-9900,?,9,-9900,?,9,0.0,0.0,E,8
06/07/2011,14:00,843.9,1325.223,351.66,1,8,81.005,1,8,300.098,1,8,42199.2,1,8,7695.476,1,8,33010.813,1,8,150.072,1,8,-9900,?,9,-9900,?,9,19.36,E,8,13.67,E,8,69.0,E,8,872.5394,E,8,999.0,E,8,0.86,E,8,-9900,?,9,-9900,?,9,0.0,E,8,-9900,?,9,-9900,?,9,0.0,0.0,E,8
06/07/2011,15:00,681.375,1325.223,292.34,1,8,106.081,1,8,237.842,1,8,35080.8,1,8,10077.667,1,8,26162.626,1,8,147.365,1,8,-9900,?,9,-9900,?,9,19.47,E,8,13.69,E,8,69.0,E,8,872.5394,E,8,999.0,E,8,1.99,E,8,-9900,?,9,-9900,?,9,0.0,E,8,-9900,?,9,-9900,?,9,0.0,0.0,E,8
06/07/2011,16:00,460.131,1325.223,203.94,1,8,172.495,1,8,144.175,1,8,24472.8,1,8,16386.98,1,8,15859.233,1,8,132.455,1,8,-9900,?,9,-9900,?,9,19.17,E,8,13.64,E,8,70.0,E,8,872.5394,E,8,999.0,E,8,1.61,E,8,-9900,?,9,-9900,?,9,0.0,E,8,-9900,?,9,-9900,?,9,0.0,0.0,E,8
06/07/2011,17:00,196.055,1325.223,95.64,1,8,286.199,1,8,53.818,1,8,11476.8,1,8,27188.863,1,8,5919.999,1,8,117.231,1,8,-9900,?,9,-9900,?,9,18.45,E,8,13.52,E,8,73.0,E,8,872.5394,E,8,999.0,E,8,0.86,E,8,-9900,?,9,-9900,?,9,0.0,E,8,-9900,?,9,-9900,?,9,0.0,0.0,E,8
06/07/2011,18:00,0.0,1325.223,2.97,1,8,0.0,1,8,0.0,1,8,356.4,1,8,0.0,1,8,0.0,1,8,-0.0,1,8,-9900,?,9,-9900,?,9,17.86,E,8,13.43,E,8,75.0,E,8,872.5394,E,8,999.0,E,8,0.78,E,8,-9900,?,9,-9900,?,9,0.0,E,8,-9900,?,9,-9900,?,9,0.0,0.0,E,8
06/07/2011,19:00,0.0,1325.223,0.0,1,8,0.0,1,8,0.0,1,8,0.0,1,8,0.0,1,8,0.0,1,8,-0.0,1,8,-9900,?,9,-9900,?,9,17.28,E,8,13.33,E,8,82.0,E,8,872.5394,E,8,999.0,E,8,0.78,E,8,-9900,?,9,-9900,?,9,0.005,E,8,-9900,?,9,-9900,?,9,0.05,99.0,E,8
06/07/2011,20:00,0.0,1325.223,0.0,1,8,0.0,1,8,0.0,1,8,0.0,1,8,0.0,1,8,0.0,1,8,-0.0,1,8,-9900,?,9,-9900,?,9,16.69,E,8,13.24,E,8,95.0,E,8,872.5394,E,8,999.0,E,8,0.78,E,8,-9900,?,9,-9900,?,9,0.534,E,8,-9900,?,9,-9900,?,9,5.34,99.0,E,8
06/07/2011,21:00,0.0,1325.223,0.0,1,8,0.0,1,8,0.0,1,8,0.0,1,8,0.0,1,8,0.0,1,8,-0.0,1,8,-9900,?,9,-9900,?,9,16.1,E,8,13.14,E,8,87.0,E,8,872.5394,E,8,999.0,E,8,0.78,E,8,-9900,?,9,-9900,?,9,0.015,E,8,-9900,?,9,-9900,?,9,0.15,99.0,E,8
06/07/2011,22:00,0.0,1325.223,0.0,1,8,0.0,1,8,0.0,1,8,0.0,1,8,0.0,1,8,0.0,1,8,-0.0,1,8,-9900,?,9,-9900,?,9,15.52,E,8,13.04,E,8,90.0,E,8,872.5394,E,8,999.0,E,8,0.78,E,8,-9900,?,9,-9900,?,9,0.009,E,8,-9900,?,9,-9900,?,9,0.09,99.0,E,8
06/07/2011,23:00,0.0,1325.223,0.0,1,8,0.0,1,8,0.0,1,8,0.0,1,8,0.0,1,8,0.0,1,8,-0.0,1,8,-9900,?,9,-9900,?,9,14.93,E,8,12.94,E,8,92.0,E,8,872.5394,E,8,999.0,E,8,0.78,E,8,-9900,?,9,-9900,?,9,0.03,E,8,-9900,?,9,-9900,?,9,0.3,99.0,E,8
06/07/2011,24:00,0.0,1325.223,0.0,1,8,0.0,1,8,0.0,1,8,0.0,1,8,0.0,1,8,0.0,1,8,-0.0,1,8,-9900,?,9,-9900,?,9,14.34,E,8,12.31,E,8,87.0,E,8,872.5394,E,8,999.0,E,8,0.57,E,8,-9900,?,9,-9900,?,9,0.0,E,8,-9900,?,9,-9900,?,9,0.0,0.0,E,8
06/08/2011,01:00,0.0,1325.223,0.0,1,8,0.0,1,8,0.0,1,8,0.0,1,8,0.0,1,8,0.0,1,8,-0.0,1,8,-9900,?,9,-9900,?,9,14.05,E,8,12.26,E,8,88.0,E,8,872.5394,E,8,999.0,E,8,0.57,E,8,-9900,?,9,-9900,?,9,0.0,E,8,-9900,?,9,-9900,?,9,0.0,0.0,E,8
06/08/2011,02:00,0.0,1325.223,0.0,1,8,0.0,1,8,0.0,1,8,0.0,1,8,0.0,1,8,0.0,1,8,-0.0,1,8,-9900,?,9,-9900,?,9,13.76,E,8,12.21,E,8,90.0,E,8,872.5394,E,8,999.0,E,8,0.57,E,8,-9900,?,9,-9900,?,9,0.0,E,8,-9900,?,9,-9900,?,9,0.0,0.0,E,8
06/08/2011,03:00,0.0,1325.223,0.0,1,8,0.0,1,8,0.0,1,8,0.0,1,8,0.0,1,8,0.0,1,8,-0.0,1,8,-9900,?,9,-9900,?,9,13.46,E,8,12.15,E,8,91.0,E,8,872.5394,E,8,999.0,E,8,0.57,E,8,-9900,?,9,-9900,?,9,0.0,E,8,-9900,?,9,-9900,?,9,0.0,0.0,E,8
06/08/2011,04:00,0.0,1324.888,0.0,1,8,0.0,1,8,0.0,1,8,0.0,1,8,0.0,1,8,0.0,1,8,-0.0,1,8,-9900,?,9,-9900,?,9,13.17,E,8,12.1,E,8,93.0,E,8,872.5394,E,8,999.0,E,8,0.57,E,8,-9900,?,9,-9900,?,9,0.0,E,8,-9900,?,9,-9900,?,9,0.0,0.0,E,8
06/08/2011,05:00,0.0,1324.888,0.0,1,8,0.0,1,8,0.0,1,8,0.0,1,8,0.0,1,8,0.0,1,8,-0.0,1,8,-9900,?,9,-9900,?,9,12.88,E,8,12.04,E,8,94.0,E,8,872.5394,E,8,999.0,E,8,0.57,E,8,-9900,?,9,-9900,?,9,0.0,E,8,-9900,?,9,-9900,?,9,0.0,0.0,E,8
06/08/2011,06:00,0.0,1324.888,0.0,1,8,0.0,1,8,0.0,1,8,0.0,1,8,0.0,1,8,0.0,1,8,-0.0,1,8,-9900,?,9,-9900,?,9,12.65,E,8,12.0,E,8,95.0,E,8,872.5394,E,8,999.0,E,8,0.57,E,8,-9900,?,9,-9900,?,9,0.0,E,8,-9900,?,9,-9900,?,9,0.0,0.0,E,8
06/08/2011,07:00,32.722,1324.888,0.0,1,8,0.0,1,8,0.0,1,8,0.0,1,8,0.0,1,8,0.0,1,8,0.0,1,8,-9900,?,9,-9900,?,9,12.46,E,8,11.96,E,8,96.0,E,8,872.5394,E,8,999.0,E,8,0.57,E,8,-9900,?,9,-9900,?,9,0.0,E,8,-9900,?,9,-9900,?,9,0.0,0.0,E,8
06/08/2011,08:00,308.689,1324.888,37.63,1,8,0.0,1,8,37.63,1,8,4515.6,1,8,0.0,1,8,4139.3,1,8,51.666,1,8,-9900,?,9,-9900,?,9,12.26,E,8,11.93,E,8,97.0,E,8,872.5394,E,8,999.0,E,8,0.57,E,8,-9900,?,9,-9900,?,9,0.0,E,8,-9900,?,9,-9900,?,9,0.0,0.0,E,8
06/08/2011,09:00,557.018,1324.888,164.85,1,8,16.466,1,8,157.937,1,8,19782.0,1,8,1564.238,1,8,17373.048,1,8,119.738,1,8,-9900,?,9,-9900,?,9,14.65,E,8,12.37,E,8,86.0,E,8,872.5394,E,8,999.0,E,8,0.57,E,8,-9900,?,9,-9900,?,9,0.0,E,8,-9900,?,9,-9900,?,9,0.0,0.0,E,8
06/08/2011,10:00,755.309,1324.888,283.11,1,8,31.565,1,8,265.126,1,8,33973.2,1,8,2998.718,1,8,29163.829,1,8,148.122,1,8,-9900,?,9,-9900,?,9,16.08,E,8,12.63,E,8,79.0,E,8,872.5394,E,8,999.0,E,8,0.57,E,8,-9900,?,9,-9900,?,9,0.0,E,8,-9900,?,9,-9900,?,9,0.0,0.0,E,8
06/08/2011,11:00,889.708,1324.888,372.81,1,8,79.246,1,8,319.612,1,8,44737.2,1,8,7528.413,1,8,35157.353,1,8,151.552,1,8,-9900,?,9,-9900,?,9,17.32,E,8,12.86,E,8,75.0,E,8,872.5394,E,8,999.0,E,8,0.6,E,8,-9900,?,9,-9900,?,9,0.0,E,8,-9900,?,9,-9900,?,9,0.0,0.0,E,8
06/08/2011,12:00,950.98,1324.888,425.9,1,8,98.016,1,8,355.565,1,8,51108.0,1,8,9311.566,1,8,39112.156,1,8,157.724,1,8,-9900,?,9,-9900,?,9,18.32,E,8,13.04,E,8,71.0,E,8,872.5394,E,8,999.0,E,8,1.3,E,8,-9900,?,9,-9900,?,9,0.0,E,8,-9900,?,9,-9900,?,9,0.0,0.0,E,8
06/08/2011,13:00,934.93,1324.888,438.19,1,8,119.376,1,8,353.975,1,8,52582.8,1,8,11340.764,1,8,38937.232,1,8,159.717,1,8,-9900,?,9,-9900,?,9,19.03,E,8,13.16,E,8,68.0,E,8,872.5394,E,8,999.0,E,8,1.58,E,8,-9900,?,9,-9900,?,9,0.0,E,8,-9900,?,9,-9900,?,9,0.0,0.0,E,8
06/08/2011,14:00,842.661,1324.888,408.76,1,8,149.03,1,8,314.014,1,8,49051.2,1,8,14157.838,1,8,34541.571,1,8,157.222,1,8,-9900,?,9,-9900,?,9,19.44,E,8,13.23,E,8,67.0,E,8,872.5394,E,8,999.0,E,8,1.96,E,8,-9900,?,9,-9900,?,9,0.0,E,8,-9900,?,9,-9900,?,9,0.0,0.0,E,8
06/08/2011,15:00,680.499,1324.888,339.86,1,8,192.042,1,8,241.302,1,8,40783.2,1,8,18244.008,1,8,26543.265,1,8,149.664,1,8,-9900,?,9,-9900,?,9,19.54,E,8,13.25,E,8,66.0,E,8,872.5394,E,8,999.0,E,8,2.55,E,8,-9900,?,9,-9900,?,9,0.0,E,8,-9900,?,9,-9900,?,9,0.0,0.0,E,8
06/08/2011,16:00,459.63,1324.888,237.09,1,8,298.938,1,8,133.602,1,8,28450.8,1,8,28399.149,1,8,14696.226,1,8,122.844,1,8,-9900,?,9,-9900,?,9,19.23,E,8,13.2,E,8,68.0,E,8,872.5394,E,8,999.0,E,8,2.44,E,8,-9900,?,9,-9900,?,9,0.0,E,8,-9900,?,9,-9900,?,9,0.0,0.0,E,8
06/08/2011,17:00,195.917,1324.888,111.18,1,8,359.454,1,8,58.678,1,8,13341.6,1,8,34148.123,1,8,6454.526,1,8,127.875,1,8,-9900,?,9,-9900,?,9,18.46,E,8,13.06,E,8,70.0,E,8,872.5394,E,8,999.0,E,8,0.83,E,8,-9900,?,9,-9900,?,9,0.0,E,8,-9900,?,9,-9900,?,9,0.0,0.0,E,8
06/08/2011,18:00,0.0,1324.888,3.45,1,8,0.0,1,8,0.0,1,8,414.0,1,8,0.0,1,8,0.0,1,8,-0.0,1,8,-9900,?,9,-9900,?,9,17.93,E,8,12.97,E,8,72.0,E,8,872.5394,E,8,999.0,E,8,0.73,E,8,-9900,?,9,-9900,?,9,0.0,E,8,-9900,?,9,-9900,?,9,0.0,0.0,E,8
06/08/2011,19:00,0.0,1324.888,0.0,1,8,0.0,1,8,0.0,1,8,0.0,1,8,0.0,1,8,0.0,1,8,-0.0,1,8,-9900,?,9,-9900,?,9,17.39,E,8,12.87,E,8,74.0,E,8,872.5394,E,8,999.0,E,8,0.57,E,8,-9900,?,9,-9900,?,9,0.0,E,8,-9900,?,9,-9900,?,9,0.0,0.0,E,8
06/08/2011,20:00,0.0,1324.888,0.0,1,8,0.0,1,8,0.0,1,8,0.0,1,8,0.0,1,8,0.0,1,8,-0.0,1,8,-9900,?,9,-9900,?,9,16.85,E,8,12.77,E,8,76.0,E,8,872.5394,E,8,999.0,E,8,0.57,E,8,-9900,?,9,-9900,?,9,0.0,E,8,-9900,?,9,-9900,?,9,0.0,0.0,E,8
06/08/2011,21:00,0.0,1324.888,0.0,1,8,0.0,1,8,0.0,1,8,0.0,1,8,0.0,1,8,0.0,1,8,-0.0,1,8,-9900,?,9,-9900,?,9,16.31,E,8,12.68,E,8,79.0,E,8,872.5394,E,8,999.0,E,8,0.57,E,8,-9900,?,9,-9900,?,9,0.0,E,8,-9900,?,9,-9900,?,9,0.0,0.0,E,8
06/08/2011,22:00,0.0,1324.888,0.0,1,8,0.0,1,8,0.0,1,8,0.0,1,8,0.0,1,8,0.0,1,8,-0.0,1,8,-9900,?,9,-9900,?,9,15.77,E,8,12.58,E,8,81.0,E,8,872.5394,E,8,999.0,E,8,0.57,E,8,-9900,?,9,-9900,?,9,0.0,E,8,-9900,?,9,-9900,?,9,0.0,0.0,E,8
06/08/2011,23:00,0.0,1324.888,0.0,1,8,0.0,1,8,0.0,1,8,0.0,1,8,0.0,1,8,0.0,1,8,-0.0,1,8,-9900,?,9,-9900,?,9,15.23,E,8,12.48,E,8,83.0,E,8,872.5394,E,8,999.0,E,8,0.57,E,8,-9900,?,9,-9900,?,9,0.0,E,8,-9900,?,9,-9900,?,9,0.0,0.0,E,8
06/08/2011,24:00,0.0,1324.888,0.0,1,8,0.0,1,8,0.0,1,8,0.0,1,8,0.0,1,8,0.0,1,8,-0.0,1,8,-9900,?,9,-9900,?,9,14.69,E,8,13.0,E,8,87.0,E,8,872.5394,E,8,999.0,E,8,0.86,E,8,-9900,?,9,-9900,?,9,0.008,E,8,-9900,?,9,-9900,?,9,0.08,99.0,E,8
06/09/2011,01:00,0.0,1324.888,0.0,1,8,0.0,1,8,0.0,1,8,0.0,1,8,0.0,1,8,0.0,1,8,-0.0,1,8,-9900,?,9,-9900,?,9,14.42,E,8,12.92,E,8,88.0,E,8,872.5394,E,8,999.0,E,8,0.86,E,8,-9900,?,9,-9900,?,9,0.038,E,8,-9900,?,9,-9900,?,9,0.38,99.0,E,8
06/09/2011,02:00,0.0,1324.888,0.0,1,8,0.0,1,8,0.0,1,8,0.0,1,8,0.0,1,8,0.0,1,8,-0.0,1,8,-9900,?,9,-9900,?,9,14.16,E,8,12.84,E,8,88.0,E,8,872.5394,E,8,999.0,E,8,0.86,E,8,-9900,?,9,-9900,?,9,0.001,E,8,-9900,?,9,-9900,?,9,0.01,99.0,E,8
06/09/2011,03:00,0.0,1324.888,0.0,1,8,0.0,1,8,0.0,1,8,0.0,1,8,0.0,1,8,0.0,1,8,-0.0,1,8,-9900,?,9,-9900,?,9,13.89,E,8,12.75,E,8,89.0,E,8,872.5394,E,8,999.0,E,8,0.86,E,8,-9900,?,9,-9900,?,9,0.004,E,8,-9900,?,9,-9900,?,9,0.04,99.0,E,8
06/09/2011,04:00,0.0,1324.564,0.0,1,8,0.0,1,8,0.0,1,8,0.0,1,8,0.0,1,8,0.0,1,8,-0.0,1,8,-9900,?,9,-9900,?,9,13.62,E,8,12.67,E,8,90.0,E,8,872.5394,E,8,999.0,E,8,0.86,E,8,-9900,?,9,-9900,?,9,0.013000000000000001,E,8,-9900,?,9,-9900,?,9,0.13,99.0,E,8
06/09/2011,05:00,0.0,1324.564,0.0,1,8,0.0,1,8,0.0,1,8,0.0,1,8,0.0,1,8,0.0,1,8,-0.0,1,8,-9900,?,9,-9900,?,9,13.35,E,8,12.59,E,8,97.0,E,8,872.5394,E,8,999.0,E,8,0.86,E,8,-9900,?,9,-9900,?,9,0.605,E,8,-9900,?,9,-9900,?,9,6.05,99.0,E,8
06/09/2011,06:00,0.0,1324.564,0.0,1,8,0.0,1,8,0.0,1,8,0.0,1,8,0.0,1,8,0.0,1,8,-0.0,1,8,-9900,?,9,-9900,?,9,13.14,E,8,12.52,E,8,88.0,E,8,872.5394,E,8,999.0,E,8,0.86,E,8,-9900,?,9,-9900,?,9,0.0,E,8,-9900,?,9,-9900,?,9,0.0,0.0,E,8
06/09/2011,07:00,31.125,1324.564,0.0,1,8,0.0,1,8,0.0,1,8,0.0,1,8,0.0,1,8,0.0,1,8,0.0,1,8,-9900,?,9,-9900,?,9,12.96,E,8,12.46,E,8,88.0,E,8,872.5394,E,8,999.0,E,8,0.86,E,8,-9900,?,9,-9900,?,9,0.0,E,8,-9900,?,9,-9900,?,9,0.0,0.0,E,8
06/09/2011,08:00,306.759,1324.564,26.86,1,8,0.0,1,8,26.86,1,8,3223.2,1,8,0.0,1,8,2954.6,1,8,37.104,1,8,-9900,?,9,-9900,?,9,12.78,E,8,12.41,E,8,89.0,E,8,872.5394,E,8,999.0,E,8,0.86,E,8,-9900,?,9,-9900,?,9,0.0,E,8,-9900,?,9,-9900,?,9,0.0,0.0,E,8
06/09/2011,09:00,554.996,1324.564,119.37,1,8,0.0,1,8,119.37,1,8,14324.4,1,8,0.0,1,8,13130.7,1,8,90.808,1,8,-9900,?,9,-9900,?,9,14.74,E,8,13.02,E,8,84.0,E,8,872.5394,E,8,999.0,E,8,0.86,E,8,-9900,?,9,-9900,?,9,0.0,E,8,-9900,?,9,-9900,?,9,0.0,0.0,E,8
06/09/2011,10:00,753.296,1324.564,205.52,1,8,7.825,1,8,201.073,1,8,24662.4,1,8,743.34,1,8,22118.004,1,8,112.61,1,8,-9900,?,9,-9900,?,9,15.91,E,8,13.37,E,8,81.0,E,8,872.5394,E,8,999.0,E,8,0.86,E,8,-9900,?,9,-9900,?,9,0.0,E,8,-9900,?,9,-9900,?,9,0.0,0.0,E,8
06/09/2011,11:00,887.799,1324.564,270.93,1,8,10.652,1,8,263.793,1,8,32511.6,1,8,1011.934,1,8,29017.233,1,8,125.322,1,8,-9900,?,9,-9900,?,9,16.94,E,8,13.68,E,8,78.0,E,8,872.5394,E,8,999.0,E,8,0.86,E,8,-9900,?,9,-9900,?,9,0.0,E,8,-9900,?,9,-9900,?,9,0.0,0.0,E,8
06/09/2011,12:00,949.264,1324.564,309.68,1,8,13.303,1,8,300.149,1,8,37161.6,1,8,1263.759,1,8,33016.401,1,8,133.35,1,8,-9900,?,9,-9900,?,9,17.76,E,8,13.92,E,8,77.0,E,8,872.5394,E,8,999.0,E,8,0.86,E,8,-9900,?,9,-9900,?,9,0.0,E,8,-9900,?,9,-9900,?,9,0.0,0.0,E,8
06/09/2011,13:00,933.483,1324.564,318.74,1,8,15.919,1,8,307.525,1,8,38248.8,1,8,1512.289,1,8,33827.705,1,8,138.94,1,8,-9900,?,9,-9900,?,9,18.35,E,8,14.09,E,8,75.0,E,8,872.5394,E,8,999.0,E,8,0.86,E,8,-9900,?,9,-9900,?,9,0.0,E,8,-9900,?,9,-9900,?,9,0.0,0.0,E,8
06/09/2011,14:00,841.537,1324.564,297.4,1,8,19.495,1,8,285.02,1,8,35688.0,1,8,1851.984,1,8,31352.185,1,8,142.861,1,8,-9900,?,9,-9900,?,9,18.69,E,8,14.19,E,8,74.0,E,8,872.5394,E,8,999.0,E,8,1.22,E,8,-9900,?,9,-9900,?,9,0.0,E,8,-9900,?,9,-9900,?,9,0.0,0.0,E,8
06/09/2011,15:00,679.732,1324.564,247.31,1,8,31.473,1,8,231.172,1,8,29677.2,1,8,2989.914,1,8,25428.942,1,8,143.508,1,8,-9900,?,9,-9900,?,9,18.78,E,8,14.21,E,8,74.0,E,8,872.5394,E,8,999.0,E,8,0.99,E,8,-9900,?,9,-9900,?,9,0.0,E,8,-9900,?,9,-9900,?,9,0.0,0.0,E,8
06/09/2011,16:00,459.231,1324.564,172.55,1,8,87.224,1,8,142.373,1,8,20706.0,1,8,8286.322,1,8,15661.051,1,8,130.992,1,8,-9900,?,9,-9900,?,9,18.51,E,8,14.14,E,8,75.0,E,8,872.5394,E,8,999.0,E,8,0.86,E,8,-9900,?,9,-9900,?,9,0.0,E,8,-9900,?,9,-9900,?,9,0.0,0.0,E,8
06/09/2011,17:00,195.868,1324.564,80.92,1,8,216.338,1,8,49.321,1,8,9710.4,1,8,20552.148,1,8,5425.362,1,8,107.486,1,8,-9900,?,9,-9900,?,9,17.89,E,8,13.96,E,8,76.0,E,8,872.5394,E,8,999.0,E,8,0.86,E,8,-9900,?,9,-9900,?,9,0.0,E,8,-9900,?,9,-9900,?,9,0.0,0.0,E,8
06/09/2011,18:00,0.0,1324.564,2.52,1,8,0.0,1,8,0.0,1,8,302.4,1,8,0.0,1,8,0.0,1,8,-0.0,1,8,-9900,?,9,-9900,?,9,17.34,E,8,13.8,E,8,81.0,E,8,872.5394,E,8,999.0,E,8,0.86,E,8,-9900,?,9,-9900,?,9,0.001,E,8,-9900,?,9,-9900,?,9,0.01,99.0,E,8
06/09/2011,19:00,0.0,1324.564,0.0,1,8,0.0,1,8,0.0,1,8,0.0,1,8,0.0,1,8,0.0,1,8,-0.0,1,8,-9900,?,9,-9900,?,9,16.8,E,8,13.64,E,8,79.0,E,8,872.5394,E,8,999.0,E,8,0.86,E,8,-9900,?,9,-9900,?,9,0.0,E,8,-9900,?,9,-9900,?,9,0.0,0.0,E,8
06/09/2011,20:00,0.0,1324.564,0.0,1,8,0.0,1,8,0.0,1,8,0.0,1,8,0.0,1,8,0.0,1,8,-0.0,1,8,-9900,?,9,-9900,?,9,16.25,E,8,13.47,E,8,83.0,E,8,872.5394,E,8,999.0,E,8,0.86,E,8,-9900,?,9,-9900,?,9,0.002,E,8,-9900,?,9,-9900,?,9,0.02,99.0,E,8
06/09/2011,21:00,0.0,1324.564,0.0,1,8,0.0,1,8,0.0,1,8,0.0,1,8,0.0,1,8,0.0,1,8,-0.0,1,8,-9900,?,9,-9900,?,9,15.71,E,8,13.31,E,8,85.0,E,8,872.5394,E,8,999.0,E,8,0.86,E,8,-9900,?,9,-9900,?,9,0.02,E,8,-9900,?,9,-9900,?,9,0.2,99.0,E,8
06/09/2011,22:00,0.0,1324.564,0.0,1,8,0.0,1,8,0.0,1,8,0.0,1,8,0.0,1,8,0.0,1,8,-0.0,1,8,-9900,?,9,-9900,?,9,15.16,E,8,13.15,E,8,86.0,E,8,872.5394,E,8,999.0,E,8,0.86,E,8,-9900,?,9,-9900,?,9,0.006,E,8,-9900,?,9,-9900,?,9,0.06,99.0,E,8
06/09/2011,23:00,0.0,1324.564,0.0,1,8,0.0,1,8,0.0,1,8,0.0,1,8,0.0,1,8,0.0,1,8,-0.0,1,8,-9900,?,9,-9900,?,9,14.62,E,8,12.98,E,8,84.0,E,8,872.5394,E,8,999.0,E,8,0.86,E,8,-9900,?,9,-9900,?,9,0.0,E,8,-9900,?,9,-9900,?,9,0.0,0.0,E,8
06/09/2011,24:00,0.0,1324.564,0.0,1,8,0.0,1,8,0.0,1,8,0.0,1,8,0.0,1,8,0.0,1,8,-0.0,1,8,-9900,?,9,-9900,?,9,14.07,E,8,13.32,E,8,96.0,E,8,872.5394,E,8,999.0,E,8,0.82,E,8,-9900,?,9,-9900,?,9,0.011,E,8,-9900,?,9,-9900,?,9,0.11,99.0,E,8
06/10/2011,01:00,0.0,1324.564,0.0,1,8,0.0,1,8,0.0,1,8,0.0,1,8,0.0,1,8,0.0,1,8,-0.0,1,8,-9900,?,9,-9900,?,9,13.8,E,8,13.12,E,8,93.0,E,8,872.5394,E,8,999.0,E,8,0.82,E,8,-9900,?,9,-9900,?,9,0.0,E,8,-9900,?,9,-9900,?,9,0.0,0.0,E,8
06/10/2011,02:00,0.0,1324.564,0.0,1,8,0.0,1,8,0.0,1,8,0.0,1,8,0.0,1,8,0.0,1,8,-0.0,1,8,-9900,?,9,-9900,?,9,13.53,E,8,12.91,E,8,93.0,E,8,872.5394,E,8,999.0,E,8,0.82,E,8,-9900,?,9,-9900,?,9,0.0,E,8,-9900,?,9,-9900,?,9,0.0,0.0,E,8
06/10/2011,03:00,0.0,1324.564,0.0,1,8,0.0,1,8,0.0,1,8,0.0,1,8,0.0,1,8,0.0,1,8,-0.0,1,8,-9900,?,9,-9900,?,9,13.26,E,8,12.7,E,8,93.0,E,8,872.5394,E,8,999.0,E,8,0.82,E,8,-9900,?,9,-9900,?,9,0.0,E,8,-9900,?,9,-9900,?,9,0.0,0.0,E,8
06/10/2011,04:00,0.0,1324.253,0.0,1,8,0.0,1,8,0.0,1,8,0.0,1,8,0.0,1,8,0.0,1,8,-0.0,1,8,-9900,?,9,-9900,?,9,12.98,E,8,12.48,E,8,94.0,E,8,872.5394,E,8,999.0,E,8,0.82,E,8,-9900,?,9,-9900,?,9,0.0,E,8,-9900,?,9,-9900,?,9,0.0,0.0,E,8
06/10/2011,05:00,0.0,1324.253,0.0,1,8,0.0,1,8,0.0,1,8,0.0,1,8,0.0,1,8,0.0,1,8,-0.0,1,8,-9900,?,9,-9900,?,9,12.71,E,8,12.27,E,8,94.0,E,8,872.5394,E,8,999.0,E,8,0.82,E,8,-9900,?,9,-9900,?,9,0.0,E,8,-9900,?,9,-9900,?,9,0.0,0.0,E,8
06/10/2011,06:00,0.0,1324.253,0.0,1,8,0.0,1,8,0.0,1,8,0.0,1,8,0.0,1,8,0.0,1,8,-0.0,1,8,-9900,?,9,-9900,?,9,12.5,E,8,12.1,E,8,97.0,E,8,872.5394,E,8,999.0,E,8,0.82,E,8,-9900,?,9,-9900,?,9,0.002,E,8,-9900,?,9,-9900,?,9,0.02,99.0,E,8
06/10/2011,07:00,29.575,1324.253,0.0,1,8,0.0,1,8,0.0,1,8,0.0,1,8,0.0,1,8,0.0,1,8,0.0,1,8,-9900,?,9,-9900,?,9,12.32,E,8,11.95,E,8,94.0,E,8,872.5394,E,8,999.0,E,8,0.82,E,8,-9900,?,9,-9900,?,9,0.0,E,8,-9900,?,9,-9900,?,9,0.0,0.0,E,8
06/10/2011,08:00,304.89,1324.253,20.87,1,8,0.0,1,8,20.87,1,8,2504.4,1,8,0.0,1,8,2295.7,1,8,29.001,1,8,-9900,?,9,-9900,?,9,12.14,E,8,11.81,E,8,94.0,E,8,872.5394,E,8,999.0,E,8,0.82,E,8,-9900,?,9,-9900,?,9,0.0,E,8,-9900,?,9,-9900,?,9,0.0,0.0,E,8
06/10/2011,09:00,553.052,1324.253,94.06,1,8,0.0,1,8,94.06,1,8,11287.2,1,8,0.0,1,8,10346.6,1,8,71.789,1,8,-9900,?,9,-9900,?,9,13.88,E,8,13.18,E,8,93.0,E,8,872.5394,E,8,999.0,E,8,0.82,E,8,-9900,?,9,-9900,?,9,0.0,E,8,-9900,?,9,-9900,?,9,0.0,0.0,E,8
06/10/2011,10:00,751.376,1324.253,115.06,1,8,0.0,1,8,115.06,1,8,13807.2,1,8,0.0,1,8,12656.6,1,8,64.589,1,8,-9900,?,9,-9900,?,9,14.46,E,8,13.61,E,8,95.0,E,8,872.5394,E,8,999.0,E,8,0.82,E,8,-9900,?,9,-9900,?,9,0.004,E,8,-9900,?,9,-9900,?,9,0.04,99.0,E,8
06/10/2011,11:00,885.996,1324.253,214.25,1,8,13.865,1,8,204.977,1,8,25710.0,1,8,1317.13,1,8,22547.497,1,8,97.556,1,8,-9900,?,9,-9900,?,9,15.5,E,8,14.36,E,8,91.0,E,8,872.5394,E,8,999.0,E,8,0.82,E,8,-9900,?,9,-9900,?,9,0.0,E,8,-9900,?,9,-9900,?,9,0.0,0.0,E,8
06/10/2011,12:00,947.662,1324.253,197.83,1,8,1.965,1,8,196.424,1,8,23739.6,1,8,186.71,1,8,21606.633,1,8,87.394,1,8,-9900,?,9,-9900,?,9,16.02,E,8,14.72,E,8,91.0,E,8,872.5394,E,8,999.0,E,8,1.17,E,8,-9900,?,9,-9900,?,9,0.0,E,8,-9900,?,9,-9900,?,9,0.0,0.0,E,8
06/10/2011,13:00,932.151,1324.253,200.91,1,8,3.311,1,8,198.58,1,8,24109.2,1,8,314.522,1,8,21843.825,1,8,89.826,1,8,-9900,?,9,-9900,?,9,16.39,E,8,14.98,E,8,93.0,E,8,872.5394,E,8,999.0,E,8,1.32,E,8,-9900,?,9,-9900,?,9,0.001,E,8,-9900,?,9,-9900,?,9,0.01,99.0,E,8
06/10/2011,14:00,840.528,1324.253,235.45,1,8,21.771,1,8,221.638,1,8,28254.0,1,8,2068.227,1,8,24380.143,1,8,111.199,1,8,-9900,?,9,-9900,?,9,16.8,E,8,15.25,E,8,90.0,E,8,872.5394,E,8,999.0,E,8,1.14,E,8,-9900,?,9,-9900,?,9,0.0,E,8,-9900,?,9,-9900,?,9,0.0,0.0,E,8
06/10/2011,15:00,679.076,1324.253,224.86,1,8,27.104,1,8,210.972,1,8,26983.2,1,8,2574.883,1,8,23206.972,1,8,131.064,1,8,-9900,?,9,-9900,?,9,17.07,E,8,15.43,E,8,90.0,E,8,872.5394,E,8,999.0,E,8,0.96,E,8,-9900,?,9,-9900,?,9,0.0,E,8,-9900,?,9,-9900,?,9,0.0,0.0,E,8
06/10/2011,16:00,458.931,1324.253,184.11,1,8,115.762,1,8,144.077,1,8,22093.2,1,8,10997.379,1,8,15848.462,1,8,132.615,1,8,-9900,?,9,-9900,?,9,17.14,E,8,15.48,E,8,89.0,E,8,872.5394,E,8,999.0,E,8,0.82,E,8,-9900,?,9,-9900,?,9,0.0,E,8,-9900,?,9,-9900,?,9,0.0,0.0,E,8
06/10/2011,17:00,195.905,1324.253,54.44,1,8,31.438,1,8,49.846,1,8,6532.8,1,8,2986.602,1,8,5483.077,1,8,108.582,1,8,-9900,?,9,-9900,?,9,16.57,E,8,15.1,E,8,90.0,E,8,872.5394,E,8,999.0,E,8,0.82,E,8,-9900,?,9,-9900,?,9,0.0,E,8,-9900,?,9,-9900,?,9,0.0,0.0,E,8
06/10/2011,18:00,0.0,1324.253,2.0,1,8,0.0,1,8,0.0,1,8,240.0,1,8,0.0,1,8,0.0,1,8,-0.0,1,8,-9900,?,9,-9900,?,9,15.95,E,8,14.67,E,8,91.0,E,8,872.5394,E,8,999.0,E,8,0.82,E,8,-9900,?,9,-9900,?,9,0.0,E,8,-9900,?,9,-9900,?,9,0.0,0.0,E,8
06/10/2011,19:00,0.0,1324.253,0.0,1,8,0.0,1,8,0.0,1,8,0.0,1,8,0.0,1,8,0.0,1,8,-0.0,1,8,-9900,?,9,-9900,?,9,15.33,E,8,14.24,E,8,97.0,E,8,872.5394,E,8,999.0,E,8,0.82,E,8,-9900,?,9,-9900,?,9,0.28300000000000003,E,8,-9900,?,9,-9900,?,9,2.83,99.0,E,8
06/10/2011,20:00,0.0,1324.253,0.0,1,8,0.0,1,8,0.0,1,8,0.0,1,8,0.0,1,8,0.0,1,8,-0.0,1,8,-9900,?,9,-9900,?,9,14.71,E,8,13.79,E,8,92.0,E,8,872.5394,E,8,999.0,E,8,0.82,E,8,-9900,?,9,-9900,?,9,0.0,E,8,-9900,?,9,-9900,?,9,0.0,0.0,E,8
06/10/2011,21:00,0.0,1324.253,0.0,1,8,0.0,1,8,0.0,1,8,0.0,1,8,0.0,1,8,0.0,1,8,-0.0,1,8,-9900,?,9,-9900,?,9,14.08,E,8,13.33,E,8,93.0,E,8,872.5394,E,8,999.0,E,8,0.82,E,8,-9900,?,9,-9900,?,9,0.0,E,8,-9900,?,9,-9900,?,9,0.0,0.0,E,8
06/10/2011,22:00,0.0,1324.253,0.0,1,8,0.0,1,8,0.0,1,8,0.0,1,8,0.0,1,8,0.0,1,8,-0.0,1,8,-9900,?,9,-9900,?,9,13.46,E,8,12.85,E,8,93.0,E,8,872.5394,E,8,999.0,E,8,0.82,E,8,-9900,?,9,-9900,?,9,0.0,E,8,-9900,?,9,-9900,?,9,0.0,0.0,E,8
06/10/2011,23:00,0.0,1324.253,0.0,1,8,0.0,1,8,0.0,1,8,0.0,1,8,0.0,1,8,0.0,1,8,-0.0,1,8,-9900,?,9,-9900,?,9,12.84,E,8,12.37,E,8,94.0,E,8,872.5394,E,8,999.0,E,8,0.82,E,8,-9900,?,9,-9900,?,9,0.0,E,8,-9900,?,9,-9900,?,9,0.0,0.0,E,8
06/10/2011,24:00,0.0,1324.253,0.0,1,8,0.0,1,8,0.0,1,8,0.0,1,8,0.0,1,8,0.0,1,8,-0.0,1,8,-9900,?,9,-9900,?,9,12.22,E,8,11.37,E,8,94.0,E,8,872.5394,E,8,999.0,E,8,0.88,E,8,-9900,?,9,-9900,?,9,0.0,E,8,-9900,?,9,-9900,?,9,0.0,0.0,E,8
06/11/2011,01:00,0.0,1324.253,0.0,1,8,0.0,1,8,0.0,1,8,0.0,1,8,0.0,1,8,0.0,1,8,-0.0,1,8,-9900,?,9,-9900,?,9,11.91,E,8,11.18,E,8,95.0,E,8,872.5394,E,8,999.0,E,8,0.88,E,8,-9900,?,9,-9900,?,9,0.0,E,8,-9900,?,9,-9900,?,9,0.0,0.0,E,8
06/11/2011,02:00,0.0,1324.253,0.0,1,8,0.0,1,8,0.0,1,8,0.0,1,8,0.0,1,8,0.0,1,8,-0.0,1,8,-9900,?,9,-9900,?,9,11.6,E,8,10.99,E,8,96.0,E,8,872.5394,E,8,999.0,E,8,0.88,E,8,-9900,?,9,-9900,?,9,0.0,E,8,-9900,?,9,-9900,?,9,0.0,0.0,E,8
06/11/2011,03:00,0.0,1324.253,0.0,1,8,0.0,1,8,0.0,1,8,0.0,1,8,0.0,1,8,0.0,1,8,-0.0,1,8,-9900,?,9,-9900,?,9,11.29,E,8,10.8,E,8,96.0,E,8,872.5394,E,8,999.0,E,8,0.88,E,8,-9900,?,9,-9900,?,9,0.0,E,8,-9900,?,9,-9900,?,9,0.0,0.0,E,8
06/11/2011,04:00,0.0,1323.953,0.0,1,8,0.0,1,8,0.0,1,8,0.0,1,8,0.0,1,8,0.0,1,8,-0.0,1,8,-9900,?,9,-9900,?,9,10.98,E,8,10.61,E,8,97.0,E,8,872.5394,E,8,999.0,E,8,0.88,E,8,-9900,?,9,-9900,?,9,0.0,E,8,-9900,?,9,-9900,?,9,0.0,0.0,E,8
06/11/2011,05:00,0.0,1323.953,0.0,1,8,0.0,1,8,0.0,1,8,0.0,1,8,0.0,1,8,0.0,1,8,-0.0,1,8,-9900,?,9,-9900,?,9,10.67,E,8,10.41,E,8,98.0,E,8,872.5394,E,8,999.0,E,8,0.88,E,8,-9900,?,9,-9900,?,9,0.0,E,8,-9900,?,9,-9900,?,9,0.0,0.0,E,8
06/11/2011,06:00,0.0,1323.953,0.0,1,8,0.0,1,8,0.0,1,8,0.0,1,8,0.0,1,8,0.0,1,8,-0.0,1,8,-9900,?,9,-9900,?,9,10.43,E,8,10.26,E,8,98.0,E,8,872.5394,E,8,999.0,E,8,0.88,E,8,-9900,?,9,-9900,?,9,0.0,E,8,-9900,?,9,-9900,?,9,0.0,0.0,E,8
06/11/2011,07:00,28.072,1323.953,0.0,1,8,0.0,1,8,0.0,1,8,0.0,1,8,0.0,1,8,0.0,1,8,0.0,1,8,-9900,?,9,-9900,?,9,10.22,E,8,10.12,E,8,99.0,E,8,872.5394,E,8,999.0,E,8,0.88,E,8,-9900,?,9,-9900,?,9,0.0,E,8,-9900,?,9,-9900,?,9,0.0,0.0,E,8
06/11/2011,08:00,303.085,1323.953,31.48,1,8,0.0,1,8,31.48,1,8,3777.6,1,8,0.0,1,8,3462.8,1,8,43.998,1,8,-9900,?,9,-9900,?,9,10.02,E,8,9.99,E,8,99.0,E,8,872.5394,E,8,999.0,E,8,0.88,E,8,-9900,?,9,-9900,?,9,0.0,E,8,-9900,?,9,-9900,?,9,0.0,0.0,E,8
06/11/2011,09:00,551.189,1323.953,95.73,1,8,0.0,1,8,95.73,1,8,11487.6,1,8,0.0,1,8,10530.3,1,8,73.295,1,8,-9900,?,9,-9900,?,9,12.59,E,8,11.59,E,8,93.0,E,8,872.5394,E,8,999.0,E,8,0.88,E,8,-9900,?,9,-9900,?,9,0.0,E,8,-9900,?,9,-9900,?,9,0.0,0.0,E,8
06/11/2011,10:00,749.551,1323.953,165.64,1,8,12.734,1,8,158.435,1,8,19876.8,1,8,1209.708,1,8,17427.884,1,8,89.134,1,8,-9900,?,9,-9900,?,9,13.97,E,8,12.39,E,8,90.0,E,8,872.5394,E,8,999.0,E,8,0.88,E,8,-9900,?,9,-9900,?,9,0.0,E,8,-9900,?,9,-9900,?,9,0.0,0.0,E,8
06/11/2011,11:00,884.299,1323.953,226.14,1,8,5.826,1,8,222.25,1,8,27136.8,1,8,553.43,1,8,24447.542,1,8,105.956,1,8,-9900,?,9,-9900,?,9,15.27,E,8,13.11,E,8,86.0,E,8,872.5394,E,8,999.0,E,8,0.88,E,8,-9900,?,9,-9900,?,9,0.0,E,8,-9900,?,9,-9900,?,9,0.0,0.0,E,8
06/11/2011,12:00,946.172,1323.953,217.2,1,8,3.924,1,8,214.396,1,8,26064.0,1,8,372.784,1,8,23583.609,1,8,95.52,1,8,-9900,?,9,-9900,?,9,15.98,E,8,13.5,E,8,85.0,E,8,872.5394,E,8,999.0,E,8,0.88,E,8,-9900,?,9,-9900,?,9,0.0,E,8,-9900,?,9,-9900,?,9,0.0,0.0,E,8
06/11/2011,13:00,930.936,1323.953,257.88,1,8,7.681,1,8,252.481,1,8,30945.6,1,8,729.709,1,8,27772.869,1,8,114.33,1,8,-9900,?,9,-9900,?,9,16.73,E,8,13.89,E,8,83.0,E,8,872.5394,E,8,999.0,E,8,0.88,E,8,-9900,?,9,-9900,?,9,0.0,E,8,-9900,?,9,-9900,?,9,0.0,0.0,E,8
06/11/2011,14:00,839.635,1323.953,240.74,1,8,8.456,1,8,235.38,1,8,28888.8,1,8,803.328,1,8,25891.755,1,8,118.193,1,8,-9900,?,9,-9900,?,9,17.16,E,8,14.11,E,8,82.0,E,8,872.5394,E,8,999.0,E,8,0.88,E,8,-9900,?,9,-9900,?,9,0.0,E,8,-9900,?,9,-9900,?,9,0.0,0.0,E,8
06/11/2011,15:00,678.529,1323.953,200.28,1,8,11.854,1,8,194.21,1,8,24033.6,1,8,1126.13,1,8,21363.077,1,8,120.721,1,8,-9900,?,9,-9900,?,9,17.28,E,8,14.17,E,8,81.0,E,8,872.5394,E,8,999.0,E,8,0.88,E,8,-9900,?,9,-9900,?,9,0.0,E,8,-9900,?,9,-9900,?,9,0.0,0.0,E,8
06/11/2011,16:00,458.732,1323.953,139.79,1,8,21.247,1,8,132.444,1,8,16774.8,1,8,2018.441,1,8,14568.833,1,8,121.933,1,8,-9900,?,9,-9900,?,9,16.98,E,8,14.02,E,8,82.0,E,8,872.5394,E,8,999.0,E,8,0.88,E,8,-9900,?,9,-9900,?,9,0.0,E,8,-9900,?,9,-9900,?,9,0.0,0.0,E,8
06/11/2011,17:00,196.028,1323.953,65.6,1,8,61.424,1,8,56.617,1,8,7872.0,1,8,5835.269,1,8,6227.828,1,8,123.223,1,8,-9900,?,9,-9900,?,9,16.23,E,8,13.63,E,8,84.0,E,8,872.5394,E,8,999.0,E,8,0.88,E,8,-9900,?,9,-9900,?,9,0.0,E,8,-9900,?,9,-9900,?,9,0.0,0.0,E,8
06/11/2011,18:00,0.0,1323.953,2.07,1,8,0.0,1,8,0.0,1,8,248.4,1,8,0.0,1,8,0.0,1,8,-0.0,1,8,-9900,?,9,-9900,?,9,15.58,E,8,13.28,E,8,86.0,E,8,872.5394,E,8,999.0,E,8,0.88,E,8,-9900,?,9,-9900,?,9,0.0,E,8,-9900,?,9,-9900,?,9,0.0,0.0,E,8
06/11/2011,19:00,0.0,1323.953,0.0,1,8,0.0,1,8,0.0,1,8,0.0,1,8,0.0,1,8,0.0,1,8,-0.0,1,8,-9900,?,9,-9900,?,9,14.93,E,8,12.93,E,8,87.0,E,8,872.5394,E,8,999.0,E,8,0.88,E,8,-9900,?,9,-9900,?,9,0.0,E,8,-9900,?,9,-9900,?,9,0.0,0.0,E,8
06/11/2011,20:00,0.0,1323.953,0.0,1,8,0.0,1,8,0.0,1,8,0.0,1,8,0.0,1,8,0.0,1,8,-0.0,1,8,-9900,?,9,-9900,?,9,14.29,E,8,12.57,E,8,89.0,E,8,872.5394,E,8,999.0,E,8,0.88,E,8,-9900,?,9,-9900,?,9,0.0,E,8,-9900,?,9,-9900,?,9,0.0,0.0,E,8
06/11/2011,21:00,0.0,1323.953,0.0,1,8,0.0,1,8,0.0,1,8,0.0,1,8,0.0,1,8,0.0,1,8,-0.0,1,8,-9900,?,9,-9900,?,9,13.64,E,8,12.21,E,8,91.0,E,8,872.5394,E,8,999.0,E,8,0.88,E,8,-9900,?,9,-9900,?,9,0.0,E,8,-9900,?,9,-9900,?,9,0.0,0.0,E,8
06/11/2011,22:00,0.0,1323.953,0.0,1,8,0.0,1,8,0.0,1,8,0.0,1,8,0.0,1,8,0.0,1,8,-0.0,1,8,-9900,?,9,-9900,?,9,13.0,E,8,11.84,E,8,92.0,E,8,872.5394,E,8,999.0,E,8,0.88,E,8,-9900,?,9,-9900,?,9,0.0,E,8,-9900,?,9,-9900,?,9,0.0,0.0,E,8
06/11/2011,23:00,0.0,1323.953,0.0,1,8,0.0,1,8,0.0,1,8,0.0,1,8,0.0,1,8,0.0,1,8,-0.0,1,8,-9900,?,9,-9900,?,9,12.35,E,8,11.45,E,8,94.0,E,8,872.5394,E,8,999.0,E,8,0.88,E,8,-9900,?,9,-9900,?,9,0.0,E,8,-9900,?,9,-9900,?,9,0.0,0.0,E,8
06/11/2011,24:00,0.0,1323.953,0.0,1,8,0.0,1,8,0.0,1,8,0.0,1,8,0.0,1,8,0.0,1,8,-0.0,1,8,-9900,?,9,-9900,?,9,11.7,E,8,9.98,E,8,89.0,E,8,872.5394,E,8,999.0,E,8,0.88,E,8,-9900,?,9,-9900,?,9,0.0,E,8,-9900,?,9,-9900,?,9,0.0,0.0,E,8
06/12/2011,01:00,0.0,1323.953,0.0,1,8,0.0,1,8,0.0,1,8,0.0,1,8,0.0,1,8,0.0,1,8,-0.0,1,8,-9900,?,9,-9900,?,9,11.38,E,8,9.9,E,8,90.0,E,8,872.5394,E,8,999.0,E,8,0.88,E,8,-9900,?,9,-9900,?,9,0.0,E,8,-9900,?,9,-9900,?,9,0.0,0.0,E,8
06/12/2011,02:00,0.0,1323.953,0.0,1,8,0.0,1,8,0.0,1,8,0.0,1,8,0.0,1,8,0.0,1,8,-0.0,1,8,-9900,?,9,-9900,?,9,11.06,E,8,9.82,E,8,92.0,E,8,872.5394,E,8,999.0,E,8,0.88,E,8,-9900,?,9,-9900,?,9,0.0,E,8,-9900,?,9,-9900,?,9,0.0,0.0,E,8
06/12/2011,03:00,0.0,1323.953,0.0,1,8,0.0,1,8,0.0,1,8,0.0,1,8,0.0,1,8,0.0,1,8,-0.0,1,8,-9900,?,9,-9900,?,9,10.74,E,8,9.74,E,8,93.0,E,8,872.5394,E,8,999.0,E,8,0.88,E,8,-9900,?,9,-9900,?,9,0.0,E,8,-9900,?,9,-9900,?,9,0.0,0.0,E,8
06/12/2011,04:00,0.0,1323.665,0.0,1,8,0.0,1,8,0.0,1,8,0.0,1,8,0.0,1,8,0.0,1,8,-0.0,1,8,-9900,?,9,-9900,?,9,10.41,E,8,9.65,E,8,95.0,E,8,872.5394,E,8,999.0,E,8,0.88,E,8,-9900,?,9,-9900,?,9,0.0,E,8,-9900,?,9,-9900,?,9,0.0,0.0,E,8
06/12/2011,05:00,0.0,1323.665,0.0,1,8,0.0,1,8,0.0,1,8,0.0,1,8,0.0,1,8,0.0,1,8,-0.0,1,8,-9900,?,9,-9900,?,9,10.09,E,8,9.56,E,8,96.0,E,8,872.5394,E,8,999.0,E,8,0.88,E,8,-9900,?,9,-9900,?,9,0.0,E,8,-9900,?,9,-9900,?,9,0.0,0.0,E,8
06/12/2011,06:00,0.0,1323.665,0.0,1,8,0.0,1,8,0.0,1,8,0.0,1,8,0.0,1,8,0.0,1,8,-0.0,1,8,-9900,?,9,-9900,?,9,9.84,E,8,9.5,E,8,97.0,E,8,872.5394,E,8,999.0,E,8,0.88,E,8,-9900,?,9,-9900,?,9,0.0,E,8,-9900,?,9,-9900,?,9,0.0,0.0,E,8
06/12/2011,07:00,26.617,1323.665,0.0,1,8,0.0,1,8,0.0,1,8,0.0,1,8,0.0,1,8,0.0,1,8,0.0,1,8,-9900,?,9,-9900,?,9,9.63,E,8,9.44,E,8,98.0,E,8,872.5394,E,8,999.0,E,8,0.88,E,8,-9900,?,9,-9900,?,9,0.0,E,8,-9900,?,9,-9900,?,9,0.0,0.0,E,8
06/12/2011,08:00,301.346,1323.665,26.59,1,8,0.0,1,8,26.59,1,8,3190.8,1,8,0.0,1,8,2924.9,1,8,37.372,1,8,-9900,?,9,-9900,?,9,9.41,E,8,9.39,E,8,99.0,E,8,872.5394,E,8,999.0,E,8,0.88,E,8,-9900,?,9,-9900,?,9,0.0,E,8,-9900,?,9,-9900,?,9,0.0,0.0,E,8
06/12/2011,09:00,549.408,1323.665,119.85,1,8,0.0,1,8,119.85,1,8,14382.0,1,8,0.0,1,8,13183.5,1,8,92.041,1,8,-9900,?,9,-9900,?,9,12.24,E,8,10.12,E,8,86.0,E,8,872.5394,E,8,999.0,E,8,0.88,E,8,-9900,?,9,-9900,?,9,0.0,E,8,-9900,?,9,-9900,?,9,0.0,0.0,E,8
06/12/2011,10:00,747.822,1323.665,94.12,1,8,0.0,1,8,94.12,1,8,11294.4,1,8,0.0,1,8,10353.2,1,8,53.062,1,8,-9900,?,9,-9900,?,9,12.5,E,8,10.19,E,8,85.0,E,8,872.5394,E,8,999.0,E,8,0.88,E,8,-9900,?,9,-9900,?,9,0.0,E,8,-9900,?,9,-9900,?,9,0.0,0.0,E,8
06/12/2011,11:00,882.708,1323.665,175.26,1,8,5.14,1,8,171.834,1,8,21031.2,1,8,488.285,1,8,18901.703,1,8,82.05,1,8,-9900,?,9,-9900,?,9,13.42,E,8,10.42,E,8,82.0,E,8,872.5394,E,8,999.0,E,8,0.88,E,8,-9900,?,9,-9900,?,9,0.0,E,8,-9900,?,9,-9900,?,9,0.0,0.0,E,8
06/12/2011,12:00,944.798,1323.665,337.42,1,8,16.84,1,8,325.404,1,8,40490.4,1,8,1599.764,1,8,35794.409,1,8,145.156,1,8,-9900,?,9,-9900,?,9,15.22,E,8,10.86,E,8,75.0,E,8,872.5394,E,8,999.0,E,8,0.88,E,8,-9900,?,9,-9900,?,9,0.0,E,8,-9900,?,9,-9900,?,9,0.0,0.0,E,8
06/12/2011,13:00,929.839,1323.665,324.27,1,8,21.243,1,8,309.352,1,8,38912.4,1,8,2018.066,1,8,34028.722,1,8,140.218,1,8,-9900,?,9,-9900,?,9,16.33,E,8,11.13,E,8,71.0,E,8,872.5394,E,8,999.0,E,8,0.88,E,8,-9900,?,9,-9900,?,9,0.0,E,8,-9900,?,9,-9900,?,9,0.0,0.0,E,8
06/12/2011,14:00,838.857,1323.665,297.8,1,8,55.888,1,8,262.397,1,8,35736.0,1,8,5309.343,1,8,28863.698,1,8,131.853,1,8,-9900,?,9,-9900,?,9,16.98,E,8,11.29,E,8,69.0,E,8,872.5394,E,8,999.0,E,8,0.88,E,8,-9900,?,9,-9900,?,9,0.0,E,8,-9900,?,9,-9900,?,9,0.0,0.0,E,8
06/12/2011,15:00,678.091,1323.665,178.87,1,8,8.78,1,8,174.376,1,8,21464.4,1,8,834.115,1,8,19181.335,1,8,108.439,1,8,-9900,?,9,-9900,?,9,16.9,E,8,11.27,E,8,69.0,E,8,872.5394,E,8,999.0,E,8,0.88,E,8,-9900,?,9,-9900,?,9,0.0,E,8,-9900,?,9,-9900,?,9,0.0,0.0,E,8
06/12/2011,16:00,458.631,1323.665,273.81,1,8,267.997,1,8,181.15,1,8,32857.2,1,8,25459.698,1,8,19926.535,1,8,166.774,1,8,-9900,?,9,-9900,?,9,17.24,E,8,11.35,E,8,68.0,E,8,872.5394,E,8,999.0,E,8,0.88,E,8,-9900,?,9,-9900,?,9,0.0,E,8,-9900,?,9,-9900,?,9,0.0,0.0,E,8
06/12/2011,17:00,196.236,1323.665,230.82,1,8,288.648,1,8,188.549,1,8,27698.4,1,8,27421.556,1,8,20740.434,1,8,409.831,1,8,-9900,?,9,-9900,?,9,17.35,E,8,11.37,E,8,67.0,E,8,872.5394,E,8,999.0,E,8,0.88,E,8,-9900,?,9,-9900,?,9,0.0,E,8,-9900,?,9,-9900,?,9,0.0,0.0,E,8
06/12/2011,18:00,0.0,1323.665,10.94,1,8,0.0,1,8,0.0,1,8,1312.8,1,8,0.0,1,8,0.0,1,8,-0.0,1,8,-9900,?,9,-9900,?,9,16.69,E,8,11.22,E,8,70.0,E,8,872.5394,E,8,999.0,E,8,0.88,E,8,-9900,?,9,-9900,?,9,0.0,E,8,-9900,?,9,-9900,?,9,0.0,0.0,E,8
06/12/2011,19:00,0.0,1323.665,0.0,1,8,0.0,1,8,0.0,1,8,0.0,1,8,0.0,1,8,0.0,1,8,-0.0,1,8,-9900,?,9,-9900,?,9,16.04,E,8,11.06,E,8,72.0,E,8,872.5394,E,8,999.0,E,8,0.88,E,8,-9900,?,9,-9900,?,9,0.0,E,8,-9900,?,9,-9900,?,9,0.0,0.0,E,8
06/12/2011,20:00,0.0,1323.665,0.0,1,8,0.0,1,8,0.0,1,8,0.0,1,8,0.0,1,8,0.0,1,8,-0.0,1,8,-9900,?,9,-9900,?,9,15.38,E,8,10.9,E,8,74.0,E,8,872.5394,E,8,999.0,E,8,0.88,E,8,-9900,?,9,-9900,?,9,0.0,E,8,-9900,?,9,-9900,?,9,0.0,0.0,E,8
06/12/2011,21:00,0.0,1323.665,0.0,1,8,0.0,1,8,0.0,1,8,0.0,1,8,0.0,1,8,0.0,1,8,-0.0,1,8,-9900,?,9,-9900,?,9,14.73,E,8,10.74,E,8,77.0,E,8,872.5394,E,8,999.0,E,8,0.88,E,8,-9900,?,9,-9900,?,9,0.0,E,8,-9900,?,9,-9900,?,9,0.0,0.0,E,8
06/12/2011,22:00,0.0,1323.665,0.0,1,8,0.0,1,8,0.0,1,8,0.0,1,8,0.0,1,8,0.0,1,8,-0.0,1,8,-9900,?,9,-9900,?,9,14.07,E,8,10.58,E,8,79.0,E,8,872.5394,E,8,999.0,E,8,0.88,E,8,-9900,?,9,-9900,?,9,0.0,E,8,-9900,?,9,-9900,?,9,0.0,0.0,E,8
06/12/2011,23:00,0.0,1323.665,0.0,1,8,0.0,1,8,0.0,1,8,0.0,1,8,0.0,1,8,0.0,1,8,-0.0,1,8,-9900,?,9,-9900,?,9,13.42,E,8,10.42,E,8,82.0,E,8,872.5394,E,8,999.0,E,8,0.88,E,8,-9900,?,9,-9900,?,9,0.0,E,8,-9900,?,9,-9900,?,9,0.0,0.0,E,8
06/12/2011,24:00,0.0,1323.665,0.0,1,8,0.0,1,8,0.0,1,8,0.0,1,8,0.0,1,8,0.0,1,8,-0.0,1,8,-9900,?,9,-9900,?,9,12.76,E,8,10.63,E,8,83.0,E,8,872.5394,E,8,999.0,E,8,0.58,E,8,-9900,?,9,-9900,?,9,0.0,E,8,-9900,?,9,-9900,?,9,0.0,0.0,E,8
06/13/2011,01:00,0.0,1323.665,0.0,1,8,0.0,1,8,0.0,1,8,0.0,1,8,0.0,1,8,0.0,1,8,-0.0,1,8,-9900,?,9,-9900,?,9,12.43,E,8,10.6,E,8,85.0,E,8,872.5394,E,8,999.0,E,8,0.58,E,8,-9900,?,9,-9900,?,9,0.0,E,8,-9900,?,9,-9900,?,9,0.0,0.0,E,8
06/13/2011,02:00,0.0,1323.665,0.0,1,8,0.0,1,8,0.0,1,8,0.0,1,8,0.0,1,8,0.0,1,8,-0.0,1,8,-9900,?,9,-9900,?,9,12.11,E,8,10.57,E,8,86.0,E,8,872.5394,E,8,999.0,E,8,0.58,E,8,-9900,?,9,-9900,?,9,0.0,E,8,-9900,?,9,-9900,?,9,0.0,0.0,E,8
06/13/2011,03:00,0.0,1323.665,0.0,1,8,0.0,1,8,0.0,1,8,0.0,1,8,0.0,1,8,0.0,1,8,-0.0,1,8,-9900,?,9,-9900,?,9,11.78,E,8,10.54,E,8,88.0,E,8,872.5394,E,8,999.0,E,8,0.58,E,8,-9900,?,9,-9900,?,9,0.0,E,8,-9900,?,9,-9900,?,9,0.0,0.0,E,8
06/13/2011,04:00,0.0,1323.39,0.0,1,8,0.0,1,8,0.0,1,8,0.0,1,8,0.0,1,8,0.0,1,8,-0.0,1,8,-9900,?,9,-9900,?,9,11.45,E,8,10.51,E,8,90.0,E,8,872.5394,E,8,999.0,E,8,0.58,E,8,-9900,?,9,-9900,?,9,0.0,E,8,-9900,?,9,-9900,?,9,0.0,0.0,E,8
06/13/2011,05:00,0.0,1323.39,0.0,1,8,0.0,1,8,0.0,1,8,0.0,1,8,0.0,1,8,0.0,1,8,-0.0,1,8,-9900,?,9,-9900,?,9,11.12,E,8,10.47,E,8,91.0,E,8,872.5394,E,8,999.0,E,8,0.58,E,8,-9900,?,9,-9900,?,9,0.0,E,8,-9900,?,9,-9900,?,9,0.0,0.0,E,8
06/13/2011,06:00,0.0,1323.39,0.0,1,8,0.0,1,8,0.0,1,8,0.0,1,8,0.0,1,8,0.0,1,8,-0.0,1,8,-9900,?,9,-9900,?,9,10.87,E,8,10.45,E,8,93.0,E,8,872.5394,E,8,999.0,E,8,0.58,E,8,-9900,?,9,-9900,?,9,0.0,E,8,-9900,?,9,-9900,?,9,0.0,0.0,E,8
06/13/2011,07:00,25.211,1323.39,0.0,1,8,0.0,1,8,0.0,1,8,0.0,1,8,0.0,1,8,0.0,1,8,0.0,1,8,-9900,?,9,-9900,?,9,10.65,E,8,10.43,E,8,98.0,E,8,872.5394,E,8,999.0,E,8,0.58,E,8,-9900,?,9,-9900,?,9,0.011,E,8,-9900,?,9,-9900,?,9,0.11,99.0,E,8
06/13/2011,08:00,299.674,1323.39,33.88,1,8,0.0,1,8,33.88,1,8,4065.6,1,8,0.0,1,8,3726.8,1,8,47.877,1,8,-9900,?,9,-9900,?,9,10.44,E,8,10.41,E,8,99.0,E,8,872.5394,E,8,999.0,E,8,0.58,E,8,-9900,?,9,-9900,?,9,0.002,E,8,-9900,?,9,-9900,?,9,0.02,99.0,E,8
06/13/2011,09:00,547.71,1323.39,159.15,1,8,15.643,1,8,152.685,1,8,19098.0,1,8,1486.052,1,8,16795.363,1,8,117.597,1,8,-9900,?,9,-9900,?,9,13.11,E,8,10.66,E,8,82.0,E,8,872.5394,E,8,999.0,E,8,0.58,E,8,-9900,?,9,-9900,?,9,0.0,E,8,-9900,?,9,-9900,?,9,0.0,0.0,E,8
06/13/2011,10:00,746.19,1323.39,276.71,1,8,12.514,1,8,269.659,1,8,33205.2,1,8,1188.809,1,8,29662.443,1,8,152.327,1,8,-9900,?,9,-9900,?,9,14.78,E,8,10.82,E,8,75.0,E,8,872.5394,E,8,999.0,E,8,0.58,E,8,-9900,?,9,-9900,?,9,0.0,E,8,-9900,?,9,-9900,?,9,0.0,0.0,E,8
06/13/2011,11:00,881.226,1323.39,366.24,1,8,92.348,1,8,304.769,1,8,43948.8,1,8,8773.065,1,8,33524.636,1,8,145.741,1,8,-9900,?,9,-9900,?,9,16.23,E,8,10.96,E,8,69.0,E,8,872.5394,E,8,999.0,E,8,0.7,E,8,-9900,?,9,-9900,?,9,0.0,E,8,-9900,?,9,-9900,?,9,0.0,0.0,E,8
06/13/2011,12:00,943.538,1323.39,419.55,1,8,95.668,1,8,351.361,1,8,50346.0,1,8,9088.451,1,8,38649.708,1,8,156.912,1,8,-9900,?,9,-9900,?,9,17.4,E,8,11.06,E,8,65.0,E,8,872.5394,E,8,999.0,E,8,1.42,E,8,-9900,?,9,-9900,?,9,0.0,E,8,-9900,?,9,-9900,?,9,0.0,0.0,E,8
06/13/2011,13:00,928.858,1323.39,432.45,1,8,116.633,1,8,350.613,1,8,51894.0,1,8,11080.135,1,8,38567.386,1,8,159.055,1,8,-9900,?,9,-9900,?,9,18.24,E,8,11.14,E,8,62.0,E,8,872.5394,E,8,999.0,E,8,1.54,E,8,-9900,?,9,-9900,?,9,0.0,E,8,-9900,?,9,-9900,?,9,0.0,0.0,E,8
06/13/2011,14:00,838.194,1323.39,403.94,1,8,145.577,1,8,311.777,1,8,48472.8,1,8,13829.801,1,8,34295.416,1,8,156.757,1,8,-9900,?,9,-9900,?,9,18.73,E,8,11.19,E,8,61.0,E,8,872.5394,E,8,999.0,E,8,2.1,E,8,-9900,?,9,-9900,?,9,0.0,E,8,-9900,?,9,-9900,?,9,0.0,0.0,E,8
06/13/2011,15:00,677.762,1323.39,336.22,1,8,187.414,1,8,240.317,1,8,40346.4,1,8,17804.347,1,8,26434.824,1,8,149.487,1,8,-9900,?,9,-9900,?,9,18.86,E,8,11.2,E,8,61.0,E,8,872.5394,E,8,999.0,E,8,2.04,E,8,-9900,?,9,-9900,?,9,0.0,E,8,-9900,?,9,-9900,?,9,0.0,0.0,E,8
06/13/2011,16:00,458.628,1323.39,234.82,1,8,291.256,1,8,134.098,1,8,28178.4,1,8,27669.343,1,8,14750.774,1,8,123.431,1,8,-9900,?,9,-9900,?,9,18.5,E,8,11.16,E,8,62.0,E,8,872.5394,E,8,999.0,E,8,1.86,E,8,-9900,?,9,-9900,?,9,0.0,E,8,-9900,?,9,-9900,?,9,0.0,0.0,E,8
06/13/2011,17:00,196.527,1323.39,110.34,1,8,350.012,1,8,58.994,1,8,13240.8,1,8,33251.164,1,8,6489.363,1,8,128.008,1,8,-9900,?,9,-9900,?,9,17.62,E,8,11.08,E,8,65.0,E,8,872.5394,E,8,999.0,E,8,1.2,E,8,-9900,?,9,-9900,?,9,0.0,E,8,-9900,?,9,-9900,?,9,0.0,0.0,E,8
06/13/2011,18:00,0.0,1323.39,3.57,1,8,0.0,1,8,0.0,1,8,428.4,1,8,0.0,1,8,0.0,1,8,-0.0,1,8,-9900,?,9,-9900,?,9,16.91,E,8,11.02,E,8,67.0,E,8,872.5394,E,8,999.0,E,8,0.92,E,8,-9900,?,9,-9900,?,9,0.0,E,8,-9900,?,9,-9900,?,9,0.0,0.0,E,8
06/13/2011,19:00,0.0,1323.39,0.0,1,8,0.0,1,8,0.0,1,8,0.0,1,8,0.0,1,8,0.0,1,8,-0.0,1,8,-9900,?,9,-9900,?,9,16.19,E,8,10.95,E,8,69.0,E,8,872.5394,E,8,999.0,E,8,0.58,E,8,-9900,?,9,-9900,?,9,0.0,E,8,-9900,?,9,-9900,?,9,0.0,0.0,E,8
06/13/2011,20:00,0.0,1323.39,0.0,1,8,0.0,1,8,0.0,1,8,0.0,1,8,0.0,1,8,0.0,1,8,-0.0,1,8,-9900,?,9,-9900,?,9,15.48,E,8,10.89,E,8,77.0,E,8,872.5394,E,8,999.0,E,8,0.58,E,8,-9900,?,9,-9900,?,9,0.001,E,8,-9900,?,9,-9900,?,9,0.01,99.0,E,8
06/13/2011,21:00,0.0,1323.39,0.0,1,8,0.0,1,8,0.0,1,8,0.0,1,8,0.0,1,8,0.0,1,8,-0.0,1,8,-9900,?,9,-9900,?,9,14.77,E,8,10.82,E,8,84.0,E,8,872.5394,E,8,999.0,E,8,0.58,E,8,-9900,?,9,-9900,?,9,0.28300000000000003,E,8,-9900,?,9,-9900,?,9,2.83,99.0,E,8
06/13/2011,22:00,0.0,1323.39,0.0,1,8,0.0,1,8,0.0,1,8,0.0,1,8,0.0,1,8,0.0,1,8,-0.0,1,8,-9900,?,9,-9900,?,9,14.06,E,8,10.75,E,8,82.0,E,8,872.5394,E,8,999.0,E,8,0.58,E,8,-9900,?,9,-9900,?,9,0.004,E,8,-9900,?,9,-9900,?,9,0.04,99.0,E,8
06/13/2011,23:00,0.0,1323.39,0.0,1,8,0.0,1,8,0.0,1,8,0.0,1,8,0.0,1,8,0.0,1,8,-0.0,1,8,-9900,?,9,-9900,?,9,13.34,E,8,10.69,E,8,81.0,E,8,872.5394,E,8,999.0,E,8,0.58,E,8,-9900,?,9,-9900,?,9,0.0,E,8,-9900,?,9,-9900,?,9,0.0,0.0,E,8
06/13/2011,24:00,0.0,1323.39,0.0,1,8,0.0,1,8,0.0,1,8,0.0,1,8,0.0,1,8,0.0,1,8,-0.0,1,8,-9900,?,9,-9900,?,9,12.63,E,8,10.4,E,8,86.0,E,8,872.5394,E,8,999.0,E,8,0.45,E,8,-9900,?,9,-9900,?,9,0.0,E,8,-9900,?,9,-9900,?,9,0.0,0.0,E,8
06/14/2011,01:00,0.0,1323.39,0.0,1,8,0.0,1,8,0.0,1,8,0.0,1,8,0.0,1,8,0.0,1,8,-0.0,1,8,-9900,?,9,-9900,?,9,12.27,E,8,10.36,E,8,88.0,E,8,872.5394,E,8,999.0,E,8,0.45,E,8,-9900,?,9,-9900,?,9,0.0,E,8,-9900,?,9,-9900,?,9,0.0,0.0,E,8
06/14/2011,02:00,0.0,1323.39,0.0,1,8,0.0,1,8,0.0,1,8,0.0,1,8,0.0,1,8,0.0,1,8,-0.0,1,8,-9900,?,9,-9900,?,9,11.92,E,8,10.31,E,8,89.0,E,8,872.5394,E,8,999.0,E,8,0.45,E,8,-9900,?,9,-9900,?,9,0.0,E,8,-9900,?,9,-9900,?,9,0.0,0.0,E,8
06/14/2011,03:00,0.0,1323.39,0.0,1,8,0.0,1,8,0.0,1,8,0.0,1,8,0.0,1,8,0.0,1,8,-0.0,1,8,-9900,?,9,-9900,?,9,11.56,E,8,10.26,E,8,91.0,E,8,872.5394,E,8,999.0,E,8,0.45,E,8,-9900,?,9,-9900,?,9,0.0,E,8,-9900,?,9,-9900,?,9,0.0,0.0,E,8
06/14/2011,04:00,0.0,1323.126,0.0,1,8,0.0,1,8,0.0,1,8,0.0,1,8,0.0,1,8,0.0,1,8,-0.0,1,8,-9900,?,9,-9900,?,9,11.2,E,8,10.22,E,8,93.0,E,8,872.5394,E,8,999.0,E,8,0.45,E,8,-9900,?,9,-9900,?,9,0.0,E,8,-9900,?,9,-9900,?,9,0.0,0.0,E,8
06/14/2011,05:00,0.0,1323.126,0.0,1,8,0.0,1,8,0.0,1,8,0.0,1,8,0.0,1,8,0.0,1,8,-0.0,1,8,-9900,?,9,-9900,?,9,10.85,E,8,10.17,E,8,95.0,E,8,872.5394,E,8,999.0,E,8,0.45,E,8,-9900,?,9,-9900,?,9,0.0,E,8,-9900,?,9,-9900,?,9,0.0,0.0,E,8
06/14/2011,06:00,0.0,1323.126,0.0,1,8,0.0,1,8,0.0,1,8,0.0,1,8,0.0,1,8,0.0,1,8,-0.0,1,8,-9900,?,9,-9900,?,9,10.57,E,8,10.13,E,8,97.0,E,8,872.5394,E,8,999.0,E,8,0.45,E,8,-9900,?,9,-9900,?,9,0.0,E,8,-9900,?,9,-9900,?,9,0.0,0.0,E,8
06/14/2011,07:00,23.856,1323.126,0.0,1,8,0.0,1,8,0.0,1,8,0.0,1,8,0.0,1,8,0.0,1,8,0.0,1,8,-9900,?,9,-9900,?,9,10.34,E,8,10.1,E,8,98.0,E,8,872.5394,E,8,999.0,E,8,0.45,E,8,-9900,?,9,-9900,?,9,0.0,E,8,-9900,?,9,-9900,?,9,0.0,0.0,E,8
06/14/2011,08:00,298.07,1323.126,34.2,1,8,0.0,1,8,34.2,1,8,4104.0,1,8,0.0,1,8,3762.0,1,8,48.582,1,8,-9900,?,9,-9900,?,9,10.1,E,8,10.07,E,8,99.0,E,8,872.5394,E,8,999.0,E,8,0.45,E,8,-9900,?,9,-9900,?,9,0.0,E,8,-9900,?,9,-9900,?,9,0.0,0.0,E,8
06/14/2011,09:00,546.097,1323.126,162.82,1,8,18.359,1,8,155.253,1,8,19538.4,1,8,1744.143,1,8,17077.856,1,8,119.905,1,8,-9900,?,9,-9900,?,9,12.79,E,8,10.43,E,8,85.0,E,8,872.5394,E,8,999.0,E,8,0.45,E,8,-9900,?,9,-9900,?,9,0.0,E,8,-9900,?,9,-9900,?,9,0.0,0.0,E,8
06/14/2011,10:00,744.657,1323.126,283.78,1,8,58.701,1,8,250.764,1,8,34053.6,1,8,5576.556,1,8,27584.055,1,8,141.917,1,8,-9900,?,9,-9900,?,9,14.47,E,8,10.64,E,8,77.0,E,8,872.5394,E,8,999.0,E,8,0.45,E,8,-9900,?,9,-9900,?,9,0.0,E,8,-9900,?,9,-9900,?,9,0.0,0.0,E,8
06/14/2011,11:00,879.853,1323.126,375.95,1,8,103.464,1,8,307.174,1,8,45114.0,1,8,9829.033,1,8,33789.168,1,8,147.091,1,8,-9900,?,9,-9900,?,9,15.94,E,8,10.83,E,8,71.0,E,8,872.5394,E,8,999.0,E,8,0.68,E,8,-9900,?,9,-9900,?,9,0.0,E,8,-9900,?,9,-9900,?,9,0.0,0.0,E,8
06/14/2011,12:00,942.394,1323.126,430.91,1,8,107.129,1,8,354.629,1,8,51709.2,1,8,10177.238,1,8,39009.244,1,8,158.532,1,8,-9900,?,9,-9900,?,9,17.12,E,8,10.98,E,8,67.0,E,8,872.5394,E,8,999.0,E,8,1.91,E,8,-9900,?,9,-9900,?,9,0.0,E,8,-9900,?,9,-9900,?,9,0.0,0.0,E,8
06/14/2011,13:00,927.996,1323.126,444.32,1,8,130.472,1,8,352.839,1,8,53318.4,1,8,12394.807,1,8,38812.328,1,8,160.182,1,8,-9900,?,9,-9900,?,9,17.97,E,8,11.09,E,8,64.0,E,8,872.5394,E,8,999.0,E,8,1.4,E,8,-9900,?,9,-9900,?,9,0.0,E,8,-9900,?,9,-9900,?,9,0.0,0.0,E,8
06/14/2011,14:00,837.647,1323.126,415.16,1,8,162.458,1,8,312.356,1,8,49819.2,1,8,15433.544,1,8,34359.131,1,8,157.12,1,8,-9900,?,9,-9900,?,9,18.46,E,8,11.15,E,8,62.0,E,8,872.5394,E,8,999.0,E,8,1.21,E,8,-9900,?,9,-9900,?,9,0.0,E,8,-9900,?,9,-9900,?,9,0.0,0.0,E,8
06/14/2011,15:00,677.541,1323.126,345.66,1,8,208.102,1,8,239.184,1,8,41479.2,1,8,19769.707,1,8,26310.204,1,8,148.801,1,8,-9900,?,9,-9900,?,9,18.59,E,8,11.16,E,8,61.0,E,8,872.5394,E,8,999.0,E,8,1.45,E,8,-9900,?,9,-9900,?,9,0.0,E,8,-9900,?,9,-9900,?,9,0.0,0.0,E,8
06/14/2011,16:00,458.723,1323.126,241.5,1,8,320.039,1,8,130.779,1,8,28980.0,1,8,30403.689,1,8,14385.725,1,8,120.327,1,8,-9900,?,9,-9900,?,9,18.23,E,8,11.12,E,8,63.0,E,8,872.5394,E,8,999.0,E,8,1.65,E,8,-9900,?,9,-9900,?,9,0.0,E,8,-9900,?,9,-9900,?,9,0.0,0.0,E,8
06/14/2011,17:00,196.901,1323.126,113.59,1,8,372.942,1,8,58.763,1,8,13630.8,1,8,35429.537,1,8,6463.904,1,8,127.232,1,8,-9900,?,9,-9900,?,9,17.35,E,8,11.01,E,8,66.0,E,8,872.5394,E,8,999.0,E,8,1.6,E,8,-9900,?,9,-9900,?,9,0.0,E,8,-9900,?,9,-9900,?,9,0.0,0.0,E,8
06/14/2011,18:00,0.0,1323.126,3.73,1,8,0.0,1,8,0.0,1,8,447.6,1,8,0.0,1,8,0.0,1,8,-0.0,1,8,-9900,?,9,-9900,?,9,16.6,E,8,10.91,E,8,69.0,E,8,872.5394,E,8,999.0,E,8,1.41,E,8,-9900,?,9,-9900,?,9,0.0,E,8,-9900,?,9,-9900,?,9,0.0,0.0,E,8
06/14/2011,19:00,0.0,1323.126,0.0,1,8,0.0,1,8,0.0,1,8,0.0,1,8,0.0,1,8,0.0,1,8,-0.0,1,8,-9900,?,9,-9900,?,9,15.85,E,8,10.82,E,8,72.0,E,8,872.5394,E,8,999.0,E,8,1.29,E,8,-9900,?,9,-9900,?,9,0.0,E,8,-9900,?,9,-9900,?,9,0.0,0.0,E,8
06/14/2011,20:00,0.0,1323.126,0.0,1,8,0.0,1,8,0.0,1,8,0.0,1,8,0.0,1,8,0.0,1,8,-0.0,1,8,-9900,?,9,-9900,?,9,15.11,E,8,10.72,E,8,75.0,E,8,872.5394,E,8,999.0,E,8,1.13,E,8,-9900,?,9,-9900,?,9,0.0,E,8,-9900,?,9,-9900,?,9,0.0,0.0,E,8
06/14/2011,21:00,0.0,1323.126,0.0,1,8,0.0,1,8,0.0,1,8,0.0,1,8,0.0,1,8,0.0,1,8,-0.0,1,8,-9900,?,9,-9900,?,9,14.36,E,8,10.63,E,8,78.0,E,8,872.5394,E,8,999.0,E,8,0.78,E,8,-9900,?,9,-9900,?,9,0.0,E,8,-9900,?,9,-9900,?,9,0.0,0.0,E,8
06/14/2011,22:00,0.0,1323.126,0.0,1,8,0.0,1,8,0.0,1,8,0.0,1,8,0.0,1,8,0.0,1,8,-0.0,1,8,-9900,?,9,-9900,?,9,13.61,E,8,10.53,E,8,81.0,E,8,872.5394,E,8,999.0,E,8,0.97,E,8,-9900,?,9,-9900,?,9,0.0,E,8,-9900,?,9,-9900,?,9,0.0,0.0,E,8
06/14/2011,23:00,0.0,1323.126,0.0,1,8,0.0,1,8,0.0,1,8,0.0,1,8,0.0,1,8,0.0,1,8,-0.0,1,8,-9900,?,9,-9900,?,9,12.86,E,8,10.43,E,8,85.0,E,8,872.5394,E,8,999.0,E,8,0.63,E,8,-9900,?,9,-9900,?,9,0.0,E,8,-9900,?,9,-9900,?,9,0.0,0.0,E,8
06/14/2011,24:00,0.0,1323.126,0.0,1,8,0.0,1,8,0.0,1,8,0.0,1,8,0.0,1,8,0.0,1,8,-0.0,1,8,-9900,?,9,-9900,?,9,12.11,E,8,10.39,E,8,89.0,E,8,872.5394,E,8,999.0,E,8,0.79,E,8,-9900,?,9,-9900,?,9,0.0,E,8,-9900,?,9,-9900,?,9,0.0,0.0,E,8
06/15/2011,01:00,0.0,1323.126,0.0,1,8,0.0,1,8,0.0,1,8,0.0,1,8,0.0,1,8,0.0,1,8,-0.0,1,8,-9900,?,9,-9900,?,9,11.74,E,8,10.26,E,8,90.0,E,8,872.5394,E,8,999.0,E,8,0.79,E,8,-9900,?,9,-9900,?,9,0.0,E,8,-9900,?,9,-9900,?,9,0.0,0.0,E,8
06/15/2011,02:00,0.0,1323.126,0.0,1,8,0.0,1,8,0.0,1,8,0.0,1,8,0.0,1,8,0.0,1,8,-0.0,1,8,-9900,?,9,-9900,?,9,11.36,E,8,10.12,E,8,92.0,E,8,872.5394,E,8,999.0,E,8,0.79,E,8,-9900,?,9,-9900,?,9,0.0,E,8,-9900,?,9,-9900,?,9,0.0,0.0,E,8
06/15/2011,03:00,0.0,1323.126,0.0,1,8,0.0,1,8,0.0,1,8,0.0,1,8,0.0,1,8,0.0,1,8,-0.0,1,8,-9900,?,9,-9900,?,9,10.99,E,8,9.99,E,8,93.0,E,8,872.5394,E,8,999.0,E,8,0.79,E,8,-9900,?,9,-9900,?,9,0.0,E,8,-9900,?,9,-9900,?,9,0.0,0.0,E,8
06/15/2011,04:00,0.0,1322.875,0.0,1,8,0.0,1,8,0.0,1,8,0.0,1,8,0.0,1,8,0.0,1,8,-0.0,1,8,-9900,?,9,-9900,?,9,10.61,E,8,9.85,E,8,95.0,E,8,872.5394,E,8,999.0,E,8,0.79,E,8,-9900,?,9,-9900,?,9,0.0,E,8,-9900,?,9,-9900,?,9,0.0,0.0,E,8
06/15/2011,05:00,0.0,1322.875,0.0,1,8,0.0,1,8,0.0,1,8,0.0,1,8,0.0,1,8,0.0,1,8,-0.0,1,8,-9900,?,9,-9900,?,9,10.24,E,8,9.72,E,8,96.0,E,8,872.5394,E,8,999.0,E,8,0.79,E,8,-9900,?,9,-9900,?,9,0.0,E,8,-9900,?,9,-9900,?,9,0.0,0.0,E,8
06/15/2011,06:00,0.0,1322.875,0.0,1,8,0.0,1,8,0.0,1,8,0.0,1,8,0.0,1,8,0.0,1,8,-0.0,1,8,-9900,?,9,-9900,?,9,9.95,E,8,9.61,E,8,97.0,E,8,872.5394,E,8,999.0,E,8,0.79,E,8,-9900,?,9,-9900,?,9,0.0,E,8,-9900,?,9,-9900,?,9,0.0,0.0,E,8
06/15/2011,07:00,22.553,1322.875,0.0,1,8,0.0,1,8,0.0,1,8,0.0,1,8,0.0,1,8,0.0,1,8,0.0,1,8,-9900,?,9,-9900,?,9,9.7,E,8,9.52,E,8,98.0,E,8,872.5394,E,8,999.0,E,8,0.79,E,8,-9900,?,9,-9900,?,9,0.0,E,8,-9900,?,9,-9900,?,9,0.0,0.0,E,8
06/15/2011,08:00,296.536,1322.875,34.61,1,8,0.0,1,8,34.61,1,8,4153.2,1,8,0.0,1,8,3807.1,1,8,49.412,1,8,-9900,?,9,-9900,?,9,9.45,E,8,9.43,E,8,99.0,E,8,872.5394,E,8,999.0,E,8,0.79,E,8,-9900,?,9,-9900,?,9,0.0,E,8,-9900,?,9,-9900,?,9,0.0,0.0,E,8
06/15/2011,09:00,544.57,1322.875,166.95,1,8,21.631,1,8,158.058,1,8,20034.0,1,8,2054.957,1,8,17386.394,1,8,122.392,1,8,-9900,?,9,-9900,?,9,12.72,E,8,10.6,E,8,86.0,E,8,872.5394,E,8,999.0,E,8,0.79,E,8,-9900,?,9,-9900,?,9,0.0,E,8,-9900,?,9,-9900,?,9,0.0,0.0,E,8
06/15/2011,10:00,743.223,1322.875,167.63,1,8,76.296,1,8,124.793,1,8,20115.6,1,8,7248.076,1,8,13727.179,1,8,70.748,1,8,-9900,?,9,-9900,?,9,13.45,E,8,10.85,E,8,84.0,E,8,872.5394,E,8,999.0,E,8,0.79,E,8,-9900,?,9,-9900,?,9,0.0,E,8,-9900,?,9,-9900,?,9,0.0,0.0,E,8
06/15/2011,11:00,878.59,1322.875,386.72,1,8,103.02,1,8,318.325,1,8,46406.4,1,8,9786.875,1,8,35015.711,1,8,152.621,1,8,-9900,?,9,-9900,?,9,15.58,E,8,11.56,E,8,76.0,E,8,872.5394,E,8,999.0,E,8,0.79,E,8,-9900,?,9,-9900,?,9,0.0,E,8,-9900,?,9,-9900,?,9,0.0,0.0,E,8
06/15/2011,12:00,941.366,1322.875,443.5,1,8,120.831,1,8,357.541,1,8,53220.0,1,8,11478.914,1,8,39329.481,1,8,159.978,1,8,-9900,?,9,-9900,?,9,17.23,E,8,12.09,E,8,71.0,E,8,872.5394,E,8,999.0,E,8,0.81,E,8,-9900,?,9,-9900,?,9,0.0,E,8,-9900,?,9,-9900,?,9,0.0,0.0,E,8
06/15/2011,13:00,927.252,1322.875,457.47,1,8,146.957,1,8,354.493,1,8,54896.4,1,8,13960.956,1,8,38994.278,1,8,161.032,1,8,-9900,?,9,-9900,?,9,18.41,E,8,12.46,E,8,68.0,E,8,872.5394,E,8,999.0,E,8,1.22,E,8,-9900,?,9,-9900,?,9,0.0,E,8,-9900,?,9,-9900,?,9,0.0,0.0,E,8
06/15/2011,14:00,837.214,1322.875,427.58,1,8,182.435,1,8,312.172,1,8,51309.6,1,8,17331.302,1,8,34338.953,1,8,157.079,1,8,-9900,?,9,-9900,?,9,19.11,E,8,12.68,E,8,66.0,E,8,872.5394,E,8,999.0,E,8,1.04,E,8,-9900,?,9,-9900,?,9,0.0,E,8,-9900,?,9,-9900,?,9,0.0,0.0,E,8
06/15/2011,15:00,677.427,1322.875,356.11,1,8,279.413,1,8,213.144,1,8,42733.2,1,8,26544.197,1,8,23445.852,1,8,132.598,1,8,-9900,?,9,-9900,?,9,19.35,E,8,12.75,E,8,65.0,E,8,872.5394,E,8,999.0,E,8,1.34,E,8,-9900,?,9,-9900,?,9,0.0,E,8,-9900,?,9,-9900,?,9,0.0,0.0,E,8
06/15/2011,16:00,458.913,1322.875,248.91,1,8,353.227,1,8,126.633,1,8,29869.2,1,8,33556.595,1,8,13929.629,1,8,116.441,1,8,-9900,?,9,-9900,?,9,19.0,E,8,12.64,E,8,66.0,E,8,872.5394,E,8,999.0,E,8,1.59,E,8,-9900,?,9,-9900,?,9,0.0,E,8,-9900,?,9,-9900,?,9,0.0,0.0,E,8
06/15/2011,17:00,197.356,1322.875,117.2,1,8,398.412,1,8,58.479,1,8,14064.0,1,8,37849.119,1,8,6432.635,1,8,126.294,1,8,-9900,?,9,-9900,?,9,18.0,E,8,12.33,E,8,69.0,E,8,872.5394,E,8,999.0,E,8,0.8,E,8,-9900,?,9,-9900,?,9,0.0,E,8,-9900,?,9,-9900,?,9,0.0,0.0,E,8
06/15/2011,18:00,0.0,1322.875,3.92,1,8,0.0,1,8,0.0,1,8,470.4,1,8,0.0,1,8,0.0,1,8,-0.0,1,8,-9900,?,9,-9900,?,9,17.23,E,8,12.09,E,8,71.0,E,8,872.5394,E,8,999.0,E,8,0.79,E,8,-9900,?,9,-9900,?,9,0.0,E,8,-9900,?,9,-9900,?,9,0.0,0.0,E,8
06/15/2011,19:00,0.0,1322.875,0.0,1,8,0.0,1,8,0.0,1,8,0.0,1,8,0.0,1,8,0.0,1,8,-0.0,1,8,-9900,?,9,-9900,?,9,16.45,E,8,11.84,E,8,74.0,E,8,872.5394,E,8,999.0,E,8,0.79,E,8,-9900,?,9,-9900,?,9,0.0,E,8,-9900,?,9,-9900,?,9,0.0,0.0,E,8
06/15/2011,20:00,0.0,1322.875,0.0,1,8,0.0,1,8,0.0,1,8,0.0,1,8,0.0,1,8,0.0,1,8,-0.0,1,8,-9900,?,9,-9900,?,9,15.68,E,8,11.59,E,8,76.0,E,8,872.5394,E,8,999.0,E,8,0.79,E,8,-9900,?,9,-9900,?,9,0.0,E,8,-9900,?,9,-9900,?,9,0.0,0.0,E,8
06/15/2011,21:00,0.0,1322.875,0.0,1,8,0.0,1,8,0.0,1,8,0.0,1,8,0.0,1,8,0.0,1,8,-0.0,1,8,-9900,?,9,-9900,?,9,14.91,E,8,11.34,E,8,79.0,E,8,872.5394,E,8,999.0,E,8,0.79,E,8,-9900,?,9,-9900,?,9,0.0,E,8,-9900,?,9,-9900,?,9,0.0,0.0,E,8
06/15/2011,22:00,0.0,1322.875,0.0,1,8,0.0,1,8,0.0,1,8,0.0,1,8,0.0,1,8,0.0,1,8,-0.0,1,8,-9900,?,9,-9900,?,9,14.13,E,8,11.08,E,8,81.0,E,8,872.5394,E,8,999.0,E,8,0.79,E,8,-9900,?,9,-9900,?,9,0.0,E,8,-9900,?,9,-9900,?,9,0.0,0.0,E,8
06/15/2011,23:00,0.0,1322.875,0.0,1,8,0.0,1,8,0.0,1,8,0.0,1,8,0.0,1,8,0.0,1,8,-0.0,1,8,-9900,?,9,-9900,?,9,13.36,E,8,10.82,E,8,84.0,E,8,872.5394,E,8,999.0,E,8,0.79,E,8,-9900,?,9,-9900,?,9,0.0,E,8,-9900,?,9,-9900,?,9,0.0,0.0,E,8
06/15/2011,24:00,0.0,1322.875,0.0,1,8,0.0,1,8,0.0,1,8,0.0,1,8,0.0,1,8,0.0,1,8,-0.0,1,8,-9900,?,9,-9900,?,9,12.58,E,8,11.0,E,8,90.0,E,8,872.5394,E,8,999.0,E,8,0.27,E,8,-9900,?,9,-9900,?,9,0.0,E,8,-9900,?,9,-9900,?,9,0.0,0.0,E,8
06/16/2011,01:00,0.0,1322.875,0.0,1,8,0.0,1,8,0.0,1,8,0.0,1,8,0.0,1,8,0.0,1,8,-0.0,1,8,-9900,?,9,-9900,?,9,12.2,E,8,10.8,E,8,91.0,E,8,872.5394,E,8,999.0,E,8,0.27,E,8,-9900,?,9,-9900,?,9,0.0,E,8,-9900,?,9,-9900,?,9,0.0,0.0,E,8
06/16/2011,02:00,0.0,1322.875,0.0,1,8,0.0,1,8,0.0,1,8,0.0,1,8,0.0,1,8,0.0,1,8,-0.0,1,8,-9900,?,9,-9900,?,9,11.81,E,8,10.58,E,8,92.0,E,8,872.5394,E,8,999.0,E,8,0.27,E,8,-9900,?,9,-9900,?,9,0.0,E,8,-9900,?,9,-9900,?,9,0.0,0.0,E,8
06/16/2011,03:00,0.0,1322.875,0.0,1,8,0.0,1,8,0.0,1,8,0.0,1,8,0.0,1,8,0.0,1,8,-0.0,1,8,-9900,?,9,-9900,?,9,11.42,E,8,10.37,E,8,93.0,E,8,872.5394,E,8,999.0,E,8,0.27,E,8,-9900,?,9,-9900,?,9,0.0,E,8,-9900,?,9,-9900,?,9,0.0,0.0,E,8
06/16/2011,04:00,0.0,1322.635,0.0,1,8,0.0,1,8,0.0,1,8,0.0,1,8,0.0,1,8,0.0,1,8,-0.0,1,8,-9900,?,9,-9900,?,9,11.03,E,8,10.15,E,8,94.0,E,8,872.5394,E,8,999.0,E,8,0.27,E,8,-9900,?,9,-9900,?,9,0.0,E,8,-9900,?,9,-9900,?,9,0.0,0.0,E,8
06/16/2011,05:00,0.0,1322.635,0.0,1,8,0.0,1,8,0.0,1,8,0.0,1,8,0.0,1,8,0.0,1,8,-0.0,1,8,-9900,?,9,-9900,?,9,10.65,E,8,9.93,E,8,95.0,E,8,872.5394,E,8,999.0,E,8,0.27,E,8,-9900,?,9,-9900,?,9,0.0,E,8,-9900,?,9,-9900,?,9,0.0,0.0,E,8
06/16/2011,06:00,0.0,1322.635,0.0,1,8,0.0,1,8,0.0,1,8,0.0,1,8,0.0,1,8,0.0,1,8,-0.0,1,8,-9900,?,9,-9900,?,9,10.35,E,8,9.76,E,8,96.0,E,8,872.5394,E,8,999.0,E,8,0.27,E,8,-9900,?,9,-9900,?,9,0.0,E,8,-9900,?,9,-9900,?,9,0.0,0.0,E,8
06/16/2011,07:00,21.301,1322.635,0.0,1,8,0.0,1,8,0.0,1,8,0.0,1,8,0.0,1,8,0.0,1,8,0.0,1,8,-9900,?,9,-9900,?,9,10.09,E,8,9.6,E,8,96.0,E,8,872.5394,E,8,999.0,E,8,0.27,E,8,-9900,?,9,-9900,?,9,0.0,E,8,-9900,?,9,-9900,?,9,0.0,0.0,E,8
06/16/2011,08:00,295.073,1322.635,27.88,1,8,0.0,1,8,27.88,1,8,3345.6,1,8,0.0,1,8,3066.8,1,8,39.996,1,8,-9900,?,9,-9900,?,9,9.84,E,8,9.46,E,8,97.0,E,8,872.5394,E,8,999.0,E,8,0.27,E,8,-9900,?,9,-9900,?,9,0.0,E,8,-9900,?,9,-9900,?,9,0.0,0.0,E,8
06/16/2011,09:00,543.13,1322.635,176.81,1,8,28.242,1,8,165.229,1,8,21217.2,1,8,2683.008,1,8,18175.214,1,8,128.262,1,8,-9900,?,9,-9900,?,9,12.63,E,8,11.03,E,8,89.0,E,8,872.5394,E,8,999.0,E,8,0.28,E,8,-9900,?,9,-9900,?,9,0.0,E,8,-9900,?,9,-9900,?,9,0.0,0.0,E,8
06/16/2011,10:00,741.891,1322.635,264.37,1,8,35.469,1,8,244.488,1,8,31724.4,1,8,3369.549,1,8,26893.626,1,8,138.83,1,8,-9900,?,9,-9900,?,9,14.1,E,8,11.8,E,8,86.0,E,8,872.5394,E,8,999.0,E,8,0.56,E,8,-9900,?,9,-9900,?,9,0.0,E,8,-9900,?,9,-9900,?,9,0.0,0.0,E,8
06/16/2011,11:00,877.439,1322.635,454.59,1,8,196.344,1,8,324.383,1,8,54550.8,1,8,18652.725,1,8,35682.173,1,8,155.702,1,8,-9900,?,9,-9900,?,9,16.13,E,8,12.82,E,8,80.0,E,8,872.5394,E,8,999.0,E,8,1.25,E,8,-9900,?,9,-9900,?,9,0.0,E,8,-9900,?,9,-9900,?,9,0.0,0.0,E,8
06/16/2011,12:00,940.455,1322.635,470.6,1,8,153.542,1,8,361.456,1,8,56472.0,1,8,14586.445,1,8,39760.181,1,8,161.857,1,8,-9900,?,9,-9900,?,9,17.44,E,8,13.44,E,8,77.0,E,8,872.5394,E,8,999.0,E,8,1.37,E,8,-9900,?,9,-9900,?,9,0.0,E,8,-9900,?,9,-9900,?,9,0.0,0.0,E,8
06/16/2011,13:00,926.626,1322.635,469.12,1,8,162.685,1,8,355.179,1,8,56294.4,1,8,15455.052,1,8,39069.729,1,8,161.423,1,8,-9900,?,9,-9900,?,9,18.3,E,8,13.83,E,8,75.0,E,8,872.5394,E,8,999.0,E,8,2.37,E,8,-9900,?,9,-9900,?,9,0.0,E,8,-9900,?,9,-9900,?,9,0.0,0.0,E,8
06/16/2011,14:00,836.897,1322.635,438.63,1,8,201.413,1,8,311.242,1,8,52635.6,1,8,19134.234,1,8,34236.621,1,8,156.642,1,8,-9900,?,9,-9900,?,9,18.8,E,8,14.06,E,8,73.0,E,8,872.5394,E,8,999.0,E,8,2.13,E,8,-9900,?,9,-9900,?,9,0.0,E,8,-9900,?,9,-9900,?,9,0.0,0.0,E,8
06/16/2011,15:00,677.422,1322.635,365.47,1,8,306.94,1,8,208.392,1,8,43856.4,1,8,29159.311,1,8,22923.132,1,8,129.619,1,8,-9900,?,9,-9900,?,9,18.93,E,8,14.12,E,8,73.0,E,8,872.5394,E,8,999.0,E,8,2.33,E,8,-9900,?,9,-9900,?,9,0.0,E,8,-9900,?,9,-9900,?,9,0.0,0.0,E,8
06/16/2011,16:00,459.2,1322.635,255.65,1,8,338.037,1,8,138.537,1,8,30678.0,1,8,32113.472,1,8,15239.061,1,8,127.284,1,8,-9900,?,9,-9900,?,9,18.53,E,8,13.94,E,8,74.0,E,8,872.5394,E,8,999.0,E,8,2.22,E,8,-9900,?,9,-9900,?,9,0.0,E,8,-9900,?,9,-9900,?,9,0.0,0.0,E,8
06/16/2011,17:00,197.891,1322.635,120.62,1,8,404.281,1,8,60.857,1,8,14474.4,1,8,38406.708,1,8,6694.263,1,8,131.042,1,8,-9900,?,9,-9900,?,9,17.58,E,8,13.5,E,8,77.0,E,8,872.5394,E,8,999.0,E,8,2.23,E,8,-9900,?,9,-9900,?,9,0.0,E,8,-9900,?,9,-9900,?,9,0.0,0.0,E,8
06/16/2011,18:00,0.0,1322.635,4.15,1,8,0.0,1,8,0.0,1,8,498.0,1,8,0.0,1,8,0.0,1,8,-0.0,1,8,-9900,?,9,-9900,?,9,16.83,E,8,13.15,E,8,78.0,E,8,872.5394,E,8,999.0,E,8,1.26,E,8,-9900,?,9,-9900,?,9,0.0,E,8,-9900,?,9,-9900,?,9,0.0,0.0,E,8
06/16/2011,19:00,0.0,1322.635,0.0,1,8,0.0,1,8,0.0,1,8,0.0,1,8,0.0,1,8,0.0,1,8,-0.0,1,8,-9900,?,9,-9900,?,9,16.09,E,8,12.8,E,8,80.0,E,8,872.5394,E,8,999.0,E,8,0.71,E,8,-9900,?,9,-9900,?,9,0.0,E,8,-9900,?,9,-9900,?,9,0.0,0.0,E,8
06/16/2011,20:00,0.0,1322.635,0.0,1,8,0.0,1,8,0.0,1,8,0.0,1,8,0.0,1,8,0.0,1,8,-0.0,1,8,-9900,?,9,-9900,?,9,15.34,E,8,12.43,E,8,82.0,E,8,872.5394,E,8,999.0,E,8,0.67,E,8,-9900,?,9,-9900,?,9,0.0,E,8,-9900,?,9,-9900,?,9,0.0,0.0,E,8
06/16/2011,21:00,0.0,1322.635,0.0,1,8,0.0,1,8,0.0,1,8,0.0,1,8,0.0,1,8,0.0,1,8,-0.0,1,8,-9900,?,9,-9900,?,9,14.6,E,8,12.06,E,8,84.0,E,8,872.5394,E,8,999.0,E,8,0.47,E,8,-9900,?,9,-9900,?,9,0.0,E,8,-9900,?,9,-9900,?,9,0.0,0.0,E,8
06/16/2011,22:00,0.0,1322.635,0.0,1,8,0.0,1,8,0.0,1,8,0.0,1,8,0.0,1,8,0.0,1,8,-0.0,1,8,-9900,?,9,-9900,?,9,13.85,E,8,11.68,E,8,86.0,E,8,872.5394,E,8,999.0,E,8,0.36,E,8,-9900,?,9,-9900,?,9,0.0,E,8,-9900,?,9,-9900,?,9,0.0,0.0,E,8
06/16/2011,23:00,0.0,1322.635,0.0,1,8,0.0,1,8,0.0,1,8,0.0,1,8,0.0,1,8,0.0,1,8,-0.0,1,8,-9900,?,9,-9900,?,9,13.11,E,8,11.29,E,8,88.0,E,8,872.5394,E,8,999.0,E,8,0.43,E,8,-9900,?,9,-9900,?,9,0.0,E,8,-9900,?,9,-9900,?,9,0.0,0.0,E,8
06/16/2011,24:00,0.0,1322.635,0.0,1,8,0.0,1,8,0.0,1,8,0.0,1,8,0.0,1,8,0.0,1,8,-0.0,1,8,-9900,?,9,-9900,?,9,12.36,E,8,10.81,E,8,90.0,E,8,872.5394,E,8,999.0,E,8,3.11,E,8,-9900,?,9,-9900,?,9,0.0,E,8,-9900,?,9,-9900,?,9,0.0,0.0,E,8
06/17/2011,01:00,0.0,1322.635,0.0,1,8,0.0,1,8,0.0,1,8,0.0,1,8,0.0,1,8,0.0,1,8,-0.0,1,8,-9900,?,9,-9900,?,9,11.99,E,8,10.66,E,8,91.0,E,8,872.5394,E,8,999.0,E,8,2.88,E,8,-9900,?,9,-9900,?,9,0.0,E,8,-9900,?,9,-9900,?,9,0.0,0.0,E,8
06/17/2011,02:00,0.0,1322.635,0.0,1,8,0.0,1,8,0.0,1,8,0.0,1,8,0.0,1,8,0.0,1,8,-0.0,1,8,-9900,?,9,-9900,?,9,11.62,E,8,10.5,E,8,92.0,E,8,872.5394,E,8,999.0,E,8,2.17,E,8,-9900,?,9,-9900,?,9,0.0,E,8,-9900,?,9,-9900,?,9,0.0,0.0,E,8
06/17/2011,03:00,0.0,1322.635,0.0,1,8,0.0,1,8,0.0,1,8,0.0,1,8,0.0,1,8,0.0,1,8,-0.0,1,8,-9900,?,9,-9900,?,9,11.24,E,8,10.35,E,8,94.0,E,8,872.5394,E,8,999.0,E,8,2.68,E,8,-9900,?,9,-9900,?,9,0.0,E,8,-9900,?,9,-9900,?,9,0.0,0.0,E,8
06/17/2011,04:00,0.0,1322.408,0.0,1,8,0.0,1,8,0.0,1,8,0.0,1,8,0.0,1,8,0.0,1,8,-0.0,1,8,-9900,?,9,-9900,?,9,10.87,E,8,10.19,E,8,95.0,E,8,872.5394,E,8,999.0,E,8,1.98,E,8,-9900,?,9,-9900,?,9,0.0,E,8,-9900,?,9,-9900,?,9,0.0,0.0,E,8
06/17/2011,05:00,0.0,1322.408,0.0,1,8,0.0,1,8,0.0,1,8,0.0,1,8,0.0,1,8,0.0,1,8,-0.0,1,8,-9900,?,9,-9900,?,9,10.5,E,8,10.03,E,8,96.0,E,8,872.5394,E,8,999.0,E,8,1.65,E,8,-9900,?,9,-9900,?,9,0.0,E,8,-9900,?,9,-9900,?,9,0.0,0.0,E,8
06/17/2011,06:00,0.0,1322.408,0.0,1,8,0.0,1,8,0.0,1,8,0.0,1,8,0.0,1,8,0.0,1,8,-0.0,1,8,-9900,?,9,-9900,?,9,10.21,E,8,9.9,E,8,97.0,E,8,872.5394,E,8,999.0,E,8,2.43,E,8,-9900,?,9,-9900,?,9,0.0,E,8,-9900,?,9,-9900,?,9,0.0,0.0,E,8
06/17/2011,07:00,20.102,1322.408,0.0,1,8,0.0,1,8,0.0,1,8,0.0,1,8,0.0,1,8,0.0,1,8,0.0,1,8,-9900,?,9,-9900,?,9,9.96,E,8,9.8,E,8,98.0,E,8,872.5394,E,8,999.0,E,8,2.74,E,8,-9900,?,9,-9900,?,9,0.0,E,8,-9900,?,9,-9900,?,9,0.0,0.0,E,8
06/17/2011,08:00,293.683,1322.408,31.21,1,8,0.0,1,8,31.21,1,8,3745.2,1,8,0.0,1,8,3433.1,1,8,44.98,1,8,-9900,?,9,-9900,?,9,9.72,E,8,9.69,E,8,99.0,E,8,872.5394,E,8,999.0,E,8,3.11,E,8,-9900,?,9,-9900,?,9,0.0,E,8,-9900,?,9,-9900,?,9,0.0,0.0,E,8
06/17/2011,09:00,541.779,1322.408,153.81,1,8,13.415,1,8,148.322,1,8,18457.2,1,8,1274.413,1,8,16315.418,1,8,115.406,1,8,-9900,?,9,-9900,?,9,12.65,E,8,10.93,E,8,89.0,E,8,872.5394,E,8,999.0,E,8,2.55,E,8,-9900,?,9,-9900,?,9,0.0,E,8,-9900,?,9,-9900,?,9,0.0,0.0,E,8
06/17/2011,10:00,740.66,1322.408,269.62,1,8,28.18,1,8,253.847,1,8,32354.4,1,8,2677.063,1,8,27923.187,1,8,144.36,1,8,-9900,?,9,-9900,?,9,14.52,E,8,11.68,E,8,83.0,E,8,872.5394,E,8,999.0,E,8,4.14,E,8,-9900,?,9,-9900,?,9,0.0,E,8,-9900,?,9,-9900,?,9,0.0,0.0,E,8
06/17/2011,11:00,876.399,1322.408,358.04,1,8,72.129,1,8,310.256,1,8,42964.8,1,8,6852.262,1,8,34128.146,1,8,149.072,1,8,-9900,?,9,-9900,?,9,16.16,E,8,12.3,E,8,77.0,E,8,872.5394,E,8,999.0,E,8,4.83,E,8,-9900,?,9,-9900,?,9,0.0,E,8,-9900,?,9,-9900,?,9,0.0,0.0,E,8
06/17/2011,12:00,939.662,1322.408,410.98,1,8,89.686,1,8,347.27,1,8,49317.6,1,8,8520.172,1,8,38199.73,1,8,155.61,1,8,-9900,?,9,-9900,?,9,17.48,E,8,12.79,E,8,73.0,E,8,872.5394,E,8,999.0,E,8,5.07,E,8,-9900,?,9,-9900,?,9,0.0,E,8,-9900,?,9,-9900,?,9,0.0,0.0,E,8
06/17/2011,13:00,926.118,1322.408,424.23,1,8,109.41,1,8,347.631,1,8,50907.6,1,8,10393.935,1,8,38239.381,1,8,158.052,1,8,-9900,?,9,-9900,?,9,18.42,E,8,13.13,E,8,71.0,E,8,872.5394,E,8,999.0,E,8,5.11,E,8,-9900,?,9,-9900,?,9,0.0,E,8,-9900,?,9,-9900,?,9,0.0,0.0,E,8
06/17/2011,14:00,836.695,1322.408,396.8,1,8,136.684,1,8,310.357,1,8,47616.0,1,8,12985.017,1,8,34139.28,1,8,156.207,1,8,-9900,?,9,-9900,?,9,18.98,E,8,13.33,E,8,69.0,E,8,872.5394,E,8,999.0,E,8,5.23,E,8,-9900,?,9,-9900,?,9,0.0,E,8,-9900,?,9,-9900,?,9,0.0,0.0,E,8
06/17/2011,15:00,677.523,1322.408,330.78,1,8,176.251,1,8,240.554,1,8,39693.6,1,8,16743.832,1,8,26460.929,1,8,149.576,1,8,-9900,?,9,-9900,?,9,19.13,E,8,13.38,E,8,69.0,E,8,872.5394,E,8,999.0,E,8,5.72,E,8,-9900,?,9,-9900,?,9,0.0,E,8,-9900,?,9,-9900,?,9,0.0,0.0,E,8
06/17/2011,16:00,459.581,1322.408,231.56,1,8,274.892,1,8,136.228,1,8,27787.2,1,8,26114.728,1,8,14985.033,1,8,125.036,1,8,-9900,?,9,-9900,?,9,18.74,E,8,13.24,E,8,70.0,E,8,872.5394,E,8,999.0,E,8,4.11,E,8,-9900,?,9,-9900,?,9,0.0,E,8,-9900,?,9,-9900,?,9,0.0,0.0,E,8
06/17/2011,17:00,198.506,1322.408,109.49,1,8,392.67,1,8,51.249,1,8,13138.8,1,8,37303.672,1,8,5637.347,1,8,109.984,1,8,-9900,?,9,-9900,?,9,17.77,E,8,12.9,E,8,73.0,E,8,872.5394,E,8,999.0,E,8,1.97,E,8,-9900,?,9,-9900,?,9,0.0,E,8,-9900,?,9,-9900,?,9,0.0,0.0,E,8
06/17/2011,18:00,0.0,1322.408,3.87,1,8,0.0,1,8,0.0,1,8,464.4,1,8,0.0,1,8,0.0,1,8,-0.0,1,8,-9900,?,9,-9900,?,9,17.01,E,8,12.62,E,8,75.0,E,8,872.5394,E,8,999.0,E,8,0.97,E,8,-9900,?,9,-9900,?,9,0.0,E,8,-9900,?,9,-9900,?,9,0.0,0.0,E,8
06/17/2011,19:00,0.0,1322.408,0.0,1,8,0.0,1,8,0.0,1,8,0.0,1,8,0.0,1,8,0.0,1,8,-0.0,1,8,-9900,?,9,-9900,?,9,16.25,E,8,12.34,E,8,77.0,E,8,872.5394,E,8,999.0,E,8,0.97,E,8,-9900,?,9,-9900,?,9,0.0,E,8,-9900,?,9,-9900,?,9,0.0,0.0,E,8
06/17/2011,20:00,0.0,1322.408,0.0,1,8,0.0,1,8,0.0,1,8,0.0,1,8,0.0,1,8,0.0,1,8,-0.0,1,8,-9900,?,9,-9900,?,9,15.49,E,8,12.05,E,8,79.0,E,8,872.5394,E,8,999.0,E,8,0.97,E,8,-9900,?,9,-9900,?,9,0.0,E,8,-9900,?,9,-9900,?,9,0.0,0.0,E,8
06/17/2011,21:00,0.0,1322.408,0.0,1,8,0.0,1,8,0.0,1,8,0.0,1,8,0.0,1,8,0.0,1,8,-0.0,1,8,-9900,?,9,-9900,?,9,14.73,E,8,11.76,E,8,82.0,E,8,872.5394,E,8,999.0,E,8,0.97,E,8,-9900,?,9,-9900,?,9,0.0,E,8,-9900,?,9,-9900,?,9,0.0,0.0,E,8
06/17/2011,22:00,0.0,1322.408,0.0,1,8,0.0,1,8,0.0,1,8,0.0,1,8,0.0,1,8,0.0,1,8,-0.0,1,8,-9900,?,9,-9900,?,9,13.97,E,8,11.46,E,8,84.0,E,8,872.5394,E,8,999.0,E,8,0.97,E,8,-9900,?,9,-9900,?,9,0.0,E,8,-9900,?,9,-9900,?,9,0.0,0.0,E,8
06/17/2011,23:00,0.0,1322.408,0.0,1,8,0.0,1,8,0.0,1,8,0.0,1,8,0.0,1,8,0.0,1,8,-0.0,1,8,-9900,?,9,-9900,?,9,13.21,E,8,11.16,E,8,87.0,E,8,872.5394,E,8,999.0,E,8,0.97,E,8,-9900,?,9,-9900,?,9,0.0,E,8,-9900,?,9,-9900,?,9,0.0,0.0,E,8
06/17/2011,24:00,0.0,1322.408,0.0,1,8,0.0,1,8,0.0,1,8,0.0,1,8,0.0,1,8,0.0,1,8,-0.0,1,8,-9900,?,9,-9900,?,9,12.45,E,8,9.17,E,8,80.0,E,8,872.5394,E,8,999.0,E,8,0.33,E,8,-9900,?,9,-9900,?,9,0.0,E,8,-9900,?,9,-9900,?,9,0.0,0.0,E,8
06/18/2011,01:00,0.0,1322.408,0.0,1,8,0.0,1,8,0.0,1,8,0.0,1,8,0.0,1,8,0.0,1,8,-0.0,1,8,-9900,?,9,-9900,?,9,12.08,E,8,9.01,E,8,81.0,E,8,872.5394,E,8,999.0,E,8,0.33,E,8,-9900,?,9,-9900,?,9,0.0,E,8,-9900,?,9,-9900,?,9,0.0,0.0,E,8
06/18/2011,02:00,0.0,1322.408,0.0,1,8,0.0,1,8,0.0,1,8,0.0,1,8,0.0,1,8,0.0,1,8,-0.0,1,8,-9900,?,9,-9900,?,9,11.7,E,8,8.84,E,8,82.0,E,8,872.5394,E,8,999.0,E,8,0.33,E,8,-9900,?,9,-9900,?,9,0.0,E,8,-9900,?,9,-9900,?,9,0.0,0.0,E,8
06/18/2011,03:00,0.0,1322.408,0.0,1,8,0.0,1,8,0.0,1,8,0.0,1,8,0.0,1,8,0.0,1,8,-0.0,1,8,-9900,?,9,-9900,?,9,11.32,E,8,8.67,E,8,83.0,E,8,872.5394,E,8,999.0,E,8,0.33,E,8,-9900,?,9,-9900,?,9,0.0,E,8,-9900,?,9,-9900,?,9,0.0,0.0,E,8
06/18/2011,04:00,0.0,1322.194,0.0,1,8,0.0,1,8,0.0,1,8,0.0,1,8,0.0,1,8,0.0,1,8,-0.0,1,8,-9900,?,9,-9900,?,9,10.94,E,8,8.5,E,8,84.0,E,8,872.5394,E,8,999.0,E,8,0.33,E,8,-9900,?,9,-9900,?,9,0.0,E,8,-9900,?,9,-9900,?,9,0.0,0.0,E,8
06/18/2011,05:00,0.0,1322.194,0.0,1,8,0.0,1,8,0.0,1,8,0.0,1,8,0.0,1,8,0.0,1,8,-0.0,1,8,-9900,?,9,-9900,?,9,10.56,E,8,8.32,E,8,86.0,E,8,872.5394,E,8,999.0,E,8,0.33,E,8,-9900,?,9,-9900,?,9,0.0,E,8,-9900,?,9,-9900,?,9,0.0,0.0,E,8
06/18/2011,06:00,0.0,1322.194,0.0,1,8,0.0,1,8,0.0,1,8,0.0,1,8,0.0,1,8,0.0,1,8,-0.0,1,8,-9900,?,9,-9900,?,9,10.26,E,8,8.19,E,8,86.0,E,8,872.5394,E,8,999.0,E,8,0.33,E,8,-9900,?,9,-9900,?,9,0.0,E,8,-9900,?,9,-9900,?,9,0.0,0.0,E,8
06/18/2011,07:00,18.957,1322.194,0.0,1,8,0.0,1,8,0.0,1,8,0.0,1,8,0.0,1,8,0.0,1,8,0.0,1,8,-9900,?,9,-9900,?,9,10.01,E,8,8.07,E,8,87.0,E,8,872.5394,E,8,999.0,E,8,0.33,E,8,-9900,?,9,-9900,?,9,0.0,E,8,-9900,?,9,-9900,?,9,0.0,0.0,E,8
06/18/2011,08:00,292.366,1322.194,26.41,1,8,0.0,1,8,26.41,1,8,3169.2,1,8,0.0,1,8,2905.1,1,8,38.229,1,8,-9900,?,9,-9900,?,9,9.76,E,8,7.96,E,8,88.0,E,8,872.5394,E,8,999.0,E,8,0.33,E,8,-9900,?,9,-9900,?,9,0.0,E,8,-9900,?,9,-9900,?,9,0.0,0.0,E,8
06/18/2011,09:00,540.518,1322.194,177.75,1,8,66.414,1,8,150.639,1,8,21330.0,1,8,6309.293,1,8,16570.32,1,8,117.464,1,8,-9900,?,9,-9900,?,9,12.17,E,8,9.05,E,8,81.0,E,8,872.5394,E,8,999.0,E,8,0.33,E,8,-9900,?,9,-9900,?,9,0.0,E,8,-9900,?,9,-9900,?,9,0.0,0.0,E,8
06/18/2011,10:00,739.533,1322.194,365.49,1,8,179.335,1,8,265.249,1,8,43858.8,1,8,17036.785,1,8,29177.35,1,8,151.05,1,8,-9900,?,9,-9900,?,9,14.25,E,8,9.93,E,8,75.0,E,8,872.5394,E,8,999.0,E,8,0.33,E,8,-9900,?,9,-9900,?,9,0.0,E,8,-9900,?,9,-9900,?,9,0.0,0.0,E,8
06/18/2011,11:00,875.471,1322.194,533.35,1,8,381.461,1,8,280.866,1,8,64002.0,1,8,36238.793,1,8,30895.279,1,8,135.072,1,8,-9900,?,9,-9900,?,9,16.28,E,8,10.75,E,8,69.0,E,8,872.5394,E,8,999.0,E,8,0.82,E,8,-9900,?,9,-9900,?,9,0.0,E,8,-9900,?,9,-9900,?,9,0.0,0.0,E,8
06/18/2011,12:00,938.987,1322.194,600.82,1,8,469.719,1,8,267.334,1,8,72098.4,1,8,44623.318,1,8,29406.777,1,8,119.858,1,8,-9900,?,9,-9900,?,9,17.82,E,8,11.35,E,8,65.0,E,8,872.5394,E,8,999.0,E,8,1.46,E,8,-9900,?,9,-9900,?,9,0.0,E,8,-9900,?,9,-9900,?,9,0.0,0.0,E,8
06/18/2011,13:00,925.729,1322.194,564.55,1,8,367.867,1,8,307.068,1,8,67746.0,1,8,34947.41,1,8,33777.439,1,8,139.646,1,8,-9900,?,9,-9900,?,9,18.7,E,8,11.68,E,8,63.0,E,8,872.5394,E,8,999.0,E,8,2.23,E,8,-9900,?,9,-9900,?,9,0.0,E,8,-9900,?,9,-9900,?,9,0.0,0.0,E,8
06/18/2011,14:00,836.607,1322.194,548.65,1,8,518.277,1,8,220.859,1,8,65838.0,1,8,49236.345,1,8,24294.447,1,8,111.155,1,8,-9900,?,9,-9900,?,9,19.27,E,8,11.89,E,8,62.0,E,8,872.5394,E,8,999.0,E,8,3.08,E,8,-9900,?,9,-9900,?,9,0.0,E,8,-9900,?,9,-9900,?,9,0.0,0.0,E,8
06/18/2011,15:00,677.73,1322.194,478.29,1,8,638.141,1,8,151.46,1,8,57394.8,1,8,60623.415,1,8,16660.643,1,8,94.134,1,8,-9900,?,9,-9900,?,9,19.5,E,8,11.98,E,8,61.0,E,8,872.5394,E,8,999.0,E,8,2.93,E,8,-9900,?,9,-9900,?,9,0.0,E,8,-9900,?,9,-9900,?,9,0.0,0.0,E,8
06/18/2011,16:00,460.056,1322.194,332.97,1,8,614.486,1,8,119.61,1,8,39956.4,1,8,58376.125,1,8,13157.148,1,8,109.653,1,8,-9900,?,9,-9900,?,9,19.14,E,8,11.84,E,8,62.0,E,8,872.5394,E,8,999.0,E,8,1.66,E,8,-9900,?,9,-9900,?,9,0.0,E,8,-9900,?,9,-9900,?,9,0.0,0.0,E,8
06/18/2011,17:00,199.198,1322.194,169.41,1,8,393.78,1,8,110.786,1,8,20329.2,1,8,37409.138,1,8,12186.422,1,8,236.87,1,8,-9900,?,9,-9900,?,9,18.21,E,8,11.5,E,8,64.0,E,8,872.5394,E,8,999.0,E,8,1.07,E,8,-9900,?,9,-9900,?,9,0.0,E,8,-9900,?,9,-9900,?,9,0.0,0.0,E,8
06/18/2011,18:00,0.0,1322.194,10.84,1,8,0.0,1,8,0.0,1,8,1300.8,1,8,0.0,1,8,0.0,1,8,-0.0,1,8,-9900,?,9,-9900,?,9,17.4,E,8,11.19,E,8,66.0,E,8,872.5394,E,8,999.0,E,8,0.81,E,8,-9900,?,9,-9900,?,9,0.0,E,8,-9900,?,9,-9900,?,9,0.0,0.0,E,8
06/18/2011,19:00,0.0,1322.194,0.0,1,8,0.0,1,8,0.0,1,8,0.0,1,8,0.0,1,8,0.0,1,8,-0.0,1,8,-9900,?,9,-9900,?,9,16.59,E,8,10.87,E,8,68.0,E,8,872.5394,E,8,999.0,E,8,0.76,E,8,-9900,?,9,-9900,?,9,0.0,E,8,-9900,?,9,-9900,?,9,0.0,0.0,E,8
06/18/2011,20:00,0.0,1322.194,0.0,1,8,0.0,1,8,0.0,1,8,0.0,1,8,0.0,1,8,0.0,1,8,-0.0,1,8,-9900,?,9,-9900,?,9,15.79,E,8,10.56,E,8,71.0,E,8,872.5394,E,8,999.0,E,8,0.49,E,8,-9900,?,9,-9900,?,9,0.0,E,8,-9900,?,9,-9900,?,9,0.0,0.0,E,8
06/18/2011,21:00,0.0,1322.194,0.0,1,8,0.0,1,8,0.0,1,8,0.0,1,8,0.0,1,8,0.0,1,8,-0.0,1,8,-9900,?,9,-9900,?,9,14.98,E,8,10.23,E,8,73.0,E,8,872.5394,E,8,999.0,E,8,0.64,E,8,-9900,?,9,-9900,?,9,0.0,E,8,-9900,?,9,-9900,?,9,0.0,0.0,E,8
06/18/2011,22:00,0.0,1322.194,0.0,1,8,0.0,1,8,0.0,1,8,0.0,1,8,0.0,1,8,0.0,1,8,-0.0,1,8,-9900,?,9,-9900,?,9,14.18,E,8,9.9,E,8,75.0,E,8,872.5394,E,8,999.0,E,8,0.77,E,8,-9900,?,9,-9900,?,9,0.0,E,8,-9900,?,9,-9900,?,9,0.0,0.0,E,8
06/18/2011,23:00,0.0,1322.194,0.0,1,8,0.0,1,8,0.0,1,8,0.0,1,8,0.0,1,8,0.0,1,8,-0.0,1,8,-9900,?,9,-9900,?,9,13.37,E,8,9.56,E,8,77.0,E,8,872.5394,E,8,999.0,E,8,0.72,E,8,-9900,?,9,-9900,?,9,0.0,E,8,-9900,?,9,-9900,?,9,0.0,0.0,E,8
06/18/2011,24:00,0.0,1322.194,0.0,1,8,0.0,1,8,0.0,1,8,0.0,1,8,0.0,1,8,0.0,1,8,-0.0,1,8,-9900,?,9,-9900,?,9,12.57,E,8,10.96,E,8,89.0,E,8,872.5394,E,8,999.0,E,8,0.76,E,8,-9900,?,9,-9900,?,9,0.0,E,8,-9900,?,9,-9900,?,9,0.0,0.0,E,8
06/19/2011,01:00,0.0,1322.194,0.0,1,8,0.0,1,8,0.0,1,8,0.0,1,8,0.0,1,8,0.0,1,8,-0.0,1,8,-9900,?,9,-9900,?,9,12.16,E,8,10.78,E,8,91.0,E,8,872.5394,E,8,999.0,E,8,0.45,E,8,-9900,?,9,-9900,?,9,0.0,E,8,-9900,?,9,-9900,?,9,0.0,0.0,E,8
06/19/2011,02:00,0.0,1322.194,0.0,1,8,0.0,1,8,0.0,1,8,0.0,1,8,0.0,1,8,0.0,1,8,-0.0,1,8,-9900,?,9,-9900,?,9,11.76,E,8,10.61,E,8,92.0,E,8,872.5394,E,8,999.0,E,8,0.45,E,8,-9900,?,9,-9900,?,9,0.0,E,8,-9900,?,9,-9900,?,9,0.0,0.0,E,8
06/19/2011,03:00,0.0,1322.194,0.0,1,8,0.0,1,8,0.0,1,8,0.0,1,8,0.0,1,8,0.0,1,8,-0.0,1,8,-9900,?,9,-9900,?,9,11.36,E,8,10.43,E,8,94.0,E,8,872.5394,E,8,999.0,E,8,0.45,E,8,-9900,?,9,-9900,?,9,0.0,E,8,-9900,?,9,-9900,?,9,0.0,0.0,E,8
06/19/2011,04:00,0.0,1321.991,0.0,1,8,0.0,1,8,0.0,1,8,0.0,1,8,0.0,1,8,0.0,1,8,-0.0,1,8,-9900,?,9,-9900,?,9,10.96,E,8,10.25,E,8,95.0,E,8,872.5394,E,8,999.0,E,8,0.45,E,8,-9900,?,9,-9900,?,9,0.0,E,8,-9900,?,9,-9900,?,9,0.0,0.0,E,8
06/19/2011,05:00,0.0,1321.991,0.0,1,8,0.0,1,8,0.0,1,8,0.0,1,8,0.0,1,8,0.0,1,8,-0.0,1,8,-9900,?,9,-9900,?,9,10.55,E,8,10.07,E,8,96.0,E,8,872.5394,E,8,999.0,E,8,0.45,E,8,-9900,?,9,-9900,?,9,0.0,E,8,-9900,?,9,-9900,?,9,0.0,0.0,E,8
06/19/2011,06:00,0.0,1321.991,0.0,1,8,0.0,1,8,0.0,1,8,0.0,1,8,0.0,1,8,0.0,1,8,-0.0,1,8,-9900,?,9,-9900,?,9,10.24,E,8,9.93,E,8,97.0,E,8,872.5394,E,8,999.0,E,8,0.45,E,8,-9900,?,9,-9900,?,9,0.0,E,8,-9900,?,9,-9900,?,9,0.0,0.0,E,8
06/19/2011,07:00,17.867,1321.991,0.0,1,8,0.0,1,8,0.0,1,8,0.0,1,8,0.0,1,8,0.0,1,8,0.0,1,8,-9900,?,9,-9900,?,9,9.98,E,8,9.81,E,8,98.0,E,8,872.5394,E,8,999.0,E,8,0.45,E,8,-9900,?,9,-9900,?,9,0.0,E,8,-9900,?,9,-9900,?,9,0.0,0.0,E,8
06/19/2011,08:00,291.126,1321.991,120.25,1,8,160.623,1,8,85.075,1,8,14430.0,1,8,15259.208,1,8,9358.247,1,8,123.659,1,8,-9900,?,9,-9900,?,9,9.71,E,8,9.68,E,8,99.0,E,8,872.5394,E,8,999.0,E,8,0.45,E,8,-9900,?,9,-9900,?,9,0.0,E,8,-9900,?,9,-9900,?,9,0.0,0.0,E,8
06/19/2011,09:00,539.348,1321.991,197.92,1,8,67.345,1,8,170.485,1,8,23750.4,1,8,6397.765,1,8,18753.306,1,8,133.208,1,8,-9900,?,9,-9900,?,9,13.49,E,8,11.35,E,8,86.0,E,8,872.5394,E,8,999.0,E,8,0.45,E,8,-9900,?,9,-9900,?,9,0.0,E,8,-9900,?,9,-9900,?,9,0.0,0.0,E,8
06/19/2011,10:00,738.51,1321.991,460.42,1,8,394.992,1,8,239.906,1,8,55250.4,1,8,37524.236,1,8,26389.702,1,8,136.787,1,8,-9900,?,9,-9900,?,9,15.87,E,8,12.32,E,8,79.0,E,8,872.5394,E,8,999.0,E,8,0.68,E,8,-9900,?,9,-9900,?,9,0.0,E,8,-9900,?,9,-9900,?,9,0.0,0.0,E,8
06/19/2011,11:00,874.657,1321.991,627.09,1,8,571.455,1,8,249.146,1,8,75250.8,1,8,54288.266,1,8,27406.017,1,8,119.911,1,8,-9900,?,9,-9900,?,9,18.06,E,8,13.16,E,8,73.0,E,8,872.5394,E,8,999.0,E,8,1.27,E,8,-9900,?,9,-9900,?,9,0.0,E,8,-9900,?,9,-9900,?,9,0.0,0.0,E,8
06/19/2011,12:00,938.429,1321.991,227.57,1,8,19.681,1,8,213.604,1,8,27308.4,1,8,1869.66,1,8,23496.389,1,8,95.81,1,8,-9900,?,9,-9900,?,9,17.06,E,8,12.78,E,8,75.0,E,8,872.5394,E,8,999.0,E,8,2.86,E,8,-9900,?,9,-9900,?,9,0.0,E,8,-9900,?,9,-9900,?,9,0.0,0.0,E,8
06/19/2011,13:00,925.459,1321.991,391.38,1,8,78.189,1,8,336.661,1,8,46965.6,1,8,7427.96,1,8,37032.662,1,8,153.125,1,8,-9900,?,9,-9900,?,9,17.49,E,8,12.95,E,8,74.0,E,8,872.5394,E,8,999.0,E,8,3.08,E,8,-9900,?,9,-9900,?,9,0.0,E,8,-9900,?,9,-9900,?,9,0.0,0.0,E,8
06/19/2011,14:00,836.633,1321.991,209.93,1,8,7.11,1,8,205.432,1,8,25191.6,1,8,675.454,1,8,22597.556,1,8,103.372,1,8,-9900,?,9,-9900,?,9,16.76,E,8,12.67,E,8,76.0,E,8,872.5394,E,8,999.0,E,8,4.32,E,8,-9900,?,9,-9900,?,9,0.0,E,8,-9900,?,9,-9900,?,9,0.0,0.0,E,8
06/19/2011,15:00,678.042,1321.991,106.06,1,8,0.0,1,8,106.06,1,8,12727.2,1,8,0.0,1,8,11666.6,1,8,65.876,1,8,-9900,?,9,-9900,?,9,15.68,E,8,12.24,E,8,80.0,E,8,872.5394,E,8,999.0,E,8,5.35,E,8,-9900,?,9,-9900,?,9,0.0,E,8,-9900,?,9,-9900,?,9,0.0,0.0,E,8
06/19/2011,16:00,460.624,1321.991,227.01,1,8,141.877,1,8,177.679,1,8,27241.2,1,8,13478.353,1,8,19544.704,1,8,162.66,1,8,-9900,?,9,-9900,?,9,15.39,E,8,12.13,E,8,80.0,E,8,872.5394,E,8,999.0,E,8,4.4,E,8,-9900,?,9,-9900,?,9,0.0,E,8,-9900,?,9,-9900,?,9,0.0,0.0,E,8
06/19/2011,17:00,199.968,1321.991,107.86,1,8,371.216,1,8,52.368,1,8,12943.2,1,8,35265.474,1,8,5760.468,1,8,111.509,1,8,-9900,?,9,-9900,?,9,14.67,E,8,11.84,E,8,83.0,E,8,872.5394,E,8,999.0,E,8,3.16,E,8,-9900,?,9,-9900,?,9,0.0,E,8,-9900,?,9,-9900,?,9,0.0,0.0,E,8
06/19/2011,18:00,0.0,1321.991,4.06,1,8,0.0,1,8,0.0,1,8,487.2,1,8,0.0,1,8,0.0,1,8,-0.0,1,8,-9900,?,9,-9900,?,9,14.05,E,8,11.58,E,8,85.0,E,8,872.5394,E,8,999.0,E,8,2.56,E,8,-9900,?,9,-9900,?,9,0.0,E,8,-9900,?,9,-9900,?,9,0.0,0.0,E,8
06/19/2011,19:00,0.0,1321.991,0.0,1,8,0.0,1,8,0.0,1,8,0.0,1,8,0.0,1,8,0.0,1,8,-0.0,1,8,-9900,?,9,-9900,?,9,13.43,E,8,11.32,E,8,87.0,E,8,872.5394,E,8,999.0,E,8,1.03,E,8,-9900,?,9,-9900,?,9,0.0,E,8,-9900,?,9,-9900,?,9,0.0,0.0,E,8
06/19/2011,20:00,0.0,1321.991,0.0,1,8,0.0,1,8,0.0,1,8,0.0,1,8,0.0,1,8,0.0,1,8,-0.0,1,8,-9900,?,9,-9900,?,9,12.81,E,8,11.06,E,8,89.0,E,8,872.5394,E,8,999.0,E,8,0.62,E,8,-9900,?,9,-9900,?,9,0.0,E,8,-9900,?,9,-9900,?,9,0.0,0.0,E,8
06/19/2011,21:00,0.0,1321.991,0.0,1,8,0.0,1,8,0.0,1,8,0.0,1,8,0.0,1,8,0.0,1,8,-0.0,1,8,-9900,?,9,-9900,?,9,12.2,E,8,10.8,E,8,91.0,E,8,872.5394,E,8,999.0,E,8,0.61,E,8,-9900,?,9,-9900,?,9,0.0,E,8,-9900,?,9,-9900,?,9,0.0,0.0,E,8
06/19/2011,22:00,0.0,1321.991,0.0,1,8,0.0,1,8,0.0,1,8,0.0,1,8,0.0,1,8,0.0,1,8,-0.0,1,8,-9900,?,9,-9900,?,9,11.58,E,8,10.53,E,8,93.0,E,8,872.5394,E,8,999.0,E,8,0.45,E,8,-9900,?,9,-9900,?,9,0.0,E,8,-9900,?,9,-9900,?,9,0.0,0.0,E,8
06/19/2011,23:00,0.0,1321.991,0.0,1,8,0.0,1,8,0.0,1,8,0.0,1,8,0.0,1,8,0.0,1,8,-0.0,1,8,-9900,?,9,-9900,?,9,10.96,E,8,10.25,E,8,95.0,E,8,872.5394,E,8,999.0,E,8,0.59,E,8,-9900,?,9,-9900,?,9,0.0,E,8,-9900,?,9,-9900,?,9,0.0,0.0,E,8
06/19/2011,24:00,0.0,1321.991,0.0,1,8,0.0,1,8,0.0,1,8,0.0,1,8,0.0,1,8,0.0,1,8,-0.0,1,8,-9900,?,9,-9900,?,9,10.34,E,8,7.33,E,8,81.0,E,8,872.5394,E,8,999.0,E,8,0.38,E,8,-9900,?,9,-9900,?,9,0.0,E,8,-9900,?,9,-9900,?,9,0.0,0.0,E,8
06/20/2011,01:00,0.0,1321.991,0.0,1,8,0.0,1,8,0.0,1,8,0.0,1,8,0.0,1,8,0.0,1,8,-0.0,1,8,-9900,?,9,-9900,?,9,10.03,E,8,7.21,E,8,82.0,E,8,872.5394,E,8,999.0,E,8,0.38,E,8,-9900,?,9,-9900,?,9,0.0,E,8,-9900,?,9,-9900,?,9,0.0,0.0,E,8
06/20/2011,02:00,0.0,1321.991,0.0,1,8,0.0,1,8,0.0,1,8,0.0,1,8,0.0,1,8,0.0,1,8,-0.0,1,8,-9900,?,9,-9900,?,9,9.72,E,8,7.1,E,8,83.0,E,8,872.5394,E,8,999.0,E,8,0.61,E,8,-9900,?,9,-9900,?,9,0.0,E,8,-9900,?,9,-9900,?,9,0.0,0.0,E,8
06/20/2011,03:00,0.0,1321.991,0.0,1,8,0.0,1,8,0.0,1,8,0.0,1,8,0.0,1,8,0.0,1,8,-0.0,1,8,-9900,?,9,-9900,?,9,9.41,E,8,6.98,E,8,84.0,E,8,872.5394,E,8,999.0,E,8,0.45,E,8,-9900,?,9,-9900,?,9,0.0,E,8,-9900,?,9,-9900,?,9,0.0,0.0,E,8
06/20/2011,04:00,0.0,1321.801,0.0,1,8,0.0,1,8,0.0,1,8,0.0,1,8,0.0,1,8,0.0,1,8,-0.0,1,8,-9900,?,9,-9900,?,9,9.1,E,8,6.86,E,8,85.0,E,8,872.5394,E,8,999.0,E,8,0.63,E,8,-9900,?,9,-9900,?,9,0.0,E,8,-9900,?,9,-9900,?,9,0.0,0.0,E,8
06/20/2011,05:00,0.0,1321.801,0.0,1,8,0.0,1,8,0.0,1,8,0.0,1,8,0.0,1,8,0.0,1,8,-0.0,1,8,-9900,?,9,-9900,?,9,8.8,E,8,6.74,E,8,86.0,E,8,872.5394,E,8,999.0,E,8,0.64,E,8,-9900,?,9,-9900,?,9,0.0,E,8,-9900,?,9,-9900,?,9,0.0,0.0,E,8
06/20/2011,06:00,0.0,1321.801,0.0,1,8,0.0,1,8,0.0,1,8,0.0,1,8,0.0,1,8,0.0,1,8,-0.0,1,8,-9900,?,9,-9900,?,9,8.56,E,8,6.64,E,8,87.0,E,8,872.5394,E,8,999.0,E,8,0.6,E,8,-9900,?,9,-9900,?,9,0.0,E,8,-9900,?,9,-9900,?,9,0.0,0.0,E,8
06/20/2011,07:00,16.832,1321.801,0.0,1,8,0.0,1,8,0.0,1,8,0.0,1,8,0.0,1,8,0.0,1,8,0.0,1,8,-9900,?,9,-9900,?,9,8.35,E,8,6.56,E,8,88.0,E,8,872.5394,E,8,999.0,E,8,0.52,E,8,-9900,?,9,-9900,?,9,0.0,E,8,-9900,?,9,-9900,?,9,0.0,0.0,E,8
06/20/2011,08:00,289.961,1321.801,35.73,1,8,0.0,1,8,35.73,1,8,4287.6,1,8,0.0,1,8,3930.3,1,8,52.138,1,8,-9900,?,9,-9900,?,9,8.15,E,8,6.48,E,8,89.0,E,8,872.5394,E,8,999.0,E,8,0.91,E,8,-9900,?,9,-9900,?,9,0.0,E,8,-9900,?,9,-9900,?,9,0.0,0.0,E,8
06/20/2011,09:00,538.271,1321.801,181.27,1,8,35.784,1,8,166.719,1,8,21752.4,1,8,3399.507,1,8,18339.099,1,8,130.508,1,8,-9900,?,9,-9900,?,9,11.11,E,8,7.62,E,8,79.0,E,8,872.5394,E,8,999.0,E,8,0.92,E,8,-9900,?,9,-9900,?,9,0.0,E,8,-9900,?,9,-9900,?,9,0.0,0.0,E,8
06/20/2011,10:00,737.592,1321.801,319.21,1,8,99.943,1,8,263.476,1,8,38305.2,1,8,9494.596,1,8,28982.342,1,8,150.391,1,8,-9900,?,9,-9900,?,9,13.03,E,8,8.32,E,8,73.0,E,8,872.5394,E,8,999.0,E,8,1.01,E,8,-9900,?,9,-9900,?,9,0.0,E,8,-9900,?,9,-9900,?,9,0.0,0.0,E,8
06/20/2011,11:00,873.957,1321.801,424.73,1,8,126.699,1,8,340.99,1,8,50967.6,1,8,12036.359,1,8,37508.93,1,8,164.222,1,8,-9900,?,9,-9900,?,9,14.71,E,8,8.91,E,8,68.0,E,8,872.5394,E,8,999.0,E,8,1.45,E,8,-9900,?,9,-9900,?,9,0.0,E,8,-9900,?,9,-9900,?,9,0.0,0.0,E,8
06/20/2011,12:00,937.991,1321.801,488.15,1,8,214.617,1,8,335.895,1,8,58578.0,1,8,20388.579,1,8,36948.505,1,8,150.712,1,8,-9900,?,9,-9900,?,9,16.06,E,8,9.36,E,8,64.0,E,8,872.5394,E,8,999.0,E,8,1.24,E,8,-9900,?,9,-9900,?,9,0.0,E,8,-9900,?,9,-9900,?,9,0.0,0.0,E,8
06/20/2011,13:00,925.307,1321.801,504.43,1,8,259.375,1,8,322.914,1,8,60531.6,1,8,24640.61,1,8,35520.552,1,8,146.876,1,8,-9900,?,9,-9900,?,9,17.04,E,8,9.69,E,8,61.0,E,8,872.5394,E,8,999.0,E,8,1.91,E,8,-9900,?,9,-9900,?,9,0.0,E,8,-9900,?,9,-9900,?,9,0.0,0.0,E,8
06/20/2011,14:00,836.773,1321.801,472.34,1,8,296.615,1,8,284.649,1,8,56680.8,1,8,28178.404,1,8,31311.379,1,8,143.189,1,8,-9900,?,9,-9900,?,9,17.61,E,8,9.87,E,8,60.0,E,8,872.5394,E,8,999.0,E,8,2.76,E,8,-9900,?,9,-9900,?,9,0.0,E,8,-9900,?,9,-9900,?,9,0.0,0.0,E,8
06/20/2011,15:00,678.459,1321.801,394.35,1,8,373.111,1,8,202.995,1,8,47322.0,1,8,35445.59,1,8,22329.408,1,8,125.989,1,8,-9900,?,9,-9900,?,9,17.78,E,8,9.93,E,8,60.0,E,8,872.5394,E,8,999.0,E,8,2.25,E,8,-9900,?,9,-9900,?,9,0.0,E,8,-9900,?,9,-9900,?,9,0.0,0.0,E,8
06/20/2011,16:00,461.284,1321.801,276.8,1,8,427.364,1,8,127.97,1,8,33216.0,1,8,40599.564,1,8,14076.701,1,8,116.968,1,8,-9900,?,9,-9900,?,9,17.39,E,8,9.8,E,8,61.0,E,8,872.5394,E,8,999.0,E,8,1.76,E,8,-9900,?,9,-9900,?,9,0.0,E,8,-9900,?,9,-9900,?,9,0.0,0.0,E,8
06/20/2011,17:00,200.813,1321.801,131.86,1,8,384.538,1,8,74.119,1,8,15823.2,1,8,36531.096,1,8,8153.13,1,8,157.123,1,8,-9900,?,9,-9900,?,9,16.4,E,8,9.48,E,8,63.0,E,8,872.5394,E,8,999.0,E,8,2.0,E,8,-9900,?,9,-9900,?,9,0.0,E,8,-9900,?,9,-9900,?,9,0.0,0.0,E,8
06/20/2011,18:00,0.0,1321.801,5.13,1,8,0.0,1,8,0.0,1,8,615.6,1,8,0.0,1,8,0.0,1,8,-0.0,1,8,-9900,?,9,-9900,?,9,15.57,E,8,9.2,E,8,65.0,E,8,872.5394,E,8,999.0,E,8,1.18,E,8,-9900,?,9,-9900,?,9,0.0,E,8,-9900,?,9,-9900,?,9,0.0,0.0,E,8
06/20/2011,19:00,0.0,1321.801,0.0,1,8,0.0,1,8,0.0,1,8,0.0,1,8,0.0,1,8,0.0,1,8,-0.0,1,8,-9900,?,9,-9900,?,9,14.74,E,8,8.92,E,8,68.0,E,8,872.5394,E,8,999.0,E,8,0.57,E,8,-9900,?,9,-9900,?,9,0.0,E,8,-9900,?,9,-9900,?,9,0.0,0.0,E,8
06/20/2011,20:00,0.0,1321.801,0.0,1,8,0.0,1,8,0.0,1,8,0.0,1,8,0.0,1,8,0.0,1,8,-0.0,1,8,-9900,?,9,-9900,?,9,13.91,E,8,8.63,E,8,70.0,E,8,872.5394,E,8,999.0,E,8,0.4,E,8,-9900,?,9,-9900,?,9,0.0,E,8,-9900,?,9,-9900,?,9,0.0,0.0,E,8
06/20/2011,21:00,0.0,1321.801,0.0,1,8,0.0,1,8,0.0,1,8,0.0,1,8,0.0,1,8,0.0,1,8,-0.0,1,8,-9900,?,9,-9900,?,9,13.08,E,8,8.34,E,8,72.0,E,8,872.5394,E,8,999.0,E,8,0.34,E,8,-9900,?,9,-9900,?,9,0.0,E,8,-9900,?,9,-9900,?,9,0.0,0.0,E,8
06/20/2011,22:00,0.0,1321.801,0.0,1,8,0.0,1,8,0.0,1,8,0.0,1,8,0.0,1,8,0.0,1,8,-0.0,1,8,-9900,?,9,-9900,?,9,12.25,E,8,8.04,E,8,75.0,E,8,872.5394,E,8,999.0,E,8,0.34,E,8,-9900,?,9,-9900,?,9,0.0,E,8,-9900,?,9,-9900,?,9,0.0,0.0,E,8
06/20/2011,23:00,0.0,1321.801,0.0,1,8,0.0,1,8,0.0,1,8,0.0,1,8,0.0,1,8,0.0,1,8,-0.0,1,8,-9900,?,9,-9900,?,9,11.42,E,8,7.74,E,8,78.0,E,8,872.5394,E,8,999.0,E,8,0.34,E,8,-9900,?,9,-9900,?,9,0.0,E,8,-9900,?,9,-9900,?,9,0.0,0.0,E,8
06/20/2011,24:00,0.0,1321.801,0.0,1,8,0.0,1,8,0.0,1,8,0.0,1,8,0.0,1,8,0.0,1,8,-0.0,1,8,-9900,?,9,-9900,?,9,10.59,E,8,5.81,E,8,72.0,E,8,872.5394,E,8,999.0,E,8,0.27,E,8,-9900,?,9,-9900,?,9,0.0,E,8,-9900,?,9,-9900,?,9,0.0,0.0,E,8
06/21/2011,01:00,0.0,1321.801,0.0,1,8,0.0,1,8,0.0,1,8,0.0,1,8,0.0,1,8,0.0,1,8,-0.0,1,8,-9900,?,9,-9900,?,9,10.18,E,8,5.64,E,8,73.0,E,8,872.5394,E,8,999.0,E,8,0.27,E,8,-9900,?,9,-9900,?,9,0.0,E,8,-9900,?,9,-9900,?,9,0.0,0.0,E,8
06/21/2011,02:00,0.0,1321.801,0.0,1,8,0.0,1,8,0.0,1,8,0.0,1,8,0.0,1,8,0.0,1,8,-0.0,1,8,-9900,?,9,-9900,?,9,9.76,E,8,5.46,E,8,74.0,E,8,872.5394,E,8,999.0,E,8,0.27,E,8,-9900,?,9,-9900,?,9,0.0,E,8,-9900,?,9,-9900,?,9,0.0,0.0,E,8
06/21/2011,03:00,0.0,1321.801,0.0,1,8,0.0,1,8,0.0,1,8,0.0,1,8,0.0,1,8,0.0,1,8,-0.0,1,8,-9900,?,9,-9900,?,9,9.35,E,8,5.29,E,8,75.0,E,8,872.5394,E,8,999.0,E,8,0.27,E,8,-9900,?,9,-9900,?,9,0.0,E,8,-9900,?,9,-9900,?,9,0.0,0.0,E,8
06/21/2011,04:00,0.0,1321.624,0.0,1,8,0.0,1,8,0.0,1,8,0.0,1,8,0.0,1,8,0.0,1,8,-0.0,1,8,-9900,?,9,-9900,?,9,8.93,E,8,5.11,E,8,76.0,E,8,872.5394,E,8,999.0,E,8,0.27,E,8,-9900,?,9,-9900,?,9,0.0,E,8,-9900,?,9,-9900,?,9,0.0,0.0,E,8
06/21/2011,05:00,0.0,1321.624,0.0,1,8,0.0,1,8,0.0,1,8,0.0,1,8,0.0,1,8,0.0,1,8,-0.0,1,8,-9900,?,9,-9900,?,9,8.52,E,8,4.93,E,8,78.0,E,8,872.5394,E,8,999.0,E,8,0.27,E,8,-9900,?,9,-9900,?,9,0.0,E,8,-9900,?,9,-9900,?,9,0.0,0.0,E,8
06/21/2011,06:00,0.0,1321.624,0.0,1,8,0.0,1,8,0.0,1,8,0.0,1,8,0.0,1,8,0.0,1,8,-0.0,1,8,-9900,?,9,-9900,?,9,8.2,E,8,4.79,E,8,79.0,E,8,872.5394,E,8,999.0,E,8,0.27,E,8,-9900,?,9,-9900,?,9,0.0,E,8,-9900,?,9,-9900,?,9,0.0,0.0,E,8
06/21/2011,07:00,15.854,1321.624,0.0,1,8,0.0,1,8,0.0,1,8,0.0,1,8,0.0,1,8,0.0,1,8,0.0,1,8,-9900,?,9,-9900,?,9,7.92,E,8,4.67,E,8,79.0,E,8,872.5394,E,8,999.0,E,8,0.27,E,8,-9900,?,9,-9900,?,9,0.0,E,8,-9900,?,9,-9900,?,9,0.0,0.0,E,8
06/21/2011,08:00,288.876,1321.624,45.92,1,8,0.0,1,8,45.92,1,8,5510.4,1,8,0.0,1,8,5051.2,1,8,67.253,1,8,-9900,?,9,-9900,?,9,7.65,E,8,4.55,E,8,80.0,E,8,872.5394,E,8,999.0,E,8,0.27,E,8,-9900,?,9,-9900,?,9,0.0,E,8,-9900,?,9,-9900,?,9,0.0,0.0,E,8
06/21/2011,09:00,537.288,1321.624,233.11,1,8,148.344,1,8,172.892,1,8,27973.2,1,8,14092.685,1,8,19018.067,1,8,135.57,1,8,-9900,?,9,-9900,?,9,10.66,E,8,5.84,E,8,72.0,E,8,872.5394,E,8,999.0,E,8,0.29,E,8,-9900,?,9,-9900,?,9,0.0,E,8,-9900,?,9,-9900,?,9,0.0,0.0,E,8
06/21/2011,10:00,736.78,1321.624,395.99,1,8,257.892,1,8,252.313,1,8,47518.8,1,8,24499.78,1,8,27754.451,1,8,144.159,1,8,-9900,?,9,-9900,?,9,12.5,E,8,6.57,E,8,67.0,E,8,872.5394,E,8,999.0,E,8,0.5,E,8,-9900,?,9,-9900,?,9,0.0,E,8,-9900,?,9,-9900,?,9,0.0,0.0,E,8
06/21/2011,11:00,873.373,1321.624,533.36,1,8,387.006,1,8,277.711,1,8,64003.2,1,8,36765.549,1,8,30548.167,1,8,133.818,1,8,-9900,?,9,-9900,?,9,14.17,E,8,7.22,E,8,62.0,E,8,872.5394,E,8,999.0,E,8,1.17,E,8,-9900,?,9,-9900,?,9,0.0,E,8,-9900,?,9,-9900,?,9,0.0,0.0,E,8
06/21/2011,12:00,937.672,1321.624,590.81,1,8,427.19,1,8,287.813,1,8,70897.2,1,8,40583.078,1,8,31659.414,1,8,129.164,1,8,-9900,?,9,-9900,?,9,15.41,E,8,7.68,E,8,59.0,E,8,872.5394,E,8,999.0,E,8,1.35,E,8,-9900,?,9,-9900,?,9,0.0,E,8,-9900,?,9,-9900,?,9,0.0,0.0,E,8
06/21/2011,13:00,925.273,1321.624,644.25,1,8,572.207,1,8,243.768,1,8,77310.0,1,8,54359.691,1,8,26814.487,1,8,110.866,1,8,-9900,?,9,-9900,?,9,16.43,E,8,8.05,E,8,57.0,E,8,872.5394,E,8,999.0,E,8,1.73,E,8,-9900,?,9,-9900,?,9,0.0,E,8,-9900,?,9,-9900,?,9,0.0,0.0,E,8
06/21/2011,14:00,837.026,1321.624,611.72,1,8,762.893,1,8,128.767,1,8,73406.4,1,8,72474.866,1,8,14164.377,1,8,64.746,1,8,-9900,?,9,-9900,?,9,17.06,E,8,8.27,E,8,56.0,E,8,872.5394,E,8,999.0,E,8,2.36,E,8,-9900,?,9,-9900,?,9,0.0,E,8,-9900,?,9,-9900,?,9,0.0,0.0,E,8
06/21/2011,15:00,678.98,1321.624,492.24,1,8,803.817,1,8,79.618,1,8,59068.8,1,8,76362.643,1,8,8758.03,1,8,49.371,1,8,-9900,?,9,-9900,?,9,17.21,E,8,8.32,E,8,55.0,E,8,872.5394,E,8,999.0,E,8,2.77,E,8,-9900,?,9,-9900,?,9,0.0,E,8,-9900,?,9,-9900,?,9,0.0,0.0,E,8
06/21/2011,16:00,462.034,1321.624,328.7,1,8,704.71,1,8,82.85,1,8,39444.0,1,8,66947.422,1,8,9113.478,1,8,75.593,1,8,-9900,?,9,-9900,?,9,16.75,E,8,8.16,E,8,56.0,E,8,872.5394,E,8,999.0,E,8,2.66,E,8,-9900,?,9,-9900,?,9,0.0,E,8,-9900,?,9,-9900,?,9,0.0,0.0,E,8
06/21/2011,17:00,201.732,1321.624,142.25,1,8,375.472,1,8,85.599,1,8,17070.0,1,8,35669.811,1,8,9415.885,1,8,180.588,1,8,-9900,?,9,-9900,?,9,15.69,E,8,7.78,E,8,59.0,E,8,872.5394,E,8,999.0,E,8,2.41,E,8,-9900,?,9,-9900,?,9,0.0,E,8,-9900,?,9,-9900,?,9,0.0,0.0,E,8
06/21/2011,18:00,0.0,1321.624,6.55,1,8,0.0,1,8,0.0,1,8,786.0,1,8,0.0,1,8,0.0,1,8,-0.0,1,8,-9900,?,9,-9900,?,9,14.94,E,8,7.5,E,8,61.0,E,8,872.5394,E,8,999.0,E,8,1.45,E,8,-9900,?,9,-9900,?,9,0.0,E,8,-9900,?,9,-9900,?,9,0.0,0.0,E,8
06/21/2011,19:00,0.0,1321.624,0.0,1,8,0.0,1,8,0.0,1,8,0.0,1,8,0.0,1,8,0.0,1,8,-0.0,1,8,-9900,?,9,-9900,?,9,14.19,E,8,7.22,E,8,62.0,E,8,872.5394,E,8,999.0,E,8,0.62,E,8,-9900,?,9,-9900,?,9,0.0,E,8,-9900,?,9,-9900,?,9,0.0,0.0,E,8
06/21/2011,20:00,0.0,1321.624,0.0,1,8,0.0,1,8,0.0,1,8,0.0,1,8,0.0,1,8,0.0,1,8,-0.0,1,8,-9900,?,9,-9900,?,9,13.44,E,8,6.94,E,8,64.0,E,8,872.5394,E,8,999.0,E,8,0.32,E,8,-9900,?,9,-9900,?,9,0.0,E,8,-9900,?,9,-9900,?,9,0.0,0.0,E,8
06/21/2011,21:00,0.0,1321.624,0.0,1,8,0.0,1,8,0.0,1,8,0.0,1,8,0.0,1,8,0.0,1,8,-0.0,1,8,-9900,?,9,-9900,?,9,12.69,E,8,6.65,E,8,66.0,E,8,872.5394,E,8,999.0,E,8,0.31,E,8,-9900,?,9,-9900,?,9,0.0,E,8,-9900,?,9,-9900,?,9,0.0,0.0,E,8
06/21/2011,22:00,0.0,1321.624,0.0,1,8,0.0,1,8,0.0,1,8,0.0,1,8,0.0,1,8,0.0,1,8,-0.0,1,8,-9900,?,9,-9900,?,9,11.94,E,8,6.35,E,8,68.0,E,8,872.5394,E,8,999.0,E,8,0.3,E,8,-9900,?,9,-9900,?,9,0.0,E,8,-9900,?,9,-9900,?,9,0.0,0.0,E,8
06/21/2011,23:00,0.0,1321.624,0.0,1,8,0.0,1,8,0.0,1,8,0.0,1,8,0.0,1,8,0.0,1,8,-0.0,1,8,-9900,?,9,-9900,?,9,11.19,E,8,6.05,E,8,70.0,E,8,872.5394,E,8,999.0,E,8,0.35,E,8,-9900,?,9,-9900,?,9,0.0,E,8,-9900,?,9,-9900,?,9,0.0,0.0,E,8
06/21/2011,24:00,0.0,1321.624,0.0,1,8,0.0,1,8,0.0,1,8,0.0,1,8,0.0,1,8,0.0,1,8,-0.0,1,8,-9900,?,9,-9900,?,9,10.45,E,8,7.06,E,8,79.0,E,8,872.5394,E,8,999.0,E,8,0.76,E,8,-9900,?,9,-9900,?,9,0.0,E,8,-9900,?,9,-9900,?,9,0.0,0.0,E,8
06/22/2011,01:00,0.0,1321.624,0.0,1,8,0.0,1,8,0.0,1,8,0.0,1,8,0.0,1,8,0.0,1,8,-0.0,1,8,-9900,?,9,-9900,?,9,10.07,E,8,7.1,E,8,81.0,E,8,872.5394,E,8,999.0,E,8,0.59,E,8,-9900,?,9,-9900,?,9,0.0,E,8,-9900,?,9,-9900,?,9,0.0,0.0,E,8
06/22/2011,02:00,0.0,1321.624,0.0,1,8,0.0,1,8,0.0,1,8,0.0,1,8,0.0,1,8,0.0,1,8,-0.0,1,8,-9900,?,9,-9900,?,9,9.7,E,8,7.13,E,8,83.0,E,8,872.5394,E,8,999.0,E,8,0.62,E,8,-9900,?,9,-9900,?,9,0.0,E,8,-9900,?,9,-9900,?,9,0.0,0.0,E,8
06/22/2011,03:00,0.0,1321.624,0.0,1,8,0.0,1,8,0.0,1,8,0.0,1,8,0.0,1,8,0.0,1,8,-0.0,1,8,-9900,?,9,-9900,?,9,9.32,E,8,7.16,E,8,86.0,E,8,872.5394,E,8,999.0,E,8,0.83,E,8,-9900,?,9,-9900,?,9,0.0,E,8,-9900,?,9,-9900,?,9,0.0,0.0,E,8
06/22/2011,04:00,0.0,1321.458,0.0,1,8,0.0,1,8,0.0,1,8,0.0,1,8,0.0,1,8,0.0,1,8,-0.0,1,8,-9900,?,9,-9900,?,9,8.95,E,8,7.19,E,8,88.0,E,8,872.5394,E,8,999.0,E,8,1.19,E,8,-9900,?,9,-9900,?,9,0.0,E,8,-9900,?,9,-9900,?,9,0.0,0.0,E,8
06/22/2011,05:00,0.0,1321.458,0.0,1,8,0.0,1,8,0.0,1,8,0.0,1,8,0.0,1,8,0.0,1,8,-0.0,1,8,-9900,?,9,-9900,?,9,8.57,E,8,7.23,E,8,91.0,E,8,872.5394,E,8,999.0,E,8,1.32,E,8,-9900,?,9,-9900,?,9,0.0,E,8,-9900,?,9,-9900,?,9,0.0,0.0,E,8
06/22/2011,06:00,0.0,1321.458,0.0,1,8,0.0,1,8,0.0,1,8,0.0,1,8,0.0,1,8,0.0,1,8,-0.0,1,8,-9900,?,9,-9900,?,9,8.28,E,8,7.25,E,8,93.0,E,8,872.5394,E,8,999.0,E,8,1.33,E,8,-9900,?,9,-9900,?,9,0.0,E,8,-9900,?,9,-9900,?,9,0.0,0.0,E,8
06/22/2011,07:00,14.933,1321.458,0.0,1,8,0.0,1,8,0.0,1,8,0.0,1,8,0.0,1,8,0.0,1,8,0.0,1,8,-9900,?,9,-9900,?,9,8.04,E,8,7.27,E,8,94.0,E,8,872.5394,E,8,999.0,E,8,2.15,E,8,-9900,?,9,-9900,?,9,0.0,E,8,-9900,?,9,-9900,?,9,0.0,0.0,E,8
06/22/2011,08:00,287.87,1321.458,22.49,1,8,0.0,1,8,22.49,1,8,2698.8,1,8,0.0,1,8,2473.9,1,8,33.05,1,8,-9900,?,9,-9900,?,9,7.79,E,8,7.29,E,8,96.0,E,8,872.5394,E,8,999.0,E,8,2.25,E,8,-9900,?,9,-9900,?,9,0.0,E,8,-9900,?,9,-9900,?,9,0.0,0.0,E,8
06/22/2011,09:00,536.399,1321.458,88.97,1,8,0.0,1,8,88.97,1,8,10676.4,1,8,0.0,1,8,9786.7,1,8,69.872,1,8,-9900,?,9,-9900,?,9,9.29,E,8,7.16,E,8,86.0,E,8,872.5394,E,8,999.0,E,8,2.24,E,8,-9900,?,9,-9900,?,9,0.0,E,8,-9900,?,9,-9900,?,9,0.0,0.0,E,8
06/22/2011,10:00,736.076,1321.458,171.04,1,8,10.377,1,8,165.264,1,8,20524.8,1,8,985.801,1,8,18179.004,1,8,94.502,1,8,-9900,?,9,-9900,?,9,10.33,E,8,7.07,E,8,80.0,E,8,872.5394,E,8,999.0,E,8,2.37,E,8,-9900,?,9,-9900,?,9,0.0,E,8,-9900,?,9,-9900,?,9,0.0,0.0,E,8
06/22/2011,11:00,872.903,1321.458,425.11,1,8,187.435,1,8,301.345,1,8,51013.2,1,8,17806.28,1,8,33147.962,1,8,145.267,1,8,-9900,?,9,-9900,?,9,12.56,E,8,6.87,E,8,68.0,E,8,872.5394,E,8,999.0,E,8,3.79,E,8,-9900,?,9,-9900,?,9,0.0,E,8,-9900,?,9,-9900,?,9,0.0,0.0,E,8
06/22/2011,12:00,937.472,1321.458,559.73,1,8,319.154,1,8,333.381,1,8,67167.6,1,8,30319.659,1,8,36671.864,1,8,149.628,1,8,-9900,?,9,-9900,?,9,14.63,E,8,6.69,E,8,58.0,E,8,872.5394,E,8,999.0,E,8,3.86,E,8,-9900,?,9,-9900,?,9,0.0,E,8,-9900,?,9,-9900,?,9,0.0,0.0,E,8
06/22/2011,13:00,925.358,1321.458,606.75,1,8,463.263,1,8,282.447,1,8,72810.0,1,8,44009.949,1,8,31069.165,1,8,128.429,1,8,-9900,?,9,-9900,?,9,16.21,E,8,6.55,E,8,52.0,E,8,872.5394,E,8,999.0,E,8,4.13,E,8,-9900,?,9,-9900,?,9,0.0,E,8,-9900,?,9,-9900,?,9,0.0,0.0,E,8
06/22/2011,14:00,837.392,1321.458,440.47,1,8,220.936,1,8,300.527,1,8,52856.4,1,8,20988.897,1,8,33057.96,1,8,151.025,1,8,-9900,?,9,-9900,?,9,16.71,E,8,6.5,E,8,50.0,E,8,872.5394,E,8,999.0,E,8,4.91,E,8,-9900,?,9,-9900,?,9,0.0,E,8,-9900,?,9,-9900,?,9,0.0,0.0,E,8
06/22/2011,15:00,679.603,1321.458,414.16,1,8,373.717,1,8,222.12,1,8,49699.2,1,8,35503.068,1,8,24433.246,1,8,137.591,1,8,-9900,?,9,-9900,?,9,16.99,E,8,6.47,E,8,49.0,E,8,872.5394,E,8,999.0,E,8,5.14,E,8,-9900,?,9,-9900,?,9,0.0,E,8,-9900,?,9,-9900,?,9,0.0,0.0,E,8
06/22/2011,16:00,462.873,1321.458,348.83,1,8,584.482,1,8,144.526,1,8,41859.6,1,8,55525.785,1,8,15897.809,1,8,131.61,1,8,-9900,?,9,-9900,?,9,17.01,E,8,6.47,E,8,49.0,E,8,872.5394,E,8,999.0,E,8,4.15,E,8,-9900,?,9,-9900,?,9,0.0,E,8,-9900,?,9,-9900,?,9,0.0,0.0,E,8
06/22/2011,17:00,202.724,1321.458,207.72,1,8,323.323,1,8,158.686,1,8,24926.4,1,8,30715.65,1,8,17455.421,1,8,333.061,1,8,-9900,?,9,-9900,?,9,16.4,E,8,6.53,E,8,51.0,E,8,872.5394,E,8,999.0,E,8,3.2,E,8,-9900,?,9,-9900,?,9,0.0,E,8,-9900,?,9,-9900,?,9,0.0,0.0,E,8
06/22/2011,18:00,0.0,1321.458,29.8,1,8,0.0,1,8,0.0,1,8,3576.0,1,8,0.0,1,8,0.0,1,8,-0.0,1,8,-9900,?,9,-9900,?,9,15.8,E,8,6.58,E,8,54.0,E,8,872.5394,E,8,999.0,E,8,1.99,E,8,-9900,?,9,-9900,?,9,0.0,E,8,-9900,?,9,-9900,?,9,0.0,0.0,E,8
06/22/2011,19:00,0.0,1321.458,0.0,1,8,0.0,1,8,0.0,1,8,0.0,1,8,0.0,1,8,0.0,1,8,-0.0,1,8,-9900,?,9,-9900,?,9,15.21,E,8,6.64,E,8,56.0,E,8,872.5394,E,8,999.0,E,8,1.04,E,8,-9900,?,9,-9900,?,9,0.0,E,8,-9900,?,9,-9900,?,9,0.0,0.0,E,8
06/22/2011,20:00,0.0,1321.458,0.0,1,8,0.0,1,8,0.0,1,8,0.0,1,8,0.0,1,8,0.0,1,8,-0.0,1,8,-9900,?,9,-9900,?,9,14.62,E,8,6.69,E,8,58.0,E,8,872.5394,E,8,999.0,E,8,0.74,E,8,-9900,?,9,-9900,?,9,0.0,E,8,-9900,?,9,-9900,?,9,0.0,0.0,E,8
06/22/2011,21:00,0.0,1321.458,0.0,1,8,0.0,1,8,0.0,1,8,0.0,1,8,0.0,1,8,0.0,1,8,-0.0,1,8,-9900,?,9,-9900,?,9,14.03,E,8,6.74,E,8,61.0,E,8,872.5394,E,8,999.0,E,8,0.39,E,8,-9900,?,9,-9900,?,9,0.0,E,8,-9900,?,9,-9900,?,9,0.0,0.0,E,8
06/22/2011,22:00,0.0,1321.458,0.0,1,8,0.0,1,8,0.0,1,8,0.0,1,8,0.0,1,8,0.0,1,8,-0.0,1,8,-9900,?,9,-9900,?,9,13.43,E,8,6.8,E,8,64.0,E,8,872.5394,E,8,999.0,E,8,0.43,E,8,-9900,?,9,-9900,?,9,0.0,E,8,-9900,?,9,-9900,?,9,0.0,0.0,E,8
06/22/2011,23:00,0.0,1321.458,0.0,1,8,0.0,1,8,0.0,1,8,0.0,1,8,0.0,1,8,0.0,1,8,-0.0,1,8,-9900,?,9,-9900,?,9,12.84,E,8,6.85,E,8,66.0,E,8,872.5394,E,8,999.0,E,8,0.35,E,8,-9900,?,9,-9900,?,9,0.0,E,8,-9900,?,9,-9900,?,9,0.0,0.0,E,8
06/22/2011,24:00,0.0,1321.458,0.0,1,8,0.0,1,8,0.0,1,8,0.0,1,8,0.0,1,8,0.0,1,8,-0.0,1,8,-9900,?,9,-9900,?,9,12.25,E,8,10.4,E,8,88.0,E,8,872.5394,E,8,999.0,E,8,0.25,E,8,-9900,?,9,-9900,?,9,0.0,E,8,-9900,?,9,-9900,?,9,0.0,0.0,E,8
06/23/2011,01:00,0.0,1321.458,0.0,1,8,0.0,1,8,0.0,1,8,0.0,1,8,0.0,1,8,0.0,1,8,-0.0,1,8,-9900,?,9,-9900,?,9,11.95,E,8,10.32,E,8,89.0,E,8,872.5394,E,8,999.0,E,8,0.3,E,8,-9900,?,9,-9900,?,9,0.0,E,8,-9900,?,9,-9900,?,9,0.0,0.0,E,8
06/23/2011,02:00,0.0,1321.458,0.0,1,8,0.0,1,8,0.0,1,8,0.0,1,8,0.0,1,8,0.0,1,8,-0.0,1,8,-9900,?,9,-9900,?,9,11.65,E,8,10.24,E,8,91.0,E,8,872.5394,E,8,999.0,E,8,0.25,E,8,-9900,?,9,-9900,?,9,0.0,E,8,-9900,?,9,-9900,?,9,0.0,0.0,E,8
06/23/2011,03:00,0.0,1321.458,0.0,1,8,0.0,1,8,0.0,1,8,0.0,1,8,0.0,1,8,0.0,1,8,-0.0,1,8,-9900,?,9,-9900,?,9,11.36,E,8,10.16,E,8,92.0,E,8,872.5394,E,8,999.0,E,8,0.25,E,8,-9900,?,9,-9900,?,9,0.0,E,8,-9900,?,9,-9900,?,9,0.0,0.0,E,8
06/23/2011,04:00,0.0,1321.306,0.0,1,8,0.0,1,8,0.0,1,8,0.0,1,8,0.0,1,8,0.0,1,8,-0.0,1,8,-9900,?,9,-9900,?,9,11.06,E,8,10.08,E,8,93.0,E,8,872.5394,E,8,999.0,E,8,0.25,E,8,-9900,?,9,-9900,?,9,0.0,E,8,-9900,?,9,-9900,?,9,0.0,0.0,E,8
06/23/2011,05:00,0.0,1321.306,0.0,1,8,0.0,1,8,0.0,1,8,0.0,1,8,0.0,1,8,0.0,1,8,-0.0,1,8,-9900,?,9,-9900,?,9,10.76,E,8,10.0,E,8,95.0,E,8,872.5394,E,8,999.0,E,8,0.25,E,8,-9900,?,9,-9900,?,9,0.0,E,8,-9900,?,9,-9900,?,9,0.0,0.0,E,8
06/23/2011,06:00,0.0,1321.306,0.0,1,8,0.0,1,8,0.0,1,8,0.0,1,8,0.0,1,8,0.0,1,8,-0.0,1,8,-9900,?,9,-9900,?,9,10.53,E,8,9.94,E,8,96.0,E,8,872.5394,E,8,999.0,E,8,0.25,E,8,-9900,?,9,-9900,?,9,0.0,E,8,-9900,?,9,-9900,?,9,0.0,0.0,E,8
06/23/2011,07:00,14.07,1321.306,0.0,1,8,0.0,1,8,0.0,1,8,0.0,1,8,0.0,1,8,0.0,1,8,0.0,1,8,-9900,?,9,-9900,?,9,10.34,E,8,9.89,E,8,96.0,E,8,872.5394,E,8,999.0,E,8,0.25,E,8,-9900,?,9,-9900,?,9,0.0,E,8,-9900,?,9,-9900,?,9,0.0,0.0,E,8
06/23/2011,08:00,286.945,1321.306,33.54,1,8,0.0,1,8,33.54,1,8,4024.8,1,8,0.0,1,8,3689.4,1,8,49.444,1,8,-9900,?,9,-9900,?,9,10.14,E,8,9.83,E,8,97.0,E,8,872.5394,E,8,999.0,E,8,0.28,E,8,-9900,?,9,-9900,?,9,0.0,E,8,-9900,?,9,-9900,?,9,0.0,0.0,E,8
06/23/2011,09:00,535.608,1321.306,174.41,1,8,30.234,1,8,162.173,1,8,20929.2,1,8,2872.21,1,8,17838.976,1,8,127.535,1,8,-9900,?,9,-9900,?,9,12.61,E,8,10.49,E,8,86.0,E,8,872.5394,E,8,999.0,E,8,0.4,E,8,-9900,?,9,-9900,?,9,0.0,E,8,-9900,?,9,-9900,?,9,0.0,0.0,E,8
06/23/2011,10:00,735.48,1321.306,308.31,1,8,87.927,1,8,259.399,1,8,36997.2,1,8,8353.06,1,8,28533.895,1,8,148.434,1,8,-9900,?,9,-9900,?,9,14.23,E,8,10.91,E,8,80.0,E,8,872.5394,E,8,999.0,E,8,0.47,E,8,-9900,?,9,-9900,?,9,0.0,E,8,-9900,?,9,-9900,?,9,0.0,0.0,E,8
06/23/2011,11:00,872.55,1321.306,410.93,1,8,120.084,1,8,331.66,1,8,49311.6,1,8,11407.98,1,8,36482.634,1,8,159.927,1,8,-9900,?,9,-9900,?,9,15.64,E,8,11.27,E,8,75.0,E,8,872.5394,E,8,999.0,E,8,0.89,E,8,-9900,?,9,-9900,?,9,0.0,E,8,-9900,?,9,-9900,?,9,0.0,0.0,E,8
06/23/2011,12:00,937.391,1321.306,472.83,1,8,158.573,1,8,360.364,1,8,56739.6,1,8,15064.462,1,8,39640.034,1,8,161.734,1,8,-9900,?,9,-9900,?,9,16.79,E,8,11.56,E,8,71.0,E,8,872.5394,E,8,999.0,E,8,0.91,E,8,-9900,?,9,-9900,?,9,0.0,E,8,-9900,?,9,-9900,?,9,0.0,0.0,E,8
06/23/2011,13:00,925.561,1321.306,489.12,1,8,192.029,1,8,354.646,1,8,58694.4,1,8,18242.792,1,8,39011.106,1,8,161.204,1,8,-9900,?,9,-9900,?,9,17.62,E,8,11.76,E,8,68.0,E,8,872.5394,E,8,999.0,E,8,1.54,E,8,-9900,?,9,-9900,?,9,0.0,E,8,-9900,?,9,-9900,?,9,0.0,0.0,E,8
06/23/2011,14:00,837.87,1321.306,458.55,1,8,274.029,1,8,284.858,1,8,55026.0,1,8,26032.751,1,8,31334.362,1,8,143.052,1,8,-9900,?,9,-9900,?,9,18.1,E,8,11.88,E,8,66.0,E,8,872.5394,E,8,999.0,E,8,2.03,E,8,-9900,?,9,-9900,?,9,0.0,E,8,-9900,?,9,-9900,?,9,0.0,0.0,E,8
06/23/2011,15:00,680.329,1321.306,383.48,1,8,357.283,1,8,199.667,1,8,46017.6,1,8,33941.93,1,8,21963.387,1,8,123.536,1,8,-9900,?,9,-9900,?,9,18.25,E,8,11.91,E,8,66.0,E,8,872.5394,E,8,999.0,E,8,3.11,E,8,-9900,?,9,-9900,?,9,0.0,E,8,-9900,?,9,-9900,?,9,0.0,0.0,E,8
06/23/2011,16:00,463.8,1321.306,269.98,1,8,387.125,1,8,134.373,1,8,32397.6,1,8,36776.847,1,8,14781.063,1,8,122.105,1,8,-9900,?,9,-9900,?,9,17.93,E,8,11.84,E,8,67.0,E,8,872.5394,E,8,999.0,E,8,3.12,E,8,-9900,?,9,-9900,?,9,0.0,E,8,-9900,?,9,-9900,?,9,0.0,0.0,E,8
06/23/2011,17:00,203.787,1321.306,129.71,1,8,413.511,1,8,66.654,1,8,15565.2,1,8,39283.528,1,8,7331.971,1,8,139.136,1,8,-9900,?,9,-9900,?,9,17.1,E,8,11.63,E,8,70.0,E,8,872.5394,E,8,999.0,E,8,2.35,E,8,-9900,?,9,-9900,?,9,0.0,E,8,-9900,?,9,-9900,?,9,0.0,0.0,E,8
06/23/2011,18:00,0.0,1321.306,5.63,1,8,0.0,1,8,0.0,1,8,675.6,1,8,0.0,1,8,0.0,1,8,-0.0,1,8,-9900,?,9,-9900,?,9,16.51,E,8,11.49,E,8,72.0,E,8,872.5394,E,8,999.0,E,8,1.56,E,8,-9900,?,9,-9900,?,9,0.0,E,8,-9900,?,9,-9900,?,9,0.0,0.0,E,8
06/23/2011,19:00,0.0,1321.306,0.0,1,8,0.0,1,8,0.0,1,8,0.0,1,8,0.0,1,8,0.0,1,8,-0.0,1,8,-9900,?,9,-9900,?,9,15.91,E,8,11.34,E,8,74.0,E,8,872.5394,E,8,999.0,E,8,0.83,E,8,-9900,?,9,-9900,?,9,0.0,E,8,-9900,?,9,-9900,?,9,0.0,0.0,E,8
06/23/2011,20:00,0.0,1321.306,0.0,1,8,0.0,1,8,0.0,1,8,0.0,1,8,0.0,1,8,0.0,1,8,-0.0,1,8,-9900,?,9,-9900,?,9,15.32,E,8,11.19,E,8,76.0,E,8,872.5394,E,8,999.0,E,8,0.44,E,8,-9900,?,9,-9900,?,9,0.0,E,8,-9900,?,9,-9900,?,9,0.0,0.0,E,8
06/23/2011,21:00,0.0,1321.306,0.0,1,8,0.0,1,8,0.0,1,8,0.0,1,8,0.0,1,8,0.0,1,8,-0.0,1,8,-9900,?,9,-9900,?,9,14.72,E,8,11.04,E,8,78.0,E,8,872.5394,E,8,999.0,E,8,0.27,E,8,-9900,?,9,-9900,?,9,0.0,E,8,-9900,?,9,-9900,?,9,0.0,0.0,E,8
06/23/2011,22:00,0.0,1321.306,0.0,1,8,0.0,1,8,0.0,1,8,0.0,1,8,0.0,1,8,0.0,1,8,-0.0,1,8,-9900,?,9,-9900,?,9,14.13,E,8,10.89,E,8,80.0,E,8,872.5394,E,8,999.0,E,8,0.46,E,8,-9900,?,9,-9900,?,9,0.0,E,8,-9900,?,9,-9900,?,9,0.0,0.0,E,8
06/23/2011,23:00,0.0,1321.306,0.0,1,8,0.0,1,8,0.0,1,8,0.0,1,8,0.0,1,8,0.0,1,8,-0.0,1,8,-9900,?,9,-9900,?,9,13.53,E,8,10.73,E,8,83.0,E,8,872.5394,E,8,999.0,E,8,0.33,E,8,-9900,?,9,-9900,?,9,0.0,E,8,-9900,?,9,-9900,?,9,0.0,0.0,E,8
06/23/2011,24:00,0.0,1321.306,0.0,1,8,0.0,1,8,0.0,1,8,0.0,1,8,0.0,1,8,0.0,1,8,-0.0,1,8,-9900,?,9,-9900,?,9,12.94,E,8,10.31,E,8,84.0,E,8,872.5394,E,8,999.0,E,8,1.53,E,8,-9900,?,9,-9900,?,9,0.0,E,8,-9900,?,9,-9900,?,9,0.0,0.0,E,8
06/24/2011,01:00,0.0,1321.306,0.0,1,8,0.0,1,8,0.0,1,8,0.0,1,8,0.0,1,8,0.0,1,8,-0.0,1,8,-9900,?,9,-9900,?,9,12.64,E,8,10.28,E,8,85.0,E,8,872.5394,E,8,999.0,E,8,1.56,E,8,-9900,?,9,-9900,?,9,0.0,E,8,-9900,?,9,-9900,?,9,0.0,0.0,E,8
06/24/2011,02:00,0.0,1321.306,0.0,1,8,0.0,1,8,0.0,1,8,0.0,1,8,0.0,1,8,0.0,1,8,-0.0,1,8,-9900,?,9,-9900,?,9,12.34,E,8,10.24,E,8,86.0,E,8,872.5394,E,8,999.0,E,8,1.06,E,8,-9900,?,9,-9900,?,9,0.0,E,8,-9900,?,9,-9900,?,9,0.0,0.0,E,8
06/24/2011,03:00,0.0,1321.306,0.0,1,8,0.0,1,8,0.0,1,8,0.0,1,8,0.0,1,8,0.0,1,8,-0.0,1,8,-9900,?,9,-9900,?,9,12.05,E,8,10.2,E,8,88.0,E,8,872.5394,E,8,999.0,E,8,1.19,E,8,-9900,?,9,-9900,?,9,0.0,E,8,-9900,?,9,-9900,?,9,0.0,0.0,E,8
06/24/2011,04:00,0.0,1321.166,0.0,1,8,0.0,1,8,0.0,1,8,0.0,1,8,0.0,1,8,0.0,1,8,-0.0,1,8,-9900,?,9,-9900,?,9,11.75,E,8,10.16,E,8,89.0,E,8,872.5394,E,8,999.0,E,8,1.19,E,8,-9900,?,9,-9900,?,9,0.0,E,8,-9900,?,9,-9900,?,9,0.0,0.0,E,8
06/24/2011,05:00,0.0,1321.166,0.0,1,8,0.0,1,8,0.0,1,8,0.0,1,8,0.0,1,8,0.0,1,8,-0.0,1,8,-9900,?,9,-9900,?,9,11.45,E,8,10.12,E,8,91.0,E,8,872.5394,E,8,999.0,E,8,1.14,E,8,-9900,?,9,-9900,?,9,0.0,E,8,-9900,?,9,-9900,?,9,0.0,0.0,E,8
06/24/2011,06:00,0.0,1321.166,0.0,1,8,0.0,1,8,0.0,1,8,0.0,1,8,0.0,1,8,0.0,1,8,-0.0,1,8,-9900,?,9,-9900,?,9,11.22,E,8,10.09,E,8,92.0,E,8,872.5394,E,8,999.0,E,8,1.16,E,8,-9900,?,9,-9900,?,9,0.0,E,8,-9900,?,9,-9900,?,9,0.0,0.0,E,8
06/24/2011,07:00,13.267,1321.166,0.0,1,8,0.0,1,8,0.0,1,8,0.0,1,8,0.0,1,8,0.0,1,8,0.0,1,8,-9900,?,9,-9900,?,9,11.03,E,8,10.07,E,8,93.0,E,8,872.5394,E,8,999.0,E,8,0.64,E,8,-9900,?,9,-9900,?,9,0.0,E,8,-9900,?,9,-9900,?,9,0.0,0.0,E,8
06/24/2011,08:00,286.104,1321.166,54.04,1,8,0.0,1,8,54.04,1,8,6484.8,1,8,0.0,1,8,5944.4,1,8,79.893,1,8,-9900,?,9,-9900,?,9,10.83,E,8,10.04,E,8,94.0,E,8,872.5394,E,8,999.0,E,8,0.69,E,8,-9900,?,9,-9900,?,9,0.0,E,8,-9900,?,9,-9900,?,9,0.0,0.0,E,8
06/24/2011,09:00,534.914,1321.166,214.89,1,8,100.03,1,8,174.45,1,8,25786.8,1,8,9502.897,1,8,19189.479,1,8,137.354,1,8,-9900,?,9,-9900,?,9,13.75,E,8,10.42,E,8,80.0,E,8,872.5394,E,8,999.0,E,8,1.37,E,8,-9900,?,9,-9900,?,9,0.0,E,8,-9900,?,9,-9900,?,9,0.0,0.0,E,8
06/24/2011,10:00,734.993,1321.166,277.47,1,8,48.468,1,8,250.524,1,8,33296.4,1,8,4604.488,1,8,27557.602,1,8,143.436,1,8,-9900,?,9,-9900,?,9,14.78,E,8,10.55,E,8,75.0,E,8,872.5394,E,8,999.0,E,8,1.6,E,8,-9900,?,9,-9900,?,9,0.0,E,8,-9900,?,9,-9900,?,9,0.0,0.0,E,8
06/24/2011,11:00,872.313,1321.166,495.33,1,8,270.21,1,8,316.989,1,8,59439.6,1,8,25669.962,1,8,34868.767,1,8,152.878,1,8,-9900,?,9,-9900,?,9,16.48,E,8,10.76,E,8,68.0,E,8,872.5394,E,8,999.0,E,8,3.69,E,8,-9900,?,9,-9900,?,9,0.0,E,8,-9900,?,9,-9900,?,9,0.0,0.0,E,8
06/24/2011,12:00,937.429,1321.166,660.6,1,8,587.222,1,8,244.059,1,8,79272.0,1,8,55786.114,1,8,26846.47,1,8,109.519,1,8,-9900,?,9,-9900,?,9,18.22,E,8,10.98,E,8,62.0,E,8,872.5394,E,8,999.0,E,8,3.79,E,8,-9900,?,9,-9900,?,9,0.0,E,8,-9900,?,9,-9900,?,9,0.0,0.0,E,8
06/24/2011,13:00,925.881,1321.166,556.13,1,8,342.932,1,8,315.874,1,8,66735.6,1,8,32578.515,1,8,34746.184,1,8,143.515,1,8,-9900,?,9,-9900,?,9,19.0,E,8,11.07,E,8,60.0,E,8,872.5394,E,8,999.0,E,8,4.02,E,8,-9900,?,9,-9900,?,9,0.0,E,8,-9900,?,9,-9900,?,9,0.0,0.0,E,8
06/24/2011,14:00,838.459,1321.166,488.6,1,8,345.184,1,8,269.629,1,8,58632.0,1,8,32792.491,1,8,29659.209,1,8,135.295,1,8,-9900,?,9,-9900,?,9,19.35,E,8,11.11,E,8,58.0,E,8,872.5394,E,8,999.0,E,8,3.05,E,8,-9900,?,9,-9900,?,9,0.0,E,8,-9900,?,9,-9900,?,9,0.0,0.0,E,8
06/24/2011,15:00,681.154,1321.166,409.79,1,8,397.433,1,8,205.051,1,8,49174.8,1,8,37756.103,1,8,22555.615,1,8,126.7,1,8,-9900,?,9,-9900,?,9,19.39,E,8,11.12,E,8,58.0,E,8,872.5394,E,8,999.0,E,8,4.02,E,8,-9900,?,9,-9900,?,9,0.0,E,8,-9900,?,9,-9900,?,9,0.0,0.0,E,8
06/24/2011,16:00,464.814,1321.166,303.13,1,8,529.794,1,8,117.12,1,8,36375.6,1,8,50330.421,1,8,12883.223,1,8,106.183,1,8,-9900,?,9,-9900,?,9,19.02,E,8,11.07,E,8,59.0,E,8,872.5394,E,8,999.0,E,8,4.52,E,8,-9900,?,9,-9900,?,9,0.0,E,8,-9900,?,9,-9900,?,9,0.0,0.0,E,8
06/24/2011,17:00,204.919,1321.166,164.34,1,8,374.648,1,8,106.88,1,8,19720.8,1,8,35591.557,1,8,11756.769,1,8,221.82,1,8,-9900,?,9,-9900,?,9,18.21,E,8,10.97,E,8,62.0,E,8,872.5394,E,8,999.0,E,8,4.01,E,8,-9900,?,9,-9900,?,9,0.0,E,8,-9900,?,9,-9900,?,9,0.0,0.0,E,8
06/24/2011,18:00,0.0,1321.166,21.23,1,8,0.0,1,8,0.0,1,8,2547.6,1,8,0.0,1,8,0.0,1,8,-0.0,1,8,-9900,?,9,-9900,?,9,17.53,E,8,10.89,E,8,65.0,E,8,872.5394,E,8,999.0,E,8,3.45,E,8,-9900,?,9,-9900,?,9,0.0,E,8,-9900,?,9,-9900,?,9,0.0,0.0,E,8
06/24/2011,19:00,0.0,1321.166,0.0,1,8,0.0,1,8,0.0,1,8,0.0,1,8,0.0,1,8,0.0,1,8,-0.0,1,8,-9900,?,9,-9900,?,9,16.84,E,8,10.8,E,8,67.0,E,8,872.5394,E,8,999.0,E,8,2.12,E,8,-9900,?,9,-9900,?,9,0.0,E,8,-9900,?,9,-9900,?,9,0.0,0.0,E,8
06/24/2011,20:00,0.0,1321.166,0.0,1,8,0.0,1,8,0.0,1,8,0.0,1,8,0.0,1,8,0.0,1,8,-0.0,1,8,-9900,?,9,-9900,?,9,16.16,E,8,10.72,E,8,70.0,E,8,872.5394,E,8,999.0,E,8,1.43,E,8,-9900,?,9,-9900,?,9,0.0,E,8,-9900,?,9,-9900,?,9,0.0,0.0,E,8
06/24/2011,21:00,0.0,1321.166,0.0,1,8,0.0,1,8,0.0,1,8,0.0,1,8,0.0,1,8,0.0,1,8,-0.0,1,8,-9900,?,9,-9900,?,9,15.48,E,8,10.64,E,8,72.0,E,8,872.5394,E,8,999.0,E,8,1.52,E,8,-9900,?,9,-9900,?,9,0.0,E,8,-9900,?,9,-9900,?,9,0.0,0.0,E,8
06/24/2011,22:00,0.0,1321.166,0.0,1,8,0.0,1,8,0.0,1,8,0.0,1,8,0.0,1,8,0.0,1,8,-0.0,1,8,-9900,?,9,-9900,?,9,14.8,E,8,10.55,E,8,75.0,E,8,872.5394,E,8,999.0,E,8,1.07,E,8,-9900,?,9,-9900,?,9,0.0,E,8,-9900,?,9,-9900,?,9,0.0,0.0,E,8
06/24/2011,23:00,0.0,1321.166,0.0,1,8,0.0,1,8,0.0,1,8,0.0,1,8,0.0,1,8,0.0,1,8,-0.0,1,8,-9900,?,9,-9900,?,9,14.12,E,8,10.46,E,8,78.0,E,8,872.5394,E,8,999.0,E,8,0.64,E,8,-9900,?,9,-9900,?,9,0.0,E,8,-9900,?,9,-9900,?,9,0.0,0.0,E,8
06/24/2011,24:00,0.0,1321.166,0.0,1,8,0.0,1,8,0.0,1,8,0.0,1,8,0.0,1,8,0.0,1,8,-0.0,1,8,-9900,?,9,-9900,?,9,13.44,E,8,9.34,E,8,76.0,E,8,872.5394,E,8,999.0,E,8,0.1,E,8,-9900,?,9,-9900,?,9,0.0,E,8,-9900,?,9,-9900,?,9,0.0,0.0,E,8
06/25/2011,01:00,0.0,1321.166,0.0,1,8,0.0,1,8,0.0,1,8,0.0,1,8,0.0,1,8,0.0,1,8,-0.0,1,8,-9900,?,9,-9900,?,9,13.1,E,8,9.19,E,8,77.0,E,8,872.5394,E,8,999.0,E,8,0.15,E,8,-9900,?,9,-9900,?,9,0.0,E,8,-9900,?,9,-9900,?,9,0.0,0.0,E,8
06/25/2011,02:00,0.0,1321.166,0.0,1,8,0.0,1,8,0.0,1,8,0.0,1,8,0.0,1,8,0.0,1,8,-0.0,1,8,-9900,?,9,-9900,?,9,12.76,E,8,9.04,E,8,78.0,E,8,872.5394,E,8,999.0,E,8,0.15,E,8,-9900,?,9,-9900,?,9,0.0,E,8,-9900,?,9,-9900,?,9,0.0,0.0,E,8
06/25/2011,03:00,0.0,1321.166,0.0,1,8,0.0,1,8,0.0,1,8,0.0,1,8,0.0,1,8,0.0,1,8,-0.0,1,8,-9900,?,9,-9900,?,9,12.42,E,8,8.89,E,8,79.0,E,8,872.5394,E,8,999.0,E,8,0.13,E,8,-9900,?,9,-9900,?,9,0.0,E,8,-9900,?,9,-9900,?,9,0.0,0.0,E,8
06/25/2011,04:00,0.0,1321.038,0.0,1,8,0.0,1,8,0.0,1,8,0.0,1,8,0.0,1,8,0.0,1,8,-0.0,1,8,-9900,?,9,-9900,?,9,12.08,E,8,8.73,E,8,79.0,E,8,872.5394,E,8,999.0,E,8,0.16,E,8,-9900,?,9,-9900,?,9,0.0,E,8,-9900,?,9,-9900,?,9,0.0,0.0,E,8
06/25/2011,05:00,0.0,1321.038,0.0,1,8,0.0,1,8,0.0,1,8,0.0,1,8,0.0,1,8,0.0,1,8,-0.0,1,8,-9900,?,9,-9900,?,9,11.74,E,8,8.58,E,8,80.0,E,8,872.5394,E,8,999.0,E,8,0.25,E,8,-9900,?,9,-9900,?,9,0.0,E,8,-9900,?,9,-9900,?,9,0.0,0.0,E,8
06/25/2011,06:00,0.0,1321.038,0.0,1,8,0.0,1,8,0.0,1,8,0.0,1,8,0.0,1,8,0.0,1,8,-0.0,1,8,-9900,?,9,-9900,?,9,11.48,E,8,8.46,E,8,81.0,E,8,872.5394,E,8,999.0,E,8,0.39,E,8,-9900,?,9,-9900,?,9,0.0,E,8,-9900,?,9,-9900,?,9,0.0,0.0,E,8
06/25/2011,07:00,12.525,1321.038,0.0,1,8,0.0,1,8,0.0,1,8,0.0,1,8,0.0,1,8,0.0,1,8,0.0,1,8,-9900,?,9,-9900,?,9,11.25,E,8,8.35,E,8,82.0,E,8,872.5394,E,8,999.0,E,8,0.41,E,8,-9900,?,9,-9900,?,9,0.0,E,8,-9900,?,9,-9900,?,9,0.0,0.0,E,8
06/25/2011,08:00,285.346,1321.038,37.08,1,8,0.0,1,8,37.08,1,8,4449.6,1,8,0.0,1,8,4078.8,1,8,54.961,1,8,-9900,?,9,-9900,?,9,11.03,E,8,8.25,E,8,82.0,E,8,872.5394,E,8,999.0,E,8,0.61,E,8,-9900,?,9,-9900,?,9,0.0,E,8,-9900,?,9,-9900,?,9,0.0,0.0,E,8
06/25/2011,09:00,534.318,1321.038,198.29,1,8,77.048,1,8,167.173,1,8,23794.8,1,8,7319.559,1,8,18389.02,1,8,131.758,1,8,-9900,?,9,-9900,?,9,13.31,E,8,9.28,E,8,76.0,E,8,872.5394,E,8,999.0,E,8,0.75,E,8,-9900,?,9,-9900,?,9,0.0,E,8,-9900,?,9,-9900,?,9,0.0,0.0,E,8
06/25/2011,10:00,734.616,1321.038,409.1,1,8,293.882,1,8,245.782,1,8,49092.0,1,8,27918.816,1,8,27036.006,1,8,140.779,1,8,-9900,?,9,-9900,?,9,15.18,E,8,10.09,E,8,71.0,E,8,872.5394,E,8,999.0,E,8,1.23,E,8,-9900,?,9,-9900,?,9,0.0,E,8,-9900,?,9,-9900,?,9,0.0,0.0,E,8
06/25/2011,11:00,872.193,1321.038,542.57,1,8,404.492,1,8,275.613,1,8,65108.4,1,8,38426.724,1,8,30317.379,1,8,132.928,1,8,-9900,?,9,-9900,?,9,16.77,E,8,10.74,E,8,67.0,E,8,872.5394,E,8,999.0,E,8,1.9,E,8,-9900,?,9,-9900,?,9,0.0,E,8,-9900,?,9,-9900,?,9,0.0,0.0,E,8
06/25/2011,12:00,937.587,1321.038,500.5,1,8,184.946,1,8,369.275,1,8,60060.0,1,8,17569.884,1,8,40620.271,1,8,165.665,1,8,-9900,?,9,-9900,?,9,17.56,E,8,11.05,E,8,65.0,E,8,872.5394,E,8,999.0,E,8,2.17,E,8,-9900,?,9,-9900,?,9,0.0,E,8,-9900,?,9,-9900,?,9,0.0,0.0,E,8
06/25/2011,13:00,926.318,1321.038,481.13,1,8,189.587,1,8,348.231,1,8,57735.6,1,8,18010.799,1,8,38305.383,1,8,158.126,1,8,-9900,?,9,-9900,?,9,18.02,E,8,11.24,E,8,64.0,E,8,872.5394,E,8,999.0,E,8,1.98,E,8,-9900,?,9,-9900,?,9,0.0,E,8,-9900,?,9,-9900,?,9,0.0,0.0,E,8
06/25/2011,14:00,839.158,1321.038,543.78,1,8,487.792,1,8,234.056,1,8,65253.6,1,8,46340.211,1,8,25746.208,1,8,117.336,1,8,-9900,?,9,-9900,?,9,18.52,E,8,11.43,E,8,63.0,E,8,872.5394,E,8,999.0,E,8,2.45,E,8,-9900,?,9,-9900,?,9,0.0,E,8,-9900,?,9,-9900,?,9,0.0,0.0,E,8
06/25/2011,15:00,682.079,1321.038,349.05,1,8,225.489,1,8,232.719,1,8,41886.0,1,8,21421.491,1,8,25599.09,1,8,143.586,1,8,-9900,?,9,-9900,?,9,18.37,E,8,11.37,E,8,63.0,E,8,872.5394,E,8,999.0,E,8,2.08,E,8,-9900,?,9,-9900,?,9,0.0,E,8,-9900,?,9,-9900,?,9,0.0,0.0,E,8
06/25/2011,16:00,465.912,1321.038,204.35,1,8,163.454,1,8,146.82,1,8,24522.0,1,8,15528.096,1,8,16150.189,1,8,132.781,1,8,-9900,?,9,-9900,?,9,17.71,E,8,11.11,E,8,65.0,E,8,872.5394,E,8,999.0,E,8,1.65,E,8,-9900,?,9,-9900,?,9,0.0,E,8,-9900,?,9,-9900,?,9,0.0,0.0,E,8
06/25/2011,17:00,206.12,1321.038,90.64,1,8,255.548,1,8,51.208,1,8,10876.8,1,8,24277.048,1,8,5632.86,1,8,105.635,1,8,-9900,?,9,-9900,?,9,16.82,E,8,10.76,E,8,67.0,E,8,872.5394,E,8,999.0,E,8,1.56,E,8,-9900,?,9,-9900,?,9,0.0,E,8,-9900,?,9,-9900,?,9,0.0,0.0,E,8
06/25/2011,18:00,0.0,1321.038,6.92,1,8,0.0,1,8,0.0,1,8,830.4,1,8,0.0,1,8,0.0,1,8,-0.0,1,8,-9900,?,9,-9900,?,9,16.17,E,8,10.5,E,8,69.0,E,8,872.5394,E,8,999.0,E,8,0.92,E,8,-9900,?,9,-9900,?,9,0.0,E,8,-9900,?,9,-9900,?,9,0.0,0.0,E,8
06/25/2011,19:00,0.0,1321.038,0.0,1,8,0.0,1,8,0.0,1,8,0.0,1,8,0.0,1,8,0.0,1,8,-0.0,1,8,-9900,?,9,-9900,?,9,15.51,E,8,10.22,E,8,70.0,E,8,872.5394,E,8,999.0,E,8,0.53,E,8,-9900,?,9,-9900,?,9,0.0,E,8,-9900,?,9,-9900,?,9,0.0,0.0,E,8
06/25/2011,20:00,0.0,1321.038,0.0,1,8,0.0,1,8,0.0,1,8,0.0,1,8,0.0,1,8,0.0,1,8,-0.0,1,8,-9900,?,9,-9900,?,9,14.86,E,8,9.95,E,8,72.0,E,8,872.5394,E,8,999.0,E,8,0.42,E,8,-9900,?,9,-9900,?,9,0.0,E,8,-9900,?,9,-9900,?,9,0.0,0.0,E,8
06/25/2011,21:00,0.0,1321.038,0.0,1,8,0.0,1,8,0.0,1,8,0.0,1,8,0.0,1,8,0.0,1,8,-0.0,1,8,-9900,?,9,-9900,?,9,14.2,E,8,9.67,E,8,74.0,E,8,872.5394,E,8,999.0,E,8,0.42,E,8,-9900,?,9,-9900,?,9,0.0,E,8,-9900,?,9,-9900,?,9,0.0,0.0,E,8
06/25/2011,22:00,0.0,1321.038,0.0,1,8,0.0,1,8,0.0,1,8,0.0,1,8,0.0,1,8,0.0,1,8,-0.0,1,8,-9900,?,9,-9900,?,9,13.55,E,8,9.39,E,8,75.0,E,8,872.5394,E,8,999.0,E,8,0.34,E,8,-9900,?,9,-9900,?,9,0.0,E,8,-9900,?,9,-9900,?,9,0.0,0.0,E,8
06/25/2011,23:00,0.0,1321.038,0.0,1,8,0.0,1,8,0.0,1,8,0.0,1,8,0.0,1,8,0.0,1,8,-0.0,1,8,-9900,?,9,-9900,?,9,12.9,E,8,9.1,E,8,77.0,E,8,872.5394,E,8,999.0,E,8,0.34,E,8,-9900,?,9,-9900,?,9,0.0,E,8,-9900,?,9,-9900,?,9,0.0,0.0,E,8
06/25/2011,24:00,0.0,1321.038,0.0,1,8,0.0,1,8,0.0,1,8,0.0,1,8,0.0,1,8,0.0,1,8,-0.0,1,8,-9900,?,9,-9900,?,9,12.24,E,8,9.38,E,8,82.0,E,8,872.5394,E,8,999.0,E,8,2.05,E,8,-9900,?,9,-9900,?,9,0.0,E,8,-9900,?,9,-9900,?,9,0.0,0.0,E,8
06/26/2011,01:00,0.0,1321.038,0.0,1,8,0.0,1,8,0.0,1,8,0.0,1,8,0.0,1,8,0.0,1,8,-0.0,1,8,-9900,?,9,-9900,?,9,11.91,E,8,9.26,E,8,83.0,E,8,872.5394,E,8,999.0,E,8,2.3,E,8,-9900,?,9,-9900,?,9,0.0,E,8,-9900,?,9,-9900,?,9,0.0,0.0,E,8
06/26/2011,02:00,0.0,1321.038,0.0,1,8,0.0,1,8,0.0,1,8,0.0,1,8,0.0,1,8,0.0,1,8,-0.0,1,8,-9900,?,9,-9900,?,9,11.59,E,8,9.15,E,8,84.0,E,8,872.5394,E,8,999.0,E,8,2.32,E,8,-9900,?,9,-9900,?,9,0.0,E,8,-9900,?,9,-9900,?,9,0.0,0.0,E,8
06/26/2011,03:00,0.0,1321.038,0.0,1,8,0.0,1,8,0.0,1,8,0.0,1,8,0.0,1,8,0.0,1,8,-0.0,1,8,-9900,?,9,-9900,?,9,11.26,E,8,9.03,E,8,86.0,E,8,872.5394,E,8,999.0,E,8,2.19,E,8,-9900,?,9,-9900,?,9,0.0,E,8,-9900,?,9,-9900,?,9,0.0,0.0,E,8
06/26/2011,04:00,0.0,1320.923,0.0,1,8,0.0,1,8,0.0,1,8,0.0,1,8,0.0,1,8,0.0,1,8,-0.0,1,8,-9900,?,9,-9900,?,9,10.93,E,8,8.91,E,8,87.0,E,8,872.5394,E,8,999.0,E,8,2.35,E,8,-9900,?,9,-9900,?,9,0.0,E,8,-9900,?,9,-9900,?,9,0.0,0.0,E,8
06/26/2011,05:00,0.0,1320.923,0.0,1,8,0.0,1,8,0.0,1,8,0.0,1,8,0.0,1,8,0.0,1,8,-0.0,1,8,-9900,?,9,-9900,?,9,10.61,E,8,8.8,E,8,88.0,E,8,872.5394,E,8,999.0,E,8,1.94,E,8,-9900,?,9,-9900,?,9,0.0,E,8,-9900,?,9,-9900,?,9,0.0,0.0,E,8
06/26/2011,06:00,0.0,1320.923,0.0,1,8,0.0,1,8,0.0,1,8,0.0,1,8,0.0,1,8,0.0,1,8,-0.0,1,8,-9900,?,9,-9900,?,9,10.35,E,8,8.7,E,8,89.0,E,8,872.5394,E,8,999.0,E,8,2.18,E,8,-9900,?,9,-9900,?,9,0.0,E,8,-9900,?,9,-9900,?,9,0.0,0.0,E,8
06/26/2011,07:00,11.843,1320.923,0.0,1,8,0.0,1,8,0.0,1,8,0.0,1,8,0.0,1,8,0.0,1,8,0.0,1,8,-9900,?,9,-9900,?,9,10.14,E,8,8.62,E,8,90.0,E,8,872.5394,E,8,999.0,E,8,1.6,E,8,-9900,?,9,-9900,?,9,0.0,E,8,-9900,?,9,-9900,?,9,0.0,0.0,E,8
06/26/2011,08:00,284.674,1320.923,33.15,1,8,0.0,1,8,33.15,1,8,3978.0,1,8,0.0,1,8,3646.5,1,8,49.249,1,8,-9900,?,9,-9900,?,9,9.92,E,8,8.54,E,8,91.0,E,8,872.5394,E,8,999.0,E,8,1.99,E,8,-9900,?,9,-9900,?,9,0.0,E,8,-9900,?,9,-9900,?,9,0.0,0.0,E,8
06/26/2011,09:00,533.823,1320.923,175.83,1,8,32.124,1,8,162.867,1,8,21099.6,1,8,3051.79,1,8,17915.38,1,8,128.473,1,8,-9900,?,9,-9900,?,9,12.41,E,8,9.44,E,8,82.0,E,8,872.5394,E,8,999.0,E,8,2.63,E,8,-9900,?,9,-9900,?,9,0.0,E,8,-9900,?,9,-9900,?,9,0.0,0.0,E,8
06/26/2011,10:00,734.35,1320.923,311.77,1,8,92.673,1,8,260.284,1,8,37412.4,1,8,8803.895,1,8,28631.197,1,8,149.127,1,8,-9900,?,9,-9900,?,9,14.06,E,8,10.01,E,8,76.0,E,8,872.5394,E,8,999.0,E,8,2.25,E,8,-9900,?,9,-9900,?,9,0.0,E,8,-9900,?,9,-9900,?,9,0.0,0.0,E,8
06/26/2011,11:00,872.19,1320.923,416.12,1,8,117.856,1,8,338.331,1,8,49934.4,1,8,11196.28,1,8,37216.394,1,8,163.163,1,8,-9900,?,9,-9900,?,9,15.5,E,8,10.49,E,8,72.0,E,8,872.5394,E,8,999.0,E,8,3.36,E,8,-9900,?,9,-9900,?,9,0.0,E,8,-9900,?,9,-9900,?,9,0.0,0.0,E,8
06/26/2011,12:00,937.864,1320.923,479.29,1,8,199.713,1,8,337.533,1,8,57514.8,1,8,18972.774,1,8,37128.64,1,8,151.366,1,8,-9900,?,9,-9900,?,9,16.67,E,8,10.87,E,8,68.0,E,8,872.5394,E,8,999.0,E,8,4.83,E,8,-9900,?,9,-9900,?,9,0.0,E,8,-9900,?,9,-9900,?,9,0.0,0.0,E,8
06/26/2011,13:00,926.872,1320.923,496.3,1,8,201.682,1,8,354.826,1,8,59556.0,1,8,19159.783,1,8,39030.818,1,8,161.011,1,8,-9900,?,9,-9900,?,9,17.51,E,8,11.13,E,8,66.0,E,8,872.5394,E,8,999.0,E,8,6.77,E,8,-9900,?,9,-9900,?,9,0.0,E,8,-9900,?,9,-9900,?,9,0.0,0.0,E,8
06/26/2011,14:00,839.966,1320.923,465.86,1,8,287.316,1,8,283.237,1,8,55903.2,1,8,27295.021,1,8,31156.041,1,8,141.842,1,8,-9900,?,9,-9900,?,9,18.01,E,8,11.29,E,8,64.0,E,8,872.5394,E,8,999.0,E,8,6.46,E,8,-9900,?,9,-9900,?,9,0.0,E,8,-9900,?,9,-9900,?,9,0.0,0.0,E,8
06/26/2011,15:00,683.101,1320.923,390.28,1,8,373.532,1,8,197.267,1,8,46833.6,1,8,35485.545,1,8,21699.348,1,8,121.519,1,8,-9900,?,9,-9900,?,9,18.16,E,8,11.34,E,8,64.0,E,8,872.5394,E,8,999.0,E,8,7.76,E,8,-9900,?,9,-9900,?,9,0.0,E,8,-9900,?,9,-9900,?,9,0.0,0.0,E,8
06/26/2011,16:00,467.093,1320.923,275.69,1,8,402.787,1,8,133.549,1,8,33082.8,1,8,38264.756,1,8,14690.422,1,8,120.462,1,8,-9900,?,9,-9900,?,9,17.85,E,8,11.24,E,8,65.0,E,8,872.5394,E,8,999.0,E,8,6.66,E,8,-9900,?,9,-9900,?,9,0.0,E,8,-9900,?,9,-9900,?,9,0.0,0.0,E,8
06/26/2011,17:00,207.385,1320.923,133.73,1,8,416.04,1,8,69.125,1,8,16047.6,1,8,39523.773,1,8,7603.712,1,8,141.693,1,8,-9900,?,9,-9900,?,9,17.02,E,8,10.98,E,8,67.0,E,8,872.5394,E,8,999.0,E,8,6.17,E,8,-9900,?,9,-9900,?,9,0.0,E,8,-9900,?,9,-9900,?,9,0.0,0.0,E,8
06/26/2011,18:00,0.0,1320.923,6.53,1,8,0.0,1,8,0.0,1,8,783.6,1,8,0.0,1,8,0.0,1,8,-0.0,1,8,-9900,?,9,-9900,?,9,16.29,E,8,10.74,E,8,69.0,E,8,872.5394,E,8,999.0,E,8,5.13,E,8,-9900,?,9,-9900,?,9,0.0,E,8,-9900,?,9,-9900,?,9,0.0,0.0,E,8
06/26/2011,19:00,0.0,1320.923,0.0,1,8,0.0,1,8,0.0,1,8,0.0,1,8,0.0,1,8,0.0,1,8,-0.0,1,8,-9900,?,9,-9900,?,9,15.57,E,8,10.51,E,8,71.0,E,8,872.5394,E,8,999.0,E,8,3.75,E,8,-9900,?,9,-9900,?,9,0.0,E,8,-9900,?,9,-9900,?,9,0.0,0.0,E,8
06/26/2011,20:00,0.0,1320.923,0.0,1,8,0.0,1,8,0.0,1,8,0.0,1,8,0.0,1,8,0.0,1,8,-0.0,1,8,-9900,?,9,-9900,?,9,14.84,E,8,10.27,E,8,74.0,E,8,872.5394,E,8,999.0,E,8,2.15,E,8,-9900,?,9,-9900,?,9,0.0,E,8,-9900,?,9,-9900,?,9,0.0,0.0,E,8
06/26/2011,21:00,0.0,1320.923,0.0,1,8,0.0,1,8,0.0,1,8,0.0,1,8,0.0,1,8,0.0,1,8,-0.0,1,8,-9900,?,9,-9900,?,9,14.12,E,8,10.03,E,8,76.0,E,8,872.5394,E,8,999.0,E,8,2.77,E,8,-9900,?,9,-9900,?,9,0.0,E,8,-9900,?,9,-9900,?,9,0.0,0.0,E,8
06/26/2011,22:00,0.0,1320.923,0.0,1,8,0.0,1,8,0.0,1,8,0.0,1,8,0.0,1,8,0.0,1,8,-0.0,1,8,-9900,?,9,-9900,?,9,13.39,E,8,9.78,E,8,78.0,E,8,872.5394,E,8,999.0,E,8,2.42,E,8,-9900,?,9,-9900,?,9,0.0,E,8,-9900,?,9,-9900,?,9,0.0,0.0,E,8
06/26/2011,23:00,0.0,1320.923,0.0,1,8,0.0,1,8,0.0,1,8,0.0,1,8,0.0,1,8,0.0,1,8,-0.0,1,8,-9900,?,9,-9900,?,9,12.67,E,8,9.53,E,8,81.0,E,8,872.5394,E,8,999.0,E,8,2.31,E,8,-9900,?,9,-9900,?,9,0.0,E,8,-9900,?,9,-9900,?,9,0.0,0.0,E,8
06/26/2011,24:00,0.0,1320.923,0.0,1,8,0.0,1,8,0.0,1,8,0.0,1,8,0.0,1,8,0.0,1,8,-0.0,1,8,-9900,?,9,-9900,?,9,11.94,E,8,9.18,E,8,83.0,E,8,872.5394,E,8,999.0,E,8,8.88,E,8,-9900,?,9,-9900,?,9,0.0,E,8,-9900,?,9,-9900,?,9,0.0,0.0,E,8
06/27/2011,01:00,0.0,1320.923,0.0,1,8,0.0,1,8,0.0,1,8,0.0,1,8,0.0,1,8,0.0,1,8,-0.0,1,8,-9900,?,9,-9900,?,9,11.58,E,8,9.02,E,8,84.0,E,8,872.5394,E,8,999.0,E,8,9.83,E,8,-9900,?,9,-9900,?,9,0.0,E,8,-9900,?,9,-9900,?,9,0.0,0.0,E,8
06/27/2011,02:00,0.0,1320.923,0.0,1,8,0.0,1,8,0.0,1,8,0.0,1,8,0.0,1,8,0.0,1,8,-0.0,1,8,-9900,?,9,-9900,?,9,11.22,E,8,8.87,E,8,85.0,E,8,872.5394,E,8,999.0,E,8,5.68,E,8,-9900,?,9,-9900,?,9,0.0,E,8,-9900,?,9,-9900,?,9,0.0,0.0,E,8
06/27/2011,03:00,0.0,1320.923,0.0,1,8,0.0,1,8,0.0,1,8,0.0,1,8,0.0,1,8,0.0,1,8,-0.0,1,8,-9900,?,9,-9900,?,9,10.85,E,8,8.7,E,8,86.0,E,8,872.5394,E,8,999.0,E,8,4.99,E,8,-9900,?,9,-9900,?,9,0.0,E,8,-9900,?,9,-9900,?,9,0.0,0.0,E,8
06/27/2011,04:00,0.0,1320.821,0.0,1,8,0.0,1,8,0.0,1,8,0.0,1,8,0.0,1,8,0.0,1,8,-0.0,1,8,-9900,?,9,-9900,?,9,10.49,E,8,8.54,E,8,87.0,E,8,872.5394,E,8,999.0,E,8,2.54,E,8,-9900,?,9,-9900,?,9,0.0,E,8,-9900,?,9,-9900,?,9,0.0,0.0,E,8
06/27/2011,05:00,0.0,1320.821,0.0,1,8,0.0,1,8,0.0,1,8,0.0,1,8,0.0,1,8,0.0,1,8,-0.0,1,8,-9900,?,9,-9900,?,9,10.13,E,8,8.38,E,8,88.0,E,8,872.5394,E,8,999.0,E,8,1.69,E,8,-9900,?,9,-9900,?,9,0.0,E,8,-9900,?,9,-9900,?,9,0.0,0.0,E,8
06/27/2011,06:00,0.0,1320.821,0.0,1,8,0.0,1,8,0.0,1,8,0.0,1,8,0.0,1,8,0.0,1,8,-0.0,1,8,-9900,?,9,-9900,?,9,9.85,E,8,8.26,E,8,89.0,E,8,872.5394,E,8,999.0,E,8,2.1,E,8,-9900,?,9,-9900,?,9,0.0,E,8,-9900,?,9,-9900,?,9,0.0,0.0,E,8
06/27/2011,07:00,11.224,1320.821,0.0,1,8,0.0,1,8,0.0,1,8,0.0,1,8,0.0,1,8,0.0,1,8,0.0,1,8,-9900,?,9,-9900,?,9,9.61,E,8,8.15,E,8,90.0,E,8,872.5394,E,8,999.0,E,8,1.69,E,8,-9900,?,9,-9900,?,9,0.0,E,8,-9900,?,9,-9900,?,9,0.0,0.0,E,8
06/27/2011,08:00,284.089,1320.821,30.71,1,8,0.0,1,8,30.71,1,8,3685.2,1,8,0.0,1,8,3378.1,1,8,45.716,1,8,-9900,?,9,-9900,?,9,9.37,E,8,8.04,E,8,91.0,E,8,872.5394,E,8,999.0,E,8,1.69,E,8,-9900,?,9,-9900,?,9,0.0,E,8,-9900,?,9,-9900,?,9,0.0,0.0,E,8
06/27/2011,09:00,533.429,1320.821,163.72,1,8,21.915,1,8,154.883,1,8,19646.4,1,8,2081.897,1,8,17037.098,1,8,122.256,1,8,-9900,?,9,-9900,?,9,12.04,E,8,9.22,E,8,82.0,E,8,872.5394,E,8,999.0,E,8,2.82,E,8,-9900,?,9,-9900,?,9,0.0,E,8,-9900,?,9,-9900,?,9,0.0,0.0,E,8
06/27/2011,10:00,734.195,1320.821,290.54,1,8,69.325,1,8,252.03,1,8,34864.8,1,8,6585.89,1,8,27723.294,1,8,144.417,1,8,-9900,?,9,-9900,?,9,13.81,E,8,9.96,E,8,77.0,E,8,872.5394,E,8,999.0,E,8,3.93,E,8,-9900,?,9,-9900,?,9,0.0,E,8,-9900,?,9,-9900,?,9,0.0,0.0,E,8
06/27/2011,11:00,872.305,1320.821,387.93,1,8,122.113,1,8,307.314,1,8,46551.6,1,8,11600.691,1,8,33804.563,1,8,148.174,1,8,-9900,?,9,-9900,?,9,15.37,E,8,10.58,E,8,73.0,E,8,872.5394,E,8,999.0,E,8,4.4,E,8,-9900,?,9,-9900,?,9,0.0,E,8,-9900,?,9,-9900,?,9,0.0,0.0,E,8
06/27/2011,12:00,938.26,1320.821,446.96,1,8,126.281,1,8,357.281,1,8,53635.2,1,8,11996.716,1,8,39300.857,1,8,160.142,1,8,-9900,?,9,-9900,?,9,16.62,E,8,11.06,E,8,69.0,E,8,872.5394,E,8,999.0,E,8,5.24,E,8,-9900,?,9,-9900,?,9,0.0,E,8,-9900,?,9,-9900,?,9,0.0,0.0,E,8
06/27/2011,13:00,927.541,1320.821,462.98,1,8,153.388,1,8,355.297,1,8,55557.6,1,8,14571.835,1,8,39082.617,1,8,161.095,1,8,-9900,?,9,-9900,?,9,17.54,E,8,11.41,E,8,67.0,E,8,872.5394,E,8,999.0,E,8,8.57,E,8,-9900,?,9,-9900,?,9,0.0,E,8,-9900,?,9,-9900,?,9,0.0,0.0,E,8
06/27/2011,14:00,840.882,1320.821,434.75,1,8,190.05,1,8,313.809,1,8,52170.0,1,8,18054.771,1,8,34519.026,1,8,156.968,1,8,-9900,?,9,-9900,?,9,18.08,E,8,11.61,E,8,65.0,E,8,872.5394,E,8,999.0,E,8,11.3,E,8,-9900,?,9,-9900,?,9,0.0,E,8,-9900,?,9,-9900,?,9,0.0,0.0,E,8
06/27/2011,15:00,684.219,1320.821,364.45,1,8,290.418,1,8,214.126,1,8,43734.0,1,8,27589.697,1,8,23553.862,1,8,131.678,1,8,-9900,?,9,-9900,?,9,18.24,E,8,11.67,E,8,65.0,E,8,872.5394,E,8,999.0,E,8,11.87,E,8,-9900,?,9,-9900,?,9,0.0,E,8,-9900,?,9,-9900,?,9,0.0,0.0,E,8
06/27/2011,16:00,468.355,1320.821,257.75,1,8,365.825,1,8,128.292,1,8,30930.0,1,8,34753.335,1,8,14112.169,1,8,115.398,1,8,-9900,?,9,-9900,?,9,17.9,E,8,11.54,E,8,66.0,E,8,872.5394,E,8,999.0,E,8,6.5,E,8,-9900,?,9,-9900,?,9,0.0,E,8,-9900,?,9,-9900,?,9,0.0,0.0,E,8
06/27/2011,17:00,208.715,1320.821,69.7,1,8,90.724,1,8,55.518,1,8,8364.0,1,8,8618.746,1,8,6107.029,1,8,113.054,1,8,-9900,?,9,-9900,?,9,16.75,E,8,11.11,E,8,69.0,E,8,872.5394,E,8,999.0,E,8,5.45,E,8,-9900,?,9,-9900,?,9,0.0,E,8,-9900,?,9,-9900,?,9,0.0,0.0,E,8
06/27/2011,18:00,0.0,1320.821,6.38,1,8,0.0,1,8,0.0,1,8,765.6,1,8,0.0,1,8,0.0,1,8,-0.0,1,8,-9900,?,9,-9900,?,9,16.1,E,8,10.86,E,8,71.0,E,8,872.5394,E,8,999.0,E,8,3.38,E,8,-9900,?,9,-9900,?,9,0.0,E,8,-9900,?,9,-9900,?,9,0.0,0.0,E,8
06/27/2011,19:00,0.0,1320.821,0.0,1,8,0.0,1,8,0.0,1,8,0.0,1,8,0.0,1,8,0.0,1,8,-0.0,1,8,-9900,?,9,-9900,?,9,15.44,E,8,10.61,E,8,72.0,E,8,872.5394,E,8,999.0,E,8,1.69,E,8,-9900,?,9,-9900,?,9,0.0,E,8,-9900,?,9,-9900,?,9,0.0,0.0,E,8
06/27/2011,20:00,0.0,1320.821,0.0,1,8,0.0,1,8,0.0,1,8,0.0,1,8,0.0,1,8,0.0,1,8,-0.0,1,8,-9900,?,9,-9900,?,9,14.78,E,8,10.35,E,8,74.0,E,8,872.5394,E,8,999.0,E,8,1.69,E,8,-9900,?,9,-9900,?,9,0.0,E,8,-9900,?,9,-9900,?,9,0.0,0.0,E,8
06/27/2011,21:00,0.0,1320.821,0.0,1,8,0.0,1,8,0.0,1,8,0.0,1,8,0.0,1,8,0.0,1,8,-0.0,1,8,-9900,?,9,-9900,?,9,14.12,E,8,10.08,E,8,76.0,E,8,872.5394,E,8,999.0,E,8,1.69,E,8,-9900,?,9,-9900,?,9,0.0,E,8,-9900,?,9,-9900,?,9,0.0,0.0,E,8
06/27/2011,22:00,0.0,1320.821,0.0,1,8,0.0,1,8,0.0,1,8,0.0,1,8,0.0,1,8,0.0,1,8,-0.0,1,8,-9900,?,9,-9900,?,9,13.46,E,8,9.81,E,8,78.0,E,8,872.5394,E,8,999.0,E,8,1.69,E,8,-9900,?,9,-9900,?,9,0.0,E,8,-9900,?,9,-9900,?,9,0.0,0.0,E,8
06/27/2011,23:00,0.0,1320.821,0.0,1,8,0.0,1,8,0.0,1,8,0.0,1,8,0.0,1,8,0.0,1,8,-0.0,1,8,-9900,?,9,-9900,?,9,12.81,E,8,9.54,E,8,80.0,E,8,872.5394,E,8,999.0,E,8,1.69,E,8,-9900,?,9,-9900,?,9,0.0,E,8,-9900,?,9,-9900,?,9,0.0,0.0,E,8
06/27/2011,24:00,0.0,1320.821,0.0,1,8,0.0,1,8,0.0,1,8,0.0,1,8,0.0,1,8,0.0,1,8,-0.0,1,8,-9900,?,9,-9900,?,9,12.15,E,8,9.91,E,8,86.0,E,8,872.5394,E,8,999.0,E,8,0.32,E,8,-9900,?,9,-9900,?,9,0.0,E,8,-9900,?,9,-9900,?,9,0.0,0.0,E,8
06/28/2011,01:00,0.0,1320.821,0.0,1,8,0.0,1,8,0.0,1,8,0.0,1,8,0.0,1,8,0.0,1,8,-0.0,1,8,-9900,?,9,-9900,?,9,11.82,E,8,9.83,E,8,87.0,E,8,872.5394,E,8,999.0,E,8,0.32,E,8,-9900,?,9,-9900,?,9,0.0,E,8,-9900,?,9,-9900,?,9,0.0,0.0,E,8
06/28/2011,02:00,0.0,1320.821,0.0,1,8,0.0,1,8,0.0,1,8,0.0,1,8,0.0,1,8,0.0,1,8,-0.0,1,8,-9900,?,9,-9900,?,9,11.49,E,8,9.74,E,8,88.0,E,8,872.5394,E,8,999.0,E,8,0.32,E,8,-9900,?,9,-9900,?,9,0.0,E,8,-9900,?,9,-9900,?,9,0.0,0.0,E,8
06/28/2011,03:00,0.0,1320.821,0.0,1,8,0.0,1,8,0.0,1,8,0.0,1,8,0.0,1,8,0.0,1,8,-0.0,1,8,-9900,?,9,-9900,?,9,11.16,E,8,9.65,E,8,90.0,E,8,872.5394,E,8,999.0,E,8,0.32,E,8,-9900,?,9,-9900,?,9,0.0,E,8,-9900,?,9,-9900,?,9,0.0,0.0,E,8
06/28/2011,04:00,0.0,1320.731,0.0,1,8,0.0,1,8,0.0,1,8,0.0,1,8,0.0,1,8,0.0,1,8,-0.0,1,8,-9900,?,9,-9900,?,9,10.83,E,8,9.56,E,8,91.0,E,8,872.5394,E,8,999.0,E,8,0.32,E,8,-9900,?,9,-9900,?,9,0.0,E,8,-9900,?,9,-9900,?,9,0.0,0.0,E,8
06/28/2011,05:00,0.0,1320.731,0.0,1,8,0.0,1,8,0.0,1,8,0.0,1,8,0.0,1,8,0.0,1,8,-0.0,1,8,-9900,?,9,-9900,?,9,10.5,E,8,9.47,E,8,93.0,E,8,872.5394,E,8,999.0,E,8,0.32,E,8,-9900,?,9,-9900,?,9,0.0,E,8,-9900,?,9,-9900,?,9,0.0,0.0,E,8
06/28/2011,06:00,0.0,1320.731,0.0,1,8,0.0,1,8,0.0,1,8,0.0,1,8,0.0,1,8,0.0,1,8,-0.0,1,8,-9900,?,9,-9900,?,9,10.25,E,8,9.4,E,8,94.0,E,8,872.5394,E,8,999.0,E,8,0.32,E,8,-9900,?,9,-9900,?,9,0.0,E,8,-9900,?,9,-9900,?,9,0.0,0.0,E,8
06/28/2011,07:00,10.669,1320.731,0.0,1,8,0.0,1,8,0.0,1,8,0.0,1,8,0.0,1,8,0.0,1,8,-0.0,1,8,-9900,?,9,-9900,?,9,10.03,E,8,9.34,E,8,95.0,E,8,872.5394,E,8,999.0,E,8,0.32,E,8,-9900,?,9,-9900,?,9,0.0,E,8,-9900,?,9,-9900,?,9,0.0,0.0,E,8
06/28/2011,08:00,283.593,1320.731,30.31,1,8,0.0,1,8,30.31,1,8,3637.2,1,8,0.0,1,8,3334.1,1,8,45.197,1,8,-9900,?,9,-9900,?,9,9.81,E,8,9.29,E,8,96.0,E,8,872.5394,E,8,999.0,E,8,0.32,E,8,-9900,?,9,-9900,?,9,0.0,E,8,-9900,?,9,-9900,?,9,0.0,0.0,E,8
06/28/2011,09:00,533.137,1320.731,134.69,1,8,4.571,1,8,132.847,1,8,16162.8,1,8,434.269,1,8,14613.224,1,8,104.913,1,8,-9900,?,9,-9900,?,9,12.2,E,8,9.93,E,8,85.0,E,8,872.5394,E,8,999.0,E,8,0.32,E,8,-9900,?,9,-9900,?,9,0.0,E,8,-9900,?,9,-9900,?,9,0.0,0.0,E,8
06/28/2011,10:00,734.153,1320.731,209.86,1,8,7.339,1,8,205.783,1,8,25183.2,1,8,697.212,1,8,22636.142,1,8,117.916,1,8,-9900,?,9,-9900,?,9,13.42,E,8,10.24,E,8,81.0,E,8,872.5394,E,8,999.0,E,8,0.36,E,8,-9900,?,9,-9900,?,9,0.0,E,8,-9900,?,9,-9900,?,9,0.0,0.0,E,8
06/28/2011,11:00,872.538,1320.731,280.32,1,8,8.394,1,8,274.777,1,8,33638.4,1,8,797.435,1,8,30225.424,1,8,132.442,1,8,-9900,?,9,-9900,?,9,14.54,E,8,10.53,E,8,76.0,E,8,872.5394,E,8,999.0,E,8,1.04,E,8,-9900,?,9,-9900,?,9,0.0,E,8,-9900,?,9,-9900,?,9,0.0,0.0,E,8
06/28/2011,12:00,938.775,1320.731,323.07,1,8,10.534,1,8,315.585,1,8,38768.4,1,8,1000.692,1,8,34714.336,1,8,141.366,1,8,-9900,?,9,-9900,?,9,15.46,E,8,10.76,E,8,73.0,E,8,872.5394,E,8,999.0,E,8,1.2,E,8,-9900,?,9,-9900,?,9,0.0,E,8,-9900,?,9,-9900,?,9,0.0,0.0,E,8
06/28/2011,13:00,928.326,1320.731,334.75,1,8,12.728,1,8,325.806,1,8,40170.0,1,8,1209.155,1,8,35838.7,1,8,147.589,1,8,-9900,?,9,-9900,?,9,16.13,E,8,10.93,E,8,71.0,E,8,872.5394,E,8,999.0,E,8,1.71,E,8,-9900,?,9,-9900,?,9,0.0,E,8,-9900,?,9,-9900,?,9,0.0,0.0,E,8
06/28/2011,14:00,841.904,1320.731,314.47,1,8,24.359,1,8,298.949,1,8,37736.4,1,8,2314.086,1,8,32884.396,1,8,149.343,1,8,-9900,?,9,-9900,?,9,16.53,E,8,11.03,E,8,69.0,E,8,872.5394,E,8,999.0,E,8,2.78,E,8,-9900,?,9,-9900,?,9,0.0,E,8,-9900,?,9,-9900,?,9,0.0,0.0,E,8
06/28/2011,15:00,685.433,1320.731,263.79,1,8,43.008,1,8,241.488,1,8,31654.8,1,8,4085.737,1,8,26563.632,1,8,148.231,1,8,-9900,?,9,-9900,?,9,16.64,E,8,11.05,E,8,69.0,E,8,872.5394,E,8,999.0,E,8,3.23,E,8,-9900,?,9,-9900,?,9,0.0,E,8,-9900,?,9,-9900,?,9,0.0,0.0,E,8
06/28/2011,16:00,469.697,1320.731,186.78,1,8,109.302,1,8,147.986,1,8,22413.6,1,8,10383.693,1,8,16278.5,1,8,132.721,1,8,-9900,?,9,-9900,?,9,16.37,E,8,10.99,E,8,70.0,E,8,872.5394,E,8,999.0,E,8,2.36,E,8,-9900,?,9,-9900,?,9,0.0,E,8,-9900,?,9,-9900,?,9,0.0,0.0,E,8
06/28/2011,17:00,210.107,1320.731,91.22,1,8,256.013,1,8,50.926,1,8,10946.4,1,8,24321.238,1,8,5601.832,1,8,102.993,1,8,-9900,?,9,-9900,?,9,15.68,E,8,10.82,E,8,72.0,E,8,872.5394,E,8,999.0,E,8,2.02,E,8,-9900,?,9,-9900,?,9,0.0,E,8,-9900,?,9,-9900,?,9,0.0,0.0,E,8
06/28/2011,18:00,0.0,1320.731,4.83,1,8,0.0,1,8,0.0,1,8,579.6,1,8,0.0,1,8,0.0,1,8,-0.0,1,8,-9900,?,9,-9900,?,9,15.04,E,8,10.66,E,8,75.0,E,8,872.5394,E,8,999.0,E,8,1.12,E,8,-9900,?,9,-9900,?,9,0.0,E,8,-9900,?,9,-9900,?,9,0.0,0.0,E,8
06/28/2011,19:00,0.0,1320.731,0.0,1,8,0.0,1,8,0.0,1,8,0.0,1,8,0.0,1,8,0.0,1,8,-0.0,1,8,-9900,?,9,-9900,?,9,14.39,E,8,10.49,E,8,77.0,E,8,872.5394,E,8,999.0,E,8,0.64,E,8,-9900,?,9,-9900,?,9,0.0,E,8,-9900,?,9,-9900,?,9,0.0,0.0,E,8
06/28/2011,20:00,0.0,1320.731,0.0,1,8,0.0,1,8,0.0,1,8,0.0,1,8,0.0,1,8,0.0,1,8,-0.0,1,8,-9900,?,9,-9900,?,9,13.74,E,8,10.33,E,8,79.0,E,8,872.5394,E,8,999.0,E,8,0.32,E,8,-9900,?,9,-9900,?,9,0.0,E,8,-9900,?,9,-9900,?,9,0.0,0.0,E,8
06/28/2011,21:00,0.0,1320.731,0.0,1,8,0.0,1,8,0.0,1,8,0.0,1,8,0.0,1,8,0.0,1,8,-0.0,1,8,-9900,?,9,-9900,?,9,13.1,E,8,10.16,E,8,82.0,E,8,872.5394,E,8,999.0,E,8,0.36,E,8,-9900,?,9,-9900,?,9,0.0,E,8,-9900,?,9,-9900,?,9,0.0,0.0,E,8
06/28/2011,22:00,0.0,1320.731,0.0,1,8,0.0,1,8,0.0,1,8,0.0,1,8,0.0,1,8,0.0,1,8,-0.0,1,8,-9900,?,9,-9900,?,9,12.45,E,8,9.99,E,8,84.0,E,8,872.5394,E,8,999.0,E,8,0.36,E,8,-9900,?,9,-9900,?,9,0.0,E,8,-9900,?,9,-9900,?,9,0.0,0.0,E,8
06/28/2011,23:00,0.0,1320.731,0.0,1,8,0.0,1,8,0.0,1,8,0.0,1,8,0.0,1,8,0.0,1,8,-0.0,1,8,-9900,?,9,-9900,?,9,11.8,E,8,9.82,E,8,87.0,E,8,872.5394,E,8,999.0,E,8,0.32,E,8,-9900,?,9,-9900,?,9,0.0,E,8,-9900,?,9,-9900,?,9,0.0,0.0,E,8
06/28/2011,24:00,0.0,1320.731,0.0,1,8,0.0,1,8,0.0,1,8,0.0,1,8,0.0,1,8,0.0,1,8,-0.0,1,8,-9900,?,9,-9900,?,9,11.16,E,8,8.57,E,8,84.0,E,8,872.5394,E,8,999.0,E,8,0.45,E,8,-9900,?,9,-9900,?,9,0.0,E,8,-9900,?,9,-9900,?,9,0.0,0.0,E,8
06/29/2011,01:00,0.0,1320.731,0.0,1,8,0.0,1,8,0.0,1,8,0.0,1,8,0.0,1,8,0.0,1,8,-0.0,1,8,-9900,?,9,-9900,?,9,10.84,E,8,8.47,E,8,85.0,E,8,872.5394,E,8,999.0,E,8,0.45,E,8,-9900,?,9,-9900,?,9,0.0,E,8,-9900,?,9,-9900,?,9,0.0,0.0,E,8
06/29/2011,02:00,0.0,1320.731,0.0,1,8,0.0,1,8,0.0,1,8,0.0,1,8,0.0,1,8,0.0,1,8,-0.0,1,8,-9900,?,9,-9900,?,9,10.51,E,8,8.36,E,8,86.0,E,8,872.5394,E,8,999.0,E,8,0.45,E,8,-9900,?,9,-9900,?,9,0.0,E,8,-9900,?,9,-9900,?,9,0.0,0.0,E,8
06/29/2011,03:00,0.0,1320.731,0.0,1,8,0.0,1,8,0.0,1,8,0.0,1,8,0.0,1,8,0.0,1,8,-0.0,1,8,-9900,?,9,-9900,?,9,10.19,E,8,8.26,E,8,87.0,E,8,872.5394,E,8,999.0,E,8,0.45,E,8,-9900,?,9,-9900,?,9,0.0,E,8,-9900,?,9,-9900,?,9,0.0,0.0,E,8
06/29/2011,04:00,0.0,1320.654,0.0,1,8,0.0,1,8,0.0,1,8,0.0,1,8,0.0,1,8,0.0,1,8,-0.0,1,8,-9900,?,9,-9900,?,9,9.87,E,8,8.15,E,8,89.0,E,8,872.5394,E,8,999.0,E,8,0.45,E,8,-9900,?,9,-9900,?,9,0.0,E,8,-9900,?,9,-9900,?,9,0.0,0.0,E,8
06/29/2011,05:00,0.0,1320.654,0.0,1,8,0.0,1,8,0.0,1,8,0.0,1,8,0.0,1,8,0.0,1,8,-0.0,1,8,-9900,?,9,-9900,?,9,9.54,E,8,8.04,E,8,90.0,E,8,872.5394,E,8,999.0,E,8,0.45,E,8,-9900,?,9,-9900,?,9,0.0,E,8,-9900,?,9,-9900,?,9,0.0,0.0,E,8
06/29/2011,06:00,0.0,1320.654,0.0,1,8,0.0,1,8,0.0,1,8,0.0,1,8,0.0,1,8,0.0,1,8,-0.0,1,8,-9900,?,9,-9900,?,9,9.29,E,8,7.96,E,8,91.0,E,8,872.5394,E,8,999.0,E,8,0.45,E,8,-9900,?,9,-9900,?,9,0.0,E,8,-9900,?,9,-9900,?,9,0.0,0.0,E,8
06/29/2011,07:00,10.179,1320.654,0.0,1,8,0.0,1,8,0.0,1,8,0.0,1,8,0.0,1,8,0.0,1,8,-0.0,1,8,-9900,?,9,-9900,?,9,9.08,E,8,7.89,E,8,92.0,E,8,872.5394,E,8,999.0,E,8,0.45,E,8,-9900,?,9,-9900,?,9,0.0,E,8,-9900,?,9,-9900,?,9,0.0,0.0,E,8
06/29/2011,08:00,283.187,1320.654,42.27,1,8,0.0,1,8,42.27,1,8,5072.4,1,8,0.0,1,8,4649.7,1,8,63.119,1,8,-9900,?,9,-9900,?,9,8.87,E,8,7.82,E,8,93.0,E,8,872.5394,E,8,999.0,E,8,0.45,E,8,-9900,?,9,-9900,?,9,0.0,E,8,-9900,?,9,-9900,?,9,0.0,0.0,E,8
06/29/2011,09:00,532.949,1320.654,201.94,1,8,84.633,1,8,167.837,1,8,24232.8,1,8,8040.179,1,8,18462.108,1,8,132.584,1,8,-9900,?,9,-9900,?,9,11.81,E,8,8.78,E,8,81.0,E,8,872.5394,E,8,999.0,E,8,0.45,E,8,-9900,?,9,-9900,?,9,0.0,E,8,-9900,?,9,-9900,?,9,0.0,0.0,E,8
06/29/2011,10:00,734.223,1320.654,356.05,1,8,167.313,1,8,263.093,1,8,42726.0,1,8,15894.723,1,8,28940.187,1,8,150.732,1,8,-9900,?,9,-9900,?,9,13.69,E,8,9.36,E,8,75.0,E,8,872.5394,E,8,999.0,E,8,0.45,E,8,-9900,?,9,-9900,?,9,0.0,E,8,-9900,?,9,-9900,?,9,0.0,0.0,E,8
06/29/2011,11:00,872.888,1320.654,504.94,1,8,312.548,1,8,298.439,1,8,60592.8,1,8,29692.034,1,8,32828.308,1,8,143.781,1,8,-9900,?,9,-9900,?,9,15.53,E,8,9.92,E,8,69.0,E,8,872.5394,E,8,999.0,E,8,0.81,E,8,-9900,?,9,-9900,?,9,0.0,E,8,-9900,?,9,-9900,?,9,0.0,0.0,E,8
06/29/2011,12:00,939.408,1320.654,503.64,1,8,174.993,1,8,379.2,1,8,60436.8,1,8,16624.307,1,8,41711.975,1,8,169.737,1,8,-9900,?,9,-9900,?,9,16.63,E,8,10.24,E,8,65.0,E,8,872.5394,E,8,999.0,E,8,1.5,E,8,-9900,?,9,-9900,?,9,0.0,E,8,-9900,?,9,-9900,?,9,0.0,0.0,E,8
06/29/2011,13:00,929.224,1320.654,575.41,1,8,380.814,1,8,307.546,1,8,69049.2,1,8,36177.303,1,8,33830.079,1,8,139.174,1,8,-9900,?,9,-9900,?,9,17.65,E,8,10.53,E,8,63.0,E,8,872.5394,E,8,999.0,E,8,2.81,E,8,-9900,?,9,-9900,?,9,0.0,E,8,-9900,?,9,-9900,?,9,0.0,0.0,E,8
06/29/2011,14:00,843.032,1320.654,438.06,1,8,209.602,1,8,304.319,1,8,52567.2,1,8,19912.16,1,8,33475.087,1,8,151.813,1,8,-9900,?,9,-9900,?,9,17.9,E,8,10.6,E,8,62.0,E,8,872.5394,E,8,999.0,E,8,2.83,E,8,-9900,?,9,-9900,?,9,0.0,E,8,-9900,?,9,-9900,?,9,0.0,0.0,E,8
06/29/2011,15:00,686.739,1320.654,464.92,1,8,584.425,1,8,161.259,1,8,55790.4,1,8,55520.39,1,8,17738.541,1,8,98.791,1,8,-9900,?,9,-9900,?,9,18.18,E,8,10.68,E,8,61.0,E,8,872.5394,E,8,999.0,E,8,2.13,E,8,-9900,?,9,-9900,?,9,0.0,E,8,-9900,?,9,-9900,?,9,0.0,0.0,E,8
06/29/2011,16:00,471.116,1320.654,308.51,1,8,603.291,1,8,93.727,1,8,37021.2,1,8,57312.627,1,8,10309.923,1,8,83.799,1,8,-9900,?,9,-9900,?,9,17.82,E,8,10.58,E,8,62.0,E,8,872.5394,E,8,999.0,E,8,1.44,E,8,-9900,?,9,-9900,?,9,0.0,E,8,-9900,?,9,-9900,?,9,0.0,0.0,E,8
06/29/2011,17:00,211.559,1320.654,204.13,1,8,329.162,1,8,151.954,1,8,24495.6,1,8,31270.381,1,8,16714.958,1,8,305.143,1,8,-9900,?,9,-9900,?,9,17.11,E,8,10.38,E,8,64.0,E,8,872.5394,E,8,999.0,E,8,1.06,E,8,-9900,?,9,-9900,?,9,0.0,E,8,-9900,?,9,-9900,?,9,0.0,0.0,E,8
06/29/2011,18:00,0.0,1320.654,12.86,1,8,0.0,1,8,0.0,1,8,1543.2,1,8,0.0,1,8,0.0,1,8,-0.0,1,8,-9900,?,9,-9900,?,9,16.26,E,8,10.13,E,8,67.0,E,8,872.5394,E,8,999.0,E,8,0.83,E,8,-9900,?,9,-9900,?,9,0.0,E,8,-9900,?,9,-9900,?,9,0.0,0.0,E,8
06/29/2011,19:00,0.0,1320.654,0.0,1,8,0.0,1,8,0.0,1,8,0.0,1,8,0.0,1,8,0.0,1,8,-0.0,1,8,-9900,?,9,-9900,?,9,15.41,E,8,9.88,E,8,69.0,E,8,872.5394,E,8,999.0,E,8,0.77,E,8,-9900,?,9,-9900,?,9,0.0,E,8,-9900,?,9,-9900,?,9,0.0,0.0,E,8
06/29/2011,20:00,0.0,1320.654,0.0,1,8,0.0,1,8,0.0,1,8,0.0,1,8,0.0,1,8,0.0,1,8,-0.0,1,8,-9900,?,9,-9900,?,9,14.55,E,8,9.62,E,8,72.0,E,8,872.5394,E,8,999.0,E,8,0.52,E,8,-9900,?,9,-9900,?,9,0.0,E,8,-9900,?,9,-9900,?,9,0.0,0.0,E,8
06/29/2011,21:00,0.0,1320.654,0.0,1,8,0.0,1,8,0.0,1,8,0.0,1,8,0.0,1,8,0.0,1,8,-0.0,1,8,-9900,?,9,-9900,?,9,13.7,E,8,9.37,E,8,75.0,E,8,872.5394,E,8,999.0,E,8,0.45,E,8,-9900,?,9,-9900,?,9,0.0,E,8,-9900,?,9,-9900,?,9,0.0,0.0,E,8
06/29/2011,22:00,0.0,1320.654,0.0,1,8,0.0,1,8,0.0,1,8,0.0,1,8,0.0,1,8,0.0,1,8,-0.0,1,8,-9900,?,9,-9900,?,9,12.85,E,8,9.1,E,8,77.0,E,8,872.5394,E,8,999.0,E,8,0.45,E,8,-9900,?,9,-9900,?,9,0.0,E,8,-9900,?,9,-9900,?,9,0.0,0.0,E,8
06/29/2011,23:00,0.0,1320.654,0.0,1,8,0.0,1,8,0.0,1,8,0.0,1,8,0.0,1,8,0.0,1,8,-0.0,1,8,-9900,?,9,-9900,?,9,11.99,E,8,8.84,E,8,81.0,E,8,872.5394,E,8,999.0,E,8,0.45,E,8,-9900,?,9,-9900,?,9,0.0,E,8,-9900,?,9,-9900,?,9,0.0,0.0,E,8
06/29/2011,24:00,0.0,1320.654,0.0,1,8,0.0,1,8,0.0,1,8,0.0,1,8,0.0,1,8,0.0,1,8,-0.0,1,8,-9900,?,9,-9900,?,9,11.14,E,8,7.84,E,8,80.0,E,8,872.5394,E,8,999.0,E,8,0.41,E,8,-9900,?,9,-9900,?,9,0.0,E,8,-9900,?,9,-9900,?,9,0.0,0.0,E,8
06/30/2011,01:00,0.0,1320.654,0.0,1,8,0.0,1,8,0.0,1,8,0.0,1,8,0.0,1,8,0.0,1,8,-0.0,1,8,-9900,?,9,-9900,?,9,10.71,E,8,7.81,E,8,82.0,E,8,872.5394,E,8,999.0,E,8,0.41,E,8,-9900,?,9,-9900,?,9,0.0,E,8,-9900,?,9,-9900,?,9,0.0,0.0,E,8
06/30/2011,02:00,0.0,1320.654,0.0,1,8,0.0,1,8,0.0,1,8,0.0,1,8,0.0,1,8,0.0,1,8,-0.0,1,8,-9900,?,9,-9900,?,9,10.29,E,8,7.78,E,8,84.0,E,8,872.5394,E,8,999.0,E,8,0.41,E,8,-9900,?,9,-9900,?,9,0.0,E,8,-9900,?,9,-9900,?,9,0.0,0.0,E,8
06/30/2011,03:00,0.0,1320.654,0.0,1,8,0.0,1,8,0.0,1,8,0.0,1,8,0.0,1,8,0.0,1,8,-0.0,1,8,-9900,?,9,-9900,?,9,9.86,E,8,7.74,E,8,86.0,E,8,872.5394,E,8,999.0,E,8,0.41,E,8,-9900,?,9,-9900,?,9,0.0,E,8,-9900,?,9,-9900,?,9,0.0,0.0,E,8
06/30/2011,04:00,0.0,1320.589,0.0,1,8,0.0,1,8,0.0,1,8,0.0,1,8,0.0,1,8,0.0,1,8,-0.0,1,8,-9900,?,9,-9900,?,9,9.43,E,8,7.71,E,8,89.0,E,8,872.5394,E,8,999.0,E,8,0.41,E,8,-9900,?,9,-9900,?,9,0.0,E,8,-9900,?,9,-9900,?,9,0.0,0.0,E,8
06/30/2011,05:00,0.0,1320.589,0.0,1,8,0.0,1,8,0.0,1,8,0.0,1,8,0.0,1,8,0.0,1,8,-0.0,1,8,-9900,?,9,-9900,?,9,9.01,E,8,7.68,E,8,91.0,E,8,872.5394,E,8,999.0,E,8,0.41,E,8,-9900,?,9,-9900,?,9,0.0,E,8,-9900,?,9,-9900,?,9,0.0,0.0,E,8
06/30/2011,06:00,0.0,1320.589,0.0,1,8,0.0,1,8,0.0,1,8,0.0,1,8,0.0,1,8,0.0,1,8,-0.0,1,8,-9900,?,9,-9900,?,9,8.68,E,8,7.65,E,8,93.0,E,8,872.5394,E,8,999.0,E,8,0.41,E,8,-9900,?,9,-9900,?,9,0.0,E,8,-9900,?,9,-9900,?,9,0.0,0.0,E,8
06/30/2011,07:00,9.754,1320.589,0.0,1,8,0.0,1,8,0.0,1,8,0.0,1,8,0.0,1,8,0.0,1,8,-0.0,1,8,-9900,?,9,-9900,?,9,8.4,E,8,7.63,E,8,94.0,E,8,872.5394,E,8,999.0,E,8,0.41,E,8,-9900,?,9,-9900,?,9,0.0,E,8,-9900,?,9,-9900,?,9,0.0,0.0,E,8
06/30/2011,08:00,282.872,1320.589,34.42,1,8,0.0,1,8,34.42,1,8,4130.4,1,8,0.0,1,8,3786.2,1,8,51.452,1,8,-9900,?,9,-9900,?,9,8.12,E,8,7.61,E,8,96.0,E,8,872.5394,E,8,999.0,E,8,0.41,E,8,-9900,?,9,-9900,?,9,0.0,E,8,-9900,?,9,-9900,?,9,0.0,0.0,E,8
06/30/2011,09:00,532.865,1320.589,185.69,1,8,89.091,1,8,149.795,1,8,22282.8,1,8,8463.657,1,8,16477.458,1,8,118.345,1,8,-9900,?,9,-9900,?,9,10.84,E,8,7.82,E,8,81.0,E,8,872.5394,E,8,999.0,E,8,0.69,E,8,-9900,?,9,-9900,?,9,0.0,E,8,-9900,?,9,-9900,?,9,0.0,0.0,E,8
06/30/2011,10:00,734.407,1320.589,140.77,1,8,11.402,1,8,134.433,1,8,16892.4,1,8,1083.164,1,8,14787.676,1,8,76.997,1,8,-9900,?,9,-9900,?,9,11.1,E,8,7.84,E,8,80.0,E,8,872.5394,E,8,999.0,E,8,0.77,E,8,-9900,?,9,-9900,?,9,0.0,E,8,-9900,?,9,-9900,?,9,0.0,0.0,E,8
06/30/2011,11:00,873.357,1320.589,284.14,1,8,28.006,1,8,265.626,1,8,34096.8,1,8,2660.531,1,8,29218.839,1,8,127.897,1,8,-9900,?,9,-9900,?,9,12.11,E,8,7.92,E,8,75.0,E,8,872.5394,E,8,999.0,E,8,1.41,E,8,-9900,?,9,-9900,?,9,0.0,E,8,-9900,?,9,-9900,?,9,0.0,0.0,E,8
06/30/2011,12:00,940.159,1320.589,466.39,1,8,189.451,1,8,331.554,1,8,55966.8,1,8,17997.832,1,8,36470.931,1,8,148.284,1,8,-9900,?,9,-9900,?,9,13.62,E,8,8.03,E,8,68.0,E,8,872.5394,E,8,999.0,E,8,2.02,E,8,-9900,?,9,-9900,?,9,0.0,E,8,-9900,?,9,-9900,?,9,0.0,0.0,E,8
06/30/2011,13:00,930.236,1320.589,676.93,1,8,605.726,1,8,250.378,1,8,81231.6,1,8,57543.981,1,8,27541.572,1,8,113.175,1,8,-9900,?,9,-9900,?,9,15.5,E,8,8.18,E,8,61.0,E,8,872.5394,E,8,999.0,E,8,2.49,E,8,-9900,?,9,-9900,?,9,0.0,E,8,-9900,?,9,-9900,?,9,0.0,0.0,E,8
06/30/2011,14:00,844.264,1320.589,734.41,1,8,841.755,1,8,196.497,1,8,88129.2,1,8,79966.693,1,8,21614.703,1,8,97.877,1,8,-9900,?,9,-9900,?,9,17.04,E,8,8.29,E,8,56.0,E,8,872.5394,E,8,999.0,E,8,2.87,E,8,-9900,?,9,-9900,?,9,0.0,E,8,-9900,?,9,-9900,?,9,0.0,0.0,E,8
06/30/2011,15:00,688.136,1320.589,513.83,1,8,670.586,1,8,164.674,1,8,61659.6,1,8,63705.71,1,8,18114.092,1,8,100.672,1,8,-9900,?,9,-9900,?,9,17.52,E,8,8.33,E,8,54.0,E,8,872.5394,E,8,999.0,E,8,2.5,E,8,-9900,?,9,-9900,?,9,0.0,E,8,-9900,?,9,-9900,?,9,0.0,0.0,E,8
06/30/2011,16:00,472.611,1320.589,214.19,1,8,191.445,1,8,145.811,1,8,25702.8,1,8,18187.258,1,8,16039.242,1,8,129.946,1,8,-9900,?,9,-9900,?,9,16.75,E,8,8.27,E,8,57.0,E,8,872.5394,E,8,999.0,E,8,1.55,E,8,-9900,?,9,-9900,?,9,0.0,E,8,-9900,?,9,-9900,?,9,0.0,0.0,E,8
06/30/2011,17:00,213.069,1320.589,71.91,1,8,47.785,1,8,64.28,1,8,8629.2,1,8,4539.575,1,8,7070.8,1,8,128.142,1,8,-9900,?,9,-9900,?,9,15.53,E,8,8.18,E,8,61.0,E,8,872.5394,E,8,999.0,E,8,0.62,E,8,-9900,?,9,-9900,?,9,0.0,E,8,-9900,?,9,-9900,?,9,0.0,0.0,E,8
06/30/2011,18:00,0.0,1320.589,58.892,1,8,0.0,1,8,0.0,1,8,7067.04,1,8,0.0,1,8,0.0,1,8,-0.0,1,8,-9900,?,9,-9900,?,9,14.938,E,8,8.134,E,8,63.4,E,8,872.5394,E,8,999.0,E,8,0.68,E,8,-9900,?,9,-9900,?,9,0.0,E,8,-9900,?,9,-9900,?,9,0.0,0.0,E,8
06/30/2011,19:00,0.0,1320.589,16.054,1,8,0.0,1,8,0.0,1,8,1926.48,1,8,0.0,1,8,0.0,1,8,-0.0,1,8,-9900,?,9,-9900,?,9,14.138,E,8,8.074,E,8,66.4,E,8,872.5394,E,8,999.0,E,8,0.452,E,8,-9900,?,9,-9900,?,9,0.0,E,8,-9900,?,9,-9900,?,9,0.0,0.0,E,8
06/30/2011,20:00,0.0,1320.589,1.672,1,8,0.0,1,8,0.0,1,8,200.64,1,8,0.0,1,8,0.0,1,8,-0.0,1,8,-9900,?,9,-9900,?,9,13.444,E,8,8.02,E,8,69.2,E,8,872.5394,E,8,999.0,E,8,0.41,E,8,-9900,?,9,-9900,?,9,0.0,E,8,-9900,?,9,-9900,?,9,0.0,0.0,E,8
06/30/2011,21:00,0.0,1320.589,0.0,1,8,0.0,1,8,0.0,1,8,0.0,1,8,0.0,1,8,0.0,1,8,-0.0,1,8,-9900,?,9,-9900,?,9,12.75,E,8,7.966,E,8,72.2,E,8,872.5394,E,8,999.0,E,8,0.41,E,8,-9900,?,9,-9900,?,9,0.0,E,8,-9900,?,9,-9900,?,9,0.0,0.0,E,8
06/30/2011,22:00,0.0,1320.589,0.0,1,8,0.0,1,8,0.0,1,8,0.0,1,8,0.0,1,8,0.0,1,8,-0.0,1,8,-9900,?,9,-9900,?,9,12.166,E,8,8.186,E,8,76.4,E,8,872.5394,E,8,999.0,E,8,0.406,E,8,-9900,?,9,-9900,?,9,0.0,E,8,-9900,?,9,-9900,?,9,0.0,0.0,E,8
06/30/2011,23:00,0.0,1320.589,0.0,1,8,0.0,1,8,0.0,1,8,0.0,1,8,0.0,1,8,0.0,1,8,-0.0,1,8,-9900,?,9,-9900,?,9,11.654,E,8,8.392,E,8,80.2,E,8,872.5394,E,8,999.0,E,8,0.402,E,8,-9900,?,9,-9900,?,9,0.0,E,8,-9900,?,9,-9900,?,9,0.0,0.0,E,8
06/30/2016,24:00,0.0,1320.537,0.0,1,8,0.0,1,8,0.0,1,8,0.0,1,8,0.0,1,8,0.0,1,8,-0.0,1,8,-9900,?,9,-9900,?,9,11.214,E,8,8.584,E,8,83.6,E,8,872.5394,E,8,999.0,E,8,0.444,E,8,-9900,?,9,-9900,?,9,0.0,E,8,-9900,?,9,-9900,?,9,0.0,0.0,E,8
07/01/2016,01:00,0.0,1320.537,0.0,1,8,0.0,1,8,0.0,1,8,0.0,1,8,0.0,1,8,0.0,1,8,-0.0,1,8,-9900,?,9,-9900,?,9,10.844,E,8,8.762,E,8,86.6,E,8,872.5394,E,8,999.0,E,8,0.462,E,8,-9900,?,9,-9900,?,9,0.0,E,8,-9900,?,9,-9900,?,9,0.0,0.0,E,8
07/01/2016,02:00,0.0,1320.537,0.0,1,8,0.0,1,8,0.0,1,8,0.0,1,8,0.0,1,8,0.0,1,8,-0.0,1,8,-9900,?,9,-9900,?,9,10.548,E,8,8.926,E,8,89.2,E,8,872.5394,E,8,999.0,E,8,0.458,E,8,-9900,?,9,-9900,?,9,0.0,E,8,-9900,?,9,-9900,?,9,0.0,0.0,E,8
07/01/2016,03:00,0.0,1320.537,0.0,1,8,0.0,1,8,0.0,1,8,0.0,1,8,0.0,1,8,0.0,1,8,-0.0,1,8,-9900,?,9,-9900,?,9,10.212,E,8,8.804,E,8,90.4,E,8,872.5394,E,8,999.0,E,8,0.458,E,8,-9900,?,9,-9900,?,9,0.0,E,8,-9900,?,9,-9900,?,9,0.0,0.0,E,8
07/01/2016,04:00,0.0,1320.498,0.0,1,8,0.0,1,8,0.0,1,8,0.0,1,8,0.0,1,8,0.0,1,8,-0.0,1,8,-9900,?,9,-9900,?,9,9.892,E,8,8.686,E,8,91.6,E,8,872.5394,E,8,999.0,E,8,0.458,E,8,-9900,?,9,-9900,?,9,0.0,E,8,-9900,?,9,-9900,?,9,0.0,0.0,E,8
07/01/2016,05:00,0.0,1320.498,0.0,1,8,0.0,1,8,0.0,1,8,0.0,1,8,0.0,1,8,0.0,1,8,-0.0,1,8,-9900,?,9,-9900,?,9,9.594,E,8,8.576,E,8,92.8,E,8,872.5394,E,8,999.0,E,8,0.412,E,8,-9900,?,9,-9900,?,9,0.0,E,8,-9900,?,9,-9900,?,9,0.0,0.0,E,8
07/01/2016,06:00,0.0,1320.498,0.0,1,8,0.0,1,8,0.0,1,8,0.0,1,8,0.0,1,8,0.0,1,8,-0.0,1,8,-9900,?,9,-9900,?,9,9.28,E,8,8.46,E,8,94.0,E,8,872.5394,E,8,999.0,E,8,0.39,E,8,-9900,?,9,-9900,?,9,0.0,E,8,-9900,?,9,-9900,?,9,0.0,0.0,E,8
07/01/2016,07:00,9.312,1320.498,0.0,1,8,0.0,1,8,0.0,1,8,0.0,1,8,0.0,1,8,0.0,1,8,-0.0,1,8,-9900,?,9,-9900,?,9,9.06,E,8,8.38,E,8,95.0,E,8,872.5394,E,8,999.0,E,8,0.39,E,8,-9900,?,9,-9900,?,9,0.0,E,8,-9900,?,9,-9900,?,9,0.0,0.0,E,8
07/01/2016,08:00,282.706,1320.498,33.32,1,8,0.0,1,8,33.32,1,8,3998.4,1,8,0.0,1,8,3665.2,1,8,49.834,1,8,-9900,?,9,-9900,?,9,8.84,E,8,8.3,E,8,96.0,E,8,872.5394,E,8,999.0,E,8,0.39,E,8,-9900,?,9,-9900,?,9,0.0,E,8,-9900,?,9,-9900,?,9,0.0,0.0,E,8
07/01/2016,09:00,533.124,1320.498,180.33,1,8,77.035,1,8,149.275,1,8,21639.6,1,8,7318.371,1,8,16420.254,1,8,117.868,1,8,-9900,?,9,-9900,?,9,11.55,E,8,9.28,E,8,85.0,E,8,872.5394,E,8,999.0,E,8,0.43,E,8,-9900,?,9,-9900,?,9,0.0,E,8,-9900,?,9,-9900,?,9,0.0,0.0,E,8
07/01/2016,10:00,735.136,1320.498,320.72,1,8,103.338,1,8,263.228,1,8,38486.4,1,8,9817.152,1,8,28955.065,1,8,150.604,1,8,-9900,?,9,-9900,?,9,13.36,E,8,9.91,E,8,79.0,E,8,872.5394,E,8,999.0,E,8,0.96,E,8,-9900,?,9,-9900,?,9,0.0,E,8,-9900,?,9,-9900,?,9,0.0,0.0,E,8
07/01/2016,11:00,874.57,1320.498,428.79,1,8,130.853,1,8,342.158,1,8,51454.8,1,8,12431.06,1,8,37637.385,1,8,164.507,1,8,-9900,?,9,-9900,?,9,14.95,E,8,10.44,E,8,74.0,E,8,872.5394,E,8,999.0,E,8,1.02,E,8,-9900,?,9,-9900,?,9,0.0,E,8,-9900,?,9,-9900,?,9,0.0,0.0,E,8
07/01/2016,12:00,941.835,1320.498,494.63,1,8,221.221,1,8,336.891,1,8,59355.6,1,8,21015.967,1,8,37057.991,1,8,150.392,1,8,-9900,?,9,-9900,?,9,16.23,E,8,10.86,E,8,70.0,E,8,872.5394,E,8,999.0,E,8,1.77,E,8,-9900,?,9,-9900,?,9,0.0,E,8,-9900,?,9,-9900,?,9,0.0,0.0,E,8
07/01/2016,13:00,932.322,1320.498,513.07,1,8,258.2,1,8,330.825,1,8,61568.4,1,8,24528.984,1,8,36390.752,1,8,149.193,1,8,-9900,?,9,-9900,?,9,17.17,E,8,11.16,E,8,67.0,E,8,872.5394,E,8,999.0,E,8,2.91,E,8,-9900,?,9,-9900,?,9,0.0,E,8,-9900,?,9,-9900,?,9,0.0,0.0,E,8
07/01/2016,14:00,846.679,1320.498,482.69,1,8,316.16,1,8,280.059,1,8,57922.8,1,8,30035.163,1,8,30806.537,1,8,139.092,1,8,-9900,?,9,-9900,?,9,17.73,E,8,11.34,E,8,66.0,E,8,872.5394,E,8,999.0,E,8,3.7,E,8,-9900,?,9,-9900,?,9,0.0,E,8,-9900,?,9,-9900,?,9,0.0,0.0,E,8
07/01/2016,15:00,690.776,1320.498,405.84,1,8,408.66,1,8,192.229,1,8,48700.8,1,8,38822.689,1,8,21145.17,1,8,117.059,1,8,-9900,?,9,-9900,?,9,17.9,E,8,11.39,E,8,65.0,E,8,872.5394,E,8,999.0,E,8,3.77,E,8,-9900,?,9,-9900,?,9,0.0,E,8,-9900,?,9,-9900,?,9,0.0,0.0,E,8
07/01/2016,16:00,475.356,1320.498,288.66,1,8,436.985,1,8,131.66,1,8,34639.2,1,8,41513.598,1,8,14482.591,1,8,116.646,1,8,-9900,?,9,-9900,?,9,17.58,E,8,11.29,E,8,66.0,E,8,872.5394,E,8,999.0,E,8,3.02,E,8,-9900,?,9,-9900,?,9,0.0,E,8,-9900,?,9,-9900,?,9,0.0,0.0,E,8
07/01/2016,17:00,215.774,1320.498,142.83,1,8,420.486,1,8,74.815,1,8,17139.6,1,8,39946.18,1,8,8229.626,1,8,147.226,1,8,-9900,?,9,-9900,?,9,16.68,E,8,11.01,E,8,69.0,E,8,872.5394,E,8,999.0,E,8,2.09,E,8,-9900,?,9,-9900,?,9,0.0,E,8,-9900,?,9,-9900,?,9,0.0,0.0,E,8
07/01/2016,18:00,0.0,1320.498,8.79,1,8,0.0,1,8,0.0,1,8,1054.8,1,8,0.0,1,8,0.0,1,8,-0.0,1,8,-9900,?,9,-9900,?,9,15.99,E,8,10.78,E,8,71.0,E,8,872.5394,E,8,999.0,E,8,1.17,E,8,-9900,?,9,-9900,?,9,0.0,E,8,-9900,?,9,-9900,?,9,0.0,0.0,E,8
07/01/2016,19:00,0.0,1320.498,0.0,1,8,0.0,1,8,0.0,1,8,0.0,1,8,0.0,1,8,0.0,1,8,-0.0,1,8,-9900,?,9,-9900,?,9,15.3,E,8,10.56,E,8,73.0,E,8,872.5394,E,8,999.0,E,8,0.79,E,8,-9900,?,9,-9900,?,9,0.0,E,8,-9900,?,9,-9900,?,9,0.0,0.0,E,8
07/01/2016,20:00,0.0,1320.498,0.0,1,8,0.0,1,8,0.0,1,8,0.0,1,8,0.0,1,8,0.0,1,8,-0.0,1,8,-9900,?,9,-9900,?,9,14.6,E,8,10.33,E,8,75.0,E,8,872.5394,E,8,999.0,E,8,0.39,E,8,-9900,?,9,-9900,?,9,0.0,E,8,-9900,?,9,-9900,?,9,0.0,0.0,E,8
07/01/2016,21:00,0.0,1320.498,0.0,1,8,0.0,1,8,0.0,1,8,0.0,1,8,0.0,1,8,0.0,1,8,-0.0,1,8,-9900,?,9,-9900,?,9,13.91,E,8,10.1,E,8,77.0,E,8,872.5394,E,8,999.0,E,8,0.39,E,8,-9900,?,9,-9900,?,9,0.0,E,8,-9900,?,9,-9900,?,9,0.0,0.0,E,8
07/01/2016,22:00,0.0,1320.498,0.0,1,8,0.0,1,8,0.0,1,8,0.0,1,8,0.0,1,8,0.0,1,8,-0.0,1,8,-9900,?,9,-9900,?,9,13.21,E,8,9.86,E,8,80.0,E,8,872.5394,E,8,999.0,E,8,0.39,E,8,-9900,?,9,-9900,?,9,0.0,E,8,-9900,?,9,-9900,?,9,0.0,0.0,E,8
07/01/2016,23:00,0.0,1320.498,0.0,1,8,0.0,1,8,0.0,1,8,0.0,1,8,0.0,1,8,0.0,1,8,-0.0,1,8,-9900,?,9,-9900,?,9,12.52,E,8,9.62,E,8,82.0,E,8,872.5394,E,8,999.0,E,8,0.39,E,8,-9900,?,9,-9900,?,9,0.0,E,8,-9900,?,9,-9900,?,9,0.0,0.0,E,8
07/01/2016,24:00,0.0,1320.498,0.0,1,8,0.0,1,8,0.0,1,8,0.0,1,8,0.0,1,8,0.0,1,8,-0.0,1,8,-9900,?,9,-9900,?,9,11.82,E,8,8.59,E,8,80.0,E,8,872.5394,E,8,999.0,E,8,0.69,E,8,-9900,?,9,-9900,?,9,0.0,E,8,-9900,?,9,-9900,?,9,0.0,0.0,E,8
07/02/2016,01:00,0.0,1320.498,0.0,1,8,0.0,1,8,0.0,1,8,0.0,1,8,0.0,1,8,0.0,1,8,-0.0,1,8,-9900,?,9,-9900,?,9,11.48,E,8,8.69,E,8,82.0,E,8,872.5394,E,8,999.0,E,8,0.69,E,8,-9900,?,9,-9900,?,9,0.0,E,8,-9900,?,9,-9900,?,9,0.0,0.0,E,8
07/02/2016,02:00,0.0,1320.498,0.0,1,8,0.0,1,8,0.0,1,8,0.0,1,8,0.0,1,8,0.0,1,8,-0.0,1,8,-9900,?,9,-9900,?,9,11.13,E,8,8.8,E,8,85.0,E,8,872.5394,E,8,999.0,E,8,0.69,E,8,-9900,?,9,-9900,?,9,0.0,E,8,-9900,?,9,-9900,?,9,0.0,0.0,E,8
07/02/2016,03:00,0.0,1320.498,0.0,1,8,0.0,1,8,0.0,1,8,0.0,1,8,0.0,1,8,0.0,1,8,-0.0,1,8,-9900,?,9,-9900,?,9,10.78,E,8,8.91,E,8,88.0,E,8,872.5394,E,8,999.0,E,8,0.69,E,8,-9900,?,9,-9900,?,9,0.0,E,8,-9900,?,9,-9900,?,9,0.0,0.0,E,8
07/02/2016,04:00,0.0,1320.472,0.0,1,8,0.0,1,8,0.0,1,8,0.0,1,8,0.0,1,8,0.0,1,8,-0.0,1,8,-9900,?,9,-9900,?,9,10.44,E,8,9.01,E,8,90.0,E,8,872.5394,E,8,999.0,E,8,0.69,E,8,-9900,?,9,-9900,?,9,0.0,E,8,-9900,?,9,-9900,?,9,0.0,0.0,E,8
07/02/2016,05:00,0.0,1320.472,0.0,1,8,0.0,1,8,0.0,1,8,0.0,1,8,0.0,1,8,0.0,1,8,-0.0,1,8,-9900,?,9,-9900,?,9,10.09,E,8,9.12,E,8,93.0,E,8,872.5394,E,8,999.0,E,8,0.69,E,8,-9900,?,9,-9900,?,9,0.0,E,8,-9900,?,9,-9900,?,9,0.0,0.0,E,8
07/02/2016,06:00,0.0,1320.472,0.0,1,8,0.0,1,8,0.0,1,8,0.0,1,8,0.0,1,8,0.0,1,8,-0.0,1,8,-9900,?,9,-9900,?,9,9.82,E,8,9.2,E,8,95.0,E,8,872.5394,E,8,999.0,E,8,0.69,E,8,-9900,?,9,-9900,?,9,0.0,E,8,-9900,?,9,-9900,?,9,0.0,0.0,E,8
07/02/2016,07:00,9.078,1320.472,0.0,1,8,0.0,1,8,0.0,1,8,0.0,1,8,0.0,1,8,0.0,1,8,-0.0,1,8,-9900,?,9,-9900,?,9,9.59,E,8,9.27,E,8,97.0,E,8,872.5394,E,8,999.0,E,8,0.69,E,8,-9900,?,9,-9900,?,9,0.0,E,8,-9900,?,9,-9900,?,9,0.0,0.0,E,8
07/02/2016,08:00,282.654,1320.472,60.22,1,8,0.0,1,8,60.22,1,8,7226.4,1,8,0.0,1,8,6624.2,1,8,90.081,1,8,-9900,?,9,-9900,?,9,9.36,E,8,9.34,E,8,99.0,E,8,872.5394,E,8,999.0,E,8,0.69,E,8,-9900,?,9,-9900,?,9,0.0,E,8,-9900,?,9,-9900,?,9,0.0,0.0,E,8
07/02/2016,09:00,533.337,1320.472,220.7,1,8,123.003,1,8,171.094,1,8,26484.0,1,8,11685.259,1,8,18820.293,1,8,135.039,1,8,-9900,?,9,-9900,?,9,12.79,E,8,8.28,E,8,74.0,E,8,872.5394,E,8,999.0,E,8,0.69,E,8,-9900,?,9,-9900,?,9,0.0,E,8,-9900,?,9,-9900,?,9,0.0,0.0,E,8
07/02/2016,10:00,735.639,1320.472,144.26,1,8,19.421,1,8,133.447,1,8,17311.2,1,8,1845.021,1,8,14679.212,1,8,76.297,1,8,-9900,?,9,-9900,?,9,12.82,E,8,8.27,E,8,73.0,E,8,872.5394,E,8,999.0,E,8,0.69,E,8,-9900,?,9,-9900,?,9,0.0,E,8,-9900,?,9,-9900,?,9,0.0,0.0,E,8
07/02/2016,11:00,875.368,1320.472,220.17,1,8,4.912,1,8,216.915,1,8,26420.4,1,8,466.655,1,8,23860.633,1,8,104.193,1,8,-9900,?,9,-9900,?,9,13.29,E,8,8.12,E,8,70.0,E,8,872.5394,E,8,999.0,E,8,1.02,E,8,-9900,?,9,-9900,?,9,0.0,E,8,-9900,?,9,-9900,?,9,0.0,0.0,E,8
07/02/2016,12:00,942.912,1320.472,378.06,1,8,68.011,1,8,329.509,1,8,45367.2,1,8,6461.031,1,8,36245.995,1,8,146.926,1,8,-9900,?,9,-9900,?,9,14.35,E,8,7.77,E,8,64.0,E,8,872.5394,E,8,999.0,E,8,1.48,E,8,-9900,?,9,-9900,?,9,0.0,E,8,-9900,?,9,-9900,?,9,0.0,0.0,E,8
07/02/2016,13:00,933.643,1320.472,392.26,1,8,91.544,1,8,327.553,1,8,47071.2,1,8,8696.649,1,8,36030.81,1,8,147.505,1,8,-9900,?,9,-9900,?,9,15.11,E,8,7.52,E,8,60.0,E,8,872.5394,E,8,999.0,E,8,2.41,E,8,-9900,?,9,-9900,?,9,0.0,E,8,-9900,?,9,-9900,?,9,0.0,0.0,E,8
07/02/2016,14:00,848.193,1320.472,369.2,1,8,114.585,1,8,295.628,1,8,44304.0,1,8,10885.561,1,8,32519.101,1,8,146.559,1,8,-9900,?,9,-9900,?,9,15.58,E,8,7.36,E,8,58.0,E,8,872.5394,E,8,999.0,E,8,3.11,E,8,-9900,?,9,-9900,?,9,0.0,E,8,-9900,?,9,-9900,?,9,0.0,0.0,E,8
07/02/2016,15:00,692.417,1320.472,310.61,1,8,121.075,1,8,247.171,1,8,37273.2,1,8,11502.136,1,8,27188.78,1,8,150.156,1,8,-9900,?,9,-9900,?,9,15.75,E,8,7.3,E,8,57.0,E,8,872.5394,E,8,999.0,E,8,2.83,E,8,-9900,?,9,-9900,?,9,0.0,E,8,-9900,?,9,-9900,?,9,0.0,0.0,E,8
07/02/2016,16:00,477.049,1320.472,221.21,1,8,190.973,1,8,152.35,1,8,26545.2,1,8,18142.433,1,8,16758.542,1,8,134.493,1,8,-9900,?,9,-9900,?,9,15.56,E,8,7.37,E,8,58.0,E,8,872.5394,E,8,999.0,E,8,2.23,E,8,-9900,?,9,-9900,?,9,0.0,E,8,-9900,?,9,-9900,?,9,0.0,0.0,E,8
07/02/2016,17:00,217.433,1320.472,109.87,1,8,305.59,1,8,60.051,1,8,13184.4,1,8,29031.034,1,8,6605.642,1,8,117.252,1,8,-9900,?,9,-9900,?,9,14.95,E,8,7.57,E,8,61.0,E,8,872.5394,E,8,999.0,E,8,1.71,E,8,-9900,?,9,-9900,?,9,0.0,E,8,-9900,?,9,-9900,?,9,0.0,0.0,E,8
07/02/2016,18:00,0.0,1320.472,7.04,1,8,0.0,1,8,0.0,1,8,844.8,1,8,0.0,1,8,0.0,1,8,-0.0,1,8,-9900,?,9,-9900,?,9,14.36,E,8,7.77,E,8,64.0,E,8,872.5394,E,8,999.0,E,8,1.15,E,8,-9900,?,9,-9900,?,9,0.0,E,8,-9900,?,9,-9900,?,9,0.0,0.0,E,8
07/02/2016,19:00,0.0,1320.472,0.0,1,8,0.0,1,8,0.0,1,8,0.0,1,8,0.0,1,8,0.0,1,8,-0.0,1,8,-9900,?,9,-9900,?,9,13.77,E,8,7.96,E,8,67.0,E,8,872.5394,E,8,999.0,E,8,0.69,E,8,-9900,?,9,-9900,?,9,0.0,E,8,-9900,?,9,-9900,?,9,0.0,0.0,E,8
07/02/2016,20:00,0.0,1320.472,0.0,1,8,0.0,1,8,0.0,1,8,0.0,1,8,0.0,1,8,0.0,1,8,-0.0,1,8,-9900,?,9,-9900,?,9,13.18,E,8,8.15,E,8,71.0,E,8,872.5394,E,8,999.0,E,8,0.69,E,8,-9900,?,9,-9900,?,9,0.0,E,8,-9900,?,9,-9900,?,9,0.0,0.0,E,8
07/02/2016,21:00,0.0,1320.472,0.0,1,8,0.0,1,8,0.0,1,8,0.0,1,8,0.0,1,8,0.0,1,8,-0.0,1,8,-9900,?,9,-9900,?,9,12.59,E,8,8.34,E,8,75.0,E,8,872.5394,E,8,999.0,E,8,0.69,E,8,-9900,?,9,-9900,?,9,0.0,E,8,-9900,?,9,-9900,?,9,0.0,0.0,E,8
07/02/2016,22:00,0.0,1320.472,0.0,1,8,0.0,1,8,0.0,1,8,0.0,1,8,0.0,1,8,0.0,1,8,-0.0,1,8,-9900,?,9,-9900,?,9,12.0,E,8,8.53,E,8,79.0,E,8,872.5394,E,8,999.0,E,8,0.69,E,8,-9900,?,9,-9900,?,9,0.0,E,8,-9900,?,9,-9900,?,9,0.0,0.0,E,8
07/02/2016,23:00,0.0,1320.472,0.0,1,8,0.0,1,8,0.0,1,8,0.0,1,8,0.0,1,8,0.0,1,8,-0.0,1,8,-9900,?,9,-9900,?,9,11.42,E,8,8.71,E,8,83.0,E,8,872.5394,E,8,999.0,E,8,0.69,E,8,-9900,?,9,-9900,?,9,0.0,E,8,-9900,?,9,-9900,?,9,0.0,0.0,E,8
07/02/2016,24:00,0.0,1320.472,0.0,1,8,0.0,1,8,0.0,1,8,0.0,1,8,0.0,1,8,0.0,1,8,-0.0,1,8,-9900,?,9,-9900,?,9,10.83,E,8,8.35,E,8,84.0,E,8,872.5394,E,8,999.0,E,8,0.95,E,8,-9900,?,9,-9900,?,9,0.0,E,8,-9900,?,9,-9900,?,9,0.0,0.0,E,8
07/03/2016,01:00,0.0,1320.472,0.0,1,8,0.0,1,8,0.0,1,8,0.0,1,8,0.0,1,8,0.0,1,8,-0.0,1,8,-9900,?,9,-9900,?,9,10.53,E,8,8.4,E,8,86.0,E,8,872.5394,E,8,999.0,E,8,0.95,E,8,-9900,?,9,-9900,?,9,0.0,E,8,-9900,?,9,-9900,?,9,0.0,0.0,E,8
07/03/2016,02:00,0.0,1320.472,0.0,1,8,0.0,1,8,0.0,1,8,0.0,1,8,0.0,1,8,0.0,1,8,-0.0,1,8,-9900,?,9,-9900,?,9,10.24,E,8,8.45,E,8,88.0,E,8,872.5394,E,8,999.0,E,8,0.95,E,8,-9900,?,9,-9900,?,9,0.0,E,8,-9900,?,9,-9900,?,9,0.0,0.0,E,8
07/03/2016,03:00,0.0,1320.472,0.0,1,8,0.0,1,8,0.0,1,8,0.0,1,8,0.0,1,8,0.0,1,8,-0.0,1,8,-9900,?,9,-9900,?,9,9.94,E,8,8.51,E,8,90.0,E,8,872.5394,E,8,999.0,E,8,0.95,E,8,-9900,?,9,-9900,?,9,0.0,E,8,-9900,?,9,-9900,?,9,0.0,0.0,E,8
07/03/2016,04:00,0.0,1320.458,0.0,1,8,0.0,1,8,0.0,1,8,0.0,1,8,0.0,1,8,0.0,1,8,-0.0,1,8,-9900,?,9,-9900,?,9,9.65,E,8,8.56,E,8,92.0,E,8,872.5394,E,8,999.0,E,8,0.95,E,8,-9900,?,9,-9900,?,9,0.0,E,8,-9900,?,9,-9900,?,9,0.0,0.0,E,8
07/03/2016,05:00,0.0,1320.458,0.0,1,8,0.0,1,8,0.0,1,8,0.0,1,8,0.0,1,8,0.0,1,8,-0.0,1,8,-9900,?,9,-9900,?,9,9.36,E,8,8.61,E,8,95.0,E,8,872.5394,E,8,999.0,E,8,0.95,E,8,-9900,?,9,-9900,?,9,0.0,E,8,-9900,?,9,-9900,?,9,0.0,0.0,E,8
07/03/2016,06:00,0.0,1320.458,0.0,1,8,0.0,1,8,0.0,1,8,0.0,1,8,0.0,1,8,0.0,1,8,-0.0,1,8,-9900,?,9,-9900,?,9,9.13,E,8,8.65,E,8,96.0,E,8,872.5394,E,8,999.0,E,8,0.95,E,8,-9900,?,9,-9900,?,9,0.0,E,8,-9900,?,9,-9900,?,9,0.0,0.0,E,8
07/03/2016,07:00,8.913,1320.458,0.0,1,8,0.0,1,8,0.0,1,8,0.0,1,8,0.0,1,8,0.0,1,8,-0.0,1,8,-9900,?,9,-9900,?,9,8.93,E,8,8.68,E,8,98.0,E,8,872.5394,E,8,999.0,E,8,0.95,E,8,-9900,?,9,-9900,?,9,0.0,E,8,-9900,?,9,-9900,?,9,0.0,0.0,E,8
07/03/2016,08:00,282.698,1320.458,29.0,1,8,0.0,1,8,29.0,1,8,3480.0,1,8,0.0,1,8,3190.0,1,8,43.373,1,8,-9900,?,9,-9900,?,9,8.74,E,8,8.72,E,8,99.0,E,8,872.5394,E,8,999.0,E,8,0.95,E,8,-9900,?,9,-9900,?,9,0.0,E,8,-9900,?,9,-9900,?,9,0.0,0.0,E,8
07/03/2016,09:00,533.657,1320.458,157.13,1,8,17.063,1,8,150.244,1,8,18855.6,1,8,1620.966,1,8,16526.888,1,8,118.511,1,8,-9900,?,9,-9900,?,9,10.46,E,8,8.41,E,8,87.0,E,8,872.5394,E,8,999.0,E,8,0.95,E,8,-9900,?,9,-9900,?,9,0.0,E,8,-9900,?,9,-9900,?,9,0.0,0.0,E,8
07/03/2016,10:00,736.257,1320.458,279.49,1,8,58.037,1,8,247.151,1,8,33538.8,1,8,5513.486,1,8,27186.619,1,8,141.185,1,8,-9900,?,9,-9900,?,9,11.61,E,8,8.21,E,8,79.0,E,8,872.5394,E,8,999.0,E,8,0.95,E,8,-9900,?,9,-9900,?,9,0.0,E,8,-9900,?,9,-9900,?,9,0.0,0.0,E,8
07/03/2016,11:00,876.283,1320.458,373.76,1,8,102.69,1,8,305.638,1,8,44851.2,1,8,9755.521,1,8,33620.223,1,8,146.656,1,8,-9900,?,9,-9900,?,9,12.62,E,8,8.03,E,8,73.0,E,8,872.5394,E,8,999.0,E,8,0.95,E,8,-9900,?,9,-9900,?,9,0.0,E,8,-9900,?,9,-9900,?,9,0.0,0.0,E,8
07/03/2016,12:00,944.105,1320.458,431.31,1,8,127.179,1,8,340.405,1,8,51757.2,1,8,12082.001,1,8,37444.523,1,8,151.591,1,8,-9900,?,9,-9900,?,9,13.44,E,8,7.88,E,8,69.0,E,8,872.5394,E,8,999.0,E,8,0.95,E,8,-9900,?,9,-9900,?,9,0.0,E,8,-9900,?,9,-9900,?,9,0.0,0.0,E,8
07/03/2016,13:00,935.073,1320.458,447.62,1,8,154.58,1,8,338.187,1,8,53714.4,1,8,14685.121,1,8,37200.569,1,8,152.059,1,8,-9900,?,9,-9900,?,9,14.04,E,8,7.77,E,8,65.0,E,8,872.5394,E,8,999.0,E,8,1.13,E,8,-9900,?,9,-9900,?,9,0.0,E,8,-9900,?,9,-9900,?,9,0.0,0.0,E,8
07/03/2016,14:00,849.806,1320.458,421.46,1,8,192.16,1,8,297.843,1,8,50575.2,1,8,18255.185,1,8,32762.756,1,8,147.375,1,8,-9900,?,9,-9900,?,9,14.39,E,8,7.7,E,8,64.0,E,8,872.5394,E,8,999.0,E,8,2.88,E,8,-9900,?,9,-9900,?,9,0.0,E,8,-9900,?,9,-9900,?,9,0.0,0.0,E,8
07/03/2016,15:00,694.143,1320.458,354.82,1,8,199.757,1,8,249.892,1,8,42578.4,1,8,18976.898,1,8,27488.082,1,8,151.43,1,8,-9900,?,9,-9900,?,9,14.51,E,8,7.68,E,8,63.0,E,8,872.5394,E,8,999.0,E,8,2.58,E,8,-9900,?,9,-9900,?,9,0.0,E,8,-9900,?,9,-9900,?,9,0.0,0.0,E,8
07/03/2016,16:00,478.81,1320.458,253.02,1,8,317.783,1,8,138.01,1,8,30362.4,1,8,30189.427,1,8,15181.08,1,8,121.382,1,8,-9900,?,9,-9900,?,9,14.3,E,8,7.72,E,8,64.0,E,8,872.5394,E,8,999.0,E,8,1.37,E,8,-9900,?,9,-9900,?,9,0.0,E,8,-9900,?,9,-9900,?,9,0.0,0.0,E,8
07/03/2016,17:00,219.141,1320.458,126.14,1,8,344.474,1,8,69.532,1,8,15136.8,1,8,32725.019,1,8,7648.476,1,8,134.681,1,8,-9900,?,9,-9900,?,9,13.74,E,8,7.82,E,8,67.0,E,8,872.5394,E,8,999.0,E,8,0.95,E,8,-9900,?,9,-9900,?,9,0.0,E,8,-9900,?,9,-9900,?,9,0.0,0.0,E,8
07/03/2016,18:00,0.0,1320.458,8.43,1,8,0.0,1,8,0.0,1,8,1011.6,1,8,0.0,1,8,0.0,1,8,-0.0,1,8,-9900,?,9,-9900,?,9,13.1,E,8,7.94,E,8,70.0,E,8,872.5394,E,8,999.0,E,8,0.95,E,8,-9900,?,9,-9900,?,9,0.0,E,8,-9900,?,9,-9900,?,9,0.0,0.0,E,8
07/03/2016,19:00,0.0,1320.458,0.0,1,8,0.0,1,8,0.0,1,8,0.0,1,8,0.0,1,8,0.0,1,8,-0.0,1,8,-9900,?,9,-9900,?,9,12.46,E,8,8.06,E,8,74.0,E,8,872.5394,E,8,999.0,E,8,0.95,E,8,-9900,?,9,-9900,?,9,0.0,E,8,-9900,?,9,-9900,?,9,0.0,0.0,E,8
07/03/2016,20:00,0.0,1320.458,0.0,1,8,0.0,1,8,0.0,1,8,0.0,1,8,0.0,1,8,0.0,1,8,-0.0,1,8,-9900,?,9,-9900,?,9,11.82,E,8,8.17,E,8,78.0,E,8,872.5394,E,8,999.0,E,8,0.95,E,8,-9900,?,9,-9900,?,9,0.0,E,8,-9900,?,9,-9900,?,9,0.0,0.0,E,8
07/03/2016,21:00,0.0,1320.458,0.0,1,8,0.0,1,8,0.0,1,8,0.0,1,8,0.0,1,8,0.0,1,8,-0.0,1,8,-9900,?,9,-9900,?,9,11.18,E,8,8.29,E,8,82.0,E,8,872.5394,E,8,999.0,E,8,0.95,E,8,-9900,?,9,-9900,?,9,0.0,E,8,-9900,?,9,-9900,?,9,0.0,0.0,E,8
07/03/2016,22:00,0.0,1320.458,0.0,1,8,0.0,1,8,0.0,1,8,0.0,1,8,0.0,1,8,0.0,1,8,-0.0,1,8,-9900,?,9,-9900,?,9,10.54,E,8,8.4,E,8,86.0,E,8,872.5394,E,8,999.0,E,8,0.95,E,8,-9900,?,9,-9900,?,9,0.0,E,8,-9900,?,9,-9900,?,9,0.0,0.0,E,8
07/03/2016,23:00,0.0,1320.458,0.0,1,8,0.0,1,8,0.0,1,8,0.0,1,8,0.0,1,8,0.0,1,8,-0.0,1,8,-9900,?,9,-9900,?,9,9.9,E,8,8.51,E,8,91.0,E,8,872.5394,E,8,999.0,E,8,0.95,E,8,-9900,?,9,-9900,?,9,0.0,E,8,-9900,?,9,-9900,?,9,0.0,0.0,E,8
07/03/2016,24:00,0.0,1320.458,0.0,1,8,0.0,1,8,0.0,1,8,0.0,1,8,0.0,1,8,0.0,1,8,-0.0,1,8,-9900,?,9,-9900,?,9,9.26,E,8,5.24,E,8,75.0,E,8,872.5394,E,8,999.0,E,8,1.08,E,8,-9900,?,9,-9900,?,9,0.0,E,8,-9900,?,9,-9900,?,9,0.0,0.0,E,8
07/04/2016,01:00,0.0,1320.458,0.0,1,8,0.0,1,8,0.0,1,8,0.0,1,8,0.0,1,8,0.0,1,8,-0.0,1,8,-9900,?,9,-9900,?,9,8.94,E,8,5.17,E,8,77.0,E,8,872.5394,E,8,999.0,E,8,1.08,E,8,-9900,?,9,-9900,?,9,0.0,E,8,-9900,?,9,-9900,?,9,0.0,0.0,E,8
07/04/2016,02:00,0.0,1320.458,0.0,1,8,0.0,1,8,0.0,1,8,0.0,1,8,0.0,1,8,0.0,1,8,-0.0,1,8,-9900,?,9,-9900,?,9,8.62,E,8,5.09,E,8,78.0,E,8,872.5394,E,8,999.0,E,8,1.08,E,8,-9900,?,9,-9900,?,9,0.0,E,8,-9900,?,9,-9900,?,9,0.0,0.0,E,8
07/04/2016,03:00,0.0,1320.458,0.0,1,8,0.0,1,8,0.0,1,8,0.0,1,8,0.0,1,8,0.0,1,8,-0.0,1,8,-9900,?,9,-9900,?,9,8.3,E,8,5.02,E,8,79.0,E,8,872.5394,E,8,999.0,E,8,1.08,E,8,-9900,?,9,-9900,?,9,0.0,E,8,-9900,?,9,-9900,?,9,0.0,0.0,E,8
07/04/2016,04:00,0.0,1320.457,0.0,1,8,0.0,1,8,0.0,1,8,0.0,1,8,0.0,1,8,0.0,1,8,-0.0,1,8,-9900,?,9,-9900,?,9,7.98,E,8,4.94,E,8,81.0,E,8,872.5394,E,8,999.0,E,8,1.08,E,8,-9900,?,9,-9900,?,9,0.0,E,8,-9900,?,9,-9900,?,9,0.0,0.0,E,8
07/04/2016,05:00,0.0,1320.457,0.0,1,8,0.0,1,8,0.0,1,8,0.0,1,8,0.0,1,8,0.0,1,8,-0.0,1,8,-9900,?,9,-9900,?,9,7.66,E,8,4.87,E,8,82.0,E,8,872.5394,E,8,999.0,E,8,1.08,E,8,-9900,?,9,-9900,?,9,0.0,E,8,-9900,?,9,-9900,?,9,0.0,0.0,E,8
07/04/2016,06:00,0.0,1320.457,0.0,1,8,0.0,1,8,0.0,1,8,0.0,1,8,0.0,1,8,0.0,1,8,-0.0,1,8,-9900,?,9,-9900,?,9,7.42,E,8,4.81,E,8,83.0,E,8,872.5394,E,8,999.0,E,8,1.08,E,8,-9900,?,9,-9900,?,9,0.0,E,8,-9900,?,9,-9900,?,9,0.0,0.0,E,8
07/04/2016,07:00,8.819,1320.457,0.0,1,8,0.0,1,8,0.0,1,8,0.0,1,8,0.0,1,8,0.0,1,8,-0.0,1,8,-9900,?,9,-9900,?,9,7.2,E,8,4.76,E,8,84.0,E,8,872.5394,E,8,999.0,E,8,1.08,E,8,-9900,?,9,-9900,?,9,0.0,E,8,-9900,?,9,-9900,?,9,0.0,0.0,E,8
07/04/2016,08:00,282.838,1320.457,27.22,1,8,0.0,1,8,27.22,1,8,3266.4,1,8,0.0,1,8,2994.2,1,8,40.69,1,8,-9900,?,9,-9900,?,9,6.99,E,8,4.71,E,8,85.0,E,8,872.5394,E,8,999.0,E,8,1.08,E,8,-9900,?,9,-9900,?,9,0.0,E,8,-9900,?,9,-9900,?,9,0.0,0.0,E,8
07/04/2016,09:00,534.085,1320.457,171.1,1,8,58.203,1,8,147.594,1,8,20532.0,1,8,5529.297,1,8,16235.301,1,8,116.327,1,8,-9900,?,9,-9900,?,9,9.15,E,8,5.21,E,8,76.0,E,8,872.5394,E,8,999.0,E,8,1.08,E,8,-9900,?,9,-9900,?,9,0.0,E,8,-9900,?,9,-9900,?,9,0.0,0.0,E,8
07/04/2016,10:00,736.989,1320.457,303.67,1,8,87.067,1,8,255.107,1,8,36440.4,1,8,8271.34,1,8,28061.739,1,8,145.585,1,8,-9900,?,9,-9900,?,9,10.63,E,8,5.55,E,8,70.0,E,8,872.5394,E,8,999.0,E,8,1.08,E,8,-9900,?,9,-9900,?,9,0.0,E,8,-9900,?,9,-9900,?,9,0.0,0.0,E,8
07/04/2016,11:00,877.316,1320.457,480.47,1,8,242.19,1,8,319.618,1,8,57656.4,1,8,23008.075,1,8,35157.954,1,8,153.183,1,8,-9900,?,9,-9900,?,9,12.33,E,8,5.93,E,8,64.0,E,8,872.5394,E,8,999.0,E,8,1.08,E,8,-9900,?,9,-9900,?,9,0.0,E,8,-9900,?,9,-9900,?,9,0.0,0.0,E,8
07/04/2016,12:00,945.412,1320.457,581.03,1,8,380.082,1,8,308.977,1,8,69723.6,1,8,36107.788,1,8,33987.503,1,8,137.404,1,8,-9900,?,9,-9900,?,9,13.79,E,8,6.24,E,8,60.0,E,8,872.5394,E,8,999.0,E,8,1.08,E,8,-9900,?,9,-9900,?,9,0.0,E,8,-9900,?,9,-9900,?,9,0.0,0.0,E,8
07/04/2016,13:00,936.612,1320.457,637.91,1,8,535.259,1,8,258.356,1,8,76549.2,1,8,50849.638,1,8,28419.137,1,8,115.974,1,8,-9900,?,9,-9900,?,9,14.96,E,8,6.49,E,8,56.0,E,8,872.5394,E,8,999.0,E,8,1.32,E,8,-9900,?,9,-9900,?,9,0.0,E,8,-9900,?,9,-9900,?,9,0.0,0.0,E,8
07/04/2016,14:00,851.515,1320.457,599.03,1,8,630.664,1,8,192.505,1,8,71883.6,1,8,59913.117,1,8,21175.534,1,8,95.061,1,8,-9900,?,9,-9900,?,9,15.68,E,8,6.65,E,8,54.0,E,8,872.5394,E,8,999.0,E,8,1.21,E,8,-9900,?,9,-9900,?,9,0.0,E,8,-9900,?,9,-9900,?,9,0.0,0.0,E,8
07/04/2016,15:00,695.951,1320.457,533.89,1,8,779.657,1,8,123.282,1,8,64066.8,1,8,74067.417,1,8,13560.998,1,8,74.512,1,8,-9900,?,9,-9900,?,9,16.05,E,8,6.72,E,8,53.0,E,8,872.5394,E,8,999.0,E,8,1.42,E,8,-9900,?,9,-9900,?,9,0.0,E,8,-9900,?,9,-9900,?,9,0.0,0.0,E,8
07/04/2016,16:00,480.638,1320.457,350.92,1,8,722.113,1,8,88.575,1,8,42110.4,1,8,68600.733,1,8,9743.263,1,8,77.606,1,8,-9900,?,9,-9900,?,9,15.78,E,8,6.67,E,8,54.0,E,8,872.5394,E,8,999.0,E,8,1.4,E,8,-9900,?,9,-9900,?,9,0.0,E,8,-9900,?,9,-9900,?,9,0.0,0.0,E,8
07/04/2016,17:00,220.899,1320.457,224.22,1,8,308.026,1,8,173.187,1,8,26906.4,1,8,29262.448,1,8,19050.61,1,8,332.74,1,8,-9900,?,9,-9900,?,9,15.09,E,8,6.52,E,8,56.0,E,8,872.5394,E,8,999.0,E,8,1.08,E,8,-9900,?,9,-9900,?,9,0.0,E,8,-9900,?,9,-9900,?,9,0.0,0.0,E,8
07/04/2016,18:00,0.0,1320.457,18.52,1,8,0.0,1,8,0.0,1,8,2222.4,1,8,0.0,1,8,0.0,1,8,-0.0,1,8,-9900,?,9,-9900,?,9,14.32,E,8,6.36,E,8,58.0,E,8,872.5394,E,8,999.0,E,8,1.08,E,8,-9900,?,9,-9900,?,9,0.0,E,8,-9900,?,9,-9900,?,9,0.0,0.0,E,8
07/04/2016,19:00,0.0,1320.457,0.0,1,8,0.0,1,8,0.0,1,8,0.0,1,8,0.0,1,8,0.0,1,8,-0.0,1,8,-9900,?,9,-9900,?,9,13.56,E,8,6.19,E,8,61.0,E,8,872.5394,E,8,999.0,E,8,1.08,E,8,-9900,?,9,-9900,?,9,0.0,E,8,-9900,?,9,-9900,?,9,0.0,0.0,E,8
07/04/2016,20:00,0.0,1320.457,0.0,1,8,0.0,1,8,0.0,1,8,0.0,1,8,0.0,1,8,0.0,1,8,-0.0,1,8,-9900,?,9,-9900,?,9,12.79,E,8,6.03,E,8,63.0,E,8,872.5394,E,8,999.0,E,8,1.08,E,8,-9900,?,9,-9900,?,9,0.0,E,8,-9900,?,9,-9900,?,9,0.0,0.0,E,8
07/04/2016,21:00,0.0,1320.457,0.0,1,8,0.0,1,8,0.0,1,8,0.0,1,8,0.0,1,8,0.0,1,8,-0.0,1,8,-9900,?,9,-9900,?,9,12.02,E,8,5.86,E,8,65.0,E,8,872.5394,E,8,999.0,E,8,1.08,E,8,-9900,?,9,-9900,?,9,0.0,E,8,-9900,?,9,-9900,?,9,0.0,0.0,E,8
07/04/2016,22:00,0.0,1320.457,0.0,1,8,0.0,1,8,0.0,1,8,0.0,1,8,0.0,1,8,0.0,1,8,-0.0,1,8,-9900,?,9,-9900,?,9,11.25,E,8,5.69,E,8,68.0,E,8,872.5394,E,8,999.0,E,8,1.08,E,8,-9900,?,9,-9900,?,9,0.0,E,8,-9900,?,9,-9900,?,9,0.0,0.0,E,8
07/04/2016,23:00,0.0,1320.457,0.0,1,8,0.0,1,8,0.0,1,8,0.0,1,8,0.0,1,8,0.0,1,8,-0.0,1,8,-9900,?,9,-9900,?,9,10.48,E,8,5.52,E,8,71.0,E,8,872.5394,E,8,999.0,E,8,1.08,E,8,-9900,?,9,-9900,?,9,0.0,E,8,-9900,?,9,-9900,?,9,0.0,0.0,E,8
07/04/2016,24:00,0.0,1320.457,0.0,1,8,0.0,1,8,0.0,1,8,0.0,1,8,0.0,1,8,0.0,1,8,-0.0,1,8,-9900,?,9,-9900,?,9,9.71,E,8,6.73,E,8,81.0,E,8,872.5394,E,8,999.0,E,8,1.11,E,8,-9900,?,9,-9900,?,9,0.0,E,8,-9900,?,9,-9900,?,9,0.0,0.0,E,8
07/05/2016,01:00,0.0,1320.457,0.0,1,8,0.0,1,8,0.0,1,8,0.0,1,8,0.0,1,8,0.0,1,8,-0.0,1,8,-9900,?,9,-9900,?,9,9.33,E,8,6.6,E,8,83.0,E,8,872.5394,E,8,999.0,E,8,1.11,E,8,-9900,?,9,-9900,?,9,0.0,E,8,-9900,?,9,-9900,?,9,0.0,0.0,E,8
07/05/2016,02:00,0.0,1320.457,0.0,1,8,0.0,1,8,0.0,1,8,0.0,1,8,0.0,1,8,0.0,1,8,-0.0,1,8,-9900,?,9,-9900,?,9,8.94,E,8,6.47,E,8,84.0,E,8,872.5394,E,8,999.0,E,8,1.11,E,8,-9900,?,9,-9900,?,9,0.0,E,8,-9900,?,9,-9900,?,9,0.0,0.0,E,8
07/05/2016,03:00,0.0,1320.457,0.0,1,8,0.0,1,8,0.0,1,8,0.0,1,8,0.0,1,8,0.0,1,8,-0.0,1,8,-9900,?,9,-9900,?,9,8.56,E,8,6.34,E,8,85.0,E,8,872.5394,E,8,999.0,E,8,1.11,E,8,-9900,?,9,-9900,?,9,0.0,E,8,-9900,?,9,-9900,?,9,0.0,0.0,E,8
07/05/2016,04:00,0.0,1320.468,0.0,1,8,0.0,1,8,0.0,1,8,0.0,1,8,0.0,1,8,0.0,1,8,-0.0,1,8,-9900,?,9,-9900,?,9,8.17,E,8,6.21,E,8,87.0,E,8,872.5394,E,8,999.0,E,8,1.11,E,8,-9900,?,9,-9900,?,9,0.0,E,8,-9900,?,9,-9900,?,9,0.0,0.0,E,8
07/05/2016,05:00,0.0,1320.468,0.0,1,8,0.0,1,8,0.0,1,8,0.0,1,8,0.0,1,8,0.0,1,8,-0.0,1,8,-9900,?,9,-9900,?,9,7.79,E,8,6.07,E,8,88.0,E,8,872.5394,E,8,999.0,E,8,1.11,E,8,-9900,?,9,-9900,?,9,0.0,E,8,-9900,?,9,-9900,?,9,0.0,0.0,E,8
07/05/2016,06:00,0.0,1320.468,0.0,1,8,0.0,1,8,0.0,1,8,0.0,1,8,0.0,1,8,0.0,1,8,-0.0,1,8,-9900,?,9,-9900,?,9,7.49,E,8,5.97,E,8,90.0,E,8,872.5394,E,8,999.0,E,8,1.11,E,8,-9900,?,9,-9900,?,9,0.0,E,8,-9900,?,9,-9900,?,9,0.0,0.0,E,8
07/05/2016,07:00,8.797,1320.468,0.0,1,8,0.0,1,8,0.0,1,8,0.0,1,8,0.0,1,8,0.0,1,8,-0.0,1,8,-9900,?,9,-9900,?,9,7.24,E,8,5.88,E,8,91.0,E,8,872.5394,E,8,999.0,E,8,1.11,E,8,-9900,?,9,-9900,?,9,0.0,E,8,-9900,?,9,-9900,?,9,0.0,0.0,E,8
07/05/2016,08:00,283.076,1320.468,30.5,1,8,0.0,1,8,30.5,1,8,3660.0,1,8,0.0,1,8,3355.0,1,8,45.555,1,8,-9900,?,9,-9900,?,9,6.98,E,8,5.79,E,8,92.0,E,8,872.5394,E,8,999.0,E,8,1.11,E,8,-9900,?,9,-9900,?,9,0.0,E,8,-9900,?,9,-9900,?,9,0.0,0.0,E,8
07/05/2016,09:00,534.622,1320.468,164.95,1,8,22.553,1,8,155.832,1,8,19794.0,1,8,2142.531,1,8,17141.574,1,8,122.697,1,8,-9900,?,9,-9900,?,9,9.82,E,8,6.77,E,8,81.0,E,8,872.5394,E,8,999.0,E,8,1.11,E,8,-9900,?,9,-9900,?,9,0.0,E,8,-9900,?,9,-9900,?,9,0.0,0.0,E,8
07/05/2016,10:00,737.837,1320.468,293.31,1,8,70.345,1,8,254.029,1,8,35197.2,1,8,6682.799,1,8,27943.147,1,8,144.804,1,8,-9900,?,9,-9900,?,9,11.71,E,8,7.39,E,8,74.0,E,8,872.5394,E,8,999.0,E,8,1.11,E,8,-9900,?,9,-9900,?,9,0.0,E,8,-9900,?,9,-9900,?,9,0.0,0.0,E,8
07/05/2016,11:00,878.465,1320.468,392.25,1,8,123.322,1,8,310.238,1,8,47070.0,1,8,11715.593,1,8,34126.197,1,8,148.494,1,8,-9900,?,9,-9900,?,9,13.37,E,8,7.91,E,8,69.0,E,8,872.5394,E,8,999.0,E,8,1.11,E,8,-9900,?,9,-9900,?,9,0.0,E,8,-9900,?,9,-9900,?,9,0.0,0.0,E,8
07/05/2016,12:00,946.834,1320.468,452.77,1,8,152.322,1,8,343.579,1,8,54332.4,1,8,14470.586,1,8,37793.667,1,8,152.564,1,8,-9900,?,9,-9900,?,9,14.72,E,8,8.33,E,8,65.0,E,8,872.5394,E,8,999.0,E,8,1.11,E,8,-9900,?,9,-9900,?,9,0.0,E,8,-9900,?,9,-9900,?,9,0.0,0.0,E,8
07/05/2016,13:00,938.257,1320.468,470.12,1,8,184.661,1,8,338.947,1,8,56414.4,1,8,17542.758,1,8,37284.218,1,8,151.885,1,8,-9900,?,9,-9900,?,9,15.7,E,8,8.62,E,8,62.0,E,8,872.5394,E,8,999.0,E,8,1.11,E,8,-9900,?,9,-9900,?,9,0.0,E,8,-9900,?,9,-9900,?,9,0.0,0.0,E,8
07/05/2016,14:00,853.32,1320.468,443.0,1,8,228.539,1,8,295.373,1,8,53160.0,1,8,21711.225,1,8,32490.992,1,8,145.551,1,8,-9900,?,9,-9900,?,9,16.29,E,8,8.8,E,8,61.0,E,8,872.5394,E,8,999.0,E,8,1.11,E,8,-9900,?,9,-9900,?,9,0.0,E,8,-9900,?,9,-9900,?,9,0.0,0.0,E,8
07/05/2016,15:00,697.841,1320.468,373.44,1,8,272.605,1,8,229.482,1,8,44812.8,1,8,25897.519,1,8,25243.062,1,8,138.325,1,8,-9900,?,9,-9900,?,9,16.48,E,8,8.85,E,8,60.0,E,8,872.5394,E,8,999.0,E,8,1.41,E,8,-9900,?,9,-9900,?,9,0.0,E,8,-9900,?,9,-9900,?,9,0.0,0.0,E,8
07/05/2016,16:00,482.53,1320.468,210.03,1,8,161.588,1,8,151.093,1,8,25203.6,1,8,15350.843,1,8,16620.262,1,8,131.862,1,8,-9900,?,9,-9900,?,9,15.84,E,8,8.66,E,8,62.0,E,8,872.5394,E,8,999.0,E,8,1.11,E,8,-9900,?,9,-9900,?,9,0.0,E,8,-9900,?,9,-9900,?,9,0.0,0.0,E,8
07/05/2016,17:00,222.703,1320.468,134.13,1,8,346.293,1,8,76.28,1,8,16095.6,1,8,32897.848,1,8,8390.85,1,8,145.347,1,8,-9900,?,9,-9900,?,9,14.95,E,8,8.4,E,8,64.0,E,8,872.5394,E,8,999.0,E,8,1.11,E,8,-9900,?,9,-9900,?,9,0.0,E,8,-9900,?,9,-9900,?,9,0.0,0.0,E,8
07/05/2016,18:00,0.0,1320.468,9.72,1,8,0.0,1,8,0.0,1,8,1166.4,1,8,0.0,1,8,0.0,1,8,-0.0,1,8,-9900,?,9,-9900,?,9,14.22,E,8,8.18,E,8,66.0,E,8,872.5394,E,8,999.0,E,8,1.11,E,8,-9900,?,9,-9900,?,9,0.0,E,8,-9900,?,9,-9900,?,9,0.0,0.0,E,8
07/05/2016,19:00,0.0,1320.468,0.0,1,8,0.0,1,8,0.0,1,8,0.0,1,8,0.0,1,8,0.0,1,8,-0.0,1,8,-9900,?,9,-9900,?,9,13.48,E,8,7.95,E,8,69.0,E,8,872.5394,E,8,999.0,E,8,1.11,E,8,-9900,?,9,-9900,?,9,0.0,E,8,-9900,?,9,-9900,?,9,0.0,0.0,E,8
07/05/2016,20:00,0.0,1320.468,0.0,1,8,0.0,1,8,0.0,1,8,0.0,1,8,0.0,1,8,0.0,1,8,-0.0,1,8,-9900,?,9,-9900,?,9,12.74,E,8,7.72,E,8,71.0,E,8,872.5394,E,8,999.0,E,8,1.11,E,8,-9900,?,9,-9900,?,9,0.0,E,8,-9900,?,9,-9900,?,9,0.0,0.0,E,8
07/05/2016,21:00,0.0,1320.468,0.0,1,8,0.0,1,8,0.0,1,8,0.0,1,8,0.0,1,8,0.0,1,8,-0.0,1,8,-9900,?,9,-9900,?,9,12.01,E,8,7.48,E,8,73.0,E,8,872.5394,E,8,999.0,E,8,1.11,E,8,-9900,?,9,-9900,?,9,0.0,E,8,-9900,?,9,-9900,?,9,0.0,0.0,E,8
07/05/2016,22:00,0.0,1320.468,0.0,1,8,0.0,1,8,0.0,1,8,0.0,1,8,0.0,1,8,0.0,1,8,-0.0,1,8,-9900,?,9,-9900,?,9,11.27,E,8,7.24,E,8,76.0,E,8,872.5394,E,8,999.0,E,8,1.11,E,8,-9900,?,9,-9900,?,9,0.0,E,8,-9900,?,9,-9900,?,9,0.0,0.0,E,8
07/05/2016,23:00,0.0,1320.468,0.0,1,8,0.0,1,8,0.0,1,8,0.0,1,8,0.0,1,8,0.0,1,8,-0.0,1,8,-9900,?,9,-9900,?,9,10.53,E,8,7.0,E,8,78.0,E,8,872.5394,E,8,999.0,E,8,1.11,E,8,-9900,?,9,-9900,?,9,0.0,E,8,-9900,?,9,-9900,?,9,0.0,0.0,E,8
07/05/2016,24:00,0.0,1320.468,0.0,1,8,0.0,1,8,0.0,1,8,0.0,1,8,0.0,1,8,0.0,1,8,-0.0,1,8,-9900,?,9,-9900,?,9,9.8,E,8,7.92,E,8,88.0,E,8,872.5394,E,8,999.0,E,8,1.12,E,8,-9900,?,9,-9900,?,9,0.0,E,8,-9900,?,9,-9900,?,9,0.0,0.0,E,8
07/06/2016,01:00,0.0,1320.468,0.0,1,8,0.0,1,8,0.0,1,8,0.0,1,8,0.0,1,8,0.0,1,8,-0.0,1,8,-9900,?,9,-9900,?,9,9.43,E,8,7.78,E,8,89.0,E,8,872.5394,E,8,999.0,E,8,1.12,E,8,-9900,?,9,-9900,?,9,0.0,E,8,-9900,?,9,-9900,?,9,0.0,0.0,E,8
07/06/2016,02:00,0.0,1320.468,0.0,1,8,0.0,1,8,0.0,1,8,0.0,1,8,0.0,1,8,0.0,1,8,-0.0,1,8,-9900,?,9,-9900,?,9,9.06,E,8,7.63,E,8,90.0,E,8,872.5394,E,8,999.0,E,8,1.12,E,8,-9900,?,9,-9900,?,9,0.0,E,8,-9900,?,9,-9900,?,9,0.0,0.0,E,8
07/06/2016,03:00,0.0,1320.468,0.0,1,8,0.0,1,8,0.0,1,8,0.0,1,8,0.0,1,8,0.0,1,8,-0.0,1,8,-9900,?,9,-9900,?,9,8.69,E,8,7.48,E,8,92.0,E,8,872.5394,E,8,999.0,E,8,1.12,E,8,-9900,?,9,-9900,?,9,0.0,E,8,-9900,?,9,-9900,?,9,0.0,0.0,E,8
07/06/2016,04:00,0.0,1320.493,0.0,1,8,0.0,1,8,0.0,1,8,0.0,1,8,0.0,1,8,0.0,1,8,-0.0,1,8,-9900,?,9,-9900,?,9,8.33,E,8,7.33,E,8,93.0,E,8,872.5394,E,8,999.0,E,8,1.12,E,8,-9900,?,9,-9900,?,9,0.0,E,8,-9900,?,9,-9900,?,9,0.0,0.0,E,8
07/06/2016,05:00,0.0,1320.493,0.0,1,8,0.0,1,8,0.0,1,8,0.0,1,8,0.0,1,8,0.0,1,8,-0.0,1,8,-9900,?,9,-9900,?,9,7.96,E,8,7.17,E,8,94.0,E,8,872.5394,E,8,999.0,E,8,1.12,E,8,-9900,?,9,-9900,?,9,0.0,E,8,-9900,?,9,-9900,?,9,0.0,0.0,E,8
07/06/2016,06:00,0.0,1320.493,0.0,1,8,0.0,1,8,0.0,1,8,0.0,1,8,0.0,1,8,0.0,1,8,-0.0,1,8,-9900,?,9,-9900,?,9,7.67,E,8,7.05,E,8,95.0,E,8,872.5394,E,8,999.0,E,8,1.12,E,8,-9900,?,9,-9900,?,9,0.0,E,8,-9900,?,9,-9900,?,9,0.0,0.0,E,8
07/06/2016,07:00,8.849,1320.493,0.0,1,8,0.0,1,8,0.0,1,8,0.0,1,8,0.0,1,8,0.0,1,8,-0.0,1,8,-9900,?,9,-9900,?,9,7.43,E,8,6.95,E,8,96.0,E,8,872.5394,E,8,999.0,E,8,1.12,E,8,-9900,?,9,-9900,?,9,0.0,E,8,-9900,?,9,-9900,?,9,0.0,0.0,E,8
07/06/2016,08:00,283.413,1320.493,16.84,1,8,0.0,1,8,16.84,1,8,2020.8,1,8,0.0,1,8,1852.4,1,8,25.123,1,8,-9900,?,9,-9900,?,9,7.19,E,8,6.85,E,8,97.0,E,8,872.5394,E,8,999.0,E,8,1.12,E,8,-9900,?,9,-9900,?,9,0.0,E,8,-9900,?,9,-9900,?,9,0.0,0.0,E,8
07/06/2016,09:00,535.268,1320.493,81.35,1,8,0.0,1,8,81.35,1,8,9762.0,1,8,0.0,1,8,8948.5,1,8,63.976,1,8,-9900,?,9,-9900,?,9,8.88,E,8,7.55,E,8,91.0,E,8,872.5394,E,8,999.0,E,8,1.12,E,8,-9900,?,9,-9900,?,9,0.0,E,8,-9900,?,9,-9900,?,9,0.0,0.0,E,8
07/06/2016,10:00,738.8,1320.493,212.88,1,8,14.642,1,8,204.693,1,8,25545.6,1,8,1390.991,1,8,22516.256,1,8,116.531,1,8,-9900,?,9,-9900,?,9,10.76,E,8,8.3,E,8,84.0,E,8,872.5394,E,8,999.0,E,8,1.12,E,8,-9900,?,9,-9900,?,9,0.0,E,8,-9900,?,9,-9900,?,9,0.0,0.0,E,8
07/06/2016,11:00,879.731,1320.493,284.69,1,8,8.601,1,8,278.962,1,8,34162.8,1,8,817.131,1,8,30685.792,1,8,133.334,1,8,-9900,?,9,-9900,?,9,12.32,E,8,8.9,E,8,79.0,E,8,872.5394,E,8,999.0,E,8,1.12,E,8,-9900,?,9,-9900,?,9,0.0,E,8,-9900,?,9,-9900,?,9,0.0,0.0,E,8
07/06/2016,12:00,948.368,1320.493,328.65,1,8,10.747,1,8,320.933,1,8,39438.0,1,8,1021.004,1,8,35302.676,1,8,142.28,1,8,-9900,?,9,-9900,?,9,13.56,E,8,9.36,E,8,75.0,E,8,872.5394,E,8,999.0,E,8,1.12,E,8,-9900,?,9,-9900,?,9,0.0,E,8,-9900,?,9,-9900,?,9,0.0,0.0,E,8
07/06/2016,13:00,940.007,1320.493,341.32,1,8,12.961,1,8,332.096,1,8,40958.4,1,8,1231.274,1,8,36530.6,1,8,148.54,1,8,-9900,?,9,-9900,?,9,14.46,E,8,9.68,E,8,72.0,E,8,872.5394,E,8,999.0,E,8,1.12,E,8,-9900,?,9,-9900,?,9,0.0,E,8,-9900,?,9,-9900,?,9,0.0,0.0,E,8
07/06/2016,14:00,855.218,1320.493,321.74,1,8,16.041,1,8,311.355,1,8,38608.8,1,8,1523.878,1,8,34249.09,1,8,153.088,1,8,-9900,?,9,-9900,?,9,15.0,E,8,9.87,E,8,71.0,E,8,872.5394,E,8,999.0,E,8,1.12,E,8,-9900,?,9,-9900,?,9,0.0,E,8,-9900,?,9,-9900,?,9,0.0,0.0,E,8
07/06/2016,15:00,699.809,1320.493,271.4,1,8,54.915,1,8,242.319,1,8,32568.0,1,8,5216.933,1,8,26655.09,1,8,145.653,1,8,-9900,?,9,-9900,?,9,15.19,E,8,9.94,E,8,70.0,E,8,872.5394,E,8,999.0,E,8,1.12,E,8,-9900,?,9,-9900,?,9,0.0,E,8,-9900,?,9,-9900,?,9,0.0,0.0,E,8
07/06/2016,16:00,484.484,1320.493,194.31,1,8,106.49,1,8,155.312,1,8,23317.2,1,8,10116.528,1,8,17084.347,1,8,134.997,1,8,-9900,?,9,-9900,?,9,14.95,E,8,9.86,E,8,71.0,E,8,872.5394,E,8,999.0,E,8,1.12,E,8,-9900,?,9,-9900,?,9,0.0,E,8,-9900,?,9,-9900,?,9,0.0,0.0,E,8
07/06/2016,17:00,224.551,1320.493,97.99,1,8,254.06,1,8,55.19,1,8,11758.8,1,8,24135.667,1,8,6070.947,1,8,104.282,1,8,-9900,?,9,-9900,?,9,14.18,E,8,9.58,E,8,73.0,E,8,872.5394,E,8,999.0,E,8,1.12,E,8,-9900,?,9,-9900,?,9,0.0,E,8,-9900,?,9,-9900,?,9,0.0,0.0,E,8
07/06/2016,18:00,0.0,1320.493,7.39,1,8,0.0,1,8,0.0,1,8,886.8,1,8,0.0,1,8,0.0,1,8,-0.0,1,8,-9900,?,9,-9900,?,9,13.7,E,8,9.41,E,8,75.0,E,8,872.5394,E,8,999.0,E,8,1.12,E,8,-9900,?,9,-9900,?,9,0.0,E,8,-9900,?,9,-9900,?,9,0.0,0.0,E,8
07/06/2016,19:00,0.0,1320.493,0.0,1,8,0.0,1,8,0.0,1,8,0.0,1,8,0.0,1,8,0.0,1,8,-0.0,1,8,-9900,?,9,-9900,?,9,13.21,E,8,9.23,E,8,76.0,E,8,872.5394,E,8,999.0,E,8,1.12,E,8,-9900,?,9,-9900,?,9,0.0,E,8,-9900,?,9,-9900,?,9,0.0,0.0,E,8
07/06/2016,20:00,0.0,1320.493,0.0,1,8,0.0,1,8,0.0,1,8,0.0,1,8,0.0,1,8,0.0,1,8,-0.0,1,8,-9900,?,9,-9900,?,9,12.72,E,8,9.05,E,8,78.0,E,8,872.5394,E,8,999.0,E,8,1.12,E,8,-9900,?,9,-9900,?,9,0.0,E,8,-9900,?,9,-9900,?,9,0.0,0.0,E,8
07/06/2016,21:00,0.0,1320.493,0.0,1,8,0.0,1,8,0.0,1,8,0.0,1,8,0.0,1,8,0.0,1,8,-0.0,1,8,-9900,?,9,-9900,?,9,12.23,E,8,8.86,E,8,79.0,E,8,872.5394,E,8,999.0,E,8,1.12,E,8,-9900,?,9,-9900,?,9,0.0,E,8,-9900,?,9,-9900,?,9,0.0,0.0,E,8
07/06/2016,22:00,0.0,1320.493,0.0,1,8,0.0,1,8,0.0,1,8,0.0,1,8,0.0,1,8,0.0,1,8,-0.0,1,8,-9900,?,9,-9900,?,9,11.74,E,8,8.68,E,8,81.0,E,8,872.5394,E,8,999.0,E,8,1.12,E,8,-9900,?,9,-9900,?,9,0.0,E,8,-9900,?,9,-9900,?,9,0.0,0.0,E,8
07/06/2016,23:00,0.0,1320.493,0.0,1,8,0.0,1,8,0.0,1,8,0.0,1,8,0.0,1,8,0.0,1,8,-0.0,1,8,-9900,?,9,-9900,?,9,11.26,E,8,8.5,E,8,83.0,E,8,872.5394,E,8,999.0,E,8,1.12,E,8,-9900,?,9,-9900,?,9,0.0,E,8,-9900,?,9,-9900,?,9,0.0,0.0,E,8
07/06/2016,24:00,0.0,1320.493,0.0,1,8,0.0,1,8,0.0,1,8,0.0,1,8,0.0,1,8,0.0,1,8,-0.0,1,8,-9900,?,9,-9900,?,9,10.77,E,8,8.65,E,8,86.0,E,8,872.5394,E,8,999.0,E,8,0.61,E,8,-9900,?,9,-9900,?,9,0.0,E,8,-9900,?,9,-9900,?,9,0.0,0.0,E,8
07/07/2016,01:00,0.0,1320.493,0.0,1,8,0.0,1,8,0.0,1,8,0.0,1,8,0.0,1,8,0.0,1,8,-0.0,1,8,-9900,?,9,-9900,?,9,10.52,E,8,8.64,E,8,88.0,E,8,872.5394,E,8,999.0,E,8,0.61,E,8,-9900,?,9,-9900,?,9,0.0,E,8,-9900,?,9,-9900,?,9,0.0,0.0,E,8
07/07/2016,02:00,0.0,1320.493,0.0,1,8,0.0,1,8,0.0,1,8,0.0,1,8,0.0,1,8,0.0,1,8,-0.0,1,8,-9900,?,9,-9900,?,9,10.28,E,8,8.62,E,8,89.0,E,8,872.5394,E,8,999.0,E,8,0.61,E,8,-9900,?,9,-9900,?,9,0.0,E,8,-9900,?,9,-9900,?,9,0.0,0.0,E,8
07/07/2016,03:00,0.0,1320.493,0.0,1,8,0.0,1,8,0.0,1,8,0.0,1,8,0.0,1,8,0.0,1,8,-0.0,1,8,-9900,?,9,-9900,?,9,10.04,E,8,8.61,E,8,90.0,E,8,872.5394,E,8,999.0,E,8,0.61,E,8,-9900,?,9,-9900,?,9,0.0,E,8,-9900,?,9,-9900,?,9,0.0,0.0,E,8
07/07/2016,04:00,0.0,1320.529,0.0,1,8,0.0,1,8,0.0,1,8,0.0,1,8,0.0,1,8,0.0,1,8,-0.0,1,8,-9900,?,9,-9900,?,9,9.79,E,8,8.59,E,8,92.0,E,8,872.5394,E,8,999.0,E,8,0.61,E,8,-9900,?,9,-9900,?,9,0.0,E,8,-9900,?,9,-9900,?,9,0.0,0.0,E,8
07/07/2016,05:00,0.0,1320.529,0.0,1,8,0.0,1,8,0.0,1,8,0.0,1,8,0.0,1,8,0.0,1,8,-0.0,1,8,-9900,?,9,-9900,?,9,9.55,E,8,8.57,E,8,93.0,E,8,872.5394,E,8,999.0,E,8,0.61,E,8,-9900,?,9,-9900,?,9,0.0,E,8,-9900,?,9,-9900,?,9,0.0,0.0,E,8
07/07/2016,06:00,0.0,1320.529,0.0,1,8,0.0,1,8,0.0,1,8,0.0,1,8,0.0,1,8,0.0,1,8,-0.0,1,8,-9900,?,9,-9900,?,9,9.36,E,8,8.56,E,8,94.0,E,8,872.5394,E,8,999.0,E,8,0.61,E,8,-9900,?,9,-9900,?,9,0.0,E,8,-9900,?,9,-9900,?,9,0.0,0.0,E,8
07/07/2016,07:00,8.975,1320.529,0.0,1,8,0.0,1,8,0.0,1,8,0.0,1,8,0.0,1,8,0.0,1,8,-0.0,1,8,-9900,?,9,-9900,?,9,9.2,E,8,8.55,E,8,95.0,E,8,872.5394,E,8,999.0,E,8,0.61,E,8,-9900,?,9,-9900,?,9,0.0,E,8,-9900,?,9,-9900,?,9,0.0,0.0,E,8
07/07/2016,08:00,283.851,1320.529,111.58,1,8,120.863,1,8,85.752,1,8,13389.6,1,8,11481.966,1,8,9432.751,1,8,127.733,1,8,-9900,?,9,-9900,?,9,9.04,E,8,8.54,E,8,96.0,E,8,872.5394,E,8,999.0,E,8,0.61,E,8,-9900,?,9,-9900,?,9,0.0,E,8,-9900,?,9,-9900,?,9,0.0,0.0,E,8
07/07/2016,09:00,536.024,1320.529,354.31,1,8,539.649,1,8,135.581,1,8,42517.2,1,8,51266.636,1,8,14913.955,1,8,106.477,1,8,-9900,?,9,-9900,?,9,14.6,E,8,8.9,E,8,68.0,E,8,872.5394,E,8,999.0,E,8,0.61,E,8,-9900,?,9,-9900,?,9,0.0,E,8,-9900,?,9,-9900,?,9,0.0,0.0,E,8
07/07/2016,10:00,739.878,1320.529,270.47,1,8,88.082,1,8,221.15,1,8,32456.4,1,8,8367.788,1,8,24326.528,1,8,125.72,1,8,-9900,?,9,-9900,?,9,14.9,E,8,8.92,E,8,72.0,E,8,872.5394,E,8,999.0,E,8,0.61,E,8,-9900,?,9,-9900,?,9,0.003,E,8,-9900,?,9,-9900,?,9,0.03,99.0,E,8
07/07/2016,11:00,881.113,1320.529,227.03,1,8,5.331,1,8,223.474,1,8,27243.6,1,8,506.491,1,8,24582.13,1,8,106.648,1,8,-9900,?,9,-9900,?,9,14.79,E,8,8.92,E,8,67.0,E,8,872.5394,E,8,999.0,E,8,0.61,E,8,-9900,?,9,-9900,?,9,0.0,E,8,-9900,?,9,-9900,?,9,0.0,0.0,E,8
07/07/2016,12:00,950.015,1320.529,224.56,1,8,4.362,1,8,221.423,1,8,26947.2,1,8,414.391,1,8,24356.502,1,8,97.996,1,8,-9900,?,9,-9900,?,9,14.71,E,8,8.91,E,8,68.0,E,8,872.5394,E,8,999.0,E,8,2.26,E,8,-9900,?,9,-9900,?,9,0.0,E,8,-9900,?,9,-9900,?,9,0.0,0.0,E,8
07/07/2016,13:00,941.861,1320.529,166.69,1,8,2.411,1,8,164.971,1,8,20002.8,1,8,229.022,1,8,18146.813,1,8,73.645,1,8,-9900,?,9,-9900,?,9,14.43,E,8,8.89,E,8,69.0,E,8,872.5394,E,8,999.0,E,8,3.16,E,8,-9900,?,9,-9900,?,9,0.0,E,8,-9900,?,9,-9900,?,9,0.0,0.0,E,8
07/07/2016,14:00,857.208,1320.529,367.75,1,8,171.871,1,8,256.227,1,8,44130.0,1,8,16327.762,1,8,28184.921,1,8,125.693,1,8,-9900,?,9,-9900,?,9,14.92,E,8,8.93,E,8,67.0,E,8,872.5394,E,8,999.0,E,8,3.91,E,8,-9900,?,9,-9900,?,9,0.0,E,8,-9900,?,9,-9900,?,9,0.0,0.0,E,8
07/07/2016,15:00,701.853,1320.529,517.02,1,8,653.194,1,8,170.11,1,8,62042.4,1,8,62053.422,1,8,18712.051,1,8,101.954,1,8,-9900,?,9,-9900,?,9,15.72,E,8,8.98,E,8,64.0,E,8,872.5394,E,8,999.0,E,8,3.36,E,8,-9900,?,9,-9900,?,9,0.0,E,8,-9900,?,9,-9900,?,9,0.0,0.0,E,8
07/07/2016,16:00,486.498,1320.529,229.15,1,8,217.081,1,8,149.323,1,8,27498.0,1,8,20622.683,1,8,16425.528,1,8,129.255,1,8,-9900,?,9,-9900,?,9,15.5,E,8,8.96,E,8,65.0,E,8,872.5394,E,8,999.0,E,8,2.26,E,8,-9900,?,9,-9900,?,9,0.0,E,8,-9900,?,9,-9900,?,9,0.0,0.0,E,8
07/07/2016,17:00,226.441,1320.529,47.5,1,8,0.0,1,8,47.5,1,8,5700.0,1,8,0.0,1,8,5225.0,1,8,88.991,1,8,-9900,?,9,-9900,?,9,14.57,E,8,8.9,E,8,73.0,E,8,872.5394,E,8,999.0,E,8,0.96,E,8,-9900,?,9,-9900,?,9,0.001,E,8,-9900,?,9,-9900,?,9,0.01,99.0,E,8
07/07/2016,18:00,0.0,1320.529,8.66,1,8,0.0,1,8,0.0,1,8,1039.2,1,8,0.0,1,8,0.0,1,8,-0.0,1,8,-9900,?,9,-9900,?,9,14.04,E,8,8.87,E,8,75.0,E,8,872.5394,E,8,999.0,E,8,0.78,E,8,-9900,?,9,-9900,?,9,0.008,E,8,-9900,?,9,-9900,?,9,0.08,99.0,E,8
07/07/2016,19:00,0.0,1320.529,0.0,1,8,0.0,1,8,0.0,1,8,0.0,1,8,0.0,1,8,0.0,1,8,-0.0,1,8,-9900,?,9,-9900,?,9,13.51,E,8,8.83,E,8,73.0,E,8,872.5394,E,8,999.0,E,8,0.61,E,8,-9900,?,9,-9900,?,9,0.0,E,8,-9900,?,9,-9900,?,9,0.0,0.0,E,8
07/07/2016,20:00,0.0,1320.529,0.0,1,8,0.0,1,8,0.0,1,8,0.0,1,8,0.0,1,8,0.0,1,8,-0.0,1,8,-9900,?,9,-9900,?,9,12.98,E,8,8.8,E,8,75.0,E,8,872.5394,E,8,999.0,E,8,0.61,E,8,-9900,?,9,-9900,?,9,0.0,E,8,-9900,?,9,-9900,?,9,0.0,0.0,E,8
07/07/2016,21:00,0.0,1320.529,0.0,1,8,0.0,1,8,0.0,1,8,0.0,1,8,0.0,1,8,0.0,1,8,-0.0,1,8,-9900,?,9,-9900,?,9,12.45,E,8,8.76,E,8,78.0,E,8,872.5394,E,8,999.0,E,8,0.61,E,8,-9900,?,9,-9900,?,9,0.0,E,8,-9900,?,9,-9900,?,9,0.0,0.0,E,8
07/07/2016,22:00,0.0,1320.529,0.0,1,8,0.0,1,8,0.0,1,8,0.0,1,8,0.0,1,8,0.0,1,8,-0.0,1,8,-9900,?,9,-9900,?,9,11.92,E,8,8.73,E,8,85.0,E,8,872.5394,E,8,999.0,E,8,0.61,E,8,-9900,?,9,-9900,?,9,0.002,E,8,-9900,?,9,-9900,?,9,0.02,99.0,E,8
07/07/2016,23:00,0.0,1320.529,0.0,1,8,0.0,1,8,0.0,1,8,0.0,1,8,0.0,1,8,0.0,1,8,-0.0,1,8,-9900,?,9,-9900,?,9,11.39,E,8,8.69,E,8,93.0,E,8,872.5394,E,8,999.0,E,8,0.61,E,8,-9900,?,9,-9900,?,9,0.186,E,8,-9900,?,9,-9900,?,9,1.86,99.0,E,8
07/07/2016,24:00,0.0,1320.529,0.0,1,8,0.0,1,8,0.0,1,8,0.0,1,8,0.0,1,8,0.0,1,8,-0.0,1,8,-9900,?,9,-9900,?,9,10.86,E,8,9.46,E,8,91.0,E,8,872.5394,E,8,999.0,E,8,1.07,E,8,-9900,?,9,-9900,?,9,0.0,E,8,-9900,?,9,-9900,?,9,0.0,0.0,E,8
07/08/2016,01:00,0.0,1320.529,0.0,1,8,0.0,1,8,0.0,1,8,0.0,1,8,0.0,1,8,0.0,1,8,-0.0,1,8,-9900,?,9,-9900,?,9,10.6,E,8,9.39,E,8,92.0,E,8,872.5394,E,8,999.0,E,8,1.07,E,8,-9900,?,9,-9900,?,9,0.0,E,8,-9900,?,9,-9900,?,9,0.0,0.0,E,8
07/08/2016,02:00,0.0,1320.529,0.0,1,8,0.0,1,8,0.0,1,8,0.0,1,8,0.0,1,8,0.0,1,8,-0.0,1,8,-9900,?,9,-9900,?,9,10.33,E,8,9.32,E,8,93.0,E,8,872.5394,E,8,999.0,E,8,1.15,E,8,-9900,?,9,-9900,?,9,0.0,E,8,-9900,?,9,-9900,?,9,0.0,0.0,E,8
07/08/2016,03:00,0.0,1320.529,0.0,1,8,0.0,1,8,0.0,1,8,0.0,1,8,0.0,1,8,0.0,1,8,-0.0,1,8,-9900,?,9,-9900,?,9,10.07,E,8,9.25,E,8,94.0,E,8,872.5394,E,8,999.0,E,8,1.07,E,8,-9900,?,9,-9900,?,9,0.0,E,8,-9900,?,9,-9900,?,9,0.0,0.0,E,8
07/08/2016,04:00,0.0,1320.579,0.0,1,8,0.0,1,8,0.0,1,8,0.0,1,8,0.0,1,8,0.0,1,8,-0.0,1,8,-9900,?,9,-9900,?,9,9.8,E,8,9.18,E,8,95.0,E,8,872.5394,E,8,999.0,E,8,1.07,E,8,-9900,?,9,-9900,?,9,0.0,E,8,-9900,?,9,-9900,?,9,0.0,0.0,E,8
07/08/2016,05:00,0.0,1320.579,0.0,1,8,0.0,1,8,0.0,1,8,0.0,1,8,0.0,1,8,0.0,1,8,-0.0,1,8,-9900,?,9,-9900,?,9,9.54,E,8,9.11,E,8,97.0,E,8,872.5394,E,8,999.0,E,8,1.07,E,8,-9900,?,9,-9900,?,9,0.0,E,8,-9900,?,9,-9900,?,9,0.0,0.0,E,8
07/08/2016,06:00,0.0,1320.579,0.0,1,8,0.0,1,8,0.0,1,8,0.0,1,8,0.0,1,8,0.0,1,8,-0.0,1,8,-9900,?,9,-9900,?,9,9.33,E,8,9.05,E,8,98.0,E,8,872.5394,E,8,999.0,E,8,1.07,E,8,-9900,?,9,-9900,?,9,0.0,E,8,-9900,?,9,-9900,?,9,0.0,0.0,E,8
07/08/2016,07:00,9.177,1320.579,0.0,1,8,0.0,1,8,0.0,1,8,0.0,1,8,0.0,1,8,0.0,1,8,-0.0,1,8,-9900,?,9,-9900,?,9,9.16,E,8,9.01,E,8,98.0,E,8,872.5394,E,8,999.0,E,8,1.07,E,8,-9900,?,9,-9900,?,9,0.0,E,8,-9900,?,9,-9900,?,9,0.0,0.0,E,8
07/08/2016,08:00,284.39,1320.579,35.46,1,8,0.0,1,8,35.46,1,8,4255.2,1,8,0.0,1,8,3900.6,1,8,52.72,1,8,-9900,?,9,-9900,?,9,8.98,E,8,8.96,E,8,99.0,E,8,872.5394,E,8,999.0,E,8,1.07,E,8,-9900,?,9,-9900,?,9,0.0,E,8,-9900,?,9,-9900,?,9,0.0,0.0,E,8
07/08/2016,09:00,536.891,1320.579,122.69,1,8,0.0,1,8,122.69,1,8,14722.8,1,8,0.0,1,8,13495.9,1,8,96.2,1,8,-9900,?,9,-9900,?,9,10.86,E,8,9.46,E,8,91.0,E,8,872.5394,E,8,999.0,E,8,1.07,E,8,-9900,?,9,-9900,?,9,0.0,E,8,-9900,?,9,-9900,?,9,0.0,0.0,E,8
07/08/2016,10:00,741.072,1320.579,176.69,1,8,5.825,1,8,173.423,1,8,21202.8,1,8,553.375,1,8,19076.559,1,8,98.433,1,8,-9900,?,9,-9900,?,9,11.63,E,8,9.66,E,8,87.0,E,8,872.5394,E,8,999.0,E,8,1.07,E,8,-9900,?,9,-9900,?,9,0.0,E,8,-9900,?,9,-9900,?,9,0.0,0.0,E,8
07/08/2016,11:00,882.61,1320.579,445.35,1,8,213.146,1,8,302.945,1,8,53442.0,1,8,20248.894,1,8,33323.982,1,8,144.334,1,8,-9900,?,9,-9900,?,9,13.61,E,8,10.16,E,8,79.0,E,8,872.5394,E,8,999.0,E,8,1.07,E,8,-9900,?,9,-9900,?,9,0.0,E,8,-9900,?,9,-9900,?,9,0.0,0.0,E,8
07/08/2016,12:00,951.773,1320.579,537.4,1,8,248.084,1,8,358.649,1,8,64488.0,1,8,23567.937,1,8,39451.381,1,8,158.441,1,8,-9900,?,9,-9900,?,9,15.23,E,8,10.56,E,8,73.0,E,8,872.5394,E,8,999.0,E,8,1.07,E,8,-9900,?,9,-9900,?,9,0.0,E,8,-9900,?,9,-9900,?,9,0.0,0.0,E,8
07/08/2016,13:00,943.818,1320.579,127.36,1,8,0.152,1,8,127.252,1,8,15283.2,1,8,14.402,1,8,13997.685,1,8,56.691,1,8,-9900,?,9,-9900,?,9,14.32,E,8,10.33,E,8,76.0,E,8,872.5394,E,8,999.0,E,8,1.07,E,8,-9900,?,9,-9900,?,9,0.0,E,8,-9900,?,9,-9900,?,9,0.0,0.0,E,8
07/08/2016,14:00,859.288,1320.579,281.31,1,8,28.921,1,8,262.499,1,8,33757.2,1,8,2747.499,1,8,28874.877,1,8,128.463,1,8,-9900,?,9,-9900,?,9,14.55,E,8,10.39,E,8,76.0,E,8,872.5394,E,8,999.0,E,8,1.4,E,8,-9900,?,9,-9900,?,9,0.0,E,8,-9900,?,9,-9900,?,9,0.0,0.0,E,8
07/08/2016,15:00,703.973,1320.579,108.49,1,8,0.0,1,8,108.49,1,8,13018.8,1,8,0.0,1,8,11933.9,1,8,64.829,1,8,-9900,?,9,-9900,?,9,13.85,E,8,10.22,E,8,78.0,E,8,872.5394,E,8,999.0,E,8,1.5,E,8,-9900,?,9,-9900,?,9,0.0,E,8,-9900,?,9,-9900,?,9,0.0,0.0,E,8
07/08/2016,16:00,488.568,1320.579,189.29,1,8,99.22,1,8,152.649,1,8,22714.8,1,8,9425.907,1,8,16791.42,1,8,131.577,1,8,-9900,?,9,-9900,?,9,13.67,E,8,10.17,E,8,79.0,E,8,872.5394,E,8,999.0,E,8,1.44,E,8,-9900,?,9,-9900,?,9,0.0,E,8,-9900,?,9,-9900,?,9,0.0,0.0,E,8
07/08/2016,17:00,228.37,1320.579,96.2,1,8,223.551,1,8,57.89,1,8,11544.0,1,8,21237.339,1,8,6367.924,1,8,107.528,1,8,-9900,?,9,-9900,?,9,13.15,E,8,10.04,E,8,81.0,E,8,872.5394,E,8,999.0,E,8,1.22,E,8,-9900,?,9,-9900,?,9,0.0,E,8,-9900,?,9,-9900,?,9,0.0,0.0,E,8
07/08/2016,18:00,0.0,1320.579,7.85,1,8,0.0,1,8,0.0,1,8,942.0,1,8,0.0,1,8,0.0,1,8,-0.0,1,8,-9900,?,9,-9900,?,9,12.69,E,8,9.93,E,8,83.0,E,8,872.5394,E,8,999.0,E,8,1.07,E,8,-9900,?,9,-9900,?,9,0.0,E,8,-9900,?,9,-9900,?,9,0.0,0.0,E,8
07/08/2016,19:00,0.0,1320.579,0.0,1,8,0.0,1,8,0.0,1,8,0.0,1,8,0.0,1,8,0.0,1,8,-0.0,1,8,-9900,?,9,-9900,?,9,12.23,E,8,9.81,E,8,85.0,E,8,872.5394,E,8,999.0,E,8,1.07,E,8,-9900,?,9,-9900,?,9,0.0,E,8,-9900,?,9,-9900,?,9,0.0,0.0,E,8
07/08/2016,20:00,0.0,1320.579,0.0,1,8,0.0,1,8,0.0,1,8,0.0,1,8,0.0,1,8,0.0,1,8,-0.0,1,8,-9900,?,9,-9900,?,9,11.78,E,8,9.69,E,8,87.0,E,8,872.5394,E,8,999.0,E,8,1.07,E,8,-9900,?,9,-9900,?,9,0.0,E,8,-9900,?,9,-9900,?,9,0.0,0.0,E,8
07/08/2016,21:00,0.0,1320.579,0.0,1,8,0.0,1,8,0.0,1,8,0.0,1,8,0.0,1,8,0.0,1,8,-0.0,1,8,-9900,?,9,-9900,?,9,11.32,E,8,9.58,E,8,89.0,E,8,872.5394,E,8,999.0,E,8,1.07,E,8,-9900,?,9,-9900,?,9,0.0,E,8,-9900,?,9,-9900,?,9,0.0,0.0,E,8
07/08/2016,22:00,0.0,1320.579,0.0,1,8,0.0,1,8,0.0,1,8,0.0,1,8,0.0,1,8,0.0,1,8,-0.0,1,8,-9900,?,9,-9900,?,9,10.86,E,8,9.46,E,8,91.0,E,8,872.5394,E,8,999.0,E,8,1.07,E,8,-9900,?,9,-9900,?,9,0.0,E,8,-9900,?,9,-9900,?,9,0.0,0.0,E,8
07/08/2016,23:00,0.0,1320.579,0.0,1,8,0.0,1,8,0.0,1,8,0.0,1,8,0.0,1,8,0.0,1,8,-0.0,1,8,-9900,?,9,-9900,?,9,10.4,E,8,9.34,E,8,93.0,E,8,872.5394,E,8,999.0,E,8,1.07,E,8,-9900,?,9,-9900,?,9,0.0,E,8,-9900,?,9,-9900,?,9,0.0,0.0,E,8
07/08/2016,24:00,0.0,1320.579,0.0,1,8,0.0,1,8,0.0,1,8,0.0,1,8,0.0,1,8,0.0,1,8,-0.0,1,8,-9900,?,9,-9900,?,9,9.94,E,8,7.89,E,8,87.0,E,8,872.5394,E,8,999.0,E,8,0.78,E,8,-9900,?,9,-9900,?,9,0.0,E,8,-9900,?,9,-9900,?,9,0.0,0.0,E,8
07/09/2016,01:00,0.0,1320.579,0.0,1,8,0.0,1,8,0.0,1,8,0.0,1,8,0.0,1,8,0.0,1,8,-0.0,1,8,-9900,?,9,-9900,?,9,9.71,E,8,7.81,E,8,87.0,E,8,872.5394,E,8,999.0,E,8,0.78,E,8,-9900,?,9,-9900,?,9,0.0,E,8,-9900,?,9,-9900,?,9,0.0,0.0,E,8
07/09/2016,02:00,0.0,1320.579,0.0,1,8,0.0,1,8,0.0,1,8,0.0,1,8,0.0,1,8,0.0,1,8,-0.0,1,8,-9900,?,9,-9900,?,9,9.48,E,8,7.73,E,8,88.0,E,8,872.5394,E,8,999.0,E,8,0.78,E,8,-9900,?,9,-9900,?,9,0.0,E,8,-9900,?,9,-9900,?,9,0.0,0.0,E,8
07/09/2016,03:00,0.0,1320.579,0.0,1,8,0.0,1,8,0.0,1,8,0.0,1,8,0.0,1,8,0.0,1,8,-0.0,1,8,-9900,?,9,-9900,?,9,9.25,E,8,7.65,E,8,89.0,E,8,872.5394,E,8,999.0,E,8,0.78,E,8,-9900,?,9,-9900,?,9,0.0,E,8,-9900,?,9,-9900,?,9,0.0,0.0,E,8
07/09/2016,04:00,0.0,1320.641,0.0,1,8,0.0,1,8,0.0,1,8,0.0,1,8,0.0,1,8,0.0,1,8,-0.0,1,8,-9900,?,9,-9900,?,9,9.02,E,8,7.56,E,8,90.0,E,8,872.5394,E,8,999.0,E,8,0.78,E,8,-9900,?,9,-9900,?,9,0.0,E,8,-9900,?,9,-9900,?,9,0.0,0.0,E,8
07/09/2016,05:00,0.0,1320.641,0.0,1,8,0.0,1,8,0.0,1,8,0.0,1,8,0.0,1,8,0.0,1,8,-0.0,1,8,-9900,?,9,-9900,?,9,8.79,E,8,7.48,E,8,91.0,E,8,872.5394,E,8,999.0,E,8,0.78,E,8,-9900,?,9,-9900,?,9,0.0,E,8,-9900,?,9,-9900,?,9,0.0,0.0,E,8
07/09/2016,06:00,0.0,1320.641,0.0,1,8,0.0,1,8,0.0,1,8,0.0,1,8,0.0,1,8,0.0,1,8,-0.0,1,8,-9900,?,9,-9900,?,9,8.61,E,8,7.42,E,8,92.0,E,8,872.5394,E,8,999.0,E,8,0.78,E,8,-9900,?,9,-9900,?,9,0.0,E,8,-9900,?,9,-9900,?,9,0.0,0.0,E,8
07/09/2016,07:00,9.457,1320.641,0.0,1,8,0.0,1,8,0.0,1,8,0.0,1,8,0.0,1,8,0.0,1,8,-0.0,1,8,-9900,?,9,-9900,?,9,8.46,E,8,7.36,E,8,92.0,E,8,872.5394,E,8,999.0,E,8,0.78,E,8,-9900,?,9,-9900,?,9,0.0,E,8,-9900,?,9,-9900,?,9,0.0,0.0,E,8
07/09/2016,08:00,285.031,1320.641,26.45,1,8,0.0,1,8,26.45,1,8,3174.0,1,8,0.0,1,8,2909.5,1,8,39.237,1,8,-9900,?,9,-9900,?,9,8.31,E,8,7.31,E,8,93.0,E,8,872.5394,E,8,999.0,E,8,0.78,E,8,-9900,?,9,-9900,?,9,0.0,E,8,-9900,?,9,-9900,?,9,0.0,0.0,E,8
07/09/2016,09:00,537.869,1320.641,140.97,1,8,7.006,1,8,138.121,1,8,16916.4,1,8,665.581,1,8,15193.281,1,8,108.107,1,8,-9900,?,9,-9900,?,9,10.8,E,8,8.2,E,8,83.0,E,8,872.5394,E,8,999.0,E,8,0.78,E,8,-9900,?,9,-9900,?,9,0.0,E,8,-9900,?,9,-9900,?,9,0.0,0.0,E,8
07/09/2016,10:00,742.381,1320.641,250.11,1,8,8.269,1,8,245.465,1,8,30013.2,1,8,785.518,1,8,27001.135,1,8,139.083,1,8,-9900,?,9,-9900,?,9,12.45,E,8,8.76,E,8,78.0,E,8,872.5394,E,8,999.0,E,8,0.78,E,8,-9900,?,9,-9900,?,9,0.0,E,8,-9900,?,9,-9900,?,9,0.0,0.0,E,8
07/09/2016,11:00,884.223,1320.641,334.33,1,8,15.963,1,8,323.646,1,8,40119.6,1,8,1516.443,1,8,35601.091,1,8,153.922,1,8,-9900,?,9,-9900,?,9,13.9,E,8,9.24,E,8,73.0,E,8,872.5394,E,8,999.0,E,8,0.97,E,8,-9900,?,9,-9900,?,9,0.0,E,8,-9900,?,9,-9900,?,9,0.0,0.0,E,8
07/09/2016,12:00,953.641,1320.641,386.02,1,8,77.359,1,8,330.174,1,8,46322.4,1,8,7349.072,1,8,36319.147,1,8,145.583,1,8,-9900,?,9,-9900,?,9,15.08,E,8,9.62,E,8,69.0,E,8,872.5394,E,8,999.0,E,8,1.43,E,8,-9900,?,9,-9900,?,9,0.0,E,8,-9900,?,9,-9900,?,9,0.0,0.0,E,8
07/09/2016,13:00,945.875,1320.641,401.13,1,8,94.045,1,8,333.791,1,8,48135.6,1,8,8934.302,1,8,36717.041,1,8,148.387,1,8,-9900,?,9,-9900,?,9,15.94,E,8,9.89,E,8,67.0,E,8,872.5394,E,8,999.0,E,8,2.46,E,8,-9900,?,9,-9900,?,9,0.0,E,8,-9900,?,9,-9900,?,9,0.0,0.0,E,8
07/09/2016,14:00,861.456,1320.641,378.54,1,8,117.548,1,8,301.894,1,8,45424.8,1,8,11167.056,1,8,33208.308,1,8,147.376,1,8,-9900,?,9,-9900,?,9,16.46,E,8,10.06,E,8,65.0,E,8,872.5394,E,8,999.0,E,8,2.43,E,8,-9900,?,9,-9900,?,9,0.0,E,8,-9900,?,9,-9900,?,9,0.0,0.0,E,8
07/09/2016,15:00,706.165,1320.641,319.94,1,8,124.061,1,8,253.651,1,8,38392.8,1,8,11785.827,1,8,27901.639,1,8,151.107,1,8,-9900,?,9,-9900,?,9,16.63,E,8,10.11,E,8,65.0,E,8,872.5394,E,8,999.0,E,8,3.01,E,8,-9900,?,9,-9900,?,9,0.0,E,8,-9900,?,9,-9900,?,9,0.0,0.0,E,8
07/09/2016,16:00,490.695,1320.641,229.98,1,8,195.206,1,8,157.581,1,8,27597.6,1,8,18544.541,1,8,17333.951,1,8,135.244,1,8,-9900,?,9,-9900,?,9,16.35,E,8,10.02,E,8,66.0,E,8,872.5394,E,8,999.0,E,8,1.82,E,8,-9900,?,9,-9900,?,9,0.0,E,8,-9900,?,9,-9900,?,9,0.0,0.0,E,8
07/09/2016,17:00,230.338,1320.641,117.34,1,8,308.724,1,8,63.973,1,8,14080.8,1,8,29328.771,1,8,7037.013,1,8,117.799,1,8,-9900,?,9,-9900,?,9,15.56,E,8,9.78,E,8,68.0,E,8,872.5394,E,8,999.0,E,8,1.37,E,8,-9900,?,9,-9900,?,9,0.0,E,8,-9900,?,9,-9900,?,9,0.0,0.0,E,8
07/09/2016,18:00,0.0,1320.641,9.94,1,8,0.0,1,8,0.0,1,8,1192.8,1,8,0.0,1,8,0.0,1,8,-0.0,1,8,-9900,?,9,-9900,?,9,14.85,E,8,9.55,E,8,70.0,E,8,872.5394,E,8,999.0,E,8,1.04,E,8,-9900,?,9,-9900,?,9,0.0,E,8,-9900,?,9,-9900,?,9,0.0,0.0,E,8
07/09/2016,19:00,0.0,1320.641,0.0,1,8,0.0,1,8,0.0,1,8,0.0,1,8,0.0,1,8,0.0,1,8,-0.0,1,8,-9900,?,9,-9900,?,9,14.14,E,8,9.32,E,8,72.0,E,8,872.5394,E,8,999.0,E,8,0.78,E,8,-9900,?,9,-9900,?,9,0.0,E,8,-9900,?,9,-9900,?,9,0.0,0.0,E,8
07/09/2016,20:00,0.0,1320.641,0.0,1,8,0.0,1,8,0.0,1,8,0.0,1,8,0.0,1,8,0.0,1,8,-0.0,1,8,-9900,?,9,-9900,?,9,13.43,E,8,9.09,E,8,74.0,E,8,872.5394,E,8,999.0,E,8,0.78,E,8,-9900,?,9,-9900,?,9,0.0,E,8,-9900,?,9,-9900,?,9,0.0,0.0,E,8
07/09/2016,21:00,0.0,1320.641,0.0,1,8,0.0,1,8,0.0,1,8,0.0,1,8,0.0,1,8,0.0,1,8,-0.0,1,8,-9900,?,9,-9900,?,9,12.72,E,8,8.85,E,8,77.0,E,8,872.5394,E,8,999.0,E,8,0.78,E,8,-9900,?,9,-9900,?,9,0.0,E,8,-9900,?,9,-9900,?,9,0.0,0.0,E,8
07/09/2016,22:00,0.0,1320.641,0.0,1,8,0.0,1,8,0.0,1,8,0.0,1,8,0.0,1,8,0.0,1,8,-0.0,1,8,-9900,?,9,-9900,?,9,12.01,E,8,8.61,E,8,79.0,E,8,872.5394,E,8,999.0,E,8,0.78,E,8,-9900,?,9,-9900,?,9,0.0,E,8,-9900,?,9,-9900,?,9,0.0,0.0,E,8
07/09/2016,23:00,0.0,1320.641,0.0,1,8,0.0,1,8,0.0,1,8,0.0,1,8,0.0,1,8,0.0,1,8,-0.0,1,8,-9900,?,9,-9900,?,9,11.3,E,8,8.37,E,8,82.0,E,8,872.5394,E,8,999.0,E,8,0.78,E,8,-9900,?,9,-9900,?,9,0.0,E,8,-9900,?,9,-9900,?,9,0.0,0.0,E,8
07/09/2016,24:00,0.0,1320.641,0.0,1,8,0.0,1,8,0.0,1,8,0.0,1,8,0.0,1,8,0.0,1,8,-0.0,1,8,-9900,?,9,-9900,?,9,10.59,E,8,6.89,E,8,77.0,E,8,872.5394,E,8,999.0,E,8,0.87,E,8,-9900,?,9,-9900,?,9,0.0,E,8,-9900,?,9,-9900,?,9,0.0,0.0,E,8
07/10/2016,01:00,0.0,1320.641,0.0,1,8,0.0,1,8,0.0,1,8,0.0,1,8,0.0,1,8,0.0,1,8,-0.0,1,8,-9900,?,9,-9900,?,9,10.23,E,8,6.83,E,8,79.0,E,8,872.5394,E,8,999.0,E,8,0.87,E,8,-9900,?,9,-9900,?,9,0.0,E,8,-9900,?,9,-9900,?,9,0.0,0.0,E,8
07/10/2016,02:00,0.0,1320.641,0.0,1,8,0.0,1,8,0.0,1,8,0.0,1,8,0.0,1,8,0.0,1,8,-0.0,1,8,-9900,?,9,-9900,?,9,9.88,E,8,6.76,E,8,80.0,E,8,872.5394,E,8,999.0,E,8,0.87,E,8,-9900,?,9,-9900,?,9,0.0,E,8,-9900,?,9,-9900,?,9,0.0,0.0,E,8
07/10/2016,03:00,0.0,1320.641,0.0,1,8,0.0,1,8,0.0,1,8,0.0,1,8,0.0,1,8,0.0,1,8,-0.0,1,8,-9900,?,9,-9900,?,9,9.52,E,8,6.7,E,8,82.0,E,8,872.5394,E,8,999.0,E,8,0.87,E,8,-9900,?,9,-9900,?,9,0.0,E,8,-9900,?,9,-9900,?,9,0.0,0.0,E,8
07/10/2016,04:00,0.0,1320.716,0.0,1,8,0.0,1,8,0.0,1,8,0.0,1,8,0.0,1,8,0.0,1,8,-0.0,1,8,-9900,?,9,-9900,?,9,9.17,E,8,6.63,E,8,84.0,E,8,872.5394,E,8,999.0,E,8,0.87,E,8,-9900,?,9,-9900,?,9,0.0,E,8,-9900,?,9,-9900,?,9,0.0,0.0,E,8
07/10/2016,05:00,0.0,1320.716,0.0,1,8,0.0,1,8,0.0,1,8,0.0,1,8,0.0,1,8,0.0,1,8,-0.0,1,8,-9900,?,9,-9900,?,9,8.81,E,8,6.57,E,8,85.0,E,8,872.5394,E,8,999.0,E,8,0.87,E,8,-9900,?,9,-9900,?,9,0.0,E,8,-9900,?,9,-9900,?,9,0.0,0.0,E,8
07/10/2016,06:00,0.0,1320.716,0.0,1,8,0.0,1,8,0.0,1,8,0.0,1,8,0.0,1,8,0.0,1,8,-0.0,1,8,-9900,?,9,-9900,?,9,8.54,E,8,6.52,E,8,87.0,E,8,872.5394,E,8,999.0,E,8,0.87,E,8,-9900,?,9,-9900,?,9,0.0,E,8,-9900,?,9,-9900,?,9,0.0,0.0,E,8
07/10/2016,07:00,9.815,1320.716,0.0,1,8,0.0,1,8,0.0,1,8,0.0,1,8,0.0,1,8,0.0,1,8,-0.0,1,8,-9900,?,9,-9900,?,9,8.3,E,8,6.47,E,8,88.0,E,8,872.5394,E,8,999.0,E,8,0.87,E,8,-9900,?,9,-9900,?,9,0.0,E,8,-9900,?,9,-9900,?,9,0.0,0.0,E,8
07/10/2016,08:00,285.775,1320.716,33.92,1,8,0.0,1,8,33.92,1,8,4070.4,1,8,0.0,1,8,3731.2,1,8,50.189,1,8,-9900,?,9,-9900,?,9,8.07,E,8,6.43,E,8,89.0,E,8,872.5394,E,8,999.0,E,8,0.87,E,8,-9900,?,9,-9900,?,9,0.0,E,8,-9900,?,9,-9900,?,9,0.0,0.0,E,8
07/10/2016,09:00,538.959,1320.716,201.24,1,8,78.669,1,8,169.183,1,8,24148.8,1,8,7473.593,1,8,18610.168,1,8,132.159,1,8,-9900,?,9,-9900,?,9,11.01,E,8,6.97,E,8,76.0,E,8,872.5394,E,8,999.0,E,8,0.87,E,8,-9900,?,9,-9900,?,9,0.0,E,8,-9900,?,9,-9900,?,9,0.0,0.0,E,8
07/10/2016,10:00,743.805,1320.716,336.25,1,8,125.841,1,8,265.423,1,8,40350.0,1,8,11954.925,1,8,29196.528,1,8,150.111,1,8,-9900,?,9,-9900,?,9,12.83,E,8,7.29,E,8,69.0,E,8,872.5394,E,8,999.0,E,8,0.87,E,8,-9900,?,9,-9900,?,9,0.0,E,8,-9900,?,9,-9900,?,9,0.0,0.0,E,8
07/10/2016,11:00,885.95,1320.716,488.61,1,8,246.958,1,8,323.007,1,8,58633.2,1,8,23461.035,1,8,35530.8,1,8,153.327,1,8,-9900,?,9,-9900,?,9,14.69,E,8,7.62,E,8,62.0,E,8,872.5394,E,8,999.0,E,8,0.87,E,8,-9900,?,9,-9900,?,9,0.0,E,8,-9900,?,9,-9900,?,9,0.0,0.0,E,8
07/10/2016,12:00,955.618,1320.716,581.16,1,8,355.367,1,8,324.099,1,8,69739.2,1,8,33759.898,1,8,35650.906,1,8,142.616,1,8,-9900,?,9,-9900,?,9,16.27,E,8,7.89,E,8,57.0,E,8,872.5394,E,8,999.0,E,8,1.15,E,8,-9900,?,9,-9900,?,9,0.0,E,8,-9900,?,9,-9900,?,9,0.0,0.0,E,8
07/10/2016,13:00,948.032,1320.716,606.02,1,8,444.488,1,8,287.047,1,8,72722.4,1,8,42226.332,1,8,31575.225,1,8,127.324,1,8,-9900,?,9,-9900,?,9,17.43,E,8,8.09,E,8,54.0,E,8,872.5394,E,8,999.0,E,8,1.52,E,8,-9900,?,9,-9900,?,9,0.0,E,8,-9900,?,9,-9900,?,9,0.0,0.0,E,8
07/10/2016,14:00,863.71,1320.716,586.41,1,8,533.987,1,8,237.335,1,8,70369.2,1,8,50728.721,1,8,26106.896,1,8,115.565,1,8,-9900,?,9,-9900,?,9,18.18,E,8,8.21,E,8,52.0,E,8,872.5394,E,8,999.0,E,8,2.22,E,8,-9900,?,9,-9900,?,9,0.0,E,8,-9900,?,9,-9900,?,9,0.0,0.0,E,8
07/10/2016,15:00,708.427,1320.716,533.99,1,8,757.278,1,8,128.084,1,8,64078.8,1,8,71941.401,1,8,14089.202,1,8,76.063,1,8,-9900,?,9,-9900,?,9,18.58,E,8,8.28,E,8,51.0,E,8,872.5394,E,8,999.0,E,8,2.73,E,8,-9900,?,9,-9900,?,9,0.0,E,8,-9900,?,9,-9900,?,9,0.0,0.0,E,8
07/10/2016,16:00,492.874,1320.716,401.67,1,8,744.987,1,8,124.15,1,8,48200.4,1,8,70773.781,1,8,13656.477,1,8,106.084,1,8,-9900,?,9,-9900,?,9,18.49,E,8,8.27,E,8,51.0,E,8,872.5394,E,8,999.0,E,8,2.56,E,8,-9900,?,9,-9900,?,9,0.0,E,8,-9900,?,9,-9900,?,9,0.0,0.0,E,8
07/10/2016,17:00,232.34,1320.716,218.93,1,8,514.198,1,8,129.262,1,8,26271.6,1,8,48848.817,1,8,14218.872,1,8,235.949,1,8,-9900,?,9,-9900,?,9,17.65,E,8,8.12,E,8,53.0,E,8,872.5394,E,8,999.0,E,8,1.1,E,8,-9900,?,9,-9900,?,9,0.0,E,8,-9900,?,9,-9900,?,9,0.0,0.0,E,8
07/10/2016,18:00,0.0,1320.716,24.47,1,8,0.0,1,8,0.0,1,8,2936.4,1,8,0.0,1,8,0.0,1,8,-0.0,1,8,-9900,?,9,-9900,?,9,16.73,E,8,7.97,E,8,56.0,E,8,872.5394,E,8,999.0,E,8,0.87,E,8,-9900,?,9,-9900,?,9,0.0,E,8,-9900,?,9,-9900,?,9,0.0,0.0,E,8
07/10/2016,19:00,0.0,1320.716,0.0,1,8,0.0,1,8,0.0,1,8,0.0,1,8,0.0,1,8,0.0,1,8,-0.0,1,8,-9900,?,9,-9900,?,9,15.82,E,8,7.81,E,8,58.0,E,8,872.5394,E,8,999.0,E,8,0.87,E,8,-9900,?,9,-9900,?,9,0.0,E,8,-9900,?,9,-9900,?,9,0.0,0.0,E,8
07/10/2016,20:00,0.0,1320.716,0.0,1,8,0.0,1,8,0.0,1,8,0.0,1,8,0.0,1,8,0.0,1,8,-0.0,1,8,-9900,?,9,-9900,?,9,14.9,E,8,7.66,E,8,61.0,E,8,872.5394,E,8,999.0,E,8,0.87,E,8,-9900,?,9,-9900,?,9,0.0,E,8,-9900,?,9,-9900,?,9,0.0,0.0,E,8
07/10/2016,21:00,0.0,1320.716,0.0,1,8,0.0,1,8,0.0,1,8,0.0,1,8,0.0,1,8,0.0,1,8,-0.0,1,8,-9900,?,9,-9900,?,9,13.99,E,8,7.5,E,8,64.0,E,8,872.5394,E,8,999.0,E,8,0.87,E,8,-9900,?,9,-9900,?,9,0.0,E,8,-9900,?,9,-9900,?,9,0.0,0.0,E,8
07/10/2016,22:00,0.0,1320.716,0.0,1,8,0.0,1,8,0.0,1,8,0.0,1,8,0.0,1,8,0.0,1,8,-0.0,1,8,-9900,?,9,-9900,?,9,13.07,E,8,7.34,E,8,68.0,E,8,872.5394,E,8,999.0,E,8,0.87,E,8,-9900,?,9,-9900,?,9,0.0,E,8,-9900,?,9,-9900,?,9,0.0,0.0,E,8
07/10/2016,23:00,0.0,1320.716,0.0,1,8,0.0,1,8,0.0,1,8,0.0,1,8,0.0,1,8,0.0,1,8,-0.0,1,8,-9900,?,9,-9900,?,9,12.16,E,8,7.18,E,8,71.0,E,8,872.5394,E,8,999.0,E,8,0.87,E,8,-9900,?,9,-9900,?,9,0.0,E,8,-9900,?,9,-9900,?,9,0.0,0.0,E,8
07/10/2016,24:00,0.0,1320.716,0.0,1,8,0.0,1,8,0.0,1,8,0.0,1,8,0.0,1,8,0.0,1,8,-0.0,1,8,-9900,?,9,-9900,?,9,11.25,E,8,6.93,E,8,74.0,E,8,872.5394,E,8,999.0,E,8,0.41,E,8,-9900,?,9,-9900,?,9,0.0,E,8,-9900,?,9,-9900,?,9,0.0,0.0,E,8
07/11/2016,01:00,0.0,1320.716,0.0,1,8,0.0,1,8,0.0,1,8,0.0,1,8,0.0,1,8,0.0,1,8,-0.0,1,8,-9900,?,9,-9900,?,9,10.79,E,8,6.92,E,8,76.0,E,8,872.5394,E,8,999.0,E,8,0.41,E,8,-9900,?,9,-9900,?,9,0.0,E,8,-9900,?,9,-9900,?,9,0.0,0.0,E,8
07/11/2016,02:00,0.0,1320.716,0.0,1,8,0.0,1,8,0.0,1,8,0.0,1,8,0.0,1,8,0.0,1,8,-0.0,1,8,-9900,?,9,-9900,?,9,10.33,E,8,6.91,E,8,79.0,E,8,872.5394,E,8,999.0,E,8,0.41,E,8,-9900,?,9,-9900,?,9,0.0,E,8,-9900,?,9,-9900,?,9,0.0,0.0,E,8
07/11/2016,03:00,0.0,1320.716,0.0,1,8,0.0,1,8,0.0,1,8,0.0,1,8,0.0,1,8,0.0,1,8,-0.0,1,8,-9900,?,9,-9900,?,9,9.87,E,8,6.9,E,8,81.0,E,8,872.5394,E,8,999.0,E,8,0.41,E,8,-9900,?,9,-9900,?,9,0.0,E,8,-9900,?,9,-9900,?,9,0.0,0.0,E,8
07/11/2016,04:00,0.0,1320.804,0.0,1,8,0.0,1,8,0.0,1,8,0.0,1,8,0.0,1,8,0.0,1,8,-0.0,1,8,-9900,?,9,-9900,?,9,9.42,E,8,6.89,E,8,84.0,E,8,872.5394,E,8,999.0,E,8,0.41,E,8,-9900,?,9,-9900,?,9,0.0,E,8,-9900,?,9,-9900,?,9,0.0,0.0,E,8
07/11/2016,05:00,0.0,1320.804,0.0,1,8,0.0,1,8,0.0,1,8,0.0,1,8,0.0,1,8,0.0,1,8,-0.0,1,8,-9900,?,9,-9900,?,9,8.96,E,8,6.89,E,8,86.0,E,8,872.5394,E,8,999.0,E,8,0.41,E,8,-9900,?,9,-9900,?,9,0.0,E,8,-9900,?,9,-9900,?,9,0.0,0.0,E,8
07/11/2016,06:00,0.0,1320.804,0.0,1,8,0.0,1,8,0.0,1,8,0.0,1,8,0.0,1,8,0.0,1,8,-0.0,1,8,-9900,?,9,-9900,?,9,8.61,E,8,6.88,E,8,88.0,E,8,872.5394,E,8,999.0,E,8,0.41,E,8,-9900,?,9,-9900,?,9,0.0,E,8,-9900,?,9,-9900,?,9,0.0,0.0,E,8
07/11/2016,07:00,10.253,1320.804,0.0,1,8,0.0,1,8,0.0,1,8,0.0,1,8,0.0,1,8,0.0,1,8,-0.0,1,8,-9900,?,9,-9900,?,9,8.3,E,8,6.87,E,8,90.0,E,8,872.5394,E,8,999.0,E,8,0.41,E,8,-9900,?,9,-9900,?,9,0.0,E,8,-9900,?,9,-9900,?,9,0.0,0.0,E,8
07/11/2016,08:00,286.623,1320.804,61.37,1,8,0.0,1,8,61.37,1,8,7364.4,1,8,0.0,1,8,6750.7,1,8,90.539,1,8,-9900,?,9,-9900,?,9,8.0,E,8,6.87,E,8,92.0,E,8,872.5394,E,8,999.0,E,8,0.41,E,8,-9900,?,9,-9900,?,9,0.0,E,8,-9900,?,9,-9900,?,9,0.0,0.0,E,8
07/11/2016,09:00,540.16,1320.804,258.25,1,8,197.449,1,8,177.618,1,8,30990.0,1,8,18757.636,1,8,19537.963,1,8,138.447,1,8,-9900,?,9,-9900,?,9,11.8,E,8,6.93,E,8,72.0,E,8,872.5394,E,8,999.0,E,8,0.41,E,8,-9900,?,9,-9900,?,9,0.0,E,8,-9900,?,9,-9900,?,9,0.0,0.0,E,8
07/11/2016,10:00,745.345,1320.804,396.84,1,8,255.672,1,8,252.652,1,8,47620.8,1,8,24288.882,1,8,27791.673,1,8,142.602,1,8,-9900,?,9,-9900,?,9,13.68,E,8,6.97,E,8,63.0,E,8,872.5394,E,8,999.0,E,8,0.46,E,8,-9900,?,9,-9900,?,9,0.0,E,8,-9900,?,9,-9900,?,9,0.0,0.0,E,8
07/11/2016,11:00,887.791,1320.804,576.89,1,8,464.707,1,8,264.644,1,8,69226.8,1,8,44147.147,1,8,29110.85,1,8,125.37,1,8,-9900,?,9,-9900,?,9,15.69,E,8,7.0,E,8,56.0,E,8,872.5394,E,8,999.0,E,8,1.16,E,8,-9900,?,9,-9900,?,9,0.0,E,8,-9900,?,9,-9900,?,9,0.0,0.0,E,8
07/11/2016,12:00,957.702,1320.804,661.15,1,8,519.151,1,8,284.818,1,8,79338.0,1,8,49319.332,1,8,31330.024,1,8,125.067,1,8,-9900,?,9,-9900,?,9,17.3,E,8,7.03,E,8,50.0,E,8,872.5394,E,8,999.0,E,8,2.07,E,8,-9900,?,9,-9900,?,9,0.0,E,8,-9900,?,9,-9900,?,9,0.0,0.0,E,8
07/11/2016,13:00,950.287,1320.804,550.13,1,8,281.547,1,8,347.619,1,8,66015.6,1,8,26747.006,1,8,38238.068,1,8,153.835,1,8,-9900,?,9,-9900,?,9,17.93,E,8,7.04,E,8,48.0,E,8,872.5394,E,8,999.0,E,8,2.98,E,8,-9900,?,9,-9900,?,9,0.0,E,8,-9900,?,9,-9900,?,9,0.0,0.0,E,8
07/11/2016,14:00,866.049,1320.804,451.99,1,8,168.109,1,8,341.804,1,8,54238.8,1,8,15970.4,1,8,37598.417,1,8,165.994,1,8,-9900,?,9,-9900,?,9,18.05,E,8,7.04,E,8,48.0,E,8,872.5394,E,8,999.0,E,8,3.23,E,8,-9900,?,9,-9900,?,9,0.0,E,8,-9900,?,9,-9900,?,9,0.0,0.0,E,8
07/11/2016,15:00,710.758,1320.804,404.94,1,8,337.443,1,8,223.484,1,8,48592.8,1,8,32057.108,1,8,24583.214,1,8,132.289,1,8,-9900,?,9,-9900,?,9,17.96,E,8,7.04,E,8,48.0,E,8,872.5394,E,8,999.0,E,8,3.12,E,8,-9900,?,9,-9900,?,9,0.0,E,8,-9900,?,9,-9900,?,9,0.0,0.0,E,8
07/11/2016,16:00,495.105,1320.804,280.82,1,8,409.279,1,8,127.674,1,8,33698.4,1,8,38881.471,1,8,14044.157,1,8,108.609,1,8,-9900,?,9,-9900,?,9,17.33,E,8,7.03,E,8,50.0,E,8,872.5394,E,8,999.0,E,8,3.21,E,8,-9900,?,9,-9900,?,9,0.0,E,8,-9900,?,9,-9900,?,9,0.0,0.0,E,8
07/11/2016,17:00,234.377,1320.804,122.07,1,8,436.272,1,8,45.318,1,8,14648.4,1,8,41445.887,1,8,4984.992,1,8,81.996,1,8,-9900,?,9,-9900,?,9,16.19,E,8,7.01,E,8,54.0,E,8,872.5394,E,8,999.0,E,8,2.81,E,8,-9900,?,9,-9900,?,9,0.0,E,8,-9900,?,9,-9900,?,9,0.0,0.0,E,8
07/11/2016,18:00,0.0,1320.804,12.64,1,8,0.0,1,8,0.0,1,8,1516.8,1,8,0.0,1,8,0.0,1,8,-0.0,1,8,-9900,?,9,-9900,?,9,15.43,E,8,7.0,E,8,57.0,E,8,872.5394,E,8,999.0,E,8,1.49,E,8,-9900,?,9,-9900,?,9,0.0,E,8,-9900,?,9,-9900,?,9,0.0,0.0,E,8
07/11/2016,19:00,0.0,1320.804,0.0,1,8,0.0,1,8,0.0,1,8,0.0,1,8,0.0,1,8,0.0,1,8,-0.0,1,8,-9900,?,9,-9900,?,9,14.67,E,8,6.98,E,8,59.0,E,8,872.5394,E,8,999.0,E,8,0.8,E,8,-9900,?,9,-9900,?,9,0.0,E,8,-9900,?,9,-9900,?,9,0.0,0.0,E,8
07/11/2016,20:00,0.0,1320.804,0.0,1,8,0.0,1,8,0.0,1,8,0.0,1,8,0.0,1,8,0.0,1,8,-0.0,1,8,-9900,?,9,-9900,?,9,13.92,E,8,6.97,E,8,62.0,E,8,872.5394,E,8,999.0,E,8,0.41,E,8,-9900,?,9,-9900,?,9,0.0,E,8,-9900,?,9,-9900,?,9,0.0,0.0,E,8
07/11/2016,21:00,0.0,1320.804,0.0,1,8,0.0,1,8,0.0,1,8,0.0,1,8,0.0,1,8,0.0,1,8,-0.0,1,8,-9900,?,9,-9900,?,9,13.16,E,8,6.96,E,8,66.0,E,8,872.5394,E,8,999.0,E,8,0.41,E,8,-9900,?,9,-9900,?,9,0.0,E,8,-9900,?,9,-9900,?,9,0.0,0.0,E,8
07/11/2016,22:00,0.0,1320.804,0.0,1,8,0.0,1,8,0.0,1,8,0.0,1,8,0.0,1,8,0.0,1,8,-0.0,1,8,-9900,?,9,-9900,?,9,12.4,E,8,6.95,E,8,69.0,E,8,872.5394,E,8,999.0,E,8,0.41,E,8,-9900,?,9,-9900,?,9,0.0,E,8,-9900,?,9,-9900,?,9,0.0,0.0,E,8
07/11/2016,23:00,0.0,1320.804,0.0,1,8,0.0,1,8,0.0,1,8,0.0,1,8,0.0,1,8,0.0,1,8,-0.0,1,8,-9900,?,9,-9900,?,9,11.64,E,8,6.93,E,8,72.0,E,8,872.5394,E,8,999.0,E,8,0.41,E,8,-9900,?,9,-9900,?,9,0.0,E,8,-9900,?,9,-9900,?,9,0.0,0.0,E,8
07/11/2016,24:00,0.0,1320.804,0.0,1,8,0.0,1,8,0.0,1,8,0.0,1,8,0.0,1,8,0.0,1,8,-0.0,1,8,-9900,?,9,-9900,?,9,10.88,E,8,8.16,E,8,83.0,E,8,872.5394,E,8,999.0,E,8,0.43,E,8,-9900,?,9,-9900,?,9,0.0,E,8,-9900,?,9,-9900,?,9,0.0,0.0,E,8
07/12/2016,01:00,0.0,1320.804,0.0,1,8,0.0,1,8,0.0,1,8,0.0,1,8,0.0,1,8,0.0,1,8,-0.0,1,8,-9900,?,9,-9900,?,9,10.5,E,8,8.09,E,8,85.0,E,8,872.5394,E,8,999.0,E,8,0.43,E,8,-9900,?,9,-9900,?,9,0.0,E,8,-9900,?,9,-9900,?,9,0.0,0.0,E,8
07/12/2016,02:00,0.0,1320.804,0.0,1,8,0.0,1,8,0.0,1,8,0.0,1,8,0.0,1,8,0.0,1,8,-0.0,1,8,-9900,?,9,-9900,?,9,10.12,E,8,8.02,E,8,86.0,E,8,872.5394,E,8,999.0,E,8,0.43,E,8,-9900,?,9,-9900,?,9,0.0,E,8,-9900,?,9,-9900,?,9,0.0,0.0,E,8
07/12/2016,03:00,0.0,1320.804,0.0,1,8,0.0,1,8,0.0,1,8,0.0,1,8,0.0,1,8,0.0,1,8,-0.0,1,8,-9900,?,9,-9900,?,9,9.74,E,8,7.95,E,8,88.0,E,8,872.5394,E,8,999.0,E,8,0.43,E,8,-9900,?,9,-9900,?,9,0.0,E,8,-9900,?,9,-9900,?,9,0.0,0.0,E,8
07/12/2016,04:00,0.0,1320.904,0.0,1,8,0.0,1,8,0.0,1,8,0.0,1,8,0.0,1,8,0.0,1,8,-0.0,1,8,-9900,?,9,-9900,?,9,9.36,E,8,7.88,E,8,90.0,E,8,872.5394,E,8,999.0,E,8,0.43,E,8,-9900,?,9,-9900,?,9,0.0,E,8,-9900,?,9,-9900,?,9,0.0,0.0,E,8
07/12/2016,05:00,0.0,1320.904,0.0,1,8,0.0,1,8,0.0,1,8,0.0,1,8,0.0,1,8,0.0,1,8,-0.0,1,8,-9900,?,9,-9900,?,9,8.99,E,8,7.82,E,8,92.0,E,8,872.5394,E,8,999.0,E,8,0.43,E,8,-9900,?,9,-9900,?,9,0.0,E,8,-9900,?,9,-9900,?,9,0.0,0.0,E,8
07/12/2016,06:00,0.0,1320.904,0.0,1,8,0.0,1,8,0.0,1,8,0.0,1,8,0.0,1,8,0.0,1,8,-0.0,1,8,-9900,?,9,-9900,?,9,8.69,E,8,7.76,E,8,93.0,E,8,872.5394,E,8,999.0,E,8,0.43,E,8,-9900,?,9,-9900,?,9,0.0,E,8,-9900,?,9,-9900,?,9,0.0,0.0,E,8
07/12/2016,07:00,10.772,1320.904,0.0,1,8,0.0,1,8,0.0,1,8,0.0,1,8,0.0,1,8,0.0,1,8,-0.0,1,8,-9900,?,9,-9900,?,9,8.44,E,8,7.71,E,8,95.0,E,8,872.5394,E,8,999.0,E,8,0.43,E,8,-9900,?,9,-9900,?,9,0.0,E,8,-9900,?,9,-9900,?,9,0.0,0.0,E,8
07/12/2016,08:00,287.575,1320.904,29.17,1,8,0.0,1,8,29.17,1,8,3500.4,1,8,0.0,1,8,3208.7,1,8,42.893,1,8,-9900,?,9,-9900,?,9,8.19,E,8,7.67,E,8,96.0,E,8,872.5394,E,8,999.0,E,8,0.43,E,8,-9900,?,9,-9900,?,9,0.0,E,8,-9900,?,9,-9900,?,9,0.0,0.0,E,8
07/12/2016,09:00,541.473,1320.904,152.46,1,8,12.651,1,8,147.282,1,8,18295.2,1,8,1201.825,1,8,16200.975,1,8,114.53,1,8,-9900,?,9,-9900,?,9,11.06,E,8,8.19,E,8,82.0,E,8,872.5394,E,8,999.0,E,8,0.69,E,8,-9900,?,9,-9900,?,9,0.0,E,8,-9900,?,9,-9900,?,9,0.0,0.0,E,8
07/12/2016,10:00,746.999,1320.904,269.65,1,8,11.108,1,8,263.372,1,8,32358.0,1,8,1055.3,1,8,28970.906,1,8,148.334,1,8,-9900,?,9,-9900,?,9,12.93,E,8,8.53,E,8,74.0,E,8,872.5394,E,8,999.0,E,8,0.85,E,8,-9900,?,9,-9900,?,9,0.0,E,8,-9900,?,9,-9900,?,9,0.0,0.0,E,8
07/12/2016,11:00,889.745,1320.904,360.14,1,8,81.981,1,8,304.938,1,8,43216.8,1,8,7788.241,1,8,33543.158,1,8,144.152,1,8,-9900,?,9,-9900,?,9,14.59,E,8,8.82,E,8,68.0,E,8,872.5394,E,8,999.0,E,8,2.04,E,8,-9900,?,9,-9900,?,9,0.0,E,8,-9900,?,9,-9900,?,9,0.0,0.0,E,8
07/12/2016,12:00,959.894,1320.904,415.79,1,8,101.209,1,8,342.261,1,8,49894.8,1,8,9614.876,1,8,37648.724,1,8,149.958,1,8,-9900,?,9,-9900,?,9,15.93,E,8,9.05,E,8,63.0,E,8,872.5394,E,8,999.0,E,8,2.48,E,8,-9900,?,9,-9900,?,9,0.0,E,8,-9900,?,9,-9900,?,9,0.0,0.0,E,8
07/12/2016,13:00,952.638,1320.904,432.26,1,8,122.874,1,8,343.667,1,8,51871.2,1,8,11673.015,1,8,37803.397,1,8,151.722,1,8,-9900,?,9,-9900,?,9,16.91,E,8,9.22,E,8,60.0,E,8,872.5394,E,8,999.0,E,8,2.75,E,8,-9900,?,9,-9900,?,9,0.0,E,8,-9900,?,9,-9900,?,9,0.0,0.0,E,8
07/12/2016,14:00,868.47,1320.904,408.32,1,8,153.13,1,8,307.679,1,8,48998.4,1,8,14547.31,1,8,33844.681,1,8,149.016,1,8,-9900,?,9,-9900,?,9,17.51,E,8,9.32,E,8,58.0,E,8,872.5394,E,8,999.0,E,8,3.54,E,8,-9900,?,9,-9900,?,9,0.0,E,8,-9900,?,9,-9900,?,9,0.0,0.0,E,8
07/12/2016,15:00,713.155,1320.904,345.77,1,8,160.43,1,8,259.215,1,8,41492.4,1,8,15240.889,1,8,28513.693,1,8,152.935,1,8,-9900,?,9,-9900,?,9,17.7,E,8,9.35,E,8,58.0,E,8,872.5394,E,8,999.0,E,8,3.28,E,8,-9900,?,9,-9900,?,9,0.0,E,8,-9900,?,9,-9900,?,9,0.0,0.0,E,8
07/12/2016,16:00,497.385,1320.904,249.54,1,8,259.794,1,8,151.887,1,8,29944.8,1,8,24680.397,1,8,16707.583,1,8,128.622,1,8,-9900,?,9,-9900,?,9,17.39,E,8,9.3,E,8,58.0,E,8,872.5394,E,8,999.0,E,8,2.32,E,8,-9900,?,9,-9900,?,9,0.0,E,8,-9900,?,9,-9900,?,9,0.0,0.0,E,8
07/12/2016,17:00,236.446,1320.904,128.81,1,8,429.871,1,8,52.511,1,8,15457.2,1,8,40837.718,1,8,5776.254,1,8,94.173,1,8,-9900,?,9,-9900,?,9,16.5,E,8,9.15,E,8,61.0,E,8,872.5394,E,8,999.0,E,8,2.06,E,8,-9900,?,9,-9900,?,9,0.0,E,8,-9900,?,9,-9900,?,9,0.0,0.0,E,8
07/12/2016,18:00,0.0,1320.904,12.19,1,8,0.0,1,8,0.0,1,8,1462.8,1,8,0.0,1,8,0.0,1,8,-0.0,1,8,-9900,?,9,-9900,?,9,15.65,E,8,9.0,E,8,64.0,E,8,872.5394,E,8,999.0,E,8,0.91,E,8,-9900,?,9,-9900,?,9,0.0,E,8,-9900,?,9,-9900,?,9,0.0,0.0,E,8
07/12/2016,19:00,0.0,1320.904,0.0,1,8,0.0,1,8,0.0,1,8,0.0,1,8,0.0,1,8,0.0,1,8,-0.0,1,8,-9900,?,9,-9900,?,9,14.81,E,8,8.86,E,8,67.0,E,8,872.5394,E,8,999.0,E,8,0.43,E,8,-9900,?,9,-9900,?,9,0.0,E,8,-9900,?,9,-9900,?,9,0.0,0.0,E,8
07/12/2016,20:00,0.0,1320.904,0.0,1,8,0.0,1,8,0.0,1,8,0.0,1,8,0.0,1,8,0.0,1,8,-0.0,1,8,-9900,?,9,-9900,?,9,13.96,E,8,8.71,E,8,70.0,E,8,872.5394,E,8,999.0,E,8,0.43,E,8,-9900,?,9,-9900,?,9,0.0,E,8,-9900,?,9,-9900,?,9,0.0,0.0,E,8
07/12/2016,21:00,0.0,1320.904,0.0,1,8,0.0,1,8,0.0,1,8,0.0,1,8,0.0,1,8,0.0,1,8,-0.0,1,8,-9900,?,9,-9900,?,9,13.12,E,8,8.56,E,8,73.0,E,8,872.5394,E,8,999.0,E,8,0.43,E,8,-9900,?,9,-9900,?,9,0.0,E,8,-9900,?,9,-9900,?,9,0.0,0.0,E,8
07/12/2016,22:00,0.0,1320.904,0.0,1,8,0.0,1,8,0.0,1,8,0.0,1,8,0.0,1,8,0.0,1,8,-0.0,1,8,-9900,?,9,-9900,?,9,12.27,E,8,8.41,E,8,77.0,E,8,872.5394,E,8,999.0,E,8,0.43,E,8,-9900,?,9,-9900,?,9,0.0,E,8,-9900,?,9,-9900,?,9,0.0,0.0,E,8
07/12/2016,23:00,0.0,1320.904,0.0,1,8,0.0,1,8,0.0,1,8,0.0,1,8,0.0,1,8,0.0,1,8,-0.0,1,8,-9900,?,9,-9900,?,9,11.43,E,8,8.26,E,8,80.0,E,8,872.5394,E,8,999.0,E,8,0.43,E,8,-9900,?,9,-9900,?,9,0.0,E,8,-9900,?,9,-9900,?,9,0.0,0.0,E,8
07/12/2016,24:00,0.0,1320.904,0.0,1,8,0.0,1,8,0.0,1,8,0.0,1,8,0.0,1,8,0.0,1,8,-0.0,1,8,-9900,?,9,-9900,?,9,10.58,E,8,7.36,E,8,80.0,E,8,872.5394,E,8,999.0,E,8,0.84,E,8,-9900,?,9,-9900,?,9,0.0,E,8,-9900,?,9,-9900,?,9,0.0,0.0,E,8
07/13/2016,01:00,0.0,1320.904,0.0,1,8,0.0,1,8,0.0,1,8,0.0,1,8,0.0,1,8,0.0,1,8,-0.0,1,8,-9900,?,9,-9900,?,9,10.16,E,8,7.15,E,8,81.0,E,8,872.5394,E,8,999.0,E,8,0.84,E,8,-9900,?,9,-9900,?,9,0.0,E,8,-9900,?,9,-9900,?,9,0.0,0.0,E,8
07/13/2016,02:00,0.0,1320.904,0.0,1,8,0.0,1,8,0.0,1,8,0.0,1,8,0.0,1,8,0.0,1,8,-0.0,1,8,-9900,?,9,-9900,?,9,9.74,E,8,6.95,E,8,82.0,E,8,872.5394,E,8,999.0,E,8,0.84,E,8,-9900,?,9,-9900,?,9,0.0,E,8,-9900,?,9,-9900,?,9,0.0,0.0,E,8
07/13/2016,03:00,0.0,1320.904,0.0,1,8,0.0,1,8,0.0,1,8,0.0,1,8,0.0,1,8,0.0,1,8,-0.0,1,8,-9900,?,9,-9900,?,9,9.31,E,8,6.73,E,8,83.0,E,8,872.5394,E,8,999.0,E,8,0.84,E,8,-9900,?,9,-9900,?,9,0.0,E,8,-9900,?,9,-9900,?,9,0.0,0.0,E,8
07/13/2016,04:00,0.0,1321.017,0.0,1,8,0.0,1,8,0.0,1,8,0.0,1,8,0.0,1,8,0.0,1,8,-0.0,1,8,-9900,?,9,-9900,?,9,8.89,E,8,6.52,E,8,85.0,E,8,872.5394,E,8,999.0,E,8,0.84,E,8,-9900,?,9,-9900,?,9,0.0,E,8,-9900,?,9,-9900,?,9,0.0,0.0,E,8
07/13/2016,05:00,0.0,1321.017,0.0,1,8,0.0,1,8,0.0,1,8,0.0,1,8,0.0,1,8,0.0,1,8,-0.0,1,8,-9900,?,9,-9900,?,9,8.47,E,8,6.3,E,8,86.0,E,8,872.5394,E,8,999.0,E,8,0.84,E,8,-9900,?,9,-9900,?,9,0.0,E,8,-9900,?,9,-9900,?,9,0.0,0.0,E,8
07/13/2016,06:00,0.0,1321.017,0.0,1,8,0.0,1,8,0.0,1,8,0.0,1,8,0.0,1,8,0.0,1,8,-0.0,1,8,-9900,?,9,-9900,?,9,8.14,E,8,6.13,E,8,87.0,E,8,872.5394,E,8,999.0,E,8,0.84,E,8,-9900,?,9,-9900,?,9,0.0,E,8,-9900,?,9,-9900,?,9,0.0,0.0,E,8
07/13/2016,07:00,11.372,1321.017,0.0,1,8,0.0,1,8,0.0,1,8,0.0,1,8,0.0,1,8,0.0,1,8,0.0,1,8,-9900,?,9,-9900,?,9,7.86,E,8,5.98,E,8,87.0,E,8,872.5394,E,8,999.0,E,8,0.84,E,8,-9900,?,9,-9900,?,9,0.0,E,8,-9900,?,9,-9900,?,9,0.0,0.0,E,8
07/13/2016,08:00,288.632,1321.017,29.59,1,8,0.0,1,8,29.59,1,8,3550.8,1,8,0.0,1,8,3254.9,1,8,43.353,1,8,-9900,?,9,-9900,?,9,7.58,E,8,5.84,E,8,88.0,E,8,872.5394,E,8,999.0,E,8,0.84,E,8,-9900,?,9,-9900,?,9,0.0,E,8,-9900,?,9,-9900,?,9,0.0,0.0,E,8
07/13/2016,09:00,542.898,1321.017,153.39,1,8,12.962,1,8,148.07,1,8,18406.8,1,8,1231.434,1,8,16287.75,1,8,114.85,1,8,-9900,?,9,-9900,?,9,10.51,E,8,7.32,E,8,80.0,E,8,872.5394,E,8,999.0,E,8,0.84,E,8,-9900,?,9,-9900,?,9,0.0,E,8,-9900,?,9,-9900,?,9,0.0,0.0,E,8
07/13/2016,10:00,748.767,1321.017,270.96,1,8,11.21,1,8,264.61,1,8,32515.2,1,8,1064.948,1,8,29107.099,1,8,148.692,1,8,-9900,?,9,-9900,?,9,12.42,E,8,8.23,E,8,75.0,E,8,872.5394,E,8,999.0,E,8,0.84,E,8,-9900,?,9,-9900,?,9,0.0,E,8,-9900,?,9,-9900,?,9,0.0,0.0,E,8
07/13/2016,11:00,891.81,1321.017,361.75,1,8,82.554,1,8,306.038,1,8,43410.0,1,8,7842.625,1,8,33664.167,1,8,144.349,1,8,-9900,?,9,-9900,?,9,14.1,E,8,8.98,E,8,71.0,E,8,872.5394,E,8,999.0,E,8,0.84,E,8,-9900,?,9,-9900,?,9,0.0,E,8,-9900,?,9,-9900,?,9,0.0,0.0,E,8
07/13/2016,12:00,962.19,1321.017,417.61,1,8,101.828,1,8,343.461,1,8,50113.2,1,8,9673.63,1,8,37780.706,1,8,150.137,1,8,-9900,?,9,-9900,?,9,15.46,E,8,9.56,E,8,67.0,E,8,872.5394,E,8,999.0,E,8,1.22,E,8,-9900,?,9,-9900,?,9,0.0,E,8,-9900,?,9,-9900,?,9,0.0,0.0,E,8
07/13/2016,13:00,955.083,1321.017,434.21,1,8,123.583,1,8,344.885,1,8,52105.2,1,8,11740.359,1,8,37937.326,1,8,151.883,1,8,-9900,?,9,-9900,?,9,16.46,E,8,9.98,E,8,65.0,E,8,872.5394,E,8,999.0,E,8,2.55,E,8,-9900,?,9,-9900,?,9,0.0,E,8,-9900,?,9,-9900,?,9,0.0,0.0,E,8
07/13/2016,14:00,870.972,1321.017,410.29,1,8,153.969,1,8,308.814,1,8,49234.8,1,8,14627.096,1,8,33969.508,1,8,149.148,1,8,-9900,?,9,-9900,?,9,17.06,E,8,10.23,E,8,64.0,E,8,872.5394,E,8,999.0,E,8,2.42,E,8,-9900,?,9,-9900,?,9,0.0,E,8,-9900,?,9,-9900,?,9,0.0,0.0,E,8
07/13/2016,15:00,715.617,1321.017,347.65,1,8,161.258,1,8,260.356,1,8,41718.0,1,8,15319.491,1,8,28639.108,1,8,153.091,1,8,-9900,?,9,-9900,?,9,17.26,E,8,10.31,E,8,63.0,E,8,872.5394,E,8,999.0,E,8,2.4,E,8,-9900,?,9,-9900,?,9,0.0,E,8,-9900,?,9,-9900,?,9,0.0,0.0,E,8
07/13/2016,16:00,499.712,1321.017,251.23,1,8,261.019,1,8,152.664,1,8,30147.6,1,8,24796.819,1,8,16793.041,1,8,128.686,1,8,-9900,?,9,-9900,?,9,16.95,E,8,10.18,E,8,64.0,E,8,872.5394,E,8,999.0,E,8,2.11,E,8,-9900,?,9,-9900,?,9,0.0,E,8,-9900,?,9,-9900,?,9,0.0,0.0,E,8
07/13/2016,17:00,238.544,1321.017,130.18,1,8,431.231,1,8,52.956,1,8,15621.6,1,8,40966.966,1,8,5825.148,1,8,94.129,1,8,-9900,?,9,-9900,?,9,16.04,E,8,9.81,E,8,66.0,E,8,872.5394,E,8,999.0,E,8,1.11,E,8,-9900,?,9,-9900,?,9,0.0,E,8,-9900,?,9,-9900,?,9,0.0,0.0,E,8
07/13/2016,18:00,0.0,1321.017,12.77,1,8,0.0,1,8,0.0,1,8,1532.4,1,8,0.0,1,8,0.0,1,8,-0.0,1,8,-9900,?,9,-9900,?,9,15.22,E,8,9.46,E,8,68.0,E,8,872.5394,E,8,999.0,E,8,0.84,E,8,-9900,?,9,-9900,?,9,0.0,E,8,-9900,?,9,-9900,?,9,0.0,0.0,E,8
07/13/2016,19:00,0.0,1321.017,0.0,1,8,0.0,1,8,0.0,1,8,0.0,1,8,0.0,1,8,0.0,1,8,-0.0,1,8,-9900,?,9,-9900,?,9,14.4,E,8,9.11,E,8,70.0,E,8,872.5394,E,8,999.0,E,8,0.84,E,8,-9900,?,9,-9900,?,9,0.0,E,8,-9900,?,9,-9900,?,9,0.0,0.0,E,8
07/13/2016,20:00,0.0,1321.017,0.0,1,8,0.0,1,8,0.0,1,8,0.0,1,8,0.0,1,8,0.0,1,8,-0.0,1,8,-9900,?,9,-9900,?,9,13.58,E,8,8.75,E,8,72.0,E,8,872.5394,E,8,999.0,E,8,0.84,E,8,-9900,?,9,-9900,?,9,0.0,E,8,-9900,?,9,-9900,?,9,0.0,0.0,E,8
07/13/2016,21:00,0.0,1321.017,0.0,1,8,0.0,1,8,0.0,1,8,0.0,1,8,0.0,1,8,0.0,1,8,-0.0,1,8,-9900,?,9,-9900,?,9,12.76,E,8,8.38,E,8,74.0,E,8,872.5394,E,8,999.0,E,8,0.84,E,8,-9900,?,9,-9900,?,9,0.0,E,8,-9900,?,9,-9900,?,9,0.0,0.0,E,8
07/13/2016,22:00,0.0,1321.017,0.0,1,8,0.0,1,8,0.0,1,8,0.0,1,8,0.0,1,8,0.0,1,8,-0.0,1,8,-9900,?,9,-9900,?,9,11.94,E,8,8.0,E,8,76.0,E,8,872.5394,E,8,999.0,E,8,0.84,E,8,-9900,?,9,-9900,?,9,0.0,E,8,-9900,?,9,-9900,?,9,0.0,0.0,E,8
07/13/2016,23:00,0.0,1321.017,0.0,1,8,0.0,1,8,0.0,1,8,0.0,1,8,0.0,1,8,0.0,1,8,-0.0,1,8,-9900,?,9,-9900,?,9,11.12,E,8,7.62,E,8,78.0,E,8,872.5394,E,8,999.0,E,8,0.84,E,8,-9900,?,9,-9900,?,9,0.0,E,8,-9900,?,9,-9900,?,9,0.0,0.0,E,8
07/13/2016,24:00,0.0,1321.017,0.0,1,8,0.0,1,8,0.0,1,8,0.0,1,8,0.0,1,8,0.0,1,8,-0.0,1,8,-9900,?,9,-9900,?,9,10.3,E,8,7.79,E,8,84.0,E,8,872.5394,E,8,999.0,E,8,1.07,E,8,-9900,?,9,-9900,?,9,0.0,E,8,-9900,?,9,-9900,?,9,0.0,0.0,E,8
07/14/2016,01:00,0.0,1321.017,0.0,1,8,0.0,1,8,0.0,1,8,0.0,1,8,0.0,1,8,0.0,1,8,-0.0,1,8,-9900,?,9,-9900,?,9,9.89,E,8,7.63,E,8,85.0,E,8,872.5394,E,8,999.0,E,8,1.07,E,8,-9900,?,9,-9900,?,9,0.0,E,8,-9900,?,9,-9900,?,9,0.0,0.0,E,8
07/14/2016,02:00,0.0,1321.017,0.0,1,8,0.0,1,8,0.0,1,8,0.0,1,8,0.0,1,8,0.0,1,8,-0.0,1,8,-9900,?,9,-9900,?,9,9.48,E,8,7.48,E,8,87.0,E,8,872.5394,E,8,999.0,E,8,1.07,E,8,-9900,?,9,-9900,?,9,0.0,E,8,-9900,?,9,-9900,?,9,0.0,0.0,E,8
07/14/2016,03:00,0.0,1321.017,0.0,1,8,0.0,1,8,0.0,1,8,0.0,1,8,0.0,1,8,0.0,1,8,-0.0,1,8,-9900,?,9,-9900,?,9,9.07,E,8,7.32,E,8,88.0,E,8,872.5394,E,8,999.0,E,8,1.07,E,8,-9900,?,9,-9900,?,9,0.0,E,8,-9900,?,9,-9900,?,9,0.0,0.0,E,8
07/14/2016,04:00,0.0,1321.142,0.0,1,8,0.0,1,8,0.0,1,8,0.0,1,8,0.0,1,8,0.0,1,8,-0.0,1,8,-9900,?,9,-9900,?,9,8.66,E,8,7.16,E,8,90.0,E,8,872.5394,E,8,999.0,E,8,1.07,E,8,-9900,?,9,-9900,?,9,0.0,E,8,-9900,?,9,-9900,?,9,0.0,0.0,E,8
07/14/2016,05:00,0.0,1321.142,0.0,1,8,0.0,1,8,0.0,1,8,0.0,1,8,0.0,1,8,0.0,1,8,-0.0,1,8,-9900,?,9,-9900,?,9,8.25,E,8,7.0,E,8,91.0,E,8,872.5394,E,8,999.0,E,8,1.07,E,8,-9900,?,9,-9900,?,9,0.0,E,8,-9900,?,9,-9900,?,9,0.0,0.0,E,8
07/14/2016,06:00,0.0,1321.142,0.0,1,8,0.0,1,8,0.0,1,8,0.0,1,8,0.0,1,8,0.0,1,8,-0.0,1,8,-9900,?,9,-9900,?,9,7.94,E,8,6.87,E,8,92.0,E,8,872.5394,E,8,999.0,E,8,1.07,E,8,-9900,?,9,-9900,?,9,0.0,E,8,-9900,?,9,-9900,?,9,0.0,0.0,E,8
07/14/2016,07:00,12.055,1321.142,0.0,1,8,0.0,1,8,0.0,1,8,0.0,1,8,0.0,1,8,0.0,1,8,0.0,1,8,-9900,?,9,-9900,?,9,7.67,E,8,6.76,E,8,93.0,E,8,872.5394,E,8,999.0,E,8,1.07,E,8,-9900,?,9,-9900,?,9,0.0,E,8,-9900,?,9,-9900,?,9,0.0,0.0,E,8
07/14/2016,08:00,289.794,1321.142,30.83,1,8,0.0,1,8,30.83,1,8,3699.6,1,8,0.0,1,8,3391.3,1,8,44.991,1,8,-9900,?,9,-9900,?,9,7.39,E,8,6.65,E,8,95.0,E,8,872.5394,E,8,999.0,E,8,1.07,E,8,-9900,?,9,-9900,?,9,0.0,E,8,-9900,?,9,-9900,?,9,0.0,0.0,E,8
07/14/2016,09:00,544.435,1321.142,158.39,1,8,15.75,1,8,151.909,1,8,19006.8,1,8,1496.211,1,8,16709.982,1,8,117.505,1,8,-9900,?,9,-9900,?,9,10.14,E,8,7.73,E,8,84.0,E,8,872.5394,E,8,999.0,E,8,1.07,E,8,-9900,?,9,-9900,?,9,0.0,E,8,-9900,?,9,-9900,?,9,0.0,0.0,E,8
07/14/2016,10:00,750.649,1321.142,279.39,1,8,12.618,1,8,272.225,1,8,33526.8,1,8,1198.682,1,8,29944.778,1,8,152.601,1,8,-9900,?,9,-9900,?,9,11.93,E,8,8.39,E,8,78.0,E,8,872.5394,E,8,999.0,E,8,1.07,E,8,-9900,?,9,-9900,?,9,0.0,E,8,-9900,?,9,-9900,?,9,0.0,0.0,E,8
07/14/2016,11:00,893.987,1321.142,372.84,1,8,92.255,1,8,310.435,1,8,44740.8,1,8,8764.264,1,8,34147.803,1,8,146.08,1,8,-9900,?,9,-9900,?,9,13.5,E,8,8.95,E,8,73.0,E,8,872.5394,E,8,999.0,E,8,1.07,E,8,-9900,?,9,-9900,?,9,0.0,E,8,-9900,?,9,-9900,?,9,0.0,0.0,E,8
07/14/2016,12:00,964.59,1321.142,430.38,1,8,113.626,1,8,347.441,1,8,51645.6,1,8,10794.454,1,8,38218.512,1,8,151.513,1,8,-9900,?,9,-9900,?,9,14.78,E,8,9.4,E,8,70.0,E,8,872.5394,E,8,999.0,E,8,1.07,E,8,-9900,?,9,-9900,?,9,0.0,E,8,-9900,?,9,-9900,?,9,0.0,0.0,E,8
07/14/2016,13:00,957.621,1321.142,447.52,1,8,137.748,1,8,347.701,1,8,53702.4,1,8,13086.064,1,8,38247.08,1,8,152.731,1,8,-9900,?,9,-9900,?,9,15.71,E,8,9.71,E,8,67.0,E,8,872.5394,E,8,999.0,E,8,1.63,E,8,-9900,?,9,-9900,?,9,0.0,E,8,-9900,?,9,-9900,?,9,0.0,0.0,E,8
07/14/2016,14:00,873.553,1321.142,422.99,1,8,171.285,1,8,309.777,1,8,50758.8,1,8,16272.09,1,8,34075.502,1,8,149.185,1,8,-9900,?,9,-9900,?,9,16.27,E,8,9.9,E,8,65.0,E,8,872.5394,E,8,999.0,E,8,1.22,E,8,-9900,?,9,-9900,?,9,0.0,E,8,-9900,?,9,-9900,?,9,0.0,0.0,E,8
07/14/2016,15:00,718.141,1321.142,358.64,1,8,178.719,1,8,261.56,1,8,43036.8,1,8,16978.328,1,8,28771.634,1,8,153.273,1,8,-9900,?,9,-9900,?,9,16.47,E,8,9.96,E,8,65.0,E,8,872.5394,E,8,999.0,E,8,1.54,E,8,-9900,?,9,-9900,?,9,0.0,E,8,-9900,?,9,-9900,?,9,0.0,0.0,E,8
07/14/2016,16:00,502.084,1321.142,259.52,1,8,286.961,1,8,150.652,1,8,31142.4,1,8,27261.284,1,8,16571.693,1,8,126.4,1,8,-9900,?,9,-9900,?,9,16.17,E,8,9.86,E,8,66.0,E,8,872.5394,E,8,999.0,E,8,1.14,E,8,-9900,?,9,-9900,?,9,0.0,E,8,-9900,?,9,-9900,?,9,0.0,0.0,E,8
07/14/2016,17:00,240.671,1321.142,134.98,1,8,462.625,1,8,51.391,1,8,16197.6,1,8,43949.385,1,8,5653.027,1,8,90.536,1,8,-9900,?,9,-9900,?,9,15.33,E,8,9.58,E,8,68.0,E,8,872.5394,E,8,999.0,E,8,1.07,E,8,-9900,?,9,-9900,?,9,0.0,E,8,-9900,?,9,-9900,?,9,0.0,0.0,E,8
07/14/2016,18:00,0.0,1321.142,13.71,1,8,0.0,1,8,0.0,1,8,1645.2,1,8,0.0,1,8,0.0,1,8,-0.0,1,8,-9900,?,9,-9900,?,9,14.62,E,8,9.34,E,8,70.0,E,8,872.5394,E,8,999.0,E,8,1.07,E,8,-9900,?,9,-9900,?,9,0.0,E,8,-9900,?,9,-9900,?,9,0.0,0.0,E,8
07/14/2016,19:00,0.0,1321.142,0.0,1,8,0.0,1,8,0.0,1,8,0.0,1,8,0.0,1,8,0.0,1,8,-0.0,1,8,-9900,?,9,-9900,?,9,13.9,E,8,9.09,E,8,72.0,E,8,872.5394,E,8,999.0,E,8,1.07,E,8,-9900,?,9,-9900,?,9,0.0,E,8,-9900,?,9,-9900,?,9,0.0,0.0,E,8
07/14/2016,20:00,0.0,1321.142,0.0,1,8,0.0,1,8,0.0,1,8,0.0,1,8,0.0,1,8,0.0,1,8,-0.0,1,8,-9900,?,9,-9900,?,9,13.19,E,8,8.84,E,8,74.0,E,8,872.5394,E,8,999.0,E,8,1.07,E,8,-9900,?,9,-9900,?,9,0.0,E,8,-9900,?,9,-9900,?,9,0.0,0.0,E,8
07/14/2016,21:00,0.0,1321.142,0.0,1,8,0.0,1,8,0.0,1,8,0.0,1,8,0.0,1,8,0.0,1,8,-0.0,1,8,-9900,?,9,-9900,?,9,12.48,E,8,8.59,E,8,77.0,E,8,872.5394,E,8,999.0,E,8,1.07,E,8,-9900,?,9,-9900,?,9,0.0,E,8,-9900,?,9,-9900,?,9,0.0,0.0,E,8
07/14/2016,22:00,0.0,1321.142,0.0,1,8,0.0,1,8,0.0,1,8,0.0,1,8,0.0,1,8,0.0,1,8,-0.0,1,8,-9900,?,9,-9900,?,9,11.77,E,8,8.33,E,8,79.0,E,8,872.5394,E,8,999.0,E,8,1.07,E,8,-9900,?,9,-9900,?,9,0.0,E,8,-9900,?,9,-9900,?,9,0.0,0.0,E,8
07/14/2016,23:00,0.0,1321.142,0.0,1,8,0.0,1,8,0.0,1,8,0.0,1,8,0.0,1,8,0.0,1,8,-0.0,1,8,-9900,?,9,-9900,?,9,11.05,E,8,8.07,E,8,81.0,E,8,872.5394,E,8,999.0,E,8,1.07,E,8,-9900,?,9,-9900,?,9,0.0,E,8,-9900,?,9,-9900,?,9,0.0,0.0,E,8
07/14/2016,24:00,0.0,1321.142,0.0,1,8,0.0,1,8,0.0,1,8,0.0,1,8,0.0,1,8,0.0,1,8,-0.0,1,8,-9900,?,9,-9900,?,9,10.34,E,8,8.23,E,8,86.0,E,8,872.5394,E,8,999.0,E,8,0.47,E,8,-9900,?,9,-9900,?,9,0.0,E,8,-9900,?,9,-9900,?,9,0.0,0.0,E,8
07/15/2016,01:00,0.0,1321.142,0.0,1,8,0.0,1,8,0.0,1,8,0.0,1,8,0.0,1,8,0.0,1,8,-0.0,1,8,-9900,?,9,-9900,?,9,9.99,E,8,8.05,E,8,87.0,E,8,872.5394,E,8,999.0,E,8,0.47,E,8,-9900,?,9,-9900,?,9,0.0,E,8,-9900,?,9,-9900,?,9,0.0,0.0,E,8
07/15/2016,02:00,0.0,1321.142,0.0,1,8,0.0,1,8,0.0,1,8,0.0,1,8,0.0,1,8,0.0,1,8,-0.0,1,8,-9900,?,9,-9900,?,9,9.63,E,8,7.87,E,8,88.0,E,8,872.5394,E,8,999.0,E,8,0.47,E,8,-9900,?,9,-9900,?,9,0.0,E,8,-9900,?,9,-9900,?,9,0.0,0.0,E,8
07/15/2016,03:00,0.0,1321.142,0.0,1,8,0.0,1,8,0.0,1,8,0.0,1,8,0.0,1,8,0.0,1,8,-0.0,1,8,-9900,?,9,-9900,?,9,9.27,E,8,7.68,E,8,89.0,E,8,872.5394,E,8,999.0,E,8,0.47,E,8,-9900,?,9,-9900,?,9,0.0,E,8,-9900,?,9,-9900,?,9,0.0,0.0,E,8
07/15/2016,04:00,0.0,1321.28,0.0,1,8,0.0,1,8,0.0,1,8,0.0,1,8,0.0,1,8,0.0,1,8,-0.0,1,8,-9900,?,9,-9900,?,9,8.92,E,8,7.49,E,8,90.0,E,8,872.5394,E,8,999.0,E,8,0.47,E,8,-9900,?,9,-9900,?,9,0.0,E,8,-9900,?,9,-9900,?,9,0.0,0.0,E,8
07/15/2016,05:00,0.0,1321.28,0.0,1,8,0.0,1,8,0.0,1,8,0.0,1,8,0.0,1,8,0.0,1,8,-0.0,1,8,-9900,?,9,-9900,?,9,8.56,E,8,7.3,E,8,91.0,E,8,872.5394,E,8,999.0,E,8,0.47,E,8,-9900,?,9,-9900,?,9,0.0,E,8,-9900,?,9,-9900,?,9,0.0,0.0,E,8
07/15/2016,06:00,0.0,1321.28,0.0,1,8,0.0,1,8,0.0,1,8,0.0,1,8,0.0,1,8,0.0,1,8,-0.0,1,8,-9900,?,9,-9900,?,9,8.29,E,8,7.15,E,8,92.0,E,8,872.5394,E,8,999.0,E,8,0.47,E,8,-9900,?,9,-9900,?,9,0.0,E,8,-9900,?,9,-9900,?,9,0.0,0.0,E,8
07/15/2016,07:00,12.823,1321.28,0.0,1,8,0.0,1,8,0.0,1,8,0.0,1,8,0.0,1,8,0.0,1,8,0.0,1,8,-9900,?,9,-9900,?,9,8.05,E,8,7.02,E,8,93.0,E,8,872.5394,E,8,999.0,E,8,0.47,E,8,-9900,?,9,-9900,?,9,0.0,E,8,-9900,?,9,-9900,?,9,0.0,0.0,E,8
07/15/2016,08:00,291.061,1321.28,25.38,1,8,0.0,1,8,25.38,1,8,3045.6,1,8,0.0,1,8,2791.8,1,8,36.879,1,8,-9900,?,9,-9900,?,9,7.82,E,8,6.89,E,8,93.0,E,8,872.5394,E,8,999.0,E,8,0.47,E,8,-9900,?,9,-9900,?,9,0.0,E,8,-9900,?,9,-9900,?,9,0.0,0.0,E,8
07/15/2016,09:00,546.083,1321.28,129.11,1,8,1.331,1,8,128.561,1,8,15493.2,1,8,126.444,1,8,14141.675,1,8,99.154,1,8,-9900,?,9,-9900,?,9,10.25,E,8,8.19,E,8,87.0,E,8,872.5394,E,8,999.0,E,8,0.47,E,8,-9900,?,9,-9900,?,9,0.0,E,8,-9900,?,9,-9900,?,9,0.0,0.0,E,8
07/15/2016,10:00,752.644,1321.28,227.4,1,8,5.088,1,8,224.503,1,8,27288.0,1,8,483.4,1,8,24695.356,1,8,125.529,1,8,-9900,?,9,-9900,?,9,11.83,E,8,8.98,E,8,82.0,E,8,872.5394,E,8,999.0,E,8,0.47,E,8,-9900,?,9,-9900,?,9,0.0,E,8,-9900,?,9,-9900,?,9,0.0,0.0,E,8
07/15/2016,11:00,896.273,1321.28,303.31,1,8,10.15,1,8,296.427,1,8,36397.2,1,8,964.265,1,8,32606.987,1,8,139.147,1,8,-9900,?,9,-9900,?,9,13.21,E,8,9.64,E,8,78.0,E,8,872.5394,E,8,999.0,E,8,0.88,E,8,-9900,?,9,-9900,?,9,0.0,E,8,-9900,?,9,-9900,?,9,0.0,0.0,E,8
07/15/2016,12:00,967.093,1321.28,350.07,1,8,12.56,1,8,340.879,1,8,42008.4,1,8,1193.232,1,8,37496.687,1,8,148.282,1,8,-9900,?,9,-9900,?,9,14.34,E,8,10.16,E,8,75.0,E,8,872.5394,E,8,999.0,E,8,1.54,E,8,-9900,?,9,-9900,?,9,0.0,E,8,-9900,?,9,-9900,?,9,0.0,0.0,E,8
07/15/2016,13:00,960.251,1321.28,364.04,1,8,15.144,1,8,353.037,1,8,43684.8,1,8,1438.702,1,8,38834.037,1,8,154.666,1,8,-9900,?,9,-9900,?,9,15.16,E,8,10.52,E,8,73.0,E,8,872.5394,E,8,999.0,E,8,2.23,E,8,-9900,?,9,-9900,?,9,0.0,E,8,-9900,?,9,-9900,?,9,0.0,0.0,E,8
07/15/2016,14:00,876.21,1321.28,344.19,1,8,73.499,1,8,295.467,1,8,41302.8,1,8,6982.443,1,8,32501.361,1,8,141.876,1,8,-9900,?,9,-9900,?,9,15.66,E,8,10.74,E,8,72.0,E,8,872.5394,E,8,999.0,E,8,2.48,E,8,-9900,?,9,-9900,?,9,0.0,E,8,-9900,?,9,-9900,?,9,0.0,0.0,E,8
07/15/2016,15:00,720.726,1321.28,292.0,1,8,64.533,1,8,256.823,1,8,35040.0,1,8,6130.65,1,8,28250.537,1,8,149.972,1,8,-9900,?,9,-9900,?,9,15.83,E,8,10.82,E,8,72.0,E,8,872.5394,E,8,999.0,E,8,3.6,E,8,-9900,?,9,-9900,?,9,0.0,E,8,-9900,?,9,-9900,?,9,0.0,0.0,E,8
07/15/2016,16:00,504.5,1321.28,211.57,1,8,124.545,1,8,164.096,1,8,25388.4,1,8,11831.795,1,8,18050.596,1,8,137.032,1,8,-9900,?,9,-9900,?,9,15.58,E,8,10.71,E,8,72.0,E,8,872.5394,E,8,999.0,E,8,2.9,E,8,-9900,?,9,-9900,?,9,0.0,E,8,-9900,?,9,-9900,?,9,0.0,0.0,E,8
07/15/2016,17:00,242.824,1321.28,110.46,1,8,275.755,1,8,60.188,1,8,13255.2,1,8,26196.69,1,8,6620.671,1,8,105.089,1,8,-9900,?,9,-9900,?,9,14.83,E,8,10.38,E,8,74.0,E,8,872.5394,E,8,999.0,E,8,2.41,E,8,-9900,?,9,-9900,?,9,0.0,E,8,-9900,?,9,-9900,?,9,0.0,0.0,E,8
07/15/2016,18:00,0.0,1321.28,11.61,1,8,0.0,1,8,0.0,1,8,1393.2,1,8,0.0,1,8,0.0,1,8,-0.0,1,8,-9900,?,9,-9900,?,9,14.13,E,8,10.06,E,8,76.0,E,8,872.5394,E,8,999.0,E,8,1.57,E,8,-9900,?,9,-9900,?,9,0.0,E,8,-9900,?,9,-9900,?,9,0.0,0.0,E,8
07/15/2016,19:00,0.0,1321.28,0.0,1,8,0.0,1,8,0.0,1,8,0.0,1,8,0.0,1,8,0.0,1,8,-0.0,1,8,-9900,?,9,-9900,?,9,13.43,E,8,9.74,E,8,78.0,E,8,872.5394,E,8,999.0,E,8,1.22,E,8,-9900,?,9,-9900,?,9,0.0,E,8,-9900,?,9,-9900,?,9,0.0,0.0,E,8
07/15/2016,20:00,0.0,1321.28,0.0,1,8,0.0,1,8,0.0,1,8,0.0,1,8,0.0,1,8,0.0,1,8,-0.0,1,8,-9900,?,9,-9900,?,9,12.72,E,8,9.4,E,8,80.0,E,8,872.5394,E,8,999.0,E,8,0.75,E,8,-9900,?,9,-9900,?,9,0.0,E,8,-9900,?,9,-9900,?,9,0.0,0.0,E,8
07/15/2016,21:00,0.0,1321.28,0.0,1,8,0.0,1,8,0.0,1,8,0.0,1,8,0.0,1,8,0.0,1,8,-0.0,1,8,-9900,?,9,-9900,?,9,12.02,E,8,9.07,E,8,82.0,E,8,872.5394,E,8,999.0,E,8,0.99,E,8,-9900,?,9,-9900,?,9,0.0,E,8,-9900,?,9,-9900,?,9,0.0,0.0,E,8
07/15/2016,22:00,0.0,1321.28,0.0,1,8,0.0,1,8,0.0,1,8,0.0,1,8,0.0,1,8,0.0,1,8,-0.0,1,8,-9900,?,9,-9900,?,9,11.32,E,8,8.73,E,8,84.0,E,8,872.5394,E,8,999.0,E,8,0.81,E,8,-9900,?,9,-9900,?,9,0.0,E,8,-9900,?,9,-9900,?,9,0.0,0.0,E,8
07/15/2016,23:00,0.0,1321.28,0.0,1,8,0.0,1,8,0.0,1,8,0.0,1,8,0.0,1,8,0.0,1,8,-0.0,1,8,-9900,?,9,-9900,?,9,10.62,E,8,8.38,E,8,85.0,E,8,872.5394,E,8,999.0,E,8,0.47,E,8,-9900,?,9,-9900,?,9,0.0,E,8,-9900,?,9,-9900,?,9,0.0,0.0,E,8
07/15/2016,24:00,0.0,1321.28,0.0,1,8,0.0,1,8,0.0,1,8,0.0,1,8,0.0,1,8,0.0,1,8,-0.0,1,8,-9900,?,9,-9900,?,9,9.91,E,8,7.35,E,8,84.0,E,8,872.5394,E,8,999.0,E,8,0.2,E,8,-9900,?,9,-9900,?,9,0.0,E,8,-9900,?,9,-9900,?,9,0.0,0.0,E,8
07/16/2016,01:00,0.0,1321.28,0.0,1,8,0.0,1,8,0.0,1,8,0.0,1,8,0.0,1,8,0.0,1,8,-0.0,1,8,-9900,?,9,-9900,?,9,9.56,E,8,7.21,E,8,85.0,E,8,872.5394,E,8,999.0,E,8,0.21,E,8,-9900,?,9,-9900,?,9,0.0,E,8,-9900,?,9,-9900,?,9,0.0,0.0,E,8
07/16/2016,02:00,0.0,1321.28,0.0,1,8,0.0,1,8,0.0,1,8,0.0,1,8,0.0,1,8,0.0,1,8,-0.0,1,8,-9900,?,9,-9900,?,9,9.21,E,8,7.08,E,8,86.0,E,8,872.5394,E,8,999.0,E,8,0.23,E,8,-9900,?,9,-9900,?,9,0.0,E,8,-9900,?,9,-9900,?,9,0.0,0.0,E,8
07/16/2016,03:00,0.0,1321.28,0.0,1,8,0.0,1,8,0.0,1,8,0.0,1,8,0.0,1,8,0.0,1,8,-0.0,1,8,-9900,?,9,-9900,?,9,8.86,E,8,6.94,E,8,87.0,E,8,872.5394,E,8,999.0,E,8,0.21,E,8,-9900,?,9,-9900,?,9,0.0,E,8,-9900,?,9,-9900,?,9,0.0,0.0,E,8
07/16/2016,04:00,0.0,1321.431,0.0,1,8,0.0,1,8,0.0,1,8,0.0,1,8,0.0,1,8,0.0,1,8,-0.0,1,8,-9900,?,9,-9900,?,9,8.51,E,8,6.81,E,8,89.0,E,8,872.5394,E,8,999.0,E,8,0.27,E,8,-9900,?,9,-9900,?,9,0.0,E,8,-9900,?,9,-9900,?,9,0.0,0.0,E,8
07/16/2016,05:00,0.0,1321.431,0.0,1,8,0.0,1,8,0.0,1,8,0.0,1,8,0.0,1,8,0.0,1,8,-0.0,1,8,-9900,?,9,-9900,?,9,8.16,E,8,6.67,E,8,90.0,E,8,872.5394,E,8,999.0,E,8,0.28,E,8,-9900,?,9,-9900,?,9,0.0,E,8,-9900,?,9,-9900,?,9,0.0,0.0,E,8
07/16/2016,06:00,0.0,1321.431,0.0,1,8,0.0,1,8,0.0,1,8,0.0,1,8,0.0,1,8,0.0,1,8,-0.0,1,8,-9900,?,9,-9900,?,9,7.89,E,8,6.56,E,8,91.0,E,8,872.5394,E,8,999.0,E,8,0.31,E,8,-9900,?,9,-9900,?,9,0.0,E,8,-9900,?,9,-9900,?,9,0.0,0.0,E,8
07/16/2016,07:00,13.675,1321.431,0.0,1,8,0.0,1,8,0.0,1,8,0.0,1,8,0.0,1,8,0.0,1,8,0.0,1,8,-9900,?,9,-9900,?,9,7.65,E,8,6.47,E,8,92.0,E,8,872.5394,E,8,999.0,E,8,0.37,E,8,-9900,?,9,-9900,?,9,0.0,E,8,-9900,?,9,-9900,?,9,0.0,0.0,E,8
07/16/2016,08:00,292.434,1321.431,32.24,1,8,0.0,1,8,32.24,1,8,3868.8,1,8,0.0,1,8,3546.4,1,8,46.63,1,8,-9900,?,9,-9900,?,9,7.42,E,8,6.38,E,8,93.0,E,8,872.5394,E,8,999.0,E,8,0.44,E,8,-9900,?,9,-9900,?,9,0.0,E,8,-9900,?,9,-9900,?,9,0.0,0.0,E,8
07/16/2016,09:00,547.842,1321.431,162.38,1,8,17.67,1,8,155.065,1,8,19485.6,1,8,1678.62,1,8,17057.122,1,8,119.224,1,8,-9900,?,9,-9900,?,9,10.01,E,8,7.38,E,8,83.0,E,8,872.5394,E,8,999.0,E,8,0.97,E,8,-9900,?,9,-9900,?,9,0.0,E,8,-9900,?,9,-9900,?,9,0.0,0.0,E,8
07/16/2016,10:00,754.751,1321.431,285.53,1,8,13.469,1,8,277.842,1,8,34263.6,1,8,1279.545,1,8,30562.591,1,8,154.936,1,8,-9900,?,9,-9900,?,9,11.68,E,8,8.0,E,8,78.0,E,8,872.5394,E,8,999.0,E,8,0.9,E,8,-9900,?,9,-9900,?,9,0.0,E,8,-9900,?,9,-9900,?,9,0.0,0.0,E,8
07/16/2016,11:00,898.667,1321.431,380.66,1,8,97.873,1,8,314.122,1,8,45679.2,1,8,9297.935,1,8,34553.427,1,8,147.076,1,8,-9900,?,9,-9900,?,9,13.15,E,8,8.53,E,8,73.0,E,8,872.5394,E,8,999.0,E,8,1.55,E,8,-9900,?,9,-9900,?,9,0.0,E,8,-9900,?,9,-9900,?,9,0.0,0.0,E,8
07/16/2016,12:00,969.696,1321.431,439.28,1,8,120.301,1,8,351.022,1,8,52713.6,1,8,11428.622,1,8,38612.46,1,8,152.301,1,8,-9900,?,9,-9900,?,9,14.34,E,8,8.94,E,8,69.0,E,8,872.5394,E,8,999.0,E,8,2.01,E,8,-9900,?,9,-9900,?,9,0.0,E,8,-9900,?,9,-9900,?,9,0.0,0.0,E,8
07/16/2016,13:00,962.969,1321.431,456.84,1,8,145.663,1,8,350.718,1,8,54820.8,1,8,13838.016,1,8,38578.977,1,8,153.233,1,8,-9900,?,9,-9900,?,9,15.21,E,8,9.24,E,8,67.0,E,8,872.5394,E,8,999.0,E,8,3.01,E,8,-9900,?,9,-9900,?,9,0.0,E,8,-9900,?,9,-9900,?,9,0.0,0.0,E,8
07/16/2016,14:00,878.942,1321.431,432.05,1,8,180.882,1,8,311.782,1,8,51846.0,1,8,17183.78,1,8,34296.008,1,8,149.261,1,8,-9900,?,9,-9900,?,9,15.74,E,8,9.42,E,8,66.0,E,8,872.5394,E,8,999.0,E,8,3.05,E,8,-9900,?,9,-9900,?,9,0.0,E,8,-9900,?,9,-9900,?,9,0.0,0.0,E,8
07/16/2016,15:00,723.37,1321.431,366.75,1,8,188.283,1,8,263.752,1,8,44010.0,1,8,17886.93,1,8,29012.666,1,8,153.471,1,8,-9900,?,9,-9900,?,9,15.92,E,8,9.48,E,8,65.0,E,8,872.5394,E,8,999.0,E,8,3.3,E,8,-9900,?,9,-9900,?,9,0.0,E,8,-9900,?,9,-9900,?,9,0.0,0.0,E,8
07/16/2016,16:00,506.957,1321.431,266.07,1,8,300.966,1,8,150.801,1,8,31928.4,1,8,28591.73,1,8,16588.145,1,8,125.332,1,8,-9900,?,9,-9900,?,9,15.66,E,8,9.39,E,8,66.0,E,8,872.5394,E,8,999.0,E,8,2.64,E,8,-9900,?,9,-9900,?,9,0.0,E,8,-9900,?,9,-9900,?,9,0.0,0.0,E,8
07/16/2016,17:00,245.003,1321.431,139.43,1,8,479.183,1,8,51.286,1,8,16731.6,1,8,45522.382,1,8,5641.409,1,8,88.747,1,8,-9900,?,9,-9900,?,9,14.87,E,8,9.12,E,8,68.0,E,8,872.5394,E,8,999.0,E,8,2.14,E,8,-9900,?,9,-9900,?,9,0.0,E,8,-9900,?,9,-9900,?,9,0.0,0.0,E,8
07/16/2016,18:00,0.0,1321.431,15.14,1,8,0.0,1,8,0.0,1,8,1816.8,1,8,0.0,1,8,0.0,1,8,-0.0,1,8,-9900,?,9,-9900,?,9,14.11,E,8,8.86,E,8,70.0,E,8,872.5394,E,8,999.0,E,8,1.44,E,8,-9900,?,9,-9900,?,9,0.0,E,8,-9900,?,9,-9900,?,9,0.0,0.0,E,8
07/16/2016,19:00,0.0,1321.431,0.0,1,8,0.0,1,8,0.0,1,8,0.0,1,8,0.0,1,8,0.0,1,8,-0.0,1,8,-9900,?,9,-9900,?,9,13.34,E,8,8.6,E,8,72.0,E,8,872.5394,E,8,999.0,E,8,1.04,E,8,-9900,?,9,-9900,?,9,0.0,E,8,-9900,?,9,-9900,?,9,0.0,0.0,E,8
07/16/2016,20:00,0.0,1321.431,0.0,1,8,0.0,1,8,0.0,1,8,0.0,1,8,0.0,1,8,0.0,1,8,-0.0,1,8,-9900,?,9,-9900,?,9,12.58,E,8,8.33,E,8,75.0,E,8,872.5394,E,8,999.0,E,8,0.81,E,8,-9900,?,9,-9900,?,9,0.0,E,8,-9900,?,9,-9900,?,9,0.0,0.0,E,8
07/16/2016,21:00,0.0,1321.431,0.0,1,8,0.0,1,8,0.0,1,8,0.0,1,8,0.0,1,8,0.0,1,8,-0.0,1,8,-9900,?,9,-9900,?,9,11.82,E,8,8.05,E,8,77.0,E,8,872.5394,E,8,999.0,E,8,0.61,E,8,-9900,?,9,-9900,?,9,0.0,E,8,-9900,?,9,-9900,?,9,0.0,0.0,E,8
07/16/2016,22:00,0.0,1321.431,0.0,1,8,0.0,1,8,0.0,1,8,0.0,1,8,0.0,1,8,0.0,1,8,-0.0,1,8,-9900,?,9,-9900,?,9,11.06,E,8,7.78,E,8,80.0,E,8,872.5394,E,8,999.0,E,8,0.6,E,8,-9900,?,9,-9900,?,9,0.0,E,8,-9900,?,9,-9900,?,9,0.0,0.0,E,8
07/16/2016,23:00,0.0,1321.431,0.0,1,8,0.0,1,8,0.0,1,8,0.0,1,8,0.0,1,8,0.0,1,8,-0.0,1,8,-9900,?,9,-9900,?,9,10.3,E,8,7.49,E,8,82.0,E,8,872.5394,E,8,999.0,E,8,0.39,E,8,-9900,?,9,-9900,?,9,0.0,E,8,-9900,?,9,-9900,?,9,0.0,0.0,E,8
07/16/2016,24:00,0.0,1321.431,0.0,1,8,0.0,1,8,0.0,1,8,0.0,1,8,0.0,1,8,0.0,1,8,-0.0,1,8,-9900,?,9,-9900,?,9,9.54,E,8,4.48,E,8,70.0,E,8,872.5394,E,8,999.0,E,8,1.25,E,8,-9900,?,9,-9900,?,9,0.0,E,8,-9900,?,9,-9900,?,9,0.0,0.0,E,8
07/17/2016,01:00,0.0,1321.431,0.0,1,8,0.0,1,8,0.0,1,8,0.0,1,8,0.0,1,8,0.0,1,8,-0.0,1,8,-9900,?,9,-9900,?,9,9.16,E,8,4.42,E,8,72.0,E,8,872.5394,E,8,999.0,E,8,0.95,E,8,-9900,?,9,-9900,?,9,0.0,E,8,-9900,?,9,-9900,?,9,0.0,0.0,E,8
07/17/2016,02:00,0.0,1321.431,0.0,1,8,0.0,1,8,0.0,1,8,0.0,1,8,0.0,1,8,0.0,1,8,-0.0,1,8,-9900,?,9,-9900,?,9,8.78,E,8,4.35,E,8,73.0,E,8,872.5394,E,8,999.0,E,8,0.7,E,8,-9900,?,9,-9900,?,9,0.0,E,8,-9900,?,9,-9900,?,9,0.0,0.0,E,8
07/17/2016,03:00,0.0,1321.431,0.0,1,8,0.0,1,8,0.0,1,8,0.0,1,8,0.0,1,8,0.0,1,8,-0.0,1,8,-9900,?,9,-9900,?,9,8.4,E,8,4.28,E,8,75.0,E,8,872.5394,E,8,999.0,E,8,1.31,E,8,-9900,?,9,-9900,?,9,0.0,E,8,-9900,?,9,-9900,?,9,0.0,0.0,E,8
07/17/2016,04:00,0.0,1321.593,0.0,1,8,0.0,1,8,0.0,1,8,0.0,1,8,0.0,1,8,0.0,1,8,-0.0,1,8,-9900,?,9,-9900,?,9,8.02,E,8,4.21,E,8,76.0,E,8,872.5394,E,8,999.0,E,8,1.21,E,8,-9900,?,9,-9900,?,9,0.0,E,8,-9900,?,9,-9900,?,9,0.0,0.0,E,8
07/17/2016,05:00,0.0,1321.593,0.0,1,8,0.0,1,8,0.0,1,8,0.0,1,8,0.0,1,8,0.0,1,8,-0.0,1,8,-9900,?,9,-9900,?,9,7.63,E,8,4.14,E,8,78.0,E,8,872.5394,E,8,999.0,E,8,0.72,E,8,-9900,?,9,-9900,?,9,0.0,E,8,-9900,?,9,-9900,?,9,0.0,0.0,E,8
07/17/2016,06:00,0.0,1321.593,0.0,1,8,0.0,1,8,0.0,1,8,0.0,1,8,0.0,1,8,0.0,1,8,-0.0,1,8,-9900,?,9,-9900,?,9,7.34,E,8,4.09,E,8,79.0,E,8,872.5394,E,8,999.0,E,8,0.71,E,8,-9900,?,9,-9900,?,9,0.0,E,8,-9900,?,9,-9900,?,9,0.0,0.0,E,8
07/17/2016,07:00,14.614,1321.593,0.0,1,8,0.0,1,8,0.0,1,8,0.0,1,8,0.0,1,8,0.0,1,8,0.0,1,8,-9900,?,9,-9900,?,9,7.09,E,8,4.05,E,8,80.0,E,8,872.5394,E,8,999.0,E,8,0.7,E,8,-9900,?,9,-9900,?,9,0.0,E,8,-9900,?,9,-9900,?,9,0.0,0.0,E,8
07/17/2016,08:00,293.912,1321.593,40.03,1,8,0.0,1,8,40.03,1,8,4803.6,1,8,0.0,1,8,4403.3,1,8,57.609,1,8,-9900,?,9,-9900,?,9,6.84,E,8,4.0,E,8,82.0,E,8,872.5394,E,8,999.0,E,8,0.96,E,8,-9900,?,9,-9900,?,9,0.0,E,8,-9900,?,9,-9900,?,9,0.0,0.0,E,8
07/17/2016,09:00,549.712,1321.593,217.53,1,8,99.977,1,8,176.003,1,8,26103.6,1,8,9497.822,1,8,19360.315,1,8,134.877,1,8,-9900,?,9,-9900,?,9,9.62,E,8,4.5,E,8,70.0,E,8,872.5394,E,8,999.0,E,8,1.51,E,8,-9900,?,9,-9900,?,9,0.0,E,8,-9900,?,9,-9900,?,9,0.0,0.0,E,8
07/17/2016,10:00,756.969,1321.593,391.02,1,8,208.272,1,8,271.8,1,8,46922.4,1,8,19785.829,1,8,29897.977,1,8,151.14,1,8,-9900,?,9,-9900,?,9,11.51,E,8,4.83,E,8,63.0,E,8,872.5394,E,8,999.0,E,8,2.16,E,8,-9900,?,9,-9900,?,9,0.0,E,8,-9900,?,9,-9900,?,9,0.0,0.0,E,8
07/17/2016,11:00,901.169,1321.593,560.14,1,8,414.428,1,8,277.645,1,8,67216.8,1,8,39370.641,1,8,30540.961,1,8,129.652,1,8,-9900,?,9,-9900,?,9,13.37,E,8,5.15,E,8,57.0,E,8,872.5394,E,8,999.0,E,8,3.03,E,8,-9900,?,9,-9900,?,9,0.0,E,8,-9900,?,9,-9900,?,9,0.0,0.0,E,8
07/17/2016,12:00,972.399,1321.593,613.47,1,8,422.102,1,8,302.974,1,8,73616.4,1,8,40099.665,1,8,33327.18,1,8,131.105,1,8,-9900,?,9,-9900,?,9,14.72,E,8,5.37,E,8,53.0,E,8,872.5394,E,8,999.0,E,8,4.12,E,8,-9900,?,9,-9900,?,9,0.0,E,8,-9900,?,9,-9900,?,9,0.0,0.0,E,8
07/17/2016,13:00,965.775,1321.593,638.61,1,8,484.017,1,8,284.998,1,8,76633.2,1,8,45981.641,1,8,31349.73,1,8,124.172,1,8,-9900,?,9,-9900,?,9,15.71,E,8,5.54,E,8,50.0,E,8,872.5394,E,8,999.0,E,8,5.0,E,8,-9900,?,9,-9900,?,9,0.0,E,8,-9900,?,9,-9900,?,9,0.0,0.0,E,8
07/17/2016,14:00,881.747,1321.593,596.18,1,8,549.73,1,8,229.543,1,8,71541.6,1,8,52224.343,1,8,25249.682,1,8,109.553,1,8,-9900,?,9,-9900,?,9,16.28,E,8,5.63,E,8,49.0,E,8,872.5394,E,8,999.0,E,8,4.05,E,8,-9900,?,9,-9900,?,9,0.0,E,8,-9900,?,9,-9900,?,9,0.0,0.0,E,8
07/17/2016,15:00,726.07,1321.593,539.01,1,8,731.651,1,8,137.321,1,8,64681.2,1,8,69506.807,1,8,15105.32,1,8,79.616,1,8,-9900,?,9,-9900,?,9,16.56,E,8,5.67,E,8,48.0,E,8,872.5394,E,8,999.0,E,8,5.03,E,8,-9900,?,9,-9900,?,9,0.0,E,8,-9900,?,9,-9900,?,9,0.0,0.0,E,8
07/17/2016,16:00,509.454,1321.593,417.04,1,8,751.892,1,8,127.68,1,8,50044.8,1,8,71429.752,1,8,14044.826,1,8,105.607,1,8,-9900,?,9,-9900,?,9,16.43,E,8,5.65,E,8,48.0,E,8,872.5394,E,8,999.0,E,8,4.05,E,8,-9900,?,9,-9900,?,9,0.0,E,8,-9900,?,9,-9900,?,9,0.0,0.0,E,8
07/17/2016,17:00,247.204,1321.593,202.1,1,8,574.219,1,8,95.523,1,8,24252.0,1,8,54550.825,1,8,10507.562,1,8,163.823,1,8,-9900,?,9,-9900,?,9,15.53,E,8,5.51,E,8,51.0,E,8,872.5394,E,8,999.0,E,8,4.02,E,8,-9900,?,9,-9900,?,9,0.0,E,8,-9900,?,9,-9900,?,9,0.0,0.0,E,8
07/17/2016,18:00,0.0,1321.593,23.46,1,8,0.0,1,8,0.0,1,8,2815.2,1,8,0.0,1,8,0.0,1,8,-0.0,1,8,-9900,?,9,-9900,?,9,14.75,E,8,5.38,E,8,53.0,E,8,872.5394,E,8,999.0,E,8,2.71,E,8,-9900,?,9,-9900,?,9,0.0,E,8,-9900,?,9,-9900,?,9,0.0,0.0,E,8
07/17/2016,19:00,0.0,1321.593,0.0,1,8,0.0,1,8,0.0,1,8,0.0,1,8,0.0,1,8,0.0,1,8,-0.0,1,8,-9900,?,9,-9900,?,9,13.96,E,8,5.24,E,8,55.0,E,8,872.5394,E,8,999.0,E,8,1.05,E,8,-9900,?,9,-9900,?,9,0.0,E,8,-9900,?,9,-9900,?,9,0.0,0.0,E,8
07/17/2016,20:00,0.0,1321.593,0.0,1,8,0.0,1,8,0.0,1,8,0.0,1,8,0.0,1,8,0.0,1,8,-0.0,1,8,-9900,?,9,-9900,?,9,13.18,E,8,5.11,E,8,58.0,E,8,872.5394,E,8,999.0,E,8,0.7,E,8,-9900,?,9,-9900,?,9,0.0,E,8,-9900,?,9,-9900,?,9,0.0,0.0,E,8
07/17/2016,21:00,0.0,1321.593,0.0,1,8,0.0,1,8,0.0,1,8,0.0,1,8,0.0,1,8,0.0,1,8,-0.0,1,8,-9900,?,9,-9900,?,9,12.4,E,8,4.98,E,8,60.0,E,8,872.5394,E,8,999.0,E,8,0.7,E,8,-9900,?,9,-9900,?,9,0.0,E,8,-9900,?,9,-9900,?,9,0.0,0.0,E,8
07/17/2016,22:00,0.0,1321.593,0.0,1,8,0.0,1,8,0.0,1,8,0.0,1,8,0.0,1,8,0.0,1,8,-0.0,1,8,-9900,?,9,-9900,?,9,11.61,E,8,4.85,E,8,63.0,E,8,872.5394,E,8,999.0,E,8,0.7,E,8,-9900,?,9,-9900,?,9,0.0,E,8,-9900,?,9,-9900,?,9,0.0,0.0,E,8
07/17/2016,23:00,0.0,1321.593,0.0,1,8,0.0,1,8,0.0,1,8,0.0,1,8,0.0,1,8,0.0,1,8,-0.0,1,8,-9900,?,9,-9900,?,9,10.83,E,8,4.71,E,8,65.0,E,8,872.5394,E,8,999.0,E,8,0.7,E,8,-9900,?,9,-9900,?,9,0.0,E,8,-9900,?,9,-9900,?,9,0.0,0.0,E,8
07/17/2016,24:00,0.0,1321.593,0.0,1,8,0.0,1,8,0.0,1,8,0.0,1,8,0.0,1,8,0.0,1,8,-0.0,1,8,-9900,?,9,-9900,?,9,10.04,E,8,7.03,E,8,81.0,E,8,872.5394,E,8,999.0,E,8,0.8,E,8,-9900,?,9,-9900,?,9,0.0,E,8,-9900,?,9,-9900,?,9,0.0,0.0,E,8
07/18/2016,01:00,0.0,1321.593,0.0,1,8,0.0,1,8,0.0,1,8,0.0,1,8,0.0,1,8,0.0,1,8,-0.0,1,8,-9900,?,9,-9900,?,9,9.65,E,8,6.94,E,8,83.0,E,8,872.5394,E,8,999.0,E,8,0.8,E,8,-9900,?,9,-9900,?,9,0.0,E,8,-9900,?,9,-9900,?,9,0.0,0.0,E,8
07/18/2016,02:00,0.0,1321.593,0.0,1,8,0.0,1,8,0.0,1,8,0.0,1,8,0.0,1,8,0.0,1,8,-0.0,1,8,-9900,?,9,-9900,?,9,9.26,E,8,6.85,E,8,84.0,E,8,872.5394,E,8,999.0,E,8,0.8,E,8,-9900,?,9,-9900,?,9,0.0,E,8,-9900,?,9,-9900,?,9,0.0,0.0,E,8
07/18/2016,03:00,0.0,1321.593,0.0,1,8,0.0,1,8,0.0,1,8,0.0,1,8,0.0,1,8,0.0,1,8,-0.0,1,8,-9900,?,9,-9900,?,9,8.87,E,8,6.76,E,8,86.0,E,8,872.5394,E,8,999.0,E,8,0.8,E,8,-9900,?,9,-9900,?,9,0.0,E,8,-9900,?,9,-9900,?,9,0.0,0.0,E,8
07/18/2016,04:00,0.0,1321.769,0.0,1,8,0.0,1,8,0.0,1,8,0.0,1,8,0.0,1,8,0.0,1,8,-0.0,1,8,-9900,?,9,-9900,?,9,8.48,E,8,6.66,E,8,88.0,E,8,872.5394,E,8,999.0,E,8,0.8,E,8,-9900,?,9,-9900,?,9,0.0,E,8,-9900,?,9,-9900,?,9,0.0,0.0,E,8
07/18/2016,05:00,0.0,1321.769,0.0,1,8,0.0,1,8,0.0,1,8,0.0,1,8,0.0,1,8,0.0,1,8,-0.0,1,8,-9900,?,9,-9900,?,9,8.08,E,8,6.57,E,8,90.0,E,8,872.5394,E,8,999.0,E,8,0.8,E,8,-9900,?,9,-9900,?,9,0.0,E,8,-9900,?,9,-9900,?,9,0.0,0.0,E,8
07/18/2016,06:00,0.0,1321.769,0.0,1,8,0.0,1,8,0.0,1,8,0.0,1,8,0.0,1,8,0.0,1,8,-0.0,1,8,-9900,?,9,-9900,?,9,7.78,E,8,6.5,E,8,91.0,E,8,872.5394,E,8,999.0,E,8,0.8,E,8,-9900,?,9,-9900,?,9,0.0,E,8,-9900,?,9,-9900,?,9,0.0,0.0,E,8
07/18/2016,07:00,15.639,1321.769,0.0,1,8,0.0,1,8,0.0,1,8,0.0,1,8,0.0,1,8,0.0,1,8,0.0,1,8,-9900,?,9,-9900,?,9,7.52,E,8,6.43,E,8,92.0,E,8,872.5394,E,8,999.0,E,8,0.8,E,8,-9900,?,9,-9900,?,9,0.0,E,8,-9900,?,9,-9900,?,9,0.0,0.0,E,8
07/18/2016,08:00,295.495,1321.769,32.6,1,8,0.0,1,8,32.6,1,8,3912.0,1,8,0.0,1,8,3586.0,1,8,46.669,1,8,-9900,?,9,-9900,?,9,7.26,E,8,6.37,E,8,94.0,E,8,872.5394,E,8,999.0,E,8,0.8,E,8,-9900,?,9,-9900,?,9,0.0,E,8,-9900,?,9,-9900,?,9,0.0,0.0,E,8
07/18/2016,09:00,551.691,1321.769,160.68,1,8,15.832,1,8,154.081,1,8,19281.6,1,8,1504.025,1,8,16948.921,1,8,117.668,1,8,-9900,?,9,-9900,?,9,10.19,E,8,7.06,E,8,80.0,E,8,872.5394,E,8,999.0,E,8,0.8,E,8,-9900,?,9,-9900,?,9,0.0,E,8,-9900,?,9,-9900,?,9,0.0,0.0,E,8
07/18/2016,10:00,759.297,1321.769,281.59,1,8,21.692,1,8,269.136,1,8,33790.8,1,8,2060.746,1,8,29604.993,1,8,149.219,1,8,-9900,?,9,-9900,?,9,12.05,E,8,7.49,E,8,73.0,E,8,872.5394,E,8,999.0,E,8,0.8,E,8,-9900,?,9,-9900,?,9,0.0,E,8,-9900,?,9,-9900,?,9,0.0,0.0,E,8
07/18/2016,11:00,903.777,1321.769,374.98,1,8,89.592,1,8,313.741,1,8,44997.6,1,8,8511.241,1,8,34511.484,1,8,146.103,1,8,-9900,?,9,-9900,?,9,13.69,E,8,7.86,E,8,67.0,E,8,872.5394,E,8,999.0,E,8,0.8,E,8,-9900,?,9,-9900,?,9,0.0,E,8,-9900,?,9,-9900,?,9,0.0,0.0,E,8
07/18/2016,12:00,975.198,1321.769,432.58,1,8,110.03,1,8,351.42,1,8,51909.6,1,8,10452.835,1,8,38656.218,1,8,151.651,1,8,-9900,?,9,-9900,?,9,15.02,E,8,8.15,E,8,63.0,E,8,872.5394,E,8,999.0,E,8,0.8,E,8,-9900,?,9,-9900,?,9,0.0,E,8,-9900,?,9,-9900,?,9,0.0,0.0,E,8
07/18/2016,13:00,968.666,1321.769,449.93,1,8,133.223,1,8,352.321,1,8,53991.6,1,8,12656.212,1,8,38755.336,1,8,153.067,1,8,-9900,?,9,-9900,?,9,16.0,E,8,8.36,E,8,60.0,E,8,872.5394,E,8,999.0,E,8,1.79,E,8,-9900,?,9,-9900,?,9,0.0,E,8,-9900,?,9,-9900,?,9,0.0,0.0,E,8
07/18/2016,14:00,884.623,1321.769,425.72,1,8,165.603,1,8,314.926,1,8,51086.4,1,8,15732.301,1,8,34641.911,1,8,149.835,1,8,-9900,?,9,-9900,?,9,16.59,E,8,8.48,E,8,58.0,E,8,872.5394,E,8,999.0,E,8,2.74,E,8,-9900,?,9,-9900,?,9,0.0,E,8,-9900,?,9,-9900,?,9,0.0,0.0,E,8
07/18/2016,15:00,728.824,1321.769,361.78,1,8,172.898,1,8,266.508,1,8,43413.6,1,8,16425.273,1,8,29315.887,1,8,153.952,1,8,-9900,?,9,-9900,?,9,16.79,E,8,8.53,E,8,58.0,E,8,872.5394,E,8,999.0,E,8,2.69,E,8,-9900,?,9,-9900,?,9,0.0,E,8,-9900,?,9,-9900,?,9,0.0,0.0,E,8
07/18/2016,16:00,511.988,1321.769,263.1,1,8,243.494,1,8,168.938,1,8,31572.0,1,8,23131.888,1,8,18583.181,1,8,139.056,1,8,-9900,?,9,-9900,?,9,16.49,E,8,8.46,E,8,59.0,E,8,872.5394,E,8,999.0,E,8,1.86,E,8,-9900,?,9,-9900,?,9,0.0,E,8,-9900,?,9,-9900,?,9,0.0,0.0,E,8
07/18/2016,17:00,249.427,1321.769,42.96,1,8,0.0,1,8,42.96,1,8,5155.2,1,8,0.0,1,8,4725.6,1,8,73.02,1,8,-9900,?,9,-9900,?,9,15.13,E,8,8.17,E,8,63.0,E,8,872.5394,E,8,999.0,E,8,1.75,E,8,-9900,?,9,-9900,?,9,0.0,E,8,-9900,?,9,-9900,?,9,0.0,0.0,E,8
07/18/2016,18:00,0.0,1321.769,27.76,1,8,0.0,1,8,0.0,1,8,3331.2,1,8,0.0,1,8,0.0,1,8,-0.0,1,8,-9900,?,9,-9900,?,9,14.43,E,8,8.02,E,8,65.0,E,8,872.5394,E,8,999.0,E,8,1.09,E,8,-9900,?,9,-9900,?,9,0.0,E,8,-9900,?,9,-9900,?,9,0.0,0.0,E,8
07/18/2016,19:00,0.0,1321.769,0.0,1,8,0.0,1,8,0.0,1,8,0.0,1,8,0.0,1,8,0.0,1,8,-0.0,1,8,-9900,?,9,-9900,?,9,13.73,E,8,7.87,E,8,67.0,E,8,872.5394,E,8,999.0,E,8,1.13,E,8,-9900,?,9,-9900,?,9,0.0,E,8,-9900,?,9,-9900,?,9,0.0,0.0,E,8
07/18/2016,20:00,0.0,1321.769,0.0,1,8,0.0,1,8,0.0,1,8,0.0,1,8,0.0,1,8,0.0,1,8,-0.0,1,8,-9900,?,9,-9900,?,9,13.04,E,8,7.71,E,8,70.0,E,8,872.5394,E,8,999.0,E,8,0.8,E,8,-9900,?,9,-9900,?,9,0.0,E,8,-9900,?,9,-9900,?,9,0.0,0.0,E,8
07/18/2016,21:00,0.0,1321.769,0.0,1,8,0.0,1,8,0.0,1,8,0.0,1,8,0.0,1,8,0.0,1,8,-0.0,1,8,-9900,?,9,-9900,?,9,12.34,E,8,7.56,E,8,72.0,E,8,872.5394,E,8,999.0,E,8,0.8,E,8,-9900,?,9,-9900,?,9,0.0,E,8,-9900,?,9,-9900,?,9,0.0,0.0,E,8
07/18/2016,22:00,0.0,1321.769,0.0,1,8,0.0,1,8,0.0,1,8,0.0,1,8,0.0,1,8,0.0,1,8,-0.0,1,8,-9900,?,9,-9900,?,9,11.65,E,8,7.4,E,8,75.0,E,8,872.5394,E,8,999.0,E,8,1.06,E,8,-9900,?,9,-9900,?,9,0.0,E,8,-9900,?,9,-9900,?,9,0.0,0.0,E,8
07/18/2016,23:00,0.0,1321.769,0.0,1,8,0.0,1,8,0.0,1,8,0.0,1,8,0.0,1,8,0.0,1,8,-0.0,1,8,-9900,?,9,-9900,?,9,10.95,E,8,7.24,E,8,77.0,E,8,872.5394,E,8,999.0,E,8,0.8,E,8,-9900,?,9,-9900,?,9,0.0,E,8,-9900,?,9,-9900,?,9,0.0,0.0,E,8
07/18/2016,24:00,0.0,1321.769,0.0,1,8,0.0,1,8,0.0,1,8,0.0,1,8,0.0,1,8,0.0,1,8,-0.0,1,8,-9900,?,9,-9900,?,9,10.26,E,8,8.09,E,8,86.0,E,8,872.5394,E,8,999.0,E,8,0.35,E,8,-9900,?,9,-9900,?,9,0.0,E,8,-9900,?,9,-9900,?,9,0.0,0.0,E,8
07/19/2016,01:00,0.0,1321.769,0.0,1,8,0.0,1,8,0.0,1,8,0.0,1,8,0.0,1,8,0.0,1,8,-0.0,1,8,-9900,?,9,-9900,?,9,9.91,E,8,7.97,E,8,87.0,E,8,872.5394,E,8,999.0,E,8,0.35,E,8,-9900,?,9,-9900,?,9,0.0,E,8,-9900,?,9,-9900,?,9,0.0,0.0,E,8
07/19/2016,02:00,0.0,1321.769,0.0,1,8,0.0,1,8,0.0,1,8,0.0,1,8,0.0,1,8,0.0,1,8,-0.0,1,8,-9900,?,9,-9900,?,9,9.56,E,8,7.84,E,8,89.0,E,8,872.5394,E,8,999.0,E,8,0.35,E,8,-9900,?,9,-9900,?,9,0.0,E,8,-9900,?,9,-9900,?,9,0.0,0.0,E,8
07/19/2016,03:00,0.0,1321.769,0.0,1,8,0.0,1,8,0.0,1,8,0.0,1,8,0.0,1,8,0.0,1,8,-0.0,1,8,-9900,?,9,-9900,?,9,9.21,E,8,7.72,E,8,90.0,E,8,872.5394,E,8,999.0,E,8,0.35,E,8,-9900,?,9,-9900,?,9,0.0,E,8,-9900,?,9,-9900,?,9,0.0,0.0,E,8
07/19/2016,04:00,0.0,1321.956,0.0,1,8,0.0,1,8,0.0,1,8,0.0,1,8,0.0,1,8,0.0,1,8,-0.0,1,8,-9900,?,9,-9900,?,9,8.86,E,8,7.59,E,8,91.0,E,8,872.5394,E,8,999.0,E,8,0.42,E,8,-9900,?,9,-9900,?,9,0.0,E,8,-9900,?,9,-9900,?,9,0.0,0.0,E,8
07/19/2016,05:00,0.0,1321.956,0.0,1,8,0.0,1,8,0.0,1,8,0.0,1,8,0.0,1,8,0.0,1,8,-0.0,1,8,-9900,?,9,-9900,?,9,8.52,E,8,7.47,E,8,93.0,E,8,872.5394,E,8,999.0,E,8,0.35,E,8,-9900,?,9,-9900,?,9,0.0,E,8,-9900,?,9,-9900,?,9,0.0,0.0,E,8
07/19/2016,06:00,0.0,1321.956,0.0,1,8,0.0,1,8,0.0,1,8,0.0,1,8,0.0,1,8,0.0,1,8,-0.0,1,8,-9900,?,9,-9900,?,9,8.25,E,8,7.37,E,8,94.0,E,8,872.5394,E,8,999.0,E,8,0.45,E,8,-9900,?,9,-9900,?,9,0.0,E,8,-9900,?,9,-9900,?,9,0.0,0.0,E,8
07/19/2016,07:00,16.753,1321.956,0.0,1,8,0.0,1,8,0.0,1,8,0.0,1,8,0.0,1,8,0.0,1,8,0.0,1,8,-9900,?,9,-9900,?,9,8.02,E,8,7.29,E,8,95.0,E,8,872.5394,E,8,999.0,E,8,0.37,E,8,-9900,?,9,-9900,?,9,0.0,E,8,-9900,?,9,-9900,?,9,0.0,0.0,E,8
07/19/2016,08:00,297.184,1321.956,37.67,1,8,0.0,1,8,37.67,1,8,4520.4,1,8,0.0,1,8,4143.7,1,8,53.625,1,8,-9900,?,9,-9900,?,9,7.79,E,8,7.2,E,8,96.0,E,8,872.5394,E,8,999.0,E,8,0.35,E,8,-9900,?,9,-9900,?,9,0.0,E,8,-9900,?,9,-9900,?,9,0.0,0.0,E,8
07/19/2016,09:00,553.78,1321.956,183.48,1,8,32.419,1,8,169.918,1,8,22017.6,1,8,3079.8,1,8,18690.978,1,8,129.29,1,8,-9900,?,9,-9900,?,9,10.77,E,8,8.26,E,8,84.0,E,8,872.5394,E,8,999.0,E,8,0.5,E,8,-9900,?,9,-9900,?,9,0.0,E,8,-9900,?,9,-9900,?,9,0.0,0.0,E,8
07/19/2016,10:00,761.734,1321.956,320.95,1,8,80.075,1,8,274.837,1,8,38514.0,1,8,7607.096,1,8,30232.048,1,8,151.913,1,8,-9900,?,9,-9900,?,9,12.66,E,8,8.9,E,8,77.0,E,8,872.5394,E,8,999.0,E,8,0.82,E,8,-9900,?,9,-9900,?,9,0.0,E,8,-9900,?,9,-9900,?,9,0.0,0.0,E,8
07/19/2016,11:00,906.489,1321.956,427.12,1,8,149.273,1,8,324.794,1,8,51254.4,1,8,14180.98,1,8,35727.384,1,8,150.819,1,8,-9900,?,9,-9900,?,9,14.32,E,8,9.44,E,8,72.0,E,8,872.5394,E,8,999.0,E,8,1.81,E,8,-9900,?,9,-9900,?,9,0.0,E,8,-9900,?,9,-9900,?,9,0.0,0.0,E,8
07/19/2016,12:00,978.094,1321.956,492.63,1,8,182.506,1,8,357.629,1,8,59115.6,1,8,17338.107,1,8,39339.226,1,8,153.895,1,8,-9900,?,9,-9900,?,9,15.68,E,8,9.87,E,8,68.0,E,8,872.5394,E,8,999.0,E,8,1.63,E,8,-9900,?,9,-9900,?,9,0.0,E,8,-9900,?,9,-9900,?,9,0.0,0.0,E,8
07/19/2016,13:00,971.641,1321.956,512.39,1,8,219.726,1,8,350.931,1,8,61486.8,1,8,20873.964,1,8,38602.446,1,8,152.017,1,8,-9900,?,9,-9900,?,9,16.66,E,8,10.18,E,8,65.0,E,8,872.5394,E,8,999.0,E,8,2.79,E,8,-9900,?,9,-9900,?,9,0.0,E,8,-9900,?,9,-9900,?,9,0.0,0.0,E,8
07/19/2016,14:00,887.568,1321.956,484.94,1,8,251.66,1,8,316.035,1,8,58192.8,1,8,23907.713,1,8,34763.802,1,8,149.884,1,8,-9900,?,9,-9900,?,9,17.27,E,8,10.36,E,8,63.0,E,8,872.5394,E,8,999.0,E,8,3.39,E,8,-9900,?,9,-9900,?,9,0.0,E,8,-9900,?,9,-9900,?,9,0.0,0.0,E,8
07/19/2016,15:00,731.631,1321.956,412.31,1,8,318.968,1,8,235.896,1,8,49477.2,1,8,30301.922,1,8,25948.544,1,8,135.764,1,8,-9900,?,9,-9900,?,9,17.47,E,8,10.42,E,8,63.0,E,8,872.5394,E,8,999.0,E,8,3.71,E,8,-9900,?,9,-9900,?,9,0.0,E,8,-9900,?,9,-9900,?,9,0.0,0.0,E,8
07/19/2016,16:00,514.558,1321.956,300.21,1,8,425.19,1,8,134.979,1,8,36025.2,1,8,40393.024,1,8,14847.67,1,8,110.562,1,8,-9900,?,9,-9900,?,9,17.17,E,8,10.33,E,8,64.0,E,8,872.5394,E,8,999.0,E,8,3.01,E,8,-9900,?,9,-9900,?,9,0.0,E,8,-9900,?,9,-9900,?,9,0.0,0.0,E,8
07/19/2016,17:00,251.669,1321.956,159.0,1,8,539.178,1,8,57.12,1,8,19080.0,1,8,51221.952,1,8,6283.173,1,8,96.223,1,8,-9900,?,9,-9900,?,9,16.28,E,8,10.06,E,8,66.0,E,8,872.5394,E,8,999.0,E,8,2.5,E,8,-9900,?,9,-9900,?,9,0.0,E,8,-9900,?,9,-9900,?,9,0.0,0.0,E,8
07/19/2016,18:00,0.0,1321.956,18.94,1,8,0.0,1,8,0.0,1,8,2272.8,1,8,0.0,1,8,0.0,1,8,-0.0,1,8,-9900,?,9,-9900,?,9,15.52,E,8,9.82,E,8,68.0,E,8,872.5394,E,8,999.0,E,8,1.37,E,8,-9900,?,9,-9900,?,9,0.0,E,8,-9900,?,9,-9900,?,9,0.0,0.0,E,8
07/19/2016,19:00,0.0,1321.956,0.0,1,8,0.0,1,8,0.0,1,8,0.0,1,8,0.0,1,8,0.0,1,8,-0.0,1,8,-9900,?,9,-9900,?,9,14.75,E,8,9.58,E,8,71.0,E,8,872.5394,E,8,999.0,E,8,0.7,E,8,-9900,?,9,-9900,?,9,0.0,E,8,-9900,?,9,-9900,?,9,0.0,0.0,E,8
07/19/2016,20:00,0.0,1321.956,0.0,1,8,0.0,1,8,0.0,1,8,0.0,1,8,0.0,1,8,0.0,1,8,-0.0,1,8,-9900,?,9,-9900,?,9,13.98,E,8,9.33,E,8,73.0,E,8,872.5394,E,8,999.0,E,8,0.39,E,8,-9900,?,9,-9900,?,9,0.0,E,8,-9900,?,9,-9900,?,9,0.0,0.0,E,8
07/19/2016,21:00,0.0,1321.956,0.0,1,8,0.0,1,8,0.0,1,8,0.0,1,8,0.0,1,8,0.0,1,8,-0.0,1,8,-9900,?,9,-9900,?,9,13.21,E,8,9.08,E,8,76.0,E,8,872.5394,E,8,999.0,E,8,0.35,E,8,-9900,?,9,-9900,?,9,0.0,E,8,-9900,?,9,-9900,?,9,0.0,0.0,E,8
07/19/2016,22:00,0.0,1321.956,0.0,1,8,0.0,1,8,0.0,1,8,0.0,1,8,0.0,1,8,0.0,1,8,-0.0,1,8,-9900,?,9,-9900,?,9,12.44,E,8,8.83,E,8,78.0,E,8,872.5394,E,8,999.0,E,8,0.35,E,8,-9900,?,9,-9900,?,9,0.0,E,8,-9900,?,9,-9900,?,9,0.0,0.0,E,8
07/19/2016,23:00,0.0,1321.956,0.0,1,8,0.0,1,8,0.0,1,8,0.0,1,8,0.0,1,8,0.0,1,8,-0.0,1,8,-9900,?,9,-9900,?,9,11.67,E,8,8.57,E,8,81.0,E,8,872.5394,E,8,999.0,E,8,0.35,E,8,-9900,?,9,-9900,?,9,0.0,E,8,-9900,?,9,-9900,?,9,0.0,0.0,E,8
07/19/2016,24:00,0.0,1321.956,0.0,1,8,0.0,1,8,0.0,1,8,0.0,1,8,0.0,1,8,0.0,1,8,-0.0,1,8,-9900,?,9,-9900,?,9,10.9,E,8,8.48,E,8,85.0,E,8,872.5394,E,8,999.0,E,8,0.32,E,8,-9900,?,9,-9900,?,9,0.0,E,8,-9900,?,9,-9900,?,9,0.0,0.0,E,8
07/20/2016,01:00,0.0,1321.956,0.0,1,8,0.0,1,8,0.0,1,8,0.0,1,8,0.0,1,8,0.0,1,8,-0.0,1,8,-9900,?,9,-9900,?,9,10.52,E,8,8.37,E,8,86.0,E,8,872.5394,E,8,999.0,E,8,0.32,E,8,-9900,?,9,-9900,?,9,0.0,E,8,-9900,?,9,-9900,?,9,0.0,0.0,E,8
07/20/2016,02:00,0.0,1321.956,0.0,1,8,0.0,1,8,0.0,1,8,0.0,1,8,0.0,1,8,0.0,1,8,-0.0,1,8,-9900,?,9,-9900,?,9,10.13,E,8,8.25,E,8,88.0,E,8,872.5394,E,8,999.0,E,8,0.32,E,8,-9900,?,9,-9900,?,9,0.0,E,8,-9900,?,9,-9900,?,9,0.0,0.0,E,8
07/20/2016,03:00,0.0,1321.956,0.0,1,8,0.0,1,8,0.0,1,8,0.0,1,8,0.0,1,8,0.0,1,8,-0.0,1,8,-9900,?,9,-9900,?,9,9.75,E,8,8.14,E,8,89.0,E,8,872.5394,E,8,999.0,E,8,0.32,E,8,-9900,?,9,-9900,?,9,0.0,E,8,-9900,?,9,-9900,?,9,0.0,0.0,E,8
07/20/2016,04:00,0.0,1322.156,0.0,1,8,0.0,1,8,0.0,1,8,0.0,1,8,0.0,1,8,0.0,1,8,-0.0,1,8,-9900,?,9,-9900,?,9,9.36,E,8,8.02,E,8,91.0,E,8,872.5394,E,8,999.0,E,8,0.32,E,8,-9900,?,9,-9900,?,9,0.0,E,8,-9900,?,9,-9900,?,9,0.0,0.0,E,8
07/20/2016,05:00,0.0,1322.156,0.0,1,8,0.0,1,8,0.0,1,8,0.0,1,8,0.0,1,8,0.0,1,8,-0.0,1,8,-9900,?,9,-9900,?,9,8.98,E,8,7.9,E,8,92.0,E,8,872.5394,E,8,999.0,E,8,0.32,E,8,-9900,?,9,-9900,?,9,0.0,E,8,-9900,?,9,-9900,?,9,0.0,0.0,E,8
07/20/2016,06:00,0.0,1322.156,0.0,1,8,0.0,1,8,0.0,1,8,0.0,1,8,0.0,1,8,0.0,1,8,-0.0,1,8,-9900,?,9,-9900,?,9,8.68,E,8,7.81,E,8,94.0,E,8,872.5394,E,8,999.0,E,8,0.32,E,8,-9900,?,9,-9900,?,9,0.0,E,8,-9900,?,9,-9900,?,9,0.0,0.0,E,8
07/20/2016,07:00,17.955,1322.156,0.0,1,8,0.0,1,8,0.0,1,8,0.0,1,8,0.0,1,8,0.0,1,8,0.0,1,8,-9900,?,9,-9900,?,9,8.43,E,8,7.73,E,8,95.0,E,8,872.5394,E,8,999.0,E,8,0.32,E,8,-9900,?,9,-9900,?,9,0.0,E,8,-9900,?,9,-9900,?,9,0.0,0.0,E,8
07/20/2016,08:00,298.977,1322.156,59.83,1,8,0.0,1,8,59.83,1,8,7179.6,1,8,0.0,1,8,6581.3,1,8,84.666,1,8,-9900,?,9,-9900,?,9,8.18,E,8,7.65,E,8,96.0,E,8,872.5394,E,8,999.0,E,8,0.32,E,8,-9900,?,9,-9900,?,9,0.0,E,8,-9900,?,9,-9900,?,9,0.0,0.0,E,8
07/20/2016,09:00,555.978,1322.156,194.18,1,8,87.695,1,8,157.354,1,8,23301.6,1,8,8331.016,1,8,17308.892,1,8,119.273,1,8,-9900,?,9,-9900,?,9,11.8,E,8,8.75,E,8,81.0,E,8,872.5394,E,8,999.0,E,8,0.38,E,8,-9900,?,9,-9900,?,9,0.0,E,8,-9900,?,9,-9900,?,9,0.0,0.0,E,8
07/20/2016,10:00,764.279,1322.156,477.25,1,8,430.758,1,8,228.394,1,8,57270.0,1,8,40921.98,1,8,25123.326,1,8,125.84,1,8,-9900,?,9,-9900,?,9,15.14,E,8,9.71,E,8,69.0,E,8,872.5394,E,8,999.0,E,8,0.58,E,8,-9900,?,9,-9900,?,9,0.0,E,8,-9900,?,9,-9900,?,9,0.0,0.0,E,8
07/20/2016,11:00,909.304,1322.156,449.7,1,8,163.293,1,8,337.433,1,8,53964.0,1,8,15512.832,1,8,37117.646,1,8,156.226,1,8,-9900,?,9,-9900,?,9,16.61,E,8,10.11,E,8,65.0,E,8,872.5394,E,8,999.0,E,8,1.09,E,8,-9900,?,9,-9900,?,9,0.0,E,8,-9900,?,9,-9900,?,9,0.0,0.0,E,8
07/20/2016,12:00,981.083,1322.156,569.36,1,8,269.678,1,8,369.298,1,8,68323.2,1,8,25619.407,1,8,40622.798,1,8,158.456,1,8,-9900,?,9,-9900,?,9,18.18,E,8,10.53,E,8,60.0,E,8,872.5394,E,8,999.0,E,8,1.67,E,8,-9900,?,9,-9900,?,9,0.0,E,8,-9900,?,9,-9900,?,9,0.0,0.0,E,8
07/20/2016,13:00,974.697,1322.156,298.53,1,8,21.735,1,8,282.511,1,8,35823.6,1,8,2064.858,1,8,31076.166,1,8,122.013,1,8,-9900,?,9,-9900,?,9,17.93,E,8,10.46,E,8,61.0,E,8,872.5394,E,8,999.0,E,8,2.78,E,8,-9900,?,9,-9900,?,9,0.0,E,8,-9900,?,9,-9900,?,9,0.0,0.0,E,8
07/20/2016,14:00,890.58,1322.156,464.35,1,8,203.963,1,8,327.013,1,8,55722.0,1,8,19376.438,1,8,35971.459,1,8,154.589,1,8,-9900,?,9,-9900,?,9,18.43,E,8,10.59,E,8,60.0,E,8,872.5394,E,8,999.0,E,8,3.22,E,8,-9900,?,9,-9900,?,9,0.0,E,8,-9900,?,9,-9900,?,9,0.0,0.0,E,8
07/20/2016,15:00,734.489,1322.156,395.02,1,8,268.568,1,8,245.922,1,8,47402.4,1,8,25513.99,1,8,27051.414,1,8,141.004,1,8,-9900,?,9,-9900,?,9,18.56,E,8,10.63,E,8,59.0,E,8,872.5394,E,8,999.0,E,8,3.92,E,8,-9900,?,9,-9900,?,9,0.0,E,8,-9900,?,9,-9900,?,9,0.0,0.0,E,8
07/20/2016,16:00,517.163,1322.156,287.95,1,8,363.964,1,8,145.814,1,8,34554.0,1,8,34576.622,1,8,16039.577,1,8,118.852,1,8,-9900,?,9,-9900,?,9,18.15,E,8,10.52,E,8,61.0,E,8,872.5394,E,8,999.0,E,8,3.33,E,8,-9900,?,9,-9900,?,9,0.0,E,8,-9900,?,9,-9900,?,9,0.0,0.0,E,8
07/20/2016,17:00,253.931,1322.156,153.03,1,8,507.176,1,8,56.338,1,8,18363.6,1,8,48181.737,1,8,6197.132,1,8,94.062,1,8,-9900,?,9,-9900,?,9,17.17,E,8,10.26,E,8,63.0,E,8,872.5394,E,8,999.0,E,8,2.18,E,8,-9900,?,9,-9900,?,9,0.0,E,8,-9900,?,9,-9900,?,9,0.0,0.0,E,8
07/20/2016,18:00,0.0,1322.156,18.78,1,8,0.0,1,8,0.0,1,8,2253.6,1,8,0.0,1,8,0.0,1,8,-0.0,1,8,-9900,?,9,-9900,?,9,16.34,E,8,10.04,E,8,66.0,E,8,872.5394,E,8,999.0,E,8,1.53,E,8,-9900,?,9,-9900,?,9,0.0,E,8,-9900,?,9,-9900,?,9,0.0,0.0,E,8
07/20/2016,19:00,0.0,1322.156,0.0,1,8,0.0,1,8,0.0,1,8,0.0,1,8,0.0,1,8,0.0,1,8,-0.0,1,8,-9900,?,9,-9900,?,9,15.5,E,8,9.81,E,8,68.0,E,8,872.5394,E,8,999.0,E,8,0.67,E,8,-9900,?,9,-9900,?,9,0.0,E,8,-9900,?,9,-9900,?,9,0.0,0.0,E,8
07/20/2016,20:00,0.0,1322.156,0.0,1,8,0.0,1,8,0.0,1,8,0.0,1,8,0.0,1,8,0.0,1,8,-0.0,1,8,-9900,?,9,-9900,?,9,14.67,E,8,9.57,E,8,71.0,E,8,872.5394,E,8,999.0,E,8,0.73,E,8,-9900,?,9,-9900,?,9,0.0,E,8,-9900,?,9,-9900,?,9,0.0,0.0,E,8
07/20/2016,21:00,0.0,1322.156,0.0,1,8,0.0,1,8,0.0,1,8,0.0,1,8,0.0,1,8,0.0,1,8,-0.0,1,8,-9900,?,9,-9900,?,9,13.83,E,8,9.34,E,8,74.0,E,8,872.5394,E,8,999.0,E,8,0.63,E,8,-9900,?,9,-9900,?,9,0.0,E,8,-9900,?,9,-9900,?,9,0.0,0.0,E,8
07/20/2016,22:00,0.0,1322.156,0.0,1,8,0.0,1,8,0.0,1,8,0.0,1,8,0.0,1,8,0.0,1,8,-0.0,1,8,-9900,?,9,-9900,?,9,12.99,E,8,9.1,E,8,77.0,E,8,872.5394,E,8,999.0,E,8,0.82,E,8,-9900,?,9,-9900,?,9,0.0,E,8,-9900,?,9,-9900,?,9,0.0,0.0,E,8
07/20/2016,23:00,0.0,1322.156,0.0,1,8,0.0,1,8,0.0,1,8,0.0,1,8,0.0,1,8,0.0,1,8,-0.0,1,8,-9900,?,9,-9900,?,9,12.16,E,8,8.86,E,8,80.0,E,8,872.5394,E,8,999.0,E,8,0.61,E,8,-9900,?,9,-9900,?,9,0.0,E,8,-9900,?,9,-9900,?,9,0.0,0.0,E,8
07/20/2016,24:00,0.0,1322.156,0.0,1,8,0.0,1,8,0.0,1,8,0.0,1,8,0.0,1,8,0.0,1,8,-0.0,1,8,-9900,?,9,-9900,?,9,11.32,E,8,7.52,E,8,77.0,E,8,872.5394,E,8,999.0,E,8,0.38,E,8,-9900,?,9,-9900,?,9,0.0,E,8,-9900,?,9,-9900,?,9,0.0,0.0,E,8
07/21/2016,01:00,0.0,1322.156,0.0,1,8,0.0,1,8,0.0,1,8,0.0,1,8,0.0,1,8,0.0,1,8,-0.0,1,8,-9900,?,9,-9900,?,9,10.91,E,8,7.42,E,8,79.0,E,8,872.5394,E,8,999.0,E,8,0.51,E,8,-9900,?,9,-9900,?,9,0.0,E,8,-9900,?,9,-9900,?,9,0.0,0.0,E,8
07/21/2016,02:00,0.0,1322.156,0.0,1,8,0.0,1,8,0.0,1,8,0.0,1,8,0.0,1,8,0.0,1,8,-0.0,1,8,-9900,?,9,-9900,?,9,10.49,E,8,7.31,E,8,80.0,E,8,872.5394,E,8,999.0,E,8,0.5,E,8,-9900,?,9,-9900,?,9,0.0,E,8,-9900,?,9,-9900,?,9,0.0,0.0,E,8
07/21/2016,03:00,0.0,1322.156,0.0,1,8,0.0,1,8,0.0,1,8,0.0,1,8,0.0,1,8,0.0,1,8,-0.0,1,8,-9900,?,9,-9900,?,9,10.07,E,8,7.21,E,8,82.0,E,8,872.5394,E,8,999.0,E,8,0.32,E,8,-9900,?,9,-9900,?,9,0.0,E,8,-9900,?,9,-9900,?,9,0.0,0.0,E,8
07/21/2016,04:00,0.0,1322.369,0.0,1,8,0.0,1,8,0.0,1,8,0.0,1,8,0.0,1,8,0.0,1,8,-0.0,1,8,-9900,?,9,-9900,?,9,9.65,E,8,7.1,E,8,84.0,E,8,872.5394,E,8,999.0,E,8,0.32,E,8,-9900,?,9,-9900,?,9,0.0,E,8,-9900,?,9,-9900,?,9,0.0,0.0,E,8
07/21/2016,05:00,0.0,1322.369,0.0,1,8,0.0,1,8,0.0,1,8,0.0,1,8,0.0,1,8,0.0,1,8,-0.0,1,8,-9900,?,9,-9900,?,9,9.24,E,8,7.0,E,8,85.0,E,8,872.5394,E,8,999.0,E,8,0.32,E,8,-9900,?,9,-9900,?,9,0.0,E,8,-9900,?,9,-9900,?,9,0.0,0.0,E,8
07/21/2016,06:00,0.0,1322.369,0.0,1,8,0.0,1,8,0.0,1,8,0.0,1,8,0.0,1,8,0.0,1,8,-0.0,1,8,-9900,?,9,-9900,?,9,8.91,E,8,6.91,E,8,87.0,E,8,872.5394,E,8,999.0,E,8,0.32,E,8,-9900,?,9,-9900,?,9,0.0,E,8,-9900,?,9,-9900,?,9,0.0,0.0,E,8
07/21/2016,07:00,19.248,1322.369,0.0,1,8,0.0,1,8,0.0,1,8,0.0,1,8,0.0,1,8,0.0,1,8,0.0,1,8,-9900,?,9,-9900,?,9,8.64,E,8,6.84,E,8,88.0,E,8,872.5394,E,8,999.0,E,8,0.32,E,8,-9900,?,9,-9900,?,9,0.0,E,8,-9900,?,9,-9900,?,9,0.0,0.0,E,8
07/21/2016,08:00,300.875,1322.369,38.78,1,8,0.0,1,8,38.78,1,8,4653.6,1,8,0.0,1,8,4265.8,1,8,54.537,1,8,-9900,?,9,-9900,?,9,8.36,E,8,6.77,E,8,89.0,E,8,872.5394,E,8,999.0,E,8,0.32,E,8,-9900,?,9,-9900,?,9,0.0,E,8,-9900,?,9,-9900,?,9,0.0,0.0,E,8
07/21/2016,09:00,558.284,1322.369,184.07,1,8,31.494,1,8,170.792,1,8,22088.4,1,8,2991.892,1,8,18787.092,1,8,128.943,1,8,-9900,?,9,-9900,?,9,11.69,E,8,7.61,E,8,76.0,E,8,872.5394,E,8,999.0,E,8,0.48,E,8,-9900,?,9,-9900,?,9,0.0,E,8,-9900,?,9,-9900,?,9,0.0,0.0,E,8
07/21/2016,10:00,766.931,1322.369,320.67,1,8,77.22,1,8,275.911,1,8,38480.4,1,8,7335.936,1,8,30350.166,1,8,151.519,1,8,-9900,?,9,-9900,?,9,13.77,E,8,8.11,E,8,68.0,E,8,872.5394,E,8,999.0,E,8,0.73,E,8,-9900,?,9,-9900,?,9,0.0,E,8,-9900,?,9,-9900,?,9,0.0,0.0,E,8
07/21/2016,11:00,912.22,1322.369,426.16,1,8,143.59,1,8,327.138,1,8,51139.2,1,8,13641.058,1,8,35985.198,1,8,150.999,1,8,-9900,?,9,-9900,?,9,15.59,E,8,8.54,E,8,62.0,E,8,872.5394,E,8,999.0,E,8,1.31,E,8,-9900,?,9,-9900,?,9,0.0,E,8,-9900,?,9,-9900,?,9,0.0,0.0,E,8
07/21/2016,12:00,984.164,1322.369,491.26,1,8,175.339,1,8,360.796,1,8,58951.2,1,8,16657.217,1,8,39687.545,1,8,154.347,1,8,-9900,?,9,-9900,?,9,17.08,E,8,8.88,E,8,58.0,E,8,872.5394,E,8,999.0,E,8,2.4,E,8,-9900,?,9,-9900,?,9,0.0,E,8,-9900,?,9,-9900,?,9,0.0,0.0,E,8
07/21/2016,13:00,977.833,1322.369,510.97,1,8,211.081,1,8,354.923,1,8,61316.4,1,8,20052.696,1,8,39041.521,1,8,152.819,1,8,-9900,?,9,-9900,?,9,18.16,E,8,9.13,E,8,55.0,E,8,872.5394,E,8,999.0,E,8,3.45,E,8,-9900,?,9,-9900,?,9,0.0,E,8,-9900,?,9,-9900,?,9,0.0,0.0,E,8
07/21/2016,14:00,893.656,1322.369,483.79,1,8,259.526,1,8,308.464,1,8,58054.8,1,8,24654.968,1,8,33931.011,1,8,145.341,1,8,-9900,?,9,-9900,?,9,18.82,E,8,9.27,E,8,53.0,E,8,872.5394,E,8,999.0,E,8,3.92,E,8,-9900,?,9,-9900,?,9,0.0,E,8,-9900,?,9,-9900,?,9,0.0,0.0,E,8
07/21/2016,15:00,737.395,1322.369,411.77,1,8,307.184,1,8,240.586,1,8,49412.4,1,8,29182.478,1,8,26464.412,1,8,137.421,1,8,-9900,?,9,-9900,?,9,19.05,E,8,9.32,E,8,53.0,E,8,872.5394,E,8,999.0,E,8,4.51,E,8,-9900,?,9,-9900,?,9,0.0,E,8,-9900,?,9,-9900,?,9,0.0,0.0,E,8
07/21/2016,16:00,519.799,1322.369,300.52,1,8,410.949,1,8,139.24,1,8,36062.4,1,8,39040.19,1,8,15316.446,1,8,112.934,1,8,-9900,?,9,-9900,?,9,18.72,E,8,9.25,E,8,54.0,E,8,872.5394,E,8,999.0,E,8,3.97,E,8,-9900,?,9,-9900,?,9,0.0,E,8,-9900,?,9,-9900,?,9,0.0,0.0,E,8
07/21/2016,17:00,256.21,1322.369,160.26,1,8,533.668,1,8,57.607,1,8,19231.2,1,8,50698.447,1,8,6336.799,1,8,95.33,1,8,-9900,?,9,-9900,?,9,17.75,E,8,9.03,E,8,56.0,E,8,872.5394,E,8,999.0,E,8,3.15,E,8,-9900,?,9,-9900,?,9,0.0,E,8,-9900,?,9,-9900,?,9,0.0,0.0,E,8
07/21/2016,18:00,0.0,1322.369,20.23,1,8,0.0,1,8,0.0,1,8,2427.6,1,8,0.0,1,8,0.0,1,8,-0.0,1,8,-9900,?,9,-9900,?,9,16.79,E,8,8.82,E,8,59.0,E,8,872.5394,E,8,999.0,E,8,1.85,E,8,-9900,?,9,-9900,?,9,0.0,E,8,-9900,?,9,-9900,?,9,0.0,0.0,E,8
07/21/2016,19:00,0.0,1322.369,0.0,1,8,0.0,1,8,0.0,1,8,0.0,1,8,0.0,1,8,0.0,1,8,-0.0,1,8,-9900,?,9,-9900,?,9,15.83,E,8,8.6,E,8,62.0,E,8,872.5394,E,8,999.0,E,8,1.06,E,8,-9900,?,9,-9900,?,9,0.0,E,8,-9900,?,9,-9900,?,9,0.0,0.0,E,8
07/21/2016,20:00,0.0,1322.369,0.0,1,8,0.0,1,8,0.0,1,8,0.0,1,8,0.0,1,8,0.0,1,8,-0.0,1,8,-9900,?,9,-9900,?,9,14.87,E,8,8.37,E,8,65.0,E,8,872.5394,E,8,999.0,E,8,0.81,E,8,-9900,?,9,-9900,?,9,0.0,E,8,-9900,?,9,-9900,?,9,0.0,0.0,E,8
07/21/2016,21:00,0.0,1322.369,0.0,1,8,0.0,1,8,0.0,1,8,0.0,1,8,0.0,1,8,0.0,1,8,-0.0,1,8,-9900,?,9,-9900,?,9,13.91,E,8,8.15,E,8,68.0,E,8,872.5394,E,8,999.0,E,8,0.57,E,8,-9900,?,9,-9900,?,9,0.0,E,8,-9900,?,9,-9900,?,9,0.0,0.0,E,8
07/21/2016,22:00,0.0,1322.369,0.0,1,8,0.0,1,8,0.0,1,8,0.0,1,8,0.0,1,8,0.0,1,8,-0.0,1,8,-9900,?,9,-9900,?,9,12.95,E,8,7.92,E,8,71.0,E,8,872.5394,E,8,999.0,E,8,0.32,E,8,-9900,?,9,-9900,?,9,0.0,E,8,-9900,?,9,-9900,?,9,0.0,0.0,E,8
07/21/2016,23:00,0.0,1322.369,0.0,1,8,0.0,1,8,0.0,1,8,0.0,1,8,0.0,1,8,0.0,1,8,-0.0,1,8,-9900,?,9,-9900,?,9,11.99,E,8,7.68,E,8,74.0,E,8,872.5394,E,8,999.0,E,8,0.32,E,8,-9900,?,9,-9900,?,9,0.0,E,8,-9900,?,9,-9900,?,9,0.0,0.0,E,8
07/21/2016,24:00,0.0,1322.369,0.0,1,8,0.0,1,8,0.0,1,8,0.0,1,8,0.0,1,8,0.0,1,8,-0.0,1,8,-9900,?,9,-9900,?,9,11.03,E,8,6.58,E,8,74.0,E,8,872.5394,E,8,999.0,E,8,0.65,E,8,-9900,?,9,-9900,?,9,0.0,E,8,-9900,?,9,-9900,?,9,0.0,0.0,E,8
07/22/2016,01:00,0.0,1322.369,0.0,1,8,0.0,1,8,0.0,1,8,0.0,1,8,0.0,1,8,0.0,1,8,-0.0,1,8,-9900,?,9,-9900,?,9,10.55,E,8,6.47,E,8,75.0,E,8,872.5394,E,8,999.0,E,8,0.65,E,8,-9900,?,9,-9900,?,9,0.0,E,8,-9900,?,9,-9900,?,9,0.0,0.0,E,8
07/22/2016,02:00,0.0,1322.369,0.0,1,8,0.0,1,8,0.0,1,8,0.0,1,8,0.0,1,8,0.0,1,8,-0.0,1,8,-9900,?,9,-9900,?,9,10.07,E,8,6.36,E,8,77.0,E,8,872.5394,E,8,999.0,E,8,0.65,E,8,-9900,?,9,-9900,?,9,0.0,E,8,-9900,?,9,-9900,?,9,0.0,0.0,E,8
07/22/2016,03:00,0.0,1322.369,0.0,1,8,0.0,1,8,0.0,1,8,0.0,1,8,0.0,1,8,0.0,1,8,-0.0,1,8,-9900,?,9,-9900,?,9,9.59,E,8,6.25,E,8,79.0,E,8,872.5394,E,8,999.0,E,8,0.65,E,8,-9900,?,9,-9900,?,9,0.0,E,8,-9900,?,9,-9900,?,9,0.0,0.0,E,8
07/22/2016,04:00,0.0,1322.593,0.0,1,8,0.0,1,8,0.0,1,8,0.0,1,8,0.0,1,8,0.0,1,8,-0.0,1,8,-9900,?,9,-9900,?,9,9.11,E,8,6.14,E,8,81.0,E,8,872.5394,E,8,999.0,E,8,0.65,E,8,-9900,?,9,-9900,?,9,0.0,E,8,-9900,?,9,-9900,?,9,0.0,0.0,E,8
07/22/2016,05:00,0.0,1322.593,0.0,1,8,0.0,1,8,0.0,1,8,0.0,1,8,0.0,1,8,0.0,1,8,-0.0,1,8,-9900,?,9,-9900,?,9,8.63,E,8,6.03,E,8,83.0,E,8,872.5394,E,8,999.0,E,8,0.65,E,8,-9900,?,9,-9900,?,9,0.0,E,8,-9900,?,9,-9900,?,9,0.0,0.0,E,8
07/22/2016,06:00,0.0,1322.593,0.0,1,8,0.0,1,8,0.0,1,8,0.0,1,8,0.0,1,8,0.0,1,8,-0.0,1,8,-9900,?,9,-9900,?,9,8.26,E,8,5.94,E,8,85.0,E,8,872.5394,E,8,999.0,E,8,0.65,E,8,-9900,?,9,-9900,?,9,0.0,E,8,-9900,?,9,-9900,?,9,0.0,0.0,E,8
07/22/2016,07:00,20.631,1322.593,0.0,1,8,0.0,1,8,0.0,1,8,0.0,1,8,0.0,1,8,0.0,1,8,0.0,1,8,-9900,?,9,-9900,?,9,7.95,E,8,5.87,E,8,86.0,E,8,872.5394,E,8,999.0,E,8,0.65,E,8,-9900,?,9,-9900,?,9,0.0,E,8,-9900,?,9,-9900,?,9,0.0,0.0,E,8
07/22/2016,08:00,302.877,1322.593,55.69,1,8,0.0,1,8,55.69,1,8,6682.8,1,8,0.0,1,8,6125.9,1,8,77.808,1,8,-9900,?,9,-9900,?,9,7.63,E,8,5.79,E,8,88.0,E,8,872.5394,E,8,999.0,E,8,0.65,E,8,-9900,?,9,-9900,?,9,0.0,E,8,-9900,?,9,-9900,?,9,0.0,0.0,E,8
07/22/2016,09:00,560.697,1322.593,253.34,1,8,168.991,1,8,181.794,1,8,30400.8,1,8,16054.136,1,8,19997.315,1,8,136.68,1,8,-9900,?,9,-9900,?,9,11.25,E,8,6.63,E,8,73.0,E,8,872.5394,E,8,999.0,E,8,0.65,E,8,-9900,?,9,-9900,?,9,0.0,E,8,-9900,?,9,-9900,?,9,0.0,0.0,E,8
07/22/2016,10:00,769.688,1322.593,451.7,1,8,359.2,1,8,242.782,1,8,54204.0,1,8,34124.011,1,8,26706.005,1,8,132.87,1,8,-9900,?,9,-9900,?,9,13.57,E,8,7.15,E,8,65.0,E,8,872.5394,E,8,999.0,E,8,0.65,E,8,-9900,?,9,-9900,?,9,0.0,E,8,-9900,?,9,-9900,?,9,0.0,0.0,E,8
07/22/2016,11:00,915.236,1322.593,559.08,1,8,379.04,1,8,296.868,1,8,67089.6,1,8,36008.801,1,8,32655.453,1,8,136.598,1,8,-9900,?,9,-9900,?,9,15.35,E,8,7.54,E,8,59.0,E,8,872.5394,E,8,999.0,E,8,0.78,E,8,-9900,?,9,-9900,?,9,0.0,E,8,-9900,?,9,-9900,?,9,0.0,0.0,E,8
07/22/2016,12:00,987.336,1322.593,635.57,1,8,445.101,1,8,303.373,1,8,76268.4,1,8,42284.549,1,8,33371.059,1,8,129.387,1,8,-9900,?,9,-9900,?,9,16.78,E,8,7.84,E,8,55.0,E,8,872.5394,E,8,999.0,E,8,1.37,E,8,-9900,?,9,-9900,?,9,0.0,E,8,-9900,?,9,-9900,?,9,0.0,0.0,E,8
07/22/2016,13:00,981.047,1322.593,669.59,1,8,522.564,1,8,282.066,1,8,80350.8,1,8,49643.588,1,8,31027.246,1,8,121.071,1,8,-9900,?,9,-9900,?,9,17.87,E,8,8.07,E,8,52.0,E,8,872.5394,E,8,999.0,E,8,1.79,E,8,-9900,?,9,-9900,?,9,0.0,E,8,-9900,?,9,-9900,?,9,0.0,0.0,E,8
07/22/2016,14:00,896.795,1322.593,610.34,1,8,558.508,1,8,231.77,1,8,73240.8,1,8,53058.251,1,8,25494.668,1,8,108.84,1,8,-9900,?,9,-9900,?,9,18.45,E,8,8.19,E,8,51.0,E,8,872.5394,E,8,999.0,E,8,2.62,E,8,-9900,?,9,-9900,?,9,0.0,E,8,-9900,?,9,-9900,?,9,0.0,0.0,E,8
07/22/2016,15:00,740.349,1322.593,458.85,1,8,456.419,1,8,203.524,1,8,55062.0,1,8,43359.811,1,8,22387.658,1,8,115.807,1,8,-9900,?,9,-9900,?,9,18.43,E,8,8.19,E,8,51.0,E,8,872.5394,E,8,999.0,E,8,2.42,E,8,-9900,?,9,-9900,?,9,0.0,E,8,-9900,?,9,-9900,?,9,0.0,0.0,E,8
07/22/2016,16:00,522.467,1322.593,339.89,1,8,521.002,1,8,134.401,1,8,40786.8,1,8,49495.21,1,8,14784.141,1,8,108.469,1,8,-9900,?,9,-9900,?,9,17.89,E,8,8.08,E,8,52.0,E,8,872.5394,E,8,999.0,E,8,3.01,E,8,-9900,?,9,-9900,?,9,0.0,E,8,-9900,?,9,-9900,?,9,0.0,0.0,E,8
07/22/2016,17:00,258.504,1322.593,196.81,1,8,554.708,1,8,89.159,1,8,23617.2,1,8,52697.274,1,8,9807.515,1,8,146.239,1,8,-9900,?,9,-9900,?,9,16.89,E,8,7.87,E,8,55.0,E,8,872.5394,E,8,999.0,E,8,2.59,E,8,-9900,?,9,-9900,?,9,0.0,E,8,-9900,?,9,-9900,?,9,0.0,0.0,E,8
07/22/2016,18:00,0.0,1322.593,25.49,1,8,0.0,1,8,0.0,1,8,3058.8,1,8,0.0,1,8,0.0,1,8,-0.0,1,8,-9900,?,9,-9900,?,9,15.45,E,8,7.56,E,8,59.0,E,8,872.5394,E,8,999.0,E,8,1.52,E,8,-9900,?,9,-9900,?,9,0.0,E,8,-9900,?,9,-9900,?,9,0.0,0.0,E,8
07/22/2016,19:00,0.0,1322.593,0.0,1,8,0.0,1,8,0.0,1,8,0.0,1,8,0.0,1,8,0.0,1,8,-0.0,1,8,-9900,?,9,-9900,?,9,14.61,E,8,7.38,E,8,61.0,E,8,872.5394,E,8,999.0,E,8,1.08,E,8,-9900,?,9,-9900,?,9,0.0,E,8,-9900,?,9,-9900,?,9,0.0,0.0,E,8
07/22/2016,20:00,0.0,1322.593,0.0,1,8,0.0,1,8,0.0,1,8,0.0,1,8,0.0,1,8,0.0,1,8,-0.0,1,8,-9900,?,9,-9900,?,9,13.76,E,8,7.19,E,8,64.0,E,8,872.5394,E,8,999.0,E,8,0.65,E,8,-9900,?,9,-9900,?,9,0.0,E,8,-9900,?,9,-9900,?,9,0.0,0.0,E,8
07/22/2016,21:00,0.0,1322.593,0.0,1,8,0.0,1,8,0.0,1,8,0.0,1,8,0.0,1,8,0.0,1,8,-0.0,1,8,-9900,?,9,-9900,?,9,12.92,E,8,7.01,E,8,67.0,E,8,872.5394,E,8,999.0,E,8,0.65,E,8,-9900,?,9,-9900,?,9,0.0,E,8,-9900,?,9,-9900,?,9,0.0,0.0,E,8
07/22/2016,22:00,0.0,1322.593,0.0,1,8,0.0,1,8,0.0,1,8,0.0,1,8,0.0,1,8,0.0,1,8,-0.0,1,8,-9900,?,9,-9900,?,9,12.07,E,8,6.82,E,8,70.0,E,8,872.5394,E,8,999.0,E,8,0.69,E,8,-9900,?,9,-9900,?,9,0.0,E,8,-9900,?,9,-9900,?,9,0.0,0.0,E,8
07/22/2016,23:00,0.0,1322.593,0.0,1,8,0.0,1,8,0.0,1,8,0.0,1,8,0.0,1,8,0.0,1,8,-0.0,1,8,-9900,?,9,-9900,?,9,11.23,E,8,6.63,E,8,73.0,E,8,872.5394,E,8,999.0,E,8,0.65,E,8,-9900,?,9,-9900,?,9,0.0,E,8,-9900,?,9,-9900,?,9,0.0,0.0,E,8
07/22/2016,24:00,0.0,1322.593,0.0,1,8,0.0,1,8,0.0,1,8,0.0,1,8,0.0,1,8,0.0,1,8,-0.0,1,8,-9900,?,9,-9900,?,9,10.38,E,8,6.17,E,8,75.0,E,8,872.5394,E,8,999.0,E,8,0.45,E,8,-9900,?,9,-9900,?,9,0.0,E,8,-9900,?,9,-9900,?,9,0.0,0.0,E,8
07/23/2016,01:00,0.0,1322.593,0.0,1,8,0.0,1,8,0.0,1,8,0.0,1,8,0.0,1,8,0.0,1,8,-0.0,1,8,-9900,?,9,-9900,?,9,9.96,E,8,6.24,E,8,77.0,E,8,872.5394,E,8,999.0,E,8,0.45,E,8,-9900,?,9,-9900,?,9,0.0,E,8,-9900,?,9,-9900,?,9,0.0,0.0,E,8
07/23/2016,02:00,0.0,1322.593,0.0,1,8,0.0,1,8,0.0,1,8,0.0,1,8,0.0,1,8,0.0,1,8,-0.0,1,8,-9900,?,9,-9900,?,9,9.54,E,8,6.31,E,8,80.0,E,8,872.5394,E,8,999.0,E,8,0.45,E,8,-9900,?,9,-9900,?,9,0.0,E,8,-9900,?,9,-9900,?,9,0.0,0.0,E,8
07/23/2016,03:00,0.0,1322.593,0.0,1,8,0.0,1,8,0.0,1,8,0.0,1,8,0.0,1,8,0.0,1,8,-0.0,1,8,-9900,?,9,-9900,?,9,9.11,E,8,6.38,E,8,82.0,E,8,872.5394,E,8,999.0,E,8,0.45,E,8,-9900,?,9,-9900,?,9,0.0,E,8,-9900,?,9,-9900,?,9,0.0,0.0,E,8
07/23/2016,04:00,0.0,1322.83,0.0,1,8,0.0,1,8,0.0,1,8,0.0,1,8,0.0,1,8,0.0,1,8,-0.0,1,8,-9900,?,9,-9900,?,9,8.69,E,8,6.45,E,8,85.0,E,8,872.5394,E,8,999.0,E,8,0.45,E,8,-9900,?,9,-9900,?,9,0.0,E,8,-9900,?,9,-9900,?,9,0.0,0.0,E,8
07/23/2016,05:00,0.0,1322.83,0.0,1,8,0.0,1,8,0.0,1,8,0.0,1,8,0.0,1,8,0.0,1,8,-0.0,1,8,-9900,?,9,-9900,?,9,8.27,E,8,6.52,E,8,88.0,E,8,872.5394,E,8,999.0,E,8,0.45,E,8,-9900,?,9,-9900,?,9,0.0,E,8,-9900,?,9,-9900,?,9,0.0,0.0,E,8
07/23/2016,06:00,0.0,1322.83,0.0,1,8,0.0,1,8,0.0,1,8,0.0,1,8,0.0,1,8,0.0,1,8,-0.0,1,8,-9900,?,9,-9900,?,9,7.94,E,8,6.57,E,8,91.0,E,8,872.5394,E,8,999.0,E,8,0.45,E,8,-9900,?,9,-9900,?,9,0.0,E,8,-9900,?,9,-9900,?,9,0.0,0.0,E,8
07/23/2016,07:00,22.105,1322.83,0.0,1,8,0.0,1,8,0.0,1,8,0.0,1,8,0.0,1,8,0.0,1,8,0.0,1,8,-9900,?,9,-9900,?,9,7.66,E,8,6.61,E,8,93.0,E,8,872.5394,E,8,999.0,E,8,0.45,E,8,-9900,?,9,-9900,?,9,0.0,E,8,-9900,?,9,-9900,?,9,0.0,0.0,E,8
07/23/2016,08:00,304.983,1322.83,48.33,1,8,0.0,1,8,48.33,1,8,5799.6,1,8,0.0,1,8,5316.3,1,8,67.066,1,8,-9900,?,9,-9900,?,9,7.38,E,8,6.66,E,8,95.0,E,8,872.5394,E,8,999.0,E,8,0.45,E,8,-9900,?,9,-9900,?,9,0.0,E,8,-9900,?,9,-9900,?,9,0.0,0.0,E,8
07/23/2016,09:00,563.215,1322.83,262.17,1,8,188.945,1,8,181.829,1,8,31460.4,1,8,17949.818,1,8,20001.244,1,8,136.118,1,8,-9900,?,9,-9900,?,9,11.27,E,8,6.03,E,8,70.0,E,8,872.5394,E,8,999.0,E,8,0.45,E,8,-9900,?,9,-9900,?,9,0.0,E,8,-9900,?,9,-9900,?,9,0.0,0.0,E,8
07/23/2016,10:00,772.549,1322.83,443.14,1,8,315.116,1,8,259.213,1,8,53176.8,1,8,29936.004,1,8,28513.395,1,8,141.361,1,8,-9900,?,9,-9900,?,9,13.67,E,8,5.62,E,8,58.0,E,8,872.5394,E,8,999.0,E,8,0.5,E,8,-9900,?,9,-9900,?,9,0.0,E,8,-9900,?,9,-9900,?,9,0.0,0.0,E,8
07/23/2016,11:00,918.35,1322.83,465.11,1,8,143.291,1,8,365.664,1,8,55813.2,1,8,13612.68,1,8,40223.048,1,8,167.713,1,8,-9900,?,9,-9900,?,9,15.0,E,8,5.4,E,8,52.0,E,8,872.5394,E,8,999.0,E,8,1.24,E,8,-9900,?,9,-9900,?,9,0.0,E,8,-9900,?,9,-9900,?,9,0.0,0.0,E,8
07/23/2016,12:00,990.596,1322.83,481.99,1,8,157.631,1,8,363.976,1,8,57838.8,1,8,14974.971,1,8,40037.32,1,8,154.75,1,8,-9900,?,9,-9900,?,9,15.89,E,8,5.24,E,8,49.0,E,8,872.5394,E,8,999.0,E,8,2.1,E,8,-9900,?,9,-9900,?,9,0.0,E,8,-9900,?,9,-9900,?,9,0.0,0.0,E,8
07/23/2016,13:00,984.336,1322.83,508.71,1,8,146.614,1,8,399.639,1,8,61045.2,1,8,13928.29,1,8,43960.248,1,8,170.994,1,8,-9900,?,9,-9900,?,9,16.59,E,8,5.12,E,8,46.0,E,8,872.5394,E,8,999.0,E,8,3.51,E,8,-9900,?,9,-9900,?,9,0.0,E,8,-9900,?,9,-9900,?,9,0.0,0.0,E,8
07/23/2016,14:00,899.996,1322.83,542.5,1,8,351.032,1,8,303.754,1,8,65100.0,1,8,33348.085,1,8,33412.968,1,8,142.162,1,8,-9900,?,9,-9900,?,9,17.22,E,8,5.01,E,8,44.0,E,8,872.5394,E,8,999.0,E,8,3.03,E,8,-9900,?,9,-9900,?,9,0.0,E,8,-9900,?,9,-9900,?,9,0.0,0.0,E,8
07/23/2016,15:00,743.347,1322.83,459.83,1,8,436.065,1,8,214.945,1,8,55179.6,1,8,41426.133,1,8,23643.931,1,8,121.833,1,8,-9900,?,9,-9900,?,9,17.42,E,8,4.97,E,8,43.0,E,8,872.5394,E,8,999.0,E,8,3.09,E,8,-9900,?,9,-9900,?,9,0.0,E,8,-9900,?,9,-9900,?,9,0.0,0.0,E,8
07/23/2016,16:00,525.164,1322.83,395.49,1,8,599.88,1,8,157.708,1,8,47458.8,1,8,56988.589,1,8,17347.885,1,8,126.645,1,8,-9900,?,9,-9900,?,9,17.4,E,8,4.98,E,8,43.0,E,8,872.5394,E,8,999.0,E,8,2.93,E,8,-9900,?,9,-9900,?,9,0.0,E,8,-9900,?,9,-9900,?,9,0.0,0.0,E,8
07/23/2016,17:00,260.813,1322.83,255.01,1,8,477.536,1,8,161.513,1,8,30601.2,1,8,45365.93,1,8,17766.444,1,8,262.583,1,8,-9900,?,9,-9900,?,9,16.78,E,8,5.09,E,8,45.0,E,8,872.5394,E,8,999.0,E,8,2.0,E,8,-9900,?,9,-9900,?,9,0.0,E,8,-9900,?,9,-9900,?,9,0.0,0.0,E,8
07/23/2016,18:00,0.0,1322.83,33.12,1,8,0.0,1,8,0.0,1,8,3974.4,1,8,0.0,1,8,0.0,1,8,-0.0,1,8,-9900,?,9,-9900,?,9,15.41,E,8,5.33,E,8,50.0,E,8,872.5394,E,8,999.0,E,8,1.38,E,8,-9900,?,9,-9900,?,9,0.0,E,8,-9900,?,9,-9900,?,9,0.0,0.0,E,8
07/23/2016,19:00,0.0,1322.83,0.0,1,8,0.0,1,8,0.0,1,8,0.0,1,8,0.0,1,8,0.0,1,8,-0.0,1,8,-9900,?,9,-9900,?,9,14.65,E,8,5.46,E,8,53.0,E,8,872.5394,E,8,999.0,E,8,0.92,E,8,-9900,?,9,-9900,?,9,0.0,E,8,-9900,?,9,-9900,?,9,0.0,0.0,E,8
07/23/2016,20:00,0.0,1322.83,0.0,1,8,0.0,1,8,0.0,1,8,0.0,1,8,0.0,1,8,0.0,1,8,-0.0,1,8,-9900,?,9,-9900,?,9,13.88,E,8,5.59,E,8,57.0,E,8,872.5394,E,8,999.0,E,8,0.45,E,8,-9900,?,9,-9900,?,9,0.0,E,8,-9900,?,9,-9900,?,9,0.0,0.0,E,8
07/23/2016,21:00,0.0,1322.83,0.0,1,8,0.0,1,8,0.0,1,8,0.0,1,8,0.0,1,8,0.0,1,8,-0.0,1,8,-9900,?,9,-9900,?,9,13.12,E,8,5.72,E,8,60.0,E,8,872.5394,E,8,999.0,E,8,0.45,E,8,-9900,?,9,-9900,?,9,0.0,E,8,-9900,?,9,-9900,?,9,0.0,0.0,E,8
07/23/2016,22:00,0.0,1322.83,0.0,1,8,0.0,1,8,0.0,1,8,0.0,1,8,0.0,1,8,0.0,1,8,-0.0,1,8,-9900,?,9,-9900,?,9,12.36,E,8,5.84,E,8,64.0,E,8,872.5394,E,8,999.0,E,8,0.45,E,8,-9900,?,9,-9900,?,9,0.0,E,8,-9900,?,9,-9900,?,9,0.0,0.0,E,8
07/23/2016,23:00,0.0,1322.83,0.0,1,8,0.0,1,8,0.0,1,8,0.0,1,8,0.0,1,8,0.0,1,8,-0.0,1,8,-9900,?,9,-9900,?,9,11.59,E,8,5.97,E,8,68.0,E,8,872.5394,E,8,999.0,E,8,0.45,E,8,-9900,?,9,-9900,?,9,0.0,E,8,-9900,?,9,-9900,?,9,0.0,0.0,E,8
07/23/2016,24:00,0.0,1322.83,0.0,1,8,0.0,1,8,0.0,1,8,0.0,1,8,0.0,1,8,0.0,1,8,-0.0,1,8,-9900,?,9,-9900,?,9,10.83,E,8,8.47,E,8,85.0,E,8,872.5394,E,8,999.0,E,8,0.51,E,8,-9900,?,9,-9900,?,9,0.0,E,8,-9900,?,9,-9900,?,9,0.0,0.0,E,8
07/24/2016,01:00,0.0,1322.83,0.0,1,8,0.0,1,8,0.0,1,8,0.0,1,8,0.0,1,8,0.0,1,8,-0.0,1,8,-9900,?,9,-9900,?,9,10.45,E,8,8.42,E,8,87.0,E,8,872.5394,E,8,999.0,E,8,0.51,E,8,-9900,?,9,-9900,?,9,0.0,E,8,-9900,?,9,-9900,?,9,0.0,0.0,E,8
07/24/2016,02:00,0.0,1322.83,0.0,1,8,0.0,1,8,0.0,1,8,0.0,1,8,0.0,1,8,0.0,1,8,-0.0,1,8,-9900,?,9,-9900,?,9,10.07,E,8,8.36,E,8,89.0,E,8,872.5394,E,8,999.0,E,8,0.51,E,8,-9900,?,9,-9900,?,9,0.0,E,8,-9900,?,9,-9900,?,9,0.0,0.0,E,8
07/24/2016,03:00,0.0,1322.83,0.0,1,8,0.0,1,8,0.0,1,8,0.0,1,8,0.0,1,8,0.0,1,8,-0.0,1,8,-9900,?,9,-9900,?,9,9.69,E,8,8.31,E,8,91.0,E,8,872.5394,E,8,999.0,E,8,0.51,E,8,-9900,?,9,-9900,?,9,0.0,E,8,-9900,?,9,-9900,?,9,0.0,0.0,E,8
07/24/2016,04:00,0.0,1323.079,0.0,1,8,0.0,1,8,0.0,1,8,0.0,1,8,0.0,1,8,0.0,1,8,-0.0,1,8,-9900,?,9,-9900,?,9,9.3,E,8,8.26,E,8,93.0,E,8,872.5394,E,8,999.0,E,8,0.51,E,8,-9900,?,9,-9900,?,9,0.0,E,8,-9900,?,9,-9900,?,9,0.0,0.0,E,8
07/24/2016,05:00,0.0,1323.079,0.0,1,8,0.0,1,8,0.0,1,8,0.0,1,8,0.0,1,8,0.0,1,8,-0.0,1,8,-9900,?,9,-9900,?,9,8.92,E,8,8.21,E,8,95.0,E,8,872.5394,E,8,999.0,E,8,0.51,E,8,-9900,?,9,-9900,?,9,0.0,E,8,-9900,?,9,-9900,?,9,0.0,0.0,E,8
07/24/2016,06:00,0.0,1323.079,0.0,1,8,0.0,1,8,0.0,1,8,0.0,1,8,0.0,1,8,0.0,1,8,-0.0,1,8,-9900,?,9,-9900,?,9,8.63,E,8,8.17,E,8,96.0,E,8,872.5394,E,8,999.0,E,8,0.51,E,8,-9900,?,9,-9900,?,9,0.0,E,8,-9900,?,9,-9900,?,9,0.0,0.0,E,8
07/24/2016,07:00,23.671,1323.079,0.0,1,8,0.0,1,8,0.0,1,8,0.0,1,8,0.0,1,8,0.0,1,8,0.0,1,8,-9900,?,9,-9900,?,9,8.38,E,8,8.14,E,8,98.0,E,8,872.5394,E,8,999.0,E,8,0.51,E,8,-9900,?,9,-9900,?,9,0.0,E,8,-9900,?,9,-9900,?,9,0.0,0.0,E,8
07/24/2016,08:00,307.191,1323.079,38.37,1,8,0.0,1,8,38.37,1,8,4604.4,1,8,0.0,1,8,4220.7,1,8,52.868,1,8,-9900,?,9,-9900,?,9,8.12,E,8,8.1,E,8,99.0,E,8,872.5394,E,8,999.0,E,8,0.51,E,8,-9900,?,9,-9900,?,9,0.0,E,8,-9900,?,9,-9900,?,9,0.0,0.0,E,8
07/24/2016,09:00,565.839,1323.079,174.6,1,8,22.081,1,8,165.169,1,8,20952.0,1,8,2097.735,1,8,18168.566,1,8,123.094,1,8,-9900,?,9,-9900,?,9,10.99,E,8,8.49,E,8,84.0,E,8,872.5394,E,8,999.0,E,8,0.54,E,8,-9900,?,9,-9900,?,9,0.0,E,8,-9900,?,9,-9900,?,9,0.0,0.0,E,8
07/24/2016,10:00,775.513,1323.079,302.06,1,8,57.136,1,8,268.589,1,8,36247.2,1,8,5427.883,1,8,29544.806,1,8,145.941,1,8,-9900,?,9,-9900,?,9,12.74,E,8,8.72,E,8,76.0,E,8,872.5394,E,8,999.0,E,8,0.87,E,8,-9900,?,9,-9900,?,9,0.0,E,8,-9900,?,9,-9900,?,9,0.0,0.0,E,8
07/24/2016,11:00,921.56,1323.079,400.45,1,8,106.489,1,8,326.301,1,8,48054.0,1,8,10116.412,1,8,35893.109,1,8,149.165,1,8,-9900,?,9,-9900,?,9,14.28,E,8,8.92,E,8,70.0,E,8,872.5394,E,8,999.0,E,8,1.37,E,8,-9900,?,9,-9900,?,9,0.0,E,8,-9900,?,9,-9900,?,9,0.0,0.0,E,8
07/24/2016,12:00,993.942,1323.079,461.19,1,8,129.992,1,8,363.558,1,8,55342.8,1,8,12349.226,1,8,39991.361,1,8,154.08,1,8,-9900,?,9,-9900,?,9,15.53,E,8,9.08,E,8,65.0,E,8,872.5394,E,8,999.0,E,8,1.54,E,8,-9900,?,9,-9900,?,9,0.0,E,8,-9900,?,9,-9900,?,9,0.0,0.0,E,8
07/24/2016,13:00,987.699,1323.079,479.62,1,8,156.822,1,8,362.577,1,8,57554.4,1,8,14898.071,1,8,39883.51,1,8,154.637,1,8,-9900,?,9,-9900,?,9,16.45,E,8,9.2,E,8,62.0,E,8,872.5394,E,8,999.0,E,8,2.83,E,8,-9900,?,9,-9900,?,9,0.0,E,8,-9900,?,9,-9900,?,9,0.0,0.0,E,8
07/24/2016,14:00,903.255,1323.079,454.36,1,8,194.094,1,8,321.898,1,8,54523.2,1,8,18438.951,1,8,35408.791,1,8,150.138,1,8,-9900,?,9,-9900,?,9,17.0,E,8,9.27,E,8,60.0,E,8,872.5394,E,8,999.0,E,8,2.88,E,8,-9900,?,9,-9900,?,9,0.0,E,8,-9900,?,9,-9900,?,9,0.0,0.0,E,8
07/24/2016,15:00,746.389,1323.079,387.29,1,8,201.195,1,8,273.861,1,8,46474.8,1,8,19113.51,1,8,30124.731,1,8,154.623,1,8,-9900,?,9,-9900,?,9,17.2,E,8,9.29,E,8,59.0,E,8,872.5394,E,8,999.0,E,8,2.79,E,8,-9900,?,9,-9900,?,9,0.0,E,8,-9900,?,9,-9900,?,9,0.0,0.0,E,8
07/24/2016,16:00,527.888,1323.079,283.61,1,8,319.277,1,8,156.419,1,8,34033.2,1,8,30331.32,1,8,17206.111,1,8,124.983,1,8,-9900,?,9,-9900,?,9,16.92,E,8,9.26,E,8,60.0,E,8,872.5394,E,8,999.0,E,8,2.82,E,8,-9900,?,9,-9900,?,9,0.0,E,8,-9900,?,9,-9900,?,9,0.0,0.0,E,8
07/24/2016,17:00,263.136,1323.079,152.77,1,8,499.555,1,8,54.098,1,8,18332.4,1,8,47457.691,1,8,5950.751,1,8,87.18,1,8,-9900,?,9,-9900,?,9,16.11,E,8,9.15,E,8,63.0,E,8,872.5394,E,8,999.0,E,8,2.6,E,8,-9900,?,9,-9900,?,9,0.0,E,8,-9900,?,9,-9900,?,9,0.0,0.0,E,8
07/24/2016,18:00,0.0,1323.079,20.93,1,8,0.0,1,8,0.0,1,8,2511.6,1,8,0.0,1,8,0.0,1,8,-0.0,1,8,-9900,?,9,-9900,?,9,14.89,E,8,9.0,E,8,67.0,E,8,872.5394,E,8,999.0,E,8,1.51,E,8,-9900,?,9,-9900,?,9,0.0,E,8,-9900,?,9,-9900,?,9,0.0,0.0,E,8
07/24/2016,19:00,0.0,1323.079,0.0,1,8,0.0,1,8,0.0,1,8,0.0,1,8,0.0,1,8,0.0,1,8,-0.0,1,8,-9900,?,9,-9900,?,9,14.22,E,8,8.91,E,8,70.0,E,8,872.5394,E,8,999.0,E,8,0.62,E,8,-9900,?,9,-9900,?,9,0.0,E,8,-9900,?,9,-9900,?,9,0.0,0.0,E,8
07/24/2016,20:00,0.0,1323.079,0.0,1,8,0.0,1,8,0.0,1,8,0.0,1,8,0.0,1,8,0.0,1,8,-0.0,1,8,-9900,?,9,-9900,?,9,13.54,E,8,8.82,E,8,73.0,E,8,872.5394,E,8,999.0,E,8,0.51,E,8,-9900,?,9,-9900,?,9,0.0,E,8,-9900,?,9,-9900,?,9,0.0,0.0,E,8
07/24/2016,21:00,0.0,1323.079,0.0,1,8,0.0,1,8,0.0,1,8,0.0,1,8,0.0,1,8,0.0,1,8,-0.0,1,8,-9900,?,9,-9900,?,9,12.86,E,8,8.73,E,8,75.0,E,8,872.5394,E,8,999.0,E,8,0.51,E,8,-9900,?,9,-9900,?,9,0.0,E,8,-9900,?,9,-9900,?,9,0.0,0.0,E,8
07/24/2016,22:00,0.0,1323.079,0.0,1,8,0.0,1,8,0.0,1,8,0.0,1,8,0.0,1,8,0.0,1,8,-0.0,1,8,-9900,?,9,-9900,?,9,12.19,E,8,8.65,E,8,78.0,E,8,872.5394,E,8,999.0,E,8,0.51,E,8,-9900,?,9,-9900,?,9,0.0,E,8,-9900,?,9,-9900,?,9,0.0,0.0,E,8
07/24/2016,23:00,0.0,1323.079,0.0,1,8,0.0,1,8,0.0,1,8,0.0,1,8,0.0,1,8,0.0,1,8,-0.0,1,8,-9900,?,9,-9900,?,9,11.51,E,8,8.56,E,8,82.0,E,8,872.5394,E,8,999.0,E,8,0.51,E,8,-9900,?,9,-9900,?,9,0.0,E,8,-9900,?,9,-9900,?,9,0.0,0.0,E,8
07/24/2016,24:00,0.0,1323.079,0.0,1,8,0.0,1,8,0.0,1,8,0.0,1,8,0.0,1,8,0.0,1,8,-0.0,1,8,-9900,?,9,-9900,?,9,10.84,E,8,9.44,E,8,91.0,E,8,872.5394,E,8,999.0,E,8,0.43,E,8,-9900,?,9,-9900,?,9,0.0,E,8,-9900,?,9,-9900,?,9,0.0,0.0,E,8
07/25/2016,01:00,0.0,1323.079,0.0,1,8,0.0,1,8,0.0,1,8,0.0,1,8,0.0,1,8,0.0,1,8,-0.0,1,8,-9900,?,9,-9900,?,9,10.5,E,8,9.29,E,8,92.0,E,8,872.5394,E,8,999.0,E,8,0.43,E,8,-9900,?,9,-9900,?,9,0.0,E,8,-9900,?,9,-9900,?,9,0.0,0.0,E,8
07/25/2016,02:00,0.0,1323.079,0.0,1,8,0.0,1,8,0.0,1,8,0.0,1,8,0.0,1,8,0.0,1,8,-0.0,1,8,-9900,?,9,-9900,?,9,10.16,E,8,9.15,E,8,93.0,E,8,872.5394,E,8,999.0,E,8,0.43,E,8,-9900,?,9,-9900,?,9,0.0,E,8,-9900,?,9,-9900,?,9,0.0,0.0,E,8
07/25/2016,03:00,0.0,1323.079,0.0,1,8,0.0,1,8,0.0,1,8,0.0,1,8,0.0,1,8,0.0,1,8,-0.0,1,8,-9900,?,9,-9900,?,9,9.82,E,8,9.01,E,8,94.0,E,8,872.5394,E,8,999.0,E,8,0.43,E,8,-9900,?,9,-9900,?,9,0.0,E,8,-9900,?,9,-9900,?,9,0.0,0.0,E,8
07/25/2016,04:00,0.0,1323.34,0.0,1,8,0.0,1,8,0.0,1,8,0.0,1,8,0.0,1,8,0.0,1,8,-0.0,1,8,-9900,?,9,-9900,?,9,9.49,E,8,8.87,E,8,95.0,E,8,872.5394,E,8,999.0,E,8,0.43,E,8,-9900,?,9,-9900,?,9,0.0,E,8,-9900,?,9,-9900,?,9,0.0,0.0,E,8
07/25/2016,05:00,0.0,1323.34,0.0,1,8,0.0,1,8,0.0,1,8,0.0,1,8,0.0,1,8,0.0,1,8,-0.0,1,8,-9900,?,9,-9900,?,9,9.15,E,8,8.73,E,8,97.0,E,8,872.5394,E,8,999.0,E,8,0.43,E,8,-9900,?,9,-9900,?,9,0.0,E,8,-9900,?,9,-9900,?,9,0.0,0.0,E,8
07/25/2016,06:00,0.0,1323.34,0.0,1,8,0.0,1,8,0.0,1,8,0.0,1,8,0.0,1,8,0.0,1,8,-0.0,1,8,-9900,?,9,-9900,?,9,8.89,E,8,8.61,E,8,98.0,E,8,872.5394,E,8,999.0,E,8,0.43,E,8,-9900,?,9,-9900,?,9,0.0,E,8,-9900,?,9,-9900,?,9,0.0,0.0,E,8
07/25/2016,07:00,25.331,1323.34,0.0,1,8,0.0,1,8,0.0,1,8,0.0,1,8,0.0,1,8,0.0,1,8,0.0,1,8,-9900,?,9,-9900,?,9,8.66,E,8,8.51,E,8,99.0,E,8,872.5394,E,8,999.0,E,8,0.43,E,8,-9900,?,9,-9900,?,9,0.0,E,8,-9900,?,9,-9900,?,9,0.0,0.0,E,8
07/25/2016,08:00,309.501,1323.34,36.15,1,8,0.0,1,8,36.15,1,8,4338.0,1,8,0.0,1,8,3976.5,1,8,49.444,1,8,-9900,?,9,-9900,?,9,8.44,E,8,8.42,E,8,99.0,E,8,872.5394,E,8,999.0,E,8,0.43,E,8,-9900,?,9,-9900,?,9,0.0,E,8,-9900,?,9,-9900,?,9,0.0,0.0,E,8
07/25/2016,09:00,568.566,1323.34,162.03,1,8,13.751,1,8,156.129,1,8,19443.6,1,8,1306.39,1,8,17174.23,1,8,115.82,1,8,-9900,?,9,-9900,?,9,11.24,E,8,9.6,E,8,89.0,E,8,872.5394,E,8,999.0,E,8,0.43,E,8,-9900,?,9,-9900,?,9,0.0,E,8,-9900,?,9,-9900,?,9,0.0,0.0,E,8
07/25/2016,10:00,778.578,1323.34,279.61,1,8,18.627,1,8,268.657,1,8,33553.2,1,8,1769.541,1,8,29552.286,1,8,145.431,1,8,-9900,?,9,-9900,?,9,12.95,E,8,10.28,E,8,83.0,E,8,872.5394,E,8,999.0,E,8,0.5,E,8,-9900,?,9,-9900,?,9,0.0,E,8,-9900,?,9,-9900,?,9,0.0,0.0,E,8
07/25/2016,11:00,924.865,1323.34,370.37,1,8,76.271,1,8,317.082,1,8,44444.4,1,8,7245.748,1,8,34878.975,1,8,144.46,1,8,-9900,?,9,-9900,?,9,14.44,E,8,10.85,E,8,79.0,E,8,872.5394,E,8,999.0,E,8,1.37,E,8,-9900,?,9,-9900,?,9,0.0,E,8,-9900,?,9,-9900,?,9,0.0,0.0,E,8
07/25/2016,12:00,997.373,1323.34,426.39,1,8,77.785,1,8,367.778,1,8,51166.8,1,8,7389.545,1,8,40455.63,1,8,155.363,1,8,-9900,?,9,-9900,?,9,15.65,E,8,11.3,E,8,75.0,E,8,872.5394,E,8,999.0,E,8,2.36,E,8,-9900,?,9,-9900,?,9,0.0,E,8,-9900,?,9,-9900,?,9,0.0,0.0,E,8
07/25/2016,13:00,991.134,1323.34,443.39,1,8,93.94,1,8,373.048,1,8,53206.8,1,8,8924.346,1,8,41035.296,1,8,158.582,1,8,-9900,?,9,-9900,?,9,16.54,E,8,11.62,E,8,72.0,E,8,872.5394,E,8,999.0,E,8,3.29,E,8,-9900,?,9,-9900,?,9,0.0,E,8,-9900,?,9,-9900,?,9,0.0,0.0,E,8
07/25/2016,14:00,906.571,1323.34,420.1,1,8,116.829,1,8,340.091,1,8,50412.0,1,8,11098.746,1,8,37410.06,1,8,158.074,1,8,-9900,?,9,-9900,?,9,17.08,E,8,11.82,E,8,71.0,E,8,872.5394,E,8,999.0,E,8,3.22,E,8,-9900,?,9,-9900,?,9,0.0,E,8,-9900,?,9,-9900,?,9,0.0,0.0,E,8
07/25/2016,15:00,749.472,1323.34,358.25,1,8,150.784,1,8,272.906,1,8,42990.0,1,8,14324.527,1,8,30019.707,1,8,153.479,1,8,-9900,?,9,-9900,?,9,17.27,E,8,11.88,E,8,70.0,E,8,872.5394,E,8,999.0,E,8,3.63,E,8,-9900,?,9,-9900,?,9,0.0,E,8,-9900,?,9,-9900,?,9,0.0,0.0,E,8
07/25/2016,16:00,530.639,1323.34,262.64,1,8,236.87,1,8,167.803,1,8,31516.8,1,8,22502.619,1,8,18458.358,1,8,133.408,1,8,-9900,?,9,-9900,?,9,17.0,E,8,11.79,E,8,71.0,E,8,872.5394,E,8,999.0,E,8,3.11,E,8,-9900,?,9,-9900,?,9,0.0,E,8,-9900,?,9,-9900,?,9,0.0,0.0,E,8
07/25/2016,17:00,265.471,1323.34,141.93,1,8,372.971,1,8,67.613,1,8,17031.6,1,8,35432.205,1,8,7437.418,1,8,108.01,1,8,-9900,?,9,-9900,?,9,16.21,E,8,11.51,E,8,73.0,E,8,872.5394,E,8,999.0,E,8,1.96,E,8,-9900,?,9,-9900,?,9,0.0,E,8,-9900,?,9,-9900,?,9,0.0,0.0,E,8
07/25/2016,18:00,0.0,1323.34,19.96,1,8,0.0,1,8,0.0,1,8,2395.2,1,8,0.0,1,8,0.0,1,8,-0.0,1,8,-9900,?,9,-9900,?,9,15.03,E,8,11.07,E,8,77.0,E,8,872.5394,E,8,999.0,E,8,0.97,E,8,-9900,?,9,-9900,?,9,0.0,E,8,-9900,?,9,-9900,?,9,0.0,0.0,E,8
07/25/2016,19:00,0.0,1323.34,0.0,1,8,0.0,1,8,0.0,1,8,0.0,1,8,0.0,1,8,0.0,1,8,-0.0,1,8,-9900,?,9,-9900,?,9,14.56,E,8,10.9,E,8,78.0,E,8,872.5394,E,8,999.0,E,8,0.44,E,8,-9900,?,9,-9900,?,9,0.0,E,8,-9900,?,9,-9900,?,9,0.0,0.0,E,8
07/25/2016,20:00,0.0,1323.34,0.0,1,8,0.0,1,8,0.0,1,8,0.0,1,8,0.0,1,8,0.0,1,8,-0.0,1,8,-9900,?,9,-9900,?,9,14.08,E,8,10.71,E,8,80.0,E,8,872.5394,E,8,999.0,E,8,0.43,E,8,-9900,?,9,-9900,?,9,0.0,E,8,-9900,?,9,-9900,?,9,0.0,0.0,E,8
07/25/2016,21:00,0.0,1323.34,0.0,1,8,0.0,1,8,0.0,1,8,0.0,1,8,0.0,1,8,0.0,1,8,-0.0,1,8,-9900,?,9,-9900,?,9,13.61,E,8,10.54,E,8,81.0,E,8,872.5394,E,8,999.0,E,8,0.43,E,8,-9900,?,9,-9900,?,9,0.0,E,8,-9900,?,9,-9900,?,9,0.0,0.0,E,8
07/25/2016,22:00,0.0,1323.34,0.0,1,8,0.0,1,8,0.0,1,8,0.0,1,8,0.0,1,8,0.0,1,8,-0.0,1,8,-9900,?,9,-9900,?,9,13.13,E,8,10.35,E,8,83.0,E,8,872.5394,E,8,999.0,E,8,0.43,E,8,-9900,?,9,-9900,?,9,0.0,E,8,-9900,?,9,-9900,?,9,0.0,0.0,E,8
07/25/2016,23:00,0.0,1323.34,0.0,1,8,0.0,1,8,0.0,1,8,0.0,1,8,0.0,1,8,0.0,1,8,-0.0,1,8,-9900,?,9,-9900,?,9,12.66,E,8,10.17,E,8,84.0,E,8,872.5394,E,8,999.0,E,8,0.56,E,8,-9900,?,9,-9900,?,9,0.0,E,8,-9900,?,9,-9900,?,9,0.0,0.0,E,8
07/25/2016,24:00,0.0,1323.34,0.0,1,8,0.0,1,8,0.0,1,8,0.0,1,8,0.0,1,8,0.0,1,8,-0.0,1,8,-9900,?,9,-9900,?,9,12.19,E,8,10.37,E,8,88.0,E,8,872.5394,E,8,999.0,E,8,0.57,E,8,-9900,?,9,-9900,?,9,0.0,E,8,-9900,?,9,-9900,?,9,0.0,0.0,E,8
07/26/2016,01:00,0.0,1323.34,0.0,1,8,0.0,1,8,0.0,1,8,0.0,1,8,0.0,1,8,0.0,1,8,-0.0,1,8,-9900,?,9,-9900,?,9,11.95,E,8,10.39,E,8,90.0,E,8,872.5394,E,8,999.0,E,8,0.42,E,8,-9900,?,9,-9900,?,9,0.0,E,8,-9900,?,9,-9900,?,9,0.0,0.0,E,8
07/26/2016,02:00,0.0,1323.34,0.0,1,8,0.0,1,8,0.0,1,8,0.0,1,8,0.0,1,8,0.0,1,8,-0.0,1,8,-9900,?,9,-9900,?,9,11.71,E,8,10.4,E,8,91.0,E,8,872.5394,E,8,999.0,E,8,0.42,E,8,-9900,?,9,-9900,?,9,0.0,E,8,-9900,?,9,-9900,?,9,0.0,0.0,E,8
07/26/2016,03:00,0.0,1323.34,0.0,1,8,0.0,1,8,0.0,1,8,0.0,1,8,0.0,1,8,0.0,1,8,-0.0,1,8,-9900,?,9,-9900,?,9,11.47,E,8,10.42,E,8,93.0,E,8,872.5394,E,8,999.0,E,8,0.42,E,8,-9900,?,9,-9900,?,9,0.0,E,8,-9900,?,9,-9900,?,9,0.0,0.0,E,8
07/26/2016,04:00,0.0,1323.613,0.0,1,8,0.0,1,8,0.0,1,8,0.0,1,8,0.0,1,8,0.0,1,8,-0.0,1,8,-9900,?,9,-9900,?,9,11.24,E,8,10.43,E,8,94.0,E,8,872.5394,E,8,999.0,E,8,0.42,E,8,-9900,?,9,-9900,?,9,0.0,E,8,-9900,?,9,-9900,?,9,0.0,0.0,E,8
07/26/2016,05:00,0.0,1323.613,0.0,1,8,0.0,1,8,0.0,1,8,0.0,1,8,0.0,1,8,0.0,1,8,-0.0,1,8,-9900,?,9,-9900,?,9,11.0,E,8,10.45,E,8,96.0,E,8,872.5394,E,8,999.0,E,8,0.42,E,8,-9900,?,9,-9900,?,9,0.0,E,8,-9900,?,9,-9900,?,9,0.0,0.0,E,8
07/26/2016,06:00,0.0,1323.613,0.0,1,8,0.0,1,8,0.0,1,8,0.0,1,8,0.0,1,8,0.0,1,8,-0.0,1,8,-9900,?,9,-9900,?,9,10.82,E,8,10.46,E,8,97.0,E,8,872.5394,E,8,999.0,E,8,0.53,E,8,-9900,?,9,-9900,?,9,0.0,E,8,-9900,?,9,-9900,?,9,0.0,0.0,E,8
07/26/2016,07:00,27.084,1323.613,0.0,1,8,0.0,1,8,0.0,1,8,0.0,1,8,0.0,1,8,0.0,1,8,0.0,1,8,-9900,?,9,-9900,?,9,10.66,E,8,10.47,E,8,98.0,E,8,872.5394,E,8,999.0,E,8,0.42,E,8,-9900,?,9,-9900,?,9,0.0,E,8,-9900,?,9,-9900,?,9,0.0,0.0,E,8
07/26/2016,08:00,311.914,1323.613,32.25,1,8,0.0,1,8,32.25,1,8,3870.0,1,8,0.0,1,8,3547.5,1,8,43.774,1,8,-9900,?,9,-9900,?,9,10.5,E,8,10.48,E,8,99.0,E,8,872.5394,E,8,999.0,E,8,0.55,E,8,-9900,?,9,-9900,?,9,0.0,E,8,-9900,?,9,-9900,?,9,0.0,0.0,E,8
07/26/2016,09:00,571.396,1323.613,142.32,1,8,4.45,1,8,140.401,1,8,17078.4,1,8,422.797,1,8,15444.131,1,8,103.657,1,8,-9900,?,9,-9900,?,9,12.51,E,8,10.35,E,8,86.0,E,8,872.5394,E,8,999.0,E,8,0.84,E,8,-9900,?,9,-9900,?,9,0.0,E,8,-9900,?,9,-9900,?,9,0.0,0.0,E,8
07/26/2016,10:00,781.743,1323.613,244.96,1,8,10.398,1,8,238.822,1,8,29395.2,1,8,987.851,1,8,26270.411,1,8,128.783,1,8,-9900,?,9,-9900,?,9,13.73,E,8,10.27,E,8,79.0,E,8,872.5394,E,8,999.0,E,8,1.32,E,8,-9900,?,9,-9900,?,9,0.0,E,8,-9900,?,9,-9900,?,9,0.0,0.0,E,8
07/26/2016,11:00,928.262,1323.613,324.16,1,8,11.264,1,8,316.263,1,8,38899.2,1,8,1070.125,1,8,34788.877,1,8,143.589,1,8,-9900,?,9,-9900,?,9,14.79,E,8,10.2,E,8,73.0,E,8,872.5394,E,8,999.0,E,8,1.91,E,8,-9900,?,9,-9900,?,9,0.0,E,8,-9900,?,9,-9900,?,9,0.0,0.0,E,8
07/26/2016,12:00,1000.886,1323.613,376.74,1,8,19.817,1,8,361.758,1,8,45208.8,1,8,1882.658,1,8,39793.357,1,8,152.314,1,8,-9900,?,9,-9900,?,9,15.67,E,8,10.15,E,8,69.0,E,8,872.5394,E,8,999.0,E,8,3.17,E,8,-9900,?,9,-9900,?,9,0.0,E,8,-9900,?,9,-9900,?,9,0.0,0.0,E,8
07/26/2016,13:00,994.638,1323.613,591.42,1,8,293.115,1,8,371.207,1,8,70970.4,1,8,27845.889,1,8,40832.76,1,8,157.275,1,8,-9900,?,9,-9900,?,9,17.08,E,8,10.05,E,8,63.0,E,8,872.5394,E,8,999.0,E,8,4.17,E,8,-9900,?,9,-9900,?,9,0.0,E,8,-9900,?,9,-9900,?,9,0.0,0.0,E,8
07/26/2016,14:00,909.942,1323.613,311.78,1,8,14.676,1,8,301.694,1,8,37413.6,1,8,1394.218,1,8,33186.344,1,8,139.735,1,8,-9900,?,9,-9900,?,9,17.16,E,8,10.05,E,8,62.0,E,8,872.5394,E,8,999.0,E,8,3.2,E,8,-9900,?,9,-9900,?,9,0.0,E,8,-9900,?,9,-9900,?,9,0.0,0.0,E,8
07/26/2016,15:00,752.594,1323.613,260.52,1,8,9.259,1,8,255.259,1,8,31262.4,1,8,879.615,1,8,28078.445,1,8,142.987,1,8,-9900,?,9,-9900,?,9,17.02,E,8,10.06,E,8,63.0,E,8,872.5394,E,8,999.0,E,8,4.4,E,8,-9900,?,9,-9900,?,9,0.0,E,8,-9900,?,9,-9900,?,9,0.0,0.0,E,8
07/26/2016,16:00,533.414,1323.613,230.15,1,8,134.659,1,8,175.964,1,8,27618.0,1,8,12792.616,1,8,19356.052,1,8,139.195,1,8,-9900,?,9,-9900,?,9,16.78,E,8,10.07,E,8,64.0,E,8,872.5394,E,8,999.0,E,8,4.02,E,8,-9900,?,9,-9900,?,9,0.0,E,8,-9900,?,9,-9900,?,9,0.0,0.0,E,8
07/26/2016,17:00,267.816,1323.613,124.77,1,8,297.764,1,8,64.92,1,8,14972.4,1,8,28287.534,1,8,7141.162,1,8,102.809,1,8,-9900,?,9,-9900,?,9,16.18,E,8,10.11,E,8,67.0,E,8,872.5394,E,8,999.0,E,8,2.88,E,8,-9900,?,9,-9900,?,9,0.0,E,8,-9900,?,9,-9900,?,9,0.0,0.0,E,8
07/26/2016,18:00,0.0,1323.613,18.0,1,8,0.0,1,8,0.0,1,8,2160.0,1,8,0.0,1,8,0.0,1,8,-0.0,1,8,-9900,?,9,-9900,?,9,15.3,E,8,10.17,E,8,71.0,E,8,872.5394,E,8,999.0,E,8,2.21,E,8,-9900,?,9,-9900,?,9,0.0,E,8,-9900,?,9,-9900,?,9,0.0,0.0,E,8
07/26/2016,19:00,0.0,1323.613,0.0,1,8,0.0,1,8,0.0,1,8,0.0,1,8,0.0,1,8,0.0,1,8,-0.0,1,8,-9900,?,9,-9900,?,9,14.78,E,8,10.2,E,8,74.0,E,8,872.5394,E,8,999.0,E,8,1.78,E,8,-9900,?,9,-9900,?,9,0.0,E,8,-9900,?,9,-9900,?,9,0.0,0.0,E,8
07/26/2016,20:00,0.0,1323.613,0.0,1,8,0.0,1,8,0.0,1,8,0.0,1,8,0.0,1,8,0.0,1,8,-0.0,1,8,-9900,?,9,-9900,?,9,14.26,E,8,10.24,E,8,76.0,E,8,872.5394,E,8,999.0,E,8,0.85,E,8,-9900,?,9,-9900,?,9,0.0,E,8,-9900,?,9,-9900,?,9,0.0,0.0,E,8
07/26/2016,21:00,0.0,1323.613,0.0,1,8,0.0,1,8,0.0,1,8,0.0,1,8,0.0,1,8,0.0,1,8,-0.0,1,8,-9900,?,9,-9900,?,9,13.73,E,8,10.27,E,8,79.0,E,8,872.5394,E,8,999.0,E,8,0.53,E,8,-9900,?,9,-9900,?,9,0.0,E,8,-9900,?,9,-9900,?,9,0.0,0.0,E,8
07/26/2016,22:00,0.0,1323.613,0.0,1,8,0.0,1,8,0.0,1,8,0.0,1,8,0.0,1,8,0.0,1,8,-0.0,1,8,-9900,?,9,-9900,?,9,13.21,E,8,10.31,E,8,82.0,E,8,872.5394,E,8,999.0,E,8,0.42,E,8,-9900,?,9,-9900,?,9,0.0,E,8,-9900,?,9,-9900,?,9,0.0,0.0,E,8
07/26/2016,23:00,0.0,1323.613,0.0,1,8,0.0,1,8,0.0,1,8,0.0,1,8,0.0,1,8,0.0,1,8,-0.0,1,8,-9900,?,9,-9900,?,9,12.69,E,8,10.34,E,8,85.0,E,8,872.5394,E,8,999.0,E,8,0.42,E,8,-9900,?,9,-9900,?,9,0.0,E,8,-9900,?,9,-9900,?,9,0.0,0.0,E,8
07/26/2016,24:00,0.0,1323.613,0.0,1,8,0.0,1,8,0.0,1,8,0.0,1,8,0.0,1,8,0.0,1,8,-0.0,1,8,-9900,?,9,-9900,?,9,12.16,E,8,10.23,E,8,88.0,E,8,872.5394,E,8,999.0,E,8,0.3,E,8,-9900,?,9,-9900,?,9,0.0,E,8,-9900,?,9,-9900,?,9,0.0,0.0,E,8
07/27/2016,01:00,0.0,1323.613,0.0,1,8,0.0,1,8,0.0,1,8,0.0,1,8,0.0,1,8,0.0,1,8,-0.0,1,8,-9900,?,9,-9900,?,9,11.9,E,8,10.24,E,8,89.0,E,8,872.5394,E,8,999.0,E,8,0.3,E,8,-9900,?,9,-9900,?,9,0.0,E,8,-9900,?,9,-9900,?,9,0.0,0.0,E,8
07/27/2016,02:00,0.0,1323.613,0.0,1,8,0.0,1,8,0.0,1,8,0.0,1,8,0.0,1,8,0.0,1,8,-0.0,1,8,-9900,?,9,-9900,?,9,11.64,E,8,10.25,E,8,91.0,E,8,872.5394,E,8,999.0,E,8,0.3,E,8,-9900,?,9,-9900,?,9,0.0,E,8,-9900,?,9,-9900,?,9,0.0,0.0,E,8
07/27/2016,03:00,0.0,1323.613,0.0,1,8,0.0,1,8,0.0,1,8,0.0,1,8,0.0,1,8,0.0,1,8,-0.0,1,8,-9900,?,9,-9900,?,9,11.38,E,8,10.26,E,8,92.0,E,8,872.5394,E,8,999.0,E,8,0.3,E,8,-9900,?,9,-9900,?,9,0.0,E,8,-9900,?,9,-9900,?,9,0.0,0.0,E,8
07/27/2016,04:00,0.0,1323.898,0.0,1,8,0.0,1,8,0.0,1,8,0.0,1,8,0.0,1,8,0.0,1,8,-0.0,1,8,-9900,?,9,-9900,?,9,11.12,E,8,10.26,E,8,94.0,E,8,872.5394,E,8,999.0,E,8,0.3,E,8,-9900,?,9,-9900,?,9,0.0,E,8,-9900,?,9,-9900,?,9,0.0,0.0,E,8
07/27/2016,05:00,0.0,1323.898,0.0,1,8,0.0,1,8,0.0,1,8,0.0,1,8,0.0,1,8,0.0,1,8,-0.0,1,8,-9900,?,9,-9900,?,9,10.86,E,8,10.27,E,8,96.0,E,8,872.5394,E,8,999.0,E,8,0.3,E,8,-9900,?,9,-9900,?,9,0.0,E,8,-9900,?,9,-9900,?,9,0.0,0.0,E,8
07/27/2016,06:00,0.0,1323.898,0.0,1,8,0.0,1,8,0.0,1,8,0.0,1,8,0.0,1,8,0.0,1,8,-0.0,1,8,-9900,?,9,-9900,?,9,10.65,E,8,10.28,E,8,97.0,E,8,872.5394,E,8,999.0,E,8,0.3,E,8,-9900,?,9,-9900,?,9,0.0,E,8,-9900,?,9,-9900,?,9,0.0,0.0,E,8
07/27/2016,07:00,28.931,1323.898,0.0,1,8,0.0,1,8,0.0,1,8,0.0,1,8,0.0,1,8,0.0,1,8,0.0,1,8,-9900,?,9,-9900,?,9,10.48,E,8,10.28,E,8,98.0,E,8,872.5394,E,8,999.0,E,8,0.3,E,8,-9900,?,9,-9900,?,9,0.0,E,8,-9900,?,9,-9900,?,9,0.0,0.0,E,8
07/27/2016,08:00,314.427,1323.898,36.32,1,8,0.0,1,8,36.32,1,8,4358.4,1,8,0.0,1,8,3995.2,1,8,48.911,1,8,-9900,?,9,-9900,?,9,10.31,E,8,10.29,E,8,99.0,E,8,872.5394,E,8,999.0,E,8,0.34,E,8,-9900,?,9,-9900,?,9,0.0,E,8,-9900,?,9,-9900,?,9,0.0,0.0,E,8
07/27/2016,09:00,574.328,1323.898,157.78,1,8,10.746,1,8,153.124,1,8,18933.6,1,8,1020.863,1,8,16843.653,1,8,112.496,1,8,-9900,?,9,-9900,?,9,12.98,E,8,10.21,E,8,83.0,E,8,872.5394,E,8,999.0,E,8,0.48,E,8,-9900,?,9,-9900,?,9,0.0,E,8,-9900,?,9,-9900,?,9,0.0,0.0,E,8
07/27/2016,10:00,785.005,1323.898,270.83,1,8,15.636,1,8,261.563,1,8,32499.6,1,8,1485.457,1,8,28771.976,1,8,140.49,1,8,-9900,?,9,-9900,?,9,14.57,E,8,10.17,E,8,74.0,E,8,872.5394,E,8,999.0,E,8,0.69,E,8,-9900,?,9,-9900,?,9,0.0,E,8,-9900,?,9,-9900,?,9,0.0,0.0,E,8
07/27/2016,11:00,931.75,1323.898,358.04,1,8,16.428,1,8,346.482,1,8,42964.8,1,8,1560.629,1,8,38112.995,1,8,156.753,1,8,-9900,?,9,-9900,?,9,15.96,E,8,10.13,E,8,68.0,E,8,872.5394,E,8,999.0,E,8,1.78,E,8,-9900,?,9,-9900,?,9,0.0,E,8,-9900,?,9,-9900,?,9,0.0,0.0,E,8
07/27/2016,12:00,1004.48,1323.898,411.87,1,8,78.321,1,8,352.459,1,8,49424.4,1,8,7440.461,1,8,38770.463,1,8,147.899,1,8,-9900,?,9,-9900,?,9,17.1,E,8,10.09,E,8,63.0,E,8,872.5394,E,8,999.0,E,8,2.22,E,8,-9900,?,9,-9900,?,9,0.0,E,8,-9900,?,9,-9900,?,9,0.0,0.0,E,8
07/27/2016,13:00,998.209,1323.898,428.19,1,8,94.448,1,8,356.993,1,8,51382.8,1,8,8972.577,1,8,39269.192,1,8,150.744,1,8,-9900,?,9,-9900,?,9,17.93,E,8,10.07,E,8,60.0,E,8,872.5394,E,8,999.0,E,8,2.86,E,8,-9900,?,9,-9900,?,9,0.0,E,8,-9900,?,9,-9900,?,9,0.0,0.0,E,8
07/27/2016,14:00,913.365,1323.898,405.81,1,8,117.518,1,8,324.76,1,8,48697.2,1,8,11164.212,1,8,35723.583,1,8,149.887,1,8,-9900,?,9,-9900,?,9,18.43,E,8,10.06,E,8,58.0,E,8,872.5394,E,8,999.0,E,8,2.95,E,8,-9900,?,9,-9900,?,9,0.0,E,8,-9900,?,9,-9900,?,9,0.0,0.0,E,8
07/27/2016,15:00,755.754,1323.898,346.38,1,8,123.665,1,8,275.828,1,8,41565.6,1,8,11748.159,1,8,30341.095,1,8,153.896,1,8,-9900,?,9,-9900,?,9,18.61,E,8,10.05,E,8,57.0,E,8,872.5394,E,8,999.0,E,8,3.08,E,8,-9900,?,9,-9900,?,9,0.0,E,8,-9900,?,9,-9900,?,9,0.0,0.0,E,8
07/27/2016,16:00,536.211,1323.898,254.48,1,8,193.794,1,8,176.105,1,8,30537.6,1,8,18410.446,1,8,19371.562,1,8,138.607,1,8,-9900,?,9,-9900,?,9,18.36,E,8,10.06,E,8,58.0,E,8,872.5394,E,8,999.0,E,8,2.97,E,8,-9900,?,9,-9900,?,9,0.0,E,8,-9900,?,9,-9900,?,9,0.0,0.0,E,8
07/27/2016,17:00,270.171,1323.898,138.4,1,8,385.962,1,8,60.148,1,8,16608.0,1,8,36666.353,1,8,6616.25,1,8,94.431,1,8,-9900,?,9,-9900,?,9,17.62,E,8,10.08,E,8,61.0,E,8,872.5394,E,8,999.0,E,8,2.41,E,8,-9900,?,9,-9900,?,9,0.0,E,8,-9900,?,9,-9900,?,9,0.0,0.0,E,8
07/27/2016,18:00,0.0,1323.898,20.46,1,8,0.0,1,8,0.0,1,8,2455.2,1,8,0.0,1,8,0.0,1,8,-0.0,1,8,-9900,?,9,-9900,?,9,16.51,E,8,10.11,E,8,65.0,E,8,872.5394,E,8,999.0,E,8,1.72,E,8,-9900,?,9,-9900,?,9,0.0,E,8,-9900,?,9,-9900,?,9,0.0,0.0,E,8
07/27/2016,19:00,0.0,1323.898,0.0,1,8,0.0,1,8,0.0,1,8,0.0,1,8,0.0,1,8,0.0,1,8,-0.0,1,8,-9900,?,9,-9900,?,9,16.03,E,8,10.12,E,8,67.0,E,8,872.5394,E,8,999.0,E,8,1.3,E,8,-9900,?,9,-9900,?,9,0.0,E,8,-9900,?,9,-9900,?,9,0.0,0.0,E,8
07/27/2016,20:00,0.0,1323.898,0.0,1,8,0.0,1,8,0.0,1,8,0.0,1,8,0.0,1,8,0.0,1,8,-0.0,1,8,-9900,?,9,-9900,?,9,15.55,E,8,10.14,E,8,70.0,E,8,872.5394,E,8,999.0,E,8,0.55,E,8,-9900,?,9,-9900,?,9,0.0,E,8,-9900,?,9,-9900,?,9,0.0,0.0,E,8
07/27/2016,21:00,0.0,1323.898,0.0,1,8,0.0,1,8,0.0,1,8,0.0,1,8,0.0,1,8,0.0,1,8,-0.0,1,8,-9900,?,9,-9900,?,9,15.06,E,8,10.15,E,8,72.0,E,8,872.5394,E,8,999.0,E,8,0.57,E,8,-9900,?,9,-9900,?,9,0.0,E,8,-9900,?,9,-9900,?,9,0.0,0.0,E,8
07/27/2016,22:00,0.0,1323.898,0.0,1,8,0.0,1,8,0.0,1,8,0.0,1,8,0.0,1,8,0.0,1,8,-0.0,1,8,-9900,?,9,-9900,?,9,14.58,E,8,10.17,E,8,74.0,E,8,872.5394,E,8,999.0,E,8,0.37,E,8,-9900,?,9,-9900,?,9,0.0,E,8,-9900,?,9,-9900,?,9,0.0,0.0,E,8
07/27/2016,23:00,0.0,1323.898,0.0,1,8,0.0,1,8,0.0,1,8,0.0,1,8,0.0,1,8,0.0,1,8,-0.0,1,8,-9900,?,9,-9900,?,9,14.1,E,8,10.18,E,8,77.0,E,8,872.5394,E,8,999.0,E,8,0.3,E,8,-9900,?,9,-9900,?,9,0.0,E,8,-9900,?,9,-9900,?,9,0.0,0.0,E,8
07/27/2016,24:00,0.0,1323.898,0.0,1,8,0.0,1,8,0.0,1,8,0.0,1,8,0.0,1,8,0.0,1,8,-0.0,1,8,-9900,?,9,-9900,?,9,13.61,E,8,12.02,E,8,87.0,E,8,872.5394,E,8,999.0,E,8,4.74,E,8,-9900,?,9,-9900,?,9,0.0,E,8,-9900,?,9,-9900,?,9,0.0,0.0,E,8
07/28/2016,01:00,0.0,1323.898,0.0,1,8,0.0,1,8,0.0,1,8,0.0,1,8,0.0,1,8,0.0,1,8,-0.0,1,8,-9900,?,9,-9900,?,9,13.37,E,8,12.0,E,8,88.0,E,8,872.5394,E,8,999.0,E,8,5.64,E,8,-9900,?,9,-9900,?,9,0.0,E,8,-9900,?,9,-9900,?,9,0.0,0.0,E,8
07/28/2016,02:00,0.0,1323.898,0.0,1,8,0.0,1,8,0.0,1,8,0.0,1,8,0.0,1,8,0.0,1,8,-0.0,1,8,-9900,?,9,-9900,?,9,13.13,E,8,11.98,E,8,89.0,E,8,872.5394,E,8,999.0,E,8,5.0,E,8,-9900,?,9,-9900,?,9,0.0,E,8,-9900,?,9,-9900,?,9,0.0,0.0,E,8
07/28/2016,03:00,0.0,1323.898,0.0,1,8,0.0,1,8,0.0,1,8,0.0,1,8,0.0,1,8,0.0,1,8,-0.0,1,8,-9900,?,9,-9900,?,9,12.89,E,8,11.96,E,8,99.0,E,8,872.5394,E,8,999.0,E,8,6.15,E,8,-9900,?,9,-9900,?,9,0.186,E,8,-9900,?,9,-9900,?,9,1.86,99.0,E,8
07/28/2016,04:00,0.0,1324.195,0.0,1,8,0.0,1,8,0.0,1,8,0.0,1,8,0.0,1,8,0.0,1,8,-0.0,1,8,-9900,?,9,-9900,?,9,12.64,E,8,11.94,E,8,96.0,E,8,872.5394,E,8,999.0,E,8,4.01,E,8,-9900,?,9,-9900,?,9,0.008,E,8,-9900,?,9,-9900,?,9,0.08,99.0,E,8
07/28/2016,05:00,0.0,1324.195,0.0,1,8,0.0,1,8,0.0,1,8,0.0,1,8,0.0,1,8,0.0,1,8,-0.0,1,8,-9900,?,9,-9900,?,9,12.4,E,8,11.92,E,8,97.0,E,8,872.5394,E,8,999.0,E,8,3.01,E,8,-9900,?,9,-9900,?,9,0.003,E,8,-9900,?,9,-9900,?,9,0.03,99.0,E,8
07/28/2016,06:00,0.0,1324.195,0.0,1,8,0.0,1,8,0.0,1,8,0.0,1,8,0.0,1,8,0.0,1,8,-0.0,1,8,-9900,?,9,-9900,?,9,12.22,E,8,11.9,E,8,94.0,E,8,872.5394,E,8,999.0,E,8,2.2,E,8,-9900,?,9,-9900,?,9,0.0,E,8,-9900,?,9,-9900,?,9,0.0,0.0,E,8
07/28/2016,07:00,30.873,1324.195,0.0,1,8,0.0,1,8,0.0,1,8,0.0,1,8,0.0,1,8,0.0,1,8,0.0,1,8,-9900,?,9,-9900,?,9,12.06,E,8,11.89,E,8,95.0,E,8,872.5394,E,8,999.0,E,8,2.07,E,8,-9900,?,9,-9900,?,9,0.0,E,8,-9900,?,9,-9900,?,9,0.0,0.0,E,8
07/28/2016,08:00,317.04,1324.195,30.02,1,8,0.0,1,8,30.02,1,8,3602.4,1,8,0.0,1,8,3302.2,1,8,40.1,1,8,-9900,?,9,-9900,?,9,11.9,E,8,11.87,E,8,96.0,E,8,872.5394,E,8,999.0,E,8,3.33,E,8,-9900,?,9,-9900,?,9,0.0,E,8,-9900,?,9,-9900,?,9,0.0,0.0,E,8
07/28/2016,09:00,577.36,1324.195,128.31,1,8,0.0,1,8,128.31,1,8,15397.2,1,8,0.0,1,8,14114.1,1,8,93.79,1,8,-9900,?,9,-9900,?,9,13.97,E,8,12.06,E,8,85.0,E,8,872.5394,E,8,999.0,E,8,2.31,E,8,-9900,?,9,-9900,?,9,0.0,E,8,-9900,?,9,-9900,?,9,0.0,0.0,E,8
07/28/2016,10:00,788.364,1324.195,219.62,1,8,20.931,1,8,207.165,1,8,26354.4,1,8,1988.451,1,8,22788.18,1,8,110.822,1,8,-9900,?,9,-9900,?,9,15.19,E,8,12.16,E,8,80.0,E,8,872.5394,E,8,999.0,E,8,1.96,E,8,-9900,?,9,-9900,?,9,0.0,E,8,-9900,?,9,-9900,?,9,0.0,0.0,E,8
07/28/2016,11:00,935.327,1324.195,290.05,1,8,11.146,1,8,282.179,1,8,34806.0,1,8,1058.88,1,8,31039.737,1,8,127.201,1,8,-9900,?,9,-9900,?,9,16.26,E,8,12.26,E,8,76.0,E,8,872.5394,E,8,999.0,E,8,1.49,E,8,-9900,?,9,-9900,?,9,0.0,E,8,-9900,?,9,-9900,?,9,0.0,0.0,E,8
07/28/2016,12:00,1008.151,1324.195,333.51,1,8,13.592,1,8,323.164,1,8,40021.2,1,8,1291.212,1,8,35548.086,1,8,135.143,1,8,-9900,?,9,-9900,?,9,17.13,E,8,12.33,E,8,72.0,E,8,872.5394,E,8,999.0,E,8,1.74,E,8,-9900,?,9,-9900,?,9,0.0,E,8,-9900,?,9,-9900,?,9,0.0,0.0,E,8
07/28/2016,13:00,1001.846,1324.195,346.69,1,8,16.039,1,8,334.558,1,8,41602.8,1,8,1523.702,1,8,36801.388,1,8,140.789,1,8,-9900,?,9,-9900,?,9,17.77,E,8,12.39,E,8,70.0,E,8,872.5394,E,8,999.0,E,8,2.16,E,8,-9900,?,9,-9900,?,9,0.0,E,8,-9900,?,9,-9900,?,9,0.0,0.0,E,8
07/28/2016,14:00,916.839,1324.195,328.6,1,8,19.45,1,8,315.138,1,8,39432.0,1,8,1847.731,1,8,34665.153,1,8,144.927,1,8,-9900,?,9,-9900,?,9,18.16,E,8,12.42,E,8,69.0,E,8,872.5394,E,8,999.0,E,8,1.64,E,8,-9900,?,9,-9900,?,9,0.0,E,8,-9900,?,9,-9900,?,9,0.0,0.0,E,8
07/28/2016,15:00,758.949,1324.195,280.6,1,8,40.939,1,8,257.15,1,8,33672.0,1,8,3889.243,1,8,28286.508,1,8,142.901,1,8,-9900,?,9,-9900,?,9,18.29,E,8,12.43,E,8,68.0,E,8,872.5394,E,8,999.0,E,8,2.55,E,8,-9900,?,9,-9900,?,9,0.0,E,8,-9900,?,9,-9900,?,9,0.0,0.0,E,8
07/28/2016,16:00,539.029,1324.195,113.23,1,8,0.0,1,8,113.23,1,8,13587.6,1,8,0.0,1,8,12455.3,1,8,88.672,1,8,-9900,?,9,-9900,?,9,17.64,E,8,12.37,E,8,70.0,E,8,872.5394,E,8,999.0,E,8,3.95,E,8,-9900,?,9,-9900,?,9,0.0,E,8,-9900,?,9,-9900,?,9,0.0,0.0,E,8
07/28/2016,17:00,272.534,1324.195,108.23,1,8,155.939,1,8,76.341,1,8,12987.6,1,8,14814.237,1,8,8397.512,1,8,118.829,1,8,-9900,?,9,-9900,?,9,17.1,E,8,12.33,E,8,72.0,E,8,872.5394,E,8,999.0,E,8,3.22,E,8,-9900,?,9,-9900,?,9,0.0,E,8,-9900,?,9,-9900,?,9,0.0,0.0,E,8
07/28/2016,18:00,0.0,1324.195,17.05,1,8,0.0,1,8,0.0,1,8,2046.0,1,8,0.0,1,8,0.0,1,8,-0.0,1,8,-9900,?,9,-9900,?,9,16.29,E,8,12.26,E,8,76.0,E,8,872.5394,E,8,999.0,E,8,3.01,E,8,-9900,?,9,-9900,?,9,0.0,E,8,-9900,?,9,-9900,?,9,0.0,0.0,E,8
07/28/2016,19:00,0.0,1324.195,0.0,1,8,0.0,1,8,0.0,1,8,0.0,1,8,0.0,1,8,0.0,1,8,-0.0,1,8,-9900,?,9,-9900,?,9,15.56,E,8,12.19,E,8,83.0,E,8,872.5394,E,8,999.0,E,8,3.17,E,8,-9900,?,9,-9900,?,9,0.002,E,8,-9900,?,9,-9900,?,9,0.02,99.0,E,8
07/28/2016,20:00,0.0,1324.195,0.0,1,8,0.0,1,8,0.0,1,8,0.0,1,8,0.0,1,8,0.0,1,8,-0.0,1,8,-9900,?,9,-9900,?,9,14.82,E,8,12.13,E,8,86.0,E,8,872.5394,E,8,999.0,E,8,4.95,E,8,-9900,?,9,-9900,?,9,0.001,E,8,-9900,?,9,-9900,?,9,0.01,99.0,E,8
07/28/2016,21:00,0.0,1324.195,0.0,1,8,0.0,1,8,0.0,1,8,0.0,1,8,0.0,1,8,0.0,1,8,-0.0,1,8,-9900,?,9,-9900,?,9,14.09,E,8,12.07,E,8,85.0,E,8,872.5394,E,8,999.0,E,8,5.34,E,8,-9900,?,9,-9900,?,9,0.0,E,8,-9900,?,9,-9900,?,9,0.0,0.0,E,8
07/28/2016,22:00,0.0,1324.195,0.0,1,8,0.0,1,8,0.0,1,8,0.0,1,8,0.0,1,8,0.0,1,8,-0.0,1,8,-9900,?,9,-9900,?,9,13.36,E,8,12.0,E,8,88.0,E,8,872.5394,E,8,999.0,E,8,5.92,E,8,-9900,?,9,-9900,?,9,0.0,E,8,-9900,?,9,-9900,?,9,0.0,0.0,E,8
07/28/2016,23:00,0.0,1324.195,0.0,1,8,0.0,1,8,0.0,1,8,0.0,1,8,0.0,1,8,0.0,1,8,-0.0,1,8,-9900,?,9,-9900,?,9,12.62,E,8,11.94,E,8,92.0,E,8,872.5394,E,8,999.0,E,8,6.31,E,8,-9900,?,9,-9900,?,9,0.0,E,8,-9900,?,9,-9900,?,9,0.0,0.0,E,8
07/28/2016,24:00,0.0,1324.195,0.0,1,8,0.0,1,8,0.0,1,8,0.0,1,8,0.0,1,8,0.0,1,8,-0.0,1,8,-9900,?,9,-9900,?,9,11.89,E,8,9.48,E,8,85.0,E,8,872.5394,E,8,999.0,E,8,1.91,E,8,-9900,?,9,-9900,?,9,0.0,E,8,-9900,?,9,-9900,?,9,0.0,0.0,E,8
07/29/2016,01:00,0.0,1324.195,0.0,1,8,0.0,1,8,0.0,1,8,0.0,1,8,0.0,1,8,0.0,1,8,-0.0,1,8,-9900,?,9,-9900,?,9,11.53,E,8,9.38,E,8,86.0,E,8,872.5394,E,8,999.0,E,8,1.27,E,8,-9900,?,9,-9900,?,9,0.0,E,8,-9900,?,9,-9900,?,9,0.0,0.0,E,8
07/29/2016,02:00,0.0,1324.195,0.0,1,8,0.0,1,8,0.0,1,8,0.0,1,8,0.0,1,8,0.0,1,8,-0.0,1,8,-9900,?,9,-9900,?,9,11.16,E,8,9.28,E,8,88.0,E,8,872.5394,E,8,999.0,E,8,1.0,E,8,-9900,?,9,-9900,?,9,0.0,E,8,-9900,?,9,-9900,?,9,0.0,0.0,E,8
07/29/2016,03:00,0.0,1324.195,0.0,1,8,0.0,1,8,0.0,1,8,0.0,1,8,0.0,1,8,0.0,1,8,-0.0,1,8,-9900,?,9,-9900,?,9,10.79,E,8,9.17,E,8,89.0,E,8,872.5394,E,8,999.0,E,8,0.99,E,8,-9900,?,9,-9900,?,9,0.0,E,8,-9900,?,9,-9900,?,9,0.0,0.0,E,8
07/29/2016,04:00,0.0,1324.504,0.0,1,8,0.0,1,8,0.0,1,8,0.0,1,8,0.0,1,8,0.0,1,8,-0.0,1,8,-9900,?,9,-9900,?,9,10.43,E,8,9.07,E,8,91.0,E,8,872.5394,E,8,999.0,E,8,1.82,E,8,-9900,?,9,-9900,?,9,0.0,E,8,-9900,?,9,-9900,?,9,0.0,0.0,E,8
07/29/2016,05:00,0.0,1324.504,0.0,1,8,0.0,1,8,0.0,1,8,0.0,1,8,0.0,1,8,0.0,1,8,-0.0,1,8,-9900,?,9,-9900,?,9,10.06,E,8,8.97,E,8,92.0,E,8,872.5394,E,8,999.0,E,8,1.13,E,8,-9900,?,9,-9900,?,9,0.0,E,8,-9900,?,9,-9900,?,9,0.0,0.0,E,8
07/29/2016,06:00,0.0,1324.504,0.0,1,8,0.0,1,8,0.0,1,8,0.0,1,8,0.0,1,8,0.0,1,8,-0.0,1,8,-9900,?,9,-9900,?,9,9.78,E,8,8.89,E,8,94.0,E,8,872.5394,E,8,999.0,E,8,0.83,E,8,-9900,?,9,-9900,?,9,0.0,E,8,-9900,?,9,-9900,?,9,0.0,0.0,E,8
07/29/2016,07:00,32.911,1324.504,0.0,1,8,0.0,1,8,0.0,1,8,0.0,1,8,0.0,1,8,0.0,1,8,0.0,1,8,-9900,?,9,-9900,?,9,9.53,E,8,8.82,E,8,95.0,E,8,872.5394,E,8,999.0,E,8,0.83,E,8,-9900,?,9,-9900,?,9,0.0,E,8,-9900,?,9,-9900,?,9,0.0,0.0,E,8
07/29/2016,08:00,319.753,1324.504,39.44,1,8,0.0,1,8,39.44,1,8,4732.8,1,8,0.0,1,8,4338.4,1,8,52.244,1,8,-9900,?,9,-9900,?,9,9.29,E,8,8.75,E,8,96.0,E,8,872.5394,E,8,999.0,E,8,1.05,E,8,-9900,?,9,-9900,?,9,0.0,E,8,-9900,?,9,-9900,?,9,0.0,0.0,E,8
07/29/2016,09:00,580.492,1324.504,165.82,1,8,13.966,1,8,159.707,1,8,19898.4,1,8,1326.768,1,8,17567.729,1,8,116.135,1,8,-9900,?,9,-9900,?,9,11.94,E,8,9.49,E,8,84.0,E,8,872.5394,E,8,999.0,E,8,1.18,E,8,-9900,?,9,-9900,?,9,0.0,E,8,-9900,?,9,-9900,?,9,0.0,0.0,E,8
07/29/2016,10:00,791.819,1324.504,283.02,1,8,18.07,1,8,272.223,1,8,33962.4,1,8,1716.693,1,8,29944.505,1,8,145.021,1,8,-9900,?,9,-9900,?,9,13.49,E,8,9.91,E,8,78.0,E,8,872.5394,E,8,999.0,E,8,1.7,E,8,-9900,?,9,-9900,?,9,0.0,E,8,-9900,?,9,-9900,?,9,0.0,0.0,E,8
07/29/2016,11:00,938.991,1324.504,373.38,1,8,73.316,1,8,321.419,1,8,44805.6,1,8,6964.986,1,8,35356.074,1,8,144.358,1,8,-9900,?,9,-9900,?,9,14.84,E,8,10.26,E,8,74.0,E,8,872.5394,E,8,999.0,E,8,2.8,E,8,-9900,?,9,-9900,?,9,0.0,E,8,-9900,?,9,-9900,?,9,0.0,0.0,E,8
07/29/2016,12:00,1011.899,1324.504,429.13,1,8,89.204,1,8,360.994,1,8,51495.6,1,8,8474.388,1,8,39709.328,1,8,150.438,1,8,-9900,?,9,-9900,?,9,15.95,E,8,10.55,E,8,70.0,E,8,872.5394,E,8,999.0,E,8,3.21,E,8,-9900,?,9,-9900,?,9,0.0,E,8,-9900,?,9,-9900,?,9,0.0,0.0,E,8
07/29/2016,13:00,1005.545,1324.504,446.02,1,8,107.525,1,8,364.406,1,8,53522.4,1,8,10214.867,1,8,40084.687,1,8,152.821,1,8,-9900,?,9,-9900,?,9,16.75,E,8,10.75,E,8,67.0,E,8,872.5394,E,8,999.0,E,8,3.54,E,8,-9900,?,9,-9900,?,9,0.0,E,8,-9900,?,9,-9900,?,9,0.0,0.0,E,8
07/29/2016,14:00,920.361,1324.504,422.8,1,8,133.649,1,8,329.961,1,8,50736.0,1,8,12696.623,1,8,36295.657,1,8,151.197,1,8,-9900,?,9,-9900,?,9,17.24,E,8,10.88,E,8,66.0,E,8,872.5394,E,8,999.0,E,8,5.2,E,8,-9900,?,9,-9900,?,9,0.0,E,8,-9900,?,9,-9900,?,9,0.0,0.0,E,8
07/29/2016,15:00,762.176,1324.504,361.18,1,8,128.487,1,8,287.287,1,8,43341.6,1,8,12206.298,1,8,31601.531,1,8,159.009,1,8,-9900,?,9,-9900,?,9,17.41,E,8,10.92,E,8,65.0,E,8,872.5394,E,8,999.0,E,8,4.95,E,8,-9900,?,9,-9900,?,9,0.0,E,8,-9900,?,9,-9900,?,9,0.0,0.0,E,8
07/29/2016,16:00,541.866,1324.504,265.91,1,8,217.943,1,8,176.877,1,8,31909.2,1,8,20704.552,1,8,19456.471,1,8,137.82,1,8,-9900,?,9,-9900,?,9,17.17,E,8,10.86,E,8,66.0,E,8,872.5394,E,8,999.0,E,8,5.64,E,8,-9900,?,9,-9900,?,9,0.0,E,8,-9900,?,9,-9900,?,9,0.0,0.0,E,8
07/29/2016,17:00,274.903,1324.504,145.52,1,8,422.937,1,8,58.29,1,8,17462.4,1,8,40178.974,1,8,6411.927,1,8,89.961,1,8,-9900,?,9,-9900,?,9,16.45,E,8,10.68,E,8,68.0,E,8,872.5394,E,8,999.0,E,8,6.86,E,8,-9900,?,9,-9900,?,9,0.0,E,8,-9900,?,9,-9900,?,9,0.0,0.0,E,8
07/29/2016,18:00,0.0,1324.504,22.92,1,8,0.0,1,8,0.0,1,8,2750.4,1,8,0.0,1,8,0.0,1,8,-0.0,1,8,-9900,?,9,-9900,?,9,15.38,E,8,10.4,E,8,72.0,E,8,872.5394,E,8,999.0,E,8,4.78,E,8,-9900,?,9,-9900,?,9,0.0,E,8,-9900,?,9,-9900,?,9,0.0,0.0,E,8
07/29/2016,19:00,0.0,1324.504,0.0,1,8,0.0,1,8,0.0,1,8,0.0,1,8,0.0,1,8,0.0,1,8,-0.0,1,8,-9900,?,9,-9900,?,9,14.64,E,8,10.21,E,8,74.0,E,8,872.5394,E,8,999.0,E,8,2.53,E,8,-9900,?,9,-9900,?,9,0.0,E,8,-9900,?,9,-9900,?,9,0.0,0.0,E,8
07/29/2016,20:00,0.0,1324.504,0.0,1,8,0.0,1,8,0.0,1,8,0.0,1,8,0.0,1,8,0.0,1,8,-0.0,1,8,-9900,?,9,-9900,?,9,13.91,E,8,10.02,E,8,77.0,E,8,872.5394,E,8,999.0,E,8,2.16,E,8,-9900,?,9,-9900,?,9,0.0,E,8,-9900,?,9,-9900,?,9,0.0,0.0,E,8
07/29/2016,21:00,0.0,1324.504,0.0,1,8,0.0,1,8,0.0,1,8,0.0,1,8,0.0,1,8,0.0,1,8,-0.0,1,8,-9900,?,9,-9900,?,9,13.17,E,8,9.82,E,8,80.0,E,8,872.5394,E,8,999.0,E,8,2.29,E,8,-9900,?,9,-9900,?,9,0.0,E,8,-9900,?,9,-9900,?,9,0.0,0.0,E,8
07/29/2016,22:00,0.0,1324.504,0.0,1,8,0.0,1,8,0.0,1,8,0.0,1,8,0.0,1,8,0.0,1,8,-0.0,1,8,-9900,?,9,-9900,?,9,12.44,E,8,9.63,E,8,82.0,E,8,872.5394,E,8,999.0,E,8,2.46,E,8,-9900,?,9,-9900,?,9,0.0,E,8,-9900,?,9,-9900,?,9,0.0,0.0,E,8
07/29/2016,23:00,0.0,1324.504,0.0,1,8,0.0,1,8,0.0,1,8,0.0,1,8,0.0,1,8,0.0,1,8,-0.0,1,8,-9900,?,9,-9900,?,9,11.7,E,8,9.43,E,8,85.0,E,8,872.5394,E,8,999.0,E,8,2.21,E,8,-9900,?,9,-9900,?,9,0.0,E,8,-9900,?,9,-9900,?,9,0.0,0.0,E,8
07/29/2016,24:00,0.0,1324.504,0.0,1,8,0.0,1,8,0.0,1,8,0.0,1,8,0.0,1,8,0.0,1,8,-0.0,1,8,-9900,?,9,-9900,?,9,10.97,E,8,7.48,E,8,79.0,E,8,872.5394,E,8,999.0,E,8,1.27,E,8,-9900,?,9,-9900,?,9,0.0,E,8,-9900,?,9,-9900,?,9,0.0,0.0,E,8
07/30/2016,01:00,0.0,1324.504,0.0,1,8,0.0,1,8,0.0,1,8,0.0,1,8,0.0,1,8,0.0,1,8,-0.0,1,8,-9900,?,9,-9900,?,9,10.6,E,8,7.37,E,8,80.0,E,8,872.5394,E,8,999.0,E,8,1.52,E,8,-9900,?,9,-9900,?,9,0.0,E,8,-9900,?,9,-9900,?,9,0.0,0.0,E,8
07/30/2016,02:00,0.0,1324.504,0.0,1,8,0.0,1,8,0.0,1,8,0.0,1,8,0.0,1,8,0.0,1,8,-0.0,1,8,-9900,?,9,-9900,?,9,10.23,E,8,7.26,E,8,81.0,E,8,872.5394,E,8,999.0,E,8,1.56,E,8,-9900,?,9,-9900,?,9,0.0,E,8,-9900,?,9,-9900,?,9,0.0,0.0,E,8
07/30/2016,03:00,0.0,1324.504,0.0,1,8,0.0,1,8,0.0,1,8,0.0,1,8,0.0,1,8,0.0,1,8,-0.0,1,8,-9900,?,9,-9900,?,9,9.87,E,8,7.15,E,8,83.0,E,8,872.5394,E,8,999.0,E,8,1.63,E,8,-9900,?,9,-9900,?,9,0.0,E,8,-9900,?,9,-9900,?,9,0.0,0.0,E,8
07/30/2016,04:00,0.0,1324.825,0.0,1,8,0.0,1,8,0.0,1,8,0.0,1,8,0.0,1,8,0.0,1,8,-0.0,1,8,-9900,?,9,-9900,?,9,9.5,E,8,7.04,E,8,84.0,E,8,872.5394,E,8,999.0,E,8,1.87,E,8,-9900,?,9,-9900,?,9,0.0,E,8,-9900,?,9,-9900,?,9,0.0,0.0,E,8
07/30/2016,05:00,0.0,1324.825,0.0,1,8,0.0,1,8,0.0,1,8,0.0,1,8,0.0,1,8,0.0,1,8,-0.0,1,8,-9900,?,9,-9900,?,9,9.13,E,8,6.93,E,8,86.0,E,8,872.5394,E,8,999.0,E,8,1.64,E,8,-9900,?,9,-9900,?,9,0.0,E,8,-9900,?,9,-9900,?,9,0.0,0.0,E,8
07/30/2016,06:00,0.0,1324.825,0.0,1,8,0.0,1,8,0.0,1,8,0.0,1,8,0.0,1,8,0.0,1,8,-0.0,1,8,-9900,?,9,-9900,?,9,8.85,E,8,6.84,E,8,87.0,E,8,872.5394,E,8,999.0,E,8,1.22,E,8,-9900,?,9,-9900,?,9,0.0,E,8,-9900,?,9,-9900,?,9,0.0,0.0,E,8
07/30/2016,07:00,35.046,1324.825,0.0,1,8,0.0,1,8,0.0,1,8,0.0,1,8,0.0,1,8,0.0,1,8,0.0,1,8,-9900,?,9,-9900,?,9,8.6,E,8,6.77,E,8,88.0,E,8,872.5394,E,8,999.0,E,8,1.04,E,8,-9900,?,9,-9900,?,9,0.0,E,8,-9900,?,9,-9900,?,9,0.0,0.0,E,8
07/30/2016,08:00,322.566,1324.825,45.61,1,8,0.0,1,8,45.61,1,8,5473.2,1,8,0.0,1,8,5017.1,1,8,59.9,1,8,-9900,?,9,-9900,?,9,8.36,E,8,6.69,E,8,89.0,E,8,872.5394,E,8,999.0,E,8,1.57,E,8,-9900,?,9,-9900,?,9,0.0,E,8,-9900,?,9,-9900,?,9,0.0,0.0,E,8
07/30/2016,09:00,583.721,1324.825,194.41,1,8,32.345,1,8,180.176,1,8,23329.2,1,8,3072.736,1,8,19819.377,1,8,130.325,1,8,-9900,?,9,-9900,?,9,11.28,E,8,7.57,E,8,77.0,E,8,872.5394,E,8,999.0,E,8,1.82,E,8,-9900,?,9,-9900,?,9,0.0,E,8,-9900,?,9,-9900,?,9,0.0,0.0,E,8
07/30/2016,10:00,795.366,1324.825,333.81,1,8,94.884,1,8,276.876,1,8,40057.2,1,8,9013.95,1,8,30456.326,1,8,146.877,1,8,-9900,?,9,-9900,?,9,13.01,E,8,8.06,E,8,71.0,E,8,872.5394,E,8,999.0,E,8,1.97,E,8,-9900,?,9,-9900,?,9,0.0,E,8,-9900,?,9,-9900,?,9,0.0,0.0,E,8
07/30/2016,11:00,942.74,1324.825,473.19,1,8,135.786,1,8,376.593,1,8,56782.8,1,8,12899.635,1,8,41425.243,1,8,168.505,1,8,-9900,?,9,-9900,?,9,14.72,E,8,8.54,E,8,66.0,E,8,872.5394,E,8,999.0,E,8,3.78,E,8,-9900,?,9,-9900,?,9,0.0,E,8,-9900,?,9,-9900,?,9,0.0,0.0,E,8
07/30/2016,12:00,1015.72,1324.825,545.63,1,8,200.438,1,8,391.989,1,8,65475.6,1,8,19041.607,1,8,43118.838,1,8,162.779,1,8,-9900,?,9,-9900,?,9,16.1,E,8,8.91,E,8,62.0,E,8,872.5394,E,8,999.0,E,8,4.52,E,8,-9900,?,9,-9900,?,9,0.0,E,8,-9900,?,9,-9900,?,9,0.0,0.0,E,8
07/30/2016,13:00,1009.304,1324.825,615.71,1,8,334.544,1,8,360.895,1,8,73885.2,1,8,31781.702,1,8,39698.465,1,8,150.82,1,8,-9900,?,9,-9900,?,9,17.31,E,8,9.23,E,8,59.0,E,8,872.5394,E,8,999.0,E,8,6.2,E,8,-9900,?,9,-9900,?,9,0.0,E,8,-9900,?,9,-9900,?,9,0.0,0.0,E,8
07/30/2016,14:00,923.928,1324.825,629.68,1,8,545.747,1,8,249.196,1,8,75561.6,1,8,51845.928,1,8,27411.603,1,8,113.775,1,8,-9900,?,9,-9900,?,9,18.21,E,8,9.47,E,8,56.0,E,8,872.5394,E,8,999.0,E,8,6.75,E,8,-9900,?,9,-9900,?,9,0.0,E,8,-9900,?,9,-9900,?,9,0.0,0.0,E,8
07/30/2016,15:00,765.435,1324.825,512.62,1,8,577.335,1,8,179.252,1,8,61514.4,1,8,54846.809,1,8,19717.754,1,8,98.814,1,8,-9900,?,9,-9900,?,9,18.54,E,8,9.55,E,8,55.0,E,8,872.5394,E,8,999.0,E,8,5.83,E,8,-9900,?,9,-9900,?,9,0.0,E,8,-9900,?,9,-9900,?,9,0.0,0.0,E,8
07/30/2016,16:00,544.719,1324.825,395.55,1,8,728.863,1,8,96.297,1,8,47466.0,1,8,69242.029,1,8,10592.695,1,8,74.657,1,8,-9900,?,9,-9900,?,9,18.43,E,8,9.52,E,8,56.0,E,8,872.5394,E,8,999.0,E,8,5.71,E,8,-9900,?,9,-9900,?,9,0.0,E,8,-9900,?,9,-9900,?,9,0.0,0.0,E,8
07/30/2016,17:00,277.276,1324.825,218.82,1,8,571.098,1,8,100.031,1,8,26258.4,1,8,54254.344,1,8,11003.459,1,8,153.082,1,8,-9900,?,9,-9900,?,9,17.62,E,8,9.31,E,8,58.0,E,8,872.5394,E,8,999.0,E,8,4.13,E,8,-9900,?,9,-9900,?,9,0.0,E,8,-9900,?,9,-9900,?,9,0.0,0.0,E,8
07/30/2016,18:00,0.0,1324.825,23.61,1,8,0.0,1,8,0.0,1,8,2833.2,1,8,0.0,1,8,0.0,1,8,-0.0,1,8,-9900,?,9,-9900,?,9,16.22,E,8,8.94,E,8,62.0,E,8,872.5394,E,8,999.0,E,8,2.57,E,8,-9900,?,9,-9900,?,9,0.0,E,8,-9900,?,9,-9900,?,9,0.0,0.0,E,8
07/30/2016,19:00,0.0,1324.825,0.0,1,8,0.0,1,8,0.0,1,8,0.0,1,8,0.0,1,8,0.0,1,8,-0.0,1,8,-9900,?,9,-9900,?,9,15.3,E,8,8.69,E,8,64.0,E,8,872.5394,E,8,999.0,E,8,1.3,E,8,-9900,?,9,-9900,?,9,0.0,E,8,-9900,?,9,-9900,?,9,0.0,0.0,E,8
07/30/2016,20:00,0.0,1324.825,0.0,1,8,0.0,1,8,0.0,1,8,0.0,1,8,0.0,1,8,0.0,1,8,-0.0,1,8,-9900,?,9,-9900,?,9,14.38,E,8,8.44,E,8,67.0,E,8,872.5394,E,8,999.0,E,8,1.32,E,8,-9900,?,9,-9900,?,9,0.0,E,8,-9900,?,9,-9900,?,9,0.0,0.0,E,8
07/30/2016,21:00,0.0,1324.825,0.0,1,8,0.0,1,8,0.0,1,8,0.0,1,8,0.0,1,8,0.0,1,8,-0.0,1,8,-9900,?,9,-9900,?,9,13.46,E,8,8.19,E,8,70.0,E,8,872.5394,E,8,999.0,E,8,1.05,E,8,-9900,?,9,-9900,?,9,0.0,E,8,-9900,?,9,-9900,?,9,0.0,0.0,E,8
07/30/2016,22:00,0.0,1324.825,0.0,1,8,0.0,1,8,0.0,1,8,0.0,1,8,0.0,1,8,0.0,1,8,-0.0,1,8,-9900,?,9,-9900,?,9,12.55,E,8,7.93,E,8,73.0,E,8,872.5394,E,8,999.0,E,8,0.6,E,8,-9900,?,9,-9900,?,9,0.0,E,8,-9900,?,9,-9900,?,9,0.0,0.0,E,8
07/30/2016,23:00,0.0,1324.825,0.0,1,8,0.0,1,8,0.0,1,8,0.0,1,8,0.0,1,8,0.0,1,8,-0.0,1,8,-9900,?,9,-9900,?,9,11.63,E,8,7.67,E,8,76.0,E,8,872.5394,E,8,999.0,E,8,0.56,E,8,-9900,?,9,-9900,?,9,0.0,E,8,-9900,?,9,-9900,?,9,0.0,0.0,E,8
07/30/2016,24:00,0.0,1324.825,0.0,1,8,0.0,1,8,0.0,1,8,0.0,1,8,0.0,1,8,0.0,1,8,-0.0,1,8,-9900,?,9,-9900,?,9,10.71,E,8,6.68,E,8,76.0,E,8,872.5394,E,8,999.0,E,8,0.47,E,8,-9900,?,9,-9900,?,9,0.0,E,8,-9900,?,9,-9900,?,9,0.0,0.0,E,8
07/31/2016,01:00,0.0,1324.825,0.0,1,8,0.0,1,8,0.0,1,8,0.0,1,8,0.0,1,8,0.0,1,8,-0.0,1,8,-9900,?,9,-9900,?,9,10.25,E,8,6.64,E,8,78.0,E,8,872.5394,E,8,999.0,E,8,0.47,E,8,-9900,?,9,-9900,?,9,0.0,E,8,-9900,?,9,-9900,?,9,0.0,0.0,E,8
07/31/2016,02:00,0.0,1324.825,0.0,1,8,0.0,1,8,0.0,1,8,0.0,1,8,0.0,1,8,0.0,1,8,-0.0,1,8,-9900,?,9,-9900,?,9,9.79,E,8,6.6,E,8,80.0,E,8,872.5394,E,8,999.0,E,8,0.47,E,8,-9900,?,9,-9900,?,9,0.0,E,8,-9900,?,9,-9900,?,9,0.0,0.0,E,8
07/31/2016,03:00,0.0,1324.825,0.0,1,8,0.0,1,8,0.0,1,8,0.0,1,8,0.0,1,8,0.0,1,8,-0.0,1,8,-9900,?,9,-9900,?,9,9.33,E,8,6.57,E,8,82.0,E,8,872.5394,E,8,999.0,E,8,0.47,E,8,-9900,?,9,-9900,?,9,0.0,E,8,-9900,?,9,-9900,?,9,0.0,0.0,E,8
07/31/2016,04:00,0.0,1325.157,0.0,1,8,0.0,1,8,0.0,1,8,0.0,1,8,0.0,1,8,0.0,1,8,-0.0,1,8,-9900,?,9,-9900,?,9,8.87,E,8,6.53,E,8,85.0,E,8,872.5394,E,8,999.0,E,8,0.47,E,8,-9900,?,9,-9900,?,9,0.0,E,8,-9900,?,9,-9900,?,9,0.0,0.0,E,8
07/31/2016,05:00,0.0,1325.157,0.0,1,8,0.0,1,8,0.0,1,8,0.0,1,8,0.0,1,8,0.0,1,8,-0.0,1,8,-9900,?,9,-9900,?,9,8.41,E,8,6.49,E,8,87.0,E,8,872.5394,E,8,999.0,E,8,0.47,E,8,-9900,?,9,-9900,?,9,0.0,E,8,-9900,?,9,-9900,?,9,0.0,0.0,E,8
07/31/2016,06:00,0.0,1325.157,0.0,1,8,0.0,1,8,0.0,1,8,0.0,1,8,0.0,1,8,0.0,1,8,-0.0,1,8,-9900,?,9,-9900,?,9,8.06,E,8,6.46,E,8,89.0,E,8,872.5394,E,8,999.0,E,8,0.47,E,8,-9900,?,9,-9900,?,9,0.0,E,8,-9900,?,9,-9900,?,9,0.0,0.0,E,8
07/31/2016,07:00,37.277,1325.157,0.0,1,8,0.0,1,8,0.0,1,8,0.0,1,8,0.0,1,8,0.0,1,8,0.0,1,8,-9900,?,9,-9900,?,9,7.76,E,8,6.43,E,8,91.0,E,8,872.5394,E,8,999.0,E,8,0.47,E,8,-9900,?,9,-9900,?,9,0.0,E,8,-9900,?,9,-9900,?,9,0.0,0.0,E,8
07/31/2016,08:00,325.476,1325.157,75.27,1,8,0.0,1,8,75.27,1,8,9032.4,1,8,0.0,1,8,8279.7,1,8,97.985,1,8,-9900,?,9,-9900,?,9,7.45,E,8,6.4,E,8,93.0,E,8,872.5394,E,8,999.0,E,8,0.47,E,8,-9900,?,9,-9900,?,9,0.0,E,8,-9900,?,9,-9900,?,9,0.0,0.0,E,8
07/31/2016,09:00,587.048,1325.157,270.07,1,8,162.041,1,8,198.371,1,8,32408.4,1,8,15393.881,1,8,21820.846,1,8,142.706,1,8,-9900,?,9,-9900,?,9,11.06,E,8,6.71,E,8,74.0,E,8,872.5394,E,8,999.0,E,8,0.47,E,8,-9900,?,9,-9900,?,9,0.0,E,8,-9900,?,9,-9900,?,9,0.0,0.0,E,8
07/31/2016,10:00,799.005,1325.157,424.21,1,8,263.063,1,8,265.677,1,8,50905.2,1,8,24990.951,1,8,29224.522,1,8,140.328,1,8,-9900,?,9,-9900,?,9,12.81,E,8,6.86,E,8,67.0,E,8,872.5394,E,8,999.0,E,8,0.47,E,8,-9900,?,9,-9900,?,9,0.0,E,8,-9900,?,9,-9900,?,9,0.0,0.0,E,8
07/31/2016,11:00,946.572,1325.157,527.55,1,8,257.904,1,8,343.379,1,8,63306.0,1,8,24500.894,1,8,37771.642,1,8,153.059,1,8,-9900,?,9,-9900,?,9,14.23,E,8,6.98,E,8,61.0,E,8,872.5394,E,8,999.0,E,8,0.96,E,8,-9900,?,9,-9900,?,9,0.0,E,8,-9900,?,9,-9900,?,9,0.0,0.0,E,8
07/31/2016,12:00,1019.612,1325.157,664.57,1,8,438.728,1,8,327.069,1,8,79748.4,1,8,41679.15,1,8,35977.603,1,8,135.335,1,8,-9900,?,9,-9900,?,9,15.65,E,8,7.1,E,8,56.0,E,8,872.5394,E,8,999.0,E,8,1.28,E,8,-9900,?,9,-9900,?,9,0.0,E,8,-9900,?,9,-9900,?,9,0.0,0.0,E,8
07/31/2016,13:00,1013.121,1325.157,679.79,1,8,485.129,1,8,308.972,1,8,81574.8,1,8,46087.273,1,8,33986.95,1,8,128.667,1,8,-9900,?,9,-9900,?,9,16.65,E,8,7.18,E,8,53.0,E,8,872.5394,E,8,999.0,E,8,1.93,E,8,-9900,?,9,-9900,?,9,0.0,E,8,-9900,?,9,-9900,?,9,0.0,0.0,E,8
07/31/2016,14:00,927.538,1325.157,648.49,1,8,613.912,1,8,218.916,1,8,77818.8,1,8,58321.671,1,8,24080.763,1,8,99.585,1,8,-9900,?,9,-9900,?,9,17.28,E,8,7.23,E,8,51.0,E,8,872.5394,E,8,999.0,E,8,3.03,E,8,-9900,?,9,-9900,?,9,0.0,E,8,-9900,?,9,-9900,?,9,0.0,0.0,E,8
07/31/2016,15:00,768.722,1325.157,525.1,1,8,613.126,1,8,169.632,1,8,63012.0,1,8,58246.987,1,8,18659.509,1,8,93.134,1,8,-9900,?,9,-9900,?,9,17.42,E,8,7.24,E,8,51.0,E,8,872.5394,E,8,999.0,E,8,3.92,E,8,-9900,?,9,-9900,?,9,0.0,E,8,-9900,?,9,-9900,?,9,0.0,0.0,E,8
07/31/2016,16:00,547.587,1325.157,417.2,1,8,756.311,1,8,105.116,1,8,50064.0,1,8,71849.538,1,8,11562.773,1,8,81.086,1,8,-9900,?,9,-9900,?,9,17.18,E,8,7.22,E,8,51.0,E,8,872.5394,E,8,999.0,E,8,2.3,E,8,-9900,?,9,-9900,?,9,0.0,E,8,-9900,?,9,-9900,?,9,0.0,0.0,E,8
07/31/2016,17:00,279.652,1325.157,231.16,1,8,573.291,1,8,110.911,1,8,27739.2,1,8,54462.661,1,8,12200.231,1,8,168.314,1,8,-9900,?,9,-9900,?,9,16.33,E,8,7.15,E,8,54.0,E,8,872.5394,E,8,999.0,E,8,2.99,E,8,-9900,?,9,-9900,?,9,0.0,E,8,-9900,?,9,-9900,?,9,0.0,0.0,E,8
07/31/2016,18:00,0.0,1325.157,137.862,1,8,0.0,1,8,0.0,1,8,16543.44,1,8,0.0,1,8,0.0,1,8,-0.0,1,8,-9900,?,9,-9900,?,9,15.218,E,8,7.058,E,8,57.6,E,8,872.5394,E,8,999.0,E,8,1.852,E,8,-9900,?,9,-9900,?,9,0.0,E,8,-9900,?,9,-9900,?,9,0.0,0.0,E,8
07/31/2016,19:00,0.0,1325.157,54.422,1,8,0.0,1,8,0.0,1,8,6530.64,1,8,0.0,1,8,0.0,1,8,-0.0,1,8,-9900,?,9,-9900,?,9,14.288,E,8,6.982,E,8,61.0,E,8,872.5394,E,8,999.0,E,8,1.486,E,8,-9900,?,9,-9900,?,9,0.0,E,8,-9900,?,9,-9900,?,9,0.0,0.0,E,8
07/31/2016,20:00,0.0,1325.157,8.19,1,8,0.0,1,8,0.0,1,8,982.8,1,8,0.0,1,8,0.0,1,8,-0.0,1,8,-9900,?,9,-9900,?,9,13.36,E,8,6.906,E,8,64.4,E,8,872.5394,E,8,999.0,E,8,0.982,E,8,-9900,?,9,-9900,?,9,0.0,E,8,-9900,?,9,-9900,?,9,0.0,0.0,E,8
07/31/2016,21:00,0.0,1325.157,0.0,1,8,0.0,1,8,0.0,1,8,0.0,1,8,0.0,1,8,0.0,1,8,-0.0,1,8,-9900,?,9,-9900,?,9,12.526,E,8,6.838,E,8,67.8,E,8,872.5394,E,8,999.0,E,8,0.592,E,8,-9900,?,9,-9900,?,9,0.0,E,8,-9900,?,9,-9900,?,9,0.0,0.0,E,8
07/31/2016,22:00,0.0,1325.157,0.0,1,8,0.0,1,8,0.0,1,8,0.0,1,8,0.0,1,8,0.0,1,8,-0.0,1,8,-9900,?,9,-9900,?,9,11.282,E,8,6.252,E,8,70.8,E,8,872.5394,E,8,999.0,E,8,0.546,E,8,-9900,?,9,-9900,?,9,0.0,E,8,-9900,?,9,-9900,?,9,0.0,0.0,E,8
07/31/2016,23:00,0.0,1325.157,0.0,1,8,0.0,1,8,0.0,1,8,0.0,1,8,0.0,1,8,0.0,1,8,-0.0,1,8,-9900,?,9,-9900,?,9,10.13,E,8,5.664,E,8,73.4,E,8,872.5394,E,8,999.0,E,8,0.594,E,8,-9900,?,9,-9900,?,9,0.0,E,8,-9900,?,9,-9900,?,9,0.0,0.0,E,8
07/31/2021,24:00,0.0,1324.825,0.0,1,8,0.0,1,8,0.0,1,8,0.0,1,8,0.0,1,8,0.0,1,8,-0.0,1,8,-9900,?,9,-9900,?,9,9.07,E,8,5.074,E,8,75.6,E,8,872.5394,E,8,999.0,E,8,0.656,E,8,-9900,?,9,-9900,?,9,0.0,E,8,-9900,?,9,-9900,?,9,0.0,0.0,E,8
08/01/2021,01:00,0.0,1324.825,0.0,1,8,0.0,1,8,0.0,1,8,0.0,1,8,0.0,1,8,0.0,1,8,-0.0,1,8,-9900,?,9,-9900,?,9,8.106,E,8,4.482,E,8,77.4,E,8,872.5394,E,8,999.0,E,8,0.718,E,8,-9900,?,9,-9900,?,9,0.0,E,8,-9900,?,9,-9900,?,9,0.0,0.0,E,8
08/01/2021,02:00,0.0,1324.825,0.0,1,8,0.0,1,8,0.0,1,8,0.0,1,8,0.0,1,8,0.0,1,8,-0.0,1,8,-9900,?,9,-9900,?,9,7.234,E,8,3.888,E,8,78.8,E,8,872.5394,E,8,999.0,E,8,0.78,E,8,-9900,?,9,-9900,?,9,0.0,E,8,-9900,?,9,-9900,?,9,0.0,0.0,E,8
08/01/2021,03:00,0.0,1324.825,0.0,1,8,0.0,1,8,0.0,1,8,0.0,1,8,0.0,1,8,0.0,1,8,-0.0,1,8,-9900,?,9,-9900,?,9,6.868,E,8,3.81,E,8,80.4,E,8,872.5394,E,8,999.0,E,8,0.78,E,8,-9900,?,9,-9900,?,9,0.0,E,8,-9900,?,9,-9900,?,9,0.0,0.0,E,8
08/01/2021,04:00,0.0,1325.157,0.0,1,8,0.0,1,8,0.0,1,8,0.0,1,8,0.0,1,8,0.0,1,8,-0.0,1,8,-9900,?,9,-9900,?,9,6.52,E,8,3.734,E,8,82.0,E,8,872.5394,E,8,999.0,E,8,0.78,E,8,-9900,?,9,-9900,?,9,0.0,E,8,-9900,?,9,-9900,?,9,0.0,0.0,E,8
08/01/2021,05:00,0.0,1325.157,0.0,1,8,0.0,1,8,0.0,1,8,0.0,1,8,0.0,1,8,0.0,1,8,-0.0,1,8,-9900,?,9,-9900,?,9,6.196,E,8,3.664,E,8,83.4,E,8,872.5394,E,8,999.0,E,8,0.78,E,8,-9900,?,9,-9900,?,9,0.0,E,8,-9900,?,9,-9900,?,9,0.0,0.0,E,8
08/01/2021,06:00,0.0,1325.157,0.0,1,8,0.0,1,8,0.0,1,8,0.0,1,8,0.0,1,8,0.0,1,8,-0.0,1,8,-9900,?,9,-9900,?,9,5.86,E,8,3.59,E,8,85.0,E,8,872.5394,E,8,999.0,E,8,0.78,E,8,-9900,?,9,-9900,?,9,0.0,E,8,-9900,?,9,-9900,?,9,0.0,0.0,E,8
08/01/2021,07:00,38.973,1325.157,0.0,1,8,0.0,1,8,0.0,1,8,0.0,1,8,0.0,1,8,0.0,1,8,0.0,1,8,-9900,?,9,-9900,?,9,5.61,E,8,3.54,E,8,86.0,E,8,872.5394,E,8,999.0,E,8,0.78,E,8,-9900,?,9,-9900,?,9,0.0,E,8,-9900,?,9,-9900,?,9,0.0,0.0,E,8
08/01/2021,08:00,327.646,1325.157,58.0,1,8,0.0,1,8,58.0,1,8,6960.0,1,8,0.0,1,8,6380.0,1,8,74.998,1,8,-9900,?,9,-9900,?,9,5.37,E,8,3.48,E,8,87.0,E,8,872.5394,E,8,999.0,E,8,0.78,E,8,-9900,?,9,-9900,?,9,0.0,E,8,-9900,?,9,-9900,?,9,0.0,0.0,E,8
08/01/2021,09:00,589.505,1325.157,232.73,1,8,86.992,1,8,194.077,1,8,27927.6,1,8,8264.238,1,8,21348.448,1,8,139.033,1,8,-9900,?,9,-9900,?,9,8.97,E,8,4.26,E,8,72.0,E,8,872.5394,E,8,999.0,E,8,0.78,E,8,-9900,?,9,-9900,?,9,0.0,E,8,-9900,?,9,-9900,?,9,0.0,0.0,E,8
08/01/2021,10:00,801.684,1325.157,393.95,1,8,142.377,1,8,307.86,1,8,47274.0,1,8,13525.777,1,8,33864.581,1,8,162.065,1,8,-9900,?,9,-9900,?,9,11.03,E,8,4.68,E,8,64.0,E,8,872.5394,E,8,999.0,E,8,0.78,E,8,-9900,?,9,-9900,?,9,0.0,E,8,-9900,?,9,-9900,?,9,0.0,0.0,E,8
08/01/2021,11:00,949.393,1325.157,518.12,1,8,186.955,1,8,384.216,1,8,62174.4,1,8,17760.693,1,8,42263.74,1,8,170.753,1,8,-9900,?,9,-9900,?,9,12.82,E,8,5.04,E,8,59.0,E,8,872.5394,E,8,999.0,E,8,1.02,E,8,-9900,?,9,-9900,?,9,0.0,E,8,-9900,?,9,-9900,?,9,0.0,0.0,E,8
08/01/2021,12:00,1022.488,1325.157,594.68,1,8,274.427,1,8,382.975,1,8,71361.6,1,8,26070.584,1,8,42127.234,1,8,158.021,1,8,-9900,?,9,-9900,?,9,14.28,E,8,5.33,E,8,54.0,E,8,872.5394,E,8,999.0,E,8,0.83,E,8,-9900,?,9,-9900,?,9,0.0,E,8,-9900,?,9,-9900,?,9,0.0,0.0,E,8
08/01/2021,13:00,1015.961,1325.157,617.8,1,8,328.059,1,8,366.338,1,8,74136.0,1,8,31165.582,1,8,40297.215,1,8,152.129,1,8,-9900,?,9,-9900,?,9,15.35,E,8,5.54,E,8,51.0,E,8,872.5394,E,8,999.0,E,8,1.4,E,8,-9900,?,9,-9900,?,9,0.0,E,8,-9900,?,9,-9900,?,9,0.0,0.0,E,8
08/01/2021,14:00,930.254,1325.157,585.77,1,8,433.158,1,8,281.787,1,8,70292.4,1,8,41149.993,1,8,30996.588,1,8,127.811,1,8,-9900,?,9,-9900,?,9,15.99,E,8,5.66,E,8,50.0,E,8,872.5394,E,8,999.0,E,8,2.19,E,8,-9900,?,9,-9900,?,9,0.0,E,8,-9900,?,9,-9900,?,9,0.0,0.0,E,8
08/01/2021,15:00,771.233,1325.157,500.96,1,8,533.889,1,8,190.418,1,8,60115.2,1,8,50719.466,1,8,20945.948,1,8,104.205,1,8,-9900,?,9,-9900,?,9,16.22,E,8,5.71,E,8,49.0,E,8,872.5394,E,8,999.0,E,8,1.61,E,8,-9900,?,9,-9900,?,9,0.0,E,8,-9900,?,9,-9900,?,9,0.0,0.0,E,8
08/01/2021,16:00,549.827,1325.157,369.87,1,8,625.634,1,8,110.649,1,8,44384.4,1,8,59435.215,1,8,12171.395,1,8,85.006,1,8,-9900,?,9,-9900,?,9,15.9,E,8,5.65,E,8,50.0,E,8,872.5394,E,8,999.0,E,8,1.51,E,8,-9900,?,9,-9900,?,9,0.0,E,8,-9900,?,9,-9900,?,9,0.0,0.0,E,8
08/01/2021,17:00,281.568,1325.157,204.13,1,8,575.953,1,8,82.485,1,8,24495.6,1,8,54715.5,1,8,9073.37,1,8,124.314,1,8,-9900,?,9,-9900,?,9,14.95,E,8,5.46,E,8,53.0,E,8,872.5394,E,8,999.0,E,8,0.78,E,8,-9900,?,9,-9900,?,9,0.0,E,8,-9900,?,9,-9900,?,9,0.0,0.0,E,8
08/01/2021,18:00,0.0,1325.157,33.69,1,8,0.0,1,8,0.0,1,8,4042.8,1,8,0.0,1,8,0.0,1,8,-0.0,1,8,-9900,?,9,-9900,?,9,13.52,E,8,5.18,E,8,57.0,E,8,872.5394,E,8,999.0,E,8,0.78,E,8,-9900,?,9,-9900,?,9,0.0,E,8,-9900,?,9,-9900,?,9,0.0,0.0,E,8
08/01/2021,19:00,0.0,1325.157,0.0,1,8,0.0,1,8,0.0,1,8,0.0,1,8,0.0,1,8,0.0,1,8,-0.0,1,8,-9900,?,9,-9900,?,9,12.75,E,8,5.03,E,8,59.0,E,8,872.5394,E,8,999.0,E,8,0.78,E,8,-9900,?,9,-9900,?,9,0.0,E,8,-9900,?,9,-9900,?,9,0.0,0.0,E,8
08/01/2021,20:00,0.0,1325.157,0.0,1,8,0.0,1,8,0.0,1,8,0.0,1,8,0.0,1,8,0.0,1,8,-0.0,1,8,-9900,?,9,-9900,?,9,11.99,E,8,4.88,E,8,61.0,E,8,872.5394,E,8,999.0,E,8,0.78,E,8,-9900,?,9,-9900,?,9,0.0,E,8,-9900,?,9,-9900,?,9,0.0,0.0,E,8
08/01/2021,21:00,0.0,1325.157,0.0,1,8,0.0,1,8,0.0,1,8,0.0,1,8,0.0,1,8,0.0,1,8,-0.0,1,8,-9900,?,9,-9900,?,9,11.22,E,8,4.72,E,8,64.0,E,8,872.5394,E,8,999.0,E,8,0.78,E,8,-9900,?,9,-9900,?,9,0.0,E,8,-9900,?,9,-9900,?,9,0.0,0.0,E,8
08/01/2021,22:00,0.0,1325.157,0.0,1,8,0.0,1,8,0.0,1,8,0.0,1,8,0.0,1,8,0.0,1,8,-0.0,1,8,-9900,?,9,-9900,?,9,10.46,E,8,4.57,E,8,66.0,E,8,872.5394,E,8,999.0,E,8,0.78,E,8,-9900,?,9,-9900,?,9,0.0,E,8,-9900,?,9,-9900,?,9,0.0,0.0,E,8
08/01/2021,23:00,0.0,1325.157,0.0,1,8,0.0,1,8,0.0,1,8,0.0,1,8,0.0,1,8,0.0,1,8,-0.0,1,8,-9900,?,9,-9900,?,9,9.69,E,8,4.41,E,8,69.0,E,8,872.5394,E,8,999.0,E,8,0.78,E,8,-9900,?,9,-9900,?,9,0.0,E,8,-9900,?,9,-9900,?,9,0.0,0.0,E,8
08/01/2021,24:00,0.0,1325.157,0.0,1,8,0.0,1,8,0.0,1,8,0.0,1,8,0.0,1,8,0.0,1,8,-0.0,1,8,-9900,?,9,-9900,?,9,8.93,E,8,6.28,E,8,83.0,E,8,872.5394,E,8,999.0,E,8,0.82,E,8,-9900,?,9,-9900,?,9,0.0,E,8,-9900,?,9,-9900,?,9,0.0,0.0,E,8
08/02/2021,01:00,0.0,1325.157,0.0,1,8,0.0,1,8,0.0,1,8,0.0,1,8,0.0,1,8,0.0,1,8,-0.0,1,8,-9900,?,9,-9900,?,9,8.54,E,8,6.19,E,8,85.0,E,8,872.5394,E,8,999.0,E,8,0.82,E,8,-9900,?,9,-9900,?,9,0.0,E,8,-9900,?,9,-9900,?,9,0.0,0.0,E,8
08/02/2021,02:00,0.0,1325.157,0.0,1,8,0.0,1,8,0.0,1,8,0.0,1,8,0.0,1,8,0.0,1,8,-0.0,1,8,-9900,?,9,-9900,?,9,8.16,E,8,6.1,E,8,86.0,E,8,872.5394,E,8,999.0,E,8,0.82,E,8,-9900,?,9,-9900,?,9,0.0,E,8,-9900,?,9,-9900,?,9,0.0,0.0,E,8
08/02/2021,03:00,0.0,1325.157,0.0,1,8,0.0,1,8,0.0,1,8,0.0,1,8,0.0,1,8,0.0,1,8,-0.0,1,8,-9900,?,9,-9900,?,9,7.78,E,8,6.0,E,8,88.0,E,8,872.5394,E,8,999.0,E,8,0.82,E,8,-9900,?,9,-9900,?,9,0.0,E,8,-9900,?,9,-9900,?,9,0.0,0.0,E,8
08/02/2021,04:00,0.0,1325.501,0.0,1,8,0.0,1,8,0.0,1,8,0.0,1,8,0.0,1,8,0.0,1,8,-0.0,1,8,-9900,?,9,-9900,?,9,7.4,E,8,5.91,E,8,90.0,E,8,872.5394,E,8,999.0,E,8,0.82,E,8,-9900,?,9,-9900,?,9,0.0,E,8,-9900,?,9,-9900,?,9,0.0,0.0,E,8
08/02/2021,05:00,0.0,1325.501,0.0,1,8,0.0,1,8,0.0,1,8,0.0,1,8,0.0,1,8,0.0,1,8,-0.0,1,8,-9900,?,9,-9900,?,9,7.01,E,8,5.82,E,8,92.0,E,8,872.5394,E,8,999.0,E,8,0.82,E,8,-9900,?,9,-9900,?,9,0.0,E,8,-9900,?,9,-9900,?,9,0.0,0.0,E,8
08/02/2021,06:00,0.0,1325.501,0.0,1,8,0.0,1,8,0.0,1,8,0.0,1,8,0.0,1,8,0.0,1,8,-0.0,1,8,-9900,?,9,-9900,?,9,6.72,E,8,5.74,E,8,93.0,E,8,872.5394,E,8,999.0,E,8,0.82,E,8,-9900,?,9,-9900,?,9,0.0,E,8,-9900,?,9,-9900,?,9,0.0,0.0,E,8
08/02/2021,07:00,41.383,1325.501,0.0,1,8,0.0,1,8,0.0,1,8,0.0,1,8,0.0,1,8,0.0,1,8,0.0,1,8,-9900,?,9,-9900,?,9,6.47,E,8,5.68,E,8,94.0,E,8,872.5394,E,8,999.0,E,8,0.82,E,8,-9900,?,9,-9900,?,9,0.0,E,8,-9900,?,9,-9900,?,9,0.0,0.0,E,8
08/02/2021,08:00,330.733,1325.501,39.37,1,8,0.0,1,8,39.37,1,8,4724.4,1,8,0.0,1,8,4330.7,1,8,50.442,1,8,-9900,?,9,-9900,?,9,6.21,E,8,5.62,E,8,95.0,E,8,872.5394,E,8,999.0,E,8,0.82,E,8,-9900,?,9,-9900,?,9,0.0,E,8,-9900,?,9,-9900,?,9,0.0,0.0,E,8
08/02/2021,09:00,593.002,1325.501,155.27,1,8,7.63,1,8,151.861,1,8,18632.4,1,8,724.844,1,8,16704.656,1,8,108.175,1,8,-9900,?,9,-9900,?,9,9.38,E,8,6.39,E,8,81.0,E,8,872.5394,E,8,999.0,E,8,0.82,E,8,-9900,?,9,-9900,?,9,0.0,E,8,-9900,?,9,-9900,?,9,0.0,0.0,E,8
08/02/2021,10:00,805.48,1325.501,261.99,1,8,12.044,1,8,254.675,1,8,31438.8,1,8,1144.182,1,8,28014.224,1,8,133.469,1,8,-9900,?,9,-9900,?,9,11.16,E,8,6.8,E,8,74.0,E,8,872.5394,E,8,999.0,E,8,0.82,E,8,-9900,?,9,-9900,?,9,0.0,E,8,-9900,?,9,-9900,?,9,0.0,0.0,E,8
08/02/2021,11:00,953.363,1325.501,344.16,1,8,12.623,1,8,335.084,1,8,41299.2,1,8,1199.175,1,8,36859.185,1,8,148.335,1,8,-9900,?,9,-9900,?,9,12.72,E,8,7.16,E,8,68.0,E,8,872.5394,E,8,999.0,E,8,0.82,E,8,-9900,?,9,-9900,?,9,0.0,E,8,-9900,?,9,-9900,?,9,0.0,0.0,E,8
08/02/2021,12:00,1026.495,1325.501,394.8,1,8,12.76,1,8,384.92,1,8,47376.0,1,8,1212.232,1,8,42341.208,1,8,158.245,1,8,-9900,?,9,-9900,?,9,13.98,E,8,7.44,E,8,64.0,E,8,872.5394,E,8,999.0,E,8,0.82,E,8,-9900,?,9,-9900,?,9,0.0,E,8,-9900,?,9,-9900,?,9,0.0,0.0,E,8
08/02/2021,13:00,1019.866,1325.501,410.06,1,8,61.648,1,8,362.637,1,8,49207.2,1,8,5856.515,1,8,39890.049,1,8,150.054,1,8,-9900,?,9,-9900,?,9,14.91,E,8,7.64,E,8,61.0,E,8,872.5394,E,8,999.0,E,8,1.15,E,8,-9900,?,9,-9900,?,9,0.0,E,8,-9900,?,9,-9900,?,9,0.0,0.0,E,8
08/02/2021,14:00,933.925,1325.501,388.82,1,8,88.825,1,8,326.254,1,8,46658.4,1,8,8438.366,1,8,35887.955,1,8,147.436,1,8,-9900,?,9,-9900,?,9,15.47,E,8,7.76,E,8,60.0,E,8,872.5394,E,8,999.0,E,8,2.02,E,8,-9900,?,9,-9900,?,9,0.0,E,8,-9900,?,9,-9900,?,9,0.0,0.0,E,8
08/02/2021,15:00,774.555,1325.501,332.64,1,8,117.729,1,8,263.884,1,8,39916.8,1,8,11184.209,1,8,29027.283,1,8,143.826,1,8,-9900,?,9,-9900,?,9,15.67,E,8,7.81,E,8,59.0,E,8,872.5394,E,8,999.0,E,8,1.69,E,8,-9900,?,9,-9900,?,9,0.0,E,8,-9900,?,9,-9900,?,9,0.0,0.0,E,8
08/02/2021,16:00,552.707,1325.501,245.84,1,8,148.434,1,8,184.032,1,8,29500.8,1,8,14101.24,1,8,20243.493,1,8,140.679,1,8,-9900,?,9,-9900,?,9,15.39,E,8,7.75,E,8,60.0,E,8,872.5394,E,8,999.0,E,8,1.24,E,8,-9900,?,9,-9900,?,9,0.0,E,8,-9900,?,9,-9900,?,9,0.0,0.0,E,8
08/02/2021,17:00,283.937,1325.501,136.07,1,8,319.634,1,8,68.004,1,8,16328.4,1,8,30365.235,1,8,7480.472,1,8,101.651,1,8,-9900,?,9,-9900,?,9,14.56,E,8,7.57,E,8,62.0,E,8,872.5394,E,8,999.0,E,8,0.82,E,8,-9900,?,9,-9900,?,9,0.0,E,8,-9900,?,9,-9900,?,9,0.0,0.0,E,8
08/02/2021,18:00,0.0,1325.501,22.93,1,8,0.0,1,8,0.0,1,8,2751.6,1,8,0.0,1,8,0.0,1,8,-0.0,1,8,-9900,?,9,-9900,?,9,13.32,E,8,7.29,E,8,66.0,E,8,872.5394,E,8,999.0,E,8,0.82,E,8,-9900,?,9,-9900,?,9,0.0,E,8,-9900,?,9,-9900,?,9,0.0,0.0,E,8
08/02/2021,19:00,0.0,1325.501,0.0,1,8,0.0,1,8,0.0,1,8,0.0,1,8,0.0,1,8,0.0,1,8,-0.0,1,8,-9900,?,9,-9900,?,9,12.58,E,8,7.13,E,8,69.0,E,8,872.5394,E,8,999.0,E,8,0.82,E,8,-9900,?,9,-9900,?,9,0.0,E,8,-9900,?,9,-9900,?,9,0.0,0.0,E,8
08/02/2021,20:00,0.0,1325.501,0.0,1,8,0.0,1,8,0.0,1,8,0.0,1,8,0.0,1,8,0.0,1,8,-0.0,1,8,-9900,?,9,-9900,?,9,11.84,E,8,6.96,E,8,71.0,E,8,872.5394,E,8,999.0,E,8,0.82,E,8,-9900,?,9,-9900,?,9,0.0,E,8,-9900,?,9,-9900,?,9,0.0,0.0,E,8
08/02/2021,21:00,0.0,1325.501,0.0,1,8,0.0,1,8,0.0,1,8,0.0,1,8,0.0,1,8,0.0,1,8,-0.0,1,8,-9900,?,9,-9900,?,9,11.1,E,8,6.79,E,8,74.0,E,8,872.5394,E,8,999.0,E,8,0.82,E,8,-9900,?,9,-9900,?,9,0.0,E,8,-9900,?,9,-9900,?,9,0.0,0.0,E,8
08/02/2021,22:00,0.0,1325.501,0.0,1,8,0.0,1,8,0.0,1,8,0.0,1,8,0.0,1,8,0.0,1,8,-0.0,1,8,-9900,?,9,-9900,?,9,10.36,E,8,6.62,E,8,77.0,E,8,872.5394,E,8,999.0,E,8,0.82,E,8,-9900,?,9,-9900,?,9,0.0,E,8,-9900,?,9,-9900,?,9,0.0,0.0,E,8
08/02/2021,23:00,0.0,1325.501,0.0,1,8,0.0,1,8,0.0,1,8,0.0,1,8,0.0,1,8,0.0,1,8,-0.0,1,8,-9900,?,9,-9900,?,9,9.63,E,8,6.45,E,8,80.0,E,8,872.5394,E,8,999.0,E,8,0.82,E,8,-9900,?,9,-9900,?,9,0.0,E,8,-9900,?,9,-9900,?,9,0.0,0.0,E,8
08/02/2021,24:00,0.0,1325.501,0.0,1,8,0.0,1,8,0.0,1,8,0.0,1,8,0.0,1,8,0.0,1,8,-0.0,1,8,-9900,?,9,-9900,?,9,8.89,E,8,3.31,E,8,67.0,E,8,872.5394,E,8,999.0,E,8,0.38,E,8,-9900,?,9,-9900,?,9,0.0,E,8,-9900,?,9,-9900,?,9,0.0,0.0,E,8
08/03/2021,01:00,0.0,1325.501,0.0,1,8,0.0,1,8,0.0,1,8,0.0,1,8,0.0,1,8,0.0,1,8,-0.0,1,8,-9900,?,9,-9900,?,9,8.52,E,8,3.31,E,8,69.0,E,8,872.5394,E,8,999.0,E,8,0.38,E,8,-9900,?,9,-9900,?,9,0.0,E,8,-9900,?,9,-9900,?,9,0.0,0.0,E,8
08/03/2021,02:00,0.0,1325.501,0.0,1,8,0.0,1,8,0.0,1,8,0.0,1,8,0.0,1,8,0.0,1,8,-0.0,1,8,-9900,?,9,-9900,?,9,8.15,E,8,3.32,E,8,71.0,E,8,872.5394,E,8,999.0,E,8,0.38,E,8,-9900,?,9,-9900,?,9,0.0,E,8,-9900,?,9,-9900,?,9,0.0,0.0,E,8
08/03/2021,03:00,0.0,1325.501,0.0,1,8,0.0,1,8,0.0,1,8,0.0,1,8,0.0,1,8,0.0,1,8,-0.0,1,8,-9900,?,9,-9900,?,9,7.78,E,8,3.32,E,8,73.0,E,8,872.5394,E,8,999.0,E,8,0.38,E,8,-9900,?,9,-9900,?,9,0.0,E,8,-9900,?,9,-9900,?,9,0.0,0.0,E,8
08/03/2021,04:00,0.0,1325.857,0.0,1,8,0.0,1,8,0.0,1,8,0.0,1,8,0.0,1,8,0.0,1,8,-0.0,1,8,-9900,?,9,-9900,?,9,7.41,E,8,3.33,E,8,75.0,E,8,872.5394,E,8,999.0,E,8,0.38,E,8,-9900,?,9,-9900,?,9,0.0,E,8,-9900,?,9,-9900,?,9,0.0,0.0,E,8
08/03/2021,05:00,0.0,1325.857,0.0,1,8,0.0,1,8,0.0,1,8,0.0,1,8,0.0,1,8,0.0,1,8,-0.0,1,8,-9900,?,9,-9900,?,9,7.04,E,8,3.33,E,8,77.0,E,8,872.5394,E,8,999.0,E,8,0.38,E,8,-9900,?,9,-9900,?,9,0.0,E,8,-9900,?,9,-9900,?,9,0.0,0.0,E,8
08/03/2021,06:00,0.0,1325.857,0.0,1,8,0.0,1,8,0.0,1,8,0.0,1,8,0.0,1,8,0.0,1,8,-0.0,1,8,-9900,?,9,-9900,?,9,6.76,E,8,3.33,E,8,78.0,E,8,872.5394,E,8,999.0,E,8,0.38,E,8,-9900,?,9,-9900,?,9,0.0,E,8,-9900,?,9,-9900,?,9,0.0,0.0,E,8
08/03/2021,07:00,43.891,1325.857,0.0,1,8,0.0,1,8,0.0,1,8,0.0,1,8,0.0,1,8,0.0,1,8,0.0,1,8,-9900,?,9,-9900,?,9,6.51,E,8,3.34,E,8,80.0,E,8,872.5394,E,8,999.0,E,8,0.38,E,8,-9900,?,9,-9900,?,9,0.0,E,8,-9900,?,9,-9900,?,9,0.0,0.0,E,8
08/03/2021,08:00,333.917,1325.857,56.27,1,8,0.0,1,8,56.27,1,8,6752.4,1,8,0.0,1,8,6189.7,1,8,71.421,1,8,-9900,?,9,-9900,?,9,6.27,E,8,3.34,E,8,81.0,E,8,872.5394,E,8,999.0,E,8,0.38,E,8,-9900,?,9,-9900,?,9,0.0,E,8,-9900,?,9,-9900,?,9,0.0,0.0,E,8
08/03/2021,09:00,596.592,1325.857,218.07,1,8,61.661,1,8,190.357,1,8,26168.4,1,8,5857.769,1,8,20939.227,1,8,134.815,1,8,-9900,?,9,-9900,?,9,9.56,E,8,3.3,E,8,64.0,E,8,872.5394,E,8,999.0,E,8,0.38,E,8,-9900,?,9,-9900,?,9,0.0,E,8,-9900,?,9,-9900,?,9,0.0,0.0,E,8
08/03/2021,10:00,809.362,1325.857,366.77,1,8,102.814,1,8,304.039,1,8,44012.4,1,8,9767.309,1,8,33444.274,1,8,158.616,1,8,-9900,?,9,-9900,?,9,11.39,E,8,3.28,E,8,57.0,E,8,872.5394,E,8,999.0,E,8,0.38,E,8,-9900,?,9,-9900,?,9,0.0,E,8,-9900,?,9,-9900,?,9,0.0,0.0,E,8
08/03/2021,11:00,957.41,1325.857,481.2,1,8,185.213,1,8,347.493,1,8,57744.0,1,8,17595.2,1,8,38224.207,1,8,153.219,1,8,-9900,?,9,-9900,?,9,13.0,E,8,3.26,E,8,51.0,E,8,872.5394,E,8,999.0,E,8,0.38,E,8,-9900,?,9,-9900,?,9,0.0,E,8,-9900,?,9,-9900,?,9,0.0,0.0,E,8
08/03/2021,12:00,1030.567,1325.857,551.69,1,8,192.287,1,8,402.257,1,8,66202.8,1,8,18267.247,1,8,44248.307,1,8,164.762,1,8,-9900,?,9,-9900,?,9,14.29,E,8,3.25,E,8,47.0,E,8,872.5394,E,8,999.0,E,8,0.78,E,8,-9900,?,9,-9900,?,9,0.0,E,8,-9900,?,9,-9900,?,9,0.0,0.0,E,8
08/03/2021,13:00,1023.822,1325.857,572.89,1,8,236.69,1,8,390.155,1,8,68746.8,1,8,22485.52,1,8,42917.086,1,8,160.859,1,8,-9900,?,9,-9900,?,9,15.25,E,8,3.23,E,8,44.0,E,8,872.5394,E,8,999.0,E,8,2.28,E,8,-9900,?,9,-9900,?,9,0.0,E,8,-9900,?,9,-9900,?,9,0.0,0.0,E,8
08/03/2021,14:00,937.634,1325.857,543.23,1,8,302.891,1,8,329.091,1,8,65187.6,1,8,28774.611,1,8,36200.056,1,8,148.169,1,8,-9900,?,9,-9900,?,9,15.82,E,8,3.23,E,8,42.0,E,8,872.5394,E,8,999.0,E,8,2.97,E,8,-9900,?,9,-9900,?,9,0.0,E,8,-9900,?,9,-9900,?,9,0.0,0.0,E,8
08/03/2021,15:00,777.899,1325.857,464.9,1,8,382.06,1,8,240.865,1,8,55788.0,1,8,36295.717,1,8,26495.148,1,8,130.749,1,8,-9900,?,9,-9900,?,9,16.02,E,8,3.22,E,8,42.0,E,8,872.5394,E,8,999.0,E,8,3.71,E,8,-9900,?,9,-9900,?,9,0.0,E,8,-9900,?,9,-9900,?,9,0.0,0.0,E,8
08/03/2021,16:00,555.596,1325.857,343.9,1,8,506.146,1,8,132.092,1,8,41268.0,1,8,48083.828,1,8,14530.085,1,8,100.475,1,8,-9900,?,9,-9900,?,9,15.74,E,8,3.23,E,8,43.0,E,8,872.5394,E,8,999.0,E,8,3.25,E,8,-9900,?,9,-9900,?,9,0.0,E,8,-9900,?,9,-9900,?,9,0.0,0.0,E,8
08/03/2021,17:00,286.305,1325.857,190.88,1,8,576.601,1,8,67.091,1,8,22905.6,1,8,54777.131,1,8,7379.97,1,8,99.473,1,8,-9900,?,9,-9900,?,9,14.89,E,8,3.24,E,8,45.0,E,8,872.5394,E,8,999.0,E,8,2.29,E,8,-9900,?,9,-9900,?,9,0.0,E,8,-9900,?,9,-9900,?,9,0.0,0.0,E,8
08/03/2021,18:00,0.0,1325.857,32.82,1,8,0.0,1,8,0.0,1,8,3938.4,1,8,0.0,1,8,0.0,1,8,-0.0,1,8,-9900,?,9,-9900,?,9,13.6,E,8,3.25,E,8,49.0,E,8,872.5394,E,8,999.0,E,8,0.84,E,8,-9900,?,9,-9900,?,9,0.0,E,8,-9900,?,9,-9900,?,9,0.0,0.0,E,8
08/03/2021,19:00,0.0,1325.857,0.0,1,8,0.0,1,8,0.0,1,8,0.0,1,8,0.0,1,8,0.0,1,8,-0.0,1,8,-9900,?,9,-9900,?,9,13.01,E,8,3.26,E,8,51.0,E,8,872.5394,E,8,999.0,E,8,0.38,E,8,-9900,?,9,-9900,?,9,0.0,E,8,-9900,?,9,-9900,?,9,0.0,0.0,E,8
08/03/2021,20:00,0.0,1325.857,0.0,1,8,0.0,1,8,0.0,1,8,0.0,1,8,0.0,1,8,0.0,1,8,-0.0,1,8,-9900,?,9,-9900,?,9,12.42,E,8,3.27,E,8,53.0,E,8,872.5394,E,8,999.0,E,8,0.38,E,8,-9900,?,9,-9900,?,9,0.0,E,8,-9900,?,9,-9900,?,9,0.0,0.0,E,8
08/03/2021,21:00,0.0,1325.857,0.0,1,8,0.0,1,8,0.0,1,8,0.0,1,8,0.0,1,8,0.0,1,8,-0.0,1,8,-9900,?,9,-9900,?,9,11.82,E,8,3.27,E,8,55.0,E,8,872.5394,E,8,999.0,E,8,0.38,E,8,-9900,?,9,-9900,?,9,0.0,E,8,-9900,?,9,-9900,?,9,0.0,0.0,E,8
08/03/2021,22:00,0.0,1325.857,0.0,1,8,0.0,1,8,0.0,1,8,0.0,1,8,0.0,1,8,0.0,1,8,-0.0,1,8,-9900,?,9,-9900,?,9,11.23,E,8,3.28,E,8,58.0,E,8,872.5394,E,8,999.0,E,8,0.38,E,8,-9900,?,9,-9900,?,9,0.0,E,8,-9900,?,9,-9900,?,9,0.0,0.0,E,8
08/03/2021,23:00,0.0,1325.857,0.0,1,8,0.0,1,8,0.0,1,8,0.0,1,8,0.0,1,8,0.0,1,8,-0.0,1,8,-9900,?,9,-9900,?,9,10.64,E,8,3.29,E,8,60.0,E,8,872.5394,E,8,999.0,E,8,0.38,E,8,-9900,?,9,-9900,?,9,0.0,E,8,-9900,?,9,-9900,?,9,0.0,0.0,E,8
08/03/2021,24:00,0.0,1325.857,0.0,1,8,0.0,1,8,0.0,1,8,0.0,1,8,0.0,1,8,0.0,1,8,-0.0,1,8,-9900,?,9,-9900,?,9,10.04,E,8,5.44,E,8,73.0,E,8,872.5394,E,8,999.0,E,8,0.76,E,8,-9900,?,9,-9900,?,9,0.0,E,8,-9900,?,9,-9900,?,9,0.0,0.0,E,8
08/04/2021,01:00,0.0,1325.857,0.0,1,8,0.0,1,8,0.0,1,8,0.0,1,8,0.0,1,8,0.0,1,8,-0.0,1,8,-9900,?,9,-9900,?,9,9.75,E,8,5.41,E,8,74.0,E,8,872.5394,E,8,999.0,E,8,0.76,E,8,-9900,?,9,-9900,?,9,0.0,E,8,-9900,?,9,-9900,?,9,0.0,0.0,E,8
08/04/2021,02:00,0.0,1325.857,0.0,1,8,0.0,1,8,0.0,1,8,0.0,1,8,0.0,1,8,0.0,1,8,-0.0,1,8,-9900,?,9,-9900,?,9,9.45,E,8,5.38,E,8,75.0,E,8,872.5394,E,8,999.0,E,8,0.76,E,8,-9900,?,9,-9900,?,9,0.0,E,8,-9900,?,9,-9900,?,9,0.0,0.0,E,8
08/04/2021,03:00,0.0,1325.857,0.0,1,8,0.0,1,8,0.0,1,8,0.0,1,8,0.0,1,8,0.0,1,8,-0.0,1,8,-9900,?,9,-9900,?,9,9.16,E,8,5.34,E,8,76.0,E,8,872.5394,E,8,999.0,E,8,0.76,E,8,-9900,?,9,-9900,?,9,0.0,E,8,-9900,?,9,-9900,?,9,0.0,0.0,E,8
08/04/2021,04:00,0.0,1326.224,0.0,1,8,0.0,1,8,0.0,1,8,0.0,1,8,0.0,1,8,0.0,1,8,-0.0,1,8,-9900,?,9,-9900,?,9,8.86,E,8,5.31,E,8,78.0,E,8,872.5394,E,8,999.0,E,8,0.76,E,8,-9900,?,9,-9900,?,9,0.0,E,8,-9900,?,9,-9900,?,9,0.0,0.0,E,8
08/04/2021,05:00,0.0,1326.224,0.0,1,8,0.0,1,8,0.0,1,8,0.0,1,8,0.0,1,8,0.0,1,8,-0.0,1,8,-9900,?,9,-9900,?,9,8.56,E,8,5.28,E,8,79.0,E,8,872.5394,E,8,999.0,E,8,0.76,E,8,-9900,?,9,-9900,?,9,0.0,E,8,-9900,?,9,-9900,?,9,0.0,0.0,E,8
08/04/2021,06:00,0.0,1326.224,0.0,1,8,0.0,1,8,0.0,1,8,0.0,1,8,0.0,1,8,0.0,1,8,-0.0,1,8,-9900,?,9,-9900,?,9,8.33,E,8,5.25,E,8,80.0,E,8,872.5394,E,8,999.0,E,8,0.76,E,8,-9900,?,9,-9900,?,9,0.0,E,8,-9900,?,9,-9900,?,9,0.0,0.0,E,8
08/04/2021,07:00,46.496,1326.224,0.0,1,8,0.0,1,8,0.0,1,8,0.0,1,8,0.0,1,8,0.0,1,8,0.0,1,8,-9900,?,9,-9900,?,9,8.14,E,8,5.23,E,8,81.0,E,8,872.5394,E,8,999.0,E,8,0.76,E,8,-9900,?,9,-9900,?,9,0.0,E,8,-9900,?,9,-9900,?,9,0.0,0.0,E,8
08/04/2021,08:00,337.195,1326.224,48.88,1,8,0.0,1,8,48.88,1,8,5865.6,1,8,0.0,1,8,5376.8,1,8,61.45,1,8,-9900,?,9,-9900,?,9,7.94,E,8,5.2,E,8,82.0,E,8,872.5394,E,8,999.0,E,8,0.76,E,8,-9900,?,9,-9900,?,9,0.0,E,8,-9900,?,9,-9900,?,9,0.0,0.0,E,8
08/04/2021,09:00,600.273,1326.224,186.11,1,8,22.181,1,8,176.082,1,8,22333.2,1,8,2107.195,1,8,19369.003,1,8,123.972,1,8,-9900,?,9,-9900,?,9,10.94,E,8,5.55,E,8,69.0,E,8,872.5394,E,8,999.0,E,8,0.76,E,8,-9900,?,9,-9900,?,9,0.0,E,8,-9900,?,9,-9900,?,9,0.0,0.0,E,8
08/04/2021,10:00,813.33,1326.224,311.97,1,8,23.855,1,8,297.348,1,8,37436.4,1,8,2266.191,1,8,32708.263,1,8,154.41,1,8,-9900,?,9,-9900,?,9,12.6,E,8,5.73,E,8,62.0,E,8,872.5394,E,8,999.0,E,8,0.76,E,8,-9900,?,9,-9900,?,9,0.0,E,8,-9900,?,9,-9900,?,9,0.0,0.0,E,8
08/04/2021,11:00,961.532,1326.224,408.8,1,8,94.418,1,8,340.364,1,8,49056.0,1,8,8969.73,1,8,37439.992,1,8,149.473,1,8,-9900,?,9,-9900,?,9,14.05,E,8,5.89,E,8,57.0,E,8,872.5394,E,8,999.0,E,8,0.82,E,8,-9900,?,9,-9900,?,9,0.0,E,8,-9900,?,9,-9900,?,9,0.0,0.0,E,8
08/04/2021,12:00,1034.702,1326.224,468.41,1,8,98.224,1,8,391.791,1,8,56209.2,1,8,9331.286,1,8,43097.055,1,8,159.878,1,8,-9900,?,9,-9900,?,9,15.22,E,8,6.02,E,8,54.0,E,8,872.5394,E,8,999.0,E,8,1.87,E,8,-9900,?,9,-9900,?,9,0.0,E,8,-9900,?,9,-9900,?,9,0.0,0.0,E,8
08/04/2021,13:00,1027.828,1326.224,486.29,1,8,118.031,1,8,394.833,1,8,58354.8,1,8,11212.986,1,8,43431.645,1,8,162.198,1,8,-9900,?,9,-9900,?,9,16.08,E,8,6.11,E,8,51.0,E,8,872.5394,E,8,999.0,E,8,2.27,E,8,-9900,?,9,-9900,?,9,0.0,E,8,-9900,?,9,-9900,?,9,0.0,0.0,E,8
08/04/2021,14:00,941.376,1326.224,461.13,1,8,169.77,1,8,340.659,1,8,55335.6,1,8,16128.14,1,8,37472.519,1,8,152.809,1,8,-9900,?,9,-9900,?,9,16.6,E,8,6.17,E,8,50.0,E,8,872.5394,E,8,999.0,E,8,1.48,E,8,-9900,?,9,-9900,?,9,0.0,E,8,-9900,?,9,-9900,?,9,0.0,0.0,E,8
08/04/2021,15:00,781.264,1326.224,394.76,1,8,161.885,1,8,299.448,1,8,47371.2,1,8,15379.063,1,8,32939.276,1,8,161.894,1,8,-9900,?,9,-9900,?,9,16.78,E,8,6.19,E,8,49.0,E,8,872.5394,E,8,999.0,E,8,1.05,E,8,-9900,?,9,-9900,?,9,0.0,E,8,-9900,?,9,-9900,?,9,0.0,0.0,E,8
08/04/2021,16:00,558.493,1326.224,292.29,1,8,282.905,1,8,173.316,1,8,35074.8,1,8,26875.958,1,8,19064.716,1,8,131.182,1,8,-9900,?,9,-9900,?,9,16.52,E,8,6.16,E,8,50.0,E,8,872.5394,E,8,999.0,E,8,1.1,E,8,-9900,?,9,-9900,?,9,0.0,E,8,-9900,?,9,-9900,?,9,0.0,0.0,E,8
08/04/2021,17:00,288.671,1326.224,162.68,1,8,454.007,1,8,64.423,1,8,19521.6,1,8,43130.654,1,8,7086.497,1,8,94.752,1,8,-9900,?,9,-9900,?,9,15.75,E,8,6.08,E,8,52.0,E,8,872.5394,E,8,999.0,E,8,1.14,E,8,-9900,?,9,-9900,?,9,0.0,E,8,-9900,?,9,-9900,?,9,0.0,0.0,E,8
08/04/2021,18:00,0.308,1326.224,28.53,1,8,0.0,1,8,0.0,1,8,3423.6,1,8,0.0,1,8,0.0,1,8,-0.0,1,8,-9900,?,9,-9900,?,9,14.59,E,8,5.95,E,8,56.0,E,8,872.5394,E,8,999.0,E,8,0.76,E,8,-9900,?,9,-9900,?,9,0.0,E,8,-9900,?,9,-9900,?,9,0.0,0.0,E,8
08/04/2021,19:00,0.0,1326.224,0.0,1,8,0.0,1,8,0.0,1,8,0.0,1,8,0.0,1,8,0.0,1,8,-0.0,1,8,-9900,?,9,-9900,?,9,14.01,E,8,5.89,E,8,58.0,E,8,872.5394,E,8,999.0,E,8,0.76,E,8,-9900,?,9,-9900,?,9,0.0,E,8,-9900,?,9,-9900,?,9,0.0,0.0,E,8
08/04/2021,20:00,0.0,1326.224,0.0,1,8,0.0,1,8,0.0,1,8,0.0,1,8,0.0,1,8,0.0,1,8,-0.0,1,8,-9900,?,9,-9900,?,9,13.43,E,8,5.82,E,8,59.0,E,8,872.5394,E,8,999.0,E,8,0.76,E,8,-9900,?,9,-9900,?,9,0.0,E,8,-9900,?,9,-9900,?,9,0.0,0.0,E,8
08/04/2021,21:00,0.0,1326.224,0.0,1,8,0.0,1,8,0.0,1,8,0.0,1,8,0.0,1,8,0.0,1,8,-0.0,1,8,-9900,?,9,-9900,?,9,12.85,E,8,5.76,E,8,62.0,E,8,872.5394,E,8,999.0,E,8,0.76,E,8,-9900,?,9,-9900,?,9,0.0,E,8,-9900,?,9,-9900,?,9,0.0,0.0,E,8
08/04/2021,22:00,0.0,1326.224,0.0,1,8,0.0,1,8,0.0,1,8,0.0,1,8,0.0,1,8,0.0,1,8,-0.0,1,8,-9900,?,9,-9900,?,9,12.28,E,8,5.69,E,8,64.0,E,8,872.5394,E,8,999.0,E,8,0.76,E,8,-9900,?,9,-9900,?,9,0.0,E,8,-9900,?,9,-9900,?,9,0.0,0.0,E,8
08/04/2021,23:00,0.0,1326.224,0.0,1,8,0.0,1,8,0.0,1,8,0.0,1,8,0.0,1,8,0.0,1,8,-0.0,1,8,-9900,?,9,-9900,?,9,11.7,E,8,5.63,E,8,66.0,E,8,872.5394,E,8,999.0,E,8,0.76,E,8,-9900,?,9,-9900,?,9,0.0,E,8,-9900,?,9,-9900,?,9,0.0,0.0,E,8
08/04/2021,24:00,0.0,1326.224,0.0,1,8,0.0,1,8,0.0,1,8,0.0,1,8,0.0,1,8,0.0,1,8,-0.0,1,8,-9900,?,9,-9900,?,9,11.12,E,8,9.73,E,8,91.0,E,8,872.5394,E,8,999.0,E,8,0.94,E,8,-9900,?,9,-9900,?,9,0.0,E,8,-9900,?,9,-9900,?,9,0.0,0.0,E,8
08/05/2021,01:00,0.0,1326.224,0.0,1,8,0.0,1,8,0.0,1,8,0.0,1,8,0.0,1,8,0.0,1,8,-0.0,1,8,-9900,?,9,-9900,?,9,10.83,E,8,9.63,E,8,92.0,E,8,872.5394,E,8,999.0,E,8,0.94,E,8,-9900,?,9,-9900,?,9,0.0,E,8,-9900,?,9,-9900,?,9,0.0,0.0,E,8
08/05/2021,02:00,0.0,1326.224,0.0,1,8,0.0,1,8,0.0,1,8,0.0,1,8,0.0,1,8,0.0,1,8,-0.0,1,8,-9900,?,9,-9900,?,9,10.54,E,8,9.54,E,8,93.0,E,8,872.5394,E,8,999.0,E,8,0.94,E,8,-9900,?,9,-9900,?,9,0.0,E,8,-9900,?,9,-9900,?,9,0.0,0.0,E,8
08/05/2021,03:00,0.0,1326.224,0.0,1,8,0.0,1,8,0.0,1,8,0.0,1,8,0.0,1,8,0.0,1,8,-0.0,1,8,-9900,?,9,-9900,?,9,10.25,E,8,9.44,E,8,94.0,E,8,872.5394,E,8,999.0,E,8,0.94,E,8,-9900,?,9,-9900,?,9,0.0,E,8,-9900,?,9,-9900,?,9,0.0,0.0,E,8
08/05/2021,04:00,0.0,1326.602,0.0,1,8,0.0,1,8,0.0,1,8,0.0,1,8,0.0,1,8,0.0,1,8,-0.0,1,8,-9900,?,9,-9900,?,9,9.96,E,8,9.34,E,8,95.0,E,8,872.5394,E,8,999.0,E,8,0.94,E,8,-9900,?,9,-9900,?,9,0.0,E,8,-9900,?,9,-9900,?,9,0.0,0.0,E,8
08/05/2021,05:00,0.0,1326.602,0.0,1,8,0.0,1,8,0.0,1,8,0.0,1,8,0.0,1,8,0.0,1,8,-0.0,1,8,-9900,?,9,-9900,?,9,9.67,E,8,9.25,E,8,97.0,E,8,872.5394,E,8,999.0,E,8,0.94,E,8,-9900,?,9,-9900,?,9,0.0,E,8,-9900,?,9,-9900,?,9,0.0,0.0,E,8
08/05/2021,06:00,0.0,1326.602,0.0,1,8,0.0,1,8,0.0,1,8,0.0,1,8,0.0,1,8,0.0,1,8,-0.0,1,8,-9900,?,9,-9900,?,9,9.45,E,8,9.17,E,8,98.0,E,8,872.5394,E,8,999.0,E,8,0.94,E,8,-9900,?,9,-9900,?,9,0.0,E,8,-9900,?,9,-9900,?,9,0.0,0.0,E,8
08/05/2021,07:00,49.198,1326.602,0.0,1,8,0.0,1,8,0.0,1,8,0.0,1,8,0.0,1,8,0.0,1,8,0.0,1,8,-9900,?,9,-9900,?,9,9.26,E,8,9.11,E,8,98.0,E,8,872.5394,E,8,999.0,E,8,0.94,E,8,-9900,?,9,-9900,?,9,0.0,E,8,-9900,?,9,-9900,?,9,0.0,0.0,E,8
08/05/2021,08:00,340.567,1326.602,26.96,1,8,0.0,1,8,26.96,1,8,3235.2,1,8,0.0,1,8,2965.6,1,8,33.564,1,8,-9900,?,9,-9900,?,9,9.06,E,8,9.04,E,8,99.0,E,8,872.5394,E,8,999.0,E,8,0.94,E,8,-9900,?,9,-9900,?,9,0.0,E,8,-9900,?,9,-9900,?,9,0.0,0.0,E,8
08/05/2021,09:00,604.045,1326.602,126.21,1,8,0.0,1,8,126.21,1,8,15145.2,1,8,0.0,1,8,13883.1,1,8,88.328,1,8,-9900,?,9,-9900,?,9,11.41,E,8,9.82,E,8,89.0,E,8,872.5394,E,8,999.0,E,8,0.94,E,8,-9900,?,9,-9900,?,9,0.0,E,8,-9900,?,9,-9900,?,9,0.0,0.0,E,8
08/05/2021,10:00,817.38,1326.602,212.29,1,8,3.709,1,8,210.006,1,8,25474.8,1,8,352.331,1,8,23100.657,1,8,108.544,1,8,-9900,?,9,-9900,?,9,12.79,E,8,10.26,E,8,84.0,E,8,872.5394,E,8,999.0,E,8,0.94,E,8,-9900,?,9,-9900,?,9,0.0,E,8,-9900,?,9,-9900,?,9,0.0,0.0,E,8
08/05/2021,11:00,965.726,1326.602,277.82,1,8,5.632,1,8,273.721,1,8,33338.4,1,8,535.027,1,8,30109.337,1,8,119.718,1,8,-9900,?,9,-9900,?,9,13.98,E,8,10.63,E,8,80.0,E,8,872.5394,E,8,999.0,E,8,0.94,E,8,-9900,?,9,-9900,?,9,0.0,E,8,-9900,?,9,-9900,?,9,0.0,0.0,E,8
08/05/2021,12:00,1038.896,1326.602,318.14,1,8,5.659,1,8,313.709,1,8,38176.8,1,8,537.591,1,8,34508.015,1,8,127.534,1,8,-9900,?,9,-9900,?,9,14.95,E,8,10.93,E,8,76.0,E,8,872.5394,E,8,999.0,E,8,0.94,E,8,-9900,?,9,-9900,?,9,0.0,E,8,-9900,?,9,-9900,?,9,0.0,0.0,E,8
08/05/2021,13:00,1031.879,1326.602,330.2,1,8,20.731,1,8,314.078,1,8,39624.0,1,8,1969.409,1,8,34548.588,1,8,128.553,1,8,-9900,?,9,-9900,?,9,15.65,E,8,11.14,E,8,74.0,E,8,872.5394,E,8,999.0,E,8,0.94,E,8,-9900,?,9,-9900,?,9,0.0,E,8,-9900,?,9,-9900,?,9,0.0,0.0,E,8
08/05/2021,14:00,945.151,1326.602,313.12,1,8,14.14,1,8,303.049,1,8,37574.4,1,8,1343.281,1,8,33335.37,1,8,135.433,1,8,-9900,?,9,-9900,?,9,16.08,E,8,11.27,E,8,73.0,E,8,872.5394,E,8,999.0,E,8,0.94,E,8,-9900,?,9,-9900,?,9,0.0,E,8,-9900,?,9,-9900,?,9,0.0,0.0,E,8
08/05/2021,15:00,784.648,1326.602,268.14,1,8,17.768,1,8,257.636,1,8,32176.8,1,8,1687.962,1,8,28340.009,1,8,138.727,1,8,-9900,?,9,-9900,?,9,16.22,E,8,11.31,E,8,72.0,E,8,872.5394,E,8,999.0,E,8,0.94,E,8,-9900,?,9,-9900,?,9,0.0,E,8,-9900,?,9,-9900,?,9,0.0,0.0,E,8
08/05/2021,16:00,561.396,1326.602,198.71,1,8,30.338,1,8,185.889,1,8,23845.2,1,8,2882.111,1,8,20447.747,1,8,140.009,1,8,-9900,?,9,-9900,?,9,16.02,E,8,11.25,E,8,73.0,E,8,872.5394,E,8,999.0,E,8,0.94,E,8,-9900,?,9,-9900,?,9,0.0,E,8,-9900,?,9,-9900,?,9,0.0,0.0,E,8
08/05/2021,17:00,291.034,1326.602,110.89,1,8,119.622,1,8,84.794,1,8,13306.8,1,8,11364.066,1,8,9327.378,1,8,123.725,1,8,-9900,?,9,-9900,?,9,15.4,E,8,11.06,E,8,75.0,E,8,872.5394,E,8,999.0,E,8,0.94,E,8,-9900,?,9,-9900,?,9,0.0,E,8,-9900,?,9,-9900,?,9,0.0,0.0,E,8
08/05/2021,18:00,1.832,1326.602,19.82,1,8,0.0,1,8,0.0,1,8,2378.4,1,8,0.0,1,8,0.0,1,8,-0.0,1,8,-9900,?,9,-9900,?,9,14.46,E,8,10.78,E,8,78.0,E,8,872.5394,E,8,999.0,E,8,0.94,E,8,-9900,?,9,-9900,?,9,0.0,E,8,-9900,?,9,-9900,?,9,0.0,0.0,E,8
08/05/2021,19:00,0.0,1326.602,0.0,1,8,0.0,1,8,0.0,1,8,0.0,1,8,0.0,1,8,0.0,1,8,-0.0,1,8,-9900,?,9,-9900,?,9,13.86,E,8,10.6,E,8,80.0,E,8,872.5394,E,8,999.0,E,8,0.94,E,8,-9900,?,9,-9900,?,9,0.0,E,8,-9900,?,9,-9900,?,9,0.0,0.0,E,8
08/05/2021,20:00,0.0,1326.602,0.0,1,8,0.0,1,8,0.0,1,8,0.0,1,8,0.0,1,8,0.0,1,8,-0.0,1,8,-9900,?,9,-9900,?,9,13.26,E,8,10.41,E,8,82.0,E,8,872.5394,E,8,999.0,E,8,0.94,E,8,-9900,?,9,-9900,?,9,0.0,E,8,-9900,?,9,-9900,?,9,0.0,0.0,E,8
08/05/2021,21:00,0.0,1326.602,0.0,1,8,0.0,1,8,0.0,1,8,0.0,1,8,0.0,1,8,0.0,1,8,-0.0,1,8,-9900,?,9,-9900,?,9,12.65,E,8,10.22,E,8,85.0,E,8,872.5394,E,8,999.0,E,8,0.94,E,8,-9900,?,9,-9900,?,9,0.0,E,8,-9900,?,9,-9900,?,9,0.0,0.0,E,8
08/05/2021,22:00,0.0,1326.602,0.0,1,8,0.0,1,8,0.0,1,8,0.0,1,8,0.0,1,8,0.0,1,8,-0.0,1,8,-9900,?,9,-9900,?,9,12.05,E,8,10.03,E,8,87.0,E,8,872.5394,E,8,999.0,E,8,0.94,E,8,-9900,?,9,-9900,?,9,0.0,E,8,-9900,?,9,-9900,?,9,0.0,0.0,E,8
08/05/2021,23:00,0.0,1326.602,0.0,1,8,0.0,1,8,0.0,1,8,0.0,1,8,0.0,1,8,0.0,1,8,-0.0,1,8,-9900,?,9,-9900,?,9,11.45,E,8,9.83,E,8,89.0,E,8,872.5394,E,8,999.0,E,8,0.94,E,8,-9900,?,9,-9900,?,9,0.0,E,8,-9900,?,9,-9900,?,9,0.0,0.0,E,8
08/05/2021,24:00,0.0,1326.602,0.0,1,8,0.0,1,8,0.0,1,8,0.0,1,8,0.0,1,8,0.0,1,8,-0.0,1,8,-9900,?,9,-9900,?,9,10.84,E,8,8.01,E,8,82.0,E,8,872.5394,E,8,999.0,E,8,0.83,E,8,-9900,?,9,-9900,?,9,0.0,E,8,-9900,?,9,-9900,?,9,0.0,0.0,E,8
08/06/2021,01:00,0.0,1326.602,0.0,1,8,0.0,1,8,0.0,1,8,0.0,1,8,0.0,1,8,0.0,1,8,-0.0,1,8,-9900,?,9,-9900,?,9,10.54,E,8,7.99,E,8,84.0,E,8,872.5394,E,8,999.0,E,8,0.83,E,8,-9900,?,9,-9900,?,9,0.0,E,8,-9900,?,9,-9900,?,9,0.0,0.0,E,8
08/06/2021,02:00,0.0,1326.602,0.0,1,8,0.0,1,8,0.0,1,8,0.0,1,8,0.0,1,8,0.0,1,8,-0.0,1,8,-9900,?,9,-9900,?,9,10.24,E,8,7.97,E,8,85.0,E,8,872.5394,E,8,999.0,E,8,0.83,E,8,-9900,?,9,-9900,?,9,0.0,E,8,-9900,?,9,-9900,?,9,0.0,0.0,E,8
08/06/2021,03:00,0.0,1326.602,0.0,1,8,0.0,1,8,0.0,1,8,0.0,1,8,0.0,1,8,0.0,1,8,-0.0,1,8,-9900,?,9,-9900,?,9,9.94,E,8,7.95,E,8,87.0,E,8,872.5394,E,8,999.0,E,8,0.83,E,8,-9900,?,9,-9900,?,9,0.0,E,8,-9900,?,9,-9900,?,9,0.0,0.0,E,8
08/06/2021,04:00,0.0,1326.992,0.0,1,8,0.0,1,8,0.0,1,8,0.0,1,8,0.0,1,8,0.0,1,8,-0.0,1,8,-9900,?,9,-9900,?,9,9.64,E,8,7.93,E,8,89.0,E,8,872.5394,E,8,999.0,E,8,0.83,E,8,-9900,?,9,-9900,?,9,0.0,E,8,-9900,?,9,-9900,?,9,0.0,0.0,E,8
08/06/2021,05:00,0.0,1326.992,0.0,1,8,0.0,1,8,0.0,1,8,0.0,1,8,0.0,1,8,0.0,1,8,-0.0,1,8,-9900,?,9,-9900,?,9,9.33,E,8,7.91,E,8,90.0,E,8,872.5394,E,8,999.0,E,8,0.83,E,8,-9900,?,9,-9900,?,9,0.0,E,8,-9900,?,9,-9900,?,9,0.0,0.0,E,8
08/06/2021,06:00,0.0,1326.992,0.0,1,8,0.0,1,8,0.0,1,8,0.0,1,8,0.0,1,8,0.0,1,8,-0.0,1,8,-9900,?,9,-9900,?,9,9.1,E,8,7.89,E,8,92.0,E,8,872.5394,E,8,999.0,E,8,0.83,E,8,-9900,?,9,-9900,?,9,0.0,E,8,-9900,?,9,-9900,?,9,0.0,0.0,E,8
08/06/2021,07:00,51.998,1326.992,0.0,1,8,0.0,1,8,0.0,1,8,0.0,1,8,0.0,1,8,0.0,1,8,0.0,1,8,-9900,?,9,-9900,?,9,8.9,E,8,7.88,E,8,93.0,E,8,872.5394,E,8,999.0,E,8,0.83,E,8,-9900,?,9,-9900,?,9,0.0,E,8,-9900,?,9,-9900,?,9,0.0,0.0,E,8
08/06/2021,08:00,344.031,1326.992,57.77,1,8,0.0,1,8,57.77,1,8,6932.4,1,8,0.0,1,8,6354.7,1,8,71.212,1,8,-9900,?,9,-9900,?,9,8.7,E,8,7.87,E,8,94.0,E,8,872.5394,E,8,999.0,E,8,0.83,E,8,-9900,?,9,-9900,?,9,0.0,E,8,-9900,?,9,-9900,?,9,0.0,0.0,E,8
08/06/2021,09:00,607.905,1326.992,212.34,1,8,39.657,1,8,194.193,1,8,25480.8,1,8,3767.458,1,8,21361.185,1,8,135.081,1,8,-9900,?,9,-9900,?,9,12.01,E,8,8.09,E,8,76.0,E,8,872.5394,E,8,999.0,E,8,0.83,E,8,-9900,?,9,-9900,?,9,0.0,E,8,-9900,?,9,-9900,?,9,0.0,0.0,E,8
08/06/2021,10:00,821.511,1326.992,353.54,1,8,82.629,1,8,302.41,1,8,42424.8,1,8,7849.747,1,8,33265.144,1,8,155.563,1,8,-9900,?,9,-9900,?,9,13.8,E,8,8.21,E,8,68.0,E,8,872.5394,E,8,999.0,E,8,0.83,E,8,-9900,?,9,-9900,?,9,0.0,E,8,-9900,?,9,-9900,?,9,0.0,0.0,E,8
08/06/2021,11:00,969.991,1326.992,462.06,1,8,148.304,1,8,353.682,1,8,55447.2,1,8,14088.847,1,8,38905.051,1,8,154.055,1,8,-9900,?,9,-9900,?,9,15.35,E,8,8.31,E,8,62.0,E,8,872.5394,E,8,999.0,E,8,0.83,E,8,-9900,?,9,-9900,?,9,0.0,E,8,-9900,?,9,-9900,?,9,0.0,0.0,E,8
08/06/2021,12:00,1043.149,1326.992,528.78,1,8,153.744,1,8,407.944,1,8,63453.6,1,8,14605.652,1,8,44873.837,1,8,165.216,1,8,-9900,?,9,-9900,?,9,16.61,E,8,8.39,E,8,58.0,E,8,872.5394,E,8,999.0,E,8,0.83,E,8,-9900,?,9,-9900,?,9,0.0,E,8,-9900,?,9,-9900,?,9,0.0,0.0,E,8
08/06/2021,13:00,1035.975,1326.992,548.68,1,8,183.89,1,8,405.146,1,8,65841.6,1,8,17469.507,1,8,44566.009,1,8,165.22,1,8,-9900,?,9,-9900,?,9,17.53,E,8,8.45,E,8,55.0,E,8,872.5394,E,8,999.0,E,8,0.83,E,8,-9900,?,9,-9900,?,9,0.0,E,8,-9900,?,9,-9900,?,9,0.0,0.0,E,8
08/06/2021,14:00,948.956,1326.992,520.28,1,8,261.838,1,8,333.087,1,8,62433.6,1,8,24874.624,1,8,36639.608,1,8,148.304,1,8,-9900,?,9,-9900,?,9,18.09,E,8,8.49,E,8,53.0,E,8,872.5394,E,8,999.0,E,8,1.21,E,8,-9900,?,9,-9900,?,9,0.0,E,8,-9900,?,9,-9900,?,9,0.0,0.0,E,8
08/06/2021,15:00,788.047,1326.992,445.68,1,8,311.31,1,8,260.905,1,8,53481.6,1,8,29574.434,1,8,28699.554,1,8,139.921,1,8,-9900,?,9,-9900,?,9,18.28,E,8,8.5,E,8,52.0,E,8,872.5394,E,8,999.0,E,8,2.04,E,8,-9900,?,9,-9900,?,9,0.0,E,8,-9900,?,9,-9900,?,9,0.0,0.0,E,8
08/06/2021,16:00,564.304,1326.992,330.56,1,8,413.265,1,8,155.051,1,8,39667.2,1,8,39260.131,1,8,17055.617,1,8,116.213,1,8,-9900,?,9,-9900,?,9,18.0,E,8,8.48,E,8,53.0,E,8,872.5394,E,8,999.0,E,8,1.6,E,8,-9900,?,9,-9900,?,9,0.0,E,8,-9900,?,9,-9900,?,9,0.0,0.0,E,8
08/06/2021,17:00,293.391,1326.992,184.97,1,8,543.987,1,8,65.362,1,8,22196.4,1,8,51678.755,1,8,7189.779,1,8,94.624,1,8,-9900,?,9,-9900,?,9,17.17,E,8,8.43,E,8,56.0,E,8,872.5394,E,8,999.0,E,8,1.09,E,8,-9900,?,9,-9900,?,9,0.0,E,8,-9900,?,9,-9900,?,9,0.0,0.0,E,8
08/06/2021,18:00,3.351,1326.992,33.68,1,8,0.0,1,8,0.0,1,8,4041.6,1,8,0.0,1,8,0.0,1,8,-0.0,1,8,-9900,?,9,-9900,?,9,15.92,E,8,8.35,E,8,60.0,E,8,872.5394,E,8,999.0,E,8,0.83,E,8,-9900,?,9,-9900,?,9,0.0,E,8,-9900,?,9,-9900,?,9,0.0,0.0,E,8
08/06/2021,19:00,0.0,1326.992,0.0,1,8,0.0,1,8,0.0,1,8,0.0,1,8,0.0,1,8,0.0,1,8,-0.0,1,8,-9900,?,9,-9900,?,9,15.14,E,8,8.3,E,8,63.0,E,8,872.5394,E,8,999.0,E,8,0.83,E,8,-9900,?,9,-9900,?,9,0.0,E,8,-9900,?,9,-9900,?,9,0.0,0.0,E,8
08/06/2021,20:00,0.0,1326.992,0.0,1,8,0.0,1,8,0.0,1,8,0.0,1,8,0.0,1,8,0.0,1,8,-0.0,1,8,-9900,?,9,-9900,?,9,14.36,E,8,8.24,E,8,66.0,E,8,872.5394,E,8,999.0,E,8,0.83,E,8,-9900,?,9,-9900,?,9,0.0,E,8,-9900,?,9,-9900,?,9,0.0,0.0,E,8
08/06/2021,21:00,0.0,1326.992,0.0,1,8,0.0,1,8,0.0,1,8,0.0,1,8,0.0,1,8,0.0,1,8,-0.0,1,8,-9900,?,9,-9900,?,9,13.58,E,8,8.19,E,8,69.0,E,8,872.5394,E,8,999.0,E,8,0.83,E,8,-9900,?,9,-9900,?,9,0.0,E,8,-9900,?,9,-9900,?,9,0.0,0.0,E,8
08/06/2021,22:00,0.0,1326.992,0.0,1,8,0.0,1,8,0.0,1,8,0.0,1,8,0.0,1,8,0.0,1,8,-0.0,1,8,-9900,?,9,-9900,?,9,12.81,E,8,8.14,E,8,73.0,E,8,872.5394,E,8,999.0,E,8,0.83,E,8,-9900,?,9,-9900,?,9,0.0,E,8,-9900,?,9,-9900,?,9,0.0,0.0,E,8
08/06/2021,23:00,0.0,1326.992,0.0,1,8,0.0,1,8,0.0,1,8,0.0,1,8,0.0,1,8,0.0,1,8,-0.0,1,8,-9900,?,9,-9900,?,9,12.03,E,8,8.09,E,8,76.0,E,8,872.5394,E,8,999.0,E,8,0.83,E,8,-9900,?,9,-9900,?,9,0.0,E,8,-9900,?,9,-9900,?,9,0.0,0.0,E,8
08/06/2021,24:00,0.0,1326.992,0.0,1,8,0.0,1,8,0.0,1,8,0.0,1,8,0.0,1,8,0.0,1,8,-0.0,1,8,-9900,?,9,-9900,?,9,11.25,E,8,8.48,E,8,83.0,E,8,872.5394,E,8,999.0,E,8,0.37,E,8,-9900,?,9,-9900,?,9,0.0,E,8,-9900,?,9,-9900,?,9,0.0,0.0,E,8
08/07/2021,01:00,0.0,1326.992,0.0,1,8,0.0,1,8,0.0,1,8,0.0,1,8,0.0,1,8,0.0,1,8,-0.0,1,8,-9900,?,9,-9900,?,9,10.86,E,8,8.36,E,8,84.0,E,8,872.5394,E,8,999.0,E,8,0.37,E,8,-9900,?,9,-9900,?,9,0.0,E,8,-9900,?,9,-9900,?,9,0.0,0.0,E,8
08/07/2021,02:00,0.0,1326.992,0.0,1,8,0.0,1,8,0.0,1,8,0.0,1,8,0.0,1,8,0.0,1,8,-0.0,1,8,-9900,?,9,-9900,?,9,10.47,E,8,8.23,E,8,85.0,E,8,872.5394,E,8,999.0,E,8,0.37,E,8,-9900,?,9,-9900,?,9,0.0,E,8,-9900,?,9,-9900,?,9,0.0,0.0,E,8
08/07/2021,03:00,0.0,1326.992,0.0,1,8,0.0,1,8,0.0,1,8,0.0,1,8,0.0,1,8,0.0,1,8,-0.0,1,8,-9900,?,9,-9900,?,9,10.08,E,8,8.1,E,8,87.0,E,8,872.5394,E,8,999.0,E,8,0.37,E,8,-9900,?,9,-9900,?,9,0.0,E,8,-9900,?,9,-9900,?,9,0.0,0.0,E,8
08/07/2021,04:00,0.0,1327.393,0.0,1,8,0.0,1,8,0.0,1,8,0.0,1,8,0.0,1,8,0.0,1,8,-0.0,1,8,-9900,?,9,-9900,?,9,9.69,E,8,7.97,E,8,89.0,E,8,872.5394,E,8,999.0,E,8,0.37,E,8,-9900,?,9,-9900,?,9,0.0,E,8,-9900,?,9,-9900,?,9,0.0,0.0,E,8
08/07/2021,05:00,0.0,1327.393,0.0,1,8,0.0,1,8,0.0,1,8,0.0,1,8,0.0,1,8,0.0,1,8,-0.0,1,8,-9900,?,9,-9900,?,9,9.3,E,8,7.84,E,8,90.0,E,8,872.5394,E,8,999.0,E,8,0.37,E,8,-9900,?,9,-9900,?,9,0.0,E,8,-9900,?,9,-9900,?,9,0.0,0.0,E,8
08/07/2021,06:00,0.0,1327.393,0.0,1,8,0.0,1,8,0.0,1,8,0.0,1,8,0.0,1,8,0.0,1,8,-0.0,1,8,-9900,?,9,-9900,?,9,9.0,E,8,7.74,E,8,91.0,E,8,872.5394,E,8,999.0,E,8,0.37,E,8,-9900,?,9,-9900,?,9,0.0,E,8,-9900,?,9,-9900,?,9,0.0,0.0,E,8
08/07/2021,07:00,54.895,1327.393,0.0,1,8,0.0,1,8,0.0,1,8,0.0,1,8,0.0,1,8,0.0,1,8,0.0,1,8,-9900,?,9,-9900,?,9,8.74,E,8,7.66,E,8,92.0,E,8,872.5394,E,8,999.0,E,8,0.37,E,8,-9900,?,9,-9900,?,9,0.0,E,8,-9900,?,9,-9900,?,9,0.0,0.0,E,8
08/07/2021,08:00,347.588,1327.393,49.2,1,8,0.0,1,8,49.2,1,8,5904.0,1,8,0.0,1,8,5412.0,1,8,60.041,1,8,-9900,?,9,-9900,?,9,8.48,E,8,7.57,E,8,93.0,E,8,872.5394,E,8,999.0,E,8,0.37,E,8,-9900,?,9,-9900,?,9,0.0,E,8,-9900,?,9,-9900,?,9,0.0,0.0,E,8
08/07/2021,09:00,611.852,1327.393,177.65,1,8,15.389,1,8,170.564,1,8,21318.0,1,8,1461.986,1,8,18762.049,1,8,117.913,1,8,-9900,?,9,-9900,?,9,12.12,E,8,8.76,E,8,79.0,E,8,872.5394,E,8,999.0,E,8,0.37,E,8,-9900,?,9,-9900,?,9,0.0,E,8,-9900,?,9,-9900,?,9,0.0,0.0,E,8
08/07/2021,10:00,825.722,1327.393,294.77,1,8,17.526,1,8,283.873,1,8,35372.4,1,8,1664.982,1,8,31225.999,1,8,145.325,1,8,-9900,?,9,-9900,?,9,14.05,E,8,9.36,E,8,73.0,E,8,872.5394,E,8,999.0,E,8,0.37,E,8,-9900,?,9,-9900,?,9,0.0,E,8,-9900,?,9,-9900,?,9,0.0,0.0,E,8
08/07/2021,11:00,974.324,1327.393,384.73,1,8,69.416,1,8,333.791,1,8,46167.6,1,8,6594.495,1,8,36716.983,1,8,144.787,1,8,-9900,?,9,-9900,?,9,15.74,E,8,9.86,E,8,68.0,E,8,872.5394,E,8,999.0,E,8,0.38,E,8,-9900,?,9,-9900,?,9,0.0,E,8,-9900,?,9,-9900,?,9,0.0,0.0,E,8
08/07/2021,12:00,1047.457,1327.393,440.01,1,8,71.985,1,8,383.216,1,8,52801.2,1,8,6838.544,1,8,42153.805,1,8,154.609,1,8,-9900,?,9,-9900,?,9,17.11,E,8,10.26,E,8,64.0,E,8,872.5394,E,8,999.0,E,8,1.33,E,8,-9900,?,9,-9900,?,9,0.0,E,8,-9900,?,9,-9900,?,9,0.0,0.0,E,8
08/07/2021,13:00,1040.112,1327.393,456.43,1,8,86.368,1,8,388.767,1,8,54771.6,1,8,8204.947,1,8,42764.349,1,8,157.957,1,8,-9900,?,9,-9900,?,9,18.1,E,8,10.55,E,8,61.0,E,8,872.5394,E,8,999.0,E,8,2.4,E,8,-9900,?,9,-9900,?,9,0.0,E,8,-9900,?,9,-9900,?,9,0.0,0.0,E,8
08/07/2021,14:00,952.788,1327.393,432.8,1,8,124.527,1,8,343.441,1,8,51936.0,1,8,11830.064,1,8,37778.466,1,8,152.344,1,8,-9900,?,9,-9900,?,9,18.71,E,8,10.72,E,8,59.0,E,8,872.5394,E,8,999.0,E,8,3.28,E,8,-9900,?,9,-9900,?,9,0.0,E,8,-9900,?,9,-9900,?,9,0.0,0.0,E,8
08/07/2021,15:00,791.461,1327.393,370.84,1,8,119.768,1,8,299.466,1,8,44500.8,1,8,11378.007,1,8,32941.226,1,8,159.955,1,8,-9900,?,9,-9900,?,9,18.92,E,8,10.78,E,8,59.0,E,8,872.5394,E,8,999.0,E,8,3.0,E,8,-9900,?,9,-9900,?,9,0.0,E,8,-9900,?,9,-9900,?,9,0.0,0.0,E,8
08/07/2021,16:00,567.215,1327.393,275.29,1,8,203.757,1,8,188.335,1,8,33034.8,1,8,19356.915,1,8,20716.877,1,8,140.476,1,8,-9900,?,9,-9900,?,9,18.61,E,8,10.69,E,8,59.0,E,8,872.5394,E,8,999.0,E,8,2.72,E,8,-9900,?,9,-9900,?,9,0.0,E,8,-9900,?,9,-9900,?,9,0.0,0.0,E,8
08/07/2021,17:00,295.743,1327.393,154.44,1,8,412.204,1,8,63.1,1,8,18532.8,1,8,39159.387,1,8,6941.052,1,8,90.643,1,8,-9900,?,9,-9900,?,9,17.71,E,8,10.44,E,8,62.0,E,8,872.5394,E,8,999.0,E,8,1.8,E,8,-9900,?,9,-9900,?,9,0.0,E,8,-9900,?,9,-9900,?,9,0.0,0.0,E,8
08/07/2021,18:00,4.865,1327.393,28.63,1,8,0.0,1,8,0.0,1,8,3435.6,1,8,0.0,1,8,0.0,1,8,-0.0,1,8,-9900,?,9,-9900,?,9,16.35,E,8,10.04,E,8,66.0,E,8,872.5394,E,8,999.0,E,8,1.41,E,8,-9900,?,9,-9900,?,9,0.0,E,8,-9900,?,9,-9900,?,9,0.0,0.0,E,8
08/07/2021,19:00,0.0,1327.393,0.0,1,8,0.0,1,8,0.0,1,8,0.0,1,8,0.0,1,8,0.0,1,8,-0.0,1,8,-9900,?,9,-9900,?,9,15.47,E,8,9.79,E,8,68.0,E,8,872.5394,E,8,999.0,E,8,0.69,E,8,-9900,?,9,-9900,?,9,0.0,E,8,-9900,?,9,-9900,?,9,0.0,0.0,E,8
08/07/2021,20:00,0.0,1327.393,0.0,1,8,0.0,1,8,0.0,1,8,0.0,1,8,0.0,1,8,0.0,1,8,-0.0,1,8,-9900,?,9,-9900,?,9,14.6,E,8,9.53,E,8,71.0,E,8,872.5394,E,8,999.0,E,8,0.37,E,8,-9900,?,9,-9900,?,9,0.0,E,8,-9900,?,9,-9900,?,9,0.0,0.0,E,8
08/07/2021,21:00,0.0,1327.393,0.0,1,8,0.0,1,8,0.0,1,8,0.0,1,8,0.0,1,8,0.0,1,8,-0.0,1,8,-9900,?,9,-9900,?,9,13.72,E,8,9.26,E,8,74.0,E,8,872.5394,E,8,999.0,E,8,0.38,E,8,-9900,?,9,-9900,?,9,0.0,E,8,-9900,?,9,-9900,?,9,0.0,0.0,E,8
08/07/2021,22:00,0.0,1327.393,0.0,1,8,0.0,1,8,0.0,1,8,0.0,1,8,0.0,1,8,0.0,1,8,-0.0,1,8,-9900,?,9,-9900,?,9,12.85,E,8,8.99,E,8,77.0,E,8,872.5394,E,8,999.0,E,8,0.37,E,8,-9900,?,9,-9900,?,9,0.0,E,8,-9900,?,9,-9900,?,9,0.0,0.0,E,8
08/07/2021,23:00,0.0,1327.393,0.0,1,8,0.0,1,8,0.0,1,8,0.0,1,8,0.0,1,8,0.0,1,8,-0.0,1,8,-9900,?,9,-9900,?,9,11.97,E,8,8.71,E,8,80.0,E,8,872.5394,E,8,999.0,E,8,0.37,E,8,-9900,?,9,-9900,?,9,0.0,E,8,-9900,?,9,-9900,?,9,0.0,0.0,E,8
08/07/2021,24:00,0.0,1327.393,0.0,1,8,0.0,1,8,0.0,1,8,0.0,1,8,0.0,1,8,0.0,1,8,-0.0,1,8,-9900,?,9,-9900,?,9,11.1,E,8,7.87,E,8,80.0,E,8,872.5394,E,8,999.0,E,8,1.76,E,8,-9900,?,9,-9900,?,9,0.0,E,8,-9900,?,9,-9900,?,9,0.0,0.0,E,8
08/08/2021,01:00,0.0,1327.393,0.0,1,8,0.0,1,8,0.0,1,8,0.0,1,8,0.0,1,8,0.0,1,8,-0.0,1,8,-9900,?,9,-9900,?,9,10.66,E,8,7.76,E,8,82.0,E,8,872.5394,E,8,999.0,E,8,1.98,E,8,-9900,?,9,-9900,?,9,0.0,E,8,-9900,?,9,-9900,?,9,0.0,0.0,E,8
08/08/2021,02:00,0.0,1327.393,0.0,1,8,0.0,1,8,0.0,1,8,0.0,1,8,0.0,1,8,0.0,1,8,-0.0,1,8,-9900,?,9,-9900,?,9,10.22,E,8,7.65,E,8,84.0,E,8,872.5394,E,8,999.0,E,8,1.3,E,8,-9900,?,9,-9900,?,9,0.0,E,8,-9900,?,9,-9900,?,9,0.0,0.0,E,8
08/08/2021,03:00,0.0,1327.393,0.0,1,8,0.0,1,8,0.0,1,8,0.0,1,8,0.0,1,8,0.0,1,8,-0.0,1,8,-9900,?,9,-9900,?,9,9.78,E,8,7.54,E,8,85.0,E,8,872.5394,E,8,999.0,E,8,1.16,E,8,-9900,?,9,-9900,?,9,0.0,E,8,-9900,?,9,-9900,?,9,0.0,0.0,E,8
08/08/2021,04:00,0.0,1327.805,0.0,1,8,0.0,1,8,0.0,1,8,0.0,1,8,0.0,1,8,0.0,1,8,-0.0,1,8,-9900,?,9,-9900,?,9,9.35,E,8,7.43,E,8,87.0,E,8,872.5394,E,8,999.0,E,8,1.16,E,8,-9900,?,9,-9900,?,9,0.0,E,8,-9900,?,9,-9900,?,9,0.0,0.0,E,8
08/08/2021,05:00,0.0,1327.805,0.0,1,8,0.0,1,8,0.0,1,8,0.0,1,8,0.0,1,8,0.0,1,8,-0.0,1,8,-9900,?,9,-9900,?,9,8.91,E,8,7.32,E,8,89.0,E,8,872.5394,E,8,999.0,E,8,1.16,E,8,-9900,?,9,-9900,?,9,0.0,E,8,-9900,?,9,-9900,?,9,0.0,0.0,E,8
08/08/2021,06:00,0.0,1327.805,0.0,1,8,0.0,1,8,0.0,1,8,0.0,1,8,0.0,1,8,0.0,1,8,-0.0,1,8,-9900,?,9,-9900,?,9,8.57,E,8,7.23,E,8,91.0,E,8,872.5394,E,8,999.0,E,8,1.16,E,8,-9900,?,9,-9900,?,9,0.0,E,8,-9900,?,9,-9900,?,9,0.0,0.0,E,8
08/08/2021,07:00,57.889,1327.805,0.0,1,8,0.0,1,8,0.0,1,8,0.0,1,8,0.0,1,8,0.0,1,8,0.0,1,8,-9900,?,9,-9900,?,9,8.28,E,8,7.15,E,8,92.0,E,8,872.5394,E,8,999.0,E,8,1.16,E,8,-9900,?,9,-9900,?,9,0.0,E,8,-9900,?,9,-9900,?,9,0.0,0.0,E,8
08/08/2021,08:00,351.235,1327.805,41.16,1,8,0.0,1,8,41.16,1,8,4939.2,1,8,0.0,1,8,4527.6,1,8,49.719,1,8,-9900,?,9,-9900,?,9,7.99,E,8,7.08,E,8,93.0,E,8,872.5394,E,8,999.0,E,8,1.57,E,8,-9900,?,9,-9900,?,9,0.0,E,8,-9900,?,9,-9900,?,9,0.0,0.0,E,8
08/08/2021,09:00,615.885,1327.805,146.0,1,8,3.05,1,8,144.587,1,8,17520.0,1,8,289.744,1,8,15904.552,1,8,99.329,1,8,-9900,?,9,-9900,?,9,10.93,E,8,7.83,E,8,81.0,E,8,872.5394,E,8,999.0,E,8,1.62,E,8,-9900,?,9,-9900,?,9,0.0,E,8,-9900,?,9,-9900,?,9,0.0,0.0,E,8
08/08/2021,10:00,830.009,1327.805,241.4,1,8,5.796,1,8,237.778,1,8,28968.0,1,8,550.647,1,8,26155.625,1,8,121.136,1,8,-9900,?,9,-9900,?,9,12.47,E,8,8.2,E,8,75.0,E,8,872.5394,E,8,999.0,E,8,1.33,E,8,-9900,?,9,-9900,?,9,0.0,E,8,-9900,?,9,-9900,?,9,0.0,0.0,E,8
08/08/2021,11:00,978.723,1327.805,314.64,1,8,8.095,1,8,308.675,1,8,37756.8,1,8,768.991,1,8,33954.242,1,8,133.332,1,8,-9900,?,9,-9900,?,9,13.82,E,8,8.53,E,8,70.0,E,8,872.5394,E,8,999.0,E,8,1.16,E,8,-9900,?,9,-9900,?,9,0.0,E,8,-9900,?,9,-9900,?,9,0.0,0.0,E,8
08/08/2021,12:00,1051.818,1327.805,359.61,1,8,8.093,1,8,353.2,1,8,43153.2,1,8,768.86,1,8,38852.006,1,8,141.952,1,8,-9900,?,9,-9900,?,9,14.91,E,8,8.78,E,8,66.0,E,8,872.5394,E,8,999.0,E,8,1.16,E,8,-9900,?,9,-9900,?,9,0.0,E,8,-9900,?,9,-9900,?,9,0.0,0.0,E,8
08/08/2021,13:00,1044.288,1327.805,372.92,1,8,9.516,1,8,365.437,1,8,44750.4,1,8,904.006,1,8,40198.11,1,8,147.93,1,8,-9900,?,9,-9900,?,9,15.7,E,8,8.97,E,8,64.0,E,8,872.5394,E,8,999.0,E,8,1.16,E,8,-9900,?,9,-9900,?,9,0.0,E,8,-9900,?,9,-9900,?,9,0.0,0.0,E,8
08/08/2021,14:00,956.645,1327.805,353.6,1,8,13.858,1,8,343.619,1,8,42432.0,1,8,1316.476,1,8,37798.055,1,8,151.855,1,8,-9900,?,9,-9900,?,9,16.19,E,8,9.08,E,8,62.0,E,8,872.5394,E,8,999.0,E,8,1.16,E,8,-9900,?,9,-9900,?,9,0.0,E,8,-9900,?,9,-9900,?,9,0.0,0.0,E,8
08/08/2021,15:00,794.887,1327.805,303.06,1,8,18.109,1,8,292.225,1,8,36367.2,1,8,1720.363,1,8,32144.721,1,8,155.462,1,8,-9900,?,9,-9900,?,9,16.35,E,8,9.12,E,8,62.0,E,8,872.5394,E,8,999.0,E,8,1.16,E,8,-9900,?,9,-9900,?,9,0.0,E,8,-9900,?,9,-9900,?,9,0.0,0.0,E,8
08/08/2021,16:00,570.126,1327.805,225.16,1,8,89.612,1,8,186.732,1,8,27019.2,1,8,8513.164,1,8,20540.563,1,8,138.61,1,8,-9900,?,9,-9900,?,9,16.11,E,8,9.06,E,8,62.0,E,8,872.5394,E,8,999.0,E,8,1.16,E,8,-9900,?,9,-9900,?,9,0.0,E,8,-9900,?,9,-9900,?,9,0.0,0.0,E,8
08/08/2021,17:00,298.087,1327.805,126.63,1,8,133.198,1,8,96.888,1,8,15195.6,1,8,12653.802,1,8,10657.65,1,8,138.115,1,8,-9900,?,9,-9900,?,9,15.38,E,8,8.89,E,8,65.0,E,8,872.5394,E,8,999.0,E,8,1.16,E,8,-9900,?,9,-9900,?,9,0.0,E,8,-9900,?,9,-9900,?,9,0.0,0.0,E,8
08/08/2021,18:00,6.373,1327.805,23.89,1,8,0.0,1,8,0.0,1,8,2866.8,1,8,0.0,1,8,0.0,1,8,-0.0,1,8,-9900,?,9,-9900,?,9,14.3,E,8,8.64,E,8,68.0,E,8,872.5394,E,8,999.0,E,8,1.16,E,8,-9900,?,9,-9900,?,9,0.0,E,8,-9900,?,9,-9900,?,9,0.0,0.0,E,8
08/08/2021,19:00,0.0,1327.805,0.0,1,8,0.0,1,8,0.0,1,8,0.0,1,8,0.0,1,8,0.0,1,8,-0.0,1,8,-9900,?,9,-9900,?,9,13.59,E,8,8.47,E,8,71.0,E,8,872.5394,E,8,999.0,E,8,1.4,E,8,-9900,?,9,-9900,?,9,0.0,E,8,-9900,?,9,-9900,?,9,0.0,0.0,E,8
08/08/2021,20:00,0.0,1327.805,0.0,1,8,0.0,1,8,0.0,1,8,0.0,1,8,0.0,1,8,0.0,1,8,-0.0,1,8,-9900,?,9,-9900,?,9,12.89,E,8,8.31,E,8,73.0,E,8,872.5394,E,8,999.0,E,8,1.35,E,8,-9900,?,9,-9900,?,9,0.0,E,8,-9900,?,9,-9900,?,9,0.0,0.0,E,8
08/08/2021,21:00,0.0,1327.805,0.0,1,8,0.0,1,8,0.0,1,8,0.0,1,8,0.0,1,8,0.0,1,8,-0.0,1,8,-9900,?,9,-9900,?,9,12.19,E,8,8.14,E,8,76.0,E,8,872.5394,E,8,999.0,E,8,1.78,E,8,-9900,?,9,-9900,?,9,0.0,E,8,-9900,?,9,-9900,?,9,0.0,0.0,E,8
08/08/2021,22:00,0.0,1327.805,0.0,1,8,0.0,1,8,0.0,1,8,0.0,1,8,0.0,1,8,0.0,1,8,-0.0,1,8,-9900,?,9,-9900,?,9,11.48,E,8,7.96,E,8,78.0,E,8,872.5394,E,8,999.0,E,8,2.0,E,8,-9900,?,9,-9900,?,9,0.0,E,8,-9900,?,9,-9900,?,9,0.0,0.0,E,8
08/08/2021,23:00,0.0,1327.805,0.0,1,8,0.0,1,8,0.0,1,8,0.0,1,8,0.0,1,8,0.0,1,8,-0.0,1,8,-9900,?,9,-9900,?,9,10.78,E,8,7.79,E,8,81.0,E,8,872.5394,E,8,999.0,E,8,3.15,E,8,-9900,?,9,-9900,?,9,0.0,E,8,-9900,?,9,-9900,?,9,0.0,0.0,E,8
08/08/2021,24:00,0.0,1327.805,0.0,1,8,0.0,1,8,0.0,1,8,0.0,1,8,0.0,1,8,0.0,1,8,-0.0,1,8,-9900,?,9,-9900,?,9,10.08,E,8,7.62,E,8,84.0,E,8,872.5394,E,8,999.0,E,8,0.41,E,8,-9900,?,9,-9900,?,9,0.0,E,8,-9900,?,9,-9900,?,9,0.0,0.0,E,8
08/09/2021,01:00,0.0,1327.805,0.0,1,8,0.0,1,8,0.0,1,8,0.0,1,8,0.0,1,8,0.0,1,8,-0.0,1,8,-9900,?,9,-9900,?,9,9.72,E,8,7.53,E,8,86.0,E,8,872.5394,E,8,999.0,E,8,0.41,E,8,-9900,?,9,-9900,?,9,0.0,E,8,-9900,?,9,-9900,?,9,0.0,0.0,E,8
08/09/2021,02:00,0.0,1327.805,0.0,1,8,0.0,1,8,0.0,1,8,0.0,1,8,0.0,1,8,0.0,1,8,-0.0,1,8,-9900,?,9,-9900,?,9,9.37,E,8,7.44,E,8,87.0,E,8,872.5394,E,8,999.0,E,8,0.41,E,8,-9900,?,9,-9900,?,9,0.0,E,8,-9900,?,9,-9900,?,9,0.0,0.0,E,8
08/09/2021,03:00,0.0,1327.805,0.0,1,8,0.0,1,8,0.0,1,8,0.0,1,8,0.0,1,8,0.0,1,8,-0.0,1,8,-9900,?,9,-9900,?,9,9.02,E,8,7.36,E,8,89.0,E,8,872.5394,E,8,999.0,E,8,0.41,E,8,-9900,?,9,-9900,?,9,0.0,E,8,-9900,?,9,-9900,?,9,0.0,0.0,E,8
08/09/2021,04:00,0.0,1328.228,0.0,1,8,0.0,1,8,0.0,1,8,0.0,1,8,0.0,1,8,0.0,1,8,-0.0,1,8,-9900,?,9,-9900,?,9,8.67,E,8,7.27,E,8,90.0,E,8,872.5394,E,8,999.0,E,8,0.41,E,8,-9900,?,9,-9900,?,9,0.0,E,8,-9900,?,9,-9900,?,9,0.0,0.0,E,8
08/09/2021,05:00,0.0,1328.228,0.0,1,8,0.0,1,8,0.0,1,8,0.0,1,8,0.0,1,8,0.0,1,8,-0.0,1,8,-9900,?,9,-9900,?,9,8.32,E,8,7.18,E,8,92.0,E,8,872.5394,E,8,999.0,E,8,0.41,E,8,-9900,?,9,-9900,?,9,0.0,E,8,-9900,?,9,-9900,?,9,0.0,0.0,E,8
08/09/2021,06:00,0.0,1328.228,0.0,1,8,0.0,1,8,0.0,1,8,0.0,1,8,0.0,1,8,0.0,1,8,-0.0,1,8,-9900,?,9,-9900,?,9,8.04,E,8,7.11,E,8,93.0,E,8,872.5394,E,8,999.0,E,8,0.41,E,8,-9900,?,9,-9900,?,9,0.0,E,8,-9900,?,9,-9900,?,9,0.0,0.0,E,8
08/09/2021,07:00,60.979,1328.228,0.0,1,8,0.0,1,8,0.0,1,8,0.0,1,8,0.0,1,8,0.0,1,8,0.0,1,8,-9900,?,9,-9900,?,9,7.81,E,8,7.05,E,8,94.0,E,8,872.5394,E,8,999.0,E,8,0.41,E,8,-9900,?,9,-9900,?,9,0.0,E,8,-9900,?,9,-9900,?,9,0.0,0.0,E,8
08/09/2021,08:00,354.971,1328.228,47.12,1,8,0.0,1,8,47.12,1,8,5654.4,1,8,0.0,1,8,5183.2,1,8,56.332,1,8,-9900,?,9,-9900,?,9,7.58,E,8,6.99,E,8,96.0,E,8,872.5394,E,8,999.0,E,8,0.41,E,8,-9900,?,9,-9900,?,9,0.0,E,8,-9900,?,9,-9900,?,9,0.0,0.0,E,8
08/09/2021,09:00,620.001,1328.228,164.22,1,8,8.649,1,8,160.187,1,8,19706.4,1,8,821.638,1,8,17620.578,1,8,109.349,1,8,-9900,?,9,-9900,?,9,10.77,E,8,7.79,E,8,81.0,E,8,872.5394,E,8,999.0,E,8,0.41,E,8,-9900,?,9,-9900,?,9,0.0,E,8,-9900,?,9,-9900,?,9,0.0,0.0,E,8
08/09/2021,10:00,834.371,1328.228,270.57,1,8,11.736,1,8,263.201,1,8,32468.4,1,8,1114.911,1,8,28952.112,1,8,133.428,1,8,-9900,?,9,-9900,?,9,12.43,E,8,8.2,E,8,75.0,E,8,872.5394,E,8,999.0,E,8,0.41,E,8,-9900,?,9,-9900,?,9,0.0,E,8,-9900,?,9,-9900,?,9,0.0,0.0,E,8
08/09/2021,11:00,983.185,1328.228,352.16,1,8,12.027,1,8,343.259,1,8,42259.2,1,8,1142.57,1,8,37758.54,1,8,147.644,1,8,-9900,?,9,-9900,?,9,13.87,E,8,8.54,E,8,70.0,E,8,872.5394,E,8,999.0,E,8,0.63,E,8,-9900,?,9,-9900,?,9,0.0,E,8,-9900,?,9,-9900,?,9,0.0,0.0,E,8
08/09/2021,12:00,1056.229,1328.228,402.21,1,8,12.043,1,8,392.635,1,8,48265.2,1,8,1144.047,1,8,43189.868,1,8,157.191,1,8,-9900,?,9,-9900,?,9,15.04,E,8,8.81,E,8,66.0,E,8,872.5394,E,8,999.0,E,8,0.53,E,8,-9900,?,9,-9900,?,9,0.0,E,8,-9900,?,9,-9900,?,9,0.0,0.0,E,8
08/09/2021,13:00,1048.5,1328.228,416.97,1,8,57.872,1,8,371.294,1,8,50036.4,1,8,5497.88,1,8,40842.314,1,8,149.744,1,8,-9900,?,9,-9900,?,9,15.9,E,8,9.01,E,8,63.0,E,8,872.5394,E,8,999.0,E,8,1.56,E,8,-9900,?,9,-9900,?,9,0.0,E,8,-9900,?,9,-9900,?,9,0.0,0.0,E,8
08/09/2021,14:00,960.525,1328.228,395.35,1,8,83.126,1,8,335.252,1,8,47442.0,1,8,7897.0,1,8,36877.751,1,8,147.605,1,8,-9900,?,9,-9900,?,9,16.41,E,8,9.12,E,8,62.0,E,8,872.5394,E,8,999.0,E,8,2.5,E,8,-9900,?,9,-9900,?,9,0.0,E,8,-9900,?,9,-9900,?,9,0.0,0.0,E,8
08/09/2021,15:00,798.323,1328.228,338.93,1,8,110.034,1,8,272.829,1,8,40671.6,1,8,10453.276,1,8,30011.166,1,8,144.564,1,8,-9900,?,9,-9900,?,9,16.59,E,8,9.16,E,8,61.0,E,8,872.5394,E,8,999.0,E,8,3.38,E,8,-9900,?,9,-9900,?,9,0.0,E,8,-9900,?,9,-9900,?,9,0.0,0.0,E,8
08/09/2021,16:00,573.037,1328.228,212.73,1,8,64.02,1,8,185.145,1,8,25527.6,1,8,6081.935,1,8,20365.946,1,8,136.775,1,8,-9900,?,9,-9900,?,9,16.1,E,8,9.05,E,8,62.0,E,8,872.5394,E,8,999.0,E,8,2.9,E,8,-9900,?,9,-9900,?,9,0.0,E,8,-9900,?,9,-9900,?,9,0.0,0.0,E,8
08/09/2021,17:00,300.422,1328.228,118.86,1,8,100.715,1,8,96.2,1,8,14263.2,1,8,9567.916,1,8,10582.021,1,8,136.102,1,8,-9900,?,9,-9900,?,9,15.23,E,8,8.85,E,8,65.0,E,8,872.5394,E,8,999.0,E,8,2.36,E,8,-9900,?,9,-9900,?,9,0.0,E,8,-9900,?,9,-9900,?,9,0.0,0.0,E,8
08/09/2021,18:00,7.876,1328.228,17.82,1,8,0.0,1,8,0.0,1,8,2138.4,1,8,0.0,1,8,0.0,1,8,-0.0,1,8,-9900,?,9,-9900,?,9,14.04,E,8,8.58,E,8,69.0,E,8,872.5394,E,8,999.0,E,8,1.67,E,8,-9900,?,9,-9900,?,9,0.0,E,8,-9900,?,9,-9900,?,9,0.0,0.0,E,8
08/09/2021,19:00,0.0,1328.228,0.0,1,8,0.0,1,8,0.0,1,8,0.0,1,8,0.0,1,8,0.0,1,8,-0.0,1,8,-9900,?,9,-9900,?,9,13.42,E,8,8.43,E,8,71.0,E,8,872.5394,E,8,999.0,E,8,0.86,E,8,-9900,?,9,-9900,?,9,0.0,E,8,-9900,?,9,-9900,?,9,0.0,0.0,E,8
08/09/2021,20:00,0.0,1328.228,0.0,1,8,0.0,1,8,0.0,1,8,0.0,1,8,0.0,1,8,0.0,1,8,-0.0,1,8,-9900,?,9,-9900,?,9,12.81,E,8,8.29,E,8,73.0,E,8,872.5394,E,8,999.0,E,8,0.41,E,8,-9900,?,9,-9900,?,9,0.0,E,8,-9900,?,9,-9900,?,9,0.0,0.0,E,8
08/09/2021,21:00,0.0,1328.228,0.0,1,8,0.0,1,8,0.0,1,8,0.0,1,8,0.0,1,8,0.0,1,8,-0.0,1,8,-9900,?,9,-9900,?,9,12.19,E,8,8.14,E,8,76.0,E,8,872.5394,E,8,999.0,E,8,0.41,E,8,-9900,?,9,-9900,?,9,0.0,E,8,-9900,?,9,-9900,?,9,0.0,0.0,E,8
08/09/2021,22:00,0.0,1328.228,0.0,1,8,0.0,1,8,0.0,1,8,0.0,1,8,0.0,1,8,0.0,1,8,-0.0,1,8,-9900,?,9,-9900,?,9,11.57,E,8,7.99,E,8,78.0,E,8,872.5394,E,8,999.0,E,8,0.41,E,8,-9900,?,9,-9900,?,9,0.0,E,8,-9900,?,9,-9900,?,9,0.0,0.0,E,8
08/09/2021,23:00,0.0,1328.228,0.0,1,8,0.0,1,8,0.0,1,8,0.0,1,8,0.0,1,8,0.0,1,8,-0.0,1,8,-9900,?,9,-9900,?,9,10.95,E,8,7.84,E,8,81.0,E,8,872.5394,E,8,999.0,E,8,0.45,E,8,-9900,?,9,-9900,?,9,0.0,E,8,-9900,?,9,-9900,?,9,0.0,0.0,E,8
08/09/2021,24:00,0.0,1328.228,0.0,1,8,0.0,1,8,0.0,1,8,0.0,1,8,0.0,1,8,0.0,1,8,-0.0,1,8,-9900,?,9,-9900,?,9,10.33,E,8,7.96,E,8,85.0,E,8,872.5394,E,8,999.0,E,8,0.26,E,8,-9900,?,9,-9900,?,9,0.0,E,8,-9900,?,9,-9900,?,9,0.0,0.0,E,8
08/10/2021,01:00,0.0,1328.228,0.0,1,8,0.0,1,8,0.0,1,8,0.0,1,8,0.0,1,8,0.0,1,8,-0.0,1,8,-9900,?,9,-9900,?,9,10.03,E,8,7.88,E,8,86.0,E,8,872.5394,E,8,999.0,E,8,0.26,E,8,-9900,?,9,-9900,?,9,0.0,E,8,-9900,?,9,-9900,?,9,0.0,0.0,E,8
08/10/2021,02:00,0.0,1328.228,0.0,1,8,0.0,1,8,0.0,1,8,0.0,1,8,0.0,1,8,0.0,1,8,-0.0,1,8,-9900,?,9,-9900,?,9,9.72,E,8,7.81,E,8,87.0,E,8,872.5394,E,8,999.0,E,8,0.26,E,8,-9900,?,9,-9900,?,9,0.0,E,8,-9900,?,9,-9900,?,9,0.0,0.0,E,8
08/10/2021,03:00,0.0,1328.228,0.0,1,8,0.0,1,8,0.0,1,8,0.0,1,8,0.0,1,8,0.0,1,8,-0.0,1,8,-9900,?,9,-9900,?,9,9.41,E,8,7.73,E,8,89.0,E,8,872.5394,E,8,999.0,E,8,0.26,E,8,-9900,?,9,-9900,?,9,0.0,E,8,-9900,?,9,-9900,?,9,0.0,0.0,E,8
08/10/2021,04:00,0.0,1328.662,0.0,1,8,0.0,1,8,0.0,1,8,0.0,1,8,0.0,1,8,0.0,1,8,-0.0,1,8,-9900,?,9,-9900,?,9,9.1,E,8,7.65,E,8,90.0,E,8,872.5394,E,8,999.0,E,8,0.26,E,8,-9900,?,9,-9900,?,9,0.0,E,8,-9900,?,9,-9900,?,9,0.0,0.0,E,8
08/10/2021,05:00,0.0,1328.662,0.0,1,8,0.0,1,8,0.0,1,8,0.0,1,8,0.0,1,8,0.0,1,8,-0.0,1,8,-9900,?,9,-9900,?,9,8.79,E,8,7.58,E,8,92.0,E,8,872.5394,E,8,999.0,E,8,0.26,E,8,-9900,?,9,-9900,?,9,0.0,E,8,-9900,?,9,-9900,?,9,0.0,0.0,E,8
08/10/2021,06:00,0.0,1328.662,0.0,1,8,0.0,1,8,0.0,1,8,0.0,1,8,0.0,1,8,0.0,1,8,-0.0,1,8,-9900,?,9,-9900,?,9,8.55,E,8,7.52,E,8,93.0,E,8,872.5394,E,8,999.0,E,8,0.26,E,8,-9900,?,9,-9900,?,9,0.0,E,8,-9900,?,9,-9900,?,9,0.0,0.0,E,8
08/10/2021,07:00,64.164,1328.662,0.0,1,8,0.0,1,8,0.0,1,8,0.0,1,8,0.0,1,8,0.0,1,8,0.0,1,8,-9900,?,9,-9900,?,9,8.35,E,8,7.47,E,8,94.0,E,8,872.5394,E,8,999.0,E,8,0.26,E,8,-9900,?,9,-9900,?,9,0.0,E,8,-9900,?,9,-9900,?,9,0.0,0.0,E,8
08/10/2021,08:00,358.795,1328.662,47.66,1,8,0.0,1,8,47.66,1,8,5719.2,1,8,0.0,1,8,5242.6,1,8,56.385,1,8,-9900,?,9,-9900,?,9,8.14,E,8,7.41,E,8,95.0,E,8,872.5394,E,8,999.0,E,8,0.26,E,8,-9900,?,9,-9900,?,9,0.0,E,8,-9900,?,9,-9900,?,9,0.0,0.0,E,8
08/10/2021,09:00,624.199,1328.662,163.16,1,8,7.916,1,8,159.445,1,8,19579.2,1,8,752.066,1,8,17538.918,1,8,108.143,1,8,-9900,?,9,-9900,?,9,11.27,E,8,8.19,E,8,81.0,E,8,872.5394,E,8,999.0,E,8,0.26,E,8,-9900,?,9,-9900,?,9,0.0,E,8,-9900,?,9,-9900,?,9,0.0,0.0,E,8
08/10/2021,10:00,838.805,1328.662,267.87,1,8,11.009,1,8,260.923,1,8,32144.4,1,8,1045.828,1,8,28701.541,1,8,131.616,1,8,-9900,?,9,-9900,?,9,12.88,E,8,8.57,E,8,75.0,E,8,872.5394,E,8,999.0,E,8,0.49,E,8,-9900,?,9,-9900,?,9,0.0,E,8,-9900,?,9,-9900,?,9,0.0,0.0,E,8
08/10/2021,11:00,987.708,1328.662,348.14,1,8,11.283,1,8,339.754,1,8,41776.8,1,8,1071.923,1,8,37372.949,1,8,145.514,1,8,-9900,?,9,-9900,?,9,14.28,E,8,8.89,E,8,70.0,E,8,872.5394,E,8,999.0,E,8,1.07,E,8,-9900,?,9,-9900,?,9,0.0,E,8,-9900,?,9,-9900,?,9,0.0,0.0,E,8
08/10/2021,12:00,1060.688,1328.662,397.35,1,8,11.278,1,8,388.348,1,8,47682.0,1,8,1071.406,1,8,42718.299,1,8,154.871,1,8,-9900,?,9,-9900,?,9,15.42,E,8,9.16,E,8,66.0,E,8,872.5394,E,8,999.0,E,8,1.72,E,8,-9900,?,9,-9900,?,9,0.0,E,8,-9900,?,9,-9900,?,9,0.0,0.0,E,8
08/10/2021,13:00,1052.746,1328.662,411.8,1,8,13.415,1,8,401.173,1,8,49416.0,1,8,1274.422,1,8,44128.996,1,8,161.194,1,8,-9900,?,9,-9900,?,9,16.24,E,8,9.34,E,8,63.0,E,8,872.5394,E,8,999.0,E,8,2.44,E,8,-9900,?,9,-9900,?,9,0.0,E,8,-9900,?,9,-9900,?,9,0.0,0.0,E,8
08/10/2021,14:00,964.424,1328.662,390.42,1,8,77.518,1,8,334.168,1,8,46850.4,1,8,7364.172,1,8,36758.461,1,8,146.58,1,8,-9900,?,9,-9900,?,9,16.74,E,8,9.45,E,8,62.0,E,8,872.5394,E,8,999.0,E,8,3.07,E,8,-9900,?,9,-9900,?,9,0.0,E,8,-9900,?,9,-9900,?,9,0.0,0.0,E,8
08/10/2021,15:00,801.766,1328.662,334.79,1,8,102.529,1,8,272.952,1,8,40174.8,1,8,9740.285,1,8,30024.669,1,8,144.054,1,8,-9900,?,9,-9900,?,9,16.91,E,8,9.49,E,8,61.0,E,8,872.5394,E,8,999.0,E,8,3.6,E,8,-9900,?,9,-9900,?,9,0.0,E,8,-9900,?,9,-9900,?,9,0.0,0.0,E,8
08/10/2021,16:00,575.944,1328.662,249.12,1,8,129.564,1,8,193.028,1,8,29894.4,1,8,12308.6,1,8,21233.052,1,8,141.923,1,8,-9900,?,9,-9900,?,9,16.65,E,8,9.43,E,8,62.0,E,8,872.5394,E,8,999.0,E,8,2.53,E,8,-9900,?,9,-9900,?,9,0.0,E,8,-9900,?,9,-9900,?,9,0.0,0.0,E,8
08/10/2021,17:00,302.747,1328.662,140.8,1,8,282.686,1,8,76.722,1,8,16896.0,1,8,26855.171,1,8,8439.45,1,8,107.738,1,8,-9900,?,9,-9900,?,9,15.9,E,8,9.26,E,8,64.0,E,8,872.5394,E,8,999.0,E,8,2.35,E,8,-9900,?,9,-9900,?,9,0.0,E,8,-9900,?,9,-9900,?,9,0.0,0.0,E,8
08/10/2021,18:00,9.373,1328.662,27.47,1,8,0.0,1,8,0.0,1,8,3296.4,1,8,0.0,1,8,0.0,1,8,-0.0,1,8,-9900,?,9,-9900,?,9,14.76,E,8,9.0,E,8,68.0,E,8,872.5394,E,8,999.0,E,8,1.08,E,8,-9900,?,9,-9900,?,9,0.0,E,8,-9900,?,9,-9900,?,9,0.0,0.0,E,8
08/10/2021,19:00,0.0,1328.662,0.0,1,8,0.0,1,8,0.0,1,8,0.0,1,8,0.0,1,8,0.0,1,8,-0.0,1,8,-9900,?,9,-9900,?,9,14.04,E,8,8.84,E,8,70.0,E,8,872.5394,E,8,999.0,E,8,0.4,E,8,-9900,?,9,-9900,?,9,0.0,E,8,-9900,?,9,-9900,?,9,0.0,0.0,E,8
08/10/2021,20:00,0.0,1328.662,0.0,1,8,0.0,1,8,0.0,1,8,0.0,1,8,0.0,1,8,0.0,1,8,-0.0,1,8,-9900,?,9,-9900,?,9,13.31,E,8,8.67,E,8,73.0,E,8,872.5394,E,8,999.0,E,8,0.28,E,8,-9900,?,9,-9900,?,9,0.0,E,8,-9900,?,9,-9900,?,9,0.0,0.0,E,8
08/10/2021,21:00,0.0,1328.662,0.0,1,8,0.0,1,8,0.0,1,8,0.0,1,8,0.0,1,8,0.0,1,8,-0.0,1,8,-9900,?,9,-9900,?,9,12.58,E,8,8.5,E,8,76.0,E,8,872.5394,E,8,999.0,E,8,0.27,E,8,-9900,?,9,-9900,?,9,0.0,E,8,-9900,?,9,-9900,?,9,0.0,0.0,E,8
08/10/2021,22:00,0.0,1328.662,0.0,1,8,0.0,1,8,0.0,1,8,0.0,1,8,0.0,1,8,0.0,1,8,-0.0,1,8,-9900,?,9,-9900,?,9,11.86,E,8,8.33,E,8,78.0,E,8,872.5394,E,8,999.0,E,8,0.36,E,8,-9900,?,9,-9900,?,9,0.0,E,8,-9900,?,9,-9900,?,9,0.0,0.0,E,8
08/10/2021,23:00,0.0,1328.662,0.0,1,8,0.0,1,8,0.0,1,8,0.0,1,8,0.0,1,8,0.0,1,8,-0.0,1,8,-9900,?,9,-9900,?,9,11.13,E,8,8.15,E,8,81.0,E,8,872.5394,E,8,999.0,E,8,0.29,E,8,-9900,?,9,-9900,?,9,0.0,E,8,-9900,?,9,-9900,?,9,0.0,0.0,E,8
08/10/2021,24:00,0.0,1328.662,0.0,1,8,0.0,1,8,0.0,1,8,0.0,1,8,0.0,1,8,0.0,1,8,-0.0,1,8,-9900,?,9,-9900,?,9,10.4,E,8,6.31,E,8,75.0,E,8,872.5394,E,8,999.0,E,8,0.23,E,8,-9900,?,9,-9900,?,9,0.0,E,8,-9900,?,9,-9900,?,9,0.0,0.0,E,8
08/11/2021,01:00,0.0,1328.662,0.0,1,8,0.0,1,8,0.0,1,8,0.0,1,8,0.0,1,8,0.0,1,8,-0.0,1,8,-9900,?,9,-9900,?,9,10.04,E,8,6.34,E,8,77.0,E,8,872.5394,E,8,999.0,E,8,0.23,E,8,-9900,?,9,-9900,?,9,0.0,E,8,-9900,?,9,-9900,?,9,0.0,0.0,E,8
08/11/2021,02:00,0.0,1328.662,0.0,1,8,0.0,1,8,0.0,1,8,0.0,1,8,0.0,1,8,0.0,1,8,-0.0,1,8,-9900,?,9,-9900,?,9,9.68,E,8,6.37,E,8,79.0,E,8,872.5394,E,8,999.0,E,8,0.23,E,8,-9900,?,9,-9900,?,9,0.0,E,8,-9900,?,9,-9900,?,9,0.0,0.0,E,8
08/11/2021,03:00,0.0,1328.662,0.0,1,8,0.0,1,8,0.0,1,8,0.0,1,8,0.0,1,8,0.0,1,8,-0.0,1,8,-9900,?,9,-9900,?,9,9.31,E,8,6.4,E,8,81.0,E,8,872.5394,E,8,999.0,E,8,0.23,E,8,-9900,?,9,-9900,?,9,0.0,E,8,-9900,?,9,-9900,?,9,0.0,0.0,E,8
08/11/2021,04:00,0.0,1329.107,0.0,1,8,0.0,1,8,0.0,1,8,0.0,1,8,0.0,1,8,0.0,1,8,-0.0,1,8,-9900,?,9,-9900,?,9,8.95,E,8,6.43,E,8,84.0,E,8,872.5394,E,8,999.0,E,8,0.32,E,8,-9900,?,9,-9900,?,9,0.0,E,8,-9900,?,9,-9900,?,9,0.0,0.0,E,8
08/11/2021,05:00,0.0,1329.107,0.0,1,8,0.0,1,8,0.0,1,8,0.0,1,8,0.0,1,8,0.0,1,8,-0.0,1,8,-9900,?,9,-9900,?,9,8.59,E,8,6.45,E,8,86.0,E,8,872.5394,E,8,999.0,E,8,0.24,E,8,-9900,?,9,-9900,?,9,0.0,E,8,-9900,?,9,-9900,?,9,0.0,0.0,E,8
08/11/2021,06:00,0.0,1329.107,0.0,1,8,0.0,1,8,0.0,1,8,0.0,1,8,0.0,1,8,0.0,1,8,-0.0,1,8,-9900,?,9,-9900,?,9,8.3,E,8,6.48,E,8,88.0,E,8,872.5394,E,8,999.0,E,8,0.23,E,8,-9900,?,9,-9900,?,9,0.0,E,8,-9900,?,9,-9900,?,9,0.0,0.0,E,8
08/11/2021,07:00,67.445,1329.107,0.0,1,8,0.0,1,8,0.0,1,8,0.0,1,8,0.0,1,8,0.0,1,8,0.0,1,8,-9900,?,9,-9900,?,9,8.06,E,8,6.5,E,8,89.0,E,8,872.5394,E,8,999.0,E,8,0.23,E,8,-9900,?,9,-9900,?,9,0.0,E,8,-9900,?,9,-9900,?,9,0.0,0.0,E,8
08/11/2021,08:00,362.707,1329.107,105.98,1,8,20.476,1,8,100.412,1,8,12717.6,1,8,1945.261,1,8,11045.324,1,8,117.542,1,8,-9900,?,9,-9900,?,9,7.82,E,8,6.51,E,8,91.0,E,8,872.5394,E,8,999.0,E,8,0.23,E,8,-9900,?,9,-9900,?,9,0.0,E,8,-9900,?,9,-9900,?,9,0.0,0.0,E,8
08/11/2021,09:00,628.477,1329.107,290.7,1,8,158.329,1,8,215.909,1,8,34884.0,1,8,15041.24,1,8,23750.002,1,8,145.49,1,8,-9900,?,9,-9900,?,9,12.16,E,8,6.17,E,8,66.0,E,8,872.5394,E,8,999.0,E,8,0.23,E,8,-9900,?,9,-9900,?,9,0.0,E,8,-9900,?,9,-9900,?,9,0.0,0.0,E,8
08/11/2021,10:00,843.311,1329.107,435.99,1,8,229.617,1,8,290.363,1,8,52318.8,1,8,21813.572,1,8,31939.939,1,8,145.731,1,8,-9900,?,9,-9900,?,9,13.9,E,8,6.03,E,8,58.0,E,8,872.5394,E,8,999.0,E,8,0.33,E,8,-9900,?,9,-9900,?,9,0.0,E,8,-9900,?,9,-9900,?,9,0.0,0.0,E,8
08/11/2021,11:00,992.29,1329.107,520.73,1,8,214.045,1,8,360.965,1,8,62487.6,1,8,20334.251,1,8,39706.137,1,8,153.935,1,8,-9900,?,9,-9900,?,9,15.23,E,8,5.93,E,8,53.0,E,8,872.5394,E,8,999.0,E,8,0.72,E,8,-9900,?,9,-9900,?,9,0.0,E,8,-9900,?,9,-9900,?,9,0.0,0.0,E,8
08/11/2021,12:00,1065.192,1329.107,596.81,1,8,262.292,1,8,386.634,1,8,71617.2,1,8,24917.785,1,8,42529.767,1,8,153.587,1,8,-9900,?,9,-9900,?,9,16.36,E,8,5.83,E,8,49.0,E,8,872.5394,E,8,999.0,E,8,1.39,E,8,-9900,?,9,-9900,?,9,0.0,E,8,-9900,?,9,-9900,?,9,0.0,0.0,E,8
08/11/2021,13:00,1057.024,1329.107,807.2,1,8,684.264,1,8,263.105,1,8,96864.0,1,8,65005.099,1,8,28941.596,1,8,105.324,1,8,-9900,?,9,-9900,?,9,17.88,E,8,5.71,E,8,44.0,E,8,872.5394,E,8,999.0,E,8,2.85,E,8,-9900,?,9,-9900,?,9,0.0,E,8,-9900,?,9,-9900,?,9,0.0,0.0,E,8
08/11/2021,14:00,968.342,1329.107,515.77,1,8,209.336,1,8,363.294,1,8,61892.4,1,8,19886.941,1,8,39962.387,1,8,158.764,1,8,-9900,?,9,-9900,?,9,18.05,E,8,5.7,E,8,44.0,E,8,872.5394,E,8,999.0,E,8,3.87,E,8,-9900,?,9,-9900,?,9,0.0,E,8,-9900,?,9,-9900,?,9,0.0,0.0,E,8
08/11/2021,15:00,805.215,1329.107,437.73,1,8,267.696,1,8,275.633,1,8,52527.6,1,8,25431.117,1,8,30319.676,1,8,144.894,1,8,-9900,?,9,-9900,?,9,17.92,E,8,5.71,E,8,44.0,E,8,872.5394,E,8,999.0,E,8,3.67,E,8,-9900,?,9,-9900,?,9,0.0,E,8,-9900,?,9,-9900,?,9,0.0,0.0,E,8
08/11/2021,16:00,578.847,1329.107,302.79,1,8,287.096,1,8,177.911,1,8,36334.8,1,8,27274.121,1,8,19570.214,1,8,130.194,1,8,-9900,?,9,-9900,?,9,17.25,E,8,5.76,E,8,46.0,E,8,872.5394,E,8,999.0,E,8,2.66,E,8,-9900,?,9,-9900,?,9,0.0,E,8,-9900,?,9,-9900,?,9,0.0,0.0,E,8
08/11/2021,17:00,305.06,1329.107,166.55,1,8,466.078,1,8,60.122,1,8,19986.0,1,8,44277.431,1,8,6613.437,1,8,83.809,1,8,-9900,?,9,-9900,?,9,16.21,E,8,5.85,E,8,50.0,E,8,872.5394,E,8,999.0,E,8,1.82,E,8,-9900,?,9,-9900,?,9,0.0,E,8,-9900,?,9,-9900,?,9,0.0,0.0,E,8
08/11/2021,18:00,10.863,1329.107,36.13,1,8,0.0,1,8,0.0,1,8,4335.6,1,8,0.0,1,8,0.0,1,8,-0.0,1,8,-9900,?,9,-9900,?,9,14.92,E,8,5.95,E,8,54.0,E,8,872.5394,E,8,999.0,E,8,1.06,E,8,-9900,?,9,-9900,?,9,0.0,E,8,-9900,?,9,-9900,?,9,0.0,0.0,E,8
08/11/2021,19:00,0.0,1329.107,0.0,1,8,0.0,1,8,0.0,1,8,0.0,1,8,0.0,1,8,0.0,1,8,-0.0,1,8,-9900,?,9,-9900,?,9,14.19,E,8,6.01,E,8,57.0,E,8,872.5394,E,8,999.0,E,8,0.39,E,8,-9900,?,9,-9900,?,9,0.0,E,8,-9900,?,9,-9900,?,9,0.0,0.0,E,8
08/11/2021,20:00,0.0,1329.107,0.0,1,8,0.0,1,8,0.0,1,8,0.0,1,8,0.0,1,8,0.0,1,8,-0.0,1,8,-9900,?,9,-9900,?,9,13.47,E,8,6.07,E,8,60.0,E,8,872.5394,E,8,999.0,E,8,0.44,E,8,-9900,?,9,-9900,?,9,0.0,E,8,-9900,?,9,-9900,?,9,0.0,0.0,E,8
08/11/2021,21:00,0.0,1329.107,0.0,1,8,0.0,1,8,0.0,1,8,0.0,1,8,0.0,1,8,0.0,1,8,-0.0,1,8,-9900,?,9,-9900,?,9,12.74,E,8,6.13,E,8,64.0,E,8,872.5394,E,8,999.0,E,8,0.47,E,8,-9900,?,9,-9900,?,9,0.0,E,8,-9900,?,9,-9900,?,9,0.0,0.0,E,8
08/11/2021,22:00,0.0,1329.107,0.0,1,8,0.0,1,8,0.0,1,8,0.0,1,8,0.0,1,8,0.0,1,8,-0.0,1,8,-9900,?,9,-9900,?,9,12.02,E,8,6.18,E,8,67.0,E,8,872.5394,E,8,999.0,E,8,0.31,E,8,-9900,?,9,-9900,?,9,0.0,E,8,-9900,?,9,-9900,?,9,0.0,0.0,E,8
08/11/2021,23:00,0.0,1329.107,0.0,1,8,0.0,1,8,0.0,1,8,0.0,1,8,0.0,1,8,0.0,1,8,-0.0,1,8,-9900,?,9,-9900,?,9,11.29,E,8,6.24,E,8,71.0,E,8,872.5394,E,8,999.0,E,8,0.23,E,8,-9900,?,9,-9900,?,9,0.0,E,8,-9900,?,9,-9900,?,9,0.0,0.0,E,8
08/11/2021,24:00,0.0,1329.107,0.0,1,8,0.0,1,8,0.0,1,8,0.0,1,8,0.0,1,8,0.0,1,8,-0.0,1,8,-9900,?,9,-9900,?,9,10.57,E,8,7.53,E,8,81.0,E,8,872.5394,E,8,999.0,E,8,0.46,E,8,-9900,?,9,-9900,?,9,0.0,E,8,-9900,?,9,-9900,?,9,0.0,0.0,E,8
08/12/2021,01:00,0.0,1329.107,0.0,1,8,0.0,1,8,0.0,1,8,0.0,1,8,0.0,1,8,0.0,1,8,-0.0,1,8,-9900,?,9,-9900,?,9,10.2,E,8,7.44,E,8,82.0,E,8,872.5394,E,8,999.0,E,8,0.46,E,8,-9900,?,9,-9900,?,9,0.0,E,8,-9900,?,9,-9900,?,9,0.0,0.0,E,8
08/12/2021,02:00,0.0,1329.107,0.0,1,8,0.0,1,8,0.0,1,8,0.0,1,8,0.0,1,8,0.0,1,8,-0.0,1,8,-9900,?,9,-9900,?,9,9.84,E,8,7.35,E,8,84.0,E,8,872.5394,E,8,999.0,E,8,0.46,E,8,-9900,?,9,-9900,?,9,0.0,E,8,-9900,?,9,-9900,?,9,0.0,0.0,E,8
08/12/2021,03:00,0.0,1329.107,0.0,1,8,0.0,1,8,0.0,1,8,0.0,1,8,0.0,1,8,0.0,1,8,-0.0,1,8,-9900,?,9,-9900,?,9,9.48,E,8,7.26,E,8,86.0,E,8,872.5394,E,8,999.0,E,8,0.46,E,8,-9900,?,9,-9900,?,9,0.0,E,8,-9900,?,9,-9900,?,9,0.0,0.0,E,8
08/12/2021,04:00,0.0,1329.563,0.0,1,8,0.0,1,8,0.0,1,8,0.0,1,8,0.0,1,8,0.0,1,8,-0.0,1,8,-9900,?,9,-9900,?,9,9.11,E,8,7.17,E,8,87.0,E,8,872.5394,E,8,999.0,E,8,0.46,E,8,-9900,?,9,-9900,?,9,0.0,E,8,-9900,?,9,-9900,?,9,0.0,0.0,E,8
08/12/2021,05:00,0.0,1329.563,0.0,1,8,0.0,1,8,0.0,1,8,0.0,1,8,0.0,1,8,0.0,1,8,-0.0,1,8,-9900,?,9,-9900,?,9,8.75,E,8,7.07,E,8,89.0,E,8,872.5394,E,8,999.0,E,8,0.46,E,8,-9900,?,9,-9900,?,9,0.0,E,8,-9900,?,9,-9900,?,9,0.0,0.0,E,8
08/12/2021,06:00,0.0,1329.563,0.0,1,8,0.0,1,8,0.0,1,8,0.0,1,8,0.0,1,8,0.0,1,8,-0.0,1,8,-9900,?,9,-9900,?,9,8.47,E,8,7.0,E,8,90.0,E,8,872.5394,E,8,999.0,E,8,0.46,E,8,-9900,?,9,-9900,?,9,0.0,E,8,-9900,?,9,-9900,?,9,0.0,0.0,E,8
08/12/2021,07:00,70.821,1329.563,0.0,1,8,0.0,1,8,0.0,1,8,0.0,1,8,0.0,1,8,0.0,1,8,0.0,1,8,-9900,?,9,-9900,?,9,8.23,E,8,6.94,E,8,91.0,E,8,872.5394,E,8,999.0,E,8,0.46,E,8,-9900,?,9,-9900,?,9,0.0,E,8,-9900,?,9,-9900,?,9,0.0,0.0,E,8
08/12/2021,08:00,366.703,1329.563,54.24,1,8,0.0,1,8,54.24,1,8,6508.8,1,8,0.0,1,8,5966.4,1,8,62.818,1,8,-9900,?,9,-9900,?,9,7.99,E,8,6.88,E,8,92.0,E,8,872.5394,E,8,999.0,E,8,0.46,E,8,-9900,?,9,-9900,?,9,0.0,E,8,-9900,?,9,-9900,?,9,0.0,0.0,E,8
08/12/2021,09:00,632.834,1329.563,179.31,1,8,13.38,1,8,172.948,1,8,21517.2,1,8,1271.069,1,8,19024.282,1,8,115.776,1,8,-9900,?,9,-9900,?,9,11.23,E,8,7.7,E,8,78.0,E,8,872.5394,E,8,999.0,E,8,0.46,E,8,-9900,?,9,-9900,?,9,0.0,E,8,-9900,?,9,-9900,?,9,0.0,0.0,E,8
08/12/2021,10:00,847.884,1329.563,292.24,1,8,14.943,1,8,282.715,1,8,35068.8,1,8,1419.55,1,8,31098.641,1,8,141.175,1,8,-9900,?,9,-9900,?,9,12.86,E,8,8.1,E,8,72.0,E,8,872.5394,E,8,999.0,E,8,0.46,E,8,-9900,?,9,-9900,?,9,0.0,E,8,-9900,?,9,-9900,?,9,0.0,0.0,E,8
08/12/2021,11:00,996.928,1329.563,378.72,1,8,14.991,1,8,367.482,1,8,45446.4,1,8,1424.171,1,8,40423.005,1,8,156.038,1,8,-9900,?,9,-9900,?,9,14.27,E,8,8.43,E,8,67.0,E,8,872.5394,E,8,999.0,E,8,0.71,E,8,-9900,?,9,-9900,?,9,0.0,E,8,-9900,?,9,-9900,?,9,0.0,0.0,E,8
08/12/2021,12:00,1069.739,1329.563,431.63,1,8,60.369,1,8,383.066,1,8,51795.6,1,8,5735.067,1,8,42137.262,1,8,151.574,1,8,-9900,?,9,-9900,?,9,15.41,E,8,8.7,E,8,64.0,E,8,872.5394,E,8,999.0,E,8,1.02,E,8,-9900,?,9,-9900,?,9,0.0,E,8,-9900,?,9,-9900,?,9,0.0,0.0,E,8
08/12/2021,13:00,1061.33,1329.563,447.01,1,8,72.134,1,8,389.438,1,8,53641.2,1,8,6852.768,1,8,42838.18,1,8,155.317,1,8,-9900,?,9,-9900,?,9,16.24,E,8,8.89,E,8,61.0,E,8,872.5394,E,8,999.0,E,8,2.25,E,8,-9900,?,9,-9900,?,9,0.0,E,8,-9900,?,9,-9900,?,9,0.0,0.0,E,8
08/12/2021,14:00,972.274,1329.563,423.73,1,8,103.851,1,8,347.806,1,8,50847.6,1,8,9865.82,1,8,38258.67,1,8,151.432,1,8,-9900,?,9,-9900,?,9,16.74,E,8,9.0,E,8,60.0,E,8,872.5394,E,8,999.0,E,8,2.99,E,8,-9900,?,9,-9900,?,9,0.0,E,8,-9900,?,9,-9900,?,9,0.0,0.0,E,8
08/12/2021,15:00,808.667,1329.563,363.51,1,8,137.388,1,8,279.99,1,8,43621.2,1,8,13051.874,1,8,30798.847,1,8,146.605,1,8,-9900,?,9,-9900,?,9,16.91,E,8,9.04,E,8,59.0,E,8,872.5394,E,8,999.0,E,8,3.12,E,8,-9900,?,9,-9900,?,9,0.0,E,8,-9900,?,9,-9900,?,9,0.0,0.0,E,8
08/12/2021,16:00,581.744,1329.563,270.9,1,8,186.6,1,8,189.355,1,8,32508.0,1,8,17727.037,1,8,20828.999,1,8,137.924,1,8,-9900,?,9,-9900,?,9,16.64,E,8,8.98,E,8,60.0,E,8,872.5394,E,8,999.0,E,8,2.52,E,8,-9900,?,9,-9900,?,9,0.0,E,8,-9900,?,9,-9900,?,9,0.0,0.0,E,8
08/12/2021,17:00,307.36,1329.563,185.9,1,8,276.908,1,8,122.209,1,8,22308.0,1,8,26306.273,1,8,13442.986,1,8,169.126,1,8,-9900,?,9,-9900,?,9,16.03,E,8,8.84,E,8,62.0,E,8,872.5394,E,8,999.0,E,8,1.66,E,8,-9900,?,9,-9900,?,9,0.0,E,8,-9900,?,9,-9900,?,9,0.0,0.0,E,8
08/12/2021,18:00,12.345,1329.563,16.05,1,8,0.0,1,8,16.05,1,8,1926.0,1,8,0.0,1,8,1765.5,1,8,4933.961,1,8,-9900,?,9,-9900,?,9,14.8,E,8,8.56,E,8,66.0,E,8,872.5394,E,8,999.0,E,8,0.97,E,8,-9900,?,9,-9900,?,9,0.0,E,8,-9900,?,9,-9900,?,9,0.0,0.0,E,8
08/12/2021,19:00,0.0,1329.563,0.0,1,8,0.0,1,8,0.0,1,8,0.0,1,8,0.0,1,8,0.0,1,8,-0.0,1,8,-9900,?,9,-9900,?,9,14.15,E,8,8.4,E,8,68.0,E,8,872.5394,E,8,999.0,E,8,0.46,E,8,-9900,?,9,-9900,?,9,0.0,E,8,-9900,?,9,-9900,?,9,0.0,0.0,E,8
08/12/2021,20:00,0.0,1329.563,0.0,1,8,0.0,1,8,0.0,1,8,0.0,1,8,0.0,1,8,0.0,1,8,-0.0,1,8,-9900,?,9,-9900,?,9,13.49,E,8,8.25,E,8,70.0,E,8,872.5394,E,8,999.0,E,8,0.46,E,8,-9900,?,9,-9900,?,9,0.0,E,8,-9900,?,9,-9900,?,9,0.0,0.0,E,8
08/12/2021,21:00,0.0,1329.563,0.0,1,8,0.0,1,8,0.0,1,8,0.0,1,8,0.0,1,8,0.0,1,8,-0.0,1,8,-9900,?,9,-9900,?,9,12.84,E,8,8.09,E,8,72.0,E,8,872.5394,E,8,999.0,E,8,0.46,E,8,-9900,?,9,-9900,?,9,0.0,E,8,-9900,?,9,-9900,?,9,0.0,0.0,E,8
08/12/2021,22:00,0.0,1329.563,0.0,1,8,0.0,1,8,0.0,1,8,0.0,1,8,0.0,1,8,0.0,1,8,-0.0,1,8,-9900,?,9,-9900,?,9,12.18,E,8,7.93,E,8,75.0,E,8,872.5394,E,8,999.0,E,8,0.46,E,8,-9900,?,9,-9900,?,9,0.0,E,8,-9900,?,9,-9900,?,9,0.0,0.0,E,8
08/12/2021,23:00,0.0,1329.563,0.0,1,8,0.0,1,8,0.0,1,8,0.0,1,8,0.0,1,8,0.0,1,8,-0.0,1,8,-9900,?,9,-9900,?,9,11.53,E,8,7.77,E,8,77.0,E,8,872.5394,E,8,999.0,E,8,0.46,E,8,-9900,?,9,-9900,?,9,0.0,E,8,-9900,?,9,-9900,?,9,0.0,0.0,E,8
08/12/2021,24:00,0.0,1329.563,0.0,1,8,0.0,1,8,0.0,1,8,0.0,1,8,0.0,1,8,0.0,1,8,-0.0,1,8,-9900,?,9,-9900,?,9,10.87,E,8,8.02,E,8,82.0,E,8,872.5394,E,8,999.0,E,8,0.66,E,8,-9900,?,9,-9900,?,9,0.0,E,8,-9900,?,9,-9900,?,9,0.0,0.0,E,8
08/13/2021,01:00,0.0,1329.563,0.0,1,8,0.0,1,8,0.0,1,8,0.0,1,8,0.0,1,8,0.0,1,8,-0.0,1,8,-9900,?,9,-9900,?,9,10.54,E,8,7.91,E,8,83.0,E,8,872.5394,E,8,999.0,E,8,0.66,E,8,-9900,?,9,-9900,?,9,0.0,E,8,-9900,?,9,-9900,?,9,0.0,0.0,E,8
08/13/2021,02:00,0.0,1329.563,0.0,1,8,0.0,1,8,0.0,1,8,0.0,1,8,0.0,1,8,0.0,1,8,-0.0,1,8,-9900,?,9,-9900,?,9,10.22,E,8,7.79,E,8,84.0,E,8,872.5394,E,8,999.0,E,8,0.66,E,8,-9900,?,9,-9900,?,9,0.0,E,8,-9900,?,9,-9900,?,9,0.0,0.0,E,8
08/13/2021,03:00,0.0,1329.563,0.0,1,8,0.0,1,8,0.0,1,8,0.0,1,8,0.0,1,8,0.0,1,8,-0.0,1,8,-9900,?,9,-9900,?,9,9.89,E,8,7.68,E,8,86.0,E,8,872.5394,E,8,999.0,E,8,0.66,E,8,-9900,?,9,-9900,?,9,0.0,E,8,-9900,?,9,-9900,?,9,0.0,0.0,E,8
08/13/2021,04:00,0.0,1330.029,0.0,1,8,0.0,1,8,0.0,1,8,0.0,1,8,0.0,1,8,0.0,1,8,-0.0,1,8,-9900,?,9,-9900,?,9,9.56,E,8,7.56,E,8,87.0,E,8,872.5394,E,8,999.0,E,8,0.66,E,8,-9900,?,9,-9900,?,9,0.0,E,8,-9900,?,9,-9900,?,9,0.0,0.0,E,8
08/13/2021,05:00,0.0,1330.029,0.0,1,8,0.0,1,8,0.0,1,8,0.0,1,8,0.0,1,8,0.0,1,8,-0.0,1,8,-9900,?,9,-9900,?,9,9.23,E,8,7.44,E,8,88.0,E,8,872.5394,E,8,999.0,E,8,0.66,E,8,-9900,?,9,-9900,?,9,0.0,E,8,-9900,?,9,-9900,?,9,0.0,0.0,E,8
08/13/2021,06:00,0.0,1330.029,0.0,1,8,0.0,1,8,0.0,1,8,0.0,1,8,0.0,1,8,0.0,1,8,-0.0,1,8,-9900,?,9,-9900,?,9,8.98,E,8,7.35,E,8,89.0,E,8,872.5394,E,8,999.0,E,8,0.66,E,8,-9900,?,9,-9900,?,9,0.0,E,8,-9900,?,9,-9900,?,9,0.0,0.0,E,8
08/13/2021,07:00,74.289,1330.029,0.0,1,8,0.0,1,8,0.0,1,8,0.0,1,8,0.0,1,8,0.0,1,8,0.0,1,8,-9900,?,9,-9900,?,9,8.76,E,8,7.27,E,8,90.0,E,8,872.5394,E,8,999.0,E,8,0.66,E,8,-9900,?,9,-9900,?,9,0.0,E,8,-9900,?,9,-9900,?,9,0.0,0.0,E,8
08/13/2021,08:00,370.784,1330.029,58.02,1,8,0.0,1,8,58.02,1,8,6962.4,1,8,0.0,1,8,6382.2,1,8,66.474,1,8,-9900,?,9,-9900,?,9,8.55,E,8,7.2,E,8,91.0,E,8,872.5394,E,8,999.0,E,8,0.66,E,8,-9900,?,9,-9900,?,9,0.0,E,8,-9900,?,9,-9900,?,9,0.0,0.0,E,8
08/13/2021,09:00,637.267,1330.029,188.51,1,8,17.011,1,8,180.367,1,8,22621.2,1,8,1616.031,1,8,19840.42,1,8,119.943,1,8,-9900,?,9,-9900,?,9,11.86,E,8,8.36,E,8,79.0,E,8,872.5394,E,8,999.0,E,8,0.66,E,8,-9900,?,9,-9900,?,9,0.0,E,8,-9900,?,9,-9900,?,9,0.0,0.0,E,8
08/13/2021,10:00,852.524,1330.029,306.09,1,8,17.611,1,8,294.806,1,8,36730.8,1,8,1673.039,1,8,32428.711,1,8,146.462,1,8,-9900,?,9,-9900,?,9,13.49,E,8,8.9,E,8,73.0,E,8,872.5394,E,8,999.0,E,8,0.66,E,8,-9900,?,9,-9900,?,9,0.0,E,8,-9900,?,9,-9900,?,9,0.0,0.0,E,8
08/13/2021,11:00,1001.62,1330.029,396.07,1,8,68.48,1,8,344.51,1,8,47528.4,1,8,6505.631,1,8,37896.132,1,8,145.649,1,8,-9900,?,9,-9900,?,9,14.91,E,8,9.36,E,8,69.0,E,8,872.5394,E,8,999.0,E,8,0.7,E,8,-9900,?,9,-9900,?,9,0.0,E,8,-9900,?,9,-9900,?,9,0.0,0.0,E,8
08/13/2021,12:00,1074.326,1330.029,451.07,1,8,70.524,1,8,394.114,1,8,54128.4,1,8,6699.746,1,8,43352.509,1,8,155.333,1,8,-9900,?,9,-9900,?,9,16.06,E,8,9.72,E,8,66.0,E,8,872.5394,E,8,999.0,E,8,1.11,E,8,-9900,?,9,-9900,?,9,0.0,E,8,-9900,?,9,-9900,?,9,0.0,0.0,E,8
08/13/2021,13:00,1065.662,1330.029,466.97,1,8,84.358,1,8,399.391,1,8,56036.4,1,8,8013.993,1,8,43932.996,1,8,158.694,1,8,-9900,?,9,-9900,?,9,16.9,E,8,9.98,E,8,63.0,E,8,872.5394,E,8,999.0,E,8,1.47,E,8,-9900,?,9,-9900,?,9,0.0,E,8,-9900,?,9,-9900,?,9,0.0,0.0,E,8
08/13/2021,14:00,976.22,1330.029,442.62,1,8,121.486,1,8,353.474,1,8,53114.4,1,8,11541.166,1,8,38882.104,1,8,153.331,1,8,-9900,?,9,-9900,?,9,17.4,E,8,10.13,E,8,62.0,E,8,872.5394,E,8,999.0,E,8,2.0,E,8,-9900,?,9,-9900,?,9,0.0,E,8,-9900,?,9,-9900,?,9,0.0,0.0,E,8
08/13/2021,15:00,812.12,1330.029,379.78,1,8,116.84,1,8,308.472,1,8,45573.6,1,8,11099.786,1,8,33931.964,1,8,160.887,1,8,-9900,?,9,-9900,?,9,17.57,E,8,10.18,E,8,61.0,E,8,872.5394,E,8,999.0,E,8,2.83,E,8,-9900,?,9,-9900,?,9,0.0,E,8,-9900,?,9,-9900,?,9,0.0,0.0,E,8
08/13/2021,16:00,584.632,1330.029,283.22,1,8,198.919,1,8,195.889,1,8,33986.4,1,8,18897.272,1,8,21547.807,1,8,142.026,1,8,-9900,?,9,-9900,?,9,17.3,E,8,10.1,E,8,62.0,E,8,872.5394,E,8,999.0,E,8,1.9,E,8,-9900,?,9,-9900,?,9,0.0,E,8,-9900,?,9,-9900,?,9,0.0,0.0,E,8
08/13/2021,17:00,309.646,1330.029,161.19,1,8,389.583,1,8,70.941,1,8,19342.8,1,8,37010.37,1,8,7803.558,1,8,97.479,1,8,-9900,?,9,-9900,?,9,16.53,E,8,9.87,E,8,64.0,E,8,872.5394,E,8,999.0,E,8,1.26,E,8,-9900,?,9,-9900,?,9,0.0,E,8,-9900,?,9,-9900,?,9,0.0,0.0,E,8
08/13/2021,18:00,13.82,1330.029,32.94,1,8,0.0,1,8,32.94,1,8,3952.8,1,8,0.0,1,8,3623.4,1,8,4518.686,1,8,-9900,?,9,-9900,?,9,15.37,E,8,9.5,E,8,68.0,E,8,872.5394,E,8,999.0,E,8,0.66,E,8,-9900,?,9,-9900,?,9,0.0,E,8,-9900,?,9,-9900,?,9,0.0,0.0,E,8
08/13/2021,19:00,0.0,1330.029,0.0,1,8,0.0,1,8,0.0,1,8,0.0,1,8,0.0,1,8,0.0,1,8,-0.0,1,8,-9900,?,9,-9900,?,9,14.73,E,8,9.3,E,8,69.0,E,8,872.5394,E,8,999.0,E,8,0.7,E,8,-9900,?,9,-9900,?,9,0.0,E,8,-9900,?,9,-9900,?,9,0.0,0.0,E,8
08/13/2021,20:00,0.0,1330.029,0.0,1,8,0.0,1,8,0.0,1,8,0.0,1,8,0.0,1,8,0.0,1,8,-0.0,1,8,-9900,?,9,-9900,?,9,14.09,E,8,9.1,E,8,71.0,E,8,872.5394,E,8,999.0,E,8,0.66,E,8,-9900,?,9,-9900,?,9,0.0,E,8,-9900,?,9,-9900,?,9,0.0,0.0,E,8
08/13/2021,21:00,0.0,1330.029,0.0,1,8,0.0,1,8,0.0,1,8,0.0,1,8,0.0,1,8,0.0,1,8,-0.0,1,8,-9900,?,9,-9900,?,9,13.45,E,8,8.89,E,8,73.0,E,8,872.5394,E,8,999.0,E,8,0.66,E,8,-9900,?,9,-9900,?,9,0.0,E,8,-9900,?,9,-9900,?,9,0.0,0.0,E,8
08/13/2021,22:00,0.0,1330.029,0.0,1,8,0.0,1,8,0.0,1,8,0.0,1,8,0.0,1,8,0.0,1,8,-0.0,1,8,-9900,?,9,-9900,?,9,12.81,E,8,8.68,E,8,75.0,E,8,872.5394,E,8,999.0,E,8,0.66,E,8,-9900,?,9,-9900,?,9,0.0,E,8,-9900,?,9,-9900,?,9,0.0,0.0,E,8
08/13/2021,23:00,0.0,1330.029,0.0,1,8,0.0,1,8,0.0,1,8,0.0,1,8,0.0,1,8,0.0,1,8,-0.0,1,8,-9900,?,9,-9900,?,9,12.17,E,8,8.46,E,8,78.0,E,8,872.5394,E,8,999.0,E,8,0.66,E,8,-9900,?,9,-9900,?,9,0.0,E,8,-9900,?,9,-9900,?,9,0.0,0.0,E,8
08/13/2021,24:00,0.0,1330.029,0.0,1,8,0.0,1,8,0.0,1,8,0.0,1,8,0.0,1,8,0.0,1,8,-0.0,1,8,-9900,?,9,-9900,?,9,11.53,E,8,9.07,E,8,84.0,E,8,872.5394,E,8,999.0,E,8,0.84,E,8,-9900,?,9,-9900,?,9,0.0,E,8,-9900,?,9,-9900,?,9,0.0,0.0,E,8
08/14/2021,01:00,0.0,1330.029,0.0,1,8,0.0,1,8,0.0,1,8,0.0,1,8,0.0,1,8,0.0,1,8,-0.0,1,8,-9900,?,9,-9900,?,9,11.21,E,8,9.04,E,8,86.0,E,8,872.5394,E,8,999.0,E,8,0.84,E,8,-9900,?,9,-9900,?,9,0.0,E,8,-9900,?,9,-9900,?,9,0.0,0.0,E,8
08/14/2021,02:00,0.0,1330.029,0.0,1,8,0.0,1,8,0.0,1,8,0.0,1,8,0.0,1,8,0.0,1,8,-0.0,1,8,-9900,?,9,-9900,?,9,10.9,E,8,9.01,E,8,88.0,E,8,872.5394,E,8,999.0,E,8,0.84,E,8,-9900,?,9,-9900,?,9,0.0,E,8,-9900,?,9,-9900,?,9,0.0,0.0,E,8
08/14/2021,03:00,0.0,1330.029,0.0,1,8,0.0,1,8,0.0,1,8,0.0,1,8,0.0,1,8,0.0,1,8,-0.0,1,8,-9900,?,9,-9900,?,9,10.58,E,8,8.98,E,8,89.0,E,8,872.5394,E,8,999.0,E,8,0.84,E,8,-9900,?,9,-9900,?,9,0.0,E,8,-9900,?,9,-9900,?,9,0.0,0.0,E,8
08/14/2021,04:00,0.0,1330.506,0.0,1,8,0.0,1,8,0.0,1,8,0.0,1,8,0.0,1,8,0.0,1,8,-0.0,1,8,-9900,?,9,-9900,?,9,10.26,E,8,8.95,E,8,91.0,E,8,872.5394,E,8,999.0,E,8,0.84,E,8,-9900,?,9,-9900,?,9,0.0,E,8,-9900,?,9,-9900,?,9,0.0,0.0,E,8
08/14/2021,05:00,0.0,1330.506,0.0,1,8,0.0,1,8,0.0,1,8,0.0,1,8,0.0,1,8,0.0,1,8,-0.0,1,8,-9900,?,9,-9900,?,9,9.94,E,8,8.93,E,8,93.0,E,8,872.5394,E,8,999.0,E,8,0.84,E,8,-9900,?,9,-9900,?,9,0.0,E,8,-9900,?,9,-9900,?,9,0.0,0.0,E,8
08/14/2021,06:00,0.0,1330.506,0.0,1,8,0.0,1,8,0.0,1,8,0.0,1,8,0.0,1,8,0.0,1,8,-0.0,1,8,-9900,?,9,-9900,?,9,9.69,E,8,8.9,E,8,94.0,E,8,872.5394,E,8,999.0,E,8,0.84,E,8,-9900,?,9,-9900,?,9,0.0,E,8,-9900,?,9,-9900,?,9,0.0,0.0,E,8
08/14/2021,07:00,77.85,1330.506,0.0,1,8,0.0,1,8,0.0,1,8,0.0,1,8,0.0,1,8,0.0,1,8,0.0,1,8,-9900,?,9,-9900,?,9,9.48,E,8,8.88,E,8,96.0,E,8,872.5394,E,8,999.0,E,8,0.84,E,8,-9900,?,9,-9900,?,9,0.0,E,8,-9900,?,9,-9900,?,9,0.0,0.0,E,8
08/14/2021,08:00,374.947,1330.506,73.43,1,8,0.0,1,8,73.43,1,8,8811.6,1,8,0.0,1,8,8077.3,1,8,83.219,1,8,-9900,?,9,-9900,?,9,9.27,E,8,8.86,E,8,97.0,E,8,872.5394,E,8,999.0,E,8,0.84,E,8,-9900,?,9,-9900,?,9,0.0,E,8,-9900,?,9,-9900,?,9,0.0,0.0,E,8
08/14/2021,09:00,641.775,1330.506,234.49,1,8,47.046,1,8,211.819,1,8,28138.8,1,8,4469.348,1,8,23300.109,1,8,139.916,1,8,-9900,?,9,-9900,?,9,12.66,E,8,9.17,E,8,79.0,E,8,872.5394,E,8,999.0,E,8,0.84,E,8,-9900,?,9,-9900,?,9,0.0,E,8,-9900,?,9,-9900,?,9,0.0,0.0,E,8
08/14/2021,10:00,857.228,1330.506,379.34,1,8,89.711,1,8,321.564,1,8,45520.8,1,8,8522.574,1,8,35372.047,1,8,158.934,1,8,-9900,?,9,-9900,?,9,14.31,E,8,9.32,E,8,71.0,E,8,872.5394,E,8,999.0,E,8,0.84,E,8,-9900,?,9,-9900,?,9,0.0,E,8,-9900,?,9,-9900,?,9,0.0,0.0,E,8
08/14/2021,11:00,1006.364,1330.506,490.12,1,8,157.791,1,8,370.797,1,8,58814.4,1,8,14990.167,1,8,40787.628,1,8,156.079,1,8,-9900,?,9,-9900,?,9,15.75,E,8,9.45,E,8,66.0,E,8,872.5394,E,8,999.0,E,8,0.84,E,8,-9900,?,9,-9900,?,9,0.0,E,8,-9900,?,9,-9900,?,9,0.0,0.0,E,8
08/14/2021,12:00,1078.95,1330.506,557.75,1,8,162.347,1,8,426.118,1,8,66930.0,1,8,15422.947,1,8,46872.965,1,8,167.287,1,8,-9900,?,9,-9900,?,9,16.91,E,8,9.55,E,8,61.0,E,8,872.5394,E,8,999.0,E,8,0.84,E,8,-9900,?,9,-9900,?,9,0.0,E,8,-9900,?,9,-9900,?,9,0.0,0.0,E,8
08/14/2021,13:00,1070.018,1330.506,577.2,1,8,193.442,1,8,421.655,1,8,69264.0,1,8,18377.005,1,8,46382.06,1,8,166.918,1,8,-9900,?,9,-9900,?,9,17.75,E,8,9.62,E,8,58.0,E,8,872.5394,E,8,999.0,E,8,1.77,E,8,-9900,?,9,-9900,?,9,0.0,E,8,-9900,?,9,-9900,?,9,0.0,0.0,E,8
08/14/2021,14:00,980.176,1330.506,547.03,1,8,256.053,1,8,358.444,1,8,65643.6,1,8,24325.049,1,8,39428.812,1,8,154.914,1,8,-9900,?,9,-9900,?,9,18.26,E,8,9.67,E,8,57.0,E,8,872.5394,E,8,999.0,E,8,1.86,E,8,-9900,?,9,-9900,?,9,0.0,E,8,-9900,?,9,-9900,?,9,0.0,0.0,E,8
08/14/2021,15:00,815.573,1330.506,469.46,1,8,325.703,1,8,269.908,1,8,56335.2,1,8,30941.76,1,8,29689.902,1,8,140.227,1,8,-9900,?,9,-9900,?,9,18.43,E,8,9.68,E,8,56.0,E,8,872.5394,E,8,999.0,E,8,1.29,E,8,-9900,?,9,-9900,?,9,0.0,E,8,-9900,?,9,-9900,?,9,0.0,0.0,E,8
08/14/2021,16:00,587.511,1330.506,350.34,1,8,430.693,1,8,160.388,1,8,42040.8,1,8,40915.842,1,8,17642.68,1,8,115.757,1,8,-9900,?,9,-9900,?,9,18.15,E,8,9.66,E,8,57.0,E,8,872.5394,E,8,999.0,E,8,0.84,E,8,-9900,?,9,-9900,?,9,0.0,E,8,-9900,?,9,-9900,?,9,0.0,0.0,E,8
08/14/2021,17:00,311.917,1330.506,199.83,1,8,560.487,1,8,69.076,1,8,23979.6,1,8,53246.242,1,8,7598.367,1,8,94.252,1,8,-9900,?,9,-9900,?,9,17.37,E,8,9.59,E,8,60.0,E,8,872.5394,E,8,999.0,E,8,0.84,E,8,-9900,?,9,-9900,?,9,0.0,E,8,-9900,?,9,-9900,?,9,0.0,0.0,E,8
08/14/2021,18:00,15.285,1330.506,41.44,1,8,0.0,1,8,41.44,1,8,4972.8,1,8,0.0,1,8,4558.4,1,8,3673.049,1,8,-9900,?,9,-9900,?,9,16.19,E,8,9.48,E,8,64.0,E,8,872.5394,E,8,999.0,E,8,0.84,E,8,-9900,?,9,-9900,?,9,0.0,E,8,-9900,?,9,-9900,?,9,0.0,0.0,E,8
08/14/2021,19:00,0.0,1330.506,0.0,1,8,0.0,1,8,0.0,1,8,0.0,1,8,0.0,1,8,0.0,1,8,-0.0,1,8,-9900,?,9,-9900,?,9,15.52,E,8,9.43,E,8,67.0,E,8,872.5394,E,8,999.0,E,8,0.84,E,8,-9900,?,9,-9900,?,9,0.0,E,8,-9900,?,9,-9900,?,9,0.0,0.0,E,8
08/14/2021,20:00,0.0,1330.506,0.0,1,8,0.0,1,8,0.0,1,8,0.0,1,8,0.0,1,8,0.0,1,8,-0.0,1,8,-9900,?,9,-9900,?,9,14.85,E,8,9.37,E,8,69.0,E,8,872.5394,E,8,999.0,E,8,0.84,E,8,-9900,?,9,-9900,?,9,0.0,E,8,-9900,?,9,-9900,?,9,0.0,0.0,E,8
08/14/2021,21:00,0.0,1330.506,0.0,1,8,0.0,1,8,0.0,1,8,0.0,1,8,0.0,1,8,0.0,1,8,-0.0,1,8,-9900,?,9,-9900,?,9,14.18,E,8,9.31,E,8,72.0,E,8,872.5394,E,8,999.0,E,8,0.84,E,8,-9900,?,9,-9900,?,9,0.0,E,8,-9900,?,9,-9900,?,9,0.0,0.0,E,8
08/14/2021,22:00,0.0,1330.506,0.0,1,8,0.0,1,8,0.0,1,8,0.0,1,8,0.0,1,8,0.0,1,8,-0.0,1,8,-9900,?,9,-9900,?,9,13.51,E,8,9.25,E,8,75.0,E,8,872.5394,E,8,999.0,E,8,0.84,E,8,-9900,?,9,-9900,?,9,0.0,E,8,-9900,?,9,-9900,?,9,0.0,0.0,E,8
08/14/2021,23:00,0.0,1330.506,0.0,1,8,0.0,1,8,0.0,1,8,0.0,1,8,0.0,1,8,0.0,1,8,-0.0,1,8,-9900,?,9,-9900,?,9,12.83,E,8,9.19,E,8,78.0,E,8,872.5394,E,8,999.0,E,8,0.84,E,8,-9900,?,9,-9900,?,9,0.0,E,8,-9900,?,9,-9900,?,9,0.0,0.0,E,8
08/14/2021,24:00,0.0,1330.506,0.0,1,8,0.0,1,8,0.0,1,8,0.0,1,8,0.0,1,8,0.0,1,8,-0.0,1,8,-9900,?,9,-9900,?,9,12.16,E,8,10.39,E,8,88.0,E,8,872.5394,E,8,999.0,E,8,0.55,E,8,-9900,?,9,-9900,?,9,0.0,E,8,-9900,?,9,-9900,?,9,0.0,0.0,E,8
08/15/2021,01:00,0.0,1330.506,0.0,1,8,0.0,1,8,0.0,1,8,0.0,1,8,0.0,1,8,0.0,1,8,-0.0,1,8,-9900,?,9,-9900,?,9,11.83,E,8,10.31,E,8,90.0,E,8,872.5394,E,8,999.0,E,8,0.55,E,8,-9900,?,9,-9900,?,9,0.0,E,8,-9900,?,9,-9900,?,9,0.0,0.0,E,8
08/15/2021,02:00,0.0,1330.506,0.0,1,8,0.0,1,8,0.0,1,8,0.0,1,8,0.0,1,8,0.0,1,8,-0.0,1,8,-9900,?,9,-9900,?,9,11.49,E,8,10.22,E,8,91.0,E,8,872.5394,E,8,999.0,E,8,0.55,E,8,-9900,?,9,-9900,?,9,0.0,E,8,-9900,?,9,-9900,?,9,0.0,0.0,E,8
08/15/2021,03:00,0.0,1330.506,0.0,1,8,0.0,1,8,0.0,1,8,0.0,1,8,0.0,1,8,0.0,1,8,-0.0,1,8,-9900,?,9,-9900,?,9,11.16,E,8,10.13,E,8,93.0,E,8,872.5394,E,8,999.0,E,8,0.55,E,8,-9900,?,9,-9900,?,9,0.0,E,8,-9900,?,9,-9900,?,9,0.0,0.0,E,8
08/15/2021,04:00,0.0,1330.993,0.0,1,8,0.0,1,8,0.0,1,8,0.0,1,8,0.0,1,8,0.0,1,8,-0.0,1,8,-9900,?,9,-9900,?,9,10.82,E,8,10.04,E,8,94.0,E,8,872.5394,E,8,999.0,E,8,0.55,E,8,-9900,?,9,-9900,?,9,0.0,E,8,-9900,?,9,-9900,?,9,0.0,0.0,E,8
08/15/2021,05:00,0.0,1330.993,0.0,1,8,0.0,1,8,0.0,1,8,0.0,1,8,0.0,1,8,0.0,1,8,-0.0,1,8,-9900,?,9,-9900,?,9,10.48,E,8,9.95,E,8,96.0,E,8,872.5394,E,8,999.0,E,8,0.55,E,8,-9900,?,9,-9900,?,9,0.0,E,8,-9900,?,9,-9900,?,9,0.0,0.0,E,8
08/15/2021,06:00,0.0,1330.993,0.0,1,8,0.0,1,8,0.0,1,8,0.0,1,8,0.0,1,8,0.0,1,8,-0.0,1,8,-9900,?,9,-9900,?,9,10.22,E,8,9.88,E,8,97.0,E,8,872.5394,E,8,999.0,E,8,0.55,E,8,-9900,?,9,-9900,?,9,0.0,E,8,-9900,?,9,-9900,?,9,0.0,0.0,E,8
08/15/2021,07:00,81.503,1330.993,0.0,1,8,0.0,1,8,0.0,1,8,0.0,1,8,0.0,1,8,0.0,1,8,0.0,1,8,-9900,?,9,-9900,?,9,10.0,E,8,9.82,E,8,98.0,E,8,872.5394,E,8,999.0,E,8,0.55,E,8,-9900,?,9,-9900,?,9,0.0,E,8,-9900,?,9,-9900,?,9,0.0,0.0,E,8
08/15/2021,08:00,379.191,1330.993,52.78,1,8,0.0,1,8,52.78,1,8,6333.6,1,8,0.0,1,8,5805.8,1,8,59.164,1,8,-9900,?,9,-9900,?,9,9.78,E,8,9.76,E,8,99.0,E,8,872.5394,E,8,999.0,E,8,0.55,E,8,-9900,?,9,-9900,?,9,0.0,E,8,-9900,?,9,-9900,?,9,0.0,0.0,E,8
08/15/2021,09:00,646.354,1330.993,165.69,1,8,7.155,1,8,162.218,1,8,19882.8,1,8,679.765,1,8,17844.034,1,8,106.431,1,8,-9900,?,9,-9900,?,9,12.78,E,8,10.55,E,8,86.0,E,8,872.5394,E,8,999.0,E,8,0.55,E,8,-9900,?,9,-9900,?,9,0.0,E,8,-9900,?,9,-9900,?,9,0.0,0.0,E,8
08/15/2021,10:00,861.993,1330.993,267.04,1,8,7.396,1,8,262.252,1,8,32044.8,1,8,702.646,1,8,28847.708,1,8,128.949,1,8,-9900,?,9,-9900,?,9,14.22,E,8,10.92,E,8,80.0,E,8,872.5394,E,8,999.0,E,8,0.55,E,8,-9900,?,9,-9900,?,9,0.0,E,8,-9900,?,9,-9900,?,9,0.0,0.0,E,8
08/15/2021,11:00,1011.155,1330.993,344.5,1,8,15.191,1,8,332.962,1,8,41340.0,1,8,1443.13,1,8,36625.82,1,8,139.539,1,8,-9900,?,9,-9900,?,9,15.47,E,8,11.24,E,8,75.0,E,8,872.5394,E,8,999.0,E,8,0.82,E,8,-9900,?,9,-9900,?,9,0.0,E,8,-9900,?,9,-9900,?,9,0.0,0.0,E,8
08/15/2021,12:00,1083.609,1330.993,391.73,1,8,23.332,1,8,372.738,1,8,47007.6,1,8,2216.508,1,8,41001.145,1,8,145.754,1,8,-9900,?,9,-9900,?,9,16.48,E,8,11.49,E,8,72.0,E,8,872.5394,E,8,999.0,E,8,1.32,E,8,-9900,?,9,-9900,?,9,0.0,E,8,-9900,?,9,-9900,?,9,0.0,0.0,E,8
08/15/2021,13:00,1074.395,1330.993,405.23,1,8,27.529,1,8,383.012,1,8,48627.6,1,8,2615.229,1,8,42131.313,1,8,151.058,1,8,-9900,?,9,-9900,?,9,17.22,E,8,11.67,E,8,69.0,E,8,872.5394,E,8,999.0,E,8,2.73,E,8,-9900,?,9,-9900,?,9,0.0,E,8,-9900,?,9,-9900,?,9,0.0,0.0,E,8
08/15/2021,14:00,984.141,1330.993,384.0,1,8,26.071,1,8,364.728,1,8,46080.0,1,8,2476.717,1,8,40120.072,1,8,157.052,1,8,-9900,?,9,-9900,?,9,17.66,E,8,11.77,E,8,68.0,E,8,872.5394,E,8,999.0,E,8,3.29,E,8,-9900,?,9,-9900,?,9,0.0,E,8,-9900,?,9,-9900,?,9,0.0,0.0,E,8
08/15/2021,15:00,819.023,1330.993,329.6,1,8,72.53,1,8,284.991,1,8,39552.0,1,8,6890.309,1,8,31348.968,1,8,147.492,1,8,-9900,?,9,-9900,?,9,17.81,E,8,11.81,E,8,67.0,E,8,872.5394,E,8,999.0,E,8,2.28,E,8,-9900,?,9,-9900,?,9,0.0,E,8,-9900,?,9,-9900,?,9,0.0,0.0,E,8
08/15/2021,16:00,590.38,1330.993,246.13,1,8,114.429,1,8,195.434,1,8,29535.6,1,8,10870.791,1,8,21497.718,1,8,140.414,1,8,-9900,?,9,-9900,?,9,17.57,E,8,11.75,E,8,68.0,E,8,872.5394,E,8,999.0,E,8,1.96,E,8,-9900,?,9,-9900,?,9,0.0,E,8,-9900,?,9,-9900,?,9,0.0,0.0,E,8
08/15/2021,17:00,314.173,1330.993,140.69,1,8,225.385,1,8,87.746,1,8,16882.8,1,8,21411.561,1,8,9652.1,1,8,118.902,1,8,-9900,?,9,-9900,?,9,16.88,E,8,11.58,E,8,70.0,E,8,872.5394,E,8,999.0,E,8,0.79,E,8,-9900,?,9,-9900,?,9,0.0,E,8,-9900,?,9,-9900,?,9,0.0,0.0,E,8
08/15/2021,18:00,16.742,1330.993,29.59,1,8,0.0,1,8,29.59,1,8,3550.8,1,8,0.0,1,8,3254.9,1,8,1942.948,1,8,-9900,?,9,-9900,?,9,15.85,E,8,11.33,E,8,74.0,E,8,872.5394,E,8,999.0,E,8,0.55,E,8,-9900,?,9,-9900,?,9,0.0,E,8,-9900,?,9,-9900,?,9,0.0,0.0,E,8
08/15/2021,19:00,0.0,1330.993,0.0,1,8,0.0,1,8,0.0,1,8,0.0,1,8,0.0,1,8,0.0,1,8,-0.0,1,8,-9900,?,9,-9900,?,9,15.18,E,8,11.16,E,8,76.0,E,8,872.5394,E,8,999.0,E,8,0.55,E,8,-9900,?,9,-9900,?,9,0.0,E,8,-9900,?,9,-9900,?,9,0.0,0.0,E,8
08/15/2021,20:00,0.0,1330.993,0.0,1,8,0.0,1,8,0.0,1,8,0.0,1,8,0.0,1,8,0.0,1,8,-0.0,1,8,-9900,?,9,-9900,?,9,14.52,E,8,11.0,E,8,79.0,E,8,872.5394,E,8,999.0,E,8,0.55,E,8,-9900,?,9,-9900,?,9,0.0,E,8,-9900,?,9,-9900,?,9,0.0,0.0,E,8
08/15/2021,21:00,0.0,1330.993,0.0,1,8,0.0,1,8,0.0,1,8,0.0,1,8,0.0,1,8,0.0,1,8,-0.0,1,8,-9900,?,9,-9900,?,9,13.85,E,8,10.83,E,8,81.0,E,8,872.5394,E,8,999.0,E,8,0.55,E,8,-9900,?,9,-9900,?,9,0.0,E,8,-9900,?,9,-9900,?,9,0.0,0.0,E,8
08/15/2021,22:00,0.0,1330.993,0.0,1,8,0.0,1,8,0.0,1,8,0.0,1,8,0.0,1,8,0.0,1,8,-0.0,1,8,-9900,?,9,-9900,?,9,13.18,E,8,10.66,E,8,84.0,E,8,872.5394,E,8,999.0,E,8,0.55,E,8,-9900,?,9,-9900,?,9,0.0,E,8,-9900,?,9,-9900,?,9,0.0,0.0,E,8
08/15/2021,23:00,0.0,1330.993,0.0,1,8,0.0,1,8,0.0,1,8,0.0,1,8,0.0,1,8,0.0,1,8,-0.0,1,8,-9900,?,9,-9900,?,9,12.52,E,8,10.49,E,8,87.0,E,8,872.5394,E,8,999.0,E,8,0.55,E,8,-9900,?,9,-9900,?,9,0.0,E,8,-9900,?,9,-9900,?,9,0.0,0.0,E,8
08/15/2021,24:00,0.0,1330.993,0.0,1,8,0.0,1,8,0.0,1,8,0.0,1,8,0.0,1,8,0.0,1,8,-0.0,1,8,-9900,?,9,-9900,?,9,11.85,E,8,9.06,E,8,83.0,E,8,872.5394,E,8,999.0,E,8,0.45,E,8,-9900,?,9,-9900,?,9,0.0,E,8,-9900,?,9,-9900,?,9,0.0,0.0,E,8
08/16/2021,01:00,0.0,1330.993,0.0,1,8,0.0,1,8,0.0,1,8,0.0,1,8,0.0,1,8,0.0,1,8,-0.0,1,8,-9900,?,9,-9900,?,9,11.51,E,8,8.95,E,8,84.0,E,8,872.5394,E,8,999.0,E,8,0.45,E,8,-9900,?,9,-9900,?,9,0.0,E,8,-9900,?,9,-9900,?,9,0.0,0.0,E,8
08/16/2021,02:00,0.0,1330.993,0.0,1,8,0.0,1,8,0.0,1,8,0.0,1,8,0.0,1,8,0.0,1,8,-0.0,1,8,-9900,?,9,-9900,?,9,11.18,E,8,8.84,E,8,85.0,E,8,872.5394,E,8,999.0,E,8,0.45,E,8,-9900,?,9,-9900,?,9,0.0,E,8,-9900,?,9,-9900,?,9,0.0,0.0,E,8
08/16/2021,03:00,0.0,1330.993,0.0,1,8,0.0,1,8,0.0,1,8,0.0,1,8,0.0,1,8,0.0,1,8,-0.0,1,8,-9900,?,9,-9900,?,9,10.85,E,8,8.73,E,8,86.0,E,8,872.5394,E,8,999.0,E,8,0.45,E,8,-9900,?,9,-9900,?,9,0.0,E,8,-9900,?,9,-9900,?,9,0.0,0.0,E,8
08/16/2021,04:00,0.0,1331.49,0.0,1,8,0.0,1,8,0.0,1,8,0.0,1,8,0.0,1,8,0.0,1,8,-0.0,1,8,-9900,?,9,-9900,?,9,10.51,E,8,8.61,E,8,88.0,E,8,872.5394,E,8,999.0,E,8,0.45,E,8,-9900,?,9,-9900,?,9,0.0,E,8,-9900,?,9,-9900,?,9,0.0,0.0,E,8
08/16/2021,05:00,0.0,1331.49,0.0,1,8,0.0,1,8,0.0,1,8,0.0,1,8,0.0,1,8,0.0,1,8,-0.0,1,8,-9900,?,9,-9900,?,9,10.18,E,8,8.5,E,8,89.0,E,8,872.5394,E,8,999.0,E,8,0.45,E,8,-9900,?,9,-9900,?,9,0.0,E,8,-9900,?,9,-9900,?,9,0.0,0.0,E,8
08/16/2021,06:00,0.0,1331.49,0.0,1,8,0.0,1,8,0.0,1,8,0.0,1,8,0.0,1,8,0.0,1,8,-0.0,1,8,-9900,?,9,-9900,?,9,9.92,E,8,8.41,E,8,90.0,E,8,872.5394,E,8,999.0,E,8,0.45,E,8,-9900,?,9,-9900,?,9,0.0,E,8,-9900,?,9,-9900,?,9,0.0,0.0,E,8
08/16/2021,07:00,85.245,1331.49,0.0,1,8,0.0,1,8,0.0,1,8,0.0,1,8,0.0,1,8,0.0,1,8,0.0,1,8,-9900,?,9,-9900,?,9,9.7,E,8,8.34,E,8,91.0,E,8,872.5394,E,8,999.0,E,8,0.45,E,8,-9900,?,9,-9900,?,9,0.0,E,8,-9900,?,9,-9900,?,9,0.0,0.0,E,8
08/16/2021,08:00,383.514,1331.49,80.24,1,8,0.0,1,8,80.24,1,8,9628.8,1,8,0.0,1,8,8826.4,1,8,88.958,1,8,-9900,?,9,-9900,?,9,9.48,E,8,8.26,E,8,92.0,E,8,872.5394,E,8,999.0,E,8,0.45,E,8,-9900,?,9,-9900,?,9,0.0,E,8,-9900,?,9,-9900,?,9,0.0,0.0,E,8
08/16/2021,09:00,651.004,1331.49,247.78,1,8,69.637,1,8,213.764,1,8,29733.6,1,8,6615.511,1,8,23514.058,1,8,139.298,1,8,-9900,?,9,-9900,?,9,12.8,E,8,9.37,E,8,79.0,E,8,872.5394,E,8,999.0,E,8,0.45,E,8,-9900,?,9,-9900,?,9,0.0,E,8,-9900,?,9,-9900,?,9,0.0,0.0,E,8
08/16/2021,10:00,866.816,1331.49,397.92,1,8,103.122,1,8,330.813,1,8,47750.4,1,8,9796.633,1,8,36389.411,1,8,161.814,1,8,-9900,?,9,-9900,?,9,14.37,E,8,9.87,E,8,74.0,E,8,872.5394,E,8,999.0,E,8,0.45,E,8,-9900,?,9,-9900,?,9,0.0,E,8,-9900,?,9,-9900,?,9,0.0,0.0,E,8
08/16/2021,11:00,1015.993,1331.49,512.58,1,8,180.366,1,8,374.981,1,8,61509.6,1,8,17134.724,1,8,41247.936,1,8,156.458,1,8,-9900,?,9,-9900,?,9,15.74,E,8,10.3,E,8,70.0,E,8,872.5394,E,8,999.0,E,8,0.55,E,8,-9900,?,9,-9900,?,9,0.0,E,8,-9900,?,9,-9900,?,9,0.0,0.0,E,8
08/16/2021,12:00,1088.301,1331.49,582.43,1,8,185.184,1,8,431.091,1,8,69891.6,1,8,17592.446,1,8,47420.037,1,8,167.908,1,8,-9900,?,9,-9900,?,9,16.85,E,8,10.63,E,8,66.0,E,8,872.5394,E,8,999.0,E,8,1.05,E,8,-9900,?,9,-9900,?,9,0.0,E,8,-9900,?,9,-9900,?,9,0.0,0.0,E,8
08/16/2021,13:00,1078.791,1331.49,602.25,1,8,226.937,1,8,418.411,1,8,72270.0,1,8,21559.03,1,8,46025.19,1,8,164.407,1,8,-9900,?,9,-9900,?,9,17.65,E,8,10.87,E,8,64.0,E,8,872.5394,E,8,999.0,E,8,1.75,E,8,-9900,?,9,-9900,?,9,0.0,E,8,-9900,?,9,-9900,?,9,0.0,0.0,E,8
08/16/2021,14:00,988.112,1331.49,570.62,1,8,301.185,1,8,347.162,1,8,68474.4,1,8,28612.543,1,8,38187.773,1,8,148.942,1,8,-9900,?,9,-9900,?,9,18.13,E,8,11.01,E,8,63.0,E,8,872.5394,E,8,999.0,E,8,2.45,E,8,-9900,?,9,-9900,?,9,0.0,E,8,-9900,?,9,-9900,?,9,0.0,0.0,E,8
08/16/2021,15:00,822.469,1331.49,489.84,1,8,364.65,1,8,264.701,1,8,58780.8,1,8,34641.746,1,8,29117.102,1,8,136.468,1,8,-9900,?,9,-9900,?,9,18.29,E,8,11.06,E,8,62.0,E,8,872.5394,E,8,999.0,E,8,2.35,E,8,-9900,?,9,-9900,?,9,0.0,E,8,-9900,?,9,-9900,?,9,0.0,0.0,E,8
08/16/2021,16:00,593.236,1331.49,365.99,1,8,485.086,1,8,150.118,1,8,43918.8,1,8,46083.168,1,8,16513.001,1,8,107.376,1,8,-9900,?,9,-9900,?,9,18.02,E,8,10.98,E,8,63.0,E,8,872.5394,E,8,999.0,E,8,2.49,E,8,-9900,?,9,-9900,?,9,0.0,E,8,-9900,?,9,-9900,?,9,0.0,0.0,E,8
08/16/2021,17:00,316.411,1331.49,209.6,1,8,586.227,1,8,70.955,1,8,25152.0,1,8,55691.533,1,8,7805.028,1,8,95.498,1,8,-9900,?,9,-9900,?,9,17.27,E,8,10.76,E,8,65.0,E,8,872.5394,E,8,999.0,E,8,2.66,E,8,-9900,?,9,-9900,?,9,0.0,E,8,-9900,?,9,-9900,?,9,0.0,0.0,E,8
08/16/2021,18:00,18.188,1331.49,44.64,1,8,0.0,1,8,44.64,1,8,5356.8,1,8,0.0,1,8,4910.4,1,8,2333.389,1,8,-9900,?,9,-9900,?,9,16.14,E,8,10.42,E,8,68.0,E,8,872.5394,E,8,999.0,E,8,1.89,E,8,-9900,?,9,-9900,?,9,0.0,E,8,-9900,?,9,-9900,?,9,0.0,0.0,E,8
08/16/2021,19:00,0.0,1331.49,0.0,1,8,0.0,1,8,0.0,1,8,0.0,1,8,0.0,1,8,0.0,1,8,-0.0,1,8,-9900,?,9,-9900,?,9,15.46,E,8,10.21,E,8,70.0,E,8,872.5394,E,8,999.0,E,8,0.65,E,8,-9900,?,9,-9900,?,9,0.0,E,8,-9900,?,9,-9900,?,9,0.0,0.0,E,8
08/16/2021,20:00,0.0,1331.49,0.0,1,8,0.0,1,8,0.0,1,8,0.0,1,8,0.0,1,8,0.0,1,8,-0.0,1,8,-9900,?,9,-9900,?,9,14.77,E,8,10.0,E,8,73.0,E,8,872.5394,E,8,999.0,E,8,0.45,E,8,-9900,?,9,-9900,?,9,0.0,E,8,-9900,?,9,-9900,?,9,0.0,0.0,E,8
08/16/2021,21:00,0.0,1331.49,0.0,1,8,0.0,1,8,0.0,1,8,0.0,1,8,0.0,1,8,0.0,1,8,-0.0,1,8,-9900,?,9,-9900,?,9,14.08,E,8,9.78,E,8,75.0,E,8,872.5394,E,8,999.0,E,8,0.45,E,8,-9900,?,9,-9900,?,9,0.0,E,8,-9900,?,9,-9900,?,9,0.0,0.0,E,8
08/16/2021,22:00,0.0,1331.49,0.0,1,8,0.0,1,8,0.0,1,8,0.0,1,8,0.0,1,8,0.0,1,8,-0.0,1,8,-9900,?,9,-9900,?,9,13.4,E,8,9.57,E,8,77.0,E,8,872.5394,E,8,999.0,E,8,0.45,E,8,-9900,?,9,-9900,?,9,0.0,E,8,-9900,?,9,-9900,?,9,0.0,0.0,E,8
08/16/2021,23:00,0.0,1331.49,0.0,1,8,0.0,1,8,0.0,1,8,0.0,1,8,0.0,1,8,0.0,1,8,-0.0,1,8,-9900,?,9,-9900,?,9,12.71,E,8,9.34,E,8,79.0,E,8,872.5394,E,8,999.0,E,8,0.45,E,8,-9900,?,9,-9900,?,9,0.0,E,8,-9900,?,9,-9900,?,9,0.0,0.0,E,8
08/16/2021,24:00,0.0,1331.49,0.0,1,8,0.0,1,8,0.0,1,8,0.0,1,8,0.0,1,8,0.0,1,8,-0.0,1,8,-9900,?,9,-9900,?,9,12.02,E,8,10.08,E,8,87.0,E,8,872.5394,E,8,999.0,E,8,0.59,E,8,-9900,?,9,-9900,?,9,0.0,E,8,-9900,?,9,-9900,?,9,0.0,0.0,E,8
08/17/2021,01:00,0.0,1331.49,0.0,1,8,0.0,1,8,0.0,1,8,0.0,1,8,0.0,1,8,0.0,1,8,-0.0,1,8,-9900,?,9,-9900,?,9,11.68,E,8,9.96,E,8,89.0,E,8,872.5394,E,8,999.0,E,8,0.59,E,8,-9900,?,9,-9900,?,9,0.0,E,8,-9900,?,9,-9900,?,9,0.0,0.0,E,8
08/17/2021,02:00,0.0,1331.49,0.0,1,8,0.0,1,8,0.0,1,8,0.0,1,8,0.0,1,8,0.0,1,8,-0.0,1,8,-9900,?,9,-9900,?,9,11.34,E,8,9.84,E,8,90.0,E,8,872.5394,E,8,999.0,E,8,0.59,E,8,-9900,?,9,-9900,?,9,0.0,E,8,-9900,?,9,-9900,?,9,0.0,0.0,E,8
08/17/2021,03:00,0.0,1331.49,0.0,1,8,0.0,1,8,0.0,1,8,0.0,1,8,0.0,1,8,0.0,1,8,-0.0,1,8,-9900,?,9,-9900,?,9,10.99,E,8,9.71,E,8,91.0,E,8,872.5394,E,8,999.0,E,8,0.59,E,8,-9900,?,9,-9900,?,9,0.0,E,8,-9900,?,9,-9900,?,9,0.0,0.0,E,8
08/17/2021,04:00,0.0,1331.998,0.0,1,8,0.0,1,8,0.0,1,8,0.0,1,8,0.0,1,8,0.0,1,8,-0.0,1,8,-9900,?,9,-9900,?,9,10.65,E,8,9.59,E,8,93.0,E,8,872.5394,E,8,999.0,E,8,0.59,E,8,-9900,?,9,-9900,?,9,0.0,E,8,-9900,?,9,-9900,?,9,0.0,0.0,E,8
08/17/2021,05:00,0.0,1331.998,0.0,1,8,0.0,1,8,0.0,1,8,0.0,1,8,0.0,1,8,0.0,1,8,-0.0,1,8,-9900,?,9,-9900,?,9,10.31,E,8,9.47,E,8,94.0,E,8,872.5394,E,8,999.0,E,8,0.59,E,8,-9900,?,9,-9900,?,9,0.0,E,8,-9900,?,9,-9900,?,9,0.0,0.0,E,8
08/17/2021,06:00,0.0,1331.998,0.0,1,8,0.0,1,8,0.0,1,8,0.0,1,8,0.0,1,8,0.0,1,8,-0.0,1,8,-9900,?,9,-9900,?,9,10.04,E,8,9.37,E,8,95.0,E,8,872.5394,E,8,999.0,E,8,0.59,E,8,-9900,?,9,-9900,?,9,0.0,E,8,-9900,?,9,-9900,?,9,0.0,0.0,E,8
08/17/2021,07:00,89.075,1331.998,0.0,1,8,0.0,1,8,0.0,1,8,0.0,1,8,0.0,1,8,0.0,1,8,0.0,1,8,-9900,?,9,-9900,?,9,9.82,E,8,9.29,E,8,96.0,E,8,872.5394,E,8,999.0,E,8,0.59,E,8,-9900,?,9,-9900,?,9,0.0,E,8,-9900,?,9,-9900,?,9,0.0,0.0,E,8
08/17/2021,08:00,387.913,1331.998,66.96,1,8,0.0,1,8,66.96,1,8,8035.2,1,8,0.0,1,8,7365.6,1,8,73.415,1,8,-9900,?,9,-9900,?,9,9.59,E,8,9.2,E,8,97.0,E,8,872.5394,E,8,999.0,E,8,0.59,E,8,-9900,?,9,-9900,?,9,0.0,E,8,-9900,?,9,-9900,?,9,0.0,0.0,E,8
08/17/2021,09:00,655.722,1331.998,258.43,1,8,80.445,1,8,218.864,1,8,31011.6,1,8,7642.31,1,8,24075.064,1,8,141.647,1,8,-9900,?,9,-9900,?,9,13.25,E,8,10.51,E,8,83.0,E,8,872.5394,E,8,999.0,E,8,0.6,E,8,-9900,?,9,-9900,?,9,0.0,E,8,-9900,?,9,-9900,?,9,0.0,0.0,E,8
08/17/2021,10:00,871.696,1331.998,420.77,1,8,151.754,1,8,321.497,1,8,50492.4,1,8,14416.673,1,8,35364.629,1,8,156.435,1,8,-9900,?,9,-9900,?,9,15.18,E,8,11.16,E,8,76.0,E,8,872.5394,E,8,999.0,E,8,0.59,E,8,-9900,?,9,-9900,?,9,0.0,E,8,-9900,?,9,-9900,?,9,0.0,0.0,E,8
08/17/2021,11:00,1020.874,1331.998,419.18,1,8,89.744,1,8,350.413,1,8,50301.6,1,8,8525.655,1,8,38545.382,1,8,145.563,1,8,-9900,?,9,-9900,?,9,16.14,E,8,11.48,E,8,73.0,E,8,872.5394,E,8,999.0,E,8,0.59,E,8,-9900,?,9,-9900,?,9,0.0,E,8,-9900,?,9,-9900,?,9,0.0,0.0,E,8
08/17/2021,12:00,1093.022,1331.998,219.0,1,8,4.506,1,8,215.303,1,8,26280.0,1,8,428.037,1,8,23683.357,1,8,83.529,1,8,-9900,?,9,-9900,?,9,15.81,E,8,11.37,E,8,74.0,E,8,872.5394,E,8,999.0,E,8,0.59,E,8,-9900,?,9,-9900,?,9,0.0,E,8,-9900,?,9,-9900,?,9,0.0,0.0,E,8
08/17/2021,13:00,1083.203,1331.998,491.95,1,8,127.885,1,8,387.968,1,8,59034.0,1,8,12149.036,1,8,42676.456,1,8,151.882,1,8,-9900,?,9,-9900,?,9,16.62,E,8,11.63,E,8,72.0,E,8,872.5394,E,8,999.0,E,8,0.91,E,8,-9900,?,9,-9900,?,9,0.0,E,8,-9900,?,9,-9900,?,9,0.0,0.0,E,8
08/17/2021,14:00,992.086,1331.998,466.03,1,8,115.657,1,8,379.908,1,8,55923.6,1,8,10987.405,1,8,41789.86,1,8,162.4,1,8,-9900,?,9,-9900,?,9,17.11,E,8,11.79,E,8,70.0,E,8,872.5394,E,8,999.0,E,8,2.81,E,8,-9900,?,9,-9900,?,9,0.0,E,8,-9900,?,9,-9900,?,9,0.0,0.0,E,8
08/17/2021,15:00,825.908,1331.998,400.08,1,8,142.36,1,8,311.851,1,8,48009.6,1,8,13524.227,1,8,34303.573,1,8,160.167,1,8,-9900,?,9,-9900,?,9,17.3,E,8,11.85,E,8,70.0,E,8,872.5394,E,8,999.0,E,8,3.83,E,8,-9900,?,9,-9900,?,9,0.0,E,8,-9900,?,9,-9900,?,9,0.0,0.0,E,8
08/17/2021,16:00,596.079,1331.998,299.06,1,8,233.19,1,8,194.827,1,8,35887.2,1,8,22153.05,1,8,21431.022,1,8,138.742,1,8,-9900,?,9,-9900,?,9,17.11,E,8,11.79,E,8,70.0,E,8,872.5394,E,8,999.0,E,8,2.4,E,8,-9900,?,9,-9900,?,9,0.0,E,8,-9900,?,9,-9900,?,9,0.0,0.0,E,8
08/17/2021,17:00,318.632,1331.998,171.53,1,8,408.158,1,8,74.352,1,8,20583.6,1,8,38774.976,1,8,8178.72,1,8,99.404,1,8,-9900,?,9,-9900,?,9,16.47,E,8,11.58,E,8,72.0,E,8,872.5394,E,8,999.0,E,8,1.48,E,8,-9900,?,9,-9900,?,9,0.0,E,8,-9900,?,9,-9900,?,9,0.0,0.0,E,8
08/17/2021,18:00,19.625,1331.998,36.94,1,8,0.0,1,8,36.94,1,8,4432.8,1,8,0.0,1,8,4063.4,1,8,1607.019,1,8,-9900,?,9,-9900,?,9,15.49,E,8,11.26,E,8,75.0,E,8,872.5394,E,8,999.0,E,8,0.59,E,8,-9900,?,9,-9900,?,9,0.0,E,8,-9900,?,9,-9900,?,9,0.0,0.0,E,8
08/17/2021,19:00,0.0,1331.998,0.0,1,8,0.0,1,8,0.0,1,8,0.0,1,8,0.0,1,8,0.0,1,8,-0.0,1,8,-9900,?,9,-9900,?,9,14.84,E,8,11.05,E,8,78.0,E,8,872.5394,E,8,999.0,E,8,0.59,E,8,-9900,?,9,-9900,?,9,0.0,E,8,-9900,?,9,-9900,?,9,0.0,0.0,E,8
08/17/2021,20:00,0.0,1331.998,0.0,1,8,0.0,1,8,0.0,1,8,0.0,1,8,0.0,1,8,0.0,1,8,-0.0,1,8,-9900,?,9,-9900,?,9,14.2,E,8,10.83,E,8,80.0,E,8,872.5394,E,8,999.0,E,8,0.59,E,8,-9900,?,9,-9900,?,9,0.0,E,8,-9900,?,9,-9900,?,9,0.0,0.0,E,8
08/17/2021,21:00,0.0,1331.998,0.0,1,8,0.0,1,8,0.0,1,8,0.0,1,8,0.0,1,8,0.0,1,8,-0.0,1,8,-9900,?,9,-9900,?,9,13.55,E,8,10.61,E,8,82.0,E,8,872.5394,E,8,999.0,E,8,0.59,E,8,-9900,?,9,-9900,?,9,0.0,E,8,-9900,?,9,-9900,?,9,0.0,0.0,E,8
08/17/2021,22:00,0.0,1331.998,0.0,1,8,0.0,1,8,0.0,1,8,0.0,1,8,0.0,1,8,0.0,1,8,-0.0,1,8,-9900,?,9,-9900,?,9,12.9,E,8,10.39,E,8,84.0,E,8,872.5394,E,8,999.0,E,8,0.59,E,8,-9900,?,9,-9900,?,9,0.0,E,8,-9900,?,9,-9900,?,9,0.0,0.0,E,8
08/17/2021,23:00,0.0,1331.998,0.0,1,8,0.0,1,8,0.0,1,8,0.0,1,8,0.0,1,8,0.0,1,8,-0.0,1,8,-9900,?,9,-9900,?,9,12.26,E,8,10.17,E,8,87.0,E,8,872.5394,E,8,999.0,E,8,0.59,E,8,-9900,?,9,-9900,?,9,0.0,E,8,-9900,?,9,-9900,?,9,0.0,0.0,E,8
08/17/2021,24:00,0.0,1331.998,0.0,1,8,0.0,1,8,0.0,1,8,0.0,1,8,0.0,1,8,0.0,1,8,-0.0,1,8,-9900,?,9,-9900,?,9,11.61,E,8,10.12,E,8,90.0,E,8,872.5394,E,8,999.0,E,8,0.92,E,8,-9900,?,9,-9900,?,9,0.0,E,8,-9900,?,9,-9900,?,9,0.0,0.0,E,8
08/18/2021,01:00,0.0,1331.998,0.0,1,8,0.0,1,8,0.0,1,8,0.0,1,8,0.0,1,8,0.0,1,8,-0.0,1,8,-9900,?,9,-9900,?,9,11.29,E,8,10.01,E,8,91.0,E,8,872.5394,E,8,999.0,E,8,0.92,E,8,-9900,?,9,-9900,?,9,0.0,E,8,-9900,?,9,-9900,?,9,0.0,0.0,E,8
08/18/2021,02:00,0.0,1331.998,0.0,1,8,0.0,1,8,0.0,1,8,0.0,1,8,0.0,1,8,0.0,1,8,-0.0,1,8,-9900,?,9,-9900,?,9,10.97,E,8,9.89,E,8,93.0,E,8,872.5394,E,8,999.0,E,8,0.92,E,8,-9900,?,9,-9900,?,9,0.0,E,8,-9900,?,9,-9900,?,9,0.0,0.0,E,8
08/18/2021,03:00,0.0,1331.998,0.0,1,8,0.0,1,8,0.0,1,8,0.0,1,8,0.0,1,8,0.0,1,8,-0.0,1,8,-9900,?,9,-9900,?,9,10.65,E,8,9.78,E,8,94.0,E,8,872.5394,E,8,999.0,E,8,0.92,E,8,-9900,?,9,-9900,?,9,0.0,E,8,-9900,?,9,-9900,?,9,0.0,0.0,E,8
08/18/2021,04:00,0.0,1332.516,0.0,1,8,0.0,1,8,0.0,1,8,0.0,1,8,0.0,1,8,0.0,1,8,-0.0,1,8,-9900,?,9,-9900,?,9,10.32,E,8,9.66,E,8,95.0,E,8,872.5394,E,8,999.0,E,8,0.92,E,8,-9900,?,9,-9900,?,9,0.0,E,8,-9900,?,9,-9900,?,9,0.0,0.0,E,8
08/18/2021,05:00,0.0,1332.516,0.0,1,8,0.0,1,8,0.0,1,8,0.0,1,8,0.0,1,8,0.0,1,8,-0.0,1,8,-9900,?,9,-9900,?,9,10.0,E,8,9.55,E,8,96.0,E,8,872.5394,E,8,999.0,E,8,0.92,E,8,-9900,?,9,-9900,?,9,0.0,E,8,-9900,?,9,-9900,?,9,0.0,0.0,E,8
08/18/2021,06:00,0.0,1332.516,0.0,1,8,0.0,1,8,0.0,1,8,0.0,1,8,0.0,1,8,0.0,1,8,-0.0,1,8,-9900,?,9,-9900,?,9,9.75,E,8,9.46,E,8,98.0,E,8,872.5394,E,8,999.0,E,8,0.92,E,8,-9900,?,9,-9900,?,9,0.0,E,8,-9900,?,9,-9900,?,9,0.0,0.0,E,8
08/18/2021,07:00,92.991,1332.516,0.0,1,8,0.0,1,8,0.0,1,8,0.0,1,8,0.0,1,8,0.0,1,8,0.0,1,8,-9900,?,9,-9900,?,9,9.54,E,8,9.38,E,8,98.0,E,8,872.5394,E,8,999.0,E,8,0.92,E,8,-9900,?,9,-9900,?,9,0.0,E,8,-9900,?,9,-9900,?,9,0.0,0.0,E,8
08/18/2021,08:00,392.388,1332.516,47.8,1,8,0.0,1,8,47.8,1,8,5736.0,1,8,0.0,1,8,5258.0,1,8,51.827,1,8,-9900,?,9,-9900,?,9,9.32,E,8,9.3,E,8,99.0,E,8,872.5394,E,8,999.0,E,8,0.92,E,8,-9900,?,9,-9900,?,9,0.0,E,8,-9900,?,9,-9900,?,9,0.0,0.0,E,8
08/18/2021,09:00,660.504,1332.516,143.12,1,8,3.939,1,8,141.169,1,8,17174.4,1,8,374.17,1,8,15528.639,1,8,90.736,1,8,-9900,?,9,-9900,?,9,12.32,E,8,10.36,E,8,87.0,E,8,872.5394,E,8,999.0,E,8,0.92,E,8,-9900,?,9,-9900,?,9,0.0,E,8,-9900,?,9,-9900,?,9,0.0,0.0,E,8
08/18/2021,10:00,876.629,1332.516,228.27,1,8,3.969,1,8,225.66,1,8,27392.4,1,8,377.095,1,8,24822.558,1,8,109.226,1,8,-9900,?,9,-9900,?,9,13.7,E,8,10.83,E,8,82.0,E,8,872.5394,E,8,999.0,E,8,0.92,E,8,-9900,?,9,-9900,?,9,0.0,E,8,-9900,?,9,-9900,?,9,0.0,0.0,E,8
08/18/2021,11:00,1025.795,1332.516,293.2,1,8,11.179,1,8,284.596,1,8,35184.0,1,8,1061.96,1,8,31305.593,1,8,117.701,1,8,-9900,?,9,-9900,?,9,14.91,E,8,11.23,E,8,78.0,E,8,872.5394,E,8,999.0,E,8,0.98,E,8,-9900,?,9,-9900,?,9,0.0,E,8,-9900,?,9,-9900,?,9,0.0,0.0,E,8
08/18/2021,12:00,1097.77,1332.516,332.66,1,8,13.107,1,8,321.863,1,8,39919.2,1,8,1245.193,1,8,35404.961,1,8,124.378,1,8,-9900,?,9,-9900,?,9,15.88,E,8,11.55,E,8,75.0,E,8,872.5394,E,8,999.0,E,8,1.25,E,8,-9900,?,9,-9900,?,9,0.0,E,8,-9900,?,9,-9900,?,9,0.0,0.0,E,8
08/18/2021,13:00,1087.629,1332.516,281.58,1,8,2.073,1,8,279.888,1,8,33789.6,1,8,196.93,1,8,30787.709,1,8,109.167,1,8,-9900,?,9,-9900,?,9,16.26,E,8,11.67,E,8,74.0,E,8,872.5394,E,8,999.0,E,8,0.98,E,8,-9900,?,9,-9900,?,9,0.0,E,8,-9900,?,9,-9900,?,9,0.0,0.0,E,8
08/18/2021,14:00,996.063,1332.516,180.31,1,8,10.22,1,8,172.672,1,8,21637.2,1,8,970.884,1,8,18993.962,1,8,73.546,1,8,-9900,?,9,-9900,?,9,16.07,E,8,11.61,E,8,74.0,E,8,872.5394,E,8,999.0,E,8,1.02,E,8,-9900,?,9,-9900,?,9,0.0,E,8,-9900,?,9,-9900,?,9,0.0,0.0,E,8
08/18/2021,15:00,829.34,1332.516,485.51,1,8,290.84,1,8,304.579,1,8,58261.2,1,8,27629.765,1,8,33503.715,1,8,155.845,1,8,-9900,?,9,-9900,?,9,17.13,E,8,11.94,E,8,71.0,E,8,872.5394,E,8,999.0,E,8,0.92,E,8,-9900,?,9,-9900,?,9,0.0,E,8,-9900,?,9,-9900,?,9,0.0,0.0,E,8
08/18/2021,16:00,598.907,1332.516,180.29,1,8,18.501,1,8,171.984,1,8,21634.8,1,8,1757.588,1,8,18918.266,1,8,121.942,1,8,-9900,?,9,-9900,?,9,16.72,E,8,11.81,E,8,72.0,E,8,872.5394,E,8,999.0,E,8,0.92,E,8,-9900,?,9,-9900,?,9,0.0,E,8,-9900,?,9,-9900,?,9,0.0,0.0,E,8
08/18/2021,17:00,320.836,1332.516,120.07,1,8,111.73,1,8,93.293,1,8,14408.4,1,8,10614.373,1,8,10262.227,1,8,123.91,1,8,-9900,?,9,-9900,?,9,16.08,E,8,11.61,E,8,74.0,E,8,872.5394,E,8,999.0,E,8,0.95,E,8,-9900,?,9,-9900,?,9,0.0,E,8,-9900,?,9,-9900,?,9,0.0,0.0,E,8
08/18/2021,18:00,21.051,1332.516,26.14,1,8,0.0,1,8,26.14,1,8,3136.8,1,8,0.0,1,8,2875.4,1,8,975.49,1,8,-9900,?,9,-9900,?,9,15.09,E,8,11.29,E,8,78.0,E,8,872.5394,E,8,999.0,E,8,0.92,E,8,-9900,?,9,-9900,?,9,0.0,E,8,-9900,?,9,-9900,?,9,0.0,0.0,E,8
08/18/2021,19:00,0.0,1332.516,0.0,1,8,0.0,1,8,0.0,1,8,0.0,1,8,0.0,1,8,0.0,1,8,-0.0,1,8,-9900,?,9,-9900,?,9,14.4,E,8,11.06,E,8,80.0,E,8,872.5394,E,8,999.0,E,8,0.92,E,8,-9900,?,9,-9900,?,9,0.0,E,8,-9900,?,9,-9900,?,9,0.0,0.0,E,8
08/18/2021,20:00,0.0,1332.516,0.0,1,8,0.0,1,8,0.0,1,8,0.0,1,8,0.0,1,8,0.0,1,8,-0.0,1,8,-9900,?,9,-9900,?,9,13.71,E,8,10.84,E,8,82.0,E,8,872.5394,E,8,999.0,E,8,0.92,E,8,-9900,?,9,-9900,?,9,0.0,E,8,-9900,?,9,-9900,?,9,0.0,0.0,E,8
08/18/2021,21:00,0.0,1332.516,0.0,1,8,0.0,1,8,0.0,1,8,0.0,1,8,0.0,1,8,0.0,1,8,-0.0,1,8,-9900,?,9,-9900,?,9,13.02,E,8,10.6,E,8,85.0,E,8,872.5394,E,8,999.0,E,8,0.92,E,8,-9900,?,9,-9900,?,9,0.0,E,8,-9900,?,9,-9900,?,9,0.0,0.0,E,8
08/18/2021,22:00,0.0,1332.516,0.0,1,8,0.0,1,8,0.0,1,8,0.0,1,8,0.0,1,8,0.0,1,8,-0.0,1,8,-9900,?,9,-9900,?,9,12.33,E,8,10.37,E,8,87.0,E,8,872.5394,E,8,999.0,E,8,0.92,E,8,-9900,?,9,-9900,?,9,0.0,E,8,-9900,?,9,-9900,?,9,0.0,0.0,E,8
08/18/2021,23:00,0.0,1332.516,0.0,1,8,0.0,1,8,0.0,1,8,0.0,1,8,0.0,1,8,0.0,1,8,-0.0,1,8,-9900,?,9,-9900,?,9,11.64,E,8,10.13,E,8,90.0,E,8,872.5394,E,8,999.0,E,8,0.92,E,8,-9900,?,9,-9900,?,9,0.0,E,8,-9900,?,9,-9900,?,9,0.0,0.0,E,8
08/18/2021,24:00,0.0,1332.516,0.0,1,8,0.0,1,8,0.0,1,8,0.0,1,8,0.0,1,8,0.0,1,8,-0.0,1,8,-9900,?,9,-9900,?,9,10.95,E,8,6.9,E,8,76.0,E,8,872.5394,E,8,999.0,E,8,0.82,E,8,-9900,?,9,-9900,?,9,0.0,E,8,-9900,?,9,-9900,?,9,0.0,0.0,E,8
08/19/2021,01:00,0.0,1332.516,0.0,1,8,0.0,1,8,0.0,1,8,0.0,1,8,0.0,1,8,0.0,1,8,-0.0,1,8,-9900,?,9,-9900,?,9,10.61,E,8,6.89,E,8,77.0,E,8,872.5394,E,8,999.0,E,8,0.82,E,8,-9900,?,9,-9900,?,9,0.0,E,8,-9900,?,9,-9900,?,9,0.0,0.0,E,8
08/19/2021,02:00,0.0,1332.516,0.0,1,8,0.0,1,8,0.0,1,8,0.0,1,8,0.0,1,8,0.0,1,8,-0.0,1,8,-9900,?,9,-9900,?,9,10.26,E,8,6.88,E,8,79.0,E,8,872.5394,E,8,999.0,E,8,0.82,E,8,-9900,?,9,-9900,?,9,0.0,E,8,-9900,?,9,-9900,?,9,0.0,0.0,E,8
08/19/2021,03:00,0.0,1332.516,0.0,1,8,0.0,1,8,0.0,1,8,0.0,1,8,0.0,1,8,0.0,1,8,-0.0,1,8,-9900,?,9,-9900,?,9,9.92,E,8,6.87,E,8,81.0,E,8,872.5394,E,8,999.0,E,8,0.82,E,8,-9900,?,9,-9900,?,9,0.0,E,8,-9900,?,9,-9900,?,9,0.0,0.0,E,8
08/19/2021,04:00,0.0,1333.043,0.0,1,8,0.0,1,8,0.0,1,8,0.0,1,8,0.0,1,8,0.0,1,8,-0.0,1,8,-9900,?,9,-9900,?,9,9.57,E,8,6.87,E,8,83.0,E,8,872.5394,E,8,999.0,E,8,0.82,E,8,-9900,?,9,-9900,?,9,0.0,E,8,-9900,?,9,-9900,?,9,0.0,0.0,E,8
08/19/2021,05:00,0.0,1333.043,0.0,1,8,0.0,1,8,0.0,1,8,0.0,1,8,0.0,1,8,0.0,1,8,-0.0,1,8,-9900,?,9,-9900,?,9,9.22,E,8,6.86,E,8,85.0,E,8,872.5394,E,8,999.0,E,8,0.82,E,8,-9900,?,9,-9900,?,9,0.0,E,8,-9900,?,9,-9900,?,9,0.0,0.0,E,8
08/19/2021,06:00,0.0,1333.043,0.0,1,8,0.0,1,8,0.0,1,8,0.0,1,8,0.0,1,8,0.0,1,8,-0.0,1,8,-9900,?,9,-9900,?,9,8.96,E,8,6.85,E,8,86.0,E,8,872.5394,E,8,999.0,E,8,0.82,E,8,-9900,?,9,-9900,?,9,0.0,E,8,-9900,?,9,-9900,?,9,0.0,0.0,E,8
08/19/2021,07:00,96.992,1333.043,0.0,1,8,0.0,1,8,0.0,1,8,0.0,1,8,0.0,1,8,0.0,1,8,0.0,1,8,-9900,?,9,-9900,?,9,8.73,E,8,6.85,E,8,87.0,E,8,872.5394,E,8,999.0,E,8,0.82,E,8,-9900,?,9,-9900,?,9,0.0,E,8,-9900,?,9,-9900,?,9,0.0,0.0,E,8
08/19/2021,08:00,396.934,1333.043,70.89,1,8,0.0,1,8,70.89,1,8,8506.8,1,8,0.0,1,8,7797.9,1,8,76.006,1,8,-9900,?,9,-9900,?,9,8.5,E,8,6.84,E,8,89.0,E,8,872.5394,E,8,999.0,E,8,0.82,E,8,-9900,?,9,-9900,?,9,0.0,E,8,-9900,?,9,-9900,?,9,0.0,0.0,E,8
08/19/2021,09:00,665.349,1333.043,239.4,1,8,42.974,1,8,217.97,1,8,28728.0,1,8,4082.488,1,8,23976.692,1,8,139.131,1,8,-9900,?,9,-9900,?,9,12.06,E,8,6.92,E,8,70.0,E,8,872.5394,E,8,999.0,E,8,0.82,E,8,-9900,?,9,-9900,?,9,0.0,E,8,-9900,?,9,-9900,?,9,0.0,0.0,E,8
08/19/2021,10:00,881.613,1333.043,292.71,1,8,12.623,1,8,284.365,1,8,35125.2,1,8,1199.156,1,8,31280.159,1,8,136.917,1,8,-9900,?,9,-9900,?,9,13.11,E,8,6.95,E,8,66.0,E,8,872.5394,E,8,999.0,E,8,0.82,E,8,-9900,?,9,-9900,?,9,0.0,E,8,-9900,?,9,-9900,?,9,0.0,0.0,E,8
08/19/2021,11:00,1030.753,1333.043,431.6,1,8,73.938,1,8,374.44,1,8,51792.0,1,8,7024.116,1,8,41188.393,1,8,154.173,1,8,-9900,?,9,-9900,?,9,14.43,E,8,6.98,E,8,60.0,E,8,872.5394,E,8,999.0,E,8,0.82,E,8,-9900,?,9,-9900,?,9,0.0,E,8,-9900,?,9,-9900,?,9,0.0,0.0,E,8
08/19/2021,12:00,1102.542,1333.043,509.83,1,8,103.976,1,8,423.845,1,8,61179.6,1,8,9877.723,1,8,46622.898,1,8,163.142,1,8,-9900,?,9,-9900,?,9,15.58,E,8,7.0,E,8,56.0,E,8,872.5394,E,8,999.0,E,8,0.82,E,8,-9900,?,9,-9900,?,9,0.0,E,8,-9900,?,9,-9900,?,9,0.0,0.0,E,8
08/19/2021,13:00,1092.066,1333.043,601.68,1,8,251.656,1,8,395.546,1,8,72201.6,1,8,23907.335,1,8,43510.068,1,8,153.711,1,8,-9900,?,9,-9900,?,9,16.7,E,8,7.03,E,8,52.0,E,8,872.5394,E,8,999.0,E,8,1.8,E,8,-9900,?,9,-9900,?,9,0.0,E,8,-9900,?,9,-9900,?,9,0.0,0.0,E,8
08/19/2021,14:00,1000.04,1333.043,598.04,1,8,301.945,1,8,371.574,1,8,71764.8,1,8,28684.814,1,8,40873.171,1,8,157.696,1,8,-9900,?,9,-9900,?,9,17.49,E,8,7.05,E,8,50.0,E,8,872.5394,E,8,999.0,E,8,1.65,E,8,-9900,?,9,-9900,?,9,0.0,E,8,-9900,?,9,-9900,?,9,0.0,0.0,E,8
08/19/2021,15:00,832.763,1333.043,692.17,1,8,729.381,1,8,236.729,1,8,83060.4,1,8,69291.176,1,8,26040.143,1,8,120.676,1,8,-9900,?,9,-9900,?,9,18.35,E,8,7.07,E,8,47.0,E,8,872.5394,E,8,999.0,E,8,1.38,E,8,-9900,?,9,-9900,?,9,0.0,E,8,-9900,?,9,-9900,?,9,0.0,0.0,E,8
08/19/2021,16:00,601.72,1333.043,499.52,1,8,793.241,1,8,141.869,1,8,59942.4,1,8,75357.894,1,8,15605.577,1,8,100.157,1,8,-9900,?,9,-9900,?,9,18.52,E,8,7.07,E,8,47.0,E,8,872.5394,E,8,999.0,E,8,1.23,E,8,-9900,?,9,-9900,?,9,0.0,E,8,-9900,?,9,-9900,?,9,0.0,0.0,E,8
08/19/2021,17:00,323.021,1333.043,358.51,1,8,526.89,1,8,231.419,1,8,43021.2,1,8,50054.537,1,8,25456.102,1,8,305.39,1,8,-9900,?,9,-9900,?,9,18.22,E,8,7.06,E,8,48.0,E,8,872.5394,E,8,999.0,E,8,1.04,E,8,-9900,?,9,-9900,?,9,0.0,E,8,-9900,?,9,-9900,?,9,0.0,0.0,E,8
08/19/2021,18:00,22.468,1333.043,122.21,1,8,0.0,1,8,122.21,1,8,14665.2,1,8,0.0,1,8,13443.1,1,8,3998.762,1,8,-9900,?,9,-9900,?,9,17.13,E,8,7.04,E,8,51.0,E,8,872.5394,E,8,999.0,E,8,0.82,E,8,-9900,?,9,-9900,?,9,0.0,E,8,-9900,?,9,-9900,?,9,0.0,0.0,E,8
08/19/2021,19:00,0.0,1333.043,0.0,1,8,0.0,1,8,0.0,1,8,0.0,1,8,0.0,1,8,0.0,1,8,-0.0,1,8,-9900,?,9,-9900,?,9,16.23,E,8,7.02,E,8,54.0,E,8,872.5394,E,8,999.0,E,8,0.82,E,8,-9900,?,9,-9900,?,9,0.0,E,8,-9900,?,9,-9900,?,9,0.0,0.0,E,8
08/19/2021,20:00,0.0,1333.043,0.0,1,8,0.0,1,8,0.0,1,8,0.0,1,8,0.0,1,8,0.0,1,8,-0.0,1,8,-9900,?,9,-9900,?,9,15.34,E,8,7.0,E,8,57.0,E,8,872.5394,E,8,999.0,E,8,0.82,E,8,-9900,?,9,-9900,?,9,0.0,E,8,-9900,?,9,-9900,?,9,0.0,0.0,E,8
08/19/2021,21:00,0.0,1333.043,0.0,1,8,0.0,1,8,0.0,1,8,0.0,1,8,0.0,1,8,0.0,1,8,-0.0,1,8,-9900,?,9,-9900,?,9,14.44,E,8,6.98,E,8,60.0,E,8,872.5394,E,8,999.0,E,8,0.82,E,8,-9900,?,9,-9900,?,9,0.0,E,8,-9900,?,9,-9900,?,9,0.0,0.0,E,8
08/19/2021,22:00,0.0,1333.043,0.0,1,8,0.0,1,8,0.0,1,8,0.0,1,8,0.0,1,8,0.0,1,8,-0.0,1,8,-9900,?,9,-9900,?,9,13.55,E,8,6.96,E,8,64.0,E,8,872.5394,E,8,999.0,E,8,0.82,E,8,-9900,?,9,-9900,?,9,0.0,E,8,-9900,?,9,-9900,?,9,0.0,0.0,E,8
08/19/2021,23:00,0.0,1333.043,0.0,1,8,0.0,1,8,0.0,1,8,0.0,1,8,0.0,1,8,0.0,1,8,-0.0,1,8,-9900,?,9,-9900,?,9,12.65,E,8,6.94,E,8,68.0,E,8,872.5394,E,8,999.0,E,8,0.82,E,8,-9900,?,9,-9900,?,9,0.0,E,8,-9900,?,9,-9900,?,9,0.0,0.0,E,8
08/19/2021,24:00,0.0,1333.043,0.0,1,8,0.0,1,8,0.0,1,8,0.0,1,8,0.0,1,8,0.0,1,8,-0.0,1,8,-9900,?,9,-9900,?,9,11.76,E,8,7.44,E,8,74.0,E,8,872.5394,E,8,999.0,E,8,0.9,E,8,-9900,?,9,-9900,?,9,0.0,E,8,-9900,?,9,-9900,?,9,0.0,0.0,E,8
08/20/2021,01:00,0.0,1333.043,0.0,1,8,0.0,1,8,0.0,1,8,0.0,1,8,0.0,1,8,0.0,1,8,-0.0,1,8,-9900,?,9,-9900,?,9,11.31,E,8,7.45,E,8,77.0,E,8,872.5394,E,8,999.0,E,8,0.9,E,8,-9900,?,9,-9900,?,9,0.0,E,8,-9900,?,9,-9900,?,9,0.0,0.0,E,8
08/20/2021,02:00,0.0,1333.043,0.0,1,8,0.0,1,8,0.0,1,8,0.0,1,8,0.0,1,8,0.0,1,8,-0.0,1,8,-9900,?,9,-9900,?,9,10.86,E,8,7.45,E,8,79.0,E,8,872.5394,E,8,999.0,E,8,0.9,E,8,-9900,?,9,-9900,?,9,0.0,E,8,-9900,?,9,-9900,?,9,0.0,0.0,E,8
08/20/2021,03:00,0.0,1333.043,0.0,1,8,0.0,1,8,0.0,1,8,0.0,1,8,0.0,1,8,0.0,1,8,-0.0,1,8,-9900,?,9,-9900,?,9,10.41,E,8,7.46,E,8,81.0,E,8,872.5394,E,8,999.0,E,8,0.9,E,8,-9900,?,9,-9900,?,9,0.0,E,8,-9900,?,9,-9900,?,9,0.0,0.0,E,8
08/20/2021,04:00,0.0,1333.581,0.0,1,8,0.0,1,8,0.0,1,8,0.0,1,8,0.0,1,8,0.0,1,8,-0.0,1,8,-9900,?,9,-9900,?,9,9.97,E,8,7.47,E,8,84.0,E,8,872.5394,E,8,999.0,E,8,0.9,E,8,-9900,?,9,-9900,?,9,0.0,E,8,-9900,?,9,-9900,?,9,0.0,0.0,E,8
08/20/2021,05:00,0.0,1333.581,0.0,1,8,0.0,1,8,0.0,1,8,0.0,1,8,0.0,1,8,0.0,1,8,-0.0,1,8,-9900,?,9,-9900,?,9,9.52,E,8,7.47,E,8,87.0,E,8,872.5394,E,8,999.0,E,8,0.9,E,8,-9900,?,9,-9900,?,9,0.0,E,8,-9900,?,9,-9900,?,9,0.0,0.0,E,8
08/20/2021,06:00,0.0,1333.581,0.0,1,8,0.0,1,8,0.0,1,8,0.0,1,8,0.0,1,8,0.0,1,8,-0.0,1,8,-9900,?,9,-9900,?,9,9.17,E,8,7.48,E,8,89.0,E,8,872.5394,E,8,999.0,E,8,0.9,E,8,-9900,?,9,-9900,?,9,0.0,E,8,-9900,?,9,-9900,?,9,0.0,0.0,E,8
08/20/2021,07:00,101.075,1333.581,0.0,1,8,0.0,1,8,0.0,1,8,0.0,1,8,0.0,1,8,0.0,1,8,0.0,1,8,-9900,?,9,-9900,?,9,8.88,E,8,7.48,E,8,90.0,E,8,872.5394,E,8,999.0,E,8,0.9,E,8,-9900,?,9,-9900,?,9,0.0,E,8,-9900,?,9,-9900,?,9,0.0,0.0,E,8
08/20/2021,08:00,401.55,1333.581,109.38,1,8,10.192,1,8,106.32,1,8,13125.6,1,8,968.225,1,8,11695.205,1,8,112.721,1,8,-9900,?,9,-9900,?,9,8.58,E,8,7.49,E,8,92.0,E,8,872.5394,E,8,999.0,E,8,0.9,E,8,-9900,?,9,-9900,?,9,0.0,E,8,-9900,?,9,-9900,?,9,0.0,0.0,E,8
08/20/2021,09:00,670.254,1333.581,273.2,1,8,85.656,1,8,230.187,1,8,32784.0,1,8,8137.299,1,8,25320.561,1,8,145.911,1,8,-9900,?,9,-9900,?,9,12.66,E,8,7.43,E,8,70.0,E,8,872.5394,E,8,999.0,E,8,0.9,E,8,-9900,?,9,-9900,?,9,0.0,E,8,-9900,?,9,-9900,?,9,0.0,0.0,E,8
08/20/2021,10:00,886.645,1333.581,379.62,1,8,105.157,1,8,309.731,1,8,45554.4,1,8,9989.94,1,8,34070.41,1,8,148.342,1,8,-9900,?,9,-9900,?,9,14.0,E,8,7.41,E,8,64.0,E,8,872.5394,E,8,999.0,E,8,0.9,E,8,-9900,?,9,-9900,?,9,0.0,E,8,-9900,?,9,-9900,?,9,0.0,0.0,E,8
08/20/2021,11:00,1035.747,1333.581,412.38,1,8,71.782,1,8,356.64,1,8,49485.6,1,8,6819.307,1,8,39230.4,1,8,146.194,1,8,-9900,?,9,-9900,?,9,14.85,E,8,7.4,E,8,60.0,E,8,872.5394,E,8,999.0,E,8,0.9,E,8,-9900,?,9,-9900,?,9,0.0,E,8,-9900,?,9,-9900,?,9,0.0,0.0,E,8
08/20/2021,12:00,1107.335,1333.581,641.16,1,8,290.878,1,8,399.662,1,8,76939.2,1,8,27633.428,1,8,43962.82,1,8,153.229,1,8,-9900,?,9,-9900,?,9,16.33,E,8,7.37,E,8,55.0,E,8,872.5394,E,8,999.0,E,8,0.9,E,8,-9900,?,9,-9900,?,9,0.0,E,8,-9900,?,9,-9900,?,9,0.0,0.0,E,8
08/20/2021,13:00,1096.512,1333.581,709.55,1,8,455.912,1,8,334.738,1,8,85146.0,1,8,43311.643,1,8,36821.143,1,8,129.605,1,8,-9900,?,9,-9900,?,9,17.56,E,8,7.36,E,8,51.0,E,8,872.5394,E,8,999.0,E,8,1.52,E,8,-9900,?,9,-9900,?,9,0.0,E,8,-9900,?,9,-9900,?,9,0.0,0.0,E,8
08/20/2021,14:00,1004.015,1333.581,714.24,1,8,587.368,1,8,272.127,1,8,85708.8,1,8,55799.959,1,8,29933.919,1,8,115.079,1,8,-9900,?,9,-9900,?,9,18.46,E,8,7.34,E,8,48.0,E,8,872.5394,E,8,999.0,E,8,1.36,E,8,-9900,?,9,-9900,?,9,0.0,E,8,-9900,?,9,-9900,?,9,0.0,0.0,E,8
08/20/2021,15:00,836.176,1333.581,600.56,1,8,732.706,1,8,141.35,1,8,72067.2,1,8,69607.085,1,8,15548.479,1,8,71.79,1,8,-9900,?,9,-9900,?,9,18.82,E,8,7.34,E,8,47.0,E,8,872.5394,E,8,999.0,E,8,0.9,E,8,-9900,?,9,-9900,?,9,0.0,E,8,-9900,?,9,-9900,?,9,0.0,0.0,E,8
08/20/2021,16:00,604.517,1333.581,425.18,1,8,779.918,1,8,72.039,1,8,51021.6,1,8,74092.218,1,8,7924.322,1,8,50.643,1,8,-9900,?,9,-9900,?,9,18.6,E,8,7.34,E,8,47.0,E,8,872.5394,E,8,999.0,E,8,0.9,E,8,-9900,?,9,-9900,?,9,0.0,E,8,-9900,?,9,-9900,?,9,0.0,0.0,E,8
08/20/2021,17:00,325.189,1333.581,210.04,1,8,701.832,1,8,39.674,1,8,25204.8,1,8,66674.073,1,8,4364.143,1,8,52.024,1,8,-9900,?,9,-9900,?,9,17.65,E,8,7.35,E,8,50.0,E,8,872.5394,E,8,999.0,E,8,0.9,E,8,-9900,?,9,-9900,?,9,0.0,E,8,-9900,?,9,-9900,?,9,0.0,0.0,E,8
08/20/2021,18:00,23.874,1333.581,38.65,1,8,0.0,1,8,38.65,1,8,4638.0,1,8,0.0,1,8,4251.5,1,8,1127.376,1,8,-9900,?,9,-9900,?,9,16.3,E,8,7.37,E,8,55.0,E,8,872.5394,E,8,999.0,E,8,0.9,E,8,-9900,?,9,-9900,?,9,0.0,E,8,-9900,?,9,-9900,?,9,0.0,0.0,E,8
08/20/2021,19:00,0.0,1333.581,0.0,1,8,0.0,1,8,0.0,1,8,0.0,1,8,0.0,1,8,0.0,1,8,-0.0,1,8,-9900,?,9,-9900,?,9,15.54,E,8,7.39,E,8,58.0,E,8,872.5394,E,8,999.0,E,8,0.9,E,8,-9900,?,9,-9900,?,9,0.0,E,8,-9900,?,9,-9900,?,9,0.0,0.0,E,8
08/20/2021,20:00,0.0,1333.581,0.0,1,8,0.0,1,8,0.0,1,8,0.0,1,8,0.0,1,8,0.0,1,8,-0.0,1,8,-9900,?,9,-9900,?,9,14.78,E,8,7.4,E,8,61.0,E,8,872.5394,E,8,999.0,E,8,0.9,E,8,-9900,?,9,-9900,?,9,0.0,E,8,-9900,?,9,-9900,?,9,0.0,0.0,E,8
08/20/2021,21:00,0.0,1333.581,0.0,1,8,0.0,1,8,0.0,1,8,0.0,1,8,0.0,1,8,0.0,1,8,-0.0,1,8,-9900,?,9,-9900,?,9,14.02,E,8,7.41,E,8,64.0,E,8,872.5394,E,8,999.0,E,8,0.9,E,8,-9900,?,9,-9900,?,9,0.0,E,8,-9900,?,9,-9900,?,9,0.0,0.0,E,8
08/20/2021,22:00,0.0,1333.581,0.0,1,8,0.0,1,8,0.0,1,8,0.0,1,8,0.0,1,8,0.0,1,8,-0.0,1,8,-9900,?,9,-9900,?,9,13.25,E,8,7.42,E,8,67.0,E,8,872.5394,E,8,999.0,E,8,0.9,E,8,-9900,?,9,-9900,?,9,0.0,E,8,-9900,?,9,-9900,?,9,0.0,0.0,E,8
08/20/2021,23:00,0.0,1333.581,0.0,1,8,0.0,1,8,0.0,1,8,0.0,1,8,0.0,1,8,0.0,1,8,-0.0,1,8,-9900,?,9,-9900,?,9,12.49,E,8,7.43,E,8,71.0,E,8,872.5394,E,8,999.0,E,8,0.9,E,8,-9900,?,9,-9900,?,9,0.0,E,8,-9900,?,9,-9900,?,9,0.0,0.0,E,8
08/20/2021,24:00,0.0,1333.581,0.0,1,8,0.0,1,8,0.0,1,8,0.0,1,8,0.0,1,8,0.0,1,8,-0.0,1,8,-9900,?,9,-9900,?,9,11.73,E,8,8.26,E,8,79.0,E,8,872.5394,E,8,999.0,E,8,0.45,E,8,-9900,?,9,-9900,?,9,0.0,E,8,-9900,?,9,-9900,?,9,0.0,0.0,E,8
08/21/2021,01:00,0.0,1333.581,0.0,1,8,0.0,1,8,0.0,1,8,0.0,1,8,0.0,1,8,0.0,1,8,-0.0,1,8,-9900,?,9,-9900,?,9,11.35,E,8,8.26,E,8,81.0,E,8,872.5394,E,8,999.0,E,8,0.45,E,8,-9900,?,9,-9900,?,9,0.0,E,8,-9900,?,9,-9900,?,9,0.0,0.0,E,8
08/21/2021,02:00,0.0,1333.581,0.0,1,8,0.0,1,8,0.0,1,8,0.0,1,8,0.0,1,8,0.0,1,8,-0.0,1,8,-9900,?,9,-9900,?,9,10.97,E,8,8.25,E,8,83.0,E,8,872.5394,E,8,999.0,E,8,0.45,E,8,-9900,?,9,-9900,?,9,0.0,E,8,-9900,?,9,-9900,?,9,0.0,0.0,E,8
08/21/2021,03:00,0.0,1333.581,0.0,1,8,0.0,1,8,0.0,1,8,0.0,1,8,0.0,1,8,0.0,1,8,-0.0,1,8,-9900,?,9,-9900,?,9,10.59,E,8,8.24,E,8,85.0,E,8,872.5394,E,8,999.0,E,8,0.45,E,8,-9900,?,9,-9900,?,9,0.0,E,8,-9900,?,9,-9900,?,9,0.0,0.0,E,8
08/21/2021,04:00,0.0,1334.128,0.0,1,8,0.0,1,8,0.0,1,8,0.0,1,8,0.0,1,8,0.0,1,8,-0.0,1,8,-9900,?,9,-9900,?,9,10.21,E,8,8.23,E,8,87.0,E,8,872.5394,E,8,999.0,E,8,0.45,E,8,-9900,?,9,-9900,?,9,0.0,E,8,-9900,?,9,-9900,?,9,0.0,0.0,E,8
08/21/2021,05:00,0.0,1334.128,0.0,1,8,0.0,1,8,0.0,1,8,0.0,1,8,0.0,1,8,0.0,1,8,-0.0,1,8,-9900,?,9,-9900,?,9,9.83,E,8,8.22,E,8,89.0,E,8,872.5394,E,8,999.0,E,8,0.45,E,8,-9900,?,9,-9900,?,9,0.0,E,8,-9900,?,9,-9900,?,9,0.0,0.0,E,8
08/21/2021,06:00,0.0,1334.128,0.0,1,8,0.0,1,8,0.0,1,8,0.0,1,8,0.0,1,8,0.0,1,8,-0.0,1,8,-9900,?,9,-9900,?,9,9.54,E,8,8.22,E,8,91.0,E,8,872.5394,E,8,999.0,E,8,0.45,E,8,-9900,?,9,-9900,?,9,0.0,E,8,-9900,?,9,-9900,?,9,0.0,0.0,E,8
08/21/2021,07:00,105.237,1334.128,0.0,1,8,0.0,1,8,0.0,1,8,0.0,1,8,0.0,1,8,0.0,1,8,0.0,1,8,-9900,?,9,-9900,?,9,9.29,E,8,8.21,E,8,93.0,E,8,872.5394,E,8,999.0,E,8,0.45,E,8,-9900,?,9,-9900,?,9,0.0,E,8,-9900,?,9,-9900,?,9,0.0,0.0,E,8
08/21/2021,08:00,406.234,1334.128,44.05,1,8,0.0,1,8,44.05,1,8,5286.0,1,8,0.0,1,8,4845.5,1,8,46.179,1,8,-9900,?,9,-9900,?,9,9.04,E,8,8.21,E,8,94.0,E,8,872.5394,E,8,999.0,E,8,0.45,E,8,-9900,?,9,-9900,?,9,0.0,E,8,-9900,?,9,-9900,?,9,0.0,0.0,E,8
08/21/2021,09:00,675.215,1334.128,341.0,1,8,229.388,1,8,225.003,1,8,40920.0,1,8,21791.836,1,8,24750.351,1,8,141.633,1,8,-9900,?,9,-9900,?,9,13.53,E,8,8.3,E,8,70.0,E,8,872.5394,E,8,999.0,E,8,0.45,E,8,-9900,?,9,-9900,?,9,0.0,E,8,-9900,?,9,-9900,?,9,0.0,0.0,E,8
08/21/2021,10:00,891.722,1334.128,333.93,1,8,21.516,1,8,319.554,1,8,40071.6,1,8,2044.025,1,8,35150.945,1,8,152.237,1,8,-9900,?,9,-9900,?,9,14.63,E,8,8.32,E,8,65.0,E,8,872.5394,E,8,999.0,E,8,0.45,E,8,-9900,?,9,-9900,?,9,0.0,E,8,-9900,?,9,-9900,?,9,0.0,0.0,E,8
08/21/2021,11:00,1040.772,1334.128,409.8,1,8,14.002,1,8,398.879,1,8,49176.0,1,8,1330.218,1,8,43876.654,1,8,162.785,1,8,-9900,?,9,-9900,?,9,15.62,E,8,8.34,E,8,61.0,E,8,872.5394,E,8,999.0,E,8,0.69,E,8,-9900,?,9,-9900,?,9,0.0,E,8,-9900,?,9,-9900,?,9,0.0,0.0,E,8
08/21/2021,12:00,1112.148,1334.128,463.88,1,8,67.014,1,8,408.024,1,8,55665.6,1,8,6366.286,1,8,44882.615,1,8,155.821,1,8,-9900,?,9,-9900,?,9,16.47,E,8,8.36,E,8,58.0,E,8,872.5394,E,8,999.0,E,8,0.95,E,8,-9900,?,9,-9900,?,9,0.0,E,8,-9900,?,9,-9900,?,9,0.0,0.0,E,8
08/21/2021,13:00,1100.965,1334.128,478.67,1,8,79.856,1,8,412.779,1,8,57440.4,1,8,7586.326,1,8,45405.723,1,8,159.24,1,8,-9900,?,9,-9900,?,9,17.1,E,8,8.37,E,8,56.0,E,8,872.5394,E,8,999.0,E,8,1.3,E,8,-9900,?,9,-9900,?,9,0.0,E,8,-9900,?,9,-9900,?,9,0.0,0.0,E,8
08/21/2021,14:00,1007.987,1334.128,453.09,1,8,114.763,1,8,366.401,1,8,54370.8,1,8,10902.509,1,8,40304.103,1,8,154.399,1,8,-9900,?,9,-9900,?,9,17.46,E,8,8.38,E,8,55.0,E,8,872.5394,E,8,999.0,E,8,1.85,E,8,-9900,?,9,-9900,?,9,0.0,E,8,-9900,?,9,-9900,?,9,0.0,0.0,E,8
08/21/2021,15:00,839.577,1334.128,389.0,1,8,151.271,1,8,293.846,1,8,46680.0,1,8,14370.784,1,8,32323.093,1,8,148.697,1,8,-9900,?,9,-9900,?,9,17.54,E,8,8.38,E,8,54.0,E,8,872.5394,E,8,999.0,E,8,2.93,E,8,-9900,?,9,-9900,?,9,0.0,E,8,-9900,?,9,-9900,?,9,0.0,0.0,E,8
08/21/2021,16:00,607.298,1334.128,291.24,1,8,187.51,1,8,205.98,1,8,34948.8,1,8,17813.494,1,8,22657.822,1,8,144.197,1,8,-9900,?,9,-9900,?,9,17.22,E,8,8.37,E,8,56.0,E,8,872.5394,E,8,999.0,E,8,2.29,E,8,-9900,?,9,-9900,?,9,0.0,E,8,-9900,?,9,-9900,?,9,0.0,0.0,E,8
08/21/2021,17:00,327.338,1334.128,168.04,1,8,366.987,1,8,78.399,1,8,20164.8,1,8,34863.783,1,8,8623.86,1,8,102.165,1,8,-9900,?,9,-9900,?,9,16.47,E,8,8.36,E,8,58.0,E,8,872.5394,E,8,999.0,E,8,1.77,E,8,-9900,?,9,-9900,?,9,0.0,E,8,-9900,?,9,-9900,?,9,0.0,0.0,E,8
08/21/2021,18:00,25.271,1334.128,37.73,1,8,0.0,1,8,37.73,1,8,4527.6,1,8,0.0,1,8,4150.3,1,8,993.898,1,8,-9900,?,9,-9900,?,9,15.39,E,8,8.34,E,8,62.0,E,8,872.5394,E,8,999.0,E,8,1.61,E,8,-9900,?,9,-9900,?,9,0.0,E,8,-9900,?,9,-9900,?,9,0.0,0.0,E,8
08/21/2021,19:00,0.0,1334.128,0.0,1,8,0.0,1,8,0.0,1,8,0.0,1,8,0.0,1,8,0.0,1,8,-0.0,1,8,-9900,?,9,-9900,?,9,14.66,E,8,8.32,E,8,65.0,E,8,872.5394,E,8,999.0,E,8,0.58,E,8,-9900,?,9,-9900,?,9,0.0,E,8,-9900,?,9,-9900,?,9,0.0,0.0,E,8
08/21/2021,20:00,0.0,1334.128,0.0,1,8,0.0,1,8,0.0,1,8,0.0,1,8,0.0,1,8,0.0,1,8,-0.0,1,8,-9900,?,9,-9900,?,9,13.93,E,8,8.31,E,8,68.0,E,8,872.5394,E,8,999.0,E,8,0.78,E,8,-9900,?,9,-9900,?,9,0.0,E,8,-9900,?,9,-9900,?,9,0.0,0.0,E,8
08/21/2021,21:00,0.0,1334.128,0.0,1,8,0.0,1,8,0.0,1,8,0.0,1,8,0.0,1,8,0.0,1,8,-0.0,1,8,-9900,?,9,-9900,?,9,13.2,E,8,8.29,E,8,72.0,E,8,872.5394,E,8,999.0,E,8,0.86,E,8,-9900,?,9,-9900,?,9,0.0,E,8,-9900,?,9,-9900,?,9,0.0,0.0,E,8
08/21/2021,22:00,0.0,1334.128,0.0,1,8,0.0,1,8,0.0,1,8,0.0,1,8,0.0,1,8,0.0,1,8,-0.0,1,8,-9900,?,9,-9900,?,9,12.46,E,8,8.28,E,8,75.0,E,8,872.5394,E,8,999.0,E,8,1.05,E,8,-9900,?,9,-9900,?,9,0.0,E,8,-9900,?,9,-9900,?,9,0.0,0.0,E,8
08/21/2021,23:00,0.0,1334.128,0.0,1,8,0.0,1,8,0.0,1,8,0.0,1,8,0.0,1,8,0.0,1,8,-0.0,1,8,-9900,?,9,-9900,?,9,11.73,E,8,8.26,E,8,79.0,E,8,872.5394,E,8,999.0,E,8,0.94,E,8,-9900,?,9,-9900,?,9,0.0,E,8,-9900,?,9,-9900,?,9,0.0,0.0,E,8
08/21/2021,24:00,0.0,1334.128,0.0,1,8,0.0,1,8,0.0,1,8,0.0,1,8,0.0,1,8,0.0,1,8,-0.0,1,8,-9900,?,9,-9900,?,9,11.0,E,8,7.5,E,8,78.0,E,8,872.5394,E,8,999.0,E,8,1.73,E,8,-9900,?,9,-9900,?,9,0.0,E,8,-9900,?,9,-9900,?,9,0.0,0.0,E,8
08/22/2021,01:00,0.0,1334.128,0.0,1,8,0.0,1,8,0.0,1,8,0.0,1,8,0.0,1,8,0.0,1,8,-0.0,1,8,-9900,?,9,-9900,?,9,10.64,E,8,7.49,E,8,80.0,E,8,872.5394,E,8,999.0,E,8,1.1,E,8,-9900,?,9,-9900,?,9,0.0,E,8,-9900,?,9,-9900,?,9,0.0,0.0,E,8
08/22/2021,02:00,0.0,1334.128,0.0,1,8,0.0,1,8,0.0,1,8,0.0,1,8,0.0,1,8,0.0,1,8,-0.0,1,8,-9900,?,9,-9900,?,9,10.27,E,8,7.47,E,8,82.0,E,8,872.5394,E,8,999.0,E,8,1.5,E,8,-9900,?,9,-9900,?,9,0.0,E,8,-9900,?,9,-9900,?,9,0.0,0.0,E,8
08/22/2021,03:00,0.0,1334.128,0.0,1,8,0.0,1,8,0.0,1,8,0.0,1,8,0.0,1,8,0.0,1,8,-0.0,1,8,-9900,?,9,-9900,?,9,9.9,E,8,7.46,E,8,84.0,E,8,872.5394,E,8,999.0,E,8,1.4,E,8,-9900,?,9,-9900,?,9,0.0,E,8,-9900,?,9,-9900,?,9,0.0,0.0,E,8
08/22/2021,04:00,0.0,1334.685,0.0,1,8,0.0,1,8,0.0,1,8,0.0,1,8,0.0,1,8,0.0,1,8,-0.0,1,8,-9900,?,9,-9900,?,9,9.54,E,8,7.45,E,8,86.0,E,8,872.5394,E,8,999.0,E,8,1.22,E,8,-9900,?,9,-9900,?,9,0.0,E,8,-9900,?,9,-9900,?,9,0.0,0.0,E,8
08/22/2021,05:00,0.0,1334.685,0.0,1,8,0.0,1,8,0.0,1,8,0.0,1,8,0.0,1,8,0.0,1,8,-0.0,1,8,-9900,?,9,-9900,?,9,9.17,E,8,7.43,E,8,88.0,E,8,872.5394,E,8,999.0,E,8,0.8,E,8,-9900,?,9,-9900,?,9,0.0,E,8,-9900,?,9,-9900,?,9,0.0,0.0,E,8
08/22/2021,06:00,0.0,1334.685,0.0,1,8,0.0,1,8,0.0,1,8,0.0,1,8,0.0,1,8,0.0,1,8,-0.0,1,8,-9900,?,9,-9900,?,9,8.89,E,8,7.42,E,8,90.0,E,8,872.5394,E,8,999.0,E,8,0.84,E,8,-9900,?,9,-9900,?,9,0.0,E,8,-9900,?,9,-9900,?,9,0.0,0.0,E,8
08/22/2021,07:00,109.477,1334.685,0.0,1,8,0.0,1,8,0.0,1,8,0.0,1,8,0.0,1,8,0.0,1,8,0.0,1,8,-9900,?,9,-9900,?,9,8.65,E,8,7.41,E,8,91.0,E,8,872.5394,E,8,999.0,E,8,1.25,E,8,-9900,?,9,-9900,?,9,0.0,E,8,-9900,?,9,-9900,?,9,0.0,0.0,E,8
08/22/2021,08:00,410.982,1334.685,81.7,1,8,0.0,1,8,81.7,1,8,9804.0,1,8,0.0,1,8,8987.0,1,8,84.689,1,8,-9900,?,9,-9900,?,9,8.41,E,8,7.4,E,8,93.0,E,8,872.5394,E,8,999.0,E,8,1.56,E,8,-9900,?,9,-9900,?,9,0.0,E,8,-9900,?,9,-9900,?,9,0.0,0.0,E,8
08/22/2021,09:00,680.231,1334.685,230.38,1,8,32.3,1,8,213.932,1,8,27645.6,1,8,3068.465,1,8,23532.519,1,8,133.724,1,8,-9900,?,9,-9900,?,9,12.05,E,8,7.54,E,8,73.0,E,8,872.5394,E,8,999.0,E,8,2.23,E,8,-9900,?,9,-9900,?,9,0.0,E,8,-9900,?,9,-9900,?,9,0.0,0.0,E,8
08/22/2021,10:00,896.84,1334.685,362.38,1,8,60.064,1,8,322.035,1,8,43485.6,1,8,5706.047,1,8,35423.813,1,8,152.606,1,8,-9900,?,9,-9900,?,9,13.66,E,8,7.6,E,8,66.0,E,8,872.5394,E,8,999.0,E,8,2.63,E,8,-9900,?,9,-9900,?,9,0.0,E,8,-9900,?,9,-9900,?,9,0.0,0.0,E,8
08/22/2021,11:00,1045.827,1334.685,462.73,1,8,89.776,1,8,392.396,1,8,55527.6,1,8,8528.744,1,8,43163.611,1,8,159.432,1,8,-9900,?,9,-9900,?,9,15.05,E,8,7.65,E,8,61.0,E,8,872.5394,E,8,999.0,E,8,4.32,E,8,-9900,?,9,-9900,?,9,0.0,E,8,-9900,?,9,-9900,?,9,0.0,0.0,E,8
08/22/2021,12:00,1116.977,1334.685,523.38,1,8,106.764,1,8,434.042,1,8,62805.6,1,8,10142.575,1,8,47744.632,1,8,165.109,1,8,-9900,?,9,-9900,?,9,16.16,E,8,7.69,E,8,57.0,E,8,872.5394,E,8,999.0,E,8,5.77,E,8,-9900,?,9,-9900,?,9,0.0,E,8,-9900,?,9,-9900,?,9,0.0,0.0,E,8
08/22/2021,13:00,1105.423,1334.685,539.82,1,8,127.328,1,8,434.377,1,8,64778.4,1,8,12096.205,1,8,47781.494,1,8,166.965,1,8,-9900,?,9,-9900,?,9,16.97,E,8,7.72,E,8,54.0,E,8,872.5394,E,8,999.0,E,8,6.95,E,8,-9900,?,9,-9900,?,9,0.0,E,8,-9900,?,9,-9900,?,9,0.0,0.0,E,8
08/22/2021,14:00,1011.953,1334.685,510.86,1,8,182.213,1,8,372.737,1,8,61303.2,1,8,17310.194,1,8,41001.079,1,8,156.518,1,8,-9900,?,9,-9900,?,9,17.45,E,8,7.74,E,8,52.0,E,8,872.5394,E,8,999.0,E,8,8.06,E,8,-9900,?,9,-9900,?,9,0.0,E,8,-9900,?,9,-9900,?,9,0.0,0.0,E,8
08/22/2021,15:00,842.966,1334.685,438.6,1,8,172.792,1,8,329.515,1,8,52632.0,1,8,16415.274,1,8,36246.686,1,8,166.145,1,8,-9900,?,9,-9900,?,9,17.6,E,8,7.75,E,8,52.0,E,8,872.5394,E,8,999.0,E,8,8.46,E,8,-9900,?,9,-9900,?,9,0.0,E,8,-9900,?,9,-9900,?,9,0.0,0.0,E,8
08/22/2021,16:00,610.061,1334.685,328.48,1,8,299.079,1,8,191.928,1,8,39417.6,1,8,28412.462,1,8,21112.026,1,8,133.805,1,8,-9900,?,9,-9900,?,9,17.32,E,8,7.74,E,8,53.0,E,8,872.5394,E,8,999.0,E,8,7.86,E,8,-9900,?,9,-9900,?,9,0.0,E,8,-9900,?,9,-9900,?,9,0.0,0.0,E,8
08/22/2021,17:00,329.469,1334.685,189.79,1,8,367.285,1,8,99.525,1,8,22774.8,1,8,34892.032,1,8,10947.712,1,8,128.903,1,8,-9900,?,9,-9900,?,9,16.53,E,8,7.71,E,8,55.0,E,8,872.5394,E,8,999.0,E,8,7.31,E,8,-9900,?,9,-9900,?,9,0.0,E,8,-9900,?,9,-9900,?,9,0.0,0.0,E,8
08/22/2021,18:00,26.658,1334.685,43.02,1,8,0.0,1,8,43.02,1,8,5162.4,1,8,0.0,1,8,4732.2,1,8,1034.162,1,8,-9900,?,9,-9900,?,9,15.37,E,8,7.66,E,8,60.0,E,8,872.5394,E,8,999.0,E,8,4.61,E,8,-9900,?,9,-9900,?,9,0.0,E,8,-9900,?,9,-9900,?,9,0.0,0.0,E,8
08/22/2021,19:00,0.0,1334.685,0.0,1,8,0.0,1,8,0.0,1,8,0.0,1,8,0.0,1,8,0.0,1,8,-0.0,1,8,-9900,?,9,-9900,?,9,14.64,E,8,7.64,E,8,62.0,E,8,872.5394,E,8,999.0,E,8,2.78,E,8,-9900,?,9,-9900,?,9,0.0,E,8,-9900,?,9,-9900,?,9,0.0,0.0,E,8
08/22/2021,20:00,0.0,1334.685,0.0,1,8,0.0,1,8,0.0,1,8,0.0,1,8,0.0,1,8,0.0,1,8,-0.0,1,8,-9900,?,9,-9900,?,9,13.91,E,8,7.61,E,8,65.0,E,8,872.5394,E,8,999.0,E,8,2.46,E,8,-9900,?,9,-9900,?,9,0.0,E,8,-9900,?,9,-9900,?,9,0.0,0.0,E,8
08/22/2021,21:00,0.0,1334.685,0.0,1,8,0.0,1,8,0.0,1,8,0.0,1,8,0.0,1,8,0.0,1,8,-0.0,1,8,-9900,?,9,-9900,?,9,13.18,E,8,7.58,E,8,68.0,E,8,872.5394,E,8,999.0,E,8,1.62,E,8,-9900,?,9,-9900,?,9,0.0,E,8,-9900,?,9,-9900,?,9,0.0,0.0,E,8
08/22/2021,22:00,0.0,1334.685,0.0,1,8,0.0,1,8,0.0,1,8,0.0,1,8,0.0,1,8,0.0,1,8,-0.0,1,8,-9900,?,9,-9900,?,9,12.46,E,8,7.56,E,8,71.0,E,8,872.5394,E,8,999.0,E,8,1.96,E,8,-9900,?,9,-9900,?,9,0.0,E,8,-9900,?,9,-9900,?,9,0.0,0.0,E,8
08/22/2021,23:00,0.0,1334.685,0.0,1,8,0.0,1,8,0.0,1,8,0.0,1,8,0.0,1,8,0.0,1,8,-0.0,1,8,-9900,?,9,-9900,?,9,11.73,E,8,7.53,E,8,75.0,E,8,872.5394,E,8,999.0,E,8,1.74,E,8,-9900,?,9,-9900,?,9,0.0,E,8,-9900,?,9,-9900,?,9,0.0,0.0,E,8
08/22/2021,24:00,0.0,1334.685,0.0,1,8,0.0,1,8,0.0,1,8,0.0,1,8,0.0,1,8,0.0,1,8,-0.0,1,8,-9900,?,9,-9900,?,9,11.0,E,8,8.99,E,8,84.0,E,8,872.5394,E,8,999.0,E,8,14.39,E,8,-9900,?,9,-9900,?,9,0.0,E,8,-9900,?,9,-9900,?,9,0.0,0.0,E,8
08/23/2021,01:00,0.0,1334.685,0.0,1,8,0.0,1,8,0.0,1,8,0.0,1,8,0.0,1,8,0.0,1,8,-0.0,1,8,-9900,?,9,-9900,?,9,10.64,E,8,8.91,E,8,86.0,E,8,872.5394,E,8,999.0,E,8,13.54,E,8,-9900,?,9,-9900,?,9,0.0,E,8,-9900,?,9,-9900,?,9,0.0,0.0,E,8
08/23/2021,02:00,0.0,1334.685,0.0,1,8,0.0,1,8,0.0,1,8,0.0,1,8,0.0,1,8,0.0,1,8,-0.0,1,8,-9900,?,9,-9900,?,9,10.27,E,8,8.83,E,8,87.0,E,8,872.5394,E,8,999.0,E,8,11.86,E,8,-9900,?,9,-9900,?,9,0.0,E,8,-9900,?,9,-9900,?,9,0.0,0.0,E,8
08/23/2021,03:00,0.0,1334.685,0.0,1,8,0.0,1,8,0.0,1,8,0.0,1,8,0.0,1,8,0.0,1,8,-0.0,1,8,-9900,?,9,-9900,?,9,9.91,E,8,8.74,E,8,89.0,E,8,872.5394,E,8,999.0,E,8,7.47,E,8,-9900,?,9,-9900,?,9,0.0,E,8,-9900,?,9,-9900,?,9,0.0,0.0,E,8
08/23/2021,04:00,0.0,1335.251,0.0,1,8,0.0,1,8,0.0,1,8,0.0,1,8,0.0,1,8,0.0,1,8,-0.0,1,8,-9900,?,9,-9900,?,9,9.54,E,8,8.66,E,8,94.0,E,8,872.5394,E,8,999.0,E,8,4.61,E,8,-9900,?,9,-9900,?,9,0.002,E,8,-9900,?,9,-9900,?,9,0.02,99.0,E,8
08/23/2021,05:00,0.0,1335.251,0.0,1,8,0.0,1,8,0.0,1,8,0.0,1,8,0.0,1,8,0.0,1,8,-0.0,1,8,-9900,?,9,-9900,?,9,9.18,E,8,8.57,E,8,92.0,E,8,872.5394,E,8,999.0,E,8,4.0,E,8,-9900,?,9,-9900,?,9,0.0,E,8,-9900,?,9,-9900,?,9,0.0,0.0,E,8
08/23/2021,06:00,0.0,1335.251,0.0,1,8,0.0,1,8,0.0,1,8,0.0,1,8,0.0,1,8,0.0,1,8,-0.0,1,8,-9900,?,9,-9900,?,9,8.9,E,8,8.51,E,8,93.0,E,8,872.5394,E,8,999.0,E,8,2.84,E,8,-9900,?,9,-9900,?,9,0.0,E,8,-9900,?,9,-9900,?,9,0.0,0.0,E,8
08/23/2021,07:00,113.793,1335.251,0.0,1,8,0.0,1,8,0.0,1,8,0.0,1,8,0.0,1,8,0.0,1,8,0.0,1,8,-9900,?,9,-9900,?,9,8.66,E,8,8.45,E,8,94.0,E,8,872.5394,E,8,999.0,E,8,3.83,E,8,-9900,?,9,-9900,?,9,0.0,E,8,-9900,?,9,-9900,?,9,0.0,0.0,E,8
08/23/2021,08:00,415.792,1335.251,49.07,1,8,0.0,1,8,49.07,1,8,5888.4,1,8,0.0,1,8,5397.7,1,8,50.295,1,8,-9900,?,9,-9900,?,9,8.42,E,8,8.4,E,8,99.0,E,8,872.5394,E,8,999.0,E,8,4.72,E,8,-9900,?,9,-9900,?,9,0.001,E,8,-9900,?,9,-9900,?,9,0.01,99.0,E,8
08/23/2021,09:00,685.299,1335.251,136.36,1,8,0.0,1,8,136.36,1,8,16363.2,1,8,0.0,1,8,14999.6,1,8,84.64,1,8,-9900,?,9,-9900,?,9,11.46,E,8,9.1,E,8,91.0,E,8,872.5394,E,8,999.0,E,8,4.41,E,8,-9900,?,9,-9900,?,9,0.191,E,8,-9900,?,9,-9900,?,9,1.91,99.0,E,8
08/23/2021,10:00,901.998,1335.251,213.75,1,8,3.082,1,8,211.668,1,8,25650.0,1,8,292.826,1,8,23283.535,1,8,99.774,1,8,-9900,?,9,-9900,?,9,12.78,E,8,9.39,E,8,82.0,E,8,872.5394,E,8,999.0,E,8,4.3,E,8,-9900,?,9,-9900,?,9,0.006,E,8,-9900,?,9,-9900,?,9,0.06,99.0,E,8
08/23/2021,11:00,1050.908,1335.251,272.54,1,8,3.747,1,8,269.591,1,8,32704.8,1,8,356.003,1,8,29655.025,1,8,109.052,1,8,-9900,?,9,-9900,?,9,13.93,E,8,9.64,E,8,74.0,E,8,872.5394,E,8,999.0,E,8,8.72,E,8,-9900,?,9,-9900,?,9,0.0,E,8,-9900,?,9,-9900,?,9,0.0,0.0,E,8
08/23/2021,12:00,1121.82,1335.251,308.01,1,8,5.934,1,8,303.025,1,8,36961.2,1,8,563.735,1,8,33332.758,1,8,114.821,1,8,-9900,?,9,-9900,?,9,14.84,E,8,9.84,E,8,71.0,E,8,872.5394,E,8,999.0,E,8,9.91,E,8,-9900,?,9,-9900,?,9,0.0,E,8,-9900,?,9,-9900,?,9,0.0,0.0,E,8
08/23/2021,13:00,1109.883,1335.251,317.54,1,8,6.472,1,8,312.161,1,8,38104.8,1,8,614.799,1,8,34337.757,1,8,119.556,1,8,-9900,?,9,-9900,?,9,15.51,E,8,9.98,E,8,69.0,E,8,872.5394,E,8,999.0,E,8,10.06,E,8,-9900,?,9,-9900,?,9,0.0,E,8,-9900,?,9,-9900,?,9,0.0,0.0,E,8
08/23/2021,14:00,1015.913,1335.251,300.43,1,8,22.804,1,8,283.084,1,8,36051.6,1,8,2166.38,1,8,31139.185,1,8,118.458,1,8,-9900,?,9,-9900,?,9,15.9,E,8,10.07,E,8,68.0,E,8,872.5394,E,8,999.0,E,8,10.13,E,8,-9900,?,9,-9900,?,9,0.0,E,8,-9900,?,9,-9900,?,9,0.0,0.0,E,8
08/23/2021,15:00,846.34,1335.251,257.93,1,8,6.996,1,8,253.497,1,8,30951.6,1,8,664.665,1,8,27884.699,1,8,127.359,1,8,-9900,?,9,-9900,?,9,16.02,E,8,10.09,E,8,67.0,E,8,872.5394,E,8,999.0,E,8,6.65,E,8,-9900,?,9,-9900,?,9,0.0,E,8,-9900,?,9,-9900,?,9,0.0,0.0,E,8
08/23/2021,16:00,612.807,1335.251,193.24,1,8,6.809,1,8,190.118,1,8,23188.8,1,8,646.889,1,8,20913.013,1,8,132.004,1,8,-9900,?,9,-9900,?,9,15.78,E,8,10.04,E,8,68.0,E,8,872.5394,E,8,999.0,E,8,8.27,E,8,-9900,?,9,-9900,?,9,0.0,E,8,-9900,?,9,-9900,?,9,0.0,0.0,E,8
08/23/2021,17:00,331.582,1335.251,111.8,1,8,55.288,1,8,98.13,1,8,13416.0,1,8,5252.33,1,8,10794.32,1,8,126.333,1,8,-9900,?,9,-9900,?,9,15.14,E,8,9.9,E,8,70.0,E,8,872.5394,E,8,999.0,E,8,11.97,E,8,-9900,?,9,-9900,?,9,0.0,E,8,-9900,?,9,-9900,?,9,0.0,0.0,E,8
08/23/2021,18:00,28.035,1335.251,25.58,1,8,0.0,1,8,25.58,1,8,3069.6,1,8,0.0,1,8,2813.8,1,8,565.973,1,8,-9900,?,9,-9900,?,9,14.17,E,8,9.69,E,8,73.0,E,8,872.5394,E,8,999.0,E,8,11.6,E,8,-9900,?,9,-9900,?,9,0.0,E,8,-9900,?,9,-9900,?,9,0.0,0.0,E,8
08/23/2021,19:00,0.0,1335.251,0.0,1,8,0.0,1,8,0.0,1,8,0.0,1,8,0.0,1,8,0.0,1,8,-0.0,1,8,-9900,?,9,-9900,?,9,13.67,E,8,9.59,E,8,75.0,E,8,872.5394,E,8,999.0,E,8,9.94,E,8,-9900,?,9,-9900,?,9,0.0,E,8,-9900,?,9,-9900,?,9,0.0,0.0,E,8
08/23/2021,20:00,0.0,1335.251,0.0,1,8,0.0,1,8,0.0,1,8,0.0,1,8,0.0,1,8,0.0,1,8,-0.0,1,8,-9900,?,9,-9900,?,9,13.17,E,8,9.48,E,8,76.0,E,8,872.5394,E,8,999.0,E,8,8.44,E,8,-9900,?,9,-9900,?,9,0.0,E,8,-9900,?,9,-9900,?,9,0.0,0.0,E,8
08/23/2021,21:00,0.0,1335.251,0.0,1,8,0.0,1,8,0.0,1,8,0.0,1,8,0.0,1,8,0.0,1,8,-0.0,1,8,-9900,?,9,-9900,?,9,12.67,E,8,9.37,E,8,78.0,E,8,872.5394,E,8,999.0,E,8,7.04,E,8,-9900,?,9,-9900,?,9,0.0,E,8,-9900,?,9,-9900,?,9,0.0,0.0,E,8
08/23/2021,22:00,0.0,1335.251,0.0,1,8,0.0,1,8,0.0,1,8,0.0,1,8,0.0,1,8,0.0,1,8,-0.0,1,8,-9900,?,9,-9900,?,9,12.17,E,8,9.25,E,8,80.0,E,8,872.5394,E,8,999.0,E,8,5.85,E,8,-9900,?,9,-9900,?,9,0.0,E,8,-9900,?,9,-9900,?,9,0.0,0.0,E,8
08/23/2021,23:00,0.0,1335.251,0.0,1,8,0.0,1,8,0.0,1,8,0.0,1,8,0.0,1,8,0.0,1,8,-0.0,1,8,-9900,?,9,-9900,?,9,11.67,E,8,9.14,E,8,82.0,E,8,872.5394,E,8,999.0,E,8,5.4,E,8,-9900,?,9,-9900,?,9,0.0,E,8,-9900,?,9,-9900,?,9,0.0,0.0,E,8
08/23/2021,24:00,0.0,1335.251,0.0,1,8,0.0,1,8,0.0,1,8,0.0,1,8,0.0,1,8,0.0,1,8,-0.0,1,8,-9900,?,9,-9900,?,9,11.16,E,8,10.3,E,8,95.0,E,8,872.5394,E,8,999.0,E,8,1.33,E,8,-9900,?,9,-9900,?,9,0.023,E,8,-9900,?,9,-9900,?,9,0.23,99.0,E,8
08/24/2021,01:00,0.0,1335.251,0.0,1,8,0.0,1,8,0.0,1,8,0.0,1,8,0.0,1,8,0.0,1,8,-0.0,1,8,-9900,?,9,-9900,?,9,10.91,E,8,10.17,E,8,96.0,E,8,872.5394,E,8,999.0,E,8,1.38,E,8,-9900,?,9,-9900,?,9,0.005,E,8,-9900,?,9,-9900,?,9,0.05,99.0,E,8
08/24/2021,02:00,0.0,1335.251,0.0,1,8,0.0,1,8,0.0,1,8,0.0,1,8,0.0,1,8,0.0,1,8,-0.0,1,8,-9900,?,9,-9900,?,9,10.66,E,8,10.04,E,8,96.0,E,8,872.5394,E,8,999.0,E,8,2.05,E,8,-9900,?,9,-9900,?,9,0.004,E,8,-9900,?,9,-9900,?,9,0.04,99.0,E,8
08/24/2021,03:00,0.0,1335.251,0.0,1,8,0.0,1,8,0.0,1,8,0.0,1,8,0.0,1,8,0.0,1,8,-0.0,1,8,-9900,?,9,-9900,?,9,10.41,E,8,9.91,E,8,93.0,E,8,872.5394,E,8,999.0,E,8,2.62,E,8,-9900,?,9,-9900,?,9,0.0,E,8,-9900,?,9,-9900,?,9,0.0,0.0,E,8
08/24/2021,04:00,0.0,1335.826,0.0,1,8,0.0,1,8,0.0,1,8,0.0,1,8,0.0,1,8,0.0,1,8,-0.0,1,8,-9900,?,9,-9900,?,9,10.16,E,8,9.78,E,8,94.0,E,8,872.5394,E,8,999.0,E,8,2.87,E,8,-9900,?,9,-9900,?,9,0.0,E,8,-9900,?,9,-9900,?,9,0.0,0.0,E,8
08/24/2021,05:00,0.0,1335.826,0.0,1,8,0.0,1,8,0.0,1,8,0.0,1,8,0.0,1,8,0.0,1,8,-0.0,1,8,-9900,?,9,-9900,?,9,9.91,E,8,9.64,E,8,94.0,E,8,872.5394,E,8,999.0,E,8,2.48,E,8,-9900,?,9,-9900,?,9,0.0,E,8,-9900,?,9,-9900,?,9,0.0,0.0,E,8
08/24/2021,06:00,0.0,1335.826,0.0,1,8,0.0,1,8,0.0,1,8,0.0,1,8,0.0,1,8,0.0,1,8,-0.0,1,8,-9900,?,9,-9900,?,9,9.72,E,8,9.54,E,8,95.0,E,8,872.5394,E,8,999.0,E,8,2.31,E,8,-9900,?,9,-9900,?,9,0.0,E,8,-9900,?,9,-9900,?,9,0.0,0.0,E,8
08/24/2021,07:00,118.181,1335.826,0.0,1,8,0.0,1,8,0.0,1,8,0.0,1,8,0.0,1,8,0.0,1,8,0.0,1,8,-9900,?,9,-9900,?,9,9.55,E,8,9.45,E,8,95.0,E,8,872.5394,E,8,999.0,E,8,1.71,E,8,-9900,?,9,-9900,?,9,0.0,E,8,-9900,?,9,-9900,?,9,0.0,0.0,E,8
08/24/2021,08:00,420.662,1335.826,53.53,1,8,0.0,1,8,53.53,1,8,6423.6,1,8,0.0,1,8,5888.3,1,8,54.251,1,8,-9900,?,9,-9900,?,9,9.38,E,8,9.36,E,8,99.0,E,8,872.5394,E,8,999.0,E,8,3.68,E,8,-9900,?,9,-9900,?,9,0.001,E,8,-9900,?,9,-9900,?,9,0.01,99.0,E,8
08/24/2021,09:00,690.414,1335.826,130.36,1,8,0.0,1,8,130.36,1,8,15643.2,1,8,0.0,1,8,14339.6,1,8,80.35,1,8,-9900,?,9,-9900,?,9,12.52,E,8,10.98,E,8,92.0,E,8,872.5394,E,8,999.0,E,8,2.31,E,8,-9900,?,9,-9900,?,9,0.002,E,8,-9900,?,9,-9900,?,9,0.02,99.0,E,8
08/24/2021,10:00,907.193,1335.826,117.54,1,8,0.0,1,8,117.54,1,8,14104.8,1,8,0.0,1,8,12929.4,1,8,55.111,1,8,-9900,?,9,-9900,?,9,12.81,E,8,11.12,E,8,91.0,E,8,872.5394,E,8,999.0,E,8,3.03,E,8,-9900,?,9,-9900,?,9,0.01,E,8,-9900,?,9,-9900,?,9,0.1,99.0,E,8
08/24/2021,11:00,1056.013,1335.826,177.66,1,8,2.344,1,8,175.808,1,8,21319.2,1,8,222.637,1,8,19338.845,1,8,70.802,1,8,-9900,?,9,-9900,?,9,13.47,E,8,11.44,E,8,90.0,E,8,872.5394,E,8,999.0,E,8,1.96,E,8,-9900,?,9,-9900,?,9,0.002,E,8,-9900,?,9,-9900,?,9,0.02,99.0,E,8
08/24/2021,12:00,1126.675,1335.826,267.35,1,8,3.027,1,8,264.797,1,8,32082.0,1,8,287.57,1,8,29127.692,1,8,99.946,1,8,-9900,?,9,-9900,?,9,14.47,E,8,11.91,E,8,87.0,E,8,872.5394,E,8,999.0,E,8,2.38,E,8,-9900,?,9,-9900,?,9,0.007000000000000001,E,8,-9900,?,9,-9900,?,9,0.07,99.0,E,8
08/24/2021,13:00,1114.344,1335.826,265.0,1,8,5.975,1,8,260.016,1,8,31800.0,1,8,567.671,1,8,28601.749,1,8,99.229,1,8,-9900,?,9,-9900,?,9,15.13,E,8,12.21,E,8,82.0,E,8,872.5394,E,8,999.0,E,8,2.72,E,8,-9900,?,9,-9900,?,9,0.0,E,8,-9900,?,9,-9900,?,9,0.0,0.0,E,8
08/24/2021,14:00,1019.864,1335.826,243.25,1,8,7.039,1,8,237.877,1,8,29190.0,1,8,668.72,1,8,26166.463,1,8,99.198,1,8,-9900,?,9,-9900,?,9,15.49,E,8,12.37,E,8,81.0,E,8,872.5394,E,8,999.0,E,8,3.91,E,8,-9900,?,9,-9900,?,9,0.0,E,8,-9900,?,9,-9900,?,9,0.0,0.0,E,8
08/24/2021,15:00,849.7,1335.826,185.36,1,8,2.658,1,8,183.67,1,8,22243.2,1,8,252.499,1,8,20203.71,1,8,91.952,1,8,-9900,?,9,-9900,?,9,15.52,E,8,12.39,E,8,81.0,E,8,872.5394,E,8,999.0,E,8,4.41,E,8,-9900,?,9,-9900,?,9,0.0,E,8,-9900,?,9,-9900,?,9,0.0,0.0,E,8
08/24/2021,16:00,615.535,1335.826,168.17,1,8,7.269,1,8,164.824,1,8,20180.4,1,8,690.564,1,8,18130.651,1,8,113.983,1,8,-9900,?,9,-9900,?,9,15.44,E,8,12.35,E,8,81.0,E,8,872.5394,E,8,999.0,E,8,2.97,E,8,-9900,?,9,-9900,?,9,0.0,E,8,-9900,?,9,-9900,?,9,0.0,0.0,E,8
08/24/2021,17:00,333.677,1335.826,88.84,1,8,4.183,1,8,87.8,1,8,10660.8,1,8,397.349,1,8,9657.968,1,8,112.367,1,8,-9900,?,9,-9900,?,9,14.92,E,8,12.12,E,8,82.0,E,8,872.5394,E,8,999.0,E,8,3.45,E,8,-9900,?,9,-9900,?,9,0.0,E,8,-9900,?,9,-9900,?,9,0.0,0.0,E,8
08/24/2021,18:00,29.404,1335.826,21.07,1,8,0.0,1,8,21.07,1,8,2528.4,1,8,0.0,1,8,2317.7,1,8,432.151,1,8,-9900,?,9,-9900,?,9,14.14,E,8,11.75,E,8,84.0,E,8,872.5394,E,8,999.0,E,8,2.57,E,8,-9900,?,9,-9900,?,9,0.0,E,8,-9900,?,9,-9900,?,9,0.0,0.0,E,8
08/24/2021,19:00,0.0,1335.826,0.0,1,8,0.0,1,8,0.0,1,8,0.0,1,8,0.0,1,8,0.0,1,8,-0.0,1,8,-9900,?,9,-9900,?,9,13.72,E,8,11.56,E,8,85.0,E,8,872.5394,E,8,999.0,E,8,2.04,E,8,-9900,?,9,-9900,?,9,0.0,E,8,-9900,?,9,-9900,?,9,0.0,0.0,E,8
08/24/2021,20:00,0.0,1335.826,0.0,1,8,0.0,1,8,0.0,1,8,0.0,1,8,0.0,1,8,0.0,1,8,-0.0,1,8,-9900,?,9,-9900,?,9,13.31,E,8,11.36,E,8,90.0,E,8,872.5394,E,8,999.0,E,8,1.49,E,8,-9900,?,9,-9900,?,9,0.015,E,8,-9900,?,9,-9900,?,9,0.15,99.0,E,8
08/24/2021,21:00,0.0,1335.826,0.0,1,8,0.0,1,8,0.0,1,8,0.0,1,8,0.0,1,8,0.0,1,8,-0.0,1,8,-9900,?,9,-9900,?,9,12.89,E,8,11.16,E,8,99.0,E,8,872.5394,E,8,999.0,E,8,1.83,E,8,-9900,?,9,-9900,?,9,0.589,E,8,-9900,?,9,-9900,?,9,5.89,99.0,E,8
08/24/2021,22:00,0.0,1335.826,0.0,1,8,0.0,1,8,0.0,1,8,0.0,1,8,0.0,1,8,0.0,1,8,-0.0,1,8,-9900,?,9,-9900,?,9,12.48,E,8,10.96,E,8,92.0,E,8,872.5394,E,8,999.0,E,8,1.8,E,8,-9900,?,9,-9900,?,9,0.040999999999999995,E,8,-9900,?,9,-9900,?,9,0.41,99.0,E,8
08/24/2021,23:00,0.0,1335.826,0.0,1,8,0.0,1,8,0.0,1,8,0.0,1,8,0.0,1,8,0.0,1,8,-0.0,1,8,-9900,?,9,-9900,?,9,12.06,E,8,10.75,E,8,93.0,E,8,872.5394,E,8,999.0,E,8,2.14,E,8,-9900,?,9,-9900,?,9,0.001,E,8,-9900,?,9,-9900,?,9,0.01,99.0,E,8
08/24/2021,24:00,0.0,1335.826,0.0,1,8,0.0,1,8,0.0,1,8,0.0,1,8,0.0,1,8,0.0,1,8,-0.0,1,8,-9900,?,9,-9900,?,9,11.65,E,8,9.91,E,8,89.0,E,8,872.5394,E,8,999.0,E,8,0.34,E,8,-9900,?,9,-9900,?,9,0.0,E,8,-9900,?,9,-9900,?,9,0.0,0.0,E,8
08/25/2021,01:00,0.0,1335.826,0.0,1,8,0.0,1,8,0.0,1,8,0.0,1,8,0.0,1,8,0.0,1,8,-0.0,1,8,-9900,?,9,-9900,?,9,11.44,E,8,9.89,E,8,90.0,E,8,872.5394,E,8,999.0,E,8,0.45,E,8,-9900,?,9,-9900,?,9,0.0,E,8,-9900,?,9,-9900,?,9,0.0,0.0,E,8
08/25/2021,02:00,0.0,1335.826,0.0,1,8,0.0,1,8,0.0,1,8,0.0,1,8,0.0,1,8,0.0,1,8,-0.0,1,8,-9900,?,9,-9900,?,9,11.23,E,8,9.87,E,8,91.0,E,8,872.5394,E,8,999.0,E,8,0.44,E,8,-9900,?,9,-9900,?,9,0.0,E,8,-9900,?,9,-9900,?,9,0.0,0.0,E,8
08/25/2021,03:00,0.0,1335.826,0.0,1,8,0.0,1,8,0.0,1,8,0.0,1,8,0.0,1,8,0.0,1,8,-0.0,1,8,-9900,?,9,-9900,?,9,11.02,E,8,9.85,E,8,92.0,E,8,872.5394,E,8,999.0,E,8,0.41,E,8,-9900,?,9,-9900,?,9,0.0,E,8,-9900,?,9,-9900,?,9,0.0,0.0,E,8
08/25/2021,04:00,0.0,1336.41,0.0,1,8,0.0,1,8,0.0,1,8,0.0,1,8,0.0,1,8,0.0,1,8,-0.0,1,8,-9900,?,9,-9900,?,9,10.81,E,8,9.83,E,8,93.0,E,8,872.5394,E,8,999.0,E,8,0.31,E,8,-9900,?,9,-9900,?,9,0.0,E,8,-9900,?,9,-9900,?,9,0.0,0.0,E,8
08/25/2021,05:00,0.0,1336.41,0.0,1,8,0.0,1,8,0.0,1,8,0.0,1,8,0.0,1,8,0.0,1,8,-0.0,1,8,-9900,?,9,-9900,?,9,10.61,E,8,9.8,E,8,94.0,E,8,872.5394,E,8,999.0,E,8,0.42,E,8,-9900,?,9,-9900,?,9,0.0,E,8,-9900,?,9,-9900,?,9,0.0,0.0,E,8
08/25/2021,06:00,0.0,1336.41,0.0,1,8,0.0,1,8,0.0,1,8,0.0,1,8,0.0,1,8,0.0,1,8,-0.0,1,8,-9900,?,9,-9900,?,9,10.45,E,8,9.79,E,8,95.0,E,8,872.5394,E,8,999.0,E,8,0.38,E,8,-9900,?,9,-9900,?,9,0.0,E,8,-9900,?,9,-9900,?,9,0.0,0.0,E,8
08/25/2021,07:00,122.64,1336.41,0.0,1,8,0.0,1,8,0.0,1,8,0.0,1,8,0.0,1,8,0.0,1,8,0.0,1,8,-9900,?,9,-9900,?,9,10.31,E,8,9.77,E,8,96.0,E,8,872.5394,E,8,999.0,E,8,0.37,E,8,-9900,?,9,-9900,?,9,0.0,E,8,-9900,?,9,-9900,?,9,0.0,0.0,E,8
08/25/2021,08:00,425.589,1336.41,79.9,1,8,0.0,1,8,79.9,1,8,9588.0,1,8,0.0,1,8,8789.0,1,8,80.068,1,8,-9900,?,9,-9900,?,9,10.17,E,8,9.76,E,8,97.0,E,8,872.5394,E,8,999.0,E,8,0.59,E,8,-9900,?,9,-9900,?,9,0.0,E,8,-9900,?,9,-9900,?,9,0.0,0.0,E,8
08/25/2021,09:00,695.576,1336.41,127.27,1,8,0.0,1,8,127.27,1,8,15272.4,1,8,0.0,1,8,13999.7,1,8,77.896,1,8,-9900,?,9,-9900,?,9,12.29,E,8,9.98,E,8,85.0,E,8,872.5394,E,8,999.0,E,8,0.94,E,8,-9900,?,9,-9900,?,9,0.0,E,8,-9900,?,9,-9900,?,9,0.0,0.0,E,8
08/25/2021,10:00,912.421,1336.41,364.92,1,8,70.717,1,8,316.655,1,8,43790.4,1,8,6718.077,1,8,34832.072,1,8,147.682,1,8,-9900,?,9,-9900,?,9,14.07,E,8,10.17,E,8,77.0,E,8,872.5394,E,8,999.0,E,8,1.25,E,8,-9900,?,9,-9900,?,9,0.0,E,8,-9900,?,9,-9900,?,9,0.0,0.0,E,8
08/25/2021,11:00,1061.139,1336.41,463.87,1,8,84.619,1,8,396.692,1,8,55664.4,1,8,8038.78,1,8,43636.171,1,8,159.055,1,8,-9900,?,9,-9900,?,9,15.47,E,8,10.32,E,8,71.0,E,8,872.5394,E,8,999.0,E,8,1.87,E,8,-9900,?,9,-9900,?,9,0.0,E,8,-9900,?,9,-9900,?,9,0.0,0.0,E,8
08/25/2021,12:00,1131.538,1336.41,523.4,1,8,100.403,1,8,438.399,1,8,62808.0,1,8,9538.255,1,8,48223.883,1,8,164.832,1,8,-9900,?,9,-9900,?,9,16.55,E,8,10.43,E,8,67.0,E,8,872.5394,E,8,999.0,E,8,2.48,E,8,-9900,?,9,-9900,?,9,0.0,E,8,-9900,?,9,-9900,?,9,0.0,0.0,E,8
08/25/2021,13:00,1118.803,1336.41,539.08,1,8,119.645,1,8,438.929,1,8,64689.6,1,8,11366.322,1,8,48282.179,1,8,166.911,1,8,-9900,?,9,-9900,?,9,17.33,E,8,10.51,E,8,64.0,E,8,872.5394,E,8,999.0,E,8,3.16,E,8,-9900,?,9,-9900,?,9,0.0,E,8,-9900,?,9,-9900,?,9,0.0,0.0,E,8
08/25/2021,14:00,1023.805,1336.41,509.78,1,8,171.256,1,8,378.611,1,8,61173.6,1,8,16269.29,1,8,41647.169,1,8,157.346,1,8,-9900,?,9,-9900,?,9,17.8,E,8,10.56,E,8,62.0,E,8,872.5394,E,8,999.0,E,8,3.61,E,8,-9900,?,9,-9900,?,9,0.0,E,8,-9900,?,9,-9900,?,9,0.0,0.0,E,8
08/25/2021,15:00,853.045,1336.41,437.65,1,8,162.628,1,8,333.887,1,8,52518.0,1,8,15449.666,1,8,36727.583,1,8,166.572,1,8,-9900,?,9,-9900,?,9,17.96,E,8,10.57,E,8,61.0,E,8,872.5394,E,8,999.0,E,8,4.02,E,8,-9900,?,9,-9900,?,9,0.0,E,8,-9900,?,9,-9900,?,9,0.0,0.0,E,8
08/25/2021,16:00,618.245,1336.41,328.08,1,8,282.249,1,8,197.647,1,8,39369.6,1,8,26813.612,1,8,21741.215,1,8,136.14,1,8,-9900,?,9,-9900,?,9,17.76,E,8,10.55,E,8,62.0,E,8,872.5394,E,8,999.0,E,8,3.82,E,8,-9900,?,9,-9900,?,9,0.0,E,8,-9900,?,9,-9900,?,9,0.0,0.0,E,8
08/25/2021,17:00,335.754,1336.41,190.29,1,8,349.232,1,8,102.923,1,8,22834.8,1,8,33177.034,1,8,11321.525,1,8,130.957,1,8,-9900,?,9,-9900,?,9,17.12,E,8,10.49,E,8,69.0,E,8,872.5394,E,8,999.0,E,8,2.8,E,8,-9900,?,9,-9900,?,9,0.098,E,8,-9900,?,9,-9900,?,9,0.98,99.0,E,8
08/25/2021,18:00,30.765,1336.41,44.32,1,8,0.0,1,8,44.32,1,8,5318.4,1,8,0.0,1,8,4875.2,1,8,847.753,1,8,-9900,?,9,-9900,?,9,16.13,E,8,10.38,E,8,68.0,E,8,872.5394,E,8,999.0,E,8,1.18,E,8,-9900,?,9,-9900,?,9,0.0,E,8,-9900,?,9,-9900,?,9,0.0,0.0,E,8
08/25/2021,19:00,0.0,1336.41,0.0,1,8,0.0,1,8,0.0,1,8,0.0,1,8,0.0,1,8,0.0,1,8,-0.0,1,8,-9900,?,9,-9900,?,9,15.57,E,8,10.33,E,8,70.0,E,8,872.5394,E,8,999.0,E,8,0.32,E,8,-9900,?,9,-9900,?,9,0.0,E,8,-9900,?,9,-9900,?,9,0.0,0.0,E,8
08/25/2021,20:00,0.0,1336.41,0.0,1,8,0.0,1,8,0.0,1,8,0.0,1,8,0.0,1,8,0.0,1,8,-0.0,1,8,-9900,?,9,-9900,?,9,15.0,E,8,10.27,E,8,73.0,E,8,872.5394,E,8,999.0,E,8,0.26,E,8,-9900,?,9,-9900,?,9,0.0,E,8,-9900,?,9,-9900,?,9,0.0,0.0,E,8
08/25/2021,21:00,0.0,1336.41,0.0,1,8,0.0,1,8,0.0,1,8,0.0,1,8,0.0,1,8,0.0,1,8,-0.0,1,8,-9900,?,9,-9900,?,9,14.44,E,8,10.21,E,8,80.0,E,8,872.5394,E,8,999.0,E,8,0.26,E,8,-9900,?,9,-9900,?,9,0.002,E,8,-9900,?,9,-9900,?,9,0.02,99.0,E,8
08/25/2021,22:00,0.0,1336.41,0.0,1,8,0.0,1,8,0.0,1,8,0.0,1,8,0.0,1,8,0.0,1,8,-0.0,1,8,-9900,?,9,-9900,?,9,13.88,E,8,10.15,E,8,78.0,E,8,872.5394,E,8,999.0,E,8,0.26,E,8,-9900,?,9,-9900,?,9,0.0,E,8,-9900,?,9,-9900,?,9,0.0,0.0,E,8
08/25/2021,23:00,0.0,1336.41,0.0,1,8,0.0,1,8,0.0,1,8,0.0,1,8,0.0,1,8,0.0,1,8,-0.0,1,8,-9900,?,9,-9900,?,9,13.32,E,8,10.09,E,8,80.0,E,8,872.5394,E,8,999.0,E,8,0.26,E,8,-9900,?,9,-9900,?,9,0.0,E,8,-9900,?,9,-9900,?,9,0.0,0.0,E,8
08/25/2021,24:00,0.0,1336.41,0.0,1,8,0.0,1,8,0.0,1,8,0.0,1,8,0.0,1,8,0.0,1,8,-0.0,1,8,-9900,?,9,-9900,?,9,12.75,E,8,10.82,E,8,88.0,E,8,872.5394,E,8,999.0,E,8,0.99,E,8,-9900,?,9,-9900,?,9,0.0,E,8,-9900,?,9,-9900,?,9,0.0,0.0,E,8
08/26/2021,01:00,0.0,1336.41,0.0,1,8,0.0,1,8,0.0,1,8,0.0,1,8,0.0,1,8,0.0,1,8,-0.0,1,8,-9900,?,9,-9900,?,9,12.47,E,8,10.75,E,8,89.0,E,8,872.5394,E,8,999.0,E,8,1.23,E,8,-9900,?,9,-9900,?,9,0.0,E,8,-9900,?,9,-9900,?,9,0.0,0.0,E,8
08/26/2021,02:00,0.0,1336.41,0.0,1,8,0.0,1,8,0.0,1,8,0.0,1,8,0.0,1,8,0.0,1,8,-0.0,1,8,-9900,?,9,-9900,?,9,12.19,E,8,10.68,E,8,90.0,E,8,872.5394,E,8,999.0,E,8,1.78,E,8,-9900,?,9,-9900,?,9,0.0,E,8,-9900,?,9,-9900,?,9,0.0,0.0,E,8
08/26/2021,03:00,0.0,1336.41,0.0,1,8,0.0,1,8,0.0,1,8,0.0,1,8,0.0,1,8,0.0,1,8,-0.0,1,8,-9900,?,9,-9900,?,9,11.91,E,8,10.62,E,8,91.0,E,8,872.5394,E,8,999.0,E,8,1.32,E,8,-9900,?,9,-9900,?,9,0.0,E,8,-9900,?,9,-9900,?,9,0.0,0.0,E,8
08/26/2021,04:00,0.0,1337.004,0.0,1,8,0.0,1,8,0.0,1,8,0.0,1,8,0.0,1,8,0.0,1,8,-0.0,1,8,-9900,?,9,-9900,?,9,11.63,E,8,10.55,E,8,93.0,E,8,872.5394,E,8,999.0,E,8,0.87,E,8,-9900,?,9,-9900,?,9,0.0,E,8,-9900,?,9,-9900,?,9,0.0,0.0,E,8
08/26/2021,05:00,0.0,1337.004,0.0,1,8,0.0,1,8,0.0,1,8,0.0,1,8,0.0,1,8,0.0,1,8,-0.0,1,8,-9900,?,9,-9900,?,9,11.35,E,8,10.48,E,8,94.0,E,8,872.5394,E,8,999.0,E,8,0.87,E,8,-9900,?,9,-9900,?,9,0.0,E,8,-9900,?,9,-9900,?,9,0.0,0.0,E,8
08/26/2021,06:00,0.0,1337.004,0.0,1,8,0.0,1,8,0.0,1,8,0.0,1,8,0.0,1,8,0.0,1,8,-0.0,1,8,-9900,?,9,-9900,?,9,11.13,E,8,10.43,E,8,95.0,E,8,872.5394,E,8,999.0,E,8,0.87,E,8,-9900,?,9,-9900,?,9,0.0,E,8,-9900,?,9,-9900,?,9,0.0,0.0,E,8
08/26/2021,07:00,127.166,1337.004,0.0,1,8,0.0,1,8,0.0,1,8,0.0,1,8,0.0,1,8,0.0,1,8,0.0,1,8,-9900,?,9,-9900,?,9,10.95,E,8,10.38,E,8,96.0,E,8,872.5394,E,8,999.0,E,8,0.87,E,8,-9900,?,9,-9900,?,9,0.0,E,8,-9900,?,9,-9900,?,9,0.0,0.0,E,8
08/26/2021,08:00,430.571,1337.004,65.37,1,8,0.0,1,8,65.37,1,8,7844.4,1,8,0.0,1,8,7190.7,1,8,64.774,1,8,-9900,?,9,-9900,?,9,10.76,E,8,10.34,E,8,97.0,E,8,872.5394,E,8,999.0,E,8,0.87,E,8,-9900,?,9,-9900,?,9,0.0,E,8,-9900,?,9,-9900,?,9,0.0,0.0,E,8
08/26/2021,09:00,700.78,1337.004,174.11,1,8,4.459,1,8,171.775,1,8,20893.2,1,8,423.612,1,8,18895.208,1,8,104.399,1,8,-9900,?,9,-9900,?,9,13.64,E,8,11.02,E,8,84.0,E,8,872.5394,E,8,999.0,E,8,0.87,E,8,-9900,?,9,-9900,?,9,0.0,E,8,-9900,?,9,-9900,?,9,0.0,0.0,E,8
08/26/2021,10:00,917.679,1337.004,270.07,1,8,9.417,1,8,263.609,1,8,32408.4,1,8,894.615,1,8,28996.944,1,8,122.291,1,8,-9900,?,9,-9900,?,9,14.84,E,8,11.3,E,8,79.0,E,8,872.5394,E,8,999.0,E,8,0.87,E,8,-9900,?,9,-9900,?,9,0.0,E,8,-9900,?,9,-9900,?,9,0.0,0.0,E,8
08/26/2021,11:00,1066.283,1337.004,342.78,1,8,15.806,1,8,330.176,1,8,41133.6,1,8,1501.595,1,8,36319.4,1,8,131.804,1,8,-9900,?,9,-9900,?,9,15.88,E,8,11.54,E,8,75.0,E,8,872.5394,E,8,999.0,E,8,1.61,E,8,-9900,?,9,-9900,?,9,0.0,E,8,-9900,?,9,-9900,?,9,0.0,0.0,E,8
08/26/2021,12:00,1136.408,1337.004,386.45,1,8,18.421,1,8,370.795,1,8,46374.0,1,8,1749.962,1,8,40787.431,1,8,138.877,1,8,-9900,?,9,-9900,?,9,16.72,E,8,11.73,E,8,72.0,E,8,872.5394,E,8,999.0,E,8,1.17,E,8,-9900,?,9,-9900,?,9,0.0,E,8,-9900,?,9,-9900,?,9,0.0,0.0,E,8
08/26/2021,13:00,1123.259,1337.004,397.84,1,8,21.311,1,8,379.938,1,8,47740.8,1,8,2024.582,1,8,41793.161,1,8,143.969,1,8,-9900,?,9,-9900,?,9,17.32,E,8,11.86,E,8,70.0,E,8,872.5394,E,8,999.0,E,8,1.47,E,8,-9900,?,9,-9900,?,9,0.0,E,8,-9900,?,9,-9900,?,9,0.0,0.0,E,8
08/26/2021,14:00,1027.734,1337.004,376.12,1,8,25.575,1,8,356.465,1,8,45134.4,1,8,2429.629,1,8,39211.135,1,8,147.641,1,8,-9900,?,9,-9900,?,9,17.67,E,8,11.94,E,8,69.0,E,8,872.5394,E,8,999.0,E,8,1.21,E,8,-9900,?,9,-9900,?,9,0.0,E,8,-9900,?,9,-9900,?,9,0.0,0.0,E,8
08/26/2021,15:00,856.372,1337.004,322.88,1,8,25.534,1,8,306.532,1,8,38745.6,1,8,2425.737,1,8,33718.511,1,8,152.398,1,8,-9900,?,9,-9900,?,9,17.78,E,8,11.96,E,8,68.0,E,8,872.5394,E,8,999.0,E,8,1.21,E,8,-9900,?,9,-9900,?,9,0.0,E,8,-9900,?,9,-9900,?,9,0.0,0.0,E,8
08/26/2021,16:00,620.935,1337.004,242.12,1,8,77.767,1,8,206.042,1,8,29054.4,1,8,7387.841,1,8,22664.586,1,8,141.369,1,8,-9900,?,9,-9900,?,9,17.55,E,8,11.91,E,8,69.0,E,8,872.5394,E,8,999.0,E,8,1.06,E,8,-9900,?,9,-9900,?,9,0.0,E,8,-9900,?,9,-9900,?,9,0.0,0.0,E,8
08/26/2021,17:00,337.814,1337.004,140.61,1,8,168.875,1,8,98.12,1,8,16873.2,1,8,16043.112,1,8,10793.228,1,8,124.134,1,8,-9900,?,9,-9900,?,9,16.96,E,8,11.78,E,8,71.0,E,8,872.5394,E,8,999.0,E,8,0.9,E,8,-9900,?,9,-9900,?,9,0.0,E,8,-9900,?,9,-9900,?,9,0.0,0.0,E,8
08/26/2021,18:00,32.117,1337.004,33.04,1,8,0.0,1,8,33.04,1,8,3964.8,1,8,0.0,1,8,3634.4,1,8,592.454,1,8,-9900,?,9,-9900,?,9,16.07,E,8,11.58,E,8,74.0,E,8,872.5394,E,8,999.0,E,8,0.87,E,8,-9900,?,9,-9900,?,9,0.0,E,8,-9900,?,9,-9900,?,9,0.0,0.0,E,8
08/26/2021,19:00,0.0,1337.004,0.0,1,8,0.0,1,8,0.0,1,8,0.0,1,8,0.0,1,8,0.0,1,8,-0.0,1,8,-9900,?,9,-9900,?,9,15.42,E,8,11.43,E,8,77.0,E,8,872.5394,E,8,999.0,E,8,0.87,E,8,-9900,?,9,-9900,?,9,0.0,E,8,-9900,?,9,-9900,?,9,0.0,0.0,E,8
08/26/2021,20:00,0.0,1337.004,0.0,1,8,0.0,1,8,0.0,1,8,0.0,1,8,0.0,1,8,0.0,1,8,-0.0,1,8,-9900,?,9,-9900,?,9,14.77,E,8,11.29,E,8,79.0,E,8,872.5394,E,8,999.0,E,8,0.95,E,8,-9900,?,9,-9900,?,9,0.0,E,8,-9900,?,9,-9900,?,9,0.0,0.0,E,8
08/26/2021,21:00,0.0,1337.004,0.0,1,8,0.0,1,8,0.0,1,8,0.0,1,8,0.0,1,8,0.0,1,8,-0.0,1,8,-9900,?,9,-9900,?,9,14.13,E,8,11.14,E,8,82.0,E,8,872.5394,E,8,999.0,E,8,1.22,E,8,-9900,?,9,-9900,?,9,0.0,E,8,-9900,?,9,-9900,?,9,0.0,0.0,E,8
08/26/2021,22:00,0.0,1337.004,0.0,1,8,0.0,1,8,0.0,1,8,0.0,1,8,0.0,1,8,0.0,1,8,-0.0,1,8,-9900,?,9,-9900,?,9,13.48,E,8,10.99,E,8,84.0,E,8,872.5394,E,8,999.0,E,8,0.87,E,8,-9900,?,9,-9900,?,9,0.0,E,8,-9900,?,9,-9900,?,9,0.0,0.0,E,8
08/26/2021,23:00,0.0,1337.004,0.0,1,8,0.0,1,8,0.0,1,8,0.0,1,8,0.0,1,8,0.0,1,8,-0.0,1,8,-9900,?,9,-9900,?,9,12.83,E,8,10.83,E,8,87.0,E,8,872.5394,E,8,999.0,E,8,0.87,E,8,-9900,?,9,-9900,?,9,0.0,E,8,-9900,?,9,-9900,?,9,0.0,0.0,E,8
08/26/2021,24:00,0.0,1337.004,0.0,1,8,0.0,1,8,0.0,1,8,0.0,1,8,0.0,1,8,0.0,1,8,-0.0,1,8,-9900,?,9,-9900,?,9,12.18,E,8,9.91,E,8,85.0,E,8,872.5394,E,8,999.0,E,8,0.32,E,8,-9900,?,9,-9900,?,9,0.0,E,8,-9900,?,9,-9900,?,9,0.0,0.0,E,8
08/27/2021,01:00,0.0,1337.004,0.0,1,8,0.0,1,8,0.0,1,8,0.0,1,8,0.0,1,8,0.0,1,8,-0.0,1,8,-9900,?,9,-9900,?,9,11.86,E,8,9.82,E,8,87.0,E,8,872.5394,E,8,999.0,E,8,0.32,E,8,-9900,?,9,-9900,?,9,0.0,E,8,-9900,?,9,-9900,?,9,0.0,0.0,E,8
08/27/2021,02:00,0.0,1337.004,0.0,1,8,0.0,1,8,0.0,1,8,0.0,1,8,0.0,1,8,0.0,1,8,-0.0,1,8,-9900,?,9,-9900,?,9,11.53,E,8,9.73,E,8,88.0,E,8,872.5394,E,8,999.0,E,8,0.32,E,8,-9900,?,9,-9900,?,9,0.0,E,8,-9900,?,9,-9900,?,9,0.0,0.0,E,8
08/27/2021,03:00,0.0,1337.004,0.0,1,8,0.0,1,8,0.0,1,8,0.0,1,8,0.0,1,8,0.0,1,8,-0.0,1,8,-9900,?,9,-9900,?,9,11.21,E,8,9.65,E,8,90.0,E,8,872.5394,E,8,999.0,E,8,0.32,E,8,-9900,?,9,-9900,?,9,0.0,E,8,-9900,?,9,-9900,?,9,0.0,0.0,E,8
08/27/2021,04:00,0.0,1337.606,0.0,1,8,0.0,1,8,0.0,1,8,0.0,1,8,0.0,1,8,0.0,1,8,-0.0,1,8,-9900,?,9,-9900,?,9,10.89,E,8,9.56,E,8,91.0,E,8,872.5394,E,8,999.0,E,8,0.32,E,8,-9900,?,9,-9900,?,9,0.0,E,8,-9900,?,9,-9900,?,9,0.0,0.0,E,8
08/27/2021,05:00,0.0,1337.606,0.0,1,8,0.0,1,8,0.0,1,8,0.0,1,8,0.0,1,8,0.0,1,8,-0.0,1,8,-9900,?,9,-9900,?,9,10.56,E,8,9.46,E,8,92.0,E,8,872.5394,E,8,999.0,E,8,0.32,E,8,-9900,?,9,-9900,?,9,0.0,E,8,-9900,?,9,-9900,?,9,0.0,0.0,E,8
08/27/2021,06:00,0.0,1337.606,0.0,1,8,0.0,1,8,0.0,1,8,0.0,1,8,0.0,1,8,0.0,1,8,-0.0,1,8,-9900,?,9,-9900,?,9,10.31,E,8,9.39,E,8,94.0,E,8,872.5394,E,8,999.0,E,8,0.39,E,8,-9900,?,9,-9900,?,9,0.0,E,8,-9900,?,9,-9900,?,9,0.0,0.0,E,8
08/27/2021,07:00,131.758,1337.606,0.0,1,8,0.0,1,8,0.0,1,8,0.0,1,8,0.0,1,8,0.0,1,8,0.0,1,8,-9900,?,9,-9900,?,9,10.1,E,8,9.34,E,8,94.0,E,8,872.5394,E,8,999.0,E,8,0.32,E,8,-9900,?,9,-9900,?,9,0.0,E,8,-9900,?,9,-9900,?,9,0.0,0.0,E,8
08/27/2021,08:00,435.603,1337.606,44.01,1,8,0.0,1,8,44.01,1,8,5281.2,1,8,0.0,1,8,4841.1,1,8,43.122,1,8,-9900,?,9,-9900,?,9,9.88,E,8,9.27,E,8,95.0,E,8,872.5394,E,8,999.0,E,8,0.32,E,8,-9900,?,9,-9900,?,9,0.0,E,8,-9900,?,9,-9900,?,9,0.0,0.0,E,8
08/27/2021,09:00,706.025,1337.606,201.04,1,8,13.956,1,8,193.679,1,8,24124.8,1,8,1325.845,1,8,21304.7,1,8,116.888,1,8,-9900,?,9,-9900,?,9,12.94,E,8,10.12,E,8,82.0,E,8,872.5394,E,8,999.0,E,8,0.45,E,8,-9900,?,9,-9900,?,9,0.0,E,8,-9900,?,9,-9900,?,9,0.0,0.0,E,8
08/27/2021,10:00,922.965,1337.606,310.77,1,8,9.98,1,8,303.886,1,8,37292.4,1,8,948.104,1,8,33427.446,1,8,140.231,1,8,-9900,?,9,-9900,?,9,14.5,E,8,10.53,E,8,77.0,E,8,872.5394,E,8,999.0,E,8,0.75,E,8,-9900,?,9,-9900,?,9,0.0,E,8,-9900,?,9,-9900,?,9,0.0,0.0,E,8
08/27/2021,11:00,1071.442,1337.606,393.83,1,8,10.539,1,8,385.39,1,8,47259.6,1,8,1001.191,1,8,42392.857,1,8,153.173,1,8,-9900,?,9,-9900,?,9,15.8,E,8,10.87,E,8,72.0,E,8,872.5394,E,8,999.0,E,8,1.05,E,8,-9900,?,9,-9900,?,9,0.0,E,8,-9900,?,9,-9900,?,9,0.0,0.0,E,8
08/27/2021,12:00,1141.282,1337.606,443.63,1,8,29.689,1,8,418.301,1,8,53235.6,1,8,2820.491,1,8,46013.108,1,8,156.071,1,8,-9900,?,9,-9900,?,9,16.83,E,8,11.13,E,8,69.0,E,8,872.5394,E,8,999.0,E,8,1.74,E,8,-9900,?,9,-9900,?,9,0.0,E,8,-9900,?,9,-9900,?,9,0.0,0.0,E,8
08/27/2021,13:00,1127.709,1337.606,456.48,1,8,88.902,1,8,381.538,1,8,54777.6,1,8,8445.645,1,8,41969.168,1,8,144.069,1,8,-9900,?,9,-9900,?,9,17.57,E,8,11.32,E,8,66.0,E,8,872.5394,E,8,999.0,E,8,2.66,E,8,-9900,?,9,-9900,?,9,0.0,E,8,-9900,?,9,-9900,?,9,0.0,0.0,E,8
08/27/2021,14:00,1031.65,1337.606,431.45,1,8,109.377,1,8,347.108,1,8,51774.0,1,8,10390.808,1,8,38181.899,1,8,143.284,1,8,-9900,?,9,-9900,?,9,18.01,E,8,11.43,E,8,65.0,E,8,872.5394,E,8,999.0,E,8,2.81,E,8,-9900,?,9,-9900,?,9,0.0,E,8,-9900,?,9,-9900,?,9,0.0,0.0,E,8
08/27/2021,15:00,859.682,1337.606,370.36,1,8,92.901,1,8,310.677,1,8,44443.2,1,8,8825.63,1,8,34174.473,1,8,153.933,1,8,-9900,?,9,-9900,?,9,18.15,E,8,11.46,E,8,64.0,E,8,872.5394,E,8,999.0,E,8,2.96,E,8,-9900,?,9,-9900,?,9,0.0,E,8,-9900,?,9,-9900,?,9,0.0,0.0,E,8
08/27/2021,16:00,623.607,1337.606,277.8,1,8,144.68,1,8,210.42,1,8,33336.0,1,8,13744.559,1,8,23146.17,1,8,143.817,1,8,-9900,?,9,-9900,?,9,17.89,E,8,11.4,E,8,65.0,E,8,872.5394,E,8,999.0,E,8,2.07,E,8,-9900,?,9,-9900,?,9,0.0,E,8,-9900,?,9,-9900,?,9,0.0,0.0,E,8
08/27/2021,17:00,339.857,1337.606,161.52,1,8,261.029,1,8,95.473,1,8,19382.4,1,8,24797.735,1,8,10502.06,1,8,120.107,1,8,-9900,?,9,-9900,?,9,17.2,E,8,11.22,E,8,67.0,E,8,872.5394,E,8,999.0,E,8,1.93,E,8,-9900,?,9,-9900,?,9,0.0,E,8,-9900,?,9,-9900,?,9,0.0,0.0,E,8
08/27/2021,18:00,33.462,1337.606,38.27,1,8,0.0,1,8,38.27,1,8,4592.4,1,8,0.0,1,8,4209.7,1,8,646.196,1,8,-9900,?,9,-9900,?,9,16.16,E,8,10.96,E,8,71.0,E,8,872.5394,E,8,999.0,E,8,1.36,E,8,-9900,?,9,-9900,?,9,0.0,E,8,-9900,?,9,-9900,?,9,0.0,0.0,E,8
08/27/2021,19:00,0.0,1337.606,0.0,1,8,0.0,1,8,0.0,1,8,0.0,1,8,0.0,1,8,0.0,1,8,-0.0,1,8,-9900,?,9,-9900,?,9,15.45,E,8,10.78,E,8,73.0,E,8,872.5394,E,8,999.0,E,8,0.48,E,8,-9900,?,9,-9900,?,9,0.0,E,8,-9900,?,9,-9900,?,9,0.0,0.0,E,8
08/27/2021,20:00,0.0,1337.606,0.0,1,8,0.0,1,8,0.0,1,8,0.0,1,8,0.0,1,8,0.0,1,8,-0.0,1,8,-9900,?,9,-9900,?,9,14.75,E,8,10.6,E,8,76.0,E,8,872.5394,E,8,999.0,E,8,0.39,E,8,-9900,?,9,-9900,?,9,0.0,E,8,-9900,?,9,-9900,?,9,0.0,0.0,E,8
08/27/2021,21:00,0.0,1337.606,0.0,1,8,0.0,1,8,0.0,1,8,0.0,1,8,0.0,1,8,0.0,1,8,-0.0,1,8,-9900,?,9,-9900,?,9,14.05,E,8,10.41,E,8,78.0,E,8,872.5394,E,8,999.0,E,8,0.32,E,8,-9900,?,9,-9900,?,9,0.0,E,8,-9900,?,9,-9900,?,9,0.0,0.0,E,8
08/27/2021,22:00,0.0,1337.606,0.0,1,8,0.0,1,8,0.0,1,8,0.0,1,8,0.0,1,8,0.0,1,8,-0.0,1,8,-9900,?,9,-9900,?,9,13.34,E,8,10.22,E,8,81.0,E,8,872.5394,E,8,999.0,E,8,0.32,E,8,-9900,?,9,-9900,?,9,0.0,E,8,-9900,?,9,-9900,?,9,0.0,0.0,E,8
08/27/2021,23:00,0.0,1337.606,0.0,1,8,0.0,1,8,0.0,1,8,0.0,1,8,0.0,1,8,0.0,1,8,-0.0,1,8,-9900,?,9,-9900,?,9,12.64,E,8,10.04,E,8,84.0,E,8,872.5394,E,8,999.0,E,8,0.32,E,8,-9900,?,9,-9900,?,9,0.0,E,8,-9900,?,9,-9900,?,9,0.0,0.0,E,8
08/27/2021,24:00,0.0,1337.606,0.0,1,8,0.0,1,8,0.0,1,8,0.0,1,8,0.0,1,8,0.0,1,8,-0.0,1,8,-9900,?,9,-9900,?,9,11.94,E,8,9.17,E,8,83.0,E,8,872.5394,E,8,999.0,E,8,0.37,E,8,-9900,?,9,-9900,?,9,0.0,E,8,-9900,?,9,-9900,?,9,0.0,0.0,E,8
08/28/2021,01:00,0.0,1337.606,0.0,1,8,0.0,1,8,0.0,1,8,0.0,1,8,0.0,1,8,0.0,1,8,-0.0,1,8,-9900,?,9,-9900,?,9,11.59,E,8,9.14,E,8,84.0,E,8,872.5394,E,8,999.0,E,8,0.37,E,8,-9900,?,9,-9900,?,9,0.0,E,8,-9900,?,9,-9900,?,9,0.0,0.0,E,8
08/28/2021,02:00,0.0,1337.606,0.0,1,8,0.0,1,8,0.0,1,8,0.0,1,8,0.0,1,8,0.0,1,8,-0.0,1,8,-9900,?,9,-9900,?,9,11.24,E,8,9.11,E,8,86.0,E,8,872.5394,E,8,999.0,E,8,0.37,E,8,-9900,?,9,-9900,?,9,0.0,E,8,-9900,?,9,-9900,?,9,0.0,0.0,E,8
08/28/2021,03:00,0.0,1337.606,0.0,1,8,0.0,1,8,0.0,1,8,0.0,1,8,0.0,1,8,0.0,1,8,-0.0,1,8,-9900,?,9,-9900,?,9,10.88,E,8,9.08,E,8,88.0,E,8,872.5394,E,8,999.0,E,8,0.46,E,8,-9900,?,9,-9900,?,9,0.0,E,8,-9900,?,9,-9900,?,9,0.0,0.0,E,8
08/28/2021,04:00,0.0,1338.217,0.0,1,8,0.0,1,8,0.0,1,8,0.0,1,8,0.0,1,8,0.0,1,8,-0.0,1,8,-9900,?,9,-9900,?,9,10.53,E,8,9.06,E,8,90.0,E,8,872.5394,E,8,999.0,E,8,0.69,E,8,-9900,?,9,-9900,?,9,0.0,E,8,-9900,?,9,-9900,?,9,0.0,0.0,E,8
08/28/2021,05:00,0.0,1338.217,0.0,1,8,0.0,1,8,0.0,1,8,0.0,1,8,0.0,1,8,0.0,1,8,-0.0,1,8,-9900,?,9,-9900,?,9,10.18,E,8,9.03,E,8,92.0,E,8,872.5394,E,8,999.0,E,8,0.38,E,8,-9900,?,9,-9900,?,9,0.0,E,8,-9900,?,9,-9900,?,9,0.0,0.0,E,8
08/28/2021,06:00,0.0,1338.217,0.0,1,8,0.0,1,8,0.0,1,8,0.0,1,8,0.0,1,8,0.0,1,8,-0.0,1,8,-9900,?,9,-9900,?,9,9.91,E,8,9.01,E,8,94.0,E,8,872.5394,E,8,999.0,E,8,0.49,E,8,-9900,?,9,-9900,?,9,0.0,E,8,-9900,?,9,-9900,?,9,0.0,0.0,E,8
08/28/2021,07:00,136.413,1338.217,0.0,1,8,0.0,1,8,0.0,1,8,0.0,1,8,0.0,1,8,0.0,1,8,0.0,1,8,-9900,?,9,-9900,?,9,9.68,E,8,8.99,E,8,95.0,E,8,872.5394,E,8,999.0,E,8,0.45,E,8,-9900,?,9,-9900,?,9,0.0,E,8,-9900,?,9,-9900,?,9,0.0,0.0,E,8
08/28/2021,08:00,440.685,1338.217,88.51,1,8,0.0,1,8,88.51,1,8,10621.2,1,8,0.0,1,8,9736.1,1,8,85.758,1,8,-9900,?,9,-9900,?,9,9.45,E,8,8.97,E,8,96.0,E,8,872.5394,E,8,999.0,E,8,0.79,E,8,-9900,?,9,-9900,?,9,0.0,E,8,-9900,?,9,-9900,?,9,0.0,0.0,E,8
08/28/2021,09:00,711.307,1338.217,229.38,1,8,25.269,1,8,215.959,1,8,27525.6,1,8,2400.542,1,8,23755.462,1,8,129.424,1,8,-9900,?,9,-9900,?,9,13.33,E,8,9.27,E,8,76.0,E,8,872.5394,E,8,999.0,E,8,0.86,E,8,-9900,?,9,-9900,?,9,0.0,E,8,-9900,?,9,-9900,?,9,0.0,0.0,E,8
08/28/2021,10:00,928.276,1338.217,353.36,1,8,21.19,1,8,338.666,1,8,42403.2,1,8,2013.012,1,8,37253.276,1,8,155.456,1,8,-9900,?,9,-9900,?,9,14.91,E,8,9.39,E,8,69.0,E,8,872.5394,E,8,999.0,E,8,1.23,E,8,-9900,?,9,-9900,?,9,0.0,E,8,-9900,?,9,-9900,?,9,0.0,0.0,E,8
08/28/2021,11:00,1076.614,1338.217,447.12,1,8,68.162,1,8,392.292,1,8,53654.4,1,8,6475.344,1,8,43152.108,1,8,155.237,1,8,-9900,?,9,-9900,?,9,16.28,E,8,9.5,E,8,64.0,E,8,872.5394,E,8,999.0,E,8,1.62,E,8,-9900,?,9,-9900,?,9,0.0,E,8,-9900,?,9,-9900,?,9,0.0,0.0,E,8
08/28/2021,12:00,1146.158,1338.217,503.23,1,8,80.591,1,8,434.212,1,8,60387.6,1,8,7656.175,1,8,47763.365,1,8,161.392,1,8,-9900,?,9,-9900,?,9,17.37,E,8,9.58,E,8,60.0,E,8,872.5394,E,8,999.0,E,8,1.87,E,8,-9900,?,9,-9900,?,9,0.0,E,8,-9900,?,9,-9900,?,9,0.0,0.0,E,8
08/28/2021,13:00,1132.151,1338.217,517.56,1,8,95.932,1,8,436.409,1,8,62107.2,1,8,9113.584,1,8,48005.017,1,8,164.217,1,8,-9900,?,9,-9900,?,9,18.16,E,8,9.64,E,8,57.0,E,8,872.5394,E,8,999.0,E,8,2.56,E,8,-9900,?,9,-9900,?,9,0.0,E,8,-9900,?,9,-9900,?,9,0.0,0.0,E,8
08/28/2021,14:00,1035.552,1338.217,489.04,1,8,118.373,1,8,397.458,1,8,58684.8,1,8,11245.438,1,8,43720.326,1,8,163.524,1,8,-9900,?,9,-9900,?,9,18.62,E,8,9.67,E,8,55.0,E,8,872.5394,E,8,999.0,E,8,2.85,E,8,-9900,?,9,-9900,?,9,0.0,E,8,-9900,?,9,-9900,?,9,0.0,0.0,E,8
08/28/2021,15:00,862.973,1338.217,419.77,1,8,131.357,1,8,335.097,1,8,50372.4,1,8,12478.922,1,8,36860.673,1,8,165.474,1,8,-9900,?,9,-9900,?,9,18.76,E,8,9.69,E,8,55.0,E,8,872.5394,E,8,999.0,E,8,2.3,E,8,-9900,?,9,-9900,?,9,0.0,E,8,-9900,?,9,-9900,?,9,0.0,0.0,E,8
08/28/2021,16:00,626.259,1338.217,314.94,1,8,220.263,1,8,211.969,1,8,37792.8,1,8,20925.023,1,8,23316.54,1,8,144.327,1,8,-9900,?,9,-9900,?,9,18.45,E,8,9.66,E,8,56.0,E,8,872.5394,E,8,999.0,E,8,1.7,E,8,-9900,?,9,-9900,?,9,0.0,E,8,-9900,?,9,-9900,?,9,0.0,0.0,E,8
08/28/2021,17:00,341.883,1338.217,183.33,1,8,332.735,1,8,98.673,1,8,21999.6,1,8,31609.852,1,8,10853.991,1,8,123.447,1,8,-9900,?,9,-9900,?,9,17.66,E,8,9.6,E,8,59.0,E,8,872.5394,E,8,999.0,E,8,1.0,E,8,-9900,?,9,-9900,?,9,0.0,E,8,-9900,?,9,-9900,?,9,0.0,0.0,E,8
08/28/2021,18:00,34.8,1338.217,43.78,1,8,0.0,1,8,43.78,1,8,5253.6,1,8,0.0,1,8,4815.8,1,8,698.831,1,8,-9900,?,9,-9900,?,9,16.49,E,8,9.51,E,8,63.0,E,8,872.5394,E,8,999.0,E,8,0.37,E,8,-9900,?,9,-9900,?,9,0.0,E,8,-9900,?,9,-9900,?,9,0.0,0.0,E,8
08/28/2021,19:00,0.0,1338.217,0.0,1,8,0.0,1,8,0.0,1,8,0.0,1,8,0.0,1,8,0.0,1,8,-0.0,1,8,-9900,?,9,-9900,?,9,15.69,E,8,9.45,E,8,66.0,E,8,872.5394,E,8,999.0,E,8,0.37,E,8,-9900,?,9,-9900,?,9,0.0,E,8,-9900,?,9,-9900,?,9,0.0,0.0,E,8
08/28/2021,20:00,0.0,1338.217,0.0,1,8,0.0,1,8,0.0,1,8,0.0,1,8,0.0,1,8,0.0,1,8,-0.0,1,8,-9900,?,9,-9900,?,9,14.89,E,8,9.39,E,8,69.0,E,8,872.5394,E,8,999.0,E,8,0.37,E,8,-9900,?,9,-9900,?,9,0.0,E,8,-9900,?,9,-9900,?,9,0.0,0.0,E,8
08/28/2021,21:00,0.0,1338.217,0.0,1,8,0.0,1,8,0.0,1,8,0.0,1,8,0.0,1,8,0.0,1,8,-0.0,1,8,-9900,?,9,-9900,?,9,14.09,E,8,9.33,E,8,73.0,E,8,872.5394,E,8,999.0,E,8,0.37,E,8,-9900,?,9,-9900,?,9,0.0,E,8,-9900,?,9,-9900,?,9,0.0,0.0,E,8
08/28/2021,22:00,0.0,1338.217,0.0,1,8,0.0,1,8,0.0,1,8,0.0,1,8,0.0,1,8,0.0,1,8,-0.0,1,8,-9900,?,9,-9900,?,9,13.29,E,8,9.27,E,8,76.0,E,8,872.5394,E,8,999.0,E,8,0.37,E,8,-9900,?,9,-9900,?,9,0.0,E,8,-9900,?,9,-9900,?,9,0.0,0.0,E,8
08/28/2021,23:00,0.0,1338.217,0.0,1,8,0.0,1,8,0.0,1,8,0.0,1,8,0.0,1,8,0.0,1,8,-0.0,1,8,-9900,?,9,-9900,?,9,12.49,E,8,9.21,E,8,80.0,E,8,872.5394,E,8,999.0,E,8,0.37,E,8,-9900,?,9,-9900,?,9,0.0,E,8,-9900,?,9,-9900,?,9,0.0,0.0,E,8
08/28/2021,24:00,0.0,1338.217,0.0,1,8,0.0,1,8,0.0,1,8,0.0,1,8,0.0,1,8,0.0,1,8,-0.0,1,8,-9900,?,9,-9900,?,9,11.69,E,8,8.64,E,8,81.0,E,8,872.5394,E,8,999.0,E,8,0.48,E,8,-9900,?,9,-9900,?,9,0.0,E,8,-9900,?,9,-9900,?,9,0.0,0.0,E,8
08/29/2021,01:00,0.0,1338.217,0.0,1,8,0.0,1,8,0.0,1,8,0.0,1,8,0.0,1,8,0.0,1,8,-0.0,1,8,-9900,?,9,-9900,?,9,11.29,E,8,8.62,E,8,83.0,E,8,872.5394,E,8,999.0,E,8,0.48,E,8,-9900,?,9,-9900,?,9,0.0,E,8,-9900,?,9,-9900,?,9,0.0,0.0,E,8
08/29/2021,02:00,0.0,1338.217,0.0,1,8,0.0,1,8,0.0,1,8,0.0,1,8,0.0,1,8,0.0,1,8,-0.0,1,8,-9900,?,9,-9900,?,9,10.9,E,8,8.59,E,8,85.0,E,8,872.5394,E,8,999.0,E,8,0.48,E,8,-9900,?,9,-9900,?,9,0.0,E,8,-9900,?,9,-9900,?,9,0.0,0.0,E,8
08/29/2021,03:00,0.0,1338.217,0.0,1,8,0.0,1,8,0.0,1,8,0.0,1,8,0.0,1,8,0.0,1,8,-0.0,1,8,-9900,?,9,-9900,?,9,10.5,E,8,8.56,E,8,87.0,E,8,872.5394,E,8,999.0,E,8,0.48,E,8,-9900,?,9,-9900,?,9,0.0,E,8,-9900,?,9,-9900,?,9,0.0,0.0,E,8
08/29/2021,04:00,0.0,1338.837,0.0,1,8,0.0,1,8,0.0,1,8,0.0,1,8,0.0,1,8,0.0,1,8,-0.0,1,8,-9900,?,9,-9900,?,9,10.1,E,8,8.54,E,8,89.0,E,8,872.5394,E,8,999.0,E,8,0.48,E,8,-9900,?,9,-9900,?,9,0.0,E,8,-9900,?,9,-9900,?,9,0.0,0.0,E,8
08/29/2021,05:00,0.0,1338.837,0.0,1,8,0.0,1,8,0.0,1,8,0.0,1,8,0.0,1,8,0.0,1,8,-0.0,1,8,-9900,?,9,-9900,?,9,9.7,E,8,8.51,E,8,92.0,E,8,872.5394,E,8,999.0,E,8,0.48,E,8,-9900,?,9,-9900,?,9,0.0,E,8,-9900,?,9,-9900,?,9,0.0,0.0,E,8
08/29/2021,06:00,0.0,1338.837,0.0,1,8,0.0,1,8,0.0,1,8,0.0,1,8,0.0,1,8,0.0,1,8,-0.0,1,8,-9900,?,9,-9900,?,9,9.39,E,8,8.49,E,8,94.0,E,8,872.5394,E,8,999.0,E,8,0.48,E,8,-9900,?,9,-9900,?,9,0.0,E,8,-9900,?,9,-9900,?,9,0.0,0.0,E,8
08/29/2021,07:00,141.128,1338.837,0.0,1,8,0.0,1,8,0.0,1,8,0.0,1,8,0.0,1,8,0.0,1,8,0.0,1,8,-9900,?,9,-9900,?,9,9.12,E,8,8.47,E,8,95.0,E,8,872.5394,E,8,999.0,E,8,0.48,E,8,-9900,?,9,-9900,?,9,0.0,E,8,-9900,?,9,-9900,?,9,0.0,0.0,E,8
08/29/2021,08:00,445.813,1338.837,109.26,1,8,0.852,1,8,108.977,1,8,13111.2,1,8,80.921,1,8,11987.472,1,8,104.417,1,8,-9900,?,9,-9900,?,9,8.86,E,8,8.45,E,8,97.0,E,8,872.5394,E,8,999.0,E,8,0.48,E,8,-9900,?,9,-9900,?,9,0.0,E,8,-9900,?,9,-9900,?,9,0.0,0.0,E,8
08/29/2021,09:00,716.623,1338.837,279.42,1,8,72.473,1,8,240.657,1,8,33530.4,1,8,6884.903,1,8,26472.241,1,8,143.219,1,8,-9900,?,9,-9900,?,9,13.09,E,8,8.74,E,8,74.0,E,8,872.5394,E,8,999.0,E,8,0.48,E,8,-9900,?,9,-9900,?,9,0.0,E,8,-9900,?,9,-9900,?,9,0.0,0.0,E,8
08/29/2021,10:00,933.609,1338.837,428.95,1,8,98.219,1,8,360.48,1,8,51474.0,1,8,9330.829,1,8,39652.818,1,8,164.6,1,8,-9900,?,9,-9900,?,9,14.79,E,8,8.85,E,8,67.0,E,8,872.5394,E,8,999.0,E,8,0.76,E,8,-9900,?,9,-9900,?,9,0.0,E,8,-9900,?,9,-9900,?,9,0.0,0.0,E,8
08/29/2021,11:00,1081.796,1338.837,541.94,1,8,144.573,1,8,425.142,1,8,65032.8,1,8,13734.402,1,8,46765.594,1,8,167.507,1,8,-9900,?,9,-9900,?,9,16.26,E,8,8.95,E,8,61.0,E,8,872.5394,E,8,999.0,E,8,1.67,E,8,-9900,?,9,-9900,?,9,0.0,E,8,-9900,?,9,-9900,?,9,0.0,0.0,E,8
08/29/2021,12:00,1151.033,1338.837,609.44,1,8,171.135,1,8,462.326,1,8,73132.8,1,8,16257.806,1,8,50855.885,1,8,171.192,1,8,-9900,?,9,-9900,?,9,17.43,E,8,9.03,E,8,57.0,E,8,872.5394,E,8,999.0,E,8,1.13,E,8,-9900,?,9,-9900,?,9,0.0,E,8,-9900,?,9,-9900,?,9,0.0,0.0,E,8
08/29/2021,13:00,1136.583,1338.837,626.48,1,8,202.852,1,8,454.292,1,8,75177.6,1,8,19270.919,1,8,49972.12,1,8,170.357,1,8,-9900,?,9,-9900,?,9,18.28,E,8,9.09,E,8,54.0,E,8,872.5394,E,8,999.0,E,8,1.7,E,8,-9900,?,9,-9900,?,9,0.0,E,8,-9900,?,9,-9900,?,9,0.0,0.0,E,8
08/29/2021,14:00,1039.437,1338.837,591.8,1,8,254.432,1,8,394.304,1,8,71016.0,1,8,24171.076,1,8,43373.417,1,8,161.694,1,8,-9900,?,9,-9900,?,9,18.77,E,8,9.12,E,8,53.0,E,8,872.5394,E,8,999.0,E,8,2.03,E,8,-9900,?,9,-9900,?,9,0.0,E,8,-9900,?,9,-9900,?,9,0.0,0.0,E,8
08/29/2021,15:00,866.244,1338.837,507.94,1,8,337.922,1,8,289.389,1,8,60952.8,1,8,32102.615,1,8,31832.823,1,8,142.429,1,8,-9900,?,9,-9900,?,9,18.91,E,8,9.13,E,8,52.0,E,8,872.5394,E,8,999.0,E,8,3.63,E,8,-9900,?,9,-9900,?,9,0.0,E,8,-9900,?,9,-9900,?,9,0.0,0.0,E,8
08/29/2021,16:00,628.89,1338.837,381.18,1,8,443.305,1,8,173.161,1,8,45741.6,1,8,42114.022,1,8,19047.758,1,8,117.463,1,8,-9900,?,9,-9900,?,9,18.58,E,8,9.11,E,8,54.0,E,8,872.5394,E,8,999.0,E,8,2.47,E,8,-9900,?,9,-9900,?,9,0.0,E,8,-9900,?,9,-9900,?,9,0.0,0.0,E,8
08/29/2021,17:00,343.891,1338.837,222.14,1,8,481.651,1,8,98.926,1,8,26656.8,1,8,45756.834,1,8,10881.829,1,8,123.092,1,8,-9900,?,9,-9900,?,9,17.73,E,8,9.05,E,8,56.0,E,8,872.5394,E,8,999.0,E,8,1.31,E,8,-9900,?,9,-9900,?,9,0.0,E,8,-9900,?,9,-9900,?,9,0.0,0.0,E,8
08/29/2021,18:00,36.131,1338.837,53.48,1,8,0.0,1,8,53.48,1,8,6417.6,1,8,0.0,1,8,5882.8,1,8,809.796,1,8,-9900,?,9,-9900,?,9,16.46,E,8,8.97,E,8,61.0,E,8,872.5394,E,8,999.0,E,8,0.67,E,8,-9900,?,9,-9900,?,9,0.0,E,8,-9900,?,9,-9900,?,9,0.0,0.0,E,8
08/29/2021,19:00,0.0,1338.837,0.0,1,8,0.0,1,8,0.0,1,8,0.0,1,8,0.0,1,8,0.0,1,8,-0.0,1,8,-9900,?,9,-9900,?,9,15.56,E,8,8.91,E,8,64.0,E,8,872.5394,E,8,999.0,E,8,0.48,E,8,-9900,?,9,-9900,?,9,0.0,E,8,-9900,?,9,-9900,?,9,0.0,0.0,E,8
08/29/2021,20:00,0.0,1338.837,0.0,1,8,0.0,1,8,0.0,1,8,0.0,1,8,0.0,1,8,0.0,1,8,-0.0,1,8,-9900,?,9,-9900,?,9,14.66,E,8,8.85,E,8,68.0,E,8,872.5394,E,8,999.0,E,8,0.48,E,8,-9900,?,9,-9900,?,9,0.0,E,8,-9900,?,9,-9900,?,9,0.0,0.0,E,8
08/29/2021,21:00,0.0,1338.837,0.0,1,8,0.0,1,8,0.0,1,8,0.0,1,8,0.0,1,8,0.0,1,8,-0.0,1,8,-9900,?,9,-9900,?,9,13.75,E,8,8.78,E,8,71.0,E,8,872.5394,E,8,999.0,E,8,0.48,E,8,-9900,?,9,-9900,?,9,0.0,E,8,-9900,?,9,-9900,?,9,0.0,0.0,E,8
08/29/2021,22:00,0.0,1338.837,0.0,1,8,0.0,1,8,0.0,1,8,0.0,1,8,0.0,1,8,0.0,1,8,-0.0,1,8,-9900,?,9,-9900,?,9,12.85,E,8,8.72,E,8,75.0,E,8,872.5394,E,8,999.0,E,8,0.48,E,8,-9900,?,9,-9900,?,9,0.0,E,8,-9900,?,9,-9900,?,9,0.0,0.0,E,8
08/29/2021,23:00,0.0,1338.837,0.0,1,8,0.0,1,8,0.0,1,8,0.0,1,8,0.0,1,8,0.0,1,8,-0.0,1,8,-9900,?,9,-9900,?,9,11.94,E,8,8.66,E,8,80.0,E,8,872.5394,E,8,999.0,E,8,0.48,E,8,-9900,?,9,-9900,?,9,0.0,E,8,-9900,?,9,-9900,?,9,0.0,0.0,E,8
08/29/2021,24:00,0.0,1338.837,0.0,1,8,0.0,1,8,0.0,1,8,0.0,1,8,0.0,1,8,0.0,1,8,-0.0,1,8,-9900,?,9,-9900,?,9,11.04,E,8,6.15,E,8,71.0,E,8,872.5394,E,8,999.0,E,8,0.37,E,8,-9900,?,9,-9900,?,9,0.0,E,8,-9900,?,9,-9900,?,9,0.0,0.0,E,8
08/30/2021,01:00,0.0,1338.837,0.0,1,8,0.0,1,8,0.0,1,8,0.0,1,8,0.0,1,8,0.0,1,8,-0.0,1,8,-9900,?,9,-9900,?,9,10.59,E,8,6.24,E,8,74.0,E,8,872.5394,E,8,999.0,E,8,0.37,E,8,-9900,?,9,-9900,?,9,0.0,E,8,-9900,?,9,-9900,?,9,0.0,0.0,E,8
08/30/2021,02:00,0.0,1338.837,0.0,1,8,0.0,1,8,0.0,1,8,0.0,1,8,0.0,1,8,0.0,1,8,-0.0,1,8,-9900,?,9,-9900,?,9,10.14,E,8,6.32,E,8,77.0,E,8,872.5394,E,8,999.0,E,8,0.37,E,8,-9900,?,9,-9900,?,9,0.0,E,8,-9900,?,9,-9900,?,9,0.0,0.0,E,8
08/30/2021,03:00,0.0,1338.837,0.0,1,8,0.0,1,8,0.0,1,8,0.0,1,8,0.0,1,8,0.0,1,8,-0.0,1,8,-9900,?,9,-9900,?,9,9.68,E,8,6.41,E,8,80.0,E,8,872.5394,E,8,999.0,E,8,0.37,E,8,-9900,?,9,-9900,?,9,0.0,E,8,-9900,?,9,-9900,?,9,0.0,0.0,E,8
08/30/2021,04:00,0.0,1339.464,0.0,1,8,0.0,1,8,0.0,1,8,0.0,1,8,0.0,1,8,0.0,1,8,-0.0,1,8,-9900,?,9,-9900,?,9,9.23,E,8,6.49,E,8,82.0,E,8,872.5394,E,8,999.0,E,8,0.37,E,8,-9900,?,9,-9900,?,9,0.0,E,8,-9900,?,9,-9900,?,9,0.0,0.0,E,8
08/30/2021,05:00,0.0,1339.464,0.0,1,8,0.0,1,8,0.0,1,8,0.0,1,8,0.0,1,8,0.0,1,8,-0.0,1,8,-9900,?,9,-9900,?,9,8.78,E,8,6.57,E,8,86.0,E,8,872.5394,E,8,999.0,E,8,0.37,E,8,-9900,?,9,-9900,?,9,0.0,E,8,-9900,?,9,-9900,?,9,0.0,0.0,E,8
08/30/2021,06:00,0.0,1339.464,0.0,1,8,0.0,1,8,0.0,1,8,0.0,1,8,0.0,1,8,0.0,1,8,-0.0,1,8,-9900,?,9,-9900,?,9,8.43,E,8,6.63,E,8,88.0,E,8,872.5394,E,8,999.0,E,8,0.37,E,8,-9900,?,9,-9900,?,9,0.0,E,8,-9900,?,9,-9900,?,9,0.0,0.0,E,8
08/30/2021,07:00,145.901,1339.464,0.0,1,8,0.0,1,8,0.0,1,8,0.0,1,8,0.0,1,8,0.0,1,8,0.0,1,8,-9900,?,9,-9900,?,9,8.13,E,8,6.69,E,8,90.0,E,8,872.5394,E,8,999.0,E,8,0.37,E,8,-9900,?,9,-9900,?,9,0.0,E,8,-9900,?,9,-9900,?,9,0.0,0.0,E,8
08/30/2021,08:00,450.985,1339.464,140.64,1,8,28.72,1,8,130.992,1,8,16876.8,1,8,2728.414,1,8,14409.132,1,8,124.122,1,8,-9900,?,9,-9900,?,9,7.84,E,8,6.74,E,8,92.0,E,8,872.5394,E,8,999.0,E,8,0.37,E,8,-9900,?,9,-9900,?,9,0.0,E,8,-9900,?,9,-9900,?,9,0.0,0.0,E,8
08/30/2021,09:00,721.97,1339.464,366.26,1,8,206.172,1,8,255.213,1,8,43951.2,1,8,19586.369,1,8,28073.407,1,8,150.826,1,8,-9900,?,9,-9900,?,9,13.13,E,8,5.76,E,8,60.0,E,8,872.5394,E,8,999.0,E,8,0.37,E,8,-9900,?,9,-9900,?,9,0.0,E,8,-9900,?,9,-9900,?,9,0.0,0.0,E,8
08/30/2021,10:00,938.961,1339.464,516.12,1,8,252.574,1,8,339.12,1,8,61934.4,1,8,23994.503,1,8,37303.233,1,8,154.035,1,8,-9900,?,9,-9900,?,9,14.95,E,8,5.41,E,8,52.0,E,8,872.5394,E,8,999.0,E,8,0.37,E,8,-9900,?,9,-9900,?,9,0.0,E,8,-9900,?,9,-9900,?,9,0.0,0.0,E,8
08/30/2021,11:00,1086.986,1339.464,575.97,1,8,180.173,1,8,429.781,1,8,69116.4,1,8,17116.404,1,8,47275.884,1,8,168.605,1,8,-9900,?,9,-9900,?,9,16.18,E,8,5.17,E,8,47.0,E,8,872.5394,E,8,999.0,E,8,0.69,E,8,-9900,?,9,-9900,?,9,0.0,E,8,-9900,?,9,-9900,?,9,0.0,0.0,E,8
08/30/2021,12:00,1155.904,1339.464,626.61,1,8,187.48,1,8,464.839,1,8,75193.2,1,8,17810.581,1,8,51132.267,1,8,171.477,1,8,-9900,?,9,-9900,?,9,17.13,E,8,4.98,E,8,44.0,E,8,872.5394,E,8,999.0,E,8,1.56,E,8,-9900,?,9,-9900,?,9,0.0,E,8,-9900,?,9,-9900,?,9,0.0,0.0,E,8
08/30/2021,13:00,1141.003,1339.464,682.34,1,8,286.769,1,8,438.087,1,8,81880.8,1,8,27243.09,1,8,48189.558,1,8,163.72,1,8,-9900,?,9,-9900,?,9,17.95,E,8,4.81,E,8,41.0,E,8,872.5394,E,8,999.0,E,8,2.42,E,8,-9900,?,9,-9900,?,9,0.0,E,8,-9900,?,9,-9900,?,9,0.0,0.0,E,8
08/30/2021,14:00,1043.304,1339.464,619.17,1,8,304.608,1,8,381.957,1,8,74300.4,1,8,28937.77,1,8,42015.278,1,8,156.123,1,8,-9900,?,9,-9900,?,9,18.35,E,8,4.73,E,8,40.0,E,8,872.5394,E,8,999.0,E,8,2.31,E,8,-9900,?,9,-9900,?,9,0.0,E,8,-9900,?,9,-9900,?,9,0.0,0.0,E,8
08/30/2021,15:00,869.494,1339.464,591.12,1,8,567.186,1,8,223.088,1,8,70934.4,1,8,53882.623,1,8,24539.707,1,8,109.438,1,8,-9900,?,9,-9900,?,9,18.58,E,8,4.68,E,8,39.0,E,8,872.5394,E,8,999.0,E,8,2.6,E,8,-9900,?,9,-9900,?,9,0.0,E,8,-9900,?,9,-9900,?,9,0.0,0.0,E,8
08/30/2021,16:00,631.502,1339.464,419.98,1,8,586.689,1,8,143.663,1,8,50397.6,1,8,55735.476,1,8,15802.964,1,8,97.095,1,8,-9900,?,9,-9900,?,9,18.21,E,8,4.76,E,8,41.0,E,8,872.5394,E,8,999.0,E,8,2.77,E,8,-9900,?,9,-9900,?,9,0.0,E,8,-9900,?,9,-9900,?,9,0.0,0.0,E,8
08/30/2021,17:00,345.883,1339.464,246.98,1,8,622.09,1,8,86.985,1,8,29637.6,1,8,59098.531,1,8,9568.392,1,8,107.657,1,8,-9900,?,9,-9900,?,9,17.3,E,8,4.94,E,8,43.0,E,8,872.5394,E,8,999.0,E,8,2.77,E,8,-9900,?,9,-9900,?,9,0.0,E,8,-9900,?,9,-9900,?,9,0.0,0.0,E,8
08/30/2021,18:00,37.456,1339.464,68.2,1,8,0.0,1,8,68.2,1,8,8184.0,1,8,0.0,1,8,7502.0,1,8,982.616,1,8,-9900,?,9,-9900,?,9,15.97,E,8,5.21,E,8,48.0,E,8,872.5394,E,8,999.0,E,8,1.54,E,8,-9900,?,9,-9900,?,9,0.0,E,8,-9900,?,9,-9900,?,9,0.0,0.0,E,8
08/30/2021,19:00,0.0,1339.464,0.0,1,8,0.0,1,8,0.0,1,8,0.0,1,8,0.0,1,8,0.0,1,8,-0.0,1,8,-9900,?,9,-9900,?,9,15.2,E,8,5.36,E,8,51.0,E,8,872.5394,E,8,999.0,E,8,0.4,E,8,-9900,?,9,-9900,?,9,0.0,E,8,-9900,?,9,-9900,?,9,0.0,0.0,E,8
08/30/2021,20:00,0.0,1339.464,0.0,1,8,0.0,1,8,0.0,1,8,0.0,1,8,0.0,1,8,0.0,1,8,-0.0,1,8,-9900,?,9,-9900,?,9,14.42,E,8,5.51,E,8,55.0,E,8,872.5394,E,8,999.0,E,8,0.37,E,8,-9900,?,9,-9900,?,9,0.0,E,8,-9900,?,9,-9900,?,9,0.0,0.0,E,8
08/30/2021,21:00,0.0,1339.464,0.0,1,8,0.0,1,8,0.0,1,8,0.0,1,8,0.0,1,8,0.0,1,8,-0.0,1,8,-9900,?,9,-9900,?,9,13.65,E,8,5.66,E,8,58.0,E,8,872.5394,E,8,999.0,E,8,0.37,E,8,-9900,?,9,-9900,?,9,0.0,E,8,-9900,?,9,-9900,?,9,0.0,0.0,E,8
08/30/2021,22:00,0.0,1339.464,0.0,1,8,0.0,1,8,0.0,1,8,0.0,1,8,0.0,1,8,0.0,1,8,-0.0,1,8,-9900,?,9,-9900,?,9,12.87,E,8,5.81,E,8,62.0,E,8,872.5394,E,8,999.0,E,8,0.37,E,8,-9900,?,9,-9900,?,9,0.0,E,8,-9900,?,9,-9900,?,9,0.0,0.0,E,8
08/30/2021,23:00,0.0,1339.464,0.0,1,8,0.0,1,8,0.0,1,8,0.0,1,8,0.0,1,8,0.0,1,8,-0.0,1,8,-9900,?,9,-9900,?,9,12.1,E,8,5.95,E,8,66.0,E,8,872.5394,E,8,999.0,E,8,0.37,E,8,-9900,?,9,-9900,?,9,0.0,E,8,-9900,?,9,-9900,?,9,0.0,0.0,E,8
08/30/2021,24:00,0.0,1339.464,0.0,1,8,0.0,1,8,0.0,1,8,0.0,1,8,0.0,1,8,0.0,1,8,-0.0,1,8,-9900,?,9,-9900,?,9,11.33,E,8,7.82,E,8,78.0,E,8,872.5394,E,8,999.0,E,8,0.28,E,8,-9900,?,9,-9900,?,9,0.0,E,8,-9900,?,9,-9900,?,9,0.0,0.0,E,8
08/31/2021,01:00,0.0,1339.464,0.0,1,8,0.0,1,8,0.0,1,8,0.0,1,8,0.0,1,8,0.0,1,8,-0.0,1,8,-9900,?,9,-9900,?,9,10.94,E,8,7.84,E,8,81.0,E,8,872.5394,E,8,999.0,E,8,0.28,E,8,-9900,?,9,-9900,?,9,0.0,E,8,-9900,?,9,-9900,?,9,0.0,0.0,E,8
08/31/2021,02:00,0.0,1339.464,0.0,1,8,0.0,1,8,0.0,1,8,0.0,1,8,0.0,1,8,0.0,1,8,-0.0,1,8,-9900,?,9,-9900,?,9,10.55,E,8,7.86,E,8,83.0,E,8,872.5394,E,8,999.0,E,8,0.28,E,8,-9900,?,9,-9900,?,9,0.0,E,8,-9900,?,9,-9900,?,9,0.0,0.0,E,8
08/31/2021,03:00,0.0,1339.464,0.0,1,8,0.0,1,8,0.0,1,8,0.0,1,8,0.0,1,8,0.0,1,8,-0.0,1,8,-9900,?,9,-9900,?,9,10.16,E,8,7.87,E,8,85.0,E,8,872.5394,E,8,999.0,E,8,0.28,E,8,-9900,?,9,-9900,?,9,0.0,E,8,-9900,?,9,-9900,?,9,0.0,0.0,E,8
08/31/2021,04:00,0.0,1340.101,0.0,1,8,0.0,1,8,0.0,1,8,0.0,1,8,0.0,1,8,0.0,1,8,-0.0,1,8,-9900,?,9,-9900,?,9,9.78,E,8,7.89,E,8,88.0,E,8,872.5394,E,8,999.0,E,8,0.28,E,8,-9900,?,9,-9900,?,9,0.0,E,8,-9900,?,9,-9900,?,9,0.0,0.0,E,8
08/31/2021,05:00,0.0,1340.101,0.0,1,8,0.0,1,8,0.0,1,8,0.0,1,8,0.0,1,8,0.0,1,8,-0.0,1,8,-9900,?,9,-9900,?,9,9.39,E,8,7.91,E,8,90.0,E,8,872.5394,E,8,999.0,E,8,0.32,E,8,-9900,?,9,-9900,?,9,0.0,E,8,-9900,?,9,-9900,?,9,0.0,0.0,E,8
08/31/2021,06:00,0.0,1340.101,0.0,1,8,0.0,1,8,0.0,1,8,0.0,1,8,0.0,1,8,0.0,1,8,-0.0,1,8,-9900,?,9,-9900,?,9,9.09,E,8,7.92,E,8,92.0,E,8,872.5394,E,8,999.0,E,8,0.28,E,8,-9900,?,9,-9900,?,9,0.0,E,8,-9900,?,9,-9900,?,9,0.0,0.0,E,8
08/31/2021,07:00,150.73,1340.101,0.0,1,8,0.0,1,8,0.0,1,8,0.0,1,8,0.0,1,8,0.0,1,8,0.0,1,8,-9900,?,9,-9900,?,9,8.84,E,8,7.93,E,8,94.0,E,8,872.5394,E,8,999.0,E,8,0.28,E,8,-9900,?,9,-9900,?,9,0.0,E,8,-9900,?,9,-9900,?,9,0.0,0.0,E,8
08/31/2021,08:00,456.198,1340.101,83.06,1,8,0.0,1,8,83.06,1,8,9967.2,1,8,0.0,1,8,9136.6,1,8,77.837,1,8,-9900,?,9,-9900,?,9,8.58,E,8,7.94,E,8,95.0,E,8,872.5394,E,8,999.0,E,8,0.28,E,8,-9900,?,9,-9900,?,9,0.0,E,8,-9900,?,9,-9900,?,9,0.0,0.0,E,8
08/31/2021,09:00,727.346,1340.101,206.99,1,8,3.928,1,8,204.86,1,8,24838.8,1,8,373.145,1,8,22534.56,1,8,120.228,1,8,-9900,?,9,-9900,?,9,12.47,E,8,7.77,E,8,73.0,E,8,872.5394,E,8,999.0,E,8,0.44,E,8,-9900,?,9,-9900,?,9,0.0,E,8,-9900,?,9,-9900,?,9,0.0,0.0,E,8
08/31/2021,10:00,944.329,1340.101,315.59,1,8,9.607,1,8,308.822,1,8,37870.8,1,8,912.671,1,8,33970.442,1,8,139.541,1,8,-9900,?,9,-9900,?,9,14.0,E,8,7.71,E,8,65.0,E,8,872.5394,E,8,999.0,E,8,0.89,E,8,-9900,?,9,-9900,?,9,0.0,E,8,-9900,?,9,-9900,?,9,0.0,0.0,E,8
08/31/2021,11:00,1092.18,1340.101,397.48,1,8,10.047,1,8,389.293,1,8,47697.6,1,8,954.451,1,8,42822.235,1,8,152.067,1,8,-9900,?,9,-9900,?,9,15.31,E,8,7.65,E,8,60.0,E,8,872.5394,E,8,999.0,E,8,1.25,E,8,-9900,?,9,-9900,?,9,0.0,E,8,-9900,?,9,-9900,?,9,0.0,0.0,E,8
08/31/2021,12:00,1160.769,1340.101,446.23,1,8,11.762,1,8,436.043,1,8,53547.6,1,8,1117.435,1,8,47964.682,1,8,160.255,1,8,-9900,?,9,-9900,?,9,16.36,E,8,7.6,E,8,56.0,E,8,872.5394,E,8,999.0,E,8,1.93,E,8,-9900,?,9,-9900,?,9,0.0,E,8,-9900,?,9,-9900,?,9,0.0,0.0,E,8
08/31/2021,13:00,1145.409,1340.101,458.24,1,8,13.861,1,8,446.394,1,8,54988.8,1,8,1316.798,1,8,49103.34,1,8,166.262,1,8,-9900,?,9,-9900,?,9,17.11,E,8,7.57,E,8,53.0,E,8,872.5394,E,8,999.0,E,8,3.35,E,8,-9900,?,9,-9900,?,9,0.0,E,8,-9900,?,9,-9900,?,9,0.0,0.0,E,8
08/31/2021,14:00,1047.152,1340.101,432.62,1,8,68.562,1,8,379.056,1,8,51914.4,1,8,6513.42,1,8,41696.116,1,8,154.441,1,8,-9900,?,9,-9900,?,9,17.55,E,8,7.55,E,8,51.0,E,8,872.5394,E,8,999.0,E,8,3.6,E,8,-9900,?,9,-9900,?,9,0.0,E,8,-9900,?,9,-9900,?,9,0.0,0.0,E,8
08/31/2021,15:00,872.722,1340.101,371.26,1,8,104.748,1,8,303.072,1,8,44551.2,1,8,9951.039,1,8,33337.881,1,8,148.194,1,8,-9900,?,9,-9900,?,9,17.67,E,8,7.55,E,8,51.0,E,8,872.5394,E,8,999.0,E,8,2.69,E,8,-9900,?,9,-9900,?,9,0.0,E,8,-9900,?,9,-9900,?,9,0.0,0.0,E,8
08/31/2021,16:00,634.092,1340.101,278.74,1,8,122.592,1,8,220.792,1,8,33448.8,1,8,11646.239,1,8,24287.146,1,8,148.682,1,8,-9900,?,9,-9900,?,9,17.37,E,8,7.56,E,8,52.0,E,8,872.5394,E,8,999.0,E,8,2.41,E,8,-9900,?,9,-9900,?,9,0.0,E,8,-9900,?,9,-9900,?,9,0.0,0.0,E,8
08/31/2021,17:00,347.857,1340.101,162.79,1,8,212.371,1,8,107.882,1,8,19534.8,1,8,20175.208,1,8,11867.073,1,8,132.82,1,8,-9900,?,9,-9900,?,9,16.6,E,8,7.59,E,8,55.0,E,8,872.5394,E,8,999.0,E,8,1.31,E,8,-9900,?,9,-9900,?,9,0.0,E,8,-9900,?,9,-9900,?,9,0.0,0.0,E,8
08/31/2021,18:00,38.775,1340.101,96.266,1,8,0.0,1,8,96.266,1,8,11551.92,1,8,0.0,1,8,10589.26,1,8,1323.342,1,8,-9900,?,9,-9900,?,9,15.596,E,8,7.636,E,8,58.8,E,8,872.5394,E,8,999.0,E,8,1.008,E,8,-9900,?,9,-9900,?,9,0.0,E,8,-9900,?,9,-9900,?,9,0.0,0.0,E,8
08/31/2021,19:00,0.0,1340.101,40.518,1,8,0.0,1,8,0.0,1,8,4862.16,1,8,0.0,1,8,0.0,1,8,-0.0,1,8,-9900,?,9,-9900,?,9,14.742,E,8,7.674,E,8,62.2,E,8,872.5394,E,8,999.0,E,8,0.582,E,8,-9900,?,9,-9900,?,9,0.0,E,8,-9900,?,9,-9900,?,9,0.0,0.0,E,8
08/31/2021,20:00,0.0,1340.101,7.96,1,8,0.0,1,8,0.0,1,8,955.2,1,8,0.0,1,8,0.0,1,8,-0.0,1,8,-9900,?,9,-9900,?,9,13.886,E,8,7.712,E,8,65.8,E,8,872.5394,E,8,999.0,E,8,0.376,E,8,-9900,?,9,-9900,?,9,0.0,E,8,-9900,?,9,-9900,?,9,0.0,0.0,E,8
08/31/2021,21:00,0.0,1340.101,0.0,1,8,0.0,1,8,0.0,1,8,0.0,1,8,0.0,1,8,0.0,1,8,-0.0,1,8,-9900,?,9,-9900,?,9,13.104,E,8,7.746,E,8,69.4,E,8,872.5394,E,8,999.0,E,8,0.292,E,8,-9900,?,9,-9900,?,9,0.0,E,8,-9900,?,9,-9900,?,9,0.0,0.0,E,8
08/31/2021,22:00,0.0,1340.101,0.0,1,8,0.0,1,8,0.0,1,8,0.0,1,8,0.0,1,8,0.0,1,8,-0.0,1,8,-9900,?,9,-9900,?,9,12.322,E,8,7.938,E,8,74.2,E,8,872.5394,E,8,999.0,E,8,0.352,E,8,-9900,?,9,-9900,?,9,0.0,E,8,-9900,?,9,-9900,?,9,0.0,0.0,E,8
08/31/2021,23:00,0.0,1340.101,0.0,1,8,0.0,1,8,0.0,1,8,0.0,1,8,0.0,1,8,0.0,1,8,-0.0,1,8,-9900,?,9,-9900,?,9,11.626,E,8,8.114,E,8,78.6,E,8,872.5394,E,8,999.0,E,8,0.432,E,8,-9900,?,9,-9900,?,9,0.0,E,8,-9900,?,9,-9900,?,9,0.0,0.0,E,8
08/31/2015,24:00,0.0,1340.101,0.0,1,8,0.0,1,8,0.0,1,8,0.0,1,8,0.0,1,8,0.0,1,8,-0.0,1,8,-9900,?,9,-9900,?,9,11.02,E,8,8.272,E,8,82.8,E,8,872.5394,E,8,999.0,E,8,0.53,E,8,-9900,?,9,-9900,?,9,0.0,E,8,-9900,?,9,-9900,?,9,0.0,0.0,E,8
09/01/2015,01:00,0.0,1340.101,0.0,1,8,0.0,1,8,0.0,1,8,0.0,1,8,0.0,1,8,0.0,1,8,-0.0,1,8,-9900,?,9,-9900,?,9,10.5,E,8,8.414,E,8,86.6,E,8,872.5394,E,8,999.0,E,8,0.634,E,8,-9900,?,9,-9900,?,9,0.0,E,8,-9900,?,9,-9900,?,9,0.0,0.0,E,8
09/01/2015,02:00,0.0,1340.101,0.0,1,8,0.0,1,8,0.0,1,8,0.0,1,8,0.0,1,8,0.0,1,8,-0.0,1,8,-9900,?,9,-9900,?,9,10.066,E,8,8.54,E,8,89.8,E,8,872.5394,E,8,999.0,E,8,0.808,E,8,-9900,?,9,-9900,?,9,0.0,E,8,-9900,?,9,-9900,?,9,0.0,0.0,E,8
09/01/2015,03:00,0.0,1340.101,0.0,1,8,0.0,1,8,0.0,1,8,0.0,1,8,0.0,1,8,0.0,1,8,-0.0,1,8,-9900,?,9,-9900,?,9,9.72,E,8,8.49,E,8,91.6,E,8,872.5394,E,8,999.0,E,8,0.956,E,8,-9900,?,9,-9900,?,9,0.0,E,8,-9900,?,9,-9900,?,9,0.0,0.0,E,8
09/01/2015,04:00,0.0,1340.745,0.0,1,8,0.0,1,8,0.0,1,8,0.0,1,8,0.0,1,8,0.0,1,8,-0.0,1,8,-9900,?,9,-9900,?,9,9.39,E,8,8.442,E,8,93.4,E,8,872.5394,E,8,999.0,E,8,1.01,E,8,-9900,?,9,-9900,?,9,0.0,E,8,-9900,?,9,-9900,?,9,0.0,0.0,E,8
09/01/2015,05:00,0.0,1340.745,0.0,1,8,0.0,1,8,0.0,1,8,0.0,1,8,0.0,1,8,0.0,1,8,-0.0,1,8,-9900,?,9,-9900,?,9,9.082,E,8,8.396,E,8,95.0,E,8,872.5394,E,8,999.0,E,8,1.064,E,8,-9900,?,9,-9900,?,9,0.0,E,8,-9900,?,9,-9900,?,9,0.0,0.0,E,8
09/01/2015,06:00,0.0,1340.745,0.0,1,8,0.0,1,8,0.0,1,8,0.0,1,8,0.0,1,8,0.0,1,8,-0.0,1,8,-9900,?,9,-9900,?,9,8.76,E,8,8.35,E,8,97.0,E,8,872.5394,E,8,999.0,E,8,0.95,E,8,-9900,?,9,-9900,?,9,0.0,E,8,-9900,?,9,-9900,?,9,0.0,0.0,E,8
09/01/2015,07:00,153.03,1340.745,0.0,1,8,0.0,1,8,0.0,1,8,0.0,1,8,0.0,1,8,0.0,1,8,0.0,1,8,-9900,?,9,-9900,?,9,8.53,E,8,8.31,E,8,98.0,E,8,872.5394,E,8,999.0,E,8,1.04,E,8,-9900,?,9,-9900,?,9,0.0,E,8,-9900,?,9,-9900,?,9,0.0,0.0,E,8
09/01/2015,08:00,458.747,1340.745,55.09,1,8,0.0,1,8,55.09,1,8,6610.8,1,8,0.0,1,8,6059.9,1,8,51.362,1,8,-9900,?,9,-9900,?,9,8.3,E,8,8.28,E,8,99.0,E,8,872.5394,E,8,999.0,E,8,0.64,E,8,-9900,?,9,-9900,?,9,0.0,E,8,-9900,?,9,-9900,?,9,0.0,0.0,E,8
09/01/2015,09:00,730.034,1340.745,136.52,1,8,0.0,1,8,136.52,1,8,16382.4,1,8,0.0,1,8,15017.2,1,8,79.864,1,8,-9900,?,9,-9900,?,9,12.02,E,8,8.83,E,8,80.0,E,8,872.5394,E,8,999.0,E,8,0.64,E,8,-9900,?,9,-9900,?,9,0.0,E,8,-9900,?,9,-9900,?,9,0.0,0.0,E,8
09/01/2015,10:00,947.06,1340.745,207.83,1,8,1.367,1,8,206.865,1,8,24939.6,1,8,129.851,1,8,22755.126,1,8,93.247,1,8,-9900,?,9,-9900,?,9,13.46,E,8,9.03,E,8,74.0,E,8,872.5394,E,8,999.0,E,8,0.64,E,8,-9900,?,9,-9900,?,9,0.0,E,8,-9900,?,9,-9900,?,9,0.0,0.0,E,8
09/01/2015,11:00,1094.858,1340.745,261.59,1,8,2.01,1,8,259.949,1,8,31390.8,1,8,190.935,1,8,28594.39,1,8,101.342,1,8,-9900,?,9,-9900,?,9,14.71,E,8,9.21,E,8,69.0,E,8,872.5394,E,8,999.0,E,8,0.99,E,8,-9900,?,9,-9900,?,9,0.0,E,8,-9900,?,9,-9900,?,9,0.0,0.0,E,8
09/01/2015,12:00,1163.304,1340.745,293.57,1,8,5.252,1,8,289.013,1,8,35228.4,1,8,498.965,1,8,31791.461,1,8,106.038,1,8,-9900,?,9,-9900,?,9,15.71,E,8,9.35,E,8,65.0,E,8,872.5394,E,8,999.0,E,8,0.64,E,8,-9900,?,9,-9900,?,9,0.0,E,8,-9900,?,9,-9900,?,9,0.0,0.0,E,8
09/01/2015,13:00,1147.718,1340.745,301.39,1,8,5.536,1,8,296.652,1,8,36166.8,1,8,525.905,1,8,32631.682,1,8,110.32,1,8,-9900,?,9,-9900,?,9,16.42,E,8,9.45,E,8,63.0,E,8,872.5394,E,8,999.0,E,8,0.64,E,8,-9900,?,9,-9900,?,9,0.0,E,8,-9900,?,9,-9900,?,9,0.0,0.0,E,8
09/01/2015,14:00,1049.169,1340.745,284.5,1,8,5.641,1,8,280.087,1,8,34140.0,1,8,535.882,1,8,30809.536,1,8,113.953,1,8,-9900,?,9,-9900,?,9,16.84,E,8,9.51,E,8,61.0,E,8,872.5394,E,8,999.0,E,8,0.64,E,8,-9900,?,9,-9900,?,9,0.0,E,8,-9900,?,9,-9900,?,9,0.0,0.0,E,8
09/01/2015,15:00,874.402,1340.745,244.13,1,8,5.051,1,8,240.837,1,8,29295.6,1,8,479.831,1,8,26492.099,1,8,117.593,1,8,-9900,?,9,-9900,?,9,16.95,E,8,9.53,E,8,61.0,E,8,872.5394,E,8,999.0,E,8,0.64,E,8,-9900,?,9,-9900,?,9,0.0,E,8,-9900,?,9,-9900,?,9,0.0,0.0,E,8
09/01/2015,16:00,635.411,1340.745,183.29,1,8,4.199,1,8,181.302,1,8,21994.8,1,8,398.858,1,8,19943.246,1,8,121.894,1,8,-9900,?,9,-9900,?,9,16.66,E,8,9.49,E,8,62.0,E,8,872.5394,E,8,999.0,E,8,0.64,E,8,-9900,?,9,-9900,?,9,0.0,E,8,-9900,?,9,-9900,?,9,0.0,0.0,E,8
09/01/2015,17:00,348.817,1340.745,107.08,1,8,22.641,1,8,101.213,1,8,12849.6,1,8,2150.861,1,8,11133.42,1,8,124.323,1,8,-9900,?,9,-9900,?,9,15.93,E,8,9.39,E,8,65.0,E,8,872.5394,E,8,999.0,E,8,0.95,E,8,-9900,?,9,-9900,?,9,0.0,E,8,-9900,?,9,-9900,?,9,0.0,0.0,E,8
09/01/2015,18:00,39.357,1340.745,26.24,1,8,0.0,1,8,26.24,1,8,3148.8,1,8,0.0,1,8,2886.4,1,8,353.692,1,8,-9900,?,9,-9900,?,9,14.84,E,8,9.23,E,8,69.0,E,8,872.5394,E,8,999.0,E,8,0.64,E,8,-9900,?,9,-9900,?,9,0.0,E,8,-9900,?,9,-9900,?,9,0.0,0.0,E,8
09/01/2015,19:00,0.0,1340.745,0.0,1,8,0.0,1,8,0.0,1,8,0.0,1,8,0.0,1,8,0.0,1,8,-0.0,1,8,-9900,?,9,-9900,?,9,14.31,E,8,9.16,E,8,71.0,E,8,872.5394,E,8,999.0,E,8,0.64,E,8,-9900,?,9,-9900,?,9,0.0,E,8,-9900,?,9,-9900,?,9,0.0,0.0,E,8
09/01/2015,20:00,0.0,1340.745,0.0,1,8,0.0,1,8,0.0,1,8,0.0,1,8,0.0,1,8,0.0,1,8,-0.0,1,8,-9900,?,9,-9900,?,9,13.78,E,8,9.08,E,8,73.0,E,8,872.5394,E,8,999.0,E,8,0.8,E,8,-9900,?,9,-9900,?,9,0.0,E,8,-9900,?,9,-9900,?,9,0.0,0.0,E,8
09/01/2015,21:00,0.0,1340.745,0.0,1,8,0.0,1,8,0.0,1,8,0.0,1,8,0.0,1,8,0.0,1,8,-0.0,1,8,-9900,?,9,-9900,?,9,13.25,E,8,9.0,E,8,75.0,E,8,872.5394,E,8,999.0,E,8,1.01,E,8,-9900,?,9,-9900,?,9,0.0,E,8,-9900,?,9,-9900,?,9,0.0,0.0,E,8
09/01/2015,22:00,0.0,1340.745,0.0,1,8,0.0,1,8,0.0,1,8,0.0,1,8,0.0,1,8,0.0,1,8,-0.0,1,8,-9900,?,9,-9900,?,9,12.72,E,8,8.93,E,8,77.0,E,8,872.5394,E,8,999.0,E,8,0.78,E,8,-9900,?,9,-9900,?,9,0.0,E,8,-9900,?,9,-9900,?,9,0.0,0.0,E,8
09/01/2015,23:00,0.0,1340.745,0.0,1,8,0.0,1,8,0.0,1,8,0.0,1,8,0.0,1,8,0.0,1,8,-0.0,1,8,-9900,?,9,-9900,?,9,12.19,E,8,8.85,E,8,80.0,E,8,872.5394,E,8,999.0,E,8,0.91,E,8,-9900,?,9,-9900,?,9,0.0,E,8,-9900,?,9,-9900,?,9,0.0,0.0,E,8
09/01/2015,24:00,0.0,1340.745,0.0,1,8,0.0,1,8,0.0,1,8,0.0,1,8,0.0,1,8,0.0,1,8,-0.0,1,8,-9900,?,9,-9900,?,9,11.66,E,8,9.3,E,8,85.0,E,8,872.5394,E,8,999.0,E,8,0.76,E,8,-9900,?,9,-9900,?,9,0.0,E,8,-9900,?,9,-9900,?,9,0.0,0.0,E,8
09/02/2015,01:00,0.0,1340.745,0.0,1,8,0.0,1,8,0.0,1,8,0.0,1,8,0.0,1,8,0.0,1,8,-0.0,1,8,-9900,?,9,-9900,?,9,11.4,E,8,9.24,E,8,86.0,E,8,872.5394,E,8,999.0,E,8,0.76,E,8,-9900,?,9,-9900,?,9,0.0,E,8,-9900,?,9,-9900,?,9,0.0,0.0,E,8
09/02/2015,02:00,0.0,1340.745,0.0,1,8,0.0,1,8,0.0,1,8,0.0,1,8,0.0,1,8,0.0,1,8,-0.0,1,8,-9900,?,9,-9900,?,9,11.13,E,8,9.18,E,8,87.0,E,8,872.5394,E,8,999.0,E,8,0.76,E,8,-9900,?,9,-9900,?,9,0.0,E,8,-9900,?,9,-9900,?,9,0.0,0.0,E,8
09/02/2015,03:00,0.0,1340.745,0.0,1,8,0.0,1,8,0.0,1,8,0.0,1,8,0.0,1,8,0.0,1,8,-0.0,1,8,-9900,?,9,-9900,?,9,10.87,E,8,9.12,E,8,88.0,E,8,872.5394,E,8,999.0,E,8,0.76,E,8,-9900,?,9,-9900,?,9,0.0,E,8,-9900,?,9,-9900,?,9,0.0,0.0,E,8
09/02/2015,04:00,0.0,1341.397,0.0,1,8,0.0,1,8,0.0,1,8,0.0,1,8,0.0,1,8,0.0,1,8,-0.0,1,8,-9900,?,9,-9900,?,9,10.6,E,8,9.06,E,8,90.0,E,8,872.5394,E,8,999.0,E,8,0.76,E,8,-9900,?,9,-9900,?,9,0.0,E,8,-9900,?,9,-9900,?,9,0.0,0.0,E,8
09/02/2015,05:00,0.0,1341.397,0.0,1,8,0.0,1,8,0.0,1,8,0.0,1,8,0.0,1,8,0.0,1,8,-0.0,1,8,-9900,?,9,-9900,?,9,10.34,E,8,9.0,E,8,91.0,E,8,872.5394,E,8,999.0,E,8,0.76,E,8,-9900,?,9,-9900,?,9,0.0,E,8,-9900,?,9,-9900,?,9,0.0,0.0,E,8
09/02/2015,06:00,0.0,1341.397,0.0,1,8,0.0,1,8,0.0,1,8,0.0,1,8,0.0,1,8,0.0,1,8,-0.0,1,8,-9900,?,9,-9900,?,9,10.13,E,8,8.95,E,8,92.0,E,8,872.5394,E,8,999.0,E,8,0.76,E,8,-9900,?,9,-9900,?,9,0.0,E,8,-9900,?,9,-9900,?,9,0.0,0.0,E,8
09/02/2015,07:00,157.943,1341.397,0.0,1,8,0.0,1,8,0.0,1,8,0.0,1,8,0.0,1,8,0.0,1,8,0.0,1,8,-9900,?,9,-9900,?,9,9.96,E,8,8.91,E,8,93.0,E,8,872.5394,E,8,999.0,E,8,0.76,E,8,-9900,?,9,-9900,?,9,0.0,E,8,-9900,?,9,-9900,?,9,0.0,0.0,E,8
09/02/2015,08:00,464.024,1341.397,101.45,1,8,0.0,1,8,101.45,1,8,12174.0,1,8,0.0,1,8,11159.5,1,8,93.551,1,8,-9900,?,9,-9900,?,9,9.78,E,8,8.87,E,8,94.0,E,8,872.5394,E,8,999.0,E,8,0.76,E,8,-9900,?,9,-9900,?,9,0.0,E,8,-9900,?,9,-9900,?,9,0.0,0.0,E,8
09/02/2015,09:00,735.455,1341.397,248.27,1,8,30.609,1,8,231.499,1,8,29792.4,1,8,2907.824,1,8,25464.94,1,8,134.492,1,8,-9900,?,9,-9900,?,9,13.4,E,8,9.69,E,8,78.0,E,8,872.5394,E,8,999.0,E,8,0.76,E,8,-9900,?,9,-9900,?,9,0.0,E,8,-9900,?,9,-9900,?,9,0.0,0.0,E,8
09/02/2015,10:00,952.455,1341.397,376.68,1,8,52.869,1,8,339.151,1,8,45201.6,1,8,5022.592,1,8,37306.621,1,8,152.083,1,8,-9900,?,9,-9900,?,9,14.8,E,8,10.0,E,8,72.0,E,8,872.5394,E,8,999.0,E,8,0.76,E,8,-9900,?,9,-9900,?,9,0.0,E,8,-9900,?,9,-9900,?,9,0.0,0.0,E,8
09/02/2015,11:00,1100.059,1341.397,473.38,1,8,77.465,1,8,409.861,1,8,56805.6,1,8,7359.142,1,8,45084.764,1,8,159.107,1,8,-9900,?,9,-9900,?,9,15.99,E,8,10.25,E,8,68.0,E,8,872.5394,E,8,999.0,E,8,0.76,E,8,-9900,?,9,-9900,?,9,0.0,E,8,-9900,?,9,-9900,?,9,0.0,0.0,E,8
09/02/2015,12:00,1168.16,1341.397,530.79,1,8,91.402,1,8,451.199,1,8,63694.8,1,8,8683.235,1,8,49631.921,1,8,164.935,1,8,-9900,?,9,-9900,?,9,16.95,E,8,10.46,E,8,65.0,E,8,872.5394,E,8,999.0,E,8,0.76,E,8,-9900,?,9,-9900,?,9,0.0,E,8,-9900,?,9,-9900,?,9,0.0,0.0,E,8
09/02/2015,13:00,1152.102,1341.397,544.65,1,8,108.675,1,8,451.32,1,8,65358.0,1,8,10324.163,1,8,49645.242,1,8,167.281,1,8,-9900,?,9,-9900,?,9,17.64,E,8,10.6,E,8,63.0,E,8,872.5394,E,8,999.0,E,8,0.76,E,8,-9900,?,9,-9900,?,9,0.0,E,8,-9900,?,9,-9900,?,9,0.0,0.0,E,8
09/02/2015,14:00,1052.985,1341.397,513.98,1,8,133.818,1,8,408.953,1,8,61677.6,1,8,12712.703,1,8,44984.867,1,8,165.859,1,8,-9900,?,9,-9900,?,9,18.03,E,8,10.68,E,8,62.0,E,8,872.5394,E,8,999.0,E,8,1.49,E,8,-9900,?,9,-9900,?,9,0.0,E,8,-9900,?,9,-9900,?,9,0.0,0.0,E,8
09/02/2015,15:00,877.593,1341.397,440.99,1,8,147.77,1,8,344.351,1,8,52918.8,1,8,14038.118,1,8,37878.647,1,8,167.605,1,8,-9900,?,9,-9900,?,9,18.14,E,8,10.71,E,8,61.0,E,8,872.5394,E,8,999.0,E,8,1.01,E,8,-9900,?,9,-9900,?,9,0.0,E,8,-9900,?,9,-9900,?,9,0.0,0.0,E,8
09/02/2015,16:00,637.965,1341.397,331.17,1,8,257.013,1,8,209.058,1,8,39740.4,1,8,24416.242,1,8,22996.327,1,8,140.059,1,8,-9900,?,9,-9900,?,9,17.86,E,8,10.65,E,8,62.0,E,8,872.5394,E,8,999.0,E,8,0.76,E,8,-9900,?,9,-9900,?,9,0.0,E,8,-9900,?,9,-9900,?,9,0.0,0.0,E,8
09/02/2015,17:00,350.76,1341.397,193.67,1,8,361.217,1,8,99.585,1,8,23240.4,1,8,34315.615,1,8,10954.337,1,8,121.7,1,8,-9900,?,9,-9900,?,9,17.15,E,8,10.5,E,8,64.0,E,8,872.5394,E,8,999.0,E,8,0.76,E,8,-9900,?,9,-9900,?,9,0.0,E,8,-9900,?,9,-9900,?,9,0.0,0.0,E,8
09/02/2015,18:00,40.66,1341.397,47.81,1,8,0.0,1,8,47.81,1,8,5737.2,1,8,0.0,1,8,5259.1,1,8,617.165,1,8,-9900,?,9,-9900,?,9,16.1,E,8,10.28,E,8,68.0,E,8,872.5394,E,8,999.0,E,8,0.76,E,8,-9900,?,9,-9900,?,9,0.0,E,8,-9900,?,9,-9900,?,9,0.0,0.0,E,8
09/02/2015,19:00,0.0,1341.397,0.0,1,8,0.0,1,8,0.0,1,8,0.0,1,8,0.0,1,8,0.0,1,8,-0.0,1,8,-9900,?,9,-9900,?,9,15.24,E,8,10.09,E,8,71.0,E,8,872.5394,E,8,999.0,E,8,0.76,E,8,-9900,?,9,-9900,?,9,0.0,E,8,-9900,?,9,-9900,?,9,0.0,0.0,E,8
09/02/2015,20:00,0.0,1341.397,0.0,1,8,0.0,1,8,0.0,1,8,0.0,1,8,0.0,1,8,0.0,1,8,-0.0,1,8,-9900,?,9,-9900,?,9,14.39,E,8,9.91,E,8,74.0,E,8,872.5394,E,8,999.0,E,8,0.76,E,8,-9900,?,9,-9900,?,9,0.0,E,8,-9900,?,9,-9900,?,9,0.0,0.0,E,8
09/02/2015,21:00,0.0,1341.397,0.0,1,8,0.0,1,8,0.0,1,8,0.0,1,8,0.0,1,8,0.0,1,8,-0.0,1,8,-9900,?,9,-9900,?,9,13.53,E,8,9.72,E,8,77.0,E,8,872.5394,E,8,999.0,E,8,0.76,E,8,-9900,?,9,-9900,?,9,0.0,E,8,-9900,?,9,-9900,?,9,0.0,0.0,E,8
09/02/2015,22:00,0.0,1341.397,0.0,1,8,0.0,1,8,0.0,1,8,0.0,1,8,0.0,1,8,0.0,1,8,-0.0,1,8,-9900,?,9,-9900,?,9,12.68,E,8,9.53,E,8,81.0,E,8,872.5394,E,8,999.0,E,8,0.76,E,8,-9900,?,9,-9900,?,9,0.0,E,8,-9900,?,9,-9900,?,9,0.0,0.0,E,8
09/02/2015,23:00,0.0,1341.397,0.0,1,8,0.0,1,8,0.0,1,8,0.0,1,8,0.0,1,8,0.0,1,8,-0.0,1,8,-9900,?,9,-9900,?,9,11.82,E,8,9.34,E,8,84.0,E,8,872.5394,E,8,999.0,E,8,0.76,E,8,-9900,?,9,-9900,?,9,0.0,E,8,-9900,?,9,-9900,?,9,0.0,0.0,E,8
09/02/2015,24:00,0.0,1341.397,0.0,1,8,0.0,1,8,0.0,1,8,0.0,1,8,0.0,1,8,0.0,1,8,-0.0,1,8,-9900,?,9,-9900,?,9,10.97,E,8,6.58,E,8,74.0,E,8,872.5394,E,8,999.0,E,8,0.7,E,8,-9900,?,9,-9900,?,9,0.0,E,8,-9900,?,9,-9900,?,9,0.0,0.0,E,8
09/03/2015,01:00,0.0,1341.397,0.0,1,8,0.0,1,8,0.0,1,8,0.0,1,8,0.0,1,8,0.0,1,8,-0.0,1,8,-9900,?,9,-9900,?,9,10.54,E,8,6.51,E,8,76.0,E,8,872.5394,E,8,999.0,E,8,0.7,E,8,-9900,?,9,-9900,?,9,0.0,E,8,-9900,?,9,-9900,?,9,0.0,0.0,E,8
09/03/2015,02:00,0.0,1341.397,0.0,1,8,0.0,1,8,0.0,1,8,0.0,1,8,0.0,1,8,0.0,1,8,-0.0,1,8,-9900,?,9,-9900,?,9,10.11,E,8,6.45,E,8,77.0,E,8,872.5394,E,8,999.0,E,8,0.7,E,8,-9900,?,9,-9900,?,9,0.0,E,8,-9900,?,9,-9900,?,9,0.0,0.0,E,8
09/03/2015,03:00,0.0,1341.397,0.0,1,8,0.0,1,8,0.0,1,8,0.0,1,8,0.0,1,8,0.0,1,8,-0.0,1,8,-9900,?,9,-9900,?,9,9.68,E,8,6.38,E,8,79.0,E,8,872.5394,E,8,999.0,E,8,0.7,E,8,-9900,?,9,-9900,?,9,0.0,E,8,-9900,?,9,-9900,?,9,0.0,0.0,E,8
09/03/2015,04:00,0.0,1342.057,0.0,1,8,0.0,1,8,0.0,1,8,0.0,1,8,0.0,1,8,0.0,1,8,-0.0,1,8,-9900,?,9,-9900,?,9,9.25,E,8,6.31,E,8,81.0,E,8,872.5394,E,8,999.0,E,8,0.7,E,8,-9900,?,9,-9900,?,9,0.0,E,8,-9900,?,9,-9900,?,9,0.0,0.0,E,8
09/03/2015,05:00,0.0,1342.057,0.0,1,8,0.0,1,8,0.0,1,8,0.0,1,8,0.0,1,8,0.0,1,8,-0.0,1,8,-9900,?,9,-9900,?,9,8.83,E,8,6.25,E,8,83.0,E,8,872.5394,E,8,999.0,E,8,0.7,E,8,-9900,?,9,-9900,?,9,0.0,E,8,-9900,?,9,-9900,?,9,0.0,0.0,E,8
09/03/2015,06:00,0.0,1342.057,0.0,1,8,0.0,1,8,0.0,1,8,0.0,1,8,0.0,1,8,0.0,1,8,-0.0,1,8,-9900,?,9,-9900,?,9,8.5,E,8,6.2,E,8,85.0,E,8,872.5394,E,8,999.0,E,8,0.7,E,8,-9900,?,9,-9900,?,9,0.0,E,8,-9900,?,9,-9900,?,9,0.0,0.0,E,8
09/03/2015,07:00,162.905,1342.057,0.0,1,8,0.0,1,8,0.0,1,8,0.0,1,8,0.0,1,8,0.0,1,8,0.0,1,8,-9900,?,9,-9900,?,9,8.21,E,8,6.15,E,8,86.0,E,8,872.5394,E,8,999.0,E,8,0.7,E,8,-9900,?,9,-9900,?,9,0.0,E,8,-9900,?,9,-9900,?,9,0.0,0.0,E,8
09/03/2015,08:00,469.334,1342.057,122.6,1,8,12.433,1,8,118.261,1,8,14712.0,1,8,1181.156,1,8,13008.709,1,8,107.866,1,8,-9900,?,9,-9900,?,9,7.93,E,8,6.11,E,8,88.0,E,8,872.5394,E,8,999.0,E,8,0.7,E,8,-9900,?,9,-9900,?,9,0.0,E,8,-9900,?,9,-9900,?,9,0.0,0.0,E,8
09/03/2015,09:00,740.898,1342.057,287.72,1,8,69.734,1,8,249.248,1,8,34526.4,1,8,6624.71,1,8,27417.32,1,8,143.809,1,8,-9900,?,9,-9900,?,9,11.93,E,8,6.72,E,8,70.0,E,8,872.5394,E,8,999.0,E,8,0.7,E,8,-9900,?,9,-9900,?,9,0.0,E,8,-9900,?,9,-9900,?,9,0.0,0.0,E,8
09/03/2015,10:00,957.858,1342.057,503.89,1,8,204.745,1,8,357.8,1,8,60466.8,1,8,19450.802,1,8,39357.965,1,8,159.618,1,8,-9900,?,9,-9900,?,9,13.87,E,8,7.01,E,8,63.0,E,8,872.5394,E,8,999.0,E,8,0.7,E,8,-9900,?,9,-9900,?,9,0.0,E,8,-9900,?,9,-9900,?,9,0.0,0.0,E,8
09/03/2015,11:00,1105.259,1342.057,632.29,1,8,248.348,1,8,427.79,1,8,75874.8,1,8,23593.043,1,8,47056.924,1,8,165.367,1,8,-9900,?,9,-9900,?,9,15.47,E,8,7.24,E,8,57.0,E,8,872.5394,E,8,999.0,E,8,0.7,E,8,-9900,?,9,-9900,?,9,0.0,E,8,-9900,?,9,-9900,?,9,0.0,0.0,E,8
09/03/2015,12:00,1173.005,1342.057,702.87,1,8,302.549,1,8,438.455,1,8,84344.4,1,8,28742.16,1,8,48230.098,1,8,159.693,1,8,-9900,?,9,-9900,?,9,16.7,E,8,7.42,E,8,54.0,E,8,872.5394,E,8,999.0,E,8,0.7,E,8,-9900,?,9,-9900,?,9,0.0,E,8,-9900,?,9,-9900,?,9,0.0,0.0,E,8
09/03/2015,13:00,1156.467,1342.057,689.38,1,8,288.189,1,8,441.07,1,8,82725.6,1,8,27377.92,1,8,48517.661,1,8,162.944,1,8,-9900,?,9,-9900,?,9,17.48,E,8,7.53,E,8,52.0,E,8,872.5394,E,8,999.0,E,8,0.94,E,8,-9900,?,9,-9900,?,9,0.0,E,8,-9900,?,9,-9900,?,9,0.0,0.0,E,8
09/03/2015,14:00,1056.777,1342.057,712.01,1,8,471.153,1,8,341.076,1,8,85441.2,1,8,44759.578,1,8,37518.358,1,8,137.901,1,8,-9900,?,9,-9900,?,9,18.1,E,8,7.62,E,8,50.0,E,8,872.5394,E,8,999.0,E,8,1.47,E,8,-9900,?,9,-9900,?,9,0.0,E,8,-9900,?,9,-9900,?,9,0.0,0.0,E,8
09/03/2015,15:00,880.76,1342.057,600.64,1,8,548.982,1,8,240.496,1,8,72076.8,1,8,52153.246,1,8,26454.574,1,8,116.692,1,8,-9900,?,9,-9900,?,9,18.29,E,8,7.65,E,8,49.0,E,8,872.5394,E,8,999.0,E,8,1.61,E,8,-9900,?,9,-9900,?,9,0.0,E,8,-9900,?,9,-9900,?,9,0.0,0.0,E,8
09/03/2015,16:00,640.496,1342.057,498.76,1,8,790.461,1,8,121.887,1,8,59851.2,1,8,75093.795,1,8,13407.548,1,8,81.375,1,8,-9900,?,9,-9900,?,9,18.17,E,8,7.63,E,8,50.0,E,8,872.5394,E,8,999.0,E,8,0.81,E,8,-9900,?,9,-9900,?,9,0.0,E,8,-9900,?,9,-9900,?,9,0.0,0.0,E,8
09/03/2015,17:00,352.686,1342.057,281.94,1,8,628.72,1,8,117.354,1,8,33832.8,1,8,59728.412,1,8,12908.949,1,8,142.696,1,8,-9900,?,9,-9900,?,9,17.35,E,8,7.51,E,8,52.0,E,8,872.5394,E,8,999.0,E,8,1.03,E,8,-9900,?,9,-9900,?,9,0.0,E,8,-9900,?,9,-9900,?,9,0.0,0.0,E,8
09/03/2015,18:00,41.957,1342.057,64.88,1,8,0.0,1,8,64.88,1,8,7785.6,1,8,0.0,1,8,7136.8,1,8,803.745,1,8,-9900,?,9,-9900,?,9,16.03,E,8,7.33,E,8,56.0,E,8,872.5394,E,8,999.0,E,8,0.7,E,8,-9900,?,9,-9900,?,9,0.0,E,8,-9900,?,9,-9900,?,9,0.0,0.0,E,8
09/03/2015,19:00,0.0,1342.057,0.0,1,8,0.0,1,8,0.0,1,8,0.0,1,8,0.0,1,8,0.0,1,8,-0.0,1,8,-9900,?,9,-9900,?,9,15.1,E,8,7.19,E,8,59.0,E,8,872.5394,E,8,999.0,E,8,0.7,E,8,-9900,?,9,-9900,?,9,0.0,E,8,-9900,?,9,-9900,?,9,0.0,0.0,E,8
09/03/2015,20:00,0.0,1342.057,0.0,1,8,0.0,1,8,0.0,1,8,0.0,1,8,0.0,1,8,0.0,1,8,-0.0,1,8,-9900,?,9,-9900,?,9,14.17,E,8,7.05,E,8,62.0,E,8,872.5394,E,8,999.0,E,8,0.7,E,8,-9900,?,9,-9900,?,9,0.0,E,8,-9900,?,9,-9900,?,9,0.0,0.0,E,8
09/03/2015,21:00,0.0,1342.057,0.0,1,8,0.0,1,8,0.0,1,8,0.0,1,8,0.0,1,8,0.0,1,8,-0.0,1,8,-9900,?,9,-9900,?,9,13.24,E,8,6.92,E,8,65.0,E,8,872.5394,E,8,999.0,E,8,0.7,E,8,-9900,?,9,-9900,?,9,0.0,E,8,-9900,?,9,-9900,?,9,0.0,0.0,E,8
09/03/2015,22:00,0.0,1342.057,0.0,1,8,0.0,1,8,0.0,1,8,0.0,1,8,0.0,1,8,0.0,1,8,-0.0,1,8,-9900,?,9,-9900,?,9,12.3,E,8,6.78,E,8,68.0,E,8,872.5394,E,8,999.0,E,8,0.7,E,8,-9900,?,9,-9900,?,9,0.0,E,8,-9900,?,9,-9900,?,9,0.0,0.0,E,8
09/03/2015,23:00,0.0,1342.057,0.0,1,8,0.0,1,8,0.0,1,8,0.0,1,8,0.0,1,8,0.0,1,8,-0.0,1,8,-9900,?,9,-9900,?,9,11.37,E,8,6.64,E,8,72.0,E,8,872.5394,E,8,999.0,E,8,0.7,E,8,-9900,?,9,-9900,?,9,0.0,E,8,-9900,?,9,-9900,?,9,0.0,0.0,E,8
09/03/2015,24:00,0.0,1342.057,0.0,1,8,0.0,1,8,0.0,1,8,0.0,1,8,0.0,1,8,0.0,1,8,-0.0,1,8,-9900,?,9,-9900,?,9,10.44,E,8,5.94,E,8,73.0,E,8,872.5394,E,8,999.0,E,8,0.72,E,8,-9900,?,9,-9900,?,9,0.0,E,8,-9900,?,9,-9900,?,9,0.0,0.0,E,8
09/04/2015,01:00,0.0,1342.057,0.0,1,8,0.0,1,8,0.0,1,8,0.0,1,8,0.0,1,8,0.0,1,8,-0.0,1,8,-9900,?,9,-9900,?,9,9.97,E,8,5.85,E,8,75.0,E,8,872.5394,E,8,999.0,E,8,0.72,E,8,-9900,?,9,-9900,?,9,0.0,E,8,-9900,?,9,-9900,?,9,0.0,0.0,E,8
09/04/2015,02:00,0.0,1342.057,0.0,1,8,0.0,1,8,0.0,1,8,0.0,1,8,0.0,1,8,0.0,1,8,-0.0,1,8,-9900,?,9,-9900,?,9,9.51,E,8,5.76,E,8,77.0,E,8,872.5394,E,8,999.0,E,8,0.72,E,8,-9900,?,9,-9900,?,9,0.0,E,8,-9900,?,9,-9900,?,9,0.0,0.0,E,8
09/04/2015,03:00,0.0,1342.057,0.0,1,8,0.0,1,8,0.0,1,8,0.0,1,8,0.0,1,8,0.0,1,8,-0.0,1,8,-9900,?,9,-9900,?,9,9.04,E,8,5.66,E,8,79.0,E,8,872.5394,E,8,999.0,E,8,0.72,E,8,-9900,?,9,-9900,?,9,0.0,E,8,-9900,?,9,-9900,?,9,0.0,0.0,E,8
09/04/2015,04:00,0.0,1342.724,0.0,1,8,0.0,1,8,0.0,1,8,0.0,1,8,0.0,1,8,0.0,1,8,-0.0,1,8,-9900,?,9,-9900,?,9,8.58,E,8,5.57,E,8,81.0,E,8,872.5394,E,8,999.0,E,8,0.72,E,8,-9900,?,9,-9900,?,9,0.0,E,8,-9900,?,9,-9900,?,9,0.0,0.0,E,8
09/04/2015,05:00,0.0,1342.724,0.0,1,8,0.0,1,8,0.0,1,8,0.0,1,8,0.0,1,8,0.0,1,8,-0.0,1,8,-9900,?,9,-9900,?,9,8.11,E,8,5.47,E,8,83.0,E,8,872.5394,E,8,999.0,E,8,0.72,E,8,-9900,?,9,-9900,?,9,0.0,E,8,-9900,?,9,-9900,?,9,0.0,0.0,E,8
09/04/2015,06:00,0.0,1342.724,0.0,1,8,0.0,1,8,0.0,1,8,0.0,1,8,0.0,1,8,0.0,1,8,-0.0,1,8,-9900,?,9,-9900,?,9,7.75,E,8,5.4,E,8,85.0,E,8,872.5394,E,8,999.0,E,8,0.72,E,8,-9900,?,9,-9900,?,9,0.0,E,8,-9900,?,9,-9900,?,9,0.0,0.0,E,8
09/04/2015,07:00,167.913,1342.724,0.22,1,8,0.0,1,8,0.22,1,8,26.4,1,8,0.0,1,8,24.2,1,8,0.57,1,8,-9900,?,9,-9900,?,9,7.44,E,8,5.34,E,8,86.0,E,8,872.5394,E,8,999.0,E,8,0.72,E,8,-9900,?,9,-9900,?,9,0.0,E,8,-9900,?,9,-9900,?,9,0.0,0.0,E,8
09/04/2015,08:00,474.676,1342.724,139.89,1,8,38.16,1,8,126.427,1,8,16786.8,1,8,3625.174,1,8,13907.001,1,8,114.068,1,8,-9900,?,9,-9900,?,9,7.13,E,8,5.28,E,8,87.0,E,8,872.5394,E,8,999.0,E,8,0.72,E,8,-9900,?,9,-9900,?,9,0.0,E,8,-9900,?,9,-9900,?,9,0.0,0.0,E,8
09/04/2015,09:00,746.36,1342.724,307.5,1,8,88.787,1,8,258.18,1,8,36900.0,1,8,8434.757,1,8,28399.768,1,8,147.943,1,8,-9900,?,9,-9900,?,9,11.2,E,8,6.09,E,8,70.0,E,8,872.5394,E,8,999.0,E,8,0.72,E,8,-9900,?,9,-9900,?,9,0.0,E,8,-9900,?,9,-9900,?,9,0.0,0.0,E,8
09/04/2015,10:00,963.268,1342.724,525.74,1,8,235.139,1,8,357.098,1,8,63088.8,1,8,22338.233,1,8,39280.8,1,8,158.488,1,8,-9900,?,9,-9900,?,9,13.03,E,8,6.44,E,8,64.0,E,8,872.5394,E,8,999.0,E,8,0.72,E,8,-9900,?,9,-9900,?,9,0.0,E,8,-9900,?,9,-9900,?,9,0.0,0.0,E,8
09/04/2015,11:00,1110.453,1342.724,679.63,1,8,336.194,1,8,401.63,1,8,81555.6,1,8,31938.442,1,8,44179.32,1,8,154.604,1,8,-9900,?,9,-9900,?,9,14.65,E,8,6.74,E,8,59.0,E,8,872.5394,E,8,999.0,E,8,0.72,E,8,-9900,?,9,-9900,?,9,0.0,E,8,-9900,?,9,-9900,?,9,0.0,0.0,E,8
09/04/2015,12:00,1177.836,1342.724,753.88,1,8,400.995,1,8,402.159,1,8,90465.6,1,8,38094.519,1,8,44237.47,1,8,145.945,1,8,-9900,?,9,-9900,?,9,15.89,E,8,6.97,E,8,55.0,E,8,872.5394,E,8,999.0,E,8,0.72,E,8,-9900,?,9,-9900,?,9,0.0,E,8,-9900,?,9,-9900,?,9,0.0,0.0,E,8
09/04/2015,13:00,1160.811,1342.724,743.2,1,8,380.942,1,8,413.901,1,8,89184.0,1,8,36189.521,1,8,45529.091,1,8,152.411,1,8,-9900,?,9,-9900,?,9,16.68,E,8,7.12,E,8,53.0,E,8,872.5394,E,8,999.0,E,8,0.77,E,8,-9900,?,9,-9900,?,9,0.0,E,8,-9900,?,9,-9900,?,9,0.0,0.0,E,8
09/04/2015,14:00,1060.545,1342.724,724.62,1,8,488.628,1,8,338.748,1,8,86954.4,1,8,46419.619,1,8,37262.276,1,8,136.54,1,8,-9900,?,9,-9900,?,9,17.2,E,8,7.21,E,8,51.0,E,8,872.5394,E,8,999.0,E,8,1.34,E,8,-9900,?,9,-9900,?,9,0.0,E,8,-9900,?,9,-9900,?,9,0.0,0.0,E,8
09/04/2015,15:00,883.902,1342.724,561.99,1,8,469.398,1,8,253.109,1,8,67438.8,1,8,44592.763,1,8,27841.961,1,8,122.435,1,8,-9900,?,9,-9900,?,9,17.22,E,8,7.22,E,8,51.0,E,8,872.5394,E,8,999.0,E,8,1.22,E,8,-9900,?,9,-9900,?,9,0.0,E,8,-9900,?,9,-9900,?,9,0.0,0.0,E,8
09/04/2015,16:00,643.005,1342.724,359.73,1,8,334.28,1,8,199.807,1,8,43167.6,1,8,31756.587,1,8,21978.767,1,8,132.941,1,8,-9900,?,9,-9900,?,9,16.55,E,8,7.1,E,8,53.0,E,8,872.5394,E,8,999.0,E,8,1.42,E,8,-9900,?,9,-9900,?,9,0.0,E,8,-9900,?,9,-9900,?,9,0.0,0.0,E,8
09/04/2015,17:00,354.596,1342.724,228.36,1,8,479.955,1,8,102.095,1,8,27403.2,1,8,45595.754,1,8,11230.433,1,8,123.53,1,8,-9900,?,9,-9900,?,9,15.61,E,8,6.92,E,8,56.0,E,8,872.5394,E,8,999.0,E,8,0.72,E,8,-9900,?,9,-9900,?,9,0.0,E,8,-9900,?,9,-9900,?,9,0.0,0.0,E,8
09/04/2015,18:00,43.25,1342.724,54.09,1,8,0.0,1,8,54.09,1,8,6490.8,1,8,0.0,1,8,5949.9,1,8,644.263,1,8,-9900,?,9,-9900,?,9,14.35,E,8,6.69,E,8,59.0,E,8,872.5394,E,8,999.0,E,8,0.72,E,8,-9900,?,9,-9900,?,9,0.0,E,8,-9900,?,9,-9900,?,9,0.0,0.0,E,8
09/04/2015,19:00,0.0,1342.724,0.0,1,8,0.0,1,8,0.0,1,8,0.0,1,8,0.0,1,8,0.0,1,8,-0.0,1,8,-9900,?,9,-9900,?,9,13.6,E,8,6.55,E,8,62.0,E,8,872.5394,E,8,999.0,E,8,0.72,E,8,-9900,?,9,-9900,?,9,0.0,E,8,-9900,?,9,-9900,?,9,0.0,0.0,E,8
09/04/2015,20:00,0.0,1342.724,0.0,1,8,0.0,1,8,0.0,1,8,0.0,1,8,0.0,1,8,0.0,1,8,-0.0,1,8,-9900,?,9,-9900,?,9,12.86,E,8,6.41,E,8,64.0,E,8,872.5394,E,8,999.0,E,8,0.72,E,8,-9900,?,9,-9900,?,9,0.0,E,8,-9900,?,9,-9900,?,9,0.0,0.0,E,8
09/04/2015,21:00,0.0,1342.724,0.0,1,8,0.0,1,8,0.0,1,8,0.0,1,8,0.0,1,8,0.0,1,8,-0.0,1,8,-9900,?,9,-9900,?,9,12.11,E,8,6.26,E,8,67.0,E,8,872.5394,E,8,999.0,E,8,0.72,E,8,-9900,?,9,-9900,?,9,0.0,E,8,-9900,?,9,-9900,?,9,0.0,0.0,E,8
09/04/2015,22:00,0.0,1342.724,0.0,1,8,0.0,1,8,0.0,1,8,0.0,1,8,0.0,1,8,0.0,1,8,-0.0,1,8,-9900,?,9,-9900,?,9,11.36,E,8,6.12,E,8,70.0,E,8,872.5394,E,8,999.0,E,8,0.72,E,8,-9900,?,9,-9900,?,9,0.0,E,8,-9900,?,9,-9900,?,9,0.0,0.0,E,8
09/04/2015,23:00,0.0,1342.724,0.0,1,8,0.0,1,8,0.0,1,8,0.0,1,8,0.0,1,8,0.0,1,8,-0.0,1,8,-9900,?,9,-9900,?,9,10.61,E,8,5.97,E,8,72.0,E,8,872.5394,E,8,999.0,E,8,0.72,E,8,-9900,?,9,-9900,?,9,0.0,E,8,-9900,?,9,-9900,?,9,0.0,0.0,E,8
09/04/2015,24:00,0.0,1342.724,0.0,1,8,0.0,1,8,0.0,1,8,0.0,1,8,0.0,1,8,0.0,1,8,-0.0,1,8,-9900,?,9,-9900,?,9,9.87,E,8,7.78,E,8,86.0,E,8,872.5394,E,8,999.0,E,8,0.44,E,8,-9900,?,9,-9900,?,9,0.0,E,8,-9900,?,9,-9900,?,9,0.0,0.0,E,8
09/05/2015,01:00,0.0,1342.724,0.0,1,8,0.0,1,8,0.0,1,8,0.0,1,8,0.0,1,8,0.0,1,8,-0.0,1,8,-9900,?,9,-9900,?,9,9.49,E,8,7.6,E,8,87.0,E,8,872.5394,E,8,999.0,E,8,0.48,E,8,-9900,?,9,-9900,?,9,0.0,E,8,-9900,?,9,-9900,?,9,0.0,0.0,E,8
09/05/2015,02:00,0.0,1342.724,0.0,1,8,0.0,1,8,0.0,1,8,0.0,1,8,0.0,1,8,0.0,1,8,-0.0,1,8,-9900,?,9,-9900,?,9,9.12,E,8,7.42,E,8,89.0,E,8,872.5394,E,8,999.0,E,8,0.44,E,8,-9900,?,9,-9900,?,9,0.0,E,8,-9900,?,9,-9900,?,9,0.0,0.0,E,8
09/05/2015,03:00,0.0,1342.724,0.0,1,8,0.0,1,8,0.0,1,8,0.0,1,8,0.0,1,8,0.0,1,8,-0.0,1,8,-9900,?,9,-9900,?,9,8.75,E,8,7.23,E,8,90.0,E,8,872.5394,E,8,999.0,E,8,0.45,E,8,-9900,?,9,-9900,?,9,0.0,E,8,-9900,?,9,-9900,?,9,0.0,0.0,E,8
09/05/2015,04:00,0.0,1343.399,0.0,1,8,0.0,1,8,0.0,1,8,0.0,1,8,0.0,1,8,0.0,1,8,-0.0,1,8,-9900,?,9,-9900,?,9,8.37,E,8,7.04,E,8,91.0,E,8,872.5394,E,8,999.0,E,8,0.46,E,8,-9900,?,9,-9900,?,9,0.0,E,8,-9900,?,9,-9900,?,9,0.0,0.0,E,8
09/05/2015,05:00,0.0,1343.399,0.0,1,8,0.0,1,8,0.0,1,8,0.0,1,8,0.0,1,8,0.0,1,8,-0.0,1,8,-9900,?,9,-9900,?,9,8.0,E,8,6.85,E,8,92.0,E,8,872.5394,E,8,999.0,E,8,0.65,E,8,-9900,?,9,-9900,?,9,0.0,E,8,-9900,?,9,-9900,?,9,0.0,0.0,E,8
09/05/2015,06:00,0.0,1343.399,0.0,1,8,0.0,1,8,0.0,1,8,0.0,1,8,0.0,1,8,0.0,1,8,-0.0,1,8,-9900,?,9,-9900,?,9,7.71,E,8,6.7,E,8,93.0,E,8,872.5394,E,8,999.0,E,8,0.68,E,8,-9900,?,9,-9900,?,9,0.0,E,8,-9900,?,9,-9900,?,9,0.0,0.0,E,8
09/05/2015,07:00,172.964,1343.399,0.2,1,8,0.0,1,8,0.2,1,8,24.0,1,8,0.0,1,8,22.0,1,8,0.502,1,8,-9900,?,9,-9900,?,9,7.46,E,8,6.57,E,8,94.0,E,8,872.5394,E,8,999.0,E,8,0.77,E,8,-9900,?,9,-9900,?,9,0.0,E,8,-9900,?,9,-9900,?,9,0.0,0.0,E,8
09/05/2015,08:00,480.046,1343.399,75.17,1,8,0.0,1,8,75.17,1,8,9020.4,1,8,0.0,1,8,8268.7,1,8,67.093,1,8,-9900,?,9,-9900,?,9,7.22,E,8,6.44,E,8,94.0,E,8,872.5394,E,8,999.0,E,8,0.51,E,8,-9900,?,9,-9900,?,9,0.0,E,8,-9900,?,9,-9900,?,9,0.0,0.0,E,8
09/05/2015,09:00,751.836,1343.399,177.41,1,8,1.563,1,8,176.536,1,8,21289.2,1,8,148.461,1,8,19418.956,1,8,100.472,1,8,-9900,?,9,-9900,?,9,10.6,E,8,8.13,E,8,84.0,E,8,872.5394,E,8,999.0,E,8,1.21,E,8,-9900,?,9,-9900,?,9,0.0,E,8,-9900,?,9,-9900,?,9,0.0,0.0,E,8
09/05/2015,10:00,968.681,1343.399,266.47,1,8,4.985,1,8,262.876,1,8,31976.4,1,8,473.576,1,8,28916.409,1,8,116.076,1,8,-9900,?,9,-9900,?,9,11.85,E,8,8.72,E,8,81.0,E,8,872.5394,E,8,999.0,E,8,1.29,E,8,-9900,?,9,-9900,?,9,0.0,E,8,-9900,?,9,-9900,?,9,0.0,0.0,E,8
09/05/2015,11:00,1115.64,1343.399,333.33,1,8,5.31,1,8,328.921,1,8,39999.6,1,8,504.455,1,8,36181.288,1,8,126.09,1,8,-9900,?,9,-9900,?,9,12.92,E,8,9.2,E,8,78.0,E,8,872.5394,E,8,999.0,E,8,1.45,E,8,-9900,?,9,-9900,?,9,0.0,E,8,-9900,?,9,-9900,?,9,0.0,0.0,E,8
09/05/2015,12:00,1182.65,1343.399,372.79,1,8,8.27,1,8,365.51,1,8,44734.8,1,8,785.652,1,8,40206.12,1,8,132.171,1,8,-9900,?,9,-9900,?,9,13.77,E,8,9.57,E,8,75.0,E,8,872.5394,E,8,999.0,E,8,1.28,E,8,-9900,?,9,-9900,?,9,0.0,E,8,-9900,?,9,-9900,?,9,0.0,0.0,E,8
09/05/2015,13:00,1165.132,1343.399,381.92,1,8,9.299,1,8,373.856,1,8,45830.4,1,8,883.378,1,8,41124.159,1,8,137.223,1,8,-9900,?,9,-9900,?,9,14.38,E,8,9.84,E,8,74.0,E,8,872.5394,E,8,999.0,E,8,0.88,E,8,-9900,?,9,-9900,?,9,0.0,E,8,-9900,?,9,-9900,?,9,0.0,0.0,E,8
09/05/2015,14:00,1064.287,1343.399,360.08,1,8,7.893,1,8,353.828,1,8,43209.6,1,8,749.835,1,8,38921.078,1,8,142.188,1,8,-9900,?,9,-9900,?,9,14.73,E,8,9.98,E,8,73.0,E,8,872.5394,E,8,999.0,E,8,1.23,E,8,-9900,?,9,-9900,?,9,0.0,E,8,-9900,?,9,-9900,?,9,0.0,0.0,E,8
09/05/2015,15:00,887.019,1343.399,308.85,1,8,11.746,1,8,301.097,1,8,37062.0,1,8,1115.871,1,8,33120.702,1,8,145.209,1,8,-9900,?,9,-9900,?,9,14.83,E,8,10.03,E,8,72.0,E,8,872.5394,E,8,999.0,E,8,1.45,E,8,-9900,?,9,-9900,?,9,0.0,E,8,-9900,?,9,-9900,?,9,0.0,0.0,E,8
09/05/2015,16:00,645.492,1343.399,232.06,1,8,12.448,1,8,226.085,1,8,27847.2,1,8,1182.54,1,8,24869.324,1,8,149.92,1,8,-9900,?,9,-9900,?,9,14.56,E,8,9.91,E,8,73.0,E,8,872.5394,E,8,999.0,E,8,0.77,E,8,-9900,?,9,-9900,?,9,0.0,E,8,-9900,?,9,-9900,?,9,0.0,0.0,E,8
09/05/2015,17:00,356.491,1343.399,136.11,1,8,118.143,1,8,104.878,1,8,16333.2,1,8,11223.548,1,8,11536.558,1,8,126.281,1,8,-9900,?,9,-9900,?,9,13.91,E,8,9.63,E,8,75.0,E,8,872.5394,E,8,999.0,E,8,0.65,E,8,-9900,?,9,-9900,?,9,0.0,E,8,-9900,?,9,-9900,?,9,0.0,0.0,E,8
09/05/2015,18:00,44.54,1343.399,34.31,1,8,0.0,1,8,34.31,1,8,4117.2,1,8,0.0,1,8,3774.1,1,8,393.591,1,8,-9900,?,9,-9900,?,9,12.96,E,8,9.22,E,8,77.0,E,8,872.5394,E,8,999.0,E,8,0.7,E,8,-9900,?,9,-9900,?,9,0.0,E,8,-9900,?,9,-9900,?,9,0.0,0.0,E,8
09/05/2015,19:00,0.0,1343.399,0.0,1,8,0.0,1,8,0.0,1,8,0.0,1,8,0.0,1,8,0.0,1,8,-0.0,1,8,-9900,?,9,-9900,?,9,12.36,E,8,8.95,E,8,79.0,E,8,872.5394,E,8,999.0,E,8,1.02,E,8,-9900,?,9,-9900,?,9,0.0,E,8,-9900,?,9,-9900,?,9,0.0,0.0,E,8
09/05/2015,20:00,0.0,1343.399,0.0,1,8,0.0,1,8,0.0,1,8,0.0,1,8,0.0,1,8,0.0,1,8,-0.0,1,8,-9900,?,9,-9900,?,9,11.76,E,8,8.68,E,8,81.0,E,8,872.5394,E,8,999.0,E,8,0.67,E,8,-9900,?,9,-9900,?,9,0.0,E,8,-9900,?,9,-9900,?,9,0.0,0.0,E,8
09/05/2015,21:00,0.0,1343.399,0.0,1,8,0.0,1,8,0.0,1,8,0.0,1,8,0.0,1,8,0.0,1,8,-0.0,1,8,-9900,?,9,-9900,?,9,11.16,E,8,8.4,E,8,83.0,E,8,872.5394,E,8,999.0,E,8,0.44,E,8,-9900,?,9,-9900,?,9,0.0,E,8,-9900,?,9,-9900,?,9,0.0,0.0,E,8
09/05/2015,22:00,0.0,1343.399,0.0,1,8,0.0,1,8,0.0,1,8,0.0,1,8,0.0,1,8,0.0,1,8,-0.0,1,8,-9900,?,9,-9900,?,9,10.56,E,8,8.11,E,8,84.0,E,8,872.5394,E,8,999.0,E,8,0.76,E,8,-9900,?,9,-9900,?,9,0.0,E,8,-9900,?,9,-9900,?,9,0.0,0.0,E,8
09/05/2015,23:00,0.0,1343.399,0.0,1,8,0.0,1,8,0.0,1,8,0.0,1,8,0.0,1,8,0.0,1,8,-0.0,1,8,-9900,?,9,-9900,?,9,9.96,E,8,7.83,E,8,86.0,E,8,872.5394,E,8,999.0,E,8,0.52,E,8,-9900,?,9,-9900,?,9,0.0,E,8,-9900,?,9,-9900,?,9,0.0,0.0,E,8
09/05/2015,24:00,0.0,1343.399,0.0,1,8,0.0,1,8,0.0,1,8,0.0,1,8,0.0,1,8,0.0,1,8,-0.0,1,8,-9900,?,9,-9900,?,9,9.36,E,8,8.11,E,8,91.0,E,8,872.5394,E,8,999.0,E,8,0.85,E,8,-9900,?,9,-9900,?,9,0.0,E,8,-9900,?,9,-9900,?,9,0.0,0.0,E,8
09/06/2015,01:00,0.0,1343.399,0.0,1,8,0.0,1,8,0.0,1,8,0.0,1,8,0.0,1,8,0.0,1,8,-0.0,1,8,-9900,?,9,-9900,?,9,9.05,E,8,7.98,E,8,92.0,E,8,872.5394,E,8,999.0,E,8,0.81,E,8,-9900,?,9,-9900,?,9,0.0,E,8,-9900,?,9,-9900,?,9,0.0,0.0,E,8
09/06/2015,02:00,0.0,1343.399,0.0,1,8,0.0,1,8,0.0,1,8,0.0,1,8,0.0,1,8,0.0,1,8,-0.0,1,8,-9900,?,9,-9900,?,9,8.75,E,8,7.85,E,8,94.0,E,8,872.5394,E,8,999.0,E,8,0.81,E,8,-9900,?,9,-9900,?,9,0.0,E,8,-9900,?,9,-9900,?,9,0.0,0.0,E,8
09/06/2015,03:00,0.0,1343.399,0.0,1,8,0.0,1,8,0.0,1,8,0.0,1,8,0.0,1,8,0.0,1,8,-0.0,1,8,-9900,?,9,-9900,?,9,8.45,E,8,7.73,E,8,95.0,E,8,872.5394,E,8,999.0,E,8,1.18,E,8,-9900,?,9,-9900,?,9,0.0,E,8,-9900,?,9,-9900,?,9,0.0,0.0,E,8
09/06/2015,04:00,0.0,1344.081,0.0,1,8,0.0,1,8,0.0,1,8,0.0,1,8,0.0,1,8,0.0,1,8,-0.0,1,8,-9900,?,9,-9900,?,9,8.15,E,8,7.6,E,8,96.0,E,8,872.5394,E,8,999.0,E,8,1.12,E,8,-9900,?,9,-9900,?,9,0.0,E,8,-9900,?,9,-9900,?,9,0.0,0.0,E,8
09/06/2015,05:00,0.0,1344.081,0.0,1,8,0.0,1,8,0.0,1,8,0.0,1,8,0.0,1,8,0.0,1,8,-0.0,1,8,-9900,?,9,-9900,?,9,7.85,E,8,7.47,E,8,97.0,E,8,872.5394,E,8,999.0,E,8,0.81,E,8,-9900,?,9,-9900,?,9,0.0,E,8,-9900,?,9,-9900,?,9,0.0,0.0,E,8
09/06/2015,06:00,0.0,1344.081,0.0,1,8,0.0,1,8,0.0,1,8,0.0,1,8,0.0,1,8,0.0,1,8,-0.0,1,8,-9900,?,9,-9900,?,9,7.62,E,8,7.37,E,8,98.0,E,8,872.5394,E,8,999.0,E,8,0.81,E,8,-9900,?,9,-9900,?,9,0.0,E,8,-9900,?,9,-9900,?,9,0.0,0.0,E,8
09/06/2015,07:00,178.055,1344.081,0.34,1,8,0.0,1,8,0.34,1,8,40.8,1,8,0.0,1,8,37.4,1,8,0.83,1,8,-9900,?,9,-9900,?,9,7.42,E,8,7.29,E,8,99.0,E,8,872.5394,E,8,999.0,E,8,0.81,E,8,-9900,?,9,-9900,?,9,0.0,E,8,-9900,?,9,-9900,?,9,0.0,0.0,E,8
09/06/2015,08:00,485.441,1344.081,81.97,1,8,0.0,1,8,81.97,1,8,9836.4,1,8,0.0,1,8,9016.7,1,8,72.383,1,8,-9900,?,9,-9900,?,9,7.22,E,8,7.2,E,8,99.0,E,8,872.5394,E,8,999.0,E,8,0.81,E,8,-9900,?,9,-9900,?,9,0.0,E,8,-9900,?,9,-9900,?,9,0.0,0.0,E,8
09/06/2015,09:00,757.326,1344.081,191.22,1,8,2.251,1,8,189.952,1,8,22946.4,1,8,213.843,1,8,20894.773,1,8,107.377,1,8,-9900,?,9,-9900,?,9,10.84,E,8,8.7,E,8,86.0,E,8,872.5394,E,8,999.0,E,8,0.81,E,8,-9900,?,9,-9900,?,9,0.0,E,8,-9900,?,9,-9900,?,9,0.0,0.0,E,8
09/06/2015,10:00,974.094,1344.081,286.26,1,8,6.095,1,8,281.844,1,8,34351.2,1,8,578.993,1,8,31002.862,1,8,123.822,1,8,-9900,?,9,-9900,?,9,12.16,E,8,9.22,E,8,82.0,E,8,872.5394,E,8,999.0,E,8,0.81,E,8,-9900,?,9,-9900,?,9,0.0,E,8,-9900,?,9,-9900,?,9,0.0,0.0,E,8
09/06/2015,11:00,1120.816,1344.081,357.55,1,8,6.378,1,8,352.232,1,8,42906.0,1,8,605.928,1,8,38745.518,1,8,134.47,1,8,-9900,?,9,-9900,?,9,13.29,E,8,9.65,E,8,78.0,E,8,872.5394,E,8,999.0,E,8,0.81,E,8,-9900,?,9,-9900,?,9,0.0,E,8,-9900,?,9,-9900,?,9,0.0,0.0,E,8
09/06/2015,12:00,1187.445,1344.081,399.52,1,8,9.991,1,8,390.694,1,8,47942.4,1,8,949.166,1,8,42976.325,1,8,140.778,1,8,-9900,?,9,-9900,?,9,14.19,E,8,9.98,E,8,75.0,E,8,872.5394,E,8,999.0,E,8,0.81,E,8,-9900,?,9,-9900,?,9,0.0,E,8,-9900,?,9,-9900,?,9,0.0,0.0,E,8
09/06/2015,13:00,1169.429,1344.081,409.1,1,8,11.438,1,8,399.149,1,8,49092.0,1,8,1086.58,1,8,43906.444,1,8,146.042,1,8,-9900,?,9,-9900,?,9,14.84,E,8,10.22,E,8,73.0,E,8,872.5394,E,8,999.0,E,8,0.81,E,8,-9900,?,9,-9900,?,9,0.0,E,8,-9900,?,9,-9900,?,9,0.0,0.0,E,8
09/06/2015,14:00,1068.002,1344.081,385.58,1,8,9.96,1,8,377.667,1,8,46269.6,1,8,946.203,1,8,41543.387,1,8,151.317,1,8,-9900,?,9,-9900,?,9,15.21,E,8,10.35,E,8,72.0,E,8,872.5394,E,8,999.0,E,8,0.81,E,8,-9900,?,9,-9900,?,9,0.0,E,8,-9900,?,9,-9900,?,9,0.0,0.0,E,8
09/06/2015,15:00,890.109,1344.081,330.68,1,8,15.249,1,8,320.585,1,8,39681.6,1,8,1448.643,1,8,35264.385,1,8,154.148,1,8,-9900,?,9,-9900,?,9,15.3,E,8,10.39,E,8,72.0,E,8,872.5394,E,8,999.0,E,8,0.81,E,8,-9900,?,9,-9900,?,9,0.0,E,8,-9900,?,9,-9900,?,9,0.0,0.0,E,8
09/06/2015,16:00,647.957,1344.081,248.51,1,8,68.889,1,8,215.332,1,8,29821.2,1,8,6544.463,1,8,23686.505,1,8,142.317,1,8,-9900,?,9,-9900,?,9,15.02,E,8,10.29,E,8,73.0,E,8,872.5394,E,8,999.0,E,8,0.81,E,8,-9900,?,9,-9900,?,9,0.0,E,8,-9900,?,9,-9900,?,9,0.0,0.0,E,8
09/06/2015,17:00,358.371,1344.081,145.9,1,8,153.998,1,8,104.993,1,8,17508.0,1,8,14629.856,1,8,11549.28,1,8,125.816,1,8,-9900,?,9,-9900,?,9,14.33,E,8,10.04,E,8,75.0,E,8,872.5394,E,8,999.0,E,8,0.81,E,8,-9900,?,9,-9900,?,9,0.0,E,8,-9900,?,9,-9900,?,9,0.0,0.0,E,8
09/06/2015,18:00,45.828,1344.081,37.02,1,8,0.0,1,8,37.02,1,8,4442.4,1,8,0.0,1,8,4072.2,1,8,409.647,1,8,-9900,?,9,-9900,?,9,13.32,E,8,9.66,E,8,78.0,E,8,872.5394,E,8,999.0,E,8,0.81,E,8,-9900,?,9,-9900,?,9,0.0,E,8,-9900,?,9,-9900,?,9,0.0,0.0,E,8
09/06/2015,19:00,0.0,1344.081,0.0,1,8,0.0,1,8,0.0,1,8,0.0,1,8,0.0,1,8,0.0,1,8,-0.0,1,8,-9900,?,9,-9900,?,9,12.93,E,8,9.51,E,8,79.0,E,8,872.5394,E,8,999.0,E,8,0.81,E,8,-9900,?,9,-9900,?,9,0.0,E,8,-9900,?,9,-9900,?,9,0.0,0.0,E,8
09/06/2015,20:00,0.0,1344.081,0.0,1,8,0.0,1,8,0.0,1,8,0.0,1,8,0.0,1,8,0.0,1,8,-0.0,1,8,-9900,?,9,-9900,?,9,12.53,E,8,9.36,E,8,80.0,E,8,872.5394,E,8,999.0,E,8,0.81,E,8,-9900,?,9,-9900,?,9,0.0,E,8,-9900,?,9,-9900,?,9,0.0,0.0,E,8
09/06/2015,21:00,0.0,1344.081,0.0,1,8,0.0,1,8,0.0,1,8,0.0,1,8,0.0,1,8,0.0,1,8,-0.0,1,8,-9900,?,9,-9900,?,9,12.13,E,8,9.21,E,8,82.0,E,8,872.5394,E,8,999.0,E,8,0.81,E,8,-9900,?,9,-9900,?,9,0.0,E,8,-9900,?,9,-9900,?,9,0.0,0.0,E,8
09/06/2015,22:00,0.0,1344.081,0.0,1,8,0.0,1,8,0.0,1,8,0.0,1,8,0.0,1,8,0.0,1,8,-0.0,1,8,-9900,?,9,-9900,?,9,11.73,E,8,9.05,E,8,83.0,E,8,872.5394,E,8,999.0,E,8,0.81,E,8,-9900,?,9,-9900,?,9,0.0,E,8,-9900,?,9,-9900,?,9,0.0,0.0,E,8
09/06/2015,23:00,0.0,1344.081,0.0,1,8,0.0,1,8,0.0,1,8,0.0,1,8,0.0,1,8,0.0,1,8,-0.0,1,8,-9900,?,9,-9900,?,9,11.33,E,8,8.9,E,8,84.0,E,8,872.5394,E,8,999.0,E,8,0.81,E,8,-9900,?,9,-9900,?,9,0.0,E,8,-9900,?,9,-9900,?,9,0.0,0.0,E,8
09/06/2015,24:00,0.0,1344.081,0.0,1,8,0.0,1,8,0.0,1,8,0.0,1,8,0.0,1,8,0.0,1,8,-0.0,1,8,-9900,?,9,-9900,?,9,10.94,E,8,9.07,E,8,88.0,E,8,872.5394,E,8,999.0,E,8,0.79,E,8,-9900,?,9,-9900,?,9,0.0,E,8,-9900,?,9,-9900,?,9,0.0,0.0,E,8
09/07/2015,01:00,0.0,1344.081,0.0,1,8,0.0,1,8,0.0,1,8,0.0,1,8,0.0,1,8,0.0,1,8,-0.0,1,8,-9900,?,9,-9900,?,9,10.74,E,8,9.02,E,8,89.0,E,8,872.5394,E,8,999.0,E,8,0.79,E,8,-9900,?,9,-9900,?,9,0.0,E,8,-9900,?,9,-9900,?,9,0.0,0.0,E,8
09/07/2015,02:00,0.0,1344.081,0.0,1,8,0.0,1,8,0.0,1,8,0.0,1,8,0.0,1,8,0.0,1,8,-0.0,1,8,-9900,?,9,-9900,?,9,10.54,E,8,8.97,E,8,90.0,E,8,872.5394,E,8,999.0,E,8,0.79,E,8,-9900,?,9,-9900,?,9,0.0,E,8,-9900,?,9,-9900,?,9,0.0,0.0,E,8
09/07/2015,03:00,0.0,1344.081,0.0,1,8,0.0,1,8,0.0,1,8,0.0,1,8,0.0,1,8,0.0,1,8,-0.0,1,8,-9900,?,9,-9900,?,9,10.34,E,8,8.93,E,8,90.0,E,8,872.5394,E,8,999.0,E,8,0.79,E,8,-9900,?,9,-9900,?,9,0.0,E,8,-9900,?,9,-9900,?,9,0.0,0.0,E,8
09/07/2015,04:00,0.0,1344.77,0.0,1,8,0.0,1,8,0.0,1,8,0.0,1,8,0.0,1,8,0.0,1,8,-0.0,1,8,-9900,?,9,-9900,?,9,10.14,E,8,8.88,E,8,91.0,E,8,872.5394,E,8,999.0,E,8,0.79,E,8,-9900,?,9,-9900,?,9,0.0,E,8,-9900,?,9,-9900,?,9,0.0,0.0,E,8
09/07/2015,05:00,0.0,1344.77,0.0,1,8,0.0,1,8,0.0,1,8,0.0,1,8,0.0,1,8,0.0,1,8,-0.0,1,8,-9900,?,9,-9900,?,9,9.94,E,8,8.84,E,8,92.0,E,8,872.5394,E,8,999.0,E,8,0.79,E,8,-9900,?,9,-9900,?,9,0.0,E,8,-9900,?,9,-9900,?,9,0.0,0.0,E,8
09/07/2015,06:00,0.0,1344.77,0.0,1,8,0.0,1,8,0.0,1,8,0.0,1,8,0.0,1,8,0.0,1,8,-0.0,1,8,-9900,?,9,-9900,?,9,9.79,E,8,8.8,E,8,93.0,E,8,872.5394,E,8,999.0,E,8,0.79,E,8,-9900,?,9,-9900,?,9,0.0,E,8,-9900,?,9,-9900,?,9,0.0,0.0,E,8
09/07/2015,07:00,183.184,1344.77,0.4,1,8,0.0,1,8,0.4,1,8,48.0,1,8,0.0,1,8,44.0,1,8,0.948,1,8,-9900,?,9,-9900,?,9,9.66,E,8,8.77,E,8,94.0,E,8,872.5394,E,8,999.0,E,8,1.03,E,8,-9900,?,9,-9900,?,9,0.0,E,8,-9900,?,9,-9900,?,9,0.0,0.0,E,8
09/07/2015,08:00,490.859,1344.77,67.62,1,8,0.0,1,8,67.62,1,8,8114.4,1,8,0.0,1,8,7438.2,1,8,59.08,1,8,-9900,?,9,-9900,?,9,9.53,E,8,8.74,E,8,94.0,E,8,872.5394,E,8,999.0,E,8,0.79,E,8,-9900,?,9,-9900,?,9,0.0,E,8,-9900,?,9,-9900,?,9,0.0,0.0,E,8
09/07/2015,09:00,762.824,1344.77,155.96,1,8,8.121,1,8,151.356,1,8,18715.2,1,8,771.521,1,8,16649.163,1,8,84.985,1,8,-9900,?,9,-9900,?,9,12.29,E,8,9.37,E,8,82.0,E,8,872.5394,E,8,999.0,E,8,0.79,E,8,-9900,?,9,-9900,?,9,0.0,E,8,-9900,?,9,-9900,?,9,0.0,0.0,E,8
09/07/2015,10:00,979.505,1344.77,232.7,1,8,3.487,1,8,230.161,1,8,27924.0,1,8,331.286,1,8,25317.67,1,8,100.609,1,8,-9900,?,9,-9900,?,9,13.28,E,8,9.59,E,8,78.0,E,8,872.5394,E,8,999.0,E,8,0.79,E,8,-9900,?,9,-9900,?,9,0.0,E,8,-9900,?,9,-9900,?,9,0.0,0.0,E,8
09/07/2015,11:00,1125.979,1344.77,290.21,1,8,5.308,1,8,285.766,1,8,34825.2,1,8,504.273,1,8,31434.265,1,8,108.651,1,8,-9900,?,9,-9900,?,9,14.14,E,8,9.78,E,8,74.0,E,8,872.5394,E,8,999.0,E,8,0.79,E,8,-9900,?,9,-9900,?,9,0.0,E,8,-9900,?,9,-9900,?,9,0.0,0.0,E,8
09/07/2015,12:00,1192.219,1344.77,324.0,1,8,5.981,1,8,318.698,1,8,38880.0,1,8,568.224,1,8,35056.74,1,8,114.434,1,8,-9900,?,9,-9900,?,9,14.81,E,8,9.92,E,8,72.0,E,8,872.5394,E,8,999.0,E,8,0.79,E,8,-9900,?,9,-9900,?,9,0.0,E,8,-9900,?,9,-9900,?,9,0.0,0.0,E,8
09/07/2015,13:00,1173.699,1344.77,331.59,1,8,6.398,1,8,326.007,1,8,39790.8,1,8,607.775,1,8,35860.741,1,8,118.907,1,8,-9900,?,9,-9900,?,9,15.3,E,8,10.03,E,8,70.0,E,8,872.5394,E,8,999.0,E,8,0.79,E,8,-9900,?,9,-9900,?,9,0.0,E,8,-9900,?,9,-9900,?,9,0.0,0.0,E,8
09/07/2015,14:00,1071.689,1344.77,312.43,1,8,6.801,1,8,307.011,1,8,37491.6,1,8,646.048,1,8,33771.252,1,8,122.647,1,8,-9900,?,9,-9900,?,9,15.58,E,8,10.09,E,8,69.0,E,8,872.5394,E,8,999.0,E,8,0.79,E,8,-9900,?,9,-9900,?,9,0.0,E,8,-9900,?,9,-9900,?,9,0.0,0.0,E,8
09/07/2015,15:00,893.173,1344.77,267.91,1,8,6.578,1,8,263.542,1,8,32149.2,1,8,624.95,1,8,28989.659,1,8,126.35,1,8,-9900,?,9,-9900,?,9,15.65,E,8,10.1,E,8,69.0,E,8,872.5394,E,8,999.0,E,8,0.79,E,8,-9900,?,9,-9900,?,9,0.0,E,8,-9900,?,9,-9900,?,9,0.0,0.0,E,8
09/07/2015,16:00,650.4,1344.77,201.37,1,8,6.11,1,8,198.418,1,8,24164.4,1,8,580.44,1,8,21825.954,1,8,130.712,1,8,-9900,?,9,-9900,?,9,15.43,E,8,10.05,E,8,70.0,E,8,872.5394,E,8,999.0,E,8,0.79,E,8,-9900,?,9,-9900,?,9,0.0,E,8,-9900,?,9,-9900,?,9,0.0,0.0,E,8
09/07/2015,17:00,360.237,1344.77,118.33,1,8,45.973,1,8,106.06,1,8,14199.6,1,8,4367.438,1,8,11666.653,1,8,126.497,1,8,-9900,?,9,-9900,?,9,14.91,E,8,9.94,E,8,72.0,E,8,872.5394,E,8,999.0,E,8,0.79,E,8,-9900,?,9,-9900,?,9,0.0,E,8,-9900,?,9,-9900,?,9,0.0,0.0,E,8
09/07/2015,18:00,47.113,1344.77,30.22,1,8,0.0,1,8,30.22,1,8,3626.4,1,8,0.0,1,8,3324.2,1,8,323.022,1,8,-9900,?,9,-9900,?,9,14.15,E,8,9.78,E,8,74.0,E,8,872.5394,E,8,999.0,E,8,0.79,E,8,-9900,?,9,-9900,?,9,0.0,E,8,-9900,?,9,-9900,?,9,0.0,0.0,E,8
09/07/2015,19:00,0.0,1344.77,0.0,1,8,0.0,1,8,0.0,1,8,0.0,1,8,0.0,1,8,0.0,1,8,-0.0,1,8,-9900,?,9,-9900,?,9,13.59,E,8,9.66,E,8,77.0,E,8,872.5394,E,8,999.0,E,8,0.79,E,8,-9900,?,9,-9900,?,9,0.0,E,8,-9900,?,9,-9900,?,9,0.0,0.0,E,8
09/07/2015,20:00,0.0,1344.77,0.0,1,8,0.0,1,8,0.0,1,8,0.0,1,8,0.0,1,8,0.0,1,8,-0.0,1,8,-9900,?,9,-9900,?,9,13.03,E,8,9.53,E,8,79.0,E,8,872.5394,E,8,999.0,E,8,0.79,E,8,-9900,?,9,-9900,?,9,0.0,E,8,-9900,?,9,-9900,?,9,0.0,0.0,E,8
09/07/2015,21:00,0.0,1344.77,0.0,1,8,0.0,1,8,0.0,1,8,0.0,1,8,0.0,1,8,0.0,1,8,-0.0,1,8,-9900,?,9,-9900,?,9,12.48,E,8,9.41,E,8,81.0,E,8,872.5394,E,8,999.0,E,8,0.79,E,8,-9900,?,9,-9900,?,9,0.0,E,8,-9900,?,9,-9900,?,9,0.0,0.0,E,8
09/07/2015,22:00,0.0,1344.77,0.0,1,8,0.0,1,8,0.0,1,8,0.0,1,8,0.0,1,8,0.0,1,8,-0.0,1,8,-9900,?,9,-9900,?,9,11.92,E,8,9.29,E,8,83.0,E,8,872.5394,E,8,999.0,E,8,0.79,E,8,-9900,?,9,-9900,?,9,0.0,E,8,-9900,?,9,-9900,?,9,0.0,0.0,E,8
09/07/2015,23:00,0.0,1344.77,0.0,1,8,0.0,1,8,0.0,1,8,0.0,1,8,0.0,1,8,0.0,1,8,-0.0,1,8,-9900,?,9,-9900,?,9,11.36,E,8,9.16,E,8,86.0,E,8,872.5394,E,8,999.0,E,8,0.79,E,8,-9900,?,9,-9900,?,9,0.0,E,8,-9900,?,9,-9900,?,9,0.0,0.0,E,8
09/07/2015,24:00,0.0,1344.77,0.0,1,8,0.0,1,8,0.0,1,8,0.0,1,8,0.0,1,8,0.0,1,8,-0.0,1,8,-9900,?,9,-9900,?,9,10.81,E,8,7.92,E,8,82.0,E,8,872.5394,E,8,999.0,E,8,0.59,E,8,-9900,?,9,-9900,?,9,0.0,E,8,-9900,?,9,-9900,?,9,0.0,0.0,E,8
09/08/2015,01:00,0.0,1344.77,0.0,1,8,0.0,1,8,0.0,1,8,0.0,1,8,0.0,1,8,0.0,1,8,-0.0,1,8,-9900,?,9,-9900,?,9,10.53,E,8,7.88,E,8,83.0,E,8,872.5394,E,8,999.0,E,8,0.59,E,8,-9900,?,9,-9900,?,9,0.0,E,8,-9900,?,9,-9900,?,9,0.0,0.0,E,8
09/08/2015,02:00,0.0,1344.77,0.0,1,8,0.0,1,8,0.0,1,8,0.0,1,8,0.0,1,8,0.0,1,8,-0.0,1,8,-9900,?,9,-9900,?,9,10.25,E,8,7.84,E,8,84.0,E,8,872.5394,E,8,999.0,E,8,0.59,E,8,-9900,?,9,-9900,?,9,0.0,E,8,-9900,?,9,-9900,?,9,0.0,0.0,E,8
09/08/2015,03:00,0.0,1344.77,0.0,1,8,0.0,1,8,0.0,1,8,0.0,1,8,0.0,1,8,0.0,1,8,-0.0,1,8,-9900,?,9,-9900,?,9,9.97,E,8,7.8,E,8,86.0,E,8,872.5394,E,8,999.0,E,8,0.59,E,8,-9900,?,9,-9900,?,9,0.0,E,8,-9900,?,9,-9900,?,9,0.0,0.0,E,8
09/08/2015,04:00,0.0,1345.466,0.0,1,8,0.0,1,8,0.0,1,8,0.0,1,8,0.0,1,8,0.0,1,8,-0.0,1,8,-9900,?,9,-9900,?,9,9.7,E,8,7.76,E,8,87.0,E,8,872.5394,E,8,999.0,E,8,0.59,E,8,-9900,?,9,-9900,?,9,0.0,E,8,-9900,?,9,-9900,?,9,0.0,0.0,E,8
09/08/2015,05:00,0.0,1345.466,0.0,1,8,0.0,1,8,0.0,1,8,0.0,1,8,0.0,1,8,0.0,1,8,-0.0,1,8,-9900,?,9,-9900,?,9,9.42,E,8,7.72,E,8,89.0,E,8,872.5394,E,8,999.0,E,8,0.59,E,8,-9900,?,9,-9900,?,9,0.0,E,8,-9900,?,9,-9900,?,9,0.0,0.0,E,8
09/08/2015,06:00,0.0,1345.466,0.0,1,8,0.0,1,8,0.0,1,8,0.0,1,8,0.0,1,8,0.0,1,8,-0.0,1,8,-9900,?,9,-9900,?,9,9.2,E,8,7.68,E,8,90.0,E,8,872.5394,E,8,999.0,E,8,0.59,E,8,-9900,?,9,-9900,?,9,0.0,E,8,-9900,?,9,-9900,?,9,0.0,0.0,E,8
09/08/2015,07:00,188.347,1345.466,0.82,1,8,0.0,1,8,0.82,1,8,98.4,1,8,0.0,1,8,90.2,1,8,1.89,1,8,-9900,?,9,-9900,?,9,9.02,E,8,7.66,E,8,91.0,E,8,872.5394,E,8,999.0,E,8,0.59,E,8,-9900,?,9,-9900,?,9,0.0,E,8,-9900,?,9,-9900,?,9,0.0,0.0,E,8
09/08/2015,08:00,496.295,1345.466,101.78,1,8,0.0,1,8,101.78,1,8,12213.6,1,8,0.0,1,8,11195.8,1,8,87.993,1,8,-9900,?,9,-9900,?,9,8.84,E,8,7.63,E,8,92.0,E,8,872.5394,E,8,999.0,E,8,0.59,E,8,-9900,?,9,-9900,?,9,0.0,E,8,-9900,?,9,-9900,?,9,0.0,0.0,E,8
09/08/2015,09:00,768.329,1345.466,232.16,1,8,5.181,1,8,229.203,1,8,27859.2,1,8,492.186,1,8,25212.356,1,8,127.838,1,8,-9900,?,9,-9900,?,9,12.6,E,8,8.17,E,8,74.0,E,8,872.5394,E,8,999.0,E,8,0.59,E,8,-9900,?,9,-9900,?,9,0.0,E,8,-9900,?,9,-9900,?,9,0.0,0.0,E,8
09/08/2015,10:00,984.91,1345.466,345.27,1,8,11.305,1,8,336.996,1,8,41432.4,1,8,1074.009,1,8,37069.597,1,8,146.576,1,8,-9900,?,9,-9900,?,9,13.95,E,8,8.36,E,8,68.0,E,8,872.5394,E,8,999.0,E,8,0.59,E,8,-9900,?,9,-9900,?,9,0.0,E,8,-9900,?,9,-9900,?,9,0.0,0.0,E,8
09/08/2015,11:00,1131.127,1345.466,429.95,1,8,11.591,1,8,420.207,1,8,51594.0,1,8,1101.16,1,8,46222.722,1,8,159.121,1,8,-9900,?,9,-9900,?,9,15.09,E,8,8.51,E,8,64.0,E,8,872.5394,E,8,999.0,E,8,0.59,E,8,-9900,?,9,-9900,?,9,0.0,E,8,-9900,?,9,-9900,?,9,0.0,0.0,E,8
09/08/2015,12:00,1196.97,1345.466,479.6,1,8,13.525,1,8,467.569,1,8,57552.0,1,8,1284.891,1,8,51432.536,1,8,167.309,1,8,-9900,?,9,-9900,?,9,16.01,E,8,8.64,E,8,61.0,E,8,872.5394,E,8,999.0,E,8,0.69,E,8,-9900,?,9,-9900,?,9,0.0,E,8,-9900,?,9,-9900,?,9,0.0,0.0,E,8
09/08/2015,13:00,1177.941,1345.466,490.57,1,8,64.316,1,8,434.267,1,8,58868.4,1,8,6110.057,1,8,47769.338,1,8,157.905,1,8,-9900,?,9,-9900,?,9,16.66,E,8,8.73,E,8,59.0,E,8,872.5394,E,8,999.0,E,8,0.96,E,8,-9900,?,9,-9900,?,9,0.0,E,8,-9900,?,9,-9900,?,9,0.0,0.0,E,8
09/08/2015,14:00,1075.347,1345.466,462.07,1,8,79.029,1,8,398.917,1,8,55448.4,1,8,7507.772,1,8,43880.917,1,8,158.902,1,8,-9900,?,9,-9900,?,9,17.03,E,8,8.78,E,8,58.0,E,8,872.5394,E,8,999.0,E,8,1.24,E,8,-9900,?,9,-9900,?,9,0.0,E,8,-9900,?,9,-9900,?,9,0.0,0.0,E,8
09/08/2015,15:00,896.209,1345.466,396.18,1,8,120.554,1,8,315.909,1,8,47541.6,1,8,11452.635,1,8,34749.994,1,8,151.02,1,8,-9900,?,9,-9900,?,9,17.12,E,8,8.79,E,8,57.0,E,8,872.5394,E,8,999.0,E,8,2.36,E,8,-9900,?,9,-9900,?,9,0.0,E,8,-9900,?,9,-9900,?,9,0.0,0.0,E,8
09/08/2015,16:00,652.821,1345.466,297.82,1,8,139.841,1,8,230.033,1,8,35738.4,1,8,13284.908,1,8,25303.678,1,8,151.054,1,8,-9900,?,9,-9900,?,9,16.83,E,8,8.75,E,8,58.0,E,8,872.5394,E,8,999.0,E,8,1.88,E,8,-9900,?,9,-9900,?,9,0.0,E,8,-9900,?,9,-9900,?,9,0.0,0.0,E,8
09/08/2015,17:00,362.088,1345.466,175.17,1,8,234.763,1,8,112.224,1,8,21020.4,1,8,22302.479,1,8,12344.601,1,8,133.227,1,8,-9900,?,9,-9900,?,9,16.12,E,8,8.66,E,8,61.0,E,8,872.5394,E,8,999.0,E,8,1.39,E,8,-9900,?,9,-9900,?,9,0.0,E,8,-9900,?,9,-9900,?,9,0.0,0.0,E,8
09/08/2015,18:00,48.397,1345.466,45.02,1,8,0.0,1,8,45.02,1,8,5402.4,1,8,0.0,1,8,4952.2,1,8,465.446,1,8,-9900,?,9,-9900,?,9,15.09,E,8,8.51,E,8,64.0,E,8,872.5394,E,8,999.0,E,8,0.59,E,8,-9900,?,9,-9900,?,9,0.0,E,8,-9900,?,9,-9900,?,9,0.0,0.0,E,8
09/08/2015,19:00,0.0,1345.466,0.0,1,8,0.0,1,8,0.0,1,8,0.0,1,8,0.0,1,8,0.0,1,8,-0.0,1,8,-9900,?,9,-9900,?,9,14.43,E,8,8.42,E,8,67.0,E,8,872.5394,E,8,999.0,E,8,0.59,E,8,-9900,?,9,-9900,?,9,0.0,E,8,-9900,?,9,-9900,?,9,0.0,0.0,E,8
09/08/2015,20:00,0.0,1345.466,0.0,1,8,0.0,1,8,0.0,1,8,0.0,1,8,0.0,1,8,0.0,1,8,-0.0,1,8,-9900,?,9,-9900,?,9,13.77,E,8,8.33,E,8,69.0,E,8,872.5394,E,8,999.0,E,8,0.59,E,8,-9900,?,9,-9900,?,9,0.0,E,8,-9900,?,9,-9900,?,9,0.0,0.0,E,8
09/08/2015,21:00,0.0,1345.466,0.0,1,8,0.0,1,8,0.0,1,8,0.0,1,8,0.0,1,8,0.0,1,8,-0.0,1,8,-9900,?,9,-9900,?,9,13.11,E,8,8.24,E,8,72.0,E,8,872.5394,E,8,999.0,E,8,0.59,E,8,-9900,?,9,-9900,?,9,0.0,E,8,-9900,?,9,-9900,?,9,0.0,0.0,E,8
09/08/2015,22:00,0.0,1345.466,0.0,1,8,0.0,1,8,0.0,1,8,0.0,1,8,0.0,1,8,0.0,1,8,-0.0,1,8,-9900,?,9,-9900,?,9,12.45,E,8,8.15,E,8,75.0,E,8,872.5394,E,8,999.0,E,8,0.59,E,8,-9900,?,9,-9900,?,9,0.0,E,8,-9900,?,9,-9900,?,9,0.0,0.0,E,8
09/08/2015,23:00,0.0,1345.466,0.0,1,8,0.0,1,8,0.0,1,8,0.0,1,8,0.0,1,8,0.0,1,8,-0.0,1,8,-9900,?,9,-9900,?,9,11.78,E,8,8.05,E,8,77.0,E,8,872.5394,E,8,999.0,E,8,0.59,E,8,-9900,?,9,-9900,?,9,0.0,E,8,-9900,?,9,-9900,?,9,0.0,0.0,E,8
09/08/2015,24:00,0.0,1345.466,0.0,1,8,0.0,1,8,0.0,1,8,0.0,1,8,0.0,1,8,0.0,1,8,-0.0,1,8,-9900,?,9,-9900,?,9,11.12,E,8,8.53,E,8,84.0,E,8,872.5394,E,8,999.0,E,8,0.46,E,8,-9900,?,9,-9900,?,9,0.0,E,8,-9900,?,9,-9900,?,9,0.0,0.0,E,8
09/09/2015,01:00,0.0,1345.466,0.0,1,8,0.0,1,8,0.0,1,8,0.0,1,8,0.0,1,8,0.0,1,8,-0.0,1,8,-9900,?,9,-9900,?,9,10.79,E,8,8.5,E,8,85.0,E,8,872.5394,E,8,999.0,E,8,0.46,E,8,-9900,?,9,-9900,?,9,0.0,E,8,-9900,?,9,-9900,?,9,0.0,0.0,E,8
09/09/2015,02:00,0.0,1345.466,0.0,1,8,0.0,1,8,0.0,1,8,0.0,1,8,0.0,1,8,0.0,1,8,-0.0,1,8,-9900,?,9,-9900,?,9,10.46,E,8,8.46,E,8,87.0,E,8,872.5394,E,8,999.0,E,8,0.46,E,8,-9900,?,9,-9900,?,9,0.0,E,8,-9900,?,9,-9900,?,9,0.0,0.0,E,8
09/09/2015,03:00,0.0,1345.466,0.0,1,8,0.0,1,8,0.0,1,8,0.0,1,8,0.0,1,8,0.0,1,8,-0.0,1,8,-9900,?,9,-9900,?,9,10.13,E,8,8.43,E,8,89.0,E,8,872.5394,E,8,999.0,E,8,0.46,E,8,-9900,?,9,-9900,?,9,0.0,E,8,-9900,?,9,-9900,?,9,0.0,0.0,E,8
09/09/2015,04:00,0.0,1346.169,0.0,1,8,0.0,1,8,0.0,1,8,0.0,1,8,0.0,1,8,0.0,1,8,-0.0,1,8,-9900,?,9,-9900,?,9,9.8,E,8,8.4,E,8,90.0,E,8,872.5394,E,8,999.0,E,8,0.46,E,8,-9900,?,9,-9900,?,9,0.0,E,8,-9900,?,9,-9900,?,9,0.0,0.0,E,8
09/09/2015,05:00,0.0,1346.169,0.0,1,8,0.0,1,8,0.0,1,8,0.0,1,8,0.0,1,8,0.0,1,8,-0.0,1,8,-9900,?,9,-9900,?,9,9.47,E,8,8.36,E,8,92.0,E,8,872.5394,E,8,999.0,E,8,0.46,E,8,-9900,?,9,-9900,?,9,0.0,E,8,-9900,?,9,-9900,?,9,0.0,0.0,E,8
09/09/2015,06:00,0.0,1346.169,0.0,1,8,0.0,1,8,0.0,1,8,0.0,1,8,0.0,1,8,0.0,1,8,-0.0,1,8,-9900,?,9,-9900,?,9,9.22,E,8,8.34,E,8,94.0,E,8,872.5394,E,8,999.0,E,8,0.46,E,8,-9900,?,9,-9900,?,9,0.0,E,8,-9900,?,9,-9900,?,9,0.0,0.0,E,8
09/09/2015,07:00,193.543,1346.169,1.32,1,8,0.0,1,8,1.32,1,8,158.4,1,8,0.0,1,8,145.2,1,8,2.961,1,8,-9900,?,9,-9900,?,9,9.0,E,8,8.32,E,8,95.0,E,8,872.5394,E,8,999.0,E,8,0.46,E,8,-9900,?,9,-9900,?,9,0.0,E,8,-9900,?,9,-9900,?,9,0.0,0.0,E,8
09/09/2015,08:00,501.749,1346.169,121.94,1,8,3.108,1,8,120.784,1,8,14632.8,1,8,295.216,1,8,13286.222,1,8,103.337,1,8,-9900,?,9,-9900,?,9,8.78,E,8,8.29,E,8,96.0,E,8,872.5394,E,8,999.0,E,8,0.46,E,8,-9900,?,9,-9900,?,9,0.0,E,8,-9900,?,9,-9900,?,9,0.0,0.0,E,8
09/09/2015,09:00,773.838,1346.169,275.13,1,8,19.512,1,8,263.92,1,8,33015.6,1,8,1853.638,1,8,29031.233,1,8,146.228,1,8,-9900,?,9,-9900,?,9,12.98,E,8,8.72,E,8,75.0,E,8,872.5394,E,8,999.0,E,8,0.46,E,8,-9900,?,9,-9900,?,9,0.0,E,8,-9900,?,9,-9900,?,9,0.0,0.0,E,8
09/09/2015,10:00,990.307,1346.169,407.85,1,8,60.656,1,8,363.239,1,8,48942.0,1,8,5762.348,1,8,39956.331,1,8,157.21,1,8,-9900,?,9,-9900,?,9,14.46,E,8,8.86,E,8,69.0,E,8,872.5394,E,8,999.0,E,8,0.46,E,8,-9900,?,9,-9900,?,9,0.0,E,8,-9900,?,9,-9900,?,9,0.0,0.0,E,8
09/09/2015,11:00,1136.256,1346.169,507.11,1,8,87.751,1,8,433.051,1,8,60853.2,1,8,8336.334,1,8,47635.629,1,8,163.329,1,8,-9900,?,9,-9900,?,9,15.73,E,8,8.99,E,8,64.0,E,8,872.5394,E,8,999.0,E,8,1.68,E,8,-9900,?,9,-9900,?,9,0.0,E,8,-9900,?,9,-9900,?,9,0.0,0.0,E,8
09/09/2015,12:00,1201.695,1346.169,565.18,1,8,103.152,1,8,473.106,1,8,67821.6,1,8,9799.411,1,8,52041.619,1,8,168.712,1,8,-9900,?,9,-9900,?,9,16.73,E,8,9.08,E,8,60.0,E,8,872.5394,E,8,999.0,E,8,2.14,E,8,-9900,?,9,-9900,?,9,0.0,E,8,-9900,?,9,-9900,?,9,0.0,0.0,E,8
09/09/2015,13:00,1182.154,1346.169,577.8,1,8,122.393,1,8,470.329,1,8,69336.0,1,8,11627.332,1,8,51736.139,1,8,170.496,1,8,-9900,?,9,-9900,?,9,17.45,E,8,9.15,E,8,58.0,E,8,872.5394,E,8,999.0,E,8,1.69,E,8,-9900,?,9,-9900,?,9,0.0,E,8,-9900,?,9,-9900,?,9,0.0,0.0,E,8
09/09/2015,14:00,1078.973,1346.169,544.06,1,8,150.232,1,8,423.667,1,8,65287.2,1,8,14272.042,1,8,46603.329,1,8,168.281,1,8,-9900,?,9,-9900,?,9,17.85,E,8,9.19,E,8,56.0,E,8,872.5394,E,8,999.0,E,8,1.66,E,8,-9900,?,9,-9900,?,9,0.0,E,8,-9900,?,9,-9900,?,9,0.0,0.0,E,8
09/09/2015,15:00,899.216,1346.169,466.42,1,8,164.94,1,8,356.283,1,8,55970.4,1,8,15669.318,1,8,39191.139,1,8,169.84,1,8,-9900,?,9,-9900,?,9,17.95,E,8,9.2,E,8,56.0,E,8,872.5394,E,8,999.0,E,8,2.37,E,8,-9900,?,9,-9900,?,9,0.0,E,8,-9900,?,9,-9900,?,9,0.0,0.0,E,8
09/09/2015,16:00,655.218,1346.169,350.68,1,8,283.618,1,8,212.765,1,8,42081.6,1,8,26943.674,1,8,23404.18,1,8,139.275,1,8,-9900,?,9,-9900,?,9,17.62,E,8,9.17,E,8,57.0,E,8,872.5394,E,8,999.0,E,8,1.48,E,8,-9900,?,9,-9900,?,9,0.0,E,8,-9900,?,9,-9900,?,9,0.0,0.0,E,8
09/09/2015,17:00,363.924,1346.169,206.44,1,8,483.897,1,8,76.099,1,8,24772.8,1,8,45970.227,1,8,8370.92,1,8,89.93,1,8,-9900,?,9,-9900,?,9,16.84,E,8,9.09,E,8,60.0,E,8,872.5394,E,8,999.0,E,8,0.46,E,8,-9900,?,9,-9900,?,9,0.0,E,8,-9900,?,9,-9900,?,9,0.0,0.0,E,8
09/09/2015,18:00,49.68,1346.169,28.58,1,8,0.0,1,8,28.58,1,8,3429.6,1,8,0.0,1,8,3143.8,1,8,286.135,1,8,-9900,?,9,-9900,?,9,15.62,E,8,8.98,E,8,64.0,E,8,872.5394,E,8,999.0,E,8,0.46,E,8,-9900,?,9,-9900,?,9,0.0,E,8,-9900,?,9,-9900,?,9,0.0,0.0,E,8
09/09/2015,19:00,0.0,1346.169,0.0,1,8,0.0,1,8,0.0,1,8,0.0,1,8,0.0,1,8,0.0,1,8,-0.0,1,8,-9900,?,9,-9900,?,9,15.08,E,8,8.92,E,8,66.0,E,8,872.5394,E,8,999.0,E,8,0.46,E,8,-9900,?,9,-9900,?,9,0.0,E,8,-9900,?,9,-9900,?,9,0.0,0.0,E,8
09/09/2015,20:00,0.0,1346.169,0.0,1,8,0.0,1,8,0.0,1,8,0.0,1,8,0.0,1,8,0.0,1,8,-0.0,1,8,-9900,?,9,-9900,?,9,14.55,E,8,8.87,E,8,68.0,E,8,872.5394,E,8,999.0,E,8,0.46,E,8,-9900,?,9,-9900,?,9,0.0,E,8,-9900,?,9,-9900,?,9,0.0,0.0,E,8
09/09/2015,21:00,0.0,1346.169,0.0,1,8,0.0,1,8,0.0,1,8,0.0,1,8,0.0,1,8,0.0,1,8,-0.0,1,8,-9900,?,9,-9900,?,9,14.02,E,8,8.82,E,8,70.0,E,8,872.5394,E,8,999.0,E,8,0.46,E,8,-9900,?,9,-9900,?,9,0.0,E,8,-9900,?,9,-9900,?,9,0.0,0.0,E,8
09/09/2015,22:00,0.0,1346.169,0.0,1,8,0.0,1,8,0.0,1,8,0.0,1,8,0.0,1,8,0.0,1,8,-0.0,1,8,-9900,?,9,-9900,?,9,13.48,E,8,8.77,E,8,73.0,E,8,872.5394,E,8,999.0,E,8,0.46,E,8,-9900,?,9,-9900,?,9,0.0,E,8,-9900,?,9,-9900,?,9,0.0,0.0,E,8
09/09/2015,23:00,0.0,1346.169,0.0,1,8,0.0,1,8,0.0,1,8,0.0,1,8,0.0,1,8,0.0,1,8,-0.0,1,8,-9900,?,9,-9900,?,9,12.95,E,8,8.71,E,8,75.0,E,8,872.5394,E,8,999.0,E,8,0.46,E,8,-9900,?,9,-9900,?,9,0.0,E,8,-9900,?,9,-9900,?,9,0.0,0.0,E,8
09/09/2015,24:00,0.0,1346.169,0.0,1,8,0.0,1,8,0.0,1,8,0.0,1,8,0.0,1,8,0.0,1,8,-0.0,1,8,-9900,?,9,-9900,?,9,12.42,E,8,10.62,E,8,88.0,E,8,872.5394,E,8,999.0,E,8,0.74,E,8,-9900,?,9,-9900,?,9,0.0,E,8,-9900,?,9,-9900,?,9,0.0,0.0,E,8
09/10/2015,01:00,0.0,1346.169,0.0,1,8,0.0,1,8,0.0,1,8,0.0,1,8,0.0,1,8,0.0,1,8,-0.0,1,8,-9900,?,9,-9900,?,9,12.15,E,8,10.6,E,8,90.0,E,8,872.5394,E,8,999.0,E,8,0.74,E,8,-9900,?,9,-9900,?,9,0.0,E,8,-9900,?,9,-9900,?,9,0.0,0.0,E,8
09/10/2015,02:00,0.0,1346.169,0.0,1,8,0.0,1,8,0.0,1,8,0.0,1,8,0.0,1,8,0.0,1,8,-0.0,1,8,-9900,?,9,-9900,?,9,11.88,E,8,10.58,E,8,91.0,E,8,872.5394,E,8,999.0,E,8,0.74,E,8,-9900,?,9,-9900,?,9,0.0,E,8,-9900,?,9,-9900,?,9,0.0,0.0,E,8
09/10/2015,03:00,0.0,1346.169,0.0,1,8,0.0,1,8,0.0,1,8,0.0,1,8,0.0,1,8,0.0,1,8,-0.0,1,8,-9900,?,9,-9900,?,9,11.62,E,8,10.57,E,8,93.0,E,8,872.5394,E,8,999.0,E,8,0.74,E,8,-9900,?,9,-9900,?,9,0.0,E,8,-9900,?,9,-9900,?,9,0.0,0.0,E,8
09/10/2015,04:00,0.0,1346.878,0.0,1,8,0.0,1,8,0.0,1,8,0.0,1,8,0.0,1,8,0.0,1,8,-0.0,1,8,-9900,?,9,-9900,?,9,11.35,E,8,10.55,E,8,94.0,E,8,872.5394,E,8,999.0,E,8,0.74,E,8,-9900,?,9,-9900,?,9,0.0,E,8,-9900,?,9,-9900,?,9,0.0,0.0,E,8
09/10/2015,05:00,0.0,1346.878,0.0,1,8,0.0,1,8,0.0,1,8,0.0,1,8,0.0,1,8,0.0,1,8,-0.0,1,8,-9900,?,9,-9900,?,9,11.08,E,8,10.53,E,8,96.0,E,8,872.5394,E,8,999.0,E,8,0.74,E,8,-9900,?,9,-9900,?,9,0.0,E,8,-9900,?,9,-9900,?,9,0.0,0.0,E,8
09/10/2015,06:00,0.0,1346.878,0.0,1,8,0.0,1,8,0.0,1,8,0.0,1,8,0.0,1,8,0.0,1,8,-0.0,1,8,-9900,?,9,-9900,?,9,10.88,E,8,10.52,E,8,97.0,E,8,872.5394,E,8,999.0,E,8,0.74,E,8,-9900,?,9,-9900,?,9,0.0,E,8,-9900,?,9,-9900,?,9,0.0,0.0,E,8
09/10/2015,07:00,198.767,1346.878,0.84,1,8,0.0,1,8,0.84,1,8,100.8,1,8,0.0,1,8,92.4,1,8,1.834,1,8,-9900,?,9,-9900,?,9,10.7,E,8,10.51,E,8,98.0,E,8,872.5394,E,8,999.0,E,8,0.74,E,8,-9900,?,9,-9900,?,9,0.0,E,8,-9900,?,9,-9900,?,9,0.0,0.0,E,8
09/10/2015,08:00,507.216,1346.878,60.73,1,8,0.0,1,8,60.73,1,8,7287.6,1,8,0.0,1,8,6680.3,1,8,51.423,1,8,-9900,?,9,-9900,?,9,10.52,E,8,10.5,E,8,99.0,E,8,872.5394,E,8,999.0,E,8,0.74,E,8,-9900,?,9,-9900,?,9,0.0,E,8,-9900,?,9,-9900,?,9,0.0,0.0,E,8
09/10/2015,09:00,779.347,1346.878,135.56,1,8,0.0,1,8,135.56,1,8,16267.2,1,8,0.0,1,8,14911.6,1,8,74.616,1,8,-9900,?,9,-9900,?,9,12.94,E,8,10.65,E,8,85.0,E,8,872.5394,E,8,999.0,E,8,0.74,E,8,-9900,?,9,-9900,?,9,0.0,E,8,-9900,?,9,-9900,?,9,0.0,0.0,E,8
09/10/2015,10:00,995.694,1346.878,200.31,1,8,1.279,1,8,199.364,1,8,24037.2,1,8,121.533,1,8,21930.095,1,8,85.863,1,8,-9900,?,9,-9900,?,9,13.78,E,8,10.7,E,8,81.0,E,8,872.5394,E,8,999.0,E,8,0.74,E,8,-9900,?,9,-9900,?,9,0.0,E,8,-9900,?,9,-9900,?,9,0.0,0.0,E,8
09/10/2015,11:00,1141.365,1346.878,248.69,1,8,1.879,1,8,247.098,1,8,29842.8,1,8,178.519,1,8,27180.754,1,8,92.827,1,8,-9900,?,9,-9900,?,9,14.5,E,8,10.74,E,8,78.0,E,8,872.5394,E,8,999.0,E,8,0.84,E,8,-9900,?,9,-9900,?,9,0.0,E,8,-9900,?,9,-9900,?,9,0.0,0.0,E,8
09/10/2015,12:00,1206.393,1346.878,276.93,1,8,2.127,1,8,275.025,1,8,33231.6,1,8,202.018,1,8,30252.798,1,8,97.745,1,8,-9900,?,9,-9900,?,9,15.07,E,8,10.77,E,8,75.0,E,8,872.5394,E,8,999.0,E,8,1.11,E,8,-9900,?,9,-9900,?,9,0.0,E,8,-9900,?,9,-9900,?,9,0.0,0.0,E,8
09/10/2015,13:00,1186.335,1346.878,282.96,1,8,2.177,1,8,281.043,1,8,33955.2,1,8,206.783,1,8,30914.725,1,8,101.574,1,8,-9900,?,9,-9900,?,9,15.48,E,8,10.8,E,8,73.0,E,8,872.5394,E,8,999.0,E,8,1.05,E,8,-9900,?,9,-9900,?,9,0.0,E,8,-9900,?,9,-9900,?,9,0.0,0.0,E,8
09/10/2015,14:00,1082.567,1346.878,266.35,1,8,4.757,1,8,262.527,1,8,31962.0,1,8,451.887,1,8,28878.01,1,8,103.984,1,8,-9900,?,9,-9900,?,9,15.71,E,8,10.81,E,8,72.0,E,8,872.5394,E,8,999.0,E,8,1.09,E,8,-9900,?,9,-9900,?,9,0.0,E,8,-9900,?,9,-9900,?,9,0.0,0.0,E,8
09/10/2015,15:00,902.194,1346.878,228.31,1,8,3.725,1,8,225.816,1,8,27397.2,1,8,353.828,1,8,24839.768,1,8,107.347,1,8,-9900,?,9,-9900,?,9,15.76,E,8,10.81,E,8,72.0,E,8,872.5394,E,8,999.0,E,8,1.09,E,8,-9900,?,9,-9900,?,9,0.0,E,8,-9900,?,9,-9900,?,9,0.0,0.0,E,8
09/10/2015,16:00,657.593,1346.878,171.68,1,8,2.321,1,8,170.548,1,8,20601.6,1,8,220.498,1,8,18760.264,1,8,111.294,1,8,-9900,?,9,-9900,?,9,15.57,E,8,10.8,E,8,73.0,E,8,872.5394,E,8,999.0,E,8,0.79,E,8,-9900,?,9,-9900,?,9,0.0,E,8,-9900,?,9,-9900,?,9,0.0,0.0,E,8
09/10/2015,17:00,365.747,1346.878,101.16,1,8,9.344,1,8,98.632,1,8,12139.2,1,8,887.709,1,8,10849.486,1,8,116.033,1,8,-9900,?,9,-9900,?,9,15.13,E,8,10.78,E,8,75.0,E,8,872.5394,E,8,999.0,E,8,0.74,E,8,-9900,?,9,-9900,?,9,0.0,E,8,-9900,?,9,-9900,?,9,0.0,0.0,E,8
09/10/2015,18:00,50.963,1346.878,26.33,1,8,0.0,1,8,26.33,1,8,3159.6,1,8,0.0,1,8,2896.3,1,8,255.554,1,8,-9900,?,9,-9900,?,9,14.47,E,8,10.74,E,8,78.0,E,8,872.5394,E,8,999.0,E,8,0.74,E,8,-9900,?,9,-9900,?,9,0.0,E,8,-9900,?,9,-9900,?,9,0.0,0.0,E,8
09/10/2015,19:00,0.0,1346.878,0.0,1,8,0.0,1,8,0.0,1,8,0.0,1,8,0.0,1,8,0.0,1,8,-0.0,1,8,-9900,?,9,-9900,?,9,14.05,E,8,10.71,E,8,80.0,E,8,872.5394,E,8,999.0,E,8,0.74,E,8,-9900,?,9,-9900,?,9,0.0,E,8,-9900,?,9,-9900,?,9,0.0,0.0,E,8
09/10/2015,20:00,0.0,1346.878,0.0,1,8,0.0,1,8,0.0,1,8,0.0,1,8,0.0,1,8,0.0,1,8,-0.0,1,8,-9900,?,9,-9900,?,9,13.63,E,8,10.69,E,8,82.0,E,8,872.5394,E,8,999.0,E,8,0.74,E,8,-9900,?,9,-9900,?,9,0.0,E,8,-9900,?,9,-9900,?,9,0.0,0.0,E,8
09/10/2015,21:00,0.0,1346.878,0.0,1,8,0.0,1,8,0.0,1,8,0.0,1,8,0.0,1,8,0.0,1,8,-0.0,1,8,-9900,?,9,-9900,?,9,13.21,E,8,10.66,E,8,84.0,E,8,872.5394,E,8,999.0,E,8,0.74,E,8,-9900,?,9,-9900,?,9,0.0,E,8,-9900,?,9,-9900,?,9,0.0,0.0,E,8
09/10/2015,22:00,0.0,1346.878,0.0,1,8,0.0,1,8,0.0,1,8,0.0,1,8,0.0,1,8,0.0,1,8,-0.0,1,8,-9900,?,9,-9900,?,9,12.79,E,8,10.64,E,8,86.0,E,8,872.5394,E,8,999.0,E,8,0.74,E,8,-9900,?,9,-9900,?,9,0.0,E,8,-9900,?,9,-9900,?,9,0.0,0.0,E,8
09/10/2015,23:00,0.0,1346.878,0.0,1,8,0.0,1,8,0.0,1,8,0.0,1,8,0.0,1,8,0.0,1,8,-0.0,1,8,-9900,?,9,-9900,?,9,12.37,E,8,10.61,E,8,88.0,E,8,872.5394,E,8,999.0,E,8,0.74,E,8,-9900,?,9,-9900,?,9,0.0,E,8,-9900,?,9,-9900,?,9,0.0,0.0,E,8
09/10/2015,24:00,0.0,1346.878,0.0,1,8,0.0,1,8,0.0,1,8,0.0,1,8,0.0,1,8,0.0,1,8,-0.0,1,8,-9900,?,9,-9900,?,9,11.95,E,8,9.4,E,8,84.0,E,8,872.5394,E,8,999.0,E,8,0.23,E,8,-9900,?,9,-9900,?,9,0.0,E,8,-9900,?,9,-9900,?,9,0.0,0.0,E,8
09/11/2015,01:00,0.0,1346.878,0.0,1,8,0.0,1,8,0.0,1,8,0.0,1,8,0.0,1,8,0.0,1,8,-0.0,1,8,-9900,?,9,-9900,?,9,11.74,E,8,9.43,E,8,85.0,E,8,872.5394,E,8,999.0,E,8,0.23,E,8,-9900,?,9,-9900,?,9,0.0,E,8,-9900,?,9,-9900,?,9,0.0,0.0,E,8
09/11/2015,02:00,0.0,1346.878,0.0,1,8,0.0,1,8,0.0,1,8,0.0,1,8,0.0,1,8,0.0,1,8,-0.0,1,8,-9900,?,9,-9900,?,9,11.53,E,8,9.47,E,8,87.0,E,8,872.5394,E,8,999.0,E,8,0.23,E,8,-9900,?,9,-9900,?,9,0.0,E,8,-9900,?,9,-9900,?,9,0.0,0.0,E,8
09/11/2015,03:00,0.0,1346.878,0.0,1,8,0.0,1,8,0.0,1,8,0.0,1,8,0.0,1,8,0.0,1,8,-0.0,1,8,-9900,?,9,-9900,?,9,11.32,E,8,9.5,E,8,88.0,E,8,872.5394,E,8,999.0,E,8,0.23,E,8,-9900,?,9,-9900,?,9,0.0,E,8,-9900,?,9,-9900,?,9,0.0,0.0,E,8
09/11/2015,04:00,0.0,1347.593,0.0,1,8,0.0,1,8,0.0,1,8,0.0,1,8,0.0,1,8,0.0,1,8,-0.0,1,8,-9900,?,9,-9900,?,9,11.11,E,8,9.54,E,8,90.0,E,8,872.5394,E,8,999.0,E,8,0.23,E,8,-9900,?,9,-9900,?,9,0.0,E,8,-9900,?,9,-9900,?,9,0.0,0.0,E,8
09/11/2015,05:00,0.0,1347.593,0.0,1,8,0.0,1,8,0.0,1,8,0.0,1,8,0.0,1,8,0.0,1,8,-0.0,1,8,-9900,?,9,-9900,?,9,10.9,E,8,9.57,E,8,91.0,E,8,872.5394,E,8,999.0,E,8,0.23,E,8,-9900,?,9,-9900,?,9,0.0,E,8,-9900,?,9,-9900,?,9,0.0,0.0,E,8
09/11/2015,06:00,0.0,1347.593,0.0,1,8,0.0,1,8,0.0,1,8,0.0,1,8,0.0,1,8,0.0,1,8,-0.0,1,8,-9900,?,9,-9900,?,9,10.74,E,8,9.6,E,8,92.0,E,8,872.5394,E,8,999.0,E,8,0.23,E,8,-9900,?,9,-9900,?,9,0.0,E,8,-9900,?,9,-9900,?,9,0.0,0.0,E,8
09/11/2015,07:00,204.018,1347.593,6.7,1,8,0.0,1,8,6.7,1,8,804.0,1,8,0.0,1,8,737.0,1,8,14.254,1,8,-9900,?,9,-9900,?,9,10.6,E,8,9.62,E,8,93.0,E,8,872.5394,E,8,999.0,E,8,0.23,E,8,-9900,?,9,-9900,?,9,0.0,E,8,-9900,?,9,-9900,?,9,0.0,0.0,E,8
09/11/2015,08:00,512.694,1347.593,92.34,1,8,0.0,1,8,92.34,1,8,11080.8,1,8,0.0,1,8,10157.4,1,8,77.39,1,8,-9900,?,9,-9900,?,9,10.46,E,8,9.64,E,8,94.0,E,8,872.5394,E,8,999.0,E,8,0.23,E,8,-9900,?,9,-9900,?,9,0.0,E,8,-9900,?,9,-9900,?,9,0.0,0.0,E,8
09/11/2015,09:00,784.855,1347.593,208.43,1,8,12.565,1,8,201.116,1,8,25011.6,1,8,1193.681,1,8,22122.774,1,8,109.98,1,8,-9900,?,9,-9900,?,9,12.75,E,8,9.27,E,8,79.0,E,8,872.5394,E,8,999.0,E,8,0.23,E,8,-9900,?,9,-9900,?,9,0.0,E,8,-9900,?,9,-9900,?,9,0.0,0.0,E,8
09/11/2015,10:00,1001.066,1347.593,730.59,1,8,600.764,1,8,284.416,1,8,87670.8,1,8,57072.569,1,8,31285.775,1,8,121.9,1,8,-9900,?,9,-9900,?,9,15.7,E,8,8.78,E,8,63.0,E,8,872.5394,E,8,999.0,E,8,0.23,E,8,-9900,?,9,-9900,?,9,0.0,E,8,-9900,?,9,-9900,?,9,0.0,0.0,E,8
09/11/2015,11:00,1146.451,1347.593,825.71,1,8,510.016,1,8,391.868,1,8,99085.2,1,8,48451.512,1,8,43105.467,1,8,146.636,1,8,-9900,?,9,-9900,?,9,17.54,E,8,8.47,E,8,55.0,E,8,872.5394,E,8,999.0,E,8,0.23,E,8,-9900,?,9,-9900,?,9,0.0,E,8,-9900,?,9,-9900,?,9,0.0,0.0,E,8
09/11/2015,12:00,1211.061,1347.593,195.32,1,8,12.64,1,8,183.961,1,8,23438.4,1,8,1200.843,1,8,20235.713,1,8,65.163,1,8,-9900,?,9,-9900,?,9,16.14,E,8,8.7,E,8,61.0,E,8,872.5394,E,8,999.0,E,8,0.84,E,8,-9900,?,9,-9900,?,9,0.0,E,8,-9900,?,9,-9900,?,9,0.0,0.0,E,8
09/11/2015,13:00,1190.482,1347.593,314.45,1,8,7.615,1,8,307.724,1,8,37734.0,1,8,723.378,1,8,33849.618,1,8,110.888,1,8,-9900,?,9,-9900,?,9,15.73,E,8,8.77,E,8,63.0,E,8,872.5394,E,8,999.0,E,8,1.97,E,8,-9900,?,9,-9900,?,9,0.0,E,8,-9900,?,9,-9900,?,9,0.0,0.0,E,8
09/11/2015,14:00,1086.128,1347.593,346.24,1,8,11.35,1,8,337.094,1,8,41548.8,1,8,1078.227,1,8,37080.32,1,8,133.152,1,8,-9900,?,9,-9900,?,9,15.55,E,8,8.8,E,8,64.0,E,8,872.5394,E,8,999.0,E,8,2.55,E,8,-9900,?,9,-9900,?,9,0.0,E,8,-9900,?,9,-9900,?,9,0.0,0.0,E,8
09/11/2015,15:00,905.143,1347.593,342.82,1,8,21.438,1,8,328.426,1,8,41138.4,1,8,2036.626,1,8,36126.826,1,8,155.698,1,8,-9900,?,9,-9900,?,9,15.4,E,8,8.83,E,8,64.0,E,8,872.5394,E,8,999.0,E,8,2.76,E,8,-9900,?,9,-9900,?,9,0.0,E,8,-9900,?,9,-9900,?,9,0.0,0.0,E,8
09/11/2015,16:00,659.945,1347.593,257.92,1,8,78.851,1,8,219.341,1,8,30950.4,1,8,7490.82,1,8,24127.502,1,8,142.7,1,8,-9900,?,9,-9900,?,9,15.05,E,8,8.89,E,8,66.0,E,8,872.5394,E,8,999.0,E,8,2.95,E,8,-9900,?,9,-9900,?,9,0.0,E,8,-9900,?,9,-9900,?,9,0.0,0.0,E,8
09/11/2015,17:00,367.557,1347.593,171.17,1,8,204.675,1,8,115.544,1,8,20540.4,1,8,19444.102,1,8,12709.883,1,8,135.328,1,8,-9900,?,9,-9900,?,9,14.54,E,8,8.97,E,8,69.0,E,8,872.5394,E,8,999.0,E,8,2.18,E,8,-9900,?,9,-9900,?,9,0.0,E,8,-9900,?,9,-9900,?,9,0.0,0.0,E,8
09/11/2015,18:00,52.245,1347.593,44.82,1,8,0.0,1,8,44.82,1,8,5378.4,1,8,0.0,1,8,4930.2,1,8,422.15,1,8,-9900,?,9,-9900,?,9,13.82,E,8,9.09,E,8,73.0,E,8,872.5394,E,8,999.0,E,8,1.23,E,8,-9900,?,9,-9900,?,9,0.0,E,8,-9900,?,9,-9900,?,9,0.0,0.0,E,8
09/11/2015,19:00,0.0,1347.593,0.0,1,8,0.0,1,8,0.0,1,8,0.0,1,8,0.0,1,8,0.0,1,8,-0.0,1,8,-9900,?,9,-9900,?,9,13.43,E,8,9.16,E,8,75.0,E,8,872.5394,E,8,999.0,E,8,0.86,E,8,-9900,?,9,-9900,?,9,0.0,E,8,-9900,?,9,-9900,?,9,0.0,0.0,E,8
09/11/2015,20:00,0.0,1347.593,0.0,1,8,0.0,1,8,0.0,1,8,0.0,1,8,0.0,1,8,0.0,1,8,-0.0,1,8,-9900,?,9,-9900,?,9,13.04,E,8,9.22,E,8,77.0,E,8,872.5394,E,8,999.0,E,8,0.36,E,8,-9900,?,9,-9900,?,9,0.0,E,8,-9900,?,9,-9900,?,9,0.0,0.0,E,8
09/11/2015,21:00,0.0,1347.593,0.0,1,8,0.0,1,8,0.0,1,8,0.0,1,8,0.0,1,8,0.0,1,8,-0.0,1,8,-9900,?,9,-9900,?,9,12.66,E,8,9.28,E,8,79.0,E,8,872.5394,E,8,999.0,E,8,0.32,E,8,-9900,?,9,-9900,?,9,0.0,E,8,-9900,?,9,-9900,?,9,0.0,0.0,E,8
09/11/2015,22:00,0.0,1347.593,0.0,1,8,0.0,1,8,0.0,1,8,0.0,1,8,0.0,1,8,0.0,1,8,-0.0,1,8,-9900,?,9,-9900,?,9,12.27,E,8,9.35,E,8,82.0,E,8,872.5394,E,8,999.0,E,8,0.23,E,8,-9900,?,9,-9900,?,9,0.0,E,8,-9900,?,9,-9900,?,9,0.0,0.0,E,8
09/11/2015,23:00,0.0,1347.593,0.0,1,8,0.0,1,8,0.0,1,8,0.0,1,8,0.0,1,8,0.0,1,8,-0.0,1,8,-9900,?,9,-9900,?,9,11.88,E,8,9.41,E,8,84.0,E,8,872.5394,E,8,999.0,E,8,0.23,E,8,-9900,?,9,-9900,?,9,0.0,E,8,-9900,?,9,-9900,?,9,0.0,0.0,E,8
09/11/2015,24:00,0.0,1347.593,0.0,1,8,0.0,1,8,0.0,1,8,0.0,1,8,0.0,1,8,0.0,1,8,-0.0,1,8,-9900,?,9,-9900,?,9,11.49,E,8,10.22,E,8,91.0,E,8,872.5394,E,8,999.0,E,8,0.23,E,8,-9900,?,9,-9900,?,9,0.0,E,8,-9900,?,9,-9900,?,9,0.0,0.0,E,8
09/12/2015,01:00,0.0,1347.593,0.0,1,8,0.0,1,8,0.0,1,8,0.0,1,8,0.0,1,8,0.0,1,8,-0.0,1,8,-9900,?,9,-9900,?,9,11.3,E,8,10.2,E,8,92.0,E,8,872.5394,E,8,999.0,E,8,0.27,E,8,-9900,?,9,-9900,?,9,0.0,E,8,-9900,?,9,-9900,?,9,0.0,0.0,E,8
09/12/2015,02:00,0.0,1347.593,0.0,1,8,0.0,1,8,0.0,1,8,0.0,1,8,0.0,1,8,0.0,1,8,-0.0,1,8,-9900,?,9,-9900,?,9,11.1,E,8,10.18,E,8,94.0,E,8,872.5394,E,8,999.0,E,8,0.43,E,8,-9900,?,9,-9900,?,9,0.0,E,8,-9900,?,9,-9900,?,9,0.0,0.0,E,8
09/12/2015,03:00,0.0,1347.593,0.0,1,8,0.0,1,8,0.0,1,8,0.0,1,8,0.0,1,8,0.0,1,8,-0.0,1,8,-9900,?,9,-9900,?,9,10.91,E,8,10.17,E,8,95.0,E,8,872.5394,E,8,999.0,E,8,0.36,E,8,-9900,?,9,-9900,?,9,0.0,E,8,-9900,?,9,-9900,?,9,0.0,0.0,E,8
09/12/2015,04:00,0.0,1348.315,0.0,1,8,0.0,1,8,0.0,1,8,0.0,1,8,0.0,1,8,0.0,1,8,-0.0,1,8,-9900,?,9,-9900,?,9,10.71,E,8,10.15,E,8,96.0,E,8,872.5394,E,8,999.0,E,8,0.23,E,8,-9900,?,9,-9900,?,9,0.0,E,8,-9900,?,9,-9900,?,9,0.0,0.0,E,8
09/12/2015,05:00,0.0,1348.315,0.0,1,8,0.0,1,8,0.0,1,8,0.0,1,8,0.0,1,8,0.0,1,8,-0.0,1,8,-9900,?,9,-9900,?,9,10.52,E,8,10.13,E,8,97.0,E,8,872.5394,E,8,999.0,E,8,0.23,E,8,-9900,?,9,-9900,?,9,0.0,E,8,-9900,?,9,-9900,?,9,0.0,0.0,E,8
09/12/2015,06:00,0.0,1348.315,0.0,1,8,0.0,1,8,0.0,1,8,0.0,1,8,0.0,1,8,0.0,1,8,-0.0,1,8,-9900,?,9,-9900,?,9,10.37,E,8,10.11,E,8,98.0,E,8,872.5394,E,8,999.0,E,8,0.23,E,8,-9900,?,9,-9900,?,9,0.0,E,8,-9900,?,9,-9900,?,9,0.0,0.0,E,8
09/12/2015,07:00,209.292,1348.315,35.25,1,8,0.0,1,8,35.25,1,8,4230.0,1,8,0.0,1,8,3877.5,1,8,73.101,1,8,-9900,?,9,-9900,?,9,10.24,E,8,10.1,E,8,99.0,E,8,872.5394,E,8,999.0,E,8,0.23,E,8,-9900,?,9,-9900,?,9,0.0,E,8,-9900,?,9,-9900,?,9,0.0,0.0,E,8
09/12/2015,08:00,518.18,1348.315,408.79,1,8,568.929,1,8,190.508,1,8,49054.8,1,8,54048.267,1,8,20955.852,1,8,158.053,1,8,-9900,?,9,-9900,?,9,10.11,E,8,10.09,E,8,99.0,E,8,872.5394,E,8,999.0,E,8,0.23,E,8,-9900,?,9,-9900,?,9,0.0,E,8,-9900,?,9,-9900,?,9,0.0,0.0,E,8
09/12/2015,09:00,790.358,1348.315,542.53,1,8,569.393,1,8,208.949,1,8,65103.6,1,8,54092.331,1,8,22984.403,1,8,113.528,1,8,-9900,?,9,-9900,?,9,18.31,E,8,10.87,E,8,61.0,E,8,872.5394,E,8,999.0,E,8,0.36,E,8,-9900,?,9,-9900,?,9,0.0,E,8,-9900,?,9,-9900,?,9,0.0,0.0,E,8
09/12/2015,10:00,1006.422,1348.315,298.28,1,8,19.94,1,8,283.4,1,8,35793.6,1,8,1894.288,1,8,31173.974,1,8,120.882,1,8,-9900,?,9,-9900,?,9,16.58,E,8,10.7,E,8,68.0,E,8,872.5394,E,8,999.0,E,8,0.79,E,8,-9900,?,9,-9900,?,9,0.0,E,8,-9900,?,9,-9900,?,9,0.0,0.0,E,8
09/12/2015,11:00,1151.511,1348.315,295.47,1,8,3.924,1,8,292.119,1,8,35456.4,1,8,372.804,1,8,32133.079,1,8,108.888,1,8,-9900,?,9,-9900,?,9,15.69,E,8,10.62,E,8,71.0,E,8,872.5394,E,8,999.0,E,8,1.32,E,8,-9900,?,9,-9900,?,9,0.0,E,8,-9900,?,9,-9900,?,9,0.0,0.0,E,8
09/12/2015,12:00,1215.696,1348.315,305.24,1,8,7.192,1,8,298.755,1,8,36628.8,1,8,683.284,1,8,32863.096,1,8,105.478,1,8,-9900,?,9,-9900,?,9,15.22,E,8,10.58,E,8,73.0,E,8,872.5394,E,8,999.0,E,8,1.38,E,8,-9900,?,9,-9900,?,9,0.0,E,8,-9900,?,9,-9900,?,9,0.0,0.0,E,8
09/12/2015,13:00,1194.595,1348.315,132.47,1,8,0.422,1,8,132.096,1,8,15896.4,1,8,40.127,1,8,14530.538,1,8,47.462,1,8,-9900,?,9,-9900,?,9,14.06,E,8,10.47,E,8,78.0,E,8,872.5394,E,8,999.0,E,8,2.34,E,8,-9900,?,9,-9900,?,9,0.0,E,8,-9900,?,9,-9900,?,9,0.0,0.0,E,8
09/12/2015,14:00,1089.655,1348.315,455.35,1,8,95.072,1,8,378.528,1,8,54642.0,1,8,9031.879,1,8,41638.102,1,8,149.114,1,8,-9900,?,9,-9900,?,9,14.58,E,8,10.52,E,8,76.0,E,8,872.5394,E,8,999.0,E,8,3.02,E,8,-9900,?,9,-9900,?,9,0.0,E,8,-9900,?,9,-9900,?,9,0.0,0.0,E,8
09/12/2015,15:00,908.061,1348.315,390.21,1,8,106.738,1,8,318.35,1,8,46825.2,1,8,10140.08,1,8,35018.487,1,8,150.517,1,8,-9900,?,9,-9900,?,9,14.73,E,8,10.53,E,8,75.0,E,8,872.5394,E,8,999.0,E,8,2.93,E,8,-9900,?,9,-9900,?,9,0.0,E,8,-9900,?,9,-9900,?,9,0.0,0.0,E,8
09/12/2015,16:00,662.273,1348.315,293.5,1,8,123.852,1,8,232.721,1,8,35220.0,1,8,11765.986,1,8,25599.349,1,8,150.952,1,8,-9900,?,9,-9900,?,9,14.54,E,8,10.51,E,8,76.0,E,8,872.5394,E,8,999.0,E,8,1.89,E,8,-9900,?,9,-9900,?,9,0.0,E,8,-9900,?,9,-9900,?,9,0.0,0.0,E,8
09/12/2015,17:00,369.353,1348.315,173.23,1,8,209.482,1,8,116.048,1,8,20787.6,1,8,19900.825,1,8,12765.316,1,8,135.325,1,8,-9900,?,9,-9900,?,9,14.03,E,8,10.46,E,8,79.0,E,8,872.5394,E,8,999.0,E,8,1.12,E,8,-9900,?,9,-9900,?,9,0.0,E,8,-9900,?,9,-9900,?,9,0.0,0.0,E,8
09/12/2015,18:00,53.529,1348.315,45.64,1,8,0.0,1,8,45.64,1,8,5476.8,1,8,0.0,1,8,5020.4,1,8,417.553,1,8,-9900,?,9,-9900,?,9,13.27,E,8,10.39,E,8,82.0,E,8,872.5394,E,8,999.0,E,8,0.42,E,8,-9900,?,9,-9900,?,9,0.0,E,8,-9900,?,9,-9900,?,9,0.0,0.0,E,8
09/12/2015,19:00,0.0,1348.315,0.0,1,8,0.0,1,8,0.0,1,8,0.0,1,8,0.0,1,8,0.0,1,8,-0.0,1,8,-9900,?,9,-9900,?,9,12.97,E,8,10.36,E,8,84.0,E,8,872.5394,E,8,999.0,E,8,0.23,E,8,-9900,?,9,-9900,?,9,0.0,E,8,-9900,?,9,-9900,?,9,0.0,0.0,E,8
09/12/2015,20:00,0.0,1348.315,0.0,1,8,0.0,1,8,0.0,1,8,0.0,1,8,0.0,1,8,0.0,1,8,-0.0,1,8,-9900,?,9,-9900,?,9,12.67,E,8,10.34,E,8,85.0,E,8,872.5394,E,8,999.0,E,8,0.23,E,8,-9900,?,9,-9900,?,9,0.0,E,8,-9900,?,9,-9900,?,9,0.0,0.0,E,8
09/12/2015,21:00,0.0,1348.315,0.0,1,8,0.0,1,8,0.0,1,8,0.0,1,8,0.0,1,8,0.0,1,8,-0.0,1,8,-9900,?,9,-9900,?,9,12.37,E,8,10.31,E,8,87.0,E,8,872.5394,E,8,999.0,E,8,0.23,E,8,-9900,?,9,-9900,?,9,0.0,E,8,-9900,?,9,-9900,?,9,0.0,0.0,E,8
09/12/2015,22:00,0.0,1348.315,0.0,1,8,0.0,1,8,0.0,1,8,0.0,1,8,0.0,1,8,0.0,1,8,-0.0,1,8,-9900,?,9,-9900,?,9,12.07,E,8,10.28,E,8,88.0,E,8,872.5394,E,8,999.0,E,8,0.23,E,8,-9900,?,9,-9900,?,9,0.0,E,8,-9900,?,9,-9900,?,9,0.0,0.0,E,8
09/12/2015,23:00,0.0,1348.315,0.0,1,8,0.0,1,8,0.0,1,8,0.0,1,8,0.0,1,8,0.0,1,8,-0.0,1,8,-9900,?,9,-9900,?,9,11.76,E,8,10.25,E,8,90.0,E,8,872.5394,E,8,999.0,E,8,0.23,E,8,-9900,?,9,-9900,?,9,0.0,E,8,-9900,?,9,-9900,?,9,0.0,0.0,E,8
09/12/2015,24:00,0.0,1348.315,0.0,1,8,0.0,1,8,0.0,1,8,0.0,1,8,0.0,1,8,0.0,1,8,-0.0,1,8,-9900,?,9,-9900,?,9,11.46,E,8,8.51,E,8,82.0,E,8,872.5394,E,8,999.0,E,8,0.35,E,8,-9900,?,9,-9900,?,9,0.0,E,8,-9900,?,9,-9900,?,9,0.0,0.0,E,8
09/13/2015,01:00,0.0,1348.315,0.0,1,8,0.0,1,8,0.0,1,8,0.0,1,8,0.0,1,8,0.0,1,8,-0.0,1,8,-9900,?,9,-9900,?,9,11.31,E,8,8.48,E,8,82.0,E,8,872.5394,E,8,999.0,E,8,0.35,E,8,-9900,?,9,-9900,?,9,0.0,E,8,-9900,?,9,-9900,?,9,0.0,0.0,E,8
09/13/2015,02:00,0.0,1348.315,0.0,1,8,0.0,1,8,0.0,1,8,0.0,1,8,0.0,1,8,0.0,1,8,-0.0,1,8,-9900,?,9,-9900,?,9,11.16,E,8,8.45,E,8,83.0,E,8,872.5394,E,8,999.0,E,8,0.35,E,8,-9900,?,9,-9900,?,9,0.0,E,8,-9900,?,9,-9900,?,9,0.0,0.0,E,8
09/13/2015,03:00,0.0,1348.315,0.0,1,8,0.0,1,8,0.0,1,8,0.0,1,8,0.0,1,8,0.0,1,8,-0.0,1,8,-9900,?,9,-9900,?,9,11.01,E,8,8.42,E,8,84.0,E,8,872.5394,E,8,999.0,E,8,0.35,E,8,-9900,?,9,-9900,?,9,0.0,E,8,-9900,?,9,-9900,?,9,0.0,0.0,E,8
09/13/2015,04:00,0.0,1349.042,0.0,1,8,0.0,1,8,0.0,1,8,0.0,1,8,0.0,1,8,0.0,1,8,-0.0,1,8,-9900,?,9,-9900,?,9,10.86,E,8,8.4,E,8,84.0,E,8,872.5394,E,8,999.0,E,8,0.35,E,8,-9900,?,9,-9900,?,9,0.0,E,8,-9900,?,9,-9900,?,9,0.0,0.0,E,8
09/13/2015,05:00,0.0,1349.042,0.0,1,8,0.0,1,8,0.0,1,8,0.0,1,8,0.0,1,8,0.0,1,8,-0.0,1,8,-9900,?,9,-9900,?,9,10.71,E,8,8.37,E,8,85.0,E,8,872.5394,E,8,999.0,E,8,0.35,E,8,-9900,?,9,-9900,?,9,0.0,E,8,-9900,?,9,-9900,?,9,0.0,0.0,E,8
09/13/2015,06:00,0.0,1349.042,0.0,1,8,0.0,1,8,0.0,1,8,0.0,1,8,0.0,1,8,0.0,1,8,-0.0,1,8,-9900,?,9,-9900,?,9,10.59,E,8,8.35,E,8,85.0,E,8,872.5394,E,8,999.0,E,8,0.35,E,8,-9900,?,9,-9900,?,9,0.0,E,8,-9900,?,9,-9900,?,9,0.0,0.0,E,8
09/13/2015,07:00,214.588,1349.042,7.09,1,8,0.0,1,8,7.09,1,8,850.8,1,8,0.0,1,8,779.9,1,8,14.34,1,8,-9900,?,9,-9900,?,9,10.49,E,8,8.33,E,8,86.0,E,8,872.5394,E,8,999.0,E,8,0.35,E,8,-9900,?,9,-9900,?,9,0.0,E,8,-9900,?,9,-9900,?,9,0.0,0.0,E,8
09/13/2015,08:00,523.672,1349.042,173.52,1,8,72.688,1,8,145.35,1,8,20822.4,1,8,6905.407,1,8,15988.499,1,8,119.383,1,8,-9900,?,9,-9900,?,9,10.39,E,8,8.31,E,8,86.0,E,8,872.5394,E,8,999.0,E,8,0.35,E,8,-9900,?,9,-9900,?,9,0.0,E,8,-9900,?,9,-9900,?,9,0.0,0.0,E,8
09/13/2015,09:00,795.852,1349.042,407.17,1,8,214.237,1,8,280.853,1,8,48860.4,1,8,20352.512,1,8,30893.795,1,8,151.621,1,8,-9900,?,9,-9900,?,9,15.32,E,8,9.2,E,8,66.0,E,8,872.5394,E,8,999.0,E,8,0.35,E,8,-9900,?,9,-9900,?,9,0.0,E,8,-9900,?,9,-9900,?,9,0.0,0.0,E,8
09/13/2015,10:00,1011.759,1349.042,595.22,1,8,310.77,1,8,362.201,1,8,71426.4,1,8,29523.112,1,8,39842.133,1,8,153.761,1,8,-9900,?,9,-9900,?,9,17.04,E,8,9.5,E,8,61.0,E,8,872.5394,E,8,999.0,E,8,0.35,E,8,-9900,?,9,-9900,?,9,0.0,E,8,-9900,?,9,-9900,?,9,0.0,0.0,E,8
09/13/2015,11:00,1156.543,1349.042,668.06,1,8,267.674,1,8,438.605,1,8,80167.2,1,8,25429.042,1,8,48246.594,1,8,162.867,1,8,-9900,?,9,-9900,?,9,18.21,E,8,9.7,E,8,57.0,E,8,872.5394,E,8,999.0,E,8,0.63,E,8,-9900,?,9,-9900,?,9,0.0,E,8,-9900,?,9,-9900,?,9,0.0,0.0,E,8
09/13/2015,12:00,1220.298,1349.042,707.99,1,8,261.206,1,8,471.727,1,8,84958.8,1,8,24814.545,1,8,51890.018,1,8,166.008,1,8,-9900,?,9,-9900,?,9,19.05,E,8,9.84,E,8,55.0,E,8,872.5394,E,8,999.0,E,8,1.53,E,8,-9900,?,9,-9900,?,9,0.0,E,8,-9900,?,9,-9900,?,9,0.0,0.0,E,8
09/13/2015,13:00,1198.671,1349.042,685.0,1,8,234.317,1,8,476.818,1,8,82200.0,1,8,22260.073,1,8,52449.963,1,8,170.829,1,8,-9900,?,9,-9900,?,9,19.54,E,8,9.92,E,8,53.0,E,8,872.5394,E,8,999.0,E,8,1.55,E,8,-9900,?,9,-9900,?,9,0.0,E,8,-9900,?,9,-9900,?,9,0.0,0.0,E,8
09/13/2015,14:00,1093.146,1349.042,667.08,1,8,336.47,1,8,394.476,1,8,80049.6,1,8,31964.625,1,8,43392.378,1,8,154.983,1,8,-9900,?,9,-9900,?,9,19.85,E,8,9.98,E,8,52.0,E,8,872.5394,E,8,999.0,E,8,1.98,E,8,-9900,?,9,-9900,?,9,0.0,E,8,-9900,?,9,-9900,?,9,0.0,0.0,E,8
09/13/2015,15:00,910.948,1349.042,502.13,1,8,250.522,1,8,333.023,1,8,60255.6,1,8,23799.583,1,8,36632.524,1,8,157.039,1,8,-9900,?,9,-9900,?,9,19.65,E,8,9.94,E,8,53.0,E,8,872.5394,E,8,999.0,E,8,2.36,E,8,-9900,?,9,-9900,?,9,0.0,E,8,-9900,?,9,-9900,?,9,0.0,0.0,E,8
09/13/2015,16:00,664.578,1349.042,439.96,1,8,515.57,1,8,186.207,1,8,52795.2,1,8,48979.157,1,8,20482.728,1,8,120.426,1,8,-9900,?,9,-9900,?,9,19.29,E,8,9.88,E,8,54.0,E,8,872.5394,E,8,999.0,E,8,2.65,E,8,-9900,?,9,-9900,?,9,0.0,E,8,-9900,?,9,-9900,?,9,0.0,0.0,E,8
09/13/2015,17:00,371.136,1349.042,272.97,1,8,640.102,1,8,97.489,1,8,32756.4,1,8,60809.655,1,8,10723.8,1,8,113.194,1,8,-9900,?,9,-9900,?,9,18.53,E,8,9.75,E,8,56.0,E,8,872.5394,E,8,999.0,E,8,1.6,E,8,-9900,?,9,-9900,?,9,0.0,E,8,-9900,?,9,-9900,?,9,0.0,0.0,E,8
09/13/2015,18:00,54.814,1349.042,63.6,1,8,0.0,1,8,63.6,1,8,7632.0,1,8,0.0,1,8,6996.0,1,8,565.681,1,8,-9900,?,9,-9900,?,9,17.35,E,8,9.55,E,8,60.0,E,8,872.5394,E,8,999.0,E,8,1.27,E,8,-9900,?,9,-9900,?,9,0.0,E,8,-9900,?,9,-9900,?,9,0.0,0.0,E,8
09/13/2015,19:00,0.0,1349.042,0.0,1,8,0.0,1,8,0.0,1,8,0.0,1,8,0.0,1,8,0.0,1,8,-0.0,1,8,-9900,?,9,-9900,?,9,16.64,E,8,9.43,E,8,62.0,E,8,872.5394,E,8,999.0,E,8,0.46,E,8,-9900,?,9,-9900,?,9,0.0,E,8,-9900,?,9,-9900,?,9,0.0,0.0,E,8
09/13/2015,20:00,0.0,1349.042,0.0,1,8,0.0,1,8,0.0,1,8,0.0,1,8,0.0,1,8,0.0,1,8,-0.0,1,8,-9900,?,9,-9900,?,9,15.92,E,8,9.3,E,8,64.0,E,8,872.5394,E,8,999.0,E,8,0.35,E,8,-9900,?,9,-9900,?,9,0.0,E,8,-9900,?,9,-9900,?,9,0.0,0.0,E,8
09/13/2015,21:00,0.0,1349.042,0.0,1,8,0.0,1,8,0.0,1,8,0.0,1,8,0.0,1,8,0.0,1,8,-0.0,1,8,-9900,?,9,-9900,?,9,15.2,E,8,9.18,E,8,67.0,E,8,872.5394,E,8,999.0,E,8,0.35,E,8,-9900,?,9,-9900,?,9,0.0,E,8,-9900,?,9,-9900,?,9,0.0,0.0,E,8
09/13/2015,22:00,0.0,1349.042,0.0,1,8,0.0,1,8,0.0,1,8,0.0,1,8,0.0,1,8,0.0,1,8,-0.0,1,8,-9900,?,9,-9900,?,9,14.48,E,8,9.05,E,8,69.0,E,8,872.5394,E,8,999.0,E,8,0.35,E,8,-9900,?,9,-9900,?,9,0.0,E,8,-9900,?,9,-9900,?,9,0.0,0.0,E,8
09/13/2015,23:00,0.0,1349.042,0.0,1,8,0.0,1,8,0.0,1,8,0.0,1,8,0.0,1,8,0.0,1,8,-0.0,1,8,-9900,?,9,-9900,?,9,13.77,E,8,8.92,E,8,72.0,E,8,872.5394,E,8,999.0,E,8,0.35,E,8,-9900,?,9,-9900,?,9,0.0,E,8,-9900,?,9,-9900,?,9,0.0,0.0,E,8
09/13/2015,24:00,0.0,1349.042,0.0,1,8,0.0,1,8,0.0,1,8,0.0,1,8,0.0,1,8,0.0,1,8,-0.0,1,8,-9900,?,9,-9900,?,9,13.05,E,8,11.45,E,8,90.0,E,8,872.5394,E,8,999.0,E,8,0.63,E,8,-9900,?,9,-9900,?,9,0.0,E,8,-9900,?,9,-9900,?,9,0.0,0.0,E,8
09/14/2015,01:00,0.0,1349.042,0.0,1,8,0.0,1,8,0.0,1,8,0.0,1,8,0.0,1,8,0.0,1,8,-0.0,1,8,-9900,?,9,-9900,?,9,12.69,E,8,11.32,E,8,91.0,E,8,872.5394,E,8,999.0,E,8,0.63,E,8,-9900,?,9,-9900,?,9,0.0,E,8,-9900,?,9,-9900,?,9,0.0,0.0,E,8
09/14/2015,02:00,0.0,1349.042,0.0,1,8,0.0,1,8,0.0,1,8,0.0,1,8,0.0,1,8,0.0,1,8,-0.0,1,8,-9900,?,9,-9900,?,9,12.33,E,8,11.18,E,8,92.0,E,8,872.5394,E,8,999.0,E,8,0.63,E,8,-9900,?,9,-9900,?,9,0.0,E,8,-9900,?,9,-9900,?,9,0.0,0.0,E,8
09/14/2015,03:00,0.0,1349.042,0.0,1,8,0.0,1,8,0.0,1,8,0.0,1,8,0.0,1,8,0.0,1,8,-0.0,1,8,-9900,?,9,-9900,?,9,11.97,E,8,11.05,E,8,94.0,E,8,872.5394,E,8,999.0,E,8,0.63,E,8,-9900,?,9,-9900,?,9,0.0,E,8,-9900,?,9,-9900,?,9,0.0,0.0,E,8
09/14/2015,04:00,0.0,1349.775,0.0,1,8,0.0,1,8,0.0,1,8,0.0,1,8,0.0,1,8,0.0,1,8,-0.0,1,8,-9900,?,9,-9900,?,9,11.61,E,8,10.91,E,8,95.0,E,8,872.5394,E,8,999.0,E,8,0.63,E,8,-9900,?,9,-9900,?,9,0.0,E,8,-9900,?,9,-9900,?,9,0.0,0.0,E,8
09/14/2015,05:00,0.0,1349.775,0.0,1,8,0.0,1,8,0.0,1,8,0.0,1,8,0.0,1,8,0.0,1,8,-0.0,1,8,-9900,?,9,-9900,?,9,11.25,E,8,10.77,E,8,96.0,E,8,872.5394,E,8,999.0,E,8,0.63,E,8,-9900,?,9,-9900,?,9,0.0,E,8,-9900,?,9,-9900,?,9,0.0,0.0,E,8
09/14/2015,06:00,0.0,1349.775,0.0,1,8,0.0,1,8,0.0,1,8,0.0,1,8,0.0,1,8,0.0,1,8,-0.0,1,8,-9900,?,9,-9900,?,9,10.98,E,8,10.67,E,8,97.0,E,8,872.5394,E,8,999.0,E,8,0.72,E,8,-9900,?,9,-9900,?,9,0.0,E,8,-9900,?,9,-9900,?,9,0.0,0.0,E,8
09/14/2015,07:00,219.901,1349.775,2.14,1,8,0.0,1,8,2.14,1,8,256.8,1,8,0.0,1,8,235.4,1,8,4.224,1,8,-9900,?,9,-9900,?,9,10.74,E,8,10.57,E,8,98.0,E,8,872.5394,E,8,999.0,E,8,0.94,E,8,-9900,?,9,-9900,?,9,0.0,E,8,-9900,?,9,-9900,?,9,0.0,0.0,E,8
09/14/2015,08:00,529.167,1349.775,69.02,1,8,0.0,1,8,69.02,1,8,8282.4,1,8,0.0,1,8,7592.2,1,8,56.129,1,8,-9900,?,9,-9900,?,9,10.5,E,8,10.48,E,8,99.0,E,8,872.5394,E,8,999.0,E,8,1.54,E,8,-9900,?,9,-9900,?,9,0.0,E,8,-9900,?,9,-9900,?,9,0.0,0.0,E,8
09/14/2015,09:00,801.337,1349.775,99.78,1,8,0.0,1,8,99.78,1,8,11973.6,1,8,0.0,1,8,10975.8,1,8,53.527,1,8,-9900,?,9,-9900,?,9,13.18,E,8,11.5,E,8,89.0,E,8,872.5394,E,8,999.0,E,8,0.98,E,8,-9900,?,9,-9900,?,9,0.0,E,8,-9900,?,9,-9900,?,9,0.0,0.0,E,8
09/14/2015,10:00,1017.075,1349.775,172.12,1,8,2.461,1,8,170.266,1,8,20654.4,1,8,233.811,1,8,18729.248,1,8,71.942,1,8,-9900,?,9,-9900,?,9,14.11,E,8,11.84,E,8,86.0,E,8,872.5394,E,8,999.0,E,8,1.1,E,8,-9900,?,9,-9900,?,9,0.0,E,8,-9900,?,9,-9900,?,9,0.0,0.0,E,8
09/14/2015,11:00,1161.545,1349.775,247.23,1,8,3.933,1,8,243.845,1,8,29667.6,1,8,373.678,1,8,26822.997,1,8,90.206,1,8,-9900,?,9,-9900,?,9,15.17,E,8,12.22,E,8,82.0,E,8,872.5394,E,8,999.0,E,8,1.77,E,8,-9900,?,9,-9900,?,9,0.0,E,8,-9900,?,9,-9900,?,9,0.0,0.0,E,8
09/14/2015,12:00,1224.865,1349.775,333.98,1,8,31.07,1,8,305.787,1,8,40077.6,1,8,2951.664,1,8,33636.561,1,8,107.268,1,8,-9900,?,9,-9900,?,9,16.35,E,8,12.63,E,8,78.0,E,8,872.5394,E,8,999.0,E,8,1.02,E,8,-9900,?,9,-9900,?,9,0.0,E,8,-9900,?,9,-9900,?,9,0.0,0.0,E,8
09/14/2015,13:00,1202.709,1349.775,261.67,1,8,3.994,1,8,258.111,1,8,31400.4,1,8,379.435,1,8,28392.253,1,8,92.213,1,8,-9900,?,9,-9900,?,9,16.76,E,8,12.77,E,8,77.0,E,8,872.5394,E,8,999.0,E,8,0.99,E,8,-9900,?,9,-9900,?,9,0.0,E,8,-9900,?,9,-9900,?,9,0.0,0.0,E,8
09/14/2015,14:00,1096.601,1349.775,347.83,1,8,13.599,1,8,336.784,1,8,41739.6,1,8,1291.884,1,8,37046.195,1,8,131.971,1,8,-9900,?,9,-9900,?,9,17.44,E,8,13.0,E,8,75.0,E,8,872.5394,E,8,999.0,E,8,0.63,E,8,-9900,?,9,-9900,?,9,0.0,E,8,-9900,?,9,-9900,?,9,0.0,0.0,E,8
09/14/2015,15:00,913.804,1349.775,248.35,1,8,7.267,1,8,243.432,1,8,29802.0,1,8,690.364,1,8,26777.511,1,8,114.495,1,8,-9900,?,9,-9900,?,9,17.56,E,8,13.05,E,8,74.0,E,8,872.5394,E,8,999.0,E,8,0.63,E,8,-9900,?,9,-9900,?,9,0.0,E,8,-9900,?,9,-9900,?,9,0.0,0.0,E,8
09/14/2015,16:00,666.86,1349.775,180.53,1,8,7.156,1,8,176.998,1,8,21663.6,1,8,679.8,1,8,19469.765,1,8,114.14,1,8,-9900,?,9,-9900,?,9,17.31,E,8,12.96,E,8,75.0,E,8,872.5394,E,8,999.0,E,8,0.63,E,8,-9900,?,9,-9900,?,9,0.0,E,8,-9900,?,9,-9900,?,9,0.0,0.0,E,8
09/14/2015,17:00,372.907,1349.775,127.06,1,8,79.982,1,8,105.04,1,8,15247.2,1,8,7598.309,1,8,11554.389,1,8,121.445,1,8,-9900,?,9,-9900,?,9,16.82,E,8,12.79,E,8,77.0,E,8,872.5394,E,8,999.0,E,8,0.63,E,8,-9900,?,9,-9900,?,9,0.0,E,8,-9900,?,9,-9900,?,9,0.0,0.0,E,8
09/14/2015,18:00,56.101,1349.775,33.22,1,8,0.0,1,8,33.22,1,8,3986.4,1,8,0.0,1,8,3654.2,1,8,287.483,1,8,-9900,?,9,-9900,?,9,15.96,E,8,12.5,E,8,79.0,E,8,872.5394,E,8,999.0,E,8,0.63,E,8,-9900,?,9,-9900,?,9,0.0,E,8,-9900,?,9,-9900,?,9,0.0,0.0,E,8
09/14/2015,19:00,0.0,1349.775,0.0,1,8,0.0,1,8,0.0,1,8,0.0,1,8,0.0,1,8,0.0,1,8,-0.0,1,8,-9900,?,9,-9900,?,9,15.04,E,8,12.17,E,8,82.0,E,8,872.5394,E,8,999.0,E,8,0.63,E,8,-9900,?,9,-9900,?,9,0.0,E,8,-9900,?,9,-9900,?,9,0.0,0.0,E,8
09/14/2015,20:00,0.0,1349.775,0.0,1,8,0.0,1,8,0.0,1,8,0.0,1,8,0.0,1,8,0.0,1,8,-0.0,1,8,-9900,?,9,-9900,?,9,14.12,E,8,11.84,E,8,86.0,E,8,872.5394,E,8,999.0,E,8,0.63,E,8,-9900,?,9,-9900,?,9,0.0,E,8,-9900,?,9,-9900,?,9,0.0,0.0,E,8
09/14/2015,21:00,0.0,1349.775,0.0,1,8,0.0,1,8,0.0,1,8,0.0,1,8,0.0,1,8,0.0,1,8,-0.0,1,8,-9900,?,9,-9900,?,9,13.21,E,8,11.51,E,8,89.0,E,8,872.5394,E,8,999.0,E,8,0.63,E,8,-9900,?,9,-9900,?,9,0.0,E,8,-9900,?,9,-9900,?,9,0.0,0.0,E,8
09/14/2015,22:00,0.0,1349.775,0.0,1,8,0.0,1,8,0.0,1,8,0.0,1,8,0.0,1,8,0.0,1,8,-0.0,1,8,-9900,?,9,-9900,?,9,12.29,E,8,11.17,E,8,92.0,E,8,872.5394,E,8,999.0,E,8,0.63,E,8,-9900,?,9,-9900,?,9,0.0,E,8,-9900,?,9,-9900,?,9,0.0,0.0,E,8
09/14/2015,23:00,0.0,1349.775,0.0,1,8,0.0,1,8,0.0,1,8,0.0,1,8,0.0,1,8,0.0,1,8,-0.0,1,8,-9900,?,9,-9900,?,9,11.37,E,8,10.82,E,8,96.0,E,8,872.5394,E,8,999.0,E,8,0.64,E,8,-9900,?,9,-9900,?,9,0.0,E,8,-9900,?,9,-9900,?,9,0.0,0.0,E,8
09/14/2015,24:00,0.0,1349.775,0.0,1,8,0.0,1,8,0.0,1,8,0.0,1,8,0.0,1,8,0.0,1,8,-0.0,1,8,-9900,?,9,-9900,?,9,10.45,E,8,6.16,E,8,74.0,E,8,872.5394,E,8,999.0,E,8,0.45,E,8,-9900,?,9,-9900,?,9,0.0,E,8,-9900,?,9,-9900,?,9,0.0,0.0,E,8
09/15/2015,01:00,0.0,1349.775,0.0,1,8,0.0,1,8,0.0,1,8,0.0,1,8,0.0,1,8,0.0,1,8,-0.0,1,8,-9900,?,9,-9900,?,9,9.99,E,8,6.09,E,8,76.0,E,8,872.5394,E,8,999.0,E,8,0.45,E,8,-9900,?,9,-9900,?,9,0.0,E,8,-9900,?,9,-9900,?,9,0.0,0.0,E,8
09/15/2015,02:00,0.0,1349.775,0.0,1,8,0.0,1,8,0.0,1,8,0.0,1,8,0.0,1,8,0.0,1,8,-0.0,1,8,-9900,?,9,-9900,?,9,9.53,E,8,6.03,E,8,78.0,E,8,872.5394,E,8,999.0,E,8,0.45,E,8,-9900,?,9,-9900,?,9,0.0,E,8,-9900,?,9,-9900,?,9,0.0,0.0,E,8
09/15/2015,03:00,0.0,1349.775,0.0,1,8,0.0,1,8,0.0,1,8,0.0,1,8,0.0,1,8,0.0,1,8,-0.0,1,8,-9900,?,9,-9900,?,9,9.07,E,8,5.96,E,8,80.0,E,8,872.5394,E,8,999.0,E,8,0.45,E,8,-9900,?,9,-9900,?,9,0.0,E,8,-9900,?,9,-9900,?,9,0.0,0.0,E,8
09/15/2015,04:00,0.0,1350.514,0.0,1,8,0.0,1,8,0.0,1,8,0.0,1,8,0.0,1,8,0.0,1,8,-0.0,1,8,-9900,?,9,-9900,?,9,8.61,E,8,5.9,E,8,83.0,E,8,872.5394,E,8,999.0,E,8,0.45,E,8,-9900,?,9,-9900,?,9,0.0,E,8,-9900,?,9,-9900,?,9,0.0,0.0,E,8
09/15/2015,05:00,0.0,1350.514,0.0,1,8,0.0,1,8,0.0,1,8,0.0,1,8,0.0,1,8,0.0,1,8,-0.0,1,8,-9900,?,9,-9900,?,9,8.16,E,8,5.83,E,8,85.0,E,8,872.5394,E,8,999.0,E,8,0.45,E,8,-9900,?,9,-9900,?,9,0.0,E,8,-9900,?,9,-9900,?,9,0.0,0.0,E,8
09/15/2015,06:00,0.0,1350.514,0.0,1,8,0.0,1,8,0.0,1,8,0.0,1,8,0.0,1,8,0.0,1,8,-0.0,1,8,-9900,?,9,-9900,?,9,7.8,E,8,5.78,E,8,87.0,E,8,872.5394,E,8,999.0,E,8,0.9,E,8,-9900,?,9,-9900,?,9,0.0,E,8,-9900,?,9,-9900,?,9,0.0,0.0,E,8
09/15/2015,07:00,225.23,1350.514,10.33,1,8,0.0,1,8,10.33,1,8,1239.6,1,8,0.0,1,8,1136.3,1,8,19.909,1,8,-9900,?,9,-9900,?,9,7.5,E,8,5.74,E,8,88.0,E,8,872.5394,E,8,999.0,E,8,0.58,E,8,-9900,?,9,-9900,?,9,0.0,E,8,-9900,?,9,-9900,?,9,0.0,0.0,E,8
09/15/2015,08:00,534.661,1350.514,210.11,1,8,102.792,1,8,169.479,1,8,25213.2,1,8,9765.258,1,8,18642.68,1,8,136.48,1,8,-9900,?,9,-9900,?,9,7.19,E,8,5.69,E,8,90.0,E,8,872.5394,E,8,999.0,E,8,0.71,E,8,-9900,?,9,-9900,?,9,0.0,E,8,-9900,?,9,-9900,?,9,0.0,0.0,E,8
09/15/2015,09:00,806.808,1350.514,433.46,1,8,249.177,1,8,284.679,1,8,52015.2,1,8,23671.775,1,8,31314.636,1,8,151.762,1,8,-9900,?,9,-9900,?,9,13.29,E,8,6.55,E,8,63.0,E,8,872.5394,E,8,999.0,E,8,0.88,E,8,-9900,?,9,-9900,?,9,0.0,E,8,-9900,?,9,-9900,?,9,0.0,0.0,E,8
09/15/2015,10:00,1022.366,1350.514,642.85,1,8,415.491,1,8,328.384,1,8,77142.0,1,8,39471.642,1,8,36122.23,1,8,138.108,1,8,-9900,?,9,-9900,?,9,15.31,E,8,6.82,E,8,56.0,E,8,872.5394,E,8,999.0,E,8,0.9,E,8,-9900,?,9,-9900,?,9,0.0,E,8,-9900,?,9,-9900,?,9,0.0,0.0,E,8
09/15/2015,11:00,1166.515,1350.514,744.03,1,8,404.651,1,8,394.545,1,8,89283.6,1,8,38441.863,1,8,43399.959,1,8,145.412,1,8,-9900,?,9,-9900,?,9,16.8,E,8,7.02,E,8,52.0,E,8,872.5394,E,8,999.0,E,8,0.79,E,8,-9900,?,9,-9900,?,9,0.0,E,8,-9900,?,9,-9900,?,9,0.0,0.0,E,8
09/15/2015,12:00,1229.393,1350.514,816.04,1,8,408.521,1,8,444.18,1,8,97924.8,1,8,38809.479,1,8,48859.809,1,8,155.326,1,8,-9900,?,9,-9900,?,9,17.97,E,8,7.18,E,8,49.0,E,8,872.5394,E,8,999.0,E,8,0.45,E,8,-9900,?,9,-9900,?,9,0.0,E,8,-9900,?,9,-9900,?,9,0.0,0.0,E,8
09/15/2015,13:00,1206.708,1350.514,752.56,1,8,344.629,1,8,444.651,1,8,90307.2,1,8,32739.777,1,8,48911.561,1,8,158.416,1,8,-9900,?,9,-9900,?,9,18.55,E,8,7.25,E,8,47.0,E,8,872.5394,E,8,999.0,E,8,1.39,E,8,-9900,?,9,-9900,?,9,0.0,E,8,-9900,?,9,-9900,?,9,0.0,0.0,E,8
09/15/2015,14:00,1100.018,1350.514,664.77,1,8,326.272,1,8,399.055,1,8,79772.4,1,8,30995.824,1,8,43896.085,1,8,155.972,1,8,-9900,?,9,-9900,?,9,18.73,E,8,7.28,E,8,47.0,E,8,872.5394,E,8,999.0,E,8,2.52,E,8,-9900,?,9,-9900,?,9,0.0,E,8,-9900,?,9,-9900,?,9,0.0,0.0,E,8
09/15/2015,15:00,916.628,1350.514,534.26,1,8,348.383,1,8,297.885,1,8,64111.2,1,8,33096.424,1,8,32767.325,1,8,139.751,1,8,-9900,?,9,-9900,?,9,18.42,E,8,7.24,E,8,48.0,E,8,872.5394,E,8,999.0,E,8,1.97,E,8,-9900,?,9,-9900,?,9,0.0,E,8,-9900,?,9,-9900,?,9,0.0,0.0,E,8
09/15/2015,16:00,669.119,1350.514,364.15,1,8,298.561,1,8,216.36,1,8,43698.0,1,8,28363.269,1,8,23799.551,1,8,139.127,1,8,-9900,?,9,-9900,?,9,17.58,E,8,7.12,E,8,50.0,E,8,872.5394,E,8,999.0,E,8,1.57,E,8,-9900,?,9,-9900,?,9,0.0,E,8,-9900,?,9,-9900,?,9,0.0,0.0,E,8
09/15/2015,17:00,374.666,1350.514,267.82,1,8,570.648,1,8,110.054,1,8,32138.4,1,8,54211.576,1,8,12105.92,1,8,126.71,1,8,-9900,?,9,-9900,?,9,16.6,E,8,7.0,E,8,53.0,E,8,872.5394,E,8,999.0,E,8,1.21,E,8,-9900,?,9,-9900,?,9,0.0,E,8,-9900,?,9,-9900,?,9,0.0,0.0,E,8
09/15/2015,18:00,57.391,1350.514,75.97,1,8,0.0,1,8,75.97,1,8,9116.4,1,8,0.0,1,8,8356.7,1,8,640.143,1,8,-9900,?,9,-9900,?,9,15.23,E,8,6.81,E,8,57.0,E,8,872.5394,E,8,999.0,E,8,0.45,E,8,-9900,?,9,-9900,?,9,0.0,E,8,-9900,?,9,-9900,?,9,0.0,0.0,E,8
09/15/2015,19:00,0.0,1350.514,0.0,1,8,0.0,1,8,0.0,1,8,0.0,1,8,0.0,1,8,0.0,1,8,-0.0,1,8,-9900,?,9,-9900,?,9,14.34,E,8,6.69,E,8,60.0,E,8,872.5394,E,8,999.0,E,8,0.45,E,8,-9900,?,9,-9900,?,9,0.0,E,8,-9900,?,9,-9900,?,9,0.0,0.0,E,8
09/15/2015,20:00,0.0,1350.514,0.0,1,8,0.0,1,8,0.0,1,8,0.0,1,8,0.0,1,8,0.0,1,8,-0.0,1,8,-9900,?,9,-9900,?,9,13.46,E,8,6.57,E,8,63.0,E,8,872.5394,E,8,999.0,E,8,0.45,E,8,-9900,?,9,-9900,?,9,0.0,E,8,-9900,?,9,-9900,?,9,0.0,0.0,E,8
09/15/2015,21:00,0.0,1350.514,0.0,1,8,0.0,1,8,0.0,1,8,0.0,1,8,0.0,1,8,0.0,1,8,-0.0,1,8,-9900,?,9,-9900,?,9,12.57,E,8,6.45,E,8,66.0,E,8,872.5394,E,8,999.0,E,8,0.45,E,8,-9900,?,9,-9900,?,9,0.0,E,8,-9900,?,9,-9900,?,9,0.0,0.0,E,8
09/15/2015,22:00,0.0,1350.514,0.0,1,8,0.0,1,8,0.0,1,8,0.0,1,8,0.0,1,8,0.0,1,8,-0.0,1,8,-9900,?,9,-9900,?,9,11.68,E,8,6.33,E,8,69.0,E,8,872.5394,E,8,999.0,E,8,0.45,E,8,-9900,?,9,-9900,?,9,0.0,E,8,-9900,?,9,-9900,?,9,0.0,0.0,E,8
09/15/2015,23:00,0.0,1350.514,0.0,1,8,0.0,1,8,0.0,1,8,0.0,1,8,0.0,1,8,0.0,1,8,-0.0,1,8,-9900,?,9,-9900,?,9,10.79,E,8,6.2,E,8,73.0,E,8,872.5394,E,8,999.0,E,8,0.45,E,8,-9900,?,9,-9900,?,9,0.0,E,8,-9900,?,9,-9900,?,9,0.0,0.0,E,8
09/15/2015,24:00,0.0,1350.514,0.0,1,8,0.0,1,8,0.0,1,8,0.0,1,8,0.0,1,8,0.0,1,8,-0.0,1,8,-9900,?,9,-9900,?,9,9.91,E,8,4.49,E,8,68.0,E,8,872.5394,E,8,999.0,E,8,0.29,E,8,-9900,?,9,-9900,?,9,0.0,E,8,-9900,?,9,-9900,?,9,0.0,0.0,E,8
09/16/2015,01:00,0.0,1350.514,0.0,1,8,0.0,1,8,0.0,1,8,0.0,1,8,0.0,1,8,0.0,1,8,-0.0,1,8,-9900,?,9,-9900,?,9,9.46,E,8,4.59,E,8,71.0,E,8,872.5394,E,8,999.0,E,8,0.29,E,8,-9900,?,9,-9900,?,9,0.0,E,8,-9900,?,9,-9900,?,9,0.0,0.0,E,8
09/16/2015,02:00,0.0,1350.514,0.0,1,8,0.0,1,8,0.0,1,8,0.0,1,8,0.0,1,8,0.0,1,8,-0.0,1,8,-9900,?,9,-9900,?,9,9.02,E,8,4.69,E,8,74.0,E,8,872.5394,E,8,999.0,E,8,0.29,E,8,-9900,?,9,-9900,?,9,0.0,E,8,-9900,?,9,-9900,?,9,0.0,0.0,E,8
09/16/2015,03:00,0.0,1350.514,0.0,1,8,0.0,1,8,0.0,1,8,0.0,1,8,0.0,1,8,0.0,1,8,-0.0,1,8,-9900,?,9,-9900,?,9,8.57,E,8,4.79,E,8,77.0,E,8,872.5394,E,8,999.0,E,8,0.29,E,8,-9900,?,9,-9900,?,9,0.0,E,8,-9900,?,9,-9900,?,9,0.0,0.0,E,8
09/16/2015,04:00,0.0,1351.258,0.0,1,8,0.0,1,8,0.0,1,8,0.0,1,8,0.0,1,8,0.0,1,8,-0.0,1,8,-9900,?,9,-9900,?,9,8.13,E,8,4.89,E,8,80.0,E,8,872.5394,E,8,999.0,E,8,0.29,E,8,-9900,?,9,-9900,?,9,0.0,E,8,-9900,?,9,-9900,?,9,0.0,0.0,E,8
09/16/2015,05:00,0.0,1351.258,0.0,1,8,0.0,1,8,0.0,1,8,0.0,1,8,0.0,1,8,0.0,1,8,-0.0,1,8,-9900,?,9,-9900,?,9,7.69,E,8,4.99,E,8,83.0,E,8,872.5394,E,8,999.0,E,8,0.29,E,8,-9900,?,9,-9900,?,9,0.0,E,8,-9900,?,9,-9900,?,9,0.0,0.0,E,8
09/16/2015,06:00,0.0,1351.258,0.0,1,8,0.0,1,8,0.0,1,8,0.0,1,8,0.0,1,8,0.0,1,8,-0.0,1,8,-9900,?,9,-9900,?,9,7.34,E,8,5.06,E,8,85.0,E,8,872.5394,E,8,999.0,E,8,0.29,E,8,-9900,?,9,-9900,?,9,0.0,E,8,-9900,?,9,-9900,?,9,0.0,0.0,E,8
09/16/2015,07:00,230.571,1351.258,7.98,1,8,0.0,1,8,7.98,1,8,957.6,1,8,0.0,1,8,877.8,1,8,15.026,1,8,-9900,?,9,-9900,?,9,7.05,E,8,5.13,E,8,87.0,E,8,872.5394,E,8,999.0,E,8,0.29,E,8,-9900,?,9,-9900,?,9,0.0,E,8,-9900,?,9,-9900,?,9,0.0,0.0,E,8
09/16/2015,08:00,540.152,1351.258,140.73,1,8,13.886,1,8,135.188,1,8,16887.6,1,8,1319.123,1,8,14870.67,1,8,107.814,1,8,-9900,?,9,-9900,?,9,6.76,E,8,5.19,E,8,89.0,E,8,872.5394,E,8,999.0,E,8,0.29,E,8,-9900,?,9,-9900,?,9,0.0,E,8,-9900,?,9,-9900,?,9,0.0,0.0,E,8
09/16/2015,09:00,812.264,1351.258,359.45,1,8,119.839,1,8,287.45,1,8,43134.0,1,8,11384.709,1,8,31619.512,1,8,152.293,1,8,-9900,?,9,-9900,?,9,11.38,E,8,4.14,E,8,61.0,E,8,872.5394,E,8,999.0,E,8,0.29,E,8,-9900,?,9,-9900,?,9,0.0,E,8,-9900,?,9,-9900,?,9,0.0,0.0,E,8
09/16/2015,10:00,1027.631,1351.258,579.84,1,8,262.935,1,8,379.921,1,8,69580.8,1,8,24978.865,1,8,41791.278,1,8,159.051,1,8,-9900,?,9,-9900,?,9,13.41,E,8,3.66,E,8,51.0,E,8,872.5394,E,8,999.0,E,8,0.47,E,8,-9900,?,9,-9900,?,9,0.0,E,8,-9900,?,9,-9900,?,9,0.0,0.0,E,8
09/16/2015,11:00,1171.449,1351.258,699.36,1,8,302.155,1,8,437.438,1,8,83923.2,1,8,28704.715,1,8,48118.145,1,8,160.629,1,8,-9900,?,9,-9900,?,9,14.97,E,8,3.28,E,8,45.0,E,8,872.5394,E,8,999.0,E,8,0.82,E,8,-9900,?,9,-9900,?,9,0.0,E,8,-9900,?,9,-9900,?,9,0.0,0.0,E,8
09/16/2015,12:00,1233.882,1351.258,740.08,1,8,264.939,1,8,498.169,1,8,88809.6,1,8,25169.228,1,8,54798.57,1,8,173.667,1,8,-9900,?,9,-9900,?,9,16.06,E,8,3.01,E,8,41.0,E,8,872.5394,E,8,999.0,E,8,1.5,E,8,-9900,?,9,-9900,?,9,0.0,E,8,-9900,?,9,-9900,?,9,0.0,0.0,E,8
09/16/2015,13:00,1210.666,1351.258,814.3,1,8,413.449,1,8,443.896,1,8,97716.0,1,8,39277.617,1,8,48828.509,1,8,157.716,1,8,-9900,?,9,-9900,?,9,17.02,E,8,2.76,E,8,38.0,E,8,872.5394,E,8,999.0,E,8,2.77,E,8,-9900,?,9,-9900,?,9,0.0,E,8,-9900,?,9,-9900,?,9,0.0,0.0,E,8
09/16/2015,14:00,1103.397,1351.258,783.71,1,8,581.779,1,8,308.717,1,8,94045.2,1,8,55268.99,1,8,33958.817,1,8,120.359,1,8,-9900,?,9,-9900,?,9,17.62,E,8,2.61,E,8,36.0,E,8,872.5394,E,8,999.0,E,8,2.47,E,8,-9900,?,9,-9900,?,9,0.0,E,8,-9900,?,9,-9900,?,9,0.0,0.0,E,8
09/16/2015,15:00,919.419,1351.258,625.6,1,8,609.956,1,8,210.717,1,8,75072.0,1,8,57945.864,1,8,23178.82,1,8,98.61,1,8,-9900,?,9,-9900,?,9,17.71,E,8,2.59,E,8,36.0,E,8,872.5394,E,8,999.0,E,8,1.86,E,8,-9900,?,9,-9900,?,9,0.0,E,8,-9900,?,9,-9900,?,9,0.0,0.0,E,8
09/16/2015,16:00,671.355,1351.258,439.12,1,8,549.961,1,8,166.123,1,8,52694.4,1,8,52246.264,1,8,18273.546,1,8,106.526,1,8,-9900,?,9,-9900,?,9,17.17,E,8,2.73,E,8,37.0,E,8,872.5394,E,8,999.0,E,8,1.42,E,8,-9900,?,9,-9900,?,9,0.0,E,8,-9900,?,9,-9900,?,9,0.0,0.0,E,8
09/16/2015,17:00,376.414,1351.258,262.33,1,8,634.506,1,8,86.183,1,8,31479.6,1,8,60278.039,1,8,9480.1,1,8,98.817,1,8,-9900,?,9,-9900,?,9,16.19,E,8,2.98,E,8,41.0,E,8,872.5394,E,8,999.0,E,8,1.81,E,8,-9900,?,9,-9900,?,9,0.0,E,8,-9900,?,9,-9900,?,9,0.0,0.0,E,8
09/16/2015,18:00,58.684,1351.258,45.84,1,8,0.0,1,8,45.84,1,8,5500.8,1,8,0.0,1,8,5042.4,1,8,376.357,1,8,-9900,?,9,-9900,?,9,14.76,E,8,3.33,E,8,46.0,E,8,872.5394,E,8,999.0,E,8,0.97,E,8,-9900,?,9,-9900,?,9,0.0,E,8,-9900,?,9,-9900,?,9,0.0,0.0,E,8
09/16/2015,19:00,0.0,1351.258,0.0,1,8,0.0,1,8,0.0,1,8,0.0,1,8,0.0,1,8,0.0,1,8,-0.0,1,8,-9900,?,9,-9900,?,9,13.93,E,8,3.54,E,8,49.0,E,8,872.5394,E,8,999.0,E,8,0.75,E,8,-9900,?,9,-9900,?,9,0.0,E,8,-9900,?,9,-9900,?,9,0.0,0.0,E,8
09/16/2015,20:00,0.0,1351.258,0.0,1,8,0.0,1,8,0.0,1,8,0.0,1,8,0.0,1,8,0.0,1,8,-0.0,1,8,-9900,?,9,-9900,?,9,13.09,E,8,3.74,E,8,53.0,E,8,872.5394,E,8,999.0,E,8,0.29,E,8,-9900,?,9,-9900,?,9,0.0,E,8,-9900,?,9,-9900,?,9,0.0,0.0,E,8
09/16/2015,21:00,0.0,1351.258,0.0,1,8,0.0,1,8,0.0,1,8,0.0,1,8,0.0,1,8,0.0,1,8,-0.0,1,8,-9900,?,9,-9900,?,9,12.26,E,8,3.94,E,8,56.0,E,8,872.5394,E,8,999.0,E,8,0.29,E,8,-9900,?,9,-9900,?,9,0.0,E,8,-9900,?,9,-9900,?,9,0.0,0.0,E,8
09/16/2015,22:00,0.0,1351.258,0.0,1,8,0.0,1,8,0.0,1,8,0.0,1,8,0.0,1,8,0.0,1,8,-0.0,1,8,-9900,?,9,-9900,?,9,11.42,E,8,4.14,E,8,60.0,E,8,872.5394,E,8,999.0,E,8,0.29,E,8,-9900,?,9,-9900,?,9,0.0,E,8,-9900,?,9,-9900,?,9,0.0,0.0,E,8
09/16/2015,23:00,0.0,1351.258,0.0,1,8,0.0,1,8,0.0,1,8,0.0,1,8,0.0,1,8,0.0,1,8,-0.0,1,8,-9900,?,9,-9900,?,9,10.59,E,8,4.33,E,8,65.0,E,8,872.5394,E,8,999.0,E,8,0.57,E,8,-9900,?,9,-9900,?,9,0.0,E,8,-9900,?,9,-9900,?,9,0.0,0.0,E,8
09/16/2015,24:00,0.0,1351.258,0.0,1,8,0.0,1,8,0.0,1,8,0.0,1,8,0.0,1,8,0.0,1,8,-0.0,1,8,-9900,?,9,-9900,?,9,9.75,E,8,5.75,E,8,76.0,E,8,872.5394,E,8,999.0,E,8,3.51,E,8,-9900,?,9,-9900,?,9,0.0,E,8,-9900,?,9,-9900,?,9,0.0,0.0,E,8
09/17/2015,01:00,0.0,1351.258,0.0,1,8,0.0,1,8,0.0,1,8,0.0,1,8,0.0,1,8,0.0,1,8,-0.0,1,8,-9900,?,9,-9900,?,9,9.33,E,8,5.71,E,8,78.0,E,8,872.5394,E,8,999.0,E,8,3.45,E,8,-9900,?,9,-9900,?,9,0.0,E,8,-9900,?,9,-9900,?,9,0.0,0.0,E,8
09/17/2015,02:00,0.0,1351.258,0.0,1,8,0.0,1,8,0.0,1,8,0.0,1,8,0.0,1,8,0.0,1,8,-0.0,1,8,-9900,?,9,-9900,?,9,8.91,E,8,5.67,E,8,80.0,E,8,872.5394,E,8,999.0,E,8,2.88,E,8,-9900,?,9,-9900,?,9,0.0,E,8,-9900,?,9,-9900,?,9,0.0,0.0,E,8
09/17/2015,03:00,0.0,1351.258,0.0,1,8,0.0,1,8,0.0,1,8,0.0,1,8,0.0,1,8,0.0,1,8,-0.0,1,8,-9900,?,9,-9900,?,9,8.5,E,8,5.63,E,8,82.0,E,8,872.5394,E,8,999.0,E,8,3.53,E,8,-9900,?,9,-9900,?,9,0.0,E,8,-9900,?,9,-9900,?,9,0.0,0.0,E,8
09/17/2015,04:00,0.0,1352.008,0.0,1,8,0.0,1,8,0.0,1,8,0.0,1,8,0.0,1,8,0.0,1,8,-0.0,1,8,-9900,?,9,-9900,?,9,8.08,E,8,5.59,E,8,84.0,E,8,872.5394,E,8,999.0,E,8,2.86,E,8,-9900,?,9,-9900,?,9,0.0,E,8,-9900,?,9,-9900,?,9,0.0,0.0,E,8
09/17/2015,05:00,0.0,1352.008,0.0,1,8,0.0,1,8,0.0,1,8,0.0,1,8,0.0,1,8,0.0,1,8,-0.0,1,8,-9900,?,9,-9900,?,9,7.66,E,8,5.55,E,8,86.0,E,8,872.5394,E,8,999.0,E,8,2.87,E,8,-9900,?,9,-9900,?,9,0.0,E,8,-9900,?,9,-9900,?,9,0.0,0.0,E,8
09/17/2015,06:00,0.0,1352.008,0.0,1,8,0.0,1,8,0.0,1,8,0.0,1,8,0.0,1,8,0.0,1,8,-0.0,1,8,-9900,?,9,-9900,?,9,7.34,E,8,5.51,E,8,88.0,E,8,872.5394,E,8,999.0,E,8,3.78,E,8,-9900,?,9,-9900,?,9,0.0,E,8,-9900,?,9,-9900,?,9,0.0,0.0,E,8
09/17/2015,07:00,235.921,1352.008,12.52,1,8,0.0,1,8,12.52,1,8,1502.4,1,8,0.0,1,8,1377.2,1,8,23.043,1,8,-9900,?,9,-9900,?,9,7.06,E,8,5.49,E,8,89.0,E,8,872.5394,E,8,999.0,E,8,3.89,E,8,-9900,?,9,-9900,?,9,0.0,E,8,-9900,?,9,-9900,?,9,0.0,0.0,E,8
09/17/2015,08:00,545.636,1352.008,105.61,1,8,0.0,1,8,105.61,1,8,12673.2,1,8,0.0,1,8,11617.1,1,8,83.422,1,8,-9900,?,9,-9900,?,9,6.79,E,8,5.46,E,8,91.0,E,8,872.5394,E,8,999.0,E,8,2.47,E,8,-9900,?,9,-9900,?,9,0.0,E,8,-9900,?,9,-9900,?,9,0.0,0.0,E,8
09/17/2015,09:00,817.7,1352.008,220.09,1,8,5.631,1,8,216.686,1,8,26410.8,1,8,534.942,1,8,23835.471,1,8,114.1,1,8,-9900,?,9,-9900,?,9,11.53,E,8,5.93,E,8,68.0,E,8,872.5394,E,8,999.0,E,8,1.47,E,8,-9900,?,9,-9900,?,9,0.0,E,8,-9900,?,9,-9900,?,9,0.0,0.0,E,8
09/17/2015,10:00,1032.866,1352.008,318.32,1,8,7.083,1,8,312.91,1,8,38198.4,1,8,672.871,1,8,34420.121,1,8,130.406,1,8,-9900,?,9,-9900,?,9,13.04,E,8,6.07,E,8,62.0,E,8,872.5394,E,8,999.0,E,8,1.47,E,8,-9900,?,9,-9900,?,9,0.0,E,8,-9900,?,9,-9900,?,9,0.0,0.0,E,8
09/17/2015,11:00,1176.347,1352.008,391.16,1,8,7.155,1,8,384.935,1,8,46939.2,1,8,679.743,1,8,42342.855,1,8,140.839,1,8,-9900,?,9,-9900,?,9,14.32,E,8,6.2,E,8,58.0,E,8,872.5394,E,8,999.0,E,8,1.83,E,8,-9900,?,9,-9900,?,9,0.0,E,8,-9900,?,9,-9900,?,9,0.0,0.0,E,8
09/17/2015,12:00,1238.329,1352.008,433.0,1,8,12.517,1,8,421.536,1,8,51960.0,1,8,1189.083,1,8,46369.004,1,8,146.505,1,8,-9900,?,9,-9900,?,9,15.33,E,8,6.29,E,8,54.0,E,8,872.5394,E,8,999.0,E,8,2.15,E,8,-9900,?,9,-9900,?,9,0.0,E,8,-9900,?,9,-9900,?,9,0.0,0.0,E,8
09/17/2015,13:00,1214.582,1352.008,440.8,1,8,12.773,1,8,429.326,1,8,52896.0,1,8,1213.424,1,8,47225.885,1,8,152.132,1,8,-9900,?,9,-9900,?,9,16.05,E,8,6.36,E,8,52.0,E,8,872.5394,E,8,999.0,E,8,1.09,E,8,-9900,?,9,-9900,?,9,0.0,E,8,-9900,?,9,-9900,?,9,0.0,0.0,E,8
09/17/2015,14:00,1106.737,1352.008,413.98,1,8,11.193,1,8,404.819,1,8,49677.6,1,8,1063.332,1,8,44530.079,1,8,157.438,1,8,-9900,?,9,-9900,?,9,16.45,E,8,6.4,E,8,51.0,E,8,872.5394,E,8,999.0,E,8,1.09,E,8,-9900,?,9,-9900,?,9,0.0,E,8,-9900,?,9,-9900,?,9,0.0,0.0,E,8
09/17/2015,15:00,922.178,1352.008,354.5,1,8,17.226,1,8,342.754,1,8,42540.0,1,8,1636.47,1,8,37702.989,1,8,160.009,1,8,-9900,?,9,-9900,?,9,16.53,E,8,6.4,E,8,51.0,E,8,872.5394,E,8,999.0,E,8,1.69,E,8,-9900,?,9,-9900,?,9,0.0,E,8,-9900,?,9,-9900,?,9,0.0,0.0,E,8
09/17/2015,16:00,673.568,1352.008,266.8,1,8,77.551,1,8,228.198,1,8,32016.0,1,8,7367.391,1,8,25101.805,1,8,145.93,1,8,-9900,?,9,-9900,?,9,16.16,E,8,6.37,E,8,52.0,E,8,872.5394,E,8,999.0,E,8,2.22,E,8,-9900,?,9,-9900,?,9,0.0,E,8,-9900,?,9,-9900,?,9,0.0,0.0,E,8
09/17/2015,17:00,378.151,1352.008,158.12,1,8,167.337,1,8,111.475,1,8,18974.4,1,8,15897.043,1,8,12262.258,1,8,127.296,1,8,-9900,?,9,-9900,?,9,15.32,E,8,6.29,E,8,54.0,E,8,872.5394,E,8,999.0,E,8,2.22,E,8,-9900,?,9,-9900,?,9,0.0,E,8,-9900,?,9,-9900,?,9,0.0,0.0,E,8
09/17/2015,18:00,59.982,1352.008,42.88,1,8,0.0,1,8,42.88,1,8,5145.6,1,8,0.0,1,8,4716.8,1,8,343.249,1,8,-9900,?,9,-9900,?,9,14.12,E,8,6.18,E,8,58.0,E,8,872.5394,E,8,999.0,E,8,2.19,E,8,-9900,?,9,-9900,?,9,0.0,E,8,-9900,?,9,-9900,?,9,0.0,0.0,E,8
09/17/2015,19:00,0.0,1352.008,0.0,1,8,0.0,1,8,0.0,1,8,0.0,1,8,0.0,1,8,0.0,1,8,-0.0,1,8,-9900,?,9,-9900,?,9,13.47,E,8,6.11,E,8,61.0,E,8,872.5394,E,8,999.0,E,8,4.19,E,8,-9900,?,9,-9900,?,9,0.0,E,8,-9900,?,9,-9900,?,9,0.0,0.0,E,8
09/17/2015,20:00,0.0,1352.008,0.0,1,8,0.0,1,8,0.0,1,8,0.0,1,8,0.0,1,8,0.0,1,8,-0.0,1,8,-9900,?,9,-9900,?,9,12.83,E,8,6.05,E,8,63.0,E,8,872.5394,E,8,999.0,E,8,3.3,E,8,-9900,?,9,-9900,?,9,0.0,E,8,-9900,?,9,-9900,?,9,0.0,0.0,E,8
09/17/2015,21:00,0.0,1352.008,0.0,1,8,0.0,1,8,0.0,1,8,0.0,1,8,0.0,1,8,0.0,1,8,-0.0,1,8,-9900,?,9,-9900,?,9,12.19,E,8,5.99,E,8,65.0,E,8,872.5394,E,8,999.0,E,8,2.43,E,8,-9900,?,9,-9900,?,9,0.0,E,8,-9900,?,9,-9900,?,9,0.0,0.0,E,8
09/17/2015,22:00,0.0,1352.008,0.0,1,8,0.0,1,8,0.0,1,8,0.0,1,8,0.0,1,8,0.0,1,8,-0.0,1,8,-9900,?,9,-9900,?,9,11.54,E,8,5.93,E,8,68.0,E,8,872.5394,E,8,999.0,E,8,1.41,E,8,-9900,?,9,-9900,?,9,0.0,E,8,-9900,?,9,-9900,?,9,0.0,0.0,E,8
09/17/2015,23:00,0.0,1352.008,0.0,1,8,0.0,1,8,0.0,1,8,0.0,1,8,0.0,1,8,0.0,1,8,-0.0,1,8,-9900,?,9,-9900,?,9,10.9,E,8,5.87,E,8,71.0,E,8,872.5394,E,8,999.0,E,8,3.78,E,8,-9900,?,9,-9900,?,9,0.0,E,8,-9900,?,9,-9900,?,9,0.0,0.0,E,8
09/17/2015,24:00,0.0,1352.008,0.0,1,8,0.0,1,8,0.0,1,8,0.0,1,8,0.0,1,8,0.0,1,8,-0.0,1,8,-9900,?,9,-9900,?,9,10.25,E,8,8.17,E,8,86.0,E,8,872.5394,E,8,999.0,E,8,3.18,E,8,-9900,?,9,-9900,?,9,0.0,E,8,-9900,?,9,-9900,?,9,0.0,0.0,E,8
09/18/2015,01:00,0.0,1352.008,0.0,1,8,0.0,1,8,0.0,1,8,0.0,1,8,0.0,1,8,0.0,1,8,-0.0,1,8,-9900,?,9,-9900,?,9,9.93,E,8,8.06,E,8,88.0,E,8,872.5394,E,8,999.0,E,8,2.26,E,8,-9900,?,9,-9900,?,9,0.0,E,8,-9900,?,9,-9900,?,9,0.0,0.0,E,8
09/18/2015,02:00,0.0,1352.008,0.0,1,8,0.0,1,8,0.0,1,8,0.0,1,8,0.0,1,8,0.0,1,8,-0.0,1,8,-9900,?,9,-9900,?,9,9.61,E,8,7.95,E,8,89.0,E,8,872.5394,E,8,999.0,E,8,1.97,E,8,-9900,?,9,-9900,?,9,0.0,E,8,-9900,?,9,-9900,?,9,0.0,0.0,E,8
09/18/2015,03:00,0.0,1352.008,0.0,1,8,0.0,1,8,0.0,1,8,0.0,1,8,0.0,1,8,0.0,1,8,-0.0,1,8,-9900,?,9,-9900,?,9,9.29,E,8,7.84,E,8,90.0,E,8,872.5394,E,8,999.0,E,8,2.65,E,8,-9900,?,9,-9900,?,9,0.0,E,8,-9900,?,9,-9900,?,9,0.0,0.0,E,8
09/18/2015,04:00,0.0,1352.762,0.0,1,8,0.0,1,8,0.0,1,8,0.0,1,8,0.0,1,8,0.0,1,8,-0.0,1,8,-9900,?,9,-9900,?,9,8.97,E,8,7.72,E,8,91.0,E,8,872.5394,E,8,999.0,E,8,2.62,E,8,-9900,?,9,-9900,?,9,0.0,E,8,-9900,?,9,-9900,?,9,0.0,0.0,E,8
09/18/2015,05:00,0.0,1352.762,0.0,1,8,0.0,1,8,0.0,1,8,0.0,1,8,0.0,1,8,0.0,1,8,-0.0,1,8,-9900,?,9,-9900,?,9,8.65,E,8,7.61,E,8,93.0,E,8,872.5394,E,8,999.0,E,8,3.61,E,8,-9900,?,9,-9900,?,9,0.0,E,8,-9900,?,9,-9900,?,9,0.0,0.0,E,8
09/18/2015,06:00,0.0,1352.762,0.0,1,8,0.0,1,8,0.0,1,8,0.0,1,8,0.0,1,8,0.0,1,8,-0.0,1,8,-9900,?,9,-9900,?,9,8.4,E,8,7.51,E,8,94.0,E,8,872.5394,E,8,999.0,E,8,1.67,E,8,-9900,?,9,-9900,?,9,0.0,E,8,-9900,?,9,-9900,?,9,0.0,0.0,E,8
09/18/2015,07:00,241.278,1352.762,4.84,1,8,0.0,1,8,4.84,1,8,580.8,1,8,0.0,1,8,532.4,1,8,8.712,1,8,-9900,?,9,-9900,?,9,8.18,E,8,7.43,E,8,95.0,E,8,872.5394,E,8,999.0,E,8,2.65,E,8,-9900,?,9,-9900,?,9,0.0,E,8,-9900,?,9,-9900,?,9,0.0,0.0,E,8
09/18/2015,08:00,551.113,1352.762,88.68,1,8,0.0,1,8,88.68,1,8,10641.6,1,8,0.0,1,8,9754.8,1,8,69.389,1,8,-9900,?,9,-9900,?,9,7.97,E,8,7.36,E,8,95.0,E,8,872.5394,E,8,999.0,E,8,1.74,E,8,-9900,?,9,-9900,?,9,0.0,E,8,-9900,?,9,-9900,?,9,0.0,0.0,E,8
09/18/2015,09:00,823.115,1352.762,183.16,1,8,1.984,1,8,181.953,1,8,21979.2,1,8,188.508,1,8,20014.854,1,8,95.233,1,8,-9900,?,9,-9900,?,9,11.78,E,8,8.7,E,8,81.0,E,8,872.5394,E,8,999.0,E,8,2.36,E,8,-9900,?,9,-9900,?,9,0.0,E,8,-9900,?,9,-9900,?,9,0.0,0.0,E,8
09/18/2015,10:00,1038.069,1352.762,264.14,1,8,3.581,1,8,261.392,1,8,31696.8,1,8,340.222,1,8,28753.164,1,8,108.449,1,8,-9900,?,9,-9900,?,9,12.98,E,8,9.1,E,8,77.0,E,8,872.5394,E,8,999.0,E,8,1.54,E,8,-9900,?,9,-9900,?,9,0.0,E,8,-9900,?,9,-9900,?,9,0.0,0.0,E,8
09/18/2015,11:00,1181.205,1352.762,324.12,1,8,6.086,1,8,318.806,1,8,38894.4,1,8,578.186,1,8,35068.679,1,8,116.229,1,8,-9900,?,9,-9900,?,9,14.0,E,8,9.43,E,8,73.0,E,8,872.5394,E,8,999.0,E,8,1.31,E,8,-9900,?,9,-9900,?,9,0.0,E,8,-9900,?,9,-9900,?,9,0.0,0.0,E,8
09/18/2015,12:00,1242.733,1352.762,358.49,1,8,7.603,1,8,351.506,1,8,43018.8,1,8,722.296,1,8,38665.625,1,8,121.801,1,8,-9900,?,9,-9900,?,9,14.81,E,8,9.69,E,8,71.0,E,8,872.5394,E,8,999.0,E,8,3.02,E,8,-9900,?,9,-9900,?,9,0.0,E,8,-9900,?,9,-9900,?,9,0.0,0.0,E,8
09/18/2015,13:00,1218.454,1352.762,364.75,1,8,7.298,1,8,358.177,1,8,43770.0,1,8,693.307,1,8,39399.476,1,8,126.587,1,8,-9900,?,9,-9900,?,9,15.37,E,8,9.87,E,8,69.0,E,8,872.5394,E,8,999.0,E,8,4.28,E,8,-9900,?,9,-9900,?,9,0.0,E,8,-9900,?,9,-9900,?,9,0.0,0.0,E,8
09/18/2015,14:00,1110.037,1352.762,342.45,1,8,7.975,1,8,335.907,1,8,41094.0,1,8,757.665,1,8,36949.718,1,8,130.321,1,8,-9900,?,9,-9900,?,9,15.69,E,8,9.97,E,8,68.0,E,8,872.5394,E,8,999.0,E,8,3.68,E,8,-9900,?,9,-9900,?,9,0.0,E,8,-9900,?,9,-9900,?,9,0.0,0.0,E,8
09/18/2015,15:00,924.905,1352.762,293.21,1,8,8.064,1,8,287.698,1,8,35185.2,1,8,766.125,1,8,31646.784,1,8,133.985,1,8,-9900,?,9,-9900,?,9,15.75,E,8,9.99,E,8,68.0,E,8,872.5394,E,8,999.0,E,8,2.91,E,8,-9900,?,9,-9900,?,9,0.0,E,8,-9900,?,9,-9900,?,9,0.0,0.0,E,8
09/18/2015,16:00,675.758,1352.762,220.7,1,8,7.858,1,8,216.778,1,8,26484.0,1,8,746.497,1,8,23845.596,1,8,138.254,1,8,-9900,?,9,-9900,?,9,15.45,E,8,9.89,E,8,69.0,E,8,872.5394,E,8,999.0,E,8,2.65,E,8,-9900,?,9,-9900,?,9,0.0,E,8,-9900,?,9,-9900,?,9,0.0,0.0,E,8
09/18/2015,17:00,379.878,1352.762,130.9,1,8,71.077,1,8,111.008,1,8,15708.0,1,8,6752.273,1,8,12210.838,1,8,126.253,1,8,-9900,?,9,-9900,?,9,14.78,E,8,9.68,E,8,71.0,E,8,872.5394,E,8,999.0,E,8,1.9,E,8,-9900,?,9,-9900,?,9,0.0,E,8,-9900,?,9,-9900,?,9,0.0,0.0,E,8
09/18/2015,18:00,61.284,1352.762,35.7,1,8,0.0,1,8,35.7,1,8,4284.0,1,8,0.0,1,8,3927.0,1,8,278.791,1,8,-9900,?,9,-9900,?,9,13.82,E,8,9.37,E,8,74.0,E,8,872.5394,E,8,999.0,E,8,1.95,E,8,-9900,?,9,-9900,?,9,0.0,E,8,-9900,?,9,-9900,?,9,0.0,0.0,E,8
09/18/2015,19:00,0.0,1352.762,0.0,1,8,0.0,1,8,0.0,1,8,0.0,1,8,0.0,1,8,0.0,1,8,-0.0,1,8,-9900,?,9,-9900,?,9,13.29,E,8,9.2,E,8,76.0,E,8,872.5394,E,8,999.0,E,8,1.67,E,8,-9900,?,9,-9900,?,9,0.0,E,8,-9900,?,9,-9900,?,9,0.0,0.0,E,8
09/18/2015,20:00,0.0,1352.762,0.0,1,8,0.0,1,8,0.0,1,8,0.0,1,8,0.0,1,8,0.0,1,8,-0.0,1,8,-9900,?,9,-9900,?,9,12.75,E,8,9.02,E,8,78.0,E,8,872.5394,E,8,999.0,E,8,2.36,E,8,-9900,?,9,-9900,?,9,0.0,E,8,-9900,?,9,-9900,?,9,0.0,0.0,E,8
09/18/2015,21:00,0.0,1352.762,0.0,1,8,0.0,1,8,0.0,1,8,0.0,1,8,0.0,1,8,0.0,1,8,-0.0,1,8,-9900,?,9,-9900,?,9,12.22,E,8,8.85,E,8,79.0,E,8,872.5394,E,8,999.0,E,8,1.93,E,8,-9900,?,9,-9900,?,9,0.0,E,8,-9900,?,9,-9900,?,9,0.0,0.0,E,8
09/18/2015,22:00,0.0,1352.762,0.0,1,8,0.0,1,8,0.0,1,8,0.0,1,8,0.0,1,8,0.0,1,8,-0.0,1,8,-9900,?,9,-9900,?,9,11.69,E,8,8.67,E,8,81.0,E,8,872.5394,E,8,999.0,E,8,1.61,E,8,-9900,?,9,-9900,?,9,0.0,E,8,-9900,?,9,-9900,?,9,0.0,0.0,E,8
09/18/2015,23:00,0.0,1352.762,0.0,1,8,0.0,1,8,0.0,1,8,0.0,1,8,0.0,1,8,0.0,1,8,-0.0,1,8,-9900,?,9,-9900,?,9,11.15,E,8,8.48,E,8,83.0,E,8,872.5394,E,8,999.0,E,8,2.87,E,8,-9900,?,9,-9900,?,9,0.0,E,8,-9900,?,9,-9900,?,9,0.0,0.0,E,8
09/18/2015,24:00,0.0,1352.762,0.0,1,8,0.0,1,8,0.0,1,8,0.0,1,8,0.0,1,8,0.0,1,8,-0.0,1,8,-9900,?,9,-9900,?,9,10.62,E,8,8.2,E,8,84.0,E,8,872.5394,E,8,999.0,E,8,0.29,E,8,-9900,?,9,-9900,?,9,0.0,E,8,-9900,?,9,-9900,?,9,0.0,0.0,E,8
09/19/2015,01:00,0.0,1352.762,0.0,1,8,0.0,1,8,0.0,1,8,0.0,1,8,0.0,1,8,0.0,1,8,-0.0,1,8,-9900,?,9,-9900,?,9,10.35,E,8,8.16,E,8,86.0,E,8,872.5394,E,8,999.0,E,8,0.29,E,8,-9900,?,9,-9900,?,9,0.0,E,8,-9900,?,9,-9900,?,9,0.0,0.0,E,8
09/19/2015,02:00,0.0,1352.762,0.0,1,8,0.0,1,8,0.0,1,8,0.0,1,8,0.0,1,8,0.0,1,8,-0.0,1,8,-9900,?,9,-9900,?,9,10.08,E,8,8.13,E,8,87.0,E,8,872.5394,E,8,999.0,E,8,0.47,E,8,-9900,?,9,-9900,?,9,0.0,E,8,-9900,?,9,-9900,?,9,0.0,0.0,E,8
09/19/2015,03:00,0.0,1352.762,0.0,1,8,0.0,1,8,0.0,1,8,0.0,1,8,0.0,1,8,0.0,1,8,-0.0,1,8,-9900,?,9,-9900,?,9,9.82,E,8,8.1,E,8,89.0,E,8,872.5394,E,8,999.0,E,8,0.56,E,8,-9900,?,9,-9900,?,9,0.0,E,8,-9900,?,9,-9900,?,9,0.0,0.0,E,8
09/19/2015,04:00,0.0,1353.521,0.0,1,8,0.0,1,8,0.0,1,8,0.0,1,8,0.0,1,8,0.0,1,8,-0.0,1,8,-9900,?,9,-9900,?,9,9.55,E,8,8.07,E,8,90.0,E,8,872.5394,E,8,999.0,E,8,0.29,E,8,-9900,?,9,-9900,?,9,0.0,E,8,-9900,?,9,-9900,?,9,0.0,0.0,E,8
09/19/2015,05:00,0.0,1353.521,0.0,1,8,0.0,1,8,0.0,1,8,0.0,1,8,0.0,1,8,0.0,1,8,-0.0,1,8,-9900,?,9,-9900,?,9,9.28,E,8,8.04,E,8,91.0,E,8,872.5394,E,8,999.0,E,8,0.29,E,8,-9900,?,9,-9900,?,9,0.0,E,8,-9900,?,9,-9900,?,9,0.0,0.0,E,8
09/19/2015,06:00,0.0,1353.521,0.0,1,8,0.0,1,8,0.0,1,8,0.0,1,8,0.0,1,8,0.0,1,8,-0.0,1,8,-9900,?,9,-9900,?,9,9.08,E,8,8.01,E,8,93.0,E,8,872.5394,E,8,999.0,E,8,0.29,E,8,-9900,?,9,-9900,?,9,0.0,E,8,-9900,?,9,-9900,?,9,0.0,0.0,E,8
09/19/2015,07:00,246.639,1353.521,8.69,1,8,0.0,1,8,8.69,1,8,1042.8,1,8,0.0,1,8,955.9,1,8,15.305,1,8,-9900,?,9,-9900,?,9,8.9,E,8,7.99,E,8,94.0,E,8,872.5394,E,8,999.0,E,8,0.29,E,8,-9900,?,9,-9900,?,9,0.0,E,8,-9900,?,9,-9900,?,9,0.0,0.0,E,8
09/19/2015,08:00,556.577,1353.521,95.79,1,8,0.0,1,8,95.79,1,8,11494.8,1,8,0.0,1,8,10536.9,1,8,74.256,1,8,-9900,?,9,-9900,?,9,8.72,E,8,7.97,E,8,95.0,E,8,872.5394,E,8,999.0,E,8,0.29,E,8,-9900,?,9,-9900,?,9,0.0,E,8,-9900,?,9,-9900,?,9,0.0,0.0,E,8
09/19/2015,09:00,828.506,1353.521,516.23,1,8,423.107,1,8,257.368,1,8,61947.6,1,8,40195.186,1,8,28310.472,1,8,133.902,1,8,-9900,?,9,-9900,?,9,14.11,E,8,8.6,E,8,69.0,E,8,872.5394,E,8,999.0,E,8,0.29,E,8,-9900,?,9,-9900,?,9,0.0,E,8,-9900,?,9,-9900,?,9,0.0,0.0,E,8
09/19/2015,10:00,1043.238,1353.521,693.55,1,8,468.686,1,8,332.379,1,8,83226.0,1,8,44525.182,1,8,36561.657,1,8,137.294,1,8,-9900,?,9,-9900,?,9,16.38,E,8,8.86,E,8,61.0,E,8,872.5394,E,8,999.0,E,8,0.62,E,8,-9900,?,9,-9900,?,9,0.0,E,8,-9900,?,9,-9900,?,9,0.0,0.0,E,8
09/19/2015,11:00,1186.021,1353.521,678.94,1,8,270.9,1,8,441.586,1,8,81472.8,1,8,25735.453,1,8,48574.427,1,8,160.427,1,8,-9900,?,9,-9900,?,9,17.45,E,8,8.98,E,8,57.0,E,8,872.5394,E,8,999.0,E,8,1.47,E,8,-9900,?,9,-9900,?,9,0.0,E,8,-9900,?,9,-9900,?,9,0.0,0.0,E,8
09/19/2015,12:00,1247.092,1353.521,629.87,1,8,160.198,1,8,482.276,1,8,75584.4,1,8,15218.831,1,8,53050.37,1,8,166.623,1,8,-9900,?,9,-9900,?,9,17.92,E,8,9.03,E,8,55.0,E,8,872.5394,E,8,999.0,E,8,2.42,E,8,-9900,?,9,-9900,?,9,0.0,E,8,-9900,?,9,-9900,?,9,0.0,0.0,E,8
09/19/2015,13:00,1222.282,1353.521,782.79,1,8,420.594,1,8,403.003,1,8,93934.8,1,8,39956.418,1,8,44330.277,1,8,142.063,1,8,-9900,?,9,-9900,?,9,18.68,E,8,9.11,E,8,53.0,E,8,872.5394,E,8,999.0,E,8,2.8,E,8,-9900,?,9,-9900,?,9,0.0,E,8,-9900,?,9,-9900,?,9,0.0,0.0,E,8
09/19/2015,14:00,1113.297,1353.521,554.6,1,8,190.816,1,8,397.672,1,8,66552.0,1,8,18127.513,1,8,43743.952,1,8,153.918,1,8,-9900,?,9,-9900,?,9,18.63,E,8,9.11,E,8,53.0,E,8,872.5394,E,8,999.0,E,8,2.55,E,8,-9900,?,9,-9900,?,9,0.0,E,8,-9900,?,9,-9900,?,9,0.0,0.0,E,8
09/19/2015,15:00,927.598,1353.521,216.61,1,8,4.358,1,8,213.624,1,8,25993.2,1,8,414.024,1,8,23498.668,1,8,99.254,1,8,-9900,?,9,-9900,?,9,17.33,E,8,8.96,E,8,57.0,E,8,872.5394,E,8,999.0,E,8,2.01,E,8,-9900,?,9,-9900,?,9,0.0,E,8,-9900,?,9,-9900,?,9,0.0,0.0,E,8
09/19/2015,16:00,677.926,1353.521,286.07,1,8,107.149,1,8,232.45,1,8,34328.4,1,8,10179.118,1,8,25569.537,1,8,147.857,1,8,-9900,?,9,-9900,?,9,16.55,E,8,8.88,E,8,60.0,E,8,872.5394,E,8,999.0,E,8,1.37,E,8,-9900,?,9,-9900,?,9,0.0,E,8,-9900,?,9,-9900,?,9,0.0,0.0,E,8
09/19/2015,17:00,381.595,1353.521,157.87,1,8,159.838,1,8,112.958,1,8,18944.4,1,8,15184.585,1,8,12425.328,1,8,127.961,1,8,-9900,?,9,-9900,?,9,15.55,E,8,8.76,E,8,63.0,E,8,872.5394,E,8,999.0,E,8,0.85,E,8,-9900,?,9,-9900,?,9,0.0,E,8,-9900,?,9,-9900,?,9,0.0,0.0,E,8
09/19/2015,18:00,62.593,1353.521,64.59,1,8,0.0,1,8,64.59,1,8,7750.8,1,8,0.0,1,8,7104.9,1,8,492.346,1,8,-9900,?,9,-9900,?,9,14.47,E,8,8.64,E,8,67.0,E,8,872.5394,E,8,999.0,E,8,0.29,E,8,-9900,?,9,-9900,?,9,0.0,E,8,-9900,?,9,-9900,?,9,0.0,0.0,E,8
09/19/2015,19:00,0.0,1353.521,0.0,1,8,0.0,1,8,0.0,1,8,0.0,1,8,0.0,1,8,0.0,1,8,-0.0,1,8,-9900,?,9,-9900,?,9,14.04,E,8,8.59,E,8,69.0,E,8,872.5394,E,8,999.0,E,8,0.29,E,8,-9900,?,9,-9900,?,9,0.0,E,8,-9900,?,9,-9900,?,9,0.0,0.0,E,8
09/19/2015,20:00,0.0,1353.521,0.0,1,8,0.0,1,8,0.0,1,8,0.0,1,8,0.0,1,8,0.0,1,8,-0.0,1,8,-9900,?,9,-9900,?,9,13.61,E,8,8.54,E,8,71.0,E,8,872.5394,E,8,999.0,E,8,0.29,E,8,-9900,?,9,-9900,?,9,0.0,E,8,-9900,?,9,-9900,?,9,0.0,0.0,E,8
09/19/2015,21:00,0.0,1353.521,0.0,1,8,0.0,1,8,0.0,1,8,0.0,1,8,0.0,1,8,0.0,1,8,-0.0,1,8,-9900,?,9,-9900,?,9,13.19,E,8,8.49,E,8,73.0,E,8,872.5394,E,8,999.0,E,8,0.29,E,8,-9900,?,9,-9900,?,9,0.0,E,8,-9900,?,9,-9900,?,9,0.0,0.0,E,8
09/19/2015,22:00,0.0,1353.521,0.0,1,8,0.0,1,8,0.0,1,8,0.0,1,8,0.0,1,8,0.0,1,8,-0.0,1,8,-9900,?,9,-9900,?,9,12.76,E,8,8.44,E,8,74.0,E,8,872.5394,E,8,999.0,E,8,0.29,E,8,-9900,?,9,-9900,?,9,0.0,E,8,-9900,?,9,-9900,?,9,0.0,0.0,E,8
09/19/2015,23:00,0.0,1353.521,0.0,1,8,0.0,1,8,0.0,1,8,0.0,1,8,0.0,1,8,0.0,1,8,-0.0,1,8,-9900,?,9,-9900,?,9,12.33,E,8,8.39,E,8,76.0,E,8,872.5394,E,8,999.0,E,8,0.29,E,8,-9900,?,9,-9900,?,9,0.0,E,8,-9900,?,9,-9900,?,9,0.0,0.0,E,8
09/19/2015,24:00,0.0,1353.521,0.0,1,8,0.0,1,8,0.0,1,8,0.0,1,8,0.0,1,8,0.0,1,8,-0.0,1,8,-9900,?,9,-9900,?,9,11.91,E,8,10.36,E,8,90.0,E,8,872.5394,E,8,999.0,E,8,0.35,E,8,-9900,?,9,-9900,?,9,0.0,E,8,-9900,?,9,-9900,?,9,0.0,0.0,E,8
09/20/2015,01:00,0.0,1353.521,0.0,1,8,0.0,1,8,0.0,1,8,0.0,1,8,0.0,1,8,0.0,1,8,-0.0,1,8,-9900,?,9,-9900,?,9,11.69,E,8,10.36,E,8,91.0,E,8,872.5394,E,8,999.0,E,8,0.35,E,8,-9900,?,9,-9900,?,9,0.0,E,8,-9900,?,9,-9900,?,9,0.0,0.0,E,8
09/20/2015,02:00,0.0,1353.521,0.0,1,8,0.0,1,8,0.0,1,8,0.0,1,8,0.0,1,8,0.0,1,8,-0.0,1,8,-9900,?,9,-9900,?,9,11.48,E,8,10.36,E,8,92.0,E,8,872.5394,E,8,999.0,E,8,0.35,E,8,-9900,?,9,-9900,?,9,0.0,E,8,-9900,?,9,-9900,?,9,0.0,0.0,E,8
09/20/2015,03:00,0.0,1353.521,0.0,1,8,0.0,1,8,0.0,1,8,0.0,1,8,0.0,1,8,0.0,1,8,-0.0,1,8,-9900,?,9,-9900,?,9,11.27,E,8,10.36,E,8,94.0,E,8,872.5394,E,8,999.0,E,8,0.35,E,8,-9900,?,9,-9900,?,9,0.0,E,8,-9900,?,9,-9900,?,9,0.0,0.0,E,8
09/20/2015,04:00,0.0,1354.284,0.0,1,8,0.0,1,8,0.0,1,8,0.0,1,8,0.0,1,8,0.0,1,8,-0.0,1,8,-9900,?,9,-9900,?,9,11.06,E,8,10.36,E,8,95.0,E,8,872.5394,E,8,999.0,E,8,0.35,E,8,-9900,?,9,-9900,?,9,0.0,E,8,-9900,?,9,-9900,?,9,0.0,0.0,E,8
09/20/2015,05:00,0.0,1354.284,0.0,1,8,0.0,1,8,0.0,1,8,0.0,1,8,0.0,1,8,0.0,1,8,-0.0,1,8,-9900,?,9,-9900,?,9,10.84,E,8,10.37,E,8,96.0,E,8,872.5394,E,8,999.0,E,8,0.35,E,8,-9900,?,9,-9900,?,9,0.0,E,8,-9900,?,9,-9900,?,9,0.0,0.0,E,8
09/20/2015,06:00,0.0,1354.284,0.0,1,8,0.0,1,8,0.0,1,8,0.0,1,8,0.0,1,8,0.0,1,8,-0.0,1,8,-9900,?,9,-9900,?,9,10.68,E,8,10.37,E,8,97.0,E,8,872.5394,E,8,999.0,E,8,0.35,E,8,-9900,?,9,-9900,?,9,0.0,E,8,-9900,?,9,-9900,?,9,0.0,0.0,E,8
09/20/2015,07:00,252.001,1354.284,7.58,1,8,0.0,1,8,7.58,1,8,909.6,1,8,0.0,1,8,833.8,1,8,13.069,1,8,-9900,?,9,-9900,?,9,10.54,E,8,10.37,E,8,98.0,E,8,872.5394,E,8,999.0,E,8,0.5,E,8,-9900,?,9,-9900,?,9,0.0,E,8,-9900,?,9,-9900,?,9,0.0,0.0,E,8
09/20/2015,08:00,562.027,1354.284,111.28,1,8,0.0,1,8,111.28,1,8,13353.6,1,8,0.0,1,8,12240.8,1,8,85.473,1,8,-9900,?,9,-9900,?,9,10.4,E,8,10.37,E,8,99.0,E,8,872.5394,E,8,999.0,E,8,0.55,E,8,-9900,?,9,-9900,?,9,0.0,E,8,-9900,?,9,-9900,?,9,0.0,0.0,E,8
09/20/2015,09:00,833.869,1354.284,225.89,1,8,5.842,1,8,222.295,1,8,27106.8,1,8,554.974,1,8,24452.423,1,8,114.974,1,8,-9900,?,9,-9900,?,9,14.38,E,8,10.33,E,8,76.0,E,8,872.5394,E,8,999.0,E,8,0.47,E,8,-9900,?,9,-9900,?,9,0.0,E,8,-9900,?,9,-9900,?,9,0.0,0.0,E,8
09/20/2015,10:00,1048.369,1354.284,323.91,1,8,5.95,1,8,319.305,1,8,38869.2,1,8,565.291,1,8,35123.506,1,8,131.322,1,8,-9900,?,9,-9900,?,9,15.6,E,8,10.32,E,8,70.0,E,8,872.5394,E,8,999.0,E,8,0.81,E,8,-9900,?,9,-9900,?,9,0.0,E,8,-9900,?,9,-9900,?,9,0.0,0.0,E,8
09/20/2015,11:00,1190.794,1354.284,396.35,1,8,7.153,1,8,390.061,1,8,47562.0,1,8,679.553,1,8,42906.698,1,8,141.219,1,8,-9900,?,9,-9900,?,9,16.64,E,8,10.3,E,8,66.0,E,8,872.5394,E,8,999.0,E,8,0.36,E,8,-9900,?,9,-9900,?,9,0.0,E,8,-9900,?,9,-9900,?,9,0.0,0.0,E,8
09/20/2015,12:00,1251.404,1354.284,437.67,1,8,12.479,1,8,426.14,1,8,52520.4,1,8,1185.5,1,8,46875.358,1,8,146.803,1,8,-9900,?,9,-9900,?,9,17.46,E,8,10.3,E,8,62.0,E,8,872.5394,E,8,999.0,E,8,0.54,E,8,-9900,?,9,-9900,?,9,0.0,E,8,-9900,?,9,-9900,?,9,0.0,0.0,E,8
09/20/2015,13:00,1226.064,1354.284,444.86,1,8,12.714,1,8,433.351,1,8,53383.2,1,8,1207.821,1,8,47668.561,1,8,152.375,1,8,-9900,?,9,-9900,?,9,18.04,E,8,10.29,E,8,60.0,E,8,872.5394,E,8,999.0,E,8,0.49,E,8,-9900,?,9,-9900,?,9,0.0,E,8,-9900,?,9,-9900,?,9,0.0,0.0,E,8
09/20/2015,14:00,1116.515,1354.284,417.39,1,8,11.126,1,8,408.219,1,8,50086.8,1,8,1056.956,1,8,44904.064,1,8,157.633,1,8,-9900,?,9,-9900,?,9,18.35,E,8,10.29,E,8,59.0,E,8,872.5394,E,8,999.0,E,8,0.55,E,8,-9900,?,9,-9900,?,9,0.0,E,8,-9900,?,9,-9900,?,9,0.0,0.0,E,8
09/20/2015,15:00,930.258,1354.284,357.27,1,8,17.094,1,8,345.532,1,8,42872.4,1,8,1623.91,1,8,38008.534,1,8,160.172,1,8,-9900,?,9,-9900,?,9,18.41,E,8,10.29,E,8,59.0,E,8,872.5394,E,8,999.0,E,8,0.92,E,8,-9900,?,9,-9900,?,9,0.0,E,8,-9900,?,9,-9900,?,9,0.0,0.0,E,8
09/20/2015,16:00,680.071,1354.284,268.98,1,8,76.735,1,8,230.48,1,8,32277.6,1,8,7289.782,1,8,25352.821,1,8,146.223,1,8,-9900,?,9,-9900,?,9,18.1,E,8,10.29,E,8,60.0,E,8,872.5394,E,8,999.0,E,8,1.3,E,8,-9900,?,9,-9900,?,9,0.0,E,8,-9900,?,9,-9900,?,9,0.0,0.0,E,8
09/20/2015,17:00,383.303,1354.284,159.8,1,8,164.483,1,8,113.4,1,8,19176.0,1,8,15625.899,1,8,12474.025,1,8,127.959,1,8,-9900,?,9,-9900,?,9,17.41,E,8,10.3,E,8,62.0,E,8,872.5394,E,8,999.0,E,8,1.73,E,8,-9900,?,9,-9900,?,9,0.0,E,8,-9900,?,9,-9900,?,9,0.0,0.0,E,8
09/20/2015,18:00,63.908,1354.284,44.06,1,8,0.0,1,8,44.06,1,8,5287.2,1,8,0.0,1,8,4846.6,1,8,327.993,1,8,-9900,?,9,-9900,?,9,16.42,E,8,10.31,E,8,67.0,E,8,872.5394,E,8,999.0,E,8,1.44,E,8,-9900,?,9,-9900,?,9,0.0,E,8,-9900,?,9,-9900,?,9,0.0,0.0,E,8
09/20/2015,19:00,0.0,1354.284,0.0,1,8,0.0,1,8,0.0,1,8,0.0,1,8,0.0,1,8,0.0,1,8,-0.0,1,8,-9900,?,9,-9900,?,9,15.74,E,8,10.31,E,8,70.0,E,8,872.5394,E,8,999.0,E,8,1.95,E,8,-9900,?,9,-9900,?,9,0.0,E,8,-9900,?,9,-9900,?,9,0.0,0.0,E,8
09/20/2015,20:00,0.0,1354.284,0.0,1,8,0.0,1,8,0.0,1,8,0.0,1,8,0.0,1,8,0.0,1,8,-0.0,1,8,-9900,?,9,-9900,?,9,15.06,E,8,10.32,E,8,73.0,E,8,872.5394,E,8,999.0,E,8,1.5,E,8,-9900,?,9,-9900,?,9,0.0,E,8,-9900,?,9,-9900,?,9,0.0,0.0,E,8
09/20/2015,21:00,0.0,1354.284,0.0,1,8,0.0,1,8,0.0,1,8,0.0,1,8,0.0,1,8,0.0,1,8,-0.0,1,8,-9900,?,9,-9900,?,9,14.38,E,8,10.33,E,8,76.0,E,8,872.5394,E,8,999.0,E,8,1.07,E,8,-9900,?,9,-9900,?,9,0.0,E,8,-9900,?,9,-9900,?,9,0.0,0.0,E,8
09/20/2015,22:00,0.0,1354.284,0.0,1,8,0.0,1,8,0.0,1,8,0.0,1,8,0.0,1,8,0.0,1,8,-0.0,1,8,-9900,?,9,-9900,?,9,13.7,E,8,10.34,E,8,80.0,E,8,872.5394,E,8,999.0,E,8,1.35,E,8,-9900,?,9,-9900,?,9,0.0,E,8,-9900,?,9,-9900,?,9,0.0,0.0,E,8
09/20/2015,23:00,0.0,1354.284,0.0,1,8,0.0,1,8,0.0,1,8,0.0,1,8,0.0,1,8,0.0,1,8,-0.0,1,8,-9900,?,9,-9900,?,9,13.02,E,8,10.34,E,8,83.0,E,8,872.5394,E,8,999.0,E,8,1.23,E,8,-9900,?,9,-9900,?,9,0.0,E,8,-9900,?,9,-9900,?,9,0.0,0.0,E,8
09/20/2015,24:00,0.0,1354.284,0.0,1,8,0.0,1,8,0.0,1,8,0.0,1,8,0.0,1,8,0.0,1,8,-0.0,1,8,-9900,?,9,-9900,?,9,12.34,E,8,8.61,E,8,77.0,E,8,872.5394,E,8,999.0,E,8,0.29,E,8,-9900,?,9,-9900,?,9,0.0,E,8,-9900,?,9,-9900,?,9,0.0,0.0,E,8
09/21/2015,01:00,0.0,1354.284,0.0,1,8,0.0,1,8,0.0,1,8,0.0,1,8,0.0,1,8,0.0,1,8,-0.0,1,8,-9900,?,9,-9900,?,9,12.0,E,8,8.67,E,8,80.0,E,8,872.5394,E,8,999.0,E,8,0.25,E,8,-9900,?,9,-9900,?,9,0.0,E,8,-9900,?,9,-9900,?,9,0.0,0.0,E,8
09/21/2015,02:00,0.0,1354.284,0.0,1,8,0.0,1,8,0.0,1,8,0.0,1,8,0.0,1,8,0.0,1,8,-0.0,1,8,-9900,?,9,-9900,?,9,11.66,E,8,8.73,E,8,82.0,E,8,872.5394,E,8,999.0,E,8,0.25,E,8,-9900,?,9,-9900,?,9,0.0,E,8,-9900,?,9,-9900,?,9,0.0,0.0,E,8
09/21/2015,03:00,0.0,1354.284,0.0,1,8,0.0,1,8,0.0,1,8,0.0,1,8,0.0,1,8,0.0,1,8,-0.0,1,8,-9900,?,9,-9900,?,9,11.32,E,8,8.79,E,8,84.0,E,8,872.5394,E,8,999.0,E,8,0.25,E,8,-9900,?,9,-9900,?,9,0.0,E,8,-9900,?,9,-9900,?,9,0.0,0.0,E,8
09/21/2015,04:00,0.0,1355.052,0.0,1,8,0.0,1,8,0.0,1,8,0.0,1,8,0.0,1,8,0.0,1,8,-0.0,1,8,-9900,?,9,-9900,?,9,10.97,E,8,8.86,E,8,86.0,E,8,872.5394,E,8,999.0,E,8,0.25,E,8,-9900,?,9,-9900,?,9,0.0,E,8,-9900,?,9,-9900,?,9,0.0,0.0,E,8
09/21/2015,05:00,0.0,1355.052,0.0,1,8,0.0,1,8,0.0,1,8,0.0,1,8,0.0,1,8,0.0,1,8,-0.0,1,8,-9900,?,9,-9900,?,9,10.63,E,8,8.92,E,8,89.0,E,8,872.5394,E,8,999.0,E,8,0.25,E,8,-9900,?,9,-9900,?,9,0.0,E,8,-9900,?,9,-9900,?,9,0.0,0.0,E,8
09/21/2015,06:00,0.0,1355.052,0.0,1,8,0.0,1,8,0.0,1,8,0.0,1,8,0.0,1,8,0.0,1,8,-0.0,1,8,-9900,?,9,-9900,?,9,10.37,E,8,8.96,E,8,90.0,E,8,872.5394,E,8,999.0,E,8,0.25,E,8,-9900,?,9,-9900,?,9,0.0,E,8,-9900,?,9,-9900,?,9,0.0,0.0,E,8
09/21/2015,07:00,257.36,1355.052,10.34,1,8,0.0,1,8,10.34,1,8,1240.8,1,8,0.0,1,8,1137.4,1,8,17.461,1,8,-9900,?,9,-9900,?,9,10.15,E,8,9.0,E,8,92.0,E,8,872.5394,E,8,999.0,E,8,0.25,E,8,-9900,?,9,-9900,?,9,0.0,E,8,-9900,?,9,-9900,?,9,0.0,0.0,E,8
09/21/2015,08:00,567.459,1355.052,137.42,1,8,2.72,1,8,136.282,1,8,16490.4,1,8,258.406,1,8,14991.072,1,8,103.731,1,8,-9900,?,9,-9900,?,9,9.92,E,8,9.04,E,8,94.0,E,8,872.5394,E,8,999.0,E,8,0.25,E,8,-9900,?,9,-9900,?,9,0.0,E,8,-9900,?,9,-9900,?,9,0.0,0.0,E,8
09/21/2015,09:00,839.203,1355.052,276.63,1,8,12.893,1,8,268.649,1,8,33195.6,1,8,1224.874,1,8,29551.356,1,8,138.143,1,8,-9900,?,9,-9900,?,9,14.41,E,8,8.23,E,8,66.0,E,8,872.5394,E,8,999.0,E,8,0.4,E,8,-9900,?,9,-9900,?,9,0.0,E,8,-9900,?,9,-9900,?,9,0.0,0.0,E,8
09/21/2015,10:00,1053.462,1355.052,395.56,1,8,11.845,1,8,386.353,1,8,47467.2,1,8,1125.242,1,8,42498.868,1,8,158.218,1,8,-9900,?,9,-9900,?,9,15.77,E,8,7.98,E,8,59.0,E,8,872.5394,E,8,999.0,E,8,0.54,E,8,-9900,?,9,-9900,?,9,0.0,E,8,-9900,?,9,-9900,?,9,0.0,0.0,E,8
09/21/2015,11:00,1195.521,1355.052,483.35,1,8,57.269,1,8,432.827,1,8,58002.0,1,8,5440.562,1,8,47611.021,1,8,156.171,1,8,-9900,?,9,-9900,?,9,16.93,E,8,7.76,E,8,54.0,E,8,872.5394,E,8,999.0,E,8,1.1,E,8,-9900,?,9,-9900,?,9,0.0,E,8,-9900,?,9,-9900,?,9,0.0,0.0,E,8
09/21/2015,12:00,1255.668,1355.052,533.31,1,8,4.276,1,8,529.347,1,8,63997.2,1,8,406.258,1,8,58228.218,1,8,181.842,1,8,-9900,?,9,-9900,?,9,17.84,E,8,7.58,E,8,51.0,E,8,872.5394,E,8,999.0,E,8,1.68,E,8,-9900,?,9,-9900,?,9,0.0,E,8,-9900,?,9,-9900,?,9,0.0,0.0,E,8
09/21/2015,13:00,1229.799,1355.052,541.78,1,8,5.045,1,8,537.202,1,8,65013.6,1,8,479.265,1,8,59092.188,1,8,188.424,1,8,-9900,?,9,-9900,?,9,18.48,E,8,7.46,E,8,48.0,E,8,872.5394,E,8,999.0,E,8,2.11,E,8,-9900,?,9,-9900,?,9,0.0,E,8,-9900,?,9,-9900,?,9,0.0,0.0,E,8
09/21/2015,14:00,1119.692,1355.052,508.17,1,8,96.35,1,8,428.566,1,8,60980.4,1,8,9153.294,1,8,47142.217,1,8,165.114,1,8,-9900,?,9,-9900,?,9,18.83,E,8,7.39,E,8,47.0,E,8,872.5394,E,8,999.0,E,8,3.62,E,8,-9900,?,9,-9900,?,9,0.0,E,8,-9900,?,9,-9900,?,9,0.0,0.0,E,8
09/21/2015,15:00,932.885,1355.052,434.91,1,8,146.171,1,8,334.311,1,8,52189.2,1,8,13886.242,1,8,36774.257,1,8,154.622,1,8,-9900,?,9,-9900,?,9,18.89,E,8,7.38,E,8,47.0,E,8,872.5394,E,8,999.0,E,8,3.85,E,8,-9900,?,9,-9900,?,9,0.0,E,8,-9900,?,9,-9900,?,9,0.0,0.0,E,8
09/21/2015,16:00,682.195,1355.052,327.47,1,8,166.842,1,8,243.546,1,8,39296.4,1,8,15850.001,1,8,26790.106,1,8,154.118,1,8,-9900,?,9,-9900,?,9,18.54,E,8,7.45,E,8,48.0,E,8,872.5394,E,8,999.0,E,8,2.39,E,8,-9900,?,9,-9900,?,9,0.0,E,8,-9900,?,9,-9900,?,9,0.0,0.0,E,8
09/21/2015,17:00,385.003,1355.052,194.7,1,8,267.241,1,8,119.019,1,8,23364.0,1,8,25387.912,1,8,13092.117,1,8,133.778,1,8,-9900,?,9,-9900,?,9,17.77,E,8,7.6,E,8,51.0,E,8,872.5394,E,8,999.0,E,8,1.73,E,8,-9900,?,9,-9900,?,9,0.0,E,8,-9900,?,9,-9900,?,9,0.0,0.0,E,8
09/21/2015,18:00,65.231,1355.052,53.98,1,8,0.0,1,8,53.98,1,8,6477.6,1,8,0.0,1,8,5937.8,1,8,392.618,1,8,-9900,?,9,-9900,?,9,16.66,E,8,7.81,E,8,55.0,E,8,872.5394,E,8,999.0,E,8,0.61,E,8,-9900,?,9,-9900,?,9,0.0,E,8,-9900,?,9,-9900,?,9,0.0,0.0,E,8
09/21/2015,19:00,0.0,1355.052,0.0,1,8,0.0,1,8,0.0,1,8,0.0,1,8,0.0,1,8,0.0,1,8,-0.0,1,8,-9900,?,9,-9900,?,9,15.96,E,8,7.94,E,8,58.0,E,8,872.5394,E,8,999.0,E,8,0.34,E,8,-9900,?,9,-9900,?,9,0.0,E,8,-9900,?,9,-9900,?,9,0.0,0.0,E,8
09/21/2015,20:00,0.0,1355.052,0.0,1,8,0.0,1,8,0.0,1,8,0.0,1,8,0.0,1,8,0.0,1,8,-0.0,1,8,-9900,?,9,-9900,?,9,15.25,E,8,8.07,E,8,62.0,E,8,872.5394,E,8,999.0,E,8,0.25,E,8,-9900,?,9,-9900,?,9,0.0,E,8,-9900,?,9,-9900,?,9,0.0,0.0,E,8
09/21/2015,21:00,0.0,1355.052,0.0,1,8,0.0,1,8,0.0,1,8,0.0,1,8,0.0,1,8,0.0,1,8,-0.0,1,8,-9900,?,9,-9900,?,9,14.54,E,8,8.21,E,8,65.0,E,8,872.5394,E,8,999.0,E,8,0.25,E,8,-9900,?,9,-9900,?,9,0.0,E,8,-9900,?,9,-9900,?,9,0.0,0.0,E,8
09/21/2015,22:00,0.0,1355.052,0.0,1,8,0.0,1,8,0.0,1,8,0.0,1,8,0.0,1,8,0.0,1,8,-0.0,1,8,-9900,?,9,-9900,?,9,13.83,E,8,8.34,E,8,69.0,E,8,872.5394,E,8,999.0,E,8,0.25,E,8,-9900,?,9,-9900,?,9,0.0,E,8,-9900,?,9,-9900,?,9,0.0,0.0,E,8
09/21/2015,23:00,0.0,1355.052,0.0,1,8,0.0,1,8,0.0,1,8,0.0,1,8,0.0,1,8,0.0,1,8,-0.0,1,8,-9900,?,9,-9900,?,9,13.13,E,8,8.47,E,8,73.0,E,8,872.5394,E,8,999.0,E,8,0.25,E,8,-9900,?,9,-9900,?,9,0.0,E,8,-9900,?,9,-9900,?,9,0.0,0.0,E,8
09/21/2015,24:00,0.0,1355.052,0.0,1,8,0.0,1,8,0.0,1,8,0.0,1,8,0.0,1,8,0.0,1,8,-0.0,1,8,-9900,?,9,-9900,?,9,12.42,E,8,10.22,E,8,86.0,E,8,872.5394,E,8,999.0,E,8,0.8,E,8,-9900,?,9,-9900,?,9,0.0,E,8,-9900,?,9,-9900,?,9,0.0,0.0,E,8
09/22/2015,01:00,0.0,1355.052,0.0,1,8,0.0,1,8,0.0,1,8,0.0,1,8,0.0,1,8,0.0,1,8,-0.0,1,8,-9900,?,9,-9900,?,9,12.06,E,8,10.17,E,8,88.0,E,8,872.5394,E,8,999.0,E,8,0.8,E,8,-9900,?,9,-9900,?,9,0.0,E,8,-9900,?,9,-9900,?,9,0.0,0.0,E,8
09/22/2015,02:00,0.0,1355.052,0.0,1,8,0.0,1,8,0.0,1,8,0.0,1,8,0.0,1,8,0.0,1,8,-0.0,1,8,-9900,?,9,-9900,?,9,11.71,E,8,10.12,E,8,89.0,E,8,872.5394,E,8,999.0,E,8,0.8,E,8,-9900,?,9,-9900,?,9,0.0,E,8,-9900,?,9,-9900,?,9,0.0,0.0,E,8
09/22/2015,03:00,0.0,1355.052,0.0,1,8,0.0,1,8,0.0,1,8,0.0,1,8,0.0,1,8,0.0,1,8,-0.0,1,8,-9900,?,9,-9900,?,9,11.36,E,8,10.08,E,8,96.0,E,8,872.5394,E,8,999.0,E,8,0.8,E,8,-9900,?,9,-9900,?,9,0.098,E,8,-9900,?,9,-9900,?,9,0.98,99.0,E,8
09/22/2015,04:00,0.0,1355.824,0.0,1,8,0.0,1,8,0.0,1,8,0.0,1,8,0.0,1,8,0.0,1,8,-0.0,1,8,-9900,?,9,-9900,?,9,11.0,E,8,10.03,E,8,98.0,E,8,872.5394,E,8,999.0,E,8,0.8,E,8,-9900,?,9,-9900,?,9,0.002,E,8,-9900,?,9,-9900,?,9,0.02,99.0,E,8
09/22/2015,05:00,0.0,1355.824,0.0,1,8,0.0,1,8,0.0,1,8,0.0,1,8,0.0,1,8,0.0,1,8,-0.0,1,8,-9900,?,9,-9900,?,9,10.65,E,8,9.98,E,8,95.0,E,8,872.5394,E,8,999.0,E,8,0.8,E,8,-9900,?,9,-9900,?,9,0.0,E,8,-9900,?,9,-9900,?,9,0.0,0.0,E,8
09/22/2015,06:00,0.0,1355.824,0.0,1,8,0.0,1,8,0.0,1,8,0.0,1,8,0.0,1,8,0.0,1,8,-0.0,1,8,-9900,?,9,-9900,?,9,10.38,E,8,9.95,E,8,97.0,E,8,872.5394,E,8,999.0,E,8,0.8,E,8,-9900,?,9,-9900,?,9,0.0,E,8,-9900,?,9,-9900,?,9,0.0,0.0,E,8
09/22/2015,07:00,262.713,1355.824,8.41,1,8,0.0,1,8,8.41,1,8,1009.2,1,8,0.0,1,8,925.1,1,8,13.916,1,8,-9900,?,9,-9900,?,9,10.14,E,8,9.92,E,8,98.0,E,8,872.5394,E,8,999.0,E,8,0.8,E,8,-9900,?,9,-9900,?,9,0.0,E,8,-9900,?,9,-9900,?,9,0.0,0.0,E,8
09/22/2015,08:00,572.871,1355.824,101.83,1,8,0.0,1,8,101.83,1,8,12219.6,1,8,0.0,1,8,11201.3,1,8,76.817,1,8,-9900,?,9,-9900,?,9,9.91,E,8,9.89,E,8,99.0,E,8,872.5394,E,8,999.0,E,8,0.8,E,8,-9900,?,9,-9900,?,9,0.0,E,8,-9900,?,9,-9900,?,9,0.0,0.0,E,8
09/22/2015,09:00,844.504,1355.824,203.31,1,8,3.781,1,8,200.956,1,8,24397.2,1,8,359.198,1,8,22105.159,1,8,102.743,1,8,-9900,?,9,-9900,?,9,14.42,E,8,10.47,E,8,77.0,E,8,872.5394,E,8,999.0,E,8,0.8,E,8,-9900,?,9,-9900,?,9,0.0,E,8,-9900,?,9,-9900,?,9,0.0,0.0,E,8
09/22/2015,10:00,1058.512,1355.824,289.91,1,8,4.276,1,8,286.572,1,8,34789.2,1,8,406.216,1,8,31522.956,1,8,116.862,1,8,-9900,?,9,-9900,?,9,15.77,E,8,10.65,E,8,71.0,E,8,872.5394,E,8,999.0,E,8,0.8,E,8,-9900,?,9,-9900,?,9,0.0,E,8,-9900,?,9,-9900,?,9,0.0,0.0,E,8
09/22/2015,11:00,1200.201,1355.824,353.77,1,8,7.067,1,8,347.514,1,8,42452.4,1,8,671.412,1,8,38226.566,1,8,124.97,1,8,-9900,?,9,-9900,?,9,16.92,E,8,10.79,E,8,67.0,E,8,872.5394,E,8,999.0,E,8,0.8,E,8,-9900,?,9,-9900,?,9,0.0,E,8,-9900,?,9,-9900,?,9,0.0,0.0,E,8
09/22/2015,12:00,1259.882,1355.824,390.02,1,8,8.857,1,8,381.79,1,8,46802.4,1,8,841.381,1,8,41996.95,1,8,130.788,1,8,-9900,?,9,-9900,?,9,17.82,E,8,10.91,E,8,63.0,E,8,872.5394,E,8,999.0,E,8,0.8,E,8,-9900,?,9,-9900,?,9,0.0,E,8,-9900,?,9,-9900,?,9,0.0,0.0,E,8
09/22/2015,13:00,1233.486,1355.824,396.02,1,8,28.054,1,8,370.499,1,8,47522.4,1,8,2665.096,1,8,40754.916,1,8,129.638,1,8,-9900,?,9,-9900,?,9,18.45,E,8,10.98,E,8,61.0,E,8,872.5394,E,8,999.0,E,8,0.8,E,8,-9900,?,9,-9900,?,9,0.0,E,8,-9900,?,9,-9900,?,9,0.0,0.0,E,8
09/22/2015,14:00,1122.826,1355.824,371.33,1,8,22.977,1,8,352.304,1,8,44559.6,1,8,2182.818,1,8,38753.453,1,8,135.431,1,8,-9900,?,9,-9900,?,9,18.8,E,8,11.03,E,8,60.0,E,8,872.5394,E,8,999.0,E,8,0.8,E,8,-9900,?,9,-9900,?,9,0.0,E,8,-9900,?,9,-9900,?,9,0.0,0.0,E,8
09/22/2015,15:00,935.479,1355.824,317.76,1,8,22.265,1,8,302.403,1,8,38131.2,1,8,2115.138,1,8,33264.333,1,8,139.555,1,8,-9900,?,9,-9900,?,9,18.86,E,8,11.03,E,8,60.0,E,8,872.5394,E,8,999.0,E,8,0.8,E,8,-9900,?,9,-9900,?,9,0.0,E,8,-9900,?,9,-9900,?,9,0.0,0.0,E,8
09/22/2015,16:00,684.298,1355.824,137.0,1,8,0.0,1,8,137.0,1,8,16440.0,1,8,0.0,1,8,15070.0,1,8,86.477,1,8,-9900,?,9,-9900,?,9,17.93,E,8,10.92,E,8,63.0,E,8,872.5394,E,8,999.0,E,8,0.8,E,8,-9900,?,9,-9900,?,9,0.0,E,8,-9900,?,9,-9900,?,9,0.0,0.0,E,8
09/22/2015,17:00,386.696,1355.824,116.8,1,8,52.318,1,8,101.927,1,8,14016.0,1,8,4970.196,1,8,11211.958,1,8,114.127,1,8,-9900,?,9,-9900,?,9,17.09,E,8,10.81,E,8,66.0,E,8,872.5394,E,8,999.0,E,8,0.8,E,8,-9900,?,9,-9900,?,9,0.0,E,8,-9900,?,9,-9900,?,9,0.0,0.0,E,8
09/22/2015,18:00,66.563,1355.824,39.69,1,8,0.0,1,8,39.69,1,8,4762.8,1,8,0.0,1,8,4365.9,1,8,282.178,1,8,-9900,?,9,-9900,?,9,16.05,E,8,10.68,E,8,70.0,E,8,872.5394,E,8,999.0,E,8,0.8,E,8,-9900,?,9,-9900,?,9,0.0,E,8,-9900,?,9,-9900,?,9,0.0,0.0,E,8
09/22/2015,19:00,0.0,1355.824,0.0,1,8,0.0,1,8,0.0,1,8,0.0,1,8,0.0,1,8,0.0,1,8,-0.0,1,8,-9900,?,9,-9900,?,9,15.65,E,8,10.63,E,8,72.0,E,8,872.5394,E,8,999.0,E,8,0.8,E,8,-9900,?,9,-9900,?,9,0.0,E,8,-9900,?,9,-9900,?,9,0.0,0.0,E,8
09/22/2015,20:00,0.0,1355.824,0.0,1,8,0.0,1,8,0.0,1,8,0.0,1,8,0.0,1,8,0.0,1,8,-0.0,1,8,-9900,?,9,-9900,?,9,15.24,E,8,10.58,E,8,73.0,E,8,872.5394,E,8,999.0,E,8,0.8,E,8,-9900,?,9,-9900,?,9,0.0,E,8,-9900,?,9,-9900,?,9,0.0,0.0,E,8
09/22/2015,21:00,0.0,1355.824,0.0,1,8,0.0,1,8,0.0,1,8,0.0,1,8,0.0,1,8,0.0,1,8,-0.0,1,8,-9900,?,9,-9900,?,9,14.84,E,8,10.53,E,8,75.0,E,8,872.5394,E,8,999.0,E,8,0.8,E,8,-9900,?,9,-9900,?,9,0.0,E,8,-9900,?,9,-9900,?,9,0.0,0.0,E,8
09/22/2015,22:00,0.0,1355.824,0.0,1,8,0.0,1,8,0.0,1,8,0.0,1,8,0.0,1,8,0.0,1,8,-0.0,1,8,-9900,?,9,-9900,?,9,14.44,E,8,10.48,E,8,77.0,E,8,872.5394,E,8,999.0,E,8,0.8,E,8,-9900,?,9,-9900,?,9,0.0,E,8,-9900,?,9,-9900,?,9,0.0,0.0,E,8
09/22/2015,23:00,0.0,1355.824,0.0,1,8,0.0,1,8,0.0,1,8,0.0,1,8,0.0,1,8,0.0,1,8,-0.0,1,8,-9900,?,9,-9900,?,9,14.03,E,8,10.42,E,8,78.0,E,8,872.5394,E,8,999.0,E,8,0.8,E,8,-9900,?,9,-9900,?,9,0.0,E,8,-9900,?,9,-9900,?,9,0.0,0.0,E,8
09/22/2015,24:00,0.0,1355.824,0.0,1,8,0.0,1,8,0.0,1,8,0.0,1,8,0.0,1,8,0.0,1,8,-0.0,1,8,-9900,?,9,-9900,?,9,13.63,E,8,11.48,E,8,86.0,E,8,872.5394,E,8,999.0,E,8,0.22,E,8,-9900,?,9,-9900,?,9,0.0,E,8,-9900,?,9,-9900,?,9,0.0,0.0,E,8
09/23/2015,01:00,0.0,1355.824,0.0,1,8,0.0,1,8,0.0,1,8,0.0,1,8,0.0,1,8,0.0,1,8,-0.0,1,8,-9900,?,9,-9900,?,9,13.43,E,8,11.47,E,8,87.0,E,8,872.5394,E,8,999.0,E,8,0.22,E,8,-9900,?,9,-9900,?,9,0.0,E,8,-9900,?,9,-9900,?,9,0.0,0.0,E,8
09/23/2015,02:00,0.0,1355.824,0.0,1,8,0.0,1,8,0.0,1,8,0.0,1,8,0.0,1,8,0.0,1,8,-0.0,1,8,-9900,?,9,-9900,?,9,13.23,E,8,11.46,E,8,89.0,E,8,872.5394,E,8,999.0,E,8,0.22,E,8,-9900,?,9,-9900,?,9,0.0,E,8,-9900,?,9,-9900,?,9,0.0,0.0,E,8
09/23/2015,03:00,0.0,1355.824,0.0,1,8,0.0,1,8,0.0,1,8,0.0,1,8,0.0,1,8,0.0,1,8,-0.0,1,8,-9900,?,9,-9900,?,9,13.02,E,8,11.45,E,8,90.0,E,8,872.5394,E,8,999.0,E,8,0.22,E,8,-9900,?,9,-9900,?,9,0.0,E,8,-9900,?,9,-9900,?,9,0.0,0.0,E,8
09/23/2015,04:00,0.0,1356.6,0.0,1,8,0.0,1,8,0.0,1,8,0.0,1,8,0.0,1,8,0.0,1,8,-0.0,1,8,-9900,?,9,-9900,?,9,12.82,E,8,11.43,E,8,91.0,E,8,872.5394,E,8,999.0,E,8,0.22,E,8,-9900,?,9,-9900,?,9,0.0,E,8,-9900,?,9,-9900,?,9,0.0,0.0,E,8
09/23/2015,05:00,0.0,1356.6,0.0,1,8,0.0,1,8,0.0,1,8,0.0,1,8,0.0,1,8,0.0,1,8,-0.0,1,8,-9900,?,9,-9900,?,9,12.62,E,8,11.42,E,8,92.0,E,8,872.5394,E,8,999.0,E,8,0.22,E,8,-9900,?,9,-9900,?,9,0.0,E,8,-9900,?,9,-9900,?,9,0.0,0.0,E,8
09/23/2015,06:00,0.0,1356.6,0.0,1,8,0.0,1,8,0.0,1,8,0.0,1,8,0.0,1,8,0.0,1,8,-0.0,1,8,-9900,?,9,-9900,?,9,12.46,E,8,11.41,E,8,93.0,E,8,872.5394,E,8,999.0,E,8,0.22,E,8,-9900,?,9,-9900,?,9,0.0,E,8,-9900,?,9,-9900,?,9,0.0,0.0,E,8
09/23/2015,07:00,268.059,1356.6,12.28,1,8,0.0,1,8,12.28,1,8,1473.6,1,8,0.0,1,8,1350.8,1,8,19.92,1,8,-9900,?,9,-9900,?,9,12.33,E,8,11.41,E,8,94.0,E,8,872.5394,E,8,999.0,E,8,0.22,E,8,-9900,?,9,-9900,?,9,0.0,E,8,-9900,?,9,-9900,?,9,0.0,0.0,E,8
09/23/2015,08:00,578.259,1356.6,136.52,1,8,1.635,1,8,135.824,1,8,16382.4,1,8,155.321,1,8,14940.641,1,8,101.561,1,8,-9900,?,9,-9900,?,9,12.2,E,8,11.4,E,8,94.0,E,8,872.5394,E,8,999.0,E,8,0.22,E,8,-9900,?,9,-9900,?,9,0.0,E,8,-9900,?,9,-9900,?,9,0.0,0.0,E,8
09/23/2015,09:00,849.77,1356.6,270.41,1,8,36.836,1,8,247.347,1,8,32449.2,1,8,3499.409,1,8,27208.127,1,8,125.749,1,8,-9900,?,9,-9900,?,9,15.85,E,8,11.62,E,8,75.0,E,8,872.5394,E,8,999.0,E,8,0.22,E,8,-9900,?,9,-9900,?,9,0.0,E,8,-9900,?,9,-9900,?,9,0.0,0.0,E,8
09/23/2015,10:00,1063.518,1356.6,384.55,1,8,24.443,1,8,365.391,1,8,46146.0,1,8,2322.114,1,8,40193.009,1,8,148.387,1,8,-9900,?,9,-9900,?,9,16.93,E,8,11.68,E,8,71.0,E,8,872.5394,E,8,999.0,E,8,0.44,E,8,-9900,?,9,-9900,?,9,0.0,E,8,-9900,?,9,-9900,?,9,0.0,0.0,E,8
09/23/2015,11:00,1204.83,1356.6,468.62,1,8,29.196,1,8,442.692,1,8,56234.4,1,8,2773.642,1,8,48696.134,1,8,158.676,1,8,-9900,?,9,-9900,?,9,17.85,E,8,11.74,E,8,67.0,E,8,872.5394,E,8,999.0,E,8,0.65,E,8,-9900,?,9,-9900,?,9,0.0,E,8,-9900,?,9,-9900,?,9,0.0,0.0,E,8
09/23/2015,12:00,1264.045,1356.6,516.23,1,8,42.123,1,8,476.982,1,8,61947.6,1,8,4001.725,1,8,52468.043,1,8,162.952,1,8,-9900,?,9,-9900,?,9,18.57,E,8,11.78,E,8,64.0,E,8,872.5394,E,8,999.0,E,8,1.38,E,8,-9900,?,9,-9900,?,9,0.0,E,8,-9900,?,9,-9900,?,9,0.0,0.0,E,8
09/23/2015,13:00,1237.125,1356.6,523.9,1,8,49.511,1,8,478.752,1,8,62868.0,1,8,4703.545,1,8,52662.73,1,8,167.119,1,8,-9900,?,9,-9900,?,9,19.07,E,8,11.81,E,8,62.0,E,8,872.5394,E,8,999.0,E,8,1.86,E,8,-9900,?,9,-9900,?,9,0.0,E,8,-9900,?,9,-9900,?,9,0.0,0.0,E,8
09/23/2015,14:00,1125.918,1356.6,491.09,1,8,123.141,1,8,388.902,1,8,58930.8,1,8,11698.361,1,8,42779.247,1,8,149.174,1,8,-9900,?,9,-9900,?,9,19.35,E,8,11.82,E,8,61.0,E,8,872.5394,E,8,999.0,E,8,1.34,E,8,-9900,?,9,-9900,?,9,0.0,E,8,-9900,?,9,-9900,?,9,0.0,0.0,E,8
09/23/2015,15:00,938.041,1356.6,420.18,1,8,103.696,1,8,348.501,1,8,50421.6,1,8,9851.078,1,8,38335.13,1,8,160.481,1,8,-9900,?,9,-9900,?,9,19.4,E,8,11.83,E,8,61.0,E,8,872.5394,E,8,999.0,E,8,2.31,E,8,-9900,?,9,-9900,?,9,0.0,E,8,-9900,?,9,-9900,?,9,0.0,0.0,E,8
09/23/2015,16:00,686.381,1356.6,316.45,1,8,146.368,1,8,242.457,1,8,37974.0,1,8,13904.939,1,8,26670.295,1,8,152.666,1,8,-9900,?,9,-9900,?,9,19.11,E,8,11.81,E,8,62.0,E,8,872.5394,E,8,999.0,E,8,2.91,E,8,-9900,?,9,-9900,?,9,0.0,E,8,-9900,?,9,-9900,?,9,0.0,0.0,E,8
09/23/2015,17:00,388.382,1356.6,188.45,1,8,267.88,1,8,112.006,1,8,22614.0,1,8,25448.594,1,8,12320.63,1,8,124.935,1,8,-9900,?,9,-9900,?,9,18.49,E,8,11.77,E,8,64.0,E,8,872.5394,E,8,999.0,E,8,2.59,E,8,-9900,?,9,-9900,?,9,0.0,E,8,-9900,?,9,-9900,?,9,0.0,0.0,E,8
09/23/2015,18:00,67.905,1356.6,52.82,1,8,0.0,1,8,52.82,1,8,6338.4,1,8,0.0,1,8,5810.2,1,8,367.211,1,8,-9900,?,9,-9900,?,9,17.61,E,8,11.72,E,8,68.0,E,8,872.5394,E,8,999.0,E,8,1.26,E,8,-9900,?,9,-9900,?,9,0.0,E,8,-9900,?,9,-9900,?,9,0.0,0.0,E,8
09/23/2015,19:00,0.0,1356.6,0.0,1,8,0.0,1,8,0.0,1,8,0.0,1,8,0.0,1,8,0.0,1,8,-0.0,1,8,-9900,?,9,-9900,?,9,16.67,E,8,11.67,E,8,72.0,E,8,872.5394,E,8,999.0,E,8,0.67,E,8,-9900,?,9,-9900,?,9,0.0,E,8,-9900,?,9,-9900,?,9,0.0,0.0,E,8
09/23/2015,20:00,0.0,1356.6,0.0,1,8,0.0,1,8,0.0,1,8,0.0,1,8,0.0,1,8,0.0,1,8,-0.0,1,8,-9900,?,9,-9900,?,9,15.74,E,8,11.61,E,8,76.0,E,8,872.5394,E,8,999.0,E,8,0.61,E,8,-9900,?,9,-9900,?,9,0.0,E,8,-9900,?,9,-9900,?,9,0.0,0.0,E,8
09/23/2015,21:00,0.0,1356.6,0.0,1,8,0.0,1,8,0.0,1,8,0.0,1,8,0.0,1,8,0.0,1,8,-0.0,1,8,-9900,?,9,-9900,?,9,14.81,E,8,11.55,E,8,80.0,E,8,872.5394,E,8,999.0,E,8,0.4,E,8,-9900,?,9,-9900,?,9,0.0,E,8,-9900,?,9,-9900,?,9,0.0,0.0,E,8
09/23/2015,22:00,0.0,1356.6,0.0,1,8,0.0,1,8,0.0,1,8,0.0,1,8,0.0,1,8,0.0,1,8,-0.0,1,8,-9900,?,9,-9900,?,9,13.88,E,8,11.5,E,8,85.0,E,8,872.5394,E,8,999.0,E,8,0.22,E,8,-9900,?,9,-9900,?,9,0.0,E,8,-9900,?,9,-9900,?,9,0.0,0.0,E,8
09/23/2015,23:00,0.0,1356.6,0.0,1,8,0.0,1,8,0.0,1,8,0.0,1,8,0.0,1,8,0.0,1,8,-0.0,1,8,-9900,?,9,-9900,?,9,12.95,E,8,11.44,E,8,90.0,E,8,872.5394,E,8,999.0,E,8,0.32,E,8,-9900,?,9,-9900,?,9,0.0,E,8,-9900,?,9,-9900,?,9,0.0,0.0,E,8
09/23/2015,24:00,0.0,1356.6,0.0,1,8,0.0,1,8,0.0,1,8,0.0,1,8,0.0,1,8,0.0,1,8,-0.0,1,8,-9900,?,9,-9900,?,9,12.01,E,8,8.0,E,8,76.0,E,8,872.5394,E,8,999.0,E,8,0.24,E,8,-9900,?,9,-9900,?,9,0.0,E,8,-9900,?,9,-9900,?,9,0.0,0.0,E,8
09/24/2015,01:00,0.0,1356.6,0.0,1,8,0.0,1,8,0.0,1,8,0.0,1,8,0.0,1,8,0.0,1,8,-0.0,1,8,-9900,?,9,-9900,?,9,11.55,E,8,8.1,E,8,79.0,E,8,872.5394,E,8,999.0,E,8,0.24,E,8,-9900,?,9,-9900,?,9,0.0,E,8,-9900,?,9,-9900,?,9,0.0,0.0,E,8
09/24/2015,02:00,0.0,1356.6,0.0,1,8,0.0,1,8,0.0,1,8,0.0,1,8,0.0,1,8,0.0,1,8,-0.0,1,8,-9900,?,9,-9900,?,9,11.08,E,8,8.2,E,8,82.0,E,8,872.5394,E,8,999.0,E,8,0.24,E,8,-9900,?,9,-9900,?,9,0.0,E,8,-9900,?,9,-9900,?,9,0.0,0.0,E,8
09/24/2015,03:00,0.0,1356.6,0.0,1,8,0.0,1,8,0.0,1,8,0.0,1,8,0.0,1,8,0.0,1,8,-0.0,1,8,-9900,?,9,-9900,?,9,10.62,E,8,8.29,E,8,85.0,E,8,872.5394,E,8,999.0,E,8,0.24,E,8,-9900,?,9,-9900,?,9,0.0,E,8,-9900,?,9,-9900,?,9,0.0,0.0,E,8
09/24/2015,04:00,0.0,1357.379,0.0,1,8,0.0,1,8,0.0,1,8,0.0,1,8,0.0,1,8,0.0,1,8,-0.0,1,8,-9900,?,9,-9900,?,9,10.15,E,8,8.39,E,8,88.0,E,8,872.5394,E,8,999.0,E,8,0.24,E,8,-9900,?,9,-9900,?,9,0.0,E,8,-9900,?,9,-9900,?,9,0.0,0.0,E,8
09/24/2015,05:00,0.0,1357.379,0.0,1,8,0.0,1,8,0.0,1,8,0.0,1,8,0.0,1,8,0.0,1,8,-0.0,1,8,-9900,?,9,-9900,?,9,9.68,E,8,8.49,E,8,92.0,E,8,872.5394,E,8,999.0,E,8,0.24,E,8,-9900,?,9,-9900,?,9,0.0,E,8,-9900,?,9,-9900,?,9,0.0,0.0,E,8
09/24/2015,06:00,0.0,1357.379,0.0,1,8,0.0,1,8,0.0,1,8,0.0,1,8,0.0,1,8,0.0,1,8,-0.0,1,8,-9900,?,9,-9900,?,9,9.32,E,8,8.56,E,8,95.0,E,8,872.5394,E,8,999.0,E,8,0.24,E,8,-9900,?,9,-9900,?,9,0.0,E,8,-9900,?,9,-9900,?,9,0.0,0.0,E,8
09/24/2015,07:00,273.392,1357.379,12.99,1,8,0.0,1,8,12.99,1,8,1558.8,1,8,0.0,1,8,1428.9,1,8,20.667,1,8,-9900,?,9,-9900,?,9,9.02,E,8,8.62,E,8,97.0,E,8,872.5394,E,8,999.0,E,8,0.24,E,8,-9900,?,9,-9900,?,9,0.0,E,8,-9900,?,9,-9900,?,9,0.0,0.0,E,8
09/24/2015,08:00,583.62,1357.379,133.14,1,8,0.401,1,8,132.968,1,8,15976.8,1,8,38.123,1,8,14626.445,1,8,98.566,1,8,-9900,?,9,-9900,?,9,8.71,E,8,8.68,E,8,99.0,E,8,872.5394,E,8,999.0,E,8,0.24,E,8,-9900,?,9,-9900,?,9,0.0,E,8,-9900,?,9,-9900,?,9,0.0,0.0,E,8
09/24/2015,09:00,854.997,1357.379,261.66,1,8,9.489,1,8,255.686,1,8,31399.2,1,8,901.455,1,8,28125.422,1,8,129.267,1,8,-9900,?,9,-9900,?,9,11.87,E,8,8.03,E,8,77.0,E,8,872.5394,E,8,999.0,E,8,0.43,E,8,-9900,?,9,-9900,?,9,0.0,E,8,-9900,?,9,-9900,?,9,0.0,0.0,E,8
09/24/2015,10:00,1068.477,1357.379,371.1,1,8,8.784,1,8,364.187,1,8,44532.0,1,8,834.435,1,8,40060.591,1,8,147.295,1,8,-9900,?,9,-9900,?,9,12.8,E,8,7.84,E,8,71.0,E,8,872.5394,E,8,999.0,E,8,0.97,E,8,-9900,?,9,-9900,?,9,0.0,E,8,-9900,?,9,-9900,?,9,0.0,0.0,E,8
09/24/2015,11:00,1209.408,1357.379,451.64,1,8,10.466,1,8,442.316,1,8,54196.8,1,8,994.229,1,8,48654.762,1,8,158.032,1,8,-9900,?,9,-9900,?,9,13.59,E,8,7.67,E,8,67.0,E,8,872.5394,E,8,999.0,E,8,0.95,E,8,-9900,?,9,-9900,?,9,0.0,E,8,-9900,?,9,-9900,?,9,0.0,0.0,E,8
09/24/2015,12:00,1268.156,1357.379,497.13,1,8,18.48,1,8,479.865,1,8,59655.6,1,8,1755.642,1,8,52785.156,1,8,163.5,1,8,-9900,?,9,-9900,?,9,14.2,E,8,7.54,E,8,64.0,E,8,872.5394,E,8,999.0,E,8,1.28,E,8,-9900,?,9,-9900,?,9,0.0,E,8,-9900,?,9,-9900,?,9,0.0,0.0,E,8
09/24/2015,13:00,1240.714,1357.379,504.27,1,8,3.649,1,8,500.934,1,8,60512.4,1,8,346.695,1,8,55102.788,1,8,174.456,1,8,-9900,?,9,-9900,?,9,14.64,E,8,7.44,E,8,61.0,E,8,872.5394,E,8,999.0,E,8,2.35,E,8,-9900,?,9,-9900,?,9,0.0,E,8,-9900,?,9,-9900,?,9,0.0,0.0,E,8
09/24/2015,14:00,1128.967,1357.379,472.54,1,8,69.275,1,8,414.93,1,8,56704.8,1,8,6581.092,1,8,45642.303,1,8,158.819,1,8,-9900,?,9,-9900,?,9,14.87,E,8,7.39,E,8,60.0,E,8,872.5394,E,8,999.0,E,8,2.1,E,8,-9900,?,9,-9900,?,9,0.0,E,8,-9900,?,9,-9900,?,9,0.0,0.0,E,8
09/24/2015,15:00,940.569,1357.379,404.25,1,8,104.965,1,8,331.54,1,8,48510.0,1,8,9971.696,1,8,36469.348,1,8,152.347,1,8,-9900,?,9,-9900,?,9,14.91,E,8,7.38,E,8,60.0,E,8,872.5394,E,8,999.0,E,8,2.48,E,8,-9900,?,9,-9900,?,9,0.0,E,8,-9900,?,9,-9900,?,9,0.0,0.0,E,8
09/24/2015,16:00,688.443,1357.379,304.49,1,8,120.71,1,8,243.32,1,8,36538.8,1,8,11467.417,1,8,26765.146,1,8,152.837,1,8,-9900,?,9,-9900,?,9,14.66,E,8,7.44,E,8,61.0,E,8,872.5394,E,8,999.0,E,8,1.8,E,8,-9900,?,9,-9900,?,9,0.0,E,8,-9900,?,9,-9900,?,9,0.0,0.0,E,8
09/24/2015,17:00,390.064,1357.379,181.47,1,8,199.767,1,8,124.247,1,8,21776.4,1,8,18977.909,1,8,13667.216,1,8,138.069,1,8,-9900,?,9,-9900,?,9,14.13,E,8,7.55,E,8,64.0,E,8,872.5394,E,8,999.0,E,8,2.0,E,8,-9900,?,9,-9900,?,9,0.0,E,8,-9900,?,9,-9900,?,9,0.0,0.0,E,8
09/24/2015,18:00,69.258,1357.379,51.15,1,8,0.0,1,8,51.15,1,8,6138.0,1,8,0.0,1,8,5626.5,1,8,347.852,1,8,-9900,?,9,-9900,?,9,13.36,E,8,7.72,E,8,68.0,E,8,872.5394,E,8,999.0,E,8,1.14,E,8,-9900,?,9,-9900,?,9,0.0,E,8,-9900,?,9,-9900,?,9,0.0,0.0,E,8
09/24/2015,19:00,0.0,1357.379,0.0,1,8,0.0,1,8,0.0,1,8,0.0,1,8,0.0,1,8,0.0,1,8,-0.0,1,8,-9900,?,9,-9900,?,9,12.75,E,8,7.85,E,8,72.0,E,8,872.5394,E,8,999.0,E,8,0.52,E,8,-9900,?,9,-9900,?,9,0.0,E,8,-9900,?,9,-9900,?,9,0.0,0.0,E,8
09/24/2015,20:00,0.0,1357.379,0.0,1,8,0.0,1,8,0.0,1,8,0.0,1,8,0.0,1,8,0.0,1,8,-0.0,1,8,-9900,?,9,-9900,?,9,12.13,E,8,7.98,E,8,75.0,E,8,872.5394,E,8,999.0,E,8,0.24,E,8,-9900,?,9,-9900,?,9,0.0,E,8,-9900,?,9,-9900,?,9,0.0,0.0,E,8
09/24/2015,21:00,0.0,1357.379,0.0,1,8,0.0,1,8,0.0,1,8,0.0,1,8,0.0,1,8,0.0,1,8,-0.0,1,8,-9900,?,9,-9900,?,9,11.51,E,8,8.11,E,8,79.0,E,8,872.5394,E,8,999.0,E,8,0.24,E,8,-9900,?,9,-9900,?,9,0.0,E,8,-9900,?,9,-9900,?,9,0.0,0.0,E,8
09/24/2015,22:00,0.0,1357.379,0.0,1,8,0.0,1,8,0.0,1,8,0.0,1,8,0.0,1,8,0.0,1,8,-0.0,1,8,-9900,?,9,-9900,?,9,10.89,E,8,8.24,E,8,83.0,E,8,872.5394,E,8,999.0,E,8,0.24,E,8,-9900,?,9,-9900,?,9,0.0,E,8,-9900,?,9,-9900,?,9,0.0,0.0,E,8
09/24/2015,23:00,0.0,1357.379,0.0,1,8,0.0,1,8,0.0,1,8,0.0,1,8,0.0,1,8,0.0,1,8,-0.0,1,8,-9900,?,9,-9900,?,9,10.27,E,8,8.37,E,8,87.0,E,8,872.5394,E,8,999.0,E,8,0.24,E,8,-9900,?,9,-9900,?,9,0.0,E,8,-9900,?,9,-9900,?,9,0.0,0.0,E,8
09/24/2015,24:00,0.0,1357.379,0.0,1,8,0.0,1,8,0.0,1,8,0.0,1,8,0.0,1,8,0.0,1,8,-0.0,1,8,-9900,?,9,-9900,?,9,9.65,E,8,5.46,E,8,75.0,E,8,872.5394,E,8,999.0,E,8,0.47,E,8,-9900,?,9,-9900,?,9,0.0,E,8,-9900,?,9,-9900,?,9,0.0,0.0,E,8
09/25/2015,01:00,0.0,1357.379,0.0,1,8,0.0,1,8,0.0,1,8,0.0,1,8,0.0,1,8,0.0,1,8,-0.0,1,8,-9900,?,9,-9900,?,9,9.34,E,8,5.47,E,8,76.0,E,8,872.5394,E,8,999.0,E,8,0.47,E,8,-9900,?,9,-9900,?,9,0.0,E,8,-9900,?,9,-9900,?,9,0.0,0.0,E,8
09/25/2015,02:00,0.0,1357.379,0.0,1,8,0.0,1,8,0.0,1,8,0.0,1,8,0.0,1,8,0.0,1,8,-0.0,1,8,-9900,?,9,-9900,?,9,9.03,E,8,5.47,E,8,78.0,E,8,872.5394,E,8,999.0,E,8,0.47,E,8,-9900,?,9,-9900,?,9,0.0,E,8,-9900,?,9,-9900,?,9,0.0,0.0,E,8
09/25/2015,03:00,0.0,1357.379,0.0,1,8,0.0,1,8,0.0,1,8,0.0,1,8,0.0,1,8,0.0,1,8,-0.0,1,8,-9900,?,9,-9900,?,9,8.72,E,8,5.48,E,8,80.0,E,8,872.5394,E,8,999.0,E,8,0.47,E,8,-9900,?,9,-9900,?,9,0.0,E,8,-9900,?,9,-9900,?,9,0.0,0.0,E,8
09/25/2015,04:00,0.0,1358.162,0.0,1,8,0.0,1,8,0.0,1,8,0.0,1,8,0.0,1,8,0.0,1,8,-0.0,1,8,-9900,?,9,-9900,?,9,8.41,E,8,5.49,E,8,81.0,E,8,872.5394,E,8,999.0,E,8,0.47,E,8,-9900,?,9,-9900,?,9,0.0,E,8,-9900,?,9,-9900,?,9,0.0,0.0,E,8
09/25/2015,05:00,0.0,1358.162,0.0,1,8,0.0,1,8,0.0,1,8,0.0,1,8,0.0,1,8,0.0,1,8,-0.0,1,8,-9900,?,9,-9900,?,9,8.1,E,8,5.49,E,8,83.0,E,8,872.5394,E,8,999.0,E,8,0.47,E,8,-9900,?,9,-9900,?,9,0.0,E,8,-9900,?,9,-9900,?,9,0.0,0.0,E,8
09/25/2015,06:00,0.0,1358.162,0.0,1,8,0.0,1,8,0.0,1,8,0.0,1,8,0.0,1,8,0.0,1,8,-0.0,1,8,-9900,?,9,-9900,?,9,7.86,E,8,5.5,E,8,85.0,E,8,872.5394,E,8,999.0,E,8,0.47,E,8,-9900,?,9,-9900,?,9,0.0,E,8,-9900,?,9,-9900,?,9,0.0,0.0,E,8
09/25/2015,07:00,278.71,1358.162,20.23,1,8,0.0,1,8,20.23,1,8,2427.6,1,8,0.0,1,8,2225.3,1,8,31.582,1,8,-9900,?,9,-9900,?,9,7.66,E,8,5.5,E,8,86.0,E,8,872.5394,E,8,999.0,E,8,0.47,E,8,-9900,?,9,-9900,?,9,0.0,E,8,-9900,?,9,-9900,?,9,0.0,0.0,E,8
09/25/2015,08:00,588.951,1358.162,192.35,1,8,63.658,1,8,164.78,1,8,23082.0,1,8,6047.542,1,8,18125.807,1,8,121.108,1,8,-9900,?,9,-9900,?,9,7.46,E,8,5.51,E,8,87.0,E,8,872.5394,E,8,999.0,E,8,0.47,E,8,-9900,?,9,-9900,?,9,0.0,E,8,-9900,?,9,-9900,?,9,0.0,0.0,E,8
09/25/2015,09:00,860.183,1358.162,375.18,1,8,87.622,1,8,319.71,1,8,45021.6,1,8,8324.055,1,8,35168.073,1,8,160.752,1,8,-9900,?,9,-9900,?,9,11.89,E,8,5.41,E,8,64.0,E,8,872.5394,E,8,999.0,E,8,0.47,E,8,-9900,?,9,-9900,?,9,0.0,E,8,-9900,?,9,-9900,?,9,0.0,0.0,E,8
09/25/2015,10:00,1073.387,1358.162,530.71,1,8,144.353,1,8,416.645,1,8,63685.2,1,8,13713.507,1,8,45830.934,1,8,167.837,1,8,-9900,?,9,-9900,?,9,13.18,E,8,5.38,E,8,59.0,E,8,872.5394,E,8,999.0,E,8,0.47,E,8,-9900,?,9,-9900,?,9,0.0,E,8,-9900,?,9,-9900,?,9,0.0,0.0,E,8
09/25/2015,11:00,1213.932,1358.162,645.03,1,8,170.417,1,8,492.722,1,8,77403.6,1,8,16189.581,1,8,54199.419,1,8,175.486,1,8,-9900,?,9,-9900,?,9,14.27,E,8,5.36,E,8,55.0,E,8,872.5394,E,8,999.0,E,8,0.47,E,8,-9900,?,9,-9900,?,9,0.0,E,8,-9900,?,9,-9900,?,9,0.0,0.0,E,8
09/25/2015,12:00,1272.212,1358.162,709.45,1,8,12.789,1,8,697.471,1,8,85134.0,1,8,1214.965,1,8,76721.781,1,8,237.021,1,8,-9900,?,9,-9900,?,9,15.13,E,8,5.34,E,8,51.0,E,8,872.5394,E,8,999.0,E,8,0.47,E,8,-9900,?,9,-9900,?,9,0.0,E,8,-9900,?,9,-9900,?,9,0.0,0.0,E,8
09/25/2015,13:00,1244.252,1358.162,719.29,1,8,253.312,1,8,487.237,1,8,86314.8,1,8,24064.605,1,8,53596.057,1,8,169.3,1,8,-9900,?,9,-9900,?,9,15.72,E,8,5.33,E,8,49.0,E,8,872.5394,E,8,999.0,E,8,1.06,E,8,-9900,?,9,-9900,?,9,0.0,E,8,-9900,?,9,-9900,?,9,0.0,0.0,E,8
09/25/2015,14:00,1131.974,1358.162,673.83,1,8,290.321,1,8,431.89,1,8,80859.6,1,8,27580.504,1,8,47507.928,1,8,164.966,1,8,-9900,?,9,-9900,?,9,16.05,E,8,5.32,E,8,48.0,E,8,872.5394,E,8,999.0,E,8,1.39,E,8,-9900,?,9,-9900,?,9,0.0,E,8,-9900,?,9,-9900,?,9,0.0,0.0,E,8
09/25/2015,15:00,943.066,1358.162,576.37,1,8,386.83,1,8,307.852,1,8,69164.4,1,8,36748.82,1,8,33863.732,1,8,141.169,1,8,-9900,?,9,-9900,?,9,16.1,E,8,5.32,E,8,48.0,E,8,872.5394,E,8,999.0,E,8,2.51,E,8,-9900,?,9,-9900,?,9,0.0,E,8,-9900,?,9,-9900,?,9,0.0,0.0,E,8
09/25/2015,16:00,690.487,1358.162,434.19,1,8,504.336,1,8,178.002,1,8,52102.8,1,8,47911.878,1,8,19580.209,1,8,111.541,1,8,-9900,?,9,-9900,?,9,15.75,E,8,5.33,E,8,49.0,E,8,872.5394,E,8,999.0,E,8,2.69,E,8,-9900,?,9,-9900,?,9,0.0,E,8,-9900,?,9,-9900,?,9,0.0,0.0,E,8
09/25/2015,17:00,391.741,1358.162,258.97,1,8,507.862,1,8,112.95,1,8,31076.4,1,8,48246.912,1,8,12424.473,1,8,125.046,1,8,-9900,?,9,-9900,?,9,15.0,E,8,5.34,E,8,52.0,E,8,872.5394,E,8,999.0,E,8,1.99,E,8,-9900,?,9,-9900,?,9,0.0,E,8,-9900,?,9,-9900,?,9,0.0,0.0,E,8
09/25/2015,18:00,70.623,1358.162,73.38,1,8,0.0,1,8,73.38,1,8,8805.6,1,8,0.0,1,8,8071.8,1,8,488.314,1,8,-9900,?,9,-9900,?,9,13.94,E,8,5.37,E,8,56.0,E,8,872.5394,E,8,999.0,E,8,0.98,E,8,-9900,?,9,-9900,?,9,0.0,E,8,-9900,?,9,-9900,?,9,0.0,0.0,E,8
09/25/2015,19:00,0.0,1358.162,0.0,1,8,0.0,1,8,0.0,1,8,0.0,1,8,0.0,1,8,0.0,1,8,-0.0,1,8,-9900,?,9,-9900,?,9,13.22,E,8,5.38,E,8,58.0,E,8,872.5394,E,8,999.0,E,8,0.54,E,8,-9900,?,9,-9900,?,9,0.0,E,8,-9900,?,9,-9900,?,9,0.0,0.0,E,8
09/25/2015,20:00,0.0,1358.162,0.0,1,8,0.0,1,8,0.0,1,8,0.0,1,8,0.0,1,8,0.0,1,8,-0.0,1,8,-9900,?,9,-9900,?,9,12.5,E,8,5.4,E,8,61.0,E,8,872.5394,E,8,999.0,E,8,0.47,E,8,-9900,?,9,-9900,?,9,0.0,E,8,-9900,?,9,-9900,?,9,0.0,0.0,E,8
09/25/2015,21:00,0.0,1358.162,0.0,1,8,0.0,1,8,0.0,1,8,0.0,1,8,0.0,1,8,0.0,1,8,-0.0,1,8,-9900,?,9,-9900,?,9,11.77,E,8,5.42,E,8,65.0,E,8,872.5394,E,8,999.0,E,8,0.47,E,8,-9900,?,9,-9900,?,9,0.0,E,8,-9900,?,9,-9900,?,9,0.0,0.0,E,8
09/25/2015,22:00,0.0,1358.162,0.0,1,8,0.0,1,8,0.0,1,8,0.0,1,8,0.0,1,8,0.0,1,8,-0.0,1,8,-9900,?,9,-9900,?,9,11.05,E,8,5.43,E,8,68.0,E,8,872.5394,E,8,999.0,E,8,0.47,E,8,-9900,?,9,-9900,?,9,0.0,E,8,-9900,?,9,-9900,?,9,0.0,0.0,E,8
09/25/2015,23:00,0.0,1358.162,0.0,1,8,0.0,1,8,0.0,1,8,0.0,1,8,0.0,1,8,0.0,1,8,-0.0,1,8,-9900,?,9,-9900,?,9,10.32,E,8,5.45,E,8,71.0,E,8,872.5394,E,8,999.0,E,8,0.47,E,8,-9900,?,9,-9900,?,9,0.0,E,8,-9900,?,9,-9900,?,9,0.0,0.0,E,8
09/25/2015,24:00,0.0,1358.162,0.0,1,8,0.0,1,8,0.0,1,8,0.0,1,8,0.0,1,8,0.0,1,8,-0.0,1,8,-9900,?,9,-9900,?,9,9.6,E,8,5.83,E,8,77.0,E,8,872.5394,E,8,999.0,E,8,0.44,E,8,-9900,?,9,-9900,?,9,0.0,E,8,-9900,?,9,-9900,?,9,0.0,0.0,E,8
09/26/2015,01:00,0.0,1358.162,0.0,1,8,0.0,1,8,0.0,1,8,0.0,1,8,0.0,1,8,0.0,1,8,-0.0,1,8,-9900,?,9,-9900,?,9,9.24,E,8,5.78,E,8,78.0,E,8,872.5394,E,8,999.0,E,8,0.44,E,8,-9900,?,9,-9900,?,9,0.0,E,8,-9900,?,9,-9900,?,9,0.0,0.0,E,8
09/26/2015,02:00,0.0,1358.162,0.0,1,8,0.0,1,8,0.0,1,8,0.0,1,8,0.0,1,8,0.0,1,8,-0.0,1,8,-9900,?,9,-9900,?,9,8.87,E,8,5.73,E,8,80.0,E,8,872.5394,E,8,999.0,E,8,0.44,E,8,-9900,?,9,-9900,?,9,0.0,E,8,-9900,?,9,-9900,?,9,0.0,0.0,E,8
09/26/2015,03:00,0.0,1358.162,0.0,1,8,0.0,1,8,0.0,1,8,0.0,1,8,0.0,1,8,0.0,1,8,-0.0,1,8,-9900,?,9,-9900,?,9,8.51,E,8,5.69,E,8,82.0,E,8,872.5394,E,8,999.0,E,8,0.44,E,8,-9900,?,9,-9900,?,9,0.0,E,8,-9900,?,9,-9900,?,9,0.0,0.0,E,8
09/26/2015,04:00,0.0,1358.948,0.0,1,8,0.0,1,8,0.0,1,8,0.0,1,8,0.0,1,8,0.0,1,8,-0.0,1,8,-9900,?,9,-9900,?,9,8.15,E,8,5.64,E,8,84.0,E,8,872.5394,E,8,999.0,E,8,0.44,E,8,-9900,?,9,-9900,?,9,0.0,E,8,-9900,?,9,-9900,?,9,0.0,0.0,E,8
09/26/2015,05:00,0.0,1358.948,0.0,1,8,0.0,1,8,0.0,1,8,0.0,1,8,0.0,1,8,0.0,1,8,-0.0,1,8,-9900,?,9,-9900,?,9,7.83,E,8,5.6,E,8,85.0,E,8,872.5394,E,8,999.0,E,8,0.44,E,8,-9900,?,9,-9900,?,9,0.0,E,8,-9900,?,9,-9900,?,9,0.0,0.0,E,8
09/26/2015,06:00,0.0,1358.948,0.0,1,8,0.0,1,8,0.0,1,8,0.0,1,8,0.0,1,8,0.0,1,8,-0.0,1,8,-9900,?,9,-9900,?,9,7.59,E,8,5.56,E,8,86.0,E,8,872.5394,E,8,999.0,E,8,0.44,E,8,-9900,?,9,-9900,?,9,0.0,E,8,-9900,?,9,-9900,?,9,0.0,0.0,E,8
09/26/2015,07:00,284.01,1358.948,22.21,1,8,0.0,1,8,22.21,1,8,2665.2,1,8,0.0,1,8,2443.1,1,8,34.038,1,8,-9900,?,9,-9900,?,9,7.35,E,8,5.53,E,8,88.0,E,8,872.5394,E,8,999.0,E,8,0.44,E,8,-9900,?,9,-9900,?,9,0.0,E,8,-9900,?,9,-9900,?,9,0.0,0.0,E,8
09/26/2015,08:00,594.25,1358.948,196.8,1,8,67.957,1,8,167.12,1,8,23616.0,1,8,6455.907,1,8,18383.203,1,8,121.8,1,8,-9900,?,9,-9900,?,9,9.5,E,8,5.82,E,8,77.0,E,8,872.5394,E,8,999.0,E,8,0.44,E,8,-9900,?,9,-9900,?,9,0.0,E,8,-9900,?,9,-9900,?,9,0.0,0.0,E,8
09/26/2015,09:00,865.324,1358.948,381.01,1,8,90.68,1,8,323.293,1,8,45721.2,1,8,8614.604,1,8,35562.272,1,8,161.681,1,8,-9900,?,9,-9900,?,9,11.27,E,8,6.04,E,8,70.0,E,8,872.5394,E,8,999.0,E,8,0.44,E,8,-9900,?,9,-9900,?,9,0.0,E,8,-9900,?,9,-9900,?,9,0.0,0.0,E,8
09/26/2015,10:00,1078.245,1358.948,537.56,1,8,148.814,1,8,419.505,1,8,64507.2,1,8,14137.315,1,8,46145.599,1,8,168.325,1,8,-9900,?,9,-9900,?,9,12.93,E,8,6.26,E,8,63.0,E,8,872.5394,E,8,999.0,E,8,0.44,E,8,-9900,?,9,-9900,?,9,0.0,E,8,-9900,?,9,-9900,?,9,0.0,0.0,E,8
09/26/2015,11:00,1218.401,1358.948,652.51,1,8,175.52,1,8,495.154,1,8,78301.2,1,8,16674.412,1,8,54466.95,1,8,175.806,1,8,-9900,?,9,-9900,?,9,14.37,E,8,6.44,E,8,58.0,E,8,872.5394,E,8,999.0,E,8,0.54,E,8,-9900,?,9,-9900,?,9,0.0,E,8,-9900,?,9,-9900,?,9,0.0,0.0,E,8
09/26/2015,12:00,1276.213,1358.948,717.13,1,8,13.166,1,8,704.766,1,8,86055.6,1,8,1250.759,1,8,77524.279,1,8,238.887,1,8,-9900,?,9,-9900,?,9,15.54,E,8,6.58,E,8,55.0,E,8,872.5394,E,8,999.0,E,8,0.64,E,8,-9900,?,9,-9900,?,9,0.0,E,8,-9900,?,9,-9900,?,9,0.0,0.0,E,8
09/26/2015,13:00,1247.739,1358.948,726.71,1,8,260.585,1,8,487.463,1,8,87205.2,1,8,24755.562,1,8,53620.938,1,8,169.003,1,8,-9900,?,9,-9900,?,9,16.41,E,8,6.69,E,8,52.0,E,8,872.5394,E,8,999.0,E,8,1.7,E,8,-9900,?,9,-9900,?,9,0.0,E,8,-9900,?,9,-9900,?,9,0.0,0.0,E,8
09/26/2015,14:00,1134.937,1358.948,680.58,1,8,298.339,1,8,431.451,1,8,81669.6,1,8,28342.246,1,8,47459.617,1,8,164.463,1,8,-9900,?,9,-9900,?,9,16.94,E,8,6.76,E,8,51.0,E,8,872.5394,E,8,999.0,E,8,1.41,E,8,-9900,?,9,-9900,?,9,0.0,E,8,-9900,?,9,-9900,?,9,0.0,0.0,E,8
09/26/2015,15:00,945.531,1358.948,582.07,1,8,401.878,1,8,302.538,1,8,69848.4,1,8,38178.422,1,8,33279.199,1,8,138.45,1,8,-9900,?,9,-9900,?,9,17.14,E,8,6.78,E,8,50.0,E,8,872.5394,E,8,999.0,E,8,1.96,E,8,-9900,?,9,-9900,?,9,0.0,E,8,-9900,?,9,-9900,?,9,0.0,0.0,E,8
09/26/2015,16:00,692.513,1358.948,438.54,1,8,517.279,1,8,175.157,1,8,52624.8,1,8,49141.496,1,8,19267.277,1,8,109.5,1,8,-9900,?,9,-9900,?,9,16.94,E,8,6.76,E,8,51.0,E,8,872.5394,E,8,999.0,E,8,2.9,E,8,-9900,?,9,-9900,?,9,0.0,E,8,-9900,?,9,-9900,?,9,0.0,0.0,E,8
09/26/2015,17:00,393.416,1358.948,261.78,1,8,544.165,1,8,104.74,1,8,31413.6,1,8,51695.63,1,8,11521.41,1,8,115.527,1,8,-9900,?,9,-9900,?,9,16.24,E,8,6.67,E,8,53.0,E,8,872.5394,E,8,999.0,E,8,2.32,E,8,-9900,?,9,-9900,?,9,0.0,E,8,-9900,?,9,-9900,?,9,0.0,0.0,E,8
09/26/2015,18:00,72.002,1358.948,74.58,1,8,0.0,1,8,74.58,1,8,8949.6,1,8,0.0,1,8,8203.8,1,8,485.782,1,8,-9900,?,9,-9900,?,9,15.13,E,8,6.53,E,8,56.0,E,8,872.5394,E,8,999.0,E,8,0.7,E,8,-9900,?,9,-9900,?,9,0.0,E,8,-9900,?,9,-9900,?,9,0.0,0.0,E,8
09/26/2015,19:00,0.0,1358.948,0.0,1,8,0.0,1,8,0.0,1,8,0.0,1,8,0.0,1,8,0.0,1,8,-0.0,1,8,-9900,?,9,-9900,?,9,14.3,E,8,6.43,E,8,59.0,E,8,872.5394,E,8,999.0,E,8,0.44,E,8,-9900,?,9,-9900,?,9,0.0,E,8,-9900,?,9,-9900,?,9,0.0,0.0,E,8
09/26/2015,20:00,0.0,1358.948,0.0,1,8,0.0,1,8,0.0,1,8,0.0,1,8,0.0,1,8,0.0,1,8,-0.0,1,8,-9900,?,9,-9900,?,9,13.46,E,8,6.32,E,8,61.0,E,8,872.5394,E,8,999.0,E,8,0.44,E,8,-9900,?,9,-9900,?,9,0.0,E,8,-9900,?,9,-9900,?,9,0.0,0.0,E,8
09/26/2015,21:00,0.0,1358.948,0.0,1,8,0.0,1,8,0.0,1,8,0.0,1,8,0.0,1,8,0.0,1,8,-0.0,1,8,-9900,?,9,-9900,?,9,12.62,E,8,6.22,E,8,64.0,E,8,872.5394,E,8,999.0,E,8,0.44,E,8,-9900,?,9,-9900,?,9,0.0,E,8,-9900,?,9,-9900,?,9,0.0,0.0,E,8
09/26/2015,22:00,0.0,1358.948,0.0,1,8,0.0,1,8,0.0,1,8,0.0,1,8,0.0,1,8,0.0,1,8,-0.0,1,8,-9900,?,9,-9900,?,9,11.78,E,8,6.11,E,8,68.0,E,8,872.5394,E,8,999.0,E,8,0.44,E,8,-9900,?,9,-9900,?,9,0.0,E,8,-9900,?,9,-9900,?,9,0.0,0.0,E,8
09/26/2015,23:00,0.0,1358.948,0.0,1,8,0.0,1,8,0.0,1,8,0.0,1,8,0.0,1,8,0.0,1,8,-0.0,1,8,-9900,?,9,-9900,?,9,10.94,E,8,6.0,E,8,71.0,E,8,872.5394,E,8,999.0,E,8,0.44,E,8,-9900,?,9,-9900,?,9,0.0,E,8,-9900,?,9,-9900,?,9,0.0,0.0,E,8
09/26/2015,24:00,0.0,1358.948,0.0,1,8,0.0,1,8,0.0,1,8,0.0,1,8,0.0,1,8,0.0,1,8,-0.0,1,8,-9900,?,9,-9900,?,9,10.1,E,8,6.55,E,8,78.0,E,8,872.5394,E,8,999.0,E,8,0.12,E,8,-9900,?,9,-9900,?,9,0.0,E,8,-9900,?,9,-9900,?,9,0.0,0.0,E,8
09/27/2015,01:00,0.0,1358.948,0.0,1,8,0.0,1,8,0.0,1,8,0.0,1,8,0.0,1,8,0.0,1,8,-0.0,1,8,-9900,?,9,-9900,?,9,9.68,E,8,6.58,E,8,81.0,E,8,872.5394,E,8,999.0,E,8,0.12,E,8,-9900,?,9,-9900,?,9,0.0,E,8,-9900,?,9,-9900,?,9,0.0,0.0,E,8
09/27/2015,02:00,0.0,1358.948,0.0,1,8,0.0,1,8,0.0,1,8,0.0,1,8,0.0,1,8,0.0,1,8,-0.0,1,8,-9900,?,9,-9900,?,9,9.27,E,8,6.61,E,8,83.0,E,8,872.5394,E,8,999.0,E,8,0.12,E,8,-9900,?,9,-9900,?,9,0.0,E,8,-9900,?,9,-9900,?,9,0.0,0.0,E,8
09/27/2015,03:00,0.0,1358.948,0.0,1,8,0.0,1,8,0.0,1,8,0.0,1,8,0.0,1,8,0.0,1,8,-0.0,1,8,-9900,?,9,-9900,?,9,8.85,E,8,6.64,E,8,86.0,E,8,872.5394,E,8,999.0,E,8,0.12,E,8,-9900,?,9,-9900,?,9,0.0,E,8,-9900,?,9,-9900,?,9,0.0,0.0,E,8
09/27/2015,04:00,0.0,1359.737,0.0,1,8,0.0,1,8,0.0,1,8,0.0,1,8,0.0,1,8,0.0,1,8,-0.0,1,8,-9900,?,9,-9900,?,9,8.43,E,8,6.68,E,8,88.0,E,8,872.5394,E,8,999.0,E,8,0.17,E,8,-9900,?,9,-9900,?,9,0.0,E,8,-9900,?,9,-9900,?,9,0.0,0.0,E,8
09/27/2015,05:00,0.0,1359.737,0.0,1,8,0.0,1,8,0.0,1,8,0.0,1,8,0.0,1,8,0.0,1,8,-0.0,1,8,-9900,?,9,-9900,?,9,8.06,E,8,6.7,E,8,91.0,E,8,872.5394,E,8,999.0,E,8,0.12,E,8,-9900,?,9,-9900,?,9,0.0,E,8,-9900,?,9,-9900,?,9,0.0,0.0,E,8
09/27/2015,06:00,0.0,1359.737,0.0,1,8,0.0,1,8,0.0,1,8,0.0,1,8,0.0,1,8,0.0,1,8,-0.0,1,8,-9900,?,9,-9900,?,9,7.78,E,8,6.72,E,8,92.0,E,8,872.5394,E,8,999.0,E,8,0.15,E,8,-9900,?,9,-9900,?,9,0.0,E,8,-9900,?,9,-9900,?,9,0.0,0.0,E,8
09/27/2015,07:00,289.287,1359.737,23.4,1,8,0.0,1,8,23.4,1,8,2808.0,1,8,0.0,1,8,2574.0,1,8,35.22,1,8,-9900,?,9,-9900,?,9,7.5,E,8,6.74,E,8,94.0,E,8,872.5394,E,8,999.0,E,8,0.15,E,8,-9900,?,9,-9900,?,9,0.0,E,8,-9900,?,9,-9900,?,9,0.0,0.0,E,8
09/27/2015,08:00,599.512,1359.737,193.98,1,8,60.232,1,8,167.456,1,8,23277.6,1,8,5722.061,1,8,18420.113,1,8,121.041,1,8,-9900,?,9,-9900,?,9,9.6,E,8,6.59,E,8,81.0,E,8,872.5394,E,8,999.0,E,8,0.18,E,8,-9900,?,9,-9900,?,9,0.0,E,8,-9900,?,9,-9900,?,9,0.0,0.0,E,8
09/27/2015,09:00,870.419,1359.737,372.84,1,8,80.805,1,8,321.135,1,8,44740.8,1,8,7676.494,1,8,35324.895,1,8,159.753,1,8,-9900,?,9,-9900,?,9,11.3,E,8,6.46,E,8,72.0,E,8,872.5394,E,8,999.0,E,8,0.45,E,8,-9900,?,9,-9900,?,9,0.0,E,8,-9900,?,9,-9900,?,9,0.0,0.0,E,8
09/27/2015,10:00,1083.049,1359.737,524.7,1,8,132.304,1,8,419.336,1,8,62964.0,1,8,12568.91,1,8,46126.929,1,8,167.607,1,8,-9900,?,9,-9900,?,9,12.89,E,8,6.35,E,8,64.0,E,8,872.5394,E,8,999.0,E,8,0.67,E,8,-9900,?,9,-9900,?,9,0.0,E,8,-9900,?,9,-9900,?,9,0.0,0.0,E,8
09/27/2015,11:00,1222.812,1359.737,636.08,1,8,155.793,1,8,495.985,1,8,76329.6,1,8,14800.381,1,8,54558.311,1,8,175.567,1,8,-9900,?,9,-9900,?,9,14.27,E,8,6.24,E,8,58.0,E,8,872.5394,E,8,999.0,E,8,1.0,E,8,-9900,?,9,-9900,?,9,0.0,E,8,-9900,?,9,-9900,?,9,0.0,0.0,E,8
09/27/2015,12:00,1280.157,1359.737,698.55,1,8,11.684,1,8,687.55,1,8,83826.0,1,8,1110.008,1,8,75630.495,1,8,232.468,1,8,-9900,?,9,-9900,?,9,15.39,E,8,6.16,E,8,54.0,E,8,872.5394,E,8,999.0,E,8,1.27,E,8,-9900,?,9,-9900,?,9,0.0,E,8,-9900,?,9,-9900,?,9,0.0,0.0,E,8
09/27/2015,13:00,1251.175,1359.737,707.54,1,8,13.737,1,8,694.9,1,8,84904.8,1,8,1305.043,1,8,76439.019,1,8,240.399,1,8,-9900,?,9,-9900,?,9,16.22,E,8,6.09,E,8,51.0,E,8,872.5394,E,8,999.0,E,8,2.39,E,8,-9900,?,9,-9900,?,9,0.0,E,8,-9900,?,9,-9900,?,9,0.0,0.0,E,8
09/27/2015,14:00,1137.858,1359.737,662.43,1,8,265.99,1,8,439.872,1,8,79491.6,1,8,25269.069,1,8,48385.88,1,8,167.339,1,8,-9900,?,9,-9900,?,9,16.73,E,8,6.06,E,8,49.0,E,8,872.5394,E,8,999.0,E,8,2.56,E,8,-9900,?,9,-9900,?,9,0.0,E,8,-9900,?,9,-9900,?,9,0.0,0.0,E,8
09/27/2015,15:00,947.965,1359.737,566.48,1,8,349.509,1,8,322.889,1,8,67977.6,1,8,33203.333,1,8,35517.836,1,8,147.469,1,8,-9900,?,9,-9900,?,9,16.92,E,8,6.04,E,8,48.0,E,8,872.5394,E,8,999.0,E,8,2.52,E,8,-9900,?,9,-9900,?,9,0.0,E,8,-9900,?,9,-9900,?,9,0.0,0.0,E,8
09/27/2015,16:00,694.523,1359.737,426.85,1,8,458.474,1,8,192.866,1,8,51222.0,1,8,43555.075,1,8,21215.236,1,8,120.291,1,8,-9900,?,9,-9900,?,9,16.72,E,8,6.06,E,8,49.0,E,8,872.5394,E,8,999.0,E,8,2.36,E,8,-9900,?,9,-9900,?,9,0.0,E,8,-9900,?,9,-9900,?,9,0.0,0.0,E,8
09/27/2015,17:00,395.09,1359.737,255.01,1,8,484.908,1,8,114.554,1,8,30601.2,1,8,46066.213,1,8,12600.901,1,8,125.886,1,8,-9900,?,9,-9900,?,9,16.04,E,8,6.11,E,8,51.0,E,8,872.5394,E,8,999.0,E,8,1.94,E,8,-9900,?,9,-9900,?,9,0.0,E,8,-9900,?,9,-9900,?,9,0.0,0.0,E,8
09/27/2015,18:00,73.397,1359.737,73.05,1,8,0.0,1,8,73.05,1,8,8766.0,1,8,0.0,1,8,8035.5,1,8,465.854,1,8,-9900,?,9,-9900,?,9,14.98,E,8,6.19,E,8,55.0,E,8,872.5394,E,8,999.0,E,8,1.56,E,8,-9900,?,9,-9900,?,9,0.0,E,8,-9900,?,9,-9900,?,9,0.0,0.0,E,8
09/27/2015,19:00,0.0,1359.737,0.0,1,8,0.0,1,8,0.0,1,8,0.0,1,8,0.0,1,8,0.0,1,8,-0.0,1,8,-9900,?,9,-9900,?,9,14.42,E,8,6.23,E,8,57.0,E,8,872.5394,E,8,999.0,E,8,0.48,E,8,-9900,?,9,-9900,?,9,0.0,E,8,-9900,?,9,-9900,?,9,0.0,0.0,E,8
09/27/2015,20:00,0.0,1359.737,0.0,1,8,0.0,1,8,0.0,1,8,0.0,1,8,0.0,1,8,0.0,1,8,-0.0,1,8,-9900,?,9,-9900,?,9,13.86,E,8,6.27,E,8,60.0,E,8,872.5394,E,8,999.0,E,8,0.16,E,8,-9900,?,9,-9900,?,9,0.0,E,8,-9900,?,9,-9900,?,9,0.0,0.0,E,8
09/27/2015,21:00,0.0,1359.737,0.0,1,8,0.0,1,8,0.0,1,8,0.0,1,8,0.0,1,8,0.0,1,8,-0.0,1,8,-9900,?,9,-9900,?,9,13.3,E,8,6.31,E,8,62.0,E,8,872.5394,E,8,999.0,E,8,0.14,E,8,-9900,?,9,-9900,?,9,0.0,E,8,-9900,?,9,-9900,?,9,0.0,0.0,E,8
09/27/2015,22:00,0.0,1359.737,0.0,1,8,0.0,1,8,0.0,1,8,0.0,1,8,0.0,1,8,0.0,1,8,-0.0,1,8,-9900,?,9,-9900,?,9,12.74,E,8,6.36,E,8,65.0,E,8,872.5394,E,8,999.0,E,8,0.2,E,8,-9900,?,9,-9900,?,9,0.0,E,8,-9900,?,9,-9900,?,9,0.0,0.0,E,8
09/27/2015,23:00,0.0,1359.737,0.0,1,8,0.0,1,8,0.0,1,8,0.0,1,8,0.0,1,8,0.0,1,8,-0.0,1,8,-9900,?,9,-9900,?,9,12.18,E,8,6.4,E,8,67.0,E,8,872.5394,E,8,999.0,E,8,0.24,E,8,-9900,?,9,-9900,?,9,0.0,E,8,-9900,?,9,-9900,?,9,0.0,0.0,E,8
09/27/2015,24:00,0.0,1359.737,0.0,1,8,0.0,1,8,0.0,1,8,0.0,1,8,0.0,1,8,0.0,1,8,-0.0,1,8,-9900,?,9,-9900,?,9,11.62,E,8,10.36,E,8,91.0,E,8,872.5394,E,8,999.0,E,8,4.62,E,8,-9900,?,9,-9900,?,9,0.011,E,8,-9900,?,9,-9900,?,9,0.11,99.0,E,8
09/28/2015,01:00,0.0,1359.737,0.0,1,8,0.0,1,8,0.0,1,8,0.0,1,8,0.0,1,8,0.0,1,8,-0.0,1,8,-9900,?,9,-9900,?,9,11.34,E,8,10.16,E,8,91.0,E,8,872.5394,E,8,999.0,E,8,4.54,E,8,-9900,?,9,-9900,?,9,0.007000000000000001,E,8,-9900,?,9,-9900,?,9,0.07,99.0,E,8
09/28/2015,02:00,0.0,1359.737,0.0,1,8,0.0,1,8,0.0,1,8,0.0,1,8,0.0,1,8,0.0,1,8,-0.0,1,8,-9900,?,9,-9900,?,9,11.06,E,8,9.96,E,8,89.0,E,8,872.5394,E,8,999.0,E,8,2.02,E,8,-9900,?,9,-9900,?,9,0.0,E,8,-9900,?,9,-9900,?,9,0.0,0.0,E,8
09/28/2015,03:00,0.0,1359.737,0.0,1,8,0.0,1,8,0.0,1,8,0.0,1,8,0.0,1,8,0.0,1,8,-0.0,1,8,-9900,?,9,-9900,?,9,10.78,E,8,9.76,E,8,92.0,E,8,872.5394,E,8,999.0,E,8,1.66,E,8,-9900,?,9,-9900,?,9,0.003,E,8,-9900,?,9,-9900,?,9,0.03,99.0,E,8
09/28/2015,04:00,0.0,1360.529,0.0,1,8,0.0,1,8,0.0,1,8,0.0,1,8,0.0,1,8,0.0,1,8,-0.0,1,8,-9900,?,9,-9900,?,9,10.5,E,8,9.56,E,8,89.0,E,8,872.5394,E,8,999.0,E,8,1.66,E,8,-9900,?,9,-9900,?,9,0.0,E,8,-9900,?,9,-9900,?,9,0.0,0.0,E,8
09/28/2015,05:00,0.0,1360.529,0.0,1,8,0.0,1,8,0.0,1,8,0.0,1,8,0.0,1,8,0.0,1,8,-0.0,1,8,-9900,?,9,-9900,?,9,10.25,E,8,9.38,E,8,90.0,E,8,872.5394,E,8,999.0,E,8,1.66,E,8,-9900,?,9,-9900,?,9,0.0,E,8,-9900,?,9,-9900,?,9,0.0,0.0,E,8
09/28/2015,06:00,0.0,1360.529,0.0,1,8,0.0,1,8,0.0,1,8,0.0,1,8,0.0,1,8,0.0,1,8,-0.0,1,8,-9900,?,9,-9900,?,9,10.06,E,8,9.24,E,8,90.0,E,8,872.5394,E,8,999.0,E,8,1.71,E,8,-9900,?,9,-9900,?,9,0.0,E,8,-9900,?,9,-9900,?,9,0.0,0.0,E,8
09/28/2015,07:00,294.539,1360.529,8.19,1,8,0.0,1,8,8.19,1,8,982.8,1,8,0.0,1,8,900.9,1,8,12.112,1,8,-9900,?,9,-9900,?,9,9.88,E,8,9.11,E,8,90.0,E,8,872.5394,E,8,999.0,E,8,1.66,E,8,-9900,?,9,-9900,?,9,0.0,E,8,-9900,?,9,-9900,?,9,0.0,0.0,E,8
09/28/2015,08:00,604.734,1360.529,63.79,1,8,0.0,1,8,63.79,1,8,7654.8,1,8,0.0,1,8,7016.9,1,8,45.736,1,8,-9900,?,9,-9900,?,9,10.98,E,8,9.91,E,8,89.0,E,8,872.5394,E,8,999.0,E,8,1.66,E,8,-9900,?,9,-9900,?,9,0.0,E,8,-9900,?,9,-9900,?,9,0.0,0.0,E,8
09/28/2015,09:00,875.464,1360.529,91.71,1,8,0.0,1,8,91.71,1,8,11005.2,1,8,0.0,1,8,10088.1,1,8,45.385,1,8,-9900,?,9,-9900,?,9,11.54,E,8,10.3,E,8,88.0,E,8,872.5394,E,8,999.0,E,8,1.66,E,8,-9900,?,9,-9900,?,9,0.0,E,8,-9900,?,9,-9900,?,9,0.0,0.0,E,8
09/28/2015,10:00,1087.796,1360.529,167.47,1,8,1.661,1,8,166.143,1,8,20096.4,1,8,157.753,1,8,18275.68,1,8,66.155,1,8,-9900,?,9,-9900,?,9,12.4,E,8,10.89,E,8,90.0,E,8,872.5394,E,8,999.0,E,8,1.81,E,8,-9900,?,9,-9900,?,9,0.001,E,8,-9900,?,9,-9900,?,9,0.01,99.0,E,8
09/28/2015,11:00,1227.163,1360.529,191.76,1,8,4.24,1,8,187.936,1,8,23011.2,1,8,402.777,1,8,20672.971,1,8,66.328,1,8,-9900,?,9,-9900,?,9,13.07,E,8,11.33,E,8,87.0,E,8,872.5394,E,8,999.0,E,8,1.66,E,8,-9900,?,9,-9900,?,9,0.0,E,8,-9900,?,9,-9900,?,9,0.0,0.0,E,8
09/28/2015,12:00,1284.043,1360.529,230.82,1,8,3.155,1,8,227.842,1,8,27698.4,1,8,299.728,1,8,25062.669,1,8,76.847,1,8,-9900,?,9,-9900,?,9,13.71,E,8,11.74,E,8,86.0,E,8,872.5394,E,8,999.0,E,8,2.51,E,8,-9900,?,9,-9900,?,9,0.0,E,8,-9900,?,9,-9900,?,9,0.0,0.0,E,8
09/28/2015,13:00,1254.559,1360.529,243.57,1,8,5.664,1,8,238.347,1,8,29228.4,1,8,538.118,1,8,26218.177,1,8,82.281,1,8,-9900,?,9,-9900,?,9,14.22,E,8,12.06,E,8,86.0,E,8,872.5394,E,8,999.0,E,8,1.96,E,8,-9900,?,9,-9900,?,9,0.0,E,8,-9900,?,9,-9900,?,9,0.0,0.0,E,8
09/28/2015,14:00,1140.736,1360.529,235.71,1,8,5.166,1,8,231.379,1,8,28285.2,1,8,490.731,1,8,25451.739,1,8,87.852,1,8,-9900,?,9,-9900,?,9,14.58,E,8,12.29,E,8,85.0,E,8,872.5394,E,8,999.0,E,8,2.22,E,8,-9900,?,9,-9900,?,9,0.0,E,8,-9900,?,9,-9900,?,9,0.0,0.0,E,8
09/28/2015,15:00,950.369,1360.529,192.02,1,8,1.758,1,8,190.793,1,8,23042.4,1,8,166.977,1,8,20987.187,1,8,86.968,1,8,-9900,?,9,-9900,?,9,14.71,E,8,12.37,E,8,85.0,E,8,872.5394,E,8,999.0,E,8,2.88,E,8,-9900,?,9,-9900,?,9,0.0,E,8,-9900,?,9,-9900,?,9,0.0,0.0,E,8
09/28/2015,16:00,696.517,1360.529,170.48,1,8,3.925,1,8,168.472,1,8,20457.6,1,8,372.844,1,8,18531.968,1,8,104.837,1,8,-9900,?,9,-9900,?,9,14.74,E,8,12.38,E,8,85.0,E,8,872.5394,E,8,999.0,E,8,3.23,E,8,-9900,?,9,-9900,?,9,0.0,E,8,-9900,?,9,-9900,?,9,0.0,0.0,E,8
09/28/2015,17:00,396.765,1360.529,91.68,1,8,0.0,1,8,91.68,1,8,11001.6,1,8,0.0,1,8,10084.8,1,8,100.38,1,8,-9900,?,9,-9900,?,9,14.42,E,8,12.19,E,8,88.0,E,8,872.5394,E,8,999.0,E,8,1.91,E,8,-9900,?,9,-9900,?,9,0.002,E,8,-9900,?,9,-9900,?,9,0.02,99.0,E,8
09/28/2015,18:00,74.809,1360.529,33.04,1,8,0.0,1,8,33.04,1,8,3964.8,1,8,0.0,1,8,3634.4,1,8,206.338,1,8,-9900,?,9,-9900,?,9,13.9,E,8,11.86,E,8,89.0,E,8,872.5394,E,8,999.0,E,8,1.66,E,8,-9900,?,9,-9900,?,9,0.033,E,8,-9900,?,9,-9900,?,9,0.33,99.0,E,8
09/28/2015,19:00,0.0,1360.529,0.0,1,8,0.0,1,8,0.0,1,8,0.0,1,8,0.0,1,8,0.0,1,8,-0.0,1,8,-9900,?,9,-9900,?,9,13.3,E,8,11.48,E,8,94.0,E,8,872.5394,E,8,999.0,E,8,2.3,E,8,-9900,?,9,-9900,?,9,0.519,E,8,-9900,?,9,-9900,?,9,5.19,99.0,E,8
09/28/2015,20:00,0.0,1360.529,0.0,1,8,0.0,1,8,0.0,1,8,0.0,1,8,0.0,1,8,0.0,1,8,-0.0,1,8,-9900,?,9,-9900,?,9,12.69,E,8,11.08,E,8,90.0,E,8,872.5394,E,8,999.0,E,8,2.03,E,8,-9900,?,9,-9900,?,9,0.018,E,8,-9900,?,9,-9900,?,9,0.18,99.0,E,8
09/28/2015,21:00,0.0,1360.529,0.0,1,8,0.0,1,8,0.0,1,8,0.0,1,8,0.0,1,8,0.0,1,8,-0.0,1,8,-9900,?,9,-9900,?,9,12.08,E,8,10.67,E,8,91.0,E,8,872.5394,E,8,999.0,E,8,1.67,E,8,-9900,?,9,-9900,?,9,0.001,E,8,-9900,?,9,-9900,?,9,0.01,99.0,E,8
09/28/2015,22:00,0.0,1360.529,0.0,1,8,0.0,1,8,0.0,1,8,0.0,1,8,0.0,1,8,0.0,1,8,-0.0,1,8,-9900,?,9,-9900,?,9,11.48,E,8,10.26,E,8,89.0,E,8,872.5394,E,8,999.0,E,8,2.4,E,8,-9900,?,9,-9900,?,9,0.0,E,8,-9900,?,9,-9900,?,9,0.0,0.0,E,8
09/28/2015,23:00,0.0,1360.529,0.0,1,8,0.0,1,8,0.0,1,8,0.0,1,8,0.0,1,8,0.0,1,8,-0.0,1,8,-9900,?,9,-9900,?,9,10.87,E,8,9.83,E,8,92.0,E,8,872.5394,E,8,999.0,E,8,2.23,E,8,-9900,?,9,-9900,?,9,0.005,E,8,-9900,?,9,-9900,?,9,0.05,99.0,E,8
09/28/2015,24:00,0.0,1360.529,0.0,1,8,0.0,1,8,0.0,1,8,0.0,1,8,0.0,1,8,0.0,1,8,-0.0,1,8,-9900,?,9,-9900,?,9,10.26,E,8,7.39,E,8,82.0,E,8,872.5394,E,8,999.0,E,8,0.25,E,8,-9900,?,9,-9900,?,9,0.0,E,8,-9900,?,9,-9900,?,9,0.0,0.0,E,8
09/29/2015,01:00,0.0,1360.529,0.0,1,8,0.0,1,8,0.0,1,8,0.0,1,8,0.0,1,8,0.0,1,8,-0.0,1,8,-9900,?,9,-9900,?,9,9.96,E,8,7.35,E,8,83.0,E,8,872.5394,E,8,999.0,E,8,0.27,E,8,-9900,?,9,-9900,?,9,0.0,E,8,-9900,?,9,-9900,?,9,0.0,0.0,E,8
09/29/2015,02:00,0.0,1360.529,0.0,1,8,0.0,1,8,0.0,1,8,0.0,1,8,0.0,1,8,0.0,1,8,-0.0,1,8,-9900,?,9,-9900,?,9,9.66,E,8,7.31,E,8,85.0,E,8,872.5394,E,8,999.0,E,8,0.25,E,8,-9900,?,9,-9900,?,9,0.0,E,8,-9900,?,9,-9900,?,9,0.0,0.0,E,8
09/29/2015,03:00,0.0,1360.529,0.0,1,8,0.0,1,8,0.0,1,8,0.0,1,8,0.0,1,8,0.0,1,8,-0.0,1,8,-9900,?,9,-9900,?,9,9.35,E,8,7.28,E,8,86.0,E,8,872.5394,E,8,999.0,E,8,0.35,E,8,-9900,?,9,-9900,?,9,0.0,E,8,-9900,?,9,-9900,?,9,0.0,0.0,E,8
09/29/2015,04:00,0.0,1361.323,0.0,1,8,0.0,1,8,0.0,1,8,0.0,1,8,0.0,1,8,0.0,1,8,-0.0,1,8,-9900,?,9,-9900,?,9,9.05,E,8,7.24,E,8,88.0,E,8,872.5394,E,8,999.0,E,8,0.28,E,8,-9900,?,9,-9900,?,9,0.0,E,8,-9900,?,9,-9900,?,9,0.0,0.0,E,8
09/29/2015,05:00,0.0,1361.323,0.0,1,8,0.0,1,8,0.0,1,8,0.0,1,8,0.0,1,8,0.0,1,8,-0.0,1,8,-9900,?,9,-9900,?,9,8.78,E,8,7.21,E,8,89.0,E,8,872.5394,E,8,999.0,E,8,0.25,E,8,-9900,?,9,-9900,?,9,0.0,E,8,-9900,?,9,-9900,?,9,0.0,0.0,E,8
09/29/2015,06:00,0.0,1361.323,0.0,1,8,0.0,1,8,0.0,1,8,0.0,1,8,0.0,1,8,0.0,1,8,-0.0,1,8,-9900,?,9,-9900,?,9,8.58,E,8,7.18,E,8,90.0,E,8,872.5394,E,8,999.0,E,8,0.25,E,8,-9900,?,9,-9900,?,9,0.0,E,8,-9900,?,9,-9900,?,9,0.0,0.0,E,8
09/29/2015,07:00,299.762,1361.323,16.61,1,8,0.0,1,8,16.61,1,8,1993.2,1,8,0.0,1,8,1827.1,1,8,24.145,1,8,-9900,?,9,-9900,?,9,8.38,E,8,7.16,E,8,91.0,E,8,872.5394,E,8,999.0,E,8,0.25,E,8,-9900,?,9,-9900,?,9,0.0,E,8,-9900,?,9,-9900,?,9,0.0,0.0,E,8
09/29/2015,08:00,609.914,1361.323,122.08,1,8,0.0,1,8,122.08,1,8,14649.6,1,8,0.0,1,8,13428.8,1,8,86.835,1,8,-9900,?,9,-9900,?,9,10.4,E,8,7.4,E,8,81.0,E,8,872.5394,E,8,999.0,E,8,0.3,E,8,-9900,?,9,-9900,?,9,0.0,E,8,-9900,?,9,-9900,?,9,0.0,0.0,E,8
09/29/2015,09:00,880.456,1361.323,231.39,1,8,5.411,1,8,227.892,1,8,27766.8,1,8,514.081,1,8,25068.069,1,8,112.204,1,8,-9900,?,9,-9900,?,9,11.97,E,8,7.59,E,8,74.0,E,8,872.5394,E,8,999.0,E,8,0.27,E,8,-9900,?,9,-9900,?,9,0.0,E,8,-9900,?,9,-9900,?,9,0.0,0.0,E,8
09/29/2015,10:00,1092.484,1361.323,324.02,1,8,5.284,1,8,319.78,1,8,38882.4,1,8,502.008,1,8,35175.796,1,8,126.858,1,8,-9900,?,9,-9900,?,9,13.43,E,8,7.77,E,8,68.0,E,8,872.5394,E,8,999.0,E,8,0.25,E,8,-9900,?,9,-9900,?,9,0.0,E,8,-9900,?,9,-9900,?,9,0.0,0.0,E,8
09/29/2015,11:00,1231.454,1361.323,391.82,1,8,6.249,1,8,386.167,1,8,47018.4,1,8,593.668,1,8,42478.413,1,8,135.893,1,8,-9900,?,9,-9900,?,9,14.69,E,8,7.92,E,8,63.0,E,8,872.5394,E,8,999.0,E,8,0.34,E,8,-9900,?,9,-9900,?,9,0.0,E,8,-9900,?,9,-9900,?,9,0.0,0.0,E,8
09/29/2015,12:00,1287.871,1361.323,429.66,1,8,10.737,1,8,419.503,1,8,51559.2,1,8,1019.999,1,8,46145.313,1,8,141.153,1,8,-9900,?,9,-9900,?,9,15.72,E,8,8.04,E,8,60.0,E,8,872.5394,E,8,999.0,E,8,0.68,E,8,-9900,?,9,-9900,?,9,0.0,E,8,-9900,?,9,-9900,?,9,0.0,0.0,E,8
09/29/2015,13:00,1257.89,1361.323,434.78,1,8,12.083,1,8,423.616,1,8,52173.6,1,8,1147.889,1,8,46597.715,1,8,145.936,1,8,-9900,?,9,-9900,?,9,16.48,E,8,8.13,E,8,57.0,E,8,872.5394,E,8,999.0,E,8,0.65,E,8,-9900,?,9,-9900,?,9,0.0,E,8,-9900,?,9,-9900,?,9,0.0,0.0,E,8
09/29/2015,14:00,1143.571,1361.323,406.83,1,8,9.204,1,8,399.099,1,8,48819.6,1,8,874.419,1,8,43900.873,1,8,151.245,1,8,-9900,?,9,-9900,?,9,16.95,E,8,8.18,E,8,56.0,E,8,872.5394,E,8,999.0,E,8,1.13,E,8,-9900,?,9,-9900,?,9,0.0,E,8,-9900,?,9,-9900,?,9,0.0,0.0,E,8
09/29/2015,15:00,952.744,1361.323,347.82,1,8,13.819,1,8,338.151,1,8,41738.4,1,8,1312.81,1,8,37196.662,1,8,153.844,1,8,-9900,?,9,-9900,?,9,17.12,E,8,8.2,E,8,55.0,E,8,872.5394,E,8,999.0,E,8,1.49,E,8,-9900,?,9,-9900,?,9,0.0,E,8,-9900,?,9,-9900,?,9,0.0,0.0,E,8
09/29/2015,16:00,698.497,1361.323,262.16,1,8,60.665,1,8,231.058,1,8,31459.2,1,8,5763.154,1,8,25416.414,1,8,143.458,1,8,-9900,?,9,-9900,?,9,16.93,E,8,8.18,E,8,56.0,E,8,872.5394,E,8,999.0,E,8,1.59,E,8,-9900,?,9,-9900,?,9,0.0,E,8,-9900,?,9,-9900,?,9,0.0,0.0,E,8
09/29/2015,17:00,398.442,1361.323,156.88,1,8,128.2,1,8,119.473,1,8,18825.6,1,8,12179.008,1,8,13142.022,1,8,130.333,1,8,-9900,?,9,-9900,?,9,16.3,E,8,8.1,E,8,58.0,E,8,872.5394,E,8,999.0,E,8,1.67,E,8,-9900,?,9,-9900,?,9,0.0,E,8,-9900,?,9,-9900,?,9,0.0,0.0,E,8
09/29/2015,18:00,76.239,1361.323,45.44,1,8,0.0,1,8,45.44,1,8,5452.8,1,8,0.0,1,8,4998.4,1,8,277.953,1,8,-9900,?,9,-9900,?,9,15.32,E,8,7.99,E,8,61.0,E,8,872.5394,E,8,999.0,E,8,1.11,E,8,-9900,?,9,-9900,?,9,0.0,E,8,-9900,?,9,-9900,?,9,0.0,0.0,E,8
09/29/2015,19:00,0.0,1361.323,0.0,1,8,0.0,1,8,0.0,1,8,0.0,1,8,0.0,1,8,0.0,1,8,-0.0,1,8,-9900,?,9,-9900,?,9,14.53,E,8,7.9,E,8,64.0,E,8,872.5394,E,8,999.0,E,8,2.11,E,8,-9900,?,9,-9900,?,9,0.0,E,8,-9900,?,9,-9900,?,9,0.0,0.0,E,8
09/29/2015,20:00,0.0,1361.323,0.0,1,8,0.0,1,8,0.0,1,8,0.0,1,8,0.0,1,8,0.0,1,8,-0.0,1,8,-9900,?,9,-9900,?,9,13.74,E,8,7.8,E,8,67.0,E,8,872.5394,E,8,999.0,E,8,2.19,E,8,-9900,?,9,-9900,?,9,0.0,E,8,-9900,?,9,-9900,?,9,0.0,0.0,E,8
09/29/2015,21:00,0.0,1361.323,0.0,1,8,0.0,1,8,0.0,1,8,0.0,1,8,0.0,1,8,0.0,1,8,-0.0,1,8,-9900,?,9,-9900,?,9,12.95,E,8,7.71,E,8,70.0,E,8,872.5394,E,8,999.0,E,8,1.71,E,8,-9900,?,9,-9900,?,9,0.0,E,8,-9900,?,9,-9900,?,9,0.0,0.0,E,8
09/29/2015,22:00,0.0,1361.323,0.0,1,8,0.0,1,8,0.0,1,8,0.0,1,8,0.0,1,8,0.0,1,8,-0.0,1,8,-9900,?,9,-9900,?,9,12.16,E,8,7.62,E,8,73.0,E,8,872.5394,E,8,999.0,E,8,0.86,E,8,-9900,?,9,-9900,?,9,0.0,E,8,-9900,?,9,-9900,?,9,0.0,0.0,E,8
09/29/2015,23:00,0.0,1361.323,0.0,1,8,0.0,1,8,0.0,1,8,0.0,1,8,0.0,1,8,0.0,1,8,-0.0,1,8,-9900,?,9,-9900,?,9,11.37,E,8,7.52,E,8,77.0,E,8,872.5394,E,8,999.0,E,8,0.74,E,8,-9900,?,9,-9900,?,9,0.0,E,8,-9900,?,9,-9900,?,9,0.0,0.0,E,8
09/29/2015,24:00,0.0,1361.323,0.0,1,8,0.0,1,8,0.0,1,8,0.0,1,8,0.0,1,8,0.0,1,8,-0.0,1,8,-9900,?,9,-9900,?,9,10.58,E,8,7.07,E,8,78.0,E,8,872.5394,E,8,999.0,E,8,0.17,E,8,-9900,?,9,-9900,?,9,0.0,E,8,-9900,?,9,-9900,?,9,0.0,0.0,E,8
09/30/2015,01:00,0.0,1361.323,0.0,1,8,0.0,1,8,0.0,1,8,0.0,1,8,0.0,1,8,0.0,1,8,-0.0,1,8,-9900,?,9,-9900,?,9,10.19,E,8,6.99,E,8,80.0,E,8,872.5394,E,8,999.0,E,8,0.18,E,8,-9900,?,9,-9900,?,9,0.0,E,8,-9900,?,9,-9900,?,9,0.0,0.0,E,8
09/30/2015,02:00,0.0,1361.323,0.0,1,8,0.0,1,8,0.0,1,8,0.0,1,8,0.0,1,8,0.0,1,8,-0.0,1,8,-9900,?,9,-9900,?,9,9.8,E,8,6.91,E,8,82.0,E,8,872.5394,E,8,999.0,E,8,0.17,E,8,-9900,?,9,-9900,?,9,0.0,E,8,-9900,?,9,-9900,?,9,0.0,0.0,E,8
09/30/2015,03:00,0.0,1361.323,0.0,1,8,0.0,1,8,0.0,1,8,0.0,1,8,0.0,1,8,0.0,1,8,-0.0,1,8,-9900,?,9,-9900,?,9,9.4,E,8,6.83,E,8,83.0,E,8,872.5394,E,8,999.0,E,8,0.17,E,8,-9900,?,9,-9900,?,9,0.0,E,8,-9900,?,9,-9900,?,9,0.0,0.0,E,8
09/30/2015,04:00,0.0,1362.12,0.0,1,8,0.0,1,8,0.0,1,8,0.0,1,8,0.0,1,8,0.0,1,8,-0.0,1,8,-9900,?,9,-9900,?,9,9.01,E,8,6.75,E,8,85.0,E,8,872.5394,E,8,999.0,E,8,0.17,E,8,-9900,?,9,-9900,?,9,0.0,E,8,-9900,?,9,-9900,?,9,0.0,0.0,E,8
09/30/2015,05:00,0.0,1362.12,0.0,1,8,0.0,1,8,0.0,1,8,0.0,1,8,0.0,1,8,0.0,1,8,-0.0,1,8,-9900,?,9,-9900,?,9,8.66,E,8,6.67,E,8,87.0,E,8,872.5394,E,8,999.0,E,8,0.17,E,8,-9900,?,9,-9900,?,9,0.0,E,8,-9900,?,9,-9900,?,9,0.0,0.0,E,8
09/30/2015,06:00,0.0,1362.12,0.0,1,8,0.0,1,8,0.0,1,8,0.0,1,8,0.0,1,8,0.0,1,8,-0.0,1,8,-9900,?,9,-9900,?,9,8.4,E,8,6.62,E,8,88.0,E,8,872.5394,E,8,999.0,E,8,0.17,E,8,-9900,?,9,-9900,?,9,0.0,E,8,-9900,?,9,-9900,?,9,0.0,0.0,E,8
09/30/2015,07:00,304.953,1362.12,22.12,1,8,0.0,1,8,22.12,1,8,2654.4,1,8,0.0,1,8,2433.2,1,8,31.62,1,8,-9900,?,9,-9900,?,9,8.14,E,8,6.56,E,8,89.0,E,8,872.5394,E,8,999.0,E,8,0.28,E,8,-9900,?,9,-9900,?,9,0.0,E,8,-9900,?,9,-9900,?,9,0.0,0.0,E,8
09/30/2015,08:00,615.048,1362.12,153.85,1,8,5.301,1,8,151.459,1,8,18462.0,1,8,503.61,1,8,16660.497,1,8,106.893,1,8,-9900,?,9,-9900,?,9,10.28,E,8,7.01,E,8,80.0,E,8,872.5394,E,8,999.0,E,8,0.24,E,8,-9900,?,9,-9900,?,9,0.0,E,8,-9900,?,9,-9900,?,9,0.0,0.0,E,8
09/30/2015,09:00,885.392,1362.12,289.67,1,8,12.274,1,8,281.695,1,8,34760.4,1,8,1165.984,1,8,30986.481,1,8,138.001,1,8,-9900,?,9,-9900,?,9,11.91,E,8,7.35,E,8,73.0,E,8,872.5394,E,8,999.0,E,8,0.46,E,8,-9900,?,9,-9900,?,9,0.0,E,8,-9900,?,9,-9900,?,9,0.0,0.0,E,8
09/30/2015,10:00,1097.111,1362.12,404.65,1,8,10.827,1,8,395.931,1,8,48558.0,1,8,1028.553,1,8,43552.405,1,8,156.496,1,8,-9900,?,9,-9900,?,9,13.43,E,8,7.65,E,8,68.0,E,8,872.5394,E,8,999.0,E,8,0.49,E,8,-9900,?,9,-9900,?,9,0.0,E,8,-9900,?,9,-9900,?,9,0.0,0.0,E,8
09/30/2015,11:00,1235.682,1362.12,488.72,1,8,19.661,1,8,470.885,1,8,58646.4,1,8,1867.82,1,8,51797.34,1,8,165.235,1,8,-9900,?,9,-9900,?,9,14.75,E,8,7.91,E,8,63.0,E,8,872.5394,E,8,999.0,E,8,0.85,E,8,-9900,?,9,-9900,?,9,0.0,E,8,-9900,?,9,-9900,?,9,0.0,0.0,E,8
09/30/2015,12:00,1291.639,1362.12,535.52,1,8,3.829,1,8,531.889,1,8,64262.4,1,8,363.755,1,8,58507.817,1,8,178.55,1,8,-9900,?,9,-9900,?,9,15.82,E,8,8.12,E,8,60.0,E,8,872.5394,E,8,999.0,E,8,1.66,E,8,-9900,?,9,-9900,?,9,0.0,E,8,-9900,?,9,-9900,?,9,0.0,0.0,E,8
09/30/2015,13:00,1261.169,1362.12,541.66,1,8,4.497,1,8,537.496,1,8,64999.2,1,8,427.23,1,8,59124.598,1,8,184.795,1,8,-9900,?,9,-9900,?,9,16.61,E,8,8.27,E,8,57.0,E,8,872.5394,E,8,999.0,E,8,2.5,E,8,-9900,?,9,-9900,?,9,0.0,E,8,-9900,?,9,-9900,?,9,0.0,0.0,E,8
09/30/2015,14:00,1146.365,1362.12,506.69,1,8,85.61,1,8,434.649,1,8,60802.8,1,8,8132.97,1,8,47811.376,1,8,164.412,1,8,-9900,?,9,-9900,?,9,17.09,E,8,8.36,E,8,56.0,E,8,872.5394,E,8,999.0,E,8,2.44,E,8,-9900,?,9,-9900,?,9,0.0,E,8,-9900,?,9,-9900,?,9,0.0,0.0,E,8
09/30/2015,15:00,955.09,1362.12,433.16,1,8,129.543,1,8,342.355,1,8,51979.2,1,8,12306.555,1,8,37659.046,1,8,155.464,1,8,-9900,?,9,-9900,?,9,17.27,E,8,8.4,E,8,55.0,E,8,872.5394,E,8,999.0,E,8,2.68,E,8,-9900,?,9,-9900,?,9,0.0,E,8,-9900,?,9,-9900,?,9,0.0,0.0,E,8
09/30/2015,16:00,700.464,1362.12,326.53,1,8,147.44,1,8,250.771,1,8,39183.6,1,8,14006.831,1,8,27584.83,1,8,155.35,1,8,-9900,?,9,-9900,?,9,17.06,E,8,8.36,E,8,56.0,E,8,872.5394,E,8,999.0,E,8,2.01,E,8,-9900,?,9,-9900,?,9,0.0,E,8,-9900,?,9,-9900,?,9,0.0,0.0,E,8
09/30/2015,17:00,400.122,1362.12,195.57,1,8,235.536,1,8,126.593,1,8,23468.4,1,8,22375.935,1,8,13925.183,1,8,137.597,1,8,-9900,?,9,-9900,?,9,16.41,E,8,8.23,E,8,58.0,E,8,872.5394,E,8,999.0,E,8,1.18,E,8,-9900,?,9,-9900,?,9,0.0,E,8,-9900,?,9,-9900,?,9,0.0,0.0,E,8
09/30/2015,18:00,77.691,1362.12,115.81,1,8,157.263,1,8,107.456,1,8,13897.2,1,8,14939.998,1,8,11820.201,1,8,643.923,1,8,-9900,?,9,-9900,?,9,15.608,E,8,8.076,E,8,60.4,E,8,872.5394,E,8,999.0,E,8,1.106,E,8,-9900,?,9,-9900,?,9,0.0,E,8,-9900,?,9,-9900,?,9,0.0,0.0,E,8
09/30/2015,19:00,0.0,1362.12,50.504,1,8,0.0,1,8,0.0,1,8,6060.48,1,8,0.0,1,8,0.0,1,8,-0.0,1,8,-9900,?,9,-9900,?,9,14.956,E,8,7.948,E,8,62.4,E,8,872.5394,E,8,999.0,E,8,0.746,E,8,-9900,?,9,-9900,?,9,0.0,E,8,-9900,?,9,-9900,?,9,0.0,0.0,E,8
09/30/2015,20:00,0.0,1362.12,11.39,1,8,0.0,1,8,0.0,1,8,1366.8,1,8,0.0,1,8,0.0,1,8,-0.0,1,8,-9900,?,9,-9900,?,9,14.33,E,8,7.826,E,8,64.4,E,8,872.5394,E,8,999.0,E,8,0.574,E,8,-9900,?,9,-9900,?,9,0.0,E,8,-9900,?,9,-9900,?,9,0.0,0.0,E,8
09/30/2015,21:00,0.0,1362.12,0.0,1,8,0.0,1,8,0.0,1,8,0.0,1,8,0.0,1,8,0.0,1,8,-0.0,1,8,-9900,?,9,-9900,?,9,13.804,E,8,7.724,E,8,66.2,E,8,872.5394,E,8,999.0,E,8,0.402,E,8,-9900,?,9,-9900,?,9,0.0,E,8,-9900,?,9,-9900,?,9,0.0,0.0,E,8
09/30/2015,22:00,0.0,1362.12,0.0,1,8,0.0,1,8,0.0,1,8,0.0,1,8,0.0,1,8,0.0,1,8,-0.0,1,8,-9900,?,9,-9900,?,9,13.102,E,8,7.758,E,8,69.6,E,8,872.5394,E,8,999.0,E,8,1.166,E,8,-9900,?,9,-9900,?,9,0.0,E,8,-9900,?,9,-9900,?,9,0.0,0.0,E,8
09/30/2015,23:00,0.0,1362.12,0.0,1,8,0.0,1,8,0.0,1,8,0.0,1,8,0.0,1,8,0.0,1,8,-0.0,1,8,-9900,?,9,-9900,?,9,12.42,E,8,7.798,E,8,73.2,E,8,872.5394,E,8,999.0,E,8,2.15,E,8,-9900,?,9,-9900,?,9,0.0,E,8,-9900,?,9,-9900,?,9,0.0,0.0,E,8
09/30/2019,24:00,0.0,1362.12,0.0,1,8,0.0,1,8,0.0,1,8,0.0,1,8,0.0,1,8,0.0,1,8,-0.0,1,8,-9900,?,9,-9900,?,9,11.758,E,8,7.846,E,8,76.8,E,8,872.5394,E,8,999.0,E,8,3.362,E,8,-9900,?,9,-9900,?,9,0.0,E,8,-9900,?,9,-9900,?,9,0.0,0.0,E,8
10/01/2019,01:00,0.0,1362.12,0.0,1,8,0.0,1,8,0.0,1,8,0.0,1,8,0.0,1,8,0.0,1,8,-0.0,1,8,-9900,?,9,-9900,?,9,11.114,E,8,7.9,E,8,80.4,E,8,872.5394,E,8,999.0,E,8,3.934,E,8,-9900,?,9,-9900,?,9,0.0,E,8,-9900,?,9,-9900,?,9,0.0,0.0,E,8
10/01/2019,02:00,0.0,1362.12,0.0,1,8,0.0,1,8,0.0,1,8,0.0,1,8,0.0,1,8,0.0,1,8,-0.0,1,8,-9900,?,9,-9900,?,9,10.492,E,8,7.962,E,8,84.0,E,8,872.5394,E,8,999.0,E,8,4.236,E,8,-9900,?,9,-9900,?,9,0.0,E,8,-9900,?,9,-9900,?,9,0.0,0.0,E,8
10/01/2019,03:00,0.0,1362.12,0.0,1,8,0.0,1,8,0.0,1,8,0.0,1,8,0.0,1,8,0.0,1,8,-0.0,1,8,-9900,?,9,-9900,?,9,10.074,E,8,7.896,E,8,86.0,E,8,872.5394,E,8,999.0,E,8,3.604,E,8,-9900,?,9,-9900,?,9,0.0,E,8,-9900,?,9,-9900,?,9,0.0,0.0,E,8
10/01/2019,04:00,0.0,1362.919,0.0,1,8,0.0,1,8,0.0,1,8,0.0,1,8,0.0,1,8,0.0,1,8,-0.0,1,8,-9900,?,9,-9900,?,9,9.684,E,8,7.834,E,8,87.8,E,8,872.5394,E,8,999.0,E,8,2.992,E,8,-9900,?,9,-9900,?,9,0.0,E,8,-9900,?,9,-9900,?,9,0.0,0.0,E,8
10/01/2019,05:00,0.0,1362.919,5.784,1,8,0.0,1,8,0.0,1,8,694.08,1,8,0.0,1,8,0.0,1,8,-0.0,1,8,-9900,?,9,-9900,?,9,9.324,E,8,7.778,E,8,89.6,E,8,872.5394,E,8,999.0,E,8,1.958,E,8,-9900,?,9,-9900,?,9,0.0,E,8,-9900,?,9,-9900,?,9,0.0,0.0,E,8
10/01/2019,06:00,0.0,1362.919,0.0,1,8,0.0,1,8,0.0,1,8,0.0,1,8,0.0,1,8,0.0,1,8,-0.0,1,8,-9900,?,9,-9900,?,9,8.97,E,8,7.72,E,8,91.0,E,8,872.5394,E,8,999.0,E,8,2.18,E,8,-9900,?,9,-9900,?,9,0.0,E,8,-9900,?,9,-9900,?,9,0.0,0.0,E,8
10/01/2019,07:00,310.263,1362.919,28.92,1,8,0.0,1,8,28.92,1,8,3470.4,1,8,0.0,1,8,3181.2,1,8,40.65,1,8,-9900,?,9,-9900,?,9,8.69,E,8,7.68,E,8,93.0,E,8,872.5394,E,8,999.0,E,8,1.1,E,8,-9900,?,9,-9900,?,9,0.0,E,8,-9900,?,9,-9900,?,9,0.0,0.0,E,8
10/01/2019,08:00,620.277,1362.919,190.63,1,8,21.71,1,8,180.761,1,8,22875.6,1,8,2062.425,1,8,19883.681,1,8,126.568,1,8,-9900,?,9,-9900,?,9,11.17,E,8,8.07,E,8,81.0,E,8,872.5394,E,8,999.0,E,8,2.23,E,8,-9900,?,9,-9900,?,9,0.0,E,8,-9900,?,9,-9900,?,9,0.0,0.0,E,8
10/01/2019,09:00,890.402,1362.919,356.48,1,8,60.452,1,8,317.002,1,8,42777.6,1,8,5742.974,1,8,34870.191,1,8,154.514,1,8,-9900,?,9,-9900,?,9,13.03,E,8,8.36,E,8,73.0,E,8,872.5394,E,8,999.0,E,8,3.01,E,8,-9900,?,9,-9900,?,9,0.0,E,8,-9900,?,9,-9900,?,9,0.0,0.0,E,8
10/01/2019,10:00,1101.788,1362.919,496.76,1,8,96.225,1,8,418.983,1,8,59611.2,1,8,9141.413,1,8,46088.15,1,8,165.001,1,8,-9900,?,9,-9900,?,9,14.75,E,8,8.62,E,8,66.0,E,8,872.5394,E,8,999.0,E,8,2.26,E,8,-9900,?,9,-9900,?,9,0.0,E,8,-9900,?,9,-9900,?,9,0.0,0.0,E,8
10/01/2019,11:00,1239.942,1362.919,599.22,1,8,7.371,1,8,592.515,1,8,71906.4,1,8,700.199,1,8,65176.643,1,8,207.322,1,8,-9900,?,9,-9900,?,9,16.25,E,8,8.85,E,8,61.0,E,8,872.5394,E,8,999.0,E,8,4.42,E,8,-9900,?,9,-9900,?,9,0.0,E,8,-9900,?,9,-9900,?,9,0.0,0.0,E,8
10/01/2019,12:00,1295.423,1362.919,656.13,1,8,8.582,1,8,647.973,1,8,78735.6,1,8,815.279,1,8,71277.072,1,8,217.01,1,8,-9900,?,9,-9900,?,9,17.46,E,8,9.02,E,8,57.0,E,8,872.5394,E,8,999.0,E,8,5.25,E,8,-9900,?,9,-9900,?,9,0.0,E,8,-9900,?,9,-9900,?,9,0.0,0.0,E,8
10/01/2019,13:00,1264.453,1362.919,663.33,1,8,10.113,1,8,653.948,1,8,79599.6,1,8,960.748,1,8,71934.274,1,8,224.379,1,8,-9900,?,9,-9900,?,9,18.35,E,8,9.16,E,8,54.0,E,8,872.5394,E,8,999.0,E,8,6.64,E,8,-9900,?,9,-9900,?,9,0.0,E,8,-9900,?,9,-9900,?,9,0.0,0.0,E,8
10/01/2019,14:00,1149.159,1362.919,620.34,1,8,191.218,1,8,459.132,1,8,74440.8,1,8,18165.744,1,8,50504.466,1,8,173.352,1,8,-9900,?,9,-9900,?,9,18.9,E,8,9.24,E,8,53.0,E,8,872.5394,E,8,999.0,E,8,7.52,E,8,-9900,?,9,-9900,?,9,0.0,E,8,-9900,?,9,-9900,?,9,0.0,0.0,E,8
10/01/2019,15:00,957.439,1362.919,530.25,1,8,264.026,1,8,344.83,1,8,63630.0,1,8,25082.427,1,8,37931.331,1,8,156.295,1,8,-9900,?,9,-9900,?,9,19.1,E,8,9.26,E,8,52.0,E,8,872.5394,E,8,999.0,E,8,10.28,E,8,-9900,?,9,-9900,?,9,0.0,E,8,-9900,?,9,-9900,?,9,0.0,0.0,E,8
10/01/2019,16:00,702.441,1362.919,399.79,1,8,344.231,1,8,222.519,1,8,47974.8,1,8,32701.91,1,8,24477.095,1,8,137.54,1,8,-9900,?,9,-9900,?,9,18.86,E,8,9.23,E,8,53.0,E,8,872.5394,E,8,999.0,E,8,6.23,E,8,-9900,?,9,-9900,?,9,0.0,E,8,-9900,?,9,-9900,?,9,0.0,0.0,E,8
10/01/2019,17:00,401.824,1362.919,239.66,1,8,391.754,1,8,124.511,1,8,28759.2,1,8,37216.584,1,8,13696.168,1,8,134.837,1,8,-9900,?,9,-9900,?,9,18.11,E,8,9.12,E,8,55.0,E,8,872.5394,E,8,999.0,E,8,3.16,E,8,-9900,?,9,-9900,?,9,0.0,E,8,-9900,?,9,-9900,?,9,0.0,0.0,E,8
10/01/2019,18:00,79.18,1362.919,70.19,1,8,252.586,1,8,56.493,1,8,8422.8,1,8,23995.65,1,8,6214.231,1,8,331.611,1,8,-9900,?,9,-9900,?,9,16.95,E,8,8.95,E,8,59.0,E,8,872.5394,E,8,999.0,E,8,1.18,E,8,-9900,?,9,-9900,?,9,0.0,E,8,-9900,?,9,-9900,?,9,0.0,0.0,E,8
10/01/2019,19:00,0.0,1362.919,0.0,1,8,0.0,1,8,0.0,1,8,0.0,1,8,0.0,1,8,0.0,1,8,-0.0,1,8,-9900,?,9,-9900,?,9,16.13,E,8,8.83,E,8,61.0,E,8,872.5394,E,8,999.0,E,8,1.1,E,8,-9900,?,9,-9900,?,9,0.0,E,8,-9900,?,9,-9900,?,9,0.0,0.0,E,8
10/01/2019,20:00,0.0,1362.919,0.0,1,8,0.0,1,8,0.0,1,8,0.0,1,8,0.0,1,8,0.0,1,8,-0.0,1,8,-9900,?,9,-9900,?,9,15.31,E,8,8.7,E,8,64.0,E,8,872.5394,E,8,999.0,E,8,1.1,E,8,-9900,?,9,-9900,?,9,0.0,E,8,-9900,?,9,-9900,?,9,0.0,0.0,E,8
10/01/2019,21:00,0.0,1362.919,0.0,1,8,0.0,1,8,0.0,1,8,0.0,1,8,0.0,1,8,0.0,1,8,-0.0,1,8,-9900,?,9,-9900,?,9,14.48,E,8,8.58,E,8,67.0,E,8,872.5394,E,8,999.0,E,8,1.1,E,8,-9900,?,9,-9900,?,9,0.0,E,8,-9900,?,9,-9900,?,9,0.0,0.0,E,8
10/01/2019,22:00,0.0,1362.919,0.0,1,8,0.0,1,8,0.0,1,8,0.0,1,8,0.0,1,8,0.0,1,8,-0.0,1,8,-9900,?,9,-9900,?,9,13.66,E,8,8.45,E,8,70.0,E,8,872.5394,E,8,999.0,E,8,1.1,E,8,-9900,?,9,-9900,?,9,0.0,E,8,-9900,?,9,-9900,?,9,0.0,0.0,E,8
10/01/2019,23:00,0.0,1362.919,0.0,1,8,0.0,1,8,0.0,1,8,0.0,1,8,0.0,1,8,0.0,1,8,-0.0,1,8,-9900,?,9,-9900,?,9,12.84,E,8,8.33,E,8,74.0,E,8,872.5394,E,8,999.0,E,8,1.1,E,8,-9900,?,9,-9900,?,9,0.0,E,8,-9900,?,9,-9900,?,9,0.0,0.0,E,8
10/01/2019,24:00,0.0,1362.919,0.0,1,8,0.0,1,8,0.0,1,8,0.0,1,8,0.0,1,8,0.0,1,8,-0.0,1,8,-9900,?,9,-9900,?,9,12.02,E,8,9.95,E,8,87.0,E,8,872.5394,E,8,999.0,E,8,0.58,E,8,-9900,?,9,-9900,?,9,0.0,E,8,-9900,?,9,-9900,?,9,0.0,0.0,E,8
10/02/2019,01:00,0.0,1362.919,0.0,1,8,0.0,1,8,0.0,1,8,0.0,1,8,0.0,1,8,0.0,1,8,-0.0,1,8,-9900,?,9,-9900,?,9,11.61,E,8,9.79,E,8,88.0,E,8,872.5394,E,8,999.0,E,8,0.58,E,8,-9900,?,9,-9900,?,9,0.0,E,8,-9900,?,9,-9900,?,9,0.0,0.0,E,8
10/02/2019,02:00,0.0,1362.919,0.0,1,8,0.0,1,8,0.0,1,8,0.0,1,8,0.0,1,8,0.0,1,8,-0.0,1,8,-9900,?,9,-9900,?,9,11.2,E,8,9.62,E,8,89.0,E,8,872.5394,E,8,999.0,E,8,0.61,E,8,-9900,?,9,-9900,?,9,0.0,E,8,-9900,?,9,-9900,?,9,0.0,0.0,E,8
10/02/2019,03:00,0.0,1362.919,0.0,1,8,0.0,1,8,0.0,1,8,0.0,1,8,0.0,1,8,0.0,1,8,-0.0,1,8,-9900,?,9,-9900,?,9,10.79,E,8,9.45,E,8,91.0,E,8,872.5394,E,8,999.0,E,8,0.79,E,8,-9900,?,9,-9900,?,9,0.0,E,8,-9900,?,9,-9900,?,9,0.0,0.0,E,8
10/02/2019,04:00,0.0,1363.72,0.0,1,8,0.0,1,8,0.0,1,8,0.0,1,8,0.0,1,8,0.0,1,8,-0.0,1,8,-9900,?,9,-9900,?,9,10.38,E,8,9.28,E,8,92.0,E,8,872.5394,E,8,999.0,E,8,0.58,E,8,-9900,?,9,-9900,?,9,0.0,E,8,-9900,?,9,-9900,?,9,0.0,0.0,E,8
10/02/2019,05:00,0.0,1363.72,0.0,1,8,0.0,1,8,0.0,1,8,0.0,1,8,0.0,1,8,0.0,1,8,-0.0,1,8,-9900,?,9,-9900,?,9,10.02,E,8,9.12,E,8,94.0,E,8,872.5394,E,8,999.0,E,8,0.58,E,8,-9900,?,9,-9900,?,9,0.0,E,8,-9900,?,9,-9900,?,9,0.0,0.0,E,8
10/02/2019,06:00,0.0,1363.72,0.0,1,8,0.0,1,8,0.0,1,8,0.0,1,8,0.0,1,8,0.0,1,8,-0.0,1,8,-9900,?,9,-9900,?,9,9.75,E,8,9.01,E,8,95.0,E,8,872.5394,E,8,999.0,E,8,0.58,E,8,-9900,?,9,-9900,?,9,0.0,E,8,-9900,?,9,-9900,?,9,0.0,0.0,E,8
10/02/2019,07:00,315.369,1363.72,18.1,1,8,0.0,1,8,18.1,1,8,2172.0,1,8,0.0,1,8,1991.0,1,8,25.04,1,8,-9900,?,9,-9900,?,9,9.48,E,8,8.89,E,8,96.0,E,8,872.5394,E,8,999.0,E,8,0.58,E,8,-9900,?,9,-9900,?,9,0.0,E,8,-9900,?,9,-9900,?,9,0.0,0.0,E,8
10/02/2019,08:00,625.301,1363.72,65.51,1,8,0.0,1,8,65.51,1,8,7861.2,1,8,0.0,1,8,7206.1,1,8,45.527,1,8,-9900,?,9,-9900,?,9,10.77,E,8,9.44,E,8,91.0,E,8,872.5394,E,8,999.0,E,8,0.58,E,8,-9900,?,9,-9900,?,9,0.0,E,8,-9900,?,9,-9900,?,9,0.0,0.0,E,8
10/02/2019,09:00,895.212,1363.72,97.4,1,8,0.0,1,8,97.4,1,8,11688.0,1,8,0.0,1,8,10714.0,1,8,47.247,1,8,-9900,?,9,-9900,?,9,11.34,E,8,9.68,E,8,89.0,E,8,872.5394,E,8,999.0,E,8,0.58,E,8,-9900,?,9,-9900,?,9,0.0,E,8,-9900,?,9,-9900,?,9,0.0,0.0,E,8
10/02/2019,10:00,1106.281,1363.72,293.52,1,8,7.424,1,8,287.498,1,8,35222.4,1,8,705.314,1,8,31624.792,1,8,112.827,1,8,-9900,?,9,-9900,?,9,13.15,E,8,10.4,E,8,83.0,E,8,872.5394,E,8,999.0,E,8,0.58,E,8,-9900,?,9,-9900,?,9,0.0,E,8,-9900,?,9,-9900,?,9,0.0,0.0,E,8
10/02/2019,11:00,1244.036,1363.72,309.66,1,8,6.129,1,8,304.069,1,8,37159.2,1,8,582.287,1,8,33447.581,1,8,106.106,1,8,-9900,?,9,-9900,?,9,14.33,E,8,10.86,E,8,79.0,E,8,872.5394,E,8,999.0,E,8,0.65,E,8,-9900,?,9,-9900,?,9,0.0,E,8,-9900,?,9,-9900,?,9,0.0,0.0,E,8
10/02/2019,12:00,1299.068,1363.72,459.71,1,8,32.14,1,8,429.095,1,8,55165.2,1,8,3053.274,1,8,47200.437,1,8,143.387,1,8,-9900,?,9,-9900,?,9,15.89,E,8,11.44,E,8,74.0,E,8,872.5394,E,8,999.0,E,8,0.81,E,8,-9900,?,9,-9900,?,9,0.0,E,8,-9900,?,9,-9900,?,9,0.0,0.0,E,8
10/02/2019,13:00,1267.627,1363.72,385.9,1,8,24.615,1,8,363.02,1,8,46308.0,1,8,2338.427,1,8,39932.255,1,8,124.318,1,8,-9900,?,9,-9900,?,9,16.68,E,8,11.73,E,8,72.0,E,8,872.5394,E,8,999.0,E,8,0.93,E,8,-9900,?,9,-9900,?,9,0.0,E,8,-9900,?,9,-9900,?,9,0.0,0.0,E,8
10/02/2019,14:00,1151.875,1363.72,359.48,1,8,3.283,1,8,356.707,1,8,43137.6,1,8,311.883,1,8,39237.807,1,8,134.441,1,8,-9900,?,9,-9900,?,9,17.17,E,8,11.91,E,8,71.0,E,8,872.5394,E,8,999.0,E,8,1.14,E,8,-9900,?,9,-9900,?,9,0.0,E,8,-9900,?,9,-9900,?,9,0.0,0.0,E,8
10/02/2019,15:00,959.738,1363.72,407.84,1,8,81.879,1,8,350.233,1,8,48940.8,1,8,7778.548,1,8,38525.672,1,8,158.457,1,8,-9900,?,9,-9900,?,9,17.72,E,8,12.1,E,8,69.0,E,8,872.5394,E,8,999.0,E,8,1.3,E,8,-9900,?,9,-9900,?,9,0.0,E,8,-9900,?,9,-9900,?,9,0.0,0.0,E,8
10/02/2019,16:00,704.395,1363.72,164.82,1,8,4.085,1,8,162.712,1,8,19778.4,1,8,388.06,1,8,17898.295,1,8,100.352,1,8,-9900,?,9,-9900,?,9,17.19,E,8,11.92,E,8,71.0,E,8,872.5394,E,8,999.0,E,8,1.72,E,8,-9900,?,9,-9900,?,9,0.0,E,8,-9900,?,9,-9900,?,9,0.0,0.0,E,8
10/02/2019,17:00,403.526,1363.72,218.14,1,8,363.363,1,8,110.944,1,8,26176.8,1,8,34519.459,1,8,12203.793,1,8,119.705,1,8,-9900,?,9,-9900,?,9,17.0,E,8,11.85,E,8,71.0,E,8,872.5394,E,8,999.0,E,8,1.87,E,8,-9900,?,9,-9900,?,9,0.0,E,8,-9900,?,9,-9900,?,9,0.0,0.0,E,8
10/02/2019,18:00,80.687,1363.72,60.19,1,8,264.935,1,8,45.527,1,8,7222.8,1,8,25168.779,1,8,5007.955,1,8,261.836,1,8,-9900,?,9,-9900,?,9,16.16,E,8,11.54,E,8,74.0,E,8,872.5394,E,8,999.0,E,8,0.94,E,8,-9900,?,9,-9900,?,9,0.0,E,8,-9900,?,9,-9900,?,9,0.0,0.0,E,8
10/02/2019,19:00,0.0,1363.72,0.0,1,8,0.0,1,8,0.0,1,8,0.0,1,8,0.0,1,8,0.0,1,8,-0.0,1,8,-9900,?,9,-9900,?,9,15.65,E,8,11.35,E,8,75.0,E,8,872.5394,E,8,999.0,E,8,0.58,E,8,-9900,?,9,-9900,?,9,0.0,E,8,-9900,?,9,-9900,?,9,0.0,0.0,E,8
10/02/2019,20:00,0.0,1363.72,0.0,1,8,0.0,1,8,0.0,1,8,0.0,1,8,0.0,1,8,0.0,1,8,-0.0,1,8,-9900,?,9,-9900,?,9,15.14,E,8,11.16,E,8,77.0,E,8,872.5394,E,8,999.0,E,8,0.58,E,8,-9900,?,9,-9900,?,9,0.0,E,8,-9900,?,9,-9900,?,9,0.0,0.0,E,8
10/02/2019,21:00,0.0,1363.72,0.0,1,8,0.0,1,8,0.0,1,8,0.0,1,8,0.0,1,8,0.0,1,8,-0.0,1,8,-9900,?,9,-9900,?,9,14.63,E,8,10.97,E,8,78.0,E,8,872.5394,E,8,999.0,E,8,1.12,E,8,-9900,?,9,-9900,?,9,0.0,E,8,-9900,?,9,-9900,?,9,0.0,0.0,E,8
10/02/2019,22:00,0.0,1363.72,0.0,1,8,0.0,1,8,0.0,1,8,0.0,1,8,0.0,1,8,0.0,1,8,-0.0,1,8,-9900,?,9,-9900,?,9,14.12,E,8,10.78,E,8,80.0,E,8,872.5394,E,8,999.0,E,8,0.58,E,8,-9900,?,9,-9900,?,9,0.0,E,8,-9900,?,9,-9900,?,9,0.0,0.0,E,8
10/02/2019,23:00,0.0,1363.72,0.0,1,8,0.0,1,8,0.0,1,8,0.0,1,8,0.0,1,8,0.0,1,8,-0.0,1,8,-9900,?,9,-9900,?,9,13.6,E,8,10.58,E,8,81.0,E,8,872.5394,E,8,999.0,E,8,0.93,E,8,-9900,?,9,-9900,?,9,0.0,E,8,-9900,?,9,-9900,?,9,0.0,0.0,E,8
10/02/2019,24:00,0.0,1363.72,0.0,1,8,0.0,1,8,0.0,1,8,0.0,1,8,0.0,1,8,0.0,1,8,-0.0,1,8,-9900,?,9,-9900,?,9,13.09,E,8,11.8,E,8,91.0,E,8,872.5394,E,8,999.0,E,8,0.95,E,8,-9900,?,9,-9900,?,9,0.0,E,8,-9900,?,9,-9900,?,9,0.0,0.0,E,8
10/03/2019,01:00,0.0,1363.72,0.0,1,8,0.0,1,8,0.0,1,8,0.0,1,8,0.0,1,8,0.0,1,8,-0.0,1,8,-9900,?,9,-9900,?,9,12.84,E,8,11.75,E,8,93.0,E,8,872.5394,E,8,999.0,E,8,0.89,E,8,-9900,?,9,-9900,?,9,0.0,E,8,-9900,?,9,-9900,?,9,0.0,0.0,E,8
10/03/2019,02:00,0.0,1363.72,0.0,1,8,0.0,1,8,0.0,1,8,0.0,1,8,0.0,1,8,0.0,1,8,-0.0,1,8,-9900,?,9,-9900,?,9,12.58,E,8,11.7,E,8,94.0,E,8,872.5394,E,8,999.0,E,8,1.06,E,8,-9900,?,9,-9900,?,9,0.0,E,8,-9900,?,9,-9900,?,9,0.0,0.0,E,8
10/03/2019,03:00,0.0,1363.72,0.0,1,8,0.0,1,8,0.0,1,8,0.0,1,8,0.0,1,8,0.0,1,8,-0.0,1,8,-9900,?,9,-9900,?,9,12.33,E,8,11.65,E,8,95.0,E,8,872.5394,E,8,999.0,E,8,0.8,E,8,-9900,?,9,-9900,?,9,0.0,E,8,-9900,?,9,-9900,?,9,0.0,0.0,E,8
10/03/2019,04:00,0.0,1364.522,0.0,1,8,0.0,1,8,0.0,1,8,0.0,1,8,0.0,1,8,0.0,1,8,-0.0,1,8,-9900,?,9,-9900,?,9,12.07,E,8,11.59,E,8,96.0,E,8,872.5394,E,8,999.0,E,8,0.58,E,8,-9900,?,9,-9900,?,9,0.0,E,8,-9900,?,9,-9900,?,9,0.0,0.0,E,8
10/03/2019,05:00,0.0,1364.522,0.0,1,8,0.0,1,8,0.0,1,8,0.0,1,8,0.0,1,8,0.0,1,8,-0.0,1,8,-9900,?,9,-9900,?,9,11.84,E,8,11.55,E,8,98.0,E,8,872.5394,E,8,999.0,E,8,0.64,E,8,-9900,?,9,-9900,?,9,0.0,E,8,-9900,?,9,-9900,?,9,0.0,0.0,E,8
10/03/2019,06:00,1.856,1364.522,0.0,1,8,0.0,1,8,0.0,1,8,0.0,1,8,0.0,1,8,0.0,1,8,-0.0,1,8,-9900,?,9,-9900,?,9,11.68,E,8,11.52,E,8,98.0,E,8,872.5394,E,8,999.0,E,8,0.63,E,8,-9900,?,9,-9900,?,9,0.0,E,8,-9900,?,9,-9900,?,9,0.0,0.0,E,8
10/03/2019,07:00,320.435,1364.522,16.7,1,8,0.0,1,8,16.7,1,8,2004.0,1,8,0.0,1,8,1837.0,1,8,22.747,1,8,-9900,?,9,-9900,?,9,11.51,E,8,11.48,E,8,99.0,E,8,872.5394,E,8,999.0,E,8,0.58,E,8,-9900,?,9,-9900,?,9,0.0,E,8,-9900,?,9,-9900,?,9,0.0,0.0,E,8
10/03/2019,08:00,630.272,1364.522,113.52,1,8,0.0,1,8,113.52,1,8,13622.4,1,8,0.0,1,8,12487.2,1,8,78.315,1,8,-9900,?,9,-9900,?,9,12.95,E,8,11.77,E,8,92.0,E,8,872.5394,E,8,999.0,E,8,0.58,E,8,-9900,?,9,-9900,?,9,0.0,E,8,-9900,?,9,-9900,?,9,0.0,0.0,E,8
10/03/2019,09:00,899.96,1364.522,188.42,1,8,1.624,1,8,187.349,1,8,22610.4,1,8,154.298,1,8,20608.411,1,8,90.453,1,8,-9900,?,9,-9900,?,9,13.87,E,8,11.95,E,8,88.0,E,8,872.5394,E,8,999.0,E,8,0.86,E,8,-9900,?,9,-9900,?,9,0.0,E,8,-9900,?,9,-9900,?,9,0.0,0.0,E,8
10/03/2019,10:00,1110.706,1364.522,196.43,1,8,2.841,1,8,194.118,1,8,23571.6,1,8,269.865,1,8,21352.986,1,8,75.921,1,8,-9900,?,9,-9900,?,9,14.37,E,8,12.05,E,8,85.0,E,8,872.5394,E,8,999.0,E,8,1.64,E,8,-9900,?,9,-9900,?,9,0.0,E,8,-9900,?,9,-9900,?,9,0.0,0.0,E,8
10/03/2019,11:00,1248.064,1364.522,308.57,1,8,27.663,1,8,283.27,1,8,37028.4,1,8,2627.955,1,8,31159.667,1,8,98.587,1,8,-9900,?,9,-9900,?,9,15.17,E,8,12.2,E,8,82.0,E,8,872.5394,E,8,999.0,E,8,1.6,E,8,-9900,?,9,-9900,?,9,0.0,E,8,-9900,?,9,-9900,?,9,0.0,0.0,E,8
10/03/2019,12:00,1302.651,1364.522,337.4,1,8,18.983,1,8,319.278,1,8,40488.0,1,8,1803.4,1,8,35120.592,1,8,106.459,1,8,-9900,?,9,-9900,?,9,15.81,E,8,12.32,E,8,79.0,E,8,872.5394,E,8,999.0,E,8,0.79,E,8,-9900,?,9,-9900,?,9,0.0,E,8,-9900,?,9,-9900,?,9,0.0,0.0,E,8
10/03/2019,13:00,1270.747,1364.522,340.81,1,8,19.598,1,8,322.56,1,8,40897.2,1,8,1861.807,1,8,35481.566,1,8,110.256,1,8,-9900,?,9,-9900,?,9,16.27,E,8,12.41,E,8,77.0,E,8,872.5394,E,8,999.0,E,8,1.11,E,8,-9900,?,9,-9900,?,9,0.0,E,8,-9900,?,9,-9900,?,9,0.0,0.0,E,8
10/03/2019,14:00,1154.548,1364.522,318.56,1,8,14.325,1,8,306.441,1,8,38227.2,1,8,1360.876,1,8,33708.483,1,8,115.296,1,8,-9900,?,9,-9900,?,9,16.56,E,8,12.46,E,8,76.0,E,8,872.5394,E,8,999.0,E,8,1.16,E,8,-9900,?,9,-9900,?,9,0.0,E,8,-9900,?,9,-9900,?,9,0.0,0.0,E,8
10/03/2019,15:00,962.009,1364.522,272.25,1,8,8.465,1,8,266.283,1,8,32670.0,1,8,804.222,1,8,29291.182,1,8,120.261,1,8,-9900,?,9,-9900,?,9,16.67,E,8,12.49,E,8,76.0,E,8,872.5394,E,8,999.0,E,8,0.64,E,8,-9900,?,9,-9900,?,9,0.0,E,8,-9900,?,9,-9900,?,9,0.0,0.0,E,8
10/03/2019,16:00,706.337,1364.522,205.34,1,8,10.77,1,8,199.769,1,8,24640.8,1,8,1023.17,1,8,21974.625,1,8,122.94,1,8,-9900,?,9,-9900,?,9,16.57,E,8,12.47,E,8,76.0,E,8,872.5394,E,8,999.0,E,8,1.33,E,8,-9900,?,9,-9900,?,9,0.0,E,8,-9900,?,9,-9900,?,9,0.0,0.0,E,8
10/03/2019,17:00,405.234,1364.522,123.32,1,8,30.187,1,8,114.382,1,8,14798.4,1,8,2867.732,1,8,12582.014,1,8,122.964,1,8,-9900,?,9,-9900,?,9,16.2,E,8,12.4,E,8,78.0,E,8,872.5394,E,8,999.0,E,8,1.68,E,8,-9900,?,9,-9900,?,9,0.0,E,8,-9900,?,9,-9900,?,9,0.0,0.0,E,8
10/03/2019,18:00,82.216,1364.522,36.52,1,8,83.336,1,8,31.813,1,8,4382.4,1,8,7916.935,1,8,3499.453,1,8,179.294,1,8,-9900,?,9,-9900,?,9,15.63,E,8,12.29,E,8,80.0,E,8,872.5394,E,8,999.0,E,8,1.5,E,8,-9900,?,9,-9900,?,9,0.0,E,8,-9900,?,9,-9900,?,9,0.0,0.0,E,8
10/03/2019,19:00,0.0,1364.522,0.0,1,8,0.0,1,8,0.0,1,8,0.0,1,8,0.0,1,8,0.0,1,8,-0.0,1,8,-9900,?,9,-9900,?,9,15.08,E,8,12.18,E,8,82.0,E,8,872.5394,E,8,999.0,E,8,1.21,E,8,-9900,?,9,-9900,?,9,0.0,E,8,-9900,?,9,-9900,?,9,0.0,0.0,E,8
10/03/2019,20:00,0.0,1364.522,0.0,1,8,0.0,1,8,0.0,1,8,0.0,1,8,0.0,1,8,0.0,1,8,-0.0,1,8,-9900,?,9,-9900,?,9,14.54,E,8,12.08,E,8,85.0,E,8,872.5394,E,8,999.0,E,8,2.63,E,8,-9900,?,9,-9900,?,9,0.0,E,8,-9900,?,9,-9900,?,9,0.0,0.0,E,8
10/03/2019,21:00,0.0,1364.522,0.0,1,8,0.0,1,8,0.0,1,8,0.0,1,8,0.0,1,8,0.0,1,8,-0.0,1,8,-9900,?,9,-9900,?,9,14.0,E,8,11.97,E,8,87.0,E,8,872.5394,E,8,999.0,E,8,3.78,E,8,-9900,?,9,-9900,?,9,0.0,E,8,-9900,?,9,-9900,?,9,0.0,0.0,E,8
10/03/2019,22:00,0.0,1364.522,0.0,1,8,0.0,1,8,0.0,1,8,0.0,1,8,0.0,1,8,0.0,1,8,-0.0,1,8,-9900,?,9,-9900,?,9,13.46,E,8,11.87,E,8,90.0,E,8,872.5394,E,8,999.0,E,8,2.74,E,8,-9900,?,9,-9900,?,9,0.0,E,8,-9900,?,9,-9900,?,9,0.0,0.0,E,8
10/03/2019,23:00,0.0,1364.522,0.0,1,8,0.0,1,8,0.0,1,8,0.0,1,8,0.0,1,8,0.0,1,8,-0.0,1,8,-9900,?,9,-9900,?,9,12.91,E,8,11.76,E,8,92.0,E,8,872.5394,E,8,999.0,E,8,2.85,E,8,-9900,?,9,-9900,?,9,0.0,E,8,-9900,?,9,-9900,?,9,0.0,0.0,E,8
10/03/2019,24:00,0.0,1364.522,0.0,1,8,0.0,1,8,0.0,1,8,0.0,1,8,0.0,1,8,0.0,1,8,-0.0,1,8,-9900,?,9,-9900,?,9,12.37,E,8,10.11,E,8,86.0,E,8,872.5394,E,8,999.0,E,8,5.52,E,8,-9900,?,9,-9900,?,9,0.0,E,8,-9900,?,9,-9900,?,9,0.0,0.0,E,8
10/04/2019,01:00,0.0,1364.522,0.0,1,8,0.0,1,8,0.0,1,8,0.0,1,8,0.0,1,8,0.0,1,8,-0.0,1,8,-9900,?,9,-9900,?,9,12.1,E,8,10.05,E,8,87.0,E,8,872.5394,E,8,999.0,E,8,6.53,E,8,-9900,?,9,-9900,?,9,0.0,E,8,-9900,?,9,-9900,?,9,0.0,0.0,E,8
10/04/2019,02:00,0.0,1364.522,0.0,1,8,0.0,1,8,0.0,1,8,0.0,1,8,0.0,1,8,0.0,1,8,-0.0,1,8,-9900,?,9,-9900,?,9,11.83,E,8,9.99,E,8,88.0,E,8,872.5394,E,8,999.0,E,8,4.43,E,8,-9900,?,9,-9900,?,9,0.0,E,8,-9900,?,9,-9900,?,9,0.0,0.0,E,8
10/04/2019,03:00,0.0,1364.522,0.0,1,8,0.0,1,8,0.0,1,8,0.0,1,8,0.0,1,8,0.0,1,8,-0.0,1,8,-9900,?,9,-9900,?,9,11.56,E,8,9.93,E,8,89.0,E,8,872.5394,E,8,999.0,E,8,4.88,E,8,-9900,?,9,-9900,?,9,0.0,E,8,-9900,?,9,-9900,?,9,0.0,0.0,E,8
10/04/2019,04:00,0.0,1365.326,0.0,1,8,0.0,1,8,0.0,1,8,0.0,1,8,0.0,1,8,0.0,1,8,-0.0,1,8,-9900,?,9,-9900,?,9,11.28,E,8,9.86,E,8,90.0,E,8,872.5394,E,8,999.0,E,8,4.51,E,8,-9900,?,9,-9900,?,9,0.0,E,8,-9900,?,9,-9900,?,9,0.0,0.0,E,8
10/04/2019,05:00,0.0,1365.326,0.0,1,8,0.0,1,8,0.0,1,8,0.0,1,8,0.0,1,8,0.0,1,8,-0.0,1,8,-9900,?,9,-9900,?,9,11.04,E,8,9.81,E,8,92.0,E,8,872.5394,E,8,999.0,E,8,3.51,E,8,-9900,?,9,-9900,?,9,0.0,E,8,-9900,?,9,-9900,?,9,0.0,0.0,E,8
10/04/2019,06:00,6.099,1365.326,0.0,1,8,0.0,1,8,0.0,1,8,0.0,1,8,0.0,1,8,0.0,1,8,-0.0,1,8,-9900,?,9,-9900,?,9,10.86,E,8,9.77,E,8,92.0,E,8,872.5394,E,8,999.0,E,8,5.55,E,8,-9900,?,9,-9900,?,9,0.0,E,8,-9900,?,9,-9900,?,9,0.0,0.0,E,8
10/04/2019,07:00,325.458,1365.326,81.09,1,8,0.045,1,8,81.079,1,8,9730.8,1,8,4.268,1,8,8918.728,1,8,108.783,1,8,-9900,?,9,-9900,?,9,10.68,E,8,9.73,E,8,93.0,E,8,872.5394,E,8,999.0,E,8,4.9,E,8,-9900,?,9,-9900,?,9,0.0,E,8,-9900,?,9,-9900,?,9,0.0,0.0,E,8
10/04/2019,08:00,635.187,1365.326,179.95,1,8,7.128,1,8,176.637,1,8,21594.0,1,8,677.192,1,8,19430.094,1,8,120.984,1,8,-9900,?,9,-9900,?,9,13.44,E,8,10.34,E,8,81.0,E,8,872.5394,E,8,999.0,E,8,4.96,E,8,-9900,?,9,-9900,?,9,0.0,E,8,-9900,?,9,-9900,?,9,0.0,0.0,E,8
10/04/2019,09:00,904.643,1365.326,296.45,1,8,12.268,1,8,288.324,1,8,35574.0,1,8,1165.486,1,8,31715.671,1,8,138.565,1,8,-9900,?,9,-9900,?,9,14.61,E,8,10.59,E,8,76.0,E,8,872.5394,E,8,999.0,E,8,4.09,E,8,-9900,?,9,-9900,?,9,0.0,E,8,-9900,?,9,-9900,?,9,0.0,0.0,E,8
10/04/2019,10:00,1115.064,1365.326,275.22,1,8,6.557,1,8,269.865,1,8,33026.4,1,8,622.947,1,8,29685.194,1,8,105.196,1,8,-9900,?,9,-9900,?,9,15.08,E,8,10.69,E,8,75.0,E,8,872.5394,E,8,999.0,E,8,4.18,E,8,-9900,?,9,-9900,?,9,0.0,E,8,-9900,?,9,-9900,?,9,0.0,0.0,E,8
10/04/2019,11:00,1252.024,1365.326,497.93,1,8,34.515,1,8,466.281,1,8,59751.6,1,8,3278.924,1,8,51290.909,1,8,161.862,1,8,-9900,?,9,-9900,?,9,16.3,E,8,10.95,E,8,70.0,E,8,872.5394,E,8,999.0,E,8,2.65,E,8,-9900,?,9,-9900,?,9,0.0,E,8,-9900,?,9,-9900,?,9,0.0,0.0,E,8
10/04/2019,12:00,1306.17,1365.326,480.85,1,8,36.561,1,8,445.874,1,8,57702.0,1,8,3473.342,1,8,49046.093,1,8,148.358,1,8,-9900,?,9,-9900,?,9,17.06,E,8,11.11,E,8,67.0,E,8,872.5394,E,8,999.0,E,8,4.59,E,8,-9900,?,9,-9900,?,9,0.0,E,8,-9900,?,9,-9900,?,9,0.0,0.0,E,8
10/04/2019,13:00,1273.813,1365.326,262.84,1,8,7.534,1,8,255.811,1,8,31540.8,1,8,715.766,1,8,28139.203,1,8,87.281,1,8,-9900,?,9,-9900,?,9,16.94,E,8,11.08,E,8,68.0,E,8,872.5394,E,8,999.0,E,8,3.79,E,8,-9900,?,9,-9900,?,9,0.0,E,8,-9900,?,9,-9900,?,9,0.0,0.0,E,8
10/04/2019,14:00,1157.178,1365.326,453.69,1,8,28.172,1,8,429.816,1,8,54442.8,1,8,2676.351,1,8,47279.712,1,8,161.443,1,8,-9900,?,9,-9900,?,9,17.35,E,8,11.17,E,8,66.0,E,8,872.5394,E,8,999.0,E,8,1.78,E,8,-9900,?,9,-9900,?,9,0.0,E,8,-9900,?,9,-9900,?,9,0.0,0.0,E,8
10/04/2019,15:00,964.252,1365.326,387.71,1,8,66.209,1,8,340.964,1,8,46525.2,1,8,6289.816,1,8,37506.087,1,8,153.721,1,8,-9900,?,9,-9900,?,9,17.52,E,8,11.2,E,8,66.0,E,8,872.5394,E,8,999.0,E,8,2.09,E,8,-9900,?,9,-9900,?,9,0.0,E,8,-9900,?,9,-9900,?,9,0.0,0.0,E,8
10/04/2019,16:00,708.268,1365.326,292.49,1,8,92.844,1,8,244.365,1,8,35098.8,1,8,8820.158,1,8,26880.172,1,8,150.063,1,8,-9900,?,9,-9900,?,9,17.41,E,8,11.18,E,8,66.0,E,8,872.5394,E,8,999.0,E,8,2.76,E,8,-9900,?,9,-9900,?,9,0.0,E,8,-9900,?,9,-9900,?,9,0.0,0.0,E,8
10/04/2019,17:00,406.947,1365.326,175.81,1,8,218.073,1,8,111.004,1,8,21097.2,1,8,20716.956,1,8,12210.41,1,8,118.898,1,8,-9900,?,9,-9900,?,9,16.94,E,8,11.08,E,8,68.0,E,8,872.5394,E,8,999.0,E,8,1.92,E,8,-9900,?,9,-9900,?,9,0.0,E,8,-9900,?,9,-9900,?,9,0.0,0.0,E,8
10/04/2019,18:00,83.767,1365.326,52.38,1,8,277.791,1,8,36.372,1,8,6285.6,1,8,26390.16,1,8,4000.872,1,8,200.901,1,8,-9900,?,9,-9900,?,9,16.17,E,8,10.92,E,8,71.0,E,8,872.5394,E,8,999.0,E,8,1.63,E,8,-9900,?,9,-9900,?,9,0.0,E,8,-9900,?,9,-9900,?,9,0.0,0.0,E,8
10/04/2019,19:00,0.0,1365.326,0.0,1,8,0.0,1,8,0.0,1,8,0.0,1,8,0.0,1,8,0.0,1,8,-0.0,1,8,-9900,?,9,-9900,?,9,15.48,E,8,10.78,E,8,73.0,E,8,872.5394,E,8,999.0,E,8,1.31,E,8,-9900,?,9,-9900,?,9,0.0,E,8,-9900,?,9,-9900,?,9,0.0,0.0,E,8
10/04/2019,20:00,0.0,1365.326,0.0,1,8,0.0,1,8,0.0,1,8,0.0,1,8,0.0,1,8,0.0,1,8,-0.0,1,8,-9900,?,9,-9900,?,9,14.78,E,8,10.63,E,8,76.0,E,8,872.5394,E,8,999.0,E,8,1.31,E,8,-9900,?,9,-9900,?,9,0.0,E,8,-9900,?,9,-9900,?,9,0.0,0.0,E,8
10/04/2019,21:00,0.0,1365.326,0.0,1,8,0.0,1,8,0.0,1,8,0.0,1,8,0.0,1,8,0.0,1,8,-0.0,1,8,-9900,?,9,-9900,?,9,14.09,E,8,10.48,E,8,78.0,E,8,872.5394,E,8,999.0,E,8,1.31,E,8,-9900,?,9,-9900,?,9,0.0,E,8,-9900,?,9,-9900,?,9,0.0,0.0,E,8
10/04/2019,22:00,0.0,1365.326,0.0,1,8,0.0,1,8,0.0,1,8,0.0,1,8,0.0,1,8,0.0,1,8,-0.0,1,8,-9900,?,9,-9900,?,9,13.39,E,8,10.33,E,8,81.0,E,8,872.5394,E,8,999.0,E,8,2.24,E,8,-9900,?,9,-9900,?,9,0.0,E,8,-9900,?,9,-9900,?,9,0.0,0.0,E,8
10/04/2019,23:00,0.0,1365.326,0.0,1,8,0.0,1,8,0.0,1,8,0.0,1,8,0.0,1,8,0.0,1,8,-0.0,1,8,-9900,?,9,-9900,?,9,12.69,E,8,10.18,E,8,84.0,E,8,872.5394,E,8,999.0,E,8,3.18,E,8,-9900,?,9,-9900,?,9,0.0,E,8,-9900,?,9,-9900,?,9,0.0,0.0,E,8
10/04/2019,24:00,0.0,1365.326,0.0,1,8,0.0,1,8,0.0,1,8,0.0,1,8,0.0,1,8,0.0,1,8,-0.0,1,8,-9900,?,9,-9900,?,9,12.0,E,8,9.65,E,8,85.0,E,8,872.5394,E,8,999.0,E,8,0.79,E,8,-9900,?,9,-9900,?,9,0.0,E,8,-9900,?,9,-9900,?,9,0.0,0.0,E,8
10/05/2019,01:00,0.0,1365.326,0.0,1,8,0.0,1,8,0.0,1,8,0.0,1,8,0.0,1,8,0.0,1,8,-0.0,1,8,-9900,?,9,-9900,?,9,11.65,E,8,9.46,E,8,86.0,E,8,872.5394,E,8,999.0,E,8,1.03,E,8,-9900,?,9,-9900,?,9,0.0,E,8,-9900,?,9,-9900,?,9,0.0,0.0,E,8
10/05/2019,02:00,0.0,1365.326,0.0,1,8,0.0,1,8,0.0,1,8,0.0,1,8,0.0,1,8,0.0,1,8,-0.0,1,8,-9900,?,9,-9900,?,9,11.3,E,8,9.26,E,8,87.0,E,8,872.5394,E,8,999.0,E,8,1.32,E,8,-9900,?,9,-9900,?,9,0.0,E,8,-9900,?,9,-9900,?,9,0.0,0.0,E,8
10/05/2019,03:00,0.0,1365.326,0.0,1,8,0.0,1,8,0.0,1,8,0.0,1,8,0.0,1,8,0.0,1,8,-0.0,1,8,-9900,?,9,-9900,?,9,10.96,E,8,9.07,E,8,88.0,E,8,872.5394,E,8,999.0,E,8,2.28,E,8,-9900,?,9,-9900,?,9,0.0,E,8,-9900,?,9,-9900,?,9,0.0,0.0,E,8
10/05/2019,04:00,0.0,1366.131,0.0,1,8,0.0,1,8,0.0,1,8,0.0,1,8,0.0,1,8,0.0,1,8,-0.0,1,8,-9900,?,9,-9900,?,9,10.61,E,8,8.87,E,8,88.0,E,8,872.5394,E,8,999.0,E,8,2.14,E,8,-9900,?,9,-9900,?,9,0.0,E,8,-9900,?,9,-9900,?,9,0.0,0.0,E,8
10/05/2019,05:00,0.0,1366.131,0.0,1,8,0.0,1,8,0.0,1,8,0.0,1,8,0.0,1,8,0.0,1,8,-0.0,1,8,-9900,?,9,-9900,?,9,10.3,E,8,8.68,E,8,89.0,E,8,872.5394,E,8,999.0,E,8,2.66,E,8,-9900,?,9,-9900,?,9,0.0,E,8,-9900,?,9,-9900,?,9,0.0,0.0,E,8
10/05/2019,06:00,10.361,1366.131,0.0,1,8,0.0,1,8,0.0,1,8,0.0,1,8,0.0,1,8,0.0,1,8,-0.0,1,8,-9900,?,9,-9900,?,9,10.07,E,8,8.55,E,8,90.0,E,8,872.5394,E,8,999.0,E,8,2.74,E,8,-9900,?,9,-9900,?,9,0.0,E,8,-9900,?,9,-9900,?,9,0.0,0.0,E,8
10/05/2019,07:00,330.435,1366.131,25.78,1,8,0.0,1,8,25.78,1,8,3093.6,1,8,0.0,1,8,2835.8,1,8,34.083,1,8,-9900,?,9,-9900,?,9,9.84,E,8,8.41,E,8,90.0,E,8,872.5394,E,8,999.0,E,8,2.12,E,8,-9900,?,9,-9900,?,9,0.0,E,8,-9900,?,9,-9900,?,9,0.0,0.0,E,8
10/05/2019,08:00,640.043,1366.131,141.91,1,8,0.818,1,8,141.527,1,8,17029.2,1,8,77.669,1,8,15568.01,1,8,96.255,1,8,-9900,?,9,-9900,?,9,11.79,E,8,9.54,E,8,86.0,E,8,872.5394,E,8,999.0,E,8,1.37,E,8,-9900,?,9,-9900,?,9,0.0,E,8,-9900,?,9,-9900,?,9,0.0,0.0,E,8
10/05/2019,09:00,909.261,1366.131,258.98,1,8,7.269,1,8,254.144,1,8,31077.6,1,8,690.557,1,8,27955.809,1,8,121.589,1,8,-9900,?,9,-9900,?,9,13.15,E,8,10.28,E,8,82.0,E,8,872.5394,E,8,999.0,E,8,1.36,E,8,-9900,?,9,-9900,?,9,0.0,E,8,-9900,?,9,-9900,?,9,0.0,0.0,E,8
10/05/2019,10:00,1119.351,1366.131,357.65,1,8,6.553,1,8,352.282,1,8,42918.0,1,8,622.514,1,8,38750.987,1,8,136.876,1,8,-9900,?,9,-9900,?,9,14.41,E,8,10.94,E,8,79.0,E,8,872.5394,E,8,999.0,E,8,1.41,E,8,-9900,?,9,-9900,?,9,0.0,E,8,-9900,?,9,-9900,?,9,0.0,0.0,E,8
10/05/2019,11:00,1255.914,1366.131,429.44,1,8,33.772,1,8,398.394,1,8,51532.8,1,8,3208.334,1,8,43823.381,1,8,137.949,1,8,-9900,?,9,-9900,?,9,15.49,E,8,11.48,E,8,77.0,E,8,872.5394,E,8,999.0,E,8,0.99,E,8,-9900,?,9,-9900,?,9,0.0,E,8,-9900,?,9,-9900,?,9,0.0,0.0,E,8
10/05/2019,12:00,1309.624,1366.131,468.94,1,8,38.095,1,8,432.422,1,8,56272.8,1,8,3619.036,1,8,47566.368,1,8,143.587,1,8,-9900,?,9,-9900,?,9,16.37,E,8,11.91,E,8,74.0,E,8,872.5394,E,8,999.0,E,8,1.55,E,8,-9900,?,9,-9900,?,9,0.0,E,8,-9900,?,9,-9900,?,9,0.0,0.0,E,8
10/05/2019,13:00,1276.823,1366.131,473.28,1,8,43.599,1,8,432.533,1,8,56793.6,1,8,4141.875,1,8,47578.653,1,8,147.316,1,8,-9900,?,9,-9900,?,9,17.01,E,8,12.22,E,8,73.0,E,8,872.5394,E,8,999.0,E,8,1.08,E,8,-9900,?,9,-9900,?,9,0.0,E,8,-9900,?,9,-9900,?,9,0.0,0.0,E,8
10/05/2019,14:00,1159.766,1366.131,442.17,1,8,28.287,1,8,418.159,1,8,53060.4,1,8,2687.246,1,8,45997.477,1,8,156.806,1,8,-9900,?,9,-9900,?,9,17.4,E,8,12.4,E,8,72.0,E,8,872.5394,E,8,999.0,E,8,1.41,E,8,-9900,?,9,-9900,?,9,0.0,E,8,-9900,?,9,-9900,?,9,0.0,0.0,E,8
10/05/2019,15:00,966.469,1366.131,377.84,1,8,27.956,1,8,358.068,1,8,45340.8,1,8,2655.827,1,8,39387.512,1,8,161.156,1,8,-9900,?,9,-9900,?,9,17.54,E,8,12.47,E,8,72.0,E,8,872.5394,E,8,999.0,E,8,1.68,E,8,-9900,?,9,-9900,?,9,0.0,E,8,-9900,?,9,-9900,?,9,0.0,0.0,E,8
10/05/2019,16:00,710.189,1366.131,285.1,1,8,82.463,1,8,242.265,1,8,34212.0,1,8,7834.003,1,8,26649.152,1,8,148.458,1,8,-9900,?,9,-9900,?,9,17.36,E,8,12.38,E,8,72.0,E,8,872.5394,E,8,999.0,E,8,2.26,E,8,-9900,?,9,-9900,?,9,0.0,E,8,-9900,?,9,-9900,?,9,0.0,0.0,E,8
10/05/2019,17:00,408.667,1366.131,171.53,1,8,194.541,1,8,113.505,1,8,20583.6,1,8,18481.43,1,8,12485.592,1,8,121.134,1,8,-9900,?,9,-9900,?,9,16.8,E,8,12.12,E,8,73.0,E,8,872.5394,E,8,999.0,E,8,2.74,E,8,-9900,?,9,-9900,?,9,0.0,E,8,-9900,?,9,-9900,?,9,0.0,0.0,E,8
10/05/2019,18:00,85.342,1366.131,51.39,1,8,290.909,1,8,34.287,1,8,6166.8,1,8,27636.309,1,8,3771.588,1,8,185.639,1,8,-9900,?,9,-9900,?,9,15.94,E,8,11.7,E,8,75.0,E,8,872.5394,E,8,999.0,E,8,2.48,E,8,-9900,?,9,-9900,?,9,0.0,E,8,-9900,?,9,-9900,?,9,0.0,0.0,E,8
10/05/2019,19:00,0.0,1366.131,0.0,1,8,0.0,1,8,0.0,1,8,0.0,1,8,0.0,1,8,0.0,1,8,-0.0,1,8,-9900,?,9,-9900,?,9,15.28,E,8,11.38,E,8,77.0,E,8,872.5394,E,8,999.0,E,8,2.32,E,8,-9900,?,9,-9900,?,9,0.0,E,8,-9900,?,9,-9900,?,9,0.0,0.0,E,8
10/05/2019,20:00,0.0,1366.131,0.0,1,8,0.0,1,8,0.0,1,8,0.0,1,8,0.0,1,8,0.0,1,8,-0.0,1,8,-9900,?,9,-9900,?,9,14.61,E,8,11.04,E,8,79.0,E,8,872.5394,E,8,999.0,E,8,2.13,E,8,-9900,?,9,-9900,?,9,0.0,E,8,-9900,?,9,-9900,?,9,0.0,0.0,E,8
10/05/2019,21:00,0.0,1366.131,0.0,1,8,0.0,1,8,0.0,1,8,0.0,1,8,0.0,1,8,0.0,1,8,-0.0,1,8,-9900,?,9,-9900,?,9,13.94,E,8,10.69,E,8,80.0,E,8,872.5394,E,8,999.0,E,8,1.41,E,8,-9900,?,9,-9900,?,9,0.0,E,8,-9900,?,9,-9900,?,9,0.0,0.0,E,8
10/05/2019,22:00,0.0,1366.131,0.0,1,8,0.0,1,8,0.0,1,8,0.0,1,8,0.0,1,8,0.0,1,8,-0.0,1,8,-9900,?,9,-9900,?,9,13.27,E,8,10.34,E,8,82.0,E,8,872.5394,E,8,999.0,E,8,1.32,E,8,-9900,?,9,-9900,?,9,0.0,E,8,-9900,?,9,-9900,?,9,0.0,0.0,E,8
10/05/2019,23:00,0.0,1366.131,0.0,1,8,0.0,1,8,0.0,1,8,0.0,1,8,0.0,1,8,0.0,1,8,-0.0,1,8,-9900,?,9,-9900,?,9,12.6,E,8,9.98,E,8,84.0,E,8,872.5394,E,8,999.0,E,8,2.12,E,8,-9900,?,9,-9900,?,9,0.0,E,8,-9900,?,9,-9900,?,9,0.0,0.0,E,8
10/05/2019,24:00,0.0,1366.131,0.0,1,8,0.0,1,8,0.0,1,8,0.0,1,8,0.0,1,8,0.0,1,8,-0.0,1,8,-9900,?,9,-9900,?,9,11.93,E,8,10.46,E,8,90.0,E,8,872.5394,E,8,999.0,E,8,3.37,E,8,-9900,?,9,-9900,?,9,0.0,E,8,-9900,?,9,-9900,?,9,0.0,0.0,E,8
10/06/2019,01:00,0.0,1366.131,0.0,1,8,0.0,1,8,0.0,1,8,0.0,1,8,0.0,1,8,0.0,1,8,-0.0,1,8,-9900,?,9,-9900,?,9,11.6,E,8,10.36,E,8,92.0,E,8,872.5394,E,8,999.0,E,8,2.82,E,8,-9900,?,9,-9900,?,9,0.0,E,8,-9900,?,9,-9900,?,9,0.0,0.0,E,8
10/06/2019,02:00,0.0,1366.131,0.0,1,8,0.0,1,8,0.0,1,8,0.0,1,8,0.0,1,8,0.0,1,8,-0.0,1,8,-9900,?,9,-9900,?,9,11.26,E,8,10.26,E,8,93.0,E,8,872.5394,E,8,999.0,E,8,3.32,E,8,-9900,?,9,-9900,?,9,0.0,E,8,-9900,?,9,-9900,?,9,0.0,0.0,E,8
10/06/2019,03:00,0.0,1366.131,0.0,1,8,0.0,1,8,0.0,1,8,0.0,1,8,0.0,1,8,0.0,1,8,-0.0,1,8,-9900,?,9,-9900,?,9,10.93,E,8,10.16,E,8,95.0,E,8,872.5394,E,8,999.0,E,8,3.86,E,8,-9900,?,9,-9900,?,9,0.0,E,8,-9900,?,9,-9900,?,9,0.0,0.0,E,8
10/06/2019,04:00,0.0,1366.936,0.0,1,8,0.0,1,8,0.0,1,8,0.0,1,8,0.0,1,8,0.0,1,8,-0.0,1,8,-9900,?,9,-9900,?,9,10.6,E,8,10.06,E,8,96.0,E,8,872.5394,E,8,999.0,E,8,4.55,E,8,-9900,?,9,-9900,?,9,0.0,E,8,-9900,?,9,-9900,?,9,0.0,0.0,E,8
10/06/2019,05:00,0.0,1366.936,0.0,1,8,0.0,1,8,0.0,1,8,0.0,1,8,0.0,1,8,0.0,1,8,-0.0,1,8,-9900,?,9,-9900,?,9,10.3,E,8,9.97,E,8,97.0,E,8,872.5394,E,8,999.0,E,8,4.33,E,8,-9900,?,9,-9900,?,9,0.0,E,8,-9900,?,9,-9900,?,9,0.0,0.0,E,8
10/06/2019,06:00,14.644,1366.936,0.0,1,8,0.0,1,8,0.0,1,8,0.0,1,8,0.0,1,8,0.0,1,8,0.0,1,8,-9900,?,9,-9900,?,9,10.08,E,8,9.9,E,8,98.0,E,8,872.5394,E,8,999.0,E,8,5.48,E,8,-9900,?,9,-9900,?,9,0.0,E,8,-9900,?,9,-9900,?,9,0.0,0.0,E,8
10/06/2019,07:00,335.362,1366.936,22.48,1,8,0.0,1,8,22.48,1,8,2697.6,1,8,0.0,1,8,2472.8,1,8,29.297,1,8,-9900,?,9,-9900,?,9,9.86,E,8,9.83,E,8,99.0,E,8,872.5394,E,8,999.0,E,8,5.76,E,8,-9900,?,9,-9900,?,9,0.0,E,8,-9900,?,9,-9900,?,9,0.0,0.0,E,8
10/06/2019,08:00,644.838,1366.936,119.04,1,8,0.0,1,8,119.04,1,8,14284.8,1,8,0.0,1,8,13094.4,1,8,80.405,1,8,-9900,?,9,-9900,?,9,12.01,E,8,10.48,E,8,90.0,E,8,872.5394,E,8,999.0,E,8,5.87,E,8,-9900,?,9,-9900,?,9,0.0,E,8,-9900,?,9,-9900,?,9,0.0,0.0,E,8
10/06/2019,09:00,913.809,1366.936,216.01,1,8,3.081,1,8,213.951,1,8,25921.2,1,8,292.702,1,8,23534.613,1,8,101.91,1,8,-9900,?,9,-9900,?,9,13.48,E,8,10.92,E,8,84.0,E,8,872.5394,E,8,999.0,E,8,6.36,E,8,-9900,?,9,-9900,?,9,0.0,E,8,-9900,?,9,-9900,?,9,0.0,0.0,E,8
10/06/2019,10:00,1123.566,1366.936,297.68,1,8,9.842,1,8,289.591,1,8,35721.6,1,8,935.005,1,8,31855.042,1,8,112.162,1,8,-9900,?,9,-9900,?,9,14.84,E,8,11.3,E,8,79.0,E,8,872.5394,E,8,999.0,E,8,7.5,E,8,-9900,?,9,-9900,?,9,0.0,E,8,-9900,?,9,-9900,?,9,0.0,0.0,E,8
10/06/2019,11:00,1259.734,1366.936,357.04,1,8,21.366,1,8,337.35,1,8,42844.8,1,8,2029.809,1,8,37108.531,1,8,116.526,1,8,-9900,?,9,-9900,?,9,16.01,E,8,11.63,E,8,75.0,E,8,872.5394,E,8,999.0,E,8,6.37,E,8,-9900,?,9,-9900,?,9,0.0,E,8,-9900,?,9,-9900,?,9,0.0,0.0,E,8
10/06/2019,12:00,1313.014,1366.936,389.62,1,8,23.347,1,8,367.194,1,8,46754.4,1,8,2217.969,1,8,40391.395,1,8,121.685,1,8,-9900,?,9,-9900,?,9,16.96,E,8,11.89,E,8,72.0,E,8,872.5394,E,8,999.0,E,8,5.84,E,8,-9900,?,9,-9900,?,9,0.0,E,8,-9900,?,9,-9900,?,9,0.0,0.0,E,8
10/06/2019,13:00,1279.778,1366.936,393.07,1,8,25.148,1,8,369.527,1,8,47168.4,1,8,2389.034,1,8,40647.939,1,8,125.64,1,8,-9900,?,9,-9900,?,9,17.65,E,8,12.08,E,8,69.0,E,8,872.5394,E,8,999.0,E,8,4.36,E,8,-9900,?,9,-9900,?,9,0.0,E,8,-9900,?,9,-9900,?,9,0.0,0.0,E,8
10/06/2019,14:00,1162.311,1366.936,367.14,1,8,19.942,1,8,350.186,1,8,44056.8,1,8,1894.448,1,8,38520.408,1,8,131.106,1,8,-9900,?,9,-9900,?,9,18.08,E,8,12.19,E,8,68.0,E,8,872.5394,E,8,999.0,E,8,4.76,E,8,-9900,?,9,-9900,?,9,0.0,E,8,-9900,?,9,-9900,?,9,0.0,0.0,E,8
10/06/2019,15:00,968.658,1366.936,313.72,1,8,13.434,1,8,304.203,1,8,37646.4,1,8,1276.273,1,8,33462.292,1,8,136.684,1,8,-9900,?,9,-9900,?,9,18.22,E,8,12.23,E,8,68.0,E,8,872.5394,E,8,999.0,E,8,4.93,E,8,-9900,?,9,-9900,?,9,0.0,E,8,-9900,?,9,-9900,?,9,0.0,0.0,E,8
10/06/2019,16:00,712.101,1366.936,236.76,1,8,20.462,1,8,226.109,1,8,28411.2,1,8,1943.902,1,8,24871.958,1,8,138.266,1,8,-9900,?,9,-9900,?,9,18.02,E,8,12.18,E,8,68.0,E,8,872.5394,E,8,999.0,E,8,4.18,E,8,-9900,?,9,-9900,?,9,0.0,E,8,-9900,?,9,-9900,?,9,0.0,0.0,E,8
10/06/2019,17:00,410.394,1366.936,142.59,1,8,84.556,1,8,117.278,1,8,17110.8,1,8,8032.816,1,8,12900.553,1,8,124.704,1,8,-9900,?,9,-9900,?,9,17.42,E,8,12.02,E,8,70.0,E,8,872.5394,E,8,999.0,E,8,3.21,E,8,-9900,?,9,-9900,?,9,0.0,E,8,-9900,?,9,-9900,?,9,0.0,0.0,E,8
10/06/2019,18:00,86.942,1366.936,42.97,1,8,200.464,1,8,30.948,1,8,5156.4,1,8,19044.067,1,8,3404.281,1,8,164.264,1,8,-9900,?,9,-9900,?,9,16.49,E,8,11.76,E,8,73.0,E,8,872.5394,E,8,999.0,E,8,2.6,E,8,-9900,?,9,-9900,?,9,0.0,E,8,-9900,?,9,-9900,?,9,0.0,0.0,E,8
10/06/2019,19:00,0.0,1366.936,0.0,1,8,0.0,1,8,0.0,1,8,0.0,1,8,0.0,1,8,0.0,1,8,-0.0,1,8,-9900,?,9,-9900,?,9,15.93,E,8,11.61,E,8,75.0,E,8,872.5394,E,8,999.0,E,8,3.34,E,8,-9900,?,9,-9900,?,9,0.0,E,8,-9900,?,9,-9900,?,9,0.0,0.0,E,8
10/06/2019,20:00,0.0,1366.936,0.0,1,8,0.0,1,8,0.0,1,8,0.0,1,8,0.0,1,8,0.0,1,8,-0.0,1,8,-9900,?,9,-9900,?,9,15.38,E,8,11.46,E,8,77.0,E,8,872.5394,E,8,999.0,E,8,2.54,E,8,-9900,?,9,-9900,?,9,0.0,E,8,-9900,?,9,-9900,?,9,0.0,0.0,E,8
10/06/2019,21:00,0.0,1366.936,0.0,1,8,0.0,1,8,0.0,1,8,0.0,1,8,0.0,1,8,0.0,1,8,-0.0,1,8,-9900,?,9,-9900,?,9,14.83,E,8,11.3,E,8,79.0,E,8,872.5394,E,8,999.0,E,8,3.3,E,8,-9900,?,9,-9900,?,9,0.0,E,8,-9900,?,9,-9900,?,9,0.0,0.0,E,8
10/06/2019,22:00,0.0,1366.936,0.0,1,8,0.0,1,8,0.0,1,8,0.0,1,8,0.0,1,8,0.0,1,8,-0.0,1,8,-9900,?,9,-9900,?,9,14.28,E,8,11.14,E,8,81.0,E,8,872.5394,E,8,999.0,E,8,2.07,E,8,-9900,?,9,-9900,?,9,0.0,E,8,-9900,?,9,-9900,?,9,0.0,0.0,E,8
10/06/2019,23:00,0.0,1366.936,0.0,1,8,0.0,1,8,0.0,1,8,0.0,1,8,0.0,1,8,0.0,1,8,-0.0,1,8,-9900,?,9,-9900,?,9,13.72,E,8,10.98,E,8,83.0,E,8,872.5394,E,8,999.0,E,8,3.06,E,8,-9900,?,9,-9900,?,9,0.0,E,8,-9900,?,9,-9900,?,9,0.0,0.0,E,8
10/06/2019,24:00,0.0,1366.936,0.0,1,8,0.0,1,8,0.0,1,8,0.0,1,8,0.0,1,8,0.0,1,8,-0.0,1,8,-9900,?,9,-9900,?,9,13.17,E,8,12.01,E,8,88.0,E,8,872.5394,E,8,999.0,E,8,5.16,E,8,-9900,?,9,-9900,?,9,0.0,E,8,-9900,?,9,-9900,?,9,0.0,0.0,E,8
10/07/2019,01:00,0.0,1366.936,0.0,1,8,0.0,1,8,0.0,1,8,0.0,1,8,0.0,1,8,0.0,1,8,-0.0,1,8,-9900,?,9,-9900,?,9,12.9,E,8,11.92,E,8,89.0,E,8,872.5394,E,8,999.0,E,8,4.99,E,8,-9900,?,9,-9900,?,9,0.0,E,8,-9900,?,9,-9900,?,9,0.0,0.0,E,8
10/07/2019,02:00,0.0,1366.936,0.0,1,8,0.0,1,8,0.0,1,8,0.0,1,8,0.0,1,8,0.0,1,8,-0.0,1,8,-9900,?,9,-9900,?,9,12.62,E,8,11.83,E,8,90.0,E,8,872.5394,E,8,999.0,E,8,5.46,E,8,-9900,?,9,-9900,?,9,0.0,E,8,-9900,?,9,-9900,?,9,0.0,0.0,E,8
10/07/2019,03:00,0.0,1366.936,0.0,1,8,0.0,1,8,0.0,1,8,0.0,1,8,0.0,1,8,0.0,1,8,-0.0,1,8,-9900,?,9,-9900,?,9,12.34,E,8,11.74,E,8,91.0,E,8,872.5394,E,8,999.0,E,8,6.45,E,8,-9900,?,9,-9900,?,9,0.0,E,8,-9900,?,9,-9900,?,9,0.0,0.0,E,8
10/07/2019,04:00,0.0,1367.743,0.0,1,8,0.0,1,8,0.0,1,8,0.0,1,8,0.0,1,8,0.0,1,8,-0.0,1,8,-9900,?,9,-9900,?,9,12.07,E,8,11.64,E,8,95.0,E,8,872.5394,E,8,999.0,E,8,7.73,E,8,-9900,?,9,-9900,?,9,0.003,E,8,-9900,?,9,-9900,?,9,0.03,99.0,E,8
10/07/2019,05:00,0.0,1367.743,0.0,1,8,0.0,1,8,0.0,1,8,0.0,1,8,0.0,1,8,0.0,1,8,-0.0,1,8,-9900,?,9,-9900,?,9,11.82,E,8,11.56,E,8,99.0,E,8,872.5394,E,8,999.0,E,8,6.65,E,8,-9900,?,9,-9900,?,9,0.361,E,8,-9900,?,9,-9900,?,9,3.61,99.0,E,8
10/07/2019,06:00,18.946,1367.743,0.0,1,8,0.0,1,8,0.0,1,8,0.0,1,8,0.0,1,8,0.0,1,8,0.0,1,8,-9900,?,9,-9900,?,9,11.64,E,8,11.5,E,8,96.0,E,8,872.5394,E,8,999.0,E,8,5.48,E,8,-9900,?,9,-9900,?,9,0.019,E,8,-9900,?,9,-9900,?,9,0.19,99.0,E,8
10/07/2019,07:00,340.238,1367.743,16.74,1,8,0.0,1,8,16.74,1,8,2008.8,1,8,0.0,1,8,1841.4,1,8,21.514,1,8,-9900,?,9,-9900,?,9,11.46,E,8,11.43,E,8,97.0,E,8,872.5394,E,8,999.0,E,8,5.94,E,8,-9900,?,9,-9900,?,9,0.009,E,8,-9900,?,9,-9900,?,9,0.09,99.0,E,8
10/07/2019,08:00,649.57,1367.743,74.03,1,8,0.0,1,8,74.03,1,8,8883.6,1,8,0.0,1,8,8143.3,1,8,49.668,1,8,-9900,?,9,-9900,?,9,12.7,E,8,11.86,E,8,93.0,E,8,872.5394,E,8,999.0,E,8,5.71,E,8,-9900,?,9,-9900,?,9,0.001,E,8,-9900,?,9,-9900,?,9,0.01,99.0,E,8
10/07/2019,09:00,918.287,1367.743,125.65,1,8,0.0,1,8,125.65,1,8,15078.0,1,8,0.0,1,8,13821.5,1,8,59.593,1,8,-9900,?,9,-9900,?,9,13.43,E,8,12.1,E,8,88.0,E,8,872.5394,E,8,999.0,E,8,5.88,E,8,-9900,?,9,-9900,?,9,0.0,E,8,-9900,?,9,-9900,?,9,0.0,0.0,E,8
10/07/2019,10:00,1127.707,1367.743,205.93,1,8,2.167,1,8,204.144,1,8,24711.6,1,8,205.85,1,8,22455.805,1,8,78.823,1,8,-9900,?,9,-9900,?,9,14.34,E,8,12.4,E,8,89.0,E,8,872.5394,E,8,999.0,E,8,6.15,E,8,-9900,?,9,-9900,?,9,0.005,E,8,-9900,?,9,-9900,?,9,0.05,99.0,E,8
10/07/2019,11:00,1263.482,1367.743,254.45,1,8,3.381,1,8,251.327,1,8,30534.0,1,8,321.169,1,8,27645.985,1,8,86.606,1,8,-9900,?,9,-9900,?,9,15.16,E,8,12.67,E,8,83.0,E,8,872.5394,E,8,999.0,E,8,4.73,E,8,-9900,?,9,-9900,?,9,0.0,E,8,-9900,?,9,-9900,?,9,0.0,0.0,E,8
10/07/2019,12:00,1316.338,1367.743,317.15,1,8,4.071,1,8,313.232,1,8,38058.0,1,8,386.716,1,8,34455.563,1,8,103.601,1,8,-9900,?,9,-9900,?,9,15.98,E,8,12.93,E,8,81.0,E,8,872.5394,E,8,999.0,E,8,2.06,E,8,-9900,?,9,-9900,?,9,0.0,E,8,-9900,?,9,-9900,?,9,0.0,0.0,E,8
10/07/2019,13:00,1282.678,1367.743,286.64,1,8,6.508,1,8,280.537,1,8,34396.8,1,8,618.222,1,8,30859.111,1,8,95.224,1,8,-9900,?,9,-9900,?,9,16.46,E,8,13.08,E,8,80.0,E,8,872.5394,E,8,999.0,E,8,1.67,E,8,-9900,?,9,-9900,?,9,0.0,E,8,-9900,?,9,-9900,?,9,0.0,0.0,E,8
10/07/2019,14:00,1164.816,1367.743,246.12,1,8,5.457,1,8,241.473,1,8,29534.4,1,8,518.461,1,8,26562.001,1,8,90.264,1,8,-9900,?,9,-9900,?,9,16.67,E,8,13.14,E,8,79.0,E,8,872.5394,E,8,999.0,E,8,1.81,E,8,-9900,?,9,-9900,?,9,0.0,E,8,-9900,?,9,-9900,?,9,0.0,0.0,E,8
10/07/2019,15:00,970.823,1367.743,192.81,1,8,1.782,1,8,191.546,1,8,23137.2,1,8,169.255,1,8,21070.034,1,8,85.924,1,8,-9900,?,9,-9900,?,9,16.68,E,8,13.14,E,8,79.0,E,8,872.5394,E,8,999.0,E,8,2.85,E,8,-9900,?,9,-9900,?,9,0.0,E,8,-9900,?,9,-9900,?,9,0.0,0.0,E,8
10/07/2019,16:00,714.004,1367.743,174.61,1,8,4.088,1,8,172.478,1,8,20953.2,1,8,388.367,1,8,18972.532,1,8,105.251,1,8,-9900,?,9,-9900,?,9,16.6,E,8,13.12,E,8,79.0,E,8,872.5394,E,8,999.0,E,8,1.98,E,8,-9900,?,9,-9900,?,9,0.0,E,8,-9900,?,9,-9900,?,9,0.0,0.0,E,8
10/07/2019,17:00,412.131,1367.743,95.06,1,8,0.0,1,8,95.06,1,8,11407.2,1,8,0.0,1,8,10456.6,1,8,100.71,1,8,-9900,?,9,-9900,?,9,16.2,E,8,13.0,E,8,80.0,E,8,872.5394,E,8,999.0,E,8,1.33,E,8,-9900,?,9,-9900,?,9,0.0,E,8,-9900,?,9,-9900,?,9,0.0,0.0,E,8
10/07/2019,18:00,88.567,1367.743,30.73,1,8,71.056,1,8,26.384,1,8,3687.6,1,8,6750.312,1,8,2902.205,1,8,137.298,1,8,-9900,?,9,-9900,?,9,15.62,E,8,12.81,E,8,82.0,E,8,872.5394,E,8,999.0,E,8,1.7,E,8,-9900,?,9,-9900,?,9,0.0,E,8,-9900,?,9,-9900,?,9,0.0,0.0,E,8
10/07/2019,19:00,0.0,1367.743,0.0,1,8,0.0,1,8,0.0,1,8,0.0,1,8,0.0,1,8,0.0,1,8,-0.0,1,8,-9900,?,9,-9900,?,9,15.11,E,8,12.65,E,8,83.0,E,8,872.5394,E,8,999.0,E,8,2.6,E,8,-9900,?,9,-9900,?,9,0.0,E,8,-9900,?,9,-9900,?,9,0.0,0.0,E,8
10/07/2019,20:00,0.0,1367.743,0.0,1,8,0.0,1,8,0.0,1,8,0.0,1,8,0.0,1,8,0.0,1,8,-0.0,1,8,-9900,?,9,-9900,?,9,14.6,E,8,12.48,E,8,84.0,E,8,872.5394,E,8,999.0,E,8,2.99,E,8,-9900,?,9,-9900,?,9,0.0,E,8,-9900,?,9,-9900,?,9,0.0,0.0,E,8
10/07/2019,21:00,0.0,1367.743,0.0,1,8,0.0,1,8,0.0,1,8,0.0,1,8,0.0,1,8,0.0,1,8,-0.0,1,8,-9900,?,9,-9900,?,9,14.08,E,8,12.32,E,8,89.0,E,8,872.5394,E,8,999.0,E,8,2.67,E,8,-9900,?,9,-9900,?,9,0.002,E,8,-9900,?,9,-9900,?,9,0.02,99.0,E,8
10/07/2019,22:00,0.0,1367.743,0.0,1,8,0.0,1,8,0.0,1,8,0.0,1,8,0.0,1,8,0.0,1,8,-0.0,1,8,-9900,?,9,-9900,?,9,13.57,E,8,12.15,E,8,87.0,E,8,872.5394,E,8,999.0,E,8,1.84,E,8,-9900,?,9,-9900,?,9,0.0,E,8,-9900,?,9,-9900,?,9,0.0,0.0,E,8
10/07/2019,23:00,0.0,1367.743,0.0,1,8,0.0,1,8,0.0,1,8,0.0,1,8,0.0,1,8,0.0,1,8,-0.0,1,8,-9900,?,9,-9900,?,9,13.06,E,8,11.98,E,8,89.0,E,8,872.5394,E,8,999.0,E,8,2.11,E,8,-9900,?,9,-9900,?,9,0.0,E,8,-9900,?,9,-9900,?,9,0.0,0.0,E,8
10/07/2019,24:00,0.0,1367.743,0.0,1,8,0.0,1,8,0.0,1,8,0.0,1,8,0.0,1,8,0.0,1,8,-0.0,1,8,-9900,?,9,-9900,?,9,12.55,E,8,11.73,E,8,90.0,E,8,872.5394,E,8,999.0,E,8,2.01,E,8,-9900,?,9,-9900,?,9,0.0,E,8,-9900,?,9,-9900,?,9,0.0,0.0,E,8
10/08/2019,01:00,0.0,1367.743,0.0,1,8,0.0,1,8,0.0,1,8,0.0,1,8,0.0,1,8,0.0,1,8,-0.0,1,8,-9900,?,9,-9900,?,9,12.29,E,8,11.6,E,8,91.0,E,8,872.5394,E,8,999.0,E,8,1.39,E,8,-9900,?,9,-9900,?,9,0.0,E,8,-9900,?,9,-9900,?,9,0.0,0.0,E,8
10/08/2019,02:00,0.0,1367.743,0.0,1,8,0.0,1,8,0.0,1,8,0.0,1,8,0.0,1,8,0.0,1,8,-0.0,1,8,-9900,?,9,-9900,?,9,12.04,E,8,11.48,E,8,91.0,E,8,872.5394,E,8,999.0,E,8,1.36,E,8,-9900,?,9,-9900,?,9,0.0,E,8,-9900,?,9,-9900,?,9,0.0,0.0,E,8
10/08/2019,03:00,0.0,1367.743,0.0,1,8,0.0,1,8,0.0,1,8,0.0,1,8,0.0,1,8,0.0,1,8,-0.0,1,8,-9900,?,9,-9900,?,9,11.78,E,8,11.35,E,8,95.0,E,8,872.5394,E,8,999.0,E,8,1.76,E,8,-9900,?,9,-9900,?,9,0.001,E,8,-9900,?,9,-9900,?,9,0.01,99.0,E,8
10/08/2019,04:00,0.0,1368.55,0.0,1,8,0.0,1,8,0.0,1,8,0.0,1,8,0.0,1,8,0.0,1,8,-0.0,1,8,-9900,?,9,-9900,?,9,11.52,E,8,11.22,E,8,96.0,E,8,872.5394,E,8,999.0,E,8,1.52,E,8,-9900,?,9,-9900,?,9,0.002,E,8,-9900,?,9,-9900,?,9,0.02,99.0,E,8
10/08/2019,05:00,0.0,1368.55,0.0,1,8,0.0,1,8,0.0,1,8,0.0,1,8,0.0,1,8,0.0,1,8,-0.0,1,8,-9900,?,9,-9900,?,9,11.3,E,8,11.11,E,8,99.0,E,8,872.5394,E,8,999.0,E,8,1.43,E,8,-9900,?,9,-9900,?,9,0.191,E,8,-9900,?,9,-9900,?,9,1.91,99.0,E,8
10/08/2019,06:00,23.261,1368.55,0.0,1,8,0.0,1,8,0.0,1,8,0.0,1,8,0.0,1,8,0.0,1,8,0.0,1,8,-9900,?,9,-9900,?,9,11.13,E,8,11.02,E,8,96.0,E,8,872.5394,E,8,999.0,E,8,1.67,E,8,-9900,?,9,-9900,?,9,0.006,E,8,-9900,?,9,-9900,?,9,0.06,99.0,E,8
10/08/2019,07:00,345.058,1368.55,16.29,1,8,0.0,1,8,16.29,1,8,1954.8,1,8,0.0,1,8,1791.9,1,8,20.653,1,8,-9900,?,9,-9900,?,9,10.96,E,8,10.93,E,8,93.0,E,8,872.5394,E,8,999.0,E,8,1.29,E,8,-9900,?,9,-9900,?,9,0.0,E,8,-9900,?,9,-9900,?,9,0.0,0.0,E,8
10/08/2019,08:00,654.235,1368.55,80.26,1,8,0.0,1,8,80.26,1,8,9631.2,1,8,0.0,1,8,8828.6,1,8,53.494,1,8,-9900,?,9,-9900,?,9,12.51,E,8,11.71,E,8,90.0,E,8,872.5394,E,8,999.0,E,8,1.06,E,8,-9900,?,9,-9900,?,9,0.0,E,8,-9900,?,9,-9900,?,9,0.0,0.0,E,8
10/08/2019,09:00,922.691,1368.55,144.04,1,8,0.519,1,8,143.69,1,8,17284.8,1,8,49.328,1,8,15805.905,1,8,67.863,1,8,-9900,?,9,-9900,?,9,13.54,E,8,12.21,E,8,88.0,E,8,872.5394,E,8,999.0,E,8,1.06,E,8,-9900,?,9,-9900,?,9,0.0,E,8,-9900,?,9,-9900,?,9,0.0,0.0,E,8
10/08/2019,10:00,1131.773,1368.55,170.66,1,8,1.557,1,8,169.373,1,8,20479.2,1,8,147.917,1,8,18630.979,1,8,65.201,1,8,-9900,?,9,-9900,?,9,14.26,E,8,12.54,E,8,87.0,E,8,872.5394,E,8,999.0,E,8,1.18,E,8,-9900,?,9,-9900,?,9,0.0,E,8,-9900,?,9,-9900,?,9,0.0,0.0,E,8
10/08/2019,11:00,1267.157,1368.55,145.62,1,8,1.291,1,8,144.424,1,8,17474.4,1,8,122.682,1,8,15886.678,1,8,49.653,1,8,-9900,?,9,-9900,?,9,14.54,E,8,12.67,E,8,86.0,E,8,872.5394,E,8,999.0,E,8,1.65,E,8,-9900,?,9,-9900,?,9,0.0,E,8,-9900,?,9,-9900,?,9,0.0,0.0,E,8
10/08/2019,12:00,1319.596,1368.55,244.72,1,8,3.679,1,8,241.173,1,8,29366.4,1,8,349.468,1,8,26529.036,1,8,79.617,1,8,-9900,?,9,-9900,?,9,15.25,E,8,13.0,E,8,85.0,E,8,872.5394,E,8,999.0,E,8,1.84,E,8,-9900,?,9,-9900,?,9,0.0,E,8,-9900,?,9,-9900,?,9,0.0,0.0,E,8
10/08/2019,13:00,1285.523,1368.55,215.09,1,8,5.089,1,8,210.31,1,8,25810.8,1,8,483.456,1,8,23134.091,1,8,71.27,1,8,-9900,?,9,-9900,?,9,15.63,E,8,13.17,E,8,84.0,E,8,872.5394,E,8,999.0,E,8,2.18,E,8,-9900,?,9,-9900,?,9,0.0,E,8,-9900,?,9,-9900,?,9,0.0,0.0,E,8
10/08/2019,14:00,1167.279,1368.55,204.51,1,8,3.148,1,8,201.825,1,8,24541.2,1,8,299.046,1,8,22200.793,1,8,75.329,1,8,-9900,?,9,-9900,?,9,15.87,E,8,13.28,E,8,83.0,E,8,872.5394,E,8,999.0,E,8,1.06,E,8,-9900,?,9,-9900,?,9,0.0,E,8,-9900,?,9,-9900,?,9,0.0,0.0,E,8
10/08/2019,15:00,972.963,1368.55,259.41,1,8,9.82,1,8,252.43,1,8,31129.2,1,8,932.914,1,8,27767.347,1,8,113.053,1,8,-9900,?,9,-9900,?,9,16.25,E,8,13.44,E,8,83.0,E,8,872.5394,E,8,999.0,E,8,1.14,E,8,-9900,?,9,-9900,?,9,0.0,E,8,-9900,?,9,-9900,?,9,0.0,0.0,E,8
10/08/2019,16:00,715.9,1368.55,230.26,1,8,17.544,1,8,221.09,1,8,27631.2,1,8,1666.683,1,8,24319.867,1,8,134.637,1,8,-9900,?,9,-9900,?,9,16.46,E,8,13.54,E,8,82.0,E,8,872.5394,E,8,999.0,E,8,2.03,E,8,-9900,?,9,-9900,?,9,0.0,E,8,-9900,?,9,-9900,?,9,0.0,0.0,E,8
10/08/2019,17:00,413.878,1368.55,115.08,1,8,6.991,1,8,112.972,1,8,13809.6,1,8,664.191,1,8,12426.886,1,8,119.249,1,8,-9900,?,9,-9900,?,9,16.18,E,8,13.41,E,8,83.0,E,8,872.5394,E,8,999.0,E,8,2.85,E,8,-9900,?,9,-9900,?,9,0.0,E,8,-9900,?,9,-9900,?,9,0.0,0.0,E,8
10/08/2019,18:00,90.219,1368.55,28.81,1,8,89.679,1,8,23.216,1,8,3457.2,1,8,8519.516,1,8,2553.719,1,8,118.46,1,8,-9900,?,9,-9900,?,9,15.56,E,8,13.14,E,8,84.0,E,8,872.5394,E,8,999.0,E,8,1.3,E,8,-9900,?,9,-9900,?,9,0.0,E,8,-9900,?,9,-9900,?,9,0.0,0.0,E,8
10/08/2019,19:00,0.0,1368.55,0.0,1,8,0.0,1,8,0.0,1,8,0.0,1,8,0.0,1,8,0.0,1,8,-0.0,1,8,-9900,?,9,-9900,?,9,15.0,E,8,12.88,E,8,85.0,E,8,872.5394,E,8,999.0,E,8,1.06,E,8,-9900,?,9,-9900,?,9,0.0,E,8,-9900,?,9,-9900,?,9,0.0,0.0,E,8
10/08/2019,20:00,0.0,1368.55,0.0,1,8,0.0,1,8,0.0,1,8,0.0,1,8,0.0,1,8,0.0,1,8,-0.0,1,8,-9900,?,9,-9900,?,9,14.45,E,8,12.63,E,8,86.0,E,8,872.5394,E,8,999.0,E,8,1.06,E,8,-9900,?,9,-9900,?,9,0.0,E,8,-9900,?,9,-9900,?,9,0.0,0.0,E,8
10/08/2019,21:00,0.0,1368.55,0.0,1,8,0.0,1,8,0.0,1,8,0.0,1,8,0.0,1,8,0.0,1,8,-0.0,1,8,-9900,?,9,-9900,?,9,13.9,E,8,12.38,E,8,87.0,E,8,872.5394,E,8,999.0,E,8,1.71,E,8,-9900,?,9,-9900,?,9,0.0,E,8,-9900,?,9,-9900,?,9,0.0,0.0,E,8
10/08/2019,22:00,0.0,1368.55,0.0,1,8,0.0,1,8,0.0,1,8,0.0,1,8,0.0,1,8,0.0,1,8,-0.0,1,8,-9900,?,9,-9900,?,9,13.35,E,8,12.12,E,8,89.0,E,8,872.5394,E,8,999.0,E,8,2.58,E,8,-9900,?,9,-9900,?,9,0.0,E,8,-9900,?,9,-9900,?,9,0.0,0.0,E,8
10/08/2019,23:00,0.0,1368.55,0.0,1,8,0.0,1,8,0.0,1,8,0.0,1,8,0.0,1,8,0.0,1,8,-0.0,1,8,-9900,?,9,-9900,?,9,12.8,E,8,11.85,E,8,90.0,E,8,872.5394,E,8,999.0,E,8,1.3,E,8,-9900,?,9,-9900,?,9,0.0,E,8,-9900,?,9,-9900,?,9,0.0,0.0,E,8
10/08/2019,24:00,0.0,1368.55,0.0,1,8,0.0,1,8,0.0,1,8,0.0,1,8,0.0,1,8,0.0,1,8,-0.0,1,8,-9900,?,9,-9900,?,9,12.25,E,8,9.87,E,8,85.0,E,8,872.5394,E,8,999.0,E,8,0.24,E,8,-9900,?,9,-9900,?,9,0.0,E,8,-9900,?,9,-9900,?,9,0.0,0.0,E,8
10/09/2019,01:00,0.0,1368.55,0.0,1,8,0.0,1,8,0.0,1,8,0.0,1,8,0.0,1,8,0.0,1,8,-0.0,1,8,-9900,?,9,-9900,?,9,11.98,E,8,9.84,E,8,86.0,E,8,872.5394,E,8,999.0,E,8,0.24,E,8,-9900,?,9,-9900,?,9,0.0,E,8,-9900,?,9,-9900,?,9,0.0,0.0,E,8
10/09/2019,02:00,0.0,1368.55,0.0,1,8,0.0,1,8,0.0,1,8,0.0,1,8,0.0,1,8,0.0,1,8,-0.0,1,8,-9900,?,9,-9900,?,9,11.7,E,8,9.81,E,8,88.0,E,8,872.5394,E,8,999.0,E,8,0.24,E,8,-9900,?,9,-9900,?,9,0.0,E,8,-9900,?,9,-9900,?,9,0.0,0.0,E,8
10/09/2019,03:00,0.0,1368.55,0.0,1,8,0.0,1,8,0.0,1,8,0.0,1,8,0.0,1,8,0.0,1,8,-0.0,1,8,-9900,?,9,-9900,?,9,11.43,E,8,9.78,E,8,89.0,E,8,872.5394,E,8,999.0,E,8,0.24,E,8,-9900,?,9,-9900,?,9,0.0,E,8,-9900,?,9,-9900,?,9,0.0,0.0,E,8
10/09/2019,04:00,0.0,1369.357,0.0,1,8,0.0,1,8,0.0,1,8,0.0,1,8,0.0,1,8,0.0,1,8,-0.0,1,8,-9900,?,9,-9900,?,9,11.15,E,8,9.75,E,8,91.0,E,8,872.5394,E,8,999.0,E,8,0.24,E,8,-9900,?,9,-9900,?,9,0.0,E,8,-9900,?,9,-9900,?,9,0.0,0.0,E,8
10/09/2019,05:00,0.0,1369.357,0.0,1,8,0.0,1,8,0.0,1,8,0.0,1,8,0.0,1,8,0.0,1,8,-0.0,1,8,-9900,?,9,-9900,?,9,10.91,E,8,9.72,E,8,92.0,E,8,872.5394,E,8,999.0,E,8,0.24,E,8,-9900,?,9,-9900,?,9,0.0,E,8,-9900,?,9,-9900,?,9,0.0,0.0,E,8
10/09/2019,06:00,27.583,1369.357,0.0,1,8,0.0,1,8,0.0,1,8,0.0,1,8,0.0,1,8,0.0,1,8,0.0,1,8,-9900,?,9,-9900,?,9,10.73,E,8,9.7,E,8,93.0,E,8,872.5394,E,8,999.0,E,8,0.24,E,8,-9900,?,9,-9900,?,9,0.0,E,8,-9900,?,9,-9900,?,9,0.0,0.0,E,8
10/09/2019,07:00,349.821,1369.357,34.89,1,8,0.0,1,8,34.89,1,8,4186.8,1,8,0.0,1,8,3837.9,1,8,43.652,1,8,-9900,?,9,-9900,?,9,10.54,E,8,9.68,E,8,94.0,E,8,872.5394,E,8,999.0,E,8,0.24,E,8,-9900,?,9,-9900,?,9,0.0,E,8,-9900,?,9,-9900,?,9,0.0,0.0,E,8
10/09/2019,08:00,658.831,1369.357,166.23,1,8,6.455,1,8,163.127,1,8,19947.6,1,8,613.217,1,8,17944.014,1,8,108.029,1,8,-9900,?,9,-9900,?,9,12.62,E,8,9.9,E,8,83.0,E,8,872.5394,E,8,999.0,E,8,0.24,E,8,-9900,?,9,-9900,?,9,0.0,E,8,-9900,?,9,-9900,?,9,0.0,0.0,E,8
10/09/2019,09:00,927.02,1369.357,296.79,1,8,11.142,1,8,289.25,1,8,35614.8,1,8,1058.496,1,8,31817.469,1,8,136.051,1,8,-9900,?,9,-9900,?,9,13.98,E,8,10.05,E,8,77.0,E,8,872.5394,E,8,999.0,E,8,0.24,E,8,-9900,?,9,-9900,?,9,0.0,E,8,-9900,?,9,-9900,?,9,0.0,0.0,E,8
10/09/2019,10:00,1135.762,1369.357,406.49,1,8,9.541,1,8,398.577,1,8,48778.8,1,8,906.427,1,8,43843.508,1,8,152.985,1,8,-9900,?,9,-9900,?,9,15.22,E,8,10.18,E,8,71.0,E,8,872.5394,E,8,999.0,E,8,0.38,E,8,-9900,?,9,-9900,?,9,0.0,E,8,-9900,?,9,-9900,?,9,0.0,0.0,E,8
10/09/2019,11:00,1270.757,1369.357,486.0,1,8,17.113,1,8,470.12,1,8,58320.0,1,8,1625.739,1,8,51713.191,1,8,161.262,1,8,-9900,?,9,-9900,?,9,16.3,E,8,10.29,E,8,67.0,E,8,872.5394,E,8,999.0,E,8,0.58,E,8,-9900,?,9,-9900,?,9,0.0,E,8,-9900,?,9,-9900,?,9,0.0,0.0,E,8
10/09/2019,12:00,1322.788,1369.357,529.37,1,8,19.577,1,8,510.459,1,8,63524.4,1,8,1859.819,1,8,56150.504,1,8,168.208,1,8,-9900,?,9,-9900,?,9,17.16,E,8,10.38,E,8,64.0,E,8,872.5394,E,8,999.0,E,8,1.64,E,8,-9900,?,9,-9900,?,9,0.0,E,8,-9900,?,9,-9900,?,9,0.0,0.0,E,8
10/09/2019,13:00,1288.313,1369.357,533.44,1,8,3.857,1,8,529.811,1,8,64012.8,1,8,366.413,1,8,58279.258,1,8,179.26,1,8,-9900,?,9,-9900,?,9,17.8,E,8,10.44,E,8,62.0,E,8,872.5394,E,8,999.0,E,8,2.63,E,8,-9900,?,9,-9900,?,9,0.0,E,8,-9900,?,9,-9900,?,9,0.0,0.0,E,8
10/09/2019,14:00,1169.702,1369.357,497.94,1,8,73.018,1,8,435.575,1,8,59752.8,1,8,6936.706,1,8,47913.251,1,8,162.331,1,8,-9900,?,9,-9900,?,9,18.18,E,8,10.48,E,8,60.0,E,8,872.5394,E,8,999.0,E,8,2.55,E,8,-9900,?,9,-9900,?,9,0.0,E,8,-9900,?,9,-9900,?,9,0.0,0.0,E,8
10/09/2019,15:00,975.078,1369.357,425.42,1,8,109.93,1,8,347.164,1,8,51050.4,1,8,10443.356,1,8,38188.085,1,8,155.234,1,8,-9900,?,9,-9900,?,9,18.31,E,8,10.5,E,8,60.0,E,8,872.5394,E,8,999.0,E,8,2.33,E,8,-9900,?,9,-9900,?,9,0.0,E,8,-9900,?,9,-9900,?,9,0.0,0.0,E,8
10/09/2019,16:00,717.79,1369.357,321.31,1,8,124.54,1,8,256.079,1,8,38557.2,1,8,11831.268,1,8,28168.714,1,8,155.625,1,8,-9900,?,9,-9900,?,9,18.12,E,8,10.48,E,8,60.0,E,8,872.5394,E,8,999.0,E,8,1.9,E,8,-9900,?,9,-9900,?,9,0.0,E,8,-9900,?,9,-9900,?,9,0.0,0.0,E,8
10/09/2019,17:00,415.636,1369.357,194.09,1,8,244.624,1,8,120.051,1,8,23290.8,1,8,23239.279,1,8,13205.642,1,8,126.257,1,8,-9900,?,9,-9900,?,9,17.56,E,8,10.42,E,8,62.0,E,8,872.5394,E,8,999.0,E,8,1.79,E,8,-9900,?,9,-9900,?,9,0.0,E,8,-9900,?,9,-9900,?,9,0.0,0.0,E,8
10/09/2019,18:00,91.898,1369.357,59.54,1,8,255.932,1,8,43.259,1,8,7144.8,1,8,24313.579,1,8,4758.463,1,8,216.452,1,8,-9900,?,9,-9900,?,9,16.69,E,8,10.33,E,8,66.0,E,8,872.5394,E,8,999.0,E,8,1.73,E,8,-9900,?,9,-9900,?,9,0.0,E,8,-9900,?,9,-9900,?,9,0.0,0.0,E,8
10/09/2019,19:00,0.0,1369.357,0.0,1,8,0.0,1,8,0.0,1,8,0.0,1,8,0.0,1,8,0.0,1,8,-0.0,1,8,-9900,?,9,-9900,?,9,15.94,E,8,10.25,E,8,68.0,E,8,872.5394,E,8,999.0,E,8,0.62,E,8,-9900,?,9,-9900,?,9,0.0,E,8,-9900,?,9,-9900,?,9,0.0,0.0,E,8
10/09/2019,20:00,0.0,1369.357,0.0,1,8,0.0,1,8,0.0,1,8,0.0,1,8,0.0,1,8,0.0,1,8,-0.0,1,8,-9900,?,9,-9900,?,9,15.19,E,8,10.17,E,8,71.0,E,8,872.5394,E,8,999.0,E,8,0.4,E,8,-9900,?,9,-9900,?,9,0.0,E,8,-9900,?,9,-9900,?,9,0.0,0.0,E,8
10/09/2019,21:00,0.0,1369.357,0.0,1,8,0.0,1,8,0.0,1,8,0.0,1,8,0.0,1,8,0.0,1,8,-0.0,1,8,-9900,?,9,-9900,?,9,14.44,E,8,10.1,E,8,75.0,E,8,872.5394,E,8,999.0,E,8,0.36,E,8,-9900,?,9,-9900,?,9,0.0,E,8,-9900,?,9,-9900,?,9,0.0,0.0,E,8
10/09/2019,22:00,0.0,1369.357,0.0,1,8,0.0,1,8,0.0,1,8,0.0,1,8,0.0,1,8,0.0,1,8,-0.0,1,8,-9900,?,9,-9900,?,9,13.68,E,8,10.02,E,8,78.0,E,8,872.5394,E,8,999.0,E,8,0.3,E,8,-9900,?,9,-9900,?,9,0.0,E,8,-9900,?,9,-9900,?,9,0.0,0.0,E,8
10/09/2019,23:00,0.0,1369.357,0.0,1,8,0.0,1,8,0.0,1,8,0.0,1,8,0.0,1,8,0.0,1,8,-0.0,1,8,-9900,?,9,-9900,?,9,12.93,E,8,9.94,E,8,82.0,E,8,872.5394,E,8,999.0,E,8,0.24,E,8,-9900,?,9,-9900,?,9,0.0,E,8,-9900,?,9,-9900,?,9,0.0,0.0,E,8
10/09/2019,24:00,0.0,1369.357,0.0,1,8,0.0,1,8,0.0,1,8,0.0,1,8,0.0,1,8,0.0,1,8,-0.0,1,8,-9900,?,9,-9900,?,9,12.18,E,8,9.47,E,8,83.0,E,8,872.5394,E,8,999.0,E,8,1.39,E,8,-9900,?,9,-9900,?,9,0.0,E,8,-9900,?,9,-9900,?,9,0.0,0.0,E,8
10/10/2019,01:00,0.0,1369.357,0.0,1,8,0.0,1,8,0.0,1,8,0.0,1,8,0.0,1,8,0.0,1,8,-0.0,1,8,-9900,?,9,-9900,?,9,11.8,E,8,9.53,E,8,85.0,E,8,872.5394,E,8,999.0,E,8,1.28,E,8,-9900,?,9,-9900,?,9,0.0,E,8,-9900,?,9,-9900,?,9,0.0,0.0,E,8
10/10/2019,02:00,0.0,1369.357,0.0,1,8,0.0,1,8,0.0,1,8,0.0,1,8,0.0,1,8,0.0,1,8,-0.0,1,8,-9900,?,9,-9900,?,9,11.43,E,8,9.58,E,8,88.0,E,8,872.5394,E,8,999.0,E,8,1.46,E,8,-9900,?,9,-9900,?,9,0.0,E,8,-9900,?,9,-9900,?,9,0.0,0.0,E,8
10/10/2019,03:00,0.0,1369.357,0.0,1,8,0.0,1,8,0.0,1,8,0.0,1,8,0.0,1,8,0.0,1,8,-0.0,1,8,-9900,?,9,-9900,?,9,11.05,E,8,9.64,E,8,90.0,E,8,872.5394,E,8,999.0,E,8,1.48,E,8,-9900,?,9,-9900,?,9,0.0,E,8,-9900,?,9,-9900,?,9,0.0,0.0,E,8
10/10/2019,04:00,0.0,1370.164,0.0,1,8,0.0,1,8,0.0,1,8,0.0,1,8,0.0,1,8,0.0,1,8,-0.0,1,8,-9900,?,9,-9900,?,9,10.67,E,8,9.7,E,8,93.0,E,8,872.5394,E,8,999.0,E,8,2.11,E,8,-9900,?,9,-9900,?,9,0.0,E,8,-9900,?,9,-9900,?,9,0.0,0.0,E,8
10/10/2019,05:00,0.0,1370.164,0.0,1,8,0.0,1,8,0.0,1,8,0.0,1,8,0.0,1,8,0.0,1,8,-0.0,1,8,-9900,?,9,-9900,?,9,10.34,E,8,9.75,E,8,96.0,E,8,872.5394,E,8,999.0,E,8,1.29,E,8,-9900,?,9,-9900,?,9,0.0,E,8,-9900,?,9,-9900,?,9,0.0,0.0,E,8
10/10/2019,06:00,31.905,1370.164,0.0,1,8,0.0,1,8,0.0,1,8,0.0,1,8,0.0,1,8,0.0,1,8,0.0,1,8,-9900,?,9,-9900,?,9,10.09,E,8,9.78,E,8,97.0,E,8,872.5394,E,8,999.0,E,8,1.01,E,8,-9900,?,9,-9900,?,9,0.0,E,8,-9900,?,9,-9900,?,9,0.0,0.0,E,8
10/10/2019,07:00,354.522,1370.164,32.55,1,8,0.0,1,8,32.55,1,8,3906.0,1,8,0.0,1,8,3580.5,1,8,40.204,1,8,-9900,?,9,-9900,?,9,9.84,E,8,9.82,E,8,99.0,E,8,872.5394,E,8,999.0,E,8,1.01,E,8,-9900,?,9,-9900,?,9,0.0,E,8,-9900,?,9,-9900,?,9,0.0,0.0,E,8
10/10/2019,08:00,663.355,1370.164,150.25,1,8,2.095,1,8,149.237,1,8,18030.0,1,8,199.029,1,8,16416.034,1,8,98.213,1,8,-9900,?,9,-9900,?,9,12.12,E,8,9.48,E,8,83.0,E,8,872.5394,E,8,999.0,E,8,1.01,E,8,-9900,?,9,-9900,?,9,0.0,E,8,-9900,?,9,-9900,?,9,0.0,0.0,E,8
10/10/2019,09:00,931.272,1370.164,266.88,1,8,7.468,1,8,261.806,1,8,32025.6,1,8,709.488,1,8,28798.626,1,8,122.652,1,8,-9900,?,9,-9900,?,9,13.58,E,8,9.26,E,8,75.0,E,8,872.5394,E,8,999.0,E,8,1.01,E,8,-9900,?,9,-9900,?,9,0.0,E,8,-9900,?,9,-9900,?,9,0.0,0.0,E,8
10/10/2019,10:00,1139.673,1370.164,364.82,1,8,6.575,1,8,359.351,1,8,43778.4,1,8,624.66,1,8,39528.661,1,8,137.537,1,8,-9900,?,9,-9900,?,9,14.91,E,8,9.05,E,8,67.0,E,8,872.5394,E,8,999.0,E,8,1.01,E,8,-9900,?,9,-9900,?,9,0.0,E,8,-9900,?,9,-9900,?,9,0.0,0.0,E,8
10/10/2019,11:00,1274.283,1370.164,435.74,1,8,11.721,1,8,424.84,1,8,52288.8,1,8,1113.486,1,8,46732.377,1,8,145.413,1,8,-9900,?,9,-9900,?,9,16.07,E,8,8.87,E,8,62.0,E,8,872.5394,E,8,999.0,E,8,1.01,E,8,-9900,?,9,-9900,?,9,0.0,E,8,-9900,?,9,-9900,?,9,0.0,0.0,E,8
10/10/2019,12:00,1325.912,1370.164,474.34,1,8,13.181,1,8,461.585,1,8,56920.8,1,8,1252.2,1,8,50774.339,1,8,151.834,1,8,-9900,?,9,-9900,?,9,17.0,E,8,8.72,E,8,58.0,E,8,872.5394,E,8,999.0,E,8,1.01,E,8,-9900,?,9,-9900,?,9,0.0,E,8,-9900,?,9,-9900,?,9,0.0,0.0,E,8
10/10/2019,13:00,1291.047,1370.164,477.82,1,8,15.052,1,8,463.637,1,8,57338.4,1,8,1429.985,1,8,51000.094,1,8,156.63,1,8,-9900,?,9,-9900,?,9,17.68,E,8,8.62,E,8,55.0,E,8,872.5394,E,8,999.0,E,8,1.01,E,8,-9900,?,9,-9900,?,9,0.0,E,8,-9900,?,9,-9900,?,9,0.0,0.0,E,8
10/10/2019,14:00,1172.085,1370.164,445.93,1,8,11.682,1,8,435.937,1,8,53511.6,1,8,1109.834,1,8,47953.125,1,8,162.231,1,8,-9900,?,9,-9900,?,9,18.08,E,8,8.55,E,8,53.0,E,8,872.5394,E,8,999.0,E,8,1.01,E,8,-9900,?,9,-9900,?,9,0.0,E,8,-9900,?,9,-9900,?,9,0.0,0.0,E,8
10/10/2019,15:00,977.172,1370.164,380.98,1,8,17.833,1,8,368.266,1,8,45717.6,1,8,1694.121,1,8,40509.216,1,8,164.413,1,8,-9900,?,9,-9900,?,9,18.22,E,8,8.53,E,8,53.0,E,8,872.5394,E,8,999.0,E,8,1.01,E,8,-9900,?,9,-9900,?,9,0.0,E,8,-9900,?,9,-9900,?,9,0.0,0.0,E,8
10/10/2019,16:00,719.675,1370.164,287.82,1,8,78.567,1,8,246.585,1,8,34538.4,1,8,7463.855,1,8,27124.312,1,8,149.55,1,8,-9900,?,9,-9900,?,9,18.02,E,8,8.56,E,8,53.0,E,8,872.5394,E,8,999.0,E,8,1.01,E,8,-9900,?,9,-9900,?,9,0.0,E,8,-9900,?,9,-9900,?,9,0.0,0.0,E,8
10/10/2019,17:00,417.407,1370.164,174.04,1,8,159.038,1,8,125.727,1,8,20884.8,1,8,15108.627,1,8,13829.997,1,8,131.74,1,8,-9900,?,9,-9900,?,9,17.41,E,8,8.66,E,8,56.0,E,8,872.5394,E,8,999.0,E,8,1.01,E,8,-9900,?,9,-9900,?,9,0.0,E,8,-9900,?,9,-9900,?,9,0.0,0.0,E,8
10/10/2019,18:00,93.607,1370.164,53.71,1,8,297.461,1,8,34.414,1,8,6445.2,1,8,28258.815,1,8,3785.565,1,8,168.872,1,8,-9900,?,9,-9900,?,9,16.48,E,8,8.81,E,8,60.0,E,8,872.5394,E,8,999.0,E,8,1.01,E,8,-9900,?,9,-9900,?,9,0.0,E,8,-9900,?,9,-9900,?,9,0.0,0.0,E,8
10/10/2019,19:00,0.0,1370.164,0.0,1,8,0.0,1,8,0.0,1,8,0.0,1,8,0.0,1,8,0.0,1,8,-0.0,1,8,-9900,?,9,-9900,?,9,15.86,E,8,8.9,E,8,63.0,E,8,872.5394,E,8,999.0,E,8,1.01,E,8,-9900,?,9,-9900,?,9,0.0,E,8,-9900,?,9,-9900,?,9,0.0,0.0,E,8
10/10/2019,20:00,0.0,1370.164,0.0,1,8,0.0,1,8,0.0,1,8,0.0,1,8,0.0,1,8,0.0,1,8,-0.0,1,8,-9900,?,9,-9900,?,9,15.25,E,8,9.0,E,8,66.0,E,8,872.5394,E,8,999.0,E,8,1.01,E,8,-9900,?,9,-9900,?,9,0.0,E,8,-9900,?,9,-9900,?,9,0.0,0.0,E,8
10/10/2019,21:00,0.0,1370.164,0.0,1,8,0.0,1,8,0.0,1,8,0.0,1,8,0.0,1,8,0.0,1,8,-0.0,1,8,-9900,?,9,-9900,?,9,14.63,E,8,9.09,E,8,69.0,E,8,872.5394,E,8,999.0,E,8,1.01,E,8,-9900,?,9,-9900,?,9,0.0,E,8,-9900,?,9,-9900,?,9,0.0,0.0,E,8
10/10/2019,22:00,0.0,1370.164,0.0,1,8,0.0,1,8,0.0,1,8,0.0,1,8,0.0,1,8,0.0,1,8,-0.0,1,8,-9900,?,9,-9900,?,9,14.01,E,8,9.19,E,8,72.0,E,8,872.5394,E,8,999.0,E,8,1.01,E,8,-9900,?,9,-9900,?,9,0.0,E,8,-9900,?,9,-9900,?,9,0.0,0.0,E,8
10/10/2019,23:00,0.0,1370.164,0.0,1,8,0.0,1,8,0.0,1,8,0.0,1,8,0.0,1,8,0.0,1,8,-0.0,1,8,-9900,?,9,-9900,?,9,13.39,E,8,9.29,E,8,76.0,E,8,872.5394,E,8,999.0,E,8,1.01,E,8,-9900,?,9,-9900,?,9,0.0,E,8,-9900,?,9,-9900,?,9,0.0,0.0,E,8
10/10/2019,24:00,0.0,1370.164,0.0,1,8,0.0,1,8,0.0,1,8,0.0,1,8,0.0,1,8,0.0,1,8,-0.0,1,8,-9900,?,9,-9900,?,9,12.78,E,8,10.93,E,8,88.0,E,8,872.5394,E,8,999.0,E,8,0.48,E,8,-9900,?,9,-9900,?,9,0.0,E,8,-9900,?,9,-9900,?,9,0.0,0.0,E,8
10/11/2019,01:00,0.0,1370.164,0.0,1,8,0.0,1,8,0.0,1,8,0.0,1,8,0.0,1,8,0.0,1,8,-0.0,1,8,-9900,?,9,-9900,?,9,12.47,E,8,10.81,E,8,89.0,E,8,872.5394,E,8,999.0,E,8,0.48,E,8,-9900,?,9,-9900,?,9,0.0,E,8,-9900,?,9,-9900,?,9,0.0,0.0,E,8
10/11/2019,02:00,0.0,1370.164,0.0,1,8,0.0,1,8,0.0,1,8,0.0,1,8,0.0,1,8,0.0,1,8,-0.0,1,8,-9900,?,9,-9900,?,9,12.16,E,8,10.7,E,8,90.0,E,8,872.5394,E,8,999.0,E,8,0.48,E,8,-9900,?,9,-9900,?,9,0.0,E,8,-9900,?,9,-9900,?,9,0.0,0.0,E,8
10/11/2019,03:00,0.0,1370.164,0.0,1,8,0.0,1,8,0.0,1,8,0.0,1,8,0.0,1,8,0.0,1,8,-0.0,1,8,-9900,?,9,-9900,?,9,11.85,E,8,10.58,E,8,91.0,E,8,872.5394,E,8,999.0,E,8,0.48,E,8,-9900,?,9,-9900,?,9,0.0,E,8,-9900,?,9,-9900,?,9,0.0,0.0,E,8
10/11/2019,04:00,0.0,1370.971,0.0,1,8,0.0,1,8,0.0,1,8,0.0,1,8,0.0,1,8,0.0,1,8,-0.0,1,8,-9900,?,9,-9900,?,9,11.54,E,8,10.46,E,8,93.0,E,8,872.5394,E,8,999.0,E,8,0.48,E,8,-9900,?,9,-9900,?,9,0.0,E,8,-9900,?,9,-9900,?,9,0.0,0.0,E,8
10/11/2019,05:00,0.0,1370.971,0.0,1,8,0.0,1,8,0.0,1,8,0.0,1,8,0.0,1,8,0.0,1,8,-0.0,1,8,-9900,?,9,-9900,?,9,11.27,E,8,10.36,E,8,94.0,E,8,872.5394,E,8,999.0,E,8,0.69,E,8,-9900,?,9,-9900,?,9,0.0,E,8,-9900,?,9,-9900,?,9,0.0,0.0,E,8
10/11/2019,06:00,36.22,1370.971,0.0,1,8,0.0,1,8,0.0,1,8,0.0,1,8,0.0,1,8,0.0,1,8,0.0,1,8,-9900,?,9,-9900,?,9,11.06,E,8,10.27,E,8,94.0,E,8,872.5394,E,8,999.0,E,8,0.88,E,8,-9900,?,9,-9900,?,9,0.0,E,8,-9900,?,9,-9900,?,9,0.0,0.0,E,8
10/11/2019,07:00,359.159,1370.971,24.99,1,8,0.0,1,8,24.99,1,8,2998.8,1,8,0.0,1,8,2748.9,1,8,30.483,1,8,-9900,?,9,-9900,?,9,10.86,E,8,10.2,E,8,95.0,E,8,872.5394,E,8,999.0,E,8,1.05,E,8,-9900,?,9,-9900,?,9,0.0,E,8,-9900,?,9,-9900,?,9,0.0,0.0,E,8
10/11/2019,08:00,667.805,1370.971,111.9,1,8,0.0,1,8,111.9,1,8,13428.0,1,8,0.0,1,8,12309.0,1,8,73.193,1,8,-9900,?,9,-9900,?,9,12.56,E,8,10.85,E,8,89.0,E,8,872.5394,E,8,999.0,E,8,1.86,E,8,-9900,?,9,-9900,?,9,0.0,E,8,-9900,?,9,-9900,?,9,0.0,0.0,E,8
10/11/2019,09:00,935.444,1370.971,197.79,1,8,1.853,1,8,196.526,1,8,23734.8,1,8,176.08,1,8,21617.833,1,8,91.712,1,8,-9900,?,9,-9900,?,9,13.63,E,8,11.24,E,8,85.0,E,8,872.5394,E,8,999.0,E,8,1.54,E,8,-9900,?,9,-9900,?,9,0.0,E,8,-9900,?,9,-9900,?,9,0.0,0.0,E,8
10/11/2019,10:00,1143.503,1370.971,269.86,1,8,3.047,1,8,267.319,1,8,32383.2,1,8,289.475,1,8,29405.067,1,8,102.03,1,8,-9900,?,9,-9900,?,9,14.62,E,8,11.6,E,8,82.0,E,8,872.5394,E,8,999.0,E,8,1.79,E,8,-9900,?,9,-9900,?,9,0.0,E,8,-9900,?,9,-9900,?,9,0.0,0.0,E,8
10/11/2019,11:00,1277.733,1370.971,322.01,1,8,18.223,1,8,305.027,1,8,38641.2,1,8,1731.212,1,8,33552.949,1,8,104.183,1,8,-9900,?,9,-9900,?,9,15.47,E,8,11.9,E,8,79.0,E,8,872.5394,E,8,999.0,E,8,1.62,E,8,-9900,?,9,-9900,?,9,0.0,E,8,-9900,?,9,-9900,?,9,0.0,0.0,E,8
10/11/2019,12:00,1328.97,1370.971,350.33,1,8,19.616,1,8,331.315,1,8,42039.6,1,8,1863.531,1,8,36444.672,1,8,108.796,1,8,-9900,?,9,-9900,?,9,16.15,E,8,12.14,E,8,77.0,E,8,872.5394,E,8,999.0,E,8,1.78,E,8,-9900,?,9,-9900,?,9,0.0,E,8,-9900,?,9,-9900,?,9,0.0,0.0,E,8
10/11/2019,13:00,1293.727,1370.971,352.77,1,8,20.266,1,8,333.647,1,8,42332.4,1,8,1925.253,1,8,36701.136,1,8,112.548,1,8,-9900,?,9,-9900,?,9,16.65,E,8,12.31,E,8,75.0,E,8,872.5394,E,8,999.0,E,8,1.29,E,8,-9900,?,9,-9900,?,9,0.0,E,8,-9900,?,9,-9900,?,9,0.0,0.0,E,8
10/11/2019,14:00,1174.428,1370.971,329.17,1,8,14.911,1,8,316.398,1,8,39500.4,1,8,1416.591,1,8,34803.734,1,8,117.579,1,8,-9900,?,9,-9900,?,9,16.95,E,8,12.41,E,8,74.0,E,8,872.5394,E,8,999.0,E,8,0.59,E,8,-9900,?,9,-9900,?,9,0.0,E,8,-9900,?,9,-9900,?,9,0.0,0.0,E,8
10/11/2019,15:00,979.243,1370.971,281.22,1,8,25.086,1,8,263.307,1,8,33746.4,1,8,2383.184,1,8,28963.745,1,8,117.374,1,8,-9900,?,9,-9900,?,9,17.05,E,8,12.45,E,8,74.0,E,8,872.5394,E,8,999.0,E,8,0.5,E,8,-9900,?,9,-9900,?,9,0.0,E,8,-9900,?,9,-9900,?,9,0.0,0.0,E,8
10/11/2019,16:00,721.556,1370.971,128.18,1,8,0.0,1,8,128.18,1,8,15381.6,1,8,0.0,1,8,14099.8,1,8,77.582,1,8,-9900,?,9,-9900,?,9,16.54,E,8,12.27,E,8,75.0,E,8,872.5394,E,8,999.0,E,8,0.48,E,8,-9900,?,9,-9900,?,9,0.0,E,8,-9900,?,9,-9900,?,9,0.0,0.0,E,8
10/11/2019,17:00,419.192,1370.971,93.61,1,8,0.0,1,8,93.61,1,8,11233.2,1,8,0.0,1,8,10297.1,1,8,97.725,1,8,-9900,?,9,-9900,?,9,15.99,E,8,12.08,E,8,77.0,E,8,872.5394,E,8,999.0,E,8,0.48,E,8,-9900,?,9,-9900,?,9,0.0,E,8,-9900,?,9,-9900,?,9,0.0,0.0,E,8
10/11/2019,18:00,95.346,1370.971,39.94,1,8,104.276,1,8,33.043,1,8,4792.8,1,8,9906.255,1,8,3634.732,1,8,159.022,1,8,-9900,?,9,-9900,?,9,15.34,E,8,11.85,E,8,79.0,E,8,872.5394,E,8,999.0,E,8,0.48,E,8,-9900,?,9,-9900,?,9,0.0,E,8,-9900,?,9,-9900,?,9,0.0,0.0,E,8
10/11/2019,19:00,0.0,1370.971,0.0,1,8,0.0,1,8,0.0,1,8,0.0,1,8,0.0,1,8,0.0,1,8,-0.0,1,8,-9900,?,9,-9900,?,9,14.75,E,8,11.65,E,8,81.0,E,8,872.5394,E,8,999.0,E,8,0.48,E,8,-9900,?,9,-9900,?,9,0.0,E,8,-9900,?,9,-9900,?,9,0.0,0.0,E,8
10/11/2019,20:00,0.0,1370.971,0.0,1,8,0.0,1,8,0.0,1,8,0.0,1,8,0.0,1,8,0.0,1,8,-0.0,1,8,-9900,?,9,-9900,?,9,14.16,E,8,11.43,E,8,83.0,E,8,872.5394,E,8,999.0,E,8,0.48,E,8,-9900,?,9,-9900,?,9,0.0,E,8,-9900,?,9,-9900,?,9,0.0,0.0,E,8
10/11/2019,21:00,0.0,1370.971,0.0,1,8,0.0,1,8,0.0,1,8,0.0,1,8,0.0,1,8,0.0,1,8,-0.0,1,8,-9900,?,9,-9900,?,9,13.56,E,8,11.22,E,8,85.0,E,8,872.5394,E,8,999.0,E,8,0.48,E,8,-9900,?,9,-9900,?,9,0.0,E,8,-9900,?,9,-9900,?,9,0.0,0.0,E,8
10/11/2019,22:00,0.0,1370.971,0.0,1,8,0.0,1,8,0.0,1,8,0.0,1,8,0.0,1,8,0.0,1,8,-0.0,1,8,-9900,?,9,-9900,?,9,12.97,E,8,11.0,E,8,87.0,E,8,872.5394,E,8,999.0,E,8,0.48,E,8,-9900,?,9,-9900,?,9,0.0,E,8,-9900,?,9,-9900,?,9,0.0,0.0,E,8
10/11/2019,23:00,0.0,1370.971,0.0,1,8,0.0,1,8,0.0,1,8,0.0,1,8,0.0,1,8,0.0,1,8,-0.0,1,8,-9900,?,9,-9900,?,9,12.38,E,8,10.78,E,8,89.0,E,8,872.5394,E,8,999.0,E,8,0.48,E,8,-9900,?,9,-9900,?,9,0.0,E,8,-9900,?,9,-9900,?,9,0.0,0.0,E,8
10/11/2019,24:00,0.0,1370.971,0.0,1,8,0.0,1,8,0.0,1,8,0.0,1,8,0.0,1,8,0.0,1,8,-0.0,1,8,-9900,?,9,-9900,?,9,11.79,E,8,9.49,E,8,85.0,E,8,872.5394,E,8,999.0,E,8,0.48,E,8,-9900,?,9,-9900,?,9,0.0,E,8,-9900,?,9,-9900,?,9,0.0,0.0,E,8
10/12/2019,01:00,0.0,1370.971,0.0,1,8,0.0,1,8,0.0,1,8,0.0,1,8,0.0,1,8,0.0,1,8,-0.0,1,8,-9900,?,9,-9900,?,9,11.49,E,8,9.56,E,8,87.0,E,8,872.5394,E,8,999.0,E,8,0.48,E,8,-9900,?,9,-9900,?,9,0.0,E,8,-9900,?,9,-9900,?,9,0.0,0.0,E,8
10/12/2019,02:00,0.0,1370.971,0.0,1,8,0.0,1,8,0.0,1,8,0.0,1,8,0.0,1,8,0.0,1,8,-0.0,1,8,-9900,?,9,-9900,?,9,11.2,E,8,9.63,E,8,90.0,E,8,872.5394,E,8,999.0,E,8,0.48,E,8,-9900,?,9,-9900,?,9,0.0,E,8,-9900,?,9,-9900,?,9,0.0,0.0,E,8
10/12/2019,03:00,0.0,1370.971,0.0,1,8,0.0,1,8,0.0,1,8,0.0,1,8,0.0,1,8,0.0,1,8,-0.0,1,8,-9900,?,9,-9900,?,9,10.9,E,8,9.7,E,8,92.0,E,8,872.5394,E,8,999.0,E,8,0.48,E,8,-9900,?,9,-9900,?,9,0.0,E,8,-9900,?,9,-9900,?,9,0.0,0.0,E,8
10/12/2019,04:00,0.0,1371.777,0.0,1,8,0.0,1,8,0.0,1,8,0.0,1,8,0.0,1,8,0.0,1,8,-0.0,1,8,-9900,?,9,-9900,?,9,10.61,E,8,9.77,E,8,94.0,E,8,872.5394,E,8,999.0,E,8,0.48,E,8,-9900,?,9,-9900,?,9,0.0,E,8,-9900,?,9,-9900,?,9,0.0,0.0,E,8
10/12/2019,05:00,0.0,1371.777,0.0,1,8,0.0,1,8,0.0,1,8,0.0,1,8,0.0,1,8,0.0,1,8,-0.0,1,8,-9900,?,9,-9900,?,9,10.34,E,8,9.84,E,8,96.0,E,8,872.5394,E,8,999.0,E,8,0.48,E,8,-9900,?,9,-9900,?,9,0.0,E,8,-9900,?,9,-9900,?,9,0.0,0.0,E,8
10/12/2019,06:00,40.519,1371.777,0.0,1,8,0.0,1,8,0.0,1,8,0.0,1,8,0.0,1,8,0.0,1,8,0.0,1,8,-9900,?,9,-9900,?,9,10.15,E,8,9.88,E,8,98.0,E,8,872.5394,E,8,999.0,E,8,0.48,E,8,-9900,?,9,-9900,?,9,0.0,E,8,-9900,?,9,-9900,?,9,0.0,0.0,E,8
10/12/2019,07:00,363.729,1371.777,43.79,1,8,0.0,1,8,43.79,1,8,5254.8,1,8,0.0,1,8,4816.9,1,8,52.769,1,8,-9900,?,9,-9900,?,9,9.95,E,8,9.93,E,8,99.0,E,8,872.5394,E,8,999.0,E,8,0.48,E,8,-9900,?,9,-9900,?,9,0.0,E,8,-9900,?,9,-9900,?,9,0.0,0.0,E,8
10/12/2019,08:00,672.179,1371.777,190.58,1,8,13.891,1,8,183.78,1,8,22869.6,1,8,1319.622,1,8,20215.772,1,8,119.495,1,8,-9900,?,9,-9900,?,9,12.46,E,8,9.33,E,8,81.0,E,8,872.5394,E,8,999.0,E,8,0.48,E,8,-9900,?,9,-9900,?,9,0.0,E,8,-9900,?,9,-9900,?,9,0.0,0.0,E,8
10/12/2019,09:00,939.534,1371.777,335.24,1,8,16.917,1,8,323.658,1,8,40228.8,1,8,1607.077,1,8,35602.338,1,8,150.47,1,8,-9900,?,9,-9900,?,9,14.01,E,8,8.95,E,8,71.0,E,8,872.5394,E,8,999.0,E,8,0.48,E,8,-9900,?,9,-9900,?,9,0.0,E,8,-9900,?,9,-9900,?,9,0.0,0.0,E,8
10/12/2019,10:00,1147.252,1371.777,456.53,1,8,14.156,1,8,444.692,1,8,54783.6,1,8,1344.849,1,8,48916.144,1,8,169.274,1,8,-9900,?,9,-9900,?,9,15.44,E,8,8.58,E,8,63.0,E,8,872.5394,E,8,999.0,E,8,0.48,E,8,-9900,?,9,-9900,?,9,0.0,E,8,-9900,?,9,-9900,?,9,0.0,0.0,E,8
10/12/2019,11:00,1281.106,1371.777,544.23,1,8,4.302,1,8,540.212,1,8,65307.6,1,8,408.704,1,8,59423.363,1,8,184.133,1,8,-9900,?,9,-9900,?,9,16.67,E,8,8.27,E,8,57.0,E,8,872.5394,E,8,999.0,E,8,0.48,E,8,-9900,?,9,-9900,?,9,0.0,E,8,-9900,?,9,-9900,?,9,0.0,0.0,E,8
10/12/2019,12:00,1331.96,1371.777,591.76,1,8,4.963,1,8,586.941,1,8,71011.2,1,8,471.52,1,8,64563.486,1,8,192.417,1,8,-9900,?,9,-9900,?,9,17.66,E,8,8.01,E,8,53.0,E,8,872.5394,E,8,999.0,E,8,0.48,E,8,-9900,?,9,-9900,?,9,0.0,E,8,-9900,?,9,-9900,?,9,0.0,0.0,E,8
10/12/2019,13:00,1296.353,1371.777,595.69,1,8,5.835,1,8,590.176,1,8,71482.8,1,8,554.305,1,8,64919.384,1,8,198.796,1,8,-9900,?,9,-9900,?,9,18.38,E,8,7.82,E,8,50.0,E,8,872.5394,E,8,999.0,E,8,1.01,E,8,-9900,?,9,-9900,?,9,0.0,E,8,-9900,?,9,-9900,?,9,0.0,0.0,E,8
10/12/2019,14:00,1176.733,1371.777,555.73,1,8,110.804,1,8,460.691,1,8,66687.6,1,8,10526.341,1,8,50675.99,1,8,170.966,1,8,-9900,?,9,-9900,?,9,18.81,E,8,7.7,E,8,48.0,E,8,872.5394,E,8,999.0,E,8,2.11,E,8,-9900,?,9,-9900,?,9,0.0,E,8,-9900,?,9,-9900,?,9,0.0,0.0,E,8
10/12/2019,15:00,981.294,1371.777,474.79,1,8,166.139,1,8,355.976,1,8,56974.8,1,8,15783.244,1,8,39157.394,1,8,158.445,1,8,-9900,?,9,-9900,?,9,18.96,E,8,7.66,E,8,47.0,E,8,872.5394,E,8,999.0,E,8,2.71,E,8,-9900,?,9,-9900,?,9,0.0,E,8,-9900,?,9,-9900,?,9,0.0,0.0,E,8
10/12/2019,16:00,723.436,1371.777,358.89,1,8,185.026,1,8,261.387,1,8,43066.8,1,8,17577.465,1,8,28752.547,1,8,157.887,1,8,-9900,?,9,-9900,?,9,18.73,E,8,7.72,E,8,48.0,E,8,872.5394,E,8,999.0,E,8,3.0,E,8,-9900,?,9,-9900,?,9,0.0,E,8,-9900,?,9,-9900,?,9,0.0,0.0,E,8
10/12/2019,17:00,420.993,1371.777,217.5,1,8,279.721,1,8,131.893,1,8,26100.0,1,8,26573.481,1,8,14508.246,1,8,137.179,1,8,-9900,?,9,-9900,?,9,18.08,E,8,7.9,E,8,51.0,E,8,872.5394,E,8,999.0,E,8,1.55,E,8,-9900,?,9,-9900,?,9,0.0,E,8,-9900,?,9,-9900,?,9,0.0,0.0,E,8
10/12/2019,18:00,97.117,1371.777,67.95,1,8,248.688,1,8,51.18,1,8,8154.0,1,8,23625.358,1,8,5629.752,1,8,241.578,1,8,-9900,?,9,-9900,?,9,17.08,E,8,8.16,E,8,55.0,E,8,872.5394,E,8,999.0,E,8,0.71,E,8,-9900,?,9,-9900,?,9,0.0,E,8,-9900,?,9,-9900,?,9,0.0,0.0,E,8
10/12/2019,19:00,0.0,1371.777,0.0,1,8,0.0,1,8,0.0,1,8,0.0,1,8,0.0,1,8,0.0,1,8,-0.0,1,8,-9900,?,9,-9900,?,9,16.32,E,8,8.36,E,8,59.0,E,8,872.5394,E,8,999.0,E,8,0.48,E,8,-9900,?,9,-9900,?,9,0.0,E,8,-9900,?,9,-9900,?,9,0.0,0.0,E,8
10/12/2019,20:00,0.0,1371.777,0.0,1,8,0.0,1,8,0.0,1,8,0.0,1,8,0.0,1,8,0.0,1,8,-0.0,1,8,-9900,?,9,-9900,?,9,15.55,E,8,8.56,E,8,63.0,E,8,872.5394,E,8,999.0,E,8,0.48,E,8,-9900,?,9,-9900,?,9,0.0,E,8,-9900,?,9,-9900,?,9,0.0,0.0,E,8
10/12/2019,21:00,0.0,1371.777,0.0,1,8,0.0,1,8,0.0,1,8,0.0,1,8,0.0,1,8,0.0,1,8,-0.0,1,8,-9900,?,9,-9900,?,9,14.78,E,8,8.75,E,8,67.0,E,8,872.5394,E,8,999.0,E,8,0.48,E,8,-9900,?,9,-9900,?,9,0.0,E,8,-9900,?,9,-9900,?,9,0.0,0.0,E,8
10/12/2019,22:00,0.0,1371.777,0.0,1,8,0.0,1,8,0.0,1,8,0.0,1,8,0.0,1,8,0.0,1,8,-0.0,1,8,-9900,?,9,-9900,?,9,14.02,E,8,8.94,E,8,71.0,E,8,872.5394,E,8,999.0,E,8,0.48,E,8,-9900,?,9,-9900,?,9,0.0,E,8,-9900,?,9,-9900,?,9,0.0,0.0,E,8
10/12/2019,23:00,0.0,1371.777,0.0,1,8,0.0,1,8,0.0,1,8,0.0,1,8,0.0,1,8,0.0,1,8,-0.0,1,8,-9900,?,9,-9900,?,9,13.25,E,8,9.13,E,8,76.0,E,8,872.5394,E,8,999.0,E,8,0.48,E,8,-9900,?,9,-9900,?,9,0.0,E,8,-9900,?,9,-9900,?,9,0.0,0.0,E,8
10/12/2019,24:00,0.0,1371.777,0.0,1,8,0.0,1,8,0.0,1,8,0.0,1,8,0.0,1,8,0.0,1,8,-0.0,1,8,-9900,?,9,-9900,?,9,12.49,E,8,6.73,E,8,67.0,E,8,872.5394,E,8,999.0,E,8,0.27,E,8,-9900,?,9,-9900,?,9,0.0,E,8,-9900,?,9,-9900,?,9,0.0,0.0,E,8
10/13/2019,01:00,0.0,1371.777,0.0,1,8,0.0,1,8,0.0,1,8,0.0,1,8,0.0,1,8,0.0,1,8,-0.0,1,8,-9900,?,9,-9900,?,9,12.1,E,8,6.76,E,8,69.0,E,8,872.5394,E,8,999.0,E,8,0.3,E,8,-9900,?,9,-9900,?,9,0.0,E,8,-9900,?,9,-9900,?,9,0.0,0.0,E,8
10/13/2019,02:00,0.0,1371.777,0.0,1,8,0.0,1,8,0.0,1,8,0.0,1,8,0.0,1,8,0.0,1,8,-0.0,1,8,-9900,?,9,-9900,?,9,11.72,E,8,6.79,E,8,71.0,E,8,872.5394,E,8,999.0,E,8,0.3,E,8,-9900,?,9,-9900,?,9,0.0,E,8,-9900,?,9,-9900,?,9,0.0,0.0,E,8
10/13/2019,03:00,0.0,1371.777,0.0,1,8,0.0,1,8,0.0,1,8,0.0,1,8,0.0,1,8,0.0,1,8,-0.0,1,8,-9900,?,9,-9900,?,9,11.34,E,8,6.82,E,8,73.0,E,8,872.5394,E,8,999.0,E,8,0.27,E,8,-9900,?,9,-9900,?,9,0.0,E,8,-9900,?,9,-9900,?,9,0.0,0.0,E,8
10/13/2019,04:00,0.0,1372.582,0.0,1,8,0.0,1,8,0.0,1,8,0.0,1,8,0.0,1,8,0.0,1,8,-0.0,1,8,-9900,?,9,-9900,?,9,10.95,E,8,6.86,E,8,75.0,E,8,872.5394,E,8,999.0,E,8,0.27,E,8,-9900,?,9,-9900,?,9,0.0,E,8,-9900,?,9,-9900,?,9,0.0,0.0,E,8
10/13/2019,05:00,0.0,1372.582,0.0,1,8,0.0,1,8,0.0,1,8,0.0,1,8,0.0,1,8,0.0,1,8,-0.0,1,8,-9900,?,9,-9900,?,9,10.61,E,8,6.88,E,8,77.0,E,8,872.5394,E,8,999.0,E,8,0.27,E,8,-9900,?,9,-9900,?,9,0.0,E,8,-9900,?,9,-9900,?,9,0.0,0.0,E,8
10/13/2019,06:00,44.797,1372.582,0.0,1,8,0.0,1,8,0.0,1,8,0.0,1,8,0.0,1,8,0.0,1,8,0.0,1,8,-9900,?,9,-9900,?,9,10.36,E,8,6.9,E,8,79.0,E,8,872.5394,E,8,999.0,E,8,0.27,E,8,-9900,?,9,-9900,?,9,0.0,E,8,-9900,?,9,-9900,?,9,0.0,0.0,E,8
10/13/2019,07:00,368.229,1372.582,60.17,1,8,0.0,1,8,60.17,1,8,7220.4,1,8,0.0,1,8,6618.7,1,8,71.657,1,8,-9900,?,9,-9900,?,9,10.11,E,8,6.92,E,8,80.0,E,8,872.5394,E,8,999.0,E,8,0.27,E,8,-9900,?,9,-9900,?,9,0.0,E,8,-9900,?,9,-9900,?,9,0.0,0.0,E,8
10/13/2019,08:00,676.473,1372.582,301.06,1,8,148.0,1,8,228.185,1,8,36127.2,1,8,14059.965,1,8,25100.382,1,8,147.51,1,8,-9900,?,9,-9900,?,9,13.31,E,8,6.66,E,8,64.0,E,8,872.5394,E,8,999.0,E,8,0.27,E,8,-9900,?,9,-9900,?,9,0.0,E,8,-9900,?,9,-9900,?,9,0.0,0.0,E,8
10/13/2019,09:00,943.541,1372.582,476.48,1,8,148.172,1,8,374.657,1,8,57177.6,1,8,14076.361,1,8,41212.244,1,8,173.542,1,8,-9900,?,9,-9900,?,9,15.06,E,8,6.52,E,8,56.0,E,8,872.5394,E,8,999.0,E,8,0.38,E,8,-9900,?,9,-9900,?,9,0.0,E,8,-9900,?,9,-9900,?,9,0.0,0.0,E,8
10/13/2019,10:00,1150.918,1372.582,636.2,1,8,212.422,1,8,458.105,1,8,76344.0,1,8,20180.11,1,8,50391.541,1,8,173.925,1,8,-9900,?,9,-9900,?,9,16.64,E,8,6.39,E,8,50.0,E,8,872.5394,E,8,999.0,E,8,0.63,E,8,-9900,?,9,-9900,?,9,0.0,E,8,-9900,?,9,-9900,?,9,0.0,0.0,E,8
10/13/2019,11:00,1284.402,1372.582,759.59,1,8,275.468,1,8,501.83,1,8,91150.8,1,8,26169.478,1,8,55201.271,1,8,170.711,1,8,-9900,?,9,-9900,?,9,18.02,E,8,6.27,E,8,46.0,E,8,872.5394,E,8,999.0,E,8,1.38,E,8,-9900,?,9,-9900,?,9,0.0,E,8,-9900,?,9,-9900,?,9,0.0,0.0,E,8
10/13/2019,12:00,1334.882,1372.582,844.56,1,8,363.598,1,8,490.955,1,8,101347.2,1,8,34541.767,1,8,54005.063,1,8,160.692,1,8,-9900,?,9,-9900,?,9,19.2,E,8,6.17,E,8,42.0,E,8,872.5394,E,8,999.0,E,8,1.37,E,8,-9900,?,9,-9900,?,9,0.0,E,8,-9900,?,9,-9900,?,9,0.0,0.0,E,8
10/13/2019,13:00,1298.924,1372.582,826.35,1,8,376.328,1,8,470.229,1,8,99162.0,1,8,35751.191,1,8,51725.188,1,8,158.172,1,8,-9900,?,9,-9900,?,9,19.99,E,8,6.11,E,8,40.0,E,8,872.5394,E,8,999.0,E,8,2.79,E,8,-9900,?,9,-9900,?,9,0.0,E,8,-9900,?,9,-9900,?,9,0.0,0.0,E,8
10/13/2019,14:00,1179.001,1372.582,818.32,1,8,478.075,1,8,407.713,1,8,98198.4,1,8,45417.16,1,8,44848.378,1,8,151.103,1,8,-9900,?,9,-9900,?,9,20.57,E,8,6.06,E,8,38.0,E,8,872.5394,E,8,999.0,E,8,2.83,E,8,-9900,?,9,-9900,?,9,0.0,E,8,-9900,?,9,-9900,?,9,0.0,0.0,E,8
10/13/2019,15:00,983.325,1372.582,723.12,1,8,715.083,1,8,210.974,1,8,86774.4,1,8,67932.884,1,8,23207.096,1,8,93.765,1,8,-9900,?,9,-9900,?,9,20.83,E,8,6.03,E,8,38.0,E,8,872.5394,E,8,999.0,E,8,2.98,E,8,-9900,?,9,-9900,?,9,0.0,E,8,-9900,?,9,-9900,?,9,0.0,0.0,E,8
10/13/2019,16:00,725.314,1372.582,563.2,1,8,814.069,1,8,133.347,1,8,67584.0,1,8,77336.519,1,8,14668.136,1,8,80.385,1,8,-9900,?,9,-9900,?,9,20.7,E,8,6.05,E,8,38.0,E,8,872.5394,E,8,999.0,E,8,1.89,E,8,-9900,?,9,-9900,?,9,0.0,E,8,-9900,?,9,-9900,?,9,0.0,0.0,E,8
10/13/2019,17:00,422.81,1372.582,356.81,1,8,676.38,1,8,149.032,1,8,42817.2,1,8,64256.109,1,8,16393.508,1,8,154.426,1,8,-9900,?,9,-9900,?,9,20.04,E,8,6.1,E,8,40.0,E,8,872.5394,E,8,999.0,E,8,1.29,E,8,-9900,?,9,-9900,?,9,0.0,E,8,-9900,?,9,-9900,?,9,0.0,0.0,E,8
10/13/2019,18:00,98.92,1372.582,116.68,1,8,255.078,1,8,99.143,1,8,14001.6,1,8,24232.395,1,8,10905.717,1,8,459.014,1,8,-9900,?,9,-9900,?,9,18.88,E,8,6.2,E,8,43.0,E,8,872.5394,E,8,999.0,E,8,0.45,E,8,-9900,?,9,-9900,?,9,0.0,E,8,-9900,?,9,-9900,?,9,0.0,0.0,E,8
10/13/2019,19:00,0.0,1372.582,0.0,1,8,0.0,1,8,0.0,1,8,0.0,1,8,0.0,1,8,0.0,1,8,-0.0,1,8,-9900,?,9,-9900,?,9,18.01,E,8,6.27,E,8,46.0,E,8,872.5394,E,8,999.0,E,8,0.27,E,8,-9900,?,9,-9900,?,9,0.0,E,8,-9900,?,9,-9900,?,9,0.0,0.0,E,8
10/13/2019,20:00,0.0,1372.582,0.0,1,8,0.0,1,8,0.0,1,8,0.0,1,8,0.0,1,8,0.0,1,8,-0.0,1,8,-9900,?,9,-9900,?,9,17.14,E,8,6.35,E,8,48.0,E,8,872.5394,E,8,999.0,E,8,0.27,E,8,-9900,?,9,-9900,?,9,0.0,E,8,-9900,?,9,-9900,?,9,0.0,0.0,E,8
10/13/2019,21:00,0.0,1372.582,0.0,1,8,0.0,1,8,0.0,1,8,0.0,1,8,0.0,1,8,0.0,1,8,-0.0,1,8,-9900,?,9,-9900,?,9,16.27,E,8,6.42,E,8,52.0,E,8,872.5394,E,8,999.0,E,8,0.27,E,8,-9900,?,9,-9900,?,9,0.0,E,8,-9900,?,9,-9900,?,9,0.0,0.0,E,8
10/13/2019,22:00,0.0,1372.582,0.0,1,8,0.0,1,8,0.0,1,8,0.0,1,8,0.0,1,8,0.0,1,8,-0.0,1,8,-9900,?,9,-9900,?,9,15.41,E,8,6.49,E,8,55.0,E,8,872.5394,E,8,999.0,E,8,0.27,E,8,-9900,?,9,-9900,?,9,0.0,E,8,-9900,?,9,-9900,?,9,0.0,0.0,E,8
10/13/2019,23:00,0.0,1372.582,0.0,1,8,0.0,1,8,0.0,1,8,0.0,1,8,0.0,1,8,0.0,1,8,-0.0,1,8,-9900,?,9,-9900,?,9,14.54,E,8,6.56,E,8,58.0,E,8,872.5394,E,8,999.0,E,8,0.27,E,8,-9900,?,9,-9900,?,9,0.0,E,8,-9900,?,9,-9900,?,9,0.0,0.0,E,8
10/13/2019,24:00,0.0,1372.582,0.0,1,8,0.0,1,8,0.0,1,8,0.0,1,8,0.0,1,8,0.0,1,8,-0.0,1,8,-9900,?,9,-9900,?,9,13.67,E,8,8.56,E,8,71.0,E,8,872.5394,E,8,999.0,E,8,0.15,E,8,-9900,?,9,-9900,?,9,0.0,E,8,-9900,?,9,-9900,?,9,0.0,0.0,E,8
10/14/2019,01:00,0.0,1372.582,0.0,1,8,0.0,1,8,0.0,1,8,0.0,1,8,0.0,1,8,0.0,1,8,-0.0,1,8,-9900,?,9,-9900,?,9,13.24,E,8,8.55,E,8,73.0,E,8,872.5394,E,8,999.0,E,8,0.15,E,8,-9900,?,9,-9900,?,9,0.0,E,8,-9900,?,9,-9900,?,9,0.0,0.0,E,8
10/14/2019,02:00,0.0,1372.582,0.0,1,8,0.0,1,8,0.0,1,8,0.0,1,8,0.0,1,8,0.0,1,8,-0.0,1,8,-9900,?,9,-9900,?,9,12.8,E,8,8.53,E,8,75.0,E,8,872.5394,E,8,999.0,E,8,0.15,E,8,-9900,?,9,-9900,?,9,0.0,E,8,-9900,?,9,-9900,?,9,0.0,0.0,E,8
10/14/2019,03:00,0.0,1372.582,0.0,1,8,0.0,1,8,0.0,1,8,0.0,1,8,0.0,1,8,0.0,1,8,-0.0,1,8,-9900,?,9,-9900,?,9,12.37,E,8,8.51,E,8,77.0,E,8,872.5394,E,8,999.0,E,8,0.15,E,8,-9900,?,9,-9900,?,9,0.0,E,8,-9900,?,9,-9900,?,9,0.0,0.0,E,8
10/14/2019,04:00,0.0,1373.386,0.0,1,8,0.0,1,8,0.0,1,8,0.0,1,8,0.0,1,8,0.0,1,8,-0.0,1,8,-9900,?,9,-9900,?,9,11.93,E,8,8.49,E,8,79.0,E,8,872.5394,E,8,999.0,E,8,0.15,E,8,-9900,?,9,-9900,?,9,0.0,E,8,-9900,?,9,-9900,?,9,0.0,0.0,E,8
10/14/2019,05:00,0.0,1373.386,0.0,1,8,0.0,1,8,0.0,1,8,0.0,1,8,0.0,1,8,0.0,1,8,-0.0,1,8,-9900,?,9,-9900,?,9,11.55,E,8,8.47,E,8,81.0,E,8,872.5394,E,8,999.0,E,8,0.15,E,8,-9900,?,9,-9900,?,9,0.0,E,8,-9900,?,9,-9900,?,9,0.0,0.0,E,8
10/14/2019,06:00,49.046,1373.386,0.0,1,8,0.0,1,8,0.0,1,8,0.0,1,8,0.0,1,8,0.0,1,8,0.0,1,8,-9900,?,9,-9900,?,9,11.26,E,8,8.46,E,8,82.0,E,8,872.5394,E,8,999.0,E,8,0.15,E,8,-9900,?,9,-9900,?,9,0.0,E,8,-9900,?,9,-9900,?,9,0.0,0.0,E,8
10/14/2019,07:00,372.656,1373.386,64.66,1,8,0.0,1,8,64.66,1,8,7759.2,1,8,0.0,1,8,7112.6,1,8,76.128,1,8,-9900,?,9,-9900,?,9,10.98,E,8,8.45,E,8,84.0,E,8,872.5394,E,8,999.0,E,8,0.15,E,8,-9900,?,9,-9900,?,9,0.0,E,8,-9900,?,9,-9900,?,9,0.0,0.0,E,8
10/14/2019,08:00,680.686,1373.386,268.84,1,8,90.418,1,8,224.067,1,8,32260.8,1,8,8589.755,1,8,24647.317,1,8,144.033,1,8,-9900,?,9,-9900,?,9,14.37,E,8,8.59,E,8,68.0,E,8,872.5394,E,8,999.0,E,8,0.15,E,8,-9900,?,9,-9900,?,9,0.0,E,8,-9900,?,9,-9900,?,9,0.0,0.0,E,8
10/14/2019,09:00,947.463,1373.386,481.99,1,8,152.137,1,8,377.069,1,8,57838.8,1,8,14452.995,1,8,41477.571,1,8,174.037,1,8,-9900,?,9,-9900,?,9,16.5,E,8,8.69,E,8,59.0,E,8,872.5394,E,8,999.0,E,8,0.15,E,8,-9900,?,9,-9900,?,9,0.0,E,8,-9900,?,9,-9900,?,9,0.0,0.0,E,8
10/14/2019,10:00,1154.499,1373.386,648.93,1,8,239.181,1,8,447.894,1,8,77871.6,1,8,22722.199,1,8,49268.298,1,8,169.62,1,8,-9900,?,9,-9900,?,9,18.42,E,8,8.77,E,8,53.0,E,8,872.5394,E,8,999.0,E,8,0.18,E,8,-9900,?,9,-9900,?,9,0.0,E,8,-9900,?,9,-9900,?,9,0.0,0.0,E,8
10/14/2019,11:00,1287.62,1373.386,797.95,1,8,313.992,1,8,503.578,1,8,95754.0,1,8,29829.267,1,8,55393.602,1,8,170.978,1,8,-9900,?,9,-9900,?,9,20.17,E,8,8.85,E,8,48.0,E,8,872.5394,E,8,999.0,E,8,0.53,E,8,-9900,?,9,-9900,?,9,0.0,E,8,-9900,?,9,-9900,?,9,0.0,0.0,E,8
10/14/2019,12:00,1337.737,1373.386,878.02,1,8,347.637,1,8,539.412,1,8,105362.4,1,8,33025.557,1,8,59335.289,1,8,176.279,1,8,-9900,?,9,-9900,?,9,21.61,E,8,8.91,E,8,44.0,E,8,872.5394,E,8,999.0,E,8,1.12,E,8,-9900,?,9,-9900,?,9,0.0,E,8,-9900,?,9,-9900,?,9,0.0,0.0,E,8
10/14/2019,13:00,1301.442,1373.386,904.96,1,8,432.633,1,8,495.004,1,8,108595.2,1,8,41100.088,1,8,54450.48,1,8,166.281,1,8,-9900,?,9,-9900,?,9,22.72,E,8,8.95,E,8,41.0,E,8,872.5394,E,8,999.0,E,8,1.6,E,8,-9900,?,9,-9900,?,9,0.0,E,8,-9900,?,9,-9900,?,9,0.0,0.0,E,8
10/14/2019,14:00,1181.232,1373.386,846.87,1,8,578.995,1,8,348.936,1,8,101624.4,1,8,55004.508,1,8,38382.914,1,8,129.151,1,8,-9900,?,9,-9900,?,9,23.4,E,8,8.98,E,8,39.0,E,8,872.5394,E,8,999.0,E,8,2.34,E,8,-9900,?,9,-9900,?,9,0.0,E,8,-9900,?,9,-9900,?,9,0.0,0.0,E,8
10/14/2019,15:00,985.338,1373.386,725.45,1,8,717.803,1,8,210.604,1,8,87054.0,1,8,68191.274,1,8,23166.456,1,8,93.464,1,8,-9900,?,9,-9900,?,9,23.66,E,8,8.99,E,8,39.0,E,8,872.5394,E,8,999.0,E,8,2.56,E,8,-9900,?,9,-9900,?,9,0.0,E,8,-9900,?,9,-9900,?,9,0.0,0.0,E,8
10/14/2019,16:00,727.192,1373.386,541.05,1,8,767.858,1,8,134.784,1,8,64926.0,1,8,72946.532,1,8,14826.188,1,8,81.088,1,8,-9900,?,9,-9900,?,9,23.37,E,8,8.98,E,8,39.0,E,8,872.5394,E,8,999.0,E,8,2.6,E,8,-9900,?,9,-9900,?,9,0.0,E,8,-9900,?,9,-9900,?,9,0.0,0.0,E,8
10/14/2019,17:00,424.645,1373.386,361.14,1,8,676.963,1,8,152.398,1,8,43336.8,1,8,64311.476,1,8,16763.777,1,8,157.32,1,8,-9900,?,9,-9900,?,9,22.57,E,8,8.95,E,8,41.0,E,8,872.5394,E,8,999.0,E,8,2.06,E,8,-9900,?,9,-9900,?,9,0.0,E,8,-9900,?,9,-9900,?,9,0.0,0.0,E,8
10/14/2019,18:00,100.757,1373.386,128.65,1,8,258.512,1,8,110.531,1,8,15438.0,1,8,24558.616,1,8,12158.366,1,8,501.96,1,8,-9900,?,9,-9900,?,9,21.24,E,8,8.89,E,8,45.0,E,8,872.5394,E,8,999.0,E,8,1.62,E,8,-9900,?,9,-9900,?,9,0.0,E,8,-9900,?,9,-9900,?,9,0.0,0.0,E,8
10/14/2019,19:00,0.0,1373.386,0.0,1,8,0.0,1,8,0.0,1,8,0.0,1,8,0.0,1,8,0.0,1,8,-0.0,1,8,-9900,?,9,-9900,?,9,20.08,E,8,8.84,E,8,48.0,E,8,872.5394,E,8,999.0,E,8,1.06,E,8,-9900,?,9,-9900,?,9,0.0,E,8,-9900,?,9,-9900,?,9,0.0,0.0,E,8
10/14/2019,20:00,0.0,1373.386,0.0,1,8,0.0,1,8,0.0,1,8,0.0,1,8,0.0,1,8,0.0,1,8,-0.0,1,8,-9900,?,9,-9900,?,9,18.91,E,8,8.79,E,8,51.0,E,8,872.5394,E,8,999.0,E,8,0.71,E,8,-9900,?,9,-9900,?,9,0.0,E,8,-9900,?,9,-9900,?,9,0.0,0.0,E,8
10/14/2019,21:00,0.0,1373.386,0.0,1,8,0.0,1,8,0.0,1,8,0.0,1,8,0.0,1,8,0.0,1,8,-0.0,1,8,-9900,?,9,-9900,?,9,17.75,E,8,8.74,E,8,55.0,E,8,872.5394,E,8,999.0,E,8,0.88,E,8,-9900,?,9,-9900,?,9,0.0,E,8,-9900,?,9,-9900,?,9,0.0,0.0,E,8
10/14/2019,22:00,0.0,1373.386,0.0,1,8,0.0,1,8,0.0,1,8,0.0,1,8,0.0,1,8,0.0,1,8,-0.0,1,8,-9900,?,9,-9900,?,9,16.59,E,8,8.69,E,8,59.0,E,8,872.5394,E,8,999.0,E,8,0.71,E,8,-9900,?,9,-9900,?,9,0.0,E,8,-9900,?,9,-9900,?,9,0.0,0.0,E,8
10/14/2019,23:00,0.0,1373.386,0.0,1,8,0.0,1,8,0.0,1,8,0.0,1,8,0.0,1,8,0.0,1,8,-0.0,1,8,-9900,?,9,-9900,?,9,15.43,E,8,8.64,E,8,63.0,E,8,872.5394,E,8,999.0,E,8,0.39,E,8,-9900,?,9,-9900,?,9,0.0,E,8,-9900,?,9,-9900,?,9,0.0,0.0,E,8
10/14/2019,24:00,0.0,1373.386,0.0,1,8,0.0,1,8,0.0,1,8,0.0,1,8,0.0,1,8,0.0,1,8,-0.0,1,8,-9900,?,9,-9900,?,9,14.27,E,8,9.49,E,8,72.0,E,8,872.5394,E,8,999.0,E,8,11.56,E,8,-9900,?,9,-9900,?,9,0.0,E,8,-9900,?,9,-9900,?,9,0.0,0.0,E,8
10/15/2019,01:00,0.0,1373.386,0.0,1,8,0.0,1,8,0.0,1,8,0.0,1,8,0.0,1,8,0.0,1,8,-0.0,1,8,-9900,?,9,-9900,?,9,13.69,E,8,9.57,E,8,76.0,E,8,872.5394,E,8,999.0,E,8,9.24,E,8,-9900,?,9,-9900,?,9,0.0,E,8,-9900,?,9,-9900,?,9,0.0,0.0,E,8
10/15/2019,02:00,0.0,1373.386,0.0,1,8,0.0,1,8,0.0,1,8,0.0,1,8,0.0,1,8,0.0,1,8,-0.0,1,8,-9900,?,9,-9900,?,9,13.11,E,8,9.66,E,8,79.0,E,8,872.5394,E,8,999.0,E,8,7.83,E,8,-9900,?,9,-9900,?,9,0.0,E,8,-9900,?,9,-9900,?,9,0.0,0.0,E,8
10/15/2019,03:00,0.0,1373.386,0.0,1,8,0.0,1,8,0.0,1,8,0.0,1,8,0.0,1,8,0.0,1,8,-0.0,1,8,-9900,?,9,-9900,?,9,12.52,E,8,9.74,E,8,83.0,E,8,872.5394,E,8,999.0,E,8,8.87,E,8,-9900,?,9,-9900,?,9,0.0,E,8,-9900,?,9,-9900,?,9,0.0,0.0,E,8
10/15/2019,04:00,0.0,1374.19,0.0,1,8,0.0,1,8,0.0,1,8,0.0,1,8,0.0,1,8,0.0,1,8,-0.0,1,8,-9900,?,9,-9900,?,9,11.94,E,8,9.83,E,8,86.0,E,8,872.5394,E,8,999.0,E,8,7.76,E,8,-9900,?,9,-9900,?,9,0.0,E,8,-9900,?,9,-9900,?,9,0.0,0.0,E,8
10/15/2019,05:00,0.0,1374.19,0.0,1,8,0.0,1,8,0.0,1,8,0.0,1,8,0.0,1,8,0.0,1,8,-0.0,1,8,-9900,?,9,-9900,?,9,11.43,E,8,9.9,E,8,90.0,E,8,872.5394,E,8,999.0,E,8,8.5,E,8,-9900,?,9,-9900,?,9,0.0,E,8,-9900,?,9,-9900,?,9,0.0,0.0,E,8
10/15/2019,06:00,53.26,1374.19,0.0,1,8,0.0,1,8,0.0,1,8,0.0,1,8,0.0,1,8,0.0,1,8,0.0,1,8,-9900,?,9,-9900,?,9,11.05,E,8,9.96,E,8,92.0,E,8,872.5394,E,8,999.0,E,8,7.47,E,8,-9900,?,9,-9900,?,9,0.0,E,8,-9900,?,9,-9900,?,9,0.0,0.0,E,8
10/15/2019,07:00,377.008,1374.19,41.63,1,8,0.0,1,8,41.63,1,8,4995.6,1,8,0.0,1,8,4579.3,1,8,48.472,1,8,-9900,?,9,-9900,?,9,10.66,E,8,10.01,E,8,95.0,E,8,872.5394,E,8,999.0,E,8,4.74,E,8,-9900,?,9,-9900,?,9,0.0,E,8,-9900,?,9,-9900,?,9,0.0,0.0,E,8
10/15/2019,08:00,684.815,1374.19,167.64,1,8,5.482,1,8,164.91,1,8,20116.8,1,8,520.805,1,8,18140.148,1,8,105.428,1,8,-9900,?,9,-9900,?,9,13.22,E,8,9.64,E,8,78.0,E,8,872.5394,E,8,999.0,E,8,2.66,E,8,-9900,?,9,-9900,?,9,0.0,E,8,-9900,?,9,-9900,?,9,0.0,0.0,E,8
10/15/2019,09:00,951.297,1374.19,123.35,1,8,0.0,1,8,123.35,1,8,14802.0,1,8,0.0,1,8,13568.5,1,8,56.736,1,8,-9900,?,9,-9900,?,9,13.37,E,8,9.62,E,8,78.0,E,8,872.5394,E,8,999.0,E,8,2.88,E,8,-9900,?,9,-9900,?,9,0.0,E,8,-9900,?,9,-9900,?,9,0.0,0.0,E,8
10/15/2019,10:00,1157.996,1374.19,394.05,1,8,14.477,1,8,381.852,1,8,47286.0,1,8,1375.272,1,8,42003.768,1,8,144.257,1,8,-9900,?,9,-9900,?,9,15.1,E,8,9.36,E,8,68.0,E,8,872.5394,E,8,999.0,E,8,2.92,E,8,-9900,?,9,-9900,?,9,0.0,E,8,-9900,?,9,-9900,?,9,0.0,0.0,E,8
10/15/2019,11:00,1290.758,1374.19,468.46,1,8,14.151,1,8,455.169,1,8,56215.2,1,8,1344.316,1,8,50068.586,1,8,154.256,1,8,-9900,?,9,-9900,?,9,16.51,E,8,9.15,E,8,61.0,E,8,872.5394,E,8,999.0,E,8,2.46,E,8,-9900,?,9,-9900,?,9,0.0,E,8,-9900,?,9,-9900,?,9,0.0,0.0,E,8
10/15/2019,12:00,1340.524,1374.19,508.56,1,8,16.027,1,8,492.925,1,8,61027.2,1,8,1522.602,1,8,54221.804,1,8,160.846,1,8,-9900,?,9,-9900,?,9,17.6,E,8,8.99,E,8,56.0,E,8,872.5394,E,8,999.0,E,8,2.12,E,8,-9900,?,9,-9900,?,9,0.0,E,8,-9900,?,9,-9900,?,9,0.0,0.0,E,8
10/15/2019,13:00,1303.907,1374.19,511.45,1,8,18.507,1,8,493.89,1,8,61374.0,1,8,1758.156,1,8,54327.921,1,8,165.689,1,8,-9900,?,9,-9900,?,9,18.4,E,8,8.86,E,8,53.0,E,8,872.5394,E,8,999.0,E,8,1.95,E,8,-9900,?,9,-9900,?,9,0.0,E,8,-9900,?,9,-9900,?,9,0.0,0.0,E,8
10/15/2019,14:00,1183.427,1374.19,476.93,1,8,58.574,1,8,426.492,1,8,57231.6,1,8,5564.558,1,8,46914.126,1,8,157.656,1,8,-9900,?,9,-9900,?,9,18.89,E,8,8.79,E,8,51.0,E,8,872.5394,E,8,999.0,E,8,3.04,E,8,-9900,?,9,-9900,?,9,0.0,E,8,-9900,?,9,-9900,?,9,0.0,0.0,E,8
10/15/2019,15:00,987.333,1374.19,407.5,1,8,87.442,1,8,344.692,1,8,48900.0,1,8,8307.002,1,8,37916.068,1,8,152.751,1,8,-9900,?,9,-9900,?,9,19.08,E,8,8.76,E,8,51.0,E,8,872.5394,E,8,999.0,E,8,7.09,E,8,-9900,?,9,-9900,?,9,0.0,E,8,-9900,?,9,-9900,?,9,0.0,0.0,E,8
10/15/2019,16:00,729.072,1374.19,308.33,1,8,98.476,1,8,256.123,1,8,36999.6,1,8,9355.233,1,8,28173.511,1,8,153.78,1,8,-9900,?,9,-9900,?,9,18.93,E,8,8.78,E,8,51.0,E,8,872.5394,E,8,999.0,E,8,4.88,E,8,-9900,?,9,-9900,?,9,0.0,E,8,-9900,?,9,-9900,?,9,0.0,0.0,E,8
10/15/2019,17:00,426.499,1374.19,187.5,1,8,193.781,1,8,127.52,1,8,22500.0,1,8,18409.173,1,8,14027.241,1,8,131.14,1,8,-9900,?,9,-9900,?,9,18.35,E,8,8.87,E,8,53.0,E,8,872.5394,E,8,999.0,E,8,2.13,E,8,-9900,?,9,-9900,?,9,0.0,E,8,-9900,?,9,-9900,?,9,0.0,0.0,E,8
10/15/2019,18:00,102.629,1374.19,59.7,1,8,304.278,1,8,37.958,1,8,7164.0,1,8,28906.407,1,8,4175.394,1,8,169.094,1,8,-9900,?,9,-9900,?,9,17.43,E,8,9.01,E,8,57.0,E,8,872.5394,E,8,999.0,E,8,3.99,E,8,-9900,?,9,-9900,?,9,0.0,E,8,-9900,?,9,-9900,?,9,0.0,0.0,E,8
10/15/2019,19:00,0.0,1374.19,0.0,1,8,0.0,1,8,0.0,1,8,0.0,1,8,0.0,1,8,0.0,1,8,-0.0,1,8,-9900,?,9,-9900,?,9,16.81,E,8,9.11,E,8,60.0,E,8,872.5394,E,8,999.0,E,8,6.11,E,8,-9900,?,9,-9900,?,9,0.0,E,8,-9900,?,9,-9900,?,9,0.0,0.0,E,8
10/15/2019,20:00,0.0,1374.19,0.0,1,8,0.0,1,8,0.0,1,8,0.0,1,8,0.0,1,8,0.0,1,8,-0.0,1,8,-9900,?,9,-9900,?,9,16.2,E,8,9.2,E,8,63.0,E,8,872.5394,E,8,999.0,E,8,4.55,E,8,-9900,?,9,-9900,?,9,0.0,E,8,-9900,?,9,-9900,?,9,0.0,0.0,E,8
10/15/2019,21:00,0.0,1374.19,0.0,1,8,0.0,1,8,0.0,1,8,0.0,1,8,0.0,1,8,0.0,1,8,-0.0,1,8,-9900,?,9,-9900,?,9,15.58,E,8,9.29,E,8,66.0,E,8,872.5394,E,8,999.0,E,8,5.92,E,8,-9900,?,9,-9900,?,9,0.0,E,8,-9900,?,9,-9900,?,9,0.0,0.0,E,8
10/15/2019,22:00,0.0,1374.19,0.0,1,8,0.0,1,8,0.0,1,8,0.0,1,8,0.0,1,8,0.0,1,8,-0.0,1,8,-9900,?,9,-9900,?,9,14.96,E,8,9.38,E,8,69.0,E,8,872.5394,E,8,999.0,E,8,10.44,E,8,-9900,?,9,-9900,?,9,0.0,E,8,-9900,?,9,-9900,?,9,0.0,0.0,E,8
10/15/2019,23:00,0.0,1374.19,0.0,1,8,0.0,1,8,0.0,1,8,0.0,1,8,0.0,1,8,0.0,1,8,-0.0,1,8,-9900,?,9,-9900,?,9,14.35,E,8,9.47,E,8,72.0,E,8,872.5394,E,8,999.0,E,8,8.24,E,8,-9900,?,9,-9900,?,9,0.0,E,8,-9900,?,9,-9900,?,9,0.0,0.0,E,8
10/15/2019,24:00,0.0,1374.19,0.0,1,8,0.0,1,8,0.0,1,8,0.0,1,8,0.0,1,8,0.0,1,8,-0.0,1,8,-9900,?,9,-9900,?,9,13.73,E,8,10.84,E,8,82.0,E,8,872.5394,E,8,999.0,E,8,0.79,E,8,-9900,?,9,-9900,?,9,0.0,E,8,-9900,?,9,-9900,?,9,0.0,0.0,E,8
10/16/2019,01:00,0.0,1374.19,0.0,1,8,0.0,1,8,0.0,1,8,0.0,1,8,0.0,1,8,0.0,1,8,-0.0,1,8,-9900,?,9,-9900,?,9,13.42,E,8,10.9,E,8,84.0,E,8,872.5394,E,8,999.0,E,8,0.93,E,8,-9900,?,9,-9900,?,9,0.0,E,8,-9900,?,9,-9900,?,9,0.0,0.0,E,8
10/16/2019,02:00,0.0,1374.19,0.0,1,8,0.0,1,8,0.0,1,8,0.0,1,8,0.0,1,8,0.0,1,8,-0.0,1,8,-9900,?,9,-9900,?,9,13.12,E,8,10.95,E,8,86.0,E,8,872.5394,E,8,999.0,E,8,0.49,E,8,-9900,?,9,-9900,?,9,0.0,E,8,-9900,?,9,-9900,?,9,0.0,0.0,E,8
10/16/2019,03:00,0.0,1374.19,0.0,1,8,0.0,1,8,0.0,1,8,0.0,1,8,0.0,1,8,0.0,1,8,-0.0,1,8,-9900,?,9,-9900,?,9,12.81,E,8,11.01,E,8,88.0,E,8,872.5394,E,8,999.0,E,8,0.81,E,8,-9900,?,9,-9900,?,9,0.0,E,8,-9900,?,9,-9900,?,9,0.0,0.0,E,8
10/16/2019,04:00,0.0,1374.991,0.0,1,8,0.0,1,8,0.0,1,8,0.0,1,8,0.0,1,8,0.0,1,8,-0.0,1,8,-9900,?,9,-9900,?,9,12.5,E,8,11.07,E,8,90.0,E,8,872.5394,E,8,999.0,E,8,0.51,E,8,-9900,?,9,-9900,?,9,0.0,E,8,-9900,?,9,-9900,?,9,0.0,0.0,E,8
10/16/2019,05:00,0.0,1374.991,0.0,1,8,0.0,1,8,0.0,1,8,0.0,1,8,0.0,1,8,0.0,1,8,-0.0,1,8,-9900,?,9,-9900,?,9,12.23,E,8,11.12,E,8,92.0,E,8,872.5394,E,8,999.0,E,8,0.53,E,8,-9900,?,9,-9900,?,9,0.0,E,8,-9900,?,9,-9900,?,9,0.0,0.0,E,8
10/16/2019,06:00,57.433,1374.991,0.0,1,8,0.0,1,8,0.0,1,8,0.0,1,8,0.0,1,8,0.0,1,8,0.0,1,8,-9900,?,9,-9900,?,9,12.02,E,8,11.16,E,8,94.0,E,8,872.5394,E,8,999.0,E,8,0.35,E,8,-9900,?,9,-9900,?,9,0.0,E,8,-9900,?,9,-9900,?,9,0.0,0.0,E,8
10/16/2019,07:00,381.282,1374.991,50.2,1,8,0.0,1,8,50.2,1,8,6024.0,1,8,0.0,1,8,5522.0,1,8,57.824,1,8,-9900,?,9,-9900,?,9,11.82,E,8,11.19,E,8,95.0,E,8,872.5394,E,8,999.0,E,8,0.56,E,8,-9900,?,9,-9900,?,9,0.0,E,8,-9900,?,9,-9900,?,9,0.0,0.0,E,8
10/16/2019,08:00,688.857,1374.991,197.49,1,8,14.813,1,8,190.076,1,8,23698.8,1,8,1407.198,1,8,20908.305,1,8,120.872,1,8,-9900,?,9,-9900,?,9,14.6,E,8,10.67,E,8,77.0,E,8,872.5394,E,8,999.0,E,8,0.65,E,8,-9900,?,9,-9900,?,9,0.0,E,8,-9900,?,9,-9900,?,9,0.0,0.0,E,8
10/16/2019,09:00,955.043,1374.991,341.27,1,8,16.891,1,8,329.542,1,8,40952.4,1,8,1604.6,1,8,36249.604,1,8,151.069,1,8,-9900,?,9,-9900,?,9,16.23,E,8,10.36,E,8,68.0,E,8,872.5394,E,8,999.0,E,8,1.4,E,8,-9900,?,9,-9900,?,9,0.0,E,8,-9900,?,9,-9900,?,9,0.0,0.0,E,8
10/16/2019,10:00,1161.405,1374.991,461.52,1,8,13.994,1,8,449.701,1,8,55382.4,1,8,1329.467,1,8,49467.093,1,8,169.489,1,8,-9900,?,9,-9900,?,9,17.71,E,8,10.07,E,8,60.0,E,8,872.5394,E,8,999.0,E,8,1.71,E,8,-9900,?,9,-9900,?,9,0.0,E,8,-9900,?,9,-9900,?,9,0.0,0.0,E,8
10/16/2019,11:00,1293.818,1374.991,548.2,1,8,4.239,1,8,544.212,1,8,65784.0,1,8,402.68,1,8,59863.281,1,8,184.103,1,8,-9900,?,9,-9900,?,9,19.0,E,8,9.81,E,8,55.0,E,8,872.5394,E,8,999.0,E,8,2.3,E,8,-9900,?,9,-9900,?,9,0.0,E,8,-9900,?,9,-9900,?,9,0.0,0.0,E,8
10/16/2019,12:00,1343.243,1374.991,594.83,1,8,4.882,1,8,590.061,1,8,71379.6,1,8,463.814,1,8,64906.66,1,8,192.264,1,8,-9900,?,9,-9900,?,9,20.03,E,8,9.61,E,8,51.0,E,8,872.5394,E,8,999.0,E,8,3.99,E,8,-9900,?,9,-9900,?,9,0.0,E,8,-9900,?,9,-9900,?,9,0.0,0.0,E,8
10/16/2019,13:00,1306.319,1374.991,598.04,1,8,5.732,1,8,592.594,1,8,71764.8,1,8,544.569,1,8,65185.357,1,8,198.551,1,8,-9900,?,9,-9900,?,9,20.77,E,8,9.45,E,8,48.0,E,8,872.5394,E,8,999.0,E,8,5.81,E,8,-9900,?,9,-9900,?,9,0.0,E,8,-9900,?,9,-9900,?,9,0.0,0.0,E,8
10/16/2019,14:00,1185.587,1374.991,557.6,1,8,108.712,1,8,463.872,1,8,66912.0,1,8,10327.649,1,8,51025.971,1,8,171.261,1,8,-9900,?,9,-9900,?,9,21.22,E,8,9.36,E,8,46.0,E,8,872.5394,E,8,999.0,E,8,5.32,E,8,-9900,?,9,-9900,?,9,0.0,E,8,-9900,?,9,-9900,?,9,0.0,0.0,E,8
10/16/2019,15:00,989.313,1374.991,476.45,1,8,162.685,1,8,359.43,1,8,57174.0,1,8,15455.038,1,8,39537.264,1,8,159.056,1,8,-9900,?,9,-9900,?,9,21.36,E,8,9.33,E,8,46.0,E,8,872.5394,E,8,999.0,E,8,5.06,E,8,-9900,?,9,-9900,?,9,0.0,E,8,-9900,?,9,-9900,?,9,0.0,0.0,E,8
10/16/2019,16:00,730.955,1374.991,360.62,1,8,180.545,1,8,264.712,1,8,43274.4,1,8,17151.749,1,8,29118.371,1,8,158.62,1,8,-9900,?,9,-9900,?,9,21.11,E,8,9.38,E,8,47.0,E,8,872.5394,E,8,999.0,E,8,4.71,E,8,-9900,?,9,-9900,?,9,0.0,E,8,-9900,?,9,-9900,?,9,0.0,0.0,E,8
10/16/2019,17:00,428.374,1374.991,219.55,1,8,270.956,1,8,135.361,1,8,26346.0,1,8,25740.841,1,8,14889.751,1,8,138.673,1,8,-9900,?,9,-9900,?,9,20.42,E,8,9.53,E,8,49.0,E,8,872.5394,E,8,999.0,E,8,3.92,E,8,-9900,?,9,-9900,?,9,0.0,E,8,-9900,?,9,-9900,?,9,0.0,0.0,E,8
10/16/2019,18:00,104.536,1374.991,70.34,1,8,262.819,1,8,51.196,1,8,8440.8,1,8,24967.839,1,8,5631.554,1,8,223.722,1,8,-9900,?,9,-9900,?,9,19.37,E,8,9.74,E,8,53.0,E,8,872.5394,E,8,999.0,E,8,2.11,E,8,-9900,?,9,-9900,?,9,0.0,E,8,-9900,?,9,-9900,?,9,0.0,0.0,E,8
10/16/2019,19:00,0.0,1374.991,0.0,1,8,0.0,1,8,0.0,1,8,0.0,1,8,0.0,1,8,0.0,1,8,-0.0,1,8,-9900,?,9,-9900,?,9,18.5,E,8,9.91,E,8,57.0,E,8,872.5394,E,8,999.0,E,8,0.77,E,8,-9900,?,9,-9900,?,9,0.0,E,8,-9900,?,9,-9900,?,9,0.0,0.0,E,8
10/16/2019,20:00,0.0,1374.991,0.0,1,8,0.0,1,8,0.0,1,8,0.0,1,8,0.0,1,8,0.0,1,8,-0.0,1,8,-9900,?,9,-9900,?,9,17.62,E,8,10.09,E,8,61.0,E,8,872.5394,E,8,999.0,E,8,0.35,E,8,-9900,?,9,-9900,?,9,0.0,E,8,-9900,?,9,-9900,?,9,0.0,0.0,E,8
10/16/2019,21:00,0.0,1374.991,0.0,1,8,0.0,1,8,0.0,1,8,0.0,1,8,0.0,1,8,0.0,1,8,-0.0,1,8,-9900,?,9,-9900,?,9,16.74,E,8,10.26,E,8,65.0,E,8,872.5394,E,8,999.0,E,8,0.35,E,8,-9900,?,9,-9900,?,9,0.0,E,8,-9900,?,9,-9900,?,9,0.0,0.0,E,8
10/16/2019,22:00,0.0,1374.991,0.0,1,8,0.0,1,8,0.0,1,8,0.0,1,8,0.0,1,8,0.0,1,8,-0.0,1,8,-9900,?,9,-9900,?,9,15.87,E,8,10.43,E,8,70.0,E,8,872.5394,E,8,999.0,E,8,0.35,E,8,-9900,?,9,-9900,?,9,0.0,E,8,-9900,?,9,-9900,?,9,0.0,0.0,E,8
10/16/2019,23:00,0.0,1374.991,0.0,1,8,0.0,1,8,0.0,1,8,0.0,1,8,0.0,1,8,0.0,1,8,-0.0,1,8,-9900,?,9,-9900,?,9,14.99,E,8,10.6,E,8,74.0,E,8,872.5394,E,8,999.0,E,8,0.35,E,8,-9900,?,9,-9900,?,9,0.0,E,8,-9900,?,9,-9900,?,9,0.0,0.0,E,8
10/16/2019,24:00,0.0,1374.991,0.0,1,8,0.0,1,8,0.0,1,8,0.0,1,8,0.0,1,8,0.0,1,8,-0.0,1,8,-9900,?,9,-9900,?,9,14.11,E,8,12.21,E,8,88.0,E,8,872.5394,E,8,999.0,E,8,0.7,E,8,-9900,?,9,-9900,?,9,0.0,E,8,-9900,?,9,-9900,?,9,0.0,0.0,E,8
10/17/2019,01:00,0.0,1374.991,0.0,1,8,0.0,1,8,0.0,1,8,0.0,1,8,0.0,1,8,0.0,1,8,-0.0,1,8,-9900,?,9,-9900,?,9,13.68,E,8,12.08,E,8,90.0,E,8,872.5394,E,8,999.0,E,8,0.99,E,8,-9900,?,9,-9900,?,9,0.0,E,8,-9900,?,9,-9900,?,9,0.0,0.0,E,8
10/17/2019,02:00,0.0,1374.991,0.0,1,8,0.0,1,8,0.0,1,8,0.0,1,8,0.0,1,8,0.0,1,8,-0.0,1,8,-9900,?,9,-9900,?,9,13.24,E,8,11.95,E,8,91.0,E,8,872.5394,E,8,999.0,E,8,0.88,E,8,-9900,?,9,-9900,?,9,0.0,E,8,-9900,?,9,-9900,?,9,0.0,0.0,E,8
10/17/2019,03:00,0.0,1374.991,0.0,1,8,0.0,1,8,0.0,1,8,0.0,1,8,0.0,1,8,0.0,1,8,-0.0,1,8,-9900,?,9,-9900,?,9,12.8,E,8,11.81,E,8,93.0,E,8,872.5394,E,8,999.0,E,8,0.87,E,8,-9900,?,9,-9900,?,9,0.0,E,8,-9900,?,9,-9900,?,9,0.0,0.0,E,8
10/17/2019,04:00,0.0,1375.791,0.0,1,8,0.0,1,8,0.0,1,8,0.0,1,8,0.0,1,8,0.0,1,8,-0.0,1,8,-9900,?,9,-9900,?,9,12.36,E,8,11.67,E,8,95.0,E,8,872.5394,E,8,999.0,E,8,1.04,E,8,-9900,?,9,-9900,?,9,0.0,E,8,-9900,?,9,-9900,?,9,0.0,0.0,E,8
10/17/2019,05:00,0.0,1375.791,0.0,1,8,0.0,1,8,0.0,1,8,0.0,1,8,0.0,1,8,0.0,1,8,-0.0,1,8,-9900,?,9,-9900,?,9,11.97,E,8,11.55,E,8,97.0,E,8,872.5394,E,8,999.0,E,8,0.97,E,8,-9900,?,9,-9900,?,9,0.0,E,8,-9900,?,9,-9900,?,9,0.0,0.0,E,8
10/17/2019,06:00,61.559,1375.791,0.0,1,8,0.0,1,8,0.0,1,8,0.0,1,8,0.0,1,8,0.0,1,8,0.0,1,8,-9900,?,9,-9900,?,9,11.68,E,8,11.46,E,8,98.0,E,8,872.5394,E,8,999.0,E,8,1.37,E,8,-9900,?,9,-9900,?,9,0.0,E,8,-9900,?,9,-9900,?,9,0.0,0.0,E,8
10/17/2019,07:00,385.474,1375.791,33.97,1,8,0.0,1,8,33.97,1,8,4076.4,1,8,0.0,1,8,3736.7,1,8,38.723,1,8,-9900,?,9,-9900,?,9,11.39,E,8,11.37,E,8,99.0,E,8,872.5394,E,8,999.0,E,8,0.7,E,8,-9900,?,9,-9900,?,9,0.0,E,8,-9900,?,9,-9900,?,9,0.0,0.0,E,8
10/17/2019,08:00,692.811,1375.791,166.5,1,8,4.583,1,8,164.194,1,8,19980.0,1,8,435.376,1,8,18061.358,1,8,103.877,1,8,-9900,?,9,-9900,?,9,14.07,E,8,12.2,E,8,88.0,E,8,872.5394,E,8,999.0,E,8,1.3,E,8,-9900,?,9,-9900,?,9,0.0,E,8,-9900,?,9,-9900,?,9,0.0,0.0,E,8
10/17/2019,09:00,958.698,1375.791,270.25,1,8,11.58,1,8,262.183,1,8,32430.0,1,8,1100.107,1,8,28840.144,1,8,119.801,1,8,-9900,?,9,-9900,?,9,15.58,E,8,12.65,E,8,82.0,E,8,872.5394,E,8,999.0,E,8,0.99,E,8,-9900,?,9,-9900,?,9,0.0,E,8,-9900,?,9,-9900,?,9,0.0,0.0,E,8
10/17/2019,10:00,1164.727,1375.791,134.58,1,8,1.102,1,8,133.647,1,8,16149.6,1,8,104.704,1,8,14701.174,1,8,50.256,1,8,-9900,?,9,-9900,?,9,15.43,E,8,12.61,E,8,83.0,E,8,872.5394,E,8,999.0,E,8,0.86,E,8,-9900,?,9,-9900,?,9,0.0,E,8,-9900,?,9,-9900,?,9,0.0,0.0,E,8
10/17/2019,11:00,1296.797,1375.791,360.65,1,8,18.309,1,8,343.393,1,8,43278.0,1,8,1739.35,1,8,37773.223,1,8,115.968,1,8,-9900,?,9,-9900,?,9,16.54,E,8,12.94,E,8,79.0,E,8,872.5394,E,8,999.0,E,8,0.7,E,8,-9900,?,9,-9900,?,9,0.0,E,8,-9900,?,9,-9900,?,9,0.0,0.0,E,8
10/17/2019,12:00,1345.894,1375.791,391.15,1,8,22.647,1,8,368.996,1,8,46938.0,1,8,2151.444,1,8,40589.521,1,8,120.066,1,8,-9900,?,9,-9900,?,9,17.42,E,8,13.19,E,8,76.0,E,8,872.5394,E,8,999.0,E,8,0.7,E,8,-9900,?,9,-9900,?,9,0.0,E,8,-9900,?,9,-9900,?,9,0.0,0.0,E,8
10/17/2019,13:00,1308.68,1375.791,393.15,1,8,24.088,1,8,370.238,1,8,47178.0,1,8,2288.315,1,8,40726.2,1,8,123.898,1,8,-9900,?,9,-9900,?,9,18.06,E,8,13.37,E,8,74.0,E,8,872.5394,E,8,999.0,E,8,0.7,E,8,-9900,?,9,-9900,?,9,0.0,E,8,-9900,?,9,-9900,?,9,0.0,0.0,E,8
10/17/2019,14:00,1187.713,1375.791,366.52,1,8,18.755,1,8,350.331,1,8,43982.4,1,8,1781.715,1,8,38536.369,1,8,129.185,1,8,-9900,?,9,-9900,?,9,18.45,E,8,13.48,E,8,72.0,E,8,872.5394,E,8,999.0,E,8,0.7,E,8,-9900,?,9,-9900,?,9,0.0,E,8,-9900,?,9,-9900,?,9,0.0,0.0,E,8
10/17/2019,15:00,991.277,1375.791,313.19,1,8,12.293,1,8,304.335,1,8,37582.8,1,8,1167.847,1,8,33476.854,1,8,134.486,1,8,-9900,?,9,-9900,?,9,18.59,E,8,13.52,E,8,72.0,E,8,872.5394,E,8,999.0,E,8,0.7,E,8,-9900,?,9,-9900,?,9,0.0,E,8,-9900,?,9,-9900,?,9,0.0,0.0,E,8
10/17/2019,16:00,732.842,1375.791,237.13,1,8,17.973,1,8,227.563,1,8,28455.6,1,8,1707.462,1,8,25031.958,1,8,136.087,1,8,-9900,?,9,-9900,?,9,18.44,E,8,13.48,E,8,72.0,E,8,872.5394,E,8,999.0,E,8,0.7,E,8,-9900,?,9,-9900,?,9,0.0,E,8,-9900,?,9,-9900,?,9,0.0,0.0,E,8
10/17/2019,17:00,430.27,1375.791,144.53,1,8,52.561,1,8,128.136,1,8,17343.6,1,8,4993.289,1,8,14094.927,1,8,130.765,1,8,-9900,?,9,-9900,?,9,17.94,E,8,13.34,E,8,74.0,E,8,872.5394,E,8,999.0,E,8,0.7,E,8,-9900,?,9,-9900,?,9,0.0,E,8,-9900,?,9,-9900,?,9,0.0,0.0,E,8
10/17/2019,18:00,106.481,1375.791,46.59,1,8,117.827,1,8,37.841,1,8,5590.8,1,8,11193.563,1,8,4162.504,1,8,162.217,1,8,-9900,?,9,-9900,?,9,17.15,E,8,13.11,E,8,77.0,E,8,872.5394,E,8,999.0,E,8,0.7,E,8,-9900,?,9,-9900,?,9,0.0,E,8,-9900,?,9,-9900,?,9,0.0,0.0,E,8
10/17/2019,19:00,0.0,1375.791,0.0,1,8,0.0,1,8,0.0,1,8,0.0,1,8,0.0,1,8,0.0,1,8,-0.0,1,8,-9900,?,9,-9900,?,9,16.24,E,8,12.85,E,8,80.0,E,8,872.5394,E,8,999.0,E,8,0.7,E,8,-9900,?,9,-9900,?,9,0.0,E,8,-9900,?,9,-9900,?,9,0.0,0.0,E,8
10/17/2019,20:00,0.0,1375.791,0.0,1,8,0.0,1,8,0.0,1,8,0.0,1,8,0.0,1,8,0.0,1,8,-0.0,1,8,-9900,?,9,-9900,?,9,15.33,E,8,12.58,E,8,83.0,E,8,872.5394,E,8,999.0,E,8,0.7,E,8,-9900,?,9,-9900,?,9,0.0,E,8,-9900,?,9,-9900,?,9,0.0,0.0,E,8
10/17/2019,21:00,0.0,1375.791,0.0,1,8,0.0,1,8,0.0,1,8,0.0,1,8,0.0,1,8,0.0,1,8,-0.0,1,8,-9900,?,9,-9900,?,9,14.42,E,8,12.31,E,8,87.0,E,8,872.5394,E,8,999.0,E,8,0.7,E,8,-9900,?,9,-9900,?,9,0.0,E,8,-9900,?,9,-9900,?,9,0.0,0.0,E,8
10/17/2019,22:00,0.0,1375.791,0.0,1,8,0.0,1,8,0.0,1,8,0.0,1,8,0.0,1,8,0.0,1,8,-0.0,1,8,-9900,?,9,-9900,?,9,13.52,E,8,12.03,E,8,90.0,E,8,872.5394,E,8,999.0,E,8,0.7,E,8,-9900,?,9,-9900,?,9,0.0,E,8,-9900,?,9,-9900,?,9,0.0,0.0,E,8
10/17/2019,23:00,0.0,1375.791,0.0,1,8,0.0,1,8,0.0,1,8,0.0,1,8,0.0,1,8,0.0,1,8,-0.0,1,8,-9900,?,9,-9900,?,9,12.61,E,8,11.75,E,8,94.0,E,8,872.5394,E,8,999.0,E,8,0.7,E,8,-9900,?,9,-9900,?,9,0.0,E,8,-9900,?,9,-9900,?,9,0.0,0.0,E,8
10/17/2019,24:00,0.0,1375.791,0.0,1,8,0.0,1,8,0.0,1,8,0.0,1,8,0.0,1,8,0.0,1,8,-0.0,1,8,-9900,?,9,-9900,?,9,11.7,E,8,7.84,E,8,77.0,E,8,872.5394,E,8,999.0,E,8,0.58,E,8,-9900,?,9,-9900,?,9,0.0,E,8,-9900,?,9,-9900,?,9,0.0,0.0,E,8
10/18/2019,01:00,0.0,1375.791,0.0,1,8,0.0,1,8,0.0,1,8,0.0,1,8,0.0,1,8,0.0,1,8,-0.0,1,8,-9900,?,9,-9900,?,9,11.25,E,8,7.71,E,8,78.0,E,8,872.5394,E,8,999.0,E,8,0.58,E,8,-9900,?,9,-9900,?,9,0.0,E,8,-9900,?,9,-9900,?,9,0.0,0.0,E,8
10/18/2019,02:00,0.0,1375.791,0.0,1,8,0.0,1,8,0.0,1,8,0.0,1,8,0.0,1,8,0.0,1,8,-0.0,1,8,-9900,?,9,-9900,?,9,10.79,E,8,7.57,E,8,80.0,E,8,872.5394,E,8,999.0,E,8,0.58,E,8,-9900,?,9,-9900,?,9,0.0,E,8,-9900,?,9,-9900,?,9,0.0,0.0,E,8
10/18/2019,03:00,0.0,1375.791,0.0,1,8,0.0,1,8,0.0,1,8,0.0,1,8,0.0,1,8,0.0,1,8,-0.0,1,8,-9900,?,9,-9900,?,9,10.34,E,8,7.44,E,8,82.0,E,8,872.5394,E,8,999.0,E,8,0.58,E,8,-9900,?,9,-9900,?,9,0.0,E,8,-9900,?,9,-9900,?,9,0.0,0.0,E,8
10/18/2019,04:00,0.0,1376.589,0.0,1,8,0.0,1,8,0.0,1,8,0.0,1,8,0.0,1,8,0.0,1,8,-0.0,1,8,-9900,?,9,-9900,?,9,9.88,E,8,7.3,E,8,83.0,E,8,872.5394,E,8,999.0,E,8,0.58,E,8,-9900,?,9,-9900,?,9,0.0,E,8,-9900,?,9,-9900,?,9,0.0,0.0,E,8
10/18/2019,05:00,0.0,1376.589,0.0,1,8,0.0,1,8,0.0,1,8,0.0,1,8,0.0,1,8,0.0,1,8,-0.0,1,8,-9900,?,9,-9900,?,9,9.48,E,8,7.17,E,8,85.0,E,8,872.5394,E,8,999.0,E,8,0.58,E,8,-9900,?,9,-9900,?,9,0.0,E,8,-9900,?,9,-9900,?,9,0.0,0.0,E,8
10/18/2019,06:00,65.634,1376.589,0.0,1,8,0.0,1,8,0.0,1,8,0.0,1,8,0.0,1,8,0.0,1,8,0.0,1,8,-9900,?,9,-9900,?,9,9.18,E,8,7.08,E,8,86.0,E,8,872.5394,E,8,999.0,E,8,0.58,E,8,-9900,?,9,-9900,?,9,0.0,E,8,-9900,?,9,-9900,?,9,0.0,0.0,E,8
10/18/2019,07:00,389.583,1376.589,82.28,1,8,0.0,1,8,82.28,1,8,9873.6,1,8,0.0,1,8,9050.8,1,8,92.851,1,8,-9900,?,9,-9900,?,9,8.88,E,8,6.99,E,8,87.0,E,8,872.5394,E,8,999.0,E,8,0.58,E,8,-9900,?,9,-9900,?,9,0.0,E,8,-9900,?,9,-9900,?,9,0.0,0.0,E,8
10/18/2019,08:00,696.675,1376.589,299.75,1,8,116.984,1,8,240.596,1,8,35970.0,1,8,11113.449,1,8,26465.592,1,8,151.455,1,8,-9900,?,9,-9900,?,9,12.23,E,8,8.0,E,8,75.0,E,8,872.5394,E,8,999.0,E,8,0.58,E,8,-9900,?,9,-9900,?,9,0.0,E,8,-9900,?,9,-9900,?,9,0.0,0.0,E,8
10/18/2019,09:00,962.26,1376.589,470.69,1,8,129.335,1,8,380.31,1,8,56482.8,1,8,12286.869,1,8,41834.097,1,8,173.234,1,8,-9900,?,9,-9900,?,9,13.87,E,8,8.47,E,8,69.0,E,8,872.5394,E,8,999.0,E,8,0.58,E,8,-9900,?,9,-9900,?,9,0.0,E,8,-9900,?,9,-9900,?,9,0.0,0.0,E,8
10/18/2019,10:00,1167.961,1376.589,625.33,1,8,189.313,1,8,464.726,1,8,75039.6,1,8,17984.748,1,8,51119.909,1,8,174.371,1,8,-9900,?,9,-9900,?,9,15.37,E,8,8.89,E,8,65.0,E,8,872.5394,E,8,999.0,E,8,0.58,E,8,-9900,?,9,-9900,?,9,0.0,E,8,-9900,?,9,-9900,?,9,0.0,0.0,E,8
10/18/2019,11:00,1299.697,1376.589,634.02,1,8,11.694,1,8,622.98,1,8,76082.4,1,8,1110.901,1,8,68527.787,1,8,210.04,1,8,-9900,?,9,-9900,?,9,16.29,E,8,9.14,E,8,62.0,E,8,872.5394,E,8,999.0,E,8,0.69,E,8,-9900,?,9,-9900,?,9,0.0,E,8,-9900,?,9,-9900,?,9,0.0,0.0,E,8
10/18/2019,12:00,1348.478,1376.589,605.13,1,8,95.13,1,8,511.943,1,8,72615.6,1,8,9037.391,1,8,56313.768,1,8,166.356,1,8,-9900,?,9,-9900,?,9,16.83,E,8,9.29,E,8,61.0,E,8,872.5394,E,8,999.0,E,8,1.09,E,8,-9900,?,9,-9900,?,9,0.0,E,8,-9900,?,9,-9900,?,9,0.0,0.0,E,8
10/18/2019,13:00,1310.988,1376.589,787.68,1,8,362.9,1,8,442.084,1,8,94521.6,1,8,34475.539,1,8,48629.216,1,8,147.766,1,8,-9900,?,9,-9900,?,9,17.67,E,8,9.51,E,8,58.0,E,8,872.5394,E,8,999.0,E,8,1.6,E,8,-9900,?,9,-9900,?,9,0.0,E,8,-9900,?,9,-9900,?,9,0.0,0.0,E,8
10/18/2019,14:00,1189.805,1376.589,700.69,1,8,281.389,1,8,457.506,1,8,84082.8,1,8,26731.917,1,8,50325.658,1,8,168.507,1,8,-9900,?,9,-9900,?,9,18.11,E,8,9.63,E,8,57.0,E,8,872.5394,E,8,999.0,E,8,1.78,E,8,-9900,?,9,-9900,?,9,0.0,E,8,-9900,?,9,-9900,?,9,0.0,0.0,E,8
10/18/2019,15:00,993.228,1376.589,675.06,1,8,521.257,1,8,299.067,1,8,81007.2,1,8,49519.458,1,8,32897.373,1,8,131.975,1,8,-9900,?,9,-9900,?,9,18.4,E,8,9.7,E,8,56.0,E,8,872.5394,E,8,999.0,E,8,2.02,E,8,-9900,?,9,-9900,?,9,0.0,E,8,-9900,?,9,-9900,?,9,0.0,0.0,E,8
10/18/2019,16:00,734.735,1376.589,534.15,1,8,661.778,1,8,181.195,1,8,64098.0,1,8,62868.878,1,8,19931.464,1,8,108.141,1,8,-9900,?,9,-9900,?,9,18.37,E,8,9.69,E,8,56.0,E,8,872.5394,E,8,999.0,E,8,1.72,E,8,-9900,?,9,-9900,?,9,0.0,E,8,-9900,?,9,-9900,?,9,0.0,0.0,E,8
10/18/2019,17:00,432.19,1376.589,431.01,1,8,577.588,1,8,250.151,1,8,51721.2,1,8,54870.903,1,8,27516.648,1,8,254.292,1,8,-9900,?,9,-9900,?,9,18.07,E,8,9.62,E,8,57.0,E,8,872.5394,E,8,999.0,E,8,0.96,E,8,-9900,?,9,-9900,?,9,0.0,E,8,-9900,?,9,-9900,?,9,0.0,0.0,E,8
10/18/2019,18:00,108.463,1376.589,147.88,1,8,272.394,1,8,127.262,1,8,17745.6,1,8,25877.46,1,8,13998.829,1,8,535.183,1,8,-9900,?,9,-9900,?,9,17.12,E,8,9.36,E,8,60.0,E,8,872.5394,E,8,999.0,E,8,0.6,E,8,-9900,?,9,-9900,?,9,0.0,E,8,-9900,?,9,-9900,?,9,0.0,0.0,E,8
10/18/2019,19:00,0.0,1376.589,0.0,1,8,0.0,1,8,0.0,1,8,0.0,1,8,0.0,1,8,0.0,1,8,-0.0,1,8,-9900,?,9,-9900,?,9,16.16,E,8,9.1,E,8,62.0,E,8,872.5394,E,8,999.0,E,8,0.58,E,8,-9900,?,9,-9900,?,9,0.0,E,8,-9900,?,9,-9900,?,9,0.0,0.0,E,8
10/18/2019,20:00,0.0,1376.589,0.0,1,8,0.0,1,8,0.0,1,8,0.0,1,8,0.0,1,8,0.0,1,8,-0.0,1,8,-9900,?,9,-9900,?,9,15.19,E,8,8.84,E,8,65.0,E,8,872.5394,E,8,999.0,E,8,0.58,E,8,-9900,?,9,-9900,?,9,0.0,E,8,-9900,?,9,-9900,?,9,0.0,0.0,E,8
10/18/2019,21:00,0.0,1376.589,0.0,1,8,0.0,1,8,0.0,1,8,0.0,1,8,0.0,1,8,0.0,1,8,-0.0,1,8,-9900,?,9,-9900,?,9,14.23,E,8,8.57,E,8,68.0,E,8,872.5394,E,8,999.0,E,8,0.58,E,8,-9900,?,9,-9900,?,9,0.0,E,8,-9900,?,9,-9900,?,9,0.0,0.0,E,8
10/18/2019,22:00,0.0,1376.589,0.0,1,8,0.0,1,8,0.0,1,8,0.0,1,8,0.0,1,8,0.0,1,8,-0.0,1,8,-9900,?,9,-9900,?,9,13.26,E,8,8.29,E,8,71.0,E,8,872.5394,E,8,999.0,E,8,0.58,E,8,-9900,?,9,-9900,?,9,0.0,E,8,-9900,?,9,-9900,?,9,0.0,0.0,E,8
10/18/2019,23:00,0.0,1376.589,0.0,1,8,0.0,1,8,0.0,1,8,0.0,1,8,0.0,1,8,0.0,1,8,-0.0,1,8,-9900,?,9,-9900,?,9,12.3,E,8,8.02,E,8,75.0,E,8,872.5394,E,8,999.0,E,8,0.58,E,8,-9900,?,9,-9900,?,9,0.0,E,8,-9900,?,9,-9900,?,9,0.0,0.0,E,8
10/18/2019,24:00,0.0,1376.589,0.0,1,8,0.0,1,8,0.0,1,8,0.0,1,8,0.0,1,8,0.0,1,8,-0.0,1,8,-9900,?,9,-9900,?,9,11.34,E,8,8.41,E,8,82.0,E,8,872.5394,E,8,999.0,E,8,0.29,E,8,-9900,?,9,-9900,?,9,0.0,E,8,-9900,?,9,-9900,?,9,0.0,0.0,E,8
10/19/2019,01:00,0.0,1376.589,0.0,1,8,0.0,1,8,0.0,1,8,0.0,1,8,0.0,1,8,0.0,1,8,-0.0,1,8,-9900,?,9,-9900,?,9,10.85,E,8,8.12,E,8,83.0,E,8,872.5394,E,8,999.0,E,8,0.41,E,8,-9900,?,9,-9900,?,9,0.0,E,8,-9900,?,9,-9900,?,9,0.0,0.0,E,8
10/19/2019,02:00,0.0,1376.589,0.0,1,8,0.0,1,8,0.0,1,8,0.0,1,8,0.0,1,8,0.0,1,8,-0.0,1,8,-9900,?,9,-9900,?,9,10.37,E,8,7.82,E,8,84.0,E,8,872.5394,E,8,999.0,E,8,0.37,E,8,-9900,?,9,-9900,?,9,0.0,E,8,-9900,?,9,-9900,?,9,0.0,0.0,E,8
10/19/2019,03:00,0.0,1376.589,0.0,1,8,0.0,1,8,0.0,1,8,0.0,1,8,0.0,1,8,0.0,1,8,-0.0,1,8,-9900,?,9,-9900,?,9,9.89,E,8,7.52,E,8,85.0,E,8,872.5394,E,8,999.0,E,8,0.4,E,8,-9900,?,9,-9900,?,9,0.0,E,8,-9900,?,9,-9900,?,9,0.0,0.0,E,8
10/19/2019,04:00,0.0,1377.384,0.0,1,8,0.0,1,8,0.0,1,8,0.0,1,8,0.0,1,8,0.0,1,8,-0.0,1,8,-9900,?,9,-9900,?,9,9.41,E,8,7.22,E,8,86.0,E,8,872.5394,E,8,999.0,E,8,0.58,E,8,-9900,?,9,-9900,?,9,0.0,E,8,-9900,?,9,-9900,?,9,0.0,0.0,E,8
10/19/2019,05:00,0.0,1377.384,0.0,1,8,0.0,1,8,0.0,1,8,0.0,1,8,0.0,1,8,0.0,1,8,-0.0,1,8,-9900,?,9,-9900,?,9,8.98,E,8,6.94,E,8,87.0,E,8,872.5394,E,8,999.0,E,8,0.66,E,8,-9900,?,9,-9900,?,9,0.0,E,8,-9900,?,9,-9900,?,9,0.0,0.0,E,8
10/19/2019,06:00,69.651,1377.384,0.0,1,8,0.0,1,8,0.0,1,8,0.0,1,8,0.0,1,8,0.0,1,8,0.0,1,8,-9900,?,9,-9900,?,9,8.66,E,8,6.73,E,8,87.0,E,8,872.5394,E,8,999.0,E,8,0.64,E,8,-9900,?,9,-9900,?,9,0.0,E,8,-9900,?,9,-9900,?,9,0.0,0.0,E,8
10/19/2019,07:00,393.606,1377.384,67.93,1,8,0.0,1,8,67.93,1,8,8151.6,1,8,0.0,1,8,7472.3,1,8,75.913,1,8,-9900,?,9,-9900,?,9,8.34,E,8,6.52,E,8,88.0,E,8,872.5394,E,8,999.0,E,8,0.56,E,8,-9900,?,9,-9900,?,9,0.0,E,8,-9900,?,9,-9900,?,9,0.0,0.0,E,8
10/19/2019,08:00,700.446,1377.384,442.99,1,8,181.303,1,8,350.869,1,8,53158.8,1,8,17223.774,1,8,38595.567,1,8,219.806,1,8,-9900,?,9,-9900,?,9,13.32,E,8,9.55,E,8,77.0,E,8,872.5394,E,8,999.0,E,8,0.33,E,8,-9900,?,9,-9900,?,9,0.0,E,8,-9900,?,9,-9900,?,9,0.0,0.0,E,8
10/19/2019,09:00,965.729,1377.384,492.66,1,8,189.128,1,8,360.097,1,8,59119.2,1,8,17967.139,1,8,39610.623,1,8,163.531,1,8,-9900,?,9,-9900,?,9,14.87,E,8,10.39,E,8,74.0,E,8,872.5394,E,8,999.0,E,8,0.29,E,8,-9900,?,9,-9900,?,9,0.0,E,8,-9900,?,9,-9900,?,9,0.0,0.0,E,8
10/19/2019,10:00,1171.105,1377.384,682.18,1,8,276.167,1,8,447.399,1,8,81861.6,1,8,26235.884,1,8,49213.84,1,8,167.515,1,8,-9900,?,9,-9900,?,9,16.56,E,8,11.26,E,8,70.0,E,8,872.5394,E,8,999.0,E,8,0.37,E,8,-9900,?,9,-9900,?,9,0.0,E,8,-9900,?,9,-9900,?,9,0.0,0.0,E,8
10/19/2019,11:00,1302.515,1377.384,145.02,1,8,2.84,1,8,142.334,1,8,17402.4,1,8,269.822,1,8,15656.767,1,8,47.912,1,8,-9900,?,9,-9900,?,9,15.48,E,8,10.71,E,8,73.0,E,8,872.5394,E,8,999.0,E,8,1.16,E,8,-9900,?,9,-9900,?,9,0.0,E,8,-9900,?,9,-9900,?,9,0.0,0.0,E,8
10/19/2019,12:00,1350.994,1377.384,637.55,1,8,123.81,1,8,516.114,1,8,76506.0,1,8,11761.953,1,8,56772.486,1,8,167.495,1,8,-9900,?,9,-9900,?,9,16.36,E,8,11.16,E,8,71.0,E,8,872.5394,E,8,999.0,E,8,1.42,E,8,-9900,?,9,-9900,?,9,0.0,E,8,-9900,?,9,-9900,?,9,0.0,0.0,E,8
10/19/2019,13:00,1313.246,1377.384,640.48,1,8,85.436,1,8,559.025,1,8,76857.6,1,8,8116.4,1,8,61492.742,1,8,186.639,1,8,-9900,?,9,-9900,?,9,17.0,E,8,11.48,E,8,69.0,E,8,872.5394,E,8,999.0,E,8,2.4,E,8,-9900,?,9,-9900,?,9,0.0,E,8,-9900,?,9,-9900,?,9,0.0,0.0,E,8
10/19/2019,14:00,1191.866,1377.384,596.98,1,8,210.782,1,8,414.606,1,8,71637.6,1,8,20024.265,1,8,45606.676,1,8,152.53,1,8,-9900,?,9,-9900,?,9,17.37,E,8,11.66,E,8,69.0,E,8,872.5394,E,8,999.0,E,8,2.6,E,8,-9900,?,9,-9900,?,9,0.0,E,8,-9900,?,9,-9900,?,9,0.0,0.0,E,8
10/19/2019,15:00,995.167,1377.384,510.18,1,8,173.561,1,8,384.815,1,8,61221.6,1,8,16488.326,1,8,42329.627,1,8,169.581,1,8,-9900,?,9,-9900,?,9,17.48,E,8,11.72,E,8,68.0,E,8,872.5394,E,8,999.0,E,8,2.38,E,8,-9900,?,9,-9900,?,9,0.0,E,8,-9900,?,9,-9900,?,9,0.0,0.0,E,8
10/19/2019,16:00,736.634,1377.384,386.55,1,8,233.221,1,8,261.913,1,8,46386.0,1,8,22155.995,1,8,28810.435,1,8,156.001,1,8,-9900,?,9,-9900,?,9,17.2,E,8,11.58,E,8,69.0,E,8,872.5394,E,8,999.0,E,8,1.95,E,8,-9900,?,9,-9900,?,9,0.0,E,8,-9900,?,9,-9900,?,9,0.0,0.0,E,8
10/19/2019,17:00,434.133,1377.384,236.17,1,8,379.104,1,8,116.995,1,8,28340.4,1,8,36014.865,1,8,12869.415,1,8,118.464,1,8,-9900,?,9,-9900,?,9,16.53,E,8,11.25,E,8,70.0,E,8,872.5394,E,8,999.0,E,8,1.04,E,8,-9900,?,9,-9900,?,9,0.0,E,8,-9900,?,9,-9900,?,9,0.0,0.0,E,8
10/19/2019,18:00,110.484,1377.384,77.09,1,8,266.536,1,8,56.525,1,8,9250.8,1,8,25320.879,1,8,6217.773,1,8,233.197,1,8,-9900,?,9,-9900,?,9,15.53,E,8,10.74,E,8,73.0,E,8,872.5394,E,8,999.0,E,8,0.52,E,8,-9900,?,9,-9900,?,9,0.0,E,8,-9900,?,9,-9900,?,9,0.0,0.0,E,8
10/19/2019,19:00,0.0,1377.384,0.0,1,8,0.0,1,8,0.0,1,8,0.0,1,8,0.0,1,8,0.0,1,8,-0.0,1,8,-9900,?,9,-9900,?,9,14.88,E,8,10.4,E,8,74.0,E,8,872.5394,E,8,999.0,E,8,0.29,E,8,-9900,?,9,-9900,?,9,0.0,E,8,-9900,?,9,-9900,?,9,0.0,0.0,E,8
10/19/2019,20:00,0.0,1377.384,0.0,1,8,0.0,1,8,0.0,1,8,0.0,1,8,0.0,1,8,0.0,1,8,-0.0,1,8,-9900,?,9,-9900,?,9,14.24,E,8,10.06,E,8,75.0,E,8,872.5394,E,8,999.0,E,8,0.29,E,8,-9900,?,9,-9900,?,9,0.0,E,8,-9900,?,9,-9900,?,9,0.0,0.0,E,8
10/19/2019,21:00,0.0,1377.384,0.0,1,8,0.0,1,8,0.0,1,8,0.0,1,8,0.0,1,8,0.0,1,8,-0.0,1,8,-9900,?,9,-9900,?,9,13.6,E,8,9.71,E,8,77.0,E,8,872.5394,E,8,999.0,E,8,0.29,E,8,-9900,?,9,-9900,?,9,0.0,E,8,-9900,?,9,-9900,?,9,0.0,0.0,E,8
10/19/2019,22:00,0.0,1377.384,0.0,1,8,0.0,1,8,0.0,1,8,0.0,1,8,0.0,1,8,0.0,1,8,-0.0,1,8,-9900,?,9,-9900,?,9,12.96,E,8,9.35,E,8,78.0,E,8,872.5394,E,8,999.0,E,8,0.29,E,8,-9900,?,9,-9900,?,9,0.0,E,8,-9900,?,9,-9900,?,9,0.0,0.0,E,8
10/19/2019,23:00,0.0,1377.384,0.0,1,8,0.0,1,8,0.0,1,8,0.0,1,8,0.0,1,8,0.0,1,8,-0.0,1,8,-9900,?,9,-9900,?,9,12.31,E,8,8.98,E,8,80.0,E,8,872.5394,E,8,999.0,E,8,0.29,E,8,-9900,?,9,-9900,?,9,0.0,E,8,-9900,?,9,-9900,?,9,0.0,0.0,E,8
10/19/2019,24:00,0.0,1377.384,0.0,1,8,0.0,1,8,0.0,1,8,0.0,1,8,0.0,1,8,0.0,1,8,-0.0,1,8,-9900,?,9,-9900,?,9,11.67,E,8,7.31,E,8,74.0,E,8,872.5394,E,8,999.0,E,8,0.6,E,8,-9900,?,9,-9900,?,9,0.0,E,8,-9900,?,9,-9900,?,9,0.0,0.0,E,8
10/20/2019,01:00,0.0,1377.384,0.0,1,8,0.0,1,8,0.0,1,8,0.0,1,8,0.0,1,8,0.0,1,8,-0.0,1,8,-9900,?,9,-9900,?,9,11.35,E,8,7.23,E,8,75.0,E,8,872.5394,E,8,999.0,E,8,0.6,E,8,-9900,?,9,-9900,?,9,0.0,E,8,-9900,?,9,-9900,?,9,0.0,0.0,E,8
10/20/2019,02:00,0.0,1377.384,0.0,1,8,0.0,1,8,0.0,1,8,0.0,1,8,0.0,1,8,0.0,1,8,-0.0,1,8,-9900,?,9,-9900,?,9,11.03,E,8,7.16,E,8,77.0,E,8,872.5394,E,8,999.0,E,8,0.6,E,8,-9900,?,9,-9900,?,9,0.0,E,8,-9900,?,9,-9900,?,9,0.0,0.0,E,8
10/20/2019,03:00,0.0,1377.384,0.0,1,8,0.0,1,8,0.0,1,8,0.0,1,8,0.0,1,8,0.0,1,8,-0.0,1,8,-9900,?,9,-9900,?,9,10.71,E,8,7.08,E,8,78.0,E,8,872.5394,E,8,999.0,E,8,0.6,E,8,-9900,?,9,-9900,?,9,0.0,E,8,-9900,?,9,-9900,?,9,0.0,0.0,E,8
10/20/2019,04:00,0.0,1378.177,0.0,1,8,0.0,1,8,0.0,1,8,0.0,1,8,0.0,1,8,0.0,1,8,-0.0,1,8,-9900,?,9,-9900,?,9,10.39,E,8,7.0,E,8,79.0,E,8,872.5394,E,8,999.0,E,8,0.6,E,8,-9900,?,9,-9900,?,9,0.0,E,8,-9900,?,9,-9900,?,9,0.0,0.0,E,8
10/20/2019,05:00,0.0,1378.177,0.0,1,8,0.0,1,8,0.0,1,8,0.0,1,8,0.0,1,8,0.0,1,8,-0.0,1,8,-9900,?,9,-9900,?,9,10.1,E,8,6.93,E,8,80.0,E,8,872.5394,E,8,999.0,E,8,0.6,E,8,-9900,?,9,-9900,?,9,0.0,E,8,-9900,?,9,-9900,?,9,0.0,0.0,E,8
10/20/2019,06:00,73.607,1378.177,0.0,1,8,0.0,1,8,0.0,1,8,0.0,1,8,0.0,1,8,0.0,1,8,0.0,1,8,-9900,?,9,-9900,?,9,9.89,E,8,6.87,E,8,81.0,E,8,872.5394,E,8,999.0,E,8,0.6,E,8,-9900,?,9,-9900,?,9,0.0,E,8,-9900,?,9,-9900,?,9,0.0,0.0,E,8
10/20/2019,07:00,397.54,1378.177,69.74,1,8,0.0,1,8,69.74,1,8,8368.8,1,8,0.0,1,8,7671.4,1,8,77.203,1,8,-9900,?,9,-9900,?,9,9.68,E,8,6.82,E,8,82.0,E,8,872.5394,E,8,999.0,E,8,0.6,E,8,-9900,?,9,-9900,?,9,0.0,E,8,-9900,?,9,-9900,?,9,0.0,0.0,E,8
10/20/2019,08:00,704.122,1378.177,252.94,1,8,43.393,1,8,230.789,1,8,30352.8,1,8,4122.339,1,8,25386.736,1,8,143.907,1,8,-9900,?,9,-9900,?,9,12.45,E,8,7.5,E,8,71.0,E,8,872.5394,E,8,999.0,E,8,0.6,E,8,-9900,?,9,-9900,?,9,0.0,E,8,-9900,?,9,-9900,?,9,0.0,0.0,E,8
10/20/2019,09:00,969.103,1378.177,430.47,1,8,87.633,1,8,368.867,1,8,51656.4,1,8,8325.11,1,8,40575.385,1,8,167.027,1,8,-9900,?,9,-9900,?,9,13.99,E,8,7.87,E,8,66.0,E,8,872.5394,E,8,999.0,E,8,0.6,E,8,-9900,?,9,-9900,?,9,0.0,E,8,-9900,?,9,-9900,?,9,0.0,0.0,E,8
10/20/2019,10:00,1174.158,1378.177,578.67,1,8,133.097,1,8,465.289,1,8,69440.4,1,8,12644.175,1,8,51181.793,1,8,173.86,1,8,-9900,?,9,-9900,?,9,15.39,E,8,8.19,E,8,62.0,E,8,872.5394,E,8,999.0,E,8,0.6,E,8,-9900,?,9,-9900,?,9,0.0,E,8,-9900,?,9,-9900,?,9,0.0,0.0,E,8
10/20/2019,11:00,1305.253,1378.177,685.23,1,8,10.075,1,8,675.689,1,8,82227.6,1,8,957.088,1,8,74325.767,1,8,227.102,1,8,-9900,?,9,-9900,?,9,16.6,E,8,8.47,E,8,58.0,E,8,872.5394,E,8,999.0,E,8,0.64,E,8,-9900,?,9,-9900,?,9,0.0,E,8,-9900,?,9,-9900,?,9,0.0,0.0,E,8
10/20/2019,12:00,1353.443,1378.177,742.18,1,8,11.658,1,8,730.731,1,8,89061.6,1,8,1107.529,1,8,80380.426,1,8,236.852,1,8,-9900,?,9,-9900,?,9,17.57,E,8,8.68,E,8,55.0,E,8,872.5394,E,8,999.0,E,8,1.16,E,8,-9900,?,9,-9900,?,9,0.0,E,8,-9900,?,9,-9900,?,9,0.0,0.0,E,8
10/20/2019,13:00,1315.454,1378.177,745.43,1,8,13.629,1,8,732.422,1,8,89451.6,1,8,1294.715,1,8,80566.426,1,8,244.261,1,8,-9900,?,9,-9900,?,9,18.27,E,8,8.84,E,8,54.0,E,8,872.5394,E,8,999.0,E,8,1.95,E,8,-9900,?,9,-9900,?,9,0.0,E,8,-9900,?,9,-9900,?,9,0.0,0.0,E,8
10/20/2019,14:00,1193.896,1378.177,694.73,1,8,262.093,1,8,467.705,1,8,83367.6,1,8,24898.796,1,8,51447.549,1,8,171.871,1,8,-9900,?,9,-9900,?,9,18.69,E,8,8.93,E,8,53.0,E,8,872.5394,E,8,999.0,E,8,1.15,E,8,-9900,?,9,-9900,?,9,0.0,E,8,-9900,?,9,-9900,?,9,0.0,0.0,E,8
10/20/2019,15:00,997.094,1378.177,593.77,1,8,343.176,1,8,345.553,1,8,71252.4,1,8,32601.688,1,8,38010.83,1,8,152.072,1,8,-9900,?,9,-9900,?,9,18.82,E,8,8.96,E,8,52.0,E,8,872.5394,E,8,999.0,E,8,2.01,E,8,-9900,?,9,-9900,?,9,0.0,E,8,-9900,?,9,-9900,?,9,0.0,0.0,E,8
10/20/2019,16:00,738.541,1378.177,450.06,1,8,450.515,1,8,208.812,1,8,54007.2,1,8,42798.928,1,8,22969.351,1,8,124.123,1,8,-9900,?,9,-9900,?,9,18.58,E,8,8.91,E,8,53.0,E,8,872.5394,E,8,999.0,E,8,1.84,E,8,-9900,?,9,-9900,?,9,0.0,E,8,-9900,?,9,-9900,?,9,0.0,0.0,E,8
10/20/2019,17:00,436.101,1378.177,275.31,1,8,458.032,1,8,130.75,1,8,33037.2,1,8,43513.085,1,8,14382.469,1,8,131.868,1,8,-9900,?,9,-9900,?,9,17.92,E,8,8.76,E,8,55.0,E,8,872.5394,E,8,999.0,E,8,0.9,E,8,-9900,?,9,-9900,?,9,0.0,E,8,-9900,?,9,-9900,?,9,0.0,0.0,E,8
10/20/2019,18:00,112.545,1378.177,90.45,1,8,291.54,1,8,67.521,1,8,10854.0,1,8,27696.299,1,8,7427.328,1,8,273.279,1,8,-9900,?,9,-9900,?,9,16.92,E,8,8.54,E,8,57.0,E,8,872.5394,E,8,999.0,E,8,0.6,E,8,-9900,?,9,-9900,?,9,0.0,E,8,-9900,?,9,-9900,?,9,0.0,0.0,E,8
10/20/2019,19:00,0.0,1378.177,0.0,1,8,0.0,1,8,0.0,1,8,0.0,1,8,0.0,1,8,0.0,1,8,-0.0,1,8,-9900,?,9,-9900,?,9,16.02,E,8,8.33,E,8,60.0,E,8,872.5394,E,8,999.0,E,8,0.6,E,8,-9900,?,9,-9900,?,9,0.0,E,8,-9900,?,9,-9900,?,9,0.0,0.0,E,8
10/20/2019,20:00,0.0,1378.177,0.0,1,8,0.0,1,8,0.0,1,8,0.0,1,8,0.0,1,8,0.0,1,8,-0.0,1,8,-9900,?,9,-9900,?,9,15.13,E,8,8.13,E,8,62.0,E,8,872.5394,E,8,999.0,E,8,0.6,E,8,-9900,?,9,-9900,?,9,0.0,E,8,-9900,?,9,-9900,?,9,0.0,0.0,E,8
10/20/2019,21:00,0.0,1378.177,0.0,1,8,0.0,1,8,0.0,1,8,0.0,1,8,0.0,1,8,0.0,1,8,-0.0,1,8,-9900,?,9,-9900,?,9,14.23,E,8,7.92,E,8,65.0,E,8,872.5394,E,8,999.0,E,8,0.6,E,8,-9900,?,9,-9900,?,9,0.0,E,8,-9900,?,9,-9900,?,9,0.0,0.0,E,8
10/20/2019,22:00,0.0,1378.177,0.0,1,8,0.0,1,8,0.0,1,8,0.0,1,8,0.0,1,8,0.0,1,8,-0.0,1,8,-9900,?,9,-9900,?,9,13.34,E,8,7.71,E,8,68.0,E,8,872.5394,E,8,999.0,E,8,0.6,E,8,-9900,?,9,-9900,?,9,0.0,E,8,-9900,?,9,-9900,?,9,0.0,0.0,E,8
10/20/2019,23:00,0.0,1378.177,0.0,1,8,0.0,1,8,0.0,1,8,0.0,1,8,0.0,1,8,0.0,1,8,-0.0,1,8,-9900,?,9,-9900,?,9,12.45,E,8,7.5,E,8,71.0,E,8,872.5394,E,8,999.0,E,8,0.6,E,8,-9900,?,9,-9900,?,9,0.0,E,8,-9900,?,9,-9900,?,9,0.0,0.0,E,8
10/20/2019,24:00,0.0,1378.177,0.0,1,8,0.0,1,8,0.0,1,8,0.0,1,8,0.0,1,8,0.0,1,8,-0.0,1,8,-9900,?,9,-9900,?,9,11.55,E,8,5.84,E,8,67.0,E,8,872.5394,E,8,999.0,E,8,0.59,E,8,-9900,?,9,-9900,?,9,0.0,E,8,-9900,?,9,-9900,?,9,0.0,0.0,E,8
10/21/2019,01:00,0.0,1378.177,0.0,1,8,0.0,1,8,0.0,1,8,0.0,1,8,0.0,1,8,0.0,1,8,-0.0,1,8,-9900,?,9,-9900,?,9,11.1,E,8,5.65,E,8,69.0,E,8,872.5394,E,8,999.0,E,8,0.59,E,8,-9900,?,9,-9900,?,9,0.0,E,8,-9900,?,9,-9900,?,9,0.0,0.0,E,8
10/21/2019,02:00,0.0,1378.177,0.0,1,8,0.0,1,8,0.0,1,8,0.0,1,8,0.0,1,8,0.0,1,8,-0.0,1,8,-9900,?,9,-9900,?,9,10.66,E,8,5.47,E,8,70.0,E,8,872.5394,E,8,999.0,E,8,0.59,E,8,-9900,?,9,-9900,?,9,0.0,E,8,-9900,?,9,-9900,?,9,0.0,0.0,E,8
10/21/2019,03:00,0.0,1378.177,0.0,1,8,0.0,1,8,0.0,1,8,0.0,1,8,0.0,1,8,0.0,1,8,-0.0,1,8,-9900,?,9,-9900,?,9,10.21,E,8,5.28,E,8,71.0,E,8,872.5394,E,8,999.0,E,8,0.59,E,8,-9900,?,9,-9900,?,9,0.0,E,8,-9900,?,9,-9900,?,9,0.0,0.0,E,8
10/21/2019,04:00,0.0,1378.967,0.0,1,8,0.0,1,8,0.0,1,8,0.0,1,8,0.0,1,8,0.0,1,8,-0.0,1,8,-9900,?,9,-9900,?,9,9.76,E,8,5.09,E,8,72.0,E,8,872.5394,E,8,999.0,E,8,0.59,E,8,-9900,?,9,-9900,?,9,0.0,E,8,-9900,?,9,-9900,?,9,0.0,0.0,E,8
10/21/2019,05:00,0.0,1378.967,0.0,1,8,0.0,1,8,0.0,1,8,0.0,1,8,0.0,1,8,0.0,1,8,-0.0,1,8,-9900,?,9,-9900,?,9,9.37,E,8,4.92,E,8,73.0,E,8,872.5394,E,8,999.0,E,8,0.59,E,8,-9900,?,9,-9900,?,9,0.0,E,8,-9900,?,9,-9900,?,9,0.0,0.0,E,8
10/21/2019,06:00,77.497,1378.967,0.0,1,8,0.0,1,8,0.0,1,8,0.0,1,8,0.0,1,8,0.0,1,8,0.0,1,8,-9900,?,9,-9900,?,9,9.07,E,8,4.79,E,8,74.0,E,8,872.5394,E,8,999.0,E,8,0.59,E,8,-9900,?,9,-9900,?,9,0.0,E,8,-9900,?,9,-9900,?,9,0.0,0.0,E,8
10/21/2019,07:00,401.383,1378.967,83.61,1,8,0.0,1,8,83.61,1,8,10033.2,1,8,0.0,1,8,9197.1,1,8,91.719,1,8,-9900,?,9,-9900,?,9,8.78,E,8,4.67,E,8,75.0,E,8,872.5394,E,8,999.0,E,8,0.59,E,8,-9900,?,9,-9900,?,9,0.0,E,8,-9900,?,9,-9900,?,9,0.0,0.0,E,8
10/21/2019,08:00,707.702,1378.967,288.86,1,8,101.434,1,8,236.846,1,8,34663.2,1,8,9636.201,1,8,26053.026,1,8,147.02,1,8,-9900,?,9,-9900,?,9,11.52,E,8,5.82,E,8,68.0,E,8,872.5394,E,8,999.0,E,8,0.59,E,8,-9900,?,9,-9900,?,9,0.0,E,8,-9900,?,9,-9900,?,9,0.0,0.0,E,8
10/21/2019,09:00,972.38,1378.967,523.91,1,8,232.894,1,8,359.733,1,8,62869.2,1,8,22124.963,1,8,39570.633,1,8,162.434,1,8,-9900,?,9,-9900,?,9,13.18,E,8,6.49,E,8,63.0,E,8,872.5394,E,8,999.0,E,8,0.59,E,8,-9900,?,9,-9900,?,9,0.0,E,8,-9900,?,9,-9900,?,9,0.0,0.0,E,8
10/21/2019,10:00,1177.12,1378.967,703.8,1,8,301.668,1,8,446.317,1,8,84456.0,1,8,28658.425,1,8,49094.906,1,8,166.446,1,8,-9900,?,9,-9900,?,9,14.67,E,8,7.06,E,8,60.0,E,8,872.5394,E,8,999.0,E,8,0.59,E,8,-9900,?,9,-9900,?,9,0.0,E,8,-9900,?,9,-9900,?,9,0.0,0.0,E,8
10/21/2019,11:00,1307.91,1378.967,849.9,1,8,390.928,1,8,479.128,1,8,101988.0,1,8,37138.157,1,8,52704.133,1,8,160.802,1,8,-9900,?,9,-9900,?,9,16.0,E,8,7.55,E,8,57.0,E,8,872.5394,E,8,999.0,E,8,0.59,E,8,-9900,?,9,-9900,?,9,0.0,E,8,-9900,?,9,-9900,?,9,0.0,0.0,E,8
10/21/2019,12:00,1355.826,1378.967,902.48,1,8,400.162,1,8,509.037,1,8,108297.6,1,8,38015.386,1,8,55994.112,1,8,164.799,1,8,-9900,?,9,-9900,?,9,17.01,E,8,7.92,E,8,55.0,E,8,872.5394,E,8,999.0,E,8,0.59,E,8,-9900,?,9,-9900,?,9,0.0,E,8,-9900,?,9,-9900,?,9,0.0,0.0,E,8
10/21/2019,13:00,1317.612,1378.967,896.92,1,8,408.515,1,8,506.592,1,8,107630.4,1,8,38808.935,1,8,55725.136,1,8,168.767,1,8,-9900,?,9,-9900,?,9,17.72,E,8,8.17,E,8,53.0,E,8,872.5394,E,8,999.0,E,8,1.62,E,8,-9900,?,9,-9900,?,9,0.0,E,8,-9900,?,9,-9900,?,9,0.0,0.0,E,8
10/21/2019,14:00,1195.895,1378.967,835.56,1,8,474.11,1,8,424.433,1,8,100267.2,1,8,45040.442,1,8,46687.612,1,8,155.798,1,8,-9900,?,9,-9900,?,9,18.14,E,8,8.32,E,8,52.0,E,8,872.5394,E,8,999.0,E,8,2.21,E,8,-9900,?,9,-9900,?,9,0.0,E,8,-9900,?,9,-9900,?,9,0.0,0.0,E,8
10/21/2019,15:00,999.011,1378.967,706.89,1,8,615.63,1,8,261.007,1,8,84826.8,1,8,58484.864,1,8,28710.778,1,8,114.71,1,8,-9900,?,9,-9900,?,9,18.26,E,8,8.36,E,8,52.0,E,8,872.5394,E,8,999.0,E,8,2.33,E,8,-9900,?,9,-9900,?,9,0.0,E,8,-9900,?,9,-9900,?,9,0.0,0.0,E,8
10/21/2019,16:00,740.457,1378.967,538.86,1,8,791.225,1,8,114.307,1,8,64663.2,1,8,75166.348,1,8,12573.77,1,8,67.81,1,8,-9900,?,9,-9900,?,9,18.0,E,8,8.27,E,8,52.0,E,8,872.5394,E,8,999.0,E,8,1.62,E,8,-9900,?,9,-9900,?,9,0.0,E,8,-9900,?,9,-9900,?,9,0.0,0.0,E,8
10/21/2019,17:00,438.096,1378.967,316.3,1,8,676.439,1,8,101.95,1,8,37956.0,1,8,64261.694,1,8,11214.48,1,8,102.41,1,8,-9900,?,9,-9900,?,9,17.28,E,8,8.01,E,8,54.0,E,8,872.5394,E,8,999.0,E,8,0.9,E,8,-9900,?,9,-9900,?,9,0.0,E,8,-9900,?,9,-9900,?,9,0.0,0.0,E,8
10/21/2019,18:00,114.646,1378.967,87.45,1,8,294.094,1,8,63.874,1,8,10494.0,1,8,27938.921,1,8,7026.1,1,8,253.619,1,8,-9900,?,9,-9900,?,9,16.2,E,8,7.63,E,8,56.0,E,8,872.5394,E,8,999.0,E,8,0.59,E,8,-9900,?,9,-9900,?,9,0.0,E,8,-9900,?,9,-9900,?,9,0.0,0.0,E,8
10/21/2019,19:00,0.0,1378.967,0.0,1,8,0.0,1,8,0.0,1,8,0.0,1,8,0.0,1,8,0.0,1,8,-0.0,1,8,-9900,?,9,-9900,?,9,15.34,E,8,7.31,E,8,58.0,E,8,872.5394,E,8,999.0,E,8,0.59,E,8,-9900,?,9,-9900,?,9,0.0,E,8,-9900,?,9,-9900,?,9,0.0,0.0,E,8
10/21/2019,20:00,0.0,1378.967,0.0,1,8,0.0,1,8,0.0,1,8,0.0,1,8,0.0,1,8,0.0,1,8,-0.0,1,8,-9900,?,9,-9900,?,9,14.49,E,8,6.99,E,8,60.0,E,8,872.5394,E,8,999.0,E,8,0.59,E,8,-9900,?,9,-9900,?,9,0.0,E,8,-9900,?,9,-9900,?,9,0.0,0.0,E,8
10/21/2019,21:00,0.0,1378.967,0.0,1,8,0.0,1,8,0.0,1,8,0.0,1,8,0.0,1,8,0.0,1,8,-0.0,1,8,-9900,?,9,-9900,?,9,13.63,E,8,6.66,E,8,62.0,E,8,872.5394,E,8,999.0,E,8,0.59,E,8,-9900,?,9,-9900,?,9,0.0,E,8,-9900,?,9,-9900,?,9,0.0,0.0,E,8
10/21/2019,22:00,0.0,1378.967,0.0,1,8,0.0,1,8,0.0,1,8,0.0,1,8,0.0,1,8,0.0,1,8,-0.0,1,8,-9900,?,9,-9900,?,9,12.78,E,8,6.33,E,8,64.0,E,8,872.5394,E,8,999.0,E,8,0.59,E,8,-9900,?,9,-9900,?,9,0.0,E,8,-9900,?,9,-9900,?,9,0.0,0.0,E,8
10/21/2019,23:00,0.0,1378.967,0.0,1,8,0.0,1,8,0.0,1,8,0.0,1,8,0.0,1,8,0.0,1,8,-0.0,1,8,-9900,?,9,-9900,?,9,11.92,E,8,5.99,E,8,66.0,E,8,872.5394,E,8,999.0,E,8,0.59,E,8,-9900,?,9,-9900,?,9,0.0,E,8,-9900,?,9,-9900,?,9,0.0,0.0,E,8
10/21/2019,24:00,0.0,1378.967,0.0,1,8,0.0,1,8,0.0,1,8,0.0,1,8,0.0,1,8,0.0,1,8,-0.0,1,8,-9900,?,9,-9900,?,9,11.07,E,8,6.54,E,8,73.0,E,8,872.5394,E,8,999.0,E,8,1.38,E,8,-9900,?,9,-9900,?,9,0.0,E,8,-9900,?,9,-9900,?,9,0.0,0.0,E,8
10/22/2019,01:00,0.0,1378.967,0.0,1,8,0.0,1,8,0.0,1,8,0.0,1,8,0.0,1,8,0.0,1,8,-0.0,1,8,-9900,?,9,-9900,?,9,10.64,E,8,6.56,E,8,75.0,E,8,872.5394,E,8,999.0,E,8,0.75,E,8,-9900,?,9,-9900,?,9,0.0,E,8,-9900,?,9,-9900,?,9,0.0,0.0,E,8
10/22/2019,02:00,0.0,1378.967,0.0,1,8,0.0,1,8,0.0,1,8,0.0,1,8,0.0,1,8,0.0,1,8,-0.0,1,8,-9900,?,9,-9900,?,9,10.22,E,8,6.59,E,8,78.0,E,8,872.5394,E,8,999.0,E,8,0.64,E,8,-9900,?,9,-9900,?,9,0.0,E,8,-9900,?,9,-9900,?,9,0.0,0.0,E,8
10/22/2019,03:00,0.0,1378.967,0.0,1,8,0.0,1,8,0.0,1,8,0.0,1,8,0.0,1,8,0.0,1,8,-0.0,1,8,-9900,?,9,-9900,?,9,9.79,E,8,6.62,E,8,80.0,E,8,872.5394,E,8,999.0,E,8,0.64,E,8,-9900,?,9,-9900,?,9,0.0,E,8,-9900,?,9,-9900,?,9,0.0,0.0,E,8
10/22/2019,04:00,0.0,1379.754,0.0,1,8,0.0,1,8,0.0,1,8,0.0,1,8,0.0,1,8,0.0,1,8,-0.0,1,8,-9900,?,9,-9900,?,9,9.36,E,8,6.65,E,8,83.0,E,8,872.5394,E,8,999.0,E,8,0.64,E,8,-9900,?,9,-9900,?,9,0.0,E,8,-9900,?,9,-9900,?,9,0.0,0.0,E,8
10/22/2019,05:00,0.0,1379.754,0.0,1,8,0.0,1,8,0.0,1,8,0.0,1,8,0.0,1,8,0.0,1,8,-0.0,1,8,-9900,?,9,-9900,?,9,8.98,E,8,6.67,E,8,85.0,E,8,872.5394,E,8,999.0,E,8,0.64,E,8,-9900,?,9,-9900,?,9,0.0,E,8,-9900,?,9,-9900,?,9,0.0,0.0,E,8
10/22/2019,06:00,81.317,1379.754,0.0,1,8,0.0,1,8,0.0,1,8,0.0,1,8,0.0,1,8,0.0,1,8,0.0,1,8,-9900,?,9,-9900,?,9,8.7,E,8,6.69,E,8,87.0,E,8,872.5394,E,8,999.0,E,8,0.64,E,8,-9900,?,9,-9900,?,9,0.0,E,8,-9900,?,9,-9900,?,9,0.0,0.0,E,8
10/22/2019,07:00,405.132,1379.754,95.68,1,8,0.0,1,8,95.68,1,8,11481.6,1,8,0.0,1,8,10524.8,1,8,104.041,1,8,-9900,?,9,-9900,?,9,8.42,E,8,6.7,E,8,88.0,E,8,872.5394,E,8,999.0,E,8,0.64,E,8,-9900,?,9,-9900,?,9,0.0,E,8,-9900,?,9,-9900,?,9,0.0,0.0,E,8
10/22/2019,08:00,711.183,1379.754,379.77,1,8,242.946,1,8,254.647,1,8,45572.4,1,8,23079.83,1,8,28011.17,1,8,157.384,1,8,-9900,?,9,-9900,?,9,12.54,E,8,6.44,E,8,66.0,E,8,872.5394,E,8,999.0,E,8,0.64,E,8,-9900,?,9,-9900,?,9,0.0,E,8,-9900,?,9,-9900,?,9,0.0,0.0,E,8
10/22/2019,09:00,975.56,1379.754,521.92,1,8,250.0,1,8,345.209,1,8,62630.4,1,8,23750.003,1,8,37972.939,1,8,155.456,1,8,-9900,?,9,-9900,?,9,14.18,E,8,6.34,E,8,59.0,E,8,872.5394,E,8,999.0,E,8,0.64,E,8,-9900,?,9,-9900,?,9,0.0,E,8,-9900,?,9,-9900,?,9,0.0,0.0,E,8
10/22/2019,10:00,1179.99,1379.754,653.3,1,8,167.03,1,8,510.468,1,8,78396.0,1,8,15867.881,1,8,56151.493,1,8,190.015,1,8,-9900,?,9,-9900,?,9,15.57,E,8,6.25,E,8,53.0,E,8,872.5394,E,8,999.0,E,8,0.84,E,8,-9900,?,9,-9900,?,9,0.0,E,8,-9900,?,9,-9900,?,9,0.0,0.0,E,8
10/22/2019,11:00,1310.485,1379.754,759.63,1,8,229.346,1,8,541.805,1,8,91155.6,1,8,21787.899,1,8,59598.518,1,8,181.583,1,8,-9900,?,9,-9900,?,9,16.77,E,8,6.17,E,8,49.0,E,8,872.5394,E,8,999.0,E,8,1.76,E,8,-9900,?,9,-9900,?,9,0.0,E,8,-9900,?,9,-9900,?,9,0.0,0.0,E,8
10/22/2019,12:00,1358.142,1379.754,951.86,1,8,525.114,1,8,434.977,1,8,114223.2,1,8,49885.8,1,8,47847.427,1,8,140.662,1,8,-9900,?,9,-9900,?,9,18.13,E,8,6.08,E,8,45.0,E,8,872.5394,E,8,999.0,E,8,3.02,E,8,-9900,?,9,-9900,?,9,0.0,E,8,-9900,?,9,-9900,?,9,0.0,0.0,E,8
10/22/2019,13:00,1319.721,1379.754,821.59,1,8,437.851,1,8,402.801,1,8,98590.8,1,8,41595.867,1,8,44308.121,1,8,134.052,1,8,-9900,?,9,-9900,?,9,18.78,E,8,6.04,E,8,43.0,E,8,872.5394,E,8,999.0,E,8,4.26,E,8,-9900,?,9,-9900,?,9,0.0,E,8,-9900,?,9,-9900,?,9,0.0,0.0,E,8
10/22/2019,14:00,1197.866,1379.754,604.96,1,8,175.471,1,8,452.635,1,8,72595.2,1,8,16669.778,1,8,49789.865,1,8,165.972,1,8,-9900,?,9,-9900,?,9,18.79,E,8,6.04,E,8,43.0,E,8,872.5394,E,8,999.0,E,8,5.38,E,8,-9900,?,9,-9900,?,9,0.0,E,8,-9900,?,9,-9900,?,9,0.0,0.0,E,8
10/22/2019,15:00,1000.919,1379.754,401.32,1,8,70.137,1,8,350.454,1,8,48158.4,1,8,6662.975,1,8,38549.949,1,8,153.815,1,8,-9900,?,9,-9900,?,9,18.15,E,8,6.08,E,8,45.0,E,8,872.5394,E,8,999.0,E,8,5.99,E,8,-9900,?,9,-9900,?,9,0.0,E,8,-9900,?,9,-9900,?,9,0.0,0.0,E,8
10/22/2019,16:00,742.383,1379.754,409.24,1,8,302.494,1,8,246.599,1,8,49108.8,1,8,28736.954,1,8,27125.837,1,8,145.991,1,8,-9900,?,9,-9900,?,9,17.65,E,8,6.12,E,8,46.0,E,8,872.5394,E,8,999.0,E,8,5.21,E,8,-9900,?,9,-9900,?,9,0.0,E,8,-9900,?,9,-9900,?,9,0.0,0.0,E,8
10/22/2019,17:00,440.117,1379.754,250.68,1,8,377.761,1,8,130.489,1,8,30081.6,1,8,35887.27,1,8,14353.751,1,8,130.547,1,8,-9900,?,9,-9900,?,9,16.82,E,8,6.17,E,8,49.0,E,8,872.5394,E,8,999.0,E,8,3.73,E,8,-9900,?,9,-9900,?,9,0.0,E,8,-9900,?,9,-9900,?,9,0.0,0.0,E,8
10/22/2019,18:00,116.788,1379.754,105.89,1,8,248.207,1,8,85.608,1,8,12706.8,1,8,23579.711,1,8,9416.916,1,8,333.486,1,8,-9900,?,9,-9900,?,9,15.78,E,8,6.24,E,8,53.0,E,8,872.5394,E,8,999.0,E,8,1.81,E,8,-9900,?,9,-9900,?,9,0.0,E,8,-9900,?,9,-9900,?,9,0.0,0.0,E,8
10/22/2019,19:00,0.0,1379.754,0.0,1,8,0.0,1,8,0.0,1,8,0.0,1,8,0.0,1,8,0.0,1,8,-0.0,1,8,-9900,?,9,-9900,?,9,15.02,E,8,6.29,E,8,55.0,E,8,872.5394,E,8,999.0,E,8,0.76,E,8,-9900,?,9,-9900,?,9,0.0,E,8,-9900,?,9,-9900,?,9,0.0,0.0,E,8
10/22/2019,20:00,0.0,1379.754,0.0,1,8,0.0,1,8,0.0,1,8,0.0,1,8,0.0,1,8,0.0,1,8,-0.0,1,8,-9900,?,9,-9900,?,9,14.25,E,8,6.34,E,8,58.0,E,8,872.5394,E,8,999.0,E,8,0.64,E,8,-9900,?,9,-9900,?,9,0.0,E,8,-9900,?,9,-9900,?,9,0.0,0.0,E,8
10/22/2019,21:00,0.0,1379.754,0.0,1,8,0.0,1,8,0.0,1,8,0.0,1,8,0.0,1,8,0.0,1,8,-0.0,1,8,-9900,?,9,-9900,?,9,13.49,E,8,6.38,E,8,62.0,E,8,872.5394,E,8,999.0,E,8,0.64,E,8,-9900,?,9,-9900,?,9,0.0,E,8,-9900,?,9,-9900,?,9,0.0,0.0,E,8
10/22/2019,22:00,0.0,1379.754,0.0,1,8,0.0,1,8,0.0,1,8,0.0,1,8,0.0,1,8,0.0,1,8,-0.0,1,8,-9900,?,9,-9900,?,9,12.73,E,8,6.43,E,8,65.0,E,8,872.5394,E,8,999.0,E,8,0.64,E,8,-9900,?,9,-9900,?,9,0.0,E,8,-9900,?,9,-9900,?,9,0.0,0.0,E,8
10/22/2019,23:00,0.0,1379.754,0.0,1,8,0.0,1,8,0.0,1,8,0.0,1,8,0.0,1,8,0.0,1,8,-0.0,1,8,-9900,?,9,-9900,?,9,11.96,E,8,6.48,E,8,69.0,E,8,872.5394,E,8,999.0,E,8,0.64,E,8,-9900,?,9,-9900,?,9,0.0,E,8,-9900,?,9,-9900,?,9,0.0,0.0,E,8
10/22/2019,24:00,0.0,1379.754,0.0,1,8,0.0,1,8,0.0,1,8,0.0,1,8,0.0,1,8,0.0,1,8,-0.0,1,8,-9900,?,9,-9900,?,9,11.2,E,8,8.27,E,8,82.0,E,8,872.5394,E,8,999.0,E,8,0.81,E,8,-9900,?,9,-9900,?,9,0.0,E,8,-9900,?,9,-9900,?,9,0.0,0.0,E,8
10/23/2019,01:00,0.0,1379.754,0.0,1,8,0.0,1,8,0.0,1,8,0.0,1,8,0.0,1,8,0.0,1,8,-0.0,1,8,-9900,?,9,-9900,?,9,10.82,E,8,8.15,E,8,83.0,E,8,872.5394,E,8,999.0,E,8,0.81,E,8,-9900,?,9,-9900,?,9,0.0,E,8,-9900,?,9,-9900,?,9,0.0,0.0,E,8
10/23/2019,02:00,0.0,1379.754,0.0,1,8,0.0,1,8,0.0,1,8,0.0,1,8,0.0,1,8,0.0,1,8,-0.0,1,8,-9900,?,9,-9900,?,9,10.43,E,8,8.03,E,8,85.0,E,8,872.5394,E,8,999.0,E,8,0.81,E,8,-9900,?,9,-9900,?,9,0.0,E,8,-9900,?,9,-9900,?,9,0.0,0.0,E,8
10/23/2019,03:00,0.0,1379.754,0.0,1,8,0.0,1,8,0.0,1,8,0.0,1,8,0.0,1,8,0.0,1,8,-0.0,1,8,-9900,?,9,-9900,?,9,10.05,E,8,7.91,E,8,86.0,E,8,872.5394,E,8,999.0,E,8,0.81,E,8,-9900,?,9,-9900,?,9,0.0,E,8,-9900,?,9,-9900,?,9,0.0,0.0,E,8
10/23/2019,04:00,0.0,1380.538,0.0,1,8,0.0,1,8,0.0,1,8,0.0,1,8,0.0,1,8,0.0,1,8,-0.0,1,8,-9900,?,9,-9900,?,9,9.67,E,8,7.79,E,8,88.0,E,8,872.5394,E,8,999.0,E,8,0.81,E,8,-9900,?,9,-9900,?,9,0.0,E,8,-9900,?,9,-9900,?,9,0.0,0.0,E,8
10/23/2019,05:00,0.0,1380.538,0.0,1,8,0.0,1,8,0.0,1,8,0.0,1,8,0.0,1,8,0.0,1,8,-0.0,1,8,-9900,?,9,-9900,?,9,9.33,E,8,7.68,E,8,89.0,E,8,872.5394,E,8,999.0,E,8,0.81,E,8,-9900,?,9,-9900,?,9,0.0,E,8,-9900,?,9,-9900,?,9,0.0,0.0,E,8
10/23/2019,06:00,85.064,1380.538,0.0,1,8,0.0,1,8,0.0,1,8,0.0,1,8,0.0,1,8,0.0,1,8,0.0,1,8,-9900,?,9,-9900,?,9,9.08,E,8,7.6,E,8,90.0,E,8,872.5394,E,8,999.0,E,8,0.81,E,8,-9900,?,9,-9900,?,9,0.0,E,8,-9900,?,9,-9900,?,9,0.0,0.0,E,8
10/23/2019,07:00,408.787,1380.538,75.11,1,8,0.0,1,8,75.11,1,8,9013.2,1,8,0.0,1,8,8262.1,1,8,80.985,1,8,-9900,?,9,-9900,?,9,8.83,E,8,7.52,E,8,91.0,E,8,872.5394,E,8,999.0,E,8,0.81,E,8,-9900,?,9,-9900,?,9,0.0,E,8,-9900,?,9,-9900,?,9,0.0,0.0,E,8
10/23/2019,08:00,714.565,1380.538,258.84,1,8,44.681,1,8,235.732,1,8,31060.8,1,8,4244.686,1,8,25930.489,1,8,145.085,1,8,-9900,?,9,-9900,?,9,11.93,E,8,8.49,E,8,79.0,E,8,872.5394,E,8,999.0,E,8,0.81,E,8,-9900,?,9,-9900,?,9,0.0,E,8,-9900,?,9,-9900,?,9,0.0,0.0,E,8
10/23/2019,09:00,978.641,1380.538,436.1,1,8,88.31,1,8,373.517,1,8,52332.0,1,8,8389.432,1,8,41086.85,1,8,167.769,1,8,-9900,?,9,-9900,?,9,13.59,E,8,8.99,E,8,73.0,E,8,872.5394,E,8,999.0,E,8,0.81,E,8,-9900,?,9,-9900,?,9,0.0,E,8,-9900,?,9,-9900,?,9,0.0,0.0,E,8
10/23/2019,10:00,1182.768,1380.538,583.89,1,8,133.571,1,8,469.466,1,8,70066.8,1,8,12689.234,1,8,51641.27,1,8,174.441,1,8,-9900,?,9,-9900,?,9,15.11,E,8,9.44,E,8,68.0,E,8,872.5394,E,8,999.0,E,8,0.81,E,8,-9900,?,9,-9900,?,9,0.0,E,8,-9900,?,9,-9900,?,9,0.0,0.0,E,8
10/23/2019,11:00,1312.98,1380.538,689.99,1,8,10.097,1,8,680.387,1,8,82798.8,1,8,959.212,1,8,74842.618,1,8,227.725,1,8,-9900,?,9,-9900,?,9,16.41,E,8,9.81,E,8,64.0,E,8,872.5394,E,8,999.0,E,8,0.81,E,8,-9900,?,9,-9900,?,9,0.0,E,8,-9900,?,9,-9900,?,9,0.0,0.0,E,8
10/23/2019,12:00,1360.392,1380.538,746.48,1,8,11.676,1,8,734.975,1,8,89577.6,1,8,1109.185,1,8,80847.235,1,8,237.417,1,8,-9900,?,9,-9900,?,9,17.45,E,8,10.1,E,8,61.0,E,8,872.5394,E,8,999.0,E,8,0.81,E,8,-9900,?,9,-9900,?,9,0.0,E,8,-9900,?,9,-9900,?,9,0.0,0.0,E,8
10/23/2019,13:00,1321.783,1380.538,749.28,1,8,13.637,1,8,736.224,1,8,89913.6,1,8,1295.504,1,8,80984.623,1,8,244.771,1,8,-9900,?,9,-9900,?,9,18.21,E,8,10.31,E,8,59.0,E,8,872.5394,E,8,999.0,E,8,0.81,E,8,-9900,?,9,-9900,?,9,0.0,E,8,-9900,?,9,-9900,?,9,0.0,0.0,E,8
10/23/2019,14:00,1199.807,1380.538,698.2,1,8,261.935,1,8,470.577,1,8,83784.0,1,8,24883.837,1,8,51763.508,1,8,172.369,1,8,-9900,?,9,-9900,?,9,18.65,E,8,10.43,E,8,58.0,E,8,872.5394,E,8,999.0,E,8,0.81,E,8,-9900,?,9,-9900,?,9,0.0,E,8,-9900,?,9,-9900,?,9,0.0,0.0,E,8
10/23/2019,15:00,1002.819,1380.538,596.95,1,8,342.309,1,8,348.363,1,8,71634.0,1,8,32519.396,1,8,38319.915,1,8,152.694,1,8,-9900,?,9,-9900,?,9,18.79,E,8,10.47,E,8,58.0,E,8,872.5394,E,8,999.0,E,8,1.03,E,8,-9900,?,9,-9900,?,9,0.0,E,8,-9900,?,9,-9900,?,9,0.0,0.0,E,8
10/23/2019,16:00,744.32,1380.538,453.04,1,8,447.063,1,8,212.177,1,8,54364.8,1,8,42471.019,1,8,23339.48,1,8,125.357,1,8,-9900,?,9,-9900,?,9,18.53,E,8,10.4,E,8,59.0,E,8,872.5394,E,8,999.0,E,8,0.86,E,8,-9900,?,9,-9900,?,9,0.0,E,8,-9900,?,9,-9900,?,9,0.0,0.0,E,8
10/23/2019,17:00,442.166,1380.538,278.22,1,8,453.184,1,8,133.439,1,8,33386.4,1,8,43052.494,1,8,14678.303,1,8,132.953,1,8,-9900,?,9,-9900,?,9,17.81,E,8,10.2,E,8,61.0,E,8,872.5394,E,8,999.0,E,8,0.81,E,8,-9900,?,9,-9900,?,9,0.0,E,8,-9900,?,9,-9900,?,9,0.0,0.0,E,8
10/23/2019,18:00,118.97,1380.538,93.23,1,8,299.848,1,8,68.257,1,8,11187.6,1,8,28485.561,1,8,7508.223,1,8,260.866,1,8,-9900,?,9,-9900,?,9,16.72,E,8,9.9,E,8,64.0,E,8,872.5394,E,8,999.0,E,8,0.81,E,8,-9900,?,9,-9900,?,9,0.0,E,8,-9900,?,9,-9900,?,9,0.0,0.0,E,8
10/23/2019,19:00,0.0,1380.538,0.0,1,8,0.0,1,8,0.0,1,8,0.0,1,8,0.0,1,8,0.0,1,8,-0.0,1,8,-9900,?,9,-9900,?,9,15.88,E,8,9.66,E,8,66.0,E,8,872.5394,E,8,999.0,E,8,0.81,E,8,-9900,?,9,-9900,?,9,0.0,E,8,-9900,?,9,-9900,?,9,0.0,0.0,E,8
10/23/2019,20:00,0.0,1380.538,0.0,1,8,0.0,1,8,0.0,1,8,0.0,1,8,0.0,1,8,0.0,1,8,-0.0,1,8,-9900,?,9,-9900,?,9,15.04,E,8,9.42,E,8,69.0,E,8,872.5394,E,8,999.0,E,8,0.81,E,8,-9900,?,9,-9900,?,9,0.0,E,8,-9900,?,9,-9900,?,9,0.0,0.0,E,8
10/23/2019,21:00,0.0,1380.538,0.0,1,8,0.0,1,8,0.0,1,8,0.0,1,8,0.0,1,8,0.0,1,8,-0.0,1,8,-9900,?,9,-9900,?,9,14.2,E,8,9.17,E,8,71.0,E,8,872.5394,E,8,999.0,E,8,0.81,E,8,-9900,?,9,-9900,?,9,0.0,E,8,-9900,?,9,-9900,?,9,0.0,0.0,E,8
10/23/2019,22:00,0.0,1380.538,0.0,1,8,0.0,1,8,0.0,1,8,0.0,1,8,0.0,1,8,0.0,1,8,-0.0,1,8,-9900,?,9,-9900,?,9,13.36,E,8,8.93,E,8,74.0,E,8,872.5394,E,8,999.0,E,8,0.81,E,8,-9900,?,9,-9900,?,9,0.0,E,8,-9900,?,9,-9900,?,9,0.0,0.0,E,8
10/23/2019,23:00,0.0,1380.538,0.0,1,8,0.0,1,8,0.0,1,8,0.0,1,8,0.0,1,8,0.0,1,8,-0.0,1,8,-9900,?,9,-9900,?,9,12.52,E,8,8.67,E,8,77.0,E,8,872.5394,E,8,999.0,E,8,0.81,E,8,-9900,?,9,-9900,?,9,0.0,E,8,-9900,?,9,-9900,?,9,0.0,0.0,E,8
10/23/2019,24:00,0.0,1380.538,0.0,1,8,0.0,1,8,0.0,1,8,0.0,1,8,0.0,1,8,0.0,1,8,-0.0,1,8,-9900,?,9,-9900,?,9,11.68,E,8,8.89,E,8,83.0,E,8,872.5394,E,8,999.0,E,8,0.83,E,8,-9900,?,9,-9900,?,9,0.0,E,8,-9900,?,9,-9900,?,9,0.0,0.0,E,8
10/24/2019,01:00,0.0,1380.538,0.0,1,8,0.0,1,8,0.0,1,8,0.0,1,8,0.0,1,8,0.0,1,8,-0.0,1,8,-9900,?,9,-9900,?,9,11.26,E,8,8.74,E,8,84.0,E,8,872.5394,E,8,999.0,E,8,0.83,E,8,-9900,?,9,-9900,?,9,0.0,E,8,-9900,?,9,-9900,?,9,0.0,0.0,E,8
10/24/2019,02:00,0.0,1380.538,0.0,1,8,0.0,1,8,0.0,1,8,0.0,1,8,0.0,1,8,0.0,1,8,-0.0,1,8,-9900,?,9,-9900,?,9,10.84,E,8,8.59,E,8,85.0,E,8,872.5394,E,8,999.0,E,8,0.83,E,8,-9900,?,9,-9900,?,9,0.0,E,8,-9900,?,9,-9900,?,9,0.0,0.0,E,8
10/24/2019,03:00,0.0,1380.538,0.0,1,8,0.0,1,8,0.0,1,8,0.0,1,8,0.0,1,8,0.0,1,8,-0.0,1,8,-9900,?,9,-9900,?,9,10.42,E,8,8.44,E,8,87.0,E,8,872.5394,E,8,999.0,E,8,0.83,E,8,-9900,?,9,-9900,?,9,0.0,E,8,-9900,?,9,-9900,?,9,0.0,0.0,E,8
10/24/2019,04:00,0.0,1381.319,0.0,1,8,0.0,1,8,0.0,1,8,0.0,1,8,0.0,1,8,0.0,1,8,-0.0,1,8,-9900,?,9,-9900,?,9,10.0,E,8,8.29,E,8,89.0,E,8,872.5394,E,8,999.0,E,8,0.83,E,8,-9900,?,9,-9900,?,9,0.0,E,8,-9900,?,9,-9900,?,9,0.0,0.0,E,8
10/24/2019,05:00,0.0,1381.319,0.0,1,8,0.0,1,8,0.0,1,8,0.0,1,8,0.0,1,8,0.0,1,8,-0.0,1,8,-9900,?,9,-9900,?,9,9.63,E,8,8.15,E,8,90.0,E,8,872.5394,E,8,999.0,E,8,0.83,E,8,-9900,?,9,-9900,?,9,0.0,E,8,-9900,?,9,-9900,?,9,0.0,0.0,E,8
10/24/2019,06:00,88.732,1381.319,0.0,1,8,0.0,1,8,0.0,1,8,0.0,1,8,0.0,1,8,0.0,1,8,0.0,1,8,-9900,?,9,-9900,?,9,9.35,E,8,8.04,E,8,91.0,E,8,872.5394,E,8,999.0,E,8,0.83,E,8,-9900,?,9,-9900,?,9,0.0,E,8,-9900,?,9,-9900,?,9,0.0,0.0,E,8
10/24/2019,07:00,412.344,1381.319,44.67,1,8,0.0,1,8,44.67,1,8,5360.4,1,8,0.0,1,8,4913.7,1,8,47.773,1,8,-9900,?,9,-9900,?,9,9.07,E,8,7.94,E,8,92.0,E,8,872.5394,E,8,999.0,E,8,0.83,E,8,-9900,?,9,-9900,?,9,0.0,E,8,-9900,?,9,-9900,?,9,0.0,0.0,E,8
10/24/2019,08:00,717.845,1381.319,151.55,1,8,4.795,1,8,149.06,1,8,18186.0,1,8,455.557,1,8,16396.592,1,8,91.373,1,8,-9900,?,9,-9900,?,9,11.75,E,8,8.92,E,8,82.0,E,8,872.5394,E,8,999.0,E,8,0.83,E,8,-9900,?,9,-9900,?,9,0.0,E,8,-9900,?,9,-9900,?,9,0.0,0.0,E,8
10/24/2019,09:00,981.623,1381.319,254.54,1,8,4.314,1,8,251.475,1,8,30544.8,1,8,409.868,1,8,27662.238,1,8,112.673,1,8,-9900,?,9,-9900,?,9,13.18,E,8,9.42,E,8,77.0,E,8,872.5394,E,8,999.0,E,8,0.83,E,8,-9900,?,9,-9900,?,9,0.0,E,8,-9900,?,9,-9900,?,9,0.0,0.0,E,8
10/24/2019,10:00,1185.454,1381.319,340.39,1,8,4.969,1,8,336.126,1,8,40846.8,1,8,472.073,1,8,36973.846,1,8,124.683,1,8,-9900,?,9,-9900,?,9,14.47,E,8,9.86,E,8,73.0,E,8,872.5394,E,8,999.0,E,8,0.83,E,8,-9900,?,9,-9900,?,9,0.0,E,8,-9900,?,9,-9900,?,9,0.0,0.0,E,8
10/24/2019,11:00,1315.393,1381.319,401.98,1,8,8.729,1,8,393.668,1,8,48237.6,1,8,829.258,1,8,43303.461,1,8,131.593,1,8,-9900,?,9,-9900,?,9,15.59,E,8,10.23,E,8,70.0,E,8,872.5394,E,8,999.0,E,8,0.83,E,8,-9900,?,9,-9900,?,9,0.0,E,8,-9900,?,9,-9900,?,9,0.0,0.0,E,8
10/24/2019,12:00,1362.575,1381.319,434.74,1,8,9.55,1,8,425.32,1,8,52168.8,1,8,907.206,1,8,46785.213,1,8,137.247,1,8,-9900,?,9,-9900,?,9,16.48,E,8,10.52,E,8,67.0,E,8,872.5394,E,8,999.0,E,8,0.83,E,8,-9900,?,9,-9900,?,9,0.0,E,8,-9900,?,9,-9900,?,9,0.0,0.0,E,8
10/24/2019,13:00,1323.797,1381.319,436.3,1,8,10.474,1,8,426.263,1,8,52356.0,1,8,994.99,1,8,46888.912,1,8,141.583,1,8,-9900,?,9,-9900,?,9,17.13,E,8,10.72,E,8,65.0,E,8,872.5394,E,8,999.0,E,8,0.83,E,8,-9900,?,9,-9900,?,9,0.0,E,8,-9900,?,9,-9900,?,9,0.0,0.0,E,8
10/24/2019,14:00,1201.722,1381.319,406.54,1,8,10.53,1,8,397.38,1,8,48784.8,1,8,1000.326,1,8,43711.82,1,8,145.408,1,8,-9900,?,9,-9900,?,9,17.51,E,8,10.84,E,8,64.0,E,8,872.5394,E,8,999.0,E,8,0.83,E,8,-9900,?,9,-9900,?,9,0.0,E,8,-9900,?,9,-9900,?,9,0.0,0.0,E,8
10/24/2019,15:00,1004.711,1381.319,347.63,1,8,11.088,1,8,339.567,1,8,41715.6,1,8,1053.392,1,8,37352.363,1,8,148.642,1,8,-9900,?,9,-9900,?,9,17.63,E,8,10.88,E,8,64.0,E,8,872.5394,E,8,999.0,E,8,0.83,E,8,-9900,?,9,-9900,?,9,0.0,E,8,-9900,?,9,-9900,?,9,0.0,0.0,E,8
10/24/2019,16:00,746.268,1381.319,263.96,1,8,10.979,1,8,258.033,1,8,31675.2,1,8,1043.041,1,8,28383.577,1,8,152.136,1,8,-9900,?,9,-9900,?,9,17.4,E,8,10.81,E,8,65.0,E,8,872.5394,E,8,999.0,E,8,0.83,E,8,-9900,?,9,-9900,?,9,0.0,E,8,-9900,?,9,-9900,?,9,0.0,0.0,E,8
10/24/2019,17:00,444.242,1381.319,162.32,1,8,87.85,1,8,134.138,1,8,19478.4,1,8,8345.728,1,8,14755.147,1,8,133.096,1,8,-9900,?,9,-9900,?,9,16.78,E,8,10.61,E,8,66.0,E,8,872.5394,E,8,999.0,E,8,0.83,E,8,-9900,?,9,-9900,?,9,0.0,E,8,-9900,?,9,-9900,?,9,0.0,0.0,E,8
10/24/2019,18:00,121.194,1381.319,54.76,1,8,170.753,1,8,40.265,1,8,6571.2,1,8,16221.506,1,8,4429.142,1,8,150.982,1,8,-9900,?,9,-9900,?,9,15.85,E,8,10.31,E,8,69.0,E,8,872.5394,E,8,999.0,E,8,0.83,E,8,-9900,?,9,-9900,?,9,0.0,E,8,-9900,?,9,-9900,?,9,0.0,0.0,E,8
10/24/2019,19:00,0.0,1381.319,0.0,1,8,0.0,1,8,0.0,1,8,0.0,1,8,0.0,1,8,0.0,1,8,-0.0,1,8,-9900,?,9,-9900,?,9,15.28,E,8,10.13,E,8,71.0,E,8,872.5394,E,8,999.0,E,8,0.83,E,8,-9900,?,9,-9900,?,9,0.0,E,8,-9900,?,9,-9900,?,9,0.0,0.0,E,8
10/24/2019,20:00,0.0,1381.319,0.0,1,8,0.0,1,8,0.0,1,8,0.0,1,8,0.0,1,8,0.0,1,8,-0.0,1,8,-9900,?,9,-9900,?,9,14.71,E,8,9.94,E,8,73.0,E,8,872.5394,E,8,999.0,E,8,0.83,E,8,-9900,?,9,-9900,?,9,0.0,E,8,-9900,?,9,-9900,?,9,0.0,0.0,E,8
10/24/2019,21:00,0.0,1381.319,0.0,1,8,0.0,1,8,0.0,1,8,0.0,1,8,0.0,1,8,0.0,1,8,-0.0,1,8,-9900,?,9,-9900,?,9,14.14,E,8,9.75,E,8,74.0,E,8,872.5394,E,8,999.0,E,8,0.83,E,8,-9900,?,9,-9900,?,9,0.0,E,8,-9900,?,9,-9900,?,9,0.0,0.0,E,8
10/24/2019,22:00,0.0,1381.319,0.0,1,8,0.0,1,8,0.0,1,8,0.0,1,8,0.0,1,8,0.0,1,8,-0.0,1,8,-9900,?,9,-9900,?,9,13.57,E,8,9.55,E,8,76.0,E,8,872.5394,E,8,999.0,E,8,0.83,E,8,-9900,?,9,-9900,?,9,0.0,E,8,-9900,?,9,-9900,?,9,0.0,0.0,E,8
10/24/2019,23:00,0.0,1381.319,0.0,1,8,0.0,1,8,0.0,1,8,0.0,1,8,0.0,1,8,0.0,1,8,-0.0,1,8,-9900,?,9,-9900,?,9,13.0,E,8,9.36,E,8,78.0,E,8,872.5394,E,8,999.0,E,8,0.83,E,8,-9900,?,9,-9900,?,9,0.0,E,8,-9900,?,9,-9900,?,9,0.0,0.0,E,8
10/24/2019,24:00,0.0,1381.319,0.0,1,8,0.0,1,8,0.0,1,8,0.0,1,8,0.0,1,8,0.0,1,8,-0.0,1,8,-9900,?,9,-9900,?,9,12.43,E,8,10.43,E,8,87.0,E,8,872.5394,E,8,999.0,E,8,0.76,E,8,-9900,?,9,-9900,?,9,0.0,E,8,-9900,?,9,-9900,?,9,0.0,0.0,E,8
10/25/2019,01:00,0.0,1381.319,0.0,1,8,0.0,1,8,0.0,1,8,0.0,1,8,0.0,1,8,0.0,1,8,-0.0,1,8,-9900,?,9,-9900,?,9,12.15,E,8,10.35,E,8,88.0,E,8,872.5394,E,8,999.0,E,8,0.76,E,8,-9900,?,9,-9900,?,9,0.0,E,8,-9900,?,9,-9900,?,9,0.0,0.0,E,8
10/25/2019,02:00,0.0,1381.319,0.0,1,8,0.0,1,8,0.0,1,8,0.0,1,8,0.0,1,8,0.0,1,8,-0.0,1,8,-9900,?,9,-9900,?,9,11.86,E,8,10.27,E,8,89.0,E,8,872.5394,E,8,999.0,E,8,0.76,E,8,-9900,?,9,-9900,?,9,0.0,E,8,-9900,?,9,-9900,?,9,0.0,0.0,E,8
10/25/2019,03:00,0.0,1381.319,0.0,1,8,0.0,1,8,0.0,1,8,0.0,1,8,0.0,1,8,0.0,1,8,-0.0,1,8,-9900,?,9,-9900,?,9,11.58,E,8,10.19,E,8,91.0,E,8,872.5394,E,8,999.0,E,8,0.76,E,8,-9900,?,9,-9900,?,9,0.0,E,8,-9900,?,9,-9900,?,9,0.0,0.0,E,8
10/25/2019,04:00,0.0,1382.095,0.0,1,8,0.0,1,8,0.0,1,8,0.0,1,8,0.0,1,8,0.0,1,8,-0.0,1,8,-9900,?,9,-9900,?,9,11.29,E,8,10.11,E,8,92.0,E,8,872.5394,E,8,999.0,E,8,0.76,E,8,-9900,?,9,-9900,?,9,0.0,E,8,-9900,?,9,-9900,?,9,0.0,0.0,E,8
10/25/2019,05:00,0.0,1382.095,0.0,1,8,0.0,1,8,0.0,1,8,0.0,1,8,0.0,1,8,0.0,1,8,-0.0,1,8,-9900,?,9,-9900,?,9,11.04,E,8,10.03,E,8,93.0,E,8,872.5394,E,8,999.0,E,8,0.76,E,8,-9900,?,9,-9900,?,9,0.0,E,8,-9900,?,9,-9900,?,9,0.0,0.0,E,8
10/25/2019,06:00,92.32,1382.095,0.0,1,8,0.0,1,8,0.0,1,8,0.0,1,8,0.0,1,8,0.0,1,8,0.0,1,8,-9900,?,9,-9900,?,9,10.85,E,8,9.98,E,8,94.0,E,8,872.5394,E,8,999.0,E,8,0.76,E,8,-9900,?,9,-9900,?,9,0.0,E,8,-9900,?,9,-9900,?,9,0.0,0.0,E,8
10/25/2019,07:00,415.802,1382.095,43.25,1,8,0.0,1,8,43.25,1,8,5190.0,1,8,0.0,1,8,4757.5,1,8,45.893,1,8,-9900,?,9,-9900,?,9,10.66,E,8,9.93,E,8,95.0,E,8,872.5394,E,8,999.0,E,8,0.76,E,8,-9900,?,9,-9900,?,9,0.0,E,8,-9900,?,9,-9900,?,9,0.0,0.0,E,8
10/25/2019,08:00,721.023,1382.095,144.62,1,8,0.78,1,8,144.214,1,8,17354.4,1,8,74.061,1,8,15863.498,1,8,88.061,1,8,-9900,?,9,-9900,?,9,12.92,E,8,10.56,E,8,85.0,E,8,872.5394,E,8,999.0,E,8,0.76,E,8,-9900,?,9,-9900,?,9,0.0,E,8,-9900,?,9,-9900,?,9,0.0,0.0,E,8
10/25/2019,09:00,984.504,1382.095,242.17,1,8,3.778,1,8,239.48,1,8,29060.4,1,8,358.879,1,8,26342.781,1,8,107.044,1,8,-9900,?,9,-9900,?,9,14.11,E,8,10.89,E,8,80.0,E,8,872.5394,E,8,999.0,E,8,0.76,E,8,-9900,?,9,-9900,?,9,0.0,E,8,-9900,?,9,-9900,?,9,0.0,0.0,E,8
10/25/2019,10:00,1188.046,1382.095,323.46,1,8,10.696,1,8,314.267,1,8,38815.2,1,8,1016.112,1,8,34569.345,1,8,116.385,1,8,-9900,?,9,-9900,?,9,15.19,E,8,11.18,E,8,76.0,E,8,872.5394,E,8,999.0,E,8,0.76,E,8,-9900,?,9,-9900,?,9,0.0,E,8,-9900,?,9,-9900,?,9,0.0,0.0,E,8
10/25/2019,11:00,1317.725,1382.095,381.76,1,8,22.574,1,8,360.238,1,8,45811.2,1,8,2144.573,1,8,39626.134,1,8,120.272,1,8,-9900,?,9,-9900,?,9,16.13,E,8,11.43,E,8,73.0,E,8,872.5394,E,8,999.0,E,8,0.76,E,8,-9900,?,9,-9900,?,9,0.0,E,8,-9900,?,9,-9900,?,9,0.0,0.0,E,8
10/25/2019,12:00,1364.694,1382.095,412.73,1,8,24.459,1,8,388.579,1,8,49527.6,1,8,2323.638,1,8,42743.667,1,8,125.267,1,8,-9900,?,9,-9900,?,9,16.87,E,8,11.62,E,8,71.0,E,8,872.5394,E,8,999.0,E,8,1.08,E,8,-9900,?,9,-9900,?,9,0.0,E,8,-9900,?,9,-9900,?,9,0.0,0.0,E,8
10/25/2019,13:00,1325.764,1382.095,414.14,1,8,26.311,1,8,388.902,1,8,49696.8,1,8,2499.552,1,8,42779.216,1,8,129.055,1,8,-9900,?,9,-9900,?,9,17.41,E,8,11.76,E,8,69.0,E,8,872.5394,E,8,999.0,E,8,0.96,E,8,-9900,?,9,-9900,?,9,0.0,E,8,-9900,?,9,-9900,?,9,0.0,0.0,E,8
10/25/2019,14:00,1203.61,1382.095,385.89,1,8,20.883,1,8,367.706,1,8,46306.8,1,8,1983.838,1,8,40447.66,1,8,134.414,1,8,-9900,?,9,-9900,?,9,17.72,E,8,11.84,E,8,68.0,E,8,872.5394,E,8,999.0,E,8,1.58,E,8,-9900,?,9,-9900,?,9,0.0,E,8,-9900,?,9,-9900,?,9,0.0,0.0,E,8
10/25/2019,15:00,1006.596,1382.095,330.03,1,8,14.032,1,8,319.813,1,8,39603.6,1,8,1333.006,1,8,35179.457,1,8,139.811,1,8,-9900,?,9,-9900,?,9,17.82,E,8,11.87,E,8,68.0,E,8,872.5394,E,8,999.0,E,8,0.85,E,8,-9900,?,9,-9900,?,9,0.0,E,8,-9900,?,9,-9900,?,9,0.0,0.0,E,8
10/25/2019,16:00,748.229,1382.095,221.09,1,8,11.768,1,8,214.724,1,8,26530.8,1,8,1117.95,1,8,23619.605,1,8,126.34,1,8,-9900,?,9,-9900,?,9,17.51,E,8,11.79,E,8,69.0,E,8,872.5394,E,8,999.0,E,8,0.79,E,8,-9900,?,9,-9900,?,9,0.0,E,8,-9900,?,9,-9900,?,9,0.0,0.0,E,8
10/25/2019,17:00,446.347,1382.095,154.39,1,8,79.625,1,8,128.739,1,8,18526.8,1,8,7564.366,1,8,14161.296,1,8,127.206,1,8,-9900,?,9,-9900,?,9,17.01,E,8,11.66,E,8,70.0,E,8,872.5394,E,8,999.0,E,8,0.76,E,8,-9900,?,9,-9900,?,9,0.0,E,8,-9900,?,9,-9900,?,9,0.0,0.0,E,8
10/25/2019,18:00,123.459,1382.095,52.44,1,8,109.405,1,8,42.974,1,8,6292.8,1,8,10393.458,1,8,4727.178,1,8,158.105,1,8,-9900,?,9,-9900,?,9,16.24,E,8,11.46,E,8,73.0,E,8,872.5394,E,8,999.0,E,8,0.85,E,8,-9900,?,9,-9900,?,9,0.0,E,8,-9900,?,9,-9900,?,9,0.0,0.0,E,8
10/25/2019,19:00,0.0,1382.095,0.0,1,8,0.0,1,8,0.0,1,8,0.0,1,8,0.0,1,8,0.0,1,8,-0.0,1,8,-9900,?,9,-9900,?,9,15.58,E,8,11.28,E,8,75.0,E,8,872.5394,E,8,999.0,E,8,0.76,E,8,-9900,?,9,-9900,?,9,0.0,E,8,-9900,?,9,-9900,?,9,0.0,0.0,E,8
10/25/2019,20:00,0.0,1382.095,0.0,1,8,0.0,1,8,0.0,1,8,0.0,1,8,0.0,1,8,0.0,1,8,-0.0,1,8,-9900,?,9,-9900,?,9,14.93,E,8,11.11,E,8,77.0,E,8,872.5394,E,8,999.0,E,8,0.76,E,8,-9900,?,9,-9900,?,9,0.0,E,8,-9900,?,9,-9900,?,9,0.0,0.0,E,8
10/25/2019,21:00,0.0,1382.095,0.0,1,8,0.0,1,8,0.0,1,8,0.0,1,8,0.0,1,8,0.0,1,8,-0.0,1,8,-9900,?,9,-9900,?,9,14.28,E,8,10.94,E,8,80.0,E,8,872.5394,E,8,999.0,E,8,0.76,E,8,-9900,?,9,-9900,?,9,0.0,E,8,-9900,?,9,-9900,?,9,0.0,0.0,E,8
10/25/2019,22:00,0.0,1382.095,0.0,1,8,0.0,1,8,0.0,1,8,0.0,1,8,0.0,1,8,0.0,1,8,-0.0,1,8,-9900,?,9,-9900,?,9,13.62,E,8,10.76,E,8,82.0,E,8,872.5394,E,8,999.0,E,8,0.76,E,8,-9900,?,9,-9900,?,9,0.0,E,8,-9900,?,9,-9900,?,9,0.0,0.0,E,8
10/25/2019,23:00,0.0,1382.095,0.0,1,8,0.0,1,8,0.0,1,8,0.0,1,8,0.0,1,8,0.0,1,8,-0.0,1,8,-9900,?,9,-9900,?,9,12.97,E,8,10.58,E,8,85.0,E,8,872.5394,E,8,999.0,E,8,0.76,E,8,-9900,?,9,-9900,?,9,0.0,E,8,-9900,?,9,-9900,?,9,0.0,0.0,E,8
10/25/2019,24:00,0.0,1382.095,0.0,1,8,0.0,1,8,0.0,1,8,0.0,1,8,0.0,1,8,0.0,1,8,-0.0,1,8,-9900,?,9,-9900,?,9,12.31,E,8,10.58,E,8,89.0,E,8,872.5394,E,8,999.0,E,8,0.7,E,8,-9900,?,9,-9900,?,9,0.0,E,8,-9900,?,9,-9900,?,9,0.0,0.0,E,8
10/26/2019,01:00,0.0,1382.095,0.0,1,8,0.0,1,8,0.0,1,8,0.0,1,8,0.0,1,8,0.0,1,8,-0.0,1,8,-9900,?,9,-9900,?,9,11.99,E,8,10.44,E,8,90.0,E,8,872.5394,E,8,999.0,E,8,0.7,E,8,-9900,?,9,-9900,?,9,0.0,E,8,-9900,?,9,-9900,?,9,0.0,0.0,E,8
10/26/2019,02:00,0.0,1382.095,0.0,1,8,0.0,1,8,0.0,1,8,0.0,1,8,0.0,1,8,0.0,1,8,-0.0,1,8,-9900,?,9,-9900,?,9,11.66,E,8,10.3,E,8,91.0,E,8,872.5394,E,8,999.0,E,8,0.7,E,8,-9900,?,9,-9900,?,9,0.0,E,8,-9900,?,9,-9900,?,9,0.0,0.0,E,8
10/26/2019,03:00,0.0,1382.095,0.0,1,8,0.0,1,8,0.0,1,8,0.0,1,8,0.0,1,8,0.0,1,8,-0.0,1,8,-9900,?,9,-9900,?,9,11.33,E,8,10.15,E,8,92.0,E,8,872.5394,E,8,999.0,E,8,0.7,E,8,-9900,?,9,-9900,?,9,0.0,E,8,-9900,?,9,-9900,?,9,0.0,0.0,E,8
10/26/2019,04:00,0.0,1382.868,0.0,1,8,0.0,1,8,0.0,1,8,0.0,1,8,0.0,1,8,0.0,1,8,-0.0,1,8,-9900,?,9,-9900,?,9,11.01,E,8,10.01,E,8,93.0,E,8,872.5394,E,8,999.0,E,8,0.7,E,8,-9900,?,9,-9900,?,9,0.0,E,8,-9900,?,9,-9900,?,9,0.0,0.0,E,8
10/26/2019,05:00,0.0,1382.868,0.0,1,8,0.0,1,8,0.0,1,8,0.0,1,8,0.0,1,8,0.0,1,8,-0.0,1,8,-9900,?,9,-9900,?,9,10.72,E,8,9.88,E,8,94.0,E,8,872.5394,E,8,999.0,E,8,0.7,E,8,-9900,?,9,-9900,?,9,0.0,E,8,-9900,?,9,-9900,?,9,0.0,0.0,E,8
10/26/2019,06:00,95.825,1382.868,0.0,1,8,0.0,1,8,0.0,1,8,0.0,1,8,0.0,1,8,0.0,1,8,0.0,1,8,-9900,?,9,-9900,?,9,10.5,E,8,9.78,E,8,95.0,E,8,872.5394,E,8,999.0,E,8,0.7,E,8,-9900,?,9,-9900,?,9,0.0,E,8,-9900,?,9,-9900,?,9,0.0,0.0,E,8
10/26/2019,07:00,419.159,1382.868,55.88,1,8,0.0,1,8,55.88,1,8,6705.6,1,8,0.0,1,8,6146.8,1,8,58.85,1,8,-9900,?,9,-9900,?,9,10.28,E,8,9.68,E,8,96.0,E,8,872.5394,E,8,999.0,E,8,0.7,E,8,-9900,?,9,-9900,?,9,0.0,E,8,-9900,?,9,-9900,?,9,0.0,0.0,E,8
10/26/2019,08:00,724.097,1382.868,184.24,1,8,7.811,1,8,180.153,1,8,22108.8,1,8,742.014,1,8,19816.868,1,8,109.601,1,8,-9900,?,9,-9900,?,9,13.0,E,8,10.87,E,8,86.0,E,8,872.5394,E,8,999.0,E,8,0.7,E,8,-9900,?,9,-9900,?,9,0.0,E,8,-9900,?,9,-9900,?,9,0.0,0.0,E,8
10/26/2019,09:00,987.283,1382.868,307.63,1,8,33.178,1,8,283.95,1,8,36915.6,1,8,3151.886,1,8,31234.478,1,8,126.635,1,8,-9900,?,9,-9900,?,9,14.42,E,8,11.46,E,8,82.0,E,8,872.5394,E,8,999.0,E,8,0.7,E,8,-9900,?,9,-9900,?,9,0.0,E,8,-9900,?,9,-9900,?,9,0.0,0.0,E,8
10/26/2019,10:00,1190.544,1382.868,410.42,1,8,19.788,1,8,393.385,1,8,49250.4,1,8,1879.905,1,8,43272.391,1,8,145.461,1,8,-9900,?,9,-9900,?,9,15.7,E,8,11.98,E,8,78.0,E,8,872.5394,E,8,999.0,E,8,0.7,E,8,-9900,?,9,-9900,?,9,0.0,E,8,-9900,?,9,-9900,?,9,0.0,0.0,E,8
10/26/2019,11:00,1319.976,1382.868,484.12,1,8,41.891,1,8,444.135,1,8,58094.4,1,8,3979.63,1,8,48854.903,1,8,148.113,1,8,-9900,?,9,-9900,?,9,16.81,E,8,12.41,E,8,75.0,E,8,872.5394,E,8,999.0,E,8,0.7,E,8,-9900,?,9,-9900,?,9,0.0,E,8,-9900,?,9,-9900,?,9,0.0,0.0,E,8
10/26/2019,12:00,1366.748,1382.868,523.24,1,8,47.334,1,8,476.458,1,8,62788.8,1,8,4496.737,1,8,52410.382,1,8,153.451,1,8,-9900,?,9,-9900,?,9,17.7,E,8,12.76,E,8,72.0,E,8,872.5394,E,8,999.0,E,8,1.57,E,8,-9900,?,9,-9900,?,9,0.0,E,8,-9900,?,9,-9900,?,9,0.0,0.0,E,8
10/26/2019,13:00,1327.685,1382.868,524.96,1,8,54.555,1,8,472.583,1,8,62995.2,1,8,5182.709,1,8,51984.182,1,8,156.684,1,8,-9900,?,9,-9900,?,9,18.34,E,8,13.0,E,8,71.0,E,8,872.5394,E,8,999.0,E,8,2.0,E,8,-9900,?,9,-9900,?,9,0.0,E,8,-9900,?,9,-9900,?,9,0.0,0.0,E,8
10/26/2019,14:00,1205.471,1382.868,489.15,1,8,90.14,1,8,410.581,1,8,58698.0,1,8,8563.256,1,8,45163.911,1,8,149.938,1,8,-9900,?,9,-9900,?,9,18.71,E,8,13.13,E,8,70.0,E,8,872.5394,E,8,999.0,E,8,1.3,E,8,-9900,?,9,-9900,?,9,0.0,E,8,-9900,?,9,-9900,?,9,0.0,0.0,E,8
10/26/2019,15:00,1008.476,1382.868,418.41,1,8,69.358,1,8,367.843,1,8,50209.2,1,8,6588.971,1,8,40462.738,1,8,160.598,1,8,-9900,?,9,-9900,?,9,18.83,E,8,13.18,E,8,69.0,E,8,872.5394,E,8,999.0,E,8,1.03,E,8,-9900,?,9,-9900,?,9,0.0,E,8,-9900,?,9,-9900,?,9,0.0,0.0,E,8
10/26/2019,16:00,750.202,1382.868,247.73,1,8,57.135,1,8,216.756,1,8,29727.6,1,8,5427.817,1,8,23843.186,1,8,127.271,1,8,-9900,?,9,-9900,?,9,18.33,E,8,12.99,E,8,71.0,E,8,872.5394,E,8,999.0,E,8,0.7,E,8,-9900,?,9,-9900,?,9,0.0,E,8,-9900,?,9,-9900,?,9,0.0,0.0,E,8
10/26/2019,17:00,448.48,1382.868,447.5,1,8,435.875,1,8,306.489,1,8,53700.0,1,8,41408.08,1,8,33713.756,1,8,301.559,1,8,-9900,?,9,-9900,?,9,18.62,E,8,13.1,E,8,70.0,E,8,872.5394,E,8,999.0,E,8,0.7,E,8,-9900,?,9,-9900,?,9,0.0,E,8,-9900,?,9,-9900,?,9,0.0,0.0,E,8
10/26/2019,18:00,125.765,1382.868,46.97,1,8,112.277,1,8,37.07,1,8,5636.4,1,8,10666.274,1,8,4077.671,1,8,133.817,1,8,-9900,?,9,-9900,?,9,17.58,E,8,12.71,E,8,73.0,E,8,872.5394,E,8,999.0,E,8,0.7,E,8,-9900,?,9,-9900,?,9,0.0,E,8,-9900,?,9,-9900,?,9,0.0,0.0,E,8
10/26/2019,19:00,0.0,1382.868,0.0,1,8,0.0,1,8,0.0,1,8,0.0,1,8,0.0,1,8,0.0,1,8,-0.0,1,8,-9900,?,9,-9900,?,9,16.76,E,8,12.4,E,8,75.0,E,8,872.5394,E,8,999.0,E,8,0.7,E,8,-9900,?,9,-9900,?,9,0.0,E,8,-9900,?,9,-9900,?,9,0.0,0.0,E,8
10/26/2019,20:00,0.0,1382.868,0.0,1,8,0.0,1,8,0.0,1,8,0.0,1,8,0.0,1,8,0.0,1,8,-0.0,1,8,-9900,?,9,-9900,?,9,15.94,E,8,12.08,E,8,77.0,E,8,872.5394,E,8,999.0,E,8,0.7,E,8,-9900,?,9,-9900,?,9,0.0,E,8,-9900,?,9,-9900,?,9,0.0,0.0,E,8
10/26/2019,21:00,0.0,1382.868,0.0,1,8,0.0,1,8,0.0,1,8,0.0,1,8,0.0,1,8,0.0,1,8,-0.0,1,8,-9900,?,9,-9900,?,9,15.12,E,8,11.75,E,8,80.0,E,8,872.5394,E,8,999.0,E,8,0.7,E,8,-9900,?,9,-9900,?,9,0.0,E,8,-9900,?,9,-9900,?,9,0.0,0.0,E,8
10/26/2019,22:00,0.0,1382.868,0.0,1,8,0.0,1,8,0.0,1,8,0.0,1,8,0.0,1,8,0.0,1,8,-0.0,1,8,-9900,?,9,-9900,?,9,14.29,E,8,11.41,E,8,82.0,E,8,872.5394,E,8,999.0,E,8,0.7,E,8,-9900,?,9,-9900,?,9,0.0,E,8,-9900,?,9,-9900,?,9,0.0,0.0,E,8
10/26/2019,23:00,0.0,1382.868,0.0,1,8,0.0,1,8,0.0,1,8,0.0,1,8,0.0,1,8,0.0,1,8,-0.0,1,8,-9900,?,9,-9900,?,9,13.47,E,8,11.07,E,8,85.0,E,8,872.5394,E,8,999.0,E,8,0.7,E,8,-9900,?,9,-9900,?,9,0.0,E,8,-9900,?,9,-9900,?,9,0.0,0.0,E,8
10/26/2019,24:00,0.0,1382.868,0.0,1,8,0.0,1,8,0.0,1,8,0.0,1,8,0.0,1,8,0.0,1,8,-0.0,1,8,-9900,?,9,-9900,?,9,12.65,E,8,8.7,E,8,76.0,E,8,872.5394,E,8,999.0,E,8,0.82,E,8,-9900,?,9,-9900,?,9,0.0,E,8,-9900,?,9,-9900,?,9,0.0,0.0,E,8
10/27/2019,01:00,0.0,1382.868,0.0,1,8,0.0,1,8,0.0,1,8,0.0,1,8,0.0,1,8,0.0,1,8,-0.0,1,8,-9900,?,9,-9900,?,9,12.24,E,8,8.65,E,8,78.0,E,8,872.5394,E,8,999.0,E,8,0.82,E,8,-9900,?,9,-9900,?,9,0.0,E,8,-9900,?,9,-9900,?,9,0.0,0.0,E,8
10/27/2019,02:00,0.0,1382.868,0.0,1,8,0.0,1,8,0.0,1,8,0.0,1,8,0.0,1,8,0.0,1,8,-0.0,1,8,-9900,?,9,-9900,?,9,11.83,E,8,8.59,E,8,80.0,E,8,872.5394,E,8,999.0,E,8,0.82,E,8,-9900,?,9,-9900,?,9,0.0,E,8,-9900,?,9,-9900,?,9,0.0,0.0,E,8
10/27/2019,03:00,0.0,1382.868,0.0,1,8,0.0,1,8,0.0,1,8,0.0,1,8,0.0,1,8,0.0,1,8,-0.0,1,8,-9900,?,9,-9900,?,9,11.42,E,8,8.54,E,8,82.0,E,8,872.5394,E,8,999.0,E,8,0.82,E,8,-9900,?,9,-9900,?,9,0.0,E,8,-9900,?,9,-9900,?,9,0.0,0.0,E,8
10/27/2019,04:00,0.0,1383.636,0.0,1,8,0.0,1,8,0.0,1,8,0.0,1,8,0.0,1,8,0.0,1,8,-0.0,1,8,-9900,?,9,-9900,?,9,11.01,E,8,8.49,E,8,84.0,E,8,872.5394,E,8,999.0,E,8,0.82,E,8,-9900,?,9,-9900,?,9,0.0,E,8,-9900,?,9,-9900,?,9,0.0,0.0,E,8
10/27/2019,05:00,0.0,1383.636,0.0,1,8,0.0,1,8,0.0,1,8,0.0,1,8,0.0,1,8,0.0,1,8,-0.0,1,8,-9900,?,9,-9900,?,9,10.65,E,8,8.44,E,8,86.0,E,8,872.5394,E,8,999.0,E,8,0.82,E,8,-9900,?,9,-9900,?,9,0.0,E,8,-9900,?,9,-9900,?,9,0.0,0.0,E,8
10/27/2019,06:00,99.243,1383.636,0.0,1,8,0.0,1,8,0.0,1,8,0.0,1,8,0.0,1,8,0.0,1,8,0.0,1,8,-9900,?,9,-9900,?,9,10.38,E,8,8.41,E,8,87.0,E,8,872.5394,E,8,999.0,E,8,0.82,E,8,-9900,?,9,-9900,?,9,0.0,E,8,-9900,?,9,-9900,?,9,0.0,0.0,E,8
10/27/2019,07:00,422.414,1383.636,90.7,1,8,0.0,1,8,90.7,1,8,10884.0,1,8,0.0,1,8,9977.0,1,8,94.834,1,8,-9900,?,9,-9900,?,9,10.11,E,8,8.37,E,8,88.0,E,8,872.5394,E,8,999.0,E,8,0.82,E,8,-9900,?,9,-9900,?,9,0.0,E,8,-9900,?,9,-9900,?,9,0.0,0.0,E,8
10/27/2019,08:00,727.067,1383.636,285.86,1,8,85.445,1,8,240.995,1,8,34303.2,1,8,8117.275,1,8,26509.472,1,8,146.096,1,8,-9900,?,9,-9900,?,9,13.5,E,8,8.81,E,8,73.0,E,8,872.5394,E,8,999.0,E,8,0.82,E,8,-9900,?,9,-9900,?,9,0.0,E,8,-9900,?,9,-9900,?,9,0.0,0.0,E,8
10/27/2019,09:00,989.962,1383.636,552.27,1,8,257.527,1,8,368.067,1,8,66272.4,1,8,24465.03,1,8,40487.351,1,8,163.795,1,8,-9900,?,9,-9900,?,9,15.68,E,8,9.08,E,8,64.0,E,8,872.5394,E,8,999.0,E,8,0.82,E,8,-9900,?,9,-9900,?,9,0.0,E,8,-9900,?,9,-9900,?,9,0.0,0.0,E,8
10/27/2019,10:00,1192.95,1383.636,719.32,1,8,295.093,1,8,464.921,1,8,86318.4,1,8,28033.803,1,8,51141.354,1,8,171.662,1,8,-9900,?,9,-9900,?,9,17.53,E,8,9.31,E,8,58.0,E,8,872.5394,E,8,999.0,E,8,0.82,E,8,-9900,?,9,-9900,?,9,0.0,E,8,-9900,?,9,-9900,?,9,0.0,0.0,E,8
10/27/2019,11:00,1322.146,1383.636,819.68,1,8,344.66,1,8,490.346,1,8,98361.6,1,8,32742.707,1,8,53938.071,1,8,163.346,1,8,-9900,?,9,-9900,?,9,18.99,E,8,9.49,E,8,54.0,E,8,872.5394,E,8,999.0,E,8,0.82,E,8,-9900,?,9,-9900,?,9,0.0,E,8,-9900,?,9,-9900,?,9,0.0,0.0,E,8
10/27/2019,12:00,1368.738,1383.636,807.3,1,8,263.094,1,8,547.04,1,8,96876.0,1,8,24993.961,1,8,60174.419,1,8,176.025,1,8,-9900,?,9,-9900,?,9,19.93,E,8,9.61,E,8,51.0,E,8,872.5394,E,8,999.0,E,8,0.82,E,8,-9900,?,9,-9900,?,9,0.0,E,8,-9900,?,9,-9900,?,9,0.0,0.0,E,8
10/27/2019,13:00,1329.561,1383.636,745.04,1,8,20.341,1,8,725.495,1,8,89404.8,1,8,1932.37,1,8,79804.417,1,8,240.33,1,8,-9900,?,9,-9900,?,9,20.45,E,8,9.67,E,8,49.0,E,8,872.5394,E,8,999.0,E,8,0.96,E,8,-9900,?,9,-9900,?,9,0.0,E,8,-9900,?,9,-9900,?,9,0.0,0.0,E,8
10/27/2019,14:00,1207.308,1383.636,742.04,1,8,342.111,1,8,443.555,1,8,89044.8,1,8,32500.552,1,8,48790.998,1,8,161.823,1,8,-9900,?,9,-9900,?,9,20.82,E,8,9.71,E,8,48.0,E,8,872.5394,E,8,999.0,E,8,0.82,E,8,-9900,?,9,-9900,?,9,0.0,E,8,-9900,?,9,-9900,?,9,0.0,0.0,E,8
10/27/2019,15:00,1010.35,1383.636,624.67,1,8,405.411,1,8,328.709,1,8,74960.4,1,8,38514.034,1,8,36158.043,1,8,143.326,1,8,-9900,?,9,-9900,?,9,20.88,E,8,9.72,E,8,48.0,E,8,872.5394,E,8,999.0,E,8,0.82,E,8,-9900,?,9,-9900,?,9,0.0,E,8,-9900,?,9,-9900,?,9,0.0,0.0,E,8
10/27/2019,16:00,752.188,1383.636,490.93,1,8,583.754,1,8,173.805,1,8,58911.6,1,8,55456.603,1,8,19118.529,1,8,101.838,1,8,-9900,?,9,-9900,?,9,20.55,E,8,9.68,E,8,49.0,E,8,872.5394,E,8,999.0,E,8,0.82,E,8,-9900,?,9,-9900,?,9,0.0,E,8,-9900,?,9,-9900,?,9,0.0,0.0,E,8
10/27/2019,17:00,450.642,1383.636,281.55,1,8,442.726,1,8,137.708,1,8,33786.0,1,8,42058.945,1,8,15147.929,1,8,134.915,1,8,-9900,?,9,-9900,?,9,19.7,E,8,9.58,E,8,51.0,E,8,872.5394,E,8,999.0,E,8,0.82,E,8,-9900,?,9,-9900,?,9,0.0,E,8,-9900,?,9,-9900,?,9,0.0,0.0,E,8
10/27/2019,18:00,128.112,1383.636,105.49,1,8,310.136,1,8,77.62,1,8,12658.8,1,8,29462.901,1,8,8538.231,1,8,274.944,1,8,-9900,?,9,-9900,?,9,18.54,E,8,9.44,E,8,55.0,E,8,872.5394,E,8,999.0,E,8,0.82,E,8,-9900,?,9,-9900,?,9,0.0,E,8,-9900,?,9,-9900,?,9,0.0,0.0,E,8
10/27/2019,19:00,0.0,1383.636,0.0,1,8,0.0,1,8,0.0,1,8,0.0,1,8,0.0,1,8,0.0,1,8,-0.0,1,8,-9900,?,9,-9900,?,9,17.71,E,8,9.33,E,8,57.0,E,8,872.5394,E,8,999.0,E,8,0.82,E,8,-9900,?,9,-9900,?,9,0.0,E,8,-9900,?,9,-9900,?,9,0.0,0.0,E,8
10/27/2019,20:00,0.0,1383.636,0.0,1,8,0.0,1,8,0.0,1,8,0.0,1,8,0.0,1,8,0.0,1,8,-0.0,1,8,-9900,?,9,-9900,?,9,16.88,E,8,9.23,E,8,60.0,E,8,872.5394,E,8,999.0,E,8,0.82,E,8,-9900,?,9,-9900,?,9,0.0,E,8,-9900,?,9,-9900,?,9,0.0,0.0,E,8
10/27/2019,21:00,0.0,1383.636,0.0,1,8,0.0,1,8,0.0,1,8,0.0,1,8,0.0,1,8,0.0,1,8,-0.0,1,8,-9900,?,9,-9900,?,9,16.05,E,8,9.13,E,8,63.0,E,8,872.5394,E,8,999.0,E,8,0.82,E,8,-9900,?,9,-9900,?,9,0.0,E,8,-9900,?,9,-9900,?,9,0.0,0.0,E,8
10/27/2019,22:00,0.0,1383.636,0.0,1,8,0.0,1,8,0.0,1,8,0.0,1,8,0.0,1,8,0.0,1,8,-0.0,1,8,-9900,?,9,-9900,?,9,15.22,E,8,9.02,E,8,66.0,E,8,872.5394,E,8,999.0,E,8,0.82,E,8,-9900,?,9,-9900,?,9,0.0,E,8,-9900,?,9,-9900,?,9,0.0,0.0,E,8
10/27/2019,23:00,0.0,1383.636,0.0,1,8,0.0,1,8,0.0,1,8,0.0,1,8,0.0,1,8,0.0,1,8,-0.0,1,8,-9900,?,9,-9900,?,9,14.39,E,8,8.92,E,8,69.0,E,8,872.5394,E,8,999.0,E,8,0.82,E,8,-9900,?,9,-9900,?,9,0.0,E,8,-9900,?,9,-9900,?,9,0.0,0.0,E,8
10/27/2019,24:00,0.0,1383.636,0.0,1,8,0.0,1,8,0.0,1,8,0.0,1,8,0.0,1,8,0.0,1,8,-0.0,1,8,-9900,?,9,-9900,?,9,13.56,E,8,8.22,E,8,70.0,E,8,872.5394,E,8,999.0,E,8,0.2,E,8,-9900,?,9,-9900,?,9,0.0,E,8,-9900,?,9,-9900,?,9,0.0,0.0,E,8
10/28/2019,01:00,0.0,1383.636,0.0,1,8,0.0,1,8,0.0,1,8,0.0,1,8,0.0,1,8,0.0,1,8,-0.0,1,8,-9900,?,9,-9900,?,9,13.15,E,8,8.19,E,8,71.0,E,8,872.5394,E,8,999.0,E,8,0.2,E,8,-9900,?,9,-9900,?,9,0.0,E,8,-9900,?,9,-9900,?,9,0.0,0.0,E,8
10/28/2019,02:00,0.0,1383.636,0.0,1,8,0.0,1,8,0.0,1,8,0.0,1,8,0.0,1,8,0.0,1,8,-0.0,1,8,-9900,?,9,-9900,?,9,12.73,E,8,8.16,E,8,73.0,E,8,872.5394,E,8,999.0,E,8,0.2,E,8,-9900,?,9,-9900,?,9,0.0,E,8,-9900,?,9,-9900,?,9,0.0,0.0,E,8
10/28/2019,03:00,0.0,1383.636,0.0,1,8,0.0,1,8,0.0,1,8,0.0,1,8,0.0,1,8,0.0,1,8,-0.0,1,8,-9900,?,9,-9900,?,9,12.32,E,8,8.13,E,8,75.0,E,8,872.5394,E,8,999.0,E,8,0.2,E,8,-9900,?,9,-9900,?,9,0.0,E,8,-9900,?,9,-9900,?,9,0.0,0.0,E,8
10/28/2019,04:00,0.0,1384.4,0.0,1,8,0.0,1,8,0.0,1,8,0.0,1,8,0.0,1,8,0.0,1,8,-0.0,1,8,-9900,?,9,-9900,?,9,11.91,E,8,8.09,E,8,77.0,E,8,872.5394,E,8,999.0,E,8,0.2,E,8,-9900,?,9,-9900,?,9,0.0,E,8,-9900,?,9,-9900,?,9,0.0,0.0,E,8
10/28/2019,05:00,0.0,1384.4,0.0,1,8,0.0,1,8,0.0,1,8,0.0,1,8,0.0,1,8,0.0,1,8,-0.0,1,8,-9900,?,9,-9900,?,9,11.54,E,8,8.07,E,8,79.0,E,8,872.5394,E,8,999.0,E,8,0.2,E,8,-9900,?,9,-9900,?,9,0.0,E,8,-9900,?,9,-9900,?,9,0.0,0.0,E,8
10/28/2019,06:00,102.573,1384.4,0.0,1,8,0.0,1,8,0.0,1,8,0.0,1,8,0.0,1,8,0.0,1,8,0.0,1,8,-9900,?,9,-9900,?,9,11.26,E,8,8.04,E,8,80.0,E,8,872.5394,E,8,999.0,E,8,0.2,E,8,-9900,?,9,-9900,?,9,0.0,E,8,-9900,?,9,-9900,?,9,0.0,0.0,E,8
10/28/2019,07:00,425.566,1384.4,86.2,1,8,0.0,1,8,86.2,1,8,10344.0,1,8,0.0,1,8,9482.0,1,8,89.507,1,8,-9900,?,9,-9900,?,9,10.99,E,8,8.02,E,8,81.0,E,8,872.5394,E,8,999.0,E,8,0.2,E,8,-9900,?,9,-9900,?,9,0.0,E,8,-9900,?,9,-9900,?,9,0.0,0.0,E,8
10/28/2019,08:00,729.931,1384.4,276.97,1,8,67.526,1,8,241.394,1,8,33236.4,1,8,6414.93,1,8,26553.329,1,8,145.843,1,8,-9900,?,9,-9900,?,9,14.3,E,8,8.28,E,8,67.0,E,8,872.5394,E,8,999.0,E,8,0.2,E,8,-9900,?,9,-9900,?,9,0.0,E,8,-9900,?,9,-9900,?,9,0.0,0.0,E,8
10/28/2019,09:00,992.539,1384.4,459.99,1,8,102.696,1,8,386.383,1,8,55198.8,1,8,9756.148,1,8,42502.113,1,8,171.594,1,8,-9900,?,9,-9900,?,9,15.99,E,8,8.41,E,8,60.0,E,8,872.5394,E,8,999.0,E,8,0.2,E,8,-9900,?,9,-9900,?,9,0.0,E,8,-9900,?,9,-9900,?,9,0.0,0.0,E,8
10/28/2019,10:00,1195.263,1384.4,612.38,1,8,154.538,1,8,478.968,1,8,73485.6,1,8,14681.122,1,8,52686.518,1,8,176.603,1,8,-9900,?,9,-9900,?,9,17.52,E,8,8.53,E,8,55.0,E,8,872.5394,E,8,999.0,E,8,0.2,E,8,-9900,?,9,-9900,?,9,0.0,E,8,-9900,?,9,-9900,?,9,0.0,0.0,E,8
10/28/2019,11:00,1324.237,1384.4,721.57,1,8,11.67,1,8,710.407,1,8,86588.4,1,8,1108.688,1,8,78144.778,1,8,236.41,1,8,-9900,?,9,-9900,?,9,18.84,E,8,8.63,E,8,51.0,E,8,872.5394,E,8,999.0,E,8,0.78,E,8,-9900,?,9,-9900,?,9,0.0,E,8,-9900,?,9,-9900,?,9,0.0,0.0,E,8
10/28/2019,12:00,1370.664,1384.4,779.43,1,8,13.475,1,8,766.089,1,8,93531.6,1,8,1280.102,1,8,84269.791,1,8,246.299,1,8,-9900,?,9,-9900,?,9,19.9,E,8,8.71,E,8,48.0,E,8,872.5394,E,8,999.0,E,8,1.14,E,8,-9900,?,9,-9900,?,9,0.0,E,8,-9900,?,9,-9900,?,9,0.0,0.0,E,8
10/28/2019,13:00,1331.392,1384.4,781.8,1,8,264.431,1,8,527.5,1,8,93816.0,1,8,25120.902,1,8,58025.045,1,8,174.598,1,8,-9900,?,9,-9900,?,9,20.66,E,8,8.77,E,8,46.0,E,8,872.5394,E,8,999.0,E,8,1.84,E,8,-9900,?,9,-9900,?,9,0.0,E,8,-9900,?,9,-9900,?,9,0.0,0.0,E,8
10/28/2019,14:00,1209.12,1384.4,728.49,1,8,290.309,1,8,474.96,1,8,87418.8,1,8,27579.359,1,8,52245.646,1,8,173.117,1,8,-9900,?,9,-9900,?,9,21.11,E,8,8.8,E,8,45.0,E,8,872.5394,E,8,999.0,E,8,2.36,E,8,-9900,?,9,-9900,?,9,0.0,E,8,-9900,?,9,-9900,?,9,0.0,0.0,E,8
10/28/2019,15:00,1012.22,1384.4,623.39,1,8,400.139,1,8,330.898,1,8,74806.8,1,8,38013.22,1,8,36398.834,1,8,144.093,1,8,-9900,?,9,-9900,?,9,21.25,E,8,8.81,E,8,44.0,E,8,872.5394,E,8,999.0,E,8,2.94,E,8,-9900,?,9,-9900,?,9,0.0,E,8,-9900,?,9,-9900,?,9,0.0,0.0,E,8
10/28/2019,16:00,754.187,1384.4,474.32,1,8,514.51,1,8,194.222,1,8,56918.4,1,8,48878.477,1,8,21364.41,1,8,113.562,1,8,-9900,?,9,-9900,?,9,20.97,E,8,8.79,E,8,45.0,E,8,872.5394,E,8,999.0,E,8,2.79,E,8,-9900,?,9,-9900,?,9,0.0,E,8,-9900,?,9,-9900,?,9,0.0,0.0,E,8
10/28/2019,17:00,452.833,1384.4,293.38,1,8,489.935,1,8,133.511,1,8,35205.6,1,8,46543.871,1,8,14686.197,1,8,130.239,1,8,-9900,?,9,-9900,?,9,20.24,E,8,8.74,E,8,47.0,E,8,872.5394,E,8,999.0,E,8,2.16,E,8,-9900,?,9,-9900,?,9,0.0,E,8,-9900,?,9,-9900,?,9,0.0,0.0,E,8
10/28/2019,18:00,130.499,1384.4,101.74,1,8,313.599,1,8,73.022,1,8,12208.8,1,8,29791.869,1,8,8032.422,1,8,253.819,1,8,-9900,?,9,-9900,?,9,19.13,E,8,8.65,E,8,50.0,E,8,872.5394,E,8,999.0,E,8,1.2,E,8,-9900,?,9,-9900,?,9,0.0,E,8,-9900,?,9,-9900,?,9,0.0,0.0,E,8
10/28/2019,19:00,0.0,1384.4,0.0,1,8,0.0,1,8,0.0,1,8,0.0,1,8,0.0,1,8,0.0,1,8,-0.0,1,8,-9900,?,9,-9900,?,9,18.24,E,8,8.58,E,8,53.0,E,8,872.5394,E,8,999.0,E,8,0.65,E,8,-9900,?,9,-9900,?,9,0.0,E,8,-9900,?,9,-9900,?,9,0.0,0.0,E,8
10/28/2019,20:00,0.0,1384.4,0.0,1,8,0.0,1,8,0.0,1,8,0.0,1,8,0.0,1,8,0.0,1,8,-0.0,1,8,-9900,?,9,-9900,?,9,17.34,E,8,8.51,E,8,56.0,E,8,872.5394,E,8,999.0,E,8,0.62,E,8,-9900,?,9,-9900,?,9,0.0,E,8,-9900,?,9,-9900,?,9,0.0,0.0,E,8
10/28/2019,21:00,0.0,1384.4,0.0,1,8,0.0,1,8,0.0,1,8,0.0,1,8,0.0,1,8,0.0,1,8,-0.0,1,8,-9900,?,9,-9900,?,9,16.45,E,8,8.45,E,8,59.0,E,8,872.5394,E,8,999.0,E,8,0.27,E,8,-9900,?,9,-9900,?,9,0.0,E,8,-9900,?,9,-9900,?,9,0.0,0.0,E,8
10/28/2019,22:00,0.0,1384.4,0.0,1,8,0.0,1,8,0.0,1,8,0.0,1,8,0.0,1,8,0.0,1,8,-0.0,1,8,-9900,?,9,-9900,?,9,15.55,E,8,8.38,E,8,62.0,E,8,872.5394,E,8,999.0,E,8,0.44,E,8,-9900,?,9,-9900,?,9,0.0,E,8,-9900,?,9,-9900,?,9,0.0,0.0,E,8
10/28/2019,23:00,0.0,1384.4,0.0,1,8,0.0,1,8,0.0,1,8,0.0,1,8,0.0,1,8,0.0,1,8,-0.0,1,8,-9900,?,9,-9900,?,9,14.66,E,8,8.31,E,8,65.0,E,8,872.5394,E,8,999.0,E,8,0.45,E,8,-9900,?,9,-9900,?,9,0.0,E,8,-9900,?,9,-9900,?,9,0.0,0.0,E,8
10/28/2019,24:00,0.0,1384.4,0.0,1,8,0.0,1,8,0.0,1,8,0.0,1,8,0.0,1,8,0.0,1,8,-0.0,1,8,-9900,?,9,-9900,?,9,13.77,E,8,10.58,E,8,81.0,E,8,872.5394,E,8,999.0,E,8,0.54,E,8,-9900,?,9,-9900,?,9,0.0,E,8,-9900,?,9,-9900,?,9,0.0,0.0,E,8
10/29/2019,01:00,0.0,1384.4,0.0,1,8,0.0,1,8,0.0,1,8,0.0,1,8,0.0,1,8,0.0,1,8,-0.0,1,8,-9900,?,9,-9900,?,9,13.32,E,8,10.64,E,8,83.0,E,8,872.5394,E,8,999.0,E,8,0.7,E,8,-9900,?,9,-9900,?,9,0.0,E,8,-9900,?,9,-9900,?,9,0.0,0.0,E,8
10/29/2019,02:00,0.0,1384.4,0.0,1,8,0.0,1,8,0.0,1,8,0.0,1,8,0.0,1,8,0.0,1,8,-0.0,1,8,-9900,?,9,-9900,?,9,12.87,E,8,10.71,E,8,86.0,E,8,872.5394,E,8,999.0,E,8,0.98,E,8,-9900,?,9,-9900,?,9,0.0,E,8,-9900,?,9,-9900,?,9,0.0,0.0,E,8
10/29/2019,03:00,0.0,1384.4,0.0,1,8,0.0,1,8,0.0,1,8,0.0,1,8,0.0,1,8,0.0,1,8,-0.0,1,8,-9900,?,9,-9900,?,9,12.43,E,8,10.77,E,8,89.0,E,8,872.5394,E,8,999.0,E,8,1.26,E,8,-9900,?,9,-9900,?,9,0.0,E,8,-9900,?,9,-9900,?,9,0.0,0.0,E,8
10/29/2019,04:00,0.0,1385.159,0.0,1,8,0.0,1,8,0.0,1,8,0.0,1,8,0.0,1,8,0.0,1,8,-0.0,1,8,-9900,?,9,-9900,?,9,11.98,E,8,10.83,E,8,92.0,E,8,872.5394,E,8,999.0,E,8,1.42,E,8,-9900,?,9,-9900,?,9,0.0,E,8,-9900,?,9,-9900,?,9,0.0,0.0,E,8
10/29/2019,05:00,0.0,1385.159,0.0,1,8,0.0,1,8,0.0,1,8,0.0,1,8,0.0,1,8,0.0,1,8,-0.0,1,8,-9900,?,9,-9900,?,9,11.58,E,8,10.89,E,8,95.0,E,8,872.5394,E,8,999.0,E,8,1.12,E,8,-9900,?,9,-9900,?,9,0.0,E,8,-9900,?,9,-9900,?,9,0.0,0.0,E,8
10/29/2019,06:00,105.812,1385.159,0.0,1,8,0.0,1,8,0.0,1,8,0.0,1,8,0.0,1,8,0.0,1,8,0.0,1,8,-9900,?,9,-9900,?,9,11.29,E,8,10.93,E,8,97.0,E,8,872.5394,E,8,999.0,E,8,1.12,E,8,-9900,?,9,-9900,?,9,0.0,E,8,-9900,?,9,-9900,?,9,0.0,0.0,E,8
10/29/2019,07:00,428.613,1385.159,74.5,1,8,0.0,1,8,74.5,1,8,8940.0,1,8,0.0,1,8,8195.0,1,8,76.847,1,8,-9900,?,9,-9900,?,9,10.99,E,8,10.97,E,8,99.0,E,8,872.5394,E,8,999.0,E,8,0.67,E,8,-9900,?,9,-9900,?,9,0.0,E,8,-9900,?,9,-9900,?,9,0.0,0.0,E,8
10/29/2019,08:00,732.689,1385.159,236.52,1,8,26.342,1,8,222.597,1,8,28382.4,1,8,2502.502,1,8,24485.632,1,8,134.053,1,8,-9900,?,9,-9900,?,9,14.1,E,8,10.53,E,8,79.0,E,8,872.5394,E,8,999.0,E,8,0.31,E,8,-9900,?,9,-9900,?,9,0.0,E,8,-9900,?,9,-9900,?,9,0.0,0.0,E,8
10/29/2019,09:00,995.013,1385.159,391.83,1,8,53.151,1,8,353.66,1,8,47019.6,1,8,5049.361,1,8,38902.598,1,8,156.757,1,8,-9900,?,9,-9900,?,9,15.67,E,8,10.31,E,8,70.0,E,8,872.5394,E,8,999.0,E,8,0.47,E,8,-9900,?,9,-9900,?,9,0.0,E,8,-9900,?,9,-9900,?,9,0.0,0.0,E,8
10/29/2019,10:00,1197.482,1385.159,521.11,1,8,79.81,1,8,452.121,1,8,62533.2,1,8,7581.908,1,8,49733.288,1,8,166.486,1,8,-9900,?,9,-9900,?,9,17.1,E,8,10.1,E,8,63.0,E,8,872.5394,E,8,999.0,E,8,1.24,E,8,-9900,?,9,-9900,?,9,0.0,E,8,-9900,?,9,-9900,?,9,0.0,0.0,E,8
10/29/2019,11:00,1326.248,1385.159,613.72,1,8,5.989,1,8,607.986,1,8,73646.4,1,8,568.968,1,8,66878.431,1,8,202.13,1,8,-9900,?,9,-9900,?,9,18.33,E,8,9.92,E,8,57.0,E,8,872.5394,E,8,999.0,E,8,2.55,E,8,-9900,?,9,-9900,?,9,0.0,E,8,-9900,?,9,-9900,?,9,0.0,0.0,E,8
10/29/2019,12:00,1372.528,1385.159,662.78,1,8,6.905,1,8,655.938,1,8,79533.6,1,8,656.015,1,8,72153.134,1,8,210.714,1,8,-9900,?,9,-9900,?,9,19.32,E,8,9.77,E,8,53.0,E,8,872.5394,E,8,999.0,E,8,3.25,E,8,-9900,?,9,-9900,?,9,0.0,E,8,-9900,?,9,-9900,?,9,0.0,0.0,E,8
10/29/2019,13:00,1333.18,1385.159,664.72,1,8,8.087,1,8,656.937,1,8,79766.4,1,8,768.258,1,8,72263.039,1,8,217.267,1,8,-9900,?,9,-9900,?,9,20.02,E,8,9.67,E,8,51.0,E,8,872.5394,E,8,999.0,E,8,3.9,E,8,-9900,?,9,-9900,?,9,0.0,E,8,-9900,?,9,-9900,?,9,0.0,0.0,E,8
10/29/2019,14:00,1210.908,1385.159,619.43,1,8,152.012,1,8,486.553,1,8,74331.6,1,8,14441.178,1,8,53520.782,1,8,177.177,1,8,-9900,?,9,-9900,?,9,20.44,E,8,9.6,E,8,49.0,E,8,872.5394,E,8,999.0,E,8,3.89,E,8,-9900,?,9,-9900,?,9,0.0,E,8,-9900,?,9,-9900,?,9,0.0,0.0,E,8
10/29/2019,15:00,1014.085,1385.159,530.18,1,8,223.324,1,8,366.724,1,8,63621.6,1,8,21215.811,1,8,40339.657,1,8,159.487,1,8,-9900,?,9,-9900,?,9,20.57,E,8,9.58,E,8,49.0,E,8,872.5394,E,8,999.0,E,8,4.02,E,8,-9900,?,9,-9900,?,9,0.0,E,8,-9900,?,9,-9900,?,9,0.0,0.0,E,8
10/29/2019,16:00,756.2,1385.159,403.62,1,8,276.971,1,8,252.517,1,8,48434.4,1,8,26312.247,1,8,27776.917,1,8,147.334,1,8,-9900,?,9,-9900,?,9,20.31,E,8,9.62,E,8,50.0,E,8,872.5394,E,8,999.0,E,8,3.02,E,8,-9900,?,9,-9900,?,9,0.0,E,8,-9900,?,9,-9900,?,9,0.0,0.0,E,8
10/29/2019,17:00,455.051,1385.159,250.04,1,8,334.156,1,8,140.526,1,8,30004.8,1,8,31744.791,1,8,15457.87,1,8,136.486,1,8,-9900,?,9,-9900,?,9,19.63,E,8,9.72,E,8,52.0,E,8,872.5394,E,8,999.0,E,8,1.55,E,8,-9900,?,9,-9900,?,9,0.0,E,8,-9900,?,9,-9900,?,9,0.0,0.0,E,8
10/29/2019,18:00,132.925,1385.159,87.32,1,8,302.848,1,8,59.06,1,8,10478.4,1,8,28770.525,1,8,6496.573,1,8,201.461,1,8,-9900,?,9,-9900,?,9,18.59,E,8,9.88,E,8,56.0,E,8,872.5394,E,8,999.0,E,8,0.81,E,8,-9900,?,9,-9900,?,9,0.0,E,8,-9900,?,9,-9900,?,9,0.0,0.0,E,8
10/29/2019,19:00,0.0,1385.159,0.0,1,8,0.0,1,8,0.0,1,8,0.0,1,8,0.0,1,8,0.0,1,8,-0.0,1,8,-9900,?,9,-9900,?,9,17.76,E,8,10.0,E,8,60.0,E,8,872.5394,E,8,999.0,E,8,0.31,E,8,-9900,?,9,-9900,?,9,0.0,E,8,-9900,?,9,-9900,?,9,0.0,0.0,E,8
10/29/2019,20:00,0.0,1385.159,0.0,1,8,0.0,1,8,0.0,1,8,0.0,1,8,0.0,1,8,0.0,1,8,-0.0,1,8,-9900,?,9,-9900,?,9,16.92,E,8,10.13,E,8,64.0,E,8,872.5394,E,8,999.0,E,8,0.31,E,8,-9900,?,9,-9900,?,9,0.0,E,8,-9900,?,9,-9900,?,9,0.0,0.0,E,8
10/29/2019,21:00,0.0,1385.159,0.0,1,8,0.0,1,8,0.0,1,8,0.0,1,8,0.0,1,8,0.0,1,8,-0.0,1,8,-9900,?,9,-9900,?,9,16.08,E,8,10.25,E,8,68.0,E,8,872.5394,E,8,999.0,E,8,0.31,E,8,-9900,?,9,-9900,?,9,0.0,E,8,-9900,?,9,-9900,?,9,0.0,0.0,E,8
10/29/2019,22:00,0.0,1385.159,0.0,1,8,0.0,1,8,0.0,1,8,0.0,1,8,0.0,1,8,0.0,1,8,-0.0,1,8,-9900,?,9,-9900,?,9,15.24,E,8,10.37,E,8,72.0,E,8,872.5394,E,8,999.0,E,8,0.31,E,8,-9900,?,9,-9900,?,9,0.0,E,8,-9900,?,9,-9900,?,9,0.0,0.0,E,8
10/29/2019,23:00,0.0,1385.159,0.0,1,8,0.0,1,8,0.0,1,8,0.0,1,8,0.0,1,8,0.0,1,8,-0.0,1,8,-9900,?,9,-9900,?,9,14.4,E,8,10.49,E,8,77.0,E,8,872.5394,E,8,999.0,E,8,0.31,E,8,-9900,?,9,-9900,?,9,0.0,E,8,-9900,?,9,-9900,?,9,0.0,0.0,E,8
10/29/2019,24:00,0.0,1385.159,0.0,1,8,0.0,1,8,0.0,1,8,0.0,1,8,0.0,1,8,0.0,1,8,-0.0,1,8,-9900,?,9,-9900,?,9,13.56,E,8,11.29,E,8,90.0,E,8,872.5394,E,8,999.0,E,8,0.79,E,8,-9900,?,9,-9900,?,9,0.019,E,8,-9900,?,9,-9900,?,9,0.19,99.0,E,8
10/30/2019,01:00,0.0,1385.159,0.0,1,8,0.0,1,8,0.0,1,8,0.0,1,8,0.0,1,8,0.0,1,8,-0.0,1,8,-9900,?,9,-9900,?,9,13.14,E,8,11.23,E,8,92.0,E,8,872.5394,E,8,999.0,E,8,0.79,E,8,-9900,?,9,-9900,?,9,0.002,E,8,-9900,?,9,-9900,?,9,0.02,99.0,E,8
10/30/2019,02:00,0.0,1385.159,0.0,1,8,0.0,1,8,0.0,1,8,0.0,1,8,0.0,1,8,0.0,1,8,-0.0,1,8,-9900,?,9,-9900,?,9,12.72,E,8,11.18,E,8,99.0,E,8,872.5394,E,8,999.0,E,8,0.79,E,8,-9900,?,9,-9900,?,9,0.361,E,8,-9900,?,9,-9900,?,9,3.61,99.0,E,8
10/30/2019,03:00,0.0,1385.159,0.0,1,8,0.0,1,8,0.0,1,8,0.0,1,8,0.0,1,8,0.0,1,8,-0.0,1,8,-9900,?,9,-9900,?,9,12.3,E,8,11.12,E,8,92.0,E,8,872.5394,E,8,999.0,E,8,0.79,E,8,-9900,?,9,-9900,?,9,0.0,E,8,-9900,?,9,-9900,?,9,0.0,0.0,E,8
10/30/2019,04:00,0.0,1385.913,0.0,1,8,0.0,1,8,0.0,1,8,0.0,1,8,0.0,1,8,0.0,1,8,-0.0,1,8,-9900,?,9,-9900,?,9,11.88,E,8,11.06,E,8,94.0,E,8,872.5394,E,8,999.0,E,8,0.98,E,8,-9900,?,9,-9900,?,9,0.0,E,8,-9900,?,9,-9900,?,9,0.0,0.0,E,8
10/30/2019,05:00,0.0,1385.913,0.0,1,8,0.0,1,8,0.0,1,8,0.0,1,8,0.0,1,8,0.0,1,8,-0.0,1,8,-9900,?,9,-9900,?,9,11.51,E,8,11.01,E,8,96.0,E,8,872.5394,E,8,999.0,E,8,0.79,E,8,-9900,?,9,-9900,?,9,0.0,E,8,-9900,?,9,-9900,?,9,0.0,0.0,E,8
10/30/2019,06:00,108.957,1385.913,0.0,1,8,0.0,1,8,0.0,1,8,0.0,1,8,0.0,1,8,0.0,1,8,0.0,1,8,-9900,?,9,-9900,?,9,11.24,E,8,10.97,E,8,97.0,E,8,872.5394,E,8,999.0,E,8,0.79,E,8,-9900,?,9,-9900,?,9,0.0,E,8,-9900,?,9,-9900,?,9,0.0,0.0,E,8
10/30/2019,07:00,431.554,1385.913,45.21,1,8,0.0,1,8,45.21,1,8,5425.2,1,8,0.0,1,8,4973.1,1,8,46.34,1,8,-9900,?,9,-9900,?,9,10.96,E,8,10.93,E,8,99.0,E,8,872.5394,E,8,999.0,E,8,0.97,E,8,-9900,?,9,-9900,?,9,0.0,E,8,-9900,?,9,-9900,?,9,0.0,0.0,E,8
10/30/2019,08:00,735.341,1385.913,141.94,1,8,0.0,1,8,141.94,1,8,17032.8,1,8,0.0,1,8,15613.4,1,8,85.217,1,8,-9900,?,9,-9900,?,9,13.42,E,8,11.27,E,8,86.0,E,8,872.5394,E,8,999.0,E,8,0.79,E,8,-9900,?,9,-9900,?,9,0.0,E,8,-9900,?,9,-9900,?,9,0.0,0.0,E,8
10/30/2019,09:00,997.386,1385.913,234.58,1,8,2.682,1,8,232.65,1,8,28149.6,1,8,254.818,1,8,25591.521,1,8,102.931,1,8,-9900,?,9,-9900,?,9,14.65,E,8,11.44,E,8,80.0,E,8,872.5394,E,8,999.0,E,8,1.11,E,8,-9900,?,9,-9900,?,9,0.0,E,8,-9900,?,9,-9900,?,9,0.0,0.0,E,8
10/30/2019,10:00,1199.608,1385.913,311.68,1,8,9.936,1,8,303.081,1,8,37401.6,1,8,943.894,1,8,33338.883,1,8,111.467,1,8,-9900,?,9,-9900,?,9,15.78,E,8,11.59,E,8,75.0,E,8,872.5394,E,8,999.0,E,8,0.79,E,8,-9900,?,9,-9900,?,9,0.0,E,8,-9900,?,9,-9900,?,9,0.0,0.0,E,8
10/30/2019,11:00,1328.179,1385.913,366.9,1,8,20.981,1,8,346.793,1,8,44028.0,1,8,1993.238,1,8,38147.241,1,8,115.189,1,8,-9900,?,9,-9900,?,9,16.74,E,8,11.71,E,8,71.0,E,8,872.5394,E,8,999.0,E,8,0.98,E,8,-9900,?,9,-9900,?,9,0.0,E,8,-9900,?,9,-9900,?,9,0.0,0.0,E,8
10/30/2019,12:00,1374.329,1385.913,396.13,1,8,22.537,1,8,373.781,1,8,47535.6,1,8,2141.03,1,8,41115.946,1,8,119.982,1,8,-9900,?,9,-9900,?,9,17.51,E,8,11.81,E,8,68.0,E,8,872.5394,E,8,999.0,E,8,0.79,E,8,-9900,?,9,-9900,?,9,0.0,E,8,-9900,?,9,-9900,?,9,0.0,0.0,E,8
10/30/2019,13:00,1334.924,1385.913,397.26,1,8,23.801,1,8,374.335,1,8,47671.2,1,8,2261.137,1,8,41176.822,1,8,123.708,1,8,-9900,?,9,-9900,?,9,18.07,E,8,11.89,E,8,66.0,E,8,872.5394,E,8,999.0,E,8,0.79,E,8,-9900,?,9,-9900,?,9,0.0,E,8,-9900,?,9,-9900,?,9,0.0,0.0,E,8
10/30/2019,14:00,1212.674,1385.913,370.21,1,8,18.333,1,8,354.17,1,8,44425.2,1,8,1741.669,1,8,38958.674,1,8,128.852,1,8,-9900,?,9,-9900,?,9,18.39,E,8,11.93,E,8,65.0,E,8,872.5394,E,8,999.0,E,8,0.79,E,8,-9900,?,9,-9900,?,9,0.0,E,8,-9900,?,9,-9900,?,9,0.0,0.0,E,8
10/30/2019,15:00,1015.947,1385.913,316.94,1,8,11.791,1,8,308.298,1,8,38032.8,1,8,1120.179,1,8,33912.835,1,8,133.905,1,8,-9900,?,9,-9900,?,9,18.49,E,8,11.94,E,8,70.0,E,8,872.5394,E,8,999.0,E,8,0.79,E,8,-9900,?,9,-9900,?,9,0.001,E,8,-9900,?,9,-9900,?,9,0.01,99.0,E,8
10/30/2019,16:00,758.227,1385.913,241.43,1,8,17.443,1,8,231.893,1,8,28971.6,1,8,1657.11,1,8,25508.275,1,8,135.012,1,8,-9900,?,9,-9900,?,9,18.29,E,8,11.91,E,8,65.0,E,8,872.5394,E,8,999.0,E,8,0.79,E,8,-9900,?,9,-9900,?,9,0.0,E,8,-9900,?,9,-9900,?,9,0.0,0.0,E,8
10/30/2019,17:00,457.298,1385.913,117.38,1,8,5.191,1,8,115.671,1,8,14085.6,1,8,493.175,1,8,12723.823,1,8,111.851,1,8,-9900,?,9,-9900,?,9,17.62,E,8,11.83,E,8,73.0,E,8,872.5394,E,8,999.0,E,8,0.79,E,8,-9900,?,9,-9900,?,9,0.003,E,8,-9900,?,9,-9900,?,9,0.03,99.0,E,8
10/30/2019,18:00,135.391,1385.913,52.69,1,8,126.817,1,8,40.632,1,8,6322.8,1,8,12047.583,1,8,4469.537,1,8,136.028,1,8,-9900,?,9,-9900,?,9,16.82,E,8,11.72,E,8,76.0,E,8,872.5394,E,8,999.0,E,8,0.79,E,8,-9900,?,9,-9900,?,9,0.009,E,8,-9900,?,9,-9900,?,9,0.09,99.0,E,8
10/30/2019,19:00,0.0,1385.913,0.0,1,8,0.0,1,8,0.0,1,8,0.0,1,8,0.0,1,8,0.0,1,8,-0.0,1,8,-9900,?,9,-9900,?,9,16.09,E,8,11.63,E,8,74.0,E,8,872.5394,E,8,999.0,E,8,0.79,E,8,-9900,?,9,-9900,?,9,0.0,E,8,-9900,?,9,-9900,?,9,0.0,0.0,E,8
10/30/2019,20:00,0.0,1385.913,0.0,1,8,0.0,1,8,0.0,1,8,0.0,1,8,0.0,1,8,0.0,1,8,-0.0,1,8,-9900,?,9,-9900,?,9,15.36,E,8,11.53,E,8,77.0,E,8,872.5394,E,8,999.0,E,8,0.79,E,8,-9900,?,9,-9900,?,9,0.0,E,8,-9900,?,9,-9900,?,9,0.0,0.0,E,8
10/30/2019,21:00,0.0,1385.913,0.0,1,8,0.0,1,8,0.0,1,8,0.0,1,8,0.0,1,8,0.0,1,8,-0.0,1,8,-9900,?,9,-9900,?,9,14.63,E,8,11.43,E,8,80.0,E,8,872.5394,E,8,999.0,E,8,0.79,E,8,-9900,?,9,-9900,?,9,0.0,E,8,-9900,?,9,-9900,?,9,0.0,0.0,E,8
10/30/2019,22:00,0.0,1385.913,0.0,1,8,0.0,1,8,0.0,1,8,0.0,1,8,0.0,1,8,0.0,1,8,-0.0,1,8,-9900,?,9,-9900,?,9,13.89,E,8,11.33,E,8,84.0,E,8,872.5394,E,8,999.0,E,8,0.79,E,8,-9900,?,9,-9900,?,9,0.0,E,8,-9900,?,9,-9900,?,9,0.0,0.0,E,8
10/30/2019,23:00,0.0,1385.913,0.0,1,8,0.0,1,8,0.0,1,8,0.0,1,8,0.0,1,8,0.0,1,8,-0.0,1,8,-9900,?,9,-9900,?,9,13.16,E,8,11.23,E,8,92.0,E,8,872.5394,E,8,999.0,E,8,0.79,E,8,-9900,?,9,-9900,?,9,0.005,E,8,-9900,?,9,-9900,?,9,0.05,99.0,E,8
10/30/2019,24:00,0.0,1385.913,0.0,1,8,0.0,1,8,0.0,1,8,0.0,1,8,0.0,1,8,0.0,1,8,-0.0,1,8,-9900,?,9,-9900,?,9,12.43,E,8,8.62,E,8,77.0,E,8,872.5394,E,8,999.0,E,8,0.71,E,8,-9900,?,9,-9900,?,9,0.0,E,8,-9900,?,9,-9900,?,9,0.0,0.0,E,8
10/31/2019,01:00,0.0,1385.913,0.0,1,8,0.0,1,8,0.0,1,8,0.0,1,8,0.0,1,8,0.0,1,8,-0.0,1,8,-9900,?,9,-9900,?,9,12.06,E,8,8.6,E,8,79.0,E,8,872.5394,E,8,999.0,E,8,0.71,E,8,-9900,?,9,-9900,?,9,0.0,E,8,-9900,?,9,-9900,?,9,0.0,0.0,E,8
10/31/2019,02:00,0.0,1385.913,0.0,1,8,0.0,1,8,0.0,1,8,0.0,1,8,0.0,1,8,0.0,1,8,-0.0,1,8,-9900,?,9,-9900,?,9,11.7,E,8,8.58,E,8,81.0,E,8,872.5394,E,8,999.0,E,8,0.71,E,8,-9900,?,9,-9900,?,9,0.0,E,8,-9900,?,9,-9900,?,9,0.0,0.0,E,8
10/31/2019,03:00,0.0,1385.913,0.0,1,8,0.0,1,8,0.0,1,8,0.0,1,8,0.0,1,8,0.0,1,8,-0.0,1,8,-9900,?,9,-9900,?,9,11.33,E,8,8.56,E,8,83.0,E,8,872.5394,E,8,999.0,E,8,0.71,E,8,-9900,?,9,-9900,?,9,0.0,E,8,-9900,?,9,-9900,?,9,0.0,0.0,E,8
10/31/2019,04:00,0.0,1386.662,0.0,1,8,0.0,1,8,0.0,1,8,0.0,1,8,0.0,1,8,0.0,1,8,-0.0,1,8,-9900,?,9,-9900,?,9,10.97,E,8,8.54,E,8,84.0,E,8,872.5394,E,8,999.0,E,8,0.71,E,8,-9900,?,9,-9900,?,9,0.0,E,8,-9900,?,9,-9900,?,9,0.0,0.0,E,8
10/31/2019,05:00,0.0,1386.662,0.0,1,8,0.0,1,8,0.0,1,8,0.0,1,8,0.0,1,8,0.0,1,8,-0.0,1,8,-9900,?,9,-9900,?,9,10.64,E,8,8.52,E,8,86.0,E,8,872.5394,E,8,999.0,E,8,0.71,E,8,-9900,?,9,-9900,?,9,0.0,E,8,-9900,?,9,-9900,?,9,0.0,0.0,E,8
10/31/2019,06:00,112.007,1386.662,0.0,1,8,0.0,1,8,0.0,1,8,0.0,1,8,0.0,1,8,0.0,1,8,0.0,1,8,-9900,?,9,-9900,?,9,10.4,E,8,8.51,E,8,88.0,E,8,872.5394,E,8,999.0,E,8,0.71,E,8,-9900,?,9,-9900,?,9,0.0,E,8,-9900,?,9,-9900,?,9,0.0,0.0,E,8
10/31/2019,07:00,434.389,1386.662,73.9,1,8,0.0,1,8,73.9,1,8,8868.0,1,8,0.0,1,8,8129.0,1,8,75.291,1,8,-9900,?,9,-9900,?,9,10.16,E,8,8.5,E,8,89.0,E,8,872.5394,E,8,999.0,E,8,0.71,E,8,-9900,?,9,-9900,?,9,0.0,E,8,-9900,?,9,-9900,?,9,0.0,0.0,E,8
10/31/2019,08:00,737.885,1386.662,270.76,1,8,46.543,1,8,246.011,1,8,32491.2,1,8,4421.575,1,8,27061.261,1,8,147.268,1,8,-9900,?,9,-9900,?,9,13.77,E,8,8.69,E,8,71.0,E,8,872.5394,E,8,999.0,E,8,0.71,E,8,-9900,?,9,-9900,?,9,0.0,E,8,-9900,?,9,-9900,?,9,0.0,0.0,E,8
10/31/2019,09:00,999.655,1386.662,448.35,1,8,89.735,1,8,383.677,1,8,53802.0,1,8,8524.816,1,8,42204.465,1,8,169.455,1,8,-9900,?,9,-9900,?,9,15.69,E,8,8.79,E,8,63.0,E,8,872.5394,E,8,999.0,E,8,0.71,E,8,-9900,?,9,-9900,?,9,0.0,E,8,-9900,?,9,-9900,?,9,0.0,0.0,E,8
10/31/2019,10:00,1201.642,1386.662,480.61,1,8,24.9,1,8,459.034,1,8,57673.2,1,8,2365.522,1,8,50493.769,1,8,168.629,1,8,-9900,?,9,-9900,?,9,16.83,E,8,8.85,E,8,59.0,E,8,872.5394,E,8,999.0,E,8,0.71,E,8,-9900,?,9,-9900,?,9,0.0,E,8,-9900,?,9,-9900,?,9,0.0,0.0,E,8
10/31/2019,11:00,1330.032,1386.662,565.52,1,8,6.659,1,8,559.133,1,8,67862.4,1,8,632.587,1,8,61504.662,1,8,185.56,1,8,-9900,?,9,-9900,?,9,17.86,E,8,8.9,E,8,55.0,E,8,872.5394,E,8,999.0,E,8,0.71,E,8,-9900,?,9,-9900,?,9,0.0,E,8,-9900,?,9,-9900,?,9,0.0,0.0,E,8
10/31/2019,12:00,1376.069,1386.662,443.99,1,8,17.009,1,8,427.111,1,8,53278.8,1,8,1615.854,1,8,46982.211,1,8,137.001,1,8,-9900,?,9,-9900,?,9,18.13,E,8,8.92,E,8,54.0,E,8,872.5394,E,8,999.0,E,8,0.71,E,8,-9900,?,9,-9900,?,9,0.0,E,8,-9900,?,9,-9900,?,9,0.0,0.0,E,8
10/31/2019,13:00,1336.627,1386.662,612.15,1,8,105.652,1,8,510.313,1,8,73458.0,1,8,10036.928,1,8,56134.39,1,8,168.522,1,8,-9900,?,9,-9900,?,9,18.82,E,8,8.95,E,8,52.0,E,8,872.5394,E,8,999.0,E,8,1.35,E,8,-9900,?,9,-9900,?,9,0.0,E,8,-9900,?,9,-9900,?,9,0.0,0.0,E,8
10/31/2019,14:00,1214.417,1386.662,570.5,1,8,107.601,1,8,476.273,1,8,68460.0,1,8,10222.095,1,8,52390.045,1,8,173.12,1,8,-9900,?,9,-9900,?,9,19.23,E,8,8.97,E,8,51.0,E,8,872.5394,E,8,999.0,E,8,1.26,E,8,-9900,?,9,-9900,?,9,0.0,E,8,-9900,?,9,-9900,?,9,0.0,0.0,E,8
10/31/2019,15:00,1017.806,1386.662,488.54,1,8,159.193,1,8,371.722,1,8,58624.8,1,8,15123.361,1,8,40889.412,1,8,161.244,1,8,-9900,?,9,-9900,?,9,19.36,E,8,8.98,E,8,51.0,E,8,872.5394,E,8,999.0,E,8,1.64,E,8,-9900,?,9,-9900,?,9,0.0,E,8,-9900,?,9,-9900,?,9,0.0,0.0,E,8
10/31/2019,16:00,760.269,1386.662,372.37,1,8,173.081,1,8,277.539,1,8,44684.4,1,8,16442.675,1,8,30529.313,1,8,161.24,1,8,-9900,?,9,-9900,?,9,19.12,E,8,8.97,E,8,51.0,E,8,872.5394,E,8,999.0,E,8,0.88,E,8,-9900,?,9,-9900,?,9,0.0,E,8,-9900,?,9,-9900,?,9,0.0,0.0,E,8
10/31/2019,17:00,459.574,1386.662,231.41,1,8,249.056,1,8,149.061,1,8,27769.2,1,8,23660.275,1,8,16396.661,1,8,143.499,1,8,-9900,?,9,-9900,?,9,18.47,E,8,8.93,E,8,53.0,E,8,872.5394,E,8,999.0,E,8,1.19,E,8,-9900,?,9,-9900,?,9,0.0,E,8,-9900,?,9,-9900,?,9,0.0,0.0,E,8
10/31/2019,18:00,137.896,1386.662,137.152,1,8,219.574,1,8,115.881,1,8,16458.24,1,8,20859.499,1,8,12746.943,1,8,380.769,1,8,-9900,?,9,-9900,?,9,17.508,E,8,8.884,E,8,56.4,E,8,872.5394,E,8,999.0,E,8,0.84,E,8,-9900,?,9,-9900,?,9,0.0,E,8,-9900,?,9,-9900,?,9,0.0,0.0,E,8
10/31/2019,19:00,0.0,1386.662,62.678,1,8,0.0,1,8,0.0,1,8,7521.36,1,8,0.0,1,8,0.0,1,8,-0.0,1,8,-9900,?,9,-9900,?,9,16.682,E,8,8.84,E,8,59.4,E,8,872.5394,E,8,999.0,E,8,0.806,E,8,-9900,?,9,-9900,?,9,0.0,E,8,-9900,?,9,-9900,?,9,0.0,0.0,E,8
10/31/2019,20:00,0.0,1386.662,16.396,1,8,0.0,1,8,0.0,1,8,1967.52,1,8,0.0,1,8,0.0,1,8,-0.0,1,8,-9900,?,9,-9900,?,9,15.82,E,8,8.796,E,8,62.6,E,8,872.5394,E,8,999.0,E,8,0.71,E,8,-9900,?,9,-9900,?,9,0.0,E,8,-9900,?,9,-9900,?,9,0.0,0.0,E,8
10/31/2019,21:00,0.0,1386.662,0.0,1,8,0.0,1,8,0.0,1,8,0.0,1,8,0.0,1,8,0.0,1,8,-0.0,1,8,-9900,?,9,-9900,?,9,14.99,E,8,8.754,E,8,65.8,E,8,872.5394,E,8,999.0,E,8,0.71,E,8,-9900,?,9,-9900,?,9,0.0,E,8,-9900,?,9,-9900,?,9,0.0,0.0,E,8
10/31/2019,22:00,0.0,1386.662,0.0,1,8,0.0,1,8,0.0,1,8,0.0,1,8,0.0,1,8,0.0,1,8,-0.0,1,8,-9900,?,9,-9900,?,9,13.806,E,8,8.738,E,8,71.4,E,8,872.5394,E,8,999.0,E,8,0.604,E,8,-9900,?,9,-9900,?,9,0.0,E,8,-9900,?,9,-9900,?,9,0.0,0.0,E,8
10/31/2019,23:00,0.0,1386.662,0.0,1,8,0.0,1,8,0.0,1,8,0.0,1,8,0.0,1,8,0.0,1,8,-0.0,1,8,-9900,?,9,-9900,?,9,12.718,E,8,8.724,E,8,76.8,E,8,872.5394,E,8,999.0,E,8,0.498,E,8,-9900,?,9,-9900,?,9,0.0,E,8,-9900,?,9,-9900,?,9,0.0,0.0,E,8
10/31/2017,24:00,0.0,1386.662,0.0,1,8,0.0,1,8,0.0,1,8,0.0,1,8,0.0,1,8,0.0,1,8,-0.0,1,8,-9900,?,9,-9900,?,9,11.726,E,8,8.712,E,8,81.8,E,8,872.5394,E,8,999.0,E,8,0.416,E,8,-9900,?,9,-9900,?,9,0.0,E,8,-9900,?,9,-9900,?,9,0.0,0.0,E,8
11/01/2017,01:00,0.0,1386.662,0.0,1,8,0.0,1,8,0.0,1,8,0.0,1,8,0.0,1,8,0.0,1,8,-0.0,1,8,-9900,?,9,-9900,?,9,10.83,E,8,8.7,E,8,86.6,E,8,872.5394,E,8,999.0,E,8,0.378,E,8,-9900,?,9,-9900,?,9,0.0,E,8,-9900,?,9,-9900,?,9,0.0,0.0,E,8
11/01/2017,02:00,0.0,1386.662,0.0,1,8,0.0,1,8,0.0,1,8,0.0,1,8,0.0,1,8,0.0,1,8,-0.0,1,8,-9900,?,9,-9900,?,9,10.03,E,8,8.688,E,8,91.0,E,8,872.5394,E,8,999.0,E,8,0.338,E,8,-9900,?,9,-9900,?,9,0.0,E,8,-9900,?,9,-9900,?,9,0.0,0.0,E,8
11/01/2017,03:00,0.0,1386.662,0.0,1,8,0.0,1,8,0.0,1,8,0.0,1,8,0.0,1,8,0.0,1,8,-0.0,1,8,-9900,?,9,-9900,?,9,9.688,E,8,8.652,E,8,93.0,E,8,872.5394,E,8,999.0,E,8,0.398,E,8,-9900,?,9,-9900,?,9,0.0,E,8,-9900,?,9,-9900,?,9,0.0,0.0,E,8
11/01/2017,04:00,0.0,1387.405,0.0,1,8,0.0,1,8,0.0,1,8,0.0,1,8,0.0,1,8,0.0,1,8,-0.0,1,8,-9900,?,9,-9900,?,9,9.37,E,8,8.616,E,8,94.8,E,8,872.5394,E,8,999.0,E,8,0.448,E,8,-9900,?,9,-9900,?,9,0.0,E,8,-9900,?,9,-9900,?,9,0.0,0.0,E,8
11/01/2017,05:00,0.0,1387.405,39.964,1,8,0.0,1,8,0.0,1,8,4795.68,1,8,0.0,1,8,0.0,1,8,-0.0,1,8,-9900,?,9,-9900,?,9,9.076,E,8,8.584,E,8,96.4,E,8,872.5394,E,8,999.0,E,8,0.458,E,8,-9900,?,9,-9900,?,9,0.0,E,8,-9900,?,9,-9900,?,9,0.0,0.0,E,8
11/01/2017,06:00,116.19,1387.405,0.0,1,8,0.0,1,8,0.0,1,8,0.0,1,8,0.0,1,8,0.0,1,8,0.0,1,8,-9900,?,9,-9900,?,9,8.79,E,8,8.55,E,8,98.0,E,8,872.5394,E,8,999.0,E,8,0.43,E,8,-9900,?,9,-9900,?,9,0.0,E,8,-9900,?,9,-9900,?,9,0.0,0.0,E,8
11/01/2017,07:00,438.149,1387.405,199.82,1,8,222.169,1,8,129.841,1,8,23978.4,1,8,21106.099,1,8,14282.494,1,8,131.213,1,8,-9900,?,9,-9900,?,9,8.56,E,8,8.53,E,8,99.0,E,8,872.5394,E,8,999.0,E,8,0.35,E,8,-9900,?,9,-9900,?,9,0.0,E,8,-9900,?,9,-9900,?,9,0.0,0.0,E,8
11/01/2017,08:00,741.149,1387.405,361.6,1,8,185.411,1,8,262.626,1,8,43392.0,1,8,17614.092,1,8,28888.875,1,8,156.604,1,8,-9900,?,9,-9900,?,9,14.47,E,8,9.16,E,8,70.0,E,8,872.5394,E,8,999.0,E,8,0.35,E,8,-9900,?,9,-9900,?,9,0.0,E,8,-9900,?,9,-9900,?,9,0.0,0.0,E,8
11/01/2017,09:00,1002.477,1387.405,309.15,1,8,23.436,1,8,292.221,1,8,37098.0,1,8,2226.45,1,8,32144.256,1,8,128.768,1,8,-9900,?,9,-9900,?,9,14.67,E,8,9.18,E,8,69.0,E,8,872.5394,E,8,999.0,E,8,0.3,E,8,-9900,?,9,-9900,?,9,0.0,E,8,-9900,?,9,-9900,?,9,0.0,0.0,E,8
11/01/2017,10:00,1204.111,1387.405,530.01,1,8,101.165,1,8,442.219,1,8,63601.2,1,8,9610.672,1,8,48644.059,1,8,162.206,1,8,-9900,?,9,-9900,?,9,15.93,E,8,9.31,E,8,64.0,E,8,872.5394,E,8,999.0,E,8,0.71,E,8,-9900,?,9,-9900,?,9,0.0,E,8,-9900,?,9,-9900,?,9,0.0,0.0,E,8
11/01/2017,11:00,1332.261,1387.405,623.28,1,8,6.255,1,8,617.273,1,8,74793.6,1,8,594.258,1,8,67900.078,1,8,204.622,1,8,-9900,?,9,-9900,?,9,17.08,E,8,9.43,E,8,60.0,E,8,872.5394,E,8,999.0,E,8,1.33,E,8,-9900,?,9,-9900,?,9,0.0,E,8,-9900,?,9,-9900,?,9,0.0,0.0,E,8
11/01/2017,12:00,1378.189,1387.405,672.62,1,8,7.208,1,8,665.46,1,8,80714.4,1,8,684.797,1,8,73200.547,1,8,213.24,1,8,-9900,?,9,-9900,?,9,18.02,E,8,9.53,E,8,57.0,E,8,872.5394,E,8,999.0,E,8,1.23,E,8,-9900,?,9,-9900,?,9,0.0,E,8,-9900,?,9,-9900,?,9,0.0,0.0,E,8
11/01/2017,13:00,1338.776,1387.405,674.46,1,8,8.431,1,8,666.324,1,8,80935.2,1,8,800.986,1,8,73295.669,1,8,219.806,1,8,-9900,?,9,-9900,?,9,18.69,E,8,9.6,E,8,55.0,E,8,872.5394,E,8,999.0,E,8,1.15,E,8,-9900,?,9,-9900,?,9,0.0,E,8,-9900,?,9,-9900,?,9,0.0,0.0,E,8
11/01/2017,14:00,1216.732,1387.405,628.7,1,8,158.121,1,8,490.043,1,8,75444.0,1,8,15021.485,1,8,53904.705,1,8,177.882,1,8,-9900,?,9,-9900,?,9,19.08,E,8,9.64,E,8,54.0,E,8,872.5394,E,8,999.0,E,8,1.23,E,8,-9900,?,9,-9900,?,9,0.0,E,8,-9900,?,9,-9900,?,9,0.0,0.0,E,8
11/01/2017,15:00,1020.411,1387.405,538.64,1,8,231.371,1,8,368.513,1,8,64636.8,1,8,21980.257,1,8,40536.444,1,8,159.529,1,8,-9900,?,9,-9900,?,9,19.17,E,8,9.65,E,8,53.0,E,8,872.5394,E,8,999.0,E,8,1.52,E,8,-9900,?,9,-9900,?,9,0.0,E,8,-9900,?,9,-9900,?,9,0.0,0.0,E,8
11/01/2017,16:00,763.268,1387.405,410.99,1,8,284.986,1,8,254.313,1,8,49318.8,1,8,27073.692,1,8,27974.465,1,8,147.244,1,8,-9900,?,9,-9900,?,9,18.84,E,8,9.61,E,8,54.0,E,8,872.5394,E,8,999.0,E,8,1.44,E,8,-9900,?,9,-9900,?,9,0.0,E,8,-9900,?,9,-9900,?,9,0.0,0.0,E,8
11/01/2017,17:00,463.04,1387.405,256.1,1,8,339.262,1,8,143.135,1,8,30732.0,1,8,32229.85,1,8,15744.81,1,8,136.831,1,8,-9900,?,9,-9900,?,9,18.06,E,8,9.53,E,8,57.0,E,8,872.5394,E,8,999.0,E,8,1.0,E,8,-9900,?,9,-9900,?,9,0.0,E,8,-9900,?,9,-9900,?,9,0.0,0.0,E,8
11/01/2017,18:00,141.809,1387.405,91.8,1,8,316.298,1,8,60.266,1,8,11016.0,1,8,30048.317,1,8,6629.233,1,8,192.413,1,8,-9900,?,9,-9900,?,9,16.92,E,8,9.42,E,8,61.0,E,8,872.5394,E,8,999.0,E,8,1.02,E,8,-9900,?,9,-9900,?,9,0.0,E,8,-9900,?,9,-9900,?,9,0.0,0.0,E,8
11/01/2017,19:00,0.0,1387.405,0.0,1,8,0.0,1,8,0.0,1,8,0.0,1,8,0.0,1,8,0.0,1,8,-0.0,1,8,-9900,?,9,-9900,?,9,16.26,E,8,9.35,E,8,63.0,E,8,872.5394,E,8,999.0,E,8,0.77,E,8,-9900,?,9,-9900,?,9,0.0,E,8,-9900,?,9,-9900,?,9,0.0,0.0,E,8
11/01/2017,20:00,0.0,1387.405,0.0,1,8,0.0,1,8,0.0,1,8,0.0,1,8,0.0,1,8,0.0,1,8,-0.0,1,8,-9900,?,9,-9900,?,9,15.6,E,8,9.28,E,8,66.0,E,8,872.5394,E,8,999.0,E,8,0.18,E,8,-9900,?,9,-9900,?,9,0.0,E,8,-9900,?,9,-9900,?,9,0.0,0.0,E,8
11/01/2017,21:00,0.0,1387.405,0.0,1,8,0.0,1,8,0.0,1,8,0.0,1,8,0.0,1,8,0.0,1,8,-0.0,1,8,-9900,?,9,-9900,?,9,14.94,E,8,9.21,E,8,68.0,E,8,872.5394,E,8,999.0,E,8,0.18,E,8,-9900,?,9,-9900,?,9,0.0,E,8,-9900,?,9,-9900,?,9,0.0,0.0,E,8
11/01/2017,22:00,0.0,1387.405,0.0,1,8,0.0,1,8,0.0,1,8,0.0,1,8,0.0,1,8,0.0,1,8,-0.0,1,8,-9900,?,9,-9900,?,9,14.28,E,8,9.14,E,8,71.0,E,8,872.5394,E,8,999.0,E,8,0.18,E,8,-9900,?,9,-9900,?,9,0.0,E,8,-9900,?,9,-9900,?,9,0.0,0.0,E,8
11/01/2017,23:00,0.0,1387.405,0.0,1,8,0.0,1,8,0.0,1,8,0.0,1,8,0.0,1,8,0.0,1,8,-0.0,1,8,-9900,?,9,-9900,?,9,13.62,E,8,9.07,E,8,73.0,E,8,872.5394,E,8,999.0,E,8,0.18,E,8,-9900,?,9,-9900,?,9,0.0,E,8,-9900,?,9,-9900,?,9,0.0,0.0,E,8
11/01/2017,24:00,0.0,1387.405,0.0,1,8,0.0,1,8,0.0,1,8,0.0,1,8,0.0,1,8,0.0,1,8,-0.0,1,8,-9900,?,9,-9900,?,9,12.96,E,8,9.39,E,8,78.0,E,8,872.5394,E,8,999.0,E,8,0.39,E,8,-9900,?,9,-9900,?,9,0.0,E,8,-9900,?,9,-9900,?,9,0.0,0.0,E,8
11/02/2017,01:00,0.0,1387.405,0.0,1,8,0.0,1,8,0.0,1,8,0.0,1,8,0.0,1,8,0.0,1,8,-0.0,1,8,-9900,?,9,-9900,?,9,12.62,E,8,9.32,E,8,80.0,E,8,872.5394,E,8,999.0,E,8,0.39,E,8,-9900,?,9,-9900,?,9,0.0,E,8,-9900,?,9,-9900,?,9,0.0,0.0,E,8
11/02/2017,02:00,0.0,1387.405,0.0,1,8,0.0,1,8,0.0,1,8,0.0,1,8,0.0,1,8,0.0,1,8,-0.0,1,8,-9900,?,9,-9900,?,9,12.29,E,8,9.25,E,8,81.0,E,8,872.5394,E,8,999.0,E,8,0.39,E,8,-9900,?,9,-9900,?,9,0.0,E,8,-9900,?,9,-9900,?,9,0.0,0.0,E,8
11/02/2017,03:00,0.0,1387.405,0.0,1,8,0.0,1,8,0.0,1,8,0.0,1,8,0.0,1,8,0.0,1,8,-0.0,1,8,-9900,?,9,-9900,?,9,11.96,E,8,9.18,E,8,83.0,E,8,872.5394,E,8,999.0,E,8,0.39,E,8,-9900,?,9,-9900,?,9,0.0,E,8,-9900,?,9,-9900,?,9,0.0,0.0,E,8
11/02/2017,04:00,0.0,1388.143,0.0,1,8,0.0,1,8,0.0,1,8,0.0,1,8,0.0,1,8,0.0,1,8,-0.0,1,8,-9900,?,9,-9900,?,9,11.63,E,8,9.1,E,8,84.0,E,8,872.5394,E,8,999.0,E,8,0.39,E,8,-9900,?,9,-9900,?,9,0.0,E,8,-9900,?,9,-9900,?,9,0.0,0.0,E,8
11/02/2017,05:00,0.0,1388.143,0.0,1,8,0.0,1,8,0.0,1,8,0.0,1,8,0.0,1,8,0.0,1,8,-0.0,1,8,-9900,?,9,-9900,?,9,11.34,E,8,9.04,E,8,85.0,E,8,872.5394,E,8,999.0,E,8,0.39,E,8,-9900,?,9,-9900,?,9,0.0,E,8,-9900,?,9,-9900,?,9,0.0,0.0,E,8
11/02/2017,06:00,119.001,1388.143,0.0,1,8,0.0,1,8,0.0,1,8,0.0,1,8,0.0,1,8,0.0,1,8,0.0,1,8,-9900,?,9,-9900,?,9,11.12,E,8,8.99,E,8,86.0,E,8,872.5394,E,8,999.0,E,8,0.39,E,8,-9900,?,9,-9900,?,9,0.0,E,8,-9900,?,9,-9900,?,9,0.0,0.0,E,8
11/02/2017,07:00,440.722,1388.143,80.94,1,8,0.0,1,8,80.94,1,8,9712.8,1,8,0.0,1,8,8903.4,1,8,81.359,1,8,-9900,?,9,-9900,?,9,10.9,E,8,8.95,E,8,87.0,E,8,872.5394,E,8,999.0,E,8,0.39,E,8,-9900,?,9,-9900,?,9,0.0,E,8,-9900,?,9,-9900,?,9,0.0,0.0,E,8
11/02/2017,08:00,743.432,1388.143,245.36,1,8,29.018,1,8,229.831,1,8,29443.2,1,8,2756.699,1,8,25281.358,1,8,136.699,1,8,-9900,?,9,-9900,?,9,14.1,E,8,9.63,E,8,74.0,E,8,872.5394,E,8,999.0,E,8,0.39,E,8,-9900,?,9,-9900,?,9,0.0,E,8,-9900,?,9,-9900,?,9,0.0,0.0,E,8
11/02/2017,09:00,1004.5,1388.143,402.44,1,8,56.747,1,8,361.387,1,8,48292.8,1,8,5390.981,1,8,39752.581,1,8,159.01,1,8,-9900,?,9,-9900,?,9,15.66,E,8,9.96,E,8,68.0,E,8,872.5394,E,8,999.0,E,8,0.39,E,8,-9900,?,9,-9900,?,9,0.0,E,8,-9900,?,9,-9900,?,9,0.0,0.0,E,8
11/02/2017,10:00,1205.922,1388.143,533.13,1,8,84.854,1,8,459.422,1,8,63975.6,1,8,8061.099,1,8,50536.426,1,8,168.352,1,8,-9900,?,9,-9900,?,9,17.08,E,8,10.25,E,8,64.0,E,8,872.5394,E,8,999.0,E,8,0.39,E,8,-9900,?,9,-9900,?,9,0.0,E,8,-9900,?,9,-9900,?,9,0.0,0.0,E,8
11/02/2017,11:00,1333.926,1388.143,626.71,1,8,6.364,1,8,620.595,1,8,75205.2,1,8,604.548,1,8,68265.454,1,8,205.576,1,8,-9900,?,9,-9900,?,9,18.3,E,8,10.49,E,8,60.0,E,8,872.5394,E,8,999.0,E,8,0.54,E,8,-9900,?,9,-9900,?,9,0.0,E,8,-9900,?,9,-9900,?,9,0.0,0.0,E,8
11/02/2017,12:00,1379.782,1388.143,676.21,1,8,7.333,1,8,668.922,1,8,81145.2,1,8,696.598,1,8,73581.373,1,8,214.215,1,8,-9900,?,9,-9900,?,9,19.28,E,8,10.68,E,8,57.0,E,8,872.5394,E,8,999.0,E,8,0.58,E,8,-9900,?,9,-9900,?,9,0.0,E,8,-9900,?,9,-9900,?,9,0.0,0.0,E,8
11/02/2017,13:00,1340.377,1388.143,678.04,1,8,8.574,1,8,669.762,1,8,81364.8,1,8,814.489,1,8,73673.778,1,8,220.794,1,8,-9900,?,9,-9900,?,9,19.98,E,8,10.82,E,8,55.0,E,8,872.5394,E,8,999.0,E,8,1.25,E,8,-9900,?,9,-9900,?,9,0.0,E,8,-9900,?,9,-9900,?,9,0.0,0.0,E,8
11/02/2017,14:00,1218.42,1388.143,632.1,1,8,160.659,1,8,491.096,1,8,75852.0,1,8,15262.631,1,8,54020.586,1,8,178.111,1,8,-9900,?,9,-9900,?,9,20.39,E,8,10.9,E,8,54.0,E,8,872.5394,E,8,999.0,E,8,2.23,E,8,-9900,?,9,-9900,?,9,0.0,E,8,-9900,?,9,-9900,?,9,0.0,0.0,E,8
11/02/2017,15:00,1022.26,1388.143,541.71,1,8,234.77,1,8,368.863,1,8,65005.2,1,8,22303.166,1,8,40574.906,1,8,159.476,1,8,-9900,?,9,-9900,?,9,20.52,E,8,10.93,E,8,54.0,E,8,872.5394,E,8,999.0,E,8,2.08,E,8,-9900,?,9,-9900,?,9,0.0,E,8,-9900,?,9,-9900,?,9,0.0,0.0,E,8
11/02/2017,16:00,765.338,1388.143,413.6,1,8,288.508,1,8,254.641,1,8,49632.0,1,8,27408.288,1,8,28010.479,1,8,147.113,1,8,-9900,?,9,-9900,?,9,20.26,E,8,10.88,E,8,54.0,E,8,872.5394,E,8,999.0,E,8,1.76,E,8,-9900,?,9,-9900,?,9,0.0,E,8,-9900,?,9,-9900,?,9,0.0,0.0,E,8
11/02/2017,17:00,465.375,1388.143,258.16,1,8,341.975,1,8,143.775,1,8,30979.2,1,8,32487.62,1,8,15815.264,1,8,136.823,1,8,-9900,?,9,-9900,?,9,19.58,E,8,10.74,E,8,56.0,E,8,872.5394,E,8,999.0,E,8,0.65,E,8,-9900,?,9,-9900,?,9,0.0,E,8,-9900,?,9,-9900,?,9,0.0,0.0,E,8
11/02/2017,18:00,144.396,1388.143,93.2,1,8,319.81,1,8,60.725,1,8,11184.0,1,8,30381.909,1,8,6679.772,1,8,190.355,1,8,-9900,?,9,-9900,?,9,18.55,E,8,10.54,E,8,59.0,E,8,872.5394,E,8,999.0,E,8,0.39,E,8,-9900,?,9,-9900,?,9,0.0,E,8,-9900,?,9,-9900,?,9,0.0,0.0,E,8
11/02/2017,19:00,0.0,1388.143,0.0,1,8,0.0,1,8,0.0,1,8,0.0,1,8,0.0,1,8,0.0,1,8,-0.0,1,8,-9900,?,9,-9900,?,9,17.62,E,8,10.35,E,8,62.0,E,8,872.5394,E,8,999.0,E,8,0.39,E,8,-9900,?,9,-9900,?,9,0.0,E,8,-9900,?,9,-9900,?,9,0.0,0.0,E,8
11/02/2017,20:00,0.0,1388.143,0.0,1,8,0.0,1,8,0.0,1,8,0.0,1,8,0.0,1,8,0.0,1,8,-0.0,1,8,-9900,?,9,-9900,?,9,16.69,E,8,10.17,E,8,65.0,E,8,872.5394,E,8,999.0,E,8,0.39,E,8,-9900,?,9,-9900,?,9,0.0,E,8,-9900,?,9,-9900,?,9,0.0,0.0,E,8
11/02/2017,21:00,0.0,1388.143,0.0,1,8,0.0,1,8,0.0,1,8,0.0,1,8,0.0,1,8,0.0,1,8,-0.0,1,8,-9900,?,9,-9900,?,9,15.75,E,8,9.97,E,8,68.0,E,8,872.5394,E,8,999.0,E,8,0.39,E,8,-9900,?,9,-9900,?,9,0.0,E,8,-9900,?,9,-9900,?,9,0.0,0.0,E,8
11/02/2017,22:00,0.0,1388.143,0.0,1,8,0.0,1,8,0.0,1,8,0.0,1,8,0.0,1,8,0.0,1,8,-0.0,1,8,-9900,?,9,-9900,?,9,14.82,E,8,9.78,E,8,71.0,E,8,872.5394,E,8,999.0,E,8,0.39,E,8,-9900,?,9,-9900,?,9,0.0,E,8,-9900,?,9,-9900,?,9,0.0,0.0,E,8
11/02/2017,23:00,0.0,1388.143,0.0,1,8,0.0,1,8,0.0,1,8,0.0,1,8,0.0,1,8,0.0,1,8,-0.0,1,8,-9900,?,9,-9900,?,9,13.88,E,8,9.58,E,8,75.0,E,8,872.5394,E,8,999.0,E,8,0.39,E,8,-9900,?,9,-9900,?,9,0.0,E,8,-9900,?,9,-9900,?,9,0.0,0.0,E,8
11/02/2017,24:00,0.0,1388.143,0.0,1,8,0.0,1,8,0.0,1,8,0.0,1,8,0.0,1,8,0.0,1,8,-0.0,1,8,-9900,?,9,-9900,?,9,12.95,E,8,10.17,E,8,83.0,E,8,872.5394,E,8,999.0,E,8,0.1,E,8,-9900,?,9,-9900,?,9,0.0,E,8,-9900,?,9,-9900,?,9,0.0,0.0,E,8
11/03/2017,01:00,0.0,1388.143,0.0,1,8,0.0,1,8,0.0,1,8,0.0,1,8,0.0,1,8,0.0,1,8,-0.0,1,8,-9900,?,9,-9900,?,9,12.48,E,8,10.14,E,8,85.0,E,8,872.5394,E,8,999.0,E,8,0.1,E,8,-9900,?,9,-9900,?,9,0.0,E,8,-9900,?,9,-9900,?,9,0.0,0.0,E,8
11/03/2017,02:00,0.0,1388.143,0.0,1,8,0.0,1,8,0.0,1,8,0.0,1,8,0.0,1,8,0.0,1,8,-0.0,1,8,-9900,?,9,-9900,?,9,12.02,E,8,10.12,E,8,88.0,E,8,872.5394,E,8,999.0,E,8,0.1,E,8,-9900,?,9,-9900,?,9,0.0,E,8,-9900,?,9,-9900,?,9,0.0,0.0,E,8
11/03/2017,03:00,0.0,1388.143,0.0,1,8,0.0,1,8,0.0,1,8,0.0,1,8,0.0,1,8,0.0,1,8,-0.0,1,8,-9900,?,9,-9900,?,9,11.55,E,8,10.1,E,8,90.0,E,8,872.5394,E,8,999.0,E,8,0.1,E,8,-9900,?,9,-9900,?,9,0.0,E,8,-9900,?,9,-9900,?,9,0.0,0.0,E,8
11/03/2017,04:00,0.0,1388.874,0.0,1,8,0.0,1,8,0.0,1,8,0.0,1,8,0.0,1,8,0.0,1,8,-0.0,1,8,-9900,?,9,-9900,?,9,11.08,E,8,10.07,E,8,93.0,E,8,872.5394,E,8,999.0,E,8,0.1,E,8,-9900,?,9,-9900,?,9,0.0,E,8,-9900,?,9,-9900,?,9,0.0,0.0,E,8
11/03/2017,05:00,0.0,1388.874,0.0,1,8,0.0,1,8,0.0,1,8,0.0,1,8,0.0,1,8,0.0,1,8,-0.0,1,8,-9900,?,9,-9900,?,9,10.67,E,8,10.05,E,8,95.0,E,8,872.5394,E,8,999.0,E,8,0.1,E,8,-9900,?,9,-9900,?,9,0.0,E,8,-9900,?,9,-9900,?,9,0.0,0.0,E,8
11/03/2017,06:00,121.71,1388.874,0.0,1,8,0.0,1,8,0.0,1,8,0.0,1,8,0.0,1,8,0.0,1,8,0.0,1,8,-9900,?,9,-9900,?,9,10.36,E,8,10.04,E,8,97.0,E,8,872.5394,E,8,999.0,E,8,0.1,E,8,-9900,?,9,-9900,?,9,0.0,E,8,-9900,?,9,-9900,?,9,0.0,0.0,E,8
11/03/2017,07:00,443.183,1388.874,66.23,1,8,0.0,1,8,66.23,1,8,7947.6,1,8,0.0,1,8,7285.3,1,8,66.236,1,8,-9900,?,9,-9900,?,9,10.05,E,8,10.02,E,8,99.0,E,8,872.5394,E,8,999.0,E,8,0.1,E,8,-9900,?,9,-9900,?,9,0.0,E,8,-9900,?,9,-9900,?,9,0.0,0.0,E,8
11/03/2017,08:00,745.606,1388.874,116.77,1,8,0.0,1,8,116.77,1,8,14012.4,1,8,0.0,1,8,12844.7,1,8,69.287,1,8,-9900,?,9,-9900,?,9,12.44,E,8,10.14,E,8,85.0,E,8,872.5394,E,8,999.0,E,8,0.1,E,8,-9900,?,9,-9900,?,9,0.0,E,8,-9900,?,9,-9900,?,9,0.0,0.0,E,8
11/03/2017,09:00,1006.419,1388.874,425.52,1,8,103.379,1,8,350.629,1,8,51062.4,1,8,9820.976,1,8,38569.15,1,8,154.062,1,8,-9900,?,9,-9900,?,9,15.35,E,8,10.29,E,8,71.0,E,8,872.5394,E,8,999.0,E,8,0.34,E,8,-9900,?,9,-9900,?,9,0.0,E,8,-9900,?,9,-9900,?,9,0.0,0.0,E,8
11/03/2017,10:00,1207.642,1388.874,431.25,1,8,16.351,1,8,417.034,1,8,51750.0,1,8,1553.388,1,8,45873.693,1,8,152.682,1,8,-9900,?,9,-9900,?,9,16.84,E,8,10.36,E,8,65.0,E,8,872.5394,E,8,999.0,E,8,0.81,E,8,-9900,?,9,-9900,?,9,0.0,E,8,-9900,?,9,-9900,?,9,0.0,0.0,E,8
11/03/2017,11:00,1335.514,1388.874,506.77,1,8,16.398,1,8,491.003,1,8,60812.4,1,8,1557.788,1,8,54010.286,1,8,162.539,1,8,-9900,?,9,-9900,?,9,18.13,E,8,10.42,E,8,60.0,E,8,872.5394,E,8,999.0,E,8,1.3,E,8,-9900,?,9,-9900,?,9,0.0,E,8,-9900,?,9,-9900,?,9,0.0,0.0,E,8
11/03/2017,12:00,1381.317,1388.874,546.71,1,8,18.577,1,8,528.234,1,8,65605.2,1,8,1764.81,1,8,58105.76,1,8,169.063,1,8,-9900,?,9,-9900,?,9,19.16,E,8,10.47,E,8,57.0,E,8,872.5394,E,8,999.0,E,8,1.7,E,8,-9900,?,9,-9900,?,9,0.0,E,8,-9900,?,9,-9900,?,9,0.0,0.0,E,8
11/03/2017,13:00,1341.94,1388.874,548.18,1,8,79.024,1,8,471.828,1,8,65781.6,1,8,7507.287,1,8,51901.077,1,8,155.444,1,8,-9900,?,9,-9900,?,9,19.9,E,8,10.51,E,8,54.0,E,8,872.5394,E,8,999.0,E,8,2.02,E,8,-9900,?,9,-9900,?,9,0.0,E,8,-9900,?,9,-9900,?,9,0.0,0.0,E,8
11/03/2017,14:00,1220.09,1388.874,511.1,1,8,68.953,1,8,450.532,1,8,61332.0,1,8,6550.537,1,8,49558.502,1,8,163.262,1,8,-9900,?,9,-9900,?,9,20.34,E,8,10.53,E,8,53.0,E,8,872.5394,E,8,999.0,E,8,1.78,E,8,-9900,?,9,-9900,?,9,0.0,E,8,-9900,?,9,-9900,?,9,0.0,0.0,E,8
11/03/2017,15:00,1024.108,1388.874,311.31,1,8,22.277,1,8,294.888,1,8,37357.2,1,8,2116.285,1,8,32437.678,1,8,127.33,1,8,-9900,?,9,-9900,?,9,19.93,E,8,10.51,E,8,54.0,E,8,872.5394,E,8,999.0,E,8,2.29,E,8,-9900,?,9,-9900,?,9,0.0,E,8,-9900,?,9,-9900,?,9,0.0,0.0,E,8
11/03/2017,16:00,767.424,1388.874,472.97,1,8,397.844,1,8,253.288,1,8,56756.4,1,8,37795.17,1,8,27861.627,1,8,146.01,1,8,-9900,?,9,-9900,?,9,20.32,E,8,10.53,E,8,53.0,E,8,872.5394,E,8,999.0,E,8,1.82,E,8,-9900,?,9,-9900,?,9,0.0,E,8,-9900,?,9,-9900,?,9,0.0,0.0,E,8
11/03/2017,17:00,467.739,1388.874,161.22,1,8,58.146,1,8,141.682,1,8,19346.4,1,8,5523.851,1,8,15585.049,1,8,134.218,1,8,-9900,?,9,-9900,?,9,19.38,E,8,10.48,E,8,56.0,E,8,872.5394,E,8,999.0,E,8,1.3,E,8,-9900,?,9,-9900,?,9,0.0,E,8,-9900,?,9,-9900,?,9,0.0,0.0,E,8
11/03/2017,18:00,147.021,1388.874,76.11,1,8,261.846,1,8,49.031,1,8,9133.2,1,8,24875.386,1,8,5393.408,1,8,150.916,1,8,-9900,?,9,-9900,?,9,18.29,E,8,10.43,E,8,60.0,E,8,872.5394,E,8,999.0,E,8,0.77,E,8,-9900,?,9,-9900,?,9,0.0,E,8,-9900,?,9,-9900,?,9,0.0,0.0,E,8
11/03/2017,19:00,0.0,1388.874,0.0,1,8,0.0,1,8,0.0,1,8,0.0,1,8,0.0,1,8,0.0,1,8,-0.0,1,8,-9900,?,9,-9900,?,9,17.37,E,8,10.39,E,8,63.0,E,8,872.5394,E,8,999.0,E,8,0.25,E,8,-9900,?,9,-9900,?,9,0.0,E,8,-9900,?,9,-9900,?,9,0.0,0.0,E,8
11/03/2017,20:00,0.0,1388.874,0.0,1,8,0.0,1,8,0.0,1,8,0.0,1,8,0.0,1,8,0.0,1,8,-0.0,1,8,-9900,?,9,-9900,?,9,16.46,E,8,10.34,E,8,67.0,E,8,872.5394,E,8,999.0,E,8,0.15,E,8,-9900,?,9,-9900,?,9,0.0,E,8,-9900,?,9,-9900,?,9,0.0,0.0,E,8
11/03/2017,21:00,0.0,1388.874,0.0,1,8,0.0,1,8,0.0,1,8,0.0,1,8,0.0,1,8,0.0,1,8,-0.0,1,8,-9900,?,9,-9900,?,9,15.54,E,8,10.3,E,8,70.0,E,8,872.5394,E,8,999.0,E,8,0.1,E,8,-9900,?,9,-9900,?,9,0.0,E,8,-9900,?,9,-9900,?,9,0.0,0.0,E,8
11/03/2017,22:00,0.0,1388.874,0.0,1,8,0.0,1,8,0.0,1,8,0.0,1,8,0.0,1,8,0.0,1,8,-0.0,1,8,-9900,?,9,-9900,?,9,14.62,E,8,10.25,E,8,75.0,E,8,872.5394,E,8,999.0,E,8,0.1,E,8,-9900,?,9,-9900,?,9,0.0,E,8,-9900,?,9,-9900,?,9,0.0,0.0,E,8
11/03/2017,23:00,0.0,1388.874,0.0,1,8,0.0,1,8,0.0,1,8,0.0,1,8,0.0,1,8,0.0,1,8,-0.0,1,8,-9900,?,9,-9900,?,9,13.71,E,8,10.21,E,8,79.0,E,8,872.5394,E,8,999.0,E,8,0.1,E,8,-9900,?,9,-9900,?,9,0.0,E,8,-9900,?,9,-9900,?,9,0.0,0.0,E,8
11/03/2017,24:00,0.0,1388.874,0.0,1,8,0.0,1,8,0.0,1,8,0.0,1,8,0.0,1,8,0.0,1,8,-0.0,1,8,-9900,?,9,-9900,?,9,12.79,E,8,8.27,E,8,73.0,E,8,872.5394,E,8,999.0,E,8,0.19,E,8,-9900,?,9,-9900,?,9,0.0,E,8,-9900,?,9,-9900,?,9,0.0,0.0,E,8
11/04/2017,01:00,0.0,1388.874,0.0,1,8,0.0,1,8,0.0,1,8,0.0,1,8,0.0,1,8,0.0,1,8,-0.0,1,8,-9900,?,9,-9900,?,9,12.33,E,8,8.3,E,8,76.0,E,8,872.5394,E,8,999.0,E,8,0.19,E,8,-9900,?,9,-9900,?,9,0.0,E,8,-9900,?,9,-9900,?,9,0.0,0.0,E,8
11/04/2017,02:00,0.0,1388.874,0.0,1,8,0.0,1,8,0.0,1,8,0.0,1,8,0.0,1,8,0.0,1,8,-0.0,1,8,-9900,?,9,-9900,?,9,11.87,E,8,8.32,E,8,78.0,E,8,872.5394,E,8,999.0,E,8,0.19,E,8,-9900,?,9,-9900,?,9,0.0,E,8,-9900,?,9,-9900,?,9,0.0,0.0,E,8
11/04/2017,03:00,0.0,1388.874,0.0,1,8,0.0,1,8,0.0,1,8,0.0,1,8,0.0,1,8,0.0,1,8,-0.0,1,8,-9900,?,9,-9900,?,9,11.41,E,8,8.35,E,8,81.0,E,8,872.5394,E,8,999.0,E,8,0.19,E,8,-9900,?,9,-9900,?,9,0.0,E,8,-9900,?,9,-9900,?,9,0.0,0.0,E,8
11/04/2017,04:00,0.0,1389.599,0.0,1,8,0.0,1,8,0.0,1,8,0.0,1,8,0.0,1,8,0.0,1,8,-0.0,1,8,-9900,?,9,-9900,?,9,10.96,E,8,8.37,E,8,84.0,E,8,872.5394,E,8,999.0,E,8,0.19,E,8,-9900,?,9,-9900,?,9,0.0,E,8,-9900,?,9,-9900,?,9,0.0,0.0,E,8
11/04/2017,05:00,0.0,1389.599,0.0,1,8,0.0,1,8,0.0,1,8,0.0,1,8,0.0,1,8,0.0,1,8,-0.0,1,8,-9900,?,9,-9900,?,9,10.55,E,8,8.4,E,8,86.0,E,8,872.5394,E,8,999.0,E,8,0.19,E,8,-9900,?,9,-9900,?,9,0.0,E,8,-9900,?,9,-9900,?,9,0.0,0.0,E,8
11/04/2017,06:00,124.313,1389.599,0.0,1,8,0.0,1,8,0.0,1,8,0.0,1,8,0.0,1,8,0.0,1,8,0.0,1,8,-9900,?,9,-9900,?,9,10.25,E,8,8.41,E,8,88.0,E,8,872.5394,E,8,999.0,E,8,0.19,E,8,-9900,?,9,-9900,?,9,0.0,E,8,-9900,?,9,-9900,?,9,0.0,0.0,E,8
11/04/2017,07:00,445.531,1389.599,88.86,1,8,0.0,1,8,88.86,1,8,10663.2,1,8,0.0,1,8,9774.6,1,8,88.443,1,8,-9900,?,9,-9900,?,9,9.94,E,8,8.43,E,8,90.0,E,8,872.5394,E,8,999.0,E,8,0.19,E,8,-9900,?,9,-9900,?,9,0.0,E,8,-9900,?,9,-9900,?,9,0.0,0.0,E,8
11/04/2017,08:00,747.669,1389.599,264.78,1,8,39.642,1,8,243.466,1,8,31773.6,1,8,3765.988,1,8,26781.273,1,8,144.139,1,8,-9900,?,9,-9900,?,9,13.75,E,8,8.21,E,8,69.0,E,8,872.5394,E,8,999.0,E,8,0.19,E,8,-9900,?,9,-9900,?,9,0.0,E,8,-9900,?,9,-9900,?,9,0.0,0.0,E,8
11/04/2017,09:00,1008.236,1389.599,432.71,1,8,74.848,1,8,378.418,1,8,51925.2,1,8,7110.57,1,8,41625.943,1,8,166.06,1,8,-9900,?,9,-9900,?,9,15.58,E,8,8.11,E,8,61.0,E,8,872.5394,E,8,999.0,E,8,0.19,E,8,-9900,?,9,-9900,?,9,0.0,E,8,-9900,?,9,-9900,?,9,0.0,0.0,E,8
11/04/2017,10:00,1209.27,1389.599,572.4,1,8,111.833,1,8,475.088,1,8,68688.0,1,8,10624.179,1,8,52259.721,1,8,173.793,1,8,-9900,?,9,-9900,?,9,17.25,E,8,8.01,E,8,54.0,E,8,872.5394,E,8,999.0,E,8,0.19,E,8,-9900,?,9,-9900,?,9,0.0,E,8,-9900,?,9,-9900,?,9,0.0,0.0,E,8
11/04/2017,11:00,1337.028,1389.599,672.43,1,8,8.408,1,8,664.341,1,8,80691.6,1,8,798.737,1,8,73077.456,1,8,219.786,1,8,-9900,?,9,-9900,?,9,18.68,E,8,7.93,E,8,49.0,E,8,872.5394,E,8,999.0,E,8,0.43,E,8,-9900,?,9,-9900,?,9,0.0,E,8,-9900,?,9,-9900,?,9,0.0,0.0,E,8
11/04/2017,12:00,1382.795,1389.599,725.33,1,8,9.694,1,8,715.683,1,8,87039.6,1,8,920.951,1,8,78725.16,1,8,228.931,1,8,-9900,?,9,-9900,?,9,19.83,E,8,7.86,E,8,45.0,E,8,872.5394,E,8,999.0,E,8,0.58,E,8,-9900,?,9,-9900,?,9,0.0,E,8,-9900,?,9,-9900,?,9,0.0,0.0,E,8
11/04/2017,13:00,1343.465,1389.599,727.29,1,8,11.306,1,8,716.36,1,8,87274.8,1,8,1074.056,1,8,78799.569,1,8,235.859,1,8,-9900,?,9,-9900,?,9,20.65,E,8,7.81,E,8,43.0,E,8,872.5394,E,8,999.0,E,8,1.64,E,8,-9900,?,9,-9900,?,9,0.0,E,8,-9900,?,9,-9900,?,9,0.0,0.0,E,8
11/04/2017,14:00,1221.742,1389.599,678.18,1,8,210.445,1,8,493.172,1,8,81381.6,1,8,19992.272,1,8,54248.901,1,8,178.565,1,8,-9900,?,9,-9900,?,9,21.14,E,8,7.78,E,8,42.0,E,8,872.5394,E,8,999.0,E,8,2.85,E,8,-9900,?,9,-9900,?,9,0.0,E,8,-9900,?,9,-9900,?,9,0.0,0.0,E,8
11/04/2017,15:00,1025.958,1389.599,581.57,1,8,283.316,1,8,372.445,1,8,69788.4,1,8,26915.067,1,8,40968.989,1,8,160.612,1,8,-9900,?,9,-9900,?,9,21.28,E,8,7.77,E,8,41.0,E,8,872.5394,E,8,999.0,E,8,3.29,E,8,-9900,?,9,-9900,?,9,0.0,E,8,-9900,?,9,-9900,?,9,0.0,0.0,E,8
11/04/2017,16:00,769.527,1389.599,444.63,1,8,366.342,1,8,241.893,1,8,53355.6,1,8,34802.464,1,8,26608.24,1,8,139.132,1,8,-9900,?,9,-9900,?,9,20.98,E,8,7.79,E,8,42.0,E,8,872.5394,E,8,999.0,E,8,1.94,E,8,-9900,?,9,-9900,?,9,0.0,E,8,-9900,?,9,-9900,?,9,0.0,0.0,E,8
11/04/2017,17:00,470.132,1389.599,278.47,1,8,418.651,1,8,137.149,1,8,33416.4,1,8,39771.884,1,8,15086.337,1,8,129.326,1,8,-9900,?,9,-9900,?,9,20.18,E,8,7.84,E,8,44.0,E,8,872.5394,E,8,999.0,E,8,1.27,E,8,-9900,?,9,-9900,?,9,0.0,E,8,-9900,?,9,-9900,?,9,0.0,0.0,E,8
11/04/2017,18:00,149.684,1389.599,102.0,1,8,313.5,1,8,68.985,1,8,12240.0,1,8,29782.463,1,8,7588.299,1,8,208.507,1,8,-9900,?,9,-9900,?,9,18.98,E,8,7.91,E,8,48.0,E,8,872.5394,E,8,999.0,E,8,0.75,E,8,-9900,?,9,-9900,?,9,0.0,E,8,-9900,?,9,-9900,?,9,0.0,0.0,E,8
11/04/2017,19:00,0.0,1389.599,0.0,1,8,0.0,1,8,0.0,1,8,0.0,1,8,0.0,1,8,0.0,1,8,-0.0,1,8,-9900,?,9,-9900,?,9,18.13,E,8,7.96,E,8,51.0,E,8,872.5394,E,8,999.0,E,8,0.25,E,8,-9900,?,9,-9900,?,9,0.0,E,8,-9900,?,9,-9900,?,9,0.0,0.0,E,8
11/04/2017,20:00,0.0,1389.599,0.0,1,8,0.0,1,8,0.0,1,8,0.0,1,8,0.0,1,8,0.0,1,8,-0.0,1,8,-9900,?,9,-9900,?,9,17.27,E,8,8.01,E,8,54.0,E,8,872.5394,E,8,999.0,E,8,0.19,E,8,-9900,?,9,-9900,?,9,0.0,E,8,-9900,?,9,-9900,?,9,0.0,0.0,E,8
11/04/2017,21:00,0.0,1389.599,0.0,1,8,0.0,1,8,0.0,1,8,0.0,1,8,0.0,1,8,0.0,1,8,-0.0,1,8,-9900,?,9,-9900,?,9,16.42,E,8,8.06,E,8,57.0,E,8,872.5394,E,8,999.0,E,8,0.19,E,8,-9900,?,9,-9900,?,9,0.0,E,8,-9900,?,9,-9900,?,9,0.0,0.0,E,8
11/04/2017,22:00,0.0,1389.599,0.0,1,8,0.0,1,8,0.0,1,8,0.0,1,8,0.0,1,8,0.0,1,8,-0.0,1,8,-9900,?,9,-9900,?,9,15.57,E,8,8.11,E,8,61.0,E,8,872.5394,E,8,999.0,E,8,0.19,E,8,-9900,?,9,-9900,?,9,0.0,E,8,-9900,?,9,-9900,?,9,0.0,0.0,E,8
11/04/2017,23:00,0.0,1389.599,0.0,1,8,0.0,1,8,0.0,1,8,0.0,1,8,0.0,1,8,0.0,1,8,-0.0,1,8,-9900,?,9,-9900,?,9,14.72,E,8,8.16,E,8,64.0,E,8,872.5394,E,8,999.0,E,8,0.19,E,8,-9900,?,9,-9900,?,9,0.0,E,8,-9900,?,9,-9900,?,9,0.0,0.0,E,8
11/04/2017,24:00,0.0,1389.599,0.0,1,8,0.0,1,8,0.0,1,8,0.0,1,8,0.0,1,8,0.0,1,8,-0.0,1,8,-9900,?,9,-9900,?,9,13.86,E,8,10.74,E,8,81.0,E,8,872.5394,E,8,999.0,E,8,0.28,E,8,-9900,?,9,-9900,?,9,0.0,E,8,-9900,?,9,-9900,?,9,0.0,0.0,E,8
11/05/2017,01:00,0.0,1389.599,0.0,1,8,0.0,1,8,0.0,1,8,0.0,1,8,0.0,1,8,0.0,1,8,-0.0,1,8,-9900,?,9,-9900,?,9,13.44,E,8,10.7,E,8,83.0,E,8,872.5394,E,8,999.0,E,8,0.28,E,8,-9900,?,9,-9900,?,9,0.0,E,8,-9900,?,9,-9900,?,9,0.0,0.0,E,8
11/05/2017,02:00,0.0,1389.599,0.0,1,8,0.0,1,8,0.0,1,8,0.0,1,8,0.0,1,8,0.0,1,8,-0.0,1,8,-9900,?,9,-9900,?,9,13.01,E,8,10.67,E,8,85.0,E,8,872.5394,E,8,999.0,E,8,0.28,E,8,-9900,?,9,-9900,?,9,0.0,E,8,-9900,?,9,-9900,?,9,0.0,0.0,E,8
11/05/2017,03:00,0.0,1389.599,0.0,1,8,0.0,1,8,0.0,1,8,0.0,1,8,0.0,1,8,0.0,1,8,-0.0,1,8,-9900,?,9,-9900,?,9,12.59,E,8,10.64,E,8,87.0,E,8,872.5394,E,8,999.0,E,8,0.28,E,8,-9900,?,9,-9900,?,9,0.0,E,8,-9900,?,9,-9900,?,9,0.0,0.0,E,8
11/05/2017,04:00,0.0,1390.318,0.0,1,8,0.0,1,8,0.0,1,8,0.0,1,8,0.0,1,8,0.0,1,8,-0.0,1,8,-9900,?,9,-9900,?,9,12.16,E,8,10.6,E,8,90.0,E,8,872.5394,E,8,999.0,E,8,0.28,E,8,-9900,?,9,-9900,?,9,0.0,E,8,-9900,?,9,-9900,?,9,0.0,0.0,E,8
11/05/2017,05:00,0.0,1390.318,0.0,1,8,0.0,1,8,0.0,1,8,0.0,1,8,0.0,1,8,0.0,1,8,-0.0,1,8,-9900,?,9,-9900,?,9,11.78,E,8,10.57,E,8,92.0,E,8,872.5394,E,8,999.0,E,8,0.28,E,8,-9900,?,9,-9900,?,9,0.0,E,8,-9900,?,9,-9900,?,9,0.0,0.0,E,8
11/05/2017,06:00,126.809,1390.318,0.0,1,8,0.0,1,8,0.0,1,8,0.0,1,8,0.0,1,8,0.0,1,8,0.0,1,8,-9900,?,9,-9900,?,9,11.5,E,8,10.55,E,8,93.0,E,8,872.5394,E,8,999.0,E,8,0.28,E,8,-9900,?,9,-9900,?,9,0.0,E,8,-9900,?,9,-9900,?,9,0.0,0.0,E,8
11/05/2017,07:00,447.766,1390.318,63.05,1,8,0.0,1,8,63.05,1,8,7566.0,1,8,0.0,1,8,6935.5,1,8,62.472,1,8,-9900,?,9,-9900,?,9,11.22,E,8,10.53,E,8,95.0,E,8,872.5394,E,8,999.0,E,8,0.28,E,8,-9900,?,9,-9900,?,9,0.0,E,8,-9900,?,9,-9900,?,9,0.0,0.0,E,8
11/05/2017,08:00,749.62,1390.318,186.41,1,8,7.17,1,8,182.547,1,8,22369.2,1,8,681.122,1,8,20080.176,1,8,107.847,1,8,-9900,?,9,-9900,?,9,14.17,E,8,10.76,E,8,79.0,E,8,872.5394,E,8,999.0,E,8,0.28,E,8,-9900,?,9,-9900,?,9,0.0,E,8,-9900,?,9,-9900,?,9,0.0,0.0,E,8
11/05/2017,09:00,1009.949,1390.318,304.12,1,8,6.818,1,8,299.169,1,8,36494.4,1,8,647.713,1,8,32908.543,1,8,131.128,1,8,-9900,?,9,-9900,?,9,15.58,E,8,10.87,E,8,73.0,E,8,872.5394,E,8,999.0,E,8,0.28,E,8,-9900,?,9,-9900,?,9,0.0,E,8,-9900,?,9,-9900,?,9,0.0,0.0,E,8
11/05/2017,10:00,1210.808,1390.318,402.04,1,8,17.535,1,8,386.771,1,8,48244.8,1,8,1665.782,1,8,42544.792,1,8,141.378,1,8,-9900,?,9,-9900,?,9,16.87,E,8,10.98,E,8,68.0,E,8,872.5394,E,8,999.0,E,8,0.28,E,8,-9900,?,9,-9900,?,9,0.0,E,8,-9900,?,9,-9900,?,9,0.0,0.0,E,8
11/05/2017,11:00,1338.466,1390.318,472.16,1,8,36.857,1,8,436.678,1,8,56659.2,1,8,3501.42,1,8,48034.62,1,8,144.387,1,8,-9900,?,9,-9900,?,9,17.97,E,8,11.06,E,8,63.0,E,8,872.5394,E,8,999.0,E,8,0.33,E,8,-9900,?,9,-9900,?,9,0.0,E,8,-9900,?,9,-9900,?,9,0.0,0.0,E,8
11/05/2017,12:00,1384.217,1390.318,509.25,1,8,41.264,1,8,468.168,1,8,61110.0,1,8,3920.039,1,8,51498.439,1,8,149.68,1,8,-9900,?,9,-9900,?,9,18.85,E,8,11.13,E,8,60.0,E,8,872.5394,E,8,999.0,E,8,0.84,E,8,-9900,?,9,-9900,?,9,0.0,E,8,-9900,?,9,-9900,?,9,0.0,0.0,E,8
11/05/2017,13:00,1344.955,1390.318,510.64,1,8,47.012,1,8,465.163,1,8,61276.8,1,8,4466.097,1,8,51167.96,1,8,153.063,1,8,-9900,?,9,-9900,?,9,19.49,E,8,11.18,E,8,58.0,E,8,872.5394,E,8,999.0,E,8,1.59,E,8,-9900,?,9,-9900,?,9,0.0,E,8,-9900,?,9,-9900,?,9,0.0,0.0,E,8
11/05/2017,14:00,1223.378,1390.318,476.23,1,8,40.214,1,8,440.848,1,8,57147.6,1,8,3820.304,1,8,48493.269,1,8,159.489,1,8,-9900,?,9,-9900,?,9,19.86,E,8,11.21,E,8,57.0,E,8,872.5394,E,8,999.0,E,8,2.18,E,8,-9900,?,9,-9900,?,9,0.0,E,8,-9900,?,9,-9900,?,9,0.0,0.0,E,8
11/05/2017,15:00,1027.809,1390.318,408.52,1,8,61.954,1,8,362.731,1,8,49022.4,1,8,5885.625,1,8,39900.406,1,8,156.222,1,8,-9900,?,9,-9900,?,9,19.97,E,8,11.22,E,8,57.0,E,8,872.5394,E,8,999.0,E,8,2.59,E,8,-9900,?,9,-9900,?,9,0.0,E,8,-9900,?,9,-9900,?,9,0.0,0.0,E,8
11/05/2017,16:00,771.648,1390.318,312.55,1,8,82.744,1,8,266.656,1,8,37506.0,1,8,7860.705,1,8,29332.147,1,8,153.032,1,8,-9900,?,9,-9900,?,9,19.74,E,8,11.2,E,8,57.0,E,8,872.5394,E,8,999.0,E,8,1.61,E,8,-9900,?,9,-9900,?,9,0.0,E,8,-9900,?,9,-9900,?,9,0.0,0.0,E,8
11/05/2017,17:00,472.555,1390.318,196.09,1,8,174.105,1,8,137.045,1,8,23530.8,1,8,16540.003,1,8,15074.913,1,8,128.629,1,8,-9900,?,9,-9900,?,9,19.13,E,8,11.15,E,8,59.0,E,8,872.5394,E,8,999.0,E,8,1.59,E,8,-9900,?,9,-9900,?,9,0.0,E,8,-9900,?,9,-9900,?,9,0.0,0.0,E,8
11/05/2017,18:00,152.384,1390.318,72.35,1,8,290.638,1,8,41.184,1,8,8682.0,1,8,27610.588,1,8,4530.19,1,8,122.247,1,8,-9900,?,9,-9900,?,9,18.2,E,8,11.08,E,8,63.0,E,8,872.5394,E,8,999.0,E,8,0.43,E,8,-9900,?,9,-9900,?,9,0.0,E,8,-9900,?,9,-9900,?,9,0.0,0.0,E,8
11/05/2017,19:00,0.0,1390.318,0.0,1,8,0.0,1,8,0.0,1,8,0.0,1,8,0.0,1,8,0.0,1,8,-0.0,1,8,-9900,?,9,-9900,?,9,17.4,E,8,11.02,E,8,66.0,E,8,872.5394,E,8,999.0,E,8,0.37,E,8,-9900,?,9,-9900,?,9,0.0,E,8,-9900,?,9,-9900,?,9,0.0,0.0,E,8
11/05/2017,20:00,0.0,1390.318,0.0,1,8,0.0,1,8,0.0,1,8,0.0,1,8,0.0,1,8,0.0,1,8,-0.0,1,8,-9900,?,9,-9900,?,9,16.6,E,8,10.96,E,8,69.0,E,8,872.5394,E,8,999.0,E,8,0.28,E,8,-9900,?,9,-9900,?,9,0.0,E,8,-9900,?,9,-9900,?,9,0.0,0.0,E,8
11/05/2017,21:00,0.0,1390.318,0.0,1,8,0.0,1,8,0.0,1,8,0.0,1,8,0.0,1,8,0.0,1,8,-0.0,1,8,-9900,?,9,-9900,?,9,15.8,E,8,10.89,E,8,72.0,E,8,872.5394,E,8,999.0,E,8,0.28,E,8,-9900,?,9,-9900,?,9,0.0,E,8,-9900,?,9,-9900,?,9,0.0,0.0,E,8
11/05/2017,22:00,0.0,1390.318,0.0,1,8,0.0,1,8,0.0,1,8,0.0,1,8,0.0,1,8,0.0,1,8,-0.0,1,8,-9900,?,9,-9900,?,9,15.0,E,8,10.83,E,8,76.0,E,8,872.5394,E,8,999.0,E,8,0.28,E,8,-9900,?,9,-9900,?,9,0.0,E,8,-9900,?,9,-9900,?,9,0.0,0.0,E,8
11/05/2017,23:00,0.0,1390.318,0.0,1,8,0.0,1,8,0.0,1,8,0.0,1,8,0.0,1,8,0.0,1,8,-0.0,1,8,-9900,?,9,-9900,?,9,14.2,E,8,10.77,E,8,79.0,E,8,872.5394,E,8,999.0,E,8,0.28,E,8,-9900,?,9,-9900,?,9,0.0,E,8,-9900,?,9,-9900,?,9,0.0,0.0,E,8
11/05/2017,24:00,0.0,1390.318,0.0,1,8,0.0,1,8,0.0,1,8,0.0,1,8,0.0,1,8,0.0,1,8,-0.0,1,8,-9900,?,9,-9900,?,9,13.4,E,8,10.73,E,8,83.0,E,8,872.5394,E,8,999.0,E,8,0.33,E,8,-9900,?,9,-9900,?,9,0.0,E,8,-9900,?,9,-9900,?,9,0.0,0.0,E,8
11/06/2017,01:00,0.0,1390.318,0.0,1,8,0.0,1,8,0.0,1,8,0.0,1,8,0.0,1,8,0.0,1,8,-0.0,1,8,-9900,?,9,-9900,?,9,12.99,E,8,10.6,E,8,85.0,E,8,872.5394,E,8,999.0,E,8,0.33,E,8,-9900,?,9,-9900,?,9,0.0,E,8,-9900,?,9,-9900,?,9,0.0,0.0,E,8
11/06/2017,02:00,0.0,1390.318,0.0,1,8,0.0,1,8,0.0,1,8,0.0,1,8,0.0,1,8,0.0,1,8,-0.0,1,8,-9900,?,9,-9900,?,9,12.59,E,8,10.46,E,8,86.0,E,8,872.5394,E,8,999.0,E,8,0.33,E,8,-9900,?,9,-9900,?,9,0.0,E,8,-9900,?,9,-9900,?,9,0.0,0.0,E,8
11/06/2017,03:00,0.0,1390.318,0.0,1,8,0.0,1,8,0.0,1,8,0.0,1,8,0.0,1,8,0.0,1,8,-0.0,1,8,-9900,?,9,-9900,?,9,12.19,E,8,10.32,E,8,88.0,E,8,872.5394,E,8,999.0,E,8,0.33,E,8,-9900,?,9,-9900,?,9,0.0,E,8,-9900,?,9,-9900,?,9,0.0,0.0,E,8
11/06/2017,04:00,0.0,1391.03,0.0,1,8,0.0,1,8,0.0,1,8,0.0,1,8,0.0,1,8,0.0,1,8,-0.0,1,8,-9900,?,9,-9900,?,9,11.79,E,8,10.18,E,8,89.0,E,8,872.5394,E,8,999.0,E,8,0.33,E,8,-9900,?,9,-9900,?,9,0.0,E,8,-9900,?,9,-9900,?,9,0.0,0.0,E,8
11/06/2017,05:00,0.0,1391.03,0.0,1,8,0.0,1,8,0.0,1,8,0.0,1,8,0.0,1,8,0.0,1,8,-0.0,1,8,-9900,?,9,-9900,?,9,11.44,E,8,10.06,E,8,91.0,E,8,872.5394,E,8,999.0,E,8,0.33,E,8,-9900,?,9,-9900,?,9,0.0,E,8,-9900,?,9,-9900,?,9,0.0,0.0,E,8
11/06/2017,06:00,129.196,1391.03,0.0,1,8,0.0,1,8,0.0,1,8,0.0,1,8,0.0,1,8,0.0,1,8,0.0,1,8,-9900,?,9,-9900,?,9,11.17,E,8,9.96,E,8,92.0,E,8,872.5394,E,8,999.0,E,8,0.33,E,8,-9900,?,9,-9900,?,9,0.0,E,8,-9900,?,9,-9900,?,9,0.0,0.0,E,8
11/06/2017,07:00,449.886,1391.03,80.54,1,8,0.0,1,8,80.54,1,8,9664.8,1,8,0.0,1,8,8859.4,1,8,79.464,1,8,-9900,?,9,-9900,?,9,10.91,E,8,9.87,E,8,93.0,E,8,872.5394,E,8,999.0,E,8,0.33,E,8,-9900,?,9,-9900,?,9,0.0,E,8,-9900,?,9,-9900,?,9,0.0,0.0,E,8
11/06/2017,08:00,751.46,1391.03,236.42,1,8,23.282,1,8,223.852,1,8,28370.4,1,8,2211.781,1,8,24623.679,1,8,131.993,1,8,-9900,?,9,-9900,?,9,14.05,E,8,10.95,E,8,81.0,E,8,872.5394,E,8,999.0,E,8,0.33,E,8,-9900,?,9,-9900,?,9,0.0,E,8,-9900,?,9,-9900,?,9,0.0,0.0,E,8
11/06/2017,09:00,1011.558,1391.03,385.08,1,8,70.353,1,8,333.933,1,8,46209.6,1,8,6683.535,1,8,36732.59,1,8,146.207,1,8,-9900,?,9,-9900,?,9,15.54,E,8,11.44,E,8,76.0,E,8,872.5394,E,8,999.0,E,8,0.33,E,8,-9900,?,9,-9900,?,9,0.0,E,8,-9900,?,9,-9900,?,9,0.0,0.0,E,8
11/06/2017,10:00,1212.255,1391.03,508.76,1,8,103.577,1,8,418.503,1,8,61051.2,1,8,9839.825,1,8,46035.33,1,8,152.873,1,8,-9900,?,9,-9900,?,9,16.91,E,8,11.88,E,8,72.0,E,8,872.5394,E,8,999.0,E,8,0.33,E,8,-9900,?,9,-9900,?,9,0.0,E,8,-9900,?,9,-9900,?,9,0.0,0.0,E,8
11/06/2017,11:00,1339.83,1391.03,597.34,1,8,59.299,1,8,540.225,1,8,71680.8,1,8,5633.368,1,8,59424.785,1,8,178.534,1,8,-9900,?,9,-9900,?,9,18.07,E,8,12.24,E,8,68.0,E,8,872.5394,E,8,999.0,E,8,0.48,E,8,-9900,?,9,-9900,?,9,0.0,E,8,-9900,?,9,-9900,?,9,0.0,0.0,E,8
11/06/2017,12:00,1385.583,1391.03,644.21,1,8,68.133,1,8,576.344,1,8,77305.2,1,8,6472.597,1,8,63397.878,1,8,184.178,1,8,-9900,?,9,-9900,?,9,19.0,E,8,12.52,E,8,66.0,E,8,872.5394,E,8,999.0,E,8,0.92,E,8,-9900,?,9,-9900,?,9,0.0,E,8,-9900,?,9,-9900,?,9,0.0,0.0,E,8
11/06/2017,13:00,1346.409,1391.03,645.99,1,8,79.58,1,8,568.965,1,8,77518.8,1,8,7560.069,1,8,62586.107,1,8,187.113,1,8,-9900,?,9,-9900,?,9,19.68,E,8,12.73,E,8,64.0,E,8,872.5394,E,8,999.0,E,8,1.44,E,8,-9900,?,9,-9900,?,9,0.0,E,8,-9900,?,9,-9900,?,9,0.0,0.0,E,8
11/06/2017,14:00,1224.999,1391.03,602.56,1,8,194.784,1,8,431.04,1,8,72307.2,1,8,18504.471,1,8,47414.381,1,8,155.814,1,8,-9900,?,9,-9900,?,9,20.07,E,8,12.85,E,8,63.0,E,8,872.5394,E,8,999.0,E,8,0.99,E,8,-9900,?,9,-9900,?,9,0.0,E,8,-9900,?,9,-9900,?,9,0.0,0.0,E,8
11/06/2017,15:00,1029.664,1391.03,517.07,1,8,158.414,1,8,399.837,1,8,62048.4,1,8,15049.367,1,8,43982.112,1,8,171.981,1,8,-9900,?,9,-9900,?,9,20.19,E,8,12.88,E,8,62.0,E,8,872.5394,E,8,999.0,E,8,2.02,E,8,-9900,?,9,-9900,?,9,0.0,E,8,-9900,?,9,-9900,?,9,0.0,0.0,E,8
11/06/2017,16:00,773.788,1391.03,395.88,1,8,208.341,1,8,280.062,1,8,47505.6,1,8,19792.356,1,8,30806.849,1,8,160.363,1,8,-9900,?,9,-9900,?,9,19.95,E,8,12.81,E,8,63.0,E,8,872.5394,E,8,999.0,E,8,2.47,E,8,-9900,?,9,-9900,?,9,0.0,E,8,-9900,?,9,-9900,?,9,0.0,0.0,E,8
11/06/2017,17:00,475.008,1391.03,248.81,1,8,324.942,1,8,138.092,1,8,29857.2,1,8,30869.529,1,8,15190.171,1,8,129.006,1,8,-9900,?,9,-9900,?,9,19.3,E,8,12.62,E,8,65.0,E,8,872.5394,E,8,999.0,E,8,1.53,E,8,-9900,?,9,-9900,?,9,0.0,E,8,-9900,?,9,-9900,?,9,0.0,0.0,E,8
11/06/2017,18:00,155.122,1391.03,92.48,1,8,376.478,1,8,51.375,1,8,11097.6,1,8,35765.426,1,8,5651.294,1,8,149.78,1,8,-9900,?,9,-9900,?,9,18.32,E,8,12.32,E,8,67.0,E,8,872.5394,E,8,999.0,E,8,0.62,E,8,-9900,?,9,-9900,?,9,0.0,E,8,-9900,?,9,-9900,?,9,0.0,0.0,E,8
11/06/2017,19:00,0.0,1391.03,0.0,1,8,0.0,1,8,0.0,1,8,0.0,1,8,0.0,1,8,0.0,1,8,-0.0,1,8,-9900,?,9,-9900,?,9,17.59,E,8,12.09,E,8,70.0,E,8,872.5394,E,8,999.0,E,8,0.33,E,8,-9900,?,9,-9900,?,9,0.0,E,8,-9900,?,9,-9900,?,9,0.0,0.0,E,8
11/06/2017,20:00,0.0,1391.03,0.0,1,8,0.0,1,8,0.0,1,8,0.0,1,8,0.0,1,8,0.0,1,8,-0.0,1,8,-9900,?,9,-9900,?,9,16.87,E,8,11.87,E,8,72.0,E,8,872.5394,E,8,999.0,E,8,0.33,E,8,-9900,?,9,-9900,?,9,0.0,E,8,-9900,?,9,-9900,?,9,0.0,0.0,E,8
11/06/2017,21:00,0.0,1391.03,0.0,1,8,0.0,1,8,0.0,1,8,0.0,1,8,0.0,1,8,0.0,1,8,-0.0,1,8,-9900,?,9,-9900,?,9,16.15,E,8,11.64,E,8,74.0,E,8,872.5394,E,8,999.0,E,8,0.33,E,8,-9900,?,9,-9900,?,9,0.0,E,8,-9900,?,9,-9900,?,9,0.0,0.0,E,8
11/06/2017,22:00,0.0,1391.03,0.0,1,8,0.0,1,8,0.0,1,8,0.0,1,8,0.0,1,8,0.0,1,8,-0.0,1,8,-9900,?,9,-9900,?,9,15.43,E,8,11.41,E,8,76.0,E,8,872.5394,E,8,999.0,E,8,0.33,E,8,-9900,?,9,-9900,?,9,0.0,E,8,-9900,?,9,-9900,?,9,0.0,0.0,E,8
11/06/2017,23:00,0.0,1391.03,0.0,1,8,0.0,1,8,0.0,1,8,0.0,1,8,0.0,1,8,0.0,1,8,-0.0,1,8,-9900,?,9,-9900,?,9,14.71,E,8,11.17,E,8,79.0,E,8,872.5394,E,8,999.0,E,8,0.33,E,8,-9900,?,9,-9900,?,9,0.0,E,8,-9900,?,9,-9900,?,9,0.0,0.0,E,8
11/06/2017,24:00,0.0,1391.03,0.0,1,8,0.0,1,8,0.0,1,8,0.0,1,8,0.0,1,8,0.0,1,8,-0.0,1,8,-9900,?,9,-9900,?,9,13.99,E,8,11.1,E,8,82.0,E,8,872.5394,E,8,999.0,E,8,0.17,E,8,-9900,?,9,-9900,?,9,0.0,E,8,-9900,?,9,-9900,?,9,0.0,0.0,E,8
11/07/2017,01:00,0.0,1391.03,0.0,1,8,0.0,1,8,0.0,1,8,0.0,1,8,0.0,1,8,0.0,1,8,-0.0,1,8,-9900,?,9,-9900,?,9,13.63,E,8,10.98,E,8,84.0,E,8,872.5394,E,8,999.0,E,8,0.17,E,8,-9900,?,9,-9900,?,9,0.0,E,8,-9900,?,9,-9900,?,9,0.0,0.0,E,8
11/07/2017,02:00,0.0,1391.03,0.0,1,8,0.0,1,8,0.0,1,8,0.0,1,8,0.0,1,8,0.0,1,8,-0.0,1,8,-9900,?,9,-9900,?,9,13.27,E,8,10.86,E,8,85.0,E,8,872.5394,E,8,999.0,E,8,0.17,E,8,-9900,?,9,-9900,?,9,0.0,E,8,-9900,?,9,-9900,?,9,0.0,0.0,E,8
11/07/2017,03:00,0.0,1391.03,0.0,1,8,0.0,1,8,0.0,1,8,0.0,1,8,0.0,1,8,0.0,1,8,-0.0,1,8,-9900,?,9,-9900,?,9,12.91,E,8,10.73,E,8,86.0,E,8,872.5394,E,8,999.0,E,8,0.17,E,8,-9900,?,9,-9900,?,9,0.0,E,8,-9900,?,9,-9900,?,9,0.0,0.0,E,8
11/07/2017,04:00,0.0,1391.735,0.0,1,8,0.0,1,8,0.0,1,8,0.0,1,8,0.0,1,8,0.0,1,8,-0.0,1,8,-9900,?,9,-9900,?,9,12.54,E,8,10.6,E,8,87.0,E,8,872.5394,E,8,999.0,E,8,0.17,E,8,-9900,?,9,-9900,?,9,0.0,E,8,-9900,?,9,-9900,?,9,0.0,0.0,E,8
11/07/2017,05:00,0.0,1391.735,0.0,1,8,0.0,1,8,0.0,1,8,0.0,1,8,0.0,1,8,0.0,1,8,-0.0,1,8,-9900,?,9,-9900,?,9,12.22,E,8,10.49,E,8,89.0,E,8,872.5394,E,8,999.0,E,8,0.17,E,8,-9900,?,9,-9900,?,9,0.0,E,8,-9900,?,9,-9900,?,9,0.0,0.0,E,8
11/07/2017,06:00,131.472,1391.735,0.0,1,8,0.0,1,8,0.0,1,8,0.0,1,8,0.0,1,8,0.0,1,8,0.0,1,8,-9900,?,9,-9900,?,9,11.99,E,8,10.41,E,8,90.0,E,8,872.5394,E,8,999.0,E,8,0.17,E,8,-9900,?,9,-9900,?,9,0.0,E,8,-9900,?,9,-9900,?,9,0.0,0.0,E,8
11/07/2017,07:00,451.89,1391.735,97.6,1,8,0.0,1,8,97.6,1,8,11712.0,1,8,0.0,1,8,10736.0,1,8,95.916,1,8,-9900,?,9,-9900,?,9,11.75,E,8,10.32,E,8,90.0,E,8,872.5394,E,8,999.0,E,8,0.17,E,8,-9900,?,9,-9900,?,9,0.0,E,8,-9900,?,9,-9900,?,9,0.0,0.0,E,8
11/07/2017,08:00,753.188,1391.735,319.71,1,8,110.574,1,8,259.911,1,8,38365.2,1,8,10504.5,1,8,28590.253,1,8,152.981,1,8,-9900,?,9,-9900,?,9,15.34,E,8,11.56,E,8,78.0,E,8,872.5394,E,8,999.0,E,8,0.17,E,8,-9900,?,9,-9900,?,9,0.0,E,8,-9900,?,9,-9900,?,9,0.0,0.0,E,8
11/07/2017,09:00,1013.064,1391.735,492.62,1,8,132.431,1,8,396.246,1,8,59114.4,1,8,12580.97,1,8,43587.114,1,8,173.32,1,8,-9900,?,9,-9900,?,9,16.96,E,8,12.09,E,8,72.0,E,8,872.5394,E,8,999.0,E,8,0.17,E,8,-9900,?,9,-9900,?,9,0.0,E,8,-9900,?,9,-9900,?,9,0.0,0.0,E,8
11/07/2017,10:00,1213.612,1391.735,642.51,1,8,189.204,1,8,477.537,1,8,77101.2,1,8,17974.37,1,8,52529.058,1,8,174.331,1,8,-9900,?,9,-9900,?,9,18.42,E,8,12.55,E,8,68.0,E,8,872.5394,E,8,999.0,E,8,0.17,E,8,-9900,?,9,-9900,?,9,0.0,E,8,-9900,?,9,-9900,?,9,0.0,0.0,E,8
11/07/2017,11:00,1341.121,1391.735,787.6,1,8,292.885,1,8,505.373,1,8,94512.0,1,8,27824.057,1,8,55591.047,1,8,166.94,1,8,-9900,?,9,-9900,?,9,19.8,E,8,12.98,E,8,64.0,E,8,872.5394,E,8,999.0,E,8,0.83,E,8,-9900,?,9,-9900,?,9,0.0,E,8,-9900,?,9,-9900,?,9,0.0,0.0,E,8
11/07/2017,12:00,1386.896,1391.735,832.15,1,8,310.762,1,8,522.47,1,8,99858.0,1,8,29522.363,1,8,57471.648,1,8,166.888,1,8,-9900,?,9,-9900,?,9,20.84,E,8,13.29,E,8,61.0,E,8,872.5394,E,8,999.0,E,8,1.26,E,8,-9900,?,9,-9900,?,9,0.0,E,8,-9900,?,9,-9900,?,9,0.0,0.0,E,8
11/07/2017,13:00,1347.829,1391.735,842.45,1,8,368.731,1,8,485.359,1,8,101094.0,1,8,35029.441,1,8,53389.451,1,8,159.53,1,8,-9900,?,9,-9900,?,9,21.61,E,8,13.52,E,8,59.0,E,8,872.5394,E,8,999.0,E,8,1.77,E,8,-9900,?,9,-9900,?,9,0.0,E,8,-9900,?,9,-9900,?,9,0.0,0.0,E,8
11/07/2017,14:00,1226.606,1391.735,826.44,1,8,450.213,1,8,429.678,1,8,99172.8,1,8,42770.268,1,8,47264.587,1,8,155.196,1,8,-9900,?,9,-9900,?,9,22.16,E,8,13.68,E,8,58.0,E,8,872.5394,E,8,999.0,E,8,1.5,E,8,-9900,?,9,-9900,?,9,0.0,E,8,-9900,?,9,-9900,?,9,0.0,0.0,E,8
11/07/2017,15:00,1031.524,1391.735,792.12,1,8,811.789,1,8,190.585,1,8,95054.4,1,8,77119.972,1,8,20964.325,1,8,81.869,1,8,-9900,?,9,-9900,?,9,22.51,E,8,13.78,E,8,57.0,E,8,872.5394,E,8,999.0,E,8,1.66,E,8,-9900,?,9,-9900,?,9,0.0,E,8,-9900,?,9,-9900,?,9,0.0,0.0,E,8
11/07/2017,16:00,775.947,1391.735,597.43,1,8,796.681,1,8,153.538,1,8,71691.6,1,8,75684.73,1,8,16889.135,1,8,87.715,1,8,-9900,?,9,-9900,?,9,22.43,E,8,13.76,E,8,57.0,E,8,872.5394,E,8,999.0,E,8,1.49,E,8,-9900,?,9,-9900,?,9,0.0,E,8,-9900,?,9,-9900,?,9,0.0,0.0,E,8
11/07/2017,17:00,477.492,1391.735,313.08,1,8,618.072,1,8,101.486,1,8,37569.6,1,8,58716.794,1,8,11163.453,1,8,94.361,1,8,-9900,?,9,-9900,?,9,21.61,E,8,13.52,E,8,59.0,E,8,872.5394,E,8,999.0,E,8,0.85,E,8,-9900,?,9,-9900,?,9,0.0,E,8,-9900,?,9,-9900,?,9,0.0,0.0,E,8
11/07/2017,18:00,157.898,1391.735,142.65,1,8,348.033,1,8,103.965,1,8,17118.0,1,8,33063.119,1,8,11436.121,1,8,297.722,1,8,-9900,?,9,-9900,?,9,20.5,E,8,13.19,E,8,62.0,E,8,872.5394,E,8,999.0,E,8,1.1,E,8,-9900,?,9,-9900,?,9,0.0,E,8,-9900,?,9,-9900,?,9,0.0,0.0,E,8
11/07/2017,19:00,0.0,1391.735,0.0,1,8,0.0,1,8,0.0,1,8,0.0,1,8,0.0,1,8,0.0,1,8,-0.0,1,8,-9900,?,9,-9900,?,9,19.77,E,8,12.97,E,8,64.0,E,8,872.5394,E,8,999.0,E,8,0.63,E,8,-9900,?,9,-9900,?,9,0.0,E,8,-9900,?,9,-9900,?,9,0.0,0.0,E,8
11/07/2017,20:00,0.0,1391.735,0.0,1,8,0.0,1,8,0.0,1,8,0.0,1,8,0.0,1,8,0.0,1,8,-0.0,1,8,-9900,?,9,-9900,?,9,19.04,E,8,12.74,E,8,66.0,E,8,872.5394,E,8,999.0,E,8,0.96,E,8,-9900,?,9,-9900,?,9,0.0,E,8,-9900,?,9,-9900,?,9,0.0,0.0,E,8
11/07/2017,21:00,0.0,1391.735,0.0,1,8,0.0,1,8,0.0,1,8,0.0,1,8,0.0,1,8,0.0,1,8,-0.0,1,8,-9900,?,9,-9900,?,9,18.31,E,8,12.51,E,8,68.0,E,8,872.5394,E,8,999.0,E,8,0.72,E,8,-9900,?,9,-9900,?,9,0.0,E,8,-9900,?,9,-9900,?,9,0.0,0.0,E,8
11/07/2017,22:00,0.0,1391.735,0.0,1,8,0.0,1,8,0.0,1,8,0.0,1,8,0.0,1,8,0.0,1,8,-0.0,1,8,-9900,?,9,-9900,?,9,17.58,E,8,12.28,E,8,71.0,E,8,872.5394,E,8,999.0,E,8,0.77,E,8,-9900,?,9,-9900,?,9,0.0,E,8,-9900,?,9,-9900,?,9,0.0,0.0,E,8
11/07/2017,23:00,0.0,1391.735,0.0,1,8,0.0,1,8,0.0,1,8,0.0,1,8,0.0,1,8,0.0,1,8,-0.0,1,8,-9900,?,9,-9900,?,9,16.85,E,8,12.05,E,8,73.0,E,8,872.5394,E,8,999.0,E,8,0.34,E,8,-9900,?,9,-9900,?,9,0.0,E,8,-9900,?,9,-9900,?,9,0.0,0.0,E,8
11/07/2017,24:00,0.0,1391.735,0.0,1,8,0.0,1,8,0.0,1,8,0.0,1,8,0.0,1,8,0.0,1,8,-0.0,1,8,-9900,?,9,-9900,?,9,16.12,E,8,12.38,E,8,78.0,E,8,872.5394,E,8,999.0,E,8,2.83,E,8,-9900,?,9,-9900,?,9,0.0,E,8,-9900,?,9,-9900,?,9,0.0,0.0,E,8
11/08/2017,01:00,0.0,1391.735,0.0,1,8,0.0,1,8,0.0,1,8,0.0,1,8,0.0,1,8,0.0,1,8,-0.0,1,8,-9900,?,9,-9900,?,9,15.75,E,8,12.62,E,8,81.0,E,8,872.5394,E,8,999.0,E,8,2.44,E,8,-9900,?,9,-9900,?,9,0.0,E,8,-9900,?,9,-9900,?,9,0.0,0.0,E,8
11/08/2017,02:00,0.0,1391.735,0.0,1,8,0.0,1,8,0.0,1,8,0.0,1,8,0.0,1,8,0.0,1,8,-0.0,1,8,-9900,?,9,-9900,?,9,15.39,E,8,12.86,E,8,84.0,E,8,872.5394,E,8,999.0,E,8,1.04,E,8,-9900,?,9,-9900,?,9,0.0,E,8,-9900,?,9,-9900,?,9,0.0,0.0,E,8
11/08/2017,03:00,0.0,1391.735,0.0,1,8,0.0,1,8,0.0,1,8,0.0,1,8,0.0,1,8,0.0,1,8,-0.0,1,8,-9900,?,9,-9900,?,9,15.02,E,8,13.09,E,8,88.0,E,8,872.5394,E,8,999.0,E,8,1.26,E,8,-9900,?,9,-9900,?,9,0.0,E,8,-9900,?,9,-9900,?,9,0.0,0.0,E,8
11/08/2017,04:00,0.0,1392.433,0.0,1,8,0.0,1,8,0.0,1,8,0.0,1,8,0.0,1,8,0.0,1,8,-0.0,1,8,-9900,?,9,-9900,?,9,14.65,E,8,13.32,E,8,91.0,E,8,872.5394,E,8,999.0,E,8,1.05,E,8,-9900,?,9,-9900,?,9,0.0,E,8,-9900,?,9,-9900,?,9,0.0,0.0,E,8
11/08/2017,05:00,0.0,1392.433,0.0,1,8,0.0,1,8,0.0,1,8,0.0,1,8,0.0,1,8,0.0,1,8,-0.0,1,8,-9900,?,9,-9900,?,9,14.33,E,8,13.52,E,8,94.0,E,8,872.5394,E,8,999.0,E,8,0.7,E,8,-9900,?,9,-9900,?,9,0.0,E,8,-9900,?,9,-9900,?,9,0.0,0.0,E,8
11/08/2017,06:00,133.636,1392.433,0.0,1,8,0.0,1,8,0.0,1,8,0.0,1,8,0.0,1,8,0.0,1,8,0.0,1,8,-9900,?,9,-9900,?,9,14.09,E,8,13.67,E,8,97.0,E,8,872.5394,E,8,999.0,E,8,0.7,E,8,-9900,?,9,-9900,?,9,0.0,E,8,-9900,?,9,-9900,?,9,0.0,0.0,E,8
11/08/2017,07:00,453.777,1392.433,112.61,1,8,1.849,1,8,112.009,1,8,13513.2,1,8,175.645,1,8,12320.983,1,8,109.672,1,8,-9900,?,9,-9900,?,9,13.85,E,8,13.82,E,8,99.0,E,8,872.5394,E,8,999.0,E,8,0.7,E,8,-9900,?,9,-9900,?,9,0.0,E,8,-9900,?,9,-9900,?,9,0.0,0.0,E,8
11/08/2017,08:00,754.802,1392.433,339.17,1,8,138.95,1,8,263.902,1,8,40700.4,1,8,13200.209,1,8,29029.222,1,8,155.074,1,8,-9900,?,9,-9900,?,9,16.72,E,8,11.98,E,8,73.0,E,8,872.5394,E,8,999.0,E,8,0.7,E,8,-9900,?,9,-9900,?,9,0.0,E,8,-9900,?,9,-9900,?,9,0.0,0.0,E,8
11/08/2017,09:00,1014.467,1392.433,553.82,1,8,208.24,1,8,402.145,1,8,66458.4,1,8,19782.79,1,8,44235.925,1,8,175.745,1,8,-9900,?,9,-9900,?,9,18.11,E,8,11.01,E,8,63.0,E,8,872.5394,E,8,999.0,E,8,0.77,E,8,-9900,?,9,-9900,?,9,0.0,E,8,-9900,?,9,-9900,?,9,0.0,0.0,E,8
11/08/2017,10:00,1214.88,1392.433,734.21,1,8,306.917,1,8,466.454,1,8,88105.2,1,8,29157.111,1,8,51309.907,1,8,170.192,1,8,-9900,?,9,-9900,?,9,19.38,E,8,10.07,E,8,54.0,E,8,872.5394,E,8,999.0,E,8,1.82,E,8,-9900,?,9,-9900,?,9,0.0,E,8,-9900,?,9,-9900,?,9,0.0,0.0,E,8
11/08/2017,11:00,1342.339,1392.433,900.0,1,8,362.608,1,8,550.445,1,8,108000.0,1,8,34447.795,1,8,60548.901,1,8,181.755,1,8,-9900,?,9,-9900,?,9,20.56,E,8,9.15,E,8,47.0,E,8,872.5394,E,8,999.0,E,8,2.1,E,8,-9900,?,9,-9900,?,9,0.0,E,8,-9900,?,9,-9900,?,9,0.0,0.0,E,8
11/08/2017,12:00,1388.156,1392.433,977.23,1,8,420.995,1,8,557.529,1,8,117267.6,1,8,39994.529,1,8,61328.2,1,8,178.014,1,8,-9900,?,9,-9900,?,9,21.51,E,8,8.37,E,8,42.0,E,8,872.5394,E,8,999.0,E,8,4.47,E,8,-9900,?,9,-9900,?,9,0.0,E,8,-9900,?,9,-9900,?,9,0.0,0.0,E,8
11/08/2017,13:00,1349.217,1392.433,990.46,1,8,593.237,1,8,415.646,1,8,118855.2,1,8,56357.511,1,8,45721.07,1,8,136.545,1,8,-9900,?,9,-9900,?,9,22.22,E,8,7.76,E,8,39.0,E,8,872.5394,E,8,999.0,E,8,9.21,E,8,-9900,?,9,-9900,?,9,0.0,E,8,-9900,?,9,-9900,?,9,0.0,0.0,E,8
11/08/2017,14:00,1228.2,1392.433,918.75,1,8,694.708,1,8,306.032,1,8,110250.0,1,8,65997.257,1,8,33663.544,1,8,110.448,1,8,-9900,?,9,-9900,?,9,22.63,E,8,7.4,E,8,37.0,E,8,872.5394,E,8,999.0,E,8,10.18,E,8,-9900,?,9,-9900,?,9,0.0,E,8,-9900,?,9,-9900,?,9,0.0,0.0,E,8
11/08/2017,15:00,1033.388,1392.433,793.69,1,8,817.424,1,8,187.188,1,8,95242.8,1,8,77655.239,1,8,20590.717,1,8,80.305,1,8,-9900,?,9,-9900,?,9,22.78,E,8,7.27,E,8,36.0,E,8,872.5394,E,8,999.0,E,8,9.15,E,8,-9900,?,9,-9900,?,9,0.0,E,8,-9900,?,9,-9900,?,9,0.0,0.0,E,8
11/08/2017,16:00,778.126,1392.433,601.07,1,8,827.732,1,8,138.812,1,8,72128.4,1,8,78634.547,1,8,15269.278,1,8,79.119,1,8,-9900,?,9,-9900,?,9,22.56,E,8,7.46,E,8,37.0,E,8,872.5394,E,8,999.0,E,8,5.63,E,8,-9900,?,9,-9900,?,9,0.0,E,8,-9900,?,9,-9900,?,9,0.0,0.0,E,8
11/08/2017,17:00,480.006,1392.433,378.05,1,8,767.381,1,8,114.084,1,8,45366.0,1,8,72901.186,1,8,12549.196,1,8,105.569,1,8,-9900,?,9,-9900,?,9,21.94,E,8,8.0,E,8,40.0,E,8,872.5394,E,8,999.0,E,8,3.27,E,8,-9900,?,9,-9900,?,9,0.0,E,8,-9900,?,9,-9900,?,9,0.0,0.0,E,8
11/08/2017,18:00,160.71,1392.433,141.98,1,8,369.724,1,8,100.145,1,8,17037.6,1,8,35123.815,1,8,11015.988,1,8,281.723,1,8,-9900,?,9,-9900,?,9,21.0,E,8,8.79,E,8,45.0,E,8,872.5394,E,8,999.0,E,8,2.12,E,8,-9900,?,9,-9900,?,9,0.0,E,8,-9900,?,9,-9900,?,9,0.0,0.0,E,8
11/08/2017,19:00,0.0,1392.433,0.0,1,8,0.0,1,8,0.0,1,8,0.0,1,8,0.0,1,8,0.0,1,8,-0.0,1,8,-9900,?,9,-9900,?,9,19.9,E,8,9.67,E,8,51.0,E,8,872.5394,E,8,999.0,E,8,0.7,E,8,-9900,?,9,-9900,?,9,0.0,E,8,-9900,?,9,-9900,?,9,0.0,0.0,E,8
11/08/2017,20:00,0.0,1392.433,0.0,1,8,0.0,1,8,0.0,1,8,0.0,1,8,0.0,1,8,0.0,1,8,-0.0,1,8,-9900,?,9,-9900,?,9,18.8,E,8,10.51,E,8,58.0,E,8,872.5394,E,8,999.0,E,8,0.7,E,8,-9900,?,9,-9900,?,9,0.0,E,8,-9900,?,9,-9900,?,9,0.0,0.0,E,8
11/08/2017,21:00,0.0,1392.433,0.0,1,8,0.0,1,8,0.0,1,8,0.0,1,8,0.0,1,8,0.0,1,8,-0.0,1,8,-9900,?,9,-9900,?,9,17.69,E,8,11.31,E,8,66.0,E,8,872.5394,E,8,999.0,E,8,0.7,E,8,-9900,?,9,-9900,?,9,0.0,E,8,-9900,?,9,-9900,?,9,0.0,0.0,E,8
11/08/2017,22:00,0.0,1392.433,0.0,1,8,0.0,1,8,0.0,1,8,0.0,1,8,0.0,1,8,0.0,1,8,-0.0,1,8,-9900,?,9,-9900,?,9,16.59,E,8,12.07,E,8,74.0,E,8,872.5394,E,8,999.0,E,8,0.7,E,8,-9900,?,9,-9900,?,9,0.0,E,8,-9900,?,9,-9900,?,9,0.0,0.0,E,8
11/08/2017,23:00,0.0,1392.433,0.0,1,8,0.0,1,8,0.0,1,8,0.0,1,8,0.0,1,8,0.0,1,8,-0.0,1,8,-9900,?,9,-9900,?,9,15.49,E,8,12.79,E,8,83.0,E,8,872.5394,E,8,999.0,E,8,0.7,E,8,-9900,?,9,-9900,?,9,0.0,E,8,-9900,?,9,-9900,?,9,0.0,0.0,E,8
11/08/2017,24:00,0.0,1392.433,0.0,1,8,0.0,1,8,0.0,1,8,0.0,1,8,0.0,1,8,0.0,1,8,-0.0,1,8,-9900,?,9,-9900,?,9,14.38,E,8,10.96,E,8,79.0,E,8,872.5394,E,8,999.0,E,8,0.62,E,8,-9900,?,9,-9900,?,9,0.0,E,8,-9900,?,9,-9900,?,9,0.0,0.0,E,8
11/09/2017,01:00,0.0,1392.433,0.0,1,8,0.0,1,8,0.0,1,8,0.0,1,8,0.0,1,8,0.0,1,8,-0.0,1,8,-9900,?,9,-9900,?,9,13.83,E,8,10.96,E,8,87.0,E,8,872.5394,E,8,999.0,E,8,0.62,E,8,-9900,?,9,-9900,?,9,0.009,E,8,-9900,?,9,-9900,?,9,0.09,99.0,E,8
11/09/2017,02:00,0.0,1392.433,0.0,1,8,0.0,1,8,0.0,1,8,0.0,1,8,0.0,1,8,0.0,1,8,-0.0,1,8,-9900,?,9,-9900,?,9,13.28,E,8,10.95,E,8,90.0,E,8,872.5394,E,8,999.0,E,8,0.62,E,8,-9900,?,9,-9900,?,9,0.001,E,8,-9900,?,9,-9900,?,9,0.01,99.0,E,8
11/09/2017,03:00,0.0,1392.433,0.0,1,8,0.0,1,8,0.0,1,8,0.0,1,8,0.0,1,8,0.0,1,8,-0.0,1,8,-9900,?,9,-9900,?,9,12.73,E,8,10.95,E,8,93.0,E,8,872.5394,E,8,999.0,E,8,0.68,E,8,-9900,?,9,-9900,?,9,0.015,E,8,-9900,?,9,-9900,?,9,0.15,99.0,E,8
11/09/2017,04:00,0.0,1393.124,0.0,1,8,0.0,1,8,0.0,1,8,0.0,1,8,0.0,1,8,0.0,1,8,-0.0,1,8,-9900,?,9,-9900,?,9,12.18,E,8,10.94,E,8,96.0,E,8,872.5394,E,8,999.0,E,8,1.16,E,8,-9900,?,9,-9900,?,9,0.027000000000000003,E,8,-9900,?,9,-9900,?,9,0.27,99.0,E,8
11/09/2017,05:00,0.0,1393.124,0.0,1,8,0.0,1,8,0.0,1,8,0.0,1,8,0.0,1,8,0.0,1,8,-0.0,1,8,-9900,?,9,-9900,?,9,11.69,E,8,10.94,E,8,99.0,E,8,872.5394,E,8,999.0,E,8,0.84,E,8,-9900,?,9,-9900,?,9,0.004,E,8,-9900,?,9,-9900,?,9,0.04,99.0,E,8
11/09/2017,06:00,135.685,1393.124,0.0,1,8,0.0,1,8,0.0,1,8,0.0,1,8,0.0,1,8,0.0,1,8,0.0,1,8,-9900,?,9,-9900,?,9,11.33,E,8,10.94,E,8,97.0,E,8,872.5394,E,8,999.0,E,8,0.62,E,8,-9900,?,9,-9900,?,9,0.0,E,8,-9900,?,9,-9900,?,9,0.0,0.0,E,8
11/09/2017,07:00,455.546,1393.124,34.98,1,8,0.0,1,8,34.98,1,8,4197.6,1,8,0.0,1,8,3847.8,1,8,34.133,1,8,-9900,?,9,-9900,?,9,10.96,E,8,10.93,E,8,99.0,E,8,872.5394,E,8,999.0,E,8,0.62,E,8,-9900,?,9,-9900,?,9,0.0,E,8,-9900,?,9,-9900,?,9,0.0,0.0,E,8
11/09/2017,08:00,756.304,1393.124,100.73,1,8,0.0,1,8,100.73,1,8,12087.6,1,8,0.0,1,8,11080.3,1,8,59.103,1,8,-9900,?,9,-9900,?,9,13.55,E,8,10.96,E,8,84.0,E,8,872.5394,E,8,999.0,E,8,0.62,E,8,-9900,?,9,-9900,?,9,0.0,E,8,-9900,?,9,-9900,?,9,0.0,0.0,E,8
11/09/2017,09:00,1015.766,1393.124,174.61,1,8,1.803,1,8,173.296,1,8,20953.2,1,8,171.305,1,8,19062.513,1,8,75.674,1,8,-9900,?,9,-9900,?,9,14.91,E,8,10.97,E,8,77.0,E,8,872.5394,E,8,999.0,E,8,0.62,E,8,-9900,?,9,-9900,?,9,0.0,E,8,-9900,?,9,-9900,?,9,0.0,0.0,E,8
11/09/2017,10:00,1216.058,1393.124,166.62,1,8,1.797,1,8,165.051,1,8,19994.4,1,8,170.752,1,8,18155.632,1,8,60.193,1,8,-9900,?,9,-9900,?,9,15.51,E,8,10.97,E,8,74.0,E,8,872.5394,E,8,999.0,E,8,0.62,E,8,-9900,?,9,-9900,?,9,0.0,E,8,-9900,?,9,-9900,?,9,0.0,0.0,E,8
11/09/2017,11:00,1343.487,1393.124,250.58,1,8,3.763,1,8,246.951,1,8,30069.6,1,8,357.465,1,8,27164.65,1,8,81.513,1,8,-9900,?,9,-9900,?,9,16.51,E,8,10.98,E,8,69.0,E,8,872.5394,E,8,999.0,E,8,0.62,E,8,-9900,?,9,-9900,?,9,0.0,E,8,-9900,?,9,-9900,?,9,0.0,0.0,E,8
11/09/2017,12:00,1389.363,1393.124,216.93,1,8,3.342,1,8,213.597,1,8,26031.6,1,8,317.469,1,8,23495.698,1,8,68.174,1,8,-9900,?,9,-9900,?,9,16.96,E,8,10.99,E,8,67.0,E,8,872.5394,E,8,999.0,E,8,0.62,E,8,-9900,?,9,-9900,?,9,0.0,E,8,-9900,?,9,-9900,?,9,0.0,0.0,E,8
11/09/2017,13:00,1350.573,1393.124,277.4,1,8,4.065,1,8,273.459,1,8,33288.0,1,8,386.15,1,8,30080.543,1,8,89.789,1,8,-9900,?,9,-9900,?,9,17.62,E,8,10.99,E,8,65.0,E,8,872.5394,E,8,999.0,E,8,0.62,E,8,-9900,?,9,-9900,?,9,0.0,E,8,-9900,?,9,-9900,?,9,0.0,0.0,E,8
11/09/2017,14:00,1229.782,1393.124,305.03,1,8,2.149,1,8,303.133,1,8,36603.6,1,8,204.174,1,8,33344.625,1,8,109.315,1,8,-9900,?,9,-9900,?,9,18.24,E,8,11.0,E,8,62.0,E,8,872.5394,E,8,999.0,E,8,0.62,E,8,-9900,?,9,-9900,?,9,0.0,E,8,-9900,?,9,-9900,?,9,0.0,0.0,E,8
11/09/2017,15:00,1035.258,1393.124,292.1,1,8,8.661,1,8,285.666,1,8,35052.0,1,8,822.76,1,8,31423.221,1,8,122.392,1,8,-9900,?,9,-9900,?,9,18.67,E,8,11.0,E,8,60.0,E,8,872.5394,E,8,999.0,E,8,0.62,E,8,-9900,?,9,-9900,?,9,0.0,E,8,-9900,?,9,-9900,?,9,0.0,0.0,E,8
11/09/2017,16:00,780.325,1393.124,217.53,1,8,9.489,1,8,212.218,1,8,26103.6,1,8,901.491,1,8,23343.997,1,8,120.677,1,8,-9900,?,9,-9900,?,9,18.73,E,8,11.0,E,8,60.0,E,8,872.5394,E,8,999.0,E,8,0.62,E,8,-9900,?,9,-9900,?,9,0.0,E,8,-9900,?,9,-9900,?,9,0.0,0.0,E,8
11/09/2017,17:00,482.551,1393.124,113.43,1,8,0.0,1,8,113.43,1,8,13611.6,1,8,0.0,1,8,12477.3,1,8,104.46,1,8,-9900,?,9,-9900,?,9,18.2,E,8,11.0,E,8,62.0,E,8,872.5394,E,8,999.0,E,8,0.62,E,8,-9900,?,9,-9900,?,9,0.0,E,8,-9900,?,9,-9900,?,9,0.0,0.0,E,8
11/09/2017,18:00,163.559,1393.124,40.42,1,8,4.508,1,8,39.901,1,8,4850.4,1,8,428.236,1,8,4389.092,1,8,110.277,1,8,-9900,?,9,-9900,?,9,17.36,E,8,10.99,E,8,71.0,E,8,872.5394,E,8,999.0,E,8,0.62,E,8,-9900,?,9,-9900,?,9,0.006,E,8,-9900,?,9,-9900,?,9,0.06,99.0,E,8
11/09/2017,19:00,0.0,1393.124,0.0,1,8,0.0,1,8,0.0,1,8,0.0,1,8,0.0,1,8,0.0,1,8,-0.0,1,8,-9900,?,9,-9900,?,9,16.6,E,8,10.98,E,8,74.0,E,8,872.5394,E,8,999.0,E,8,0.62,E,8,-9900,?,9,-9900,?,9,0.001,E,8,-9900,?,9,-9900,?,9,0.01,99.0,E,8
11/09/2017,20:00,0.0,1393.124,0.0,1,8,0.0,1,8,0.0,1,8,0.0,1,8,0.0,1,8,0.0,1,8,-0.0,1,8,-9900,?,9,-9900,?,9,15.84,E,8,10.98,E,8,72.0,E,8,872.5394,E,8,999.0,E,8,0.62,E,8,-9900,?,9,-9900,?,9,0.0,E,8,-9900,?,9,-9900,?,9,0.0,0.0,E,8
11/09/2017,21:00,0.0,1393.124,0.0,1,8,0.0,1,8,0.0,1,8,0.0,1,8,0.0,1,8,0.0,1,8,-0.0,1,8,-9900,?,9,-9900,?,9,15.07,E,8,10.97,E,8,81.0,E,8,872.5394,E,8,999.0,E,8,0.62,E,8,-9900,?,9,-9900,?,9,0.002,E,8,-9900,?,9,-9900,?,9,0.02,99.0,E,8
11/09/2017,22:00,0.0,1393.124,0.0,1,8,0.0,1,8,0.0,1,8,0.0,1,8,0.0,1,8,0.0,1,8,-0.0,1,8,-9900,?,9,-9900,?,9,14.31,E,8,10.96,E,8,85.0,E,8,872.5394,E,8,999.0,E,8,0.62,E,8,-9900,?,9,-9900,?,9,0.003,E,8,-9900,?,9,-9900,?,9,0.03,99.0,E,8
11/09/2017,23:00,0.0,1393.124,0.0,1,8,0.0,1,8,0.0,1,8,0.0,1,8,0.0,1,8,0.0,1,8,-0.0,1,8,-9900,?,9,-9900,?,9,13.55,E,8,10.96,E,8,94.0,E,8,872.5394,E,8,999.0,E,8,0.62,E,8,-9900,?,9,-9900,?,9,0.43200000000000005,E,8,-9900,?,9,-9900,?,9,4.32,99.0,E,8
11/09/2017,24:00,0.0,1393.124,0.0,1,8,0.0,1,8,0.0,1,8,0.0,1,8,0.0,1,8,0.0,1,8,-0.0,1,8,-9900,?,9,-9900,?,9,12.79,E,8,8.37,E,8,74.0,E,8,872.5394,E,8,999.0,E,8,0.24,E,8,-9900,?,9,-9900,?,9,0.0,E,8,-9900,?,9,-9900,?,9,0.0,0.0,E,8
11/10/2017,01:00,0.0,1393.124,0.0,1,8,0.0,1,8,0.0,1,8,0.0,1,8,0.0,1,8,0.0,1,8,-0.0,1,8,-9900,?,9,-9900,?,9,12.41,E,8,8.37,E,8,76.0,E,8,872.5394,E,8,999.0,E,8,0.24,E,8,-9900,?,9,-9900,?,9,0.0,E,8,-9900,?,9,-9900,?,9,0.0,0.0,E,8
11/10/2017,02:00,0.0,1393.124,0.0,1,8,0.0,1,8,0.0,1,8,0.0,1,8,0.0,1,8,0.0,1,8,-0.0,1,8,-9900,?,9,-9900,?,9,12.03,E,8,8.36,E,8,78.0,E,8,872.5394,E,8,999.0,E,8,0.24,E,8,-9900,?,9,-9900,?,9,0.0,E,8,-9900,?,9,-9900,?,9,0.0,0.0,E,8
11/10/2017,03:00,0.0,1393.124,0.0,1,8,0.0,1,8,0.0,1,8,0.0,1,8,0.0,1,8,0.0,1,8,-0.0,1,8,-9900,?,9,-9900,?,9,11.65,E,8,8.35,E,8,80.0,E,8,872.5394,E,8,999.0,E,8,0.24,E,8,-9900,?,9,-9900,?,9,0.0,E,8,-9900,?,9,-9900,?,9,0.0,0.0,E,8
11/10/2017,04:00,0.0,1393.807,0.0,1,8,0.0,1,8,0.0,1,8,0.0,1,8,0.0,1,8,0.0,1,8,-0.0,1,8,-9900,?,9,-9900,?,9,11.27,E,8,8.35,E,8,82.0,E,8,872.5394,E,8,999.0,E,8,0.24,E,8,-9900,?,9,-9900,?,9,0.0,E,8,-9900,?,9,-9900,?,9,0.0,0.0,E,8
11/10/2017,05:00,0.0,1393.807,0.0,1,8,0.0,1,8,0.0,1,8,0.0,1,8,0.0,1,8,0.0,1,8,-0.0,1,8,-9900,?,9,-9900,?,9,10.93,E,8,8.34,E,8,84.0,E,8,872.5394,E,8,999.0,E,8,0.24,E,8,-9900,?,9,-9900,?,9,0.0,E,8,-9900,?,9,-9900,?,9,0.0,0.0,E,8
11/10/2017,06:00,137.618,1393.807,0.0,1,8,0.0,1,8,0.0,1,8,0.0,1,8,0.0,1,8,0.0,1,8,0.0,1,8,-9900,?,9,-9900,?,9,10.68,E,8,8.34,E,8,85.0,E,8,872.5394,E,8,999.0,E,8,0.24,E,8,-9900,?,9,-9900,?,9,0.0,E,8,-9900,?,9,-9900,?,9,0.0,0.0,E,8
11/10/2017,07:00,457.196,1393.807,129.76,1,8,15.635,1,8,124.644,1,8,15571.2,1,8,1485.367,1,8,13710.794,1,8,121.245,1,8,-9900,?,9,-9900,?,9,10.43,E,8,8.33,E,8,86.0,E,8,872.5394,E,8,999.0,E,8,0.24,E,8,-9900,?,9,-9900,?,9,0.0,E,8,-9900,?,9,-9900,?,9,0.0,0.0,E,8
11/10/2017,08:00,757.692,1393.807,360.82,1,8,167.456,1,8,269.852,1,8,43298.4,1,8,15908.328,1,8,29683.737,1,8,158.121,1,8,-9900,?,9,-9900,?,9,13.98,E,8,8.39,E,8,69.0,E,8,872.5394,E,8,999.0,E,8,0.24,E,8,-9900,?,9,-9900,?,9,0.0,E,8,-9900,?,9,-9900,?,9,0.0,0.0,E,8
11/10/2017,09:00,1016.963,1393.807,574.49,1,8,281.05,1,8,369.48,1,8,68938.8,1,8,26699.743,1,8,40642.855,1,8,161.232,1,8,-9900,?,9,-9900,?,9,15.58,E,8,8.42,E,8,62.0,E,8,872.5394,E,8,999.0,E,8,0.24,E,8,-9900,?,9,-9900,?,9,0.0,E,8,-9900,?,9,-9900,?,9,0.0,0.0,E,8
11/10/2017,10:00,1217.148,1393.807,748.5,1,8,337.36,1,8,453.926,1,8,89820.0,1,8,32049.232,1,8,49931.806,1,8,165.475,1,8,-9900,?,9,-9900,?,9,17.0,E,8,8.44,E,8,57.0,E,8,872.5394,E,8,999.0,E,8,0.24,E,8,-9900,?,9,-9900,?,9,0.0,E,8,-9900,?,9,-9900,?,9,0.0,0.0,E,8
11/10/2017,11:00,1344.563,1393.807,858.99,1,8,379.764,1,8,492.651,1,8,103078.8,1,8,36077.586,1,8,54191.63,1,8,162.563,1,8,-9900,?,9,-9900,?,9,18.18,E,8,8.46,E,8,53.0,E,8,872.5394,E,8,999.0,E,8,0.43,E,8,-9900,?,9,-9900,?,9,0.0,E,8,-9900,?,9,-9900,?,9,0.0,0.0,E,8
11/10/2017,12:00,1390.52,1393.807,957.64,1,8,396.321,1,8,562.254,1,8,114916.8,1,8,37650.494,1,8,61847.949,1,8,179.394,1,8,-9900,?,9,-9900,?,9,19.2,E,8,8.48,E,8,49.0,E,8,872.5394,E,8,999.0,E,8,1.88,E,8,-9900,?,9,-9900,?,9,0.0,E,8,-9900,?,9,-9900,?,9,0.0,0.0,E,8
11/10/2017,13:00,1351.899,1393.807,945.96,1,8,449.751,1,8,509.74,1,8,113515.2,1,8,42726.327,1,8,56071.396,1,8,167.288,1,8,-9900,?,9,-9900,?,9,19.91,E,8,8.49,E,8,47.0,E,8,872.5394,E,8,999.0,E,8,1.54,E,8,-9900,?,9,-9900,?,9,0.0,E,8,-9900,?,9,-9900,?,9,0.0,0.0,E,8
11/10/2017,14:00,1231.354,1393.807,843.8,1,8,440.833,1,8,454.379,1,8,101256.0,1,8,41879.175,1,8,49981.744,1,8,163.729,1,8,-9900,?,9,-9900,?,9,20.25,E,8,8.5,E,8,46.0,E,8,872.5394,E,8,999.0,E,8,2.0,E,8,-9900,?,9,-9900,?,9,0.0,E,8,-9900,?,9,-9900,?,9,0.0,0.0,E,8
11/10/2017,15:00,1037.135,1393.807,736.67,1,8,650.139,1,8,253.015,1,8,88400.4,1,8,61763.192,1,8,27831.639,1,8,108.26,1,8,-9900,?,9,-9900,?,9,20.35,E,8,8.5,E,8,46.0,E,8,872.5394,E,8,999.0,E,8,2.4,E,8,-9900,?,9,-9900,?,9,0.0,E,8,-9900,?,9,-9900,?,9,0.0,0.0,E,8
11/10/2017,16:00,782.545,1393.807,539.12,1,8,712.432,1,8,139.384,1,8,64694.4,1,8,67681.039,1,8,15332.226,1,8,79.074,1,8,-9900,?,9,-9900,?,9,19.99,E,8,8.49,E,8,47.0,E,8,872.5394,E,8,999.0,E,8,1.81,E,8,-9900,?,9,-9900,?,9,0.0,E,8,-9900,?,9,-9900,?,9,0.0,0.0,E,8
11/10/2017,17:00,485.125,1393.807,329.89,1,8,694.209,1,8,88.773,1,8,39586.8,1,8,65949.869,1,8,9765.071,1,8,81.357,1,8,-9900,?,9,-9900,?,9,19.23,E,8,8.48,E,8,49.0,E,8,872.5394,E,8,999.0,E,8,1.62,E,8,-9900,?,9,-9900,?,9,0.0,E,8,-9900,?,9,-9900,?,9,0.0,0.0,E,8
11/10/2017,18:00,166.443,1393.807,128.89,1,8,351.756,1,8,87.658,1,8,15466.8,1,8,33416.786,1,8,9642.41,1,8,238.041,1,8,-9900,?,9,-9900,?,9,18.18,E,8,8.46,E,8,53.0,E,8,872.5394,E,8,999.0,E,8,0.24,E,8,-9900,?,9,-9900,?,9,0.0,E,8,-9900,?,9,-9900,?,9,0.0,0.0,E,8
11/10/2017,19:00,0.0,1393.807,0.09,1,8,0.0,1,8,0.0,1,8,10.8,1,8,0.0,1,8,0.0,1,8,-0.0,1,8,-9900,?,9,-9900,?,9,17.33,E,8,8.45,E,8,55.0,E,8,872.5394,E,8,999.0,E,8,0.24,E,8,-9900,?,9,-9900,?,9,0.0,E,8,-9900,?,9,-9900,?,9,0.0,0.0,E,8
11/10/2017,20:00,0.0,1393.807,0.0,1,8,0.0,1,8,0.0,1,8,0.0,1,8,0.0,1,8,0.0,1,8,-0.0,1,8,-9900,?,9,-9900,?,9,16.47,E,8,8.43,E,8,58.0,E,8,872.5394,E,8,999.0,E,8,0.24,E,8,-9900,?,9,-9900,?,9,0.0,E,8,-9900,?,9,-9900,?,9,0.0,0.0,E,8
11/10/2017,21:00,0.0,1393.807,0.0,1,8,0.0,1,8,0.0,1,8,0.0,1,8,0.0,1,8,0.0,1,8,-0.0,1,8,-9900,?,9,-9900,?,9,15.62,E,8,8.42,E,8,62.0,E,8,872.5394,E,8,999.0,E,8,0.24,E,8,-9900,?,9,-9900,?,9,0.0,E,8,-9900,?,9,-9900,?,9,0.0,0.0,E,8
11/10/2017,22:00,0.0,1393.807,0.0,1,8,0.0,1,8,0.0,1,8,0.0,1,8,0.0,1,8,0.0,1,8,-0.0,1,8,-9900,?,9,-9900,?,9,14.76,E,8,8.41,E,8,65.0,E,8,872.5394,E,8,999.0,E,8,0.24,E,8,-9900,?,9,-9900,?,9,0.0,E,8,-9900,?,9,-9900,?,9,0.0,0.0,E,8
11/10/2017,23:00,0.0,1393.807,0.0,1,8,0.0,1,8,0.0,1,8,0.0,1,8,0.0,1,8,0.0,1,8,-0.0,1,8,-9900,?,9,-9900,?,9,13.91,E,8,8.39,E,8,69.0,E,8,872.5394,E,8,999.0,E,8,0.24,E,8,-9900,?,9,-9900,?,9,0.0,E,8,-9900,?,9,-9900,?,9,0.0,0.0,E,8
11/10/2017,24:00,0.0,1393.807,0.0,1,8,0.0,1,8,0.0,1,8,0.0,1,8,0.0,1,8,0.0,1,8,-0.0,1,8,-9900,?,9,-9900,?,9,13.05,E,8,8.44,E,8,73.0,E,8,872.5394,E,8,999.0,E,8,0.13,E,8,-9900,?,9,-9900,?,9,0.0,E,8,-9900,?,9,-9900,?,9,0.0,0.0,E,8
11/11/2017,01:00,0.0,1393.807,0.0,1,8,0.0,1,8,0.0,1,8,0.0,1,8,0.0,1,8,0.0,1,8,-0.0,1,8,-9900,?,9,-9900,?,9,12.63,E,8,8.53,E,8,76.0,E,8,872.5394,E,8,999.0,E,8,0.13,E,8,-9900,?,9,-9900,?,9,0.0,E,8,-9900,?,9,-9900,?,9,0.0,0.0,E,8
11/11/2017,02:00,0.0,1393.807,0.0,1,8,0.0,1,8,0.0,1,8,0.0,1,8,0.0,1,8,0.0,1,8,-0.0,1,8,-9900,?,9,-9900,?,9,12.2,E,8,8.61,E,8,78.0,E,8,872.5394,E,8,999.0,E,8,0.13,E,8,-9900,?,9,-9900,?,9,0.0,E,8,-9900,?,9,-9900,?,9,0.0,0.0,E,8
11/11/2017,03:00,0.0,1393.807,0.0,1,8,0.0,1,8,0.0,1,8,0.0,1,8,0.0,1,8,0.0,1,8,-0.0,1,8,-9900,?,9,-9900,?,9,11.77,E,8,8.7,E,8,81.0,E,8,872.5394,E,8,999.0,E,8,0.13,E,8,-9900,?,9,-9900,?,9,0.0,E,8,-9900,?,9,-9900,?,9,0.0,0.0,E,8
11/11/2017,04:00,0.0,1394.482,0.0,1,8,0.0,1,8,0.0,1,8,0.0,1,8,0.0,1,8,0.0,1,8,-0.0,1,8,-9900,?,9,-9900,?,9,11.35,E,8,8.79,E,8,84.0,E,8,872.5394,E,8,999.0,E,8,0.13,E,8,-9900,?,9,-9900,?,9,0.0,E,8,-9900,?,9,-9900,?,9,0.0,0.0,E,8
11/11/2017,05:00,0.0,1394.482,0.0,1,8,0.0,1,8,0.0,1,8,0.0,1,8,0.0,1,8,0.0,1,8,-0.0,1,8,-9900,?,9,-9900,?,9,10.97,E,8,8.86,E,8,86.0,E,8,872.5394,E,8,999.0,E,8,0.13,E,8,-9900,?,9,-9900,?,9,0.0,E,8,-9900,?,9,-9900,?,9,0.0,0.0,E,8
11/11/2017,06:00,139.435,1394.482,0.0,1,8,0.0,1,8,0.0,1,8,0.0,1,8,0.0,1,8,0.0,1,8,0.0,1,8,-9900,?,9,-9900,?,9,10.68,E,8,8.92,E,8,88.0,E,8,872.5394,E,8,999.0,E,8,0.14,E,8,-9900,?,9,-9900,?,9,0.0,E,8,-9900,?,9,-9900,?,9,0.0,0.0,E,8
11/11/2017,07:00,458.728,1394.482,95.59,1,8,0.0,1,8,95.59,1,8,11470.8,1,8,0.0,1,8,10514.9,1,8,92.717,1,8,-9900,?,9,-9900,?,9,10.4,E,8,8.98,E,8,90.0,E,8,872.5394,E,8,999.0,E,8,0.21,E,8,-9900,?,9,-9900,?,9,0.0,E,8,-9900,?,9,-9900,?,9,0.0,0.0,E,8
11/11/2017,08:00,758.967,1394.482,167.9,1,8,3.981,1,8,165.735,1,8,20148.0,1,8,378.16,1,8,18230.849,1,8,96.997,1,8,-9900,?,9,-9900,?,9,13.02,E,8,8.45,E,8,73.0,E,8,872.5394,E,8,999.0,E,8,0.27,E,8,-9900,?,9,-9900,?,9,0.0,E,8,-9900,?,9,-9900,?,9,0.0,0.0,E,8
11/11/2017,09:00,1018.057,1394.482,261.99,1,8,6.044,1,8,257.579,1,8,31438.8,1,8,574.166,1,8,28333.663,1,8,112.334,1,8,-9900,?,9,-9900,?,9,13.89,E,8,8.27,E,8,68.0,E,8,872.5394,E,8,999.0,E,8,0.54,E,8,-9900,?,9,-9900,?,9,0.0,E,8,-9900,?,9,-9900,?,9,0.0,0.0,E,8
11/11/2017,10:00,1218.151,1394.482,581.35,1,8,140.251,1,8,458.845,1,8,69762.0,1,8,13323.877,1,8,50472.896,1,8,167.212,1,8,-9900,?,9,-9900,?,9,15.91,E,8,7.84,E,8,58.0,E,8,872.5394,E,8,999.0,E,8,0.78,E,8,-9900,?,9,-9900,?,9,0.0,E,8,-9900,?,9,-9900,?,9,0.0,0.0,E,8
11/11/2017,11:00,1345.57,1394.482,681.98,1,8,8.686,1,8,673.599,1,8,81837.6,1,8,825.201,1,8,74095.838,1,8,222.212,1,8,-9900,?,9,-9900,?,9,17.52,E,8,7.5,E,8,51.0,E,8,872.5394,E,8,999.0,E,8,1.0,E,8,-9900,?,9,-9900,?,9,0.0,E,8,-9900,?,9,-9900,?,9,0.0,0.0,E,8
11/11/2017,12:00,1391.628,1394.482,735.39,1,8,10.003,1,8,725.407,1,8,88246.8,1,8,950.29,1,8,79794.817,1,8,231.378,1,8,-9900,?,9,-9900,?,9,18.78,E,8,7.22,E,8,46.0,E,8,872.5394,E,8,999.0,E,8,0.78,E,8,-9900,?,9,-9900,?,9,0.0,E,8,-9900,?,9,-9900,?,9,0.0,0.0,E,8
11/11/2017,13:00,1353.195,1394.482,737.74,1,8,11.638,1,8,726.447,1,8,88528.8,1,8,1105.617,1,8,79909.137,1,8,238.295,1,8,-9900,?,9,-9900,?,9,19.68,E,8,7.02,E,8,43.0,E,8,872.5394,E,8,999.0,E,8,1.58,E,8,-9900,?,9,-9900,?,9,0.0,E,8,-9900,?,9,-9900,?,9,0.0,0.0,E,8
11/11/2017,14:00,1232.915,1394.482,688.86,1,8,215.735,1,8,498.136,1,8,82663.2,1,8,20494.794,1,8,54794.996,1,8,179.355,1,8,-9900,?,9,-9900,?,9,20.23,E,8,6.9,E,8,41.0,E,8,872.5394,E,8,999.0,E,8,1.68,E,8,-9900,?,9,-9900,?,9,0.0,E,8,-9900,?,9,-9900,?,9,0.0,0.0,E,8
11/11/2017,15:00,1039.018,1394.482,592.3,1,8,288.49,1,8,377.399,1,8,71076.0,1,8,27406.59,1,8,41513.835,1,8,161.266,1,8,-9900,?,9,-9900,?,9,20.45,E,8,6.85,E,8,41.0,E,8,872.5394,E,8,999.0,E,8,2.47,E,8,-9900,?,9,-9900,?,9,0.0,E,8,-9900,?,9,-9900,?,9,0.0,0.0,E,8
11/11/2017,16:00,784.785,1394.482,455.25,1,8,368.996,1,8,247.718,1,8,54630.0,1,8,35054.6,1,8,27249.004,1,8,140.199,1,8,-9900,?,9,-9900,?,9,20.28,E,8,6.89,E,8,41.0,E,8,872.5394,E,8,999.0,E,8,1.94,E,8,-9900,?,9,-9900,?,9,0.0,E,8,-9900,?,9,-9900,?,9,0.0,0.0,E,8
11/11/2017,17:00,487.73,1394.482,288.78,1,8,432.28,1,8,137.902,1,8,34653.6,1,8,41066.602,1,8,15169.171,1,8,125.764,1,8,-9900,?,9,-9900,?,9,19.63,E,8,7.03,E,8,43.0,E,8,872.5394,E,8,999.0,E,8,1.54,E,8,-9900,?,9,-9900,?,9,0.0,E,8,-9900,?,9,-9900,?,9,0.0,0.0,E,8
11/11/2017,18:00,169.362,1394.482,111.36,1,8,339.658,1,8,70.844,1,8,13363.2,1,8,32267.481,1,8,7792.832,1,8,189.046,1,8,-9900,?,9,-9900,?,9,18.59,E,8,7.26,E,8,47.0,E,8,872.5394,E,8,999.0,E,8,0.9,E,8,-9900,?,9,-9900,?,9,0.0,E,8,-9900,?,9,-9900,?,9,0.0,0.0,E,8
11/11/2017,19:00,0.0,1394.482,0.11,1,8,0.0,1,8,0.0,1,8,13.2,1,8,0.0,1,8,0.0,1,8,-0.0,1,8,-9900,?,9,-9900,?,9,17.97,E,8,7.4,E,8,49.0,E,8,872.5394,E,8,999.0,E,8,0.27,E,8,-9900,?,9,-9900,?,9,0.0,E,8,-9900,?,9,-9900,?,9,0.0,0.0,E,8
11/11/2017,20:00,0.0,1394.482,0.0,1,8,0.0,1,8,0.0,1,8,0.0,1,8,0.0,1,8,0.0,1,8,-0.0,1,8,-9900,?,9,-9900,?,9,17.35,E,8,7.53,E,8,52.0,E,8,872.5394,E,8,999.0,E,8,0.25,E,8,-9900,?,9,-9900,?,9,0.0,E,8,-9900,?,9,-9900,?,9,0.0,0.0,E,8
11/11/2017,21:00,0.0,1394.482,0.0,1,8,0.0,1,8,0.0,1,8,0.0,1,8,0.0,1,8,0.0,1,8,-0.0,1,8,-9900,?,9,-9900,?,9,16.73,E,8,7.67,E,8,55.0,E,8,872.5394,E,8,999.0,E,8,0.29,E,8,-9900,?,9,-9900,?,9,0.0,E,8,-9900,?,9,-9900,?,9,0.0,0.0,E,8
11/11/2017,22:00,0.0,1394.482,0.0,1,8,0.0,1,8,0.0,1,8,0.0,1,8,0.0,1,8,0.0,1,8,-0.0,1,8,-9900,?,9,-9900,?,9,16.11,E,8,7.8,E,8,57.0,E,8,872.5394,E,8,999.0,E,8,0.22,E,8,-9900,?,9,-9900,?,9,0.0,E,8,-9900,?,9,-9900,?,9,0.0,0.0,E,8
11/11/2017,23:00,0.0,1394.482,0.0,1,8,0.0,1,8,0.0,1,8,0.0,1,8,0.0,1,8,0.0,1,8,-0.0,1,8,-9900,?,9,-9900,?,9,15.49,E,8,7.93,E,8,60.0,E,8,872.5394,E,8,999.0,E,8,0.14,E,8,-9900,?,9,-9900,?,9,0.0,E,8,-9900,?,9,-9900,?,9,0.0,0.0,E,8
11/11/2017,24:00,0.0,1394.482,0.0,1,8,0.0,1,8,0.0,1,8,0.0,1,8,0.0,1,8,0.0,1,8,-0.0,1,8,-9900,?,9,-9900,?,9,14.87,E,8,11.2,E,8,78.0,E,8,872.5394,E,8,999.0,E,8,4.29,E,8,-9900,?,9,-9900,?,9,0.0,E,8,-9900,?,9,-9900,?,9,0.0,0.0,E,8
11/12/2017,01:00,0.0,1394.482,0.0,1,8,0.0,1,8,0.0,1,8,0.0,1,8,0.0,1,8,0.0,1,8,-0.0,1,8,-9900,?,9,-9900,?,9,14.56,E,8,11.3,E,8,80.0,E,8,872.5394,E,8,999.0,E,8,2.36,E,8,-9900,?,9,-9900,?,9,0.0,E,8,-9900,?,9,-9900,?,9,0.0,0.0,E,8
11/12/2017,02:00,0.0,1394.482,0.0,1,8,0.0,1,8,0.0,1,8,0.0,1,8,0.0,1,8,0.0,1,8,-0.0,1,8,-9900,?,9,-9900,?,9,14.25,E,8,11.4,E,8,82.0,E,8,872.5394,E,8,999.0,E,8,1.77,E,8,-9900,?,9,-9900,?,9,0.0,E,8,-9900,?,9,-9900,?,9,0.0,0.0,E,8
11/12/2017,03:00,0.0,1394.482,0.0,1,8,0.0,1,8,0.0,1,8,0.0,1,8,0.0,1,8,0.0,1,8,-0.0,1,8,-9900,?,9,-9900,?,9,13.94,E,8,11.5,E,8,85.0,E,8,872.5394,E,8,999.0,E,8,1.6,E,8,-9900,?,9,-9900,?,9,0.0,E,8,-9900,?,9,-9900,?,9,0.0,0.0,E,8
11/12/2017,04:00,0.0,1395.149,0.0,1,8,0.0,1,8,0.0,1,8,0.0,1,8,0.0,1,8,0.0,1,8,-0.0,1,8,-9900,?,9,-9900,?,9,13.63,E,8,11.59,E,8,87.0,E,8,872.5394,E,8,999.0,E,8,1.6,E,8,-9900,?,9,-9900,?,9,0.0,E,8,-9900,?,9,-9900,?,9,0.0,0.0,E,8
11/12/2017,05:00,0.0,1395.149,0.0,1,8,0.0,1,8,0.0,1,8,0.0,1,8,0.0,1,8,0.0,1,8,-0.0,1,8,-9900,?,9,-9900,?,9,13.35,E,8,11.68,E,8,89.0,E,8,872.5394,E,8,999.0,E,8,1.6,E,8,-9900,?,9,-9900,?,9,0.0,E,8,-9900,?,9,-9900,?,9,0.0,0.0,E,8
11/12/2017,06:00,141.134,1395.149,0.0,1,8,0.0,1,8,0.0,1,8,0.0,1,8,0.0,1,8,0.0,1,8,0.0,1,8,-9900,?,9,-9900,?,9,13.15,E,8,11.75,E,8,91.0,E,8,872.5394,E,8,999.0,E,8,1.6,E,8,-9900,?,9,-9900,?,9,0.0,E,8,-9900,?,9,-9900,?,9,0.0,0.0,E,8
11/12/2017,07:00,460.14,1395.149,59.4,1,8,0.0,1,8,59.4,1,8,7128.0,1,8,0.0,1,8,6534.0,1,8,57.464,1,8,-9900,?,9,-9900,?,9,12.94,E,8,11.81,E,8,92.0,E,8,872.5394,E,8,999.0,E,8,1.6,E,8,-9900,?,9,-9900,?,9,0.0,E,8,-9900,?,9,-9900,?,9,0.0,0.0,E,8
11/12/2017,08:00,760.129,1395.149,168.52,1,8,12.554,1,8,161.685,1,8,20222.4,1,8,1192.645,1,8,17785.324,1,8,94.526,1,8,-9900,?,9,-9900,?,9,15.66,E,8,10.94,E,8,73.0,E,8,872.5394,E,8,999.0,E,8,1.6,E,8,-9900,?,9,-9900,?,9,0.0,E,8,-9900,?,9,-9900,?,9,0.0,0.0,E,8
11/12/2017,09:00,1019.05,1395.149,272.52,1,8,4.816,1,8,269.003,1,8,32702.4,1,8,457.561,1,8,29590.315,1,8,117.258,1,8,-9900,?,9,-9900,?,9,16.92,E,8,10.52,E,8,65.0,E,8,872.5394,E,8,999.0,E,8,1.6,E,8,-9900,?,9,-9900,?,9,0.0,E,8,-9900,?,9,-9900,?,9,0.0,0.0,E,8
11/12/2017,10:00,1219.067,1395.149,359.13,1,8,5.322,1,8,354.48,1,8,43095.6,1,8,505.614,1,8,38992.788,1,8,129.144,1,8,-9900,?,9,-9900,?,9,18.06,E,8,10.12,E,8,59.0,E,8,872.5394,E,8,999.0,E,8,1.6,E,8,-9900,?,9,-9900,?,9,0.0,E,8,-9900,?,9,-9900,?,9,0.0,0.0,E,8
11/12/2017,11:00,1346.509,1395.149,421.26,1,8,9.268,1,8,412.316,1,8,50551.2,1,8,880.437,1,8,45354.709,1,8,135.988,1,8,-9900,?,9,-9900,?,9,19.04,E,8,9.78,E,8,54.0,E,8,872.5394,E,8,999.0,E,8,1.6,E,8,-9900,?,9,-9900,?,9,0.0,E,8,-9900,?,9,-9900,?,9,0.0,0.0,E,8
11/12/2017,12:00,1392.686,1395.149,454.27,1,8,10.133,1,8,444.155,1,8,54512.4,1,8,962.636,1,8,48857.037,1,8,141.629,1,8,-9900,?,9,-9900,?,9,19.83,E,8,9.5,E,8,51.0,E,8,872.5394,E,8,999.0,E,8,2.03,E,8,-9900,?,9,-9900,?,9,0.0,E,8,-9900,?,9,-9900,?,9,0.0,0.0,E,8
11/12/2017,13:00,1354.464,1395.149,455.79,1,8,11.136,1,8,444.979,1,8,54694.8,1,8,1057.928,1,8,48947.674,1,8,145.898,1,8,-9900,?,9,-9900,?,9,20.4,E,8,9.29,E,8,48.0,E,8,872.5394,E,8,999.0,E,8,1.6,E,8,-9900,?,9,-9900,?,9,0.0,E,8,-9900,?,9,-9900,?,9,0.0,0.0,E,8
11/12/2017,14:00,1234.467,1395.149,425.69,1,8,11.206,1,8,415.775,1,8,51082.8,1,8,1064.582,1,8,45735.284,1,8,149.584,1,8,-9900,?,9,-9900,?,9,20.73,E,8,9.17,E,8,47.0,E,8,872.5394,E,8,999.0,E,8,1.6,E,8,-9900,?,9,-9900,?,9,0.0,E,8,-9900,?,9,-9900,?,9,0.0,0.0,E,8
11/12/2017,15:00,1040.909,1395.149,366.19,1,8,11.735,1,8,357.437,1,8,43942.8,1,8,1114.788,1,8,39318.065,1,8,152.531,1,8,-9900,?,9,-9900,?,9,20.84,E,8,9.13,E,8,47.0,E,8,872.5394,E,8,999.0,E,8,1.6,E,8,-9900,?,9,-9900,?,9,0.0,E,8,-9900,?,9,-9900,?,9,0.0,0.0,E,8
11/12/2017,16:00,787.046,1395.149,281.69,1,8,20.981,1,8,269.861,1,8,33802.8,1,8,1993.182,1,8,29684.763,1,8,152.365,1,8,-9900,?,9,-9900,?,9,20.64,E,8,9.2,E,8,47.0,E,8,872.5394,E,8,999.0,E,8,1.6,E,8,-9900,?,9,-9900,?,9,0.0,E,8,-9900,?,9,-9900,?,9,0.0,0.0,E,8
11/12/2017,17:00,490.364,1395.149,179.03,1,8,76.744,1,8,152.112,1,8,21483.6,1,8,7290.692,1,8,16732.28,1,8,138.041,1,8,-9900,?,9,-9900,?,9,20.09,E,8,9.4,E,8,50.0,E,8,872.5394,E,8,999.0,E,8,1.6,E,8,-9900,?,9,-9900,?,9,0.0,E,8,-9900,?,9,-9900,?,9,0.0,0.0,E,8
11/12/2017,18:00,172.315,1395.149,69.55,1,8,231.205,1,8,41.487,1,8,8346.0,1,8,21964.49,1,8,4563.612,1,8,108.802,1,8,-9900,?,9,-9900,?,9,19.27,E,8,9.7,E,8,53.0,E,8,872.5394,E,8,999.0,E,8,1.6,E,8,-9900,?,9,-9900,?,9,0.0,E,8,-9900,?,9,-9900,?,9,0.0,0.0,E,8
11/12/2017,19:00,0.0,1395.149,0.09,1,8,0.0,1,8,0.0,1,8,10.8,1,8,0.0,1,8,0.0,1,8,-0.0,1,8,-9900,?,9,-9900,?,9,18.71,E,8,9.9,E,8,56.0,E,8,872.5394,E,8,999.0,E,8,1.6,E,8,-9900,?,9,-9900,?,9,0.0,E,8,-9900,?,9,-9900,?,9,0.0,0.0,E,8
11/12/2017,20:00,0.0,1395.149,0.0,1,8,0.0,1,8,0.0,1,8,0.0,1,8,0.0,1,8,0.0,1,8,-0.0,1,8,-9900,?,9,-9900,?,9,18.16,E,8,10.09,E,8,59.0,E,8,872.5394,E,8,999.0,E,8,1.6,E,8,-9900,?,9,-9900,?,9,0.0,E,8,-9900,?,9,-9900,?,9,0.0,0.0,E,8
11/12/2017,21:00,0.0,1395.149,0.0,1,8,0.0,1,8,0.0,1,8,0.0,1,8,0.0,1,8,0.0,1,8,-0.0,1,8,-9900,?,9,-9900,?,9,17.6,E,8,10.28,E,8,62.0,E,8,872.5394,E,8,999.0,E,8,1.6,E,8,-9900,?,9,-9900,?,9,0.0,E,8,-9900,?,9,-9900,?,9,0.0,0.0,E,8
11/12/2017,22:00,0.0,1395.149,0.0,1,8,0.0,1,8,0.0,1,8,0.0,1,8,0.0,1,8,0.0,1,8,-0.0,1,8,-9900,?,9,-9900,?,9,17.04,E,8,10.47,E,8,65.0,E,8,872.5394,E,8,999.0,E,8,1.6,E,8,-9900,?,9,-9900,?,9,0.0,E,8,-9900,?,9,-9900,?,9,0.0,0.0,E,8
11/12/2017,23:00,0.0,1395.149,0.0,1,8,0.0,1,8,0.0,1,8,0.0,1,8,0.0,1,8,0.0,1,8,-0.0,1,8,-9900,?,9,-9900,?,9,16.48,E,8,10.66,E,8,68.0,E,8,872.5394,E,8,999.0,E,8,1.6,E,8,-9900,?,9,-9900,?,9,0.0,E,8,-9900,?,9,-9900,?,9,0.0,0.0,E,8
11/12/2017,24:00,0.0,1395.149,0.0,1,8,0.0,1,8,0.0,1,8,0.0,1,8,0.0,1,8,0.0,1,8,-0.0,1,8,-9900,?,9,-9900,?,9,15.93,E,8,14.73,E,8,92.0,E,8,872.5394,E,8,999.0,E,8,0.61,E,8,-9900,?,9,-9900,?,9,0.0,E,8,-9900,?,9,-9900,?,9,0.0,0.0,E,8
11/13/2017,01:00,0.0,1395.149,0.0,1,8,0.0,1,8,0.0,1,8,0.0,1,8,0.0,1,8,0.0,1,8,-0.0,1,8,-9900,?,9,-9900,?,9,15.65,E,8,14.64,E,8,93.0,E,8,872.5394,E,8,999.0,E,8,0.61,E,8,-9900,?,9,-9900,?,9,0.0,E,8,-9900,?,9,-9900,?,9,0.0,0.0,E,8
11/13/2017,02:00,0.0,1395.149,0.0,1,8,0.0,1,8,0.0,1,8,0.0,1,8,0.0,1,8,0.0,1,8,-0.0,1,8,-9900,?,9,-9900,?,9,15.37,E,8,14.55,E,8,94.0,E,8,872.5394,E,8,999.0,E,8,0.61,E,8,-9900,?,9,-9900,?,9,0.0,E,8,-9900,?,9,-9900,?,9,0.0,0.0,E,8
11/13/2017,03:00,0.0,1395.149,0.0,1,8,0.0,1,8,0.0,1,8,0.0,1,8,0.0,1,8,0.0,1,8,-0.0,1,8,-9900,?,9,-9900,?,9,15.09,E,8,14.46,E,8,96.0,E,8,872.5394,E,8,999.0,E,8,0.61,E,8,-9900,?,9,-9900,?,9,0.0,E,8,-9900,?,9,-9900,?,9,0.0,0.0,E,8
11/13/2017,04:00,0.0,1395.807,0.0,1,8,0.0,1,8,0.0,1,8,0.0,1,8,0.0,1,8,0.0,1,8,-0.0,1,8,-9900,?,9,-9900,?,9,14.81,E,8,14.37,E,8,97.0,E,8,872.5394,E,8,999.0,E,8,0.61,E,8,-9900,?,9,-9900,?,9,0.0,E,8,-9900,?,9,-9900,?,9,0.0,0.0,E,8
11/13/2017,05:00,0.0,1395.807,0.0,1,8,0.0,1,8,0.0,1,8,0.0,1,8,0.0,1,8,0.0,1,8,-0.0,1,8,-9900,?,9,-9900,?,9,14.57,E,8,14.29,E,8,98.0,E,8,872.5394,E,8,999.0,E,8,0.61,E,8,-9900,?,9,-9900,?,9,0.0,E,8,-9900,?,9,-9900,?,9,0.0,0.0,E,8
11/13/2017,06:00,142.714,1395.807,0.0,1,8,0.0,1,8,0.0,1,8,0.0,1,8,0.0,1,8,0.0,1,8,0.0,1,8,-9900,?,9,-9900,?,9,14.38,E,8,14.23,E,8,99.0,E,8,872.5394,E,8,999.0,E,8,0.61,E,8,-9900,?,9,-9900,?,9,0.0,E,8,-9900,?,9,-9900,?,9,0.0,0.0,E,8
11/13/2017,07:00,461.432,1395.807,120.05,1,8,6.647,1,8,117.858,1,8,14406.0,1,8,631.459,1,8,12964.359,1,8,113.75,1,8,-9900,?,9,-9900,?,9,14.2,E,8,14.17,E,8,99.0,E,8,872.5394,E,8,999.0,E,8,0.61,E,8,-9900,?,9,-9900,?,9,0.0,E,8,-9900,?,9,-9900,?,9,0.0,0.0,E,8
11/13/2017,08:00,761.179,1395.807,291.36,1,8,71.697,1,8,252.288,1,8,34963.2,1,8,6811.229,1,8,27751.71,1,8,147.362,1,8,-9900,?,9,-9900,?,9,18.58,E,8,15.56,E,8,82.0,E,8,872.5394,E,8,999.0,E,8,0.61,E,8,-9900,?,9,-9900,?,9,0.0,E,8,-9900,?,9,-9900,?,9,0.0,0.0,E,8
11/13/2017,09:00,1019.941,1395.807,248.32,1,8,8.16,1,8,242.359,1,8,29798.4,1,8,775.22,1,8,26659.459,1,8,105.602,1,8,-9900,?,9,-9900,?,9,18.88,E,8,15.66,E,8,81.0,E,8,872.5394,E,8,999.0,E,8,0.61,E,8,-9900,?,9,-9900,?,9,0.0,E,8,-9900,?,9,-9900,?,9,0.0,0.0,E,8
11/13/2017,10:00,1219.897,1395.807,345.54,1,8,2.656,1,8,343.219,1,8,41464.8,1,8,252.296,1,8,37754.107,1,8,125.015,1,8,-9900,?,9,-9900,?,9,19.55,E,8,15.86,E,8,79.0,E,8,872.5394,E,8,999.0,E,8,0.61,E,8,-9900,?,9,-9900,?,9,0.0,E,8,-9900,?,9,-9900,?,9,0.0,0.0,E,8
11/13/2017,11:00,1347.38,1395.807,436.94,1,8,25.394,1,8,412.427,1,8,52432.8,1,8,2412.453,1,8,45367.005,1,8,136.001,1,8,-9900,?,9,-9900,?,9,20.34,E,8,16.09,E,8,76.0,E,8,872.5394,E,8,999.0,E,8,0.61,E,8,-9900,?,9,-9900,?,9,0.0,E,8,-9900,?,9,-9900,?,9,0.0,0.0,E,8
11/13/2017,12:00,1393.698,1395.807,279.38,1,8,2.964,1,8,276.42,1,8,33525.6,1,8,281.611,1,8,30406.217,1,8,88.121,1,8,-9900,?,9,-9900,?,9,20.3,E,8,16.08,E,8,76.0,E,8,872.5394,E,8,999.0,E,8,0.61,E,8,-9900,?,9,-9900,?,9,0.0,E,8,-9900,?,9,-9900,?,9,0.0,0.0,E,8
11/13/2017,13:00,1355.705,1395.807,325.43,1,8,4.55,1,8,321.011,1,8,39051.6,1,8,432.241,1,8,35311.198,1,8,105.205,1,8,-9900,?,9,-9900,?,9,20.42,E,8,16.12,E,8,76.0,E,8,872.5394,E,8,999.0,E,8,1.02,E,8,-9900,?,9,-9900,?,9,0.0,E,8,-9900,?,9,-9900,?,9,0.0,0.0,E,8
11/13/2017,14:00,1236.011,1395.807,216.91,1,8,3.488,1,8,213.822,1,8,26029.2,1,8,331.356,1,8,23520.376,1,8,76.867,1,8,-9900,?,9,-9900,?,9,20.08,E,8,16.02,E,8,77.0,E,8,872.5394,E,8,999.0,E,8,1.24,E,8,-9900,?,9,-9900,?,9,0.0,E,8,-9900,?,9,-9900,?,9,0.0,0.0,E,8
11/13/2017,15:00,1042.808,1395.807,190.25,1,8,1.782,1,8,188.919,1,8,22830.0,1,8,169.324,1,8,20781.058,1,8,80.509,1,8,-9900,?,9,-9900,?,9,19.71,E,8,15.91,E,8,78.0,E,8,872.5394,E,8,999.0,E,8,0.76,E,8,-9900,?,9,-9900,?,9,0.0,E,8,-9900,?,9,-9900,?,9,0.0,0.0,E,8
11/13/2017,16:00,789.327,1395.807,159.45,1,8,5.862,1,8,156.137,1,8,19134.0,1,8,556.9,1,8,17175.075,1,8,87.942,1,8,-9900,?,9,-9900,?,9,19.3,E,8,15.78,E,8,80.0,E,8,872.5394,E,8,999.0,E,8,0.61,E,8,-9900,?,9,-9900,?,9,0.0,E,8,-9900,?,9,-9900,?,9,0.0,0.0,E,8
11/13/2017,17:00,493.027,1395.807,146.36,1,8,18.725,1,8,139.759,1,8,17563.2,1,8,1778.863,1,8,15373.541,1,8,126.203,1,8,-9900,?,9,-9900,?,9,18.92,E,8,15.67,E,8,81.0,E,8,872.5394,E,8,999.0,E,8,0.61,E,8,-9900,?,9,-9900,?,9,0.0,E,8,-9900,?,9,-9900,?,9,0.0,0.0,E,8
11/13/2017,18:00,175.3,1395.807,57.28,1,8,100.03,1,8,44.928,1,8,6873.6,1,8,9502.895,1,8,4942.027,1,8,115.809,1,8,-9900,?,9,-9900,?,9,18.34,E,8,15.49,E,8,83.0,E,8,872.5394,E,8,999.0,E,8,0.61,E,8,-9900,?,9,-9900,?,9,0.0,E,8,-9900,?,9,-9900,?,9,0.0,0.0,E,8
11/13/2017,19:00,0.0,1395.807,0.1,1,8,0.0,1,8,0.0,1,8,12.0,1,8,0.0,1,8,0.0,1,8,-0.0,1,8,-9900,?,9,-9900,?,9,17.67,E,8,15.28,E,8,85.0,E,8,872.5394,E,8,999.0,E,8,0.61,E,8,-9900,?,9,-9900,?,9,0.0,E,8,-9900,?,9,-9900,?,9,0.0,0.0,E,8
11/13/2017,20:00,0.0,1395.807,0.0,1,8,0.0,1,8,0.0,1,8,0.0,1,8,0.0,1,8,0.0,1,8,-0.0,1,8,-9900,?,9,-9900,?,9,17.01,E,8,15.08,E,8,88.0,E,8,872.5394,E,8,999.0,E,8,0.61,E,8,-9900,?,9,-9900,?,9,0.0,E,8,-9900,?,9,-9900,?,9,0.0,0.0,E,8
11/13/2017,21:00,0.0,1395.807,0.0,1,8,0.0,1,8,0.0,1,8,0.0,1,8,0.0,1,8,0.0,1,8,-0.0,1,8,-9900,?,9,-9900,?,9,16.35,E,8,14.87,E,8,90.0,E,8,872.5394,E,8,999.0,E,8,0.61,E,8,-9900,?,9,-9900,?,9,0.0,E,8,-9900,?,9,-9900,?,9,0.0,0.0,E,8
11/13/2017,22:00,0.0,1395.807,0.0,1,8,0.0,1,8,0.0,1,8,0.0,1,8,0.0,1,8,0.0,1,8,-0.0,1,8,-9900,?,9,-9900,?,9,15.69,E,8,14.66,E,8,93.0,E,8,872.5394,E,8,999.0,E,8,0.61,E,8,-9900,?,9,-9900,?,9,0.0,E,8,-9900,?,9,-9900,?,9,0.0,0.0,E,8
11/13/2017,23:00,0.0,1395.807,0.0,1,8,0.0,1,8,0.0,1,8,0.0,1,8,0.0,1,8,0.0,1,8,-0.0,1,8,-9900,?,9,-9900,?,9,15.03,E,8,14.44,E,8,96.0,E,8,872.5394,E,8,999.0,E,8,0.61,E,8,-9900,?,9,-9900,?,9,0.0,E,8,-9900,?,9,-9900,?,9,0.0,0.0,E,8
11/13/2017,24:00,0.0,1395.807,0.0,1,8,0.0,1,8,0.0,1,8,0.0,1,8,0.0,1,8,0.0,1,8,-0.0,1,8,-9900,?,9,-9900,?,9,14.37,E,8,11.11,E,8,80.0,E,8,872.5394,E,8,999.0,E,8,0.22,E,8,-9900,?,9,-9900,?,9,0.0,E,8,-9900,?,9,-9900,?,9,0.0,0.0,E,8
11/14/2017,01:00,0.0,1395.807,0.0,1,8,0.0,1,8,0.0,1,8,0.0,1,8,0.0,1,8,0.0,1,8,-0.0,1,8,-9900,?,9,-9900,?,9,14.04,E,8,10.97,E,8,81.0,E,8,872.5394,E,8,999.0,E,8,0.22,E,8,-9900,?,9,-9900,?,9,0.0,E,8,-9900,?,9,-9900,?,9,0.0,0.0,E,8
11/14/2017,02:00,0.0,1395.807,0.0,1,8,0.0,1,8,0.0,1,8,0.0,1,8,0.0,1,8,0.0,1,8,-0.0,1,8,-9900,?,9,-9900,?,9,13.71,E,8,10.82,E,8,82.0,E,8,872.5394,E,8,999.0,E,8,0.22,E,8,-9900,?,9,-9900,?,9,0.0,E,8,-9900,?,9,-9900,?,9,0.0,0.0,E,8
11/14/2017,03:00,0.0,1395.807,0.0,1,8,0.0,1,8,0.0,1,8,0.0,1,8,0.0,1,8,0.0,1,8,-0.0,1,8,-9900,?,9,-9900,?,9,13.38,E,8,10.68,E,8,83.0,E,8,872.5394,E,8,999.0,E,8,0.22,E,8,-9900,?,9,-9900,?,9,0.0,E,8,-9900,?,9,-9900,?,9,0.0,0.0,E,8
11/14/2017,04:00,0.0,1396.457,0.0,1,8,0.0,1,8,0.0,1,8,0.0,1,8,0.0,1,8,0.0,1,8,-0.0,1,8,-9900,?,9,-9900,?,9,13.05,E,8,10.53,E,8,84.0,E,8,872.5394,E,8,999.0,E,8,0.22,E,8,-9900,?,9,-9900,?,9,0.0,E,8,-9900,?,9,-9900,?,9,0.0,0.0,E,8
11/14/2017,05:00,0.0,1396.457,0.0,1,8,0.0,1,8,0.0,1,8,0.0,1,8,0.0,1,8,0.0,1,8,-0.0,1,8,-9900,?,9,-9900,?,9,12.76,E,8,10.4,E,8,85.0,E,8,872.5394,E,8,999.0,E,8,0.22,E,8,-9900,?,9,-9900,?,9,0.0,E,8,-9900,?,9,-9900,?,9,0.0,0.0,E,8
11/14/2017,06:00,144.175,1396.457,0.0,1,8,0.0,1,8,0.0,1,8,0.0,1,8,0.0,1,8,0.0,1,8,0.0,1,8,-9900,?,9,-9900,?,9,12.54,E,8,10.3,E,8,86.0,E,8,872.5394,E,8,999.0,E,8,0.22,E,8,-9900,?,9,-9900,?,9,0.0,E,8,-9900,?,9,-9900,?,9,0.0,0.0,E,8
11/14/2017,07:00,462.606,1396.457,78.45,1,8,0.0,1,8,78.45,1,8,9414.0,1,8,0.0,1,8,8629.5,1,8,75.558,1,8,-9900,?,9,-9900,?,9,12.32,E,8,10.2,E,8,86.0,E,8,872.5394,E,8,999.0,E,8,0.22,E,8,-9900,?,9,-9900,?,9,0.0,E,8,-9900,?,9,-9900,?,9,0.0,0.0,E,8
11/14/2017,08:00,762.116,1396.457,220.88,1,8,14.974,1,8,212.714,1,8,26505.6,1,8,1422.509,1,8,23398.508,1,8,124.152,1,8,-9900,?,9,-9900,?,9,15.67,E,8,11.67,E,8,77.0,E,8,872.5394,E,8,999.0,E,8,0.22,E,8,-9900,?,9,-9900,?,9,0.0,E,8,-9900,?,9,-9900,?,9,0.0,0.0,E,8
11/14/2017,09:00,1020.732,1396.457,356.63,1,8,24.67,1,8,338.602,1,8,42795.6,1,8,2343.658,1,8,37246.238,1,8,147.491,1,8,-9900,?,9,-9900,?,9,17.22,E,8,12.3,E,8,72.0,E,8,872.5394,E,8,999.0,E,8,0.22,E,8,-9900,?,9,-9900,?,9,0.0,E,8,-9900,?,9,-9900,?,9,0.0,0.0,E,8
11/14/2017,10:00,1220.643,1396.457,271.31,1,8,5.85,1,8,266.197,1,8,32557.2,1,8,555.748,1,8,29281.67,1,8,96.946,1,8,-9900,?,9,-9900,?,9,17.51,E,8,12.42,E,8,72.0,E,8,872.5394,E,8,999.0,E,8,0.22,E,8,-9900,?,9,-9900,?,9,0.0,E,8,-9900,?,9,-9900,?,9,0.0,0.0,E,8
11/14/2017,11:00,1348.186,1396.457,550.97,1,8,89.742,1,8,464.332,1,8,66116.4,1,8,8525.463,1,8,51076.547,1,8,153.097,1,8,-9900,?,9,-9900,?,9,18.95,E,8,12.99,E,8,68.0,E,8,872.5394,E,8,999.0,E,8,0.22,E,8,-9900,?,9,-9900,?,9,0.0,E,8,-9900,?,9,-9900,?,9,0.0,0.0,E,8
11/14/2017,12:00,1394.663,1396.457,594.23,1,8,48.033,1,8,546.259,1,8,71307.6,1,8,4563.089,1,8,60088.515,1,8,174.104,1,8,-9900,?,9,-9900,?,9,20.06,E,8,13.41,E,8,65.0,E,8,872.5394,E,8,999.0,E,8,0.43,E,8,-9900,?,9,-9900,?,9,0.0,E,8,-9900,?,9,-9900,?,9,0.0,0.0,E,8
11/14/2017,13:00,1356.919,1396.457,596.4,1,8,105.42,1,8,493.966,1,8,71568.0,1,8,10014.918,1,8,54336.3,1,8,161.819,1,8,-9900,?,9,-9900,?,9,20.86,E,8,13.71,E,8,63.0,E,8,872.5394,E,8,999.0,E,8,1.9,E,8,-9900,?,9,-9900,?,9,0.0,E,8,-9900,?,9,-9900,?,9,0.0,0.0,E,8
11/14/2017,14:00,1237.547,1396.457,557.34,1,8,135.937,1,8,436.882,1,8,66880.8,1,8,12913.97,1,8,48057.031,1,8,156.933,1,8,-9900,?,9,-9900,?,9,21.36,E,8,13.9,E,8,62.0,E,8,872.5394,E,8,999.0,E,8,2.52,E,8,-9900,?,9,-9900,?,9,0.0,E,8,-9900,?,9,-9900,?,9,0.0,0.0,E,8
11/14/2017,15:00,1044.715,1396.457,479.87,1,8,110.379,1,8,397.312,1,8,57584.4,1,8,10486.034,1,8,43704.354,1,8,169.088,1,8,-9900,?,9,-9900,?,9,21.55,E,8,13.96,E,8,61.0,E,8,872.5394,E,8,999.0,E,8,2.38,E,8,-9900,?,9,-9900,?,9,0.0,E,8,-9900,?,9,-9900,?,9,0.0,0.0,E,8
11/14/2017,16:00,791.629,1396.457,369.77,1,8,145.294,1,8,287.456,1,8,44372.4,1,8,13802.925,1,8,31620.179,1,8,161.509,1,8,-9900,?,9,-9900,?,9,21.39,E,8,13.91,E,8,62.0,E,8,872.5394,E,8,999.0,E,8,1.76,E,8,-9900,?,9,-9900,?,9,0.0,E,8,-9900,?,9,-9900,?,9,0.0,0.0,E,8
11/14/2017,17:00,495.717,1396.457,235.93,1,8,233.969,1,8,153.042,1,8,28311.6,1,8,22227.062,1,8,16834.662,1,8,137.509,1,8,-9900,?,9,-9900,?,9,20.79,E,8,13.69,E,8,63.0,E,8,872.5394,E,8,999.0,E,8,1.27,E,8,-9900,?,9,-9900,?,9,0.0,E,8,-9900,?,9,-9900,?,9,0.0,0.0,E,8
11/14/2017,18:00,178.316,1396.457,93.02,1,8,365.706,1,8,47.08,1,8,11162.4,1,8,34742.042,1,8,5178.827,1,8,119.298,1,8,-9900,?,9,-9900,?,9,19.84,E,8,13.33,E,8,66.0,E,8,872.5394,E,8,999.0,E,8,1.18,E,8,-9900,?,9,-9900,?,9,0.0,E,8,-9900,?,9,-9900,?,9,0.0,0.0,E,8
11/14/2017,19:00,0.0,1396.457,0.22,1,8,0.0,1,8,0.0,1,8,26.4,1,8,0.0,1,8,0.0,1,8,-0.0,1,8,-9900,?,9,-9900,?,9,19.02,E,8,13.01,E,8,68.0,E,8,872.5394,E,8,999.0,E,8,0.61,E,8,-9900,?,9,-9900,?,9,0.0,E,8,-9900,?,9,-9900,?,9,0.0,0.0,E,8
11/14/2017,20:00,0.0,1396.457,0.0,1,8,0.0,1,8,0.0,1,8,0.0,1,8,0.0,1,8,0.0,1,8,-0.0,1,8,-9900,?,9,-9900,?,9,18.2,E,8,12.69,E,8,70.0,E,8,872.5394,E,8,999.0,E,8,0.39,E,8,-9900,?,9,-9900,?,9,0.0,E,8,-9900,?,9,-9900,?,9,0.0,0.0,E,8
11/14/2017,21:00,0.0,1396.457,0.0,1,8,0.0,1,8,0.0,1,8,0.0,1,8,0.0,1,8,0.0,1,8,-0.0,1,8,-9900,?,9,-9900,?,9,17.39,E,8,12.37,E,8,72.0,E,8,872.5394,E,8,999.0,E,8,0.28,E,8,-9900,?,9,-9900,?,9,0.0,E,8,-9900,?,9,-9900,?,9,0.0,0.0,E,8
11/14/2017,22:00,0.0,1396.457,0.0,1,8,0.0,1,8,0.0,1,8,0.0,1,8,0.0,1,8,0.0,1,8,-0.0,1,8,-9900,?,9,-9900,?,9,16.57,E,8,12.04,E,8,74.0,E,8,872.5394,E,8,999.0,E,8,0.22,E,8,-9900,?,9,-9900,?,9,0.0,E,8,-9900,?,9,-9900,?,9,0.0,0.0,E,8
11/14/2017,23:00,0.0,1396.457,0.0,1,8,0.0,1,8,0.0,1,8,0.0,1,8,0.0,1,8,0.0,1,8,-0.0,1,8,-9900,?,9,-9900,?,9,15.75,E,8,11.7,E,8,76.0,E,8,872.5394,E,8,999.0,E,8,0.22,E,8,-9900,?,9,-9900,?,9,0.0,E,8,-9900,?,9,-9900,?,9,0.0,0.0,E,8
11/14/2017,24:00,0.0,1396.457,0.0,1,8,0.0,1,8,0.0,1,8,0.0,1,8,0.0,1,8,0.0,1,8,-0.0,1,8,-9900,?,9,-9900,?,9,14.93,E,8,13.76,E,8,97.0,E,8,872.5394,E,8,999.0,E,8,0.82,E,8,-9900,?,9,-9900,?,9,0.009,E,8,-9900,?,9,-9900,?,9,0.09,99.0,E,8
11/15/2017,01:00,0.0,1396.457,0.0,1,8,0.0,1,8,0.0,1,8,0.0,1,8,0.0,1,8,0.0,1,8,-0.0,1,8,-9900,?,9,-9900,?,9,14.52,E,8,13.54,E,8,98.0,E,8,872.5394,E,8,999.0,E,8,0.75,E,8,-9900,?,9,-9900,?,9,0.001,E,8,-9900,?,9,-9900,?,9,0.01,99.0,E,8
11/15/2017,02:00,0.0,1396.457,0.0,1,8,0.0,1,8,0.0,1,8,0.0,1,8,0.0,1,8,0.0,1,8,-0.0,1,8,-9900,?,9,-9900,?,9,14.11,E,8,13.32,E,8,94.0,E,8,872.5394,E,8,999.0,E,8,1.79,E,8,-9900,?,9,-9900,?,9,0.0,E,8,-9900,?,9,-9900,?,9,0.0,0.0,E,8
11/15/2017,03:00,0.0,1396.457,0.0,1,8,0.0,1,8,0.0,1,8,0.0,1,8,0.0,1,8,0.0,1,8,-0.0,1,8,-9900,?,9,-9900,?,9,13.7,E,8,13.09,E,8,96.0,E,8,872.5394,E,8,999.0,E,8,1.21,E,8,-9900,?,9,-9900,?,9,0.0,E,8,-9900,?,9,-9900,?,9,0.0,0.0,E,8
11/15/2017,04:00,0.0,1397.098,0.0,1,8,0.0,1,8,0.0,1,8,0.0,1,8,0.0,1,8,0.0,1,8,-0.0,1,8,-9900,?,9,-9900,?,9,13.29,E,8,12.87,E,8,97.0,E,8,872.5394,E,8,999.0,E,8,1.36,E,8,-9900,?,9,-9900,?,9,0.0,E,8,-9900,?,9,-9900,?,9,0.0,0.0,E,8
11/15/2017,05:00,0.0,1397.098,0.0,1,8,0.0,1,8,0.0,1,8,0.0,1,8,0.0,1,8,0.0,1,8,-0.0,1,8,-9900,?,9,-9900,?,9,12.92,E,8,12.66,E,8,98.0,E,8,872.5394,E,8,999.0,E,8,1.12,E,8,-9900,?,9,-9900,?,9,0.0,E,8,-9900,?,9,-9900,?,9,0.0,0.0,E,8
11/15/2017,06:00,145.516,1397.098,0.0,1,8,0.0,1,8,0.0,1,8,0.0,1,8,0.0,1,8,0.0,1,8,0.0,1,8,-9900,?,9,-9900,?,9,12.65,E,8,12.51,E,8,99.0,E,8,872.5394,E,8,999.0,E,8,0.67,E,8,-9900,?,9,-9900,?,9,0.0,E,8,-9900,?,9,-9900,?,9,0.0,0.0,E,8
11/15/2017,07:00,463.66,1397.098,38.16,1,8,0.0,1,8,38.16,1,8,4579.2,1,8,0.0,1,8,4197.6,1,8,36.686,1,8,-9900,?,9,-9900,?,9,12.38,E,8,12.35,E,8,99.0,E,8,872.5394,E,8,999.0,E,8,0.67,E,8,-9900,?,9,-9900,?,9,0.0,E,8,-9900,?,9,-9900,?,9,0.0,0.0,E,8
11/15/2017,08:00,762.942,1397.098,138.86,1,8,0.0,1,8,138.86,1,8,16663.2,1,8,0.0,1,8,15274.6,1,8,80.996,1,8,-9900,?,9,-9900,?,9,15.05,E,8,13.82,E,8,92.0,E,8,872.5394,E,8,999.0,E,8,0.67,E,8,-9900,?,9,-9900,?,9,0.0,E,8,-9900,?,9,-9900,?,9,0.0,0.0,E,8
11/15/2017,09:00,1021.424,1397.098,166.25,1,8,2.002,1,8,164.787,1,8,19950.0,1,8,190.173,1,8,18126.552,1,8,71.764,1,8,-9900,?,9,-9900,?,9,15.83,E,8,14.23,E,8,90.0,E,8,872.5394,E,8,999.0,E,8,0.67,E,8,-9900,?,9,-9900,?,9,0.0,E,8,-9900,?,9,-9900,?,9,0.0,0.0,E,8
11/15/2017,10:00,1221.307,1397.098,265.62,1,8,2.994,1,8,263.003,1,8,31874.4,1,8,284.459,1,8,28930.297,1,8,95.775,1,8,-9900,?,9,-9900,?,9,16.97,E,8,14.8,E,8,87.0,E,8,872.5394,E,8,999.0,E,8,0.67,E,8,-9900,?,9,-9900,?,9,0.0,E,8,-9900,?,9,-9900,?,9,0.0,0.0,E,8
11/15/2017,11:00,1348.927,1397.098,292.28,1,8,6.713,1,8,285.798,1,8,35073.6,1,8,637.76,1,8,31437.818,1,8,94.223,1,8,-9900,?,9,-9900,?,9,17.81,E,8,15.22,E,8,84.0,E,8,872.5394,E,8,999.0,E,8,0.67,E,8,-9900,?,9,-9900,?,9,0.0,E,8,-9900,?,9,-9900,?,9,0.0,0.0,E,8
11/15/2017,12:00,1395.584,1397.098,308.38,1,8,4.049,1,8,304.336,1,8,37005.6,1,8,384.626,1,8,33476.927,1,8,96.978,1,8,-9900,?,9,-9900,?,9,18.46,E,8,15.53,E,8,83.0,E,8,872.5394,E,8,999.0,E,8,0.67,E,8,-9900,?,9,-9900,?,9,0.0,E,8,-9900,?,9,-9900,?,9,0.0,0.0,E,8
11/15/2017,13:00,1358.108,1397.098,243.81,1,8,3.701,1,8,240.213,1,8,29257.2,1,8,351.572,1,8,26423.384,1,8,78.659,1,8,-9900,?,9,-9900,?,9,18.64,E,8,15.61,E,8,87.0,E,8,872.5394,E,8,999.0,E,8,0.67,E,8,-9900,?,9,-9900,?,9,0.015,E,8,-9900,?,9,-9900,?,9,0.15,99.0,E,8
11/15/2017,14:00,1239.075,1397.098,305.71,1,8,2.149,1,8,303.804,1,8,36685.2,1,8,204.175,1,8,33418.443,1,8,109.045,1,8,-9900,?,9,-9900,?,9,19.01,E,8,15.79,E,8,81.0,E,8,872.5394,E,8,999.0,E,8,0.67,E,8,-9900,?,9,-9900,?,9,0.0,E,8,-9900,?,9,-9900,?,9,0.0,0.0,E,8
11/15/2017,15:00,1046.63,1397.098,226.75,1,8,2.459,1,8,224.908,1,8,27210.0,1,8,233.619,1,8,24739.898,1,8,95.585,1,8,-9900,?,9,-9900,?,9,19.03,E,8,15.8,E,8,81.0,E,8,872.5394,E,8,999.0,E,8,0.67,E,8,-9900,?,9,-9900,?,9,0.0,E,8,-9900,?,9,-9900,?,9,0.0,0.0,E,8
11/15/2017,16:00,793.95,1397.098,179.47,1,8,5.519,1,8,176.336,1,8,21536.4,1,8,524.279,1,8,19396.929,1,8,98.831,1,8,-9900,?,9,-9900,?,9,18.82,E,8,15.7,E,8,82.0,E,8,872.5394,E,8,999.0,E,8,0.67,E,8,-9900,?,9,-9900,?,9,0.0,E,8,-9900,?,9,-9900,?,9,0.0,0.0,E,8
11/15/2017,17:00,498.434,1397.098,114.74,1,8,0.0,1,8,114.74,1,8,13768.8,1,8,0.0,1,8,12621.4,1,8,102.577,1,8,-9900,?,9,-9900,?,9,18.35,E,8,15.48,E,8,88.0,E,8,872.5394,E,8,999.0,E,8,0.67,E,8,-9900,?,9,-9900,?,9,0.006,E,8,-9900,?,9,-9900,?,9,0.06,99.0,E,8
11/15/2017,18:00,181.362,1397.098,45.57,1,8,5.162,1,8,44.911,1,8,5468.4,1,8,490.349,1,8,4940.155,1,8,111.883,1,8,-9900,?,9,-9900,?,9,17.66,E,8,15.14,E,8,95.0,E,8,872.5394,E,8,999.0,E,8,0.67,E,8,-9900,?,9,-9900,?,9,0.43200000000000005,E,8,-9900,?,9,-9900,?,9,4.32,99.0,E,8
11/15/2017,19:00,0.0,1397.098,0.14,1,8,0.0,1,8,0.0,1,8,16.8,1,8,0.0,1,8,0.0,1,8,-0.0,1,8,-9900,?,9,-9900,?,9,17.22,E,8,14.93,E,8,91.0,E,8,872.5394,E,8,999.0,E,8,0.67,E,8,-9900,?,9,-9900,?,9,0.001,E,8,-9900,?,9,-9900,?,9,0.01,99.0,E,8
11/15/2017,20:00,0.0,1397.098,0.0,1,8,0.0,1,8,0.0,1,8,0.0,1,8,0.0,1,8,0.0,1,8,-0.0,1,8,-9900,?,9,-9900,?,9,16.78,E,8,14.71,E,8,92.0,E,8,872.5394,E,8,999.0,E,8,0.67,E,8,-9900,?,9,-9900,?,9,0.002,E,8,-9900,?,9,-9900,?,9,0.02,99.0,E,8
11/15/2017,21:00,0.0,1397.098,0.0,1,8,0.0,1,8,0.0,1,8,0.0,1,8,0.0,1,8,0.0,1,8,-0.0,1,8,-9900,?,9,-9900,?,9,16.34,E,8,14.49,E,8,93.0,E,8,872.5394,E,8,999.0,E,8,0.67,E,8,-9900,?,9,-9900,?,9,0.003,E,8,-9900,?,9,-9900,?,9,0.03,99.0,E,8
11/15/2017,22:00,0.0,1397.098,0.0,1,8,0.0,1,8,0.0,1,8,0.0,1,8,0.0,1,8,0.0,1,8,-0.0,1,8,-9900,?,9,-9900,?,9,15.9,E,8,14.26,E,8,94.0,E,8,872.5394,E,8,999.0,E,8,0.67,E,8,-9900,?,9,-9900,?,9,0.027000000000000003,E,8,-9900,?,9,-9900,?,9,0.27,99.0,E,8
11/15/2017,23:00,0.0,1397.098,0.0,1,8,0.0,1,8,0.0,1,8,0.0,1,8,0.0,1,8,0.0,1,8,-0.0,1,8,-9900,?,9,-9900,?,9,15.46,E,8,14.04,E,8,96.0,E,8,872.5394,E,8,999.0,E,8,0.67,E,8,-9900,?,9,-9900,?,9,0.004,E,8,-9900,?,9,-9900,?,9,0.04,99.0,E,8
11/15/2017,24:00,0.0,1397.098,0.0,1,8,0.0,1,8,0.0,1,8,0.0,1,8,0.0,1,8,0.0,1,8,-0.0,1,8,-9900,?,9,-9900,?,9,15.03,E,8,14.22,E,8,91.0,E,8,872.5394,E,8,999.0,E,8,0.27,E,8,-9900,?,9,-9900,?,9,0.0,E,8,-9900,?,9,-9900,?,9,0.0,0.0,E,8
11/16/2017,01:00,0.0,1397.098,0.0,1,8,0.0,1,8,0.0,1,8,0.0,1,8,0.0,1,8,0.0,1,8,-0.0,1,8,-9900,?,9,-9900,?,9,14.81,E,8,14.13,E,8,92.0,E,8,872.5394,E,8,999.0,E,8,0.27,E,8,-9900,?,9,-9900,?,9,0.0,E,8,-9900,?,9,-9900,?,9,0.0,0.0,E,8
11/16/2017,02:00,0.0,1397.098,0.0,1,8,0.0,1,8,0.0,1,8,0.0,1,8,0.0,1,8,0.0,1,8,-0.0,1,8,-9900,?,9,-9900,?,9,14.59,E,8,14.04,E,8,93.0,E,8,872.5394,E,8,999.0,E,8,0.23,E,8,-9900,?,9,-9900,?,9,0.0,E,8,-9900,?,9,-9900,?,9,0.0,0.0,E,8
11/16/2017,03:00,0.0,1397.098,0.0,1,8,0.0,1,8,0.0,1,8,0.0,1,8,0.0,1,8,0.0,1,8,-0.0,1,8,-9900,?,9,-9900,?,9,14.37,E,8,13.94,E,8,93.0,E,8,872.5394,E,8,999.0,E,8,0.23,E,8,-9900,?,9,-9900,?,9,0.0,E,8,-9900,?,9,-9900,?,9,0.0,0.0,E,8
11/16/2017,04:00,0.0,1397.731,0.0,1,8,0.0,1,8,0.0,1,8,0.0,1,8,0.0,1,8,0.0,1,8,-0.0,1,8,-9900,?,9,-9900,?,9,14.15,E,8,13.85,E,8,94.0,E,8,872.5394,E,8,999.0,E,8,0.23,E,8,-9900,?,9,-9900,?,9,0.0,E,8,-9900,?,9,-9900,?,9,0.0,0.0,E,8
11/16/2017,05:00,0.0,1397.731,0.0,1,8,0.0,1,8,0.0,1,8,0.0,1,8,0.0,1,8,0.0,1,8,-0.0,1,8,-9900,?,9,-9900,?,9,13.95,E,8,13.76,E,8,94.0,E,8,872.5394,E,8,999.0,E,8,0.33,E,8,-9900,?,9,-9900,?,9,0.0,E,8,-9900,?,9,-9900,?,9,0.0,0.0,E,8
11/16/2017,06:00,146.738,1397.731,0.0,1,8,0.0,1,8,0.0,1,8,0.0,1,8,0.0,1,8,0.0,1,8,0.0,1,8,-9900,?,9,-9900,?,9,13.81,E,8,13.7,E,8,95.0,E,8,872.5394,E,8,999.0,E,8,0.35,E,8,-9900,?,9,-9900,?,9,0.0,E,8,-9900,?,9,-9900,?,9,0.0,0.0,E,8
11/16/2017,07:00,464.595,1397.731,46.98,1,8,0.0,1,8,46.98,1,8,5637.6,1,8,0.0,1,8,5167.8,1,8,45.095,1,8,-9900,?,9,-9900,?,9,13.66,E,8,13.63,E,8,99.0,E,8,872.5394,E,8,999.0,E,8,0.61,E,8,-9900,?,9,-9900,?,9,0.001,E,8,-9900,?,9,-9900,?,9,0.01,99.0,E,8
11/16/2017,08:00,763.658,1397.731,131.32,1,8,0.0,1,8,131.32,1,8,15758.4,1,8,0.0,1,8,14445.2,1,8,76.561,1,8,-9900,?,9,-9900,?,9,15.75,E,8,14.52,E,8,89.0,E,8,872.5394,E,8,999.0,E,8,0.42,E,8,-9900,?,9,-9900,?,9,0.0,E,8,-9900,?,9,-9900,?,9,0.0,0.0,E,8
11/16/2017,09:00,1022.018,1397.731,211.72,1,8,3.516,1,8,209.15,1,8,25406.4,1,8,333.984,1,8,23006.505,1,8,91.072,1,8,-9900,?,9,-9900,?,9,16.71,E,8,14.92,E,8,87.0,E,8,872.5394,E,8,999.0,E,8,0.81,E,8,-9900,?,9,-9900,?,9,0.0,E,8,-9900,?,9,-9900,?,9,0.0,0.0,E,8
11/16/2017,10:00,1221.888,1397.731,189.64,1,8,2.69,1,8,187.289,1,8,22756.8,1,8,255.515,1,8,20601.785,1,8,68.201,1,8,-9900,?,9,-9900,?,9,17.06,E,8,15.06,E,8,86.0,E,8,872.5394,E,8,999.0,E,8,0.48,E,8,-9900,?,9,-9900,?,9,0.0,E,8,-9900,?,9,-9900,?,9,0.0,0.0,E,8
11/16/2017,11:00,1349.604,1397.731,390.59,1,8,19.947,1,8,371.33,1,8,46870.8,1,8,1895.011,1,8,40846.273,1,8,122.415,1,8,-9900,?,9,-9900,?,9,18.21,E,8,15.52,E,8,83.0,E,8,872.5394,E,8,999.0,E,8,0.33,E,8,-9900,?,9,-9900,?,9,0.0,E,8,-9900,?,9,-9900,?,9,0.0,0.0,E,8
11/16/2017,12:00,1396.46,1397.731,373.28,1,8,20.593,1,8,352.706,1,8,44793.6,1,8,1956.349,1,8,38797.614,1,8,112.372,1,8,-9900,?,9,-9900,?,9,18.91,E,8,15.79,E,8,81.0,E,8,872.5394,E,8,999.0,E,8,0.61,E,8,-9900,?,9,-9900,?,9,0.0,E,8,-9900,?,9,-9900,?,9,0.0,0.0,E,8
11/16/2017,13:00,1359.273,1397.731,404.14,1,8,37.841,1,8,367.34,1,8,48496.8,1,8,3594.925,1,8,40407.453,1,8,120.238,1,8,-9900,?,9,-9900,?,9,19.51,E,8,16.02,E,8,80.0,E,8,872.5394,E,8,999.0,E,8,0.48,E,8,-9900,?,9,-9900,?,9,0.0,E,8,-9900,?,9,-9900,?,9,0.0,0.0,E,8
11/16/2017,14:00,1240.597,1397.731,241.57,1,8,3.711,1,8,238.277,1,8,28988.4,1,8,352.514,1,8,26210.442,1,8,85.459,1,8,-9900,?,9,-9900,?,9,19.49,E,8,16.01,E,8,84.0,E,8,872.5394,E,8,999.0,E,8,0.29,E,8,-9900,?,9,-9900,?,9,0.005,E,8,-9900,?,9,-9900,?,9,0.05,99.0,E,8
11/16/2017,15:00,1048.553,1397.731,285.4,1,8,22.228,1,8,268.728,1,8,34248.0,1,8,2111.706,1,8,29560.122,1,8,114.05,1,8,-9900,?,9,-9900,?,9,19.58,E,8,16.05,E,8,80.0,E,8,872.5394,E,8,999.0,E,8,0.4,E,8,-9900,?,9,-9900,?,9,0.0,E,8,-9900,?,9,-9900,?,9,0.0,0.0,E,8
11/16/2017,16:00,796.291,1397.731,220.34,1,8,9.249,1,8,215.074,1,8,26440.8,1,8,878.626,1,8,23658.163,1,8,120.242,1,8,-9900,?,9,-9900,?,9,19.45,E,8,16.0,E,8,80.0,E,8,872.5394,E,8,999.0,E,8,0.67,E,8,-9900,?,9,-9900,?,9,0.0,E,8,-9900,?,9,-9900,?,9,0.0,0.0,E,8
11/16/2017,17:00,501.176,1397.731,141.18,1,8,12.706,1,8,136.633,1,8,16941.6,1,8,1207.09,1,8,15029.627,1,8,121.533,1,8,-9900,?,9,-9900,?,9,19.06,E,8,15.85,E,8,81.0,E,8,872.5394,E,8,999.0,E,8,0.67,E,8,-9900,?,9,-9900,?,9,0.0,E,8,-9900,?,9,-9900,?,9,0.0,0.0,E,8
11/16/2017,18:00,184.435,1397.731,56.54,1,8,44.513,1,8,50.756,1,8,6784.8,1,8,4228.693,1,8,5583.161,1,8,124.335,1,8,-9900,?,9,-9900,?,9,18.45,E,8,15.61,E,8,82.0,E,8,872.5394,E,8,999.0,E,8,0.84,E,8,-9900,?,9,-9900,?,9,0.0,E,8,-9900,?,9,-9900,?,9,0.0,0.0,E,8
11/16/2017,19:00,0.0,1397.731,0.22,1,8,0.0,1,8,0.0,1,8,26.4,1,8,0.0,1,8,0.0,1,8,-0.0,1,8,-9900,?,9,-9900,?,9,17.8,E,8,15.36,E,8,84.0,E,8,872.5394,E,8,999.0,E,8,1.47,E,8,-9900,?,9,-9900,?,9,0.0,E,8,-9900,?,9,-9900,?,9,0.0,0.0,E,8
11/16/2017,20:00,0.0,1397.731,0.0,1,8,0.0,1,8,0.0,1,8,0.0,1,8,0.0,1,8,0.0,1,8,-0.0,1,8,-9900,?,9,-9900,?,9,17.14,E,8,15.09,E,8,86.0,E,8,872.5394,E,8,999.0,E,8,1.8,E,8,-9900,?,9,-9900,?,9,0.0,E,8,-9900,?,9,-9900,?,9,0.0,0.0,E,8
11/16/2017,21:00,0.0,1397.731,0.0,1,8,0.0,1,8,0.0,1,8,0.0,1,8,0.0,1,8,0.0,1,8,-0.0,1,8,-9900,?,9,-9900,?,9,16.48,E,8,14.83,E,8,91.0,E,8,872.5394,E,8,999.0,E,8,1.78,E,8,-9900,?,9,-9900,?,9,0.002,E,8,-9900,?,9,-9900,?,9,0.02,99.0,E,8
11/16/2017,22:00,0.0,1397.731,0.0,1,8,0.0,1,8,0.0,1,8,0.0,1,8,0.0,1,8,0.0,1,8,-0.0,1,8,-9900,?,9,-9900,?,9,15.82,E,8,14.55,E,8,93.0,E,8,872.5394,E,8,999.0,E,8,2.94,E,8,-9900,?,9,-9900,?,9,0.012,E,8,-9900,?,9,-9900,?,9,0.12,99.0,E,8
11/16/2017,23:00,0.0,1397.731,0.0,1,8,0.0,1,8,0.0,1,8,0.0,1,8,0.0,1,8,0.0,1,8,-0.0,1,8,-9900,?,9,-9900,?,9,15.16,E,8,14.28,E,8,99.0,E,8,872.5394,E,8,999.0,E,8,2.07,E,8,-9900,?,9,-9900,?,9,0.279,E,8,-9900,?,9,-9900,?,9,2.79,99.0,E,8
11/16/2017,24:00,0.0,1397.731,0.0,1,8,0.0,1,8,0.0,1,8,0.0,1,8,0.0,1,8,0.0,1,8,-0.0,1,8,-9900,?,9,-9900,?,9,14.5,E,8,13.3,E,8,90.0,E,8,872.5394,E,8,999.0,E,8,26.05,E,8,-9900,?,9,-9900,?,9,0.0,E,8,-9900,?,9,-9900,?,9,0.0,0.0,E,8
11/17/2017,01:00,0.0,1397.731,0.0,1,8,0.0,1,8,0.0,1,8,0.0,1,8,0.0,1,8,0.0,1,8,-0.0,1,8,-9900,?,9,-9900,?,9,14.17,E,8,13.16,E,8,92.0,E,8,872.5394,E,8,999.0,E,8,26.2,E,8,-9900,?,9,-9900,?,9,0.0,E,8,-9900,?,9,-9900,?,9,0.0,0.0,E,8
11/17/2017,02:00,0.0,1397.731,0.0,1,8,0.0,1,8,0.0,1,8,0.0,1,8,0.0,1,8,0.0,1,8,-0.0,1,8,-9900,?,9,-9900,?,9,13.84,E,8,13.02,E,8,93.0,E,8,872.5394,E,8,999.0,E,8,23.98,E,8,-9900,?,9,-9900,?,9,0.0,E,8,-9900,?,9,-9900,?,9,0.0,0.0,E,8
11/17/2017,03:00,0.0,1397.731,0.0,1,8,0.0,1,8,0.0,1,8,0.0,1,8,0.0,1,8,0.0,1,8,-0.0,1,8,-9900,?,9,-9900,?,9,13.51,E,8,12.88,E,8,98.0,E,8,872.5394,E,8,999.0,E,8,21.86,E,8,-9900,?,9,-9900,?,9,0.001,E,8,-9900,?,9,-9900,?,9,0.01,99.0,E,8
11/17/2017,04:00,0.0,1398.354,0.0,1,8,0.0,1,8,0.0,1,8,0.0,1,8,0.0,1,8,0.0,1,8,-0.0,1,8,-9900,?,9,-9900,?,9,13.18,E,8,12.74,E,8,99.0,E,8,872.5394,E,8,999.0,E,8,22.46,E,8,-9900,?,9,-9900,?,9,0.002,E,8,-9900,?,9,-9900,?,9,0.02,99.0,E,8
11/17/2017,05:00,0.0,1398.354,0.0,1,8,0.0,1,8,0.0,1,8,0.0,1,8,0.0,1,8,0.0,1,8,-0.0,1,8,-9900,?,9,-9900,?,9,12.89,E,8,12.62,E,8,96.0,E,8,872.5394,E,8,999.0,E,8,15.87,E,8,-9900,?,9,-9900,?,9,0.0,E,8,-9900,?,9,-9900,?,9,0.0,0.0,E,8
11/17/2017,06:00,147.84,1398.354,0.0,1,8,0.0,1,8,0.0,1,8,0.0,1,8,0.0,1,8,0.0,1,8,0.0,1,8,-9900,?,9,-9900,?,9,12.68,E,8,12.52,E,8,96.0,E,8,872.5394,E,8,999.0,E,8,14.25,E,8,-9900,?,9,-9900,?,9,0.0,E,8,-9900,?,9,-9900,?,9,0.0,0.0,E,8
11/17/2017,07:00,465.412,1398.354,47.39,1,8,0.0,1,8,47.39,1,8,5686.8,1,8,0.0,1,8,5212.9,1,8,45.428,1,8,-9900,?,9,-9900,?,9,12.46,E,8,12.43,E,8,97.0,E,8,872.5394,E,8,999.0,E,8,10.38,E,8,-9900,?,9,-9900,?,9,0.0,E,8,-9900,?,9,-9900,?,9,0.0,0.0,E,8
11/17/2017,08:00,764.263,1398.354,157.54,1,8,5.87,1,8,154.334,1,8,18904.8,1,8,557.61,1,8,16976.764,1,8,89.947,1,8,-9900,?,9,-9900,?,9,15.44,E,8,13.68,E,8,88.0,E,8,872.5394,E,8,999.0,E,8,7.54,E,8,-9900,?,9,-9900,?,9,0.0,E,8,-9900,?,9,-9900,?,9,0.0,0.0,E,8
11/17/2017,09:00,1022.516,1398.354,226.08,1,8,2.442,1,8,224.294,1,8,27129.6,1,8,232.031,1,8,24672.393,1,8,97.662,1,8,-9900,?,9,-9900,?,9,16.63,E,8,14.16,E,8,93.0,E,8,872.5394,E,8,999.0,E,8,7.16,E,8,-9900,?,9,-9900,?,9,0.191,E,8,-9900,?,9,-9900,?,9,1.91,99.0,E,8
11/17/2017,10:00,1222.389,1398.354,321.16,1,8,2.325,1,8,319.128,1,8,38539.2,1,8,220.896,1,8,35104.032,1,8,116.215,1,8,-9900,?,9,-9900,?,9,17.92,E,8,14.66,E,8,85.0,E,8,872.5394,E,8,999.0,E,8,8.72,E,8,-9900,?,9,-9900,?,9,0.006,E,8,-9900,?,9,-9900,?,9,0.06,99.0,E,8
11/17/2017,11:00,1350.22,1398.354,411.45,1,8,39.772,1,8,373.048,1,8,49374.0,1,8,3778.365,1,8,41035.234,1,8,122.98,1,8,-9900,?,9,-9900,?,9,19.22,E,8,15.15,E,8,77.0,E,8,872.5394,E,8,999.0,E,8,6.42,E,8,-9900,?,9,-9900,?,9,0.0,E,8,-9900,?,9,-9900,?,9,0.0,0.0,E,8
11/17/2017,12:00,1397.295,1398.354,296.9,1,8,4.319,1,8,292.584,1,8,35628.0,1,8,410.309,1,8,32184.265,1,8,93.203,1,8,-9900,?,9,-9900,?,9,19.53,E,8,15.27,E,8,76.0,E,8,872.5394,E,8,999.0,E,8,7.08,E,8,-9900,?,9,-9900,?,9,0.0,E,8,-9900,?,9,-9900,?,9,0.0,0.0,E,8
11/17/2017,13:00,1360.414,1398.354,259.76,1,8,6.219,1,8,253.71,1,8,31171.2,1,8,590.803,1,8,27908.083,1,8,83.012,1,8,-9900,?,9,-9900,?,9,19.6,E,8,15.29,E,8,76.0,E,8,872.5394,E,8,999.0,E,8,3.7,E,8,-9900,?,9,-9900,?,9,0.0,E,8,-9900,?,9,-9900,?,9,0.0,0.0,E,8
11/17/2017,14:00,1242.113,1398.354,234.21,1,8,3.802,1,8,230.833,1,8,28105.2,1,8,361.19,1,8,25391.638,1,8,82.725,1,8,-9900,?,9,-9900,?,9,19.56,E,8,15.28,E,8,76.0,E,8,872.5394,E,8,999.0,E,8,1.9,E,8,-9900,?,9,-9900,?,9,0.0,E,8,-9900,?,9,-9900,?,9,0.0,0.0,E,8
11/17/2017,15:00,1050.485,1398.354,287.05,1,8,22.478,1,8,270.167,1,8,34446.0,1,8,2135.443,1,8,29718.418,1,8,114.501,1,8,-9900,?,9,-9900,?,9,19.7,E,8,15.33,E,8,75.0,E,8,872.5394,E,8,999.0,E,8,1.84,E,8,-9900,?,9,-9900,?,9,0.0,E,8,-9900,?,9,-9900,?,9,0.0,0.0,E,8
11/17/2017,16:00,798.649,1398.354,205.98,1,8,6.391,1,8,202.332,1,8,24717.6,1,8,607.175,1,8,22256.509,1,8,112.834,1,8,-9900,?,9,-9900,?,9,19.48,E,8,15.25,E,8,76.0,E,8,872.5394,E,8,999.0,E,8,2.04,E,8,-9900,?,9,-9900,?,9,0.0,E,8,-9900,?,9,-9900,?,9,0.0,0.0,E,8
11/17/2017,17:00,503.943,1398.354,148.5,1,8,18.27,1,8,141.929,1,8,17820.0,1,8,1735.646,1,8,15612.148,1,8,125.603,1,8,-9900,?,9,-9900,?,9,19.05,E,8,15.09,E,8,77.0,E,8,872.5394,E,8,999.0,E,8,2.72,E,8,-9900,?,9,-9900,?,9,0.0,E,8,-9900,?,9,-9900,?,9,0.0,0.0,E,8
11/17/2017,18:00,187.534,1398.354,92.38,1,8,157.977,1,8,71.507,1,8,11085.6,1,8,15007.848,1,8,7865.756,1,8,172.268,1,8,-9900,?,9,-9900,?,9,18.46,E,8,14.87,E,8,79.0,E,8,872.5394,E,8,999.0,E,8,1.94,E,8,-9900,?,9,-9900,?,9,0.0,E,8,-9900,?,9,-9900,?,9,0.0,0.0,E,8
11/17/2017,19:00,0.0,1398.354,2.46,1,8,0.0,1,8,0.0,1,8,295.2,1,8,0.0,1,8,0.0,1,8,-0.0,1,8,-9900,?,9,-9900,?,9,17.75,E,8,14.59,E,8,81.0,E,8,872.5394,E,8,999.0,E,8,3.1,E,8,-9900,?,9,-9900,?,9,0.0,E,8,-9900,?,9,-9900,?,9,0.0,0.0,E,8
11/17/2017,20:00,0.0,1398.354,0.0,1,8,0.0,1,8,0.0,1,8,0.0,1,8,0.0,1,8,0.0,1,8,-0.0,1,8,-9900,?,9,-9900,?,9,17.03,E,8,14.32,E,8,83.0,E,8,872.5394,E,8,999.0,E,8,1.84,E,8,-9900,?,9,-9900,?,9,0.0,E,8,-9900,?,9,-9900,?,9,0.0,0.0,E,8
11/17/2017,21:00,0.0,1398.354,0.0,1,8,0.0,1,8,0.0,1,8,0.0,1,8,0.0,1,8,0.0,1,8,-0.0,1,8,-9900,?,9,-9900,?,9,16.32,E,8,14.04,E,8,85.0,E,8,872.5394,E,8,999.0,E,8,1.93,E,8,-9900,?,9,-9900,?,9,0.0,E,8,-9900,?,9,-9900,?,9,0.0,0.0,E,8
11/17/2017,22:00,0.0,1398.354,0.0,1,8,0.0,1,8,0.0,1,8,0.0,1,8,0.0,1,8,0.0,1,8,-0.0,1,8,-9900,?,9,-9900,?,9,15.6,E,8,13.75,E,8,87.0,E,8,872.5394,E,8,999.0,E,8,1.84,E,8,-9900,?,9,-9900,?,9,0.0,E,8,-9900,?,9,-9900,?,9,0.0,0.0,E,8
11/17/2017,23:00,0.0,1398.354,0.0,1,8,0.0,1,8,0.0,1,8,0.0,1,8,0.0,1,8,0.0,1,8,-0.0,1,8,-9900,?,9,-9900,?,9,14.89,E,8,13.46,E,8,89.0,E,8,872.5394,E,8,999.0,E,8,2.22,E,8,-9900,?,9,-9900,?,9,0.0,E,8,-9900,?,9,-9900,?,9,0.0,0.0,E,8
11/17/2017,24:00,0.0,1398.354,0.0,1,8,0.0,1,8,0.0,1,8,0.0,1,8,0.0,1,8,0.0,1,8,-0.0,1,8,-9900,?,9,-9900,?,9,14.17,E,8,12.07,E,8,87.0,E,8,872.5394,E,8,999.0,E,8,0.61,E,8,-9900,?,9,-9900,?,9,0.0,E,8,-9900,?,9,-9900,?,9,0.0,0.0,E,8
11/18/2017,01:00,0.0,1398.354,0.0,1,8,0.0,1,8,0.0,1,8,0.0,1,8,0.0,1,8,0.0,1,8,-0.0,1,8,-9900,?,9,-9900,?,9,13.81,E,8,12.05,E,8,89.0,E,8,872.5394,E,8,999.0,E,8,0.61,E,8,-9900,?,9,-9900,?,9,0.0,E,8,-9900,?,9,-9900,?,9,0.0,0.0,E,8
11/18/2017,02:00,0.0,1398.354,0.0,1,8,0.0,1,8,0.0,1,8,0.0,1,8,0.0,1,8,0.0,1,8,-0.0,1,8,-9900,?,9,-9900,?,9,13.46,E,8,12.03,E,8,91.0,E,8,872.5394,E,8,999.0,E,8,0.61,E,8,-9900,?,9,-9900,?,9,0.0,E,8,-9900,?,9,-9900,?,9,0.0,0.0,E,8
11/18/2017,03:00,0.0,1398.354,0.0,1,8,0.0,1,8,0.0,1,8,0.0,1,8,0.0,1,8,0.0,1,8,-0.0,1,8,-9900,?,9,-9900,?,9,13.1,E,8,12.0,E,8,93.0,E,8,872.5394,E,8,999.0,E,8,0.61,E,8,-9900,?,9,-9900,?,9,0.0,E,8,-9900,?,9,-9900,?,9,0.0,0.0,E,8
11/18/2017,04:00,0.0,1398.967,0.0,1,8,0.0,1,8,0.0,1,8,0.0,1,8,0.0,1,8,0.0,1,8,-0.0,1,8,-9900,?,9,-9900,?,9,12.74,E,8,11.98,E,8,95.0,E,8,872.5394,E,8,999.0,E,8,0.61,E,8,-9900,?,9,-9900,?,9,0.0,E,8,-9900,?,9,-9900,?,9,0.0,0.0,E,8
11/18/2017,05:00,0.0,1398.967,0.0,1,8,0.0,1,8,0.0,1,8,0.0,1,8,0.0,1,8,0.0,1,8,-0.0,1,8,-9900,?,9,-9900,?,9,12.43,E,8,11.96,E,8,96.0,E,8,872.5394,E,8,999.0,E,8,0.61,E,8,-9900,?,9,-9900,?,9,0.0,E,8,-9900,?,9,-9900,?,9,0.0,0.0,E,8
11/18/2017,06:00,148.822,1398.967,0.0,1,8,0.0,1,8,0.0,1,8,0.0,1,8,0.0,1,8,0.0,1,8,0.0,1,8,-9900,?,9,-9900,?,9,12.19,E,8,11.94,E,8,98.0,E,8,872.5394,E,8,999.0,E,8,0.61,E,8,-9900,?,9,-9900,?,9,0.0,E,8,-9900,?,9,-9900,?,9,0.0,0.0,E,8
11/18/2017,07:00,466.112,1398.967,65.58,1,8,0.0,1,8,65.58,1,8,7869.6,1,8,0.0,1,8,7213.8,1,8,62.798,1,8,-9900,?,9,-9900,?,9,11.95,E,8,11.92,E,8,99.0,E,8,872.5394,E,8,999.0,E,8,0.61,E,8,-9900,?,9,-9900,?,9,0.0,E,8,-9900,?,9,-9900,?,9,0.0,0.0,E,8
11/18/2017,08:00,764.76,1398.967,182.15,1,8,3.932,1,8,180.002,1,8,21858.0,1,8,373.51,1,8,19800.24,1,8,104.884,1,8,-9900,?,9,-9900,?,9,15.09,E,8,12.13,E,8,82.0,E,8,872.5394,E,8,999.0,E,8,0.61,E,8,-9900,?,9,-9900,?,9,0.0,E,8,-9900,?,9,-9900,?,9,0.0,0.0,E,8
11/18/2017,09:00,1022.918,1398.967,293.28,1,8,9.087,1,8,286.637,1,8,35193.6,1,8,863.268,1,8,31530.104,1,8,124.813,1,8,-9900,?,9,-9900,?,9,16.52,E,8,12.23,E,8,75.0,E,8,872.5394,E,8,999.0,E,8,0.61,E,8,-9900,?,9,-9900,?,9,0.0,E,8,-9900,?,9,-9900,?,9,0.0,0.0,E,8
11/18/2017,10:00,1222.81,1398.967,386.01,1,8,15.205,1,8,372.721,1,8,46321.2,1,8,1444.477,1,8,40999.287,1,8,135.744,1,8,-9900,?,9,-9900,?,9,17.82,E,8,12.31,E,8,70.0,E,8,872.5394,E,8,999.0,E,8,0.61,E,8,-9900,?,9,-9900,?,9,0.0,E,8,-9900,?,9,-9900,?,9,0.0,0.0,E,8
11/18/2017,11:00,1350.775,1398.967,452.74,1,8,31.797,1,8,422.039,1,8,54328.8,1,8,3020.75,1,8,46424.252,1,8,139.135,1,8,-9900,?,9,-9900,?,9,18.94,E,8,12.39,E,8,65.0,E,8,872.5394,E,8,999.0,E,8,0.61,E,8,-9900,?,9,-9900,?,9,0.0,E,8,-9900,?,9,-9900,?,9,0.0,0.0,E,8
11/18/2017,12:00,1398.088,1398.967,488.49,1,8,35.193,1,8,453.319,1,8,58618.8,1,8,3343.305,1,8,49865.14,1,8,144.387,1,8,-9900,?,9,-9900,?,9,19.84,E,8,12.45,E,8,62.0,E,8,872.5394,E,8,999.0,E,8,0.61,E,8,-9900,?,9,-9900,?,9,0.0,E,8,-9900,?,9,-9900,?,9,0.0,0.0,E,8
11/18/2017,13:00,1361.533,1398.967,490.69,1,8,39.433,1,8,452.313,1,8,58882.8,1,8,3746.095,1,8,49754.452,1,8,147.937,1,8,-9900,?,9,-9900,?,9,20.49,E,8,12.49,E,8,60.0,E,8,872.5394,E,8,999.0,E,8,0.61,E,8,-9900,?,9,-9900,?,9,0.0,E,8,-9900,?,9,-9900,?,9,0.0,0.0,E,8
11/18/2017,14:00,1243.623,1398.967,459.17,1,8,33.02,1,8,429.819,1,8,55100.4,1,8,3136.939,1,8,47280.039,1,8,153.918,1,8,-9900,?,9,-9900,?,9,20.88,E,8,12.51,E,8,58.0,E,8,872.5394,E,8,999.0,E,8,1.09,E,8,-9900,?,9,-9900,?,9,0.0,E,8,-9900,?,9,-9900,?,9,0.0,0.0,E,8
11/18/2017,15:00,1052.424,1398.967,396.23,1,8,23.465,1,8,378.582,1,8,47547.6,1,8,2229.183,1,8,41643.967,1,8,160.223,1,8,-9900,?,9,-9900,?,9,21.0,E,8,12.52,E,8,58.0,E,8,872.5394,E,8,999.0,E,8,1.04,E,8,-9900,?,9,-9900,?,9,0.0,E,8,-9900,?,9,-9900,?,9,0.0,0.0,E,8
11/18/2017,16:00,801.026,1398.967,306.54,1,8,41.257,1,8,282.931,1,8,36784.8,1,8,3919.44,1,8,31122.404,1,8,157.381,1,8,-9900,?,9,-9900,?,9,20.78,E,8,12.51,E,8,59.0,E,8,872.5394,E,8,999.0,E,8,0.89,E,8,-9900,?,9,-9900,?,9,0.0,E,8,-9900,?,9,-9900,?,9,0.0,0.0,E,8
11/18/2017,17:00,506.733,1398.967,197.32,1,8,104.511,1,8,159.537,1,8,23678.4,1,8,9928.535,1,8,17549.061,1,8,140.467,1,8,-9900,?,9,-9900,?,9,20.18,E,8,12.47,E,8,61.0,E,8,872.5394,E,8,999.0,E,8,0.61,E,8,-9900,?,9,-9900,?,9,0.0,E,8,-9900,?,9,-9900,?,9,0.0,0.0,E,8
11/18/2017,18:00,190.656,1398.967,80.31,1,8,250.83,1,8,46.616,1,8,9637.2,1,8,23828.819,1,8,5127.78,1,8,110.463,1,8,-9900,?,9,-9900,?,9,19.25,E,8,12.41,E,8,64.0,E,8,872.5394,E,8,999.0,E,8,0.61,E,8,-9900,?,9,-9900,?,9,0.0,E,8,-9900,?,9,-9900,?,9,0.0,0.0,E,8
11/18/2017,19:00,0.0,1398.967,0.48,1,8,0.0,1,8,0.0,1,8,57.6,1,8,0.0,1,8,0.0,1,8,-0.0,1,8,-9900,?,9,-9900,?,9,18.4,E,8,12.35,E,8,67.0,E,8,872.5394,E,8,999.0,E,8,0.61,E,8,-9900,?,9,-9900,?,9,0.0,E,8,-9900,?,9,-9900,?,9,0.0,0.0,E,8
11/18/2017,20:00,0.0,1398.967,0.0,1,8,0.0,1,8,0.0,1,8,0.0,1,8,0.0,1,8,0.0,1,8,-0.0,1,8,-9900,?,9,-9900,?,9,17.55,E,8,12.3,E,8,81.0,E,8,872.5394,E,8,999.0,E,8,0.61,E,8,-9900,?,9,-9900,?,9,0.191,E,8,-9900,?,9,-9900,?,9,1.91,99.0,E,8
11/18/2017,21:00,0.0,1398.967,0.0,1,8,0.0,1,8,0.0,1,8,0.0,1,8,0.0,1,8,0.0,1,8,-0.0,1,8,-9900,?,9,-9900,?,9,16.7,E,8,12.24,E,8,79.0,E,8,872.5394,E,8,999.0,E,8,0.61,E,8,-9900,?,9,-9900,?,9,0.006,E,8,-9900,?,9,-9900,?,9,0.06,99.0,E,8
11/18/2017,22:00,0.0,1398.967,0.0,1,8,0.0,1,8,0.0,1,8,0.0,1,8,0.0,1,8,0.0,1,8,-0.0,1,8,-9900,?,9,-9900,?,9,15.85,E,8,12.18,E,8,83.0,E,8,872.5394,E,8,999.0,E,8,0.61,E,8,-9900,?,9,-9900,?,9,0.002,E,8,-9900,?,9,-9900,?,9,0.02,99.0,E,8
11/18/2017,23:00,0.0,1398.967,0.0,1,8,0.0,1,8,0.0,1,8,0.0,1,8,0.0,1,8,0.0,1,8,-0.0,1,8,-9900,?,9,-9900,?,9,15.0,E,8,12.13,E,8,87.0,E,8,872.5394,E,8,999.0,E,8,0.61,E,8,-9900,?,9,-9900,?,9,0.001,E,8,-9900,?,9,-9900,?,9,0.01,99.0,E,8
11/18/2017,24:00,0.0,1398.967,0.0,1,8,0.0,1,8,0.0,1,8,0.0,1,8,0.0,1,8,0.0,1,8,-0.0,1,8,-9900,?,9,-9900,?,9,14.15,E,8,11.7,E,8,85.0,E,8,872.5394,E,8,999.0,E,8,0.35,E,8,-9900,?,9,-9900,?,9,0.0,E,8,-9900,?,9,-9900,?,9,0.0,0.0,E,8
11/19/2017,01:00,0.0,1398.967,0.0,1,8,0.0,1,8,0.0,1,8,0.0,1,8,0.0,1,8,0.0,1,8,-0.0,1,8,-9900,?,9,-9900,?,9,13.73,E,8,11.67,E,8,87.0,E,8,872.5394,E,8,999.0,E,8,0.35,E,8,-9900,?,9,-9900,?,9,0.0,E,8,-9900,?,9,-9900,?,9,0.0,0.0,E,8
11/19/2017,02:00,0.0,1398.967,0.0,1,8,0.0,1,8,0.0,1,8,0.0,1,8,0.0,1,8,0.0,1,8,-0.0,1,8,-9900,?,9,-9900,?,9,13.3,E,8,11.63,E,8,89.0,E,8,872.5394,E,8,999.0,E,8,0.35,E,8,-9900,?,9,-9900,?,9,0.0,E,8,-9900,?,9,-9900,?,9,0.0,0.0,E,8
11/19/2017,03:00,0.0,1398.967,0.0,1,8,0.0,1,8,0.0,1,8,0.0,1,8,0.0,1,8,0.0,1,8,-0.0,1,8,-9900,?,9,-9900,?,9,12.88,E,8,11.6,E,8,91.0,E,8,872.5394,E,8,999.0,E,8,0.35,E,8,-9900,?,9,-9900,?,9,0.0,E,8,-9900,?,9,-9900,?,9,0.0,0.0,E,8
11/19/2017,04:00,0.0,1399.571,0.0,1,8,0.0,1,8,0.0,1,8,0.0,1,8,0.0,1,8,0.0,1,8,-0.0,1,8,-9900,?,9,-9900,?,9,12.45,E,8,11.56,E,8,94.0,E,8,872.5394,E,8,999.0,E,8,0.35,E,8,-9900,?,9,-9900,?,9,0.0,E,8,-9900,?,9,-9900,?,9,0.0,0.0,E,8
11/19/2017,05:00,0.0,1399.571,0.0,1,8,0.0,1,8,0.0,1,8,0.0,1,8,0.0,1,8,0.0,1,8,-0.0,1,8,-9900,?,9,-9900,?,9,12.07,E,8,11.53,E,8,96.0,E,8,872.5394,E,8,999.0,E,8,0.35,E,8,-9900,?,9,-9900,?,9,0.0,E,8,-9900,?,9,-9900,?,9,0.0,0.0,E,8
11/19/2017,06:00,149.684,1399.571,0.0,1,8,0.0,1,8,0.0,1,8,0.0,1,8,0.0,1,8,0.0,1,8,0.0,1,8,-9900,?,9,-9900,?,9,11.79,E,8,11.51,E,8,98.0,E,8,872.5394,E,8,999.0,E,8,0.35,E,8,-9900,?,9,-9900,?,9,0.0,E,8,-9900,?,9,-9900,?,9,0.0,0.0,E,8
11/19/2017,07:00,466.695,1399.571,98.61,1,8,0.0,1,8,98.61,1,8,11833.2,1,8,0.0,1,8,10847.1,1,8,94.35,1,8,-9900,?,9,-9900,?,9,11.51,E,8,11.48,E,8,99.0,E,8,872.5394,E,8,999.0,E,8,0.35,E,8,-9900,?,9,-9900,?,9,0.0,E,8,-9900,?,9,-9900,?,9,0.0,0.0,E,8
11/19/2017,08:00,765.15,1399.571,273.16,1,8,38.511,1,8,252.121,1,8,32779.2,1,8,3658.504,1,8,27733.268,1,8,146.894,1,8,-9900,?,9,-9900,?,9,14.97,E,8,11.77,E,8,81.0,E,8,872.5394,E,8,999.0,E,8,0.35,E,8,-9900,?,9,-9900,?,9,0.0,E,8,-9900,?,9,-9900,?,9,0.0,0.0,E,8
11/19/2017,09:00,1023.226,1399.571,439.58,1,8,80.638,1,8,380.641,1,8,52749.6,1,8,7660.625,1,8,41870.46,1,8,165.768,1,8,-9900,?,9,-9900,?,9,16.54,E,8,11.9,E,8,74.0,E,8,872.5394,E,8,999.0,E,8,0.35,E,8,-9900,?,9,-9900,?,9,0.0,E,8,-9900,?,9,-9900,?,9,0.0,0.0,E,8
11/19/2017,10:00,1223.155,1399.571,578.49,1,8,168.264,1,8,431.449,1,8,69418.8,1,8,15985.12,1,8,47459.359,1,8,157.156,1,8,-9900,?,9,-9900,?,9,17.98,E,8,12.02,E,8,68.0,E,8,872.5394,E,8,999.0,E,8,0.35,E,8,-9900,?,9,-9900,?,9,0.0,E,8,-9900,?,9,-9900,?,9,0.0,0.0,E,8
11/19/2017,11:00,1351.271,1399.571,678.53,1,8,96.714,1,8,585.156,1,8,81423.6,1,8,9187.803,1,8,64367.15,1,8,192.923,1,8,-9900,?,9,-9900,?,9,19.21,E,8,12.12,E,8,63.0,E,8,872.5394,E,8,999.0,E,8,1.22,E,8,-9900,?,9,-9900,?,9,0.0,E,8,-9900,?,9,-9900,?,9,0.0,0.0,E,8
11/19/2017,12:00,1398.84,1399.571,732.23,1,8,111.197,1,8,621.091,1,8,87867.6,1,8,10563.698,1,8,68320.04,1,8,197.803,1,8,-9900,?,9,-9900,?,9,20.19,E,8,12.2,E,8,60.0,E,8,872.5394,E,8,999.0,E,8,1.01,E,8,-9900,?,9,-9900,?,9,0.0,E,8,-9900,?,9,-9900,?,9,0.0,0.0,E,8
11/19/2017,13:00,1362.63,1399.571,735.7,1,8,129.103,1,8,610.007,1,8,88284.0,1,8,12264.757,1,8,67100.765,1,8,199.438,1,8,-9900,?,9,-9900,?,9,20.91,E,8,12.26,E,8,57.0,E,8,872.5394,E,8,999.0,E,8,1.79,E,8,-9900,?,9,-9900,?,9,0.0,E,8,-9900,?,9,-9900,?,9,0.0,0.0,E,8
11/19/2017,14:00,1245.127,1399.571,688.71,1,8,311.459,1,8,411.642,1,8,82645.2,1,8,29588.59,1,8,45280.667,1,8,147.294,1,8,-9900,?,9,-9900,?,9,21.33,E,8,12.29,E,8,56.0,E,8,872.5394,E,8,999.0,E,8,1.75,E,8,-9900,?,9,-9900,?,9,0.0,E,8,-9900,?,9,-9900,?,9,0.0,0.0,E,8
11/19/2017,15:00,1054.371,1399.571,594.66,1,8,286.153,1,8,379.135,1,8,71359.2,1,8,27184.488,1,8,41704.796,1,8,160.229,1,8,-9900,?,9,-9900,?,9,21.47,E,8,12.3,E,8,55.0,E,8,872.5394,E,8,999.0,E,8,2.38,E,8,-9900,?,9,-9900,?,9,0.0,E,8,-9900,?,9,-9900,?,9,0.0,0.0,E,8
11/19/2017,16:00,803.42,1399.571,460.55,1,8,350.734,1,8,259.332,1,8,55266.0,1,8,33319.757,1,8,28526.524,1,8,143.886,1,8,-9900,?,9,-9900,?,9,21.24,E,8,12.28,E,8,56.0,E,8,872.5394,E,8,999.0,E,8,1.13,E,8,-9900,?,9,-9900,?,9,0.0,E,8,-9900,?,9,-9900,?,9,0.0,0.0,E,8
11/19/2017,17:00,509.544,1399.571,297.13,1,8,405.484,1,8,149.785,1,8,35655.6,1,8,38520.957,1,8,16476.388,1,8,131.207,1,8,-9900,?,9,-9900,?,9,20.57,E,8,12.23,E,8,58.0,E,8,872.5394,E,8,999.0,E,8,0.48,E,8,-9900,?,9,-9900,?,9,0.0,E,8,-9900,?,9,-9900,?,9,0.0,0.0,E,8
11/19/2017,18:00,193.801,1399.571,121.91,1,8,424.908,1,8,63.891,1,8,14629.2,1,8,40366.253,1,8,7027.963,1,8,148.939,1,8,-9900,?,9,-9900,?,9,19.56,E,8,12.15,E,8,62.0,E,8,872.5394,E,8,999.0,E,8,0.35,E,8,-9900,?,9,-9900,?,9,0.0,E,8,-9900,?,9,-9900,?,9,0.0,0.0,E,8
11/19/2017,19:00,0.0,1399.571,0.89,1,8,0.0,1,8,0.0,1,8,106.8,1,8,0.0,1,8,0.0,1,8,-0.0,1,8,-9900,?,9,-9900,?,9,18.63,E,8,12.07,E,8,65.0,E,8,872.5394,E,8,999.0,E,8,0.35,E,8,-9900,?,9,-9900,?,9,0.0,E,8,-9900,?,9,-9900,?,9,0.0,0.0,E,8
11/19/2017,20:00,0.0,1399.571,0.0,1,8,0.0,1,8,0.0,1,8,0.0,1,8,0.0,1,8,0.0,1,8,-0.0,1,8,-9900,?,9,-9900,?,9,17.69,E,8,12.0,E,8,69.0,E,8,872.5394,E,8,999.0,E,8,0.35,E,8,-9900,?,9,-9900,?,9,0.0,E,8,-9900,?,9,-9900,?,9,0.0,0.0,E,8
11/19/2017,21:00,0.0,1399.571,0.0,1,8,0.0,1,8,0.0,1,8,0.0,1,8,0.0,1,8,0.0,1,8,-0.0,1,8,-9900,?,9,-9900,?,9,16.76,E,8,11.92,E,8,73.0,E,8,872.5394,E,8,999.0,E,8,0.35,E,8,-9900,?,9,-9900,?,9,0.0,E,8,-9900,?,9,-9900,?,9,0.0,0.0,E,8
11/19/2017,22:00,0.0,1399.571,0.0,1,8,0.0,1,8,0.0,1,8,0.0,1,8,0.0,1,8,0.0,1,8,-0.0,1,8,-9900,?,9,-9900,?,9,15.83,E,8,11.84,E,8,77.0,E,8,872.5394,E,8,999.0,E,8,0.35,E,8,-9900,?,9,-9900,?,9,0.0,E,8,-9900,?,9,-9900,?,9,0.0,0.0,E,8
11/19/2017,23:00,0.0,1399.571,0.0,1,8,0.0,1,8,0.0,1,8,0.0,1,8,0.0,1,8,0.0,1,8,-0.0,1,8,-9900,?,9,-9900,?,9,14.9,E,8,11.77,E,8,81.0,E,8,872.5394,E,8,999.0,E,8,0.35,E,8,-9900,?,9,-9900,?,9,0.0,E,8,-9900,?,9,-9900,?,9,0.0,0.0,E,8
11/19/2017,24:00,0.0,1399.571,0.0,1,8,0.0,1,8,0.0,1,8,0.0,1,8,0.0,1,8,0.0,1,8,-0.0,1,8,-9900,?,9,-9900,?,9,13.97,E,8,11.75,E,8,86.0,E,8,872.5394,E,8,999.0,E,8,0.6,E,8,-9900,?,9,-9900,?,9,0.0,E,8,-9900,?,9,-9900,?,9,0.0,0.0,E,8
11/20/2017,01:00,0.0,1399.571,0.0,1,8,0.0,1,8,0.0,1,8,0.0,1,8,0.0,1,8,0.0,1,8,-0.0,1,8,-9900,?,9,-9900,?,9,13.5,E,8,11.54,E,8,87.0,E,8,872.5394,E,8,999.0,E,8,0.6,E,8,-9900,?,9,-9900,?,9,0.0,E,8,-9900,?,9,-9900,?,9,0.0,0.0,E,8
11/20/2017,02:00,0.0,1399.571,0.0,1,8,0.0,1,8,0.0,1,8,0.0,1,8,0.0,1,8,0.0,1,8,-0.0,1,8,-9900,?,9,-9900,?,9,13.04,E,8,11.33,E,8,89.0,E,8,872.5394,E,8,999.0,E,8,0.6,E,8,-9900,?,9,-9900,?,9,0.0,E,8,-9900,?,9,-9900,?,9,0.0,0.0,E,8
11/20/2017,03:00,0.0,1399.571,0.0,1,8,0.0,1,8,0.0,1,8,0.0,1,8,0.0,1,8,0.0,1,8,-0.0,1,8,-9900,?,9,-9900,?,9,12.57,E,8,11.11,E,8,90.0,E,8,872.5394,E,8,999.0,E,8,0.6,E,8,-9900,?,9,-9900,?,9,0.0,E,8,-9900,?,9,-9900,?,9,0.0,0.0,E,8
11/20/2017,04:00,0.0,1400.165,0.0,1,8,0.0,1,8,0.0,1,8,0.0,1,8,0.0,1,8,0.0,1,8,-0.0,1,8,-9900,?,9,-9900,?,9,12.11,E,8,10.9,E,8,92.0,E,8,872.5394,E,8,999.0,E,8,0.64,E,8,-9900,?,9,-9900,?,9,0.0,E,8,-9900,?,9,-9900,?,9,0.0,0.0,E,8
11/20/2017,05:00,0.0,1400.165,0.0,1,8,0.0,1,8,0.0,1,8,0.0,1,8,0.0,1,8,0.0,1,8,-0.0,1,8,-9900,?,9,-9900,?,9,11.69,E,8,10.7,E,8,93.0,E,8,872.5394,E,8,999.0,E,8,0.6,E,8,-9900,?,9,-9900,?,9,0.0,E,8,-9900,?,9,-9900,?,9,0.0,0.0,E,8
11/20/2017,06:00,150.426,1400.165,0.0,1,8,0.0,1,8,0.0,1,8,0.0,1,8,0.0,1,8,0.0,1,8,0.0,1,8,-9900,?,9,-9900,?,9,11.39,E,8,10.56,E,8,94.0,E,8,872.5394,E,8,999.0,E,8,0.68,E,8,-9900,?,9,-9900,?,9,0.0,E,8,-9900,?,9,-9900,?,9,0.0,0.0,E,8
11/20/2017,07:00,467.161,1400.165,57.65,1,8,0.0,1,8,57.65,1,8,6918.0,1,8,0.0,1,8,6341.5,1,8,55.127,1,8,-9900,?,9,-9900,?,9,11.08,E,8,10.41,E,8,95.0,E,8,872.5394,E,8,999.0,E,8,0.6,E,8,-9900,?,9,-9900,?,9,0.0,E,8,-9900,?,9,-9900,?,9,0.0,0.0,E,8
11/20/2017,08:00,765.433,1400.165,159.34,1,8,6.618,1,8,155.725,1,8,19120.8,1,8,628.726,1,8,17129.696,1,8,90.736,1,8,-9900,?,9,-9900,?,9,14.11,E,8,11.81,E,8,86.0,E,8,872.5394,E,8,999.0,E,8,0.78,E,8,-9900,?,9,-9900,?,9,0.0,E,8,-9900,?,9,-9900,?,9,0.0,0.0,E,8
11/20/2017,09:00,1023.441,1400.165,256.32,1,8,17.832,1,8,243.289,1,8,30758.4,1,8,1694.055,1,8,26761.794,1,8,105.974,1,8,-9900,?,9,-9900,?,9,15.48,E,8,12.41,E,8,81.0,E,8,872.5394,E,8,999.0,E,8,0.6,E,8,-9900,?,9,-9900,?,9,0.0,E,8,-9900,?,9,-9900,?,9,0.0,0.0,E,8
11/20/2017,10:00,1223.423,1400.165,247.48,1,8,3.759,1,8,244.196,1,8,29697.6,1,8,357.132,1,8,26861.51,1,8,88.967,1,8,-9900,?,9,-9900,?,9,16.11,E,8,12.68,E,8,80.0,E,8,872.5394,E,8,999.0,E,8,0.6,E,8,-9900,?,9,-9900,?,9,0.0,E,8,-9900,?,9,-9900,?,9,0.0,0.0,E,8
11/20/2017,11:00,1351.71,1400.165,395.66,1,8,36.827,1,8,360.109,1,8,47479.2,1,8,3498.531,1,8,39611.943,1,8,118.738,1,8,-9900,?,9,-9900,?,9,17.31,E,8,13.18,E,8,76.0,E,8,872.5394,E,8,999.0,E,8,0.6,E,8,-9900,?,9,-9900,?,9,0.0,E,8,-9900,?,9,-9900,?,9,0.0,0.0,E,8
11/20/2017,12:00,1399.554,1400.165,427.04,1,8,22.015,1,8,405.035,1,8,51244.8,1,8,2091.402,1,8,44553.834,1,8,128.983,1,8,-9900,?,9,-9900,?,9,18.26,E,8,13.56,E,8,79.0,E,8,872.5394,E,8,999.0,E,8,0.6,E,8,-9900,?,9,-9900,?,9,0.098,E,8,-9900,?,9,-9900,?,9,0.98,99.0,E,8
11/20/2017,13:00,1363.706,1400.165,189.8,1,8,1.923,1,8,187.928,1,8,22776.0,1,8,182.643,1,8,20672.028,1,8,61.419,1,8,-9900,?,9,-9900,?,9,17.99,E,8,13.46,E,8,74.0,E,8,872.5394,E,8,999.0,E,8,0.6,E,8,-9900,?,9,-9900,?,9,0.0,E,8,-9900,?,9,-9900,?,9,0.0,0.0,E,8
11/20/2017,14:00,1246.626,1400.165,333.46,1,8,33.415,1,8,303.712,1,8,40015.2,1,8,3174.418,1,8,33408.272,1,8,108.59,1,8,-9900,?,9,-9900,?,9,18.29,E,8,13.58,E,8,73.0,E,8,872.5394,E,8,999.0,E,8,0.99,E,8,-9900,?,9,-9900,?,9,0.0,E,8,-9900,?,9,-9900,?,9,0.0,0.0,E,8
11/20/2017,15:00,1056.325,1400.165,489.27,1,8,112.102,1,8,404.716,1,8,58712.4,1,8,10649.717,1,8,44518.716,1,8,170.796,1,8,-9900,?,9,-9900,?,9,19.01,E,8,13.86,E,8,72.0,E,8,872.5394,E,8,999.0,E,8,1.04,E,8,-9900,?,9,-9900,?,9,0.0,E,8,-9900,?,9,-9900,?,9,0.0,0.0,E,8
11/20/2017,16:00,805.83,1400.165,271.33,1,8,55.835,1,8,239.215,1,8,32559.6,1,8,5304.315,1,8,26313.611,1,8,132.383,1,8,-9900,?,9,-9900,?,9,18.95,E,8,13.84,E,8,72.0,E,8,872.5394,E,8,999.0,E,8,0.83,E,8,-9900,?,9,-9900,?,9,0.0,E,8,-9900,?,9,-9900,?,9,0.0,0.0,E,8
11/20/2017,17:00,512.376,1400.165,285.29,1,8,348.745,1,8,157.91,1,8,34234.8,1,8,33130.78,1,8,17370.105,1,8,137.615,1,8,-9900,?,9,-9900,?,9,18.96,E,8,13.84,E,8,72.0,E,8,872.5394,E,8,999.0,E,8,0.6,E,8,-9900,?,9,-9900,?,9,0.0,E,8,-9900,?,9,-9900,?,9,0.0,0.0,E,8
11/20/2017,18:00,196.966,1400.165,97.99,1,8,363.889,1,8,47.491,1,8,11758.8,1,8,34569.496,1,8,5224.031,1,8,108.931,1,8,-9900,?,9,-9900,?,9,18.23,E,8,13.55,E,8,74.0,E,8,872.5394,E,8,999.0,E,8,0.6,E,8,-9900,?,9,-9900,?,9,0.0,E,8,-9900,?,9,-9900,?,9,0.0,0.0,E,8
11/20/2017,19:00,0.0,1400.165,6.66,1,8,0.0,1,8,0.0,1,8,799.2,1,8,0.0,1,8,0.0,1,8,-0.0,1,8,-9900,?,9,-9900,?,9,17.44,E,8,13.23,E,8,76.0,E,8,872.5394,E,8,999.0,E,8,0.6,E,8,-9900,?,9,-9900,?,9,0.0,E,8,-9900,?,9,-9900,?,9,0.0,0.0,E,8
11/20/2017,20:00,0.0,1400.165,0.0,1,8,0.0,1,8,0.0,1,8,0.0,1,8,0.0,1,8,0.0,1,8,-0.0,1,8,-9900,?,9,-9900,?,9,16.64,E,8,12.9,E,8,78.0,E,8,872.5394,E,8,999.0,E,8,0.6,E,8,-9900,?,9,-9900,?,9,0.0,E,8,-9900,?,9,-9900,?,9,0.0,0.0,E,8
11/20/2017,21:00,0.0,1400.165,0.0,1,8,0.0,1,8,0.0,1,8,0.0,1,8,0.0,1,8,0.0,1,8,-0.0,1,8,-9900,?,9,-9900,?,9,15.85,E,8,12.57,E,8,80.0,E,8,872.5394,E,8,999.0,E,8,0.63,E,8,-9900,?,9,-9900,?,9,0.0,E,8,-9900,?,9,-9900,?,9,0.0,0.0,E,8
11/20/2017,22:00,0.0,1400.165,0.0,1,8,0.0,1,8,0.0,1,8,0.0,1,8,0.0,1,8,0.0,1,8,-0.0,1,8,-9900,?,9,-9900,?,9,15.06,E,8,12.23,E,8,83.0,E,8,872.5394,E,8,999.0,E,8,0.6,E,8,-9900,?,9,-9900,?,9,0.0,E,8,-9900,?,9,-9900,?,9,0.0,0.0,E,8
11/20/2017,23:00,0.0,1400.165,0.0,1,8,0.0,1,8,0.0,1,8,0.0,1,8,0.0,1,8,0.0,1,8,-0.0,1,8,-9900,?,9,-9900,?,9,14.26,E,8,11.88,E,8,90.0,E,8,872.5394,E,8,999.0,E,8,0.6,E,8,-9900,?,9,-9900,?,9,0.002,E,8,-9900,?,9,-9900,?,9,0.02,99.0,E,8
11/20/2017,24:00,0.0,1400.165,0.0,1,8,0.0,1,8,0.0,1,8,0.0,1,8,0.0,1,8,0.0,1,8,-0.0,1,8,-9900,?,9,-9900,?,9,13.47,E,8,11.77,E,8,89.0,E,8,872.5394,E,8,999.0,E,8,0.74,E,8,-9900,?,9,-9900,?,9,0.006,E,8,-9900,?,9,-9900,?,9,0.06,99.0,E,8
11/21/2017,01:00,0.0,1400.165,0.0,1,8,0.0,1,8,0.0,1,8,0.0,1,8,0.0,1,8,0.0,1,8,-0.0,1,8,-9900,?,9,-9900,?,9,13.07,E,8,11.55,E,8,86.0,E,8,872.5394,E,8,999.0,E,8,0.62,E,8,-9900,?,9,-9900,?,9,0.0,E,8,-9900,?,9,-9900,?,9,0.0,0.0,E,8
11/21/2017,02:00,0.0,1400.165,0.0,1,8,0.0,1,8,0.0,1,8,0.0,1,8,0.0,1,8,0.0,1,8,-0.0,1,8,-9900,?,9,-9900,?,9,12.67,E,8,11.32,E,8,87.0,E,8,872.5394,E,8,999.0,E,8,0.62,E,8,-9900,?,9,-9900,?,9,0.0,E,8,-9900,?,9,-9900,?,9,0.0,0.0,E,8
11/21/2017,03:00,0.0,1400.165,0.0,1,8,0.0,1,8,0.0,1,8,0.0,1,8,0.0,1,8,0.0,1,8,-0.0,1,8,-9900,?,9,-9900,?,9,12.28,E,8,11.1,E,8,91.0,E,8,872.5394,E,8,999.0,E,8,0.62,E,8,-9900,?,9,-9900,?,9,0.015,E,8,-9900,?,9,-9900,?,9,0.15,99.0,E,8
11/21/2017,04:00,0.0,1400.749,0.0,1,8,0.0,1,8,0.0,1,8,0.0,1,8,0.0,1,8,0.0,1,8,-0.0,1,8,-9900,?,9,-9900,?,9,11.88,E,8,10.87,E,8,95.0,E,8,872.5394,E,8,999.0,E,8,0.62,E,8,-9900,?,9,-9900,?,9,0.43200000000000005,E,8,-9900,?,9,-9900,?,9,4.32,99.0,E,8
11/21/2017,05:00,0.0,1400.749,0.0,1,8,0.0,1,8,0.0,1,8,0.0,1,8,0.0,1,8,0.0,1,8,-0.0,1,8,-9900,?,9,-9900,?,9,11.53,E,8,10.67,E,8,92.0,E,8,872.5394,E,8,999.0,E,8,0.62,E,8,-9900,?,9,-9900,?,9,0.004,E,8,-9900,?,9,-9900,?,9,0.04,99.0,E,8
11/21/2017,06:00,151.05,1400.749,0.0,1,8,0.0,1,8,0.0,1,8,0.0,1,8,0.0,1,8,0.0,1,8,0.0,1,8,-9900,?,9,-9900,?,9,11.27,E,8,10.52,E,8,89.0,E,8,872.5394,E,8,999.0,E,8,0.62,E,8,-9900,?,9,-9900,?,9,0.0,E,8,-9900,?,9,-9900,?,9,0.0,0.0,E,8
11/21/2017,07:00,467.513,1400.749,57.74,1,8,0.0,1,8,57.74,1,8,6928.8,1,8,0.0,1,8,6351.4,1,8,55.195,1,8,-9900,?,9,-9900,?,9,11.01,E,8,10.36,E,8,90.0,E,8,872.5394,E,8,999.0,E,8,0.62,E,8,-9900,?,9,-9900,?,9,0.0,E,8,-9900,?,9,-9900,?,9,0.0,0.0,E,8
11/21/2017,08:00,765.611,1400.749,180.35,1,8,3.68,1,8,178.34,1,8,21642.0,1,8,349.625,1,8,19617.384,1,8,103.932,1,8,-9900,?,9,-9900,?,9,14.6,E,8,12.37,E,8,83.0,E,8,872.5394,E,8,999.0,E,8,0.62,E,8,-9900,?,9,-9900,?,9,0.0,E,8,-9900,?,9,-9900,?,9,0.0,0.0,E,8
11/21/2017,09:00,1023.566,1400.749,280.05,1,8,7.949,1,8,274.243,1,8,33606.0,1,8,755.177,1,8,30166.705,1,8,119.493,1,8,-9900,?,9,-9900,?,9,16.22,E,8,13.21,E,8,80.0,E,8,872.5394,E,8,999.0,E,8,1.0,E,8,-9900,?,9,-9900,?,9,0.0,E,8,-9900,?,9,-9900,?,9,0.0,0.0,E,8
11/21/2017,10:00,1223.617,1400.749,374.06,1,8,3.17,1,8,371.291,1,8,44887.2,1,8,301.164,1,8,40842.009,1,8,135.307,1,8,-9900,?,9,-9900,?,9,17.74,E,8,13.95,E,8,77.0,E,8,872.5394,E,8,999.0,E,8,0.62,E,8,-9900,?,9,-9900,?,9,0.0,E,8,-9900,?,9,-9900,?,9,0.0,0.0,E,8
11/21/2017,11:00,1352.092,1400.749,293.23,1,8,3.006,1,8,290.329,1,8,35187.6,1,8,285.535,1,8,31936.172,1,8,95.742,1,8,-9900,?,9,-9900,?,9,18.17,E,8,14.16,E,8,77.0,E,8,872.5394,E,8,999.0,E,8,0.62,E,8,-9900,?,9,-9900,?,9,0.0,E,8,-9900,?,9,-9900,?,9,0.0,0.0,E,8
11/21/2017,12:00,1400.23,1400.749,218.02,1,8,3.363,1,8,214.658,1,8,26162.4,1,8,319.466,1,8,23612.429,1,8,68.353,1,8,-9900,?,9,-9900,?,9,18.07,E,8,14.11,E,8,77.0,E,8,872.5394,E,8,999.0,E,8,0.62,E,8,-9900,?,9,-9900,?,9,0.0,E,8,-9900,?,9,-9900,?,9,0.0,0.0,E,8
11/21/2017,13:00,1364.761,1400.749,307.05,1,8,4.366,1,8,302.796,1,8,36846.0,1,8,414.803,1,8,33307.549,1,8,98.926,1,8,-9900,?,9,-9900,?,9,18.39,E,8,14.26,E,8,80.0,E,8,872.5394,E,8,999.0,E,8,0.62,E,8,-9900,?,9,-9900,?,9,0.001,E,8,-9900,?,9,-9900,?,9,0.01,99.0,E,8
11/21/2017,14:00,1248.121,1400.749,309.16,1,8,9.591,1,8,300.615,1,8,37099.2,1,8,911.138,1,8,33067.625,1,8,107.398,1,8,-9900,?,9,-9900,?,9,18.63,E,8,14.37,E,8,76.0,E,8,872.5394,E,8,999.0,E,8,0.62,E,8,-9900,?,9,-9900,?,9,0.0,E,8,-9900,?,9,-9900,?,9,0.0,0.0,E,8
11/21/2017,15:00,1058.287,1400.749,267.27,1,8,8.19,1,8,261.083,1,8,32072.4,1,8,778.085,1,8,28719.176,1,8,110.023,1,8,-9900,?,9,-9900,?,9,18.68,E,8,14.4,E,8,76.0,E,8,872.5394,E,8,999.0,E,8,0.78,E,8,-9900,?,9,-9900,?,9,0.0,E,8,-9900,?,9,-9900,?,9,0.0,0.0,E,8
11/21/2017,16:00,808.255,1400.749,207.44,1,8,5.405,1,8,204.323,1,8,24892.8,1,8,513.515,1,8,22475.51,1,8,112.781,1,8,-9900,?,9,-9900,?,9,18.44,E,8,14.28,E,8,80.0,E,8,872.5394,E,8,999.0,E,8,0.93,E,8,-9900,?,9,-9900,?,9,0.027000000000000003,E,8,-9900,?,9,-9900,?,9,0.27,99.0,E,8
11/21/2017,17:00,515.227,1400.749,134.46,1,8,4.375,1,8,132.854,1,8,16135.2,1,8,415.638,1,8,14613.909,1,8,115.184,1,8,-9900,?,9,-9900,?,9,17.9,E,8,14.03,E,8,81.0,E,8,872.5394,E,8,999.0,E,8,1.61,E,8,-9900,?,9,-9900,?,9,0.002,E,8,-9900,?,9,-9900,?,9,0.02,99.0,E,8
11/21/2017,18:00,200.149,1400.749,56.04,1,8,22.133,1,8,52.919,1,8,6724.8,1,8,2102.602,1,8,5821.084,1,8,119.452,1,8,-9900,?,9,-9900,?,9,17.12,E,8,13.65,E,8,78.0,E,8,872.5394,E,8,999.0,E,8,1.06,E,8,-9900,?,9,-9900,?,9,0.0,E,8,-9900,?,9,-9900,?,9,0.0,0.0,E,8
11/21/2017,19:00,0.0,1400.749,0.59,1,8,0.0,1,8,0.0,1,8,70.8,1,8,0.0,1,8,0.0,1,8,-0.0,1,8,-9900,?,9,-9900,?,9,16.46,E,8,13.33,E,8,83.0,E,8,872.5394,E,8,999.0,E,8,0.71,E,8,-9900,?,9,-9900,?,9,0.003,E,8,-9900,?,9,-9900,?,9,0.03,99.0,E,8
11/21/2017,20:00,0.0,1400.749,0.0,1,8,0.0,1,8,0.0,1,8,0.0,1,8,0.0,1,8,0.0,1,8,-0.0,1,8,-9900,?,9,-9900,?,9,15.8,E,8,12.99,E,8,84.0,E,8,872.5394,E,8,999.0,E,8,0.62,E,8,-9900,?,9,-9900,?,9,0.001,E,8,-9900,?,9,-9900,?,9,0.01,99.0,E,8
11/21/2017,21:00,0.0,1400.749,0.0,1,8,0.0,1,8,0.0,1,8,0.0,1,8,0.0,1,8,0.0,1,8,-0.0,1,8,-9900,?,9,-9900,?,9,15.15,E,8,12.66,E,8,86.0,E,8,872.5394,E,8,999.0,E,8,0.86,E,8,-9900,?,9,-9900,?,9,0.009,E,8,-9900,?,9,-9900,?,9,0.09,99.0,E,8
11/21/2017,22:00,0.0,1400.749,0.0,1,8,0.0,1,8,0.0,1,8,0.0,1,8,0.0,1,8,0.0,1,8,-0.0,1,8,-9900,?,9,-9900,?,9,14.49,E,8,12.31,E,8,83.0,E,8,872.5394,E,8,999.0,E,8,1.2,E,8,-9900,?,9,-9900,?,9,0.0,E,8,-9900,?,9,-9900,?,9,0.0,0.0,E,8
11/21/2017,23:00,0.0,1400.749,0.0,1,8,0.0,1,8,0.0,1,8,0.0,1,8,0.0,1,8,0.0,1,8,-0.0,1,8,-9900,?,9,-9900,?,9,13.83,E,8,11.96,E,8,84.0,E,8,872.5394,E,8,999.0,E,8,1.14,E,8,-9900,?,9,-9900,?,9,0.0,E,8,-9900,?,9,-9900,?,9,0.0,0.0,E,8
11/21/2017,24:00,0.0,1400.749,0.0,1,8,0.0,1,8,0.0,1,8,0.0,1,8,0.0,1,8,0.0,1,8,-0.0,1,8,-9900,?,9,-9900,?,9,13.17,E,8,11.63,E,8,91.0,E,8,872.5394,E,8,999.0,E,8,0.62,E,8,-9900,?,9,-9900,?,9,0.002,E,8,-9900,?,9,-9900,?,9,0.02,99.0,E,8
11/22/2017,01:00,0.0,1400.749,0.0,1,8,0.0,1,8,0.0,1,8,0.0,1,8,0.0,1,8,0.0,1,8,-0.0,1,8,-9900,?,9,-9900,?,9,12.84,E,8,11.54,E,8,92.0,E,8,872.5394,E,8,999.0,E,8,0.62,E,8,-9900,?,9,-9900,?,9,0.001,E,8,-9900,?,9,-9900,?,9,0.01,99.0,E,8
11/22/2017,02:00,0.0,1400.749,0.0,1,8,0.0,1,8,0.0,1,8,0.0,1,8,0.0,1,8,0.0,1,8,-0.0,1,8,-9900,?,9,-9900,?,9,12.51,E,8,11.46,E,8,94.0,E,8,872.5394,E,8,999.0,E,8,0.62,E,8,-9900,?,9,-9900,?,9,0.012,E,8,-9900,?,9,-9900,?,9,0.12,99.0,E,8
11/22/2017,03:00,0.0,1400.749,0.0,1,8,0.0,1,8,0.0,1,8,0.0,1,8,0.0,1,8,0.0,1,8,-0.0,1,8,-9900,?,9,-9900,?,9,12.19,E,8,11.38,E,8,99.0,E,8,872.5394,E,8,999.0,E,8,0.62,E,8,-9900,?,9,-9900,?,9,0.279,E,8,-9900,?,9,-9900,?,9,2.79,99.0,E,8
11/22/2017,04:00,0.0,1401.323,0.0,1,8,0.0,1,8,0.0,1,8,0.0,1,8,0.0,1,8,0.0,1,8,-0.0,1,8,-9900,?,9,-9900,?,9,11.86,E,8,11.29,E,8,92.0,E,8,872.5394,E,8,999.0,E,8,0.62,E,8,-9900,?,9,-9900,?,9,0.0,E,8,-9900,?,9,-9900,?,9,0.0,0.0,E,8
11/22/2017,05:00,0.0,1401.323,0.0,1,8,0.0,1,8,0.0,1,8,0.0,1,8,0.0,1,8,0.0,1,8,-0.0,1,8,-9900,?,9,-9900,?,9,11.57,E,8,11.22,E,8,93.0,E,8,872.5394,E,8,999.0,E,8,0.62,E,8,-9900,?,9,-9900,?,9,0.0,E,8,-9900,?,9,-9900,?,9,0.0,0.0,E,8
11/22/2017,06:00,151.555,1401.323,0.0,1,8,0.0,1,8,0.0,1,8,0.0,1,8,0.0,1,8,0.0,1,8,0.0,1,8,-9900,?,9,-9900,?,9,11.35,E,8,11.16,E,8,98.0,E,8,872.5394,E,8,999.0,E,8,0.62,E,8,-9900,?,9,-9900,?,9,0.005,E,8,-9900,?,9,-9900,?,9,0.05,99.0,E,8
11/22/2017,07:00,467.75,1401.323,53.5,1,8,0.0,1,8,53.5,1,8,6420.0,1,8,0.0,1,8,5885.0,1,8,51.137,1,8,-9900,?,9,-9900,?,9,11.13,E,8,11.1,E,8,95.0,E,8,872.5394,E,8,999.0,E,8,0.62,E,8,-9900,?,9,-9900,?,9,0.0,E,8,-9900,?,9,-9900,?,9,0.0,0.0,E,8
11/22/2017,08:00,765.686,1401.323,111.81,1,8,0.0,1,8,111.81,1,8,13417.2,1,8,0.0,1,8,12299.1,1,8,65.18,1,8,-9900,?,9,-9900,?,9,13.36,E,8,11.68,E,8,86.0,E,8,872.5394,E,8,999.0,E,8,0.62,E,8,-9900,?,9,-9900,?,9,0.0,E,8,-9900,?,9,-9900,?,9,0.0,0.0,E,8
11/22/2017,09:00,1023.6,1401.323,348.6,1,8,22.491,1,8,332.176,1,8,41832.0,1,8,2136.651,1,8,36539.311,1,8,144.79,1,8,-9900,?,9,-9900,?,9,15.76,E,8,12.28,E,8,78.0,E,8,872.5394,E,8,999.0,E,8,0.63,E,8,-9900,?,9,-9900,?,9,0.0,E,8,-9900,?,9,-9900,?,9,0.0,0.0,E,8
11/22/2017,10:00,1223.738,1401.323,348.45,1,8,2.695,1,8,346.097,1,8,41814.0,1,8,255.98,1,8,38070.687,1,8,126.165,1,8,-9900,?,9,-9900,?,9,16.95,E,8,12.56,E,8,74.0,E,8,872.5394,E,8,999.0,E,8,0.62,E,8,-9900,?,9,-9900,?,9,0.0,E,8,-9900,?,9,-9900,?,9,0.0,0.0,E,8
11/22/2017,11:00,1352.419,1401.323,354.13,1,8,17.357,1,8,337.379,1,8,42495.6,1,8,1648.898,1,8,37111.719,1,8,111.277,1,8,-9900,?,9,-9900,?,9,17.7,E,8,12.74,E,8,72.0,E,8,872.5394,E,8,999.0,E,8,0.81,E,8,-9900,?,9,-9900,?,9,0.0,E,8,-9900,?,9,-9900,?,9,0.0,0.0,E,8
11/22/2017,12:00,1400.87,1401.323,563.44,1,8,18.215,1,8,545.231,1,8,67612.8,1,8,1730.395,1,8,59975.433,1,8,173.609,1,8,-9900,?,9,-9900,?,9,19.14,E,8,13.08,E,8,67.0,E,8,872.5394,E,8,999.0,E,8,0.81,E,8,-9900,?,9,-9900,?,9,0.0,E,8,-9900,?,9,-9900,?,9,0.0,0.0,E,8
11/22/2017,13:00,1365.798,1401.323,214.48,1,8,6.428,1,8,208.215,1,8,25737.6,1,8,610.676,1,8,22903.637,1,8,68.002,1,8,-9900,?,9,-9900,?,9,18.83,E,8,13.01,E,8,68.0,E,8,872.5394,E,8,999.0,E,8,0.95,E,8,-9900,?,9,-9900,?,9,0.0,E,8,-9900,?,9,-9900,?,9,0.0,0.0,E,8
11/22/2017,14:00,1249.611,1401.323,372.32,1,8,11.748,1,8,361.845,1,8,44678.4,1,8,1116.02,1,8,39802.955,1,8,129.172,1,8,-9900,?,9,-9900,?,9,19.12,E,8,13.08,E,8,67.0,E,8,872.5394,E,8,999.0,E,8,0.87,E,8,-9900,?,9,-9900,?,9,0.0,E,8,-9900,?,9,-9900,?,9,0.0,0.0,E,8
11/22/2017,15:00,1060.256,1401.323,322.08,1,8,13.338,1,8,311.991,1,8,38649.6,1,8,1267.08,1,8,34318.986,1,8,131.285,1,8,-9900,?,9,-9900,?,9,19.2,E,8,13.1,E,8,67.0,E,8,872.5394,E,8,999.0,E,8,0.62,E,8,-9900,?,9,-9900,?,9,0.0,E,8,-9900,?,9,-9900,?,9,0.0,0.0,E,8
11/22/2017,16:00,810.695,1401.323,250.25,1,8,12.25,1,8,243.167,1,8,30030.0,1,8,1163.772,1,8,26748.383,1,8,133.872,1,8,-9900,?,9,-9900,?,9,18.98,E,8,13.05,E,8,68.0,E,8,872.5394,E,8,999.0,E,8,0.62,E,8,-9900,?,9,-9900,?,9,0.0,E,8,-9900,?,9,-9900,?,9,0.0,0.0,E,8
11/22/2017,17:00,518.094,1401.323,162.58,1,8,25.956,1,8,153.001,1,8,19509.6,1,8,2465.856,1,8,16830.117,1,8,131.969,1,8,-9900,?,9,-9900,?,9,18.43,E,8,12.92,E,8,69.0,E,8,872.5394,E,8,999.0,E,8,0.62,E,8,-9900,?,9,-9900,?,9,0.0,E,8,-9900,?,9,-9900,?,9,0.0,0.0,E,8
11/22/2017,18:00,203.348,1401.323,68.3,1,8,67.013,1,8,58.699,1,8,8196.0,1,8,6366.223,1,8,6456.922,1,8,130.418,1,8,-9900,?,9,-9900,?,9,17.61,E,8,12.72,E,8,72.0,E,8,872.5394,E,8,999.0,E,8,0.62,E,8,-9900,?,9,-9900,?,9,0.0,E,8,-9900,?,9,-9900,?,9,0.0,0.0,E,8
11/22/2017,19:00,0.0,1401.323,0.85,1,8,0.0,1,8,0.0,1,8,102.0,1,8,0.0,1,8,0.0,1,8,-0.0,1,8,-9900,?,9,-9900,?,9,16.91,E,8,12.55,E,8,74.0,E,8,872.5394,E,8,999.0,E,8,0.62,E,8,-9900,?,9,-9900,?,9,0.0,E,8,-9900,?,9,-9900,?,9,0.0,0.0,E,8
11/22/2017,20:00,0.0,1401.323,0.0,1,8,0.0,1,8,0.0,1,8,0.0,1,8,0.0,1,8,0.0,1,8,-0.0,1,8,-9900,?,9,-9900,?,9,16.21,E,8,12.39,E,8,76.0,E,8,872.5394,E,8,999.0,E,8,0.62,E,8,-9900,?,9,-9900,?,9,0.0,E,8,-9900,?,9,-9900,?,9,0.0,0.0,E,8
11/22/2017,21:00,0.0,1401.323,0.0,1,8,0.0,1,8,0.0,1,8,0.0,1,8,0.0,1,8,0.0,1,8,-0.0,1,8,-9900,?,9,-9900,?,9,15.51,E,8,12.21,E,8,78.0,E,8,872.5394,E,8,999.0,E,8,0.62,E,8,-9900,?,9,-9900,?,9,0.0,E,8,-9900,?,9,-9900,?,9,0.0,0.0,E,8
11/22/2017,22:00,0.0,1401.323,0.0,1,8,0.0,1,8,0.0,1,8,0.0,1,8,0.0,1,8,0.0,1,8,-0.0,1,8,-9900,?,9,-9900,?,9,14.81,E,8,12.04,E,8,81.0,E,8,872.5394,E,8,999.0,E,8,0.62,E,8,-9900,?,9,-9900,?,9,0.0,E,8,-9900,?,9,-9900,?,9,0.0,0.0,E,8
11/22/2017,23:00,0.0,1401.323,0.0,1,8,0.0,1,8,0.0,1,8,0.0,1,8,0.0,1,8,0.0,1,8,-0.0,1,8,-9900,?,9,-9900,?,9,14.11,E,8,11.87,E,8,83.0,E,8,872.5394,E,8,999.0,E,8,0.62,E,8,-9900,?,9,-9900,?,9,0.0,E,8,-9900,?,9,-9900,?,9,0.0,0.0,E,8
11/22/2017,24:00,0.0,1401.323,0.0,1,8,0.0,1,8,0.0,1,8,0.0,1,8,0.0,1,8,0.0,1,8,-0.0,1,8,-9900,?,9,-9900,?,9,13.41,E,8,11.91,E,8,92.0,E,8,872.5394,E,8,999.0,E,8,0.66,E,8,-9900,?,9,-9900,?,9,0.001,E,8,-9900,?,9,-9900,?,9,0.01,99.0,E,8
11/23/2017,01:00,0.0,1401.323,0.0,1,8,0.0,1,8,0.0,1,8,0.0,1,8,0.0,1,8,0.0,1,8,-0.0,1,8,-9900,?,9,-9900,?,9,13.06,E,8,11.8,E,8,89.0,E,8,872.5394,E,8,999.0,E,8,0.66,E,8,-9900,?,9,-9900,?,9,0.0,E,8,-9900,?,9,-9900,?,9,0.0,0.0,E,8
11/23/2017,02:00,0.0,1401.323,0.0,1,8,0.0,1,8,0.0,1,8,0.0,1,8,0.0,1,8,0.0,1,8,-0.0,1,8,-9900,?,9,-9900,?,9,12.71,E,8,11.69,E,8,99.0,E,8,872.5394,E,8,999.0,E,8,0.66,E,8,-9900,?,9,-9900,?,9,0.191,E,8,-9900,?,9,-9900,?,9,1.91,99.0,E,8
11/23/2017,03:00,0.0,1401.323,0.0,1,8,0.0,1,8,0.0,1,8,0.0,1,8,0.0,1,8,0.0,1,8,-0.0,1,8,-9900,?,9,-9900,?,9,12.36,E,8,11.58,E,8,96.0,E,8,872.5394,E,8,999.0,E,8,0.66,E,8,-9900,?,9,-9900,?,9,0.006,E,8,-9900,?,9,-9900,?,9,0.06,99.0,E,8
11/23/2017,04:00,0.0,1401.886,0.0,1,8,0.0,1,8,0.0,1,8,0.0,1,8,0.0,1,8,0.0,1,8,-0.0,1,8,-9900,?,9,-9900,?,9,12.01,E,8,11.46,E,8,93.0,E,8,872.5394,E,8,999.0,E,8,0.66,E,8,-9900,?,9,-9900,?,9,0.0,E,8,-9900,?,9,-9900,?,9,0.0,0.0,E,8
11/23/2017,05:00,0.0,1401.886,0.0,1,8,0.0,1,8,0.0,1,8,0.0,1,8,0.0,1,8,0.0,1,8,-0.0,1,8,-9900,?,9,-9900,?,9,11.7,E,8,11.36,E,8,94.0,E,8,872.5394,E,8,999.0,E,8,0.66,E,8,-9900,?,9,-9900,?,9,0.0,E,8,-9900,?,9,-9900,?,9,0.0,0.0,E,8
11/23/2017,06:00,151.941,1401.886,0.0,1,8,0.0,1,8,0.0,1,8,0.0,1,8,0.0,1,8,0.0,1,8,0.0,1,8,-9900,?,9,-9900,?,9,11.47,E,8,11.29,E,8,95.0,E,8,872.5394,E,8,999.0,E,8,0.66,E,8,-9900,?,9,-9900,?,9,0.0,E,8,-9900,?,9,-9900,?,9,0.0,0.0,E,8
11/23/2017,07:00,467.874,1401.886,50.46,1,8,0.0,1,8,50.46,1,8,6055.2,1,8,0.0,1,8,5550.6,1,8,48.238,1,8,-9900,?,9,-9900,?,9,11.24,E,8,11.21,E,8,96.0,E,8,872.5394,E,8,999.0,E,8,0.66,E,8,-9900,?,9,-9900,?,9,0.0,E,8,-9900,?,9,-9900,?,9,0.0,0.0,E,8
11/23/2017,08:00,765.658,1401.886,138.85,1,8,0.0,1,8,138.85,1,8,16662.0,1,8,0.0,1,8,15273.5,1,8,80.979,1,8,-9900,?,9,-9900,?,9,13.88,E,8,12.06,E,8,86.0,E,8,872.5394,E,8,999.0,E,8,0.66,E,8,-9900,?,9,-9900,?,9,0.0,E,8,-9900,?,9,-9900,?,9,0.0,0.0,E,8
11/23/2017,09:00,1023.547,1401.886,223.22,1,8,2.376,1,8,221.485,1,8,26786.4,1,8,225.765,1,8,24363.386,1,8,96.585,1,8,-9900,?,9,-9900,?,9,15.07,E,8,12.43,E,8,82.0,E,8,872.5394,E,8,999.0,E,8,0.66,E,8,-9900,?,9,-9900,?,9,0.0,E,8,-9900,?,9,-9900,?,9,0.0,0.0,E,8
11/23/2017,10:00,1223.788,1401.886,292.11,1,8,6.6,1,8,286.349,1,8,35053.2,1,8,627.011,1,8,31498.38,1,8,104.422,1,8,-9900,?,9,-9900,?,9,16.15,E,8,12.76,E,8,79.0,E,8,872.5394,E,8,999.0,E,8,0.66,E,8,-9900,?,9,-9900,?,9,0.0,E,8,-9900,?,9,-9900,?,9,0.0,0.0,E,8
11/23/2017,11:00,1352.694,1401.886,344.73,1,8,19.286,1,8,326.121,1,8,41367.6,1,8,1832.154,1,8,35873.345,1,8,107.585,1,8,-9900,?,9,-9900,?,9,17.08,E,8,13.04,E,8,76.0,E,8,872.5394,E,8,999.0,E,8,0.66,E,8,-9900,?,9,-9900,?,9,0.0,E,8,-9900,?,9,-9900,?,9,0.0,0.0,E,8
11/23/2017,12:00,1401.475,1401.886,372.3,1,8,20.52,1,8,351.786,1,8,44676.0,1,8,1949.399,1,8,38696.463,1,8,112.01,1,8,-9900,?,9,-9900,?,9,17.84,E,8,13.26,E,8,74.0,E,8,872.5394,E,8,999.0,E,8,0.66,E,8,-9900,?,9,-9900,?,9,0.0,E,8,-9900,?,9,-9900,?,9,0.0,0.0,E,8
11/23/2017,13:00,1366.816,1401.886,374.49,1,8,21.095,1,8,353.923,1,8,44938.8,1,8,2003.98,1,8,38931.585,1,8,115.55,1,8,-9900,?,9,-9900,?,9,18.39,E,8,13.42,E,8,72.0,E,8,872.5394,E,8,999.0,E,8,0.66,E,8,-9900,?,9,-9900,?,9,0.0,E,8,-9900,?,9,-9900,?,9,0.0,0.0,E,8
11/23/2017,14:00,1251.097,1401.886,351.15,1,8,15.442,1,8,337.37,1,8,42138.0,1,8,1466.995,1,8,37110.695,1,8,120.34,1,8,-9900,?,9,-9900,?,9,18.72,E,8,13.52,E,8,71.0,E,8,872.5394,E,8,999.0,E,8,0.66,E,8,-9900,?,9,-9900,?,9,0.0,E,8,-9900,?,9,-9900,?,9,0.0,0.0,E,8
11/23/2017,15:00,1062.232,1401.886,303.96,1,8,11.177,1,8,295.493,1,8,36475.2,1,8,1061.806,1,8,32504.221,1,8,124.161,1,8,-9900,?,9,-9900,?,9,18.83,E,8,13.55,E,8,71.0,E,8,872.5394,E,8,999.0,E,8,0.66,E,8,-9900,?,9,-9900,?,9,0.0,E,8,-9900,?,9,-9900,?,9,0.0,0.0,E,8
11/23/2017,16:00,813.148,1401.886,236.44,1,8,9.439,1,8,230.968,1,8,28372.8,1,8,896.702,1,8,25406.501,1,8,126.823,1,8,-9900,?,9,-9900,?,9,18.66,E,8,13.5,E,8,71.0,E,8,872.5394,E,8,999.0,E,8,0.66,E,8,-9900,?,9,-9900,?,9,0.0,E,8,-9900,?,9,-9900,?,9,0.0,0.0,E,8
11/23/2017,17:00,520.978,1401.886,153.96,1,8,17.91,1,8,147.316,1,8,18475.2,1,8,1701.451,1,8,16204.786,1,8,126.41,1,8,-9900,?,9,-9900,?,9,18.16,E,8,13.35,E,8,73.0,E,8,872.5394,E,8,999.0,E,8,0.66,E,8,-9900,?,9,-9900,?,9,0.0,E,8,-9900,?,9,-9900,?,9,0.0,0.0,E,8
11/23/2017,18:00,206.561,1401.886,65.17,1,8,48.25,1,8,58.148,1,8,7820.4,1,8,4583.729,1,8,6396.324,1,8,127.188,1,8,-9900,?,9,-9900,?,9,17.4,E,8,13.13,E,8,79.0,E,8,872.5394,E,8,999.0,E,8,0.66,E,8,-9900,?,9,-9900,?,9,0.002,E,8,-9900,?,9,-9900,?,9,0.02,99.0,E,8
11/23/2017,19:00,0.0,1401.886,0.94,1,8,0.0,1,8,0.0,1,8,112.8,1,8,0.0,1,8,0.0,1,8,-0.0,1,8,-9900,?,9,-9900,?,9,16.78,E,8,12.95,E,8,77.0,E,8,872.5394,E,8,999.0,E,8,0.66,E,8,-9900,?,9,-9900,?,9,0.0,E,8,-9900,?,9,-9900,?,9,0.0,0.0,E,8
11/23/2017,20:00,0.0,1401.886,0.0,1,8,0.0,1,8,0.0,1,8,0.0,1,8,0.0,1,8,0.0,1,8,-0.0,1,8,-9900,?,9,-9900,?,9,16.16,E,8,12.76,E,8,79.0,E,8,872.5394,E,8,999.0,E,8,0.66,E,8,-9900,?,9,-9900,?,9,0.0,E,8,-9900,?,9,-9900,?,9,0.0,0.0,E,8
11/23/2017,21:00,0.0,1401.886,0.0,1,8,0.0,1,8,0.0,1,8,0.0,1,8,0.0,1,8,0.0,1,8,-0.0,1,8,-9900,?,9,-9900,?,9,15.54,E,8,12.57,E,8,81.0,E,8,872.5394,E,8,999.0,E,8,0.66,E,8,-9900,?,9,-9900,?,9,0.0,E,8,-9900,?,9,-9900,?,9,0.0,0.0,E,8
11/23/2017,22:00,0.0,1401.886,0.0,1,8,0.0,1,8,0.0,1,8,0.0,1,8,0.0,1,8,0.0,1,8,-0.0,1,8,-9900,?,9,-9900,?,9,14.91,E,8,12.38,E,8,83.0,E,8,872.5394,E,8,999.0,E,8,0.66,E,8,-9900,?,9,-9900,?,9,0.0,E,8,-9900,?,9,-9900,?,9,0.0,0.0,E,8
11/23/2017,23:00,0.0,1401.886,0.0,1,8,0.0,1,8,0.0,1,8,0.0,1,8,0.0,1,8,0.0,1,8,-0.0,1,8,-9900,?,9,-9900,?,9,14.29,E,8,12.19,E,8,85.0,E,8,872.5394,E,8,999.0,E,8,0.66,E,8,-9900,?,9,-9900,?,9,0.0,E,8,-9900,?,9,-9900,?,9,0.0,0.0,E,8
11/23/2017,24:00,0.0,1401.886,0.0,1,8,0.0,1,8,0.0,1,8,0.0,1,8,0.0,1,8,0.0,1,8,-0.0,1,8,-9900,?,9,-9900,?,9,13.67,E,8,12.24,E,8,89.0,E,8,872.5394,E,8,999.0,E,8,0.66,E,8,-9900,?,9,-9900,?,9,0.0,E,8,-9900,?,9,-9900,?,9,0.0,0.0,E,8
11/24/2017,01:00,0.0,1401.886,0.0,1,8,0.0,1,8,0.0,1,8,0.0,1,8,0.0,1,8,0.0,1,8,-0.0,1,8,-9900,?,9,-9900,?,9,13.36,E,8,12.15,E,8,99.0,E,8,872.5394,E,8,999.0,E,8,0.66,E,8,-9900,?,9,-9900,?,9,0.191,E,8,-9900,?,9,-9900,?,9,1.91,99.0,E,8
11/24/2017,02:00,0.0,1401.886,0.0,1,8,0.0,1,8,0.0,1,8,0.0,1,8,0.0,1,8,0.0,1,8,-0.0,1,8,-9900,?,9,-9900,?,9,13.05,E,8,12.07,E,8,91.0,E,8,872.5394,E,8,999.0,E,8,0.66,E,8,-9900,?,9,-9900,?,9,0.0,E,8,-9900,?,9,-9900,?,9,0.0,0.0,E,8
11/24/2017,03:00,0.0,1401.886,0.0,1,8,0.0,1,8,0.0,1,8,0.0,1,8,0.0,1,8,0.0,1,8,-0.0,1,8,-9900,?,9,-9900,?,9,12.74,E,8,11.99,E,8,93.0,E,8,872.5394,E,8,999.0,E,8,0.66,E,8,-9900,?,9,-9900,?,9,0.0,E,8,-9900,?,9,-9900,?,9,0.0,0.0,E,8
11/24/2017,04:00,0.0,1402.439,0.0,1,8,0.0,1,8,0.0,1,8,0.0,1,8,0.0,1,8,0.0,1,8,-0.0,1,8,-9900,?,9,-9900,?,9,12.43,E,8,11.9,E,8,94.0,E,8,872.5394,E,8,999.0,E,8,0.66,E,8,-9900,?,9,-9900,?,9,0.0,E,8,-9900,?,9,-9900,?,9,0.0,0.0,E,8
11/24/2017,05:00,0.0,1402.439,0.0,1,8,0.0,1,8,0.0,1,8,0.0,1,8,0.0,1,8,0.0,1,8,-0.0,1,8,-9900,?,9,-9900,?,9,12.15,E,8,11.83,E,8,95.0,E,8,872.5394,E,8,999.0,E,8,0.66,E,8,-9900,?,9,-9900,?,9,0.0,E,8,-9900,?,9,-9900,?,9,0.0,0.0,E,8
11/24/2017,06:00,152.21,1402.439,0.0,1,8,0.0,1,8,0.0,1,8,0.0,1,8,0.0,1,8,0.0,1,8,0.0,1,8,-9900,?,9,-9900,?,9,11.95,E,8,11.77,E,8,96.0,E,8,872.5394,E,8,999.0,E,8,0.66,E,8,-9900,?,9,-9900,?,9,0.0,E,8,-9900,?,9,-9900,?,9,0.0,0.0,E,8
11/24/2017,07:00,467.885,1402.439,47.87,1,8,0.0,1,8,47.87,1,8,5744.4,1,8,0.0,1,8,5265.7,1,8,45.779,1,8,-9900,?,9,-9900,?,9,11.74,E,8,11.72,E,8,97.0,E,8,872.5394,E,8,999.0,E,8,0.66,E,8,-9900,?,9,-9900,?,9,0.0,E,8,-9900,?,9,-9900,?,9,0.0,0.0,E,8
11/24/2017,08:00,765.528,1402.439,131.62,1,8,0.0,1,8,131.62,1,8,15794.4,1,8,0.0,1,8,14478.2,1,8,76.806,1,8,-9900,?,9,-9900,?,9,14.34,E,8,12.41,E,8,86.0,E,8,872.5394,E,8,999.0,E,8,0.66,E,8,-9900,?,9,-9900,?,9,0.0,E,8,-9900,?,9,-9900,?,9,0.0,0.0,E,8
11/24/2017,09:00,1023.407,1402.439,211.6,1,8,2.141,1,8,210.038,1,8,25392.0,1,8,203.351,1,8,23104.222,1,8,91.642,1,8,-9900,?,9,-9900,?,9,15.51,E,8,12.72,E,8,82.0,E,8,872.5394,E,8,999.0,E,8,0.66,E,8,-9900,?,9,-9900,?,9,0.0,E,8,-9900,?,9,-9900,?,9,0.0,0.0,E,8
11/24/2017,10:00,1223.768,1402.439,278.51,1,8,6.257,1,8,273.051,1,8,33421.2,1,8,594.389,1,8,30035.597,1,8,99.614,1,8,-9900,?,9,-9900,?,9,16.58,E,8,13.0,E,8,78.0,E,8,872.5394,E,8,999.0,E,8,0.66,E,8,-9900,?,9,-9900,?,9,0.0,E,8,-9900,?,9,-9900,?,9,0.0,0.0,E,8
11/24/2017,11:00,1352.916,1402.439,326.88,1,8,7.298,1,8,319.84,1,8,39225.6,1,8,693.306,1,8,35182.389,1,8,105.537,1,8,-9900,?,9,-9900,?,9,17.51,E,8,13.23,E,8,75.0,E,8,872.5394,E,8,999.0,E,8,0.66,E,8,-9900,?,9,-9900,?,9,0.0,E,8,-9900,?,9,-9900,?,9,0.0,0.0,E,8
11/24/2017,12:00,1402.045,1402.439,353.12,1,8,19.506,1,8,333.62,1,8,42374.4,1,8,1853.04,1,8,36698.176,1,8,106.224,1,8,-9900,?,9,-9900,?,9,18.25,E,8,13.42,E,8,73.0,E,8,872.5394,E,8,999.0,E,8,0.66,E,8,-9900,?,9,-9900,?,9,0.0,E,8,-9900,?,9,-9900,?,9,0.0,0.0,E,8
11/24/2017,13:00,1367.816,1402.439,355.31,1,8,31.277,1,8,324.806,1,8,42637.2,1,8,2971.306,1,8,35728.626,1,8,106.007,1,8,-9900,?,9,-9900,?,9,18.79,E,8,13.55,E,8,71.0,E,8,872.5394,E,8,999.0,E,8,0.66,E,8,-9900,?,9,-9900,?,9,0.0,E,8,-9900,?,9,-9900,?,9,0.0,0.0,E,8
11/24/2017,14:00,1252.579,1402.439,169.43,1,8,2.148,1,8,167.512,1,8,20331.6,1,8,204.049,1,8,18426.295,1,8,59.704,1,8,-9900,?,9,-9900,?,9,18.52,E,8,13.48,E,8,72.0,E,8,872.5394,E,8,999.0,E,8,0.66,E,8,-9900,?,9,-9900,?,9,0.0,E,8,-9900,?,9,-9900,?,9,0.0,0.0,E,8
11/24/2017,15:00,1064.214,1402.439,305.53,1,8,12.653,1,8,295.93,1,8,36663.6,1,8,1202.057,1,8,32552.345,1,8,124.162,1,8,-9900,?,9,-9900,?,9,18.75,E,8,13.54,E,8,71.0,E,8,872.5394,E,8,999.0,E,8,0.66,E,8,-9900,?,9,-9900,?,9,0.0,E,8,-9900,?,9,-9900,?,9,0.0,0.0,E,8
11/24/2017,16:00,815.614,1402.439,271.39,1,8,23.307,1,8,257.843,1,8,32566.8,1,8,2214.211,1,8,28362.716,1,8,141.206,1,8,-9900,?,9,-9900,?,9,18.83,E,8,13.56,E,8,76.0,E,8,872.5394,E,8,999.0,E,8,0.66,E,8,-9900,?,9,-9900,?,9,0.006,E,8,-9900,?,9,-9900,?,9,0.06,99.0,E,8
11/24/2017,17:00,523.875,1402.439,271.05,1,8,306.719,1,8,156.682,1,8,32526.0,1,8,29138.265,1,8,17235.002,1,8,133.753,1,8,-9900,?,9,-9900,?,9,18.9,E,8,13.58,E,8,71.0,E,8,872.5394,E,8,999.0,E,8,0.66,E,8,-9900,?,9,-9900,?,9,0.0,E,8,-9900,?,9,-9900,?,9,0.0,0.0,E,8
11/24/2017,18:00,209.785,1402.439,86.88,1,8,217.504,1,8,54.734,1,8,10425.6,1,8,20662.917,1,8,6020.795,1,8,117.885,1,8,-9900,?,9,-9900,?,9,18.24,E,8,13.41,E,8,73.0,E,8,872.5394,E,8,999.0,E,8,0.66,E,8,-9900,?,9,-9900,?,9,0.0,E,8,-9900,?,9,-9900,?,9,0.0,0.0,E,8
11/24/2017,19:00,0.0,1402.439,8.27,1,8,0.0,1,8,0.0,1,8,992.4,1,8,0.0,1,8,0.0,1,8,-0.0,1,8,-9900,?,9,-9900,?,9,17.46,E,8,13.22,E,8,80.0,E,8,872.5394,E,8,999.0,E,8,0.66,E,8,-9900,?,9,-9900,?,9,0.001,E,8,-9900,?,9,-9900,?,9,0.01,99.0,E,8
11/24/2017,20:00,0.0,1402.439,0.0,1,8,0.0,1,8,0.0,1,8,0.0,1,8,0.0,1,8,0.0,1,8,-0.0,1,8,-9900,?,9,-9900,?,9,16.67,E,8,13.02,E,8,78.0,E,8,872.5394,E,8,999.0,E,8,0.66,E,8,-9900,?,9,-9900,?,9,0.0,E,8,-9900,?,9,-9900,?,9,0.0,0.0,E,8
11/24/2017,21:00,0.0,1402.439,0.0,1,8,0.0,1,8,0.0,1,8,0.0,1,8,0.0,1,8,0.0,1,8,-0.0,1,8,-9900,?,9,-9900,?,9,15.88,E,8,12.82,E,8,81.0,E,8,872.5394,E,8,999.0,E,8,0.66,E,8,-9900,?,9,-9900,?,9,0.0,E,8,-9900,?,9,-9900,?,9,0.0,0.0,E,8
11/24/2017,22:00,0.0,1402.439,0.0,1,8,0.0,1,8,0.0,1,8,0.0,1,8,0.0,1,8,0.0,1,8,-0.0,1,8,-9900,?,9,-9900,?,9,15.1,E,8,12.61,E,8,88.0,E,8,872.5394,E,8,999.0,E,8,0.66,E,8,-9900,?,9,-9900,?,9,0.002,E,8,-9900,?,9,-9900,?,9,0.02,99.0,E,8
11/24/2017,23:00,0.0,1402.439,0.0,1,8,0.0,1,8,0.0,1,8,0.0,1,8,0.0,1,8,0.0,1,8,-0.0,1,8,-9900,?,9,-9900,?,9,14.31,E,8,12.41,E,8,86.0,E,8,872.5394,E,8,999.0,E,8,0.66,E,8,-9900,?,9,-9900,?,9,0.0,E,8,-9900,?,9,-9900,?,9,0.0,0.0,E,8
11/24/2017,24:00,0.0,1402.439,0.0,1,8,0.0,1,8,0.0,1,8,0.0,1,8,0.0,1,8,0.0,1,8,-0.0,1,8,-9900,?,9,-9900,?,9,13.53,E,8,11.35,E,8,86.0,E,8,872.5394,E,8,999.0,E,8,0.66,E,8,-9900,?,9,-9900,?,9,0.0,E,8,-9900,?,9,-9900,?,9,0.0,0.0,E,8
11/25/2017,01:00,0.0,1402.439,0.0,1,8,0.0,1,8,0.0,1,8,0.0,1,8,0.0,1,8,0.0,1,8,-0.0,1,8,-9900,?,9,-9900,?,9,13.13,E,8,11.18,E,8,87.0,E,8,872.5394,E,8,999.0,E,8,0.66,E,8,-9900,?,9,-9900,?,9,0.0,E,8,-9900,?,9,-9900,?,9,0.0,0.0,E,8
11/25/2017,02:00,0.0,1402.439,0.0,1,8,0.0,1,8,0.0,1,8,0.0,1,8,0.0,1,8,0.0,1,8,-0.0,1,8,-9900,?,9,-9900,?,9,12.74,E,8,11.0,E,8,89.0,E,8,872.5394,E,8,999.0,E,8,0.66,E,8,-9900,?,9,-9900,?,9,0.0,E,8,-9900,?,9,-9900,?,9,0.0,0.0,E,8
11/25/2017,03:00,0.0,1402.439,0.0,1,8,0.0,1,8,0.0,1,8,0.0,1,8,0.0,1,8,0.0,1,8,-0.0,1,8,-9900,?,9,-9900,?,9,12.35,E,8,10.83,E,8,90.0,E,8,872.5394,E,8,999.0,E,8,0.66,E,8,-9900,?,9,-9900,?,9,0.0,E,8,-9900,?,9,-9900,?,9,0.0,0.0,E,8
11/25/2017,04:00,0.0,1402.98,0.0,1,8,0.0,1,8,0.0,1,8,0.0,1,8,0.0,1,8,0.0,1,8,-0.0,1,8,-9900,?,9,-9900,?,9,11.95,E,8,10.65,E,8,91.0,E,8,872.5394,E,8,999.0,E,8,0.66,E,8,-9900,?,9,-9900,?,9,0.0,E,8,-9900,?,9,-9900,?,9,0.0,0.0,E,8
11/25/2017,05:00,0.0,1402.98,0.0,1,8,0.0,1,8,0.0,1,8,0.0,1,8,0.0,1,8,0.0,1,8,-0.0,1,8,-9900,?,9,-9900,?,9,11.61,E,8,10.49,E,8,92.0,E,8,872.5394,E,8,999.0,E,8,0.66,E,8,-9900,?,9,-9900,?,9,0.0,E,8,-9900,?,9,-9900,?,9,0.0,0.0,E,8
11/25/2017,06:00,152.361,1402.98,0.0,1,8,0.0,1,8,0.0,1,8,0.0,1,8,0.0,1,8,0.0,1,8,0.0,1,8,-9900,?,9,-9900,?,9,11.35,E,8,10.37,E,8,93.0,E,8,872.5394,E,8,999.0,E,8,0.66,E,8,-9900,?,9,-9900,?,9,0.0,E,8,-9900,?,9,-9900,?,9,0.0,0.0,E,8
11/25/2017,07:00,467.785,1402.98,61.07,1,8,0.0,1,8,61.07,1,8,7328.4,1,8,0.0,1,8,6717.7,1,8,58.437,1,8,-9900,?,9,-9900,?,9,11.09,E,8,10.25,E,8,94.0,E,8,872.5394,E,8,999.0,E,8,0.66,E,8,-9900,?,9,-9900,?,9,0.0,E,8,-9900,?,9,-9900,?,9,0.0,0.0,E,8
11/25/2017,08:00,765.3,1402.98,167.88,1,8,10.708,1,8,162.043,1,8,20145.6,1,8,1017.243,1,8,17824.744,1,8,94.624,1,8,-9900,?,9,-9900,?,9,13.96,E,8,11.54,E,8,85.0,E,8,872.5394,E,8,999.0,E,8,0.66,E,8,-9900,?,9,-9900,?,9,0.0,E,8,-9900,?,9,-9900,?,9,0.0,0.0,E,8
11/25/2017,09:00,1023.182,1402.98,269.9,1,8,7.212,1,8,264.642,1,8,32388.0,1,8,685.118,1,8,29110.606,1,8,115.537,1,8,-9900,?,9,-9900,?,9,15.26,E,8,12.09,E,8,81.0,E,8,872.5394,E,8,999.0,E,8,0.66,E,8,-9900,?,9,-9900,?,9,0.0,E,8,-9900,?,9,-9900,?,9,0.0,0.0,E,8
11/25/2017,10:00,1223.68,1402.98,355.31,1,8,12.408,1,8,344.489,1,8,42637.2,1,8,1178.714,1,8,37893.808,1,8,125.733,1,8,-9900,?,9,-9900,?,9,16.44,E,8,12.58,E,8,77.0,E,8,872.5394,E,8,999.0,E,8,0.66,E,8,-9900,?,9,-9900,?,9,0.0,E,8,-9900,?,9,-9900,?,9,0.0,0.0,E,8
11/25/2017,11:00,1353.088,1402.98,417.12,1,8,25.902,1,8,392.14,1,8,50054.4,1,8,2460.656,1,8,43135.4,1,8,129.427,1,8,-9900,?,9,-9900,?,9,17.46,E,8,12.99,E,8,75.0,E,8,872.5394,E,8,999.0,E,8,0.66,E,8,-9900,?,9,-9900,?,9,0.0,E,8,-9900,?,9,-9900,?,9,0.0,0.0,E,8
11/25/2017,12:00,1402.583,1402.98,450.71,1,8,28.212,1,8,422.506,1,8,54085.2,1,8,2680.167,1,8,46475.628,1,8,134.526,1,8,-9900,?,9,-9900,?,9,18.29,E,8,13.32,E,8,72.0,E,8,872.5394,E,8,999.0,E,8,0.66,E,8,-9900,?,9,-9900,?,9,0.0,E,8,-9900,?,9,-9900,?,9,0.0,0.0,E,8
11/25/2017,13:00,1368.8,1402.98,453.66,1,8,30.778,1,8,423.633,1,8,54439.2,1,8,2923.87,1,8,46599.597,1,8,138.216,1,8,-9900,?,9,-9900,?,9,18.88,E,8,13.54,E,8,71.0,E,8,872.5394,E,8,999.0,E,8,0.66,E,8,-9900,?,9,-9900,?,9,0.0,E,8,-9900,?,9,-9900,?,9,0.0,0.0,E,8
11/25/2017,14:00,1254.057,1402.98,425.77,1,8,24.88,1,8,403.532,1,8,51092.4,1,8,2363.63,1,8,44388.555,1,8,143.713,1,8,-9900,?,9,-9900,?,9,19.24,E,8,13.68,E,8,70.0,E,8,872.5394,E,8,999.0,E,8,0.66,E,8,-9900,?,9,-9900,?,9,0.0,E,8,-9900,?,9,-9900,?,9,0.0,0.0,E,8
11/25/2017,15:00,1066.202,1402.98,369.04,1,8,16.96,1,8,356.154,1,8,44284.8,1,8,1611.23,1,8,39176.905,1,8,149.208,1,8,-9900,?,9,-9900,?,9,19.37,E,8,13.73,E,8,69.0,E,8,872.5394,E,8,999.0,E,8,0.66,E,8,-9900,?,9,-9900,?,9,0.0,E,8,-9900,?,9,-9900,?,9,0.0,0.0,E,8
11/25/2017,16:00,818.092,1402.98,287.69,1,8,21.423,1,8,275.205,1,8,34522.8,1,8,2035.232,1,8,30272.534,1,8,150.315,1,8,-9900,?,9,-9900,?,9,19.19,E,8,13.66,E,8,70.0,E,8,872.5394,E,8,999.0,E,8,0.66,E,8,-9900,?,9,-9900,?,9,0.0,E,8,-9900,?,9,-9900,?,9,0.0,0.0,E,8
11/25/2017,17:00,526.785,1402.98,188.2,1,8,69.379,1,8,162.196,1,8,22584.0,1,8,6591.037,1,8,17841.545,1,8,137.746,1,8,-9900,?,9,-9900,?,9,18.65,E,8,13.46,E,8,71.0,E,8,872.5394,E,8,999.0,E,8,0.66,E,8,-9900,?,9,-9900,?,9,0.0,E,8,-9900,?,9,-9900,?,9,0.0,0.0,E,8
11/25/2017,18:00,213.019,1402.98,80.89,1,8,110.529,1,8,64.304,1,8,9706.8,1,8,10500.253,1,8,7073.388,1,8,136.398,1,8,-9900,?,9,-9900,?,9,17.83,E,8,13.14,E,8,74.0,E,8,872.5394,E,8,999.0,E,8,0.66,E,8,-9900,?,9,-9900,?,9,0.0,E,8,-9900,?,9,-9900,?,9,0.0,0.0,E,8
11/25/2017,19:00,0.0,1402.98,1.55,1,8,0.0,1,8,0.0,1,8,186.0,1,8,0.0,1,8,0.0,1,8,-0.0,1,8,-9900,?,9,-9900,?,9,17.05,E,8,12.83,E,8,76.0,E,8,872.5394,E,8,999.0,E,8,0.66,E,8,-9900,?,9,-9900,?,9,0.0,E,8,-9900,?,9,-9900,?,9,0.0,0.0,E,8
11/25/2017,20:00,0.0,1402.98,0.0,1,8,0.0,1,8,0.0,1,8,0.0,1,8,0.0,1,8,0.0,1,8,-0.0,1,8,-9900,?,9,-9900,?,9,16.27,E,8,12.51,E,8,78.0,E,8,872.5394,E,8,999.0,E,8,0.66,E,8,-9900,?,9,-9900,?,9,0.0,E,8,-9900,?,9,-9900,?,9,0.0,0.0,E,8
11/25/2017,21:00,0.0,1402.98,0.0,1,8,0.0,1,8,0.0,1,8,0.0,1,8,0.0,1,8,0.0,1,8,-0.0,1,8,-9900,?,9,-9900,?,9,15.49,E,8,12.19,E,8,80.0,E,8,872.5394,E,8,999.0,E,8,0.66,E,8,-9900,?,9,-9900,?,9,0.0,E,8,-9900,?,9,-9900,?,9,0.0,0.0,E,8
11/25/2017,22:00,0.0,1402.98,0.0,1,8,0.0,1,8,0.0,1,8,0.0,1,8,0.0,1,8,0.0,1,8,-0.0,1,8,-9900,?,9,-9900,?,9,14.71,E,8,11.86,E,8,83.0,E,8,872.5394,E,8,999.0,E,8,0.66,E,8,-9900,?,9,-9900,?,9,0.0,E,8,-9900,?,9,-9900,?,9,0.0,0.0,E,8
11/25/2017,23:00,0.0,1402.98,0.0,1,8,0.0,1,8,0.0,1,8,0.0,1,8,0.0,1,8,0.0,1,8,-0.0,1,8,-9900,?,9,-9900,?,9,13.94,E,8,11.53,E,8,85.0,E,8,872.5394,E,8,999.0,E,8,0.66,E,8,-9900,?,9,-9900,?,9,0.0,E,8,-9900,?,9,-9900,?,9,0.0,0.0,E,8
11/25/2017,24:00,0.0,1402.98,0.0,1,8,0.0,1,8,0.0,1,8,0.0,1,8,0.0,1,8,0.0,1,8,-0.0,1,8,-9900,?,9,-9900,?,9,13.16,E,8,10.76,E,8,85.0,E,8,872.5394,E,8,999.0,E,8,0.25,E,8,-9900,?,9,-9900,?,9,0.0,E,8,-9900,?,9,-9900,?,9,0.0,0.0,E,8
11/26/2017,01:00,0.0,1402.98,0.0,1,8,0.0,1,8,0.0,1,8,0.0,1,8,0.0,1,8,0.0,1,8,-0.0,1,8,-9900,?,9,-9900,?,9,12.77,E,8,10.65,E,8,86.0,E,8,872.5394,E,8,999.0,E,8,0.45,E,8,-9900,?,9,-9900,?,9,0.0,E,8,-9900,?,9,-9900,?,9,0.0,0.0,E,8
11/26/2017,02:00,0.0,1402.98,0.0,1,8,0.0,1,8,0.0,1,8,0.0,1,8,0.0,1,8,0.0,1,8,-0.0,1,8,-9900,?,9,-9900,?,9,12.38,E,8,10.53,E,8,88.0,E,8,872.5394,E,8,999.0,E,8,0.75,E,8,-9900,?,9,-9900,?,9,0.0,E,8,-9900,?,9,-9900,?,9,0.0,0.0,E,8
11/26/2017,03:00,0.0,1402.98,0.0,1,8,0.0,1,8,0.0,1,8,0.0,1,8,0.0,1,8,0.0,1,8,-0.0,1,8,-9900,?,9,-9900,?,9,11.99,E,8,10.42,E,8,90.0,E,8,872.5394,E,8,999.0,E,8,0.53,E,8,-9900,?,9,-9900,?,9,0.0,E,8,-9900,?,9,-9900,?,9,0.0,0.0,E,8
11/26/2017,04:00,0.0,1403.511,0.0,1,8,0.0,1,8,0.0,1,8,0.0,1,8,0.0,1,8,0.0,1,8,-0.0,1,8,-9900,?,9,-9900,?,9,11.6,E,8,10.3,E,8,91.0,E,8,872.5394,E,8,999.0,E,8,1.08,E,8,-9900,?,9,-9900,?,9,0.0,E,8,-9900,?,9,-9900,?,9,0.0,0.0,E,8
11/26/2017,05:00,0.0,1403.511,0.0,1,8,0.0,1,8,0.0,1,8,0.0,1,8,0.0,1,8,0.0,1,8,-0.0,1,8,-9900,?,9,-9900,?,9,11.26,E,8,10.2,E,8,93.0,E,8,872.5394,E,8,999.0,E,8,1.93,E,8,-9900,?,9,-9900,?,9,0.0,E,8,-9900,?,9,-9900,?,9,0.0,0.0,E,8
11/26/2017,06:00,152.396,1403.511,0.0,1,8,0.0,1,8,0.0,1,8,0.0,1,8,0.0,1,8,0.0,1,8,0.0,1,8,-9900,?,9,-9900,?,9,11.0,E,8,10.12,E,8,94.0,E,8,872.5394,E,8,999.0,E,8,2.01,E,8,-9900,?,9,-9900,?,9,0.0,E,8,-9900,?,9,-9900,?,9,0.0,0.0,E,8
11/26/2017,07:00,467.575,1403.511,68.19,1,8,0.0,1,8,68.19,1,8,8182.8,1,8,0.0,1,8,7500.9,1,8,65.305,1,8,-9900,?,9,-9900,?,9,10.74,E,8,10.04,E,8,95.0,E,8,872.5394,E,8,999.0,E,8,1.53,E,8,-9900,?,9,-9900,?,9,0.0,E,8,-9900,?,9,-9900,?,9,0.0,0.0,E,8
11/26/2017,08:00,764.973,1403.511,187.45,1,8,4.625,1,8,184.931,1,8,22494.0,1,8,439.34,1,8,20342.424,1,8,108.076,1,8,-9900,?,9,-9900,?,9,13.99,E,8,11.0,E,8,82.0,E,8,872.5394,E,8,999.0,E,8,0.69,E,8,-9900,?,9,-9900,?,9,0.0,E,8,-9900,?,9,-9900,?,9,0.0,0.0,E,8
11/26/2017,09:00,1022.874,1403.511,301.43,1,8,9.918,1,8,294.204,1,8,36171.6,1,8,942.226,1,8,32362.39,1,8,128.53,1,8,-9900,?,9,-9900,?,9,15.46,E,8,11.42,E,8,76.0,E,8,872.5394,E,8,999.0,E,8,0.52,E,8,-9900,?,9,-9900,?,9,0.0,E,8,-9900,?,9,-9900,?,9,0.0,0.0,E,8
11/26/2017,10:00,1223.525,1403.511,396.89,1,8,16.494,1,8,382.512,1,8,47626.8,1,8,1566.965,1,8,42076.341,1,8,139.681,1,8,-9900,?,9,-9900,?,9,16.8,E,8,11.79,E,8,72.0,E,8,872.5394,E,8,999.0,E,8,0.87,E,8,-9900,?,9,-9900,?,9,0.0,E,8,-9900,?,9,-9900,?,9,0.0,0.0,E,8
11/26/2017,11:00,1353.212,1403.511,466.05,1,8,34.535,1,8,432.753,1,8,55926.0,1,8,3280.824,1,8,47602.876,1,8,142.873,1,8,-9900,?,9,-9900,?,9,17.96,E,8,12.1,E,8,68.0,E,8,872.5394,E,8,999.0,E,8,0.25,E,8,-9900,?,9,-9900,?,9,0.0,E,8,-9900,?,9,-9900,?,9,0.0,0.0,E,8
11/26/2017,12:00,1403.089,1403.511,503.72,1,8,38.368,1,8,465.364,1,8,60446.4,1,8,3644.93,1,8,51190.023,1,8,148.174,1,8,-9900,?,9,-9900,?,9,18.89,E,8,12.35,E,8,65.0,E,8,872.5394,E,8,999.0,E,8,0.25,E,8,-9900,?,9,-9900,?,9,0.0,E,8,-9900,?,9,-9900,?,9,0.0,0.0,E,8
11/26/2017,13:00,1369.767,1403.511,507.2,1,8,43.204,1,8,465.036,1,8,60864.0,1,8,4104.352,1,8,51153.92,1,8,151.674,1,8,-9900,?,9,-9900,?,9,19.57,E,8,12.53,E,8,63.0,E,8,872.5394,E,8,999.0,E,8,0.35,E,8,-9900,?,9,-9900,?,9,0.0,E,8,-9900,?,9,-9900,?,9,0.0,0.0,E,8
11/26/2017,14:00,1255.532,1403.511,476.23,1,8,36.355,1,8,443.711,1,8,57147.6,1,8,3453.687,1,8,48808.191,1,8,157.896,1,8,-9900,?,9,-9900,?,9,19.98,E,8,12.64,E,8,62.0,E,8,872.5394,E,8,999.0,E,8,0.3,E,8,-9900,?,9,-9900,?,9,0.0,E,8,-9900,?,9,-9900,?,9,0.0,0.0,E,8
11/26/2017,15:00,1068.196,1403.511,413.06,1,8,25.91,1,8,393.344,1,8,49567.2,1,8,2461.44,1,8,43267.893,1,8,164.543,1,8,-9900,?,9,-9900,?,9,20.12,E,8,12.67,E,8,62.0,E,8,872.5394,E,8,999.0,E,8,0.65,E,8,-9900,?,9,-9900,?,9,0.0,E,8,-9900,?,9,-9900,?,9,0.0,0.0,E,8
11/26/2017,16:00,820.58,1403.511,322.36,1,8,72.101,1,8,280.229,1,8,38683.2,1,8,6849.634,1,8,30825.172,1,8,152.652,1,8,-9900,?,9,-9900,?,9,19.91,E,8,12.62,E,8,62.0,E,8,872.5394,E,8,999.0,E,8,0.76,E,8,-9900,?,9,-9900,?,9,0.0,E,8,-9900,?,9,-9900,?,9,0.0,0.0,E,8
11/26/2017,17:00,529.706,1403.511,211.37,1,8,113.053,1,8,168.777,1,8,25364.4,1,8,10740.057,1,8,18565.434,1,8,142.595,1,8,-9900,?,9,-9900,?,9,19.31,E,8,12.46,E,8,64.0,E,8,872.5394,E,8,999.0,E,8,0.28,E,8,-9900,?,9,-9900,?,9,0.0,E,8,-9900,?,9,-9900,?,9,0.0,0.0,E,8
11/26/2017,18:00,216.26,1403.511,91.52,1,8,245.028,1,8,54.192,1,8,10982.4,1,8,23277.625,1,8,5961.156,1,8,113.233,1,8,-9900,?,9,-9900,?,9,18.38,E,8,12.21,E,8,67.0,E,8,872.5394,E,8,999.0,E,8,0.38,E,8,-9900,?,9,-9900,?,9,0.0,E,8,-9900,?,9,-9900,?,9,0.0,0.0,E,8
11/26/2017,19:00,0.0,1403.511,2.0,1,8,0.0,1,8,0.0,1,8,240.0,1,8,0.0,1,8,0.0,1,8,-0.0,1,8,-9900,?,9,-9900,?,9,17.6,E,8,12.01,E,8,69.0,E,8,872.5394,E,8,999.0,E,8,0.32,E,8,-9900,?,9,-9900,?,9,0.0,E,8,-9900,?,9,-9900,?,9,0.0,0.0,E,8
11/26/2017,20:00,0.0,1403.511,0.0,1,8,0.0,1,8,0.0,1,8,0.0,1,8,0.0,1,8,0.0,1,8,-0.0,1,8,-9900,?,9,-9900,?,9,16.81,E,8,11.79,E,8,72.0,E,8,872.5394,E,8,999.0,E,8,0.29,E,8,-9900,?,9,-9900,?,9,0.0,E,8,-9900,?,9,-9900,?,9,0.0,0.0,E,8
11/26/2017,21:00,0.0,1403.511,0.0,1,8,0.0,1,8,0.0,1,8,0.0,1,8,0.0,1,8,0.0,1,8,-0.0,1,8,-9900,?,9,-9900,?,9,16.02,E,8,11.57,E,8,74.0,E,8,872.5394,E,8,999.0,E,8,0.46,E,8,-9900,?,9,-9900,?,9,0.0,E,8,-9900,?,9,-9900,?,9,0.0,0.0,E,8
11/26/2017,22:00,0.0,1403.511,0.0,1,8,0.0,1,8,0.0,1,8,0.0,1,8,0.0,1,8,0.0,1,8,-0.0,1,8,-9900,?,9,-9900,?,9,15.23,E,8,11.35,E,8,77.0,E,8,872.5394,E,8,999.0,E,8,0.45,E,8,-9900,?,9,-9900,?,9,0.0,E,8,-9900,?,9,-9900,?,9,0.0,0.0,E,8
11/26/2017,23:00,0.0,1403.511,0.0,1,8,0.0,1,8,0.0,1,8,0.0,1,8,0.0,1,8,0.0,1,8,-0.0,1,8,-9900,?,9,-9900,?,9,14.45,E,8,11.13,E,8,80.0,E,8,872.5394,E,8,999.0,E,8,0.42,E,8,-9900,?,9,-9900,?,9,0.0,E,8,-9900,?,9,-9900,?,9,0.0,0.0,E,8
11/26/2017,24:00,0.0,1403.511,0.0,1,8,0.0,1,8,0.0,1,8,0.0,1,8,0.0,1,8,0.0,1,8,-0.0,1,8,-9900,?,9,-9900,?,9,13.66,E,8,10.42,E,8,80.0,E,8,872.5394,E,8,999.0,E,8,0.83,E,8,-9900,?,9,-9900,?,9,0.0,E,8,-9900,?,9,-9900,?,9,0.0,0.0,E,8
11/27/2017,01:00,0.0,1403.511,0.0,1,8,0.0,1,8,0.0,1,8,0.0,1,8,0.0,1,8,0.0,1,8,-0.0,1,8,-9900,?,9,-9900,?,9,13.27,E,8,10.41,E,8,82.0,E,8,872.5394,E,8,999.0,E,8,1.46,E,8,-9900,?,9,-9900,?,9,0.0,E,8,-9900,?,9,-9900,?,9,0.0,0.0,E,8
11/27/2017,02:00,0.0,1403.511,0.0,1,8,0.0,1,8,0.0,1,8,0.0,1,8,0.0,1,8,0.0,1,8,-0.0,1,8,-9900,?,9,-9900,?,9,12.87,E,8,10.41,E,8,85.0,E,8,872.5394,E,8,999.0,E,8,1.13,E,8,-9900,?,9,-9900,?,9,0.0,E,8,-9900,?,9,-9900,?,9,0.0,0.0,E,8
11/27/2017,03:00,0.0,1403.511,0.0,1,8,0.0,1,8,0.0,1,8,0.0,1,8,0.0,1,8,0.0,1,8,-0.0,1,8,-9900,?,9,-9900,?,9,12.48,E,8,10.41,E,8,87.0,E,8,872.5394,E,8,999.0,E,8,1.38,E,8,-9900,?,9,-9900,?,9,0.0,E,8,-9900,?,9,-9900,?,9,0.0,0.0,E,8
11/27/2017,04:00,0.0,1404.03,0.0,1,8,0.0,1,8,0.0,1,8,0.0,1,8,0.0,1,8,0.0,1,8,-0.0,1,8,-9900,?,9,-9900,?,9,12.09,E,8,10.41,E,8,89.0,E,8,872.5394,E,8,999.0,E,8,0.69,E,8,-9900,?,9,-9900,?,9,0.0,E,8,-9900,?,9,-9900,?,9,0.0,0.0,E,8
11/27/2017,05:00,0.0,1404.03,0.0,1,8,0.0,1,8,0.0,1,8,0.0,1,8,0.0,1,8,0.0,1,8,-0.0,1,8,-9900,?,9,-9900,?,9,11.74,E,8,10.41,E,8,91.0,E,8,872.5394,E,8,999.0,E,8,0.91,E,8,-9900,?,9,-9900,?,9,0.0,E,8,-9900,?,9,-9900,?,9,0.0,0.0,E,8
11/27/2017,06:00,152.315,1404.03,0.0,1,8,0.0,1,8,0.0,1,8,0.0,1,8,0.0,1,8,0.0,1,8,0.0,1,8,-9900,?,9,-9900,?,9,11.48,E,8,10.4,E,8,93.0,E,8,872.5394,E,8,999.0,E,8,1.65,E,8,-9900,?,9,-9900,?,9,0.0,E,8,-9900,?,9,-9900,?,9,0.0,0.0,E,8
11/27/2017,07:00,467.257,1404.03,63.5,1,8,0.0,1,8,63.5,1,8,7620.0,1,8,0.0,1,8,6985.0,1,8,60.877,1,8,-9900,?,9,-9900,?,9,11.22,E,8,10.4,E,8,94.0,E,8,872.5394,E,8,999.0,E,8,0.67,E,8,-9900,?,9,-9900,?,9,0.0,E,8,-9900,?,9,-9900,?,9,0.0,0.0,E,8
11/27/2017,08:00,764.549,1404.03,224.66,1,8,17.068,1,8,215.372,1,8,26959.2,1,8,1621.442,1,8,23690.961,1,8,125.983,1,8,-9900,?,9,-9900,?,9,14.53,E,8,10.42,E,8,76.0,E,8,872.5394,E,8,999.0,E,8,0.67,E,8,-9900,?,9,-9900,?,9,0.0,E,8,-9900,?,9,-9900,?,9,0.0,0.0,E,8
11/27/2017,09:00,1022.485,1404.03,412.02,1,8,58.437,1,8,369.474,1,8,49442.4,1,8,5551.53,1,8,40642.166,1,8,161.535,1,8,-9900,?,9,-9900,?,9,16.58,E,8,10.43,E,8,66.0,E,8,872.5394,E,8,999.0,E,8,0.67,E,8,-9900,?,9,-9900,?,9,0.0,E,8,-9900,?,9,-9900,?,9,0.0,0.0,E,8
11/27/2017,10:00,1223.306,1404.03,489.92,1,8,26.083,1,8,467.196,1,8,58790.4,1,8,2477.92,1,8,51391.576,1,8,170.699,1,8,-9900,?,9,-9900,?,9,18.06,E,8,10.44,E,8,61.0,E,8,872.5394,E,8,999.0,E,8,0.67,E,8,-9900,?,9,-9900,?,9,0.0,E,8,-9900,?,9,-9900,?,9,0.0,0.0,E,8
11/27/2017,11:00,1353.288,1404.03,328.85,1,8,15.811,1,8,313.611,1,8,39462.0,1,8,1502.009,1,8,34497.224,1,8,103.571,1,8,-9900,?,9,-9900,?,9,18.2,E,8,10.44,E,8,60.0,E,8,872.5394,E,8,999.0,E,8,0.67,E,8,-9900,?,9,-9900,?,9,0.0,E,8,-9900,?,9,-9900,?,9,0.0,0.0,E,8
11/27/2017,12:00,1403.565,1404.03,471.18,1,8,19.0,1,8,452.186,1,8,56541.6,1,8,1805.009,1,8,49740.483,1,8,143.983,1,8,-9900,?,9,-9900,?,9,18.84,E,8,10.45,E,8,58.0,E,8,872.5394,E,8,999.0,E,8,0.67,E,8,-9900,?,9,-9900,?,9,0.0,E,8,-9900,?,9,-9900,?,9,0.0,0.0,E,8
11/27/2017,13:00,1370.719,1404.03,628.18,1,8,105.995,1,8,524.701,1,8,75381.6,1,8,10069.536,1,8,57717.131,1,8,171.079,1,8,-9900,?,9,-9900,?,9,19.82,E,8,10.45,E,8,54.0,E,8,872.5394,E,8,999.0,E,8,0.67,E,8,-9900,?,9,-9900,?,9,0.0,E,8,-9900,?,9,-9900,?,9,0.0,0.0,E,8
11/27/2017,14:00,1257.003,1404.03,444.52,1,8,15.682,1,8,430.481,1,8,53342.4,1,8,1489.82,1,8,47352.901,1,8,153.065,1,8,-9900,?,9,-9900,?,9,20.02,E,8,10.45,E,8,54.0,E,8,872.5394,E,8,999.0,E,8,0.67,E,8,-9900,?,9,-9900,?,9,0.0,E,8,-9900,?,9,-9900,?,9,0.0,0.0,E,8
11/27/2017,15:00,1070.195,1404.03,339.49,1,8,11.199,1,8,330.956,1,8,40738.8,1,8,1063.873,1,8,36405.142,1,8,138.237,1,8,-9900,?,9,-9900,?,9,19.83,E,8,10.45,E,8,54.0,E,8,872.5394,E,8,999.0,E,8,0.67,E,8,-9900,?,9,-9900,?,9,0.0,E,8,-9900,?,9,-9900,?,9,0.0,0.0,E,8
11/27/2017,16:00,823.077,1404.03,133.75,1,8,0.0,1,8,133.75,1,8,16050.0,1,8,0.0,1,8,14712.5,1,8,72.665,1,8,-9900,?,9,-9900,?,9,18.88,E,8,10.45,E,8,57.0,E,8,872.5394,E,8,999.0,E,8,0.67,E,8,-9900,?,9,-9900,?,9,0.0,E,8,-9900,?,9,-9900,?,9,0.0,0.0,E,8
11/27/2017,17:00,532.636,1404.03,198.1,1,8,86.532,1,8,165.33,1,8,23772.0,1,8,8220.52,1,8,18186.285,1,8,138.963,1,8,-9900,?,9,-9900,?,9,18.33,E,8,10.44,E,8,60.0,E,8,872.5394,E,8,999.0,E,8,0.67,E,8,-9900,?,9,-9900,?,9,0.0,E,8,-9900,?,9,-9900,?,9,0.0,0.0,E,8
11/27/2017,18:00,219.506,1404.03,86.41,1,8,184.798,1,8,57.837,1,8,10369.2,1,8,17555.837,1,8,6362.025,1,8,119.066,1,8,-9900,?,9,-9900,?,9,17.5,E,8,10.44,E,8,63.0,E,8,872.5394,E,8,999.0,E,8,0.67,E,8,-9900,?,9,-9900,?,9,0.0,E,8,-9900,?,9,-9900,?,9,0.0,0.0,E,8
11/27/2017,19:00,0.0,1404.03,2.13,1,8,0.0,1,8,0.0,1,8,255.6,1,8,0.0,1,8,0.0,1,8,-0.0,1,8,-9900,?,9,-9900,?,9,16.8,E,8,10.43,E,8,66.0,E,8,872.5394,E,8,999.0,E,8,0.67,E,8,-9900,?,9,-9900,?,9,0.0,E,8,-9900,?,9,-9900,?,9,0.0,0.0,E,8
11/27/2017,20:00,0.0,1404.03,0.0,1,8,0.0,1,8,0.0,1,8,0.0,1,8,0.0,1,8,0.0,1,8,-0.0,1,8,-9900,?,9,-9900,?,9,16.1,E,8,10.43,E,8,69.0,E,8,872.5394,E,8,999.0,E,8,0.67,E,8,-9900,?,9,-9900,?,9,0.0,E,8,-9900,?,9,-9900,?,9,0.0,0.0,E,8
11/27/2017,21:00,0.0,1404.03,0.0,1,8,0.0,1,8,0.0,1,8,0.0,1,8,0.0,1,8,0.0,1,8,-0.0,1,8,-9900,?,9,-9900,?,9,15.4,E,8,10.43,E,8,72.0,E,8,872.5394,E,8,999.0,E,8,0.67,E,8,-9900,?,9,-9900,?,9,0.0,E,8,-9900,?,9,-9900,?,9,0.0,0.0,E,8
11/27/2017,22:00,0.0,1404.03,0.0,1,8,0.0,1,8,0.0,1,8,0.0,1,8,0.0,1,8,0.0,1,8,-0.0,1,8,-9900,?,9,-9900,?,9,14.69,E,8,10.42,E,8,75.0,E,8,872.5394,E,8,999.0,E,8,0.67,E,8,-9900,?,9,-9900,?,9,0.0,E,8,-9900,?,9,-9900,?,9,0.0,0.0,E,8
11/27/2017,23:00,0.0,1404.03,0.0,1,8,0.0,1,8,0.0,1,8,0.0,1,8,0.0,1,8,0.0,1,8,-0.0,1,8,-9900,?,9,-9900,?,9,13.99,E,8,10.42,E,8,79.0,E,8,872.5394,E,8,999.0,E,8,0.67,E,8,-9900,?,9,-9900,?,9,0.0,E,8,-9900,?,9,-9900,?,9,0.0,0.0,E,8
11/27/2017,24:00,0.0,1404.03,0.0,1,8,0.0,1,8,0.0,1,8,0.0,1,8,0.0,1,8,0.0,1,8,-0.0,1,8,-9900,?,9,-9900,?,9,13.29,E,8,11.57,E,8,89.0,E,8,872.5394,E,8,999.0,E,8,0.19,E,8,-9900,?,9,-9900,?,9,0.0,E,8,-9900,?,9,-9900,?,9,0.0,0.0,E,8
11/28/2017,01:00,0.0,1404.03,0.0,1,8,0.0,1,8,0.0,1,8,0.0,1,8,0.0,1,8,0.0,1,8,-0.0,1,8,-9900,?,9,-9900,?,9,12.94,E,8,11.49,E,8,90.0,E,8,872.5394,E,8,999.0,E,8,0.19,E,8,-9900,?,9,-9900,?,9,0.0,E,8,-9900,?,9,-9900,?,9,0.0,0.0,E,8
11/28/2017,02:00,0.0,1404.03,0.0,1,8,0.0,1,8,0.0,1,8,0.0,1,8,0.0,1,8,0.0,1,8,-0.0,1,8,-9900,?,9,-9900,?,9,12.59,E,8,11.41,E,8,92.0,E,8,872.5394,E,8,999.0,E,8,0.19,E,8,-9900,?,9,-9900,?,9,0.0,E,8,-9900,?,9,-9900,?,9,0.0,0.0,E,8
11/28/2017,03:00,0.0,1404.03,0.0,1,8,0.0,1,8,0.0,1,8,0.0,1,8,0.0,1,8,0.0,1,8,-0.0,1,8,-9900,?,9,-9900,?,9,12.24,E,8,11.34,E,8,94.0,E,8,872.5394,E,8,999.0,E,8,0.19,E,8,-9900,?,9,-9900,?,9,0.0,E,8,-9900,?,9,-9900,?,9,0.0,0.0,E,8
11/28/2017,04:00,0.0,1404.538,0.0,1,8,0.0,1,8,0.0,1,8,0.0,1,8,0.0,1,8,0.0,1,8,-0.0,1,8,-9900,?,9,-9900,?,9,11.89,E,8,11.26,E,8,95.0,E,8,872.5394,E,8,999.0,E,8,0.19,E,8,-9900,?,9,-9900,?,9,0.0,E,8,-9900,?,9,-9900,?,9,0.0,0.0,E,8
11/28/2017,05:00,0.0,1404.538,0.0,1,8,0.0,1,8,0.0,1,8,0.0,1,8,0.0,1,8,0.0,1,8,-0.0,1,8,-9900,?,9,-9900,?,9,11.58,E,8,11.19,E,8,97.0,E,8,872.5394,E,8,999.0,E,8,0.19,E,8,-9900,?,9,-9900,?,9,0.0,E,8,-9900,?,9,-9900,?,9,0.0,0.0,E,8
11/28/2017,06:00,152.12,1404.538,0.0,1,8,0.0,1,8,0.0,1,8,0.0,1,8,0.0,1,8,0.0,1,8,0.0,1,8,-9900,?,9,-9900,?,9,11.34,E,8,11.13,E,8,98.0,E,8,872.5394,E,8,999.0,E,8,0.19,E,8,-9900,?,9,-9900,?,9,0.0,E,8,-9900,?,9,-9900,?,9,0.0,0.0,E,8
11/28/2017,07:00,466.831,1404.538,75.25,1,8,0.0,1,8,75.25,1,8,9030.0,1,8,0.0,1,8,8277.5,1,8,72.234,1,8,-9900,?,9,-9900,?,9,11.11,E,8,11.08,E,8,99.0,E,8,872.5394,E,8,999.0,E,8,0.19,E,8,-9900,?,9,-9900,?,9,0.0,E,8,-9900,?,9,-9900,?,9,0.0,0.0,E,8
11/28/2017,08:00,764.03,1404.538,207.11,1,8,10.877,1,8,201.197,1,8,24853.2,1,8,1033.297,1,8,22131.718,1,8,117.814,1,8,-9900,?,9,-9900,?,9,14.78,E,8,11.89,E,8,82.0,E,8,872.5394,E,8,999.0,E,8,0.19,E,8,-9900,?,9,-9900,?,9,0.0,E,8,-9900,?,9,-9900,?,9,0.0,0.0,E,8
11/28/2017,09:00,1022.015,1404.538,333.27,1,8,13.989,1,8,323.094,1,8,39992.4,1,8,1328.927,1,8,35540.312,1,8,141.374,1,8,-9900,?,9,-9900,?,9,16.44,E,8,12.24,E,8,76.0,E,8,872.5394,E,8,999.0,E,8,0.19,E,8,-9900,?,9,-9900,?,9,0.0,E,8,-9900,?,9,-9900,?,9,0.0,0.0,E,8
11/28/2017,10:00,1223.024,1404.538,439.08,1,8,22.919,1,8,419.125,1,8,52689.6,1,8,2177.262,1,8,46103.77,1,8,153.226,1,8,-9900,?,9,-9900,?,9,17.95,E,8,12.56,E,8,70.0,E,8,872.5394,E,8,999.0,E,8,0.19,E,8,-9900,?,9,-9900,?,9,0.0,E,8,-9900,?,9,-9900,?,9,0.0,0.0,E,8
11/28/2017,11:00,1353.318,1404.538,539.68,1,8,49.862,1,8,491.637,1,8,64761.6,1,8,4736.902,1,8,54080.105,1,8,162.42,1,8,-9900,?,9,-9900,?,9,19.39,E,8,12.85,E,8,65.0,E,8,872.5394,E,8,999.0,E,8,0.61,E,8,-9900,?,9,-9900,?,9,0.0,E,8,-9900,?,9,-9900,?,9,0.0,0.0,E,8
11/28/2017,12:00,1404.011,1404.538,353.89,1,8,6.257,1,8,347.635,1,8,42466.8,1,8,594.46,1,8,38239.837,1,8,110.697,1,8,-9900,?,9,-9900,?,9,19.54,E,8,12.88,E,8,65.0,E,8,872.5394,E,8,999.0,E,8,1.34,E,8,-9900,?,9,-9900,?,9,0.0,E,8,-9900,?,9,-9900,?,9,0.0,0.0,E,8
11/28/2017,13:00,1371.655,1404.538,562.18,1,8,90.332,1,8,473.964,1,8,67461.6,1,8,8581.54,1,8,52136.05,1,8,154.486,1,8,-9900,?,9,-9900,?,9,20.42,E,8,13.06,E,8,62.0,E,8,872.5394,E,8,999.0,E,8,2.39,E,8,-9900,?,9,-9900,?,9,0.0,E,8,-9900,?,9,-9900,?,9,0.0,0.0,E,8
11/28/2017,14:00,1258.472,1404.538,528.36,1,8,78.407,1,8,458.112,1,8,63403.2,1,8,7448.688,1,8,50392.306,1,8,162.758,1,8,-9900,?,9,-9900,?,9,20.97,E,8,13.17,E,8,60.0,E,8,872.5394,E,8,999.0,E,8,2.2,E,8,-9900,?,9,-9900,?,9,0.0,E,8,-9900,?,9,-9900,?,9,0.0,0.0,E,8
11/28/2017,15:00,1072.199,1404.538,458.89,1,8,82.01,1,8,396.298,1,8,55066.8,1,8,7790.943,1,8,43592.81,1,8,165.281,1,8,-9900,?,9,-9900,?,9,21.2,E,8,13.21,E,8,60.0,E,8,872.5394,E,8,999.0,E,8,3.05,E,8,-9900,?,9,-9900,?,9,0.0,E,8,-9900,?,9,-9900,?,9,0.0,0.0,E,8
11/28/2017,16:00,825.583,1404.538,358.94,1,8,108.951,1,8,294.935,1,8,43072.8,1,8,10350.31,1,8,32442.824,1,8,159.805,1,8,-9900,?,9,-9900,?,9,21.07,E,8,13.19,E,8,60.0,E,8,872.5394,E,8,999.0,E,8,1.94,E,8,-9900,?,9,-9900,?,9,0.0,E,8,-9900,?,9,-9900,?,9,0.0,0.0,E,8
11/28/2017,17:00,535.574,1404.538,236.43,1,8,169.143,1,8,172.043,1,8,28371.6,1,8,16068.598,1,8,18924.744,1,8,143.861,1,8,-9900,?,9,-9900,?,9,20.47,E,8,13.07,E,8,62.0,E,8,872.5394,E,8,999.0,E,8,1.0,E,8,-9900,?,9,-9900,?,9,0.0,E,8,-9900,?,9,-9900,?,9,0.0,0.0,E,8
11/28/2017,18:00,222.756,1404.538,103.88,1,8,331.332,1,8,51.894,1,8,12465.6,1,8,31476.506,1,8,5708.369,1,8,105.281,1,8,-9900,?,9,-9900,?,9,19.48,E,8,12.87,E,8,65.0,E,8,872.5394,E,8,999.0,E,8,0.19,E,8,-9900,?,9,-9900,?,9,0.0,E,8,-9900,?,9,-9900,?,9,0.0,0.0,E,8
11/28/2017,19:00,0.0,1404.538,2.88,1,8,0.0,1,8,0.0,1,8,345.6,1,8,0.0,1,8,0.0,1,8,-0.0,1,8,-9900,?,9,-9900,?,9,18.66,E,8,12.7,E,8,68.0,E,8,872.5394,E,8,999.0,E,8,0.19,E,8,-9900,?,9,-9900,?,9,0.0,E,8,-9900,?,9,-9900,?,9,0.0,0.0,E,8
11/28/2017,20:00,0.0,1404.538,0.0,1,8,0.0,1,8,0.0,1,8,0.0,1,8,0.0,1,8,0.0,1,8,-0.0,1,8,-9900,?,9,-9900,?,9,17.85,E,8,12.54,E,8,71.0,E,8,872.5394,E,8,999.0,E,8,0.19,E,8,-9900,?,9,-9900,?,9,0.0,E,8,-9900,?,9,-9900,?,9,0.0,0.0,E,8
11/28/2017,21:00,0.0,1404.538,0.0,1,8,0.0,1,8,0.0,1,8,0.0,1,8,0.0,1,8,0.0,1,8,-0.0,1,8,-9900,?,9,-9900,?,9,17.03,E,8,12.37,E,8,74.0,E,8,872.5394,E,8,999.0,E,8,0.19,E,8,-9900,?,9,-9900,?,9,0.0,E,8,-9900,?,9,-9900,?,9,0.0,0.0,E,8
11/28/2017,22:00,0.0,1404.538,0.0,1,8,0.0,1,8,0.0,1,8,0.0,1,8,0.0,1,8,0.0,1,8,-0.0,1,8,-9900,?,9,-9900,?,9,16.21,E,8,12.19,E,8,77.0,E,8,872.5394,E,8,999.0,E,8,0.19,E,8,-9900,?,9,-9900,?,9,0.0,E,8,-9900,?,9,-9900,?,9,0.0,0.0,E,8
11/28/2017,23:00,0.0,1404.538,0.0,1,8,0.0,1,8,0.0,1,8,0.0,1,8,0.0,1,8,0.0,1,8,-0.0,1,8,-9900,?,9,-9900,?,9,15.39,E,8,12.02,E,8,80.0,E,8,872.5394,E,8,999.0,E,8,0.19,E,8,-9900,?,9,-9900,?,9,0.0,E,8,-9900,?,9,-9900,?,9,0.0,0.0,E,8
11/28/2017,24:00,0.0,1404.538,0.0,1,8,0.0,1,8,0.0,1,8,0.0,1,8,0.0,1,8,0.0,1,8,-0.0,1,8,-9900,?,9,-9900,?,9,14.57,E,8,12.3,E,8,86.0,E,8,872.5394,E,8,999.0,E,8,0.18,E,8,-9900,?,9,-9900,?,9,0.0,E,8,-9900,?,9,-9900,?,9,0.0,0.0,E,8
11/29/2017,01:00,0.0,1404.538,0.0,1,8,0.0,1,8,0.0,1,8,0.0,1,8,0.0,1,8,0.0,1,8,-0.0,1,8,-9900,?,9,-9900,?,9,14.17,E,8,12.26,E,8,93.0,E,8,872.5394,E,8,999.0,E,8,0.18,E,8,-9900,?,9,-9900,?,9,0.002,E,8,-9900,?,9,-9900,?,9,0.02,99.0,E,8
11/29/2017,02:00,0.0,1404.538,0.0,1,8,0.0,1,8,0.0,1,8,0.0,1,8,0.0,1,8,0.0,1,8,-0.0,1,8,-9900,?,9,-9900,?,9,13.76,E,8,12.21,E,8,90.0,E,8,872.5394,E,8,999.0,E,8,0.18,E,8,-9900,?,9,-9900,?,9,0.0,E,8,-9900,?,9,-9900,?,9,0.0,0.0,E,8
11/29/2017,03:00,0.0,1404.538,0.0,1,8,0.0,1,8,0.0,1,8,0.0,1,8,0.0,1,8,0.0,1,8,-0.0,1,8,-9900,?,9,-9900,?,9,13.35,E,8,12.16,E,8,92.0,E,8,872.5394,E,8,999.0,E,8,0.18,E,8,-9900,?,9,-9900,?,9,0.0,E,8,-9900,?,9,-9900,?,9,0.0,0.0,E,8
11/29/2017,04:00,0.0,1405.035,0.0,1,8,0.0,1,8,0.0,1,8,0.0,1,8,0.0,1,8,0.0,1,8,-0.0,1,8,-9900,?,9,-9900,?,9,12.94,E,8,12.11,E,8,94.0,E,8,872.5394,E,8,999.0,E,8,0.18,E,8,-9900,?,9,-9900,?,9,0.0,E,8,-9900,?,9,-9900,?,9,0.0,0.0,E,8
11/29/2017,05:00,0.0,1405.035,0.0,1,8,0.0,1,8,0.0,1,8,0.0,1,8,0.0,1,8,0.0,1,8,-0.0,1,8,-9900,?,9,-9900,?,9,12.58,E,8,12.07,E,8,96.0,E,8,872.5394,E,8,999.0,E,8,0.18,E,8,-9900,?,9,-9900,?,9,0.0,E,8,-9900,?,9,-9900,?,9,0.0,0.0,E,8
11/29/2017,06:00,151.81,1405.035,0.0,1,8,0.0,1,8,0.0,1,8,0.0,1,8,0.0,1,8,0.0,1,8,0.0,1,8,-9900,?,9,-9900,?,9,12.31,E,8,12.04,E,8,98.0,E,8,872.5394,E,8,999.0,E,8,0.18,E,8,-9900,?,9,-9900,?,9,0.0,E,8,-9900,?,9,-9900,?,9,0.0,0.0,E,8
11/29/2017,07:00,466.298,1405.035,127.48,1,8,12.513,1,8,123.337,1,8,15297.6,1,8,1188.734,1,8,13567.064,1,8,118.572,1,8,-9900,?,9,-9900,?,9,12.04,E,8,12.01,E,8,99.0,E,8,872.5394,E,8,999.0,E,8,0.18,E,8,-9900,?,9,-9900,?,9,0.0,E,8,-9900,?,9,-9900,?,9,0.0,0.0,E,8
11/29/2017,08:00,763.418,1405.035,193.76,1,8,5.597,1,8,190.721,1,8,23251.2,1,8,531.735,1,8,20979.301,1,8,111.809,1,8,-9900,?,9,-9900,?,9,15.48,E,8,12.41,E,8,81.0,E,8,872.5394,E,8,999.0,E,8,0.18,E,8,-9900,?,9,-9900,?,9,0.0,E,8,-9900,?,9,-9900,?,9,0.0,0.0,E,8
11/29/2017,09:00,1021.467,1405.035,311.94,1,8,11.149,1,8,303.837,1,8,37432.8,1,8,1059.13,1,8,33422.063,1,8,133.066,1,8,-9900,?,9,-9900,?,9,16.56,E,8,12.53,E,8,77.0,E,8,872.5394,E,8,999.0,E,8,0.59,E,8,-9900,?,9,-9900,?,9,0.0,E,8,-9900,?,9,-9900,?,9,0.0,0.0,E,8
11/29/2017,10:00,1222.681,1405.035,411.12,1,8,18.436,1,8,395.078,1,8,49334.4,1,8,1751.396,1,8,43458.631,1,8,144.527,1,8,-9900,?,9,-9900,?,9,17.64,E,8,12.65,E,8,72.0,E,8,872.5394,E,8,999.0,E,8,0.71,E,8,-9900,?,9,-9900,?,9,0.0,E,8,-9900,?,9,-9900,?,9,0.0,0.0,E,8
11/29/2017,11:00,1353.304,1405.035,483.17,1,8,38.689,1,8,445.906,1,8,57980.4,1,8,3675.501,1,8,49049.642,1,8,147.365,1,8,-9900,?,9,-9900,?,9,18.59,E,8,12.76,E,8,68.0,E,8,872.5394,E,8,999.0,E,8,0.88,E,8,-9900,?,9,-9900,?,9,0.0,E,8,-9900,?,9,-9900,?,9,0.0,0.0,E,8
11/29/2017,12:00,1404.429,1405.035,522.73,1,8,43.23,1,8,479.518,1,8,62727.6,1,8,4106.889,1,8,52747.006,1,8,152.701,1,8,-9900,?,9,-9900,?,9,19.37,E,8,12.85,E,8,65.0,E,8,872.5394,E,8,999.0,E,8,1.2,E,8,-9900,?,9,-9900,?,9,0.0,E,8,-9900,?,9,-9900,?,9,0.0,0.0,E,8
11/29/2017,13:00,1372.578,1405.035,526.92,1,8,42.865,1,8,485.046,1,8,63230.4,1,8,4072.161,1,8,53355.051,1,8,158.048,1,8,-9900,?,9,-9900,?,9,19.94,E,8,12.91,E,8,63.0,E,8,872.5394,E,8,999.0,E,8,1.46,E,8,-9900,?,9,-9900,?,9,0.0,E,8,-9900,?,9,-9900,?,9,0.0,0.0,E,8
11/29/2017,14:00,1259.937,1405.035,225.39,1,8,12.414,1,8,214.259,1,8,27046.8,1,8,1179.32,1,8,23568.477,1,8,76.06,1,8,-9900,?,9,-9900,?,9,19.55,E,8,12.87,E,8,65.0,E,8,872.5394,E,8,999.0,E,8,1.89,E,8,-9900,?,9,-9900,?,9,0.0,E,8,-9900,?,9,-9900,?,9,0.0,0.0,E,8
11/29/2017,15:00,1074.207,1405.035,633.01,1,8,295.083,1,8,407.454,1,8,75961.2,1,8,28032.864,1,8,44819.949,1,8,169.675,1,8,-9900,?,9,-9900,?,9,20.23,E,8,12.94,E,8,62.0,E,8,872.5394,E,8,999.0,E,8,2.0,E,8,-9900,?,9,-9900,?,9,0.0,E,8,-9900,?,9,-9900,?,9,0.0,0.0,E,8
11/29/2017,16:00,828.096,1405.035,426.1,1,8,197.014,1,8,310.048,1,8,51132.0,1,8,18716.345,1,8,34105.307,1,8,167.543,1,8,-9900,?,9,-9900,?,9,20.32,E,8,12.95,E,8,62.0,E,8,872.5394,E,8,999.0,E,8,2.42,E,8,-9900,?,9,-9900,?,9,0.0,E,8,-9900,?,9,-9900,?,9,0.0,0.0,E,8
11/29/2017,17:00,538.517,1405.035,265.11,1,8,253.763,1,8,168.013,1,8,31813.2,1,8,24107.462,1,8,18481.413,1,8,139.77,1,8,-9900,?,9,-9900,?,9,19.92,E,8,12.91,E,8,63.0,E,8,872.5394,E,8,999.0,E,8,1.19,E,8,-9900,?,9,-9900,?,9,0.0,E,8,-9900,?,9,-9900,?,9,0.0,0.0,E,8
11/29/2017,18:00,226.005,1405.035,131.04,1,8,399.434,1,8,67.458,1,8,15724.8,1,8,37946.262,1,8,7420.427,1,8,134.896,1,8,-9900,?,9,-9900,?,9,19.18,E,8,12.83,E,8,66.0,E,8,872.5394,E,8,999.0,E,8,0.59,E,8,-9900,?,9,-9900,?,9,0.0,E,8,-9900,?,9,-9900,?,9,0.0,0.0,E,8
11/29/2017,19:00,0.0,1405.035,21.85,1,8,0.0,1,8,0.0,1,8,2622.0,1,8,0.0,1,8,0.0,1,8,-0.0,1,8,-9900,?,9,-9900,?,9,18.29,E,8,12.73,E,8,69.0,E,8,872.5394,E,8,999.0,E,8,0.5,E,8,-9900,?,9,-9900,?,9,0.0,E,8,-9900,?,9,-9900,?,9,0.0,0.0,E,8
11/29/2017,20:00,0.0,1405.035,0.0,1,8,0.0,1,8,0.0,1,8,0.0,1,8,0.0,1,8,0.0,1,8,-0.0,1,8,-9900,?,9,-9900,?,9,17.41,E,8,12.63,E,8,78.0,E,8,872.5394,E,8,999.0,E,8,0.22,E,8,-9900,?,9,-9900,?,9,0.098,E,8,-9900,?,9,-9900,?,9,0.98,99.0,E,8
11/29/2017,21:00,0.0,1405.035,0.0,1,8,0.0,1,8,0.0,1,8,0.0,1,8,0.0,1,8,0.0,1,8,-0.0,1,8,-9900,?,9,-9900,?,9,16.53,E,8,12.53,E,8,77.0,E,8,872.5394,E,8,999.0,E,8,0.18,E,8,-9900,?,9,-9900,?,9,0.0,E,8,-9900,?,9,-9900,?,9,0.0,0.0,E,8
11/29/2017,22:00,0.0,1405.035,0.0,1,8,0.0,1,8,0.0,1,8,0.0,1,8,0.0,1,8,0.0,1,8,-0.0,1,8,-9900,?,9,-9900,?,9,15.64,E,8,12.42,E,8,81.0,E,8,872.5394,E,8,999.0,E,8,0.18,E,8,-9900,?,9,-9900,?,9,0.0,E,8,-9900,?,9,-9900,?,9,0.0,0.0,E,8
11/29/2017,23:00,0.0,1405.035,0.0,1,8,0.0,1,8,0.0,1,8,0.0,1,8,0.0,1,8,0.0,1,8,-0.0,1,8,-9900,?,9,-9900,?,9,14.76,E,8,12.32,E,8,85.0,E,8,872.5394,E,8,999.0,E,8,0.18,E,8,-9900,?,9,-9900,?,9,0.0,E,8,-9900,?,9,-9900,?,9,0.0,0.0,E,8
11/29/2017,24:00,0.0,1405.035,0.0,1,8,0.0,1,8,0.0,1,8,0.0,1,8,0.0,1,8,0.0,1,8,-0.0,1,8,-9900,?,9,-9900,?,9,13.88,E,8,11.98,E,8,88.0,E,8,872.5394,E,8,999.0,E,8,3.38,E,8,-9900,?,9,-9900,?,9,0.0,E,8,-9900,?,9,-9900,?,9,0.0,0.0,E,8
11/30/2017,01:00,0.0,1405.035,0.0,1,8,0.0,1,8,0.0,1,8,0.0,1,8,0.0,1,8,0.0,1,8,-0.0,1,8,-9900,?,9,-9900,?,9,13.43,E,8,11.75,E,8,89.0,E,8,872.5394,E,8,999.0,E,8,4.16,E,8,-9900,?,9,-9900,?,9,0.0,E,8,-9900,?,9,-9900,?,9,0.0,0.0,E,8
11/30/2017,02:00,0.0,1405.035,0.0,1,8,0.0,1,8,0.0,1,8,0.0,1,8,0.0,1,8,0.0,1,8,-0.0,1,8,-9900,?,9,-9900,?,9,12.99,E,8,11.53,E,8,90.0,E,8,872.5394,E,8,999.0,E,8,5.13,E,8,-9900,?,9,-9900,?,9,0.0,E,8,-9900,?,9,-9900,?,9,0.0,0.0,E,8
11/30/2017,03:00,0.0,1405.035,0.0,1,8,0.0,1,8,0.0,1,8,0.0,1,8,0.0,1,8,0.0,1,8,-0.0,1,8,-9900,?,9,-9900,?,9,12.55,E,8,11.29,E,8,92.0,E,8,872.5394,E,8,999.0,E,8,6.84,E,8,-9900,?,9,-9900,?,9,0.0,E,8,-9900,?,9,-9900,?,9,0.0,0.0,E,8
11/30/2017,04:00,0.0,1405.519,0.0,1,8,0.0,1,8,0.0,1,8,0.0,1,8,0.0,1,8,0.0,1,8,-0.0,1,8,-9900,?,9,-9900,?,9,12.11,E,8,11.06,E,8,93.0,E,8,872.5394,E,8,999.0,E,8,3.97,E,8,-9900,?,9,-9900,?,9,0.0,E,8,-9900,?,9,-9900,?,9,0.0,0.0,E,8
11/30/2017,05:00,0.0,1405.519,0.0,1,8,0.0,1,8,0.0,1,8,0.0,1,8,0.0,1,8,0.0,1,8,-0.0,1,8,-9900,?,9,-9900,?,9,11.72,E,8,10.85,E,8,94.0,E,8,872.5394,E,8,999.0,E,8,1.92,E,8,-9900,?,9,-9900,?,9,0.0,E,8,-9900,?,9,-9900,?,9,0.0,0.0,E,8
11/30/2017,06:00,151.387,1405.519,0.0,1,8,0.0,1,8,0.0,1,8,0.0,1,8,0.0,1,8,0.0,1,8,0.0,1,8,-9900,?,9,-9900,?,9,11.42,E,8,10.69,E,8,95.0,E,8,872.5394,E,8,999.0,E,8,1.13,E,8,-9900,?,9,-9900,?,9,0.0,E,8,-9900,?,9,-9900,?,9,0.0,0.0,E,8
11/30/2017,07:00,465.661,1405.519,93.13,1,8,0.0,1,8,93.13,1,8,11175.6,1,8,0.0,1,8,10244.3,1,8,89.687,1,8,-9900,?,9,-9900,?,9,11.13,E,8,10.53,E,8,96.0,E,8,872.5394,E,8,999.0,E,8,1.13,E,8,-9900,?,9,-9900,?,9,0.0,E,8,-9900,?,9,-9900,?,9,0.0,0.0,E,8
11/30/2017,08:00,762.713,1405.519,212.39,1,8,8.996,1,8,207.512,1,8,25486.8,1,8,854.649,1,8,22826.268,1,8,121.807,1,8,-9900,?,9,-9900,?,9,15.28,E,8,12.68,E,8,84.0,E,8,872.5394,E,8,999.0,E,8,1.13,E,8,-9900,?,9,-9900,?,9,0.0,E,8,-9900,?,9,-9900,?,9,0.0,0.0,E,8
11/30/2017,09:00,1020.843,1405.519,257.43,1,8,6.434,1,8,252.758,1,8,30891.6,1,8,611.213,1,8,27803.411,1,8,110.802,1,8,-9900,?,9,-9900,?,9,16.23,E,8,13.14,E,8,81.0,E,8,872.5394,E,8,999.0,E,8,1.13,E,8,-9900,?,9,-9900,?,9,0.0,E,8,-9900,?,9,-9900,?,9,0.0,0.0,E,8
11/30/2017,10:00,1222.277,1405.519,317.23,1,8,10.088,1,8,308.458,1,8,38067.6,1,8,958.376,1,8,33930.368,1,8,112.916,1,8,-9900,?,9,-9900,?,9,17.11,E,8,13.55,E,8,79.0,E,8,872.5394,E,8,999.0,E,8,1.13,E,8,-9900,?,9,-9900,?,9,0.0,E,8,-9900,?,9,-9900,?,9,0.0,0.0,E,8
11/30/2017,11:00,1353.247,1405.519,409.11,1,8,24.906,1,8,385.131,1,8,49093.2,1,8,2366.086,1,8,42364.373,1,8,127.329,1,8,-9900,?,9,-9900,?,9,18.13,E,8,14.01,E,8,76.0,E,8,872.5394,E,8,999.0,E,8,1.13,E,8,-9900,?,9,-9900,?,9,0.0,E,8,-9900,?,9,-9900,?,9,0.0,0.0,E,8
11/30/2017,12:00,1404.82,1405.519,385.4,1,8,33.726,1,8,351.691,1,8,46248.0,1,8,3203.933,1,8,38686.03,1,8,112.003,1,8,-9900,?,9,-9900,?,9,18.71,E,8,14.27,E,8,75.0,E,8,872.5394,E,8,999.0,E,8,1.13,E,8,-9900,?,9,-9900,?,9,0.0,E,8,-9900,?,9,-9900,?,9,0.0,0.0,E,8
11/30/2017,13:00,1373.487,1405.519,518.01,1,8,40.262,1,8,478.666,1,8,62161.2,1,8,3824.858,1,8,52653.308,1,8,155.92,1,8,-9900,?,9,-9900,?,9,19.63,E,8,14.68,E,8,73.0,E,8,872.5394,E,8,999.0,E,8,1.52,E,8,-9900,?,9,-9900,?,9,0.0,E,8,-9900,?,9,-9900,?,9,0.0,0.0,E,8
11/30/2017,14:00,1261.4,1405.519,297.58,1,8,4.536,1,8,293.51,1,8,35709.6,1,8,430.895,1,8,32286.06,1,8,104.109,1,8,-9900,?,9,-9900,?,9,19.54,E,8,14.64,E,8,73.0,E,8,872.5394,E,8,999.0,E,8,1.36,E,8,-9900,?,9,-9900,?,9,0.0,E,8,-9900,?,9,-9900,?,9,0.0,0.0,E,8
11/30/2017,15:00,1076.219,1405.519,192.08,1,8,3.036,1,8,189.756,1,8,23049.6,1,8,288.42,1,8,20873.137,1,8,78.899,1,8,-9900,?,9,-9900,?,9,18.93,E,8,14.37,E,8,74.0,E,8,872.5394,E,8,999.0,E,8,1.13,E,8,-9900,?,9,-9900,?,9,0.0,E,8,-9900,?,9,-9900,?,9,0.0,0.0,E,8
11/30/2017,16:00,830.615,1405.519,176.35,1,8,4.257,1,8,173.836,1,8,21162.0,1,8,404.401,1,8,19121.929,1,8,93.684,1,8,-9900,?,9,-9900,?,9,18.37,E,8,14.12,E,8,76.0,E,8,872.5394,E,8,999.0,E,8,1.13,E,8,-9900,?,9,-9900,?,9,0.0,E,8,-9900,?,9,-9900,?,9,0.0,0.0,E,8
11/30/2017,17:00,541.465,1405.519,173.28,1,8,29.309,1,8,162.008,1,8,20793.6,1,8,2784.364,1,8,17820.852,1,8,134.084,1,8,-9900,?,9,-9900,?,9,17.9,E,8,13.91,E,8,77.0,E,8,872.5394,E,8,999.0,E,8,1.13,E,8,-9900,?,9,-9900,?,9,0.0,E,8,-9900,?,9,-9900,?,9,0.0,0.0,E,8
11/30/2017,18:00,229.254,1405.519,85.898,1,8,158.02,1,8,60.385,1,8,10307.76,1,8,15011.891,1,8,6642.304,1,8,119.047,1,8,-9900,?,9,-9900,?,9,17.184,E,8,13.578,E,8,79.0,E,8,872.5394,E,8,999.0,E,8,1.312,E,8,-9900,?,9,-9900,?,9,0.0,E,8,-9900,?,9,-9900,?,9,0.0,0.0,E,8
11/30/2017,19:00,0.0,1405.519,50.628,1,8,0.0,1,8,0.0,1,8,6075.36,1,8,0.0,1,8,0.0,1,8,-0.0,1,8,-9900,?,9,-9900,?,9,16.584,E,8,13.298,E,8,80.6,E,8,872.5394,E,8,999.0,E,8,1.312,E,8,-9900,?,9,-9900,?,9,0.0,E,8,-9900,?,9,-9900,?,9,0.0,0.0,E,8
11/30/2017,20:00,0.0,1405.519,15.972,1,8,0.0,1,8,0.0,1,8,1916.64,1,8,0.0,1,8,0.0,1,8,-0.0,1,8,-9900,?,9,-9900,?,9,15.962,E,8,13.004,E,8,82.2,E,8,872.5394,E,8,999.0,E,8,1.312,E,8,-9900,?,9,-9900,?,9,0.0,E,8,-9900,?,9,-9900,?,9,0.0,0.0,E,8
11/30/2017,21:00,0.0,1405.519,0.528,1,8,0.0,1,8,0.0,1,8,63.36,1,8,0.0,1,8,0.0,1,8,-0.0,1,8,-9900,?,9,-9900,?,9,15.374,E,8,12.722,E,8,83.8,E,8,872.5394,E,8,999.0,E,8,1.288,E,8,-9900,?,9,-9900,?,9,0.0,E,8,-9900,?,9,-9900,?,9,0.0,0.0,E,8
11/30/2017,22:00,0.0,1405.519,0.0,1,8,0.0,1,8,0.0,1,8,0.0,1,8,0.0,1,8,0.0,1,8,-0.0,1,8,-9900,?,9,-9900,?,9,14.982,E,8,12.818,E,8,87.4,E,8,872.5394,E,8,999.0,E,8,1.032,E,8,-9900,?,9,-9900,?,9,0.0008,E,8,-9900,?,9,-9900,?,9,0.008,99.0,E,8
11/30/2017,23:00,0.0,1405.519,0.0,1,8,0.0,1,8,0.0,1,8,0.0,1,8,0.0,1,8,0.0,1,8,-0.0,1,8,-9900,?,9,-9900,?,9,14.644,E,8,12.932,E,8,90.0,E,8,872.5394,E,8,999.0,E,8,0.934,E,8,-9900,?,9,-9900,?,9,0.0008,E,8,-9900,?,9,-9900,?,9,0.008,99.0,E,8
11/30/2019,24:00,0.0,1405.519,0.0,1,8,0.0,1,8,0.0,1,8,0.0,1,8,0.0,1,8,0.0,1,8,-0.0,1,8,-9900,?,9,-9900,?,9,14.358,E,8,13.064,E,8,92.4,E,8,872.5394,E,8,999.0,E,8,0.836,E,8,-9900,?,9,-9900,?,9,0.0008,E,8,-9900,?,9,-9900,?,9,0.008,99.0,E,8
12/01/2019,01:00,0.0,1405.519,0.0,1,8,0.0,1,8,0.0,1,8,0.0,1,8,0.0,1,8,0.0,1,8,-0.0,1,8,-9900,?,9,-9900,?,9,14.124,E,8,13.214,E,8,94.8,E,8,872.5394,E,8,999.0,E,8,0.738,E,8,-9900,?,9,-9900,?,9,0.0008,E,8,-9900,?,9,-9900,?,9,0.008,99.0,E,8
12/01/2019,02:00,0.0,1405.519,0.0,1,8,0.0,1,8,0.0,1,8,0.0,1,8,0.0,1,8,0.0,1,8,-0.0,1,8,-9900,?,9,-9900,?,9,13.942,E,8,13.382,E,8,97.0,E,8,872.5394,E,8,999.0,E,8,0.64,E,8,-9900,?,9,-9900,?,9,0.0008,E,8,-9900,?,9,-9900,?,9,0.008,99.0,E,8
12/01/2019,03:00,0.0,1405.519,0.0,1,8,0.0,1,8,0.0,1,8,0.0,1,8,0.0,1,8,0.0,1,8,-0.0,1,8,-9900,?,9,-9900,?,9,13.624,E,8,13.19,E,8,96.8,E,8,872.5394,E,8,999.0,E,8,0.64,E,8,-9900,?,9,-9900,?,9,0.0,E,8,-9900,?,9,-9900,?,9,0.0,0.0,E,8
12/01/2019,04:00,0.0,1405.992,0.0,1,8,0.0,1,8,0.0,1,8,0.0,1,8,0.0,1,8,0.0,1,8,-0.0,1,8,-9900,?,9,-9900,?,9,13.328,E,8,13.01,E,8,97.6,E,8,872.5394,E,8,999.0,E,8,0.64,E,8,-9900,?,9,-9900,?,9,0.0,E,8,-9900,?,9,-9900,?,9,0.0,0.0,E,8
12/01/2019,05:00,0.0,1405.992,12.336,1,8,0.0,1,8,0.0,1,8,1480.32,1,8,0.0,1,8,0.0,1,8,-0.0,1,8,-9900,?,9,-9900,?,9,13.056,E,8,12.844,E,8,98.2,E,8,872.5394,E,8,999.0,E,8,0.64,E,8,-9900,?,9,-9900,?,9,0.0,E,8,-9900,?,9,-9900,?,9,0.0,0.0,E,8
12/01/2019,06:00,151.312,1405.992,0.0,1,8,0.0,1,8,0.0,1,8,0.0,1,8,0.0,1,8,0.0,1,8,0.0,1,8,-9900,?,9,-9900,?,9,12.79,E,8,12.68,E,8,99.0,E,8,872.5394,E,8,999.0,E,8,0.64,E,8,-9900,?,9,-9900,?,9,0.0,E,8,-9900,?,9,-9900,?,9,0.0,0.0,E,8
12/01/2019,07:00,465.527,1405.992,61.68,1,8,0.0,1,8,61.68,1,8,7401.6,1,8,0.0,1,8,6784.8,1,8,59.437,1,8,-9900,?,9,-9900,?,9,12.58,E,8,12.55,E,8,99.0,E,8,872.5394,E,8,999.0,E,8,0.64,E,8,-9900,?,9,-9900,?,9,0.0,E,8,-9900,?,9,-9900,?,9,0.0,0.0,E,8
12/01/2019,08:00,762.583,1405.992,170.29,1,8,11.996,1,8,163.788,1,8,20434.8,1,8,1139.641,1,8,18016.685,1,8,96.191,1,8,-9900,?,9,-9900,?,9,15.61,E,8,14.35,E,8,92.0,E,8,872.5394,E,8,999.0,E,8,0.64,E,8,-9900,?,9,-9900,?,9,0.0,E,8,-9900,?,9,-9900,?,9,0.0,0.0,E,8
12/01/2019,09:00,1020.777,1405.992,274.36,1,8,10.434,1,8,266.787,1,8,32923.2,1,8,991.205,1,8,29346.559,1,8,116.999,1,8,-9900,?,9,-9900,?,9,17.0,E,8,15.12,E,8,88.0,E,8,872.5394,E,8,999.0,E,8,0.64,E,8,-9900,?,9,-9900,?,9,0.0,E,8,-9900,?,9,-9900,?,9,0.0,0.0,E,8
12/01/2019,10:00,1222.331,1405.992,193.54,1,8,2.759,1,8,191.142,1,8,23224.8,1,8,262.096,1,8,21025.588,1,8,69.991,1,8,-9900,?,9,-9900,?,9,17.16,E,8,15.21,E,8,88.0,E,8,872.5394,E,8,999.0,E,8,0.64,E,8,-9900,?,9,-9900,?,9,0.0,E,8,-9900,?,9,-9900,?,9,0.0,0.0,E,8
12/01/2019,11:00,1353.468,1405.992,425.4,1,8,23.717,1,8,402.57,1,8,51048.0,1,8,2253.081,1,8,44282.687,1,8,133.118,1,8,-9900,?,9,-9900,?,9,18.47,E,8,15.9,E,8,84.0,E,8,872.5394,E,8,999.0,E,8,0.64,E,8,-9900,?,9,-9900,?,9,0.0,E,8,-9900,?,9,-9900,?,9,0.0,0.0,E,8
12/01/2019,12:00,1405.244,1405.992,460.46,1,8,29.649,1,8,430.827,1,8,55255.2,1,8,2816.63,1,8,47390.975,1,8,137.21,1,8,-9900,?,9,-9900,?,9,19.5,E,8,16.42,E,8,82.0,E,8,872.5394,E,8,999.0,E,8,0.74,E,8,-9900,?,9,-9900,?,9,0.0,E,8,-9900,?,9,-9900,?,9,0.0,0.0,E,8
12/01/2019,13:00,1374.137,1405.992,464.42,1,8,36.816,1,8,428.439,1,8,55730.4,1,8,3497.524,1,8,47128.244,1,8,139.54,1,8,-9900,?,9,-9900,?,9,20.25,E,8,16.79,E,8,80.0,E,8,872.5394,E,8,999.0,E,8,0.64,E,8,-9900,?,9,-9900,?,9,0.0,E,8,-9900,?,9,-9900,?,9,0.0,0.0,E,8
12/01/2019,14:00,1262.28,1405.992,437.01,1,8,41.588,1,8,399.675,1,8,52441.2,1,8,3950.907,1,8,43964.257,1,8,141.715,1,8,-9900,?,9,-9900,?,9,20.72,E,8,17.02,E,8,79.0,E,8,872.5394,E,8,999.0,E,8,0.64,E,8,-9900,?,9,-9900,?,9,0.0,E,8,-9900,?,9,-9900,?,9,0.0,0.0,E,8
12/01/2019,15:00,1077.321,1405.992,380.21,1,8,36.14,1,8,352.524,1,8,45625.2,1,8,3433.305,1,8,38777.631,1,8,146.476,1,8,-9900,?,9,-9900,?,9,20.92,E,8,17.12,E,8,78.0,E,8,872.5394,E,8,999.0,E,8,0.64,E,8,-9900,?,9,-9900,?,9,0.0,E,8,-9900,?,9,-9900,?,9,0.0,0.0,E,8
12/01/2019,16:00,831.914,1405.992,298.22,1,8,31.357,1,8,279.676,1,8,35786.4,1,8,2978.91,1,8,30764.41,1,8,150.538,1,8,-9900,?,9,-9900,?,9,20.83,E,8,17.07,E,8,79.0,E,8,872.5394,E,8,999.0,E,8,0.64,E,8,-9900,?,9,-9900,?,9,0.0,E,8,-9900,?,9,-9900,?,9,0.0,0.0,E,8
12/01/2019,17:00,542.92,1405.992,197.53,1,8,77.881,1,8,167.506,1,8,23703.6,1,8,7398.716,1,8,18425.693,1,8,138.309,1,8,-9900,?,9,-9900,?,9,20.35,E,8,16.84,E,8,80.0,E,8,872.5394,E,8,999.0,E,8,0.64,E,8,-9900,?,9,-9900,?,9,0.0,E,8,-9900,?,9,-9900,?,9,0.0,0.0,E,8
12/01/2019,18:00,230.806,1405.992,88.32,1,8,109.837,1,8,70.47,1,8,10598.4,1,8,10434.51,1,8,7751.673,1,8,138.025,1,8,-9900,?,9,-9900,?,9,19.54,E,8,16.44,E,8,82.0,E,8,872.5394,E,8,999.0,E,8,0.64,E,8,-9900,?,9,-9900,?,9,0.0,E,8,-9900,?,9,-9900,?,9,0.0,0.0,E,8
12/01/2019,19:00,0.0,1405.992,3.16,1,8,0.0,1,8,0.0,1,8,379.2,1,8,0.0,1,8,0.0,1,8,-0.0,1,8,-9900,?,9,-9900,?,9,18.72,E,8,16.03,E,8,84.0,E,8,872.5394,E,8,999.0,E,8,0.64,E,8,-9900,?,9,-9900,?,9,0.0,E,8,-9900,?,9,-9900,?,9,0.0,0.0,E,8
12/01/2019,20:00,0.0,1405.992,0.0,1,8,0.0,1,8,0.0,1,8,0.0,1,8,0.0,1,8,0.0,1,8,-0.0,1,8,-9900,?,9,-9900,?,9,17.9,E,8,15.6,E,8,91.0,E,8,872.5394,E,8,999.0,E,8,0.64,E,8,-9900,?,9,-9900,?,9,0.001,E,8,-9900,?,9,-9900,?,9,0.01,99.0,E,8
12/01/2019,21:00,0.0,1405.992,0.0,1,8,0.0,1,8,0.0,1,8,0.0,1,8,0.0,1,8,0.0,1,8,-0.0,1,8,-9900,?,9,-9900,?,9,17.07,E,8,15.16,E,8,93.0,E,8,872.5394,E,8,999.0,E,8,0.64,E,8,-9900,?,9,-9900,?,9,0.094,E,8,-9900,?,9,-9900,?,9,0.94,99.0,E,8
12/01/2019,22:00,0.0,1405.992,0.0,1,8,0.0,1,8,0.0,1,8,0.0,1,8,0.0,1,8,0.0,1,8,-0.0,1,8,-9900,?,9,-9900,?,9,16.25,E,8,14.71,E,8,90.0,E,8,872.5394,E,8,999.0,E,8,0.64,E,8,-9900,?,9,-9900,?,9,0.0,E,8,-9900,?,9,-9900,?,9,0.0,0.0,E,8
12/01/2019,23:00,0.0,1405.992,0.0,1,8,0.0,1,8,0.0,1,8,0.0,1,8,0.0,1,8,0.0,1,8,-0.0,1,8,-9900,?,9,-9900,?,9,15.42,E,8,14.25,E,8,97.0,E,8,872.5394,E,8,999.0,E,8,0.64,E,8,-9900,?,9,-9900,?,9,0.001,E,8,-9900,?,9,-9900,?,9,0.01,99.0,E,8
12/01/2019,24:00,0.0,1405.992,0.0,1,8,0.0,1,8,0.0,1,8,0.0,1,8,0.0,1,8,0.0,1,8,-0.0,1,8,-9900,?,9,-9900,?,9,14.6,E,8,12.11,E,8,87.0,E,8,872.5394,E,8,999.0,E,8,0.53,E,8,-9900,?,9,-9900,?,9,0.004,E,8,-9900,?,9,-9900,?,9,0.04,99.0,E,8
12/02/2019,01:00,0.0,1405.992,0.0,1,8,0.0,1,8,0.0,1,8,0.0,1,8,0.0,1,8,0.0,1,8,-0.0,1,8,-9900,?,9,-9900,?,9,14.18,E,8,11.99,E,8,88.0,E,8,872.5394,E,8,999.0,E,8,0.53,E,8,-9900,?,9,-9900,?,9,0.001,E,8,-9900,?,9,-9900,?,9,0.01,99.0,E,8
12/02/2019,02:00,0.0,1405.992,0.0,1,8,0.0,1,8,0.0,1,8,0.0,1,8,0.0,1,8,0.0,1,8,-0.0,1,8,-9900,?,9,-9900,?,9,13.77,E,8,11.87,E,8,85.0,E,8,872.5394,E,8,999.0,E,8,0.53,E,8,-9900,?,9,-9900,?,9,0.0,E,8,-9900,?,9,-9900,?,9,0.0,0.0,E,8
12/02/2019,03:00,0.0,1405.992,0.0,1,8,0.0,1,8,0.0,1,8,0.0,1,8,0.0,1,8,0.0,1,8,-0.0,1,8,-9900,?,9,-9900,?,9,13.36,E,8,11.75,E,8,87.0,E,8,872.5394,E,8,999.0,E,8,0.53,E,8,-9900,?,9,-9900,?,9,0.0,E,8,-9900,?,9,-9900,?,9,0.0,0.0,E,8
12/02/2019,04:00,0.0,1406.452,0.0,1,8,0.0,1,8,0.0,1,8,0.0,1,8,0.0,1,8,0.0,1,8,-0.0,1,8,-9900,?,9,-9900,?,9,12.95,E,8,11.63,E,8,88.0,E,8,872.5394,E,8,999.0,E,8,0.53,E,8,-9900,?,9,-9900,?,9,0.0,E,8,-9900,?,9,-9900,?,9,0.0,0.0,E,8
12/02/2019,05:00,0.0,1406.452,0.0,1,8,0.0,1,8,0.0,1,8,0.0,1,8,0.0,1,8,0.0,1,8,-0.0,1,8,-9900,?,9,-9900,?,9,12.58,E,8,11.52,E,8,90.0,E,8,872.5394,E,8,999.0,E,8,0.53,E,8,-9900,?,9,-9900,?,9,0.0,E,8,-9900,?,9,-9900,?,9,0.0,0.0,E,8
12/02/2019,06:00,150.707,1406.452,0.0,1,8,0.0,1,8,0.0,1,8,0.0,1,8,0.0,1,8,0.0,1,8,0.0,1,8,-9900,?,9,-9900,?,9,12.31,E,8,11.44,E,8,95.0,E,8,872.5394,E,8,999.0,E,8,0.53,E,8,-9900,?,9,-9900,?,9,0.001,E,8,-9900,?,9,-9900,?,9,0.01,99.0,E,8
12/02/2019,07:00,464.719,1406.452,66.96,1,8,0.0,1,8,66.96,1,8,8035.2,1,8,0.0,1,8,7365.6,1,8,64.659,1,8,-9900,?,9,-9900,?,9,12.04,E,8,11.35,E,8,92.0,E,8,872.5394,E,8,999.0,E,8,0.53,E,8,-9900,?,9,-9900,?,9,0.0,E,8,-9900,?,9,-9900,?,9,0.0,0.0,E,8
12/02/2019,08:00,761.729,1406.452,185.25,1,8,4.381,1,8,182.879,1,8,22230.0,1,8,416.211,1,8,20116.674,1,8,107.559,1,8,-9900,?,9,-9900,?,9,14.9,E,8,12.19,E,8,81.0,E,8,872.5394,E,8,999.0,E,8,0.53,E,8,-9900,?,9,-9900,?,9,0.0,E,8,-9900,?,9,-9900,?,9,0.0,0.0,E,8
12/02/2019,09:00,1020.027,1406.452,298.69,1,8,9.742,1,8,291.626,1,8,35842.8,1,8,925.519,1,8,32078.891,1,8,128.028,1,8,-9900,?,9,-9900,?,9,16.21,E,8,12.57,E,8,81.0,E,8,872.5394,E,8,999.0,E,8,0.53,E,8,-9900,?,9,-9900,?,9,0.094,E,8,-9900,?,9,-9900,?,9,0.94,99.0,E,8
12/02/2019,10:00,1221.828,1406.452,394.05,1,8,16.273,1,8,379.915,1,8,47286.0,1,8,1545.918,1,8,41790.612,1,8,139.217,1,8,-9900,?,9,-9900,?,9,17.4,E,8,12.9,E,8,73.0,E,8,872.5394,E,8,999.0,E,8,0.53,E,8,-9900,?,9,-9900,?,9,0.0,E,8,-9900,?,9,-9900,?,9,0.0,0.0,E,8
12/02/2019,11:00,1353.339,1406.452,463.52,1,8,34.08,1,8,430.728,1,8,55622.4,1,8,3237.617,1,8,47380.035,1,8,142.489,1,8,-9900,?,9,-9900,?,9,18.43,E,8,13.18,E,8,70.0,E,8,872.5394,E,8,999.0,E,8,0.53,E,8,-9900,?,9,-9900,?,9,0.0,E,8,-9900,?,9,-9900,?,9,0.0,0.0,E,8
12/02/2019,12:00,1405.59,1406.452,501.91,1,8,37.811,1,8,464.122,1,8,60229.2,1,8,3592.041,1,8,51053.447,1,8,147.825,1,8,-9900,?,9,-9900,?,9,19.26,E,8,13.4,E,8,68.0,E,8,872.5394,E,8,999.0,E,8,0.53,E,8,-9900,?,9,-9900,?,9,0.0,E,8,-9900,?,9,-9900,?,9,0.0,0.0,E,8
12/02/2019,13:00,1375.024,1406.452,506.44,1,8,42.465,1,8,464.924,1,8,60772.8,1,8,4034.176,1,8,51141.691,1,8,151.375,1,8,-9900,?,9,-9900,?,9,19.87,E,8,13.56,E,8,66.0,E,8,872.5394,E,8,999.0,E,8,0.53,E,8,-9900,?,9,-9900,?,9,0.0,E,8,-9900,?,9,-9900,?,9,0.0,0.0,E,8
12/02/2019,14:00,1263.74,1406.452,476.8,1,8,35.603,1,8,444.812,1,8,57216.0,1,8,3382.307,1,8,48929.284,1,8,157.588,1,8,-9900,?,9,-9900,?,9,20.25,E,8,13.66,E,8,65.0,E,8,872.5394,E,8,999.0,E,8,0.53,E,8,-9900,?,9,-9900,?,9,0.0,E,8,-9900,?,9,-9900,?,9,0.0,0.0,E,8
12/02/2019,15:00,1079.343,1406.452,415.12,1,8,32.66,1,8,390.061,1,8,49814.4,1,8,3102.655,1,8,42906.763,1,8,161.822,1,8,-9900,?,9,-9900,?,9,20.38,E,8,13.7,E,8,65.0,E,8,872.5394,E,8,999.0,E,8,0.75,E,8,-9900,?,9,-9900,?,9,0.0,E,8,-9900,?,9,-9900,?,9,0.0,0.0,E,8
12/02/2019,16:00,834.449,1406.452,325.97,1,8,69.768,1,8,284.599,1,8,39116.4,1,8,6627.984,1,8,31305.867,1,8,152.772,1,8,-9900,?,9,-9900,?,9,20.22,E,8,13.65,E,8,65.0,E,8,872.5394,E,8,999.0,E,8,0.95,E,8,-9900,?,9,-9900,?,9,0.0,E,8,-9900,?,9,-9900,?,9,0.0,0.0,E,8
12/02/2019,17:00,545.883,1406.452,216.4,1,8,108.019,1,8,174.544,1,8,25968.0,1,8,10261.78,1,8,19199.809,1,8,143.381,1,8,-9900,?,9,-9900,?,9,19.7,E,8,13.52,E,8,67.0,E,8,872.5394,E,8,999.0,E,8,1.53,E,8,-9900,?,9,-9900,?,9,0.0,E,8,-9900,?,9,-9900,?,9,0.0,0.0,E,8
12/02/2019,18:00,234.062,1406.452,97.42,1,8,238.804,1,8,58.065,1,8,11690.4,1,8,22686.333,1,8,6387.199,1,8,112.154,1,8,-9900,?,9,-9900,?,9,18.89,E,8,13.3,E,8,69.0,E,8,872.5394,E,8,999.0,E,8,1.24,E,8,-9900,?,9,-9900,?,9,0.0,E,8,-9900,?,9,-9900,?,9,0.0,0.0,E,8
12/02/2019,19:00,0.0,1406.452,3.83,1,8,0.0,1,8,0.0,1,8,459.6,1,8,0.0,1,8,0.0,1,8,-0.0,1,8,-9900,?,9,-9900,?,9,18.29,E,8,13.14,E,8,71.0,E,8,872.5394,E,8,999.0,E,8,0.94,E,8,-9900,?,9,-9900,?,9,0.0,E,8,-9900,?,9,-9900,?,9,0.0,0.0,E,8
12/02/2019,20:00,0.0,1406.452,0.0,1,8,0.0,1,8,0.0,1,8,0.0,1,8,0.0,1,8,0.0,1,8,-0.0,1,8,-9900,?,9,-9900,?,9,17.68,E,8,12.97,E,8,72.0,E,8,872.5394,E,8,999.0,E,8,0.53,E,8,-9900,?,9,-9900,?,9,0.0,E,8,-9900,?,9,-9900,?,9,0.0,0.0,E,8
12/02/2019,21:00,0.0,1406.452,0.0,1,8,0.0,1,8,0.0,1,8,0.0,1,8,0.0,1,8,0.0,1,8,-0.0,1,8,-9900,?,9,-9900,?,9,17.08,E,8,12.81,E,8,74.0,E,8,872.5394,E,8,999.0,E,8,0.55,E,8,-9900,?,9,-9900,?,9,0.0,E,8,-9900,?,9,-9900,?,9,0.0,0.0,E,8
12/02/2019,22:00,0.0,1406.452,0.0,1,8,0.0,1,8,0.0,1,8,0.0,1,8,0.0,1,8,0.0,1,8,-0.0,1,8,-9900,?,9,-9900,?,9,16.47,E,8,12.64,E,8,76.0,E,8,872.5394,E,8,999.0,E,8,0.53,E,8,-9900,?,9,-9900,?,9,0.0,E,8,-9900,?,9,-9900,?,9,0.0,0.0,E,8
12/02/2019,23:00,0.0,1406.452,0.0,1,8,0.0,1,8,0.0,1,8,0.0,1,8,0.0,1,8,0.0,1,8,-0.0,1,8,-9900,?,9,-9900,?,9,15.87,E,8,12.47,E,8,78.0,E,8,872.5394,E,8,999.0,E,8,0.53,E,8,-9900,?,9,-9900,?,9,0.0,E,8,-9900,?,9,-9900,?,9,0.0,0.0,E,8
12/02/2019,24:00,0.0,1406.452,0.0,1,8,0.0,1,8,0.0,1,8,0.0,1,8,0.0,1,8,0.0,1,8,-0.0,1,8,-9900,?,9,-9900,?,9,15.26,E,8,14.09,E,8,92.0,E,8,872.5394,E,8,999.0,E,8,0.63,E,8,-9900,?,9,-9900,?,9,0.074,E,8,-9900,?,9,-9900,?,9,0.74,99.0,E,8
12/03/2019,01:00,0.0,1406.452,0.0,1,8,0.0,1,8,0.0,1,8,0.0,1,8,0.0,1,8,0.0,1,8,-0.0,1,8,-9900,?,9,-9900,?,9,14.96,E,8,13.98,E,8,93.0,E,8,872.5394,E,8,999.0,E,8,0.63,E,8,-9900,?,9,-9900,?,9,0.001,E,8,-9900,?,9,-9900,?,9,0.01,99.0,E,8
12/03/2019,02:00,0.0,1406.452,0.0,1,8,0.0,1,8,0.0,1,8,0.0,1,8,0.0,1,8,0.0,1,8,-0.0,1,8,-9900,?,9,-9900,?,9,14.66,E,8,13.86,E,8,94.0,E,8,872.5394,E,8,999.0,E,8,0.63,E,8,-9900,?,9,-9900,?,9,0.002,E,8,-9900,?,9,-9900,?,9,0.02,99.0,E,8
12/03/2019,03:00,0.0,1406.452,0.0,1,8,0.0,1,8,0.0,1,8,0.0,1,8,0.0,1,8,0.0,1,8,-0.0,1,8,-9900,?,9,-9900,?,9,14.36,E,8,13.74,E,8,96.0,E,8,872.5394,E,8,999.0,E,8,0.63,E,8,-9900,?,9,-9900,?,9,0.092,E,8,-9900,?,9,-9900,?,9,0.92,99.0,E,8
12/03/2019,04:00,0.0,1406.901,0.0,1,8,0.0,1,8,0.0,1,8,0.0,1,8,0.0,1,8,0.0,1,8,-0.0,1,8,-9900,?,9,-9900,?,9,14.05,E,8,13.62,E,8,97.0,E,8,872.5394,E,8,999.0,E,8,0.63,E,8,-9900,?,9,-9900,?,9,0.05,E,8,-9900,?,9,-9900,?,9,0.5,99.0,E,8
12/03/2019,05:00,0.0,1406.901,0.0,1,8,0.0,1,8,0.0,1,8,0.0,1,8,0.0,1,8,0.0,1,8,-0.0,1,8,-9900,?,9,-9900,?,9,13.79,E,8,13.52,E,8,98.0,E,8,872.5394,E,8,999.0,E,8,0.63,E,8,-9900,?,9,-9900,?,9,0.014000000000000002,E,8,-9900,?,9,-9900,?,9,0.14,99.0,E,8
12/03/2019,06:00,149.993,1406.901,0.0,1,8,0.0,1,8,0.0,1,8,0.0,1,8,0.0,1,8,0.0,1,8,0.0,1,8,-9900,?,9,-9900,?,9,13.59,E,8,13.44,E,8,99.0,E,8,872.5394,E,8,999.0,E,8,0.63,E,8,-9900,?,9,-9900,?,9,0.005,E,8,-9900,?,9,-9900,?,9,0.05,99.0,E,8
12/03/2019,07:00,463.81,1406.901,47.63,1,8,0.0,1,8,47.63,1,8,5715.6,1,8,0.0,1,8,5239.3,1,8,46.098,1,8,-9900,?,9,-9900,?,9,13.39,E,8,13.36,E,8,99.0,E,8,872.5394,E,8,999.0,E,8,0.63,E,8,-9900,?,9,-9900,?,9,0.001,E,8,-9900,?,9,-9900,?,9,0.01,99.0,E,8
12/03/2019,08:00,760.786,1406.901,132.1,1,8,0.0,1,8,132.1,1,8,15852.0,1,8,0.0,1,8,14531.0,1,8,77.815,1,8,-9900,?,9,-9900,?,9,15.76,E,8,14.28,E,8,85.0,E,8,872.5394,E,8,999.0,E,8,0.63,E,8,-9900,?,9,-9900,?,9,0.0,E,8,-9900,?,9,-9900,?,9,0.0,0.0,E,8
12/03/2019,09:00,1019.204,1406.901,213.18,1,8,2.159,1,8,211.616,1,8,25581.6,1,8,205.115,1,8,23277.792,1,8,93.007,1,8,-9900,?,9,-9900,?,9,16.85,E,8,14.69,E,8,87.0,E,8,872.5394,E,8,999.0,E,8,0.63,E,8,-9900,?,9,-9900,?,9,0.007000000000000001,E,8,-9900,?,9,-9900,?,9,0.07,99.0,E,8
12/03/2019,10:00,1221.27,1406.901,287.57,1,8,4.625,1,8,283.556,1,8,34508.4,1,8,439.336,1,8,31191.158,1,8,103.988,1,8,-9900,?,9,-9900,?,9,17.89,E,8,15.07,E,8,83.0,E,8,872.5394,E,8,999.0,E,8,0.63,E,8,-9900,?,9,-9900,?,9,0.022,E,8,-9900,?,9,-9900,?,9,0.22,99.0,E,8
12/03/2019,11:00,1353.171,1406.901,236.62,1,8,3.281,1,8,233.465,1,8,28394.4,1,8,311.678,1,8,25681.1,1,8,77.267,1,8,-9900,?,9,-9900,?,9,18.24,E,8,15.2,E,8,82.0,E,8,872.5394,E,8,999.0,E,8,0.63,E,8,-9900,?,9,-9900,?,9,0.033,E,8,-9900,?,9,-9900,?,9,0.33,99.0,E,8
12/03/2019,12:00,1405.91,1406.901,243.69,1,8,6.023,1,8,237.671,1,8,29242.8,1,8,572.216,1,8,26143.801,1,8,75.706,1,8,-9900,?,9,-9900,?,9,18.5,E,8,15.29,E,8,81.0,E,8,872.5394,E,8,999.0,E,8,0.63,E,8,-9900,?,9,-9900,?,9,0.011,E,8,-9900,?,9,-9900,?,9,0.11,99.0,E,8
12/03/2019,13:00,1375.899,1406.901,211.24,1,8,6.31,1,8,205.07,1,8,25348.8,1,8,599.409,1,8,22557.65,1,8,66.747,1,8,-9900,?,9,-9900,?,9,18.57,E,8,15.32,E,8,81.0,E,8,872.5394,E,8,999.0,E,8,0.63,E,8,-9900,?,9,-9900,?,9,0.018,E,8,-9900,?,9,-9900,?,9,0.18,99.0,E,8
12/03/2019,14:00,1265.196,1406.901,565.68,1,8,141.521,1,8,438.422,1,8,67881.6,1,8,13444.511,1,8,48226.405,1,8,155.195,1,8,-9900,?,9,-9900,?,9,19.79,E,8,15.75,E,8,77.0,E,8,872.5394,E,8,999.0,E,8,0.77,E,8,-9900,?,9,-9900,?,9,0.003,E,8,-9900,?,9,-9900,?,9,0.03,99.0,E,8
12/03/2019,15:00,1081.367,1406.901,316.88,1,8,11.313,1,8,308.186,1,8,38025.6,1,8,1074.76,1,8,33900.482,1,8,127.656,1,8,-9900,?,9,-9900,?,9,20.01,E,8,15.83,E,8,76.0,E,8,872.5394,E,8,999.0,E,8,0.89,E,8,-9900,?,9,-9900,?,9,0.040999999999999995,E,8,-9900,?,9,-9900,?,9,0.41,99.0,E,8
12/03/2019,16:00,836.988,1406.901,268.33,1,8,14.32,1,8,259.815,1,8,32199.6,1,8,1360.389,1,8,28579.697,1,8,139.089,1,8,-9900,?,9,-9900,?,9,20.06,E,8,15.84,E,8,76.0,E,8,872.5394,E,8,999.0,E,8,0.63,E,8,-9900,?,9,-9900,?,9,0.009,E,8,-9900,?,9,-9900,?,9,0.09,99.0,E,8
12/03/2019,17:00,548.846,1406.901,175.93,1,8,28.494,1,8,164.832,1,8,21111.6,1,8,2706.926,1,8,18131.547,1,8,134.713,1,8,-9900,?,9,-9900,?,9,19.75,E,8,15.74,E,8,82.0,E,8,872.5394,E,8,999.0,E,8,0.63,E,8,-9900,?,9,-9900,?,9,0.11699999999999999,E,8,-9900,?,9,-9900,?,9,1.17,99.0,E,8
12/03/2019,18:00,237.312,1406.901,107.56,1,8,298.045,1,8,57.764,1,8,12907.2,1,8,28314.287,1,8,6354.013,1,8,110.05,1,8,-9900,?,9,-9900,?,9,19.23,E,8,15.55,E,8,79.0,E,8,872.5394,E,8,999.0,E,8,0.63,E,8,-9900,?,9,-9900,?,9,0.061,E,8,-9900,?,9,-9900,?,9,0.61,99.0,E,8
12/03/2019,19:00,0.0,1406.901,21.15,1,8,0.0,1,8,0.0,1,8,2538.0,1,8,0.0,1,8,0.0,1,8,-0.0,1,8,-9900,?,9,-9900,?,9,18.69,E,8,15.36,E,8,80.0,E,8,872.5394,E,8,999.0,E,8,0.63,E,8,-9900,?,9,-9900,?,9,0.027000000000000003,E,8,-9900,?,9,-9900,?,9,0.27,99.0,E,8
12/03/2019,20:00,0.0,1406.901,0.0,1,8,0.0,1,8,0.0,1,8,0.0,1,8,0.0,1,8,0.0,1,8,-0.0,1,8,-9900,?,9,-9900,?,9,18.16,E,8,15.17,E,8,87.0,E,8,872.5394,E,8,999.0,E,8,0.63,E,8,-9900,?,9,-9900,?,9,0.152,E,8,-9900,?,9,-9900,?,9,1.52,99.0,E,8
12/03/2019,21:00,0.0,1406.901,0.0,1,8,0.0,1,8,0.0,1,8,0.0,1,8,0.0,1,8,0.0,1,8,-0.0,1,8,-9900,?,9,-9900,?,9,17.62,E,8,14.98,E,8,89.0,E,8,872.5394,E,8,999.0,E,8,0.63,E,8,-9900,?,9,-9900,?,9,0.33999999999999997,E,8,-9900,?,9,-9900,?,9,3.4,99.0,E,8
12/03/2019,22:00,0.0,1406.901,0.0,1,8,0.0,1,8,0.0,1,8,0.0,1,8,0.0,1,8,0.0,1,8,-0.0,1,8,-9900,?,9,-9900,?,9,17.08,E,8,14.78,E,8,96.0,E,8,872.5394,E,8,999.0,E,8,0.63,E,8,-9900,?,9,-9900,?,9,3.6090000000000004,E,8,-9900,?,9,-9900,?,9,36.09,99.0,E,8
12/03/2019,23:00,0.0,1406.901,0.0,1,8,0.0,1,8,0.0,1,8,0.0,1,8,0.0,1,8,0.0,1,8,-0.0,1,8,-9900,?,9,-9900,?,9,16.55,E,8,14.58,E,8,93.0,E,8,872.5394,E,8,999.0,E,8,0.63,E,8,-9900,?,9,-9900,?,9,0.211,E,8,-9900,?,9,-9900,?,9,2.11,99.0,E,8
12/03/2019,24:00,0.0,1406.901,0.0,1,8,0.0,1,8,0.0,1,8,0.0,1,8,0.0,1,8,0.0,1,8,-0.0,1,8,-9900,?,9,-9900,?,9,16.01,E,8,14.59,E,8,87.0,E,8,872.5394,E,8,999.0,E,8,0.32,E,8,-9900,?,9,-9900,?,9,0.0,E,8,-9900,?,9,-9900,?,9,0.0,0.0,E,8
12/04/2019,01:00,0.0,1406.901,0.0,1,8,0.0,1,8,0.0,1,8,0.0,1,8,0.0,1,8,0.0,1,8,-0.0,1,8,-9900,?,9,-9900,?,9,15.74,E,8,14.44,E,8,87.0,E,8,872.5394,E,8,999.0,E,8,0.32,E,8,-9900,?,9,-9900,?,9,0.0,E,8,-9900,?,9,-9900,?,9,0.0,0.0,E,8
12/04/2019,02:00,0.0,1406.901,0.0,1,8,0.0,1,8,0.0,1,8,0.0,1,8,0.0,1,8,0.0,1,8,-0.0,1,8,-9900,?,9,-9900,?,9,15.47,E,8,14.28,E,8,87.0,E,8,872.5394,E,8,999.0,E,8,0.32,E,8,-9900,?,9,-9900,?,9,0.0,E,8,-9900,?,9,-9900,?,9,0.0,0.0,E,8
12/04/2019,03:00,0.0,1406.901,0.0,1,8,0.0,1,8,0.0,1,8,0.0,1,8,0.0,1,8,0.0,1,8,-0.0,1,8,-9900,?,9,-9900,?,9,15.2,E,8,14.12,E,8,88.0,E,8,872.5394,E,8,999.0,E,8,0.32,E,8,-9900,?,9,-9900,?,9,0.0,E,8,-9900,?,9,-9900,?,9,0.0,0.0,E,8
12/04/2019,04:00,0.0,1407.337,0.0,1,8,0.0,1,8,0.0,1,8,0.0,1,8,0.0,1,8,0.0,1,8,-0.0,1,8,-9900,?,9,-9900,?,9,14.94,E,8,13.97,E,8,88.0,E,8,872.5394,E,8,999.0,E,8,0.32,E,8,-9900,?,9,-9900,?,9,0.0,E,8,-9900,?,9,-9900,?,9,0.0,0.0,E,8
12/04/2019,05:00,0.0,1407.337,0.0,1,8,0.0,1,8,0.0,1,8,0.0,1,8,0.0,1,8,0.0,1,8,-0.0,1,8,-9900,?,9,-9900,?,9,14.7,E,8,13.83,E,8,92.0,E,8,872.5394,E,8,999.0,E,8,0.32,E,8,-9900,?,9,-9900,?,9,0.001,E,8,-9900,?,9,-9900,?,9,0.01,99.0,E,8
12/04/2019,06:00,149.169,1407.337,0.0,1,8,0.0,1,8,0.0,1,8,0.0,1,8,0.0,1,8,0.0,1,8,0.0,1,8,-9900,?,9,-9900,?,9,14.52,E,8,13.72,E,8,95.0,E,8,872.5394,E,8,999.0,E,8,0.32,E,8,-9900,?,9,-9900,?,9,0.458,E,8,-9900,?,9,-9900,?,9,4.58,99.0,E,8
12/04/2019,07:00,462.801,1407.337,88.67,1,8,0.0,1,8,88.67,1,8,10640.4,1,8,0.0,1,8,9753.7,1,8,86.034,1,8,-9900,?,9,-9900,?,9,14.34,E,8,13.61,E,8,92.0,E,8,872.5394,E,8,999.0,E,8,0.32,E,8,-9900,?,9,-9900,?,9,0.022,E,8,-9900,?,9,-9900,?,9,0.22,99.0,E,8
12/04/2019,08:00,759.757,1407.337,228.27,1,8,12.969,1,8,221.274,1,8,27392.4,1,8,1232.065,1,8,24340.091,1,8,130.561,1,8,-9900,?,9,-9900,?,9,17.69,E,8,15.53,E,8,87.0,E,8,872.5394,E,8,999.0,E,8,0.32,E,8,-9900,?,9,-9900,?,9,0.003,E,8,-9900,?,9,-9900,?,9,0.03,99.0,E,8
12/04/2019,09:00,1018.311,1407.337,307.96,1,8,10.82,1,8,300.133,1,8,36955.2,1,8,1027.884,1,8,33014.647,1,8,132.068,1,8,-9900,?,9,-9900,?,9,18.75,E,8,16.1,E,8,82.0,E,8,872.5394,E,8,999.0,E,8,0.32,E,8,-9900,?,9,-9900,?,9,0.0,E,8,-9900,?,9,-9900,?,9,0.0,0.0,E,8
12/04/2019,10:00,1220.657,1407.337,319.44,1,8,10.217,1,8,310.579,1,8,38332.8,1,8,970.627,1,8,34163.691,1,8,113.99,1,8,-9900,?,9,-9900,?,9,19.33,E,8,16.4,E,8,82.0,E,8,872.5394,E,8,999.0,E,8,0.32,E,8,-9900,?,9,-9900,?,9,0.0,E,8,-9900,?,9,-9900,?,9,0.0,0.0,E,8
12/04/2019,11:00,1352.965,1407.337,335.34,1,8,29.686,1,8,306.802,1,8,40240.8,1,8,2820.139,1,8,33748.21,1,8,101.585,1,8,-9900,?,9,-9900,?,9,19.75,E,8,16.61,E,8,81.0,E,8,872.5394,E,8,999.0,E,8,0.32,E,8,-9900,?,9,-9900,?,9,0.0,E,8,-9900,?,9,-9900,?,9,0.0,0.0,E,8
12/04/2019,12:00,1406.208,1407.337,228.69,1,8,2.528,1,8,226.164,1,8,27442.8,1,8,240.175,1,8,24878.026,1,8,72.048,1,8,-9900,?,9,-9900,?,9,19.66,E,8,16.57,E,8,84.0,E,8,872.5394,E,8,999.0,E,8,0.32,E,8,-9900,?,9,-9900,?,9,0.005,E,8,-9900,?,9,-9900,?,9,0.05,99.0,E,8
12/04/2019,13:00,1376.763,1407.337,327.72,1,8,4.584,1,8,323.235,1,8,39326.4,1,8,435.527,1,8,35555.868,1,8,105.175,1,8,-9900,?,9,-9900,?,9,19.89,E,8,16.68,E,8,84.0,E,8,872.5394,E,8,999.0,E,8,0.32,E,8,-9900,?,9,-9900,?,9,0.01,E,8,-9900,?,9,-9900,?,9,0.1,99.0,E,8
12/04/2019,14:00,1266.649,1407.337,313.0,1,8,2.195,1,8,311.025,1,8,37560.0,1,8,208.514,1,8,34212.714,1,8,110.006,1,8,-9900,?,9,-9900,?,9,20.02,E,8,16.75,E,8,84.0,E,8,872.5394,E,8,999.0,E,8,0.32,E,8,-9900,?,9,-9900,?,9,0.001,E,8,-9900,?,9,-9900,?,9,0.01,99.0,E,8
12/04/2019,15:00,1083.393,1407.337,192.53,1,8,2.524,1,8,190.588,1,8,23103.6,1,8,239.745,1,8,20964.642,1,8,78.822,1,8,-9900,?,9,-9900,?,9,19.72,E,8,16.6,E,8,81.0,E,8,872.5394,E,8,999.0,E,8,0.32,E,8,-9900,?,9,-9900,?,9,0.0,E,8,-9900,?,9,-9900,?,9,0.0,0.0,E,8
12/04/2019,16:00,839.528,1407.337,159.85,1,8,0.612,1,8,159.485,1,8,19182.0,1,8,58.14,1,8,17543.363,1,8,85.146,1,8,-9900,?,9,-9900,?,9,19.36,E,8,16.41,E,8,82.0,E,8,872.5394,E,8,999.0,E,8,0.32,E,8,-9900,?,9,-9900,?,9,0.0,E,8,-9900,?,9,-9900,?,9,0.0,0.0,E,8
12/04/2019,17:00,551.806,1407.337,122.14,1,8,0.0,1,8,122.14,1,8,14656.8,1,8,0.0,1,8,13435.4,1,8,99.315,1,8,-9900,?,9,-9900,?,9,18.94,E,8,16.19,E,8,82.0,E,8,872.5394,E,8,999.0,E,8,0.93,E,8,-9900,?,9,-9900,?,9,0.0,E,8,-9900,?,9,-9900,?,9,0.0,0.0,E,8
12/04/2019,18:00,240.551,1407.337,71.21,1,8,44.966,1,8,63.595,1,8,8545.2,1,8,4271.778,1,8,6995.468,1,8,119.536,1,8,-9900,?,9,-9900,?,9,18.44,E,8,15.93,E,8,83.0,E,8,872.5394,E,8,999.0,E,8,0.89,E,8,-9900,?,9,-9900,?,9,0.0,E,8,-9900,?,9,-9900,?,9,0.0,0.0,E,8
12/04/2019,19:00,0.0,1407.337,3.34,1,8,0.0,1,8,0.0,1,8,400.8,1,8,0.0,1,8,0.0,1,8,-0.0,1,8,-9900,?,9,-9900,?,9,17.89,E,8,15.64,E,8,84.0,E,8,872.5394,E,8,999.0,E,8,1.01,E,8,-9900,?,9,-9900,?,9,0.0,E,8,-9900,?,9,-9900,?,9,0.0,0.0,E,8
12/04/2019,20:00,0.0,1407.337,0.0,1,8,0.0,1,8,0.0,1,8,0.0,1,8,0.0,1,8,0.0,1,8,-0.0,1,8,-9900,?,9,-9900,?,9,17.35,E,8,15.35,E,8,85.0,E,8,872.5394,E,8,999.0,E,8,1.75,E,8,-9900,?,9,-9900,?,9,0.0,E,8,-9900,?,9,-9900,?,9,0.0,0.0,E,8
12/04/2019,21:00,0.0,1407.337,0.0,1,8,0.0,1,8,0.0,1,8,0.0,1,8,0.0,1,8,0.0,1,8,-0.0,1,8,-9900,?,9,-9900,?,9,16.81,E,8,15.05,E,8,85.0,E,8,872.5394,E,8,999.0,E,8,2.23,E,8,-9900,?,9,-9900,?,9,0.0,E,8,-9900,?,9,-9900,?,9,0.0,0.0,E,8
12/04/2019,22:00,0.0,1407.337,0.0,1,8,0.0,1,8,0.0,1,8,0.0,1,8,0.0,1,8,0.0,1,8,-0.0,1,8,-9900,?,9,-9900,?,9,16.27,E,8,14.74,E,8,86.0,E,8,872.5394,E,8,999.0,E,8,1.62,E,8,-9900,?,9,-9900,?,9,0.0,E,8,-9900,?,9,-9900,?,9,0.0,0.0,E,8
12/04/2019,23:00,0.0,1407.337,0.0,1,8,0.0,1,8,0.0,1,8,0.0,1,8,0.0,1,8,0.0,1,8,-0.0,1,8,-9900,?,9,-9900,?,9,15.72,E,8,14.43,E,8,87.0,E,8,872.5394,E,8,999.0,E,8,1.53,E,8,-9900,?,9,-9900,?,9,0.0,E,8,-9900,?,9,-9900,?,9,0.0,0.0,E,8
12/04/2019,24:00,0.0,1407.337,0.0,1,8,0.0,1,8,0.0,1,8,0.0,1,8,0.0,1,8,0.0,1,8,-0.0,1,8,-9900,?,9,-9900,?,9,15.18,E,8,13.43,E,8,89.0,E,8,872.5394,E,8,999.0,E,8,15.41,E,8,-9900,?,9,-9900,?,9,0.0,E,8,-9900,?,9,-9900,?,9,0.0,0.0,E,8
12/05/2019,01:00,0.0,1407.337,0.0,1,8,0.0,1,8,0.0,1,8,0.0,1,8,0.0,1,8,0.0,1,8,-0.0,1,8,-9900,?,9,-9900,?,9,14.91,E,8,13.35,E,8,90.0,E,8,872.5394,E,8,999.0,E,8,10.46,E,8,-9900,?,9,-9900,?,9,0.0,E,8,-9900,?,9,-9900,?,9,0.0,0.0,E,8
12/05/2019,02:00,0.0,1407.337,0.0,1,8,0.0,1,8,0.0,1,8,0.0,1,8,0.0,1,8,0.0,1,8,-0.0,1,8,-9900,?,9,-9900,?,9,14.64,E,8,13.28,E,8,91.0,E,8,872.5394,E,8,999.0,E,8,10.28,E,8,-9900,?,9,-9900,?,9,0.0,E,8,-9900,?,9,-9900,?,9,0.0,0.0,E,8
12/05/2019,03:00,0.0,1407.337,0.0,1,8,0.0,1,8,0.0,1,8,0.0,1,8,0.0,1,8,0.0,1,8,-0.0,1,8,-9900,?,9,-9900,?,9,14.37,E,8,13.2,E,8,92.0,E,8,872.5394,E,8,999.0,E,8,9.87,E,8,-9900,?,9,-9900,?,9,0.0,E,8,-9900,?,9,-9900,?,9,0.0,0.0,E,8
12/05/2019,04:00,0.0,1407.76,0.0,1,8,0.0,1,8,0.0,1,8,0.0,1,8,0.0,1,8,0.0,1,8,-0.0,1,8,-9900,?,9,-9900,?,9,14.1,E,8,13.13,E,8,93.0,E,8,872.5394,E,8,999.0,E,8,5.86,E,8,-9900,?,9,-9900,?,9,0.0,E,8,-9900,?,9,-9900,?,9,0.0,0.0,E,8
12/05/2019,05:00,0.0,1407.76,0.0,1,8,0.0,1,8,0.0,1,8,0.0,1,8,0.0,1,8,0.0,1,8,-0.0,1,8,-9900,?,9,-9900,?,9,13.85,E,8,13.06,E,8,94.0,E,8,872.5394,E,8,999.0,E,8,8.27,E,8,-9900,?,9,-9900,?,9,0.0,E,8,-9900,?,9,-9900,?,9,0.0,0.0,E,8
12/05/2019,06:00,148.237,1407.76,0.0,1,8,0.0,1,8,0.0,1,8,0.0,1,8,0.0,1,8,0.0,1,8,0.0,1,8,-9900,?,9,-9900,?,9,13.68,E,8,13.01,E,8,95.0,E,8,872.5394,E,8,999.0,E,8,6.91,E,8,-9900,?,9,-9900,?,9,0.0,E,8,-9900,?,9,-9900,?,9,0.0,0.0,E,8
12/05/2019,07:00,461.693,1407.76,54.64,1,8,0.0,1,8,54.64,1,8,6556.8,1,8,0.0,1,8,6010.4,1,8,53.159,1,8,-9900,?,9,-9900,?,9,13.5,E,8,12.96,E,8,96.0,E,8,872.5394,E,8,999.0,E,8,7.73,E,8,-9900,?,9,-9900,?,9,0.0,E,8,-9900,?,9,-9900,?,9,0.0,0.0,E,8
12/05/2019,08:00,758.644,1407.76,152.46,1,8,3.128,1,8,150.776,1,8,18295.2,1,8,297.129,1,8,16585.327,1,8,89.122,1,8,-9900,?,9,-9900,?,9,16.14,E,8,13.69,E,8,85.0,E,8,872.5394,E,8,999.0,E,8,5.73,E,8,-9900,?,9,-9900,?,9,0.0,E,8,-9900,?,9,-9900,?,9,0.0,0.0,E,8
12/05/2019,09:00,1017.349,1407.76,246.51,1,8,16.401,1,8,234.661,1,8,29581.2,1,8,1558.051,1,8,25812.707,1,8,103.387,1,8,-9900,?,9,-9900,?,9,17.35,E,8,14.01,E,8,80.0,E,8,872.5394,E,8,999.0,E,8,5.4,E,8,-9900,?,9,-9900,?,9,0.0,E,8,-9900,?,9,-9900,?,9,0.0,0.0,E,8
12/05/2019,10:00,1219.993,1407.76,189.51,1,8,2.65,1,8,187.214,1,8,22741.2,1,8,251.728,1,8,20593.527,1,8,68.77,1,8,-9900,?,9,-9900,?,9,17.6,E,8,14.08,E,8,79.0,E,8,872.5394,E,8,999.0,E,8,6.89,E,8,-9900,?,9,-9900,?,9,0.0,E,8,-9900,?,9,-9900,?,9,0.0,0.0,E,8
12/05/2019,11:00,1352.722,1407.76,383.68,1,8,19.414,1,8,365.026,1,8,46041.6,1,8,1844.321,1,8,40152.811,1,8,120.922,1,8,-9900,?,9,-9900,?,9,18.73,E,8,14.38,E,8,75.0,E,8,872.5394,E,8,999.0,E,8,4.79,E,8,-9900,?,9,-9900,?,9,0.0,E,8,-9900,?,9,-9900,?,9,0.0,0.0,E,8
12/05/2019,12:00,1406.482,1407.76,488.19,1,8,54.859,1,8,433.38,1,8,58582.8,1,8,5211.651,1,8,47671.836,1,8,138.075,1,8,-9900,?,9,-9900,?,9,19.94,E,8,14.69,E,8,71.0,E,8,872.5394,E,8,999.0,E,8,5.6,E,8,-9900,?,9,-9900,?,9,0.0,E,8,-9900,?,9,-9900,?,9,0.0,0.0,E,8
12/05/2019,13:00,1377.615,1407.76,502.14,1,8,64.793,1,8,438.735,1,8,60256.8,1,8,6155.33,1,8,48260.884,1,8,142.712,1,8,-9900,?,9,-9900,?,9,20.85,E,8,14.92,E,8,68.0,E,8,872.5394,E,8,999.0,E,8,6.25,E,8,-9900,?,9,-9900,?,9,0.0,E,8,-9900,?,9,-9900,?,9,0.0,0.0,E,8
12/05/2019,14:00,1268.099,1407.76,303.32,1,8,4.626,1,8,299.154,1,8,36398.4,1,8,439.434,1,8,32906.892,1,8,105.718,1,8,-9900,?,9,-9900,?,9,20.89,E,8,14.93,E,8,68.0,E,8,872.5394,E,8,999.0,E,8,3.51,E,8,-9900,?,9,-9900,?,9,0.0,E,8,-9900,?,9,-9900,?,9,0.0,0.0,E,8
12/05/2019,15:00,1085.418,1407.76,345.79,1,8,14.632,1,8,334.511,1,8,41494.8,1,8,1390.022,1,8,36796.184,1,8,138.127,1,8,-9900,?,9,-9900,?,9,21.05,E,8,14.97,E,8,68.0,E,8,872.5394,E,8,999.0,E,8,3.82,E,8,-9900,?,9,-9900,?,9,0.0,E,8,-9900,?,9,-9900,?,9,0.0,0.0,E,8
12/05/2019,16:00,842.068,1407.76,307.55,1,8,34.137,1,8,287.141,1,8,36906.0,1,8,3242.988,1,8,31585.562,1,8,152.882,1,8,-9900,?,9,-9900,?,9,21.08,E,8,14.98,E,8,68.0,E,8,872.5394,E,8,999.0,E,8,4.89,E,8,-9900,?,9,-9900,?,9,0.0,E,8,-9900,?,9,-9900,?,9,0.0,0.0,E,8
12/05/2019,17:00,554.762,1407.76,261.11,1,8,179.442,1,8,190.509,1,8,31333.2,1,8,17046.961,1,8,20955.951,1,8,154.126,1,8,-9900,?,9,-9900,?,9,20.94,E,8,14.94,E,8,68.0,E,8,872.5394,E,8,999.0,E,8,2.99,E,8,-9900,?,9,-9900,?,9,0.0,E,8,-9900,?,9,-9900,?,9,0.0,0.0,E,8
12/05/2019,18:00,243.778,1407.76,178.71,1,8,417.829,1,8,107.008,1,8,21445.2,1,8,39693.741,1,8,11770.838,1,8,198.486,1,8,-9900,?,9,-9900,?,9,20.52,E,8,14.83,E,8,69.0,E,8,872.5394,E,8,999.0,E,8,1.76,E,8,-9900,?,9,-9900,?,9,0.0,E,8,-9900,?,9,-9900,?,9,0.0,0.0,E,8
12/05/2019,19:00,0.0,1407.76,14.18,1,8,0.0,1,8,0.0,1,8,1701.6,1,8,0.0,1,8,0.0,1,8,-0.0,1,8,-9900,?,9,-9900,?,9,19.94,E,8,14.69,E,8,71.0,E,8,872.5394,E,8,999.0,E,8,1.76,E,8,-9900,?,9,-9900,?,9,0.0,E,8,-9900,?,9,-9900,?,9,0.0,0.0,E,8
12/05/2019,20:00,0.0,1407.76,0.0,1,8,0.0,1,8,0.0,1,8,0.0,1,8,0.0,1,8,0.0,1,8,-0.0,1,8,-9900,?,9,-9900,?,9,19.37,E,8,14.54,E,8,73.0,E,8,872.5394,E,8,999.0,E,8,1.76,E,8,-9900,?,9,-9900,?,9,0.0,E,8,-9900,?,9,-9900,?,9,0.0,0.0,E,8
12/05/2019,21:00,0.0,1407.76,0.0,1,8,0.0,1,8,0.0,1,8,0.0,1,8,0.0,1,8,0.0,1,8,-0.0,1,8,-9900,?,9,-9900,?,9,18.79,E,8,14.39,E,8,75.0,E,8,872.5394,E,8,999.0,E,8,1.76,E,8,-9900,?,9,-9900,?,9,0.0,E,8,-9900,?,9,-9900,?,9,0.0,0.0,E,8
12/05/2019,22:00,0.0,1407.76,0.0,1,8,0.0,1,8,0.0,1,8,0.0,1,8,0.0,1,8,0.0,1,8,-0.0,1,8,-9900,?,9,-9900,?,9,18.22,E,8,14.24,E,8,77.0,E,8,872.5394,E,8,999.0,E,8,1.76,E,8,-9900,?,9,-9900,?,9,0.0,E,8,-9900,?,9,-9900,?,9,0.0,0.0,E,8
12/05/2019,23:00,0.0,1407.76,0.0,1,8,0.0,1,8,0.0,1,8,0.0,1,8,0.0,1,8,0.0,1,8,-0.0,1,8,-9900,?,9,-9900,?,9,17.64,E,8,14.09,E,8,79.0,E,8,872.5394,E,8,999.0,E,8,1.76,E,8,-9900,?,9,-9900,?,9,0.0,E,8,-9900,?,9,-9900,?,9,0.0,0.0,E,8
12/05/2019,24:00,0.0,1407.76,0.0,1,8,0.0,1,8,0.0,1,8,0.0,1,8,0.0,1,8,0.0,1,8,-0.0,1,8,-9900,?,9,-9900,?,9,17.06,E,8,15.54,E,8,95.0,E,8,872.5394,E,8,999.0,E,8,0.64,E,8,-9900,?,9,-9900,?,9,0.002,E,8,-9900,?,9,-9900,?,9,0.02,99.0,E,8
12/06/2019,01:00,0.0,1407.76,0.0,1,8,0.0,1,8,0.0,1,8,0.0,1,8,0.0,1,8,0.0,1,8,-0.0,1,8,-9900,?,9,-9900,?,9,16.78,E,8,15.49,E,8,96.0,E,8,872.5394,E,8,999.0,E,8,0.64,E,8,-9900,?,9,-9900,?,9,0.008,E,8,-9900,?,9,-9900,?,9,0.08,99.0,E,8
12/06/2019,02:00,0.0,1407.76,0.0,1,8,0.0,1,8,0.0,1,8,0.0,1,8,0.0,1,8,0.0,1,8,-0.0,1,8,-9900,?,9,-9900,?,9,16.49,E,8,15.45,E,8,98.0,E,8,872.5394,E,8,999.0,E,8,0.64,E,8,-9900,?,9,-9900,?,9,0.017,E,8,-9900,?,9,-9900,?,9,0.17,99.0,E,8
12/06/2019,03:00,0.0,1407.76,0.0,1,8,0.0,1,8,0.0,1,8,0.0,1,8,0.0,1,8,0.0,1,8,-0.0,1,8,-9900,?,9,-9900,?,9,16.2,E,8,15.4,E,8,99.0,E,8,872.5394,E,8,999.0,E,8,0.64,E,8,-9900,?,9,-9900,?,9,0.034,E,8,-9900,?,9,-9900,?,9,0.34,99.0,E,8
12/06/2019,04:00,0.0,1408.17,0.0,1,8,0.0,1,8,0.0,1,8,0.0,1,8,0.0,1,8,0.0,1,8,-0.0,1,8,-9900,?,9,-9900,?,9,15.91,E,8,15.35,E,8,96.0,E,8,872.5394,E,8,999.0,E,8,0.64,E,8,-9900,?,9,-9900,?,9,0.0,E,8,-9900,?,9,-9900,?,9,0.0,0.0,E,8
12/06/2019,05:00,0.0,1408.17,0.0,1,8,0.0,1,8,0.0,1,8,0.0,1,8,0.0,1,8,0.0,1,8,-0.0,1,8,-9900,?,9,-9900,?,9,15.66,E,8,15.31,E,8,97.0,E,8,872.5394,E,8,999.0,E,8,0.64,E,8,-9900,?,9,-9900,?,9,0.0,E,8,-9900,?,9,-9900,?,9,0.0,0.0,E,8
12/06/2019,06:00,147.199,1408.17,0.0,1,8,0.0,1,8,0.0,1,8,0.0,1,8,0.0,1,8,0.0,1,8,0.0,1,8,-9900,?,9,-9900,?,9,15.47,E,8,15.28,E,8,98.0,E,8,872.5394,E,8,999.0,E,8,0.64,E,8,-9900,?,9,-9900,?,9,0.0,E,8,-9900,?,9,-9900,?,9,0.0,0.0,E,8
12/06/2019,07:00,460.49,1408.17,52.49,1,8,0.0,1,8,52.49,1,8,6298.8,1,8,0.0,1,8,5773.9,1,8,51.217,1,8,-9900,?,9,-9900,?,9,15.28,E,8,15.25,E,8,99.0,E,8,872.5394,E,8,999.0,E,8,0.64,E,8,-9900,?,9,-9900,?,9,0.0,E,8,-9900,?,9,-9900,?,9,0.0,0.0,E,8
12/06/2019,08:00,757.449,1408.17,147.0,1,8,0.611,1,8,146.671,1,8,17640.0,1,8,58.088,1,8,16133.848,1,8,86.858,1,8,-9900,?,9,-9900,?,9,17.37,E,8,15.59,E,8,89.0,E,8,872.5394,E,8,999.0,E,8,0.64,E,8,-9900,?,9,-9900,?,9,0.0,E,8,-9900,?,9,-9900,?,9,0.0,0.0,E,8
12/06/2019,09:00,1016.321,1408.17,237.95,1,8,2.71,1,8,235.995,1,8,28554.0,1,8,257.409,1,8,25959.444,1,8,104.11,1,8,-9900,?,9,-9900,?,9,18.33,E,8,15.75,E,8,84.0,E,8,872.5394,E,8,999.0,E,8,0.64,E,8,-9900,?,9,-9900,?,9,0.0,E,8,-9900,?,9,-9900,?,9,0.0,0.0,E,8
12/06/2019,10:00,1219.278,1408.17,314.64,1,8,9.991,1,8,305.99,1,8,37756.8,1,8,949.181,1,8,33658.869,1,8,112.5,1,8,-9900,?,9,-9900,?,9,19.21,E,8,15.89,E,8,85.0,E,8,872.5394,E,8,999.0,E,8,0.64,E,8,-9900,?,9,-9900,?,9,0.004,E,8,-9900,?,9,-9900,?,9,0.04,99.0,E,8
12/06/2019,11:00,1352.444,1408.17,370.76,1,8,21.101,1,8,350.494,1,8,44491.2,1,8,2004.622,1,8,38554.37,1,8,116.166,1,8,-9900,?,9,-9900,?,9,19.98,E,8,16.01,E,8,92.0,E,8,872.5394,E,8,999.0,E,8,0.64,E,8,-9900,?,9,-9900,?,9,1.345,E,8,-9900,?,9,-9900,?,9,13.45,99.0,E,8
12/06/2019,12:00,1406.735,1408.17,402.14,1,8,22.632,1,8,379.531,1,8,48256.8,1,8,2150.044,1,8,41748.414,1,8,120.932,1,8,-9900,?,9,-9900,?,9,20.6,E,8,16.11,E,8,80.0,E,8,872.5394,E,8,999.0,E,8,0.64,E,8,-9900,?,9,-9900,?,9,0.001,E,8,-9900,?,9,-9900,?,9,0.01,99.0,E,8
12/06/2019,13:00,1378.456,1408.17,406.5,1,8,23.779,1,8,383.224,1,8,48780.0,1,8,2258.962,1,8,42154.586,1,8,124.615,1,8,-9900,?,9,-9900,?,9,21.05,E,8,16.18,E,8,73.0,E,8,872.5394,E,8,999.0,E,8,0.64,E,8,-9900,?,9,-9900,?,9,0.0,E,8,-9900,?,9,-9900,?,9,0.0,0.0,E,8
12/06/2019,14:00,1269.544,1408.17,383.53,1,8,18.099,1,8,367.214,1,8,46023.6,1,8,1719.391,1,8,40393.537,1,8,129.66,1,8,-9900,?,9,-9900,?,9,21.34,E,8,16.23,E,8,72.0,E,8,872.5394,E,8,999.0,E,8,0.64,E,8,-9900,?,9,-9900,?,9,0.0,E,8,-9900,?,9,-9900,?,9,0.0,0.0,E,8
12/06/2019,15:00,1087.443,1408.17,334.88,1,8,19.508,1,8,319.818,1,8,40185.6,1,8,1853.248,1,8,35180.009,1,8,131.852,1,8,-9900,?,9,-9900,?,9,21.44,E,8,16.24,E,8,72.0,E,8,872.5394,E,8,999.0,E,8,0.64,E,8,-9900,?,9,-9900,?,9,0.0,E,8,-9900,?,9,-9900,?,9,0.0,0.0,E,8
12/06/2019,16:00,844.607,1408.17,264.15,1,8,12.868,1,8,256.436,1,8,31698.0,1,8,1222.425,1,8,28207.976,1,8,136.162,1,8,-9900,?,9,-9900,?,9,21.33,E,8,16.22,E,8,77.0,E,8,872.5394,E,8,999.0,E,8,0.64,E,8,-9900,?,9,-9900,?,9,0.001,E,8,-9900,?,9,-9900,?,9,0.01,99.0,E,8
12/06/2019,17:00,557.711,1408.17,176.91,1,8,19.351,1,8,169.258,1,8,21229.2,1,8,1838.306,1,8,18618.394,1,8,136.247,1,8,-9900,?,9,-9900,?,9,20.96,E,8,16.17,E,8,74.0,E,8,872.5394,E,8,999.0,E,8,0.64,E,8,-9900,?,9,-9900,?,9,0.0,E,8,-9900,?,9,-9900,?,9,0.0,0.0,E,8
12/06/2019,18:00,246.991,1408.17,81.78,1,8,76.256,1,8,68.522,1,8,9813.6,1,8,7244.336,1,8,7537.454,1,8,125.455,1,8,-9900,?,9,-9900,?,9,20.37,E,8,16.07,E,8,76.0,E,8,872.5394,E,8,999.0,E,8,0.64,E,8,-9900,?,9,-9900,?,9,0.0,E,8,-9900,?,9,-9900,?,9,0.0,0.0,E,8
12/06/2019,19:00,0.0,1408.17,4.48,1,8,0.0,1,8,0.0,1,8,537.6,1,8,0.0,1,8,0.0,1,8,-0.0,1,8,-9900,?,9,-9900,?,9,20.01,E,8,16.02,E,8,82.0,E,8,872.5394,E,8,999.0,E,8,0.64,E,8,-9900,?,9,-9900,?,9,0.024,E,8,-9900,?,9,-9900,?,9,0.24,99.0,E,8
12/06/2019,20:00,0.0,1408.17,0.0,1,8,0.0,1,8,0.0,1,8,0.0,1,8,0.0,1,8,0.0,1,8,-0.0,1,8,-9900,?,9,-9900,?,9,19.64,E,8,15.96,E,8,84.0,E,8,872.5394,E,8,999.0,E,8,0.64,E,8,-9900,?,9,-9900,?,9,0.012,E,8,-9900,?,9,-9900,?,9,0.12,99.0,E,8
12/06/2019,21:00,0.0,1408.17,0.0,1,8,0.0,1,8,0.0,1,8,0.0,1,8,0.0,1,8,0.0,1,8,-0.0,1,8,-9900,?,9,-9900,?,9,19.28,E,8,15.9,E,8,85.0,E,8,872.5394,E,8,999.0,E,8,0.64,E,8,-9900,?,9,-9900,?,9,0.006,E,8,-9900,?,9,-9900,?,9,0.06,99.0,E,8
12/06/2019,22:00,0.0,1408.17,0.0,1,8,0.0,1,8,0.0,1,8,0.0,1,8,0.0,1,8,0.0,1,8,-0.0,1,8,-9900,?,9,-9900,?,9,18.91,E,8,15.84,E,8,87.0,E,8,872.5394,E,8,999.0,E,8,0.64,E,8,-9900,?,9,-9900,?,9,0.052000000000000005,E,8,-9900,?,9,-9900,?,9,0.52,99.0,E,8
12/06/2019,23:00,0.0,1408.17,0.0,1,8,0.0,1,8,0.0,1,8,0.0,1,8,0.0,1,8,0.0,1,8,-0.0,1,8,-9900,?,9,-9900,?,9,18.55,E,8,15.78,E,8,88.0,E,8,872.5394,E,8,999.0,E,8,0.64,E,8,-9900,?,9,-9900,?,9,0.094,E,8,-9900,?,9,-9900,?,9,0.94,99.0,E,8
12/06/2019,24:00,0.0,1408.17,0.0,1,8,0.0,1,8,0.0,1,8,0.0,1,8,0.0,1,8,0.0,1,8,-0.0,1,8,-9900,?,9,-9900,?,9,18.18,E,8,17.48,E,8,94.0,E,8,872.5394,E,8,999.0,E,8,0.64,E,8,-9900,?,9,-9900,?,9,0.036,E,8,-9900,?,9,-9900,?,9,0.36,99.0,E,8
12/07/2019,01:00,0.0,1408.17,0.0,1,8,0.0,1,8,0.0,1,8,0.0,1,8,0.0,1,8,0.0,1,8,-0.0,1,8,-9900,?,9,-9900,?,9,18.0,E,8,17.41,E,8,99.0,E,8,872.5394,E,8,999.0,E,8,0.64,E,8,-9900,?,9,-9900,?,9,1.4300000000000002,E,8,-9900,?,9,-9900,?,9,14.3,99.0,E,8
12/07/2019,02:00,0.0,1408.17,0.0,1,8,0.0,1,8,0.0,1,8,0.0,1,8,0.0,1,8,0.0,1,8,-0.0,1,8,-9900,?,9,-9900,?,9,17.81,E,8,17.33,E,8,92.0,E,8,872.5394,E,8,999.0,E,8,0.64,E,8,-9900,?,9,-9900,?,9,0.0,E,8,-9900,?,9,-9900,?,9,0.0,0.0,E,8
12/07/2019,03:00,0.0,1408.17,0.0,1,8,0.0,1,8,0.0,1,8,0.0,1,8,0.0,1,8,0.0,1,8,-0.0,1,8,-9900,?,9,-9900,?,9,17.63,E,8,17.26,E,8,93.0,E,8,872.5394,E,8,999.0,E,8,0.64,E,8,-9900,?,9,-9900,?,9,0.0,E,8,-9900,?,9,-9900,?,9,0.0,0.0,E,8
12/07/2019,04:00,0.0,1408.568,0.0,1,8,0.0,1,8,0.0,1,8,0.0,1,8,0.0,1,8,0.0,1,8,-0.0,1,8,-9900,?,9,-9900,?,9,17.45,E,8,17.18,E,8,93.0,E,8,872.5394,E,8,999.0,E,8,0.64,E,8,-9900,?,9,-9900,?,9,0.0,E,8,-9900,?,9,-9900,?,9,0.0,0.0,E,8
12/07/2019,05:00,0.0,1408.568,0.0,1,8,0.0,1,8,0.0,1,8,0.0,1,8,0.0,1,8,0.0,1,8,-0.0,1,8,-9900,?,9,-9900,?,9,17.29,E,8,17.12,E,8,96.0,E,8,872.5394,E,8,999.0,E,8,0.64,E,8,-9900,?,9,-9900,?,9,0.002,E,8,-9900,?,9,-9900,?,9,0.02,99.0,E,8
12/07/2019,06:00,146.056,1408.568,0.0,1,8,0.0,1,8,0.0,1,8,0.0,1,8,0.0,1,8,0.0,1,8,0.0,1,8,-9900,?,9,-9900,?,9,17.17,E,8,17.07,E,8,93.0,E,8,872.5394,E,8,999.0,E,8,0.64,E,8,-9900,?,9,-9900,?,9,0.0,E,8,-9900,?,9,-9900,?,9,0.0,0.0,E,8
12/07/2019,07:00,459.192,1408.568,34.73,1,8,0.0,1,8,34.73,1,8,4167.6,1,8,0.0,1,8,3820.3,1,8,33.994,1,8,-9900,?,9,-9900,?,9,17.05,E,8,17.02,E,8,96.0,E,8,872.5394,E,8,999.0,E,8,0.64,E,8,-9900,?,9,-9900,?,9,0.001,E,8,-9900,?,9,-9900,?,9,0.01,99.0,E,8
12/07/2019,08:00,756.174,1408.568,97.63,1,8,0.0,1,8,97.63,1,8,11715.6,1,8,0.0,1,8,10739.3,1,8,57.93,1,8,-9900,?,9,-9900,?,9,17.97,E,8,17.39,E,8,92.0,E,8,872.5394,E,8,999.0,E,8,0.64,E,8,-9900,?,9,-9900,?,9,0.0,E,8,-9900,?,9,-9900,?,9,0.0,0.0,E,8
12/07/2019,09:00,1015.228,1408.568,142.58,1,8,1.275,1,8,141.661,1,8,17109.6,1,8,121.115,1,8,15582.751,1,8,62.58,1,8,-9900,?,9,-9900,?,9,18.33,E,8,17.54,E,8,91.0,E,8,872.5394,E,8,999.0,E,8,0.64,E,8,-9900,?,9,-9900,?,9,0.0,E,8,-9900,?,9,-9900,?,9,0.0,0.0,E,8
12/07/2019,10:00,1218.514,1408.568,205.62,1,8,3.52,1,8,202.575,1,8,24674.4,1,8,334.416,1,8,22283.261,1,8,74.546,1,8,-9900,?,9,-9900,?,9,18.73,E,8,17.7,E,8,91.0,E,8,872.5394,E,8,999.0,E,8,0.64,E,8,-9900,?,9,-9900,?,9,0.0,E,8,-9900,?,9,-9900,?,9,0.0,0.0,E,8
12/07/2019,11:00,1352.132,1408.568,258.87,1,8,5.063,1,8,254.01,1,8,31064.4,1,8,480.981,1,8,27941.101,1,8,84.231,1,8,-9900,?,9,-9900,?,9,19.12,E,8,17.85,E,8,90.0,E,8,872.5394,E,8,999.0,E,8,0.64,E,8,-9900,?,9,-9900,?,9,0.0,E,8,-9900,?,9,-9900,?,9,0.0,0.0,E,8
12/07/2019,12:00,1406.967,1408.568,309.42,1,8,2.903,1,8,306.52,1,8,37130.4,1,8,275.803,1,8,33717.213,1,8,97.679,1,8,-9900,?,9,-9900,?,9,19.49,E,8,18.0,E,8,92.0,E,8,872.5394,E,8,999.0,E,8,0.64,E,8,-9900,?,9,-9900,?,9,0.001,E,8,-9900,?,9,-9900,?,9,0.01,99.0,E,8
12/07/2019,13:00,1379.286,1408.568,367.88,1,8,21.697,1,8,346.634,1,8,44145.6,1,8,2061.223,1,8,38129.764,1,8,112.681,1,8,-9900,?,9,-9900,?,9,19.88,E,8,18.15,E,8,91.0,E,8,872.5394,E,8,999.0,E,8,0.64,E,8,-9900,?,9,-9900,?,9,0.009,E,8,-9900,?,9,-9900,?,9,0.09,99.0,E,8
12/07/2019,14:00,1270.986,1408.568,277.94,1,8,5.108,1,8,273.331,1,8,33352.8,1,8,485.241,1,8,30066.455,1,8,96.429,1,8,-9900,?,9,-9900,?,9,20.01,E,8,18.2,E,8,91.0,E,8,872.5394,E,8,999.0,E,8,0.64,E,8,-9900,?,9,-9900,?,9,0.006,E,8,-9900,?,9,-9900,?,9,0.06,99.0,E,8
12/07/2019,15:00,1089.467,1408.568,153.97,1,8,1.545,1,8,152.775,1,8,18476.4,1,8,146.746,1,8,16805.302,1,8,62.886,1,8,-9900,?,9,-9900,?,9,19.86,E,8,18.14,E,8,89.0,E,8,872.5394,E,8,999.0,E,8,0.64,E,8,-9900,?,9,-9900,?,9,0.0,E,8,-9900,?,9,-9900,?,9,0.0,0.0,E,8
12/07/2019,16:00,847.142,1408.568,142.67,1,8,0.208,1,8,142.545,1,8,17120.4,1,8,19.789,1,8,15679.926,1,8,75.483,1,8,-9900,?,9,-9900,?,9,19.71,E,8,18.09,E,8,89.0,E,8,872.5394,E,8,999.0,E,8,0.64,E,8,-9900,?,9,-9900,?,9,0.0,E,8,-9900,?,9,-9900,?,9,0.0,0.0,E,8
12/07/2019,17:00,560.652,1408.568,118.43,1,8,0.0,1,8,118.43,1,8,14211.6,1,8,0.0,1,8,13027.3,1,8,94.857,1,8,-9900,?,9,-9900,?,9,19.53,E,8,18.02,E,8,92.0,E,8,872.5394,E,8,999.0,E,8,0.64,E,8,-9900,?,9,-9900,?,9,0.025,E,8,-9900,?,9,-9900,?,9,0.25,99.0,E,8
12/07/2019,18:00,250.186,1408.568,55.09,1,8,0.0,1,8,55.09,1,8,6610.8,1,8,0.0,1,8,6059.9,1,8,99.581,1,8,-9900,?,9,-9900,?,9,19.26,E,8,17.91,E,8,95.0,E,8,872.5394,E,8,999.0,E,8,0.64,E,8,-9900,?,9,-9900,?,9,0.1,E,8,-9900,?,9,-9900,?,9,1.0,99.0,E,8
12/07/2019,19:00,0.0,1408.568,3.24,1,8,0.0,1,8,0.0,1,8,388.8,1,8,0.0,1,8,0.0,1,8,-0.0,1,8,-9900,?,9,-9900,?,9,18.89,E,8,17.76,E,8,93.0,E,8,872.5394,E,8,999.0,E,8,0.64,E,8,-9900,?,9,-9900,?,9,0.05500000000000001,E,8,-9900,?,9,-9900,?,9,0.55,99.0,E,8
12/07/2019,20:00,0.0,1408.568,0.0,1,8,0.0,1,8,0.0,1,8,0.0,1,8,0.0,1,8,0.0,1,8,-0.0,1,8,-9900,?,9,-9900,?,9,18.52,E,8,17.62,E,8,94.0,E,8,872.5394,E,8,999.0,E,8,0.64,E,8,-9900,?,9,-9900,?,9,0.018,E,8,-9900,?,9,-9900,?,9,0.18,99.0,E,8
12/07/2019,21:00,0.0,1408.568,0.0,1,8,0.0,1,8,0.0,1,8,0.0,1,8,0.0,1,8,0.0,1,8,-0.0,1,8,-9900,?,9,-9900,?,9,18.15,E,8,17.47,E,8,94.0,E,8,872.5394,E,8,999.0,E,8,0.64,E,8,-9900,?,9,-9900,?,9,0.013000000000000001,E,8,-9900,?,9,-9900,?,9,0.13,99.0,E,8
12/07/2019,22:00,0.0,1408.568,0.0,1,8,0.0,1,8,0.0,1,8,0.0,1,8,0.0,1,8,0.0,1,8,-0.0,1,8,-9900,?,9,-9900,?,9,17.77,E,8,17.31,E,8,95.0,E,8,872.5394,E,8,999.0,E,8,0.64,E,8,-9900,?,9,-9900,?,9,0.004,E,8,-9900,?,9,-9900,?,9,0.04,99.0,E,8
12/07/2019,23:00,0.0,1408.568,0.0,1,8,0.0,1,8,0.0,1,8,0.0,1,8,0.0,1,8,0.0,1,8,-0.0,1,8,-9900,?,9,-9900,?,9,17.4,E,8,17.16,E,8,93.0,E,8,872.5394,E,8,999.0,E,8,0.64,E,8,-9900,?,9,-9900,?,9,0.0,E,8,-9900,?,9,-9900,?,9,0.0,0.0,E,8
12/07/2019,24:00,0.0,1408.568,0.0,1,8,0.0,1,8,0.0,1,8,0.0,1,8,0.0,1,8,0.0,1,8,-0.0,1,8,-9900,?,9,-9900,?,9,17.03,E,8,15.9,E,8,93.0,E,8,872.5394,E,8,999.0,E,8,0.62,E,8,-9900,?,9,-9900,?,9,0.023,E,8,-9900,?,9,-9900,?,9,0.23,99.0,E,8
12/08/2019,01:00,0.0,1408.568,0.0,1,8,0.0,1,8,0.0,1,8,0.0,1,8,0.0,1,8,0.0,1,8,-0.0,1,8,-9900,?,9,-9900,?,9,16.84,E,8,15.89,E,8,94.0,E,8,872.5394,E,8,999.0,E,8,0.62,E,8,-9900,?,9,-9900,?,9,0.013000000000000001,E,8,-9900,?,9,-9900,?,9,0.13,99.0,E,8
12/08/2019,02:00,0.0,1408.568,0.0,1,8,0.0,1,8,0.0,1,8,0.0,1,8,0.0,1,8,0.0,1,8,-0.0,1,8,-9900,?,9,-9900,?,9,16.66,E,8,15.88,E,8,91.0,E,8,872.5394,E,8,999.0,E,8,0.62,E,8,-9900,?,9,-9900,?,9,0.0,E,8,-9900,?,9,-9900,?,9,0.0,0.0,E,8
12/08/2019,03:00,0.0,1408.568,0.0,1,8,0.0,1,8,0.0,1,8,0.0,1,8,0.0,1,8,0.0,1,8,-0.0,1,8,-9900,?,9,-9900,?,9,16.47,E,8,15.87,E,8,92.0,E,8,872.5394,E,8,999.0,E,8,0.62,E,8,-9900,?,9,-9900,?,9,0.0,E,8,-9900,?,9,-9900,?,9,0.0,0.0,E,8
12/08/2019,04:00,0.0,1408.952,0.0,1,8,0.0,1,8,0.0,1,8,0.0,1,8,0.0,1,8,0.0,1,8,-0.0,1,8,-9900,?,9,-9900,?,9,16.28,E,8,15.86,E,8,93.0,E,8,872.5394,E,8,999.0,E,8,0.62,E,8,-9900,?,9,-9900,?,9,0.0,E,8,-9900,?,9,-9900,?,9,0.0,0.0,E,8
12/08/2019,05:00,0.0,1408.952,0.0,1,8,0.0,1,8,0.0,1,8,0.0,1,8,0.0,1,8,0.0,1,8,-0.0,1,8,-9900,?,9,-9900,?,9,16.12,E,8,15.86,E,8,93.0,E,8,872.5394,E,8,999.0,E,8,0.62,E,8,-9900,?,9,-9900,?,9,0.0,E,8,-9900,?,9,-9900,?,9,0.0,0.0,E,8
12/08/2019,06:00,144.811,1408.952,0.0,1,8,0.0,1,8,0.0,1,8,0.0,1,8,0.0,1,8,0.0,1,8,0.0,1,8,-9900,?,9,-9900,?,9,16.0,E,8,15.85,E,8,94.0,E,8,872.5394,E,8,999.0,E,8,0.62,E,8,-9900,?,9,-9900,?,9,0.0,E,8,-9900,?,9,-9900,?,9,0.0,0.0,E,8
12/08/2019,07:00,457.801,1408.952,44.55,1,8,0.0,1,8,44.55,1,8,5346.0,1,8,0.0,1,8,4900.5,1,8,43.751,1,8,-9900,?,9,-9900,?,9,15.87,E,8,15.84,E,8,95.0,E,8,872.5394,E,8,999.0,E,8,0.62,E,8,-9900,?,9,-9900,?,9,0.0,E,8,-9900,?,9,-9900,?,9,0.0,0.0,E,8
12/08/2019,08:00,754.82,1408.952,125.8,1,8,0.0,1,8,125.8,1,8,15096.0,1,8,0.0,1,8,13838.0,1,8,74.8,1,8,-9900,?,9,-9900,?,9,17.73,E,8,15.94,E,8,86.0,E,8,872.5394,E,8,999.0,E,8,0.64,E,8,-9900,?,9,-9900,?,9,0.0,E,8,-9900,?,9,-9900,?,9,0.0,0.0,E,8
12/08/2019,09:00,1014.073,1408.952,204.15,1,8,1.967,1,8,202.735,1,8,24498.0,1,8,186.871,1,8,22300.808,1,8,89.686,1,8,-9900,?,9,-9900,?,9,18.59,E,8,15.99,E,8,82.0,E,8,872.5394,E,8,999.0,E,8,0.73,E,8,-9900,?,9,-9900,?,9,0.0,E,8,-9900,?,9,-9900,?,9,0.0,0.0,E,8
12/08/2019,10:00,1217.702,1408.952,270.33,1,8,6.05,1,8,265.102,1,8,32439.6,1,8,574.745,1,8,29161.196,1,8,97.648,1,8,-9900,?,9,-9900,?,9,19.38,E,8,16.03,E,8,79.0,E,8,872.5394,E,8,999.0,E,8,0.63,E,8,-9900,?,9,-9900,?,9,0.0,E,8,-9900,?,9,-9900,?,9,0.0,0.0,E,8
12/08/2019,11:00,1351.787,1408.952,318.88,1,8,7.156,1,8,312.015,1,8,38265.6,1,8,679.802,1,8,34321.616,1,8,103.52,1,8,-9900,?,9,-9900,?,9,20.06,E,8,16.06,E,8,76.0,E,8,872.5394,E,8,999.0,E,8,1.05,E,8,-9900,?,9,-9900,?,9,0.0,E,8,-9900,?,9,-9900,?,9,0.0,0.0,E,8
12/08/2019,12:00,1407.179,1408.952,346.19,1,8,19.212,1,8,327.002,1,8,41542.8,1,8,1825.136,1,8,35970.246,1,8,104.219,1,8,-9900,?,9,-9900,?,9,20.62,E,8,16.09,E,8,74.0,E,8,872.5394,E,8,999.0,E,8,0.62,E,8,-9900,?,9,-9900,?,9,0.0,E,8,-9900,?,9,-9900,?,9,0.0,0.0,E,8
12/08/2019,13:00,1380.106,1408.952,350.27,1,8,19.484,1,8,331.186,1,8,42032.4,1,8,1850.945,1,8,36430.406,1,8,107.624,1,8,-9900,?,9,-9900,?,9,21.03,E,8,16.11,E,8,73.0,E,8,872.5394,E,8,999.0,E,8,0.62,E,8,-9900,?,9,-9900,?,9,0.0,E,8,-9900,?,9,-9900,?,9,0.0,0.0,E,8
12/08/2019,14:00,1272.423,1408.952,330.85,1,8,13.786,1,8,318.401,1,8,39702.0,1,8,1309.641,1,8,35024.108,1,8,112.232,1,8,-9900,?,9,-9900,?,9,21.28,E,8,16.13,E,8,72.0,E,8,872.5394,E,8,999.0,E,8,0.62,E,8,-9900,?,9,-9900,?,9,0.0,E,8,-9900,?,9,-9900,?,9,0.0,0.0,E,8
12/08/2019,15:00,1091.489,1408.952,289.3,1,8,13.063,1,8,279.182,1,8,34716.0,1,8,1240.981,1,8,30710.059,1,8,114.736,1,8,-9900,?,9,-9900,?,9,21.38,E,8,16.13,E,8,72.0,E,8,872.5394,E,8,999.0,E,8,0.62,E,8,-9900,?,9,-9900,?,9,0.0,E,8,-9900,?,9,-9900,?,9,0.0,0.0,E,8
12/08/2019,16:00,849.674,1408.952,228.71,1,8,6.909,1,8,224.546,1,8,27445.2,1,8,656.37,1,8,24700.01,1,8,118.583,1,8,-9900,?,9,-9900,?,9,21.29,E,8,16.13,E,8,72.0,E,8,872.5394,E,8,999.0,E,8,0.62,E,8,-9900,?,9,-9900,?,9,0.0,E,8,-9900,?,9,-9900,?,9,0.0,0.0,E,8
12/08/2019,17:00,563.582,1408.952,153.83,1,8,7.242,1,8,150.938,1,8,18459.6,1,8,687.966,1,8,16603.149,1,8,120.296,1,8,-9900,?,9,-9900,?,9,20.97,E,8,16.11,E,8,77.0,E,8,872.5394,E,8,999.0,E,8,0.62,E,8,-9900,?,9,-9900,?,9,0.001,E,8,-9900,?,9,-9900,?,9,0.01,99.0,E,8
12/08/2019,18:00,253.362,1408.952,72.0,1,8,17.385,1,8,68.9,1,8,8640.0,1,8,1651.596,1,8,7578.987,1,8,122.99,1,8,-9900,?,9,-9900,?,9,20.44,E,8,16.08,E,8,79.0,E,8,872.5394,E,8,999.0,E,8,0.62,E,8,-9900,?,9,-9900,?,9,0.045,E,8,-9900,?,9,-9900,?,9,0.45,99.0,E,8
12/08/2019,19:00,0.0,1408.952,4.54,1,8,0.0,1,8,0.0,1,8,544.8,1,8,0.0,1,8,0.0,1,8,-0.0,1,8,-9900,?,9,-9900,?,9,19.85,E,8,16.05,E,8,81.0,E,8,872.5394,E,8,999.0,E,8,0.62,E,8,-9900,?,9,-9900,?,9,0.003,E,8,-9900,?,9,-9900,?,9,0.03,99.0,E,8
12/08/2019,20:00,0.0,1408.952,0.0,1,8,0.0,1,8,0.0,1,8,0.0,1,8,0.0,1,8,0.0,1,8,-0.0,1,8,-9900,?,9,-9900,?,9,19.26,E,8,16.02,E,8,84.0,E,8,872.5394,E,8,999.0,E,8,0.62,E,8,-9900,?,9,-9900,?,9,0.001,E,8,-9900,?,9,-9900,?,9,0.01,99.0,E,8
12/08/2019,21:00,0.0,1408.952,0.0,1,8,0.0,1,8,0.0,1,8,0.0,1,8,0.0,1,8,0.0,1,8,-0.0,1,8,-9900,?,9,-9900,?,9,18.67,E,8,15.99,E,8,86.0,E,8,872.5394,E,8,999.0,E,8,0.62,E,8,-9900,?,9,-9900,?,9,0.008,E,8,-9900,?,9,-9900,?,9,0.08,99.0,E,8
12/08/2019,22:00,0.0,1408.952,0.0,1,8,0.0,1,8,0.0,1,8,0.0,1,8,0.0,1,8,0.0,1,8,-0.0,1,8,-9900,?,9,-9900,?,9,18.08,E,8,15.96,E,8,88.0,E,8,872.5394,E,8,999.0,E,8,0.62,E,8,-9900,?,9,-9900,?,9,0.005,E,8,-9900,?,9,-9900,?,9,0.05,99.0,E,8
12/08/2019,23:00,0.0,1408.952,0.0,1,8,0.0,1,8,0.0,1,8,0.0,1,8,0.0,1,8,0.0,1,8,-0.0,1,8,-9900,?,9,-9900,?,9,17.49,E,8,15.93,E,8,99.0,E,8,872.5394,E,8,999.0,E,8,0.62,E,8,-9900,?,9,-9900,?,9,0.8009999999999999,E,8,-9900,?,9,-9900,?,9,8.01,99.0,E,8
12/08/2019,24:00,0.0,1408.952,0.0,1,8,0.0,1,8,0.0,1,8,0.0,1,8,0.0,1,8,0.0,1,8,-0.0,1,8,-9900,?,9,-9900,?,9,16.9,E,8,15.61,E,8,92.0,E,8,872.5394,E,8,999.0,E,8,0.63,E,8,-9900,?,9,-9900,?,9,0.041999999999999996,E,8,-9900,?,9,-9900,?,9,0.42,99.0,E,8
12/09/2019,01:00,0.0,1408.952,0.0,1,8,0.0,1,8,0.0,1,8,0.0,1,8,0.0,1,8,0.0,1,8,-0.0,1,8,-9900,?,9,-9900,?,9,16.61,E,8,15.44,E,8,93.0,E,8,872.5394,E,8,999.0,E,8,0.63,E,8,-9900,?,9,-9900,?,9,0.08399999999999999,E,8,-9900,?,9,-9900,?,9,0.84,99.0,E,8
12/09/2019,02:00,0.0,1408.952,0.0,1,8,0.0,1,8,0.0,1,8,0.0,1,8,0.0,1,8,0.0,1,8,-0.0,1,8,-9900,?,9,-9900,?,9,16.31,E,8,15.27,E,8,94.0,E,8,872.5394,E,8,999.0,E,8,0.63,E,8,-9900,?,9,-9900,?,9,0.031,E,8,-9900,?,9,-9900,?,9,0.31,99.0,E,8
12/09/2019,03:00,0.0,1408.952,0.0,1,8,0.0,1,8,0.0,1,8,0.0,1,8,0.0,1,8,0.0,1,8,-0.0,1,8,-9900,?,9,-9900,?,9,16.02,E,8,15.1,E,8,90.0,E,8,872.5394,E,8,999.0,E,8,0.63,E,8,-9900,?,9,-9900,?,9,0.0,E,8,-9900,?,9,-9900,?,9,0.0,0.0,E,8
12/09/2019,04:00,0.0,1409.324,0.0,1,8,0.0,1,8,0.0,1,8,0.0,1,8,0.0,1,8,0.0,1,8,-0.0,1,8,-9900,?,9,-9900,?,9,15.72,E,8,14.93,E,8,91.0,E,8,872.5394,E,8,999.0,E,8,0.63,E,8,-9900,?,9,-9900,?,9,0.0,E,8,-9900,?,9,-9900,?,9,0.0,0.0,E,8
12/09/2019,05:00,0.0,1409.324,0.0,1,8,0.0,1,8,0.0,1,8,0.0,1,8,0.0,1,8,0.0,1,8,-0.0,1,8,-9900,?,9,-9900,?,9,15.46,E,8,14.77,E,8,91.0,E,8,872.5394,E,8,999.0,E,8,0.63,E,8,-9900,?,9,-9900,?,9,0.0,E,8,-9900,?,9,-9900,?,9,0.0,0.0,E,8
12/09/2019,06:00,143.464,1409.324,0.0,1,8,0.0,1,8,0.0,1,8,0.0,1,8,0.0,1,8,0.0,1,8,0.0,1,8,-9900,?,9,-9900,?,9,15.26,E,8,14.66,E,8,92.0,E,8,872.5394,E,8,999.0,E,8,0.63,E,8,-9900,?,9,-9900,?,9,0.0,E,8,-9900,?,9,-9900,?,9,0.0,0.0,E,8
12/09/2019,07:00,456.32,1409.324,54.2,1,8,0.0,1,8,54.2,1,8,6504.0,1,8,0.0,1,8,5962.0,1,8,53.415,1,8,-9900,?,9,-9900,?,9,15.07,E,8,14.54,E,8,96.0,E,8,872.5394,E,8,999.0,E,8,0.63,E,8,-9900,?,9,-9900,?,9,0.007000000000000001,E,8,-9900,?,9,-9900,?,9,0.07,99.0,E,8
12/09/2019,08:00,753.389,1409.324,133.72,1,8,0.0,1,8,133.72,1,8,16046.4,1,8,0.0,1,8,14709.2,1,8,79.681,1,8,-9900,?,9,-9900,?,9,17.32,E,8,15.84,E,8,91.0,E,8,872.5394,E,8,999.0,E,8,0.63,E,8,-9900,?,9,-9900,?,9,0.013000000000000001,E,8,-9900,?,9,-9900,?,9,0.13,99.0,E,8
12/09/2019,09:00,1012.856,1409.324,198.41,1,8,1.849,1,8,197.082,1,8,23809.2,1,8,175.649,1,8,21678.972,1,8,87.313,1,8,-9900,?,9,-9900,?,9,18.16,E,8,16.3,E,8,90.0,E,8,872.5394,E,8,999.0,E,8,0.63,E,8,-9900,?,9,-9900,?,9,0.001,E,8,-9900,?,9,-9900,?,9,0.01,99.0,E,8
12/09/2019,10:00,1216.846,1409.324,183.29,1,8,1.84,1,8,181.702,1,8,21994.8,1,8,174.779,1,8,19987.181,1,8,66.993,1,8,-9900,?,9,-9900,?,9,18.48,E,8,16.47,E,8,85.0,E,8,872.5394,E,8,999.0,E,8,0.63,E,8,-9900,?,9,-9900,?,9,0.0,E,8,-9900,?,9,-9900,?,9,0.0,0.0,E,8
12/09/2019,11:00,1351.411,1409.324,213.19,1,8,5.078,1,8,208.321,1,8,25582.8,1,8,482.439,1,8,22915.255,1,8,69.154,1,8,-9900,?,9,-9900,?,9,18.82,E,8,16.66,E,8,88.0,E,8,872.5394,E,8,999.0,E,8,0.63,E,8,-9900,?,9,-9900,?,9,0.01,E,8,-9900,?,9,-9900,?,9,0.1,99.0,E,8
12/09/2019,12:00,1407.372,1409.324,254.95,1,8,7.513,1,8,247.448,1,8,30594.0,1,8,713.69,1,8,27219.267,1,8,78.874,1,8,-9900,?,9,-9900,?,9,19.22,E,8,16.87,E,8,87.0,E,8,872.5394,E,8,999.0,E,8,0.63,E,8,-9900,?,9,-9900,?,9,0.018,E,8,-9900,?,9,-9900,?,9,0.18,99.0,E,8
12/09/2019,13:00,1380.916,1409.324,246.52,1,8,7.216,1,8,239.45,1,8,29582.4,1,8,685.504,1,8,26339.467,1,8,77.788,1,8,-9900,?,9,-9900,?,9,19.47,E,8,17.0,E,8,87.0,E,8,872.5394,E,8,999.0,E,8,0.63,E,8,-9900,?,9,-9900,?,9,0.005,E,8,-9900,?,9,-9900,?,9,0.05,99.0,E,8
12/09/2019,14:00,1273.856,1409.324,210.83,1,8,3.785,1,8,207.409,1,8,25299.6,1,8,359.528,1,8,22815.045,1,8,73.046,1,8,-9900,?,9,-9900,?,9,19.55,E,8,17.04,E,8,87.0,E,8,872.5394,E,8,999.0,E,8,0.63,E,8,-9900,?,9,-9900,?,9,0.057999999999999996,E,8,-9900,?,9,-9900,?,9,0.58,99.0,E,8
12/09/2019,15:00,1093.507,1409.324,199.5,1,8,3.005,1,8,197.169,1,8,23940.0,1,8,285.431,1,8,21688.612,1,8,80.903,1,8,-9900,?,9,-9900,?,9,19.58,E,8,17.05,E,8,87.0,E,8,872.5394,E,8,999.0,E,8,0.63,E,8,-9900,?,9,-9900,?,9,0.023,E,8,-9900,?,9,-9900,?,9,0.23,99.0,E,8
12/09/2019,16:00,852.199,1409.324,174.94,1,8,2.67,1,8,173.327,1,8,20992.8,1,8,253.617,1,8,19065.917,1,8,91.286,1,8,-9900,?,9,-9900,?,9,19.53,E,8,17.03,E,8,95.0,E,8,872.5394,E,8,999.0,E,8,0.63,E,8,-9900,?,9,-9900,?,9,1.8559999999999999,E,8,-9900,?,9,-9900,?,9,18.56,99.0,E,8
12/09/2019,17:00,566.5,1409.324,109.36,1,8,0.0,1,8,109.36,1,8,13123.2,1,8,0.0,1,8,12029.6,1,8,86.731,1,8,-9900,?,9,-9900,?,9,19.24,E,8,16.88,E,8,92.0,E,8,872.5394,E,8,999.0,E,8,0.63,E,8,-9900,?,9,-9900,?,9,0.146,E,8,-9900,?,9,-9900,?,9,1.46,99.0,E,8
12/09/2019,18:00,256.517,1409.324,51.5,1,8,0.0,1,8,51.5,1,8,6180.0,1,8,0.0,1,8,5665.0,1,8,90.806,1,8,-9900,?,9,-9900,?,9,18.81,E,8,16.65,E,8,88.0,E,8,872.5394,E,8,999.0,E,8,0.63,E,8,-9900,?,9,-9900,?,9,0.003,E,8,-9900,?,9,-9900,?,9,0.03,99.0,E,8
12/09/2019,19:00,0.0,1409.324,3.46,1,8,0.0,1,8,0.0,1,8,415.2,1,8,0.0,1,8,0.0,1,8,-0.0,1,8,-9900,?,9,-9900,?,9,18.42,E,8,16.44,E,8,85.0,E,8,872.5394,E,8,999.0,E,8,0.63,E,8,-9900,?,9,-9900,?,9,0.0,E,8,-9900,?,9,-9900,?,9,0.0,0.0,E,8
12/09/2019,20:00,0.0,1409.324,0.0,1,8,0.0,1,8,0.0,1,8,0.0,1,8,0.0,1,8,0.0,1,8,-0.0,1,8,-9900,?,9,-9900,?,9,18.03,E,8,16.23,E,8,86.0,E,8,872.5394,E,8,999.0,E,8,0.63,E,8,-9900,?,9,-9900,?,9,0.0,E,8,-9900,?,9,-9900,?,9,0.0,0.0,E,8
12/09/2019,21:00,0.0,1409.324,0.0,1,8,0.0,1,8,0.0,1,8,0.0,1,8,0.0,1,8,0.0,1,8,-0.0,1,8,-9900,?,9,-9900,?,9,17.64,E,8,16.02,E,8,91.0,E,8,872.5394,E,8,999.0,E,8,0.63,E,8,-9900,?,9,-9900,?,9,0.001,E,8,-9900,?,9,-9900,?,9,0.01,99.0,E,8
12/09/2019,22:00,0.0,1409.324,0.0,1,8,0.0,1,8,0.0,1,8,0.0,1,8,0.0,1,8,0.0,1,8,-0.0,1,8,-9900,?,9,-9900,?,9,17.25,E,8,15.8,E,8,92.0,E,8,872.5394,E,8,999.0,E,8,0.63,E,8,-9900,?,9,-9900,?,9,0.002,E,8,-9900,?,9,-9900,?,9,0.02,99.0,E,8
12/09/2019,23:00,0.0,1409.324,0.0,1,8,0.0,1,8,0.0,1,8,0.0,1,8,0.0,1,8,0.0,1,8,-0.0,1,8,-9900,?,9,-9900,?,9,16.87,E,8,15.59,E,8,88.0,E,8,872.5394,E,8,999.0,E,8,0.89,E,8,-9900,?,9,-9900,?,9,0.0,E,8,-9900,?,9,-9900,?,9,0.0,0.0,E,8
12/09/2019,24:00,0.0,1409.324,0.0,1,8,0.0,1,8,0.0,1,8,0.0,1,8,0.0,1,8,0.0,1,8,-0.0,1,8,-9900,?,9,-9900,?,9,16.48,E,8,15.0,E,8,91.0,E,8,872.5394,E,8,999.0,E,8,0.19,E,8,-9900,?,9,-9900,?,9,0.0,E,8,-9900,?,9,-9900,?,9,0.0,0.0,E,8
12/10/2019,01:00,0.0,1409.324,0.0,1,8,0.0,1,8,0.0,1,8,0.0,1,8,0.0,1,8,0.0,1,8,-0.0,1,8,-9900,?,9,-9900,?,9,16.29,E,8,15.04,E,8,92.0,E,8,872.5394,E,8,999.0,E,8,0.19,E,8,-9900,?,9,-9900,?,9,0.0,E,8,-9900,?,9,-9900,?,9,0.0,0.0,E,8
12/10/2019,02:00,0.0,1409.324,0.0,1,8,0.0,1,8,0.0,1,8,0.0,1,8,0.0,1,8,0.0,1,8,-0.0,1,8,-9900,?,9,-9900,?,9,16.09,E,8,15.08,E,8,93.0,E,8,872.5394,E,8,999.0,E,8,0.19,E,8,-9900,?,9,-9900,?,9,0.0,E,8,-9900,?,9,-9900,?,9,0.0,0.0,E,8
12/10/2019,03:00,0.0,1409.324,0.0,1,8,0.0,1,8,0.0,1,8,0.0,1,8,0.0,1,8,0.0,1,8,-0.0,1,8,-9900,?,9,-9900,?,9,15.9,E,8,15.12,E,8,95.0,E,8,872.5394,E,8,999.0,E,8,0.19,E,8,-9900,?,9,-9900,?,9,0.0,E,8,-9900,?,9,-9900,?,9,0.0,0.0,E,8
12/10/2019,04:00,0.0,1409.682,0.0,1,8,0.0,1,8,0.0,1,8,0.0,1,8,0.0,1,8,0.0,1,8,-0.0,1,8,-9900,?,9,-9900,?,9,15.7,E,8,15.16,E,8,96.0,E,8,872.5394,E,8,999.0,E,8,0.19,E,8,-9900,?,9,-9900,?,9,0.0,E,8,-9900,?,9,-9900,?,9,0.0,0.0,E,8
12/10/2019,05:00,0.0,1409.682,0.0,1,8,0.0,1,8,0.0,1,8,0.0,1,8,0.0,1,8,0.0,1,8,-0.0,1,8,-9900,?,9,-9900,?,9,15.53,E,8,15.19,E,8,97.0,E,8,872.5394,E,8,999.0,E,8,0.19,E,8,-9900,?,9,-9900,?,9,0.0,E,8,-9900,?,9,-9900,?,9,0.0,0.0,E,8
12/10/2019,06:00,142.017,1409.682,0.0,1,8,0.0,1,8,0.0,1,8,0.0,1,8,0.0,1,8,0.0,1,8,0.0,1,8,-9900,?,9,-9900,?,9,15.4,E,8,15.22,E,8,98.0,E,8,872.5394,E,8,999.0,E,8,0.19,E,8,-9900,?,9,-9900,?,9,0.0,E,8,-9900,?,9,-9900,?,9,0.0,0.0,E,8
12/10/2019,07:00,454.749,1409.682,80.92,1,8,0.0,1,8,80.92,1,8,9710.4,1,8,0.0,1,8,8901.2,1,8,80.046,1,8,-9900,?,9,-9900,?,9,15.28,E,8,15.24,E,8,99.0,E,8,872.5394,E,8,999.0,E,8,0.19,E,8,-9900,?,9,-9900,?,9,0.0,E,8,-9900,?,9,-9900,?,9,0.0,0.0,E,8
12/10/2019,08:00,751.885,1409.682,230.76,1,8,19.887,1,8,220.161,1,8,27691.2,1,8,1889.237,1,8,24217.688,1,8,131.486,1,8,-9900,?,9,-9900,?,9,17.66,E,8,14.76,E,8,83.0,E,8,872.5394,E,8,999.0,E,8,0.19,E,8,-9900,?,9,-9900,?,9,0.0,E,8,-9900,?,9,-9900,?,9,0.0,0.0,E,8
12/10/2019,09:00,1011.58,1409.682,375.58,1,8,65.225,1,8,328.788,1,8,45069.6,1,8,6196.415,1,8,36166.628,1,8,145.884,1,8,-9900,?,9,-9900,?,9,18.79,E,8,14.53,E,8,76.0,E,8,872.5394,E,8,999.0,E,8,0.19,E,8,-9900,?,9,-9900,?,9,0.0,E,8,-9900,?,9,-9900,?,9,0.0,0.0,E,8
12/10/2019,10:00,1215.945,1409.682,498.1,1,8,96.254,1,8,415.083,1,8,59772.0,1,8,9144.112,1,8,45659.134,1,8,153.192,1,8,-9900,?,9,-9900,?,9,19.82,E,8,14.31,E,8,70.0,E,8,872.5394,E,8,999.0,E,8,0.19,E,8,-9900,?,9,-9900,?,9,0.0,E,8,-9900,?,9,-9900,?,9,0.0,0.0,E,8
12/10/2019,11:00,1351.006,1409.682,588.23,1,8,54.899,1,8,535.618,1,8,70587.6,1,8,5215.386,1,8,58917.943,1,8,177.902,1,8,-9900,?,9,-9900,?,9,20.71,E,8,14.12,E,8,65.0,E,8,872.5394,E,8,999.0,E,8,0.96,E,8,-9900,?,9,-9900,?,9,0.0,E,8,-9900,?,9,-9900,?,9,0.0,0.0,E,8
12/10/2019,12:00,1407.546,1409.682,639.23,1,8,62.609,1,8,576.716,1,8,76707.6,1,8,5947.862,1,8,63438.741,1,8,183.853,1,8,-9900,?,9,-9900,?,9,21.44,E,8,13.97,E,8,62.0,E,8,872.5394,E,8,999.0,E,8,1.19,E,8,-9900,?,9,-9900,?,9,0.0,E,8,-9900,?,9,-9900,?,9,0.0,0.0,E,8
12/10/2019,13:00,1381.716,1409.682,647.41,1,8,72.349,1,8,576.497,1,8,77689.2,1,8,6873.152,1,8,63414.688,1,8,187.221,1,8,-9900,?,9,-9900,?,9,21.97,E,8,13.85,E,8,59.0,E,8,872.5394,E,8,999.0,E,8,1.91,E,8,-9900,?,9,-9900,?,9,0.0,E,8,-9900,?,9,-9900,?,9,0.0,0.0,E,8
12/10/2019,14:00,1275.284,1409.682,612.19,1,8,174.519,1,8,454.32,1,8,73462.8,1,8,16579.306,1,8,49975.179,1,8,159.865,1,8,-9900,?,9,-9900,?,9,22.31,E,8,13.78,E,8,58.0,E,8,872.5394,E,8,999.0,E,8,2.34,E,8,-9900,?,9,-9900,?,9,0.0,E,8,-9900,?,9,-9900,?,9,0.0,0.0,E,8
12/10/2019,15:00,1095.521,1409.682,536.1,1,8,215.617,1,8,368.567,1,8,64332.0,1,8,20483.654,1,8,40542.403,1,8,150.991,1,8,-9900,?,9,-9900,?,9,22.44,E,8,13.75,E,8,57.0,E,8,872.5394,E,8,999.0,E,8,2.01,E,8,-9900,?,9,-9900,?,9,0.0,E,8,-9900,?,9,-9900,?,9,0.0,0.0,E,8
12/10/2019,16:00,854.717,1409.682,424.76,1,8,180.913,1,8,315.124,1,8,50971.2,1,8,17186.721,1,8,34663.682,1,8,165.52,1,8,-9900,?,9,-9900,?,9,22.33,E,8,13.77,E,8,58.0,E,8,872.5394,E,8,999.0,E,8,1.43,E,8,-9900,?,9,-9900,?,9,0.0,E,8,-9900,?,9,-9900,?,9,0.0,0.0,E,8
12/10/2019,17:00,569.403,1409.682,286.89,1,8,267.841,1,8,178.865,1,8,34426.8,1,8,25444.85,1,8,19675.105,1,8,141.164,1,8,-9900,?,9,-9900,?,9,21.91,E,8,13.87,E,8,60.0,E,8,872.5394,E,8,999.0,E,8,1.31,E,8,-9900,?,9,-9900,?,9,0.0,E,8,-9900,?,9,-9900,?,9,0.0,0.0,E,8
12/10/2019,18:00,259.646,1409.682,135.9,1,8,382.14,1,8,66.076,1,8,16308.0,1,8,36303.255,1,8,7268.355,1,8,115.109,1,8,-9900,?,9,-9900,?,9,21.23,E,8,14.01,E,8,63.0,E,8,872.5394,E,8,999.0,E,8,1.29,E,8,-9900,?,9,-9900,?,9,0.0,E,8,-9900,?,9,-9900,?,9,0.0,0.0,E,8
12/10/2019,19:00,0.0,1409.682,9.72,1,8,0.0,1,8,0.0,1,8,1166.4,1,8,0.0,1,8,0.0,1,8,-0.0,1,8,-9900,?,9,-9900,?,9,20.21,E,8,14.23,E,8,68.0,E,8,872.5394,E,8,999.0,E,8,0.24,E,8,-9900,?,9,-9900,?,9,0.0,E,8,-9900,?,9,-9900,?,9,0.0,0.0,E,8
12/10/2019,20:00,0.0,1409.682,0.0,1,8,0.0,1,8,0.0,1,8,0.0,1,8,0.0,1,8,0.0,1,8,-0.0,1,8,-9900,?,9,-9900,?,9,19.19,E,8,14.44,E,8,73.0,E,8,872.5394,E,8,999.0,E,8,0.19,E,8,-9900,?,9,-9900,?,9,0.0,E,8,-9900,?,9,-9900,?,9,0.0,0.0,E,8
12/10/2019,21:00,0.0,1409.682,0.0,1,8,0.0,1,8,0.0,1,8,0.0,1,8,0.0,1,8,0.0,1,8,-0.0,1,8,-9900,?,9,-9900,?,9,18.16,E,8,14.66,E,8,80.0,E,8,872.5394,E,8,999.0,E,8,0.19,E,8,-9900,?,9,-9900,?,9,0.0,E,8,-9900,?,9,-9900,?,9,0.0,0.0,E,8
12/10/2019,22:00,0.0,1409.682,0.0,1,8,0.0,1,8,0.0,1,8,0.0,1,8,0.0,1,8,0.0,1,8,-0.0,1,8,-9900,?,9,-9900,?,9,17.14,E,8,14.87,E,8,86.0,E,8,872.5394,E,8,999.0,E,8,0.19,E,8,-9900,?,9,-9900,?,9,0.0,E,8,-9900,?,9,-9900,?,9,0.0,0.0,E,8
12/10/2019,23:00,0.0,1409.682,0.0,1,8,0.0,1,8,0.0,1,8,0.0,1,8,0.0,1,8,0.0,1,8,-0.0,1,8,-9900,?,9,-9900,?,9,16.11,E,8,15.08,E,8,93.0,E,8,872.5394,E,8,999.0,E,8,0.19,E,8,-9900,?,9,-9900,?,9,0.0,E,8,-9900,?,9,-9900,?,9,0.0,0.0,E,8
12/10/2019,24:00,0.0,1409.682,0.0,1,8,0.0,1,8,0.0,1,8,0.0,1,8,0.0,1,8,0.0,1,8,-0.0,1,8,-9900,?,9,-9900,?,9,15.09,E,8,10.38,E,8,73.0,E,8,872.5394,E,8,999.0,E,8,0.2,E,8,-9900,?,9,-9900,?,9,0.0,E,8,-9900,?,9,-9900,?,9,0.0,0.0,E,8
12/11/2019,01:00,0.0,1409.682,0.0,1,8,0.0,1,8,0.0,1,8,0.0,1,8,0.0,1,8,0.0,1,8,-0.0,1,8,-9900,?,9,-9900,?,9,14.57,E,8,10.34,E,8,75.0,E,8,872.5394,E,8,999.0,E,8,0.2,E,8,-9900,?,9,-9900,?,9,0.0,E,8,-9900,?,9,-9900,?,9,0.0,0.0,E,8
12/11/2019,02:00,0.0,1409.682,0.0,1,8,0.0,1,8,0.0,1,8,0.0,1,8,0.0,1,8,0.0,1,8,-0.0,1,8,-9900,?,9,-9900,?,9,14.06,E,8,10.3,E,8,78.0,E,8,872.5394,E,8,999.0,E,8,0.2,E,8,-9900,?,9,-9900,?,9,0.0,E,8,-9900,?,9,-9900,?,9,0.0,0.0,E,8
12/11/2019,03:00,0.0,1409.682,0.0,1,8,0.0,1,8,0.0,1,8,0.0,1,8,0.0,1,8,0.0,1,8,-0.0,1,8,-9900,?,9,-9900,?,9,13.55,E,8,10.26,E,8,80.0,E,8,872.5394,E,8,999.0,E,8,0.2,E,8,-9900,?,9,-9900,?,9,0.0,E,8,-9900,?,9,-9900,?,9,0.0,0.0,E,8
12/11/2019,04:00,0.0,1410.027,0.0,1,8,0.0,1,8,0.0,1,8,0.0,1,8,0.0,1,8,0.0,1,8,-0.0,1,8,-9900,?,9,-9900,?,9,13.04,E,8,10.22,E,8,83.0,E,8,872.5394,E,8,999.0,E,8,0.2,E,8,-9900,?,9,-9900,?,9,0.0,E,8,-9900,?,9,-9900,?,9,0.0,0.0,E,8
12/11/2019,05:00,0.0,1410.027,0.0,1,8,0.0,1,8,0.0,1,8,0.0,1,8,0.0,1,8,0.0,1,8,-0.0,1,8,-9900,?,9,-9900,?,9,12.58,E,8,10.19,E,8,85.0,E,8,872.5394,E,8,999.0,E,8,0.2,E,8,-9900,?,9,-9900,?,9,0.0,E,8,-9900,?,9,-9900,?,9,0.0,0.0,E,8
12/11/2019,06:00,140.472,1410.027,0.0,1,8,0.0,1,8,0.0,1,8,0.0,1,8,0.0,1,8,0.0,1,8,0.0,1,8,-9900,?,9,-9900,?,9,12.25,E,8,10.16,E,8,87.0,E,8,872.5394,E,8,999.0,E,8,0.2,E,8,-9900,?,9,-9900,?,9,0.0,E,8,-9900,?,9,-9900,?,9,0.0,0.0,E,8
12/11/2019,07:00,453.091,1410.027,85.72,1,8,0.0,1,8,85.72,1,8,10286.4,1,8,0.0,1,8,9429.2,1,8,85.127,1,8,-9900,?,9,-9900,?,9,11.91,E,8,10.13,E,8,88.0,E,8,872.5394,E,8,999.0,E,8,0.2,E,8,-9900,?,9,-9900,?,9,0.0,E,8,-9900,?,9,-9900,?,9,0.0,0.0,E,8
12/11/2019,08:00,750.307,1410.027,245.82,1,8,28.609,1,8,230.608,1,8,29498.4,1,8,2717.887,1,8,25366.837,1,8,138.049,1,8,-9900,?,9,-9900,?,9,14.74,E,8,10.35,E,8,74.0,E,8,872.5394,E,8,999.0,E,8,0.2,E,8,-9900,?,9,-9900,?,9,0.0,E,8,-9900,?,9,-9900,?,9,0.0,0.0,E,8
12/11/2019,09:00,1010.247,1410.027,400.72,1,8,55.826,1,8,360.733,1,8,48086.4,1,8,5303.439,1,8,39680.684,1,8,160.309,1,8,-9900,?,9,-9900,?,9,16.08,E,8,10.46,E,8,69.0,E,8,872.5394,E,8,999.0,E,8,0.2,E,8,-9900,?,9,-9900,?,9,0.0,E,8,-9900,?,9,-9900,?,9,0.0,0.0,E,8
12/11/2019,10:00,1215.002,1410.027,531.88,1,8,83.451,1,8,459.979,1,8,63825.6,1,8,7927.841,1,8,50597.655,1,8,169.935,1,8,-9900,?,9,-9900,?,9,17.3,E,8,10.55,E,8,64.0,E,8,872.5394,E,8,999.0,E,8,0.35,E,8,-9900,?,9,-9900,?,9,0.0,E,8,-9900,?,9,-9900,?,9,0.0,0.0,E,8
12/11/2019,11:00,1350.571,1410.027,628.49,1,8,6.235,1,8,622.518,1,8,75418.8,1,8,592.358,1,8,68476.951,1,8,206.882,1,8,-9900,?,9,-9900,?,9,18.37,E,8,10.64,E,8,60.0,E,8,872.5394,E,8,999.0,E,8,1.18,E,8,-9900,?,9,-9900,?,9,0.0,E,8,-9900,?,9,-9900,?,9,0.0,0.0,E,8
12/11/2019,12:00,1407.703,1410.027,683.33,1,8,7.132,1,8,676.209,1,8,81999.6,1,8,677.569,1,8,74383.04,1,8,215.6,1,8,-9900,?,9,-9900,?,9,19.24,E,8,10.7,E,8,57.0,E,8,872.5394,E,8,999.0,E,8,1.83,E,8,-9900,?,9,-9900,?,9,0.0,E,8,-9900,?,9,-9900,?,9,0.0,0.0,E,8
12/11/2019,13:00,1382.506,1410.027,692.43,1,8,8.246,1,8,684.345,1,8,83091.6,1,8,783.379,1,8,75277.944,1,8,222.173,1,8,-9900,?,9,-9900,?,9,19.88,E,8,10.75,E,8,55.0,E,8,872.5394,E,8,999.0,E,8,1.99,E,8,-9900,?,9,-9900,?,9,0.0,E,8,-9900,?,9,-9900,?,9,0.0,0.0,E,8
12/11/2019,14:00,1276.706,1410.027,655.13,1,8,151.995,1,8,517.515,1,8,78615.6,1,8,14439.549,1,8,56926.659,1,8,181.944,1,8,-9900,?,9,-9900,?,9,20.28,E,8,10.78,E,8,54.0,E,8,872.5394,E,8,999.0,E,8,2.54,E,8,-9900,?,9,-9900,?,9,0.0,E,8,-9900,?,9,-9900,?,9,0.0,0.0,E,8
12/11/2019,15:00,1097.529,1410.027,574.13,1,8,186.561,1,8,428.943,1,8,68895.6,1,8,17723.289,1,8,47183.774,1,8,175.446,1,8,-9900,?,9,-9900,?,9,20.44,E,8,10.79,E,8,53.0,E,8,872.5394,E,8,999.0,E,8,2.1,E,8,-9900,?,9,-9900,?,9,0.0,E,8,-9900,?,9,-9900,?,9,0.0,0.0,E,8
12/11/2019,16:00,857.226,1410.027,455.39,1,8,203.211,1,8,331.91,1,8,54646.8,1,8,19305.008,1,8,36510.079,1,8,173.868,1,8,-9900,?,9,-9900,?,9,20.31,E,8,10.78,E,8,54.0,E,8,872.5394,E,8,999.0,E,8,1.25,E,8,-9900,?,9,-9900,?,9,0.0,E,8,-9900,?,9,-9900,?,9,0.0,0.0,E,8
12/11/2019,17:00,572.29,1410.027,308.21,1,8,339.721,1,8,170.531,1,8,36985.2,1,8,32273.468,1,8,18758.357,1,8,133.938,1,8,-9900,?,9,-9900,?,9,19.82,E,8,10.75,E,8,55.0,E,8,872.5394,E,8,999.0,E,8,0.84,E,8,-9900,?,9,-9900,?,9,0.0,E,8,-9900,?,9,-9900,?,9,0.0,0.0,E,8
12/11/2019,18:00,262.75,1410.027,146.84,1,8,487.4,1,8,56.724,1,8,17620.8,1,8,46303.028,1,8,6239.634,1,8,97.656,1,8,-9900,?,9,-9900,?,9,19.02,E,8,10.69,E,8,58.0,E,8,872.5394,E,8,999.0,E,8,0.36,E,8,-9900,?,9,-9900,?,9,0.0,E,8,-9900,?,9,-9900,?,9,0.0,0.0,E,8
12/11/2019,19:00,0.0,1410.027,11.14,1,8,0.0,1,8,0.0,1,8,1336.8,1,8,0.0,1,8,0.0,1,8,-0.0,1,8,-9900,?,9,-9900,?,9,18.21,E,8,10.62,E,8,61.0,E,8,872.5394,E,8,999.0,E,8,0.2,E,8,-9900,?,9,-9900,?,9,0.0,E,8,-9900,?,9,-9900,?,9,0.0,0.0,E,8
12/11/2019,20:00,0.0,1410.027,0.0,1,8,0.0,1,8,0.0,1,8,0.0,1,8,0.0,1,8,0.0,1,8,-0.0,1,8,-9900,?,9,-9900,?,9,17.4,E,8,10.56,E,8,64.0,E,8,872.5394,E,8,999.0,E,8,0.2,E,8,-9900,?,9,-9900,?,9,0.0,E,8,-9900,?,9,-9900,?,9,0.0,0.0,E,8
12/11/2019,21:00,0.0,1410.027,0.0,1,8,0.0,1,8,0.0,1,8,0.0,1,8,0.0,1,8,0.0,1,8,-0.0,1,8,-9900,?,9,-9900,?,9,16.6,E,8,10.5,E,8,67.0,E,8,872.5394,E,8,999.0,E,8,0.2,E,8,-9900,?,9,-9900,?,9,0.0,E,8,-9900,?,9,-9900,?,9,0.0,0.0,E,8
12/11/2019,22:00,0.0,1410.027,0.0,1,8,0.0,1,8,0.0,1,8,0.0,1,8,0.0,1,8,0.0,1,8,-0.0,1,8,-9900,?,9,-9900,?,9,15.79,E,8,10.44,E,8,70.0,E,8,872.5394,E,8,999.0,E,8,0.2,E,8,-9900,?,9,-9900,?,9,0.0,E,8,-9900,?,9,-9900,?,9,0.0,0.0,E,8
12/11/2019,23:00,0.0,1410.027,0.0,1,8,0.0,1,8,0.0,1,8,0.0,1,8,0.0,1,8,0.0,1,8,-0.0,1,8,-9900,?,9,-9900,?,9,14.98,E,8,10.37,E,8,73.0,E,8,872.5394,E,8,999.0,E,8,0.2,E,8,-9900,?,9,-9900,?,9,0.0,E,8,-9900,?,9,-9900,?,9,0.0,0.0,E,8
12/11/2019,24:00,0.0,1410.027,0.0,1,8,0.0,1,8,0.0,1,8,0.0,1,8,0.0,1,8,0.0,1,8,-0.0,1,8,-9900,?,9,-9900,?,9,14.17,E,8,11.67,E,8,84.0,E,8,872.5394,E,8,999.0,E,8,0.34,E,8,-9900,?,9,-9900,?,9,0.0,E,8,-9900,?,9,-9900,?,9,0.0,0.0,E,8
12/12/2019,01:00,0.0,1410.027,0.0,1,8,0.0,1,8,0.0,1,8,0.0,1,8,0.0,1,8,0.0,1,8,-0.0,1,8,-9900,?,9,-9900,?,9,13.77,E,8,11.57,E,8,86.0,E,8,872.5394,E,8,999.0,E,8,0.34,E,8,-9900,?,9,-9900,?,9,0.0,E,8,-9900,?,9,-9900,?,9,0.0,0.0,E,8
12/12/2019,02:00,0.0,1410.027,0.0,1,8,0.0,1,8,0.0,1,8,0.0,1,8,0.0,1,8,0.0,1,8,-0.0,1,8,-9900,?,9,-9900,?,9,13.37,E,8,11.48,E,8,88.0,E,8,872.5394,E,8,999.0,E,8,0.34,E,8,-9900,?,9,-9900,?,9,0.0,E,8,-9900,?,9,-9900,?,9,0.0,0.0,E,8
12/12/2019,03:00,0.0,1410.027,0.0,1,8,0.0,1,8,0.0,1,8,0.0,1,8,0.0,1,8,0.0,1,8,-0.0,1,8,-9900,?,9,-9900,?,9,12.96,E,8,11.38,E,8,90.0,E,8,872.5394,E,8,999.0,E,8,0.34,E,8,-9900,?,9,-9900,?,9,0.0,E,8,-9900,?,9,-9900,?,9,0.0,0.0,E,8
12/12/2019,04:00,0.0,1410.358,0.0,1,8,0.0,1,8,0.0,1,8,0.0,1,8,0.0,1,8,0.0,1,8,-0.0,1,8,-9900,?,9,-9900,?,9,12.56,E,8,11.29,E,8,91.0,E,8,872.5394,E,8,999.0,E,8,0.34,E,8,-9900,?,9,-9900,?,9,0.0,E,8,-9900,?,9,-9900,?,9,0.0,0.0,E,8
12/12/2019,05:00,0.0,1410.358,0.0,1,8,0.0,1,8,0.0,1,8,0.0,1,8,0.0,1,8,0.0,1,8,-0.0,1,8,-9900,?,9,-9900,?,9,12.2,E,8,11.2,E,8,93.0,E,8,872.5394,E,8,999.0,E,8,0.34,E,8,-9900,?,9,-9900,?,9,0.0,E,8,-9900,?,9,-9900,?,9,0.0,0.0,E,8
12/12/2019,06:00,138.831,1410.358,0.0,1,8,0.0,1,8,0.0,1,8,0.0,1,8,0.0,1,8,0.0,1,8,0.0,1,8,-9900,?,9,-9900,?,9,11.93,E,8,11.14,E,8,94.0,E,8,872.5394,E,8,999.0,E,8,0.34,E,8,-9900,?,9,-9900,?,9,0.0,E,8,-9900,?,9,-9900,?,9,0.0,0.0,E,8
12/12/2019,07:00,451.348,1410.358,65.64,1,8,0.0,1,8,65.64,1,8,7876.8,1,8,0.0,1,8,7220.4,1,8,65.454,1,8,-9900,?,9,-9900,?,9,11.67,E,8,11.08,E,8,96.0,E,8,872.5394,E,8,999.0,E,8,0.34,E,8,-9900,?,9,-9900,?,9,0.0,E,8,-9900,?,9,-9900,?,9,0.0,0.0,E,8
12/12/2019,08:00,748.659,1410.358,189.33,1,8,7.37,1,8,185.421,1,8,22719.6,1,8,700.161,1,8,20396.271,1,8,111.27,1,8,-9900,?,9,-9900,?,9,14.76,E,8,11.8,E,8,82.0,E,8,872.5394,E,8,999.0,E,8,0.34,E,8,-9900,?,9,-9900,?,9,0.0,E,8,-9900,?,9,-9900,?,9,0.0,0.0,E,8
12/12/2019,09:00,1008.859,1410.358,309.16,1,8,11.359,1,8,301.037,1,8,37099.2,1,8,1079.073,1,8,33114.09,1,8,133.996,1,8,-9900,?,9,-9900,?,9,16.23,E,8,12.14,E,8,76.0,E,8,872.5394,E,8,999.0,E,8,0.34,E,8,-9900,?,9,-9900,?,9,0.0,E,8,-9900,?,9,-9900,?,9,0.0,0.0,E,8
12/12/2019,10:00,1214.019,1410.358,410.71,1,8,18.977,1,8,394.377,1,8,49285.2,1,8,1802.79,1,8,43381.441,1,8,145.851,1,8,-9900,?,9,-9900,?,9,17.58,E,8,12.44,E,8,71.0,E,8,872.5394,E,8,999.0,E,8,0.34,E,8,-9900,?,9,-9900,?,9,0.0,E,8,-9900,?,9,-9900,?,9,0.0,0.0,E,8
12/12/2019,11:00,1350.109,1410.358,496.9,1,8,37.717,1,8,460.795,1,8,59628.0,1,8,3583.129,1,8,50687.457,1,8,153.225,1,8,-9900,?,9,-9900,?,9,18.81,E,8,12.71,E,8,67.0,E,8,872.5394,E,8,999.0,E,8,0.43,E,8,-9900,?,9,-9900,?,9,0.0,E,8,-9900,?,9,-9900,?,9,0.0,0.0,E,8
12/12/2019,12:00,1407.843,1410.358,315.09,1,8,8.891,1,8,306.214,1,8,37810.8,1,8,844.689,1,8,33683.584,1,8,97.645,1,8,-9900,?,9,-9900,?,9,18.89,E,8,12.73,E,8,67.0,E,8,872.5394,E,8,999.0,E,8,0.54,E,8,-9900,?,9,-9900,?,9,0.0,E,8,-9900,?,9,-9900,?,9,0.0,0.0,E,8
12/12/2019,13:00,1383.287,1410.358,750.55,1,8,224.518,1,8,530.344,1,8,90066.0,1,8,21329.215,1,8,58337.838,1,8,172.119,1,8,-9900,?,9,-9900,?,9,20.46,E,8,13.07,E,8,62.0,E,8,872.5394,E,8,999.0,E,8,1.47,E,8,-9900,?,9,-9900,?,9,0.0,E,8,-9900,?,9,-9900,?,9,0.0,0.0,E,8
12/12/2019,14:00,1278.122,1410.358,696.18,1,8,208.043,1,8,507.656,1,8,83541.6,1,8,19764.056,1,8,55842.109,1,8,178.322,1,8,-9900,?,9,-9900,?,9,21.47,E,8,13.28,E,8,59.0,E,8,872.5394,E,8,999.0,E,8,2.53,E,8,-9900,?,9,-9900,?,9,0.0,E,8,-9900,?,9,-9900,?,9,0.0,0.0,E,8
12/12/2019,15:00,1099.532,1410.358,444.65,1,8,88.108,1,8,375.973,1,8,53358.0,1,8,8370.254,1,8,41357.033,1,8,153.536,1,8,-9900,?,9,-9900,?,9,21.58,E,8,13.31,E,8,59.0,E,8,872.5394,E,8,999.0,E,8,2.62,E,8,-9900,?,9,-9900,?,9,0.0,E,8,-9900,?,9,-9900,?,9,0.0,0.0,E,8
12/12/2019,16:00,859.725,1410.358,353.07,1,8,88.953,1,8,298.873,1,8,42368.4,1,8,8450.524,1,8,32876.037,1,8,156.143,1,8,-9900,?,9,-9900,?,9,21.35,E,8,13.26,E,8,59.0,E,8,872.5394,E,8,999.0,E,8,1.4,E,8,-9900,?,9,-9900,?,9,0.0,E,8,-9900,?,9,-9900,?,9,0.0,0.0,E,8
12/12/2019,17:00,575.159,1410.358,158.47,1,8,11.179,1,8,153.918,1,8,19016.4,1,8,1062.016,1,8,16930.946,1,8,120.314,1,8,-9900,?,9,-9900,?,9,20.43,E,8,13.06,E,8,62.0,E,8,872.5394,E,8,999.0,E,8,0.75,E,8,-9900,?,9,-9900,?,9,0.0,E,8,-9900,?,9,-9900,?,9,0.0,0.0,E,8
12/12/2019,18:00,265.824,1410.358,114.73,1,8,232.793,1,8,71.187,1,8,13767.6,1,8,22115.375,1,8,7830.624,1,8,121.147,1,8,-9900,?,9,-9900,?,9,19.52,E,8,12.87,E,8,65.0,E,8,872.5394,E,8,999.0,E,8,0.34,E,8,-9900,?,9,-9900,?,9,0.0,E,8,-9900,?,9,-9900,?,9,0.0,0.0,E,8
12/12/2019,19:00,0.0,1410.358,9.2,1,8,0.0,1,8,0.0,1,8,1104.0,1,8,0.0,1,8,0.0,1,8,-0.0,1,8,-9900,?,9,-9900,?,9,18.69,E,8,12.69,E,8,68.0,E,8,872.5394,E,8,999.0,E,8,0.34,E,8,-9900,?,9,-9900,?,9,0.0,E,8,-9900,?,9,-9900,?,9,0.0,0.0,E,8
12/12/2019,20:00,0.0,1410.358,0.0,1,8,0.0,1,8,0.0,1,8,0.0,1,8,0.0,1,8,0.0,1,8,-0.0,1,8,-9900,?,9,-9900,?,9,17.86,E,8,12.5,E,8,70.0,E,8,872.5394,E,8,999.0,E,8,0.34,E,8,-9900,?,9,-9900,?,9,0.0,E,8,-9900,?,9,-9900,?,9,0.0,0.0,E,8
12/12/2019,21:00,0.0,1410.358,0.0,1,8,0.0,1,8,0.0,1,8,0.0,1,8,0.0,1,8,0.0,1,8,-0.0,1,8,-9900,?,9,-9900,?,9,17.03,E,8,12.32,E,8,73.0,E,8,872.5394,E,8,999.0,E,8,0.34,E,8,-9900,?,9,-9900,?,9,0.0,E,8,-9900,?,9,-9900,?,9,0.0,0.0,E,8
12/12/2019,22:00,0.0,1410.358,0.0,1,8,0.0,1,8,0.0,1,8,0.0,1,8,0.0,1,8,0.0,1,8,-0.0,1,8,-9900,?,9,-9900,?,9,16.2,E,8,12.13,E,8,76.0,E,8,872.5394,E,8,999.0,E,8,0.34,E,8,-9900,?,9,-9900,?,9,0.0,E,8,-9900,?,9,-9900,?,9,0.0,0.0,E,8
12/12/2019,23:00,0.0,1410.358,0.0,1,8,0.0,1,8,0.0,1,8,0.0,1,8,0.0,1,8,0.0,1,8,-0.0,1,8,-9900,?,9,-9900,?,9,15.37,E,8,11.94,E,8,80.0,E,8,872.5394,E,8,999.0,E,8,0.34,E,8,-9900,?,9,-9900,?,9,0.0,E,8,-9900,?,9,-9900,?,9,0.0,0.0,E,8
12/12/2019,24:00,0.0,1410.358,0.0,1,8,0.0,1,8,0.0,1,8,0.0,1,8,0.0,1,8,0.0,1,8,-0.0,1,8,-9900,?,9,-9900,?,9,14.54,E,8,12.86,E,8,89.0,E,8,872.5394,E,8,999.0,E,8,0.59,E,8,-9900,?,9,-9900,?,9,0.0,E,8,-9900,?,9,-9900,?,9,0.0,0.0,E,8
12/13/2019,01:00,0.0,1410.358,0.0,1,8,0.0,1,8,0.0,1,8,0.0,1,8,0.0,1,8,0.0,1,8,-0.0,1,8,-9900,?,9,-9900,?,9,14.13,E,8,12.72,E,8,91.0,E,8,872.5394,E,8,999.0,E,8,0.59,E,8,-9900,?,9,-9900,?,9,0.0,E,8,-9900,?,9,-9900,?,9,0.0,0.0,E,8
12/13/2019,02:00,0.0,1410.358,0.0,1,8,0.0,1,8,0.0,1,8,0.0,1,8,0.0,1,8,0.0,1,8,-0.0,1,8,-9900,?,9,-9900,?,9,13.72,E,8,12.57,E,8,92.0,E,8,872.5394,E,8,999.0,E,8,0.59,E,8,-9900,?,9,-9900,?,9,0.0,E,8,-9900,?,9,-9900,?,9,0.0,0.0,E,8
12/13/2019,03:00,0.0,1410.358,0.0,1,8,0.0,1,8,0.0,1,8,0.0,1,8,0.0,1,8,0.0,1,8,-0.0,1,8,-9900,?,9,-9900,?,9,13.3,E,8,12.42,E,8,94.0,E,8,872.5394,E,8,999.0,E,8,0.59,E,8,-9900,?,9,-9900,?,9,0.0,E,8,-9900,?,9,-9900,?,9,0.0,0.0,E,8
12/13/2019,04:00,0.0,1410.675,0.0,1,8,0.0,1,8,0.0,1,8,0.0,1,8,0.0,1,8,0.0,1,8,-0.0,1,8,-9900,?,9,-9900,?,9,12.89,E,8,12.28,E,8,96.0,E,8,872.5394,E,8,999.0,E,8,0.59,E,8,-9900,?,9,-9900,?,9,0.0,E,8,-9900,?,9,-9900,?,9,0.0,0.0,E,8
12/13/2019,05:00,0.0,1410.675,0.0,1,8,0.0,1,8,0.0,1,8,0.0,1,8,0.0,1,8,0.0,1,8,-0.0,1,8,-9900,?,9,-9900,?,9,12.52,E,8,12.14,E,8,97.0,E,8,872.5394,E,8,999.0,E,8,0.59,E,8,-9900,?,9,-9900,?,9,0.0,E,8,-9900,?,9,-9900,?,9,0.0,0.0,E,8
12/13/2019,06:00,137.095,1410.675,0.0,1,8,0.0,1,8,0.0,1,8,0.0,1,8,0.0,1,8,0.0,1,8,0.0,1,8,-9900,?,9,-9900,?,9,12.25,E,8,12.04,E,8,98.0,E,8,872.5394,E,8,999.0,E,8,0.59,E,8,-9900,?,9,-9900,?,9,0.0,E,8,-9900,?,9,-9900,?,9,0.0,0.0,E,8
12/13/2019,07:00,449.521,1410.675,59.61,1,8,0.0,1,8,59.61,1,8,7153.2,1,8,0.0,1,8,6557.1,1,8,59.698,1,8,-9900,?,9,-9900,?,9,11.97,E,8,11.94,E,8,99.0,E,8,872.5394,E,8,999.0,E,8,0.59,E,8,-9900,?,9,-9900,?,9,0.0,E,8,-9900,?,9,-9900,?,9,0.0,0.0,E,8
12/13/2019,08:00,746.942,1410.675,173.02,1,8,2.994,1,8,171.436,1,8,20762.4,1,8,284.416,1,8,18857.957,1,8,103.138,1,8,-9900,?,9,-9900,?,9,14.71,E,8,12.92,E,8,89.0,E,8,872.5394,E,8,999.0,E,8,0.59,E,8,-9900,?,9,-9900,?,9,0.0,E,8,-9900,?,9,-9900,?,9,0.0,0.0,E,8
12/13/2019,09:00,1007.417,1410.675,283.03,1,8,8.581,1,8,276.903,1,8,33963.6,1,8,815.233,1,8,30459.377,1,8,123.458,1,8,-9900,?,9,-9900,?,9,16.01,E,8,13.37,E,8,84.0,E,8,872.5394,E,8,999.0,E,8,0.88,E,8,-9900,?,9,-9900,?,9,0.0,E,8,-9900,?,9,-9900,?,9,0.0,0.0,E,8
12/13/2019,10:00,1212.996,1410.675,376.35,1,8,14.687,1,8,363.722,1,8,45162.0,1,8,1395.262,1,8,40009.468,1,8,134.658,1,8,-9900,?,9,-9900,?,9,17.21,E,8,13.77,E,8,80.0,E,8,872.5394,E,8,999.0,E,8,0.92,E,8,-9900,?,9,-9900,?,9,0.0,E,8,-9900,?,9,-9900,?,9,0.0,0.0,E,8
12/13/2019,11:00,1349.62,1410.675,445.27,1,8,30.827,1,8,415.778,1,8,53432.4,1,8,2928.562,1,8,45735.586,1,8,138.337,1,8,-9900,?,9,-9900,?,9,18.26,E,8,14.11,E,8,76.0,E,8,872.5394,E,8,999.0,E,8,1.17,E,8,-9900,?,9,-9900,?,9,0.0,E,8,-9900,?,9,-9900,?,9,0.0,0.0,E,8
12/13/2019,12:00,1407.966,1410.675,484.63,1,8,33.989,1,8,450.706,1,8,58155.6,1,8,3228.996,1,8,49577.648,1,8,143.74,1,8,-9900,?,9,-9900,?,9,19.11,E,8,14.38,E,8,74.0,E,8,872.5394,E,8,999.0,E,8,0.67,E,8,-9900,?,9,-9900,?,9,0.0,E,8,-9900,?,9,-9900,?,9,0.0,0.0,E,8
12/13/2019,13:00,1384.058,1410.675,491.59,1,8,37.748,1,8,454.555,1,8,58990.8,1,8,3586.018,1,8,50001.062,1,8,147.474,1,8,-9900,?,9,-9900,?,9,19.74,E,8,14.58,E,8,72.0,E,8,872.5394,E,8,999.0,E,8,0.59,E,8,-9900,?,9,-9900,?,9,0.0,E,8,-9900,?,9,-9900,?,9,0.0,0.0,E,8
12/13/2019,14:00,1279.531,1410.675,465.65,1,8,43.168,1,8,426.497,1,8,55878.0,1,8,4100.976,1,8,46914.718,1,8,149.682,1,8,-9900,?,9,-9900,?,9,20.14,E,8,14.71,E,8,70.0,E,8,872.5394,E,8,999.0,E,8,0.59,E,8,-9900,?,9,-9900,?,9,0.0,E,8,-9900,?,9,-9900,?,9,0.0,0.0,E,8
12/13/2019,15:00,1101.527,1410.675,408.67,1,8,28.102,1,8,386.731,1,8,49040.4,1,8,2669.662,1,8,42540.398,1,8,157.679,1,8,-9900,?,9,-9900,?,9,20.3,E,8,14.76,E,8,70.0,E,8,872.5394,E,8,999.0,E,8,0.59,E,8,-9900,?,9,-9900,?,9,0.0,E,8,-9900,?,9,-9900,?,9,0.0,0.0,E,8
12/13/2019,16:00,862.211,1410.675,324.85,1,8,27.841,1,8,307.842,1,8,38982.0,1,8,2644.885,1,8,33862.607,1,8,160.4,1,8,-9900,?,9,-9900,?,9,20.18,E,8,14.72,E,8,70.0,E,8,872.5394,E,8,999.0,E,8,0.59,E,8,-9900,?,9,-9900,?,9,0.0,E,8,-9900,?,9,-9900,?,9,0.0,0.0,E,8
12/13/2019,17:00,578.007,1410.675,220.74,1,8,82.212,1,8,187.103,1,8,26488.8,1,8,7810.122,1,8,20581.37,1,8,145.564,1,8,-9900,?,9,-9900,?,9,19.71,E,8,14.57,E,8,72.0,E,8,872.5394,E,8,999.0,E,8,0.59,E,8,-9900,?,9,-9900,?,9,0.0,E,8,-9900,?,9,-9900,?,9,0.0,0.0,E,8
12/13/2019,18:00,268.867,1410.675,106.35,1,8,160.201,1,8,76.044,1,8,12762.0,1,8,15219.068,1,8,8364.859,1,8,127.954,1,8,-9900,?,9,-9900,?,9,18.93,E,8,14.33,E,8,74.0,E,8,872.5394,E,8,999.0,E,8,0.59,E,8,-9900,?,9,-9900,?,9,0.0,E,8,-9900,?,9,-9900,?,9,0.0,0.0,E,8
12/13/2019,19:00,0.0,1410.675,8.99,1,8,0.0,1,8,0.0,1,8,1078.8,1,8,0.0,1,8,0.0,1,8,-0.0,1,8,-9900,?,9,-9900,?,9,18.13,E,8,14.07,E,8,77.0,E,8,872.5394,E,8,999.0,E,8,0.59,E,8,-9900,?,9,-9900,?,9,0.0,E,8,-9900,?,9,-9900,?,9,0.0,0.0,E,8
12/13/2019,20:00,0.0,1410.675,0.0,1,8,0.0,1,8,0.0,1,8,0.0,1,8,0.0,1,8,0.0,1,8,-0.0,1,8,-9900,?,9,-9900,?,9,17.32,E,8,13.8,E,8,79.0,E,8,872.5394,E,8,999.0,E,8,0.59,E,8,-9900,?,9,-9900,?,9,0.0,E,8,-9900,?,9,-9900,?,9,0.0,0.0,E,8
12/13/2019,21:00,0.0,1410.675,0.0,1,8,0.0,1,8,0.0,1,8,0.0,1,8,0.0,1,8,0.0,1,8,-0.0,1,8,-9900,?,9,-9900,?,9,16.52,E,8,13.54,E,8,82.0,E,8,872.5394,E,8,999.0,E,8,0.59,E,8,-9900,?,9,-9900,?,9,0.0,E,8,-9900,?,9,-9900,?,9,0.0,0.0,E,8
12/13/2019,22:00,0.0,1410.675,0.0,1,8,0.0,1,8,0.0,1,8,0.0,1,8,0.0,1,8,0.0,1,8,-0.0,1,8,-9900,?,9,-9900,?,9,15.71,E,8,13.27,E,8,85.0,E,8,872.5394,E,8,999.0,E,8,0.59,E,8,-9900,?,9,-9900,?,9,0.0,E,8,-9900,?,9,-9900,?,9,0.0,0.0,E,8
12/13/2019,23:00,0.0,1410.675,0.0,1,8,0.0,1,8,0.0,1,8,0.0,1,8,0.0,1,8,0.0,1,8,-0.0,1,8,-9900,?,9,-9900,?,9,14.91,E,8,12.99,E,8,88.0,E,8,872.5394,E,8,999.0,E,8,0.59,E,8,-9900,?,9,-9900,?,9,0.0,E,8,-9900,?,9,-9900,?,9,0.0,0.0,E,8
12/13/2019,24:00,0.0,1410.675,0.0,1,8,0.0,1,8,0.0,1,8,0.0,1,8,0.0,1,8,0.0,1,8,-0.0,1,8,-9900,?,9,-9900,?,9,14.1,E,8,11.02,E,8,81.0,E,8,872.5394,E,8,999.0,E,8,0.26,E,8,-9900,?,9,-9900,?,9,0.0,E,8,-9900,?,9,-9900,?,9,0.0,0.0,E,8
12/14/2019,01:00,0.0,1410.675,0.0,1,8,0.0,1,8,0.0,1,8,0.0,1,8,0.0,1,8,0.0,1,8,-0.0,1,8,-9900,?,9,-9900,?,9,13.7,E,8,11.11,E,8,84.0,E,8,872.5394,E,8,999.0,E,8,0.26,E,8,-9900,?,9,-9900,?,9,0.0,E,8,-9900,?,9,-9900,?,9,0.0,0.0,E,8
12/14/2019,02:00,0.0,1410.675,0.0,1,8,0.0,1,8,0.0,1,8,0.0,1,8,0.0,1,8,0.0,1,8,-0.0,1,8,-9900,?,9,-9900,?,9,13.3,E,8,11.2,E,8,87.0,E,8,872.5394,E,8,999.0,E,8,0.26,E,8,-9900,?,9,-9900,?,9,0.0,E,8,-9900,?,9,-9900,?,9,0.0,0.0,E,8
12/14/2019,03:00,0.0,1410.675,0.0,1,8,0.0,1,8,0.0,1,8,0.0,1,8,0.0,1,8,0.0,1,8,-0.0,1,8,-9900,?,9,-9900,?,9,12.9,E,8,11.29,E,8,89.0,E,8,872.5394,E,8,999.0,E,8,0.26,E,8,-9900,?,9,-9900,?,9,0.0,E,8,-9900,?,9,-9900,?,9,0.0,0.0,E,8
12/14/2019,04:00,0.0,1410.979,0.0,1,8,0.0,1,8,0.0,1,8,0.0,1,8,0.0,1,8,0.0,1,8,-0.0,1,8,-9900,?,9,-9900,?,9,12.49,E,8,11.38,E,8,92.0,E,8,872.5394,E,8,999.0,E,8,0.26,E,8,-9900,?,9,-9900,?,9,0.0,E,8,-9900,?,9,-9900,?,9,0.0,0.0,E,8
12/14/2019,05:00,0.0,1410.979,0.0,1,8,0.0,1,8,0.0,1,8,0.0,1,8,0.0,1,8,0.0,1,8,-0.0,1,8,-9900,?,9,-9900,?,9,12.14,E,8,11.46,E,8,95.0,E,8,872.5394,E,8,999.0,E,8,0.26,E,8,-9900,?,9,-9900,?,9,0.0,E,8,-9900,?,9,-9900,?,9,0.0,0.0,E,8
12/14/2019,06:00,135.267,1410.979,0.0,1,8,0.0,1,8,0.0,1,8,0.0,1,8,0.0,1,8,0.0,1,8,0.0,1,8,-9900,?,9,-9900,?,9,11.87,E,8,11.52,E,8,97.0,E,8,872.5394,E,8,999.0,E,8,0.26,E,8,-9900,?,9,-9900,?,9,0.0,E,8,-9900,?,9,-9900,?,9,0.0,0.0,E,8
12/14/2019,07:00,447.612,1410.979,85.38,1,8,0.0,1,8,85.38,1,8,10245.6,1,8,0.0,1,8,9391.8,1,8,85.891,1,8,-9900,?,9,-9900,?,9,11.61,E,8,11.58,E,8,99.0,E,8,872.5394,E,8,999.0,E,8,0.26,E,8,-9900,?,9,-9900,?,9,0.0,E,8,-9900,?,9,-9900,?,9,0.0,0.0,E,8
12/14/2019,08:00,745.158,1410.979,198.45,1,8,10.402,1,8,192.961,1,8,23814.0,1,8,988.222,1,8,21225.659,1,8,116.391,1,8,-9900,?,9,-9900,?,9,15.15,E,8,10.79,E,8,75.0,E,8,872.5394,E,8,999.0,E,8,0.26,E,8,-9900,?,9,-9900,?,9,0.0,E,8,-9900,?,9,-9900,?,9,0.0,0.0,E,8
12/14/2019,09:00,1005.923,1410.979,512.69,1,8,224.856,1,8,352.43,1,8,61522.8,1,8,21361.298,1,8,38767.314,1,8,157.399,1,8,-9900,?,9,-9900,?,9,18.24,E,8,10.07,E,8,58.0,E,8,872.5394,E,8,999.0,E,8,0.26,E,8,-9900,?,9,-9900,?,9,0.0,E,8,-9900,?,9,-9900,?,9,0.0,0.0,E,8
12/14/2019,10:00,1211.935,1410.979,458.1,1,8,21.282,1,8,439.822,1,8,54972.0,1,8,2021.76,1,8,48380.463,1,8,163.01,1,8,-9900,?,9,-9900,?,9,19.44,E,8,9.78,E,8,53.0,E,8,872.5394,E,8,999.0,E,8,0.26,E,8,-9900,?,9,-9900,?,9,0.0,E,8,-9900,?,9,-9900,?,9,0.0,0.0,E,8
12/14/2019,11:00,1349.105,1410.979,542.34,1,8,20.704,1,8,522.545,1,8,65080.8,1,8,1966.845,1,8,57479.928,1,8,173.964,1,8,-9900,?,9,-9900,?,9,20.58,E,8,9.5,E,8,49.0,E,8,872.5394,E,8,999.0,E,8,0.26,E,8,-9900,?,9,-9900,?,9,0.0,E,8,-9900,?,9,-9900,?,9,0.0,0.0,E,8
12/14/2019,12:00,1408.073,1410.979,414.7,1,8,14.334,1,8,400.396,1,8,49764.0,1,8,1361.697,1,8,44043.547,1,8,127.713,1,8,-9900,?,9,-9900,?,9,20.81,E,8,9.44,E,8,48.0,E,8,872.5394,E,8,999.0,E,8,0.72,E,8,-9900,?,9,-9900,?,9,0.0,E,8,-9900,?,9,-9900,?,9,0.0,0.0,E,8
12/14/2019,13:00,1384.819,1410.979,599.41,1,8,84.212,1,8,516.761,1,8,71929.2,1,8,8000.094,1,8,56843.676,1,8,167.599,1,8,-9900,?,9,-9900,?,9,21.63,E,8,9.24,E,8,45.0,E,8,872.5394,E,8,999.0,E,8,1.75,E,8,-9900,?,9,-9900,?,9,0.0,E,8,-9900,?,9,-9900,?,9,0.0,0.0,E,8
12/14/2019,14:00,1280.934,1410.979,568.1,1,8,5.395,1,8,563.202,1,8,68172.0,1,8,512.559,1,8,61952.245,1,8,197.486,1,8,-9900,?,9,-9900,?,9,22.15,E,8,9.11,E,8,43.0,E,8,872.5394,E,8,999.0,E,8,2.01,E,8,-9900,?,9,-9900,?,9,0.0,E,8,-9900,?,9,-9900,?,9,0.0,0.0,E,8
12/14/2019,15:00,1103.513,1410.979,498.95,1,8,103.763,1,8,417.813,1,8,59874.0,1,8,9857.486,1,8,45959.437,1,8,170.081,1,8,-9900,?,9,-9900,?,9,22.37,E,8,9.05,E,8,42.0,E,8,872.5394,E,8,999.0,E,8,2.76,E,8,-9900,?,9,-9900,?,9,0.0,E,8,-9900,?,9,-9900,?,9,0.0,0.0,E,8
12/14/2019,16:00,864.683,1410.979,397.04,1,8,157.733,1,8,300.424,1,8,47644.8,1,8,14984.615,1,8,33046.694,1,8,156.121,1,8,-9900,?,9,-9900,?,9,22.22,E,8,9.09,E,8,43.0,E,8,872.5394,E,8,999.0,E,8,2.08,E,8,-9900,?,9,-9900,?,9,0.0,E,8,-9900,?,9,-9900,?,9,0.0,0.0,E,8
12/14/2019,17:00,580.832,1410.979,270.33,1,8,189.835,1,8,192.296,1,8,32439.6,1,8,18034.304,1,8,21152.528,1,8,148.905,1,8,-9900,?,9,-9900,?,9,21.61,E,8,9.24,E,8,45.0,E,8,872.5394,E,8,999.0,E,8,1.24,E,8,-9900,?,9,-9900,?,9,0.0,E,8,-9900,?,9,-9900,?,9,0.0,0.0,E,8
12/14/2019,18:00,271.876,1410.979,130.94,1,8,359.318,1,8,62.209,1,8,15712.8,1,8,34135.218,1,8,6843.007,1,8,103.522,1,8,-9900,?,9,-9900,?,9,20.62,E,8,9.49,E,8,48.0,E,8,872.5394,E,8,999.0,E,8,0.47,E,8,-9900,?,9,-9900,?,9,0.0,E,8,-9900,?,9,-9900,?,9,0.0,0.0,E,8
12/14/2019,19:00,0.0,1410.979,11.63,1,8,0.0,1,8,0.0,1,8,1395.6,1,8,0.0,1,8,0.0,1,8,-0.0,1,8,-9900,?,9,-9900,?,9,19.8,E,8,9.69,E,8,52.0,E,8,872.5394,E,8,999.0,E,8,0.26,E,8,-9900,?,9,-9900,?,9,0.0,E,8,-9900,?,9,-9900,?,9,0.0,0.0,E,8
12/14/2019,20:00,0.0,1410.979,0.0,1,8,0.0,1,8,0.0,1,8,0.0,1,8,0.0,1,8,0.0,1,8,-0.0,1,8,-9900,?,9,-9900,?,9,18.98,E,8,9.89,E,8,55.0,E,8,872.5394,E,8,999.0,E,8,0.26,E,8,-9900,?,9,-9900,?,9,0.0,E,8,-9900,?,9,-9900,?,9,0.0,0.0,E,8
12/14/2019,21:00,0.0,1410.979,0.0,1,8,0.0,1,8,0.0,1,8,0.0,1,8,0.0,1,8,0.0,1,8,-0.0,1,8,-9900,?,9,-9900,?,9,18.17,E,8,10.08,E,8,59.0,E,8,872.5394,E,8,999.0,E,8,0.26,E,8,-9900,?,9,-9900,?,9,0.0,E,8,-9900,?,9,-9900,?,9,0.0,0.0,E,8
12/14/2019,22:00,0.0,1410.979,0.0,1,8,0.0,1,8,0.0,1,8,0.0,1,8,0.0,1,8,0.0,1,8,-0.0,1,8,-9900,?,9,-9900,?,9,17.35,E,8,10.28,E,8,63.0,E,8,872.5394,E,8,999.0,E,8,0.26,E,8,-9900,?,9,-9900,?,9,0.0,E,8,-9900,?,9,-9900,?,9,0.0,0.0,E,8
12/14/2019,23:00,0.0,1410.979,0.0,1,8,0.0,1,8,0.0,1,8,0.0,1,8,0.0,1,8,0.0,1,8,-0.0,1,8,-9900,?,9,-9900,?,9,16.53,E,8,10.47,E,8,67.0,E,8,872.5394,E,8,999.0,E,8,0.26,E,8,-9900,?,9,-9900,?,9,0.0,E,8,-9900,?,9,-9900,?,9,0.0,0.0,E,8
12/14/2019,24:00,0.0,1410.979,0.0,1,8,0.0,1,8,0.0,1,8,0.0,1,8,0.0,1,8,0.0,1,8,-0.0,1,8,-9900,?,9,-9900,?,9,15.72,E,8,13.25,E,8,85.0,E,8,872.5394,E,8,999.0,E,8,0.55,E,8,-9900,?,9,-9900,?,9,0.0,E,8,-9900,?,9,-9900,?,9,0.0,0.0,E,8
12/15/2019,01:00,0.0,1410.979,0.0,1,8,0.0,1,8,0.0,1,8,0.0,1,8,0.0,1,8,0.0,1,8,-0.0,1,8,-9900,?,9,-9900,?,9,15.31,E,8,13.09,E,8,86.0,E,8,872.5394,E,8,999.0,E,8,0.55,E,8,-9900,?,9,-9900,?,9,0.0,E,8,-9900,?,9,-9900,?,9,0.0,0.0,E,8
12/15/2019,02:00,0.0,1410.979,0.0,1,8,0.0,1,8,0.0,1,8,0.0,1,8,0.0,1,8,0.0,1,8,-0.0,1,8,-9900,?,9,-9900,?,9,14.9,E,8,12.92,E,8,87.0,E,8,872.5394,E,8,999.0,E,8,0.55,E,8,-9900,?,9,-9900,?,9,0.0,E,8,-9900,?,9,-9900,?,9,0.0,0.0,E,8
12/15/2019,03:00,0.0,1410.979,0.0,1,8,0.0,1,8,0.0,1,8,0.0,1,8,0.0,1,8,0.0,1,8,-0.0,1,8,-9900,?,9,-9900,?,9,14.49,E,8,12.75,E,8,89.0,E,8,872.5394,E,8,999.0,E,8,0.55,E,8,-9900,?,9,-9900,?,9,0.0,E,8,-9900,?,9,-9900,?,9,0.0,0.0,E,8
12/15/2019,04:00,0.0,1411.268,0.0,1,8,0.0,1,8,0.0,1,8,0.0,1,8,0.0,1,8,0.0,1,8,-0.0,1,8,-9900,?,9,-9900,?,9,14.08,E,8,12.57,E,8,90.0,E,8,872.5394,E,8,999.0,E,8,0.55,E,8,-9900,?,9,-9900,?,9,0.0,E,8,-9900,?,9,-9900,?,9,0.0,0.0,E,8
12/15/2019,05:00,0.0,1411.268,0.0,1,8,0.0,1,8,0.0,1,8,0.0,1,8,0.0,1,8,0.0,1,8,-0.0,1,8,-9900,?,9,-9900,?,9,13.72,E,8,12.42,E,8,91.0,E,8,872.5394,E,8,999.0,E,8,0.55,E,8,-9900,?,9,-9900,?,9,0.0,E,8,-9900,?,9,-9900,?,9,0.0,0.0,E,8
12/15/2019,06:00,133.348,1411.268,0.0,1,8,0.0,1,8,0.0,1,8,0.0,1,8,0.0,1,8,0.0,1,8,0.0,1,8,-9900,?,9,-9900,?,9,13.45,E,8,12.3,E,8,92.0,E,8,872.5394,E,8,999.0,E,8,0.55,E,8,-9900,?,9,-9900,?,9,0.0,E,8,-9900,?,9,-9900,?,9,0.0,0.0,E,8
12/15/2019,07:00,445.624,1411.268,63.29,1,8,0.0,1,8,63.29,1,8,7594.8,1,8,0.0,1,8,6961.9,1,8,63.968,1,8,-9900,?,9,-9900,?,9,13.18,E,8,12.19,E,8,93.0,E,8,872.5394,E,8,999.0,E,8,0.55,E,8,-9900,?,9,-9900,?,9,0.0,E,8,-9900,?,9,-9900,?,9,0.0,0.0,E,8
12/15/2019,08:00,743.309,1411.268,167.81,1,8,3.285,1,8,166.081,1,8,20137.2,1,8,312.029,1,8,18268.951,1,8,100.448,1,8,-9900,?,9,-9900,?,9,15.46,E,8,13.15,E,8,86.0,E,8,872.5394,E,8,999.0,E,8,0.55,E,8,-9900,?,9,-9900,?,9,0.0,E,8,-9900,?,9,-9900,?,9,0.0,0.0,E,8
12/15/2019,09:00,1004.378,1411.268,323.56,1,8,38.17,1,8,296.403,1,8,38827.2,1,8,3626.155,1,8,32604.299,1,8,132.608,1,8,-9900,?,9,-9900,?,9,16.83,E,8,13.7,E,8,81.0,E,8,872.5394,E,8,999.0,E,8,0.55,E,8,-9900,?,9,-9900,?,9,0.0,E,8,-9900,?,9,-9900,?,9,0.0,0.0,E,8
12/15/2019,10:00,1210.837,1411.268,431.08,1,8,22.589,1,8,411.701,1,8,51729.6,1,8,2145.993,1,8,45287.091,1,8,152.757,1,8,-9900,?,9,-9900,?,9,18.04,E,8,14.17,E,8,78.0,E,8,872.5394,E,8,999.0,E,8,0.55,E,8,-9900,?,9,-9900,?,9,0.0,E,8,-9900,?,9,-9900,?,9,0.0,0.0,E,8
12/15/2019,11:00,1348.566,1411.268,510.71,1,8,47.754,1,8,465.079,1,8,61285.2,1,8,4536.649,1,8,51158.665,1,8,154.927,1,8,-9900,?,9,-9900,?,9,19.08,E,8,14.57,E,8,75.0,E,8,872.5394,E,8,999.0,E,8,0.55,E,8,-9900,?,9,-9900,?,9,0.0,E,8,-9900,?,9,-9900,?,9,0.0,0.0,E,8
12/15/2019,12:00,1408.165,1411.268,514.64,1,8,64.619,1,8,450.163,1,8,61756.8,1,8,6138.83,1,8,49517.92,1,8,143.607,1,8,-9900,?,9,-9900,?,9,19.79,E,8,14.83,E,8,73.0,E,8,872.5394,E,8,999.0,E,8,0.55,E,8,-9900,?,9,-9900,?,9,0.0,E,8,-9900,?,9,-9900,?,9,0.0,0.0,E,8
12/15/2019,13:00,1385.57,1411.268,391.94,1,8,7.126,1,8,384.944,1,8,47032.8,1,8,676.956,1,8,42343.838,1,8,124.805,1,8,-9900,?,9,-9900,?,9,19.95,E,8,14.89,E,8,72.0,E,8,872.5394,E,8,999.0,E,8,0.93,E,8,-9900,?,9,-9900,?,9,0.0,E,8,-9900,?,9,-9900,?,9,0.0,0.0,E,8
12/15/2019,14:00,1282.329,1411.268,667.88,1,8,203.243,1,8,483.218,1,8,80145.6,1,8,19308.048,1,8,53153.976,1,8,169.29,1,8,-9900,?,9,-9900,?,9,20.75,E,8,15.18,E,8,70.0,E,8,872.5394,E,8,999.0,E,8,1.22,E,8,-9900,?,9,-9900,?,9,0.0,E,8,-9900,?,9,-9900,?,9,0.0,0.0,E,8
12/15/2019,15:00,1105.49,1411.268,673.53,1,8,369.205,1,8,384.374,1,8,80823.6,1,8,35074.489,1,8,42281.111,1,8,156.221,1,8,-9900,?,9,-9900,?,9,21.38,E,8,15.41,E,8,68.0,E,8,872.5394,E,8,999.0,E,8,1.43,E,8,-9900,?,9,-9900,?,9,0.0,E,8,-9900,?,9,-9900,?,9,0.0,0.0,E,8
12/15/2019,16:00,867.141,1411.268,376.59,1,8,111.062,1,8,308.382,1,8,45190.8,1,8,10550.937,1,8,33921.986,1,8,159.834,1,8,-9900,?,9,-9900,?,9,21.25,E,8,15.36,E,8,69.0,E,8,872.5394,E,8,999.0,E,8,0.95,E,8,-9900,?,9,-9900,?,9,0.0,E,8,-9900,?,9,-9900,?,9,0.0,0.0,E,8
12/15/2019,17:00,583.633,1411.268,255.93,1,8,156.472,1,8,191.312,1,8,30711.6,1,8,14864.83,1,8,21044.328,1,8,147.461,1,8,-9900,?,9,-9900,?,9,20.77,E,8,15.19,E,8,70.0,E,8,872.5394,E,8,999.0,E,8,0.55,E,8,-9900,?,9,-9900,?,9,0.0,E,8,-9900,?,9,-9900,?,9,0.0,0.0,E,8
12/15/2019,18:00,274.85,1411.268,131.33,1,8,322.354,1,8,68.998,1,8,15759.6,1,8,30623.617,1,8,7589.83,1,8,113.583,1,8,-9900,?,9,-9900,?,9,20.03,E,8,14.92,E,8,72.0,E,8,872.5394,E,8,999.0,E,8,0.55,E,8,-9900,?,9,-9900,?,9,0.0,E,8,-9900,?,9,-9900,?,9,0.0,0.0,E,8
12/15/2019,19:00,0.0,1411.268,11.61,1,8,0.0,1,8,0.0,1,8,1393.2,1,8,0.0,1,8,0.0,1,8,-0.0,1,8,-9900,?,9,-9900,?,9,19.25,E,8,14.63,E,8,74.0,E,8,872.5394,E,8,999.0,E,8,0.55,E,8,-9900,?,9,-9900,?,9,0.0,E,8,-9900,?,9,-9900,?,9,0.0,0.0,E,8
12/15/2019,20:00,0.0,1411.268,0.0,1,8,0.0,1,8,0.0,1,8,0.0,1,8,0.0,1,8,0.0,1,8,-0.0,1,8,-9900,?,9,-9900,?,9,18.48,E,8,14.34,E,8,76.0,E,8,872.5394,E,8,999.0,E,8,0.55,E,8,-9900,?,9,-9900,?,9,0.0,E,8,-9900,?,9,-9900,?,9,0.0,0.0,E,8
12/15/2019,21:00,0.0,1411.268,0.0,1,8,0.0,1,8,0.0,1,8,0.0,1,8,0.0,1,8,0.0,1,8,-0.0,1,8,-9900,?,9,-9900,?,9,17.7,E,8,14.04,E,8,79.0,E,8,872.5394,E,8,999.0,E,8,0.55,E,8,-9900,?,9,-9900,?,9,0.0,E,8,-9900,?,9,-9900,?,9,0.0,0.0,E,8
12/15/2019,22:00,0.0,1411.268,0.0,1,8,0.0,1,8,0.0,1,8,0.0,1,8,0.0,1,8,0.0,1,8,-0.0,1,8,-9900,?,9,-9900,?,9,16.92,E,8,13.73,E,8,81.0,E,8,872.5394,E,8,999.0,E,8,0.55,E,8,-9900,?,9,-9900,?,9,0.0,E,8,-9900,?,9,-9900,?,9,0.0,0.0,E,8
12/15/2019,23:00,0.0,1411.268,0.0,1,8,0.0,1,8,0.0,1,8,0.0,1,8,0.0,1,8,0.0,1,8,-0.0,1,8,-9900,?,9,-9900,?,9,16.15,E,8,13.43,E,8,83.0,E,8,872.5394,E,8,999.0,E,8,0.55,E,8,-9900,?,9,-9900,?,9,0.0,E,8,-9900,?,9,-9900,?,9,0.0,0.0,E,8
12/15/2019,24:00,0.0,1411.268,0.0,1,8,0.0,1,8,0.0,1,8,0.0,1,8,0.0,1,8,0.0,1,8,-0.0,1,8,-9900,?,9,-9900,?,9,15.37,E,8,13.73,E,8,89.0,E,8,872.5394,E,8,999.0,E,8,0.3,E,8,-9900,?,9,-9900,?,9,0.0,E,8,-9900,?,9,-9900,?,9,0.0,0.0,E,8
12/16/2019,01:00,0.0,1411.268,0.0,1,8,0.0,1,8,0.0,1,8,0.0,1,8,0.0,1,8,0.0,1,8,-0.0,1,8,-9900,?,9,-9900,?,9,14.98,E,8,13.6,E,8,91.0,E,8,872.5394,E,8,999.0,E,8,0.3,E,8,-9900,?,9,-9900,?,9,0.0,E,8,-9900,?,9,-9900,?,9,0.0,0.0,E,8
12/16/2019,02:00,0.0,1411.268,0.0,1,8,0.0,1,8,0.0,1,8,0.0,1,8,0.0,1,8,0.0,1,8,-0.0,1,8,-9900,?,9,-9900,?,9,14.59,E,8,13.47,E,8,93.0,E,8,872.5394,E,8,999.0,E,8,0.3,E,8,-9900,?,9,-9900,?,9,0.0,E,8,-9900,?,9,-9900,?,9,0.0,0.0,E,8
12/16/2019,03:00,0.0,1411.268,0.0,1,8,0.0,1,8,0.0,1,8,0.0,1,8,0.0,1,8,0.0,1,8,-0.0,1,8,-9900,?,9,-9900,?,9,14.2,E,8,13.35,E,8,94.0,E,8,872.5394,E,8,999.0,E,8,0.3,E,8,-9900,?,9,-9900,?,9,0.0,E,8,-9900,?,9,-9900,?,9,0.0,0.0,E,8
12/16/2019,04:00,0.0,1411.544,0.0,1,8,0.0,1,8,0.0,1,8,0.0,1,8,0.0,1,8,0.0,1,8,-0.0,1,8,-9900,?,9,-9900,?,9,13.81,E,8,13.22,E,8,96.0,E,8,872.5394,E,8,999.0,E,8,0.3,E,8,-9900,?,9,-9900,?,9,0.0,E,8,-9900,?,9,-9900,?,9,0.0,0.0,E,8
12/16/2019,05:00,0.0,1411.544,0.0,1,8,0.0,1,8,0.0,1,8,0.0,1,8,0.0,1,8,0.0,1,8,-0.0,1,8,-9900,?,9,-9900,?,9,13.47,E,8,13.1,E,8,97.0,E,8,872.5394,E,8,999.0,E,8,0.3,E,8,-9900,?,9,-9900,?,9,0.0,E,8,-9900,?,9,-9900,?,9,0.0,0.0,E,8
12/16/2019,06:00,131.34,1411.544,0.0,1,8,0.0,1,8,0.0,1,8,0.0,1,8,0.0,1,8,0.0,1,8,0.0,1,8,-9900,?,9,-9900,?,9,13.21,E,8,13.01,E,8,98.0,E,8,872.5394,E,8,999.0,E,8,0.3,E,8,-9900,?,9,-9900,?,9,0.0,E,8,-9900,?,9,-9900,?,9,0.0,0.0,E,8
12/16/2019,07:00,443.558,1411.544,64.58,1,8,0.0,1,8,64.58,1,8,7749.6,1,8,0.0,1,8,7103.8,1,8,65.59,1,8,-9900,?,9,-9900,?,9,12.96,E,8,12.93,E,8,99.0,E,8,872.5394,E,8,999.0,E,8,0.3,E,8,-9900,?,9,-9900,?,9,0.0,E,8,-9900,?,9,-9900,?,9,0.0,0.0,E,8
12/16/2019,08:00,741.397,1411.544,191.51,1,8,8.229,1,8,187.191,1,8,22981.2,1,8,781.711,1,8,20591.052,1,8,113.531,1,8,-9900,?,9,-9900,?,9,16.11,E,8,13.97,E,8,87.0,E,8,872.5394,E,8,999.0,E,8,0.3,E,8,-9900,?,9,-9900,?,9,0.0,E,8,-9900,?,9,-9900,?,9,0.0,0.0,E,8
12/16/2019,09:00,1002.785,1411.544,315.14,1,8,34.951,1,8,290.318,1,8,37816.8,1,8,3320.31,1,8,31934.938,1,8,130.117,1,8,-9900,?,9,-9900,?,9,17.65,E,8,14.45,E,8,81.0,E,8,872.5394,E,8,999.0,E,8,0.3,E,8,-9900,?,9,-9900,?,9,0.0,E,8,-9900,?,9,-9900,?,9,0.0,0.0,E,8
12/16/2019,10:00,1209.705,1411.544,420.3,1,8,20.792,1,8,402.483,1,8,50436.0,1,8,1975.232,1,8,44273.135,1,8,149.506,1,8,-9900,?,9,-9900,?,9,19.06,E,8,14.89,E,8,76.0,E,8,872.5394,E,8,999.0,E,8,0.3,E,8,-9900,?,9,-9900,?,9,0.0,E,8,-9900,?,9,-9900,?,9,0.0,0.0,E,8
12/16/2019,11:00,1348.004,1411.544,498.29,1,8,43.905,1,8,456.362,1,8,59794.8,1,8,4170.984,1,8,50199.872,1,8,152.116,1,8,-9900,?,9,-9900,?,9,20.29,E,8,15.25,E,8,72.0,E,8,872.5394,E,8,999.0,E,8,0.3,E,8,-9900,?,9,-9900,?,9,0.0,E,8,-9900,?,9,-9900,?,9,0.0,0.0,E,8
12/16/2019,12:00,1408.242,1411.544,543.25,1,8,49.266,1,8,494.099,1,8,65190.0,1,8,4680.278,1,8,54350.916,1,8,157.646,1,8,-9900,?,9,-9900,?,9,21.3,E,8,15.55,E,8,69.0,E,8,872.5394,E,8,999.0,E,8,0.64,E,8,-9900,?,9,-9900,?,9,0.0,E,8,-9900,?,9,-9900,?,9,0.0,0.0,E,8
12/16/2019,13:00,1386.312,1411.544,551.93,1,8,56.029,1,8,496.903,1,8,66231.6,1,8,5322.731,1,8,54659.37,1,8,161.05,1,8,-9900,?,9,-9900,?,9,22.05,E,8,15.77,E,8,67.0,E,8,872.5394,E,8,999.0,E,8,1.15,E,8,-9900,?,9,-9900,?,9,0.0,E,8,-9900,?,9,-9900,?,9,0.0,0.0,E,8
12/16/2019,14:00,1283.715,1411.544,523.72,1,8,84.331,1,8,447.031,1,8,62846.4,1,8,8011.422,1,8,49173.399,1,8,156.473,1,8,-9900,?,9,-9900,?,9,22.53,E,8,15.91,E,8,66.0,E,8,872.5394,E,8,999.0,E,8,2.58,E,8,-9900,?,9,-9900,?,9,0.0,E,8,-9900,?,9,-9900,?,9,0.0,0.0,E,8
12/16/2019,15:00,1107.456,1411.544,460.63,1,8,111.252,1,8,373.361,1,8,55275.6,1,8,10568.97,1,8,41069.679,1,8,151.505,1,8,-9900,?,9,-9900,?,9,22.72,E,8,15.96,E,8,65.0,E,8,872.5394,E,8,999.0,E,8,2.5,E,8,-9900,?,9,-9900,?,9,0.0,E,8,-9900,?,9,-9900,?,9,0.0,0.0,E,8
12/16/2019,16:00,869.581,1411.544,367.31,1,8,93.717,1,8,309.603,1,8,44077.2,1,8,8903.109,1,8,34056.378,1,8,160.047,1,8,-9900,?,9,-9900,?,9,22.6,E,8,15.92,E,8,65.0,E,8,872.5394,E,8,999.0,E,8,1.77,E,8,-9900,?,9,-9900,?,9,0.0,E,8,-9900,?,9,-9900,?,9,0.0,0.0,E,8
12/16/2019,17:00,586.408,1411.544,251.03,1,8,141.738,1,8,192.229,1,8,30123.6,1,8,13465.149,1,8,21145.175,1,8,147.493,1,8,-9900,?,9,-9900,?,9,22.06,E,8,15.77,E,8,67.0,E,8,872.5394,E,8,999.0,E,8,1.2,E,8,-9900,?,9,-9900,?,9,0.0,E,8,-9900,?,9,-9900,?,9,0.0,0.0,E,8
12/16/2019,18:00,277.785,1411.544,122.86,1,8,284.863,1,8,67.192,1,8,14743.2,1,8,27061.972,1,8,7391.14,1,8,109.446,1,8,-9900,?,9,-9900,?,9,21.16,E,8,15.51,E,8,70.0,E,8,872.5394,E,8,999.0,E,8,0.55,E,8,-9900,?,9,-9900,?,9,0.0,E,8,-9900,?,9,-9900,?,9,0.0,0.0,E,8
12/16/2019,19:00,0.0,1411.544,11.97,1,8,0.0,1,8,0.0,1,8,1436.4,1,8,0.0,1,8,0.0,1,8,-0.0,1,8,-9900,?,9,-9900,?,9,20.32,E,8,15.26,E,8,72.0,E,8,872.5394,E,8,999.0,E,8,0.3,E,8,-9900,?,9,-9900,?,9,0.0,E,8,-9900,?,9,-9900,?,9,0.0,0.0,E,8
12/16/2019,20:00,0.0,1411.544,0.0,1,8,0.0,1,8,0.0,1,8,0.0,1,8,0.0,1,8,0.0,1,8,-0.0,1,8,-9900,?,9,-9900,?,9,19.48,E,8,15.01,E,8,75.0,E,8,872.5394,E,8,999.0,E,8,0.3,E,8,-9900,?,9,-9900,?,9,0.0,E,8,-9900,?,9,-9900,?,9,0.0,0.0,E,8
12/16/2019,21:00,0.0,1411.544,0.0,1,8,0.0,1,8,0.0,1,8,0.0,1,8,0.0,1,8,0.0,1,8,-0.0,1,8,-9900,?,9,-9900,?,9,18.64,E,8,14.76,E,8,78.0,E,8,872.5394,E,8,999.0,E,8,0.3,E,8,-9900,?,9,-9900,?,9,0.0,E,8,-9900,?,9,-9900,?,9,0.0,0.0,E,8
12/16/2019,22:00,0.0,1411.544,0.0,1,8,0.0,1,8,0.0,1,8,0.0,1,8,0.0,1,8,0.0,1,8,-0.0,1,8,-9900,?,9,-9900,?,9,17.8,E,8,14.5,E,8,81.0,E,8,872.5394,E,8,999.0,E,8,0.3,E,8,-9900,?,9,-9900,?,9,0.0,E,8,-9900,?,9,-9900,?,9,0.0,0.0,E,8
12/16/2019,23:00,0.0,1411.544,0.0,1,8,0.0,1,8,0.0,1,8,0.0,1,8,0.0,1,8,0.0,1,8,-0.0,1,8,-9900,?,9,-9900,?,9,16.96,E,8,14.24,E,8,83.0,E,8,872.5394,E,8,999.0,E,8,0.3,E,8,-9900,?,9,-9900,?,9,0.0,E,8,-9900,?,9,-9900,?,9,0.0,0.0,E,8
12/16/2019,24:00,0.0,1411.544,0.0,1,8,0.0,1,8,0.0,1,8,0.0,1,8,0.0,1,8,0.0,1,8,-0.0,1,8,-9900,?,9,-9900,?,9,16.12,E,8,14.69,E,8,88.0,E,8,872.5394,E,8,999.0,E,8,0.1,E,8,-9900,?,9,-9900,?,9,0.0,E,8,-9900,?,9,-9900,?,9,0.0,0.0,E,8
12/17/2019,01:00,0.0,1411.544,0.0,1,8,0.0,1,8,0.0,1,8,0.0,1,8,0.0,1,8,0.0,1,8,-0.0,1,8,-9900,?,9,-9900,?,9,15.7,E,8,14.51,E,8,90.0,E,8,872.5394,E,8,999.0,E,8,0.1,E,8,-9900,?,9,-9900,?,9,0.0,E,8,-9900,?,9,-9900,?,9,0.0,0.0,E,8
12/17/2019,02:00,0.0,1411.544,0.0,1,8,0.0,1,8,0.0,1,8,0.0,1,8,0.0,1,8,0.0,1,8,-0.0,1,8,-9900,?,9,-9900,?,9,15.28,E,8,14.31,E,8,91.0,E,8,872.5394,E,8,999.0,E,8,0.1,E,8,-9900,?,9,-9900,?,9,0.0,E,8,-9900,?,9,-9900,?,9,0.0,0.0,E,8
12/17/2019,03:00,0.0,1411.544,0.0,1,8,0.0,1,8,0.0,1,8,0.0,1,8,0.0,1,8,0.0,1,8,-0.0,1,8,-9900,?,9,-9900,?,9,14.86,E,8,14.12,E,8,92.0,E,8,872.5394,E,8,999.0,E,8,0.19,E,8,-9900,?,9,-9900,?,9,0.0,E,8,-9900,?,9,-9900,?,9,0.0,0.0,E,8
12/17/2019,04:00,0.0,1411.805,0.0,1,8,0.0,1,8,0.0,1,8,0.0,1,8,0.0,1,8,0.0,1,8,-0.0,1,8,-9900,?,9,-9900,?,9,14.44,E,8,13.93,E,8,93.0,E,8,872.5394,E,8,999.0,E,8,0.22,E,8,-9900,?,9,-9900,?,9,0.0,E,8,-9900,?,9,-9900,?,9,0.0,0.0,E,8
12/17/2019,05:00,0.0,1411.805,0.0,1,8,0.0,1,8,0.0,1,8,0.0,1,8,0.0,1,8,0.0,1,8,-0.0,1,8,-9900,?,9,-9900,?,9,14.07,E,8,13.75,E,8,94.0,E,8,872.5394,E,8,999.0,E,8,0.15,E,8,-9900,?,9,-9900,?,9,0.0,E,8,-9900,?,9,-9900,?,9,0.0,0.0,E,8
12/17/2019,06:00,129.245,1411.805,0.0,1,8,0.0,1,8,0.0,1,8,0.0,1,8,0.0,1,8,0.0,1,8,0.0,1,8,-9900,?,9,-9900,?,9,13.8,E,8,13.62,E,8,99.0,E,8,872.5394,E,8,999.0,E,8,0.11,E,8,-9900,?,9,-9900,?,9,0.003,E,8,-9900,?,9,-9900,?,9,0.03,99.0,E,8
12/17/2019,07:00,441.417,1411.805,45.32,1,8,0.0,1,8,45.32,1,8,5438.4,1,8,0.0,1,8,4985.2,1,8,46.262,1,8,-9900,?,9,-9900,?,9,13.52,E,8,13.49,E,8,96.0,E,8,872.5394,E,8,999.0,E,8,0.12,E,8,-9900,?,9,-9900,?,9,0.0,E,8,-9900,?,9,-9900,?,9,0.0,0.0,E,8
12/17/2019,08:00,739.423,1411.805,135.52,1,8,0.0,1,8,135.52,1,8,16262.4,1,8,0.0,1,8,14907.2,1,8,82.427,1,8,-9900,?,9,-9900,?,9,16.19,E,8,14.73,E,8,93.0,E,8,872.5394,E,8,999.0,E,8,0.11,E,8,-9900,?,9,-9900,?,9,0.008,E,8,-9900,?,9,-9900,?,9,0.08,99.0,E,8
12/17/2019,09:00,1001.145,1411.805,223.49,1,8,2.373,1,8,221.807,1,8,26818.8,1,8,225.479,1,8,24398.815,1,8,99.593,1,8,-9900,?,9,-9900,?,9,17.5,E,8,15.3,E,8,85.0,E,8,872.5394,E,8,999.0,E,8,0.12,E,8,-9900,?,9,-9900,?,9,0.0,E,8,-9900,?,9,-9900,?,9,0.0,0.0,E,8
12/17/2019,10:00,1208.539,1411.805,298.39,1,8,9.313,1,8,290.419,1,8,35806.8,1,8,884.727,1,8,31946.066,1,8,108.003,1,8,-9900,?,9,-9900,?,9,18.7,E,8,15.81,E,8,90.0,E,8,872.5394,E,8,999.0,E,8,0.21,E,8,-9900,?,9,-9900,?,9,0.186,E,8,-9900,?,9,-9900,?,9,1.86,99.0,E,8
12/17/2019,11:00,1347.418,1411.805,354.02,1,8,19.968,1,8,334.963,1,8,42482.4,1,8,1896.989,1,8,36845.921,1,8,111.72,1,8,-9900,?,9,-9900,?,9,19.76,E,8,16.25,E,8,79.0,E,8,872.5394,E,8,999.0,E,8,0.33,E,8,-9900,?,9,-9900,?,9,0.0,E,8,-9900,?,9,-9900,?,9,0.0,0.0,E,8
12/17/2019,12:00,1408.304,1411.805,386.2,1,8,21.425,1,8,364.828,1,8,46344.0,1,8,2035.38,1,8,40131.092,1,8,116.417,1,8,-9900,?,9,-9900,?,9,20.62,E,8,16.6,E,8,81.0,E,8,872.5394,E,8,999.0,E,8,0.31,E,8,-9900,?,9,-9900,?,9,0.001,E,8,-9900,?,9,-9900,?,9,0.01,99.0,E,8
12/17/2019,13:00,1387.044,1411.805,392.58,1,8,25.236,1,8,367.787,1,8,47109.6,1,8,2397.386,1,8,40456.593,1,8,119.161,1,8,-9900,?,9,-9900,?,9,21.26,E,8,16.85,E,8,80.0,E,8,872.5394,E,8,999.0,E,8,0.6,E,8,-9900,?,9,-9900,?,9,0.002,E,8,-9900,?,9,-9900,?,9,0.02,99.0,E,8
12/17/2019,14:00,1285.093,1411.805,372.73,1,8,26.052,1,8,349.018,1,8,44727.6,1,8,2474.932,1,8,38391.952,1,8,122.057,1,8,-9900,?,9,-9900,?,9,21.66,E,8,17.01,E,8,74.0,E,8,872.5394,E,8,999.0,E,8,1.19,E,8,-9900,?,9,-9900,?,9,0.0,E,8,-9900,?,9,-9900,?,9,0.0,0.0,E,8
12/17/2019,15:00,1109.41,1411.805,328.06,1,8,27.206,1,8,306.685,1,8,39367.2,1,8,2584.562,1,8,33735.376,1,8,124.252,1,8,-9900,?,9,-9900,?,9,21.84,E,8,17.08,E,8,74.0,E,8,872.5394,E,8,999.0,E,8,0.94,E,8,-9900,?,9,-9900,?,9,0.0,E,8,-9900,?,9,-9900,?,9,0.0,0.0,E,8
12/17/2019,16:00,872.002,1411.805,261.86,1,8,14.722,1,8,252.771,1,8,31423.2,1,8,1398.56,1,8,27804.862,1,8,130.329,1,8,-9900,?,9,-9900,?,9,21.74,E,8,17.04,E,8,74.0,E,8,872.5394,E,8,999.0,E,8,1.07,E,8,-9900,?,9,-9900,?,9,0.0,E,8,-9900,?,9,-9900,?,9,0.0,0.0,E,8
12/17/2019,17:00,589.153,1411.805,179.29,1,8,33.789,1,8,165.209,1,8,21514.8,1,8,3209.922,1,8,18173.025,1,8,126.192,1,8,-9900,?,9,-9900,?,9,21.28,E,8,16.86,E,8,75.0,E,8,872.5394,E,8,999.0,E,8,1.5,E,8,-9900,?,9,-9900,?,9,0.0,E,8,-9900,?,9,-9900,?,9,0.0,0.0,E,8
12/17/2019,18:00,280.68,1411.805,88.18,1,8,52.112,1,8,77.891,1,8,10581.6,1,8,4950.653,1,8,8567.964,1,8,125.569,1,8,-9900,?,9,-9900,?,9,20.51,E,8,16.55,E,8,77.0,E,8,872.5394,E,8,999.0,E,8,1.5,E,8,-9900,?,9,-9900,?,9,0.0,E,8,-9900,?,9,-9900,?,9,0.0,0.0,E,8
12/17/2019,19:00,0.0,1411.805,8.96,1,8,0.0,1,8,0.0,1,8,1075.2,1,8,0.0,1,8,0.0,1,8,-0.0,1,8,-9900,?,9,-9900,?,9,19.56,E,8,16.17,E,8,79.0,E,8,872.5394,E,8,999.0,E,8,2.18,E,8,-9900,?,9,-9900,?,9,0.0,E,8,-9900,?,9,-9900,?,9,0.0,0.0,E,8
12/17/2019,20:00,0.0,1411.805,0.0,1,8,0.0,1,8,0.0,1,8,0.0,1,8,0.0,1,8,0.0,1,8,-0.0,1,8,-9900,?,9,-9900,?,9,18.75,E,8,15.83,E,8,81.0,E,8,872.5394,E,8,999.0,E,8,1.24,E,8,-9900,?,9,-9900,?,9,0.0,E,8,-9900,?,9,-9900,?,9,0.0,0.0,E,8
12/17/2019,21:00,0.0,1411.805,0.0,1,8,0.0,1,8,0.0,1,8,0.0,1,8,0.0,1,8,0.0,1,8,-0.0,1,8,-9900,?,9,-9900,?,9,17.94,E,8,15.49,E,8,84.0,E,8,872.5394,E,8,999.0,E,8,0.81,E,8,-9900,?,9,-9900,?,9,0.0,E,8,-9900,?,9,-9900,?,9,0.0,0.0,E,8
12/17/2019,22:00,0.0,1411.805,0.0,1,8,0.0,1,8,0.0,1,8,0.0,1,8,0.0,1,8,0.0,1,8,-0.0,1,8,-9900,?,9,-9900,?,9,17.13,E,8,15.14,E,8,86.0,E,8,872.5394,E,8,999.0,E,8,0.89,E,8,-9900,?,9,-9900,?,9,0.0,E,8,-9900,?,9,-9900,?,9,0.0,0.0,E,8
12/17/2019,23:00,0.0,1411.805,0.0,1,8,0.0,1,8,0.0,1,8,0.0,1,8,0.0,1,8,0.0,1,8,-0.0,1,8,-9900,?,9,-9900,?,9,16.32,E,8,14.78,E,8,88.0,E,8,872.5394,E,8,999.0,E,8,1.37,E,8,-9900,?,9,-9900,?,9,0.0,E,8,-9900,?,9,-9900,?,9,0.0,0.0,E,8
12/17/2019,24:00,0.0,1411.805,0.0,1,8,0.0,1,8,0.0,1,8,0.0,1,8,0.0,1,8,0.0,1,8,-0.0,1,8,-9900,?,9,-9900,?,9,15.51,E,8,13.0,E,8,85.0,E,8,872.5394,E,8,999.0,E,8,3.03,E,8,-9900,?,9,-9900,?,9,0.0,E,8,-9900,?,9,-9900,?,9,0.0,0.0,E,8
12/18/2019,01:00,0.0,1411.805,0.0,1,8,0.0,1,8,0.0,1,8,0.0,1,8,0.0,1,8,0.0,1,8,-0.0,1,8,-9900,?,9,-9900,?,9,15.1,E,8,13.0,E,8,87.0,E,8,872.5394,E,8,999.0,E,8,3.43,E,8,-9900,?,9,-9900,?,9,0.0,E,8,-9900,?,9,-9900,?,9,0.0,0.0,E,8
12/18/2019,02:00,0.0,1411.805,0.0,1,8,0.0,1,8,0.0,1,8,0.0,1,8,0.0,1,8,0.0,1,8,-0.0,1,8,-9900,?,9,-9900,?,9,14.69,E,8,12.99,E,8,89.0,E,8,872.5394,E,8,999.0,E,8,2.81,E,8,-9900,?,9,-9900,?,9,0.0,E,8,-9900,?,9,-9900,?,9,0.0,0.0,E,8
12/18/2019,03:00,0.0,1411.805,0.0,1,8,0.0,1,8,0.0,1,8,0.0,1,8,0.0,1,8,0.0,1,8,-0.0,1,8,-9900,?,9,-9900,?,9,14.29,E,8,12.98,E,8,91.0,E,8,872.5394,E,8,999.0,E,8,1.8,E,8,-9900,?,9,-9900,?,9,0.0,E,8,-9900,?,9,-9900,?,9,0.0,0.0,E,8
12/18/2019,04:00,0.0,1412.053,0.0,1,8,0.0,1,8,0.0,1,8,0.0,1,8,0.0,1,8,0.0,1,8,-0.0,1,8,-9900,?,9,-9900,?,9,13.88,E,8,12.97,E,8,94.0,E,8,872.5394,E,8,999.0,E,8,1.08,E,8,-9900,?,9,-9900,?,9,0.0,E,8,-9900,?,9,-9900,?,9,0.0,0.0,E,8
12/18/2019,05:00,0.0,1412.053,0.0,1,8,0.0,1,8,0.0,1,8,0.0,1,8,0.0,1,8,0.0,1,8,-0.0,1,8,-9900,?,9,-9900,?,9,13.52,E,8,12.97,E,8,96.0,E,8,872.5394,E,8,999.0,E,8,0.9,E,8,-9900,?,9,-9900,?,9,0.0,E,8,-9900,?,9,-9900,?,9,0.0,0.0,E,8
12/18/2019,06:00,127.065,1412.053,0.0,1,8,0.0,1,8,0.0,1,8,0.0,1,8,0.0,1,8,0.0,1,8,0.0,1,8,-9900,?,9,-9900,?,9,13.25,E,8,12.96,E,8,98.0,E,8,872.5394,E,8,999.0,E,8,1.07,E,8,-9900,?,9,-9900,?,9,0.0,E,8,-9900,?,9,-9900,?,9,0.0,0.0,E,8
12/18/2019,07:00,439.201,1412.053,67.87,1,8,0.0,1,8,67.87,1,8,8144.4,1,8,0.0,1,8,7465.7,1,8,69.645,1,8,-9900,?,9,-9900,?,9,12.99,E,8,12.96,E,8,99.0,E,8,872.5394,E,8,999.0,E,8,0.66,E,8,-9900,?,9,-9900,?,9,0.0,E,8,-9900,?,9,-9900,?,9,0.0,0.0,E,8
12/18/2019,08:00,737.39,1412.053,204.72,1,8,12.16,1,8,198.375,1,8,24566.4,1,8,1155.188,1,8,21821.242,1,8,121.012,1,8,-9900,?,9,-9900,?,9,16.4,E,8,13.02,E,8,80.0,E,8,872.5394,E,8,999.0,E,8,0.66,E,8,-9900,?,9,-9900,?,9,0.0,E,8,-9900,?,9,-9900,?,9,0.0,0.0,E,8
12/18/2019,09:00,999.461,1412.053,338.38,1,8,46.066,1,8,305.784,1,8,40605.6,1,8,4376.239,1,8,33636.233,1,8,137.555,1,8,-9900,?,9,-9900,?,9,18.08,E,8,13.05,E,8,72.0,E,8,872.5394,E,8,999.0,E,8,0.66,E,8,-9900,?,9,-9900,?,9,0.0,E,8,-9900,?,9,-9900,?,9,0.0,0.0,E,8
12/18/2019,10:00,1207.341,1412.053,452.31,1,8,27.228,1,8,429.032,1,8,54277.2,1,8,2586.682,1,8,47193.486,1,8,159.738,1,8,-9900,?,9,-9900,?,9,19.64,E,8,13.08,E,8,65.0,E,8,872.5394,E,8,999.0,E,8,1.26,E,8,-9900,?,9,-9900,?,9,0.0,E,8,-9900,?,9,-9900,?,9,0.0,0.0,E,8
12/18/2019,11:00,1346.812,1412.053,537.03,1,8,57.824,1,8,481.879,1,8,64443.6,1,8,5493.287,1,8,53006.709,1,8,160.822,1,8,-9900,?,9,-9900,?,9,20.99,E,8,13.1,E,8,60.0,E,8,872.5394,E,8,999.0,E,8,2.42,E,8,-9900,?,9,-9900,?,9,0.0,E,8,-9900,?,9,-9900,?,9,0.0,0.0,E,8
12/18/2019,12:00,1408.353,1412.053,586.19,1,8,83.92,1,8,502.49,1,8,70342.8,1,8,7972.399,1,8,55273.905,1,8,160.368,1,8,-9900,?,9,-9900,?,9,22.1,E,8,13.12,E,8,56.0,E,8,872.5394,E,8,999.0,E,8,2.68,E,8,-9900,?,9,-9900,?,9,0.0,E,8,-9900,?,9,-9900,?,9,0.0,0.0,E,8
12/18/2019,13:00,1387.766,1412.053,596.22,1,8,96.316,1,8,501.562,1,8,71546.4,1,8,9150.017,1,8,55171.774,1,8,162.448,1,8,-9900,?,9,-9900,?,9,22.93,E,8,13.14,E,8,54.0,E,8,872.5394,E,8,999.0,E,8,6.97,E,8,-9900,?,9,-9900,?,9,0.0,E,8,-9900,?,9,-9900,?,9,0.0,0.0,E,8
12/18/2019,14:00,1286.46,1412.053,566.39,1,8,113.921,1,8,462.608,1,8,67966.8,1,8,10822.519,1,8,50886.829,1,8,161.638,1,8,-9900,?,9,-9900,?,9,23.46,E,8,13.15,E,8,52.0,E,8,872.5394,E,8,999.0,E,8,7.28,E,8,-9900,?,9,-9900,?,9,0.0,E,8,-9900,?,9,-9900,?,9,0.0,0.0,E,8
12/18/2019,15:00,1111.35,1412.053,498.86,1,8,150.895,1,8,380.12,1,8,59863.2,1,8,14335.033,1,8,41813.215,1,8,153.762,1,8,-9900,?,9,-9900,?,9,23.68,E,8,13.15,E,8,51.0,E,8,872.5394,E,8,999.0,E,8,9.02,E,8,-9900,?,9,-9900,?,9,0.0,E,8,-9900,?,9,-9900,?,9,0.0,0.0,E,8
12/18/2019,16:00,874.402,1412.053,398.6,1,8,126.958,1,8,320.019,1,8,47832.0,1,8,12060.993,1,8,35202.145,1,8,164.578,1,8,-9900,?,9,-9900,?,9,23.56,E,8,13.15,E,8,52.0,E,8,872.5394,E,8,999.0,E,8,8.56,E,8,-9900,?,9,-9900,?,9,0.0,E,8,-9900,?,9,-9900,?,9,0.0,0.0,E,8
12/18/2019,17:00,591.868,1412.053,273.4,1,8,189.796,1,8,193.955,1,8,32808.0,1,8,18030.605,1,8,21335.053,1,8,147.493,1,8,-9900,?,9,-9900,?,9,22.97,E,8,13.14,E,8,53.0,E,8,872.5394,E,8,999.0,E,8,6.58,E,8,-9900,?,9,-9900,?,9,0.0,E,8,-9900,?,9,-9900,?,9,0.0,0.0,E,8
12/18/2019,18:00,283.531,1412.053,135.1,1,8,361.822,1,8,62.936,1,8,16212.0,1,8,34373.101,1,8,6922.971,1,8,100.444,1,8,-9900,?,9,-9900,?,9,22.0,E,8,13.12,E,8,57.0,E,8,872.5394,E,8,999.0,E,8,4.81,E,8,-9900,?,9,-9900,?,9,0.0,E,8,-9900,?,9,-9900,?,9,0.0,0.0,E,8
12/18/2019,19:00,0.0,1412.053,14.28,1,8,0.0,1,8,0.0,1,8,1713.6,1,8,0.0,1,8,0.0,1,8,-0.0,1,8,-9900,?,9,-9900,?,9,20.77,E,8,13.1,E,8,61.0,E,8,872.5394,E,8,999.0,E,8,1.68,E,8,-9900,?,9,-9900,?,9,0.0,E,8,-9900,?,9,-9900,?,9,0.0,0.0,E,8
12/18/2019,20:00,0.0,1412.053,0.0,1,8,0.0,1,8,0.0,1,8,0.0,1,8,0.0,1,8,0.0,1,8,-0.0,1,8,-9900,?,9,-9900,?,9,20.17,E,8,13.09,E,8,63.0,E,8,872.5394,E,8,999.0,E,8,1.11,E,8,-9900,?,9,-9900,?,9,0.0,E,8,-9900,?,9,-9900,?,9,0.0,0.0,E,8
12/18/2019,21:00,0.0,1412.053,0.0,1,8,0.0,1,8,0.0,1,8,0.0,1,8,0.0,1,8,0.0,1,8,-0.0,1,8,-9900,?,9,-9900,?,9,19.56,E,8,13.08,E,8,66.0,E,8,872.5394,E,8,999.0,E,8,0.66,E,8,-9900,?,9,-9900,?,9,0.0,E,8,-9900,?,9,-9900,?,9,0.0,0.0,E,8
12/18/2019,22:00,0.0,1412.053,0.0,1,8,0.0,1,8,0.0,1,8,0.0,1,8,0.0,1,8,0.0,1,8,-0.0,1,8,-9900,?,9,-9900,?,9,18.95,E,8,13.07,E,8,68.0,E,8,872.5394,E,8,999.0,E,8,0.66,E,8,-9900,?,9,-9900,?,9,0.0,E,8,-9900,?,9,-9900,?,9,0.0,0.0,E,8
12/18/2019,23:00,0.0,1412.053,0.0,1,8,0.0,1,8,0.0,1,8,0.0,1,8,0.0,1,8,0.0,1,8,-0.0,1,8,-9900,?,9,-9900,?,9,18.35,E,8,13.05,E,8,71.0,E,8,872.5394,E,8,999.0,E,8,0.66,E,8,-9900,?,9,-9900,?,9,0.0,E,8,-9900,?,9,-9900,?,9,0.0,0.0,E,8
12/18/2019,24:00,0.0,1412.053,0.0,1,8,0.0,1,8,0.0,1,8,0.0,1,8,0.0,1,8,0.0,1,8,-0.0,1,8,-9900,?,9,-9900,?,9,17.74,E,8,16.09,E,8,90.0,E,8,872.5394,E,8,999.0,E,8,0.3,E,8,-9900,?,9,-9900,?,9,0.0,E,8,-9900,?,9,-9900,?,9,0.0,0.0,E,8
12/19/2019,01:00,0.0,1412.053,0.0,1,8,0.0,1,8,0.0,1,8,0.0,1,8,0.0,1,8,0.0,1,8,-0.0,1,8,-9900,?,9,-9900,?,9,17.44,E,8,16.05,E,8,91.0,E,8,872.5394,E,8,999.0,E,8,0.65,E,8,-9900,?,9,-9900,?,9,0.0,E,8,-9900,?,9,-9900,?,9,0.0,0.0,E,8
12/19/2019,02:00,0.0,1412.053,0.0,1,8,0.0,1,8,0.0,1,8,0.0,1,8,0.0,1,8,0.0,1,8,-0.0,1,8,-9900,?,9,-9900,?,9,17.14,E,8,16.01,E,8,98.0,E,8,872.5394,E,8,999.0,E,8,0.68,E,8,-9900,?,9,-9900,?,9,0.001,E,8,-9900,?,9,-9900,?,9,0.01,99.0,E,8
12/19/2019,03:00,0.0,1412.053,0.0,1,8,0.0,1,8,0.0,1,8,0.0,1,8,0.0,1,8,0.0,1,8,-0.0,1,8,-9900,?,9,-9900,?,9,16.83,E,8,15.97,E,8,94.0,E,8,872.5394,E,8,999.0,E,8,0.6,E,8,-9900,?,9,-9900,?,9,0.0,E,8,-9900,?,9,-9900,?,9,0.0,0.0,E,8
12/19/2019,04:00,0.0,1412.286,0.0,1,8,0.0,1,8,0.0,1,8,0.0,1,8,0.0,1,8,0.0,1,8,-0.0,1,8,-9900,?,9,-9900,?,9,16.53,E,8,15.92,E,8,96.0,E,8,872.5394,E,8,999.0,E,8,0.97,E,8,-9900,?,9,-9900,?,9,0.0,E,8,-9900,?,9,-9900,?,9,0.0,0.0,E,8
12/19/2019,05:00,0.0,1412.286,0.0,1,8,0.0,1,8,0.0,1,8,0.0,1,8,0.0,1,8,0.0,1,8,-0.0,1,8,-9900,?,9,-9900,?,9,16.26,E,8,15.89,E,8,97.0,E,8,872.5394,E,8,999.0,E,8,0.56,E,8,-9900,?,9,-9900,?,9,0.0,E,8,-9900,?,9,-9900,?,9,0.0,0.0,E,8
12/19/2019,06:00,124.803,1412.286,0.0,1,8,0.0,1,8,0.0,1,8,0.0,1,8,0.0,1,8,0.0,1,8,0.0,1,8,-9900,?,9,-9900,?,9,16.06,E,8,15.86,E,8,98.0,E,8,872.5394,E,8,999.0,E,8,0.26,E,8,-9900,?,9,-9900,?,9,0.0,E,8,-9900,?,9,-9900,?,9,0.0,0.0,E,8
12/19/2019,07:00,436.915,1412.286,59.04,1,8,0.0,1,8,59.04,1,8,7084.8,1,8,0.0,1,8,6494.4,1,8,60.913,1,8,-9900,?,9,-9900,?,9,15.86,E,8,15.83,E,8,99.0,E,8,872.5394,E,8,999.0,E,8,0.2,E,8,-9900,?,9,-9900,?,9,0.0,E,8,-9900,?,9,-9900,?,9,0.0,0.0,E,8
12/19/2019,08:00,735.3,1412.286,179.71,1,8,5.773,1,8,176.707,1,8,21565.2,1,8,548.449,1,8,19437.726,1,8,108.119,1,8,-9900,?,9,-9900,?,9,18.02,E,8,16.13,E,8,88.0,E,8,872.5394,E,8,999.0,E,8,0.33,E,8,-9900,?,9,-9900,?,9,0.0,E,8,-9900,?,9,-9900,?,9,0.0,0.0,E,8
12/19/2019,09:00,997.733,1412.286,297.76,1,8,10.416,1,8,290.404,1,8,35731.2,1,8,989.535,1,8,31944.385,1,8,130.885,1,8,-9900,?,9,-9900,?,9,19.1,E,8,16.28,E,8,83.0,E,8,872.5394,E,8,999.0,E,8,0.69,E,8,-9900,?,9,-9900,?,9,0.0,E,8,-9900,?,9,-9900,?,9,0.0,0.0,E,8
12/19/2019,10:00,1206.112,1412.286,398.48,1,8,17.696,1,8,383.369,1,8,47817.6,1,8,1681.09,1,8,42170.622,1,8,142.906,1,8,-9900,?,9,-9900,?,9,20.1,E,8,16.42,E,8,79.0,E,8,872.5394,E,8,999.0,E,8,1.42,E,8,-9900,?,9,-9900,?,9,0.0,E,8,-9900,?,9,-9900,?,9,0.0,0.0,E,8
12/19/2019,11:00,1346.184,1412.286,473.48,1,8,37.324,1,8,437.904,1,8,56817.6,1,8,3545.803,1,8,48169.414,1,8,146.238,1,8,-9900,?,9,-9900,?,9,20.97,E,8,16.54,E,8,75.0,E,8,872.5394,E,8,999.0,E,8,1.5,E,8,-9900,?,9,-9900,?,9,0.0,E,8,-9900,?,9,-9900,?,9,0.0,0.0,E,8
12/19/2019,12:00,1408.387,1412.286,517.13,1,8,41.595,1,8,475.65,1,8,62055.6,1,8,3951.535,1,8,52321.477,1,8,151.823,1,8,-9900,?,9,-9900,?,9,21.68,E,8,16.63,E,8,72.0,E,8,872.5394,E,8,999.0,E,8,1.91,E,8,-9900,?,9,-9900,?,9,0.0,E,8,-9900,?,9,-9900,?,9,0.0,0.0,E,8
12/19/2019,13:00,1388.478,1412.286,526.26,1,8,46.859,1,8,480.192,1,8,63151.2,1,8,4451.576,1,8,52821.088,1,8,155.472,1,8,-9900,?,9,-9900,?,9,22.21,E,8,16.7,E,8,70.0,E,8,872.5394,E,8,999.0,E,8,3.2,E,8,-9900,?,9,-9900,?,9,0.0,E,8,-9900,?,9,-9900,?,9,0.0,0.0,E,8
12/19/2019,14:00,1287.816,1412.286,500.23,1,8,54.458,1,8,450.575,1,8,60027.6,1,8,5173.497,1,8,49563.21,1,8,157.294,1,8,-9900,?,9,-9900,?,9,22.55,E,8,16.75,E,8,69.0,E,8,872.5394,E,8,999.0,E,8,3.65,E,8,-9900,?,9,-9900,?,9,0.0,E,8,-9900,?,9,-9900,?,9,0.0,0.0,E,8
12/19/2019,15:00,1113.275,1412.286,440.9,1,8,55.364,1,8,397.266,1,8,52908.0,1,8,5259.545,1,8,43699.243,1,8,160.446,1,8,-9900,?,9,-9900,?,9,22.69,E,8,16.77,E,8,69.0,E,8,872.5394,E,8,999.0,E,8,4.41,E,8,-9900,?,9,-9900,?,9,0.0,E,8,-9900,?,9,-9900,?,9,0.0,0.0,E,8
12/19/2019,16:00,876.779,1412.286,352.63,1,8,76.219,1,8,305.333,1,8,42315.6,1,8,7240.844,1,8,33586.671,1,8,156.625,1,8,-9900,?,9,-9900,?,9,22.62,E,8,16.76,E,8,69.0,E,8,872.5394,E,8,999.0,E,8,3.32,E,8,-9900,?,9,-9900,?,9,0.0,E,8,-9900,?,9,-9900,?,9,0.0,0.0,E,8
12/19/2019,17:00,594.549,1412.286,242.29,1,8,106.436,1,8,197.543,1,8,29074.8,1,8,10111.379,1,8,21729.728,1,8,149.567,1,8,-9900,?,9,-9900,?,9,22.25,E,8,16.71,E,8,70.0,E,8,872.5394,E,8,999.0,E,8,2.61,E,8,-9900,?,9,-9900,?,9,0.0,E,8,-9900,?,9,-9900,?,9,0.0,0.0,E,8
12/19/2019,18:00,286.337,1412.286,120.28,1,8,195.265,1,8,80.951,1,8,14433.6,1,8,18550.173,1,8,8904.631,1,8,127.934,1,8,-9900,?,9,-9900,?,9,21.62,E,8,16.62,E,8,78.0,E,8,872.5394,E,8,999.0,E,8,1.43,E,8,-9900,?,9,-9900,?,9,0.004,E,8,-9900,?,9,-9900,?,9,0.04,99.0,E,8
12/19/2019,19:00,0.0,1412.286,13.21,1,8,0.0,1,8,0.0,1,8,1585.2,1,8,0.0,1,8,0.0,1,8,-0.0,1,8,-9900,?,9,-9900,?,9,20.85,E,8,16.52,E,8,81.0,E,8,872.5394,E,8,999.0,E,8,0.84,E,8,-9900,?,9,-9900,?,9,0.094,E,8,-9900,?,9,-9900,?,9,0.94,99.0,E,8
12/19/2019,20:00,0.0,1412.286,0.0,1,8,0.0,1,8,0.0,1,8,0.0,1,8,0.0,1,8,0.0,1,8,-0.0,1,8,-9900,?,9,-9900,?,9,20.0,E,8,16.41,E,8,79.0,E,8,872.5394,E,8,999.0,E,8,0.37,E,8,-9900,?,9,-9900,?,9,0.0,E,8,-9900,?,9,-9900,?,9,0.0,0.0,E,8
12/19/2019,21:00,0.0,1412.286,0.0,1,8,0.0,1,8,0.0,1,8,0.0,1,8,0.0,1,8,0.0,1,8,-0.0,1,8,-9900,?,9,-9900,?,9,19.15,E,8,16.29,E,8,83.0,E,8,872.5394,E,8,999.0,E,8,0.34,E,8,-9900,?,9,-9900,?,9,0.0,E,8,-9900,?,9,-9900,?,9,0.0,0.0,E,8
12/19/2019,22:00,0.0,1412.286,0.0,1,8,0.0,1,8,0.0,1,8,0.0,1,8,0.0,1,8,0.0,1,8,-0.0,1,8,-9900,?,9,-9900,?,9,18.31,E,8,16.17,E,8,92.0,E,8,872.5394,E,8,999.0,E,8,0.23,E,8,-9900,?,9,-9900,?,9,0.001,E,8,-9900,?,9,-9900,?,9,0.01,99.0,E,8
12/19/2019,23:00,0.0,1412.286,0.0,1,8,0.0,1,8,0.0,1,8,0.0,1,8,0.0,1,8,0.0,1,8,-0.0,1,8,-9900,?,9,-9900,?,9,17.46,E,8,16.05,E,8,91.0,E,8,872.5394,E,8,999.0,E,8,0.15,E,8,-9900,?,9,-9900,?,9,0.0,E,8,-9900,?,9,-9900,?,9,0.0,0.0,E,8
12/19/2019,24:00,0.0,1412.286,0.0,1,8,0.0,1,8,0.0,1,8,0.0,1,8,0.0,1,8,0.0,1,8,-0.0,1,8,-9900,?,9,-9900,?,9,16.61,E,8,14.37,E,8,86.0,E,8,872.5394,E,8,999.0,E,8,0.55,E,8,-9900,?,9,-9900,?,9,0.0,E,8,-9900,?,9,-9900,?,9,0.0,0.0,E,8
12/20/2019,01:00,0.0,1412.286,0.0,1,8,0.0,1,8,0.0,1,8,0.0,1,8,0.0,1,8,0.0,1,8,-0.0,1,8,-9900,?,9,-9900,?,9,16.19,E,8,14.17,E,8,87.0,E,8,872.5394,E,8,999.0,E,8,0.76,E,8,-9900,?,9,-9900,?,9,0.0,E,8,-9900,?,9,-9900,?,9,0.0,0.0,E,8
12/20/2019,02:00,0.0,1412.286,0.0,1,8,0.0,1,8,0.0,1,8,0.0,1,8,0.0,1,8,0.0,1,8,-0.0,1,8,-9900,?,9,-9900,?,9,15.77,E,8,13.96,E,8,89.0,E,8,872.5394,E,8,999.0,E,8,0.72,E,8,-9900,?,9,-9900,?,9,0.0,E,8,-9900,?,9,-9900,?,9,0.0,0.0,E,8
12/20/2019,03:00,0.0,1412.286,0.0,1,8,0.0,1,8,0.0,1,8,0.0,1,8,0.0,1,8,0.0,1,8,-0.0,1,8,-9900,?,9,-9900,?,9,15.34,E,8,13.75,E,8,90.0,E,8,872.5394,E,8,999.0,E,8,0.62,E,8,-9900,?,9,-9900,?,9,0.0,E,8,-9900,?,9,-9900,?,9,0.0,0.0,E,8
12/20/2019,04:00,0.0,1412.504,0.0,1,8,0.0,1,8,0.0,1,8,0.0,1,8,0.0,1,8,0.0,1,8,-0.0,1,8,-9900,?,9,-9900,?,9,14.92,E,8,13.54,E,8,91.0,E,8,872.5394,E,8,999.0,E,8,0.93,E,8,-9900,?,9,-9900,?,9,0.0,E,8,-9900,?,9,-9900,?,9,0.0,0.0,E,8
12/20/2019,05:00,0.0,1412.504,0.0,1,8,0.0,1,8,0.0,1,8,0.0,1,8,0.0,1,8,0.0,1,8,-0.0,1,8,-9900,?,9,-9900,?,9,14.54,E,8,13.35,E,8,92.0,E,8,872.5394,E,8,999.0,E,8,0.56,E,8,-9900,?,9,-9900,?,9,0.0,E,8,-9900,?,9,-9900,?,9,0.0,0.0,E,8
12/20/2019,06:00,122.461,1412.504,0.0,1,8,0.0,1,8,0.0,1,8,0.0,1,8,0.0,1,8,0.0,1,8,0.0,1,8,-9900,?,9,-9900,?,9,14.26,E,8,13.2,E,8,93.0,E,8,872.5394,E,8,999.0,E,8,0.48,E,8,-9900,?,9,-9900,?,9,0.0,E,8,-9900,?,9,-9900,?,9,0.0,0.0,E,8
12/20/2019,07:00,434.558,1412.504,47.93,1,8,0.0,1,8,47.93,1,8,5751.6,1,8,0.0,1,8,5272.3,1,8,49.728,1,8,-9900,?,9,-9900,?,9,13.99,E,8,13.07,E,8,94.0,E,8,872.5394,E,8,999.0,E,8,0.86,E,8,-9900,?,9,-9900,?,9,0.0,E,8,-9900,?,9,-9900,?,9,0.0,0.0,E,8
12/20/2019,08:00,733.156,1412.504,147.29,1,8,0.492,1,8,147.035,1,8,17674.8,1,8,46.777,1,8,16173.809,1,8,90.242,1,8,-9900,?,9,-9900,?,9,16.41,E,8,14.27,E,8,87.0,E,8,872.5394,E,8,999.0,E,8,1.02,E,8,-9900,?,9,-9900,?,9,0.0,E,8,-9900,?,9,-9900,?,9,0.0,0.0,E,8
12/20/2019,09:00,995.963,1412.504,244.65,1,8,5.874,1,8,240.509,1,8,29358.0,1,8,558.074,1,8,26456.003,1,8,108.607,1,8,-9900,?,9,-9900,?,9,17.63,E,8,14.85,E,8,83.0,E,8,872.5394,E,8,999.0,E,8,0.76,E,8,-9900,?,9,-9900,?,9,0.0,E,8,-9900,?,9,-9900,?,9,0.0,0.0,E,8
12/20/2019,10:00,1204.854,1412.504,327.81,1,8,10.884,1,8,318.527,1,8,39337.2,1,8,1034.014,1,8,35037.943,1,8,118.877,1,8,-9900,?,9,-9900,?,9,18.76,E,8,15.37,E,8,80.0,E,8,872.5394,E,8,999.0,E,8,1.24,E,8,-9900,?,9,-9900,?,9,0.0,E,8,-9900,?,9,-9900,?,9,0.0,0.0,E,8
12/20/2019,11:00,1345.537,1412.504,389.81,1,8,23.068,1,8,367.836,1,8,46777.2,1,8,2191.499,1,8,40461.953,1,8,122.917,1,8,-9900,?,9,-9900,?,9,19.74,E,8,15.81,E,8,78.0,E,8,872.5394,E,8,999.0,E,8,2.19,E,8,-9900,?,9,-9900,?,9,0.0,E,8,-9900,?,9,-9900,?,9,0.0,0.0,E,8
12/20/2019,12:00,1408.408,1412.504,426.01,1,8,24.985,1,8,401.098,1,8,51121.2,1,8,2373.54,1,8,44120.765,1,8,128.045,1,8,-9900,?,9,-9900,?,9,20.55,E,8,16.16,E,8,75.0,E,8,872.5394,E,8,999.0,E,8,1.38,E,8,-9900,?,9,-9900,?,9,0.0,E,8,-9900,?,9,-9900,?,9,0.0,0.0,E,8
12/20/2019,13:00,1389.178,1412.504,433.78,1,8,26.723,1,8,407.498,1,8,52053.6,1,8,2538.72,1,8,44824.802,1,8,131.89,1,8,-9900,?,9,-9900,?,9,21.15,E,8,16.42,E,8,74.0,E,8,872.5394,E,8,999.0,E,8,1.85,E,8,-9900,?,9,-9900,?,9,0.0,E,8,-9900,?,9,-9900,?,9,0.0,0.0,E,8
12/20/2019,14:00,1289.161,1412.504,412.56,1,8,28.943,1,8,386.146,1,8,49507.2,1,8,2749.618,1,8,42476.018,1,8,134.682,1,8,-9900,?,9,-9900,?,9,21.54,E,8,16.58,E,8,73.0,E,8,872.5394,E,8,999.0,E,8,1.6,E,8,-9900,?,9,-9900,?,9,0.0,E,8,-9900,?,9,-9900,?,9,0.0,0.0,E,8
12/20/2019,15:00,1115.183,1412.504,363.88,1,8,23.4,1,8,345.408,1,8,43665.6,1,8,2223.039,1,8,37994.932,1,8,139.285,1,8,-9900,?,9,-9900,?,9,21.71,E,8,16.65,E,8,72.0,E,8,872.5394,E,8,999.0,E,8,1.59,E,8,-9900,?,9,-9900,?,9,0.0,E,8,-9900,?,9,-9900,?,9,0.0,0.0,E,8
12/20/2019,16:00,879.132,1412.504,291.31,1,8,16.149,1,8,281.263,1,8,34957.2,1,8,1534.192,1,8,30938.975,1,8,143.913,1,8,-9900,?,9,-9900,?,9,21.63,E,8,16.62,E,8,73.0,E,8,872.5394,E,8,999.0,E,8,1.63,E,8,-9900,?,9,-9900,?,9,0.0,E,8,-9900,?,9,-9900,?,9,0.0,0.0,E,8
12/20/2019,17:00,597.195,1412.504,200.5,1,8,25.087,1,8,189.908,1,8,24060.0,1,8,2383.246,1,8,20889.849,1,8,143.169,1,8,-9900,?,9,-9900,?,9,21.21,E,8,16.44,E,8,74.0,E,8,872.5394,E,8,999.0,E,8,1.05,E,8,-9900,?,9,-9900,?,9,0.0,E,8,-9900,?,9,-9900,?,9,0.0,0.0,E,8
12/20/2019,18:00,289.095,1412.504,99.98,1,8,85.805,1,8,82.532,1,8,11997.6,1,8,8151.461,1,8,9078.513,1,8,129.192,1,8,-9900,?,9,-9900,?,9,20.51,E,8,16.14,E,8,76.0,E,8,872.5394,E,8,999.0,E,8,1.12,E,8,-9900,?,9,-9900,?,9,0.0,E,8,-9900,?,9,-9900,?,9,0.0,0.0,E,8
12/20/2019,19:00,0.0,1412.504,11.38,1,8,0.0,1,8,0.0,1,8,1365.6,1,8,0.0,1,8,0.0,1,8,-0.0,1,8,-9900,?,9,-9900,?,9,19.63,E,8,15.76,E,8,78.0,E,8,872.5394,E,8,999.0,E,8,0.63,E,8,-9900,?,9,-9900,?,9,0.0,E,8,-9900,?,9,-9900,?,9,0.0,0.0,E,8
12/20/2019,20:00,0.0,1412.504,0.0,1,8,0.0,1,8,0.0,1,8,0.0,1,8,0.0,1,8,0.0,1,8,-0.0,1,8,-9900,?,9,-9900,?,9,18.88,E,8,15.42,E,8,80.0,E,8,872.5394,E,8,999.0,E,8,0.58,E,8,-9900,?,9,-9900,?,9,0.0,E,8,-9900,?,9,-9900,?,9,0.0,0.0,E,8
12/20/2019,21:00,0.0,1412.504,0.0,1,8,0.0,1,8,0.0,1,8,0.0,1,8,0.0,1,8,0.0,1,8,-0.0,1,8,-9900,?,9,-9900,?,9,18.13,E,8,15.08,E,8,82.0,E,8,872.5394,E,8,999.0,E,8,0.69,E,8,-9900,?,9,-9900,?,9,0.0,E,8,-9900,?,9,-9900,?,9,0.0,0.0,E,8
12/20/2019,22:00,0.0,1412.504,0.0,1,8,0.0,1,8,0.0,1,8,0.0,1,8,0.0,1,8,0.0,1,8,-0.0,1,8,-9900,?,9,-9900,?,9,17.38,E,8,14.73,E,8,84.0,E,8,872.5394,E,8,999.0,E,8,1.51,E,8,-9900,?,9,-9900,?,9,0.0,E,8,-9900,?,9,-9900,?,9,0.0,0.0,E,8
12/20/2019,23:00,0.0,1412.504,0.0,1,8,0.0,1,8,0.0,1,8,0.0,1,8,0.0,1,8,0.0,1,8,-0.0,1,8,-9900,?,9,-9900,?,9,16.63,E,8,14.38,E,8,86.0,E,8,872.5394,E,8,999.0,E,8,1.87,E,8,-9900,?,9,-9900,?,9,0.0,E,8,-9900,?,9,-9900,?,9,0.0,0.0,E,8
12/20/2019,24:00,0.0,1412.504,0.0,1,8,0.0,1,8,0.0,1,8,0.0,1,8,0.0,1,8,0.0,1,8,-0.0,1,8,-9900,?,9,-9900,?,9,15.87,E,8,14.12,E,8,88.0,E,8,872.5394,E,8,999.0,E,8,5.16,E,8,-9900,?,9,-9900,?,9,0.017,E,8,-9900,?,9,-9900,?,9,0.17,99.0,E,8
12/21/2019,01:00,0.0,1412.504,0.0,1,8,0.0,1,8,0.0,1,8,0.0,1,8,0.0,1,8,0.0,1,8,-0.0,1,8,-9900,?,9,-9900,?,9,15.5,E,8,13.93,E,8,85.0,E,8,872.5394,E,8,999.0,E,8,4.87,E,8,-9900,?,9,-9900,?,9,0.0,E,8,-9900,?,9,-9900,?,9,0.0,0.0,E,8
12/21/2019,02:00,0.0,1412.504,0.0,1,8,0.0,1,8,0.0,1,8,0.0,1,8,0.0,1,8,0.0,1,8,-0.0,1,8,-9900,?,9,-9900,?,9,15.12,E,8,13.74,E,8,86.0,E,8,872.5394,E,8,999.0,E,8,3.02,E,8,-9900,?,9,-9900,?,9,0.0,E,8,-9900,?,9,-9900,?,9,0.0,0.0,E,8
12/21/2019,03:00,0.0,1412.504,0.0,1,8,0.0,1,8,0.0,1,8,0.0,1,8,0.0,1,8,0.0,1,8,-0.0,1,8,-9900,?,9,-9900,?,9,14.75,E,8,13.55,E,8,90.0,E,8,872.5394,E,8,999.0,E,8,4.83,E,8,-9900,?,9,-9900,?,9,0.001,E,8,-9900,?,9,-9900,?,9,0.01,99.0,E,8
12/21/2019,04:00,0.0,1412.709,0.0,1,8,0.0,1,8,0.0,1,8,0.0,1,8,0.0,1,8,0.0,1,8,-0.0,1,8,-9900,?,9,-9900,?,9,14.37,E,8,13.36,E,8,91.0,E,8,872.5394,E,8,999.0,E,8,2.38,E,8,-9900,?,9,-9900,?,9,0.007000000000000001,E,8,-9900,?,9,-9900,?,9,0.07,99.0,E,8
12/21/2019,05:00,0.0,1412.709,0.0,1,8,0.0,1,8,0.0,1,8,0.0,1,8,0.0,1,8,0.0,1,8,-0.0,1,8,-9900,?,9,-9900,?,9,14.04,E,8,13.19,E,8,91.0,E,8,872.5394,E,8,999.0,E,8,3.38,E,8,-9900,?,9,-9900,?,9,0.081,E,8,-9900,?,9,-9900,?,9,0.81,99.0,E,8
12/21/2019,06:00,120.041,1412.709,0.0,1,8,0.0,1,8,0.0,1,8,0.0,1,8,0.0,1,8,0.0,1,8,0.0,1,8,-9900,?,9,-9900,?,9,13.79,E,8,13.05,E,8,96.0,E,8,872.5394,E,8,999.0,E,8,5.84,E,8,-9900,?,9,-9900,?,9,0.13899999999999998,E,8,-9900,?,9,-9900,?,9,1.39,99.0,E,8
12/21/2019,07:00,432.136,1412.709,46.54,1,8,0.0,1,8,46.54,1,8,5584.8,1,8,0.0,1,8,5119.4,1,8,48.565,1,8,-9900,?,9,-9900,?,9,13.54,E,8,12.92,E,8,93.0,E,8,872.5394,E,8,999.0,E,8,4.5,E,8,-9900,?,9,-9900,?,9,0.03,E,8,-9900,?,9,-9900,?,9,0.3,99.0,E,8
12/21/2019,08:00,730.958,1412.709,144.46,1,8,0.0,1,8,144.46,1,8,17335.2,1,8,0.0,1,8,15890.6,1,8,88.942,1,8,-9900,?,9,-9900,?,9,15.98,E,8,14.17,E,8,88.0,E,8,872.5394,E,8,999.0,E,8,3.63,E,8,-9900,?,9,-9900,?,9,0.013000000000000001,E,8,-9900,?,9,-9900,?,9,0.13,99.0,E,8
12/21/2019,09:00,994.155,1412.709,240.58,1,8,5.645,1,8,236.609,1,8,28869.6,1,8,536.279,1,8,26026.951,1,8,107.056,1,8,-9900,?,9,-9900,?,9,17.22,E,8,14.77,E,8,81.0,E,8,872.5394,E,8,999.0,E,8,3.62,E,8,-9900,?,9,-9900,?,9,0.0,E,8,-9900,?,9,-9900,?,9,0.0,0.0,E,8
12/21/2019,10:00,1203.568,1412.709,322.75,1,8,10.592,1,8,313.727,1,8,38730.0,1,8,1006.276,1,8,34509.942,1,8,117.228,1,8,-9900,?,9,-9900,?,9,18.36,E,8,15.3,E,8,79.0,E,8,872.5394,E,8,999.0,E,8,3.67,E,8,-9900,?,9,-9900,?,9,0.0,E,8,-9900,?,9,-9900,?,9,0.0,0.0,E,8
12/21/2019,11:00,1344.87,1412.709,384.1,1,8,22.504,1,8,362.677,1,8,46092.0,1,8,2137.912,1,8,39894.467,1,8,121.271,1,8,-9900,?,9,-9900,?,9,19.36,E,8,15.76,E,8,77.0,E,8,872.5394,E,8,999.0,E,8,5.62,E,8,-9900,?,9,-9900,?,9,0.0,E,8,-9900,?,9,-9900,?,9,0.0,0.0,E,8
12/21/2019,12:00,1408.415,1412.709,420.03,1,8,24.342,1,8,395.762,1,8,50403.6,1,8,2312.516,1,8,43533.792,1,8,126.359,1,8,-9900,?,9,-9900,?,9,20.18,E,8,16.12,E,8,76.0,E,8,872.5394,E,8,999.0,E,8,5.33,E,8,-9900,?,9,-9900,?,9,0.0,E,8,-9900,?,9,-9900,?,9,0.0,0.0,E,8
12/21/2019,13:00,1389.867,1412.709,427.93,1,8,25.931,1,8,402.419,1,8,51351.6,1,8,2463.417,1,8,44266.068,1,8,130.2,1,8,-9900,?,9,-9900,?,9,20.8,E,8,16.39,E,8,78.0,E,8,872.5394,E,8,999.0,E,8,3.31,E,8,-9900,?,9,-9900,?,9,0.003,E,8,-9900,?,9,-9900,?,9,0.03,99.0,E,8
12/21/2019,14:00,1290.492,1412.709,407.23,1,8,27.895,1,8,381.75,1,8,48867.6,1,8,2650.031,1,8,41992.465,1,8,133.031,1,8,-9900,?,9,-9900,?,9,21.19,E,8,16.56,E,8,74.0,E,8,872.5394,E,8,999.0,E,8,4.11,E,8,-9900,?,9,-9900,?,9,0.0,E,8,-9900,?,9,-9900,?,9,0.0,0.0,E,8
12/21/2019,15:00,1117.073,1412.709,359.43,1,8,22.339,1,8,341.769,1,8,43131.6,1,8,2122.226,1,8,37594.567,1,8,137.604,1,8,-9900,?,9,-9900,?,9,21.36,E,8,16.63,E,8,77.0,E,8,872.5394,E,8,999.0,E,8,5.04,E,8,-9900,?,9,-9900,?,9,0.005,E,8,-9900,?,9,-9900,?,9,0.05,99.0,E,8
12/21/2019,16:00,881.457,1412.709,288.02,1,8,15.229,1,8,278.522,1,8,34562.4,1,8,1446.8,1,8,30637.416,1,8,142.155,1,8,-9900,?,9,-9900,?,9,21.29,E,8,16.6,E,8,84.0,E,8,872.5394,E,8,999.0,E,8,3.39,E,8,-9900,?,9,-9900,?,9,1.775,E,8,-9900,?,9,-9900,?,9,17.75,99.0,E,8
12/21/2019,17:00,599.802,1412.709,198.57,1,8,23.34,1,8,188.674,1,8,23828.4,1,8,2217.299,1,8,20754.09,1,8,141.639,1,8,-9900,?,9,-9900,?,9,20.87,E,8,16.42,E,8,78.0,E,8,872.5394,E,8,999.0,E,8,3.58,E,8,-9900,?,9,-9900,?,9,0.05500000000000001,E,8,-9900,?,9,-9900,?,9,0.55,99.0,E,8
12/21/2019,18:00,291.801,1412.709,99.44,1,8,79.308,1,8,83.163,1,8,11932.8,1,8,7534.234,1,8,9147.882,1,8,128.976,1,8,-9900,?,9,-9900,?,9,20.16,E,8,16.11,E,8,79.0,E,8,872.5394,E,8,999.0,E,8,3.9,E,8,-9900,?,9,-9900,?,9,0.04,E,8,-9900,?,9,-9900,?,9,0.4,99.0,E,8
12/21/2019,19:00,0.0,1412.709,11.71,1,8,0.0,1,8,0.0,1,8,1405.2,1,8,0.0,1,8,0.0,1,8,-0.0,1,8,-9900,?,9,-9900,?,9,19.27,E,8,15.72,E,8,81.0,E,8,872.5394,E,8,999.0,E,8,2.11,E,8,-9900,?,9,-9900,?,9,0.009,E,8,-9900,?,9,-9900,?,9,0.09,99.0,E,8
12/21/2019,20:00,0.0,1412.709,0.0,1,8,0.0,1,8,0.0,1,8,0.0,1,8,0.0,1,8,0.0,1,8,-0.0,1,8,-9900,?,9,-9900,?,9,18.6,E,8,15.41,E,8,82.0,E,8,872.5394,E,8,999.0,E,8,4.39,E,8,-9900,?,9,-9900,?,9,0.002,E,8,-9900,?,9,-9900,?,9,0.02,99.0,E,8
12/21/2019,21:00,0.0,1412.709,0.0,1,8,0.0,1,8,0.0,1,8,0.0,1,8,0.0,1,8,0.0,1,8,-0.0,1,8,-9900,?,9,-9900,?,9,17.94,E,8,15.11,E,8,84.0,E,8,872.5394,E,8,999.0,E,8,1.92,E,8,-9900,?,9,-9900,?,9,0.022,E,8,-9900,?,9,-9900,?,9,0.22,99.0,E,8
12/21/2019,22:00,0.0,1412.709,0.0,1,8,0.0,1,8,0.0,1,8,0.0,1,8,0.0,1,8,0.0,1,8,-0.0,1,8,-9900,?,9,-9900,?,9,17.27,E,8,14.79,E,8,81.0,E,8,872.5394,E,8,999.0,E,8,0.9,E,8,-9900,?,9,-9900,?,9,0.0,E,8,-9900,?,9,-9900,?,9,0.0,0.0,E,8
12/21/2019,23:00,0.0,1412.709,0.0,1,8,0.0,1,8,0.0,1,8,0.0,1,8,0.0,1,8,0.0,1,8,-0.0,1,8,-9900,?,9,-9900,?,9,16.6,E,8,14.47,E,8,83.0,E,8,872.5394,E,8,999.0,E,8,0.89,E,8,-9900,?,9,-9900,?,9,0.0,E,8,-9900,?,9,-9900,?,9,0.0,0.0,E,8
12/21/2019,24:00,0.0,1412.709,0.0,1,8,0.0,1,8,0.0,1,8,0.0,1,8,0.0,1,8,0.0,1,8,-0.0,1,8,-9900,?,9,-9900,?,9,15.93,E,8,14.17,E,8,89.0,E,8,872.5394,E,8,999.0,E,8,0.23,E,8,-9900,?,9,-9900,?,9,0.0,E,8,-9900,?,9,-9900,?,9,0.0,0.0,E,8
12/22/2019,01:00,0.0,1412.709,0.0,1,8,0.0,1,8,0.0,1,8,0.0,1,8,0.0,1,8,0.0,1,8,-0.0,1,8,-9900,?,9,-9900,?,9,15.6,E,8,14.11,E,8,90.0,E,8,872.5394,E,8,999.0,E,8,0.23,E,8,-9900,?,9,-9900,?,9,0.0,E,8,-9900,?,9,-9900,?,9,0.0,0.0,E,8
12/22/2019,02:00,0.0,1412.709,0.0,1,8,0.0,1,8,0.0,1,8,0.0,1,8,0.0,1,8,0.0,1,8,-0.0,1,8,-9900,?,9,-9900,?,9,15.27,E,8,14.06,E,8,92.0,E,8,872.5394,E,8,999.0,E,8,0.23,E,8,-9900,?,9,-9900,?,9,0.0,E,8,-9900,?,9,-9900,?,9,0.0,0.0,E,8
12/22/2019,03:00,0.0,1412.709,0.0,1,8,0.0,1,8,0.0,1,8,0.0,1,8,0.0,1,8,0.0,1,8,-0.0,1,8,-9900,?,9,-9900,?,9,14.93,E,8,14.0,E,8,94.0,E,8,872.5394,E,8,999.0,E,8,0.26,E,8,-9900,?,9,-9900,?,9,0.0,E,8,-9900,?,9,-9900,?,9,0.0,0.0,E,8
12/22/2019,04:00,0.0,1412.898,0.0,1,8,0.0,1,8,0.0,1,8,0.0,1,8,0.0,1,8,0.0,1,8,-0.0,1,8,-9900,?,9,-9900,?,9,14.6,E,8,13.95,E,8,95.0,E,8,872.5394,E,8,999.0,E,8,0.24,E,8,-9900,?,9,-9900,?,9,0.0,E,8,-9900,?,9,-9900,?,9,0.0,0.0,E,8
12/22/2019,05:00,0.0,1412.898,0.0,1,8,0.0,1,8,0.0,1,8,0.0,1,8,0.0,1,8,0.0,1,8,-0.0,1,8,-9900,?,9,-9900,?,9,14.3,E,8,13.9,E,8,97.0,E,8,872.5394,E,8,999.0,E,8,0.25,E,8,-9900,?,9,-9900,?,9,0.0,E,8,-9900,?,9,-9900,?,9,0.0,0.0,E,8
12/22/2019,06:00,117.547,1412.898,0.0,1,8,0.0,1,8,0.0,1,8,0.0,1,8,0.0,1,8,0.0,1,8,0.0,1,8,-9900,?,9,-9900,?,9,14.08,E,8,13.87,E,8,98.0,E,8,872.5394,E,8,999.0,E,8,0.51,E,8,-9900,?,9,-9900,?,9,0.0,E,8,-9900,?,9,-9900,?,9,0.0,0.0,E,8
12/22/2019,07:00,429.649,1412.898,44.83,1,8,0.0,1,8,44.83,1,8,5379.6,1,8,0.0,1,8,4931.3,1,8,47.06,1,8,-9900,?,9,-9900,?,9,13.86,E,8,13.83,E,8,99.0,E,8,872.5394,E,8,999.0,E,8,0.68,E,8,-9900,?,9,-9900,?,9,0.0,E,8,-9900,?,9,-9900,?,9,0.0,0.0,E,8
12/22/2019,08:00,728.71,1412.898,140.6,1,8,0.0,1,8,140.6,1,8,16872.0,1,8,0.0,1,8,15466.0,1,8,86.844,1,8,-9900,?,9,-9900,?,9,16.01,E,8,14.18,E,8,88.0,E,8,872.5394,E,8,999.0,E,8,0.93,E,8,-9900,?,9,-9900,?,9,0.0,E,8,-9900,?,9,-9900,?,9,0.0,0.0,E,8
12/22/2019,09:00,992.309,1412.898,234.77,1,8,5.325,1,8,231.031,1,8,28172.4,1,8,505.9,1,8,25413.419,1,8,104.741,1,8,-9900,?,9,-9900,?,9,17.1,E,8,14.35,E,8,83.0,E,8,872.5394,E,8,999.0,E,8,1.39,E,8,-9900,?,9,-9900,?,9,0.0,E,8,-9900,?,9,-9900,?,9,0.0,0.0,E,8
12/22/2019,10:00,1202.255,1412.898,315.36,1,8,10.185,1,8,306.694,1,8,37843.2,1,8,967.568,1,8,33736.392,1,8,114.741,1,8,-9900,?,9,-9900,?,9,18.12,E,8,14.51,E,8,79.0,E,8,872.5394,E,8,999.0,E,8,1.41,E,8,-9900,?,9,-9900,?,9,0.0,E,8,-9900,?,9,-9900,?,9,0.0,0.0,E,8
12/22/2019,11:00,1344.186,1412.898,375.61,1,8,21.72,1,8,354.947,1,8,45073.2,1,8,2063.377,1,8,39044.187,1,8,118.762,1,8,-9900,?,9,-9900,?,9,19.0,E,8,14.65,E,8,75.0,E,8,872.5394,E,8,999.0,E,8,0.74,E,8,-9900,?,9,-9900,?,9,0.0,E,8,-9900,?,9,-9900,?,9,0.0,0.0,E,8
12/22/2019,12:00,1408.41,1412.898,411.01,1,8,23.451,1,8,387.633,1,8,49321.2,1,8,2227.886,1,8,42639.642,1,8,123.781,1,8,-9900,?,9,-9900,?,9,19.73,E,8,14.76,E,8,73.0,E,8,872.5394,E,8,999.0,E,8,0.66,E,8,-9900,?,9,-9900,?,9,0.0,E,8,-9900,?,9,-9900,?,9,0.0,0.0,E,8
12/22/2019,13:00,1390.545,1412.898,418.98,1,8,24.83,1,8,394.543,1,8,50277.6,1,8,2358.875,1,8,43399.709,1,8,127.607,1,8,-9900,?,9,-9900,?,9,20.28,E,8,14.85,E,8,70.0,E,8,872.5394,E,8,999.0,E,8,0.26,E,8,-9900,?,9,-9900,?,9,0.0,E,8,-9900,?,9,-9900,?,9,0.0,0.0,E,8
12/22/2019,14:00,1291.809,1412.898,398.95,1,8,26.435,1,8,374.782,1,8,47874.0,1,8,2511.289,1,8,41226.051,1,8,130.487,1,8,-9900,?,9,-9900,?,9,20.63,E,8,14.9,E,8,74.0,E,8,872.5394,E,8,999.0,E,8,0.45,E,8,-9900,?,9,-9900,?,9,0.001,E,8,-9900,?,9,-9900,?,9,0.01,99.0,E,8
12/22/2019,15:00,1118.942,1412.898,352.35,1,8,20.849,1,8,335.842,1,8,42282.0,1,8,1980.646,1,8,36942.579,1,8,135.009,1,8,-9900,?,9,-9900,?,9,20.78,E,8,14.92,E,8,69.0,E,8,872.5394,E,8,999.0,E,8,0.43,E,8,-9900,?,9,-9900,?,9,0.0,E,8,-9900,?,9,-9900,?,9,0.0,0.0,E,8
12/22/2019,16:00,883.753,1412.898,282.62,1,8,13.934,1,8,273.909,1,8,33914.4,1,8,1323.704,1,8,30129.944,1,8,139.455,1,8,-9900,?,9,-9900,?,9,20.72,E,8,14.92,E,8,74.0,E,8,872.5394,E,8,999.0,E,8,0.68,E,8,-9900,?,9,-9900,?,9,0.002,E,8,-9900,?,9,-9900,?,9,0.02,99.0,E,8
12/22/2019,17:00,602.367,1412.898,195.15,1,8,20.865,1,8,186.266,1,8,23418.0,1,8,1982.221,1,8,20489.26,1,8,139.253,1,8,-9900,?,9,-9900,?,9,20.35,E,8,14.86,E,8,70.0,E,8,872.5394,E,8,999.0,E,8,0.71,E,8,-9900,?,9,-9900,?,9,0.0,E,8,-9900,?,9,-9900,?,9,0.0,0.0,E,8
12/22/2019,18:00,294.452,1412.898,98.14,1,8,70.342,1,8,83.572,1,8,11776.8,1,8,6682.49,1,8,9192.9,1,8,128.446,1,8,-9900,?,9,-9900,?,9,19.73,E,8,14.76,E,8,78.0,E,8,872.5394,E,8,999.0,E,8,0.82,E,8,-9900,?,9,-9900,?,9,0.004,E,8,-9900,?,9,-9900,?,9,0.04,99.0,E,8
12/22/2019,19:00,0.0,1412.898,11.94,1,8,0.0,1,8,0.0,1,8,1432.8,1,8,0.0,1,8,0.0,1,8,-0.0,1,8,-9900,?,9,-9900,?,9,18.94,E,8,14.64,E,8,81.0,E,8,872.5394,E,8,999.0,E,8,0.65,E,8,-9900,?,9,-9900,?,9,0.008,E,8,-9900,?,9,-9900,?,9,0.08,99.0,E,8
12/22/2019,20:00,0.0,1412.898,0.0,1,8,0.0,1,8,0.0,1,8,0.0,1,8,0.0,1,8,0.0,1,8,-0.0,1,8,-9900,?,9,-9900,?,9,18.31,E,8,14.54,E,8,78.0,E,8,872.5394,E,8,999.0,E,8,1.11,E,8,-9900,?,9,-9900,?,9,0.0,E,8,-9900,?,9,-9900,?,9,0.0,0.0,E,8
12/22/2019,21:00,0.0,1412.898,0.0,1,8,0.0,1,8,0.0,1,8,0.0,1,8,0.0,1,8,0.0,1,8,-0.0,1,8,-9900,?,9,-9900,?,9,17.68,E,8,14.44,E,8,81.0,E,8,872.5394,E,8,999.0,E,8,0.63,E,8,-9900,?,9,-9900,?,9,0.0,E,8,-9900,?,9,-9900,?,9,0.0,0.0,E,8
12/22/2019,22:00,0.0,1412.898,0.0,1,8,0.0,1,8,0.0,1,8,0.0,1,8,0.0,1,8,0.0,1,8,-0.0,1,8,-9900,?,9,-9900,?,9,17.06,E,8,14.35,E,8,94.0,E,8,872.5394,E,8,999.0,E,8,0.88,E,8,-9900,?,9,-9900,?,9,0.366,E,8,-9900,?,9,-9900,?,9,3.66,99.0,E,8
12/22/2019,23:00,0.0,1412.898,0.0,1,8,0.0,1,8,0.0,1,8,0.0,1,8,0.0,1,8,0.0,1,8,-0.0,1,8,-9900,?,9,-9900,?,9,16.43,E,8,14.25,E,8,91.0,E,8,872.5394,E,8,999.0,E,8,1.14,E,8,-9900,?,9,-9900,?,9,0.017,E,8,-9900,?,9,-9900,?,9,0.17,99.0,E,8
12/22/2019,24:00,0.0,1412.898,0.0,1,8,0.0,1,8,0.0,1,8,0.0,1,8,0.0,1,8,0.0,1,8,-0.0,1,8,-9900,?,9,-9900,?,9,15.8,E,8,13.51,E,8,86.0,E,8,872.5394,E,8,999.0,E,8,0.19,E,8,-9900,?,9,-9900,?,9,0.0,E,8,-9900,?,9,-9900,?,9,0.0,0.0,E,8
12/23/2019,01:00,0.0,1412.898,0.0,1,8,0.0,1,8,0.0,1,8,0.0,1,8,0.0,1,8,0.0,1,8,-0.0,1,8,-9900,?,9,-9900,?,9,15.49,E,8,13.43,E,8,87.0,E,8,872.5394,E,8,999.0,E,8,0.18,E,8,-9900,?,9,-9900,?,9,0.0,E,8,-9900,?,9,-9900,?,9,0.0,0.0,E,8
12/23/2019,02:00,0.0,1412.898,0.0,1,8,0.0,1,8,0.0,1,8,0.0,1,8,0.0,1,8,0.0,1,8,-0.0,1,8,-9900,?,9,-9900,?,9,15.17,E,8,13.34,E,8,88.0,E,8,872.5394,E,8,999.0,E,8,0.18,E,8,-9900,?,9,-9900,?,9,0.0,E,8,-9900,?,9,-9900,?,9,0.0,0.0,E,8
12/23/2019,03:00,0.0,1412.898,0.0,1,8,0.0,1,8,0.0,1,8,0.0,1,8,0.0,1,8,0.0,1,8,-0.0,1,8,-9900,?,9,-9900,?,9,14.86,E,8,13.26,E,8,90.0,E,8,872.5394,E,8,999.0,E,8,0.18,E,8,-9900,?,9,-9900,?,9,0.0,E,8,-9900,?,9,-9900,?,9,0.0,0.0,E,8
12/23/2019,04:00,0.0,1413.073,0.0,1,8,0.0,1,8,0.0,1,8,0.0,1,8,0.0,1,8,0.0,1,8,-0.0,1,8,-9900,?,9,-9900,?,9,14.54,E,8,13.18,E,8,91.0,E,8,872.5394,E,8,999.0,E,8,0.18,E,8,-9900,?,9,-9900,?,9,0.0,E,8,-9900,?,9,-9900,?,9,0.0,0.0,E,8
12/23/2019,05:00,0.0,1413.073,0.0,1,8,0.0,1,8,0.0,1,8,0.0,1,8,0.0,1,8,0.0,1,8,-0.0,1,8,-9900,?,9,-9900,?,9,14.27,E,8,13.11,E,8,92.0,E,8,872.5394,E,8,999.0,E,8,0.18,E,8,-9900,?,9,-9900,?,9,0.0,E,8,-9900,?,9,-9900,?,9,0.0,0.0,E,8
12/23/2019,06:00,114.981,1413.073,0.0,1,8,0.0,1,8,0.0,1,8,0.0,1,8,0.0,1,8,0.0,1,8,0.0,1,8,-9900,?,9,-9900,?,9,14.06,E,8,13.06,E,8,93.0,E,8,872.5394,E,8,999.0,E,8,0.18,E,8,-9900,?,9,-9900,?,9,0.0,E,8,-9900,?,9,-9900,?,9,0.0,0.0,E,8
12/23/2019,07:00,427.101,1413.073,61.3,1,8,0.0,1,8,61.3,1,8,7356.0,1,8,0.0,1,8,6743.0,1,8,64.743,1,8,-9900,?,9,-9900,?,9,13.85,E,8,13.0,E,8,94.0,E,8,872.5394,E,8,999.0,E,8,0.18,E,8,-9900,?,9,-9900,?,9,0.0,E,8,-9900,?,9,-9900,?,9,0.0,0.0,E,8
12/23/2019,08:00,726.415,1413.073,194.38,1,8,9.891,1,8,189.299,1,8,23325.6,1,8,939.646,1,8,20822.944,1,8,117.31,1,8,-9900,?,9,-9900,?,9,16.72,E,8,13.74,E,8,82.0,E,8,872.5394,E,8,999.0,E,8,0.18,E,8,-9900,?,9,-9900,?,9,0.0,E,8,-9900,?,9,-9900,?,9,0.0,0.0,E,8
12/23/2019,09:00,990.428,1413.073,325.47,1,8,41.405,1,8,296.458,1,8,39056.4,1,8,3933.457,1,8,32610.386,1,8,134.675,1,8,-9900,?,9,-9900,?,9,18.2,E,8,14.11,E,8,76.0,E,8,872.5394,E,8,999.0,E,8,0.18,E,8,-9900,?,9,-9900,?,9,0.0,E,8,-9900,?,9,-9900,?,9,0.0,0.0,E,8
12/23/2019,10:00,1200.918,1413.073,437.76,1,8,24.762,1,8,416.718,1,8,52531.2,1,8,2352.362,1,8,45839.016,1,8,156.096,1,8,-9900,?,9,-9900,?,9,19.57,E,8,14.44,E,8,72.0,E,8,872.5394,E,8,999.0,E,8,0.18,E,8,-9900,?,9,-9900,?,9,0.0,E,8,-9900,?,9,-9900,?,9,0.0,0.0,E,8
12/23/2019,11:00,1343.484,1413.073,521.84,1,8,52.623,1,8,471.81,1,8,62620.8,1,8,4999.181,1,8,51899.111,1,8,157.966,1,8,-9900,?,9,-9900,?,9,20.77,E,8,14.73,E,8,68.0,E,8,872.5394,E,8,999.0,E,8,0.63,E,8,-9900,?,9,-9900,?,9,0.0,E,8,-9900,?,9,-9900,?,9,0.0,0.0,E,8
12/23/2019,12:00,1408.391,1413.073,571.39,1,8,59.435,1,8,512.152,1,8,68566.8,1,8,5646.329,1,8,56336.719,1,8,163.565,1,8,-9900,?,9,-9900,?,9,21.76,E,8,14.96,E,8,65.0,E,8,872.5394,E,8,999.0,E,8,0.84,E,8,-9900,?,9,-9900,?,9,0.0,E,8,-9900,?,9,-9900,?,9,0.0,0.0,E,8
12/23/2019,13:00,1391.21,1413.073,582.8,1,8,87.137,1,8,497.012,1,8,69936.0,1,8,8278.006,1,8,54671.331,1,8,160.692,1,8,-9900,?,9,-9900,?,9,22.5,E,8,15.13,E,8,63.0,E,8,872.5394,E,8,999.0,E,8,1.09,E,8,-9900,?,9,-9900,?,9,0.0,E,8,-9900,?,9,-9900,?,9,0.0,0.0,E,8
12/23/2019,14:00,1293.111,1413.073,555.25,1,8,102.71,1,8,461.265,1,8,66630.0,1,8,9757.428,1,8,50739.163,1,8,160.455,1,8,-9900,?,9,-9900,?,9,22.97,E,8,15.24,E,8,61.0,E,8,872.5394,E,8,999.0,E,8,1.92,E,8,-9900,?,9,-9900,?,9,0.0,E,8,-9900,?,9,-9900,?,9,0.0,0.0,E,8
12/23/2019,15:00,1120.789,1413.073,490.72,1,8,135.622,1,8,383.169,1,8,58886.4,1,8,12884.072,1,8,42148.616,1,8,153.8,1,8,-9900,?,9,-9900,?,9,23.18,E,8,15.29,E,8,61.0,E,8,872.5394,E,8,999.0,E,8,2.49,E,8,-9900,?,9,-9900,?,9,0.0,E,8,-9900,?,9,-9900,?,9,0.0,0.0,E,8
12/23/2019,16:00,886.016,1413.073,393.97,1,8,113.826,1,8,322.632,1,8,47276.4,1,8,10813.477,1,8,35489.497,1,8,163.861,1,8,-9900,?,9,-9900,?,9,23.1,E,8,15.27,E,8,61.0,E,8,872.5394,E,8,999.0,E,8,2.9,E,8,-9900,?,9,-9900,?,9,0.0,E,8,-9900,?,9,-9900,?,9,0.0,0.0,E,8
12/23/2019,17:00,604.889,1413.073,272.48,1,8,169.871,1,8,199.858,1,8,32697.6,1,8,16137.755,1,8,21984.432,1,8,148.808,1,8,-9900,?,9,-9900,?,9,22.61,E,8,15.16,E,8,62.0,E,8,872.5394,E,8,999.0,E,8,1.69,E,8,-9900,?,9,-9900,?,9,0.0,E,8,-9900,?,9,-9900,?,9,0.0,0.0,E,8
12/23/2019,18:00,297.047,1413.073,137.59,1,8,324.28,1,8,69.839,1,8,16510.8,1,8,30806.575,1,8,7682.322,1,8,106.403,1,8,-9900,?,9,-9900,?,9,21.78,E,8,14.96,E,8,65.0,E,8,872.5394,E,8,999.0,E,8,0.82,E,8,-9900,?,9,-9900,?,9,0.0,E,8,-9900,?,9,-9900,?,9,0.0,0.0,E,8
12/23/2019,19:00,0.0,1413.073,17.26,1,8,0.0,1,8,0.0,1,8,2071.2,1,8,0.0,1,8,0.0,1,8,-0.0,1,8,-9900,?,9,-9900,?,9,20.71,E,8,14.71,E,8,68.0,E,8,872.5394,E,8,999.0,E,8,0.59,E,8,-9900,?,9,-9900,?,9,0.0,E,8,-9900,?,9,-9900,?,9,0.0,0.0,E,8
12/23/2019,20:00,0.0,1413.073,0.0,1,8,0.0,1,8,0.0,1,8,0.0,1,8,0.0,1,8,0.0,1,8,-0.0,1,8,-9900,?,9,-9900,?,9,19.84,E,8,14.5,E,8,71.0,E,8,872.5394,E,8,999.0,E,8,0.22,E,8,-9900,?,9,-9900,?,9,0.0,E,8,-9900,?,9,-9900,?,9,0.0,0.0,E,8
12/23/2019,21:00,0.0,1413.073,0.0,1,8,0.0,1,8,0.0,1,8,0.0,1,8,0.0,1,8,0.0,1,8,-0.0,1,8,-9900,?,9,-9900,?,9,18.97,E,8,14.29,E,8,74.0,E,8,872.5394,E,8,999.0,E,8,0.29,E,8,-9900,?,9,-9900,?,9,0.0,E,8,-9900,?,9,-9900,?,9,0.0,0.0,E,8
12/23/2019,22:00,0.0,1413.073,0.0,1,8,0.0,1,8,0.0,1,8,0.0,1,8,0.0,1,8,0.0,1,8,-0.0,1,8,-9900,?,9,-9900,?,9,18.1,E,8,14.08,E,8,77.0,E,8,872.5394,E,8,999.0,E,8,0.32,E,8,-9900,?,9,-9900,?,9,0.0,E,8,-9900,?,9,-9900,?,9,0.0,0.0,E,8
12/23/2019,23:00,0.0,1413.073,0.0,1,8,0.0,1,8,0.0,1,8,0.0,1,8,0.0,1,8,0.0,1,8,-0.0,1,8,-9900,?,9,-9900,?,9,17.23,E,8,13.87,E,8,80.0,E,8,872.5394,E,8,999.0,E,8,0.6,E,8,-9900,?,9,-9900,?,9,0.0,E,8,-9900,?,9,-9900,?,9,0.0,0.0,E,8
12/23/2019,24:00,0.0,1413.073,0.0,1,8,0.0,1,8,0.0,1,8,0.0,1,8,0.0,1,8,0.0,1,8,-0.0,1,8,-9900,?,9,-9900,?,9,16.36,E,8,14.22,E,8,87.0,E,8,872.5394,E,8,999.0,E,8,3.92,E,8,-9900,?,9,-9900,?,9,0.0,E,8,-9900,?,9,-9900,?,9,0.0,0.0,E,8
12/24/2019,01:00,0.0,1413.073,0.0,1,8,0.0,1,8,0.0,1,8,0.0,1,8,0.0,1,8,0.0,1,8,-0.0,1,8,-9900,?,9,-9900,?,9,15.93,E,8,14.13,E,8,89.0,E,8,872.5394,E,8,999.0,E,8,2.9,E,8,-9900,?,9,-9900,?,9,0.0,E,8,-9900,?,9,-9900,?,9,0.0,0.0,E,8
12/24/2019,02:00,0.0,1413.073,0.0,1,8,0.0,1,8,0.0,1,8,0.0,1,8,0.0,1,8,0.0,1,8,-0.0,1,8,-9900,?,9,-9900,?,9,15.49,E,8,14.03,E,8,90.0,E,8,872.5394,E,8,999.0,E,8,2.67,E,8,-9900,?,9,-9900,?,9,0.0,E,8,-9900,?,9,-9900,?,9,0.0,0.0,E,8
12/24/2019,03:00,0.0,1413.073,0.0,1,8,0.0,1,8,0.0,1,8,0.0,1,8,0.0,1,8,0.0,1,8,-0.0,1,8,-9900,?,9,-9900,?,9,15.06,E,8,13.94,E,8,92.0,E,8,872.5394,E,8,999.0,E,8,1.45,E,8,-9900,?,9,-9900,?,9,0.0,E,8,-9900,?,9,-9900,?,9,0.0,0.0,E,8
12/24/2019,04:00,0.0,1413.234,0.0,1,8,0.0,1,8,0.0,1,8,0.0,1,8,0.0,1,8,0.0,1,8,-0.0,1,8,-9900,?,9,-9900,?,9,14.62,E,8,13.84,E,8,95.0,E,8,872.5394,E,8,999.0,E,8,1.34,E,8,-9900,?,9,-9900,?,9,0.0,E,8,-9900,?,9,-9900,?,9,0.0,0.0,E,8
12/24/2019,05:00,0.0,1413.234,0.0,1,8,0.0,1,8,0.0,1,8,0.0,1,8,0.0,1,8,0.0,1,8,-0.0,1,8,-9900,?,9,-9900,?,9,14.24,E,8,13.76,E,8,96.0,E,8,872.5394,E,8,999.0,E,8,1.15,E,8,-9900,?,9,-9900,?,9,0.0,E,8,-9900,?,9,-9900,?,9,0.0,0.0,E,8
12/24/2019,06:00,112.347,1413.234,0.0,1,8,0.0,1,8,0.0,1,8,0.0,1,8,0.0,1,8,0.0,1,8,0.0,1,8,-9900,?,9,-9900,?,9,13.95,E,8,13.7,E,8,98.0,E,8,872.5394,E,8,999.0,E,8,0.66,E,8,-9900,?,9,-9900,?,9,0.0,E,8,-9900,?,9,-9900,?,9,0.0,0.0,E,8
12/24/2019,07:00,424.494,1413.234,62.02,1,8,0.0,1,8,62.02,1,8,7442.4,1,8,0.0,1,8,6822.2,1,8,65.916,1,8,-9900,?,9,-9900,?,9,13.66,E,8,13.63,E,8,99.0,E,8,872.5394,E,8,999.0,E,8,0.61,E,8,-9900,?,9,-9900,?,9,0.0,E,8,-9900,?,9,-9900,?,9,0.0,0.0,E,8
12/24/2019,08:00,724.075,1413.234,198.92,1,8,11.433,1,8,193.067,1,8,23870.4,1,8,1086.09,1,8,21237.405,1,8,120.046,1,8,-9900,?,9,-9900,?,9,16.6,E,8,14.27,E,8,86.0,E,8,872.5394,E,8,999.0,E,8,0.61,E,8,-9900,?,9,-9900,?,9,0.0,E,8,-9900,?,9,-9900,?,9,0.0,0.0,E,8
12/24/2019,09:00,988.514,1413.234,334.03,1,8,46.073,1,8,301.814,1,8,40083.6,1,8,4376.894,1,8,33199.488,1,8,137.389,1,8,-9900,?,9,-9900,?,9,18.13,E,8,14.59,E,8,79.0,E,8,872.5394,E,8,999.0,E,8,0.79,E,8,-9900,?,9,-9900,?,9,0.0,E,8,-9900,?,9,-9900,?,9,0.0,0.0,E,8
12/24/2019,10:00,1199.558,1413.234,449.87,1,8,27.513,1,8,426.519,1,8,53984.4,1,8,2613.748,1,8,46917.135,1,8,159.967,1,8,-9900,?,9,-9900,?,9,19.54,E,8,14.88,E,8,74.0,E,8,872.5394,E,8,999.0,E,8,1.62,E,8,-9900,?,9,-9900,?,9,0.0,E,8,-9900,?,9,-9900,?,9,0.0,0.0,E,8
12/24/2019,11:00,1342.766,1413.234,536.73,1,8,58.606,1,8,481.048,1,8,64407.6,1,8,5567.558,1,8,52915.293,1,8,161.163,1,8,-9900,?,9,-9900,?,9,20.78,E,8,15.13,E,8,70.0,E,8,872.5394,E,8,999.0,E,8,5.05,E,8,-9900,?,9,-9900,?,9,0.0,E,8,-9900,?,9,-9900,?,9,0.0,0.0,E,8
12/24/2019,12:00,1408.36,1413.234,588.07,1,8,85.102,1,8,503.262,1,8,70568.4,1,8,8084.679,1,8,55358.794,1,8,160.748,1,8,-9900,?,9,-9900,?,9,21.8,E,8,15.33,E,8,66.0,E,8,872.5394,E,8,999.0,E,8,4.67,E,8,-9900,?,9,-9900,?,9,0.0,E,8,-9900,?,9,-9900,?,9,0.0,0.0,E,8
12/24/2019,13:00,1391.861,1413.234,600.15,1,8,97.6,1,8,504.027,1,8,72018.0,1,8,9272.034,1,8,55442.918,1,8,162.902,1,8,-9900,?,9,-9900,?,9,22.57,E,8,15.49,E,8,64.0,E,8,872.5394,E,8,999.0,E,8,9.61,E,8,-9900,?,9,-9900,?,9,0.0,E,8,-9900,?,9,-9900,?,9,0.0,0.0,E,8
12/24/2019,14:00,1294.395,1413.234,572.11,1,8,115.256,1,8,466.552,1,8,68653.2,1,8,10949.328,1,8,51320.693,1,8,162.152,1,8,-9900,?,9,-9900,?,9,23.07,E,8,15.59,E,8,62.0,E,8,872.5394,E,8,999.0,E,8,15.24,E,8,-9900,?,9,-9900,?,9,0.0,E,8,-9900,?,9,-9900,?,9,0.0,0.0,E,8
12/24/2019,15:00,1122.611,1413.234,505.97,1,8,152.274,1,8,385.031,1,8,60716.4,1,8,14466.021,1,8,42353.412,1,8,154.314,1,8,-9900,?,9,-9900,?,9,23.29,E,8,15.63,E,8,62.0,E,8,872.5394,E,8,999.0,E,8,15.59,E,8,-9900,?,9,-9900,?,9,0.0,E,8,-9900,?,9,-9900,?,9,0.0,0.0,E,8
12/24/2019,16:00,888.245,1413.234,406.57,1,8,127.591,1,8,326.413,1,8,48788.4,1,8,12121.104,1,8,35905.412,1,8,165.384,1,8,-9900,?,9,-9900,?,9,23.21,E,8,15.61,E,8,62.0,E,8,872.5394,E,8,999.0,E,8,13.16,E,8,-9900,?,9,-9900,?,9,0.0,E,8,-9900,?,9,-9900,?,9,0.0,0.0,E,8
12/24/2019,17:00,607.363,1413.234,281.63,1,8,189.422,1,8,200.327,1,8,33795.6,1,8,17995.076,1,8,22036.004,1,8,148.565,1,8,-9900,?,9,-9900,?,9,22.71,E,8,15.51,E,8,63.0,E,8,872.5394,E,8,999.0,E,8,9.88,E,8,-9900,?,9,-9900,?,9,0.0,E,8,-9900,?,9,-9900,?,9,0.0,0.0,E,8
12/24/2019,18:00,299.581,1413.234,142.76,1,8,354.818,1,8,67.997,1,8,17131.2,1,8,33707.689,1,8,7479.711,1,8,102.722,1,8,-9900,?,9,-9900,?,9,21.85,E,8,15.34,E,8,66.0,E,8,872.5394,E,8,999.0,E,8,4.37,E,8,-9900,?,9,-9900,?,9,0.0,E,8,-9900,?,9,-9900,?,9,0.0,0.0,E,8
12/24/2019,19:00,0.0,1413.234,18.43,1,8,0.0,1,8,0.0,1,8,2211.6,1,8,0.0,1,8,0.0,1,8,-0.0,1,8,-9900,?,9,-9900,?,9,20.75,E,8,15.12,E,8,70.0,E,8,872.5394,E,8,999.0,E,8,1.77,E,8,-9900,?,9,-9900,?,9,0.0,E,8,-9900,?,9,-9900,?,9,0.0,0.0,E,8
12/24/2019,20:00,0.0,1413.234,0.0,1,8,0.0,1,8,0.0,1,8,0.0,1,8,0.0,1,8,0.0,1,8,-0.0,1,8,-9900,?,9,-9900,?,9,20.04,E,8,14.98,E,8,72.0,E,8,872.5394,E,8,999.0,E,8,0.68,E,8,-9900,?,9,-9900,?,9,0.0,E,8,-9900,?,9,-9900,?,9,0.0,0.0,E,8
12/24/2019,21:00,0.0,1413.234,0.0,1,8,0.0,1,8,0.0,1,8,0.0,1,8,0.0,1,8,0.0,1,8,-0.0,1,8,-9900,?,9,-9900,?,9,19.33,E,8,14.84,E,8,75.0,E,8,872.5394,E,8,999.0,E,8,0.75,E,8,-9900,?,9,-9900,?,9,0.0,E,8,-9900,?,9,-9900,?,9,0.0,0.0,E,8
12/24/2019,22:00,0.0,1413.234,0.0,1,8,0.0,1,8,0.0,1,8,0.0,1,8,0.0,1,8,0.0,1,8,-0.0,1,8,-9900,?,9,-9900,?,9,18.62,E,8,14.69,E,8,77.0,E,8,872.5394,E,8,999.0,E,8,0.69,E,8,-9900,?,9,-9900,?,9,0.0,E,8,-9900,?,9,-9900,?,9,0.0,0.0,E,8
12/24/2019,23:00,0.0,1413.234,0.0,1,8,0.0,1,8,0.0,1,8,0.0,1,8,0.0,1,8,0.0,1,8,-0.0,1,8,-9900,?,9,-9900,?,9,17.91,E,8,14.54,E,8,80.0,E,8,872.5394,E,8,999.0,E,8,0.61,E,8,-9900,?,9,-9900,?,9,0.0,E,8,-9900,?,9,-9900,?,9,0.0,0.0,E,8
12/24/2019,24:00,0.0,1413.234,0.0,1,8,0.0,1,8,0.0,1,8,0.0,1,8,0.0,1,8,0.0,1,8,-0.0,1,8,-9900,?,9,-9900,?,9,17.2,E,8,15.92,E,8,89.0,E,8,872.5394,E,8,999.0,E,8,1.49,E,8,-9900,?,9,-9900,?,9,0.0,E,8,-9900,?,9,-9900,?,9,0.0,0.0,E,8
12/25/2019,01:00,0.0,1413.234,0.0,1,8,0.0,1,8,0.0,1,8,0.0,1,8,0.0,1,8,0.0,1,8,-0.0,1,8,-9900,?,9,-9900,?,9,16.84,E,8,15.76,E,8,90.0,E,8,872.5394,E,8,999.0,E,8,3.42,E,8,-9900,?,9,-9900,?,9,0.0,E,8,-9900,?,9,-9900,?,9,0.0,0.0,E,8
12/25/2019,02:00,0.0,1413.234,0.0,1,8,0.0,1,8,0.0,1,8,0.0,1,8,0.0,1,8,0.0,1,8,-0.0,1,8,-9900,?,9,-9900,?,9,16.49,E,8,15.62,E,8,91.0,E,8,872.5394,E,8,999.0,E,8,3.31,E,8,-9900,?,9,-9900,?,9,0.0,E,8,-9900,?,9,-9900,?,9,0.0,0.0,E,8
12/25/2019,03:00,0.0,1413.234,0.0,1,8,0.0,1,8,0.0,1,8,0.0,1,8,0.0,1,8,0.0,1,8,-0.0,1,8,-9900,?,9,-9900,?,9,16.13,E,8,15.46,E,8,92.0,E,8,872.5394,E,8,999.0,E,8,1.71,E,8,-9900,?,9,-9900,?,9,0.0,E,8,-9900,?,9,-9900,?,9,0.0,0.0,E,8
12/25/2019,04:00,0.0,1413.379,0.0,1,8,0.0,1,8,0.0,1,8,0.0,1,8,0.0,1,8,0.0,1,8,-0.0,1,8,-9900,?,9,-9900,?,9,15.78,E,8,15.31,E,8,93.0,E,8,872.5394,E,8,999.0,E,8,1.05,E,8,-9900,?,9,-9900,?,9,0.0,E,8,-9900,?,9,-9900,?,9,0.0,0.0,E,8
12/25/2019,05:00,0.0,1413.379,0.0,1,8,0.0,1,8,0.0,1,8,0.0,1,8,0.0,1,8,0.0,1,8,-0.0,1,8,-9900,?,9,-9900,?,9,15.46,E,8,15.17,E,8,94.0,E,8,872.5394,E,8,999.0,E,8,0.84,E,8,-9900,?,9,-9900,?,9,0.0,E,8,-9900,?,9,-9900,?,9,0.0,0.0,E,8
12/25/2019,06:00,109.648,1413.379,0.0,1,8,0.0,1,8,0.0,1,8,0.0,1,8,0.0,1,8,0.0,1,8,0.0,1,8,-9900,?,9,-9900,?,9,15.23,E,8,15.07,E,8,99.0,E,8,872.5394,E,8,999.0,E,8,0.84,E,8,-9900,?,9,-9900,?,9,0.002,E,8,-9900,?,9,-9900,?,9,0.02,99.0,E,8
12/25/2019,07:00,421.832,1413.379,38.45,1,8,0.0,1,8,38.45,1,8,4614.0,1,8,0.0,1,8,4229.5,1,8,41.129,1,8,-9900,?,9,-9900,?,9,14.99,E,8,14.96,E,8,96.0,E,8,872.5394,E,8,999.0,E,8,0.84,E,8,-9900,?,9,-9900,?,9,0.0,E,8,-9900,?,9,-9900,?,9,0.0,0.0,E,8
12/25/2019,08:00,721.692,1413.379,124.8,1,8,0.0,1,8,124.8,1,8,14976.0,1,8,0.0,1,8,13728.0,1,8,77.863,1,8,-9900,?,9,-9900,?,9,17.25,E,8,15.94,E,8,89.0,E,8,872.5394,E,8,999.0,E,8,0.84,E,8,-9900,?,9,-9900,?,9,0.0,E,8,-9900,?,9,-9900,?,9,0.0,0.0,E,8
12/25/2019,09:00,986.569,1413.379,143.97,1,8,0.781,1,8,143.425,1,8,17276.4,1,8,74.197,1,8,15776.75,1,8,65.424,1,8,-9900,?,9,-9900,?,9,17.83,E,8,16.18,E,8,88.0,E,8,872.5394,E,8,999.0,E,8,0.84,E,8,-9900,?,9,-9900,?,9,0.0,E,8,-9900,?,9,-9900,?,9,0.0,0.0,E,8
12/25/2019,10:00,1198.176,1413.379,283.44,1,8,4.557,1,8,279.577,1,8,34012.8,1,8,432.919,1,8,30753.499,1,8,104.988,1,8,-9900,?,9,-9900,?,9,19.08,E,8,16.69,E,8,84.0,E,8,872.5394,E,8,999.0,E,8,0.84,E,8,-9900,?,9,-9900,?,9,0.0,E,8,-9900,?,9,-9900,?,9,0.0,0.0,E,8
12/25/2019,11:00,1342.033,1413.379,338.46,1,8,21.555,1,8,317.993,1,8,40615.2,1,8,2047.755,1,8,34979.278,1,8,106.605,1,8,-9900,?,9,-9900,?,9,20.14,E,8,17.11,E,8,81.0,E,8,872.5394,E,8,999.0,E,8,0.84,E,8,-9900,?,9,-9900,?,9,0.0,E,8,-9900,?,9,-9900,?,9,0.0,0.0,E,8
12/25/2019,12:00,1408.316,1413.379,371.08,1,8,23.186,1,8,347.977,1,8,44529.6,1,8,2202.657,1,8,38277.498,1,8,111.163,1,8,-9900,?,9,-9900,?,9,21.0,E,8,17.44,E,8,79.0,E,8,872.5394,E,8,999.0,E,8,0.84,E,8,-9900,?,9,-9900,?,9,0.0,E,8,-9900,?,9,-9900,?,9,0.0,0.0,E,8
12/25/2019,13:00,1392.499,1413.379,378.92,1,8,23.95,1,8,355.324,1,8,45470.4,1,8,2275.22,1,8,39085.677,1,8,114.8,1,8,-9900,?,9,-9900,?,9,21.64,E,8,17.69,E,8,77.0,E,8,872.5394,E,8,999.0,E,8,0.84,E,8,-9900,?,9,-9900,?,9,0.0,E,8,-9900,?,9,-9900,?,9,0.0,0.0,E,8
12/25/2019,14:00,1295.66,1413.379,361.42,1,8,24.297,1,8,339.148,1,8,43370.4,1,8,2308.237,1,8,37306.248,1,8,117.769,1,8,-9900,?,9,-9900,?,9,22.06,E,8,17.85,E,8,76.0,E,8,872.5394,E,8,999.0,E,8,0.84,E,8,-9900,?,9,-9900,?,9,0.0,E,8,-9900,?,9,-9900,?,9,0.0,0.0,E,8
12/25/2019,15:00,1124.407,1413.379,319.84,1,8,24.593,1,8,300.278,1,8,38380.8,1,8,2336.34,1,8,33030.63,1,8,120.167,1,8,-9900,?,9,-9900,?,9,22.26,E,8,17.92,E,8,76.0,E,8,872.5394,E,8,999.0,E,8,0.84,E,8,-9900,?,9,-9900,?,9,0.0,E,8,-9900,?,9,-9900,?,9,0.0,0.0,E,8
12/25/2019,16:00,890.437,1413.379,257.24,1,8,12.629,1,8,249.287,1,8,30868.8,1,8,1199.762,1,8,27421.588,1,8,126.008,1,8,-9900,?,9,-9900,?,9,22.24,E,8,17.91,E,8,76.0,E,8,872.5394,E,8,999.0,E,8,0.85,E,8,-9900,?,9,-9900,?,9,0.0,E,8,-9900,?,9,-9900,?,9,0.0,0.0,E,8
12/25/2019,17:00,609.787,1413.379,178.45,1,8,26.603,1,8,166.987,1,8,21414.0,1,8,2527.329,1,8,18368.555,1,8,123.358,1,8,-9900,?,9,-9900,?,9,21.88,E,8,17.78,E,8,77.0,E,8,872.5394,E,8,999.0,E,8,0.87,E,8,-9900,?,9,-9900,?,9,0.0,E,8,-9900,?,9,-9900,?,9,0.0,0.0,E,8
12/25/2019,18:00,302.052,1413.379,90.8,1,8,16.999,1,8,87.189,1,8,10896.0,1,8,1614.901,1,8,9590.754,1,8,130.637,1,8,-9900,?,9,-9900,?,9,21.24,E,8,17.54,E,8,78.0,E,8,872.5394,E,8,999.0,E,8,1.0,E,8,-9900,?,9,-9900,?,9,0.0,E,8,-9900,?,9,-9900,?,9,0.0,0.0,E,8
12/25/2019,19:00,0.0,1413.379,12.05,1,8,0.0,1,8,0.0,1,8,1446.0,1,8,0.0,1,8,0.0,1,8,-0.0,1,8,-9900,?,9,-9900,?,9,20.41,E,8,17.22,E,8,81.0,E,8,872.5394,E,8,999.0,E,8,0.84,E,8,-9900,?,9,-9900,?,9,0.0,E,8,-9900,?,9,-9900,?,9,0.0,0.0,E,8
12/25/2019,20:00,0.0,1413.379,0.0,1,8,0.0,1,8,0.0,1,8,0.0,1,8,0.0,1,8,0.0,1,8,-0.0,1,8,-9900,?,9,-9900,?,9,19.46,E,8,16.84,E,8,87.0,E,8,872.5394,E,8,999.0,E,8,0.84,E,8,-9900,?,9,-9900,?,9,0.001,E,8,-9900,?,9,-9900,?,9,0.01,99.0,E,8
12/25/2019,21:00,0.0,1413.379,0.0,1,8,0.0,1,8,0.0,1,8,0.0,1,8,0.0,1,8,0.0,1,8,-0.0,1,8,-9900,?,9,-9900,?,9,18.51,E,8,16.46,E,8,90.0,E,8,872.5394,E,8,999.0,E,8,0.84,E,8,-9900,?,9,-9900,?,9,0.005,E,8,-9900,?,9,-9900,?,9,0.05,99.0,E,8
12/25/2019,22:00,0.0,1413.379,0.0,1,8,0.0,1,8,0.0,1,8,0.0,1,8,0.0,1,8,0.0,1,8,-0.0,1,8,-9900,?,9,-9900,?,9,17.56,E,8,16.07,E,8,97.0,E,8,872.5394,E,8,999.0,E,8,0.84,E,8,-9900,?,9,-9900,?,9,0.279,E,8,-9900,?,9,-9900,?,9,2.79,99.0,E,8
12/25/2019,23:00,0.0,1413.379,0.0,1,8,0.0,1,8,0.0,1,8,0.0,1,8,0.0,1,8,0.0,1,8,-0.0,1,8,-9900,?,9,-9900,?,9,16.61,E,8,15.67,E,8,95.0,E,8,872.5394,E,8,999.0,E,8,0.84,E,8,-9900,?,9,-9900,?,9,0.012,E,8,-9900,?,9,-9900,?,9,0.12,99.0,E,8
12/25/2019,24:00,0.0,1413.379,0.0,1,8,0.0,1,8,0.0,1,8,0.0,1,8,0.0,1,8,0.0,1,8,-0.0,1,8,-9900,?,9,-9900,?,9,15.66,E,8,13.58,E,8,83.0,E,8,872.5394,E,8,999.0,E,8,0.64,E,8,-9900,?,9,-9900,?,9,0.0,E,8,-9900,?,9,-9900,?,9,0.0,0.0,E,8
12/26/2019,01:00,0.0,1413.379,0.0,1,8,0.0,1,8,0.0,1,8,0.0,1,8,0.0,1,8,0.0,1,8,-0.0,1,8,-9900,?,9,-9900,?,9,15.19,E,8,13.44,E,8,89.0,E,8,872.5394,E,8,999.0,E,8,0.64,E,8,-9900,?,9,-9900,?,9,0.001,E,8,-9900,?,9,-9900,?,9,0.01,99.0,E,8
12/26/2019,02:00,0.0,1413.379,0.0,1,8,0.0,1,8,0.0,1,8,0.0,1,8,0.0,1,8,0.0,1,8,-0.0,1,8,-9900,?,9,-9900,?,9,14.72,E,8,13.3,E,8,90.0,E,8,872.5394,E,8,999.0,E,8,0.64,E,8,-9900,?,9,-9900,?,9,0.022,E,8,-9900,?,9,-9900,?,9,0.22,99.0,E,8
12/26/2019,03:00,0.0,1413.379,0.0,1,8,0.0,1,8,0.0,1,8,0.0,1,8,0.0,1,8,0.0,1,8,-0.0,1,8,-9900,?,9,-9900,?,9,14.24,E,8,13.16,E,8,92.0,E,8,872.5394,E,8,999.0,E,8,0.64,E,8,-9900,?,9,-9900,?,9,0.01,E,8,-9900,?,9,-9900,?,9,0.1,99.0,E,8
12/26/2019,04:00,0.0,1413.51,0.0,1,8,0.0,1,8,0.0,1,8,0.0,1,8,0.0,1,8,0.0,1,8,-0.0,1,8,-9900,?,9,-9900,?,9,13.77,E,8,13.01,E,8,94.0,E,8,872.5394,E,8,999.0,E,8,0.64,E,8,-9900,?,9,-9900,?,9,0.005,E,8,-9900,?,9,-9900,?,9,0.05,99.0,E,8
12/26/2019,05:00,0.0,1413.51,0.0,1,8,0.0,1,8,0.0,1,8,0.0,1,8,0.0,1,8,0.0,1,8,-0.0,1,8,-9900,?,9,-9900,?,9,13.35,E,8,12.89,E,8,99.0,E,8,872.5394,E,8,999.0,E,8,0.64,E,8,-9900,?,9,-9900,?,9,0.458,E,8,-9900,?,9,-9900,?,9,4.58,99.0,E,8
12/26/2019,06:00,106.887,1413.51,0.0,1,8,0.0,1,8,0.0,1,8,0.0,1,8,0.0,1,8,0.0,1,8,0.0,1,8,-9900,?,9,-9900,?,9,13.03,E,8,12.79,E,8,92.0,E,8,872.5394,E,8,999.0,E,8,0.64,E,8,-9900,?,9,-9900,?,9,0.0,E,8,-9900,?,9,-9900,?,9,0.0,0.0,E,8
12/26/2019,07:00,419.118,1413.51,38.09,1,8,0.0,1,8,38.09,1,8,4570.8,1,8,0.0,1,8,4189.9,1,8,41.013,1,8,-9900,?,9,-9900,?,9,12.72,E,8,12.69,E,8,93.0,E,8,872.5394,E,8,999.0,E,8,0.73,E,8,-9900,?,9,-9900,?,9,0.0,E,8,-9900,?,9,-9900,?,9,0.0,0.0,E,8
12/26/2019,08:00,719.27,1413.51,125.18,1,8,0.0,1,8,125.18,1,8,15021.6,1,8,0.0,1,8,13769.8,1,8,78.371,1,8,-9900,?,9,-9900,?,9,15.55,E,8,13.55,E,8,83.0,E,8,872.5394,E,8,999.0,E,8,0.64,E,8,-9900,?,9,-9900,?,9,0.0,E,8,-9900,?,9,-9900,?,9,0.0,0.0,E,8
12/26/2019,09:00,984.596,1413.51,211.45,1,8,2.093,1,8,209.993,1,8,25374.0,1,8,198.832,1,8,23099.183,1,8,95.991,1,8,-9900,?,9,-9900,?,9,17.05,E,8,13.99,E,8,79.0,E,8,872.5394,E,8,999.0,E,8,0.64,E,8,-9900,?,9,-9900,?,9,0.0,E,8,-9900,?,9,-9900,?,9,0.0,0.0,E,8
12/26/2019,10:00,1196.774,1413.51,285.57,1,8,3.24,1,8,282.827,1,8,34268.4,1,8,307.761,1,8,31111.02,1,8,106.343,1,8,-9900,?,9,-9900,?,9,18.45,E,8,14.39,E,8,75.0,E,8,872.5394,E,8,999.0,E,8,0.64,E,8,-9900,?,9,-9900,?,9,0.0,E,8,-9900,?,9,-9900,?,9,0.0,0.0,E,8
12/26/2019,11:00,1341.285,1413.51,341.3,1,8,19.214,1,8,323.069,1,8,40956.0,1,8,1825.291,1,8,35537.562,1,8,108.377,1,8,-9900,?,9,-9900,?,9,19.67,E,8,14.73,E,8,71.0,E,8,872.5394,E,8,999.0,E,8,0.64,E,8,-9900,?,9,-9900,?,9,0.0,E,8,-9900,?,9,-9900,?,9,0.0,0.0,E,8
12/26/2019,12:00,1408.258,1413.51,374.44,1,8,20.68,1,8,353.837,1,8,44932.8,1,8,1964.555,1,8,38922.108,1,8,113.05,1,8,-9900,?,9,-9900,?,9,20.68,E,8,15.0,E,8,69.0,E,8,872.5394,E,8,999.0,E,8,0.64,E,8,-9900,?,9,-9900,?,9,0.0,E,8,-9900,?,9,-9900,?,9,0.0,0.0,E,8
12/26/2019,13:00,1393.122,1413.51,290.17,1,8,4.246,1,8,285.985,1,8,34820.4,1,8,403.38,1,8,31458.369,1,8,92.365,1,8,-9900,?,9,-9900,?,9,20.98,E,8,15.08,E,8,68.0,E,8,872.5394,E,8,999.0,E,8,0.64,E,8,-9900,?,9,-9900,?,9,0.0,E,8,-9900,?,9,-9900,?,9,0.0,0.0,E,8
12/26/2019,14:00,1296.905,1413.51,325.78,1,8,16.188,1,8,310.928,1,8,39093.6,1,8,1537.881,1,8,34202.081,1,8,107.876,1,8,-9900,?,9,-9900,?,9,21.36,E,8,15.19,E,8,67.0,E,8,872.5394,E,8,999.0,E,8,0.64,E,8,-9900,?,9,-9900,?,9,0.0,E,8,-9900,?,9,-9900,?,9,0.0,0.0,E,8
12/26/2019,15:00,1126.174,1413.51,425.92,1,8,26.697,1,8,404.653,1,8,51110.4,1,8,2536.247,1,8,44511.858,1,8,161.696,1,8,-9900,?,9,-9900,?,9,22.04,E,8,15.37,E,8,65.0,E,8,872.5394,E,8,999.0,E,8,0.64,E,8,-9900,?,9,-9900,?,9,0.0,E,8,-9900,?,9,-9900,?,9,0.0,0.0,E,8
12/26/2019,16:00,892.588,1413.51,289.4,1,8,41.265,1,8,263.354,1,8,34728.0,1,8,3920.166,1,8,28968.941,1,8,132.81,1,8,-9900,?,9,-9900,?,9,22.11,E,8,15.39,E,8,65.0,E,8,872.5394,E,8,999.0,E,8,0.64,E,8,-9900,?,9,-9900,?,9,0.0,E,8,-9900,?,9,-9900,?,9,0.0,0.0,E,8
12/26/2019,17:00,612.158,1413.51,205.87,1,8,35.523,1,8,190.505,1,8,24704.4,1,8,3374.707,1,8,20955.567,1,8,140.198,1,8,-9900,?,9,-9900,?,9,21.77,E,8,15.3,E,8,66.0,E,8,872.5394,E,8,999.0,E,8,0.64,E,8,-9900,?,9,-9900,?,9,0.0,E,8,-9900,?,9,-9900,?,9,0.0,0.0,E,8
12/26/2019,18:00,304.456,1413.51,152.74,1,8,362.737,1,8,75.065,1,8,18328.8,1,8,34459.99,1,8,8257.174,1,8,111.584,1,8,-9900,?,9,-9900,?,9,21.22,E,8,15.15,E,8,67.0,E,8,872.5394,E,8,999.0,E,8,0.64,E,8,-9900,?,9,-9900,?,9,0.0,E,8,-9900,?,9,-9900,?,9,0.0,0.0,E,8
12/26/2019,19:00,1.0,1413.51,49.27,1,8,0.0,1,8,0.0,1,8,5912.4,1,8,0.0,1,8,0.0,1,8,-0.0,1,8,-9900,?,9,-9900,?,9,20.28,E,8,14.89,E,8,70.0,E,8,872.5394,E,8,999.0,E,8,0.64,E,8,-9900,?,9,-9900,?,9,0.0,E,8,-9900,?,9,-9900,?,9,0.0,0.0,E,8
12/26/2019,20:00,0.0,1413.51,0.0,1,8,0.0,1,8,0.0,1,8,0.0,1,8,0.0,1,8,0.0,1,8,-0.0,1,8,-9900,?,9,-9900,?,9,19.3,E,8,14.62,E,8,76.0,E,8,872.5394,E,8,999.0,E,8,0.64,E,8,-9900,?,9,-9900,?,9,0.001,E,8,-9900,?,9,-9900,?,9,0.01,99.0,E,8
12/26/2019,21:00,0.0,1413.51,0.0,1,8,0.0,1,8,0.0,1,8,0.0,1,8,0.0,1,8,0.0,1,8,-0.0,1,8,-9900,?,9,-9900,?,9,18.32,E,8,14.35,E,8,75.0,E,8,872.5394,E,8,999.0,E,8,0.64,E,8,-9900,?,9,-9900,?,9,0.0,E,8,-9900,?,9,-9900,?,9,0.0,0.0,E,8
12/26/2019,22:00,0.0,1413.51,0.0,1,8,0.0,1,8,0.0,1,8,0.0,1,8,0.0,1,8,0.0,1,8,-0.0,1,8,-9900,?,9,-9900,?,9,17.34,E,8,14.07,E,8,78.0,E,8,872.5394,E,8,999.0,E,8,0.64,E,8,-9900,?,9,-9900,?,9,0.0,E,8,-9900,?,9,-9900,?,9,0.0,0.0,E,8
12/26/2019,23:00,0.0,1413.51,0.0,1,8,0.0,1,8,0.0,1,8,0.0,1,8,0.0,1,8,0.0,1,8,-0.0,1,8,-9900,?,9,-9900,?,9,16.36,E,8,13.79,E,8,85.0,E,8,872.5394,E,8,999.0,E,8,0.64,E,8,-9900,?,9,-9900,?,9,0.003,E,8,-9900,?,9,-9900,?,9,0.03,99.0,E,8
12/26/2019,24:00,0.0,1413.51,0.0,1,8,0.0,1,8,0.0,1,8,0.0,1,8,0.0,1,8,0.0,1,8,-0.0,1,8,-9900,?,9,-9900,?,9,15.38,E,8,12.21,E,8,81.0,E,8,872.5394,E,8,999.0,E,8,0.16,E,8,-9900,?,9,-9900,?,9,0.0,E,8,-9900,?,9,-9900,?,9,0.0,0.0,E,8
12/27/2019,01:00,0.0,1413.51,0.0,1,8,0.0,1,8,0.0,1,8,0.0,1,8,0.0,1,8,0.0,1,8,-0.0,1,8,-9900,?,9,-9900,?,9,14.89,E,8,12.23,E,8,84.0,E,8,872.5394,E,8,999.0,E,8,0.16,E,8,-9900,?,9,-9900,?,9,0.0,E,8,-9900,?,9,-9900,?,9,0.0,0.0,E,8
12/27/2019,02:00,0.0,1413.51,0.0,1,8,0.0,1,8,0.0,1,8,0.0,1,8,0.0,1,8,0.0,1,8,-0.0,1,8,-9900,?,9,-9900,?,9,14.4,E,8,12.24,E,8,86.0,E,8,872.5394,E,8,999.0,E,8,0.16,E,8,-9900,?,9,-9900,?,9,0.0,E,8,-9900,?,9,-9900,?,9,0.0,0.0,E,8
12/27/2019,03:00,0.0,1413.51,0.0,1,8,0.0,1,8,0.0,1,8,0.0,1,8,0.0,1,8,0.0,1,8,-0.0,1,8,-9900,?,9,-9900,?,9,13.91,E,8,12.26,E,8,89.0,E,8,872.5394,E,8,999.0,E,8,0.16,E,8,-9900,?,9,-9900,?,9,0.0,E,8,-9900,?,9,-9900,?,9,0.0,0.0,E,8
12/27/2019,04:00,0.0,1413.626,0.0,1,8,0.0,1,8,0.0,1,8,0.0,1,8,0.0,1,8,0.0,1,8,-0.0,1,8,-9900,?,9,-9900,?,9,13.42,E,8,12.28,E,8,92.0,E,8,872.5394,E,8,999.0,E,8,0.16,E,8,-9900,?,9,-9900,?,9,0.0,E,8,-9900,?,9,-9900,?,9,0.0,0.0,E,8
12/27/2019,05:00,0.0,1413.626,0.0,1,8,0.0,1,8,0.0,1,8,0.0,1,8,0.0,1,8,0.0,1,8,-0.0,1,8,-9900,?,9,-9900,?,9,12.99,E,8,12.29,E,8,95.0,E,8,872.5394,E,8,999.0,E,8,0.16,E,8,-9900,?,9,-9900,?,9,0.0,E,8,-9900,?,9,-9900,?,9,0.0,0.0,E,8
12/27/2019,06:00,104.068,1413.626,0.0,1,8,0.0,1,8,0.0,1,8,0.0,1,8,0.0,1,8,0.0,1,8,0.0,1,8,-9900,?,9,-9900,?,9,12.66,E,8,12.3,E,8,97.0,E,8,872.5394,E,8,999.0,E,8,0.16,E,8,-9900,?,9,-9900,?,9,0.0,E,8,-9900,?,9,-9900,?,9,0.0,0.0,E,8
12/27/2019,07:00,416.354,1413.626,66.75,1,8,0.0,1,8,66.75,1,8,8010.0,1,8,0.0,1,8,7342.5,1,8,72.359,1,8,-9900,?,9,-9900,?,9,12.34,E,8,12.31,E,8,99.0,E,8,872.5394,E,8,999.0,E,8,0.16,E,8,-9900,?,9,-9900,?,9,0.0,E,8,-9900,?,9,-9900,?,9,0.0,0.0,E,8
12/27/2019,08:00,716.81,1413.626,222.21,1,8,21.282,1,8,211.427,1,8,26665.2,1,8,2021.826,1,8,23257.016,1,8,132.834,1,8,-9900,?,9,-9900,?,9,15.3,E,8,12.21,E,8,81.0,E,8,872.5394,E,8,999.0,E,8,0.16,E,8,-9900,?,9,-9900,?,9,0.0,E,8,-9900,?,9,-9900,?,9,0.0,0.0,E,8
12/27/2019,09:00,982.596,1413.626,376.51,1,8,76.058,1,8,323.659,1,8,45181.2,1,8,7225.511,1,8,35602.545,1,8,148.264,1,8,-9900,?,9,-9900,?,9,16.89,E,8,12.16,E,8,73.0,E,8,872.5394,E,8,999.0,E,8,0.16,E,8,-9900,?,9,-9900,?,9,0.0,E,8,-9900,?,9,-9900,?,9,0.0,0.0,E,8
12/27/2019,10:00,1195.354,1413.626,509.22,1,8,101.255,1,8,423.609,1,8,61106.4,1,8,9619.261,1,8,46596.995,1,8,159.479,1,8,-9900,?,9,-9900,?,9,18.36,E,8,12.11,E,8,66.0,E,8,872.5394,E,8,999.0,E,8,0.27,E,8,-9900,?,9,-9900,?,9,0.0,E,8,-9900,?,9,-9900,?,9,0.0,0.0,E,8
12/27/2019,11:00,1340.523,1413.626,751.27,1,8,330.227,1,8,438.13,1,8,90152.4,1,8,31371.554,1,8,48194.343,1,8,147.071,1,8,-9900,?,9,-9900,?,9,20.23,E,8,12.04,E,8,59.0,E,8,872.5394,E,8,999.0,E,8,0.6,E,8,-9900,?,9,-9900,?,9,0.0,E,8,-9900,?,9,-9900,?,9,0.0,0.0,E,8
12/27/2019,12:00,1408.188,1413.626,966.91,1,8,414.383,1,8,554.122,1,8,116029.2,1,8,39366.364,1,8,60953.429,1,8,177.064,1,8,-9900,?,9,-9900,?,9,22.22,E,8,11.98,E,8,52.0,E,8,872.5394,E,8,999.0,E,8,1.15,E,8,-9900,?,9,-9900,?,9,0.0,E,8,-9900,?,9,-9900,?,9,0.0,0.0,E,8
12/27/2019,13:00,1393.729,1413.626,1117.87,1,8,691.925,1,8,435.689,1,8,134144.4,1,8,65732.911,1,8,47925.818,1,8,140.665,1,8,-9900,?,9,-9900,?,9,24.08,E,8,11.91,E,8,46.0,E,8,872.5394,E,8,999.0,E,8,2.0,E,8,-9900,?,9,-9900,?,9,0.0,E,8,-9900,?,9,-9900,?,9,0.0,0.0,E,8
12/27/2019,14:00,1298.129,1413.626,279.65,1,8,16.542,1,8,264.46,1,8,33558.0,1,8,1571.492,1,8,29090.637,1,8,91.675,1,8,-9900,?,9,-9900,?,9,22.8,E,8,11.96,E,8,50.0,E,8,872.5394,E,8,999.0,E,8,2.08,E,8,-9900,?,9,-9900,?,9,0.0,E,8,-9900,?,9,-9900,?,9,0.0,0.0,E,8
12/27/2019,15:00,1127.909,1413.626,173.4,1,8,2.097,1,8,171.727,1,8,20808.0,1,8,199.173,1,8,18890.022,1,8,68.521,1,8,-9900,?,9,-9900,?,9,21.4,E,8,12.0,E,8,55.0,E,8,872.5394,E,8,999.0,E,8,2.27,E,8,-9900,?,9,-9900,?,9,0.0,E,8,-9900,?,9,-9900,?,9,0.0,0.0,E,8
12/27/2019,16:00,894.697,1413.626,164.41,1,8,5.009,1,8,161.241,1,8,19729.2,1,8,475.839,1,8,17736.538,1,8,81.129,1,8,-9900,?,9,-9900,?,9,20.24,E,8,12.04,E,8,59.0,E,8,872.5394,E,8,999.0,E,8,1.7,E,8,-9900,?,9,-9900,?,9,0.0,E,8,-9900,?,9,-9900,?,9,0.0,0.0,E,8
12/27/2019,17:00,614.474,1413.626,405.73,1,8,370.775,1,8,244.764,1,8,48687.6,1,8,35223.649,1,8,26923.992,1,8,179.462,1,8,-9900,?,9,-9900,?,9,20.06,E,8,12.05,E,8,59.0,E,8,872.5394,E,8,999.0,E,8,1.52,E,8,-9900,?,9,-9900,?,9,0.0,E,8,-9900,?,9,-9900,?,9,0.0,0.0,E,8
12/27/2019,18:00,306.791,1413.626,85.0,1,8,17.346,1,8,81.257,1,8,10200.0,1,8,1647.849,1,8,8938.286,1,8,119.868,1,8,-9900,?,9,-9900,?,9,18.98,E,8,12.09,E,8,64.0,E,8,872.5394,E,8,999.0,E,8,0.82,E,8,-9900,?,9,-9900,?,9,0.0,E,8,-9900,?,9,-9900,?,9,0.0,0.0,E,8
12/27/2019,19:00,2.833,1413.626,23.18,1,8,0.0,1,8,0.0,1,8,2781.6,1,8,0.0,1,8,0.0,1,8,-0.0,1,8,-9900,?,9,-9900,?,9,17.9,E,8,12.12,E,8,68.0,E,8,872.5394,E,8,999.0,E,8,0.69,E,8,-9900,?,9,-9900,?,9,0.0,E,8,-9900,?,9,-9900,?,9,0.0,0.0,E,8
12/27/2019,20:00,0.0,1413.626,0.0,1,8,0.0,1,8,0.0,1,8,0.0,1,8,0.0,1,8,0.0,1,8,-0.0,1,8,-9900,?,9,-9900,?,9,17.28,E,8,12.15,E,8,71.0,E,8,872.5394,E,8,999.0,E,8,0.29,E,8,-9900,?,9,-9900,?,9,0.0,E,8,-9900,?,9,-9900,?,9,0.0,0.0,E,8
12/27/2019,21:00,0.0,1413.626,0.0,1,8,0.0,1,8,0.0,1,8,0.0,1,8,0.0,1,8,0.0,1,8,-0.0,1,8,-9900,?,9,-9900,?,9,16.66,E,8,12.17,E,8,74.0,E,8,872.5394,E,8,999.0,E,8,0.21,E,8,-9900,?,9,-9900,?,9,0.0,E,8,-9900,?,9,-9900,?,9,0.0,0.0,E,8
12/27/2019,22:00,0.0,1413.626,0.0,1,8,0.0,1,8,0.0,1,8,0.0,1,8,0.0,1,8,0.0,1,8,-0.0,1,8,-9900,?,9,-9900,?,9,16.05,E,8,12.19,E,8,77.0,E,8,872.5394,E,8,999.0,E,8,0.16,E,8,-9900,?,9,-9900,?,9,0.0,E,8,-9900,?,9,-9900,?,9,0.0,0.0,E,8
12/27/2019,23:00,0.0,1413.626,0.0,1,8,0.0,1,8,0.0,1,8,0.0,1,8,0.0,1,8,0.0,1,8,-0.0,1,8,-9900,?,9,-9900,?,9,15.43,E,8,12.21,E,8,81.0,E,8,872.5394,E,8,999.0,E,8,0.16,E,8,-9900,?,9,-9900,?,9,0.0,E,8,-9900,?,9,-9900,?,9,0.0,0.0,E,8
12/27/2019,24:00,0.0,1413.626,0.0,1,8,0.0,1,8,0.0,1,8,0.0,1,8,0.0,1,8,0.0,1,8,-0.0,1,8,-9900,?,9,-9900,?,9,14.81,E,8,11.15,E,8,78.0,E,8,872.5394,E,8,999.0,E,8,0.12,E,8,-9900,?,9,-9900,?,9,0.0,E,8,-9900,?,9,-9900,?,9,0.0,0.0,E,8
12/28/2019,01:00,0.0,1413.626,0.0,1,8,0.0,1,8,0.0,1,8,0.0,1,8,0.0,1,8,0.0,1,8,-0.0,1,8,-9900,?,9,-9900,?,9,14.5,E,8,11.18,E,8,80.0,E,8,872.5394,E,8,999.0,E,8,0.12,E,8,-9900,?,9,-9900,?,9,0.0,E,8,-9900,?,9,-9900,?,9,0.0,0.0,E,8
12/28/2019,02:00,0.0,1413.626,0.0,1,8,0.0,1,8,0.0,1,8,0.0,1,8,0.0,1,8,0.0,1,8,-0.0,1,8,-9900,?,9,-9900,?,9,14.19,E,8,11.21,E,8,82.0,E,8,872.5394,E,8,999.0,E,8,0.12,E,8,-9900,?,9,-9900,?,9,0.0,E,8,-9900,?,9,-9900,?,9,0.0,0.0,E,8
12/28/2019,03:00,0.0,1413.626,0.0,1,8,0.0,1,8,0.0,1,8,0.0,1,8,0.0,1,8,0.0,1,8,-0.0,1,8,-9900,?,9,-9900,?,9,13.88,E,8,11.23,E,8,84.0,E,8,872.5394,E,8,999.0,E,8,0.12,E,8,-9900,?,9,-9900,?,9,0.0,E,8,-9900,?,9,-9900,?,9,0.0,0.0,E,8
12/28/2019,04:00,0.0,1413.727,0.0,1,8,0.0,1,8,0.0,1,8,0.0,1,8,0.0,1,8,0.0,1,8,-0.0,1,8,-9900,?,9,-9900,?,9,13.57,E,8,11.26,E,8,85.0,E,8,872.5394,E,8,999.0,E,8,0.12,E,8,-9900,?,9,-9900,?,9,0.0,E,8,-9900,?,9,-9900,?,9,0.0,0.0,E,8
12/28/2019,05:00,0.0,1413.727,0.0,1,8,0.0,1,8,0.0,1,8,0.0,1,8,0.0,1,8,0.0,1,8,-0.0,1,8,-9900,?,9,-9900,?,9,13.3,E,8,11.28,E,8,87.0,E,8,872.5394,E,8,999.0,E,8,0.12,E,8,-9900,?,9,-9900,?,9,0.0,E,8,-9900,?,9,-9900,?,9,0.0,0.0,E,8
12/28/2019,06:00,101.193,1413.727,0.0,1,8,0.0,1,8,0.0,1,8,0.0,1,8,0.0,1,8,0.0,1,8,0.0,1,8,-9900,?,9,-9900,?,9,13.09,E,8,11.3,E,8,88.0,E,8,872.5394,E,8,999.0,E,8,0.15,E,8,-9900,?,9,-9900,?,9,0.0,E,8,-9900,?,9,-9900,?,9,0.0,0.0,E,8
12/28/2019,07:00,413.543,1413.727,92.48,1,8,0.0,1,8,92.48,1,8,11097.6,1,8,0.0,1,8,10172.8,1,8,100.944,1,8,-9900,?,9,-9900,?,9,12.89,E,8,11.32,E,8,90.0,E,8,872.5394,E,8,999.0,E,8,0.19,E,8,-9900,?,9,-9900,?,9,0.0,E,8,-9900,?,9,-9900,?,9,0.0,0.0,E,8
12/28/2019,08:00,714.317,1413.727,318.39,1,8,144.248,1,8,245.567,1,8,38206.8,1,8,13703.599,1,8,27012.425,1,8,154.834,1,8,-9900,?,9,-9900,?,9,16.36,E,8,11.02,E,8,70.0,E,8,872.5394,E,8,999.0,E,8,0.43,E,8,-9900,?,9,-9900,?,9,0.0,E,8,-9900,?,9,-9900,?,9,0.0,0.0,E,8
12/28/2019,09:00,980.572,1413.727,537.53,1,8,264.151,1,8,354.371,1,8,64503.6,1,8,25094.373,1,8,38980.764,1,8,162.679,1,8,-9900,?,9,-9900,?,9,18.23,E,8,10.86,E,8,62.0,E,8,872.5394,E,8,999.0,E,8,0.63,E,8,-9900,?,9,-9900,?,9,0.0,E,8,-9900,?,9,-9900,?,9,0.0,0.0,E,8
12/28/2019,10:00,1193.917,1413.727,732.66,1,8,346.043,1,8,440.456,1,8,87919.2,1,8,32874.051,1,8,48450.109,1,8,166.033,1,8,-9900,?,9,-9900,?,9,19.99,E,8,10.7,E,8,55.0,E,8,872.5394,E,8,999.0,E,8,0.98,E,8,-9900,?,9,-9900,?,9,0.0,E,8,-9900,?,9,-9900,?,9,0.0,0.0,E,8
12/28/2019,11:00,1339.748,1413.727,849.1,1,8,383.637,1,8,485.551,1,8,101892.0,1,8,36445.5,1,8,53410.562,1,8,163.095,1,8,-9900,?,9,-9900,?,9,21.44,E,8,10.57,E,8,49.0,E,8,872.5394,E,8,999.0,E,8,1.06,E,8,-9900,?,9,-9900,?,9,0.0,E,8,-9900,?,9,-9900,?,9,0.0,0.0,E,8
12/28/2019,12:00,1408.105,1413.727,959.54,1,8,395.966,1,8,565.15,1,8,115144.8,1,8,37616.728,1,8,62166.492,1,8,180.611,1,8,-9900,?,9,-9900,?,9,22.72,E,8,10.46,E,8,45.0,E,8,872.5394,E,8,999.0,E,8,1.23,E,8,-9900,?,9,-9900,?,9,0.0,E,8,-9900,?,9,-9900,?,9,0.0,0.0,E,8
12/28/2019,13:00,1394.32,1413.727,964.05,1,8,412.725,1,8,556.994,1,8,115686.0,1,8,39208.914,1,8,61269.306,1,8,179.766,1,8,-9900,?,9,-9900,?,9,23.64,E,8,10.38,E,8,43.0,E,8,872.5394,E,8,999.0,E,8,1.68,E,8,-9900,?,9,-9900,?,9,0.0,E,8,-9900,?,9,-9900,?,9,0.0,0.0,E,8
12/28/2019,14:00,1299.329,1413.727,936.62,1,8,594.808,1,8,389.973,1,8,112394.4,1,8,56506.757,1,8,42897.043,1,8,135.069,1,8,-9900,?,9,-9900,?,9,24.27,E,8,10.32,E,8,41.0,E,8,872.5394,E,8,999.0,E,8,1.86,E,8,-9900,?,9,-9900,?,9,0.0,E,8,-9900,?,9,-9900,?,9,0.0,0.0,E,8
12/28/2019,15:00,1129.612,1413.727,828.95,1,8,715.513,1,8,257.328,1,8,99474.0,1,8,67973.711,1,8,28306.096,1,8,102.529,1,8,-9900,?,9,-9900,?,9,24.57,E,8,10.29,E,8,40.0,E,8,872.5394,E,8,999.0,E,8,1.78,E,8,-9900,?,9,-9900,?,9,0.0,E,8,-9900,?,9,-9900,?,9,0.0,0.0,E,8
12/28/2019,16:00,896.76,1413.727,661.39,1,8,794.546,1,8,157.611,1,8,79366.8,1,8,75481.848,1,8,17337.199,1,8,79.125,1,8,-9900,?,9,-9900,?,9,24.48,E,8,10.3,E,8,40.0,E,8,872.5394,E,8,999.0,E,8,1.3,E,8,-9900,?,9,-9900,?,9,0.0,E,8,-9900,?,9,-9900,?,9,0.0,0.0,E,8
12/28/2019,17:00,616.73,1413.727,473.56,1,8,816.727,1,8,117.71,1,8,56827.2,1,8,77589.046,1,8,12948.104,1,8,85.995,1,8,-9900,?,9,-9900,?,9,23.92,E,8,10.35,E,8,42.0,E,8,872.5394,E,8,999.0,E,8,1.34,E,8,-9900,?,9,-9900,?,9,0.0,E,8,-9900,?,9,-9900,?,9,0.0,0.0,E,8
12/28/2019,18:00,309.054,1413.727,233.29,1,8,652.208,1,8,91.518,1,8,27994.8,1,8,61959.728,1,8,10066.93,1,8,134.013,1,8,-9900,?,9,-9900,?,9,22.88,E,8,10.44,E,8,45.0,E,8,872.5394,E,8,999.0,E,8,0.8,E,8,-9900,?,9,-9900,?,9,0.0,E,8,-9900,?,9,-9900,?,9,0.0,0.0,E,8
12/28/2019,19:00,4.601,1413.727,29.3,1,8,0.0,1,8,0.0,1,8,3516.0,1,8,0.0,1,8,0.0,1,8,-0.0,1,8,-9900,?,9,-9900,?,9,21.55,E,8,10.56,E,8,49.0,E,8,872.5394,E,8,999.0,E,8,0.47,E,8,-9900,?,9,-9900,?,9,0.0,E,8,-9900,?,9,-9900,?,9,0.0,0.0,E,8
12/28/2019,20:00,0.0,1413.727,0.0,1,8,0.0,1,8,0.0,1,8,0.0,1,8,0.0,1,8,0.0,1,8,-0.0,1,8,-9900,?,9,-9900,?,9,20.54,E,8,10.65,E,8,53.0,E,8,872.5394,E,8,999.0,E,8,0.25,E,8,-9900,?,9,-9900,?,9,0.0,E,8,-9900,?,9,-9900,?,9,0.0,0.0,E,8
12/28/2019,21:00,0.0,1413.727,0.0,1,8,0.0,1,8,0.0,1,8,0.0,1,8,0.0,1,8,0.0,1,8,-0.0,1,8,-9900,?,9,-9900,?,9,19.53,E,8,10.74,E,8,56.0,E,8,872.5394,E,8,999.0,E,8,0.21,E,8,-9900,?,9,-9900,?,9,0.0,E,8,-9900,?,9,-9900,?,9,0.0,0.0,E,8
12/28/2019,22:00,0.0,1413.727,0.0,1,8,0.0,1,8,0.0,1,8,0.0,1,8,0.0,1,8,0.0,1,8,-0.0,1,8,-9900,?,9,-9900,?,9,18.53,E,8,10.83,E,8,60.0,E,8,872.5394,E,8,999.0,E,8,0.2,E,8,-9900,?,9,-9900,?,9,0.0,E,8,-9900,?,9,-9900,?,9,0.0,0.0,E,8
12/28/2019,23:00,0.0,1413.727,0.0,1,8,0.0,1,8,0.0,1,8,0.0,1,8,0.0,1,8,0.0,1,8,-0.0,1,8,-9900,?,9,-9900,?,9,17.52,E,8,10.92,E,8,65.0,E,8,872.5394,E,8,999.0,E,8,0.24,E,8,-9900,?,9,-9900,?,9,0.0,E,8,-9900,?,9,-9900,?,9,0.0,0.0,E,8
12/28/2019,24:00,0.0,1413.727,0.0,1,8,0.0,1,8,0.0,1,8,0.0,1,8,0.0,1,8,0.0,1,8,-0.0,1,8,-9900,?,9,-9900,?,9,16.51,E,8,11.25,E,8,71.0,E,8,872.5394,E,8,999.0,E,8,0.31,E,8,-9900,?,9,-9900,?,9,0.0,E,8,-9900,?,9,-9900,?,9,0.0,0.0,E,8
12/29/2019,01:00,0.0,1413.727,0.0,1,8,0.0,1,8,0.0,1,8,0.0,1,8,0.0,1,8,0.0,1,8,-0.0,1,8,-9900,?,9,-9900,?,9,16.01,E,8,11.23,E,8,73.0,E,8,872.5394,E,8,999.0,E,8,0.43,E,8,-9900,?,9,-9900,?,9,0.0,E,8,-9900,?,9,-9900,?,9,0.0,0.0,E,8
12/29/2019,02:00,0.0,1413.727,0.0,1,8,0.0,1,8,0.0,1,8,0.0,1,8,0.0,1,8,0.0,1,8,-0.0,1,8,-9900,?,9,-9900,?,9,15.51,E,8,11.21,E,8,75.0,E,8,872.5394,E,8,999.0,E,8,0.47,E,8,-9900,?,9,-9900,?,9,0.0,E,8,-9900,?,9,-9900,?,9,0.0,0.0,E,8
12/29/2019,03:00,0.0,1413.727,0.0,1,8,0.0,1,8,0.0,1,8,0.0,1,8,0.0,1,8,0.0,1,8,-0.0,1,8,-9900,?,9,-9900,?,9,15.0,E,8,11.19,E,8,77.0,E,8,872.5394,E,8,999.0,E,8,0.28,E,8,-9900,?,9,-9900,?,9,0.0,E,8,-9900,?,9,-9900,?,9,0.0,0.0,E,8
12/29/2019,04:00,0.0,1413.813,0.0,1,8,0.0,1,8,0.0,1,8,0.0,1,8,0.0,1,8,0.0,1,8,-0.0,1,8,-9900,?,9,-9900,?,9,14.5,E,8,11.17,E,8,80.0,E,8,872.5394,E,8,999.0,E,8,0.28,E,8,-9900,?,9,-9900,?,9,0.0,E,8,-9900,?,9,-9900,?,9,0.0,0.0,E,8
12/29/2019,05:00,0.0,1413.813,0.0,1,8,0.0,1,8,0.0,1,8,0.0,1,8,0.0,1,8,0.0,1,8,-0.0,1,8,-9900,?,9,-9900,?,9,14.05,E,8,11.15,E,8,82.0,E,8,872.5394,E,8,999.0,E,8,0.28,E,8,-9900,?,9,-9900,?,9,0.0,E,8,-9900,?,9,-9900,?,9,0.0,0.0,E,8
12/29/2019,06:00,98.267,1413.813,0.0,1,8,0.0,1,8,0.0,1,8,0.0,1,8,0.0,1,8,0.0,1,8,0.0,1,8,-9900,?,9,-9900,?,9,13.72,E,8,11.14,E,8,84.0,E,8,872.5394,E,8,999.0,E,8,0.28,E,8,-9900,?,9,-9900,?,9,0.0,E,8,-9900,?,9,-9900,?,9,0.0,0.0,E,8
12/29/2019,07:00,410.689,1413.813,86.59,1,8,0.0,1,8,86.59,1,8,10390.8,1,8,0.0,1,8,9524.9,1,8,95.182,1,8,-9900,?,9,-9900,?,9,13.39,E,8,11.13,E,8,86.0,E,8,872.5394,E,8,999.0,E,8,0.28,E,8,-9900,?,9,-9900,?,9,0.0,E,8,-9900,?,9,-9900,?,9,0.0,0.0,E,8
12/29/2019,08:00,711.791,1413.813,300.69,1,8,116.556,1,8,242.06,1,8,36082.8,1,8,11072.781,1,8,26626.606,1,8,153.175,1,8,-9900,?,9,-9900,?,9,16.38,E,8,11.25,E,8,71.0,E,8,872.5394,E,8,999.0,E,8,0.28,E,8,-9900,?,9,-9900,?,9,0.0,E,8,-9900,?,9,-9900,?,9,0.0,0.0,E,8
12/29/2019,09:00,978.526,1413.813,521.72,1,8,226.774,1,8,364.816,1,8,62606.4,1,8,21543.488,1,8,40129.756,1,8,167.835,1,8,-9900,?,9,-9900,?,9,18.07,E,8,11.32,E,8,64.0,E,8,872.5394,E,8,999.0,E,8,0.28,E,8,-9900,?,9,-9900,?,9,0.0,E,8,-9900,?,9,-9900,?,9,0.0,0.0,E,8
12/29/2019,10:00,1192.464,1413.813,710.85,1,8,329.579,1,8,432.904,1,8,85302.0,1,8,31309.959,1,8,47619.445,1,8,163.396,1,8,-9900,?,9,-9900,?,9,19.64,E,8,11.38,E,8,58.0,E,8,872.5394,E,8,999.0,E,8,0.83,E,8,-9900,?,9,-9900,?,9,0.0,E,8,-9900,?,9,-9900,?,9,0.0,0.0,E,8
12/29/2019,11:00,1338.961,1413.813,904.15,1,8,433.75,1,8,493.378,1,8,108498.0,1,8,41206.228,1,8,54271.627,1,8,165.832,1,8,-9900,?,9,-9900,?,9,21.18,E,8,11.44,E,8,53.0,E,8,872.5394,E,8,999.0,E,8,1.8,E,8,-9900,?,9,-9900,?,9,0.0,E,8,-9900,?,9,-9900,?,9,0.0,0.0,E,8
12/29/2019,12:00,1408.009,1413.813,993.47,1,8,471.936,1,8,523.472,1,8,119216.4,1,8,44833.954,1,8,57581.945,1,8,167.314,1,8,-9900,?,9,-9900,?,9,22.44,E,8,11.49,E,8,49.0,E,8,872.5394,E,8,999.0,E,8,1.89,E,8,-9900,?,9,-9900,?,9,0.0,E,8,-9900,?,9,-9900,?,9,0.0,0.0,E,8
12/29/2019,13:00,1394.893,1413.813,985.25,1,8,485.783,1,8,505.972,1,8,118230.0,1,8,46149.388,1,8,55656.883,1,8,163.242,1,8,-9900,?,9,-9900,?,9,23.32,E,8,11.52,E,8,47.0,E,8,872.5394,E,8,999.0,E,8,2.48,E,8,-9900,?,9,-9900,?,9,0.0,E,8,-9900,?,9,-9900,?,9,0.0,0.0,E,8
12/29/2019,14:00,1300.504,1413.813,951.11,1,8,608.344,1,8,391.551,1,8,114133.2,1,8,57792.695,1,8,43070.625,1,8,135.501,1,8,-9900,?,9,-9900,?,9,23.92,E,8,11.55,E,8,45.0,E,8,872.5394,E,8,999.0,E,8,1.97,E,8,-9900,?,9,-9900,?,9,0.0,E,8,-9900,?,9,-9900,?,9,0.0,0.0,E,8
12/29/2019,15:00,1131.279,1413.813,798.62,1,8,643.687,1,8,283.651,1,8,95834.4,1,8,61150.268,1,8,31201.658,1,8,112.857,1,8,-9900,?,9,-9900,?,9,24.12,E,8,11.56,E,8,45.0,E,8,872.5394,E,8,999.0,E,8,1.4,E,8,-9900,?,9,-9900,?,9,0.0,E,8,-9900,?,9,-9900,?,9,0.0,0.0,E,8
12/29/2019,16:00,898.775,1413.813,623.27,1,8,703.887,1,8,175.996,1,8,74792.4,1,8,66869.22,1,8,19359.564,1,8,88.162,1,8,-9900,?,9,-9900,?,9,23.93,E,8,11.55,E,8,45.0,E,8,872.5394,E,8,999.0,E,8,1.5,E,8,-9900,?,9,-9900,?,9,0.0,E,8,-9900,?,9,-9900,?,9,0.0,0.0,E,8
12/29/2019,17:00,618.925,1413.813,428.53,1,8,793.841,1,8,81.438,1,8,51423.6,1,8,75414.884,1,8,8958.2,1,8,59.288,1,8,-9900,?,9,-9900,?,9,23.31,E,8,11.52,E,8,47.0,E,8,872.5394,E,8,999.0,E,8,0.86,E,8,-9900,?,9,-9900,?,9,0.0,E,8,-9900,?,9,-9900,?,9,0.0,0.0,E,8
12/29/2019,18:00,311.24,1413.813,204.94,1,8,644.593,1,8,63.828,1,8,24592.8,1,8,61236.363,1,8,7021.132,1,8,92.809,1,8,-9900,?,9,-9900,?,9,22.31,E,8,11.48,E,8,50.0,E,8,872.5394,E,8,999.0,E,8,0.33,E,8,-9900,?,9,-9900,?,9,0.0,E,8,-9900,?,9,-9900,?,9,0.0,0.0,E,8
12/29/2019,19:00,6.3,1413.813,25.28,1,8,0.0,1,8,0.0,1,8,3033.6,1,8,0.0,1,8,0.0,1,8,-0.0,1,8,-9900,?,9,-9900,?,9,21.09,E,8,11.44,E,8,54.0,E,8,872.5394,E,8,999.0,E,8,0.28,E,8,-9900,?,9,-9900,?,9,0.0,E,8,-9900,?,9,-9900,?,9,0.0,0.0,E,8
12/29/2019,20:00,0.0,1413.813,0.0,1,8,0.0,1,8,0.0,1,8,0.0,1,8,0.0,1,8,0.0,1,8,-0.0,1,8,-9900,?,9,-9900,?,9,20.05,E,8,11.39,E,8,57.0,E,8,872.5394,E,8,999.0,E,8,0.28,E,8,-9900,?,9,-9900,?,9,0.0,E,8,-9900,?,9,-9900,?,9,0.0,0.0,E,8
12/29/2019,21:00,0.0,1413.813,0.0,1,8,0.0,1,8,0.0,1,8,0.0,1,8,0.0,1,8,0.0,1,8,-0.0,1,8,-9900,?,9,-9900,?,9,19.0,E,8,11.35,E,8,61.0,E,8,872.5394,E,8,999.0,E,8,0.28,E,8,-9900,?,9,-9900,?,9,0.0,E,8,-9900,?,9,-9900,?,9,0.0,0.0,E,8
12/29/2019,22:00,0.0,1413.813,0.0,1,8,0.0,1,8,0.0,1,8,0.0,1,8,0.0,1,8,0.0,1,8,-0.0,1,8,-9900,?,9,-9900,?,9,17.96,E,8,11.31,E,8,65.0,E,8,872.5394,E,8,999.0,E,8,0.28,E,8,-9900,?,9,-9900,?,9,0.0,E,8,-9900,?,9,-9900,?,9,0.0,0.0,E,8
12/29/2019,23:00,0.0,1413.813,0.0,1,8,0.0,1,8,0.0,1,8,0.0,1,8,0.0,1,8,0.0,1,8,-0.0,1,8,-9900,?,9,-9900,?,9,16.91,E,8,11.27,E,8,69.0,E,8,872.5394,E,8,999.0,E,8,0.28,E,8,-9900,?,9,-9900,?,9,0.0,E,8,-9900,?,9,-9900,?,9,0.0,0.0,E,8
12/29/2019,24:00,0.0,1413.813,0.0,1,8,0.0,1,8,0.0,1,8,0.0,1,8,0.0,1,8,0.0,1,8,-0.0,1,8,-9900,?,9,-9900,?,9,15.86,E,8,11.2,E,8,73.0,E,8,872.5394,E,8,999.0,E,8,0.41,E,8,-9900,?,9,-9900,?,9,0.0,E,8,-9900,?,9,-9900,?,9,0.0,0.0,E,8
12/30/2019,01:00,0.0,1413.813,0.0,1,8,0.0,1,8,0.0,1,8,0.0,1,8,0.0,1,8,0.0,1,8,-0.0,1,8,-9900,?,9,-9900,?,9,15.34,E,8,11.03,E,8,75.0,E,8,872.5394,E,8,999.0,E,8,0.41,E,8,-9900,?,9,-9900,?,9,0.0,E,8,-9900,?,9,-9900,?,9,0.0,0.0,E,8
12/30/2019,02:00,0.0,1413.813,0.0,1,8,0.0,1,8,0.0,1,8,0.0,1,8,0.0,1,8,0.0,1,8,-0.0,1,8,-9900,?,9,-9900,?,9,14.82,E,8,10.84,E,8,77.0,E,8,872.5394,E,8,999.0,E,8,0.41,E,8,-9900,?,9,-9900,?,9,0.0,E,8,-9900,?,9,-9900,?,9,0.0,0.0,E,8
12/30/2019,03:00,0.0,1413.813,0.0,1,8,0.0,1,8,0.0,1,8,0.0,1,8,0.0,1,8,0.0,1,8,-0.0,1,8,-9900,?,9,-9900,?,9,14.29,E,8,10.66,E,8,78.0,E,8,872.5394,E,8,999.0,E,8,0.41,E,8,-9900,?,9,-9900,?,9,0.0,E,8,-9900,?,9,-9900,?,9,0.0,0.0,E,8
12/30/2019,04:00,0.0,1413.884,0.0,1,8,0.0,1,8,0.0,1,8,0.0,1,8,0.0,1,8,0.0,1,8,-0.0,1,8,-9900,?,9,-9900,?,9,13.77,E,8,10.47,E,8,80.0,E,8,872.5394,E,8,999.0,E,8,0.41,E,8,-9900,?,9,-9900,?,9,0.0,E,8,-9900,?,9,-9900,?,9,0.0,0.0,E,8
12/30/2019,05:00,0.0,1413.884,0.0,1,8,0.0,1,8,0.0,1,8,0.0,1,8,0.0,1,8,0.0,1,8,-0.0,1,8,-9900,?,9,-9900,?,9,13.31,E,8,10.31,E,8,82.0,E,8,872.5394,E,8,999.0,E,8,0.41,E,8,-9900,?,9,-9900,?,9,0.0,E,8,-9900,?,9,-9900,?,9,0.0,0.0,E,8
12/30/2019,06:00,95.293,1413.884,0.0,1,8,0.0,1,8,0.0,1,8,0.0,1,8,0.0,1,8,0.0,1,8,0.0,1,8,-9900,?,9,-9900,?,9,12.96,E,8,10.18,E,8,83.0,E,8,872.5394,E,8,999.0,E,8,0.41,E,8,-9900,?,9,-9900,?,9,0.0,E,8,-9900,?,9,-9900,?,9,0.0,0.0,E,8
12/30/2019,07:00,407.795,1413.884,89.25,1,8,0.0,1,8,89.25,1,8,10710.0,1,8,0.0,1,8,9817.5,1,8,98.812,1,8,-9900,?,9,-9900,?,9,12.61,E,8,10.06,E,8,84.0,E,8,872.5394,E,8,999.0,E,8,0.41,E,8,-9900,?,9,-9900,?,9,0.0,E,8,-9900,?,9,-9900,?,9,0.0,0.0,E,8
12/30/2019,08:00,709.236,1413.884,320.06,1,8,146.933,1,8,246.419,1,8,38407.2,1,8,13958.679,1,8,27106.086,1,8,156.504,1,8,-9900,?,9,-9900,?,9,15.97,E,8,11.24,E,8,73.0,E,8,872.5394,E,8,999.0,E,8,0.41,E,8,-9900,?,9,-9900,?,9,0.0,E,8,-9900,?,9,-9900,?,9,0.0,0.0,E,8
12/30/2019,09:00,976.46,1413.884,552.22,1,8,290.097,1,8,351.937,1,8,66266.4,1,8,27559.262,1,8,38713.046,1,8,162.261,1,8,-9900,?,9,-9900,?,9,17.87,E,8,11.87,E,8,67.0,E,8,872.5394,E,8,999.0,E,8,0.41,E,8,-9900,?,9,-9900,?,9,0.0,E,8,-9900,?,9,-9900,?,9,0.0,0.0,E,8
12/30/2019,10:00,1190.997,1413.884,753.96,1,8,434.005,1,8,388.416,1,8,90475.2,1,8,41230.497,1,8,42725.789,1,8,146.792,1,8,-9900,?,9,-9900,?,9,19.64,E,8,12.44,E,8,63.0,E,8,872.5394,E,8,999.0,E,8,0.41,E,8,-9900,?,9,-9900,?,9,0.0,E,8,-9900,?,9,-9900,?,9,0.0,0.0,E,8
12/30/2019,11:00,1338.161,1413.884,898.78,1,8,458.575,1,8,464.78,1,8,107853.6,1,8,43564.633,1,8,51125.762,1,8,156.321,1,8,-9900,?,9,-9900,?,9,21.18,E,8,12.92,E,8,59.0,E,8,872.5394,E,8,999.0,E,8,0.41,E,8,-9900,?,9,-9900,?,9,0.0,E,8,-9900,?,9,-9900,?,9,0.0,0.0,E,8
12/30/2019,12:00,1407.899,1413.884,994.83,1,8,478.919,1,8,517.94,1,8,119379.6,1,8,45497.29,1,8,56973.359,1,8,165.567,1,8,-9900,?,9,-9900,?,9,22.47,E,8,13.32,E,8,56.0,E,8,872.5394,E,8,999.0,E,8,0.5,E,8,-9900,?,9,-9900,?,9,0.0,E,8,-9900,?,9,-9900,?,9,0.0,0.0,E,8
12/30/2019,13:00,1395.448,1413.884,1008.65,1,8,514.454,1,8,500.908,1,8,121038.0,1,8,48873.14,1,8,55099.883,1,8,161.552,1,8,-9900,?,9,-9900,?,9,23.43,E,8,13.6,E,8,54.0,E,8,872.5394,E,8,999.0,E,8,1.46,E,8,-9900,?,9,-9900,?,9,0.0,E,8,-9900,?,9,-9900,?,9,0.0,0.0,E,8
12/30/2019,14:00,1301.652,1413.884,977.91,1,8,695.824,1,8,337.353,1,8,117349.2,1,8,66103.271,1,8,37108.882,1,8,116.648,1,8,-9900,?,9,-9900,?,9,24.08,E,8,13.79,E,8,52.0,E,8,872.5394,E,8,999.0,E,8,1.26,E,8,-9900,?,9,-9900,?,9,0.0,E,8,-9900,?,9,-9900,?,9,0.0,0.0,E,8
12/30/2019,15:00,1132.908,1413.884,837.78,1,8,781.455,1,8,211.723,1,8,100533.6,1,8,74238.22,1,8,23289.57,1,8,84.122,1,8,-9900,?,9,-9900,?,9,24.33,E,8,13.87,E,8,52.0,E,8,872.5394,E,8,999.0,E,8,2.04,E,8,-9900,?,9,-9900,?,9,0.0,E,8,-9900,?,9,-9900,?,9,0.0,0.0,E,8
12/30/2019,16:00,900.739,1413.884,672.35,1,8,888.823,1,8,106.353,1,8,80682.0,1,8,84438.176,1,8,11698.858,1,8,53.162,1,8,-9900,?,9,-9900,?,9,24.21,E,8,13.83,E,8,52.0,E,8,872.5394,E,8,999.0,E,8,1.57,E,8,-9900,?,9,-9900,?,9,0.0,E,8,-9900,?,9,-9900,?,9,0.0,0.0,E,8
12/30/2019,17:00,621.055,1413.884,454.29,1,8,675.65,1,8,157.87,1,8,54514.8,1,8,64186.71,1,8,17365.732,1,8,114.542,1,8,-9900,?,9,-9900,?,9,23.56,E,8,13.64,E,8,53.0,E,8,872.5394,E,8,999.0,E,8,1.2,E,8,-9900,?,9,-9900,?,9,0.0,E,8,-9900,?,9,-9900,?,9,0.0,0.0,E,8
12/30/2019,18:00,313.349,1413.884,223.97,1,8,658.09,1,8,78.924,1,8,26876.4,1,8,62518.517,1,8,8681.65,1,8,113.983,1,8,-9900,?,9,-9900,?,9,22.49,E,8,13.32,E,8,56.0,E,8,872.5394,E,8,999.0,E,8,0.5,E,8,-9900,?,9,-9900,?,9,0.0,E,8,-9900,?,9,-9900,?,9,0.0,0.0,E,8
12/30/2019,19:00,7.928,1413.884,27.52,1,8,0.0,1,8,0.0,1,8,3302.4,1,8,0.0,1,8,0.0,1,8,-0.0,1,8,-9900,?,9,-9900,?,9,21.16,E,8,12.92,E,8,59.0,E,8,872.5394,E,8,999.0,E,8,0.41,E,8,-9900,?,9,-9900,?,9,0.0,E,8,-9900,?,9,-9900,?,9,0.0,0.0,E,8
12/30/2019,20:00,0.0,1413.884,0.0,1,8,0.0,1,8,0.0,1,8,0.0,1,8,0.0,1,8,0.0,1,8,-0.0,1,8,-9900,?,9,-9900,?,9,20.05,E,8,12.57,E,8,62.0,E,8,872.5394,E,8,999.0,E,8,0.41,E,8,-9900,?,9,-9900,?,9,0.0,E,8,-9900,?,9,-9900,?,9,0.0,0.0,E,8
12/30/2019,21:00,0.0,1413.884,0.0,1,8,0.0,1,8,0.0,1,8,0.0,1,8,0.0,1,8,0.0,1,8,-0.0,1,8,-9900,?,9,-9900,?,9,18.94,E,8,12.22,E,8,64.0,E,8,872.5394,E,8,999.0,E,8,0.41,E,8,-9900,?,9,-9900,?,9,0.0,E,8,-9900,?,9,-9900,?,9,0.0,0.0,E,8
12/30/2019,22:00,0.0,1413.884,0.0,1,8,0.0,1,8,0.0,1,8,0.0,1,8,0.0,1,8,0.0,1,8,-0.0,1,8,-9900,?,9,-9900,?,9,17.83,E,8,11.86,E,8,68.0,E,8,872.5394,E,8,999.0,E,8,0.41,E,8,-9900,?,9,-9900,?,9,0.0,E,8,-9900,?,9,-9900,?,9,0.0,0.0,E,8
12/30/2019,23:00,0.0,1413.884,0.0,1,8,0.0,1,8,0.0,1,8,0.0,1,8,0.0,1,8,0.0,1,8,-0.0,1,8,-9900,?,9,-9900,?,9,16.72,E,8,11.49,E,8,71.0,E,8,872.5394,E,8,999.0,E,8,0.41,E,8,-9900,?,9,-9900,?,9,0.0,E,8,-9900,?,9,-9900,?,9,0.0,0.0,E,8
12/30/2019,24:00,0.0,1413.884,0.0,1,8,0.0,1,8,0.0,1,8,0.0,1,8,0.0,1,8,0.0,1,8,-0.0,1,8,-9900,?,9,-9900,?,9,15.61,E,8,10.79,E,8,72.0,E,8,872.5394,E,8,999.0,E,8,0.27,E,8,-9900,?,9,-9900,?,9,0.0,E,8,-9900,?,9,-9900,?,9,0.0,0.0,E,8
12/31/2019,01:00,0.0,1413.884,0.0,1,8,0.0,1,8,0.0,1,8,0.0,1,8,0.0,1,8,0.0,1,8,-0.0,1,8,-9900,?,9,-9900,?,9,15.06,E,8,10.87,E,8,76.0,E,8,872.5394,E,8,999.0,E,8,0.27,E,8,-9900,?,9,-9900,?,9,0.0,E,8,-9900,?,9,-9900,?,9,0.0,0.0,E,8
12/31/2019,02:00,0.0,1413.884,0.0,1,8,0.0,1,8,0.0,1,8,0.0,1,8,0.0,1,8,0.0,1,8,-0.0,1,8,-9900,?,9,-9900,?,9,14.5,E,8,10.96,E,8,79.0,E,8,872.5394,E,8,999.0,E,8,0.27,E,8,-9900,?,9,-9900,?,9,0.0,E,8,-9900,?,9,-9900,?,9,0.0,0.0,E,8
12/31/2019,03:00,0.0,1413.884,0.0,1,8,0.0,1,8,0.0,1,8,0.0,1,8,0.0,1,8,0.0,1,8,-0.0,1,8,-9900,?,9,-9900,?,9,13.95,E,8,11.04,E,8,82.0,E,8,872.5394,E,8,999.0,E,8,0.27,E,8,-9900,?,9,-9900,?,9,0.0,E,8,-9900,?,9,-9900,?,9,0.0,0.0,E,8
12/31/2019,04:00,0.0,1413.941,0.0,1,8,0.0,1,8,0.0,1,8,0.0,1,8,0.0,1,8,0.0,1,8,-0.0,1,8,-9900,?,9,-9900,?,9,13.4,E,8,11.12,E,8,86.0,E,8,872.5394,E,8,999.0,E,8,0.27,E,8,-9900,?,9,-9900,?,9,0.0,E,8,-9900,?,9,-9900,?,9,0.0,0.0,E,8
12/31/2019,05:00,0.0,1413.941,0.0,1,8,0.0,1,8,0.0,1,8,0.0,1,8,0.0,1,8,0.0,1,8,-0.0,1,8,-9900,?,9,-9900,?,9,12.9,E,8,11.2,E,8,89.0,E,8,872.5394,E,8,999.0,E,8,0.27,E,8,-9900,?,9,-9900,?,9,0.0,E,8,-9900,?,9,-9900,?,9,0.0,0.0,E,8
12/31/2019,06:00,92.273,1413.941,0.0,1,8,0.0,1,8,0.0,1,8,0.0,1,8,0.0,1,8,0.0,1,8,0.0,1,8,-9900,?,9,-9900,?,9,12.54,E,8,11.25,E,8,91.0,E,8,872.5394,E,8,999.0,E,8,0.27,E,8,-9900,?,9,-9900,?,9,0.0,E,8,-9900,?,9,-9900,?,9,0.0,0.0,E,8
12/31/2019,07:00,404.862,1413.941,48.61,1,8,0.0,1,8,48.61,1,8,5833.2,1,8,0.0,1,8,5347.1,1,8,54.213,1,8,-9900,?,9,-9900,?,9,12.17,E,8,11.3,E,8,94.0,E,8,872.5394,E,8,999.0,E,8,0.27,E,8,-9900,?,9,-9900,?,9,0.0,E,8,-9900,?,9,-9900,?,9,0.0,0.0,E,8
12/31/2019,08:00,706.655,1413.941,216.78,1,8,45.254,1,8,194.183,1,8,26013.6,1,8,4299.109,1,8,21360.139,1,8,123.785,1,8,-9900,?,9,-9900,?,9,14.76,E,8,10.92,E,8,77.0,E,8,872.5394,E,8,999.0,E,8,0.27,E,8,-9900,?,9,-9900,?,9,0.0,E,8,-9900,?,9,-9900,?,9,0.0,0.0,E,8
12/31/2019,09:00,974.375,1413.941,522.77,1,8,239.158,1,8,358.015,1,8,62732.4,1,8,22720.03,1,8,39381.626,1,8,165.423,1,8,-9900,?,9,-9900,?,9,17.3,E,8,10.53,E,8,64.0,E,8,872.5394,E,8,999.0,E,8,0.27,E,8,-9900,?,9,-9900,?,9,0.0,E,8,-9900,?,9,-9900,?,9,0.0,0.0,E,8
12/31/2019,10:00,1189.516,1413.941,723.16,1,8,334.801,1,8,441.534,1,8,86779.2,1,8,31806.067,1,8,48568.735,1,8,167.081,1,8,-9900,?,9,-9900,?,9,19.54,E,8,10.18,E,8,54.0,E,8,872.5394,E,8,999.0,E,8,0.27,E,8,-9900,?,9,-9900,?,9,0.0,E,8,-9900,?,9,-9900,?,9,0.0,0.0,E,8
12/31/2019,11:00,1337.35,1413.941,773.84,1,8,258.11,1,8,529.72,1,8,92860.8,1,8,24520.483,1,8,58269.146,1,8,178.278,1,8,-9900,?,9,-9900,?,9,21.09,E,8,9.93,E,8,48.0,E,8,872.5394,E,8,999.0,E,8,1.86,E,8,-9900,?,9,-9900,?,9,0.0,E,8,-9900,?,9,-9900,?,9,0.0,0.0,E,8
12/31/2019,12:00,1407.776,1413.941,858.17,1,8,386.356,1,8,473.499,1,8,102980.4,1,8,36703.849,1,8,52084.905,1,8,151.38,1,8,-9900,?,9,-9900,?,9,22.39,E,8,9.72,E,8,44.0,E,8,872.5394,E,8,999.0,E,8,2.31,E,8,-9900,?,9,-9900,?,9,0.0,E,8,-9900,?,9,-9900,?,9,0.0,0.0,E,8
12/31/2019,13:00,1395.984,1413.941,1029.14,1,8,535.079,1,8,500.86,1,8,123496.8,1,8,50832.542,1,8,55094.605,1,8,161.481,1,8,-9900,?,9,-9900,?,9,23.8,E,8,9.49,E,8,40.0,E,8,872.5394,E,8,999.0,E,8,2.36,E,8,-9900,?,9,-9900,?,9,0.0,E,8,-9900,?,9,-9900,?,9,0.0,0.0,E,8
12/31/2019,14:00,1302.772,1413.941,799.67,1,8,428.456,1,8,404.921,1,8,95960.4,1,8,40703.341,1,8,44541.307,1,8,139.896,1,8,-9900,?,9,-9900,?,9,24.3,E,8,9.41,E,8,38.0,E,8,872.5394,E,8,999.0,E,8,1.24,E,8,-9900,?,9,-9900,?,9,0.0,E,8,-9900,?,9,-9900,?,9,0.0,0.0,E,8
12/31/2019,15:00,1134.498,1413.941,620.59,1,8,221.441,1,8,442.942,1,8,74470.8,1,8,21036.94,1,8,48723.598,1,8,175.75,1,8,-9900,?,9,-9900,?,9,24.29,E,8,9.41,E,8,38.0,E,8,872.5394,E,8,999.0,E,8,1.0,E,8,-9900,?,9,-9900,?,9,0.0,E,8,-9900,?,9,-9900,?,9,0.0,0.0,E,8
12/31/2019,16:00,902.651,1413.941,498.15,1,8,274.829,1,8,322.776,1,8,59778.0,1,8,26108.758,1,8,35505.325,1,8,161.008,1,8,-9900,?,9,-9900,?,9,23.88,E,8,9.47,E,8,40.0,E,8,872.5394,E,8,999.0,E,8,1.05,E,8,-9900,?,9,-9900,?,9,0.0,E,8,-9900,?,9,-9900,?,9,0.0,0.0,E,8
12/31/2019,17:00,623.118,1413.941,248.43,1,8,105.818,1,8,201.853,1,8,29811.6,1,8,10052.69,1,8,22203.831,1,8,145.973,1,8,-9900,?,9,-9900,?,9,22.8,E,8,9.65,E,8,43.0,E,8,872.5394,E,8,999.0,E,8,0.84,E,8,-9900,?,9,-9900,?,9,0.0,E,8,-9900,?,9,-9900,?,9,0.0,0.0,E,8
12/31/2019,18:00,315.377,1413.941,198.362,1,8,514.806,1,8,84.159,1,8,23803.44,1,8,48906.533,1,8,9257.442,1,8,120.757,1,8,-9900,?,9,-9900,?,9,21.73,E,8,9.824,E,8,46.8,E,8,872.5394,E,8,999.0,E,8,0.578,E,8,-9900,?,9,-9900,?,9,0.0,E,8,-9900,?,9,-9900,?,9,0.0,0.0,E,8
12/31/2019,19:00,9.484,1413.941,98.732,1,8,0.0,1,8,0.0,1,8,11847.84,1,8,0.0,1,8,0.0,1,8,-0.0,1,8,-9900,?,9,-9900,?,9,20.736,E,8,9.986,E,8,50.2,E,8,872.5394,E,8,999.0,E,8,0.424,E,8,-9900,?,9,-9900,?,9,0.0,E,8,-9900,?,9,-9900,?,9,0.0,0.0,E,8
12/31/2019,20:00,0.0,1413.941,49.046,1,8,0.0,1,8,0.0,1,8,5885.52,1,8,0.0,1,8,0.0,1,8,-0.0,1,8,-9900,?,9,-9900,?,9,19.8,E,8,10.136,E,8,53.6,E,8,872.5394,E,8,999.0,E,8,0.31,E,8,-9900,?,9,-9900,?,9,0.0,E,8,-9900,?,9,-9900,?,9,0.0,0.0,E,8
12/31/2019,21:00,0.0,1413.941,6.456,1,8,0.0,1,8,0.0,1,8,774.72,1,8,0.0,1,8,0.0,1,8,-0.0,1,8,-9900,?,9,-9900,?,9,18.91,E,8,10.276,E,8,57.2,E,8,872.5394,E,8,999.0,E,8,0.272,E,8,-9900,?,9,-9900,?,9,0.0,E,8,-9900,?,9,-9900,?,9,0.0,0.0,E,8
12/31/2019,22:00,0.0,1413.941,0.0,1,8,0.0,1,8,0.0,1,8,0.0,1,8,0.0,1,8,0.0,1,8,-0.0,1,8,-9900,?,9,-9900,?,9,17.906,E,8,10.988,E,8,64.6,E,8,872.5394,E,8,999.0,E,8,0.248,E,8,-9900,?,9,-9900,?,9,0.0,E,8,-9900,?,9,-9900,?,9,0.0,0.0,E,8
12/31/2019,23:00,0.0,1413.941,0.0,1,8,0.0,1,8,0.0,1,8,0.0,1,8,0.0,1,8,0.0,1,8,-0.0,1,8,-9900,?,9,-9900,?,9,16.992,E,8,11.644,E,8,71.6,E,8,872.5394,E,8,999.0,E,8,0.224,E,8,-9900,?,9,-9900,?,9,0.0,E,8,-9900,?,9,-9900,?,9,0.0,0.0,E,8
12/31/2024,24:00,0.0,1413.941,0.0,1,8,0.0,1,8,0.0,1,8,0.0,1,8,0.0,1,8,0.0,1,8,-0.0,1,8,-9900,?,9,-9900,?,9,16.168,E,8,12.242,E,8,78.2,E,8,872.5394,E,8,999.0,E,8,0.198,E,8,-9900,?,9,-9900,?,9,0.0,E,8,-9900,?,9,-9900,?,9,0.0,0.0,E,8
