i07_j15,REU_i07_j15,RE,4.0,-21.26,55.48,429.1111111111111
Date (MM/DD/YYYY),Time (HH:MM),ETR (W/m^2),ETRN (W/m^2),GHI (W/m^2),GHI source,GHI uncert (%),DNI (W/m^2),DNI source,DNI uncert (%),DHI (W/m^2),DHI source,DHI uncert (%),GH illum (lx),GH illum source,Global illum uncert (%),DN illum (lx),DN illum source,DN illum uncert (%),DH illum (lx),DH illum source,DH illum uncert (%),Zenith lum (cd/m^2),Zenith lum source,Zenith lum uncert (%),TotCld (tenths),TotCld source,TotCld uncert (code),OpqCld (tenths),OpqCld source,OpqCld uncert (code),Dry-bulb (C),Dry-bulb source,Dry-bulb uncert (code),Dew-point (C),Dew-point source,Dew-point uncert (code),RHum (%),RHum source,RHum uncert (code),Pressure (mbar),Pressure source,Pressure uncert (code),Wdir (degrees),Wdir source,Wdir uncert (code),Wspd (m/s),Wspd source,Wspd uncert (code),Hvis (m),Hvis source,Hvis uncert (code),CeilHgt (m),CeilHgt source,CeilHgt uncert (code),Pwat (cm),Pwat source,Pwat uncert (code),AOD (unitless),AOD source,AOD uncert (code),Alb (unitless),Alb source,Alb uncert (code),Lprecip depth (mm),Lprecip quantity (hr),Lprecip source,Lprecip uncert (code)
01/01/2017,01:00,0.0,1413.982,0.0,1,8,0.0,1,8,0.0,1,8,0.0,1,8,0.0,1,8,0.0,1,8,-0.0,1,8,-9900,?,9,-9900,?,9,22.686,E,8,19.914,E,8,82.6,E,8,964.3861999999999,E,8,999.0,E,8,0.834,E,8,-9900,?,9,-9900,?,9,0.0,E,8,-9900,?,9,-9900,?,9,0.0,0.0,E,8
01/01/2017,02:00,0.0,1413.982,0.0,1,8,0.0,1,8,0.0,1,8,0.0,1,8,0.0,1,8,0.0,1,8,-0.0,1,8,-9900,?,9,-9900,?,9,22.704,E,8,20.432,E,8,84.6,E,8,964.3861999999999,E,8,999.0,E,8,0.94,E,8,-9900,?,9,-9900,?,9,0.0,E,8,-9900,?,9,-9900,?,9,0.0,0.0,E,8
01/01/2017,03:00,0.0,1413.982,0.0,1,8,0.0,1,8,0.0,1,8,0.0,1,8,0.0,1,8,0.0,1,8,-0.0,1,8,-9900,?,9,-9900,?,9,22.248,E,8,20.26,E,8,86.8,E,8,964.3861999999999,E,8,999.0,E,8,0.94,E,8,-9900,?,9,-9900,?,9,0.0196,E,8,-9900,?,9,-9900,?,9,0.196,99.0,E,8
01/01/2017,04:00,0.0,1413.982,0.0,1,8,0.0,1,8,0.0,1,8,0.0,1,8,0.0,1,8,0.0,1,8,-0.0,1,8,-9900,?,9,-9900,?,9,21.824,E,8,20.098,E,8,88.2,E,8,964.3861999999999,E,8,999.0,E,8,0.94,E,8,-9900,?,9,-9900,?,9,0.0196,E,8,-9900,?,9,-9900,?,9,0.196,99.0,E,8
01/01/2017,05:00,0.0,1413.982,9.956,1,8,0.0,1,8,0.0,1,8,1194.72,1,8,0.0,1,8,0.0,1,8,-0.0,1,8,-9900,?,9,-9900,?,9,21.432,E,8,19.948,E,8,89.4,E,8,964.3861999999999,E,8,999.0,E,8,0.94,E,8,-9900,?,9,-9900,?,9,0.0196,E,8,-9900,?,9,-9900,?,9,0.196,99.0,E,8
01/01/2017,06:00,91.333,1413.982,0.0,1,8,0.0,1,8,0.0,1,8,0.0,1,8,0.0,1,8,0.0,1,8,0.0,1,8,-9900,?,9,-9900,?,9,21.05,E,8,19.8,E,8,90.0,E,8,964.3861999999999,E,8,999.0,E,8,0.94,E,8,-9900,?,9,-9900,?,9,0.0,E,8,-9900,?,9,-9900,?,9,0.0,0.0,E,8
01/01/2017,07:00,403.9,1413.982,49.78,1,8,0.0,1,8,49.78,1,8,5973.6,1,8,0.0,1,8,5475.8,1,8,55.652,1,8,-9900,?,9,-9900,?,9,20.74,E,8,19.68,E,8,91.0,E,8,964.3861999999999,E,8,999.0,E,8,0.94,E,8,-9900,?,9,-9900,?,9,0.0,E,8,-9900,?,9,-9900,?,9,0.0,0.0,E,8
01/01/2017,08:00,705.789,1413.982,185.65,1,8,14.471,1,8,178.433,1,8,22278.0,1,8,1374.781,1,8,19627.628,1,8,113.888,1,8,-9900,?,9,-9900,?,9,23.13,E,8,20.59,E,8,83.0,E,8,964.3861999999999,E,8,999.0,E,8,0.94,E,8,-9900,?,9,-9900,?,9,0.0,E,8,-9900,?,9,-9900,?,9,0.0,0.0,E,8
01/01/2017,09:00,973.684,1413.982,323.85,1,8,34.444,1,8,300.139,1,8,38862.0,1,8,3272.221,1,8,33015.278,1,8,138.784,1,8,-9900,?,9,-9900,?,9,24.53,E,8,21.1,E,8,79.0,E,8,964.3861999999999,E,8,999.0,E,8,0.94,E,8,-9900,?,9,-9900,?,9,0.0,E,8,-9900,?,9,-9900,?,9,0.0,0.0,E,8
01/01/2017,10:00,1189.066,1413.982,443.72,1,8,45.166,1,8,405.743,1,8,53246.4,1,8,4290.738,1,8,44631.758,1,8,153.6,1,8,-9900,?,9,-9900,?,9,25.83,E,8,21.56,E,8,76.0,E,8,964.3861999999999,E,8,999.0,E,8,0.94,E,8,-9900,?,9,-9900,?,9,0.0,E,8,-9900,?,9,-9900,?,9,0.0,0.0,E,8
01/01/2017,11:00,1337.188,1413.982,534.64,1,8,73.985,1,8,464.676,1,8,64156.8,1,8,7028.56,1,8,51114.328,1,8,156.411,1,8,-9900,?,9,-9900,?,9,26.99,E,8,21.96,E,8,73.0,E,8,964.3861999999999,E,8,999.0,E,8,0.94,E,8,-9900,?,9,-9900,?,9,0.0,E,8,-9900,?,9,-9900,?,9,0.0,0.0,E,8
01/01/2017,12:00,1407.93,1413.982,589.58,1,8,49.907,1,8,539.887,1,8,70749.6,1,8,4741.12,1,8,59387.589,1,8,172.59,1,8,-9900,?,9,-9900,?,9,27.94,E,8,22.29,E,8,75.0,E,8,964.3861999999999,E,8,999.0,E,8,0.94,E,8,-9900,?,9,-9900,?,9,0.002,E,8,-9900,?,9,-9900,?,9,0.02,99.0,E,8
01/01/2017,13:00,1396.459,1413.982,604.48,1,8,108.467,1,8,497.358,1,8,72537.6,1,8,10304.393,1,8,54709.349,1,8,160.302,1,8,-9900,?,9,-9900,?,9,28.67,E,8,22.53,E,8,69.0,E,8,964.3861999999999,E,8,999.0,E,8,0.94,E,8,-9900,?,9,-9900,?,9,0.0,E,8,-9900,?,9,-9900,?,9,0.0,0.0,E,8
01/01/2017,14:00,1303.549,1413.982,578.25,1,8,127.392,1,8,460.814,1,8,69390.0,1,8,12102.235,1,8,50689.486,1,8,159.116,1,8,-9900,?,9,-9900,?,9,29.14,E,8,22.69,E,8,68.0,E,8,964.3861999999999,E,8,999.0,E,8,0.94,E,8,-9900,?,9,-9900,?,9,0.0,E,8,-9900,?,9,-9900,?,9,0.0,0.0,E,8
01/01/2017,15:00,1135.537,1413.982,512.8,1,8,99.566,1,8,432.853,1,8,61536.0,1,8,9458.794,1,8,47613.885,1,8,171.595,1,8,-9900,?,9,-9900,?,9,29.37,E,8,22.76,E,8,67.0,E,8,964.3861999999999,E,8,999.0,E,8,0.94,E,8,-9900,?,9,-9900,?,9,0.0,E,8,-9900,?,9,-9900,?,9,0.0,0.0,E,8
01/01/2017,16:00,903.894,1413.982,413.0,1,8,155.022,1,8,313.943,1,8,49560.0,1,8,14727.102,1,8,34533.781,1,8,156.391,1,8,-9900,?,9,-9900,?,9,29.33,E,8,22.75,E,8,67.0,E,8,964.3861999999999,E,8,999.0,E,8,0.94,E,8,-9900,?,9,-9900,?,9,0.0,E,8,-9900,?,9,-9900,?,9,0.0,0.0,E,8
01/01/2017,17:00,624.491,1413.982,195.64,1,8,43.819,1,8,176.311,1,8,23476.8,1,8,4162.766,1,8,19394.169,1,8,127.224,1,8,-9900,?,9,-9900,?,9,28.61,E,8,22.51,E,8,69.0,E,8,964.3861999999999,E,8,999.0,E,8,1.59,E,8,-9900,?,9,-9900,?,9,0.0,E,8,-9900,?,9,-9900,?,9,0.0,0.0,E,8
01/01/2017,18:00,316.795,1413.982,191.21,1,8,499.678,1,8,79.862,1,8,22945.2,1,8,47469.434,1,8,8784.796,1,8,114.077,1,8,-9900,?,9,-9900,?,9,28.0,E,8,22.31,E,8,70.0,E,8,964.3861999999999,E,8,999.0,E,8,1.68,E,8,-9900,?,9,-9900,?,9,0.0,E,8,-9900,?,9,-9900,?,9,0.0,0.0,E,8
01/01/2017,19:00,10.666,1413.982,20.55,1,8,0.0,1,8,0.0,1,8,2466.0,1,8,0.0,1,8,0.0,1,8,-0.0,1,8,-9900,?,9,-9900,?,9,27.03,E,8,21.98,E,8,73.0,E,8,964.3861999999999,E,8,999.0,E,8,1.18,E,8,-9900,?,9,-9900,?,9,0.0,E,8,-9900,?,9,-9900,?,9,0.0,0.0,E,8
01/01/2017,20:00,0.0,1413.982,0.0,1,8,0.0,1,8,0.0,1,8,0.0,1,8,0.0,1,8,0.0,1,8,-0.0,1,8,-9900,?,9,-9900,?,9,26.21,E,8,21.7,E,8,75.0,E,8,964.3861999999999,E,8,999.0,E,8,0.94,E,8,-9900,?,9,-9900,?,9,0.0,E,8,-9900,?,9,-9900,?,9,0.0,0.0,E,8
01/01/2017,21:00,0.0,1413.982,0.0,1,8,0.0,1,8,0.0,1,8,0.0,1,8,0.0,1,8,0.0,1,8,-0.0,1,8,-9900,?,9,-9900,?,9,25.39,E,8,21.41,E,8,77.0,E,8,964.3861999999999,E,8,999.0,E,8,0.94,E,8,-9900,?,9,-9900,?,9,0.0,E,8,-9900,?,9,-9900,?,9,0.0,0.0,E,8
01/01/2017,22:00,0.0,1413.982,0.0,1,8,0.0,1,8,0.0,1,8,0.0,1,8,0.0,1,8,0.0,1,8,-0.0,1,8,-9900,?,9,-9900,?,9,24.58,E,8,21.12,E,8,79.0,E,8,964.3861999999999,E,8,999.0,E,8,0.94,E,8,-9900,?,9,-9900,?,9,0.0,E,8,-9900,?,9,-9900,?,9,0.0,0.0,E,8
01/01/2017,23:00,0.0,1413.982,0.0,1,8,0.0,1,8,0.0,1,8,0.0,1,8,0.0,1,8,0.0,1,8,-0.0,1,8,-9900,?,9,-9900,?,9,23.76,E,8,20.82,E,8,82.0,E,8,964.3861999999999,E,8,999.0,E,8,0.94,E,8,-9900,?,9,-9900,?,9,0.0,E,8,-9900,?,9,-9900,?,9,0.0,0.0,E,8
01/01/2017,24:00,0.0,1413.982,0.0,1,8,0.0,1,8,0.0,1,8,0.0,1,8,0.0,1,8,0.0,1,8,-0.0,1,8,-9900,?,9,-9900,?,9,22.94,E,8,20.49,E,8,85.0,E,8,964.3861999999999,E,8,999.0,E,8,1.0,E,8,-9900,?,9,-9900,?,9,0.0,E,8,-9900,?,9,-9900,?,9,0.0,0.0,E,8
01/02/2017,01:00,0.0,1413.982,0.0,1,8,0.0,1,8,0.0,1,8,0.0,1,8,0.0,1,8,0.0,1,8,-0.0,1,8,-9900,?,9,-9900,?,9,22.53,E,8,20.35,E,8,86.0,E,8,964.3861999999999,E,8,999.0,E,8,1.0,E,8,-9900,?,9,-9900,?,9,0.0,E,8,-9900,?,9,-9900,?,9,0.0,0.0,E,8
01/02/2017,02:00,0.0,1413.982,0.0,1,8,0.0,1,8,0.0,1,8,0.0,1,8,0.0,1,8,0.0,1,8,-0.0,1,8,-9900,?,9,-9900,?,9,22.12,E,8,20.2,E,8,87.0,E,8,964.3861999999999,E,8,999.0,E,8,1.0,E,8,-9900,?,9,-9900,?,9,0.0,E,8,-9900,?,9,-9900,?,9,0.0,0.0,E,8
01/02/2017,03:00,0.0,1413.982,0.0,1,8,0.0,1,8,0.0,1,8,0.0,1,8,0.0,1,8,0.0,1,8,-0.0,1,8,-9900,?,9,-9900,?,9,21.71,E,8,20.06,E,8,88.0,E,8,964.3861999999999,E,8,999.0,E,8,1.0,E,8,-9900,?,9,-9900,?,9,0.0,E,8,-9900,?,9,-9900,?,9,0.0,0.0,E,8
01/02/2017,04:00,0.0,1414.008,0.0,1,8,0.0,1,8,0.0,1,8,0.0,1,8,0.0,1,8,0.0,1,8,-0.0,1,8,-9900,?,9,-9900,?,9,21.3,E,8,19.91,E,8,95.0,E,8,964.3861999999999,E,8,999.0,E,8,1.0,E,8,-9900,?,9,-9900,?,9,0.002,E,8,-9900,?,9,-9900,?,9,0.02,99.0,E,8
01/02/2017,05:00,0.0,1414.008,0.0,1,8,0.0,1,8,0.0,1,8,0.0,1,8,0.0,1,8,0.0,1,8,-0.0,1,8,-9900,?,9,-9900,?,9,20.93,E,8,19.77,E,8,91.0,E,8,964.3861999999999,E,8,999.0,E,8,1.0,E,8,-9900,?,9,-9900,?,9,0.0,E,8,-9900,?,9,-9900,?,9,0.0,0.0,E,8
01/02/2017,06:00,88.197,1414.008,0.0,1,8,0.0,1,8,0.0,1,8,0.0,1,8,0.0,1,8,0.0,1,8,0.0,1,8,-9900,?,9,-9900,?,9,20.66,E,8,19.67,E,8,92.0,E,8,964.3861999999999,E,8,999.0,E,8,1.0,E,8,-9900,?,9,-9900,?,9,0.0,E,8,-9900,?,9,-9900,?,9,0.0,0.0,E,8
01/02/2017,07:00,400.878,1414.008,81.05,1,8,0.0,1,8,81.05,1,8,9726.0,1,8,0.0,1,8,8915.5,1,8,91.301,1,8,-9900,?,9,-9900,?,9,20.39,E,8,19.57,E,8,93.0,E,8,964.3861999999999,E,8,999.0,E,8,1.0,E,8,-9900,?,9,-9900,?,9,0.0,E,8,-9900,?,9,-9900,?,9,0.0,0.0,E,8
01/02/2017,08:00,703.149,1414.008,231.62,1,8,55.007,1,8,204.291,1,8,27794.4,1,8,5225.631,1,8,22472.009,1,8,130.885,1,8,-9900,?,9,-9900,?,9,23.85,E,8,20.81,E,8,82.0,E,8,964.3861999999999,E,8,999.0,E,8,1.0,E,8,-9900,?,9,-9900,?,9,0.0,E,8,-9900,?,9,-9900,?,9,0.0,0.0,E,8
01/02/2017,09:00,971.565,1414.008,305.09,1,8,17.638,1,8,292.975,1,8,36610.8,1,8,1675.653,1,8,32227.205,1,8,135.77,1,8,-9900,?,9,-9900,?,9,24.94,E,8,21.18,E,8,78.0,E,8,964.3861999999999,E,8,999.0,E,8,1.0,E,8,-9900,?,9,-9900,?,9,0.0,E,8,-9900,?,9,-9900,?,9,0.0,0.0,E,8
01/02/2017,10:00,1187.565,1414.008,413.28,1,8,34.681,1,8,384.156,1,8,49593.6,1,8,3294.728,1,8,42257.182,1,8,145.615,1,8,-9900,?,9,-9900,?,9,26.09,E,8,21.57,E,8,75.0,E,8,964.3861999999999,E,8,999.0,E,8,1.0,E,8,-9900,?,9,-9900,?,9,0.0,E,8,-9900,?,9,-9900,?,9,0.0,0.0,E,8
01/02/2017,11:00,1336.359,1414.008,498.44,1,8,56.848,1,8,444.716,1,8,59812.8,1,8,5400.535,1,8,48918.75,1,8,149.788,1,8,-9900,?,9,-9900,?,9,27.15,E,8,21.91,E,8,72.0,E,8,964.3861999999999,E,8,999.0,E,8,1.0,E,8,-9900,?,9,-9900,?,9,0.0,E,8,-9900,?,9,-9900,?,9,0.0,0.0,E,8
01/02/2017,12:00,1407.78,1414.008,550.03,1,8,63.742,1,8,486.569,1,8,66003.6,1,8,6055.482,1,8,53522.592,1,8,155.565,1,8,-9900,?,9,-9900,?,9,28.05,E,8,22.2,E,8,70.0,E,8,964.3861999999999,E,8,999.0,E,8,1.0,E,8,-9900,?,9,-9900,?,9,0.0,E,8,-9900,?,9,-9900,?,9,0.0,0.0,E,8
01/02/2017,13:00,1396.947,1414.008,564.25,1,8,72.036,1,8,493.083,1,8,67710.0,1,8,6843.464,1,8,54239.153,1,8,158.871,1,8,-9900,?,9,-9900,?,9,28.73,E,8,22.42,E,8,68.0,E,8,964.3861999999999,E,8,999.0,E,8,1.0,E,8,-9900,?,9,-9900,?,9,0.0,E,8,-9900,?,9,-9900,?,9,0.0,0.0,E,8
01/02/2017,14:00,1304.593,1414.008,216.14,1,8,9.958,1,8,206.953,1,8,25936.8,1,8,946.015,1,8,22764.826,1,8,71.404,1,8,-9900,?,9,-9900,?,9,27.98,E,8,22.18,E,8,70.0,E,8,964.3861999999999,E,8,999.0,E,8,1.0,E,8,-9900,?,9,-9900,?,9,0.0,E,8,-9900,?,9,-9900,?,9,0.0,0.0,E,8
01/02/2017,15:00,1137.015,1414.008,479.19,1,8,118.143,1,8,384.206,1,8,57502.8,1,8,11223.575,1,8,42262.622,1,8,152.114,1,8,-9900,?,9,-9900,?,9,28.48,E,8,22.34,E,8,69.0,E,8,964.3861999999999,E,8,999.0,E,8,1.0,E,8,-9900,?,9,-9900,?,9,0.0,E,8,-9900,?,9,-9900,?,9,0.0,0.0,E,8
01/02/2017,16:00,905.653,1414.008,170.55,1,8,0.649,1,8,170.135,1,8,20466.0,1,8,61.618,1,8,18714.823,1,8,84.59,1,8,-9900,?,9,-9900,?,9,27.73,E,8,22.1,E,8,71.0,E,8,964.3861999999999,E,8,999.0,E,8,1.0,E,8,-9900,?,9,-9900,?,9,0.0,E,8,-9900,?,9,-9900,?,9,0.0,0.0,E,8
01/02/2017,17:00,626.359,1414.008,403.62,1,8,433.788,1,8,211.696,1,8,48434.4,1,8,41209.821,1,8,23286.584,1,8,152.304,1,8,-9900,?,9,-9900,?,9,27.91,E,8,22.16,E,8,70.0,E,8,964.3861999999999,E,8,999.0,E,8,1.0,E,8,-9900,?,9,-9900,?,9,0.0,E,8,-9900,?,9,-9900,?,9,0.0,0.0,E,8
01/02/2017,18:00,318.586,1414.008,271.56,1,8,446.717,1,8,171.446,1,8,32587.2,1,8,42438.155,1,8,18859.098,1,8,243.511,1,8,-9900,?,9,-9900,?,9,27.65,E,8,22.07,E,8,71.0,E,8,964.3861999999999,E,8,999.0,E,8,1.0,E,8,-9900,?,9,-9900,?,9,0.0,E,8,-9900,?,9,-9900,?,9,0.0,0.0,E,8
01/02/2017,19:00,11.997,1414.008,56.27,1,8,0.0,1,8,56.27,1,8,6752.4,1,8,0.0,1,8,6189.7,1,8,177978.427,1,8,-9900,?,9,-9900,?,9,26.8,E,8,21.8,E,8,78.0,E,8,964.3861999999999,E,8,999.0,E,8,1.0,E,8,-9900,?,9,-9900,?,9,0.098,E,8,-9900,?,9,-9900,?,9,0.98,99.0,E,8
01/02/2017,20:00,0.0,1414.008,0.0,1,8,0.0,1,8,0.0,1,8,0.0,1,8,0.0,1,8,0.0,1,8,-0.0,1,8,-9900,?,9,-9900,?,9,26.14,E,8,21.58,E,8,75.0,E,8,964.3861999999999,E,8,999.0,E,8,1.0,E,8,-9900,?,9,-9900,?,9,0.0,E,8,-9900,?,9,-9900,?,9,0.0,0.0,E,8
01/02/2017,21:00,0.0,1414.008,0.0,1,8,0.0,1,8,0.0,1,8,0.0,1,8,0.0,1,8,0.0,1,8,-0.0,1,8,-9900,?,9,-9900,?,9,25.47,E,8,21.36,E,8,77.0,E,8,964.3861999999999,E,8,999.0,E,8,1.0,E,8,-9900,?,9,-9900,?,9,0.0,E,8,-9900,?,9,-9900,?,9,0.0,0.0,E,8
01/02/2017,22:00,0.0,1414.008,0.0,1,8,0.0,1,8,0.0,1,8,0.0,1,8,0.0,1,8,0.0,1,8,-0.0,1,8,-9900,?,9,-9900,?,9,24.8,E,8,21.14,E,8,79.0,E,8,964.3861999999999,E,8,999.0,E,8,1.0,E,8,-9900,?,9,-9900,?,9,0.0,E,8,-9900,?,9,-9900,?,9,0.0,0.0,E,8
01/02/2017,23:00,0.0,1414.008,0.0,1,8,0.0,1,8,0.0,1,8,0.0,1,8,0.0,1,8,0.0,1,8,-0.0,1,8,-9900,?,9,-9900,?,9,24.13,E,8,20.91,E,8,81.0,E,8,964.3861999999999,E,8,999.0,E,8,1.0,E,8,-9900,?,9,-9900,?,9,0.0,E,8,-9900,?,9,-9900,?,9,0.0,0.0,E,8
01/02/2017,24:00,0.0,1414.008,0.0,1,8,0.0,1,8,0.0,1,8,0.0,1,8,0.0,1,8,0.0,1,8,-0.0,1,8,-9900,?,9,-9900,?,9,23.47,E,8,20.02,E,8,81.0,E,8,964.3861999999999,E,8,999.0,E,8,0.77,E,8,-9900,?,9,-9900,?,9,0.0,E,8,-9900,?,9,-9900,?,9,0.0,0.0,E,8
01/03/2017,01:00,0.0,1414.008,0.0,1,8,0.0,1,8,0.0,1,8,0.0,1,8,0.0,1,8,0.0,1,8,-0.0,1,8,-9900,?,9,-9900,?,9,23.13,E,8,19.96,E,8,82.0,E,8,964.3861999999999,E,8,999.0,E,8,0.77,E,8,-9900,?,9,-9900,?,9,0.0,E,8,-9900,?,9,-9900,?,9,0.0,0.0,E,8
01/03/2017,02:00,0.0,1414.008,0.0,1,8,0.0,1,8,0.0,1,8,0.0,1,8,0.0,1,8,0.0,1,8,-0.0,1,8,-9900,?,9,-9900,?,9,22.8,E,8,19.89,E,8,83.0,E,8,964.3861999999999,E,8,999.0,E,8,0.77,E,8,-9900,?,9,-9900,?,9,0.0,E,8,-9900,?,9,-9900,?,9,0.0,0.0,E,8
01/03/2017,03:00,0.0,1414.008,0.0,1,8,0.0,1,8,0.0,1,8,0.0,1,8,0.0,1,8,0.0,1,8,-0.0,1,8,-9900,?,9,-9900,?,9,22.47,E,8,19.83,E,8,85.0,E,8,964.3861999999999,E,8,999.0,E,8,0.77,E,8,-9900,?,9,-9900,?,9,0.0,E,8,-9900,?,9,-9900,?,9,0.0,0.0,E,8
01/03/2017,04:00,0.0,1414.019,0.0,1,8,0.0,1,8,0.0,1,8,0.0,1,8,0.0,1,8,0.0,1,8,-0.0,1,8,-9900,?,9,-9900,?,9,22.13,E,8,19.76,E,8,86.0,E,8,964.3861999999999,E,8,999.0,E,8,0.77,E,8,-9900,?,9,-9900,?,9,0.0,E,8,-9900,?,9,-9900,?,9,0.0,0.0,E,8
01/03/2017,05:00,0.0,1414.019,0.0,1,8,0.0,1,8,0.0,1,8,0.0,1,8,0.0,1,8,0.0,1,8,-0.0,1,8,-9900,?,9,-9900,?,9,21.84,E,8,19.71,E,8,87.0,E,8,964.3861999999999,E,8,999.0,E,8,0.77,E,8,-9900,?,9,-9900,?,9,0.0,E,8,-9900,?,9,-9900,?,9,0.0,0.0,E,8
01/03/2017,06:00,85.027,1414.019,0.0,1,8,0.0,1,8,0.0,1,8,0.0,1,8,0.0,1,8,0.0,1,8,0.0,1,8,-9900,?,9,-9900,?,9,21.62,E,8,19.66,E,8,88.0,E,8,964.3861999999999,E,8,999.0,E,8,0.77,E,8,-9900,?,9,-9900,?,9,0.0,E,8,-9900,?,9,-9900,?,9,0.0,0.0,E,8
01/03/2017,07:00,397.827,1414.019,67.41,1,8,0.0,1,8,67.41,1,8,8089.2,1,8,0.0,1,8,7415.1,1,8,76.523,1,8,-9900,?,9,-9900,?,9,21.4,E,8,19.62,E,8,89.0,E,8,964.3861999999999,E,8,999.0,E,8,0.77,E,8,-9900,?,9,-9900,?,9,0.0,E,8,-9900,?,9,-9900,?,9,0.0,0.0,E,8
01/03/2017,08:00,700.49,1414.019,157.87,1,8,1.033,1,8,157.359,1,8,18944.4,1,8,98.167,1,8,17309.441,1,8,101.201,1,8,-9900,?,9,-9900,?,9,23.0,E,8,19.93,E,8,82.0,E,8,964.3861999999999,E,8,999.0,E,8,0.77,E,8,-9900,?,9,-9900,?,9,0.0,E,8,-9900,?,9,-9900,?,9,0.0,0.0,E,8
01/03/2017,09:00,969.433,1414.019,522.29,1,8,267.59,1,8,338.895,1,8,62674.8,1,8,25421.006,1,8,37278.436,1,8,157.397,1,8,-9900,?,9,-9900,?,9,24.94,E,8,20.3,E,8,75.0,E,8,964.3861999999999,E,8,999.0,E,8,0.77,E,8,-9900,?,9,-9900,?,9,0.0,E,8,-9900,?,9,-9900,?,9,0.0,0.0,E,8
01/03/2017,10:00,1186.053,1414.019,668.48,1,8,303.991,1,8,413.529,1,8,80217.6,1,8,28879.172,1,8,45488.224,1,8,156.95,1,8,-9900,?,9,-9900,?,9,26.44,E,8,20.59,E,8,70.0,E,8,964.3861999999999,E,8,999.0,E,8,0.77,E,8,-9900,?,9,-9900,?,9,0.0,E,8,-9900,?,9,-9900,?,9,0.0,0.0,E,8
01/03/2017,11:00,1335.518,1414.019,917.97,1,8,569.827,1,8,379.797,1,8,110156.4,1,8,54133.575,1,8,41777.653,1,8,128.004,1,8,-9900,?,9,-9900,?,9,28.04,E,8,20.88,E,8,65.0,E,8,964.3861999999999,E,8,999.0,E,8,0.77,E,8,-9900,?,9,-9900,?,9,0.0,E,8,-9900,?,9,-9900,?,9,0.0,0.0,E,8
01/03/2017,12:00,1407.613,1414.019,912.52,1,8,497.047,1,8,417.726,1,8,109502.4,1,8,47219.509,1,8,45949.83,1,8,133.572,1,8,-9900,?,9,-9900,?,9,29.1,E,8,21.08,E,8,61.0,E,8,964.3861999999999,E,8,999.0,E,8,1.25,E,8,-9900,?,9,-9900,?,9,0.0,E,8,-9900,?,9,-9900,?,9,0.0,0.0,E,8
01/03/2017,13:00,1397.412,1414.019,772.59,1,8,254.392,1,8,521.188,1,8,92710.8,1,8,24167.211,1,8,57330.667,1,8,167.872,1,8,-9900,?,9,-9900,?,9,29.57,E,8,21.16,E,8,60.0,E,8,964.3861999999999,E,8,999.0,E,8,0.78,E,8,-9900,?,9,-9900,?,9,0.0,E,8,-9900,?,9,-9900,?,9,0.0,0.0,E,8
01/03/2017,14:00,1305.602,1414.019,808.12,1,8,443.236,1,8,398.889,1,8,96974.4,1,8,42107.374,1,8,43877.833,1,8,137.521,1,8,-9900,?,9,-9900,?,9,29.98,E,8,21.23,E,8,59.0,E,8,964.3861999999999,E,8,999.0,E,8,1.88,E,8,-9900,?,9,-9900,?,9,0.0,E,8,-9900,?,9,-9900,?,9,0.0,0.0,E,8
01/03/2017,15:00,1138.444,1414.019,592.15,1,8,248.18,1,8,392.369,1,8,71058.0,1,8,23577.112,1,8,43160.594,1,8,155.152,1,8,-9900,?,9,-9900,?,9,29.95,E,8,21.23,E,8,59.0,E,8,964.3861999999999,E,8,999.0,E,8,2.23,E,8,-9900,?,9,-9900,?,9,0.0,E,8,-9900,?,9,-9900,?,9,0.0,0.0,E,8
01/03/2017,16:00,907.349,1414.019,572.35,1,8,535.342,1,8,228.975,1,8,68682.0,1,8,50857.516,1,8,25187.268,1,8,113.632,1,8,-9900,?,9,-9900,?,9,29.88,E,8,21.22,E,8,59.0,E,8,964.3861999999999,E,8,999.0,E,8,1.52,E,8,-9900,?,9,-9900,?,9,0.0,E,8,-9900,?,9,-9900,?,9,0.0,0.0,E,8
01/03/2017,17:00,628.149,1414.019,394.94,1,8,574.845,1,8,139.88,1,8,47392.8,1,8,54610.237,1,8,15386.831,1,8,100.349,1,8,-9900,?,9,-9900,?,9,29.43,E,8,21.14,E,8,61.0,E,8,964.3861999999999,E,8,999.0,E,8,1.66,E,8,-9900,?,9,-9900,?,9,0.0,E,8,-9900,?,9,-9900,?,9,0.0,0.0,E,8
01/03/2017,18:00,320.288,1414.019,146.44,1,8,313.671,1,8,75.764,1,8,17572.8,1,8,29798.748,1,8,8334.087,1,8,107.034,1,8,-9900,?,9,-9900,?,9,28.56,E,8,20.98,E,8,63.0,E,8,964.3861999999999,E,8,999.0,E,8,1.24,E,8,-9900,?,9,-9900,?,9,0.0,E,8,-9900,?,9,-9900,?,9,0.0,0.0,E,8
01/03/2017,19:00,13.244,1414.019,35.41,1,8,0.0,1,8,35.41,1,8,4249.2,1,8,0.0,1,8,3895.1,1,8,9979.071,1,8,-9900,?,9,-9900,?,9,27.61,E,8,20.8,E,8,66.0,E,8,964.3861999999999,E,8,999.0,E,8,1.26,E,8,-9900,?,9,-9900,?,9,0.0,E,8,-9900,?,9,-9900,?,9,0.0,0.0,E,8
01/03/2017,20:00,0.0,1414.019,0.0,1,8,0.0,1,8,0.0,1,8,0.0,1,8,0.0,1,8,0.0,1,8,-0.0,1,8,-9900,?,9,-9900,?,9,26.7,E,8,20.64,E,8,69.0,E,8,964.3861999999999,E,8,999.0,E,8,0.8,E,8,-9900,?,9,-9900,?,9,0.0,E,8,-9900,?,9,-9900,?,9,0.0,0.0,E,8
01/03/2017,21:00,0.0,1414.019,0.0,1,8,0.0,1,8,0.0,1,8,0.0,1,8,0.0,1,8,0.0,1,8,-0.0,1,8,-9900,?,9,-9900,?,9,25.8,E,8,20.47,E,8,72.0,E,8,964.3861999999999,E,8,999.0,E,8,0.77,E,8,-9900,?,9,-9900,?,9,0.0,E,8,-9900,?,9,-9900,?,9,0.0,0.0,E,8
01/03/2017,22:00,0.0,1414.019,0.0,1,8,0.0,1,8,0.0,1,8,0.0,1,8,0.0,1,8,0.0,1,8,-0.0,1,8,-9900,?,9,-9900,?,9,24.89,E,8,20.3,E,8,75.0,E,8,964.3861999999999,E,8,999.0,E,8,0.77,E,8,-9900,?,9,-9900,?,9,0.0,E,8,-9900,?,9,-9900,?,9,0.0,0.0,E,8
01/03/2017,23:00,0.0,1414.019,0.0,1,8,0.0,1,8,0.0,1,8,0.0,1,8,0.0,1,8,0.0,1,8,-0.0,1,8,-9900,?,9,-9900,?,9,23.98,E,8,20.12,E,8,79.0,E,8,964.3861999999999,E,8,999.0,E,8,0.77,E,8,-9900,?,9,-9900,?,9,0.0,E,8,-9900,?,9,-9900,?,9,0.0,0.0,E,8
01/03/2017,24:00,0.0,1414.019,0.0,1,8,0.0,1,8,0.0,1,8,0.0,1,8,0.0,1,8,0.0,1,8,-0.0,1,8,-9900,?,9,-9900,?,9,23.07,E,8,20.1,E,8,83.0,E,8,964.3861999999999,E,8,999.0,E,8,0.53,E,8,-9900,?,9,-9900,?,9,0.0,E,8,-9900,?,9,-9900,?,9,0.0,0.0,E,8
01/04/2017,01:00,0.0,1414.019,0.0,1,8,0.0,1,8,0.0,1,8,0.0,1,8,0.0,1,8,0.0,1,8,-0.0,1,8,-9900,?,9,-9900,?,9,22.62,E,8,19.99,E,8,85.0,E,8,964.3861999999999,E,8,999.0,E,8,0.53,E,8,-9900,?,9,-9900,?,9,0.0,E,8,-9900,?,9,-9900,?,9,0.0,0.0,E,8
01/04/2017,02:00,0.0,1414.019,0.0,1,8,0.0,1,8,0.0,1,8,0.0,1,8,0.0,1,8,0.0,1,8,-0.0,1,8,-9900,?,9,-9900,?,9,22.16,E,8,19.87,E,8,86.0,E,8,964.3861999999999,E,8,999.0,E,8,0.53,E,8,-9900,?,9,-9900,?,9,0.0,E,8,-9900,?,9,-9900,?,9,0.0,0.0,E,8
01/04/2017,03:00,0.0,1414.019,0.0,1,8,0.0,1,8,0.0,1,8,0.0,1,8,0.0,1,8,0.0,1,8,-0.0,1,8,-9900,?,9,-9900,?,9,21.71,E,8,19.76,E,8,88.0,E,8,964.3861999999999,E,8,999.0,E,8,0.53,E,8,-9900,?,9,-9900,?,9,0.0,E,8,-9900,?,9,-9900,?,9,0.0,0.0,E,8
01/04/2017,04:00,0.0,1414.015,0.0,1,8,0.0,1,8,0.0,1,8,0.0,1,8,0.0,1,8,0.0,1,8,-0.0,1,8,-9900,?,9,-9900,?,9,21.26,E,8,19.64,E,8,90.0,E,8,964.3861999999999,E,8,999.0,E,8,0.53,E,8,-9900,?,9,-9900,?,9,0.0,E,8,-9900,?,9,-9900,?,9,0.0,0.0,E,8
01/04/2017,05:00,0.0,1414.015,0.0,1,8,0.0,1,8,0.0,1,8,0.0,1,8,0.0,1,8,0.0,1,8,-0.0,1,8,-9900,?,9,-9900,?,9,20.85,E,8,19.54,E,8,92.0,E,8,964.3861999999999,E,8,999.0,E,8,0.53,E,8,-9900,?,9,-9900,?,9,0.0,E,8,-9900,?,9,-9900,?,9,0.0,0.0,E,8
01/04/2017,06:00,81.827,1414.015,0.0,1,8,0.0,1,8,0.0,1,8,0.0,1,8,0.0,1,8,0.0,1,8,0.0,1,8,-9900,?,9,-9900,?,9,20.55,E,8,19.46,E,8,93.0,E,8,964.3861999999999,E,8,999.0,E,8,0.53,E,8,-9900,?,9,-9900,?,9,0.0,E,8,-9900,?,9,-9900,?,9,0.0,0.0,E,8
01/04/2017,07:00,394.751,1414.015,54.03,1,8,0.0,1,8,54.03,1,8,6483.6,1,8,0.0,1,8,5943.3,1,8,61.815,1,8,-9900,?,9,-9900,?,9,20.26,E,8,19.39,E,8,94.0,E,8,964.3861999999999,E,8,999.0,E,8,0.53,E,8,-9900,?,9,-9900,?,9,0.0,E,8,-9900,?,9,-9900,?,9,0.0,0.0,E,8
01/04/2017,08:00,697.815,1414.015,212.36,1,8,36.615,1,8,194.307,1,8,25483.2,1,8,3478.451,1,8,21373.751,1,8,125.443,1,8,-9900,?,9,-9900,?,9,22.61,E,8,19.99,E,8,85.0,E,8,964.3861999999999,E,8,999.0,E,8,0.53,E,8,-9900,?,9,-9900,?,9,0.0,E,8,-9900,?,9,-9900,?,9,0.0,0.0,E,8
01/04/2017,09:00,967.29,1414.015,374.62,1,8,62.632,1,8,331.789,1,8,44954.4,1,8,5950.067,1,8,36496.817,1,8,154.438,1,8,-9900,?,9,-9900,?,9,24.03,E,8,20.34,E,8,79.0,E,8,964.3861999999999,E,8,999.0,E,8,0.53,E,8,-9900,?,9,-9900,?,9,0.0,E,8,-9900,?,9,-9900,?,9,0.0,0.0,E,8
01/04/2017,10:00,1184.533,1414.015,515.81,1,8,82.871,1,8,446.397,1,8,61897.2,1,8,7872.71,1,8,49103.696,1,8,169.642,1,8,-9900,?,9,-9900,?,9,25.36,E,8,20.66,E,8,75.0,E,8,964.3861999999999,E,8,999.0,E,8,0.53,E,8,-9900,?,9,-9900,?,9,0.0,E,8,-9900,?,9,-9900,?,9,0.0,0.0,E,8
01/04/2017,11:00,1334.666,1414.015,623.29,1,8,81.22,1,8,546.63,1,8,74794.8,1,8,7715.932,1,8,60129.322,1,8,184.349,1,8,-9900,?,9,-9900,?,9,26.54,E,8,20.94,E,8,71.0,E,8,964.3861999999999,E,8,999.0,E,8,0.53,E,8,-9900,?,9,-9900,?,9,0.0,E,8,-9900,?,9,-9900,?,9,0.0,0.0,E,8
01/04/2017,12:00,1407.43,1414.015,688.75,1,8,93.638,1,8,595.548,1,8,82650.0,1,8,8895.606,1,8,65510.322,1,8,190.456,1,8,-9900,?,9,-9900,?,9,27.52,E,8,21.18,E,8,68.0,E,8,964.3861999999999,E,8,999.0,E,8,0.73,E,8,-9900,?,9,-9900,?,9,0.0,E,8,-9900,?,9,-9900,?,9,0.0,0.0,E,8
01/04/2017,13:00,1397.851,1414.015,707.33,1,8,107.906,1,8,600.658,1,8,84879.6,1,8,10251.112,1,8,66072.36,1,8,193.408,1,8,-9900,?,9,-9900,?,9,28.27,E,8,21.35,E,8,66.0,E,8,964.3861999999999,E,8,999.0,E,8,1.43,E,8,-9900,?,9,-9900,?,9,0.0,E,8,-9900,?,9,-9900,?,9,0.0,0.0,E,8
01/04/2017,14:00,1306.575,1414.015,677.68,1,8,126.315,1,8,560.969,1,8,81321.6,1,8,11999.888,1,8,61706.588,1,8,193.255,1,8,-9900,?,9,-9900,?,9,28.76,E,8,21.46,E,8,64.0,E,8,964.3861999999999,E,8,999.0,E,8,1.88,E,8,-9900,?,9,-9900,?,9,0.0,E,8,-9900,?,9,-9900,?,9,0.0,0.0,E,8
01/04/2017,15:00,1139.823,1414.015,601.95,1,8,184.694,1,8,453.094,1,8,72234.0,1,8,17545.904,1,8,49840.329,1,8,178.947,1,8,-9900,?,9,-9900,?,9,29.0,E,8,21.52,E,8,64.0,E,8,964.3861999999999,E,8,999.0,E,8,1.97,E,8,-9900,?,9,-9900,?,9,0.0,E,8,-9900,?,9,-9900,?,9,0.0,0.0,E,8
01/04/2017,16:00,908.98,1414.015,485.79,1,8,310.144,1,8,286.501,1,8,58294.8,1,8,29463.727,1,8,31515.111,1,8,141.924,1,8,-9900,?,9,-9900,?,9,28.97,E,8,21.51,E,8,64.0,E,8,964.3861999999999,E,8,999.0,E,8,1.5,E,8,-9900,?,9,-9900,?,9,0.0,E,8,-9900,?,9,-9900,?,9,0.0,0.0,E,8
01/04/2017,17:00,629.86,1414.015,338.36,1,8,370.274,1,8,173.619,1,8,40603.2,1,8,35176.034,1,8,19098.139,1,8,124.214,1,8,-9900,?,9,-9900,?,9,28.55,E,8,21.42,E,8,65.0,E,8,964.3861999999999,E,8,999.0,E,8,1.82,E,8,-9900,?,9,-9900,?,9,0.0,E,8,-9900,?,9,-9900,?,9,0.0,0.0,E,8
01/04/2017,18:00,321.896,1414.015,173.77,1,8,373.021,1,8,89.295,1,8,20852.4,1,8,35436.99,1,8,9822.446,1,8,125.511,1,8,-9900,?,9,-9900,?,9,27.78,E,8,21.24,E,8,67.0,E,8,964.3861999999999,E,8,999.0,E,8,1.39,E,8,-9900,?,9,-9900,?,9,0.0,E,8,-9900,?,9,-9900,?,9,0.0,0.0,E,8
01/04/2017,19:00,14.405,1414.015,25.59,1,8,0.0,1,8,25.59,1,8,3070.8,1,8,0.0,1,8,2814.9,1,8,3908.246,1,8,-9900,?,9,-9900,?,9,26.79,E,8,21.0,E,8,70.0,E,8,964.3861999999999,E,8,999.0,E,8,1.35,E,8,-9900,?,9,-9900,?,9,0.0,E,8,-9900,?,9,-9900,?,9,0.0,0.0,E,8
01/04/2017,20:00,0.0,1414.015,0.0,1,8,0.0,1,8,0.0,1,8,0.0,1,8,0.0,1,8,0.0,1,8,-0.0,1,8,-9900,?,9,-9900,?,9,25.94,E,8,20.8,E,8,73.0,E,8,964.3861999999999,E,8,999.0,E,8,1.55,E,8,-9900,?,9,-9900,?,9,0.0,E,8,-9900,?,9,-9900,?,9,0.0,0.0,E,8
01/04/2017,21:00,0.0,1414.015,0.0,1,8,0.0,1,8,0.0,1,8,0.0,1,8,0.0,1,8,0.0,1,8,-0.0,1,8,-9900,?,9,-9900,?,9,25.09,E,8,20.6,E,8,76.0,E,8,964.3861999999999,E,8,999.0,E,8,1.49,E,8,-9900,?,9,-9900,?,9,0.0,E,8,-9900,?,9,-9900,?,9,0.0,0.0,E,8
01/04/2017,22:00,0.0,1414.015,0.0,1,8,0.0,1,8,0.0,1,8,0.0,1,8,0.0,1,8,0.0,1,8,-0.0,1,8,-9900,?,9,-9900,?,9,24.24,E,8,20.39,E,8,79.0,E,8,964.3861999999999,E,8,999.0,E,8,1.23,E,8,-9900,?,9,-9900,?,9,0.0,E,8,-9900,?,9,-9900,?,9,0.0,0.0,E,8
01/04/2017,23:00,0.0,1414.015,0.0,1,8,0.0,1,8,0.0,1,8,0.0,1,8,0.0,1,8,0.0,1,8,-0.0,1,8,-9900,?,9,-9900,?,9,23.38,E,8,20.18,E,8,82.0,E,8,964.3861999999999,E,8,999.0,E,8,1.38,E,8,-9900,?,9,-9900,?,9,0.0,E,8,-9900,?,9,-9900,?,9,0.0,0.0,E,8
01/04/2017,24:00,0.0,1414.015,0.0,1,8,0.0,1,8,0.0,1,8,0.0,1,8,0.0,1,8,0.0,1,8,-0.0,1,8,-9900,?,9,-9900,?,9,22.53,E,8,19.09,E,8,78.0,E,8,964.3861999999999,E,8,999.0,E,8,4.98,E,8,-9900,?,9,-9900,?,9,0.0,E,8,-9900,?,9,-9900,?,9,0.0,0.0,E,8
01/05/2017,01:00,0.0,1414.015,0.0,1,8,0.0,1,8,0.0,1,8,0.0,1,8,0.0,1,8,0.0,1,8,-0.0,1,8,-9900,?,9,-9900,?,9,22.11,E,8,19.11,E,8,80.0,E,8,964.3861999999999,E,8,999.0,E,8,4.01,E,8,-9900,?,9,-9900,?,9,0.0,E,8,-9900,?,9,-9900,?,9,0.0,0.0,E,8
01/05/2017,02:00,0.0,1414.015,0.0,1,8,0.0,1,8,0.0,1,8,0.0,1,8,0.0,1,8,0.0,1,8,-0.0,1,8,-9900,?,9,-9900,?,9,21.68,E,8,19.12,E,8,83.0,E,8,964.3861999999999,E,8,999.0,E,8,2.57,E,8,-9900,?,9,-9900,?,9,0.0,E,8,-9900,?,9,-9900,?,9,0.0,0.0,E,8
01/05/2017,03:00,0.0,1414.015,0.0,1,8,0.0,1,8,0.0,1,8,0.0,1,8,0.0,1,8,0.0,1,8,-0.0,1,8,-9900,?,9,-9900,?,9,21.26,E,8,19.13,E,8,85.0,E,8,964.3861999999999,E,8,999.0,E,8,2.58,E,8,-9900,?,9,-9900,?,9,0.0,E,8,-9900,?,9,-9900,?,9,0.0,0.0,E,8
01/05/2017,04:00,0.0,1413.996,0.0,1,8,0.0,1,8,0.0,1,8,0.0,1,8,0.0,1,8,0.0,1,8,-0.0,1,8,-9900,?,9,-9900,?,9,20.83,E,8,19.14,E,8,87.0,E,8,964.3861999999999,E,8,999.0,E,8,2.78,E,8,-9900,?,9,-9900,?,9,0.0,E,8,-9900,?,9,-9900,?,9,0.0,0.0,E,8
01/05/2017,05:00,0.0,1413.996,0.0,1,8,0.0,1,8,0.0,1,8,0.0,1,8,0.0,1,8,0.0,1,8,-0.0,1,8,-9900,?,9,-9900,?,9,20.45,E,8,19.15,E,8,89.0,E,8,964.3861999999999,E,8,999.0,E,8,2.58,E,8,-9900,?,9,-9900,?,9,0.0,E,8,-9900,?,9,-9900,?,9,0.0,0.0,E,8
01/05/2017,06:00,78.6,1413.996,0.0,1,8,0.0,1,8,0.0,1,8,0.0,1,8,0.0,1,8,0.0,1,8,0.0,1,8,-9900,?,9,-9900,?,9,20.17,E,8,19.16,E,8,95.0,E,8,964.3861999999999,E,8,999.0,E,8,2.18,E,8,-9900,?,9,-9900,?,9,0.002,E,8,-9900,?,9,-9900,?,9,0.02,99.0,E,8
01/05/2017,07:00,391.651,1413.996,49.2,1,8,0.0,1,8,49.2,1,8,5904.0,1,8,0.0,1,8,5412.0,1,8,56.737,1,8,-9900,?,9,-9900,?,9,19.89,E,8,19.17,E,8,92.0,E,8,964.3861999999999,E,8,999.0,E,8,1.99,E,8,-9900,?,9,-9900,?,9,0.0,E,8,-9900,?,9,-9900,?,9,0.0,0.0,E,8
01/05/2017,08:00,695.124,1413.996,196.99,1,8,24.132,1,8,185.138,1,8,23638.8,1,8,2292.502,1,8,20365.151,1,8,119.986,1,8,-9900,?,9,-9900,?,9,22.2,E,8,19.1,E,8,85.0,E,8,964.3861999999999,E,8,999.0,E,8,1.99,E,8,-9900,?,9,-9900,?,9,0.098,E,8,-9900,?,9,-9900,?,9,0.98,99.0,E,8
01/05/2017,09:00,965.137,1413.996,348.87,1,8,48.921,1,8,315.49,1,8,41864.4,1,8,4647.527,1,8,34703.846,1,8,147.177,1,8,-9900,?,9,-9900,?,9,23.61,E,8,19.06,E,8,74.0,E,8,964.3861999999999,E,8,999.0,E,8,1.99,E,8,-9900,?,9,-9900,?,9,0.0,E,8,-9900,?,9,-9900,?,9,0.0,0.0,E,8
01/05/2017,10:00,1183.004,1413.996,395.11,1,8,21.303,1,8,377.289,1,8,47413.2,1,8,2023.818,1,8,41501.795,1,8,143.563,1,8,-9900,?,9,-9900,?,9,24.54,E,8,19.03,E,8,70.0,E,8,964.3861999999999,E,8,999.0,E,8,1.99,E,8,-9900,?,9,-9900,?,9,0.0,E,8,-9900,?,9,-9900,?,9,0.0,0.0,E,8
01/05/2017,11:00,1333.804,1413.996,540.22,1,8,107.029,1,8,439.265,1,8,64826.4,1,8,10167.738,1,8,48319.131,1,8,148.234,1,8,-9900,?,9,-9900,?,9,25.63,E,8,19.0,E,8,65.0,E,8,964.3861999999999,E,8,999.0,E,8,1.99,E,8,-9900,?,9,-9900,?,9,0.0,E,8,-9900,?,9,-9900,?,9,0.0,0.0,E,8
01/05/2017,12:00,1407.23,1413.996,936.07,1,8,424.639,1,8,513.464,1,8,112328.4,1,8,40340.75,1,8,56481.002,1,8,164.227,1,8,-9900,?,9,-9900,?,9,27.6,E,8,18.94,E,8,58.0,E,8,964.3861999999999,E,8,999.0,E,8,1.99,E,8,-9900,?,9,-9900,?,9,0.0,E,8,-9900,?,9,-9900,?,9,0.0,0.0,E,8
01/05/2017,13:00,1398.264,1413.996,661.24,1,8,135.292,1,8,527.454,1,8,79348.8,1,8,12852.712,1,8,58019.991,1,8,169.784,1,8,-9900,?,9,-9900,?,9,28.27,E,8,18.92,E,8,56.0,E,8,964.3861999999999,E,8,999.0,E,8,1.99,E,8,-9900,?,9,-9900,?,9,0.0,E,8,-9900,?,9,-9900,?,9,0.0,0.0,E,8
01/05/2017,14:00,1307.508,1413.996,633.83,1,8,96.204,1,8,544.876,1,8,76059.6,1,8,9139.383,1,8,59936.307,1,8,187.574,1,8,-9900,?,9,-9900,?,9,28.71,E,8,18.91,E,8,55.0,E,8,964.3861999999999,E,8,999.0,E,8,2.68,E,8,-9900,?,9,-9900,?,9,0.0,E,8,-9900,?,9,-9900,?,9,0.0,0.0,E,8
01/05/2017,15:00,1141.149,1413.996,563.29,1,8,141.534,1,8,449.084,1,8,67594.8,1,8,13445.755,1,8,49399.284,1,8,177.155,1,8,-9900,?,9,-9900,?,9,28.91,E,8,18.9,E,8,54.0,E,8,964.3861999999999,E,8,999.0,E,8,3.65,E,8,-9900,?,9,-9900,?,9,0.0,E,8,-9900,?,9,-9900,?,9,0.0,0.0,E,8
01/05/2017,16:00,910.544,1413.996,454.87,1,8,145.745,1,8,361.056,1,8,54584.4,1,8,13845.774,1,8,39716.194,1,8,178.547,1,8,-9900,?,9,-9900,?,9,28.82,E,8,18.9,E,8,55.0,E,8,964.3861999999999,E,8,999.0,E,8,3.17,E,8,-9900,?,9,-9900,?,9,0.0,E,8,-9900,?,9,-9900,?,9,0.0,0.0,E,8
01/05/2017,17:00,631.488,1413.996,317.12,1,8,318.594,1,8,175.003,1,8,38054.4,1,8,30266.433,1,8,19250.344,1,8,124.879,1,8,-9900,?,9,-9900,?,9,28.36,E,8,18.92,E,8,56.0,E,8,964.3861999999999,E,8,999.0,E,8,1.99,E,8,-9900,?,9,-9900,?,9,0.0,E,8,-9900,?,9,-9900,?,9,0.0,0.0,E,8
01/05/2017,18:00,323.41,1413.996,163.22,1,8,428.285,1,8,65.768,1,8,19586.4,1,8,40687.049,1,8,7234.437,1,8,92.003,1,8,-9900,?,9,-9900,?,9,27.56,E,8,18.94,E,8,59.0,E,8,964.3861999999999,E,8,999.0,E,8,1.99,E,8,-9900,?,9,-9900,?,9,0.0,E,8,-9900,?,9,-9900,?,9,0.0,0.0,E,8
01/05/2017,19:00,15.477,1413.996,24.35,1,8,0.0,1,8,24.35,1,8,2922.0,1,8,0.0,1,8,2678.5,1,8,2615.582,1,8,-9900,?,9,-9900,?,9,26.54,E,8,18.97,E,8,62.0,E,8,964.3861999999999,E,8,999.0,E,8,3.39,E,8,-9900,?,9,-9900,?,9,0.0,E,8,-9900,?,9,-9900,?,9,0.0,0.0,E,8
01/05/2017,20:00,0.0,1413.996,0.0,1,8,0.0,1,8,0.0,1,8,0.0,1,8,0.0,1,8,0.0,1,8,-0.0,1,8,-9900,?,9,-9900,?,9,25.69,E,8,19.0,E,8,65.0,E,8,964.3861999999999,E,8,999.0,E,8,1.99,E,8,-9900,?,9,-9900,?,9,0.0,E,8,-9900,?,9,-9900,?,9,0.0,0.0,E,8
01/05/2017,21:00,0.0,1413.996,0.0,1,8,0.0,1,8,0.0,1,8,0.0,1,8,0.0,1,8,0.0,1,8,-0.0,1,8,-9900,?,9,-9900,?,9,24.83,E,8,19.02,E,8,69.0,E,8,964.3861999999999,E,8,999.0,E,8,1.99,E,8,-9900,?,9,-9900,?,9,0.0,E,8,-9900,?,9,-9900,?,9,0.0,0.0,E,8
01/05/2017,22:00,0.0,1413.996,0.0,1,8,0.0,1,8,0.0,1,8,0.0,1,8,0.0,1,8,0.0,1,8,-0.0,1,8,-9900,?,9,-9900,?,9,23.97,E,8,19.05,E,8,72.0,E,8,964.3861999999999,E,8,999.0,E,8,1.99,E,8,-9900,?,9,-9900,?,9,0.0,E,8,-9900,?,9,-9900,?,9,0.0,0.0,E,8
01/05/2017,23:00,0.0,1413.996,0.0,1,8,0.0,1,8,0.0,1,8,0.0,1,8,0.0,1,8,0.0,1,8,-0.0,1,8,-9900,?,9,-9900,?,9,23.11,E,8,19.08,E,8,76.0,E,8,964.3861999999999,E,8,999.0,E,8,1.99,E,8,-9900,?,9,-9900,?,9,0.0,E,8,-9900,?,9,-9900,?,9,0.0,0.0,E,8
01/05/2017,24:00,0.0,1413.996,0.0,1,8,0.0,1,8,0.0,1,8,0.0,1,8,0.0,1,8,0.0,1,8,-0.0,1,8,-9900,?,9,-9900,?,9,22.26,E,8,19.23,E,8,82.0,E,8,964.3861999999999,E,8,999.0,E,8,0.74,E,8,-9900,?,9,-9900,?,9,0.0,E,8,-9900,?,9,-9900,?,9,0.0,0.0,E,8
01/06/2017,01:00,0.0,1413.996,0.0,1,8,0.0,1,8,0.0,1,8,0.0,1,8,0.0,1,8,0.0,1,8,-0.0,1,8,-9900,?,9,-9900,?,9,21.83,E,8,19.13,E,8,84.0,E,8,964.3861999999999,E,8,999.0,E,8,0.74,E,8,-9900,?,9,-9900,?,9,0.0,E,8,-9900,?,9,-9900,?,9,0.0,0.0,E,8
01/06/2017,02:00,0.0,1413.996,0.0,1,8,0.0,1,8,0.0,1,8,0.0,1,8,0.0,1,8,0.0,1,8,-0.0,1,8,-9900,?,9,-9900,?,9,21.4,E,8,19.03,E,8,86.0,E,8,964.3861999999999,E,8,999.0,E,8,0.74,E,8,-9900,?,9,-9900,?,9,0.0,E,8,-9900,?,9,-9900,?,9,0.0,0.0,E,8
01/06/2017,03:00,0.0,1413.996,0.0,1,8,0.0,1,8,0.0,1,8,0.0,1,8,0.0,1,8,0.0,1,8,-0.0,1,8,-9900,?,9,-9900,?,9,20.97,E,8,18.93,E,8,88.0,E,8,964.3861999999999,E,8,999.0,E,8,0.74,E,8,-9900,?,9,-9900,?,9,0.0,E,8,-9900,?,9,-9900,?,9,0.0,0.0,E,8
01/06/2017,04:00,0.0,1413.963,0.0,1,8,0.0,1,8,0.0,1,8,0.0,1,8,0.0,1,8,0.0,1,8,-0.0,1,8,-9900,?,9,-9900,?,9,20.54,E,8,18.83,E,8,89.0,E,8,964.3861999999999,E,8,999.0,E,8,0.74,E,8,-9900,?,9,-9900,?,9,0.0,E,8,-9900,?,9,-9900,?,9,0.0,0.0,E,8
01/06/2017,05:00,0.0,1413.963,0.0,1,8,0.0,1,8,0.0,1,8,0.0,1,8,0.0,1,8,0.0,1,8,-0.0,1,8,-9900,?,9,-9900,?,9,20.16,E,8,18.74,E,8,91.0,E,8,964.3861999999999,E,8,999.0,E,8,0.74,E,8,-9900,?,9,-9900,?,9,0.0,E,8,-9900,?,9,-9900,?,9,0.0,0.0,E,8
01/06/2017,06:00,75.349,1413.963,0.0,1,8,0.0,1,8,0.0,1,8,0.0,1,8,0.0,1,8,0.0,1,8,0.0,1,8,-9900,?,9,-9900,?,9,19.88,E,8,18.67,E,8,92.0,E,8,964.3861999999999,E,8,999.0,E,8,0.74,E,8,-9900,?,9,-9900,?,9,0.0,E,8,-9900,?,9,-9900,?,9,0.0,0.0,E,8
01/06/2017,07:00,388.53,1413.963,58.66,1,8,0.0,1,8,58.66,1,8,7039.2,1,8,0.0,1,8,6452.6,1,8,68.193,1,8,-9900,?,9,-9900,?,9,19.6,E,8,18.6,E,8,93.0,E,8,964.3861999999999,E,8,999.0,E,8,0.74,E,8,-9900,?,9,-9900,?,9,0.0,E,8,-9900,?,9,-9900,?,9,0.0,0.0,E,8
01/06/2017,08:00,692.421,1413.963,239.48,1,8,70.252,1,8,205.109,1,8,28737.6,1,8,6673.966,1,8,22562.011,1,8,133.446,1,8,-9900,?,9,-9900,?,9,22.14,E,8,19.2,E,8,83.0,E,8,964.3861999999999,E,8,999.0,E,8,0.74,E,8,-9900,?,9,-9900,?,9,0.0,E,8,-9900,?,9,-9900,?,9,0.0,0.0,E,8
01/06/2017,09:00,962.976,1413.963,425.77,1,8,108.063,1,8,352.199,1,8,51092.4,1,8,10265.938,1,8,38741.916,1,8,164.668,1,8,-9900,?,9,-9900,?,9,23.72,E,8,19.57,E,8,77.0,E,8,964.3861999999999,E,8,999.0,E,8,0.74,E,8,-9900,?,9,-9900,?,9,0.0,E,8,-9900,?,9,-9900,?,9,0.0,0.0,E,8
01/06/2017,10:00,1181.468,1413.963,588.2,1,8,200.295,1,8,420.86,1,8,70584.0,1,8,19028.038,1,8,46294.62,1,8,160.346,1,8,-9900,?,9,-9900,?,9,25.2,E,8,19.9,E,8,72.0,E,8,964.3861999999999,E,8,999.0,E,8,0.79,E,8,-9900,?,9,-9900,?,9,0.0,E,8,-9900,?,9,-9900,?,9,0.0,0.0,E,8
01/06/2017,11:00,1332.931,1413.963,712.16,1,8,139.801,1,8,580.375,1,8,85459.2,1,8,13281.114,1,8,63841.292,1,8,195.977,1,8,-9900,?,9,-9900,?,9,26.52,E,8,20.19,E,8,68.0,E,8,964.3861999999999,E,8,999.0,E,8,0.74,E,8,-9900,?,9,-9900,?,9,0.0,E,8,-9900,?,9,-9900,?,9,0.0,0.0,E,8
01/06/2017,12:00,1407.013,1413.963,788.0,1,8,161.293,1,8,627.5,1,8,94560.0,1,8,15322.82,1,8,69025.038,1,8,200.727,1,8,-9900,?,9,-9900,?,9,27.61,E,8,20.43,E,8,64.0,E,8,964.3861999999999,E,8,999.0,E,8,0.74,E,8,-9900,?,9,-9900,?,9,0.0,E,8,-9900,?,9,-9900,?,9,0.0,0.0,E,8
01/06/2017,13:00,1398.649,1413.963,810.13,1,8,332.198,1,8,481.531,1,8,97215.6,1,8,31558.838,1,8,52968.465,1,8,154.955,1,8,-9900,?,9,-9900,?,9,28.44,E,8,20.61,E,8,62.0,E,8,964.3861999999999,E,8,999.0,E,8,0.74,E,8,-9900,?,9,-9900,?,9,0.0,E,8,-9900,?,9,-9900,?,9,0.0,0.0,E,8
01/06/2017,14:00,1308.402,1413.963,776.94,1,8,384.945,1,8,420.751,1,8,93232.8,1,8,36569.758,1,8,46282.628,1,8,144.742,1,8,-9900,?,9,-9900,?,9,29.0,E,8,20.73,E,8,61.0,E,8,964.3861999999999,E,8,999.0,E,8,1.16,E,8,-9900,?,9,-9900,?,9,0.0,E,8,-9900,?,9,-9900,?,9,0.0,0.0,E,8
01/06/2017,15:00,1142.421,1413.963,690.81,1,8,417.653,1,8,353.417,1,8,82897.2,1,8,39677.079,1,8,38875.833,1,8,139.257,1,8,-9900,?,9,-9900,?,9,29.26,E,8,20.79,E,8,60.0,E,8,964.3861999999999,E,8,999.0,E,8,2.23,E,8,-9900,?,9,-9900,?,9,0.0,E,8,-9900,?,9,-9900,?,9,0.0,0.0,E,8
01/06/2017,16:00,912.038,1413.963,558.17,1,8,498.609,1,8,236.689,1,8,66980.4,1,8,47367.812,1,8,26035.752,1,8,116.851,1,8,-9900,?,9,-9900,?,9,29.24,E,8,20.78,E,8,60.0,E,8,964.3861999999999,E,8,999.0,E,8,1.83,E,8,-9900,?,9,-9900,?,9,0.0,E,8,-9900,?,9,-9900,?,9,0.0,0.0,E,8
01/06/2017,17:00,633.033,1413.963,389.49,1,8,584.189,1,8,128.252,1,8,46738.8,1,8,55497.963,1,8,14107.751,1,8,91.292,1,8,-9900,?,9,-9900,?,9,28.78,E,8,20.68,E,8,61.0,E,8,964.3861999999999,E,8,999.0,E,8,2.05,E,8,-9900,?,9,-9900,?,9,0.0,E,8,-9900,?,9,-9900,?,9,0.0,0.0,E,8
01/06/2017,18:00,324.826,1413.963,200.85,1,8,381.734,1,8,113.603,1,8,24102.0,1,8,36264.707,1,8,12496.366,1,8,158.217,1,8,-9900,?,9,-9900,?,9,27.94,E,8,20.5,E,8,64.0,E,8,964.3861999999999,E,8,999.0,E,8,2.29,E,8,-9900,?,9,-9900,?,9,0.0,E,8,-9900,?,9,-9900,?,9,0.0,0.0,E,8
01/06/2017,19:00,16.458,1413.963,30.32,1,8,0.0,1,8,30.32,1,8,3638.4,1,8,0.0,1,8,3335.2,1,8,2562.94,1,8,-9900,?,9,-9900,?,9,26.84,E,8,20.26,E,8,67.0,E,8,964.3861999999999,E,8,999.0,E,8,0.84,E,8,-9900,?,9,-9900,?,9,0.0,E,8,-9900,?,9,-9900,?,9,0.0,0.0,E,8
01/06/2017,20:00,0.0,1413.963,0.0,1,8,0.0,1,8,0.0,1,8,0.0,1,8,0.0,1,8,0.0,1,8,-0.0,1,8,-9900,?,9,-9900,?,9,26.04,E,8,20.09,E,8,69.0,E,8,964.3861999999999,E,8,999.0,E,8,1.07,E,8,-9900,?,9,-9900,?,9,0.0,E,8,-9900,?,9,-9900,?,9,0.0,0.0,E,8
01/06/2017,21:00,0.0,1413.963,0.0,1,8,0.0,1,8,0.0,1,8,0.0,1,8,0.0,1,8,0.0,1,8,-0.0,1,8,-9900,?,9,-9900,?,9,25.23,E,8,19.91,E,8,72.0,E,8,964.3861999999999,E,8,999.0,E,8,0.74,E,8,-9900,?,9,-9900,?,9,0.0,E,8,-9900,?,9,-9900,?,9,0.0,0.0,E,8
01/06/2017,22:00,0.0,1413.963,0.0,1,8,0.0,1,8,0.0,1,8,0.0,1,8,0.0,1,8,0.0,1,8,-0.0,1,8,-9900,?,9,-9900,?,9,24.43,E,8,19.73,E,8,75.0,E,8,964.3861999999999,E,8,999.0,E,8,0.74,E,8,-9900,?,9,-9900,?,9,0.0,E,8,-9900,?,9,-9900,?,9,0.0,0.0,E,8
01/06/2017,23:00,0.0,1413.963,0.0,1,8,0.0,1,8,0.0,1,8,0.0,1,8,0.0,1,8,0.0,1,8,-0.0,1,8,-9900,?,9,-9900,?,9,23.63,E,8,19.55,E,8,77.0,E,8,964.3861999999999,E,8,999.0,E,8,0.74,E,8,-9900,?,9,-9900,?,9,0.0,E,8,-9900,?,9,-9900,?,9,0.0,0.0,E,8
01/06/2017,24:00,0.0,1413.963,0.0,1,8,0.0,1,8,0.0,1,8,0.0,1,8,0.0,1,8,0.0,1,8,-0.0,1,8,-9900,?,9,-9900,?,9,22.82,E,8,19.92,E,8,83.0,E,8,964.3861999999999,E,8,999.0,E,8,0.28,E,8,-9900,?,9,-9900,?,9,0.0,E,8,-9900,?,9,-9900,?,9,0.0,0.0,E,8
01/07/2017,01:00,0.0,1413.963,0.0,1,8,0.0,1,8,0.0,1,8,0.0,1,8,0.0,1,8,0.0,1,8,-0.0,1,8,-9900,?,9,-9900,?,9,22.42,E,8,19.83,E,8,85.0,E,8,964.3861999999999,E,8,999.0,E,8,0.28,E,8,-9900,?,9,-9900,?,9,0.0,E,8,-9900,?,9,-9900,?,9,0.0,0.0,E,8
01/07/2017,02:00,0.0,1413.963,0.0,1,8,0.0,1,8,0.0,1,8,0.0,1,8,0.0,1,8,0.0,1,8,-0.0,1,8,-9900,?,9,-9900,?,9,22.02,E,8,19.74,E,8,86.0,E,8,964.3861999999999,E,8,999.0,E,8,0.28,E,8,-9900,?,9,-9900,?,9,0.0,E,8,-9900,?,9,-9900,?,9,0.0,0.0,E,8
01/07/2017,03:00,0.0,1413.963,0.0,1,8,0.0,1,8,0.0,1,8,0.0,1,8,0.0,1,8,0.0,1,8,-0.0,1,8,-9900,?,9,-9900,?,9,21.62,E,8,19.65,E,8,88.0,E,8,964.3861999999999,E,8,999.0,E,8,0.28,E,8,-9900,?,9,-9900,?,9,0.0,E,8,-9900,?,9,-9900,?,9,0.0,0.0,E,8
01/07/2017,04:00,0.0,1413.914,0.0,1,8,0.0,1,8,0.0,1,8,0.0,1,8,0.0,1,8,0.0,1,8,-0.0,1,8,-9900,?,9,-9900,?,9,21.22,E,8,19.56,E,8,90.0,E,8,964.3861999999999,E,8,999.0,E,8,0.28,E,8,-9900,?,9,-9900,?,9,0.0,E,8,-9900,?,9,-9900,?,9,0.0,0.0,E,8
01/07/2017,05:00,0.0,1413.914,0.0,1,8,0.0,1,8,0.0,1,8,0.0,1,8,0.0,1,8,0.0,1,8,-0.0,1,8,-9900,?,9,-9900,?,9,20.86,E,8,19.48,E,8,91.0,E,8,964.3861999999999,E,8,999.0,E,8,0.28,E,8,-9900,?,9,-9900,?,9,0.0,E,8,-9900,?,9,-9900,?,9,0.0,0.0,E,8
01/07/2017,06:00,72.079,1413.914,0.0,1,8,0.0,1,8,0.0,1,8,0.0,1,8,0.0,1,8,0.0,1,8,0.0,1,8,-9900,?,9,-9900,?,9,20.59,E,8,19.42,E,8,93.0,E,8,964.3861999999999,E,8,999.0,E,8,0.28,E,8,-9900,?,9,-9900,?,9,0.0,E,8,-9900,?,9,-9900,?,9,0.0,0.0,E,8
01/07/2017,07:00,385.391,1413.914,55.02,1,8,0.0,1,8,55.02,1,8,6602.4,1,8,0.0,1,8,6052.2,1,8,64.484,1,8,-9900,?,9,-9900,?,9,20.33,E,8,19.36,E,8,94.0,E,8,964.3861999999999,E,8,999.0,E,8,0.33,E,8,-9900,?,9,-9900,?,9,0.0,E,8,-9900,?,9,-9900,?,9,0.0,0.0,E,8
01/07/2017,08:00,689.707,1413.914,229.12,1,8,57.99,1,8,200.859,1,8,27494.4,1,8,5509.084,1,8,22094.469,1,8,131.192,1,8,-9900,?,9,-9900,?,9,22.61,E,8,19.87,E,8,84.0,E,8,964.3861999999999,E,8,999.0,E,8,0.46,E,8,-9900,?,9,-9900,?,9,0.0,E,8,-9900,?,9,-9900,?,9,0.0,0.0,E,8
01/07/2017,09:00,960.809,1413.914,409.01,1,8,92.86,1,8,345.93,1,8,49081.2,1,8,8821.677,1,8,38052.28,1,8,162.096,1,8,-9900,?,9,-9900,?,9,24.04,E,8,20.18,E,8,79.0,E,8,964.3861999999999,E,8,999.0,E,8,1.13,E,8,-9900,?,9,-9900,?,9,0.0,E,8,-9900,?,9,-9900,?,9,0.0,0.0,E,8
01/07/2017,10:00,1179.925,1413.914,566.01,1,8,172.895,1,8,421.746,1,8,67921.2,1,8,16425.009,1,8,46392.058,1,8,160.889,1,8,-9900,?,9,-9900,?,9,25.38,E,8,20.47,E,8,74.0,E,8,964.3861999999999,E,8,999.0,E,8,0.77,E,8,-9900,?,9,-9900,?,9,0.0,E,8,-9900,?,9,-9900,?,9,0.0,0.0,E,8
01/07/2017,11:00,1332.048,1413.914,685.95,1,8,120.725,1,8,572.219,1,8,82314.0,1,8,11468.86,1,8,62944.132,1,8,193.345,1,8,-9900,?,9,-9900,?,9,26.57,E,8,20.72,E,8,70.0,E,8,964.3861999999999,E,8,999.0,E,8,1.14,E,8,-9900,?,9,-9900,?,9,0.0,E,8,-9900,?,9,-9900,?,9,0.0,0.0,E,8
01/07/2017,12:00,1406.778,1413.914,759.51,1,8,139.35,1,8,620.864,1,8,91141.2,1,8,13238.217,1,8,68295.044,1,8,198.63,1,8,-9900,?,9,-9900,?,9,27.56,E,8,20.93,E,8,67.0,E,8,964.3861999999999,E,8,999.0,E,8,1.11,E,8,-9900,?,9,-9900,?,9,0.0,E,8,-9900,?,9,-9900,?,9,0.0,0.0,E,8
01/07/2017,13:00,1399.006,1413.914,781.25,1,8,160.175,1,8,622.765,1,8,93750.0,1,8,15216.609,1,8,68504.147,1,8,200.346,1,8,-9900,?,9,-9900,?,9,28.32,E,8,21.08,E,8,64.0,E,8,964.3861999999999,E,8,999.0,E,8,1.41,E,8,-9900,?,9,-9900,?,9,0.0,E,8,-9900,?,9,-9900,?,9,0.0,0.0,E,8
01/07/2017,14:00,1309.253,1413.914,749.59,1,8,334.12,1,8,440.217,1,8,89950.8,1,8,31741.426,1,8,48423.872,1,8,151.334,1,8,-9900,?,9,-9900,?,9,28.83,E,8,21.19,E,8,63.0,E,8,964.3861999999999,E,8,999.0,E,8,1.95,E,8,-9900,?,9,-9900,?,9,0.0,E,8,-9900,?,9,-9900,?,9,0.0,0.0,E,8
01/07/2017,15:00,1143.636,1413.914,666.82,1,8,367.944,1,8,369.257,1,8,80018.4,1,8,34954.655,1,8,40618.27,1,8,145.339,1,8,-9900,?,9,-9900,?,9,29.07,E,8,21.24,E,8,62.0,E,8,964.3861999999999,E,8,999.0,E,8,2.04,E,8,-9900,?,9,-9900,?,9,0.0,E,8,-9900,?,9,-9900,?,9,0.0,0.0,E,8
01/07/2017,16:00,913.46,1413.914,539.09,1,8,430.884,1,8,260.831,1,8,64690.8,1,8,40933.962,1,8,28691.431,1,8,128.564,1,8,-9900,?,9,-9900,?,9,29.05,E,8,21.23,E,8,62.0,E,8,964.3861999999999,E,8,999.0,E,8,1.91,E,8,-9900,?,9,-9900,?,9,0.0,E,8,-9900,?,9,-9900,?,9,0.0,0.0,E,8
01/07/2017,17:00,634.491,1413.914,376.49,1,8,513.443,1,8,146.35,1,8,45178.8,1,8,48777.045,1,8,16098.538,1,8,103.931,1,8,-9900,?,9,-9900,?,9,28.64,E,8,21.15,E,8,63.0,E,8,964.3861999999999,E,8,999.0,E,8,1.88,E,8,-9900,?,9,-9900,?,9,0.0,E,8,-9900,?,9,-9900,?,9,0.0,0.0,E,8
01/07/2017,18:00,326.143,1413.914,194.5,1,8,486.288,1,8,82.898,1,8,23340.0,1,8,46197.394,1,8,9118.741,1,8,114.977,1,8,-9900,?,9,-9900,?,9,27.88,E,8,20.99,E,8,66.0,E,8,964.3861999999999,E,8,999.0,E,8,1.81,E,8,-9900,?,9,-9900,?,9,0.0,E,8,-9900,?,9,-9900,?,9,0.0,0.0,E,8
01/07/2017,19:00,17.345,1413.914,29.67,1,8,0.0,1,8,29.67,1,8,3560.4,1,8,0.0,1,8,3263.7,1,8,2103.374,1,8,-9900,?,9,-9900,?,9,26.89,E,8,20.79,E,8,69.0,E,8,964.3861999999999,E,8,999.0,E,8,1.78,E,8,-9900,?,9,-9900,?,9,0.0,E,8,-9900,?,9,-9900,?,9,0.0,0.0,E,8
01/07/2017,20:00,0.0,1413.914,0.0,1,8,0.0,1,8,0.0,1,8,0.0,1,8,0.0,1,8,0.0,1,8,-0.0,1,8,-9900,?,9,-9900,?,9,26.11,E,8,20.62,E,8,71.0,E,8,964.3861999999999,E,8,999.0,E,8,1.51,E,8,-9900,?,9,-9900,?,9,0.0,E,8,-9900,?,9,-9900,?,9,0.0,0.0,E,8
01/07/2017,21:00,0.0,1413.914,0.0,1,8,0.0,1,8,0.0,1,8,0.0,1,8,0.0,1,8,0.0,1,8,-0.0,1,8,-9900,?,9,-9900,?,9,25.33,E,8,20.46,E,8,74.0,E,8,964.3861999999999,E,8,999.0,E,8,1.21,E,8,-9900,?,9,-9900,?,9,0.0,E,8,-9900,?,9,-9900,?,9,0.0,0.0,E,8
01/07/2017,22:00,0.0,1413.914,0.0,1,8,0.0,1,8,0.0,1,8,0.0,1,8,0.0,1,8,0.0,1,8,-0.0,1,8,-9900,?,9,-9900,?,9,24.54,E,8,20.29,E,8,77.0,E,8,964.3861999999999,E,8,999.0,E,8,0.88,E,8,-9900,?,9,-9900,?,9,0.0,E,8,-9900,?,9,-9900,?,9,0.0,0.0,E,8
01/07/2017,23:00,0.0,1413.914,0.0,1,8,0.0,1,8,0.0,1,8,0.0,1,8,0.0,1,8,0.0,1,8,-0.0,1,8,-9900,?,9,-9900,?,9,23.76,E,8,20.12,E,8,80.0,E,8,964.3861999999999,E,8,999.0,E,8,0.82,E,8,-9900,?,9,-9900,?,9,0.0,E,8,-9900,?,9,-9900,?,9,0.0,0.0,E,8
01/07/2017,24:00,0.0,1413.914,0.0,1,8,0.0,1,8,0.0,1,8,0.0,1,8,0.0,1,8,0.0,1,8,-0.0,1,8,-9900,?,9,-9900,?,9,22.98,E,8,20.37,E,8,85.0,E,8,964.3861999999999,E,8,999.0,E,8,2.03,E,8,-9900,?,9,-9900,?,9,0.0,E,8,-9900,?,9,-9900,?,9,0.0,0.0,E,8
01/08/2017,01:00,0.0,1413.914,0.0,1,8,0.0,1,8,0.0,1,8,0.0,1,8,0.0,1,8,0.0,1,8,-0.0,1,8,-9900,?,9,-9900,?,9,22.59,E,8,20.21,E,8,86.0,E,8,964.3861999999999,E,8,999.0,E,8,2.28,E,8,-9900,?,9,-9900,?,9,0.0,E,8,-9900,?,9,-9900,?,9,0.0,0.0,E,8
01/08/2017,02:00,0.0,1413.914,0.0,1,8,0.0,1,8,0.0,1,8,0.0,1,8,0.0,1,8,0.0,1,8,-0.0,1,8,-9900,?,9,-9900,?,9,22.2,E,8,20.04,E,8,87.0,E,8,964.3861999999999,E,8,999.0,E,8,1.44,E,8,-9900,?,9,-9900,?,9,0.0,E,8,-9900,?,9,-9900,?,9,0.0,0.0,E,8
01/08/2017,03:00,0.0,1413.914,0.0,1,8,0.0,1,8,0.0,1,8,0.0,1,8,0.0,1,8,0.0,1,8,-0.0,1,8,-9900,?,9,-9900,?,9,21.8,E,8,19.86,E,8,88.0,E,8,964.3861999999999,E,8,999.0,E,8,1.29,E,8,-9900,?,9,-9900,?,9,0.0,E,8,-9900,?,9,-9900,?,9,0.0,0.0,E,8
01/08/2017,04:00,0.0,1413.85,0.0,1,8,0.0,1,8,0.0,1,8,0.0,1,8,0.0,1,8,0.0,1,8,-0.0,1,8,-9900,?,9,-9900,?,9,21.41,E,8,19.69,E,8,89.0,E,8,964.3861999999999,E,8,999.0,E,8,1.29,E,8,-9900,?,9,-9900,?,9,0.0,E,8,-9900,?,9,-9900,?,9,0.0,0.0,E,8
01/08/2017,05:00,0.0,1413.85,0.0,1,8,0.0,1,8,0.0,1,8,0.0,1,8,0.0,1,8,0.0,1,8,-0.0,1,8,-9900,?,9,-9900,?,9,21.07,E,8,19.54,E,8,90.0,E,8,964.3861999999999,E,8,999.0,E,8,1.29,E,8,-9900,?,9,-9900,?,9,0.0,E,8,-9900,?,9,-9900,?,9,0.0,0.0,E,8
01/08/2017,06:00,68.792,1413.85,0.0,1,8,0.0,1,8,0.0,1,8,0.0,1,8,0.0,1,8,0.0,1,8,0.0,1,8,-9900,?,9,-9900,?,9,20.81,E,8,19.42,E,8,91.0,E,8,964.3861999999999,E,8,999.0,E,8,1.29,E,8,-9900,?,9,-9900,?,9,0.0,E,8,-9900,?,9,-9900,?,9,0.0,0.0,E,8
01/08/2017,07:00,382.236,1413.85,43.72,1,8,0.0,1,8,43.72,1,8,5246.4,1,8,0.0,1,8,4809.2,1,8,51.664,1,8,-9900,?,9,-9900,?,9,20.55,E,8,19.3,E,8,92.0,E,8,964.3861999999999,E,8,999.0,E,8,1.29,E,8,-9900,?,9,-9900,?,9,0.0,E,8,-9900,?,9,-9900,?,9,0.0,0.0,E,8
01/08/2017,08:00,686.984,1413.85,185.85,1,8,17.557,1,8,177.327,1,8,22302.0,1,8,1667.912,1,8,19505.994,1,8,116.277,1,8,-9900,?,9,-9900,?,9,22.66,E,8,20.24,E,8,86.0,E,8,964.3861999999999,E,8,999.0,E,8,1.66,E,8,-9900,?,9,-9900,?,9,0.0,E,8,-9900,?,9,-9900,?,9,0.0,0.0,E,8
01/08/2017,09:00,958.635,1413.85,333.13,1,8,41.692,1,8,304.871,1,8,39975.6,1,8,3960.732,1,8,33535.843,1,8,143.175,1,8,-9900,?,9,-9900,?,9,23.99,E,8,20.8,E,8,82.0,E,8,964.3861999999999,E,8,999.0,E,8,2.23,E,8,-9900,?,9,-9900,?,9,0.0,E,8,-9900,?,9,-9900,?,9,0.0,0.0,E,8
01/08/2017,10:00,1178.377,1413.85,461.79,1,8,55.14,1,8,415.839,1,8,55414.8,1,8,5238.303,1,8,45742.328,1,8,158.837,1,8,-9900,?,9,-9900,?,9,25.25,E,8,21.32,E,8,78.0,E,8,964.3861999999999,E,8,999.0,E,8,1.43,E,8,-9900,?,9,-9900,?,9,0.0,E,8,-9900,?,9,-9900,?,9,0.0,0.0,E,8
01/08/2017,11:00,1331.154,1413.85,560.19,1,8,53.502,1,8,509.819,1,8,67222.8,1,8,5082.672,1,8,56080.135,1,8,172.368,1,8,-9900,?,9,-9900,?,9,26.36,E,8,21.76,E,8,75.0,E,8,964.3861999999999,E,8,999.0,E,8,1.55,E,8,-9900,?,9,-9900,?,9,0.0,E,8,-9900,?,9,-9900,?,9,0.0,0.0,E,8
01/08/2017,12:00,1406.524,1413.85,620.68,1,8,61.568,1,8,559.431,1,8,74481.6,1,8,5849.004,1,8,61537.383,1,8,179.0,1,8,-9900,?,9,-9900,?,9,27.29,E,8,22.12,E,8,73.0,E,8,964.3861999999999,E,8,999.0,E,8,1.78,E,8,-9900,?,9,-9900,?,9,0.0,E,8,-9900,?,9,-9900,?,9,0.0,0.0,E,8
01/08/2017,13:00,1399.332,1413.85,638.79,1,8,70.939,1,8,568.58,1,8,76654.8,1,8,6739.237,1,8,62543.745,1,8,182.863,1,8,-9900,?,9,-9900,?,9,28.0,E,8,22.39,E,8,71.0,E,8,964.3861999999999,E,8,999.0,E,8,1.65,E,8,-9900,?,9,-9900,?,9,0.0,E,8,-9900,?,9,-9900,?,9,0.0,0.0,E,8
01/08/2017,14:00,1310.061,1413.85,613.18,1,8,83.324,1,8,535.977,1,8,73581.6,1,8,7915.741,1,8,58957.451,1,8,184.132,1,8,-9900,?,9,-9900,?,9,28.48,E,8,22.58,E,8,70.0,E,8,964.3861999999999,E,8,999.0,E,8,1.77,E,8,-9900,?,9,-9900,?,9,0.0,E,8,-9900,?,9,-9900,?,9,0.0,0.0,E,8
01/08/2017,15:00,1144.792,1413.85,545.71,1,8,122.828,1,8,446.272,1,8,65485.2,1,8,11668.619,1,8,49089.922,1,8,175.466,1,8,-9900,?,9,-9900,?,9,28.71,E,8,22.66,E,8,69.0,E,8,964.3861999999999,E,8,999.0,E,8,2.81,E,8,-9900,?,9,-9900,?,9,0.0,E,8,-9900,?,9,-9900,?,9,0.0,0.0,E,8
01/08/2017,16:00,914.808,1413.85,441.42,1,8,127.007,1,8,359.275,1,8,52970.4,1,8,12065.705,1,8,39520.296,1,8,176.819,1,8,-9900,?,9,-9900,?,9,28.7,E,8,22.66,E,8,69.0,E,8,964.3861999999999,E,8,999.0,E,8,1.48,E,8,-9900,?,9,-9900,?,9,0.0,E,8,-9900,?,9,-9900,?,9,0.0,0.0,E,8
01/08/2017,17:00,635.861,1413.85,308.51,1,8,223.722,1,8,208.01,1,8,37021.2,1,8,21253.553,1,8,22881.093,1,8,147.393,1,8,-9900,?,9,-9900,?,9,28.31,E,8,22.51,E,8,70.0,E,8,964.3861999999999,E,8,999.0,E,8,1.9,E,8,-9900,?,9,-9900,?,9,0.0,E,8,-9900,?,9,-9900,?,9,0.0,0.0,E,8
01/08/2017,18:00,327.359,1413.85,159.65,1,8,383.615,1,8,71.275,1,8,19158.0,1,8,36443.414,1,8,7840.278,1,8,98.482,1,8,-9900,?,9,-9900,?,9,27.6,E,8,22.24,E,8,72.0,E,8,964.3861999999999,E,8,999.0,E,8,1.29,E,8,-9900,?,9,-9900,?,9,0.0,E,8,-9900,?,9,-9900,?,9,0.0,0.0,E,8
01/08/2017,19:00,18.138,1413.85,24.59,1,8,0.0,1,8,24.59,1,8,2950.8,1,8,0.0,1,8,2704.9,1,8,1524.131,1,8,-9900,?,9,-9900,?,9,26.68,E,8,21.89,E,8,75.0,E,8,964.3861999999999,E,8,999.0,E,8,1.29,E,8,-9900,?,9,-9900,?,9,0.0,E,8,-9900,?,9,-9900,?,9,0.0,0.0,E,8
01/08/2017,20:00,0.0,1413.85,0.0,1,8,0.0,1,8,0.0,1,8,0.0,1,8,0.0,1,8,0.0,1,8,-0.0,1,8,-9900,?,9,-9900,?,9,25.87,E,8,21.57,E,8,77.0,E,8,964.3861999999999,E,8,999.0,E,8,1.29,E,8,-9900,?,9,-9900,?,9,0.0,E,8,-9900,?,9,-9900,?,9,0.0,0.0,E,8
01/08/2017,21:00,0.0,1413.85,0.0,1,8,0.0,1,8,0.0,1,8,0.0,1,8,0.0,1,8,0.0,1,8,-0.0,1,8,-9900,?,9,-9900,?,9,25.05,E,8,21.24,E,8,79.0,E,8,964.3861999999999,E,8,999.0,E,8,1.29,E,8,-9900,?,9,-9900,?,9,0.0,E,8,-9900,?,9,-9900,?,9,0.0,0.0,E,8
01/08/2017,22:00,0.0,1413.85,0.0,1,8,0.0,1,8,0.0,1,8,0.0,1,8,0.0,1,8,0.0,1,8,-0.0,1,8,-9900,?,9,-9900,?,9,24.23,E,8,20.9,E,8,81.0,E,8,964.3861999999999,E,8,999.0,E,8,1.29,E,8,-9900,?,9,-9900,?,9,0.0,E,8,-9900,?,9,-9900,?,9,0.0,0.0,E,8
01/08/2017,23:00,0.0,1413.85,0.0,1,8,0.0,1,8,0.0,1,8,0.0,1,8,0.0,1,8,0.0,1,8,-0.0,1,8,-9900,?,9,-9900,?,9,23.42,E,8,20.56,E,8,83.0,E,8,964.3861999999999,E,8,999.0,E,8,1.29,E,8,-9900,?,9,-9900,?,9,0.0,E,8,-9900,?,9,-9900,?,9,0.0,0.0,E,8
01/08/2017,24:00,0.0,1413.85,0.0,1,8,0.0,1,8,0.0,1,8,0.0,1,8,0.0,1,8,0.0,1,8,-0.0,1,8,-9900,?,9,-9900,?,9,22.6,E,8,19.74,E,8,83.0,E,8,964.3861999999999,E,8,999.0,E,8,0.31,E,8,-9900,?,9,-9900,?,9,0.0,E,8,-9900,?,9,-9900,?,9,0.0,0.0,E,8
01/09/2017,01:00,0.0,1413.85,0.0,1,8,0.0,1,8,0.0,1,8,0.0,1,8,0.0,1,8,0.0,1,8,-0.0,1,8,-9900,?,9,-9900,?,9,22.2,E,8,19.59,E,8,85.0,E,8,964.3861999999999,E,8,999.0,E,8,0.29,E,8,-9900,?,9,-9900,?,9,0.0,E,8,-9900,?,9,-9900,?,9,0.0,0.0,E,8
01/09/2017,02:00,0.0,1413.85,0.0,1,8,0.0,1,8,0.0,1,8,0.0,1,8,0.0,1,8,0.0,1,8,-0.0,1,8,-9900,?,9,-9900,?,9,21.79,E,8,19.45,E,8,86.0,E,8,964.3861999999999,E,8,999.0,E,8,0.31,E,8,-9900,?,9,-9900,?,9,0.0,E,8,-9900,?,9,-9900,?,9,0.0,0.0,E,8
01/09/2017,03:00,0.0,1413.85,0.0,1,8,0.0,1,8,0.0,1,8,0.0,1,8,0.0,1,8,0.0,1,8,-0.0,1,8,-9900,?,9,-9900,?,9,21.38,E,8,19.3,E,8,87.0,E,8,964.3861999999999,E,8,999.0,E,8,0.27,E,8,-9900,?,9,-9900,?,9,0.0,E,8,-9900,?,9,-9900,?,9,0.0,0.0,E,8
01/09/2017,04:00,0.0,1413.771,0.0,1,8,0.0,1,8,0.0,1,8,0.0,1,8,0.0,1,8,0.0,1,8,-0.0,1,8,-9900,?,9,-9900,?,9,20.97,E,8,19.15,E,8,89.0,E,8,964.3861999999999,E,8,999.0,E,8,0.27,E,8,-9900,?,9,-9900,?,9,0.0,E,8,-9900,?,9,-9900,?,9,0.0,0.0,E,8
01/09/2017,05:00,0.0,1413.771,0.0,1,8,0.0,1,8,0.0,1,8,0.0,1,8,0.0,1,8,0.0,1,8,-0.0,1,8,-9900,?,9,-9900,?,9,20.61,E,8,19.01,E,8,90.0,E,8,964.3861999999999,E,8,999.0,E,8,0.42,E,8,-9900,?,9,-9900,?,9,0.0,E,8,-9900,?,9,-9900,?,9,0.0,0.0,E,8
01/09/2017,06:00,65.492,1413.771,0.0,1,8,0.0,1,8,0.0,1,8,0.0,1,8,0.0,1,8,0.0,1,8,0.0,1,8,-9900,?,9,-9900,?,9,20.34,E,8,18.91,E,8,91.0,E,8,964.3861999999999,E,8,999.0,E,8,0.35,E,8,-9900,?,9,-9900,?,9,0.0,E,8,-9900,?,9,-9900,?,9,0.0,0.0,E,8
01/09/2017,07:00,379.067,1413.771,48.62,1,8,0.0,1,8,48.62,1,8,5834.4,1,8,0.0,1,8,5348.2,1,8,57.935,1,8,-9900,?,9,-9900,?,9,20.07,E,8,18.81,E,8,92.0,E,8,964.3861999999999,E,8,999.0,E,8,0.48,E,8,-9900,?,9,-9900,?,9,0.0,E,8,-9900,?,9,-9900,?,9,0.0,0.0,E,8
01/09/2017,08:00,684.253,1413.771,211.16,1,8,39.8,1,8,191.916,1,8,25339.2,1,8,3780.955,1,8,21110.735,1,8,126.339,1,8,-9900,?,9,-9900,?,9,22.41,E,8,19.67,E,8,84.0,E,8,964.3861999999999,E,8,999.0,E,8,0.8,E,8,-9900,?,9,-9900,?,9,0.0,E,8,-9900,?,9,-9900,?,9,0.0,0.0,E,8
01/09/2017,09:00,956.458,1413.771,380.05,1,8,70.249,1,8,332.541,1,8,45606.0,1,8,6673.622,1,8,36579.537,1,8,156.516,1,8,-9900,?,9,-9900,?,9,23.92,E,8,20.2,E,8,79.0,E,8,964.3861999999999,E,8,999.0,E,8,1.2,E,8,-9900,?,9,-9900,?,9,0.0,E,8,-9900,?,9,-9900,?,9,0.0,0.0,E,8
01/09/2017,10:00,1176.822,1413.771,527.73,1,8,93.813,1,8,449.651,1,8,63327.6,1,8,8912.189,1,8,49461.576,1,8,171.969,1,8,-9900,?,9,-9900,?,9,25.34,E,8,20.68,E,8,75.0,E,8,964.3861999999999,E,8,999.0,E,8,1.46,E,8,-9900,?,9,-9900,?,9,0.0,E,8,-9900,?,9,-9900,?,9,0.0,0.0,E,8
01/09/2017,11:00,1330.249,1413.771,640.81,1,8,92.343,1,8,553.926,1,8,76897.2,1,8,8772.543,1,8,60931.873,1,8,187.398,1,8,-9900,?,9,-9900,?,9,26.59,E,8,21.1,E,8,71.0,E,8,964.3861999999999,E,8,999.0,E,8,1.31,E,8,-9900,?,9,-9900,?,9,0.0,E,8,-9900,?,9,-9900,?,9,0.0,0.0,E,8
01/09/2017,12:00,1406.25,1413.771,710.48,1,8,106.636,1,8,604.412,1,8,85257.6,1,8,10130.39,1,8,66485.315,1,8,193.42,1,8,-9900,?,9,-9900,?,9,27.64,E,8,21.44,E,8,68.0,E,8,964.3861999999999,E,8,999.0,E,8,1.53,E,8,-9900,?,9,-9900,?,9,0.0,E,8,-9900,?,9,-9900,?,9,0.0,0.0,E,8
01/09/2017,13:00,1399.627,1413.771,731.57,1,8,122.842,1,8,609.957,1,8,87788.4,1,8,11670.021,1,8,67095.307,1,8,196.119,1,8,-9900,?,9,-9900,?,9,28.44,E,8,21.69,E,8,66.0,E,8,964.3861999999999,E,8,999.0,E,8,1.84,E,8,-9900,?,9,-9900,?,9,0.0,E,8,-9900,?,9,-9900,?,9,0.0,0.0,E,8
01/09/2017,14:00,1310.823,1413.771,702.56,1,8,143.499,1,8,569.517,1,8,84307.2,1,8,13632.368,1,8,62646.874,1,8,195.53,1,8,-9900,?,9,-9900,?,9,28.98,E,8,21.87,E,8,65.0,E,8,964.3861999999999,E,8,999.0,E,8,2.68,E,8,-9900,?,9,-9900,?,9,0.0,E,8,-9900,?,9,-9900,?,9,0.0,0.0,E,8
01/09/2017,15:00,1145.888,1413.771,625.54,1,8,209.006,1,8,456.163,1,8,75064.8,1,8,19855.547,1,8,50177.914,1,8,179.173,1,8,-9900,?,9,-9900,?,9,29.24,E,8,21.95,E,8,64.0,E,8,964.3861999999999,E,8,999.0,E,8,2.59,E,8,-9900,?,9,-9900,?,9,0.0,E,8,-9900,?,9,-9900,?,9,0.0,0.0,E,8
01/09/2017,16:00,916.081,1413.771,506.24,1,8,348.862,1,8,280.28,1,8,60748.8,1,8,33141.85,1,8,30830.794,1,8,137.741,1,8,-9900,?,9,-9900,?,9,29.24,E,8,21.95,E,8,64.0,E,8,964.3861999999999,E,8,999.0,E,8,2.45,E,8,-9900,?,9,-9900,?,9,0.0,E,8,-9900,?,9,-9900,?,9,0.0,0.0,E,8
01/09/2017,17:00,637.14,1413.771,354.07,1,8,412.711,1,8,168.288,1,8,42488.4,1,8,39207.538,1,8,18511.66,1,8,118.999,1,8,-9900,?,9,-9900,?,9,28.81,E,8,21.81,E,8,65.0,E,8,964.3861999999999,E,8,999.0,E,8,2.8,E,8,-9900,?,9,-9900,?,9,0.0,E,8,-9900,?,9,-9900,?,9,0.0,0.0,E,8
01/09/2017,18:00,328.473,1413.771,183.5,1,8,464.791,1,8,76.05,1,8,22020.0,1,8,44155.141,1,8,8365.532,1,8,104.714,1,8,-9900,?,9,-9900,?,9,28.01,E,8,21.56,E,8,68.0,E,8,964.3861999999999,E,8,999.0,E,8,2.23,E,8,-9900,?,9,-9900,?,9,0.0,E,8,-9900,?,9,-9900,?,9,0.0,0.0,E,8
01/09/2017,19:00,18.833,1413.771,28.5,1,8,0.0,1,8,28.5,1,8,3420.0,1,8,0.0,1,8,3135.0,1,8,1591.185,1,8,-9900,?,9,-9900,?,9,26.98,E,8,21.23,E,8,70.0,E,8,964.3861999999999,E,8,999.0,E,8,1.46,E,8,-9900,?,9,-9900,?,9,0.0,E,8,-9900,?,9,-9900,?,9,0.0,0.0,E,8
01/09/2017,20:00,0.0,1413.771,0.0,1,8,0.0,1,8,0.0,1,8,0.0,1,8,0.0,1,8,0.0,1,8,-0.0,1,8,-9900,?,9,-9900,?,9,25.97,E,8,20.89,E,8,73.0,E,8,964.3861999999999,E,8,999.0,E,8,1.01,E,8,-9900,?,9,-9900,?,9,0.0,E,8,-9900,?,9,-9900,?,9,0.0,0.0,E,8
01/09/2017,21:00,0.0,1413.771,0.0,1,8,0.0,1,8,0.0,1,8,0.0,1,8,0.0,1,8,0.0,1,8,-0.0,1,8,-9900,?,9,-9900,?,9,24.96,E,8,20.55,E,8,76.0,E,8,964.3861999999999,E,8,999.0,E,8,0.62,E,8,-9900,?,9,-9900,?,9,0.0,E,8,-9900,?,9,-9900,?,9,0.0,0.0,E,8
01/09/2017,22:00,0.0,1413.771,0.0,1,8,0.0,1,8,0.0,1,8,0.0,1,8,0.0,1,8,0.0,1,8,-0.0,1,8,-9900,?,9,-9900,?,9,23.95,E,8,20.21,E,8,79.0,E,8,964.3861999999999,E,8,999.0,E,8,0.53,E,8,-9900,?,9,-9900,?,9,0.0,E,8,-9900,?,9,-9900,?,9,0.0,0.0,E,8
01/09/2017,23:00,0.0,1413.771,0.0,1,8,0.0,1,8,0.0,1,8,0.0,1,8,0.0,1,8,0.0,1,8,-0.0,1,8,-9900,?,9,-9900,?,9,22.94,E,8,19.86,E,8,82.0,E,8,964.3861999999999,E,8,999.0,E,8,0.45,E,8,-9900,?,9,-9900,?,9,0.0,E,8,-9900,?,9,-9900,?,9,0.0,0.0,E,8
01/09/2017,24:00,0.0,1413.771,0.0,1,8,0.0,1,8,0.0,1,8,0.0,1,8,0.0,1,8,0.0,1,8,-0.0,1,8,-9900,?,9,-9900,?,9,21.93,E,8,19.17,E,8,84.0,E,8,964.3861999999999,E,8,999.0,E,8,2.34,E,8,-9900,?,9,-9900,?,9,0.0,E,8,-9900,?,9,-9900,?,9,0.0,0.0,E,8
01/10/2017,01:00,0.0,1413.771,0.0,1,8,0.0,1,8,0.0,1,8,0.0,1,8,0.0,1,8,0.0,1,8,-0.0,1,8,-9900,?,9,-9900,?,9,21.42,E,8,18.96,E,8,85.0,E,8,964.3861999999999,E,8,999.0,E,8,1.37,E,8,-9900,?,9,-9900,?,9,0.0,E,8,-9900,?,9,-9900,?,9,0.0,0.0,E,8
01/10/2017,02:00,0.0,1413.771,0.0,1,8,0.0,1,8,0.0,1,8,0.0,1,8,0.0,1,8,0.0,1,8,-0.0,1,8,-9900,?,9,-9900,?,9,20.92,E,8,18.75,E,8,87.0,E,8,964.3861999999999,E,8,999.0,E,8,2.21,E,8,-9900,?,9,-9900,?,9,0.0,E,8,-9900,?,9,-9900,?,9,0.0,0.0,E,8
01/10/2017,03:00,0.0,1413.771,0.0,1,8,0.0,1,8,0.0,1,8,0.0,1,8,0.0,1,8,0.0,1,8,-0.0,1,8,-9900,?,9,-9900,?,9,20.41,E,8,18.53,E,8,88.0,E,8,964.3861999999999,E,8,999.0,E,8,2.49,E,8,-9900,?,9,-9900,?,9,0.0,E,8,-9900,?,9,-9900,?,9,0.0,0.0,E,8
01/10/2017,04:00,0.0,1413.677,0.0,1,8,0.0,1,8,0.0,1,8,0.0,1,8,0.0,1,8,0.0,1,8,-0.0,1,8,-9900,?,9,-9900,?,9,19.91,E,8,18.31,E,8,90.0,E,8,964.3861999999999,E,8,999.0,E,8,1.18,E,8,-9900,?,9,-9900,?,9,0.0,E,8,-9900,?,9,-9900,?,9,0.0,0.0,E,8
01/10/2017,05:00,0.0,1413.677,0.0,1,8,0.0,1,8,0.0,1,8,0.0,1,8,0.0,1,8,0.0,1,8,-0.0,1,8,-9900,?,9,-9900,?,9,19.46,E,8,18.12,E,8,91.0,E,8,964.3861999999999,E,8,999.0,E,8,1.26,E,8,-9900,?,9,-9900,?,9,0.0,E,8,-9900,?,9,-9900,?,9,0.0,0.0,E,8
01/10/2017,06:00,62.182,1413.677,0.0,1,8,0.0,1,8,0.0,1,8,0.0,1,8,0.0,1,8,0.0,1,8,0.0,1,8,-9900,?,9,-9900,?,9,19.12,E,8,17.97,E,8,93.0,E,8,964.3861999999999,E,8,999.0,E,8,1.11,E,8,-9900,?,9,-9900,?,9,0.0,E,8,-9900,?,9,-9900,?,9,0.0,0.0,E,8
01/10/2017,07:00,375.886,1413.677,54.14,1,8,0.0,1,8,54.14,1,8,6496.8,1,8,0.0,1,8,5955.4,1,8,65.058,1,8,-9900,?,9,-9900,?,9,18.79,E,8,17.82,E,8,94.0,E,8,964.3861999999999,E,8,999.0,E,8,1.11,E,8,-9900,?,9,-9900,?,9,0.0,E,8,-9900,?,9,-9900,?,9,0.0,0.0,E,8
01/10/2017,08:00,681.517,1413.677,207.0,1,8,36.513,1,8,189.414,1,8,24840.0,1,8,3468.746,1,8,20835.591,1,8,125.186,1,8,-9900,?,9,-9900,?,9,21.86,E,8,19.14,E,8,84.0,E,8,964.3861999999999,E,8,999.0,E,8,2.16,E,8,-9900,?,9,-9900,?,9,0.0,E,8,-9900,?,9,-9900,?,9,0.0,0.0,E,8
01/10/2017,09:00,954.276,1413.677,294.84,1,8,16.593,1,8,283.643,1,8,35380.8,1,8,1576.336,1,8,31200.744,1,8,133.798,1,8,-9900,?,9,-9900,?,9,23.15,E,8,19.66,E,8,80.0,E,8,964.3861999999999,E,8,999.0,E,8,3.2,E,8,-9900,?,9,-9900,?,9,0.0,E,8,-9900,?,9,-9900,?,9,0.0,0.0,E,8
01/10/2017,10:00,1175.262,1413.677,410.12,1,8,35.252,1,8,380.817,1,8,49214.4,1,8,3348.979,1,8,41889.839,1,8,145.827,1,8,-9900,?,9,-9900,?,9,24.47,E,8,20.18,E,8,82.0,E,8,964.3861999999999,E,8,999.0,E,8,2.09,E,8,-9900,?,9,-9900,?,9,0.001,E,8,-9900,?,9,-9900,?,9,0.01,99.0,E,8
01/10/2017,11:00,1329.332,1413.677,498.48,1,8,58.197,1,8,443.757,1,8,59817.6,1,8,5528.743,1,8,48813.275,1,8,150.22,1,8,-9900,?,9,-9900,?,9,25.68,E,8,20.64,E,8,73.0,E,8,964.3861999999999,E,8,999.0,E,8,2.74,E,8,-9900,?,9,-9900,?,9,0.0,E,8,-9900,?,9,-9900,?,9,0.0,0.0,E,8
01/10/2017,12:00,1405.955,1413.677,553.04,1,8,65.435,1,8,487.963,1,8,66364.8,1,8,6216.322,1,8,53675.893,1,8,156.177,1,8,-9900,?,9,-9900,?,9,26.69,E,8,21.02,E,8,71.0,E,8,964.3861999999999,E,8,999.0,E,8,2.26,E,8,-9900,?,9,-9900,?,9,0.0,E,8,-9900,?,9,-9900,?,9,0.0,0.0,E,8
01/10/2017,13:00,1399.889,1413.677,569.75,1,8,84.779,1,8,485.798,1,8,68370.0,1,8,8054.04,1,8,53437.777,1,8,156.158,1,8,-9900,?,9,-9900,?,9,27.48,E,8,21.31,E,8,69.0,E,8,964.3861999999999,E,8,999.0,E,8,2.12,E,8,-9900,?,9,-9900,?,9,0.0,E,8,-9900,?,9,-9900,?,9,0.0,0.0,E,8
01/10/2017,14:00,1311.538,1413.677,547.4,1,8,99.162,1,8,455.407,1,8,65688.0,1,8,9420.37,1,8,50094.778,1,8,156.257,1,8,-9900,?,9,-9900,?,9,28.0,E,8,21.5,E,8,72.0,E,8,964.3861999999999,E,8,999.0,E,8,2.51,E,8,-9900,?,9,-9900,?,9,0.002,E,8,-9900,?,9,-9900,?,9,0.02,99.0,E,8
01/10/2017,15:00,1146.921,1413.677,487.59,1,8,77.315,1,8,424.874,1,8,58510.8,1,8,7344.907,1,8,46736.115,1,8,166.722,1,8,-9900,?,9,-9900,?,9,28.25,E,8,21.59,E,8,67.0,E,8,964.3861999999999,E,8,999.0,E,8,3.8,E,8,-9900,?,9,-9900,?,9,0.0,E,8,-9900,?,9,-9900,?,9,0.0,0.0,E,8
01/10/2017,16:00,917.275,1413.677,394.79,1,8,80.441,1,8,342.616,1,8,47374.8,1,8,7641.922,1,8,37687.774,1,8,168.145,1,8,-9900,?,9,-9900,?,9,28.22,E,8,21.58,E,8,67.0,E,8,964.3861999999999,E,8,999.0,E,8,3.58,E,8,-9900,?,9,-9900,?,9,0.0,E,8,-9900,?,9,-9900,?,9,0.0,0.0,E,8
01/10/2017,17:00,638.327,1413.677,276.3,1,8,144.126,1,8,211.296,1,8,33156.0,1,8,13691.929,1,8,23242.581,1,8,149.123,1,8,-9900,?,9,-9900,?,9,27.76,E,8,21.41,E,8,68.0,E,8,964.3861999999999,E,8,999.0,E,8,3.49,E,8,-9900,?,9,-9900,?,9,0.0,E,8,-9900,?,9,-9900,?,9,0.0,0.0,E,8
01/10/2017,18:00,329.483,1413.677,143.38,1,8,260.978,1,8,82.856,1,8,17205.6,1,8,24792.913,1,8,9114.163,1,8,113.724,1,8,-9900,?,9,-9900,?,9,26.94,E,8,21.11,E,8,75.0,E,8,964.3861999999999,E,8,999.0,E,8,2.52,E,8,-9900,?,9,-9900,?,9,0.006,E,8,-9900,?,9,-9900,?,9,0.06,99.0,E,8
01/10/2017,19:00,19.431,1413.677,22.42,1,8,0.0,1,8,22.42,1,8,2690.4,1,8,0.0,1,8,2466.2,1,8,1153.54,1,8,-9900,?,9,-9900,?,9,25.87,E,8,20.72,E,8,73.0,E,8,964.3861999999999,E,8,999.0,E,8,1.43,E,8,-9900,?,9,-9900,?,9,0.0,E,8,-9900,?,9,-9900,?,9,0.0,0.0,E,8
01/10/2017,20:00,0.0,1413.677,0.0,1,8,0.0,1,8,0.0,1,8,0.0,1,8,0.0,1,8,0.0,1,8,-0.0,1,8,-9900,?,9,-9900,?,9,24.9,E,8,20.35,E,8,75.0,E,8,964.3861999999999,E,8,999.0,E,8,2.07,E,8,-9900,?,9,-9900,?,9,0.0,E,8,-9900,?,9,-9900,?,9,0.0,0.0,E,8
01/10/2017,21:00,0.0,1413.677,0.0,1,8,0.0,1,8,0.0,1,8,0.0,1,8,0.0,1,8,0.0,1,8,-0.0,1,8,-9900,?,9,-9900,?,9,23.93,E,8,19.97,E,8,78.0,E,8,964.3861999999999,E,8,999.0,E,8,1.57,E,8,-9900,?,9,-9900,?,9,0.0,E,8,-9900,?,9,-9900,?,9,0.0,0.0,E,8
01/10/2017,22:00,0.0,1413.677,0.0,1,8,0.0,1,8,0.0,1,8,0.0,1,8,0.0,1,8,0.0,1,8,-0.0,1,8,-9900,?,9,-9900,?,9,22.96,E,8,19.59,E,8,91.0,E,8,964.3861999999999,E,8,999.0,E,8,1.11,E,8,-9900,?,9,-9900,?,9,0.191,E,8,-9900,?,9,-9900,?,9,1.91,99.0,E,8
01/10/2017,23:00,0.0,1413.677,0.0,1,8,0.0,1,8,0.0,1,8,0.0,1,8,0.0,1,8,0.0,1,8,-0.0,1,8,-9900,?,9,-9900,?,9,21.99,E,8,19.19,E,8,84.0,E,8,964.3861999999999,E,8,999.0,E,8,1.11,E,8,-9900,?,9,-9900,?,9,0.0,E,8,-9900,?,9,-9900,?,9,0.0,0.0,E,8
01/10/2017,24:00,0.0,1413.677,0.0,1,8,0.0,1,8,0.0,1,8,0.0,1,8,0.0,1,8,0.0,1,8,-0.0,1,8,-9900,?,9,-9900,?,9,21.02,E,8,17.64,E,8,78.0,E,8,964.3861999999999,E,8,999.0,E,8,1.0,E,8,-9900,?,9,-9900,?,9,0.0,E,8,-9900,?,9,-9900,?,9,0.0,0.0,E,8
01/11/2017,01:00,0.0,1413.677,0.0,1,8,0.0,1,8,0.0,1,8,0.0,1,8,0.0,1,8,0.0,1,8,-0.0,1,8,-9900,?,9,-9900,?,9,20.54,E,8,17.46,E,8,83.0,E,8,964.3861999999999,E,8,999.0,E,8,1.0,E,8,-9900,?,9,-9900,?,9,0.006,E,8,-9900,?,9,-9900,?,9,0.06,99.0,E,8
01/11/2017,02:00,0.0,1413.677,0.0,1,8,0.0,1,8,0.0,1,8,0.0,1,8,0.0,1,8,0.0,1,8,-0.0,1,8,-9900,?,9,-9900,?,9,20.05,E,8,17.28,E,8,80.0,E,8,964.3861999999999,E,8,999.0,E,8,1.0,E,8,-9900,?,9,-9900,?,9,0.0,E,8,-9900,?,9,-9900,?,9,0.0,0.0,E,8
01/11/2017,03:00,0.0,1413.677,0.0,1,8,0.0,1,8,0.0,1,8,0.0,1,8,0.0,1,8,0.0,1,8,-0.0,1,8,-9900,?,9,-9900,?,9,19.57,E,8,17.11,E,8,86.0,E,8,964.3861999999999,E,8,999.0,E,8,1.0,E,8,-9900,?,9,-9900,?,9,0.001,E,8,-9900,?,9,-9900,?,9,0.01,99.0,E,8
01/11/2017,04:00,0.0,1413.568,0.0,1,8,0.0,1,8,0.0,1,8,0.0,1,8,0.0,1,8,0.0,1,8,-0.0,1,8,-9900,?,9,-9900,?,9,19.08,E,8,16.92,E,8,83.0,E,8,964.3861999999999,E,8,999.0,E,8,1.0,E,8,-9900,?,9,-9900,?,9,0.0,E,8,-9900,?,9,-9900,?,9,0.0,0.0,E,8
01/11/2017,05:00,0.0,1413.568,0.0,1,8,0.0,1,8,0.0,1,8,0.0,1,8,0.0,1,8,0.0,1,8,-0.0,1,8,-9900,?,9,-9900,?,9,18.65,E,8,16.76,E,8,84.0,E,8,964.3861999999999,E,8,999.0,E,8,1.0,E,8,-9900,?,9,-9900,?,9,0.0,E,8,-9900,?,9,-9900,?,9,0.0,0.0,E,8
01/11/2017,06:00,58.864,1413.568,0.0,1,8,0.0,1,8,0.0,1,8,0.0,1,8,0.0,1,8,0.0,1,8,0.0,1,8,-9900,?,9,-9900,?,9,18.33,E,8,16.64,E,8,85.0,E,8,964.3861999999999,E,8,999.0,E,8,1.0,E,8,-9900,?,9,-9900,?,9,0.0,E,8,-9900,?,9,-9900,?,9,0.0,0.0,E,8
01/11/2017,07:00,372.695,1413.568,45.64,1,8,0.0,1,8,45.64,1,8,5476.8,1,8,0.0,1,8,5020.4,1,8,55.313,1,8,-9900,?,9,-9900,?,9,18.01,E,8,16.52,E,8,90.0,E,8,964.3861999999999,E,8,999.0,E,8,1.0,E,8,-9900,?,9,-9900,?,9,0.002,E,8,-9900,?,9,-9900,?,9,0.02,99.0,E,8
01/11/2017,08:00,678.776,1413.568,207.21,1,8,37.606,1,8,189.17,1,8,24865.2,1,8,3572.523,1,8,20808.696,1,8,125.521,1,8,-9900,?,9,-9900,?,9,20.61,E,8,17.49,E,8,87.0,E,8,964.3861999999999,E,8,999.0,E,8,1.0,E,8,-9900,?,9,-9900,?,9,0.191,E,8,-9900,?,9,-9900,?,9,1.91,99.0,E,8
01/11/2017,09:00,952.092,1413.568,376.11,1,8,68.804,1,8,329.784,1,8,45133.2,1,8,6536.412,1,8,36276.244,1,8,155.909,1,8,-9900,?,9,-9900,?,9,22.32,E,8,18.1,E,8,74.0,E,8,964.3861999999999,E,8,999.0,E,8,1.0,E,8,-9900,?,9,-9900,?,9,0.0,E,8,-9900,?,9,-9900,?,9,0.0,0.0,E,8
01/11/2017,10:00,1173.697,1413.568,524.07,1,8,92.387,1,8,447.37,1,8,62888.4,1,8,8776.807,1,8,49210.717,1,8,171.528,1,8,-9900,?,9,-9900,?,9,23.93,E,8,18.65,E,8,70.0,E,8,964.3861999999999,E,8,999.0,E,8,1.0,E,8,-9900,?,9,-9900,?,9,0.0,E,8,-9900,?,9,-9900,?,9,0.0,0.0,E,8
01/11/2017,11:00,1328.405,1413.568,637.61,1,8,91.087,1,8,552.014,1,8,76513.2,1,8,8653.305,1,8,60721.504,1,8,186.983,1,8,-9900,?,9,-9900,?,9,25.36,E,8,19.13,E,8,67.0,E,8,964.3861999999999,E,8,999.0,E,8,1.0,E,8,-9900,?,9,-9900,?,9,0.0,E,8,-9900,?,9,-9900,?,9,0.0,0.0,E,8
01/11/2017,12:00,1405.639,1413.568,707.86,1,8,105.247,1,8,603.204,1,8,84943.2,1,8,9998.439,1,8,66352.437,1,8,193.09,1,8,-9900,?,9,-9900,?,9,26.56,E,8,19.52,E,8,64.0,E,8,964.3861999999999,E,8,999.0,E,8,1.0,E,8,-9900,?,9,-9900,?,9,0.0,E,8,-9900,?,9,-9900,?,9,0.0,0.0,E,8
01/11/2017,13:00,1400.117,1413.568,729.61,1,8,121.28,1,8,609.485,1,8,87553.2,1,8,11521.619,1,8,67043.298,1,8,195.87,1,8,-9900,?,9,-9900,?,9,27.48,E,8,19.81,E,8,62.0,E,8,964.3861999999999,E,8,999.0,E,8,1.0,E,8,-9900,?,9,-9900,?,9,0.0,E,8,-9900,?,9,-9900,?,9,0.0,0.0,E,8
01/11/2017,14:00,1312.205,1413.568,701.27,1,8,141.702,1,8,569.735,1,8,84152.4,1,8,13461.677,1,8,62670.897,1,8,195.371,1,8,-9900,?,9,-9900,?,9,28.1,E,8,20.01,E,8,61.0,E,8,964.3861999999999,E,8,999.0,E,8,1.0,E,8,-9900,?,9,-9900,?,9,0.0,E,8,-9900,?,9,-9900,?,9,0.0,0.0,E,8
01/11/2017,15:00,1147.891,1413.568,624.91,1,8,206.47,1,8,457.271,1,8,74989.2,1,8,19614.637,1,8,50299.835,1,8,179.269,1,8,-9900,?,9,-9900,?,9,28.4,E,8,20.1,E,8,60.0,E,8,964.3861999999999,E,8,999.0,E,8,1.0,E,8,-9900,?,9,-9900,?,9,0.0,E,8,-9900,?,9,-9900,?,9,0.0,0.0,E,8
01/11/2017,16:00,918.39,1413.568,506.19,1,8,314.827,1,8,301.73,1,8,60742.8,1,8,29908.612,1,8,33190.291,1,8,147.888,1,8,-9900,?,9,-9900,?,9,28.4,E,8,20.1,E,8,60.0,E,8,964.3861999999999,E,8,999.0,E,8,1.0,E,8,-9900,?,9,-9900,?,9,0.0,E,8,-9900,?,9,-9900,?,9,0.0,0.0,E,8
01/11/2017,17:00,639.421,1413.568,192.13,1,8,70.5,1,8,160.276,1,8,23055.6,1,8,6697.457,1,8,17630.367,1,8,112.912,1,8,-9900,?,9,-9900,?,9,27.4,E,8,19.79,E,8,62.0,E,8,964.3861999999999,E,8,999.0,E,8,1.0,E,8,-9900,?,9,-9900,?,9,0.0,E,8,-9900,?,9,-9900,?,9,0.0,0.0,E,8
01/11/2017,18:00,330.388,1413.568,184.17,1,8,405.197,1,8,89.932,1,8,22100.4,1,8,38493.727,1,8,9892.511,1,8,123.085,1,8,-9900,?,9,-9900,?,9,26.55,E,8,19.52,E,8,64.0,E,8,964.3861999999999,E,8,999.0,E,8,1.0,E,8,-9900,?,9,-9900,?,9,0.0,E,8,-9900,?,9,-9900,?,9,0.0,0.0,E,8
01/11/2017,19:00,19.928,1413.568,28.98,1,8,0.0,1,8,28.98,1,8,3477.6,1,8,0.0,1,8,3187.8,1,8,1399.61,1,8,-9900,?,9,-9900,?,9,25.41,E,8,19.15,E,8,67.0,E,8,964.3861999999999,E,8,999.0,E,8,1.0,E,8,-9900,?,9,-9900,?,9,0.0,E,8,-9900,?,9,-9900,?,9,0.0,0.0,E,8
01/11/2017,20:00,0.0,1413.568,0.0,1,8,0.0,1,8,0.0,1,8,0.0,1,8,0.0,1,8,0.0,1,8,-0.0,1,8,-9900,?,9,-9900,?,9,24.48,E,8,18.84,E,8,69.0,E,8,964.3861999999999,E,8,999.0,E,8,1.0,E,8,-9900,?,9,-9900,?,9,0.0,E,8,-9900,?,9,-9900,?,9,0.0,0.0,E,8
01/11/2017,21:00,0.0,1413.568,0.0,1,8,0.0,1,8,0.0,1,8,0.0,1,8,0.0,1,8,0.0,1,8,-0.0,1,8,-9900,?,9,-9900,?,9,23.56,E,8,18.53,E,8,71.0,E,8,964.3861999999999,E,8,999.0,E,8,1.0,E,8,-9900,?,9,-9900,?,9,0.0,E,8,-9900,?,9,-9900,?,9,0.0,0.0,E,8
01/11/2017,22:00,0.0,1413.568,0.0,1,8,0.0,1,8,0.0,1,8,0.0,1,8,0.0,1,8,0.0,1,8,-0.0,1,8,-9900,?,9,-9900,?,9,22.63,E,8,18.21,E,8,73.0,E,8,964.3861999999999,E,8,999.0,E,8,1.0,E,8,-9900,?,9,-9900,?,9,0.0,E,8,-9900,?,9,-9900,?,9,0.0,0.0,E,8
01/11/2017,23:00,0.0,1413.568,0.0,1,8,0.0,1,8,0.0,1,8,0.0,1,8,0.0,1,8,0.0,1,8,-0.0,1,8,-9900,?,9,-9900,?,9,21.7,E,8,17.88,E,8,76.0,E,8,964.3861999999999,E,8,999.0,E,8,1.0,E,8,-9900,?,9,-9900,?,9,0.0,E,8,-9900,?,9,-9900,?,9,0.0,0.0,E,8
01/11/2017,24:00,0.0,1413.568,0.0,1,8,0.0,1,8,0.0,1,8,0.0,1,8,0.0,1,8,0.0,1,8,-0.0,1,8,-9900,?,9,-9900,?,9,20.77,E,8,17.37,E,8,82.0,E,8,964.3861999999999,E,8,999.0,E,8,0.91,E,8,-9900,?,9,-9900,?,9,0.009,E,8,-9900,?,9,-9900,?,9,0.09,99.0,E,8
01/12/2017,01:00,0.0,1413.568,0.0,1,8,0.0,1,8,0.0,1,8,0.0,1,8,0.0,1,8,0.0,1,8,-0.0,1,8,-9900,?,9,-9900,?,9,20.3,E,8,17.21,E,8,83.0,E,8,964.3861999999999,E,8,999.0,E,8,0.91,E,8,-9900,?,9,-9900,?,9,0.023,E,8,-9900,?,9,-9900,?,9,0.23,99.0,E,8
01/12/2017,02:00,0.0,1413.568,0.0,1,8,0.0,1,8,0.0,1,8,0.0,1,8,0.0,1,8,0.0,1,8,-0.0,1,8,-9900,?,9,-9900,?,9,19.84,E,8,17.05,E,8,84.0,E,8,964.3861999999999,E,8,999.0,E,8,0.91,E,8,-9900,?,9,-9900,?,9,0.012,E,8,-9900,?,9,-9900,?,9,0.12,99.0,E,8
01/12/2017,03:00,0.0,1413.568,0.0,1,8,0.0,1,8,0.0,1,8,0.0,1,8,0.0,1,8,0.0,1,8,-0.0,1,8,-9900,?,9,-9900,?,9,19.37,E,8,16.88,E,8,86.0,E,8,964.3861999999999,E,8,999.0,E,8,0.91,E,8,-9900,?,9,-9900,?,9,0.039,E,8,-9900,?,9,-9900,?,9,0.39,99.0,E,8
01/12/2017,04:00,0.0,1413.445,0.0,1,8,0.0,1,8,0.0,1,8,0.0,1,8,0.0,1,8,0.0,1,8,-0.0,1,8,-9900,?,9,-9900,?,9,18.91,E,8,16.72,E,8,87.0,E,8,964.3861999999999,E,8,999.0,E,8,0.91,E,8,-9900,?,9,-9900,?,9,0.054000000000000006,E,8,-9900,?,9,-9900,?,9,0.54,99.0,E,8
01/12/2017,05:00,0.0,1413.445,0.0,1,8,0.0,1,8,0.0,1,8,0.0,1,8,0.0,1,8,0.0,1,8,-0.0,1,8,-9900,?,9,-9900,?,9,18.5,E,8,16.57,E,8,88.0,E,8,964.3861999999999,E,8,999.0,E,8,0.91,E,8,-9900,?,9,-9900,?,9,0.006,E,8,-9900,?,9,-9900,?,9,0.06,99.0,E,8
01/12/2017,06:00,55.542,1413.445,0.0,1,8,0.0,1,8,0.0,1,8,0.0,1,8,0.0,1,8,0.0,1,8,0.0,1,8,-9900,?,9,-9900,?,9,18.19,E,8,16.46,E,8,89.0,E,8,964.3861999999999,E,8,999.0,E,8,0.91,E,8,-9900,?,9,-9900,?,9,0.005,E,8,-9900,?,9,-9900,?,9,0.05,99.0,E,8
01/12/2017,07:00,369.496,1413.445,38.13,1,8,0.0,1,8,38.13,1,8,4575.6,1,8,0.0,1,8,4194.3,1,8,46.611,1,8,-9900,?,9,-9900,?,9,17.89,E,8,16.35,E,8,90.0,E,8,964.3861999999999,E,8,999.0,E,8,0.91,E,8,-9900,?,9,-9900,?,9,0.015,E,8,-9900,?,9,-9900,?,9,0.15,99.0,E,8
01/12/2017,08:00,676.032,1413.445,92.11,1,8,0.0,1,8,92.11,1,8,11053.2,1,8,0.0,1,8,10132.1,1,8,61.362,1,8,-9900,?,9,-9900,?,9,19.43,E,8,16.9,E,8,81.0,E,8,964.3861999999999,E,8,999.0,E,8,0.91,E,8,-9900,?,9,-9900,?,9,0.0,E,8,-9900,?,9,-9900,?,9,0.0,0.0,E,8
01/12/2017,09:00,949.906,1413.445,616.7,1,8,551.432,1,8,246.242,1,8,74004.0,1,8,52386.058,1,8,27086.615,1,8,116.672,1,8,-9900,?,9,-9900,?,9,23.78,E,8,18.38,E,8,70.0,E,8,964.3861999999999,E,8,999.0,E,8,0.91,E,8,-9900,?,9,-9900,?,9,0.0,E,8,-9900,?,9,-9900,?,9,0.0,0.0,E,8
01/12/2017,10:00,1172.126,1413.445,859.5,1,8,732.759,1,8,251.927,1,8,103140.0,1,8,69612.062,1,8,27711.972,1,8,96.714,1,8,-9900,?,9,-9900,?,9,27.39,E,8,19.52,E,8,61.0,E,8,964.3861999999999,E,8,999.0,E,8,0.91,E,8,-9900,?,9,-9900,?,9,0.0,E,8,-9900,?,9,-9900,?,9,0.0,0.0,E,8
01/12/2017,11:00,1327.465,1413.445,563.06,1,8,128.967,1,8,441.943,1,8,67567.2,1,8,12251.821,1,8,48613.757,1,8,149.792,1,8,-9900,?,9,-9900,?,9,28.16,E,8,19.75,E,8,60.0,E,8,964.3861999999999,E,8,999.0,E,8,0.91,E,8,-9900,?,9,-9900,?,9,0.0,E,8,-9900,?,9,-9900,?,9,0.0,0.0,E,8
01/12/2017,12:00,1405.301,1413.445,507.11,1,8,39.887,1,8,467.453,1,8,60853.2,1,8,3789.244,1,8,51419.848,1,8,149.658,1,8,-9900,?,9,-9900,?,9,28.45,E,8,19.84,E,8,59.0,E,8,964.3861999999999,E,8,999.0,E,8,0.91,E,8,-9900,?,9,-9900,?,9,0.0,E,8,-9900,?,9,-9900,?,9,0.0,0.0,E,8
01/12/2017,13:00,1400.31,1413.445,181.89,1,8,7.263,1,8,174.695,1,8,21826.8,1,8,689.952,1,8,19216.437,1,8,56.129,1,8,-9900,?,9,-9900,?,9,26.93,E,8,19.38,E,8,67.0,E,8,964.3861999999999,E,8,999.0,E,8,0.91,E,8,-9900,?,9,-9900,?,9,0.004,E,8,-9900,?,9,-9900,?,9,0.04,99.0,E,8
01/12/2017,14:00,1312.821,1413.445,604.94,1,8,181.898,1,8,435.999,1,8,72592.8,1,8,17280.305,1,8,47959.927,1,8,149.427,1,8,-9900,?,9,-9900,?,9,27.92,E,8,19.68,E,8,65.0,E,8,964.3861999999999,E,8,999.0,E,8,0.91,E,8,-9900,?,9,-9900,?,9,0.002,E,8,-9900,?,9,-9900,?,9,0.02,99.0,E,8
01/12/2017,15:00,1148.794,1413.445,539.27,1,8,115.099,1,8,445.736,1,8,64712.4,1,8,10934.392,1,8,49030.978,1,8,174.594,1,8,-9900,?,9,-9900,?,9,28.39,E,8,19.82,E,8,64.0,E,8,964.3861999999999,E,8,999.0,E,8,1.1,E,8,-9900,?,9,-9900,?,9,0.001,E,8,-9900,?,9,-9900,?,9,0.01,99.0,E,8
01/12/2017,16:00,919.424,1413.445,437.0,1,8,119.213,1,8,359.485,1,8,52440.0,1,8,11325.261,1,8,39543.311,1,8,175.982,1,8,-9900,?,9,-9900,?,9,28.36,E,8,19.81,E,8,64.0,E,8,964.3861999999999,E,8,999.0,E,8,1.73,E,8,-9900,?,9,-9900,?,9,0.002,E,8,-9900,?,9,-9900,?,9,0.02,99.0,E,8
01/12/2017,17:00,640.419,1413.445,306.18,1,8,210.758,1,8,210.795,1,8,36741.6,1,8,20022.037,1,8,23187.474,1,8,148.257,1,8,-9900,?,9,-9900,?,9,27.86,E,8,19.66,E,8,65.0,E,8,964.3861999999999,E,8,999.0,E,8,1.78,E,8,-9900,?,9,-9900,?,9,0.028999999999999998,E,8,-9900,?,9,-9900,?,9,0.29,99.0,E,8
01/12/2017,18:00,331.186,1413.445,159.24,1,8,364.96,1,8,74.145,1,8,19108.8,1,8,34671.173,1,8,8155.997,1,8,101.223,1,8,-9900,?,9,-9900,?,9,26.94,E,8,19.38,E,8,67.0,E,8,964.3861999999999,E,8,999.0,E,8,1.25,E,8,-9900,?,9,-9900,?,9,0.018,E,8,-9900,?,9,-9900,?,9,0.18,99.0,E,8
01/12/2017,19:00,20.326,1413.445,25.18,1,8,0.0,1,8,25.18,1,8,3021.6,1,8,0.0,1,8,2769.8,1,8,1159.339,1,8,-9900,?,9,-9900,?,9,25.76,E,8,19.01,E,8,69.0,E,8,964.3861999999999,E,8,999.0,E,8,0.91,E,8,-9900,?,9,-9900,?,9,0.008,E,8,-9900,?,9,-9900,?,9,0.08,99.0,E,8
01/12/2017,20:00,0.0,1413.445,0.0,1,8,0.0,1,8,0.0,1,8,0.0,1,8,0.0,1,8,0.0,1,8,-0.0,1,8,-9900,?,9,-9900,?,9,24.87,E,8,18.73,E,8,71.0,E,8,964.3861999999999,E,8,999.0,E,8,0.91,E,8,-9900,?,9,-9900,?,9,0.001,E,8,-9900,?,9,-9900,?,9,0.01,99.0,E,8
01/12/2017,21:00,0.0,1413.445,0.0,1,8,0.0,1,8,0.0,1,8,0.0,1,8,0.0,1,8,0.0,1,8,-0.0,1,8,-9900,?,9,-9900,?,9,23.98,E,8,18.45,E,8,73.0,E,8,964.3861999999999,E,8,999.0,E,8,0.91,E,8,-9900,?,9,-9900,?,9,0.003,E,8,-9900,?,9,-9900,?,9,0.03,99.0,E,8
01/12/2017,22:00,0.0,1413.445,0.0,1,8,0.0,1,8,0.0,1,8,0.0,1,8,0.0,1,8,0.0,1,8,-0.0,1,8,-9900,?,9,-9900,?,9,23.09,E,8,18.15,E,8,76.0,E,8,964.3861999999999,E,8,999.0,E,8,0.91,E,8,-9900,?,9,-9900,?,9,0.089,E,8,-9900,?,9,-9900,?,9,0.89,99.0,E,8
01/12/2017,23:00,0.0,1413.445,0.0,1,8,0.0,1,8,0.0,1,8,0.0,1,8,0.0,1,8,0.0,1,8,-0.0,1,8,-9900,?,9,-9900,?,9,22.2,E,8,17.86,E,8,87.0,E,8,964.3861999999999,E,8,999.0,E,8,0.91,E,8,-9900,?,9,-9900,?,9,0.982,E,8,-9900,?,9,-9900,?,9,9.82,99.0,E,8
01/12/2017,24:00,0.0,1413.445,0.0,1,8,0.0,1,8,0.0,1,8,0.0,1,8,0.0,1,8,0.0,1,8,-0.0,1,8,-9900,?,9,-9900,?,9,21.31,E,8,17.82,E,8,80.0,E,8,964.3861999999999,E,8,999.0,E,8,1.0,E,8,-9900,?,9,-9900,?,9,0.0,E,8,-9900,?,9,-9900,?,9,0.0,0.0,E,8
01/13/2017,01:00,0.0,1413.445,0.0,1,8,0.0,1,8,0.0,1,8,0.0,1,8,0.0,1,8,0.0,1,8,-0.0,1,8,-9900,?,9,-9900,?,9,20.87,E,8,17.68,E,8,81.0,E,8,964.3861999999999,E,8,999.0,E,8,1.0,E,8,-9900,?,9,-9900,?,9,0.0,E,8,-9900,?,9,-9900,?,9,0.0,0.0,E,8
01/13/2017,02:00,0.0,1413.445,0.0,1,8,0.0,1,8,0.0,1,8,0.0,1,8,0.0,1,8,0.0,1,8,-0.0,1,8,-9900,?,9,-9900,?,9,20.42,E,8,17.53,E,8,83.0,E,8,964.3861999999999,E,8,999.0,E,8,1.0,E,8,-9900,?,9,-9900,?,9,0.0,E,8,-9900,?,9,-9900,?,9,0.0,0.0,E,8
01/13/2017,03:00,0.0,1413.445,0.0,1,8,0.0,1,8,0.0,1,8,0.0,1,8,0.0,1,8,0.0,1,8,-0.0,1,8,-9900,?,9,-9900,?,9,19.98,E,8,17.38,E,8,85.0,E,8,964.3861999999999,E,8,999.0,E,8,1.0,E,8,-9900,?,9,-9900,?,9,0.0,E,8,-9900,?,9,-9900,?,9,0.0,0.0,E,8
01/13/2017,04:00,0.0,1413.306,0.0,1,8,0.0,1,8,0.0,1,8,0.0,1,8,0.0,1,8,0.0,1,8,-0.0,1,8,-9900,?,9,-9900,?,9,19.53,E,8,17.23,E,8,86.0,E,8,964.3861999999999,E,8,999.0,E,8,1.0,E,8,-9900,?,9,-9900,?,9,0.0,E,8,-9900,?,9,-9900,?,9,0.0,0.0,E,8
01/13/2017,05:00,0.0,1413.306,0.0,1,8,0.0,1,8,0.0,1,8,0.0,1,8,0.0,1,8,0.0,1,8,-0.0,1,8,-9900,?,9,-9900,?,9,19.14,E,8,17.1,E,8,87.0,E,8,964.3861999999999,E,8,999.0,E,8,1.0,E,8,-9900,?,9,-9900,?,9,0.0,E,8,-9900,?,9,-9900,?,9,0.0,0.0,E,8
01/13/2017,06:00,52.22,1413.306,0.0,1,8,0.0,1,8,0.0,1,8,0.0,1,8,0.0,1,8,0.0,1,8,0.0,1,8,-9900,?,9,-9900,?,9,18.84,E,8,17.0,E,8,89.0,E,8,964.3861999999999,E,8,999.0,E,8,1.0,E,8,-9900,?,9,-9900,?,9,0.0,E,8,-9900,?,9,-9900,?,9,0.0,0.0,E,8
01/13/2017,07:00,366.291,1413.306,41.21,1,8,0.0,1,8,41.21,1,8,4945.2,1,8,0.0,1,8,4533.1,1,8,50.815,1,8,-9900,?,9,-9900,?,9,18.55,E,8,16.9,E,8,90.0,E,8,964.3861999999999,E,8,999.0,E,8,1.0,E,8,-9900,?,9,-9900,?,9,0.0,E,8,-9900,?,9,-9900,?,9,0.0,0.0,E,8
01/13/2017,08:00,673.286,1413.306,196.17,1,8,28.718,1,8,182.503,1,8,23540.4,1,8,2728.234,1,8,20075.276,1,8,122.064,1,8,-9900,?,9,-9900,?,9,20.95,E,8,17.71,E,8,81.0,E,8,964.3861999999999,E,8,999.0,E,8,1.0,E,8,-9900,?,9,-9900,?,9,0.0,E,8,-9900,?,9,-9900,?,9,0.0,0.0,E,8
01/13/2017,09:00,947.718,1413.306,359.17,1,8,60.347,1,8,318.718,1,8,43100.4,1,8,5732.977,1,8,35058.945,1,8,151.345,1,8,-9900,?,9,-9900,?,9,22.57,E,8,18.23,E,8,76.0,E,8,964.3861999999999,E,8,999.0,E,8,1.0,E,8,-9900,?,9,-9900,?,9,0.0,E,8,-9900,?,9,-9900,?,9,0.0,0.0,E,8
01/13/2017,10:00,1170.55,1413.306,502.22,1,8,78.791,1,8,436.971,1,8,60266.4,1,8,7485.159,1,8,48066.826,1,8,167.961,1,8,-9900,?,9,-9900,?,9,24.11,E,8,18.72,E,8,71.0,E,8,964.3861999999999,E,8,999.0,E,8,1.0,E,8,-9900,?,9,-9900,?,9,0.0,E,8,-9900,?,9,-9900,?,9,0.0,0.0,E,8
01/13/2017,11:00,1326.512,1413.306,612.22,1,8,77.785,1,8,539.215,1,8,73466.4,1,8,7389.559,1,8,59313.648,1,8,182.875,1,8,-9900,?,9,-9900,?,9,25.47,E,8,19.13,E,8,67.0,E,8,964.3861999999999,E,8,999.0,E,8,1.0,E,8,-9900,?,9,-9900,?,9,0.0,E,8,-9900,?,9,-9900,?,9,0.0,0.0,E,8
01/13/2017,12:00,1404.939,1413.306,680.55,1,8,89.888,1,8,591.194,1,8,81666.0,1,8,8539.375,1,8,65031.374,1,8,189.304,1,8,-9900,?,9,-9900,?,9,26.61,E,8,19.47,E,8,64.0,E,8,964.3861999999999,E,8,999.0,E,8,1.0,E,8,-9900,?,9,-9900,?,9,0.0,E,8,-9900,?,9,-9900,?,9,0.0,0.0,E,8
01/13/2017,13:00,1400.466,1413.306,702.13,1,8,103.668,1,8,599.404,1,8,84255.6,1,8,9848.452,1,8,65934.495,1,8,192.547,1,8,-9900,?,9,-9900,?,9,27.49,E,8,19.73,E,8,62.0,E,8,964.3861999999999,E,8,999.0,E,8,1.0,E,8,-9900,?,9,-9900,?,9,0.0,E,8,-9900,?,9,-9900,?,9,0.0,0.0,E,8
01/13/2017,14:00,1313.385,1413.306,675.41,1,8,121.417,1,8,562.582,1,8,81049.2,1,8,11534.651,1,8,61884.029,1,8,192.708,1,8,-9900,?,9,-9900,?,9,28.08,E,8,19.91,E,8,61.0,E,8,964.3861999999999,E,8,999.0,E,8,1.0,E,8,-9900,?,9,-9900,?,9,0.0,E,8,-9900,?,9,-9900,?,9,0.0,0.0,E,8
01/13/2017,15:00,1149.629,1413.306,602.31,1,8,177.67,1,8,457.809,1,8,72277.2,1,8,16878.614,1,8,50359.039,1,8,179.175,1,8,-9900,?,9,-9900,?,9,28.37,E,8,19.99,E,8,60.0,E,8,964.3861999999999,E,8,999.0,E,8,1.0,E,8,-9900,?,9,-9900,?,9,0.0,E,8,-9900,?,9,-9900,?,9,0.0,0.0,E,8
01/13/2017,16:00,920.375,1413.306,488.26,1,8,181.337,1,8,370.216,1,8,58591.2,1,8,17227.059,1,8,40723.794,1,8,181.03,1,8,-9900,?,9,-9900,?,9,28.38,E,8,19.99,E,8,60.0,E,8,964.3861999999999,E,8,999.0,E,8,1.0,E,8,-9900,?,9,-9900,?,9,0.0,E,8,-9900,?,9,-9900,?,9,0.0,0.0,E,8
01/13/2017,17:00,641.321,1413.306,342.26,1,8,357.894,1,8,180.04,1,8,41071.2,1,8,33999.931,1,8,19804.402,1,8,126.436,1,8,-9900,?,9,-9900,?,9,27.93,E,8,19.86,E,8,61.0,E,8,964.3861999999999,E,8,999.0,E,8,1.0,E,8,-9900,?,9,-9900,?,9,0.0,E,8,-9900,?,9,-9900,?,9,0.0,0.0,E,8
01/13/2017,18:00,331.876,1413.306,178.15,1,8,509.41,1,8,59.113,1,8,21378.0,1,8,48393.983,1,8,6502.45,1,8,80.523,1,8,-9900,?,9,-9900,?,9,27.09,E,8,19.62,E,8,63.0,E,8,964.3861999999999,E,8,999.0,E,8,1.0,E,8,-9900,?,9,-9900,?,9,0.0,E,8,-9900,?,9,-9900,?,9,0.0,0.0,E,8
01/13/2017,19:00,20.621,1413.306,28.27,1,8,0.0,1,8,28.27,1,8,3392.4,1,8,0.0,1,8,3109.7,1,8,1257.855,1,8,-9900,?,9,-9900,?,9,25.97,E,8,19.28,E,8,66.0,E,8,964.3861999999999,E,8,999.0,E,8,1.0,E,8,-9900,?,9,-9900,?,9,0.0,E,8,-9900,?,9,-9900,?,9,0.0,0.0,E,8
01/13/2017,20:00,0.0,1413.306,0.0,1,8,0.0,1,8,0.0,1,8,0.0,1,8,0.0,1,8,0.0,1,8,-0.0,1,8,-9900,?,9,-9900,?,9,25.33,E,8,19.09,E,8,68.0,E,8,964.3861999999999,E,8,999.0,E,8,1.0,E,8,-9900,?,9,-9900,?,9,0.0,E,8,-9900,?,9,-9900,?,9,0.0,0.0,E,8
01/13/2017,21:00,0.0,1413.306,0.0,1,8,0.0,1,8,0.0,1,8,0.0,1,8,0.0,1,8,0.0,1,8,-0.0,1,8,-9900,?,9,-9900,?,9,24.69,E,8,18.89,E,8,70.0,E,8,964.3861999999999,E,8,999.0,E,8,1.0,E,8,-9900,?,9,-9900,?,9,0.0,E,8,-9900,?,9,-9900,?,9,0.0,0.0,E,8
01/13/2017,22:00,0.0,1413.306,0.0,1,8,0.0,1,8,0.0,1,8,0.0,1,8,0.0,1,8,0.0,1,8,-0.0,1,8,-9900,?,9,-9900,?,9,24.05,E,8,18.7,E,8,72.0,E,8,964.3861999999999,E,8,999.0,E,8,1.0,E,8,-9900,?,9,-9900,?,9,0.0,E,8,-9900,?,9,-9900,?,9,0.0,0.0,E,8
01/13/2017,23:00,0.0,1413.306,0.0,1,8,0.0,1,8,0.0,1,8,0.0,1,8,0.0,1,8,0.0,1,8,-0.0,1,8,-9900,?,9,-9900,?,9,23.41,E,8,18.5,E,8,73.0,E,8,964.3861999999999,E,8,999.0,E,8,1.0,E,8,-9900,?,9,-9900,?,9,0.0,E,8,-9900,?,9,-9900,?,9,0.0,0.0,E,8
01/13/2017,24:00,0.0,1413.306,0.0,1,8,0.0,1,8,0.0,1,8,0.0,1,8,0.0,1,8,0.0,1,8,-0.0,1,8,-9900,?,9,-9900,?,9,22.77,E,8,20.21,E,8,85.0,E,8,964.3861999999999,E,8,999.0,E,8,0.57,E,8,-9900,?,9,-9900,?,9,0.0,E,8,-9900,?,9,-9900,?,9,0.0,0.0,E,8
01/14/2017,01:00,0.0,1413.306,0.0,1,8,0.0,1,8,0.0,1,8,0.0,1,8,0.0,1,8,0.0,1,8,-0.0,1,8,-9900,?,9,-9900,?,9,22.45,E,8,20.13,E,8,86.0,E,8,964.3861999999999,E,8,999.0,E,8,0.57,E,8,-9900,?,9,-9900,?,9,0.0,E,8,-9900,?,9,-9900,?,9,0.0,0.0,E,8
01/14/2017,02:00,0.0,1413.306,0.0,1,8,0.0,1,8,0.0,1,8,0.0,1,8,0.0,1,8,0.0,1,8,-0.0,1,8,-9900,?,9,-9900,?,9,22.13,E,8,20.04,E,8,87.0,E,8,964.3861999999999,E,8,999.0,E,8,0.57,E,8,-9900,?,9,-9900,?,9,0.0,E,8,-9900,?,9,-9900,?,9,0.0,0.0,E,8
01/14/2017,03:00,0.0,1413.306,0.0,1,8,0.0,1,8,0.0,1,8,0.0,1,8,0.0,1,8,0.0,1,8,-0.0,1,8,-9900,?,9,-9900,?,9,21.81,E,8,19.95,E,8,89.0,E,8,964.3861999999999,E,8,999.0,E,8,0.57,E,8,-9900,?,9,-9900,?,9,0.0,E,8,-9900,?,9,-9900,?,9,0.0,0.0,E,8
01/14/2017,04:00,0.0,1413.153,0.0,1,8,0.0,1,8,0.0,1,8,0.0,1,8,0.0,1,8,0.0,1,8,-0.0,1,8,-9900,?,9,-9900,?,9,21.49,E,8,19.86,E,8,90.0,E,8,964.3861999999999,E,8,999.0,E,8,0.57,E,8,-9900,?,9,-9900,?,9,0.0,E,8,-9900,?,9,-9900,?,9,0.0,0.0,E,8
01/14/2017,05:00,0.0,1413.153,0.0,1,8,0.0,1,8,0.0,1,8,0.0,1,8,0.0,1,8,0.0,1,8,-0.0,1,8,-9900,?,9,-9900,?,9,21.21,E,8,19.78,E,8,91.0,E,8,964.3861999999999,E,8,999.0,E,8,0.57,E,8,-9900,?,9,-9900,?,9,0.0,E,8,-9900,?,9,-9900,?,9,0.0,0.0,E,8
01/14/2017,06:00,48.899,1413.153,0.0,1,8,0.0,1,8,0.0,1,8,0.0,1,8,0.0,1,8,0.0,1,8,0.0,1,8,-9900,?,9,-9900,?,9,21.0,E,8,19.73,E,8,92.0,E,8,964.3861999999999,E,8,999.0,E,8,0.57,E,8,-9900,?,9,-9900,?,9,0.0,E,8,-9900,?,9,-9900,?,9,0.0,0.0,E,8
01/14/2017,07:00,363.081,1413.153,155.81,1,8,214.828,1,8,100.838,1,8,18697.2,1,8,20408.672,1,8,11092.183,1,8,125.437,1,8,-9900,?,9,-9900,?,9,20.79,E,8,19.67,E,8,93.0,E,8,964.3861999999999,E,8,999.0,E,8,0.57,E,8,-9900,?,9,-9900,?,9,0.0,E,8,-9900,?,9,-9900,?,9,0.0,0.0,E,8
01/14/2017,08:00,670.539,1413.153,521.19,1,8,702.334,1,8,188.269,1,8,62542.8,1,8,66721.765,1,8,20709.535,1,8,126.424,1,8,-9900,?,9,-9900,?,9,26.45,E,8,21.19,E,8,72.0,E,8,964.3861999999999,E,8,999.0,E,8,0.57,E,8,-9900,?,9,-9900,?,9,0.0,E,8,-9900,?,9,-9900,?,9,0.0,0.0,E,8
01/14/2017,09:00,945.529,1413.153,629.08,1,8,595.304,1,8,230.911,1,8,75489.6,1,8,56553.919,1,8,25400.199,1,8,109.892,1,8,-9900,?,9,-9900,?,9,28.07,E,8,21.6,E,8,67.0,E,8,964.3861999999999,E,8,999.0,E,8,0.57,E,8,-9900,?,9,-9900,?,9,0.0,E,8,-9900,?,9,-9900,?,9,0.0,0.0,E,8
01/14/2017,10:00,1168.97,1413.153,348.23,1,8,37.906,1,8,316.878,1,8,41787.6,1,8,3601.071,1,8,34856.595,1,8,121.952,1,8,-9900,?,9,-9900,?,9,27.71,E,8,21.51,E,8,69.0,E,8,964.3861999999999,E,8,999.0,E,8,0.57,E,8,-9900,?,9,-9900,?,9,0.0,E,8,-9900,?,9,-9900,?,9,0.0,0.0,E,8
01/14/2017,11:00,1325.547,1413.153,436.67,1,8,30.573,1,8,407.994,1,8,52400.4,1,8,2904.395,1,8,44879.325,1,8,138.457,1,8,-9900,?,9,-9900,?,9,27.78,E,8,21.53,E,8,68.0,E,8,964.3861999999999,E,8,999.0,E,8,0.57,E,8,-9900,?,9,-9900,?,9,0.0,E,8,-9900,?,9,-9900,?,9,0.0,0.0,E,8
01/14/2017,12:00,1404.553,1413.153,664.35,1,8,134.702,1,8,530.469,1,8,79722.0,1,8,12796.647,1,8,58351.552,1,8,169.888,1,8,-9900,?,9,-9900,?,9,28.47,E,8,21.7,E,8,66.0,E,8,964.3861999999999,E,8,999.0,E,8,0.57,E,8,-9900,?,9,-9900,?,9,0.0,E,8,-9900,?,9,-9900,?,9,0.0,0.0,E,8
01/14/2017,13:00,1400.583,1413.153,685.74,1,8,94.128,1,8,592.45,1,8,82288.8,1,8,8942.171,1,8,65169.458,1,8,190.276,1,8,-9900,?,9,-9900,?,9,29.01,E,8,21.84,E,8,65.0,E,8,964.3861999999999,E,8,999.0,E,8,0.6,E,8,-9900,?,9,-9900,?,9,0.0,E,8,-9900,?,9,-9900,?,9,0.0,0.0,E,8
01/14/2017,14:00,1313.896,1413.153,659.9,1,8,257.323,1,8,420.662,1,8,79188.0,1,8,24445.712,1,8,46272.775,1,8,144.023,1,8,-9900,?,9,-9900,?,9,29.36,E,8,21.92,E,8,64.0,E,8,964.3861999999999,E,8,999.0,E,8,1.73,E,8,-9900,?,9,-9900,?,9,0.0,E,8,-9900,?,9,-9900,?,9,0.0,0.0,E,8
01/14/2017,15:00,1150.396,1413.153,201.98,1,8,10.635,1,8,193.324,1,8,24237.6,1,8,1010.328,1,8,21265.608,1,8,75.604,1,8,-9900,?,9,-9900,?,9,28.38,E,8,21.68,E,8,67.0,E,8,964.3861999999999,E,8,999.0,E,8,1.46,E,8,-9900,?,9,-9900,?,9,0.0,E,8,-9900,?,9,-9900,?,9,0.0,0.0,E,8
01/14/2017,16:00,921.241,1413.153,249.71,1,8,26.622,1,8,232.362,1,8,29965.2,1,8,2529.058,1,8,25559.832,1,8,113.502,1,8,-9900,?,9,-9900,?,9,27.73,E,8,21.52,E,8,68.0,E,8,964.3861999999999,E,8,999.0,E,8,3.12,E,8,-9900,?,9,-9900,?,9,0.0,E,8,-9900,?,9,-9900,?,9,0.0,0.0,E,8
01/14/2017,17:00,642.125,1413.153,358.82,1,8,162.84,1,8,284.91,1,8,43058.4,1,8,15469.826,1,8,31340.078,1,8,199.809,1,8,-9900,?,9,-9900,?,9,27.48,E,8,21.45,E,8,69.0,E,8,964.3861999999999,E,8,999.0,E,8,2.45,E,8,-9900,?,9,-9900,?,9,0.0,E,8,-9900,?,9,-9900,?,9,0.0,0.0,E,8
01/14/2017,18:00,332.458,1413.153,385.2,1,8,340.389,1,8,305.51,1,8,46224.0,1,8,32336.947,1,8,33606.079,1,8,415.38,1,8,-9900,?,9,-9900,?,9,27.34,E,8,21.42,E,8,70.0,E,8,964.3861999999999,E,8,999.0,E,8,1.19,E,8,-9900,?,9,-9900,?,9,0.0,E,8,-9900,?,9,-9900,?,9,0.0,0.0,E,8
01/14/2017,19:00,20.814,1413.153,102.33,1,8,0.0,1,8,102.33,1,8,12279.6,1,8,0.0,1,8,11256.3,1,8,4454.783,1,8,-9900,?,9,-9900,?,9,26.6,E,8,21.23,E,8,72.0,E,8,964.3861999999999,E,8,999.0,E,8,0.84,E,8,-9900,?,9,-9900,?,9,0.0,E,8,-9900,?,9,-9900,?,9,0.0,0.0,E,8
01/14/2017,20:00,0.0,1413.153,0.0,1,8,0.0,1,8,0.0,1,8,0.0,1,8,0.0,1,8,0.0,1,8,-0.0,1,8,-9900,?,9,-9900,?,9,25.89,E,8,21.04,E,8,74.0,E,8,964.3861999999999,E,8,999.0,E,8,1.19,E,8,-9900,?,9,-9900,?,9,0.0,E,8,-9900,?,9,-9900,?,9,0.0,0.0,E,8
01/14/2017,21:00,0.0,1413.153,0.0,1,8,0.0,1,8,0.0,1,8,0.0,1,8,0.0,1,8,0.0,1,8,-0.0,1,8,-9900,?,9,-9900,?,9,25.19,E,8,20.86,E,8,76.0,E,8,964.3861999999999,E,8,999.0,E,8,1.4,E,8,-9900,?,9,-9900,?,9,0.0,E,8,-9900,?,9,-9900,?,9,0.0,0.0,E,8
01/14/2017,22:00,0.0,1413.153,0.0,1,8,0.0,1,8,0.0,1,8,0.0,1,8,0.0,1,8,0.0,1,8,-0.0,1,8,-9900,?,9,-9900,?,9,24.49,E,8,20.68,E,8,79.0,E,8,964.3861999999999,E,8,999.0,E,8,0.94,E,8,-9900,?,9,-9900,?,9,0.0,E,8,-9900,?,9,-9900,?,9,0.0,0.0,E,8
01/14/2017,23:00,0.0,1413.153,0.0,1,8,0.0,1,8,0.0,1,8,0.0,1,8,0.0,1,8,0.0,1,8,-0.0,1,8,-9900,?,9,-9900,?,9,23.79,E,8,20.49,E,8,81.0,E,8,964.3861999999999,E,8,999.0,E,8,1.77,E,8,-9900,?,9,-9900,?,9,0.0,E,8,-9900,?,9,-9900,?,9,0.0,0.0,E,8
01/14/2017,24:00,0.0,1413.153,0.0,1,8,0.0,1,8,0.0,1,8,0.0,1,8,0.0,1,8,0.0,1,8,-0.0,1,8,-9900,?,9,-9900,?,9,23.08,E,8,21.59,E,8,87.0,E,8,964.3861999999999,E,8,999.0,E,8,2.97,E,8,-9900,?,9,-9900,?,9,0.0,E,8,-9900,?,9,-9900,?,9,0.0,0.0,E,8
01/15/2017,01:00,0.0,1413.153,0.0,1,8,0.0,1,8,0.0,1,8,0.0,1,8,0.0,1,8,0.0,1,8,-0.0,1,8,-9900,?,9,-9900,?,9,22.73,E,8,21.46,E,8,88.0,E,8,964.3861999999999,E,8,999.0,E,8,2.27,E,8,-9900,?,9,-9900,?,9,0.0,E,8,-9900,?,9,-9900,?,9,0.0,0.0,E,8
01/15/2017,02:00,0.0,1413.153,0.0,1,8,0.0,1,8,0.0,1,8,0.0,1,8,0.0,1,8,0.0,1,8,-0.0,1,8,-9900,?,9,-9900,?,9,22.38,E,8,21.33,E,8,89.0,E,8,964.3861999999999,E,8,999.0,E,8,2.84,E,8,-9900,?,9,-9900,?,9,0.0,E,8,-9900,?,9,-9900,?,9,0.0,0.0,E,8
01/15/2017,03:00,0.0,1413.153,0.0,1,8,0.0,1,8,0.0,1,8,0.0,1,8,0.0,1,8,0.0,1,8,-0.0,1,8,-9900,?,9,-9900,?,9,22.03,E,8,21.2,E,8,90.0,E,8,964.3861999999999,E,8,999.0,E,8,3.29,E,8,-9900,?,9,-9900,?,9,0.0,E,8,-9900,?,9,-9900,?,9,0.0,0.0,E,8
01/15/2017,04:00,0.0,1412.985,0.0,1,8,0.0,1,8,0.0,1,8,0.0,1,8,0.0,1,8,0.0,1,8,-0.0,1,8,-9900,?,9,-9900,?,9,21.68,E,8,21.06,E,8,91.0,E,8,964.3861999999999,E,8,999.0,E,8,3.02,E,8,-9900,?,9,-9900,?,9,0.0,E,8,-9900,?,9,-9900,?,9,0.0,0.0,E,8
01/15/2017,05:00,0.0,1412.985,0.0,1,8,0.0,1,8,0.0,1,8,0.0,1,8,0.0,1,8,0.0,1,8,-0.0,1,8,-9900,?,9,-9900,?,9,21.37,E,8,20.95,E,8,97.0,E,8,964.3861999999999,E,8,999.0,E,8,2.53,E,8,-9900,?,9,-9900,?,9,0.014000000000000002,E,8,-9900,?,9,-9900,?,9,0.14,99.0,E,8
01/15/2017,06:00,45.584,1412.985,0.0,1,8,0.0,1,8,0.0,1,8,0.0,1,8,0.0,1,8,0.0,1,8,0.0,1,8,-9900,?,9,-9900,?,9,21.14,E,8,20.86,E,8,98.0,E,8,964.3861999999999,E,8,999.0,E,8,2.7,E,8,-9900,?,9,-9900,?,9,0.001,E,8,-9900,?,9,-9900,?,9,0.01,99.0,E,8
01/15/2017,07:00,359.867,1412.985,23.27,1,8,0.0,1,8,23.27,1,8,2792.4,1,8,0.0,1,8,2559.7,1,8,29.204,1,8,-9900,?,9,-9900,?,9,20.9,E,8,20.77,E,8,99.0,E,8,964.3861999999999,E,8,999.0,E,8,2.81,E,8,-9900,?,9,-9900,?,9,0.024,E,8,-9900,?,9,-9900,?,9,0.24,99.0,E,8
01/15/2017,08:00,667.792,1412.985,116.45,1,8,0.0,1,8,116.45,1,8,13974.0,1,8,0.0,1,8,12809.5,1,8,78.51,1,8,-9900,?,9,-9900,?,9,22.61,E,8,21.41,E,8,93.0,E,8,964.3861999999999,E,8,999.0,E,8,2.2,E,8,-9900,?,9,-9900,?,9,0.059,E,8,-9900,?,9,-9900,?,9,0.59,99.0,E,8
01/15/2017,09:00,943.34,1412.985,215.12,1,8,4.313,1,8,212.241,1,8,25814.4,1,8,409.762,1,8,23346.555,1,8,101.23,1,8,-9900,?,9,-9900,?,9,23.8,E,8,21.85,E,8,89.0,E,8,964.3861999999999,E,8,999.0,E,8,2.33,E,8,-9900,?,9,-9900,?,9,0.003,E,8,-9900,?,9,-9900,?,9,0.03,99.0,E,8
01/15/2017,10:00,1167.384,1412.985,301.87,1,8,13.982,1,8,290.32,1,8,36224.4,1,8,1328.326,1,8,31935.154,1,8,111.869,1,8,-9900,?,9,-9900,?,9,24.92,E,8,22.25,E,8,86.0,E,8,964.3861999999999,E,8,999.0,E,8,3.79,E,8,-9900,?,9,-9900,?,9,0.006,E,8,-9900,?,9,-9900,?,9,0.06,99.0,E,8
01/15/2017,11:00,1324.568,1412.985,368.7,1,8,23.683,1,8,346.5,1,8,44244.0,1,8,2249.856,1,8,38115.016,1,8,117.662,1,8,-9900,?,9,-9900,?,9,25.93,E,8,22.6,E,8,92.0,E,8,964.3861999999999,E,8,999.0,E,8,1.73,E,8,-9900,?,9,-9900,?,9,0.7070000000000001,E,8,-9900,?,9,-9900,?,9,7.07,99.0,E,8
01/15/2017,12:00,1404.142,1412.985,410.37,1,8,26.456,1,8,384.08,1,8,49244.4,1,8,2513.277,1,8,42248.814,1,8,123.027,1,8,-9900,?,9,-9900,?,9,26.76,E,8,22.89,E,8,81.0,E,8,964.3861999999999,E,8,999.0,E,8,1.89,E,8,-9900,?,9,-9900,?,9,0.005,E,8,-9900,?,9,-9900,?,9,0.05,99.0,E,8
01/15/2017,13:00,1400.661,1412.985,423.78,1,8,28.576,1,8,395.453,1,8,50853.6,1,8,2714.727,1,8,43499.863,1,8,126.985,1,8,-9900,?,9,-9900,?,9,27.41,E,8,23.11,E,8,79.0,E,8,964.3861999999999,E,8,999.0,E,8,1.7,E,8,-9900,?,9,-9900,?,9,0.002,E,8,-9900,?,9,-9900,?,9,0.02,99.0,E,8
01/15/2017,14:00,1314.352,1412.985,407.96,1,8,30.826,1,8,379.287,1,8,48955.2,1,8,2928.511,1,8,41721.539,1,8,129.797,1,8,-9900,?,9,-9900,?,9,27.85,E,8,23.25,E,8,78.0,E,8,964.3861999999999,E,8,999.0,E,8,2.18,E,8,-9900,?,9,-9900,?,9,0.001,E,8,-9900,?,9,-9900,?,9,0.01,99.0,E,8
01/15/2017,15:00,1151.091,1412.985,364.04,1,8,33.972,1,8,336.369,1,8,43684.8,1,8,3227.349,1,8,37000.556,1,8,131.449,1,8,-9900,?,9,-9900,?,9,28.07,E,8,23.33,E,8,77.0,E,8,964.3861999999999,E,8,999.0,E,8,3.69,E,8,-9900,?,9,-9900,?,9,0.004,E,8,-9900,?,9,-9900,?,9,0.04,99.0,E,8
01/15/2017,16:00,922.021,1412.985,295.3,1,8,19.529,1,8,282.562,1,8,35436.0,1,8,1855.226,1,8,31081.809,1,8,137.89,1,8,-9900,?,9,-9900,?,9,28.07,E,8,23.33,E,8,77.0,E,8,964.3861999999999,E,8,999.0,E,8,3.31,E,8,-9900,?,9,-9900,?,9,0.034999999999999996,E,8,-9900,?,9,-9900,?,9,0.35,99.0,E,8
01/15/2017,17:00,642.829,1412.985,207.16,1,8,46.545,1,8,186.008,1,8,24859.2,1,8,4421.817,1,8,20460.894,1,8,130.29,1,8,-9900,?,9,-9900,?,9,27.75,E,8,23.22,E,8,78.0,E,8,964.3861999999999,E,8,999.0,E,8,3.2,E,8,-9900,?,9,-9900,?,9,0.008,E,8,-9900,?,9,-9900,?,9,0.08,99.0,E,8
01/15/2017,18:00,332.93,1412.985,107.96,1,8,67.553,1,8,92.12,1,8,12955.2,1,8,6417.491,1,8,10133.238,1,8,125.055,1,8,-9900,?,9,-9900,?,9,27.13,E,8,23.01,E,8,75.0,E,8,964.3861999999999,E,8,999.0,E,8,4.59,E,8,-9900,?,9,-9900,?,9,0.0,E,8,-9900,?,9,-9900,?,9,0.0,0.0,E,8
01/15/2017,19:00,20.905,1412.985,17.21,1,8,0.0,1,8,17.21,1,8,2065.2,1,8,0.0,1,8,1893.1,1,8,741.616,1,8,-9900,?,9,-9900,?,9,26.32,E,8,22.74,E,8,77.0,E,8,964.3861999999999,E,8,999.0,E,8,5.63,E,8,-9900,?,9,-9900,?,9,0.0,E,8,-9900,?,9,-9900,?,9,0.0,0.0,E,8
01/15/2017,20:00,0.0,1412.985,0.0,1,8,0.0,1,8,0.0,1,8,0.0,1,8,0.0,1,8,0.0,1,8,-0.0,1,8,-9900,?,9,-9900,?,9,25.45,E,8,22.43,E,8,80.0,E,8,964.3861999999999,E,8,999.0,E,8,6.11,E,8,-9900,?,9,-9900,?,9,0.0,E,8,-9900,?,9,-9900,?,9,0.0,0.0,E,8
01/15/2017,21:00,0.0,1412.985,0.0,1,8,0.0,1,8,0.0,1,8,0.0,1,8,0.0,1,8,0.0,1,8,-0.0,1,8,-9900,?,9,-9900,?,9,24.58,E,8,22.13,E,8,87.0,E,8,964.3861999999999,E,8,999.0,E,8,4.08,E,8,-9900,?,9,-9900,?,9,0.002,E,8,-9900,?,9,-9900,?,9,0.02,99.0,E,8
01/15/2017,22:00,0.0,1412.985,0.0,1,8,0.0,1,8,0.0,1,8,0.0,1,8,0.0,1,8,0.0,1,8,-0.0,1,8,-9900,?,9,-9900,?,9,23.71,E,8,21.81,E,8,89.0,E,8,964.3861999999999,E,8,999.0,E,8,4.32,E,8,-9900,?,9,-9900,?,9,0.018,E,8,-9900,?,9,-9900,?,9,0.18,99.0,E,8
01/15/2017,23:00,0.0,1412.985,0.0,1,8,0.0,1,8,0.0,1,8,0.0,1,8,0.0,1,8,0.0,1,8,-0.0,1,8,-9900,?,9,-9900,?,9,22.84,E,8,21.5,E,8,92.0,E,8,964.3861999999999,E,8,999.0,E,8,4.26,E,8,-9900,?,9,-9900,?,9,0.011,E,8,-9900,?,9,-9900,?,9,0.11,99.0,E,8
01/15/2017,24:00,0.0,1412.985,0.0,1,8,0.0,1,8,0.0,1,8,0.0,1,8,0.0,1,8,0.0,1,8,-0.0,1,8,-9900,?,9,-9900,?,9,21.96,E,8,18.61,E,8,81.0,E,8,964.3861999999999,E,8,999.0,E,8,0.63,E,8,-9900,?,9,-9900,?,9,0.0,E,8,-9900,?,9,-9900,?,9,0.0,0.0,E,8
01/16/2017,01:00,0.0,1412.985,0.0,1,8,0.0,1,8,0.0,1,8,0.0,1,8,0.0,1,8,0.0,1,8,-0.0,1,8,-9900,?,9,-9900,?,9,21.53,E,8,18.56,E,8,83.0,E,8,964.3861999999999,E,8,999.0,E,8,0.54,E,8,-9900,?,9,-9900,?,9,0.0,E,8,-9900,?,9,-9900,?,9,0.0,0.0,E,8
01/16/2017,02:00,0.0,1412.985,0.0,1,8,0.0,1,8,0.0,1,8,0.0,1,8,0.0,1,8,0.0,1,8,-0.0,1,8,-9900,?,9,-9900,?,9,21.09,E,8,18.5,E,8,85.0,E,8,964.3861999999999,E,8,999.0,E,8,0.59,E,8,-9900,?,9,-9900,?,9,0.0,E,8,-9900,?,9,-9900,?,9,0.0,0.0,E,8
01/16/2017,03:00,0.0,1412.985,0.0,1,8,0.0,1,8,0.0,1,8,0.0,1,8,0.0,1,8,0.0,1,8,-0.0,1,8,-9900,?,9,-9900,?,9,20.66,E,8,18.45,E,8,87.0,E,8,964.3861999999999,E,8,999.0,E,8,0.52,E,8,-9900,?,9,-9900,?,9,0.0,E,8,-9900,?,9,-9900,?,9,0.0,0.0,E,8
01/16/2017,04:00,0.0,1412.802,0.0,1,8,0.0,1,8,0.0,1,8,0.0,1,8,0.0,1,8,0.0,1,8,-0.0,1,8,-9900,?,9,-9900,?,9,20.22,E,8,18.39,E,8,89.0,E,8,964.3861999999999,E,8,999.0,E,8,0.44,E,8,-9900,?,9,-9900,?,9,0.0,E,8,-9900,?,9,-9900,?,9,0.0,0.0,E,8
01/16/2017,05:00,0.0,1412.802,0.0,1,8,0.0,1,8,0.0,1,8,0.0,1,8,0.0,1,8,0.0,1,8,-0.0,1,8,-9900,?,9,-9900,?,9,19.83,E,8,18.35,E,8,91.0,E,8,964.3861999999999,E,8,999.0,E,8,0.55,E,8,-9900,?,9,-9900,?,9,0.0,E,8,-9900,?,9,-9900,?,9,0.0,0.0,E,8
01/16/2017,06:00,42.277,1412.802,0.0,1,8,0.0,1,8,0.0,1,8,0.0,1,8,0.0,1,8,0.0,1,8,0.0,1,8,-9900,?,9,-9900,?,9,19.55,E,8,18.31,E,8,92.0,E,8,964.3861999999999,E,8,999.0,E,8,0.51,E,8,-9900,?,9,-9900,?,9,0.0,E,8,-9900,?,9,-9900,?,9,0.0,0.0,E,8
01/16/2017,07:00,356.653,1412.802,31.33,1,8,0.0,1,8,31.33,1,8,3759.6,1,8,0.0,1,8,3446.3,1,8,39.671,1,8,-9900,?,9,-9900,?,9,19.26,E,8,18.27,E,8,94.0,E,8,964.3861999999999,E,8,999.0,E,8,0.86,E,8,-9900,?,9,-9900,?,9,0.0,E,8,-9900,?,9,-9900,?,9,0.0,0.0,E,8
01/16/2017,08:00,665.047,1412.802,160.96,1,8,5.121,1,8,158.552,1,8,19315.2,1,8,486.51,1,8,17440.698,1,8,107.324,1,8,-9900,?,9,-9900,?,9,21.52,E,8,18.56,E,8,83.0,E,8,964.3861999999999,E,8,999.0,E,8,1.07,E,8,-9900,?,9,-9900,?,9,0.0,E,8,-9900,?,9,-9900,?,9,0.0,0.0,E,8
01/16/2017,09:00,941.151,1412.802,298.66,1,8,28.755,1,8,279.511,1,8,35839.2,1,8,2731.75,1,8,30746.262,1,8,133.608,1,8,-9900,?,9,-9900,?,9,23.1,E,8,18.75,E,8,76.0,E,8,964.3861999999999,E,8,999.0,E,8,1.53,E,8,-9900,?,9,-9900,?,9,0.0,E,8,-9900,?,9,-9900,?,9,0.0,0.0,E,8
01/16/2017,10:00,1165.793,1412.802,419.85,1,8,39.895,1,8,386.934,1,8,50382.0,1,8,3790.065,1,8,42562.772,1,8,149.282,1,8,-9900,?,9,-9900,?,9,24.61,E,8,18.94,E,8,70.0,E,8,964.3861999999999,E,8,999.0,E,8,1.63,E,8,-9900,?,9,-9900,?,9,0.0,E,8,-9900,?,9,-9900,?,9,0.0,0.0,E,8
01/16/2017,11:00,1323.574,1412.802,513.28,1,8,66.222,1,8,451.242,1,8,61593.6,1,8,6291.132,1,8,49636.675,1,8,153.324,1,8,-9900,?,9,-9900,?,9,25.95,E,8,19.1,E,8,65.0,E,8,964.3861999999999,E,8,999.0,E,8,1.97,E,8,-9900,?,9,-9900,?,9,0.0,E,8,-9900,?,9,-9900,?,9,0.0,0.0,E,8
01/16/2017,12:00,1403.703,1412.802,571.65,1,8,44.786,1,8,527.153,1,8,68598.0,1,8,4254.658,1,8,57986.799,1,8,168.886,1,8,-9900,?,9,-9900,?,9,27.07,E,8,19.24,E,8,62.0,E,8,964.3861999999999,E,8,999.0,E,8,2.26,E,8,-9900,?,9,-9900,?,9,0.0,E,8,-9900,?,9,-9900,?,9,0.0,0.0,E,8
01/16/2017,13:00,1400.698,1412.802,590.6,1,8,97.261,1,8,494.173,1,8,70872.0,1,8,9239.81,1,8,54358.986,1,8,158.66,1,8,-9900,?,9,-9900,?,9,27.94,E,8,19.34,E,8,59.0,E,8,964.3861999999999,E,8,999.0,E,8,2.73,E,8,-9900,?,9,-9900,?,9,0.0,E,8,-9900,?,9,-9900,?,9,0.0,0.0,E,8
01/16/2017,14:00,1314.75,1412.802,568.74,1,8,114.057,1,8,462.604,1,8,68248.8,1,8,10835.387,1,8,50886.433,1,8,158.24,1,8,-9900,?,9,-9900,?,9,28.52,E,8,19.41,E,8,57.0,E,8,964.3861999999999,E,8,999.0,E,8,3.09,E,8,-9900,?,9,-9900,?,9,0.0,E,8,-9900,?,9,-9900,?,9,0.0,0.0,E,8
01/16/2017,15:00,1151.713,1412.802,507.68,1,8,89.074,1,8,435.078,1,8,60921.6,1,8,8462.031,1,8,47858.564,1,8,169.91,1,8,-9900,?,9,-9900,?,9,28.82,E,8,19.45,E,8,56.0,E,8,964.3861999999999,E,8,999.0,E,8,2.79,E,8,-9900,?,9,-9900,?,9,0.0,E,8,-9900,?,9,-9900,?,9,0.0,0.0,E,8
01/16/2017,16:00,922.713,1412.802,411.94,1,8,92.685,1,8,351.43,1,8,49432.8,1,8,8805.088,1,8,38657.349,1,8,171.347,1,8,-9900,?,9,-9900,?,9,28.83,E,8,19.45,E,8,56.0,E,8,964.3861999999999,E,8,999.0,E,8,3.37,E,8,-9900,?,9,-9900,?,9,0.0,E,8,-9900,?,9,-9900,?,9,0.0,0.0,E,8
01/16/2017,17:00,643.432,1412.802,289.06,1,8,165.698,1,8,213.68,1,8,34687.2,1,8,15741.333,1,8,23504.833,1,8,149.513,1,8,-9900,?,9,-9900,?,9,28.4,E,8,19.4,E,8,58.0,E,8,964.3861999999999,E,8,999.0,E,8,3.6,E,8,-9900,?,9,-9900,?,9,0.0,E,8,-9900,?,9,-9900,?,9,0.0,0.0,E,8
01/16/2017,18:00,333.291,1412.802,150.7,1,8,296.617,1,8,81.064,1,8,18084.0,1,8,28178.598,1,8,8917.069,1,8,109.911,1,8,-9900,?,9,-9900,?,9,27.58,E,8,19.3,E,8,60.0,E,8,964.3861999999999,E,8,999.0,E,8,3.55,E,8,-9900,?,9,-9900,?,9,0.0,E,8,-9900,?,9,-9900,?,9,0.0,0.0,E,8
01/16/2017,19:00,20.891,1412.802,24.04,1,8,0.0,1,8,24.04,1,8,2884.8,1,8,0.0,1,8,2644.4,1,8,1037.134,1,8,-9900,?,9,-9900,?,9,26.5,E,8,19.17,E,8,64.0,E,8,964.3861999999999,E,8,999.0,E,8,3.43,E,8,-9900,?,9,-9900,?,9,0.0,E,8,-9900,?,9,-9900,?,9,0.0,0.0,E,8
01/16/2017,20:00,0.0,1412.802,0.0,1,8,0.0,1,8,0.0,1,8,0.0,1,8,0.0,1,8,0.0,1,8,-0.0,1,8,-9900,?,9,-9900,?,9,25.57,E,8,19.06,E,8,67.0,E,8,964.3861999999999,E,8,999.0,E,8,3.04,E,8,-9900,?,9,-9900,?,9,0.0,E,8,-9900,?,9,-9900,?,9,0.0,0.0,E,8
01/16/2017,21:00,0.0,1412.802,0.0,1,8,0.0,1,8,0.0,1,8,0.0,1,8,0.0,1,8,0.0,1,8,-0.0,1,8,-9900,?,9,-9900,?,9,24.64,E,8,18.94,E,8,70.0,E,8,964.3861999999999,E,8,999.0,E,8,3.0,E,8,-9900,?,9,-9900,?,9,0.0,E,8,-9900,?,9,-9900,?,9,0.0,0.0,E,8
01/16/2017,22:00,0.0,1412.802,0.0,1,8,0.0,1,8,0.0,1,8,0.0,1,8,0.0,1,8,0.0,1,8,-0.0,1,8,-9900,?,9,-9900,?,9,23.71,E,8,18.83,E,8,74.0,E,8,964.3861999999999,E,8,999.0,E,8,2.41,E,8,-9900,?,9,-9900,?,9,0.0,E,8,-9900,?,9,-9900,?,9,0.0,0.0,E,8
01/16/2017,23:00,0.0,1412.802,0.0,1,8,0.0,1,8,0.0,1,8,0.0,1,8,0.0,1,8,0.0,1,8,-0.0,1,8,-9900,?,9,-9900,?,9,22.78,E,8,18.72,E,8,77.0,E,8,964.3861999999999,E,8,999.0,E,8,1.84,E,8,-9900,?,9,-9900,?,9,0.0,E,8,-9900,?,9,-9900,?,9,0.0,0.0,E,8
01/16/2017,24:00,0.0,1412.802,0.0,1,8,0.0,1,8,0.0,1,8,0.0,1,8,0.0,1,8,0.0,1,8,-0.0,1,8,-9900,?,9,-9900,?,9,21.85,E,8,18.03,E,8,78.0,E,8,964.3861999999999,E,8,999.0,E,8,8.1,E,8,-9900,?,9,-9900,?,9,0.0,E,8,-9900,?,9,-9900,?,9,0.0,0.0,E,8
01/17/2017,01:00,0.0,1412.802,0.0,1,8,0.0,1,8,0.0,1,8,0.0,1,8,0.0,1,8,0.0,1,8,-0.0,1,8,-9900,?,9,-9900,?,9,21.39,E,8,17.91,E,8,80.0,E,8,964.3861999999999,E,8,999.0,E,8,7.4,E,8,-9900,?,9,-9900,?,9,0.0,E,8,-9900,?,9,-9900,?,9,0.0,0.0,E,8
01/17/2017,02:00,0.0,1412.802,0.0,1,8,0.0,1,8,0.0,1,8,0.0,1,8,0.0,1,8,0.0,1,8,-0.0,1,8,-9900,?,9,-9900,?,9,20.92,E,8,17.78,E,8,82.0,E,8,964.3861999999999,E,8,999.0,E,8,7.54,E,8,-9900,?,9,-9900,?,9,0.0,E,8,-9900,?,9,-9900,?,9,0.0,0.0,E,8
01/17/2017,03:00,0.0,1412.802,0.0,1,8,0.0,1,8,0.0,1,8,0.0,1,8,0.0,1,8,0.0,1,8,-0.0,1,8,-9900,?,9,-9900,?,9,20.46,E,8,17.66,E,8,83.0,E,8,964.3861999999999,E,8,999.0,E,8,6.76,E,8,-9900,?,9,-9900,?,9,0.0,E,8,-9900,?,9,-9900,?,9,0.0,0.0,E,8
01/17/2017,04:00,0.0,1412.605,0.0,1,8,0.0,1,8,0.0,1,8,0.0,1,8,0.0,1,8,0.0,1,8,-0.0,1,8,-9900,?,9,-9900,?,9,19.99,E,8,17.53,E,8,85.0,E,8,964.3861999999999,E,8,999.0,E,8,5.58,E,8,-9900,?,9,-9900,?,9,0.0,E,8,-9900,?,9,-9900,?,9,0.0,0.0,E,8
01/17/2017,05:00,0.0,1412.605,0.0,1,8,0.0,1,8,0.0,1,8,0.0,1,8,0.0,1,8,0.0,1,8,-0.0,1,8,-9900,?,9,-9900,?,9,19.58,E,8,17.42,E,8,87.0,E,8,964.3861999999999,E,8,999.0,E,8,6.78,E,8,-9900,?,9,-9900,?,9,0.0,E,8,-9900,?,9,-9900,?,9,0.0,0.0,E,8
01/17/2017,06:00,38.982,1412.605,0.0,1,8,0.0,1,8,0.0,1,8,0.0,1,8,0.0,1,8,0.0,1,8,0.0,1,8,-9900,?,9,-9900,?,9,19.27,E,8,17.33,E,8,88.0,E,8,964.3861999999999,E,8,999.0,E,8,6.9,E,8,-9900,?,9,-9900,?,9,0.0,E,8,-9900,?,9,-9900,?,9,0.0,0.0,E,8
01/17/2017,07:00,353.438,1412.605,40.86,1,8,0.0,1,8,40.86,1,8,4903.2,1,8,0.0,1,8,4494.6,1,8,52.206,1,8,-9900,?,9,-9900,?,9,18.97,E,8,17.25,E,8,89.0,E,8,964.3861999999999,E,8,999.0,E,8,5.9,E,8,-9900,?,9,-9900,?,9,0.0,E,8,-9900,?,9,-9900,?,9,0.0,0.0,E,8
01/17/2017,08:00,662.304,1412.605,215.65,1,8,53.605,1,8,190.543,1,8,25878.0,1,8,5092.514,1,8,20959.73,1,8,129.496,1,8,-9900,?,9,-9900,?,9,21.36,E,8,17.9,E,8,80.0,E,8,964.3861999999999,E,8,999.0,E,8,7.29,E,8,-9900,?,9,-9900,?,9,0.0,E,8,-9900,?,9,-9900,?,9,0.0,0.0,E,8
01/17/2017,09:00,938.962,1412.605,401.95,1,8,96.638,1,8,337.739,1,8,48234.0,1,8,9180.569,1,8,37151.242,1,8,161.795,1,8,-9900,?,9,-9900,?,9,23.07,E,8,18.36,E,8,74.0,E,8,964.3861999999999,E,8,999.0,E,8,8.14,E,8,-9900,?,9,-9900,?,9,0.0,E,8,-9900,?,9,-9900,?,9,0.0,0.0,E,8
01/17/2017,10:00,1164.197,1412.605,566.04,1,8,184.237,1,8,414.223,1,8,67924.8,1,8,17502.501,1,8,45564.478,1,8,160.007,1,8,-9900,?,9,-9900,?,9,24.69,E,8,18.78,E,8,69.0,E,8,964.3861999999999,E,8,999.0,E,8,7.87,E,8,-9900,?,9,-9900,?,9,0.0,E,8,-9900,?,9,-9900,?,9,0.0,0.0,E,8
01/17/2017,11:00,1322.566,1412.605,692.67,1,8,129.733,1,8,571.211,1,8,83120.4,1,8,12324.611,1,8,62833.259,1,8,194.209,1,8,-9900,?,9,-9900,?,9,26.14,E,8,19.14,E,8,65.0,E,8,964.3861999999999,E,8,999.0,E,8,8.18,E,8,-9900,?,9,-9900,?,9,0.0,E,8,-9900,?,9,-9900,?,9,0.0,0.0,E,8
01/17/2017,12:00,1403.238,1412.605,771.89,1,8,150.223,1,8,622.664,1,8,92626.8,1,8,14271.207,1,8,68492.987,1,8,199.524,1,8,-9900,?,9,-9900,?,9,27.35,E,8,19.44,E,8,62.0,E,8,964.3861999999999,E,8,999.0,E,8,9.74,E,8,-9900,?,9,-9900,?,9,0.0,E,8,-9900,?,9,-9900,?,9,0.0,0.0,E,8
01/17/2017,13:00,1400.693,1412.605,797.83,1,8,310.08,1,8,490.367,1,8,95739.6,1,8,29457.581,1,8,53940.323,1,8,157.417,1,8,-9900,?,9,-9900,?,9,28.28,E,8,19.67,E,8,59.0,E,8,964.3861999999999,E,8,999.0,E,8,7.67,E,8,-9900,?,9,-9900,?,9,0.0,E,8,-9900,?,9,-9900,?,9,0.0,0.0,E,8
01/17/2017,14:00,1315.091,1412.605,768.57,1,8,360.032,1,8,433.407,1,8,92228.4,1,8,34203.029,1,8,47674.753,1,8,148.194,1,8,-9900,?,9,-9900,?,9,28.91,E,8,19.82,E,8,58.0,E,8,964.3861999999999,E,8,999.0,E,8,7.44,E,8,-9900,?,9,-9900,?,9,0.0,E,8,-9900,?,9,-9900,?,9,0.0,0.0,E,8
01/17/2017,15:00,1152.261,1412.605,686.25,1,8,395.576,1,8,363.626,1,8,82350.0,1,8,37579.758,1,8,39998.897,1,8,141.919,1,8,-9900,?,9,-9900,?,9,29.23,E,8,19.9,E,8,57.0,E,8,964.3861999999999,E,8,999.0,E,8,7.12,E,8,-9900,?,9,-9900,?,9,0.0,E,8,-9900,?,9,-9900,?,9,0.0,0.0,E,8
01/17/2017,16:00,923.316,1412.605,556.97,1,8,457.158,1,8,258.277,1,8,66836.4,1,8,43430.057,1,8,28410.448,1,8,125.828,1,8,-9900,?,9,-9900,?,9,29.25,E,8,19.9,E,8,57.0,E,8,964.3861999999999,E,8,999.0,E,8,5.85,E,8,-9900,?,9,-9900,?,9,0.0,E,8,-9900,?,9,-9900,?,9,0.0,0.0,E,8
01/17/2017,17:00,643.933,1412.605,390.94,1,8,549.366,1,8,140.791,1,8,46912.8,1,8,52189.783,1,8,15487.046,1,8,98.421,1,8,-9900,?,9,-9900,?,9,28.79,E,8,19.79,E,8,58.0,E,8,964.3861999999999,E,8,999.0,E,8,4.93,E,8,-9900,?,9,-9900,?,9,0.0,E,8,-9900,?,9,-9900,?,9,0.0,0.0,E,8
01/17/2017,18:00,333.541,1412.605,203.87,1,8,576.819,1,8,68.331,1,8,24464.4,1,8,54797.847,1,8,7516.356,1,8,92.563,1,8,-9900,?,9,-9900,?,9,27.91,E,8,19.58,E,8,60.0,E,8,964.3861999999999,E,8,999.0,E,8,4.33,E,8,-9900,?,9,-9900,?,9,0.0,E,8,-9900,?,9,-9900,?,9,0.0,0.0,E,8
01/17/2017,19:00,20.774,1412.605,32.52,1,8,0.0,1,8,32.52,1,8,3902.4,1,8,0.0,1,8,3577.2,1,8,1420.755,1,8,-9900,?,9,-9900,?,9,26.75,E,8,19.29,E,8,63.0,E,8,964.3861999999999,E,8,999.0,E,8,1.61,E,8,-9900,?,9,-9900,?,9,0.0,E,8,-9900,?,9,-9900,?,9,0.0,0.0,E,8
01/17/2017,20:00,0.0,1412.605,0.0,1,8,0.0,1,8,0.0,1,8,0.0,1,8,0.0,1,8,0.0,1,8,-0.0,1,8,-9900,?,9,-9900,?,9,25.81,E,8,19.06,E,8,66.0,E,8,964.3861999999999,E,8,999.0,E,8,1.39,E,8,-9900,?,9,-9900,?,9,0.0,E,8,-9900,?,9,-9900,?,9,0.0,0.0,E,8
01/17/2017,21:00,0.0,1412.605,0.0,1,8,0.0,1,8,0.0,1,8,0.0,1,8,0.0,1,8,0.0,1,8,-0.0,1,8,-9900,?,9,-9900,?,9,24.86,E,8,18.82,E,8,69.0,E,8,964.3861999999999,E,8,999.0,E,8,1.39,E,8,-9900,?,9,-9900,?,9,0.0,E,8,-9900,?,9,-9900,?,9,0.0,0.0,E,8
01/17/2017,22:00,0.0,1412.605,0.0,1,8,0.0,1,8,0.0,1,8,0.0,1,8,0.0,1,8,0.0,1,8,-0.0,1,8,-9900,?,9,-9900,?,9,23.92,E,8,18.58,E,8,72.0,E,8,964.3861999999999,E,8,999.0,E,8,1.39,E,8,-9900,?,9,-9900,?,9,0.0,E,8,-9900,?,9,-9900,?,9,0.0,0.0,E,8
01/17/2017,23:00,0.0,1412.605,0.0,1,8,0.0,1,8,0.0,1,8,0.0,1,8,0.0,1,8,0.0,1,8,-0.0,1,8,-9900,?,9,-9900,?,9,22.98,E,8,18.33,E,8,75.0,E,8,964.3861999999999,E,8,999.0,E,8,1.39,E,8,-9900,?,9,-9900,?,9,0.0,E,8,-9900,?,9,-9900,?,9,0.0,0.0,E,8
01/17/2017,24:00,0.0,1412.605,0.0,1,8,0.0,1,8,0.0,1,8,0.0,1,8,0.0,1,8,0.0,1,8,-0.0,1,8,-9900,?,9,-9900,?,9,22.04,E,8,18.5,E,8,80.0,E,8,964.3861999999999,E,8,999.0,E,8,0.76,E,8,-9900,?,9,-9900,?,9,0.0,E,8,-9900,?,9,-9900,?,9,0.0,0.0,E,8
01/18/2017,01:00,0.0,1412.605,0.0,1,8,0.0,1,8,0.0,1,8,0.0,1,8,0.0,1,8,0.0,1,8,-0.0,1,8,-9900,?,9,-9900,?,9,21.57,E,8,18.39,E,8,82.0,E,8,964.3861999999999,E,8,999.0,E,8,0.76,E,8,-9900,?,9,-9900,?,9,0.0,E,8,-9900,?,9,-9900,?,9,0.0,0.0,E,8
01/18/2017,02:00,0.0,1412.605,0.0,1,8,0.0,1,8,0.0,1,8,0.0,1,8,0.0,1,8,0.0,1,8,-0.0,1,8,-9900,?,9,-9900,?,9,21.09,E,8,18.27,E,8,83.0,E,8,964.3861999999999,E,8,999.0,E,8,0.76,E,8,-9900,?,9,-9900,?,9,0.0,E,8,-9900,?,9,-9900,?,9,0.0,0.0,E,8
01/18/2017,03:00,0.0,1412.605,0.0,1,8,0.0,1,8,0.0,1,8,0.0,1,8,0.0,1,8,0.0,1,8,-0.0,1,8,-9900,?,9,-9900,?,9,20.62,E,8,18.15,E,8,85.0,E,8,964.3861999999999,E,8,999.0,E,8,0.76,E,8,-9900,?,9,-9900,?,9,0.0,E,8,-9900,?,9,-9900,?,9,0.0,0.0,E,8
01/18/2017,04:00,0.0,1412.393,0.0,1,8,0.0,1,8,0.0,1,8,0.0,1,8,0.0,1,8,0.0,1,8,-0.0,1,8,-9900,?,9,-9900,?,9,20.15,E,8,18.04,E,8,87.0,E,8,964.3861999999999,E,8,999.0,E,8,0.76,E,8,-9900,?,9,-9900,?,9,0.0,E,8,-9900,?,9,-9900,?,9,0.0,0.0,E,8
01/18/2017,05:00,0.0,1412.393,0.0,1,8,0.0,1,8,0.0,1,8,0.0,1,8,0.0,1,8,0.0,1,8,-0.0,1,8,-9900,?,9,-9900,?,9,19.73,E,8,17.94,E,8,89.0,E,8,964.3861999999999,E,8,999.0,E,8,0.76,E,8,-9900,?,9,-9900,?,9,0.0,E,8,-9900,?,9,-9900,?,9,0.0,0.0,E,8
01/18/2017,06:00,35.702,1412.393,0.0,1,8,0.0,1,8,0.0,1,8,0.0,1,8,0.0,1,8,0.0,1,8,0.0,1,8,-9900,?,9,-9900,?,9,19.42,E,8,17.86,E,8,90.0,E,8,964.3861999999999,E,8,999.0,E,8,0.76,E,8,-9900,?,9,-9900,?,9,0.0,E,8,-9900,?,9,-9900,?,9,0.0,0.0,E,8
01/18/2017,07:00,350.226,1412.393,33.98,1,8,0.0,1,8,33.98,1,8,4077.6,1,8,0.0,1,8,3737.8,1,8,43.811,1,8,-9900,?,9,-9900,?,9,19.11,E,8,17.78,E,8,91.0,E,8,964.3861999999999,E,8,999.0,E,8,0.76,E,8,-9900,?,9,-9900,?,9,0.0,E,8,-9900,?,9,-9900,?,9,0.0,0.0,E,8
01/18/2017,08:00,659.565,1412.393,184.37,1,8,21.916,1,8,174.146,1,8,22124.4,1,8,2081.995,1,8,19156.107,1,8,118.828,1,8,-9900,?,9,-9900,?,9,21.45,E,8,18.36,E,8,82.0,E,8,964.3861999999999,E,8,999.0,E,8,0.76,E,8,-9900,?,9,-9900,?,9,0.0,E,8,-9900,?,9,-9900,?,9,0.0,0.0,E,8
01/18/2017,09:00,936.775,1412.393,345.21,1,8,54.08,1,8,309.355,1,8,41425.2,1,8,5137.613,1,8,34029.001,1,8,148.521,1,8,-9900,?,9,-9900,?,9,23.13,E,8,18.76,E,8,76.0,E,8,964.3861999999999,E,8,999.0,E,8,0.76,E,8,-9900,?,9,-9900,?,9,0.0,E,8,-9900,?,9,-9900,?,9,0.0,0.0,E,8
01/18/2017,10:00,1162.595,1412.393,486.99,1,8,71.858,1,8,427.85,1,8,58438.8,1,8,6826.473,1,8,47063.449,1,8,165.474,1,8,-9900,?,9,-9900,?,9,24.74,E,8,19.13,E,8,71.0,E,8,964.3861999999999,E,8,999.0,E,8,0.76,E,8,-9900,?,9,-9900,?,9,0.0,E,8,-9900,?,9,-9900,?,9,0.0,0.0,E,8
01/18/2017,11:00,1321.541,1412.393,596.5,1,8,71.236,1,8,529.849,1,8,71580.0,1,8,6767.439,1,8,58283.372,1,8,180.258,1,8,-9900,?,9,-9900,?,9,26.17,E,8,19.46,E,8,66.0,E,8,964.3861999999999,E,8,999.0,E,8,0.76,E,8,-9900,?,9,-9900,?,9,0.0,E,8,-9900,?,9,-9900,?,9,0.0,0.0,E,8
01/18/2017,12:00,1402.743,1412.393,665.12,1,8,82.42,1,8,583.264,1,8,79814.4,1,8,7829.878,1,8,64159.005,1,8,186.937,1,8,-9900,?,9,-9900,?,9,27.36,E,8,19.73,E,8,63.0,E,8,964.3861999999999,E,8,999.0,E,8,0.76,E,8,-9900,?,9,-9900,?,9,0.0,E,8,-9900,?,9,-9900,?,9,0.0,0.0,E,8
01/18/2017,13:00,1400.643,1412.393,687.75,1,8,95.137,1,8,593.405,1,8,82530.0,1,8,9038.052,1,8,65274.5,1,8,190.472,1,8,-9900,?,9,-9900,?,9,28.29,E,8,19.94,E,8,60.0,E,8,964.3861999999999,E,8,999.0,E,8,0.79,E,8,-9900,?,9,-9900,?,9,0.0,E,8,-9900,?,9,-9900,?,9,0.0,0.0,E,8
01/18/2017,14:00,1315.371,1412.393,662.75,1,8,111.581,1,8,558.838,1,8,79530.0,1,8,10600.226,1,8,61472.212,1,8,191.013,1,8,-9900,?,9,-9900,?,9,28.92,E,8,20.08,E,8,58.0,E,8,964.3861999999999,E,8,999.0,E,8,1.17,E,8,-9900,?,9,-9900,?,9,0.0,E,8,-9900,?,9,-9900,?,9,0.0,0.0,E,8
01/18/2017,15:00,1152.732,1412.393,591.92,1,8,163.678,1,8,458.353,1,8,71030.4,1,8,15549.417,1,8,50418.824,1,8,178.789,1,8,-9900,?,9,-9900,?,9,29.24,E,8,20.15,E,8,58.0,E,8,964.3861999999999,E,8,999.0,E,8,1.24,E,8,-9900,?,9,-9900,?,9,0.0,E,8,-9900,?,9,-9900,?,9,0.0,0.0,E,8
01/18/2017,16:00,923.827,1412.393,480.53,1,8,167.758,1,8,370.845,1,8,57663.6,1,8,15937.022,1,8,40792.923,1,8,180.542,1,8,-9900,?,9,-9900,?,9,29.25,E,8,20.15,E,8,58.0,E,8,964.3861999999999,E,8,999.0,E,8,1.62,E,8,-9900,?,9,-9900,?,9,0.0,E,8,-9900,?,9,-9900,?,9,0.0,0.0,E,8
01/18/2017,17:00,644.331,1412.393,337.34,1,8,333.473,1,8,185.38,1,8,40480.8,1,8,31679.89,1,8,20391.758,1,8,129.492,1,8,-9900,?,9,-9900,?,9,28.8,E,8,20.05,E,8,59.0,E,8,964.3861999999999,E,8,999.0,E,8,2.09,E,8,-9900,?,9,-9900,?,9,0.0,E,8,-9900,?,9,-9900,?,9,0.0,0.0,E,8
01/18/2017,18:00,333.678,1412.393,175.93,1,8,482.445,1,8,62.502,1,8,21111.6,1,8,45832.242,1,8,6875.252,1,8,84.62,1,8,-9900,?,9,-9900,?,9,27.94,E,8,19.86,E,8,61.0,E,8,964.3861999999999,E,8,999.0,E,8,2.22,E,8,-9900,?,9,-9900,?,9,0.0,E,8,-9900,?,9,-9900,?,9,0.0,0.0,E,8
01/18/2017,19:00,20.553,1412.393,28.03,1,8,0.0,1,8,28.03,1,8,3363.6,1,8,0.0,1,8,3083.3,1,8,1254.99,1,8,-9900,?,9,-9900,?,9,26.79,E,8,19.6,E,8,64.0,E,8,964.3861999999999,E,8,999.0,E,8,1.73,E,8,-9900,?,9,-9900,?,9,0.0,E,8,-9900,?,9,-9900,?,9,0.0,0.0,E,8
01/18/2017,20:00,0.0,1412.393,0.0,1,8,0.0,1,8,0.0,1,8,0.0,1,8,0.0,1,8,0.0,1,8,-0.0,1,8,-9900,?,9,-9900,?,9,25.95,E,8,19.41,E,8,67.0,E,8,964.3861999999999,E,8,999.0,E,8,1.14,E,8,-9900,?,9,-9900,?,9,0.0,E,8,-9900,?,9,-9900,?,9,0.0,0.0,E,8
01/18/2017,21:00,0.0,1412.393,0.0,1,8,0.0,1,8,0.0,1,8,0.0,1,8,0.0,1,8,0.0,1,8,-0.0,1,8,-9900,?,9,-9900,?,9,25.1,E,8,19.22,E,8,69.0,E,8,964.3861999999999,E,8,999.0,E,8,0.76,E,8,-9900,?,9,-9900,?,9,0.0,E,8,-9900,?,9,-9900,?,9,0.0,0.0,E,8
01/18/2017,22:00,0.0,1412.393,0.0,1,8,0.0,1,8,0.0,1,8,0.0,1,8,0.0,1,8,0.0,1,8,-0.0,1,8,-9900,?,9,-9900,?,9,24.26,E,8,19.02,E,8,72.0,E,8,964.3861999999999,E,8,999.0,E,8,0.76,E,8,-9900,?,9,-9900,?,9,0.0,E,8,-9900,?,9,-9900,?,9,0.0,0.0,E,8
01/18/2017,23:00,0.0,1412.393,0.0,1,8,0.0,1,8,0.0,1,8,0.0,1,8,0.0,1,8,0.0,1,8,-0.0,1,8,-9900,?,9,-9900,?,9,23.42,E,8,18.83,E,8,75.0,E,8,964.3861999999999,E,8,999.0,E,8,0.76,E,8,-9900,?,9,-9900,?,9,0.0,E,8,-9900,?,9,-9900,?,9,0.0,0.0,E,8
01/18/2017,24:00,0.0,1412.393,0.0,1,8,0.0,1,8,0.0,1,8,0.0,1,8,0.0,1,8,0.0,1,8,-0.0,1,8,-9900,?,9,-9900,?,9,22.58,E,8,19.7,E,8,83.0,E,8,964.3861999999999,E,8,999.0,E,8,0.61,E,8,-9900,?,9,-9900,?,9,0.0,E,8,-9900,?,9,-9900,?,9,0.0,0.0,E,8
01/19/2017,01:00,0.0,1412.393,0.0,1,8,0.0,1,8,0.0,1,8,0.0,1,8,0.0,1,8,0.0,1,8,-0.0,1,8,-9900,?,9,-9900,?,9,22.15,E,8,19.56,E,8,90.0,E,8,964.3861999999999,E,8,999.0,E,8,0.61,E,8,-9900,?,9,-9900,?,9,0.098,E,8,-9900,?,9,-9900,?,9,0.98,99.0,E,8
01/19/2017,02:00,0.0,1412.393,0.0,1,8,0.0,1,8,0.0,1,8,0.0,1,8,0.0,1,8,0.0,1,8,-0.0,1,8,-9900,?,9,-9900,?,9,21.73,E,8,19.43,E,8,86.0,E,8,964.3861999999999,E,8,999.0,E,8,0.61,E,8,-9900,?,9,-9900,?,9,0.0,E,8,-9900,?,9,-9900,?,9,0.0,0.0,E,8
01/19/2017,03:00,0.0,1412.393,0.0,1,8,0.0,1,8,0.0,1,8,0.0,1,8,0.0,1,8,0.0,1,8,-0.0,1,8,-9900,?,9,-9900,?,9,21.31,E,8,19.29,E,8,88.0,E,8,964.3861999999999,E,8,999.0,E,8,0.95,E,8,-9900,?,9,-9900,?,9,0.0,E,8,-9900,?,9,-9900,?,9,0.0,0.0,E,8
01/19/2017,04:00,0.0,1412.167,0.0,1,8,0.0,1,8,0.0,1,8,0.0,1,8,0.0,1,8,0.0,1,8,-0.0,1,8,-9900,?,9,-9900,?,9,20.89,E,8,19.15,E,8,89.0,E,8,964.3861999999999,E,8,999.0,E,8,0.89,E,8,-9900,?,9,-9900,?,9,0.0,E,8,-9900,?,9,-9900,?,9,0.0,0.0,E,8
01/19/2017,05:00,0.0,1412.167,0.0,1,8,0.0,1,8,0.0,1,8,0.0,1,8,0.0,1,8,0.0,1,8,-0.0,1,8,-9900,?,9,-9900,?,9,20.52,E,8,19.03,E,8,91.0,E,8,964.3861999999999,E,8,999.0,E,8,0.91,E,8,-9900,?,9,-9900,?,9,0.0,E,8,-9900,?,9,-9900,?,9,0.0,0.0,E,8
01/19/2017,06:00,32.44,1412.167,0.0,1,8,0.0,1,8,0.0,1,8,0.0,1,8,0.0,1,8,0.0,1,8,0.0,1,8,-9900,?,9,-9900,?,9,20.24,E,8,18.94,E,8,92.0,E,8,964.3861999999999,E,8,999.0,E,8,0.95,E,8,-9900,?,9,-9900,?,9,0.0,E,8,-9900,?,9,-9900,?,9,0.0,0.0,E,8
01/19/2017,07:00,347.017,1412.167,27.21,1,8,0.0,1,8,27.21,1,8,3265.2,1,8,0.0,1,8,2993.1,1,8,35.404,1,8,-9900,?,9,-9900,?,9,19.96,E,8,18.85,E,8,93.0,E,8,964.3861999999999,E,8,999.0,E,8,0.61,E,8,-9900,?,9,-9900,?,9,0.0,E,8,-9900,?,9,-9900,?,9,0.0,0.0,E,8
01/19/2017,08:00,656.83,1412.167,151.93,1,8,1.091,1,8,151.423,1,8,18231.6,1,8,103.636,1,8,16656.545,1,8,103.737,1,8,-9900,?,9,-9900,?,9,21.84,E,8,19.46,E,8,86.0,E,8,964.3861999999999,E,8,999.0,E,8,0.61,E,8,-9900,?,9,-9900,?,9,0.0,E,8,-9900,?,9,-9900,?,9,0.0,0.0,E,8
01/19/2017,09:00,934.589,1412.167,285.78,1,8,24.648,1,8,269.474,1,8,34293.6,1,8,2341.539,1,8,29642.134,1,8,129.657,1,8,-9900,?,9,-9900,?,9,23.22,E,8,19.9,E,8,81.0,E,8,964.3861999999999,E,8,999.0,E,8,0.61,E,8,-9900,?,9,-9900,?,9,0.0,E,8,-9900,?,9,-9900,?,9,0.0,0.0,E,8
01/19/2017,10:00,1160.987,1412.167,403.86,1,8,35.046,1,8,375.052,1,8,48463.2,1,8,3329.351,1,8,41255.698,1,8,145.232,1,8,-9900,?,9,-9900,?,9,24.52,E,8,20.3,E,8,77.0,E,8,964.3861999999999,E,8,999.0,E,8,0.61,E,8,-9900,?,9,-9900,?,9,0.0,E,8,-9900,?,9,-9900,?,9,0.0,0.0,E,8
01/19/2017,11:00,1320.501,1412.167,495.13,1,8,58.37,1,8,440.551,1,8,59415.6,1,8,5545.175,1,8,48460.604,1,8,149.973,1,8,-9900,?,9,-9900,?,9,25.69,E,8,20.66,E,8,73.0,E,8,964.3861999999999,E,8,999.0,E,8,0.7,E,8,-9900,?,9,-9900,?,9,0.0,E,8,-9900,?,9,-9900,?,9,0.0,0.0,E,8
01/19/2017,12:00,1402.219,1412.167,552.42,1,8,66.967,1,8,485.925,1,8,66290.4,1,8,6361.892,1,8,53451.723,1,8,155.773,1,8,-9900,?,9,-9900,?,9,26.67,E,8,20.95,E,8,70.0,E,8,964.3861999999999,E,8,999.0,E,8,0.89,E,8,-9900,?,9,-9900,?,9,0.0,E,8,-9900,?,9,-9900,?,9,0.0,0.0,E,8
01/19/2017,13:00,1400.548,1412.167,571.46,1,8,85.411,1,8,486.752,1,8,68575.2,1,8,8114.034,1,8,53542.748,1,8,156.224,1,8,-9900,?,9,-9900,?,9,27.43,E,8,21.17,E,8,68.0,E,8,964.3861999999999,E,8,999.0,E,8,0.76,E,8,-9900,?,9,-9900,?,9,0.0,E,8,-9900,?,9,-9900,?,9,0.0,0.0,E,8
01/19/2017,14:00,1315.589,1412.167,550.86,1,8,99.966,1,8,457.735,1,8,66103.2,1,8,9496.74,1,8,50350.866,1,8,156.405,1,8,-9900,?,9,-9900,?,9,27.94,E,8,21.32,E,8,67.0,E,8,964.3861999999999,E,8,999.0,E,8,1.01,E,8,-9900,?,9,-9900,?,9,0.0,E,8,-9900,?,9,-9900,?,9,0.0,0.0,E,8
01/19/2017,15:00,1153.126,1412.167,492.11,1,8,78.001,1,8,428.426,1,8,59053.2,1,8,7410.128,1,8,47126.882,1,8,167.032,1,8,-9900,?,9,-9900,?,9,28.2,E,8,21.4,E,8,66.0,E,8,964.3861999999999,E,8,999.0,E,8,1.64,E,8,-9900,?,9,-9900,?,9,0.0,E,8,-9900,?,9,-9900,?,9,0.0,0.0,E,8
01/19/2017,16:00,924.246,1412.167,399.58,1,8,81.259,1,8,346.418,1,8,47949.6,1,8,7719.579,1,8,38105.978,1,8,168.546,1,8,-9900,?,9,-9900,?,9,28.22,E,8,21.4,E,8,66.0,E,8,964.3861999999999,E,8,999.0,E,8,2.06,E,8,-9900,?,9,-9900,?,9,0.0,E,8,-9900,?,9,-9900,?,9,0.0,0.0,E,8
01/19/2017,17:00,644.623,1412.167,280.55,1,8,145.992,1,8,213.982,1,8,33666.0,1,8,13869.249,1,8,23537.994,1,8,149.379,1,8,-9900,?,9,-9900,?,9,27.85,E,8,21.29,E,8,67.0,E,8,964.3861999999999,E,8,999.0,E,8,2.32,E,8,-9900,?,9,-9900,?,9,0.0,E,8,-9900,?,9,-9900,?,9,0.0,0.0,E,8
01/19/2017,18:00,333.701,1412.167,146.3,1,8,265.983,1,8,83.75,1,8,17556.0,1,8,25268.382,1,8,9212.517,1,8,113.361,1,8,-9900,?,9,-9900,?,9,27.15,E,8,21.09,E,8,69.0,E,8,964.3861999999999,E,8,999.0,E,8,2.23,E,8,-9900,?,9,-9900,?,9,0.0,E,8,-9900,?,9,-9900,?,9,0.0,0.0,E,8
01/19/2017,19:00,20.227,1412.167,23.25,1,8,0.0,1,8,23.25,1,8,2790.0,1,8,0.0,1,8,2557.5,1,8,1080.64,1,8,-9900,?,9,-9900,?,9,26.22,E,8,20.82,E,8,72.0,E,8,964.3861999999999,E,8,999.0,E,8,1.29,E,8,-9900,?,9,-9900,?,9,0.0,E,8,-9900,?,9,-9900,?,9,0.0,0.0,E,8
01/19/2017,20:00,0.0,1412.167,0.0,1,8,0.0,1,8,0.0,1,8,0.0,1,8,0.0,1,8,0.0,1,8,-0.0,1,8,-9900,?,9,-9900,?,9,25.44,E,8,20.58,E,8,79.0,E,8,964.3861999999999,E,8,999.0,E,8,0.78,E,8,-9900,?,9,-9900,?,9,0.002,E,8,-9900,?,9,-9900,?,9,0.02,99.0,E,8
01/19/2017,21:00,0.0,1412.167,0.0,1,8,0.0,1,8,0.0,1,8,0.0,1,8,0.0,1,8,0.0,1,8,-0.0,1,8,-9900,?,9,-9900,?,9,24.67,E,8,20.35,E,8,76.0,E,8,964.3861999999999,E,8,999.0,E,8,0.61,E,8,-9900,?,9,-9900,?,9,0.0,E,8,-9900,?,9,-9900,?,9,0.0,0.0,E,8
01/19/2017,22:00,0.0,1412.167,0.0,1,8,0.0,1,8,0.0,1,8,0.0,1,8,0.0,1,8,0.0,1,8,-0.0,1,8,-9900,?,9,-9900,?,9,23.9,E,8,20.11,E,8,79.0,E,8,964.3861999999999,E,8,999.0,E,8,0.61,E,8,-9900,?,9,-9900,?,9,0.0,E,8,-9900,?,9,-9900,?,9,0.0,0.0,E,8
01/19/2017,23:00,0.0,1412.167,0.0,1,8,0.0,1,8,0.0,1,8,0.0,1,8,0.0,1,8,0.0,1,8,-0.0,1,8,-9900,?,9,-9900,?,9,23.13,E,8,19.87,E,8,81.0,E,8,964.3861999999999,E,8,999.0,E,8,1.27,E,8,-9900,?,9,-9900,?,9,0.0,E,8,-9900,?,9,-9900,?,9,0.0,0.0,E,8
01/19/2017,24:00,0.0,1412.167,0.0,1,8,0.0,1,8,0.0,1,8,0.0,1,8,0.0,1,8,0.0,1,8,-0.0,1,8,-9900,?,9,-9900,?,9,22.35,E,8,18.95,E,8,81.0,E,8,964.3861999999999,E,8,999.0,E,8,3.21,E,8,-9900,?,9,-9900,?,9,0.0,E,8,-9900,?,9,-9900,?,9,0.0,0.0,E,8
01/20/2017,01:00,0.0,1412.167,0.0,1,8,0.0,1,8,0.0,1,8,0.0,1,8,0.0,1,8,0.0,1,8,-0.0,1,8,-9900,?,9,-9900,?,9,21.97,E,8,18.9,E,8,82.0,E,8,964.3861999999999,E,8,999.0,E,8,1.84,E,8,-9900,?,9,-9900,?,9,0.0,E,8,-9900,?,9,-9900,?,9,0.0,0.0,E,8
01/20/2017,02:00,0.0,1412.167,0.0,1,8,0.0,1,8,0.0,1,8,0.0,1,8,0.0,1,8,0.0,1,8,-0.0,1,8,-9900,?,9,-9900,?,9,21.58,E,8,18.85,E,8,84.0,E,8,964.3861999999999,E,8,999.0,E,8,1.86,E,8,-9900,?,9,-9900,?,9,0.0,E,8,-9900,?,9,-9900,?,9,0.0,0.0,E,8
01/20/2017,03:00,0.0,1412.167,0.0,1,8,0.0,1,8,0.0,1,8,0.0,1,8,0.0,1,8,0.0,1,8,-0.0,1,8,-9900,?,9,-9900,?,9,21.2,E,8,18.8,E,8,86.0,E,8,964.3861999999999,E,8,999.0,E,8,1.0,E,8,-9900,?,9,-9900,?,9,0.0,E,8,-9900,?,9,-9900,?,9,0.0,0.0,E,8
01/20/2017,04:00,0.0,1411.927,0.0,1,8,0.0,1,8,0.0,1,8,0.0,1,8,0.0,1,8,0.0,1,8,-0.0,1,8,-9900,?,9,-9900,?,9,20.81,E,8,18.75,E,8,88.0,E,8,964.3861999999999,E,8,999.0,E,8,1.37,E,8,-9900,?,9,-9900,?,9,0.0,E,8,-9900,?,9,-9900,?,9,0.0,0.0,E,8
01/20/2017,05:00,0.0,1411.927,0.0,1,8,0.0,1,8,0.0,1,8,0.0,1,8,0.0,1,8,0.0,1,8,-0.0,1,8,-9900,?,9,-9900,?,9,20.47,E,8,18.71,E,8,89.0,E,8,964.3861999999999,E,8,999.0,E,8,1.94,E,8,-9900,?,9,-9900,?,9,0.0,E,8,-9900,?,9,-9900,?,9,0.0,0.0,E,8
01/20/2017,06:00,29.2,1411.927,0.0,1,8,0.0,1,8,0.0,1,8,0.0,1,8,0.0,1,8,0.0,1,8,0.0,1,8,-9900,?,9,-9900,?,9,20.21,E,8,18.67,E,8,90.0,E,8,964.3861999999999,E,8,999.0,E,8,2.08,E,8,-9900,?,9,-9900,?,9,0.0,E,8,-9900,?,9,-9900,?,9,0.0,0.0,E,8
01/20/2017,07:00,343.813,1411.927,93.2,1,8,27.667,1,8,86.494,1,8,11184.0,1,8,2628.323,1,8,9514.289,1,8,113.578,1,8,-9900,?,9,-9900,?,9,19.96,E,8,18.64,E,8,92.0,E,8,964.3861999999999,E,8,999.0,E,8,2.8,E,8,-9900,?,9,-9900,?,9,0.0,E,8,-9900,?,9,-9900,?,9,0.0,0.0,E,8
01/20/2017,08:00,654.102,1411.927,306.63,1,8,210.474,1,8,209.228,1,8,36795.6,1,8,19995.001,1,8,23015.113,1,8,143.914,1,8,-9900,?,9,-9900,?,9,23.17,E,8,19.06,E,8,77.0,E,8,964.3861999999999,E,8,999.0,E,8,2.9,E,8,-9900,?,9,-9900,?,9,0.0,E,8,-9900,?,9,-9900,?,9,0.0,0.0,E,8
01/20/2017,09:00,932.406,1411.927,489.11,1,8,171.911,1,8,375.627,1,8,58693.2,1,8,16331.516,1,8,41318.966,1,8,181.125,1,8,-9900,?,9,-9900,?,9,24.72,E,8,19.26,E,8,71.0,E,8,964.3861999999999,E,8,999.0,E,8,3.12,E,8,-9900,?,9,-9900,?,9,0.0,E,8,-9900,?,9,-9900,?,9,0.0,0.0,E,8
01/20/2017,10:00,1159.374,1411.927,608.6,1,8,177.504,1,8,462.867,1,8,73032.0,1,8,16862.853,1,8,50915.388,1,8,179.455,1,8,-9900,?,9,-9900,?,9,25.98,E,8,19.42,E,8,67.0,E,8,964.3861999999999,E,8,999.0,E,8,2.76,E,8,-9900,?,9,-9900,?,9,0.0,E,8,-9900,?,9,-9900,?,9,0.0,0.0,E,8
01/20/2017,11:00,1319.444,1411.927,732.13,1,8,163.3,1,8,579.533,1,8,87855.6,1,8,15513.505,1,8,63748.609,1,8,197.409,1,8,-9900,?,9,-9900,?,9,27.13,E,8,19.56,E,8,63.0,E,8,964.3861999999999,E,8,999.0,E,8,3.77,E,8,-9900,?,9,-9900,?,9,0.0,E,8,-9900,?,9,-9900,?,9,0.0,0.0,E,8
01/20/2017,12:00,1401.663,1411.927,820.53,1,8,333.998,1,8,488.961,1,8,98463.6,1,8,31729.797,1,8,53785.75,1,8,156.782,1,8,-9900,?,9,-9900,?,9,28.13,E,8,19.69,E,8,60.0,E,8,964.3861999999999,E,8,999.0,E,8,5.26,E,8,-9900,?,9,-9900,?,9,0.0,E,8,-9900,?,9,-9900,?,9,0.0,0.0,E,8
01/20/2017,13:00,1400.406,1411.927,886.59,1,8,472.955,1,8,417.496,1,8,106390.8,1,8,44930.732,1,8,45924.573,1,8,133.987,1,8,-9900,?,9,-9900,?,9,29.0,E,8,19.79,E,8,57.0,E,8,964.3861999999999,E,8,999.0,E,8,5.83,E,8,-9900,?,9,-9900,?,9,0.0,E,8,-9900,?,9,-9900,?,9,0.0,0.0,E,8
01/20/2017,14:00,1315.743,1411.927,736.35,1,8,317.521,1,8,440.472,1,8,88362.0,1,8,30164.528,1,8,48451.916,1,8,150.463,1,8,-9900,?,9,-9900,?,9,29.35,E,8,19.84,E,8,56.0,E,8,964.3861999999999,E,8,999.0,E,8,6.46,E,8,-9900,?,9,-9900,?,9,0.0,E,8,-9900,?,9,-9900,?,9,0.0,0.0,E,8
01/20/2017,15:00,1153.44,1411.927,647.72,1,8,298.299,1,8,404.068,1,8,77726.4,1,8,28338.397,1,8,44447.427,1,8,157.465,1,8,-9900,?,9,-9900,?,9,29.46,E,8,19.85,E,8,56.0,E,8,964.3861999999999,E,8,999.0,E,8,6.47,E,8,-9900,?,9,-9900,?,9,0.0,E,8,-9900,?,9,-9900,?,9,0.0,0.0,E,8
01/20/2017,16:00,924.571,1411.927,627.98,1,8,663.579,1,8,193.619,1,8,75357.6,1,8,63039.96,1,8,21298.122,1,8,94.154,1,8,-9900,?,9,-9900,?,9,29.52,E,8,19.86,E,8,56.0,E,8,964.3861999999999,E,8,999.0,E,8,6.35,E,8,-9900,?,9,-9900,?,9,0.0,E,8,-9900,?,9,-9900,?,9,0.0,0.0,E,8
01/20/2017,17:00,644.809,1411.927,391.43,1,8,548.387,1,8,141.266,1,8,46971.6,1,8,52096.758,1,8,15539.264,1,8,98.571,1,8,-9900,?,9,-9900,?,9,29.02,E,8,19.8,E,8,57.0,E,8,964.3861999999999,E,8,999.0,E,8,6.75,E,8,-9900,?,9,-9900,?,9,0.0,E,8,-9900,?,9,-9900,?,9,0.0,0.0,E,8
01/20/2017,18:00,333.61,1411.927,128.48,1,8,159.357,1,8,91.009,1,8,15417.6,1,8,15138.914,1,8,10010.962,1,8,123.199,1,8,-9900,?,9,-9900,?,9,28.0,E,8,19.67,E,8,60.0,E,8,964.3861999999999,E,8,999.0,E,8,5.06,E,8,-9900,?,9,-9900,?,9,0.0,E,8,-9900,?,9,-9900,?,9,0.0,0.0,E,8
01/20/2017,19:00,19.796,1411.927,32.98,1,8,0.0,1,8,32.98,1,8,3957.6,1,8,0.0,1,8,3627.8,1,8,1614.382,1,8,-9900,?,9,-9900,?,9,26.93,E,8,19.54,E,8,63.0,E,8,964.3861999999999,E,8,999.0,E,8,3.86,E,8,-9900,?,9,-9900,?,9,0.0,E,8,-9900,?,9,-9900,?,9,0.0,0.0,E,8
01/20/2017,20:00,0.0,1411.927,0.0,1,8,0.0,1,8,0.0,1,8,0.0,1,8,0.0,1,8,0.0,1,8,-0.0,1,8,-9900,?,9,-9900,?,9,26.06,E,8,19.43,E,8,66.0,E,8,964.3861999999999,E,8,999.0,E,8,3.05,E,8,-9900,?,9,-9900,?,9,0.0,E,8,-9900,?,9,-9900,?,9,0.0,0.0,E,8
01/20/2017,21:00,0.0,1411.927,0.0,1,8,0.0,1,8,0.0,1,8,0.0,1,8,0.0,1,8,0.0,1,8,-0.0,1,8,-9900,?,9,-9900,?,9,25.18,E,8,19.32,E,8,69.0,E,8,964.3861999999999,E,8,999.0,E,8,2.55,E,8,-9900,?,9,-9900,?,9,0.0,E,8,-9900,?,9,-9900,?,9,0.0,0.0,E,8
01/20/2017,22:00,0.0,1411.927,0.0,1,8,0.0,1,8,0.0,1,8,0.0,1,8,0.0,1,8,0.0,1,8,-0.0,1,8,-9900,?,9,-9900,?,9,24.3,E,8,19.2,E,8,73.0,E,8,964.3861999999999,E,8,999.0,E,8,0.94,E,8,-9900,?,9,-9900,?,9,0.0,E,8,-9900,?,9,-9900,?,9,0.0,0.0,E,8
01/20/2017,23:00,0.0,1411.927,0.0,1,8,0.0,1,8,0.0,1,8,0.0,1,8,0.0,1,8,0.0,1,8,-0.0,1,8,-9900,?,9,-9900,?,9,23.43,E,8,19.09,E,8,76.0,E,8,964.3861999999999,E,8,999.0,E,8,0.94,E,8,-9900,?,9,-9900,?,9,0.0,E,8,-9900,?,9,-9900,?,9,0.0,0.0,E,8
01/20/2017,24:00,0.0,1411.927,0.0,1,8,0.0,1,8,0.0,1,8,0.0,1,8,0.0,1,8,0.0,1,8,-0.0,1,8,-9900,?,9,-9900,?,9,22.55,E,8,18.5,E,8,77.0,E,8,964.3861999999999,E,8,999.0,E,8,0.87,E,8,-9900,?,9,-9900,?,9,0.0,E,8,-9900,?,9,-9900,?,9,0.0,0.0,E,8
01/21/2017,01:00,0.0,1411.927,0.0,1,8,0.0,1,8,0.0,1,8,0.0,1,8,0.0,1,8,0.0,1,8,-0.0,1,8,-9900,?,9,-9900,?,9,22.11,E,8,18.41,E,8,79.0,E,8,964.3861999999999,E,8,999.0,E,8,0.82,E,8,-9900,?,9,-9900,?,9,0.0,E,8,-9900,?,9,-9900,?,9,0.0,0.0,E,8
01/21/2017,02:00,0.0,1411.927,0.0,1,8,0.0,1,8,0.0,1,8,0.0,1,8,0.0,1,8,0.0,1,8,-0.0,1,8,-9900,?,9,-9900,?,9,21.68,E,8,18.32,E,8,81.0,E,8,964.3861999999999,E,8,999.0,E,8,0.82,E,8,-9900,?,9,-9900,?,9,0.0,E,8,-9900,?,9,-9900,?,9,0.0,0.0,E,8
01/21/2017,03:00,0.0,1411.927,0.0,1,8,0.0,1,8,0.0,1,8,0.0,1,8,0.0,1,8,0.0,1,8,-0.0,1,8,-9900,?,9,-9900,?,9,21.24,E,8,18.23,E,8,82.0,E,8,964.3861999999999,E,8,999.0,E,8,0.82,E,8,-9900,?,9,-9900,?,9,0.0,E,8,-9900,?,9,-9900,?,9,0.0,0.0,E,8
01/21/2017,04:00,0.0,1411.672,0.0,1,8,0.0,1,8,0.0,1,8,0.0,1,8,0.0,1,8,0.0,1,8,-0.0,1,8,-9900,?,9,-9900,?,9,20.8,E,8,18.14,E,8,84.0,E,8,964.3861999999999,E,8,999.0,E,8,0.82,E,8,-9900,?,9,-9900,?,9,0.0,E,8,-9900,?,9,-9900,?,9,0.0,0.0,E,8
01/21/2017,05:00,0.0,1411.672,0.0,1,8,0.0,1,8,0.0,1,8,0.0,1,8,0.0,1,8,0.0,1,8,-0.0,1,8,-9900,?,9,-9900,?,9,20.41,E,8,18.05,E,8,86.0,E,8,964.3861999999999,E,8,999.0,E,8,0.82,E,8,-9900,?,9,-9900,?,9,0.0,E,8,-9900,?,9,-9900,?,9,0.0,0.0,E,8
01/21/2017,06:00,25.985,1411.672,0.0,1,8,0.0,1,8,0.0,1,8,0.0,1,8,0.0,1,8,0.0,1,8,0.0,1,8,-9900,?,9,-9900,?,9,20.12,E,8,17.99,E,8,87.0,E,8,964.3861999999999,E,8,999.0,E,8,0.82,E,8,-9900,?,9,-9900,?,9,0.0,E,8,-9900,?,9,-9900,?,9,0.0,0.0,E,8
01/21/2017,07:00,340.617,1411.672,36.52,1,8,0.0,1,8,36.52,1,8,4382.4,1,8,0.0,1,8,4017.2,1,8,48.401,1,8,-9900,?,9,-9900,?,9,19.83,E,8,17.93,E,8,88.0,E,8,964.3861999999999,E,8,999.0,E,8,0.82,E,8,-9900,?,9,-9900,?,9,0.0,E,8,-9900,?,9,-9900,?,9,0.0,0.0,E,8
01/21/2017,08:00,651.38,1411.672,183.08,1,8,22.73,1,8,172.603,1,8,21969.6,1,8,2159.359,1,8,18986.341,1,8,119.197,1,8,-9900,?,9,-9900,?,9,21.51,E,8,18.28,E,8,81.0,E,8,964.3861999999999,E,8,999.0,E,8,0.82,E,8,-9900,?,9,-9900,?,9,0.0,E,8,-9900,?,9,-9900,?,9,0.0,0.0,E,8
01/21/2017,09:00,930.225,1411.672,388.7,1,8,105.322,1,8,319.324,1,8,46644.0,1,8,10005.623,1,8,35125.649,1,8,154.31,1,8,-9900,?,9,-9900,?,9,22.94,E,8,18.58,E,8,76.0,E,8,964.3861999999999,E,8,999.0,E,8,1.02,E,8,-9900,?,9,-9900,?,9,0.0,E,8,-9900,?,9,-9900,?,9,0.0,0.0,E,8
01/21/2017,10:00,1157.756,1411.672,640.79,1,8,274.984,1,8,415.3,1,8,76894.8,1,8,26123.443,1,8,45682.962,1,8,161.209,1,8,-9900,?,9,-9900,?,9,24.62,E,8,18.92,E,8,70.0,E,8,964.3861999999999,E,8,999.0,E,8,1.52,E,8,-9900,?,9,-9900,?,9,0.0,E,8,-9900,?,9,-9900,?,9,0.0,0.0,E,8
01/21/2017,11:00,1318.368,1411.672,1034.47,1,8,899.497,1,8,194.461,1,8,124136.4,1,8,85452.169,1,8,21390.715,1,8,66.282,1,8,-9900,?,9,-9900,?,9,26.83,E,8,19.35,E,8,63.0,E,8,964.3861999999999,E,8,999.0,E,8,1.96,E,8,-9900,?,9,-9900,?,9,0.0,E,8,-9900,?,9,-9900,?,9,0.0,0.0,E,8
01/21/2017,12:00,1401.076,1411.672,1060.7,1,8,745.946,1,8,320.356,1,8,127284.0,1,8,70864.873,1,8,35239.202,1,8,102.744,1,8,-9900,?,9,-9900,?,9,28.37,E,8,19.65,E,8,59.0,E,8,964.3861999999999,E,8,999.0,E,8,2.3,E,8,-9900,?,9,-9900,?,9,0.0,E,8,-9900,?,9,-9900,?,9,0.0,0.0,E,8
01/21/2017,13:00,1400.216,1411.672,885.46,1,8,471.29,1,8,417.997,1,8,106255.2,1,8,44772.545,1,8,45979.654,1,8,134.142,1,8,-9900,?,9,-9900,?,9,29.09,E,8,19.79,E,8,57.0,E,8,964.3861999999999,E,8,999.0,E,8,2.16,E,8,-9900,?,9,-9900,?,9,0.0,E,8,-9900,?,9,-9900,?,9,0.0,0.0,E,8
01/21/2017,14:00,1315.833,1411.672,834.97,1,8,514.106,1,8,355.789,1,8,100196.4,1,8,48840.029,1,8,39136.736,1,8,121.505,1,8,-9900,?,9,-9900,?,9,29.53,E,8,19.87,E,8,56.0,E,8,964.3861999999999,E,8,999.0,E,8,1.38,E,8,-9900,?,9,-9900,?,9,0.0,E,8,-9900,?,9,-9900,?,9,0.0,0.0,E,8
01/21/2017,15:00,1153.672,1411.672,664.51,1,8,336.107,1,8,389.871,1,8,79741.2,1,8,31930.156,1,8,42885.783,1,8,151.875,1,8,-9900,?,9,-9900,?,9,29.59,E,8,19.88,E,8,56.0,E,8,964.3861999999999,E,8,999.0,E,8,1.09,E,8,-9900,?,9,-9900,?,9,0.0,E,8,-9900,?,9,-9900,?,9,0.0,0.0,E,8
01/21/2017,16:00,924.799,1411.672,453.24,1,8,199.801,1,8,322.399,1,8,54388.8,1,8,18981.128,1,8,35463.93,1,8,156.711,1,8,-9900,?,9,-9900,?,9,29.11,E,8,19.79,E,8,57.0,E,8,964.3861999999999,E,8,999.0,E,8,0.97,E,8,-9900,?,9,-9900,?,9,0.0,E,8,-9900,?,9,-9900,?,9,0.0,0.0,E,8
01/21/2017,17:00,644.888,1411.672,203.9,1,8,46.545,1,8,182.66,1,8,24468.0,1,8,4421.797,1,8,20092.653,1,8,127.416,1,8,-9900,?,9,-9900,?,9,28.13,E,8,19.61,E,8,59.0,E,8,964.3861999999999,E,8,999.0,E,8,0.91,E,8,-9900,?,9,-9900,?,9,0.0,E,8,-9900,?,9,-9900,?,9,0.0,0.0,E,8
01/21/2017,18:00,333.403,1411.672,80.02,1,8,0.0,1,8,80.02,1,8,9602.4,1,8,0.0,1,8,8802.2,1,8,108.371,1,8,-9900,?,9,-9900,?,9,27.04,E,8,19.4,E,8,63.0,E,8,964.3861999999999,E,8,999.0,E,8,0.85,E,8,-9900,?,9,-9900,?,9,0.0,E,8,-9900,?,9,-9900,?,9,0.0,0.0,E,8
01/21/2017,19:00,19.262,1411.672,33.42,1,8,0.0,1,8,33.42,1,8,4010.4,1,8,0.0,1,8,3676.2,1,8,1751.987,1,8,-9900,?,9,-9900,?,9,26.03,E,8,19.2,E,8,66.0,E,8,964.3861999999999,E,8,999.0,E,8,0.82,E,8,-9900,?,9,-9900,?,9,0.0,E,8,-9900,?,9,-9900,?,9,0.0,0.0,E,8
01/21/2017,20:00,0.0,1411.672,0.0,1,8,0.0,1,8,0.0,1,8,0.0,1,8,0.0,1,8,0.0,1,8,-0.0,1,8,-9900,?,9,-9900,?,9,25.11,E,8,19.02,E,8,68.0,E,8,964.3861999999999,E,8,999.0,E,8,0.82,E,8,-9900,?,9,-9900,?,9,0.0,E,8,-9900,?,9,-9900,?,9,0.0,0.0,E,8
01/21/2017,21:00,0.0,1411.672,0.0,1,8,0.0,1,8,0.0,1,8,0.0,1,8,0.0,1,8,0.0,1,8,-0.0,1,8,-9900,?,9,-9900,?,9,24.19,E,8,18.83,E,8,72.0,E,8,964.3861999999999,E,8,999.0,E,8,0.82,E,8,-9900,?,9,-9900,?,9,0.0,E,8,-9900,?,9,-9900,?,9,0.0,0.0,E,8
01/21/2017,22:00,0.0,1411.672,0.0,1,8,0.0,1,8,0.0,1,8,0.0,1,8,0.0,1,8,0.0,1,8,-0.0,1,8,-9900,?,9,-9900,?,9,23.27,E,8,18.65,E,8,75.0,E,8,964.3861999999999,E,8,999.0,E,8,0.82,E,8,-9900,?,9,-9900,?,9,0.0,E,8,-9900,?,9,-9900,?,9,0.0,0.0,E,8
01/21/2017,23:00,0.0,1411.672,0.0,1,8,0.0,1,8,0.0,1,8,0.0,1,8,0.0,1,8,0.0,1,8,-0.0,1,8,-9900,?,9,-9900,?,9,22.35,E,8,18.46,E,8,78.0,E,8,964.3861999999999,E,8,999.0,E,8,0.82,E,8,-9900,?,9,-9900,?,9,0.0,E,8,-9900,?,9,-9900,?,9,0.0,0.0,E,8
01/21/2017,24:00,0.0,1411.672,0.0,1,8,0.0,1,8,0.0,1,8,0.0,1,8,0.0,1,8,0.0,1,8,-0.0,1,8,-9900,?,9,-9900,?,9,21.42,E,8,19.42,E,8,88.0,E,8,964.3861999999999,E,8,999.0,E,8,1.0,E,8,-9900,?,9,-9900,?,9,0.0,E,8,-9900,?,9,-9900,?,9,0.0,0.0,E,8
01/22/2017,01:00,0.0,1411.672,0.0,1,8,0.0,1,8,0.0,1,8,0.0,1,8,0.0,1,8,0.0,1,8,-0.0,1,8,-9900,?,9,-9900,?,9,20.96,E,8,19.27,E,8,90.0,E,8,964.3861999999999,E,8,999.0,E,8,1.0,E,8,-9900,?,9,-9900,?,9,0.0,E,8,-9900,?,9,-9900,?,9,0.0,0.0,E,8
01/22/2017,02:00,0.0,1411.672,0.0,1,8,0.0,1,8,0.0,1,8,0.0,1,8,0.0,1,8,0.0,1,8,-0.0,1,8,-9900,?,9,-9900,?,9,20.5,E,8,19.11,E,8,91.0,E,8,964.3861999999999,E,8,999.0,E,8,1.0,E,8,-9900,?,9,-9900,?,9,0.0,E,8,-9900,?,9,-9900,?,9,0.0,0.0,E,8
01/22/2017,03:00,0.0,1411.672,0.0,1,8,0.0,1,8,0.0,1,8,0.0,1,8,0.0,1,8,0.0,1,8,-0.0,1,8,-9900,?,9,-9900,?,9,20.04,E,8,18.95,E,8,93.0,E,8,964.3861999999999,E,8,999.0,E,8,1.0,E,8,-9900,?,9,-9900,?,9,0.0,E,8,-9900,?,9,-9900,?,9,0.0,0.0,E,8
01/22/2017,04:00,0.0,1411.403,0.0,1,8,0.0,1,8,0.0,1,8,0.0,1,8,0.0,1,8,0.0,1,8,-0.0,1,8,-9900,?,9,-9900,?,9,19.58,E,8,18.79,E,8,95.0,E,8,964.3861999999999,E,8,999.0,E,8,1.0,E,8,-9900,?,9,-9900,?,9,0.0,E,8,-9900,?,9,-9900,?,9,0.0,0.0,E,8
01/22/2017,05:00,0.0,1411.403,0.0,1,8,0.0,1,8,0.0,1,8,0.0,1,8,0.0,1,8,0.0,1,8,-0.0,1,8,-9900,?,9,-9900,?,9,19.18,E,8,18.65,E,8,96.0,E,8,964.3861999999999,E,8,999.0,E,8,1.0,E,8,-9900,?,9,-9900,?,9,0.0,E,8,-9900,?,9,-9900,?,9,0.0,0.0,E,8
01/22/2017,06:00,22.799,1411.403,0.0,1,8,0.0,1,8,0.0,1,8,0.0,1,8,0.0,1,8,0.0,1,8,0.0,1,8,-9900,?,9,-9900,?,9,18.87,E,8,18.54,E,8,97.0,E,8,964.3861999999999,E,8,999.0,E,8,1.0,E,8,-9900,?,9,-9900,?,9,0.0,E,8,-9900,?,9,-9900,?,9,0.0,0.0,E,8
01/22/2017,07:00,337.429,1411.403,115.61,1,8,85.825,1,8,95.188,1,8,13873.2,1,8,8153.406,1,8,10470.678,1,8,127.335,1,8,-9900,?,9,-9900,?,9,18.57,E,8,18.43,E,8,99.0,E,8,964.3861999999999,E,8,999.0,E,8,1.0,E,8,-9900,?,9,-9900,?,9,0.0,E,8,-9900,?,9,-9900,?,9,0.0,0.0,E,8
01/22/2017,08:00,648.666,1411.403,371.88,1,8,408.437,1,8,184.371,1,8,44625.6,1,8,38801.541,1,8,20280.816,1,8,127.834,1,8,-9900,?,9,-9900,?,9,23.53,E,8,20.12,E,8,81.0,E,8,964.3861999999999,E,8,999.0,E,8,1.0,E,8,-9900,?,9,-9900,?,9,0.0,E,8,-9900,?,9,-9900,?,9,0.0,0.0,E,8
01/22/2017,09:00,928.047,1411.403,341.57,1,8,97.347,1,8,277.585,1,8,40988.4,1,8,9248.009,1,8,30534.378,1,8,134.43,1,8,-9900,?,9,-9900,?,9,24.19,E,8,20.33,E,8,79.0,E,8,964.3861999999999,E,8,999.0,E,8,1.0,E,8,-9900,?,9,-9900,?,9,0.0,E,8,-9900,?,9,-9900,?,9,0.0,0.0,E,8
01/22/2017,10:00,1156.131,1411.403,347.75,1,8,25.756,1,8,326.655,1,8,41730.0,1,8,2446.81,1,8,35932.1,1,8,126.954,1,8,-9900,?,9,-9900,?,9,24.56,E,8,20.45,E,8,77.0,E,8,964.3861999999999,E,8,999.0,E,8,1.0,E,8,-9900,?,9,-9900,?,9,0.0,E,8,-9900,?,9,-9900,?,9,0.0,0.0,E,8
01/22/2017,11:00,1317.275,1411.403,317.54,1,8,24.239,1,8,294.918,1,8,38104.8,1,8,2302.727,1,8,32441.012,1,8,100.588,1,8,-9900,?,9,-9900,?,9,24.65,E,8,20.48,E,8,77.0,E,8,964.3861999999999,E,8,999.0,E,8,1.0,E,8,-9900,?,9,-9900,?,9,0.0,E,8,-9900,?,9,-9900,?,9,0.0,0.0,E,8
01/22/2017,12:00,1400.454,1411.403,793.3,1,8,241.53,1,8,553.645,1,8,95196.0,1,8,22945.324,1,8,60900.942,1,8,177.609,1,8,-9900,?,9,-9900,?,9,26.33,E,8,21.0,E,8,72.0,E,8,964.3861999999999,E,8,999.0,E,8,1.0,E,8,-9900,?,9,-9900,?,9,0.0,E,8,-9900,?,9,-9900,?,9,0.0,0.0,E,8
01/22/2017,13:00,1399.975,1411.403,981.43,1,8,570.135,1,8,415.913,1,8,117771.6,1,8,54162.862,1,8,45750.474,1,8,133.471,1,8,-9900,?,9,-9900,?,9,28.07,E,8,21.53,E,8,67.0,E,8,964.3861999999999,E,8,999.0,E,8,1.0,E,8,-9900,?,9,-9900,?,9,0.0,E,8,-9900,?,9,-9900,?,9,0.0,0.0,E,8
01/22/2017,14:00,1315.855,1411.403,735.61,1,8,392.622,1,8,369.584,1,8,88273.2,1,8,37299.068,1,8,40654.208,1,8,126.19,1,8,-9900,?,9,-9900,?,9,28.76,E,8,21.73,E,8,65.0,E,8,964.3861999999999,E,8,999.0,E,8,1.0,E,8,-9900,?,9,-9900,?,9,0.0,E,8,-9900,?,9,-9900,?,9,0.0,0.0,E,8
01/22/2017,15:00,1153.821,1411.403,403.56,1,8,66.293,1,8,349.374,1,8,48427.2,1,8,6297.822,1,8,38431.087,1,8,136.055,1,8,-9900,?,9,-9900,?,9,28.38,E,8,21.62,E,8,66.0,E,8,964.3861999999999,E,8,999.0,E,8,1.0,E,8,-9900,?,9,-9900,?,9,0.0,E,8,-9900,?,9,-9900,?,9,0.0,0.0,E,8
01/22/2017,16:00,924.93,1411.403,171.92,1,8,1.911,1,8,170.668,1,8,20630.4,1,8,181.537,1,8,18773.504,1,8,82.93,1,8,-9900,?,9,-9900,?,9,27.28,E,8,21.29,E,8,69.0,E,8,964.3861999999999,E,8,999.0,E,8,1.0,E,8,-9900,?,9,-9900,?,9,0.0,E,8,-9900,?,9,-9900,?,9,0.0,0.0,E,8
01/22/2017,17:00,644.858,1411.403,312.06,1,8,270.651,1,8,188.539,1,8,37447.2,1,8,25711.853,1,8,20739.262,1,8,131.498,1,8,-9900,?,9,-9900,?,9,26.82,E,8,21.15,E,8,71.0,E,8,964.3861999999999,E,8,999.0,E,8,1.0,E,8,-9900,?,9,-9900,?,9,0.0,E,8,-9900,?,9,-9900,?,9,0.0,0.0,E,8
01/22/2017,18:00,333.08,1411.403,162.54,1,8,381.036,1,8,73.053,1,8,19504.8,1,8,36198.452,1,8,8035.839,1,8,99.014,1,8,-9900,?,9,-9900,?,9,26.01,E,8,20.9,E,8,73.0,E,8,964.3861999999999,E,8,999.0,E,8,1.0,E,8,-9900,?,9,-9900,?,9,0.0,E,8,-9900,?,9,-9900,?,9,0.0,0.0,E,8
01/22/2017,19:00,18.623,1411.403,25.48,1,8,0.0,1,8,25.48,1,8,3057.6,1,8,0.0,1,8,2802.8,1,8,1459.823,1,8,-9900,?,9,-9900,?,9,24.96,E,8,20.57,E,8,76.0,E,8,964.3861999999999,E,8,999.0,E,8,1.0,E,8,-9900,?,9,-9900,?,9,0.0,E,8,-9900,?,9,-9900,?,9,0.0,0.0,E,8
01/22/2017,20:00,0.0,1411.403,0.0,1,8,0.0,1,8,0.0,1,8,0.0,1,8,0.0,1,8,0.0,1,8,-0.0,1,8,-9900,?,9,-9900,?,9,24.13,E,8,20.31,E,8,79.0,E,8,964.3861999999999,E,8,999.0,E,8,1.0,E,8,-9900,?,9,-9900,?,9,0.0,E,8,-9900,?,9,-9900,?,9,0.0,0.0,E,8
01/22/2017,21:00,0.0,1411.403,0.0,1,8,0.0,1,8,0.0,1,8,0.0,1,8,0.0,1,8,0.0,1,8,-0.0,1,8,-9900,?,9,-9900,?,9,23.3,E,8,20.04,E,8,81.0,E,8,964.3861999999999,E,8,999.0,E,8,1.0,E,8,-9900,?,9,-9900,?,9,0.0,E,8,-9900,?,9,-9900,?,9,0.0,0.0,E,8
01/22/2017,22:00,0.0,1411.403,0.0,1,8,0.0,1,8,0.0,1,8,0.0,1,8,0.0,1,8,0.0,1,8,-0.0,1,8,-9900,?,9,-9900,?,9,22.48,E,8,19.77,E,8,84.0,E,8,964.3861999999999,E,8,999.0,E,8,1.0,E,8,-9900,?,9,-9900,?,9,0.0,E,8,-9900,?,9,-9900,?,9,0.0,0.0,E,8
01/22/2017,23:00,0.0,1411.403,0.0,1,8,0.0,1,8,0.0,1,8,0.0,1,8,0.0,1,8,0.0,1,8,-0.0,1,8,-9900,?,9,-9900,?,9,21.65,E,8,19.5,E,8,87.0,E,8,964.3861999999999,E,8,999.0,E,8,1.0,E,8,-9900,?,9,-9900,?,9,0.0,E,8,-9900,?,9,-9900,?,9,0.0,0.0,E,8
01/22/2017,24:00,0.0,1411.403,0.0,1,8,0.0,1,8,0.0,1,8,0.0,1,8,0.0,1,8,0.0,1,8,-0.0,1,8,-9900,?,9,-9900,?,9,20.83,E,8,17.19,E,8,79.0,E,8,964.3861999999999,E,8,999.0,E,8,0.92,E,8,-9900,?,9,-9900,?,9,0.0,E,8,-9900,?,9,-9900,?,9,0.0,0.0,E,8
01/23/2017,01:00,0.0,1411.403,0.0,1,8,0.0,1,8,0.0,1,8,0.0,1,8,0.0,1,8,0.0,1,8,-0.0,1,8,-9900,?,9,-9900,?,9,20.41,E,8,17.14,E,8,81.0,E,8,964.3861999999999,E,8,999.0,E,8,0.92,E,8,-9900,?,9,-9900,?,9,0.0,E,8,-9900,?,9,-9900,?,9,0.0,0.0,E,8
01/23/2017,02:00,0.0,1411.403,0.0,1,8,0.0,1,8,0.0,1,8,0.0,1,8,0.0,1,8,0.0,1,8,-0.0,1,8,-9900,?,9,-9900,?,9,20.0,E,8,17.1,E,8,83.0,E,8,964.3861999999999,E,8,999.0,E,8,0.92,E,8,-9900,?,9,-9900,?,9,0.0,E,8,-9900,?,9,-9900,?,9,0.0,0.0,E,8
01/23/2017,03:00,0.0,1411.403,0.0,1,8,0.0,1,8,0.0,1,8,0.0,1,8,0.0,1,8,0.0,1,8,-0.0,1,8,-9900,?,9,-9900,?,9,19.59,E,8,17.05,E,8,85.0,E,8,964.3861999999999,E,8,999.0,E,8,0.92,E,8,-9900,?,9,-9900,?,9,0.0,E,8,-9900,?,9,-9900,?,9,0.0,0.0,E,8
01/23/2017,04:00,0.0,1411.119,0.0,1,8,0.0,1,8,0.0,1,8,0.0,1,8,0.0,1,8,0.0,1,8,-0.0,1,8,-9900,?,9,-9900,?,9,19.17,E,8,17.01,E,8,87.0,E,8,964.3861999999999,E,8,999.0,E,8,0.92,E,8,-9900,?,9,-9900,?,9,0.0,E,8,-9900,?,9,-9900,?,9,0.0,0.0,E,8
01/23/2017,05:00,0.0,1411.119,0.0,1,8,0.0,1,8,0.0,1,8,0.0,1,8,0.0,1,8,0.0,1,8,-0.0,1,8,-9900,?,9,-9900,?,9,18.81,E,8,16.97,E,8,89.0,E,8,964.3861999999999,E,8,999.0,E,8,0.92,E,8,-9900,?,9,-9900,?,9,0.0,E,8,-9900,?,9,-9900,?,9,0.0,0.0,E,8
01/23/2017,06:00,19.644,1411.119,0.0,1,8,0.0,1,8,0.0,1,8,0.0,1,8,0.0,1,8,0.0,1,8,0.0,1,8,-9900,?,9,-9900,?,9,18.53,E,8,16.94,E,8,90.0,E,8,964.3861999999999,E,8,999.0,E,8,0.92,E,8,-9900,?,9,-9900,?,9,0.0,E,8,-9900,?,9,-9900,?,9,0.0,0.0,E,8
01/23/2017,07:00,334.253,1411.119,31.38,1,8,0.0,1,8,31.38,1,8,3765.6,1,8,0.0,1,8,3451.8,1,8,42.372,1,8,-9900,?,9,-9900,?,9,18.26,E,8,16.91,E,8,91.0,E,8,964.3861999999999,E,8,999.0,E,8,0.92,E,8,-9900,?,9,-9900,?,9,0.0,E,8,-9900,?,9,-9900,?,9,0.0,0.0,E,8
01/23/2017,08:00,645.962,1411.119,197.92,1,8,37.962,1,8,180.562,1,8,23750.4,1,8,3606.359,1,8,19861.775,1,8,125.693,1,8,-9900,?,9,-9900,?,9,20.56,E,8,17.16,E,8,80.0,E,8,964.3861999999999,E,8,999.0,E,8,0.92,E,8,-9900,?,9,-9900,?,9,0.0,E,8,-9900,?,9,-9900,?,9,0.0,0.0,E,8
01/23/2017,09:00,925.873,1411.119,379.31,1,8,81.519,1,8,325.844,1,8,45517.2,1,8,7744.323,1,8,35842.824,1,8,158.14,1,8,-9900,?,9,-9900,?,9,22.32,E,8,17.35,E,8,73.0,E,8,964.3861999999999,E,8,999.0,E,8,0.92,E,8,-9900,?,9,-9900,?,9,0.0,E,8,-9900,?,9,-9900,?,9,0.0,0.0,E,8
01/23/2017,10:00,1154.5,1411.119,539.83,1,8,158.412,1,8,410.245,1,8,64779.6,1,8,15049.094,1,8,45126.974,1,8,159.634,1,8,-9900,?,9,-9900,?,9,24.01,E,8,17.53,E,8,67.0,E,8,964.3861999999999,E,8,999.0,E,8,0.92,E,8,-9900,?,9,-9900,?,9,0.0,E,8,-9900,?,9,-9900,?,9,0.0,0.0,E,8
01/23/2017,11:00,1316.162,1411.119,664.26,1,8,112.088,1,8,559.719,1,8,79711.2,1,8,10648.348,1,8,61569.126,1,8,191.027,1,8,-9900,?,9,-9900,?,9,25.52,E,8,17.69,E,8,61.0,E,8,964.3861999999999,E,8,999.0,E,8,0.92,E,8,-9900,?,9,-9900,?,9,0.0,E,8,-9900,?,9,-9900,?,9,0.0,0.0,E,8
01/23/2017,12:00,1399.798,1411.119,742.8,1,8,130.083,1,8,613.761,1,8,89136.0,1,8,12357.863,1,8,67513.761,1,8,196.947,1,8,-9900,?,9,-9900,?,9,26.79,E,8,17.82,E,8,57.0,E,8,964.3861999999999,E,8,999.0,E,8,0.92,E,8,-9900,?,9,-9900,?,9,0.0,E,8,-9900,?,9,-9900,?,9,0.0,0.0,E,8
01/23/2017,13:00,1399.683,1411.119,769.59,1,8,149.98,1,8,620.826,1,8,92350.8,1,8,14248.098,1,8,68290.886,1,8,199.231,1,8,-9900,?,9,-9900,?,9,27.78,E,8,17.92,E,8,55.0,E,8,964.3861999999999,E,8,999.0,E,8,0.92,E,8,-9900,?,9,-9900,?,9,0.0,E,8,-9900,?,9,-9900,?,9,0.0,0.0,E,8
01/23/2017,14:00,1315.808,1411.119,742.66,1,8,313.681,1,8,450.179,1,8,89119.2,1,8,29799.695,1,8,49519.667,1,8,153.683,1,8,-9900,?,9,-9900,?,9,28.45,E,8,17.99,E,8,53.0,E,8,964.3861999999999,E,8,999.0,E,8,1.44,E,8,-9900,?,9,-9900,?,9,0.0,E,8,-9900,?,9,-9900,?,9,0.0,0.0,E,8
01/23/2017,15:00,1153.885,1411.119,663.96,1,8,346.611,1,8,380.574,1,8,79675.2,1,8,32928.091,1,8,41863.134,1,8,148.168,1,8,-9900,?,9,-9900,?,9,28.79,E,8,18.03,E,8,52.0,E,8,964.3861999999999,E,8,999.0,E,8,1.48,E,8,-9900,?,9,-9900,?,9,0.0,E,8,-9900,?,9,-9900,?,9,0.0,0.0,E,8
01/23/2017,16:00,924.962,1411.119,539.35,1,8,419.705,1,8,264.348,1,8,64722.0,1,8,39871.958,1,8,29078.334,1,8,128.421,1,8,-9900,?,9,-9900,?,9,28.82,E,8,18.03,E,8,52.0,E,8,964.3861999999999,E,8,999.0,E,8,1.09,E,8,-9900,?,9,-9900,?,9,0.0,E,8,-9900,?,9,-9900,?,9,0.0,0.0,E,8
01/23/2017,17:00,644.717,1411.119,378.65,1,8,491.171,1,8,154.491,1,8,45438.0,1,8,46661.228,1,8,16993.958,1,8,107.753,1,8,-9900,?,9,-9900,?,9,28.36,E,8,17.98,E,8,53.0,E,8,964.3861999999999,E,8,999.0,E,8,1.21,E,8,-9900,?,9,-9900,?,9,0.0,E,8,-9900,?,9,-9900,?,9,0.0,0.0,E,8
01/23/2017,18:00,332.64,1411.119,197.08,1,8,541.296,1,8,70.1,1,8,23649.6,1,8,51423.083,1,8,7710.973,1,8,95.118,1,8,-9900,?,9,-9900,?,9,27.46,E,8,17.89,E,8,55.0,E,8,964.3861999999999,E,8,999.0,E,8,1.35,E,8,-9900,?,9,-9900,?,9,0.0,E,8,-9900,?,9,-9900,?,9,0.0,0.0,E,8
01/23/2017,19:00,17.88,1411.119,30.69,1,8,0.0,1,8,30.69,1,8,3682.8,1,8,0.0,1,8,3375.9,1,8,1971.817,1,8,-9900,?,9,-9900,?,9,26.27,E,8,17.77,E,8,59.0,E,8,964.3861999999999,E,8,999.0,E,8,0.92,E,8,-9900,?,9,-9900,?,9,0.0,E,8,-9900,?,9,-9900,?,9,0.0,0.0,E,8
01/23/2017,20:00,0.0,1411.119,0.0,1,8,0.0,1,8,0.0,1,8,0.0,1,8,0.0,1,8,0.0,1,8,-0.0,1,8,-9900,?,9,-9900,?,9,25.25,E,8,17.66,E,8,62.0,E,8,964.3861999999999,E,8,999.0,E,8,0.92,E,8,-9900,?,9,-9900,?,9,0.0,E,8,-9900,?,9,-9900,?,9,0.0,0.0,E,8
01/23/2017,21:00,0.0,1411.119,0.0,1,8,0.0,1,8,0.0,1,8,0.0,1,8,0.0,1,8,0.0,1,8,-0.0,1,8,-9900,?,9,-9900,?,9,24.23,E,8,17.55,E,8,66.0,E,8,964.3861999999999,E,8,999.0,E,8,0.92,E,8,-9900,?,9,-9900,?,9,0.0,E,8,-9900,?,9,-9900,?,9,0.0,0.0,E,8
01/23/2017,22:00,0.0,1411.119,0.0,1,8,0.0,1,8,0.0,1,8,0.0,1,8,0.0,1,8,0.0,1,8,-0.0,1,8,-9900,?,9,-9900,?,9,23.22,E,8,17.44,E,8,69.0,E,8,964.3861999999999,E,8,999.0,E,8,0.92,E,8,-9900,?,9,-9900,?,9,0.0,E,8,-9900,?,9,-9900,?,9,0.0,0.0,E,8
01/23/2017,23:00,0.0,1411.119,0.0,1,8,0.0,1,8,0.0,1,8,0.0,1,8,0.0,1,8,0.0,1,8,-0.0,1,8,-9900,?,9,-9900,?,9,22.2,E,8,17.33,E,8,73.0,E,8,964.3861999999999,E,8,999.0,E,8,0.92,E,8,-9900,?,9,-9900,?,9,0.0,E,8,-9900,?,9,-9900,?,9,0.0,0.0,E,8
01/23/2017,24:00,0.0,1411.119,0.0,1,8,0.0,1,8,0.0,1,8,0.0,1,8,0.0,1,8,0.0,1,8,-0.0,1,8,-9900,?,9,-9900,?,9,21.18,E,8,16.78,E,8,78.0,E,8,964.3861999999999,E,8,999.0,E,8,0.85,E,8,-9900,?,9,-9900,?,9,0.001,E,8,-9900,?,9,-9900,?,9,0.01,99.0,E,8
01/24/2017,01:00,0.0,1411.119,0.0,1,8,0.0,1,8,0.0,1,8,0.0,1,8,0.0,1,8,0.0,1,8,-0.0,1,8,-9900,?,9,-9900,?,9,20.67,E,8,16.69,E,8,76.0,E,8,964.3861999999999,E,8,999.0,E,8,0.85,E,8,-9900,?,9,-9900,?,9,0.0,E,8,-9900,?,9,-9900,?,9,0.0,0.0,E,8
01/24/2017,02:00,0.0,1411.119,0.0,1,8,0.0,1,8,0.0,1,8,0.0,1,8,0.0,1,8,0.0,1,8,-0.0,1,8,-9900,?,9,-9900,?,9,20.17,E,8,16.6,E,8,77.0,E,8,964.3861999999999,E,8,999.0,E,8,0.85,E,8,-9900,?,9,-9900,?,9,0.0,E,8,-9900,?,9,-9900,?,9,0.0,0.0,E,8
01/24/2017,03:00,0.0,1411.119,0.0,1,8,0.0,1,8,0.0,1,8,0.0,1,8,0.0,1,8,0.0,1,8,-0.0,1,8,-9900,?,9,-9900,?,9,19.66,E,8,16.5,E,8,89.0,E,8,964.3861999999999,E,8,999.0,E,8,0.85,E,8,-9900,?,9,-9900,?,9,0.191,E,8,-9900,?,9,-9900,?,9,1.91,99.0,E,8
01/24/2017,04:00,0.0,1410.822,0.0,1,8,0.0,1,8,0.0,1,8,0.0,1,8,0.0,1,8,0.0,1,8,-0.0,1,8,-9900,?,9,-9900,?,9,19.15,E,8,16.41,E,8,86.0,E,8,964.3861999999999,E,8,999.0,E,8,0.85,E,8,-9900,?,9,-9900,?,9,0.006,E,8,-9900,?,9,-9900,?,9,0.06,99.0,E,8
01/24/2017,05:00,0.0,1410.822,0.0,1,8,0.0,1,8,0.0,1,8,0.0,1,8,0.0,1,8,0.0,1,8,-0.0,1,8,-9900,?,9,-9900,?,9,18.7,E,8,16.33,E,8,88.0,E,8,964.3861999999999,E,8,999.0,E,8,0.85,E,8,-9900,?,9,-9900,?,9,0.002,E,8,-9900,?,9,-9900,?,9,0.02,99.0,E,8
01/24/2017,06:00,16.523,1410.822,0.0,1,8,0.0,1,8,0.0,1,8,0.0,1,8,0.0,1,8,0.0,1,8,0.0,1,8,-9900,?,9,-9900,?,9,18.36,E,8,16.27,E,8,84.0,E,8,964.3861999999999,E,8,999.0,E,8,0.85,E,8,-9900,?,9,-9900,?,9,0.0,E,8,-9900,?,9,-9900,?,9,0.0,0.0,E,8
01/24/2017,07:00,331.088,1410.822,29.08,1,8,0.0,1,8,29.08,1,8,3489.6,1,8,0.0,1,8,3198.8,1,8,39.637,1,8,-9900,?,9,-9900,?,9,18.03,E,8,16.2,E,8,86.0,E,8,964.3861999999999,E,8,999.0,E,8,0.85,E,8,-9900,?,9,-9900,?,9,0.0,E,8,-9900,?,9,-9900,?,9,0.0,0.0,E,8
01/24/2017,08:00,643.268,1410.822,189.55,1,8,17.127,1,8,181.75,1,8,22746.0,1,8,1627.073,1,8,19992.451,1,8,127.024,1,8,-9900,?,9,-9900,?,9,20.48,E,8,16.65,E,8,76.0,E,8,964.3861999999999,E,8,999.0,E,8,0.85,E,8,-9900,?,9,-9900,?,9,0.0,E,8,-9900,?,9,-9900,?,9,0.0,0.0,E,8
01/24/2017,09:00,923.703,1410.822,365.0,1,8,70.319,1,8,318.978,1,8,43800.0,1,8,6680.32,1,8,35087.6,1,8,155.139,1,8,-9900,?,9,-9900,?,9,22.39,E,8,16.99,E,8,70.0,E,8,964.3861999999999,E,8,999.0,E,8,0.85,E,8,-9900,?,9,-9900,?,9,0.0,E,8,-9900,?,9,-9900,?,9,0.0,0.0,E,8
01/24/2017,10:00,1152.863,1410.822,520.37,1,8,137.555,1,8,407.982,1,8,62444.4,1,8,13067.717,1,8,44878.071,1,8,158.946,1,8,-9900,?,9,-9900,?,9,24.22,E,8,17.31,E,8,64.0,E,8,964.3861999999999,E,8,999.0,E,8,1.18,E,8,-9900,?,9,-9900,?,9,0.0,E,8,-9900,?,9,-9900,?,9,0.0,0.0,E,8
01/24/2017,11:00,1315.03,1410.822,640.89,1,8,97.394,1,8,550.113,1,8,76906.8,1,8,9252.445,1,8,60512.404,1,8,187.87,1,8,-9900,?,9,-9900,?,9,25.86,E,8,17.59,E,8,59.0,E,8,964.3861999999999,E,8,999.0,E,8,1.52,E,8,-9900,?,9,-9900,?,9,0.0,E,8,-9900,?,9,-9900,?,9,0.0,0.0,E,8
01/24/2017,12:00,1399.107,1410.822,717.06,1,8,113.06,1,8,604.939,1,8,86047.2,1,8,10740.738,1,8,66543.292,1,8,194.171,1,8,-9900,?,9,-9900,?,9,27.24,E,8,17.83,E,8,56.0,E,8,964.3861999999999,E,8,999.0,E,8,1.3,E,8,-9900,?,9,-9900,?,9,0.0,E,8,-9900,?,9,-9900,?,9,0.0,0.0,E,8
01/24/2017,13:00,1399.338,1410.822,743.18,1,8,130.509,1,8,613.734,1,8,89181.6,1,8,12398.33,1,8,67510.768,1,8,196.962,1,8,-9900,?,9,-9900,?,9,28.3,E,8,18.01,E,8,53.0,E,8,964.3861999999999,E,8,999.0,E,8,1.3,E,8,-9900,?,9,-9900,?,9,0.0,E,8,-9900,?,9,-9900,?,9,0.0,0.0,E,8
01/24/2017,14:00,1315.692,1410.822,717.34,1,8,152.511,1,8,575.119,1,8,86080.8,1,8,14488.513,1,8,63263.12,1,8,196.311,1,8,-9900,?,9,-9900,?,9,29.03,E,8,18.13,E,8,51.0,E,8,964.3861999999999,E,8,999.0,E,8,1.47,E,8,-9900,?,9,-9900,?,9,0.0,E,8,-9900,?,9,-9900,?,9,0.0,0.0,E,8
01/24/2017,15:00,1153.863,1410.822,641.41,1,8,303.814,1,8,392.968,1,8,76969.2,1,8,28862.296,1,8,43226.425,1,8,152.964,1,8,-9900,?,9,-9900,?,9,29.41,E,8,18.19,E,8,50.0,E,8,964.3861999999999,E,8,999.0,E,8,1.31,E,8,-9900,?,9,-9900,?,9,0.0,E,8,-9900,?,9,-9900,?,9,0.0,0.0,E,8
01/24/2017,16:00,924.894,1410.822,521.05,1,8,370.511,1,8,278.249,1,8,62526.0,1,8,35198.522,1,8,30607.336,1,8,135.155,1,8,-9900,?,9,-9900,?,9,29.44,E,8,18.19,E,8,50.0,E,8,964.3861999999999,E,8,999.0,E,8,1.06,E,8,-9900,?,9,-9900,?,9,0.0,E,8,-9900,?,9,-9900,?,9,0.0,0.0,E,8
01/24/2017,17:00,644.466,1410.822,365.73,1,8,438.56,1,8,165.617,1,8,43887.6,1,8,41663.212,1,8,18217.859,1,8,115.534,1,8,-9900,?,9,-9900,?,9,28.94,E,8,18.11,E,8,51.0,E,8,964.3861999999999,E,8,999.0,E,8,1.35,E,8,-9900,?,9,-9900,?,9,0.0,E,8,-9900,?,9,-9900,?,9,0.0,0.0,E,8
01/24/2017,18:00,332.083,1410.822,190.19,1,8,494.846,1,8,74.278,1,8,22822.8,1,8,47010.405,1,8,8170.566,1,8,100.937,1,8,-9900,?,9,-9900,?,9,27.97,E,8,17.95,E,8,54.0,E,8,964.3861999999999,E,8,999.0,E,8,0.86,E,8,-9900,?,9,-9900,?,9,0.0,E,8,-9900,?,9,-9900,?,9,0.0,0.0,E,8
01/24/2017,19:00,17.034,1410.822,29.38,1,8,0.0,1,8,29.38,1,8,3525.6,1,8,0.0,1,8,3231.8,1,8,2191.639,1,8,-9900,?,9,-9900,?,9,26.68,E,8,17.73,E,8,57.0,E,8,964.3861999999999,E,8,999.0,E,8,0.85,E,8,-9900,?,9,-9900,?,9,0.0,E,8,-9900,?,9,-9900,?,9,0.0,0.0,E,8
01/24/2017,20:00,0.0,1410.822,0.0,1,8,0.0,1,8,0.0,1,8,0.0,1,8,0.0,1,8,0.0,1,8,-0.0,1,8,-9900,?,9,-9900,?,9,25.68,E,8,17.56,E,8,60.0,E,8,964.3861999999999,E,8,999.0,E,8,0.85,E,8,-9900,?,9,-9900,?,9,0.0,E,8,-9900,?,9,-9900,?,9,0.0,0.0,E,8
01/24/2017,21:00,0.0,1410.822,0.0,1,8,0.0,1,8,0.0,1,8,0.0,1,8,0.0,1,8,0.0,1,8,-0.0,1,8,-9900,?,9,-9900,?,9,24.67,E,8,17.39,E,8,63.0,E,8,964.3861999999999,E,8,999.0,E,8,0.85,E,8,-9900,?,9,-9900,?,9,0.0,E,8,-9900,?,9,-9900,?,9,0.0,0.0,E,8
01/24/2017,22:00,0.0,1410.822,0.0,1,8,0.0,1,8,0.0,1,8,0.0,1,8,0.0,1,8,0.0,1,8,-0.0,1,8,-9900,?,9,-9900,?,9,23.67,E,8,17.22,E,8,65.0,E,8,964.3861999999999,E,8,999.0,E,8,0.85,E,8,-9900,?,9,-9900,?,9,0.0,E,8,-9900,?,9,-9900,?,9,0.0,0.0,E,8
01/24/2017,23:00,0.0,1410.822,0.0,1,8,0.0,1,8,0.0,1,8,0.0,1,8,0.0,1,8,0.0,1,8,-0.0,1,8,-9900,?,9,-9900,?,9,22.66,E,8,17.04,E,8,69.0,E,8,964.3861999999999,E,8,999.0,E,8,0.85,E,8,-9900,?,9,-9900,?,9,0.0,E,8,-9900,?,9,-9900,?,9,0.0,0.0,E,8
01/24/2017,24:00,0.0,1410.822,0.0,1,8,0.0,1,8,0.0,1,8,0.0,1,8,0.0,1,8,0.0,1,8,-0.0,1,8,-9900,?,9,-9900,?,9,21.66,E,8,16.77,E,8,73.0,E,8,964.3861999999999,E,8,999.0,E,8,0.57,E,8,-9900,?,9,-9900,?,9,0.0,E,8,-9900,?,9,-9900,?,9,0.0,0.0,E,8
01/25/2017,01:00,0.0,1410.822,0.0,1,8,0.0,1,8,0.0,1,8,0.0,1,8,0.0,1,8,0.0,1,8,-0.0,1,8,-9900,?,9,-9900,?,9,21.15,E,8,16.64,E,8,75.0,E,8,964.3861999999999,E,8,999.0,E,8,0.57,E,8,-9900,?,9,-9900,?,9,0.0,E,8,-9900,?,9,-9900,?,9,0.0,0.0,E,8
01/25/2017,02:00,0.0,1410.822,0.0,1,8,0.0,1,8,0.0,1,8,0.0,1,8,0.0,1,8,0.0,1,8,-0.0,1,8,-9900,?,9,-9900,?,9,20.65,E,8,16.52,E,8,77.0,E,8,964.3861999999999,E,8,999.0,E,8,0.57,E,8,-9900,?,9,-9900,?,9,0.0,E,8,-9900,?,9,-9900,?,9,0.0,0.0,E,8
01/25/2017,03:00,0.0,1410.822,0.0,1,8,0.0,1,8,0.0,1,8,0.0,1,8,0.0,1,8,0.0,1,8,-0.0,1,8,-9900,?,9,-9900,?,9,20.15,E,8,16.39,E,8,78.0,E,8,964.3861999999999,E,8,999.0,E,8,0.57,E,8,-9900,?,9,-9900,?,9,0.0,E,8,-9900,?,9,-9900,?,9,0.0,0.0,E,8
01/25/2017,04:00,0.0,1410.511,0.0,1,8,0.0,1,8,0.0,1,8,0.0,1,8,0.0,1,8,0.0,1,8,-0.0,1,8,-9900,?,9,-9900,?,9,19.65,E,8,16.27,E,8,80.0,E,8,964.3861999999999,E,8,999.0,E,8,0.57,E,8,-9900,?,9,-9900,?,9,0.0,E,8,-9900,?,9,-9900,?,9,0.0,0.0,E,8
01/25/2017,05:00,0.0,1410.511,0.0,1,8,0.0,1,8,0.0,1,8,0.0,1,8,0.0,1,8,0.0,1,8,-0.0,1,8,-9900,?,9,-9900,?,9,19.2,E,8,16.16,E,8,82.0,E,8,964.3861999999999,E,8,999.0,E,8,0.57,E,8,-9900,?,9,-9900,?,9,0.0,E,8,-9900,?,9,-9900,?,9,0.0,0.0,E,8
01/25/2017,06:00,13.438,1410.511,0.0,1,8,0.0,1,8,0.0,1,8,0.0,1,8,0.0,1,8,0.0,1,8,0.0,1,8,-9900,?,9,-9900,?,9,18.87,E,8,16.07,E,8,83.0,E,8,964.3861999999999,E,8,999.0,E,8,0.57,E,8,-9900,?,9,-9900,?,9,0.0,E,8,-9900,?,9,-9900,?,9,0.0,0.0,E,8
01/25/2017,07:00,327.937,1410.511,36.79,1,8,0.0,1,8,36.79,1,8,4414.8,1,8,0.0,1,8,4046.9,1,8,50.622,1,8,-9900,?,9,-9900,?,9,18.54,E,8,15.99,E,8,85.0,E,8,964.3861999999999,E,8,999.0,E,8,0.57,E,8,-9900,?,9,-9900,?,9,0.0,E,8,-9900,?,9,-9900,?,9,0.0,0.0,E,8
01/25/2017,08:00,640.585,1410.511,253.0,1,8,98.636,1,8,208.255,1,8,30360.0,1,8,9370.4,1,8,22908.025,1,8,146.128,1,8,-9900,?,9,-9900,?,9,21.04,E,8,16.61,E,8,75.0,E,8,964.3861999999999,E,8,999.0,E,8,0.57,E,8,-9900,?,9,-9900,?,9,0.0,E,8,-9900,?,9,-9900,?,9,0.0,0.0,E,8
01/25/2017,09:00,921.537,1410.511,484.23,1,8,260.904,1,8,313.839,1,8,58107.6,1,8,24785.906,1,8,34522.304,1,8,152.965,1,8,-9900,?,9,-9900,?,9,22.99,E,8,17.09,E,8,69.0,E,8,964.3861999999999,E,8,999.0,E,8,0.57,E,8,-9900,?,9,-9900,?,9,0.0,E,8,-9900,?,9,-9900,?,9,0.0,0.0,E,8
01/25/2017,10:00,1151.22,1410.511,680.71,1,8,370.973,1,8,377.977,1,8,81685.2,1,8,35242.434,1,8,41577.448,1,8,147.434,1,8,-9900,?,9,-9900,?,9,24.81,E,8,17.52,E,8,63.0,E,8,964.3861999999999,E,8,999.0,E,8,0.57,E,8,-9900,?,9,-9900,?,9,0.0,E,8,-9900,?,9,-9900,?,9,0.0,0.0,E,8
01/25/2017,11:00,1313.877,1410.511,863.25,1,8,537.369,1,8,362.718,1,8,103590.0,1,8,51050.078,1,8,39899.034,1,8,123.954,1,8,-9900,?,9,-9900,?,9,26.53,E,8,17.91,E,8,59.0,E,8,964.3861999999999,E,8,999.0,E,8,1.21,E,8,-9900,?,9,-9900,?,9,0.0,E,8,-9900,?,9,-9900,?,9,0.0,0.0,E,8
01/25/2017,12:00,1398.378,1410.511,960.96,1,8,568.996,1,8,396.861,1,8,115315.2,1,8,54054.654,1,8,43654.72,1,8,127.422,1,8,-9900,?,9,-9900,?,9,27.96,E,8,18.23,E,8,55.0,E,8,964.3861999999999,E,8,999.0,E,8,1.13,E,8,-9900,?,9,-9900,?,9,0.0,E,8,-9900,?,9,-9900,?,9,0.0,0.0,E,8
01/25/2017,13:00,1398.938,1410.511,999.77,1,8,604.395,1,8,400.337,1,8,119972.4,1,8,57417.549,1,8,44037.036,1,8,128.486,1,8,-9900,?,9,-9900,?,9,29.08,E,8,18.48,E,8,52.0,E,8,964.3861999999999,E,8,999.0,E,8,1.19,E,8,-9900,?,9,-9900,?,9,0.0,E,8,-9900,?,9,-9900,?,9,0.0,0.0,E,8
01/25/2017,14:00,1315.503,1410.511,953.82,1,8,696.924,1,8,303.868,1,8,114458.4,1,8,66207.772,1,8,33425.452,1,8,103.714,1,8,-9900,?,9,-9900,?,9,29.82,E,8,18.65,E,8,51.0,E,8,964.3861999999999,E,8,999.0,E,8,1.75,E,8,-9900,?,9,-9900,?,9,0.0,E,8,-9900,?,9,-9900,?,9,0.0,0.0,E,8
01/25/2017,15:00,1153.752,1410.511,859.42,1,8,876.646,1,8,142.456,1,8,103130.4,1,8,83281.408,1,8,15670.184,1,8,55.445,1,8,-9900,?,9,-9900,?,9,30.21,E,8,18.73,E,8,50.0,E,8,964.3861999999999,E,8,999.0,E,8,1.75,E,8,-9900,?,9,-9900,?,9,0.0,E,8,-9900,?,9,-9900,?,9,0.0,0.0,E,8
01/25/2017,16:00,924.724,1410.511,700.43,1,8,943.269,1,8,82.269,1,8,84051.6,1,8,89610.522,1,8,9049.575,1,8,39.959,1,8,-9900,?,9,-9900,?,9,30.25,E,8,18.74,E,8,50.0,E,8,964.3861999999999,E,8,999.0,E,8,2.63,E,8,-9900,?,9,-9900,?,9,0.0,E,8,-9900,?,9,-9900,?,9,0.0,0.0,E,8
01/25/2017,17:00,644.102,1410.511,493.22,1,8,784.82,1,8,135.234,1,8,59186.4,1,8,74557.892,1,8,14875.695,1,8,94.371,1,8,-9900,?,9,-9900,?,9,29.76,E,8,18.63,E,8,51.0,E,8,964.3861999999999,E,8,999.0,E,8,2.29,E,8,-9900,?,9,-9900,?,9,0.0,E,8,-9900,?,9,-9900,?,9,0.0,0.0,E,8
01/25/2017,18:00,331.407,1410.511,249.36,1,8,416.205,1,8,152.047,1,8,29923.2,1,8,39539.468,1,8,16725.21,1,8,206.998,1,8,-9900,?,9,-9900,?,9,28.75,E,8,18.41,E,8,53.0,E,8,964.3861999999999,E,8,999.0,E,8,1.76,E,8,-9900,?,9,-9900,?,9,0.0,E,8,-9900,?,9,-9900,?,9,0.0,0.0,E,8
01/25/2017,19:00,16.086,1410.511,39.77,1,8,0.0,1,8,39.77,1,8,4772.4,1,8,0.0,1,8,4374.7,1,8,3622.923,1,8,-9900,?,9,-9900,?,9,27.42,E,8,18.11,E,8,56.0,E,8,964.3861999999999,E,8,999.0,E,8,1.3,E,8,-9900,?,9,-9900,?,9,0.0,E,8,-9900,?,9,-9900,?,9,0.0,0.0,E,8
01/25/2017,20:00,0.0,1410.511,0.0,1,8,0.0,1,8,0.0,1,8,0.0,1,8,0.0,1,8,0.0,1,8,-0.0,1,8,-9900,?,9,-9900,?,9,26.6,E,8,17.93,E,8,58.0,E,8,964.3861999999999,E,8,999.0,E,8,0.95,E,8,-9900,?,9,-9900,?,9,0.0,E,8,-9900,?,9,-9900,?,9,0.0,0.0,E,8
01/25/2017,21:00,0.0,1410.511,0.0,1,8,0.0,1,8,0.0,1,8,0.0,1,8,0.0,1,8,0.0,1,8,-0.0,1,8,-9900,?,9,-9900,?,9,25.77,E,8,17.74,E,8,61.0,E,8,964.3861999999999,E,8,999.0,E,8,0.74,E,8,-9900,?,9,-9900,?,9,0.0,E,8,-9900,?,9,-9900,?,9,0.0,0.0,E,8
01/25/2017,22:00,0.0,1410.511,0.0,1,8,0.0,1,8,0.0,1,8,0.0,1,8,0.0,1,8,0.0,1,8,-0.0,1,8,-9900,?,9,-9900,?,9,24.95,E,8,17.55,E,8,63.0,E,8,964.3861999999999,E,8,999.0,E,8,0.57,E,8,-9900,?,9,-9900,?,9,0.0,E,8,-9900,?,9,-9900,?,9,0.0,0.0,E,8
01/25/2017,23:00,0.0,1410.511,0.0,1,8,0.0,1,8,0.0,1,8,0.0,1,8,0.0,1,8,0.0,1,8,-0.0,1,8,-9900,?,9,-9900,?,9,24.12,E,8,17.35,E,8,65.0,E,8,964.3861999999999,E,8,999.0,E,8,0.57,E,8,-9900,?,9,-9900,?,9,0.0,E,8,-9900,?,9,-9900,?,9,0.0,0.0,E,8
01/25/2017,24:00,0.0,1410.511,0.0,1,8,0.0,1,8,0.0,1,8,0.0,1,8,0.0,1,8,0.0,1,8,-0.0,1,8,-9900,?,9,-9900,?,9,23.3,E,8,17.5,E,8,69.0,E,8,964.3861999999999,E,8,999.0,E,8,0.55,E,8,-9900,?,9,-9900,?,9,0.0,E,8,-9900,?,9,-9900,?,9,0.0,0.0,E,8
01/26/2017,01:00,0.0,1410.511,0.0,1,8,0.0,1,8,0.0,1,8,0.0,1,8,0.0,1,8,0.0,1,8,-0.0,1,8,-9900,?,9,-9900,?,9,22.88,E,8,17.59,E,8,72.0,E,8,964.3861999999999,E,8,999.0,E,8,0.55,E,8,-9900,?,9,-9900,?,9,0.0,E,8,-9900,?,9,-9900,?,9,0.0,0.0,E,8
01/26/2017,02:00,0.0,1410.511,0.0,1,8,0.0,1,8,0.0,1,8,0.0,1,8,0.0,1,8,0.0,1,8,-0.0,1,8,-9900,?,9,-9900,?,9,22.47,E,8,17.67,E,8,74.0,E,8,964.3861999999999,E,8,999.0,E,8,0.55,E,8,-9900,?,9,-9900,?,9,0.0,E,8,-9900,?,9,-9900,?,9,0.0,0.0,E,8
01/26/2017,03:00,0.0,1410.511,0.0,1,8,0.0,1,8,0.0,1,8,0.0,1,8,0.0,1,8,0.0,1,8,-0.0,1,8,-9900,?,9,-9900,?,9,22.06,E,8,17.75,E,8,76.0,E,8,964.3861999999999,E,8,999.0,E,8,0.55,E,8,-9900,?,9,-9900,?,9,0.0,E,8,-9900,?,9,-9900,?,9,0.0,0.0,E,8
01/26/2017,04:00,0.0,1410.186,0.0,1,8,0.0,1,8,0.0,1,8,0.0,1,8,0.0,1,8,0.0,1,8,-0.0,1,8,-9900,?,9,-9900,?,9,21.64,E,8,17.83,E,8,78.0,E,8,964.3861999999999,E,8,999.0,E,8,0.55,E,8,-9900,?,9,-9900,?,9,0.0,E,8,-9900,?,9,-9900,?,9,0.0,0.0,E,8
01/26/2017,05:00,0.0,1410.186,0.0,1,8,0.0,1,8,0.0,1,8,0.0,1,8,0.0,1,8,0.0,1,8,-0.0,1,8,-9900,?,9,-9900,?,9,21.28,E,8,17.9,E,8,81.0,E,8,964.3861999999999,E,8,999.0,E,8,0.55,E,8,-9900,?,9,-9900,?,9,0.0,E,8,-9900,?,9,-9900,?,9,0.0,0.0,E,8
01/26/2017,06:00,10.391,1410.186,0.0,1,8,0.0,1,8,0.0,1,8,0.0,1,8,0.0,1,8,0.0,1,8,-0.0,1,8,-9900,?,9,-9900,?,9,21.01,E,8,17.96,E,8,82.0,E,8,964.3861999999999,E,8,999.0,E,8,0.55,E,8,-9900,?,9,-9900,?,9,0.0,E,8,-9900,?,9,-9900,?,9,0.0,0.0,E,8
01/26/2017,07:00,324.803,1410.186,40.85,1,8,0.0,1,8,40.85,1,8,4902.0,1,8,0.0,1,8,4493.5,1,8,56.743,1,8,-9900,?,9,-9900,?,9,20.73,E,8,18.01,E,8,84.0,E,8,964.3861999999999,E,8,999.0,E,8,0.55,E,8,-9900,?,9,-9900,?,9,0.0,E,8,-9900,?,9,-9900,?,9,0.0,0.0,E,8
01/26/2017,08:00,637.915,1410.186,284.4,1,8,199.427,1,8,194.289,1,8,34128.0,1,8,18945.588,1,8,21371.793,1,8,136.869,1,8,-9900,?,9,-9900,?,9,22.95,E,8,17.57,E,8,71.0,E,8,964.3861999999999,E,8,999.0,E,8,0.55,E,8,-9900,?,9,-9900,?,9,0.0,E,8,-9900,?,9,-9900,?,9,0.0,0.0,E,8
01/26/2017,09:00,919.376,1410.186,550.58,1,8,422.476,1,8,275.254,1,8,66069.6,1,8,40135.24,1,8,30277.986,1,8,134.444,1,8,-9900,?,9,-9900,?,9,24.71,E,8,17.22,E,8,63.0,E,8,964.3861999999999,E,8,999.0,E,8,0.55,E,8,-9900,?,9,-9900,?,9,0.0,E,8,-9900,?,9,-9900,?,9,0.0,0.0,E,8
01/26/2017,10:00,1149.57,1410.186,787.03,1,8,622.322,1,8,279.794,1,8,94443.6,1,8,59120.614,1,8,30777.394,1,8,109.268,1,8,-9900,?,9,-9900,?,9,26.39,E,8,16.87,E,8,55.0,E,8,964.3861999999999,E,8,999.0,E,8,0.59,E,8,-9900,?,9,-9900,?,9,0.0,E,8,-9900,?,9,-9900,?,9,0.0,0.0,E,8
01/26/2017,11:00,1312.702,1410.186,966.72,1,8,649.064,1,8,362.552,1,8,116006.4,1,8,61661.067,1,8,39880.761,1,8,123.98,1,8,-9900,?,9,-9900,?,9,27.89,E,8,16.56,E,8,50.0,E,8,964.3861999999999,E,8,999.0,E,8,0.67,E,8,-9900,?,9,-9900,?,9,0.0,E,8,-9900,?,9,-9900,?,9,0.0,0.0,E,8
01/26/2017,12:00,1397.611,1410.186,1079.16,1,8,807.457,1,8,278.908,1,8,129499.2,1,8,76708.399,1,8,30679.887,1,8,89.578,1,8,-9900,?,9,-9900,?,9,29.14,E,8,16.29,E,8,45.0,E,8,964.3861999999999,E,8,999.0,E,8,0.89,E,8,-9900,?,9,-9900,?,9,0.0,E,8,-9900,?,9,-9900,?,9,0.0,0.0,E,8
01/26/2017,13:00,1398.482,1410.186,1115.77,1,8,906.141,1,8,217.155,1,8,133892.4,1,8,86083.353,1,8,23887.011,1,8,69.701,1,8,-9900,?,9,-9900,?,9,30.11,E,8,16.08,E,8,42.0,E,8,964.3861999999999,E,8,999.0,E,8,1.56,E,8,-9900,?,9,-9900,?,9,0.0,E,8,-9900,?,9,-9900,?,9,0.0,0.0,E,8
01/26/2017,14:00,1315.24,1410.186,1068.81,1,8,952.445,1,8,180.531,1,8,128257.2,1,8,90482.251,1,8,19858.453,1,8,61.616,1,8,-9900,?,9,-9900,?,9,30.76,E,8,15.94,E,8,40.0,E,8,964.3861999999999,E,8,999.0,E,8,1.77,E,8,-9900,?,9,-9900,?,9,0.0,E,8,-9900,?,9,-9900,?,9,0.0,0.0,E,8
01/26/2017,15:00,1153.551,1410.186,955.57,1,8,909.737,1,8,211.501,1,8,114668.4,1,8,86424.969,1,8,23265.157,1,8,82.313,1,8,-9900,?,9,-9900,?,9,31.09,E,8,15.87,E,8,39.0,E,8,964.3861999999999,E,8,999.0,E,8,2.17,E,8,-9900,?,9,-9900,?,9,0.0,E,8,-9900,?,9,-9900,?,9,0.0,0.0,E,8
01/26/2017,16:00,924.45,1410.186,770.58,1,8,852.138,1,8,212.177,1,8,92469.6,1,8,80953.112,1,8,23339.484,1,8,103.065,1,8,-9900,?,9,-9900,?,9,31.1,E,8,15.86,E,8,39.0,E,8,964.3861999999999,E,8,999.0,E,8,2.34,E,8,-9900,?,9,-9900,?,9,0.0,E,8,-9900,?,9,-9900,?,9,0.0,0.0,E,8
01/26/2017,17:00,643.625,1410.186,535.78,1,8,794.228,1,8,173.688,1,8,64293.6,1,8,75451.651,1,8,19105.648,1,8,121.268,1,8,-9900,?,9,-9900,?,9,30.62,E,8,15.97,E,8,41.0,E,8,964.3861999999999,E,8,999.0,E,8,1.97,E,8,-9900,?,9,-9900,?,9,0.0,E,8,-9900,?,9,-9900,?,9,0.0,0.0,E,8
01/26/2017,18:00,330.613,1410.186,271.97,1,8,491.8,1,8,157.234,1,8,32636.4,1,8,46720.966,1,8,17295.771,1,8,214.529,1,8,-9900,?,9,-9900,?,9,29.72,E,8,16.17,E,8,43.0,E,8,964.3861999999999,E,8,999.0,E,8,1.28,E,8,-9900,?,9,-9900,?,9,0.0,E,8,-9900,?,9,-9900,?,9,0.0,0.0,E,8
01/26/2017,19:00,15.036,1410.186,36.21,1,8,0.0,1,8,36.21,1,8,4345.2,1,8,0.0,1,8,3983.1,1,8,4373.396,1,8,-9900,?,9,-9900,?,9,28.53,E,8,16.42,E,8,47.0,E,8,964.3861999999999,E,8,999.0,E,8,0.7,E,8,-9900,?,9,-9900,?,9,0.0,E,8,-9900,?,9,-9900,?,9,0.0,0.0,E,8
01/26/2017,20:00,0.0,1410.186,0.0,1,8,0.0,1,8,0.0,1,8,0.0,1,8,0.0,1,8,0.0,1,8,-0.0,1,8,-9900,?,9,-9900,?,9,27.4,E,8,16.66,E,8,51.0,E,8,964.3861999999999,E,8,999.0,E,8,1.25,E,8,-9900,?,9,-9900,?,9,0.0,E,8,-9900,?,9,-9900,?,9,0.0,0.0,E,8
01/26/2017,21:00,0.0,1410.186,0.0,1,8,0.0,1,8,0.0,1,8,0.0,1,8,0.0,1,8,0.0,1,8,-0.0,1,8,-9900,?,9,-9900,?,9,26.26,E,8,16.9,E,8,56.0,E,8,964.3861999999999,E,8,999.0,E,8,0.89,E,8,-9900,?,9,-9900,?,9,0.0,E,8,-9900,?,9,-9900,?,9,0.0,0.0,E,8
01/26/2017,22:00,0.0,1410.186,0.0,1,8,0.0,1,8,0.0,1,8,0.0,1,8,0.0,1,8,0.0,1,8,-0.0,1,8,-9900,?,9,-9900,?,9,25.12,E,8,17.13,E,8,61.0,E,8,964.3861999999999,E,8,999.0,E,8,1.21,E,8,-9900,?,9,-9900,?,9,0.0,E,8,-9900,?,9,-9900,?,9,0.0,0.0,E,8
01/26/2017,23:00,0.0,1410.186,0.0,1,8,0.0,1,8,0.0,1,8,0.0,1,8,0.0,1,8,0.0,1,8,-0.0,1,8,-9900,?,9,-9900,?,9,23.99,E,8,17.36,E,8,66.0,E,8,964.3861999999999,E,8,999.0,E,8,1.3,E,8,-9900,?,9,-9900,?,9,0.0,E,8,-9900,?,9,-9900,?,9,0.0,0.0,E,8
01/26/2017,24:00,0.0,1410.186,0.0,1,8,0.0,1,8,0.0,1,8,0.0,1,8,0.0,1,8,0.0,1,8,-0.0,1,8,-9900,?,9,-9900,?,9,22.85,E,8,17.51,E,8,71.0,E,8,964.3861999999999,E,8,999.0,E,8,5.07,E,8,-9900,?,9,-9900,?,9,0.0,E,8,-9900,?,9,-9900,?,9,0.0,0.0,E,8
01/27/2017,01:00,0.0,1410.186,0.0,1,8,0.0,1,8,0.0,1,8,0.0,1,8,0.0,1,8,0.0,1,8,-0.0,1,8,-9900,?,9,-9900,?,9,22.28,E,8,17.57,E,8,74.0,E,8,964.3861999999999,E,8,999.0,E,8,4.45,E,8,-9900,?,9,-9900,?,9,0.0,E,8,-9900,?,9,-9900,?,9,0.0,0.0,E,8
01/27/2017,02:00,0.0,1410.186,0.0,1,8,0.0,1,8,0.0,1,8,0.0,1,8,0.0,1,8,0.0,1,8,-0.0,1,8,-9900,?,9,-9900,?,9,21.71,E,8,17.62,E,8,77.0,E,8,964.3861999999999,E,8,999.0,E,8,5.11,E,8,-9900,?,9,-9900,?,9,0.0,E,8,-9900,?,9,-9900,?,9,0.0,0.0,E,8
01/27/2017,03:00,0.0,1410.186,0.0,1,8,0.0,1,8,0.0,1,8,0.0,1,8,0.0,1,8,0.0,1,8,-0.0,1,8,-9900,?,9,-9900,?,9,21.14,E,8,17.68,E,8,80.0,E,8,964.3861999999999,E,8,999.0,E,8,5.61,E,8,-9900,?,9,-9900,?,9,0.0,E,8,-9900,?,9,-9900,?,9,0.0,0.0,E,8
01/27/2017,04:00,0.0,1409.848,0.0,1,8,0.0,1,8,0.0,1,8,0.0,1,8,0.0,1,8,0.0,1,8,-0.0,1,8,-9900,?,9,-9900,?,9,20.58,E,8,17.73,E,8,83.0,E,8,964.3861999999999,E,8,999.0,E,8,2.03,E,8,-9900,?,9,-9900,?,9,0.0,E,8,-9900,?,9,-9900,?,9,0.0,0.0,E,8
01/27/2017,05:00,0.0,1409.848,0.0,1,8,0.0,1,8,0.0,1,8,0.0,1,8,0.0,1,8,0.0,1,8,-0.0,1,8,-9900,?,9,-9900,?,9,20.07,E,8,17.78,E,8,86.0,E,8,964.3861999999999,E,8,999.0,E,8,2.05,E,8,-9900,?,9,-9900,?,9,0.0,E,8,-9900,?,9,-9900,?,9,0.0,0.0,E,8
01/27/2017,06:00,7.382,1409.848,0.0,1,8,0.0,1,8,0.0,1,8,0.0,1,8,0.0,1,8,0.0,1,8,-0.0,1,8,-9900,?,9,-9900,?,9,19.7,E,8,17.82,E,8,88.0,E,8,964.3861999999999,E,8,999.0,E,8,2.03,E,8,-9900,?,9,-9900,?,9,0.0,E,8,-9900,?,9,-9900,?,9,0.0,0.0,E,8
01/27/2017,07:00,321.685,1409.848,36.56,1,8,0.0,1,8,36.56,1,8,4387.2,1,8,0.0,1,8,4021.6,1,8,51.269,1,8,-9900,?,9,-9900,?,9,19.32,E,8,17.85,E,8,91.0,E,8,964.3861999999999,E,8,999.0,E,8,2.65,E,8,-9900,?,9,-9900,?,9,0.0,E,8,-9900,?,9,-9900,?,9,0.0,0.0,E,8
01/27/2017,08:00,635.258,1409.848,257.03,1,8,135.167,1,8,196.196,1,8,30843.6,1,8,12840.837,1,8,21581.508,1,8,138.758,1,8,-9900,?,9,-9900,?,9,21.67,E,8,17.63,E,8,77.0,E,8,964.3861999999999,E,8,999.0,E,8,3.33,E,8,-9900,?,9,-9900,?,9,0.0,E,8,-9900,?,9,-9900,?,9,0.0,0.0,E,8
01/27/2017,09:00,917.221,1409.848,501.34,1,8,304.208,1,8,303.507,1,8,60160.8,1,8,28899.79,1,8,33385.765,1,8,148.556,1,8,-9900,?,9,-9900,?,9,23.57,E,8,17.44,E,8,68.0,E,8,964.3861999999999,E,8,999.0,E,8,3.18,E,8,-9900,?,9,-9900,?,9,0.0,E,8,-9900,?,9,-9900,?,9,0.0,0.0,E,8
01/27/2017,10:00,1147.912,1409.848,722.33,1,8,490.447,1,8,323.063,1,8,86679.6,1,8,46592.485,1,8,35536.886,1,8,126.318,1,8,-9900,?,9,-9900,?,9,25.4,E,8,17.26,E,8,60.0,E,8,964.3861999999999,E,8,999.0,E,8,2.13,E,8,-9900,?,9,-9900,?,9,0.0,E,8,-9900,?,9,-9900,?,9,0.0,0.0,E,8
01/27/2017,11:00,1311.505,1409.848,900.46,1,8,593.222,1,8,348.643,1,8,108055.2,1,8,56356.069,1,8,38350.736,1,8,119.304,1,8,-9900,?,9,-9900,?,9,27.07,E,8,17.1,E,8,54.0,E,8,964.3861999999999,E,8,999.0,E,8,1.94,E,8,-9900,?,9,-9900,?,9,0.0,E,8,-9900,?,9,-9900,?,9,0.0,0.0,E,8
01/27/2017,12:00,1396.804,1409.848,1006.14,1,8,626.982,1,8,384.962,1,8,120736.8,1,8,59563.283,1,8,42345.845,1,8,123.682,1,8,-9900,?,9,-9900,?,9,28.47,E,8,16.96,E,8,49.0,E,8,964.3861999999999,E,8,999.0,E,8,1.94,E,8,-9900,?,9,-9900,?,9,0.0,E,8,-9900,?,9,-9900,?,9,0.0,0.0,E,8
01/27/2017,13:00,1397.969,1409.848,1036.42,1,8,719.881,1,8,322.609,1,8,124370.4,1,8,68388.65,1,8,35486.959,1,8,103.563,1,8,-9900,?,9,-9900,?,9,29.53,E,8,16.85,E,8,46.0,E,8,964.3861999999999,E,8,999.0,E,8,1.94,E,8,-9900,?,9,-9900,?,9,0.0,E,8,-9900,?,9,-9900,?,9,0.0,0.0,E,8
01/27/2017,14:00,1314.902,1409.848,1001.21,1,8,862.807,1,8,196.544,1,8,120145.2,1,8,81966.702,1,8,21619.786,1,8,67.082,1,8,-9900,?,9,-9900,?,9,30.26,E,8,16.78,E,8,44.0,E,8,964.3861999999999,E,8,999.0,E,8,1.94,E,8,-9900,?,9,-9900,?,9,0.0,E,8,-9900,?,9,-9900,?,9,0.0,0.0,E,8
01/27/2017,15:00,1153.26,1409.848,900.97,1,8,906.218,1,8,159.789,1,8,108116.4,1,8,86090.742,1,8,17576.743,1,8,62.188,1,8,-9900,?,9,-9900,?,9,30.65,E,8,16.74,E,8,43.0,E,8,964.3861999999999,E,8,999.0,E,8,1.94,E,8,-9900,?,9,-9900,?,9,0.0,E,8,-9900,?,9,-9900,?,9,0.0,0.0,E,8
01/27/2017,16:00,924.072,1409.848,739.43,1,8,836.7,1,8,191.236,1,8,88731.6,1,8,79486.525,1,8,21036.008,1,8,92.909,1,8,-9900,?,9,-9900,?,9,30.7,E,8,16.73,E,8,43.0,E,8,964.3861999999999,E,8,999.0,E,8,1.94,E,8,-9900,?,9,-9900,?,9,0.0,E,8,-9900,?,9,-9900,?,9,0.0,0.0,E,8
01/27/2017,17:00,643.034,1409.848,522.79,1,8,793.49,1,8,161.28,1,8,62734.8,1,8,75381.538,1,8,17740.854,1,8,112.682,1,8,-9900,?,9,-9900,?,9,30.24,E,8,16.78,E,8,44.0,E,8,964.3861999999999,E,8,999.0,E,8,1.94,E,8,-9900,?,9,-9900,?,9,0.0,E,8,-9900,?,9,-9900,?,9,0.0,0.0,E,8
01/27/2017,18:00,329.7,1409.848,273.03,1,8,453.321,1,8,167.541,1,8,32763.6,1,8,43065.51,1,8,18429.491,1,8,229.176,1,8,-9900,?,9,-9900,?,9,29.28,E,8,16.88,E,8,47.0,E,8,964.3861999999999,E,8,999.0,E,8,1.94,E,8,-9900,?,9,-9900,?,9,0.0,E,8,-9900,?,9,-9900,?,9,0.0,0.0,E,8
01/27/2017,19:00,13.885,1409.848,44.55,1,8,0.0,1,8,44.55,1,8,5346.0,1,8,0.0,1,8,4900.5,1,8,8386.311,1,8,-9900,?,9,-9900,?,9,28.0,E,8,17.0,E,8,56.0,E,8,964.3861999999999,E,8,999.0,E,8,1.94,E,8,-9900,?,9,-9900,?,9,0.002,E,8,-9900,?,9,-9900,?,9,0.02,99.0,E,8
01/27/2017,20:00,0.0,1409.848,0.0,1,8,0.0,1,8,0.0,1,8,0.0,1,8,0.0,1,8,0.0,1,8,-0.0,1,8,-9900,?,9,-9900,?,9,26.83,E,8,17.12,E,8,60.0,E,8,964.3861999999999,E,8,999.0,E,8,1.94,E,8,-9900,?,9,-9900,?,9,0.098,E,8,-9900,?,9,-9900,?,9,0.98,99.0,E,8
01/27/2017,21:00,0.0,1409.848,0.0,1,8,0.0,1,8,0.0,1,8,0.0,1,8,0.0,1,8,0.0,1,8,-0.0,1,8,-9900,?,9,-9900,?,9,25.66,E,8,17.24,E,8,59.0,E,8,964.3861999999999,E,8,999.0,E,8,1.94,E,8,-9900,?,9,-9900,?,9,0.0,E,8,-9900,?,9,-9900,?,9,0.0,0.0,E,8
01/27/2017,22:00,0.0,1409.848,0.0,1,8,0.0,1,8,0.0,1,8,0.0,1,8,0.0,1,8,0.0,1,8,-0.0,1,8,-9900,?,9,-9900,?,9,24.5,E,8,17.35,E,8,64.0,E,8,964.3861999999999,E,8,999.0,E,8,1.94,E,8,-9900,?,9,-9900,?,9,0.0,E,8,-9900,?,9,-9900,?,9,0.0,0.0,E,8
01/27/2017,23:00,0.0,1409.848,0.0,1,8,0.0,1,8,0.0,1,8,0.0,1,8,0.0,1,8,0.0,1,8,-0.0,1,8,-9900,?,9,-9900,?,9,23.33,E,8,17.47,E,8,69.0,E,8,964.3861999999999,E,8,999.0,E,8,1.94,E,8,-9900,?,9,-9900,?,9,0.0,E,8,-9900,?,9,-9900,?,9,0.0,0.0,E,8
01/27/2017,24:00,0.0,1409.848,0.0,1,8,0.0,1,8,0.0,1,8,0.0,1,8,0.0,1,8,0.0,1,8,-0.0,1,8,-9900,?,9,-9900,?,9,22.16,E,8,17.29,E,8,73.0,E,8,964.3861999999999,E,8,999.0,E,8,0.95,E,8,-9900,?,9,-9900,?,9,0.0,E,8,-9900,?,9,-9900,?,9,0.0,0.0,E,8
01/28/2017,01:00,0.0,1409.848,0.0,1,8,0.0,1,8,0.0,1,8,0.0,1,8,0.0,1,8,0.0,1,8,-0.0,1,8,-9900,?,9,-9900,?,9,21.58,E,8,17.22,E,8,76.0,E,8,964.3861999999999,E,8,999.0,E,8,0.95,E,8,-9900,?,9,-9900,?,9,0.0,E,8,-9900,?,9,-9900,?,9,0.0,0.0,E,8
01/28/2017,02:00,0.0,1409.848,0.0,1,8,0.0,1,8,0.0,1,8,0.0,1,8,0.0,1,8,0.0,1,8,-0.0,1,8,-9900,?,9,-9900,?,9,20.99,E,8,17.15,E,8,78.0,E,8,964.3861999999999,E,8,999.0,E,8,0.95,E,8,-9900,?,9,-9900,?,9,0.0,E,8,-9900,?,9,-9900,?,9,0.0,0.0,E,8
01/28/2017,03:00,0.0,1409.848,0.0,1,8,0.0,1,8,0.0,1,8,0.0,1,8,0.0,1,8,0.0,1,8,-0.0,1,8,-9900,?,9,-9900,?,9,20.41,E,8,17.09,E,8,81.0,E,8,964.3861999999999,E,8,999.0,E,8,0.95,E,8,-9900,?,9,-9900,?,9,0.0,E,8,-9900,?,9,-9900,?,9,0.0,0.0,E,8
01/28/2017,04:00,0.0,1409.496,0.0,1,8,0.0,1,8,0.0,1,8,0.0,1,8,0.0,1,8,0.0,1,8,-0.0,1,8,-9900,?,9,-9900,?,9,19.83,E,8,17.02,E,8,83.0,E,8,964.3861999999999,E,8,999.0,E,8,0.95,E,8,-9900,?,9,-9900,?,9,0.0,E,8,-9900,?,9,-9900,?,9,0.0,0.0,E,8
01/28/2017,05:00,0.0,1409.496,0.0,1,8,0.0,1,8,0.0,1,8,0.0,1,8,0.0,1,8,0.0,1,8,-0.0,1,8,-9900,?,9,-9900,?,9,19.31,E,8,16.95,E,8,86.0,E,8,964.3861999999999,E,8,999.0,E,8,0.95,E,8,-9900,?,9,-9900,?,9,0.0,E,8,-9900,?,9,-9900,?,9,0.0,0.0,E,8
01/28/2017,06:00,4.413,1409.496,0.0,1,8,0.0,1,8,0.0,1,8,0.0,1,8,0.0,1,8,0.0,1,8,-0.0,1,8,-9900,?,9,-9900,?,9,18.92,E,8,16.91,E,8,88.0,E,8,964.3861999999999,E,8,999.0,E,8,0.95,E,8,-9900,?,9,-9900,?,9,0.0,E,8,-9900,?,9,-9900,?,9,0.0,0.0,E,8
01/28/2017,07:00,318.586,1409.496,31.84,1,8,0.0,1,8,31.84,1,8,3820.8,1,8,0.0,1,8,3502.4,1,8,45.077,1,8,-9900,?,9,-9900,?,9,18.54,E,8,16.86,E,8,89.0,E,8,964.3861999999999,E,8,999.0,E,8,0.95,E,8,-9900,?,9,-9900,?,9,0.0,E,8,-9900,?,9,-9900,?,9,0.0,0.0,E,8
01/28/2017,08:00,632.616,1409.496,249.78,1,8,122.236,1,8,194.981,1,8,29973.6,1,8,11612.38,1,8,21447.934,1,8,138.443,1,8,-9900,?,9,-9900,?,9,20.95,E,8,17.15,E,8,78.0,E,8,964.3861999999999,E,8,999.0,E,8,0.95,E,8,-9900,?,9,-9900,?,9,0.0,E,8,-9900,?,9,-9900,?,9,0.0,0.0,E,8
01/28/2017,09:00,915.07,1409.496,472.25,1,8,244.754,1,8,313.415,1,8,56670.0,1,8,23251.611,1,8,34475.696,1,8,153.729,1,8,-9900,?,9,-9900,?,9,22.84,E,8,17.37,E,8,71.0,E,8,964.3861999999999,E,8,999.0,E,8,0.95,E,8,-9900,?,9,-9900,?,9,0.0,E,8,-9900,?,9,-9900,?,9,0.0,0.0,E,8
01/28/2017,10:00,1146.248,1409.496,688.66,1,8,394.401,1,8,367.968,1,8,82639.2,1,8,37468.14,1,8,40476.496,1,8,144.049,1,8,-9900,?,9,-9900,?,9,24.71,E,8,17.59,E,8,64.0,E,8,964.3861999999999,E,8,999.0,E,8,0.95,E,8,-9900,?,9,-9900,?,9,0.0,E,8,-9900,?,9,-9900,?,9,0.0,0.0,E,8
01/28/2017,11:00,1310.286,1409.496,873.89,1,8,553.404,1,8,359.462,1,8,104866.8,1,8,52573.361,1,8,39540.868,1,8,123.09,1,8,-9900,?,9,-9900,?,9,26.47,E,8,17.79,E,8,58.0,E,8,964.3861999999999,E,8,999.0,E,8,0.95,E,8,-9900,?,9,-9900,?,9,0.0,E,8,-9900,?,9,-9900,?,9,0.0,0.0,E,8
01/28/2017,12:00,1395.957,1409.496,968.2,1,8,584.756,1,8,389.064,1,8,116184.0,1,8,55551.861,1,8,42797.012,1,8,125.045,1,8,-9900,?,9,-9900,?,9,27.91,E,8,17.96,E,8,54.0,E,8,964.3861999999999,E,8,999.0,E,8,0.95,E,8,-9900,?,9,-9900,?,9,0.0,E,8,-9900,?,9,-9900,?,9,0.0,0.0,E,8
01/28/2017,13:00,1397.396,1409.496,1008.16,1,8,630.889,1,8,382.69,1,8,120979.2,1,8,59934.434,1,8,42095.934,1,8,122.87,1,8,-9900,?,9,-9900,?,9,29.03,E,8,18.08,E,8,51.0,E,8,964.3861999999999,E,8,999.0,E,8,0.95,E,8,-9900,?,9,-9900,?,9,0.0,E,8,-9900,?,9,-9900,?,9,0.0,0.0,E,8
01/28/2017,14:00,1314.487,1409.496,920.84,1,8,602.591,1,8,358.892,1,8,110500.8,1,8,57246.146,1,8,39478.124,1,8,122.501,1,8,-9900,?,9,-9900,?,9,29.69,E,8,18.16,E,8,49.0,E,8,964.3861999999999,E,8,999.0,E,8,0.95,E,8,-9900,?,9,-9900,?,9,0.0,E,8,-9900,?,9,-9900,?,9,0.0,0.0,E,8
01/28/2017,15:00,1152.875,1409.496,812.89,1,8,709.572,1,8,232.591,1,8,97546.8,1,8,67409.324,1,8,25585.053,1,8,90.529,1,8,-9900,?,9,-9900,?,9,30.0,E,8,18.19,E,8,49.0,E,8,964.3861999999999,E,8,999.0,E,8,0.95,E,8,-9900,?,9,-9900,?,9,0.0,E,8,-9900,?,9,-9900,?,9,0.0,0.0,E,8
01/28/2017,16:00,923.587,1409.496,668.89,1,8,904.216,1,8,76.624,1,8,80266.8,1,8,85900.495,1,8,8428.668,1,8,37.237,1,8,-9900,?,9,-9900,?,9,29.99,E,8,18.19,E,8,49.0,E,8,964.3861999999999,E,8,999.0,E,8,1.6,E,8,-9900,?,9,-9900,?,9,0.0,E,8,-9900,?,9,-9900,?,9,0.0,0.0,E,8
01/28/2017,17:00,642.327,1409.496,443.66,1,8,739.647,1,8,106.968,1,8,53239.2,1,8,70266.444,1,8,11766.498,1,8,74.799,1,8,-9900,?,9,-9900,?,9,29.4,E,8,18.13,E,8,50.0,E,8,964.3861999999999,E,8,999.0,E,8,1.26,E,8,-9900,?,9,-9900,?,9,0.0,E,8,-9900,?,9,-9900,?,9,0.0,0.0,E,8
01/28/2017,18:00,328.667,1409.496,231.0,1,8,417.453,1,8,134.141,1,8,27720.0,1,8,39658.036,1,8,14755.459,1,8,184.025,1,8,-9900,?,9,-9900,?,9,28.38,E,8,18.01,E,8,53.0,E,8,964.3861999999999,E,8,999.0,E,8,0.95,E,8,-9900,?,9,-9900,?,9,0.0,E,8,-9900,?,9,-9900,?,9,0.0,0.0,E,8
01/28/2017,19:00,12.634,1409.496,32.21,1,8,0.0,1,8,32.21,1,8,3865.2,1,8,0.0,1,8,3543.1,1,8,15521.422,1,8,-9900,?,9,-9900,?,9,27.08,E,8,17.86,E,8,57.0,E,8,964.3861999999999,E,8,999.0,E,8,0.95,E,8,-9900,?,9,-9900,?,9,0.0,E,8,-9900,?,9,-9900,?,9,0.0,0.0,E,8
01/28/2017,20:00,0.0,1409.496,0.0,1,8,0.0,1,8,0.0,1,8,0.0,1,8,0.0,1,8,0.0,1,8,-0.0,1,8,-9900,?,9,-9900,?,9,26.06,E,8,17.75,E,8,60.0,E,8,964.3861999999999,E,8,999.0,E,8,1.37,E,8,-9900,?,9,-9900,?,9,0.0,E,8,-9900,?,9,-9900,?,9,0.0,0.0,E,8
01/28/2017,21:00,0.0,1409.496,0.0,1,8,0.0,1,8,0.0,1,8,0.0,1,8,0.0,1,8,0.0,1,8,-0.0,1,8,-9900,?,9,-9900,?,9,25.03,E,8,17.63,E,8,63.0,E,8,964.3861999999999,E,8,999.0,E,8,0.95,E,8,-9900,?,9,-9900,?,9,0.0,E,8,-9900,?,9,-9900,?,9,0.0,0.0,E,8
01/28/2017,22:00,0.0,1409.496,0.0,1,8,0.0,1,8,0.0,1,8,0.0,1,8,0.0,1,8,0.0,1,8,-0.0,1,8,-9900,?,9,-9900,?,9,24.0,E,8,17.51,E,8,67.0,E,8,964.3861999999999,E,8,999.0,E,8,0.95,E,8,-9900,?,9,-9900,?,9,0.0,E,8,-9900,?,9,-9900,?,9,0.0,0.0,E,8
01/28/2017,23:00,0.0,1409.496,0.0,1,8,0.0,1,8,0.0,1,8,0.0,1,8,0.0,1,8,0.0,1,8,-0.0,1,8,-9900,?,9,-9900,?,9,22.98,E,8,17.39,E,8,70.0,E,8,964.3861999999999,E,8,999.0,E,8,0.95,E,8,-9900,?,9,-9900,?,9,0.0,E,8,-9900,?,9,-9900,?,9,0.0,0.0,E,8
01/28/2017,24:00,0.0,1409.496,0.0,1,8,0.0,1,8,0.0,1,8,0.0,1,8,0.0,1,8,0.0,1,8,-0.0,1,8,-9900,?,9,-9900,?,9,21.95,E,8,18.58,E,8,81.0,E,8,964.3861999999999,E,8,999.0,E,8,0.8,E,8,-9900,?,9,-9900,?,9,0.0,E,8,-9900,?,9,-9900,?,9,0.0,0.0,E,8
01/29/2017,01:00,0.0,1409.496,0.0,1,8,0.0,1,8,0.0,1,8,0.0,1,8,0.0,1,8,0.0,1,8,-0.0,1,8,-9900,?,9,-9900,?,9,21.44,E,8,18.4,E,8,82.0,E,8,964.3861999999999,E,8,999.0,E,8,0.96,E,8,-9900,?,9,-9900,?,9,0.0,E,8,-9900,?,9,-9900,?,9,0.0,0.0,E,8
01/29/2017,02:00,0.0,1409.496,0.0,1,8,0.0,1,8,0.0,1,8,0.0,1,8,0.0,1,8,0.0,1,8,-0.0,1,8,-9900,?,9,-9900,?,9,20.93,E,8,18.22,E,8,84.0,E,8,964.3861999999999,E,8,999.0,E,8,1.25,E,8,-9900,?,9,-9900,?,9,0.0,E,8,-9900,?,9,-9900,?,9,0.0,0.0,E,8
01/29/2017,03:00,0.0,1409.496,0.0,1,8,0.0,1,8,0.0,1,8,0.0,1,8,0.0,1,8,0.0,1,8,-0.0,1,8,-9900,?,9,-9900,?,9,20.41,E,8,18.03,E,8,86.0,E,8,964.3861999999999,E,8,999.0,E,8,1.83,E,8,-9900,?,9,-9900,?,9,0.0,E,8,-9900,?,9,-9900,?,9,0.0,0.0,E,8
01/29/2017,04:00,0.0,1409.131,0.0,1,8,0.0,1,8,0.0,1,8,0.0,1,8,0.0,1,8,0.0,1,8,-0.0,1,8,-9900,?,9,-9900,?,9,19.9,E,8,17.85,E,8,87.0,E,8,964.3861999999999,E,8,999.0,E,8,0.8,E,8,-9900,?,9,-9900,?,9,0.0,E,8,-9900,?,9,-9900,?,9,0.0,0.0,E,8
01/29/2017,05:00,0.0,1409.131,0.0,1,8,0.0,1,8,0.0,1,8,0.0,1,8,0.0,1,8,0.0,1,8,-0.0,1,8,-9900,?,9,-9900,?,9,19.45,E,8,17.69,E,8,89.0,E,8,964.3861999999999,E,8,999.0,E,8,0.85,E,8,-9900,?,9,-9900,?,9,0.0,E,8,-9900,?,9,-9900,?,9,0.0,0.0,E,8
01/29/2017,06:00,1.48,1409.131,0.0,1,8,0.0,1,8,0.0,1,8,0.0,1,8,0.0,1,8,0.0,1,8,-0.0,1,8,-9900,?,9,-9900,?,9,19.11,E,8,17.56,E,8,90.0,E,8,964.3861999999999,E,8,999.0,E,8,1.05,E,8,-9900,?,9,-9900,?,9,0.0,E,8,-9900,?,9,-9900,?,9,0.0,0.0,E,8
01/29/2017,07:00,315.508,1409.131,53.33,1,8,0.0,1,8,53.33,1,8,6399.6,1,8,0.0,1,8,5866.3,1,8,76.227,1,8,-9900,?,9,-9900,?,9,18.77,E,8,17.43,E,8,91.0,E,8,964.3861999999999,E,8,999.0,E,8,0.86,E,8,-9900,?,9,-9900,?,9,0.0,E,8,-9900,?,9,-9900,?,9,0.0,0.0,E,8
01/29/2017,08:00,629.988,1409.131,286.93,1,8,218.214,1,8,189.486,1,8,34431.6,1,8,20730.332,1,8,20843.431,1,8,135.068,1,8,-9900,?,9,-9900,?,9,21.69,E,8,18.49,E,8,82.0,E,8,964.3861999999999,E,8,999.0,E,8,1.04,E,8,-9900,?,9,-9900,?,9,0.0,E,8,-9900,?,9,-9900,?,9,0.0,0.0,E,8
01/29/2017,09:00,912.926,1409.131,572.88,1,8,520.222,1,8,235.983,1,8,68745.6,1,8,49421.116,1,8,25958.142,1,8,115.991,1,8,-9900,?,9,-9900,?,9,24.0,E,8,19.28,E,8,74.0,E,8,964.3861999999999,E,8,999.0,E,8,0.88,E,8,-9900,?,9,-9900,?,9,0.0,E,8,-9900,?,9,-9900,?,9,0.0,0.0,E,8
01/29/2017,10:00,1144.576,1409.131,704.18,1,8,433.915,1,8,351.783,1,8,84501.6,1,8,41221.882,1,8,38696.163,1,8,137.879,1,8,-9900,?,9,-9900,?,9,25.72,E,8,19.84,E,8,70.0,E,8,964.3861999999999,E,8,999.0,E,8,0.97,E,8,-9900,?,9,-9900,?,9,0.0,E,8,-9900,?,9,-9900,?,9,0.0,0.0,E,8
01/29/2017,11:00,1309.042,1409.131,651.59,1,8,175.393,1,8,488.663,1,8,78190.8,1,8,16662.295,1,8,53752.919,1,8,167.447,1,8,-9900,?,9,-9900,?,9,26.57,E,8,20.12,E,8,67.0,E,8,964.3861999999999,E,8,999.0,E,8,1.11,E,8,-9900,?,9,-9900,?,9,0.0,E,8,-9900,?,9,-9900,?,9,0.0,0.0,E,8
01/29/2017,12:00,1395.068,1409.131,649.68,1,8,76.648,1,8,573.798,1,8,77961.6,1,8,7281.518,1,8,63117.759,1,8,184.488,1,8,-9900,?,9,-9900,?,9,27.13,E,8,20.29,E,8,66.0,E,8,964.3861999999999,E,8,999.0,E,8,1.19,E,8,-9900,?,9,-9900,?,9,0.0,E,8,-9900,?,9,-9900,?,9,0.0,0.0,E,8
01/29/2017,13:00,1396.763,1409.131,626.62,1,8,123.442,1,8,504.262,1,8,75194.4,1,8,11727.037,1,8,55468.772,1,8,161.934,1,8,-9900,?,9,-9900,?,9,27.48,E,8,20.4,E,8,65.0,E,8,964.3861999999999,E,8,999.0,E,8,1.23,E,8,-9900,?,9,-9900,?,9,0.0,E,8,-9900,?,9,-9900,?,9,0.0,0.0,E,8
01/29/2017,14:00,1313.994,1409.131,694.38,1,8,222.183,1,8,487.207,1,8,83325.6,1,8,21107.347,1,8,53592.775,1,8,166.319,1,8,-9900,?,9,-9900,?,9,27.88,E,8,20.53,E,8,64.0,E,8,964.3861999999999,E,8,999.0,E,8,1.43,E,8,-9900,?,9,-9900,?,9,0.0,E,8,-9900,?,9,-9900,?,9,0.0,0.0,E,8
01/29/2017,15:00,1152.396,1409.131,703.63,1,8,413.937,1,8,365.159,1,8,84435.6,1,8,39324.054,1,8,40167.459,1,8,142.149,1,8,-9900,?,9,-9900,?,9,28.21,E,8,20.63,E,8,63.0,E,8,964.3861999999999,E,8,999.0,E,8,1.43,E,8,-9900,?,9,-9900,?,9,0.0,E,8,-9900,?,9,-9900,?,9,0.0,0.0,E,8
01/29/2017,16:00,922.995,1409.131,606.7,1,8,642.655,1,8,185.918,1,8,72804.0,1,8,61052.27,1,8,20451.02,1,8,90.384,1,8,-9900,?,9,-9900,?,9,28.31,E,8,20.66,E,8,63.0,E,8,964.3861999999999,E,8,999.0,E,8,0.8,E,8,-9900,?,9,-9900,?,9,0.0,E,8,-9900,?,9,-9900,?,9,0.0,0.0,E,8
01/29/2017,17:00,641.504,1409.131,432.06,1,8,588.189,1,8,164.587,1,8,51847.2,1,8,55877.937,1,8,18104.59,1,8,115.208,1,8,-9900,?,9,-9900,?,9,27.99,E,8,20.56,E,8,64.0,E,8,964.3861999999999,E,8,999.0,E,8,0.8,E,8,-9900,?,9,-9900,?,9,0.0,E,8,-9900,?,9,-9900,?,9,0.0,0.0,E,8
01/29/2017,18:00,327.513,1409.131,289.48,1,8,445.588,1,8,186.432,1,8,34737.6,1,8,42330.848,1,8,20507.526,1,8,256.605,1,8,-9900,?,9,-9900,?,9,27.37,E,8,20.37,E,8,65.0,E,8,964.3861999999999,E,8,999.0,E,8,0.8,E,8,-9900,?,9,-9900,?,9,0.0,E,8,-9900,?,9,-9900,?,9,0.0,0.0,E,8
01/29/2017,19:00,11.285,1409.131,59.8,1,8,0.0,1,8,0.0,1,8,7176.0,1,8,0.0,1,8,0.0,1,8,-0.0,1,8,-9900,?,9,-9900,?,9,26.33,E,8,20.04,E,8,68.0,E,8,964.3861999999999,E,8,999.0,E,8,0.8,E,8,-9900,?,9,-9900,?,9,0.0,E,8,-9900,?,9,-9900,?,9,0.0,0.0,E,8
01/29/2017,20:00,0.0,1409.131,0.0,1,8,0.0,1,8,0.0,1,8,0.0,1,8,0.0,1,8,0.0,1,8,-0.0,1,8,-9900,?,9,-9900,?,9,25.35,E,8,19.72,E,8,71.0,E,8,964.3861999999999,E,8,999.0,E,8,0.8,E,8,-9900,?,9,-9900,?,9,0.0,E,8,-9900,?,9,-9900,?,9,0.0,0.0,E,8
01/29/2017,21:00,0.0,1409.131,0.0,1,8,0.0,1,8,0.0,1,8,0.0,1,8,0.0,1,8,0.0,1,8,-0.0,1,8,-9900,?,9,-9900,?,9,24.37,E,8,19.4,E,8,73.0,E,8,964.3861999999999,E,8,999.0,E,8,0.8,E,8,-9900,?,9,-9900,?,9,0.0,E,8,-9900,?,9,-9900,?,9,0.0,0.0,E,8
01/29/2017,22:00,0.0,1409.131,0.0,1,8,0.0,1,8,0.0,1,8,0.0,1,8,0.0,1,8,0.0,1,8,-0.0,1,8,-9900,?,9,-9900,?,9,23.39,E,8,19.07,E,8,76.0,E,8,964.3861999999999,E,8,999.0,E,8,0.8,E,8,-9900,?,9,-9900,?,9,0.0,E,8,-9900,?,9,-9900,?,9,0.0,0.0,E,8
01/29/2017,23:00,0.0,1409.131,0.0,1,8,0.0,1,8,0.0,1,8,0.0,1,8,0.0,1,8,0.0,1,8,-0.0,1,8,-9900,?,9,-9900,?,9,22.41,E,8,18.74,E,8,79.0,E,8,964.3861999999999,E,8,999.0,E,8,0.8,E,8,-9900,?,9,-9900,?,9,0.0,E,8,-9900,?,9,-9900,?,9,0.0,0.0,E,8
01/29/2017,24:00,0.0,1409.131,0.0,1,8,0.0,1,8,0.0,1,8,0.0,1,8,0.0,1,8,0.0,1,8,-0.0,1,8,-9900,?,9,-9900,?,9,21.43,E,8,17.75,E,8,79.0,E,8,964.3861999999999,E,8,999.0,E,8,1.0,E,8,-9900,?,9,-9900,?,9,0.0,E,8,-9900,?,9,-9900,?,9,0.0,0.0,E,8
01/30/2017,01:00,0.0,1409.131,0.0,1,8,0.0,1,8,0.0,1,8,0.0,1,8,0.0,1,8,0.0,1,8,-0.0,1,8,-9900,?,9,-9900,?,9,20.94,E,8,17.58,E,8,81.0,E,8,964.3861999999999,E,8,999.0,E,8,1.0,E,8,-9900,?,9,-9900,?,9,0.0,E,8,-9900,?,9,-9900,?,9,0.0,0.0,E,8
01/30/2017,02:00,0.0,1409.131,0.0,1,8,0.0,1,8,0.0,1,8,0.0,1,8,0.0,1,8,0.0,1,8,-0.0,1,8,-9900,?,9,-9900,?,9,20.45,E,8,17.41,E,8,82.0,E,8,964.3861999999999,E,8,999.0,E,8,1.0,E,8,-9900,?,9,-9900,?,9,0.0,E,8,-9900,?,9,-9900,?,9,0.0,0.0,E,8
01/30/2017,03:00,0.0,1409.131,0.0,1,8,0.0,1,8,0.0,1,8,0.0,1,8,0.0,1,8,0.0,1,8,-0.0,1,8,-9900,?,9,-9900,?,9,19.96,E,8,17.23,E,8,84.0,E,8,964.3861999999999,E,8,999.0,E,8,1.0,E,8,-9900,?,9,-9900,?,9,0.0,E,8,-9900,?,9,-9900,?,9,0.0,0.0,E,8
01/30/2017,04:00,0.0,1408.752,0.0,1,8,0.0,1,8,0.0,1,8,0.0,1,8,0.0,1,8,0.0,1,8,-0.0,1,8,-9900,?,9,-9900,?,9,19.47,E,8,17.06,E,8,85.0,E,8,964.3861999999999,E,8,999.0,E,8,1.0,E,8,-9900,?,9,-9900,?,9,0.0,E,8,-9900,?,9,-9900,?,9,0.0,0.0,E,8
01/30/2017,05:00,0.0,1408.752,0.0,1,8,0.0,1,8,0.0,1,8,0.0,1,8,0.0,1,8,0.0,1,8,-0.0,1,8,-9900,?,9,-9900,?,9,19.03,E,8,16.9,E,8,87.0,E,8,964.3861999999999,E,8,999.0,E,8,1.0,E,8,-9900,?,9,-9900,?,9,0.0,E,8,-9900,?,9,-9900,?,9,0.0,0.0,E,8
01/30/2017,06:00,0.0,1408.752,0.0,1,8,0.0,1,8,0.0,1,8,0.0,1,8,0.0,1,8,0.0,1,8,-0.0,1,8,-9900,?,9,-9900,?,9,18.71,E,8,16.78,E,8,88.0,E,8,964.3861999999999,E,8,999.0,E,8,1.0,E,8,-9900,?,9,-9900,?,9,0.0,E,8,-9900,?,9,-9900,?,9,0.0,0.0,E,8
01/30/2017,07:00,312.452,1408.752,22.29,1,8,0.0,1,8,22.29,1,8,2674.8,1,8,0.0,1,8,2451.9,1,8,32.166,1,8,-9900,?,9,-9900,?,9,18.39,E,8,16.67,E,8,89.0,E,8,964.3861999999999,E,8,999.0,E,8,1.0,E,8,-9900,?,9,-9900,?,9,0.0,E,8,-9900,?,9,-9900,?,9,0.0,0.0,E,8
01/30/2017,08:00,627.378,1408.752,284.39,1,8,214.789,1,8,188.848,1,8,34126.8,1,8,20404.96,1,8,20773.287,1,8,135.139,1,8,-9900,?,9,-9900,?,9,21.55,E,8,17.79,E,8,79.0,E,8,964.3861999999999,E,8,999.0,E,8,1.0,E,8,-9900,?,9,-9900,?,9,0.0,E,8,-9900,?,9,-9900,?,9,0.0,0.0,E,8
01/30/2017,09:00,910.788,1408.752,241.53,1,8,24.025,1,8,226.004,1,8,28983.6,1,8,2282.352,1,8,24860.422,1,8,111.317,1,8,-9900,?,9,-9900,?,9,22.16,E,8,17.99,E,8,77.0,E,8,964.3861999999999,E,8,999.0,E,8,1.0,E,8,-9900,?,9,-9900,?,9,0.0,E,8,-9900,?,9,-9900,?,9,0.0,0.0,E,8
01/30/2017,10:00,1142.896,1408.752,506.56,1,8,129.878,1,8,401.209,1,8,60787.2,1,8,12338.366,1,8,44132.951,1,8,157.44,1,8,-9900,?,9,-9900,?,9,23.83,E,8,18.55,E,8,72.0,E,8,964.3861999999999,E,8,999.0,E,8,1.0,E,8,-9900,?,9,-9900,?,9,0.0,E,8,-9900,?,9,-9900,?,9,0.0,0.0,E,8
01/30/2017,11:00,1307.774,1408.752,627.13,1,8,91.427,1,8,542.261,1,8,75255.6,1,8,8685.533,1,8,59648.678,1,8,185.943,1,8,-9900,?,9,-9900,?,9,25.32,E,8,19.03,E,8,68.0,E,8,964.3861999999999,E,8,999.0,E,8,1.0,E,8,-9900,?,9,-9900,?,9,0.0,E,8,-9900,?,9,-9900,?,9,0.0,0.0,E,8
01/30/2017,12:00,1394.136,1408.752,703.77,1,8,106.372,1,8,598.503,1,8,84452.4,1,8,10105.295,1,8,65835.302,1,8,192.508,1,8,-9900,?,9,-9900,?,9,26.59,E,8,19.43,E,8,64.0,E,8,964.3861999999999,E,8,999.0,E,8,1.0,E,8,-9900,?,9,-9900,?,9,0.0,E,8,-9900,?,9,-9900,?,9,0.0,0.0,E,8
01/30/2017,13:00,1396.068,1408.752,730.74,1,8,122.998,1,8,608.85,1,8,87688.8,1,8,11684.825,1,8,66973.493,1,8,195.565,1,8,-9900,?,9,-9900,?,9,27.57,E,8,19.74,E,8,62.0,E,8,964.3861999999999,E,8,999.0,E,8,1.0,E,8,-9900,?,9,-9900,?,9,0.0,E,8,-9900,?,9,-9900,?,9,0.0,0.0,E,8
01/30/2017,14:00,1313.421,1408.752,706.08,1,8,144.053,1,8,571.781,1,8,84729.6,1,8,13685.034,1,8,62895.921,1,8,195.222,1,8,-9900,?,9,-9900,?,9,28.24,E,8,19.94,E,8,60.0,E,8,964.3861999999999,E,8,999.0,E,8,1.0,E,8,-9900,?,9,-9900,?,9,0.0,E,8,-9900,?,9,-9900,?,9,0.0,0.0,E,8
01/30/2017,15:00,1151.82,1408.752,631.57,1,8,210.422,1,8,459.551,1,8,75788.4,1,8,19990.055,1,8,50550.567,1,8,178.935,1,8,-9900,?,9,-9900,?,9,28.59,E,8,20.05,E,8,59.0,E,8,964.3861999999999,E,8,999.0,E,8,1.0,E,8,-9900,?,9,-9900,?,9,0.0,E,8,-9900,?,9,-9900,?,9,0.0,0.0,E,8
01/30/2017,16:00,922.295,1408.752,512.76,1,8,352.857,1,8,281.838,1,8,61531.2,1,8,33521.452,1,8,31002.222,1,8,137.083,1,8,-9900,?,9,-9900,?,9,28.63,E,8,20.06,E,8,59.0,E,8,964.3861999999999,E,8,999.0,E,8,1.0,E,8,-9900,?,9,-9900,?,9,0.0,E,8,-9900,?,9,-9900,?,9,0.0,0.0,E,8
01/30/2017,17:00,640.564,1408.752,359.02,1,8,477.843,1,8,141.986,1,8,43082.4,1,8,45395.108,1,8,15618.507,1,8,99.507,1,8,-9900,?,9,-9900,?,9,28.19,E,8,19.93,E,8,60.0,E,8,964.3861999999999,E,8,999.0,E,8,1.0,E,8,-9900,?,9,-9900,?,9,0.0,E,8,-9900,?,9,-9900,?,9,0.0,0.0,E,8
01/30/2017,18:00,326.24,1408.752,150.08,1,8,320.586,1,8,76.212,1,8,18009.6,1,8,30455.689,1,8,8383.268,1,8,105.283,1,8,-9900,?,9,-9900,?,9,27.22,E,8,19.63,E,8,63.0,E,8,964.3861999999999,E,8,999.0,E,8,1.0,E,8,-9900,?,9,-9900,?,9,0.0,E,8,-9900,?,9,-9900,?,9,0.0,0.0,E,8
01/30/2017,19:00,9.839,1408.752,26.53,1,8,0.0,1,8,0.0,1,8,3183.6,1,8,0.0,1,8,0.0,1,8,-0.0,1,8,-9900,?,9,-9900,?,9,26.06,E,8,19.27,E,8,66.0,E,8,964.3861999999999,E,8,999.0,E,8,1.0,E,8,-9900,?,9,-9900,?,9,0.0,E,8,-9900,?,9,-9900,?,9,0.0,0.0,E,8
01/30/2017,20:00,0.0,1408.752,0.0,1,8,0.0,1,8,0.0,1,8,0.0,1,8,0.0,1,8,0.0,1,8,-0.0,1,8,-9900,?,9,-9900,?,9,25.15,E,8,18.98,E,8,68.0,E,8,964.3861999999999,E,8,999.0,E,8,1.0,E,8,-9900,?,9,-9900,?,9,0.0,E,8,-9900,?,9,-9900,?,9,0.0,0.0,E,8
01/30/2017,21:00,0.0,1408.752,0.0,1,8,0.0,1,8,0.0,1,8,0.0,1,8,0.0,1,8,0.0,1,8,-0.0,1,8,-9900,?,9,-9900,?,9,24.24,E,8,18.69,E,8,71.0,E,8,964.3861999999999,E,8,999.0,E,8,1.0,E,8,-9900,?,9,-9900,?,9,0.0,E,8,-9900,?,9,-9900,?,9,0.0,0.0,E,8
01/30/2017,22:00,0.0,1408.752,0.0,1,8,0.0,1,8,0.0,1,8,0.0,1,8,0.0,1,8,0.0,1,8,-0.0,1,8,-9900,?,9,-9900,?,9,23.33,E,8,18.39,E,8,78.0,E,8,964.3861999999999,E,8,999.0,E,8,1.0,E,8,-9900,?,9,-9900,?,9,0.002,E,8,-9900,?,9,-9900,?,9,0.02,99.0,E,8
01/30/2017,23:00,0.0,1408.752,0.0,1,8,0.0,1,8,0.0,1,8,0.0,1,8,0.0,1,8,0.0,1,8,-0.0,1,8,-9900,?,9,-9900,?,9,22.43,E,8,18.09,E,8,81.0,E,8,964.3861999999999,E,8,999.0,E,8,1.0,E,8,-9900,?,9,-9900,?,9,0.098,E,8,-9900,?,9,-9900,?,9,0.98,99.0,E,8
01/30/2017,24:00,0.0,1408.752,0.0,1,8,0.0,1,8,0.0,1,8,0.0,1,8,0.0,1,8,0.0,1,8,-0.0,1,8,-9900,?,9,-9900,?,9,21.52,E,8,17.72,E,8,83.0,E,8,964.3861999999999,E,8,999.0,E,8,0.89,E,8,-9900,?,9,-9900,?,9,0.012,E,8,-9900,?,9,-9900,?,9,0.12,99.0,E,8
01/31/2017,01:00,0.0,1408.752,0.0,1,8,0.0,1,8,0.0,1,8,0.0,1,8,0.0,1,8,0.0,1,8,-0.0,1,8,-9900,?,9,-9900,?,9,21.07,E,8,17.62,E,8,85.0,E,8,964.3861999999999,E,8,999.0,E,8,0.89,E,8,-9900,?,9,-9900,?,9,0.002,E,8,-9900,?,9,-9900,?,9,0.02,99.0,E,8
01/31/2017,02:00,0.0,1408.752,0.0,1,8,0.0,1,8,0.0,1,8,0.0,1,8,0.0,1,8,0.0,1,8,-0.0,1,8,-9900,?,9,-9900,?,9,20.61,E,8,17.53,E,8,87.0,E,8,964.3861999999999,E,8,999.0,E,8,0.89,E,8,-9900,?,9,-9900,?,9,0.005,E,8,-9900,?,9,-9900,?,9,0.05,99.0,E,8
01/31/2017,03:00,0.0,1408.752,0.0,1,8,0.0,1,8,0.0,1,8,0.0,1,8,0.0,1,8,0.0,1,8,-0.0,1,8,-9900,?,9,-9900,?,9,20.16,E,8,17.43,E,8,84.0,E,8,964.3861999999999,E,8,999.0,E,8,0.89,E,8,-9900,?,9,-9900,?,9,0.0,E,8,-9900,?,9,-9900,?,9,0.0,0.0,E,8
01/31/2017,04:00,0.0,1408.36,0.0,1,8,0.0,1,8,0.0,1,8,0.0,1,8,0.0,1,8,0.0,1,8,-0.0,1,8,-9900,?,9,-9900,?,9,19.71,E,8,17.34,E,8,86.0,E,8,964.3861999999999,E,8,999.0,E,8,0.89,E,8,-9900,?,9,-9900,?,9,0.0,E,8,-9900,?,9,-9900,?,9,0.0,0.0,E,8
01/31/2017,05:00,0.0,1408.36,0.0,1,8,0.0,1,8,0.0,1,8,0.0,1,8,0.0,1,8,0.0,1,8,-0.0,1,8,-9900,?,9,-9900,?,9,19.3,E,8,17.25,E,8,87.0,E,8,964.3861999999999,E,8,999.0,E,8,0.89,E,8,-9900,?,9,-9900,?,9,0.0,E,8,-9900,?,9,-9900,?,9,0.0,0.0,E,8
01/31/2017,06:00,0.0,1408.36,0.0,1,8,0.0,1,8,0.0,1,8,0.0,1,8,0.0,1,8,0.0,1,8,-0.0,1,8,-9900,?,9,-9900,?,9,19.0,E,8,17.18,E,8,89.0,E,8,964.3861999999999,E,8,999.0,E,8,0.89,E,8,-9900,?,9,-9900,?,9,0.0,E,8,-9900,?,9,-9900,?,9,0.0,0.0,E,8
01/31/2017,07:00,309.419,1408.36,21.43,1,8,0.0,1,8,21.43,1,8,2571.6,1,8,0.0,1,8,2357.3,1,8,31.223,1,8,-9900,?,9,-9900,?,9,18.7,E,8,17.12,E,8,90.0,E,8,964.3861999999999,E,8,999.0,E,8,0.89,E,8,-9900,?,9,-9900,?,9,0.0,E,8,-9900,?,9,-9900,?,9,0.0,0.0,E,8
01/31/2017,08:00,624.784,1408.36,180.3,1,8,26.453,1,8,168.579,1,8,21636.0,1,8,2512.989,1,8,18543.687,1,8,121.103,1,8,-9900,?,9,-9900,?,9,20.81,E,8,17.57,E,8,81.0,E,8,964.3861999999999,E,8,999.0,E,8,0.89,E,8,-9900,?,9,-9900,?,9,0.0,E,8,-9900,?,9,-9900,?,9,0.0,0.0,E,8
01/31/2017,09:00,908.656,1408.36,359.12,1,8,71.071,1,8,313.285,1,8,43094.4,1,8,6751.783,1,8,34461.296,1,8,154.626,1,8,-9900,?,9,-9900,?,9,22.61,E,8,17.94,E,8,74.0,E,8,964.3861999999999,E,8,999.0,E,8,0.89,E,8,-9900,?,9,-9900,?,9,0.0,E,8,-9900,?,9,-9900,?,9,0.0,0.0,E,8
01/31/2017,10:00,1141.209,1408.36,518.21,1,8,141.704,1,8,403.403,1,8,62185.2,1,8,13461.885,1,8,44374.373,1,8,158.491,1,8,-9900,?,9,-9900,?,9,24.34,E,8,18.29,E,8,69.0,E,8,964.3861999999999,E,8,999.0,E,8,0.89,E,8,-9900,?,9,-9900,?,9,0.0,E,8,-9900,?,9,-9900,?,9,0.0,0.0,E,8
01/31/2017,11:00,1306.48,1408.36,642.07,1,8,100.984,1,8,548.396,1,8,77048.4,1,8,9593.448,1,8,60323.546,1,8,188.181,1,8,-9900,?,9,-9900,?,9,25.89,E,8,18.6,E,8,64.0,E,8,964.3861999999999,E,8,999.0,E,8,0.89,E,8,-9900,?,9,-9900,?,9,0.0,E,8,-9900,?,9,-9900,?,9,0.0,0.0,E,8
01/31/2017,12:00,1393.159,1408.36,720.86,1,8,117.558,1,8,604.571,1,8,86503.2,1,8,11168.032,1,8,66502.847,1,8,194.542,1,8,-9900,?,9,-9900,?,9,27.2,E,8,18.86,E,8,60.0,E,8,964.3861999999999,E,8,999.0,E,8,0.89,E,8,-9900,?,9,-9900,?,9,0.0,E,8,-9900,?,9,-9900,?,9,0.0,0.0,E,8
01/31/2017,13:00,1395.309,1408.36,748.69,1,8,135.897,1,8,614.054,1,8,89842.8,1,8,12910.169,1,8,67545.887,1,8,197.289,1,8,-9900,?,9,-9900,?,9,28.22,E,8,19.06,E,8,57.0,E,8,964.3861999999999,E,8,999.0,E,8,0.89,E,8,-9900,?,9,-9900,?,9,0.0,E,8,-9900,?,9,-9900,?,9,0.0,0.0,E,8
01/31/2017,14:00,1312.766,1408.36,723.51,1,8,158.928,1,8,575.376,1,8,86821.2,1,8,15098.142,1,8,63291.378,1,8,196.493,1,8,-9900,?,9,-9900,?,9,28.92,E,8,19.19,E,8,55.0,E,8,964.3861999999999,E,8,999.0,E,8,0.89,E,8,-9900,?,9,-9900,?,9,0.0,E,8,-9900,?,9,-9900,?,9,0.0,0.0,E,8
01/31/2017,15:00,1151.148,1408.36,647.14,1,8,316.753,1,8,388.274,1,8,77656.8,1,8,30091.549,1,8,42710.136,1,8,151.229,1,8,-9900,?,9,-9900,?,9,29.29,E,8,19.26,E,8,54.0,E,8,964.3861999999999,E,8,999.0,E,8,1.36,E,8,-9900,?,9,-9900,?,9,0.0,E,8,-9900,?,9,-9900,?,9,0.0,0.0,E,8
01/31/2017,16:00,921.485,1408.36,525.28,1,8,386.527,1,8,272.476,1,8,63033.6,1,8,36720.093,1,8,29972.326,1,8,132.609,1,8,-9900,?,9,-9900,?,9,29.33,E,8,19.27,E,8,54.0,E,8,964.3861999999999,E,8,999.0,E,8,1.66,E,8,-9900,?,9,-9900,?,9,0.0,E,8,-9900,?,9,-9900,?,9,0.0,0.0,E,8
01/31/2017,17:00,639.507,1408.36,367.54,1,8,458.044,1,8,159.785,1,8,44104.8,1,8,43514.219,1,8,17576.394,1,8,112.136,1,8,-9900,?,9,-9900,?,9,28.87,E,8,19.18,E,8,55.0,E,8,964.3861999999999,E,8,999.0,E,8,1.9,E,8,-9900,?,9,-9900,?,9,0.0,E,8,-9900,?,9,-9900,?,9,0.0,0.0,E,8
01/31/2017,18:00,324.845,1408.36,221.698,1,8,453.685,1,8,117.583,1,8,26603.76,1,8,43100.061,1,8,12934.181,1,8,163.094,1,8,-9900,?,9,-9900,?,9,27.762,E,8,18.968,E,8,60.4,E,8,964.3861999999999,E,8,999.0,E,8,1.342,E,8,-9900,?,9,-9900,?,9,0.0558,E,8,-9900,?,9,-9900,?,9,0.558,99.0,E,8
01/31/2017,19:00,8.298,1408.36,116.642,1,8,0.0,1,8,0.0,1,8,13997.04,1,8,0.0,1,8,0.0,1,8,-0.0,1,8,-9900,?,9,-9900,?,9,26.908,E,8,18.802,E,8,62.8,E,8,964.3861999999999,E,8,999.0,E,8,1.188,E,8,-9900,?,9,-9900,?,9,0.0558,E,8,-9900,?,9,-9900,?,9,0.558,99.0,E,8
01/31/2017,20:00,0.0,1408.36,43.134,1,8,0.0,1,8,0.0,1,8,5176.08,1,8,0.0,1,8,0.0,1,8,-0.0,1,8,-9900,?,9,-9900,?,9,25.976,E,8,18.62,E,8,65.6,E,8,964.3861999999999,E,8,999.0,E,8,0.986,E,8,-9900,?,9,-9900,?,9,0.0558,E,8,-9900,?,9,-9900,?,9,0.558,99.0,E,8
01/31/2017,21:00,0.0,1408.36,5.33,1,8,0.0,1,8,0.0,1,8,639.6,1,8,0.0,1,8,0.0,1,8,-0.0,1,8,-9900,?,9,-9900,?,9,25.056,E,8,18.438,E,8,69.4,E,8,964.3861999999999,E,8,999.0,E,8,0.89,E,8,-9900,?,9,-9900,?,9,0.05600000000000001,E,8,-9900,?,9,-9900,?,9,0.56,99.0,E,8
01/31/2017,22:00,0.0,1408.36,0.0,1,8,0.0,1,8,0.0,1,8,0.0,1,8,0.0,1,8,0.0,1,8,-0.0,1,8,-9900,?,9,-9900,?,9,24.516,E,8,18.684,E,8,73.8,E,8,964.3861999999999,E,8,999.0,E,8,0.91,E,8,-9900,?,9,-9900,?,9,0.06,E,8,-9900,?,9,-9900,?,9,0.6,99.0,E,8
01/31/2017,23:00,0.0,1408.36,0.0,1,8,0.0,1,8,0.0,1,8,0.0,1,8,0.0,1,8,0.0,1,8,-0.0,1,8,-9900,?,9,-9900,?,9,24.07,E,8,18.956,E,8,75.8,E,8,964.3861999999999,E,8,999.0,E,8,0.93,E,8,-9900,?,9,-9900,?,9,0.005,E,8,-9900,?,9,-9900,?,9,0.05,99.0,E,8
01/31/2021,24:00,0.0,1408.36,0.0,1,8,0.0,1,8,0.0,1,8,0.0,1,8,0.0,1,8,0.0,1,8,-0.0,1,8,-9900,?,9,-9900,?,9,23.714,E,8,19.254,E,8,79.8,E,8,964.3861999999999,E,8,999.0,E,8,0.95,E,8,-9900,?,9,-9900,?,9,0.0052,E,8,-9900,?,9,-9900,?,9,0.052,99.0,E,8
02/01/2021,01:00,0.0,1408.36,0.0,1,8,0.0,1,8,0.0,1,8,0.0,1,8,0.0,1,8,0.0,1,8,-0.0,1,8,-9900,?,9,-9900,?,9,23.452,E,8,19.58,E,8,83.6,E,8,964.3861999999999,E,8,999.0,E,8,0.97,E,8,-9900,?,9,-9900,?,9,0.0058000000000000005,E,8,-9900,?,9,-9900,?,9,0.058,99.0,E,8
02/01/2021,02:00,0.0,1408.36,0.0,1,8,0.0,1,8,0.0,1,8,0.0,1,8,0.0,1,8,0.0,1,8,-0.0,1,8,-9900,?,9,-9900,?,9,23.282,E,8,19.932,E,8,85.2,E,8,964.3861999999999,E,8,999.0,E,8,0.99,E,8,-9900,?,9,-9900,?,9,0.0056,E,8,-9900,?,9,-9900,?,9,0.056,99.0,E,8
02/01/2021,03:00,0.0,1408.36,0.0,1,8,0.0,1,8,0.0,1,8,0.0,1,8,0.0,1,8,0.0,1,8,-0.0,1,8,-9900,?,9,-9900,?,9,22.906,E,8,19.898,E,8,85.8,E,8,964.3861999999999,E,8,999.0,E,8,0.99,E,8,-9900,?,9,-9900,?,9,0.0016,E,8,-9900,?,9,-9900,?,9,0.016,99.0,E,8
02/01/2021,04:00,0.0,1407.955,0.0,1,8,0.0,1,8,0.0,1,8,0.0,1,8,0.0,1,8,0.0,1,8,-0.0,1,8,-9900,?,9,-9900,?,9,22.556,E,8,19.866,E,8,86.4,E,8,964.3861999999999,E,8,999.0,E,8,0.99,E,8,-9900,?,9,-9900,?,9,0.0008,E,8,-9900,?,9,-9900,?,9,0.008,99.0,E,8
02/01/2021,05:00,0.0,1407.955,7.044,1,8,0.0,1,8,0.0,1,8,845.28,1,8,0.0,1,8,0.0,1,8,-0.0,1,8,-9900,?,9,-9900,?,9,22.234,E,8,19.836,E,8,87.0,E,8,964.3861999999999,E,8,999.0,E,8,0.99,E,8,-9900,?,9,-9900,?,9,0.0006000000000000001,E,8,-9900,?,9,-9900,?,9,0.006,99.0,E,8
02/01/2021,06:00,0.0,1407.955,0.0,1,8,0.0,1,8,0.0,1,8,0.0,1,8,0.0,1,8,0.0,1,8,-0.0,1,8,-9900,?,9,-9900,?,9,21.92,E,8,19.81,E,8,87.0,E,8,964.3861999999999,E,8,999.0,E,8,0.99,E,8,-9900,?,9,-9900,?,9,0.0,E,8,-9900,?,9,-9900,?,9,0.0,0.0,E,8
02/01/2021,07:00,306.42,1407.955,35.22,1,8,0.0,1,8,35.22,1,8,4226.4,1,8,0.0,1,8,3874.2,1,8,51.808,1,8,-9900,?,9,-9900,?,9,21.67,E,8,19.78,E,8,89.0,E,8,964.3861999999999,E,8,999.0,E,8,0.99,E,8,-9900,?,9,-9900,?,9,0.0,E,8,-9900,?,9,-9900,?,9,0.0,0.0,E,8
02/01/2021,08:00,622.224,1407.955,221.23,1,8,82.998,1,8,184.594,1,8,26547.6,1,8,7884.844,1,8,20305.372,1,8,133.117,1,8,-9900,?,9,-9900,?,9,23.66,E,8,19.97,E,8,79.0,E,8,964.3861999999999,E,8,999.0,E,8,0.99,E,8,-9900,?,9,-9900,?,9,0.0,E,8,-9900,?,9,-9900,?,9,0.0,0.0,E,8
02/01/2021,09:00,906.548,1407.955,473.71,1,8,257.787,1,8,307.796,1,8,56845.2,1,8,24489.747,1,8,33857.571,1,8,152.227,1,8,-9900,?,9,-9900,?,9,25.45,E,8,20.13,E,8,72.0,E,8,964.3861999999999,E,8,999.0,E,8,0.99,E,8,-9900,?,9,-9900,?,9,0.0,E,8,-9900,?,9,-9900,?,9,0.0,0.0,E,8
02/01/2021,10:00,1139.527,1407.955,656.45,1,8,329.978,1,8,389.424,1,8,78774.0,1,8,31347.866,1,8,42836.671,1,8,153.181,1,8,-9900,?,9,-9900,?,9,27.05,E,8,20.28,E,8,66.0,E,8,964.3861999999999,E,8,999.0,E,8,0.99,E,8,-9900,?,9,-9900,?,9,0.0,E,8,-9900,?,9,-9900,?,9,0.0,0.0,E,8
02/01/2021,11:00,1305.169,1407.955,573.24,1,8,105.877,1,8,475.097,1,8,68788.8,1,8,10058.345,1,8,52260.657,1,8,163.146,1,8,-9900,?,9,-9900,?,9,27.76,E,8,20.34,E,8,69.0,E,8,964.3861999999999,E,8,999.0,E,8,0.99,E,8,-9900,?,9,-9900,?,9,0.007000000000000001,E,8,-9900,?,9,-9900,?,9,0.07,99.0,E,8
02/01/2021,12:00,1392.134,1407.955,696.53,1,8,102.621,1,8,595.063,1,8,83583.6,1,8,9748.948,1,8,65456.962,1,8,191.568,1,8,-9900,?,9,-9900,?,9,28.55,E,8,20.41,E,8,61.0,E,8,964.3861999999999,E,8,999.0,E,8,0.99,E,8,-9900,?,9,-9900,?,9,0.0,E,8,-9900,?,9,-9900,?,9,0.0,0.0,E,8
02/01/2021,13:00,1394.468,1407.955,707.86,1,8,179.381,1,8,530.198,1,8,84943.2,1,8,17041.223,1,8,58321.782,1,8,170.401,1,8,-9900,?,9,-9900,?,9,29.13,E,8,20.47,E,8,59.0,E,8,964.3861999999999,E,8,999.0,E,8,1.73,E,8,-9900,?,9,-9900,?,9,0.0,E,8,-9900,?,9,-9900,?,9,0.0,0.0,E,8
02/01/2021,14:00,1311.993,1407.955,905.65,1,8,583.879,1,8,361.591,1,8,108678.0,1,8,55468.511,1,8,39774.955,1,8,123.522,1,8,-9900,?,9,-9900,?,9,29.96,E,8,20.54,E,8,57.0,E,8,964.3861999999999,E,8,999.0,E,8,1.95,E,8,-9900,?,9,-9900,?,9,0.0,E,8,-9900,?,9,-9900,?,9,0.0,0.0,E,8
02/01/2021,15:00,1150.324,1407.955,813.0,1,8,627.861,1,8,300.102,1,8,97560.0,1,8,59646.771,1,8,33011.201,1,8,116.937,1,8,-9900,?,9,-9900,?,9,30.44,E,8,20.58,E,8,55.0,E,8,964.3861999999999,E,8,999.0,E,8,2.08,E,8,-9900,?,9,-9900,?,9,0.0,E,8,-9900,?,9,-9900,?,9,0.0,0.0,E,8
02/01/2021,16:00,920.493,1407.955,759.78,1,8,816.062,1,8,226.465,1,8,91173.6,1,8,77525.867,1,8,24911.123,1,8,110.304,1,8,-9900,?,9,-9900,?,9,30.75,E,8,20.61,E,8,54.0,E,8,964.3861999999999,E,8,999.0,E,8,2.96,E,8,-9900,?,9,-9900,?,9,0.0,E,8,-9900,?,9,-9900,?,9,0.0,0.0,E,8
02/01/2021,17:00,638.243,1407.955,415.03,1,8,633.043,1,8,128.388,1,8,49803.6,1,8,60139.096,1,8,14122.668,1,8,90.254,1,8,-9900,?,9,-9900,?,9,30.34,E,8,20.57,E,8,55.0,E,8,964.3861999999999,E,8,999.0,E,8,2.42,E,8,-9900,?,9,-9900,?,9,0.0,E,8,-9900,?,9,-9900,?,9,0.0,0.0,E,8
02/01/2021,18:00,323.229,1407.955,198.77,1,8,547.837,1,8,73.645,1,8,23852.4,1,8,52044.523,1,8,8100.922,1,8,102.636,1,8,-9900,?,9,-9900,?,9,29.52,E,8,20.5,E,8,58.0,E,8,964.3861999999999,E,8,999.0,E,8,2.01,E,8,-9900,?,9,-9900,?,9,0.0,E,8,-9900,?,9,-9900,?,9,0.0,0.0,E,8
02/01/2021,19:00,6.566,1407.955,31.22,1,8,0.0,1,8,0.0,1,8,3746.4,1,8,0.0,1,8,0.0,1,8,-0.0,1,8,-9900,?,9,-9900,?,9,28.49,E,8,20.41,E,8,61.0,E,8,964.3861999999999,E,8,999.0,E,8,1.14,E,8,-9900,?,9,-9900,?,9,0.0,E,8,-9900,?,9,-9900,?,9,0.0,0.0,E,8
02/01/2021,20:00,0.0,1407.955,0.0,1,8,0.0,1,8,0.0,1,8,0.0,1,8,0.0,1,8,0.0,1,8,-0.0,1,8,-9900,?,9,-9900,?,9,27.7,E,8,20.34,E,8,69.0,E,8,964.3861999999999,E,8,999.0,E,8,0.99,E,8,-9900,?,9,-9900,?,9,0.001,E,8,-9900,?,9,-9900,?,9,0.01,99.0,E,8
02/01/2021,21:00,0.0,1407.955,0.0,1,8,0.0,1,8,0.0,1,8,0.0,1,8,0.0,1,8,0.0,1,8,-0.0,1,8,-9900,?,9,-9900,?,9,26.91,E,8,20.27,E,8,72.0,E,8,964.3861999999999,E,8,999.0,E,8,0.99,E,8,-9900,?,9,-9900,?,9,0.04,E,8,-9900,?,9,-9900,?,9,0.4,99.0,E,8
02/01/2021,22:00,0.0,1407.955,0.0,1,8,0.0,1,8,0.0,1,8,0.0,1,8,0.0,1,8,0.0,1,8,-0.0,1,8,-9900,?,9,-9900,?,9,26.12,E,8,20.19,E,8,74.0,E,8,964.3861999999999,E,8,999.0,E,8,0.99,E,8,-9900,?,9,-9900,?,9,0.012,E,8,-9900,?,9,-9900,?,9,0.12,99.0,E,8
02/01/2021,23:00,0.0,1407.955,0.0,1,8,0.0,1,8,0.0,1,8,0.0,1,8,0.0,1,8,0.0,1,8,-0.0,1,8,-9900,?,9,-9900,?,9,25.32,E,8,20.12,E,8,87.0,E,8,964.3861999999999,E,8,999.0,E,8,0.99,E,8,-9900,?,9,-9900,?,9,0.712,E,8,-9900,?,9,-9900,?,9,7.12,99.0,E,8
02/01/2021,24:00,0.0,1407.955,0.0,1,8,0.0,1,8,0.0,1,8,0.0,1,8,0.0,1,8,0.0,1,8,-0.0,1,8,-9900,?,9,-9900,?,9,24.53,E,8,20.07,E,8,82.0,E,8,964.3861999999999,E,8,999.0,E,8,1.16,E,8,-9900,?,9,-9900,?,9,0.10600000000000001,E,8,-9900,?,9,-9900,?,9,1.06,99.0,E,8
02/02/2021,01:00,0.0,1407.955,0.0,1,8,0.0,1,8,0.0,1,8,0.0,1,8,0.0,1,8,0.0,1,8,-0.0,1,8,-9900,?,9,-9900,?,9,24.14,E,8,19.96,E,8,79.0,E,8,964.3861999999999,E,8,999.0,E,8,1.16,E,8,-9900,?,9,-9900,?,9,0.013000000000000001,E,8,-9900,?,9,-9900,?,9,0.13,99.0,E,8
02/02/2021,02:00,0.0,1407.955,0.0,1,8,0.0,1,8,0.0,1,8,0.0,1,8,0.0,1,8,0.0,1,8,-0.0,1,8,-9900,?,9,-9900,?,9,23.74,E,8,19.85,E,8,80.0,E,8,964.3861999999999,E,8,999.0,E,8,1.16,E,8,-9900,?,9,-9900,?,9,0.006,E,8,-9900,?,9,-9900,?,9,0.06,99.0,E,8
02/02/2021,03:00,0.0,1407.955,0.0,1,8,0.0,1,8,0.0,1,8,0.0,1,8,0.0,1,8,0.0,1,8,-0.0,1,8,-9900,?,9,-9900,?,9,23.34,E,8,19.74,E,8,81.0,E,8,964.3861999999999,E,8,999.0,E,8,1.16,E,8,-9900,?,9,-9900,?,9,0.038,E,8,-9900,?,9,-9900,?,9,0.38,99.0,E,8
02/02/2021,04:00,0.0,1407.537,0.0,1,8,0.0,1,8,0.0,1,8,0.0,1,8,0.0,1,8,0.0,1,8,-0.0,1,8,-9900,?,9,-9900,?,9,22.95,E,8,19.63,E,8,82.0,E,8,964.3861999999999,E,8,999.0,E,8,1.16,E,8,-9900,?,9,-9900,?,9,0.003,E,8,-9900,?,9,-9900,?,9,0.03,99.0,E,8
02/02/2021,05:00,0.0,1407.537,0.0,1,8,0.0,1,8,0.0,1,8,0.0,1,8,0.0,1,8,0.0,1,8,-0.0,1,8,-9900,?,9,-9900,?,9,22.6,E,8,19.53,E,8,83.0,E,8,964.3861999999999,E,8,999.0,E,8,1.16,E,8,-9900,?,9,-9900,?,9,0.004,E,8,-9900,?,9,-9900,?,9,0.04,99.0,E,8
02/02/2021,06:00,0.0,1407.537,0.0,1,8,0.0,1,8,0.0,1,8,0.0,1,8,0.0,1,8,0.0,1,8,-0.0,1,8,-9900,?,9,-9900,?,9,22.33,E,8,19.46,E,8,84.0,E,8,964.3861999999999,E,8,999.0,E,8,1.16,E,8,-9900,?,9,-9900,?,9,0.001,E,8,-9900,?,9,-9900,?,9,0.01,99.0,E,8
02/02/2021,07:00,303.449,1407.537,25.93,1,8,0.0,1,8,25.93,1,8,3111.6,1,8,0.0,1,8,2852.3,1,8,38.509,1,8,-9900,?,9,-9900,?,9,22.07,E,8,19.38,E,8,81.0,E,8,964.3861999999999,E,8,999.0,E,8,1.16,E,8,-9900,?,9,-9900,?,9,0.0,E,8,-9900,?,9,-9900,?,9,0.0,0.0,E,8
02/02/2021,08:00,619.676,1407.537,221.33,1,8,79.186,1,8,186.51,1,8,26559.6,1,8,7522.713,1,8,20516.108,1,8,135.013,1,8,-9900,?,9,-9900,?,9,23.73,E,8,19.85,E,8,76.0,E,8,964.3861999999999,E,8,999.0,E,8,1.16,E,8,-9900,?,9,-9900,?,9,0.0,E,8,-9900,?,9,-9900,?,9,0.0,0.0,E,8
02/02/2021,09:00,904.437,1407.537,446.05,1,8,207.161,1,8,312.991,1,8,53526.0,1,8,19680.316,1,8,34428.963,1,8,155.112,1,8,-9900,?,9,-9900,?,9,25.17,E,8,20.25,E,8,72.0,E,8,964.3861999999999,E,8,999.0,E,8,1.16,E,8,-9900,?,9,-9900,?,9,0.0,E,8,-9900,?,9,-9900,?,9,0.0,0.0,E,8
02/02/2021,10:00,1137.828,1407.537,706.35,1,8,465.192,1,8,330.356,1,8,84762.0,1,8,44193.274,1,8,36339.114,1,8,130.102,1,8,-9900,?,9,-9900,?,9,26.76,E,8,20.68,E,8,68.0,E,8,964.3861999999999,E,8,999.0,E,8,1.16,E,8,-9900,?,9,-9900,?,9,0.0,E,8,-9900,?,9,-9900,?,9,0.0,0.0,E,8
02/02/2021,11:00,1303.825,1407.537,817.78,1,8,495.384,1,8,358.92,1,8,98133.6,1,8,47061.511,1,8,39481.167,1,8,123.341,1,8,-9900,?,9,-9900,?,9,28.01,E,8,21.0,E,8,64.0,E,8,964.3861999999999,E,8,999.0,E,8,1.16,E,8,-9900,?,9,-9900,?,9,0.0,E,8,-9900,?,9,-9900,?,9,0.0,0.0,E,8
02/02/2021,12:00,1391.066,1407.537,810.69,1,8,328.3,1,8,486.234,1,8,97282.8,1,8,31188.457,1,8,53485.794,1,8,156.607,1,8,-9900,?,9,-9900,?,9,28.83,E,8,21.22,E,8,63.0,E,8,964.3861999999999,E,8,999.0,E,8,1.16,E,8,-9900,?,9,-9900,?,9,0.0,E,8,-9900,?,9,-9900,?,9,0.0,0.0,E,8
02/02/2021,13:00,1393.577,1407.537,922.08,1,8,512.286,1,8,414.878,1,8,110649.6,1,8,48667.208,1,8,45636.541,1,8,133.383,1,8,-9900,?,9,-9900,?,9,29.63,E,8,21.42,E,8,61.0,E,8,964.3861999999999,E,8,999.0,E,8,1.23,E,8,-9900,?,9,-9900,?,9,0.0,E,8,-9900,?,9,-9900,?,9,0.0,0.0,E,8
02/02/2021,14:00,1311.167,1407.537,788.3,1,8,399.9,1,8,415.797,1,8,94596.0,1,8,37990.477,1,8,45737.666,1,8,142.086,1,8,-9900,?,9,-9900,?,9,30.01,E,8,21.52,E,8,60.0,E,8,964.3861999999999,E,8,999.0,E,8,1.9,E,8,-9900,?,9,-9900,?,9,0.0,E,8,-9900,?,9,-9900,?,9,0.0,0.0,E,8
02/02/2021,15:00,1149.447,1407.537,694.7,1,8,396.803,1,8,370.704,1,8,83364.0,1,8,37696.272,1,8,40777.405,1,8,144.515,1,8,-9900,?,9,-9900,?,9,30.16,E,8,21.56,E,8,60.0,E,8,964.3861999999999,E,8,999.0,E,8,1.74,E,8,-9900,?,9,-9900,?,9,0.0,E,8,-9900,?,9,-9900,?,9,0.0,0.0,E,8
02/02/2021,16:00,919.453,1407.537,622.13,1,8,684.623,1,8,175.086,1,8,74655.6,1,8,65039.203,1,8,19259.496,1,8,85.35,1,8,-9900,?,9,-9900,?,9,30.18,E,8,21.56,E,8,60.0,E,8,964.3861999999999,E,8,999.0,E,8,1.93,E,8,-9900,?,9,-9900,?,9,0.0,E,8,-9900,?,9,-9900,?,9,0.0,0.0,E,8
02/02/2021,17:00,636.939,1407.537,405.97,1,8,595.048,1,8,137.004,1,8,48716.4,1,8,56529.526,1,8,15070.45,1,8,96.48,1,8,-9900,?,9,-9900,?,9,29.77,E,8,21.46,E,8,65.0,E,8,964.3861999999999,E,8,999.0,E,8,2.25,E,8,-9900,?,9,-9900,?,9,0.001,E,8,-9900,?,9,-9900,?,9,0.01,99.0,E,8
02/02/2021,18:00,321.584,1407.537,214.84,1,8,450.199,1,8,112.513,1,8,25780.8,1,8,42768.92,1,8,12376.452,1,8,157.568,1,8,-9900,?,9,-9900,?,9,29.06,E,8,21.28,E,8,66.0,E,8,964.3861999999999,E,8,999.0,E,8,1.16,E,8,-9900,?,9,-9900,?,9,0.059,E,8,-9900,?,9,-9900,?,9,0.59,99.0,E,8
02/02/2021,19:00,4.83,1407.537,33.82,1,8,0.0,1,8,0.0,1,8,4058.4,1,8,0.0,1,8,0.0,1,8,-0.0,1,8,-9900,?,9,-9900,?,9,28.15,E,8,21.04,E,8,77.0,E,8,964.3861999999999,E,8,999.0,E,8,1.16,E,8,-9900,?,9,-9900,?,9,1.514,E,8,-9900,?,9,-9900,?,9,15.14,99.0,E,8
02/02/2021,20:00,0.0,1407.537,0.0,1,8,0.0,1,8,0.0,1,8,0.0,1,8,0.0,1,8,0.0,1,8,-0.0,1,8,-9900,?,9,-9900,?,9,27.45,E,8,20.86,E,8,70.0,E,8,964.3861999999999,E,8,999.0,E,8,1.16,E,8,-9900,?,9,-9900,?,9,0.019,E,8,-9900,?,9,-9900,?,9,0.19,99.0,E,8
02/02/2021,21:00,0.0,1407.537,0.0,1,8,0.0,1,8,0.0,1,8,0.0,1,8,0.0,1,8,0.0,1,8,-0.0,1,8,-9900,?,9,-9900,?,9,26.74,E,8,20.67,E,8,72.0,E,8,964.3861999999999,E,8,999.0,E,8,1.16,E,8,-9900,?,9,-9900,?,9,0.009,E,8,-9900,?,9,-9900,?,9,0.09,99.0,E,8
02/02/2021,22:00,0.0,1407.537,0.0,1,8,0.0,1,8,0.0,1,8,0.0,1,8,0.0,1,8,0.0,1,8,-0.0,1,8,-9900,?,9,-9900,?,9,26.04,E,8,20.48,E,8,69.0,E,8,964.3861999999999,E,8,999.0,E,8,1.16,E,8,-9900,?,9,-9900,?,9,0.0,E,8,-9900,?,9,-9900,?,9,0.0,0.0,E,8
02/02/2021,23:00,0.0,1407.537,0.0,1,8,0.0,1,8,0.0,1,8,0.0,1,8,0.0,1,8,0.0,1,8,-0.0,1,8,-9900,?,9,-9900,?,9,25.34,E,8,20.29,E,8,76.0,E,8,964.3861999999999,E,8,999.0,E,8,1.16,E,8,-9900,?,9,-9900,?,9,0.027000000000000003,E,8,-9900,?,9,-9900,?,9,0.27,99.0,E,8
02/02/2021,24:00,0.0,1407.537,0.0,1,8,0.0,1,8,0.0,1,8,0.0,1,8,0.0,1,8,0.0,1,8,-0.0,1,8,-9900,?,9,-9900,?,9,24.63,E,8,20.48,E,8,78.0,E,8,964.3861999999999,E,8,999.0,E,8,1.05,E,8,-9900,?,9,-9900,?,9,0.004,E,8,-9900,?,9,-9900,?,9,0.04,99.0,E,8
02/03/2021,01:00,0.0,1407.537,0.0,1,8,0.0,1,8,0.0,1,8,0.0,1,8,0.0,1,8,0.0,1,8,-0.0,1,8,-9900,?,9,-9900,?,9,24.28,E,8,20.4,E,8,79.0,E,8,964.3861999999999,E,8,999.0,E,8,1.05,E,8,-9900,?,9,-9900,?,9,0.01,E,8,-9900,?,9,-9900,?,9,0.1,99.0,E,8
02/03/2021,02:00,0.0,1407.537,0.0,1,8,0.0,1,8,0.0,1,8,0.0,1,8,0.0,1,8,0.0,1,8,-0.0,1,8,-9900,?,9,-9900,?,9,23.93,E,8,20.31,E,8,80.0,E,8,964.3861999999999,E,8,999.0,E,8,1.05,E,8,-9900,?,9,-9900,?,9,0.024,E,8,-9900,?,9,-9900,?,9,0.24,99.0,E,8
02/03/2021,03:00,0.0,1407.537,0.0,1,8,0.0,1,8,0.0,1,8,0.0,1,8,0.0,1,8,0.0,1,8,-0.0,1,8,-9900,?,9,-9900,?,9,23.58,E,8,20.23,E,8,81.0,E,8,964.3861999999999,E,8,999.0,E,8,1.05,E,8,-9900,?,9,-9900,?,9,0.001,E,8,-9900,?,9,-9900,?,9,0.01,99.0,E,8
02/03/2021,04:00,0.0,1407.107,0.0,1,8,0.0,1,8,0.0,1,8,0.0,1,8,0.0,1,8,0.0,1,8,-0.0,1,8,-9900,?,9,-9900,?,9,23.23,E,8,20.15,E,8,78.0,E,8,964.3861999999999,E,8,999.0,E,8,1.05,E,8,-9900,?,9,-9900,?,9,0.0,E,8,-9900,?,9,-9900,?,9,0.0,0.0,E,8
02/03/2021,05:00,0.0,1407.107,0.0,1,8,0.0,1,8,0.0,1,8,0.0,1,8,0.0,1,8,0.0,1,8,-0.0,1,8,-9900,?,9,-9900,?,9,22.92,E,8,20.07,E,8,83.0,E,8,964.3861999999999,E,8,999.0,E,8,1.05,E,8,-9900,?,9,-9900,?,9,0.044,E,8,-9900,?,9,-9900,?,9,0.44,99.0,E,8
02/03/2021,06:00,0.0,1407.107,0.0,1,8,0.0,1,8,0.0,1,8,0.0,1,8,0.0,1,8,0.0,1,8,-0.0,1,8,-9900,?,9,-9900,?,9,22.68,E,8,20.02,E,8,84.0,E,8,964.3861999999999,E,8,999.0,E,8,1.05,E,8,-9900,?,9,-9900,?,9,0.005,E,8,-9900,?,9,-9900,?,9,0.05,99.0,E,8
02/03/2021,07:00,300.501,1407.107,15.5,1,8,0.0,1,8,15.5,1,8,1860.0,1,8,0.0,1,8,1705.0,1,8,23.24,1,8,-9900,?,9,-9900,?,9,22.45,E,8,19.96,E,8,81.0,E,8,964.3861999999999,E,8,999.0,E,8,1.05,E,8,-9900,?,9,-9900,?,9,0.0,E,8,-9900,?,9,-9900,?,9,0.0,0.0,E,8
02/03/2021,08:00,617.143,1407.107,147.6,1,8,2.398,1,8,146.55,1,8,17712.0,1,8,227.788,1,8,16120.461,1,8,106.49,1,8,-9900,?,9,-9900,?,9,23.75,E,8,20.27,E,8,81.0,E,8,964.3861999999999,E,8,999.0,E,8,1.05,E,8,-9900,?,9,-9900,?,9,0.001,E,8,-9900,?,9,-9900,?,9,0.01,99.0,E,8
02/03/2021,09:00,902.33,1407.107,298.3,1,8,34.706,1,8,276.053,1,8,35796.0,1,8,3297.083,1,8,30365.884,1,8,137.084,1,8,-9900,?,9,-9900,?,9,24.9,E,8,20.54,E,8,73.0,E,8,964.3861999999999,E,8,999.0,E,8,1.05,E,8,-9900,?,9,-9900,?,9,0.0,E,8,-9900,?,9,-9900,?,9,0.0,0.0,E,8
02/03/2021,10:00,1136.116,1407.107,432.59,1,8,50.209,1,8,392.057,1,8,51910.8,1,8,4769.861,1,8,43126.262,1,8,154.587,1,8,-9900,?,9,-9900,?,9,26.02,E,8,20.8,E,8,70.0,E,8,964.3861999999999,E,8,999.0,E,8,1.05,E,8,-9900,?,9,-9900,?,9,0.0,E,8,-9900,?,9,-9900,?,9,0.0,0.0,E,8
02/03/2021,11:00,1302.452,1407.107,537.27,1,8,49.925,1,8,491.061,1,8,64472.4,1,8,4742.871,1,8,54016.66,1,8,168.878,1,8,-9900,?,9,-9900,?,9,27.02,E,8,21.02,E,8,68.0,E,8,964.3861999999999,E,8,999.0,E,8,1.05,E,8,-9900,?,9,-9900,?,9,0.0,E,8,-9900,?,9,-9900,?,9,0.0,0.0,E,8
02/03/2021,12:00,1389.95,1407.107,603.96,1,8,57.956,1,8,546.711,1,8,72475.2,1,8,5505.863,1,8,60138.169,1,8,176.173,1,8,-9900,?,9,-9900,?,9,27.86,E,8,21.21,E,8,66.0,E,8,964.3861999999999,E,8,999.0,E,8,1.05,E,8,-9900,?,9,-9900,?,9,0.0,E,8,-9900,?,9,-9900,?,9,0.0,0.0,E,8
02/03/2021,13:00,1392.618,1407.107,627.7,1,8,67.062,1,8,561.329,1,8,75324.0,1,8,6370.849,1,8,61746.228,1,8,180.537,1,8,-9900,?,9,-9900,?,9,28.52,E,8,21.36,E,8,68.0,E,8,964.3861999999999,E,8,999.0,E,8,1.05,E,8,-9900,?,9,-9900,?,9,0.007000000000000001,E,8,-9900,?,9,-9900,?,9,0.07,99.0,E,8
02/03/2021,14:00,1310.257,1407.107,606.72,1,8,79.048,1,8,533.116,1,8,72806.4,1,8,7509.598,1,8,58642.734,1,8,182.248,1,8,-9900,?,9,-9900,?,9,28.97,E,8,21.46,E,8,63.0,E,8,964.3861999999999,E,8,999.0,E,8,1.05,E,8,-9900,?,9,-9900,?,9,0.0,E,8,-9900,?,9,-9900,?,9,0.0,0.0,E,8
02/03/2021,15:00,1148.471,1407.107,542.55,1,8,117.11,1,8,446.979,1,8,65106.0,1,8,11125.471,1,8,49167.745,1,8,174.345,1,8,-9900,?,9,-9900,?,9,29.21,E,8,21.51,E,8,63.0,E,8,964.3861999999999,E,8,999.0,E,8,1.54,E,8,-9900,?,9,-9900,?,9,0.0,E,8,-9900,?,9,-9900,?,9,0.0,0.0,E,8
02/03/2021,16:00,918.304,1407.107,439.99,1,8,122.151,1,8,360.304,1,8,52798.8,1,8,11604.301,1,8,39633.427,1,8,175.805,1,8,-9900,?,9,-9900,?,9,29.23,E,8,21.52,E,8,67.0,E,8,964.3861999999999,E,8,999.0,E,8,2.32,E,8,-9900,?,9,-9900,?,9,0.014000000000000002,E,8,-9900,?,9,-9900,?,9,0.14,99.0,E,8
02/03/2021,17:00,635.52,1407.107,307.12,1,8,239.051,1,8,199.276,1,8,36854.4,1,8,22709.801,1,8,21920.336,1,8,140.604,1,8,-9900,?,9,-9900,?,9,28.94,E,8,21.45,E,8,67.0,E,8,964.3861999999999,E,8,999.0,E,8,2.71,E,8,-9900,?,9,-9900,?,9,0.002,E,8,-9900,?,9,-9900,?,9,0.02,99.0,E,8
02/03/2021,18:00,319.822,1407.107,156.74,1,8,414.002,1,8,63.133,1,8,18808.8,1,8,39330.201,1,8,6944.578,1,8,88.878,1,8,-9900,?,9,-9900,?,9,28.36,E,8,21.32,E,8,69.0,E,8,964.3861999999999,E,8,999.0,E,8,2.78,E,8,-9900,?,9,-9900,?,9,0.018,E,8,-9900,?,9,-9900,?,9,0.18,99.0,E,8
02/03/2021,19:00,3.006,1407.107,20.77,1,8,0.0,1,8,0.0,1,8,2492.4,1,8,0.0,1,8,0.0,1,8,-0.0,1,8,-9900,?,9,-9900,?,9,27.58,E,8,21.15,E,8,70.0,E,8,964.3861999999999,E,8,999.0,E,8,1.91,E,8,-9900,?,9,-9900,?,9,0.032,E,8,-9900,?,9,-9900,?,9,0.32,99.0,E,8
02/03/2021,20:00,0.0,1407.107,0.0,1,8,0.0,1,8,0.0,1,8,0.0,1,8,0.0,1,8,0.0,1,8,-0.0,1,8,-9900,?,9,-9900,?,9,26.9,E,8,21.0,E,8,72.0,E,8,964.3861999999999,E,8,999.0,E,8,1.05,E,8,-9900,?,9,-9900,?,9,0.06,E,8,-9900,?,9,-9900,?,9,0.6,99.0,E,8
02/03/2021,21:00,0.0,1407.107,0.0,1,8,0.0,1,8,0.0,1,8,0.0,1,8,0.0,1,8,0.0,1,8,-0.0,1,8,-9900,?,9,-9900,?,9,26.22,E,8,20.84,E,8,74.0,E,8,964.3861999999999,E,8,999.0,E,8,1.05,E,8,-9900,?,9,-9900,?,9,0.088,E,8,-9900,?,9,-9900,?,9,0.88,99.0,E,8
02/03/2021,22:00,0.0,1407.107,0.0,1,8,0.0,1,8,0.0,1,8,0.0,1,8,0.0,1,8,0.0,1,8,-0.0,1,8,-9900,?,9,-9900,?,9,25.54,E,8,20.69,E,8,80.0,E,8,964.3861999999999,E,8,999.0,E,8,1.05,E,8,-9900,?,9,-9900,?,9,0.152,E,8,-9900,?,9,-9900,?,9,1.52,99.0,E,8
02/03/2021,23:00,0.0,1407.107,0.0,1,8,0.0,1,8,0.0,1,8,0.0,1,8,0.0,1,8,0.0,1,8,-0.0,1,8,-9900,?,9,-9900,?,9,24.85,E,8,20.53,E,8,85.0,E,8,964.3861999999999,E,8,999.0,E,8,1.05,E,8,-9900,?,9,-9900,?,9,1.937,E,8,-9900,?,9,-9900,?,9,19.37,99.0,E,8
02/03/2021,24:00,0.0,1407.107,0.0,1,8,0.0,1,8,0.0,1,8,0.0,1,8,0.0,1,8,0.0,1,8,-0.0,1,8,-9900,?,9,-9900,?,9,24.17,E,8,19.9,E,8,80.0,E,8,964.3861999999999,E,8,999.0,E,8,1.03,E,8,-9900,?,9,-9900,?,9,0.002,E,8,-9900,?,9,-9900,?,9,0.02,99.0,E,8
02/04/2021,01:00,0.0,1407.107,0.0,1,8,0.0,1,8,0.0,1,8,0.0,1,8,0.0,1,8,0.0,1,8,-0.0,1,8,-9900,?,9,-9900,?,9,23.83,E,8,19.96,E,8,82.0,E,8,964.3861999999999,E,8,999.0,E,8,1.03,E,8,-9900,?,9,-9900,?,9,0.004,E,8,-9900,?,9,-9900,?,9,0.04,99.0,E,8
02/04/2021,02:00,0.0,1407.107,0.0,1,8,0.0,1,8,0.0,1,8,0.0,1,8,0.0,1,8,0.0,1,8,-0.0,1,8,-9900,?,9,-9900,?,9,23.49,E,8,20.02,E,8,83.0,E,8,964.3861999999999,E,8,999.0,E,8,1.03,E,8,-9900,?,9,-9900,?,9,0.006,E,8,-9900,?,9,-9900,?,9,0.06,99.0,E,8
02/04/2021,03:00,0.0,1407.107,0.0,1,8,0.0,1,8,0.0,1,8,0.0,1,8,0.0,1,8,0.0,1,8,-0.0,1,8,-9900,?,9,-9900,?,9,23.15,E,8,20.08,E,8,85.0,E,8,964.3861999999999,E,8,999.0,E,8,1.03,E,8,-9900,?,9,-9900,?,9,0.018,E,8,-9900,?,9,-9900,?,9,0.18,99.0,E,8
02/04/2021,04:00,0.0,1406.664,0.0,1,8,0.0,1,8,0.0,1,8,0.0,1,8,0.0,1,8,0.0,1,8,-0.0,1,8,-9900,?,9,-9900,?,9,22.81,E,8,20.13,E,8,87.0,E,8,964.3861999999999,E,8,999.0,E,8,1.03,E,8,-9900,?,9,-9900,?,9,0.034999999999999996,E,8,-9900,?,9,-9900,?,9,0.35,99.0,E,8
02/04/2021,05:00,0.0,1406.664,0.0,1,8,0.0,1,8,0.0,1,8,0.0,1,8,0.0,1,8,0.0,1,8,-0.0,1,8,-9900,?,9,-9900,?,9,22.5,E,8,20.19,E,8,89.0,E,8,964.3861999999999,E,8,999.0,E,8,1.03,E,8,-9900,?,9,-9900,?,9,0.001,E,8,-9900,?,9,-9900,?,9,0.01,99.0,E,8
02/04/2021,06:00,0.0,1406.664,0.0,1,8,0.0,1,8,0.0,1,8,0.0,1,8,0.0,1,8,0.0,1,8,-0.0,1,8,-9900,?,9,-9900,?,9,22.28,E,8,20.23,E,8,86.0,E,8,964.3861999999999,E,8,999.0,E,8,1.03,E,8,-9900,?,9,-9900,?,9,0.0,E,8,-9900,?,9,-9900,?,9,0.0,0.0,E,8
02/04/2021,07:00,297.578,1406.664,26.01,1,8,0.0,1,8,26.01,1,8,3121.2,1,8,0.0,1,8,2861.1,1,8,39.374,1,8,-9900,?,9,-9900,?,9,22.05,E,8,20.27,E,8,87.0,E,8,964.3861999999999,E,8,999.0,E,8,1.03,E,8,-9900,?,9,-9900,?,9,0.0,E,8,-9900,?,9,-9900,?,9,0.0,0.0,E,8
02/04/2021,08:00,614.627,1406.664,238.02,1,8,114.433,1,8,188.081,1,8,28562.4,1,8,10871.149,1,8,20688.964,1,8,137.187,1,8,-9900,?,9,-9900,?,9,23.79,E,8,19.96,E,8,77.0,E,8,964.3861999999999,E,8,999.0,E,8,1.03,E,8,-9900,?,9,-9900,?,9,0.0,E,8,-9900,?,9,-9900,?,9,0.0,0.0,E,8
02/04/2021,09:00,900.226,1406.664,487.93,1,8,297.684,1,8,297.501,1,8,58551.6,1,8,28280.005,1,8,32725.107,1,8,148.034,1,8,-9900,?,9,-9900,?,9,25.36,E,8,19.69,E,8,69.0,E,8,964.3861999999999,E,8,999.0,E,8,1.03,E,8,-9900,?,9,-9900,?,9,0.0,E,8,-9900,?,9,-9900,?,9,0.0,0.0,E,8
02/04/2021,10:00,1134.392,1406.664,712.54,1,8,489.057,1,8,318.207,1,8,85504.8,1,8,46460.392,1,8,35002.741,1,8,125.619,1,8,-9900,?,9,-9900,?,9,26.88,E,8,19.41,E,8,62.0,E,8,964.3861999999999,E,8,999.0,E,8,1.03,E,8,-9900,?,9,-9900,?,9,0.0,E,8,-9900,?,9,-9900,?,9,0.0,0.0,E,8
02/04/2021,11:00,1301.048,1406.664,887.92,1,8,604.691,1,8,328.658,1,8,106550.4,1,8,57445.692,1,8,36152.401,1,8,113.113,1,8,-9900,?,9,-9900,?,9,28.26,E,8,19.16,E,8,57.0,E,8,964.3861999999999,E,8,999.0,E,8,1.03,E,8,-9900,?,9,-9900,?,9,0.0,E,8,-9900,?,9,-9900,?,9,0.0,0.0,E,8
02/04/2021,12:00,1388.784,1406.664,978.57,1,8,619.533,1,8,366.917,1,8,117428.4,1,8,58855.613,1,8,40360.83,1,8,118.298,1,8,-9900,?,9,-9900,?,9,29.37,E,8,18.96,E,8,53.0,E,8,964.3861999999999,E,8,999.0,E,8,1.03,E,8,-9900,?,9,-9900,?,9,0.0,E,8,-9900,?,9,-9900,?,9,0.0,0.0,E,8
02/04/2021,13:00,1391.592,1406.664,1014.95,1,8,665.025,1,8,357.055,1,8,121794.0,1,8,63177.371,1,8,39276.034,1,8,114.886,1,8,-9900,?,9,-9900,?,9,30.24,E,8,18.79,E,8,50.0,E,8,964.3861999999999,E,8,999.0,E,8,1.03,E,8,-9900,?,9,-9900,?,9,0.0,E,8,-9900,?,9,-9900,?,9,0.0,0.0,E,8
02/04/2021,14:00,1309.261,1406.664,991.94,1,8,845.234,1,8,205.269,1,8,119032.8,1,8,80297.183,1,8,22579.638,1,8,70.203,1,8,-9900,?,9,-9900,?,9,30.85,E,8,18.68,E,8,48.0,E,8,964.3861999999999,E,8,999.0,E,8,1.53,E,8,-9900,?,9,-9900,?,9,0.0,E,8,-9900,?,9,-9900,?,9,0.0,0.0,E,8
02/04/2021,15:00,1147.396,1406.664,874.43,1,8,943.157,1,8,105.224,1,8,104931.6,1,8,89599.879,1,8,11574.639,1,8,41.068,1,8,-9900,?,9,-9900,?,9,31.16,E,8,18.62,E,8,47.0,E,8,964.3861999999999,E,8,999.0,E,8,2.72,E,8,-9900,?,9,-9900,?,9,0.0,E,8,-9900,?,9,-9900,?,9,0.0,0.0,E,8
02/04/2021,16:00,917.044,1406.664,707.65,1,8,804.507,1,8,183.377,1,8,84918.0,1,8,76428.16,1,8,20171.5,1,8,89.571,1,8,-9900,?,9,-9900,?,9,31.18,E,8,18.62,E,8,47.0,E,8,964.3861999999999,E,8,999.0,E,8,2.64,E,8,-9900,?,9,-9900,?,9,0.0,E,8,-9900,?,9,-9900,?,9,0.0,0.0,E,8
02/04/2021,17:00,633.985,1406.664,498.1,1,8,786.245,1,8,144.144,1,8,59772.0,1,8,74693.236,1,8,15855.88,1,8,101.919,1,8,-9900,?,9,-9900,?,9,30.78,E,8,18.69,E,8,48.0,E,8,964.3861999999999,E,8,999.0,E,8,2.52,E,8,-9900,?,9,-9900,?,9,0.0,E,8,-9900,?,9,-9900,?,9,0.0,0.0,E,8
02/04/2021,18:00,317.945,1406.664,252.44,1,8,594.993,1,8,118.666,1,8,30292.8,1,8,56524.288,1,8,13053.216,1,8,168.002,1,8,-9900,?,9,-9900,?,9,30.0,E,8,18.84,E,8,51.0,E,8,964.3861999999999,E,8,999.0,E,8,1.71,E,8,-9900,?,9,-9900,?,9,0.0,E,8,-9900,?,9,-9900,?,9,0.0,0.0,E,8
02/04/2021,19:00,1.094,1406.664,34.88,1,8,0.0,1,8,0.0,1,8,4185.6,1,8,0.0,1,8,0.0,1,8,-0.0,1,8,-9900,?,9,-9900,?,9,28.95,E,8,19.03,E,8,54.0,E,8,964.3861999999999,E,8,999.0,E,8,1.47,E,8,-9900,?,9,-9900,?,9,0.0,E,8,-9900,?,9,-9900,?,9,0.0,0.0,E,8
02/04/2021,20:00,0.0,1406.664,0.0,1,8,0.0,1,8,0.0,1,8,0.0,1,8,0.0,1,8,0.0,1,8,-0.0,1,8,-9900,?,9,-9900,?,9,28.0,E,8,19.21,E,8,58.0,E,8,964.3861999999999,E,8,999.0,E,8,1.03,E,8,-9900,?,9,-9900,?,9,0.0,E,8,-9900,?,9,-9900,?,9,0.0,0.0,E,8
02/04/2021,21:00,0.0,1406.664,0.0,1,8,0.0,1,8,0.0,1,8,0.0,1,8,0.0,1,8,0.0,1,8,-0.0,1,8,-9900,?,9,-9900,?,9,27.04,E,8,19.38,E,8,62.0,E,8,964.3861999999999,E,8,999.0,E,8,1.03,E,8,-9900,?,9,-9900,?,9,0.0,E,8,-9900,?,9,-9900,?,9,0.0,0.0,E,8
02/04/2021,22:00,0.0,1406.664,0.0,1,8,0.0,1,8,0.0,1,8,0.0,1,8,0.0,1,8,0.0,1,8,-0.0,1,8,-9900,?,9,-9900,?,9,26.09,E,8,19.56,E,8,71.0,E,8,964.3861999999999,E,8,999.0,E,8,1.03,E,8,-9900,?,9,-9900,?,9,0.01,E,8,-9900,?,9,-9900,?,9,0.1,99.0,E,8
02/04/2021,23:00,0.0,1406.664,0.0,1,8,0.0,1,8,0.0,1,8,0.0,1,8,0.0,1,8,0.0,1,8,-0.0,1,8,-9900,?,9,-9900,?,9,25.14,E,8,19.73,E,8,85.0,E,8,964.3861999999999,E,8,999.0,E,8,1.03,E,8,-9900,?,9,-9900,?,9,0.623,E,8,-9900,?,9,-9900,?,9,6.23,99.0,E,8
02/04/2021,24:00,0.0,1406.664,0.0,1,8,0.0,1,8,0.0,1,8,0.0,1,8,0.0,1,8,0.0,1,8,-0.0,1,8,-9900,?,9,-9900,?,9,24.18,E,8,18.41,E,8,70.0,E,8,964.3861999999999,E,8,999.0,E,8,1.2,E,8,-9900,?,9,-9900,?,9,0.0,E,8,-9900,?,9,-9900,?,9,0.0,0.0,E,8
02/05/2021,01:00,0.0,1406.664,0.0,1,8,0.0,1,8,0.0,1,8,0.0,1,8,0.0,1,8,0.0,1,8,-0.0,1,8,-9900,?,9,-9900,?,9,23.71,E,8,18.38,E,8,72.0,E,8,964.3861999999999,E,8,999.0,E,8,1.2,E,8,-9900,?,9,-9900,?,9,0.0,E,8,-9900,?,9,-9900,?,9,0.0,0.0,E,8
02/05/2021,02:00,0.0,1406.664,0.0,1,8,0.0,1,8,0.0,1,8,0.0,1,8,0.0,1,8,0.0,1,8,-0.0,1,8,-9900,?,9,-9900,?,9,23.23,E,8,18.35,E,8,74.0,E,8,964.3861999999999,E,8,999.0,E,8,1.2,E,8,-9900,?,9,-9900,?,9,0.0,E,8,-9900,?,9,-9900,?,9,0.0,0.0,E,8
02/05/2021,03:00,0.0,1406.664,0.0,1,8,0.0,1,8,0.0,1,8,0.0,1,8,0.0,1,8,0.0,1,8,-0.0,1,8,-9900,?,9,-9900,?,9,22.75,E,8,18.33,E,8,76.0,E,8,964.3861999999999,E,8,999.0,E,8,1.2,E,8,-9900,?,9,-9900,?,9,0.0,E,8,-9900,?,9,-9900,?,9,0.0,0.0,E,8
02/05/2021,04:00,0.0,1406.209,0.0,1,8,0.0,1,8,0.0,1,8,0.0,1,8,0.0,1,8,0.0,1,8,-0.0,1,8,-9900,?,9,-9900,?,9,22.27,E,8,18.3,E,8,78.0,E,8,964.3861999999999,E,8,999.0,E,8,1.2,E,8,-9900,?,9,-9900,?,9,0.0,E,8,-9900,?,9,-9900,?,9,0.0,0.0,E,8
02/05/2021,05:00,0.0,1406.209,0.0,1,8,0.0,1,8,0.0,1,8,0.0,1,8,0.0,1,8,0.0,1,8,-0.0,1,8,-9900,?,9,-9900,?,9,21.85,E,8,18.28,E,8,80.0,E,8,964.3861999999999,E,8,999.0,E,8,1.2,E,8,-9900,?,9,-9900,?,9,0.0,E,8,-9900,?,9,-9900,?,9,0.0,0.0,E,8
02/05/2021,06:00,0.0,1406.209,0.0,1,8,0.0,1,8,0.0,1,8,0.0,1,8,0.0,1,8,0.0,1,8,-0.0,1,8,-9900,?,9,-9900,?,9,21.54,E,8,18.26,E,8,81.0,E,8,964.3861999999999,E,8,999.0,E,8,1.2,E,8,-9900,?,9,-9900,?,9,0.0,E,8,-9900,?,9,-9900,?,9,0.0,0.0,E,8
02/05/2021,07:00,294.679,1406.209,26.87,1,8,0.0,1,8,26.87,1,8,3224.4,1,8,0.0,1,8,2955.7,1,8,41.068,1,8,-9900,?,9,-9900,?,9,21.22,E,8,18.24,E,8,83.0,E,8,964.3861999999999,E,8,999.0,E,8,1.2,E,8,-9900,?,9,-9900,?,9,0.0,E,8,-9900,?,9,-9900,?,9,0.0,0.0,E,8
02/05/2021,08:00,612.126,1406.209,255.93,1,8,158.214,1,8,187.145,1,8,30711.6,1,8,15030.347,1,8,20585.942,1,8,137.019,1,8,-9900,?,9,-9900,?,9,23.22,E,8,18.35,E,8,74.0,E,8,964.3861999999999,E,8,999.0,E,8,1.2,E,8,-9900,?,9,-9900,?,9,0.0,E,8,-9900,?,9,-9900,?,9,0.0,0.0,E,8
02/05/2021,09:00,898.124,1406.209,478.92,1,8,280.565,1,8,299.803,1,8,57470.4,1,8,26653.707,1,8,32978.38,1,8,149.481,1,8,-9900,?,9,-9900,?,9,24.81,E,8,18.44,E,8,67.0,E,8,964.3861999999999,E,8,999.0,E,8,1.2,E,8,-9900,?,9,-9900,?,9,0.0,E,8,-9900,?,9,-9900,?,9,0.0,0.0,E,8
02/05/2021,10:00,1132.654,1406.209,685.45,1,8,403.956,1,8,360.129,1,8,82254.0,1,8,38375.791,1,8,39614.174,1,8,142.341,1,8,-9900,?,9,-9900,?,9,26.34,E,8,18.53,E,8,62.0,E,8,964.3861999999999,E,8,999.0,E,8,1.2,E,8,-9900,?,9,-9900,?,9,0.0,E,8,-9900,?,9,-9900,?,9,0.0,0.0,E,8
02/05/2021,11:00,1299.612,1406.209,851.37,1,8,553.915,1,8,339.47,1,8,102164.4,1,8,52621.88,1,8,37341.725,1,8,116.926,1,8,-9900,?,9,-9900,?,9,27.72,E,8,18.6,E,8,57.0,E,8,964.3861999999999,E,8,999.0,E,8,1.2,E,8,-9900,?,9,-9900,?,9,0.0,E,8,-9900,?,9,-9900,?,9,0.0,0.0,E,8
02/05/2021,12:00,1387.567,1406.209,934.29,1,8,541.288,1,8,400.182,1,8,112114.8,1,8,51422.384,1,8,44019.967,1,8,129.094,1,8,-9900,?,9,-9900,?,9,28.84,E,8,18.67,E,8,54.0,E,8,964.3861999999999,E,8,999.0,E,8,1.2,E,8,-9900,?,9,-9900,?,9,0.0,E,8,-9900,?,9,-9900,?,9,0.0,0.0,E,8
02/05/2021,13:00,1390.496,1406.209,920.99,1,8,529.894,1,8,397.02,1,8,110518.8,1,8,50339.931,1,8,43672.252,1,8,127.804,1,8,-9900,?,9,-9900,?,9,29.62,E,8,18.71,E,8,51.0,E,8,964.3861999999999,E,8,999.0,E,8,1.2,E,8,-9900,?,9,-9900,?,9,0.0,E,8,-9900,?,9,-9900,?,9,0.0,0.0,E,8
02/05/2021,14:00,1308.179,1406.209,905.63,1,8,626.759,1,8,322.59,1,8,108675.6,1,8,59542.101,1,8,35484.927,1,8,110.383,1,8,-9900,?,9,-9900,?,9,30.17,E,8,18.74,E,8,50.0,E,8,964.3861999999999,E,8,999.0,E,8,1.23,E,8,-9900,?,9,-9900,?,9,0.0,E,8,-9900,?,9,-9900,?,9,0.0,0.0,E,8
02/05/2021,15:00,1146.221,1406.209,781.99,1,8,634.505,1,8,264.873,1,8,93838.8,1,8,60277.971,1,8,29135.985,1,8,103.451,1,8,-9900,?,9,-9900,?,9,30.4,E,8,18.75,E,8,49.0,E,8,964.3861999999999,E,8,999.0,E,8,1.2,E,8,-9900,?,9,-9900,?,9,0.0,E,8,-9900,?,9,-9900,?,9,0.0,0.0,E,8
02/05/2021,16:00,915.675,1406.209,580.18,1,8,587.93,1,8,197.493,1,8,69621.6,1,8,55853.354,1,8,21724.196,1,8,96.579,1,8,-9900,?,9,-9900,?,9,30.24,E,8,18.74,E,8,50.0,E,8,964.3861999999999,E,8,999.0,E,8,2.42,E,8,-9900,?,9,-9900,?,9,0.0,E,8,-9900,?,9,-9900,?,9,0.0,0.0,E,8
02/05/2021,17:00,632.335,1406.209,382.16,1,8,590.497,1,8,116.935,1,8,45859.2,1,8,56097.212,1,8,12862.831,1,8,82.87,1,8,-9900,?,9,-9900,?,9,29.67,E,8,18.71,E,8,51.0,E,8,964.3861999999999,E,8,999.0,E,8,2.18,E,8,-9900,?,9,-9900,?,9,0.0,E,8,-9900,?,9,-9900,?,9,0.0,0.0,E,8
02/05/2021,18:00,315.952,1406.209,188.62,1,8,599.963,1,8,54.539,1,8,22634.4,1,8,56996.441,1,8,5999.282,1,8,77.681,1,8,-9900,?,9,-9900,?,9,28.81,E,8,18.66,E,8,54.0,E,8,964.3861999999999,E,8,999.0,E,8,1.2,E,8,-9900,?,9,-9900,?,9,0.0,E,8,-9900,?,9,-9900,?,9,0.0,0.0,E,8
02/05/2021,19:00,0.0,1406.209,29.07,1,8,0.0,1,8,0.0,1,8,3488.4,1,8,0.0,1,8,0.0,1,8,-0.0,1,8,-9900,?,9,-9900,?,9,27.78,E,8,18.61,E,8,57.0,E,8,964.3861999999999,E,8,999.0,E,8,1.2,E,8,-9900,?,9,-9900,?,9,0.0,E,8,-9900,?,9,-9900,?,9,0.0,0.0,E,8
02/05/2021,20:00,0.0,1406.209,0.0,1,8,0.0,1,8,0.0,1,8,0.0,1,8,0.0,1,8,0.0,1,8,-0.0,1,8,-9900,?,9,-9900,?,9,26.83,E,8,18.56,E,8,60.0,E,8,964.3861999999999,E,8,999.0,E,8,1.2,E,8,-9900,?,9,-9900,?,9,0.0,E,8,-9900,?,9,-9900,?,9,0.0,0.0,E,8
02/05/2021,21:00,0.0,1406.209,0.0,1,8,0.0,1,8,0.0,1,8,0.0,1,8,0.0,1,8,0.0,1,8,-0.0,1,8,-9900,?,9,-9900,?,9,25.89,E,8,18.5,E,8,63.0,E,8,964.3861999999999,E,8,999.0,E,8,1.2,E,8,-9900,?,9,-9900,?,9,0.0,E,8,-9900,?,9,-9900,?,9,0.0,0.0,E,8
02/05/2021,22:00,0.0,1406.209,0.0,1,8,0.0,1,8,0.0,1,8,0.0,1,8,0.0,1,8,0.0,1,8,-0.0,1,8,-9900,?,9,-9900,?,9,24.94,E,8,18.45,E,8,67.0,E,8,964.3861999999999,E,8,999.0,E,8,1.2,E,8,-9900,?,9,-9900,?,9,0.0,E,8,-9900,?,9,-9900,?,9,0.0,0.0,E,8
02/05/2021,23:00,0.0,1406.209,0.0,1,8,0.0,1,8,0.0,1,8,0.0,1,8,0.0,1,8,0.0,1,8,-0.0,1,8,-9900,?,9,-9900,?,9,23.99,E,8,18.4,E,8,70.0,E,8,964.3861999999999,E,8,999.0,E,8,1.2,E,8,-9900,?,9,-9900,?,9,0.0,E,8,-9900,?,9,-9900,?,9,0.0,0.0,E,8
02/05/2021,24:00,0.0,1406.209,0.0,1,8,0.0,1,8,0.0,1,8,0.0,1,8,0.0,1,8,0.0,1,8,-0.0,1,8,-9900,?,9,-9900,?,9,23.04,E,8,17.45,E,8,70.0,E,8,964.3861999999999,E,8,999.0,E,8,1.3,E,8,-9900,?,9,-9900,?,9,0.0,E,8,-9900,?,9,-9900,?,9,0.0,0.0,E,8
02/06/2021,01:00,0.0,1406.209,0.0,1,8,0.0,1,8,0.0,1,8,0.0,1,8,0.0,1,8,0.0,1,8,-0.0,1,8,-9900,?,9,-9900,?,9,22.56,E,8,17.39,E,8,72.0,E,8,964.3861999999999,E,8,999.0,E,8,1.3,E,8,-9900,?,9,-9900,?,9,0.0,E,8,-9900,?,9,-9900,?,9,0.0,0.0,E,8
02/06/2021,02:00,0.0,1406.209,0.0,1,8,0.0,1,8,0.0,1,8,0.0,1,8,0.0,1,8,0.0,1,8,-0.0,1,8,-9900,?,9,-9900,?,9,22.09,E,8,17.34,E,8,74.0,E,8,964.3861999999999,E,8,999.0,E,8,1.3,E,8,-9900,?,9,-9900,?,9,0.0,E,8,-9900,?,9,-9900,?,9,0.0,0.0,E,8
02/06/2021,03:00,0.0,1406.209,0.0,1,8,0.0,1,8,0.0,1,8,0.0,1,8,0.0,1,8,0.0,1,8,-0.0,1,8,-9900,?,9,-9900,?,9,21.62,E,8,17.29,E,8,76.0,E,8,964.3861999999999,E,8,999.0,E,8,1.3,E,8,-9900,?,9,-9900,?,9,0.0,E,8,-9900,?,9,-9900,?,9,0.0,0.0,E,8
02/06/2021,04:00,0.0,1405.741,0.0,1,8,0.0,1,8,0.0,1,8,0.0,1,8,0.0,1,8,0.0,1,8,-0.0,1,8,-9900,?,9,-9900,?,9,21.14,E,8,17.23,E,8,78.0,E,8,964.3861999999999,E,8,999.0,E,8,1.3,E,8,-9900,?,9,-9900,?,9,0.0,E,8,-9900,?,9,-9900,?,9,0.0,0.0,E,8
02/06/2021,05:00,0.0,1405.741,0.0,1,8,0.0,1,8,0.0,1,8,0.0,1,8,0.0,1,8,0.0,1,8,-0.0,1,8,-9900,?,9,-9900,?,9,20.72,E,8,17.19,E,8,80.0,E,8,964.3861999999999,E,8,999.0,E,8,1.3,E,8,-9900,?,9,-9900,?,9,0.0,E,8,-9900,?,9,-9900,?,9,0.0,0.0,E,8
02/06/2021,06:00,0.0,1405.741,0.0,1,8,0.0,1,8,0.0,1,8,0.0,1,8,0.0,1,8,0.0,1,8,-0.0,1,8,-9900,?,9,-9900,?,9,20.41,E,8,17.15,E,8,81.0,E,8,964.3861999999999,E,8,999.0,E,8,1.3,E,8,-9900,?,9,-9900,?,9,0.0,E,8,-9900,?,9,-9900,?,9,0.0,0.0,E,8
02/06/2021,07:00,291.806,1405.741,22.59,1,8,0.0,1,8,22.59,1,8,2710.8,1,8,0.0,1,8,2484.9,1,8,34.859,1,8,-9900,?,9,-9900,?,9,20.09,E,8,17.11,E,8,82.0,E,8,964.3861999999999,E,8,999.0,E,8,1.3,E,8,-9900,?,9,-9900,?,9,0.0,E,8,-9900,?,9,-9900,?,9,0.0,0.0,E,8
02/06/2021,08:00,609.641,1405.741,247.65,1,8,140.841,1,8,186.647,1,8,29718.0,1,8,13379.93,1,8,20531.159,1,8,137.167,1,8,-9900,?,9,-9900,?,9,22.09,E,8,17.34,E,8,74.0,E,8,964.3861999999999,E,8,999.0,E,8,1.3,E,8,-9900,?,9,-9900,?,9,0.0,E,8,-9900,?,9,-9900,?,9,0.0,0.0,E,8
02/06/2021,09:00,896.025,1405.741,508.62,1,8,353.058,1,8,283.676,1,8,61034.4,1,8,33540.47,1,8,31204.37,1,8,141.724,1,8,-9900,?,9,-9900,?,9,23.93,E,8,17.55,E,8,67.0,E,8,964.3861999999999,E,8,999.0,E,8,1.3,E,8,-9900,?,9,-9900,?,9,0.0,E,8,-9900,?,9,-9900,?,9,0.0,0.0,E,8
02/06/2021,10:00,1130.902,1405.741,738.95,1,8,551.263,1,8,295.536,1,8,88674.0,1,8,52369.99,1,8,32508.986,1,8,116.953,1,8,-9900,?,9,-9900,?,9,25.71,E,8,17.75,E,8,61.0,E,8,964.3861999999999,E,8,999.0,E,8,1.3,E,8,-9900,?,9,-9900,?,9,0.0,E,8,-9900,?,9,-9900,?,9,0.0,0.0,E,8
02/06/2021,11:00,1298.143,1405.741,915.58,1,8,605.095,1,8,356.829,1,8,109869.6,1,8,57483.98,1,8,39251.15,1,8,123.003,1,8,-9900,?,9,-9900,?,9,27.29,E,8,17.92,E,8,56.0,E,8,964.3861999999999,E,8,999.0,E,8,1.3,E,8,-9900,?,9,-9900,?,9,0.0,E,8,-9900,?,9,-9900,?,9,0.0,0.0,E,8
02/06/2021,12:00,1386.298,1405.741,1028.37,1,8,724.543,1,8,313.854,1,8,123404.4,1,8,68831.609,1,8,34523.905,1,8,101.305,1,8,-9900,?,9,-9900,?,9,28.63,E,8,18.07,E,8,52.0,E,8,964.3861999999999,E,8,999.0,E,8,1.3,E,8,-9900,?,9,-9900,?,9,0.0,E,8,-9900,?,9,-9900,?,9,0.0,0.0,E,8
02/06/2021,13:00,1389.329,1405.741,1066.75,1,8,846.498,1,8,230.14,1,8,128010.0,1,8,80417.333,1,8,25315.449,1,8,74.122,1,8,-9900,?,9,-9900,?,9,29.66,E,8,18.18,E,8,50.0,E,8,964.3861999999999,E,8,999.0,E,8,1.3,E,8,-9900,?,9,-9900,?,9,0.0,E,8,-9900,?,9,-9900,?,9,0.0,0.0,E,8
02/06/2021,14:00,1307.01,1405.741,1024.89,1,8,955.885,1,8,136.182,1,8,122986.8,1,8,90809.041,1,8,14980.033,1,8,46.625,1,8,-9900,?,9,-9900,?,9,30.36,E,8,18.25,E,8,48.0,E,8,964.3861999999999,E,8,999.0,E,8,1.3,E,8,-9900,?,9,-9900,?,9,0.0,E,8,-9900,?,9,-9900,?,9,0.0,0.0,E,8
02/06/2021,15:00,1144.945,1405.741,912.64,1,8,913.121,1,8,169.034,1,8,109516.8,1,8,86746.448,1,8,18593.792,1,8,66.071,1,8,-9900,?,9,-9900,?,9,30.72,E,8,18.29,E,8,47.0,E,8,964.3861999999999,E,8,999.0,E,8,1.3,E,8,-9900,?,9,-9900,?,9,0.0,E,8,-9900,?,9,-9900,?,9,0.0,0.0,E,8
02/06/2021,16:00,914.195,1405.741,734.08,1,8,835.903,1,8,190.685,1,8,88089.6,1,8,79410.797,1,8,20975.348,1,8,93.37,1,8,-9900,?,9,-9900,?,9,30.74,E,8,18.29,E,8,47.0,E,8,964.3861999999999,E,8,999.0,E,8,1.3,E,8,-9900,?,9,-9900,?,9,0.0,E,8,-9900,?,9,-9900,?,9,0.0,0.0,E,8
02/06/2021,17:00,630.57,1405.741,511.43,1,8,787.899,1,8,158.413,1,8,61371.6,1,8,74850.442,1,8,17425.478,1,8,112.543,1,8,-9900,?,9,-9900,?,9,30.27,E,8,18.24,E,8,48.0,E,8,964.3861999999999,E,8,999.0,E,8,1.3,E,8,-9900,?,9,-9900,?,9,0.0,E,8,-9900,?,9,-9900,?,9,0.0,0.0,E,8
02/06/2021,18:00,313.845,1405.741,257.18,1,8,592.006,1,8,125.725,1,8,30861.6,1,8,56240.604,1,8,13829.735,1,8,180.227,1,8,-9900,?,9,-9900,?,9,29.34,E,8,18.14,E,8,50.0,E,8,964.3861999999999,E,8,999.0,E,8,1.3,E,8,-9900,?,9,-9900,?,9,0.0,E,8,-9900,?,9,-9900,?,9,0.0,0.0,E,8
02/06/2021,19:00,0.0,1405.741,30.84,1,8,0.0,1,8,0.0,1,8,3700.8,1,8,0.0,1,8,0.0,1,8,-0.0,1,8,-9900,?,9,-9900,?,9,28.11,E,8,18.01,E,8,54.0,E,8,964.3861999999999,E,8,999.0,E,8,1.3,E,8,-9900,?,9,-9900,?,9,0.0,E,8,-9900,?,9,-9900,?,9,0.0,0.0,E,8
02/06/2021,20:00,0.0,1405.741,0.0,1,8,0.0,1,8,0.0,1,8,0.0,1,8,0.0,1,8,0.0,1,8,-0.0,1,8,-9900,?,9,-9900,?,9,26.95,E,8,17.88,E,8,57.0,E,8,964.3861999999999,E,8,999.0,E,8,1.3,E,8,-9900,?,9,-9900,?,9,0.0,E,8,-9900,?,9,-9900,?,9,0.0,0.0,E,8
02/06/2021,21:00,0.0,1405.741,0.0,1,8,0.0,1,8,0.0,1,8,0.0,1,8,0.0,1,8,0.0,1,8,-0.0,1,8,-9900,?,9,-9900,?,9,25.79,E,8,17.75,E,8,61.0,E,8,964.3861999999999,E,8,999.0,E,8,1.3,E,8,-9900,?,9,-9900,?,9,0.0,E,8,-9900,?,9,-9900,?,9,0.0,0.0,E,8
02/06/2021,22:00,0.0,1405.741,0.0,1,8,0.0,1,8,0.0,1,8,0.0,1,8,0.0,1,8,0.0,1,8,-0.0,1,8,-9900,?,9,-9900,?,9,24.63,E,8,17.63,E,8,65.0,E,8,964.3861999999999,E,8,999.0,E,8,1.3,E,8,-9900,?,9,-9900,?,9,0.0,E,8,-9900,?,9,-9900,?,9,0.0,0.0,E,8
02/06/2021,23:00,0.0,1405.741,0.0,1,8,0.0,1,8,0.0,1,8,0.0,1,8,0.0,1,8,0.0,1,8,-0.0,1,8,-9900,?,9,-9900,?,9,23.46,E,8,17.5,E,8,69.0,E,8,964.3861999999999,E,8,999.0,E,8,1.3,E,8,-9900,?,9,-9900,?,9,0.0,E,8,-9900,?,9,-9900,?,9,0.0,0.0,E,8
02/06/2021,24:00,0.0,1405.741,0.0,1,8,0.0,1,8,0.0,1,8,0.0,1,8,0.0,1,8,0.0,1,8,-0.0,1,8,-9900,?,9,-9900,?,9,22.3,E,8,16.66,E,8,70.0,E,8,964.3861999999999,E,8,999.0,E,8,0.91,E,8,-9900,?,9,-9900,?,9,0.0,E,8,-9900,?,9,-9900,?,9,0.0,0.0,E,8
02/07/2021,01:00,0.0,1405.741,0.0,1,8,0.0,1,8,0.0,1,8,0.0,1,8,0.0,1,8,0.0,1,8,-0.0,1,8,-9900,?,9,-9900,?,9,21.72,E,8,16.59,E,8,72.0,E,8,964.3861999999999,E,8,999.0,E,8,0.91,E,8,-9900,?,9,-9900,?,9,0.0,E,8,-9900,?,9,-9900,?,9,0.0,0.0,E,8
02/07/2021,02:00,0.0,1405.741,0.0,1,8,0.0,1,8,0.0,1,8,0.0,1,8,0.0,1,8,0.0,1,8,-0.0,1,8,-9900,?,9,-9900,?,9,21.14,E,8,16.52,E,8,74.0,E,8,964.3861999999999,E,8,999.0,E,8,0.95,E,8,-9900,?,9,-9900,?,9,0.0,E,8,-9900,?,9,-9900,?,9,0.0,0.0,E,8
02/07/2021,03:00,0.0,1405.741,0.0,1,8,0.0,1,8,0.0,1,8,0.0,1,8,0.0,1,8,0.0,1,8,-0.0,1,8,-9900,?,9,-9900,?,9,20.56,E,8,16.45,E,8,77.0,E,8,964.3861999999999,E,8,999.0,E,8,1.23,E,8,-9900,?,9,-9900,?,9,0.0,E,8,-9900,?,9,-9900,?,9,0.0,0.0,E,8
02/07/2021,04:00,0.0,1405.261,0.0,1,8,0.0,1,8,0.0,1,8,0.0,1,8,0.0,1,8,0.0,1,8,-0.0,1,8,-9900,?,9,-9900,?,9,19.98,E,8,16.38,E,8,79.0,E,8,964.3861999999999,E,8,999.0,E,8,0.91,E,8,-9900,?,9,-9900,?,9,0.0,E,8,-9900,?,9,-9900,?,9,0.0,0.0,E,8
02/07/2021,05:00,0.0,1405.261,0.0,1,8,0.0,1,8,0.0,1,8,0.0,1,8,0.0,1,8,0.0,1,8,-0.0,1,8,-9900,?,9,-9900,?,9,19.47,E,8,16.31,E,8,81.0,E,8,964.3861999999999,E,8,999.0,E,8,0.91,E,8,-9900,?,9,-9900,?,9,0.0,E,8,-9900,?,9,-9900,?,9,0.0,0.0,E,8
02/07/2021,06:00,0.0,1405.261,0.0,1,8,0.0,1,8,0.0,1,8,0.0,1,8,0.0,1,8,0.0,1,8,-0.0,1,8,-9900,?,9,-9900,?,9,19.08,E,8,16.26,E,8,83.0,E,8,964.3861999999999,E,8,999.0,E,8,0.91,E,8,-9900,?,9,-9900,?,9,0.0,E,8,-9900,?,9,-9900,?,9,0.0,0.0,E,8
02/07/2021,07:00,288.959,1405.261,20.51,1,8,0.0,1,8,20.51,1,8,2461.2,1,8,0.0,1,8,2256.1,1,8,31.954,1,8,-9900,?,9,-9900,?,9,18.7,E,8,16.22,E,8,85.0,E,8,964.3861999999999,E,8,999.0,E,8,0.91,E,8,-9900,?,9,-9900,?,9,0.0,E,8,-9900,?,9,-9900,?,9,0.0,0.0,E,8
02/07/2021,08:00,607.172,1405.261,239.81,1,8,101.864,1,8,195.853,1,8,28777.2,1,8,9677.109,1,8,21543.869,1,8,144.47,1,8,-9900,?,9,-9900,?,9,20.79,E,8,16.47,E,8,76.0,E,8,964.3861999999999,E,8,999.0,E,8,0.91,E,8,-9900,?,9,-9900,?,9,0.0,E,8,-9900,?,9,-9900,?,9,0.0,0.0,E,8
02/07/2021,09:00,893.928,1405.261,490.55,1,8,293.555,1,8,303.892,1,8,58866.0,1,8,27887.699,1,8,33428.094,1,8,152.129,1,8,-9900,?,9,-9900,?,9,22.72,E,8,16.71,E,8,68.0,E,8,964.3861999999999,E,8,999.0,E,8,0.91,E,8,-9900,?,9,-9900,?,9,0.0,E,8,-9900,?,9,-9900,?,9,0.0,0.0,E,8
02/07/2021,10:00,1129.136,1405.261,723.38,1,8,522.928,1,8,303.272,1,8,86805.6,1,8,49678.159,1,8,33359.929,1,8,120.161,1,8,-9900,?,9,-9900,?,9,24.62,E,8,16.94,E,8,62.0,E,8,964.3861999999999,E,8,999.0,E,8,0.91,E,8,-9900,?,9,-9900,?,9,0.0,E,8,-9900,?,9,-9900,?,9,0.0,0.0,E,8
02/07/2021,11:00,1296.641,1405.261,909.22,1,8,592.02,1,8,362.988,1,8,109106.4,1,8,56241.94,1,8,39928.681,1,8,125.228,1,8,-9900,?,9,-9900,?,9,26.35,E,8,17.14,E,8,56.0,E,8,964.3861999999999,E,8,999.0,E,8,1.08,E,8,-9900,?,9,-9900,?,9,0.0,E,8,-9900,?,9,-9900,?,9,0.0,0.0,E,8
02/07/2021,12:00,1384.976,1405.261,1021.27,1,8,704.108,1,8,327.332,1,8,122552.4,1,8,66890.249,1,8,36006.51,1,8,105.72,1,8,-9900,?,9,-9900,?,9,27.81,E,8,17.31,E,8,52.0,E,8,964.3861999999999,E,8,999.0,E,8,0.91,E,8,-9900,?,9,-9900,?,9,0.0,E,8,-9900,?,9,-9900,?,9,0.0,0.0,E,8
02/07/2021,13:00,1388.09,1405.261,1050.45,1,8,794.45,1,8,265.714,1,8,126054.0,1,8,75472.707,1,8,29228.491,1,8,85.626,1,8,-9900,?,9,-9900,?,9,28.92,E,8,17.44,E,8,49.0,E,8,964.3861999999999,E,8,999.0,E,8,1.33,E,8,-9900,?,9,-9900,?,9,0.0,E,8,-9900,?,9,-9900,?,9,0.0,0.0,E,8
02/07/2021,14:00,1305.752,1405.261,1016.67,1,8,934.755,1,8,148.147,1,8,122000.4,1,8,88801.704,1,8,16296.193,1,8,50.753,1,8,-9900,?,9,-9900,?,9,29.68,E,8,17.53,E,8,48.0,E,8,964.3861999999999,E,8,999.0,E,8,1.98,E,8,-9900,?,9,-9900,?,9,0.0,E,8,-9900,?,9,-9900,?,9,0.0,0.0,E,8
02/07/2021,15:00,1143.567,1405.261,914.44,1,8,917.78,1,8,167.685,1,8,109732.8,1,8,87189.087,1,8,18445.367,1,8,65.6,1,8,-9900,?,9,-9900,?,9,30.09,E,8,17.58,E,8,47.0,E,8,964.3861999999999,E,8,999.0,E,8,1.87,E,8,-9900,?,9,-9900,?,9,0.0,E,8,-9900,?,9,-9900,?,9,0.0,0.0,E,8
02/07/2021,16:00,912.605,1405.261,734.93,1,8,837.033,1,8,191.563,1,8,88191.6,1,8,79518.135,1,8,21071.897,1,8,93.931,1,8,-9900,?,9,-9900,?,9,30.13,E,8,17.58,E,8,47.0,E,8,964.3861999999999,E,8,999.0,E,8,2.38,E,8,-9900,?,9,-9900,?,9,0.0,E,8,-9900,?,9,-9900,?,9,0.0,0.0,E,8
02/07/2021,17:00,628.69,1405.261,505.72,1,8,786.635,1,8,154.203,1,8,60686.4,1,8,74730.365,1,8,16962.375,1,8,109.843,1,8,-9900,?,9,-9900,?,9,29.62,E,8,17.52,E,8,48.0,E,8,964.3861999999999,E,8,999.0,E,8,2.7,E,8,-9900,?,9,-9900,?,9,0.0,E,8,-9900,?,9,-9900,?,9,0.0,0.0,E,8
02/07/2021,18:00,311.624,1405.261,253.18,1,8,590.239,1,8,123.01,1,8,30381.6,1,8,56072.673,1,8,13531.123,1,8,177.545,1,8,-9900,?,9,-9900,?,9,28.62,E,8,17.41,E,8,50.0,E,8,964.3861999999999,E,8,999.0,E,8,2.85,E,8,-9900,?,9,-9900,?,9,0.0,E,8,-9900,?,9,-9900,?,9,0.0,0.0,E,8
02/07/2021,19:00,0.0,1405.261,28.56,1,8,0.0,1,8,0.0,1,8,3427.2,1,8,0.0,1,8,0.0,1,8,-0.0,1,8,-9900,?,9,-9900,?,9,27.3,E,8,17.25,E,8,54.0,E,8,964.3861999999999,E,8,999.0,E,8,1.74,E,8,-9900,?,9,-9900,?,9,0.0,E,8,-9900,?,9,-9900,?,9,0.0,0.0,E,8
02/07/2021,20:00,0.0,1405.261,0.0,1,8,0.0,1,8,0.0,1,8,0.0,1,8,0.0,1,8,0.0,1,8,-0.0,1,8,-9900,?,9,-9900,?,9,26.19,E,8,17.12,E,8,57.0,E,8,964.3861999999999,E,8,999.0,E,8,1.06,E,8,-9900,?,9,-9900,?,9,0.0,E,8,-9900,?,9,-9900,?,9,0.0,0.0,E,8
02/07/2021,21:00,0.0,1405.261,0.0,1,8,0.0,1,8,0.0,1,8,0.0,1,8,0.0,1,8,0.0,1,8,-0.0,1,8,-9900,?,9,-9900,?,9,25.09,E,8,16.99,E,8,60.0,E,8,964.3861999999999,E,8,999.0,E,8,1.04,E,8,-9900,?,9,-9900,?,9,0.0,E,8,-9900,?,9,-9900,?,9,0.0,0.0,E,8
02/07/2021,22:00,0.0,1405.261,0.0,1,8,0.0,1,8,0.0,1,8,0.0,1,8,0.0,1,8,0.0,1,8,-0.0,1,8,-9900,?,9,-9900,?,9,23.99,E,8,16.86,E,8,64.0,E,8,964.3861999999999,E,8,999.0,E,8,0.91,E,8,-9900,?,9,-9900,?,9,0.0,E,8,-9900,?,9,-9900,?,9,0.0,0.0,E,8
02/07/2021,23:00,0.0,1405.261,0.0,1,8,0.0,1,8,0.0,1,8,0.0,1,8,0.0,1,8,0.0,1,8,-0.0,1,8,-9900,?,9,-9900,?,9,22.88,E,8,16.73,E,8,68.0,E,8,964.3861999999999,E,8,999.0,E,8,0.91,E,8,-9900,?,9,-9900,?,9,0.0,E,8,-9900,?,9,-9900,?,9,0.0,0.0,E,8
02/07/2021,24:00,0.0,1405.261,0.0,1,8,0.0,1,8,0.0,1,8,0.0,1,8,0.0,1,8,0.0,1,8,-0.0,1,8,-9900,?,9,-9900,?,9,21.78,E,8,17.45,E,8,81.0,E,8,964.3861999999999,E,8,999.0,E,8,0.83,E,8,-9900,?,9,-9900,?,9,0.003,E,8,-9900,?,9,-9900,?,9,0.03,99.0,E,8
02/08/2021,01:00,0.0,1405.261,0.0,1,8,0.0,1,8,0.0,1,8,0.0,1,8,0.0,1,8,0.0,1,8,-0.0,1,8,-9900,?,9,-9900,?,9,21.22,E,8,17.36,E,8,83.0,E,8,964.3861999999999,E,8,999.0,E,8,0.83,E,8,-9900,?,9,-9900,?,9,0.009,E,8,-9900,?,9,-9900,?,9,0.09,99.0,E,8
02/08/2021,02:00,0.0,1405.261,0.0,1,8,0.0,1,8,0.0,1,8,0.0,1,8,0.0,1,8,0.0,1,8,-0.0,1,8,-9900,?,9,-9900,?,9,20.67,E,8,17.26,E,8,90.0,E,8,964.3861999999999,E,8,999.0,E,8,0.83,E,8,-9900,?,9,-9900,?,9,0.361,E,8,-9900,?,9,-9900,?,9,3.61,99.0,E,8
02/08/2021,03:00,0.0,1405.261,0.0,1,8,0.0,1,8,0.0,1,8,0.0,1,8,0.0,1,8,0.0,1,8,-0.0,1,8,-9900,?,9,-9900,?,9,20.12,E,8,17.16,E,8,88.0,E,8,964.3861999999999,E,8,999.0,E,8,0.83,E,8,-9900,?,9,-9900,?,9,0.005,E,8,-9900,?,9,-9900,?,9,0.05,99.0,E,8
02/08/2021,04:00,0.0,1404.77,0.0,1,8,0.0,1,8,0.0,1,8,0.0,1,8,0.0,1,8,0.0,1,8,-0.0,1,8,-9900,?,9,-9900,?,9,19.57,E,8,17.06,E,8,85.0,E,8,964.3861999999999,E,8,999.0,E,8,0.83,E,8,-9900,?,9,-9900,?,9,0.0,E,8,-9900,?,9,-9900,?,9,0.0,0.0,E,8
02/08/2021,05:00,0.0,1404.77,0.0,1,8,0.0,1,8,0.0,1,8,0.0,1,8,0.0,1,8,0.0,1,8,-0.0,1,8,-9900,?,9,-9900,?,9,19.08,E,8,16.97,E,8,87.0,E,8,964.3861999999999,E,8,999.0,E,8,0.83,E,8,-9900,?,9,-9900,?,9,0.0,E,8,-9900,?,9,-9900,?,9,0.0,0.0,E,8
02/08/2021,06:00,0.0,1404.77,0.0,1,8,0.0,1,8,0.0,1,8,0.0,1,8,0.0,1,8,0.0,1,8,-0.0,1,8,-9900,?,9,-9900,?,9,18.71,E,8,16.91,E,8,89.0,E,8,964.3861999999999,E,8,999.0,E,8,0.83,E,8,-9900,?,9,-9900,?,9,0.0,E,8,-9900,?,9,-9900,?,9,0.0,0.0,E,8
02/08/2021,07:00,286.139,1404.77,47.32,1,8,0.0,1,8,47.32,1,8,5678.4,1,8,0.0,1,8,5205.2,1,8,74.433,1,8,-9900,?,9,-9900,?,9,18.35,E,8,16.84,E,8,90.0,E,8,964.3861999999999,E,8,999.0,E,8,0.83,E,8,-9900,?,9,-9900,?,9,0.0,E,8,-9900,?,9,-9900,?,9,0.0,0.0,E,8
02/08/2021,08:00,604.719,1404.77,293.14,1,8,281.768,1,8,172.001,1,8,35176.8,1,8,26767.918,1,8,18920.152,1,8,127.347,1,8,-9900,?,9,-9900,?,9,22.41,E,8,17.57,E,8,74.0,E,8,964.3861999999999,E,8,999.0,E,8,0.83,E,8,-9900,?,9,-9900,?,9,0.0,E,8,-9900,?,9,-9900,?,9,0.0,0.0,E,8
02/08/2021,09:00,891.833,1404.77,644.57,1,8,778.32,1,8,150.66,1,8,77348.4,1,8,73940.416,1,8,16572.588,1,8,75.572,1,8,-9900,?,9,-9900,?,9,26.17,E,8,18.21,E,8,61.0,E,8,964.3861999999999,E,8,999.0,E,8,0.83,E,8,-9900,?,9,-9900,?,9,0.0,E,8,-9900,?,9,-9900,?,9,0.0,0.0,E,8
02/08/2021,10:00,1127.353,1404.77,675.74,1,8,375.59,1,8,374.371,1,8,81088.8,1,8,35681.046,1,8,41180.834,1,8,148.514,1,8,-9900,?,9,-9900,?,9,28.24,E,8,18.56,E,8,55.0,E,8,964.3861999999999,E,8,999.0,E,8,0.83,E,8,-9900,?,9,-9900,?,9,0.0,E,8,-9900,?,9,-9900,?,9,0.0,0.0,E,8
02/08/2021,11:00,1295.104,1404.77,281.61,1,8,43.834,1,8,241.2,1,8,33793.2,1,8,4164.206,1,8,26532.033,1,8,83.282,1,8,-9900,?,9,-9900,?,9,27.61,E,8,18.45,E,8,57.0,E,8,964.3861999999999,E,8,999.0,E,8,0.83,E,8,-9900,?,9,-9900,?,9,0.0,E,8,-9900,?,9,-9900,?,9,0.0,0.0,E,8
02/08/2021,12:00,1383.6,1404.77,675.29,1,8,216.565,1,8,461.99,1,8,81034.8,1,8,20573.689,1,8,50818.944,1,8,149.307,1,8,-9900,?,9,-9900,?,9,28.75,E,8,18.64,E,8,54.0,E,8,964.3861999999999,E,8,999.0,E,8,0.94,E,8,-9900,?,9,-9900,?,9,0.0,E,8,-9900,?,9,-9900,?,9,0.0,0.0,E,8
02/08/2021,13:00,1386.779,1404.77,499.96,1,8,44.462,1,8,456.068,1,8,59995.2,1,8,4223.853,1,8,50167.496,1,8,147.055,1,8,-9900,?,9,-9900,?,9,28.96,E,8,18.67,E,8,58.0,E,8,964.3861999999999,E,8,999.0,E,8,0.83,E,8,-9900,?,9,-9900,?,9,0.002,E,8,-9900,?,9,-9900,?,9,0.02,99.0,E,8
02/08/2021,14:00,1304.405,1404.77,477.43,1,8,43.774,1,8,436.785,1,8,57291.6,1,8,4158.517,1,8,48046.403,1,8,149.738,1,8,-9900,?,9,-9900,?,9,29.06,E,8,18.69,E,8,58.0,E,8,964.3861999999999,E,8,999.0,E,8,2.22,E,8,-9900,?,9,-9900,?,9,0.019,E,8,-9900,?,9,-9900,?,9,0.19,99.0,E,8
02/08/2021,15:00,1142.087,1404.77,592.16,1,8,266.371,1,8,375.631,1,8,71059.2,1,8,25305.284,1,8,41319.394,1,8,147.09,1,8,-9900,?,9,-9900,?,9,29.44,E,8,18.75,E,8,52.0,E,8,964.3861999999999,E,8,999.0,E,8,2.32,E,8,-9900,?,9,-9900,?,9,0.0,E,8,-9900,?,9,-9900,?,9,0.0,0.0,E,8
02/08/2021,16:00,910.904,1404.77,143.74,1,8,0.0,1,8,143.74,1,8,17248.8,1,8,0.0,1,8,15811.4,1,8,70.589,1,8,-9900,?,9,-9900,?,9,28.13,E,8,18.54,E,8,61.0,E,8,964.3861999999999,E,8,999.0,E,8,2.34,E,8,-9900,?,9,-9900,?,9,0.001,E,8,-9900,?,9,-9900,?,9,0.01,99.0,E,8
02/08/2021,17:00,626.695,1404.77,263.85,1,8,159.773,1,8,192.656,1,8,31662.0,1,8,15178.461,1,8,21192.138,1,8,137.623,1,8,-9900,?,9,-9900,?,9,27.51,E,8,18.44,E,8,57.0,E,8,964.3861999999999,E,8,999.0,E,8,3.23,E,8,-9900,?,9,-9900,?,9,0.0,E,8,-9900,?,9,-9900,?,9,0.0,0.0,E,8
02/08/2021,18:00,309.29,1404.77,441.81,1,8,327.737,1,8,370.054,1,8,53017.2,1,8,31135.038,1,8,40705.899,1,8,537.997,1,8,-9900,?,9,-9900,?,9,27.59,E,8,18.45,E,8,57.0,E,8,964.3861999999999,E,8,999.0,E,8,1.92,E,8,-9900,?,9,-9900,?,9,0.0,E,8,-9900,?,9,-9900,?,9,0.0,0.0,E,8
02/08/2021,19:00,0.0,1404.77,112.52,1,8,0.0,1,8,0.0,1,8,13502.4,1,8,0.0,1,8,0.0,1,8,-0.0,1,8,-9900,?,9,-9900,?,9,26.64,E,8,18.29,E,8,60.0,E,8,964.3861999999999,E,8,999.0,E,8,1.9,E,8,-9900,?,9,-9900,?,9,0.0,E,8,-9900,?,9,-9900,?,9,0.0,0.0,E,8
02/08/2021,20:00,0.0,1404.77,0.0,1,8,0.0,1,8,0.0,1,8,0.0,1,8,0.0,1,8,0.0,1,8,-0.0,1,8,-9900,?,9,-9900,?,9,25.69,E,8,18.13,E,8,63.0,E,8,964.3861999999999,E,8,999.0,E,8,1.7,E,8,-9900,?,9,-9900,?,9,0.0,E,8,-9900,?,9,-9900,?,9,0.0,0.0,E,8
02/08/2021,21:00,0.0,1404.77,0.0,1,8,0.0,1,8,0.0,1,8,0.0,1,8,0.0,1,8,0.0,1,8,-0.0,1,8,-9900,?,9,-9900,?,9,24.74,E,8,17.97,E,8,66.0,E,8,964.3861999999999,E,8,999.0,E,8,1.3,E,8,-9900,?,9,-9900,?,9,0.0,E,8,-9900,?,9,-9900,?,9,0.0,0.0,E,8
02/08/2021,22:00,0.0,1404.77,0.0,1,8,0.0,1,8,0.0,1,8,0.0,1,8,0.0,1,8,0.0,1,8,-0.0,1,8,-9900,?,9,-9900,?,9,23.79,E,8,17.81,E,8,69.0,E,8,964.3861999999999,E,8,999.0,E,8,1.37,E,8,-9900,?,9,-9900,?,9,0.0,E,8,-9900,?,9,-9900,?,9,0.0,0.0,E,8
02/08/2021,23:00,0.0,1404.77,0.0,1,8,0.0,1,8,0.0,1,8,0.0,1,8,0.0,1,8,0.0,1,8,-0.0,1,8,-9900,?,9,-9900,?,9,22.84,E,8,17.64,E,8,72.0,E,8,964.3861999999999,E,8,999.0,E,8,1.14,E,8,-9900,?,9,-9900,?,9,0.0,E,8,-9900,?,9,-9900,?,9,0.0,0.0,E,8
02/08/2021,24:00,0.0,1404.77,0.0,1,8,0.0,1,8,0.0,1,8,0.0,1,8,0.0,1,8,0.0,1,8,-0.0,1,8,-9900,?,9,-9900,?,9,21.89,E,8,18.27,E,8,79.0,E,8,964.3861999999999,E,8,999.0,E,8,1.16,E,8,-9900,?,9,-9900,?,9,0.0,E,8,-9900,?,9,-9900,?,9,0.0,0.0,E,8
02/09/2021,01:00,0.0,1404.77,0.0,1,8,0.0,1,8,0.0,1,8,0.0,1,8,0.0,1,8,0.0,1,8,-0.0,1,8,-9900,?,9,-9900,?,9,21.41,E,8,18.13,E,8,81.0,E,8,964.3861999999999,E,8,999.0,E,8,1.08,E,8,-9900,?,9,-9900,?,9,0.0,E,8,-9900,?,9,-9900,?,9,0.0,0.0,E,8
02/09/2021,02:00,0.0,1404.77,0.0,1,8,0.0,1,8,0.0,1,8,0.0,1,8,0.0,1,8,0.0,1,8,-0.0,1,8,-9900,?,9,-9900,?,9,20.94,E,8,17.99,E,8,83.0,E,8,964.3861999999999,E,8,999.0,E,8,1.45,E,8,-9900,?,9,-9900,?,9,0.0,E,8,-9900,?,9,-9900,?,9,0.0,0.0,E,8
02/09/2021,03:00,0.0,1404.77,0.0,1,8,0.0,1,8,0.0,1,8,0.0,1,8,0.0,1,8,0.0,1,8,-0.0,1,8,-9900,?,9,-9900,?,9,20.46,E,8,17.85,E,8,84.0,E,8,964.3861999999999,E,8,999.0,E,8,0.8,E,8,-9900,?,9,-9900,?,9,0.0,E,8,-9900,?,9,-9900,?,9,0.0,0.0,E,8
02/09/2021,04:00,0.0,1404.266,0.0,1,8,0.0,1,8,0.0,1,8,0.0,1,8,0.0,1,8,0.0,1,8,-0.0,1,8,-9900,?,9,-9900,?,9,19.98,E,8,17.7,E,8,86.0,E,8,964.3861999999999,E,8,999.0,E,8,0.8,E,8,-9900,?,9,-9900,?,9,0.0,E,8,-9900,?,9,-9900,?,9,0.0,0.0,E,8
02/09/2021,05:00,0.0,1404.266,0.0,1,8,0.0,1,8,0.0,1,8,0.0,1,8,0.0,1,8,0.0,1,8,-0.0,1,8,-9900,?,9,-9900,?,9,19.51,E,8,17.56,E,8,88.0,E,8,964.3861999999999,E,8,999.0,E,8,0.8,E,8,-9900,?,9,-9900,?,9,0.0,E,8,-9900,?,9,-9900,?,9,0.0,0.0,E,8
02/09/2021,06:00,0.0,1404.266,0.0,1,8,0.0,1,8,0.0,1,8,0.0,1,8,0.0,1,8,0.0,1,8,-0.0,1,8,-9900,?,9,-9900,?,9,19.14,E,8,17.45,E,8,89.0,E,8,964.3861999999999,E,8,999.0,E,8,0.8,E,8,-9900,?,9,-9900,?,9,0.0,E,8,-9900,?,9,-9900,?,9,0.0,0.0,E,8
02/09/2021,07:00,283.347,1404.266,46.54,1,8,0.0,1,8,46.54,1,8,5584.8,1,8,0.0,1,8,5119.4,1,8,73.91,1,8,-9900,?,9,-9900,?,9,18.83,E,8,17.35,E,8,91.0,E,8,964.3861999999999,E,8,999.0,E,8,0.8,E,8,-9900,?,9,-9900,?,9,0.0,E,8,-9900,?,9,-9900,?,9,0.0,0.0,E,8
02/09/2021,08:00,602.283,1404.266,262.85,1,8,189.553,1,8,181.657,1,8,31542.0,1,8,18007.581,1,8,19982.222,1,8,134.993,1,8,-9900,?,9,-9900,?,9,18.52,E,8,17.26,E,8,92.0,E,8,964.3861999999999,E,8,999.0,E,8,1.31,E,8,-9900,?,9,-9900,?,9,0.0,E,8,-9900,?,9,-9900,?,9,0.0,0.0,E,8
02/09/2021,09:00,889.739,1404.266,202.56,1,8,6.321,1,8,198.557,1,8,24307.2,1,8,600.505,1,8,21841.239,1,8,99.796,1,8,-9900,?,9,-9900,?,9,23.04,E,8,18.6,E,8,76.0,E,8,964.3861999999999,E,8,999.0,E,8,2.24,E,8,-9900,?,9,-9900,?,9,0.0,E,8,-9900,?,9,-9900,?,9,0.0,0.0,E,8
02/09/2021,10:00,1125.554,1404.266,482.34,1,8,114.164,1,8,390.849,1,8,57880.8,1,8,10845.603,1,8,42993.445,1,8,155.244,1,8,-9900,?,9,-9900,?,9,24.66,E,8,19.06,E,8,71.0,E,8,964.3861999999999,E,8,999.0,E,8,2.15,E,8,-9900,?,9,-9900,?,9,0.0,E,8,-9900,?,9,-9900,?,9,0.0,0.0,E,8
02/09/2021,11:00,1293.531,1404.266,557.79,1,8,112.96,1,8,453.743,1,8,66934.8,1,8,10731.2,1,8,49911.737,1,8,156.803,1,8,-9900,?,9,-9900,?,9,25.84,E,8,19.38,E,8,67.0,E,8,964.3861999999999,E,8,999.0,E,8,2.81,E,8,-9900,?,9,-9900,?,9,0.0,E,8,-9900,?,9,-9900,?,9,0.0,0.0,E,8
02/09/2021,12:00,1382.168,1404.266,628.43,1,8,69.674,1,8,559.853,1,8,75411.6,1,8,6619.056,1,8,61583.808,1,8,181.058,1,8,-9900,?,9,-9900,?,9,26.82,E,8,19.65,E,8,64.0,E,8,964.3861999999999,E,8,999.0,E,8,3.29,E,8,-9900,?,9,-9900,?,9,0.0,E,8,-9900,?,9,-9900,?,9,0.0,0.0,E,8
02/09/2021,13:00,1385.393,1404.266,653.75,1,8,80.85,1,8,573.987,1,8,78450.0,1,8,7680.766,1,8,63138.578,1,8,185.196,1,8,-9900,?,9,-9900,?,9,27.55,E,8,19.84,E,8,62.0,E,8,964.3861999999999,E,8,999.0,E,8,3.09,E,8,-9900,?,9,-9900,?,9,0.0,E,8,-9900,?,9,-9900,?,9,0.0,0.0,E,8
02/09/2021,14:00,1302.968,1404.266,631.92,1,8,95.431,1,8,543.377,1,8,75830.4,1,8,9065.982,1,8,59771.451,1,8,186.418,1,8,-9900,?,9,-9900,?,9,28.02,E,8,19.97,E,8,61.0,E,8,964.3861999999999,E,8,999.0,E,8,2.6,E,8,-9900,?,9,-9900,?,9,0.0,E,8,-9900,?,9,-9900,?,9,0.0,0.0,E,8
02/09/2021,15:00,1140.505,1404.266,564.5,1,8,141.329,1,8,449.734,1,8,67740.0,1,8,13426.269,1,8,49470.734,1,8,176.289,1,8,-9900,?,9,-9900,?,9,28.2,E,8,20.01,E,8,61.0,E,8,964.3861999999999,E,8,999.0,E,8,3.31,E,8,-9900,?,9,-9900,?,9,0.0,E,8,-9900,?,9,-9900,?,9,0.0,0.0,E,8
02/09/2021,16:00,909.091,1404.266,456.53,1,8,147.079,1,8,361.353,1,8,54783.6,1,8,13972.513,1,8,39748.826,1,8,177.746,1,8,-9900,?,9,-9900,?,9,28.05,E,8,19.97,E,8,61.0,E,8,964.3861999999999,E,8,999.0,E,8,3.07,E,8,-9900,?,9,-9900,?,9,0.0,E,8,-9900,?,9,-9900,?,9,0.0,0.0,E,8
02/09/2021,17:00,624.585,1404.266,316.6,1,8,300.336,1,8,183.176,1,8,37992.0,1,8,28531.907,1,8,20149.317,1,8,131.247,1,8,-9900,?,9,-9900,?,9,27.47,E,8,19.82,E,8,68.0,E,8,964.3861999999999,E,8,999.0,E,8,3.72,E,8,-9900,?,9,-9900,?,9,0.093,E,8,-9900,?,9,-9900,?,9,0.93,99.0,E,8
02/09/2021,18:00,306.845,1404.266,158.36,1,8,488.852,1,8,52.146,1,8,19003.2,1,8,46440.905,1,8,5736.06,1,8,76.395,1,8,-9900,?,9,-9900,?,9,26.51,E,8,19.56,E,8,65.0,E,8,964.3861999999999,E,8,999.0,E,8,3.41,E,8,-9900,?,9,-9900,?,9,0.0,E,8,-9900,?,9,-9900,?,9,0.0,0.0,E,8
02/09/2021,19:00,0.0,1404.266,17.69,1,8,0.0,1,8,0.0,1,8,2122.8,1,8,0.0,1,8,0.0,1,8,-0.0,1,8,-9900,?,9,-9900,?,9,25.33,E,8,19.24,E,8,69.0,E,8,964.3861999999999,E,8,999.0,E,8,2.62,E,8,-9900,?,9,-9900,?,9,0.0,E,8,-9900,?,9,-9900,?,9,0.0,0.0,E,8
02/09/2021,20:00,0.0,1404.266,0.0,1,8,0.0,1,8,0.0,1,8,0.0,1,8,0.0,1,8,0.0,1,8,-0.0,1,8,-9900,?,9,-9900,?,9,24.79,E,8,19.09,E,8,75.0,E,8,964.3861999999999,E,8,999.0,E,8,1.3,E,8,-9900,?,9,-9900,?,9,0.002,E,8,-9900,?,9,-9900,?,9,0.02,99.0,E,8
02/09/2021,21:00,0.0,1404.266,0.0,1,8,0.0,1,8,0.0,1,8,0.0,1,8,0.0,1,8,0.0,1,8,-0.0,1,8,-9900,?,9,-9900,?,9,24.24,E,8,18.94,E,8,77.0,E,8,964.3861999999999,E,8,999.0,E,8,0.82,E,8,-9900,?,9,-9900,?,9,0.004,E,8,-9900,?,9,-9900,?,9,0.04,99.0,E,8
02/09/2021,22:00,0.0,1404.266,0.0,1,8,0.0,1,8,0.0,1,8,0.0,1,8,0.0,1,8,0.0,1,8,-0.0,1,8,-9900,?,9,-9900,?,9,23.7,E,8,18.79,E,8,78.0,E,8,964.3861999999999,E,8,999.0,E,8,0.8,E,8,-9900,?,9,-9900,?,9,0.001,E,8,-9900,?,9,-9900,?,9,0.01,99.0,E,8
02/09/2021,23:00,0.0,1404.266,0.0,1,8,0.0,1,8,0.0,1,8,0.0,1,8,0.0,1,8,0.0,1,8,-0.0,1,8,-9900,?,9,-9900,?,9,23.16,E,8,18.63,E,8,75.0,E,8,964.3861999999999,E,8,999.0,E,8,0.8,E,8,-9900,?,9,-9900,?,9,0.0,E,8,-9900,?,9,-9900,?,9,0.0,0.0,E,8
02/09/2021,24:00,0.0,1404.266,0.0,1,8,0.0,1,8,0.0,1,8,0.0,1,8,0.0,1,8,0.0,1,8,-0.0,1,8,-9900,?,9,-9900,?,9,22.62,E,8,19.21,E,8,86.0,E,8,964.3861999999999,E,8,999.0,E,8,1.29,E,8,-9900,?,9,-9900,?,9,0.003,E,8,-9900,?,9,-9900,?,9,0.03,99.0,E,8
02/10/2021,01:00,0.0,1404.266,0.0,1,8,0.0,1,8,0.0,1,8,0.0,1,8,0.0,1,8,0.0,1,8,-0.0,1,8,-9900,?,9,-9900,?,9,22.35,E,8,19.13,E,8,82.0,E,8,964.3861999999999,E,8,999.0,E,8,1.32,E,8,-9900,?,9,-9900,?,9,0.0,E,8,-9900,?,9,-9900,?,9,0.0,0.0,E,8
02/10/2021,02:00,0.0,1404.266,0.0,1,8,0.0,1,8,0.0,1,8,0.0,1,8,0.0,1,8,0.0,1,8,-0.0,1,8,-9900,?,9,-9900,?,9,22.08,E,8,19.05,E,8,82.0,E,8,964.3861999999999,E,8,999.0,E,8,1.29,E,8,-9900,?,9,-9900,?,9,0.0,E,8,-9900,?,9,-9900,?,9,0.0,0.0,E,8
02/10/2021,03:00,0.0,1404.266,0.0,1,8,0.0,1,8,0.0,1,8,0.0,1,8,0.0,1,8,0.0,1,8,-0.0,1,8,-9900,?,9,-9900,?,9,21.81,E,8,18.98,E,8,83.0,E,8,964.3861999999999,E,8,999.0,E,8,1.44,E,8,-9900,?,9,-9900,?,9,0.0,E,8,-9900,?,9,-9900,?,9,0.0,0.0,E,8
02/10/2021,04:00,0.0,1403.751,0.0,1,8,0.0,1,8,0.0,1,8,0.0,1,8,0.0,1,8,0.0,1,8,-0.0,1,8,-9900,?,9,-9900,?,9,21.54,E,8,18.9,E,8,84.0,E,8,964.3861999999999,E,8,999.0,E,8,1.29,E,8,-9900,?,9,-9900,?,9,0.0,E,8,-9900,?,9,-9900,?,9,0.0,0.0,E,8
02/10/2021,05:00,0.0,1403.751,0.0,1,8,0.0,1,8,0.0,1,8,0.0,1,8,0.0,1,8,0.0,1,8,-0.0,1,8,-9900,?,9,-9900,?,9,21.27,E,8,18.82,E,8,85.0,E,8,964.3861999999999,E,8,999.0,E,8,1.29,E,8,-9900,?,9,-9900,?,9,0.0,E,8,-9900,?,9,-9900,?,9,0.0,0.0,E,8
02/10/2021,06:00,0.0,1403.751,0.0,1,8,0.0,1,8,0.0,1,8,0.0,1,8,0.0,1,8,0.0,1,8,-0.0,1,8,-9900,?,9,-9900,?,9,21.06,E,8,18.76,E,8,86.0,E,8,964.3861999999999,E,8,999.0,E,8,1.29,E,8,-9900,?,9,-9900,?,9,0.0,E,8,-9900,?,9,-9900,?,9,0.0,0.0,E,8
02/10/2021,07:00,280.583,1403.751,45.02,1,8,0.0,1,8,45.02,1,8,5402.4,1,8,0.0,1,8,4952.2,1,8,72.183,1,8,-9900,?,9,-9900,?,9,20.88,E,8,18.71,E,8,87.0,E,8,964.3861999999999,E,8,999.0,E,8,1.29,E,8,-9900,?,9,-9900,?,9,0.0,E,8,-9900,?,9,-9900,?,9,0.0,0.0,E,8
02/10/2021,08:00,599.864,1403.751,76.49,1,8,0.0,1,8,76.49,1,8,9178.8,1,8,0.0,1,8,8413.9,1,8,57.051,1,8,-9900,?,9,-9900,?,9,20.7,E,8,18.65,E,8,88.0,E,8,964.3861999999999,E,8,999.0,E,8,1.29,E,8,-9900,?,9,-9900,?,9,0.0,E,8,-9900,?,9,-9900,?,9,0.0,0.0,E,8
02/10/2021,09:00,887.647,1403.751,193.41,1,8,20.911,1,8,180.193,1,8,23209.2,1,8,1986.559,1,8,19821.218,1,8,90.746,1,8,-9900,?,9,-9900,?,9,23.51,E,8,19.46,E,8,83.0,E,8,964.3861999999999,E,8,999.0,E,8,1.29,E,8,-9900,?,9,-9900,?,9,0.001,E,8,-9900,?,9,-9900,?,9,0.01,99.0,E,8
02/10/2021,10:00,1123.739,1403.751,470.54,1,8,114.694,1,8,378.74,1,8,56464.8,1,8,10895.923,1,8,41661.371,1,8,150.622,1,8,-9900,?,9,-9900,?,9,25.84,E,8,20.11,E,8,70.0,E,8,964.3861999999999,E,8,999.0,E,8,1.29,E,8,-9900,?,9,-9900,?,9,0.0,E,8,-9900,?,9,-9900,?,9,0.0,0.0,E,8
02/10/2021,11:00,1291.922,1403.751,199.68,1,8,8.616,1,8,191.751,1,8,23961.6,1,8,818.543,1,8,21092.565,1,8,66.323,1,8,-9900,?,9,-9900,?,9,25.59,E,8,20.04,E,8,71.0,E,8,964.3861999999999,E,8,999.0,E,8,1.29,E,8,-9900,?,9,-9900,?,9,0.0,E,8,-9900,?,9,-9900,?,9,0.0,0.0,E,8
02/10/2021,12:00,1380.68,1403.751,448.07,1,8,28.476,1,8,420.062,1,8,53768.4,1,8,2705.232,1,8,46206.84,1,8,135.946,1,8,-9900,?,9,-9900,?,9,26.48,E,8,20.28,E,8,68.0,E,8,964.3861999999999,E,8,999.0,E,8,1.29,E,8,-9900,?,9,-9900,?,9,0.0,E,8,-9900,?,9,-9900,?,9,0.0,0.0,E,8
02/10/2021,13:00,1383.933,1403.751,466.18,1,8,38.113,1,8,428.605,1,8,55941.6,1,8,3620.769,1,8,47146.556,1,8,138.384,1,8,-9900,?,9,-9900,?,9,27.14,E,8,20.45,E,8,66.0,E,8,964.3861999999999,E,8,999.0,E,8,1.29,E,8,-9900,?,9,-9900,?,9,0.0,E,8,-9900,?,9,-9900,?,9,0.0,0.0,E,8
02/10/2021,14:00,1301.44,1403.751,450.59,1,8,43.125,1,8,410.61,1,8,54070.8,1,8,4096.863,1,8,45167.117,1,8,140.983,1,8,-9900,?,9,-9900,?,9,27.56,E,8,20.57,E,8,65.0,E,8,964.3861999999999,E,8,999.0,E,8,1.29,E,8,-9900,?,9,-9900,?,9,0.0,E,8,-9900,?,9,-9900,?,9,0.0,0.0,E,8
02/10/2021,15:00,1138.818,1403.751,402.41,1,8,50.66,1,8,361.317,1,8,48289.2,1,8,4812.721,1,8,39744.899,1,8,141.788,1,8,-9900,?,9,-9900,?,9,27.75,E,8,20.62,E,8,65.0,E,8,964.3861999999999,E,8,999.0,E,8,1.29,E,8,-9900,?,9,-9900,?,9,0.0,E,8,-9900,?,9,-9900,?,9,0.0,0.0,E,8
02/10/2021,16:00,907.167,1403.751,325.26,1,8,31.582,1,8,304.859,1,8,39031.2,1,8,3000.283,1,8,33534.456,1,8,150.221,1,8,-9900,?,9,-9900,?,9,27.7,E,8,20.6,E,8,70.0,E,8,964.3861999999999,E,8,999.0,E,8,1.29,E,8,-9900,?,9,-9900,?,9,0.02,E,8,-9900,?,9,-9900,?,9,0.2,99.0,E,8
02/10/2021,17:00,622.362,1403.751,225.27,1,8,67.619,1,8,195.327,1,8,27032.4,1,8,6423.788,1,8,21485.919,1,8,140.403,1,8,-9900,?,9,-9900,?,9,27.3,E,8,20.5,E,8,71.0,E,8,964.3861999999999,E,8,999.0,E,8,1.29,E,8,-9900,?,9,-9900,?,9,0.007000000000000001,E,8,-9900,?,9,-9900,?,9,0.07,99.0,E,8
02/10/2021,18:00,304.288,1403.751,112.22,1,8,115.839,1,8,87.254,1,8,13466.4,1,8,11004.69,1,8,9597.974,1,8,128.869,1,8,-9900,?,9,-9900,?,9,26.61,E,8,20.31,E,8,73.0,E,8,964.3861999999999,E,8,999.0,E,8,1.29,E,8,-9900,?,9,-9900,?,9,0.04,E,8,-9900,?,9,-9900,?,9,0.4,99.0,E,8
02/10/2021,19:00,0.0,1403.751,12.1,1,8,0.0,1,8,0.0,1,8,1452.0,1,8,0.0,1,8,0.0,1,8,-0.0,1,8,-9900,?,9,-9900,?,9,25.74,E,8,20.08,E,8,85.0,E,8,964.3861999999999,E,8,999.0,E,8,1.29,E,8,-9900,?,9,-9900,?,9,0.712,E,8,-9900,?,9,-9900,?,9,7.12,99.0,E,8
02/10/2021,20:00,0.0,1403.751,0.0,1,8,0.0,1,8,0.0,1,8,0.0,1,8,0.0,1,8,0.0,1,8,-0.0,1,8,-9900,?,9,-9900,?,9,25.03,E,8,19.88,E,8,78.0,E,8,964.3861999999999,E,8,999.0,E,8,1.29,E,8,-9900,?,9,-9900,?,9,0.004,E,8,-9900,?,9,-9900,?,9,0.04,99.0,E,8
02/10/2021,21:00,0.0,1403.751,0.0,1,8,0.0,1,8,0.0,1,8,0.0,1,8,0.0,1,8,0.0,1,8,-0.0,1,8,-9900,?,9,-9900,?,9,24.31,E,8,19.69,E,8,80.0,E,8,964.3861999999999,E,8,999.0,E,8,1.29,E,8,-9900,?,9,-9900,?,9,0.001,E,8,-9900,?,9,-9900,?,9,0.01,99.0,E,8
02/10/2021,22:00,0.0,1403.751,0.0,1,8,0.0,1,8,0.0,1,8,0.0,1,8,0.0,1,8,0.0,1,8,-0.0,1,8,-9900,?,9,-9900,?,9,23.59,E,8,19.48,E,8,77.0,E,8,964.3861999999999,E,8,999.0,E,8,1.29,E,8,-9900,?,9,-9900,?,9,0.0,E,8,-9900,?,9,-9900,?,9,0.0,0.0,E,8
02/10/2021,23:00,0.0,1403.751,0.0,1,8,0.0,1,8,0.0,1,8,0.0,1,8,0.0,1,8,0.0,1,8,-0.0,1,8,-9900,?,9,-9900,?,9,22.87,E,8,19.28,E,8,85.0,E,8,964.3861999999999,E,8,999.0,E,8,1.29,E,8,-9900,?,9,-9900,?,9,0.012,E,8,-9900,?,9,-9900,?,9,0.12,99.0,E,8
02/10/2021,24:00,0.0,1403.751,0.0,1,8,0.0,1,8,0.0,1,8,0.0,1,8,0.0,1,8,0.0,1,8,-0.0,1,8,-9900,?,9,-9900,?,9,22.16,E,8,19.89,E,8,87.0,E,8,964.3861999999999,E,8,999.0,E,8,1.22,E,8,-9900,?,9,-9900,?,9,0.047,E,8,-9900,?,9,-9900,?,9,0.47,99.0,E,8
02/11/2021,01:00,0.0,1403.751,0.0,1,8,0.0,1,8,0.0,1,8,0.0,1,8,0.0,1,8,0.0,1,8,-0.0,1,8,-9900,?,9,-9900,?,9,21.8,E,8,19.83,E,8,88.0,E,8,964.3861999999999,E,8,999.0,E,8,1.22,E,8,-9900,?,9,-9900,?,9,0.087,E,8,-9900,?,9,-9900,?,9,0.87,99.0,E,8
02/11/2021,02:00,0.0,1403.751,0.0,1,8,0.0,1,8,0.0,1,8,0.0,1,8,0.0,1,8,0.0,1,8,-0.0,1,8,-9900,?,9,-9900,?,9,21.44,E,8,19.77,E,8,90.0,E,8,964.3861999999999,E,8,999.0,E,8,1.22,E,8,-9900,?,9,-9900,?,9,0.017,E,8,-9900,?,9,-9900,?,9,0.17,99.0,E,8
02/11/2021,03:00,0.0,1403.751,0.0,1,8,0.0,1,8,0.0,1,8,0.0,1,8,0.0,1,8,0.0,1,8,-0.0,1,8,-9900,?,9,-9900,?,9,21.08,E,8,19.72,E,8,92.0,E,8,964.3861999999999,E,8,999.0,E,8,1.22,E,8,-9900,?,9,-9900,?,9,0.026000000000000002,E,8,-9900,?,9,-9900,?,9,0.26,99.0,E,8
02/11/2021,04:00,0.0,1403.225,0.0,1,8,0.0,1,8,0.0,1,8,0.0,1,8,0.0,1,8,0.0,1,8,-0.0,1,8,-9900,?,9,-9900,?,9,20.72,E,8,19.66,E,8,93.0,E,8,964.3861999999999,E,8,999.0,E,8,1.22,E,8,-9900,?,9,-9900,?,9,0.06999999999999999,E,8,-9900,?,9,-9900,?,9,0.7,99.0,E,8
02/11/2021,05:00,0.0,1403.225,0.0,1,8,0.0,1,8,0.0,1,8,0.0,1,8,0.0,1,8,0.0,1,8,-0.0,1,8,-9900,?,9,-9900,?,9,20.36,E,8,19.6,E,8,95.0,E,8,964.3861999999999,E,8,999.0,E,8,1.22,E,8,-9900,?,9,-9900,?,9,0.011,E,8,-9900,?,9,-9900,?,9,0.11,99.0,E,8
02/11/2021,06:00,0.0,1403.225,0.0,1,8,0.0,1,8,0.0,1,8,0.0,1,8,0.0,1,8,0.0,1,8,-0.0,1,8,-9900,?,9,-9900,?,9,20.09,E,8,19.56,E,8,96.0,E,8,964.3861999999999,E,8,999.0,E,8,1.22,E,8,-9900,?,9,-9900,?,9,0.002,E,8,-9900,?,9,-9900,?,9,0.02,99.0,E,8
02/11/2021,07:00,277.849,1403.225,7.34,1,8,0.0,1,8,7.34,1,8,880.8,1,8,0.0,1,8,807.4,1,8,11.882,1,8,-9900,?,9,-9900,?,9,19.85,E,8,19.52,E,8,97.0,E,8,964.3861999999999,E,8,999.0,E,8,1.22,E,8,-9900,?,9,-9900,?,9,0.001,E,8,-9900,?,9,-9900,?,9,0.01,99.0,E,8
02/11/2021,08:00,597.462,1403.225,101.98,1,8,0.0,1,8,101.98,1,8,12237.6,1,8,0.0,1,8,11217.8,1,8,76.34,1,8,-9900,?,9,-9900,?,9,19.61,E,8,19.48,E,8,99.0,E,8,964.3861999999999,E,8,999.0,E,8,1.22,E,8,-9900,?,9,-9900,?,9,0.004,E,8,-9900,?,9,-9900,?,9,0.04,99.0,E,8
02/11/2021,09:00,885.555,1403.225,199.08,1,8,3.368,1,8,196.956,1,8,23889.6,1,8,319.935,1,8,21665.118,1,8,99.385,1,8,-9900,?,9,-9900,?,9,23.18,E,8,20.04,E,8,82.0,E,8,964.3861999999999,E,8,999.0,E,8,1.22,E,8,-9900,?,9,-9900,?,9,0.008,E,8,-9900,?,9,-9900,?,9,0.08,99.0,E,8
02/11/2021,10:00,1121.905,1403.225,312.62,1,8,20.252,1,8,296.431,1,8,37514.4,1,8,1923.895,1,8,32607.433,1,8,118.037,1,8,-9900,?,9,-9900,?,9,24.46,E,8,20.24,E,8,77.0,E,8,964.3861999999999,E,8,999.0,E,8,1.22,E,8,-9900,?,9,-9900,?,9,0.001,E,8,-9900,?,9,-9900,?,9,0.01,99.0,E,8
02/11/2021,11:00,1290.275,1403.225,534.32,1,8,83.961,1,8,457.122,1,8,64118.4,1,8,7976.273,1,8,50283.383,1,8,158.252,1,8,-9900,?,9,-9900,?,9,26.42,E,8,20.53,E,8,65.0,E,8,964.3861999999999,E,8,999.0,E,8,1.22,E,8,-9900,?,9,-9900,?,9,0.0,E,8,-9900,?,9,-9900,?,9,0.0,0.0,E,8
02/11/2021,12:00,1379.134,1403.225,439.65,1,8,27.084,1,8,413.032,1,8,52758.0,1,8,2572.933,1,8,45433.492,1,8,133.77,1,8,-9900,?,9,-9900,?,9,27.14,E,8,20.64,E,8,68.0,E,8,964.3861999999999,E,8,999.0,E,8,1.22,E,8,-9900,?,9,-9900,?,9,0.006,E,8,-9900,?,9,-9900,?,9,0.06,99.0,E,8
02/11/2021,13:00,1382.397,1403.225,298.22,1,8,13.303,1,8,285.115,1,8,35786.4,1,8,1263.756,1,8,31362.636,1,8,92.123,1,8,-9900,?,9,-9900,?,9,27.07,E,8,20.63,E,8,68.0,E,8,964.3861999999999,E,8,999.0,E,8,1.22,E,8,-9900,?,9,-9900,?,9,0.020999999999999998,E,8,-9900,?,9,-9900,?,9,0.21,99.0,E,8
02/11/2021,14:00,1299.821,1403.225,445.57,1,8,34.77,1,8,413.364,1,8,53468.4,1,8,3303.138,1,8,45470.03,1,8,142.052,1,8,-9900,?,9,-9900,?,9,27.51,E,8,20.7,E,8,71.0,E,8,964.3861999999999,E,8,999.0,E,8,1.22,E,8,-9900,?,9,-9900,?,9,0.11000000000000001,E,8,-9900,?,9,-9900,?,9,1.1,99.0,E,8
02/11/2021,15:00,1137.028,1403.225,397.82,1,8,48.805,1,8,358.28,1,8,47738.4,1,8,4636.454,1,8,39410.771,1,8,140.765,1,8,-9900,?,9,-9900,?,9,27.7,E,8,20.73,E,8,76.0,E,8,964.3861999999999,E,8,999.0,E,8,1.22,E,8,-9900,?,9,-9900,?,9,3.3880000000000003,E,8,-9900,?,9,-9900,?,9,33.88,99.0,E,8
02/11/2021,16:00,905.132,1403.225,321.35,1,8,30.314,1,8,301.804,1,8,38562.0,1,8,2879.852,1,8,33198.468,1,8,148.994,1,8,-9900,?,9,-9900,?,9,27.62,E,8,20.71,E,8,71.0,E,8,964.3861999999999,E,8,999.0,E,8,1.22,E,8,-9900,?,9,-9900,?,9,0.198,E,8,-9900,?,9,-9900,?,9,1.98,99.0,E,8
02/11/2021,17:00,620.025,1403.225,222.25,1,8,64.767,1,8,193.667,1,8,26670.0,1,8,6152.901,1,8,21303.317,1,8,139.684,1,8,-9900,?,9,-9900,?,9,27.14,E,8,20.64,E,8,73.0,E,8,964.3861999999999,E,8,999.0,E,8,1.22,E,8,-9900,?,9,-9900,?,9,0.143,E,8,-9900,?,9,-9900,?,9,1.43,99.0,E,8
02/11/2021,18:00,301.621,1403.225,110.25,1,8,111.928,1,8,86.332,1,8,13230.0,1,8,10633.119,1,8,9496.534,1,8,128.599,1,8,-9900,?,9,-9900,?,9,26.35,E,8,20.52,E,8,70.0,E,8,964.3861999999999,E,8,999.0,E,8,1.22,E,8,-9900,?,9,-9900,?,9,0.014000000000000002,E,8,-9900,?,9,-9900,?,9,0.14,99.0,E,8
02/11/2021,19:00,0.0,1403.225,11.44,1,8,0.0,1,8,0.0,1,8,1372.8,1,8,0.0,1,8,0.0,1,8,-0.0,1,8,-9900,?,9,-9900,?,9,25.35,E,8,20.37,E,8,74.0,E,8,964.3861999999999,E,8,999.0,E,8,1.22,E,8,-9900,?,9,-9900,?,9,0.031,E,8,-9900,?,9,-9900,?,9,0.31,99.0,E,8
02/11/2021,20:00,0.0,1403.225,0.0,1,8,0.0,1,8,0.0,1,8,0.0,1,8,0.0,1,8,0.0,1,8,-0.0,1,8,-9900,?,9,-9900,?,9,24.8,E,8,20.29,E,8,81.0,E,8,964.3861999999999,E,8,999.0,E,8,1.22,E,8,-9900,?,9,-9900,?,9,0.319,E,8,-9900,?,9,-9900,?,9,3.19,99.0,E,8
02/11/2021,21:00,0.0,1403.225,0.0,1,8,0.0,1,8,0.0,1,8,0.0,1,8,0.0,1,8,0.0,1,8,-0.0,1,8,-9900,?,9,-9900,?,9,24.25,E,8,20.21,E,8,78.0,E,8,964.3861999999999,E,8,999.0,E,8,1.22,E,8,-9900,?,9,-9900,?,9,0.056999999999999995,E,8,-9900,?,9,-9900,?,9,0.57,99.0,E,8
02/11/2021,22:00,0.0,1403.225,0.0,1,8,0.0,1,8,0.0,1,8,0.0,1,8,0.0,1,8,0.0,1,8,-0.0,1,8,-9900,?,9,-9900,?,9,23.7,E,8,20.12,E,8,80.0,E,8,964.3861999999999,E,8,999.0,E,8,2.32,E,8,-9900,?,9,-9900,?,9,0.038,E,8,-9900,?,9,-9900,?,9,0.38,99.0,E,8
02/11/2021,23:00,0.0,1403.225,0.0,1,8,0.0,1,8,0.0,1,8,0.0,1,8,0.0,1,8,0.0,1,8,-0.0,1,8,-9900,?,9,-9900,?,9,23.15,E,8,20.04,E,8,82.0,E,8,964.3861999999999,E,8,999.0,E,8,2.05,E,8,-9900,?,9,-9900,?,9,0.003,E,8,-9900,?,9,-9900,?,9,0.03,99.0,E,8
02/11/2021,24:00,0.0,1403.225,0.0,1,8,0.0,1,8,0.0,1,8,0.0,1,8,0.0,1,8,0.0,1,8,-0.0,1,8,-9900,?,9,-9900,?,9,22.61,E,8,20.75,E,8,88.0,E,8,964.3861999999999,E,8,999.0,E,8,2.52,E,8,-9900,?,9,-9900,?,9,0.061,E,8,-9900,?,9,-9900,?,9,0.61,99.0,E,8
02/12/2021,01:00,0.0,1403.225,0.0,1,8,0.0,1,8,0.0,1,8,0.0,1,8,0.0,1,8,0.0,1,8,-0.0,1,8,-9900,?,9,-9900,?,9,22.33,E,8,20.61,E,8,88.0,E,8,964.3861999999999,E,8,999.0,E,8,1.84,E,8,-9900,?,9,-9900,?,9,0.002,E,8,-9900,?,9,-9900,?,9,0.02,99.0,E,8
02/12/2021,02:00,0.0,1403.225,0.0,1,8,0.0,1,8,0.0,1,8,0.0,1,8,0.0,1,8,0.0,1,8,-0.0,1,8,-9900,?,9,-9900,?,9,22.06,E,8,20.48,E,8,88.0,E,8,964.3861999999999,E,8,999.0,E,8,4.0,E,8,-9900,?,9,-9900,?,9,0.003,E,8,-9900,?,9,-9900,?,9,0.03,99.0,E,8
02/12/2021,03:00,0.0,1403.225,0.0,1,8,0.0,1,8,0.0,1,8,0.0,1,8,0.0,1,8,0.0,1,8,-0.0,1,8,-9900,?,9,-9900,?,9,21.78,E,8,20.34,E,8,89.0,E,8,964.3861999999999,E,8,999.0,E,8,3.6,E,8,-9900,?,9,-9900,?,9,0.038,E,8,-9900,?,9,-9900,?,9,0.38,99.0,E,8
02/12/2021,04:00,0.0,1402.688,0.0,1,8,0.0,1,8,0.0,1,8,0.0,1,8,0.0,1,8,0.0,1,8,-0.0,1,8,-9900,?,9,-9900,?,9,21.51,E,8,20.21,E,8,89.0,E,8,964.3861999999999,E,8,999.0,E,8,3.71,E,8,-9900,?,9,-9900,?,9,0.024,E,8,-9900,?,9,-9900,?,9,0.24,99.0,E,8
02/12/2021,05:00,0.0,1402.688,0.0,1,8,0.0,1,8,0.0,1,8,0.0,1,8,0.0,1,8,0.0,1,8,-0.0,1,8,-9900,?,9,-9900,?,9,21.23,E,8,20.07,E,8,90.0,E,8,964.3861999999999,E,8,999.0,E,8,5.21,E,8,-9900,?,9,-9900,?,9,0.001,E,8,-9900,?,9,-9900,?,9,0.01,99.0,E,8
02/12/2021,06:00,0.0,1402.688,0.0,1,8,0.0,1,8,0.0,1,8,0.0,1,8,0.0,1,8,0.0,1,8,-0.0,1,8,-9900,?,9,-9900,?,9,21.02,E,8,19.97,E,8,87.0,E,8,964.3861999999999,E,8,999.0,E,8,5.26,E,8,-9900,?,9,-9900,?,9,0.0,E,8,-9900,?,9,-9900,?,9,0.0,0.0,E,8
02/12/2021,07:00,275.144,1402.688,6.3,1,8,0.0,1,8,6.3,1,8,756.0,1,8,0.0,1,8,693.0,1,8,10.296,1,8,-9900,?,9,-9900,?,9,20.84,E,8,19.87,E,8,91.0,E,8,964.3861999999999,E,8,999.0,E,8,3.54,E,8,-9900,?,9,-9900,?,9,0.001,E,8,-9900,?,9,-9900,?,9,0.01,99.0,E,8
02/12/2021,08:00,595.076,1402.688,92.34,1,8,0.0,1,8,92.34,1,8,11080.8,1,8,0.0,1,8,10157.4,1,8,69.375,1,8,-9900,?,9,-9900,?,9,20.65,E,8,19.78,E,8,94.0,E,8,964.3861999999999,E,8,999.0,E,8,2.84,E,8,-9900,?,9,-9900,?,9,0.10400000000000001,E,8,-9900,?,9,-9900,?,9,1.04,99.0,E,8
02/12/2021,09:00,883.465,1402.688,194.91,1,8,2.994,1,8,193.025,1,8,23389.2,1,8,284.393,1,8,21232.789,1,8,97.596,1,8,-9900,?,9,-9900,?,9,23.66,E,8,21.25,E,8,86.0,E,8,964.3861999999999,E,8,999.0,E,8,3.36,E,8,-9900,?,9,-9900,?,9,0.015,E,8,-9900,?,9,-9900,?,9,0.15,99.0,E,8
02/12/2021,10:00,1120.054,1402.688,286.68,1,8,13.18,1,8,276.157,1,8,34401.6,1,8,1252.131,1,8,30377.292,1,8,110.103,1,8,-9900,?,9,-9900,?,9,24.66,E,8,21.71,E,8,84.0,E,8,964.3861999999999,E,8,999.0,E,8,2.15,E,8,-9900,?,9,-9900,?,9,0.005,E,8,-9900,?,9,-9900,?,9,0.05,99.0,E,8
02/12/2021,11:00,1288.589,1402.688,358.32,1,8,23.725,1,8,336.526,1,8,42998.4,1,8,2253.851,1,8,37017.89,1,8,116.611,1,8,-9900,?,9,-9900,?,9,25.54,E,8,22.11,E,8,82.0,E,8,964.3861999999999,E,8,999.0,E,8,2.15,E,8,-9900,?,9,-9900,?,9,0.007000000000000001,E,8,-9900,?,9,-9900,?,9,0.07,99.0,E,8
02/12/2021,12:00,1377.53,1402.688,404.07,1,8,26.455,1,8,378.09,1,8,48488.4,1,8,2513.222,1,8,41589.876,1,8,122.549,1,8,-9900,?,9,-9900,?,9,26.25,E,8,22.42,E,8,81.0,E,8,964.3861999999999,E,8,999.0,E,8,3.94,E,8,-9900,?,9,-9900,?,9,0.078,E,8,-9900,?,9,-9900,?,9,0.78,99.0,E,8
02/12/2021,13:00,1380.783,1402.688,420.48,1,8,28.832,1,8,392.098,1,8,50457.6,1,8,2739.071,1,8,43130.801,1,8,126.79,1,8,-9900,?,9,-9900,?,9,26.79,E,8,22.66,E,8,77.0,E,8,964.3861999999999,E,8,999.0,E,8,3.81,E,8,-9900,?,9,-9900,?,9,0.0,E,8,-9900,?,9,-9900,?,9,0.0,0.0,E,8
02/12/2021,14:00,1298.108,1402.688,406.34,1,8,31.38,1,8,377.301,1,8,48760.8,1,8,2981.133,1,8,41503.076,1,8,129.78,1,8,-9900,?,9,-9900,?,9,27.13,E,8,22.8,E,8,77.0,E,8,964.3861999999999,E,8,999.0,E,8,2.73,E,8,-9900,?,9,-9900,?,9,0.0,E,8,-9900,?,9,-9900,?,9,0.0,0.0,E,8
02/12/2021,15:00,1135.134,1402.688,362.69,1,8,35.023,1,8,334.352,1,8,43522.8,1,8,3327.209,1,8,36778.676,1,8,131.533,1,8,-9900,?,9,-9900,?,9,27.27,E,8,22.86,E,8,76.0,E,8,964.3861999999999,E,8,999.0,E,8,2.0,E,8,-9900,?,9,-9900,?,9,0.0,E,8,-9900,?,9,-9900,?,9,0.0,0.0,E,8
02/12/2021,16:00,902.985,1402.688,292.78,1,8,20.563,1,8,279.548,1,8,35133.6,1,8,1953.442,1,8,30750.31,1,8,138.283,1,8,-9900,?,9,-9900,?,9,27.18,E,8,22.83,E,8,83.0,E,8,964.3861999999999,E,8,999.0,E,8,2.38,E,8,-9900,?,9,-9900,?,9,0.147,E,8,-9900,?,9,-9900,?,9,1.47,99.0,E,8
02/12/2021,17:00,617.574,1402.688,202.2,1,8,51.144,1,8,179.71,1,8,24264.0,1,8,4858.708,1,8,19768.052,1,8,130.083,1,8,-9900,?,9,-9900,?,9,26.78,E,8,22.65,E,8,80.0,E,8,964.3861999999999,E,8,999.0,E,8,1.72,E,8,-9900,?,9,-9900,?,9,0.048,E,8,-9900,?,9,-9900,?,9,0.48,99.0,E,8
02/12/2021,18:00,298.845,1402.688,99.85,1,8,73.412,1,8,84.303,1,8,11982.0,1,8,6974.166,1,8,9273.284,1,8,126.707,1,8,-9900,?,9,-9900,?,9,26.13,E,8,22.37,E,8,81.0,E,8,964.3861999999999,E,8,999.0,E,8,1.21,E,8,-9900,?,9,-9900,?,9,0.012,E,8,-9900,?,9,-9900,?,9,0.12,99.0,E,8
02/12/2021,19:00,0.0,1402.688,25.27,1,8,0.0,1,8,0.0,1,8,3032.4,1,8,0.0,1,8,0.0,1,8,-0.0,1,8,-9900,?,9,-9900,?,9,25.36,E,8,22.03,E,8,83.0,E,8,964.3861999999999,E,8,999.0,E,8,1.21,E,8,-9900,?,9,-9900,?,9,0.03,E,8,-9900,?,9,-9900,?,9,0.3,99.0,E,8
02/12/2021,20:00,0.0,1402.688,0.0,1,8,0.0,1,8,0.0,1,8,0.0,1,8,0.0,1,8,0.0,1,8,-0.0,1,8,-9900,?,9,-9900,?,9,24.82,E,8,21.78,E,8,84.0,E,8,964.3861999999999,E,8,999.0,E,8,1.21,E,8,-9900,?,9,-9900,?,9,0.019,E,8,-9900,?,9,-9900,?,9,0.19,99.0,E,8
02/12/2021,21:00,0.0,1402.688,0.0,1,8,0.0,1,8,0.0,1,8,0.0,1,8,0.0,1,8,0.0,1,8,-0.0,1,8,-9900,?,9,-9900,?,9,24.29,E,8,21.54,E,8,85.0,E,8,964.3861999999999,E,8,999.0,E,8,1.53,E,8,-9900,?,9,-9900,?,9,0.009,E,8,-9900,?,9,-9900,?,9,0.09,99.0,E,8
02/12/2021,22:00,0.0,1402.688,0.0,1,8,0.0,1,8,0.0,1,8,0.0,1,8,0.0,1,8,0.0,1,8,-0.0,1,8,-9900,?,9,-9900,?,9,23.75,E,8,21.29,E,8,89.0,E,8,964.3861999999999,E,8,999.0,E,8,1.59,E,8,-9900,?,9,-9900,?,9,0.24300000000000002,E,8,-9900,?,9,-9900,?,9,2.43,99.0,E,8
02/12/2021,23:00,0.0,1402.688,0.0,1,8,0.0,1,8,0.0,1,8,0.0,1,8,0.0,1,8,0.0,1,8,-0.0,1,8,-9900,?,9,-9900,?,9,23.21,E,8,21.04,E,8,93.0,E,8,964.3861999999999,E,8,999.0,E,8,1.21,E,8,-9900,?,9,-9900,?,9,2.755,E,8,-9900,?,9,-9900,?,9,27.55,99.0,E,8
02/12/2021,24:00,0.0,1402.688,0.0,1,8,0.0,1,8,0.0,1,8,0.0,1,8,0.0,1,8,0.0,1,8,-0.0,1,8,-9900,?,9,-9900,?,9,22.67,E,8,20.34,E,8,86.0,E,8,964.3861999999999,E,8,999.0,E,8,1.29,E,8,-9900,?,9,-9900,?,9,0.0,E,8,-9900,?,9,-9900,?,9,0.0,0.0,E,8
02/13/2021,01:00,0.0,1402.688,0.0,1,8,0.0,1,8,0.0,1,8,0.0,1,8,0.0,1,8,0.0,1,8,-0.0,1,8,-9900,?,9,-9900,?,9,22.41,E,8,20.28,E,8,87.0,E,8,964.3861999999999,E,8,999.0,E,8,1.29,E,8,-9900,?,9,-9900,?,9,0.0,E,8,-9900,?,9,-9900,?,9,0.0,0.0,E,8
02/13/2021,02:00,0.0,1402.688,0.0,1,8,0.0,1,8,0.0,1,8,0.0,1,8,0.0,1,8,0.0,1,8,-0.0,1,8,-9900,?,9,-9900,?,9,22.14,E,8,20.21,E,8,88.0,E,8,964.3861999999999,E,8,999.0,E,8,1.29,E,8,-9900,?,9,-9900,?,9,0.0,E,8,-9900,?,9,-9900,?,9,0.0,0.0,E,8
02/13/2021,03:00,0.0,1402.688,0.0,1,8,0.0,1,8,0.0,1,8,0.0,1,8,0.0,1,8,0.0,1,8,-0.0,1,8,-9900,?,9,-9900,?,9,21.87,E,8,20.14,E,8,89.0,E,8,964.3861999999999,E,8,999.0,E,8,1.29,E,8,-9900,?,9,-9900,?,9,0.0,E,8,-9900,?,9,-9900,?,9,0.0,0.0,E,8
02/13/2021,04:00,0.0,1402.139,0.0,1,8,0.0,1,8,0.0,1,8,0.0,1,8,0.0,1,8,0.0,1,8,-0.0,1,8,-9900,?,9,-9900,?,9,21.6,E,8,20.07,E,8,91.0,E,8,964.3861999999999,E,8,999.0,E,8,1.29,E,8,-9900,?,9,-9900,?,9,0.0,E,8,-9900,?,9,-9900,?,9,0.0,0.0,E,8
02/13/2021,05:00,0.0,1402.139,0.0,1,8,0.0,1,8,0.0,1,8,0.0,1,8,0.0,1,8,0.0,1,8,-0.0,1,8,-9900,?,9,-9900,?,9,21.33,E,8,20.01,E,8,92.0,E,8,964.3861999999999,E,8,999.0,E,8,1.29,E,8,-9900,?,9,-9900,?,9,0.0,E,8,-9900,?,9,-9900,?,9,0.0,0.0,E,8
02/13/2021,06:00,0.0,1402.139,0.0,1,8,0.0,1,8,0.0,1,8,0.0,1,8,0.0,1,8,0.0,1,8,-0.0,1,8,-9900,?,9,-9900,?,9,21.12,E,8,19.95,E,8,93.0,E,8,964.3861999999999,E,8,999.0,E,8,1.29,E,8,-9900,?,9,-9900,?,9,0.0,E,8,-9900,?,9,-9900,?,9,0.0,0.0,E,8
02/13/2021,07:00,272.471,1402.139,9.31,1,8,0.0,1,8,9.31,1,8,1117.2,1,8,0.0,1,8,1024.1,1,8,15.36,1,8,-9900,?,9,-9900,?,9,20.95,E,8,19.91,E,8,93.0,E,8,964.3861999999999,E,8,999.0,E,8,1.29,E,8,-9900,?,9,-9900,?,9,0.0,E,8,-9900,?,9,-9900,?,9,0.0,0.0,E,8
02/13/2021,08:00,592.708,1402.139,143.83,1,8,2.879,1,8,142.615,1,8,17259.6,1,8,273.512,1,8,15687.606,1,8,107.534,1,8,-9900,?,9,-9900,?,9,20.77,E,8,19.87,E,8,94.0,E,8,964.3861999999999,E,8,999.0,E,8,1.29,E,8,-9900,?,9,-9900,?,9,0.0,E,8,-9900,?,9,-9900,?,9,0.0,0.0,E,8
02/13/2021,09:00,881.374,1402.139,305.06,1,8,39.623,1,8,280.164,1,8,36607.2,1,8,3764.232,1,8,30818.056,1,8,141.935,1,8,-9900,?,9,-9900,?,9,24.9,E,8,20.88,E,8,78.0,E,8,964.3861999999999,E,8,999.0,E,8,1.29,E,8,-9900,?,9,-9900,?,9,0.0,E,8,-9900,?,9,-9900,?,9,0.0,0.0,E,8
02/13/2021,10:00,1118.184,1402.139,207.21,1,8,11.103,1,8,198.357,1,8,24865.2,1,8,1054.774,1,8,21819.283,1,8,79.186,1,8,-9900,?,9,-9900,?,9,24.79,E,8,20.86,E,8,78.0,E,8,964.3861999999999,E,8,999.0,E,8,1.29,E,8,-9900,?,9,-9900,?,9,0.0,E,8,-9900,?,9,-9900,?,9,0.0,0.0,E,8
02/13/2021,11:00,1286.865,1402.139,562.0,1,8,103.98,1,8,466.573,1,8,67440.0,1,8,9878.14,1,8,51323.072,1,8,161.827,1,8,-9900,?,9,-9900,?,9,26.37,E,8,21.23,E,8,73.0,E,8,964.3861999999999,E,8,999.0,E,8,1.29,E,8,-9900,?,9,-9900,?,9,0.0,E,8,-9900,?,9,-9900,?,9,0.0,0.0,E,8
02/13/2021,12:00,1375.867,1402.139,633.92,1,8,73.618,1,8,561.682,1,8,76070.4,1,8,6993.747,1,8,61785.001,1,8,182.205,1,8,-9900,?,9,-9900,?,9,27.58,E,8,21.51,E,8,69.0,E,8,964.3861999999999,E,8,999.0,E,8,1.29,E,8,-9900,?,9,-9900,?,9,0.0,E,8,-9900,?,9,-9900,?,9,0.0,0.0,E,8
02/13/2021,13:00,1379.092,1402.139,659.71,1,8,85.562,1,8,575.555,1,8,79165.2,1,8,8128.437,1,8,63311.019,1,8,186.268,1,8,-9900,?,9,-9900,?,9,28.47,E,8,21.71,E,8,66.0,E,8,964.3861999999999,E,8,999.0,E,8,1.29,E,8,-9900,?,9,-9900,?,9,0.0,E,8,-9900,?,9,-9900,?,9,0.0,0.0,E,8
02/13/2021,14:00,1296.303,1402.139,637.47,1,8,101.093,1,8,544.012,1,8,76496.4,1,8,9603.846,1,8,59841.351,1,8,187.312,1,8,-9900,?,9,-9900,?,9,29.04,E,8,21.84,E,8,65.0,E,8,964.3861999999999,E,8,999.0,E,8,1.29,E,8,-9900,?,9,-9900,?,9,0.0,E,8,-9900,?,9,-9900,?,9,0.0,0.0,E,8
02/13/2021,15:00,1133.135,1402.139,568.8,1,8,149.808,1,8,447.752,1,8,68256.0,1,8,14231.772,1,8,49252.71,1,8,176.386,1,8,-9900,?,9,-9900,?,9,29.32,E,8,21.91,E,8,64.0,E,8,964.3861999999999,E,8,999.0,E,8,1.29,E,8,-9900,?,9,-9900,?,9,0.0,E,8,-9900,?,9,-9900,?,9,0.0,0.0,E,8
02/13/2021,16:00,900.727,1402.139,458.86,1,8,156.003,1,8,358.686,1,8,55063.2,1,8,14820.281,1,8,39455.495,1,8,177.805,1,8,-9900,?,9,-9900,?,9,29.29,E,8,21.9,E,8,64.0,E,8,964.3861999999999,E,8,999.0,E,8,1.29,E,8,-9900,?,9,-9900,?,9,0.0,E,8,-9900,?,9,-9900,?,9,0.0,0.0,E,8
02/13/2021,17:00,615.011,1402.139,316.4,1,8,318.768,1,8,176.752,1,8,37968.0,1,8,30282.93,1,8,19442.753,1,8,128.427,1,8,-9900,?,9,-9900,?,9,28.83,E,8,21.8,E,8,65.0,E,8,964.3861999999999,E,8,999.0,E,8,1.29,E,8,-9900,?,9,-9900,?,9,0.0,E,8,-9900,?,9,-9900,?,9,0.0,0.0,E,8
02/13/2021,18:00,295.96,1402.139,155.52,1,8,430.348,1,8,65.235,1,8,18662.4,1,8,40883.059,1,8,7175.797,1,8,98.976,1,8,-9900,?,9,-9900,?,9,28.0,E,8,21.61,E,8,68.0,E,8,964.3861999999999,E,8,999.0,E,8,1.39,E,8,-9900,?,9,-9900,?,9,0.0,E,8,-9900,?,9,-9900,?,9,0.0,0.0,E,8
02/13/2021,19:00,0.0,1402.139,14.83,1,8,0.0,1,8,0.0,1,8,1779.6,1,8,0.0,1,8,0.0,1,8,-0.0,1,8,-9900,?,9,-9900,?,9,26.94,E,8,21.36,E,8,71.0,E,8,964.3861999999999,E,8,999.0,E,8,1.29,E,8,-9900,?,9,-9900,?,9,0.0,E,8,-9900,?,9,-9900,?,9,0.0,0.0,E,8
02/13/2021,20:00,0.0,1402.139,0.0,1,8,0.0,1,8,0.0,1,8,0.0,1,8,0.0,1,8,0.0,1,8,-0.0,1,8,-9900,?,9,-9900,?,9,26.14,E,8,21.18,E,8,74.0,E,8,964.3861999999999,E,8,999.0,E,8,1.29,E,8,-9900,?,9,-9900,?,9,0.0,E,8,-9900,?,9,-9900,?,9,0.0,0.0,E,8
02/13/2021,21:00,0.0,1402.139,0.0,1,8,0.0,1,8,0.0,1,8,0.0,1,8,0.0,1,8,0.0,1,8,-0.0,1,8,-9900,?,9,-9900,?,9,25.35,E,8,20.99,E,8,76.0,E,8,964.3861999999999,E,8,999.0,E,8,1.29,E,8,-9900,?,9,-9900,?,9,0.0,E,8,-9900,?,9,-9900,?,9,0.0,0.0,E,8
02/13/2021,22:00,0.0,1402.139,0.0,1,8,0.0,1,8,0.0,1,8,0.0,1,8,0.0,1,8,0.0,1,8,-0.0,1,8,-9900,?,9,-9900,?,9,24.56,E,8,20.8,E,8,79.0,E,8,964.3861999999999,E,8,999.0,E,8,1.29,E,8,-9900,?,9,-9900,?,9,0.0,E,8,-9900,?,9,-9900,?,9,0.0,0.0,E,8
02/13/2021,23:00,0.0,1402.139,0.0,1,8,0.0,1,8,0.0,1,8,0.0,1,8,0.0,1,8,0.0,1,8,-0.0,1,8,-9900,?,9,-9900,?,9,23.77,E,8,20.61,E,8,82.0,E,8,964.3861999999999,E,8,999.0,E,8,1.29,E,8,-9900,?,9,-9900,?,9,0.0,E,8,-9900,?,9,-9900,?,9,0.0,0.0,E,8
02/13/2021,24:00,0.0,1402.139,0.0,1,8,0.0,1,8,0.0,1,8,0.0,1,8,0.0,1,8,0.0,1,8,-0.0,1,8,-9900,?,9,-9900,?,9,22.98,E,8,20.07,E,8,88.0,E,8,964.3861999999999,E,8,999.0,E,8,1.3,E,8,-9900,?,9,-9900,?,9,0.002,E,8,-9900,?,9,-9900,?,9,0.02,99.0,E,8
02/14/2021,01:00,0.0,1402.139,0.0,1,8,0.0,1,8,0.0,1,8,0.0,1,8,0.0,1,8,0.0,1,8,-0.0,1,8,-9900,?,9,-9900,?,9,22.59,E,8,19.99,E,8,85.0,E,8,964.3861999999999,E,8,999.0,E,8,1.3,E,8,-9900,?,9,-9900,?,9,0.0,E,8,-9900,?,9,-9900,?,9,0.0,0.0,E,8
02/14/2021,02:00,0.0,1402.139,0.0,1,8,0.0,1,8,0.0,1,8,0.0,1,8,0.0,1,8,0.0,1,8,-0.0,1,8,-9900,?,9,-9900,?,9,22.19,E,8,19.9,E,8,86.0,E,8,964.3861999999999,E,8,999.0,E,8,1.3,E,8,-9900,?,9,-9900,?,9,0.0,E,8,-9900,?,9,-9900,?,9,0.0,0.0,E,8
02/14/2021,03:00,0.0,1402.139,0.0,1,8,0.0,1,8,0.0,1,8,0.0,1,8,0.0,1,8,0.0,1,8,-0.0,1,8,-9900,?,9,-9900,?,9,21.79,E,8,19.81,E,8,88.0,E,8,964.3861999999999,E,8,999.0,E,8,1.3,E,8,-9900,?,9,-9900,?,9,0.0,E,8,-9900,?,9,-9900,?,9,0.0,0.0,E,8
02/14/2021,04:00,0.0,1401.58,0.0,1,8,0.0,1,8,0.0,1,8,0.0,1,8,0.0,1,8,0.0,1,8,-0.0,1,8,-9900,?,9,-9900,?,9,21.4,E,8,19.72,E,8,95.0,E,8,964.3861999999999,E,8,999.0,E,8,1.3,E,8,-9900,?,9,-9900,?,9,0.004,E,8,-9900,?,9,-9900,?,9,0.04,99.0,E,8
02/14/2021,05:00,0.0,1401.58,0.0,1,8,0.0,1,8,0.0,1,8,0.0,1,8,0.0,1,8,0.0,1,8,-0.0,1,8,-9900,?,9,-9900,?,9,21.0,E,8,19.63,E,8,91.0,E,8,964.3861999999999,E,8,999.0,E,8,1.3,E,8,-9900,?,9,-9900,?,9,0.0,E,8,-9900,?,9,-9900,?,9,0.0,0.0,E,8
02/14/2021,06:00,0.0,1401.58,0.0,1,8,0.0,1,8,0.0,1,8,0.0,1,8,0.0,1,8,0.0,1,8,-0.0,1,8,-9900,?,9,-9900,?,9,20.7,E,8,19.56,E,8,93.0,E,8,964.3861999999999,E,8,999.0,E,8,1.3,E,8,-9900,?,9,-9900,?,9,0.0,E,8,-9900,?,9,-9900,?,9,0.0,0.0,E,8
02/14/2021,07:00,269.828,1401.58,7.06,1,8,0.0,1,8,7.06,1,8,847.2,1,8,0.0,1,8,776.6,1,8,11.759,1,8,-9900,?,9,-9900,?,9,20.44,E,8,19.5,E,8,94.0,E,8,964.3861999999999,E,8,999.0,E,8,1.3,E,8,-9900,?,9,-9900,?,9,0.0,E,8,-9900,?,9,-9900,?,9,0.0,0.0,E,8
02/14/2021,08:00,590.357,1401.58,126.35,1,8,0.0,1,8,126.35,1,8,15162.0,1,8,0.0,1,8,13898.5,1,8,95.613,1,8,-9900,?,9,-9900,?,9,20.18,E,8,19.44,E,8,95.0,E,8,964.3861999999999,E,8,999.0,E,8,1.3,E,8,-9900,?,9,-9900,?,9,0.0,E,8,-9900,?,9,-9900,?,9,0.0,0.0,E,8
02/14/2021,09:00,879.284,1401.58,261.69,1,8,21.984,1,8,247.905,1,8,31402.8,1,8,2088.463,1,8,27269.51,1,8,125.84,1,8,-9900,?,9,-9900,?,9,24.85,E,8,20.49,E,8,76.0,E,8,964.3861999999999,E,8,999.0,E,8,1.3,E,8,-9900,?,9,-9900,?,9,0.0,E,8,-9900,?,9,-9900,?,9,0.0,0.0,E,8
02/14/2021,10:00,1116.294,1401.58,362.41,1,8,19.524,1,8,346.863,1,8,43489.2,1,8,1854.733,1,8,38154.937,1,8,138.65,1,8,-9900,?,9,-9900,?,9,26.2,E,8,20.78,E,8,72.0,E,8,964.3861999999999,E,8,999.0,E,8,1.3,E,8,-9900,?,9,-9900,?,9,0.0,E,8,-9900,?,9,-9900,?,9,0.0,0.0,E,8
02/14/2021,11:00,1285.1,1401.58,318.8,1,8,17.625,1,8,302.641,1,8,38256.0,1,8,1674.388,1,8,33290.457,1,8,105.071,1,8,-9900,?,9,-9900,?,9,26.62,E,8,20.87,E,8,75.0,E,8,964.3861999999999,E,8,999.0,E,8,1.3,E,8,-9900,?,9,-9900,?,9,0.001,E,8,-9900,?,9,-9900,?,9,0.01,99.0,E,8
02/14/2021,12:00,1374.144,1401.58,383.06,1,8,31.197,1,8,352.474,1,8,45967.2,1,8,2963.691,1,8,38772.173,1,8,114.438,1,8,-9900,?,9,-9900,?,9,27.17,E,8,20.99,E,8,68.0,E,8,964.3861999999999,E,8,999.0,E,8,1.3,E,8,-9900,?,9,-9900,?,9,0.0,E,8,-9900,?,9,-9900,?,9,0.0,0.0,E,8
02/14/2021,13:00,1377.323,1401.58,825.12,1,8,300.963,1,8,529.369,1,8,99014.4,1,8,28591.477,1,8,58230.578,1,8,171.473,1,8,-9900,?,9,-9900,?,9,29.32,E,8,21.44,E,8,62.0,E,8,964.3861999999999,E,8,999.0,E,8,1.3,E,8,-9900,?,9,-9900,?,9,0.0,E,8,-9900,?,9,-9900,?,9,0.0,0.0,E,8
02/14/2021,14:00,1294.403,1401.58,528.88,1,8,111.855,1,8,425.584,1,8,63465.6,1,8,10626.203,1,8,46814.22,1,8,146.692,1,8,-9900,?,9,-9900,?,9,29.83,E,8,21.54,E,8,61.0,E,8,964.3861999999999,E,8,999.0,E,8,1.3,E,8,-9900,?,9,-9900,?,9,0.0,E,8,-9900,?,9,-9900,?,9,0.0,0.0,E,8
02/14/2021,15:00,1131.031,1401.58,326.01,1,8,22.412,1,8,307.927,1,8,39121.2,1,8,2129.1,1,8,33872.015,1,8,121.482,1,8,-9900,?,9,-9900,?,9,29.45,E,8,21.46,E,8,62.0,E,8,964.3861999999999,E,8,999.0,E,8,1.3,E,8,-9900,?,9,-9900,?,9,0.0,E,8,-9900,?,9,-9900,?,9,0.0,0.0,E,8
02/14/2021,16:00,898.358,1401.58,393.5,1,8,129.511,1,8,310.523,1,8,47220.0,1,8,12303.535,1,8,34157.582,1,8,154.275,1,8,-9900,?,9,-9900,?,9,29.46,E,8,21.46,E,8,62.0,E,8,964.3861999999999,E,8,999.0,E,8,1.3,E,8,-9900,?,9,-9900,?,9,0.0,E,8,-9900,?,9,-9900,?,9,0.0,0.0,E,8
02/14/2021,17:00,612.336,1401.58,254.71,1,8,124.59,1,8,200.345,1,8,30565.2,1,8,11836.063,1,8,22037.967,1,8,146.149,1,8,-9900,?,9,-9900,?,9,28.9,E,8,21.35,E,8,63.0,E,8,964.3861999999999,E,8,999.0,E,8,1.3,E,8,-9900,?,9,-9900,?,9,0.0,E,8,-9900,?,9,-9900,?,9,0.0,0.0,E,8
02/14/2021,18:00,292.97,1401.58,124.58,1,8,265.609,1,8,69.404,1,8,14949.6,1,8,25232.87,1,8,7634.435,1,8,106.347,1,8,-9900,?,9,-9900,?,9,27.95,E,8,21.15,E,8,66.0,E,8,964.3861999999999,E,8,999.0,E,8,1.3,E,8,-9900,?,9,-9900,?,9,0.0,E,8,-9900,?,9,-9900,?,9,0.0,0.0,E,8
02/14/2021,19:00,0.0,1401.58,11.34,1,8,0.0,1,8,0.0,1,8,1360.8,1,8,0.0,1,8,0.0,1,8,-0.0,1,8,-9900,?,9,-9900,?,9,26.78,E,8,20.9,E,8,75.0,E,8,964.3861999999999,E,8,999.0,E,8,1.3,E,8,-9900,?,9,-9900,?,9,0.011,E,8,-9900,?,9,-9900,?,9,0.11,99.0,E,8
02/14/2021,20:00,0.0,1401.58,0.0,1,8,0.0,1,8,0.0,1,8,0.0,1,8,0.0,1,8,0.0,1,8,-0.0,1,8,-9900,?,9,-9900,?,9,26.21,E,8,20.78,E,8,77.0,E,8,964.3861999999999,E,8,999.0,E,8,1.3,E,8,-9900,?,9,-9900,?,9,0.006,E,8,-9900,?,9,-9900,?,9,0.06,99.0,E,8
02/14/2021,21:00,0.0,1401.58,0.0,1,8,0.0,1,8,0.0,1,8,0.0,1,8,0.0,1,8,0.0,1,8,-0.0,1,8,-9900,?,9,-9900,?,9,25.64,E,8,20.66,E,8,78.0,E,8,964.3861999999999,E,8,999.0,E,8,1.3,E,8,-9900,?,9,-9900,?,9,0.023,E,8,-9900,?,9,-9900,?,9,0.23,99.0,E,8
02/14/2021,22:00,0.0,1401.58,0.0,1,8,0.0,1,8,0.0,1,8,0.0,1,8,0.0,1,8,0.0,1,8,-0.0,1,8,-9900,?,9,-9900,?,9,25.07,E,8,20.54,E,8,85.0,E,8,964.3861999999999,E,8,999.0,E,8,1.3,E,8,-9900,?,9,-9900,?,9,0.45099999999999996,E,8,-9900,?,9,-9900,?,9,4.51,99.0,E,8
02/14/2021,23:00,0.0,1401.58,0.0,1,8,0.0,1,8,0.0,1,8,0.0,1,8,0.0,1,8,0.0,1,8,-0.0,1,8,-9900,?,9,-9900,?,9,24.5,E,8,20.41,E,8,77.0,E,8,964.3861999999999,E,8,999.0,E,8,1.3,E,8,-9900,?,9,-9900,?,9,0.0,E,8,-9900,?,9,-9900,?,9,0.0,0.0,E,8
02/14/2021,24:00,0.0,1401.58,0.0,1,8,0.0,1,8,0.0,1,8,0.0,1,8,0.0,1,8,0.0,1,8,-0.0,1,8,-9900,?,9,-9900,?,9,23.93,E,8,21.05,E,8,85.0,E,8,964.3861999999999,E,8,999.0,E,8,1.11,E,8,-9900,?,9,-9900,?,9,0.007000000000000001,E,8,-9900,?,9,-9900,?,9,0.07,99.0,E,8
02/15/2021,01:00,0.0,1401.58,0.0,1,8,0.0,1,8,0.0,1,8,0.0,1,8,0.0,1,8,0.0,1,8,-0.0,1,8,-9900,?,9,-9900,?,9,23.65,E,8,20.98,E,8,86.0,E,8,964.3861999999999,E,8,999.0,E,8,1.11,E,8,-9900,?,9,-9900,?,9,0.038,E,8,-9900,?,9,-9900,?,9,0.38,99.0,E,8
02/15/2021,02:00,0.0,1401.58,0.0,1,8,0.0,1,8,0.0,1,8,0.0,1,8,0.0,1,8,0.0,1,8,-0.0,1,8,-9900,?,9,-9900,?,9,23.36,E,8,20.9,E,8,86.0,E,8,964.3861999999999,E,8,999.0,E,8,1.11,E,8,-9900,?,9,-9900,?,9,0.003,E,8,-9900,?,9,-9900,?,9,0.03,99.0,E,8
02/15/2021,03:00,0.0,1401.58,0.0,1,8,0.0,1,8,0.0,1,8,0.0,1,8,0.0,1,8,0.0,1,8,-0.0,1,8,-9900,?,9,-9900,?,9,23.08,E,8,20.83,E,8,83.0,E,8,964.3861999999999,E,8,999.0,E,8,1.11,E,8,-9900,?,9,-9900,?,9,0.0,E,8,-9900,?,9,-9900,?,9,0.0,0.0,E,8
02/15/2021,04:00,0.0,1401.01,0.0,1,8,0.0,1,8,0.0,1,8,0.0,1,8,0.0,1,8,0.0,1,8,-0.0,1,8,-9900,?,9,-9900,?,9,22.79,E,8,20.75,E,8,88.0,E,8,964.3861999999999,E,8,999.0,E,8,1.11,E,8,-9900,?,9,-9900,?,9,0.001,E,8,-9900,?,9,-9900,?,9,0.01,99.0,E,8
02/15/2021,05:00,0.0,1401.01,0.0,1,8,0.0,1,8,0.0,1,8,0.0,1,8,0.0,1,8,0.0,1,8,-0.0,1,8,-9900,?,9,-9900,?,9,22.51,E,8,20.67,E,8,85.0,E,8,964.3861999999999,E,8,999.0,E,8,1.11,E,8,-9900,?,9,-9900,?,9,0.0,E,8,-9900,?,9,-9900,?,9,0.0,0.0,E,8
02/15/2021,06:00,0.0,1401.01,0.0,1,8,0.0,1,8,0.0,1,8,0.0,1,8,0.0,1,8,0.0,1,8,-0.0,1,8,-9900,?,9,-9900,?,9,22.29,E,8,20.61,E,8,86.0,E,8,964.3861999999999,E,8,999.0,E,8,1.11,E,8,-9900,?,9,-9900,?,9,0.0,E,8,-9900,?,9,-9900,?,9,0.0,0.0,E,8
02/15/2021,07:00,267.216,1401.01,9.53,1,8,0.0,1,8,9.53,1,8,1143.6,1,8,0.0,1,8,1048.3,1,8,16.024,1,8,-9900,?,9,-9900,?,9,22.1,E,8,20.56,E,8,86.0,E,8,964.3861999999999,E,8,999.0,E,8,1.11,E,8,-9900,?,9,-9900,?,9,0.0,E,8,-9900,?,9,-9900,?,9,0.0,0.0,E,8
02/15/2021,08:00,588.024,1401.01,116.3,1,8,0.0,1,8,116.3,1,8,13956.0,1,8,0.0,1,8,12793.0,1,8,88.322,1,8,-9900,?,9,-9900,?,9,21.91,E,8,20.51,E,8,91.0,E,8,964.3861999999999,E,8,999.0,E,8,1.11,E,8,-9900,?,9,-9900,?,9,0.001,E,8,-9900,?,9,-9900,?,9,0.01,99.0,E,8
02/15/2021,09:00,877.194,1401.01,384.47,1,8,139.209,1,8,297.349,1,8,46136.4,1,8,13224.872,1,8,32708.355,1,8,151.238,1,8,-9900,?,9,-9900,?,9,25.26,E,8,21.39,E,8,76.0,E,8,964.3861999999999,E,8,999.0,E,8,1.11,E,8,-9900,?,9,-9900,?,9,0.0,E,8,-9900,?,9,-9900,?,9,0.0,0.0,E,8
02/15/2021,10:00,1114.384,1401.01,699.46,1,8,478.686,1,8,318.771,1,8,83935.2,1,8,45475.183,1,8,35064.808,1,8,127.588,1,8,-9900,?,9,-9900,?,9,27.26,E,8,21.9,E,8,71.0,E,8,964.3861999999999,E,8,999.0,E,8,1.11,E,8,-9900,?,9,-9900,?,9,0.0,E,8,-9900,?,9,-9900,?,9,0.0,0.0,E,8
02/15/2021,11:00,1283.295,1401.01,831.97,1,8,544.627,1,8,333.132,1,8,99836.4,1,8,51739.564,1,8,36644.47,1,8,115.772,1,8,-9900,?,9,-9900,?,9,28.7,E,8,22.26,E,8,67.0,E,8,964.3861999999999,E,8,999.0,E,8,1.11,E,8,-9900,?,9,-9900,?,9,0.0,E,8,-9900,?,9,-9900,?,9,0.0,0.0,E,8
02/15/2021,12:00,1372.359,1401.01,846.56,1,8,414.315,1,8,440.723,1,8,101587.2,1,8,39359.947,1,8,48479.49,1,8,143.217,1,8,-9900,?,9,-9900,?,9,29.61,E,8,22.48,E,8,65.0,E,8,964.3861999999999,E,8,999.0,E,8,1.11,E,8,-9900,?,9,-9900,?,9,0.0,E,8,-9900,?,9,-9900,?,9,0.0,0.0,E,8
02/15/2021,13:00,1375.474,1401.01,700.1,1,8,206.623,1,8,497.245,1,8,84012.0,1,8,19629.202,1,8,54696.961,1,8,161.218,1,8,-9900,?,9,-9900,?,9,29.89,E,8,22.55,E,8,64.0,E,8,964.3861999999999,E,8,999.0,E,8,1.32,E,8,-9900,?,9,-9900,?,9,0.0,E,8,-9900,?,9,-9900,?,9,0.0,0.0,E,8
02/15/2021,14:00,1292.41,1401.01,652.37,1,8,185.587,1,8,481.178,1,8,78284.4,1,8,17630.769,1,8,52929.543,1,8,166.042,1,8,-9900,?,9,-9900,?,9,29.99,E,8,22.57,E,8,64.0,E,8,964.3861999999999,E,8,999.0,E,8,1.73,E,8,-9900,?,9,-9900,?,9,0.0,E,8,-9900,?,9,-9900,?,9,0.0,0.0,E,8
02/15/2021,15:00,1128.822,1401.01,386.46,1,8,61.257,1,8,337.112,1,8,46375.2,1,8,5819.372,1,8,37082.344,1,8,133.202,1,8,-9900,?,9,-9900,?,9,29.37,E,8,22.42,E,8,65.0,E,8,964.3861999999999,E,8,999.0,E,8,1.97,E,8,-9900,?,9,-9900,?,9,0.0,E,8,-9900,?,9,-9900,?,9,0.0,0.0,E,8
02/15/2021,16:00,895.879,1401.01,541.58,1,8,419.891,1,8,273.194,1,8,64989.6,1,8,39889.611,1,8,30051.337,1,8,136.05,1,8,-9900,?,9,-9900,?,9,29.28,E,8,22.4,E,8,66.0,E,8,964.3861999999999,E,8,999.0,E,8,2.8,E,8,-9900,?,9,-9900,?,9,0.0,E,8,-9900,?,9,-9900,?,9,0.0,0.0,E,8
02/15/2021,17:00,609.55,1401.01,310.79,1,8,279.991,1,8,189.124,1,8,37294.8,1,8,26599.135,1,8,20803.64,1,8,138.539,1,8,-9900,?,9,-9900,?,9,28.69,E,8,22.26,E,8,71.0,E,8,964.3861999999999,E,8,999.0,E,8,2.2,E,8,-9900,?,9,-9900,?,9,0.016,E,8,-9900,?,9,-9900,?,9,0.16,99.0,E,8
02/15/2021,18:00,289.874,1401.01,184.43,1,8,426.053,1,8,96.835,1,8,22131.6,1,8,40475.033,1,8,10651.89,1,8,149.924,1,8,-9900,?,9,-9900,?,9,27.94,E,8,22.07,E,8,73.0,E,8,964.3861999999999,E,8,999.0,E,8,1.11,E,8,-9900,?,9,-9900,?,9,0.024,E,8,-9900,?,9,-9900,?,9,0.24,99.0,E,8
02/15/2021,19:00,0.0,1401.01,29.22,1,8,0.0,1,8,0.0,1,8,3506.4,1,8,0.0,1,8,0.0,1,8,-0.0,1,8,-9900,?,9,-9900,?,9,27.02,E,8,21.84,E,8,76.0,E,8,964.3861999999999,E,8,999.0,E,8,1.12,E,8,-9900,?,9,-9900,?,9,0.004,E,8,-9900,?,9,-9900,?,9,0.04,99.0,E,8
02/15/2021,20:00,0.0,1401.01,0.0,1,8,0.0,1,8,0.0,1,8,0.0,1,8,0.0,1,8,0.0,1,8,-0.0,1,8,-9900,?,9,-9900,?,9,26.38,E,8,21.68,E,8,86.0,E,8,964.3861999999999,E,8,999.0,E,8,1.11,E,8,-9900,?,9,-9900,?,9,1.124,E,8,-9900,?,9,-9900,?,9,11.24,99.0,E,8
02/15/2021,21:00,0.0,1401.01,0.0,1,8,0.0,1,8,0.0,1,8,0.0,1,8,0.0,1,8,0.0,1,8,-0.0,1,8,-9900,?,9,-9900,?,9,25.74,E,8,21.52,E,8,79.0,E,8,964.3861999999999,E,8,999.0,E,8,1.11,E,8,-9900,?,9,-9900,?,9,0.071,E,8,-9900,?,9,-9900,?,9,0.71,99.0,E,8
02/15/2021,22:00,0.0,1401.01,0.0,1,8,0.0,1,8,0.0,1,8,0.0,1,8,0.0,1,8,0.0,1,8,-0.0,1,8,-9900,?,9,-9900,?,9,25.1,E,8,21.35,E,8,81.0,E,8,964.3861999999999,E,8,999.0,E,8,1.11,E,8,-9900,?,9,-9900,?,9,0.011,E,8,-9900,?,9,-9900,?,9,0.11,99.0,E,8
02/15/2021,23:00,0.0,1401.01,0.0,1,8,0.0,1,8,0.0,1,8,0.0,1,8,0.0,1,8,0.0,1,8,-0.0,1,8,-9900,?,9,-9900,?,9,24.46,E,8,21.19,E,8,79.0,E,8,964.3861999999999,E,8,999.0,E,8,1.11,E,8,-9900,?,9,-9900,?,9,0.0,E,8,-9900,?,9,-9900,?,9,0.0,0.0,E,8
02/15/2021,24:00,0.0,1401.01,0.0,1,8,0.0,1,8,0.0,1,8,0.0,1,8,0.0,1,8,0.0,1,8,-0.0,1,8,-9900,?,9,-9900,?,9,23.82,E,8,20.83,E,8,83.0,E,8,964.3861999999999,E,8,999.0,E,8,1.08,E,8,-9900,?,9,-9900,?,9,0.0,E,8,-9900,?,9,-9900,?,9,0.0,0.0,E,8
02/16/2021,01:00,0.0,1401.01,0.0,1,8,0.0,1,8,0.0,1,8,0.0,1,8,0.0,1,8,0.0,1,8,-0.0,1,8,-9900,?,9,-9900,?,9,23.51,E,8,20.76,E,8,84.0,E,8,964.3861999999999,E,8,999.0,E,8,1.08,E,8,-9900,?,9,-9900,?,9,0.0,E,8,-9900,?,9,-9900,?,9,0.0,0.0,E,8
02/16/2021,02:00,0.0,1401.01,0.0,1,8,0.0,1,8,0.0,1,8,0.0,1,8,0.0,1,8,0.0,1,8,-0.0,1,8,-9900,?,9,-9900,?,9,23.19,E,8,20.7,E,8,85.0,E,8,964.3861999999999,E,8,999.0,E,8,1.08,E,8,-9900,?,9,-9900,?,9,0.0,E,8,-9900,?,9,-9900,?,9,0.0,0.0,E,8
02/16/2021,03:00,0.0,1401.01,0.0,1,8,0.0,1,8,0.0,1,8,0.0,1,8,0.0,1,8,0.0,1,8,-0.0,1,8,-9900,?,9,-9900,?,9,22.87,E,8,20.63,E,8,87.0,E,8,964.3861999999999,E,8,999.0,E,8,1.08,E,8,-9900,?,9,-9900,?,9,0.0,E,8,-9900,?,9,-9900,?,9,0.0,0.0,E,8
02/16/2021,04:00,0.0,1400.43,0.0,1,8,0.0,1,8,0.0,1,8,0.0,1,8,0.0,1,8,0.0,1,8,-0.0,1,8,-9900,?,9,-9900,?,9,22.55,E,8,20.56,E,8,88.0,E,8,964.3861999999999,E,8,999.0,E,8,1.08,E,8,-9900,?,9,-9900,?,9,0.0,E,8,-9900,?,9,-9900,?,9,0.0,0.0,E,8
02/16/2021,05:00,0.0,1400.43,0.0,1,8,0.0,1,8,0.0,1,8,0.0,1,8,0.0,1,8,0.0,1,8,-0.0,1,8,-9900,?,9,-9900,?,9,22.23,E,8,20.49,E,8,89.0,E,8,964.3861999999999,E,8,999.0,E,8,1.08,E,8,-9900,?,9,-9900,?,9,0.0,E,8,-9900,?,9,-9900,?,9,0.0,0.0,E,8
02/16/2021,06:00,0.0,1400.43,0.0,1,8,0.0,1,8,0.0,1,8,0.0,1,8,0.0,1,8,0.0,1,8,-0.0,1,8,-9900,?,9,-9900,?,9,21.98,E,8,20.44,E,8,90.0,E,8,964.3861999999999,E,8,999.0,E,8,1.08,E,8,-9900,?,9,-9900,?,9,0.0,E,8,-9900,?,9,-9900,?,9,0.0,0.0,E,8
02/16/2021,07:00,264.636,1400.43,9.61,1,8,0.0,1,8,9.61,1,8,1153.2,1,8,0.0,1,8,1057.1,1,8,16.311,1,8,-9900,?,9,-9900,?,9,21.77,E,8,20.39,E,8,91.0,E,8,964.3861999999999,E,8,999.0,E,8,1.08,E,8,-9900,?,9,-9900,?,9,0.0,E,8,-9900,?,9,-9900,?,9,0.0,0.0,E,8
02/16/2021,08:00,585.707,1400.43,174.48,1,8,32.901,1,8,160.739,1,8,20937.6,1,8,3125.584,1,8,17681.252,1,8,122.504,1,8,-9900,?,9,-9900,?,9,21.56,E,8,20.35,E,8,92.0,E,8,964.3861999999999,E,8,999.0,E,8,1.08,E,8,-9900,?,9,-9900,?,9,0.0,E,8,-9900,?,9,-9900,?,9,0.0,0.0,E,8
02/16/2021,09:00,875.102,1400.43,189.37,1,8,18.846,1,8,177.599,1,8,22724.4,1,8,1790.348,1,8,19535.893,1,8,90.509,1,8,-9900,?,9,-9900,?,9,24.45,E,8,20.96,E,8,80.0,E,8,964.3861999999999,E,8,999.0,E,8,1.33,E,8,-9900,?,9,-9900,?,9,0.0,E,8,-9900,?,9,-9900,?,9,0.0,0.0,E,8
02/16/2021,10:00,1112.453,1400.43,397.93,1,8,48.198,1,8,359.65,1,8,47751.6,1,8,4578.826,1,8,39561.458,1,8,144.14,1,8,-9900,?,9,-9900,?,9,25.6,E,8,21.2,E,8,76.0,E,8,964.3861999999999,E,8,999.0,E,8,1.4,E,8,-9900,?,9,-9900,?,9,0.0,E,8,-9900,?,9,-9900,?,9,0.0,0.0,E,8
02/16/2021,11:00,1281.448,1400.43,531.73,1,8,84.827,1,8,454.115,1,8,63807.6,1,8,8058.544,1,8,49952.609,1,8,157.98,1,8,-9900,?,9,-9900,?,9,26.71,E,8,21.43,E,8,72.0,E,8,964.3861999999999,E,8,999.0,E,8,1.51,E,8,-9900,?,9,-9900,?,9,0.0,E,8,-9900,?,9,-9900,?,9,0.0,0.0,E,8
02/16/2021,12:00,1370.513,1400.43,727.89,1,8,305.489,1,8,428.931,1,8,87346.8,1,8,29021.482,1,8,47182.374,1,8,139.515,1,8,-9900,?,9,-9900,?,9,27.99,E,8,21.68,E,8,68.0,E,8,964.3861999999999,E,8,999.0,E,8,2.02,E,8,-9900,?,9,-9900,?,9,0.0,E,8,-9900,?,9,-9900,?,9,0.0,0.0,E,8
02/16/2021,13:00,1373.546,1400.43,998.98,1,8,598.21,1,8,412.26,1,8,119877.6,1,8,56829.995,1,8,45348.613,1,8,133.796,1,8,-9900,?,9,-9900,?,9,29.57,E,8,22.0,E,8,63.0,E,8,964.3861999999999,E,8,999.0,E,8,1.37,E,8,-9900,?,9,-9900,?,9,0.0,E,8,-9900,?,9,-9900,?,9,0.0,0.0,E,8
02/16/2021,14:00,1290.322,1400.43,611.04,1,8,143.571,1,8,478.764,1,8,73324.8,1,8,13639.275,1,8,52664.018,1,8,165.408,1,8,-9900,?,9,-9900,?,9,29.82,E,8,22.05,E,8,63.0,E,8,964.3861999999999,E,8,999.0,E,8,2.29,E,8,-9900,?,9,-9900,?,9,0.0,E,8,-9900,?,9,-9900,?,9,0.0,0.0,E,8
02/16/2021,15:00,1126.508,1400.43,538.78,1,8,194.683,1,8,382.202,1,8,64653.6,1,8,18494.871,1,8,42042.208,1,8,151.265,1,8,-9900,?,9,-9900,?,9,29.86,E,8,22.05,E,8,63.0,E,8,964.3861999999999,E,8,999.0,E,8,1.46,E,8,-9900,?,9,-9900,?,9,0.0,E,8,-9900,?,9,-9900,?,9,0.0,0.0,E,8
02/16/2021,16:00,893.289,1400.43,691.64,1,8,663.474,1,8,268.612,1,8,82996.8,1,8,63030.025,1,8,29547.363,1,8,134.101,1,8,-9900,?,9,-9900,?,9,30.16,E,8,22.11,E,8,62.0,E,8,964.3861999999999,E,8,999.0,E,8,1.91,E,8,-9900,?,9,-9900,?,9,0.0,E,8,-9900,?,9,-9900,?,9,0.0,0.0,E,8
02/16/2021,17:00,606.655,1400.43,497.7,1,8,778.507,1,8,160.883,1,8,59724.0,1,8,73958.207,1,8,17697.115,1,8,118.366,1,8,-9900,?,9,-9900,?,9,30.04,E,8,22.09,E,8,62.0,E,8,964.3861999999999,E,8,999.0,E,8,1.57,E,8,-9900,?,9,-9900,?,9,0.0,E,8,-9900,?,9,-9900,?,9,0.0,0.0,E,8
02/16/2021,18:00,286.674,1400.43,396.02,1,8,458.241,1,8,302.822,1,8,47522.4,1,8,43532.86,1,8,33310.406,1,8,473.94,1,8,-9900,?,9,-9900,?,9,29.7,E,8,22.02,E,8,63.0,E,8,964.3861999999999,E,8,999.0,E,8,1.08,E,8,-9900,?,9,-9900,?,9,0.0,E,8,-9900,?,9,-9900,?,9,0.0,0.0,E,8
02/16/2021,19:00,0.0,1400.43,64.09,1,8,0.0,1,8,0.0,1,8,7690.8,1,8,0.0,1,8,0.0,1,8,-0.0,1,8,-9900,?,9,-9900,?,9,28.85,E,8,21.85,E,8,65.0,E,8,964.3861999999999,E,8,999.0,E,8,1.08,E,8,-9900,?,9,-9900,?,9,0.0,E,8,-9900,?,9,-9900,?,9,0.0,0.0,E,8
02/16/2021,20:00,0.0,1400.43,0.0,1,8,0.0,1,8,0.0,1,8,0.0,1,8,0.0,1,8,0.0,1,8,-0.0,1,8,-9900,?,9,-9900,?,9,28.0,E,8,21.69,E,8,68.0,E,8,964.3861999999999,E,8,999.0,E,8,1.08,E,8,-9900,?,9,-9900,?,9,0.0,E,8,-9900,?,9,-9900,?,9,0.0,0.0,E,8
02/16/2021,21:00,0.0,1400.43,0.0,1,8,0.0,1,8,0.0,1,8,0.0,1,8,0.0,1,8,0.0,1,8,-0.0,1,8,-9900,?,9,-9900,?,9,27.15,E,8,21.51,E,8,71.0,E,8,964.3861999999999,E,8,999.0,E,8,1.08,E,8,-9900,?,9,-9900,?,9,0.0,E,8,-9900,?,9,-9900,?,9,0.0,0.0,E,8
02/16/2021,22:00,0.0,1400.43,0.0,1,8,0.0,1,8,0.0,1,8,0.0,1,8,0.0,1,8,0.0,1,8,-0.0,1,8,-9900,?,9,-9900,?,9,26.29,E,8,21.34,E,8,74.0,E,8,964.3861999999999,E,8,999.0,E,8,1.08,E,8,-9900,?,9,-9900,?,9,0.0,E,8,-9900,?,9,-9900,?,9,0.0,0.0,E,8
02/16/2021,23:00,0.0,1400.43,0.0,1,8,0.0,1,8,0.0,1,8,0.0,1,8,0.0,1,8,0.0,1,8,-0.0,1,8,-9900,?,9,-9900,?,9,25.44,E,8,21.17,E,8,77.0,E,8,964.3861999999999,E,8,999.0,E,8,1.08,E,8,-9900,?,9,-9900,?,9,0.0,E,8,-9900,?,9,-9900,?,9,0.0,0.0,E,8
02/16/2021,24:00,0.0,1400.43,0.0,1,8,0.0,1,8,0.0,1,8,0.0,1,8,0.0,1,8,0.0,1,8,-0.0,1,8,-9900,?,9,-9900,?,9,24.59,E,8,18.91,E,8,70.0,E,8,964.3861999999999,E,8,999.0,E,8,1.3,E,8,-9900,?,9,-9900,?,9,0.0,E,8,-9900,?,9,-9900,?,9,0.0,0.0,E,8
02/17/2021,01:00,0.0,1400.43,0.0,1,8,0.0,1,8,0.0,1,8,0.0,1,8,0.0,1,8,0.0,1,8,-0.0,1,8,-9900,?,9,-9900,?,9,24.17,E,8,18.87,E,8,72.0,E,8,964.3861999999999,E,8,999.0,E,8,1.3,E,8,-9900,?,9,-9900,?,9,0.0,E,8,-9900,?,9,-9900,?,9,0.0,0.0,E,8
02/17/2021,02:00,0.0,1400.43,0.0,1,8,0.0,1,8,0.0,1,8,0.0,1,8,0.0,1,8,0.0,1,8,-0.0,1,8,-9900,?,9,-9900,?,9,23.74,E,8,18.83,E,8,74.0,E,8,964.3861999999999,E,8,999.0,E,8,1.3,E,8,-9900,?,9,-9900,?,9,0.0,E,8,-9900,?,9,-9900,?,9,0.0,0.0,E,8
02/17/2021,03:00,0.0,1400.43,0.0,1,8,0.0,1,8,0.0,1,8,0.0,1,8,0.0,1,8,0.0,1,8,-0.0,1,8,-9900,?,9,-9900,?,9,23.32,E,8,18.79,E,8,75.0,E,8,964.3861999999999,E,8,999.0,E,8,1.3,E,8,-9900,?,9,-9900,?,9,0.0,E,8,-9900,?,9,-9900,?,9,0.0,0.0,E,8
02/17/2021,04:00,0.0,1399.839,0.0,1,8,0.0,1,8,0.0,1,8,0.0,1,8,0.0,1,8,0.0,1,8,-0.0,1,8,-9900,?,9,-9900,?,9,22.89,E,8,18.75,E,8,77.0,E,8,964.3861999999999,E,8,999.0,E,8,1.3,E,8,-9900,?,9,-9900,?,9,0.0,E,8,-9900,?,9,-9900,?,9,0.0,0.0,E,8
02/17/2021,05:00,0.0,1399.839,0.0,1,8,0.0,1,8,0.0,1,8,0.0,1,8,0.0,1,8,0.0,1,8,-0.0,1,8,-9900,?,9,-9900,?,9,22.47,E,8,18.71,E,8,79.0,E,8,964.3861999999999,E,8,999.0,E,8,1.3,E,8,-9900,?,9,-9900,?,9,0.0,E,8,-9900,?,9,-9900,?,9,0.0,0.0,E,8
02/17/2021,06:00,0.0,1399.839,0.0,1,8,0.0,1,8,0.0,1,8,0.0,1,8,0.0,1,8,0.0,1,8,-0.0,1,8,-9900,?,9,-9900,?,9,22.14,E,8,18.67,E,8,80.0,E,8,964.3861999999999,E,8,999.0,E,8,1.3,E,8,-9900,?,9,-9900,?,9,0.0,E,8,-9900,?,9,-9900,?,9,0.0,0.0,E,8
02/17/2021,07:00,262.087,1399.839,13.45,1,8,0.0,1,8,13.45,1,8,1614.0,1,8,0.0,1,8,1479.5,1,8,23.045,1,8,-9900,?,9,-9900,?,9,21.86,E,8,18.65,E,8,81.0,E,8,964.3861999999999,E,8,999.0,E,8,1.3,E,8,-9900,?,9,-9900,?,9,0.0,E,8,-9900,?,9,-9900,?,9,0.0,0.0,E,8
02/17/2021,08:00,583.407,1399.839,222.15,1,8,109.399,1,8,176.619,1,8,26658.0,1,8,10392.922,1,8,19428.117,1,8,135.082,1,8,-9900,?,9,-9900,?,9,21.58,E,8,18.62,E,8,83.0,E,8,964.3861999999999,E,8,999.0,E,8,1.3,E,8,-9900,?,9,-9900,?,9,0.0,E,8,-9900,?,9,-9900,?,9,0.0,0.0,E,8
02/17/2021,09:00,873.009,1399.839,473.07,1,8,301.399,1,8,285.189,1,8,56768.4,1,8,28632.941,1,8,31370.804,1,8,145.627,1,8,-9900,?,9,-9900,?,9,25.98,E,8,19.04,E,8,65.0,E,8,964.3861999999999,E,8,999.0,E,8,1.3,E,8,-9900,?,9,-9900,?,9,0.0,E,8,-9900,?,9,-9900,?,9,0.0,0.0,E,8
02/17/2021,10:00,1110.5,1399.839,697.15,1,8,490.771,1,8,307.886,1,8,83658.0,1,8,46623.214,1,8,33867.5,1,8,123.559,1,8,-9900,?,9,-9900,?,9,27.46,E,8,19.18,E,8,60.0,E,8,964.3861999999999,E,8,999.0,E,8,1.3,E,8,-9900,?,9,-9900,?,9,0.0,E,8,-9900,?,9,-9900,?,9,0.0,0.0,E,8
02/17/2021,11:00,1279.558,1399.839,870.92,1,8,586.067,1,8,335.242,1,8,104510.4,1,8,55676.382,1,8,36876.59,1,8,116.749,1,8,-9900,?,9,-9900,?,9,28.74,E,8,19.31,E,8,56.0,E,8,964.3861999999999,E,8,999.0,E,8,1.3,E,8,-9900,?,9,-9900,?,9,0.0,E,8,-9900,?,9,-9900,?,9,0.0,0.0,E,8
02/17/2021,12:00,1368.604,1399.839,988.32,1,8,641.031,1,8,361.602,1,8,118598.4,1,8,60897.898,1,8,39776.19,1,8,117.73,1,8,-9900,?,9,-9900,?,9,29.81,E,8,19.41,E,8,53.0,E,8,964.3861999999999,E,8,999.0,E,8,1.3,E,8,-9900,?,9,-9900,?,9,0.0,E,8,-9900,?,9,-9900,?,9,0.0,0.0,E,8
02/17/2021,13:00,1371.537,1399.839,1031.84,1,8,776.916,1,8,270.641,1,8,123820.8,1,8,73807.03,1,8,29770.524,1,8,87.927,1,8,-9900,?,9,-9900,?,9,30.62,E,8,19.48,E,8,51.0,E,8,964.3861999999999,E,8,999.0,E,8,1.3,E,8,-9900,?,9,-9900,?,9,0.0,E,8,-9900,?,9,-9900,?,9,0.0,0.0,E,8
02/17/2021,14:00,1288.139,1399.839,1003.1,1,8,908.628,1,8,167.021,1,8,120372.0,1,8,86319.62,1,8,18372.289,1,8,57.778,1,8,-9900,?,9,-9900,?,9,31.14,E,8,19.53,E,8,50.0,E,8,964.3861999999999,E,8,999.0,E,8,1.3,E,8,-9900,?,9,-9900,?,9,0.0,E,8,-9900,?,9,-9900,?,9,0.0,0.0,E,8
02/17/2021,15:00,1124.09,1399.839,903.53,1,8,777.501,1,8,279.288,1,8,108423.6,1,8,73862.574,1,8,30721.626,1,8,110.726,1,8,-9900,?,9,-9900,?,9,31.38,E,8,19.55,E,8,49.0,E,8,964.3861999999999,E,8,999.0,E,8,1.3,E,8,-9900,?,9,-9900,?,9,0.0,E,8,-9900,?,9,-9900,?,9,0.0,0.0,E,8
02/17/2021,16:00,890.59,1399.839,735.28,1,8,808.721,1,8,220.986,1,8,88233.6,1,8,76828.537,1,8,24308.505,1,8,110.612,1,8,-9900,?,9,-9900,?,9,31.29,E,8,19.54,E,8,49.0,E,8,964.3861999999999,E,8,999.0,E,8,1.3,E,8,-9900,?,9,-9900,?,9,0.0,E,8,-9900,?,9,-9900,?,9,0.0,0.0,E,8
02/17/2021,17:00,603.65,1399.839,513.67,1,8,821.696,1,8,159.784,1,8,61640.4,1,8,78061.146,1,8,17576.207,1,8,118.095,1,8,-9900,?,9,-9900,?,9,30.74,E,8,19.49,E,8,51.0,E,8,964.3861999999999,E,8,999.0,E,8,1.3,E,8,-9900,?,9,-9900,?,9,0.0,E,8,-9900,?,9,-9900,?,9,0.0,0.0,E,8
02/17/2021,18:00,283.373,1399.839,253.89,1,8,622.177,1,8,128.773,1,8,30466.8,1,8,59106.794,1,8,14165.027,1,8,203.832,1,8,-9900,?,9,-9900,?,9,29.78,E,8,19.4,E,8,53.0,E,8,964.3861999999999,E,8,999.0,E,8,1.3,E,8,-9900,?,9,-9900,?,9,0.0,E,8,-9900,?,9,-9900,?,9,0.0,0.0,E,8
02/17/2021,19:00,0.0,1399.839,24.32,1,8,0.0,1,8,0.0,1,8,2918.4,1,8,0.0,1,8,0.0,1,8,-0.0,1,8,-9900,?,9,-9900,?,9,28.92,E,8,19.32,E,8,56.0,E,8,964.3861999999999,E,8,999.0,E,8,1.3,E,8,-9900,?,9,-9900,?,9,0.0,E,8,-9900,?,9,-9900,?,9,0.0,0.0,E,8
02/17/2021,20:00,0.0,1399.839,0.0,1,8,0.0,1,8,0.0,1,8,0.0,1,8,0.0,1,8,0.0,1,8,-0.0,1,8,-9900,?,9,-9900,?,9,28.06,E,8,19.24,E,8,58.0,E,8,964.3861999999999,E,8,999.0,E,8,1.3,E,8,-9900,?,9,-9900,?,9,0.0,E,8,-9900,?,9,-9900,?,9,0.0,0.0,E,8
02/17/2021,21:00,0.0,1399.839,0.0,1,8,0.0,1,8,0.0,1,8,0.0,1,8,0.0,1,8,0.0,1,8,-0.0,1,8,-9900,?,9,-9900,?,9,27.2,E,8,19.16,E,8,61.0,E,8,964.3861999999999,E,8,999.0,E,8,1.3,E,8,-9900,?,9,-9900,?,9,0.0,E,8,-9900,?,9,-9900,?,9,0.0,0.0,E,8
02/17/2021,22:00,0.0,1399.839,0.0,1,8,0.0,1,8,0.0,1,8,0.0,1,8,0.0,1,8,0.0,1,8,-0.0,1,8,-9900,?,9,-9900,?,9,26.34,E,8,19.08,E,8,64.0,E,8,964.3861999999999,E,8,999.0,E,8,1.3,E,8,-9900,?,9,-9900,?,9,0.0,E,8,-9900,?,9,-9900,?,9,0.0,0.0,E,8
02/17/2021,23:00,0.0,1399.839,0.0,1,8,0.0,1,8,0.0,1,8,0.0,1,8,0.0,1,8,0.0,1,8,-0.0,1,8,-9900,?,9,-9900,?,9,25.48,E,8,19.0,E,8,67.0,E,8,964.3861999999999,E,8,999.0,E,8,1.3,E,8,-9900,?,9,-9900,?,9,0.0,E,8,-9900,?,9,-9900,?,9,0.0,0.0,E,8
02/17/2021,24:00,0.0,1399.839,0.0,1,8,0.0,1,8,0.0,1,8,0.0,1,8,0.0,1,8,0.0,1,8,-0.0,1,8,-9900,?,9,-9900,?,9,24.62,E,8,19.83,E,8,74.0,E,8,964.3861999999999,E,8,999.0,E,8,0.74,E,8,-9900,?,9,-9900,?,9,0.0,E,8,-9900,?,9,-9900,?,9,0.0,0.0,E,8
02/18/2021,01:00,0.0,1399.839,0.0,1,8,0.0,1,8,0.0,1,8,0.0,1,8,0.0,1,8,0.0,1,8,-0.0,1,8,-9900,?,9,-9900,?,9,24.19,E,8,19.73,E,8,76.0,E,8,964.3861999999999,E,8,999.0,E,8,0.74,E,8,-9900,?,9,-9900,?,9,0.0,E,8,-9900,?,9,-9900,?,9,0.0,0.0,E,8
02/18/2021,02:00,0.0,1399.839,0.0,1,8,0.0,1,8,0.0,1,8,0.0,1,8,0.0,1,8,0.0,1,8,-0.0,1,8,-9900,?,9,-9900,?,9,23.76,E,8,19.64,E,8,77.0,E,8,964.3861999999999,E,8,999.0,E,8,0.74,E,8,-9900,?,9,-9900,?,9,0.0,E,8,-9900,?,9,-9900,?,9,0.0,0.0,E,8
02/18/2021,03:00,0.0,1399.839,0.0,1,8,0.0,1,8,0.0,1,8,0.0,1,8,0.0,1,8,0.0,1,8,-0.0,1,8,-9900,?,9,-9900,?,9,23.33,E,8,19.54,E,8,79.0,E,8,964.3861999999999,E,8,999.0,E,8,0.74,E,8,-9900,?,9,-9900,?,9,0.0,E,8,-9900,?,9,-9900,?,9,0.0,0.0,E,8
02/18/2021,04:00,0.0,1399.239,0.0,1,8,0.0,1,8,0.0,1,8,0.0,1,8,0.0,1,8,0.0,1,8,-0.0,1,8,-9900,?,9,-9900,?,9,22.9,E,8,19.44,E,8,80.0,E,8,964.3861999999999,E,8,999.0,E,8,0.74,E,8,-9900,?,9,-9900,?,9,0.0,E,8,-9900,?,9,-9900,?,9,0.0,0.0,E,8
02/18/2021,05:00,0.0,1399.239,0.0,1,8,0.0,1,8,0.0,1,8,0.0,1,8,0.0,1,8,0.0,1,8,-0.0,1,8,-9900,?,9,-9900,?,9,22.47,E,8,19.35,E,8,82.0,E,8,964.3861999999999,E,8,999.0,E,8,0.74,E,8,-9900,?,9,-9900,?,9,0.0,E,8,-9900,?,9,-9900,?,9,0.0,0.0,E,8
02/18/2021,06:00,0.0,1399.239,0.0,1,8,0.0,1,8,0.0,1,8,0.0,1,8,0.0,1,8,0.0,1,8,-0.0,1,8,-9900,?,9,-9900,?,9,22.14,E,8,19.27,E,8,83.0,E,8,964.3861999999999,E,8,999.0,E,8,0.74,E,8,-9900,?,9,-9900,?,9,0.0,E,8,-9900,?,9,-9900,?,9,0.0,0.0,E,8
02/18/2021,07:00,259.571,1399.239,9.93,1,8,0.0,1,8,9.93,1,8,1191.6,1,8,0.0,1,8,1092.3,1,8,17.174,1,8,-9900,?,9,-9900,?,9,21.86,E,8,19.2,E,8,84.0,E,8,964.3861999999999,E,8,999.0,E,8,0.74,E,8,-9900,?,9,-9900,?,9,0.0,E,8,-9900,?,9,-9900,?,9,0.0,0.0,E,8
02/18/2021,08:00,581.123,1399.239,201.59,1,8,76.459,1,8,169.88,1,8,24190.8,1,8,7263.581,1,8,18686.804,1,8,130.384,1,8,-9900,?,9,-9900,?,9,21.57,E,8,19.14,E,8,86.0,E,8,964.3861999999999,E,8,999.0,E,8,0.83,E,8,-9900,?,9,-9900,?,9,0.0,E,8,-9900,?,9,-9900,?,9,0.0,0.0,E,8
02/18/2021,09:00,870.913,1399.239,421.36,1,8,195.987,1,8,299.43,1,8,50563.2,1,8,18618.771,1,8,32937.35,1,8,153.202,1,8,-9900,?,9,-9900,?,9,25.61,E,8,20.05,E,8,71.0,E,8,964.3861999999999,E,8,999.0,E,8,1.44,E,8,-9900,?,9,-9900,?,9,0.0,E,8,-9900,?,9,-9900,?,9,0.0,0.0,E,8
02/18/2021,10:00,1108.525,1399.239,660.45,1,8,377.629,1,8,361.332,1,8,79254.0,1,8,35874.77,1,8,39746.468,1,8,145.204,1,8,-9900,?,9,-9900,?,9,27.12,E,8,20.38,E,8,66.0,E,8,964.3861999999999,E,8,999.0,E,8,2.3,E,8,-9900,?,9,-9900,?,9,0.0,E,8,-9900,?,9,-9900,?,9,0.0,0.0,E,8
02/18/2021,11:00,1277.624,1399.239,840.16,1,8,561.076,1,8,327.88,1,8,100819.2,1,8,53302.201,1,8,36066.795,1,8,114.309,1,8,-9900,?,9,-9900,?,9,28.46,E,8,20.66,E,8,62.0,E,8,964.3861999999999,E,8,999.0,E,8,2.3,E,8,-9900,?,9,-9900,?,9,0.0,E,8,-9900,?,9,-9900,?,9,0.0,0.0,E,8
02/18/2021,12:00,1366.631,1399.239,883.03,1,8,496.883,1,8,397.733,1,8,105963.6,1,8,47203.885,1,8,43750.642,1,8,129.625,1,8,-9900,?,9,-9900,?,9,29.37,E,8,20.86,E,8,60.0,E,8,964.3861999999999,E,8,999.0,E,8,2.64,E,8,-9900,?,9,-9900,?,9,0.0,E,8,-9900,?,9,-9900,?,9,0.0,0.0,E,8
02/18/2021,13:00,1369.447,1399.239,972.08,1,8,574.788,1,8,409.537,1,8,116649.6,1,8,54604.843,1,8,45049.122,1,8,133.197,1,8,-9900,?,9,-9900,?,9,30.17,E,8,21.02,E,8,58.0,E,8,964.3861999999999,E,8,999.0,E,8,2.26,E,8,-9900,?,9,-9900,?,9,0.0,E,8,-9900,?,9,-9900,?,9,0.0,0.0,E,8
02/18/2021,14:00,1285.862,1399.239,822.94,1,8,510.269,1,8,354.043,1,8,98752.8,1,8,48475.516,1,8,38944.701,1,8,122.639,1,8,-9900,?,9,-9900,?,9,30.47,E,8,21.09,E,8,57.0,E,8,964.3861999999999,E,8,999.0,E,8,2.15,E,8,-9900,?,9,-9900,?,9,0.0,E,8,-9900,?,9,-9900,?,9,0.0,0.0,E,8
02/18/2021,15:00,1121.567,1399.239,689.17,1,8,441.971,1,8,334.964,1,8,82700.4,1,8,41987.265,1,8,36845.998,1,8,133.041,1,8,-9900,?,9,-9900,?,9,30.47,E,8,21.09,E,8,57.0,E,8,964.3861999999999,E,8,999.0,E,8,1.9,E,8,-9900,?,9,-9900,?,9,0.0,E,8,-9900,?,9,-9900,?,9,0.0,0.0,E,8
02/18/2021,16:00,887.782,1399.239,576.12,1,8,586.687,1,8,204.044,1,8,69134.4,1,8,55735.235,1,8,22444.833,1,8,102.411,1,8,-9900,?,9,-9900,?,9,30.2,E,8,21.03,E,8,58.0,E,8,964.3861999999999,E,8,999.0,E,8,1.63,E,8,-9900,?,9,-9900,?,9,0.0,E,8,-9900,?,9,-9900,?,9,0.0,0.0,E,8
02/18/2021,17:00,600.539,1399.239,422.55,1,8,645.406,1,8,145.906,1,8,50706.0,1,8,61313.551,1,8,16049.685,1,8,108.352,1,8,-9900,?,9,-9900,?,9,29.65,E,8,20.92,E,8,59.0,E,8,964.3861999999999,E,8,999.0,E,8,1.15,E,8,-9900,?,9,-9900,?,9,0.0,E,8,-9900,?,9,-9900,?,9,0.0,0.0,E,8
02/18/2021,18:00,279.972,1399.239,222.53,1,8,422.619,1,8,138.54,1,8,26703.6,1,8,40148.81,1,8,15239.433,1,8,221.896,1,8,-9900,?,9,-9900,?,9,28.8,E,8,20.74,E,8,61.0,E,8,964.3861999999999,E,8,999.0,E,8,0.74,E,8,-9900,?,9,-9900,?,9,0.0,E,8,-9900,?,9,-9900,?,9,0.0,0.0,E,8
02/18/2021,19:00,0.0,1399.239,16.15,1,8,0.0,1,8,0.0,1,8,1938.0,1,8,0.0,1,8,0.0,1,8,-0.0,1,8,-9900,?,9,-9900,?,9,27.9,E,8,20.55,E,8,64.0,E,8,964.3861999999999,E,8,999.0,E,8,1.01,E,8,-9900,?,9,-9900,?,9,0.0,E,8,-9900,?,9,-9900,?,9,0.0,0.0,E,8
02/18/2021,20:00,0.0,1399.239,0.0,1,8,0.0,1,8,0.0,1,8,0.0,1,8,0.0,1,8,0.0,1,8,-0.0,1,8,-9900,?,9,-9900,?,9,27.01,E,8,20.35,E,8,66.0,E,8,964.3861999999999,E,8,999.0,E,8,1.04,E,8,-9900,?,9,-9900,?,9,0.0,E,8,-9900,?,9,-9900,?,9,0.0,0.0,E,8
02/18/2021,21:00,0.0,1399.239,0.0,1,8,0.0,1,8,0.0,1,8,0.0,1,8,0.0,1,8,0.0,1,8,-0.0,1,8,-9900,?,9,-9900,?,9,26.12,E,8,20.16,E,8,69.0,E,8,964.3861999999999,E,8,999.0,E,8,0.99,E,8,-9900,?,9,-9900,?,9,0.0,E,8,-9900,?,9,-9900,?,9,0.0,0.0,E,8
02/18/2021,22:00,0.0,1399.239,0.0,1,8,0.0,1,8,0.0,1,8,0.0,1,8,0.0,1,8,0.0,1,8,-0.0,1,8,-9900,?,9,-9900,?,9,25.23,E,8,19.97,E,8,72.0,E,8,964.3861999999999,E,8,999.0,E,8,1.37,E,8,-9900,?,9,-9900,?,9,0.0,E,8,-9900,?,9,-9900,?,9,0.0,0.0,E,8
02/18/2021,23:00,0.0,1399.239,0.0,1,8,0.0,1,8,0.0,1,8,0.0,1,8,0.0,1,8,0.0,1,8,-0.0,1,8,-9900,?,9,-9900,?,9,24.33,E,8,19.77,E,8,75.0,E,8,964.3861999999999,E,8,999.0,E,8,1.52,E,8,-9900,?,9,-9900,?,9,0.0,E,8,-9900,?,9,-9900,?,9,0.0,0.0,E,8
02/18/2021,24:00,0.0,1399.239,0.0,1,8,0.0,1,8,0.0,1,8,0.0,1,8,0.0,1,8,0.0,1,8,-0.0,1,8,-9900,?,9,-9900,?,9,23.44,E,8,20.08,E,8,81.0,E,8,964.3861999999999,E,8,999.0,E,8,1.98,E,8,-9900,?,9,-9900,?,9,0.0,E,8,-9900,?,9,-9900,?,9,0.0,0.0,E,8
02/19/2021,01:00,0.0,1399.239,0.0,1,8,0.0,1,8,0.0,1,8,0.0,1,8,0.0,1,8,0.0,1,8,-0.0,1,8,-9900,?,9,-9900,?,9,22.99,E,8,19.86,E,8,82.0,E,8,964.3861999999999,E,8,999.0,E,8,1.55,E,8,-9900,?,9,-9900,?,9,0.0,E,8,-9900,?,9,-9900,?,9,0.0,0.0,E,8
02/19/2021,02:00,0.0,1399.239,0.0,1,8,0.0,1,8,0.0,1,8,0.0,1,8,0.0,1,8,0.0,1,8,-0.0,1,8,-9900,?,9,-9900,?,9,22.55,E,8,19.65,E,8,83.0,E,8,964.3861999999999,E,8,999.0,E,8,1.92,E,8,-9900,?,9,-9900,?,9,0.0,E,8,-9900,?,9,-9900,?,9,0.0,0.0,E,8
02/19/2021,03:00,0.0,1399.239,0.0,1,8,0.0,1,8,0.0,1,8,0.0,1,8,0.0,1,8,0.0,1,8,-0.0,1,8,-9900,?,9,-9900,?,9,22.1,E,8,19.42,E,8,84.0,E,8,964.3861999999999,E,8,999.0,E,8,1.52,E,8,-9900,?,9,-9900,?,9,0.0,E,8,-9900,?,9,-9900,?,9,0.0,0.0,E,8
02/19/2021,04:00,0.0,1398.629,0.0,1,8,0.0,1,8,0.0,1,8,0.0,1,8,0.0,1,8,0.0,1,8,-0.0,1,8,-9900,?,9,-9900,?,9,21.66,E,8,19.2,E,8,85.0,E,8,964.3861999999999,E,8,999.0,E,8,1.28,E,8,-9900,?,9,-9900,?,9,0.0,E,8,-9900,?,9,-9900,?,9,0.0,0.0,E,8
02/19/2021,05:00,0.0,1398.629,0.0,1,8,0.0,1,8,0.0,1,8,0.0,1,8,0.0,1,8,0.0,1,8,-0.0,1,8,-9900,?,9,-9900,?,9,21.21,E,8,18.97,E,8,87.0,E,8,964.3861999999999,E,8,999.0,E,8,1.27,E,8,-9900,?,9,-9900,?,9,0.0,E,8,-9900,?,9,-9900,?,9,0.0,0.0,E,8
02/19/2021,06:00,0.0,1398.629,0.0,1,8,0.0,1,8,0.0,1,8,0.0,1,8,0.0,1,8,0.0,1,8,-0.0,1,8,-9900,?,9,-9900,?,9,20.86,E,8,18.79,E,8,87.0,E,8,964.3861999999999,E,8,999.0,E,8,1.58,E,8,-9900,?,9,-9900,?,9,0.0,E,8,-9900,?,9,-9900,?,9,0.0,0.0,E,8
02/19/2021,07:00,257.085,1398.629,6.3,1,8,0.0,1,8,6.3,1,8,756.0,1,8,0.0,1,8,693.0,1,8,10.998,1,8,-9900,?,9,-9900,?,9,20.57,E,8,18.64,E,8,88.0,E,8,964.3861999999999,E,8,999.0,E,8,2.35,E,8,-9900,?,9,-9900,?,9,0.0,E,8,-9900,?,9,-9900,?,9,0.0,0.0,E,8
02/19/2021,08:00,578.855,1398.629,134.95,1,8,0.0,1,8,134.95,1,8,16194.0,1,8,0.0,1,8,14844.5,1,8,103.937,1,8,-9900,?,9,-9900,?,9,20.28,E,8,18.49,E,8,89.0,E,8,964.3861999999999,E,8,999.0,E,8,2.9,E,8,-9900,?,9,-9900,?,9,0.0,E,8,-9900,?,9,-9900,?,9,0.0,0.0,E,8
02/19/2021,09:00,868.815,1398.629,293.5,1,8,38.582,1,8,269.545,1,8,35220.0,1,8,3665.257,1,8,29649.91,1,8,138.184,1,8,-9900,?,9,-9900,?,9,23.98,E,8,20.34,E,8,80.0,E,8,964.3861999999999,E,8,999.0,E,8,3.98,E,8,-9900,?,9,-9900,?,9,0.0,E,8,-9900,?,9,-9900,?,9,0.0,0.0,E,8
02/19/2021,10:00,1106.525,1398.629,435.51,1,8,80.604,1,8,371.751,1,8,52261.2,1,8,7657.362,1,8,40892.663,1,8,149.596,1,8,-9900,?,9,-9900,?,9,25.25,E,8,20.93,E,8,77.0,E,8,964.3861999999999,E,8,999.0,E,8,3.66,E,8,-9900,?,9,-9900,?,9,0.0,E,8,-9900,?,9,-9900,?,9,0.0,0.0,E,8
02/19/2021,11:00,1275.647,1398.629,546.29,1,8,58.387,1,8,493.04,1,8,65554.8,1,8,5546.771,1,8,54234.411,1,8,172.08,1,8,-9900,?,9,-9900,?,9,26.37,E,8,21.44,E,8,74.0,E,8,964.3861999999999,E,8,999.0,E,8,3.27,E,8,-9900,?,9,-9900,?,9,0.0,E,8,-9900,?,9,-9900,?,9,0.0,0.0,E,8
02/19/2021,12:00,1364.595,1398.629,616.9,1,8,68.35,1,8,550.215,1,8,74028.0,1,8,6493.204,1,8,60523.613,1,8,179.509,1,8,-9900,?,9,-9900,?,9,27.28,E,8,21.84,E,8,72.0,E,8,964.3861999999999,E,8,999.0,E,8,4.01,E,8,-9900,?,9,-9900,?,9,0.0,E,8,-9900,?,9,-9900,?,9,0.0,0.0,E,8
02/19/2021,13:00,1367.276,1398.629,642.02,1,8,79.581,1,8,564.224,1,8,77042.4,1,8,7560.195,1,8,62064.64,1,8,183.719,1,8,-9900,?,9,-9900,?,9,27.97,E,8,22.14,E,8,70.0,E,8,964.3861999999999,E,8,999.0,E,8,5.27,E,8,-9900,?,9,-9900,?,9,0.0,E,8,-9900,?,9,-9900,?,9,0.0,0.0,E,8
02/19/2021,14:00,1283.489,1398.629,619.79,1,8,94.317,1,8,533.242,1,8,74374.8,1,8,8960.142,1,8,58656.618,1,8,184.973,1,8,-9900,?,9,-9900,?,9,28.4,E,8,22.32,E,8,69.0,E,8,964.3861999999999,E,8,999.0,E,8,4.64,E,8,-9900,?,9,-9900,?,9,0.0,E,8,-9900,?,9,-9900,?,9,0.0,0.0,E,8
02/19/2021,15:00,1118.941,1398.629,551.84,1,8,140.525,1,8,439.435,1,8,66220.8,1,8,13349.877,1,8,48337.825,1,8,174.869,1,8,-9900,?,9,-9900,?,9,28.58,E,8,22.4,E,8,69.0,E,8,964.3861999999999,E,8,999.0,E,8,5.17,E,8,-9900,?,9,-9900,?,9,0.0,E,8,-9900,?,9,-9900,?,9,0.0,0.0,E,8
02/19/2021,16:00,884.867,1398.629,443.24,1,8,147.619,1,8,349.888,1,8,53188.8,1,8,14023.769,1,8,38487.627,1,8,176.114,1,8,-9900,?,9,-9900,?,9,28.45,E,8,22.34,E,8,69.0,E,8,964.3861999999999,E,8,999.0,E,8,3.68,E,8,-9900,?,9,-9900,?,9,0.0,E,8,-9900,?,9,-9900,?,9,0.0,0.0,E,8
02/19/2021,17:00,597.322,1398.629,302.71,1,8,306.409,1,8,172.021,1,8,36325.2,1,8,29108.831,1,8,18922.308,1,8,128.379,1,8,-9900,?,9,-9900,?,9,27.95,E,8,22.13,E,8,70.0,E,8,964.3861999999999,E,8,999.0,E,8,2.49,E,8,-9900,?,9,-9900,?,9,0.0,E,8,-9900,?,9,-9900,?,9,0.0,0.0,E,8
02/19/2021,18:00,276.474,1398.629,144.38,1,8,395.576,1,8,66.726,1,8,17325.6,1,8,37579.756,1,8,7339.881,1,8,108.197,1,8,-9900,?,9,-9900,?,9,27.11,E,8,21.77,E,8,72.0,E,8,964.3861999999999,E,8,999.0,E,8,2.2,E,8,-9900,?,9,-9900,?,9,0.0,E,8,-9900,?,9,-9900,?,9,0.0,0.0,E,8
02/19/2021,19:00,0.0,1398.629,10.04,1,8,0.0,1,8,0.0,1,8,1204.8,1,8,0.0,1,8,0.0,1,8,-0.0,1,8,-9900,?,9,-9900,?,9,26.31,E,8,21.41,E,8,74.0,E,8,964.3861999999999,E,8,999.0,E,8,1.83,E,8,-9900,?,9,-9900,?,9,0.0,E,8,-9900,?,9,-9900,?,9,0.0,0.0,E,8
02/19/2021,20:00,0.0,1398.629,0.0,1,8,0.0,1,8,0.0,1,8,0.0,1,8,0.0,1,8,0.0,1,8,-0.0,1,8,-9900,?,9,-9900,?,9,25.52,E,8,21.06,E,8,76.0,E,8,964.3861999999999,E,8,999.0,E,8,1.02,E,8,-9900,?,9,-9900,?,9,0.0,E,8,-9900,?,9,-9900,?,9,0.0,0.0,E,8
02/19/2021,21:00,0.0,1398.629,0.0,1,8,0.0,1,8,0.0,1,8,0.0,1,8,0.0,1,8,0.0,1,8,-0.0,1,8,-9900,?,9,-9900,?,9,24.72,E,8,20.69,E,8,78.0,E,8,964.3861999999999,E,8,999.0,E,8,1.02,E,8,-9900,?,9,-9900,?,9,0.0,E,8,-9900,?,9,-9900,?,9,0.0,0.0,E,8
02/19/2021,22:00,0.0,1398.629,0.0,1,8,0.0,1,8,0.0,1,8,0.0,1,8,0.0,1,8,0.0,1,8,-0.0,1,8,-9900,?,9,-9900,?,9,23.93,E,8,20.32,E,8,80.0,E,8,964.3861999999999,E,8,999.0,E,8,1.02,E,8,-9900,?,9,-9900,?,9,0.0,E,8,-9900,?,9,-9900,?,9,0.0,0.0,E,8
02/19/2021,23:00,0.0,1398.629,0.0,1,8,0.0,1,8,0.0,1,8,0.0,1,8,0.0,1,8,0.0,1,8,-0.0,1,8,-9900,?,9,-9900,?,9,23.14,E,8,19.94,E,8,82.0,E,8,964.3861999999999,E,8,999.0,E,8,1.02,E,8,-9900,?,9,-9900,?,9,0.0,E,8,-9900,?,9,-9900,?,9,0.0,0.0,E,8
02/19/2021,24:00,0.0,1398.629,0.0,1,8,0.0,1,8,0.0,1,8,0.0,1,8,0.0,1,8,0.0,1,8,-0.0,1,8,-9900,?,9,-9900,?,9,22.34,E,8,19.09,E,8,83.0,E,8,964.3861999999999,E,8,999.0,E,8,1.3,E,8,-9900,?,9,-9900,?,9,0.001,E,8,-9900,?,9,-9900,?,9,0.01,99.0,E,8
02/20/2021,01:00,0.0,1398.629,0.0,1,8,0.0,1,8,0.0,1,8,0.0,1,8,0.0,1,8,0.0,1,8,-0.0,1,8,-9900,?,9,-9900,?,9,21.95,E,8,19.03,E,8,84.0,E,8,964.3861999999999,E,8,999.0,E,8,1.3,E,8,-9900,?,9,-9900,?,9,0.004,E,8,-9900,?,9,-9900,?,9,0.04,99.0,E,8
02/20/2021,02:00,0.0,1398.629,0.0,1,8,0.0,1,8,0.0,1,8,0.0,1,8,0.0,1,8,0.0,1,8,-0.0,1,8,-9900,?,9,-9900,?,9,21.55,E,8,18.97,E,8,81.0,E,8,964.3861999999999,E,8,999.0,E,8,1.3,E,8,-9900,?,9,-9900,?,9,0.0,E,8,-9900,?,9,-9900,?,9,0.0,0.0,E,8
02/20/2021,03:00,0.0,1398.629,0.0,1,8,0.0,1,8,0.0,1,8,0.0,1,8,0.0,1,8,0.0,1,8,-0.0,1,8,-9900,?,9,-9900,?,9,21.15,E,8,18.9,E,8,87.0,E,8,964.3861999999999,E,8,999.0,E,8,1.3,E,8,-9900,?,9,-9900,?,9,0.008,E,8,-9900,?,9,-9900,?,9,0.08,99.0,E,8
02/20/2021,04:00,0.0,1398.009,0.0,1,8,0.0,1,8,0.0,1,8,0.0,1,8,0.0,1,8,0.0,1,8,-0.0,1,8,-9900,?,9,-9900,?,9,20.76,E,8,18.84,E,8,85.0,E,8,964.3861999999999,E,8,999.0,E,8,1.3,E,8,-9900,?,9,-9900,?,9,0.0,E,8,-9900,?,9,-9900,?,9,0.0,0.0,E,8
02/20/2021,05:00,0.0,1398.009,0.0,1,8,0.0,1,8,0.0,1,8,0.0,1,8,0.0,1,8,0.0,1,8,-0.0,1,8,-9900,?,9,-9900,?,9,20.36,E,8,18.78,E,8,86.0,E,8,964.3861999999999,E,8,999.0,E,8,1.3,E,8,-9900,?,9,-9900,?,9,0.0,E,8,-9900,?,9,-9900,?,9,0.0,0.0,E,8
02/20/2021,06:00,0.0,1398.009,0.0,1,8,0.0,1,8,0.0,1,8,0.0,1,8,0.0,1,8,0.0,1,8,-0.0,1,8,-9900,?,9,-9900,?,9,20.05,E,8,18.73,E,8,87.0,E,8,964.3861999999999,E,8,999.0,E,8,1.3,E,8,-9900,?,9,-9900,?,9,0.0,E,8,-9900,?,9,-9900,?,9,0.0,0.0,E,8
02/20/2021,07:00,254.631,1398.009,6.23,1,8,0.0,1,8,6.23,1,8,747.6,1,8,0.0,1,8,685.3,1,8,10.977,1,8,-9900,?,9,-9900,?,9,19.79,E,8,18.69,E,8,89.0,E,8,964.3861999999999,E,8,999.0,E,8,1.3,E,8,-9900,?,9,-9900,?,9,0.0,E,8,-9900,?,9,-9900,?,9,0.0,0.0,E,8
02/20/2021,08:00,576.602,1398.009,141.18,1,8,3.28,1,8,139.829,1,8,16941.6,1,8,311.564,1,8,15381.219,1,8,108.069,1,8,-9900,?,9,-9900,?,9,19.53,E,8,18.65,E,8,94.0,E,8,964.3861999999999,E,8,999.0,E,8,1.3,E,8,-9900,?,9,-9900,?,9,0.002,E,8,-9900,?,9,-9900,?,9,0.02,99.0,E,8
02/20/2021,09:00,866.712,1398.009,308.25,1,8,44.841,1,8,280.463,1,8,36990.0,1,8,4259.895,1,8,30850.969,1,8,144.067,1,8,-9900,?,9,-9900,?,9,24.05,E,8,19.35,E,8,72.0,E,8,964.3861999999999,E,8,999.0,E,8,1.3,E,8,-9900,?,9,-9900,?,9,0.0,E,8,-9900,?,9,-9900,?,9,0.0,0.0,E,8
02/20/2021,10:00,1104.502,1398.009,457.91,1,8,99.513,1,8,379.303,1,8,54949.2,1,8,9453.763,1,8,41723.339,1,8,152.847,1,8,-9900,?,9,-9900,?,9,25.61,E,8,19.59,E,8,67.0,E,8,964.3861999999999,E,8,999.0,E,8,1.3,E,8,-9900,?,9,-9900,?,9,0.0,E,8,-9900,?,9,-9900,?,9,0.0,0.0,E,8
02/20/2021,11:00,1273.623,1398.009,574.62,1,8,72.093,1,8,508.945,1,8,68954.4,1,8,6848.869,1,8,55983.946,1,8,177.834,1,8,-9900,?,9,-9900,?,9,26.98,E,8,19.8,E,8,63.0,E,8,964.3861999999999,E,8,999.0,E,8,1.3,E,8,-9900,?,9,-9900,?,9,0.0,E,8,-9900,?,9,-9900,?,9,0.0,0.0,E,8
02/20/2021,12:00,1362.493,1398.009,648.98,1,8,84.531,1,8,566.598,1,8,77877.6,1,8,8030.461,1,8,62325.73,1,8,185.058,1,8,-9900,?,9,-9900,?,9,28.1,E,8,19.97,E,8,60.0,E,8,964.3861999999999,E,8,999.0,E,8,1.3,E,8,-9900,?,9,-9900,?,9,0.0,E,8,-9900,?,9,-9900,?,9,0.0,0.0,E,8
02/20/2021,13:00,1365.023,1398.009,675.37,1,8,98.466,1,8,579.228,1,8,81044.4,1,8,9354.289,1,8,63715.132,1,8,188.832,1,8,-9900,?,9,-9900,?,9,28.94,E,8,20.09,E,8,58.0,E,8,964.3861999999999,E,8,999.0,E,8,1.3,E,8,-9900,?,9,-9900,?,9,0.0,E,8,-9900,?,9,-9900,?,9,0.0,0.0,E,8
02/20/2021,14:00,1281.022,1398.009,651.85,1,8,116.522,1,8,545.085,1,8,78222.0,1,8,11069.543,1,8,59959.367,1,8,189.362,1,8,-9900,?,9,-9900,?,9,29.47,E,8,20.17,E,8,57.0,E,8,964.3861999999999,E,8,999.0,E,8,1.3,E,8,-9900,?,9,-9900,?,9,0.0,E,8,-9900,?,9,-9900,?,9,0.0,0.0,E,8
02/20/2021,15:00,1116.211,1398.009,580.13,1,8,172.896,1,8,442.108,1,8,69615.6,1,8,16425.117,1,8,48631.869,1,8,176.285,1,8,-9900,?,9,-9900,?,9,29.68,E,8,20.2,E,8,56.0,E,8,964.3861999999999,E,8,999.0,E,8,1.3,E,8,-9900,?,9,-9900,?,9,0.0,E,8,-9900,?,9,-9900,?,9,0.0,0.0,E,8
02/20/2021,16:00,881.846,1398.009,465.58,1,8,225.954,1,8,323.115,1,8,55869.6,1,8,21465.604,1,8,35542.61,1,8,163.124,1,8,-9900,?,9,-9900,?,9,29.53,E,8,20.18,E,8,57.0,E,8,964.3861999999999,E,8,999.0,E,8,1.3,E,8,-9900,?,9,-9900,?,9,0.0,E,8,-9900,?,9,-9900,?,9,0.0,0.0,E,8
02/20/2021,17:00,594.001,1398.009,317.39,1,8,369.238,1,8,160.712,1,8,38086.8,1,8,35077.573,1,8,17678.328,1,8,120.558,1,8,-9900,?,9,-9900,?,9,28.91,E,8,20.09,E,8,58.0,E,8,964.3861999999999,E,8,999.0,E,8,1.3,E,8,-9900,?,9,-9900,?,9,0.0,E,8,-9900,?,9,-9900,?,9,0.0,0.0,E,8
02/20/2021,18:00,272.88,1398.009,150.52,1,8,459.104,1,8,61.544,1,8,18062.4,1,8,43614.846,1,8,6769.786,1,8,101.081,1,8,-9900,?,9,-9900,?,9,27.88,E,8,19.93,E,8,65.0,E,8,964.3861999999999,E,8,999.0,E,8,1.3,E,8,-9900,?,9,-9900,?,9,0.001,E,8,-9900,?,9,-9900,?,9,0.01,99.0,E,8
02/20/2021,19:00,0.0,1398.009,9.8,1,8,0.0,1,8,0.0,1,8,1176.0,1,8,0.0,1,8,0.0,1,8,-0.0,1,8,-9900,?,9,-9900,?,9,26.96,E,8,19.8,E,8,63.0,E,8,964.3861999999999,E,8,999.0,E,8,1.3,E,8,-9900,?,9,-9900,?,9,0.0,E,8,-9900,?,9,-9900,?,9,0.0,0.0,E,8
02/20/2021,20:00,0.0,1398.009,0.0,1,8,0.0,1,8,0.0,1,8,0.0,1,8,0.0,1,8,0.0,1,8,-0.0,1,8,-9900,?,9,-9900,?,9,26.04,E,8,19.66,E,8,66.0,E,8,964.3861999999999,E,8,999.0,E,8,1.3,E,8,-9900,?,9,-9900,?,9,0.0,E,8,-9900,?,9,-9900,?,9,0.0,0.0,E,8
02/20/2021,21:00,0.0,1398.009,0.0,1,8,0.0,1,8,0.0,1,8,0.0,1,8,0.0,1,8,0.0,1,8,-0.0,1,8,-9900,?,9,-9900,?,9,25.13,E,8,19.52,E,8,73.0,E,8,964.3861999999999,E,8,999.0,E,8,1.3,E,8,-9900,?,9,-9900,?,9,0.028000000000000004,E,8,-9900,?,9,-9900,?,9,0.28,99.0,E,8
02/20/2021,22:00,0.0,1398.009,0.0,1,8,0.0,1,8,0.0,1,8,0.0,1,8,0.0,1,8,0.0,1,8,-0.0,1,8,-9900,?,9,-9900,?,9,24.21,E,8,19.38,E,8,85.0,E,8,964.3861999999999,E,8,999.0,E,8,1.3,E,8,-9900,?,9,-9900,?,9,0.542,E,8,-9900,?,9,-9900,?,9,5.42,99.0,E,8
02/20/2021,23:00,0.0,1398.009,0.0,1,8,0.0,1,8,0.0,1,8,0.0,1,8,0.0,1,8,0.0,1,8,-0.0,1,8,-9900,?,9,-9900,?,9,23.29,E,8,19.24,E,8,79.0,E,8,964.3861999999999,E,8,999.0,E,8,1.3,E,8,-9900,?,9,-9900,?,9,0.014000000000000002,E,8,-9900,?,9,-9900,?,9,0.14,99.0,E,8
02/20/2021,24:00,0.0,1398.009,0.0,1,8,0.0,1,8,0.0,1,8,0.0,1,8,0.0,1,8,0.0,1,8,-0.0,1,8,-9900,?,9,-9900,?,9,22.37,E,8,19.18,E,8,84.0,E,8,964.3861999999999,E,8,999.0,E,8,0.93,E,8,-9900,?,9,-9900,?,9,0.007000000000000001,E,8,-9900,?,9,-9900,?,9,0.07,99.0,E,8
02/21/2021,01:00,0.0,1398.009,0.0,1,8,0.0,1,8,0.0,1,8,0.0,1,8,0.0,1,8,0.0,1,8,-0.0,1,8,-9900,?,9,-9900,?,9,21.92,E,8,19.0,E,8,85.0,E,8,964.3861999999999,E,8,999.0,E,8,0.93,E,8,-9900,?,9,-9900,?,9,0.053000000000000005,E,8,-9900,?,9,-9900,?,9,0.53,99.0,E,8
02/21/2021,02:00,0.0,1398.009,0.0,1,8,0.0,1,8,0.0,1,8,0.0,1,8,0.0,1,8,0.0,1,8,-0.0,1,8,-9900,?,9,-9900,?,9,21.46,E,8,18.82,E,8,82.0,E,8,964.3861999999999,E,8,999.0,E,8,0.93,E,8,-9900,?,9,-9900,?,9,0.0,E,8,-9900,?,9,-9900,?,9,0.0,0.0,E,8
02/21/2021,03:00,0.0,1398.009,0.0,1,8,0.0,1,8,0.0,1,8,0.0,1,8,0.0,1,8,0.0,1,8,-0.0,1,8,-9900,?,9,-9900,?,9,21.0,E,8,18.63,E,8,83.0,E,8,964.3861999999999,E,8,999.0,E,8,0.93,E,8,-9900,?,9,-9900,?,9,0.0,E,8,-9900,?,9,-9900,?,9,0.0,0.0,E,8
02/21/2021,04:00,0.0,1397.379,0.0,1,8,0.0,1,8,0.0,1,8,0.0,1,8,0.0,1,8,0.0,1,8,-0.0,1,8,-9900,?,9,-9900,?,9,20.54,E,8,18.44,E,8,84.0,E,8,964.3861999999999,E,8,999.0,E,8,0.93,E,8,-9900,?,9,-9900,?,9,0.0,E,8,-9900,?,9,-9900,?,9,0.0,0.0,E,8
02/21/2021,05:00,0.0,1397.379,0.0,1,8,0.0,1,8,0.0,1,8,0.0,1,8,0.0,1,8,0.0,1,8,-0.0,1,8,-9900,?,9,-9900,?,9,20.08,E,8,18.25,E,8,86.0,E,8,964.3861999999999,E,8,999.0,E,8,0.93,E,8,-9900,?,9,-9900,?,9,0.0,E,8,-9900,?,9,-9900,?,9,0.0,0.0,E,8
02/21/2021,06:00,0.0,1397.379,0.0,1,8,0.0,1,8,0.0,1,8,0.0,1,8,0.0,1,8,0.0,1,8,-0.0,1,8,-9900,?,9,-9900,?,9,19.73,E,8,18.1,E,8,91.0,E,8,964.3861999999999,E,8,999.0,E,8,0.93,E,8,-9900,?,9,-9900,?,9,0.027000000000000003,E,8,-9900,?,9,-9900,?,9,0.27,99.0,E,8
02/21/2021,07:00,252.209,1397.379,4.47,1,8,0.0,1,8,4.47,1,8,536.4,1,8,0.0,1,8,491.7,1,8,7.949,1,8,-9900,?,9,-9900,?,9,19.42,E,8,17.97,E,8,92.0,E,8,964.3861999999999,E,8,999.0,E,8,0.93,E,8,-9900,?,9,-9900,?,9,0.001,E,8,-9900,?,9,-9900,?,9,0.01,99.0,E,8
02/21/2021,08:00,574.363,1397.379,107.54,1,8,0.0,1,8,107.54,1,8,12904.8,1,8,0.0,1,8,11829.4,1,8,83.401,1,8,-9900,?,9,-9900,?,9,19.12,E,8,17.84,E,8,88.0,E,8,964.3861999999999,E,8,999.0,E,8,1.39,E,8,-9900,?,9,-9900,?,9,0.0,E,8,-9900,?,9,-9900,?,9,0.0,0.0,E,8
02/21/2021,09:00,864.605,1397.379,235.72,1,8,14.644,1,8,226.663,1,8,28286.4,1,8,1391.226,1,8,24932.958,1,8,116.663,1,8,-9900,?,9,-9900,?,9,23.31,E,8,19.55,E,8,82.0,E,8,964.3861999999999,E,8,999.0,E,8,1.66,E,8,-9900,?,9,-9900,?,9,0.003,E,8,-9900,?,9,-9900,?,9,0.03,99.0,E,8
02/21/2021,10:00,1102.453,1397.379,350.53,1,8,31.04,1,8,326.045,1,8,42063.6,1,8,2948.812,1,8,35865.002,1,8,131.571,1,8,-9900,?,9,-9900,?,9,24.76,E,8,20.11,E,8,74.0,E,8,964.3861999999999,E,8,999.0,E,8,1.23,E,8,-9900,?,9,-9900,?,9,0.0,E,8,-9900,?,9,-9900,?,9,0.0,0.0,E,8
02/21/2021,11:00,1271.554,1397.379,248.71,1,8,10.484,1,8,239.171,1,8,29845.2,1,8,995.989,1,8,26308.756,1,8,83.669,1,8,-9900,?,9,-9900,?,9,24.87,E,8,20.15,E,8,78.0,E,8,964.3861999999999,E,8,999.0,E,8,2.09,E,8,-9900,?,9,-9900,?,9,0.017,E,8,-9900,?,9,-9900,?,9,0.17,99.0,E,8
02/21/2021,12:00,1360.327,1397.379,240.56,1,8,10.654,1,8,230.189,1,8,28867.2,1,8,1012.09,1,8,25320.798,1,8,75.268,1,8,-9900,?,9,-9900,?,9,24.89,E,8,20.16,E,8,74.0,E,8,964.3861999999999,E,8,999.0,E,8,2.3,E,8,-9900,?,9,-9900,?,9,0.0,E,8,-9900,?,9,-9900,?,9,0.0,0.0,E,8
02/21/2021,13:00,1362.688,1397.379,517.24,1,8,47.952,1,8,470.479,1,8,62068.8,1,8,4555.419,1,8,51752.732,1,8,153.573,1,8,-9900,?,9,-9900,?,9,26.03,E,8,20.58,E,8,75.0,E,8,964.3861999999999,E,8,999.0,E,8,1.13,E,8,-9900,?,9,-9900,?,9,0.011,E,8,-9900,?,9,-9900,?,9,0.11,99.0,E,8
02/21/2021,14:00,1278.459,1397.379,499.12,1,8,67.382,1,8,437.476,1,8,59894.4,1,8,6401.3,1,8,48122.337,1,8,152.215,1,8,-9900,?,9,-9900,?,9,26.79,E,8,20.86,E,8,74.0,E,8,964.3861999999999,E,8,999.0,E,8,1.86,E,8,-9900,?,9,-9900,?,9,0.004,E,8,-9900,?,9,-9900,?,9,0.04,99.0,E,8
02/21/2021,15:00,1113.378,1397.379,444.0,1,8,59.938,1,8,396.252,1,8,53280.0,1,8,5694.065,1,8,43587.736,1,8,158.331,1,8,-9900,?,9,-9900,?,9,27.18,E,8,21.0,E,8,81.0,E,8,964.3861999999999,E,8,999.0,E,8,2.0,E,8,-9900,?,9,-9900,?,9,0.877,E,8,-9900,?,9,-9900,?,9,8.77,99.0,E,8
02/21/2021,16:00,878.719,1397.379,371.49,1,8,119.54,1,8,296.353,1,8,44578.8,1,8,11356.257,1,8,32598.861,1,8,150.079,1,8,-9900,?,9,-9900,?,9,27.29,E,8,21.04,E,8,68.0,E,8,964.3861999999999,E,8,999.0,E,8,2.04,E,8,-9900,?,9,-9900,?,9,0.0,E,8,-9900,?,9,-9900,?,9,0.0,0.0,E,8
02/21/2021,17:00,590.577,1397.379,424.5,1,8,650.469,1,8,149.96,1,8,50940.0,1,8,61794.529,1,8,16495.569,1,8,113.095,1,8,-9900,?,9,-9900,?,9,27.51,E,8,21.12,E,8,68.0,E,8,964.3861999999999,E,8,999.0,E,8,1.48,E,8,-9900,?,9,-9900,?,9,0.0,E,8,-9900,?,9,-9900,?,9,0.0,0.0,E,8
02/21/2021,18:00,269.192,1397.379,197.52,1,8,416.025,1,8,117.961,1,8,23702.4,1,8,39522.397,1,8,12975.725,1,8,196.345,1,8,-9900,?,9,-9900,?,9,26.96,E,8,20.92,E,8,69.0,E,8,964.3861999999999,E,8,999.0,E,8,1.83,E,8,-9900,?,9,-9900,?,9,0.0,E,8,-9900,?,9,-9900,?,9,0.0,0.0,E,8
02/21/2021,19:00,0.0,1397.379,35.38,1,8,0.0,1,8,0.0,1,8,4245.6,1,8,0.0,1,8,0.0,1,8,-0.0,1,8,-9900,?,9,-9900,?,9,26.08,E,8,20.6,E,8,71.0,E,8,964.3861999999999,E,8,999.0,E,8,0.93,E,8,-9900,?,9,-9900,?,9,0.0,E,8,-9900,?,9,-9900,?,9,0.0,0.0,E,8
02/21/2021,20:00,0.0,1397.379,0.0,1,8,0.0,1,8,0.0,1,8,0.0,1,8,0.0,1,8,0.0,1,8,-0.0,1,8,-9900,?,9,-9900,?,9,25.2,E,8,20.28,E,8,77.0,E,8,964.3861999999999,E,8,999.0,E,8,0.93,E,8,-9900,?,9,-9900,?,9,0.001,E,8,-9900,?,9,-9900,?,9,0.01,99.0,E,8
02/21/2021,21:00,0.0,1397.379,0.0,1,8,0.0,1,8,0.0,1,8,0.0,1,8,0.0,1,8,0.0,1,8,-0.0,1,8,-9900,?,9,-9900,?,9,24.32,E,8,19.94,E,8,75.0,E,8,964.3861999999999,E,8,999.0,E,8,0.93,E,8,-9900,?,9,-9900,?,9,0.0,E,8,-9900,?,9,-9900,?,9,0.0,0.0,E,8
02/21/2021,22:00,0.0,1397.379,0.0,1,8,0.0,1,8,0.0,1,8,0.0,1,8,0.0,1,8,0.0,1,8,-0.0,1,8,-9900,?,9,-9900,?,9,23.44,E,8,19.61,E,8,77.0,E,8,964.3861999999999,E,8,999.0,E,8,0.93,E,8,-9900,?,9,-9900,?,9,0.0,E,8,-9900,?,9,-9900,?,9,0.0,0.0,E,8
02/21/2021,23:00,0.0,1397.379,0.0,1,8,0.0,1,8,0.0,1,8,0.0,1,8,0.0,1,8,0.0,1,8,-0.0,1,8,-9900,?,9,-9900,?,9,22.56,E,8,19.26,E,8,79.0,E,8,964.3861999999999,E,8,999.0,E,8,0.93,E,8,-9900,?,9,-9900,?,9,0.0,E,8,-9900,?,9,-9900,?,9,0.0,0.0,E,8
02/21/2021,24:00,0.0,1397.379,0.0,1,8,0.0,1,8,0.0,1,8,0.0,1,8,0.0,1,8,0.0,1,8,-0.0,1,8,-9900,?,9,-9900,?,9,21.69,E,8,19.66,E,8,89.0,E,8,964.3861999999999,E,8,999.0,E,8,0.45,E,8,-9900,?,9,-9900,?,9,0.022,E,8,-9900,?,9,-9900,?,9,0.22,99.0,E,8
02/22/2021,01:00,0.0,1397.379,0.0,1,8,0.0,1,8,0.0,1,8,0.0,1,8,0.0,1,8,0.0,1,8,-0.0,1,8,-9900,?,9,-9900,?,9,21.25,E,8,19.5,E,8,90.0,E,8,964.3861999999999,E,8,999.0,E,8,0.45,E,8,-9900,?,9,-9900,?,9,0.008,E,8,-9900,?,9,-9900,?,9,0.08,99.0,E,8
02/22/2021,02:00,0.0,1397.379,0.0,1,8,0.0,1,8,0.0,1,8,0.0,1,8,0.0,1,8,0.0,1,8,-0.0,1,8,-9900,?,9,-9900,?,9,20.81,E,8,19.33,E,8,87.0,E,8,964.3861999999999,E,8,999.0,E,8,0.45,E,8,-9900,?,9,-9900,?,9,0.0,E,8,-9900,?,9,-9900,?,9,0.0,0.0,E,8
02/22/2021,03:00,0.0,1397.379,0.0,1,8,0.0,1,8,0.0,1,8,0.0,1,8,0.0,1,8,0.0,1,8,-0.0,1,8,-9900,?,9,-9900,?,9,20.37,E,8,19.16,E,8,88.0,E,8,964.3861999999999,E,8,999.0,E,8,0.45,E,8,-9900,?,9,-9900,?,9,0.0,E,8,-9900,?,9,-9900,?,9,0.0,0.0,E,8
02/22/2021,04:00,0.0,1396.741,0.0,1,8,0.0,1,8,0.0,1,8,0.0,1,8,0.0,1,8,0.0,1,8,-0.0,1,8,-9900,?,9,-9900,?,9,19.93,E,8,18.98,E,8,94.0,E,8,964.3861999999999,E,8,999.0,E,8,1.03,E,8,-9900,?,9,-9900,?,9,0.004,E,8,-9900,?,9,-9900,?,9,0.04,99.0,E,8
02/22/2021,05:00,0.0,1396.741,0.0,1,8,0.0,1,8,0.0,1,8,0.0,1,8,0.0,1,8,0.0,1,8,-0.0,1,8,-9900,?,9,-9900,?,9,19.49,E,8,18.81,E,8,96.0,E,8,964.3861999999999,E,8,999.0,E,8,1.14,E,8,-9900,?,9,-9900,?,9,0.043,E,8,-9900,?,9,-9900,?,9,0.43,99.0,E,8
02/22/2021,06:00,0.0,1396.741,0.0,1,8,0.0,1,8,0.0,1,8,0.0,1,8,0.0,1,8,0.0,1,8,-0.0,1,8,-9900,?,9,-9900,?,9,19.15,E,8,18.68,E,8,92.0,E,8,964.3861999999999,E,8,999.0,E,8,1.36,E,8,-9900,?,9,-9900,?,9,0.0,E,8,-9900,?,9,-9900,?,9,0.0,0.0,E,8
02/22/2021,07:00,249.817,1396.741,11.69,1,8,0.0,1,8,11.69,1,8,1402.8,1,8,0.0,1,8,1285.9,1,8,20.982,1,8,-9900,?,9,-9900,?,9,18.86,E,8,18.56,E,8,98.0,E,8,964.3861999999999,E,8,999.0,E,8,1.12,E,8,-9900,?,9,-9900,?,9,0.065,E,8,-9900,?,9,-9900,?,9,0.65,99.0,E,8
02/22/2021,08:00,572.139,1396.741,106.96,1,8,0.0,1,8,106.96,1,8,12835.2,1,8,0.0,1,8,11765.6,1,8,83.237,1,8,-9900,?,9,-9900,?,9,18.57,E,8,18.44,E,8,99.0,E,8,964.3861999999999,E,8,999.0,E,8,0.79,E,8,-9900,?,9,-9900,?,9,0.001,E,8,-9900,?,9,-9900,?,9,0.01,99.0,E,8
02/22/2021,09:00,862.492,1396.741,191.29,1,8,2.825,1,8,189.546,1,8,22954.8,1,8,268.409,1,8,20850.078,1,8,97.754,1,8,-9900,?,9,-9900,?,9,22.98,E,8,20.14,E,8,80.0,E,8,964.3861999999999,E,8,999.0,E,8,0.99,E,8,-9900,?,9,-9900,?,9,0.0,E,8,-9900,?,9,-9900,?,9,0.0,0.0,E,8
02/22/2021,10:00,1100.377,1396.741,284.77,1,8,13.359,1,8,274.247,1,8,34172.4,1,8,1269.138,1,8,30167.188,1,8,110.827,1,8,-9900,?,9,-9900,?,9,24.32,E,8,20.63,E,8,77.0,E,8,964.3861999999999,E,8,999.0,E,8,1.63,E,8,-9900,?,9,-9900,?,9,0.0,E,8,-9900,?,9,-9900,?,9,0.0,0.0,E,8
02/22/2021,11:00,1269.438,1396.741,357.64,1,8,24.252,1,8,335.6,1,8,42916.8,1,8,2303.898,1,8,36916.017,1,8,117.545,1,8,-9900,?,9,-9900,?,9,25.53,E,8,21.06,E,8,73.0,E,8,964.3861999999999,E,8,999.0,E,8,1.49,E,8,-9900,?,9,-9900,?,9,0.0,E,8,-9900,?,9,-9900,?,9,0.0,0.0,E,8
02/22/2021,12:00,1358.094,1396.741,404.0,1,8,27.186,1,8,377.567,1,8,48480.0,1,8,2582.65,1,8,41532.357,1,8,123.605,1,8,-9900,?,9,-9900,?,9,26.53,E,8,21.4,E,8,75.0,E,8,964.3861999999999,E,8,999.0,E,8,1.71,E,8,-9900,?,9,-9900,?,9,0.011,E,8,-9900,?,9,-9900,?,9,0.11,99.0,E,8
02/22/2021,13:00,1360.271,1396.741,420.38,1,8,24.881,1,8,396.149,1,8,50445.6,1,8,2363.668,1,8,43576.426,1,8,129.481,1,8,-9900,?,9,-9900,?,9,27.28,E,8,21.66,E,8,73.0,E,8,964.3861999999999,E,8,999.0,E,8,1.13,E,8,-9900,?,9,-9900,?,9,0.006,E,8,-9900,?,9,-9900,?,9,0.06,99.0,E,8
02/22/2021,14:00,1275.803,1396.741,184.69,1,8,6.207,1,8,179.021,1,8,22162.8,1,8,589.678,1,8,19692.271,1,8,62.389,1,8,-9900,?,9,-9900,?,9,26.49,E,8,21.39,E,8,71.0,E,8,964.3861999999999,E,8,999.0,E,8,1.16,E,8,-9900,?,9,-9900,?,9,0.0,E,8,-9900,?,9,-9900,?,9,0.0,0.0,E,8
02/22/2021,15:00,1110.444,1396.741,217.99,1,8,2.82,1,8,215.748,1,8,26158.8,1,8,267.925,1,8,23732.302,1,8,86.395,1,8,-9900,?,9,-9900,?,9,26.11,E,8,21.26,E,8,72.0,E,8,964.3861999999999,E,8,999.0,E,8,1.49,E,8,-9900,?,9,-9900,?,9,0.0,E,8,-9900,?,9,-9900,?,9,0.0,0.0,E,8
02/22/2021,16:00,875.488,1396.741,205.22,1,8,12.678,1,8,197.277,1,8,24626.4,1,8,1204.364,1,8,21700.496,1,8,100.228,1,8,-9900,?,9,-9900,?,9,25.74,E,8,21.13,E,8,77.0,E,8,964.3861999999999,E,8,999.0,E,8,1.62,E,8,-9900,?,9,-9900,?,9,0.001,E,8,-9900,?,9,-9900,?,9,0.01,99.0,E,8
02/22/2021,17:00,587.053,1396.741,371.27,1,8,410.909,1,8,198.799,1,8,44552.4,1,8,39036.389,1,8,21867.843,1,8,150.762,1,8,-9900,?,9,-9900,?,9,26.29,E,8,21.32,E,8,71.0,E,8,964.3861999999999,E,8,999.0,E,8,2.12,E,8,-9900,?,9,-9900,?,9,0.0,E,8,-9900,?,9,-9900,?,9,0.0,0.0,E,8
02/22/2021,18:00,265.414,1396.741,170.99,1,8,421.142,1,8,91.563,1,8,20518.8,1,8,40008.476,1,8,10071.912,1,8,154.536,1,8,-9900,?,9,-9900,?,9,25.81,E,8,21.16,E,8,73.0,E,8,964.3861999999999,E,8,999.0,E,8,2.3,E,8,-9900,?,9,-9900,?,9,0.0,E,8,-9900,?,9,-9900,?,9,0.0,0.0,E,8
02/22/2021,19:00,0.0,1396.741,29.95,1,8,0.0,1,8,0.0,1,8,3594.0,1,8,0.0,1,8,0.0,1,8,-0.0,1,8,-9900,?,9,-9900,?,9,25.11,E,8,20.91,E,8,79.0,E,8,964.3861999999999,E,8,999.0,E,8,1.86,E,8,-9900,?,9,-9900,?,9,0.002,E,8,-9900,?,9,-9900,?,9,0.02,99.0,E,8
02/22/2021,20:00,0.0,1396.741,0.0,1,8,0.0,1,8,0.0,1,8,0.0,1,8,0.0,1,8,0.0,1,8,-0.0,1,8,-9900,?,9,-9900,?,9,24.41,E,8,20.66,E,8,81.0,E,8,964.3861999999999,E,8,999.0,E,8,1.93,E,8,-9900,?,9,-9900,?,9,0.016,E,8,-9900,?,9,-9900,?,9,0.16,99.0,E,8
02/22/2021,21:00,0.0,1396.741,0.0,1,8,0.0,1,8,0.0,1,8,0.0,1,8,0.0,1,8,0.0,1,8,-0.0,1,8,-9900,?,9,-9900,?,9,23.7,E,8,20.41,E,8,87.0,E,8,964.3861999999999,E,8,999.0,E,8,1.63,E,8,-9900,?,9,-9900,?,9,0.11499999999999999,E,8,-9900,?,9,-9900,?,9,1.15,99.0,E,8
02/22/2021,22:00,0.0,1396.741,0.0,1,8,0.0,1,8,0.0,1,8,0.0,1,8,0.0,1,8,0.0,1,8,-0.0,1,8,-9900,?,9,-9900,?,9,23.0,E,8,20.15,E,8,94.0,E,8,964.3861999999999,E,8,999.0,E,8,1.47,E,8,-9900,?,9,-9900,?,9,1.576,E,8,-9900,?,9,-9900,?,9,15.76,99.0,E,8
02/22/2021,23:00,0.0,1396.741,0.0,1,8,0.0,1,8,0.0,1,8,0.0,1,8,0.0,1,8,0.0,1,8,-0.0,1,8,-9900,?,9,-9900,?,9,22.3,E,8,19.89,E,8,87.0,E,8,964.3861999999999,E,8,999.0,E,8,1.37,E,8,-9900,?,9,-9900,?,9,0.03,E,8,-9900,?,9,-9900,?,9,0.3,99.0,E,8
02/22/2021,24:00,0.0,1396.741,0.0,1,8,0.0,1,8,0.0,1,8,0.0,1,8,0.0,1,8,0.0,1,8,-0.0,1,8,-9900,?,9,-9900,?,9,21.59,E,8,19.05,E,8,90.0,E,8,964.3861999999999,E,8,999.0,E,8,4.34,E,8,-9900,?,9,-9900,?,9,0.001,E,8,-9900,?,9,-9900,?,9,0.01,99.0,E,8
02/23/2021,01:00,0.0,1396.741,0.0,1,8,0.0,1,8,0.0,1,8,0.0,1,8,0.0,1,8,0.0,1,8,-0.0,1,8,-9900,?,9,-9900,?,9,21.24,E,8,18.88,E,8,91.0,E,8,964.3861999999999,E,8,999.0,E,8,4.38,E,8,-9900,?,9,-9900,?,9,0.03,E,8,-9900,?,9,-9900,?,9,0.3,99.0,E,8
02/23/2021,02:00,0.0,1396.741,0.0,1,8,0.0,1,8,0.0,1,8,0.0,1,8,0.0,1,8,0.0,1,8,-0.0,1,8,-9900,?,9,-9900,?,9,20.89,E,8,18.72,E,8,87.0,E,8,964.3861999999999,E,8,999.0,E,8,4.52,E,8,-9900,?,9,-9900,?,9,0.0,E,8,-9900,?,9,-9900,?,9,0.0,0.0,E,8
02/23/2021,03:00,0.0,1396.741,0.0,1,8,0.0,1,8,0.0,1,8,0.0,1,8,0.0,1,8,0.0,1,8,-0.0,1,8,-9900,?,9,-9900,?,9,20.54,E,8,18.55,E,8,88.0,E,8,964.3861999999999,E,8,999.0,E,8,5.02,E,8,-9900,?,9,-9900,?,9,0.0,E,8,-9900,?,9,-9900,?,9,0.0,0.0,E,8
02/23/2021,04:00,0.0,1396.094,0.0,1,8,0.0,1,8,0.0,1,8,0.0,1,8,0.0,1,8,0.0,1,8,-0.0,1,8,-9900,?,9,-9900,?,9,20.18,E,8,18.37,E,8,89.0,E,8,964.3861999999999,E,8,999.0,E,8,4.6,E,8,-9900,?,9,-9900,?,9,0.0,E,8,-9900,?,9,-9900,?,9,0.0,0.0,E,8
02/23/2021,05:00,0.0,1396.094,0.0,1,8,0.0,1,8,0.0,1,8,0.0,1,8,0.0,1,8,0.0,1,8,-0.0,1,8,-9900,?,9,-9900,?,9,19.83,E,8,18.2,E,8,90.0,E,8,964.3861999999999,E,8,999.0,E,8,3.9,E,8,-9900,?,9,-9900,?,9,0.0,E,8,-9900,?,9,-9900,?,9,0.0,0.0,E,8
02/23/2021,06:00,0.0,1396.094,0.0,1,8,0.0,1,8,0.0,1,8,0.0,1,8,0.0,1,8,0.0,1,8,-0.0,1,8,-9900,?,9,-9900,?,9,19.56,E,8,18.07,E,8,91.0,E,8,964.3861999999999,E,8,999.0,E,8,4.08,E,8,-9900,?,9,-9900,?,9,0.0,E,8,-9900,?,9,-9900,?,9,0.0,0.0,E,8
02/23/2021,07:00,247.455,1396.094,3.26,1,8,0.0,1,8,3.26,1,8,391.2,1,8,0.0,1,8,358.6,1,8,5.905,1,8,-9900,?,9,-9900,?,9,19.33,E,8,17.95,E,8,91.0,E,8,964.3861999999999,E,8,999.0,E,8,4.14,E,8,-9900,?,9,-9900,?,9,0.0,E,8,-9900,?,9,-9900,?,9,0.0,0.0,E,8
02/23/2021,08:00,569.927,1396.094,88.42,1,8,0.0,1,8,88.42,1,8,10610.4,1,8,0.0,1,8,9726.2,1,8,69.044,1,8,-9900,?,9,-9900,?,9,19.1,E,8,17.84,E,8,92.0,E,8,964.3861999999999,E,8,999.0,E,8,4.61,E,8,-9900,?,9,-9900,?,9,0.0,E,8,-9900,?,9,-9900,?,9,0.0,0.0,E,8
02/23/2021,09:00,860.373,1396.094,195.33,1,8,3.262,1,8,193.321,1,8,23439.6,1,8,309.893,1,8,21265.273,1,8,99.9,1,8,-9900,?,9,-9900,?,9,22.32,E,8,19.39,E,8,83.0,E,8,964.3861999999999,E,8,999.0,E,8,4.01,E,8,-9900,?,9,-9900,?,9,0.0,E,8,-9900,?,9,-9900,?,9,0.0,0.0,E,8
02/23/2021,10:00,1098.275,1396.094,291.09,1,8,14.235,1,8,279.894,1,8,34930.8,1,8,1352.314,1,8,30788.315,1,8,113.273,1,8,-9900,?,9,-9900,?,9,23.46,E,8,19.9,E,8,80.0,E,8,964.3861999999999,E,8,999.0,E,8,3.52,E,8,-9900,?,9,-9900,?,9,0.0,E,8,-9900,?,9,-9900,?,9,0.0,0.0,E,8
02/23/2021,11:00,1267.274,1396.094,365.71,1,8,25.649,1,8,342.429,1,8,43885.2,1,8,2436.695,1,8,37667.162,1,8,120.086,1,8,-9900,?,9,-9900,?,9,24.45,E,8,20.34,E,8,77.0,E,8,964.3861999999999,E,8,999.0,E,8,3.82,E,8,-9900,?,9,-9900,?,9,0.0,E,8,-9900,?,9,-9900,?,9,0.0,0.0,E,8
02/23/2021,12:00,1355.795,1396.094,413.16,1,8,28.797,1,8,385.195,1,8,49579.2,1,8,2735.686,1,8,42371.454,1,8,126.258,1,8,-9900,?,9,-9900,?,9,25.26,E,8,20.69,E,8,75.0,E,8,964.3861999999999,E,8,999.0,E,8,3.85,E,8,-9900,?,9,-9900,?,9,0.0,E,8,-9900,?,9,-9900,?,9,0.0,0.0,E,8
02/23/2021,13:00,1357.771,1396.094,429.86,1,8,31.808,1,8,398.926,1,8,51583.2,1,8,3021.719,1,8,43881.866,1,8,130.568,1,8,-9900,?,9,-9900,?,9,25.86,E,8,20.94,E,8,74.0,E,8,964.3861999999999,E,8,999.0,E,8,3.94,E,8,-9900,?,9,-9900,?,9,0.0,E,8,-9900,?,9,-9900,?,9,0.0,0.0,E,8
02/23/2021,14:00,1273.052,1396.094,414.59,1,8,35.363,1,8,382.346,1,8,49750.8,1,8,3359.443,1,8,42058.056,1,8,133.475,1,8,-9900,?,9,-9900,?,9,26.24,E,8,21.1,E,8,88.0,E,8,964.3861999999999,E,8,999.0,E,8,3.87,E,8,-9900,?,9,-9900,?,9,0.9650000000000001,E,8,-9900,?,9,-9900,?,9,9.65,99.0,E,8
02/23/2021,15:00,1107.409,1396.094,368.45,1,8,29.954,1,8,344.694,1,8,44214.0,1,8,2845.649,1,8,37916.325,1,8,138.346,1,8,-9900,?,9,-9900,?,9,26.4,E,8,21.17,E,8,73.0,E,8,964.3861999999999,E,8,999.0,E,8,5.54,E,8,-9900,?,9,-9900,?,9,0.0,E,8,-9900,?,9,-9900,?,9,0.0,0.0,E,8
02/23/2021,16:00,872.154,1396.094,294.91,1,8,22.18,1,8,281.061,1,8,35389.2,1,8,2107.054,1,8,30916.663,1,8,143.275,1,8,-9900,?,9,-9900,?,9,26.28,E,8,21.12,E,8,78.0,E,8,964.3861999999999,E,8,999.0,E,8,5.33,E,8,-9900,?,9,-9900,?,9,0.018,E,8,-9900,?,9,-9900,?,9,0.18,99.0,E,8
02/23/2021,17:00,583.431,1396.094,188.71,1,8,49.2,1,8,168.178,1,8,22645.2,1,8,4674.002,1,8,18499.527,1,8,128.275,1,8,-9900,?,9,-9900,?,9,25.78,E,8,20.91,E,8,74.0,E,8,964.3861999999999,E,8,999.0,E,8,5.37,E,8,-9900,?,9,-9900,?,9,0.0,E,8,-9900,?,9,-9900,?,9,0.0,0.0,E,8
02/23/2021,18:00,261.548,1396.094,93.05,1,8,107.084,1,8,73.143,1,8,11166.0,1,8,10172.958,1,8,8045.767,1,8,125.242,1,8,-9900,?,9,-9900,?,9,25.04,E,8,20.59,E,8,81.0,E,8,964.3861999999999,E,8,999.0,E,8,5.23,E,8,-9900,?,9,-9900,?,9,0.005,E,8,-9900,?,9,-9900,?,9,0.05,99.0,E,8
02/23/2021,19:00,0.0,1396.094,4.82,1,8,0.0,1,8,0.0,1,8,578.4,1,8,0.0,1,8,0.0,1,8,-0.0,1,8,-9900,?,9,-9900,?,9,24.38,E,8,20.31,E,8,83.0,E,8,964.3861999999999,E,8,999.0,E,8,4.38,E,8,-9900,?,9,-9900,?,9,0.001,E,8,-9900,?,9,-9900,?,9,0.01,99.0,E,8
02/23/2021,20:00,0.0,1396.094,0.0,1,8,0.0,1,8,0.0,1,8,0.0,1,8,0.0,1,8,0.0,1,8,-0.0,1,8,-9900,?,9,-9900,?,9,23.73,E,8,20.02,E,8,84.0,E,8,964.3861999999999,E,8,999.0,E,8,5.17,E,8,-9900,?,9,-9900,?,9,0.007000000000000001,E,8,-9900,?,9,-9900,?,9,0.07,99.0,E,8
02/23/2021,21:00,0.0,1396.094,0.0,1,8,0.0,1,8,0.0,1,8,0.0,1,8,0.0,1,8,0.0,1,8,-0.0,1,8,-9900,?,9,-9900,?,9,23.07,E,8,19.73,E,8,86.0,E,8,964.3861999999999,E,8,999.0,E,8,5.26,E,8,-9900,?,9,-9900,?,9,0.057999999999999996,E,8,-9900,?,9,-9900,?,9,0.58,99.0,E,8
02/23/2021,22:00,0.0,1396.094,0.0,1,8,0.0,1,8,0.0,1,8,0.0,1,8,0.0,1,8,0.0,1,8,-0.0,1,8,-9900,?,9,-9900,?,9,22.41,E,8,19.43,E,8,88.0,E,8,964.3861999999999,E,8,999.0,E,8,3.98,E,8,-9900,?,9,-9900,?,9,0.012,E,8,-9900,?,9,-9900,?,9,0.12,99.0,E,8
02/23/2021,23:00,0.0,1396.094,0.0,1,8,0.0,1,8,0.0,1,8,0.0,1,8,0.0,1,8,0.0,1,8,-0.0,1,8,-9900,?,9,-9900,?,9,21.76,E,8,19.13,E,8,90.0,E,8,964.3861999999999,E,8,999.0,E,8,5.79,E,8,-9900,?,9,-9900,?,9,0.003,E,8,-9900,?,9,-9900,?,9,0.03,99.0,E,8
02/23/2021,24:00,0.0,1396.094,0.0,1,8,0.0,1,8,0.0,1,8,0.0,1,8,0.0,1,8,0.0,1,8,-0.0,1,8,-9900,?,9,-9900,?,9,21.1,E,8,18.63,E,8,83.0,E,8,964.3861999999999,E,8,999.0,E,8,8.67,E,8,-9900,?,9,-9900,?,9,0.002,E,8,-9900,?,9,-9900,?,9,0.02,99.0,E,8
02/24/2021,01:00,0.0,1396.094,0.0,1,8,0.0,1,8,0.0,1,8,0.0,1,8,0.0,1,8,0.0,1,8,-0.0,1,8,-9900,?,9,-9900,?,9,20.77,E,8,18.5,E,8,84.0,E,8,964.3861999999999,E,8,999.0,E,8,9.69,E,8,-9900,?,9,-9900,?,9,0.08,E,8,-9900,?,9,-9900,?,9,0.8,99.0,E,8
02/24/2021,02:00,0.0,1396.094,0.0,1,8,0.0,1,8,0.0,1,8,0.0,1,8,0.0,1,8,0.0,1,8,-0.0,1,8,-9900,?,9,-9900,?,9,20.45,E,8,18.37,E,8,85.0,E,8,964.3861999999999,E,8,999.0,E,8,8.2,E,8,-9900,?,9,-9900,?,9,0.013000000000000001,E,8,-9900,?,9,-9900,?,9,0.13,99.0,E,8
02/24/2021,03:00,0.0,1396.094,0.0,1,8,0.0,1,8,0.0,1,8,0.0,1,8,0.0,1,8,0.0,1,8,-0.0,1,8,-9900,?,9,-9900,?,9,20.12,E,8,18.24,E,8,93.0,E,8,964.3861999999999,E,8,999.0,E,8,4.92,E,8,-9900,?,9,-9900,?,9,1.194,E,8,-9900,?,9,-9900,?,9,11.94,99.0,E,8
02/24/2021,04:00,0.0,1395.438,0.0,1,8,0.0,1,8,0.0,1,8,0.0,1,8,0.0,1,8,0.0,1,8,-0.0,1,8,-9900,?,9,-9900,?,9,19.79,E,8,18.11,E,8,86.0,E,8,964.3861999999999,E,8,999.0,E,8,3.17,E,8,-9900,?,9,-9900,?,9,0.004,E,8,-9900,?,9,-9900,?,9,0.04,99.0,E,8
02/24/2021,05:00,0.0,1395.438,0.0,1,8,0.0,1,8,0.0,1,8,0.0,1,8,0.0,1,8,0.0,1,8,-0.0,1,8,-9900,?,9,-9900,?,9,19.46,E,8,17.97,E,8,84.0,E,8,964.3861999999999,E,8,999.0,E,8,3.93,E,8,-9900,?,9,-9900,?,9,0.0,E,8,-9900,?,9,-9900,?,9,0.0,0.0,E,8
02/24/2021,06:00,0.0,1395.438,0.0,1,8,0.0,1,8,0.0,1,8,0.0,1,8,0.0,1,8,0.0,1,8,-0.0,1,8,-9900,?,9,-9900,?,9,19.21,E,8,17.87,E,8,84.0,E,8,964.3861999999999,E,8,999.0,E,8,3.95,E,8,-9900,?,9,-9900,?,9,0.0,E,8,-9900,?,9,-9900,?,9,0.0,0.0,E,8
02/24/2021,07:00,245.122,1395.438,3.39,1,8,0.0,1,8,3.39,1,8,406.8,1,8,0.0,1,8,372.9,1,8,6.197,1,8,-9900,?,9,-9900,?,9,18.99,E,8,17.78,E,8,85.0,E,8,964.3861999999999,E,8,999.0,E,8,3.93,E,8,-9900,?,9,-9900,?,9,0.0,E,8,-9900,?,9,-9900,?,9,0.0,0.0,E,8
02/24/2021,08:00,567.728,1395.438,97.73,1,8,0.0,1,8,97.73,1,8,11727.6,1,8,0.0,1,8,10750.3,1,8,76.575,1,8,-9900,?,9,-9900,?,9,18.77,E,8,17.69,E,8,85.0,E,8,964.3861999999999,E,8,999.0,E,8,3.18,E,8,-9900,?,9,-9900,?,9,0.0,E,8,-9900,?,9,-9900,?,9,0.0,0.0,E,8
02/24/2021,09:00,858.247,1395.438,216.72,1,8,10.004,1,8,210.57,1,8,26006.4,1,8,950.374,1,8,23162.719,1,8,109.032,1,8,-9900,?,9,-9900,?,9,22.9,E,8,19.32,E,8,76.0,E,8,964.3861999999999,E,8,999.0,E,8,2.7,E,8,-9900,?,9,-9900,?,9,0.0,E,8,-9900,?,9,-9900,?,9,0.0,0.0,E,8
02/24/2021,10:00,1096.144,1395.438,323.29,1,8,19.67,1,8,307.842,1,8,38794.8,1,8,1868.605,1,8,33862.621,1,8,124.767,1,8,-9900,?,9,-9900,?,9,24.35,E,8,19.85,E,8,72.0,E,8,964.3861999999999,E,8,999.0,E,8,2.63,E,8,-9900,?,9,-9900,?,9,0.0,E,8,-9900,?,9,-9900,?,9,0.0,0.0,E,8
02/24/2021,11:00,1265.062,1395.438,406.31,1,8,34.504,1,8,375.032,1,8,48757.2,1,8,3277.87,1,8,41253.498,1,8,131.687,1,8,-9900,?,9,-9900,?,9,25.62,E,8,20.31,E,8,70.0,E,8,964.3861999999999,E,8,999.0,E,8,4.08,E,8,-9900,?,9,-9900,?,9,0.0,E,8,-9900,?,9,-9900,?,9,0.0,0.0,E,8
02/24/2021,12:00,1353.428,1395.438,459.06,1,8,39.046,1,8,421.19,1,8,55087.2,1,8,3709.375,1,8,46330.912,1,8,138.233,1,8,-9900,?,9,-9900,?,9,26.66,E,8,20.68,E,8,72.0,E,8,964.3861999999999,E,8,999.0,E,8,3.37,E,8,-9900,?,9,-9900,?,9,0.028000000000000004,E,8,-9900,?,9,-9900,?,9,0.28,99.0,E,8
02/24/2021,13:00,1355.189,1395.438,477.57,1,8,44.237,1,8,434.609,1,8,57308.4,1,8,4202.536,1,8,47807.041,1,8,142.452,1,8,-9900,?,9,-9900,?,9,27.43,E,8,20.94,E,8,70.0,E,8,964.3861999999999,E,8,999.0,E,8,5.47,E,8,-9900,?,9,-9900,?,9,0.019,E,8,-9900,?,9,-9900,?,9,0.19,99.0,E,8
02/24/2021,14:00,1270.208,1395.438,460.48,1,8,51.076,1,8,413.991,1,8,55257.6,1,8,4852.184,1,8,45538.993,1,8,144.778,1,8,-9900,?,9,-9900,?,9,27.92,E,8,21.11,E,8,66.0,E,8,964.3861999999999,E,8,999.0,E,8,6.17,E,8,-9900,?,9,-9900,?,9,0.0,E,8,-9900,?,9,-9900,?,9,0.0,0.0,E,8
02/24/2021,15:00,1104.273,1395.438,409.03,1,8,45.329,1,8,373.166,1,8,49083.6,1,8,4306.22,1,8,41048.225,1,8,150.128,1,8,-9900,?,9,-9900,?,9,28.12,E,8,21.18,E,8,69.0,E,8,964.3861999999999,E,8,999.0,E,8,4.39,E,8,-9900,?,9,-9900,?,9,0.001,E,8,-9900,?,9,-9900,?,9,0.01,99.0,E,8
02/24/2021,16:00,868.72,1395.438,327.08,1,8,39.71,1,8,302.37,1,8,39249.6,1,8,3772.483,1,8,33260.706,1,8,154.675,1,8,-9900,?,9,-9900,?,9,27.98,E,8,21.13,E,8,69.0,E,8,964.3861999999999,E,8,999.0,E,8,4.78,E,8,-9900,?,9,-9900,?,9,0.001,E,8,-9900,?,9,-9900,?,9,0.01,99.0,E,8
02/24/2021,17:00,579.712,1395.438,221.21,1,8,97.491,1,8,180.765,1,8,26545.2,1,8,9261.672,1,8,19884.193,1,8,138.698,1,8,-9900,?,9,-9900,?,9,27.39,E,8,20.93,E,8,67.0,E,8,964.3861999999999,E,8,999.0,E,8,3.56,E,8,-9900,?,9,-9900,?,9,0.0,E,8,-9900,?,9,-9900,?,9,0.0,0.0,E,8
02/24/2021,18:00,257.596,1395.438,102.29,1,8,168.957,1,8,71.348,1,8,12274.8,1,8,16050.894,1,8,7848.328,1,8,124.013,1,8,-9900,?,9,-9900,?,9,26.43,E,8,20.6,E,8,72.0,E,8,964.3861999999999,E,8,999.0,E,8,2.63,E,8,-9900,?,9,-9900,?,9,0.009,E,8,-9900,?,9,-9900,?,9,0.09,99.0,E,8
02/24/2021,19:00,0.0,1395.438,4.85,1,8,0.0,1,8,0.0,1,8,582.0,1,8,0.0,1,8,0.0,1,8,-0.0,1,8,-9900,?,9,-9900,?,9,25.81,E,8,20.38,E,8,73.0,E,8,964.3861999999999,E,8,999.0,E,8,2.63,E,8,-9900,?,9,-9900,?,9,0.043,E,8,-9900,?,9,-9900,?,9,0.43,99.0,E,8
02/24/2021,20:00,0.0,1395.438,0.0,1,8,0.0,1,8,0.0,1,8,0.0,1,8,0.0,1,8,0.0,1,8,-0.0,1,8,-9900,?,9,-9900,?,9,25.2,E,8,20.16,E,8,71.0,E,8,964.3861999999999,E,8,999.0,E,8,2.63,E,8,-9900,?,9,-9900,?,9,0.0,E,8,-9900,?,9,-9900,?,9,0.0,0.0,E,8
02/24/2021,21:00,0.0,1395.438,0.0,1,8,0.0,1,8,0.0,1,8,0.0,1,8,0.0,1,8,0.0,1,8,-0.0,1,8,-9900,?,9,-9900,?,9,24.58,E,8,19.94,E,8,76.0,E,8,964.3861999999999,E,8,999.0,E,8,2.63,E,8,-9900,?,9,-9900,?,9,0.006,E,8,-9900,?,9,-9900,?,9,0.06,99.0,E,8
02/24/2021,22:00,0.0,1395.438,0.0,1,8,0.0,1,8,0.0,1,8,0.0,1,8,0.0,1,8,0.0,1,8,-0.0,1,8,-9900,?,9,-9900,?,9,23.97,E,8,19.72,E,8,73.0,E,8,964.3861999999999,E,8,999.0,E,8,2.63,E,8,-9900,?,9,-9900,?,9,0.0,E,8,-9900,?,9,-9900,?,9,0.0,0.0,E,8
02/24/2021,23:00,0.0,1395.438,0.0,1,8,0.0,1,8,0.0,1,8,0.0,1,8,0.0,1,8,0.0,1,8,-0.0,1,8,-9900,?,9,-9900,?,9,23.35,E,8,19.49,E,8,75.0,E,8,964.3861999999999,E,8,999.0,E,8,2.63,E,8,-9900,?,9,-9900,?,9,0.0,E,8,-9900,?,9,-9900,?,9,0.0,0.0,E,8
02/24/2021,24:00,0.0,1395.438,0.0,1,8,0.0,1,8,0.0,1,8,0.0,1,8,0.0,1,8,0.0,1,8,-0.0,1,8,-9900,?,9,-9900,?,9,22.74,E,8,19.89,E,8,83.0,E,8,964.3861999999999,E,8,999.0,E,8,1.3,E,8,-9900,?,9,-9900,?,9,0.0,E,8,-9900,?,9,-9900,?,9,0.0,0.0,E,8
02/25/2021,01:00,0.0,1395.438,0.0,1,8,0.0,1,8,0.0,1,8,0.0,1,8,0.0,1,8,0.0,1,8,-0.0,1,8,-9900,?,9,-9900,?,9,22.43,E,8,19.82,E,8,85.0,E,8,964.3861999999999,E,8,999.0,E,8,1.3,E,8,-9900,?,9,-9900,?,9,0.0,E,8,-9900,?,9,-9900,?,9,0.0,0.0,E,8
02/25/2021,02:00,0.0,1395.438,0.0,1,8,0.0,1,8,0.0,1,8,0.0,1,8,0.0,1,8,0.0,1,8,-0.0,1,8,-9900,?,9,-9900,?,9,22.13,E,8,19.76,E,8,86.0,E,8,964.3861999999999,E,8,999.0,E,8,1.3,E,8,-9900,?,9,-9900,?,9,0.0,E,8,-9900,?,9,-9900,?,9,0.0,0.0,E,8
02/25/2021,03:00,0.0,1395.438,0.0,1,8,0.0,1,8,0.0,1,8,0.0,1,8,0.0,1,8,0.0,1,8,-0.0,1,8,-9900,?,9,-9900,?,9,21.82,E,8,19.69,E,8,87.0,E,8,964.3861999999999,E,8,999.0,E,8,1.3,E,8,-9900,?,9,-9900,?,9,0.0,E,8,-9900,?,9,-9900,?,9,0.0,0.0,E,8
02/25/2021,04:00,0.0,1394.773,0.0,1,8,0.0,1,8,0.0,1,8,0.0,1,8,0.0,1,8,0.0,1,8,-0.0,1,8,-9900,?,9,-9900,?,9,21.51,E,8,19.62,E,8,88.0,E,8,964.3861999999999,E,8,999.0,E,8,1.3,E,8,-9900,?,9,-9900,?,9,0.0,E,8,-9900,?,9,-9900,?,9,0.0,0.0,E,8
02/25/2021,05:00,0.0,1394.773,0.0,1,8,0.0,1,8,0.0,1,8,0.0,1,8,0.0,1,8,0.0,1,8,-0.0,1,8,-9900,?,9,-9900,?,9,21.2,E,8,19.55,E,8,90.0,E,8,964.3861999999999,E,8,999.0,E,8,1.3,E,8,-9900,?,9,-9900,?,9,0.0,E,8,-9900,?,9,-9900,?,9,0.0,0.0,E,8
02/25/2021,06:00,0.0,1394.773,0.0,1,8,0.0,1,8,0.0,1,8,0.0,1,8,0.0,1,8,0.0,1,8,-0.0,1,8,-9900,?,9,-9900,?,9,20.97,E,8,19.49,E,8,91.0,E,8,964.3861999999999,E,8,999.0,E,8,1.3,E,8,-9900,?,9,-9900,?,9,0.0,E,8,-9900,?,9,-9900,?,9,0.0,0.0,E,8
02/25/2021,07:00,242.819,1394.773,3.52,1,8,0.0,1,8,3.52,1,8,422.4,1,8,0.0,1,8,387.2,1,8,6.494,1,8,-9900,?,9,-9900,?,9,20.76,E,8,19.45,E,8,92.0,E,8,964.3861999999999,E,8,999.0,E,8,1.3,E,8,-9900,?,9,-9900,?,9,0.0,E,8,-9900,?,9,-9900,?,9,0.0,0.0,E,8
02/25/2021,08:00,565.54,1394.773,107.92,1,8,0.0,1,8,107.92,1,8,12950.4,1,8,0.0,1,8,11871.2,1,8,84.847,1,8,-9900,?,9,-9900,?,9,20.56,E,8,19.4,E,8,93.0,E,8,964.3861999999999,E,8,999.0,E,8,1.3,E,8,-9900,?,9,-9900,?,9,0.0,E,8,-9900,?,9,-9900,?,9,0.0,0.0,E,8
02/25/2021,09:00,856.111,1394.773,240.2,1,8,16.689,1,8,229.961,1,8,28824.0,1,8,1585.458,1,8,25295.737,1,8,119.313,1,8,-9900,?,9,-9900,?,9,23.93,E,8,20.15,E,8,79.0,E,8,964.3861999999999,E,8,999.0,E,8,1.3,E,8,-9900,?,9,-9900,?,9,0.0,E,8,-9900,?,9,-9900,?,9,0.0,0.0,E,8
02/25/2021,10:00,1093.984,1394.773,358.68,1,8,28.498,1,8,336.332,1,8,43041.6,1,8,2707.343,1,8,36996.471,1,8,136.518,1,8,-9900,?,9,-9900,?,9,25.13,E,8,20.42,E,8,75.0,E,8,964.3861999999999,E,8,999.0,E,8,1.3,E,8,-9900,?,9,-9900,?,9,0.0,E,8,-9900,?,9,-9900,?,9,0.0,0.0,E,8
02/25/2021,11:00,1262.8,1394.773,450.94,1,8,35.793,1,8,418.536,1,8,54112.8,1,8,3400.316,1,8,46038.959,1,8,147.157,1,8,-9900,?,9,-9900,?,9,26.17,E,8,20.64,E,8,71.0,E,8,964.3861999999999,E,8,999.0,E,8,1.3,E,8,-9900,?,9,-9900,?,9,0.0,E,8,-9900,?,9,-9900,?,9,0.0,0.0,E,8
02/25/2021,12:00,1350.995,1394.773,509.53,1,8,57.321,1,8,454.009,1,8,61143.6,1,8,5445.516,1,8,49940.992,1,8,149.201,1,8,-9900,?,9,-9900,?,9,27.02,E,8,20.82,E,8,68.0,E,8,964.3861999999999,E,8,999.0,E,8,1.3,E,8,-9900,?,9,-9900,?,9,0.0,E,8,-9900,?,9,-9900,?,9,0.0,0.0,E,8
02/25/2021,13:00,1352.525,1394.773,530.01,1,8,65.002,1,8,466.978,1,8,63601.2,1,8,6175.184,1,8,51367.597,1,8,153.29,1,8,-9900,?,9,-9900,?,9,27.66,E,8,20.95,E,8,66.0,E,8,964.3861999999999,E,8,999.0,E,8,1.3,E,8,-9900,?,9,-9900,?,9,0.0,E,8,-9900,?,9,-9900,?,9,0.0,0.0,E,8
02/25/2021,14:00,1267.27,1394.773,510.9,1,8,45.928,1,8,469.173,1,8,61308.0,1,8,4363.194,1,8,51609.004,1,8,164.378,1,8,-9900,?,9,-9900,?,9,28.06,E,8,21.04,E,8,65.0,E,8,964.3861999999999,E,8,999.0,E,8,1.3,E,8,-9900,?,9,-9900,?,9,0.0,E,8,-9900,?,9,-9900,?,9,0.0,0.0,E,8
02/25/2021,15:00,1101.039,1394.773,453.57,1,8,68.745,1,8,399.312,1,8,54428.4,1,8,6530.774,1,8,43924.329,1,8,161.043,1,8,-9900,?,9,-9900,?,9,28.22,E,8,21.07,E,8,65.0,E,8,964.3861999999999,E,8,999.0,E,8,1.3,E,8,-9900,?,9,-9900,?,9,0.0,E,8,-9900,?,9,-9900,?,9,0.0,0.0,E,8
02/25/2021,16:00,865.187,1394.773,362.33,1,8,73.619,1,8,316.685,1,8,43479.6,1,8,6993.826,1,8,34835.343,1,8,162.583,1,8,-9900,?,9,-9900,?,9,28.1,E,8,21.04,E,8,65.0,E,8,964.3861999999999,E,8,999.0,E,8,1.3,E,8,-9900,?,9,-9900,?,9,0.0,E,8,-9900,?,9,-9900,?,9,0.0,0.0,E,8
02/25/2021,17:00,575.9,1394.773,244.52,1,8,153.121,1,8,181.386,1,8,29342.4,1,8,14546.482,1,8,19952.49,1,8,140.032,1,8,-9900,?,9,-9900,?,9,27.61,E,8,20.94,E,8,67.0,E,8,964.3861999999999,E,8,999.0,E,8,1.3,E,8,-9900,?,9,-9900,?,9,0.0,E,8,-9900,?,9,-9900,?,9,0.0,0.0,E,8
02/25/2021,18:00,253.562,1394.773,116.84,1,8,343.104,1,8,54.976,1,8,14020.8,1,8,32594.866,1,8,6047.393,1,8,97.054,1,8,-9900,?,9,-9900,?,9,26.83,E,8,20.78,E,8,69.0,E,8,964.3861999999999,E,8,999.0,E,8,1.3,E,8,-9900,?,9,-9900,?,9,0.0,E,8,-9900,?,9,-9900,?,9,0.0,0.0,E,8
02/25/2021,19:00,0.0,1394.773,25.83,1,8,0.0,1,8,0.0,1,8,3099.6,1,8,0.0,1,8,0.0,1,8,-0.0,1,8,-9900,?,9,-9900,?,9,26.18,E,8,20.64,E,8,71.0,E,8,964.3861999999999,E,8,999.0,E,8,1.3,E,8,-9900,?,9,-9900,?,9,0.0,E,8,-9900,?,9,-9900,?,9,0.0,0.0,E,8
02/25/2021,20:00,0.0,1394.773,0.0,1,8,0.0,1,8,0.0,1,8,0.0,1,8,0.0,1,8,0.0,1,8,-0.0,1,8,-9900,?,9,-9900,?,9,25.53,E,8,20.5,E,8,73.0,E,8,964.3861999999999,E,8,999.0,E,8,1.3,E,8,-9900,?,9,-9900,?,9,0.0,E,8,-9900,?,9,-9900,?,9,0.0,0.0,E,8
02/25/2021,21:00,0.0,1394.773,0.0,1,8,0.0,1,8,0.0,1,8,0.0,1,8,0.0,1,8,0.0,1,8,-0.0,1,8,-9900,?,9,-9900,?,9,24.88,E,8,20.36,E,8,76.0,E,8,964.3861999999999,E,8,999.0,E,8,1.3,E,8,-9900,?,9,-9900,?,9,0.0,E,8,-9900,?,9,-9900,?,9,0.0,0.0,E,8
02/25/2021,22:00,0.0,1394.773,0.0,1,8,0.0,1,8,0.0,1,8,0.0,1,8,0.0,1,8,0.0,1,8,-0.0,1,8,-9900,?,9,-9900,?,9,24.23,E,8,20.22,E,8,78.0,E,8,964.3861999999999,E,8,999.0,E,8,1.3,E,8,-9900,?,9,-9900,?,9,0.0,E,8,-9900,?,9,-9900,?,9,0.0,0.0,E,8
02/25/2021,23:00,0.0,1394.773,0.0,1,8,0.0,1,8,0.0,1,8,0.0,1,8,0.0,1,8,0.0,1,8,-0.0,1,8,-9900,?,9,-9900,?,9,23.58,E,8,20.08,E,8,80.0,E,8,964.3861999999999,E,8,999.0,E,8,1.3,E,8,-9900,?,9,-9900,?,9,0.0,E,8,-9900,?,9,-9900,?,9,0.0,0.0,E,8
02/25/2021,24:00,0.0,1394.773,0.0,1,8,0.0,1,8,0.0,1,8,0.0,1,8,0.0,1,8,0.0,1,8,-0.0,1,8,-9900,?,9,-9900,?,9,22.93,E,8,18.62,E,8,76.0,E,8,964.3861999999999,E,8,999.0,E,8,1.3,E,8,-9900,?,9,-9900,?,9,0.0,E,8,-9900,?,9,-9900,?,9,0.0,0.0,E,8
02/26/2021,01:00,0.0,1394.773,0.0,1,8,0.0,1,8,0.0,1,8,0.0,1,8,0.0,1,8,0.0,1,8,-0.0,1,8,-9900,?,9,-9900,?,9,22.61,E,8,18.6,E,8,78.0,E,8,964.3861999999999,E,8,999.0,E,8,1.3,E,8,-9900,?,9,-9900,?,9,0.0,E,8,-9900,?,9,-9900,?,9,0.0,0.0,E,8
02/26/2021,02:00,0.0,1394.773,0.0,1,8,0.0,1,8,0.0,1,8,0.0,1,8,0.0,1,8,0.0,1,8,-0.0,1,8,-9900,?,9,-9900,?,9,22.28,E,8,18.58,E,8,79.0,E,8,964.3861999999999,E,8,999.0,E,8,1.3,E,8,-9900,?,9,-9900,?,9,0.0,E,8,-9900,?,9,-9900,?,9,0.0,0.0,E,8
02/26/2021,03:00,0.0,1394.773,0.0,1,8,0.0,1,8,0.0,1,8,0.0,1,8,0.0,1,8,0.0,1,8,-0.0,1,8,-9900,?,9,-9900,?,9,21.96,E,8,18.56,E,8,81.0,E,8,964.3861999999999,E,8,999.0,E,8,1.3,E,8,-9900,?,9,-9900,?,9,0.0,E,8,-9900,?,9,-9900,?,9,0.0,0.0,E,8
02/26/2021,04:00,0.0,1394.1,0.0,1,8,0.0,1,8,0.0,1,8,0.0,1,8,0.0,1,8,0.0,1,8,-0.0,1,8,-9900,?,9,-9900,?,9,21.63,E,8,18.54,E,8,82.0,E,8,964.3861999999999,E,8,999.0,E,8,1.3,E,8,-9900,?,9,-9900,?,9,0.0,E,8,-9900,?,9,-9900,?,9,0.0,0.0,E,8
02/26/2021,05:00,0.0,1394.1,0.0,1,8,0.0,1,8,0.0,1,8,0.0,1,8,0.0,1,8,0.0,1,8,-0.0,1,8,-9900,?,9,-9900,?,9,21.31,E,8,18.52,E,8,84.0,E,8,964.3861999999999,E,8,999.0,E,8,1.3,E,8,-9900,?,9,-9900,?,9,0.0,E,8,-9900,?,9,-9900,?,9,0.0,0.0,E,8
02/26/2021,06:00,0.0,1394.1,0.0,1,8,0.0,1,8,0.0,1,8,0.0,1,8,0.0,1,8,0.0,1,8,-0.0,1,8,-9900,?,9,-9900,?,9,21.06,E,8,18.51,E,8,85.0,E,8,964.3861999999999,E,8,999.0,E,8,1.3,E,8,-9900,?,9,-9900,?,9,0.0,E,8,-9900,?,9,-9900,?,9,0.0,0.0,E,8
02/26/2021,07:00,240.543,1394.1,6.86,1,8,0.0,1,8,6.86,1,8,823.2,1,8,0.0,1,8,754.6,1,8,12.771,1,8,-9900,?,9,-9900,?,9,20.84,E,8,18.49,E,8,86.0,E,8,964.3861999999999,E,8,999.0,E,8,1.3,E,8,-9900,?,9,-9900,?,9,0.0,E,8,-9900,?,9,-9900,?,9,0.0,0.0,E,8
02/26/2021,08:00,563.362,1394.1,209.2,1,8,99.54,1,8,169.035,1,8,25104.0,1,8,9456.333,1,8,18593.889,1,8,133.347,1,8,-9900,?,9,-9900,?,9,20.63,E,8,18.48,E,8,87.0,E,8,964.3861999999999,E,8,999.0,E,8,1.3,E,8,-9900,?,9,-9900,?,9,0.0,E,8,-9900,?,9,-9900,?,9,0.0,0.0,E,8
02/26/2021,09:00,853.966,1394.1,462.95,1,8,304.401,1,8,276.578,1,8,55554.0,1,8,28918.08,1,8,30423.59,1,8,143.792,1,8,-9900,?,9,-9900,?,9,25.04,E,8,18.76,E,8,68.0,E,8,964.3861999999999,E,8,999.0,E,8,1.3,E,8,-9900,?,9,-9900,?,9,0.0,E,8,-9900,?,9,-9900,?,9,0.0,0.0,E,8
02/26/2021,10:00,1091.794,1394.1,687.97,1,8,499.719,1,8,296.686,1,8,82556.4,1,8,47473.337,1,8,32635.423,1,8,120.609,1,8,-9900,?,9,-9900,?,9,26.58,E,8,18.85,E,8,62.0,E,8,964.3861999999999,E,8,999.0,E,8,1.3,E,8,-9900,?,9,-9900,?,9,0.0,E,8,-9900,?,9,-9900,?,9,0.0,0.0,E,8
02/26/2021,11:00,1260.488,1394.1,866.9,1,8,563.073,1,8,357.826,1,8,104028.0,1,8,53491.918,1,8,39360.858,1,8,125.981,1,8,-9900,?,9,-9900,?,9,27.93,E,8,18.94,E,8,58.0,E,8,964.3861999999999,E,8,999.0,E,8,1.3,E,8,-9900,?,9,-9900,?,9,0.0,E,8,-9900,?,9,-9900,?,9,0.0,0.0,E,8
02/26/2021,12:00,1348.493,1394.1,979.55,1,8,665.206,1,8,336.119,1,8,117546.0,1,8,63194.598,1,8,36973.037,1,8,110.611,1,8,-9900,?,9,-9900,?,9,29.04,E,8,19.0,E,8,54.0,E,8,964.3861999999999,E,8,999.0,E,8,1.3,E,8,-9900,?,9,-9900,?,9,0.0,E,8,-9900,?,9,-9900,?,9,0.0,0.0,E,8
02/26/2021,13:00,1349.779,1394.1,1021.22,1,8,803.323,1,8,243.452,1,8,122546.4,1,8,76315.656,1,8,26779.723,1,8,80.039,1,8,-9900,?,9,-9900,?,9,29.87,E,8,19.05,E,8,52.0,E,8,964.3861999999999,E,8,999.0,E,8,1.3,E,8,-9900,?,9,-9900,?,9,0.0,E,8,-9900,?,9,-9900,?,9,0.0,0.0,E,8
02/26/2021,14:00,1264.241,1394.1,983.39,1,8,938.21,1,8,132.627,1,8,118006.8,1,8,89129.984,1,8,14589.017,1,8,46.556,1,8,-9900,?,9,-9900,?,9,30.4,E,8,19.09,E,8,50.0,E,8,964.3861999999999,E,8,999.0,E,8,1.3,E,8,-9900,?,9,-9900,?,9,0.0,E,8,-9900,?,9,-9900,?,9,0.0,0.0,E,8
02/26/2021,15:00,1097.708,1394.1,883.3,1,8,777.641,1,8,271.1,1,8,105996.0,1,8,73875.877,1,8,29820.977,1,8,109.614,1,8,-9900,?,9,-9900,?,9,30.62,E,8,19.1,E,8,50.0,E,8,964.3861999999999,E,8,999.0,E,8,1.3,E,8,-9900,?,9,-9900,?,9,0.0,E,8,-9900,?,9,-9900,?,9,0.0,0.0,E,8
02/26/2021,16:00,861.556,1394.1,704.09,1,8,831.718,1,8,190.331,1,8,84490.8,1,8,79013.255,1,8,20936.375,1,8,98.079,1,8,-9900,?,9,-9900,?,9,30.48,E,8,19.09,E,8,50.0,E,8,964.3861999999999,E,8,999.0,E,8,1.3,E,8,-9900,?,9,-9900,?,9,0.0,E,8,-9900,?,9,-9900,?,9,0.0,0.0,E,8
02/26/2021,17:00,571.995,1394.1,474.22,1,8,808.993,1,8,142.77,1,8,56906.4,1,8,76854.347,1,8,15704.721,1,8,110.921,1,8,-9900,?,9,-9900,?,9,29.85,E,8,19.05,E,8,52.0,E,8,964.3861999999999,E,8,999.0,E,8,1.3,E,8,-9900,?,9,-9900,?,9,0.0,E,8,-9900,?,9,-9900,?,9,0.0,0.0,E,8
02/26/2021,18:00,249.447,1394.1,216.13,1,8,597.348,1,8,110.149,1,8,25935.6,1,8,56748.085,1,8,12116.39,1,8,197.62,1,8,-9900,?,9,-9900,?,9,28.82,E,8,18.99,E,8,55.0,E,8,964.3861999999999,E,8,999.0,E,8,1.3,E,8,-9900,?,9,-9900,?,9,0.0,E,8,-9900,?,9,-9900,?,9,0.0,0.0,E,8
02/26/2021,19:00,0.0,1394.1,9.18,1,8,0.0,1,8,0.0,1,8,1101.6,1,8,0.0,1,8,0.0,1,8,-0.0,1,8,-9900,?,9,-9900,?,9,28.13,E,8,18.95,E,8,57.0,E,8,964.3861999999999,E,8,999.0,E,8,1.3,E,8,-9900,?,9,-9900,?,9,0.0,E,8,-9900,?,9,-9900,?,9,0.0,0.0,E,8
02/26/2021,20:00,0.0,1394.1,0.0,1,8,0.0,1,8,0.0,1,8,0.0,1,8,0.0,1,8,0.0,1,8,-0.0,1,8,-9900,?,9,-9900,?,9,27.44,E,8,18.91,E,8,59.0,E,8,964.3861999999999,E,8,999.0,E,8,1.3,E,8,-9900,?,9,-9900,?,9,0.0,E,8,-9900,?,9,-9900,?,9,0.0,0.0,E,8
02/26/2021,21:00,0.0,1394.1,0.0,1,8,0.0,1,8,0.0,1,8,0.0,1,8,0.0,1,8,0.0,1,8,-0.0,1,8,-9900,?,9,-9900,?,9,26.76,E,8,18.86,E,8,61.0,E,8,964.3861999999999,E,8,999.0,E,8,1.3,E,8,-9900,?,9,-9900,?,9,0.0,E,8,-9900,?,9,-9900,?,9,0.0,0.0,E,8
02/26/2021,22:00,0.0,1394.1,0.0,1,8,0.0,1,8,0.0,1,8,0.0,1,8,0.0,1,8,0.0,1,8,-0.0,1,8,-9900,?,9,-9900,?,9,26.07,E,8,18.82,E,8,64.0,E,8,964.3861999999999,E,8,999.0,E,8,1.3,E,8,-9900,?,9,-9900,?,9,0.0,E,8,-9900,?,9,-9900,?,9,0.0,0.0,E,8
02/26/2021,23:00,0.0,1394.1,0.0,1,8,0.0,1,8,0.0,1,8,0.0,1,8,0.0,1,8,0.0,1,8,-0.0,1,8,-9900,?,9,-9900,?,9,25.38,E,8,18.78,E,8,66.0,E,8,964.3861999999999,E,8,999.0,E,8,1.3,E,8,-9900,?,9,-9900,?,9,0.0,E,8,-9900,?,9,-9900,?,9,0.0,0.0,E,8
02/26/2021,24:00,0.0,1394.1,0.0,1,8,0.0,1,8,0.0,1,8,0.0,1,8,0.0,1,8,0.0,1,8,-0.0,1,8,-9900,?,9,-9900,?,9,24.7,E,8,20.5,E,8,74.0,E,8,964.3861999999999,E,8,999.0,E,8,0.92,E,8,-9900,?,9,-9900,?,9,0.0,E,8,-9900,?,9,-9900,?,9,0.0,0.0,E,8
02/27/2021,01:00,0.0,1394.1,0.0,1,8,0.0,1,8,0.0,1,8,0.0,1,8,0.0,1,8,0.0,1,8,-0.0,1,8,-9900,?,9,-9900,?,9,24.35,E,8,20.4,E,8,79.0,E,8,964.3861999999999,E,8,999.0,E,8,0.92,E,8,-9900,?,9,-9900,?,9,0.001,E,8,-9900,?,9,-9900,?,9,0.01,99.0,E,8
02/27/2021,02:00,0.0,1394.1,0.0,1,8,0.0,1,8,0.0,1,8,0.0,1,8,0.0,1,8,0.0,1,8,-0.0,1,8,-9900,?,9,-9900,?,9,24.01,E,8,20.3,E,8,76.0,E,8,964.3861999999999,E,8,999.0,E,8,0.92,E,8,-9900,?,9,-9900,?,9,0.0,E,8,-9900,?,9,-9900,?,9,0.0,0.0,E,8
02/27/2021,03:00,0.0,1394.1,0.0,1,8,0.0,1,8,0.0,1,8,0.0,1,8,0.0,1,8,0.0,1,8,-0.0,1,8,-9900,?,9,-9900,?,9,23.67,E,8,20.2,E,8,77.0,E,8,964.3861999999999,E,8,999.0,E,8,0.92,E,8,-9900,?,9,-9900,?,9,0.0,E,8,-9900,?,9,-9900,?,9,0.0,0.0,E,8
02/27/2021,04:00,0.0,1393.419,0.0,1,8,0.0,1,8,0.0,1,8,0.0,1,8,0.0,1,8,0.0,1,8,-0.0,1,8,-9900,?,9,-9900,?,9,23.32,E,8,20.09,E,8,82.0,E,8,964.3861999999999,E,8,999.0,E,8,0.92,E,8,-9900,?,9,-9900,?,9,0.004,E,8,-9900,?,9,-9900,?,9,0.04,99.0,E,8
02/27/2021,05:00,0.0,1393.419,0.0,1,8,0.0,1,8,0.0,1,8,0.0,1,8,0.0,1,8,0.0,1,8,-0.0,1,8,-9900,?,9,-9900,?,9,22.98,E,8,19.99,E,8,79.0,E,8,964.3861999999999,E,8,999.0,E,8,0.92,E,8,-9900,?,9,-9900,?,9,0.0,E,8,-9900,?,9,-9900,?,9,0.0,0.0,E,8
02/27/2021,06:00,0.0,1393.419,0.0,1,8,0.0,1,8,0.0,1,8,0.0,1,8,0.0,1,8,0.0,1,8,-0.0,1,8,-9900,?,9,-9900,?,9,22.72,E,8,19.91,E,8,80.0,E,8,964.3861999999999,E,8,999.0,E,8,0.92,E,8,-9900,?,9,-9900,?,9,0.0,E,8,-9900,?,9,-9900,?,9,0.0,0.0,E,8
02/27/2021,07:00,238.294,1393.419,8.68,1,8,0.0,1,8,8.68,1,8,1041.6,1,8,0.0,1,8,954.8,1,8,16.307,1,8,-9900,?,9,-9900,?,9,22.49,E,8,19.84,E,8,80.0,E,8,964.3861999999999,E,8,999.0,E,8,0.92,E,8,-9900,?,9,-9900,?,9,0.0,E,8,-9900,?,9,-9900,?,9,0.0,0.0,E,8
02/27/2021,08:00,561.193,1393.419,201.47,1,8,85.354,1,8,167.146,1,8,24176.4,1,8,8108.595,1,8,18386.055,1,8,132.303,1,8,-9900,?,9,-9900,?,9,22.26,E,8,19.77,E,8,85.0,E,8,964.3861999999999,E,8,999.0,E,8,0.92,E,8,-9900,?,9,-9900,?,9,0.001,E,8,-9900,?,9,-9900,?,9,0.01,99.0,E,8
02/27/2021,09:00,851.811,1393.419,430.44,1,8,233.616,1,8,287.699,1,8,51652.8,1,8,22193.521,1,8,31646.836,1,8,149.879,1,8,-9900,?,9,-9900,?,9,25.97,E,8,20.88,E,8,71.0,E,8,964.3861999999999,E,8,999.0,E,8,0.92,E,8,-9900,?,9,-9900,?,9,0.0,E,8,-9900,?,9,-9900,?,9,0.0,0.0,E,8
02/27/2021,10:00,1089.573,1393.419,631.56,1,8,350.769,1,8,357.33,1,8,75787.2,1,8,33323.06,1,8,39306.331,1,8,145.488,1,8,-9900,?,9,-9900,?,9,27.2,E,8,21.23,E,8,68.0,E,8,964.3861999999999,E,8,999.0,E,8,0.97,E,8,-9900,?,9,-9900,?,9,0.0,E,8,-9900,?,9,-9900,?,9,0.0,0.0,E,8
02/27/2021,11:00,1258.126,1393.419,835.66,1,8,516.023,1,8,369.771,1,8,100279.2,1,8,49022.179,1,8,40674.829,1,8,130.368,1,8,-9900,?,9,-9900,?,9,28.42,E,8,21.57,E,8,65.0,E,8,964.3861999999999,E,8,999.0,E,8,1.87,E,8,-9900,?,9,-9900,?,9,0.0,E,8,-9900,?,9,-9900,?,9,0.0,0.0,E,8
02/27/2021,12:00,1345.923,1393.419,905.17,1,8,551.965,1,8,372.031,1,8,108620.4,1,8,52436.664,1,8,40923.369,1,8,122.603,1,8,-9900,?,9,-9900,?,9,29.31,E,8,21.82,E,8,63.0,E,8,964.3861999999999,E,8,999.0,E,8,2.09,E,8,-9900,?,9,-9900,?,9,0.0,E,8,-9900,?,9,-9900,?,9,0.0,0.0,E,8
02/27/2021,13:00,1346.95,1393.419,848.03,1,8,467.324,1,8,396.301,1,8,101763.6,1,8,44395.739,1,8,43593.071,1,8,130.501,1,8,-9900,?,9,-9900,?,9,29.79,E,8,21.95,E,8,62.0,E,8,964.3861999999999,E,8,999.0,E,8,2.83,E,8,-9900,?,9,-9900,?,9,0.0,E,8,-9900,?,9,-9900,?,9,0.0,0.0,E,8
02/27/2021,14:00,1261.119,1393.419,743.16,1,8,347.675,1,8,428.516,1,8,89179.2,1,8,33029.099,1,8,47136.783,1,8,150.72,1,8,-9900,?,9,-9900,?,9,29.96,E,8,21.99,E,8,62.0,E,8,964.3861999999999,E,8,999.0,E,8,2.41,E,8,-9900,?,9,-9900,?,9,0.0,E,8,-9900,?,9,-9900,?,9,0.0,0.0,E,8
02/27/2021,15:00,1094.28,1393.419,670.01,1,8,453.213,1,8,314.158,1,8,80401.2,1,8,43055.194,1,8,34557.407,1,8,127.36,1,8,-9900,?,9,-9900,?,9,29.98,E,8,22.0,E,8,62.0,E,8,964.3861999999999,E,8,999.0,E,8,2.04,E,8,-9900,?,9,-9900,?,9,0.0,E,8,-9900,?,9,-9900,?,9,0.0,0.0,E,8
02/27/2021,16:00,857.83,1393.419,519.73,1,8,479.747,1,8,224.526,1,8,62367.6,1,8,45575.944,1,8,24697.825,1,8,116.146,1,8,-9900,?,9,-9900,?,9,29.68,E,8,21.92,E,8,67.0,E,8,964.3861999999999,E,8,999.0,E,8,2.22,E,8,-9900,?,9,-9900,?,9,0.003,E,8,-9900,?,9,-9900,?,9,0.03,99.0,E,8
02/27/2021,17:00,568.002,1393.419,361.53,1,8,606.975,1,8,114.469,1,8,43383.6,1,8,57662.661,1,8,12591.62,1,8,89.517,1,8,-9900,?,9,-9900,?,9,29.11,E,8,21.76,E,8,68.0,E,8,964.3861999999999,E,8,999.0,E,8,1.68,E,8,-9900,?,9,-9900,?,9,0.007000000000000001,E,8,-9900,?,9,-9900,?,9,0.07,99.0,E,8
02/27/2021,18:00,245.256,1393.419,160.48,1,8,411.745,1,8,88.641,1,8,19257.6,1,8,39115.756,1,8,9750.53,1,8,161.717,1,8,-9900,?,9,-9900,?,9,28.29,E,8,21.53,E,8,70.0,E,8,964.3861999999999,E,8,999.0,E,8,1.29,E,8,-9900,?,9,-9900,?,9,0.011,E,8,-9900,?,9,-9900,?,9,0.11,99.0,E,8
02/27/2021,19:00,0.0,1393.419,10.78,1,8,0.0,1,8,0.0,1,8,1293.6,1,8,0.0,1,8,0.0,1,8,-0.0,1,8,-9900,?,9,-9900,?,9,27.72,E,8,21.38,E,8,71.0,E,8,964.3861999999999,E,8,999.0,E,8,0.92,E,8,-9900,?,9,-9900,?,9,0.016,E,8,-9900,?,9,-9900,?,9,0.16,99.0,E,8
02/27/2021,20:00,0.0,1393.419,0.0,1,8,0.0,1,8,0.0,1,8,0.0,1,8,0.0,1,8,0.0,1,8,-0.0,1,8,-9900,?,9,-9900,?,9,27.16,E,8,21.22,E,8,72.0,E,8,964.3861999999999,E,8,999.0,E,8,0.92,E,8,-9900,?,9,-9900,?,9,0.071,E,8,-9900,?,9,-9900,?,9,0.71,99.0,E,8
02/27/2021,21:00,0.0,1393.419,0.0,1,8,0.0,1,8,0.0,1,8,0.0,1,8,0.0,1,8,0.0,1,8,-0.0,1,8,-9900,?,9,-9900,?,9,26.59,E,8,21.05,E,8,74.0,E,8,964.3861999999999,E,8,999.0,E,8,0.92,E,8,-9900,?,9,-9900,?,9,0.038,E,8,-9900,?,9,-9900,?,9,0.38,99.0,E,8
02/27/2021,22:00,0.0,1393.419,0.0,1,8,0.0,1,8,0.0,1,8,0.0,1,8,0.0,1,8,0.0,1,8,-0.0,1,8,-9900,?,9,-9900,?,9,26.02,E,8,20.89,E,8,75.0,E,8,964.3861999999999,E,8,999.0,E,8,0.92,E,8,-9900,?,9,-9900,?,9,0.024,E,8,-9900,?,9,-9900,?,9,0.24,99.0,E,8
02/27/2021,23:00,0.0,1393.419,0.0,1,8,0.0,1,8,0.0,1,8,0.0,1,8,0.0,1,8,0.0,1,8,-0.0,1,8,-9900,?,9,-9900,?,9,25.45,E,8,20.72,E,8,85.0,E,8,964.3861999999999,E,8,999.0,E,8,0.92,E,8,-9900,?,9,-9900,?,9,1.124,E,8,-9900,?,9,-9900,?,9,11.24,99.0,E,8
02/27/2021,24:00,0.0,1393.419,0.0,1,8,0.0,1,8,0.0,1,8,0.0,1,8,0.0,1,8,0.0,1,8,-0.0,1,8,-9900,?,9,-9900,?,9,24.88,E,8,20.1,E,8,76.0,E,8,964.3861999999999,E,8,999.0,E,8,1.3,E,8,-9900,?,9,-9900,?,9,0.002,E,8,-9900,?,9,-9900,?,9,0.02,99.0,E,8
02/28/2021,01:00,0.0,1393.419,0.0,1,8,0.0,1,8,0.0,1,8,0.0,1,8,0.0,1,8,0.0,1,8,-0.0,1,8,-9900,?,9,-9900,?,9,24.6,E,8,20.04,E,8,72.0,E,8,964.3861999999999,E,8,999.0,E,8,1.3,E,8,-9900,?,9,-9900,?,9,0.0,E,8,-9900,?,9,-9900,?,9,0.0,0.0,E,8
02/28/2021,02:00,0.0,1393.419,0.0,1,8,0.0,1,8,0.0,1,8,0.0,1,8,0.0,1,8,0.0,1,8,-0.0,1,8,-9900,?,9,-9900,?,9,24.31,E,8,19.98,E,8,77.0,E,8,964.3861999999999,E,8,999.0,E,8,1.3,E,8,-9900,?,9,-9900,?,9,0.014000000000000002,E,8,-9900,?,9,-9900,?,9,0.14,99.0,E,8
02/28/2021,03:00,0.0,1393.419,0.0,1,8,0.0,1,8,0.0,1,8,0.0,1,8,0.0,1,8,0.0,1,8,-0.0,1,8,-9900,?,9,-9900,?,9,24.03,E,8,19.92,E,8,74.0,E,8,964.3861999999999,E,8,999.0,E,8,1.3,E,8,-9900,?,9,-9900,?,9,0.0,E,8,-9900,?,9,-9900,?,9,0.0,0.0,E,8
02/28/2021,04:00,0.0,1392.731,0.0,1,8,0.0,1,8,0.0,1,8,0.0,1,8,0.0,1,8,0.0,1,8,-0.0,1,8,-9900,?,9,-9900,?,9,23.75,E,8,19.86,E,8,75.0,E,8,964.3861999999999,E,8,999.0,E,8,1.3,E,8,-9900,?,9,-9900,?,9,0.0,E,8,-9900,?,9,-9900,?,9,0.0,0.0,E,8
02/28/2021,05:00,0.0,1392.731,0.0,1,8,0.0,1,8,0.0,1,8,0.0,1,8,0.0,1,8,0.0,1,8,-0.0,1,8,-9900,?,9,-9900,?,9,23.46,E,8,19.8,E,8,76.0,E,8,964.3861999999999,E,8,999.0,E,8,1.3,E,8,-9900,?,9,-9900,?,9,0.0,E,8,-9900,?,9,-9900,?,9,0.0,0.0,E,8
02/28/2021,06:00,0.0,1392.731,0.0,1,8,0.0,1,8,0.0,1,8,0.0,1,8,0.0,1,8,0.0,1,8,-0.0,1,8,-9900,?,9,-9900,?,9,23.24,E,8,19.75,E,8,76.0,E,8,964.3861999999999,E,8,999.0,E,8,1.3,E,8,-9900,?,9,-9900,?,9,0.0,E,8,-9900,?,9,-9900,?,9,0.0,0.0,E,8
02/28/2021,07:00,236.072,1392.731,3.58,1,8,0.0,1,8,3.58,1,8,429.6,1,8,0.0,1,8,393.8,1,8,6.787,1,8,-9900,?,9,-9900,?,9,23.06,E,8,19.71,E,8,77.0,E,8,964.3861999999999,E,8,999.0,E,8,1.3,E,8,-9900,?,9,-9900,?,9,0.0,E,8,-9900,?,9,-9900,?,9,0.0,0.0,E,8
02/28/2021,08:00,559.031,1392.731,133.46,1,8,0.172,1,8,133.391,1,8,16015.2,1,8,16.314,1,8,14673.029,1,8,105.942,1,8,-9900,?,9,-9900,?,9,22.87,E,8,19.67,E,8,82.0,E,8,964.3861999999999,E,8,999.0,E,8,1.3,E,8,-9900,?,9,-9900,?,9,0.008,E,8,-9900,?,9,-9900,?,9,0.08,99.0,E,8
02/28/2021,09:00,849.643,1392.731,300.34,1,8,43.986,1,8,273.519,1,8,36040.8,1,8,4178.699,1,8,30087.113,1,8,142.785,1,8,-9900,?,9,-9900,?,9,25.87,E,8,20.31,E,8,69.0,E,8,964.3861999999999,E,8,999.0,E,8,1.3,E,8,-9900,?,9,-9900,?,9,0.0,E,8,-9900,?,9,-9900,?,9,0.0,0.0,E,8
02/28/2021,10:00,1087.319,1392.731,449.75,1,8,99.213,1,8,372.308,1,8,53970.0,1,8,9425.265,1,8,40953.854,1,8,151.825,1,8,-9900,?,9,-9900,?,9,26.94,E,8,20.53,E,8,66.0,E,8,964.3861999999999,E,8,999.0,E,8,1.3,E,8,-9900,?,9,-9900,?,9,0.0,E,8,-9900,?,9,-9900,?,9,0.0,0.0,E,8
02/28/2021,11:00,1255.711,1392.731,565.98,1,8,87.918,1,8,486.717,1,8,67917.6,1,8,8352.223,1,8,53538.844,1,8,171.843,1,8,-9900,?,9,-9900,?,9,27.88,E,8,20.73,E,8,64.0,E,8,964.3861999999999,E,8,999.0,E,8,1.3,E,8,-9900,?,9,-9900,?,9,0.0,E,8,-9900,?,9,-9900,?,9,0.0,0.0,E,8
02/28/2021,12:00,1343.285,1392.731,639.58,1,8,84.869,1,8,557.726,1,8,76749.6,1,8,8062.584,1,8,61349.815,1,8,184.068,1,8,-9900,?,9,-9900,?,9,28.65,E,8,20.89,E,8,62.0,E,8,964.3861999999999,E,8,999.0,E,8,1.3,E,8,-9900,?,9,-9900,?,9,0.0,E,8,-9900,?,9,-9900,?,9,0.0,0.0,E,8
02/28/2021,13:00,1344.039,1392.731,665.02,1,8,99.134,1,8,569.354,1,8,79802.4,1,8,9417.745,1,8,62628.914,1,8,187.801,1,8,-9900,?,9,-9900,?,9,29.22,E,8,21.0,E,8,61.0,E,8,964.3861999999999,E,8,999.0,E,8,1.3,E,8,-9900,?,9,-9900,?,9,0.0,E,8,-9900,?,9,-9900,?,9,0.0,0.0,E,8
02/28/2021,14:00,1257.907,1392.731,640.43,1,8,143.403,1,8,510.918,1,8,76851.6,1,8,13623.242,1,8,56201.004,1,8,180.073,1,8,-9900,?,9,-9900,?,9,29.57,E,8,21.07,E,8,60.0,E,8,964.3861999999999,E,8,999.0,E,8,1.3,E,8,-9900,?,9,-9900,?,9,0.0,E,8,-9900,?,9,-9900,?,9,0.0,0.0,E,8
02/28/2021,15:00,1090.757,1392.731,567.6,1,8,175.758,1,8,429.975,1,8,68112.0,1,8,16697.04,1,8,47297.286,1,8,174.789,1,8,-9900,?,9,-9900,?,9,29.72,E,8,21.1,E,8,59.0,E,8,964.3861999999999,E,8,999.0,E,8,1.3,E,8,-9900,?,9,-9900,?,9,0.0,E,8,-9900,?,9,-9900,?,9,0.0,0.0,E,8
02/28/2021,16:00,854.011,1392.731,451.99,1,8,231.786,1,8,309.93,1,8,54238.8,1,8,22019.634,1,8,34092.322,1,8,160.964,1,8,-9900,?,9,-9900,?,9,29.6,E,8,21.08,E,8,60.0,E,8,964.3861999999999,E,8,999.0,E,8,1.3,E,8,-9900,?,9,-9900,?,9,0.0,E,8,-9900,?,9,-9900,?,9,0.0,0.0,E,8
02/28/2021,17:00,563.922,1392.731,302.94,1,8,347.309,1,8,162.522,1,8,36352.8,1,8,32994.312,1,8,17877.454,1,8,127.955,1,8,-9900,?,9,-9900,?,9,29.16,E,8,20.99,E,8,61.0,E,8,964.3861999999999,E,8,999.0,E,8,1.3,E,8,-9900,?,9,-9900,?,9,0.0,E,8,-9900,?,9,-9900,?,9,0.0,0.0,E,8
02/28/2021,18:00,240.991,1392.731,179.032,1,8,263.692,1,8,133.816,1,8,21483.84,1,8,25050.705,1,8,14719.757,1,8,248.406,1,8,-9900,?,9,-9900,?,9,28.446,E,8,20.844,E,8,66.4,E,8,964.3861999999999,E,8,999.0,E,8,1.3,E,8,-9900,?,9,-9900,?,9,0.11479999999999999,E,8,-9900,?,9,-9900,?,9,1.148,99.0,E,8
02/28/2021,19:00,0.0,1392.731,88.634,1,8,0.0,1,8,0.0,1,8,10636.08,1,8,0.0,1,8,0.0,1,8,-0.0,1,8,-9900,?,9,-9900,?,9,27.842,E,8,20.72,E,8,67.8,E,8,964.3861999999999,E,8,999.0,E,8,1.3,E,8,-9900,?,9,-9900,?,9,0.11479999999999999,E,8,-9900,?,9,-9900,?,9,1.148,99.0,E,8
02/28/2021,20:00,0.0,1392.731,28.046,1,8,0.0,1,8,0.0,1,8,3365.52,1,8,0.0,1,8,0.0,1,8,-0.0,1,8,-9900,?,9,-9900,?,9,27.202,E,8,20.588,E,8,70.2,E,8,964.3861999999999,E,8,999.0,E,8,1.3,E,8,-9900,?,9,-9900,?,9,0.11499999999999999,E,8,-9900,?,9,-9900,?,9,1.15,99.0,E,8
02/28/2021,21:00,0.0,1392.731,0.842,1,8,0.0,1,8,0.0,1,8,101.04,1,8,0.0,1,8,0.0,1,8,-0.0,1,8,-9900,?,9,-9900,?,9,26.578,E,8,20.46,E,8,71.8,E,8,964.3861999999999,E,8,999.0,E,8,1.3,E,8,-9900,?,9,-9900,?,9,0.1096,E,8,-9900,?,9,-9900,?,9,1.096,99.0,E,8
02/28/2021,22:00,0.0,1392.731,0.0,1,8,0.0,1,8,0.0,1,8,0.0,1,8,0.0,1,8,0.0,1,8,-0.0,1,8,-9900,?,9,-9900,?,9,25.934,E,8,20.392,E,8,71.4,E,8,964.3861999999999,E,8,999.0,E,8,1.242,E,8,-9900,?,9,-9900,?,9,0.0156,E,8,-9900,?,9,-9900,?,9,0.156,99.0,E,8
02/28/2021,23:00,0.0,1392.731,0.0,1,8,0.0,1,8,0.0,1,8,0.0,1,8,0.0,1,8,0.0,1,8,-0.0,1,8,-9900,?,9,-9900,?,9,25.348,E,8,20.34,E,8,73.6,E,8,964.3861999999999,E,8,999.0,E,8,1.184,E,8,-9900,?,9,-9900,?,9,0.058399999999999994,E,8,-9900,?,9,-9900,?,9,0.584,99.0,E,8
02/28/2013,24:00,0.0,1392.731,0.0,1,8,0.0,1,8,0.0,1,8,0.0,1,8,0.0,1,8,0.0,1,8,-0.0,1,8,-9900,?,9,-9900,?,9,24.82,E,8,20.302,E,8,76.4,E,8,964.3861999999999,E,8,999.0,E,8,1.126,E,8,-9900,?,9,-9900,?,9,0.08499999999999999,E,8,-9900,?,9,-9900,?,9,0.85,99.0,E,8
03/01/2013,01:00,0.0,1392.731,0.0,1,8,0.0,1,8,0.0,1,8,0.0,1,8,0.0,1,8,0.0,1,8,-0.0,1,8,-9900,?,9,-9900,?,9,24.352,E,8,20.28,E,8,79.0,E,8,964.3861999999999,E,8,999.0,E,8,1.068,E,8,-9900,?,9,-9900,?,9,0.5682,E,8,-9900,?,9,-9900,?,9,5.682,99.0,E,8
03/01/2013,02:00,0.0,1392.731,0.0,1,8,0.0,1,8,0.0,1,8,0.0,1,8,0.0,1,8,0.0,1,8,-0.0,1,8,-9900,?,9,-9900,?,9,23.944,E,8,20.274,E,8,80.0,E,8,964.3861999999999,E,8,999.0,E,8,1.01,E,8,-9900,?,9,-9900,?,9,0.5718,E,8,-9900,?,9,-9900,?,9,5.718,99.0,E,8
03/01/2013,03:00,0.0,1392.731,0.0,1,8,0.0,1,8,0.0,1,8,0.0,1,8,0.0,1,8,0.0,1,8,-0.0,1,8,-9900,?,9,-9900,?,9,23.616,E,8,20.22,E,8,81.2,E,8,964.3861999999999,E,8,999.0,E,8,1.01,E,8,-9900,?,9,-9900,?,9,0.5764,E,8,-9900,?,9,-9900,?,9,5.764,99.0,E,8
03/01/2013,04:00,0.0,1392.035,0.0,1,8,0.0,1,8,0.0,1,8,0.0,1,8,0.0,1,8,0.0,1,8,-0.0,1,8,-9900,?,9,-9900,?,9,23.304,E,8,20.168,E,8,81.4,E,8,964.3861999999999,E,8,999.0,E,8,1.01,E,8,-9900,?,9,-9900,?,9,0.5418000000000001,E,8,-9900,?,9,-9900,?,9,5.418,99.0,E,8
03/01/2013,05:00,0.0,1392.035,0.668,1,8,0.0,1,8,0.0,1,8,80.16,1,8,0.0,1,8,0.0,1,8,-0.0,1,8,-9900,?,9,-9900,?,9,23.014,E,8,20.122,E,8,80.8,E,8,964.3861999999999,E,8,999.0,E,8,1.01,E,8,-9900,?,9,-9900,?,9,0.5152,E,8,-9900,?,9,-9900,?,9,5.152,99.0,E,8
03/01/2013,06:00,0.0,1392.035,0.0,1,8,0.0,1,8,0.0,1,8,0.0,1,8,0.0,1,8,0.0,1,8,-0.0,1,8,-9900,?,9,-9900,?,9,22.71,E,8,20.07,E,8,81.0,E,8,964.3861999999999,E,8,999.0,E,8,1.01,E,8,-9900,?,9,-9900,?,9,0.045,E,8,-9900,?,9,-9900,?,9,0.45,99.0,E,8
03/01/2013,07:00,234.021,1392.035,3.34,1,8,0.0,1,8,3.34,1,8,400.8,1,8,0.0,1,8,367.4,1,8,6.385,1,8,-9900,?,9,-9900,?,9,22.49,E,8,20.04,E,8,78.0,E,8,964.3861999999999,E,8,999.0,E,8,1.01,E,8,-9900,?,9,-9900,?,9,0.0,E,8,-9900,?,9,-9900,?,9,0.0,0.0,E,8
03/01/2013,08:00,557.011,1392.035,132.76,1,8,0.0,1,8,132.76,1,8,15931.2,1,8,0.0,1,8,14603.6,1,8,105.771,1,8,-9900,?,9,-9900,?,9,22.28,E,8,20.0,E,8,78.0,E,8,964.3861999999999,E,8,999.0,E,8,1.01,E,8,-9900,?,9,-9900,?,9,0.0,E,8,-9900,?,9,-9900,?,9,0.0,0.0,E,8
03/01/2013,09:00,847.585,1392.035,299.74,1,8,44.103,1,8,272.9,1,8,35968.8,1,8,4189.794,1,8,30018.974,1,8,142.737,1,8,-9900,?,9,-9900,?,9,25.66,E,8,20.55,E,8,67.0,E,8,964.3861999999999,E,8,999.0,E,8,1.01,E,8,-9900,?,9,-9900,?,9,0.0,E,8,-9900,?,9,-9900,?,9,0.0,0.0,E,8
03/01/2013,10:00,1085.149,1392.035,449.23,1,8,99.628,1,8,371.58,1,8,53907.6,1,8,9464.673,1,8,40873.846,1,8,151.756,1,8,-9900,?,9,-9900,?,9,26.88,E,8,20.74,E,8,63.0,E,8,964.3861999999999,E,8,999.0,E,8,1.01,E,8,-9900,?,9,-9900,?,9,0.0,E,8,-9900,?,9,-9900,?,9,0.0,0.0,E,8
03/01/2013,11:00,1253.361,1392.035,565.46,1,8,88.322,1,8,485.942,1,8,67855.2,1,8,8390.581,1,8,53453.633,1,8,171.806,1,8,-9900,?,9,-9900,?,9,27.94,E,8,20.91,E,8,64.0,E,8,964.3861999999999,E,8,999.0,E,8,1.01,E,8,-9900,?,9,-9900,?,9,0.005,E,8,-9900,?,9,-9900,?,9,0.05,99.0,E,8
03/01/2013,12:00,1340.697,1392.035,639.0,1,8,85.288,1,8,556.859,1,8,76680.0,1,8,8102.393,1,8,61254.481,1,8,184.045,1,8,-9900,?,9,-9900,?,9,28.81,E,8,21.04,E,8,62.0,E,8,964.3861999999999,E,8,999.0,E,8,1.01,E,8,-9900,?,9,-9900,?,9,0.028999999999999998,E,8,-9900,?,9,-9900,?,9,0.29,99.0,E,8
03/01/2013,13:00,1341.174,1392.035,664.31,1,8,99.657,1,8,568.297,1,8,79717.2,1,8,9467.381,1,8,62512.637,1,8,187.759,1,8,-9900,?,9,-9900,?,9,29.45,E,8,21.14,E,8,60.0,E,8,964.3861999999999,E,8,999.0,E,8,1.43,E,8,-9900,?,9,-9900,?,9,0.007000000000000001,E,8,-9900,?,9,-9900,?,9,0.07,99.0,E,8
03/01/2013,14:00,1254.742,1392.035,639.54,1,8,144.225,1,8,509.548,1,8,76744.8,1,8,13701.376,1,8,56050.313,1,8,179.954,1,8,-9900,?,9,-9900,?,9,29.86,E,8,21.21,E,8,59.0,E,8,964.3861999999999,E,8,999.0,E,8,1.4,E,8,-9900,?,9,-9900,?,9,0.009,E,8,-9900,?,9,-9900,?,9,0.09,99.0,E,8
03/01/2013,15:00,1087.294,1392.035,566.48,1,8,176.871,1,8,428.355,1,8,67977.6,1,8,16802.746,1,8,47119.061,1,8,174.598,1,8,-9900,?,9,-9900,?,9,30.02,E,8,21.23,E,8,59.0,E,8,964.3861999999999,E,8,999.0,E,8,2.11,E,8,-9900,?,9,-9900,?,9,0.036,E,8,-9900,?,9,-9900,?,9,0.36,99.0,E,8
03/01/2013,16:00,850.269,1392.035,450.62,1,8,298.469,1,8,268.402,1,8,54074.4,1,8,28354.562,1,8,29524.194,1,8,139.94,1,8,-9900,?,9,-9900,?,9,29.89,E,8,21.21,E,8,59.0,E,8,964.3861999999999,E,8,999.0,E,8,1.85,E,8,-9900,?,9,-9900,?,9,0.004,E,8,-9900,?,9,-9900,?,9,0.04,99.0,E,8
03/01/2013,17:00,559.945,1392.035,301.32,1,8,388.046,1,8,145.464,1,8,36158.4,1,8,36864.327,1,8,16001.082,1,8,115.283,1,8,-9900,?,9,-9900,?,9,29.39,E,8,21.13,E,8,60.0,E,8,964.3861999999999,E,8,999.0,E,8,3.04,E,8,-9900,?,9,-9900,?,9,0.003,E,8,-9900,?,9,-9900,?,9,0.03,99.0,E,8
03/01/2013,18:00,236.858,1392.035,134.27,1,8,291.805,1,8,85.082,1,8,16112.4,1,8,27721.493,1,8,9358.998,1,8,160.664,1,8,-9900,?,9,-9900,?,9,28.57,E,8,21.01,E,8,63.0,E,8,964.3861999999999,E,8,999.0,E,8,2.26,E,8,-9900,?,9,-9900,?,9,0.015,E,8,-9900,?,9,-9900,?,9,0.15,99.0,E,8
03/01/2013,19:00,0.0,1392.035,3.68,1,8,0.0,1,8,0.0,1,8,441.6,1,8,0.0,1,8,0.0,1,8,-0.0,1,8,-9900,?,9,-9900,?,9,27.85,E,8,20.9,E,8,65.0,E,8,964.3861999999999,E,8,999.0,E,8,1.08,E,8,-9900,?,9,-9900,?,9,0.002,E,8,-9900,?,9,-9900,?,9,0.02,99.0,E,8
03/01/2013,20:00,0.0,1392.035,0.0,1,8,0.0,1,8,0.0,1,8,0.0,1,8,0.0,1,8,0.0,1,8,-0.0,1,8,-9900,?,9,-9900,?,9,27.13,E,8,20.78,E,8,67.0,E,8,964.3861999999999,E,8,999.0,E,8,1.01,E,8,-9900,?,9,-9900,?,9,0.001,E,8,-9900,?,9,-9900,?,9,0.01,99.0,E,8
03/01/2013,21:00,0.0,1392.035,0.0,1,8,0.0,1,8,0.0,1,8,0.0,1,8,0.0,1,8,0.0,1,8,-0.0,1,8,-9900,?,9,-9900,?,9,26.42,E,8,20.67,E,8,69.0,E,8,964.3861999999999,E,8,999.0,E,8,1.01,E,8,-9900,?,9,-9900,?,9,0.012,E,8,-9900,?,9,-9900,?,9,0.12,99.0,E,8
03/01/2013,22:00,0.0,1392.035,0.0,1,8,0.0,1,8,0.0,1,8,0.0,1,8,0.0,1,8,0.0,1,8,-0.0,1,8,-9900,?,9,-9900,?,9,25.7,E,8,20.56,E,8,71.0,E,8,964.3861999999999,E,8,999.0,E,8,1.01,E,8,-9900,?,9,-9900,?,9,0.023,E,8,-9900,?,9,-9900,?,9,0.23,99.0,E,8
03/01/2013,23:00,0.0,1392.035,0.0,1,8,0.0,1,8,0.0,1,8,0.0,1,8,0.0,1,8,0.0,1,8,-0.0,1,8,-9900,?,9,-9900,?,9,24.98,E,8,20.44,E,8,73.0,E,8,964.3861999999999,E,8,999.0,E,8,1.01,E,8,-9900,?,9,-9900,?,9,0.05600000000000001,E,8,-9900,?,9,-9900,?,9,0.56,99.0,E,8
03/01/2013,24:00,0.0,1392.035,0.0,1,8,0.0,1,8,0.0,1,8,0.0,1,8,0.0,1,8,0.0,1,8,-0.0,1,8,-9900,?,9,-9900,?,9,24.26,E,8,18.85,E,8,70.0,E,8,964.3861999999999,E,8,999.0,E,8,1.26,E,8,-9900,?,9,-9900,?,9,0.03,E,8,-9900,?,9,-9900,?,9,0.3,99.0,E,8
03/02/2013,01:00,0.0,1392.035,0.0,1,8,0.0,1,8,0.0,1,8,0.0,1,8,0.0,1,8,0.0,1,8,-0.0,1,8,-9900,?,9,-9900,?,9,23.9,E,8,18.72,E,8,71.0,E,8,964.3861999999999,E,8,999.0,E,8,1.26,E,8,-9900,?,9,-9900,?,9,0.001,E,8,-9900,?,9,-9900,?,9,0.01,99.0,E,8
03/02/2013,02:00,0.0,1392.035,0.0,1,8,0.0,1,8,0.0,1,8,0.0,1,8,0.0,1,8,0.0,1,8,-0.0,1,8,-9900,?,9,-9900,?,9,23.54,E,8,18.59,E,8,71.0,E,8,964.3861999999999,E,8,999.0,E,8,1.26,E,8,-9900,?,9,-9900,?,9,0.001,E,8,-9900,?,9,-9900,?,9,0.01,99.0,E,8
03/02/2013,03:00,0.0,1392.035,0.0,1,8,0.0,1,8,0.0,1,8,0.0,1,8,0.0,1,8,0.0,1,8,-0.0,1,8,-9900,?,9,-9900,?,9,23.18,E,8,18.45,E,8,78.0,E,8,964.3861999999999,E,8,999.0,E,8,1.26,E,8,-9900,?,9,-9900,?,9,0.9650000000000001,E,8,-9900,?,9,-9900,?,9,9.65,99.0,E,8
03/02/2013,04:00,0.0,1391.331,0.0,1,8,0.0,1,8,0.0,1,8,0.0,1,8,0.0,1,8,0.0,1,8,-0.0,1,8,-9900,?,9,-9900,?,9,22.82,E,8,18.32,E,8,73.0,E,8,964.3861999999999,E,8,999.0,E,8,1.26,E,8,-9900,?,9,-9900,?,9,0.057999999999999996,E,8,-9900,?,9,-9900,?,9,0.58,99.0,E,8
03/02/2013,05:00,0.0,1391.331,0.0,1,8,0.0,1,8,0.0,1,8,0.0,1,8,0.0,1,8,0.0,1,8,-0.0,1,8,-9900,?,9,-9900,?,9,22.46,E,8,18.18,E,8,73.0,E,8,964.3861999999999,E,8,999.0,E,8,1.26,E,8,-9900,?,9,-9900,?,9,0.007000000000000001,E,8,-9900,?,9,-9900,?,9,0.07,99.0,E,8
03/02/2013,06:00,0.0,1391.331,0.0,1,8,0.0,1,8,0.0,1,8,0.0,1,8,0.0,1,8,0.0,1,8,-0.0,1,8,-9900,?,9,-9900,?,9,22.19,E,8,18.08,E,8,70.0,E,8,964.3861999999999,E,8,999.0,E,8,1.26,E,8,-9900,?,9,-9900,?,9,0.0,E,8,-9900,?,9,-9900,?,9,0.0,0.0,E,8
03/02/2013,07:00,231.847,1391.331,4.03,1,8,0.0,1,8,4.03,1,8,483.6,1,8,0.0,1,8,443.3,1,8,7.774,1,8,-9900,?,9,-9900,?,9,21.95,E,8,17.99,E,8,74.0,E,8,964.3861999999999,E,8,999.0,E,8,1.26,E,8,-9900,?,9,-9900,?,9,0.003,E,8,-9900,?,9,-9900,?,9,0.03,99.0,E,8
03/02/2013,08:00,554.862,1391.331,153.77,1,8,19.348,1,8,146.066,1,8,18452.4,1,8,1838.06,1,8,16067.249,1,8,116.765,1,8,-9900,?,9,-9900,?,9,21.71,E,8,17.9,E,8,75.0,E,8,964.3861999999999,E,8,999.0,E,8,1.26,E,8,-9900,?,9,-9900,?,9,0.012,E,8,-9900,?,9,-9900,?,9,0.12,99.0,E,8
03/02/2013,09:00,845.391,1391.331,365.26,1,8,126.956,1,8,288.159,1,8,43831.2,1,8,12060.803,1,8,31697.448,1,8,151.033,1,8,-9900,?,9,-9900,?,9,25.07,E,8,19.14,E,8,65.0,E,8,964.3861999999999,E,8,999.0,E,8,1.26,E,8,-9900,?,9,-9900,?,9,0.0,E,8,-9900,?,9,-9900,?,9,0.0,0.0,E,8
03/02/2013,10:00,1082.83,1391.331,589.67,1,8,299.422,1,8,356.684,1,8,70760.4,1,8,28445.07,1,8,39235.222,1,8,145.911,1,8,-9900,?,9,-9900,?,9,26.49,E,8,19.64,E,8,63.0,E,8,964.3861999999999,E,8,999.0,E,8,1.26,E,8,-9900,?,9,-9900,?,9,0.0,E,8,-9900,?,9,-9900,?,9,0.0,0.0,E,8
03/02/2013,11:00,1250.844,1391.331,761.06,1,8,383.034,1,8,416.726,1,8,91327.2,1,8,36388.271,1,8,45839.817,1,8,147.556,1,8,-9900,?,9,-9900,?,9,27.75,E,8,20.07,E,8,61.0,E,8,964.3861999999999,E,8,999.0,E,8,1.26,E,8,-9900,?,9,-9900,?,9,0.0,E,8,-9900,?,9,-9900,?,9,0.0,0.0,E,8
03/02/2013,12:00,1337.924,1391.331,844.82,1,8,488.219,1,8,375.353,1,8,101378.4,1,8,46380.802,1,8,41288.79,1,8,124.251,1,8,-9900,?,9,-9900,?,9,28.73,E,8,20.39,E,8,59.0,E,8,964.3861999999999,E,8,999.0,E,8,1.26,E,8,-9900,?,9,-9900,?,9,0.0,E,8,-9900,?,9,-9900,?,9,0.0,0.0,E,8
03/02/2013,13:00,1338.104,1391.331,880.91,1,8,529.573,1,8,371.609,1,8,105709.2,1,8,50309.411,1,8,40876.977,1,8,122.995,1,8,-9900,?,9,-9900,?,9,29.46,E,8,20.63,E,8,58.0,E,8,964.3861999999999,E,8,999.0,E,8,1.26,E,8,-9900,?,9,-9900,?,9,0.0,E,8,-9900,?,9,-9900,?,9,0.0,0.0,E,8
03/02/2013,14:00,1251.355,1391.331,817.43,1,8,516.55,1,8,352.88,1,8,98091.6,1,8,49072.238,1,8,38816.846,1,8,124.899,1,8,-9900,?,9,-9900,?,9,29.86,E,8,20.76,E,8,58.0,E,8,964.3861999999999,E,8,999.0,E,8,1.26,E,8,-9900,?,9,-9900,?,9,0.0,E,8,-9900,?,9,-9900,?,9,0.0,0.0,E,8
03/02/2013,15:00,1083.59,1391.331,714.62,1,8,572.658,1,8,268.71,1,8,85754.4,1,8,54402.501,1,8,29558.126,1,8,109.846,1,8,-9900,?,9,-9900,?,9,30.0,E,8,20.81,E,8,57.0,E,8,964.3861999999999,E,8,999.0,E,8,1.26,E,8,-9900,?,9,-9900,?,9,0.0,E,8,-9900,?,9,-9900,?,9,0.0,0.0,E,8
03/02/2013,16:00,846.273,1391.331,610.35,1,8,851.292,1,8,92.813,1,8,73242.0,1,8,80872.702,1,8,10209.413,1,8,48.595,1,8,-9900,?,9,-9900,?,9,29.92,E,8,20.78,E,8,58.0,E,8,964.3861999999999,E,8,999.0,E,8,1.26,E,8,-9900,?,9,-9900,?,9,0.0,E,8,-9900,?,9,-9900,?,9,0.0,0.0,E,8
03/02/2013,17:00,555.703,1391.331,383.65,1,8,739.976,1,8,88.554,1,8,46038.0,1,8,70297.695,1,8,9740.974,1,8,70.683,1,8,-9900,?,9,-9900,?,9,29.37,E,8,20.6,E,8,58.0,E,8,964.3861999999999,E,8,999.0,E,8,1.26,E,8,-9900,?,9,-9900,?,9,0.0,E,8,-9900,?,9,-9900,?,9,0.0,0.0,E,8
03/02/2013,18:00,232.457,1391.331,174.64,1,8,324.064,1,8,121.02,1,8,20956.8,1,8,30786.059,1,8,13312.251,1,8,232.818,1,8,-9900,?,9,-9900,?,9,28.49,E,8,20.31,E,8,60.0,E,8,964.3861999999999,E,8,999.0,E,8,1.26,E,8,-9900,?,9,-9900,?,9,0.0,E,8,-9900,?,9,-9900,?,9,0.0,0.0,E,8
03/02/2013,19:00,0.0,1391.331,4.1,1,8,0.0,1,8,0.0,1,8,492.0,1,8,0.0,1,8,0.0,1,8,-0.0,1,8,-9900,?,9,-9900,?,9,27.77,E,8,20.07,E,8,61.0,E,8,964.3861999999999,E,8,999.0,E,8,1.26,E,8,-9900,?,9,-9900,?,9,0.0,E,8,-9900,?,9,-9900,?,9,0.0,0.0,E,8
03/02/2013,20:00,0.0,1391.331,0.0,1,8,0.0,1,8,0.0,1,8,0.0,1,8,0.0,1,8,0.0,1,8,-0.0,1,8,-9900,?,9,-9900,?,9,27.04,E,8,19.82,E,8,62.0,E,8,964.3861999999999,E,8,999.0,E,8,1.26,E,8,-9900,?,9,-9900,?,9,0.0,E,8,-9900,?,9,-9900,?,9,0.0,0.0,E,8
03/02/2013,21:00,0.0,1391.331,0.0,1,8,0.0,1,8,0.0,1,8,0.0,1,8,0.0,1,8,0.0,1,8,-0.0,1,8,-9900,?,9,-9900,?,9,26.32,E,8,19.58,E,8,66.0,E,8,964.3861999999999,E,8,999.0,E,8,1.26,E,8,-9900,?,9,-9900,?,9,0.005,E,8,-9900,?,9,-9900,?,9,0.05,99.0,E,8
03/02/2013,22:00,0.0,1391.331,0.0,1,8,0.0,1,8,0.0,1,8,0.0,1,8,0.0,1,8,0.0,1,8,-0.0,1,8,-9900,?,9,-9900,?,9,25.6,E,8,19.33,E,8,68.0,E,8,964.3861999999999,E,8,999.0,E,8,1.26,E,8,-9900,?,9,-9900,?,9,0.018,E,8,-9900,?,9,-9900,?,9,0.18,99.0,E,8
03/02/2013,23:00,0.0,1391.331,0.0,1,8,0.0,1,8,0.0,1,8,0.0,1,8,0.0,1,8,0.0,1,8,-0.0,1,8,-9900,?,9,-9900,?,9,24.87,E,8,19.07,E,8,66.0,E,8,964.3861999999999,E,8,999.0,E,8,1.26,E,8,-9900,?,9,-9900,?,9,0.0,E,8,-9900,?,9,-9900,?,9,0.0,0.0,E,8
03/02/2013,24:00,0.0,1391.331,0.0,1,8,0.0,1,8,0.0,1,8,0.0,1,8,0.0,1,8,0.0,1,8,-0.0,1,8,-9900,?,9,-9900,?,9,24.15,E,8,19.54,E,8,80.0,E,8,964.3861999999999,E,8,999.0,E,8,1.26,E,8,-9900,?,9,-9900,?,9,0.001,E,8,-9900,?,9,-9900,?,9,0.01,99.0,E,8
03/03/2013,01:00,0.0,1391.331,0.0,1,8,0.0,1,8,0.0,1,8,0.0,1,8,0.0,1,8,0.0,1,8,-0.0,1,8,-9900,?,9,-9900,?,9,23.79,E,8,19.56,E,8,82.0,E,8,964.3861999999999,E,8,999.0,E,8,1.26,E,8,-9900,?,9,-9900,?,9,0.003,E,8,-9900,?,9,-9900,?,9,0.03,99.0,E,8
03/03/2013,02:00,0.0,1391.331,0.0,1,8,0.0,1,8,0.0,1,8,0.0,1,8,0.0,1,8,0.0,1,8,-0.0,1,8,-9900,?,9,-9900,?,9,23.42,E,8,19.58,E,8,89.0,E,8,964.3861999999999,E,8,999.0,E,8,1.26,E,8,-9900,?,9,-9900,?,9,0.458,E,8,-9900,?,9,-9900,?,9,4.58,99.0,E,8
03/03/2013,03:00,0.0,1391.331,0.0,1,8,0.0,1,8,0.0,1,8,0.0,1,8,0.0,1,8,0.0,1,8,-0.0,1,8,-9900,?,9,-9900,?,9,23.06,E,8,19.61,E,8,85.0,E,8,964.3861999999999,E,8,999.0,E,8,1.26,E,8,-9900,?,9,-9900,?,9,0.001,E,8,-9900,?,9,-9900,?,9,0.01,99.0,E,8
03/03/2013,04:00,0.0,1390.62,0.0,1,8,0.0,1,8,0.0,1,8,0.0,1,8,0.0,1,8,0.0,1,8,-0.0,1,8,-9900,?,9,-9900,?,9,22.7,E,8,19.63,E,8,87.0,E,8,964.3861999999999,E,8,999.0,E,8,1.26,E,8,-9900,?,9,-9900,?,9,0.005,E,8,-9900,?,9,-9900,?,9,0.05,99.0,E,8
03/03/2013,05:00,0.0,1390.62,0.0,1,8,0.0,1,8,0.0,1,8,0.0,1,8,0.0,1,8,0.0,1,8,-0.0,1,8,-9900,?,9,-9900,?,9,22.34,E,8,19.65,E,8,84.0,E,8,964.3861999999999,E,8,999.0,E,8,1.26,E,8,-9900,?,9,-9900,?,9,0.0,E,8,-9900,?,9,-9900,?,9,0.0,0.0,E,8
03/03/2013,06:00,0.0,1390.62,0.0,1,8,0.0,1,8,0.0,1,8,0.0,1,8,0.0,1,8,0.0,1,8,-0.0,1,8,-9900,?,9,-9900,?,9,22.06,E,8,19.67,E,8,86.0,E,8,964.3861999999999,E,8,999.0,E,8,1.26,E,8,-9900,?,9,-9900,?,9,0.0,E,8,-9900,?,9,-9900,?,9,0.0,0.0,E,8
03/03/2013,07:00,229.695,1390.62,5.29,1,8,0.0,1,8,5.29,1,8,634.8,1,8,0.0,1,8,581.9,1,8,10.296,1,8,-9900,?,9,-9900,?,9,21.82,E,8,19.69,E,8,87.0,E,8,964.3861999999999,E,8,999.0,E,8,1.26,E,8,-9900,?,9,-9900,?,9,0.0,E,8,-9900,?,9,-9900,?,9,0.0,0.0,E,8
03/03/2013,08:00,552.717,1390.62,203.13,1,8,95.814,1,8,165.107,1,8,24375.6,1,8,9102.375,1,8,18161.726,1,8,132.433,1,8,-9900,?,9,-9900,?,9,21.58,E,8,19.7,E,8,89.0,E,8,964.3861999999999,E,8,999.0,E,8,1.26,E,8,-9900,?,9,-9900,?,9,0.0,E,8,-9900,?,9,-9900,?,9,0.0,0.0,E,8
03/03/2013,09:00,843.181,1390.62,455.31,1,8,301.426,1,8,272.637,1,8,54637.2,1,8,28635.492,1,8,29990.091,1,8,143.2,1,8,-9900,?,9,-9900,?,9,25.75,E,8,19.43,E,8,68.0,E,8,964.3861999999999,E,8,999.0,E,8,1.26,E,8,-9900,?,9,-9900,?,9,0.0,E,8,-9900,?,9,-9900,?,9,0.0,0.0,E,8
03/03/2013,10:00,1080.475,1390.62,684.33,1,8,510.15,1,8,288.034,1,8,82119.6,1,8,48464.245,1,8,31683.702,1,8,118.024,1,8,-9900,?,9,-9900,?,9,27.25,E,8,19.34,E,8,61.0,E,8,964.3861999999999,E,8,999.0,E,8,1.26,E,8,-9900,?,9,-9900,?,9,0.0,E,8,-9900,?,9,-9900,?,9,0.0,0.0,E,8
03/03/2013,11:00,1248.274,1390.62,843.59,1,8,558.241,1,8,342.527,1,8,101230.8,1,8,53032.856,1,8,37678.02,1,8,121.472,1,8,-9900,?,9,-9900,?,9,28.51,E,8,19.25,E,8,57.0,E,8,964.3861999999999,E,8,999.0,E,8,1.26,E,8,-9900,?,9,-9900,?,9,0.0,E,8,-9900,?,9,-9900,?,9,0.0,0.0,E,8
03/03/2013,12:00,1335.082,1390.62,958.44,1,8,634.473,1,8,349.321,1,8,115012.8,1,8,60274.933,1,8,38425.361,1,8,115.821,1,8,-9900,?,9,-9900,?,9,29.55,E,8,19.19,E,8,53.0,E,8,964.3861999999999,E,8,999.0,E,8,1.26,E,8,-9900,?,9,-9900,?,9,0.0,E,8,-9900,?,9,-9900,?,9,0.0,0.0,E,8
03/03/2013,13:00,1334.953,1390.62,996.13,1,8,759.503,1,8,267.049,1,8,119535.6,1,8,72152.752,1,8,29375.378,1,8,88.551,1,8,-9900,?,9,-9900,?,9,30.32,E,8,19.14,E,8,51.0,E,8,964.3861999999999,E,8,999.0,E,8,1.26,E,8,-9900,?,9,-9900,?,9,0.0,E,8,-9900,?,9,-9900,?,9,0.0,0.0,E,8
03/03/2013,14:00,1247.879,1390.62,961.65,1,8,914.787,1,8,140.821,1,8,115398.0,1,8,86904.725,1,8,15490.278,1,8,49.956,1,8,-9900,?,9,-9900,?,9,30.82,E,8,19.1,E,8,49.0,E,8,964.3861999999999,E,8,999.0,E,8,1.27,E,8,-9900,?,9,-9900,?,9,0.0,E,8,-9900,?,9,-9900,?,9,0.0,0.0,E,8
03/03/2013,15:00,1079.796,1390.62,847.98,1,8,889.51,1,8,157.422,1,8,101757.6,1,8,84503.434,1,8,17316.469,1,8,64.546,1,8,-9900,?,9,-9900,?,9,31.0,E,8,19.09,E,8,49.0,E,8,964.3861999999999,E,8,999.0,E,8,1.26,E,8,-9900,?,9,-9900,?,9,0.0,E,8,-9900,?,9,-9900,?,9,0.0,0.0,E,8
03/03/2013,16:00,842.19,1390.62,661.69,1,8,811.376,1,8,170.552,1,8,79402.8,1,8,77080.688,1,8,18760.703,1,8,89.686,1,8,-9900,?,9,-9900,?,9,30.81,E,8,19.1,E,8,49.0,E,8,964.3861999999999,E,8,999.0,E,8,1.26,E,8,-9900,?,9,-9900,?,9,0.0,E,8,-9900,?,9,-9900,?,9,0.0,0.0,E,8
03/03/2013,17:00,551.382,1390.62,440.74,1,8,754.477,1,8,142.056,1,8,52888.8,1,8,71675.307,1,8,15626.171,1,8,114.221,1,8,-9900,?,9,-9900,?,9,30.17,E,8,19.14,E,8,51.0,E,8,964.3861999999999,E,8,999.0,E,8,1.26,E,8,-9900,?,9,-9900,?,9,0.0,E,8,-9900,?,9,-9900,?,9,0.0,0.0,E,8
03/03/2013,18:00,227.992,1390.62,189.37,1,8,385.573,1,8,126.79,1,8,22724.4,1,8,36629.439,1,8,13946.867,1,8,248.658,1,8,-9900,?,9,-9900,?,9,29.16,E,8,19.21,E,8,55.0,E,8,964.3861999999999,E,8,999.0,E,8,1.26,E,8,-9900,?,9,-9900,?,9,0.0,E,8,-9900,?,9,-9900,?,9,0.0,0.0,E,8
03/03/2013,19:00,0.0,1390.62,3.94,1,8,0.0,1,8,0.0,1,8,472.8,1,8,0.0,1,8,0.0,1,8,-0.0,1,8,-9900,?,9,-9900,?,9,28.22,E,8,19.27,E,8,58.0,E,8,964.3861999999999,E,8,999.0,E,8,1.26,E,8,-9900,?,9,-9900,?,9,0.0,E,8,-9900,?,9,-9900,?,9,0.0,0.0,E,8
03/03/2013,20:00,0.0,1390.62,0.0,1,8,0.0,1,8,0.0,1,8,0.0,1,8,0.0,1,8,0.0,1,8,-0.0,1,8,-9900,?,9,-9900,?,9,27.27,E,8,19.34,E,8,61.0,E,8,964.3861999999999,E,8,999.0,E,8,1.26,E,8,-9900,?,9,-9900,?,9,0.0,E,8,-9900,?,9,-9900,?,9,0.0,0.0,E,8
03/03/2013,21:00,0.0,1390.62,0.0,1,8,0.0,1,8,0.0,1,8,0.0,1,8,0.0,1,8,0.0,1,8,-0.0,1,8,-9900,?,9,-9900,?,9,26.32,E,8,19.4,E,8,65.0,E,8,964.3861999999999,E,8,999.0,E,8,1.26,E,8,-9900,?,9,-9900,?,9,0.0,E,8,-9900,?,9,-9900,?,9,0.0,0.0,E,8
03/03/2013,22:00,0.0,1390.62,0.0,1,8,0.0,1,8,0.0,1,8,0.0,1,8,0.0,1,8,0.0,1,8,-0.0,1,8,-9900,?,9,-9900,?,9,25.38,E,8,19.46,E,8,74.0,E,8,964.3861999999999,E,8,999.0,E,8,1.26,E,8,-9900,?,9,-9900,?,9,0.01,E,8,-9900,?,9,-9900,?,9,0.1,99.0,E,8
03/03/2013,23:00,0.0,1390.62,0.0,1,8,0.0,1,8,0.0,1,8,0.0,1,8,0.0,1,8,0.0,1,8,-0.0,1,8,-9900,?,9,-9900,?,9,24.43,E,8,19.52,E,8,79.0,E,8,964.3861999999999,E,8,999.0,E,8,1.26,E,8,-9900,?,9,-9900,?,9,0.022,E,8,-9900,?,9,-9900,?,9,0.22,99.0,E,8
03/03/2013,24:00,0.0,1390.62,0.0,1,8,0.0,1,8,0.0,1,8,0.0,1,8,0.0,1,8,0.0,1,8,-0.0,1,8,-9900,?,9,-9900,?,9,23.48,E,8,19.01,E,8,76.0,E,8,964.3861999999999,E,8,999.0,E,8,1.26,E,8,-9900,?,9,-9900,?,9,0.0,E,8,-9900,?,9,-9900,?,9,0.0,0.0,E,8
03/04/2013,01:00,0.0,1390.62,0.0,1,8,0.0,1,8,0.0,1,8,0.0,1,8,0.0,1,8,0.0,1,8,-0.0,1,8,-9900,?,9,-9900,?,9,23.01,E,8,18.88,E,8,77.0,E,8,964.3861999999999,E,8,999.0,E,8,1.26,E,8,-9900,?,9,-9900,?,9,0.0,E,8,-9900,?,9,-9900,?,9,0.0,0.0,E,8
03/04/2013,02:00,0.0,1390.62,0.0,1,8,0.0,1,8,0.0,1,8,0.0,1,8,0.0,1,8,0.0,1,8,-0.0,1,8,-9900,?,9,-9900,?,9,22.54,E,8,18.76,E,8,79.0,E,8,964.3861999999999,E,8,999.0,E,8,1.26,E,8,-9900,?,9,-9900,?,9,0.0,E,8,-9900,?,9,-9900,?,9,0.0,0.0,E,8
03/04/2013,03:00,0.0,1390.62,0.0,1,8,0.0,1,8,0.0,1,8,0.0,1,8,0.0,1,8,0.0,1,8,-0.0,1,8,-9900,?,9,-9900,?,9,22.06,E,8,18.63,E,8,80.0,E,8,964.3861999999999,E,8,999.0,E,8,1.26,E,8,-9900,?,9,-9900,?,9,0.0,E,8,-9900,?,9,-9900,?,9,0.0,0.0,E,8
03/04/2013,04:00,0.0,1389.903,0.0,1,8,0.0,1,8,0.0,1,8,0.0,1,8,0.0,1,8,0.0,1,8,-0.0,1,8,-9900,?,9,-9900,?,9,21.59,E,8,18.51,E,8,82.0,E,8,964.3861999999999,E,8,999.0,E,8,1.26,E,8,-9900,?,9,-9900,?,9,0.0,E,8,-9900,?,9,-9900,?,9,0.0,0.0,E,8
03/04/2013,05:00,0.0,1389.903,0.0,1,8,0.0,1,8,0.0,1,8,0.0,1,8,0.0,1,8,0.0,1,8,-0.0,1,8,-9900,?,9,-9900,?,9,21.12,E,8,18.38,E,8,84.0,E,8,964.3861999999999,E,8,999.0,E,8,1.26,E,8,-9900,?,9,-9900,?,9,0.0,E,8,-9900,?,9,-9900,?,9,0.0,0.0,E,8
03/04/2013,06:00,0.0,1389.903,0.0,1,8,0.0,1,8,0.0,1,8,0.0,1,8,0.0,1,8,0.0,1,8,-0.0,1,8,-9900,?,9,-9900,?,9,20.75,E,8,18.28,E,8,85.0,E,8,964.3861999999999,E,8,999.0,E,8,1.26,E,8,-9900,?,9,-9900,?,9,0.0,E,8,-9900,?,9,-9900,?,9,0.0,0.0,E,8
03/04/2013,07:00,227.563,1389.903,4.35,1,8,0.0,1,8,4.35,1,8,522.0,1,8,0.0,1,8,478.5,1,8,8.543,1,8,-9900,?,9,-9900,?,9,20.44,E,8,18.2,E,8,86.0,E,8,964.3861999999999,E,8,999.0,E,8,1.26,E,8,-9900,?,9,-9900,?,9,0.0,E,8,-9900,?,9,-9900,?,9,0.0,0.0,E,8
03/04/2013,08:00,550.574,1389.903,193.08,1,8,77.005,1,8,162.624,1,8,23169.6,1,8,7315.489,1,8,17888.654,1,8,130.883,1,8,-9900,?,9,-9900,?,9,20.13,E,8,18.12,E,8,88.0,E,8,964.3861999999999,E,8,999.0,E,8,1.26,E,8,-9900,?,9,-9900,?,9,0.0,E,8,-9900,?,9,-9900,?,9,0.0,0.0,E,8
03/04/2013,09:00,840.952,1389.903,431.8,1,8,249.336,1,8,281.017,1,8,51816.0,1,8,23686.909,1,8,30911.916,1,8,147.917,1,8,-9900,?,9,-9900,?,9,24.38,E,8,19.24,E,8,73.0,E,8,964.3861999999999,E,8,999.0,E,8,1.26,E,8,-9900,?,9,-9900,?,9,0.0,E,8,-9900,?,9,-9900,?,9,0.0,0.0,E,8
03/04/2013,10:00,1078.083,1389.903,649.0,1,8,395.886,1,8,341.989,1,8,77880.0,1,8,37609.172,1,8,37618.845,1,8,140.372,1,8,-9900,?,9,-9900,?,9,25.91,E,8,19.63,E,8,68.0,E,8,964.3861999999999,E,8,999.0,E,8,1.26,E,8,-9900,?,9,-9900,?,9,0.0,E,8,-9900,?,9,-9900,?,9,0.0,0.0,E,8
03/04/2013,11:00,1245.649,1389.903,822.03,1,8,511.247,1,8,363.877,1,8,98643.6,1,8,48568.438,1,8,40026.486,1,8,129.248,1,8,-9900,?,9,-9900,?,9,27.27,E,8,19.96,E,8,64.0,E,8,964.3861999999999,E,8,999.0,E,8,1.26,E,8,-9900,?,9,-9900,?,9,0.0,E,8,-9900,?,9,-9900,?,9,0.0,0.0,E,8
03/04/2013,12:00,1332.171,1389.903,935.69,1,8,628.659,1,8,333.159,1,8,112282.8,1,8,59722.618,1,8,36647.477,1,8,110.646,1,8,-9900,?,9,-9900,?,9,28.39,E,8,20.24,E,8,61.0,E,8,964.3861999999999,E,8,999.0,E,8,1.26,E,8,-9900,?,9,-9900,?,9,0.0,E,8,-9900,?,9,-9900,?,9,0.0,0.0,E,8
03/04/2013,13:00,1331.722,1389.903,958.88,1,8,644.329,1,8,341.539,1,8,115065.6,1,8,61211.262,1,8,37569.247,1,8,113.468,1,8,-9900,?,9,-9900,?,9,29.19,E,8,20.43,E,8,59.0,E,8,964.3861999999999,E,8,999.0,E,8,1.26,E,8,-9900,?,9,-9900,?,9,0.0,E,8,-9900,?,9,-9900,?,9,0.0,0.0,E,8
03/04/2013,14:00,1244.317,1389.903,916.97,1,8,770.683,1,8,227.063,1,8,110036.4,1,8,73214.902,1,8,24976.9,1,8,80.739,1,8,-9900,?,9,-9900,?,9,29.68,E,8,20.55,E,8,58.0,E,8,964.3861999999999,E,8,999.0,E,8,1.26,E,8,-9900,?,9,-9900,?,9,0.0,E,8,-9900,?,9,-9900,?,9,0.0,0.0,E,8
03/04/2013,15:00,1075.914,1389.903,811.24,1,8,868.29,1,8,139.235,1,8,97348.8,1,8,82487.515,1,8,15315.873,1,8,57.265,1,8,-9900,?,9,-9900,?,9,29.87,E,8,20.59,E,8,57.0,E,8,964.3861999999999,E,8,999.0,E,8,1.26,E,8,-9900,?,9,-9900,?,9,0.0,E,8,-9900,?,9,-9900,?,9,0.0,0.0,E,8
03/04/2013,16:00,838.023,1389.903,646.78,1,8,798.001,1,8,165.883,1,8,77613.6,1,8,75810.079,1,8,18247.172,1,8,87.62,1,8,-9900,?,9,-9900,?,9,29.69,E,8,20.55,E,8,58.0,E,8,964.3861999999999,E,8,999.0,E,8,1.26,E,8,-9900,?,9,-9900,?,9,0.0,E,8,-9900,?,9,-9900,?,9,0.0,0.0,E,8
03/04/2013,17:00,546.986,1389.903,431.57,1,8,751.867,1,8,136.148,1,8,51788.4,1,8,71427.353,1,8,14976.317,1,8,110.296,1,8,-9900,?,9,-9900,?,9,29.05,E,8,20.4,E,8,59.0,E,8,964.3861999999999,E,8,999.0,E,8,1.26,E,8,-9900,?,9,-9900,?,9,0.0,E,8,-9900,?,9,-9900,?,9,0.0,0.0,E,8
03/04/2013,18:00,223.465,1389.903,186.3,1,8,381.918,1,8,125.536,1,8,22356.0,1,8,36282.231,1,8,13808.974,1,8,251.156,1,8,-9900,?,9,-9900,?,9,28.01,E,8,20.14,E,8,62.0,E,8,964.3861999999999,E,8,999.0,E,8,1.26,E,8,-9900,?,9,-9900,?,9,0.0,E,8,-9900,?,9,-9900,?,9,0.0,0.0,E,8
03/04/2013,19:00,0.0,1389.903,3.21,1,8,0.0,1,8,0.0,1,8,385.2,1,8,0.0,1,8,0.0,1,8,-0.0,1,8,-9900,?,9,-9900,?,9,27.07,E,8,19.91,E,8,64.0,E,8,964.3861999999999,E,8,999.0,E,8,1.26,E,8,-9900,?,9,-9900,?,9,0.0,E,8,-9900,?,9,-9900,?,9,0.0,0.0,E,8
03/04/2013,20:00,0.0,1389.903,0.0,1,8,0.0,1,8,0.0,1,8,0.0,1,8,0.0,1,8,0.0,1,8,-0.0,1,8,-9900,?,9,-9900,?,9,26.13,E,8,19.68,E,8,67.0,E,8,964.3861999999999,E,8,999.0,E,8,1.26,E,8,-9900,?,9,-9900,?,9,0.0,E,8,-9900,?,9,-9900,?,9,0.0,0.0,E,8
03/04/2013,21:00,0.0,1389.903,0.0,1,8,0.0,1,8,0.0,1,8,0.0,1,8,0.0,1,8,0.0,1,8,-0.0,1,8,-9900,?,9,-9900,?,9,25.19,E,8,19.45,E,8,70.0,E,8,964.3861999999999,E,8,999.0,E,8,1.26,E,8,-9900,?,9,-9900,?,9,0.0,E,8,-9900,?,9,-9900,?,9,0.0,0.0,E,8
03/04/2013,22:00,0.0,1389.903,0.0,1,8,0.0,1,8,0.0,1,8,0.0,1,8,0.0,1,8,0.0,1,8,-0.0,1,8,-9900,?,9,-9900,?,9,24.25,E,8,19.21,E,8,73.0,E,8,964.3861999999999,E,8,999.0,E,8,1.26,E,8,-9900,?,9,-9900,?,9,0.0,E,8,-9900,?,9,-9900,?,9,0.0,0.0,E,8
03/04/2013,23:00,0.0,1389.903,0.0,1,8,0.0,1,8,0.0,1,8,0.0,1,8,0.0,1,8,0.0,1,8,-0.0,1,8,-9900,?,9,-9900,?,9,23.3,E,8,18.96,E,8,76.0,E,8,964.3861999999999,E,8,999.0,E,8,1.26,E,8,-9900,?,9,-9900,?,9,0.0,E,8,-9900,?,9,-9900,?,9,0.0,0.0,E,8
03/04/2013,24:00,0.0,1389.903,0.0,1,8,0.0,1,8,0.0,1,8,0.0,1,8,0.0,1,8,0.0,1,8,-0.0,1,8,-9900,?,9,-9900,?,9,22.36,E,8,19.67,E,8,83.0,E,8,964.3861999999999,E,8,999.0,E,8,0.84,E,8,-9900,?,9,-9900,?,9,0.0,E,8,-9900,?,9,-9900,?,9,0.0,0.0,E,8
03/05/2013,01:00,0.0,1389.903,0.0,1,8,0.0,1,8,0.0,1,8,0.0,1,8,0.0,1,8,0.0,1,8,-0.0,1,8,-9900,?,9,-9900,?,9,21.89,E,8,19.43,E,8,84.0,E,8,964.3861999999999,E,8,999.0,E,8,0.84,E,8,-9900,?,9,-9900,?,9,0.0,E,8,-9900,?,9,-9900,?,9,0.0,0.0,E,8
03/05/2013,02:00,0.0,1389.903,0.0,1,8,0.0,1,8,0.0,1,8,0.0,1,8,0.0,1,8,0.0,1,8,-0.0,1,8,-9900,?,9,-9900,?,9,21.42,E,8,19.18,E,8,85.0,E,8,964.3861999999999,E,8,999.0,E,8,0.84,E,8,-9900,?,9,-9900,?,9,0.0,E,8,-9900,?,9,-9900,?,9,0.0,0.0,E,8
03/05/2013,03:00,0.0,1389.903,0.0,1,8,0.0,1,8,0.0,1,8,0.0,1,8,0.0,1,8,0.0,1,8,-0.0,1,8,-9900,?,9,-9900,?,9,20.95,E,8,18.93,E,8,86.0,E,8,964.3861999999999,E,8,999.0,E,8,0.84,E,8,-9900,?,9,-9900,?,9,0.0,E,8,-9900,?,9,-9900,?,9,0.0,0.0,E,8
03/05/2013,04:00,0.0,1389.179,0.0,1,8,0.0,1,8,0.0,1,8,0.0,1,8,0.0,1,8,0.0,1,8,-0.0,1,8,-9900,?,9,-9900,?,9,20.48,E,8,18.67,E,8,87.0,E,8,964.3861999999999,E,8,999.0,E,8,0.84,E,8,-9900,?,9,-9900,?,9,0.0,E,8,-9900,?,9,-9900,?,9,0.0,0.0,E,8
03/05/2013,05:00,0.0,1389.179,0.0,1,8,0.0,1,8,0.0,1,8,0.0,1,8,0.0,1,8,0.0,1,8,-0.0,1,8,-9900,?,9,-9900,?,9,20.01,E,8,18.41,E,8,92.0,E,8,964.3861999999999,E,8,999.0,E,8,0.84,E,8,-9900,?,9,-9900,?,9,0.001,E,8,-9900,?,9,-9900,?,9,0.01,99.0,E,8
03/05/2013,06:00,0.0,1389.179,0.0,1,8,0.0,1,8,0.0,1,8,0.0,1,8,0.0,1,8,0.0,1,8,-0.0,1,8,-9900,?,9,-9900,?,9,19.64,E,8,18.21,E,8,89.0,E,8,964.3861999999999,E,8,999.0,E,8,0.84,E,8,-9900,?,9,-9900,?,9,0.0,E,8,-9900,?,9,-9900,?,9,0.0,0.0,E,8
03/05/2013,07:00,225.451,1389.179,2.08,1,8,0.0,1,8,2.08,1,8,249.6,1,8,0.0,1,8,228.8,1,8,4.122,1,8,-9900,?,9,-9900,?,9,19.33,E,8,18.03,E,8,89.0,E,8,964.3861999999999,E,8,999.0,E,8,0.84,E,8,-9900,?,9,-9900,?,9,0.0,E,8,-9900,?,9,-9900,?,9,0.0,0.0,E,8
03/05/2013,08:00,548.431,1389.179,109.59,1,8,0.0,1,8,109.59,1,8,13150.8,1,8,0.0,1,8,12054.9,1,8,88.5,1,8,-9900,?,9,-9900,?,9,19.02,E,8,17.86,E,8,90.0,E,8,964.3861999999999,E,8,999.0,E,8,0.84,E,8,-9900,?,9,-9900,?,9,0.0,E,8,-9900,?,9,-9900,?,9,0.0,0.0,E,8
03/05/2013,09:00,838.706,1389.179,250.95,1,8,22.463,1,8,237.395,1,8,30114.0,1,8,2133.994,1,8,26113.452,1,8,125.225,1,8,-9900,?,9,-9900,?,9,22.52,E,8,19.75,E,8,87.0,E,8,964.3861999999999,E,8,999.0,E,8,0.84,E,8,-9900,?,9,-9900,?,9,0.012,E,8,-9900,?,9,-9900,?,9,0.12,99.0,E,8
03/05/2013,10:00,1075.653,1389.179,377.41,1,8,37.021,1,8,348.75,1,8,45289.2,1,8,3516.985,1,8,38362.503,1,8,143.396,1,8,-9900,?,9,-9900,?,9,23.79,E,8,20.39,E,8,84.0,E,8,964.3861999999999,E,8,999.0,E,8,0.84,E,8,-9900,?,9,-9900,?,9,0.004,E,8,-9900,?,9,-9900,?,9,0.04,99.0,E,8
03/05/2013,11:00,1242.969,1389.179,475.55,1,8,46.553,1,8,433.9,1,8,57066.0,1,8,4422.502,1,8,47729.004,1,8,154.372,1,8,-9900,?,9,-9900,?,9,24.9,E,8,20.94,E,8,82.0,E,8,964.3861999999999,E,8,999.0,E,8,0.84,E,8,-9900,?,9,-9900,?,9,0.001,E,8,-9900,?,9,-9900,?,9,0.01,99.0,E,8
03/05/2013,12:00,1329.19,1389.179,537.38,1,8,44.236,1,8,495.055,1,8,64485.6,1,8,4202.449,1,8,54456.059,1,8,164.697,1,8,-9900,?,9,-9900,?,9,25.81,E,8,21.37,E,8,76.0,E,8,964.3861999999999,E,8,999.0,E,8,0.96,E,8,-9900,?,9,-9900,?,9,0.0,E,8,-9900,?,9,-9900,?,9,0.0,0.0,E,8
03/05/2013,13:00,1328.411,1389.179,558.25,1,8,51.556,1,8,508.951,1,8,66990.0,1,8,4897.778,1,8,55984.614,1,8,169.42,1,8,-9900,?,9,-9900,?,9,26.48,E,8,21.68,E,8,74.0,E,8,964.3861999999999,E,8,999.0,E,8,1.82,E,8,-9900,?,9,-9900,?,9,0.0,E,8,-9900,?,9,-9900,?,9,0.0,0.0,E,8
03/05/2013,14:00,1240.668,1389.179,536.63,1,8,74.89,1,8,469.751,1,8,64395.6,1,8,7114.546,1,8,51672.626,1,8,167.438,1,8,-9900,?,9,-9900,?,9,26.9,E,8,21.87,E,8,73.0,E,8,964.3861999999999,E,8,999.0,E,8,2.53,E,8,-9900,?,9,-9900,?,9,0.0,E,8,-9900,?,9,-9900,?,9,0.0,0.0,E,8
03/05/2013,15:00,1071.945,1389.179,474.09,1,8,93.063,1,8,402.293,1,8,56890.8,1,8,8840.989,1,8,44252.252,1,8,165.984,1,8,-9900,?,9,-9900,?,9,27.06,E,8,21.94,E,8,73.0,E,8,964.3861999999999,E,8,999.0,E,8,3.24,E,8,-9900,?,9,-9900,?,9,0.0,E,8,-9900,?,9,-9900,?,9,0.0,0.0,E,8
03/05/2013,16:00,833.773,1389.179,375.33,1,8,126.261,1,8,299.589,1,8,45039.6,1,8,11994.804,1,8,32954.749,1,8,158.969,1,8,-9900,?,9,-9900,?,9,26.92,E,8,21.88,E,8,78.0,E,8,964.3861999999999,E,8,999.0,E,8,2.92,E,8,-9900,?,9,-9900,?,9,0.007000000000000001,E,8,-9900,?,9,-9900,?,9,0.07,99.0,E,8
03/05/2013,17:00,542.517,1389.179,248.38,1,8,212.006,1,8,165.719,1,8,29805.6,1,8,20140.529,1,8,18229.115,1,8,135.292,1,8,-9900,?,9,-9900,?,9,26.38,E,8,21.63,E,8,79.0,E,8,964.3861999999999,E,8,999.0,E,8,2.39,E,8,-9900,?,9,-9900,?,9,0.04,E,8,-9900,?,9,-9900,?,9,0.4,99.0,E,8
03/05/2013,18:00,218.881,1389.179,106.87,1,8,239.643,1,8,69.521,1,8,12824.4,1,8,22766.104,1,8,7647.291,1,8,141.987,1,8,-9900,?,9,-9900,?,9,25.52,E,8,21.23,E,8,81.0,E,8,964.3861999999999,E,8,999.0,E,8,2.1,E,8,-9900,?,9,-9900,?,9,0.003,E,8,-9900,?,9,-9900,?,9,0.03,99.0,E,8
03/05/2013,19:00,0.0,1389.179,1.54,1,8,0.0,1,8,0.0,1,8,184.8,1,8,0.0,1,8,0.0,1,8,-0.0,1,8,-9900,?,9,-9900,?,9,24.79,E,8,20.88,E,8,82.0,E,8,964.3861999999999,E,8,999.0,E,8,0.84,E,8,-9900,?,9,-9900,?,9,0.02,E,8,-9900,?,9,-9900,?,9,0.2,99.0,E,8
03/05/2013,20:00,0.0,1389.179,0.0,1,8,0.0,1,8,0.0,1,8,0.0,1,8,0.0,1,8,0.0,1,8,-0.0,1,8,-9900,?,9,-9900,?,9,24.06,E,8,20.53,E,8,92.0,E,8,964.3861999999999,E,8,999.0,E,8,0.84,E,8,-9900,?,9,-9900,?,9,0.712,E,8,-9900,?,9,-9900,?,9,7.12,99.0,E,8
03/05/2013,21:00,0.0,1389.179,0.0,1,8,0.0,1,8,0.0,1,8,0.0,1,8,0.0,1,8,0.0,1,8,-0.0,1,8,-9900,?,9,-9900,?,9,23.33,E,8,20.16,E,8,81.0,E,8,964.3861999999999,E,8,999.0,E,8,0.84,E,8,-9900,?,9,-9900,?,9,0.0,E,8,-9900,?,9,-9900,?,9,0.0,0.0,E,8
03/05/2013,22:00,0.0,1389.179,0.0,1,8,0.0,1,8,0.0,1,8,0.0,1,8,0.0,1,8,0.0,1,8,-0.0,1,8,-9900,?,9,-9900,?,9,22.59,E,8,19.79,E,8,82.0,E,8,964.3861999999999,E,8,999.0,E,8,0.84,E,8,-9900,?,9,-9900,?,9,0.0,E,8,-9900,?,9,-9900,?,9,0.0,0.0,E,8
03/05/2013,23:00,0.0,1389.179,0.0,1,8,0.0,1,8,0.0,1,8,0.0,1,8,0.0,1,8,0.0,1,8,-0.0,1,8,-9900,?,9,-9900,?,9,21.86,E,8,19.41,E,8,84.0,E,8,964.3861999999999,E,8,999.0,E,8,0.84,E,8,-9900,?,9,-9900,?,9,0.0,E,8,-9900,?,9,-9900,?,9,0.0,0.0,E,8
03/05/2013,24:00,0.0,1389.179,0.0,1,8,0.0,1,8,0.0,1,8,0.0,1,8,0.0,1,8,0.0,1,8,-0.0,1,8,-9900,?,9,-9900,?,9,21.13,E,8,18.37,E,8,84.0,E,8,964.3861999999999,E,8,999.0,E,8,1.11,E,8,-9900,?,9,-9900,?,9,0.007000000000000001,E,8,-9900,?,9,-9900,?,9,0.07,99.0,E,8
03/06/2013,01:00,0.0,1389.179,0.0,1,8,0.0,1,8,0.0,1,8,0.0,1,8,0.0,1,8,0.0,1,8,-0.0,1,8,-9900,?,9,-9900,?,9,20.76,E,8,18.23,E,8,93.0,E,8,964.3861999999999,E,8,999.0,E,8,1.11,E,8,-9900,?,9,-9900,?,9,0.877,E,8,-9900,?,9,-9900,?,9,8.77,99.0,E,8
03/06/2013,02:00,0.0,1389.179,0.0,1,8,0.0,1,8,0.0,1,8,0.0,1,8,0.0,1,8,0.0,1,8,-0.0,1,8,-9900,?,9,-9900,?,9,20.4,E,8,18.1,E,8,86.0,E,8,964.3861999999999,E,8,999.0,E,8,1.11,E,8,-9900,?,9,-9900,?,9,0.017,E,8,-9900,?,9,-9900,?,9,0.17,99.0,E,8
03/06/2013,03:00,0.0,1389.179,0.0,1,8,0.0,1,8,0.0,1,8,0.0,1,8,0.0,1,8,0.0,1,8,-0.0,1,8,-9900,?,9,-9900,?,9,20.03,E,8,17.96,E,8,87.0,E,8,964.3861999999999,E,8,999.0,E,8,1.11,E,8,-9900,?,9,-9900,?,9,0.027000000000000003,E,8,-9900,?,9,-9900,?,9,0.27,99.0,E,8
03/06/2013,04:00,0.0,1388.448,0.0,1,8,0.0,1,8,0.0,1,8,0.0,1,8,0.0,1,8,0.0,1,8,-0.0,1,8,-9900,?,9,-9900,?,9,19.66,E,8,17.83,E,8,88.0,E,8,964.3861999999999,E,8,999.0,E,8,1.11,E,8,-9900,?,9,-9900,?,9,0.001,E,8,-9900,?,9,-9900,?,9,0.01,99.0,E,8
03/06/2013,05:00,0.0,1388.448,0.0,1,8,0.0,1,8,0.0,1,8,0.0,1,8,0.0,1,8,0.0,1,8,-0.0,1,8,-9900,?,9,-9900,?,9,19.3,E,8,17.69,E,8,89.0,E,8,964.3861999999999,E,8,999.0,E,8,1.11,E,8,-9900,?,9,-9900,?,9,0.053000000000000005,E,8,-9900,?,9,-9900,?,9,0.53,99.0,E,8
03/06/2013,06:00,0.0,1388.448,0.0,1,8,0.0,1,8,0.0,1,8,0.0,1,8,0.0,1,8,0.0,1,8,-0.0,1,8,-9900,?,9,-9900,?,9,19.02,E,8,17.58,E,8,85.0,E,8,964.3861999999999,E,8,999.0,E,8,1.11,E,8,-9900,?,9,-9900,?,9,0.0,E,8,-9900,?,9,-9900,?,9,0.0,0.0,E,8
03/06/2013,07:00,223.358,1388.448,5.97,1,8,0.0,1,8,5.97,1,8,716.4,1,8,0.0,1,8,656.7,1,8,11.937,1,8,-9900,?,9,-9900,?,9,18.77,E,8,17.49,E,8,90.0,E,8,964.3861999999999,E,8,999.0,E,8,1.11,E,8,-9900,?,9,-9900,?,9,0.003,E,8,-9900,?,9,-9900,?,9,0.03,99.0,E,8
03/06/2013,08:00,546.289,1388.448,140.83,1,8,8.505,1,8,137.489,1,8,16899.6,1,8,807.937,1,8,15123.807,1,8,111.408,1,8,-9900,?,9,-9900,?,9,18.53,E,8,17.4,E,8,87.0,E,8,964.3861999999999,E,8,999.0,E,8,1.11,E,8,-9900,?,9,-9900,?,9,0.0,E,8,-9900,?,9,-9900,?,9,0.0,0.0,E,8
03/06/2013,09:00,836.44,1388.448,293.53,1,8,83.013,1,8,243.546,1,8,35223.6,1,8,7886.273,1,8,26790.076,1,8,128.751,1,8,-9900,?,9,-9900,?,9,23.2,E,8,19.1,E,8,75.0,E,8,964.3861999999999,E,8,999.0,E,8,1.11,E,8,-9900,?,9,-9900,?,9,0.0,E,8,-9900,?,9,-9900,?,9,0.0,0.0,E,8
03/06/2013,10:00,1073.185,1388.448,709.79,1,8,463.083,1,8,351.926,1,8,85174.8,1,8,43992.925,1,8,38711.847,1,8,144.958,1,8,-9900,?,9,-9900,?,9,26.74,E,8,20.29,E,8,67.0,E,8,964.3861999999999,E,8,999.0,E,8,1.11,E,8,-9900,?,9,-9900,?,9,0.0,E,8,-9900,?,9,-9900,?,9,0.0,0.0,E,8
03/06/2013,11:00,1240.233,1388.448,327.43,1,8,49.386,1,8,283.319,1,8,39291.6,1,8,4691.648,1,8,31165.131,1,8,100.968,1,8,-9900,?,9,-9900,?,9,26.45,E,8,20.2,E,8,67.0,E,8,964.3861999999999,E,8,999.0,E,8,1.11,E,8,-9900,?,9,-9900,?,9,0.0,E,8,-9900,?,9,-9900,?,9,0.0,0.0,E,8
03/06/2013,12:00,1326.14,1388.448,726.61,1,8,411.43,1,8,333.655,1,8,87193.2,1,8,39085.824,1,8,36702.015,1,8,111.199,1,8,-9900,?,9,-9900,?,9,27.99,E,8,20.69,E,8,64.0,E,8,964.3861999999999,E,8,999.0,E,8,1.11,E,8,-9900,?,9,-9900,?,9,0.0,E,8,-9900,?,9,-9900,?,9,0.0,0.0,E,8
03/06/2013,13:00,1325.02,1388.448,235.75,1,8,36.641,1,8,200.783,1,8,28290.0,1,8,3480.939,1,8,22086.176,1,8,66.973,1,8,-9900,?,9,-9900,?,9,27.26,E,8,20.46,E,8,66.0,E,8,964.3861999999999,E,8,999.0,E,8,1.12,E,8,-9900,?,9,-9900,?,9,0.0,E,8,-9900,?,9,-9900,?,9,0.0,0.0,E,8
03/06/2013,14:00,1236.936,1388.448,581.49,1,8,164.905,1,8,434.591,1,8,69778.8,1,8,15665.98,1,8,47805.035,1,8,155.291,1,8,-9900,?,9,-9900,?,9,27.8,E,8,20.63,E,8,64.0,E,8,964.3861999999999,E,8,999.0,E,8,1.42,E,8,-9900,?,9,-9900,?,9,0.0,E,8,-9900,?,9,-9900,?,9,0.0,0.0,E,8
03/06/2013,15:00,1067.892,1388.448,513.37,1,8,185.534,1,8,370.7,1,8,61604.4,1,8,17625.749,1,8,40776.97,1,8,153.449,1,8,-9900,?,9,-9900,?,9,28.02,E,8,20.7,E,8,64.0,E,8,964.3861999999999,E,8,999.0,E,8,2.25,E,8,-9900,?,9,-9900,?,9,0.0,E,8,-9900,?,9,-9900,?,9,0.0,0.0,E,8
03/06/2013,16:00,829.444,1388.448,262.89,1,8,52.877,1,8,231.319,1,8,31546.8,1,8,5023.295,1,8,25445.055,1,8,123.32,1,8,-9900,?,9,-9900,?,9,27.3,E,8,20.47,E,8,69.0,E,8,964.3861999999999,E,8,999.0,E,8,1.69,E,8,-9900,?,9,-9900,?,9,0.004,E,8,-9900,?,9,-9900,?,9,0.04,99.0,E,8
03/06/2013,17:00,537.977,1388.448,267.87,1,8,273.359,1,8,162.127,1,8,32144.4,1,8,25969.059,1,8,17833.987,1,8,133.41,1,8,-9900,?,9,-9900,?,9,26.74,E,8,20.29,E,8,71.0,E,8,964.3861999999999,E,8,999.0,E,8,1.6,E,8,-9900,?,9,-9900,?,9,0.001,E,8,-9900,?,9,-9900,?,9,0.01,99.0,E,8
03/06/2013,18:00,214.242,1388.448,114.16,1,8,301.389,1,8,68.18,1,8,13699.2,1,8,28631.983,1,8,7499.768,1,8,142.253,1,8,-9900,?,9,-9900,?,9,25.77,E,8,19.97,E,8,69.0,E,8,964.3861999999999,E,8,999.0,E,8,1.61,E,8,-9900,?,9,-9900,?,9,0.0,E,8,-9900,?,9,-9900,?,9,0.0,0.0,E,8
03/06/2013,19:00,0.0,1388.448,1.35,1,8,0.0,1,8,0.0,1,8,162.0,1,8,0.0,1,8,0.0,1,8,-0.0,1,8,-9900,?,9,-9900,?,9,25.12,E,8,19.76,E,8,70.0,E,8,964.3861999999999,E,8,999.0,E,8,1.17,E,8,-9900,?,9,-9900,?,9,0.0,E,8,-9900,?,9,-9900,?,9,0.0,0.0,E,8
03/06/2013,20:00,0.0,1388.448,0.0,1,8,0.0,1,8,0.0,1,8,0.0,1,8,0.0,1,8,0.0,1,8,-0.0,1,8,-9900,?,9,-9900,?,9,24.48,E,8,19.54,E,8,72.0,E,8,964.3861999999999,E,8,999.0,E,8,1.11,E,8,-9900,?,9,-9900,?,9,0.0,E,8,-9900,?,9,-9900,?,9,0.0,0.0,E,8
03/06/2013,21:00,0.0,1388.448,0.0,1,8,0.0,1,8,0.0,1,8,0.0,1,8,0.0,1,8,0.0,1,8,-0.0,1,8,-9900,?,9,-9900,?,9,23.83,E,8,19.32,E,8,77.0,E,8,964.3861999999999,E,8,999.0,E,8,1.11,E,8,-9900,?,9,-9900,?,9,0.011,E,8,-9900,?,9,-9900,?,9,0.11,99.0,E,8
03/06/2013,22:00,0.0,1388.448,0.0,1,8,0.0,1,8,0.0,1,8,0.0,1,8,0.0,1,8,0.0,1,8,-0.0,1,8,-9900,?,9,-9900,?,9,23.19,E,8,19.1,E,8,75.0,E,8,964.3861999999999,E,8,999.0,E,8,1.11,E,8,-9900,?,9,-9900,?,9,0.0,E,8,-9900,?,9,-9900,?,9,0.0,0.0,E,8
03/06/2013,23:00,0.0,1388.448,0.0,1,8,0.0,1,8,0.0,1,8,0.0,1,8,0.0,1,8,0.0,1,8,-0.0,1,8,-9900,?,9,-9900,?,9,22.54,E,8,18.87,E,8,76.0,E,8,964.3861999999999,E,8,999.0,E,8,1.61,E,8,-9900,?,9,-9900,?,9,0.0,E,8,-9900,?,9,-9900,?,9,0.0,0.0,E,8
03/06/2013,24:00,0.0,1388.448,0.0,1,8,0.0,1,8,0.0,1,8,0.0,1,8,0.0,1,8,0.0,1,8,-0.0,1,8,-9900,?,9,-9900,?,9,21.9,E,8,20.21,E,8,90.0,E,8,964.3861999999999,E,8,999.0,E,8,1.37,E,8,-9900,?,9,-9900,?,9,0.005,E,8,-9900,?,9,-9900,?,9,0.05,99.0,E,8
03/07/2013,01:00,0.0,1388.448,0.0,1,8,0.0,1,8,0.0,1,8,0.0,1,8,0.0,1,8,0.0,1,8,-0.0,1,8,-9900,?,9,-9900,?,9,21.57,E,8,20.1,E,8,99.0,E,8,964.3861999999999,E,8,999.0,E,8,0.93,E,8,-9900,?,9,-9900,?,9,0.632,E,8,-9900,?,9,-9900,?,9,6.32,99.0,E,8
03/07/2013,02:00,0.0,1388.448,0.0,1,8,0.0,1,8,0.0,1,8,0.0,1,8,0.0,1,8,0.0,1,8,-0.0,1,8,-9900,?,9,-9900,?,9,21.25,E,8,20.0,E,8,92.0,E,8,964.3861999999999,E,8,999.0,E,8,1.19,E,8,-9900,?,9,-9900,?,9,0.033,E,8,-9900,?,9,-9900,?,9,0.33,99.0,E,8
03/07/2013,03:00,0.0,1388.448,0.0,1,8,0.0,1,8,0.0,1,8,0.0,1,8,0.0,1,8,0.0,1,8,-0.0,1,8,-9900,?,9,-9900,?,9,20.93,E,8,19.9,E,8,93.0,E,8,964.3861999999999,E,8,999.0,E,8,1.03,E,8,-9900,?,9,-9900,?,9,0.003,E,8,-9900,?,9,-9900,?,9,0.03,99.0,E,8
03/07/2013,04:00,0.0,1387.711,0.0,1,8,0.0,1,8,0.0,1,8,0.0,1,8,0.0,1,8,0.0,1,8,-0.0,1,8,-9900,?,9,-9900,?,9,20.61,E,8,19.8,E,8,94.0,E,8,964.3861999999999,E,8,999.0,E,8,1.04,E,8,-9900,?,9,-9900,?,9,0.001,E,8,-9900,?,9,-9900,?,9,0.01,99.0,E,8
03/07/2013,05:00,0.0,1387.711,0.0,1,8,0.0,1,8,0.0,1,8,0.0,1,8,0.0,1,8,0.0,1,8,-0.0,1,8,-9900,?,9,-9900,?,9,20.28,E,8,19.7,E,8,91.0,E,8,964.3861999999999,E,8,999.0,E,8,1.14,E,8,-9900,?,9,-9900,?,9,0.0,E,8,-9900,?,9,-9900,?,9,0.0,0.0,E,8
03/07/2013,06:00,0.0,1387.711,0.0,1,8,0.0,1,8,0.0,1,8,0.0,1,8,0.0,1,8,0.0,1,8,-0.0,1,8,-9900,?,9,-9900,?,9,20.03,E,8,19.62,E,8,92.0,E,8,964.3861999999999,E,8,999.0,E,8,1.54,E,8,-9900,?,9,-9900,?,9,0.0,E,8,-9900,?,9,-9900,?,9,0.0,0.0,E,8
03/07/2013,07:00,221.283,1387.711,1.36,1,8,0.0,1,8,1.36,1,8,163.2,1,8,0.0,1,8,149.6,1,8,2.744,1,8,-9900,?,9,-9900,?,9,19.82,E,8,19.55,E,8,92.0,E,8,964.3861999999999,E,8,999.0,E,8,2.03,E,8,-9900,?,9,-9900,?,9,0.0,E,8,-9900,?,9,-9900,?,9,0.0,0.0,E,8
03/07/2013,08:00,544.147,1387.711,83.37,1,8,0.0,1,8,83.37,1,8,10004.4,1,8,0.0,1,8,9170.7,1,8,67.786,1,8,-9900,?,9,-9900,?,9,19.61,E,8,19.48,E,8,93.0,E,8,964.3861999999999,E,8,999.0,E,8,1.81,E,8,-9900,?,9,-9900,?,9,0.0,E,8,-9900,?,9,-9900,?,9,0.0,0.0,E,8
03/07/2013,09:00,834.154,1387.711,192.23,1,8,5.582,1,8,188.877,1,8,23067.6,1,8,530.244,1,8,20776.436,1,8,100.071,1,8,-9900,?,9,-9900,?,9,23.2,E,8,20.61,E,8,82.0,E,8,964.3861999999999,E,8,999.0,E,8,2.61,E,8,-9900,?,9,-9900,?,9,0.0,E,8,-9900,?,9,-9900,?,9,0.0,0.0,E,8
03/07/2013,10:00,1070.678,1387.711,289.58,1,8,14.844,1,8,278.13,1,8,34749.6,1,8,1410.149,1,8,30594.274,1,8,114.769,1,8,-9900,?,9,-9900,?,9,24.52,E,8,21.0,E,8,78.0,E,8,964.3861999999999,E,8,999.0,E,8,2.72,E,8,-9900,?,9,-9900,?,9,0.0,E,8,-9900,?,9,-9900,?,9,0.0,0.0,E,8
03/07/2013,11:00,1237.443,1387.711,365.04,1,8,19.544,1,8,347.614,1,8,43804.8,1,8,1856.655,1,8,38237.527,1,8,124.095,1,8,-9900,?,9,-9900,?,9,25.67,E,8,21.34,E,8,75.0,E,8,964.3861999999999,E,8,999.0,E,8,2.76,E,8,-9900,?,9,-9900,?,9,0.0,E,8,-9900,?,9,-9900,?,9,0.0,0.0,E,8
03/07/2013,12:00,1323.021,1387.711,412.48,1,8,30.478,1,8,383.424,1,8,49497.6,1,8,2895.422,1,8,42176.587,1,8,128.019,1,8,-9900,?,9,-9900,?,9,26.6,E,8,21.61,E,8,73.0,E,8,964.3861999999999,E,8,999.0,E,8,3.5,E,8,-9900,?,9,-9900,?,9,0.0,E,8,-9900,?,9,-9900,?,9,0.0,0.0,E,8
03/07/2013,13:00,1321.551,1387.711,428.32,1,8,34.046,1,8,395.898,1,8,51398.4,1,8,3234.36,1,8,43548.807,1,8,132.331,1,8,-9900,?,9,-9900,?,9,27.3,E,8,21.81,E,8,71.0,E,8,964.3861999999999,E,8,999.0,E,8,4.15,E,8,-9900,?,9,-9900,?,9,0.0,E,8,-9900,?,9,-9900,?,9,0.0,0.0,E,8
03/07/2013,14:00,1233.119,1387.711,411.39,1,8,38.576,1,8,377.114,1,8,49366.8,1,8,3664.714,1,8,41482.555,1,8,135.099,1,8,-9900,?,9,-9900,?,9,27.73,E,8,21.93,E,8,70.0,E,8,964.3861999999999,E,8,999.0,E,8,3.49,E,8,-9900,?,9,-9900,?,9,0.0,E,8,-9900,?,9,-9900,?,9,0.0,0.0,E,8
03/07/2013,15:00,1063.755,1387.711,362.94,1,8,33.376,1,8,337.36,1,8,43552.8,1,8,3170.763,1,8,37109.648,1,8,140.117,1,8,-9900,?,9,-9900,?,9,27.9,E,8,21.98,E,8,70.0,E,8,964.3861999999999,E,8,999.0,E,8,3.42,E,8,-9900,?,9,-9900,?,9,0.0,E,8,-9900,?,9,-9900,?,9,0.0,0.0,E,8
03/07/2013,16:00,825.036,1387.711,286.6,1,8,28.801,1,8,269.486,1,8,34392.0,1,8,2736.1,1,8,29643.47,1,8,144.36,1,8,-9900,?,9,-9900,?,9,27.74,E,8,21.93,E,8,70.0,E,8,964.3861999999999,E,8,999.0,E,8,3.22,E,8,-9900,?,9,-9900,?,9,0.0,E,8,-9900,?,9,-9900,?,9,0.0,0.0,E,8
03/07/2013,17:00,533.37,1387.711,188.6,1,8,72.159,1,8,160.912,1,8,22632.0,1,8,6855.086,1,8,17700.334,1,8,133.487,1,8,-9900,?,9,-9900,?,9,27.18,E,8,21.77,E,8,71.0,E,8,964.3861999999999,E,8,999.0,E,8,3.71,E,8,-9900,?,9,-9900,?,9,0.0,E,8,-9900,?,9,-9900,?,9,0.0,0.0,E,8
03/07/2013,18:00,209.552,1387.711,79.59,1,8,170.764,1,8,54.107,1,8,9550.8,1,8,16222.602,1,8,5951.804,1,8,115.414,1,8,-9900,?,9,-9900,?,9,26.29,E,8,21.52,E,8,74.0,E,8,964.3861999999999,E,8,999.0,E,8,4.37,E,8,-9900,?,9,-9900,?,9,0.0,E,8,-9900,?,9,-9900,?,9,0.0,0.0,E,8
03/07/2013,19:00,0.0,1387.711,0.76,1,8,0.0,1,8,0.0,1,8,91.2,1,8,0.0,1,8,0.0,1,8,-0.0,1,8,-9900,?,9,-9900,?,9,25.67,E,8,21.34,E,8,75.0,E,8,964.3861999999999,E,8,999.0,E,8,3.54,E,8,-9900,?,9,-9900,?,9,0.0,E,8,-9900,?,9,-9900,?,9,0.0,0.0,E,8
03/07/2013,20:00,0.0,1387.711,0.0,1,8,0.0,1,8,0.0,1,8,0.0,1,8,0.0,1,8,0.0,1,8,-0.0,1,8,-9900,?,9,-9900,?,9,25.05,E,8,21.16,E,8,81.0,E,8,964.3861999999999,E,8,999.0,E,8,3.0,E,8,-9900,?,9,-9900,?,9,0.001,E,8,-9900,?,9,-9900,?,9,0.01,99.0,E,8
03/07/2013,21:00,0.0,1387.711,0.0,1,8,0.0,1,8,0.0,1,8,0.0,1,8,0.0,1,8,0.0,1,8,-0.0,1,8,-9900,?,9,-9900,?,9,24.43,E,8,20.98,E,8,82.0,E,8,964.3861999999999,E,8,999.0,E,8,2.48,E,8,-9900,?,9,-9900,?,9,0.009,E,8,-9900,?,9,-9900,?,9,0.09,99.0,E,8
03/07/2013,22:00,0.0,1387.711,0.0,1,8,0.0,1,8,0.0,1,8,0.0,1,8,0.0,1,8,0.0,1,8,-0.0,1,8,-9900,?,9,-9900,?,9,23.81,E,8,20.79,E,8,80.0,E,8,964.3861999999999,E,8,999.0,E,8,3.24,E,8,-9900,?,9,-9900,?,9,0.0,E,8,-9900,?,9,-9900,?,9,0.0,0.0,E,8
03/07/2013,23:00,0.0,1387.711,0.0,1,8,0.0,1,8,0.0,1,8,0.0,1,8,0.0,1,8,0.0,1,8,-0.0,1,8,-9900,?,9,-9900,?,9,23.2,E,8,20.61,E,8,86.0,E,8,964.3861999999999,E,8,999.0,E,8,2.71,E,8,-9900,?,9,-9900,?,9,0.016,E,8,-9900,?,9,-9900,?,9,0.16,99.0,E,8
03/07/2013,24:00,0.0,1387.711,0.0,1,8,0.0,1,8,0.0,1,8,0.0,1,8,0.0,1,8,0.0,1,8,-0.0,1,8,-9900,?,9,-9900,?,9,22.58,E,8,19.46,E,8,85.0,E,8,964.3861999999999,E,8,999.0,E,8,8.86,E,8,-9900,?,9,-9900,?,9,0.16299999999999998,E,8,-9900,?,9,-9900,?,9,1.63,99.0,E,8
03/08/2013,01:00,0.0,1387.711,0.0,1,8,0.0,1,8,0.0,1,8,0.0,1,8,0.0,1,8,0.0,1,8,-0.0,1,8,-9900,?,9,-9900,?,9,22.27,E,8,19.45,E,8,83.0,E,8,964.3861999999999,E,8,999.0,E,8,7.76,E,8,-9900,?,9,-9900,?,9,0.038,E,8,-9900,?,9,-9900,?,9,0.38,99.0,E,8
03/08/2013,02:00,0.0,1387.711,0.0,1,8,0.0,1,8,0.0,1,8,0.0,1,8,0.0,1,8,0.0,1,8,-0.0,1,8,-9900,?,9,-9900,?,9,21.96,E,8,19.43,E,8,88.0,E,8,964.3861999999999,E,8,999.0,E,8,10.67,E,8,-9900,?,9,-9900,?,9,0.118,E,8,-9900,?,9,-9900,?,9,1.18,99.0,E,8
03/08/2013,03:00,0.0,1387.711,0.0,1,8,0.0,1,8,0.0,1,8,0.0,1,8,0.0,1,8,0.0,1,8,-0.0,1,8,-9900,?,9,-9900,?,9,21.65,E,8,19.42,E,8,93.0,E,8,964.3861999999999,E,8,999.0,E,8,8.3,E,8,-9900,?,9,-9900,?,9,2.798,E,8,-9900,?,9,-9900,?,9,27.98,99.0,E,8
03/08/2013,04:00,0.0,1386.969,0.0,1,8,0.0,1,8,0.0,1,8,0.0,1,8,0.0,1,8,0.0,1,8,-0.0,1,8,-9900,?,9,-9900,?,9,21.34,E,8,19.4,E,8,86.0,E,8,964.3861999999999,E,8,999.0,E,8,4.62,E,8,-9900,?,9,-9900,?,9,0.09,E,8,-9900,?,9,-9900,?,9,0.9,99.0,E,8
03/08/2013,05:00,0.0,1386.969,0.0,1,8,0.0,1,8,0.0,1,8,0.0,1,8,0.0,1,8,0.0,1,8,-0.0,1,8,-9900,?,9,-9900,?,9,21.03,E,8,19.39,E,8,92.0,E,8,964.3861999999999,E,8,999.0,E,8,3.39,E,8,-9900,?,9,-9900,?,9,0.264,E,8,-9900,?,9,-9900,?,9,2.64,99.0,E,8
03/08/2013,06:00,0.0,1386.969,0.0,1,8,0.0,1,8,0.0,1,8,0.0,1,8,0.0,1,8,0.0,1,8,-0.0,1,8,-9900,?,9,-9900,?,9,20.8,E,8,19.38,E,8,89.0,E,8,964.3861999999999,E,8,999.0,E,8,2.8,E,8,-9900,?,9,-9900,?,9,0.007000000000000001,E,8,-9900,?,9,-9900,?,9,0.07,99.0,E,8
03/08/2013,07:00,219.225,1386.969,1.79,1,8,0.0,1,8,1.79,1,8,214.8,1,8,0.0,1,8,196.9,1,8,3.644,1,8,-9900,?,9,-9900,?,9,20.59,E,8,19.37,E,8,90.0,E,8,964.3861999999999,E,8,999.0,E,8,2.35,E,8,-9900,?,9,-9900,?,9,0.009,E,8,-9900,?,9,-9900,?,9,0.09,99.0,E,8
03/08/2013,08:00,542.002,1386.969,118.55,1,8,0.0,1,8,118.55,1,8,14226.0,1,8,0.0,1,8,13040.5,1,8,96.721,1,8,-9900,?,9,-9900,?,9,20.39,E,8,19.36,E,8,91.0,E,8,964.3861999999999,E,8,999.0,E,8,2.61,E,8,-9900,?,9,-9900,?,9,0.017,E,8,-9900,?,9,-9900,?,9,0.17,99.0,E,8
03/08/2013,09:00,831.848,1386.969,274.27,1,8,32.542,1,8,254.763,1,8,32912.4,1,8,3091.526,1,8,28023.885,1,8,135.281,1,8,-9900,?,9,-9900,?,9,24.47,E,8,19.56,E,8,74.0,E,8,964.3861999999999,E,8,999.0,E,8,3.96,E,8,-9900,?,9,-9900,?,9,0.072,E,8,-9900,?,9,-9900,?,9,0.72,99.0,E,8
03/08/2013,10:00,1068.133,1386.969,265.17,1,8,14.168,1,8,254.261,1,8,31820.4,1,8,1345.985,1,8,27968.703,1,8,105.114,1,8,-9900,?,9,-9900,?,9,24.95,E,8,19.58,E,8,73.0,E,8,964.3861999999999,E,8,999.0,E,8,2.94,E,8,-9900,?,9,-9900,?,9,0.057999999999999996,E,8,-9900,?,9,-9900,?,9,0.58,99.0,E,8
03/08/2013,11:00,1234.596,1386.969,528.7,1,8,102.605,1,8,437.374,1,8,63444.0,1,8,9747.471,1,8,48111.17,1,8,156.415,1,8,-9900,?,9,-9900,?,9,26.56,E,8,19.66,E,8,68.0,E,8,964.3861999999999,E,8,999.0,E,8,5.13,E,8,-9900,?,9,-9900,?,9,0.004,E,8,-9900,?,9,-9900,?,9,0.04,99.0,E,8
03/08/2013,12:00,1319.834,1386.969,510.69,1,8,58.416,1,8,455.103,1,8,61282.8,1,8,5549.517,1,8,50061.365,1,8,152.237,1,8,-9900,?,9,-9900,?,9,27.45,E,8,19.7,E,8,65.0,E,8,964.3861999999999,E,8,999.0,E,8,5.17,E,8,-9900,?,9,-9900,?,9,0.032,E,8,-9900,?,9,-9900,?,9,0.32,99.0,E,8
03/08/2013,13:00,1318.005,1386.969,611.57,1,8,144.731,1,8,474.04,1,8,73388.4,1,8,13749.416,1,8,52144.406,1,8,158.792,1,8,-9900,?,9,-9900,?,9,28.39,E,8,19.74,E,8,63.0,E,8,964.3861999999999,E,8,999.0,E,8,6.36,E,8,-9900,?,9,-9900,?,9,0.001,E,8,-9900,?,9,-9900,?,9,0.01,99.0,E,8
03/08/2013,14:00,1229.221,1386.969,587.15,1,8,112.375,1,8,487.564,1,8,70458.0,1,8,10675.6,1,8,53632.066,1,8,175.127,1,8,-9900,?,9,-9900,?,9,28.99,E,8,19.77,E,8,57.0,E,8,964.3861999999999,E,8,999.0,E,8,5.66,E,8,-9900,?,9,-9900,?,9,0.0,E,8,-9900,?,9,-9900,?,9,0.0,0.0,E,8
03/08/2013,15:00,1059.538,1386.969,517.61,1,8,114.473,1,8,430.179,1,8,62113.2,1,8,10874.973,1,8,47319.739,1,8,179.284,1,8,-9900,?,9,-9900,?,9,29.26,E,8,19.79,E,8,56.0,E,8,964.3861999999999,E,8,999.0,E,8,5.51,E,8,-9900,?,9,-9900,?,9,0.0,E,8,-9900,?,9,-9900,?,9,0.0,0.0,E,8
03/08/2013,16:00,820.554,1386.969,408.21,1,8,187.871,1,8,297.123,1,8,48985.2,1,8,17847.79,1,8,32683.492,1,8,159.949,1,8,-9900,?,9,-9900,?,9,29.19,E,8,19.78,E,8,60.0,E,8,964.3861999999999,E,8,999.0,E,8,7.48,E,8,-9900,?,9,-9900,?,9,0.002,E,8,-9900,?,9,-9900,?,9,0.02,99.0,E,8
03/08/2013,17:00,528.698,1386.969,267.84,1,8,324.219,1,8,144.463,1,8,32140.8,1,8,30800.769,1,8,15890.885,1,8,120.839,1,8,-9900,?,9,-9900,?,9,28.64,E,8,19.76,E,8,62.0,E,8,964.3861999999999,E,8,999.0,E,8,5.33,E,8,-9900,?,9,-9900,?,9,0.020999999999999998,E,8,-9900,?,9,-9900,?,9,0.21,99.0,E,8
03/08/2013,18:00,204.812,1386.969,111.89,1,8,267.535,1,8,72.869,1,8,13426.8,1,8,25415.856,1,8,8015.582,1,8,159.028,1,8,-9900,?,9,-9900,?,9,27.68,E,8,19.71,E,8,65.0,E,8,964.3861999999999,E,8,999.0,E,8,3.48,E,8,-9900,?,9,-9900,?,9,0.011,E,8,-9900,?,9,-9900,?,9,0.11,99.0,E,8
03/08/2013,19:00,0.0,1386.969,0.83,1,8,0.0,1,8,0.0,1,8,99.6,1,8,0.0,1,8,0.0,1,8,-0.0,1,8,-9900,?,9,-9900,?,9,27.02,E,8,19.68,E,8,66.0,E,8,964.3861999999999,E,8,999.0,E,8,2.61,E,8,-9900,?,9,-9900,?,9,0.005,E,8,-9900,?,9,-9900,?,9,0.05,99.0,E,8
03/08/2013,20:00,0.0,1386.969,0.0,1,8,0.0,1,8,0.0,1,8,0.0,1,8,0.0,1,8,0.0,1,8,-0.0,1,8,-9900,?,9,-9900,?,9,26.37,E,8,19.65,E,8,68.0,E,8,964.3861999999999,E,8,999.0,E,8,2.35,E,8,-9900,?,9,-9900,?,9,0.047,E,8,-9900,?,9,-9900,?,9,0.47,99.0,E,8
03/08/2013,21:00,0.0,1386.969,0.0,1,8,0.0,1,8,0.0,1,8,0.0,1,8,0.0,1,8,0.0,1,8,-0.0,1,8,-9900,?,9,-9900,?,9,25.71,E,8,19.62,E,8,70.0,E,8,964.3861999999999,E,8,999.0,E,8,2.35,E,8,-9900,?,9,-9900,?,9,0.003,E,8,-9900,?,9,-9900,?,9,0.03,99.0,E,8
03/08/2013,22:00,0.0,1386.969,0.0,1,8,0.0,1,8,0.0,1,8,0.0,1,8,0.0,1,8,0.0,1,8,-0.0,1,8,-9900,?,9,-9900,?,9,25.05,E,8,19.58,E,8,73.0,E,8,964.3861999999999,E,8,999.0,E,8,2.35,E,8,-9900,?,9,-9900,?,9,0.014000000000000002,E,8,-9900,?,9,-9900,?,9,0.14,99.0,E,8
03/08/2013,23:00,0.0,1386.969,0.0,1,8,0.0,1,8,0.0,1,8,0.0,1,8,0.0,1,8,0.0,1,8,-0.0,1,8,-9900,?,9,-9900,?,9,24.39,E,8,19.55,E,8,75.0,E,8,964.3861999999999,E,8,999.0,E,8,2.35,E,8,-9900,?,9,-9900,?,9,0.026000000000000002,E,8,-9900,?,9,-9900,?,9,0.26,99.0,E,8
03/08/2013,24:00,0.0,1386.969,0.0,1,8,0.0,1,8,0.0,1,8,0.0,1,8,0.0,1,8,0.0,1,8,-0.0,1,8,-9900,?,9,-9900,?,9,23.74,E,8,20.87,E,8,83.0,E,8,964.3861999999999,E,8,999.0,E,8,0.84,E,8,-9900,?,9,-9900,?,9,0.012,E,8,-9900,?,9,-9900,?,9,0.12,99.0,E,8
03/09/2013,01:00,0.0,1386.969,0.0,1,8,0.0,1,8,0.0,1,8,0.0,1,8,0.0,1,8,0.0,1,8,-0.0,1,8,-9900,?,9,-9900,?,9,23.41,E,8,20.75,E,8,83.0,E,8,964.3861999999999,E,8,999.0,E,8,0.84,E,8,-9900,?,9,-9900,?,9,0.017,E,8,-9900,?,9,-9900,?,9,0.17,99.0,E,8
03/09/2013,02:00,0.0,1386.969,0.0,1,8,0.0,1,8,0.0,1,8,0.0,1,8,0.0,1,8,0.0,1,8,-0.0,1,8,-9900,?,9,-9900,?,9,23.08,E,8,20.64,E,8,84.0,E,8,964.3861999999999,E,8,999.0,E,8,0.84,E,8,-9900,?,9,-9900,?,9,0.094,E,8,-9900,?,9,-9900,?,9,0.94,99.0,E,8
03/09/2013,03:00,0.0,1386.969,0.0,1,8,0.0,1,8,0.0,1,8,0.0,1,8,0.0,1,8,0.0,1,8,-0.0,1,8,-9900,?,9,-9900,?,9,22.75,E,8,20.52,E,8,91.0,E,8,964.3861999999999,E,8,999.0,E,8,0.84,E,8,-9900,?,9,-9900,?,9,1.345,E,8,-9900,?,9,-9900,?,9,13.45,99.0,E,8
03/09/2013,04:00,0.0,1386.221,0.0,1,8,0.0,1,8,0.0,1,8,0.0,1,8,0.0,1,8,0.0,1,8,-0.0,1,8,-9900,?,9,-9900,?,9,22.42,E,8,20.41,E,8,86.0,E,8,964.3861999999999,E,8,999.0,E,8,0.84,E,8,-9900,?,9,-9900,?,9,0.001,E,8,-9900,?,9,-9900,?,9,0.01,99.0,E,8
03/09/2013,05:00,0.0,1386.221,0.0,1,8,0.0,1,8,0.0,1,8,0.0,1,8,0.0,1,8,0.0,1,8,-0.0,1,8,-9900,?,9,-9900,?,9,22.09,E,8,20.29,E,8,83.0,E,8,964.3861999999999,E,8,999.0,E,8,0.84,E,8,-9900,?,9,-9900,?,9,0.0,E,8,-9900,?,9,-9900,?,9,0.0,0.0,E,8
03/09/2013,06:00,0.0,1386.221,0.0,1,8,0.0,1,8,0.0,1,8,0.0,1,8,0.0,1,8,0.0,1,8,-0.0,1,8,-9900,?,9,-9900,?,9,21.84,E,8,20.2,E,8,84.0,E,8,964.3861999999999,E,8,999.0,E,8,0.84,E,8,-9900,?,9,-9900,?,9,0.0,E,8,-9900,?,9,-9900,?,9,0.0,0.0,E,8
03/09/2013,07:00,217.184,1386.221,1.55,1,8,0.0,1,8,1.55,1,8,186.0,1,8,0.0,1,8,170.5,1,8,3.184,1,8,-9900,?,9,-9900,?,9,21.62,E,8,20.12,E,8,84.0,E,8,964.3861999999999,E,8,999.0,E,8,0.84,E,8,-9900,?,9,-9900,?,9,0.0,E,8,-9900,?,9,-9900,?,9,0.0,0.0,E,8
03/09/2013,08:00,539.856,1386.221,110.91,1,8,0.0,1,8,110.91,1,8,13309.2,1,8,0.0,1,8,12200.1,1,8,90.799,1,8,-9900,?,9,-9900,?,9,21.41,E,8,20.04,E,8,85.0,E,8,964.3861999999999,E,8,999.0,E,8,1.08,E,8,-9900,?,9,-9900,?,9,0.0,E,8,-9900,?,9,-9900,?,9,0.0,0.0,E,8
03/09/2013,09:00,829.52,1386.221,257.45,1,8,26.623,1,8,241.527,1,8,30894.0,1,8,2529.172,1,8,26567.986,1,8,128.543,1,8,-9900,?,9,-9900,?,9,24.02,E,8,20.96,E,8,79.0,E,8,964.3861999999999,E,8,999.0,E,8,1.07,E,8,-9900,?,9,-9900,?,9,0.0,E,8,-9900,?,9,-9900,?,9,0.0,0.0,E,8
03/09/2013,10:00,1065.548,1386.221,388.46,1,8,30.733,1,8,364.841,1,8,46615.2,1,8,2919.638,1,8,40132.534,1,8,151.113,1,8,-9900,?,9,-9900,?,9,24.98,E,8,21.29,E,8,77.0,E,8,964.3861999999999,E,8,999.0,E,8,1.04,E,8,-9900,?,9,-9900,?,9,0.0,E,8,-9900,?,9,-9900,?,9,0.0,0.0,E,8
03/09/2013,11:00,1231.695,1386.221,489.89,1,8,54.354,1,8,441.599,1,8,58786.8,1,8,5163.65,1,8,48575.845,1,8,158.213,1,8,-9900,?,9,-9900,?,9,25.82,E,8,21.57,E,8,75.0,E,8,964.3861999999999,E,8,999.0,E,8,1.72,E,8,-9900,?,9,-9900,?,9,0.0,E,8,-9900,?,9,-9900,?,9,0.0,0.0,E,8
03/09/2013,12:00,1316.578,1386.221,553.5,1,8,51.842,1,8,504.264,1,8,66420.0,1,8,4925.029,1,8,55469.006,1,8,169.008,1,8,-9900,?,9,-9900,?,9,26.51,E,8,21.8,E,8,74.0,E,8,964.3861999999999,E,8,999.0,E,8,2.68,E,8,-9900,?,9,-9900,?,9,0.0,E,8,-9900,?,9,-9900,?,9,0.0,0.0,E,8
03/09/2013,13:00,1314.382,1386.221,574.48,1,8,60.668,1,8,516.958,1,8,68937.6,1,8,5763.423,1,8,56865.414,1,8,173.553,1,8,-9900,?,9,-9900,?,9,27.02,E,8,21.96,E,8,73.0,E,8,964.3861999999999,E,8,999.0,E,8,2.51,E,8,-9900,?,9,-9900,?,9,0.0,E,8,-9900,?,9,-9900,?,9,0.0,0.0,E,8
03/09/2013,14:00,1225.243,1386.221,551.3,1,8,88.452,1,8,473.126,1,8,66156.0,1,8,8402.984,1,8,52043.827,1,8,170.401,1,8,-9900,?,9,-9900,?,9,27.33,E,8,22.06,E,8,72.0,E,8,964.3861999999999,E,8,999.0,E,8,2.98,E,8,-9900,?,9,-9900,?,9,0.0,E,8,-9900,?,9,-9900,?,9,0.0,0.0,E,8
03/09/2013,15:00,1055.241,1386.221,485.65,1,8,90.502,1,8,416.771,1,8,58278.0,1,8,8597.698,1,8,45844.839,1,8,174.31,1,8,-9900,?,9,-9900,?,9,27.45,E,8,22.1,E,8,75.0,E,8,964.3861999999999,E,8,999.0,E,8,1.6,E,8,-9900,?,9,-9900,?,9,0.052000000000000005,E,8,-9900,?,9,-9900,?,9,0.52,99.0,E,8
03/09/2013,16:00,815.998,1386.221,382.48,1,8,149.945,1,8,294.264,1,8,45897.6,1,8,14244.808,1,8,32368.994,1,8,159.21,1,8,-9900,?,9,-9900,?,9,27.33,E,8,22.06,E,8,75.0,E,8,964.3861999999999,E,8,999.0,E,8,1.61,E,8,-9900,?,9,-9900,?,9,0.008,E,8,-9900,?,9,-9900,?,9,0.08,99.0,E,8
03/09/2013,17:00,523.964,1386.221,250.22,1,8,252.133,1,8,155.085,1,8,30026.4,1,8,23952.659,1,8,17059.332,1,8,130.83,1,8,-9900,?,9,-9900,?,9,26.92,E,8,21.93,E,8,76.0,E,8,964.3861999999999,E,8,999.0,E,8,1.82,E,8,-9900,?,9,-9900,?,9,0.001,E,8,-9900,?,9,-9900,?,9,0.01,99.0,E,8
03/09/2013,18:00,200.028,1386.221,103.43,1,8,280.484,1,8,63.477,1,8,12411.6,1,8,26646.026,1,8,6982.474,1,8,141.849,1,8,-9900,?,9,-9900,?,9,26.26,E,8,21.71,E,8,78.0,E,8,964.3861999999999,E,8,999.0,E,8,1.21,E,8,-9900,?,9,-9900,?,9,0.006,E,8,-9900,?,9,-9900,?,9,0.06,99.0,E,8
03/09/2013,19:00,0.0,1386.221,0.59,1,8,0.0,1,8,0.0,1,8,70.8,1,8,0.0,1,8,0.0,1,8,-0.0,1,8,-9900,?,9,-9900,?,9,25.7,E,8,21.53,E,8,79.0,E,8,964.3861999999999,E,8,999.0,E,8,0.84,E,8,-9900,?,9,-9900,?,9,0.034,E,8,-9900,?,9,-9900,?,9,0.34,99.0,E,8
03/09/2013,20:00,0.0,1386.221,0.0,1,8,0.0,1,8,0.0,1,8,0.0,1,8,0.0,1,8,0.0,1,8,-0.0,1,8,-9900,?,9,-9900,?,9,25.15,E,8,21.35,E,8,80.0,E,8,964.3861999999999,E,8,999.0,E,8,0.84,E,8,-9900,?,9,-9900,?,9,0.002,E,8,-9900,?,9,-9900,?,9,0.02,99.0,E,8
03/09/2013,21:00,0.0,1386.221,0.0,1,8,0.0,1,8,0.0,1,8,0.0,1,8,0.0,1,8,0.0,1,8,-0.0,1,8,-9900,?,9,-9900,?,9,24.59,E,8,21.16,E,8,81.0,E,8,964.3861999999999,E,8,999.0,E,8,0.84,E,8,-9900,?,9,-9900,?,9,0.024,E,8,-9900,?,9,-9900,?,9,0.24,99.0,E,8
03/09/2013,22:00,0.0,1386.221,0.0,1,8,0.0,1,8,0.0,1,8,0.0,1,8,0.0,1,8,0.0,1,8,-0.0,1,8,-9900,?,9,-9900,?,9,24.04,E,8,20.97,E,8,79.0,E,8,964.3861999999999,E,8,999.0,E,8,0.84,E,8,-9900,?,9,-9900,?,9,0.0,E,8,-9900,?,9,-9900,?,9,0.0,0.0,E,8
03/09/2013,23:00,0.0,1386.221,0.0,1,8,0.0,1,8,0.0,1,8,0.0,1,8,0.0,1,8,0.0,1,8,-0.0,1,8,-9900,?,9,-9900,?,9,23.48,E,8,20.78,E,8,83.0,E,8,964.3861999999999,E,8,999.0,E,8,0.84,E,8,-9900,?,9,-9900,?,9,0.004,E,8,-9900,?,9,-9900,?,9,0.04,99.0,E,8
03/09/2013,24:00,0.0,1386.221,0.0,1,8,0.0,1,8,0.0,1,8,0.0,1,8,0.0,1,8,0.0,1,8,-0.0,1,8,-9900,?,9,-9900,?,9,22.92,E,8,19.12,E,8,83.0,E,8,964.3861999999999,E,8,999.0,E,8,0.39,E,8,-9900,?,9,-9900,?,9,0.001,E,8,-9900,?,9,-9900,?,9,0.01,99.0,E,8
03/10/2013,01:00,0.0,1386.221,0.0,1,8,0.0,1,8,0.0,1,8,0.0,1,8,0.0,1,8,0.0,1,8,-0.0,1,8,-9900,?,9,-9900,?,9,22.65,E,8,19.07,E,8,85.0,E,8,964.3861999999999,E,8,999.0,E,8,0.51,E,8,-9900,?,9,-9900,?,9,0.004,E,8,-9900,?,9,-9900,?,9,0.04,99.0,E,8
03/10/2013,02:00,0.0,1386.221,0.0,1,8,0.0,1,8,0.0,1,8,0.0,1,8,0.0,1,8,0.0,1,8,-0.0,1,8,-9900,?,9,-9900,?,9,22.37,E,8,19.02,E,8,86.0,E,8,964.3861999999999,E,8,999.0,E,8,0.47,E,8,-9900,?,9,-9900,?,9,0.003,E,8,-9900,?,9,-9900,?,9,0.03,99.0,E,8
03/10/2013,03:00,0.0,1386.221,0.0,1,8,0.0,1,8,0.0,1,8,0.0,1,8,0.0,1,8,0.0,1,8,-0.0,1,8,-9900,?,9,-9900,?,9,22.09,E,8,18.97,E,8,87.0,E,8,964.3861999999999,E,8,999.0,E,8,0.42,E,8,-9900,?,9,-9900,?,9,0.001,E,8,-9900,?,9,-9900,?,9,0.01,99.0,E,8
03/10/2013,04:00,0.0,1385.467,0.0,1,8,0.0,1,8,0.0,1,8,0.0,1,8,0.0,1,8,0.0,1,8,-0.0,1,8,-9900,?,9,-9900,?,9,21.81,E,8,18.92,E,8,83.0,E,8,964.3861999999999,E,8,999.0,E,8,0.39,E,8,-9900,?,9,-9900,?,9,0.0,E,8,-9900,?,9,-9900,?,9,0.0,0.0,E,8
03/10/2013,05:00,0.0,1385.467,0.0,1,8,0.0,1,8,0.0,1,8,0.0,1,8,0.0,1,8,0.0,1,8,-0.0,1,8,-9900,?,9,-9900,?,9,21.53,E,8,18.87,E,8,84.0,E,8,964.3861999999999,E,8,999.0,E,8,0.39,E,8,-9900,?,9,-9900,?,9,0.0,E,8,-9900,?,9,-9900,?,9,0.0,0.0,E,8
03/10/2013,06:00,0.0,1385.467,0.0,1,8,0.0,1,8,0.0,1,8,0.0,1,8,0.0,1,8,0.0,1,8,-0.0,1,8,-9900,?,9,-9900,?,9,21.32,E,8,18.83,E,8,85.0,E,8,964.3861999999999,E,8,999.0,E,8,0.61,E,8,-9900,?,9,-9900,?,9,0.0,E,8,-9900,?,9,-9900,?,9,0.0,0.0,E,8
03/10/2013,07:00,215.159,1385.467,1.5,1,8,0.0,1,8,1.5,1,8,180.0,1,8,0.0,1,8,165.0,1,8,3.109,1,8,-9900,?,9,-9900,?,9,21.14,E,8,18.8,E,8,86.0,E,8,964.3861999999999,E,8,999.0,E,8,0.65,E,8,-9900,?,9,-9900,?,9,0.0,E,8,-9900,?,9,-9900,?,9,0.0,0.0,E,8
03/10/2013,08:00,537.707,1385.467,116.63,1,8,0.0,1,8,116.63,1,8,13995.6,1,8,0.0,1,8,12829.3,1,8,95.813,1,8,-9900,?,9,-9900,?,9,20.95,E,8,18.76,E,8,87.0,E,8,964.3861999999999,E,8,999.0,E,8,0.65,E,8,-9900,?,9,-9900,?,9,0.0,E,8,-9900,?,9,-9900,?,9,0.0,0.0,E,8
03/10/2013,09:00,827.17,1385.467,271.66,1,8,32.016,1,8,252.556,1,8,32599.2,1,8,3041.506,1,8,27781.114,1,8,134.722,1,8,-9900,?,9,-9900,?,9,24.51,E,8,19.4,E,8,73.0,E,8,964.3861999999999,E,8,999.0,E,8,1.06,E,8,-9900,?,9,-9900,?,9,0.0,E,8,-9900,?,9,-9900,?,9,0.0,0.0,E,8
03/10/2013,10:00,1062.923,1385.467,410.22,1,8,38.67,1,8,380.559,1,8,49226.4,1,8,3673.657,1,8,41861.448,1,8,157.927,1,8,-9900,?,9,-9900,?,9,25.83,E,8,19.63,E,8,68.0,E,8,964.3861999999999,E,8,999.0,E,8,1.47,E,8,-9900,?,9,-9900,?,9,0.0,E,8,-9900,?,9,-9900,?,9,0.0,0.0,E,8
03/10/2013,11:00,1228.738,1385.467,517.43,1,8,67.483,1,8,457.586,1,8,62091.6,1,8,6410.878,1,8,50334.435,1,8,164.246,1,8,-9900,?,9,-9900,?,9,26.99,E,8,19.83,E,8,64.0,E,8,964.3861999999999,E,8,999.0,E,8,1.85,E,8,-9900,?,9,-9900,?,9,0.0,E,8,-9900,?,9,-9900,?,9,0.0,0.0,E,8
03/10/2013,12:00,1313.254,1385.467,584.57,1,8,65.289,1,8,522.686,1,8,70148.4,1,8,6202.435,1,8,57495.485,1,8,175.531,1,8,-9900,?,9,-9900,?,9,27.92,E,8,19.99,E,8,62.0,E,8,964.3861999999999,E,8,999.0,E,8,1.47,E,8,-9900,?,9,-9900,?,9,0.0,E,8,-9900,?,9,-9900,?,9,0.0,0.0,E,8
03/10/2013,13:00,1310.683,1385.467,606.59,1,8,76.567,1,8,534.159,1,8,72790.8,1,8,7273.83,1,8,58757.465,1,8,179.736,1,8,-9900,?,9,-9900,?,9,28.62,E,8,20.11,E,8,60.0,E,8,964.3861999999999,E,8,999.0,E,8,1.85,E,8,-9900,?,9,-9900,?,9,0.0,E,8,-9900,?,9,-9900,?,9,0.0,0.0,E,8
03/10/2013,14:00,1221.185,1385.467,581.85,1,8,111.658,1,8,483.44,1,8,69822.0,1,8,10607.498,1,8,53178.43,1,8,174.6,1,8,-9900,?,9,-9900,?,9,29.05,E,8,20.18,E,8,58.0,E,8,964.3861999999999,E,8,999.0,E,8,2.01,E,8,-9900,?,9,-9900,?,9,0.0,E,8,-9900,?,9,-9900,?,9,0.0,0.0,E,8
03/10/2013,15:00,1050.866,1385.467,512.18,1,8,113.97,1,8,425.753,1,8,61461.6,1,8,10827.187,1,8,46832.837,1,8,178.711,1,8,-9900,?,9,-9900,?,9,29.21,E,8,20.2,E,8,58.0,E,8,964.3861999999999,E,8,999.0,E,8,2.65,E,8,-9900,?,9,-9900,?,9,0.0,E,8,-9900,?,9,-9900,?,9,0.0,0.0,E,8
03/10/2013,16:00,811.371,1385.467,402.82,1,8,187.619,1,8,293.006,1,8,48338.4,1,8,17823.845,1,8,32230.676,1,8,159.348,1,8,-9900,?,9,-9900,?,9,29.05,E,8,20.18,E,8,58.0,E,8,964.3861999999999,E,8,999.0,E,8,2.53,E,8,-9900,?,9,-9900,?,9,0.0,E,8,-9900,?,9,-9900,?,9,0.0,0.0,E,8
03/10/2013,17:00,519.17,1385.467,262.72,1,8,294.077,1,8,152.718,1,8,31526.4,1,8,27937.34,1,8,16798.956,1,8,129.957,1,8,-9900,?,9,-9900,?,9,28.48,E,8,20.08,E,8,65.0,E,8,964.3861999999999,E,8,999.0,E,8,2.63,E,8,-9900,?,9,-9900,?,9,0.016,E,8,-9900,?,9,-9900,?,9,0.16,99.0,E,8
03/10/2013,18:00,195.2,1385.467,107.43,1,8,271.85,1,8,69.644,1,8,12891.6,1,8,25825.721,1,8,7660.849,1,8,159.49,1,8,-9900,?,9,-9900,?,9,27.57,E,8,19.93,E,8,68.0,E,8,964.3861999999999,E,8,999.0,E,8,2.59,E,8,-9900,?,9,-9900,?,9,0.007000000000000001,E,8,-9900,?,9,-9900,?,9,0.07,99.0,E,8
03/10/2013,19:00,0.0,1385.467,0.45,1,8,0.0,1,8,0.0,1,8,54.0,1,8,0.0,1,8,0.0,1,8,-0.0,1,8,-9900,?,9,-9900,?,9,26.85,E,8,19.8,E,8,80.0,E,8,964.3861999999999,E,8,999.0,E,8,1.99,E,8,-9900,?,9,-9900,?,9,1.124,E,8,-9900,?,9,-9900,?,9,11.24,99.0,E,8
03/10/2013,20:00,0.0,1385.467,0.0,1,8,0.0,1,8,0.0,1,8,0.0,1,8,0.0,1,8,0.0,1,8,-0.0,1,8,-9900,?,9,-9900,?,9,26.14,E,8,19.68,E,8,72.0,E,8,964.3861999999999,E,8,999.0,E,8,1.61,E,8,-9900,?,9,-9900,?,9,0.071,E,8,-9900,?,9,-9900,?,9,0.71,99.0,E,8
03/10/2013,21:00,0.0,1385.467,0.0,1,8,0.0,1,8,0.0,1,8,0.0,1,8,0.0,1,8,0.0,1,8,-0.0,1,8,-9900,?,9,-9900,?,9,25.42,E,8,19.56,E,8,74.0,E,8,964.3861999999999,E,8,999.0,E,8,1.01,E,8,-9900,?,9,-9900,?,9,0.038,E,8,-9900,?,9,-9900,?,9,0.38,99.0,E,8
03/10/2013,22:00,0.0,1385.467,0.0,1,8,0.0,1,8,0.0,1,8,0.0,1,8,0.0,1,8,0.0,1,8,-0.0,1,8,-9900,?,9,-9900,?,9,24.7,E,8,19.43,E,8,77.0,E,8,964.3861999999999,E,8,999.0,E,8,0.64,E,8,-9900,?,9,-9900,?,9,0.011,E,8,-9900,?,9,-9900,?,9,0.11,99.0,E,8
03/10/2013,23:00,0.0,1385.467,0.0,1,8,0.0,1,8,0.0,1,8,0.0,1,8,0.0,1,8,0.0,1,8,-0.0,1,8,-9900,?,9,-9900,?,9,23.98,E,8,19.3,E,8,79.0,E,8,964.3861999999999,E,8,999.0,E,8,0.46,E,8,-9900,?,9,-9900,?,9,0.024,E,8,-9900,?,9,-9900,?,9,0.24,99.0,E,8
03/10/2013,24:00,0.0,1385.467,0.0,1,8,0.0,1,8,0.0,1,8,0.0,1,8,0.0,1,8,0.0,1,8,-0.0,1,8,-9900,?,9,-9900,?,9,23.27,E,8,19.91,E,8,81.0,E,8,964.3861999999999,E,8,999.0,E,8,0.77,E,8,-9900,?,9,-9900,?,9,0.007000000000000001,E,8,-9900,?,9,-9900,?,9,0.07,99.0,E,8
03/11/2013,01:00,0.0,1385.467,0.0,1,8,0.0,1,8,0.0,1,8,0.0,1,8,0.0,1,8,0.0,1,8,-0.0,1,8,-9900,?,9,-9900,?,9,22.91,E,8,19.85,E,8,82.0,E,8,964.3861999999999,E,8,999.0,E,8,1.53,E,8,-9900,?,9,-9900,?,9,0.012,E,8,-9900,?,9,-9900,?,9,0.12,99.0,E,8
03/11/2013,02:00,0.0,1385.467,0.0,1,8,0.0,1,8,0.0,1,8,0.0,1,8,0.0,1,8,0.0,1,8,-0.0,1,8,-9900,?,9,-9900,?,9,22.55,E,8,19.79,E,8,83.0,E,8,964.3861999999999,E,8,999.0,E,8,1.86,E,8,-9900,?,9,-9900,?,9,0.04,E,8,-9900,?,9,-9900,?,9,0.4,99.0,E,8
03/11/2013,03:00,0.0,1385.467,0.0,1,8,0.0,1,8,0.0,1,8,0.0,1,8,0.0,1,8,0.0,1,8,-0.0,1,8,-9900,?,9,-9900,?,9,22.19,E,8,19.72,E,8,92.0,E,8,964.3861999999999,E,8,999.0,E,8,1.24,E,8,-9900,?,9,-9900,?,9,0.712,E,8,-9900,?,9,-9900,?,9,7.12,99.0,E,8
03/11/2013,04:00,0.0,1384.708,0.0,1,8,0.0,1,8,0.0,1,8,0.0,1,8,0.0,1,8,0.0,1,8,-0.0,1,8,-9900,?,9,-9900,?,9,21.83,E,8,19.66,E,8,86.0,E,8,964.3861999999999,E,8,999.0,E,8,1.69,E,8,-9900,?,9,-9900,?,9,0.02,E,8,-9900,?,9,-9900,?,9,0.2,99.0,E,8
03/11/2013,05:00,0.0,1384.708,0.0,1,8,0.0,1,8,0.0,1,8,0.0,1,8,0.0,1,8,0.0,1,8,-0.0,1,8,-9900,?,9,-9900,?,9,21.47,E,8,19.6,E,8,87.0,E,8,964.3861999999999,E,8,999.0,E,8,1.26,E,8,-9900,?,9,-9900,?,9,0.001,E,8,-9900,?,9,-9900,?,9,0.01,99.0,E,8
03/11/2013,06:00,0.0,1384.708,0.0,1,8,0.0,1,8,0.0,1,8,0.0,1,8,0.0,1,8,0.0,1,8,-0.0,1,8,-9900,?,9,-9900,?,9,21.19,E,8,19.55,E,8,84.0,E,8,964.3861999999999,E,8,999.0,E,8,1.05,E,8,-9900,?,9,-9900,?,9,0.0,E,8,-9900,?,9,-9900,?,9,0.0,0.0,E,8
03/11/2013,07:00,213.15,1384.708,1.48,1,8,0.0,1,8,1.48,1,8,177.6,1,8,0.0,1,8,162.8,1,8,3.096,1,8,-9900,?,9,-9900,?,9,20.96,E,8,19.51,E,8,85.0,E,8,964.3861999999999,E,8,999.0,E,8,0.78,E,8,-9900,?,9,-9900,?,9,0.0,E,8,-9900,?,9,-9900,?,9,0.0,0.0,E,8
03/11/2013,08:00,535.555,1384.708,124.34,1,8,0.0,1,8,124.34,1,8,14920.8,1,8,0.0,1,8,13677.4,1,8,102.502,1,8,-9900,?,9,-9900,?,9,20.72,E,8,19.46,E,8,86.0,E,8,964.3861999999999,E,8,999.0,E,8,0.97,E,8,-9900,?,9,-9900,?,9,0.0,E,8,-9900,?,9,-9900,?,9,0.0,0.0,E,8
03/11/2013,09:00,824.799,1384.708,290.59,1,8,43.804,1,8,264.512,1,8,34870.8,1,8,4161.357,1,8,29096.352,1,8,141.429,1,8,-9900,?,9,-9900,?,9,23.78,E,8,20.0,E,8,76.0,E,8,964.3861999999999,E,8,999.0,E,8,1.31,E,8,-9900,?,9,-9900,?,9,0.0,E,8,-9900,?,9,-9900,?,9,0.0,0.0,E,8
03/11/2013,10:00,1060.258,1384.708,439.14,1,8,73.641,1,8,382.765,1,8,52696.8,1,8,6995.912,1,8,42104.186,1,8,159.155,1,8,-9900,?,9,-9900,?,9,24.92,E,8,20.2,E,8,72.0,E,8,964.3861999999999,E,8,999.0,E,8,2.1,E,8,-9900,?,9,-9900,?,9,0.0,E,8,-9900,?,9,-9900,?,9,0.0,0.0,E,8
03/11/2013,11:00,1225.726,1384.708,554.01,1,8,89.862,1,8,474.472,1,8,66481.2,1,8,8536.913,1,8,52191.875,1,8,170.632,1,8,-9900,?,9,-9900,?,9,25.91,E,8,20.36,E,8,70.0,E,8,964.3861999999999,E,8,999.0,E,8,2.18,E,8,-9900,?,9,-9900,?,9,0.0,E,8,-9900,?,9,-9900,?,9,0.0,0.0,E,8
03/11/2013,12:00,1309.864,1384.708,625.86,1,8,87.09,1,8,543.48,1,8,75103.2,1,8,8273.554,1,8,59782.811,1,8,182.886,1,8,-9900,?,9,-9900,?,9,26.71,E,8,20.5,E,8,67.0,E,8,964.3861999999999,E,8,999.0,E,8,1.38,E,8,-9900,?,9,-9900,?,9,0.0,E,8,-9900,?,9,-9900,?,9,0.0,0.0,E,8
03/11/2013,13:00,1306.909,1384.708,649.26,1,8,102.158,1,8,552.845,1,8,77911.2,1,8,9705.037,1,8,60812.943,1,8,186.458,1,8,-9900,?,9,-9900,?,9,27.31,E,8,20.6,E,8,66.0,E,8,964.3861999999999,E,8,999.0,E,8,2.13,E,8,-9900,?,9,-9900,?,9,0.0,E,8,-9900,?,9,-9900,?,9,0.0,0.0,E,8
03/11/2013,14:00,1217.05,1384.708,622.51,1,8,148.616,1,8,491.9,1,8,74701.2,1,8,14118.494,1,8,54108.974,1,8,178.162,1,8,-9900,?,9,-9900,?,9,27.68,E,8,20.66,E,8,65.0,E,8,964.3861999999999,E,8,999.0,E,8,1.64,E,8,-9900,?,9,-9900,?,9,0.0,E,8,-9900,?,9,-9900,?,9,0.0,0.0,E,8
03/11/2013,15:00,1046.416,1384.708,547.54,1,8,150.729,1,8,433.66,1,8,65704.8,1,8,14319.258,1,8,47702.606,1,8,182.704,1,8,-9900,?,9,-9900,?,9,27.82,E,8,20.68,E,8,65.0,E,8,964.3861999999999,E,8,999.0,E,8,1.57,E,8,-9900,?,9,-9900,?,9,0.0,E,8,-9900,?,9,-9900,?,9,0.0,0.0,E,8
03/11/2013,16:00,806.676,1384.708,430.03,1,8,313.513,1,8,247.494,1,8,51603.6,1,8,29783.693,1,8,27224.375,1,8,135.308,1,8,-9900,?,9,-9900,?,9,27.67,E,8,20.66,E,8,65.0,E,8,964.3861999999999,E,8,999.0,E,8,1.87,E,8,-9900,?,9,-9900,?,9,0.0,E,8,-9900,?,9,-9900,?,9,0.0,0.0,E,8
03/11/2013,17:00,514.319,1384.708,279.59,1,8,375.423,1,8,140.401,1,8,33550.8,1,8,35665.206,1,8,15444.071,1,8,120.541,1,8,-9900,?,9,-9900,?,9,27.18,E,8,20.58,E,8,66.0,E,8,964.3861999999999,E,8,999.0,E,8,2.11,E,8,-9900,?,9,-9900,?,9,0.0,E,8,-9900,?,9,-9900,?,9,0.0,0.0,E,8
03/11/2013,18:00,190.333,1384.708,113.05,1,8,320.497,1,8,69.618,1,8,13566.0,1,8,30447.226,1,8,7657.974,1,8,163.525,1,8,-9900,?,9,-9900,?,9,26.4,E,8,20.45,E,8,72.0,E,8,964.3861999999999,E,8,999.0,E,8,2.02,E,8,-9900,?,9,-9900,?,9,0.004,E,8,-9900,?,9,-9900,?,9,0.04,99.0,E,8
03/11/2013,19:00,0.0,1384.708,0.34,1,8,0.0,1,8,0.0,1,8,40.8,1,8,0.0,1,8,0.0,1,8,-0.0,1,8,-9900,?,9,-9900,?,9,25.8,E,8,20.35,E,8,74.0,E,8,964.3861999999999,E,8,999.0,E,8,1.74,E,8,-9900,?,9,-9900,?,9,0.001,E,8,-9900,?,9,-9900,?,9,0.01,99.0,E,8
03/11/2013,20:00,0.0,1384.708,0.0,1,8,0.0,1,8,0.0,1,8,0.0,1,8,0.0,1,8,0.0,1,8,-0.0,1,8,-9900,?,9,-9900,?,9,25.19,E,8,20.24,E,8,75.0,E,8,964.3861999999999,E,8,999.0,E,8,1.5,E,8,-9900,?,9,-9900,?,9,0.003,E,8,-9900,?,9,-9900,?,9,0.03,99.0,E,8
03/11/2013,21:00,0.0,1384.708,0.0,1,8,0.0,1,8,0.0,1,8,0.0,1,8,0.0,1,8,0.0,1,8,-0.0,1,8,-9900,?,9,-9900,?,9,24.59,E,8,20.14,E,8,73.0,E,8,964.3861999999999,E,8,999.0,E,8,1.65,E,8,-9900,?,9,-9900,?,9,0.0,E,8,-9900,?,9,-9900,?,9,0.0,0.0,E,8
03/11/2013,22:00,0.0,1384.708,0.0,1,8,0.0,1,8,0.0,1,8,0.0,1,8,0.0,1,8,0.0,1,8,-0.0,1,8,-9900,?,9,-9900,?,9,23.98,E,8,20.03,E,8,75.0,E,8,964.3861999999999,E,8,999.0,E,8,1.61,E,8,-9900,?,9,-9900,?,9,0.0,E,8,-9900,?,9,-9900,?,9,0.0,0.0,E,8
03/11/2013,23:00,0.0,1384.708,0.0,1,8,0.0,1,8,0.0,1,8,0.0,1,8,0.0,1,8,0.0,1,8,-0.0,1,8,-9900,?,9,-9900,?,9,23.38,E,8,19.93,E,8,77.0,E,8,964.3861999999999,E,8,999.0,E,8,1.2,E,8,-9900,?,9,-9900,?,9,0.0,E,8,-9900,?,9,-9900,?,9,0.0,0.0,E,8
03/11/2013,24:00,0.0,1384.708,0.0,1,8,0.0,1,8,0.0,1,8,0.0,1,8,0.0,1,8,0.0,1,8,-0.0,1,8,-9900,?,9,-9900,?,9,22.78,E,8,19.74,E,8,82.0,E,8,964.3861999999999,E,8,999.0,E,8,2.82,E,8,-9900,?,9,-9900,?,9,0.0,E,8,-9900,?,9,-9900,?,9,0.0,0.0,E,8
03/12/2013,01:00,0.0,1384.708,0.0,1,8,0.0,1,8,0.0,1,8,0.0,1,8,0.0,1,8,0.0,1,8,-0.0,1,8,-9900,?,9,-9900,?,9,22.47,E,8,19.63,E,8,83.0,E,8,964.3861999999999,E,8,999.0,E,8,2.45,E,8,-9900,?,9,-9900,?,9,0.0,E,8,-9900,?,9,-9900,?,9,0.0,0.0,E,8
03/12/2013,02:00,0.0,1384.708,0.0,1,8,0.0,1,8,0.0,1,8,0.0,1,8,0.0,1,8,0.0,1,8,-0.0,1,8,-9900,?,9,-9900,?,9,22.17,E,8,19.53,E,8,84.0,E,8,964.3861999999999,E,8,999.0,E,8,1.79,E,8,-9900,?,9,-9900,?,9,0.0,E,8,-9900,?,9,-9900,?,9,0.0,0.0,E,8
03/12/2013,03:00,0.0,1384.708,0.0,1,8,0.0,1,8,0.0,1,8,0.0,1,8,0.0,1,8,0.0,1,8,-0.0,1,8,-9900,?,9,-9900,?,9,21.87,E,8,19.42,E,8,85.0,E,8,964.3861999999999,E,8,999.0,E,8,2.5,E,8,-9900,?,9,-9900,?,9,0.0,E,8,-9900,?,9,-9900,?,9,0.0,0.0,E,8
03/12/2013,04:00,0.0,1383.945,0.0,1,8,0.0,1,8,0.0,1,8,0.0,1,8,0.0,1,8,0.0,1,8,-0.0,1,8,-9900,?,9,-9900,?,9,21.57,E,8,19.31,E,8,86.0,E,8,964.3861999999999,E,8,999.0,E,8,3.27,E,8,-9900,?,9,-9900,?,9,0.0,E,8,-9900,?,9,-9900,?,9,0.0,0.0,E,8
03/12/2013,05:00,0.0,1383.945,0.0,1,8,0.0,1,8,0.0,1,8,0.0,1,8,0.0,1,8,0.0,1,8,-0.0,1,8,-9900,?,9,-9900,?,9,21.26,E,8,19.2,E,8,88.0,E,8,964.3861999999999,E,8,999.0,E,8,3.43,E,8,-9900,?,9,-9900,?,9,0.0,E,8,-9900,?,9,-9900,?,9,0.0,0.0,E,8
03/12/2013,06:00,0.0,1383.945,0.0,1,8,0.0,1,8,0.0,1,8,0.0,1,8,0.0,1,8,0.0,1,8,-0.0,1,8,-9900,?,9,-9900,?,9,21.03,E,8,19.12,E,8,88.0,E,8,964.3861999999999,E,8,999.0,E,8,4.23,E,8,-9900,?,9,-9900,?,9,0.0,E,8,-9900,?,9,-9900,?,9,0.0,0.0,E,8
03/12/2013,07:00,211.156,1383.945,1.31,1,8,0.0,1,8,1.31,1,8,157.2,1,8,0.0,1,8,144.1,1,8,2.765,1,8,-9900,?,9,-9900,?,9,20.83,E,8,19.05,E,8,89.0,E,8,964.3861999999999,E,8,999.0,E,8,4.26,E,8,-9900,?,9,-9900,?,9,0.0,E,8,-9900,?,9,-9900,?,9,0.0,0.0,E,8
03/12/2013,08:00,533.399,1383.945,120.61,1,8,0.0,1,8,120.61,1,8,14473.2,1,8,0.0,1,8,13267.1,1,8,99.776,1,8,-9900,?,9,-9900,?,9,20.63,E,8,18.98,E,8,90.0,E,8,964.3861999999999,E,8,999.0,E,8,5.25,E,8,-9900,?,9,-9900,?,9,0.0,E,8,-9900,?,9,-9900,?,9,0.0,0.0,E,8
03/12/2013,09:00,822.405,1383.945,168.97,1,8,7.204,1,8,164.691,1,8,20276.4,1,8,684.366,1,8,18116.058,1,8,88.265,1,8,-9900,?,9,-9900,?,9,23.08,E,8,19.85,E,8,82.0,E,8,964.3861999999999,E,8,999.0,E,8,4.75,E,8,-9900,?,9,-9900,?,9,0.0,E,8,-9900,?,9,-9900,?,9,0.0,0.0,E,8
03/12/2013,10:00,1057.554,1383.945,427.69,1,8,79.966,1,8,366.596,1,8,51322.8,1,8,7596.748,1,8,40325.586,1,8,152.737,1,8,-9900,?,9,-9900,?,9,24.68,E,8,20.39,E,8,77.0,E,8,964.3861999999999,E,8,999.0,E,8,4.18,E,8,-9900,?,9,-9900,?,9,0.0,E,8,-9900,?,9,-9900,?,9,0.0,0.0,E,8
03/12/2013,11:00,1222.658,1383.945,539.66,1,8,128.364,1,8,426.265,1,8,64759.2,1,8,12194.55,1,8,46889.186,1,8,153.596,1,8,-9900,?,9,-9900,?,9,25.95,E,8,20.82,E,8,73.0,E,8,964.3861999999999,E,8,999.0,E,8,5.34,E,8,-9900,?,9,-9900,?,9,0.0,E,8,-9900,?,9,-9900,?,9,0.0,0.0,E,8
03/12/2013,12:00,1306.406,1383.945,211.32,1,8,9.961,1,8,201.918,1,8,25358.4,1,8,946.25,1,8,22210.966,1,8,68.09,1,8,-9900,?,9,-9900,?,9,25.6,E,8,20.7,E,8,74.0,E,8,964.3861999999999,E,8,999.0,E,8,5.15,E,8,-9900,?,9,-9900,?,9,0.0,E,8,-9900,?,9,-9900,?,9,0.0,0.0,E,8
03/12/2013,13:00,1303.061,1383.945,386.55,1,8,35.023,1,8,353.575,1,8,46386.0,1,8,3327.224,1,8,38893.222,1,8,119.537,1,8,-9900,?,9,-9900,?,9,25.86,E,8,20.79,E,8,73.0,E,8,964.3861999999999,E,8,999.0,E,8,4.5,E,8,-9900,?,9,-9900,?,9,0.0,E,8,-9900,?,9,-9900,?,9,0.0,0.0,E,8
03/12/2013,14:00,1212.838,1383.945,605.89,1,8,193.052,1,8,436.722,1,8,72706.8,1,8,18339.915,1,8,48039.374,1,8,158.639,1,8,-9900,?,9,-9900,?,9,26.58,E,8,21.02,E,8,71.0,E,8,964.3861999999999,E,8,999.0,E,8,4.97,E,8,-9900,?,9,-9900,?,9,0.0,E,8,-9900,?,9,-9900,?,9,0.0,0.0,E,8
03/12/2013,15:00,1041.893,1383.945,440.15,1,8,231.043,1,8,266.25,1,8,52818.0,1,8,21949.048,1,8,29287.536,1,8,112.599,1,8,-9900,?,9,-9900,?,9,26.77,E,8,21.08,E,8,71.0,E,8,964.3861999999999,E,8,999.0,E,8,4.16,E,8,-9900,?,9,-9900,?,9,0.0,E,8,-9900,?,9,-9900,?,9,0.0,0.0,E,8
03/12/2013,16:00,801.914,1383.945,826.7,1,8,581.702,1,8,489.834,1,8,99204.0,1,8,55261.643,1,8,53881.717,1,8,269.241,1,8,-9900,?,9,-9900,?,9,27.64,E,8,21.36,E,8,68.0,E,8,964.3861999999999,E,8,999.0,E,8,3.18,E,8,-9900,?,9,-9900,?,9,0.0,E,8,-9900,?,9,-9900,?,9,0.0,0.0,E,8
03/12/2013,17:00,509.413,1383.945,684.38,1,8,728.282,1,8,416.805,1,8,82125.6,1,8,69186.835,1,8,45848.541,1,8,361.108,1,8,-9900,?,9,-9900,?,9,28.09,E,8,21.5,E,8,67.0,E,8,964.3861999999999,E,8,999.0,E,8,3.26,E,8,-9900,?,9,-9900,?,9,0.0,E,8,-9900,?,9,-9900,?,9,0.0,0.0,E,8
03/12/2013,18:00,185.43,1383.945,295.08,1,8,357.704,1,8,247.862,1,8,35409.6,1,8,33981.874,1,8,27264.873,1,8,597.698,1,8,-9900,?,9,-9900,?,9,27.71,E,8,21.38,E,8,68.0,E,8,964.3861999999999,E,8,999.0,E,8,2.3,E,8,-9900,?,9,-9900,?,9,0.0,E,8,-9900,?,9,-9900,?,9,0.0,0.0,E,8
03/12/2013,19:00,0.0,1383.945,11.09,1,8,0.0,1,8,0.0,1,8,1330.8,1,8,0.0,1,8,0.0,1,8,-0.0,1,8,-9900,?,9,-9900,?,9,26.87,E,8,21.11,E,8,70.0,E,8,964.3861999999999,E,8,999.0,E,8,1.39,E,8,-9900,?,9,-9900,?,9,0.0,E,8,-9900,?,9,-9900,?,9,0.0,0.0,E,8
03/12/2013,20:00,0.0,1383.945,0.0,1,8,0.0,1,8,0.0,1,8,0.0,1,8,0.0,1,8,0.0,1,8,-0.0,1,8,-9900,?,9,-9900,?,9,26.02,E,8,20.84,E,8,73.0,E,8,964.3861999999999,E,8,999.0,E,8,1.09,E,8,-9900,?,9,-9900,?,9,0.0,E,8,-9900,?,9,-9900,?,9,0.0,0.0,E,8
03/12/2013,21:00,0.0,1383.945,0.0,1,8,0.0,1,8,0.0,1,8,0.0,1,8,0.0,1,8,0.0,1,8,-0.0,1,8,-9900,?,9,-9900,?,9,25.17,E,8,20.56,E,8,75.0,E,8,964.3861999999999,E,8,999.0,E,8,1.09,E,8,-9900,?,9,-9900,?,9,0.0,E,8,-9900,?,9,-9900,?,9,0.0,0.0,E,8
03/12/2013,22:00,0.0,1383.945,0.0,1,8,0.0,1,8,0.0,1,8,0.0,1,8,0.0,1,8,0.0,1,8,-0.0,1,8,-9900,?,9,-9900,?,9,24.32,E,8,20.27,E,8,78.0,E,8,964.3861999999999,E,8,999.0,E,8,1.48,E,8,-9900,?,9,-9900,?,9,0.0,E,8,-9900,?,9,-9900,?,9,0.0,0.0,E,8
03/12/2013,23:00,0.0,1383.945,0.0,1,8,0.0,1,8,0.0,1,8,0.0,1,8,0.0,1,8,0.0,1,8,-0.0,1,8,-9900,?,9,-9900,?,9,23.47,E,8,19.98,E,8,80.0,E,8,964.3861999999999,E,8,999.0,E,8,1.35,E,8,-9900,?,9,-9900,?,9,0.0,E,8,-9900,?,9,-9900,?,9,0.0,0.0,E,8
03/12/2013,24:00,0.0,1383.945,0.0,1,8,0.0,1,8,0.0,1,8,0.0,1,8,0.0,1,8,0.0,1,8,-0.0,1,8,-9900,?,9,-9900,?,9,22.63,E,8,17.92,E,8,74.0,E,8,964.3861999999999,E,8,999.0,E,8,0.79,E,8,-9900,?,9,-9900,?,9,0.0,E,8,-9900,?,9,-9900,?,9,0.0,0.0,E,8
03/13/2013,01:00,0.0,1383.945,0.0,1,8,0.0,1,8,0.0,1,8,0.0,1,8,0.0,1,8,0.0,1,8,-0.0,1,8,-9900,?,9,-9900,?,9,22.2,E,8,17.92,E,8,76.0,E,8,964.3861999999999,E,8,999.0,E,8,1.15,E,8,-9900,?,9,-9900,?,9,0.0,E,8,-9900,?,9,-9900,?,9,0.0,0.0,E,8
03/13/2013,02:00,0.0,1383.945,0.0,1,8,0.0,1,8,0.0,1,8,0.0,1,8,0.0,1,8,0.0,1,8,-0.0,1,8,-9900,?,9,-9900,?,9,21.78,E,8,17.91,E,8,78.0,E,8,964.3861999999999,E,8,999.0,E,8,1.57,E,8,-9900,?,9,-9900,?,9,0.0,E,8,-9900,?,9,-9900,?,9,0.0,0.0,E,8
03/13/2013,03:00,0.0,1383.945,0.0,1,8,0.0,1,8,0.0,1,8,0.0,1,8,0.0,1,8,0.0,1,8,-0.0,1,8,-9900,?,9,-9900,?,9,21.36,E,8,17.91,E,8,80.0,E,8,964.3861999999999,E,8,999.0,E,8,1.24,E,8,-9900,?,9,-9900,?,9,0.0,E,8,-9900,?,9,-9900,?,9,0.0,0.0,E,8
03/13/2013,04:00,0.0,1383.176,0.0,1,8,0.0,1,8,0.0,1,8,0.0,1,8,0.0,1,8,0.0,1,8,-0.0,1,8,-9900,?,9,-9900,?,9,20.93,E,8,17.91,E,8,82.0,E,8,964.3861999999999,E,8,999.0,E,8,0.64,E,8,-9900,?,9,-9900,?,9,0.0,E,8,-9900,?,9,-9900,?,9,0.0,0.0,E,8
03/13/2013,05:00,0.0,1383.176,0.0,1,8,0.0,1,8,0.0,1,8,0.0,1,8,0.0,1,8,0.0,1,8,-0.0,1,8,-9900,?,9,-9900,?,9,20.51,E,8,17.9,E,8,84.0,E,8,964.3861999999999,E,8,999.0,E,8,0.64,E,8,-9900,?,9,-9900,?,9,0.0,E,8,-9900,?,9,-9900,?,9,0.0,0.0,E,8
03/13/2013,06:00,0.0,1383.176,0.0,1,8,0.0,1,8,0.0,1,8,0.0,1,8,0.0,1,8,0.0,1,8,-0.0,1,8,-9900,?,9,-9900,?,9,20.18,E,8,17.9,E,8,86.0,E,8,964.3861999999999,E,8,999.0,E,8,0.64,E,8,-9900,?,9,-9900,?,9,0.0,E,8,-9900,?,9,-9900,?,9,0.0,0.0,E,8
03/13/2013,07:00,209.177,1383.176,1.6,1,8,0.0,1,8,1.6,1,8,192.0,1,8,0.0,1,8,176.0,1,8,3.408,1,8,-9900,?,9,-9900,?,9,19.9,E,8,17.9,E,8,88.0,E,8,964.3861999999999,E,8,999.0,E,8,0.64,E,8,-9900,?,9,-9900,?,9,0.0,E,8,-9900,?,9,-9900,?,9,0.0,0.0,E,8
03/13/2013,08:00,531.239,1383.176,137.99,1,8,9.217,1,8,134.456,1,8,16558.8,1,8,875.596,1,8,14790.164,1,8,111.622,1,8,-9900,?,9,-9900,?,9,19.62,E,8,17.89,E,8,89.0,E,8,964.3861999999999,E,8,999.0,E,8,0.87,E,8,-9900,?,9,-9900,?,9,0.0,E,8,-9900,?,9,-9900,?,9,0.0,0.0,E,8
03/13/2013,09:00,819.988,1383.176,375.14,1,8,161.707,1,8,279.327,1,8,45016.8,1,8,15362.126,1,8,30726.015,1,8,150.061,1,8,-9900,?,9,-9900,?,9,23.75,E,8,17.93,E,8,69.0,E,8,964.3861999999999,E,8,999.0,E,8,0.67,E,8,-9900,?,9,-9900,?,9,0.0,E,8,-9900,?,9,-9900,?,9,0.0,0.0,E,8
03/13/2013,10:00,1054.809,1383.176,585.18,1,8,299.503,1,8,356.827,1,8,70221.6,1,8,28452.795,1,8,39251.021,1,8,148.972,1,8,-9900,?,9,-9900,?,9,25.52,E,8,17.94,E,8,62.0,E,8,964.3861999999999,E,8,999.0,E,8,0.81,E,8,-9900,?,9,-9900,?,9,0.0,E,8,-9900,?,9,-9900,?,9,0.0,0.0,E,8
03/13/2013,11:00,1219.537,1383.176,732.96,1,8,379.197,1,8,398.653,1,8,87955.2,1,8,36023.734,1,8,43851.799,1,8,143.934,1,8,-9900,?,9,-9900,?,9,26.99,E,8,17.96,E,8,57.0,E,8,964.3861999999999,E,8,999.0,E,8,1.07,E,8,-9900,?,9,-9900,?,9,0.0,E,8,-9900,?,9,-9900,?,9,0.0,0.0,E,8
03/13/2013,12:00,1302.884,1383.176,811.84,1,8,468.753,1,8,370.314,1,8,97420.8,1,8,44531.564,1,8,40734.551,1,8,125.144,1,8,-9900,?,9,-9900,?,9,28.13,E,8,17.97,E,8,54.0,E,8,964.3861999999999,E,8,999.0,E,8,2.08,E,8,-9900,?,9,-9900,?,9,0.0,E,8,-9900,?,9,-9900,?,9,0.0,0.0,E,8
03/13/2013,13:00,1299.141,1383.176,846.41,1,8,531.915,1,8,346.831,1,8,101569.2,1,8,50531.918,1,8,38151.451,1,8,117.546,1,8,-9900,?,9,-9900,?,9,28.99,E,8,17.97,E,8,51.0,E,8,964.3861999999999,E,8,999.0,E,8,2.3,E,8,-9900,?,9,-9900,?,9,0.0,E,8,-9900,?,9,-9900,?,9,0.0,0.0,E,8
03/13/2013,14:00,1208.552,1383.176,795.38,1,8,516.964,1,8,343.723,1,8,95445.6,1,8,49111.595,1,8,37809.534,1,8,125.231,1,8,-9900,?,9,-9900,?,9,29.48,E,8,17.98,E,8,50.0,E,8,964.3861999999999,E,8,999.0,E,8,2.7,E,8,-9900,?,9,-9900,?,9,0.0,E,8,-9900,?,9,-9900,?,9,0.0,0.0,E,8
03/13/2013,15:00,1037.297,1383.176,729.6,1,8,697.639,1,8,206.533,1,8,87552.0,1,8,66275.729,1,8,22718.624,1,8,87.683,1,8,-9900,?,9,-9900,?,9,29.71,E,8,17.98,E,8,49.0,E,8,964.3861999999999,E,8,999.0,E,8,2.45,E,8,-9900,?,9,-9900,?,9,0.0,E,8,-9900,?,9,-9900,?,9,0.0,0.0,E,8
03/13/2013,16:00,797.089,1383.176,594.98,1,8,878.548,1,8,88.994,1,8,71397.6,1,8,83462.094,1,8,9789.308,1,8,49.185,1,8,-9900,?,9,-9900,?,9,29.62,E,8,17.98,E,8,49.0,E,8,964.3861999999999,E,8,999.0,E,8,2.38,E,8,-9900,?,9,-9900,?,9,0.0,E,8,-9900,?,9,-9900,?,9,0.0,0.0,E,8
03/13/2013,17:00,504.456,1383.176,395.15,1,8,732.204,1,8,128.614,1,8,47418.0,1,8,69559.405,1,8,14147.593,1,8,112.465,1,8,-9900,?,9,-9900,?,9,28.99,E,8,17.97,E,8,51.0,E,8,964.3861999999999,E,8,999.0,E,8,2.38,E,8,-9900,?,9,-9900,?,9,0.0,E,8,-9900,?,9,-9900,?,9,0.0,0.0,E,8
03/13/2013,18:00,180.492,1383.176,168.11,1,8,315.701,1,8,127.555,1,8,20173.2,1,8,29991.636,1,8,14031.095,1,8,316.072,1,8,-9900,?,9,-9900,?,9,27.92,E,8,17.96,E,8,54.0,E,8,964.3861999999999,E,8,999.0,E,8,2.09,E,8,-9900,?,9,-9900,?,9,0.0,E,8,-9900,?,9,-9900,?,9,0.0,0.0,E,8
03/13/2013,19:00,0.0,1383.176,0.7,1,8,0.0,1,8,0.0,1,8,84.0,1,8,0.0,1,8,0.0,1,8,-0.0,1,8,-9900,?,9,-9900,?,9,27.05,E,8,17.96,E,8,57.0,E,8,964.3861999999999,E,8,999.0,E,8,2.28,E,8,-9900,?,9,-9900,?,9,0.0,E,8,-9900,?,9,-9900,?,9,0.0,0.0,E,8
03/13/2013,20:00,0.0,1383.176,0.0,1,8,0.0,1,8,0.0,1,8,0.0,1,8,0.0,1,8,0.0,1,8,-0.0,1,8,-9900,?,9,-9900,?,9,26.18,E,8,17.95,E,8,60.0,E,8,964.3861999999999,E,8,999.0,E,8,2.23,E,8,-9900,?,9,-9900,?,9,0.0,E,8,-9900,?,9,-9900,?,9,0.0,0.0,E,8
03/13/2013,21:00,0.0,1383.176,0.0,1,8,0.0,1,8,0.0,1,8,0.0,1,8,0.0,1,8,0.0,1,8,-0.0,1,8,-9900,?,9,-9900,?,9,25.31,E,8,17.94,E,8,63.0,E,8,964.3861999999999,E,8,999.0,E,8,2.07,E,8,-9900,?,9,-9900,?,9,0.0,E,8,-9900,?,9,-9900,?,9,0.0,0.0,E,8
03/13/2013,22:00,0.0,1383.176,0.0,1,8,0.0,1,8,0.0,1,8,0.0,1,8,0.0,1,8,0.0,1,8,-0.0,1,8,-9900,?,9,-9900,?,9,24.44,E,8,17.93,E,8,67.0,E,8,964.3861999999999,E,8,999.0,E,8,1.7,E,8,-9900,?,9,-9900,?,9,0.0,E,8,-9900,?,9,-9900,?,9,0.0,0.0,E,8
03/13/2013,23:00,0.0,1383.176,0.0,1,8,0.0,1,8,0.0,1,8,0.0,1,8,0.0,1,8,0.0,1,8,-0.0,1,8,-9900,?,9,-9900,?,9,23.57,E,8,17.93,E,8,70.0,E,8,964.3861999999999,E,8,999.0,E,8,2.01,E,8,-9900,?,9,-9900,?,9,0.0,E,8,-9900,?,9,-9900,?,9,0.0,0.0,E,8
03/13/2013,24:00,0.0,1383.176,0.0,1,8,0.0,1,8,0.0,1,8,0.0,1,8,0.0,1,8,0.0,1,8,-0.0,1,8,-9900,?,9,-9900,?,9,22.7,E,8,18.48,E,8,77.0,E,8,964.3861999999999,E,8,999.0,E,8,15.09,E,8,-9900,?,9,-9900,?,9,0.0,E,8,-9900,?,9,-9900,?,9,0.0,0.0,E,8
03/14/2013,01:00,0.0,1383.176,0.0,1,8,0.0,1,8,0.0,1,8,0.0,1,8,0.0,1,8,0.0,1,8,-0.0,1,8,-9900,?,9,-9900,?,9,22.26,E,8,18.42,E,8,78.0,E,8,964.3861999999999,E,8,999.0,E,8,9.97,E,8,-9900,?,9,-9900,?,9,0.0,E,8,-9900,?,9,-9900,?,9,0.0,0.0,E,8
03/14/2013,02:00,0.0,1383.176,0.0,1,8,0.0,1,8,0.0,1,8,0.0,1,8,0.0,1,8,0.0,1,8,-0.0,1,8,-9900,?,9,-9900,?,9,21.83,E,8,18.36,E,8,80.0,E,8,964.3861999999999,E,8,999.0,E,8,9.33,E,8,-9900,?,9,-9900,?,9,0.0,E,8,-9900,?,9,-9900,?,9,0.0,0.0,E,8
03/14/2013,03:00,0.0,1383.176,0.0,1,8,0.0,1,8,0.0,1,8,0.0,1,8,0.0,1,8,0.0,1,8,-0.0,1,8,-9900,?,9,-9900,?,9,21.39,E,8,18.3,E,8,82.0,E,8,964.3861999999999,E,8,999.0,E,8,5.95,E,8,-9900,?,9,-9900,?,9,0.0,E,8,-9900,?,9,-9900,?,9,0.0,0.0,E,8
03/14/2013,04:00,0.0,1382.404,0.0,1,8,0.0,1,8,0.0,1,8,0.0,1,8,0.0,1,8,0.0,1,8,-0.0,1,8,-9900,?,9,-9900,?,9,20.96,E,8,18.24,E,8,84.0,E,8,964.3861999999999,E,8,999.0,E,8,5.66,E,8,-9900,?,9,-9900,?,9,0.0,E,8,-9900,?,9,-9900,?,9,0.0,0.0,E,8
03/14/2013,05:00,0.0,1382.404,0.0,1,8,0.0,1,8,0.0,1,8,0.0,1,8,0.0,1,8,0.0,1,8,-0.0,1,8,-9900,?,9,-9900,?,9,20.53,E,8,18.18,E,8,86.0,E,8,964.3861999999999,E,8,999.0,E,8,5.65,E,8,-9900,?,9,-9900,?,9,0.0,E,8,-9900,?,9,-9900,?,9,0.0,0.0,E,8
03/14/2013,06:00,0.0,1382.404,0.0,1,8,0.0,1,8,0.0,1,8,0.0,1,8,0.0,1,8,0.0,1,8,-0.0,1,8,-9900,?,9,-9900,?,9,20.19,E,8,18.14,E,8,88.0,E,8,964.3861999999999,E,8,999.0,E,8,3.81,E,8,-9900,?,9,-9900,?,9,0.0,E,8,-9900,?,9,-9900,?,9,0.0,0.0,E,8
03/14/2013,07:00,207.212,1382.404,1.26,1,8,0.0,1,8,1.26,1,8,151.2,1,8,0.0,1,8,138.6,1,8,2.708,1,8,-9900,?,9,-9900,?,9,19.9,E,8,18.1,E,8,89.0,E,8,964.3861999999999,E,8,999.0,E,8,3.81,E,8,-9900,?,9,-9900,?,9,0.0,E,8,-9900,?,9,-9900,?,9,0.0,0.0,E,8
03/14/2013,08:00,529.074,1382.404,137.01,1,8,8.76,1,8,133.663,1,8,16441.2,1,8,832.202,1,8,14702.935,1,8,111.357,1,8,-9900,?,9,-9900,?,9,19.62,E,8,18.06,E,8,90.0,E,8,964.3861999999999,E,8,999.0,E,8,3.81,E,8,-9900,?,9,-9900,?,9,0.0,E,8,-9900,?,9,-9900,?,9,0.0,0.0,E,8
03/14/2013,09:00,817.548,1382.404,323.4,1,8,89.587,1,8,270.447,1,8,38808.0,1,8,8510.764,1,8,29749.225,1,8,145.644,1,8,-9900,?,9,-9900,?,9,23.46,E,8,18.59,E,8,74.0,E,8,964.3861999999999,E,8,999.0,E,8,3.81,E,8,-9900,?,9,-9900,?,9,0.0,E,8,-9900,?,9,-9900,?,9,0.0,0.0,E,8
03/14/2013,10:00,1052.025,1382.404,489.81,1,8,118.502,1,8,399.648,1,8,58777.2,1,8,11257.69,1,8,43961.271,1,8,167.197,1,8,-9900,?,9,-9900,?,9,24.91,E,8,18.78,E,8,68.0,E,8,964.3861999999999,E,8,999.0,E,8,3.81,E,8,-9900,?,9,-9900,?,9,0.0,E,8,-9900,?,9,-9900,?,9,0.0,0.0,E,8
03/14/2013,11:00,1216.36,1382.404,618.26,1,8,144.571,1,8,491.064,1,8,74191.2,1,8,13734.264,1,8,54017.089,1,8,177.664,1,8,-9900,?,9,-9900,?,9,26.17,E,8,18.95,E,8,64.0,E,8,964.3861999999999,E,8,999.0,E,8,3.81,E,8,-9900,?,9,-9900,?,9,0.0,E,8,-9900,?,9,-9900,?,9,0.0,0.0,E,8
03/14/2013,12:00,1299.296,1382.404,698.26,1,8,140.242,1,8,566.455,1,8,83791.2,1,8,13322.962,1,8,62309.998,1,8,191.849,1,8,-9900,?,9,-9900,?,9,27.19,E,8,19.09,E,8,61.0,E,8,964.3861999999999,E,8,999.0,E,8,3.81,E,8,-9900,?,9,-9900,?,9,0.0,E,8,-9900,?,9,-9900,?,9,0.0,0.0,E,8
03/14/2013,13:00,1295.15,1382.404,723.8,1,8,164.103,1,8,570.061,1,8,86856.0,1,8,15589.815,1,8,62706.688,1,8,193.689,1,8,-9900,?,9,-9900,?,9,27.94,E,8,19.19,E,8,59.0,E,8,964.3861999999999,E,8,999.0,E,8,3.81,E,8,-9900,?,9,-9900,?,9,0.0,E,8,-9900,?,9,-9900,?,9,0.0,0.0,E,8
03/14/2013,14:00,1204.193,1382.404,692.98,1,8,324.087,1,8,410.698,1,8,83157.6,1,8,30788.305,1,8,45176.798,1,8,150.09,1,8,-9900,?,9,-9900,?,9,28.41,E,8,19.25,E,8,57.0,E,8,964.3861999999999,E,8,999.0,E,8,3.81,E,8,-9900,?,9,-9900,?,9,0.0,E,8,-9900,?,9,-9900,?,9,0.0,0.0,E,8
03/14/2013,15:00,1032.633,1382.404,608.07,1,8,390.174,1,8,316.684,1,8,72968.4,1,8,37066.507,1,8,34835.287,1,8,134.979,1,8,-9900,?,9,-9900,?,9,28.58,E,8,19.27,E,8,57.0,E,8,964.3861999999999,E,8,999.0,E,8,3.81,E,8,-9900,?,9,-9900,?,9,0.0,E,8,-9900,?,9,-9900,?,9,0.0,0.0,E,8
03/14/2013,16:00,792.202,1382.404,475.47,1,8,498.731,1,8,189.838,1,8,57056.4,1,8,47379.403,1,8,20882.188,1,8,105.51,1,8,-9900,?,9,-9900,?,9,28.38,E,8,19.24,E,8,57.0,E,8,964.3861999999999,E,8,999.0,E,8,3.81,E,8,-9900,?,9,-9900,?,9,0.0,E,8,-9900,?,9,-9900,?,9,0.0,0.0,E,8
03/14/2013,17:00,499.45,1382.404,306.14,1,8,467.22,1,8,137.664,1,8,36736.8,1,8,44385.942,1,8,15143.04,1,8,121.522,1,8,-9900,?,9,-9900,?,9,27.75,E,8,19.16,E,8,59.0,E,8,964.3861999999999,E,8,999.0,E,8,3.81,E,8,-9900,?,9,-9900,?,9,0.0,E,8,-9900,?,9,-9900,?,9,0.0,0.0,E,8
03/14/2013,18:00,175.525,1382.404,119.42,1,8,291.831,1,8,82.974,1,8,14330.4,1,8,27723.94,1,8,9127.129,1,8,211.481,1,8,-9900,?,9,-9900,?,9,26.75,E,8,19.03,E,8,62.0,E,8,964.3861999999999,E,8,999.0,E,8,3.81,E,8,-9900,?,9,-9900,?,9,0.0,E,8,-9900,?,9,-9900,?,9,0.0,0.0,E,8
03/14/2013,19:00,0.0,1382.404,0.1,1,8,0.0,1,8,0.0,1,8,12.0,1,8,0.0,1,8,0.0,1,8,-0.0,1,8,-9900,?,9,-9900,?,9,25.95,E,8,18.92,E,8,70.0,E,8,964.3861999999999,E,8,999.0,E,8,3.81,E,8,-9900,?,9,-9900,?,9,0.001,E,8,-9900,?,9,-9900,?,9,0.01,99.0,E,8
03/14/2013,20:00,0.0,1382.404,0.0,1,8,0.0,1,8,0.0,1,8,0.0,1,8,0.0,1,8,0.0,1,8,-0.0,1,8,-9900,?,9,-9900,?,9,25.16,E,8,18.82,E,8,72.0,E,8,964.3861999999999,E,8,999.0,E,8,3.81,E,8,-9900,?,9,-9900,?,9,0.002,E,8,-9900,?,9,-9900,?,9,0.02,99.0,E,8
03/14/2013,21:00,0.0,1382.404,0.0,1,8,0.0,1,8,0.0,1,8,0.0,1,8,0.0,1,8,0.0,1,8,-0.0,1,8,-9900,?,9,-9900,?,9,24.37,E,8,18.71,E,8,75.0,E,8,964.3861999999999,E,8,999.0,E,8,3.81,E,8,-9900,?,9,-9900,?,9,0.005,E,8,-9900,?,9,-9900,?,9,0.05,99.0,E,8
03/14/2013,22:00,0.0,1382.404,0.0,1,8,0.0,1,8,0.0,1,8,0.0,1,8,0.0,1,8,0.0,1,8,-0.0,1,8,-9900,?,9,-9900,?,9,23.57,E,8,18.6,E,8,78.0,E,8,964.3861999999999,E,8,999.0,E,8,3.81,E,8,-9900,?,9,-9900,?,9,0.012,E,8,-9900,?,9,-9900,?,9,0.12,99.0,E,8
03/14/2013,23:00,0.0,1382.404,0.0,1,8,0.0,1,8,0.0,1,8,0.0,1,8,0.0,1,8,0.0,1,8,-0.0,1,8,-9900,?,9,-9900,?,9,22.78,E,8,18.49,E,8,86.0,E,8,964.3861999999999,E,8,999.0,E,8,3.81,E,8,-9900,?,9,-9900,?,9,0.279,E,8,-9900,?,9,-9900,?,9,2.79,99.0,E,8
03/14/2013,24:00,0.0,1382.404,0.0,1,8,0.0,1,8,0.0,1,8,0.0,1,8,0.0,1,8,0.0,1,8,-0.0,1,8,-9900,?,9,-9900,?,9,21.99,E,8,19.21,E,8,89.0,E,8,964.3861999999999,E,8,999.0,E,8,1.26,E,8,-9900,?,9,-9900,?,9,0.02,E,8,-9900,?,9,-9900,?,9,0.2,99.0,E,8
03/15/2013,01:00,0.0,1382.404,0.0,1,8,0.0,1,8,0.0,1,8,0.0,1,8,0.0,1,8,0.0,1,8,-0.0,1,8,-9900,?,9,-9900,?,9,21.59,E,8,19.09,E,8,85.0,E,8,964.3861999999999,E,8,999.0,E,8,1.26,E,8,-9900,?,9,-9900,?,9,0.0,E,8,-9900,?,9,-9900,?,9,0.0,0.0,E,8
03/15/2013,02:00,0.0,1382.404,0.0,1,8,0.0,1,8,0.0,1,8,0.0,1,8,0.0,1,8,0.0,1,8,-0.0,1,8,-9900,?,9,-9900,?,9,21.19,E,8,18.98,E,8,87.0,E,8,964.3861999999999,E,8,999.0,E,8,1.26,E,8,-9900,?,9,-9900,?,9,0.0,E,8,-9900,?,9,-9900,?,9,0.0,0.0,E,8
03/15/2013,03:00,0.0,1382.404,0.0,1,8,0.0,1,8,0.0,1,8,0.0,1,8,0.0,1,8,0.0,1,8,-0.0,1,8,-9900,?,9,-9900,?,9,20.79,E,8,18.86,E,8,88.0,E,8,964.3861999999999,E,8,999.0,E,8,1.26,E,8,-9900,?,9,-9900,?,9,0.0,E,8,-9900,?,9,-9900,?,9,0.0,0.0,E,8
03/15/2013,04:00,0.0,1381.627,0.0,1,8,0.0,1,8,0.0,1,8,0.0,1,8,0.0,1,8,0.0,1,8,-0.0,1,8,-9900,?,9,-9900,?,9,20.4,E,8,18.75,E,8,90.0,E,8,964.3861999999999,E,8,999.0,E,8,1.26,E,8,-9900,?,9,-9900,?,9,0.0,E,8,-9900,?,9,-9900,?,9,0.0,0.0,E,8
03/15/2013,05:00,0.0,1381.627,0.0,1,8,0.0,1,8,0.0,1,8,0.0,1,8,0.0,1,8,0.0,1,8,-0.0,1,8,-9900,?,9,-9900,?,9,20.0,E,8,18.63,E,8,91.0,E,8,964.3861999999999,E,8,999.0,E,8,1.26,E,8,-9900,?,9,-9900,?,9,0.0,E,8,-9900,?,9,-9900,?,9,0.0,0.0,E,8
03/15/2013,06:00,0.0,1381.627,0.0,1,8,0.0,1,8,0.0,1,8,0.0,1,8,0.0,1,8,0.0,1,8,-0.0,1,8,-9900,?,9,-9900,?,9,19.69,E,8,18.54,E,8,93.0,E,8,964.3861999999999,E,8,999.0,E,8,1.26,E,8,-9900,?,9,-9900,?,9,0.0,E,8,-9900,?,9,-9900,?,9,0.0,0.0,E,8
03/15/2013,07:00,205.259,1381.627,0.58,1,8,0.0,1,8,0.58,1,8,69.6,1,8,0.0,1,8,63.8,1,8,1.258,1,8,-9900,?,9,-9900,?,9,19.43,E,8,18.47,E,8,94.0,E,8,964.3861999999999,E,8,999.0,E,8,1.26,E,8,-9900,?,9,-9900,?,9,0.0,E,8,-9900,?,9,-9900,?,9,0.0,0.0,E,8
03/15/2013,08:00,526.904,1381.627,109.6,1,8,0.0,1,8,109.6,1,8,13152.0,1,8,0.0,1,8,12056.0,1,8,91.635,1,8,-9900,?,9,-9900,?,9,19.17,E,8,18.39,E,8,95.0,E,8,964.3861999999999,E,8,999.0,E,8,1.26,E,8,-9900,?,9,-9900,?,9,0.0,E,8,-9900,?,9,-9900,?,9,0.0,0.0,E,8
03/15/2013,09:00,815.084,1381.627,278.95,1,8,38.678,1,8,256.145,1,8,33474.0,1,8,3674.377,1,8,28175.931,1,8,138.281,1,8,-9900,?,9,-9900,?,9,25.09,E,8,20.06,E,8,73.0,E,8,964.3861999999999,E,8,999.0,E,8,1.26,E,8,-9900,?,9,-9900,?,9,0.0,E,8,-9900,?,9,-9900,?,9,0.0,0.0,E,8
03/15/2013,10:00,1049.2,1381.627,285.43,1,8,14.641,1,8,274.314,1,8,34251.6,1,8,1390.905,1,8,30174.543,1,8,115.007,1,8,-9900,?,9,-9900,?,9,26.02,E,8,20.31,E,8,70.0,E,8,964.3861999999999,E,8,999.0,E,8,1.26,E,8,-9900,?,9,-9900,?,9,0.0,E,8,-9900,?,9,-9900,?,9,0.0,0.0,E,8
03/15/2013,11:00,1213.13,1381.627,226.62,1,8,7.347,1,8,220.17,1,8,27194.4,1,8,697.939,1,8,24218.679,1,8,79.823,1,8,-9900,?,9,-9900,?,9,26.04,E,8,20.32,E,8,75.0,E,8,964.3861999999999,E,8,999.0,E,8,1.26,E,8,-9900,?,9,-9900,?,9,0.001,E,8,-9900,?,9,-9900,?,9,0.01,99.0,E,8
03/15/2013,12:00,1295.644,1381.627,426.49,1,8,29.822,1,8,398.525,1,8,51178.8,1,8,2833.099,1,8,43837.746,1,8,135.278,1,8,-9900,?,9,-9900,?,9,27.26,E,8,20.64,E,8,67.0,E,8,964.3861999999999,E,8,999.0,E,8,1.26,E,8,-9900,?,9,-9900,?,9,0.0,E,8,-9900,?,9,-9900,?,9,0.0,0.0,E,8
03/15/2013,13:00,1291.088,1381.627,420.43,1,8,32.343,1,8,390.208,1,8,50451.6,1,8,3072.601,1,8,42922.834,1,8,132.923,1,8,-9900,?,9,-9900,?,9,28.05,E,8,20.84,E,8,64.0,E,8,964.3861999999999,E,8,999.0,E,8,1.26,E,8,-9900,?,9,-9900,?,9,0.0,E,8,-9900,?,9,-9900,?,9,0.0,0.0,E,8
03/15/2013,14:00,1199.763,1381.627,271.33,1,8,9.5,1,8,263.081,1,8,32559.6,1,8,902.477,1,8,28938.963,1,8,96.444,1,8,-9900,?,9,-9900,?,9,27.9,E,8,20.8,E,8,65.0,E,8,964.3861999999999,E,8,999.0,E,8,1.26,E,8,-9900,?,9,-9900,?,9,0.0,E,8,-9900,?,9,-9900,?,9,0.0,0.0,E,8
03/15/2013,15:00,1027.901,1381.627,182.45,1,8,18.808,1,8,168.46,1,8,21894.0,1,8,1786.801,1,8,18530.626,1,8,72.092,1,8,-9900,?,9,-9900,?,9,27.22,E,8,20.63,E,8,72.0,E,8,964.3861999999999,E,8,999.0,E,8,1.26,E,8,-9900,?,9,-9900,?,9,0.004,E,8,-9900,?,9,-9900,?,9,0.04,99.0,E,8
03/15/2013,16:00,787.257,1381.627,238.69,1,8,33.584,1,8,219.565,1,8,28642.8,1,8,3190.49,1,8,24152.183,1,8,122.731,1,8,-9900,?,9,-9900,?,9,27.01,E,8,20.57,E,8,72.0,E,8,964.3861999999999,E,8,999.0,E,8,1.26,E,8,-9900,?,9,-9900,?,9,0.007000000000000001,E,8,-9900,?,9,-9900,?,9,0.07,99.0,E,8
03/15/2013,17:00,494.397,1381.627,153.16,1,8,46.009,1,8,136.729,1,8,18379.2,1,8,4370.86,1,8,15040.167,1,8,121.866,1,8,-9900,?,9,-9900,?,9,26.4,E,8,20.41,E,8,84.0,E,8,964.3861999999999,E,8,999.0,E,8,1.26,E,8,-9900,?,9,-9900,?,9,0.712,E,8,-9900,?,9,-9900,?,9,7.12,99.0,E,8
03/15/2013,18:00,170.53,1381.627,58.99,1,8,124.461,1,8,43.894,1,8,7078.8,1,8,11823.821,1,8,4828.339,1,8,115.193,1,8,-9900,?,9,-9900,?,9,25.45,E,8,20.16,E,8,77.0,E,8,964.3861999999999,E,8,999.0,E,8,1.26,E,8,-9900,?,9,-9900,?,9,0.012,E,8,-9900,?,9,-9900,?,9,0.12,99.0,E,8
03/15/2013,19:00,0.0,1381.627,0.0,1,8,0.0,1,8,0.0,1,8,0.0,1,8,0.0,1,8,0.0,1,8,-0.0,1,8,-9900,?,9,-9900,?,9,24.89,E,8,20.01,E,8,74.0,E,8,964.3861999999999,E,8,999.0,E,8,1.26,E,8,-9900,?,9,-9900,?,9,0.0,E,8,-9900,?,9,-9900,?,9,0.0,0.0,E,8
03/15/2013,20:00,0.0,1381.627,0.0,1,8,0.0,1,8,0.0,1,8,0.0,1,8,0.0,1,8,0.0,1,8,-0.0,1,8,-9900,?,9,-9900,?,9,24.32,E,8,19.85,E,8,81.0,E,8,964.3861999999999,E,8,999.0,E,8,1.26,E,8,-9900,?,9,-9900,?,9,0.001,E,8,-9900,?,9,-9900,?,9,0.01,99.0,E,8
03/15/2013,21:00,0.0,1381.627,0.0,1,8,0.0,1,8,0.0,1,8,0.0,1,8,0.0,1,8,0.0,1,8,-0.0,1,8,-9900,?,9,-9900,?,9,23.76,E,8,19.7,E,8,78.0,E,8,964.3861999999999,E,8,999.0,E,8,1.26,E,8,-9900,?,9,-9900,?,9,0.0,E,8,-9900,?,9,-9900,?,9,0.0,0.0,E,8
03/15/2013,22:00,0.0,1381.627,0.0,1,8,0.0,1,8,0.0,1,8,0.0,1,8,0.0,1,8,0.0,1,8,-0.0,1,8,-9900,?,9,-9900,?,9,23.2,E,8,19.55,E,8,84.0,E,8,964.3861999999999,E,8,999.0,E,8,1.26,E,8,-9900,?,9,-9900,?,9,0.003,E,8,-9900,?,9,-9900,?,9,0.03,99.0,E,8
03/15/2013,23:00,0.0,1381.627,0.0,1,8,0.0,1,8,0.0,1,8,0.0,1,8,0.0,1,8,0.0,1,8,-0.0,1,8,-9900,?,9,-9900,?,9,22.63,E,8,19.39,E,8,86.0,E,8,964.3861999999999,E,8,999.0,E,8,1.26,E,8,-9900,?,9,-9900,?,9,0.04,E,8,-9900,?,9,-9900,?,9,0.4,99.0,E,8
03/15/2013,24:00,0.0,1381.627,0.0,1,8,0.0,1,8,0.0,1,8,0.0,1,8,0.0,1,8,0.0,1,8,-0.0,1,8,-9900,?,9,-9900,?,9,22.07,E,8,20.02,E,8,88.0,E,8,964.3861999999999,E,8,999.0,E,8,1.25,E,8,-9900,?,9,-9900,?,9,0.003,E,8,-9900,?,9,-9900,?,9,0.03,99.0,E,8
03/16/2013,01:00,0.0,1381.627,0.0,1,8,0.0,1,8,0.0,1,8,0.0,1,8,0.0,1,8,0.0,1,8,-0.0,1,8,-9900,?,9,-9900,?,9,21.79,E,8,20.01,E,8,89.0,E,8,964.3861999999999,E,8,999.0,E,8,1.25,E,8,-9900,?,9,-9900,?,9,0.007000000000000001,E,8,-9900,?,9,-9900,?,9,0.07,99.0,E,8
03/16/2013,02:00,0.0,1381.627,0.0,1,8,0.0,1,8,0.0,1,8,0.0,1,8,0.0,1,8,0.0,1,8,-0.0,1,8,-9900,?,9,-9900,?,9,21.5,E,8,20.0,E,8,99.0,E,8,964.3861999999999,E,8,999.0,E,8,1.25,E,8,-9900,?,9,-9900,?,9,0.712,E,8,-9900,?,9,-9900,?,9,7.12,99.0,E,8
03/16/2013,03:00,0.0,1381.627,0.0,1,8,0.0,1,8,0.0,1,8,0.0,1,8,0.0,1,8,0.0,1,8,-0.0,1,8,-9900,?,9,-9900,?,9,21.22,E,8,19.99,E,8,92.0,E,8,964.3861999999999,E,8,999.0,E,8,1.25,E,8,-9900,?,9,-9900,?,9,0.04,E,8,-9900,?,9,-9900,?,9,0.4,99.0,E,8
03/16/2013,04:00,0.0,1380.846,0.0,1,8,0.0,1,8,0.0,1,8,0.0,1,8,0.0,1,8,0.0,1,8,-0.0,1,8,-9900,?,9,-9900,?,9,20.94,E,8,19.98,E,8,89.0,E,8,964.3861999999999,E,8,999.0,E,8,1.25,E,8,-9900,?,9,-9900,?,9,0.0,E,8,-9900,?,9,-9900,?,9,0.0,0.0,E,8
03/16/2013,05:00,0.0,1380.846,0.0,1,8,0.0,1,8,0.0,1,8,0.0,1,8,0.0,1,8,0.0,1,8,-0.0,1,8,-9900,?,9,-9900,?,9,20.66,E,8,19.96,E,8,90.0,E,8,964.3861999999999,E,8,999.0,E,8,1.25,E,8,-9900,?,9,-9900,?,9,0.0,E,8,-9900,?,9,-9900,?,9,0.0,0.0,E,8
03/16/2013,06:00,0.0,1380.846,0.0,1,8,0.0,1,8,0.0,1,8,0.0,1,8,0.0,1,8,0.0,1,8,-0.0,1,8,-9900,?,9,-9900,?,9,20.44,E,8,19.96,E,8,91.0,E,8,964.3861999999999,E,8,999.0,E,8,1.25,E,8,-9900,?,9,-9900,?,9,0.0,E,8,-9900,?,9,-9900,?,9,0.0,0.0,E,8
03/16/2013,07:00,203.319,1380.846,0.66,1,8,0.0,1,8,0.66,1,8,79.2,1,8,0.0,1,8,72.6,1,8,1.445,1,8,-9900,?,9,-9900,?,9,20.25,E,8,19.95,E,8,92.0,E,8,964.3861999999999,E,8,999.0,E,8,1.25,E,8,-9900,?,9,-9900,?,9,0.0,E,8,-9900,?,9,-9900,?,9,0.0,0.0,E,8
03/16/2013,08:00,524.728,1380.846,86.34,1,8,0.0,1,8,86.34,1,8,10360.8,1,8,0.0,1,8,9497.4,1,8,72.447,1,8,-9900,?,9,-9900,?,9,20.07,E,8,19.94,E,8,93.0,E,8,964.3861999999999,E,8,999.0,E,8,1.25,E,8,-9900,?,9,-9900,?,9,0.0,E,8,-9900,?,9,-9900,?,9,0.0,0.0,E,8
03/16/2013,09:00,812.597,1380.846,147.76,1,8,0.0,1,8,147.76,1,8,17731.2,1,8,0.0,1,8,16253.6,1,8,79.968,1,8,-9900,?,9,-9900,?,9,23.07,E,8,20.07,E,8,79.0,E,8,964.3861999999999,E,8,999.0,E,8,1.25,E,8,-9900,?,9,-9900,?,9,0.0,E,8,-9900,?,9,-9900,?,9,0.0,0.0,E,8
03/16/2013,10:00,1046.335,1380.846,311.21,1,8,21.183,1,8,295.162,1,8,37345.2,1,8,2012.427,1,8,32467.794,1,8,124.017,1,8,-9900,?,9,-9900,?,9,24.73,E,8,20.13,E,8,73.0,E,8,964.3861999999999,E,8,999.0,E,8,1.25,E,8,-9900,?,9,-9900,?,9,0.0,E,8,-9900,?,9,-9900,?,9,0.0,0.0,E,8
03/16/2013,11:00,1209.846,1380.846,392.95,1,8,26.009,1,8,370.164,1,8,47154.0,1,8,2470.826,1,8,40718.058,1,8,134.493,1,8,-9900,?,9,-9900,?,9,26.09,E,8,20.19,E,8,68.0,E,8,964.3861999999999,E,8,999.0,E,8,1.25,E,8,-9900,?,9,-9900,?,9,0.0,E,8,-9900,?,9,-9900,?,9,0.0,0.0,E,8
03/16/2013,12:00,1291.928,1380.846,443.71,1,8,41.764,1,8,404.637,1,8,53245.2,1,8,3967.614,1,8,44510.03,1,8,137.67,1,8,-9900,?,9,-9900,?,9,27.16,E,8,20.23,E,8,65.0,E,8,964.3861999999999,E,8,999.0,E,8,1.25,E,8,-9900,?,9,-9900,?,9,0.0,E,8,-9900,?,9,-9900,?,9,0.0,0.0,E,8
03/16/2013,13:00,1286.958,1380.846,459.68,1,8,47.13,1,8,415.756,1,8,55161.6,1,8,4477.375,1,8,45733.184,1,8,142.0,1,8,-9900,?,9,-9900,?,9,27.94,E,8,20.27,E,8,62.0,E,8,964.3861999999999,E,8,999.0,E,8,1.25,E,8,-9900,?,9,-9900,?,9,0.0,E,8,-9900,?,9,-9900,?,9,0.0,0.0,E,8
03/16/2013,14:00,1195.264,1380.846,439.67,1,8,40.841,1,8,404.321,1,8,52760.4,1,8,3879.908,1,8,44475.34,1,8,148.696,1,8,-9900,?,9,-9900,?,9,28.43,E,8,20.29,E,8,61.0,E,8,964.3861999999999,E,8,999.0,E,8,1.25,E,8,-9900,?,9,-9900,?,9,0.0,E,8,-9900,?,9,-9900,?,9,0.0,0.0,E,8
03/16/2013,15:00,1023.105,1380.846,385.14,1,8,34.396,1,8,359.661,1,8,46216.8,1,8,3267.616,1,8,39562.742,1,8,154.552,1,8,-9900,?,9,-9900,?,9,28.62,E,8,20.29,E,8,60.0,E,8,964.3861999999999,E,8,999.0,E,8,1.25,E,8,-9900,?,9,-9900,?,9,0.0,E,8,-9900,?,9,-9900,?,9,0.0,0.0,E,8
03/16/2013,16:00,782.255,1380.846,300.24,1,8,72.203,1,8,259.362,1,8,36028.8,1,8,6859.258,1,8,28529.842,1,8,145.822,1,8,-9900,?,9,-9900,?,9,28.46,E,8,20.29,E,8,61.0,E,8,964.3861999999999,E,8,999.0,E,8,1.25,E,8,-9900,?,9,-9900,?,9,0.0,E,8,-9900,?,9,-9900,?,9,0.0,0.0,E,8
03/16/2013,17:00,489.302,1380.846,191.97,1,8,121.386,1,8,149.044,1,8,23036.4,1,8,11531.64,1,8,16394.837,1,8,134.156,1,8,-9900,?,9,-9900,?,9,27.86,E,8,20.26,E,8,67.0,E,8,964.3861999999999,E,8,999.0,E,8,1.25,E,8,-9900,?,9,-9900,?,9,0.004,E,8,-9900,?,9,-9900,?,9,0.04,99.0,E,8
03/16/2013,18:00,165.511,1380.846,72.95,1,8,186.413,1,8,51.015,1,8,8754.0,1,8,17709.259,1,8,5611.62,1,8,138.0,1,8,-9900,?,9,-9900,?,9,26.9,E,8,20.22,E,8,70.0,E,8,964.3861999999999,E,8,999.0,E,8,1.25,E,8,-9900,?,9,-9900,?,9,0.012,E,8,-9900,?,9,-9900,?,9,0.12,99.0,E,8
03/16/2013,19:00,0.0,1380.846,0.0,1,8,0.0,1,8,0.0,1,8,0.0,1,8,0.0,1,8,0.0,1,8,-0.0,1,8,-9900,?,9,-9900,?,9,25.96,E,8,20.18,E,8,73.0,E,8,964.3861999999999,E,8,999.0,E,8,1.25,E,8,-9900,?,9,-9900,?,9,0.001,E,8,-9900,?,9,-9900,?,9,0.01,99.0,E,8
03/16/2013,20:00,0.0,1380.846,0.0,1,8,0.0,1,8,0.0,1,8,0.0,1,8,0.0,1,8,0.0,1,8,-0.0,1,8,-9900,?,9,-9900,?,9,25.02,E,8,20.15,E,8,72.0,E,8,964.3861999999999,E,8,999.0,E,8,1.45,E,8,-9900,?,9,-9900,?,9,0.0,E,8,-9900,?,9,-9900,?,9,0.0,0.0,E,8
03/16/2013,21:00,0.0,1380.846,0.0,1,8,0.0,1,8,0.0,1,8,0.0,1,8,0.0,1,8,0.0,1,8,-0.0,1,8,-9900,?,9,-9900,?,9,24.08,E,8,20.11,E,8,80.0,E,8,964.3861999999999,E,8,999.0,E,8,1.25,E,8,-9900,?,9,-9900,?,9,0.001,E,8,-9900,?,9,-9900,?,9,0.01,99.0,E,8
03/16/2013,22:00,0.0,1380.846,0.0,1,8,0.0,1,8,0.0,1,8,0.0,1,8,0.0,1,8,0.0,1,8,-0.0,1,8,-9900,?,9,-9900,?,9,23.14,E,8,20.07,E,8,83.0,E,8,964.3861999999999,E,8,999.0,E,8,1.25,E,8,-9900,?,9,-9900,?,9,0.02,E,8,-9900,?,9,-9900,?,9,0.2,99.0,E,8
03/16/2013,23:00,0.0,1380.846,0.0,1,8,0.0,1,8,0.0,1,8,0.0,1,8,0.0,1,8,0.0,1,8,-0.0,1,8,-9900,?,9,-9900,?,9,22.2,E,8,20.03,E,8,83.0,E,8,964.3861999999999,E,8,999.0,E,8,1.25,E,8,-9900,?,9,-9900,?,9,0.0,E,8,-9900,?,9,-9900,?,9,0.0,0.0,E,8
03/16/2013,24:00,0.0,1380.846,0.0,1,8,0.0,1,8,0.0,1,8,0.0,1,8,0.0,1,8,0.0,1,8,-0.0,1,8,-9900,?,9,-9900,?,9,21.26,E,8,18.57,E,8,84.0,E,8,964.3861999999999,E,8,999.0,E,8,0.88,E,8,-9900,?,9,-9900,?,9,0.0,E,8,-9900,?,9,-9900,?,9,0.0,0.0,E,8
03/17/2013,01:00,0.0,1380.846,0.0,1,8,0.0,1,8,0.0,1,8,0.0,1,8,0.0,1,8,0.0,1,8,-0.0,1,8,-9900,?,9,-9900,?,9,20.79,E,8,18.29,E,8,85.0,E,8,964.3861999999999,E,8,999.0,E,8,0.88,E,8,-9900,?,9,-9900,?,9,0.0,E,8,-9900,?,9,-9900,?,9,0.0,0.0,E,8
03/17/2013,02:00,0.0,1380.846,0.0,1,8,0.0,1,8,0.0,1,8,0.0,1,8,0.0,1,8,0.0,1,8,-0.0,1,8,-9900,?,9,-9900,?,9,20.32,E,8,18.0,E,8,86.0,E,8,964.3861999999999,E,8,999.0,E,8,0.88,E,8,-9900,?,9,-9900,?,9,0.0,E,8,-9900,?,9,-9900,?,9,0.0,0.0,E,8
03/17/2013,03:00,0.0,1380.846,0.0,1,8,0.0,1,8,0.0,1,8,0.0,1,8,0.0,1,8,0.0,1,8,-0.0,1,8,-9900,?,9,-9900,?,9,19.85,E,8,17.71,E,8,87.0,E,8,964.3861999999999,E,8,999.0,E,8,0.88,E,8,-9900,?,9,-9900,?,9,0.0,E,8,-9900,?,9,-9900,?,9,0.0,0.0,E,8
03/17/2013,04:00,0.0,1380.062,0.0,1,8,0.0,1,8,0.0,1,8,0.0,1,8,0.0,1,8,0.0,1,8,-0.0,1,8,-9900,?,9,-9900,?,9,19.38,E,8,17.42,E,8,88.0,E,8,964.3861999999999,E,8,999.0,E,8,0.88,E,8,-9900,?,9,-9900,?,9,0.0,E,8,-9900,?,9,-9900,?,9,0.0,0.0,E,8
03/17/2013,05:00,0.0,1380.062,0.0,1,8,0.0,1,8,0.0,1,8,0.0,1,8,0.0,1,8,0.0,1,8,-0.0,1,8,-9900,?,9,-9900,?,9,18.91,E,8,17.11,E,8,89.0,E,8,964.3861999999999,E,8,999.0,E,8,0.88,E,8,-9900,?,9,-9900,?,9,0.0,E,8,-9900,?,9,-9900,?,9,0.0,0.0,E,8
03/17/2013,06:00,0.0,1380.062,0.0,1,8,0.0,1,8,0.0,1,8,0.0,1,8,0.0,1,8,0.0,1,8,-0.0,1,8,-9900,?,9,-9900,?,9,18.55,E,8,16.88,E,8,90.0,E,8,964.3861999999999,E,8,999.0,E,8,0.88,E,8,-9900,?,9,-9900,?,9,0.0,E,8,-9900,?,9,-9900,?,9,0.0,0.0,E,8
03/17/2013,07:00,201.391,1380.062,0.71,1,8,0.0,1,8,0.71,1,8,85.2,1,8,0.0,1,8,78.1,1,8,1.568,1,8,-9900,?,9,-9900,?,9,18.24,E,8,16.68,E,8,90.0,E,8,964.3861999999999,E,8,999.0,E,8,0.88,E,8,-9900,?,9,-9900,?,9,0.0,E,8,-9900,?,9,-9900,?,9,0.0,0.0,E,8
03/17/2013,08:00,522.544,1380.062,102.68,1,8,0.0,1,8,102.68,1,8,12321.6,1,8,0.0,1,8,11294.8,1,8,86.47,1,8,-9900,?,9,-9900,?,9,17.93,E,8,16.47,E,8,91.0,E,8,964.3861999999999,E,8,999.0,E,8,0.88,E,8,-9900,?,9,-9900,?,9,0.0,E,8,-9900,?,9,-9900,?,9,0.0,0.0,E,8
03/17/2013,09:00,810.085,1380.062,244.89,1,8,23.562,1,8,231.067,1,8,29386.8,1,8,2238.393,1,8,25417.369,1,8,125.371,1,8,-9900,?,9,-9900,?,9,21.77,E,8,18.87,E,8,83.0,E,8,964.3861999999999,E,8,999.0,E,8,0.88,E,8,-9900,?,9,-9900,?,9,0.0,E,8,-9900,?,9,-9900,?,9,0.0,0.0,E,8
03/17/2013,10:00,1043.429,1380.062,371.77,1,8,27.141,1,8,351.254,1,8,44612.4,1,8,2578.394,1,8,38637.93,1,8,147.912,1,8,-9900,?,9,-9900,?,9,23.23,E,8,19.7,E,8,80.0,E,8,964.3861999999999,E,8,999.0,E,8,1.02,E,8,-9900,?,9,-9900,?,9,0.0,E,8,-9900,?,9,-9900,?,9,0.0,0.0,E,8
03/17/2013,11:00,1206.509,1380.062,469.51,1,8,50.34,1,8,425.505,1,8,56341.2,1,8,4782.276,1,8,46805.53,1,8,154.939,1,8,-9900,?,9,-9900,?,9,24.5,E,8,20.39,E,8,77.0,E,8,964.3861999999999,E,8,999.0,E,8,0.96,E,8,-9900,?,9,-9900,?,9,0.0,E,8,-9900,?,9,-9900,?,9,0.0,0.0,E,8
03/17/2013,12:00,1288.15,1380.062,530.12,1,8,48.156,1,8,485.173,1,8,63614.4,1,8,4574.798,1,8,53369.066,1,8,165.462,1,8,-9900,?,9,-9900,?,9,25.53,E,8,20.93,E,8,75.0,E,8,964.3861999999999,E,8,999.0,E,8,1.38,E,8,-9900,?,9,-9900,?,9,0.0,E,8,-9900,?,9,-9900,?,9,0.0,0.0,E,8
03/17/2013,13:00,1282.761,1380.062,549.05,1,8,56.529,1,8,496.509,1,8,65886.0,1,8,5370.267,1,8,54615.974,1,8,170.04,1,8,-9900,?,9,-9900,?,9,26.29,E,8,21.32,E,8,74.0,E,8,964.3861999999999,E,8,999.0,E,8,1.18,E,8,-9900,?,9,-9900,?,9,0.0,E,8,-9900,?,9,-9900,?,9,0.0,0.0,E,8
03/17/2013,14:00,1190.698,1380.062,524.87,1,8,82.801,1,8,453.437,1,8,62984.4,1,8,7866.123,1,8,49878.112,1,8,167.305,1,8,-9900,?,9,-9900,?,9,26.75,E,8,21.56,E,8,73.0,E,8,964.3861999999999,E,8,999.0,E,8,1.0,E,8,-9900,?,9,-9900,?,9,0.0,E,8,-9900,?,9,-9900,?,9,0.0,0.0,E,8
03/17/2013,15:00,1018.246,1380.062,459.38,1,8,85.396,1,8,396.388,1,8,55125.6,1,8,8112.663,1,8,43602.652,1,8,171.05,1,8,-9900,?,9,-9900,?,9,26.92,E,8,21.64,E,8,72.0,E,8,964.3861999999999,E,8,999.0,E,8,2.21,E,8,-9900,?,9,-9900,?,9,0.0,E,8,-9900,?,9,-9900,?,9,0.0,0.0,E,8
03/17/2013,16:00,777.201,1380.062,357.53,1,8,152.127,1,8,271.912,1,8,42903.6,1,8,14452.062,1,8,29910.28,1,8,153.786,1,8,-9900,?,9,-9900,?,9,26.71,E,8,21.54,E,8,73.0,E,8,964.3861999999999,E,8,999.0,E,8,2.43,E,8,-9900,?,9,-9900,?,9,0.0,E,8,-9900,?,9,-9900,?,9,0.0,0.0,E,8
03/17/2013,17:00,484.166,1380.062,227.77,1,8,281.088,1,8,129.36,1,8,27332.4,1,8,26703.371,1,8,14229.58,1,8,117.612,1,8,-9900,?,9,-9900,?,9,26.06,E,8,21.21,E,8,74.0,E,8,964.3861999999999,E,8,999.0,E,8,3.93,E,8,-9900,?,9,-9900,?,9,0.0,E,8,-9900,?,9,-9900,?,9,0.0,0.0,E,8
03/17/2013,18:00,160.472,1380.062,85.35,1,8,198.871,1,8,62.673,1,8,10242.0,1,8,18892.765,1,8,6894.047,1,8,174.953,1,8,-9900,?,9,-9900,?,9,25.04,E,8,20.68,E,8,76.0,E,8,964.3861999999999,E,8,999.0,E,8,2.52,E,8,-9900,?,9,-9900,?,9,0.0,E,8,-9900,?,9,-9900,?,9,0.0,0.0,E,8
03/17/2013,19:00,0.0,1380.062,0.0,1,8,0.0,1,8,0.0,1,8,0.0,1,8,0.0,1,8,0.0,1,8,-0.0,1,8,-9900,?,9,-9900,?,9,24.26,E,8,20.26,E,8,78.0,E,8,964.3861999999999,E,8,999.0,E,8,1.27,E,8,-9900,?,9,-9900,?,9,0.0,E,8,-9900,?,9,-9900,?,9,0.0,0.0,E,8
03/17/2013,20:00,0.0,1380.062,0.0,1,8,0.0,1,8,0.0,1,8,0.0,1,8,0.0,1,8,0.0,1,8,-0.0,1,8,-9900,?,9,-9900,?,9,23.48,E,8,19.84,E,8,80.0,E,8,964.3861999999999,E,8,999.0,E,8,0.89,E,8,-9900,?,9,-9900,?,9,0.0,E,8,-9900,?,9,-9900,?,9,0.0,0.0,E,8
03/17/2013,21:00,0.0,1380.062,0.0,1,8,0.0,1,8,0.0,1,8,0.0,1,8,0.0,1,8,0.0,1,8,-0.0,1,8,-9900,?,9,-9900,?,9,22.7,E,8,19.4,E,8,81.0,E,8,964.3861999999999,E,8,999.0,E,8,0.88,E,8,-9900,?,9,-9900,?,9,0.0,E,8,-9900,?,9,-9900,?,9,0.0,0.0,E,8
03/17/2013,22:00,0.0,1380.062,0.0,1,8,0.0,1,8,0.0,1,8,0.0,1,8,0.0,1,8,0.0,1,8,-0.0,1,8,-9900,?,9,-9900,?,9,21.92,E,8,18.96,E,8,83.0,E,8,964.3861999999999,E,8,999.0,E,8,0.88,E,8,-9900,?,9,-9900,?,9,0.0,E,8,-9900,?,9,-9900,?,9,0.0,0.0,E,8
03/17/2013,23:00,0.0,1380.062,0.0,1,8,0.0,1,8,0.0,1,8,0.0,1,8,0.0,1,8,0.0,1,8,-0.0,1,8,-9900,?,9,-9900,?,9,21.14,E,8,18.5,E,8,84.0,E,8,964.3861999999999,E,8,999.0,E,8,0.88,E,8,-9900,?,9,-9900,?,9,0.0,E,8,-9900,?,9,-9900,?,9,0.0,0.0,E,8
03/17/2013,24:00,0.0,1380.062,0.0,1,8,0.0,1,8,0.0,1,8,0.0,1,8,0.0,1,8,0.0,1,8,-0.0,1,8,-9900,?,9,-9900,?,9,20.36,E,8,16.82,E,8,80.0,E,8,964.3861999999999,E,8,999.0,E,8,0.72,E,8,-9900,?,9,-9900,?,9,0.0,E,8,-9900,?,9,-9900,?,9,0.0,0.0,E,8
03/18/2013,01:00,0.0,1380.062,0.0,1,8,0.0,1,8,0.0,1,8,0.0,1,8,0.0,1,8,0.0,1,8,-0.0,1,8,-9900,?,9,-9900,?,9,19.97,E,8,16.69,E,8,81.0,E,8,964.3861999999999,E,8,999.0,E,8,0.72,E,8,-9900,?,9,-9900,?,9,0.0,E,8,-9900,?,9,-9900,?,9,0.0,0.0,E,8
03/18/2013,02:00,0.0,1380.062,0.0,1,8,0.0,1,8,0.0,1,8,0.0,1,8,0.0,1,8,0.0,1,8,-0.0,1,8,-9900,?,9,-9900,?,9,19.58,E,8,16.55,E,8,82.0,E,8,964.3861999999999,E,8,999.0,E,8,0.72,E,8,-9900,?,9,-9900,?,9,0.0,E,8,-9900,?,9,-9900,?,9,0.0,0.0,E,8
03/18/2013,03:00,0.0,1380.062,0.0,1,8,0.0,1,8,0.0,1,8,0.0,1,8,0.0,1,8,0.0,1,8,-0.0,1,8,-9900,?,9,-9900,?,9,19.19,E,8,16.41,E,8,83.0,E,8,964.3861999999999,E,8,999.0,E,8,0.72,E,8,-9900,?,9,-9900,?,9,0.0,E,8,-9900,?,9,-9900,?,9,0.0,0.0,E,8
03/18/2013,04:00,0.0,1379.274,0.0,1,8,0.0,1,8,0.0,1,8,0.0,1,8,0.0,1,8,0.0,1,8,-0.0,1,8,-9900,?,9,-9900,?,9,18.8,E,8,16.27,E,8,85.0,E,8,964.3861999999999,E,8,999.0,E,8,0.72,E,8,-9900,?,9,-9900,?,9,0.0,E,8,-9900,?,9,-9900,?,9,0.0,0.0,E,8
03/18/2013,05:00,0.0,1379.274,0.0,1,8,0.0,1,8,0.0,1,8,0.0,1,8,0.0,1,8,0.0,1,8,-0.0,1,8,-9900,?,9,-9900,?,9,18.41,E,8,16.13,E,8,86.0,E,8,964.3861999999999,E,8,999.0,E,8,0.72,E,8,-9900,?,9,-9900,?,9,0.0,E,8,-9900,?,9,-9900,?,9,0.0,0.0,E,8
03/18/2013,06:00,0.0,1379.274,0.0,1,8,0.0,1,8,0.0,1,8,0.0,1,8,0.0,1,8,0.0,1,8,-0.0,1,8,-9900,?,9,-9900,?,9,18.1,E,8,16.01,E,8,87.0,E,8,964.3861999999999,E,8,999.0,E,8,0.72,E,8,-9900,?,9,-9900,?,9,0.0,E,8,-9900,?,9,-9900,?,9,0.0,0.0,E,8
03/18/2013,07:00,199.473,1379.274,2.58,1,8,0.0,1,8,2.58,1,8,309.6,1,8,0.0,1,8,283.8,1,8,5.752,1,8,-9900,?,9,-9900,?,9,17.85,E,8,15.92,E,8,88.0,E,8,964.3861999999999,E,8,999.0,E,8,0.72,E,8,-9900,?,9,-9900,?,9,0.0,E,8,-9900,?,9,-9900,?,9,0.0,0.0,E,8
03/18/2013,08:00,520.354,1379.274,200.51,1,8,98.845,1,8,163.284,1,8,24061.2,1,8,9390.296,1,8,17961.277,1,8,138.009,1,8,-9900,?,9,-9900,?,9,17.59,E,8,15.82,E,8,89.0,E,8,964.3861999999999,E,8,999.0,E,8,1.07,E,8,-9900,?,9,-9900,?,9,0.0,E,8,-9900,?,9,-9900,?,9,0.0,0.0,E,8
03/18/2013,09:00,807.548,1379.274,463.6,1,8,381.079,1,8,240.608,1,8,55632.0,1,8,36202.547,1,8,26466.888,1,8,130.884,1,8,-9900,?,9,-9900,?,9,22.78,E,8,17.65,E,8,72.0,E,8,964.3861999999999,E,8,999.0,E,8,1.38,E,8,-9900,?,9,-9900,?,9,0.0,E,8,-9900,?,9,-9900,?,9,0.0,0.0,E,8
03/18/2013,10:00,1040.484,1379.274,655.86,1,8,504.649,1,8,275.253,1,8,78703.2,1,8,47941.616,1,8,30277.779,1,8,116.17,1,8,-9900,?,9,-9900,?,9,24.47,E,8,18.21,E,8,68.0,E,8,964.3861999999999,E,8,999.0,E,8,0.85,E,8,-9900,?,9,-9900,?,9,0.0,E,8,-9900,?,9,-9900,?,9,0.0,0.0,E,8
03/18/2013,11:00,1203.12,1379.274,825.04,1,8,594.016,1,8,306.937,1,8,99004.8,1,8,56431.511,1,8,33763.047,1,8,112.016,1,8,-9900,?,9,-9900,?,9,25.98,E,8,18.69,E,8,64.0,E,8,964.3861999999999,E,8,999.0,E,8,1.72,E,8,-9900,?,9,-9900,?,9,0.0,E,8,-9900,?,9,-9900,?,9,0.0,0.0,E,8
03/18/2013,12:00,1284.311,1379.274,898.4,1,8,636.674,1,8,305.587,1,8,107808.0,1,8,60484.04,1,8,33614.606,1,8,104.468,1,8,-9900,?,9,-9900,?,9,27.11,E,8,19.04,E,8,61.0,E,8,964.3861999999999,E,8,999.0,E,8,2.46,E,8,-9900,?,9,-9900,?,9,0.0,E,8,-9900,?,9,-9900,?,9,0.0,0.0,E,8
03/18/2013,13:00,1278.498,1379.274,855.38,1,8,564.332,1,8,332.305,1,8,102645.6,1,8,53611.584,1,8,36553.569,1,8,114.119,1,8,-9900,?,9,-9900,?,9,27.75,E,8,19.24,E,8,59.0,E,8,964.3861999999999,E,8,999.0,E,8,2.64,E,8,-9900,?,9,-9900,?,9,0.0,E,8,-9900,?,9,-9900,?,9,0.0,0.0,E,8
03/18/2013,14:00,1186.067,1379.274,764.51,1,8,514.351,1,8,322.254,1,8,91741.2,1,8,48863.356,1,8,35447.962,1,8,119.298,1,8,-9900,?,9,-9900,?,9,28.01,E,8,19.32,E,8,59.0,E,8,964.3861999999999,E,8,999.0,E,8,2.86,E,8,-9900,?,9,-9900,?,9,0.0,E,8,-9900,?,9,-9900,?,9,0.0,0.0,E,8
03/18/2013,15:00,1013.327,1379.274,629.67,1,8,485.589,1,8,273.007,1,8,75560.4,1,8,46130.912,1,8,30030.715,1,8,118.313,1,8,-9900,?,9,-9900,?,9,27.89,E,8,19.28,E,8,59.0,E,8,964.3861999999999,E,8,999.0,E,8,2.46,E,8,-9900,?,9,-9900,?,9,0.0,E,8,-9900,?,9,-9900,?,9,0.0,0.0,E,8
03/18/2013,16:00,772.096,1379.274,447.24,1,8,446.606,1,8,197.397,1,8,53668.8,1,8,42427.606,1,8,21713.702,1,8,112.318,1,8,-9900,?,9,-9900,?,9,27.25,E,8,19.09,E,8,61.0,E,8,964.3861999999999,E,8,999.0,E,8,1.74,E,8,-9900,?,9,-9900,?,9,0.0,E,8,-9900,?,9,-9900,?,9,0.0,0.0,E,8
03/18/2013,17:00,478.994,1379.274,274.41,1,8,503.982,1,8,99.757,1,8,32929.2,1,8,47878.293,1,8,10973.318,1,8,91.63,1,8,-9900,?,9,-9900,?,9,26.29,E,8,18.79,E,8,63.0,E,8,964.3861999999999,E,8,999.0,E,8,2.15,E,8,-9900,?,9,-9900,?,9,0.0,E,8,-9900,?,9,-9900,?,9,0.0,0.0,E,8
03/18/2013,18:00,155.416,1379.274,73.24,1,8,226.436,1,8,48.249,1,8,8788.8,1,8,21511.391,1,8,5307.412,1,8,139.157,1,8,-9900,?,9,-9900,?,9,25.01,E,8,18.38,E,8,66.0,E,8,964.3861999999999,E,8,999.0,E,8,1.39,E,8,-9900,?,9,-9900,?,9,0.0,E,8,-9900,?,9,-9900,?,9,0.0,0.0,E,8
03/18/2013,19:00,0.0,1379.274,0.0,1,8,0.0,1,8,0.0,1,8,0.0,1,8,0.0,1,8,0.0,1,8,-0.0,1,8,-9900,?,9,-9900,?,9,24.27,E,8,18.14,E,8,68.0,E,8,964.3861999999999,E,8,999.0,E,8,0.92,E,8,-9900,?,9,-9900,?,9,0.0,E,8,-9900,?,9,-9900,?,9,0.0,0.0,E,8
03/18/2013,20:00,0.0,1379.274,0.0,1,8,0.0,1,8,0.0,1,8,0.0,1,8,0.0,1,8,0.0,1,8,-0.0,1,8,-9900,?,9,-9900,?,9,23.54,E,8,17.91,E,8,70.0,E,8,964.3861999999999,E,8,999.0,E,8,0.72,E,8,-9900,?,9,-9900,?,9,0.0,E,8,-9900,?,9,-9900,?,9,0.0,0.0,E,8
03/18/2013,21:00,0.0,1379.274,0.0,1,8,0.0,1,8,0.0,1,8,0.0,1,8,0.0,1,8,0.0,1,8,-0.0,1,8,-9900,?,9,-9900,?,9,22.8,E,8,17.66,E,8,72.0,E,8,964.3861999999999,E,8,999.0,E,8,0.72,E,8,-9900,?,9,-9900,?,9,0.0,E,8,-9900,?,9,-9900,?,9,0.0,0.0,E,8
03/18/2013,22:00,0.0,1379.274,0.0,1,8,0.0,1,8,0.0,1,8,0.0,1,8,0.0,1,8,0.0,1,8,-0.0,1,8,-9900,?,9,-9900,?,9,22.06,E,8,17.41,E,8,74.0,E,8,964.3861999999999,E,8,999.0,E,8,0.72,E,8,-9900,?,9,-9900,?,9,0.0,E,8,-9900,?,9,-9900,?,9,0.0,0.0,E,8
03/18/2013,23:00,0.0,1379.274,0.0,1,8,0.0,1,8,0.0,1,8,0.0,1,8,0.0,1,8,0.0,1,8,-0.0,1,8,-9900,?,9,-9900,?,9,21.33,E,8,17.16,E,8,77.0,E,8,964.3861999999999,E,8,999.0,E,8,0.72,E,8,-9900,?,9,-9900,?,9,0.0,E,8,-9900,?,9,-9900,?,9,0.0,0.0,E,8
03/18/2013,24:00,0.0,1379.274,0.0,1,8,0.0,1,8,0.0,1,8,0.0,1,8,0.0,1,8,0.0,1,8,-0.0,1,8,-9900,?,9,-9900,?,9,20.59,E,8,17.74,E,8,82.0,E,8,964.3861999999999,E,8,999.0,E,8,0.83,E,8,-9900,?,9,-9900,?,9,0.0,E,8,-9900,?,9,-9900,?,9,0.0,0.0,E,8
03/19/2013,01:00,0.0,1379.274,0.0,1,8,0.0,1,8,0.0,1,8,0.0,1,8,0.0,1,8,0.0,1,8,-0.0,1,8,-9900,?,9,-9900,?,9,20.22,E,8,17.58,E,8,83.0,E,8,964.3861999999999,E,8,999.0,E,8,0.83,E,8,-9900,?,9,-9900,?,9,0.0,E,8,-9900,?,9,-9900,?,9,0.0,0.0,E,8
03/19/2013,02:00,0.0,1379.274,0.0,1,8,0.0,1,8,0.0,1,8,0.0,1,8,0.0,1,8,0.0,1,8,-0.0,1,8,-9900,?,9,-9900,?,9,19.85,E,8,17.42,E,8,84.0,E,8,964.3861999999999,E,8,999.0,E,8,0.83,E,8,-9900,?,9,-9900,?,9,0.0,E,8,-9900,?,9,-9900,?,9,0.0,0.0,E,8
03/19/2013,03:00,0.0,1379.274,0.0,1,8,0.0,1,8,0.0,1,8,0.0,1,8,0.0,1,8,0.0,1,8,-0.0,1,8,-9900,?,9,-9900,?,9,19.48,E,8,17.26,E,8,90.0,E,8,964.3861999999999,E,8,999.0,E,8,0.83,E,8,-9900,?,9,-9900,?,9,0.004,E,8,-9900,?,9,-9900,?,9,0.04,99.0,E,8
03/19/2013,04:00,0.0,1378.483,0.0,1,8,0.0,1,8,0.0,1,8,0.0,1,8,0.0,1,8,0.0,1,8,-0.0,1,8,-9900,?,9,-9900,?,9,19.12,E,8,17.1,E,8,91.0,E,8,964.3861999999999,E,8,999.0,E,8,0.83,E,8,-9900,?,9,-9900,?,9,0.094,E,8,-9900,?,9,-9900,?,9,0.94,99.0,E,8
03/19/2013,05:00,0.0,1378.483,0.0,1,8,0.0,1,8,0.0,1,8,0.0,1,8,0.0,1,8,0.0,1,8,-0.0,1,8,-9900,?,9,-9900,?,9,18.75,E,8,16.93,E,8,87.0,E,8,964.3861999999999,E,8,999.0,E,8,0.83,E,8,-9900,?,9,-9900,?,9,0.0,E,8,-9900,?,9,-9900,?,9,0.0,0.0,E,8
03/19/2013,06:00,0.0,1378.483,0.0,1,8,0.0,1,8,0.0,1,8,0.0,1,8,0.0,1,8,0.0,1,8,-0.0,1,8,-9900,?,9,-9900,?,9,18.46,E,8,16.8,E,8,88.0,E,8,964.3861999999999,E,8,999.0,E,8,0.83,E,8,-9900,?,9,-9900,?,9,0.0,E,8,-9900,?,9,-9900,?,9,0.0,0.0,E,8
03/19/2013,07:00,197.565,1378.483,0.64,1,8,0.0,1,8,0.64,1,8,76.8,1,8,0.0,1,8,70.4,1,8,1.44,1,8,-9900,?,9,-9900,?,9,18.22,E,8,16.69,E,8,89.0,E,8,964.3861999999999,E,8,999.0,E,8,0.83,E,8,-9900,?,9,-9900,?,9,0.0,E,8,-9900,?,9,-9900,?,9,0.0,0.0,E,8
03/19/2013,08:00,518.155,1378.483,113.76,1,8,0.0,1,8,113.76,1,8,13651.2,1,8,0.0,1,8,12513.6,1,8,96.505,1,8,-9900,?,9,-9900,?,9,17.98,E,8,16.58,E,8,90.0,E,8,964.3861999999999,E,8,999.0,E,8,0.83,E,8,-9900,?,9,-9900,?,9,0.0,E,8,-9900,?,9,-9900,?,9,0.0,0.0,E,8
03/19/2013,09:00,804.986,1378.483,273.27,1,8,37.449,1,8,251.414,1,8,32792.4,1,8,3557.633,1,8,27655.498,1,8,137.119,1,8,-9900,?,9,-9900,?,9,22.27,E,8,18.44,E,8,78.0,E,8,964.3861999999999,E,8,999.0,E,8,0.83,E,8,-9900,?,9,-9900,?,9,0.0,E,8,-9900,?,9,-9900,?,9,0.0,0.0,E,8
03/19/2013,10:00,1037.498,1378.483,415.55,1,8,64.898,1,8,366.716,1,8,49866.0,1,8,6165.296,1,8,40338.806,1,8,155.129,1,8,-9900,?,9,-9900,?,9,23.91,E,8,19.11,E,8,73.0,E,8,964.3861999999999,E,8,999.0,E,8,0.83,E,8,-9900,?,9,-9900,?,9,0.0,E,8,-9900,?,9,-9900,?,9,0.0,0.0,E,8
03/19/2013,11:00,1199.678,1378.483,524.99,1,8,79.698,1,8,455.636,1,8,62998.8,1,8,7571.352,1,8,50119.949,1,8,166.666,1,8,-9900,?,9,-9900,?,9,25.33,E,8,19.66,E,8,70.0,E,8,964.3861999999999,E,8,999.0,E,8,1.3,E,8,-9900,?,9,-9900,?,9,0.0,E,8,-9900,?,9,-9900,?,9,0.0,0.0,E,8
03/19/2013,12:00,1280.412,1378.483,592.65,1,8,77.481,1,8,520.685,1,8,71118.0,1,8,7360.667,1,8,57275.344,1,8,178.442,1,8,-9900,?,9,-9900,?,9,26.49,E,8,20.1,E,8,67.0,E,8,964.3861999999999,E,8,999.0,E,8,1.39,E,8,-9900,?,9,-9900,?,9,0.0,E,8,-9900,?,9,-9900,?,9,0.0,0.0,E,8
03/19/2013,13:00,1274.172,1378.483,613.44,1,8,91.252,1,8,529.097,1,8,73612.8,1,8,8668.952,1,8,58200.696,1,8,182.214,1,8,-9900,?,9,-9900,?,9,27.34,E,8,20.41,E,8,65.0,E,8,964.3861999999999,E,8,999.0,E,8,1.8,E,8,-9900,?,9,-9900,?,9,0.0,E,8,-9900,?,9,-9900,?,9,0.0,0.0,E,8
03/19/2013,14:00,1181.373,1378.483,585.81,1,8,133.577,1,8,471.345,1,8,70297.2,1,8,12689.804,1,8,51848.004,1,8,175.085,1,8,-9900,?,9,-9900,?,9,27.86,E,8,20.6,E,8,64.0,E,8,964.3861999999999,E,8,999.0,E,8,2.36,E,8,-9900,?,9,-9900,?,9,0.0,E,8,-9900,?,9,-9900,?,9,0.0,0.0,E,8
03/19/2013,15:00,1008.35,1378.483,511.79,1,8,136.833,1,8,411.723,1,8,61414.8,1,8,12999.158,1,8,45289.529,1,8,179.207,1,8,-9900,?,9,-9900,?,9,28.04,E,8,20.67,E,8,64.0,E,8,964.3861999999999,E,8,999.0,E,8,2.53,E,8,-9900,?,9,-9900,?,9,0.0,E,8,-9900,?,9,-9900,?,9,0.0,0.0,E,8
03/19/2013,16:00,766.943,1378.483,397.0,1,8,239.869,1,8,263.632,1,8,47640.0,1,8,22787.534,1,8,28999.52,1,8,150.928,1,8,-9900,?,9,-9900,?,9,27.8,E,8,20.58,E,8,64.0,E,8,964.3861999999999,E,8,999.0,E,8,2.31,E,8,-9900,?,9,-9900,?,9,0.0,E,8,-9900,?,9,-9900,?,9,0.0,0.0,E,8
03/19/2013,17:00,473.787,1378.483,251.01,1,8,356.792,1,8,128.645,1,8,30121.2,1,8,33895.212,1,8,14151.001,1,8,119.4,1,8,-9900,?,9,-9900,?,9,27.06,E,8,20.31,E,8,66.0,E,8,964.3861999999999,E,8,999.0,E,8,1.93,E,8,-9900,?,9,-9900,?,9,0.0,E,8,-9900,?,9,-9900,?,9,0.0,0.0,E,8
03/19/2013,18:00,150.346,1378.483,91.34,1,8,237.308,1,8,66.022,1,8,10960.8,1,8,22544.228,1,8,7262.459,1,8,196.983,1,8,-9900,?,9,-9900,?,9,25.91,E,8,19.88,E,8,69.0,E,8,964.3861999999999,E,8,999.0,E,8,1.3,E,8,-9900,?,9,-9900,?,9,0.0,E,8,-9900,?,9,-9900,?,9,0.0,0.0,E,8
03/19/2013,19:00,0.0,1378.483,0.0,1,8,0.0,1,8,0.0,1,8,0.0,1,8,0.0,1,8,0.0,1,8,-0.0,1,8,-9900,?,9,-9900,?,9,25.12,E,8,19.58,E,8,71.0,E,8,964.3861999999999,E,8,999.0,E,8,1.26,E,8,-9900,?,9,-9900,?,9,0.0,E,8,-9900,?,9,-9900,?,9,0.0,0.0,E,8
03/19/2013,20:00,0.0,1378.483,0.0,1,8,0.0,1,8,0.0,1,8,0.0,1,8,0.0,1,8,0.0,1,8,-0.0,1,8,-9900,?,9,-9900,?,9,24.34,E,8,19.28,E,8,72.0,E,8,964.3861999999999,E,8,999.0,E,8,1.46,E,8,-9900,?,9,-9900,?,9,0.0,E,8,-9900,?,9,-9900,?,9,0.0,0.0,E,8
03/19/2013,21:00,0.0,1378.483,0.0,1,8,0.0,1,8,0.0,1,8,0.0,1,8,0.0,1,8,0.0,1,8,-0.0,1,8,-9900,?,9,-9900,?,9,23.56,E,8,18.97,E,8,79.0,E,8,964.3861999999999,E,8,999.0,E,8,1.53,E,8,-9900,?,9,-9900,?,9,0.001,E,8,-9900,?,9,-9900,?,9,0.01,99.0,E,8
03/19/2013,22:00,0.0,1378.483,0.0,1,8,0.0,1,8,0.0,1,8,0.0,1,8,0.0,1,8,0.0,1,8,-0.0,1,8,-9900,?,9,-9900,?,9,22.78,E,8,18.65,E,8,81.0,E,8,964.3861999999999,E,8,999.0,E,8,1.14,E,8,-9900,?,9,-9900,?,9,0.001,E,8,-9900,?,9,-9900,?,9,0.01,99.0,E,8
03/19/2013,23:00,0.0,1378.483,0.0,1,8,0.0,1,8,0.0,1,8,0.0,1,8,0.0,1,8,0.0,1,8,-0.0,1,8,-9900,?,9,-9900,?,9,22.0,E,8,18.33,E,8,78.0,E,8,964.3861999999999,E,8,999.0,E,8,0.83,E,8,-9900,?,9,-9900,?,9,0.0,E,8,-9900,?,9,-9900,?,9,0.0,0.0,E,8
03/19/2013,24:00,0.0,1378.483,0.0,1,8,0.0,1,8,0.0,1,8,0.0,1,8,0.0,1,8,0.0,1,8,-0.0,1,8,-9900,?,9,-9900,?,9,21.21,E,8,18.91,E,8,91.0,E,8,964.3861999999999,E,8,999.0,E,8,1.26,E,8,-9900,?,9,-9900,?,9,0.001,E,8,-9900,?,9,-9900,?,9,0.01,99.0,E,8
03/20/2013,01:00,0.0,1378.483,0.0,1,8,0.0,1,8,0.0,1,8,0.0,1,8,0.0,1,8,0.0,1,8,-0.0,1,8,-9900,?,9,-9900,?,9,20.82,E,8,18.74,E,8,87.0,E,8,964.3861999999999,E,8,999.0,E,8,1.26,E,8,-9900,?,9,-9900,?,9,0.0,E,8,-9900,?,9,-9900,?,9,0.0,0.0,E,8
03/20/2013,02:00,0.0,1378.483,0.0,1,8,0.0,1,8,0.0,1,8,0.0,1,8,0.0,1,8,0.0,1,8,-0.0,1,8,-9900,?,9,-9900,?,9,20.43,E,8,18.57,E,8,89.0,E,8,964.3861999999999,E,8,999.0,E,8,1.26,E,8,-9900,?,9,-9900,?,9,0.0,E,8,-9900,?,9,-9900,?,9,0.0,0.0,E,8
03/20/2013,03:00,0.0,1378.483,0.0,1,8,0.0,1,8,0.0,1,8,0.0,1,8,0.0,1,8,0.0,1,8,-0.0,1,8,-9900,?,9,-9900,?,9,20.04,E,8,18.39,E,8,90.0,E,8,964.3861999999999,E,8,999.0,E,8,1.26,E,8,-9900,?,9,-9900,?,9,0.0,E,8,-9900,?,9,-9900,?,9,0.0,0.0,E,8
03/20/2013,04:00,0.0,1377.689,0.0,1,8,0.0,1,8,0.0,1,8,0.0,1,8,0.0,1,8,0.0,1,8,-0.0,1,8,-9900,?,9,-9900,?,9,19.65,E,8,18.22,E,8,91.0,E,8,964.3861999999999,E,8,999.0,E,8,1.26,E,8,-9900,?,9,-9900,?,9,0.0,E,8,-9900,?,9,-9900,?,9,0.0,0.0,E,8
03/20/2013,05:00,0.0,1377.689,0.0,1,8,0.0,1,8,0.0,1,8,0.0,1,8,0.0,1,8,0.0,1,8,-0.0,1,8,-9900,?,9,-9900,?,9,19.26,E,8,18.04,E,8,92.0,E,8,964.3861999999999,E,8,999.0,E,8,1.26,E,8,-9900,?,9,-9900,?,9,0.0,E,8,-9900,?,9,-9900,?,9,0.0,0.0,E,8
03/20/2013,06:00,0.0,1377.689,0.0,1,8,0.0,1,8,0.0,1,8,0.0,1,8,0.0,1,8,0.0,1,8,-0.0,1,8,-9900,?,9,-9900,?,9,18.95,E,8,17.9,E,8,93.0,E,8,964.3861999999999,E,8,999.0,E,8,1.26,E,8,-9900,?,9,-9900,?,9,0.0,E,8,-9900,?,9,-9900,?,9,0.0,0.0,E,8
03/20/2013,07:00,195.666,1377.689,0.43,1,8,0.0,1,8,0.43,1,8,51.6,1,8,0.0,1,8,47.3,1,8,0.977,1,8,-9900,?,9,-9900,?,9,18.7,E,8,17.79,E,8,94.0,E,8,964.3861999999999,E,8,999.0,E,8,1.26,E,8,-9900,?,9,-9900,?,9,0.0,E,8,-9900,?,9,-9900,?,9,0.0,0.0,E,8
03/20/2013,08:00,515.947,1377.689,85.28,1,8,0.0,1,8,85.28,1,8,10233.6,1,8,0.0,1,8,9380.8,1,8,72.614,1,8,-9900,?,9,-9900,?,9,18.44,E,8,17.67,E,8,95.0,E,8,964.3861999999999,E,8,999.0,E,8,1.26,E,8,-9900,?,9,-9900,?,9,0.0,E,8,-9900,?,9,-9900,?,9,0.0,0.0,E,8
03/20/2013,09:00,802.398,1377.689,205.6,1,8,9.983,1,8,199.789,1,8,24672.0,1,8,948.372,1,8,21976.798,1,8,109.252,1,8,-9900,?,9,-9900,?,9,22.3,E,8,19.37,E,8,83.0,E,8,964.3861999999999,E,8,999.0,E,8,1.26,E,8,-9900,?,9,-9900,?,9,0.0,E,8,-9900,?,9,-9900,?,9,0.0,0.0,E,8
03/20/2013,10:00,1034.472,1377.689,312.91,1,8,14.545,1,8,301.991,1,8,37549.2,1,8,1381.735,1,8,33219.045,1,8,128.049,1,8,-9900,?,9,-9900,?,9,23.78,E,8,19.98,E,8,79.0,E,8,964.3861999999999,E,8,999.0,E,8,1.26,E,8,-9900,?,9,-9900,?,9,0.0,E,8,-9900,?,9,-9900,?,9,0.0,0.0,E,8
03/20/2013,11:00,1196.184,1377.689,395.38,1,8,27.624,1,8,371.398,1,8,47445.6,1,8,2624.25,1,8,40853.772,1,8,136.171,1,8,-9900,?,9,-9900,?,9,25.07,E,8,20.5,E,8,75.0,E,8,964.3861999999999,E,8,999.0,E,8,1.26,E,8,-9900,?,9,-9900,?,9,0.0,E,8,-9900,?,9,-9900,?,9,0.0,0.0,E,8
03/20/2013,12:00,1276.453,1377.689,446.3,1,8,44.55,1,8,405.026,1,8,53556.0,1,8,4232.22,1,8,44552.851,1,8,139.155,1,8,-9900,?,9,-9900,?,9,26.11,E,8,20.9,E,8,73.0,E,8,964.3861999999999,E,8,999.0,E,8,1.26,E,8,-9900,?,9,-9900,?,9,0.0,E,8,-9900,?,9,-9900,?,9,0.0,0.0,E,8
03/20/2013,13:00,1269.783,1377.689,461.82,1,8,50.575,1,8,415.209,1,8,55418.4,1,8,4804.588,1,8,45672.993,1,8,143.404,1,8,-9900,?,9,-9900,?,9,26.87,E,8,21.19,E,8,71.0,E,8,964.3861999999999,E,8,999.0,E,8,1.26,E,8,-9900,?,9,-9900,?,9,0.0,E,8,-9900,?,9,-9900,?,9,0.0,0.0,E,8
03/20/2013,14:00,1176.618,1377.689,440.78,1,8,44.146,1,8,403.081,1,8,52893.6,1,8,4193.909,1,8,44338.885,1,8,150.247,1,8,-9900,?,9,-9900,?,9,27.34,E,8,21.37,E,8,69.0,E,8,964.3861999999999,E,8,999.0,E,8,1.26,E,8,-9900,?,9,-9900,?,9,0.0,E,8,-9900,?,9,-9900,?,9,0.0,0.0,E,8
03/20/2013,15:00,1003.319,1377.689,384.73,1,8,37.5,1,8,357.428,1,8,46167.6,1,8,3562.465,1,8,39317.027,1,8,156.265,1,8,-9900,?,9,-9900,?,9,27.5,E,8,21.43,E,8,69.0,E,8,964.3861999999999,E,8,999.0,E,8,1.26,E,8,-9900,?,9,-9900,?,9,0.0,E,8,-9900,?,9,-9900,?,9,0.0,0.0,E,8
03/20/2013,16:00,761.746,1377.689,297.94,1,8,79.522,1,8,254.0,1,8,35752.8,1,8,7554.633,1,8,27940.003,1,8,146.323,1,8,-9900,?,9,-9900,?,9,27.28,E,8,21.35,E,8,70.0,E,8,964.3861999999999,E,8,999.0,E,8,1.26,E,8,-9900,?,9,-9900,?,9,0.0,E,8,-9900,?,9,-9900,?,9,0.0,0.0,E,8
03/20/2013,17:00,468.549,1377.689,187.64,1,8,146.485,1,8,137.931,1,8,22516.8,1,8,13916.09,1,8,15172.416,1,8,129.381,1,8,-9900,?,9,-9900,?,9,26.61,E,8,21.09,E,8,71.0,E,8,964.3861999999999,E,8,999.0,E,8,1.26,E,8,-9900,?,9,-9900,?,9,0.0,E,8,-9900,?,9,-9900,?,9,0.0,0.0,E,8
03/20/2013,18:00,145.266,1377.689,67.24,1,8,213.483,1,8,45.253,1,8,8068.8,1,8,20280.853,1,8,4977.803,1,8,139.858,1,8,-9900,?,9,-9900,?,9,25.57,E,8,20.69,E,8,79.0,E,8,964.3861999999999,E,8,999.0,E,8,1.26,E,8,-9900,?,9,-9900,?,9,0.001,E,8,-9900,?,9,-9900,?,9,0.01,99.0,E,8
03/20/2013,19:00,0.0,1377.689,0.0,1,8,0.0,1,8,0.0,1,8,0.0,1,8,0.0,1,8,0.0,1,8,-0.0,1,8,-9900,?,9,-9900,?,9,24.95,E,8,20.45,E,8,81.0,E,8,964.3861999999999,E,8,999.0,E,8,1.26,E,8,-9900,?,9,-9900,?,9,0.01,E,8,-9900,?,9,-9900,?,9,0.1,99.0,E,8
03/20/2013,20:00,0.0,1377.689,0.0,1,8,0.0,1,8,0.0,1,8,0.0,1,8,0.0,1,8,0.0,1,8,-0.0,1,8,-9900,?,9,-9900,?,9,24.33,E,8,20.2,E,8,82.0,E,8,964.3861999999999,E,8,999.0,E,8,1.26,E,8,-9900,?,9,-9900,?,9,0.022,E,8,-9900,?,9,-9900,?,9,0.22,99.0,E,8
03/20/2013,21:00,0.0,1377.689,0.0,1,8,0.0,1,8,0.0,1,8,0.0,1,8,0.0,1,8,0.0,1,8,-0.0,1,8,-9900,?,9,-9900,?,9,23.71,E,8,19.95,E,8,89.0,E,8,964.3861999999999,E,8,999.0,E,8,1.26,E,8,-9900,?,9,-9900,?,9,0.458,E,8,-9900,?,9,-9900,?,9,4.58,99.0,E,8
03/20/2013,22:00,0.0,1377.689,0.0,1,8,0.0,1,8,0.0,1,8,0.0,1,8,0.0,1,8,0.0,1,8,-0.0,1,8,-9900,?,9,-9900,?,9,23.09,E,8,19.7,E,8,86.0,E,8,964.3861999999999,E,8,999.0,E,8,1.26,E,8,-9900,?,9,-9900,?,9,0.005,E,8,-9900,?,9,-9900,?,9,0.05,99.0,E,8
03/20/2013,23:00,0.0,1377.689,0.0,1,8,0.0,1,8,0.0,1,8,0.0,1,8,0.0,1,8,0.0,1,8,-0.0,1,8,-9900,?,9,-9900,?,9,22.47,E,8,19.44,E,8,88.0,E,8,964.3861999999999,E,8,999.0,E,8,1.26,E,8,-9900,?,9,-9900,?,9,0.003,E,8,-9900,?,9,-9900,?,9,0.03,99.0,E,8
03/20/2013,24:00,0.0,1377.689,0.0,1,8,0.0,1,8,0.0,1,8,0.0,1,8,0.0,1,8,0.0,1,8,-0.0,1,8,-9900,?,9,-9900,?,9,21.86,E,8,18.78,E,8,82.0,E,8,964.3861999999999,E,8,999.0,E,8,0.98,E,8,-9900,?,9,-9900,?,9,0.0,E,8,-9900,?,9,-9900,?,9,0.0,0.0,E,8
03/21/2013,01:00,0.0,1377.689,0.0,1,8,0.0,1,8,0.0,1,8,0.0,1,8,0.0,1,8,0.0,1,8,-0.0,1,8,-9900,?,9,-9900,?,9,21.55,E,8,18.68,E,8,83.0,E,8,964.3861999999999,E,8,999.0,E,8,0.98,E,8,-9900,?,9,-9900,?,9,0.0,E,8,-9900,?,9,-9900,?,9,0.0,0.0,E,8
03/21/2013,02:00,0.0,1377.689,0.0,1,8,0.0,1,8,0.0,1,8,0.0,1,8,0.0,1,8,0.0,1,8,-0.0,1,8,-9900,?,9,-9900,?,9,21.24,E,8,18.58,E,8,84.0,E,8,964.3861999999999,E,8,999.0,E,8,0.98,E,8,-9900,?,9,-9900,?,9,0.0,E,8,-9900,?,9,-9900,?,9,0.0,0.0,E,8
03/21/2013,03:00,0.0,1377.689,0.0,1,8,0.0,1,8,0.0,1,8,0.0,1,8,0.0,1,8,0.0,1,8,-0.0,1,8,-9900,?,9,-9900,?,9,20.93,E,8,18.48,E,8,85.0,E,8,964.3861999999999,E,8,999.0,E,8,0.98,E,8,-9900,?,9,-9900,?,9,0.0,E,8,-9900,?,9,-9900,?,9,0.0,0.0,E,8
03/21/2013,04:00,0.0,1376.892,0.0,1,8,0.0,1,8,0.0,1,8,0.0,1,8,0.0,1,8,0.0,1,8,-0.0,1,8,-9900,?,9,-9900,?,9,20.62,E,8,18.38,E,8,86.0,E,8,964.3861999999999,E,8,999.0,E,8,0.98,E,8,-9900,?,9,-9900,?,9,0.0,E,8,-9900,?,9,-9900,?,9,0.0,0.0,E,8
03/21/2013,05:00,0.0,1376.892,0.0,1,8,0.0,1,8,0.0,1,8,0.0,1,8,0.0,1,8,0.0,1,8,-0.0,1,8,-9900,?,9,-9900,?,9,20.31,E,8,18.28,E,8,88.0,E,8,964.3861999999999,E,8,999.0,E,8,0.98,E,8,-9900,?,9,-9900,?,9,0.0,E,8,-9900,?,9,-9900,?,9,0.0,0.0,E,8
03/21/2013,06:00,0.0,1376.892,0.0,1,8,0.0,1,8,0.0,1,8,0.0,1,8,0.0,1,8,0.0,1,8,-0.0,1,8,-9900,?,9,-9900,?,9,20.07,E,8,18.2,E,8,88.0,E,8,964.3861999999999,E,8,999.0,E,8,0.98,E,8,-9900,?,9,-9900,?,9,0.0,E,8,-9900,?,9,-9900,?,9,0.0,0.0,E,8
03/21/2013,07:00,193.774,1376.892,0.57,1,8,0.0,1,8,0.57,1,8,68.4,1,8,0.0,1,8,62.7,1,8,1.307,1,8,-9900,?,9,-9900,?,9,19.87,E,8,18.13,E,8,89.0,E,8,964.3861999999999,E,8,999.0,E,8,0.98,E,8,-9900,?,9,-9900,?,9,0.0,E,8,-9900,?,9,-9900,?,9,0.0,0.0,E,8
03/21/2013,08:00,513.729,1376.892,124.39,1,8,0.153,1,8,124.333,1,8,14926.8,1,8,14.501,1,8,13676.646,1,8,106.263,1,8,-9900,?,9,-9900,?,9,19.66,E,8,18.06,E,8,90.0,E,8,964.3861999999999,E,8,999.0,E,8,0.98,E,8,-9900,?,9,-9900,?,9,0.0,E,8,-9900,?,9,-9900,?,9,0.0,0.0,E,8
03/21/2013,09:00,799.784,1376.892,102.88,1,8,0.0,1,8,102.88,1,8,12345.6,1,8,0.0,1,8,11316.8,1,8,56.41,1,8,-9900,?,9,-9900,?,9,21.92,E,8,18.8,E,8,82.0,E,8,964.3861999999999,E,8,999.0,E,8,0.98,E,8,-9900,?,9,-9900,?,9,0.0,E,8,-9900,?,9,-9900,?,9,0.0,0.0,E,8
03/21/2013,10:00,1031.406,1376.892,152.21,1,8,0.771,1,8,151.633,1,8,18265.2,1,8,73.253,1,8,16679.578,1,8,64.448,1,8,-9900,?,9,-9900,?,9,22.18,E,8,18.89,E,8,81.0,E,8,964.3861999999999,E,8,999.0,E,8,0.98,E,8,-9900,?,9,-9900,?,9,0.0,E,8,-9900,?,9,-9900,?,9,0.0,0.0,E,8
03/21/2013,11:00,1192.64,1376.892,126.74,1,8,0.0,1,8,126.74,1,8,15208.8,1,8,0.0,1,8,13941.4,1,8,46.58,1,8,-9900,?,9,-9900,?,9,22.18,E,8,18.89,E,8,81.0,E,8,964.3861999999999,E,8,999.0,E,8,0.98,E,8,-9900,?,9,-9900,?,9,0.0,E,8,-9900,?,9,-9900,?,9,0.0,0.0,E,8
03/21/2013,12:00,1272.437,1376.892,528.95,1,8,117.599,1,8,420.278,1,8,63474.0,1,8,11171.864,1,8,46230.613,1,8,144.768,1,8,-9900,?,9,-9900,?,9,23.78,E,8,19.39,E,8,76.0,E,8,964.3861999999999,E,8,999.0,E,8,1.58,E,8,-9900,?,9,-9900,?,9,0.0,E,8,-9900,?,9,-9900,?,9,0.0,0.0,E,8
03/21/2013,13:00,1265.333,1376.892,893.4,1,8,559.226,1,8,379.511,1,8,107208.0,1,8,53126.5,1,8,41746.249,1,8,131.46,1,8,-9900,?,9,-9900,?,9,26.06,E,8,20.08,E,8,69.0,E,8,964.3861999999999,E,8,999.0,E,8,1.72,E,8,-9900,?,9,-9900,?,9,0.0,E,8,-9900,?,9,-9900,?,9,0.0,0.0,E,8
03/21/2013,14:00,1171.805,1376.892,740.15,1,8,460.644,1,8,348.163,1,8,88818.0,1,8,43761.194,1,8,38297.883,1,8,130.234,1,8,-9900,?,9,-9900,?,9,27.25,E,8,20.43,E,8,66.0,E,8,964.3861999999999,E,8,999.0,E,8,2.2,E,8,-9900,?,9,-9900,?,9,0.0,E,8,-9900,?,9,-9900,?,9,0.0,0.0,E,8
03/21/2013,15:00,998.236,1376.892,711.63,1,8,682.317,1,8,217.086,1,8,85395.6,1,8,64820.146,1,8,23879.499,1,8,95.338,1,8,-9900,?,9,-9900,?,9,28.07,E,8,20.67,E,8,64.0,E,8,964.3861999999999,E,8,999.0,E,8,2.19,E,8,-9900,?,9,-9900,?,9,0.0,E,8,-9900,?,9,-9900,?,9,0.0,0.0,E,8
03/21/2013,16:00,756.507,1376.892,777.82,1,8,693.7,1,8,396.938,1,8,93338.4,1,8,65901.512,1,8,43663.165,1,8,230.12,1,8,-9900,?,9,-9900,?,9,28.86,E,8,20.9,E,8,62.0,E,8,964.3861999999999,E,8,999.0,E,8,2.47,E,8,-9900,?,9,-9900,?,9,0.0,E,8,-9900,?,9,-9900,?,9,0.0,0.0,E,8
03/21/2013,17:00,463.284,1376.892,532.22,1,8,631.353,1,8,320.27,1,8,63866.4,1,8,59978.547,1,8,35229.701,1,8,303.672,1,8,-9900,?,9,-9900,?,9,29.0,E,8,20.94,E,8,61.0,E,8,964.3861999999999,E,8,999.0,E,8,2.06,E,8,-9900,?,9,-9900,?,9,0.0,E,8,-9900,?,9,-9900,?,9,0.0,0.0,E,8
03/21/2013,18:00,140.179,1376.892,238.87,1,8,299.714,1,8,209.112,1,8,28664.4,1,8,28472.862,1,8,23002.363,1,8,670.408,1,8,-9900,?,9,-9900,?,9,28.29,E,8,20.74,E,8,63.0,E,8,964.3861999999999,E,8,999.0,E,8,1.35,E,8,-9900,?,9,-9900,?,9,0.0,E,8,-9900,?,9,-9900,?,9,0.0,0.0,E,8
03/21/2013,19:00,0.0,1376.892,0.0,1,8,0.0,1,8,0.0,1,8,0.0,1,8,0.0,1,8,0.0,1,8,-0.0,1,8,-9900,?,9,-9900,?,9,27.36,E,8,20.47,E,8,66.0,E,8,964.3861999999999,E,8,999.0,E,8,0.98,E,8,-9900,?,9,-9900,?,9,0.0,E,8,-9900,?,9,-9900,?,9,0.0,0.0,E,8
03/21/2013,20:00,0.0,1376.892,0.0,1,8,0.0,1,8,0.0,1,8,0.0,1,8,0.0,1,8,0.0,1,8,-0.0,1,8,-9900,?,9,-9900,?,9,26.43,E,8,20.19,E,8,68.0,E,8,964.3861999999999,E,8,999.0,E,8,0.98,E,8,-9900,?,9,-9900,?,9,0.0,E,8,-9900,?,9,-9900,?,9,0.0,0.0,E,8
03/21/2013,21:00,0.0,1376.892,0.0,1,8,0.0,1,8,0.0,1,8,0.0,1,8,0.0,1,8,0.0,1,8,-0.0,1,8,-9900,?,9,-9900,?,9,25.5,E,8,19.91,E,8,71.0,E,8,964.3861999999999,E,8,999.0,E,8,0.98,E,8,-9900,?,9,-9900,?,9,0.0,E,8,-9900,?,9,-9900,?,9,0.0,0.0,E,8
03/21/2013,22:00,0.0,1376.892,0.0,1,8,0.0,1,8,0.0,1,8,0.0,1,8,0.0,1,8,0.0,1,8,-0.0,1,8,-9900,?,9,-9900,?,9,24.58,E,8,19.64,E,8,73.0,E,8,964.3861999999999,E,8,999.0,E,8,0.98,E,8,-9900,?,9,-9900,?,9,0.0,E,8,-9900,?,9,-9900,?,9,0.0,0.0,E,8
03/21/2013,23:00,0.0,1376.892,0.0,1,8,0.0,1,8,0.0,1,8,0.0,1,8,0.0,1,8,0.0,1,8,-0.0,1,8,-9900,?,9,-9900,?,9,23.65,E,8,19.35,E,8,76.0,E,8,964.3861999999999,E,8,999.0,E,8,0.98,E,8,-9900,?,9,-9900,?,9,0.0,E,8,-9900,?,9,-9900,?,9,0.0,0.0,E,8
03/21/2013,24:00,0.0,1376.892,0.0,1,8,0.0,1,8,0.0,1,8,0.0,1,8,0.0,1,8,0.0,1,8,-0.0,1,8,-9900,?,9,-9900,?,9,22.72,E,8,18.92,E,8,79.0,E,8,964.3861999999999,E,8,999.0,E,8,0.64,E,8,-9900,?,9,-9900,?,9,0.0,E,8,-9900,?,9,-9900,?,9,0.0,0.0,E,8
03/22/2013,01:00,0.0,1376.892,0.0,1,8,0.0,1,8,0.0,1,8,0.0,1,8,0.0,1,8,0.0,1,8,-0.0,1,8,-9900,?,9,-9900,?,9,22.25,E,8,18.81,E,8,80.0,E,8,964.3861999999999,E,8,999.0,E,8,0.64,E,8,-9900,?,9,-9900,?,9,0.0,E,8,-9900,?,9,-9900,?,9,0.0,0.0,E,8
03/22/2013,02:00,0.0,1376.892,0.0,1,8,0.0,1,8,0.0,1,8,0.0,1,8,0.0,1,8,0.0,1,8,-0.0,1,8,-9900,?,9,-9900,?,9,21.79,E,8,18.69,E,8,82.0,E,8,964.3861999999999,E,8,999.0,E,8,0.64,E,8,-9900,?,9,-9900,?,9,0.0,E,8,-9900,?,9,-9900,?,9,0.0,0.0,E,8
03/22/2013,03:00,0.0,1376.892,0.0,1,8,0.0,1,8,0.0,1,8,0.0,1,8,0.0,1,8,0.0,1,8,-0.0,1,8,-9900,?,9,-9900,?,9,21.32,E,8,18.57,E,8,84.0,E,8,964.3861999999999,E,8,999.0,E,8,0.64,E,8,-9900,?,9,-9900,?,9,0.0,E,8,-9900,?,9,-9900,?,9,0.0,0.0,E,8
03/22/2013,04:00,0.0,1376.093,0.0,1,8,0.0,1,8,0.0,1,8,0.0,1,8,0.0,1,8,0.0,1,8,-0.0,1,8,-9900,?,9,-9900,?,9,20.86,E,8,18.45,E,8,86.0,E,8,964.3861999999999,E,8,999.0,E,8,0.66,E,8,-9900,?,9,-9900,?,9,0.0,E,8,-9900,?,9,-9900,?,9,0.0,0.0,E,8
03/22/2013,05:00,0.0,1376.093,0.0,1,8,0.0,1,8,0.0,1,8,0.0,1,8,0.0,1,8,0.0,1,8,-0.0,1,8,-9900,?,9,-9900,?,9,20.4,E,8,18.33,E,8,87.0,E,8,964.3861999999999,E,8,999.0,E,8,0.64,E,8,-9900,?,9,-9900,?,9,0.0,E,8,-9900,?,9,-9900,?,9,0.0,0.0,E,8
03/22/2013,06:00,0.0,1376.093,0.0,1,8,0.0,1,8,0.0,1,8,0.0,1,8,0.0,1,8,0.0,1,8,-0.0,1,8,-9900,?,9,-9900,?,9,20.04,E,8,18.24,E,8,89.0,E,8,964.3861999999999,E,8,999.0,E,8,0.64,E,8,-9900,?,9,-9900,?,9,0.0,E,8,-9900,?,9,-9900,?,9,0.0,0.0,E,8
03/22/2013,07:00,191.89,1376.093,0.55,1,8,0.0,1,8,0.55,1,8,66.0,1,8,0.0,1,8,60.5,1,8,1.273,1,8,-9900,?,9,-9900,?,9,19.73,E,8,18.16,E,8,90.0,E,8,964.3861999999999,E,8,999.0,E,8,0.64,E,8,-9900,?,9,-9900,?,9,0.0,E,8,-9900,?,9,-9900,?,9,0.0,0.0,E,8
03/22/2013,08:00,511.501,1376.093,114.46,1,8,0.0,1,8,114.46,1,8,13735.2,1,8,0.0,1,8,12590.6,1,8,98.196,1,8,-9900,?,9,-9900,?,9,19.42,E,8,18.08,E,8,91.0,E,8,964.3861999999999,E,8,999.0,E,8,0.68,E,8,-9900,?,9,-9900,?,9,0.0,E,8,-9900,?,9,-9900,?,9,0.0,0.0,E,8
03/22/2013,09:00,797.144,1376.093,410.19,1,8,270.225,1,8,253.745,1,8,49222.8,1,8,25671.381,1,8,27911.918,1,8,139.512,1,8,-9900,?,9,-9900,?,9,24.15,E,8,19.28,E,8,74.0,E,8,964.3861999999999,E,8,999.0,E,8,0.64,E,8,-9900,?,9,-9900,?,9,0.0,E,8,-9900,?,9,-9900,?,9,0.0,0.0,E,8
03/22/2013,10:00,1028.3,1376.093,628.82,1,8,414.255,1,8,319.336,1,8,75458.4,1,8,39354.184,1,8,35126.95,1,8,136.059,1,8,-9900,?,9,-9900,?,9,26.35,E,8,19.81,E,8,67.0,E,8,964.3861999999999,E,8,999.0,E,8,0.8,E,8,-9900,?,9,-9900,?,9,0.0,E,8,-9900,?,9,-9900,?,9,0.0,0.0,E,8
03/22/2013,11:00,1189.045,1376.093,655.43,1,8,283.01,1,8,410.913,1,8,78651.6,1,8,26885.971,1,8,45200.431,1,8,151.389,1,8,-9900,?,9,-9900,?,9,27.57,E,8,20.1,E,8,63.0,E,8,964.3861999999999,E,8,999.0,E,8,1.68,E,8,-9900,?,9,-9900,?,9,0.0,E,8,-9900,?,9,-9900,?,9,0.0,0.0,E,8
03/22/2013,12:00,1268.364,1376.093,681.49,1,8,141.74,1,8,550.853,1,8,81778.8,1,8,13465.285,1,8,60593.864,1,8,190.245,1,8,-9900,?,9,-9900,?,9,28.39,E,8,20.29,E,8,61.0,E,8,964.3861999999999,E,8,999.0,E,8,1.74,E,8,-9900,?,9,-9900,?,9,0.0,E,8,-9900,?,9,-9900,?,9,0.0,0.0,E,8
03/22/2013,13:00,1260.825,1376.093,653.73,1,8,231.942,1,8,441.228,1,8,78447.6,1,8,22034.518,1,8,48535.112,1,8,153.296,1,8,-9900,?,9,-9900,?,9,28.86,E,8,20.4,E,8,60.0,E,8,964.3861999999999,E,8,999.0,E,8,1.94,E,8,-9900,?,9,-9900,?,9,0.0,E,8,-9900,?,9,-9900,?,9,0.0,0.0,E,8
03/22/2013,14:00,1166.935,1376.093,692.16,1,8,356.294,1,8,390.056,1,8,83059.2,1,8,33847.883,1,8,42906.141,1,8,146.429,1,8,-9900,?,9,-9900,?,9,29.29,E,8,20.5,E,8,59.0,E,8,964.3861999999999,E,8,999.0,E,8,2.4,E,8,-9900,?,9,-9900,?,9,0.0,E,8,-9900,?,9,-9900,?,9,0.0,0.0,E,8
03/22/2013,15:00,993.104,1376.093,563.85,1,8,317.528,1,8,334.757,1,8,67662.0,1,8,30165.127,1,8,36823.319,1,8,147.69,1,8,-9900,?,9,-9900,?,9,29.33,E,8,20.51,E,8,59.0,E,8,964.3861999999999,E,8,999.0,E,8,2.82,E,8,-9900,?,9,-9900,?,9,0.0,E,8,-9900,?,9,-9900,?,9,0.0,0.0,E,8
03/22/2013,16:00,751.23,1376.093,509.3,1,8,550.524,1,8,208.968,1,8,61116.0,1,8,52299.75,1,8,22986.497,1,8,121.928,1,8,-9900,?,9,-9900,?,9,29.19,E,8,20.48,E,8,59.0,E,8,964.3861999999999,E,8,999.0,E,8,2.74,E,8,-9900,?,9,-9900,?,9,0.0,E,8,-9900,?,9,-9900,?,9,0.0,0.0,E,8
03/22/2013,17:00,457.995,1376.093,361.64,1,8,500.509,1,8,195.446,1,8,43396.8,1,8,47548.4,1,8,21499.101,1,8,187.359,1,8,-9900,?,9,-9900,?,9,28.63,E,8,20.35,E,8,60.0,E,8,964.3861999999999,E,8,999.0,E,8,2.63,E,8,-9900,?,9,-9900,?,9,0.0,E,8,-9900,?,9,-9900,?,9,0.0,0.0,E,8
03/22/2013,18:00,135.09,1376.093,127.76,1,8,293.84,1,8,99.678,1,8,15331.2,1,8,27914.831,1,8,10964.554,1,8,331.992,1,8,-9900,?,9,-9900,?,9,27.51,E,8,20.09,E,8,63.0,E,8,964.3861999999999,E,8,999.0,E,8,2.49,E,8,-9900,?,9,-9900,?,9,0.0,E,8,-9900,?,9,-9900,?,9,0.0,0.0,E,8
03/22/2013,19:00,0.0,1376.093,0.0,1,8,0.0,1,8,0.0,1,8,0.0,1,8,0.0,1,8,0.0,1,8,-0.0,1,8,-9900,?,9,-9900,?,9,26.66,E,8,19.89,E,8,66.0,E,8,964.3861999999999,E,8,999.0,E,8,1.51,E,8,-9900,?,9,-9900,?,9,0.0,E,8,-9900,?,9,-9900,?,9,0.0,0.0,E,8
03/22/2013,20:00,0.0,1376.093,0.0,1,8,0.0,1,8,0.0,1,8,0.0,1,8,0.0,1,8,0.0,1,8,-0.0,1,8,-9900,?,9,-9900,?,9,25.81,E,8,19.68,E,8,68.0,E,8,964.3861999999999,E,8,999.0,E,8,0.94,E,8,-9900,?,9,-9900,?,9,0.0,E,8,-9900,?,9,-9900,?,9,0.0,0.0,E,8
03/22/2013,21:00,0.0,1376.093,0.0,1,8,0.0,1,8,0.0,1,8,0.0,1,8,0.0,1,8,0.0,1,8,-0.0,1,8,-9900,?,9,-9900,?,9,24.95,E,8,19.48,E,8,71.0,E,8,964.3861999999999,E,8,999.0,E,8,0.81,E,8,-9900,?,9,-9900,?,9,0.0,E,8,-9900,?,9,-9900,?,9,0.0,0.0,E,8
03/22/2013,22:00,0.0,1376.093,0.0,1,8,0.0,1,8,0.0,1,8,0.0,1,8,0.0,1,8,0.0,1,8,-0.0,1,8,-9900,?,9,-9900,?,9,24.1,E,8,19.27,E,8,74.0,E,8,964.3861999999999,E,8,999.0,E,8,0.64,E,8,-9900,?,9,-9900,?,9,0.0,E,8,-9900,?,9,-9900,?,9,0.0,0.0,E,8
03/22/2013,23:00,0.0,1376.093,0.0,1,8,0.0,1,8,0.0,1,8,0.0,1,8,0.0,1,8,0.0,1,8,-0.0,1,8,-9900,?,9,-9900,?,9,23.24,E,8,19.05,E,8,77.0,E,8,964.3861999999999,E,8,999.0,E,8,0.64,E,8,-9900,?,9,-9900,?,9,0.0,E,8,-9900,?,9,-9900,?,9,0.0,0.0,E,8
03/22/2013,24:00,0.0,1376.093,0.0,1,8,0.0,1,8,0.0,1,8,0.0,1,8,0.0,1,8,0.0,1,8,-0.0,1,8,-9900,?,9,-9900,?,9,22.39,E,8,18.81,E,8,77.0,E,8,964.3861999999999,E,8,999.0,E,8,0.52,E,8,-9900,?,9,-9900,?,9,0.0,E,8,-9900,?,9,-9900,?,9,0.0,0.0,E,8
03/23/2013,01:00,0.0,1376.093,0.0,1,8,0.0,1,8,0.0,1,8,0.0,1,8,0.0,1,8,0.0,1,8,-0.0,1,8,-9900,?,9,-9900,?,9,21.96,E,8,18.65,E,8,79.0,E,8,964.3861999999999,E,8,999.0,E,8,0.52,E,8,-9900,?,9,-9900,?,9,0.0,E,8,-9900,?,9,-9900,?,9,0.0,0.0,E,8
03/23/2013,02:00,0.0,1376.093,0.0,1,8,0.0,1,8,0.0,1,8,0.0,1,8,0.0,1,8,0.0,1,8,-0.0,1,8,-9900,?,9,-9900,?,9,21.54,E,8,18.5,E,8,84.0,E,8,964.3861999999999,E,8,999.0,E,8,0.52,E,8,-9900,?,9,-9900,?,9,0.014000000000000002,E,8,-9900,?,9,-9900,?,9,0.14,99.0,E,8
03/23/2013,03:00,0.0,1376.093,0.0,1,8,0.0,1,8,0.0,1,8,0.0,1,8,0.0,1,8,0.0,1,8,-0.0,1,8,-9900,?,9,-9900,?,9,21.11,E,8,18.34,E,8,85.0,E,8,964.3861999999999,E,8,999.0,E,8,0.52,E,8,-9900,?,9,-9900,?,9,0.002,E,8,-9900,?,9,-9900,?,9,0.02,99.0,E,8
03/23/2013,04:00,0.0,1375.292,0.0,1,8,0.0,1,8,0.0,1,8,0.0,1,8,0.0,1,8,0.0,1,8,-0.0,1,8,-9900,?,9,-9900,?,9,20.68,E,8,18.19,E,8,82.0,E,8,964.3861999999999,E,8,999.0,E,8,0.52,E,8,-9900,?,9,-9900,?,9,0.0,E,8,-9900,?,9,-9900,?,9,0.0,0.0,E,8
03/23/2013,05:00,0.0,1375.292,0.0,1,8,0.0,1,8,0.0,1,8,0.0,1,8,0.0,1,8,0.0,1,8,-0.0,1,8,-9900,?,9,-9900,?,9,20.26,E,8,18.03,E,8,83.0,E,8,964.3861999999999,E,8,999.0,E,8,0.52,E,8,-9900,?,9,-9900,?,9,0.0,E,8,-9900,?,9,-9900,?,9,0.0,0.0,E,8
03/23/2013,06:00,0.0,1375.292,0.0,1,8,0.0,1,8,0.0,1,8,0.0,1,8,0.0,1,8,0.0,1,8,-0.0,1,8,-9900,?,9,-9900,?,9,19.93,E,8,17.91,E,8,84.0,E,8,964.3861999999999,E,8,999.0,E,8,0.52,E,8,-9900,?,9,-9900,?,9,0.0,E,8,-9900,?,9,-9900,?,9,0.0,0.0,E,8
03/23/2013,07:00,190.011,1375.292,0.41,1,8,0.0,1,8,0.41,1,8,49.2,1,8,0.0,1,8,45.1,1,8,0.958,1,8,-9900,?,9,-9900,?,9,19.64,E,8,17.8,E,8,85.0,E,8,964.3861999999999,E,8,999.0,E,8,0.52,E,8,-9900,?,9,-9900,?,9,0.0,E,8,-9900,?,9,-9900,?,9,0.0,0.0,E,8
03/23/2013,08:00,509.262,1375.292,113.75,1,8,0.0,1,8,113.75,1,8,13650.0,1,8,0.0,1,8,12512.5,1,8,97.96,1,8,-9900,?,9,-9900,?,9,19.36,E,8,17.69,E,8,86.0,E,8,964.3861999999999,E,8,999.0,E,8,0.52,E,8,-9900,?,9,-9900,?,9,0.0,E,8,-9900,?,9,-9900,?,9,0.0,0.0,E,8
03/23/2013,09:00,794.477,1375.292,277.23,1,8,42.555,1,8,252.661,1,8,33267.6,1,8,4042.762,1,8,27792.715,1,8,139.302,1,8,-9900,?,9,-9900,?,9,23.35,E,8,19.15,E,8,75.0,E,8,964.3861999999999,E,8,999.0,E,8,0.83,E,8,-9900,?,9,-9900,?,9,0.0,E,8,-9900,?,9,-9900,?,9,0.0,0.0,E,8
03/23/2013,10:00,1025.154,1375.292,422.93,1,8,73.618,1,8,368.067,1,8,50751.6,1,8,6993.704,1,8,40487.423,1,8,157.212,1,8,-9900,?,9,-9900,?,9,24.89,E,8,19.68,E,8,71.0,E,8,964.3861999999999,E,8,999.0,E,8,1.51,E,8,-9900,?,9,-9900,?,9,0.0,E,8,-9900,?,9,-9900,?,9,0.0,0.0,E,8
03/23/2013,11:00,1185.4,1375.292,534.69,1,8,90.625,1,8,456.586,1,8,64162.8,1,8,8609.42,1,8,50224.405,1,8,168.635,1,8,-9900,?,9,-9900,?,9,26.24,E,8,20.13,E,8,68.0,E,8,964.3861999999999,E,8,999.0,E,8,2.09,E,8,-9900,?,9,-9900,?,9,0.0,E,8,-9900,?,9,-9900,?,9,0.0,0.0,E,8
03/23/2013,12:00,1264.235,1375.292,603.36,1,8,88.311,1,8,522.184,1,8,72403.2,1,8,8389.577,1,8,57440.278,1,8,180.828,1,8,-9900,?,9,-9900,?,9,27.32,E,8,20.48,E,8,65.0,E,8,964.3861999999999,E,8,999.0,E,8,2.11,E,8,-9900,?,9,-9900,?,9,0.0,E,8,-9900,?,9,-9900,?,9,0.0,0.0,E,8
03/23/2013,13:00,1256.26,1375.292,623.76,1,8,104.165,1,8,528.616,1,8,74851.2,1,8,9895.648,1,8,58147.8,1,8,184.218,1,8,-9900,?,9,-9900,?,9,28.11,E,8,20.73,E,8,68.0,E,8,964.3861999999999,E,8,999.0,E,8,2.11,E,8,-9900,?,9,-9900,?,9,0.001,E,8,-9900,?,9,-9900,?,9,0.01,99.0,E,8
03/23/2013,14:00,1162.011,1375.292,594.35,1,8,152.531,1,8,465.489,1,8,71322.0,1,8,14490.474,1,8,51203.736,1,8,175.386,1,8,-9900,?,9,-9900,?,9,28.6,E,8,20.89,E,8,63.0,E,8,964.3861999999999,E,8,999.0,E,8,2.56,E,8,-9900,?,9,-9900,?,9,0.0,E,8,-9900,?,9,-9900,?,9,0.0,0.0,E,8
03/23/2013,15:00,987.925,1375.292,517.31,1,8,156.126,1,8,405.189,1,8,62077.2,1,8,14831.999,1,8,44570.833,1,8,179.597,1,8,-9900,?,9,-9900,?,9,28.76,E,8,20.94,E,8,62.0,E,8,964.3861999999999,E,8,999.0,E,8,2.53,E,8,-9900,?,9,-9900,?,9,0.0,E,8,-9900,?,9,-9900,?,9,0.0,0.0,E,8
03/23/2013,16:00,745.918,1375.292,398.52,1,8,341.577,1,8,213.389,1,8,47822.4,1,8,32449.784,1,8,23472.805,1,8,125.323,1,8,-9900,?,9,-9900,?,9,28.52,E,8,20.86,E,8,63.0,E,8,964.3861999999999,E,8,999.0,E,8,2.37,E,8,-9900,?,9,-9900,?,9,0.0,E,8,-9900,?,9,-9900,?,9,0.0,0.0,E,8
03/23/2013,17:00,452.685,1375.292,247.98,1,8,384.593,1,8,121.691,1,8,29757.6,1,8,36536.382,1,8,13385.967,1,8,117.962,1,8,-9900,?,9,-9900,?,9,27.81,E,8,20.64,E,8,64.0,E,8,964.3861999999999,E,8,999.0,E,8,1.65,E,8,-9900,?,9,-9900,?,9,0.0,E,8,-9900,?,9,-9900,?,9,0.0,0.0,E,8
03/23/2013,18:00,130.002,1375.292,84.58,1,8,207.89,1,8,65.486,1,8,10149.6,1,8,19749.558,1,8,7203.499,1,8,226.958,1,8,-9900,?,9,-9900,?,9,26.71,E,8,20.28,E,8,71.0,E,8,964.3861999999999,E,8,999.0,E,8,1.99,E,8,-9900,?,9,-9900,?,9,0.001,E,8,-9900,?,9,-9900,?,9,0.01,99.0,E,8
03/23/2013,19:00,0.0,1375.292,0.0,1,8,0.0,1,8,0.0,1,8,0.0,1,8,0.0,1,8,0.0,1,8,-0.0,1,8,-9900,?,9,-9900,?,9,25.9,E,8,20.01,E,8,69.0,E,8,964.3861999999999,E,8,999.0,E,8,1.16,E,8,-9900,?,9,-9900,?,9,0.0,E,8,-9900,?,9,-9900,?,9,0.0,0.0,E,8
03/23/2013,20:00,0.0,1375.292,0.0,1,8,0.0,1,8,0.0,1,8,0.0,1,8,0.0,1,8,0.0,1,8,-0.0,1,8,-9900,?,9,-9900,?,9,25.1,E,8,19.75,E,8,75.0,E,8,964.3861999999999,E,8,999.0,E,8,0.94,E,8,-9900,?,9,-9900,?,9,0.028000000000000004,E,8,-9900,?,9,-9900,?,9,0.28,99.0,E,8
03/23/2013,21:00,0.0,1375.292,0.0,1,8,0.0,1,8,0.0,1,8,0.0,1,8,0.0,1,8,0.0,1,8,-0.0,1,8,-9900,?,9,-9900,?,9,24.3,E,8,19.47,E,8,77.0,E,8,964.3861999999999,E,8,999.0,E,8,1.15,E,8,-9900,?,9,-9900,?,9,0.008,E,8,-9900,?,9,-9900,?,9,0.08,99.0,E,8
03/23/2013,22:00,0.0,1375.292,0.0,1,8,0.0,1,8,0.0,1,8,0.0,1,8,0.0,1,8,0.0,1,8,-0.0,1,8,-9900,?,9,-9900,?,9,23.5,E,8,19.2,E,8,79.0,E,8,964.3861999999999,E,8,999.0,E,8,0.86,E,8,-9900,?,9,-9900,?,9,0.004,E,8,-9900,?,9,-9900,?,9,0.04,99.0,E,8
03/23/2013,23:00,0.0,1375.292,0.0,1,8,0.0,1,8,0.0,1,8,0.0,1,8,0.0,1,8,0.0,1,8,-0.0,1,8,-9900,?,9,-9900,?,9,22.7,E,8,18.92,E,8,90.0,E,8,964.3861999999999,E,8,999.0,E,8,1.78,E,8,-9900,?,9,-9900,?,9,0.542,E,8,-9900,?,9,-9900,?,9,5.42,99.0,E,8
03/23/2013,24:00,0.0,1375.292,0.0,1,8,0.0,1,8,0.0,1,8,0.0,1,8,0.0,1,8,0.0,1,8,-0.0,1,8,-9900,?,9,-9900,?,9,21.9,E,8,18.37,E,8,80.0,E,8,964.3861999999999,E,8,999.0,E,8,3.22,E,8,-9900,?,9,-9900,?,9,0.0,E,8,-9900,?,9,-9900,?,9,0.0,0.0,E,8
03/24/2013,01:00,0.0,1375.292,0.0,1,8,0.0,1,8,0.0,1,8,0.0,1,8,0.0,1,8,0.0,1,8,-0.0,1,8,-9900,?,9,-9900,?,9,21.5,E,8,18.23,E,8,81.0,E,8,964.3861999999999,E,8,999.0,E,8,3.92,E,8,-9900,?,9,-9900,?,9,0.0,E,8,-9900,?,9,-9900,?,9,0.0,0.0,E,8
03/24/2013,02:00,0.0,1375.292,0.0,1,8,0.0,1,8,0.0,1,8,0.0,1,8,0.0,1,8,0.0,1,8,-0.0,1,8,-9900,?,9,-9900,?,9,21.1,E,8,18.08,E,8,82.0,E,8,964.3861999999999,E,8,999.0,E,8,4.46,E,8,-9900,?,9,-9900,?,9,0.0,E,8,-9900,?,9,-9900,?,9,0.0,0.0,E,8
03/24/2013,03:00,0.0,1375.292,0.0,1,8,0.0,1,8,0.0,1,8,0.0,1,8,0.0,1,8,0.0,1,8,-0.0,1,8,-9900,?,9,-9900,?,9,20.7,E,8,17.94,E,8,84.0,E,8,964.3861999999999,E,8,999.0,E,8,4.09,E,8,-9900,?,9,-9900,?,9,0.0,E,8,-9900,?,9,-9900,?,9,0.0,0.0,E,8
03/24/2013,04:00,0.0,1374.489,0.0,1,8,0.0,1,8,0.0,1,8,0.0,1,8,0.0,1,8,0.0,1,8,-0.0,1,8,-9900,?,9,-9900,?,9,20.3,E,8,17.79,E,8,85.0,E,8,964.3861999999999,E,8,999.0,E,8,3.32,E,8,-9900,?,9,-9900,?,9,0.0,E,8,-9900,?,9,-9900,?,9,0.0,0.0,E,8
03/24/2013,05:00,0.0,1374.489,0.0,1,8,0.0,1,8,0.0,1,8,0.0,1,8,0.0,1,8,0.0,1,8,-0.0,1,8,-9900,?,9,-9900,?,9,19.9,E,8,17.65,E,8,86.0,E,8,964.3861999999999,E,8,999.0,E,8,2.1,E,8,-9900,?,9,-9900,?,9,0.0,E,8,-9900,?,9,-9900,?,9,0.0,0.0,E,8
03/24/2013,06:00,0.0,1374.489,0.0,1,8,0.0,1,8,0.0,1,8,0.0,1,8,0.0,1,8,0.0,1,8,-0.0,1,8,-9900,?,9,-9900,?,9,19.59,E,8,17.53,E,8,87.0,E,8,964.3861999999999,E,8,999.0,E,8,2.05,E,8,-9900,?,9,-9900,?,9,0.0,E,8,-9900,?,9,-9900,?,9,0.0,0.0,E,8
03/24/2013,07:00,188.137,1374.489,0.42,1,8,0.0,1,8,0.42,1,8,50.4,1,8,0.0,1,8,46.2,1,8,0.991,1,8,-9900,?,9,-9900,?,9,19.32,E,8,17.43,E,8,88.0,E,8,964.3861999999999,E,8,999.0,E,8,2.34,E,8,-9900,?,9,-9900,?,9,0.0,E,8,-9900,?,9,-9900,?,9,0.0,0.0,E,8
03/24/2013,08:00,507.01,1374.489,133.01,1,8,10.203,1,8,129.253,1,8,15961.2,1,8,969.25,1,8,14217.883,1,8,111.743,1,8,-9900,?,9,-9900,?,9,19.06,E,8,17.34,E,8,89.0,E,8,964.3861999999999,E,8,999.0,E,8,2.97,E,8,-9900,?,9,-9900,?,9,0.0,E,8,-9900,?,9,-9900,?,9,0.0,0.0,E,8
03/24/2013,09:00,791.783,1374.489,222.01,1,8,16.171,1,8,212.7,1,8,26641.2,1,8,1536.239,1,8,23397.015,1,8,117.601,1,8,-9900,?,9,-9900,?,9,22.61,E,8,18.62,E,8,78.0,E,8,964.3861999999999,E,8,999.0,E,8,4.24,E,8,-9900,?,9,-9900,?,9,0.0,E,8,-9900,?,9,-9900,?,9,0.0,0.0,E,8
03/24/2013,10:00,1021.968,1374.489,372.02,1,8,42.749,1,8,340.243,1,8,44642.4,1,8,4061.125,1,8,37426.709,1,8,145.696,1,8,-9900,?,9,-9900,?,9,23.91,E,8,19.06,E,8,74.0,E,8,964.3861999999999,E,8,999.0,E,8,3.73,E,8,-9900,?,9,-9900,?,9,0.0,E,8,-9900,?,9,-9900,?,9,0.0,0.0,E,8
03/24/2013,11:00,1181.706,1374.489,572.36,1,8,170.286,1,8,425.974,1,8,68683.2,1,8,16177.128,1,8,46857.086,1,8,157.728,1,8,-9900,?,9,-9900,?,9,25.56,E,8,19.61,E,8,69.0,E,8,964.3861999999999,E,8,999.0,E,8,5.57,E,8,-9900,?,9,-9900,?,9,0.0,E,8,-9900,?,9,-9900,?,9,0.0,0.0,E,8
03/24/2013,12:00,1260.052,1374.489,607.57,1,8,152.246,1,8,468.008,1,8,72908.4,1,8,14463.344,1,8,51480.854,1,8,162.51,1,8,-9900,?,9,-9900,?,9,26.69,E,8,19.98,E,8,66.0,E,8,964.3861999999999,E,8,999.0,E,8,5.47,E,8,-9900,?,9,-9900,?,9,0.0,E,8,-9900,?,9,-9900,?,9,0.0,0.0,E,8
03/24/2013,13:00,1251.64,1374.489,432.11,1,8,55.275,1,8,381.778,1,8,51853.2,1,8,5251.162,1,8,41995.589,1,8,133.459,1,8,-9900,?,9,-9900,?,9,26.86,E,8,20.03,E,8,66.0,E,8,964.3861999999999,E,8,999.0,E,8,6.18,E,8,-9900,?,9,-9900,?,9,0.0,E,8,-9900,?,9,-9900,?,9,0.0,0.0,E,8
03/24/2013,14:00,1157.037,1374.489,594.33,1,8,244.192,1,8,388.795,1,8,71319.6,1,8,23198.269,1,8,42767.482,1,8,147.034,1,8,-9900,?,9,-9900,?,9,27.45,E,8,20.22,E,8,64.0,E,8,964.3861999999999,E,8,999.0,E,8,6.43,E,8,-9900,?,9,-9900,?,9,0.0,E,8,-9900,?,9,-9900,?,9,0.0,0.0,E,8
03/24/2013,15:00,982.703,1374.489,796.26,1,8,679.397,1,8,310.656,1,8,95551.2,1,8,64542.683,1,8,34172.162,1,8,138.347,1,8,-9900,?,9,-9900,?,9,28.39,E,8,20.52,E,8,62.0,E,8,964.3861999999999,E,8,999.0,E,8,6.97,E,8,-9900,?,9,-9900,?,9,0.0,E,8,-9900,?,9,-9900,?,9,0.0,0.0,E,8
03/24/2013,16:00,740.573,1374.489,680.85,1,8,781.502,1,8,260.079,1,8,81702.0,1,8,74242.724,1,8,28608.68,1,8,153.759,1,8,-9900,?,9,-9900,?,9,28.87,E,8,20.66,E,8,61.0,E,8,964.3861999999999,E,8,999.0,E,8,7.41,E,8,-9900,?,9,-9900,?,9,0.0,E,8,-9900,?,9,-9900,?,9,0.0,0.0,E,8
03/24/2013,17:00,447.357,1374.489,418.91,1,8,706.309,1,8,189.588,1,8,50269.2,1,8,67099.322,1,8,20854.707,1,8,185.871,1,8,-9900,?,9,-9900,?,9,28.62,E,8,20.59,E,8,61.0,E,8,964.3861999999999,E,8,999.0,E,8,7.21,E,8,-9900,?,9,-9900,?,9,0.0,E,8,-9900,?,9,-9900,?,9,0.0,0.0,E,8
03/24/2013,18:00,124.919,1374.489,207.09,1,8,277.128,1,8,182.671,1,8,24850.8,1,8,26327.118,1,8,20093.811,1,8,659.89,1,8,-9900,?,9,-9900,?,9,27.77,E,8,20.32,E,8,63.0,E,8,964.3861999999999,E,8,999.0,E,8,6.12,E,8,-9900,?,9,-9900,?,9,0.0,E,8,-9900,?,9,-9900,?,9,0.0,0.0,E,8
03/24/2013,19:00,0.0,1374.489,0.0,1,8,0.0,1,8,0.0,1,8,0.0,1,8,0.0,1,8,0.0,1,8,-0.0,1,8,-9900,?,9,-9900,?,9,26.86,E,8,20.03,E,8,66.0,E,8,964.3861999999999,E,8,999.0,E,8,3.95,E,8,-9900,?,9,-9900,?,9,0.0,E,8,-9900,?,9,-9900,?,9,0.0,0.0,E,8
03/24/2013,20:00,0.0,1374.489,0.0,1,8,0.0,1,8,0.0,1,8,0.0,1,8,0.0,1,8,0.0,1,8,-0.0,1,8,-9900,?,9,-9900,?,9,25.94,E,8,19.74,E,8,68.0,E,8,964.3861999999999,E,8,999.0,E,8,4.09,E,8,-9900,?,9,-9900,?,9,0.0,E,8,-9900,?,9,-9900,?,9,0.0,0.0,E,8
03/24/2013,21:00,0.0,1374.489,0.0,1,8,0.0,1,8,0.0,1,8,0.0,1,8,0.0,1,8,0.0,1,8,-0.0,1,8,-9900,?,9,-9900,?,9,25.03,E,8,19.44,E,8,71.0,E,8,964.3861999999999,E,8,999.0,E,8,4.57,E,8,-9900,?,9,-9900,?,9,0.0,E,8,-9900,?,9,-9900,?,9,0.0,0.0,E,8
03/24/2013,22:00,0.0,1374.489,0.0,1,8,0.0,1,8,0.0,1,8,0.0,1,8,0.0,1,8,0.0,1,8,-0.0,1,8,-9900,?,9,-9900,?,9,24.11,E,8,19.13,E,8,73.0,E,8,964.3861999999999,E,8,999.0,E,8,3.26,E,8,-9900,?,9,-9900,?,9,0.0,E,8,-9900,?,9,-9900,?,9,0.0,0.0,E,8
03/24/2013,23:00,0.0,1374.489,0.0,1,8,0.0,1,8,0.0,1,8,0.0,1,8,0.0,1,8,0.0,1,8,-0.0,1,8,-9900,?,9,-9900,?,9,23.2,E,8,18.82,E,8,76.0,E,8,964.3861999999999,E,8,999.0,E,8,3.89,E,8,-9900,?,9,-9900,?,9,0.0,E,8,-9900,?,9,-9900,?,9,0.0,0.0,E,8
03/24/2013,24:00,0.0,1374.489,0.0,1,8,0.0,1,8,0.0,1,8,0.0,1,8,0.0,1,8,0.0,1,8,-0.0,1,8,-9900,?,9,-9900,?,9,22.28,E,8,17.08,E,8,72.0,E,8,964.3861999999999,E,8,999.0,E,8,10.6,E,8,-9900,?,9,-9900,?,9,0.0,E,8,-9900,?,9,-9900,?,9,0.0,0.0,E,8
03/25/2013,01:00,0.0,1374.489,0.0,1,8,0.0,1,8,0.0,1,8,0.0,1,8,0.0,1,8,0.0,1,8,-0.0,1,8,-9900,?,9,-9900,?,9,21.83,E,8,17.12,E,8,74.0,E,8,964.3861999999999,E,8,999.0,E,8,7.81,E,8,-9900,?,9,-9900,?,9,0.0,E,8,-9900,?,9,-9900,?,9,0.0,0.0,E,8
03/25/2013,02:00,0.0,1374.489,0.0,1,8,0.0,1,8,0.0,1,8,0.0,1,8,0.0,1,8,0.0,1,8,-0.0,1,8,-9900,?,9,-9900,?,9,21.37,E,8,17.15,E,8,76.0,E,8,964.3861999999999,E,8,999.0,E,8,7.26,E,8,-9900,?,9,-9900,?,9,0.0,E,8,-9900,?,9,-9900,?,9,0.0,0.0,E,8
03/25/2013,03:00,0.0,1374.489,0.0,1,8,0.0,1,8,0.0,1,8,0.0,1,8,0.0,1,8,0.0,1,8,-0.0,1,8,-9900,?,9,-9900,?,9,20.91,E,8,17.18,E,8,79.0,E,8,964.3861999999999,E,8,999.0,E,8,3.35,E,8,-9900,?,9,-9900,?,9,0.0,E,8,-9900,?,9,-9900,?,9,0.0,0.0,E,8
03/25/2013,04:00,0.0,1373.685,0.0,1,8,0.0,1,8,0.0,1,8,0.0,1,8,0.0,1,8,0.0,1,8,-0.0,1,8,-9900,?,9,-9900,?,9,20.45,E,8,17.22,E,8,81.0,E,8,964.3861999999999,E,8,999.0,E,8,3.35,E,8,-9900,?,9,-9900,?,9,0.0,E,8,-9900,?,9,-9900,?,9,0.0,0.0,E,8
03/25/2013,05:00,0.0,1373.685,0.0,1,8,0.0,1,8,0.0,1,8,0.0,1,8,0.0,1,8,0.0,1,8,-0.0,1,8,-9900,?,9,-9900,?,9,20.0,E,8,17.25,E,8,84.0,E,8,964.3861999999999,E,8,999.0,E,8,3.35,E,8,-9900,?,9,-9900,?,9,0.0,E,8,-9900,?,9,-9900,?,9,0.0,0.0,E,8
03/25/2013,06:00,0.0,1373.685,0.0,1,8,0.0,1,8,0.0,1,8,0.0,1,8,0.0,1,8,0.0,1,8,-0.0,1,8,-9900,?,9,-9900,?,9,19.64,E,8,17.28,E,8,86.0,E,8,964.3861999999999,E,8,999.0,E,8,3.35,E,8,-9900,?,9,-9900,?,9,0.0,E,8,-9900,?,9,-9900,?,9,0.0,0.0,E,8
03/25/2013,07:00,186.266,1373.685,0.52,1,8,0.0,1,8,0.52,1,8,62.4,1,8,0.0,1,8,57.2,1,8,1.239,1,8,-9900,?,9,-9900,?,9,19.34,E,8,17.3,E,8,87.0,E,8,964.3861999999999,E,8,999.0,E,8,3.35,E,8,-9900,?,9,-9900,?,9,0.0,E,8,-9900,?,9,-9900,?,9,0.0,0.0,E,8
03/25/2013,08:00,504.745,1373.685,156.39,1,8,43.871,1,8,140.3,1,8,18766.8,1,8,4167.765,1,8,15433.0,1,8,121.768,1,8,-9900,?,9,-9900,?,9,19.04,E,8,17.32,E,8,89.0,E,8,964.3861999999999,E,8,999.0,E,8,3.35,E,8,-9900,?,9,-9900,?,9,0.0,E,8,-9900,?,9,-9900,?,9,0.0,0.0,E,8
03/25/2013,09:00,789.061,1373.685,397.16,1,8,237.418,1,8,260.866,1,8,47659.2,1,8,22554.677,1,8,28695.216,1,8,144.644,1,8,-9900,?,9,-9900,?,9,23.52,E,8,16.99,E,8,66.0,E,8,964.3861999999999,E,8,999.0,E,8,3.35,E,8,-9900,?,9,-9900,?,9,0.0,E,8,-9900,?,9,-9900,?,9,0.0,0.0,E,8
03/25/2013,10:00,1018.743,1373.685,609.64,1,8,401.883,1,8,311.67,1,8,73156.8,1,8,38178.919,1,8,34283.655,1,8,133.805,1,8,-9900,?,9,-9900,?,9,25.31,E,8,16.86,E,8,59.0,E,8,964.3861999999999,E,8,999.0,E,8,3.35,E,8,-9900,?,9,-9900,?,9,0.0,E,8,-9900,?,9,-9900,?,9,0.0,0.0,E,8
03/25/2013,11:00,1177.965,1373.685,761.93,1,8,465.051,1,8,363.181,1,8,91431.6,1,8,44179.816,1,8,39949.916,1,8,134.826,1,8,-9900,?,9,-9900,?,9,26.83,E,8,16.74,E,8,53.0,E,8,964.3861999999999,E,8,999.0,E,8,3.35,E,8,-9900,?,9,-9900,?,9,0.0,E,8,-9900,?,9,-9900,?,9,0.0,0.0,E,8
03/25/2013,12:00,1255.816,1373.685,840.15,1,8,511.948,1,8,372.157,1,8,100818.0,1,8,48635.026,1,8,40937.254,1,8,129.587,1,8,-9900,?,9,-9900,?,9,27.99,E,8,16.65,E,8,50.0,E,8,964.3861999999999,E,8,999.0,E,8,3.35,E,8,-9900,?,9,-9900,?,9,0.0,E,8,-9900,?,9,-9900,?,9,0.0,0.0,E,8
03/25/2013,13:00,1246.967,1373.685,860.96,1,8,560.91,1,8,351.824,1,8,103315.2,1,8,53286.423,1,8,38700.68,1,8,123.377,1,8,-9900,?,9,-9900,?,9,28.82,E,8,16.59,E,8,47.0,E,8,964.3861999999999,E,8,999.0,E,8,3.35,E,8,-9900,?,9,-9900,?,9,0.0,E,8,-9900,?,9,-9900,?,9,0.0,0.0,E,8
03/25/2013,14:00,1152.013,1373.685,823.53,1,8,677.031,1,8,255.822,1,8,98823.6,1,8,64317.902,1,8,28140.466,1,8,97.112,1,8,-9900,?,9,-9900,?,9,29.33,E,8,16.55,E,8,46.0,E,8,964.3861999999999,E,8,999.0,E,8,3.35,E,8,-9900,?,9,-9900,?,9,0.0,E,8,-9900,?,9,-9900,?,9,0.0,0.0,E,8
03/25/2013,15:00,977.44,1373.685,717.03,1,8,803.143,1,8,145.721,1,8,86043.6,1,8,76298.556,1,8,16029.271,1,8,65.207,1,8,-9900,?,9,-9900,?,9,29.49,E,8,16.54,E,8,45.0,E,8,964.3861999999999,E,8,999.0,E,8,3.35,E,8,-9900,?,9,-9900,?,9,0.0,E,8,-9900,?,9,-9900,?,9,0.0,0.0,E,8
03/25/2013,16:00,735.2,1373.685,557.7,1,8,684.013,1,8,191.881,1,8,66924.0,1,8,64981.278,1,8,21106.923,1,8,114.204,1,8,-9900,?,9,-9900,?,9,29.22,E,8,16.56,E,8,46.0,E,8,964.3861999999999,E,8,999.0,E,8,3.35,E,8,-9900,?,9,-9900,?,9,0.0,E,8,-9900,?,9,-9900,?,9,0.0,0.0,E,8
03/25/2013,17:00,442.015,1373.685,344.33,1,8,678.166,1,8,126.661,1,8,41319.6,1,8,64425.772,1,8,13932.704,1,8,125.612,1,8,-9900,?,9,-9900,?,9,28.42,E,8,16.62,E,8,48.0,E,8,964.3861999999999,E,8,999.0,E,8,3.35,E,8,-9900,?,9,-9900,?,9,0.0,E,8,-9900,?,9,-9900,?,9,0.0,0.0,E,8
03/25/2013,18:00,119.844,1373.685,112.4,1,8,294.838,1,8,87.521,1,8,13488.0,1,8,28009.618,1,8,9627.333,1,8,330.155,1,8,-9900,?,9,-9900,?,9,27.18,E,8,16.71,E,8,52.0,E,8,964.3861999999999,E,8,999.0,E,8,3.35,E,8,-9900,?,9,-9900,?,9,0.0,E,8,-9900,?,9,-9900,?,9,0.0,0.0,E,8
03/25/2013,19:00,0.0,1373.685,0.0,1,8,0.0,1,8,0.0,1,8,0.0,1,8,0.0,1,8,0.0,1,8,-0.0,1,8,-9900,?,9,-9900,?,9,26.22,E,8,16.79,E,8,56.0,E,8,964.3861999999999,E,8,999.0,E,8,3.35,E,8,-9900,?,9,-9900,?,9,0.0,E,8,-9900,?,9,-9900,?,9,0.0,0.0,E,8
03/25/2013,20:00,0.0,1373.685,0.0,1,8,0.0,1,8,0.0,1,8,0.0,1,8,0.0,1,8,0.0,1,8,-0.0,1,8,-9900,?,9,-9900,?,9,25.25,E,8,16.86,E,8,59.0,E,8,964.3861999999999,E,8,999.0,E,8,3.35,E,8,-9900,?,9,-9900,?,9,0.0,E,8,-9900,?,9,-9900,?,9,0.0,0.0,E,8
03/25/2013,21:00,0.0,1373.685,0.0,1,8,0.0,1,8,0.0,1,8,0.0,1,8,0.0,1,8,0.0,1,8,-0.0,1,8,-9900,?,9,-9900,?,9,24.29,E,8,16.93,E,8,63.0,E,8,964.3861999999999,E,8,999.0,E,8,3.35,E,8,-9900,?,9,-9900,?,9,0.0,E,8,-9900,?,9,-9900,?,9,0.0,0.0,E,8
03/25/2013,22:00,0.0,1373.685,0.0,1,8,0.0,1,8,0.0,1,8,0.0,1,8,0.0,1,8,0.0,1,8,-0.0,1,8,-9900,?,9,-9900,?,9,23.33,E,8,17.0,E,8,67.0,E,8,964.3861999999999,E,8,999.0,E,8,3.35,E,8,-9900,?,9,-9900,?,9,0.0,E,8,-9900,?,9,-9900,?,9,0.0,0.0,E,8
03/25/2013,23:00,0.0,1373.685,0.0,1,8,0.0,1,8,0.0,1,8,0.0,1,8,0.0,1,8,0.0,1,8,-0.0,1,8,-9900,?,9,-9900,?,9,22.36,E,8,17.08,E,8,72.0,E,8,964.3861999999999,E,8,999.0,E,8,3.35,E,8,-9900,?,9,-9900,?,9,0.0,E,8,-9900,?,9,-9900,?,9,0.0,0.0,E,8
03/25/2013,24:00,0.0,1373.685,0.0,1,8,0.0,1,8,0.0,1,8,0.0,1,8,0.0,1,8,0.0,1,8,-0.0,1,8,-9900,?,9,-9900,?,9,21.4,E,8,16.63,E,8,74.0,E,8,964.3861999999999,E,8,999.0,E,8,1.26,E,8,-9900,?,9,-9900,?,9,0.0,E,8,-9900,?,9,-9900,?,9,0.0,0.0,E,8
03/26/2013,01:00,0.0,1373.685,0.0,1,8,0.0,1,8,0.0,1,8,0.0,1,8,0.0,1,8,0.0,1,8,-0.0,1,8,-9900,?,9,-9900,?,9,20.91,E,8,16.52,E,8,75.0,E,8,964.3861999999999,E,8,999.0,E,8,1.26,E,8,-9900,?,9,-9900,?,9,0.0,E,8,-9900,?,9,-9900,?,9,0.0,0.0,E,8
03/26/2013,02:00,0.0,1373.685,0.0,1,8,0.0,1,8,0.0,1,8,0.0,1,8,0.0,1,8,0.0,1,8,-0.0,1,8,-9900,?,9,-9900,?,9,20.43,E,8,16.4,E,8,77.0,E,8,964.3861999999999,E,8,999.0,E,8,1.26,E,8,-9900,?,9,-9900,?,9,0.0,E,8,-9900,?,9,-9900,?,9,0.0,0.0,E,8
03/26/2013,03:00,0.0,1373.685,0.0,1,8,0.0,1,8,0.0,1,8,0.0,1,8,0.0,1,8,0.0,1,8,-0.0,1,8,-9900,?,9,-9900,?,9,19.95,E,8,16.29,E,8,79.0,E,8,964.3861999999999,E,8,999.0,E,8,1.26,E,8,-9900,?,9,-9900,?,9,0.0,E,8,-9900,?,9,-9900,?,9,0.0,0.0,E,8
03/26/2013,04:00,0.0,1372.879,0.0,1,8,0.0,1,8,0.0,1,8,0.0,1,8,0.0,1,8,0.0,1,8,-0.0,1,8,-9900,?,9,-9900,?,9,19.47,E,8,16.18,E,8,81.0,E,8,964.3861999999999,E,8,999.0,E,8,1.26,E,8,-9900,?,9,-9900,?,9,0.0,E,8,-9900,?,9,-9900,?,9,0.0,0.0,E,8
03/26/2013,05:00,0.0,1372.879,0.0,1,8,0.0,1,8,0.0,1,8,0.0,1,8,0.0,1,8,0.0,1,8,-0.0,1,8,-9900,?,9,-9900,?,9,18.99,E,8,16.06,E,8,83.0,E,8,964.3861999999999,E,8,999.0,E,8,1.26,E,8,-9900,?,9,-9900,?,9,0.0,E,8,-9900,?,9,-9900,?,9,0.0,0.0,E,8
03/26/2013,06:00,0.0,1372.879,0.0,1,8,0.0,1,8,0.0,1,8,0.0,1,8,0.0,1,8,0.0,1,8,-0.0,1,8,-9900,?,9,-9900,?,9,18.61,E,8,15.97,E,8,84.0,E,8,964.3861999999999,E,8,999.0,E,8,1.26,E,8,-9900,?,9,-9900,?,9,0.0,E,8,-9900,?,9,-9900,?,9,0.0,0.0,E,8
03/26/2013,07:00,184.397,1372.879,0.58,1,8,0.0,1,8,0.58,1,8,69.6,1,8,0.0,1,8,63.8,1,8,1.395,1,8,-9900,?,9,-9900,?,9,18.29,E,8,15.9,E,8,85.0,E,8,964.3861999999999,E,8,999.0,E,8,1.26,E,8,-9900,?,9,-9900,?,9,0.0,E,8,-9900,?,9,-9900,?,9,0.0,0.0,E,8
03/26/2013,08:00,502.467,1372.879,175.01,1,8,63.01,1,8,151.992,1,8,21001.2,1,8,5985.925,1,8,16719.126,1,8,132.438,1,8,-9900,?,9,-9900,?,9,17.98,E,8,15.82,E,8,87.0,E,8,964.3861999999999,E,8,999.0,E,8,1.26,E,8,-9900,?,9,-9900,?,9,0.0,E,8,-9900,?,9,-9900,?,9,0.0,0.0,E,8
03/26/2013,09:00,786.311,1372.879,430.91,1,8,329.965,1,8,242.037,1,8,51709.2,1,8,31346.639,1,8,26624.12,1,8,134.596,1,8,-9900,?,9,-9900,?,9,22.91,E,8,16.97,E,8,69.0,E,8,964.3861999999999,E,8,999.0,E,8,1.26,E,8,-9900,?,9,-9900,?,9,0.0,E,8,-9900,?,9,-9900,?,9,0.0,0.0,E,8
03/26/2013,10:00,1015.478,1372.879,659.97,1,8,560.517,1,8,245.473,1,8,79196.4,1,8,53249.088,1,8,27002.043,1,8,105.663,1,8,-9900,?,9,-9900,?,9,24.85,E,8,17.4,E,8,63.0,E,8,964.3861999999999,E,8,999.0,E,8,1.26,E,8,-9900,?,9,-9900,?,9,0.0,E,8,-9900,?,9,-9900,?,9,0.0,0.0,E,8
03/26/2013,11:00,1174.175,1372.879,837.16,1,8,648.67,1,8,282.435,1,8,100459.2,1,8,61623.614,1,8,31067.881,1,8,105.127,1,8,-9900,?,9,-9900,?,9,26.54,E,8,17.77,E,8,58.0,E,8,964.3861999999999,E,8,999.0,E,8,1.26,E,8,-9900,?,9,-9900,?,9,0.0,E,8,-9900,?,9,-9900,?,9,0.0,0.0,E,8
03/26/2013,12:00,1251.529,1372.879,947.14,1,8,810.05,1,8,208.735,1,8,113656.8,1,8,76954.746,1,8,22960.837,1,8,72.889,1,8,-9900,?,9,-9900,?,9,27.91,E,8,18.06,E,8,55.0,E,8,964.3861999999999,E,8,999.0,E,8,1.26,E,8,-9900,?,9,-9900,?,9,0.0,E,8,-9900,?,9,-9900,?,9,0.0,0.0,E,8
03/26/2013,13:00,1242.243,1372.879,981.66,1,8,907.435,1,8,160.625,1,8,117799.2,1,8,86206.296,1,8,17668.796,1,8,56.509,1,8,-9900,?,9,-9900,?,9,28.92,E,8,18.28,E,8,52.0,E,8,964.3861999999999,E,8,999.0,E,8,1.26,E,8,-9900,?,9,-9900,?,9,0.0,E,8,-9900,?,9,-9900,?,9,0.0,0.0,E,8
03/26/2013,14:00,1146.943,1372.879,941.75,1,8,779.205,1,8,290.862,1,8,113010.0,1,8,74024.482,1,8,31994.823,1,8,110.836,1,8,-9900,?,9,-9900,?,9,29.55,E,8,18.41,E,8,51.0,E,8,964.3861999999999,E,8,999.0,E,8,1.26,E,8,-9900,?,9,-9900,?,9,0.0,E,8,-9900,?,9,-9900,?,9,0.0,0.0,E,8
03/26/2013,15:00,972.14,1372.879,820.4,1,8,839.378,1,8,226.207,1,8,98448.0,1,8,79740.934,1,8,24882.803,1,8,101.716,1,8,-9900,?,9,-9900,?,9,29.77,E,8,18.45,E,8,50.0,E,8,964.3861999999999,E,8,999.0,E,8,1.26,E,8,-9900,?,9,-9900,?,9,0.0,E,8,-9900,?,9,-9900,?,9,0.0,0.0,E,8
03/26/2013,16:00,729.801,1372.879,633.27,1,8,844.631,1,8,184.611,1,8,75992.4,1,8,80239.937,1,8,20307.208,1,8,110.626,1,8,-9900,?,9,-9900,?,9,29.49,E,8,18.4,E,8,51.0,E,8,964.3861999999999,E,8,999.0,E,8,1.26,E,8,-9900,?,9,-9900,?,9,0.0,E,8,-9900,?,9,-9900,?,9,0.0,0.0,E,8
03/26/2013,17:00,436.662,1372.879,394.51,1,8,722.006,1,8,165.456,1,8,47341.2,1,8,68590.577,1,8,18200.213,1,8,166.011,1,8,-9900,?,9,-9900,?,9,28.61,E,8,18.21,E,8,53.0,E,8,964.3861999999999,E,8,999.0,E,8,1.26,E,8,-9900,?,9,-9900,?,9,0.0,E,8,-9900,?,9,-9900,?,9,0.0,0.0,E,8
03/26/2013,18:00,114.782,1372.879,131.46,1,8,260.851,1,8,110.423,1,8,15775.2,1,8,24780.879,1,8,12146.539,1,8,435.834,1,8,-9900,?,9,-9900,?,9,27.22,E,8,17.92,E,8,56.0,E,8,964.3861999999999,E,8,999.0,E,8,1.26,E,8,-9900,?,9,-9900,?,9,0.0,E,8,-9900,?,9,-9900,?,9,0.0,0.0,E,8
03/26/2013,19:00,0.0,1372.879,0.0,1,8,0.0,1,8,0.0,1,8,0.0,1,8,0.0,1,8,0.0,1,8,-0.0,1,8,-9900,?,9,-9900,?,9,26.23,E,8,17.7,E,8,59.0,E,8,964.3861999999999,E,8,999.0,E,8,1.26,E,8,-9900,?,9,-9900,?,9,0.0,E,8,-9900,?,9,-9900,?,9,0.0,0.0,E,8
03/26/2013,20:00,0.0,1372.879,0.0,1,8,0.0,1,8,0.0,1,8,0.0,1,8,0.0,1,8,0.0,1,8,-0.0,1,8,-9900,?,9,-9900,?,9,25.24,E,8,17.49,E,8,62.0,E,8,964.3861999999999,E,8,999.0,E,8,1.26,E,8,-9900,?,9,-9900,?,9,0.0,E,8,-9900,?,9,-9900,?,9,0.0,0.0,E,8
03/26/2013,21:00,0.0,1372.879,0.0,1,8,0.0,1,8,0.0,1,8,0.0,1,8,0.0,1,8,0.0,1,8,-0.0,1,8,-9900,?,9,-9900,?,9,24.24,E,8,17.27,E,8,65.0,E,8,964.3861999999999,E,8,999.0,E,8,1.26,E,8,-9900,?,9,-9900,?,9,0.0,E,8,-9900,?,9,-9900,?,9,0.0,0.0,E,8
03/26/2013,22:00,0.0,1372.879,0.0,1,8,0.0,1,8,0.0,1,8,0.0,1,8,0.0,1,8,0.0,1,8,-0.0,1,8,-9900,?,9,-9900,?,9,23.25,E,8,17.05,E,8,68.0,E,8,964.3861999999999,E,8,999.0,E,8,1.26,E,8,-9900,?,9,-9900,?,9,0.0,E,8,-9900,?,9,-9900,?,9,0.0,0.0,E,8
03/26/2013,23:00,0.0,1372.879,0.0,1,8,0.0,1,8,0.0,1,8,0.0,1,8,0.0,1,8,0.0,1,8,-0.0,1,8,-9900,?,9,-9900,?,9,22.26,E,8,16.82,E,8,71.0,E,8,964.3861999999999,E,8,999.0,E,8,1.26,E,8,-9900,?,9,-9900,?,9,0.0,E,8,-9900,?,9,-9900,?,9,0.0,0.0,E,8
03/26/2013,24:00,0.0,1372.879,0.0,1,8,0.0,1,8,0.0,1,8,0.0,1,8,0.0,1,8,0.0,1,8,-0.0,1,8,-9900,?,9,-9900,?,9,21.27,E,8,16.98,E,8,76.0,E,8,964.3861999999999,E,8,999.0,E,8,1.26,E,8,-9900,?,9,-9900,?,9,0.0,E,8,-9900,?,9,-9900,?,9,0.0,0.0,E,8
03/27/2013,01:00,0.0,1372.879,0.0,1,8,0.0,1,8,0.0,1,8,0.0,1,8,0.0,1,8,0.0,1,8,-0.0,1,8,-9900,?,9,-9900,?,9,20.77,E,8,16.8,E,8,78.0,E,8,964.3861999999999,E,8,999.0,E,8,1.26,E,8,-9900,?,9,-9900,?,9,0.0,E,8,-9900,?,9,-9900,?,9,0.0,0.0,E,8
03/27/2013,02:00,0.0,1372.879,0.0,1,8,0.0,1,8,0.0,1,8,0.0,1,8,0.0,1,8,0.0,1,8,-0.0,1,8,-9900,?,9,-9900,?,9,20.27,E,8,16.62,E,8,79.0,E,8,964.3861999999999,E,8,999.0,E,8,1.26,E,8,-9900,?,9,-9900,?,9,0.0,E,8,-9900,?,9,-9900,?,9,0.0,0.0,E,8
03/27/2013,03:00,0.0,1372.879,0.0,1,8,0.0,1,8,0.0,1,8,0.0,1,8,0.0,1,8,0.0,1,8,-0.0,1,8,-9900,?,9,-9900,?,9,19.78,E,8,16.43,E,8,81.0,E,8,964.3861999999999,E,8,999.0,E,8,1.26,E,8,-9900,?,9,-9900,?,9,0.0,E,8,-9900,?,9,-9900,?,9,0.0,0.0,E,8
03/27/2013,04:00,0.0,1372.072,0.0,1,8,0.0,1,8,0.0,1,8,0.0,1,8,0.0,1,8,0.0,1,8,-0.0,1,8,-9900,?,9,-9900,?,9,19.28,E,8,16.24,E,8,82.0,E,8,964.3861999999999,E,8,999.0,E,8,1.26,E,8,-9900,?,9,-9900,?,9,0.0,E,8,-9900,?,9,-9900,?,9,0.0,0.0,E,8
03/27/2013,05:00,0.0,1372.072,0.0,1,8,0.0,1,8,0.0,1,8,0.0,1,8,0.0,1,8,0.0,1,8,-0.0,1,8,-9900,?,9,-9900,?,9,18.79,E,8,16.06,E,8,84.0,E,8,964.3861999999999,E,8,999.0,E,8,1.26,E,8,-9900,?,9,-9900,?,9,0.0,E,8,-9900,?,9,-9900,?,9,0.0,0.0,E,8
03/27/2013,06:00,0.0,1372.072,0.0,1,8,0.0,1,8,0.0,1,8,0.0,1,8,0.0,1,8,0.0,1,8,-0.0,1,8,-9900,?,9,-9900,?,9,18.4,E,8,15.91,E,8,85.0,E,8,964.3861999999999,E,8,999.0,E,8,1.26,E,8,-9900,?,9,-9900,?,9,0.0,E,8,-9900,?,9,-9900,?,9,0.0,0.0,E,8
03/27/2013,07:00,182.529,1372.072,0.38,1,8,0.0,1,8,0.38,1,8,45.6,1,8,0.0,1,8,41.8,1,8,0.923,1,8,-9900,?,9,-9900,?,9,18.07,E,8,15.78,E,8,86.0,E,8,964.3861999999999,E,8,999.0,E,8,1.26,E,8,-9900,?,9,-9900,?,9,0.0,E,8,-9900,?,9,-9900,?,9,0.0,0.0,E,8
03/27/2013,08:00,500.173,1372.072,174.53,1,8,63.711,1,8,151.349,1,8,20943.6,1,8,6052.574,1,8,16648.365,1,8,132.406,1,8,-9900,?,9,-9900,?,9,17.75,E,8,15.66,E,8,87.0,E,8,964.3861999999999,E,8,999.0,E,8,1.26,E,8,-9900,?,9,-9900,?,9,0.0,E,8,-9900,?,9,-9900,?,9,0.0,0.0,E,8
03/27/2013,09:00,783.533,1372.072,430.22,1,8,332.713,1,8,240.337,1,8,51626.4,1,8,31607.735,1,8,26437.027,1,8,134.046,1,8,-9900,?,9,-9900,?,9,22.01,E,8,17.25,E,8,74.0,E,8,964.3861999999999,E,8,999.0,E,8,1.26,E,8,-9900,?,9,-9900,?,9,0.0,E,8,-9900,?,9,-9900,?,9,0.0,0.0,E,8
03/27/2013,10:00,1012.174,1372.072,657.57,1,8,560.566,1,8,244.144,1,8,78908.4,1,8,53253.76,1,8,26855.813,1,8,105.372,1,8,-9900,?,9,-9900,?,9,23.68,E,8,17.83,E,8,69.0,E,8,964.3861999999999,E,8,999.0,E,8,1.26,E,8,-9900,?,9,-9900,?,9,0.0,E,8,-9900,?,9,-9900,?,9,0.0,0.0,E,8
03/27/2013,11:00,1170.34,1372.072,829.26,1,8,633.988,1,8,288.545,1,8,99511.2,1,8,60228.861,1,8,31739.956,1,8,107.69,1,8,-9900,?,9,-9900,?,9,25.12,E,8,18.32,E,8,66.0,E,8,964.3861999999999,E,8,999.0,E,8,1.26,E,8,-9900,?,9,-9900,?,9,0.0,E,8,-9900,?,9,-9900,?,9,0.0,0.0,E,8
03/27/2013,12:00,1247.193,1372.072,934.28,1,8,803.351,1,8,204.091,1,8,112113.6,1,8,76318.379,1,8,22449.986,1,8,71.473,1,8,-9900,?,9,-9900,?,9,26.28,E,8,18.71,E,8,63.0,E,8,964.3861999999999,E,8,999.0,E,8,1.26,E,8,-9900,?,9,-9900,?,9,0.0,E,8,-9900,?,9,-9900,?,9,0.0,0.0,E,8
03/27/2013,13:00,1237.47,1372.072,949.28,1,8,885.761,1,8,150.467,1,8,113913.6,1,8,84147.267,1,8,16551.376,1,8,53.108,1,8,-9900,?,9,-9900,?,9,27.09,E,8,18.97,E,8,61.0,E,8,964.3861999999999,E,8,999.0,E,8,1.26,E,8,-9900,?,9,-9900,?,9,0.0,E,8,-9900,?,9,-9900,?,9,0.0,0.0,E,8
03/27/2013,14:00,1141.83,1372.072,899.71,1,8,993.196,1,8,73.286,1,8,107965.2,1,8,94353.615,1,8,8061.466,1,8,28.035,1,8,-9900,?,9,-9900,?,9,27.57,E,8,19.13,E,8,60.0,E,8,964.3861999999999,E,8,999.0,E,8,1.26,E,8,-9900,?,9,-9900,?,9,0.0,E,8,-9900,?,9,-9900,?,9,0.0,0.0,E,8
03/27/2013,15:00,966.805,1372.072,780.78,1,8,821.324,1,8,202.222,1,8,93693.6,1,8,78025.776,1,8,22244.384,1,8,91.379,1,8,-9900,?,9,-9900,?,9,27.72,E,8,19.17,E,8,59.0,E,8,964.3861999999999,E,8,999.0,E,8,1.26,E,8,-9900,?,9,-9900,?,9,0.0,E,8,-9900,?,9,-9900,?,9,0.0,0.0,E,8
03/27/2013,16:00,724.38,1372.072,592.7,1,8,797.744,1,8,171.853,1,8,71124.0,1,8,75785.696,1,8,18903.816,1,8,103.692,1,8,-9900,?,9,-9900,?,9,27.42,E,8,19.08,E,8,60.0,E,8,964.3861999999999,E,8,999.0,E,8,1.26,E,8,-9900,?,9,-9900,?,9,0.0,E,8,-9900,?,9,-9900,?,9,0.0,0.0,E,8
03/27/2013,17:00,431.302,1372.072,358.38,1,8,653.735,1,8,153.424,1,8,43005.6,1,8,62104.835,1,8,16876.656,1,8,155.771,1,8,-9900,?,9,-9900,?,9,26.61,E,8,18.82,E,8,62.0,E,8,964.3861999999999,E,8,999.0,E,8,1.26,E,8,-9900,?,9,-9900,?,9,0.0,E,8,-9900,?,9,-9900,?,9,0.0,0.0,E,8
03/27/2013,18:00,109.737,1372.072,110.16,1,8,252.287,1,8,90.755,1,8,13219.2,1,8,23967.312,1,8,9983.084,1,8,375.588,1,8,-9900,?,9,-9900,?,9,25.41,E,8,18.42,E,8,65.0,E,8,964.3861999999999,E,8,999.0,E,8,1.26,E,8,-9900,?,9,-9900,?,9,0.0,E,8,-9900,?,9,-9900,?,9,0.0,0.0,E,8
03/27/2013,19:00,0.0,1372.072,0.0,1,8,0.0,1,8,0.0,1,8,0.0,1,8,0.0,1,8,0.0,1,8,-0.0,1,8,-9900,?,9,-9900,?,9,24.64,E,8,18.16,E,8,67.0,E,8,964.3861999999999,E,8,999.0,E,8,1.26,E,8,-9900,?,9,-9900,?,9,0.0,E,8,-9900,?,9,-9900,?,9,0.0,0.0,E,8
03/27/2013,20:00,0.0,1372.072,0.0,1,8,0.0,1,8,0.0,1,8,0.0,1,8,0.0,1,8,0.0,1,8,-0.0,1,8,-9900,?,9,-9900,?,9,23.88,E,8,17.9,E,8,69.0,E,8,964.3861999999999,E,8,999.0,E,8,1.26,E,8,-9900,?,9,-9900,?,9,0.0,E,8,-9900,?,9,-9900,?,9,0.0,0.0,E,8
03/27/2013,21:00,0.0,1372.072,0.0,1,8,0.0,1,8,0.0,1,8,0.0,1,8,0.0,1,8,0.0,1,8,-0.0,1,8,-9900,?,9,-9900,?,9,23.11,E,8,17.64,E,8,71.0,E,8,964.3861999999999,E,8,999.0,E,8,1.26,E,8,-9900,?,9,-9900,?,9,0.0,E,8,-9900,?,9,-9900,?,9,0.0,0.0,E,8
03/27/2013,22:00,0.0,1372.072,0.0,1,8,0.0,1,8,0.0,1,8,0.0,1,8,0.0,1,8,0.0,1,8,-0.0,1,8,-9900,?,9,-9900,?,9,22.34,E,8,17.37,E,8,73.0,E,8,964.3861999999999,E,8,999.0,E,8,1.26,E,8,-9900,?,9,-9900,?,9,0.0,E,8,-9900,?,9,-9900,?,9,0.0,0.0,E,8
03/27/2013,23:00,0.0,1372.072,0.0,1,8,0.0,1,8,0.0,1,8,0.0,1,8,0.0,1,8,0.0,1,8,-0.0,1,8,-9900,?,9,-9900,?,9,21.58,E,8,17.09,E,8,75.0,E,8,964.3861999999999,E,8,999.0,E,8,1.26,E,8,-9900,?,9,-9900,?,9,0.0,E,8,-9900,?,9,-9900,?,9,0.0,0.0,E,8
03/27/2013,24:00,0.0,1372.072,0.0,1,8,0.0,1,8,0.0,1,8,0.0,1,8,0.0,1,8,0.0,1,8,-0.0,1,8,-9900,?,9,-9900,?,9,20.81,E,8,17.77,E,8,82.0,E,8,964.3861999999999,E,8,999.0,E,8,1.02,E,8,-9900,?,9,-9900,?,9,0.0,E,8,-9900,?,9,-9900,?,9,0.0,0.0,E,8
03/28/2013,01:00,0.0,1372.072,0.0,1,8,0.0,1,8,0.0,1,8,0.0,1,8,0.0,1,8,0.0,1,8,-0.0,1,8,-9900,?,9,-9900,?,9,20.43,E,8,17.6,E,8,83.0,E,8,964.3861999999999,E,8,999.0,E,8,1.02,E,8,-9900,?,9,-9900,?,9,0.0,E,8,-9900,?,9,-9900,?,9,0.0,0.0,E,8
03/28/2013,02:00,0.0,1372.072,0.0,1,8,0.0,1,8,0.0,1,8,0.0,1,8,0.0,1,8,0.0,1,8,-0.0,1,8,-9900,?,9,-9900,?,9,20.04,E,8,17.43,E,8,84.0,E,8,964.3861999999999,E,8,999.0,E,8,1.02,E,8,-9900,?,9,-9900,?,9,0.0,E,8,-9900,?,9,-9900,?,9,0.0,0.0,E,8
03/28/2013,03:00,0.0,1372.072,0.0,1,8,0.0,1,8,0.0,1,8,0.0,1,8,0.0,1,8,0.0,1,8,-0.0,1,8,-9900,?,9,-9900,?,9,19.66,E,8,17.26,E,8,86.0,E,8,964.3861999999999,E,8,999.0,E,8,1.02,E,8,-9900,?,9,-9900,?,9,0.0,E,8,-9900,?,9,-9900,?,9,0.0,0.0,E,8
03/28/2013,04:00,0.0,1371.264,0.0,1,8,0.0,1,8,0.0,1,8,0.0,1,8,0.0,1,8,0.0,1,8,-0.0,1,8,-9900,?,9,-9900,?,9,19.27,E,8,17.08,E,8,87.0,E,8,964.3861999999999,E,8,999.0,E,8,1.02,E,8,-9900,?,9,-9900,?,9,0.0,E,8,-9900,?,9,-9900,?,9,0.0,0.0,E,8
03/28/2013,05:00,0.0,1371.264,0.0,1,8,0.0,1,8,0.0,1,8,0.0,1,8,0.0,1,8,0.0,1,8,-0.0,1,8,-9900,?,9,-9900,?,9,18.89,E,8,16.91,E,8,88.0,E,8,964.3861999999999,E,8,999.0,E,8,1.02,E,8,-9900,?,9,-9900,?,9,0.0,E,8,-9900,?,9,-9900,?,9,0.0,0.0,E,8
03/28/2013,06:00,0.0,1371.264,0.0,1,8,0.0,1,8,0.0,1,8,0.0,1,8,0.0,1,8,0.0,1,8,-0.0,1,8,-9900,?,9,-9900,?,9,18.59,E,8,16.77,E,8,89.0,E,8,964.3861999999999,E,8,999.0,E,8,1.02,E,8,-9900,?,9,-9900,?,9,0.0,E,8,-9900,?,9,-9900,?,9,0.0,0.0,E,8
03/28/2013,07:00,180.66,1371.264,0.29,1,8,0.0,1,8,0.29,1,8,34.8,1,8,0.0,1,8,31.9,1,8,0.712,1,8,-9900,?,9,-9900,?,9,18.34,E,8,16.65,E,8,89.0,E,8,964.3861999999999,E,8,999.0,E,8,1.02,E,8,-9900,?,9,-9900,?,9,0.0,E,8,-9900,?,9,-9900,?,9,0.0,0.0,E,8
03/28/2013,08:00,497.864,1371.264,155.45,1,8,27.082,1,8,145.636,1,8,18654.0,1,8,2572.784,1,8,16019.98,1,8,127.927,1,8,-9900,?,9,-9900,?,9,18.09,E,8,16.54,E,8,90.0,E,8,964.3861999999999,E,8,999.0,E,8,1.02,E,8,-9900,?,9,-9900,?,9,0.0,E,8,-9900,?,9,-9900,?,9,0.0,0.0,E,8
03/28/2013,09:00,780.725,1371.264,387.8,1,8,219.969,1,8,262.638,1,8,46536.0,1,8,20897.073,1,8,28890.146,1,8,146.925,1,8,-9900,?,9,-9900,?,9,22.4,E,8,18.45,E,8,78.0,E,8,964.3861999999999,E,8,999.0,E,8,1.02,E,8,-9900,?,9,-9900,?,9,0.0,E,8,-9900,?,9,-9900,?,9,0.0,0.0,E,8
03/28/2013,10:00,1008.83,1371.264,595.54,1,8,383.801,1,8,313.25,1,8,71464.8,1,8,36461.134,1,8,34457.499,1,8,135.566,1,8,-9900,?,9,-9900,?,9,24.11,E,8,19.15,E,8,73.0,E,8,964.3861999999999,E,8,999.0,E,8,1.02,E,8,-9900,?,9,-9900,?,9,0.0,E,8,-9900,?,9,-9900,?,9,0.0,0.0,E,8
03/28/2013,11:00,1166.458,1371.264,724.77,1,8,456.163,1,8,336.781,1,8,86972.4,1,8,43335.478,1,8,37045.914,1,8,126.037,1,8,-9900,?,9,-9900,?,9,25.48,E,8,19.69,E,8,70.0,E,8,964.3861999999999,E,8,999.0,E,8,1.02,E,8,-9900,?,9,-9900,?,9,0.0,E,8,-9900,?,9,-9900,?,9,0.0,0.0,E,8
03/28/2013,12:00,1242.807,1371.264,812.63,1,8,490.293,1,8,368.295,1,8,97515.6,1,8,46577.805,1,8,40512.449,1,8,129.357,1,8,-9900,?,9,-9900,?,9,26.58,E,8,20.12,E,8,67.0,E,8,964.3861999999999,E,8,999.0,E,8,1.02,E,8,-9900,?,9,-9900,?,9,0.0,E,8,-9900,?,9,-9900,?,9,0.0,0.0,E,8
03/28/2013,13:00,1232.651,1371.264,865.07,1,8,616.357,1,8,311.055,1,8,103808.4,1,8,58553.921,1,8,34216.095,1,8,110.154,1,8,-9900,?,9,-9900,?,9,27.45,E,8,20.45,E,8,65.0,E,8,964.3861999999999,E,8,999.0,E,8,1.02,E,8,-9900,?,9,-9900,?,9,0.0,E,8,-9900,?,9,-9900,?,9,0.0,0.0,E,8
03/28/2013,14:00,1136.676,1371.264,768.57,1,8,573.958,1,8,292.865,1,8,92228.4,1,8,54526.044,1,8,32215.125,1,8,112.476,1,8,-9900,?,9,-9900,?,9,27.85,E,8,20.6,E,8,64.0,E,8,964.3861999999999,E,8,999.0,E,8,1.3,E,8,-9900,?,9,-9900,?,9,0.0,E,8,-9900,?,9,-9900,?,9,0.0,0.0,E,8
03/28/2013,15:00,961.439,1371.264,701.2,1,8,816.983,1,8,128.56,1,8,84144.0,1,8,77613.353,1,8,14141.615,1,8,58.383,1,8,-9900,?,9,-9900,?,9,28.02,E,8,20.66,E,8,64.0,E,8,964.3861999999999,E,8,999.0,E,8,2.01,E,8,-9900,?,9,-9900,?,9,0.0,E,8,-9900,?,9,-9900,?,9,0.0,0.0,E,8
03/28/2013,16:00,718.941,1371.264,530.38,1,8,747.879,1,8,138.577,1,8,63645.6,1,8,71048.545,1,8,15243.416,1,8,84.198,1,8,-9900,?,9,-9900,?,9,27.73,E,8,20.55,E,8,64.0,E,8,964.3861999999999,E,8,999.0,E,8,1.9,E,8,-9900,?,9,-9900,?,9,0.0,E,8,-9900,?,9,-9900,?,9,0.0,0.0,E,8
03/28/2013,17:00,425.938,1371.264,324.63,1,8,487.294,1,8,173.677,1,8,38955.6,1,8,46292.916,1,8,19104.522,1,8,178.461,1,8,-9900,?,9,-9900,?,9,26.95,E,8,20.26,E,8,66.0,E,8,964.3861999999999,E,8,999.0,E,8,2.52,E,8,-9900,?,9,-9900,?,9,0.0,E,8,-9900,?,9,-9900,?,9,0.0,0.0,E,8
03/28/2013,18:00,104.713,1371.264,97.36,1,8,216.166,1,8,81.539,1,8,11683.2,1,8,20535.791,1,8,8969.334,1,8,354.636,1,8,-9900,?,9,-9900,?,9,25.75,E,8,19.8,E,8,69.0,E,8,964.3861999999999,E,8,999.0,E,8,2.28,E,8,-9900,?,9,-9900,?,9,0.0,E,8,-9900,?,9,-9900,?,9,0.0,0.0,E,8
03/28/2013,19:00,0.0,1371.264,0.0,1,8,0.0,1,8,0.0,1,8,0.0,1,8,0.0,1,8,0.0,1,8,-0.0,1,8,-9900,?,9,-9900,?,9,24.95,E,8,19.49,E,8,71.0,E,8,964.3861999999999,E,8,999.0,E,8,1.76,E,8,-9900,?,9,-9900,?,9,0.0,E,8,-9900,?,9,-9900,?,9,0.0,0.0,E,8
03/28/2013,20:00,0.0,1371.264,0.0,1,8,0.0,1,8,0.0,1,8,0.0,1,8,0.0,1,8,0.0,1,8,-0.0,1,8,-9900,?,9,-9900,?,9,24.15,E,8,19.17,E,8,73.0,E,8,964.3861999999999,E,8,999.0,E,8,1.02,E,8,-9900,?,9,-9900,?,9,0.0,E,8,-9900,?,9,-9900,?,9,0.0,0.0,E,8
03/28/2013,21:00,0.0,1371.264,0.0,1,8,0.0,1,8,0.0,1,8,0.0,1,8,0.0,1,8,0.0,1,8,-0.0,1,8,-9900,?,9,-9900,?,9,23.34,E,8,18.84,E,8,75.0,E,8,964.3861999999999,E,8,999.0,E,8,1.14,E,8,-9900,?,9,-9900,?,9,0.0,E,8,-9900,?,9,-9900,?,9,0.0,0.0,E,8
03/28/2013,22:00,0.0,1371.264,0.0,1,8,0.0,1,8,0.0,1,8,0.0,1,8,0.0,1,8,0.0,1,8,-0.0,1,8,-9900,?,9,-9900,?,9,22.54,E,8,18.51,E,8,77.0,E,8,964.3861999999999,E,8,999.0,E,8,1.02,E,8,-9900,?,9,-9900,?,9,0.0,E,8,-9900,?,9,-9900,?,9,0.0,0.0,E,8
03/28/2013,23:00,0.0,1371.264,0.0,1,8,0.0,1,8,0.0,1,8,0.0,1,8,0.0,1,8,0.0,1,8,-0.0,1,8,-9900,?,9,-9900,?,9,21.74,E,8,18.17,E,8,80.0,E,8,964.3861999999999,E,8,999.0,E,8,1.02,E,8,-9900,?,9,-9900,?,9,0.0,E,8,-9900,?,9,-9900,?,9,0.0,0.0,E,8
03/28/2013,24:00,0.0,1371.264,0.0,1,8,0.0,1,8,0.0,1,8,0.0,1,8,0.0,1,8,0.0,1,8,-0.0,1,8,-9900,?,9,-9900,?,9,20.94,E,8,17.89,E,8,82.0,E,8,964.3861999999999,E,8,999.0,E,8,1.14,E,8,-9900,?,9,-9900,?,9,0.0,E,8,-9900,?,9,-9900,?,9,0.0,0.0,E,8
03/29/2013,01:00,0.0,1371.264,0.0,1,8,0.0,1,8,0.0,1,8,0.0,1,8,0.0,1,8,0.0,1,8,-0.0,1,8,-9900,?,9,-9900,?,9,20.53,E,8,17.67,E,8,83.0,E,8,964.3861999999999,E,8,999.0,E,8,1.14,E,8,-9900,?,9,-9900,?,9,0.0,E,8,-9900,?,9,-9900,?,9,0.0,0.0,E,8
03/29/2013,02:00,0.0,1371.264,0.0,1,8,0.0,1,8,0.0,1,8,0.0,1,8,0.0,1,8,0.0,1,8,-0.0,1,8,-9900,?,9,-9900,?,9,20.13,E,8,17.45,E,8,84.0,E,8,964.3861999999999,E,8,999.0,E,8,1.14,E,8,-9900,?,9,-9900,?,9,0.0,E,8,-9900,?,9,-9900,?,9,0.0,0.0,E,8
03/29/2013,03:00,0.0,1371.264,0.0,1,8,0.0,1,8,0.0,1,8,0.0,1,8,0.0,1,8,0.0,1,8,-0.0,1,8,-9900,?,9,-9900,?,9,19.73,E,8,17.22,E,8,85.0,E,8,964.3861999999999,E,8,999.0,E,8,1.14,E,8,-9900,?,9,-9900,?,9,0.0,E,8,-9900,?,9,-9900,?,9,0.0,0.0,E,8
03/29/2013,04:00,0.0,1370.455,0.0,1,8,0.0,1,8,0.0,1,8,0.0,1,8,0.0,1,8,0.0,1,8,-0.0,1,8,-9900,?,9,-9900,?,9,19.33,E,8,17.0,E,8,86.0,E,8,964.3861999999999,E,8,999.0,E,8,1.14,E,8,-9900,?,9,-9900,?,9,0.0,E,8,-9900,?,9,-9900,?,9,0.0,0.0,E,8
03/29/2013,05:00,0.0,1370.455,0.0,1,8,0.0,1,8,0.0,1,8,0.0,1,8,0.0,1,8,0.0,1,8,-0.0,1,8,-9900,?,9,-9900,?,9,18.93,E,8,16.77,E,8,87.0,E,8,964.3861999999999,E,8,999.0,E,8,1.14,E,8,-9900,?,9,-9900,?,9,0.0,E,8,-9900,?,9,-9900,?,9,0.0,0.0,E,8
03/29/2013,06:00,0.0,1370.455,0.0,1,8,0.0,1,8,0.0,1,8,0.0,1,8,0.0,1,8,0.0,1,8,-0.0,1,8,-9900,?,9,-9900,?,9,18.62,E,8,16.59,E,8,87.0,E,8,964.3861999999999,E,8,999.0,E,8,1.14,E,8,-9900,?,9,-9900,?,9,0.0,E,8,-9900,?,9,-9900,?,9,0.0,0.0,E,8
03/29/2013,07:00,178.79,1370.455,0.18,1,8,0.0,1,8,0.18,1,8,21.6,1,8,0.0,1,8,19.8,1,8,0.446,1,8,-9900,?,9,-9900,?,9,18.36,E,8,16.44,E,8,88.0,E,8,964.3861999999999,E,8,999.0,E,8,1.14,E,8,-9900,?,9,-9900,?,9,0.0,E,8,-9900,?,9,-9900,?,9,0.0,0.0,E,8
03/29/2013,08:00,495.537,1370.455,114.21,1,8,0.0,1,8,114.21,1,8,13705.2,1,8,0.0,1,8,12563.1,1,8,100.735,1,8,-9900,?,9,-9900,?,9,18.09,E,8,16.28,E,8,89.0,E,8,964.3861999999999,E,8,999.0,E,8,1.14,E,8,-9900,?,9,-9900,?,9,0.0,E,8,-9900,?,9,-9900,?,9,0.0,0.0,E,8
03/29/2013,09:00,777.888,1370.455,284.62,1,8,79.408,1,8,239.575,1,8,34154.4,1,8,7543.743,1,8,26353.237,1,8,134.433,1,8,-9900,?,9,-9900,?,9,22.21,E,8,18.57,E,8,79.0,E,8,964.3861999999999,E,8,999.0,E,8,1.14,E,8,-9900,?,9,-9900,?,9,0.0,E,8,-9900,?,9,-9900,?,9,0.0,0.0,E,8
03/29/2013,10:00,1005.447,1370.455,436.35,1,8,91.323,1,8,369.367,1,8,52362.0,1,8,8675.712,1,8,40630.335,1,8,160.296,1,8,-9900,?,9,-9900,?,9,23.84,E,8,19.39,E,8,76.0,E,8,964.3861999999999,E,8,999.0,E,8,1.14,E,8,-9900,?,9,-9900,?,9,0.0,E,8,-9900,?,9,-9900,?,9,0.0,0.0,E,8
03/29/2013,11:00,1162.531,1370.455,552.24,1,8,112.816,1,8,456.551,1,8,66268.8,1,8,10717.515,1,8,50220.643,1,8,171.336,1,8,-9900,?,9,-9900,?,9,25.26,E,8,20.08,E,8,73.0,E,8,964.3861999999999,E,8,999.0,E,8,1.14,E,8,-9900,?,9,-9900,?,9,0.0,E,8,-9900,?,9,-9900,?,9,0.0,0.0,E,8
03/29/2013,12:00,1238.375,1370.455,622.75,1,8,134.255,1,8,501.442,1,8,74730.0,1,8,12754.182,1,8,55158.668,1,8,176.649,1,8,-9900,?,9,-9900,?,9,26.4,E,8,20.62,E,8,70.0,E,8,964.3861999999999,E,8,999.0,E,8,1.14,E,8,-9900,?,9,-9900,?,9,0.0,E,8,-9900,?,9,-9900,?,9,0.0,0.0,E,8
03/29/2013,13:00,1227.787,1370.455,642.54,1,8,158.526,1,8,500.527,1,8,77104.8,1,8,15059.967,1,8,55057.997,1,8,177.849,1,8,-9900,?,9,-9900,?,9,27.22,E,8,20.99,E,8,68.0,E,8,964.3861999999999,E,8,999.0,E,8,1.14,E,8,-9900,?,9,-9900,?,9,0.0,E,8,-9900,?,9,-9900,?,9,0.0,0.0,E,8
03/29/2013,14:00,1131.484,1370.455,610.13,1,8,190.445,1,8,452.915,1,8,73215.6,1,8,18092.263,1,8,49820.682,1,8,174.64,1,8,-9900,?,9,-9900,?,9,27.72,E,8,21.22,E,8,67.0,E,8,964.3861999999999,E,8,999.0,E,8,1.74,E,8,-9900,?,9,-9900,?,9,0.0,E,8,-9900,?,9,-9900,?,9,0.0,0.0,E,8
03/29/2013,15:00,956.045,1370.455,527.94,1,8,320.11,1,8,304.697,1,8,63352.8,1,8,30410.449,1,8,33516.66,1,8,139.072,1,8,-9900,?,9,-9900,?,9,27.88,E,8,21.29,E,8,67.0,E,8,964.3861999999999,E,8,999.0,E,8,2.23,E,8,-9900,?,9,-9900,?,9,0.0,E,8,-9900,?,9,-9900,?,9,0.0,0.0,E,8
03/29/2013,16:00,713.486,1370.455,402.24,1,8,422.139,1,8,182.639,1,8,48268.8,1,8,40103.214,1,8,20090.287,1,8,111.754,1,8,-9900,?,9,-9900,?,9,27.6,E,8,21.17,E,8,68.0,E,8,964.3861999999999,E,8,999.0,E,8,1.84,E,8,-9900,?,9,-9900,?,9,0.0,E,8,-9900,?,9,-9900,?,9,0.0,0.0,E,8
03/29/2013,17:00,420.575,1370.455,243.85,1,8,406.272,1,8,119.517,1,8,29262.0,1,8,38595.826,1,8,13146.838,1,8,124.311,1,8,-9900,?,9,-9900,?,9,26.82,E,8,20.81,E,8,69.0,E,8,964.3861999999999,E,8,999.0,E,8,1.59,E,8,-9900,?,9,-9900,?,9,0.0,E,8,-9900,?,9,-9900,?,9,0.0,0.0,E,8
03/29/2013,18:00,99.713,1370.455,74.21,1,8,214.052,1,8,59.341,1,8,8905.2,1,8,20334.927,1,8,6527.466,1,8,271.912,1,8,-9900,?,9,-9900,?,9,25.64,E,8,20.26,E,8,72.0,E,8,964.3861999999999,E,8,999.0,E,8,1.25,E,8,-9900,?,9,-9900,?,9,0.0,E,8,-9900,?,9,-9900,?,9,0.0,0.0,E,8
03/29/2013,19:00,0.0,1370.455,0.0,1,8,0.0,1,8,0.0,1,8,0.0,1,8,0.0,1,8,0.0,1,8,-0.0,1,8,-9900,?,9,-9900,?,9,24.84,E,8,19.88,E,8,73.0,E,8,964.3861999999999,E,8,999.0,E,8,1.14,E,8,-9900,?,9,-9900,?,9,0.0,E,8,-9900,?,9,-9900,?,9,0.0,0.0,E,8
03/29/2013,20:00,0.0,1370.455,0.0,1,8,0.0,1,8,0.0,1,8,0.0,1,8,0.0,1,8,0.0,1,8,-0.0,1,8,-9900,?,9,-9900,?,9,24.03,E,8,19.49,E,8,75.0,E,8,964.3861999999999,E,8,999.0,E,8,1.14,E,8,-9900,?,9,-9900,?,9,0.0,E,8,-9900,?,9,-9900,?,9,0.0,0.0,E,8
03/29/2013,21:00,0.0,1370.455,0.0,1,8,0.0,1,8,0.0,1,8,0.0,1,8,0.0,1,8,0.0,1,8,-0.0,1,8,-9900,?,9,-9900,?,9,23.22,E,8,19.08,E,8,77.0,E,8,964.3861999999999,E,8,999.0,E,8,1.14,E,8,-9900,?,9,-9900,?,9,0.0,E,8,-9900,?,9,-9900,?,9,0.0,0.0,E,8
03/29/2013,22:00,0.0,1370.455,0.0,1,8,0.0,1,8,0.0,1,8,0.0,1,8,0.0,1,8,0.0,1,8,-0.0,1,8,-9900,?,9,-9900,?,9,22.42,E,8,18.67,E,8,79.0,E,8,964.3861999999999,E,8,999.0,E,8,1.14,E,8,-9900,?,9,-9900,?,9,0.0,E,8,-9900,?,9,-9900,?,9,0.0,0.0,E,8
03/29/2013,23:00,0.0,1370.455,0.0,1,8,0.0,1,8,0.0,1,8,0.0,1,8,0.0,1,8,0.0,1,8,-0.0,1,8,-9900,?,9,-9900,?,9,21.61,E,8,18.25,E,8,81.0,E,8,964.3861999999999,E,8,999.0,E,8,1.14,E,8,-9900,?,9,-9900,?,9,0.0,E,8,-9900,?,9,-9900,?,9,0.0,0.0,E,8
03/29/2013,24:00,0.0,1370.455,0.0,1,8,0.0,1,8,0.0,1,8,0.0,1,8,0.0,1,8,0.0,1,8,-0.0,1,8,-9900,?,9,-9900,?,9,20.81,E,8,17.48,E,8,81.0,E,8,964.3861999999999,E,8,999.0,E,8,0.72,E,8,-9900,?,9,-9900,?,9,0.0,E,8,-9900,?,9,-9900,?,9,0.0,0.0,E,8
03/30/2013,01:00,0.0,1370.455,0.0,1,8,0.0,1,8,0.0,1,8,0.0,1,8,0.0,1,8,0.0,1,8,-0.0,1,8,-9900,?,9,-9900,?,9,20.41,E,8,17.3,E,8,82.0,E,8,964.3861999999999,E,8,999.0,E,8,0.72,E,8,-9900,?,9,-9900,?,9,0.0,E,8,-9900,?,9,-9900,?,9,0.0,0.0,E,8
03/30/2013,02:00,0.0,1370.455,0.0,1,8,0.0,1,8,0.0,1,8,0.0,1,8,0.0,1,8,0.0,1,8,-0.0,1,8,-9900,?,9,-9900,?,9,20.0,E,8,17.11,E,8,83.0,E,8,964.3861999999999,E,8,999.0,E,8,0.72,E,8,-9900,?,9,-9900,?,9,0.0,E,8,-9900,?,9,-9900,?,9,0.0,0.0,E,8
03/30/2013,03:00,0.0,1370.455,0.0,1,8,0.0,1,8,0.0,1,8,0.0,1,8,0.0,1,8,0.0,1,8,-0.0,1,8,-9900,?,9,-9900,?,9,19.6,E,8,16.92,E,8,84.0,E,8,964.3861999999999,E,8,999.0,E,8,0.72,E,8,-9900,?,9,-9900,?,9,0.0,E,8,-9900,?,9,-9900,?,9,0.0,0.0,E,8
03/30/2013,04:00,0.0,1369.646,0.0,1,8,0.0,1,8,0.0,1,8,0.0,1,8,0.0,1,8,0.0,1,8,-0.0,1,8,-9900,?,9,-9900,?,9,19.2,E,8,16.74,E,8,85.0,E,8,964.3861999999999,E,8,999.0,E,8,0.72,E,8,-9900,?,9,-9900,?,9,0.0,E,8,-9900,?,9,-9900,?,9,0.0,0.0,E,8
03/30/2013,05:00,0.0,1369.646,0.0,1,8,0.0,1,8,0.0,1,8,0.0,1,8,0.0,1,8,0.0,1,8,-0.0,1,8,-9900,?,9,-9900,?,9,18.79,E,8,16.54,E,8,86.0,E,8,964.3861999999999,E,8,999.0,E,8,0.72,E,8,-9900,?,9,-9900,?,9,0.0,E,8,-9900,?,9,-9900,?,9,0.0,0.0,E,8
03/30/2013,06:00,0.0,1369.646,0.0,1,8,0.0,1,8,0.0,1,8,0.0,1,8,0.0,1,8,0.0,1,8,-0.0,1,8,-9900,?,9,-9900,?,9,18.48,E,8,16.4,E,8,87.0,E,8,964.3861999999999,E,8,999.0,E,8,0.72,E,8,-9900,?,9,-9900,?,9,0.0,E,8,-9900,?,9,-9900,?,9,0.0,0.0,E,8
03/30/2013,07:00,176.916,1369.646,1.74,1,8,0.0,1,8,1.74,1,8,208.8,1,8,0.0,1,8,191.4,1,8,4.357,1,8,-9900,?,9,-9900,?,9,18.22,E,8,16.27,E,8,88.0,E,8,964.3861999999999,E,8,999.0,E,8,0.72,E,8,-9900,?,9,-9900,?,9,0.0,E,8,-9900,?,9,-9900,?,9,0.0,0.0,E,8
03/30/2013,08:00,493.193,1369.646,167.96,1,8,43.963,1,8,152.16,1,8,20155.2,1,8,4176.48,1,8,16737.636,1,8,134.769,1,8,-9900,?,9,-9900,?,9,17.95,E,8,16.14,E,8,89.0,E,8,964.3861999999999,E,8,999.0,E,8,0.72,E,8,-9900,?,9,-9900,?,9,0.0,E,8,-9900,?,9,-9900,?,9,0.0,0.0,E,8
03/30/2013,09:00,775.021,1369.646,346.32,1,8,146.572,1,8,263.433,1,8,41558.4,1,8,13924.35,1,8,28977.635,1,8,148.281,1,8,-9900,?,9,-9900,?,9,22.67,E,8,18.3,E,8,76.0,E,8,964.3861999999999,E,8,999.0,E,8,0.72,E,8,-9900,?,9,-9900,?,9,0.0,E,8,-9900,?,9,-9900,?,9,0.0,0.0,E,8
03/30/2013,10:00,1002.026,1369.646,545.83,1,8,285.464,1,8,337.039,1,8,65499.6,1,8,27119.06,1,8,37074.333,1,8,146.68,1,8,-9900,?,9,-9900,?,9,24.43,E,8,19.04,E,8,71.0,E,8,964.3861999999999,E,8,999.0,E,8,0.91,E,8,-9900,?,9,-9900,?,9,0.0,E,8,-9900,?,9,-9900,?,9,0.0,0.0,E,8
03/30/2013,11:00,1158.561,1369.646,624.15,1,8,186.045,1,8,466.796,1,8,74898.0,1,8,17674.307,1,8,51347.531,1,8,175.678,1,8,-9900,?,9,-9900,?,9,25.67,E,8,19.54,E,8,68.0,E,8,964.3861999999999,E,8,999.0,E,8,1.08,E,8,-9900,?,9,-9900,?,9,0.0,E,8,-9900,?,9,-9900,?,9,0.0,0.0,E,8
03/30/2013,12:00,1233.898,1369.646,686.97,1,8,176.064,1,8,528.367,1,8,82436.4,1,8,16726.102,1,8,58120.322,1,8,186.7,1,8,-9900,?,9,-9900,?,9,26.65,E,8,19.93,E,8,66.0,E,8,964.3861999999999,E,8,999.0,E,8,1.36,E,8,-9900,?,9,-9900,?,9,0.0,E,8,-9900,?,9,-9900,?,9,0.0,0.0,E,8
03/30/2013,13:00,1222.881,1369.646,698.87,1,8,306.845,1,8,424.925,1,8,83864.4,1,8,29150.3,1,8,46741.783,1,8,151.502,1,8,-9900,?,9,-9900,?,9,27.34,E,8,20.2,E,8,65.0,E,8,964.3861999999999,E,8,999.0,E,8,1.54,E,8,-9900,?,9,-9900,?,9,0.0,E,8,-9900,?,9,-9900,?,9,0.0,0.0,E,8
03/30/2013,14:00,1126.256,1369.646,663.17,1,8,365.452,1,8,362.702,1,8,79580.4,1,8,34717.898,1,8,39897.27,1,8,140.421,1,8,-9900,?,9,-9900,?,9,27.73,E,8,20.35,E,8,64.0,E,8,964.3861999999999,E,8,999.0,E,8,1.47,E,8,-9900,?,9,-9900,?,9,0.0,E,8,-9900,?,9,-9900,?,9,0.0,0.0,E,8
03/30/2013,15:00,950.625,1369.646,568.95,1,8,430.798,1,8,270.042,1,8,68274.0,1,8,40925.793,1,8,29704.629,1,8,123.885,1,8,-9900,?,9,-9900,?,9,27.82,E,8,20.38,E,8,63.0,E,8,964.3861999999999,E,8,999.0,E,8,2.51,E,8,-9900,?,9,-9900,?,9,0.0,E,8,-9900,?,9,-9900,?,9,0.0,0.0,E,8
03/30/2013,16:00,708.02,1369.646,428.42,1,8,537.896,1,8,150.585,1,8,51410.4,1,8,51100.16,1,8,16564.344,1,8,92.799,1,8,-9900,?,9,-9900,?,9,27.44,E,8,20.23,E,8,64.0,E,8,964.3861999999999,E,8,999.0,E,8,1.76,E,8,-9900,?,9,-9900,?,9,0.0,E,8,-9900,?,9,-9900,?,9,0.0,0.0,E,8
03/30/2013,17:00,415.215,1369.646,238.34,1,8,455.581,1,8,100.622,1,8,28600.8,1,8,43280.172,1,8,11068.465,1,8,105.955,1,8,-9900,?,9,-9900,?,9,26.54,E,8,19.88,E,8,66.0,E,8,964.3861999999999,E,8,999.0,E,8,2.33,E,8,-9900,?,9,-9900,?,9,0.0,E,8,-9900,?,9,-9900,?,9,0.0,0.0,E,8
03/30/2013,18:00,94.743,1369.646,82.82,1,8,158.463,1,8,72.4,1,8,9938.4,1,8,15053.972,1,8,7964.032,1,8,350.479,1,8,-9900,?,9,-9900,?,9,25.37,E,8,19.42,E,8,69.0,E,8,964.3861999999999,E,8,999.0,E,8,2.49,E,8,-9900,?,9,-9900,?,9,0.0,E,8,-9900,?,9,-9900,?,9,0.0,0.0,E,8
03/30/2013,19:00,0.0,1369.646,0.0,1,8,0.0,1,8,0.0,1,8,0.0,1,8,0.0,1,8,0.0,1,8,-0.0,1,8,-9900,?,9,-9900,?,9,24.59,E,8,19.1,E,8,71.0,E,8,964.3861999999999,E,8,999.0,E,8,1.78,E,8,-9900,?,9,-9900,?,9,0.0,E,8,-9900,?,9,-9900,?,9,0.0,0.0,E,8
03/30/2013,20:00,0.0,1369.646,0.0,1,8,0.0,1,8,0.0,1,8,0.0,1,8,0.0,1,8,0.0,1,8,-0.0,1,8,-9900,?,9,-9900,?,9,23.82,E,8,18.78,E,8,73.0,E,8,964.3861999999999,E,8,999.0,E,8,1.4,E,8,-9900,?,9,-9900,?,9,0.0,E,8,-9900,?,9,-9900,?,9,0.0,0.0,E,8
03/30/2013,21:00,0.0,1369.646,0.0,1,8,0.0,1,8,0.0,1,8,0.0,1,8,0.0,1,8,0.0,1,8,-0.0,1,8,-9900,?,9,-9900,?,9,23.05,E,8,18.46,E,8,75.0,E,8,964.3861999999999,E,8,999.0,E,8,1.36,E,8,-9900,?,9,-9900,?,9,0.0,E,8,-9900,?,9,-9900,?,9,0.0,0.0,E,8
03/30/2013,22:00,0.0,1369.646,0.0,1,8,0.0,1,8,0.0,1,8,0.0,1,8,0.0,1,8,0.0,1,8,-0.0,1,8,-9900,?,9,-9900,?,9,22.28,E,8,18.13,E,8,77.0,E,8,964.3861999999999,E,8,999.0,E,8,1.53,E,8,-9900,?,9,-9900,?,9,0.0,E,8,-9900,?,9,-9900,?,9,0.0,0.0,E,8
03/30/2013,23:00,0.0,1369.646,0.0,1,8,0.0,1,8,0.0,1,8,0.0,1,8,0.0,1,8,0.0,1,8,-0.0,1,8,-9900,?,9,-9900,?,9,21.5,E,8,17.79,E,8,79.0,E,8,964.3861999999999,E,8,999.0,E,8,1.56,E,8,-9900,?,9,-9900,?,9,0.0,E,8,-9900,?,9,-9900,?,9,0.0,0.0,E,8
03/30/2013,24:00,0.0,1369.646,0.0,1,8,0.0,1,8,0.0,1,8,0.0,1,8,0.0,1,8,0.0,1,8,-0.0,1,8,-9900,?,9,-9900,?,9,20.73,E,8,16.81,E,8,78.0,E,8,964.3861999999999,E,8,999.0,E,8,3.35,E,8,-9900,?,9,-9900,?,9,0.0,E,8,-9900,?,9,-9900,?,9,0.0,0.0,E,8
03/31/2013,01:00,0.0,1369.646,0.0,1,8,0.0,1,8,0.0,1,8,0.0,1,8,0.0,1,8,0.0,1,8,-0.0,1,8,-9900,?,9,-9900,?,9,20.34,E,8,16.65,E,8,79.0,E,8,964.3861999999999,E,8,999.0,E,8,2.53,E,8,-9900,?,9,-9900,?,9,0.0,E,8,-9900,?,9,-9900,?,9,0.0,0.0,E,8
03/31/2013,02:00,0.0,1369.646,0.0,1,8,0.0,1,8,0.0,1,8,0.0,1,8,0.0,1,8,0.0,1,8,-0.0,1,8,-9900,?,9,-9900,?,9,19.96,E,8,16.49,E,8,80.0,E,8,964.3861999999999,E,8,999.0,E,8,1.71,E,8,-9900,?,9,-9900,?,9,0.0,E,8,-9900,?,9,-9900,?,9,0.0,0.0,E,8
03/31/2013,03:00,0.0,1369.646,0.0,1,8,0.0,1,8,0.0,1,8,0.0,1,8,0.0,1,8,0.0,1,8,-0.0,1,8,-9900,?,9,-9900,?,9,19.57,E,8,16.33,E,8,81.0,E,8,964.3861999999999,E,8,999.0,E,8,1.9,E,8,-9900,?,9,-9900,?,9,0.0,E,8,-9900,?,9,-9900,?,9,0.0,0.0,E,8
03/31/2013,04:00,0.0,1368.837,0.0,1,8,0.0,1,8,0.0,1,8,0.0,1,8,0.0,1,8,0.0,1,8,-0.0,1,8,-9900,?,9,-9900,?,9,19.18,E,8,16.17,E,8,82.0,E,8,964.3861999999999,E,8,999.0,E,8,1.61,E,8,-9900,?,9,-9900,?,9,0.0,E,8,-9900,?,9,-9900,?,9,0.0,0.0,E,8
03/31/2013,05:00,0.0,1368.837,0.0,1,8,0.0,1,8,0.0,1,8,0.0,1,8,0.0,1,8,0.0,1,8,-0.0,1,8,-9900,?,9,-9900,?,9,18.8,E,8,16.0,E,8,83.0,E,8,964.3861999999999,E,8,999.0,E,8,1.5,E,8,-9900,?,9,-9900,?,9,0.0,E,8,-9900,?,9,-9900,?,9,0.0,0.0,E,8
03/31/2013,06:00,0.0,1368.837,0.0,1,8,0.0,1,8,0.0,1,8,0.0,1,8,0.0,1,8,0.0,1,8,-0.0,1,8,-9900,?,9,-9900,?,9,18.5,E,8,15.88,E,8,84.0,E,8,964.3861999999999,E,8,999.0,E,8,1.66,E,8,-9900,?,9,-9900,?,9,0.0,E,8,-9900,?,9,-9900,?,9,0.0,0.0,E,8
03/31/2013,07:00,175.038,1368.837,0.22,1,8,0.0,1,8,0.22,1,8,26.4,1,8,0.0,1,8,24.2,1,8,0.557,1,8,-9900,?,9,-9900,?,9,18.24,E,8,15.76,E,8,85.0,E,8,964.3861999999999,E,8,999.0,E,8,2.13,E,8,-9900,?,9,-9900,?,9,0.0,E,8,-9900,?,9,-9900,?,9,0.0,0.0,E,8
03/31/2013,08:00,490.83,1368.837,157.29,1,8,31.734,1,8,145.933,1,8,18874.8,1,8,3014.714,1,8,16052.679,1,8,129.802,1,8,-9900,?,9,-9900,?,9,17.99,E,8,15.66,E,8,86.0,E,8,964.3861999999999,E,8,999.0,E,8,2.34,E,8,-9900,?,9,-9900,?,9,0.0,E,8,-9900,?,9,-9900,?,9,0.0,0.0,E,8
03/31/2013,09:00,772.124,1368.837,393.11,1,8,242.433,1,8,256.446,1,8,47173.2,1,8,23031.101,1,8,28209.078,1,8,144.805,1,8,-9900,?,9,-9900,?,9,22.36,E,8,17.46,E,8,73.0,E,8,964.3861999999999,E,8,999.0,E,8,2.3,E,8,-9900,?,9,-9900,?,9,0.0,E,8,-9900,?,9,-9900,?,9,0.0,0.0,E,8
03/31/2013,10:00,998.566,1368.837,608.96,1,8,438.966,1,8,288.817,1,8,73075.2,1,8,41701.774,1,8,31769.871,1,8,126.055,1,8,-9900,?,9,-9900,?,9,24.12,E,8,18.14,E,8,69.0,E,8,964.3861999999999,E,8,999.0,E,8,1.7,E,8,-9900,?,9,-9900,?,9,0.0,E,8,-9900,?,9,-9900,?,9,0.0,0.0,E,8
03/31/2013,11:00,1154.547,1368.837,768.75,1,8,541.685,1,8,311.919,1,8,92250.0,1,8,51460.105,1,8,34311.124,1,8,117.729,1,8,-9900,?,9,-9900,?,9,25.64,E,8,18.7,E,8,65.0,E,8,964.3861999999999,E,8,999.0,E,8,1.88,E,8,-9900,?,9,-9900,?,9,0.0,E,8,-9900,?,9,-9900,?,9,0.0,0.0,E,8
03/31/2013,12:00,1229.378,1368.837,873.73,1,8,606.755,1,8,328.831,1,8,104847.6,1,8,57641.698,1,8,36171.376,1,8,116.552,1,8,-9900,?,9,-9900,?,9,26.88,E,8,19.15,E,8,62.0,E,8,964.3861999999999,E,8,999.0,E,8,2.32,E,8,-9900,?,9,-9900,?,9,0.0,E,8,-9900,?,9,-9900,?,9,0.0,0.0,E,8
03/31/2013,13:00,1217.935,1368.837,906.04,1,8,794.071,1,8,199.563,1,8,108724.8,1,8,75436.7,1,8,21951.919,1,8,71.399,1,8,-9900,?,9,-9900,?,9,27.8,E,8,19.47,E,8,60.0,E,8,964.3861999999999,E,8,999.0,E,8,4.14,E,8,-9900,?,9,-9900,?,9,0.0,E,8,-9900,?,9,-9900,?,9,0.0,0.0,E,8
03/31/2013,14:00,1120.996,1368.837,856.82,1,8,865.652,1,8,148.004,1,8,102818.4,1,8,82236.97,1,8,16280.469,1,8,57.535,1,8,-9900,?,9,-9900,?,9,28.34,E,8,19.66,E,8,59.0,E,8,964.3861999999999,E,8,999.0,E,8,4.59,E,8,-9900,?,9,-9900,?,9,0.0,E,8,-9900,?,9,-9900,?,9,0.0,0.0,E,8
03/31/2013,15:00,945.185,1368.837,750.8,1,8,807.504,1,8,193.396,1,8,90096.0,1,8,76712.885,1,8,21273.597,1,8,89.181,1,8,-9900,?,9,-9900,?,9,28.54,E,8,19.73,E,8,58.0,E,8,964.3861999999999,E,8,999.0,E,8,5.63,E,8,-9900,?,9,-9900,?,9,0.0,E,8,-9900,?,9,-9900,?,9,0.0,0.0,E,8
03/31/2013,16:00,702.545,1368.837,578.74,1,8,791.765,1,8,172.705,1,8,69448.8,1,8,75217.635,1,8,18997.589,1,8,107.199,1,8,-9900,?,9,-9900,?,9,28.28,E,8,19.64,E,8,59.0,E,8,964.3861999999999,E,8,999.0,E,8,4.68,E,8,-9900,?,9,-9900,?,9,0.0,E,8,-9900,?,9,-9900,?,9,0.0,0.0,E,8
03/31/2013,17:00,409.861,1368.837,345.27,1,8,641.164,1,8,153.853,1,8,41432.4,1,8,60910.571,1,8,16923.831,1,8,164.038,1,8,-9900,?,9,-9900,?,9,27.44,E,8,19.35,E,8,61.0,E,8,964.3861999999999,E,8,999.0,E,8,5.56,E,8,-9900,?,9,-9900,?,9,0.0,E,8,-9900,?,9,-9900,?,9,0.0,0.0,E,8
03/31/2013,18:00,89.807,1368.837,205.342,1,8,229.874,1,8,191.077,1,8,24641.04,1,8,21838.058,1,8,21018.478,1,8,980.121,1,8,-9900,?,9,-9900,?,9,26.33,E,8,18.946,E,8,63.6,E,8,964.3861999999999,E,8,999.0,E,8,4.62,E,8,-9900,?,9,-9900,?,9,0.0,E,8,-9900,?,9,-9900,?,9,0.0,0.0,E,8
03/31/2013,19:00,0.0,1368.837,89.594,1,8,0.0,1,8,0.0,1,8,10751.28,1,8,0.0,1,8,0.0,1,8,-0.0,1,8,-9900,?,9,-9900,?,9,25.396,E,8,18.606,E,8,65.8,E,8,964.3861999999999,E,8,999.0,E,8,4.232,E,8,-9900,?,9,-9900,?,9,0.0,E,8,-9900,?,9,-9900,?,9,0.0,0.0,E,8
03/31/2013,20:00,0.0,1368.837,20.54,1,8,0.0,1,8,0.0,1,8,2464.8,1,8,0.0,1,8,0.0,1,8,-0.0,1,8,-9900,?,9,-9900,?,9,24.46,E,8,18.26,E,8,68.0,E,8,964.3861999999999,E,8,999.0,E,8,3.558,E,8,-9900,?,9,-9900,?,9,0.0,E,8,-9900,?,9,-9900,?,9,0.0,0.0,E,8
03/31/2013,21:00,0.0,1368.837,0.0,1,8,0.0,1,8,0.0,1,8,0.0,1,8,0.0,1,8,0.0,1,8,-0.0,1,8,-9900,?,9,-9900,?,9,23.608,E,8,17.938,E,8,70.2,E,8,964.3861999999999,E,8,999.0,E,8,3.04,E,8,-9900,?,9,-9900,?,9,0.0,E,8,-9900,?,9,-9900,?,9,0.0,0.0,E,8
03/31/2013,22:00,0.0,1368.837,0.0,1,8,0.0,1,8,0.0,1,8,0.0,1,8,0.0,1,8,0.0,1,8,-0.0,1,8,-9900,?,9,-9900,?,9,23.042,E,8,18.4,E,8,75.0,E,8,964.3861999999999,E,8,999.0,E,8,2.368,E,8,-9900,?,9,-9900,?,9,0.0,E,8,-9900,?,9,-9900,?,9,0.0,0.0,E,8
03/31/2013,23:00,0.0,1368.837,0.0,1,8,0.0,1,8,0.0,1,8,0.0,1,8,0.0,1,8,0.0,1,8,-0.0,1,8,-9900,?,9,-9900,?,9,22.562,E,8,18.882,E,8,79.6,E,8,964.3861999999999,E,8,999.0,E,8,1.91,E,8,-9900,?,9,-9900,?,9,0.0,E,8,-9900,?,9,-9900,?,9,0.0,0.0,E,8
03/31/2015,24:00,0.0,1368.837,0.0,1,8,0.0,1,8,0.0,1,8,0.0,1,8,0.0,1,8,0.0,1,8,-0.0,1,8,-9900,?,9,-9900,?,9,22.166,E,8,19.386,E,8,84.0,E,8,964.3861999999999,E,8,999.0,E,8,1.62,E,8,-9900,?,9,-9900,?,9,0.0,E,8,-9900,?,9,-9900,?,9,0.0,0.0,E,8
04/01/2015,01:00,0.0,1368.837,0.0,1,8,0.0,1,8,0.0,1,8,0.0,1,8,0.0,1,8,0.0,1,8,-0.0,1,8,-9900,?,9,-9900,?,9,21.856,E,8,19.912,E,8,88.4,E,8,964.3861999999999,E,8,999.0,E,8,1.44,E,8,-9900,?,9,-9900,?,9,0.0,E,8,-9900,?,9,-9900,?,9,0.0,0.0,E,8
04/01/2015,02:00,0.0,1368.837,0.0,1,8,0.0,1,8,0.0,1,8,0.0,1,8,0.0,1,8,0.0,1,8,-0.0,1,8,-9900,?,9,-9900,?,9,21.632,E,8,20.462,E,8,92.4,E,8,964.3861999999999,E,8,999.0,E,8,1.29,E,8,-9900,?,9,-9900,?,9,0.0,E,8,-9900,?,9,-9900,?,9,0.0,0.0,E,8
04/01/2015,03:00,0.0,1368.837,0.0,1,8,0.0,1,8,0.0,1,8,0.0,1,8,0.0,1,8,0.0,1,8,-0.0,1,8,-9900,?,9,-9900,?,9,21.208,E,8,20.246,E,8,93.6,E,8,964.3861999999999,E,8,999.0,E,8,1.29,E,8,-9900,?,9,-9900,?,9,0.0,E,8,-9900,?,9,-9900,?,9,0.0,0.0,E,8
04/01/2015,04:00,0.0,1368.028,0.0,1,8,0.0,1,8,0.0,1,8,0.0,1,8,0.0,1,8,0.0,1,8,-0.0,1,8,-9900,?,9,-9900,?,9,20.802,E,8,20.036,E,8,94.8,E,8,964.3861999999999,E,8,999.0,E,8,1.29,E,8,-9900,?,9,-9900,?,9,0.0,E,8,-9900,?,9,-9900,?,9,0.0,0.0,E,8
04/01/2015,05:00,0.0,1368.028,0.012,1,8,0.0,1,8,0.0,1,8,1.44,1,8,0.0,1,8,0.0,1,8,-0.0,1,8,-9900,?,9,-9900,?,9,20.426,E,8,19.84,E,8,96.0,E,8,964.3861999999999,E,8,999.0,E,8,1.29,E,8,-9900,?,9,-9900,?,9,0.0,E,8,-9900,?,9,-9900,?,9,0.0,0.0,E,8
04/01/2015,06:00,0.0,1368.028,0.0,1,8,0.0,1,8,0.0,1,8,0.0,1,8,0.0,1,8,0.0,1,8,-0.0,1,8,-9900,?,9,-9900,?,9,20.03,E,8,19.63,E,8,97.0,E,8,964.3861999999999,E,8,999.0,E,8,1.29,E,8,-9900,?,9,-9900,?,9,0.0,E,8,-9900,?,9,-9900,?,9,0.0,0.0,E,8
04/01/2015,07:00,173.929,1368.028,0.06,1,8,0.0,1,8,0.06,1,8,7.2,1,8,0.0,1,8,6.6,1,8,0.153,1,8,-9900,?,9,-9900,?,9,19.75,E,8,19.48,E,8,98.0,E,8,964.3861999999999,E,8,999.0,E,8,1.29,E,8,-9900,?,9,-9900,?,9,0.0,E,8,-9900,?,9,-9900,?,9,0.0,0.0,E,8
04/01/2015,08:00,489.381,1368.028,59.53,1,8,0.0,1,8,59.53,1,8,7143.6,1,8,0.0,1,8,6548.3,1,8,53.075,1,8,-9900,?,9,-9900,?,9,19.47,E,8,19.33,E,8,99.0,E,8,964.3861999999999,E,8,999.0,E,8,1.29,E,8,-9900,?,9,-9900,?,9,0.0,E,8,-9900,?,9,-9900,?,9,0.0,0.0,E,8
04/01/2015,09:00,770.327,1368.028,149.84,1,8,0.0,1,8,149.84,1,8,17980.8,1,8,0.0,1,8,16482.4,1,8,84.756,1,8,-9900,?,9,-9900,?,9,23.23,E,8,21.25,E,8,93.0,E,8,964.3861999999999,E,8,999.0,E,8,1.29,E,8,-9900,?,9,-9900,?,9,0.002,E,8,-9900,?,9,-9900,?,9,0.02,99.0,E,8
04/01/2015,10:00,996.428,1368.028,230.2,1,8,5.339,1,8,226.313,1,8,27624.0,1,8,507.169,1,8,24894.378,1,8,98.928,1,8,-9900,?,9,-9900,?,9,24.73,E,8,21.96,E,8,83.0,E,8,964.3861999999999,E,8,999.0,E,8,1.29,E,8,-9900,?,9,-9900,?,9,0.0,E,8,-9900,?,9,-9900,?,9,0.0,0.0,E,8
04/01/2015,11:00,1152.098,1368.028,146.15,1,8,1.354,1,8,145.01,1,8,17538.0,1,8,128.664,1,8,15951.051,1,8,54.816,1,8,-9900,?,9,-9900,?,9,24.73,E,8,21.96,E,8,83.0,E,8,964.3861999999999,E,8,999.0,E,8,1.29,E,8,-9900,?,9,-9900,?,9,0.0,E,8,-9900,?,9,-9900,?,9,0.0,0.0,E,8
04/01/2015,12:00,1226.668,1368.028,328.61,1,8,18.735,1,8,311.812,1,8,39433.2,1,8,1779.79,1,8,34299.367,1,8,110.699,1,8,-9900,?,9,-9900,?,9,26.04,E,8,22.56,E,8,80.0,E,8,964.3861999999999,E,8,999.0,E,8,1.29,E,8,-9900,?,9,-9900,?,9,0.0,E,8,-9900,?,9,-9900,?,9,0.0,0.0,E,8
04/01/2015,13:00,1215.035,1368.028,338.77,1,8,22.723,1,8,318.59,1,8,40652.4,1,8,2158.692,1,8,35044.871,1,8,114.188,1,8,-9900,?,9,-9900,?,9,26.97,E,8,22.98,E,8,88.0,E,8,964.3861999999999,E,8,999.0,E,8,1.29,E,8,-9900,?,9,-9900,?,9,0.28300000000000003,E,8,-9900,?,9,-9900,?,9,2.83,99.0,E,8
04/01/2015,14:00,1117.987,1368.028,321.22,1,8,12.671,1,8,310.867,1,8,38546.4,1,8,1203.708,1,8,34195.344,1,8,121.1,1,8,-9900,?,9,-9900,?,9,27.55,E,8,23.23,E,8,81.0,E,8,964.3861999999999,E,8,999.0,E,8,1.29,E,8,-9900,?,9,-9900,?,9,0.011,E,8,-9900,?,9,-9900,?,9,0.11,99.0,E,8
04/01/2015,15:00,942.157,1368.028,194.2,1,8,5.263,1,8,190.577,1,8,23304.0,1,8,499.967,1,8,20963.436,1,8,88.112,1,8,-9900,?,9,-9900,?,9,27.41,E,8,23.17,E,8,76.0,E,8,964.3861999999999,E,8,999.0,E,8,1.29,E,8,-9900,?,9,-9900,?,9,0.0,E,8,-9900,?,9,-9900,?,9,0.0,0.0,E,8
04/01/2015,16:00,699.591,1368.028,319.92,1,8,195.683,1,8,219.933,1,8,38390.4,1,8,18589.853,1,8,24192.657,1,8,137.01,1,8,-9900,?,9,-9900,?,9,27.8,E,8,23.34,E,8,80.0,E,8,964.3861999999999,E,8,999.0,E,8,1.29,E,8,-9900,?,9,-9900,?,9,0.004,E,8,-9900,?,9,-9900,?,9,0.04,99.0,E,8
04/01/2015,17:00,407.07,1368.028,210.44,1,8,332.523,1,8,111.788,1,8,25252.8,1,8,31589.639,1,8,12296.718,1,8,119.94,1,8,-9900,?,9,-9900,?,9,27.67,E,8,23.28,E,8,81.0,E,8,964.3861999999999,E,8,999.0,E,8,1.29,E,8,-9900,?,9,-9900,?,9,0.001,E,8,-9900,?,9,-9900,?,9,0.01,99.0,E,8
04/01/2015,18:00,87.335,1368.028,97.82,1,8,114.869,1,8,90.903,1,8,11738.4,1,8,10912.575,1,8,9999.32,1,8,480.516,1,8,-9900,?,9,-9900,?,9,26.94,E,8,22.96,E,8,77.0,E,8,964.3861999999999,E,8,999.0,E,8,1.29,E,8,-9900,?,9,-9900,?,9,0.0,E,8,-9900,?,9,-9900,?,9,0.0,0.0,E,8
04/01/2015,19:00,0.0,1368.028,0.0,1,8,0.0,1,8,0.0,1,8,0.0,1,8,0.0,1,8,0.0,1,8,-0.0,1,8,-9900,?,9,-9900,?,9,26.11,E,8,22.59,E,8,80.0,E,8,964.3861999999999,E,8,999.0,E,8,1.29,E,8,-9900,?,9,-9900,?,9,0.0,E,8,-9900,?,9,-9900,?,9,0.0,0.0,E,8
04/01/2015,20:00,0.0,1368.028,0.0,1,8,0.0,1,8,0.0,1,8,0.0,1,8,0.0,1,8,0.0,1,8,-0.0,1,8,-9900,?,9,-9900,?,9,25.28,E,8,22.22,E,8,82.0,E,8,964.3861999999999,E,8,999.0,E,8,1.29,E,8,-9900,?,9,-9900,?,9,0.0,E,8,-9900,?,9,-9900,?,9,0.0,0.0,E,8
04/01/2015,21:00,0.0,1368.028,0.0,1,8,0.0,1,8,0.0,1,8,0.0,1,8,0.0,1,8,0.0,1,8,-0.0,1,8,-9900,?,9,-9900,?,9,24.46,E,8,21.84,E,8,84.0,E,8,964.3861999999999,E,8,999.0,E,8,1.29,E,8,-9900,?,9,-9900,?,9,0.0,E,8,-9900,?,9,-9900,?,9,0.0,0.0,E,8
04/01/2015,22:00,0.0,1368.028,0.0,1,8,0.0,1,8,0.0,1,8,0.0,1,8,0.0,1,8,0.0,1,8,-0.0,1,8,-9900,?,9,-9900,?,9,23.63,E,8,21.45,E,8,87.0,E,8,964.3861999999999,E,8,999.0,E,8,1.29,E,8,-9900,?,9,-9900,?,9,0.0,E,8,-9900,?,9,-9900,?,9,0.0,0.0,E,8
04/01/2015,23:00,0.0,1368.028,0.0,1,8,0.0,1,8,0.0,1,8,0.0,1,8,0.0,1,8,0.0,1,8,-0.0,1,8,-9900,?,9,-9900,?,9,22.8,E,8,21.04,E,8,89.0,E,8,964.3861999999999,E,8,999.0,E,8,1.29,E,8,-9900,?,9,-9900,?,9,0.0,E,8,-9900,?,9,-9900,?,9,0.0,0.0,E,8
04/01/2015,24:00,0.0,1368.028,0.0,1,8,0.0,1,8,0.0,1,8,0.0,1,8,0.0,1,8,0.0,1,8,-0.0,1,8,-9900,?,9,-9900,?,9,21.98,E,8,19.04,E,8,81.0,E,8,964.3861999999999,E,8,999.0,E,8,1.29,E,8,-9900,?,9,-9900,?,9,0.0,E,8,-9900,?,9,-9900,?,9,0.0,0.0,E,8
04/02/2015,01:00,0.0,1368.028,0.0,1,8,0.0,1,8,0.0,1,8,0.0,1,8,0.0,1,8,0.0,1,8,-0.0,1,8,-9900,?,9,-9900,?,9,21.56,E,8,18.83,E,8,81.0,E,8,964.3861999999999,E,8,999.0,E,8,1.29,E,8,-9900,?,9,-9900,?,9,0.0,E,8,-9900,?,9,-9900,?,9,0.0,0.0,E,8
04/02/2015,02:00,0.0,1368.028,0.0,1,8,0.0,1,8,0.0,1,8,0.0,1,8,0.0,1,8,0.0,1,8,-0.0,1,8,-9900,?,9,-9900,?,9,21.15,E,8,18.62,E,8,82.0,E,8,964.3861999999999,E,8,999.0,E,8,1.29,E,8,-9900,?,9,-9900,?,9,0.0,E,8,-9900,?,9,-9900,?,9,0.0,0.0,E,8
04/02/2015,03:00,0.0,1368.028,0.0,1,8,0.0,1,8,0.0,1,8,0.0,1,8,0.0,1,8,0.0,1,8,-0.0,1,8,-9900,?,9,-9900,?,9,20.74,E,8,18.41,E,8,83.0,E,8,964.3861999999999,E,8,999.0,E,8,1.29,E,8,-9900,?,9,-9900,?,9,0.0,E,8,-9900,?,9,-9900,?,9,0.0,0.0,E,8
04/02/2015,04:00,0.0,1367.219,0.0,1,8,0.0,1,8,0.0,1,8,0.0,1,8,0.0,1,8,0.0,1,8,-0.0,1,8,-9900,?,9,-9900,?,9,20.32,E,8,18.2,E,8,84.0,E,8,964.3861999999999,E,8,999.0,E,8,1.29,E,8,-9900,?,9,-9900,?,9,0.0,E,8,-9900,?,9,-9900,?,9,0.0,0.0,E,8
04/02/2015,05:00,0.0,1367.219,0.0,1,8,0.0,1,8,0.0,1,8,0.0,1,8,0.0,1,8,0.0,1,8,-0.0,1,8,-9900,?,9,-9900,?,9,19.91,E,8,17.98,E,8,85.0,E,8,964.3861999999999,E,8,999.0,E,8,1.29,E,8,-9900,?,9,-9900,?,9,0.0,E,8,-9900,?,9,-9900,?,9,0.0,0.0,E,8
04/02/2015,06:00,0.0,1367.219,0.0,1,8,0.0,1,8,0.0,1,8,0.0,1,8,0.0,1,8,0.0,1,8,-0.0,1,8,-9900,?,9,-9900,?,9,19.59,E,8,17.81,E,8,86.0,E,8,964.3861999999999,E,8,999.0,E,8,1.29,E,8,-9900,?,9,-9900,?,9,0.0,E,8,-9900,?,9,-9900,?,9,0.0,0.0,E,8
04/02/2015,07:00,172.043,1367.219,0.08,1,8,0.0,1,8,0.08,1,8,9.6,1,8,0.0,1,8,8.8,1,8,0.206,1,8,-9900,?,9,-9900,?,9,19.32,E,8,17.67,E,8,90.0,E,8,964.3861999999999,E,8,999.0,E,8,1.29,E,8,-9900,?,9,-9900,?,9,0.097,E,8,-9900,?,9,-9900,?,9,0.97,99.0,E,8
04/02/2015,08:00,486.989,1367.219,90.58,1,8,0.0,1,8,90.58,1,8,10869.6,1,8,0.0,1,8,9963.8,1,8,81.109,1,8,-9900,?,9,-9900,?,9,19.04,E,8,17.52,E,8,87.0,E,8,964.3861999999999,E,8,999.0,E,8,1.29,E,8,-9900,?,9,-9900,?,9,0.0,E,8,-9900,?,9,-9900,?,9,0.0,0.0,E,8
04/02/2015,09:00,767.385,1367.219,228.88,1,8,30.743,1,8,211.636,1,8,27465.6,1,8,2920.607,1,8,23279.916,1,8,120.099,1,8,-9900,?,9,-9900,?,9,22.83,E,8,19.45,E,8,79.0,E,8,964.3861999999999,E,8,999.0,E,8,1.29,E,8,-9900,?,9,-9900,?,9,0.0,E,8,-9900,?,9,-9900,?,9,0.0,0.0,E,8
04/02/2015,10:00,992.913,1367.219,351.95,1,8,41.805,1,8,321.598,1,8,42234.0,1,8,3971.478,1,8,35375.781,1,8,140.995,1,8,-9900,?,9,-9900,?,9,24.36,E,8,20.18,E,8,76.0,E,8,964.3861999999999,E,8,999.0,E,8,1.29,E,8,-9900,?,9,-9900,?,9,0.0,E,8,-9900,?,9,-9900,?,9,0.0,0.0,E,8
04/02/2015,11:00,1148.023,1367.219,445.72,1,8,51.074,1,8,402.839,1,8,53486.4,1,8,4852.044,1,8,44312.339,1,8,152.729,1,8,-9900,?,9,-9900,?,9,25.67,E,8,20.78,E,8,73.0,E,8,964.3861999999999,E,8,999.0,E,8,1.29,E,8,-9900,?,9,-9900,?,9,0.0,E,8,-9900,?,9,-9900,?,9,0.0,0.0,E,8
04/02/2015,12:00,1222.087,1367.219,502.45,1,8,60.099,1,8,448.734,1,8,60294.0,1,8,5709.449,1,8,49360.753,1,8,159.811,1,8,-9900,?,9,-9900,?,9,26.73,E,8,21.24,E,8,71.0,E,8,964.3861999999999,E,8,999.0,E,8,1.29,E,8,-9900,?,9,-9900,?,9,0.0,E,8,-9900,?,9,-9900,?,9,0.0,0.0,E,8
04/02/2015,13:00,1210.035,1367.219,517.82,1,8,71.173,1,8,454.835,1,8,62138.4,1,8,6761.407,1,8,50031.833,1,8,163.598,1,8,-9900,?,9,-9900,?,9,27.5,E,8,21.58,E,8,69.0,E,8,964.3861999999999,E,8,999.0,E,8,1.29,E,8,-9900,?,9,-9900,?,9,0.0,E,8,-9900,?,9,-9900,?,9,0.0,0.0,E,8
04/02/2015,14:00,1112.686,1367.219,490.71,1,8,86.492,1,8,420.331,1,8,58885.2,1,8,8216.71,1,8,46236.399,1,8,164.427,1,8,-9900,?,9,-9900,?,9,27.96,E,8,21.77,E,8,69.0,E,8,964.3861999999999,E,8,999.0,E,8,1.29,E,8,-9900,?,9,-9900,?,9,0.0,E,8,-9900,?,9,-9900,?,9,0.0,0.0,E,8
04/02/2015,15:00,936.691,1367.219,423.11,1,8,90.414,1,8,361.187,1,8,50773.2,1,8,8589.375,1,8,39730.567,1,8,167.868,1,8,-9900,?,9,-9900,?,9,28.1,E,8,21.83,E,8,68.0,E,8,964.3861999999999,E,8,999.0,E,8,1.29,E,8,-9900,?,9,-9900,?,9,0.0,E,8,-9900,?,9,-9900,?,9,0.0,0.0,E,8
04/02/2015,16:00,694.111,1367.219,320.23,1,8,164.557,1,8,236.758,1,8,38427.6,1,8,15632.886,1,8,26043.387,1,8,148.57,1,8,-9900,?,9,-9900,?,9,27.82,E,8,21.71,E,8,69.0,E,8,964.3861999999999,E,8,999.0,E,8,1.29,E,8,-9900,?,9,-9900,?,9,0.0,E,8,-9900,?,9,-9900,?,9,0.0,0.0,E,8
04/02/2015,17:00,401.735,1367.219,191.01,1,8,253.182,1,8,116.843,1,8,22921.2,1,8,24052.309,1,8,12852.778,1,8,126.964,1,8,-9900,?,9,-9900,?,9,27.08,E,8,21.4,E,8,70.0,E,8,964.3861999999999,E,8,999.0,E,8,1.29,E,8,-9900,?,9,-9900,?,9,0.0,E,8,-9900,?,9,-9900,?,9,0.0,0.0,E,8
04/02/2015,18:00,82.457,1367.219,53.84,1,8,207.656,1,8,42.099,1,8,6460.8,1,8,19727.357,1,8,4630.911,1,8,237.012,1,8,-9900,?,9,-9900,?,9,25.97,E,8,20.91,E,8,77.0,E,8,964.3861999999999,E,8,999.0,E,8,1.29,E,8,-9900,?,9,-9900,?,9,0.002,E,8,-9900,?,9,-9900,?,9,0.02,99.0,E,8
04/02/2015,19:00,0.0,1367.219,0.0,1,8,0.0,1,8,0.0,1,8,0.0,1,8,0.0,1,8,0.0,1,8,-0.0,1,8,-9900,?,9,-9900,?,9,25.21,E,8,20.57,E,8,78.0,E,8,964.3861999999999,E,8,999.0,E,8,1.29,E,8,-9900,?,9,-9900,?,9,0.001,E,8,-9900,?,9,-9900,?,9,0.01,99.0,E,8
04/02/2015,20:00,0.0,1367.219,0.0,1,8,0.0,1,8,0.0,1,8,0.0,1,8,0.0,1,8,0.0,1,8,-0.0,1,8,-9900,?,9,-9900,?,9,24.45,E,8,20.22,E,8,75.0,E,8,964.3861999999999,E,8,999.0,E,8,1.29,E,8,-9900,?,9,-9900,?,9,0.0,E,8,-9900,?,9,-9900,?,9,0.0,0.0,E,8
04/02/2015,21:00,0.0,1367.219,0.0,1,8,0.0,1,8,0.0,1,8,0.0,1,8,0.0,1,8,0.0,1,8,-0.0,1,8,-9900,?,9,-9900,?,9,23.68,E,8,19.86,E,8,77.0,E,8,964.3861999999999,E,8,999.0,E,8,1.29,E,8,-9900,?,9,-9900,?,9,0.0,E,8,-9900,?,9,-9900,?,9,0.0,0.0,E,8
04/02/2015,22:00,0.0,1367.219,0.0,1,8,0.0,1,8,0.0,1,8,0.0,1,8,0.0,1,8,0.0,1,8,-0.0,1,8,-9900,?,9,-9900,?,9,22.92,E,8,19.5,E,8,79.0,E,8,964.3861999999999,E,8,999.0,E,8,1.29,E,8,-9900,?,9,-9900,?,9,0.0,E,8,-9900,?,9,-9900,?,9,0.0,0.0,E,8
04/02/2015,23:00,0.0,1367.219,0.0,1,8,0.0,1,8,0.0,1,8,0.0,1,8,0.0,1,8,0.0,1,8,-0.0,1,8,-9900,?,9,-9900,?,9,22.16,E,8,19.13,E,8,80.0,E,8,964.3861999999999,E,8,999.0,E,8,1.29,E,8,-9900,?,9,-9900,?,9,0.0,E,8,-9900,?,9,-9900,?,9,0.0,0.0,E,8
04/02/2015,24:00,0.0,1367.219,0.0,1,8,0.0,1,8,0.0,1,8,0.0,1,8,0.0,1,8,0.0,1,8,-0.0,1,8,-9900,?,9,-9900,?,9,21.39,E,8,19.12,E,8,86.0,E,8,964.3861999999999,E,8,999.0,E,8,1.29,E,8,-9900,?,9,-9900,?,9,0.0,E,8,-9900,?,9,-9900,?,9,0.0,0.0,E,8
04/03/2015,01:00,0.0,1367.219,0.0,1,8,0.0,1,8,0.0,1,8,0.0,1,8,0.0,1,8,0.0,1,8,-0.0,1,8,-9900,?,9,-9900,?,9,21.01,E,8,18.91,E,8,87.0,E,8,964.3861999999999,E,8,999.0,E,8,1.29,E,8,-9900,?,9,-9900,?,9,0.0,E,8,-9900,?,9,-9900,?,9,0.0,0.0,E,8
04/03/2015,02:00,0.0,1367.219,0.0,1,8,0.0,1,8,0.0,1,8,0.0,1,8,0.0,1,8,0.0,1,8,-0.0,1,8,-9900,?,9,-9900,?,9,20.63,E,8,18.69,E,8,88.0,E,8,964.3861999999999,E,8,999.0,E,8,1.29,E,8,-9900,?,9,-9900,?,9,0.0,E,8,-9900,?,9,-9900,?,9,0.0,0.0,E,8
04/03/2015,03:00,0.0,1367.219,0.0,1,8,0.0,1,8,0.0,1,8,0.0,1,8,0.0,1,8,0.0,1,8,-0.0,1,8,-9900,?,9,-9900,?,9,20.25,E,8,18.48,E,8,89.0,E,8,964.3861999999999,E,8,999.0,E,8,1.29,E,8,-9900,?,9,-9900,?,9,0.0,E,8,-9900,?,9,-9900,?,9,0.0,0.0,E,8
04/03/2015,04:00,0.0,1366.411,0.0,1,8,0.0,1,8,0.0,1,8,0.0,1,8,0.0,1,8,0.0,1,8,-0.0,1,8,-9900,?,9,-9900,?,9,19.87,E,8,18.26,E,8,90.0,E,8,964.3861999999999,E,8,999.0,E,8,1.29,E,8,-9900,?,9,-9900,?,9,0.0,E,8,-9900,?,9,-9900,?,9,0.0,0.0,E,8
04/03/2015,05:00,0.0,1366.411,0.0,1,8,0.0,1,8,0.0,1,8,0.0,1,8,0.0,1,8,0.0,1,8,-0.0,1,8,-9900,?,9,-9900,?,9,19.48,E,8,18.03,E,8,91.0,E,8,964.3861999999999,E,8,999.0,E,8,1.29,E,8,-9900,?,9,-9900,?,9,0.0,E,8,-9900,?,9,-9900,?,9,0.0,0.0,E,8
04/03/2015,06:00,0.0,1366.411,0.0,1,8,0.0,1,8,0.0,1,8,0.0,1,8,0.0,1,8,0.0,1,8,-0.0,1,8,-9900,?,9,-9900,?,9,19.19,E,8,17.86,E,8,92.0,E,8,964.3861999999999,E,8,999.0,E,8,1.29,E,8,-9900,?,9,-9900,?,9,0.0,E,8,-9900,?,9,-9900,?,9,0.0,0.0,E,8
04/03/2015,07:00,170.152,1366.411,0.63,1,8,0.0,1,8,0.63,1,8,75.6,1,8,0.0,1,8,69.3,1,8,1.638,1,8,-9900,?,9,-9900,?,9,18.94,E,8,17.71,E,8,92.0,E,8,964.3861999999999,E,8,999.0,E,8,1.29,E,8,-9900,?,9,-9900,?,9,0.0,E,8,-9900,?,9,-9900,?,9,0.0,0.0,E,8
04/03/2015,08:00,484.58,1366.411,193.06,1,8,144.963,1,8,141.754,1,8,23167.2,1,8,13771.458,1,8,15592.994,1,8,127.491,1,8,-9900,?,9,-9900,?,9,18.69,E,8,17.56,E,8,93.0,E,8,964.3861999999999,E,8,999.0,E,8,1.29,E,8,-9900,?,9,-9900,?,9,0.0,E,8,-9900,?,9,-9900,?,9,0.0,0.0,E,8
04/03/2015,09:00,764.415,1366.411,282.83,1,8,75.66,1,8,240.53,1,8,33939.6,1,8,7187.702,1,8,26458.354,1,8,136.947,1,8,-9900,?,9,-9900,?,9,23.99,E,8,20.49,E,8,80.0,E,8,964.3861999999999,E,8,999.0,E,8,1.29,E,8,-9900,?,9,-9900,?,9,0.0,E,8,-9900,?,9,-9900,?,9,0.0,0.0,E,8
04/03/2015,10:00,989.362,1366.411,374.8,1,8,35.551,1,8,349.066,1,8,44976.0,1,8,3377.3,1,8,38397.28,1,8,153.497,1,8,-9900,?,9,-9900,?,9,25.0,E,8,21.0,E,8,78.0,E,8,964.3861999999999,E,8,999.0,E,8,1.29,E,8,-9900,?,9,-9900,?,9,0.0,E,8,-9900,?,9,-9900,?,9,0.0,0.0,E,8
04/03/2015,11:00,1143.91,1366.411,474.76,1,8,66.011,1,8,419.505,1,8,56971.2,1,8,6271.053,1,8,46145.53,1,8,159.526,1,8,-9900,?,9,-9900,?,9,26.07,E,8,21.52,E,8,76.0,E,8,964.3861999999999,E,8,999.0,E,8,1.29,E,8,-9900,?,9,-9900,?,9,0.0,E,8,-9900,?,9,-9900,?,9,0.0,0.0,E,8
04/03/2015,12:00,1217.468,1366.411,535.13,1,8,78.761,1,8,464.96,1,8,64215.6,1,8,7482.282,1,8,51145.559,1,8,166.12,1,8,-9900,?,9,-9900,?,9,26.98,E,8,21.95,E,8,74.0,E,8,964.3861999999999,E,8,999.0,E,8,1.29,E,8,-9900,?,9,-9900,?,9,0.0,E,8,-9900,?,9,-9900,?,9,0.0,0.0,E,8
04/03/2015,13:00,1205.002,1366.411,551.32,1,8,93.459,1,8,468.908,1,8,66158.4,1,8,8878.617,1,8,51579.854,1,8,169.265,1,8,-9900,?,9,-9900,?,9,27.64,E,8,22.26,E,8,72.0,E,8,964.3861999999999,E,8,999.0,E,8,1.29,E,8,-9900,?,9,-9900,?,9,0.0,E,8,-9900,?,9,-9900,?,9,0.0,0.0,E,8
04/03/2015,14:00,1107.358,1366.411,522.14,1,8,113.553,1,8,430.129,1,8,62656.8,1,8,10787.57,1,8,47314.18,1,8,168.97,1,8,-9900,?,9,-9900,?,9,28.02,E,8,22.43,E,8,71.0,E,8,964.3861999999999,E,8,999.0,E,8,1.29,E,8,-9900,?,9,-9900,?,9,0.0,E,8,-9900,?,9,-9900,?,9,0.0,0.0,E,8
04/03/2015,15:00,931.211,1366.411,449.75,1,8,118.259,1,8,369.183,1,8,53970.0,1,8,11234.633,1,8,40610.175,1,8,172.493,1,8,-9900,?,9,-9900,?,9,28.11,E,8,22.47,E,8,71.0,E,8,964.3861999999999,E,8,999.0,E,8,1.29,E,8,-9900,?,9,-9900,?,9,0.0,E,8,-9900,?,9,-9900,?,9,0.0,0.0,E,8
04/03/2015,16:00,688.63,1366.411,339.73,1,8,213.098,1,8,232.427,1,8,40767.6,1,8,20244.346,1,8,25566.973,1,8,146.928,1,8,-9900,?,9,-9900,?,9,27.76,E,8,22.31,E,8,72.0,E,8,964.3861999999999,E,8,999.0,E,8,1.29,E,8,-9900,?,9,-9900,?,9,0.0,E,8,-9900,?,9,-9900,?,9,0.0,0.0,E,8
04/03/2015,17:00,396.414,1366.411,201.66,1,8,318.856,1,8,109.446,1,8,24199.2,1,8,30291.347,1,8,12039.016,1,8,120.461,1,8,-9900,?,9,-9900,?,9,26.96,E,8,21.94,E,8,74.0,E,8,964.3861999999999,E,8,999.0,E,8,1.41,E,8,-9900,?,9,-9900,?,9,0.0,E,8,-9900,?,9,-9900,?,9,0.0,0.0,E,8
04/03/2015,18:00,77.622,1366.411,55.52,1,8,197.182,1,8,45.093,1,8,6662.4,1,8,18732.248,1,8,4960.267,1,8,271.446,1,8,-9900,?,9,-9900,?,9,25.8,E,8,21.39,E,8,76.0,E,8,964.3861999999999,E,8,999.0,E,8,1.29,E,8,-9900,?,9,-9900,?,9,0.0,E,8,-9900,?,9,-9900,?,9,0.0,0.0,E,8
04/03/2015,19:00,0.0,1366.411,0.0,1,8,0.0,1,8,0.0,1,8,0.0,1,8,0.0,1,8,0.0,1,8,-0.0,1,8,-9900,?,9,-9900,?,9,25.03,E,8,21.01,E,8,78.0,E,8,964.3861999999999,E,8,999.0,E,8,1.29,E,8,-9900,?,9,-9900,?,9,0.0,E,8,-9900,?,9,-9900,?,9,0.0,0.0,E,8
04/03/2015,20:00,0.0,1366.411,0.0,1,8,0.0,1,8,0.0,1,8,0.0,1,8,0.0,1,8,0.0,1,8,-0.0,1,8,-9900,?,9,-9900,?,9,24.27,E,8,20.64,E,8,80.0,E,8,964.3861999999999,E,8,999.0,E,8,1.29,E,8,-9900,?,9,-9900,?,9,0.0,E,8,-9900,?,9,-9900,?,9,0.0,0.0,E,8
04/03/2015,21:00,0.0,1366.411,0.0,1,8,0.0,1,8,0.0,1,8,0.0,1,8,0.0,1,8,0.0,1,8,-0.0,1,8,-9900,?,9,-9900,?,9,23.51,E,8,20.25,E,8,81.0,E,8,964.3861999999999,E,8,999.0,E,8,1.29,E,8,-9900,?,9,-9900,?,9,0.0,E,8,-9900,?,9,-9900,?,9,0.0,0.0,E,8
04/03/2015,22:00,0.0,1366.411,0.0,1,8,0.0,1,8,0.0,1,8,0.0,1,8,0.0,1,8,0.0,1,8,-0.0,1,8,-9900,?,9,-9900,?,9,22.75,E,8,19.85,E,8,83.0,E,8,964.3861999999999,E,8,999.0,E,8,1.29,E,8,-9900,?,9,-9900,?,9,0.0,E,8,-9900,?,9,-9900,?,9,0.0,0.0,E,8
04/03/2015,23:00,0.0,1366.411,0.0,1,8,0.0,1,8,0.0,1,8,0.0,1,8,0.0,1,8,0.0,1,8,-0.0,1,8,-9900,?,9,-9900,?,9,21.99,E,8,19.45,E,8,85.0,E,8,964.3861999999999,E,8,999.0,E,8,1.29,E,8,-9900,?,9,-9900,?,9,0.0,E,8,-9900,?,9,-9900,?,9,0.0,0.0,E,8
04/03/2015,24:00,0.0,1366.411,0.0,1,8,0.0,1,8,0.0,1,8,0.0,1,8,0.0,1,8,0.0,1,8,-0.0,1,8,-9900,?,9,-9900,?,9,21.23,E,8,18.92,E,8,91.0,E,8,964.3861999999999,E,8,999.0,E,8,1.29,E,8,-9900,?,9,-9900,?,9,0.006,E,8,-9900,?,9,-9900,?,9,0.06,99.0,E,8
04/04/2015,01:00,0.0,1366.411,0.0,1,8,0.0,1,8,0.0,1,8,0.0,1,8,0.0,1,8,0.0,1,8,-0.0,1,8,-9900,?,9,-9900,?,9,20.85,E,8,18.75,E,8,87.0,E,8,964.3861999999999,E,8,999.0,E,8,1.29,E,8,-9900,?,9,-9900,?,9,0.0,E,8,-9900,?,9,-9900,?,9,0.0,0.0,E,8
04/04/2015,02:00,0.0,1366.411,0.0,1,8,0.0,1,8,0.0,1,8,0.0,1,8,0.0,1,8,0.0,1,8,-0.0,1,8,-9900,?,9,-9900,?,9,20.47,E,8,18.58,E,8,88.0,E,8,964.3861999999999,E,8,999.0,E,8,1.29,E,8,-9900,?,9,-9900,?,9,0.0,E,8,-9900,?,9,-9900,?,9,0.0,0.0,E,8
04/04/2015,03:00,0.0,1366.411,0.0,1,8,0.0,1,8,0.0,1,8,0.0,1,8,0.0,1,8,0.0,1,8,-0.0,1,8,-9900,?,9,-9900,?,9,20.09,E,8,18.4,E,8,90.0,E,8,964.3861999999999,E,8,999.0,E,8,1.29,E,8,-9900,?,9,-9900,?,9,0.0,E,8,-9900,?,9,-9900,?,9,0.0,0.0,E,8
04/04/2015,04:00,0.0,1365.603,0.0,1,8,0.0,1,8,0.0,1,8,0.0,1,8,0.0,1,8,0.0,1,8,-0.0,1,8,-9900,?,9,-9900,?,9,19.71,E,8,18.23,E,8,91.0,E,8,964.3861999999999,E,8,999.0,E,8,1.29,E,8,-9900,?,9,-9900,?,9,0.0,E,8,-9900,?,9,-9900,?,9,0.0,0.0,E,8
04/04/2015,05:00,0.0,1365.603,0.0,1,8,0.0,1,8,0.0,1,8,0.0,1,8,0.0,1,8,0.0,1,8,-0.0,1,8,-9900,?,9,-9900,?,9,19.33,E,8,18.05,E,8,92.0,E,8,964.3861999999999,E,8,999.0,E,8,1.29,E,8,-9900,?,9,-9900,?,9,0.0,E,8,-9900,?,9,-9900,?,9,0.0,0.0,E,8
04/04/2015,06:00,0.0,1365.603,0.0,1,8,0.0,1,8,0.0,1,8,0.0,1,8,0.0,1,8,0.0,1,8,-0.0,1,8,-9900,?,9,-9900,?,9,19.03,E,8,17.91,E,8,93.0,E,8,964.3861999999999,E,8,999.0,E,8,1.29,E,8,-9900,?,9,-9900,?,9,0.0,E,8,-9900,?,9,-9900,?,9,0.0,0.0,E,8
04/04/2015,07:00,168.256,1365.603,0.47,1,8,0.0,1,8,0.47,1,8,56.4,1,8,0.0,1,8,51.7,1,8,1.236,1,8,-9900,?,9,-9900,?,9,18.78,E,8,17.79,E,8,93.0,E,8,964.3861999999999,E,8,999.0,E,8,1.29,E,8,-9900,?,9,-9900,?,9,0.0,E,8,-9900,?,9,-9900,?,9,0.0,0.0,E,8
04/04/2015,08:00,482.153,1365.603,141.57,1,8,31.012,1,8,130.643,1,8,16988.4,1,8,2946.179,1,8,14370.704,1,8,118.021,1,8,-9900,?,9,-9900,?,9,18.53,E,8,17.68,E,8,94.0,E,8,964.3861999999999,E,8,999.0,E,8,1.29,E,8,-9900,?,9,-9900,?,9,0.0,E,8,-9900,?,9,-9900,?,9,0.0,0.0,E,8
04/04/2015,09:00,761.418,1365.603,268.77,1,8,61.554,1,8,234.472,1,8,32252.4,1,8,5847.588,1,8,25791.913,1,8,133.944,1,8,-9900,?,9,-9900,?,9,23.57,E,8,19.92,E,8,80.0,E,8,964.3861999999999,E,8,999.0,E,8,1.29,E,8,-9900,?,9,-9900,?,9,0.0,E,8,-9900,?,9,-9900,?,9,0.0,0.0,E,8
04/04/2015,10:00,985.777,1365.603,307.96,1,8,25.36,1,8,289.658,1,8,36955.2,1,8,2409.203,1,8,31862.434,1,8,127.761,1,8,-9900,?,9,-9900,?,9,24.41,E,8,20.27,E,8,77.0,E,8,964.3861999999999,E,8,999.0,E,8,1.29,E,8,-9900,?,9,-9900,?,9,0.0,E,8,-9900,?,9,-9900,?,9,0.0,0.0,E,8
04/04/2015,11:00,1139.759,1365.603,442.07,1,8,36.336,1,8,411.747,1,8,53048.4,1,8,3451.932,1,8,45292.174,1,8,157.053,1,8,-9900,?,9,-9900,?,9,25.65,E,8,20.77,E,8,74.0,E,8,964.3861999999999,E,8,999.0,E,8,1.29,E,8,-9900,?,9,-9900,?,9,0.0,E,8,-9900,?,9,-9900,?,9,0.0,0.0,E,8
04/04/2015,12:00,1212.813,1365.603,498.23,1,8,60.169,1,8,444.798,1,8,59787.6,1,8,5716.008,1,8,48927.74,1,8,159.433,1,8,-9900,?,9,-9900,?,9,26.67,E,8,21.17,E,8,76.0,E,8,964.3861999999999,E,8,999.0,E,8,1.29,E,8,-9900,?,9,-9900,?,9,0.002,E,8,-9900,?,9,-9900,?,9,0.02,99.0,E,8
04/04/2015,13:00,1199.937,1365.603,513.15,1,8,71.346,1,8,450.465,1,8,61578.0,1,8,6777.884,1,8,49551.098,1,8,163.198,1,8,-9900,?,9,-9900,?,9,27.42,E,8,21.46,E,8,70.0,E,8,964.3861999999999,E,8,999.0,E,8,1.29,E,8,-9900,?,9,-9900,?,9,0.0,E,8,-9900,?,9,-9900,?,9,0.0,0.0,E,8
04/04/2015,14:00,1102.008,1365.603,485.7,1,8,86.807,1,8,415.66,1,8,58284.0,1,8,8246.689,1,8,45722.57,1,8,163.982,1,8,-9900,?,9,-9900,?,9,27.85,E,8,21.62,E,8,73.0,E,8,964.3861999999999,E,8,999.0,E,8,1.29,E,8,-9900,?,9,-9900,?,9,0.001,E,8,-9900,?,9,-9900,?,9,0.01,99.0,E,8
04/04/2015,15:00,925.719,1365.603,417.93,1,8,136.137,1,8,325.677,1,8,50151.6,1,8,12932.997,1,8,35824.477,1,8,152.979,1,8,-9900,?,9,-9900,?,9,27.97,E,8,21.67,E,8,68.0,E,8,964.3861999999999,E,8,999.0,E,8,1.29,E,8,-9900,?,9,-9900,?,9,0.0,E,8,-9900,?,9,-9900,?,9,0.0,0.0,E,8
04/04/2015,16:00,683.152,1365.603,164.04,1,8,5.682,1,8,161.2,1,8,19684.8,1,8,539.837,1,8,17731.977,1,8,102.66,1,8,-9900,?,9,-9900,?,9,26.95,E,8,21.28,E,8,71.0,E,8,964.3861999999999,E,8,999.0,E,8,1.29,E,8,-9900,?,9,-9900,?,9,0.0,E,8,-9900,?,9,-9900,?,9,0.0,0.0,E,8
04/04/2015,17:00,391.109,1365.603,105.55,1,8,20.756,1,8,99.625,1,8,12666.0,1,8,1971.793,1,8,10958.718,1,8,111.082,1,8,-9900,?,9,-9900,?,9,25.88,E,8,20.86,E,8,73.0,E,8,964.3861999999999,E,8,999.0,E,8,1.29,E,8,-9900,?,9,-9900,?,9,0.0,E,8,-9900,?,9,-9900,?,9,0.0,0.0,E,8
04/04/2015,18:00,72.832,1365.603,50.0,1,8,0.0,1,8,50.0,1,8,6000.0,1,8,0.0,1,8,5500.0,1,8,323.249,1,8,-9900,?,9,-9900,?,9,24.8,E,8,20.43,E,8,86.0,E,8,964.3861999999999,E,8,999.0,E,8,1.29,E,8,-9900,?,9,-9900,?,9,0.191,E,8,-9900,?,9,-9900,?,9,1.91,99.0,E,8
04/04/2015,19:00,0.0,1365.603,0.0,1,8,0.0,1,8,0.0,1,8,0.0,1,8,0.0,1,8,0.0,1,8,-0.0,1,8,-9900,?,9,-9900,?,9,24.15,E,8,20.16,E,8,78.0,E,8,964.3861999999999,E,8,999.0,E,8,1.29,E,8,-9900,?,9,-9900,?,9,0.0,E,8,-9900,?,9,-9900,?,9,0.0,0.0,E,8
04/04/2015,20:00,0.0,1365.603,0.0,1,8,0.0,1,8,0.0,1,8,0.0,1,8,0.0,1,8,0.0,1,8,-0.0,1,8,-9900,?,9,-9900,?,9,23.5,E,8,19.89,E,8,80.0,E,8,964.3861999999999,E,8,999.0,E,8,1.29,E,8,-9900,?,9,-9900,?,9,0.0,E,8,-9900,?,9,-9900,?,9,0.0,0.0,E,8
04/04/2015,21:00,0.0,1365.603,0.0,1,8,0.0,1,8,0.0,1,8,0.0,1,8,0.0,1,8,0.0,1,8,-0.0,1,8,-9900,?,9,-9900,?,9,22.85,E,8,19.62,E,8,82.0,E,8,964.3861999999999,E,8,999.0,E,8,1.29,E,8,-9900,?,9,-9900,?,9,0.0,E,8,-9900,?,9,-9900,?,9,0.0,0.0,E,8
04/04/2015,22:00,0.0,1365.603,0.0,1,8,0.0,1,8,0.0,1,8,0.0,1,8,0.0,1,8,0.0,1,8,-0.0,1,8,-9900,?,9,-9900,?,9,22.2,E,8,19.34,E,8,83.0,E,8,964.3861999999999,E,8,999.0,E,8,1.29,E,8,-9900,?,9,-9900,?,9,0.0,E,8,-9900,?,9,-9900,?,9,0.0,0.0,E,8
04/04/2015,23:00,0.0,1365.603,0.0,1,8,0.0,1,8,0.0,1,8,0.0,1,8,0.0,1,8,0.0,1,8,-0.0,1,8,-9900,?,9,-9900,?,9,21.54,E,8,19.05,E,8,85.0,E,8,964.3861999999999,E,8,999.0,E,8,1.29,E,8,-9900,?,9,-9900,?,9,0.0,E,8,-9900,?,9,-9900,?,9,0.0,0.0,E,8
04/04/2015,24:00,0.0,1365.603,0.0,1,8,0.0,1,8,0.0,1,8,0.0,1,8,0.0,1,8,0.0,1,8,-0.0,1,8,-9900,?,9,-9900,?,9,20.89,E,8,18.27,E,8,84.0,E,8,964.3861999999999,E,8,999.0,E,8,0.97,E,8,-9900,?,9,-9900,?,9,0.0,E,8,-9900,?,9,-9900,?,9,0.0,0.0,E,8
04/05/2015,01:00,0.0,1365.603,0.0,1,8,0.0,1,8,0.0,1,8,0.0,1,8,0.0,1,8,0.0,1,8,-0.0,1,8,-9900,?,9,-9900,?,9,20.57,E,8,18.19,E,8,86.0,E,8,964.3861999999999,E,8,999.0,E,8,0.97,E,8,-9900,?,9,-9900,?,9,0.0,E,8,-9900,?,9,-9900,?,9,0.0,0.0,E,8
04/05/2015,02:00,0.0,1365.603,0.0,1,8,0.0,1,8,0.0,1,8,0.0,1,8,0.0,1,8,0.0,1,8,-0.0,1,8,-9900,?,9,-9900,?,9,20.24,E,8,18.11,E,8,87.0,E,8,964.3861999999999,E,8,999.0,E,8,0.97,E,8,-9900,?,9,-9900,?,9,0.0,E,8,-9900,?,9,-9900,?,9,0.0,0.0,E,8
04/05/2015,03:00,0.0,1365.603,0.0,1,8,0.0,1,8,0.0,1,8,0.0,1,8,0.0,1,8,0.0,1,8,-0.0,1,8,-9900,?,9,-9900,?,9,19.91,E,8,18.02,E,8,88.0,E,8,964.3861999999999,E,8,999.0,E,8,0.97,E,8,-9900,?,9,-9900,?,9,0.0,E,8,-9900,?,9,-9900,?,9,0.0,0.0,E,8
04/05/2015,04:00,0.0,1364.797,0.0,1,8,0.0,1,8,0.0,1,8,0.0,1,8,0.0,1,8,0.0,1,8,-0.0,1,8,-9900,?,9,-9900,?,9,19.59,E,8,17.94,E,8,90.0,E,8,964.3861999999999,E,8,999.0,E,8,0.97,E,8,-9900,?,9,-9900,?,9,0.0,E,8,-9900,?,9,-9900,?,9,0.0,0.0,E,8
04/05/2015,05:00,0.0,1364.797,0.0,1,8,0.0,1,8,0.0,1,8,0.0,1,8,0.0,1,8,0.0,1,8,-0.0,1,8,-9900,?,9,-9900,?,9,19.26,E,8,17.85,E,8,91.0,E,8,964.3861999999999,E,8,999.0,E,8,0.97,E,8,-9900,?,9,-9900,?,9,0.0,E,8,-9900,?,9,-9900,?,9,0.0,0.0,E,8
04/05/2015,06:00,0.0,1364.797,0.0,1,8,0.0,1,8,0.0,1,8,0.0,1,8,0.0,1,8,0.0,1,8,-0.0,1,8,-9900,?,9,-9900,?,9,19.01,E,8,17.79,E,8,92.0,E,8,964.3861999999999,E,8,999.0,E,8,0.97,E,8,-9900,?,9,-9900,?,9,0.0,E,8,-9900,?,9,-9900,?,9,0.0,0.0,E,8
04/05/2015,07:00,166.354,1364.797,0.0,1,8,0.0,1,8,0.0,1,8,0.0,1,8,0.0,1,8,0.0,1,8,0.0,1,8,-9900,?,9,-9900,?,9,18.8,E,8,17.73,E,8,93.0,E,8,964.3861999999999,E,8,999.0,E,8,0.97,E,8,-9900,?,9,-9900,?,9,0.0,E,8,-9900,?,9,-9900,?,9,0.0,0.0,E,8
04/05/2015,08:00,479.707,1364.797,103.01,1,8,0.0,1,8,103.01,1,8,12361.2,1,8,0.0,1,8,11331.1,1,8,93.479,1,8,-9900,?,9,-9900,?,9,18.58,E,8,17.67,E,8,94.0,E,8,964.3861999999999,E,8,999.0,E,8,0.97,E,8,-9900,?,9,-9900,?,9,0.0,E,8,-9900,?,9,-9900,?,9,0.0,0.0,E,8
04/05/2015,09:00,758.392,1364.797,263.5,1,8,63.752,1,8,228.097,1,8,31620.0,1,8,6056.436,1,8,25090.719,1,8,130.746,1,8,-9900,?,9,-9900,?,9,22.88,E,8,18.77,E,8,77.0,E,8,964.3861999999999,E,8,999.0,E,8,0.97,E,8,-9900,?,9,-9900,?,9,0.0,E,8,-9900,?,9,-9900,?,9,0.0,0.0,E,8
04/05/2015,10:00,982.158,1364.797,406.27,1,8,76.047,1,8,351.558,1,8,48752.4,1,8,7224.512,1,8,38671.421,1,8,155.544,1,8,-9900,?,9,-9900,?,9,24.63,E,8,19.2,E,8,71.0,E,8,964.3861999999999,E,8,999.0,E,8,0.97,E,8,-9900,?,9,-9900,?,9,0.0,E,8,-9900,?,9,-9900,?,9,0.0,0.0,E,8
04/05/2015,11:00,1135.573,1364.797,514.83,1,8,94.681,1,8,436.061,1,8,61779.6,1,8,8994.741,1,8,47966.709,1,8,166.843,1,8,-9900,?,9,-9900,?,9,26.14,E,8,19.56,E,8,67.0,E,8,964.3861999999999,E,8,999.0,E,8,0.98,E,8,-9900,?,9,-9900,?,9,0.0,E,8,-9900,?,9,-9900,?,9,0.0,0.0,E,8
04/05/2015,12:00,1208.124,1364.797,580.18,1,8,113.114,1,8,480.059,1,8,69621.6,1,8,10745.795,1,8,52806.543,1,8,172.638,1,8,-9900,?,9,-9900,?,9,27.35,E,8,19.85,E,8,63.0,E,8,964.3861999999999,E,8,999.0,E,8,1.15,E,8,-9900,?,9,-9900,?,9,0.0,E,8,-9900,?,9,-9900,?,9,0.0,0.0,E,8
04/05/2015,13:00,1194.844,1364.797,597.35,1,8,134.181,1,8,479.889,1,8,71682.0,1,8,12747.164,1,8,52787.771,1,8,174.496,1,8,-9900,?,9,-9900,?,9,28.23,E,8,20.05,E,8,61.0,E,8,964.3861999999999,E,8,999.0,E,8,1.85,E,8,-9900,?,9,-9900,?,9,0.0,E,8,-9900,?,9,-9900,?,9,0.0,0.0,E,8
04/05/2015,14:00,1096.638,1364.797,565.06,1,8,162.359,1,8,434.622,1,8,67807.2,1,8,15424.147,1,8,47808.464,1,8,172.202,1,8,-9900,?,9,-9900,?,9,28.74,E,8,20.17,E,8,59.0,E,8,964.3861999999999,E,8,999.0,E,8,1.64,E,8,-9900,?,9,-9900,?,9,0.0,E,8,-9900,?,9,-9900,?,9,0.0,0.0,E,8
04/05/2015,15:00,920.219,1364.797,485.73,1,8,167.518,1,8,372.82,1,8,58287.6,1,8,15914.185,1,8,41010.241,1,8,176.068,1,8,-9900,?,9,-9900,?,9,28.9,E,8,20.2,E,8,59.0,E,8,964.3861999999999,E,8,999.0,E,8,2.1,E,8,-9900,?,9,-9900,?,9,0.0,E,8,-9900,?,9,-9900,?,9,0.0,0.0,E,8
04/05/2015,16:00,677.679,1364.797,365.46,1,8,370.718,1,8,181.547,1,8,43855.2,1,8,35218.253,1,8,19970.206,1,8,116.486,1,8,-9900,?,9,-9900,?,9,28.57,E,8,20.13,E,8,60.0,E,8,964.3861999999999,E,8,999.0,E,8,2.16,E,8,-9900,?,9,-9900,?,9,0.0,E,8,-9900,?,9,-9900,?,9,0.0,0.0,E,8
04/05/2015,17:00,385.825,1364.797,214.82,1,8,424.973,1,8,95.079,1,8,25778.4,1,8,40372.442,1,8,10458.699,1,8,107.412,1,8,-9900,?,9,-9900,?,9,27.71,E,8,19.93,E,8,62.0,E,8,964.3861999999999,E,8,999.0,E,8,2.39,E,8,-9900,?,9,-9900,?,9,0.0,E,8,-9900,?,9,-9900,?,9,0.0,0.0,E,8
04/05/2015,18:00,68.093,1364.797,56.28,1,8,0.0,1,8,56.28,1,8,6753.6,1,8,0.0,1,8,6190.8,1,8,392.735,1,8,-9900,?,9,-9900,?,9,26.42,E,8,19.63,E,8,66.0,E,8,964.3861999999999,E,8,999.0,E,8,2.12,E,8,-9900,?,9,-9900,?,9,0.0,E,8,-9900,?,9,-9900,?,9,0.0,0.0,E,8
04/05/2015,19:00,0.0,1364.797,0.0,1,8,0.0,1,8,0.0,1,8,0.0,1,8,0.0,1,8,0.0,1,8,-0.0,1,8,-9900,?,9,-9900,?,9,25.66,E,8,19.45,E,8,73.0,E,8,964.3861999999999,E,8,999.0,E,8,1.85,E,8,-9900,?,9,-9900,?,9,0.001,E,8,-9900,?,9,-9900,?,9,0.01,99.0,E,8
04/05/2015,20:00,0.0,1364.797,0.0,1,8,0.0,1,8,0.0,1,8,0.0,1,8,0.0,1,8,0.0,1,8,-0.0,1,8,-9900,?,9,-9900,?,9,24.89,E,8,19.26,E,8,75.0,E,8,964.3861999999999,E,8,999.0,E,8,1.15,E,8,-9900,?,9,-9900,?,9,0.002,E,8,-9900,?,9,-9900,?,9,0.02,99.0,E,8
04/05/2015,21:00,0.0,1364.797,0.0,1,8,0.0,1,8,0.0,1,8,0.0,1,8,0.0,1,8,0.0,1,8,-0.0,1,8,-9900,?,9,-9900,?,9,24.12,E,8,19.08,E,8,78.0,E,8,964.3861999999999,E,8,999.0,E,8,0.97,E,8,-9900,?,9,-9900,?,9,0.097,E,8,-9900,?,9,-9900,?,9,0.97,99.0,E,8
04/05/2015,22:00,0.0,1364.797,0.0,1,8,0.0,1,8,0.0,1,8,0.0,1,8,0.0,1,8,0.0,1,8,-0.0,1,8,-9900,?,9,-9900,?,9,23.35,E,8,18.89,E,8,76.0,E,8,964.3861999999999,E,8,999.0,E,8,0.98,E,8,-9900,?,9,-9900,?,9,0.0,E,8,-9900,?,9,-9900,?,9,0.0,0.0,E,8
04/05/2015,23:00,0.0,1364.797,0.0,1,8,0.0,1,8,0.0,1,8,0.0,1,8,0.0,1,8,0.0,1,8,-0.0,1,8,-9900,?,9,-9900,?,9,22.58,E,8,18.7,E,8,78.0,E,8,964.3861999999999,E,8,999.0,E,8,1.01,E,8,-9900,?,9,-9900,?,9,0.0,E,8,-9900,?,9,-9900,?,9,0.0,0.0,E,8
04/05/2015,24:00,0.0,1364.797,0.0,1,8,0.0,1,8,0.0,1,8,0.0,1,8,0.0,1,8,0.0,1,8,-0.0,1,8,-9900,?,9,-9900,?,9,21.81,E,8,19.2,E,8,85.0,E,8,964.3861999999999,E,8,999.0,E,8,3.05,E,8,-9900,?,9,-9900,?,9,0.0,E,8,-9900,?,9,-9900,?,9,0.0,0.0,E,8
04/06/2015,01:00,0.0,1364.797,0.0,1,8,0.0,1,8,0.0,1,8,0.0,1,8,0.0,1,8,0.0,1,8,-0.0,1,8,-9900,?,9,-9900,?,9,21.43,E,8,19.07,E,8,86.0,E,8,964.3861999999999,E,8,999.0,E,8,3.02,E,8,-9900,?,9,-9900,?,9,0.0,E,8,-9900,?,9,-9900,?,9,0.0,0.0,E,8
04/06/2015,02:00,0.0,1364.797,0.0,1,8,0.0,1,8,0.0,1,8,0.0,1,8,0.0,1,8,0.0,1,8,-0.0,1,8,-9900,?,9,-9900,?,9,21.04,E,8,18.93,E,8,87.0,E,8,964.3861999999999,E,8,999.0,E,8,2.07,E,8,-9900,?,9,-9900,?,9,0.0,E,8,-9900,?,9,-9900,?,9,0.0,0.0,E,8
04/06/2015,03:00,0.0,1364.797,0.0,1,8,0.0,1,8,0.0,1,8,0.0,1,8,0.0,1,8,0.0,1,8,-0.0,1,8,-9900,?,9,-9900,?,9,20.66,E,8,18.8,E,8,89.0,E,8,964.3861999999999,E,8,999.0,E,8,2.99,E,8,-9900,?,9,-9900,?,9,0.0,E,8,-9900,?,9,-9900,?,9,0.0,0.0,E,8
04/06/2015,04:00,0.0,1363.992,0.0,1,8,0.0,1,8,0.0,1,8,0.0,1,8,0.0,1,8,0.0,1,8,-0.0,1,8,-9900,?,9,-9900,?,9,20.27,E,8,18.66,E,8,90.0,E,8,964.3861999999999,E,8,999.0,E,8,2.48,E,8,-9900,?,9,-9900,?,9,0.0,E,8,-9900,?,9,-9900,?,9,0.0,0.0,E,8
04/06/2015,05:00,0.0,1363.992,0.0,1,8,0.0,1,8,0.0,1,8,0.0,1,8,0.0,1,8,0.0,1,8,-0.0,1,8,-9900,?,9,-9900,?,9,19.89,E,8,18.53,E,8,91.0,E,8,964.3861999999999,E,8,999.0,E,8,2.76,E,8,-9900,?,9,-9900,?,9,0.0,E,8,-9900,?,9,-9900,?,9,0.0,0.0,E,8
04/06/2015,06:00,0.0,1363.992,0.0,1,8,0.0,1,8,0.0,1,8,0.0,1,8,0.0,1,8,0.0,1,8,-0.0,1,8,-9900,?,9,-9900,?,9,19.59,E,8,18.42,E,8,92.0,E,8,964.3861999999999,E,8,999.0,E,8,1.75,E,8,-9900,?,9,-9900,?,9,0.0,E,8,-9900,?,9,-9900,?,9,0.0,0.0,E,8
04/06/2015,07:00,164.444,1363.992,0.0,1,8,0.0,1,8,0.0,1,8,0.0,1,8,0.0,1,8,0.0,1,8,0.0,1,8,-9900,?,9,-9900,?,9,19.34,E,8,18.33,E,8,93.0,E,8,964.3861999999999,E,8,999.0,E,8,1.6,E,8,-9900,?,9,-9900,?,9,0.0,E,8,-9900,?,9,-9900,?,9,0.0,0.0,E,8
04/06/2015,08:00,477.242,1363.992,94.24,1,8,0.0,1,8,94.24,1,8,11308.8,1,8,0.0,1,8,10366.4,1,8,85.914,1,8,-9900,?,9,-9900,?,9,19.09,E,8,18.24,E,8,94.0,E,8,964.3861999999999,E,8,999.0,E,8,2.11,E,8,-9900,?,9,-9900,?,9,0.0,E,8,-9900,?,9,-9900,?,9,0.0,0.0,E,8
04/06/2015,09:00,755.339,1363.992,242.08,1,8,43.851,1,8,217.813,1,8,29049.6,1,8,4165.813,1,8,23959.415,1,8,125.283,1,8,-9900,?,9,-9900,?,9,23.02,E,8,19.6,E,8,81.0,E,8,964.3861999999999,E,8,999.0,E,8,3.85,E,8,-9900,?,9,-9900,?,9,0.0,E,8,-9900,?,9,-9900,?,9,0.0,0.0,E,8
04/06/2015,10:00,978.506,1363.992,373.59,1,8,56.997,1,8,332.712,1,8,44830.8,1,8,5414.745,1,8,36598.358,1,8,147.668,1,8,-9900,?,9,-9900,?,9,24.63,E,8,20.13,E,8,76.0,E,8,964.3861999999999,E,8,999.0,E,8,2.83,E,8,-9900,?,9,-9900,?,9,0.0,E,8,-9900,?,9,-9900,?,9,0.0,0.0,E,8
04/06/2015,11:00,1131.352,1363.992,473.52,1,8,68.716,1,8,416.532,1,8,56822.4,1,8,6527.991,1,8,45818.51,1,8,159.871,1,8,-9900,?,9,-9900,?,9,26.01,E,8,20.57,E,8,71.0,E,8,964.3861999999999,E,8,999.0,E,8,1.6,E,8,-9900,?,9,-9900,?,9,0.0,E,8,-9900,?,9,-9900,?,9,0.0,0.0,E,8
04/06/2015,12:00,1203.402,1363.992,533.58,1,8,82.154,1,8,461.104,1,8,64029.6,1,8,7804.649,1,8,50721.473,1,8,166.374,1,8,-9900,?,9,-9900,?,9,27.13,E,8,20.92,E,8,68.0,E,8,964.3861999999999,E,8,999.0,E,8,1.76,E,8,-9900,?,9,-9900,?,9,0.0,E,8,-9900,?,9,-9900,?,9,0.0,0.0,E,8
04/06/2015,13:00,1189.725,1363.992,549.2,1,8,97.652,1,8,464.033,1,8,65904.0,1,8,9276.899,1,8,51043.576,1,8,169.357,1,8,-9900,?,9,-9900,?,9,27.93,E,8,21.17,E,8,66.0,E,8,964.3861999999999,E,8,999.0,E,8,2.21,E,8,-9900,?,9,-9900,?,9,0.0,E,8,-9900,?,9,-9900,?,9,0.0,0.0,E,8
04/06/2015,14:00,1091.251,1363.992,519.21,1,8,118.813,1,8,424.17,1,8,62305.2,1,8,11287.225,1,8,46658.738,1,8,168.791,1,8,-9900,?,9,-9900,?,9,28.4,E,8,21.31,E,8,65.0,E,8,964.3861999999999,E,8,999.0,E,8,3.42,E,8,-9900,?,9,-9900,?,9,0.0,E,8,-9900,?,9,-9900,?,9,0.0,0.0,E,8
04/06/2015,15:00,914.714,1363.992,445.84,1,8,123.9,1,8,362.78,1,8,53500.8,1,8,11770.53,1,8,39905.84,1,8,172.257,1,8,-9900,?,9,-9900,?,9,28.54,E,8,21.35,E,8,65.0,E,8,964.3861999999999,E,8,999.0,E,8,2.61,E,8,-9900,?,9,-9900,?,9,0.0,E,8,-9900,?,9,-9900,?,9,0.0,0.0,E,8
04/06/2015,16:00,672.214,1363.992,334.78,1,8,223.641,1,8,224.664,1,8,40173.6,1,8,21245.867,1,8,24713.028,1,8,145.239,1,8,-9900,?,9,-9900,?,9,28.24,E,8,21.26,E,8,65.0,E,8,964.3861999999999,E,8,999.0,E,8,3.22,E,8,-9900,?,9,-9900,?,9,0.0,E,8,-9900,?,9,-9900,?,9,0.0,0.0,E,8
04/06/2015,17:00,380.565,1363.992,195.82,1,8,335.52,1,8,102.526,1,8,23498.4,1,8,31874.434,1,8,11277.866,1,8,117.368,1,8,-9900,?,9,-9900,?,9,27.44,E,8,21.02,E,8,68.0,E,8,964.3861999999999,E,8,999.0,E,8,4.06,E,8,-9900,?,9,-9900,?,9,0.0,E,8,-9900,?,9,-9900,?,9,0.0,0.0,E,8
04/06/2015,18:00,63.409,1363.992,49.99,1,8,0.0,1,8,49.99,1,8,5998.8,1,8,0.0,1,8,5498.9,1,8,378.715,1,8,-9900,?,9,-9900,?,9,26.26,E,8,20.65,E,8,71.0,E,8,964.3861999999999,E,8,999.0,E,8,3.36,E,8,-9900,?,9,-9900,?,9,0.0,E,8,-9900,?,9,-9900,?,9,0.0,0.0,E,8
04/06/2015,19:00,0.0,1363.992,0.0,1,8,0.0,1,8,0.0,1,8,0.0,1,8,0.0,1,8,0.0,1,8,-0.0,1,8,-9900,?,9,-9900,?,9,25.47,E,8,20.4,E,8,73.0,E,8,964.3861999999999,E,8,999.0,E,8,1.96,E,8,-9900,?,9,-9900,?,9,0.0,E,8,-9900,?,9,-9900,?,9,0.0,0.0,E,8
04/06/2015,20:00,0.0,1363.992,0.0,1,8,0.0,1,8,0.0,1,8,0.0,1,8,0.0,1,8,0.0,1,8,-0.0,1,8,-9900,?,9,-9900,?,9,24.68,E,8,20.15,E,8,75.0,E,8,964.3861999999999,E,8,999.0,E,8,1.6,E,8,-9900,?,9,-9900,?,9,0.0,E,8,-9900,?,9,-9900,?,9,0.0,0.0,E,8
04/06/2015,21:00,0.0,1363.992,0.0,1,8,0.0,1,8,0.0,1,8,0.0,1,8,0.0,1,8,0.0,1,8,-0.0,1,8,-9900,?,9,-9900,?,9,23.88,E,8,19.89,E,8,78.0,E,8,964.3861999999999,E,8,999.0,E,8,1.6,E,8,-9900,?,9,-9900,?,9,0.0,E,8,-9900,?,9,-9900,?,9,0.0,0.0,E,8
04/06/2015,22:00,0.0,1363.992,0.0,1,8,0.0,1,8,0.0,1,8,0.0,1,8,0.0,1,8,0.0,1,8,-0.0,1,8,-9900,?,9,-9900,?,9,23.09,E,8,19.63,E,8,80.0,E,8,964.3861999999999,E,8,999.0,E,8,1.6,E,8,-9900,?,9,-9900,?,9,0.0,E,8,-9900,?,9,-9900,?,9,0.0,0.0,E,8
04/06/2015,23:00,0.0,1363.992,0.0,1,8,0.0,1,8,0.0,1,8,0.0,1,8,0.0,1,8,0.0,1,8,-0.0,1,8,-9900,?,9,-9900,?,9,22.3,E,8,19.36,E,8,83.0,E,8,964.3861999999999,E,8,999.0,E,8,1.6,E,8,-9900,?,9,-9900,?,9,0.0,E,8,-9900,?,9,-9900,?,9,0.0,0.0,E,8
04/06/2015,24:00,0.0,1363.992,0.0,1,8,0.0,1,8,0.0,1,8,0.0,1,8,0.0,1,8,0.0,1,8,-0.0,1,8,-9900,?,9,-9900,?,9,21.51,E,8,19.56,E,8,94.0,E,8,964.3861999999999,E,8,999.0,E,8,1.29,E,8,-9900,?,9,-9900,?,9,0.118,E,8,-9900,?,9,-9900,?,9,1.18,99.0,E,8
04/07/2015,01:00,0.0,1363.992,0.0,1,8,0.0,1,8,0.0,1,8,0.0,1,8,0.0,1,8,0.0,1,8,-0.0,1,8,-9900,?,9,-9900,?,9,21.11,E,8,19.42,E,8,91.0,E,8,964.3861999999999,E,8,999.0,E,8,1.29,E,8,-9900,?,9,-9900,?,9,0.026000000000000002,E,8,-9900,?,9,-9900,?,9,0.26,99.0,E,8
04/07/2015,02:00,0.0,1363.992,0.0,1,8,0.0,1,8,0.0,1,8,0.0,1,8,0.0,1,8,0.0,1,8,-0.0,1,8,-9900,?,9,-9900,?,9,20.72,E,8,19.28,E,8,92.0,E,8,964.3861999999999,E,8,999.0,E,8,1.29,E,8,-9900,?,9,-9900,?,9,0.005,E,8,-9900,?,9,-9900,?,9,0.05,99.0,E,8
04/07/2015,03:00,0.0,1363.992,0.0,1,8,0.0,1,8,0.0,1,8,0.0,1,8,0.0,1,8,0.0,1,8,-0.0,1,8,-9900,?,9,-9900,?,9,20.32,E,8,19.14,E,8,93.0,E,8,964.3861999999999,E,8,999.0,E,8,1.29,E,8,-9900,?,9,-9900,?,9,0.001,E,8,-9900,?,9,-9900,?,9,0.01,99.0,E,8
04/07/2015,04:00,0.0,1363.188,0.0,1,8,0.0,1,8,0.0,1,8,0.0,1,8,0.0,1,8,0.0,1,8,-0.0,1,8,-9900,?,9,-9900,?,9,19.92,E,8,19.0,E,8,95.0,E,8,964.3861999999999,E,8,999.0,E,8,1.29,E,8,-9900,?,9,-9900,?,9,0.011,E,8,-9900,?,9,-9900,?,9,0.11,99.0,E,8
04/07/2015,05:00,0.0,1363.188,0.0,1,8,0.0,1,8,0.0,1,8,0.0,1,8,0.0,1,8,0.0,1,8,-0.0,1,8,-9900,?,9,-9900,?,9,19.53,E,8,18.86,E,8,96.0,E,8,964.3861999999999,E,8,999.0,E,8,1.29,E,8,-9900,?,9,-9900,?,9,0.017,E,8,-9900,?,9,-9900,?,9,0.17,99.0,E,8
04/07/2015,06:00,0.0,1363.188,0.0,1,8,0.0,1,8,0.0,1,8,0.0,1,8,0.0,1,8,0.0,1,8,-0.0,1,8,-9900,?,9,-9900,?,9,19.22,E,8,18.75,E,8,97.0,E,8,964.3861999999999,E,8,999.0,E,8,1.29,E,8,-9900,?,9,-9900,?,9,0.047,E,8,-9900,?,9,-9900,?,9,0.47,99.0,E,8
04/07/2015,07:00,162.525,1363.188,0.0,1,8,0.0,1,8,0.0,1,8,0.0,1,8,0.0,1,8,0.0,1,8,0.0,1,8,-9900,?,9,-9900,?,9,18.96,E,8,18.66,E,8,98.0,E,8,964.3861999999999,E,8,999.0,E,8,1.29,E,8,-9900,?,9,-9900,?,9,0.007000000000000001,E,8,-9900,?,9,-9900,?,9,0.07,99.0,E,8
04/07/2015,08:00,474.756,1363.188,33.05,1,8,0.0,1,8,33.05,1,8,3966.0,1,8,0.0,1,8,3635.5,1,8,30.271,1,8,-9900,?,9,-9900,?,9,18.7,E,8,18.56,E,8,99.0,E,8,964.3861999999999,E,8,999.0,E,8,1.29,E,8,-9900,?,9,-9900,?,9,0.009,E,8,-9900,?,9,-9900,?,9,0.09,99.0,E,8
04/07/2015,09:00,752.258,1363.188,85.27,1,8,0.0,1,8,85.27,1,8,10232.4,1,8,0.0,1,8,9379.7,1,8,49.218,1,8,-9900,?,9,-9900,?,9,21.98,E,8,19.72,E,8,88.0,E,8,964.3861999999999,E,8,999.0,E,8,1.29,E,8,-9900,?,9,-9900,?,9,0.004,E,8,-9900,?,9,-9900,?,9,0.04,99.0,E,8
04/07/2015,10:00,974.822,1363.188,127.16,1,8,0.0,1,8,127.16,1,8,15259.2,1,8,0.0,1,8,13987.6,1,8,56.618,1,8,-9900,?,9,-9900,?,9,23.24,E,8,20.14,E,8,85.0,E,8,964.3861999999999,E,8,999.0,E,8,1.29,E,8,-9900,?,9,-9900,?,9,0.002,E,8,-9900,?,9,-9900,?,9,0.02,99.0,E,8
04/07/2015,11:00,1127.098,1363.188,169.44,1,8,1.525,1,8,168.179,1,8,20332.8,1,8,144.868,1,8,18499.728,1,8,64.755,1,8,-9900,?,9,-9900,?,9,24.45,E,8,20.54,E,8,77.0,E,8,964.3861999999999,E,8,999.0,E,8,1.29,E,8,-9900,?,9,-9900,?,9,0.0,E,8,-9900,?,9,-9900,?,9,0.0,0.0,E,8
04/07/2015,12:00,1198.651,1363.188,207.43,1,8,2.844,1,8,204.929,1,8,24891.6,1,8,270.226,1,8,22542.197,1,8,74.192,1,8,-9900,?,9,-9900,?,9,25.6,E,8,20.91,E,8,78.0,E,8,964.3861999999999,E,8,999.0,E,8,1.29,E,8,-9900,?,9,-9900,?,9,0.003,E,8,-9900,?,9,-9900,?,9,0.03,99.0,E,8
04/07/2015,13:00,1184.582,1363.188,181.15,1,8,2.076,1,8,179.346,1,8,21738.0,1,8,197.237,1,8,19728.062,1,8,65.701,1,8,-9900,?,9,-9900,?,9,26.13,E,8,21.07,E,8,73.0,E,8,964.3861999999999,E,8,999.0,E,8,1.29,E,8,-9900,?,9,-9900,?,9,0.0,E,8,-9900,?,9,-9900,?,9,0.0,0.0,E,8
04/07/2015,14:00,1085.851,1363.188,144.49,1,8,0.39,1,8,144.179,1,8,17338.8,1,8,37.055,1,8,15859.729,1,8,57.625,1,8,-9900,?,9,-9900,?,9,26.21,E,8,21.1,E,8,77.0,E,8,964.3861999999999,E,8,999.0,E,8,1.29,E,8,-9900,?,9,-9900,?,9,0.020999999999999998,E,8,-9900,?,9,-9900,?,9,0.21,99.0,E,8
04/07/2015,15:00,909.208,1363.188,141.7,1,8,0.0,1,8,141.7,1,8,17004.0,1,8,0.0,1,8,15587.0,1,8,67.651,1,8,-9900,?,9,-9900,?,9,26.25,E,8,21.11,E,8,77.0,E,8,964.3861999999999,E,8,999.0,E,8,1.29,E,8,-9900,?,9,-9900,?,9,0.072,E,8,-9900,?,9,-9900,?,9,0.72,99.0,E,8
04/07/2015,16:00,666.763,1363.188,117.58,1,8,0.0,1,8,117.58,1,8,14109.6,1,8,0.0,1,8,12933.8,1,8,76.59,1,8,-9900,?,9,-9900,?,9,26.06,E,8,21.05,E,8,82.0,E,8,964.3861999999999,E,8,999.0,E,8,1.29,E,8,-9900,?,9,-9900,?,9,0.264,E,8,-9900,?,9,-9900,?,9,2.64,99.0,E,8
04/07/2015,17:00,375.331,1363.188,68.43,1,8,0.0,1,8,68.43,1,8,8211.6,1,8,0.0,1,8,7527.3,1,8,79.389,1,8,-9900,?,9,-9900,?,9,25.44,E,8,20.86,E,8,87.0,E,8,964.3861999999999,E,8,999.0,E,8,1.29,E,8,-9900,?,9,-9900,?,9,2.798,E,8,-9900,?,9,-9900,?,9,27.98,99.0,E,8
04/07/2015,18:00,58.785,1363.188,17.01,1,8,0.0,1,8,17.01,1,8,2041.2,1,8,0.0,1,8,1871.1,1,8,140.839,1,8,-9900,?,9,-9900,?,9,24.49,E,8,20.55,E,8,86.0,E,8,964.3861999999999,E,8,999.0,E,8,1.29,E,8,-9900,?,9,-9900,?,9,0.16299999999999998,E,8,-9900,?,9,-9900,?,9,1.63,99.0,E,8
04/07/2015,19:00,0.0,1363.188,0.0,1,8,0.0,1,8,0.0,1,8,0.0,1,8,0.0,1,8,0.0,1,8,-0.0,1,8,-9900,?,9,-9900,?,9,23.64,E,8,20.27,E,8,84.0,E,8,964.3861999999999,E,8,999.0,E,8,1.29,E,8,-9900,?,9,-9900,?,9,0.014000000000000002,E,8,-9900,?,9,-9900,?,9,0.14,99.0,E,8
04/07/2015,20:00,0.0,1363.188,0.0,1,8,0.0,1,8,0.0,1,8,0.0,1,8,0.0,1,8,0.0,1,8,-0.0,1,8,-9900,?,9,-9900,?,9,22.78,E,8,19.99,E,8,86.0,E,8,964.3861999999999,E,8,999.0,E,8,1.29,E,8,-9900,?,9,-9900,?,9,0.032,E,8,-9900,?,9,-9900,?,9,0.32,99.0,E,8
04/07/2015,21:00,0.0,1363.188,0.0,1,8,0.0,1,8,0.0,1,8,0.0,1,8,0.0,1,8,0.0,1,8,-0.0,1,8,-9900,?,9,-9900,?,9,21.93,E,8,19.7,E,8,89.0,E,8,964.3861999999999,E,8,999.0,E,8,1.29,E,8,-9900,?,9,-9900,?,9,0.057999999999999996,E,8,-9900,?,9,-9900,?,9,0.58,99.0,E,8
04/07/2015,22:00,0.0,1363.188,0.0,1,8,0.0,1,8,0.0,1,8,0.0,1,8,0.0,1,8,0.0,1,8,-0.0,1,8,-9900,?,9,-9900,?,9,21.07,E,8,19.4,E,8,91.0,E,8,964.3861999999999,E,8,999.0,E,8,1.29,E,8,-9900,?,9,-9900,?,9,0.09,E,8,-9900,?,9,-9900,?,9,0.9,99.0,E,8
04/07/2015,23:00,0.0,1363.188,0.0,1,8,0.0,1,8,0.0,1,8,0.0,1,8,0.0,1,8,0.0,1,8,-0.0,1,8,-9900,?,9,-9900,?,9,20.22,E,8,19.11,E,8,94.0,E,8,964.3861999999999,E,8,999.0,E,8,1.29,E,8,-9900,?,9,-9900,?,9,0.038,E,8,-9900,?,9,-9900,?,9,0.38,99.0,E,8
04/07/2015,24:00,0.0,1363.188,0.0,1,8,0.0,1,8,0.0,1,8,0.0,1,8,0.0,1,8,0.0,1,8,-0.0,1,8,-9900,?,9,-9900,?,9,19.36,E,8,17.18,E,8,87.0,E,8,964.3861999999999,E,8,999.0,E,8,1.21,E,8,-9900,?,9,-9900,?,9,0.0,E,8,-9900,?,9,-9900,?,9,0.0,0.0,E,8
04/08/2015,01:00,0.0,1363.188,0.0,1,8,0.0,1,8,0.0,1,8,0.0,1,8,0.0,1,8,0.0,1,8,-0.0,1,8,-9900,?,9,-9900,?,9,18.93,E,8,16.9,E,8,87.0,E,8,964.3861999999999,E,8,999.0,E,8,1.21,E,8,-9900,?,9,-9900,?,9,0.0,E,8,-9900,?,9,-9900,?,9,0.0,0.0,E,8
04/08/2015,02:00,0.0,1363.188,0.0,1,8,0.0,1,8,0.0,1,8,0.0,1,8,0.0,1,8,0.0,1,8,-0.0,1,8,-9900,?,9,-9900,?,9,18.51,E,8,16.62,E,8,88.0,E,8,964.3861999999999,E,8,999.0,E,8,1.21,E,8,-9900,?,9,-9900,?,9,0.0,E,8,-9900,?,9,-9900,?,9,0.0,0.0,E,8
04/08/2015,03:00,0.0,1363.188,0.0,1,8,0.0,1,8,0.0,1,8,0.0,1,8,0.0,1,8,0.0,1,8,-0.0,1,8,-9900,?,9,-9900,?,9,18.08,E,8,16.33,E,8,89.0,E,8,964.3861999999999,E,8,999.0,E,8,1.21,E,8,-9900,?,9,-9900,?,9,0.0,E,8,-9900,?,9,-9900,?,9,0.0,0.0,E,8
04/08/2015,04:00,0.0,1362.387,0.0,1,8,0.0,1,8,0.0,1,8,0.0,1,8,0.0,1,8,0.0,1,8,-0.0,1,8,-9900,?,9,-9900,?,9,17.65,E,8,16.03,E,8,90.0,E,8,964.3861999999999,E,8,999.0,E,8,1.21,E,8,-9900,?,9,-9900,?,9,0.0,E,8,-9900,?,9,-9900,?,9,0.0,0.0,E,8
04/08/2015,05:00,0.0,1362.387,0.0,1,8,0.0,1,8,0.0,1,8,0.0,1,8,0.0,1,8,0.0,1,8,-0.0,1,8,-9900,?,9,-9900,?,9,17.23,E,8,15.74,E,8,90.0,E,8,964.3861999999999,E,8,999.0,E,8,1.21,E,8,-9900,?,9,-9900,?,9,0.0,E,8,-9900,?,9,-9900,?,9,0.0,0.0,E,8
04/08/2015,06:00,0.0,1362.387,0.0,1,8,0.0,1,8,0.0,1,8,0.0,1,8,0.0,1,8,0.0,1,8,-0.0,1,8,-9900,?,9,-9900,?,9,16.9,E,8,15.51,E,8,91.0,E,8,964.3861999999999,E,8,999.0,E,8,1.21,E,8,-9900,?,9,-9900,?,9,0.0,E,8,-9900,?,9,-9900,?,9,0.0,0.0,E,8
04/08/2015,07:00,160.597,1362.387,0.0,1,8,0.0,1,8,0.0,1,8,0.0,1,8,0.0,1,8,0.0,1,8,0.0,1,8,-9900,?,9,-9900,?,9,16.61,E,8,15.3,E,8,91.0,E,8,964.3861999999999,E,8,999.0,E,8,1.21,E,8,-9900,?,9,-9900,?,9,0.0,E,8,-9900,?,9,-9900,?,9,0.0,0.0,E,8
04/08/2015,08:00,472.251,1362.387,100.22,1,8,0.0,1,8,100.22,1,8,12026.4,1,8,0.0,1,8,11024.2,1,8,92.226,1,8,-9900,?,9,-9900,?,9,16.33,E,8,15.09,E,8,92.0,E,8,964.3861999999999,E,8,999.0,E,8,1.21,E,8,-9900,?,9,-9900,?,9,0.0,E,8,-9900,?,9,-9900,?,9,0.0,0.0,E,8
04/08/2015,09:00,749.149,1362.387,143.9,1,8,0.0,1,8,143.9,1,8,17268.0,1,8,0.0,1,8,15829.0,1,8,83.356,1,8,-9900,?,9,-9900,?,9,19.3,E,8,17.14,E,8,87.0,E,8,964.3861999999999,E,8,999.0,E,8,1.21,E,8,-9900,?,9,-9900,?,9,0.0,E,8,-9900,?,9,-9900,?,9,0.0,0.0,E,8
04/08/2015,10:00,971.107,1362.387,401.57,1,8,91.321,1,8,336.495,1,8,48188.4,1,8,8675.482,1,8,37014.471,1,8,150.309,1,8,-9900,?,9,-9900,?,9,21.57,E,8,18.56,E,8,82.0,E,8,964.3861999999999,E,8,999.0,E,8,1.21,E,8,-9900,?,9,-9900,?,9,0.0,E,8,-9900,?,9,-9900,?,9,0.0,0.0,E,8
04/08/2015,11:00,1122.813,1362.387,509.22,1,8,95.433,1,8,430.58,1,8,61106.4,1,8,9066.15,1,8,47363.752,1,8,166.325,1,8,-9900,?,9,-9900,?,9,23.36,E,8,19.6,E,8,79.0,E,8,964.3861999999999,E,8,999.0,E,8,1.21,E,8,-9900,?,9,-9900,?,9,0.0,E,8,-9900,?,9,-9900,?,9,0.0,0.0,E,8
04/08/2015,12:00,1193.871,1362.387,573.71,1,8,114.211,1,8,473.635,1,8,68845.2,1,8,10850.009,1,8,52099.866,1,8,172.058,1,8,-9900,?,9,-9900,?,9,24.75,E,8,20.37,E,8,76.0,E,8,964.3861999999999,E,8,999.0,E,8,1.21,E,8,-9900,?,9,-9900,?,9,0.0,E,8,-9900,?,9,-9900,?,9,0.0,0.0,E,8
04/08/2015,13:00,1179.419,1362.387,590.12,1,8,135.668,1,8,472.684,1,8,70814.4,1,8,12888.43,1,8,51995.239,1,8,173.819,1,8,-9900,?,9,-9900,?,9,25.74,E,8,20.89,E,8,74.0,E,8,964.3861999999999,E,8,999.0,E,8,1.21,E,8,-9900,?,9,-9900,?,9,0.0,E,8,-9900,?,9,-9900,?,9,0.0,0.0,E,8
04/08/2015,14:00,1080.44,1362.387,557.24,1,8,164.403,1,8,426.883,1,8,66868.8,1,8,15618.291,1,8,46957.114,1,8,171.37,1,8,-9900,?,9,-9900,?,9,26.34,E,8,21.21,E,8,73.0,E,8,964.3861999999999,E,8,999.0,E,8,1.56,E,8,-9900,?,9,-9900,?,9,0.0,E,8,-9900,?,9,-9900,?,9,0.0,0.0,E,8
04/08/2015,15:00,903.703,1362.387,477.51,1,8,169.915,1,8,364.844,1,8,57301.2,1,8,16141.915,1,8,40132.79,1,8,175.143,1,8,-9900,?,9,-9900,?,9,26.54,E,8,21.31,E,8,73.0,E,8,964.3861999999999,E,8,999.0,E,8,2.51,E,8,-9900,?,9,-9900,?,9,0.0,E,8,-9900,?,9,-9900,?,9,0.0,0.0,E,8
04/08/2015,16:00,661.326,1362.387,357.13,1,8,345.229,1,8,189.709,1,8,42855.6,1,8,32796.721,1,8,20867.981,1,8,124.519,1,8,-9900,?,9,-9900,?,9,26.25,E,8,21.16,E,8,73.0,E,8,964.3861999999999,E,8,999.0,E,8,1.46,E,8,-9900,?,9,-9900,?,9,0.0,E,8,-9900,?,9,-9900,?,9,0.0,0.0,E,8
04/08/2015,17:00,370.128,1362.387,206.77,1,8,433.933,1,8,89.306,1,8,24812.4,1,8,41223.663,1,8,9823.607,1,8,105.013,1,8,-9900,?,9,-9900,?,9,25.4,E,8,20.72,E,8,75.0,E,8,964.3861999999999,E,8,999.0,E,8,1.21,E,8,-9900,?,9,-9900,?,9,0.0,E,8,-9900,?,9,-9900,?,9,0.0,0.0,E,8
04/08/2015,18:00,54.224,1362.387,50.0,1,8,0.0,1,8,50.0,1,8,6000.0,1,8,0.0,1,8,5500.0,1,8,456.035,1,8,-9900,?,9,-9900,?,9,24.12,E,8,20.02,E,8,77.0,E,8,964.3861999999999,E,8,999.0,E,8,1.21,E,8,-9900,?,9,-9900,?,9,0.0,E,8,-9900,?,9,-9900,?,9,0.0,0.0,E,8
04/08/2015,19:00,0.0,1362.387,0.0,1,8,0.0,1,8,0.0,1,8,0.0,1,8,0.0,1,8,0.0,1,8,-0.0,1,8,-9900,?,9,-9900,?,9,23.26,E,8,19.54,E,8,79.0,E,8,964.3861999999999,E,8,999.0,E,8,1.21,E,8,-9900,?,9,-9900,?,9,0.0,E,8,-9900,?,9,-9900,?,9,0.0,0.0,E,8
04/08/2015,20:00,0.0,1362.387,0.0,1,8,0.0,1,8,0.0,1,8,0.0,1,8,0.0,1,8,0.0,1,8,-0.0,1,8,-9900,?,9,-9900,?,9,22.39,E,8,19.04,E,8,81.0,E,8,964.3861999999999,E,8,999.0,E,8,1.21,E,8,-9900,?,9,-9900,?,9,0.0,E,8,-9900,?,9,-9900,?,9,0.0,0.0,E,8
04/08/2015,21:00,0.0,1362.387,0.0,1,8,0.0,1,8,0.0,1,8,0.0,1,8,0.0,1,8,0.0,1,8,-0.0,1,8,-9900,?,9,-9900,?,9,21.53,E,8,18.54,E,8,83.0,E,8,964.3861999999999,E,8,999.0,E,8,1.21,E,8,-9900,?,9,-9900,?,9,0.0,E,8,-9900,?,9,-9900,?,9,0.0,0.0,E,8
04/08/2015,22:00,0.0,1362.387,0.0,1,8,0.0,1,8,0.0,1,8,0.0,1,8,0.0,1,8,0.0,1,8,-0.0,1,8,-9900,?,9,-9900,?,9,20.67,E,8,18.01,E,8,84.0,E,8,964.3861999999999,E,8,999.0,E,8,1.21,E,8,-9900,?,9,-9900,?,9,0.0,E,8,-9900,?,9,-9900,?,9,0.0,0.0,E,8
04/08/2015,23:00,0.0,1362.387,0.0,1,8,0.0,1,8,0.0,1,8,0.0,1,8,0.0,1,8,0.0,1,8,-0.0,1,8,-9900,?,9,-9900,?,9,19.81,E,8,17.47,E,8,86.0,E,8,964.3861999999999,E,8,999.0,E,8,1.21,E,8,-9900,?,9,-9900,?,9,0.0,E,8,-9900,?,9,-9900,?,9,0.0,0.0,E,8
04/08/2015,24:00,0.0,1362.387,0.0,1,8,0.0,1,8,0.0,1,8,0.0,1,8,0.0,1,8,0.0,1,8,-0.0,1,8,-9900,?,9,-9900,?,9,18.95,E,8,15.35,E,8,79.0,E,8,964.3861999999999,E,8,999.0,E,8,0.88,E,8,-9900,?,9,-9900,?,9,0.0,E,8,-9900,?,9,-9900,?,9,0.0,0.0,E,8
04/09/2015,01:00,0.0,1362.387,0.0,1,8,0.0,1,8,0.0,1,8,0.0,1,8,0.0,1,8,0.0,1,8,-0.0,1,8,-9900,?,9,-9900,?,9,18.52,E,8,15.24,E,8,81.0,E,8,964.3861999999999,E,8,999.0,E,8,0.88,E,8,-9900,?,9,-9900,?,9,0.0,E,8,-9900,?,9,-9900,?,9,0.0,0.0,E,8
04/09/2015,02:00,0.0,1362.387,0.0,1,8,0.0,1,8,0.0,1,8,0.0,1,8,0.0,1,8,0.0,1,8,-0.0,1,8,-9900,?,9,-9900,?,9,18.08,E,8,15.12,E,8,82.0,E,8,964.3861999999999,E,8,999.0,E,8,0.88,E,8,-9900,?,9,-9900,?,9,0.0,E,8,-9900,?,9,-9900,?,9,0.0,0.0,E,8
04/09/2015,03:00,0.0,1362.387,0.0,1,8,0.0,1,8,0.0,1,8,0.0,1,8,0.0,1,8,0.0,1,8,-0.0,1,8,-9900,?,9,-9900,?,9,17.65,E,8,15.0,E,8,84.0,E,8,964.3861999999999,E,8,999.0,E,8,0.88,E,8,-9900,?,9,-9900,?,9,0.0,E,8,-9900,?,9,-9900,?,9,0.0,0.0,E,8
04/09/2015,04:00,0.0,1361.587,0.0,1,8,0.0,1,8,0.0,1,8,0.0,1,8,0.0,1,8,0.0,1,8,-0.0,1,8,-9900,?,9,-9900,?,9,17.22,E,8,14.88,E,8,86.0,E,8,964.3861999999999,E,8,999.0,E,8,0.88,E,8,-9900,?,9,-9900,?,9,0.0,E,8,-9900,?,9,-9900,?,9,0.0,0.0,E,8
04/09/2015,05:00,0.0,1361.587,0.0,1,8,0.0,1,8,0.0,1,8,0.0,1,8,0.0,1,8,0.0,1,8,-0.0,1,8,-9900,?,9,-9900,?,9,16.79,E,8,14.76,E,8,87.0,E,8,964.3861999999999,E,8,999.0,E,8,0.88,E,8,-9900,?,9,-9900,?,9,0.0,E,8,-9900,?,9,-9900,?,9,0.0,0.0,E,8
04/09/2015,06:00,0.0,1361.587,0.0,1,8,0.0,1,8,0.0,1,8,0.0,1,8,0.0,1,8,0.0,1,8,-0.0,1,8,-9900,?,9,-9900,?,9,16.46,E,8,14.66,E,8,89.0,E,8,964.3861999999999,E,8,999.0,E,8,0.88,E,8,-9900,?,9,-9900,?,9,0.0,E,8,-9900,?,9,-9900,?,9,0.0,0.0,E,8
04/09/2015,07:00,158.659,1361.587,0.0,1,8,0.0,1,8,0.0,1,8,0.0,1,8,0.0,1,8,0.0,1,8,0.0,1,8,-9900,?,9,-9900,?,9,16.17,E,8,14.58,E,8,90.0,E,8,964.3861999999999,E,8,999.0,E,8,0.88,E,8,-9900,?,9,-9900,?,9,0.0,E,8,-9900,?,9,-9900,?,9,0.0,0.0,E,8
04/09/2015,08:00,469.724,1361.587,158.24,1,8,42.501,1,8,143.609,1,8,18988.8,1,8,4037.574,1,8,15797.036,1,8,132.791,1,8,-9900,?,9,-9900,?,9,15.89,E,8,14.5,E,8,91.0,E,8,964.3861999999999,E,8,999.0,E,8,0.88,E,8,-9900,?,9,-9900,?,9,0.0,E,8,-9900,?,9,-9900,?,9,0.0,0.0,E,8
04/09/2015,09:00,746.012,1361.587,411.66,1,8,313.882,1,8,239.802,1,8,49399.2,1,8,29818.789,1,8,26378.195,1,8,139.411,1,8,-9900,?,9,-9900,?,9,20.63,E,8,15.81,E,8,73.0,E,8,964.3861999999999,E,8,999.0,E,8,0.88,E,8,-9900,?,9,-9900,?,9,0.0,E,8,-9900,?,9,-9900,?,9,0.0,0.0,E,8
04/09/2015,10:00,967.36,1361.587,637.7,1,8,524.625,1,8,265.08,1,8,76524.0,1,8,49839.336,1,8,29158.791,1,8,118.798,1,8,-9900,?,9,-9900,?,9,22.58,E,8,16.32,E,8,67.0,E,8,964.3861999999999,E,8,999.0,E,8,0.88,E,8,-9900,?,9,-9900,?,9,0.0,E,8,-9900,?,9,-9900,?,9,0.0,0.0,E,8
04/09/2015,11:00,1118.497,1361.587,809.96,1,8,682.13,1,8,249.693,1,8,97195.2,1,8,64802.341,1,8,27466.237,1,8,96.767,1,8,-9900,?,9,-9900,?,9,24.28,E,8,16.75,E,8,62.0,E,8,964.3861999999999,E,8,999.0,E,8,0.88,E,8,-9900,?,9,-9900,?,9,0.0,E,8,-9900,?,9,-9900,?,9,0.0,0.0,E,8
04/09/2015,12:00,1189.066,1361.587,909.34,1,8,888.205,1,8,133.747,1,8,109120.8,1,8,84379.504,1,8,14712.131,1,8,48.754,1,8,-9900,?,9,-9900,?,9,25.63,E,8,17.08,E,8,59.0,E,8,964.3861999999999,E,8,999.0,E,8,0.91,E,8,-9900,?,9,-9900,?,9,0.0,E,8,-9900,?,9,-9900,?,9,0.0,0.0,E,8
04/09/2015,13:00,1174.237,1361.587,936.65,1,8,872.333,1,8,184.423,1,8,112398.0,1,8,82871.668,1,8,20286.558,1,8,68.077,1,8,-9900,?,9,-9900,?,9,26.6,E,8,17.32,E,8,56.0,E,8,964.3861999999999,E,8,999.0,E,8,1.05,E,8,-9900,?,9,-9900,?,9,0.0,E,8,-9900,?,9,-9900,?,9,0.0,0.0,E,8
04/09/2015,14:00,1075.021,1361.587,884.42,1,8,777.464,1,8,270.693,1,8,106130.4,1,8,73859.12,1,8,29776.259,1,8,109.152,1,8,-9900,?,9,-9900,?,9,27.17,E,8,17.46,E,8,55.0,E,8,964.3861999999999,E,8,999.0,E,8,1.48,E,8,-9900,?,9,-9900,?,9,0.0,E,8,-9900,?,9,-9900,?,9,0.0,0.0,E,8
04/09/2015,15:00,898.204,1361.587,756.23,1,8,824.865,1,8,212.295,1,8,90747.6,1,8,78362.182,1,8,23352.47,1,8,102.477,1,8,-9900,?,9,-9900,?,9,27.33,E,8,17.5,E,8,54.0,E,8,964.3861999999999,E,8,999.0,E,8,1.76,E,8,-9900,?,9,-9900,?,9,0.0,E,8,-9900,?,9,-9900,?,9,0.0,0.0,E,8
04/09/2015,16:00,655.909,1361.587,563.7,1,8,820.472,1,8,168.842,1,8,67644.0,1,8,77944.804,1,8,18572.571,1,8,111.674,1,8,-9900,?,9,-9900,?,9,26.94,E,8,17.4,E,8,55.0,E,8,964.3861999999999,E,8,999.0,E,8,2.72,E,8,-9900,?,9,-9900,?,9,0.0,E,8,-9900,?,9,-9900,?,9,0.0,0.0,E,8
04/09/2015,17:00,364.959,1361.587,324.29,1,8,680.435,1,8,142.583,1,8,38914.8,1,8,64641.29,1,8,15684.154,1,8,169.955,1,8,-9900,?,9,-9900,?,9,25.95,E,8,17.16,E,8,58.0,E,8,964.3861999999999,E,8,999.0,E,8,2.24,E,8,-9900,?,9,-9900,?,9,0.0,E,8,-9900,?,9,-9900,?,9,0.0,0.0,E,8
04/09/2015,18:00,49.732,1361.587,77.04,1,8,0.0,1,8,77.04,1,8,9244.8,1,8,0.0,1,8,8474.4,1,8,781.338,1,8,-9900,?,9,-9900,?,9,24.51,E,8,16.81,E,8,62.0,E,8,964.3861999999999,E,8,999.0,E,8,2.25,E,8,-9900,?,9,-9900,?,9,0.0,E,8,-9900,?,9,-9900,?,9,0.0,0.0,E,8
04/09/2015,19:00,0.0,1361.587,0.0,1,8,0.0,1,8,0.0,1,8,0.0,1,8,0.0,1,8,0.0,1,8,-0.0,1,8,-9900,?,9,-9900,?,9,23.7,E,8,16.6,E,8,64.0,E,8,964.3861999999999,E,8,999.0,E,8,2.37,E,8,-9900,?,9,-9900,?,9,0.0,E,8,-9900,?,9,-9900,?,9,0.0,0.0,E,8
04/09/2015,20:00,0.0,1361.587,0.0,1,8,0.0,1,8,0.0,1,8,0.0,1,8,0.0,1,8,0.0,1,8,-0.0,1,8,-9900,?,9,-9900,?,9,22.9,E,8,16.4,E,8,66.0,E,8,964.3861999999999,E,8,999.0,E,8,1.5,E,8,-9900,?,9,-9900,?,9,0.0,E,8,-9900,?,9,-9900,?,9,0.0,0.0,E,8
04/09/2015,21:00,0.0,1361.587,0.0,1,8,0.0,1,8,0.0,1,8,0.0,1,8,0.0,1,8,0.0,1,8,-0.0,1,8,-9900,?,9,-9900,?,9,22.1,E,8,16.19,E,8,69.0,E,8,964.3861999999999,E,8,999.0,E,8,1.87,E,8,-9900,?,9,-9900,?,9,0.0,E,8,-9900,?,9,-9900,?,9,0.0,0.0,E,8
04/09/2015,22:00,0.0,1361.587,0.0,1,8,0.0,1,8,0.0,1,8,0.0,1,8,0.0,1,8,0.0,1,8,-0.0,1,8,-9900,?,9,-9900,?,9,21.29,E,8,15.98,E,8,71.0,E,8,964.3861999999999,E,8,999.0,E,8,1.26,E,8,-9900,?,9,-9900,?,9,0.0,E,8,-9900,?,9,-9900,?,9,0.0,0.0,E,8
04/09/2015,23:00,0.0,1361.587,0.0,1,8,0.0,1,8,0.0,1,8,0.0,1,8,0.0,1,8,0.0,1,8,-0.0,1,8,-9900,?,9,-9900,?,9,20.49,E,8,15.77,E,8,74.0,E,8,964.3861999999999,E,8,999.0,E,8,1.01,E,8,-9900,?,9,-9900,?,9,0.0,E,8,-9900,?,9,-9900,?,9,0.0,0.0,E,8
04/09/2015,24:00,0.0,1361.587,0.0,1,8,0.0,1,8,0.0,1,8,0.0,1,8,0.0,1,8,0.0,1,8,-0.0,1,8,-9900,?,9,-9900,?,9,19.68,E,8,16.19,E,8,80.0,E,8,964.3861999999999,E,8,999.0,E,8,1.52,E,8,-9900,?,9,-9900,?,9,0.0,E,8,-9900,?,9,-9900,?,9,0.0,0.0,E,8
04/10/2015,01:00,0.0,1361.587,0.0,1,8,0.0,1,8,0.0,1,8,0.0,1,8,0.0,1,8,0.0,1,8,-0.0,1,8,-9900,?,9,-9900,?,9,19.28,E,8,16.04,E,8,81.0,E,8,964.3861999999999,E,8,999.0,E,8,1.15,E,8,-9900,?,9,-9900,?,9,0.0,E,8,-9900,?,9,-9900,?,9,0.0,0.0,E,8
04/10/2015,02:00,0.0,1361.587,0.0,1,8,0.0,1,8,0.0,1,8,0.0,1,8,0.0,1,8,0.0,1,8,-0.0,1,8,-9900,?,9,-9900,?,9,18.88,E,8,15.89,E,8,82.0,E,8,964.3861999999999,E,8,999.0,E,8,1.3,E,8,-9900,?,9,-9900,?,9,0.0,E,8,-9900,?,9,-9900,?,9,0.0,0.0,E,8
04/10/2015,03:00,0.0,1361.587,0.0,1,8,0.0,1,8,0.0,1,8,0.0,1,8,0.0,1,8,0.0,1,8,-0.0,1,8,-9900,?,9,-9900,?,9,18.48,E,8,15.74,E,8,84.0,E,8,964.3861999999999,E,8,999.0,E,8,1.82,E,8,-9900,?,9,-9900,?,9,0.0,E,8,-9900,?,9,-9900,?,9,0.0,0.0,E,8
04/10/2015,04:00,0.0,1360.79,0.0,1,8,0.0,1,8,0.0,1,8,0.0,1,8,0.0,1,8,0.0,1,8,-0.0,1,8,-9900,?,9,-9900,?,9,18.08,E,8,15.59,E,8,85.0,E,8,964.3861999999999,E,8,999.0,E,8,1.14,E,8,-9900,?,9,-9900,?,9,0.0,E,8,-9900,?,9,-9900,?,9,0.0,0.0,E,8
04/10/2015,05:00,0.0,1360.79,0.0,1,8,0.0,1,8,0.0,1,8,0.0,1,8,0.0,1,8,0.0,1,8,-0.0,1,8,-9900,?,9,-9900,?,9,17.67,E,8,15.44,E,8,86.0,E,8,964.3861999999999,E,8,999.0,E,8,1.14,E,8,-9900,?,9,-9900,?,9,0.0,E,8,-9900,?,9,-9900,?,9,0.0,0.0,E,8
04/10/2015,06:00,0.0,1360.79,0.0,1,8,0.0,1,8,0.0,1,8,0.0,1,8,0.0,1,8,0.0,1,8,-0.0,1,8,-9900,?,9,-9900,?,9,17.36,E,8,15.32,E,8,87.0,E,8,964.3861999999999,E,8,999.0,E,8,1.14,E,8,-9900,?,9,-9900,?,9,0.0,E,8,-9900,?,9,-9900,?,9,0.0,0.0,E,8
04/10/2015,07:00,156.709,1360.79,0.0,1,8,0.0,1,8,0.0,1,8,0.0,1,8,0.0,1,8,0.0,1,8,0.0,1,8,-9900,?,9,-9900,?,9,17.1,E,8,15.22,E,8,88.0,E,8,964.3861999999999,E,8,999.0,E,8,1.14,E,8,-9900,?,9,-9900,?,9,0.0,E,8,-9900,?,9,-9900,?,9,0.0,0.0,E,8
04/10/2015,08:00,467.177,1360.79,143.61,1,8,25.166,1,8,134.989,1,8,17233.2,1,8,2390.745,1,8,14848.792,1,8,125.43,1,8,-9900,?,9,-9900,?,9,16.83,E,8,15.11,E,8,89.0,E,8,964.3861999999999,E,8,999.0,E,8,1.38,E,8,-9900,?,9,-9900,?,9,0.0,E,8,-9900,?,9,-9900,?,9,0.0,0.0,E,8
04/10/2015,09:00,742.849,1360.79,376.58,1,8,242.691,1,8,244.188,1,8,45189.6,1,8,23055.619,1,8,26860.641,1,8,142.483,1,8,-9900,?,9,-9900,?,9,21.65,E,8,16.9,E,8,74.0,E,8,964.3861999999999,E,8,999.0,E,8,2.46,E,8,-9900,?,9,-9900,?,9,0.0,E,8,-9900,?,9,-9900,?,9,0.0,0.0,E,8
04/10/2015,10:00,963.584,1360.79,581.01,1,8,416.203,1,8,286.38,1,8,69721.2,1,8,39539.322,1,8,31501.765,1,8,128.772,1,8,-9900,?,9,-9900,?,9,23.62,E,8,17.58,E,8,68.0,E,8,964.3861999999999,E,8,999.0,E,8,2.18,E,8,-9900,?,9,-9900,?,9,0.0,E,8,-9900,?,9,-9900,?,9,0.0,0.0,E,8
04/10/2015,11:00,1114.153,1360.79,735.03,1,8,558.841,1,8,277.543,1,8,88203.6,1,8,53089.873,1,8,30529.687,1,8,107.917,1,8,-9900,?,9,-9900,?,9,25.33,E,8,18.14,E,8,64.0,E,8,964.3861999999999,E,8,999.0,E,8,3.53,E,8,-9900,?,9,-9900,?,9,0.0,E,8,-9900,?,9,-9900,?,9,0.0,0.0,E,8
04/10/2015,12:00,1184.237,1360.79,815.74,1,8,595.901,1,8,297.202,1,8,97888.8,1,8,56610.605,1,8,32692.189,1,8,108.716,1,8,-9900,?,9,-9900,?,9,26.65,E,8,18.57,E,8,61.0,E,8,964.3861999999999,E,8,999.0,E,8,2.22,E,8,-9900,?,9,-9900,?,9,0.0,E,8,-9900,?,9,-9900,?,9,0.0,0.0,E,8
04/10/2015,13:00,1169.04,1360.79,840.17,1,8,705.933,1,8,233.774,1,8,100820.4,1,8,67063.633,1,8,25715.133,1,8,86.627,1,8,-9900,?,9,-9900,?,9,27.6,E,8,18.87,E,8,58.0,E,8,964.3861999999999,E,8,999.0,E,8,2.17,E,8,-9900,?,9,-9900,?,9,0.0,E,8,-9900,?,9,-9900,?,9,0.0,0.0,E,8
04/10/2015,14:00,1069.598,1360.79,799.82,1,8,822.462,1,8,153.472,1,8,95978.4,1,8,78133.903,1,8,16881.906,1,8,62.162,1,8,-9900,?,9,-9900,?,9,28.18,E,8,19.05,E,8,57.0,E,8,964.3861999999999,E,8,999.0,E,8,2.75,E,8,-9900,?,9,-9900,?,9,0.0,E,8,-9900,?,9,-9900,?,9,0.0,0.0,E,8
04/10/2015,15:00,892.712,1360.79,693.66,1,8,784.976,1,8,178.896,1,8,83239.2,1,8,74572.704,1,8,19678.567,1,8,86.836,1,8,-9900,?,9,-9900,?,9,28.36,E,8,19.11,E,8,57.0,E,8,964.3861999999999,E,8,999.0,E,8,2.74,E,8,-9900,?,9,-9900,?,9,0.0,E,8,-9900,?,9,-9900,?,9,0.0,0.0,E,8
04/10/2015,16:00,650.514,1360.79,498.93,1,8,763.447,1,8,134.331,1,8,59871.6,1,8,72527.465,1,8,14776.378,1,8,89.534,1,8,-9900,?,9,-9900,?,9,27.93,E,8,18.98,E,8,58.0,E,8,964.3861999999999,E,8,999.0,E,8,2.64,E,8,-9900,?,9,-9900,?,9,0.0,E,8,-9900,?,9,-9900,?,9,0.0,0.0,E,8
04/10/2015,17:00,359.826,1360.79,286.01,1,8,458.063,1,8,165.349,1,8,34321.2,1,8,43515.943,1,8,18188.428,1,8,199.807,1,8,-9900,?,9,-9900,?,9,26.91,E,8,18.65,E,8,60.0,E,8,964.3861999999999,E,8,999.0,E,8,2.1,E,8,-9900,?,9,-9900,?,9,0.0,E,8,-9900,?,9,-9900,?,9,0.0,0.0,E,8
04/10/2015,18:00,45.312,1360.79,67.17,1,8,0.0,1,8,67.17,1,8,8060.4,1,8,0.0,1,8,7388.7,1,8,766.249,1,8,-9900,?,9,-9900,?,9,25.45,E,8,18.18,E,8,64.0,E,8,964.3861999999999,E,8,999.0,E,8,1.14,E,8,-9900,?,9,-9900,?,9,0.0,E,8,-9900,?,9,-9900,?,9,0.0,0.0,E,8
04/10/2015,19:00,0.0,1360.79,0.0,1,8,0.0,1,8,0.0,1,8,0.0,1,8,0.0,1,8,0.0,1,8,-0.0,1,8,-9900,?,9,-9900,?,9,24.77,E,8,17.96,E,8,65.0,E,8,964.3861999999999,E,8,999.0,E,8,1.14,E,8,-9900,?,9,-9900,?,9,0.0,E,8,-9900,?,9,-9900,?,9,0.0,0.0,E,8
04/10/2015,20:00,0.0,1360.79,0.0,1,8,0.0,1,8,0.0,1,8,0.0,1,8,0.0,1,8,0.0,1,8,-0.0,1,8,-9900,?,9,-9900,?,9,24.08,E,8,17.73,E,8,67.0,E,8,964.3861999999999,E,8,999.0,E,8,1.14,E,8,-9900,?,9,-9900,?,9,0.0,E,8,-9900,?,9,-9900,?,9,0.0,0.0,E,8
04/10/2015,21:00,0.0,1360.79,0.0,1,8,0.0,1,8,0.0,1,8,0.0,1,8,0.0,1,8,0.0,1,8,-0.0,1,8,-9900,?,9,-9900,?,9,23.39,E,8,17.5,E,8,69.0,E,8,964.3861999999999,E,8,999.0,E,8,1.14,E,8,-9900,?,9,-9900,?,9,0.0,E,8,-9900,?,9,-9900,?,9,0.0,0.0,E,8
04/10/2015,22:00,0.0,1360.79,0.0,1,8,0.0,1,8,0.0,1,8,0.0,1,8,0.0,1,8,0.0,1,8,-0.0,1,8,-9900,?,9,-9900,?,9,22.71,E,8,17.27,E,8,71.0,E,8,964.3861999999999,E,8,999.0,E,8,1.14,E,8,-9900,?,9,-9900,?,9,0.0,E,8,-9900,?,9,-9900,?,9,0.0,0.0,E,8
04/10/2015,23:00,0.0,1360.79,0.0,1,8,0.0,1,8,0.0,1,8,0.0,1,8,0.0,1,8,0.0,1,8,-0.0,1,8,-9900,?,9,-9900,?,9,22.02,E,8,17.03,E,8,73.0,E,8,964.3861999999999,E,8,999.0,E,8,1.14,E,8,-9900,?,9,-9900,?,9,0.0,E,8,-9900,?,9,-9900,?,9,0.0,0.0,E,8
04/10/2015,24:00,0.0,1360.79,0.0,1,8,0.0,1,8,0.0,1,8,0.0,1,8,0.0,1,8,0.0,1,8,-0.0,1,8,-9900,?,9,-9900,?,9,21.33,E,8,19.78,E,8,95.0,E,8,964.3861999999999,E,8,999.0,E,8,0.59,E,8,-9900,?,9,-9900,?,9,0.778,E,8,-9900,?,9,-9900,?,9,7.78,99.0,E,8
04/11/2015,01:00,0.0,1360.79,0.0,1,8,0.0,1,8,0.0,1,8,0.0,1,8,0.0,1,8,0.0,1,8,-0.0,1,8,-9900,?,9,-9900,?,9,20.99,E,8,19.57,E,8,86.0,E,8,964.3861999999999,E,8,999.0,E,8,0.59,E,8,-9900,?,9,-9900,?,9,0.0,E,8,-9900,?,9,-9900,?,9,0.0,0.0,E,8
04/11/2015,02:00,0.0,1360.79,0.0,1,8,0.0,1,8,0.0,1,8,0.0,1,8,0.0,1,8,0.0,1,8,-0.0,1,8,-9900,?,9,-9900,?,9,20.64,E,8,19.35,E,8,87.0,E,8,964.3861999999999,E,8,999.0,E,8,0.59,E,8,-9900,?,9,-9900,?,9,0.0,E,8,-9900,?,9,-9900,?,9,0.0,0.0,E,8
04/11/2015,03:00,0.0,1360.79,0.0,1,8,0.0,1,8,0.0,1,8,0.0,1,8,0.0,1,8,0.0,1,8,-0.0,1,8,-9900,?,9,-9900,?,9,20.3,E,8,19.13,E,8,87.0,E,8,964.3861999999999,E,8,999.0,E,8,0.59,E,8,-9900,?,9,-9900,?,9,0.0,E,8,-9900,?,9,-9900,?,9,0.0,0.0,E,8
04/11/2015,04:00,0.0,1359.995,0.0,1,8,0.0,1,8,0.0,1,8,0.0,1,8,0.0,1,8,0.0,1,8,-0.0,1,8,-9900,?,9,-9900,?,9,19.96,E,8,18.91,E,8,88.0,E,8,964.3861999999999,E,8,999.0,E,8,0.59,E,8,-9900,?,9,-9900,?,9,0.0,E,8,-9900,?,9,-9900,?,9,0.0,0.0,E,8
04/11/2015,05:00,0.0,1359.995,0.0,1,8,0.0,1,8,0.0,1,8,0.0,1,8,0.0,1,8,0.0,1,8,-0.0,1,8,-9900,?,9,-9900,?,9,19.61,E,8,18.69,E,8,88.0,E,8,964.3861999999999,E,8,999.0,E,8,0.67,E,8,-9900,?,9,-9900,?,9,0.0,E,8,-9900,?,9,-9900,?,9,0.0,0.0,E,8
04/11/2015,06:00,0.0,1359.995,0.0,1,8,0.0,1,8,0.0,1,8,0.0,1,8,0.0,1,8,0.0,1,8,-0.0,1,8,-9900,?,9,-9900,?,9,19.35,E,8,18.51,E,8,92.0,E,8,964.3861999999999,E,8,999.0,E,8,0.69,E,8,-9900,?,9,-9900,?,9,0.001,E,8,-9900,?,9,-9900,?,9,0.01,99.0,E,8
04/11/2015,07:00,154.748,1359.995,0.0,1,8,0.0,1,8,0.0,1,8,0.0,1,8,0.0,1,8,0.0,1,8,0.0,1,8,-9900,?,9,-9900,?,9,19.12,E,8,18.36,E,8,89.0,E,8,964.3861999999999,E,8,999.0,E,8,0.59,E,8,-9900,?,9,-9900,?,9,0.0,E,8,-9900,?,9,-9900,?,9,0.0,0.0,E,8
04/11/2015,08:00,464.609,1359.995,48.9,1,8,0.0,1,8,48.9,1,8,5868.0,1,8,0.0,1,8,5379.0,1,8,45.663,1,8,-9900,?,9,-9900,?,9,18.89,E,8,18.21,E,8,89.0,E,8,964.3861999999999,E,8,999.0,E,8,0.59,E,8,-9900,?,9,-9900,?,9,0.0,E,8,-9900,?,9,-9900,?,9,0.0,0.0,E,8
04/11/2015,09:00,739.659,1359.995,166.3,1,8,3.564,1,8,164.363,1,8,19956.0,1,8,338.627,1,8,18079.9,1,8,96.264,1,8,-9900,?,9,-9900,?,9,23.07,E,8,20.82,E,8,83.0,E,8,964.3861999999999,E,8,999.0,E,8,0.65,E,8,-9900,?,9,-9900,?,9,0.0,E,8,-9900,?,9,-9900,?,9,0.0,0.0,E,8
04/11/2015,10:00,959.78,1359.995,295.77,1,8,24.101,1,8,278.766,1,8,35492.4,1,8,2289.618,1,8,30664.285,1,8,125.772,1,8,-9900,?,9,-9900,?,9,25.5,E,8,22.18,E,8,80.0,E,8,964.3861999999999,E,8,999.0,E,8,0.59,E,8,-9900,?,9,-9900,?,9,0.0,E,8,-9900,?,9,-9900,?,9,0.0,0.0,E,8
04/11/2015,11:00,1109.782,1359.995,305.19,1,8,11.118,1,8,296.119,1,8,36622.8,1,8,1056.185,1,8,32573.096,1,8,115.526,1,8,-9900,?,9,-9900,?,9,26.8,E,8,22.86,E,8,78.0,E,8,964.3861999999999,E,8,999.0,E,8,0.6,E,8,-9900,?,9,-9900,?,9,0.0,E,8,-9900,?,9,-9900,?,9,0.0,0.0,E,8
04/11/2015,12:00,1179.387,1359.995,245.83,1,8,3.758,1,8,242.571,1,8,29499.6,1,8,357.053,1,8,26682.808,1,8,89.046,1,8,-9900,?,9,-9900,?,9,27.13,E,8,23.03,E,8,78.0,E,8,964.3861999999999,E,8,999.0,E,8,0.65,E,8,-9900,?,9,-9900,?,9,0.0,E,8,-9900,?,9,-9900,?,9,0.0,0.0,E,8
04/11/2015,13:00,1163.83,1359.995,162.73,1,8,1.429,1,8,161.507,1,8,19527.6,1,8,135.787,1,8,17765.766,1,8,60.081,1,8,-9900,?,9,-9900,?,9,26.58,E,8,22.75,E,8,79.0,E,8,964.3861999999999,E,8,999.0,E,8,0.62,E,8,-9900,?,9,-9900,?,9,0.0,E,8,-9900,?,9,-9900,?,9,0.0,0.0,E,8
04/11/2015,14:00,1064.173,1359.995,132.48,1,8,0.0,1,8,132.48,1,8,15897.6,1,8,0.0,1,8,14572.8,1,8,53.902,1,8,-9900,?,9,-9900,?,9,25.91,E,8,22.4,E,8,80.0,E,8,964.3861999999999,E,8,999.0,E,8,1.25,E,8,-9900,?,9,-9900,?,9,0.0,E,8,-9900,?,9,-9900,?,9,0.0,0.0,E,8
04/11/2015,15:00,887.233,1359.995,246.45,1,8,14.683,1,8,236.875,1,8,29574.0,1,8,1394.857,1,8,26056.261,1,8,115.622,1,8,-9900,?,9,-9900,?,9,26.34,E,8,22.62,E,8,79.0,E,8,964.3861999999999,E,8,999.0,E,8,1.37,E,8,-9900,?,9,-9900,?,9,0.0,E,8,-9900,?,9,-9900,?,9,0.0,0.0,E,8
04/11/2015,16:00,645.145,1359.995,217.04,1,8,58.686,1,8,189.229,1,8,26044.8,1,8,5575.214,1,8,20815.163,1,8,127.103,1,8,-9900,?,9,-9900,?,9,26.46,E,8,22.68,E,8,82.0,E,8,964.3861999999999,E,8,999.0,E,8,2.46,E,8,-9900,?,9,-9900,?,9,0.011,E,8,-9900,?,9,-9900,?,9,0.11,99.0,E,8
04/11/2015,17:00,354.733,1359.995,172.1,1,8,206.981,1,8,118.324,1,8,20652.0,1,8,19663.187,1,8,13015.683,1,8,144.967,1,8,-9900,?,9,-9900,?,9,26.26,E,8,22.58,E,8,82.0,E,8,964.3861999999999,E,8,999.0,E,8,2.72,E,8,-9900,?,9,-9900,?,9,0.049,E,8,-9900,?,9,-9900,?,9,0.49,99.0,E,8
04/11/2015,18:00,40.97,1359.995,71.41,1,8,0.0,1,8,71.41,1,8,8569.2,1,8,0.0,1,8,7855.1,1,8,929.46,1,8,-9900,?,9,-9900,?,9,25.5,E,8,22.18,E,8,83.0,E,8,964.3861999999999,E,8,999.0,E,8,2.68,E,8,-9900,?,9,-9900,?,9,0.016,E,8,-9900,?,9,-9900,?,9,0.16,99.0,E,8
04/11/2015,19:00,0.0,1359.995,0.0,1,8,0.0,1,8,0.0,1,8,0.0,1,8,0.0,1,8,0.0,1,8,-0.0,1,8,-9900,?,9,-9900,?,9,24.85,E,8,21.82,E,8,84.0,E,8,964.3861999999999,E,8,999.0,E,8,2.55,E,8,-9900,?,9,-9900,?,9,0.003,E,8,-9900,?,9,-9900,?,9,0.03,99.0,E,8
04/11/2015,20:00,0.0,1359.995,0.0,1,8,0.0,1,8,0.0,1,8,0.0,1,8,0.0,1,8,0.0,1,8,-0.0,1,8,-9900,?,9,-9900,?,9,24.21,E,8,21.47,E,8,85.0,E,8,964.3861999999999,E,8,999.0,E,8,2.29,E,8,-9900,?,9,-9900,?,9,0.002,E,8,-9900,?,9,-9900,?,9,0.02,99.0,E,8
04/11/2015,21:00,0.0,1359.995,0.0,1,8,0.0,1,8,0.0,1,8,0.0,1,8,0.0,1,8,0.0,1,8,-0.0,1,8,-9900,?,9,-9900,?,9,23.56,E,8,21.1,E,8,86.0,E,8,964.3861999999999,E,8,999.0,E,8,2.42,E,8,-9900,?,9,-9900,?,9,0.026000000000000002,E,8,-9900,?,9,-9900,?,9,0.26,99.0,E,8
04/11/2015,22:00,0.0,1359.995,0.0,1,8,0.0,1,8,0.0,1,8,0.0,1,8,0.0,1,8,0.0,1,8,-0.0,1,8,-9900,?,9,-9900,?,9,22.92,E,8,20.73,E,8,87.0,E,8,964.3861999999999,E,8,999.0,E,8,2.43,E,8,-9900,?,9,-9900,?,9,0.007000000000000001,E,8,-9900,?,9,-9900,?,9,0.07,99.0,E,8
04/11/2015,23:00,0.0,1359.995,0.0,1,8,0.0,1,8,0.0,1,8,0.0,1,8,0.0,1,8,0.0,1,8,-0.0,1,8,-9900,?,9,-9900,?,9,22.27,E,8,20.35,E,8,88.0,E,8,964.3861999999999,E,8,999.0,E,8,2.2,E,8,-9900,?,9,-9900,?,9,0.005,E,8,-9900,?,9,-9900,?,9,0.05,99.0,E,8
04/11/2015,24:00,0.0,1359.995,0.0,1,8,0.0,1,8,0.0,1,8,0.0,1,8,0.0,1,8,0.0,1,8,-0.0,1,8,-9900,?,9,-9900,?,9,21.63,E,8,19.7,E,8,89.0,E,8,964.3861999999999,E,8,999.0,E,8,8.83,E,8,-9900,?,9,-9900,?,9,0.001,E,8,-9900,?,9,-9900,?,9,0.01,99.0,E,8
04/12/2015,01:00,0.0,1359.995,0.0,1,8,0.0,1,8,0.0,1,8,0.0,1,8,0.0,1,8,0.0,1,8,-0.0,1,8,-9900,?,9,-9900,?,9,21.3,E,8,19.53,E,8,86.0,E,8,964.3861999999999,E,8,999.0,E,8,8.24,E,8,-9900,?,9,-9900,?,9,0.0,E,8,-9900,?,9,-9900,?,9,0.0,0.0,E,8
04/12/2015,02:00,0.0,1359.995,0.0,1,8,0.0,1,8,0.0,1,8,0.0,1,8,0.0,1,8,0.0,1,8,-0.0,1,8,-9900,?,9,-9900,?,9,20.98,E,8,19.36,E,8,94.0,E,8,964.3861999999999,E,8,999.0,E,8,7.08,E,8,-9900,?,9,-9900,?,9,0.191,E,8,-9900,?,9,-9900,?,9,1.91,99.0,E,8
04/12/2015,03:00,0.0,1359.995,0.0,1,8,0.0,1,8,0.0,1,8,0.0,1,8,0.0,1,8,0.0,1,8,-0.0,1,8,-9900,?,9,-9900,?,9,20.66,E,8,19.19,E,8,87.0,E,8,964.3861999999999,E,8,999.0,E,8,7.98,E,8,-9900,?,9,-9900,?,9,0.0,E,8,-9900,?,9,-9900,?,9,0.0,0.0,E,8
04/12/2015,04:00,0.0,1359.203,0.0,1,8,0.0,1,8,0.0,1,8,0.0,1,8,0.0,1,8,0.0,1,8,-0.0,1,8,-9900,?,9,-9900,?,9,20.34,E,8,19.01,E,8,88.0,E,8,964.3861999999999,E,8,999.0,E,8,8.01,E,8,-9900,?,9,-9900,?,9,0.0,E,8,-9900,?,9,-9900,?,9,0.0,0.0,E,8
04/12/2015,05:00,0.0,1359.203,0.0,1,8,0.0,1,8,0.0,1,8,0.0,1,8,0.0,1,8,0.0,1,8,-0.0,1,8,-9900,?,9,-9900,?,9,20.01,E,8,18.83,E,8,88.0,E,8,964.3861999999999,E,8,999.0,E,8,7.98,E,8,-9900,?,9,-9900,?,9,0.0,E,8,-9900,?,9,-9900,?,9,0.0,0.0,E,8
04/12/2015,06:00,0.0,1359.203,0.0,1,8,0.0,1,8,0.0,1,8,0.0,1,8,0.0,1,8,0.0,1,8,-0.0,1,8,-9900,?,9,-9900,?,9,19.77,E,8,18.7,E,8,89.0,E,8,964.3861999999999,E,8,999.0,E,8,5.36,E,8,-9900,?,9,-9900,?,9,0.0,E,8,-9900,?,9,-9900,?,9,0.0,0.0,E,8
04/12/2015,07:00,152.775,1359.203,0.0,1,8,0.0,1,8,0.0,1,8,0.0,1,8,0.0,1,8,0.0,1,8,0.0,1,8,-9900,?,9,-9900,?,9,19.55,E,8,18.58,E,8,89.0,E,8,964.3861999999999,E,8,999.0,E,8,5.92,E,8,-9900,?,9,-9900,?,9,0.0,E,8,-9900,?,9,-9900,?,9,0.0,0.0,E,8
04/12/2015,08:00,462.019,1359.203,60.61,1,8,0.0,1,8,60.61,1,8,7273.2,1,8,0.0,1,8,6667.1,1,8,56.883,1,8,-9900,?,9,-9900,?,9,19.34,E,8,18.46,E,8,94.0,E,8,964.3861999999999,E,8,999.0,E,8,5.86,E,8,-9900,?,9,-9900,?,9,0.002,E,8,-9900,?,9,-9900,?,9,0.02,99.0,E,8
04/12/2015,09:00,736.443,1359.203,159.98,1,8,3.203,1,8,158.246,1,8,19197.6,1,8,304.297,1,8,17407.027,1,8,93.032,1,8,-9900,?,9,-9900,?,9,22.73,E,8,20.27,E,8,83.0,E,8,964.3861999999999,E,8,999.0,E,8,4.11,E,8,-9900,?,9,-9900,?,9,0.0,E,8,-9900,?,9,-9900,?,9,0.0,0.0,E,8
04/12/2015,10:00,955.948,1359.203,248.37,1,8,8.209,1,8,242.598,1,8,29804.4,1,8,779.884,1,8,26685.78,1,8,109.829,1,8,-9900,?,9,-9900,?,9,24.15,E,8,20.98,E,8,80.0,E,8,964.3861999999999,E,8,999.0,E,8,4.27,E,8,-9900,?,9,-9900,?,9,0.0,E,8,-9900,?,9,-9900,?,9,0.0,0.0,E,8
04/12/2015,11:00,1105.387,1359.203,315.27,1,8,17.3,1,8,301.203,1,8,37832.4,1,8,1643.473,1,8,33132.323,1,8,117.908,1,8,-9900,?,9,-9900,?,9,25.37,E,8,21.56,E,8,78.0,E,8,964.3861999999999,E,8,999.0,E,8,3.9,E,8,-9900,?,9,-9900,?,9,0.0,E,8,-9900,?,9,-9900,?,9,0.0,0.0,E,8
04/12/2015,12:00,1174.517,1359.203,355.1,1,8,27.921,1,8,330.975,1,8,42612.0,1,8,2652.495,1,8,36407.278,1,8,121.931,1,8,-9900,?,9,-9900,?,9,26.35,E,8,22.02,E,8,76.0,E,8,964.3861999999999,E,8,999.0,E,8,4.27,E,8,-9900,?,9,-9900,?,9,0.0,E,8,-9900,?,9,-9900,?,9,0.0,0.0,E,8
04/12/2015,13:00,1158.61,1359.203,364.82,1,8,31.753,1,8,337.756,1,8,43778.4,1,8,3016.54,1,8,37153.171,1,8,126.139,1,8,-9900,?,9,-9900,?,9,27.05,E,8,22.34,E,8,75.0,E,8,964.3861999999999,E,8,999.0,E,8,4.91,E,8,-9900,?,9,-9900,?,9,0.0,E,8,-9900,?,9,-9900,?,9,0.0,0.0,E,8
04/12/2015,14:00,1058.75,1359.203,343.69,1,8,26.852,1,8,322.777,1,8,41242.8,1,8,2550.964,1,8,35505.519,1,8,131.925,1,8,-9900,?,9,-9900,?,9,27.46,E,8,22.52,E,8,74.0,E,8,964.3861999999999,E,8,999.0,E,8,4.6,E,8,-9900,?,9,-9900,?,9,0.0,E,8,-9900,?,9,-9900,?,9,0.0,0.0,E,8
04/12/2015,15:00,881.768,1359.203,293.31,1,8,22.152,1,8,278.945,1,8,35197.2,1,8,2104.416,1,8,30683.961,1,8,136.922,1,8,-9900,?,9,-9900,?,9,27.58,E,8,22.57,E,8,74.0,E,8,964.3861999999999,E,8,999.0,E,8,3.92,E,8,-9900,?,9,-9900,?,9,0.0,E,8,-9900,?,9,-9900,?,9,0.0,0.0,E,8
04/12/2015,16:00,639.804,1359.203,217.6,1,8,57.577,1,8,190.525,1,8,26112.0,1,8,5469.81,1,8,20957.773,1,8,128.969,1,8,-9900,?,9,-9900,?,9,27.28,E,8,22.44,E,8,74.0,E,8,964.3861999999999,E,8,999.0,E,8,2.45,E,8,-9900,?,9,-9900,?,9,0.0,E,8,-9900,?,9,-9900,?,9,0.0,0.0,E,8
04/12/2015,17:00,349.682,1359.203,123.39,1,8,94.88,1,8,99.079,1,8,14806.8,1,8,9013.643,1,8,10898.663,1,8,123.084,1,8,-9900,?,9,-9900,?,9,26.56,E,8,22.11,E,8,76.0,E,8,964.3861999999999,E,8,999.0,E,8,3.93,E,8,-9900,?,9,-9900,?,9,0.0,E,8,-9900,?,9,-9900,?,9,0.0,0.0,E,8
04/12/2015,18:00,36.709,1359.203,26.5,1,8,0.0,1,8,26.5,1,8,3180.0,1,8,0.0,1,8,2915.0,1,8,400.831,1,8,-9900,?,9,-9900,?,9,25.5,E,8,21.62,E,8,78.0,E,8,964.3861999999999,E,8,999.0,E,8,3.98,E,8,-9900,?,9,-9900,?,9,0.0,E,8,-9900,?,9,-9900,?,9,0.0,0.0,E,8
04/12/2015,19:00,0.0,1359.203,0.0,1,8,0.0,1,8,0.0,1,8,0.0,1,8,0.0,1,8,0.0,1,8,-0.0,1,8,-9900,?,9,-9900,?,9,24.76,E,8,21.27,E,8,79.0,E,8,964.3861999999999,E,8,999.0,E,8,3.51,E,8,-9900,?,9,-9900,?,9,0.0,E,8,-9900,?,9,-9900,?,9,0.0,0.0,E,8
04/12/2015,20:00,0.0,1359.203,0.0,1,8,0.0,1,8,0.0,1,8,0.0,1,8,0.0,1,8,0.0,1,8,-0.0,1,8,-9900,?,9,-9900,?,9,24.01,E,8,20.91,E,8,80.0,E,8,964.3861999999999,E,8,999.0,E,8,2.82,E,8,-9900,?,9,-9900,?,9,0.0,E,8,-9900,?,9,-9900,?,9,0.0,0.0,E,8
04/12/2015,21:00,0.0,1359.203,0.0,1,8,0.0,1,8,0.0,1,8,0.0,1,8,0.0,1,8,0.0,1,8,-0.0,1,8,-9900,?,9,-9900,?,9,23.27,E,8,20.54,E,8,86.0,E,8,964.3861999999999,E,8,999.0,E,8,3.47,E,8,-9900,?,9,-9900,?,9,0.006,E,8,-9900,?,9,-9900,?,9,0.06,99.0,E,8
04/12/2015,22:00,0.0,1359.203,0.0,1,8,0.0,1,8,0.0,1,8,0.0,1,8,0.0,1,8,0.0,1,8,-0.0,1,8,-9900,?,9,-9900,?,9,22.53,E,8,20.17,E,8,83.0,E,8,964.3861999999999,E,8,999.0,E,8,2.57,E,8,-9900,?,9,-9900,?,9,0.0,E,8,-9900,?,9,-9900,?,9,0.0,0.0,E,8
04/12/2015,23:00,0.0,1359.203,0.0,1,8,0.0,1,8,0.0,1,8,0.0,1,8,0.0,1,8,0.0,1,8,-0.0,1,8,-9900,?,9,-9900,?,9,21.78,E,8,19.78,E,8,85.0,E,8,964.3861999999999,E,8,999.0,E,8,2.46,E,8,-9900,?,9,-9900,?,9,0.0,E,8,-9900,?,9,-9900,?,9,0.0,0.0,E,8
04/12/2015,24:00,0.0,1359.203,0.0,1,8,0.0,1,8,0.0,1,8,0.0,1,8,0.0,1,8,0.0,1,8,-0.0,1,8,-9900,?,9,-9900,?,9,21.04,E,8,18.55,E,8,85.0,E,8,964.3861999999999,E,8,999.0,E,8,1.29,E,8,-9900,?,9,-9900,?,9,0.0,E,8,-9900,?,9,-9900,?,9,0.0,0.0,E,8
04/13/2015,01:00,0.0,1359.203,0.0,1,8,0.0,1,8,0.0,1,8,0.0,1,8,0.0,1,8,0.0,1,8,-0.0,1,8,-9900,?,9,-9900,?,9,20.66,E,8,18.33,E,8,86.0,E,8,964.3861999999999,E,8,999.0,E,8,1.29,E,8,-9900,?,9,-9900,?,9,0.0,E,8,-9900,?,9,-9900,?,9,0.0,0.0,E,8
04/13/2015,02:00,0.0,1359.203,0.0,1,8,0.0,1,8,0.0,1,8,0.0,1,8,0.0,1,8,0.0,1,8,-0.0,1,8,-9900,?,9,-9900,?,9,20.29,E,8,18.12,E,8,87.0,E,8,964.3861999999999,E,8,999.0,E,8,1.29,E,8,-9900,?,9,-9900,?,9,0.0,E,8,-9900,?,9,-9900,?,9,0.0,0.0,E,8
04/13/2015,03:00,0.0,1359.203,0.0,1,8,0.0,1,8,0.0,1,8,0.0,1,8,0.0,1,8,0.0,1,8,-0.0,1,8,-9900,?,9,-9900,?,9,19.92,E,8,17.9,E,8,88.0,E,8,964.3861999999999,E,8,999.0,E,8,1.29,E,8,-9900,?,9,-9900,?,9,0.0,E,8,-9900,?,9,-9900,?,9,0.0,0.0,E,8
04/13/2015,04:00,0.0,1358.413,0.0,1,8,0.0,1,8,0.0,1,8,0.0,1,8,0.0,1,8,0.0,1,8,-0.0,1,8,-9900,?,9,-9900,?,9,19.55,E,8,17.68,E,8,88.0,E,8,964.3861999999999,E,8,999.0,E,8,1.29,E,8,-9900,?,9,-9900,?,9,0.0,E,8,-9900,?,9,-9900,?,9,0.0,0.0,E,8
04/13/2015,05:00,0.0,1358.413,0.0,1,8,0.0,1,8,0.0,1,8,0.0,1,8,0.0,1,8,0.0,1,8,-0.0,1,8,-9900,?,9,-9900,?,9,19.17,E,8,17.45,E,8,89.0,E,8,964.3861999999999,E,8,999.0,E,8,1.29,E,8,-9900,?,9,-9900,?,9,0.0,E,8,-9900,?,9,-9900,?,9,0.0,0.0,E,8
04/13/2015,06:00,0.0,1358.413,0.0,1,8,0.0,1,8,0.0,1,8,0.0,1,8,0.0,1,8,0.0,1,8,-0.0,1,8,-9900,?,9,-9900,?,9,18.88,E,8,17.28,E,8,90.0,E,8,964.3861999999999,E,8,999.0,E,8,1.29,E,8,-9900,?,9,-9900,?,9,0.0,E,8,-9900,?,9,-9900,?,9,0.0,0.0,E,8
04/13/2015,07:00,150.788,1358.413,0.0,1,8,0.0,1,8,0.0,1,8,0.0,1,8,0.0,1,8,0.0,1,8,0.0,1,8,-9900,?,9,-9900,?,9,18.64,E,8,17.13,E,8,90.0,E,8,964.3861999999999,E,8,999.0,E,8,1.29,E,8,-9900,?,9,-9900,?,9,0.0,E,8,-9900,?,9,-9900,?,9,0.0,0.0,E,8
04/13/2015,08:00,459.409,1358.413,90.61,1,8,0.0,1,8,90.61,1,8,10873.2,1,8,0.0,1,8,9967.1,1,8,85.474,1,8,-9900,?,9,-9900,?,9,18.39,E,8,16.97,E,8,91.0,E,8,964.3861999999999,E,8,999.0,E,8,1.29,E,8,-9900,?,9,-9900,?,9,0.0,E,8,-9900,?,9,-9900,?,9,0.0,0.0,E,8
04/13/2015,09:00,733.201,1358.413,240.35,1,8,49.295,1,8,213.762,1,8,28842.0,1,8,4683.019,1,8,23513.831,1,8,126.153,1,8,-9900,?,9,-9900,?,9,22.05,E,8,19.12,E,8,83.0,E,8,964.3861999999999,E,8,999.0,E,8,1.29,E,8,-9900,?,9,-9900,?,9,0.0,E,8,-9900,?,9,-9900,?,9,0.0,0.0,E,8
04/13/2015,10:00,952.09,1358.413,373.54,1,8,62.264,1,8,329.913,1,8,44824.8,1,8,5915.08,1,8,36290.478,1,8,149.877,1,8,-9900,?,9,-9900,?,9,23.58,E,8,19.94,E,8,80.0,E,8,964.3861999999999,E,8,999.0,E,8,1.29,E,8,-9900,?,9,-9900,?,9,0.0,E,8,-9900,?,9,-9900,?,9,0.0,0.0,E,8
04/13/2015,11:00,1100.968,1358.413,474.29,1,8,78.445,1,8,410.722,1,8,56914.8,1,8,7452.288,1,8,45179.365,1,8,161.332,1,8,-9900,?,9,-9900,?,9,24.9,E,8,20.62,E,8,77.0,E,8,964.3861999999999,E,8,999.0,E,8,1.29,E,8,-9900,?,9,-9900,?,9,0.0,E,8,-9900,?,9,-9900,?,9,0.0,0.0,E,8
04/13/2015,12:00,1169.631,1358.413,534.19,1,8,94.216,1,8,453.076,1,8,64102.8,1,8,8950.521,1,8,49838.332,1,8,167.513,1,8,-9900,?,9,-9900,?,9,25.95,E,8,21.15,E,8,74.0,E,8,964.3861999999999,E,8,999.0,E,8,1.29,E,8,-9900,?,9,-9900,?,9,0.0,E,8,-9900,?,9,-9900,?,9,0.0,0.0,E,8
04/13/2015,13:00,1153.382,1358.413,548.64,1,8,112.347,1,8,453.26,1,8,65836.8,1,8,10673.008,1,8,49858.651,1,8,169.944,1,8,-9900,?,9,-9900,?,9,26.71,E,8,21.52,E,8,73.0,E,8,964.3861999999999,E,8,999.0,E,8,1.29,E,8,-9900,?,9,-9900,?,9,0.0,E,8,-9900,?,9,-9900,?,9,0.0,0.0,E,8
04/13/2015,14:00,1053.331,1358.413,516.58,1,8,136.996,1,8,410.372,1,8,61989.6,1,8,13014.64,1,8,45140.934,1,8,168.492,1,8,-9900,?,9,-9900,?,9,27.15,E,8,21.73,E,8,72.0,E,8,964.3861999999999,E,8,999.0,E,8,1.29,E,8,-9900,?,9,-9900,?,9,0.0,E,8,-9900,?,9,-9900,?,9,0.0,0.0,E,8
04/13/2015,15:00,876.32,1358.413,440.4,1,8,143.062,1,8,348.148,1,8,52848.0,1,8,13590.863,1,8,38296.288,1,8,171.855,1,8,-9900,?,9,-9900,?,9,27.27,E,8,21.78,E,8,72.0,E,8,964.3861999999999,E,8,999.0,E,8,1.29,E,8,-9900,?,9,-9900,?,9,0.0,E,8,-9900,?,9,-9900,?,9,0.0,0.0,E,8
04/13/2015,16:00,634.495,1358.413,326.06,1,8,295.904,1,8,187.992,1,8,39127.2,1,8,28110.86,1,8,20679.172,1,8,128.248,1,8,-9900,?,9,-9900,?,9,26.95,E,8,21.63,E,8,72.0,E,8,964.3861999999999,E,8,999.0,E,8,1.29,E,8,-9900,?,9,-9900,?,9,0.0,E,8,-9900,?,9,-9900,?,9,0.0,0.0,E,8
04/13/2015,17:00,344.677,1358.413,183.91,1,8,470.134,1,8,65.117,1,8,22069.2,1,8,44662.748,1,8,7162.838,1,8,82.03,1,8,-9900,?,9,-9900,?,9,26.17,E,8,21.25,E,8,74.0,E,8,964.3861999999999,E,8,999.0,E,8,1.29,E,8,-9900,?,9,-9900,?,9,0.0,E,8,-9900,?,9,-9900,?,9,0.0,0.0,E,8
04/13/2015,18:00,32.533,1358.413,38.26,1,8,0.0,1,8,38.26,1,8,4591.2,1,8,0.0,1,8,4208.6,1,8,689.171,1,8,-9900,?,9,-9900,?,9,25.03,E,8,20.69,E,8,76.0,E,8,964.3861999999999,E,8,999.0,E,8,1.29,E,8,-9900,?,9,-9900,?,9,0.0,E,8,-9900,?,9,-9900,?,9,0.0,0.0,E,8
04/13/2015,19:00,0.0,1358.413,0.0,1,8,0.0,1,8,0.0,1,8,0.0,1,8,0.0,1,8,0.0,1,8,-0.0,1,8,-9900,?,9,-9900,?,9,24.32,E,8,20.33,E,8,78.0,E,8,964.3861999999999,E,8,999.0,E,8,1.29,E,8,-9900,?,9,-9900,?,9,0.0,E,8,-9900,?,9,-9900,?,9,0.0,0.0,E,8
04/13/2015,20:00,0.0,1358.413,0.0,1,8,0.0,1,8,0.0,1,8,0.0,1,8,0.0,1,8,0.0,1,8,-0.0,1,8,-9900,?,9,-9900,?,9,23.61,E,8,19.96,E,8,79.0,E,8,964.3861999999999,E,8,999.0,E,8,1.29,E,8,-9900,?,9,-9900,?,9,0.0,E,8,-9900,?,9,-9900,?,9,0.0,0.0,E,8
04/13/2015,21:00,0.0,1358.413,0.0,1,8,0.0,1,8,0.0,1,8,0.0,1,8,0.0,1,8,0.0,1,8,-0.0,1,8,-9900,?,9,-9900,?,9,22.91,E,8,19.59,E,8,81.0,E,8,964.3861999999999,E,8,999.0,E,8,1.29,E,8,-9900,?,9,-9900,?,9,0.0,E,8,-9900,?,9,-9900,?,9,0.0,0.0,E,8
04/13/2015,22:00,0.0,1358.413,0.0,1,8,0.0,1,8,0.0,1,8,0.0,1,8,0.0,1,8,0.0,1,8,-0.0,1,8,-9900,?,9,-9900,?,9,22.2,E,8,19.2,E,8,83.0,E,8,964.3861999999999,E,8,999.0,E,8,1.29,E,8,-9900,?,9,-9900,?,9,0.0,E,8,-9900,?,9,-9900,?,9,0.0,0.0,E,8
04/13/2015,23:00,0.0,1358.413,0.0,1,8,0.0,1,8,0.0,1,8,0.0,1,8,0.0,1,8,0.0,1,8,-0.0,1,8,-9900,?,9,-9900,?,9,21.49,E,8,18.81,E,8,84.0,E,8,964.3861999999999,E,8,999.0,E,8,1.29,E,8,-9900,?,9,-9900,?,9,0.0,E,8,-9900,?,9,-9900,?,9,0.0,0.0,E,8
04/13/2015,24:00,0.0,1358.413,0.0,1,8,0.0,1,8,0.0,1,8,0.0,1,8,0.0,1,8,0.0,1,8,-0.0,1,8,-9900,?,9,-9900,?,9,20.79,E,8,18.09,E,8,84.0,E,8,964.3861999999999,E,8,999.0,E,8,1.29,E,8,-9900,?,9,-9900,?,9,0.0,E,8,-9900,?,9,-9900,?,9,0.0,0.0,E,8
04/14/2015,01:00,0.0,1358.413,0.0,1,8,0.0,1,8,0.0,1,8,0.0,1,8,0.0,1,8,0.0,1,8,-0.0,1,8,-9900,?,9,-9900,?,9,20.43,E,8,17.98,E,8,85.0,E,8,964.3861999999999,E,8,999.0,E,8,1.29,E,8,-9900,?,9,-9900,?,9,0.0,E,8,-9900,?,9,-9900,?,9,0.0,0.0,E,8
04/14/2015,02:00,0.0,1358.413,0.0,1,8,0.0,1,8,0.0,1,8,0.0,1,8,0.0,1,8,0.0,1,8,-0.0,1,8,-9900,?,9,-9900,?,9,20.08,E,8,17.86,E,8,87.0,E,8,964.3861999999999,E,8,999.0,E,8,1.29,E,8,-9900,?,9,-9900,?,9,0.0,E,8,-9900,?,9,-9900,?,9,0.0,0.0,E,8
04/14/2015,03:00,0.0,1358.413,0.0,1,8,0.0,1,8,0.0,1,8,0.0,1,8,0.0,1,8,0.0,1,8,-0.0,1,8,-9900,?,9,-9900,?,9,19.73,E,8,17.75,E,8,88.0,E,8,964.3861999999999,E,8,999.0,E,8,1.29,E,8,-9900,?,9,-9900,?,9,0.0,E,8,-9900,?,9,-9900,?,9,0.0,0.0,E,8
04/14/2015,04:00,0.0,1357.627,0.0,1,8,0.0,1,8,0.0,1,8,0.0,1,8,0.0,1,8,0.0,1,8,-0.0,1,8,-9900,?,9,-9900,?,9,19.37,E,8,17.64,E,8,89.0,E,8,964.3861999999999,E,8,999.0,E,8,1.29,E,8,-9900,?,9,-9900,?,9,0.0,E,8,-9900,?,9,-9900,?,9,0.0,0.0,E,8
04/14/2015,05:00,0.0,1357.627,0.0,1,8,0.0,1,8,0.0,1,8,0.0,1,8,0.0,1,8,0.0,1,8,-0.0,1,8,-9900,?,9,-9900,?,9,19.02,E,8,17.52,E,8,91.0,E,8,964.3861999999999,E,8,999.0,E,8,1.29,E,8,-9900,?,9,-9900,?,9,0.0,E,8,-9900,?,9,-9900,?,9,0.0,0.0,E,8
04/14/2015,06:00,0.0,1357.627,0.0,1,8,0.0,1,8,0.0,1,8,0.0,1,8,0.0,1,8,0.0,1,8,-0.0,1,8,-9900,?,9,-9900,?,9,18.75,E,8,17.43,E,8,92.0,E,8,964.3861999999999,E,8,999.0,E,8,1.29,E,8,-9900,?,9,-9900,?,9,0.0,E,8,-9900,?,9,-9900,?,9,0.0,0.0,E,8
04/14/2015,07:00,148.789,1357.627,0.0,1,8,0.0,1,8,0.0,1,8,0.0,1,8,0.0,1,8,0.0,1,8,0.0,1,8,-9900,?,9,-9900,?,9,18.51,E,8,17.35,E,8,92.0,E,8,964.3861999999999,E,8,999.0,E,8,1.29,E,8,-9900,?,9,-9900,?,9,0.0,E,8,-9900,?,9,-9900,?,9,0.0,0.0,E,8
04/14/2015,08:00,456.777,1357.627,88.68,1,8,0.0,1,8,88.68,1,8,10641.6,1,8,0.0,1,8,9754.8,1,8,84.089,1,8,-9900,?,9,-9900,?,9,18.28,E,8,17.28,E,8,93.0,E,8,964.3861999999999,E,8,999.0,E,8,1.29,E,8,-9900,?,9,-9900,?,9,0.0,E,8,-9900,?,9,-9900,?,9,0.0,0.0,E,8
04/14/2015,09:00,729.935,1357.627,273.14,1,8,72.267,1,8,234.314,1,8,32776.8,1,8,6865.322,1,8,25774.486,1,8,138.821,1,8,-9900,?,9,-9900,?,9,22.11,E,8,18.5,E,8,80.0,E,8,964.3861999999999,E,8,999.0,E,8,1.29,E,8,-9900,?,9,-9900,?,9,0.0,E,8,-9900,?,9,-9900,?,9,0.0,0.0,E,8
04/14/2015,10:00,948.208,1357.627,424.96,1,8,107.314,1,8,350.031,1,8,50995.2,1,8,10194.871,1,8,38503.464,1,8,159.576,1,8,-9900,?,9,-9900,?,9,23.84,E,8,19.03,E,8,74.0,E,8,964.3861999999999,E,8,999.0,E,8,1.29,E,8,-9900,?,9,-9900,?,9,0.0,E,8,-9900,?,9,-9900,?,9,0.0,0.0,E,8
04/14/2015,11:00,1096.528,1357.627,539.75,1,8,134.302,1,8,431.294,1,8,64770.0,1,8,12758.687,1,8,47442.343,1,8,170.001,1,8,-9900,?,9,-9900,?,9,25.31,E,8,19.46,E,8,70.0,E,8,964.3861999999999,E,8,999.0,E,8,1.29,E,8,-9900,?,9,-9900,?,9,0.0,E,8,-9900,?,9,-9900,?,9,0.0,0.0,E,8
04/14/2015,12:00,1164.731,1357.627,607.89,1,8,161.021,1,8,469.762,1,8,72946.8,1,8,15296.96,1,8,51673.85,1,8,174.313,1,8,-9900,?,9,-9900,?,9,26.48,E,8,19.8,E,8,66.0,E,8,964.3861999999999,E,8,999.0,E,8,1.29,E,8,-9900,?,9,-9900,?,9,0.0,E,8,-9900,?,9,-9900,?,9,0.0,0.0,E,8
04/14/2015,13:00,1148.151,1357.627,624.16,1,8,191.045,1,8,462.611,1,8,74899.2,1,8,18149.298,1,8,50887.23,1,8,174.14,1,8,-9900,?,9,-9900,?,9,27.31,E,8,20.04,E,8,64.0,E,8,964.3861999999999,E,8,999.0,E,8,1.29,E,8,-9900,?,9,-9900,?,9,0.0,E,8,-9900,?,9,-9900,?,9,0.0,0.0,E,8
04/14/2015,14:00,1047.919,1357.627,587.36,1,8,315.1,1,8,344.191,1,8,70483.2,1,8,29934.492,1,8,37860.961,1,8,141.967,1,8,-9900,?,9,-9900,?,9,27.8,E,8,20.17,E,8,63.0,E,8,964.3861999999999,E,8,999.0,E,8,1.29,E,8,-9900,?,9,-9900,?,9,0.0,E,8,-9900,?,9,-9900,?,9,0.0,0.0,E,8
04/14/2015,15:00,870.894,1357.627,500.23,1,8,377.337,1,8,258.276,1,8,60027.6,1,8,35847.04,1,8,28410.412,1,8,128.213,1,8,-9900,?,9,-9900,?,9,27.94,E,8,20.21,E,8,62.0,E,8,964.3861999999999,E,8,999.0,E,8,1.29,E,8,-9900,?,9,-9900,?,9,0.0,E,8,-9900,?,9,-9900,?,9,0.0,0.0,E,8
04/14/2015,16:00,629.22,1357.627,369.61,1,8,469.324,1,8,152.324,1,8,44353.2,1,8,44585.784,1,8,16755.689,1,8,104.728,1,8,-9900,?,9,-9900,?,9,27.59,E,8,20.11,E,8,63.0,E,8,964.3861999999999,E,8,999.0,E,8,1.29,E,8,-9900,?,9,-9900,?,9,0.0,E,8,-9900,?,9,-9900,?,9,0.0,0.0,E,8
04/14/2015,17:00,339.72,1357.627,207.35,1,8,549.422,1,8,70.456,1,8,24882.0,1,8,52195.087,1,8,7750.197,1,8,90.01,1,8,-9900,?,9,-9900,?,9,26.73,E,8,19.87,E,8,66.0,E,8,964.3861999999999,E,8,999.0,E,8,1.29,E,8,-9900,?,9,-9900,?,9,0.0,E,8,-9900,?,9,-9900,?,9,0.0,0.0,E,8
04/14/2015,18:00,28.447,1357.627,41.74,1,8,0.0,1,8,41.74,1,8,5008.8,1,8,0.0,1,8,4591.4,1,8,926.622,1,8,-9900,?,9,-9900,?,9,25.49,E,8,19.51,E,8,69.0,E,8,964.3861999999999,E,8,999.0,E,8,1.29,E,8,-9900,?,9,-9900,?,9,0.0,E,8,-9900,?,9,-9900,?,9,0.0,0.0,E,8
04/14/2015,19:00,0.0,1357.627,0.0,1,8,0.0,1,8,0.0,1,8,0.0,1,8,0.0,1,8,0.0,1,8,-0.0,1,8,-9900,?,9,-9900,?,9,24.78,E,8,19.31,E,8,71.0,E,8,964.3861999999999,E,8,999.0,E,8,1.29,E,8,-9900,?,9,-9900,?,9,0.0,E,8,-9900,?,9,-9900,?,9,0.0,0.0,E,8
04/14/2015,20:00,0.0,1357.627,0.0,1,8,0.0,1,8,0.0,1,8,0.0,1,8,0.0,1,8,0.0,1,8,-0.0,1,8,-9900,?,9,-9900,?,9,24.07,E,8,19.1,E,8,73.0,E,8,964.3861999999999,E,8,999.0,E,8,1.29,E,8,-9900,?,9,-9900,?,9,0.0,E,8,-9900,?,9,-9900,?,9,0.0,0.0,E,8
04/14/2015,21:00,0.0,1357.627,0.0,1,8,0.0,1,8,0.0,1,8,0.0,1,8,0.0,1,8,0.0,1,8,-0.0,1,8,-9900,?,9,-9900,?,9,23.36,E,8,18.88,E,8,75.0,E,8,964.3861999999999,E,8,999.0,E,8,1.29,E,8,-9900,?,9,-9900,?,9,0.0,E,8,-9900,?,9,-9900,?,9,0.0,0.0,E,8
04/14/2015,22:00,0.0,1357.627,0.0,1,8,0.0,1,8,0.0,1,8,0.0,1,8,0.0,1,8,0.0,1,8,-0.0,1,8,-9900,?,9,-9900,?,9,22.65,E,8,18.67,E,8,78.0,E,8,964.3861999999999,E,8,999.0,E,8,1.29,E,8,-9900,?,9,-9900,?,9,0.0,E,8,-9900,?,9,-9900,?,9,0.0,0.0,E,8
04/14/2015,23:00,0.0,1357.627,0.0,1,8,0.0,1,8,0.0,1,8,0.0,1,8,0.0,1,8,0.0,1,8,-0.0,1,8,-9900,?,9,-9900,?,9,21.94,E,8,18.45,E,8,80.0,E,8,964.3861999999999,E,8,999.0,E,8,1.29,E,8,-9900,?,9,-9900,?,9,0.0,E,8,-9900,?,9,-9900,?,9,0.0,0.0,E,8
04/14/2015,24:00,0.0,1357.627,0.0,1,8,0.0,1,8,0.0,1,8,0.0,1,8,0.0,1,8,0.0,1,8,-0.0,1,8,-9900,?,9,-9900,?,9,21.23,E,8,18.36,E,8,83.0,E,8,964.3861999999999,E,8,999.0,E,8,0.98,E,8,-9900,?,9,-9900,?,9,0.0,E,8,-9900,?,9,-9900,?,9,0.0,0.0,E,8
04/15/2015,01:00,0.0,1357.627,0.0,1,8,0.0,1,8,0.0,1,8,0.0,1,8,0.0,1,8,0.0,1,8,-0.0,1,8,-9900,?,9,-9900,?,9,20.87,E,8,18.23,E,8,84.0,E,8,964.3861999999999,E,8,999.0,E,8,0.98,E,8,-9900,?,9,-9900,?,9,0.0,E,8,-9900,?,9,-9900,?,9,0.0,0.0,E,8
04/15/2015,02:00,0.0,1357.627,0.0,1,8,0.0,1,8,0.0,1,8,0.0,1,8,0.0,1,8,0.0,1,8,-0.0,1,8,-9900,?,9,-9900,?,9,20.52,E,8,18.12,E,8,86.0,E,8,964.3861999999999,E,8,999.0,E,8,0.98,E,8,-9900,?,9,-9900,?,9,0.0,E,8,-9900,?,9,-9900,?,9,0.0,0.0,E,8
04/15/2015,03:00,0.0,1357.627,0.0,1,8,0.0,1,8,0.0,1,8,0.0,1,8,0.0,1,8,0.0,1,8,-0.0,1,8,-9900,?,9,-9900,?,9,20.16,E,8,18.0,E,8,87.0,E,8,964.3861999999999,E,8,999.0,E,8,0.98,E,8,-9900,?,9,-9900,?,9,0.0,E,8,-9900,?,9,-9900,?,9,0.0,0.0,E,8
04/15/2015,04:00,0.0,1356.845,0.0,1,8,0.0,1,8,0.0,1,8,0.0,1,8,0.0,1,8,0.0,1,8,-0.0,1,8,-9900,?,9,-9900,?,9,19.81,E,8,17.88,E,8,88.0,E,8,964.3861999999999,E,8,999.0,E,8,0.98,E,8,-9900,?,9,-9900,?,9,0.0,E,8,-9900,?,9,-9900,?,9,0.0,0.0,E,8
04/15/2015,05:00,0.0,1356.845,0.0,1,8,0.0,1,8,0.0,1,8,0.0,1,8,0.0,1,8,0.0,1,8,-0.0,1,8,-9900,?,9,-9900,?,9,19.45,E,8,17.75,E,8,89.0,E,8,964.3861999999999,E,8,999.0,E,8,0.98,E,8,-9900,?,9,-9900,?,9,0.0,E,8,-9900,?,9,-9900,?,9,0.0,0.0,E,8
04/15/2015,06:00,0.0,1356.845,0.0,1,8,0.0,1,8,0.0,1,8,0.0,1,8,0.0,1,8,0.0,1,8,-0.0,1,8,-9900,?,9,-9900,?,9,19.18,E,8,17.66,E,8,90.0,E,8,964.3861999999999,E,8,999.0,E,8,0.98,E,8,-9900,?,9,-9900,?,9,0.0,E,8,-9900,?,9,-9900,?,9,0.0,0.0,E,8
04/15/2015,07:00,146.776,1356.845,0.0,1,8,0.0,1,8,0.0,1,8,0.0,1,8,0.0,1,8,0.0,1,8,0.0,1,8,-9900,?,9,-9900,?,9,18.94,E,8,17.58,E,8,91.0,E,8,964.3861999999999,E,8,999.0,E,8,0.98,E,8,-9900,?,9,-9900,?,9,0.0,E,8,-9900,?,9,-9900,?,9,0.0,0.0,E,8
04/15/2015,08:00,454.126,1356.845,195.22,1,8,193.668,1,8,130.55,1,8,23426.4,1,8,18398.432,1,8,14360.47,1,8,124.445,1,8,-9900,?,9,-9900,?,9,18.71,E,8,17.5,E,8,92.0,E,8,964.3861999999999,E,8,999.0,E,8,0.98,E,8,-9900,?,9,-9900,?,9,0.0,E,8,-9900,?,9,-9900,?,9,0.0,0.0,E,8
04/15/2015,09:00,726.646,1356.845,327.16,1,8,130.89,1,8,257.114,1,8,39259.2,1,8,12434.516,1,8,28282.572,1,8,152.933,1,8,-9900,?,9,-9900,?,9,24.54,E,8,19.42,E,8,73.0,E,8,964.3861999999999,E,8,999.0,E,8,0.98,E,8,-9900,?,9,-9900,?,9,0.0,E,8,-9900,?,9,-9900,?,9,0.0,0.0,E,8
04/15/2015,10:00,944.302,1356.845,412.93,1,8,77.74,1,8,358.843,1,8,49551.6,1,8,7385.319,1,8,39472.759,1,8,164.176,1,8,-9900,?,9,-9900,?,9,25.67,E,8,19.77,E,8,69.0,E,8,964.3861999999999,E,8,999.0,E,8,0.98,E,8,-9900,?,9,-9900,?,9,0.0,E,8,-9900,?,9,-9900,?,9,0.0,0.0,E,8
04/15/2015,11:00,1092.069,1356.845,504.67,1,8,149.025,1,8,384.745,1,8,60560.4,1,8,14157.375,1,8,42321.95,1,8,152.185,1,8,-9900,?,9,-9900,?,9,26.75,E,8,20.1,E,8,66.0,E,8,964.3861999999999,E,8,999.0,E,8,1.05,E,8,-9900,?,9,-9900,?,9,0.0,E,8,-9900,?,9,-9900,?,9,0.0,0.0,E,8
04/15/2015,12:00,1159.819,1356.845,688.97,1,8,335.432,1,8,402.276,1,8,82676.4,1,8,31866.054,1,8,44250.413,1,8,149.817,1,8,-9900,?,9,-9900,?,9,28.22,E,8,20.54,E,8,63.0,E,8,964.3861999999999,E,8,999.0,E,8,1.11,E,8,-9900,?,9,-9900,?,9,0.0,E,8,-9900,?,9,-9900,?,9,0.0,0.0,E,8
04/15/2015,13:00,1142.918,1356.845,479.46,1,8,106.905,1,8,389.421,1,8,57535.2,1,8,10155.958,1,8,42836.329,1,8,147.176,1,8,-9900,?,9,-9900,?,9,28.42,E,8,20.6,E,8,62.0,E,8,964.3861999999999,E,8,999.0,E,8,2.4,E,8,-9900,?,9,-9900,?,9,0.0,E,8,-9900,?,9,-9900,?,9,0.0,0.0,E,8
04/15/2015,14:00,1042.519,1356.845,567.05,1,8,323.639,1,8,318.436,1,8,68046.0,1,8,30745.692,1,8,35027.948,1,8,131.949,1,8,-9900,?,9,-9900,?,9,28.84,E,8,20.72,E,8,61.0,E,8,964.3861999999999,E,8,999.0,E,8,3.06,E,8,-9900,?,9,-9900,?,9,0.0,E,8,-9900,?,9,-9900,?,9,0.0,0.0,E,8
04/15/2015,15:00,865.491,1356.845,284.81,1,8,59.196,1,8,247.067,1,8,34177.2,1,8,5623.626,1,8,27177.341,1,8,123.344,1,8,-9900,?,9,-9900,?,9,28.04,E,8,20.49,E,8,63.0,E,8,964.3861999999999,E,8,999.0,E,8,3.0,E,8,-9900,?,9,-9900,?,9,0.0,E,8,-9900,?,9,-9900,?,9,0.0,0.0,E,8
04/15/2015,16:00,623.983,1356.845,378.7,1,8,473.804,1,8,161.045,1,8,45444.0,1,8,45011.424,1,8,17714.945,1,8,111.591,1,8,-9900,?,9,-9900,?,9,27.81,E,8,20.42,E,8,64.0,E,8,964.3861999999999,E,8,999.0,E,8,1.64,E,8,-9900,?,9,-9900,?,9,0.0,E,8,-9900,?,9,-9900,?,9,0.0,0.0,E,8
04/15/2015,17:00,334.814,1356.845,198.51,1,8,559.534,1,8,61.048,1,8,23821.2,1,8,53155.7,1,8,6715.317,1,8,79.099,1,8,-9900,?,9,-9900,?,9,26.94,E,8,20.16,E,8,66.0,E,8,964.3861999999999,E,8,999.0,E,8,1.88,E,8,-9900,?,9,-9900,?,9,0.0,E,8,-9900,?,9,-9900,?,9,0.0,0.0,E,8
04/15/2015,18:00,24.453,1356.845,38.63,1,8,0.0,1,8,38.63,1,8,4635.6,1,8,0.0,1,8,4249.3,1,8,1113.064,1,8,-9900,?,9,-9900,?,9,25.68,E,8,19.78,E,8,74.0,E,8,964.3861999999999,E,8,999.0,E,8,1.19,E,8,-9900,?,9,-9900,?,9,0.001,E,8,-9900,?,9,-9900,?,9,0.01,99.0,E,8
04/15/2015,19:00,0.0,1356.845,0.0,1,8,0.0,1,8,0.0,1,8,0.0,1,8,0.0,1,8,0.0,1,8,-0.0,1,8,-9900,?,9,-9900,?,9,24.95,E,8,19.55,E,8,71.0,E,8,964.3861999999999,E,8,999.0,E,8,0.98,E,8,-9900,?,9,-9900,?,9,0.0,E,8,-9900,?,9,-9900,?,9,0.0,0.0,E,8
04/15/2015,20:00,0.0,1356.845,0.0,1,8,0.0,1,8,0.0,1,8,0.0,1,8,0.0,1,8,0.0,1,8,-0.0,1,8,-9900,?,9,-9900,?,9,24.22,E,8,19.32,E,8,74.0,E,8,964.3861999999999,E,8,999.0,E,8,0.98,E,8,-9900,?,9,-9900,?,9,0.0,E,8,-9900,?,9,-9900,?,9,0.0,0.0,E,8
04/15/2015,21:00,0.0,1356.845,0.0,1,8,0.0,1,8,0.0,1,8,0.0,1,8,0.0,1,8,0.0,1,8,-0.0,1,8,-9900,?,9,-9900,?,9,23.49,E,8,19.09,E,8,81.0,E,8,964.3861999999999,E,8,999.0,E,8,0.98,E,8,-9900,?,9,-9900,?,9,0.006,E,8,-9900,?,9,-9900,?,9,0.06,99.0,E,8
04/15/2015,22:00,0.0,1356.845,0.0,1,8,0.0,1,8,0.0,1,8,0.0,1,8,0.0,1,8,0.0,1,8,-0.0,1,8,-9900,?,9,-9900,?,9,22.76,E,8,18.86,E,8,83.0,E,8,964.3861999999999,E,8,999.0,E,8,0.98,E,8,-9900,?,9,-9900,?,9,0.002,E,8,-9900,?,9,-9900,?,9,0.02,99.0,E,8
04/15/2015,23:00,0.0,1356.845,0.0,1,8,0.0,1,8,0.0,1,8,0.0,1,8,0.0,1,8,0.0,1,8,-0.0,1,8,-9900,?,9,-9900,?,9,22.02,E,8,18.62,E,8,91.0,E,8,964.3861999999999,E,8,999.0,E,8,0.98,E,8,-9900,?,9,-9900,?,9,0.191,E,8,-9900,?,9,-9900,?,9,1.91,99.0,E,8
04/15/2015,24:00,0.0,1356.845,0.0,1,8,0.0,1,8,0.0,1,8,0.0,1,8,0.0,1,8,0.0,1,8,-0.0,1,8,-9900,?,9,-9900,?,9,21.29,E,8,18.41,E,8,88.0,E,8,964.3861999999999,E,8,999.0,E,8,1.16,E,8,-9900,?,9,-9900,?,9,0.001,E,8,-9900,?,9,-9900,?,9,0.01,99.0,E,8
04/16/2015,01:00,0.0,1356.845,0.0,1,8,0.0,1,8,0.0,1,8,0.0,1,8,0.0,1,8,0.0,1,8,-0.0,1,8,-9900,?,9,-9900,?,9,20.93,E,8,18.27,E,8,84.0,E,8,964.3861999999999,E,8,999.0,E,8,1.16,E,8,-9900,?,9,-9900,?,9,0.0,E,8,-9900,?,9,-9900,?,9,0.0,0.0,E,8
04/16/2015,02:00,0.0,1356.845,0.0,1,8,0.0,1,8,0.0,1,8,0.0,1,8,0.0,1,8,0.0,1,8,-0.0,1,8,-9900,?,9,-9900,?,9,20.56,E,8,18.12,E,8,85.0,E,8,964.3861999999999,E,8,999.0,E,8,1.16,E,8,-9900,?,9,-9900,?,9,0.0,E,8,-9900,?,9,-9900,?,9,0.0,0.0,E,8
04/16/2015,03:00,0.0,1356.845,0.0,1,8,0.0,1,8,0.0,1,8,0.0,1,8,0.0,1,8,0.0,1,8,-0.0,1,8,-9900,?,9,-9900,?,9,20.19,E,8,17.97,E,8,87.0,E,8,964.3861999999999,E,8,999.0,E,8,1.16,E,8,-9900,?,9,-9900,?,9,0.0,E,8,-9900,?,9,-9900,?,9,0.0,0.0,E,8
04/16/2015,04:00,0.0,1356.066,0.0,1,8,0.0,1,8,0.0,1,8,0.0,1,8,0.0,1,8,0.0,1,8,-0.0,1,8,-9900,?,9,-9900,?,9,19.83,E,8,17.82,E,8,88.0,E,8,964.3861999999999,E,8,999.0,E,8,1.16,E,8,-9900,?,9,-9900,?,9,0.0,E,8,-9900,?,9,-9900,?,9,0.0,0.0,E,8
04/16/2015,05:00,0.0,1356.066,0.0,1,8,0.0,1,8,0.0,1,8,0.0,1,8,0.0,1,8,0.0,1,8,-0.0,1,8,-9900,?,9,-9900,?,9,19.46,E,8,17.67,E,8,89.0,E,8,964.3861999999999,E,8,999.0,E,8,1.16,E,8,-9900,?,9,-9900,?,9,0.0,E,8,-9900,?,9,-9900,?,9,0.0,0.0,E,8
04/16/2015,06:00,0.0,1356.066,0.0,1,8,0.0,1,8,0.0,1,8,0.0,1,8,0.0,1,8,0.0,1,8,-0.0,1,8,-9900,?,9,-9900,?,9,19.18,E,8,17.55,E,8,90.0,E,8,964.3861999999999,E,8,999.0,E,8,1.16,E,8,-9900,?,9,-9900,?,9,0.0,E,8,-9900,?,9,-9900,?,9,0.0,0.0,E,8
04/16/2015,07:00,144.751,1356.066,0.0,1,8,0.0,1,8,0.0,1,8,0.0,1,8,0.0,1,8,0.0,1,8,0.0,1,8,-9900,?,9,-9900,?,9,18.94,E,8,17.45,E,8,91.0,E,8,964.3861999999999,E,8,999.0,E,8,1.16,E,8,-9900,?,9,-9900,?,9,0.0,E,8,-9900,?,9,-9900,?,9,0.0,0.0,E,8
04/16/2015,08:00,451.454,1356.066,87.18,1,8,0.0,1,8,87.18,1,8,10461.6,1,8,0.0,1,8,9589.8,1,8,83.55,1,8,-9900,?,9,-9900,?,9,18.7,E,8,17.35,E,8,91.0,E,8,964.3861999999999,E,8,999.0,E,8,1.16,E,8,-9900,?,9,-9900,?,9,0.0,E,8,-9900,?,9,-9900,?,9,0.0,0.0,E,8
04/16/2015,09:00,723.334,1356.066,231.02,1,8,43.648,1,8,207.755,1,8,27722.4,1,8,4146.513,1,8,22853.082,1,8,124.069,1,8,-9900,?,9,-9900,?,9,22.28,E,8,18.8,E,8,80.0,E,8,964.3861999999999,E,8,999.0,E,8,1.16,E,8,-9900,?,9,-9900,?,9,0.0,E,8,-9900,?,9,-9900,?,9,0.0,0.0,E,8
04/16/2015,10:00,940.376,1356.066,414.17,1,8,126.454,1,8,326.507,1,8,49700.4,1,8,12013.143,1,8,35915.778,1,8,149.92,1,8,-9900,?,9,-9900,?,9,24.19,E,8,19.53,E,8,75.0,E,8,964.3861999999999,E,8,999.0,E,8,1.16,E,8,-9900,?,9,-9900,?,9,0.0,E,8,-9900,?,9,-9900,?,9,0.0,0.0,E,8
04/16/2015,11:00,1087.594,1356.066,123.09,1,8,0.0,1,8,123.09,1,8,14770.8,1,8,0.0,1,8,13539.9,1,8,48.86,1,8,-9900,?,9,-9900,?,9,23.51,E,8,19.27,E,8,82.0,E,8,964.3861999999999,E,8,999.0,E,8,1.16,E,8,-9900,?,9,-9900,?,9,0.097,E,8,-9900,?,9,-9900,?,9,0.97,99.0,E,8
04/16/2015,12:00,1154.899,1356.066,267.26,1,8,4.283,1,8,263.613,1,8,32071.2,1,8,406.905,1,8,28997.386,1,8,98.537,1,8,-9900,?,9,-9900,?,9,23.75,E,8,19.36,E,8,81.0,E,8,964.3861999999999,E,8,999.0,E,8,1.16,E,8,-9900,?,9,-9900,?,9,0.002,E,8,-9900,?,9,-9900,?,9,0.02,99.0,E,8
04/16/2015,13:00,1137.686,1356.066,279.12,1,8,22.422,1,8,260.311,1,8,33494.4,1,8,2130.096,1,8,28634.221,1,8,98.777,1,8,-9900,?,9,-9900,?,9,23.96,E,8,19.44,E,8,75.0,E,8,964.3861999999999,E,8,999.0,E,8,1.16,E,8,-9900,?,9,-9900,?,9,0.0,E,8,-9900,?,9,-9900,?,9,0.0,0.0,E,8
04/16/2015,14:00,1037.131,1356.066,785.46,1,8,718.304,1,8,236.209,1,8,94255.2,1,8,68238.903,1,8,25982.99,1,8,98.33,1,8,-9900,?,9,-9900,?,9,25.73,E,8,20.09,E,8,71.0,E,8,964.3861999999999,E,8,999.0,E,8,2.26,E,8,-9900,?,9,-9900,?,9,0.0,E,8,-9900,?,9,-9900,?,9,0.0,0.0,E,8
04/16/2015,15:00,860.115,1356.066,812.76,1,8,749.527,1,8,337.563,1,8,97531.2,1,8,71205.08,1,8,37131.899,1,8,169.48,1,8,-9900,?,9,-9900,?,9,27.14,E,8,20.59,E,8,67.0,E,8,964.3861999999999,E,8,999.0,E,8,1.71,E,8,-9900,?,9,-9900,?,9,0.0,E,8,-9900,?,9,-9900,?,9,0.0,0.0,E,8
04/16/2015,16:00,618.787,1356.066,710.18,1,8,687.936,1,8,396.616,1,8,85221.6,1,8,65353.914,1,8,43627.805,1,8,276.977,1,8,-9900,?,9,-9900,?,9,27.98,E,8,20.88,E,8,65.0,E,8,964.3861999999999,E,8,999.0,E,8,1.76,E,8,-9900,?,9,-9900,?,9,0.0,E,8,-9900,?,9,-9900,?,9,0.0,0.0,E,8
04/16/2015,17:00,329.962,1356.066,227.82,1,8,444.477,1,8,120.159,1,8,27338.4,1,8,42225.325,1,8,13217.531,1,8,157.907,1,8,-9900,?,9,-9900,?,9,27.27,E,8,20.64,E,8,67.0,E,8,964.3861999999999,E,8,999.0,E,8,2.04,E,8,-9900,?,9,-9900,?,9,0.0,E,8,-9900,?,9,-9900,?,9,0.0,0.0,E,8
04/16/2015,18:00,20.553,1356.066,35.35,1,8,0.0,1,8,35.35,1,8,4242.0,1,8,0.0,1,8,3888.5,1,8,1442.687,1,8,-9900,?,9,-9900,?,9,26.02,E,8,20.2,E,8,70.0,E,8,964.3861999999999,E,8,999.0,E,8,1.16,E,8,-9900,?,9,-9900,?,9,0.0,E,8,-9900,?,9,-9900,?,9,0.0,0.0,E,8
04/16/2015,19:00,0.0,1356.066,0.0,1,8,0.0,1,8,0.0,1,8,0.0,1,8,0.0,1,8,0.0,1,8,-0.0,1,8,-9900,?,9,-9900,?,9,25.29,E,8,19.93,E,8,72.0,E,8,964.3861999999999,E,8,999.0,E,8,1.23,E,8,-9900,?,9,-9900,?,9,0.0,E,8,-9900,?,9,-9900,?,9,0.0,0.0,E,8
04/16/2015,20:00,0.0,1356.066,0.0,1,8,0.0,1,8,0.0,1,8,0.0,1,8,0.0,1,8,0.0,1,8,-0.0,1,8,-9900,?,9,-9900,?,9,24.56,E,8,19.66,E,8,74.0,E,8,964.3861999999999,E,8,999.0,E,8,1.16,E,8,-9900,?,9,-9900,?,9,0.0,E,8,-9900,?,9,-9900,?,9,0.0,0.0,E,8
04/16/2015,21:00,0.0,1356.066,0.0,1,8,0.0,1,8,0.0,1,8,0.0,1,8,0.0,1,8,0.0,1,8,-0.0,1,8,-9900,?,9,-9900,?,9,23.82,E,8,19.39,E,8,76.0,E,8,964.3861999999999,E,8,999.0,E,8,1.16,E,8,-9900,?,9,-9900,?,9,0.0,E,8,-9900,?,9,-9900,?,9,0.0,0.0,E,8
04/16/2015,22:00,0.0,1356.066,0.0,1,8,0.0,1,8,0.0,1,8,0.0,1,8,0.0,1,8,0.0,1,8,-0.0,1,8,-9900,?,9,-9900,?,9,23.09,E,8,19.11,E,8,78.0,E,8,964.3861999999999,E,8,999.0,E,8,1.16,E,8,-9900,?,9,-9900,?,9,0.0,E,8,-9900,?,9,-9900,?,9,0.0,0.0,E,8
04/16/2015,23:00,0.0,1356.066,0.0,1,8,0.0,1,8,0.0,1,8,0.0,1,8,0.0,1,8,0.0,1,8,-0.0,1,8,-9900,?,9,-9900,?,9,22.35,E,8,18.83,E,8,80.0,E,8,964.3861999999999,E,8,999.0,E,8,1.16,E,8,-9900,?,9,-9900,?,9,0.0,E,8,-9900,?,9,-9900,?,9,0.0,0.0,E,8
04/16/2015,24:00,0.0,1356.066,0.0,1,8,0.0,1,8,0.0,1,8,0.0,1,8,0.0,1,8,0.0,1,8,-0.0,1,8,-9900,?,9,-9900,?,9,21.62,E,8,18.64,E,8,83.0,E,8,964.3861999999999,E,8,999.0,E,8,1.29,E,8,-9900,?,9,-9900,?,9,0.0,E,8,-9900,?,9,-9900,?,9,0.0,0.0,E,8
04/17/2015,01:00,0.0,1356.066,0.0,1,8,0.0,1,8,0.0,1,8,0.0,1,8,0.0,1,8,0.0,1,8,-0.0,1,8,-9900,?,9,-9900,?,9,21.25,E,8,18.46,E,8,83.0,E,8,964.3861999999999,E,8,999.0,E,8,1.29,E,8,-9900,?,9,-9900,?,9,0.0,E,8,-9900,?,9,-9900,?,9,0.0,0.0,E,8
04/17/2015,02:00,0.0,1356.066,0.0,1,8,0.0,1,8,0.0,1,8,0.0,1,8,0.0,1,8,0.0,1,8,-0.0,1,8,-9900,?,9,-9900,?,9,20.88,E,8,18.27,E,8,89.0,E,8,964.3861999999999,E,8,999.0,E,8,1.29,E,8,-9900,?,9,-9900,?,9,0.097,E,8,-9900,?,9,-9900,?,9,0.97,99.0,E,8
04/17/2015,03:00,0.0,1356.066,0.0,1,8,0.0,1,8,0.0,1,8,0.0,1,8,0.0,1,8,0.0,1,8,-0.0,1,8,-9900,?,9,-9900,?,9,20.52,E,8,18.09,E,8,85.0,E,8,964.3861999999999,E,8,999.0,E,8,1.29,E,8,-9900,?,9,-9900,?,9,0.0,E,8,-9900,?,9,-9900,?,9,0.0,0.0,E,8
04/17/2015,04:00,0.0,1355.29,0.0,1,8,0.0,1,8,0.0,1,8,0.0,1,8,0.0,1,8,0.0,1,8,-0.0,1,8,-9900,?,9,-9900,?,9,20.15,E,8,17.9,E,8,86.0,E,8,964.3861999999999,E,8,999.0,E,8,1.29,E,8,-9900,?,9,-9900,?,9,0.0,E,8,-9900,?,9,-9900,?,9,0.0,0.0,E,8
04/17/2015,05:00,0.0,1355.29,0.0,1,8,0.0,1,8,0.0,1,8,0.0,1,8,0.0,1,8,0.0,1,8,-0.0,1,8,-9900,?,9,-9900,?,9,19.78,E,8,17.71,E,8,87.0,E,8,964.3861999999999,E,8,999.0,E,8,1.29,E,8,-9900,?,9,-9900,?,9,0.0,E,8,-9900,?,9,-9900,?,9,0.0,0.0,E,8
04/17/2015,06:00,0.0,1355.29,0.0,1,8,0.0,1,8,0.0,1,8,0.0,1,8,0.0,1,8,0.0,1,8,-0.0,1,8,-9900,?,9,-9900,?,9,19.5,E,8,17.56,E,8,88.0,E,8,964.3861999999999,E,8,999.0,E,8,1.29,E,8,-9900,?,9,-9900,?,9,0.0,E,8,-9900,?,9,-9900,?,9,0.0,0.0,E,8
04/17/2015,07:00,142.712,1355.29,0.0,1,8,0.0,1,8,0.0,1,8,0.0,1,8,0.0,1,8,0.0,1,8,0.0,1,8,-9900,?,9,-9900,?,9,19.26,E,8,17.44,E,8,88.0,E,8,964.3861999999999,E,8,999.0,E,8,1.29,E,8,-9900,?,9,-9900,?,9,0.0,E,8,-9900,?,9,-9900,?,9,0.0,0.0,E,8
04/17/2015,08:00,448.763,1355.29,88.38,1,8,0.0,1,8,88.38,1,8,10605.6,1,8,0.0,1,8,9721.8,1,8,85.161,1,8,-9900,?,9,-9900,?,9,19.01,E,8,17.3,E,8,89.0,E,8,964.3861999999999,E,8,999.0,E,8,1.29,E,8,-9900,?,9,-9900,?,9,0.0,E,8,-9900,?,9,-9900,?,9,0.0,0.0,E,8
04/17/2015,09:00,720.001,1355.29,238.95,1,8,52.625,1,8,211.014,1,8,28674.0,1,8,4999.365,1,8,23211.51,1,8,126.527,1,8,-9900,?,9,-9900,?,9,22.39,E,8,19.02,E,8,86.0,E,8,964.3861999999999,E,8,999.0,E,8,1.29,E,8,-9900,?,9,-9900,?,9,0.001,E,8,-9900,?,9,-9900,?,9,0.01,99.0,E,8
04/17/2015,10:00,936.429,1355.29,372.86,1,8,66.777,1,8,326.736,1,8,44743.2,1,8,6343.817,1,8,35940.924,1,8,150.572,1,8,-9900,?,9,-9900,?,9,23.82,E,8,19.7,E,8,77.0,E,8,964.3861999999999,E,8,999.0,E,8,1.29,E,8,-9900,?,9,-9900,?,9,0.0,E,8,-9900,?,9,-9900,?,9,0.0,0.0,E,8
04/17/2015,11:00,1083.103,1355.29,473.94,1,8,84.385,1,8,406.514,1,8,56872.8,1,8,8016.574,1,8,44716.486,1,8,161.942,1,8,-9900,?,9,-9900,?,9,25.06,E,8,20.27,E,8,74.0,E,8,964.3861999999999,E,8,999.0,E,8,1.29,E,8,-9900,?,9,-9900,?,9,0.0,E,8,-9900,?,9,-9900,?,9,0.0,0.0,E,8
04/17/2015,12:00,1149.971,1355.29,533.68,1,8,143.027,1,8,412.335,1,8,64041.6,1,8,13587.549,1,8,45356.833,1,8,154.702,1,8,-9900,?,9,-9900,?,9,26.05,E,8,20.71,E,8,72.0,E,8,964.3861999999999,E,8,999.0,E,8,1.29,E,8,-9900,?,9,-9900,?,9,0.0,E,8,-9900,?,9,-9900,?,9,0.0,0.0,E,8
04/17/2015,13:00,1132.458,1355.29,594.86,1,8,237.218,1,8,396.67,1,8,71383.2,1,8,22535.707,1,8,43633.685,1,8,151.128,1,8,-9900,?,9,-9900,?,9,26.92,E,8,21.09,E,8,70.0,E,8,964.3861999999999,E,8,999.0,E,8,1.29,E,8,-9900,?,9,-9900,?,9,0.0,E,8,-9900,?,9,-9900,?,9,0.0,0.0,E,8
04/17/2015,14:00,1031.76,1355.29,607.71,1,8,344.995,1,8,345.127,1,8,72925.2,1,8,32774.497,1,8,37963.995,1,8,144.336,1,8,-9900,?,9,-9900,?,9,27.58,E,8,21.37,E,8,68.0,E,8,964.3861999999999,E,8,999.0,E,8,1.29,E,8,-9900,?,9,-9900,?,9,0.0,E,8,-9900,?,9,-9900,?,9,0.0,0.0,E,8
04/17/2015,15:00,854.769,1355.29,331.96,1,8,81.405,1,8,280.642,1,8,39835.2,1,8,7733.455,1,8,30870.572,1,8,141.703,1,8,-9900,?,9,-9900,?,9,27.21,E,8,21.21,E,8,69.0,E,8,964.3861999999999,E,8,999.0,E,8,1.29,E,8,-9900,?,9,-9900,?,9,0.0,E,8,-9900,?,9,-9900,?,9,0.0,0.0,E,8
04/17/2015,16:00,613.633,1355.29,141.94,1,8,0.333,1,8,141.789,1,8,17032.8,1,8,31.635,1,8,15596.834,1,8,99.795,1,8,-9900,?,9,-9900,?,9,26.19,E,8,20.77,E,8,72.0,E,8,964.3861999999999,E,8,999.0,E,8,1.29,E,8,-9900,?,9,-9900,?,9,0.0,E,8,-9900,?,9,-9900,?,9,0.0,0.0,E,8
04/17/2015,17:00,325.165,1355.29,177.26,1,8,362.564,1,8,90.679,1,8,21271.2,1,8,34443.533,1,8,9974.723,1,8,120.871,1,8,-9900,?,9,-9900,?,9,25.49,E,8,20.46,E,8,73.0,E,8,964.3861999999999,E,8,999.0,E,8,1.29,E,8,-9900,?,9,-9900,?,9,0.0,E,8,-9900,?,9,-9900,?,9,0.0,0.0,E,8
04/17/2015,18:00,16.752,1355.29,32.25,1,8,0.0,1,8,32.25,1,8,3870.0,1,8,0.0,1,8,3547.5,1,8,2233.283,1,8,-9900,?,9,-9900,?,9,24.46,E,8,20.0,E,8,76.0,E,8,964.3861999999999,E,8,999.0,E,8,1.29,E,8,-9900,?,9,-9900,?,9,0.0,E,8,-9900,?,9,-9900,?,9,0.0,0.0,E,8
04/17/2015,19:00,0.0,1355.29,0.0,1,8,0.0,1,8,0.0,1,8,0.0,1,8,0.0,1,8,0.0,1,8,-0.0,1,8,-9900,?,9,-9900,?,9,23.84,E,8,19.71,E,8,77.0,E,8,964.3861999999999,E,8,999.0,E,8,1.29,E,8,-9900,?,9,-9900,?,9,0.0,E,8,-9900,?,9,-9900,?,9,0.0,0.0,E,8
04/17/2015,20:00,0.0,1355.29,0.0,1,8,0.0,1,8,0.0,1,8,0.0,1,8,0.0,1,8,0.0,1,8,-0.0,1,8,-9900,?,9,-9900,?,9,23.22,E,8,19.42,E,8,79.0,E,8,964.3861999999999,E,8,999.0,E,8,1.29,E,8,-9900,?,9,-9900,?,9,0.0,E,8,-9900,?,9,-9900,?,9,0.0,0.0,E,8
04/17/2015,21:00,0.0,1355.29,0.0,1,8,0.0,1,8,0.0,1,8,0.0,1,8,0.0,1,8,0.0,1,8,-0.0,1,8,-9900,?,9,-9900,?,9,22.59,E,8,19.12,E,8,85.0,E,8,964.3861999999999,E,8,999.0,E,8,1.29,E,8,-9900,?,9,-9900,?,9,0.002,E,8,-9900,?,9,-9900,?,9,0.02,99.0,E,8
04/17/2015,22:00,0.0,1355.29,0.0,1,8,0.0,1,8,0.0,1,8,0.0,1,8,0.0,1,8,0.0,1,8,-0.0,1,8,-9900,?,9,-9900,?,9,21.97,E,8,18.82,E,8,82.0,E,8,964.3861999999999,E,8,999.0,E,8,1.29,E,8,-9900,?,9,-9900,?,9,0.0,E,8,-9900,?,9,-9900,?,9,0.0,0.0,E,8
04/17/2015,23:00,0.0,1355.29,0.0,1,8,0.0,1,8,0.0,1,8,0.0,1,8,0.0,1,8,0.0,1,8,-0.0,1,8,-9900,?,9,-9900,?,9,21.35,E,8,18.51,E,8,83.0,E,8,964.3861999999999,E,8,999.0,E,8,1.29,E,8,-9900,?,9,-9900,?,9,0.0,E,8,-9900,?,9,-9900,?,9,0.0,0.0,E,8
04/17/2015,24:00,0.0,1355.29,0.0,1,8,0.0,1,8,0.0,1,8,0.0,1,8,0.0,1,8,0.0,1,8,-0.0,1,8,-9900,?,9,-9900,?,9,20.73,E,8,15.97,E,8,74.0,E,8,964.3861999999999,E,8,999.0,E,8,0.99,E,8,-9900,?,9,-9900,?,9,0.0,E,8,-9900,?,9,-9900,?,9,0.0,0.0,E,8
04/18/2015,01:00,0.0,1355.29,0.0,1,8,0.0,1,8,0.0,1,8,0.0,1,8,0.0,1,8,0.0,1,8,-0.0,1,8,-9900,?,9,-9900,?,9,20.42,E,8,15.94,E,8,75.0,E,8,964.3861999999999,E,8,999.0,E,8,0.99,E,8,-9900,?,9,-9900,?,9,0.0,E,8,-9900,?,9,-9900,?,9,0.0,0.0,E,8
04/18/2015,02:00,0.0,1355.29,0.0,1,8,0.0,1,8,0.0,1,8,0.0,1,8,0.0,1,8,0.0,1,8,-0.0,1,8,-9900,?,9,-9900,?,9,20.11,E,8,15.91,E,8,76.0,E,8,964.3861999999999,E,8,999.0,E,8,0.99,E,8,-9900,?,9,-9900,?,9,0.0,E,8,-9900,?,9,-9900,?,9,0.0,0.0,E,8
04/18/2015,03:00,0.0,1355.29,0.0,1,8,0.0,1,8,0.0,1,8,0.0,1,8,0.0,1,8,0.0,1,8,-0.0,1,8,-9900,?,9,-9900,?,9,19.8,E,8,15.88,E,8,78.0,E,8,964.3861999999999,E,8,999.0,E,8,0.99,E,8,-9900,?,9,-9900,?,9,0.0,E,8,-9900,?,9,-9900,?,9,0.0,0.0,E,8
04/18/2015,04:00,0.0,1354.519,0.0,1,8,0.0,1,8,0.0,1,8,0.0,1,8,0.0,1,8,0.0,1,8,-0.0,1,8,-9900,?,9,-9900,?,9,19.49,E,8,15.85,E,8,79.0,E,8,964.3861999999999,E,8,999.0,E,8,0.99,E,8,-9900,?,9,-9900,?,9,0.0,E,8,-9900,?,9,-9900,?,9,0.0,0.0,E,8
04/18/2015,05:00,0.0,1354.519,0.0,1,8,0.0,1,8,0.0,1,8,0.0,1,8,0.0,1,8,0.0,1,8,-0.0,1,8,-9900,?,9,-9900,?,9,19.17,E,8,15.82,E,8,80.0,E,8,964.3861999999999,E,8,999.0,E,8,0.99,E,8,-9900,?,9,-9900,?,9,0.0,E,8,-9900,?,9,-9900,?,9,0.0,0.0,E,8
04/18/2015,06:00,0.0,1354.519,0.0,1,8,0.0,1,8,0.0,1,8,0.0,1,8,0.0,1,8,0.0,1,8,-0.0,1,8,-9900,?,9,-9900,?,9,18.93,E,8,15.8,E,8,82.0,E,8,964.3861999999999,E,8,999.0,E,8,0.99,E,8,-9900,?,9,-9900,?,9,0.0,E,8,-9900,?,9,-9900,?,9,0.0,0.0,E,8
04/18/2015,07:00,140.661,1354.519,0.0,1,8,0.0,1,8,0.0,1,8,0.0,1,8,0.0,1,8,0.0,1,8,0.0,1,8,-9900,?,9,-9900,?,9,18.73,E,8,15.78,E,8,82.0,E,8,964.3861999999999,E,8,999.0,E,8,0.99,E,8,-9900,?,9,-9900,?,9,0.0,E,8,-9900,?,9,-9900,?,9,0.0,0.0,E,8
04/18/2015,08:00,446.054,1354.519,147.32,1,8,141.237,1,8,100.92,1,8,17678.4,1,8,13417.51,1,8,11101.227,1,8,97.782,1,8,-9900,?,9,-9900,?,9,18.52,E,8,15.76,E,8,83.0,E,8,964.3861999999999,E,8,999.0,E,8,0.99,E,8,-9900,?,9,-9900,?,9,0.0,E,8,-9900,?,9,-9900,?,9,0.0,0.0,E,8
04/18/2015,09:00,716.648,1354.519,399.18,1,8,329.869,1,8,224.785,1,8,47901.6,1,8,31337.518,1,8,24726.326,1,8,135.339,1,8,-9900,?,9,-9900,?,9,22.84,E,8,16.16,E,8,65.0,E,8,964.3861999999999,E,8,999.0,E,8,0.99,E,8,-9900,?,9,-9900,?,9,0.0,E,8,-9900,?,9,-9900,?,9,0.0,0.0,E,8
04/18/2015,10:00,932.465,1354.519,620.2,1,8,547.183,1,8,243.636,1,8,74424.0,1,8,51982.379,1,8,26799.994,1,8,112.69,1,8,-9900,?,9,-9900,?,9,24.66,E,8,16.32,E,8,59.0,E,8,964.3861999999999,E,8,999.0,E,8,0.99,E,8,-9900,?,9,-9900,?,9,0.0,E,8,-9900,?,9,-9900,?,9,0.0,0.0,E,8
04/18/2015,11:00,1078.601,1354.519,790.19,1,8,726.488,1,8,211.787,1,8,94822.8,1,8,69016.332,1,8,23296.608,1,8,84.674,1,8,-9900,?,9,-9900,?,9,26.25,E,8,16.47,E,8,54.0,E,8,964.3861999999999,E,8,999.0,E,8,0.99,E,8,-9900,?,9,-9900,?,9,0.0,E,8,-9900,?,9,-9900,?,9,0.0,0.0,E,8
04/18/2015,12:00,1145.04,1354.519,889.36,1,8,893.762,1,8,133.909,1,8,106723.2,1,8,84907.421,1,8,14729.953,1,8,50.428,1,8,-9900,?,9,-9900,?,9,27.51,E,8,16.58,E,8,51.0,E,8,964.3861999999999,E,8,999.0,E,8,0.99,E,8,-9900,?,9,-9900,?,9,0.0,E,8,-9900,?,9,-9900,?,9,0.0,0.0,E,8
04/18/2015,13:00,1127.237,1354.519,906.19,1,8,841.069,1,8,206.341,1,8,108742.8,1,8,79901.511,1,8,22697.465,1,8,78.934,1,8,-9900,?,9,-9900,?,9,28.4,E,8,16.66,E,8,48.0,E,8,964.3861999999999,E,8,999.0,E,8,1.19,E,8,-9900,?,9,-9900,?,9,0.0,E,8,-9900,?,9,-9900,?,9,0.0,0.0,E,8
04/18/2015,14:00,1026.408,1354.519,849.81,1,8,825.823,1,8,224.166,1,8,101977.2,1,8,78453.188,1,8,24658.249,1,8,94.184,1,8,-9900,?,9,-9900,?,9,28.9,E,8,16.7,E,8,47.0,E,8,964.3861999999999,E,8,999.0,E,8,1.36,E,8,-9900,?,9,-9900,?,9,0.0,E,8,-9900,?,9,-9900,?,9,0.0,0.0,E,8
04/18/2015,15:00,849.455,1354.519,716.04,1,8,814.462,1,8,205.5,1,8,85924.8,1,8,77373.888,1,8,22605.038,1,8,104.353,1,8,-9900,?,9,-9900,?,9,29.02,E,8,16.71,E,8,47.0,E,8,964.3861999999999,E,8,999.0,E,8,2.26,E,8,-9900,?,9,-9900,?,9,0.0,E,8,-9900,?,9,-9900,?,9,0.0,0.0,E,8
04/18/2015,16:00,608.524,1354.519,524.76,1,8,757.355,1,8,184.907,1,8,62971.2,1,8,71948.726,1,8,20339.807,1,8,131.164,1,8,-9900,?,9,-9900,?,9,28.6,E,8,16.68,E,8,48.0,E,8,964.3861999999999,E,8,999.0,E,8,2.15,E,8,-9900,?,9,-9900,?,9,0.0,E,8,-9900,?,9,-9900,?,9,0.0,0.0,E,8
04/18/2015,17:00,320.425,1354.519,287.41,1,8,641.805,1,8,136.315,1,8,34489.2,1,8,60971.473,1,8,14994.641,1,8,184.309,1,8,-9900,?,9,-9900,?,9,27.63,E,8,16.59,E,8,51.0,E,8,964.3861999999999,E,8,999.0,E,8,2.29,E,8,-9900,?,9,-9900,?,9,0.0,E,8,-9900,?,9,-9900,?,9,0.0,0.0,E,8
04/18/2015,18:00,13.048,1354.519,49.81,1,8,0.0,1,8,49.81,1,8,5977.2,1,8,0.0,1,8,5479.1,1,8,11011.199,1,8,-9900,?,9,-9900,?,9,26.26,E,8,16.47,E,8,54.0,E,8,964.3861999999999,E,8,999.0,E,8,2.06,E,8,-9900,?,9,-9900,?,9,0.0,E,8,-9900,?,9,-9900,?,9,0.0,0.0,E,8
04/18/2015,19:00,0.0,1354.519,0.0,1,8,0.0,1,8,0.0,1,8,0.0,1,8,0.0,1,8,0.0,1,8,-0.0,1,8,-9900,?,9,-9900,?,9,25.41,E,8,16.39,E,8,57.0,E,8,964.3861999999999,E,8,999.0,E,8,1.48,E,8,-9900,?,9,-9900,?,9,0.0,E,8,-9900,?,9,-9900,?,9,0.0,0.0,E,8
04/18/2015,20:00,0.0,1354.519,0.0,1,8,0.0,1,8,0.0,1,8,0.0,1,8,0.0,1,8,0.0,1,8,-0.0,1,8,-9900,?,9,-9900,?,9,24.56,E,8,16.31,E,8,60.0,E,8,964.3861999999999,E,8,999.0,E,8,1.62,E,8,-9900,?,9,-9900,?,9,0.0,E,8,-9900,?,9,-9900,?,9,0.0,0.0,E,8
04/18/2015,21:00,0.0,1354.519,0.0,1,8,0.0,1,8,0.0,1,8,0.0,1,8,0.0,1,8,0.0,1,8,-0.0,1,8,-9900,?,9,-9900,?,9,23.71,E,8,16.24,E,8,62.0,E,8,964.3861999999999,E,8,999.0,E,8,1.08,E,8,-9900,?,9,-9900,?,9,0.0,E,8,-9900,?,9,-9900,?,9,0.0,0.0,E,8
04/18/2015,22:00,0.0,1354.519,0.0,1,8,0.0,1,8,0.0,1,8,0.0,1,8,0.0,1,8,0.0,1,8,-0.0,1,8,-9900,?,9,-9900,?,9,22.86,E,8,16.16,E,8,65.0,E,8,964.3861999999999,E,8,999.0,E,8,1.15,E,8,-9900,?,9,-9900,?,9,0.0,E,8,-9900,?,9,-9900,?,9,0.0,0.0,E,8
04/18/2015,23:00,0.0,1354.519,0.0,1,8,0.0,1,8,0.0,1,8,0.0,1,8,0.0,1,8,0.0,1,8,-0.0,1,8,-9900,?,9,-9900,?,9,22.01,E,8,16.08,E,8,69.0,E,8,964.3861999999999,E,8,999.0,E,8,1.49,E,8,-9900,?,9,-9900,?,9,0.0,E,8,-9900,?,9,-9900,?,9,0.0,0.0,E,8
04/18/2015,24:00,0.0,1354.519,0.0,1,8,0.0,1,8,0.0,1,8,0.0,1,8,0.0,1,8,0.0,1,8,-0.0,1,8,-9900,?,9,-9900,?,9,21.17,E,8,16.76,E,8,75.0,E,8,964.3861999999999,E,8,999.0,E,8,1.1,E,8,-9900,?,9,-9900,?,9,0.0,E,8,-9900,?,9,-9900,?,9,0.0,0.0,E,8
04/19/2015,01:00,0.0,1354.519,0.0,1,8,0.0,1,8,0.0,1,8,0.0,1,8,0.0,1,8,0.0,1,8,-0.0,1,8,-9900,?,9,-9900,?,9,20.74,E,8,16.66,E,8,77.0,E,8,964.3861999999999,E,8,999.0,E,8,1.16,E,8,-9900,?,9,-9900,?,9,0.0,E,8,-9900,?,9,-9900,?,9,0.0,0.0,E,8
04/19/2015,02:00,0.0,1354.519,0.0,1,8,0.0,1,8,0.0,1,8,0.0,1,8,0.0,1,8,0.0,1,8,-0.0,1,8,-9900,?,9,-9900,?,9,20.32,E,8,16.57,E,8,79.0,E,8,964.3861999999999,E,8,999.0,E,8,1.25,E,8,-9900,?,9,-9900,?,9,0.0,E,8,-9900,?,9,-9900,?,9,0.0,0.0,E,8
04/19/2015,03:00,0.0,1354.519,0.0,1,8,0.0,1,8,0.0,1,8,0.0,1,8,0.0,1,8,0.0,1,8,-0.0,1,8,-9900,?,9,-9900,?,9,19.89,E,8,16.48,E,8,80.0,E,8,964.3861999999999,E,8,999.0,E,8,1.49,E,8,-9900,?,9,-9900,?,9,0.0,E,8,-9900,?,9,-9900,?,9,0.0,0.0,E,8
04/19/2015,04:00,0.0,1353.752,0.0,1,8,0.0,1,8,0.0,1,8,0.0,1,8,0.0,1,8,0.0,1,8,-0.0,1,8,-9900,?,9,-9900,?,9,19.47,E,8,16.39,E,8,82.0,E,8,964.3861999999999,E,8,999.0,E,8,1.44,E,8,-9900,?,9,-9900,?,9,0.0,E,8,-9900,?,9,-9900,?,9,0.0,0.0,E,8
04/19/2015,05:00,0.0,1353.752,0.0,1,8,0.0,1,8,0.0,1,8,0.0,1,8,0.0,1,8,0.0,1,8,-0.0,1,8,-9900,?,9,-9900,?,9,19.04,E,8,16.29,E,8,84.0,E,8,964.3861999999999,E,8,999.0,E,8,1.09,E,8,-9900,?,9,-9900,?,9,0.0,E,8,-9900,?,9,-9900,?,9,0.0,0.0,E,8
04/19/2015,06:00,0.0,1353.752,0.0,1,8,0.0,1,8,0.0,1,8,0.0,1,8,0.0,1,8,0.0,1,8,-0.0,1,8,-9900,?,9,-9900,?,9,18.72,E,8,16.22,E,8,85.0,E,8,964.3861999999999,E,8,999.0,E,8,0.89,E,8,-9900,?,9,-9900,?,9,0.0,E,8,-9900,?,9,-9900,?,9,0.0,0.0,E,8
04/19/2015,07:00,138.598,1353.752,0.0,1,8,0.0,1,8,0.0,1,8,0.0,1,8,0.0,1,8,0.0,1,8,0.0,1,8,-9900,?,9,-9900,?,9,18.44,E,8,16.16,E,8,86.0,E,8,964.3861999999999,E,8,999.0,E,8,1.33,E,8,-9900,?,9,-9900,?,9,0.0,E,8,-9900,?,9,-9900,?,9,0.0,0.0,E,8
04/19/2015,08:00,443.327,1353.752,139.13,1,8,36.398,1,8,127.239,1,8,16695.6,1,8,3457.774,1,8,13996.313,1,8,123.975,1,8,-9900,?,9,-9900,?,9,18.16,E,8,16.1,E,8,87.0,E,8,964.3861999999999,E,8,999.0,E,8,1.32,E,8,-9900,?,9,-9900,?,9,0.0,E,8,-9900,?,9,-9900,?,9,0.0,0.0,E,8
04/19/2015,09:00,713.277,1353.752,376.21,1,8,299.583,1,8,218.484,1,8,45145.2,1,8,28460.338,1,8,24033.194,1,8,132.093,1,8,-9900,?,9,-9900,?,9,22.58,E,8,17.06,E,8,71.0,E,8,964.3861999999999,E,8,999.0,E,8,2.29,E,8,-9900,?,9,-9900,?,9,0.0,E,8,-9900,?,9,-9900,?,9,0.0,0.0,E,8
04/19/2015,10:00,928.485,1353.752,592.61,1,8,547.956,1,8,216.912,1,8,71113.2,1,8,52055.864,1,8,23860.369,1,8,100.703,1,8,-9900,?,9,-9900,?,9,24.5,E,8,17.46,E,8,64.0,E,8,964.3861999999999,E,8,999.0,E,8,1.97,E,8,-9900,?,9,-9900,?,9,0.0,E,8,-9900,?,9,-9900,?,9,0.0,0.0,E,8
04/19/2015,11:00,1074.089,1353.752,749.07,1,8,629.829,1,8,249.44,1,8,89888.4,1,8,59833.76,1,8,27438.402,1,8,100.09,1,8,-9900,?,9,-9900,?,9,26.13,E,8,17.79,E,8,60.0,E,8,964.3861999999999,E,8,999.0,E,8,2.96,E,8,-9900,?,9,-9900,?,9,0.0,E,8,-9900,?,9,-9900,?,9,0.0,0.0,E,8
04/19/2015,12:00,1140.107,1353.752,839.11,1,8,787.479,1,8,175.989,1,8,100693.2,1,8,74810.481,1,8,19358.751,1,8,66.524,1,8,-9900,?,9,-9900,?,9,27.42,E,8,18.05,E,8,56.0,E,8,964.3861999999999,E,8,999.0,E,8,3.7,E,8,-9900,?,9,-9900,?,9,0.0,E,8,-9900,?,9,-9900,?,9,0.0,0.0,E,8
04/19/2015,13:00,1122.025,1353.752,851.61,1,8,888.817,1,8,115.034,1,8,102193.2,1,8,84437.593,1,8,12653.772,1,8,44.185,1,8,-9900,?,9,-9900,?,9,28.31,E,8,18.23,E,8,54.0,E,8,964.3861999999999,E,8,999.0,E,8,3.81,E,8,-9900,?,9,-9900,?,9,0.0,E,8,-9900,?,9,-9900,?,9,0.0,0.0,E,8
04/19/2015,14:00,1021.079,1353.752,803.81,1,8,782.317,1,8,213.872,1,8,96457.2,1,8,74320.128,1,8,23525.964,1,8,90.278,1,8,-9900,?,9,-9900,?,9,28.84,E,8,18.33,E,8,53.0,E,8,964.3861999999999,E,8,999.0,E,8,3.81,E,8,-9900,?,9,-9900,?,9,0.0,E,8,-9900,?,9,-9900,?,9,0.0,0.0,E,8
04/19/2015,15:00,844.176,1353.752,683.45,1,8,805.709,1,8,181.255,1,8,82014.0,1,8,76542.396,1,8,19938.083,1,8,92.565,1,8,-9900,?,9,-9900,?,9,28.97,E,8,18.36,E,8,52.0,E,8,964.3861999999999,E,8,999.0,E,8,3.53,E,8,-9900,?,9,-9900,?,9,0.0,E,8,-9900,?,9,-9900,?,9,0.0,0.0,E,8
04/19/2015,16:00,603.464,1353.752,503.09,1,8,757.975,1,8,165.604,1,8,60370.8,1,8,72007.649,1,8,18216.445,1,8,118.391,1,8,-9900,?,9,-9900,?,9,28.56,E,8,18.28,E,8,53.0,E,8,964.3861999999999,E,8,999.0,E,8,3.58,E,8,-9900,?,9,-9900,?,9,0.0,E,8,-9900,?,9,-9900,?,9,0.0,0.0,E,8
04/19/2015,17:00,315.745,1353.752,270.57,1,8,649.641,1,8,119.8,1,8,32468.4,1,8,61715.924,1,8,13177.985,1,8,164.31,1,8,-9900,?,9,-9900,?,9,27.55,E,8,18.08,E,8,56.0,E,8,964.3861999999999,E,8,999.0,E,8,3.7,E,8,-9900,?,9,-9900,?,9,0.0,E,8,-9900,?,9,-9900,?,9,0.0,0.0,E,8
04/19/2015,18:00,9.442,1353.752,45.15,1,8,0.0,1,8,0.0,1,8,5418.0,1,8,0.0,1,8,0.0,1,8,-0.0,1,8,-9900,?,9,-9900,?,9,26.13,E,8,17.79,E,8,60.0,E,8,964.3861999999999,E,8,999.0,E,8,2.68,E,8,-9900,?,9,-9900,?,9,0.0,E,8,-9900,?,9,-9900,?,9,0.0,0.0,E,8
04/19/2015,19:00,0.0,1353.752,0.0,1,8,0.0,1,8,0.0,1,8,0.0,1,8,0.0,1,8,0.0,1,8,-0.0,1,8,-9900,?,9,-9900,?,9,25.27,E,8,17.62,E,8,62.0,E,8,964.3861999999999,E,8,999.0,E,8,3.29,E,8,-9900,?,9,-9900,?,9,0.0,E,8,-9900,?,9,-9900,?,9,0.0,0.0,E,8
04/19/2015,20:00,0.0,1353.752,0.0,1,8,0.0,1,8,0.0,1,8,0.0,1,8,0.0,1,8,0.0,1,8,-0.0,1,8,-9900,?,9,-9900,?,9,24.42,E,8,17.44,E,8,65.0,E,8,964.3861999999999,E,8,999.0,E,8,2.58,E,8,-9900,?,9,-9900,?,9,0.0,E,8,-9900,?,9,-9900,?,9,0.0,0.0,E,8
04/19/2015,21:00,0.0,1353.752,0.0,1,8,0.0,1,8,0.0,1,8,0.0,1,8,0.0,1,8,0.0,1,8,-0.0,1,8,-9900,?,9,-9900,?,9,23.56,E,8,17.26,E,8,67.0,E,8,964.3861999999999,E,8,999.0,E,8,3.02,E,8,-9900,?,9,-9900,?,9,0.0,E,8,-9900,?,9,-9900,?,9,0.0,0.0,E,8
04/19/2015,22:00,0.0,1353.752,0.0,1,8,0.0,1,8,0.0,1,8,0.0,1,8,0.0,1,8,0.0,1,8,-0.0,1,8,-9900,?,9,-9900,?,9,22.7,E,8,17.08,E,8,70.0,E,8,964.3861999999999,E,8,999.0,E,8,2.41,E,8,-9900,?,9,-9900,?,9,0.0,E,8,-9900,?,9,-9900,?,9,0.0,0.0,E,8
04/19/2015,23:00,0.0,1353.752,0.0,1,8,0.0,1,8,0.0,1,8,0.0,1,8,0.0,1,8,0.0,1,8,-0.0,1,8,-9900,?,9,-9900,?,9,21.85,E,8,16.9,E,8,73.0,E,8,964.3861999999999,E,8,999.0,E,8,1.84,E,8,-9900,?,9,-9900,?,9,0.0,E,8,-9900,?,9,-9900,?,9,0.0,0.0,E,8
04/19/2015,24:00,0.0,1353.752,0.0,1,8,0.0,1,8,0.0,1,8,0.0,1,8,0.0,1,8,0.0,1,8,-0.0,1,8,-9900,?,9,-9900,?,9,20.99,E,8,16.53,E,8,75.0,E,8,964.3861999999999,E,8,999.0,E,8,4.64,E,8,-9900,?,9,-9900,?,9,0.0,E,8,-9900,?,9,-9900,?,9,0.0,0.0,E,8
04/20/2015,01:00,0.0,1353.752,0.0,1,8,0.0,1,8,0.0,1,8,0.0,1,8,0.0,1,8,0.0,1,8,-0.0,1,8,-9900,?,9,-9900,?,9,20.56,E,8,16.39,E,8,76.0,E,8,964.3861999999999,E,8,999.0,E,8,4.72,E,8,-9900,?,9,-9900,?,9,0.0,E,8,-9900,?,9,-9900,?,9,0.0,0.0,E,8
04/20/2015,02:00,0.0,1353.752,0.0,1,8,0.0,1,8,0.0,1,8,0.0,1,8,0.0,1,8,0.0,1,8,-0.0,1,8,-9900,?,9,-9900,?,9,20.13,E,8,16.25,E,8,78.0,E,8,964.3861999999999,E,8,999.0,E,8,7.46,E,8,-9900,?,9,-9900,?,9,0.0,E,8,-9900,?,9,-9900,?,9,0.0,0.0,E,8
04/20/2015,03:00,0.0,1353.752,0.0,1,8,0.0,1,8,0.0,1,8,0.0,1,8,0.0,1,8,0.0,1,8,-0.0,1,8,-9900,?,9,-9900,?,9,19.71,E,8,16.12,E,8,79.0,E,8,964.3861999999999,E,8,999.0,E,8,4.4,E,8,-9900,?,9,-9900,?,9,0.0,E,8,-9900,?,9,-9900,?,9,0.0,0.0,E,8
04/20/2015,04:00,0.0,1352.99,0.0,1,8,0.0,1,8,0.0,1,8,0.0,1,8,0.0,1,8,0.0,1,8,-0.0,1,8,-9900,?,9,-9900,?,9,19.28,E,8,15.98,E,8,81.0,E,8,964.3861999999999,E,8,999.0,E,8,3.62,E,8,-9900,?,9,-9900,?,9,0.0,E,8,-9900,?,9,-9900,?,9,0.0,0.0,E,8
04/20/2015,05:00,0.0,1352.99,0.0,1,8,0.0,1,8,0.0,1,8,0.0,1,8,0.0,1,8,0.0,1,8,-0.0,1,8,-9900,?,9,-9900,?,9,18.85,E,8,15.83,E,8,82.0,E,8,964.3861999999999,E,8,999.0,E,8,2.72,E,8,-9900,?,9,-9900,?,9,0.0,E,8,-9900,?,9,-9900,?,9,0.0,0.0,E,8
04/20/2015,06:00,0.0,1352.99,0.0,1,8,0.0,1,8,0.0,1,8,0.0,1,8,0.0,1,8,0.0,1,8,-0.0,1,8,-9900,?,9,-9900,?,9,18.52,E,8,15.72,E,8,83.0,E,8,964.3861999999999,E,8,999.0,E,8,3.64,E,8,-9900,?,9,-9900,?,9,0.0,E,8,-9900,?,9,-9900,?,9,0.0,0.0,E,8
04/20/2015,07:00,136.522,1352.99,0.0,1,8,0.0,1,8,0.0,1,8,0.0,1,8,0.0,1,8,0.0,1,8,0.0,1,8,-9900,?,9,-9900,?,9,18.24,E,8,15.63,E,8,84.0,E,8,964.3861999999999,E,8,999.0,E,8,2.25,E,8,-9900,?,9,-9900,?,9,0.0,E,8,-9900,?,9,-9900,?,9,0.0,0.0,E,8
04/20/2015,08:00,440.584,1352.99,132.36,1,8,27.443,1,8,123.445,1,8,15883.2,1,8,2607.094,1,8,13578.983,1,8,120.963,1,8,-9900,?,9,-9900,?,9,17.95,E,8,15.53,E,8,85.0,E,8,964.3861999999999,E,8,999.0,E,8,2.81,E,8,-9900,?,9,-9900,?,9,0.0,E,8,-9900,?,9,-9900,?,9,0.0,0.0,E,8
04/20/2015,09:00,709.889,1352.99,369.15,1,8,285.247,1,8,219.602,1,8,44298.0,1,8,27098.436,1,8,24156.18,1,8,133.329,1,8,-9900,?,9,-9900,?,9,22.38,E,8,16.97,E,8,71.0,E,8,964.3861999999999,E,8,999.0,E,8,3.16,E,8,-9900,?,9,-9900,?,9,0.0,E,8,-9900,?,9,-9900,?,9,0.0,0.0,E,8
04/20/2015,10:00,924.492,1352.99,569.45,1,8,475.992,1,8,244.316,1,8,68334.0,1,8,45219.246,1,8,26874.739,1,8,113.852,1,8,-9900,?,9,-9900,?,9,24.25,E,8,17.54,E,8,66.0,E,8,964.3861999999999,E,8,999.0,E,8,4.63,E,8,-9900,?,9,-9900,?,9,0.0,E,8,-9900,?,9,-9900,?,9,0.0,0.0,E,8
04/20/2015,11:00,1069.569,1352.99,727.12,1,8,599.888,1,8,252.979,1,8,87254.4,1,8,56989.372,1,8,27827.655,1,8,101.882,1,8,-9900,?,9,-9900,?,9,25.88,E,8,18.02,E,8,61.0,E,8,964.3861999999999,E,8,999.0,E,8,3.79,E,8,-9900,?,9,-9900,?,9,0.0,E,8,-9900,?,9,-9900,?,9,0.0,0.0,E,8
04/20/2015,12:00,1135.176,1352.99,823.0,1,8,696.619,1,8,238.6,1,8,98760.0,1,8,66178.811,1,8,26245.98,1,8,90.533,1,8,-9900,?,9,-9900,?,9,27.2,E,8,18.4,E,8,58.0,E,8,964.3861999999999,E,8,999.0,E,8,3.18,E,8,-9900,?,9,-9900,?,9,0.0,E,8,-9900,?,9,-9900,?,9,0.0,0.0,E,8
04/20/2015,13:00,1116.826,1352.99,843.92,1,8,877.84,1,8,119.406,1,8,101270.4,1,8,83394.791,1,8,13134.699,1,8,46.052,1,8,-9900,?,9,-9900,?,9,28.14,E,8,18.67,E,8,56.0,E,8,964.3861999999999,E,8,999.0,E,8,3.69,E,8,-9900,?,9,-9900,?,9,0.0,E,8,-9900,?,9,-9900,?,9,0.0,0.0,E,8
04/20/2015,14:00,1015.774,1352.99,781.95,1,8,904.758,1,8,102.846,1,8,93834.0,1,8,85952.04,1,8,11313.081,1,8,43.615,1,8,-9900,?,9,-9900,?,9,28.66,E,8,18.81,E,8,55.0,E,8,964.3861999999999,E,8,999.0,E,8,4.71,E,8,-9900,?,9,-9900,?,9,0.0,E,8,-9900,?,9,-9900,?,9,0.0,0.0,E,8
04/20/2015,15:00,838.935,1352.99,665.92,1,8,796.254,1,8,172.427,1,8,79910.4,1,8,75644.094,1,8,18966.926,1,8,88.557,1,8,-9900,?,9,-9900,?,9,28.79,E,8,18.85,E,8,54.0,E,8,964.3861999999999,E,8,999.0,E,8,5.87,E,8,-9900,?,9,-9900,?,9,0.0,E,8,-9900,?,9,-9900,?,9,0.0,0.0,E,8
04/20/2015,16:00,598.454,1352.99,489.76,1,8,756.045,1,8,155.748,1,8,58771.2,1,8,71824.256,1,8,17132.264,1,8,112.217,1,8,-9900,?,9,-9900,?,9,28.37,E,8,18.73,E,8,55.0,E,8,964.3861999999999,E,8,999.0,E,8,3.99,E,8,-9900,?,9,-9900,?,9,0.0,E,8,-9900,?,9,-9900,?,9,0.0,0.0,E,8
04/20/2015,17:00,311.127,1352.99,268.04,1,8,573.227,1,8,136.895,1,8,32164.8,1,8,54456.522,1,8,15058.5,1,8,190.465,1,8,-9900,?,9,-9900,?,9,27.38,E,8,18.45,E,8,58.0,E,8,964.3861999999999,E,8,999.0,E,8,4.67,E,8,-9900,?,9,-9900,?,9,0.0,E,8,-9900,?,9,-9900,?,9,0.0,0.0,E,8
04/20/2015,18:00,5.932,1352.99,44.25,1,8,0.0,1,8,0.0,1,8,5310.0,1,8,0.0,1,8,0.0,1,8,-0.0,1,8,-9900,?,9,-9900,?,9,25.95,E,8,18.04,E,8,61.0,E,8,964.3861999999999,E,8,999.0,E,8,3.49,E,8,-9900,?,9,-9900,?,9,0.0,E,8,-9900,?,9,-9900,?,9,0.0,0.0,E,8
04/20/2015,19:00,0.0,1352.99,0.0,1,8,0.0,1,8,0.0,1,8,0.0,1,8,0.0,1,8,0.0,1,8,-0.0,1,8,-9900,?,9,-9900,?,9,25.11,E,8,17.79,E,8,63.0,E,8,964.3861999999999,E,8,999.0,E,8,2.84,E,8,-9900,?,9,-9900,?,9,0.0,E,8,-9900,?,9,-9900,?,9,0.0,0.0,E,8
04/20/2015,20:00,0.0,1352.99,0.0,1,8,0.0,1,8,0.0,1,8,0.0,1,8,0.0,1,8,0.0,1,8,-0.0,1,8,-9900,?,9,-9900,?,9,24.26,E,8,17.54,E,8,66.0,E,8,964.3861999999999,E,8,999.0,E,8,2.18,E,8,-9900,?,9,-9900,?,9,0.0,E,8,-9900,?,9,-9900,?,9,0.0,0.0,E,8
04/20/2015,21:00,0.0,1352.99,0.0,1,8,0.0,1,8,0.0,1,8,0.0,1,8,0.0,1,8,0.0,1,8,-0.0,1,8,-9900,?,9,-9900,?,9,23.42,E,8,17.29,E,8,68.0,E,8,964.3861999999999,E,8,999.0,E,8,1.64,E,8,-9900,?,9,-9900,?,9,0.0,E,8,-9900,?,9,-9900,?,9,0.0,0.0,E,8
04/20/2015,22:00,0.0,1352.99,0.0,1,8,0.0,1,8,0.0,1,8,0.0,1,8,0.0,1,8,0.0,1,8,-0.0,1,8,-9900,?,9,-9900,?,9,22.58,E,8,17.03,E,8,70.0,E,8,964.3861999999999,E,8,999.0,E,8,1.64,E,8,-9900,?,9,-9900,?,9,0.0,E,8,-9900,?,9,-9900,?,9,0.0,0.0,E,8
04/20/2015,23:00,0.0,1352.99,0.0,1,8,0.0,1,8,0.0,1,8,0.0,1,8,0.0,1,8,0.0,1,8,-0.0,1,8,-9900,?,9,-9900,?,9,21.73,E,8,16.76,E,8,73.0,E,8,964.3861999999999,E,8,999.0,E,8,1.64,E,8,-9900,?,9,-9900,?,9,0.0,E,8,-9900,?,9,-9900,?,9,0.0,0.0,E,8
04/20/2015,24:00,0.0,1352.99,0.0,1,8,0.0,1,8,0.0,1,8,0.0,1,8,0.0,1,8,0.0,1,8,-0.0,1,8,-9900,?,9,-9900,?,9,20.89,E,8,15.77,E,8,72.0,E,8,964.3861999999999,E,8,999.0,E,8,0.86,E,8,-9900,?,9,-9900,?,9,0.0,E,8,-9900,?,9,-9900,?,9,0.0,0.0,E,8
04/21/2015,01:00,0.0,1352.99,0.0,1,8,0.0,1,8,0.0,1,8,0.0,1,8,0.0,1,8,0.0,1,8,-0.0,1,8,-9900,?,9,-9900,?,9,20.46,E,8,15.73,E,8,74.0,E,8,964.3861999999999,E,8,999.0,E,8,0.86,E,8,-9900,?,9,-9900,?,9,0.0,E,8,-9900,?,9,-9900,?,9,0.0,0.0,E,8
04/21/2015,02:00,0.0,1352.99,0.0,1,8,0.0,1,8,0.0,1,8,0.0,1,8,0.0,1,8,0.0,1,8,-0.0,1,8,-9900,?,9,-9900,?,9,20.04,E,8,15.7,E,8,76.0,E,8,964.3861999999999,E,8,999.0,E,8,0.86,E,8,-9900,?,9,-9900,?,9,0.0,E,8,-9900,?,9,-9900,?,9,0.0,0.0,E,8
04/21/2015,03:00,0.0,1352.99,0.0,1,8,0.0,1,8,0.0,1,8,0.0,1,8,0.0,1,8,0.0,1,8,-0.0,1,8,-9900,?,9,-9900,?,9,19.62,E,8,15.66,E,8,77.0,E,8,964.3861999999999,E,8,999.0,E,8,0.86,E,8,-9900,?,9,-9900,?,9,0.0,E,8,-9900,?,9,-9900,?,9,0.0,0.0,E,8
04/21/2015,04:00,0.0,1352.232,0.0,1,8,0.0,1,8,0.0,1,8,0.0,1,8,0.0,1,8,0.0,1,8,-0.0,1,8,-9900,?,9,-9900,?,9,19.2,E,8,15.62,E,8,79.0,E,8,964.3861999999999,E,8,999.0,E,8,0.86,E,8,-9900,?,9,-9900,?,9,0.0,E,8,-9900,?,9,-9900,?,9,0.0,0.0,E,8
04/21/2015,05:00,0.0,1352.232,0.0,1,8,0.0,1,8,0.0,1,8,0.0,1,8,0.0,1,8,0.0,1,8,-0.0,1,8,-9900,?,9,-9900,?,9,18.78,E,8,15.58,E,8,81.0,E,8,964.3861999999999,E,8,999.0,E,8,0.86,E,8,-9900,?,9,-9900,?,9,0.0,E,8,-9900,?,9,-9900,?,9,0.0,0.0,E,8
04/21/2015,06:00,0.0,1352.232,0.0,1,8,0.0,1,8,0.0,1,8,0.0,1,8,0.0,1,8,0.0,1,8,-0.0,1,8,-9900,?,9,-9900,?,9,18.45,E,8,15.55,E,8,83.0,E,8,964.3861999999999,E,8,999.0,E,8,0.86,E,8,-9900,?,9,-9900,?,9,0.0,E,8,-9900,?,9,-9900,?,9,0.0,0.0,E,8
04/21/2015,07:00,134.436,1352.232,0.0,1,8,0.0,1,8,0.0,1,8,0.0,1,8,0.0,1,8,0.0,1,8,0.0,1,8,-9900,?,9,-9900,?,9,18.17,E,8,15.52,E,8,84.0,E,8,964.3861999999999,E,8,999.0,E,8,0.86,E,8,-9900,?,9,-9900,?,9,0.0,E,8,-9900,?,9,-9900,?,9,0.0,0.0,E,8
04/21/2015,08:00,437.826,1352.232,131.78,1,8,27.88,1,8,122.775,1,8,15813.6,1,8,2648.631,1,8,13505.273,1,8,121.0,1,8,-9900,?,9,-9900,?,9,17.89,E,8,15.5,E,8,85.0,E,8,964.3861999999999,E,8,999.0,E,8,0.86,E,8,-9900,?,9,-9900,?,9,0.0,E,8,-9900,?,9,-9900,?,9,0.0,0.0,E,8
04/21/2015,09:00,706.486,1352.232,365.18,1,8,254.357,1,8,232.393,1,8,43821.6,1,8,24163.912,1,8,25563.183,1,8,141.696,1,8,-9900,?,9,-9900,?,9,22.18,E,8,15.89,E,8,67.0,E,8,964.3861999999999,E,8,999.0,E,8,0.86,E,8,-9900,?,9,-9900,?,9,0.0,E,8,-9900,?,9,-9900,?,9,0.0,0.0,E,8
04/21/2015,10:00,920.487,1352.232,573.98,1,8,444.396,1,8,271.576,1,8,68877.6,1,8,42217.582,1,8,29873.307,1,8,127.035,1,8,-9900,?,9,-9900,?,9,24.05,E,8,16.06,E,8,60.0,E,8,964.3861999999999,E,8,999.0,E,8,1.1,E,8,-9900,?,9,-9900,?,9,0.0,E,8,-9900,?,9,-9900,?,9,0.0,0.0,E,8
04/21/2015,11:00,1065.044,1352.232,738.74,1,8,596.227,1,8,269.225,1,8,88648.8,1,8,56641.53,1,8,29614.76,1,8,108.825,1,8,-9900,?,9,-9900,?,9,25.7,E,8,16.21,E,8,55.0,E,8,964.3861999999999,E,8,999.0,E,8,1.43,E,8,-9900,?,9,-9900,?,9,0.0,E,8,-9900,?,9,-9900,?,9,0.0,0.0,E,8
04/21/2015,12:00,1130.249,1352.232,826.55,1,8,694.286,1,8,246.312,1,8,99186.0,1,8,65957.148,1,8,27094.339,1,8,93.814,1,8,-9900,?,9,-9900,?,9,26.99,E,8,16.33,E,8,52.0,E,8,964.3861999999999,E,8,999.0,E,8,1.6,E,8,-9900,?,9,-9900,?,9,0.0,E,8,-9900,?,9,-9900,?,9,0.0,0.0,E,8
04/21/2015,13:00,1111.642,1352.232,861.49,1,8,850.965,1,8,162.028,1,8,103378.8,1,8,80841.697,1,8,17823.042,1,8,62.746,1,8,-9900,?,9,-9900,?,9,27.95,E,8,16.41,E,8,49.0,E,8,964.3861999999999,E,8,999.0,E,8,1.7,E,8,-9900,?,9,-9900,?,9,0.0,E,8,-9900,?,9,-9900,?,9,0.0,0.0,E,8
04/21/2015,14:00,1010.496,1352.232,815.36,1,8,807.738,1,8,211.894,1,8,97843.2,1,8,76735.069,1,8,23308.326,1,8,90.279,1,8,-9900,?,9,-9900,?,9,28.53,E,8,16.46,E,8,48.0,E,8,964.3861999999999,E,8,999.0,E,8,1.78,E,8,-9900,?,9,-9900,?,9,0.0,E,8,-9900,?,9,-9900,?,9,0.0,0.0,E,8
04/21/2015,15:00,833.735,1352.232,691.93,1,8,809.449,1,8,193.093,1,8,83031.6,1,8,76897.696,1,8,21240.232,1,8,99.735,1,8,-9900,?,9,-9900,?,9,28.69,E,8,16.48,E,8,47.0,E,8,964.3861999999999,E,8,999.0,E,8,2.6,E,8,-9900,?,9,-9900,?,9,0.0,E,8,-9900,?,9,-9900,?,9,0.0,0.0,E,8
04/21/2015,16:00,593.496,1352.232,507.29,1,8,752.655,1,8,177.353,1,8,60874.8,1,8,71502.186,1,8,19508.819,1,8,128.781,1,8,-9900,?,9,-9900,?,9,28.3,E,8,16.44,E,8,48.0,E,8,964.3861999999999,E,8,999.0,E,8,2.1,E,8,-9900,?,9,-9900,?,9,0.0,E,8,-9900,?,9,-9900,?,9,0.0,0.0,E,8
04/21/2015,17:00,306.573,1352.232,277.33,1,8,626.063,1,8,136.136,1,8,33279.6,1,8,59475.95,1,8,14974.984,1,8,192.144,1,8,-9900,?,9,-9900,?,9,27.32,E,8,16.36,E,8,51.0,E,8,964.3861999999999,E,8,999.0,E,8,1.84,E,8,-9900,?,9,-9900,?,9,0.0,E,8,-9900,?,9,-9900,?,9,0.0,0.0,E,8
04/21/2015,18:00,2.514,1352.232,46.6,1,8,0.0,1,8,0.0,1,8,5592.0,1,8,0.0,1,8,0.0,1,8,-0.0,1,8,-9900,?,9,-9900,?,9,25.9,E,8,16.23,E,8,55.0,E,8,964.3861999999999,E,8,999.0,E,8,1.87,E,8,-9900,?,9,-9900,?,9,0.0,E,8,-9900,?,9,-9900,?,9,0.0,0.0,E,8
04/21/2015,19:00,0.0,1352.232,0.0,1,8,0.0,1,8,0.0,1,8,0.0,1,8,0.0,1,8,0.0,1,8,-0.0,1,8,-9900,?,9,-9900,?,9,25.1,E,8,16.16,E,8,57.0,E,8,964.3861999999999,E,8,999.0,E,8,1.4,E,8,-9900,?,9,-9900,?,9,0.0,E,8,-9900,?,9,-9900,?,9,0.0,0.0,E,8
04/21/2015,20:00,0.0,1352.232,0.0,1,8,0.0,1,8,0.0,1,8,0.0,1,8,0.0,1,8,0.0,1,8,-0.0,1,8,-9900,?,9,-9900,?,9,24.3,E,8,16.08,E,8,60.0,E,8,964.3861999999999,E,8,999.0,E,8,1.32,E,8,-9900,?,9,-9900,?,9,0.0,E,8,-9900,?,9,-9900,?,9,0.0,0.0,E,8
04/21/2015,21:00,0.0,1352.232,0.0,1,8,0.0,1,8,0.0,1,8,0.0,1,8,0.0,1,8,0.0,1,8,-0.0,1,8,-9900,?,9,-9900,?,9,23.5,E,8,16.01,E,8,62.0,E,8,964.3861999999999,E,8,999.0,E,8,1.47,E,8,-9900,?,9,-9900,?,9,0.0,E,8,-9900,?,9,-9900,?,9,0.0,0.0,E,8
04/21/2015,22:00,0.0,1352.232,0.0,1,8,0.0,1,8,0.0,1,8,0.0,1,8,0.0,1,8,0.0,1,8,-0.0,1,8,-9900,?,9,-9900,?,9,22.69,E,8,15.94,E,8,65.0,E,8,964.3861999999999,E,8,999.0,E,8,1.16,E,8,-9900,?,9,-9900,?,9,0.0,E,8,-9900,?,9,-9900,?,9,0.0,0.0,E,8
04/21/2015,23:00,0.0,1352.232,0.0,1,8,0.0,1,8,0.0,1,8,0.0,1,8,0.0,1,8,0.0,1,8,-0.0,1,8,-9900,?,9,-9900,?,9,21.89,E,8,15.87,E,8,68.0,E,8,964.3861999999999,E,8,999.0,E,8,0.97,E,8,-9900,?,9,-9900,?,9,0.0,E,8,-9900,?,9,-9900,?,9,0.0,0.0,E,8
04/21/2015,24:00,0.0,1352.232,0.0,1,8,0.0,1,8,0.0,1,8,0.0,1,8,0.0,1,8,0.0,1,8,-0.0,1,8,-9900,?,9,-9900,?,9,21.09,E,8,16.48,E,8,74.0,E,8,964.3861999999999,E,8,999.0,E,8,1.94,E,8,-9900,?,9,-9900,?,9,0.0,E,8,-9900,?,9,-9900,?,9,0.0,0.0,E,8
04/22/2015,01:00,0.0,1352.232,0.0,1,8,0.0,1,8,0.0,1,8,0.0,1,8,0.0,1,8,0.0,1,8,-0.0,1,8,-9900,?,9,-9900,?,9,20.69,E,8,16.39,E,8,76.0,E,8,964.3861999999999,E,8,999.0,E,8,1.3,E,8,-9900,?,9,-9900,?,9,0.0,E,8,-9900,?,9,-9900,?,9,0.0,0.0,E,8
04/22/2015,02:00,0.0,1352.232,0.0,1,8,0.0,1,8,0.0,1,8,0.0,1,8,0.0,1,8,0.0,1,8,-0.0,1,8,-9900,?,9,-9900,?,9,20.29,E,8,16.31,E,8,77.0,E,8,964.3861999999999,E,8,999.0,E,8,1.3,E,8,-9900,?,9,-9900,?,9,0.0,E,8,-9900,?,9,-9900,?,9,0.0,0.0,E,8
04/22/2015,03:00,0.0,1352.232,0.0,1,8,0.0,1,8,0.0,1,8,0.0,1,8,0.0,1,8,0.0,1,8,-0.0,1,8,-9900,?,9,-9900,?,9,19.89,E,8,16.22,E,8,79.0,E,8,964.3861999999999,E,8,999.0,E,8,1.3,E,8,-9900,?,9,-9900,?,9,0.0,E,8,-9900,?,9,-9900,?,9,0.0,0.0,E,8
04/22/2015,04:00,0.0,1351.479,0.0,1,8,0.0,1,8,0.0,1,8,0.0,1,8,0.0,1,8,0.0,1,8,-0.0,1,8,-9900,?,9,-9900,?,9,19.49,E,8,16.14,E,8,80.0,E,8,964.3861999999999,E,8,999.0,E,8,1.3,E,8,-9900,?,9,-9900,?,9,0.0,E,8,-9900,?,9,-9900,?,9,0.0,0.0,E,8
04/22/2015,05:00,0.0,1351.479,0.0,1,8,0.0,1,8,0.0,1,8,0.0,1,8,0.0,1,8,0.0,1,8,-0.0,1,8,-9900,?,9,-9900,?,9,19.09,E,8,16.05,E,8,82.0,E,8,964.3861999999999,E,8,999.0,E,8,1.3,E,8,-9900,?,9,-9900,?,9,0.0,E,8,-9900,?,9,-9900,?,9,0.0,0.0,E,8
04/22/2015,06:00,0.0,1351.479,0.0,1,8,0.0,1,8,0.0,1,8,0.0,1,8,0.0,1,8,0.0,1,8,-0.0,1,8,-9900,?,9,-9900,?,9,18.78,E,8,15.98,E,8,83.0,E,8,964.3861999999999,E,8,999.0,E,8,1.3,E,8,-9900,?,9,-9900,?,9,0.0,E,8,-9900,?,9,-9900,?,9,0.0,0.0,E,8
04/22/2015,07:00,132.338,1351.479,0.0,1,8,0.0,1,8,0.0,1,8,0.0,1,8,0.0,1,8,0.0,1,8,0.0,1,8,-9900,?,9,-9900,?,9,18.51,E,8,15.92,E,8,84.0,E,8,964.3861999999999,E,8,999.0,E,8,1.3,E,8,-9900,?,9,-9900,?,9,0.0,E,8,-9900,?,9,-9900,?,9,0.0,0.0,E,8
04/22/2015,08:00,435.053,1351.479,133.38,1,8,31.664,1,8,123.213,1,8,16005.6,1,8,3008.033,1,8,13553.403,1,8,122.141,1,8,-9900,?,9,-9900,?,9,18.25,E,8,15.87,E,8,86.0,E,8,964.3861999999999,E,8,999.0,E,8,1.3,E,8,-9900,?,9,-9900,?,9,0.0,E,8,-9900,?,9,-9900,?,9,0.0,0.0,E,8
04/22/2015,09:00,703.068,1351.479,369.9,1,8,298.885,1,8,214.536,1,8,44388.0,1,8,28394.116,1,8,23598.967,1,8,131.373,1,8,-9900,?,9,-9900,?,9,22.58,E,8,16.79,E,8,69.0,E,8,964.3861999999999,E,8,999.0,E,8,1.39,E,8,-9900,?,9,-9900,?,9,0.0,E,8,-9900,?,9,-9900,?,9,0.0,0.0,E,8
04/22/2015,10:00,916.471,1351.479,571.25,1,8,503.923,1,8,229.646,1,8,68550.0,1,8,47872.644,1,8,25261.012,1,8,107.832,1,8,-9900,?,9,-9900,?,9,24.41,E,8,17.16,E,8,63.0,E,8,964.3861999999999,E,8,999.0,E,8,1.49,E,8,-9900,?,9,-9900,?,9,0.0,E,8,-9900,?,9,-9900,?,9,0.0,0.0,E,8
04/22/2015,11:00,1060.516,1351.479,723.87,1,8,610.66,1,8,244.769,1,8,86864.4,1,8,58012.668,1,8,26924.563,1,8,99.307,1,8,-9900,?,9,-9900,?,9,25.99,E,8,17.48,E,8,59.0,E,8,964.3861999999999,E,8,999.0,E,8,2.23,E,8,-9900,?,9,-9900,?,9,0.0,E,8,-9900,?,9,-9900,?,9,0.0,0.0,E,8
04/22/2015,12:00,1125.329,1351.479,810.77,1,8,683.033,1,8,242.107,1,8,97292.4,1,8,64888.118,1,8,26631.759,1,8,92.564,1,8,-9900,?,9,-9900,?,9,27.23,E,8,17.72,E,8,56.0,E,8,964.3861999999999,E,8,999.0,E,8,2.41,E,8,-9900,?,9,-9900,?,9,0.0,E,8,-9900,?,9,-9900,?,9,0.0,0.0,E,8
04/22/2015,13:00,1106.477,1351.479,839.65,1,8,836.573,1,8,154.834,1,8,100758.0,1,8,79474.447,1,8,17031.736,1,8,60.207,1,8,-9900,?,9,-9900,?,9,28.14,E,8,17.9,E,8,53.0,E,8,964.3861999999999,E,8,999.0,E,8,3.07,E,8,-9900,?,9,-9900,?,9,0.0,E,8,-9900,?,9,-9900,?,9,0.0,0.0,E,8
04/22/2015,14:00,1005.25,1351.479,788.45,1,8,778.312,1,8,209.668,1,8,94614.0,1,8,73939.651,1,8,23063.433,1,8,89.747,1,8,-9900,?,9,-9900,?,9,28.67,E,8,18.0,E,8,52.0,E,8,964.3861999999999,E,8,999.0,E,8,3.65,E,8,-9900,?,9,-9900,?,9,0.0,E,8,-9900,?,9,-9900,?,9,0.0,0.0,E,8
04/22/2015,15:00,828.578,1351.479,663.28,1,8,798.695,1,8,173.847,1,8,79593.6,1,8,75876.058,1,8,19123.161,1,8,90.304,1,8,-9900,?,9,-9900,?,9,28.79,E,8,18.02,E,8,52.0,E,8,964.3861999999999,E,8,999.0,E,8,4.07,E,8,-9900,?,9,-9900,?,9,0.0,E,8,-9900,?,9,-9900,?,9,0.0,0.0,E,8
04/22/2015,16:00,588.594,1351.479,475.1,1,8,751.785,1,8,148.092,1,8,57012.0,1,8,71419.594,1,8,16290.089,1,8,108.372,1,8,-9900,?,9,-9900,?,9,28.35,E,8,17.94,E,8,53.0,E,8,964.3861999999999,E,8,999.0,E,8,3.71,E,8,-9900,?,9,-9900,?,9,0.0,E,8,-9900,?,9,-9900,?,9,0.0,0.0,E,8
04/22/2015,17:00,302.085,1351.479,257.43,1,8,567.513,1,8,131.264,1,8,30891.6,1,8,53913.77,1,8,14439.008,1,8,187.944,1,8,-9900,?,9,-9900,?,9,27.35,E,8,17.74,E,8,55.0,E,8,964.3861999999999,E,8,999.0,E,8,3.52,E,8,-9900,?,9,-9900,?,9,0.0,E,8,-9900,?,9,-9900,?,9,0.0,0.0,E,8
04/22/2015,18:00,0.0,1351.479,36.29,1,8,0.0,1,8,0.0,1,8,4354.8,1,8,0.0,1,8,0.0,1,8,-0.0,1,8,-9900,?,9,-9900,?,9,25.95,E,8,17.47,E,8,59.0,E,8,964.3861999999999,E,8,999.0,E,8,1.84,E,8,-9900,?,9,-9900,?,9,0.0,E,8,-9900,?,9,-9900,?,9,0.0,0.0,E,8
04/22/2015,19:00,0.0,1351.479,0.0,1,8,0.0,1,8,0.0,1,8,0.0,1,8,0.0,1,8,0.0,1,8,-0.0,1,8,-9900,?,9,-9900,?,9,25.18,E,8,17.31,E,8,61.0,E,8,964.3861999999999,E,8,999.0,E,8,1.42,E,8,-9900,?,9,-9900,?,9,0.0,E,8,-9900,?,9,-9900,?,9,0.0,0.0,E,8
04/22/2015,20:00,0.0,1351.479,0.0,1,8,0.0,1,8,0.0,1,8,0.0,1,8,0.0,1,8,0.0,1,8,-0.0,1,8,-9900,?,9,-9900,?,9,24.41,E,8,17.16,E,8,63.0,E,8,964.3861999999999,E,8,999.0,E,8,1.3,E,8,-9900,?,9,-9900,?,9,0.0,E,8,-9900,?,9,-9900,?,9,0.0,0.0,E,8
04/22/2015,21:00,0.0,1351.479,0.0,1,8,0.0,1,8,0.0,1,8,0.0,1,8,0.0,1,8,0.0,1,8,-0.0,1,8,-9900,?,9,-9900,?,9,23.64,E,8,17.0,E,8,66.0,E,8,964.3861999999999,E,8,999.0,E,8,1.3,E,8,-9900,?,9,-9900,?,9,0.0,E,8,-9900,?,9,-9900,?,9,0.0,0.0,E,8
04/22/2015,22:00,0.0,1351.479,0.0,1,8,0.0,1,8,0.0,1,8,0.0,1,8,0.0,1,8,0.0,1,8,-0.0,1,8,-9900,?,9,-9900,?,9,22.87,E,8,16.85,E,8,68.0,E,8,964.3861999999999,E,8,999.0,E,8,1.45,E,8,-9900,?,9,-9900,?,9,0.0,E,8,-9900,?,9,-9900,?,9,0.0,0.0,E,8
04/22/2015,23:00,0.0,1351.479,0.0,1,8,0.0,1,8,0.0,1,8,0.0,1,8,0.0,1,8,0.0,1,8,-0.0,1,8,-9900,?,9,-9900,?,9,22.1,E,8,16.69,E,8,71.0,E,8,964.3861999999999,E,8,999.0,E,8,1.3,E,8,-9900,?,9,-9900,?,9,0.0,E,8,-9900,?,9,-9900,?,9,0.0,0.0,E,8
04/22/2015,24:00,0.0,1351.479,0.0,1,8,0.0,1,8,0.0,1,8,0.0,1,8,0.0,1,8,0.0,1,8,-0.0,1,8,-9900,?,9,-9900,?,9,21.32,E,8,16.78,E,8,75.0,E,8,964.3861999999999,E,8,999.0,E,8,1.66,E,8,-9900,?,9,-9900,?,9,0.0,E,8,-9900,?,9,-9900,?,9,0.0,0.0,E,8
04/23/2015,01:00,0.0,1351.479,0.0,1,8,0.0,1,8,0.0,1,8,0.0,1,8,0.0,1,8,0.0,1,8,-0.0,1,8,-9900,?,9,-9900,?,9,20.94,E,8,16.77,E,8,77.0,E,8,964.3861999999999,E,8,999.0,E,8,2.17,E,8,-9900,?,9,-9900,?,9,0.0,E,8,-9900,?,9,-9900,?,9,0.0,0.0,E,8
04/23/2015,02:00,0.0,1351.479,0.0,1,8,0.0,1,8,0.0,1,8,0.0,1,8,0.0,1,8,0.0,1,8,-0.0,1,8,-9900,?,9,-9900,?,9,20.55,E,8,16.77,E,8,78.0,E,8,964.3861999999999,E,8,999.0,E,8,2.11,E,8,-9900,?,9,-9900,?,9,0.0,E,8,-9900,?,9,-9900,?,9,0.0,0.0,E,8
04/23/2015,03:00,0.0,1351.479,0.0,1,8,0.0,1,8,0.0,1,8,0.0,1,8,0.0,1,8,0.0,1,8,-0.0,1,8,-9900,?,9,-9900,?,9,20.17,E,8,16.76,E,8,80.0,E,8,964.3861999999999,E,8,999.0,E,8,1.91,E,8,-9900,?,9,-9900,?,9,0.0,E,8,-9900,?,9,-9900,?,9,0.0,0.0,E,8
04/23/2015,04:00,0.0,1350.732,0.0,1,8,0.0,1,8,0.0,1,8,0.0,1,8,0.0,1,8,0.0,1,8,-0.0,1,8,-9900,?,9,-9900,?,9,19.78,E,8,16.75,E,8,82.0,E,8,964.3861999999999,E,8,999.0,E,8,3.04,E,8,-9900,?,9,-9900,?,9,0.0,E,8,-9900,?,9,-9900,?,9,0.0,0.0,E,8
04/23/2015,05:00,0.0,1350.732,0.0,1,8,0.0,1,8,0.0,1,8,0.0,1,8,0.0,1,8,0.0,1,8,-0.0,1,8,-9900,?,9,-9900,?,9,19.4,E,8,16.74,E,8,84.0,E,8,964.3861999999999,E,8,999.0,E,8,3.41,E,8,-9900,?,9,-9900,?,9,0.0,E,8,-9900,?,9,-9900,?,9,0.0,0.0,E,8
04/23/2015,06:00,0.0,1350.732,0.0,1,8,0.0,1,8,0.0,1,8,0.0,1,8,0.0,1,8,0.0,1,8,-0.0,1,8,-9900,?,9,-9900,?,9,19.1,E,8,16.74,E,8,86.0,E,8,964.3861999999999,E,8,999.0,E,8,3.04,E,8,-9900,?,9,-9900,?,9,0.0,E,8,-9900,?,9,-9900,?,9,0.0,0.0,E,8
04/23/2015,07:00,130.231,1350.732,0.0,1,8,0.0,1,8,0.0,1,8,0.0,1,8,0.0,1,8,0.0,1,8,0.0,1,8,-9900,?,9,-9900,?,9,18.84,E,8,16.73,E,8,87.0,E,8,964.3861999999999,E,8,999.0,E,8,2.17,E,8,-9900,?,9,-9900,?,9,0.0,E,8,-9900,?,9,-9900,?,9,0.0,0.0,E,8
04/23/2015,08:00,432.266,1350.732,122.77,1,8,17.761,1,8,117.1,1,8,14732.4,1,8,1687.328,1,8,12881.039,1,8,116.769,1,8,-9900,?,9,-9900,?,9,18.59,E,8,16.73,E,8,88.0,E,8,964.3861999999999,E,8,999.0,E,8,2.65,E,8,-9900,?,9,-9900,?,9,0.0,E,8,-9900,?,9,-9900,?,9,0.0,0.0,E,8
04/23/2015,09:00,699.639,1350.732,336.91,1,8,206.234,1,8,230.172,1,8,40429.2,1,8,19592.241,1,8,25318.93,1,8,141.561,1,8,-9900,?,9,-9900,?,9,22.4,E,8,16.8,E,8,70.0,E,8,964.3861999999999,E,8,999.0,E,8,1.9,E,8,-9900,?,9,-9900,?,9,0.0,E,8,-9900,?,9,-9900,?,9,0.0,0.0,E,8
04/23/2015,10:00,912.449,1350.732,517.91,1,8,347.289,1,8,283.391,1,8,62149.2,1,8,32992.434,1,8,31173.006,1,8,133.582,1,8,-9900,?,9,-9900,?,9,23.99,E,8,16.83,E,8,64.0,E,8,964.3861999999999,E,8,999.0,E,8,2.24,E,8,-9900,?,9,-9900,?,9,0.0,E,8,-9900,?,9,-9900,?,9,0.0,0.0,E,8
04/23/2015,11:00,1055.988,1350.732,673.91,1,8,505.934,1,8,278.45,1,8,80869.2,1,8,48063.698,1,8,30629.545,1,8,113.394,1,8,-9900,?,9,-9900,?,9,25.44,E,8,16.86,E,8,59.0,E,8,964.3861999999999,E,8,999.0,E,8,1.71,E,8,-9900,?,9,-9900,?,9,0.0,E,8,-9900,?,9,-9900,?,9,0.0,0.0,E,8
04/23/2015,12:00,1120.418,1350.732,764.34,1,8,601.04,1,8,265.85,1,8,91720.8,1,8,57098.81,1,8,29243.498,1,8,102.031,1,8,-9900,?,9,-9900,?,9,26.6,E,8,16.88,E,8,55.0,E,8,964.3861999999999,E,8,999.0,E,8,2.45,E,8,-9900,?,9,-9900,?,9,0.0,E,8,-9900,?,9,-9900,?,9,0.0,0.0,E,8
04/23/2015,13:00,1101.332,1350.732,779.67,1,8,648.894,1,8,250.666,1,8,93560.4,1,8,61644.929,1,8,27573.314,1,8,97.873,1,8,-9900,?,9,-9900,?,9,27.42,E,8,16.9,E,8,52.0,E,8,964.3861999999999,E,8,999.0,E,8,2.91,E,8,-9900,?,9,-9900,?,9,0.0,E,8,-9900,?,9,-9900,?,9,0.0,0.0,E,8
04/23/2015,14:00,1000.037,1350.732,745.56,1,8,837.262,1,8,125.83,1,8,89467.2,1,8,79539.852,1,8,13841.255,1,8,54.112,1,8,-9900,?,9,-9900,?,9,27.93,E,8,16.91,E,8,51.0,E,8,964.3861999999999,E,8,999.0,E,8,2.83,E,8,-9900,?,9,-9900,?,9,0.0,E,8,-9900,?,9,-9900,?,9,0.0,0.0,E,8
04/23/2015,15:00,823.466,1350.732,640.75,1,8,752.088,1,8,182.471,1,8,76890.0,1,8,71448.322,1,8,20071.84,1,8,95.32,1,8,-9900,?,9,-9900,?,9,28.09,E,8,16.91,E,8,50.0,E,8,964.3861999999999,E,8,999.0,E,8,4.76,E,8,-9900,?,9,-9900,?,9,0.0,E,8,-9900,?,9,-9900,?,9,0.0,0.0,E,8
04/23/2015,16:00,583.75,1350.732,472.15,1,8,750.018,1,8,148.424,1,8,56658.0,1,8,71251.747,1,8,16326.643,1,8,109.458,1,8,-9900,?,9,-9900,?,9,27.77,E,8,16.9,E,8,51.0,E,8,964.3861999999999,E,8,999.0,E,8,4.55,E,8,-9900,?,9,-9900,?,9,0.0,E,8,-9900,?,9,-9900,?,9,0.0,0.0,E,8
04/23/2015,17:00,297.665,1350.732,250.11,1,8,565.135,1,8,126.262,1,8,30013.2,1,8,53687.785,1,8,13888.837,1,8,183.395,1,8,-9900,?,9,-9900,?,9,26.89,E,8,16.89,E,8,54.0,E,8,964.3861999999999,E,8,999.0,E,8,4.22,E,8,-9900,?,9,-9900,?,9,0.0,E,8,-9900,?,9,-9900,?,9,0.0,0.0,E,8
04/23/2015,18:00,0.0,1350.732,38.58,1,8,0.0,1,8,0.0,1,8,4629.6,1,8,0.0,1,8,0.0,1,8,-0.0,1,8,-9900,?,9,-9900,?,9,25.63,E,8,16.86,E,8,58.0,E,8,964.3861999999999,E,8,999.0,E,8,2.41,E,8,-9900,?,9,-9900,?,9,0.0,E,8,-9900,?,9,-9900,?,9,0.0,0.0,E,8
04/23/2015,19:00,0.0,1350.732,0.0,1,8,0.0,1,8,0.0,1,8,0.0,1,8,0.0,1,8,0.0,1,8,-0.0,1,8,-9900,?,9,-9900,?,9,24.77,E,8,16.85,E,8,61.0,E,8,964.3861999999999,E,8,999.0,E,8,1.3,E,8,-9900,?,9,-9900,?,9,0.0,E,8,-9900,?,9,-9900,?,9,0.0,0.0,E,8
04/23/2015,20:00,0.0,1350.732,0.0,1,8,0.0,1,8,0.0,1,8,0.0,1,8,0.0,1,8,0.0,1,8,-0.0,1,8,-9900,?,9,-9900,?,9,23.92,E,8,16.83,E,8,64.0,E,8,964.3861999999999,E,8,999.0,E,8,0.9,E,8,-9900,?,9,-9900,?,9,0.0,E,8,-9900,?,9,-9900,?,9,0.0,0.0,E,8
04/23/2015,21:00,0.0,1350.732,0.0,1,8,0.0,1,8,0.0,1,8,0.0,1,8,0.0,1,8,0.0,1,8,-0.0,1,8,-9900,?,9,-9900,?,9,23.06,E,8,16.81,E,8,67.0,E,8,964.3861999999999,E,8,999.0,E,8,0.9,E,8,-9900,?,9,-9900,?,9,0.0,E,8,-9900,?,9,-9900,?,9,0.0,0.0,E,8
04/23/2015,22:00,0.0,1350.732,0.0,1,8,0.0,1,8,0.0,1,8,0.0,1,8,0.0,1,8,0.0,1,8,-0.0,1,8,-9900,?,9,-9900,?,9,22.2,E,8,16.8,E,8,71.0,E,8,964.3861999999999,E,8,999.0,E,8,0.9,E,8,-9900,?,9,-9900,?,9,0.0,E,8,-9900,?,9,-9900,?,9,0.0,0.0,E,8
04/23/2015,23:00,0.0,1350.732,0.0,1,8,0.0,1,8,0.0,1,8,0.0,1,8,0.0,1,8,0.0,1,8,-0.0,1,8,-9900,?,9,-9900,?,9,21.34,E,8,16.78,E,8,75.0,E,8,964.3861999999999,E,8,999.0,E,8,0.9,E,8,-9900,?,9,-9900,?,9,0.0,E,8,-9900,?,9,-9900,?,9,0.0,0.0,E,8
04/23/2015,24:00,0.0,1350.732,0.0,1,8,0.0,1,8,0.0,1,8,0.0,1,8,0.0,1,8,0.0,1,8,-0.0,1,8,-9900,?,9,-9900,?,9,20.48,E,8,16.28,E,8,76.0,E,8,964.3861999999999,E,8,999.0,E,8,0.58,E,8,-9900,?,9,-9900,?,9,0.0,E,8,-9900,?,9,-9900,?,9,0.0,0.0,E,8
04/24/2015,01:00,0.0,1350.732,0.0,1,8,0.0,1,8,0.0,1,8,0.0,1,8,0.0,1,8,0.0,1,8,-0.0,1,8,-9900,?,9,-9900,?,9,20.05,E,8,16.14,E,8,78.0,E,8,964.3861999999999,E,8,999.0,E,8,0.58,E,8,-9900,?,9,-9900,?,9,0.0,E,8,-9900,?,9,-9900,?,9,0.0,0.0,E,8
04/24/2015,02:00,0.0,1350.732,0.0,1,8,0.0,1,8,0.0,1,8,0.0,1,8,0.0,1,8,0.0,1,8,-0.0,1,8,-9900,?,9,-9900,?,9,19.62,E,8,16.01,E,8,79.0,E,8,964.3861999999999,E,8,999.0,E,8,0.58,E,8,-9900,?,9,-9900,?,9,0.0,E,8,-9900,?,9,-9900,?,9,0.0,0.0,E,8
04/24/2015,03:00,0.0,1350.732,0.0,1,8,0.0,1,8,0.0,1,8,0.0,1,8,0.0,1,8,0.0,1,8,-0.0,1,8,-9900,?,9,-9900,?,9,19.19,E,8,15.87,E,8,81.0,E,8,964.3861999999999,E,8,999.0,E,8,0.58,E,8,-9900,?,9,-9900,?,9,0.0,E,8,-9900,?,9,-9900,?,9,0.0,0.0,E,8
04/24/2015,04:00,0.0,1349.989,0.0,1,8,0.0,1,8,0.0,1,8,0.0,1,8,0.0,1,8,0.0,1,8,-0.0,1,8,-9900,?,9,-9900,?,9,18.76,E,8,15.73,E,8,82.0,E,8,964.3861999999999,E,8,999.0,E,8,0.58,E,8,-9900,?,9,-9900,?,9,0.0,E,8,-9900,?,9,-9900,?,9,0.0,0.0,E,8
04/24/2015,05:00,0.0,1349.989,0.0,1,8,0.0,1,8,0.0,1,8,0.0,1,8,0.0,1,8,0.0,1,8,-0.0,1,8,-9900,?,9,-9900,?,9,18.33,E,8,15.59,E,8,84.0,E,8,964.3861999999999,E,8,999.0,E,8,0.58,E,8,-9900,?,9,-9900,?,9,0.0,E,8,-9900,?,9,-9900,?,9,0.0,0.0,E,8
04/24/2015,06:00,0.0,1349.989,0.0,1,8,0.0,1,8,0.0,1,8,0.0,1,8,0.0,1,8,0.0,1,8,-0.0,1,8,-9900,?,9,-9900,?,9,18.0,E,8,15.49,E,8,85.0,E,8,964.3861999999999,E,8,999.0,E,8,0.58,E,8,-9900,?,9,-9900,?,9,0.0,E,8,-9900,?,9,-9900,?,9,0.0,0.0,E,8
04/24/2015,07:00,128.113,1349.989,0.0,1,8,0.0,1,8,0.0,1,8,0.0,1,8,0.0,1,8,0.0,1,8,0.0,1,8,-9900,?,9,-9900,?,9,17.71,E,8,15.39,E,8,86.0,E,8,964.3861999999999,E,8,999.0,E,8,0.58,E,8,-9900,?,9,-9900,?,9,0.0,E,8,-9900,?,9,-9900,?,9,0.0,0.0,E,8
04/24/2015,08:00,429.467,1349.989,130.96,1,8,30.734,1,8,121.208,1,8,15715.2,1,8,2919.71,1,8,13332.867,1,8,121.59,1,8,-9900,?,9,-9900,?,9,17.43,E,8,15.3,E,8,87.0,E,8,964.3861999999999,E,8,999.0,E,8,0.58,E,8,-9900,?,9,-9900,?,9,0.0,E,8,-9900,?,9,-9900,?,9,0.0,0.0,E,8
04/24/2015,09:00,696.199,1349.989,364.43,1,8,268.086,1,8,226.288,1,8,43731.6,1,8,25468.124,1,8,24891.691,1,8,139.785,1,8,-9900,?,9,-9900,?,9,21.66,E,8,16.65,E,8,73.0,E,8,964.3861999999999,E,8,999.0,E,8,0.6,E,8,-9900,?,9,-9900,?,9,0.0,E,8,-9900,?,9,-9900,?,9,0.0,0.0,E,8
04/24/2015,10:00,908.42,1349.989,575.44,1,8,538.276,1,8,213.358,1,8,69052.8,1,8,51136.254,1,8,23469.327,1,8,100.962,1,8,-9900,?,9,-9900,?,9,23.53,E,8,17.21,E,8,67.0,E,8,964.3861999999999,E,8,999.0,E,8,1.21,E,8,-9900,?,9,-9900,?,9,0.0,E,8,-9900,?,9,-9900,?,9,0.0,0.0,E,8
04/24/2015,11:00,1051.462,1349.989,726.81,1,8,618.366,1,8,245.277,1,8,87217.2,1,8,58744.754,1,8,26980.504,1,8,100.26,1,8,-9900,?,9,-9900,?,9,25.11,E,8,17.67,E,8,63.0,E,8,964.3861999999999,E,8,999.0,E,8,1.28,E,8,-9900,?,9,-9900,?,9,0.0,E,8,-9900,?,9,-9900,?,9,0.0,0.0,E,8
04/24/2015,12:00,1115.519,1349.989,813.19,1,8,767.965,1,8,178.694,1,8,97582.8,1,8,72956.715,1,8,19656.316,1,8,68.845,1,8,-9900,?,9,-9900,?,9,26.35,E,8,18.03,E,8,60.0,E,8,964.3861999999999,E,8,999.0,E,8,1.24,E,8,-9900,?,9,-9900,?,9,0.0,E,8,-9900,?,9,-9900,?,9,0.0,0.0,E,8
04/24/2015,13:00,1096.211,1349.989,832.81,1,8,898.828,1,8,103.059,1,8,99937.2,1,8,85388.672,1,8,11336.504,1,8,40.405,1,8,-9900,?,9,-9900,?,9,27.24,E,8,18.28,E,8,58.0,E,8,964.3861999999999,E,8,999.0,E,8,2.08,E,8,-9900,?,9,-9900,?,9,0.0,E,8,-9900,?,9,-9900,?,9,0.0,0.0,E,8
04/24/2015,14:00,994.86,1349.989,779.95,1,8,778.134,1,8,206.654,1,8,93594.0,1,8,73922.741,1,8,22731.982,1,8,89.283,1,8,-9900,?,9,-9900,?,9,27.74,E,8,18.41,E,8,56.0,E,8,964.3861999999999,E,8,999.0,E,8,2.34,E,8,-9900,?,9,-9900,?,9,0.0,E,8,-9900,?,9,-9900,?,9,0.0,0.0,E,8
04/24/2015,15:00,818.403,1349.989,663.6,1,8,801.339,1,8,178.05,1,8,79632.0,1,8,76127.209,1,8,19585.477,1,8,93.535,1,8,-9900,?,9,-9900,?,9,27.87,E,8,18.45,E,8,56.0,E,8,964.3861999999999,E,8,999.0,E,8,2.3,E,8,-9900,?,9,-9900,?,9,0.0,E,8,-9900,?,9,-9900,?,9,0.0,0.0,E,8
04/24/2015,16:00,578.965,1349.989,479.31,1,8,748.569,1,8,158.689,1,8,57517.2,1,8,71114.031,1,8,17455.835,1,8,117.934,1,8,-9900,?,9,-9900,?,9,27.45,E,8,18.33,E,8,57.0,E,8,964.3861999999999,E,8,999.0,E,8,3.04,E,8,-9900,?,9,-9900,?,9,0.0,E,8,-9900,?,9,-9900,?,9,0.0,0.0,E,8
04/24/2015,17:00,293.315,1349.989,253.86,1,8,628.212,1,8,118.149,1,8,30463.2,1,8,59680.143,1,8,12996.34,1,8,174.088,1,8,-9900,?,9,-9900,?,9,26.45,E,8,18.05,E,8,59.0,E,8,964.3861999999999,E,8,999.0,E,8,3.0,E,8,-9900,?,9,-9900,?,9,0.0,E,8,-9900,?,9,-9900,?,9,0.0,0.0,E,8
04/24/2015,18:00,0.0,1349.989,35.63,1,8,0.0,1,8,0.0,1,8,4275.6,1,8,0.0,1,8,0.0,1,8,-0.0,1,8,-9900,?,9,-9900,?,9,25.06,E,8,17.66,E,8,63.0,E,8,964.3861999999999,E,8,999.0,E,8,2.16,E,8,-9900,?,9,-9900,?,9,0.0,E,8,-9900,?,9,-9900,?,9,0.0,0.0,E,8
04/24/2015,19:00,0.0,1349.989,0.0,1,8,0.0,1,8,0.0,1,8,0.0,1,8,0.0,1,8,0.0,1,8,-0.0,1,8,-9900,?,9,-9900,?,9,24.24,E,8,17.42,E,8,65.0,E,8,964.3861999999999,E,8,999.0,E,8,1.7,E,8,-9900,?,9,-9900,?,9,0.0,E,8,-9900,?,9,-9900,?,9,0.0,0.0,E,8
04/24/2015,20:00,0.0,1349.989,0.0,1,8,0.0,1,8,0.0,1,8,0.0,1,8,0.0,1,8,0.0,1,8,-0.0,1,8,-9900,?,9,-9900,?,9,23.41,E,8,17.17,E,8,68.0,E,8,964.3861999999999,E,8,999.0,E,8,1.55,E,8,-9900,?,9,-9900,?,9,0.0,E,8,-9900,?,9,-9900,?,9,0.0,0.0,E,8
04/24/2015,21:00,0.0,1349.989,0.0,1,8,0.0,1,8,0.0,1,8,0.0,1,8,0.0,1,8,0.0,1,8,-0.0,1,8,-9900,?,9,-9900,?,9,22.59,E,8,16.93,E,8,70.0,E,8,964.3861999999999,E,8,999.0,E,8,1.5,E,8,-9900,?,9,-9900,?,9,0.0,E,8,-9900,?,9,-9900,?,9,0.0,0.0,E,8
04/24/2015,22:00,0.0,1349.989,0.0,1,8,0.0,1,8,0.0,1,8,0.0,1,8,0.0,1,8,0.0,1,8,-0.0,1,8,-9900,?,9,-9900,?,9,21.77,E,8,16.68,E,8,72.0,E,8,964.3861999999999,E,8,999.0,E,8,0.97,E,8,-9900,?,9,-9900,?,9,0.0,E,8,-9900,?,9,-9900,?,9,0.0,0.0,E,8
04/24/2015,23:00,0.0,1349.989,0.0,1,8,0.0,1,8,0.0,1,8,0.0,1,8,0.0,1,8,0.0,1,8,-0.0,1,8,-9900,?,9,-9900,?,9,20.94,E,8,16.42,E,8,75.0,E,8,964.3861999999999,E,8,999.0,E,8,0.78,E,8,-9900,?,9,-9900,?,9,0.0,E,8,-9900,?,9,-9900,?,9,0.0,0.0,E,8
04/24/2015,24:00,0.0,1349.989,0.0,1,8,0.0,1,8,0.0,1,8,0.0,1,8,0.0,1,8,0.0,1,8,-0.0,1,8,-9900,?,9,-9900,?,9,20.12,E,8,15.66,E,8,75.0,E,8,964.3861999999999,E,8,999.0,E,8,1.23,E,8,-9900,?,9,-9900,?,9,0.0,E,8,-9900,?,9,-9900,?,9,0.0,0.0,E,8
04/25/2015,01:00,0.0,1349.989,0.0,1,8,0.0,1,8,0.0,1,8,0.0,1,8,0.0,1,8,0.0,1,8,-0.0,1,8,-9900,?,9,-9900,?,9,19.71,E,8,15.54,E,8,76.0,E,8,964.3861999999999,E,8,999.0,E,8,0.98,E,8,-9900,?,9,-9900,?,9,0.0,E,8,-9900,?,9,-9900,?,9,0.0,0.0,E,8
04/25/2015,02:00,0.0,1349.989,0.0,1,8,0.0,1,8,0.0,1,8,0.0,1,8,0.0,1,8,0.0,1,8,-0.0,1,8,-9900,?,9,-9900,?,9,19.3,E,8,15.43,E,8,78.0,E,8,964.3861999999999,E,8,999.0,E,8,0.98,E,8,-9900,?,9,-9900,?,9,0.0,E,8,-9900,?,9,-9900,?,9,0.0,0.0,E,8
04/25/2015,03:00,0.0,1349.989,0.0,1,8,0.0,1,8,0.0,1,8,0.0,1,8,0.0,1,8,0.0,1,8,-0.0,1,8,-9900,?,9,-9900,?,9,18.88,E,8,15.31,E,8,79.0,E,8,964.3861999999999,E,8,999.0,E,8,0.98,E,8,-9900,?,9,-9900,?,9,0.0,E,8,-9900,?,9,-9900,?,9,0.0,0.0,E,8
04/25/2015,04:00,0.0,1349.253,0.0,1,8,0.0,1,8,0.0,1,8,0.0,1,8,0.0,1,8,0.0,1,8,-0.0,1,8,-9900,?,9,-9900,?,9,18.47,E,8,15.2,E,8,81.0,E,8,964.3861999999999,E,8,999.0,E,8,0.98,E,8,-9900,?,9,-9900,?,9,0.0,E,8,-9900,?,9,-9900,?,9,0.0,0.0,E,8
04/25/2015,05:00,0.0,1349.253,0.0,1,8,0.0,1,8,0.0,1,8,0.0,1,8,0.0,1,8,0.0,1,8,-0.0,1,8,-9900,?,9,-9900,?,9,18.06,E,8,15.09,E,8,82.0,E,8,964.3861999999999,E,8,999.0,E,8,0.98,E,8,-9900,?,9,-9900,?,9,0.0,E,8,-9900,?,9,-9900,?,9,0.0,0.0,E,8
04/25/2015,06:00,0.0,1349.253,0.0,1,8,0.0,1,8,0.0,1,8,0.0,1,8,0.0,1,8,0.0,1,8,-0.0,1,8,-9900,?,9,-9900,?,9,17.74,E,8,14.99,E,8,83.0,E,8,964.3861999999999,E,8,999.0,E,8,0.98,E,8,-9900,?,9,-9900,?,9,0.0,E,8,-9900,?,9,-9900,?,9,0.0,0.0,E,8
04/25/2015,07:00,125.985,1349.253,0.0,1,8,0.0,1,8,0.0,1,8,0.0,1,8,0.0,1,8,0.0,1,8,0.0,1,8,-9900,?,9,-9900,?,9,17.47,E,8,14.92,E,8,84.0,E,8,964.3861999999999,E,8,999.0,E,8,0.98,E,8,-9900,?,9,-9900,?,9,0.0,E,8,-9900,?,9,-9900,?,9,0.0,0.0,E,8
04/25/2015,08:00,426.656,1349.253,119.05,1,8,15.068,1,8,114.298,1,8,14286.0,1,8,1431.463,1,8,12572.74,1,8,115.354,1,8,-9900,?,9,-9900,?,9,17.2,E,8,14.84,E,8,86.0,E,8,964.3861999999999,E,8,999.0,E,8,0.98,E,8,-9900,?,9,-9900,?,9,0.0,E,8,-9900,?,9,-9900,?,9,0.0,0.0,E,8
04/25/2015,09:00,692.749,1349.253,336.9,1,8,205.024,1,8,231.72,1,8,40428.0,1,8,19477.253,1,8,25489.233,1,8,143.776,1,8,-9900,?,9,-9900,?,9,21.12,E,8,15.93,E,8,72.0,E,8,964.3861999999999,E,8,999.0,E,8,0.98,E,8,-9900,?,9,-9900,?,9,0.0,E,8,-9900,?,9,-9900,?,9,0.0,0.0,E,8
04/25/2015,10:00,904.388,1349.253,541.25,1,8,372.156,1,8,291.888,1,8,64950.0,1,8,35354.86,1,8,32107.662,1,8,138.663,1,8,-9900,?,9,-9900,?,9,22.91,E,8,16.4,E,8,66.0,E,8,964.3861999999999,E,8,999.0,E,8,1.15,E,8,-9900,?,9,-9900,?,9,0.0,E,8,-9900,?,9,-9900,?,9,0.0,0.0,E,8
04/25/2015,11:00,1046.94,1349.253,688.75,1,8,553.204,1,8,259.58,1,8,82650.0,1,8,52554.363,1,8,28553.798,1,8,106.507,1,8,-9900,?,9,-9900,?,9,24.44,E,8,16.79,E,8,62.0,E,8,964.3861999999999,E,8,999.0,E,8,1.16,E,8,-9900,?,9,-9900,?,9,0.0,E,8,-9900,?,9,-9900,?,9,0.0,0.0,E,8
04/25/2015,12:00,1110.635,1349.253,771.11,1,8,637.819,1,8,246.163,1,8,92533.2,1,8,60592.835,1,8,27077.966,1,8,95.204,1,8,-9900,?,9,-9900,?,9,25.64,E,8,17.1,E,8,59.0,E,8,964.3861999999999,E,8,999.0,E,8,2.68,E,8,-9900,?,9,-9900,?,9,0.0,E,8,-9900,?,9,-9900,?,9,0.0,0.0,E,8
04/25/2015,13:00,1091.117,1349.253,772.35,1,8,696.518,1,8,209.176,1,8,92682.0,1,8,66169.2,1,8,23009.313,1,8,82.348,1,8,-9900,?,9,-9900,?,9,26.45,E,8,17.3,E,8,57.0,E,8,964.3861999999999,E,8,999.0,E,8,2.86,E,8,-9900,?,9,-9900,?,9,0.0,E,8,-9900,?,9,-9900,?,9,0.0,0.0,E,8
04/25/2015,14:00,989.722,1349.253,726.51,1,8,801.477,1,8,138.748,1,8,87181.2,1,8,76140.323,1,8,15262.268,1,8,60.224,1,8,-9900,?,9,-9900,?,9,26.91,E,8,17.41,E,8,56.0,E,8,964.3861999999999,E,8,999.0,E,8,3.77,E,8,-9900,?,9,-9900,?,9,0.0,E,8,-9900,?,9,-9900,?,9,0.0,0.0,E,8
04/25/2015,15:00,813.392,1349.253,609.21,1,8,896.607,1,8,68.972,1,8,73105.2,1,8,85177.625,1,8,7586.873,1,8,36.437,1,8,-9900,?,9,-9900,?,9,27.01,E,8,17.43,E,8,55.0,E,8,964.3861999999999,E,8,999.0,E,8,3.12,E,8,-9900,?,9,-9900,?,9,0.0,E,8,-9900,?,9,-9900,?,9,0.0,0.0,E,8
04/25/2015,16:00,574.243,1349.253,447.49,1,8,743.305,1,8,131.556,1,8,53698.8,1,8,70613.946,1,8,14471.146,1,8,98.521,1,8,-9900,?,9,-9900,?,9,26.61,E,8,17.34,E,8,56.0,E,8,964.3861999999999,E,8,999.0,E,8,2.97,E,8,-9900,?,9,-9900,?,9,0.0,E,8,-9900,?,9,-9900,?,9,0.0,0.0,E,8
04/25/2015,17:00,289.036,1349.253,240.62,1,8,558.584,1,8,121.665,1,8,28874.4,1,8,53065.461,1,8,13383.189,1,8,181.854,1,8,-9900,?,9,-9900,?,9,25.68,E,8,17.11,E,8,59.0,E,8,964.3861999999999,E,8,999.0,E,8,2.59,E,8,-9900,?,9,-9900,?,9,0.0,E,8,-9900,?,9,-9900,?,9,0.0,0.0,E,8
04/25/2015,18:00,0.0,1349.253,33.04,1,8,0.0,1,8,0.0,1,8,3964.8,1,8,0.0,1,8,0.0,1,8,-0.0,1,8,-9900,?,9,-9900,?,9,24.37,E,8,16.77,E,8,62.0,E,8,964.3861999999999,E,8,999.0,E,8,2.21,E,8,-9900,?,9,-9900,?,9,0.0,E,8,-9900,?,9,-9900,?,9,0.0,0.0,E,8
04/25/2015,19:00,0.0,1349.253,0.0,1,8,0.0,1,8,0.0,1,8,0.0,1,8,0.0,1,8,0.0,1,8,-0.0,1,8,-9900,?,9,-9900,?,9,23.52,E,8,16.56,E,8,64.0,E,8,964.3861999999999,E,8,999.0,E,8,2.36,E,8,-9900,?,9,-9900,?,9,0.0,E,8,-9900,?,9,-9900,?,9,0.0,0.0,E,8
04/25/2015,20:00,0.0,1349.253,0.0,1,8,0.0,1,8,0.0,1,8,0.0,1,8,0.0,1,8,0.0,1,8,-0.0,1,8,-9900,?,9,-9900,?,9,22.67,E,8,16.34,E,8,67.0,E,8,964.3861999999999,E,8,999.0,E,8,0.98,E,8,-9900,?,9,-9900,?,9,0.0,E,8,-9900,?,9,-9900,?,9,0.0,0.0,E,8
04/25/2015,21:00,0.0,1349.253,0.0,1,8,0.0,1,8,0.0,1,8,0.0,1,8,0.0,1,8,0.0,1,8,-0.0,1,8,-9900,?,9,-9900,?,9,21.82,E,8,16.11,E,8,70.0,E,8,964.3861999999999,E,8,999.0,E,8,0.98,E,8,-9900,?,9,-9900,?,9,0.0,E,8,-9900,?,9,-9900,?,9,0.0,0.0,E,8
04/25/2015,22:00,0.0,1349.253,0.0,1,8,0.0,1,8,0.0,1,8,0.0,1,8,0.0,1,8,0.0,1,8,-0.0,1,8,-9900,?,9,-9900,?,9,20.97,E,8,15.89,E,8,72.0,E,8,964.3861999999999,E,8,999.0,E,8,1.05,E,8,-9900,?,9,-9900,?,9,0.0,E,8,-9900,?,9,-9900,?,9,0.0,0.0,E,8
04/25/2015,23:00,0.0,1349.253,0.0,1,8,0.0,1,8,0.0,1,8,0.0,1,8,0.0,1,8,0.0,1,8,-0.0,1,8,-9900,?,9,-9900,?,9,20.12,E,8,15.66,E,8,75.0,E,8,964.3861999999999,E,8,999.0,E,8,1.05,E,8,-9900,?,9,-9900,?,9,0.0,E,8,-9900,?,9,-9900,?,9,0.0,0.0,E,8
04/25/2015,24:00,0.0,1349.253,0.0,1,8,0.0,1,8,0.0,1,8,0.0,1,8,0.0,1,8,0.0,1,8,-0.0,1,8,-9900,?,9,-9900,?,9,19.27,E,8,14.88,E,8,75.0,E,8,964.3861999999999,E,8,999.0,E,8,1.69,E,8,-9900,?,9,-9900,?,9,0.0,E,8,-9900,?,9,-9900,?,9,0.0,0.0,E,8
04/26/2015,01:00,0.0,1349.253,0.0,1,8,0.0,1,8,0.0,1,8,0.0,1,8,0.0,1,8,0.0,1,8,-0.0,1,8,-9900,?,9,-9900,?,9,18.84,E,8,14.75,E,8,77.0,E,8,964.3861999999999,E,8,999.0,E,8,2.06,E,8,-9900,?,9,-9900,?,9,0.0,E,8,-9900,?,9,-9900,?,9,0.0,0.0,E,8
04/26/2015,02:00,0.0,1349.253,0.0,1,8,0.0,1,8,0.0,1,8,0.0,1,8,0.0,1,8,0.0,1,8,-0.0,1,8,-9900,?,9,-9900,?,9,18.42,E,8,14.62,E,8,78.0,E,8,964.3861999999999,E,8,999.0,E,8,2.21,E,8,-9900,?,9,-9900,?,9,0.0,E,8,-9900,?,9,-9900,?,9,0.0,0.0,E,8
04/26/2015,03:00,0.0,1349.253,0.0,1,8,0.0,1,8,0.0,1,8,0.0,1,8,0.0,1,8,0.0,1,8,-0.0,1,8,-9900,?,9,-9900,?,9,17.99,E,8,14.49,E,8,80.0,E,8,964.3861999999999,E,8,999.0,E,8,1.4,E,8,-9900,?,9,-9900,?,9,0.0,E,8,-9900,?,9,-9900,?,9,0.0,0.0,E,8
04/26/2015,04:00,0.0,1348.521,0.0,1,8,0.0,1,8,0.0,1,8,0.0,1,8,0.0,1,8,0.0,1,8,-0.0,1,8,-9900,?,9,-9900,?,9,17.56,E,8,14.36,E,8,81.0,E,8,964.3861999999999,E,8,999.0,E,8,1.05,E,8,-9900,?,9,-9900,?,9,0.0,E,8,-9900,?,9,-9900,?,9,0.0,0.0,E,8
04/26/2015,05:00,0.0,1348.521,0.0,1,8,0.0,1,8,0.0,1,8,0.0,1,8,0.0,1,8,0.0,1,8,-0.0,1,8,-9900,?,9,-9900,?,9,17.14,E,8,14.23,E,8,83.0,E,8,964.3861999999999,E,8,999.0,E,8,1.51,E,8,-9900,?,9,-9900,?,9,0.0,E,8,-9900,?,9,-9900,?,9,0.0,0.0,E,8
04/26/2015,06:00,0.0,1348.521,0.0,1,8,0.0,1,8,0.0,1,8,0.0,1,8,0.0,1,8,0.0,1,8,-0.0,1,8,-9900,?,9,-9900,?,9,16.81,E,8,14.13,E,8,84.0,E,8,964.3861999999999,E,8,999.0,E,8,1.32,E,8,-9900,?,9,-9900,?,9,0.0,E,8,-9900,?,9,-9900,?,9,0.0,0.0,E,8
04/26/2015,07:00,123.849,1348.521,0.0,1,8,0.0,1,8,0.0,1,8,0.0,1,8,0.0,1,8,0.0,1,8,0.0,1,8,-9900,?,9,-9900,?,9,16.53,E,8,14.04,E,8,85.0,E,8,964.3861999999999,E,8,999.0,E,8,1.61,E,8,-9900,?,9,-9900,?,9,0.0,E,8,-9900,?,9,-9900,?,9,0.0,0.0,E,8
04/26/2015,08:00,423.834,1348.521,125.26,1,8,24.773,1,8,117.495,1,8,15031.2,1,8,2353.428,1,8,12924.396,1,8,119.31,1,8,-9900,?,9,-9900,?,9,16.25,E,8,13.95,E,8,86.0,E,8,964.3861999999999,E,8,999.0,E,8,2.04,E,8,-9900,?,9,-9900,?,9,0.0,E,8,-9900,?,9,-9900,?,9,0.0,0.0,E,8
04/26/2015,09:00,689.292,1348.521,358.57,1,8,231.625,1,8,240.274,1,8,43028.4,1,8,22004.351,1,8,26430.11,1,8,149.751,1,8,-9900,?,9,-9900,?,9,20.67,E,8,15.29,E,8,71.0,E,8,964.3861999999999,E,8,999.0,E,8,2.19,E,8,-9900,?,9,-9900,?,9,0.0,E,8,-9900,?,9,-9900,?,9,0.0,0.0,E,8
04/26/2015,10:00,900.353,1348.521,569.91,1,8,475.025,1,8,252.871,1,8,68389.2,1,8,45127.348,1,8,27815.798,1,8,120.601,1,8,-9900,?,9,-9900,?,9,22.66,E,8,15.86,E,8,65.0,E,8,964.3861999999999,E,8,999.0,E,8,2.44,E,8,-9900,?,9,-9900,?,9,0.0,E,8,-9900,?,9,-9900,?,9,0.0,0.0,E,8
04/26/2015,11:00,1042.425,1348.521,725.75,1,8,612.057,1,8,252.716,1,8,87090.0,1,8,58145.382,1,8,27798.711,1,8,104.083,1,8,-9900,?,9,-9900,?,9,24.37,E,8,16.33,E,8,60.0,E,8,964.3861999999999,E,8,999.0,E,8,1.58,E,8,-9900,?,9,-9900,?,9,0.0,E,8,-9900,?,9,-9900,?,9,0.0,0.0,E,8
04/26/2015,12:00,1105.769,1348.521,819.24,1,8,738.297,1,8,213.933,1,8,98308.8,1,8,70138.183,1,8,23532.681,1,8,83.059,1,8,-9900,?,9,-9900,?,9,25.74,E,8,16.7,E,8,57.0,E,8,964.3861999999999,E,8,999.0,E,8,1.03,E,8,-9900,?,9,-9900,?,9,0.0,E,8,-9900,?,9,-9900,?,9,0.0,0.0,E,8
04/26/2015,13:00,1086.053,1348.521,841.04,1,8,949.139,1,8,76.758,1,8,100924.8,1,8,90168.183,1,8,8443.372,1,8,30.342,1,8,-9900,?,9,-9900,?,9,26.72,E,8,16.96,E,8,55.0,E,8,964.3861999999999,E,8,999.0,E,8,1.59,E,8,-9900,?,9,-9900,?,9,0.0,E,8,-9900,?,9,-9900,?,9,0.0,0.0,E,8
04/26/2015,14:00,984.626,1348.521,784.32,1,8,795.46,1,8,203.662,1,8,94118.4,1,8,75568.705,1,8,22402.842,1,8,88.809,1,8,-9900,?,9,-9900,?,9,27.27,E,8,17.11,E,8,53.0,E,8,964.3861999999999,E,8,999.0,E,8,3.14,E,8,-9900,?,9,-9900,?,9,0.0,E,8,-9900,?,9,-9900,?,9,0.0,0.0,E,8
04/26/2015,15:00,808.435,1348.521,659.23,1,8,800.726,1,8,179.448,1,8,79107.6,1,8,76068.936,1,8,19739.295,1,8,95.33,1,8,-9900,?,9,-9900,?,9,27.4,E,8,17.14,E,8,53.0,E,8,964.3861999999999,E,8,999.0,E,8,4.68,E,8,-9900,?,9,-9900,?,9,0.0,E,8,-9900,?,9,-9900,?,9,0.0,0.0,E,8
04/26/2015,16:00,569.586,1348.521,479.49,1,8,788.075,1,8,147.071,1,8,57538.8,1,8,74867.094,1,8,16177.856,1,8,110.984,1,8,-9900,?,9,-9900,?,9,26.94,E,8,17.02,E,8,54.0,E,8,964.3861999999999,E,8,999.0,E,8,3.44,E,8,-9900,?,9,-9900,?,9,0.0,E,8,-9900,?,9,-9900,?,9,0.0,0.0,E,8
04/26/2015,17:00,284.832,1348.521,256.14,1,8,608.784,1,8,128.333,1,8,30736.8,1,8,57834.446,1,8,14116.684,1,8,194.581,1,8,-9900,?,9,-9900,?,9,25.89,E,8,16.74,E,8,57.0,E,8,964.3861999999999,E,8,999.0,E,8,3.18,E,8,-9900,?,9,-9900,?,9,0.0,E,8,-9900,?,9,-9900,?,9,0.0,0.0,E,8
04/26/2015,18:00,0.0,1348.521,34.87,1,8,0.0,1,8,0.0,1,8,4184.4,1,8,0.0,1,8,0.0,1,8,-0.0,1,8,-9900,?,9,-9900,?,9,24.4,E,8,16.34,E,8,60.0,E,8,964.3861999999999,E,8,999.0,E,8,3.56,E,8,-9900,?,9,-9900,?,9,0.0,E,8,-9900,?,9,-9900,?,9,0.0,0.0,E,8
04/26/2015,19:00,0.0,1348.521,0.0,1,8,0.0,1,8,0.0,1,8,0.0,1,8,0.0,1,8,0.0,1,8,-0.0,1,8,-9900,?,9,-9900,?,9,23.52,E,8,16.1,E,8,63.0,E,8,964.3861999999999,E,8,999.0,E,8,3.14,E,8,-9900,?,9,-9900,?,9,0.0,E,8,-9900,?,9,-9900,?,9,0.0,0.0,E,8
04/26/2015,20:00,0.0,1348.521,0.0,1,8,0.0,1,8,0.0,1,8,0.0,1,8,0.0,1,8,0.0,1,8,-0.0,1,8,-9900,?,9,-9900,?,9,22.64,E,8,15.85,E,8,65.0,E,8,964.3861999999999,E,8,999.0,E,8,2.63,E,8,-9900,?,9,-9900,?,9,0.0,E,8,-9900,?,9,-9900,?,9,0.0,0.0,E,8
04/26/2015,21:00,0.0,1348.521,0.0,1,8,0.0,1,8,0.0,1,8,0.0,1,8,0.0,1,8,0.0,1,8,-0.0,1,8,-9900,?,9,-9900,?,9,21.76,E,8,15.6,E,8,68.0,E,8,964.3861999999999,E,8,999.0,E,8,1.12,E,8,-9900,?,9,-9900,?,9,0.0,E,8,-9900,?,9,-9900,?,9,0.0,0.0,E,8
04/26/2015,22:00,0.0,1348.521,0.0,1,8,0.0,1,8,0.0,1,8,0.0,1,8,0.0,1,8,0.0,1,8,-0.0,1,8,-9900,?,9,-9900,?,9,20.87,E,8,15.35,E,8,70.0,E,8,964.3861999999999,E,8,999.0,E,8,1.03,E,8,-9900,?,9,-9900,?,9,0.0,E,8,-9900,?,9,-9900,?,9,0.0,0.0,E,8
04/26/2015,23:00,0.0,1348.521,0.0,1,8,0.0,1,8,0.0,1,8,0.0,1,8,0.0,1,8,0.0,1,8,-0.0,1,8,-9900,?,9,-9900,?,9,19.99,E,8,15.09,E,8,73.0,E,8,964.3861999999999,E,8,999.0,E,8,1.03,E,8,-9900,?,9,-9900,?,9,0.0,E,8,-9900,?,9,-9900,?,9,0.0,0.0,E,8
04/26/2015,24:00,0.0,1348.521,0.0,1,8,0.0,1,8,0.0,1,8,0.0,1,8,0.0,1,8,0.0,1,8,-0.0,1,8,-9900,?,9,-9900,?,9,19.11,E,8,15.88,E,8,81.0,E,8,964.3861999999999,E,8,999.0,E,8,1.22,E,8,-9900,?,9,-9900,?,9,0.0,E,8,-9900,?,9,-9900,?,9,0.0,0.0,E,8
04/27/2015,01:00,0.0,1348.521,0.0,1,8,0.0,1,8,0.0,1,8,0.0,1,8,0.0,1,8,0.0,1,8,-0.0,1,8,-9900,?,9,-9900,?,9,18.67,E,8,15.66,E,8,82.0,E,8,964.3861999999999,E,8,999.0,E,8,1.22,E,8,-9900,?,9,-9900,?,9,0.0,E,8,-9900,?,9,-9900,?,9,0.0,0.0,E,8
04/27/2015,02:00,0.0,1348.521,0.0,1,8,0.0,1,8,0.0,1,8,0.0,1,8,0.0,1,8,0.0,1,8,-0.0,1,8,-9900,?,9,-9900,?,9,18.23,E,8,15.43,E,8,83.0,E,8,964.3861999999999,E,8,999.0,E,8,1.22,E,8,-9900,?,9,-9900,?,9,0.0,E,8,-9900,?,9,-9900,?,9,0.0,0.0,E,8
04/27/2015,03:00,0.0,1348.521,0.0,1,8,0.0,1,8,0.0,1,8,0.0,1,8,0.0,1,8,0.0,1,8,-0.0,1,8,-9900,?,9,-9900,?,9,17.79,E,8,15.21,E,8,84.0,E,8,964.3861999999999,E,8,999.0,E,8,1.22,E,8,-9900,?,9,-9900,?,9,0.0,E,8,-9900,?,9,-9900,?,9,0.0,0.0,E,8
04/27/2015,04:00,0.0,1347.796,0.0,1,8,0.0,1,8,0.0,1,8,0.0,1,8,0.0,1,8,0.0,1,8,-0.0,1,8,-9900,?,9,-9900,?,9,17.35,E,8,14.98,E,8,85.0,E,8,964.3861999999999,E,8,999.0,E,8,1.22,E,8,-9900,?,9,-9900,?,9,0.0,E,8,-9900,?,9,-9900,?,9,0.0,0.0,E,8
04/27/2015,05:00,0.0,1347.796,0.0,1,8,0.0,1,8,0.0,1,8,0.0,1,8,0.0,1,8,0.0,1,8,-0.0,1,8,-9900,?,9,-9900,?,9,16.91,E,8,14.75,E,8,87.0,E,8,964.3861999999999,E,8,999.0,E,8,1.22,E,8,-9900,?,9,-9900,?,9,0.0,E,8,-9900,?,9,-9900,?,9,0.0,0.0,E,8
04/27/2015,06:00,0.0,1347.796,0.0,1,8,0.0,1,8,0.0,1,8,0.0,1,8,0.0,1,8,0.0,1,8,-0.0,1,8,-9900,?,9,-9900,?,9,16.56,E,8,14.56,E,8,87.0,E,8,964.3861999999999,E,8,999.0,E,8,1.22,E,8,-9900,?,9,-9900,?,9,0.0,E,8,-9900,?,9,-9900,?,9,0.0,0.0,E,8
04/27/2015,07:00,121.703,1347.796,0.0,1,8,0.0,1,8,0.0,1,8,0.0,1,8,0.0,1,8,0.0,1,8,0.0,1,8,-9900,?,9,-9900,?,9,16.27,E,8,14.41,E,8,88.0,E,8,964.3861999999999,E,8,999.0,E,8,1.22,E,8,-9900,?,9,-9900,?,9,0.0,E,8,-9900,?,9,-9900,?,9,0.0,0.0,E,8
04/27/2015,08:00,421.003,1347.796,80.65,1,8,0.0,1,8,80.65,1,8,9678.0,1,8,0.0,1,8,8871.5,1,8,82.405,1,8,-9900,?,9,-9900,?,9,15.98,E,8,14.25,E,8,89.0,E,8,964.3861999999999,E,8,999.0,E,8,1.22,E,8,-9900,?,9,-9900,?,9,0.0,E,8,-9900,?,9,-9900,?,9,0.0,0.0,E,8
04/27/2015,09:00,685.829,1347.796,229.67,1,8,30.958,1,8,213.93,1,8,27560.4,1,8,2941.045,1,8,23532.296,1,8,133.935,1,8,-9900,?,9,-9900,?,9,20.13,E,8,16.37,E,8,78.0,E,8,964.3861999999999,E,8,999.0,E,8,1.22,E,8,-9900,?,9,-9900,?,9,0.0,E,8,-9900,?,9,-9900,?,9,0.0,0.0,E,8
04/27/2015,10:00,896.319,1347.796,362.25,1,8,72.829,1,8,313.835,1,8,43470.0,1,8,6918.719,1,8,34521.851,1,8,150.271,1,8,-9900,?,9,-9900,?,9,21.97,E,8,17.24,E,8,74.0,E,8,964.3861999999999,E,8,999.0,E,8,1.22,E,8,-9900,?,9,-9900,?,9,0.0,E,8,-9900,?,9,-9900,?,9,0.0,0.0,E,8
04/27/2015,11:00,1037.92,1347.796,461.84,1,8,92.691,1,8,390.474,1,8,55420.8,1,8,8805.687,1,8,42952.135,1,8,161.432,1,8,-9900,?,9,-9900,?,9,23.56,E,8,17.95,E,8,70.0,E,8,964.3861999999999,E,8,999.0,E,8,1.22,E,8,-9900,?,9,-9900,?,9,0.0,E,8,-9900,?,9,-9900,?,9,0.0,0.0,E,8
04/27/2015,12:00,1100.923,1347.796,520.0,1,8,112.023,1,8,428.509,1,8,62400.0,1,8,10642.19,1,8,47136.032,1,8,167.01,1,8,-9900,?,9,-9900,?,9,24.83,E,8,18.5,E,8,67.0,E,8,964.3861999999999,E,8,999.0,E,8,1.22,E,8,-9900,?,9,-9900,?,9,0.0,E,8,-9900,?,9,-9900,?,9,0.0,0.0,E,8
04/27/2015,13:00,1081.021,1347.796,532.28,1,8,134.271,1,8,424.603,1,8,63873.6,1,8,12755.741,1,8,46706.379,1,8,168.537,1,8,-9900,?,9,-9900,?,9,25.72,E,8,18.87,E,8,65.0,E,8,964.3861999999999,E,8,999.0,E,8,1.22,E,8,-9900,?,9,-9900,?,9,0.0,E,8,-9900,?,9,-9900,?,9,0.0,0.0,E,8
04/27/2015,14:00,979.576,1347.796,497.74,1,8,135.051,1,8,399.611,1,8,59728.8,1,8,12829.834,1,8,43957.214,1,8,175.06,1,8,-9900,?,9,-9900,?,9,26.23,E,8,19.08,E,8,64.0,E,8,964.3861999999999,E,8,999.0,E,8,1.28,E,8,-9900,?,9,-9900,?,9,0.0,E,8,-9900,?,9,-9900,?,9,0.0,0.0,E,8
04/27/2015,15:00,803.534,1347.796,419.0,1,8,216.563,1,8,289.957,1,8,50280.0,1,8,20573.475,1,8,31895.309,1,8,154.894,1,8,-9900,?,9,-9900,?,9,26.35,E,8,19.13,E,8,64.0,E,8,964.3861999999999,E,8,999.0,E,8,1.84,E,8,-9900,?,9,-9900,?,9,0.0,E,8,-9900,?,9,-9900,?,9,0.0,0.0,E,8
04/27/2015,16:00,564.996,1347.796,302.3,1,8,360.322,1,8,151.459,1,8,36276.0,1,8,34230.616,1,8,16660.538,1,8,115.165,1,8,-9900,?,9,-9900,?,9,25.92,E,8,18.95,E,8,65.0,E,8,964.3861999999999,E,8,999.0,E,8,1.3,E,8,-9900,?,9,-9900,?,9,0.0,E,8,-9900,?,9,-9900,?,9,0.0,0.0,E,8
04/27/2015,17:00,280.703,1347.796,158.74,1,8,467.575,1,8,61.966,1,8,19048.8,1,8,44419.654,1,8,6816.281,1,8,95.301,1,8,-9900,?,9,-9900,?,9,24.92,E,8,18.54,E,8,67.0,E,8,964.3861999999999,E,8,999.0,E,8,1.86,E,8,-9900,?,9,-9900,?,9,0.0,E,8,-9900,?,9,-9900,?,9,0.0,0.0,E,8
04/27/2015,18:00,0.0,1347.796,19.57,1,8,0.0,1,8,0.0,1,8,2348.4,1,8,0.0,1,8,0.0,1,8,-0.0,1,8,-9900,?,9,-9900,?,9,23.53,E,8,17.94,E,8,70.0,E,8,964.3861999999999,E,8,999.0,E,8,1.5,E,8,-9900,?,9,-9900,?,9,0.0,E,8,-9900,?,9,-9900,?,9,0.0,0.0,E,8
04/27/2015,19:00,0.0,1347.796,0.0,1,8,0.0,1,8,0.0,1,8,0.0,1,8,0.0,1,8,0.0,1,8,-0.0,1,8,-9900,?,9,-9900,?,9,22.61,E,8,17.53,E,8,72.0,E,8,964.3861999999999,E,8,999.0,E,8,1.22,E,8,-9900,?,9,-9900,?,9,0.0,E,8,-9900,?,9,-9900,?,9,0.0,0.0,E,8
04/27/2015,20:00,0.0,1347.796,0.0,1,8,0.0,1,8,0.0,1,8,0.0,1,8,0.0,1,8,0.0,1,8,-0.0,1,8,-9900,?,9,-9900,?,9,21.7,E,8,17.11,E,8,75.0,E,8,964.3861999999999,E,8,999.0,E,8,1.22,E,8,-9900,?,9,-9900,?,9,0.0,E,8,-9900,?,9,-9900,?,9,0.0,0.0,E,8
04/27/2015,21:00,0.0,1347.796,0.0,1,8,0.0,1,8,0.0,1,8,0.0,1,8,0.0,1,8,0.0,1,8,-0.0,1,8,-9900,?,9,-9900,?,9,20.79,E,8,16.69,E,8,77.0,E,8,964.3861999999999,E,8,999.0,E,8,1.22,E,8,-9900,?,9,-9900,?,9,0.0,E,8,-9900,?,9,-9900,?,9,0.0,0.0,E,8
04/27/2015,22:00,0.0,1347.796,0.0,1,8,0.0,1,8,0.0,1,8,0.0,1,8,0.0,1,8,0.0,1,8,-0.0,1,8,-9900,?,9,-9900,?,9,19.87,E,8,16.25,E,8,79.0,E,8,964.3861999999999,E,8,999.0,E,8,1.22,E,8,-9900,?,9,-9900,?,9,0.0,E,8,-9900,?,9,-9900,?,9,0.0,0.0,E,8
04/27/2015,23:00,0.0,1347.796,0.0,1,8,0.0,1,8,0.0,1,8,0.0,1,8,0.0,1,8,0.0,1,8,-0.0,1,8,-9900,?,9,-9900,?,9,18.96,E,8,15.8,E,8,81.0,E,8,964.3861999999999,E,8,999.0,E,8,1.22,E,8,-9900,?,9,-9900,?,9,0.0,E,8,-9900,?,9,-9900,?,9,0.0,0.0,E,8
04/27/2015,24:00,0.0,1347.796,0.0,1,8,0.0,1,8,0.0,1,8,0.0,1,8,0.0,1,8,0.0,1,8,-0.0,1,8,-9900,?,9,-9900,?,9,18.05,E,8,14.44,E,8,79.0,E,8,964.3861999999999,E,8,999.0,E,8,1.27,E,8,-9900,?,9,-9900,?,9,0.0,E,8,-9900,?,9,-9900,?,9,0.0,0.0,E,8
04/28/2015,01:00,0.0,1347.796,0.0,1,8,0.0,1,8,0.0,1,8,0.0,1,8,0.0,1,8,0.0,1,8,-0.0,1,8,-9900,?,9,-9900,?,9,17.59,E,8,14.19,E,8,80.0,E,8,964.3861999999999,E,8,999.0,E,8,1.27,E,8,-9900,?,9,-9900,?,9,0.0,E,8,-9900,?,9,-9900,?,9,0.0,0.0,E,8
04/28/2015,02:00,0.0,1347.796,0.0,1,8,0.0,1,8,0.0,1,8,0.0,1,8,0.0,1,8,0.0,1,8,-0.0,1,8,-9900,?,9,-9900,?,9,17.13,E,8,13.95,E,8,81.0,E,8,964.3861999999999,E,8,999.0,E,8,1.27,E,8,-9900,?,9,-9900,?,9,0.0,E,8,-9900,?,9,-9900,?,9,0.0,0.0,E,8
04/28/2015,03:00,0.0,1347.796,0.0,1,8,0.0,1,8,0.0,1,8,0.0,1,8,0.0,1,8,0.0,1,8,-0.0,1,8,-9900,?,9,-9900,?,9,16.68,E,8,13.71,E,8,82.0,E,8,964.3861999999999,E,8,999.0,E,8,1.27,E,8,-9900,?,9,-9900,?,9,0.0,E,8,-9900,?,9,-9900,?,9,0.0,0.0,E,8
04/28/2015,04:00,0.0,1347.077,0.0,1,8,0.0,1,8,0.0,1,8,0.0,1,8,0.0,1,8,0.0,1,8,-0.0,1,8,-9900,?,9,-9900,?,9,16.22,E,8,13.46,E,8,83.0,E,8,964.3861999999999,E,8,999.0,E,8,1.27,E,8,-9900,?,9,-9900,?,9,0.0,E,8,-9900,?,9,-9900,?,9,0.0,0.0,E,8
04/28/2015,05:00,0.0,1347.077,0.0,1,8,0.0,1,8,0.0,1,8,0.0,1,8,0.0,1,8,0.0,1,8,-0.0,1,8,-9900,?,9,-9900,?,9,15.76,E,8,13.2,E,8,84.0,E,8,964.3861999999999,E,8,999.0,E,8,1.27,E,8,-9900,?,9,-9900,?,9,0.0,E,8,-9900,?,9,-9900,?,9,0.0,0.0,E,8
04/28/2015,06:00,0.0,1347.077,0.0,1,8,0.0,1,8,0.0,1,8,0.0,1,8,0.0,1,8,0.0,1,8,-0.0,1,8,-9900,?,9,-9900,?,9,15.41,E,8,13.0,E,8,85.0,E,8,964.3861999999999,E,8,999.0,E,8,1.27,E,8,-9900,?,9,-9900,?,9,0.0,E,8,-9900,?,9,-9900,?,9,0.0,0.0,E,8
04/28/2015,07:00,119.549,1347.077,0.0,1,8,0.0,1,8,0.0,1,8,0.0,1,8,0.0,1,8,0.0,1,8,0.0,1,8,-9900,?,9,-9900,?,9,15.11,E,8,12.83,E,8,86.0,E,8,964.3861999999999,E,8,999.0,E,8,1.27,E,8,-9900,?,9,-9900,?,9,0.0,E,8,-9900,?,9,-9900,?,9,0.0,0.0,E,8
04/28/2015,08:00,418.162,1347.077,72.07,1,8,0.0,1,8,72.07,1,8,8648.4,1,8,0.0,1,8,7927.7,1,8,74.102,1,8,-9900,?,9,-9900,?,9,14.81,E,8,12.66,E,8,86.0,E,8,964.3861999999999,E,8,999.0,E,8,1.27,E,8,-9900,?,9,-9900,?,9,0.0,E,8,-9900,?,9,-9900,?,9,0.0,0.0,E,8
04/28/2015,09:00,682.36,1347.077,211.34,1,8,20.967,1,8,200.728,1,8,25360.8,1,8,1991.837,1,8,22080.118,1,8,126.243,1,8,-9900,?,9,-9900,?,9,18.5,E,8,14.67,E,8,78.0,E,8,964.3861999999999,E,8,999.0,E,8,1.27,E,8,-9900,?,9,-9900,?,9,0.0,E,8,-9900,?,9,-9900,?,9,0.0,0.0,E,8
04/28/2015,10:00,892.288,1347.077,344.17,1,8,66.426,1,8,300.187,1,8,41300.4,1,8,6310.488,1,8,33020.528,1,8,144.309,1,8,-9900,?,9,-9900,?,9,20.26,E,8,15.55,E,8,74.0,E,8,964.3861999999999,E,8,999.0,E,8,1.27,E,8,-9900,?,9,-9900,?,9,0.0,E,8,-9900,?,9,-9900,?,9,0.0,0.0,E,8
04/28/2015,11:00,1033.426,1347.077,521.83,1,8,183.362,1,8,381.191,1,8,62619.6,1,8,17419.357,1,8,41930.993,1,8,158.196,1,8,-9900,?,9,-9900,?,9,22.3,E,8,16.52,E,8,69.0,E,8,964.3861999999999,E,8,999.0,E,8,1.27,E,8,-9900,?,9,-9900,?,9,0.0,E,8,-9900,?,9,-9900,?,9,0.0,0.0,E,8
04/28/2015,12:00,1096.1,1347.077,581.24,1,8,249.917,1,8,377.916,1,8,69748.8,1,8,23742.077,1,8,41570.802,1,8,147.861,1,8,-9900,?,9,-9900,?,9,23.84,E,8,17.21,E,8,66.0,E,8,964.3861999999999,E,8,999.0,E,8,1.27,E,8,-9900,?,9,-9900,?,9,0.0,E,8,-9900,?,9,-9900,?,9,0.0,0.0,E,8
04/28/2015,13:00,1076.024,1347.077,664.45,1,8,417.69,1,8,330.861,1,8,79734.0,1,8,39680.589,1,8,36394.717,1,8,131.868,1,8,-9900,?,9,-9900,?,9,25.22,E,8,17.81,E,8,63.0,E,8,964.3861999999999,E,8,999.0,E,8,1.27,E,8,-9900,?,9,-9900,?,9,0.0,E,8,-9900,?,9,-9900,?,9,0.0,0.0,E,8
04/28/2015,14:00,974.573,1347.077,824.19,1,8,680.084,1,8,332.3,1,8,98902.8,1,8,64607.938,1,8,36553.022,1,8,146.243,1,8,-9900,?,9,-9900,?,9,26.81,E,8,18.48,E,8,60.0,E,8,964.3861999999999,E,8,999.0,E,8,1.27,E,8,-9900,?,9,-9900,?,9,0.0,E,8,-9900,?,9,-9900,?,9,0.0,0.0,E,8
04/28/2015,15:00,798.693,1347.077,543.35,1,8,672.274,1,8,144.969,1,8,65202.0,1,8,63866.017,1,8,15946.567,1,8,77.87,1,8,-9900,?,9,-9900,?,9,27.08,E,8,18.59,E,8,59.0,E,8,964.3861999999999,E,8,999.0,E,8,1.27,E,8,-9900,?,9,-9900,?,9,0.0,E,8,-9900,?,9,-9900,?,9,0.0,0.0,E,8
04/28/2015,16:00,560.476,1347.077,373.17,1,8,715.343,1,8,75.953,1,8,44780.4,1,8,67957.607,1,8,8354.798,1,8,58.188,1,8,-9900,?,9,-9900,?,9,26.6,E,8,18.39,E,8,60.0,E,8,964.3861999999999,E,8,999.0,E,8,1.27,E,8,-9900,?,9,-9900,?,9,0.0,E,8,-9900,?,9,-9900,?,9,0.0,0.0,E,8
04/28/2015,17:00,276.653,1347.077,163.4,1,8,584.293,1,8,44.172,1,8,19608.0,1,8,55507.851,1,8,4858.923,1,8,68.905,1,8,-9900,?,9,-9900,?,9,25.29,E,8,17.84,E,8,63.0,E,8,964.3861999999999,E,8,999.0,E,8,1.67,E,8,-9900,?,9,-9900,?,9,0.0,E,8,-9900,?,9,-9900,?,9,0.0,0.0,E,8
04/28/2015,18:00,0.0,1347.077,23.26,1,8,0.0,1,8,0.0,1,8,2791.2,1,8,0.0,1,8,0.0,1,8,-0.0,1,8,-9900,?,9,-9900,?,9,23.65,E,8,17.13,E,8,66.0,E,8,964.3861999999999,E,8,999.0,E,8,1.27,E,8,-9900,?,9,-9900,?,9,0.0,E,8,-9900,?,9,-9900,?,9,0.0,0.0,E,8
04/28/2015,19:00,0.0,1347.077,0.0,1,8,0.0,1,8,0.0,1,8,0.0,1,8,0.0,1,8,0.0,1,8,-0.0,1,8,-9900,?,9,-9900,?,9,22.67,E,8,16.69,E,8,68.0,E,8,964.3861999999999,E,8,999.0,E,8,1.27,E,8,-9900,?,9,-9900,?,9,0.0,E,8,-9900,?,9,-9900,?,9,0.0,0.0,E,8
04/28/2015,20:00,0.0,1347.077,0.0,1,8,0.0,1,8,0.0,1,8,0.0,1,8,0.0,1,8,0.0,1,8,-0.0,1,8,-9900,?,9,-9900,?,9,21.7,E,8,16.24,E,8,71.0,E,8,964.3861999999999,E,8,999.0,E,8,1.27,E,8,-9900,?,9,-9900,?,9,0.0,E,8,-9900,?,9,-9900,?,9,0.0,0.0,E,8
04/28/2015,21:00,0.0,1347.077,0.0,1,8,0.0,1,8,0.0,1,8,0.0,1,8,0.0,1,8,0.0,1,8,-0.0,1,8,-9900,?,9,-9900,?,9,20.73,E,8,15.78,E,8,73.0,E,8,964.3861999999999,E,8,999.0,E,8,1.27,E,8,-9900,?,9,-9900,?,9,0.0,E,8,-9900,?,9,-9900,?,9,0.0,0.0,E,8
04/28/2015,22:00,0.0,1347.077,0.0,1,8,0.0,1,8,0.0,1,8,0.0,1,8,0.0,1,8,0.0,1,8,-0.0,1,8,-9900,?,9,-9900,?,9,19.76,E,8,15.3,E,8,75.0,E,8,964.3861999999999,E,8,999.0,E,8,1.27,E,8,-9900,?,9,-9900,?,9,0.0,E,8,-9900,?,9,-9900,?,9,0.0,0.0,E,8
04/28/2015,23:00,0.0,1347.077,0.0,1,8,0.0,1,8,0.0,1,8,0.0,1,8,0.0,1,8,0.0,1,8,-0.0,1,8,-9900,?,9,-9900,?,9,18.79,E,8,14.82,E,8,77.0,E,8,964.3861999999999,E,8,999.0,E,8,1.27,E,8,-9900,?,9,-9900,?,9,0.0,E,8,-9900,?,9,-9900,?,9,0.0,0.0,E,8
04/28/2015,24:00,0.0,1347.077,0.0,1,8,0.0,1,8,0.0,1,8,0.0,1,8,0.0,1,8,0.0,1,8,-0.0,1,8,-9900,?,9,-9900,?,9,17.82,E,8,12.98,E,8,73.0,E,8,964.3861999999999,E,8,999.0,E,8,0.52,E,8,-9900,?,9,-9900,?,9,0.0,E,8,-9900,?,9,-9900,?,9,0.0,0.0,E,8
04/29/2015,01:00,0.0,1347.077,0.0,1,8,0.0,1,8,0.0,1,8,0.0,1,8,0.0,1,8,0.0,1,8,-0.0,1,8,-9900,?,9,-9900,?,9,17.33,E,8,12.81,E,8,74.0,E,8,964.3861999999999,E,8,999.0,E,8,0.52,E,8,-9900,?,9,-9900,?,9,0.0,E,8,-9900,?,9,-9900,?,9,0.0,0.0,E,8
04/29/2015,02:00,0.0,1347.077,0.0,1,8,0.0,1,8,0.0,1,8,0.0,1,8,0.0,1,8,0.0,1,8,-0.0,1,8,-9900,?,9,-9900,?,9,16.85,E,8,12.65,E,8,76.0,E,8,964.3861999999999,E,8,999.0,E,8,0.52,E,8,-9900,?,9,-9900,?,9,0.0,E,8,-9900,?,9,-9900,?,9,0.0,0.0,E,8
04/29/2015,03:00,0.0,1347.077,0.0,1,8,0.0,1,8,0.0,1,8,0.0,1,8,0.0,1,8,0.0,1,8,-0.0,1,8,-9900,?,9,-9900,?,9,16.36,E,8,12.47,E,8,77.0,E,8,964.3861999999999,E,8,999.0,E,8,0.52,E,8,-9900,?,9,-9900,?,9,0.0,E,8,-9900,?,9,-9900,?,9,0.0,0.0,E,8
04/29/2015,04:00,0.0,1346.364,0.0,1,8,0.0,1,8,0.0,1,8,0.0,1,8,0.0,1,8,0.0,1,8,-0.0,1,8,-9900,?,9,-9900,?,9,15.87,E,8,12.3,E,8,79.0,E,8,964.3861999999999,E,8,999.0,E,8,0.52,E,8,-9900,?,9,-9900,?,9,0.0,E,8,-9900,?,9,-9900,?,9,0.0,0.0,E,8
04/29/2015,05:00,0.0,1346.364,0.0,1,8,0.0,1,8,0.0,1,8,0.0,1,8,0.0,1,8,0.0,1,8,-0.0,1,8,-9900,?,9,-9900,?,9,15.39,E,8,12.13,E,8,80.0,E,8,964.3861999999999,E,8,999.0,E,8,0.52,E,8,-9900,?,9,-9900,?,9,0.0,E,8,-9900,?,9,-9900,?,9,0.0,0.0,E,8
04/29/2015,06:00,0.0,1346.364,0.0,1,8,0.0,1,8,0.0,1,8,0.0,1,8,0.0,1,8,0.0,1,8,-0.0,1,8,-9900,?,9,-9900,?,9,15.01,E,8,11.99,E,8,82.0,E,8,964.3861999999999,E,8,999.0,E,8,0.52,E,8,-9900,?,9,-9900,?,9,0.0,E,8,-9900,?,9,-9900,?,9,0.0,0.0,E,8
04/29/2015,07:00,117.387,1346.364,0.0,1,8,0.0,1,8,0.0,1,8,0.0,1,8,0.0,1,8,0.0,1,8,0.0,1,8,-9900,?,9,-9900,?,9,14.69,E,8,11.87,E,8,83.0,E,8,964.3861999999999,E,8,999.0,E,8,0.79,E,8,-9900,?,9,-9900,?,9,0.0,E,8,-9900,?,9,-9900,?,9,0.0,0.0,E,8
04/29/2015,08:00,415.314,1346.364,130.86,1,8,111.681,1,8,96.504,1,8,15703.2,1,8,10609.684,1,8,10615.48,1,8,99.857,1,8,-9900,?,9,-9900,?,9,14.37,E,8,11.76,E,8,84.0,E,8,964.3861999999999,E,8,999.0,E,8,0.62,E,8,-9900,?,9,-9900,?,9,0.0,E,8,-9900,?,9,-9900,?,9,0.0,0.0,E,8
04/29/2015,09:00,678.888,1346.364,379.26,1,8,299.95,1,8,228.144,1,8,45511.2,1,8,28495.214,1,8,25095.82,1,8,144.144,1,8,-9900,?,9,-9900,?,9,19.65,E,8,13.59,E,8,68.0,E,8,964.3861999999999,E,8,999.0,E,8,0.85,E,8,-9900,?,9,-9900,?,9,0.0,E,8,-9900,?,9,-9900,?,9,0.0,0.0,E,8
04/29/2015,10:00,888.26,1346.364,601.01,1,8,590.005,1,8,211.904,1,8,72121.2,1,8,56050.498,1,8,23309.45,1,8,102.277,1,8,-9900,?,9,-9900,?,9,22.03,E,8,14.36,E,8,61.0,E,8,964.3861999999999,E,8,999.0,E,8,0.89,E,8,-9900,?,9,-9900,?,9,0.0,E,8,-9900,?,9,-9900,?,9,0.0,0.0,E,8
04/29/2015,11:00,1028.946,1346.364,766.43,1,8,795.716,1,8,158.439,1,8,91971.6,1,8,75593.051,1,8,17428.235,1,8,66.004,1,8,-9900,?,9,-9900,?,9,24.08,E,8,14.99,E,8,56.0,E,8,964.3861999999999,E,8,999.0,E,8,0.9,E,8,-9900,?,9,-9900,?,9,0.0,E,8,-9900,?,9,-9900,?,9,0.0,0.0,E,8
04/29/2015,12:00,1091.303,1346.364,858.8,1,8,881.541,1,8,144.372,1,8,103056.0,1,8,83746.39,1,8,15880.892,1,8,56.704,1,8,-9900,?,9,-9900,?,9,25.69,E,8,15.48,E,8,53.0,E,8,964.3861999999999,E,8,999.0,E,8,1.43,E,8,-9900,?,9,-9900,?,9,0.0,E,8,-9900,?,9,-9900,?,9,0.0,0.0,E,8
04/29/2015,13:00,1071.065,1346.364,878.33,1,8,832.634,1,8,216.063,1,8,105399.6,1,8,79100.198,1,8,23766.897,1,8,86.467,1,8,-9900,?,9,-9900,?,9,26.83,E,8,15.81,E,8,50.0,E,8,964.3861999999999,E,8,999.0,E,8,1.51,E,8,-9900,?,9,-9900,?,9,0.0,E,8,-9900,?,9,-9900,?,9,0.0,0.0,E,8
04/29/2015,14:00,969.62,1346.364,817.33,1,8,824.385,1,8,223.789,1,8,98079.6,1,8,78316.578,1,8,24616.8,1,8,98.939,1,8,-9900,?,9,-9900,?,9,27.47,E,8,15.99,E,8,49.0,E,8,964.3861999999999,E,8,999.0,E,8,2.34,E,8,-9900,?,9,-9900,?,9,0.0,E,8,-9900,?,9,-9900,?,9,0.0,0.0,E,8
04/29/2015,15:00,793.914,1346.364,686.46,1,8,799.729,1,8,215.141,1,8,82375.2,1,8,75974.294,1,8,23665.478,1,8,116.199,1,8,-9900,?,9,-9900,?,9,27.6,E,8,16.03,E,8,49.0,E,8,964.3861999999999,E,8,999.0,E,8,2.11,E,8,-9900,?,9,-9900,?,9,0.0,E,8,-9900,?,9,-9900,?,9,0.0,0.0,E,8
04/29/2015,16:00,556.028,1346.364,491.3,1,8,731.615,1,8,189.582,1,8,58956.0,1,8,69503.44,1,8,20854.044,1,8,146.329,1,8,-9900,?,9,-9900,?,9,27.02,E,8,15.86,E,8,50.0,E,8,964.3861999999999,E,8,999.0,E,8,2.38,E,8,-9900,?,9,-9900,?,9,0.0,E,8,-9900,?,9,-9900,?,9,0.0,0.0,E,8
04/29/2015,17:00,272.682,1346.364,253.61,1,8,589.978,1,8,134.909,1,8,30433.2,1,8,56047.942,1,8,14839.973,1,8,213.438,1,8,-9900,?,9,-9900,?,9,25.72,E,8,15.49,E,8,53.0,E,8,964.3861999999999,E,8,999.0,E,8,2.49,E,8,-9900,?,9,-9900,?,9,0.0,E,8,-9900,?,9,-9900,?,9,0.0,0.0,E,8
04/29/2015,18:00,0.0,1346.364,27.19,1,8,0.0,1,8,0.0,1,8,3262.8,1,8,0.0,1,8,0.0,1,8,-0.0,1,8,-9900,?,9,-9900,?,9,23.94,E,8,14.95,E,8,57.0,E,8,964.3861999999999,E,8,999.0,E,8,2.78,E,8,-9900,?,9,-9900,?,9,0.0,E,8,-9900,?,9,-9900,?,9,0.0,0.0,E,8
04/29/2015,19:00,0.0,1346.364,0.0,1,8,0.0,1,8,0.0,1,8,0.0,1,8,0.0,1,8,0.0,1,8,-0.0,1,8,-9900,?,9,-9900,?,9,22.99,E,8,14.66,E,8,59.0,E,8,964.3861999999999,E,8,999.0,E,8,2.28,E,8,-9900,?,9,-9900,?,9,0.0,E,8,-9900,?,9,-9900,?,9,0.0,0.0,E,8
04/29/2015,20:00,0.0,1346.364,0.0,1,8,0.0,1,8,0.0,1,8,0.0,1,8,0.0,1,8,0.0,1,8,-0.0,1,8,-9900,?,9,-9900,?,9,22.05,E,8,14.37,E,8,61.0,E,8,964.3861999999999,E,8,999.0,E,8,1.77,E,8,-9900,?,9,-9900,?,9,0.0,E,8,-9900,?,9,-9900,?,9,0.0,0.0,E,8
04/29/2015,21:00,0.0,1346.364,0.0,1,8,0.0,1,8,0.0,1,8,0.0,1,8,0.0,1,8,0.0,1,8,-0.0,1,8,-9900,?,9,-9900,?,9,21.1,E,8,14.07,E,8,64.0,E,8,964.3861999999999,E,8,999.0,E,8,1.76,E,8,-9900,?,9,-9900,?,9,0.0,E,8,-9900,?,9,-9900,?,9,0.0,0.0,E,8
04/29/2015,22:00,0.0,1346.364,0.0,1,8,0.0,1,8,0.0,1,8,0.0,1,8,0.0,1,8,0.0,1,8,-0.0,1,8,-9900,?,9,-9900,?,9,20.16,E,8,13.76,E,8,66.0,E,8,964.3861999999999,E,8,999.0,E,8,1.3,E,8,-9900,?,9,-9900,?,9,0.0,E,8,-9900,?,9,-9900,?,9,0.0,0.0,E,8
04/29/2015,23:00,0.0,1346.364,0.0,1,8,0.0,1,8,0.0,1,8,0.0,1,8,0.0,1,8,0.0,1,8,-0.0,1,8,-9900,?,9,-9900,?,9,19.21,E,8,13.45,E,8,69.0,E,8,964.3861999999999,E,8,999.0,E,8,1.12,E,8,-9900,?,9,-9900,?,9,0.0,E,8,-9900,?,9,-9900,?,9,0.0,0.0,E,8
04/29/2015,24:00,0.0,1346.364,0.0,1,8,0.0,1,8,0.0,1,8,0.0,1,8,0.0,1,8,0.0,1,8,-0.0,1,8,-9900,?,9,-9900,?,9,18.27,E,8,13.07,E,8,71.0,E,8,964.3861999999999,E,8,999.0,E,8,2.84,E,8,-9900,?,9,-9900,?,9,0.0,E,8,-9900,?,9,-9900,?,9,0.0,0.0,E,8
04/30/2015,01:00,0.0,1346.364,0.0,1,8,0.0,1,8,0.0,1,8,0.0,1,8,0.0,1,8,0.0,1,8,-0.0,1,8,-9900,?,9,-9900,?,9,17.8,E,8,13.03,E,8,73.0,E,8,964.3861999999999,E,8,999.0,E,8,3.07,E,8,-9900,?,9,-9900,?,9,0.0,E,8,-9900,?,9,-9900,?,9,0.0,0.0,E,8
04/30/2015,02:00,0.0,1346.364,0.0,1,8,0.0,1,8,0.0,1,8,0.0,1,8,0.0,1,8,0.0,1,8,-0.0,1,8,-9900,?,9,-9900,?,9,17.32,E,8,12.99,E,8,75.0,E,8,964.3861999999999,E,8,999.0,E,8,2.55,E,8,-9900,?,9,-9900,?,9,0.0,E,8,-9900,?,9,-9900,?,9,0.0,0.0,E,8
04/30/2015,03:00,0.0,1346.364,0.0,1,8,0.0,1,8,0.0,1,8,0.0,1,8,0.0,1,8,0.0,1,8,-0.0,1,8,-9900,?,9,-9900,?,9,16.85,E,8,12.95,E,8,77.0,E,8,964.3861999999999,E,8,999.0,E,8,1.33,E,8,-9900,?,9,-9900,?,9,0.0,E,8,-9900,?,9,-9900,?,9,0.0,0.0,E,8
04/30/2015,04:00,0.0,1345.658,0.0,1,8,0.0,1,8,0.0,1,8,0.0,1,8,0.0,1,8,0.0,1,8,-0.0,1,8,-9900,?,9,-9900,?,9,16.38,E,8,12.92,E,8,79.0,E,8,964.3861999999999,E,8,999.0,E,8,1.05,E,8,-9900,?,9,-9900,?,9,0.0,E,8,-9900,?,9,-9900,?,9,0.0,0.0,E,8
04/30/2015,05:00,0.0,1345.658,0.0,1,8,0.0,1,8,0.0,1,8,0.0,1,8,0.0,1,8,0.0,1,8,-0.0,1,8,-9900,?,9,-9900,?,9,15.91,E,8,12.88,E,8,82.0,E,8,964.3861999999999,E,8,999.0,E,8,1.05,E,8,-9900,?,9,-9900,?,9,0.0,E,8,-9900,?,9,-9900,?,9,0.0,0.0,E,8
04/30/2015,06:00,0.0,1345.658,0.0,1,8,0.0,1,8,0.0,1,8,0.0,1,8,0.0,1,8,0.0,1,8,-0.0,1,8,-9900,?,9,-9900,?,9,15.54,E,8,12.84,E,8,83.0,E,8,964.3861999999999,E,8,999.0,E,8,1.05,E,8,-9900,?,9,-9900,?,9,0.0,E,8,-9900,?,9,-9900,?,9,0.0,0.0,E,8
04/30/2015,07:00,115.217,1345.658,0.0,1,8,0.0,1,8,0.0,1,8,0.0,1,8,0.0,1,8,0.0,1,8,0.0,1,8,-9900,?,9,-9900,?,9,15.23,E,8,12.82,E,8,85.0,E,8,964.3861999999999,E,8,999.0,E,8,1.05,E,8,-9900,?,9,-9900,?,9,0.0,E,8,-9900,?,9,-9900,?,9,0.0,0.0,E,8
04/30/2015,08:00,412.458,1345.658,128.07,1,8,35.272,1,8,117.289,1,8,15368.4,1,8,3350.816,1,8,12901.786,1,8,122.144,1,8,-9900,?,9,-9900,?,9,14.92,E,8,12.79,E,8,87.0,E,8,964.3861999999999,E,8,999.0,E,8,1.29,E,8,-9900,?,9,-9900,?,9,0.0,E,8,-9900,?,9,-9900,?,9,0.0,0.0,E,8
04/30/2015,09:00,675.414,1345.658,369.11,1,8,278.537,1,8,229.428,1,8,44293.2,1,8,26461.027,1,8,25237.066,1,8,145.626,1,8,-9900,?,9,-9900,?,9,20.26,E,8,13.24,E,8,63.0,E,8,964.3861999999999,E,8,999.0,E,8,2.1,E,8,-9900,?,9,-9900,?,9,0.0,E,8,-9900,?,9,-9900,?,9,0.0,0.0,E,8
04/30/2015,10:00,884.238,1345.658,585.32,1,8,551.794,1,8,222.874,1,8,70238.4,1,8,52420.457,1,8,24516.089,1,8,108.005,1,8,-9900,?,9,-9900,?,9,22.68,E,8,13.43,E,8,55.0,E,8,964.3861999999999,E,8,999.0,E,8,2.88,E,8,-9900,?,9,-9900,?,9,0.0,E,8,-9900,?,9,-9900,?,9,0.0,0.0,E,8
04/30/2015,11:00,1024.483,1345.658,748.81,1,8,748.924,1,8,178.757,1,8,89857.2,1,8,71147.743,1,8,19663.308,1,8,74.754,1,8,-9900,?,9,-9900,?,9,24.76,E,8,13.6,E,8,49.0,E,8,964.3861999999999,E,8,999.0,E,8,4.14,E,8,-9900,?,9,-9900,?,9,0.0,E,8,-9900,?,9,-9900,?,9,0.0,0.0,E,8
04/30/2015,12:00,1086.534,1345.658,844.34,1,8,858.355,1,8,151.381,1,8,101320.8,1,8,81543.721,1,8,16651.94,1,8,59.687,1,8,-9900,?,9,-9900,?,9,26.42,E,8,13.73,E,8,45.0,E,8,964.3861999999999,E,8,999.0,E,8,4.29,E,8,-9900,?,9,-9900,?,9,0.0,E,8,-9900,?,9,-9900,?,9,0.0,0.0,E,8
04/30/2015,13:00,1066.148,1345.658,865.84,1,8,824.172,1,8,212.973,1,8,103900.8,1,8,78296.343,1,8,23427.019,1,8,85.579,1,8,-9900,?,9,-9900,?,9,27.61,E,8,13.83,E,8,42.0,E,8,964.3861999999999,E,8,999.0,E,8,5.08,E,8,-9900,?,9,-9900,?,9,0.0,E,8,-9900,?,9,-9900,?,9,0.0,0.0,E,8
04/30/2015,14:00,964.721,1345.658,808.4,1,8,822.26,1,8,219.074,1,8,97008.0,1,8,78114.734,1,8,24098.138,1,8,97.296,1,8,-9900,?,9,-9900,?,9,28.28,E,8,13.88,E,8,41.0,E,8,964.3861999999999,E,8,999.0,E,8,6.23,E,8,-9900,?,9,-9900,?,9,0.0,E,8,-9900,?,9,-9900,?,9,0.0,0.0,E,8
04/30/2015,15:00,789.2,1345.658,683.29,1,8,798.301,1,8,215.365,1,8,81994.8,1,8,75838.63,1,8,23690.124,1,8,116.954,1,8,-9900,?,9,-9900,?,9,28.44,E,8,13.89,E,8,40.0,E,8,964.3861999999999,E,8,999.0,E,8,7.22,E,8,-9900,?,9,-9900,?,9,0.0,E,8,-9900,?,9,-9900,?,9,0.0,0.0,E,8
04/30/2015,16:00,551.654,1345.658,491.13,1,8,727.615,1,8,193.273,1,8,58935.6,1,8,69123.409,1,8,21260.082,1,8,150.285,1,8,-9900,?,9,-9900,?,9,27.88,E,8,13.85,E,8,42.0,E,8,964.3861999999999,E,8,999.0,E,8,6.19,E,8,-9900,?,9,-9900,?,9,0.0,E,8,-9900,?,9,-9900,?,9,0.0,0.0,E,8
04/30/2015,17:00,268.793,1345.658,256.1,1,8,563.665,1,8,144.273,1,8,30732.0,1,8,53548.206,1,8,15869.992,1,8,231.477,1,8,-9900,?,9,-9900,?,9,26.58,E,8,13.74,E,8,45.0,E,8,964.3861999999999,E,8,999.0,E,8,5.52,E,8,-9900,?,9,-9900,?,9,0.0,E,8,-9900,?,9,-9900,?,9,0.0,0.0,E,8
04/30/2015,18:00,0.0,1345.658,155.38,1,8,0.0,1,8,0.0,1,8,18645.6,1,8,0.0,1,8,0.0,1,8,-0.0,1,8,-9900,?,9,-9900,?,9,25.644,E,8,13.672,E,8,47.4,E,8,964.3861999999999,E,8,999.0,E,8,5.396,E,8,-9900,?,9,-9900,?,9,0.0,E,8,-9900,?,9,-9900,?,9,0.0,0.0,E,8
04/30/2015,19:00,0.0,1345.658,57.154,1,8,0.0,1,8,0.0,1,8,6858.48,1,8,0.0,1,8,0.0,1,8,-0.0,1,8,-9900,?,9,-9900,?,9,24.588,E,8,13.588,E,8,50.2,E,8,964.3861999999999,E,8,999.0,E,8,4.956,E,8,-9900,?,9,-9900,?,9,0.0,E,8,-9900,?,9,-9900,?,9,0.0,0.0,E,8
04/30/2015,20:00,0.0,1345.658,5.934,1,8,0.0,1,8,0.0,1,8,712.08,1,8,0.0,1,8,0.0,1,8,-0.0,1,8,-9900,?,9,-9900,?,9,23.592,E,8,13.508,E,8,53.0,E,8,964.3861999999999,E,8,999.0,E,8,4.43,E,8,-9900,?,9,-9900,?,9,0.0,E,8,-9900,?,9,-9900,?,9,0.0,0.0,E,8
04/30/2015,21:00,0.0,1345.658,0.0,1,8,0.0,1,8,0.0,1,8,0.0,1,8,0.0,1,8,0.0,1,8,-0.0,1,8,-9900,?,9,-9900,?,9,22.596,E,8,13.426,E,8,56.0,E,8,964.3861999999999,E,8,999.0,E,8,3.828,E,8,-9900,?,9,-9900,?,9,0.0,E,8,-9900,?,9,-9900,?,9,0.0,0.0,E,8
04/30/2015,22:00,0.0,1345.658,0.0,1,8,0.0,1,8,0.0,1,8,0.0,1,8,0.0,1,8,0.0,1,8,-0.0,1,8,-9900,?,9,-9900,?,9,21.622,E,8,14.048,E,8,62.4,E,8,964.3861999999999,E,8,999.0,E,8,3.192,E,8,-9900,?,9,-9900,?,9,0.0,E,8,-9900,?,9,-9900,?,9,0.0,0.0,E,8
04/30/2015,23:00,0.0,1345.658,0.0,1,8,0.0,1,8,0.0,1,8,0.0,1,8,0.0,1,8,0.0,1,8,-0.0,1,8,-9900,?,9,-9900,?,9,20.776,E,8,14.66,E,8,68.4,E,8,964.3861999999999,E,8,999.0,E,8,2.426,E,8,-9900,?,9,-9900,?,9,0.0,E,8,-9900,?,9,-9900,?,9,0.0,0.0,E,8
04/30/2018,24:00,0.0,1345.658,0.0,1,8,0.0,1,8,0.0,1,8,0.0,1,8,0.0,1,8,0.0,1,8,-0.0,1,8,-9900,?,9,-9900,?,9,20.056,E,8,15.264,E,8,74.2,E,8,964.3861999999999,E,8,999.0,E,8,1.882,E,8,-9900,?,9,-9900,?,9,0.0,E,8,-9900,?,9,-9900,?,9,0.0,0.0,E,8
05/01/2018,01:00,0.0,1345.658,0.0,1,8,0.0,1,8,0.0,1,8,0.0,1,8,0.0,1,8,0.0,1,8,-0.0,1,8,-9900,?,9,-9900,?,9,19.464,E,8,15.862,E,8,79.6,E,8,964.3861999999999,E,8,999.0,E,8,1.558,E,8,-9900,?,9,-9900,?,9,0.0,E,8,-9900,?,9,-9900,?,9,0.0,0.0,E,8
05/01/2018,02:00,0.0,1345.658,0.0,1,8,0.0,1,8,0.0,1,8,0.0,1,8,0.0,1,8,0.0,1,8,-0.0,1,8,-9900,?,9,-9900,?,9,19.0,E,8,16.45,E,8,84.6,E,8,964.3861999999999,E,8,999.0,E,8,1.27,E,8,-9900,?,9,-9900,?,9,0.0,E,8,-9900,?,9,-9900,?,9,0.0,0.0,E,8
05/01/2018,03:00,0.0,1345.658,0.0,1,8,0.0,1,8,0.0,1,8,0.0,1,8,0.0,1,8,0.0,1,8,-0.0,1,8,-9900,?,9,-9900,?,9,18.64,E,8,16.324,E,8,85.8,E,8,964.3861999999999,E,8,999.0,E,8,1.27,E,8,-9900,?,9,-9900,?,9,0.0,E,8,-9900,?,9,-9900,?,9,0.0,0.0,E,8
05/01/2018,04:00,0.0,1344.958,0.0,1,8,0.0,1,8,0.0,1,8,0.0,1,8,0.0,1,8,0.0,1,8,-0.0,1,8,-9900,?,9,-9900,?,9,18.298,E,8,16.206,E,8,87.0,E,8,964.3861999999999,E,8,999.0,E,8,1.27,E,8,-9900,?,9,-9900,?,9,0.0,E,8,-9900,?,9,-9900,?,9,0.0,0.0,E,8
05/01/2018,05:00,0.0,1344.958,0.0,1,8,0.0,1,8,0.0,1,8,0.0,1,8,0.0,1,8,0.0,1,8,-0.0,1,8,-9900,?,9,-9900,?,9,17.98,E,8,16.094,E,8,88.0,E,8,964.3861999999999,E,8,999.0,E,8,1.27,E,8,-9900,?,9,-9900,?,9,0.0,E,8,-9900,?,9,-9900,?,9,0.0,0.0,E,8
05/01/2018,06:00,0.0,1344.958,0.0,1,8,0.0,1,8,0.0,1,8,0.0,1,8,0.0,1,8,0.0,1,8,-0.0,1,8,-9900,?,9,-9900,?,9,17.65,E,8,15.98,E,8,89.0,E,8,964.3861999999999,E,8,999.0,E,8,1.27,E,8,-9900,?,9,-9900,?,9,0.0,E,8,-9900,?,9,-9900,?,9,0.0,0.0,E,8
05/01/2018,07:00,112.486,1344.958,0.0,1,8,0.0,1,8,0.0,1,8,0.0,1,8,0.0,1,8,0.0,1,8,0.0,1,8,-9900,?,9,-9900,?,9,17.41,E,8,15.89,E,8,90.0,E,8,964.3861999999999,E,8,999.0,E,8,1.27,E,8,-9900,?,9,-9900,?,9,0.0,E,8,-9900,?,9,-9900,?,9,0.0,0.0,E,8
05/01/2018,08:00,408.898,1344.958,81.3,1,8,0.0,1,8,81.3,1,8,9756.0,1,8,0.0,1,8,8943.0,1,8,85.363,1,8,-9900,?,9,-9900,?,9,17.17,E,8,15.81,E,8,91.0,E,8,964.3861999999999,E,8,999.0,E,8,1.27,E,8,-9900,?,9,-9900,?,9,0.0,E,8,-9900,?,9,-9900,?,9,0.0,0.0,E,8
05/01/2018,09:00,671.111,1344.958,188.38,1,8,19.487,1,8,178.665,1,8,22605.6,1,8,1851.226,1,8,19653.162,1,8,114.074,1,8,-9900,?,9,-9900,?,9,19.94,E,8,16.77,E,8,81.0,E,8,964.3861999999999,E,8,999.0,E,8,1.27,E,8,-9900,?,9,-9900,?,9,0.0,E,8,-9900,?,9,-9900,?,9,0.0,0.0,E,8
05/01/2018,10:00,879.278,1344.958,286.27,1,8,28.567,1,8,267.602,1,8,34352.4,1,8,2713.821,1,8,29436.191,1,8,130.344,1,8,-9900,?,9,-9900,?,9,20.97,E,8,17.12,E,8,78.0,E,8,964.3861999999999,E,8,999.0,E,8,1.27,E,8,-9900,?,9,-9900,?,9,0.0,E,8,-9900,?,9,-9900,?,9,0.0,0.0,E,8
05/01/2018,11:00,1018.992,1344.958,475.45,1,8,139.484,1,8,369.794,1,8,57054.0,1,8,13251.011,1,8,40677.377,1,8,155.397,1,8,-9900,?,9,-9900,?,9,22.46,E,8,17.6,E,8,74.0,E,8,964.3861999999999,E,8,999.0,E,8,1.27,E,8,-9900,?,9,-9900,?,9,0.0,E,8,-9900,?,9,-9900,?,9,0.0,0.0,E,8
05/01/2018,12:00,1080.677,1344.958,345.77,1,8,30.345,1,8,321.391,1,8,41492.4,1,8,2882.813,1,8,35353.048,1,8,127.341,1,8,-9900,?,9,-9900,?,9,22.82,E,8,17.72,E,8,72.0,E,8,964.3861999999999,E,8,999.0,E,8,1.27,E,8,-9900,?,9,-9900,?,9,0.0,E,8,-9900,?,9,-9900,?,9,0.0,0.0,E,8
05/01/2018,13:00,1060.112,1344.958,414.36,1,8,100.378,1,8,335.255,1,8,49723.2,1,8,9535.949,1,8,36878.024,1,8,135.413,1,8,-9900,?,9,-9900,?,9,23.3,E,8,17.87,E,8,71.0,E,8,964.3861999999999,E,8,999.0,E,8,1.27,E,8,-9900,?,9,-9900,?,9,0.0,E,8,-9900,?,9,-9900,?,9,0.0,0.0,E,8
05/01/2018,14:00,958.707,1344.958,682.11,1,8,607.212,1,8,249.403,1,8,81853.2,1,8,57685.135,1,8,27434.32,1,8,111.403,1,8,-9900,?,9,-9900,?,9,24.42,E,8,18.22,E,8,68.0,E,8,964.3861999999999,E,8,999.0,E,8,1.27,E,8,-9900,?,9,-9900,?,9,0.0,E,8,-9900,?,9,-9900,?,9,0.0,0.0,E,8
05/01/2018,15:00,783.409,1344.958,805.82,1,8,661.149,1,8,420.935,1,8,96698.4,1,8,62809.125,1,8,46302.845,1,8,230.162,1,8,-9900,?,9,-9900,?,9,25.58,E,8,18.58,E,8,65.0,E,8,964.3861999999999,E,8,999.0,E,8,1.27,E,8,-9900,?,9,-9900,?,9,0.0,E,8,-9900,?,9,-9900,?,9,0.0,0.0,E,8
05/01/2018,16:00,546.273,1344.958,522.13,1,8,803.103,1,8,196.42,1,8,62655.6,1,8,76294.801,1,8,21606.19,1,8,154.161,1,8,-9900,?,9,-9900,?,9,25.84,E,8,18.66,E,8,64.0,E,8,964.3861999999999,E,8,999.0,E,8,1.27,E,8,-9900,?,9,-9900,?,9,0.0,E,8,-9900,?,9,-9900,?,9,0.0,0.0,E,8
05/01/2018,17:00,263.995,1344.958,213.14,1,8,604.741,1,8,95.273,1,8,25576.8,1,8,57450.431,1,8,10479.989,1,8,155.595,1,8,-9900,?,9,-9900,?,9,25.11,E,8,18.43,E,8,66.0,E,8,964.3861999999999,E,8,999.0,E,8,1.27,E,8,-9900,?,9,-9900,?,9,0.0,E,8,-9900,?,9,-9900,?,9,0.0,0.0,E,8
05/01/2018,18:00,0.0,1344.958,40.27,1,8,0.0,1,8,0.0,1,8,4832.4,1,8,0.0,1,8,0.0,1,8,-0.0,1,8,-9900,?,9,-9900,?,9,24.36,E,8,18.2,E,8,68.0,E,8,964.3861999999999,E,8,999.0,E,8,1.27,E,8,-9900,?,9,-9900,?,9,0.0,E,8,-9900,?,9,-9900,?,9,0.0,0.0,E,8
05/01/2018,19:00,0.0,1344.958,0.0,1,8,0.0,1,8,0.0,1,8,0.0,1,8,0.0,1,8,0.0,1,8,-0.0,1,8,-9900,?,9,-9900,?,9,23.62,E,8,17.97,E,8,70.0,E,8,964.3861999999999,E,8,999.0,E,8,1.27,E,8,-9900,?,9,-9900,?,9,0.0,E,8,-9900,?,9,-9900,?,9,0.0,0.0,E,8
05/01/2018,20:00,0.0,1344.958,0.0,1,8,0.0,1,8,0.0,1,8,0.0,1,8,0.0,1,8,0.0,1,8,-0.0,1,8,-9900,?,9,-9900,?,9,22.88,E,8,17.74,E,8,72.0,E,8,964.3861999999999,E,8,999.0,E,8,1.27,E,8,-9900,?,9,-9900,?,9,0.0,E,8,-9900,?,9,-9900,?,9,0.0,0.0,E,8
05/01/2018,21:00,0.0,1344.958,0.0,1,8,0.0,1,8,0.0,1,8,0.0,1,8,0.0,1,8,0.0,1,8,-0.0,1,8,-9900,?,9,-9900,?,9,22.13,E,8,17.5,E,8,75.0,E,8,964.3861999999999,E,8,999.0,E,8,1.27,E,8,-9900,?,9,-9900,?,9,0.0,E,8,-9900,?,9,-9900,?,9,0.0,0.0,E,8
05/01/2018,22:00,0.0,1344.958,0.0,1,8,0.0,1,8,0.0,1,8,0.0,1,8,0.0,1,8,0.0,1,8,-0.0,1,8,-9900,?,9,-9900,?,9,21.39,E,8,17.25,E,8,77.0,E,8,964.3861999999999,E,8,999.0,E,8,1.27,E,8,-9900,?,9,-9900,?,9,0.0,E,8,-9900,?,9,-9900,?,9,0.0,0.0,E,8
05/01/2018,23:00,0.0,1344.958,0.0,1,8,0.0,1,8,0.0,1,8,0.0,1,8,0.0,1,8,0.0,1,8,-0.0,1,8,-9900,?,9,-9900,?,9,20.65,E,8,17.01,E,8,79.0,E,8,964.3861999999999,E,8,999.0,E,8,1.27,E,8,-9900,?,9,-9900,?,9,0.0,E,8,-9900,?,9,-9900,?,9,0.0,0.0,E,8
05/01/2018,24:00,0.0,1344.958,0.0,1,8,0.0,1,8,0.0,1,8,0.0,1,8,0.0,1,8,0.0,1,8,-0.0,1,8,-9900,?,9,-9900,?,9,19.9,E,8,17.98,E,8,90.0,E,8,964.3861999999999,E,8,999.0,E,8,1.26,E,8,-9900,?,9,-9900,?,9,0.009,E,8,-9900,?,9,-9900,?,9,0.09,99.0,E,8
05/02/2018,01:00,0.0,1344.958,0.0,1,8,0.0,1,8,0.0,1,8,0.0,1,8,0.0,1,8,0.0,1,8,-0.0,1,8,-9900,?,9,-9900,?,9,19.53,E,8,17.86,E,8,87.0,E,8,964.3861999999999,E,8,999.0,E,8,1.26,E,8,-9900,?,9,-9900,?,9,0.0,E,8,-9900,?,9,-9900,?,9,0.0,0.0,E,8
05/02/2018,02:00,0.0,1344.958,0.0,1,8,0.0,1,8,0.0,1,8,0.0,1,8,0.0,1,8,0.0,1,8,-0.0,1,8,-9900,?,9,-9900,?,9,19.16,E,8,17.74,E,8,92.0,E,8,964.3861999999999,E,8,999.0,E,8,1.26,E,8,-9900,?,9,-9900,?,9,0.002,E,8,-9900,?,9,-9900,?,9,0.02,99.0,E,8
05/02/2018,03:00,0.0,1344.958,0.0,1,8,0.0,1,8,0.0,1,8,0.0,1,8,0.0,1,8,0.0,1,8,-0.0,1,8,-9900,?,9,-9900,?,9,18.79,E,8,17.62,E,8,93.0,E,8,964.3861999999999,E,8,999.0,E,8,1.26,E,8,-9900,?,9,-9900,?,9,0.005,E,8,-9900,?,9,-9900,?,9,0.05,99.0,E,8
05/02/2018,04:00,0.0,1344.266,0.0,1,8,0.0,1,8,0.0,1,8,0.0,1,8,0.0,1,8,0.0,1,8,-0.0,1,8,-9900,?,9,-9900,?,9,18.42,E,8,17.5,E,8,95.0,E,8,964.3861999999999,E,8,999.0,E,8,1.26,E,8,-9900,?,9,-9900,?,9,0.018,E,8,-9900,?,9,-9900,?,9,0.18,99.0,E,8
05/02/2018,05:00,0.0,1344.266,0.0,1,8,0.0,1,8,0.0,1,8,0.0,1,8,0.0,1,8,0.0,1,8,-0.0,1,8,-9900,?,9,-9900,?,9,18.05,E,8,17.38,E,8,96.0,E,8,964.3861999999999,E,8,999.0,E,8,1.26,E,8,-9900,?,9,-9900,?,9,0.007000000000000001,E,8,-9900,?,9,-9900,?,9,0.07,99.0,E,8
05/02/2018,06:00,0.0,1344.266,0.0,1,8,0.0,1,8,0.0,1,8,0.0,1,8,0.0,1,8,0.0,1,8,-0.0,1,8,-9900,?,9,-9900,?,9,17.76,E,8,17.28,E,8,97.0,E,8,964.3861999999999,E,8,999.0,E,8,1.26,E,8,-9900,?,9,-9900,?,9,0.027000000000000003,E,8,-9900,?,9,-9900,?,9,0.27,99.0,E,8
05/02/2018,07:00,110.299,1344.266,0.0,1,8,0.0,1,8,0.0,1,8,0.0,1,8,0.0,1,8,0.0,1,8,0.0,1,8,-9900,?,9,-9900,?,9,17.51,E,8,17.2,E,8,98.0,E,8,964.3861999999999,E,8,999.0,E,8,1.26,E,8,-9900,?,9,-9900,?,9,0.001,E,8,-9900,?,9,-9900,?,9,0.01,99.0,E,8
05/02/2018,08:00,406.027,1344.266,49.35,1,8,0.0,1,8,49.35,1,8,5922.0,1,8,0.0,1,8,5428.5,1,8,52.158,1,8,-9900,?,9,-9900,?,9,17.27,E,8,17.12,E,8,99.0,E,8,964.3861999999999,E,8,999.0,E,8,1.46,E,8,-9900,?,9,-9900,?,9,0.003,E,8,-9900,?,9,-9900,?,9,0.03,99.0,E,8
05/02/2018,09:00,667.636,1344.266,145.23,1,8,0.0,1,8,145.23,1,8,17427.6,1,8,0.0,1,8,15975.3,1,8,93.162,1,8,-9900,?,9,-9900,?,9,20.52,E,8,18.18,E,8,88.0,E,8,964.3861999999999,E,8,999.0,E,8,1.26,E,8,-9900,?,9,-9900,?,9,0.033,E,8,-9900,?,9,-9900,?,9,0.33,99.0,E,8
05/02/2018,10:00,875.275,1344.266,230.66,1,8,8.07,1,8,225.407,1,8,27679.2,1,8,766.667,1,8,24794.821,1,8,110.238,1,8,-9900,?,9,-9900,?,9,22.01,E,8,18.65,E,8,92.0,E,8,964.3861999999999,E,8,999.0,E,8,1.26,E,8,-9900,?,9,-9900,?,9,2.946,E,8,-9900,?,9,-9900,?,9,29.46,99.0,E,8
05/02/2018,11:00,1014.573,1344.266,294.72,1,8,12.303,1,8,285.436,1,8,35366.4,1,8,1168.818,1,8,31397.984,1,8,120.409,1,8,-9900,?,9,-9900,?,9,23.29,E,8,19.04,E,8,80.0,E,8,964.3861999999999,E,8,999.0,E,8,1.26,E,8,-9900,?,9,-9900,?,9,0.095,E,8,-9900,?,9,-9900,?,9,0.95,99.0,E,8
05/02/2018,12:00,1075.98,1344.266,331.96,1,8,21.969,1,8,314.379,1,8,39835.2,1,8,2087.019,1,8,34581.661,1,8,125.042,1,8,-9900,?,9,-9900,?,9,24.31,E,8,19.34,E,8,77.0,E,8,964.3861999999999,E,8,999.0,E,8,1.26,E,8,-9900,?,9,-9900,?,9,0.049,E,8,-9900,?,9,-9900,?,9,0.49,99.0,E,8
05/02/2018,13:00,1055.295,1344.266,339.53,1,8,34.811,1,8,312.207,1,8,40743.6,1,8,3307.029,1,8,34342.802,1,8,126.615,1,8,-9900,?,9,-9900,?,9,25.03,E,8,19.56,E,8,75.0,E,8,964.3861999999999,E,8,999.0,E,8,1.26,E,8,-9900,?,9,-9900,?,9,0.012,E,8,-9900,?,9,-9900,?,9,0.12,99.0,E,8
05/02/2018,14:00,953.938,1344.266,316.86,1,8,20.754,1,8,302.137,1,8,38023.2,1,8,1971.587,1,8,33235.05,1,8,135.564,1,8,-9900,?,9,-9900,?,9,25.43,E,8,19.67,E,8,70.0,E,8,964.3861999999999,E,8,999.0,E,8,1.26,E,8,-9900,?,9,-9900,?,9,0.0,E,8,-9900,?,9,-9900,?,9,0.0,0.0,E,8
05/02/2018,15:00,778.851,1344.266,265.66,1,8,26.143,1,8,250.522,1,8,31879.2,1,8,2483.551,1,8,27557.428,1,8,137.714,1,8,-9900,?,9,-9900,?,9,25.52,E,8,19.7,E,8,74.0,E,8,964.3861999999999,E,8,999.0,E,8,1.26,E,8,-9900,?,9,-9900,?,9,0.004,E,8,-9900,?,9,-9900,?,9,0.04,99.0,E,8
05/02/2018,16:00,542.076,1344.266,190.01,1,8,64.882,1,8,163.886,1,8,22801.2,1,8,6163.772,1,8,18027.417,1,8,129.559,1,8,-9900,?,9,-9900,?,9,25.16,E,8,19.6,E,8,75.0,E,8,964.3861999999999,E,8,999.0,E,8,1.26,E,8,-9900,?,9,-9900,?,9,0.015,E,8,-9900,?,9,-9900,?,9,0.15,99.0,E,8
05/02/2018,17:00,260.298,1344.266,97.22,1,8,124.741,1,8,73.24,1,8,11666.4,1,8,11850.411,1,8,8056.407,1,8,121.272,1,8,-9900,?,9,-9900,?,9,24.35,E,8,19.36,E,8,77.0,E,8,964.3861999999999,E,8,999.0,E,8,1.26,E,8,-9900,?,9,-9900,?,9,0.075,E,8,-9900,?,9,-9900,?,9,0.75,99.0,E,8
05/02/2018,18:00,0.0,1344.266,9.43,1,8,0.0,1,8,0.0,1,8,1131.6,1,8,0.0,1,8,0.0,1,8,-0.0,1,8,-9900,?,9,-9900,?,9,23.62,E,8,19.14,E,8,83.0,E,8,964.3861999999999,E,8,999.0,E,8,1.26,E,8,-9900,?,9,-9900,?,9,0.124,E,8,-9900,?,9,-9900,?,9,1.24,99.0,E,8
05/02/2018,19:00,0.0,1344.266,0.0,1,8,0.0,1,8,0.0,1,8,0.0,1,8,0.0,1,8,0.0,1,8,-0.0,1,8,-9900,?,9,-9900,?,9,22.9,E,8,18.92,E,8,81.0,E,8,964.3861999999999,E,8,999.0,E,8,1.26,E,8,-9900,?,9,-9900,?,9,0.022,E,8,-9900,?,9,-9900,?,9,0.22,99.0,E,8
05/02/2018,20:00,0.0,1344.266,0.0,1,8,0.0,1,8,0.0,1,8,0.0,1,8,0.0,1,8,0.0,1,8,-0.0,1,8,-9900,?,9,-9900,?,9,22.18,E,8,18.7,E,8,83.0,E,8,964.3861999999999,E,8,999.0,E,8,1.26,E,8,-9900,?,9,-9900,?,9,0.061,E,8,-9900,?,9,-9900,?,9,0.61,99.0,E,8
05/02/2018,21:00,0.0,1344.266,0.0,1,8,0.0,1,8,0.0,1,8,0.0,1,8,0.0,1,8,0.0,1,8,-0.0,1,8,-9900,?,9,-9900,?,9,21.45,E,8,18.47,E,8,85.0,E,8,964.3861999999999,E,8,999.0,E,8,1.26,E,8,-9900,?,9,-9900,?,9,0.04,E,8,-9900,?,9,-9900,?,9,0.4,99.0,E,8
05/02/2018,22:00,0.0,1344.266,0.0,1,8,0.0,1,8,0.0,1,8,0.0,1,8,0.0,1,8,0.0,1,8,-0.0,1,8,-9900,?,9,-9900,?,9,20.73,E,8,18.25,E,8,91.0,E,8,964.3861999999999,E,8,999.0,E,8,1.26,E,8,-9900,?,9,-9900,?,9,0.172,E,8,-9900,?,9,-9900,?,9,1.72,99.0,E,8
05/02/2018,23:00,0.0,1344.266,0.0,1,8,0.0,1,8,0.0,1,8,0.0,1,8,0.0,1,8,0.0,1,8,-0.0,1,8,-9900,?,9,-9900,?,9,20.0,E,8,18.01,E,8,94.0,E,8,964.3861999999999,E,8,999.0,E,8,1.26,E,8,-9900,?,9,-9900,?,9,0.27799999999999997,E,8,-9900,?,9,-9900,?,9,2.78,99.0,E,8
05/02/2018,24:00,0.0,1344.266,0.0,1,8,0.0,1,8,0.0,1,8,0.0,1,8,0.0,1,8,0.0,1,8,-0.0,1,8,-9900,?,9,-9900,?,9,19.28,E,8,18.32,E,8,91.0,E,8,964.3861999999999,E,8,999.0,E,8,0.61,E,8,-9900,?,9,-9900,?,9,0.0,E,8,-9900,?,9,-9900,?,9,0.0,0.0,E,8
05/03/2018,01:00,0.0,1344.266,0.0,1,8,0.0,1,8,0.0,1,8,0.0,1,8,0.0,1,8,0.0,1,8,-0.0,1,8,-9900,?,9,-9900,?,9,18.91,E,8,18.07,E,8,92.0,E,8,964.3861999999999,E,8,999.0,E,8,0.61,E,8,-9900,?,9,-9900,?,9,0.0,E,8,-9900,?,9,-9900,?,9,0.0,0.0,E,8
05/03/2018,02:00,0.0,1344.266,0.0,1,8,0.0,1,8,0.0,1,8,0.0,1,8,0.0,1,8,0.0,1,8,-0.0,1,8,-9900,?,9,-9900,?,9,18.55,E,8,17.84,E,8,92.0,E,8,964.3861999999999,E,8,999.0,E,8,0.61,E,8,-9900,?,9,-9900,?,9,0.0,E,8,-9900,?,9,-9900,?,9,0.0,0.0,E,8
05/03/2018,03:00,0.0,1344.266,0.0,1,8,0.0,1,8,0.0,1,8,0.0,1,8,0.0,1,8,0.0,1,8,-0.0,1,8,-9900,?,9,-9900,?,9,18.19,E,8,17.59,E,8,93.0,E,8,964.3861999999999,E,8,999.0,E,8,0.61,E,8,-9900,?,9,-9900,?,9,0.0,E,8,-9900,?,9,-9900,?,9,0.0,0.0,E,8
05/03/2018,04:00,0.0,1343.58,0.0,1,8,0.0,1,8,0.0,1,8,0.0,1,8,0.0,1,8,0.0,1,8,-0.0,1,8,-9900,?,9,-9900,?,9,17.83,E,8,17.35,E,8,98.0,E,8,964.3861999999999,E,8,999.0,E,8,0.61,E,8,-9900,?,9,-9900,?,9,0.001,E,8,-9900,?,9,-9900,?,9,0.01,99.0,E,8
05/03/2018,05:00,0.0,1343.58,0.0,1,8,0.0,1,8,0.0,1,8,0.0,1,8,0.0,1,8,0.0,1,8,-0.0,1,8,-9900,?,9,-9900,?,9,17.46,E,8,17.09,E,8,94.0,E,8,964.3861999999999,E,8,999.0,E,8,0.61,E,8,-9900,?,9,-9900,?,9,0.0,E,8,-9900,?,9,-9900,?,9,0.0,0.0,E,8
05/03/2018,06:00,0.0,1343.58,0.0,1,8,0.0,1,8,0.0,1,8,0.0,1,8,0.0,1,8,0.0,1,8,-0.0,1,8,-9900,?,9,-9900,?,9,17.18,E,8,16.89,E,8,99.0,E,8,964.3861999999999,E,8,999.0,E,8,0.61,E,8,-9900,?,9,-9900,?,9,0.022,E,8,-9900,?,9,-9900,?,9,0.22,99.0,E,8
05/03/2018,07:00,108.104,1343.58,0.0,1,8,0.0,1,8,0.0,1,8,0.0,1,8,0.0,1,8,0.0,1,8,0.0,1,8,-9900,?,9,-9900,?,9,16.95,E,8,16.73,E,8,95.0,E,8,964.3861999999999,E,8,999.0,E,8,0.61,E,8,-9900,?,9,-9900,?,9,0.0,E,8,-9900,?,9,-9900,?,9,0.0,0.0,E,8
05/03/2018,08:00,403.152,1343.58,50.16,1,8,0.0,1,8,50.16,1,8,6019.2,1,8,0.0,1,8,5517.6,1,8,53.367,1,8,-9900,?,9,-9900,?,9,16.71,E,8,16.56,E,8,95.0,E,8,964.3861999999999,E,8,999.0,E,8,0.61,E,8,-9900,?,9,-9900,?,9,0.0,E,8,-9900,?,9,-9900,?,9,0.0,0.0,E,8
05/03/2018,09:00,664.163,1343.58,148.6,1,8,0.455,1,8,148.376,1,8,17832.0,1,8,43.183,1,8,16321.306,1,8,95.63,1,8,-9900,?,9,-9900,?,9,20.21,E,8,18.91,E,8,90.0,E,8,964.3861999999999,E,8,999.0,E,8,0.61,E,8,-9900,?,9,-9900,?,9,0.0,E,8,-9900,?,9,-9900,?,9,0.0,0.0,E,8
05/03/2018,10:00,871.284,1343.58,236.33,1,8,9.111,1,8,230.424,1,8,28359.6,1,8,865.557,1,8,25346.641,1,8,113.151,1,8,-9900,?,9,-9900,?,9,21.81,E,8,19.89,E,8,87.0,E,8,964.3861999999999,E,8,999.0,E,8,0.61,E,8,-9900,?,9,-9900,?,9,0.0,E,8,-9900,?,9,-9900,?,9,0.0,0.0,E,8
05/03/2018,11:00,1010.177,1343.58,302.11,1,8,13.616,1,8,291.875,1,8,36253.2,1,8,1293.565,1,8,32106.217,1,8,123.598,1,8,-9900,?,9,-9900,?,9,23.2,E,8,20.7,E,8,84.0,E,8,964.3861999999999,E,8,999.0,E,8,0.78,E,8,-9900,?,9,-9900,?,9,0.0,E,8,-9900,?,9,-9900,?,9,0.0,0.0,E,8
05/03/2018,12:00,1071.319,1343.58,340.32,1,8,24.322,1,8,320.93,1,8,40838.4,1,8,2310.6,1,8,35302.273,1,8,128.138,1,8,-9900,?,9,-9900,?,9,24.29,E,8,21.31,E,8,82.0,E,8,964.3861999999999,E,8,999.0,E,8,1.04,E,8,-9900,?,9,-9900,?,9,0.0,E,8,-9900,?,9,-9900,?,9,0.0,0.0,E,8
05/03/2018,13:00,1050.529,1343.58,348.04,1,8,28.581,1,8,325.697,1,8,41764.8,1,8,2715.163,1,8,35826.704,1,8,132.618,1,8,-9900,?,9,-9900,?,9,25.07,E,8,21.73,E,8,81.0,E,8,964.3861999999999,E,8,999.0,E,8,1.9,E,8,-9900,?,9,-9900,?,9,0.0,E,8,-9900,?,9,-9900,?,9,0.0,0.0,E,8
05/03/2018,14:00,949.231,1343.58,324.69,1,8,23.425,1,8,308.145,1,8,38962.8,1,8,2225.378,1,8,33895.976,1,8,138.875,1,8,-9900,?,9,-9900,?,9,25.51,E,8,21.96,E,8,80.0,E,8,964.3861999999999,E,8,999.0,E,8,2.66,E,8,-9900,?,9,-9900,?,9,0.0,E,8,-9900,?,9,-9900,?,9,0.0,0.0,E,8
05/03/2018,15:00,774.366,1343.58,272.04,1,8,29.919,1,8,254.807,1,8,32644.8,1,8,2842.291,1,8,28028.723,1,8,140.81,1,8,-9900,?,9,-9900,?,9,25.61,E,8,22.01,E,8,84.0,E,8,964.3861999999999,E,8,999.0,E,8,2.22,E,8,-9900,?,9,-9900,?,9,0.003,E,8,-9900,?,9,-9900,?,9,0.03,99.0,E,8
05/03/2018,16:00,537.961,1343.58,194.27,1,8,75.061,1,8,164.262,1,8,23312.4,1,8,7130.748,1,8,18068.826,1,8,130.786,1,8,-9900,?,9,-9900,?,9,25.22,E,8,21.81,E,8,85.0,E,8,964.3861999999999,E,8,999.0,E,8,2.44,E,8,-9900,?,9,-9900,?,9,0.01,E,8,-9900,?,9,-9900,?,9,0.1,99.0,E,8
05/03/2018,17:00,256.689,1343.58,98.94,1,8,142.649,1,8,71.889,1,8,11872.8,1,8,13551.698,1,8,7907.804,1,8,120.671,1,8,-9900,?,9,-9900,?,9,24.34,E,8,21.33,E,8,90.0,E,8,964.3861999999999,E,8,999.0,E,8,2.12,E,8,-9900,?,9,-9900,?,9,0.458,E,8,-9900,?,9,-9900,?,9,4.58,99.0,E,8
05/03/2018,18:00,0.0,1343.58,9.15,1,8,0.0,1,8,0.0,1,8,1098.0,1,8,0.0,1,8,0.0,1,8,-0.0,1,8,-9900,?,9,-9900,?,9,23.6,E,8,20.92,E,8,88.0,E,8,964.3861999999999,E,8,999.0,E,8,1.54,E,8,-9900,?,9,-9900,?,9,0.001,E,8,-9900,?,9,-9900,?,9,0.01,99.0,E,8
05/03/2018,19:00,0.0,1343.58,0.0,1,8,0.0,1,8,0.0,1,8,0.0,1,8,0.0,1,8,0.0,1,8,-0.0,1,8,-9900,?,9,-9900,?,9,22.87,E,8,20.51,E,8,85.0,E,8,964.3861999999999,E,8,999.0,E,8,1.54,E,8,-9900,?,9,-9900,?,9,0.0,E,8,-9900,?,9,-9900,?,9,0.0,0.0,E,8
05/03/2018,20:00,0.0,1343.58,0.0,1,8,0.0,1,8,0.0,1,8,0.0,1,8,0.0,1,8,0.0,1,8,-0.0,1,8,-9900,?,9,-9900,?,9,22.13,E,8,20.08,E,8,86.0,E,8,964.3861999999999,E,8,999.0,E,8,2.3,E,8,-9900,?,9,-9900,?,9,0.0,E,8,-9900,?,9,-9900,?,9,0.0,0.0,E,8
05/03/2018,21:00,0.0,1343.58,0.0,1,8,0.0,1,8,0.0,1,8,0.0,1,8,0.0,1,8,0.0,1,8,-0.0,1,8,-9900,?,9,-9900,?,9,21.4,E,8,19.65,E,8,87.0,E,8,964.3861999999999,E,8,999.0,E,8,1.52,E,8,-9900,?,9,-9900,?,9,0.0,E,8,-9900,?,9,-9900,?,9,0.0,0.0,E,8
05/03/2018,22:00,0.0,1343.58,0.0,1,8,0.0,1,8,0.0,1,8,0.0,1,8,0.0,1,8,0.0,1,8,-0.0,1,8,-9900,?,9,-9900,?,9,20.66,E,8,19.19,E,8,93.0,E,8,964.3861999999999,E,8,999.0,E,8,2.06,E,8,-9900,?,9,-9900,?,9,0.005,E,8,-9900,?,9,-9900,?,9,0.05,99.0,E,8
05/03/2018,23:00,0.0,1343.58,0.0,1,8,0.0,1,8,0.0,1,8,0.0,1,8,0.0,1,8,0.0,1,8,-0.0,1,8,-9900,?,9,-9900,?,9,19.93,E,8,18.74,E,8,90.0,E,8,964.3861999999999,E,8,999.0,E,8,1.55,E,8,-9900,?,9,-9900,?,9,0.0,E,8,-9900,?,9,-9900,?,9,0.0,0.0,E,8
05/03/2018,24:00,0.0,1343.58,0.0,1,8,0.0,1,8,0.0,1,8,0.0,1,8,0.0,1,8,0.0,1,8,-0.0,1,8,-9900,?,9,-9900,?,9,19.2,E,8,15.54,E,8,79.0,E,8,964.3861999999999,E,8,999.0,E,8,1.57,E,8,-9900,?,9,-9900,?,9,0.0,E,8,-9900,?,9,-9900,?,9,0.0,0.0,E,8
05/04/2018,01:00,0.0,1343.58,0.0,1,8,0.0,1,8,0.0,1,8,0.0,1,8,0.0,1,8,0.0,1,8,-0.0,1,8,-9900,?,9,-9900,?,9,18.83,E,8,15.41,E,8,80.0,E,8,964.3861999999999,E,8,999.0,E,8,0.85,E,8,-9900,?,9,-9900,?,9,0.0,E,8,-9900,?,9,-9900,?,9,0.0,0.0,E,8
05/04/2018,02:00,0.0,1343.58,0.0,1,8,0.0,1,8,0.0,1,8,0.0,1,8,0.0,1,8,0.0,1,8,-0.0,1,8,-9900,?,9,-9900,?,9,18.46,E,8,15.28,E,8,81.0,E,8,964.3861999999999,E,8,999.0,E,8,0.82,E,8,-9900,?,9,-9900,?,9,0.0,E,8,-9900,?,9,-9900,?,9,0.0,0.0,E,8
05/04/2018,03:00,0.0,1343.58,0.0,1,8,0.0,1,8,0.0,1,8,0.0,1,8,0.0,1,8,0.0,1,8,-0.0,1,8,-9900,?,9,-9900,?,9,18.09,E,8,15.15,E,8,82.0,E,8,964.3861999999999,E,8,999.0,E,8,0.82,E,8,-9900,?,9,-9900,?,9,0.0,E,8,-9900,?,9,-9900,?,9,0.0,0.0,E,8
05/04/2018,04:00,0.0,1342.902,0.0,1,8,0.0,1,8,0.0,1,8,0.0,1,8,0.0,1,8,0.0,1,8,-0.0,1,8,-9900,?,9,-9900,?,9,17.73,E,8,15.02,E,8,84.0,E,8,964.3861999999999,E,8,999.0,E,8,0.82,E,8,-9900,?,9,-9900,?,9,0.0,E,8,-9900,?,9,-9900,?,9,0.0,0.0,E,8
05/04/2018,05:00,0.0,1342.902,0.0,1,8,0.0,1,8,0.0,1,8,0.0,1,8,0.0,1,8,0.0,1,8,-0.0,1,8,-9900,?,9,-9900,?,9,17.36,E,8,14.89,E,8,85.0,E,8,964.3861999999999,E,8,999.0,E,8,0.82,E,8,-9900,?,9,-9900,?,9,0.0,E,8,-9900,?,9,-9900,?,9,0.0,0.0,E,8
05/04/2018,06:00,0.0,1342.902,0.0,1,8,0.0,1,8,0.0,1,8,0.0,1,8,0.0,1,8,0.0,1,8,-0.0,1,8,-9900,?,9,-9900,?,9,17.08,E,8,14.79,E,8,86.0,E,8,964.3861999999999,E,8,999.0,E,8,0.82,E,8,-9900,?,9,-9900,?,9,0.0,E,8,-9900,?,9,-9900,?,9,0.0,0.0,E,8
05/04/2018,07:00,105.901,1342.902,0.0,1,8,0.0,1,8,0.0,1,8,0.0,1,8,0.0,1,8,0.0,1,8,0.0,1,8,-9900,?,9,-9900,?,9,16.83,E,8,14.7,E,8,87.0,E,8,964.3861999999999,E,8,999.0,E,8,1.01,E,8,-9900,?,9,-9900,?,9,0.0,E,8,-9900,?,9,-9900,?,9,0.0,0.0,E,8
05/04/2018,08:00,400.271,1342.902,99.05,1,8,0.0,1,8,99.05,1,8,11886.0,1,8,0.0,1,8,10895.5,1,8,106.092,1,8,-9900,?,9,-9900,?,9,16.59,E,8,14.61,E,8,88.0,E,8,964.3861999999999,E,8,999.0,E,8,1.69,E,8,-9900,?,9,-9900,?,9,0.0,E,8,-9900,?,9,-9900,?,9,0.0,0.0,E,8
05/04/2018,09:00,660.693,1342.902,300.39,1,8,162.658,1,8,220.437,1,8,36046.8,1,8,15452.544,1,8,24248.087,1,8,142.75,1,8,-9900,?,9,-9900,?,9,20.51,E,8,15.99,E,8,75.0,E,8,964.3861999999999,E,8,999.0,E,8,2.65,E,8,-9900,?,9,-9900,?,9,0.0,E,8,-9900,?,9,-9900,?,9,0.0,0.0,E,8
05/04/2018,10:00,867.307,1342.902,493.1,1,8,315.811,1,8,289.219,1,8,59172.0,1,8,30002.033,1,8,31814.055,1,8,142.602,1,8,-9900,?,9,-9900,?,9,22.43,E,8,16.62,E,8,69.0,E,8,964.3861999999999,E,8,999.0,E,8,2.85,E,8,-9900,?,9,-9900,?,9,0.0,E,8,-9900,?,9,-9900,?,9,0.0,0.0,E,8
05/04/2018,11:00,1005.807,1342.902,645.86,1,8,524.919,1,8,252.796,1,8,77503.2,1,8,49867.339,1,8,27807.565,1,8,107.461,1,8,-9900,?,9,-9900,?,9,24.14,E,8,17.17,E,8,65.0,E,8,964.3861999999999,E,8,999.0,E,8,3.05,E,8,-9900,?,9,-9900,?,9,0.0,E,8,-9900,?,9,-9900,?,9,0.0,0.0,E,8
05/04/2018,12:00,1066.698,1342.902,725.24,1,8,593.172,1,8,254.151,1,8,87028.8,1,8,56351.349,1,8,27956.581,1,8,101.864,1,8,-9900,?,9,-9900,?,9,25.48,E,8,17.59,E,8,61.0,E,8,964.3861999999999,E,8,999.0,E,8,3.76,E,8,-9900,?,9,-9900,?,9,0.0,E,8,-9900,?,9,-9900,?,9,0.0,0.0,E,8
05/04/2018,13:00,1045.814,1342.902,750.14,1,8,704.69,1,8,201.452,1,8,90016.8,1,8,66945.518,1,8,22159.709,1,8,82.356,1,8,-9900,?,9,-9900,?,9,26.46,E,8,17.88,E,8,59.0,E,8,964.3861999999999,E,8,999.0,E,8,4.52,E,8,-9900,?,9,-9900,?,9,0.0,E,8,-9900,?,9,-9900,?,9,0.0,0.0,E,8
05/04/2018,14:00,944.589,1342.902,712.88,1,8,876.199,1,8,96.752,1,8,85545.6,1,8,83238.888,1,8,10642.676,1,8,43.797,1,8,-9900,?,9,-9900,?,9,27.05,E,8,18.06,E,8,57.0,E,8,964.3861999999999,E,8,999.0,E,8,5.61,E,8,-9900,?,9,-9900,?,9,0.0,E,8,-9900,?,9,-9900,?,9,0.0,0.0,E,8
05/04/2018,15:00,769.957,1342.902,597.37,1,8,819.227,1,8,127.945,1,8,71684.4,1,8,77826.543,1,8,14073.928,1,8,71.074,1,8,-9900,?,9,-9900,?,9,27.21,E,8,18.11,E,8,57.0,E,8,964.3861999999999,E,8,999.0,E,8,4.68,E,8,-9900,?,9,-9900,?,9,0.0,E,8,-9900,?,9,-9900,?,9,0.0,0.0,E,8
05/04/2018,16:00,533.931,1342.902,429.17,1,8,729.355,1,8,139.632,1,8,51500.4,1,8,69288.689,1,8,15359.471,1,8,111.961,1,8,-9900,?,9,-9900,?,9,26.79,E,8,17.98,E,8,58.0,E,8,964.3861999999999,E,8,999.0,E,8,3.95,E,8,-9900,?,9,-9900,?,9,0.0,E,8,-9900,?,9,-9900,?,9,0.0,0.0,E,8
05/04/2018,17:00,253.171,1342.902,221.71,1,8,521.061,1,8,124.225,1,8,26605.2,1,8,49500.771,1,8,13664.758,1,8,211.354,1,8,-9900,?,9,-9900,?,9,25.77,E,8,17.67,E,8,60.0,E,8,964.3861999999999,E,8,999.0,E,8,3.67,E,8,-9900,?,9,-9900,?,9,0.0,E,8,-9900,?,9,-9900,?,9,0.0,0.0,E,8
05/04/2018,18:00,0.0,1342.902,21.91,1,8,0.0,1,8,0.0,1,8,2629.2,1,8,0.0,1,8,0.0,1,8,-0.0,1,8,-9900,?,9,-9900,?,9,24.93,E,8,17.42,E,8,63.0,E,8,964.3861999999999,E,8,999.0,E,8,3.19,E,8,-9900,?,9,-9900,?,9,0.0,E,8,-9900,?,9,-9900,?,9,0.0,0.0,E,8
05/04/2018,19:00,0.0,1342.902,0.0,1,8,0.0,1,8,0.0,1,8,0.0,1,8,0.0,1,8,0.0,1,8,-0.0,1,8,-9900,?,9,-9900,?,9,24.08,E,8,17.15,E,8,65.0,E,8,964.3861999999999,E,8,999.0,E,8,2.84,E,8,-9900,?,9,-9900,?,9,0.0,E,8,-9900,?,9,-9900,?,9,0.0,0.0,E,8
05/04/2018,20:00,0.0,1342.902,0.0,1,8,0.0,1,8,0.0,1,8,0.0,1,8,0.0,1,8,0.0,1,8,-0.0,1,8,-9900,?,9,-9900,?,9,23.24,E,8,16.88,E,8,67.0,E,8,964.3861999999999,E,8,999.0,E,8,2.84,E,8,-9900,?,9,-9900,?,9,0.0,E,8,-9900,?,9,-9900,?,9,0.0,0.0,E,8
05/04/2018,21:00,0.0,1342.902,0.0,1,8,0.0,1,8,0.0,1,8,0.0,1,8,0.0,1,8,0.0,1,8,-0.0,1,8,-9900,?,9,-9900,?,9,22.4,E,8,16.61,E,8,69.0,E,8,964.3861999999999,E,8,999.0,E,8,2.38,E,8,-9900,?,9,-9900,?,9,0.0,E,8,-9900,?,9,-9900,?,9,0.0,0.0,E,8
05/04/2018,22:00,0.0,1342.902,0.0,1,8,0.0,1,8,0.0,1,8,0.0,1,8,0.0,1,8,0.0,1,8,-0.0,1,8,-9900,?,9,-9900,?,9,21.56,E,8,16.34,E,8,72.0,E,8,964.3861999999999,E,8,999.0,E,8,1.4,E,8,-9900,?,9,-9900,?,9,0.0,E,8,-9900,?,9,-9900,?,9,0.0,0.0,E,8
05/04/2018,23:00,0.0,1342.902,0.0,1,8,0.0,1,8,0.0,1,8,0.0,1,8,0.0,1,8,0.0,1,8,-0.0,1,8,-9900,?,9,-9900,?,9,20.72,E,8,16.06,E,8,74.0,E,8,964.3861999999999,E,8,999.0,E,8,1.71,E,8,-9900,?,9,-9900,?,9,0.0,E,8,-9900,?,9,-9900,?,9,0.0,0.0,E,8
05/04/2018,24:00,0.0,1342.902,0.0,1,8,0.0,1,8,0.0,1,8,0.0,1,8,0.0,1,8,0.0,1,8,-0.0,1,8,-9900,?,9,-9900,?,9,19.87,E,8,16.39,E,8,80.0,E,8,964.3861999999999,E,8,999.0,E,8,0.81,E,8,-9900,?,9,-9900,?,9,0.0,E,8,-9900,?,9,-9900,?,9,0.0,0.0,E,8
05/05/2018,01:00,0.0,1342.902,0.0,1,8,0.0,1,8,0.0,1,8,0.0,1,8,0.0,1,8,0.0,1,8,-0.0,1,8,-9900,?,9,-9900,?,9,19.45,E,8,16.28,E,8,81.0,E,8,964.3861999999999,E,8,999.0,E,8,0.84,E,8,-9900,?,9,-9900,?,9,0.0,E,8,-9900,?,9,-9900,?,9,0.0,0.0,E,8
05/05/2018,02:00,0.0,1342.902,0.0,1,8,0.0,1,8,0.0,1,8,0.0,1,8,0.0,1,8,0.0,1,8,-0.0,1,8,-9900,?,9,-9900,?,9,19.03,E,8,16.18,E,8,83.0,E,8,964.3861999999999,E,8,999.0,E,8,0.79,E,8,-9900,?,9,-9900,?,9,0.0,E,8,-9900,?,9,-9900,?,9,0.0,0.0,E,8
05/05/2018,03:00,0.0,1342.902,0.0,1,8,0.0,1,8,0.0,1,8,0.0,1,8,0.0,1,8,0.0,1,8,-0.0,1,8,-9900,?,9,-9900,?,9,18.61,E,8,16.07,E,8,85.0,E,8,964.3861999999999,E,8,999.0,E,8,0.88,E,8,-9900,?,9,-9900,?,9,0.0,E,8,-9900,?,9,-9900,?,9,0.0,0.0,E,8
05/05/2018,04:00,0.0,1342.23,0.0,1,8,0.0,1,8,0.0,1,8,0.0,1,8,0.0,1,8,0.0,1,8,-0.0,1,8,-9900,?,9,-9900,?,9,18.19,E,8,15.96,E,8,86.0,E,8,964.3861999999999,E,8,999.0,E,8,0.7,E,8,-9900,?,9,-9900,?,9,0.0,E,8,-9900,?,9,-9900,?,9,0.0,0.0,E,8
05/05/2018,05:00,0.0,1342.23,0.0,1,8,0.0,1,8,0.0,1,8,0.0,1,8,0.0,1,8,0.0,1,8,-0.0,1,8,-9900,?,9,-9900,?,9,17.77,E,8,15.84,E,8,88.0,E,8,964.3861999999999,E,8,999.0,E,8,0.7,E,8,-9900,?,9,-9900,?,9,0.0,E,8,-9900,?,9,-9900,?,9,0.0,0.0,E,8
05/05/2018,06:00,0.0,1342.23,0.0,1,8,0.0,1,8,0.0,1,8,0.0,1,8,0.0,1,8,0.0,1,8,-0.0,1,8,-9900,?,9,-9900,?,9,17.44,E,8,15.76,E,8,89.0,E,8,964.3861999999999,E,8,999.0,E,8,0.7,E,8,-9900,?,9,-9900,?,9,0.0,E,8,-9900,?,9,-9900,?,9,0.0,0.0,E,8
05/05/2018,07:00,103.692,1342.23,0.0,1,8,0.0,1,8,0.0,1,8,0.0,1,8,0.0,1,8,0.0,1,8,0.0,1,8,-9900,?,9,-9900,?,9,17.16,E,8,15.68,E,8,91.0,E,8,964.3861999999999,E,8,999.0,E,8,0.7,E,8,-9900,?,9,-9900,?,9,0.0,E,8,-9900,?,9,-9900,?,9,0.0,0.0,E,8
05/05/2018,08:00,397.387,1342.23,61.77,1,8,0.0,1,8,61.77,1,8,7412.4,1,8,0.0,1,8,6794.7,1,8,66.611,1,8,-9900,?,9,-9900,?,9,16.89,E,8,15.61,E,8,92.0,E,8,964.3861999999999,E,8,999.0,E,8,0.85,E,8,-9900,?,9,-9900,?,9,0.0,E,8,-9900,?,9,-9900,?,9,0.0,0.0,E,8
05/05/2018,09:00,657.227,1342.23,218.52,1,8,30.469,1,8,203.615,1,8,26222.4,1,8,2894.534,1,8,22397.617,1,8,132.487,1,8,-9900,?,9,-9900,?,9,20.78,E,8,16.63,E,8,77.0,E,8,964.3861999999999,E,8,999.0,E,8,1.68,E,8,-9900,?,9,-9900,?,9,0.0,E,8,-9900,?,9,-9900,?,9,0.0,0.0,E,8
05/05/2018,10:00,863.345,1342.23,348.53,1,8,74.149,1,8,300.856,1,8,41823.6,1,8,7044.173,1,8,33094.145,1,8,148.947,1,8,-9900,?,9,-9900,?,9,22.71,E,8,17.11,E,8,70.0,E,8,964.3861999999999,E,8,999.0,E,8,2.23,E,8,-9900,?,9,-9900,?,9,0.0,E,8,-9900,?,9,-9900,?,9,0.0,0.0,E,8
05/05/2018,11:00,1001.465,1342.23,445.96,1,8,78.075,1,8,387.72,1,8,53515.2,1,8,7417.116,1,8,42649.241,1,8,165.448,1,8,-9900,?,9,-9900,?,9,24.36,E,8,17.51,E,8,65.0,E,8,964.3861999999999,E,8,999.0,E,8,2.13,E,8,-9900,?,9,-9900,?,9,0.0,E,8,-9900,?,9,-9900,?,9,0.0,0.0,E,8
05/05/2018,12:00,1062.118,1342.23,502.5,1,8,115.375,1,8,411.219,1,8,60300.0,1,8,10960.663,1,8,45234.038,1,8,165.445,1,8,-9900,?,9,-9900,?,9,25.66,E,8,17.82,E,8,61.0,E,8,964.3861999999999,E,8,999.0,E,8,2.58,E,8,-9900,?,9,-9900,?,9,0.0,E,8,-9900,?,9,-9900,?,9,0.0,0.0,E,8
05/05/2018,13:00,1041.155,1342.23,513.81,1,8,138.704,1,8,406.24,1,8,61657.2,1,8,13176.877,1,8,44686.354,1,8,166.736,1,8,-9900,?,9,-9900,?,9,26.57,E,8,18.04,E,8,59.0,E,8,964.3861999999999,E,8,999.0,E,8,2.43,E,8,-9900,?,9,-9900,?,9,0.0,E,8,-9900,?,9,-9900,?,9,0.0,0.0,E,8
05/05/2018,14:00,940.015,1342.23,479.03,1,8,140.01,1,8,381.006,1,8,57483.6,1,8,13300.91,1,8,41910.647,1,8,173.223,1,8,-9900,?,9,-9900,?,9,27.09,E,8,18.16,E,8,58.0,E,8,964.3861999999999,E,8,999.0,E,8,2.52,E,8,-9900,?,9,-9900,?,9,0.0,E,8,-9900,?,9,-9900,?,9,0.0,0.0,E,8
05/05/2018,15:00,765.626,1342.23,400.81,1,8,299.263,1,8,230.21,1,8,48097.2,1,8,28429.976,1,8,25323.115,1,8,128.543,1,8,-9900,?,9,-9900,?,9,27.21,E,8,18.19,E,8,57.0,E,8,964.3861999999999,E,8,999.0,E,8,2.21,E,8,-9900,?,9,-9900,?,9,0.0,E,8,-9900,?,9,-9900,?,9,0.0,0.0,E,8
05/05/2018,16:00,529.988,1342.23,285.39,1,8,378.699,1,8,136.094,1,8,34246.8,1,8,35976.402,1,8,14970.34,1,8,109.884,1,8,-9900,?,9,-9900,?,9,26.76,E,8,18.08,E,8,58.0,E,8,964.3861999999999,E,8,999.0,E,8,2.98,E,8,-9900,?,9,-9900,?,9,0.0,E,8,-9900,?,9,-9900,?,9,0.0,0.0,E,8
05/05/2018,17:00,249.744,1342.23,144.03,1,8,349.954,1,8,79.425,1,8,17283.6,1,8,33245.597,1,8,8736.696,1,8,136.945,1,8,-9900,?,9,-9900,?,9,25.73,E,8,17.84,E,8,61.0,E,8,964.3861999999999,E,8,999.0,E,8,1.99,E,8,-9900,?,9,-9900,?,9,0.0,E,8,-9900,?,9,-9900,?,9,0.0,0.0,E,8
05/05/2018,18:00,0.0,1342.23,12.1,1,8,0.0,1,8,0.0,1,8,1452.0,1,8,0.0,1,8,0.0,1,8,-0.0,1,8,-9900,?,9,-9900,?,9,24.95,E,8,17.65,E,8,63.0,E,8,964.3861999999999,E,8,999.0,E,8,1.71,E,8,-9900,?,9,-9900,?,9,0.0,E,8,-9900,?,9,-9900,?,9,0.0,0.0,E,8
05/05/2018,19:00,0.0,1342.23,0.0,1,8,0.0,1,8,0.0,1,8,0.0,1,8,0.0,1,8,0.0,1,8,-0.0,1,8,-9900,?,9,-9900,?,9,24.17,E,8,17.47,E,8,66.0,E,8,964.3861999999999,E,8,999.0,E,8,2.02,E,8,-9900,?,9,-9900,?,9,0.0,E,8,-9900,?,9,-9900,?,9,0.0,0.0,E,8
05/05/2018,20:00,0.0,1342.23,0.0,1,8,0.0,1,8,0.0,1,8,0.0,1,8,0.0,1,8,0.0,1,8,-0.0,1,8,-9900,?,9,-9900,?,9,23.38,E,8,17.27,E,8,68.0,E,8,964.3861999999999,E,8,999.0,E,8,1.23,E,8,-9900,?,9,-9900,?,9,0.0,E,8,-9900,?,9,-9900,?,9,0.0,0.0,E,8
05/05/2018,21:00,0.0,1342.23,0.0,1,8,0.0,1,8,0.0,1,8,0.0,1,8,0.0,1,8,0.0,1,8,-0.0,1,8,-9900,?,9,-9900,?,9,22.6,E,8,17.08,E,8,71.0,E,8,964.3861999999999,E,8,999.0,E,8,0.87,E,8,-9900,?,9,-9900,?,9,0.0,E,8,-9900,?,9,-9900,?,9,0.0,0.0,E,8
05/05/2018,22:00,0.0,1342.23,0.0,1,8,0.0,1,8,0.0,1,8,0.0,1,8,0.0,1,8,0.0,1,8,-0.0,1,8,-9900,?,9,-9900,?,9,21.82,E,8,16.89,E,8,73.0,E,8,964.3861999999999,E,8,999.0,E,8,0.83,E,8,-9900,?,9,-9900,?,9,0.0,E,8,-9900,?,9,-9900,?,9,0.0,0.0,E,8
05/05/2018,23:00,0.0,1342.23,0.0,1,8,0.0,1,8,0.0,1,8,0.0,1,8,0.0,1,8,0.0,1,8,-0.0,1,8,-9900,?,9,-9900,?,9,21.04,E,8,16.69,E,8,76.0,E,8,964.3861999999999,E,8,999.0,E,8,0.7,E,8,-9900,?,9,-9900,?,9,0.0,E,8,-9900,?,9,-9900,?,9,0.0,0.0,E,8
05/05/2018,24:00,0.0,1342.23,0.0,1,8,0.0,1,8,0.0,1,8,0.0,1,8,0.0,1,8,0.0,1,8,-0.0,1,8,-9900,?,9,-9900,?,9,20.26,E,8,16.79,E,8,80.0,E,8,964.3861999999999,E,8,999.0,E,8,1.24,E,8,-9900,?,9,-9900,?,9,0.0,E,8,-9900,?,9,-9900,?,9,0.0,0.0,E,8
05/06/2018,01:00,0.0,1342.23,0.0,1,8,0.0,1,8,0.0,1,8,0.0,1,8,0.0,1,8,0.0,1,8,-0.0,1,8,-9900,?,9,-9900,?,9,19.87,E,8,16.71,E,8,81.0,E,8,964.3861999999999,E,8,999.0,E,8,1.24,E,8,-9900,?,9,-9900,?,9,0.0,E,8,-9900,?,9,-9900,?,9,0.0,0.0,E,8
05/06/2018,02:00,0.0,1342.23,0.0,1,8,0.0,1,8,0.0,1,8,0.0,1,8,0.0,1,8,0.0,1,8,-0.0,1,8,-9900,?,9,-9900,?,9,19.48,E,8,16.64,E,8,83.0,E,8,964.3861999999999,E,8,999.0,E,8,1.24,E,8,-9900,?,9,-9900,?,9,0.0,E,8,-9900,?,9,-9900,?,9,0.0,0.0,E,8
05/06/2018,03:00,0.0,1342.23,0.0,1,8,0.0,1,8,0.0,1,8,0.0,1,8,0.0,1,8,0.0,1,8,-0.0,1,8,-9900,?,9,-9900,?,9,19.08,E,8,16.56,E,8,85.0,E,8,964.3861999999999,E,8,999.0,E,8,1.24,E,8,-9900,?,9,-9900,?,9,0.0,E,8,-9900,?,9,-9900,?,9,0.0,0.0,E,8
05/06/2018,04:00,0.0,1341.567,0.0,1,8,0.0,1,8,0.0,1,8,0.0,1,8,0.0,1,8,0.0,1,8,-0.0,1,8,-9900,?,9,-9900,?,9,18.69,E,8,16.48,E,8,86.0,E,8,964.3861999999999,E,8,999.0,E,8,1.24,E,8,-9900,?,9,-9900,?,9,0.0,E,8,-9900,?,9,-9900,?,9,0.0,0.0,E,8
05/06/2018,05:00,0.0,1341.567,0.0,1,8,0.0,1,8,0.0,1,8,0.0,1,8,0.0,1,8,0.0,1,8,-0.0,1,8,-9900,?,9,-9900,?,9,18.3,E,8,16.41,E,8,88.0,E,8,964.3861999999999,E,8,999.0,E,8,1.24,E,8,-9900,?,9,-9900,?,9,0.0,E,8,-9900,?,9,-9900,?,9,0.0,0.0,E,8
05/06/2018,06:00,0.0,1341.567,0.0,1,8,0.0,1,8,0.0,1,8,0.0,1,8,0.0,1,8,0.0,1,8,-0.0,1,8,-9900,?,9,-9900,?,9,18.0,E,8,16.35,E,8,90.0,E,8,964.3861999999999,E,8,999.0,E,8,1.24,E,8,-9900,?,9,-9900,?,9,0.0,E,8,-9900,?,9,-9900,?,9,0.0,0.0,E,8
05/06/2018,07:00,101.477,1341.567,0.0,1,8,0.0,1,8,0.0,1,8,0.0,1,8,0.0,1,8,0.0,1,8,0.0,1,8,-9900,?,9,-9900,?,9,17.74,E,8,16.3,E,8,91.0,E,8,964.3861999999999,E,8,999.0,E,8,1.24,E,8,-9900,?,9,-9900,?,9,0.0,E,8,-9900,?,9,-9900,?,9,0.0,0.0,E,8
05/06/2018,08:00,394.501,1341.567,36.49,1,8,0.0,1,8,36.49,1,8,4378.8,1,8,0.0,1,8,4013.9,1,8,39.62,1,8,-9900,?,9,-9900,?,9,17.48,E,8,16.25,E,8,92.0,E,8,964.3861999999999,E,8,999.0,E,8,1.24,E,8,-9900,?,9,-9900,?,9,0.0,E,8,-9900,?,9,-9900,?,9,0.0,0.0,E,8
05/06/2018,09:00,653.768,1341.567,237.96,1,8,76.701,1,8,200.617,1,8,28555.2,1,8,7286.608,1,8,22067.906,1,8,131.164,1,8,-9900,?,9,-9900,?,9,20.48,E,8,16.83,E,8,79.0,E,8,964.3861999999999,E,8,999.0,E,8,1.24,E,8,-9900,?,9,-9900,?,9,0.0,E,8,-9900,?,9,-9900,?,9,0.0,0.0,E,8
05/06/2018,10:00,859.4,1341.567,282.94,1,8,30.201,1,8,263.602,1,8,33952.8,1,8,2869.074,1,8,28996.188,1,8,131.038,1,8,-9900,?,9,-9900,?,9,21.55,E,8,17.03,E,8,75.0,E,8,964.3861999999999,E,8,999.0,E,8,1.24,E,8,-9900,?,9,-9900,?,9,0.0,E,8,-9900,?,9,-9900,?,9,0.0,0.0,E,8
05/06/2018,11:00,997.154,1341.567,475.53,1,8,162.307,1,8,354.92,1,8,57063.6,1,8,15419.153,1,8,39041.202,1,8,152.032,1,8,-9900,?,9,-9900,?,9,23.13,E,8,17.32,E,8,69.0,E,8,964.3861999999999,E,8,999.0,E,8,1.24,E,8,-9900,?,9,-9900,?,9,0.0,E,8,-9900,?,9,-9900,?,9,0.0,0.0,E,8
05/06/2018,12:00,1057.582,1341.567,777.35,1,8,714.7,1,8,214.039,1,8,93282.0,1,8,67896.52,1,8,23544.324,1,8,86.441,1,8,-9900,?,9,-9900,?,9,25.4,E,8,17.74,E,8,62.0,E,8,964.3861999999999,E,8,999.0,E,8,1.24,E,8,-9900,?,9,-9900,?,9,0.0,E,8,-9900,?,9,-9900,?,9,0.0,0.0,E,8
05/06/2018,13:00,1036.554,1341.567,730.54,1,8,620.783,1,8,250.99,1,8,87664.8,1,8,58974.41,1,8,27608.95,1,8,103.422,1,8,-9900,?,9,-9900,?,9,26.74,E,8,17.98,E,8,58.0,E,8,964.3861999999999,E,8,999.0,E,8,1.24,E,8,-9900,?,9,-9900,?,9,0.0,E,8,-9900,?,9,-9900,?,9,0.0,0.0,E,8
05/06/2018,14:00,935.511,1341.567,501.7,1,8,268.802,1,8,314.315,1,8,60204.0,1,8,25536.152,1,8,34574.705,1,8,143.521,1,8,-9900,?,9,-9900,?,9,26.99,E,8,18.02,E,8,57.0,E,8,964.3861999999999,E,8,999.0,E,8,1.24,E,8,-9900,?,9,-9900,?,9,0.0,E,8,-9900,?,9,-9900,?,9,0.0,0.0,E,8
05/06/2018,15:00,761.376,1341.567,514.71,1,8,619.999,1,8,163.06,1,8,61765.2,1,8,58899.937,1,8,17936.631,1,8,91.512,1,8,-9900,?,9,-9900,?,9,27.2,E,8,18.06,E,8,57.0,E,8,964.3861999999999,E,8,999.0,E,8,1.24,E,8,-9900,?,9,-9900,?,9,0.0,E,8,-9900,?,9,-9900,?,9,0.0,0.0,E,8
05/06/2018,16:00,526.133,1341.567,301.2,1,8,526.037,1,8,95.23,1,8,36144.0,1,8,49973.496,1,8,10475.338,1,8,77.417,1,8,-9900,?,9,-9900,?,9,26.61,E,8,17.96,E,8,59.0,E,8,964.3861999999999,E,8,999.0,E,8,1.24,E,8,-9900,?,9,-9900,?,9,0.0,E,8,-9900,?,9,-9900,?,9,0.0,0.0,E,8
05/06/2018,17:00,246.409,1341.567,115.46,1,8,351.371,1,8,51.44,1,8,13855.2,1,8,33380.217,1,8,5658.448,1,8,89.869,1,8,-9900,?,9,-9900,?,9,25.45,E,8,17.75,E,8,62.0,E,8,964.3861999999999,E,8,999.0,E,8,1.72,E,8,-9900,?,9,-9900,?,9,0.0,E,8,-9900,?,9,-9900,?,9,0.0,0.0,E,8
05/06/2018,18:00,0.0,1341.567,25.1,1,8,0.0,1,8,0.0,1,8,3012.0,1,8,0.0,1,8,0.0,1,8,-0.0,1,8,-9900,?,9,-9900,?,9,24.76,E,8,17.62,E,8,64.0,E,8,964.3861999999999,E,8,999.0,E,8,1.43,E,8,-9900,?,9,-9900,?,9,0.0,E,8,-9900,?,9,-9900,?,9,0.0,0.0,E,8
05/06/2018,19:00,0.0,1341.567,0.0,1,8,0.0,1,8,0.0,1,8,0.0,1,8,0.0,1,8,0.0,1,8,-0.0,1,8,-9900,?,9,-9900,?,9,24.06,E,8,17.5,E,8,66.0,E,8,964.3861999999999,E,8,999.0,E,8,1.24,E,8,-9900,?,9,-9900,?,9,0.0,E,8,-9900,?,9,-9900,?,9,0.0,0.0,E,8
05/06/2018,20:00,0.0,1341.567,0.0,1,8,0.0,1,8,0.0,1,8,0.0,1,8,0.0,1,8,0.0,1,8,-0.0,1,8,-9900,?,9,-9900,?,9,23.37,E,8,17.37,E,8,69.0,E,8,964.3861999999999,E,8,999.0,E,8,1.24,E,8,-9900,?,9,-9900,?,9,0.0,E,8,-9900,?,9,-9900,?,9,0.0,0.0,E,8
05/06/2018,21:00,0.0,1341.567,0.0,1,8,0.0,1,8,0.0,1,8,0.0,1,8,0.0,1,8,0.0,1,8,-0.0,1,8,-9900,?,9,-9900,?,9,22.68,E,8,17.24,E,8,71.0,E,8,964.3861999999999,E,8,999.0,E,8,1.24,E,8,-9900,?,9,-9900,?,9,0.0,E,8,-9900,?,9,-9900,?,9,0.0,0.0,E,8
05/06/2018,22:00,0.0,1341.567,0.0,1,8,0.0,1,8,0.0,1,8,0.0,1,8,0.0,1,8,0.0,1,8,-0.0,1,8,-9900,?,9,-9900,?,9,21.98,E,8,17.11,E,8,73.0,E,8,964.3861999999999,E,8,999.0,E,8,1.24,E,8,-9900,?,9,-9900,?,9,0.0,E,8,-9900,?,9,-9900,?,9,0.0,0.0,E,8
05/06/2018,23:00,0.0,1341.567,0.0,1,8,0.0,1,8,0.0,1,8,0.0,1,8,0.0,1,8,0.0,1,8,-0.0,1,8,-9900,?,9,-9900,?,9,21.29,E,8,16.98,E,8,76.0,E,8,964.3861999999999,E,8,999.0,E,8,1.24,E,8,-9900,?,9,-9900,?,9,0.0,E,8,-9900,?,9,-9900,?,9,0.0,0.0,E,8
05/06/2018,24:00,0.0,1341.567,0.0,1,8,0.0,1,8,0.0,1,8,0.0,1,8,0.0,1,8,0.0,1,8,-0.0,1,8,-9900,?,9,-9900,?,9,20.6,E,8,16.42,E,8,76.0,E,8,964.3861999999999,E,8,999.0,E,8,1.05,E,8,-9900,?,9,-9900,?,9,0.0,E,8,-9900,?,9,-9900,?,9,0.0,0.0,E,8
05/07/2018,01:00,0.0,1341.567,0.0,1,8,0.0,1,8,0.0,1,8,0.0,1,8,0.0,1,8,0.0,1,8,-0.0,1,8,-9900,?,9,-9900,?,9,20.25,E,8,16.49,E,8,78.0,E,8,964.3861999999999,E,8,999.0,E,8,1.05,E,8,-9900,?,9,-9900,?,9,0.0,E,8,-9900,?,9,-9900,?,9,0.0,0.0,E,8
05/07/2018,02:00,0.0,1341.567,0.0,1,8,0.0,1,8,0.0,1,8,0.0,1,8,0.0,1,8,0.0,1,8,-0.0,1,8,-9900,?,9,-9900,?,9,19.91,E,8,16.57,E,8,81.0,E,8,964.3861999999999,E,8,999.0,E,8,1.05,E,8,-9900,?,9,-9900,?,9,0.0,E,8,-9900,?,9,-9900,?,9,0.0,0.0,E,8
05/07/2018,03:00,0.0,1341.567,0.0,1,8,0.0,1,8,0.0,1,8,0.0,1,8,0.0,1,8,0.0,1,8,-0.0,1,8,-9900,?,9,-9900,?,9,19.56,E,8,16.65,E,8,83.0,E,8,964.3861999999999,E,8,999.0,E,8,1.05,E,8,-9900,?,9,-9900,?,9,0.0,E,8,-9900,?,9,-9900,?,9,0.0,0.0,E,8
05/07/2018,04:00,0.0,1340.911,0.0,1,8,0.0,1,8,0.0,1,8,0.0,1,8,0.0,1,8,0.0,1,8,-0.0,1,8,-9900,?,9,-9900,?,9,19.21,E,8,16.72,E,8,85.0,E,8,964.3861999999999,E,8,999.0,E,8,1.05,E,8,-9900,?,9,-9900,?,9,0.0,E,8,-9900,?,9,-9900,?,9,0.0,0.0,E,8
05/07/2018,05:00,0.0,1340.911,0.0,1,8,0.0,1,8,0.0,1,8,0.0,1,8,0.0,1,8,0.0,1,8,-0.0,1,8,-9900,?,9,-9900,?,9,18.87,E,8,16.8,E,8,87.0,E,8,964.3861999999999,E,8,999.0,E,8,1.05,E,8,-9900,?,9,-9900,?,9,0.0,E,8,-9900,?,9,-9900,?,9,0.0,0.0,E,8
05/07/2018,06:00,0.0,1340.911,0.0,1,8,0.0,1,8,0.0,1,8,0.0,1,8,0.0,1,8,0.0,1,8,-0.0,1,8,-9900,?,9,-9900,?,9,18.6,E,8,16.86,E,8,89.0,E,8,964.3861999999999,E,8,999.0,E,8,1.05,E,8,-9900,?,9,-9900,?,9,0.0,E,8,-9900,?,9,-9900,?,9,0.0,0.0,E,8
05/07/2018,07:00,99.256,1340.911,0.0,1,8,0.0,1,8,0.0,1,8,0.0,1,8,0.0,1,8,0.0,1,8,0.0,1,8,-9900,?,9,-9900,?,9,18.37,E,8,16.91,E,8,91.0,E,8,964.3861999999999,E,8,999.0,E,8,1.05,E,8,-9900,?,9,-9900,?,9,0.0,E,8,-9900,?,9,-9900,?,9,0.0,0.0,E,8
05/07/2018,08:00,391.613,1340.911,61.21,1,8,0.0,1,8,61.21,1,8,7345.2,1,8,0.0,1,8,6733.1,1,8,66.92,1,8,-9900,?,9,-9900,?,9,18.14,E,8,16.96,E,8,92.0,E,8,964.3861999999999,E,8,999.0,E,8,1.05,E,8,-9900,?,9,-9900,?,9,0.0,E,8,-9900,?,9,-9900,?,9,0.0,0.0,E,8
05/07/2018,09:00,650.317,1340.911,186.54,1,8,13.64,1,8,179.931,1,8,22384.8,1,8,1295.761,1,8,19792.447,1,8,118.207,1,8,-9900,?,9,-9900,?,9,21.59,E,8,16.19,E,8,71.0,E,8,964.3861999999999,E,8,999.0,E,8,1.05,E,8,-9900,?,9,-9900,?,9,0.0,E,8,-9900,?,9,-9900,?,9,0.0,0.0,E,8
05/07/2018,10:00,855.476,1340.911,298.42,1,8,55.956,1,8,262.737,1,8,35810.4,1,8,5315.804,1,8,28901.016,1,8,131.144,1,8,-9900,?,9,-9900,?,9,23.2,E,8,15.82,E,8,63.0,E,8,964.3861999999999,E,8,999.0,E,8,1.05,E,8,-9900,?,9,-9900,?,9,0.0,E,8,-9900,?,9,-9900,?,9,0.0,0.0,E,8
05/07/2018,11:00,992.875,1340.911,382.23,1,8,26.924,1,8,362.299,1,8,45867.6,1,8,2557.774,1,8,39852.895,1,8,155.786,1,8,-9900,?,9,-9900,?,9,24.59,E,8,15.5,E,8,56.0,E,8,964.3861999999999,E,8,999.0,E,8,1.05,E,8,-9900,?,9,-9900,?,9,0.0,E,8,-9900,?,9,-9900,?,9,0.0,0.0,E,8
05/07/2018,12:00,1053.094,1340.911,430.82,1,8,107.589,1,8,346.34,1,8,51698.4,1,8,10220.974,1,8,38097.347,1,8,140.399,1,8,-9900,?,9,-9900,?,9,25.7,E,8,15.24,E,8,52.0,E,8,964.3861999999999,E,8,999.0,E,8,1.05,E,8,-9900,?,9,-9900,?,9,0.0,E,8,-9900,?,9,-9900,?,9,0.0,0.0,E,8
05/07/2018,13:00,1032.013,1340.911,440.46,1,8,129.945,1,8,340.47,1,8,52855.2,1,8,12344.775,1,8,37451.689,1,8,140.842,1,8,-9900,?,9,-9900,?,9,26.48,E,8,15.05,E,8,49.0,E,8,964.3861999999999,E,8,999.0,E,8,1.19,E,8,-9900,?,9,-9900,?,9,0.0,E,8,-9900,?,9,-9900,?,9,0.0,0.0,E,8
05/07/2018,14:00,931.08,1340.911,410.42,1,8,104.098,1,8,338.161,1,8,49250.4,1,8,9889.315,1,8,37197.701,1,8,155.069,1,8,-9900,?,9,-9900,?,9,26.92,E,8,14.94,E,8,47.0,E,8,964.3861999999999,E,8,999.0,E,8,1.55,E,8,-9900,?,9,-9900,?,9,0.0,E,8,-9900,?,9,-9900,?,9,0.0,0.0,E,8
05/07/2018,15:00,757.209,1340.911,342.98,1,8,133.915,1,8,267.406,1,8,41157.6,1,8,12721.88,1,8,29414.677,1,8,150.827,1,8,-9900,?,9,-9900,?,9,27.01,E,8,14.92,E,8,47.0,E,8,964.3861999999999,E,8,999.0,E,8,2.17,E,8,-9900,?,9,-9900,?,9,0.0,E,8,-9900,?,9,-9900,?,9,0.0,0.0,E,8
05/07/2018,16:00,522.368,1340.911,243.53,1,8,208.978,1,8,162.253,1,8,29223.6,1,8,19852.885,1,8,17847.795,1,8,132.792,1,8,-9900,?,9,-9900,?,9,26.62,E,8,15.01,E,8,48.0,E,8,964.3861999999999,E,8,999.0,E,8,2.38,E,8,-9900,?,9,-9900,?,9,0.0,E,8,-9900,?,9,-9900,?,9,0.0,0.0,E,8
05/07/2018,17:00,243.169,1340.911,121.83,1,8,328.554,1,8,62.738,1,8,14619.6,1,8,31212.611,1,8,6901.204,1,8,111.035,1,8,-9900,?,9,-9900,?,9,25.72,E,8,15.23,E,8,52.0,E,8,964.3861999999999,E,8,999.0,E,8,1.97,E,8,-9900,?,9,-9900,?,9,0.0,E,8,-9900,?,9,-9900,?,9,0.0,0.0,E,8
05/07/2018,18:00,0.0,1340.911,9.29,1,8,0.0,1,8,0.0,1,8,1114.8,1,8,0.0,1,8,0.0,1,8,-0.0,1,8,-9900,?,9,-9900,?,9,24.87,E,8,15.43,E,8,55.0,E,8,964.3861999999999,E,8,999.0,E,8,1.89,E,8,-9900,?,9,-9900,?,9,0.0,E,8,-9900,?,9,-9900,?,9,0.0,0.0,E,8
05/07/2018,19:00,0.0,1340.911,0.0,1,8,0.0,1,8,0.0,1,8,0.0,1,8,0.0,1,8,0.0,1,8,-0.0,1,8,-9900,?,9,-9900,?,9,24.01,E,8,15.64,E,8,59.0,E,8,964.3861999999999,E,8,999.0,E,8,1.39,E,8,-9900,?,9,-9900,?,9,0.0,E,8,-9900,?,9,-9900,?,9,0.0,0.0,E,8
05/07/2018,20:00,0.0,1340.911,0.0,1,8,0.0,1,8,0.0,1,8,0.0,1,8,0.0,1,8,0.0,1,8,-0.0,1,8,-9900,?,9,-9900,?,9,23.16,E,8,15.83,E,8,63.0,E,8,964.3861999999999,E,8,999.0,E,8,1.05,E,8,-9900,?,9,-9900,?,9,0.0,E,8,-9900,?,9,-9900,?,9,0.0,0.0,E,8
05/07/2018,21:00,0.0,1340.911,0.0,1,8,0.0,1,8,0.0,1,8,0.0,1,8,0.0,1,8,0.0,1,8,-0.0,1,8,-9900,?,9,-9900,?,9,22.3,E,8,16.03,E,8,67.0,E,8,964.3861999999999,E,8,999.0,E,8,1.05,E,8,-9900,?,9,-9900,?,9,0.0,E,8,-9900,?,9,-9900,?,9,0.0,0.0,E,8
05/07/2018,22:00,0.0,1340.911,0.0,1,8,0.0,1,8,0.0,1,8,0.0,1,8,0.0,1,8,0.0,1,8,-0.0,1,8,-9900,?,9,-9900,?,9,21.44,E,8,16.23,E,8,72.0,E,8,964.3861999999999,E,8,999.0,E,8,1.05,E,8,-9900,?,9,-9900,?,9,0.0,E,8,-9900,?,9,-9900,?,9,0.0,0.0,E,8
05/07/2018,23:00,0.0,1340.911,0.0,1,8,0.0,1,8,0.0,1,8,0.0,1,8,0.0,1,8,0.0,1,8,-0.0,1,8,-9900,?,9,-9900,?,9,20.59,E,8,16.42,E,8,76.0,E,8,964.3861999999999,E,8,999.0,E,8,1.05,E,8,-9900,?,9,-9900,?,9,0.0,E,8,-9900,?,9,-9900,?,9,0.0,0.0,E,8
05/07/2018,24:00,0.0,1340.911,0.0,1,8,0.0,1,8,0.0,1,8,0.0,1,8,0.0,1,8,0.0,1,8,-0.0,1,8,-9900,?,9,-9900,?,9,19.73,E,8,16.26,E,8,80.0,E,8,964.3861999999999,E,8,999.0,E,8,1.26,E,8,-9900,?,9,-9900,?,9,0.0,E,8,-9900,?,9,-9900,?,9,0.0,0.0,E,8
05/08/2018,01:00,0.0,1340.911,0.0,1,8,0.0,1,8,0.0,1,8,0.0,1,8,0.0,1,8,0.0,1,8,-0.0,1,8,-9900,?,9,-9900,?,9,19.3,E,8,16.16,E,8,82.0,E,8,964.3861999999999,E,8,999.0,E,8,1.26,E,8,-9900,?,9,-9900,?,9,0.0,E,8,-9900,?,9,-9900,?,9,0.0,0.0,E,8
05/08/2018,02:00,0.0,1340.911,0.0,1,8,0.0,1,8,0.0,1,8,0.0,1,8,0.0,1,8,0.0,1,8,-0.0,1,8,-9900,?,9,-9900,?,9,18.88,E,8,16.07,E,8,83.0,E,8,964.3861999999999,E,8,999.0,E,8,1.26,E,8,-9900,?,9,-9900,?,9,0.0,E,8,-9900,?,9,-9900,?,9,0.0,0.0,E,8
05/08/2018,03:00,0.0,1340.911,0.0,1,8,0.0,1,8,0.0,1,8,0.0,1,8,0.0,1,8,0.0,1,8,-0.0,1,8,-9900,?,9,-9900,?,9,18.45,E,8,15.98,E,8,85.0,E,8,964.3861999999999,E,8,999.0,E,8,1.26,E,8,-9900,?,9,-9900,?,9,0.0,E,8,-9900,?,9,-9900,?,9,0.0,0.0,E,8
05/08/2018,04:00,0.0,1340.263,0.0,1,8,0.0,1,8,0.0,1,8,0.0,1,8,0.0,1,8,0.0,1,8,-0.0,1,8,-9900,?,9,-9900,?,9,18.02,E,8,15.88,E,8,87.0,E,8,964.3861999999999,E,8,999.0,E,8,1.26,E,8,-9900,?,9,-9900,?,9,0.0,E,8,-9900,?,9,-9900,?,9,0.0,0.0,E,8
05/08/2018,05:00,0.0,1340.263,0.0,1,8,0.0,1,8,0.0,1,8,0.0,1,8,0.0,1,8,0.0,1,8,-0.0,1,8,-9900,?,9,-9900,?,9,17.59,E,8,15.79,E,8,89.0,E,8,964.3861999999999,E,8,999.0,E,8,1.26,E,8,-9900,?,9,-9900,?,9,0.0,E,8,-9900,?,9,-9900,?,9,0.0,0.0,E,8
05/08/2018,06:00,0.0,1340.263,0.0,1,8,0.0,1,8,0.0,1,8,0.0,1,8,0.0,1,8,0.0,1,8,-0.0,1,8,-9900,?,9,-9900,?,9,17.26,E,8,15.71,E,8,90.0,E,8,964.3861999999999,E,8,999.0,E,8,1.26,E,8,-9900,?,9,-9900,?,9,0.0,E,8,-9900,?,9,-9900,?,9,0.0,0.0,E,8
05/08/2018,07:00,97.031,1340.263,0.0,1,8,0.0,1,8,0.0,1,8,0.0,1,8,0.0,1,8,0.0,1,8,0.0,1,8,-9900,?,9,-9900,?,9,16.98,E,8,15.65,E,8,91.0,E,8,964.3861999999999,E,8,999.0,E,8,1.29,E,8,-9900,?,9,-9900,?,9,0.0,E,8,-9900,?,9,-9900,?,9,0.0,0.0,E,8
05/08/2018,08:00,388.726,1340.263,74.83,1,8,0.0,1,8,74.83,1,8,8979.6,1,8,0.0,1,8,8231.3,1,8,82.383,1,8,-9900,?,9,-9900,?,9,16.7,E,8,15.59,E,8,93.0,E,8,964.3861999999999,E,8,999.0,E,8,1.26,E,8,-9900,?,9,-9900,?,9,0.0,E,8,-9900,?,9,-9900,?,9,0.0,0.0,E,8
05/08/2018,09:00,646.877,1340.263,229.76,1,8,42.059,1,8,209.48,1,8,27571.2,1,8,3995.592,1,8,23042.787,1,8,138.286,1,8,-9900,?,9,-9900,?,9,20.63,E,8,16.45,E,8,76.0,E,8,964.3861999999999,E,8,999.0,E,8,1.26,E,8,-9900,?,9,-9900,?,9,0.0,E,8,-9900,?,9,-9900,?,9,0.0,0.0,E,8
05/08/2018,10:00,851.573,1340.263,368.12,1,8,98.951,1,8,305.276,1,8,44174.4,1,8,9400.353,1,8,33580.354,1,8,153.003,1,8,-9900,?,9,-9900,?,9,22.48,E,8,16.84,E,8,70.0,E,8,964.3861999999999,E,8,999.0,E,8,1.26,E,8,-9900,?,9,-9900,?,9,0.0,E,8,-9900,?,9,-9900,?,9,0.0,0.0,E,8
05/08/2018,11:00,988.632,1340.263,471.76,1,8,103.759,1,8,395.242,1,8,56611.2,1,8,9857.065,1,8,43476.655,1,8,170.599,1,8,-9900,?,9,-9900,?,9,24.08,E,8,17.17,E,8,65.0,E,8,964.3861999999999,E,8,999.0,E,8,1.26,E,8,-9900,?,9,-9900,?,9,0.0,E,8,-9900,?,9,-9900,?,9,0.0,0.0,E,8
05/08/2018,12:00,1048.654,1340.263,531.83,1,8,153.1,1,8,412.063,1,8,63819.6,1,8,14544.546,1,8,45326.906,1,8,167.669,1,8,-9900,?,9,-9900,?,9,25.35,E,8,17.43,E,8,61.0,E,8,964.3861999999999,E,8,999.0,E,8,1.26,E,8,-9900,?,9,-9900,?,9,0.0,E,8,-9900,?,9,-9900,?,9,0.0,0.0,E,8
05/08/2018,13:00,1027.535,1340.263,543.71,1,8,183.482,1,8,403.07,1,8,65245.2,1,8,17430.759,1,8,44337.667,1,8,167.384,1,8,-9900,?,9,-9900,?,9,26.24,E,8,17.61,E,8,59.0,E,8,964.3861999999999,E,8,999.0,E,8,1.26,E,8,-9900,?,9,-9900,?,9,0.0,E,8,-9900,?,9,-9900,?,9,0.0,0.0,E,8
05/08/2018,14:00,926.723,1340.263,506.5,1,8,303.199,1,8,296.921,1,8,60780.0,1,8,28803.887,1,8,32661.288,1,8,136.732,1,8,-9900,?,9,-9900,?,9,26.74,E,8,17.71,E,8,57.0,E,8,964.3861999999999,E,8,999.0,E,8,1.26,E,8,-9900,?,9,-9900,?,9,0.0,E,8,-9900,?,9,-9900,?,9,0.0,0.0,E,8
05/08/2018,15:00,753.127,1340.263,423.03,1,8,388.814,1,8,204.684,1,8,50763.6,1,8,36937.374,1,8,22515.288,1,8,116.02,1,8,-9900,?,9,-9900,?,9,26.85,E,8,17.73,E,8,57.0,E,8,964.3861999999999,E,8,999.0,E,8,1.26,E,8,-9900,?,9,-9900,?,9,0.0,E,8,-9900,?,9,-9900,?,9,0.0,0.0,E,8
05/08/2018,16:00,518.694,1340.263,299.97,1,8,481.189,1,8,114.053,1,8,35996.4,1,8,45712.989,1,8,12545.816,1,8,93.962,1,8,-9900,?,9,-9900,?,9,26.4,E,8,17.64,E,8,58.0,E,8,964.3861999999999,E,8,999.0,E,8,1.26,E,8,-9900,?,9,-9900,?,9,0.0,E,8,-9900,?,9,-9900,?,9,0.0,0.0,E,8
05/08/2018,17:00,240.024,1340.263,149.43,1,8,391.958,1,8,79.827,1,8,17931.6,1,8,37236.037,1,8,8781.006,1,8,143.092,1,8,-9900,?,9,-9900,?,9,25.37,E,8,17.44,E,8,61.0,E,8,964.3861999999999,E,8,999.0,E,8,1.26,E,8,-9900,?,9,-9900,?,9,0.0,E,8,-9900,?,9,-9900,?,9,0.0,0.0,E,8
05/08/2018,18:00,0.0,1340.263,10.85,1,8,0.0,1,8,0.0,1,8,1302.0,1,8,0.0,1,8,0.0,1,8,-0.0,1,8,-9900,?,9,-9900,?,9,24.51,E,8,17.26,E,8,64.0,E,8,964.3861999999999,E,8,999.0,E,8,1.26,E,8,-9900,?,9,-9900,?,9,0.0,E,8,-9900,?,9,-9900,?,9,0.0,0.0,E,8
05/08/2018,19:00,0.0,1340.263,0.0,1,8,0.0,1,8,0.0,1,8,0.0,1,8,0.0,1,8,0.0,1,8,-0.0,1,8,-9900,?,9,-9900,?,9,23.65,E,8,17.08,E,8,66.0,E,8,964.3861999999999,E,8,999.0,E,8,1.26,E,8,-9900,?,9,-9900,?,9,0.0,E,8,-9900,?,9,-9900,?,9,0.0,0.0,E,8
05/08/2018,20:00,0.0,1340.263,0.0,1,8,0.0,1,8,0.0,1,8,0.0,1,8,0.0,1,8,0.0,1,8,-0.0,1,8,-9900,?,9,-9900,?,9,22.8,E,8,16.91,E,8,69.0,E,8,964.3861999999999,E,8,999.0,E,8,1.26,E,8,-9900,?,9,-9900,?,9,0.0,E,8,-9900,?,9,-9900,?,9,0.0,0.0,E,8
05/08/2018,21:00,0.0,1340.263,0.0,1,8,0.0,1,8,0.0,1,8,0.0,1,8,0.0,1,8,0.0,1,8,-0.0,1,8,-9900,?,9,-9900,?,9,21.94,E,8,16.73,E,8,72.0,E,8,964.3861999999999,E,8,999.0,E,8,1.26,E,8,-9900,?,9,-9900,?,9,0.0,E,8,-9900,?,9,-9900,?,9,0.0,0.0,E,8
05/08/2018,22:00,0.0,1340.263,0.0,1,8,0.0,1,8,0.0,1,8,0.0,1,8,0.0,1,8,0.0,1,8,-0.0,1,8,-9900,?,9,-9900,?,9,21.08,E,8,16.55,E,8,75.0,E,8,964.3861999999999,E,8,999.0,E,8,1.26,E,8,-9900,?,9,-9900,?,9,0.0,E,8,-9900,?,9,-9900,?,9,0.0,0.0,E,8
05/08/2018,23:00,0.0,1340.263,0.0,1,8,0.0,1,8,0.0,1,8,0.0,1,8,0.0,1,8,0.0,1,8,-0.0,1,8,-9900,?,9,-9900,?,9,20.22,E,8,16.36,E,8,78.0,E,8,964.3861999999999,E,8,999.0,E,8,1.26,E,8,-9900,?,9,-9900,?,9,0.0,E,8,-9900,?,9,-9900,?,9,0.0,0.0,E,8
05/08/2018,24:00,0.0,1340.263,0.0,1,8,0.0,1,8,0.0,1,8,0.0,1,8,0.0,1,8,0.0,1,8,-0.0,1,8,-9900,?,9,-9900,?,9,19.36,E,8,16.22,E,8,82.0,E,8,964.3861999999999,E,8,999.0,E,8,0.91,E,8,-9900,?,9,-9900,?,9,0.0,E,8,-9900,?,9,-9900,?,9,0.0,0.0,E,8
05/09/2018,01:00,0.0,1340.263,0.0,1,8,0.0,1,8,0.0,1,8,0.0,1,8,0.0,1,8,0.0,1,8,-0.0,1,8,-9900,?,9,-9900,?,9,18.94,E,8,16.13,E,8,83.0,E,8,964.3861999999999,E,8,999.0,E,8,0.91,E,8,-9900,?,9,-9900,?,9,0.0,E,8,-9900,?,9,-9900,?,9,0.0,0.0,E,8
05/09/2018,02:00,0.0,1340.263,0.0,1,8,0.0,1,8,0.0,1,8,0.0,1,8,0.0,1,8,0.0,1,8,-0.0,1,8,-9900,?,9,-9900,?,9,18.51,E,8,16.04,E,8,85.0,E,8,964.3861999999999,E,8,999.0,E,8,0.91,E,8,-9900,?,9,-9900,?,9,0.0,E,8,-9900,?,9,-9900,?,9,0.0,0.0,E,8
05/09/2018,03:00,0.0,1340.263,0.0,1,8,0.0,1,8,0.0,1,8,0.0,1,8,0.0,1,8,0.0,1,8,-0.0,1,8,-9900,?,9,-9900,?,9,18.08,E,8,15.95,E,8,92.0,E,8,964.3861999999999,E,8,999.0,E,8,0.91,E,8,-9900,?,9,-9900,?,9,0.003,E,8,-9900,?,9,-9900,?,9,0.03,99.0,E,8
05/09/2018,04:00,0.0,1339.624,0.0,1,8,0.0,1,8,0.0,1,8,0.0,1,8,0.0,1,8,0.0,1,8,-0.0,1,8,-9900,?,9,-9900,?,9,17.65,E,8,15.86,E,8,94.0,E,8,964.3861999999999,E,8,999.0,E,8,0.91,E,8,-9900,?,9,-9900,?,9,0.096,E,8,-9900,?,9,-9900,?,9,0.96,99.0,E,8
05/09/2018,05:00,0.0,1339.624,0.0,1,8,0.0,1,8,0.0,1,8,0.0,1,8,0.0,1,8,0.0,1,8,-0.0,1,8,-9900,?,9,-9900,?,9,17.22,E,8,15.76,E,8,91.0,E,8,964.3861999999999,E,8,999.0,E,8,0.91,E,8,-9900,?,9,-9900,?,9,0.0,E,8,-9900,?,9,-9900,?,9,0.0,0.0,E,8
05/09/2018,06:00,0.0,1339.624,0.0,1,8,0.0,1,8,0.0,1,8,0.0,1,8,0.0,1,8,0.0,1,8,-0.0,1,8,-9900,?,9,-9900,?,9,16.89,E,8,15.69,E,8,92.0,E,8,964.3861999999999,E,8,999.0,E,8,0.91,E,8,-9900,?,9,-9900,?,9,0.0,E,8,-9900,?,9,-9900,?,9,0.0,0.0,E,8
05/09/2018,07:00,94.803,1339.624,0.0,1,8,0.0,1,8,0.0,1,8,0.0,1,8,0.0,1,8,0.0,1,8,0.0,1,8,-9900,?,9,-9900,?,9,16.6,E,8,15.63,E,8,93.0,E,8,964.3861999999999,E,8,999.0,E,8,0.91,E,8,-9900,?,9,-9900,?,9,0.0,E,8,-9900,?,9,-9900,?,9,0.0,0.0,E,8
05/09/2018,08:00,385.841,1339.624,76.84,1,8,0.0,1,8,76.84,1,8,9220.8,1,8,0.0,1,8,8452.4,1,8,85.192,1,8,-9900,?,9,-9900,?,9,16.32,E,8,15.57,E,8,95.0,E,8,964.3861999999999,E,8,999.0,E,8,0.91,E,8,-9900,?,9,-9900,?,9,0.0,E,8,-9900,?,9,-9900,?,9,0.0,0.0,E,8
05/09/2018,09:00,643.447,1339.624,93.11,1,8,0.0,1,8,93.11,1,8,11173.2,1,8,0.0,1,8,10242.1,1,8,61.765,1,8,-9900,?,9,-9900,?,9,18.63,E,8,16.07,E,8,85.0,E,8,964.3861999999999,E,8,999.0,E,8,1.07,E,8,-9900,?,9,-9900,?,9,0.0,E,8,-9900,?,9,-9900,?,9,0.0,0.0,E,8
05/09/2018,10:00,847.695,1339.624,381.46,1,8,120.204,1,8,305.43,1,8,45775.2,1,8,11419.362,1,8,33597.314,1,8,153.708,1,8,-9900,?,9,-9900,?,9,21.32,E,8,16.63,E,8,74.0,E,8,964.3861999999999,E,8,999.0,E,8,1.56,E,8,-9900,?,9,-9900,?,9,0.0,E,8,-9900,?,9,-9900,?,9,0.0,0.0,E,8
05/09/2018,11:00,984.427,1339.624,489.13,1,8,121.96,1,8,399.53,1,8,58695.6,1,8,11586.173,1,8,43948.286,1,8,173.104,1,8,-9900,?,9,-9900,?,9,23.39,E,8,17.06,E,8,67.0,E,8,964.3861999999999,E,8,999.0,E,8,1.78,E,8,-9900,?,9,-9900,?,9,0.0,E,8,-9900,?,9,-9900,?,9,0.0,0.0,E,8
05/09/2018,12:00,1044.267,1339.624,551.51,1,8,179.698,1,8,411.458,1,8,66181.2,1,8,17071.345,1,8,45260.335,1,8,168.046,1,8,-9900,?,9,-9900,?,9,24.97,E,8,17.37,E,8,62.0,E,8,964.3861999999999,E,8,999.0,E,8,2.03,E,8,-9900,?,9,-9900,?,9,0.0,E,8,-9900,?,9,-9900,?,9,0.0,0.0,E,8
05/09/2018,13:00,1023.123,1339.624,563.82,1,8,290.528,1,8,341.979,1,8,67658.4,1,8,27600.202,1,8,37617.656,1,8,142.559,1,8,-9900,?,9,-9900,?,9,26.08,E,8,17.59,E,8,59.0,E,8,964.3861999999999,E,8,999.0,E,8,1.18,E,8,-9900,?,9,-9900,?,9,0.0,E,8,-9900,?,9,-9900,?,9,0.0,0.0,E,8
05/09/2018,14:00,922.444,1339.624,525.11,1,8,353.299,1,8,281.913,1,8,63013.2,1,8,33563.407,1,8,31010.426,1,8,130.361,1,8,-9900,?,9,-9900,?,9,26.73,E,8,17.72,E,8,57.0,E,8,964.3861999999999,E,8,999.0,E,8,1.7,E,8,-9900,?,9,-9900,?,9,0.0,E,8,-9900,?,9,-9900,?,9,0.0,0.0,E,8
05/09/2018,15:00,749.131,1339.624,438.33,1,8,449.394,1,8,187.186,1,8,52599.6,1,8,42692.447,1,8,20590.473,1,8,106.618,1,8,-9900,?,9,-9900,?,9,26.91,E,8,17.75,E,8,57.0,E,8,964.3861999999999,E,8,999.0,E,8,1.93,E,8,-9900,?,9,-9900,?,9,0.0,E,8,-9900,?,9,-9900,?,9,0.0,0.0,E,8
05/09/2018,16:00,515.114,1339.624,310.42,1,8,547.361,1,8,100.301,1,8,37250.4,1,8,51999.275,1,8,11033.098,1,8,83.169,1,8,-9900,?,9,-9900,?,9,26.51,E,8,17.67,E,8,58.0,E,8,964.3861999999999,E,8,999.0,E,8,1.93,E,8,-9900,?,9,-9900,?,9,0.0,E,8,-9900,?,9,-9900,?,9,0.0,0.0,E,8
05/09/2018,17:00,236.975,1339.624,154.0,1,8,396.629,1,8,84.444,1,8,18480.0,1,8,37679.741,1,8,9288.841,1,8,153.274,1,8,-9900,?,9,-9900,?,9,25.46,E,8,17.47,E,8,61.0,E,8,964.3861999999999,E,8,999.0,E,8,1.87,E,8,-9900,?,9,-9900,?,9,0.0,E,8,-9900,?,9,-9900,?,9,0.0,0.0,E,8
05/09/2018,18:00,0.0,1339.624,10.65,1,8,0.0,1,8,0.0,1,8,1278.0,1,8,0.0,1,8,0.0,1,8,-0.0,1,8,-9900,?,9,-9900,?,9,24.59,E,8,17.3,E,8,63.0,E,8,964.3861999999999,E,8,999.0,E,8,1.46,E,8,-9900,?,9,-9900,?,9,0.0,E,8,-9900,?,9,-9900,?,9,0.0,0.0,E,8
05/09/2018,19:00,0.0,1339.624,0.0,1,8,0.0,1,8,0.0,1,8,0.0,1,8,0.0,1,8,0.0,1,8,-0.0,1,8,-9900,?,9,-9900,?,9,23.72,E,8,17.12,E,8,66.0,E,8,964.3861999999999,E,8,999.0,E,8,1.52,E,8,-9900,?,9,-9900,?,9,0.0,E,8,-9900,?,9,-9900,?,9,0.0,0.0,E,8
05/09/2018,20:00,0.0,1339.624,0.0,1,8,0.0,1,8,0.0,1,8,0.0,1,8,0.0,1,8,0.0,1,8,-0.0,1,8,-9900,?,9,-9900,?,9,22.85,E,8,16.95,E,8,69.0,E,8,964.3861999999999,E,8,999.0,E,8,1.47,E,8,-9900,?,9,-9900,?,9,0.0,E,8,-9900,?,9,-9900,?,9,0.0,0.0,E,8
05/09/2018,21:00,0.0,1339.624,0.0,1,8,0.0,1,8,0.0,1,8,0.0,1,8,0.0,1,8,0.0,1,8,-0.0,1,8,-9900,?,9,-9900,?,9,21.98,E,8,16.77,E,8,72.0,E,8,964.3861999999999,E,8,999.0,E,8,0.91,E,8,-9900,?,9,-9900,?,9,0.0,E,8,-9900,?,9,-9900,?,9,0.0,0.0,E,8
05/09/2018,22:00,0.0,1339.624,0.0,1,8,0.0,1,8,0.0,1,8,0.0,1,8,0.0,1,8,0.0,1,8,-0.0,1,8,-9900,?,9,-9900,?,9,21.11,E,8,16.59,E,8,80.0,E,8,964.3861999999999,E,8,999.0,E,8,0.91,E,8,-9900,?,9,-9900,?,9,0.001,E,8,-9900,?,9,-9900,?,9,0.01,99.0,E,8
05/09/2018,23:00,0.0,1339.624,0.0,1,8,0.0,1,8,0.0,1,8,0.0,1,8,0.0,1,8,0.0,1,8,-0.0,1,8,-9900,?,9,-9900,?,9,20.25,E,8,16.41,E,8,78.0,E,8,964.3861999999999,E,8,999.0,E,8,0.91,E,8,-9900,?,9,-9900,?,9,0.0,E,8,-9900,?,9,-9900,?,9,0.0,0.0,E,8
05/09/2018,24:00,0.0,1339.624,0.0,1,8,0.0,1,8,0.0,1,8,0.0,1,8,0.0,1,8,0.0,1,8,-0.0,1,8,-9900,?,9,-9900,?,9,19.38,E,8,15.85,E,8,80.0,E,8,964.3861999999999,E,8,999.0,E,8,0.41,E,8,-9900,?,9,-9900,?,9,0.0,E,8,-9900,?,9,-9900,?,9,0.0,0.0,E,8
05/10/2018,01:00,0.0,1339.624,0.0,1,8,0.0,1,8,0.0,1,8,0.0,1,8,0.0,1,8,0.0,1,8,-0.0,1,8,-9900,?,9,-9900,?,9,18.94,E,8,15.73,E,8,81.0,E,8,964.3861999999999,E,8,999.0,E,8,0.41,E,8,-9900,?,9,-9900,?,9,0.0,E,8,-9900,?,9,-9900,?,9,0.0,0.0,E,8
05/10/2018,02:00,0.0,1339.624,0.0,1,8,0.0,1,8,0.0,1,8,0.0,1,8,0.0,1,8,0.0,1,8,-0.0,1,8,-9900,?,9,-9900,?,9,18.51,E,8,15.61,E,8,83.0,E,8,964.3861999999999,E,8,999.0,E,8,0.41,E,8,-9900,?,9,-9900,?,9,0.0,E,8,-9900,?,9,-9900,?,9,0.0,0.0,E,8
05/10/2018,03:00,0.0,1339.624,0.0,1,8,0.0,1,8,0.0,1,8,0.0,1,8,0.0,1,8,0.0,1,8,-0.0,1,8,-9900,?,9,-9900,?,9,18.07,E,8,15.48,E,8,84.0,E,8,964.3861999999999,E,8,999.0,E,8,0.41,E,8,-9900,?,9,-9900,?,9,0.0,E,8,-9900,?,9,-9900,?,9,0.0,0.0,E,8
05/10/2018,04:00,0.0,1338.992,0.0,1,8,0.0,1,8,0.0,1,8,0.0,1,8,0.0,1,8,0.0,1,8,-0.0,1,8,-9900,?,9,-9900,?,9,17.64,E,8,15.36,E,8,86.0,E,8,964.3861999999999,E,8,999.0,E,8,0.41,E,8,-9900,?,9,-9900,?,9,0.0,E,8,-9900,?,9,-9900,?,9,0.0,0.0,E,8
05/10/2018,05:00,0.0,1338.992,0.0,1,8,0.0,1,8,0.0,1,8,0.0,1,8,0.0,1,8,0.0,1,8,-0.0,1,8,-9900,?,9,-9900,?,9,17.21,E,8,15.23,E,8,88.0,E,8,964.3861999999999,E,8,999.0,E,8,0.41,E,8,-9900,?,9,-9900,?,9,0.0,E,8,-9900,?,9,-9900,?,9,0.0,0.0,E,8
05/10/2018,06:00,0.0,1338.992,0.0,1,8,0.0,1,8,0.0,1,8,0.0,1,8,0.0,1,8,0.0,1,8,-0.0,1,8,-9900,?,9,-9900,?,9,16.87,E,8,15.13,E,8,89.0,E,8,964.3861999999999,E,8,999.0,E,8,0.41,E,8,-9900,?,9,-9900,?,9,0.0,E,8,-9900,?,9,-9900,?,9,0.0,0.0,E,8
05/10/2018,07:00,92.572,1338.992,0.0,1,8,0.0,1,8,0.0,1,8,0.0,1,8,0.0,1,8,0.0,1,8,0.0,1,8,-9900,?,9,-9900,?,9,16.58,E,8,15.05,E,8,90.0,E,8,964.3861999999999,E,8,999.0,E,8,0.41,E,8,-9900,?,9,-9900,?,9,0.0,E,8,-9900,?,9,-9900,?,9,0.0,0.0,E,8
05/10/2018,08:00,382.958,1338.992,102.16,1,8,8.814,1,8,99.647,1,8,12259.2,1,8,837.306,1,8,10961.211,1,8,111.262,1,8,-9900,?,9,-9900,?,9,16.3,E,8,14.96,E,8,91.0,E,8,964.3861999999999,E,8,999.0,E,8,0.41,E,8,-9900,?,9,-9900,?,9,0.0,E,8,-9900,?,9,-9900,?,9,0.0,0.0,E,8
05/10/2018,09:00,640.032,1338.992,328.06,1,8,258.961,1,8,204.4,1,8,39367.2,1,8,24601.265,1,8,22484.014,1,8,136.25,1,8,-9900,?,9,-9900,?,9,21.28,E,8,16.38,E,8,73.0,E,8,964.3861999999999,E,8,999.0,E,8,0.41,E,8,-9900,?,9,-9900,?,9,0.0,E,8,-9900,?,9,-9900,?,9,0.0,0.0,E,8
05/10/2018,10:00,843.843,1338.992,437.57,1,8,202.469,1,8,310.029,1,8,52508.4,1,8,19234.57,1,8,34103.209,1,8,156.662,1,8,-9900,?,9,-9900,?,9,23.0,E,8,16.84,E,8,68.0,E,8,964.3861999999999,E,8,999.0,E,8,0.57,E,8,-9900,?,9,-9900,?,9,0.0,E,8,-9900,?,9,-9900,?,9,0.0,0.0,E,8
05/10/2018,11:00,980.263,1338.992,605.98,1,8,431.649,1,8,290.055,1,8,72717.6,1,8,41006.637,1,8,31906.001,1,8,126.147,1,8,-9900,?,9,-9900,?,9,24.83,E,8,17.32,E,8,63.0,E,8,964.3861999999999,E,8,999.0,E,8,0.86,E,8,-9900,?,9,-9900,?,9,0.0,E,8,-9900,?,9,-9900,?,9,0.0,0.0,E,8
05/10/2018,12:00,1039.935,1338.992,573.54,1,8,274.362,1,8,360.497,1,8,68824.8,1,8,26064.366,1,8,39654.652,1,8,147.777,1,8,-9900,?,9,-9900,?,9,25.78,E,8,17.56,E,8,60.0,E,8,964.3861999999999,E,8,999.0,E,8,1.05,E,8,-9900,?,9,-9900,?,9,0.0,E,8,-9900,?,9,-9900,?,9,0.0,0.0,E,8
05/10/2018,13:00,1018.778,1338.992,648.88,1,8,505.088,1,8,264.664,1,8,77865.6,1,8,47983.325,1,8,29113.036,1,8,110.748,1,8,-9900,?,9,-9900,?,9,26.71,E,8,17.8,E,8,58.0,E,8,964.3861999999999,E,8,999.0,E,8,1.51,E,8,-9900,?,9,-9900,?,9,0.0,E,8,-9900,?,9,-9900,?,9,0.0,0.0,E,8
05/10/2018,14:00,918.245,1338.992,541.42,1,8,367.298,1,8,289.62,1,8,64970.4,1,8,34893.304,1,8,31858.232,1,8,134.475,1,8,-9900,?,9,-9900,?,9,27.01,E,8,17.87,E,8,57.0,E,8,964.3861999999999,E,8,999.0,E,8,2.29,E,8,-9900,?,9,-9900,?,9,0.0,E,8,-9900,?,9,-9900,?,9,0.0,0.0,E,8
05/10/2018,15:00,745.224,1338.992,348.92,1,8,159.497,1,8,260.209,1,8,41870.4,1,8,15152.231,1,8,28622.975,1,8,148.918,1,8,-9900,?,9,-9900,?,9,26.45,E,8,17.73,E,8,58.0,E,8,964.3861999999999,E,8,999.0,E,8,2.42,E,8,-9900,?,9,-9900,?,9,0.0,E,8,-9900,?,9,-9900,?,9,0.0,0.0,E,8
05/10/2018,16:00,511.628,1338.992,226.81,1,8,183.358,1,8,156.868,1,8,27217.2,1,8,17418.983,1,8,17255.508,1,8,130.902,1,8,-9900,?,9,-9900,?,9,25.48,E,8,17.48,E,8,61.0,E,8,964.3861999999999,E,8,999.0,E,8,1.98,E,8,-9900,?,9,-9900,?,9,0.0,E,8,-9900,?,9,-9900,?,9,0.0,0.0,E,8
05/10/2018,17:00,234.023,1338.992,46.25,1,8,0.0,1,8,46.25,1,8,5550.0,1,8,0.0,1,8,5087.5,1,8,84.985,1,8,-9900,?,9,-9900,?,9,24.0,E,8,17.1,E,8,65.0,E,8,964.3861999999999,E,8,999.0,E,8,2.42,E,8,-9900,?,9,-9900,?,9,0.0,E,8,-9900,?,9,-9900,?,9,0.0,0.0,E,8
05/10/2018,18:00,0.0,1338.992,10.13,1,8,0.0,1,8,0.0,1,8,1215.6,1,8,0.0,1,8,0.0,1,8,-0.0,1,8,-9900,?,9,-9900,?,9,23.29,E,8,16.92,E,8,67.0,E,8,964.3861999999999,E,8,999.0,E,8,2.93,E,8,-9900,?,9,-9900,?,9,0.0,E,8,-9900,?,9,-9900,?,9,0.0,0.0,E,8
05/10/2018,19:00,0.0,1338.992,0.0,1,8,0.0,1,8,0.0,1,8,0.0,1,8,0.0,1,8,0.0,1,8,-0.0,1,8,-9900,?,9,-9900,?,9,22.58,E,8,16.73,E,8,69.0,E,8,964.3861999999999,E,8,999.0,E,8,2.26,E,8,-9900,?,9,-9900,?,9,0.0,E,8,-9900,?,9,-9900,?,9,0.0,0.0,E,8
05/10/2018,20:00,0.0,1338.992,0.0,1,8,0.0,1,8,0.0,1,8,0.0,1,8,0.0,1,8,0.0,1,8,-0.0,1,8,-9900,?,9,-9900,?,9,21.87,E,8,16.54,E,8,71.0,E,8,964.3861999999999,E,8,999.0,E,8,1.95,E,8,-9900,?,9,-9900,?,9,0.0,E,8,-9900,?,9,-9900,?,9,0.0,0.0,E,8
05/10/2018,21:00,0.0,1338.992,0.0,1,8,0.0,1,8,0.0,1,8,0.0,1,8,0.0,1,8,0.0,1,8,-0.0,1,8,-9900,?,9,-9900,?,9,21.17,E,8,16.35,E,8,73.0,E,8,964.3861999999999,E,8,999.0,E,8,2.23,E,8,-9900,?,9,-9900,?,9,0.0,E,8,-9900,?,9,-9900,?,9,0.0,0.0,E,8
05/10/2018,22:00,0.0,1338.992,0.0,1,8,0.0,1,8,0.0,1,8,0.0,1,8,0.0,1,8,0.0,1,8,-0.0,1,8,-9900,?,9,-9900,?,9,20.46,E,8,16.15,E,8,76.0,E,8,964.3861999999999,E,8,999.0,E,8,2.06,E,8,-9900,?,9,-9900,?,9,0.0,E,8,-9900,?,9,-9900,?,9,0.0,0.0,E,8
05/10/2018,23:00,0.0,1338.992,0.0,1,8,0.0,1,8,0.0,1,8,0.0,1,8,0.0,1,8,0.0,1,8,-0.0,1,8,-9900,?,9,-9900,?,9,19.75,E,8,15.96,E,8,78.0,E,8,964.3861999999999,E,8,999.0,E,8,1.73,E,8,-9900,?,9,-9900,?,9,0.0,E,8,-9900,?,9,-9900,?,9,0.0,0.0,E,8
05/10/2018,24:00,0.0,1338.992,0.0,1,8,0.0,1,8,0.0,1,8,0.0,1,8,0.0,1,8,0.0,1,8,-0.0,1,8,-9900,?,9,-9900,?,9,19.04,E,8,15.54,E,8,80.0,E,8,964.3861999999999,E,8,999.0,E,8,5.21,E,8,-9900,?,9,-9900,?,9,0.0,E,8,-9900,?,9,-9900,?,9,0.0,0.0,E,8
05/11/2018,01:00,0.0,1338.992,0.0,1,8,0.0,1,8,0.0,1,8,0.0,1,8,0.0,1,8,0.0,1,8,-0.0,1,8,-9900,?,9,-9900,?,9,18.69,E,8,15.41,E,8,81.0,E,8,964.3861999999999,E,8,999.0,E,8,5.84,E,8,-9900,?,9,-9900,?,9,0.0,E,8,-9900,?,9,-9900,?,9,0.0,0.0,E,8
05/11/2018,02:00,0.0,1338.992,0.0,1,8,0.0,1,8,0.0,1,8,0.0,1,8,0.0,1,8,0.0,1,8,-0.0,1,8,-9900,?,9,-9900,?,9,18.33,E,8,15.28,E,8,82.0,E,8,964.3861999999999,E,8,999.0,E,8,7.0,E,8,-9900,?,9,-9900,?,9,0.0,E,8,-9900,?,9,-9900,?,9,0.0,0.0,E,8
05/11/2018,03:00,0.0,1338.992,0.0,1,8,0.0,1,8,0.0,1,8,0.0,1,8,0.0,1,8,0.0,1,8,-0.0,1,8,-9900,?,9,-9900,?,9,17.98,E,8,15.16,E,8,83.0,E,8,964.3861999999999,E,8,999.0,E,8,6.01,E,8,-9900,?,9,-9900,?,9,0.0,E,8,-9900,?,9,-9900,?,9,0.0,0.0,E,8
05/11/2018,04:00,0.0,1338.369,0.0,1,8,0.0,1,8,0.0,1,8,0.0,1,8,0.0,1,8,0.0,1,8,-0.0,1,8,-9900,?,9,-9900,?,9,17.63,E,8,15.03,E,8,84.0,E,8,964.3861999999999,E,8,999.0,E,8,6.47,E,8,-9900,?,9,-9900,?,9,0.0,E,8,-9900,?,9,-9900,?,9,0.0,0.0,E,8
05/11/2018,05:00,0.0,1338.369,0.0,1,8,0.0,1,8,0.0,1,8,0.0,1,8,0.0,1,8,0.0,1,8,-0.0,1,8,-9900,?,9,-9900,?,9,17.27,E,8,14.9,E,8,85.0,E,8,964.3861999999999,E,8,999.0,E,8,7.33,E,8,-9900,?,9,-9900,?,9,0.0,E,8,-9900,?,9,-9900,?,9,0.0,0.0,E,8
05/11/2018,06:00,0.0,1338.369,0.0,1,8,0.0,1,8,0.0,1,8,0.0,1,8,0.0,1,8,0.0,1,8,-0.0,1,8,-9900,?,9,-9900,?,9,17.0,E,8,14.8,E,8,86.0,E,8,964.3861999999999,E,8,999.0,E,8,4.65,E,8,-9900,?,9,-9900,?,9,0.0,E,8,-9900,?,9,-9900,?,9,0.0,0.0,E,8
05/11/2018,07:00,90.34,1338.369,0.0,1,8,0.0,1,8,0.0,1,8,0.0,1,8,0.0,1,8,0.0,1,8,0.0,1,8,-9900,?,9,-9900,?,9,16.77,E,8,14.71,E,8,87.0,E,8,964.3861999999999,E,8,999.0,E,8,5.02,E,8,-9900,?,9,-9900,?,9,0.0,E,8,-9900,?,9,-9900,?,9,0.0,0.0,E,8
05/11/2018,08:00,380.081,1338.369,82.42,1,8,0.0,1,8,82.42,1,8,9890.4,1,8,0.0,1,8,9066.2,1,8,92.685,1,8,-9900,?,9,-9900,?,9,16.53,E,8,14.63,E,8,88.0,E,8,964.3861999999999,E,8,999.0,E,8,5.56,E,8,-9900,?,9,-9900,?,9,0.0,E,8,-9900,?,9,-9900,?,9,0.0,0.0,E,8
05/11/2018,09:00,636.633,1338.369,177.44,1,8,11.27,1,8,172.084,1,8,21292.8,1,8,1070.647,1,8,18929.293,1,8,115.269,1,8,-9900,?,9,-9900,?,9,19.75,E,8,15.79,E,8,77.0,E,8,964.3861999999999,E,8,999.0,E,8,4.24,E,8,-9900,?,9,-9900,?,9,0.0,E,8,-9900,?,9,-9900,?,9,0.0,0.0,E,8
05/11/2018,10:00,840.02,1338.369,330.5,1,8,69.824,1,8,286.695,1,8,39660.0,1,8,6633.317,1,8,31536.435,1,8,145.463,1,8,-9900,?,9,-9900,?,9,21.41,E,8,16.36,E,8,72.0,E,8,964.3861999999999,E,8,999.0,E,8,6.52,E,8,-9900,?,9,-9900,?,9,0.0,E,8,-9900,?,9,-9900,?,9,0.0,0.0,E,8
05/11/2018,11:00,976.141,1338.369,690.9,1,8,644.039,1,8,221.29,1,8,82908.0,1,8,61183.747,1,8,24341.939,1,8,96.602,1,8,-9900,?,9,-9900,?,9,24.47,E,8,17.36,E,8,64.0,E,8,964.3861999999999,E,8,999.0,E,8,7.83,E,8,-9900,?,9,-9900,?,9,0.0,E,8,-9900,?,9,-9900,?,9,0.0,0.0,E,8
05/11/2018,12:00,1035.659,1338.369,573.09,1,8,278.493,1,8,357.628,1,8,68770.8,1,8,26456.87,1,8,39339.102,1,8,147.139,1,8,-9900,?,9,-9900,?,9,25.72,E,8,17.75,E,8,61.0,E,8,964.3861999999999,E,8,999.0,E,8,6.9,E,8,-9900,?,9,-9900,?,9,0.0,E,8,-9900,?,9,-9900,?,9,0.0,0.0,E,8
05/11/2018,13:00,1014.504,1338.369,667.24,1,8,555.446,1,8,246.295,1,8,80068.8,1,8,52767.402,1,8,27092.442,1,8,103.448,1,8,-9900,?,9,-9900,?,9,26.94,E,8,18.13,E,8,58.0,E,8,964.3861999999999,E,8,999.0,E,8,6.41,E,8,-9900,?,9,-9900,?,9,0.0,E,8,-9900,?,9,-9900,?,9,0.0,0.0,E,8
05/11/2018,14:00,914.127,1338.369,573.63,1,8,510.769,1,8,224.884,1,8,68835.6,1,8,48523.082,1,8,24737.214,1,8,104.839,1,8,-9900,?,9,-9900,?,9,27.49,E,8,18.29,E,8,57.0,E,8,964.3861999999999,E,8,999.0,E,8,6.53,E,8,-9900,?,9,-9900,?,9,0.0,E,8,-9900,?,9,-9900,?,9,0.0,0.0,E,8
05/11/2018,15:00,741.408,1338.369,373.9,1,8,231.734,1,8,245.613,1,8,44868.0,1,8,22014.758,1,8,27017.386,1,8,141.224,1,8,-9900,?,9,-9900,?,9,27.13,E,8,18.19,E,8,58.0,E,8,964.3861999999999,E,8,999.0,E,8,8.02,E,8,-9900,?,9,-9900,?,9,0.0,E,8,-9900,?,9,-9900,?,9,0.0,0.0,E,8
05/11/2018,16:00,508.239,1338.369,285.6,1,8,399.568,1,8,134.128,1,8,34272.0,1,8,37958.97,1,8,14754.058,1,8,112.623,1,8,-9900,?,9,-9900,?,9,26.43,E,8,17.97,E,8,59.0,E,8,964.3861999999999,E,8,999.0,E,8,7.25,E,8,-9900,?,9,-9900,?,9,0.0,E,8,-9900,?,9,-9900,?,9,0.0,0.0,E,8
05/11/2018,17:00,231.169,1338.369,168.23,1,8,253.819,1,8,124.786,1,8,20187.6,1,8,24112.798,1,8,13726.506,1,8,232.068,1,8,-9900,?,9,-9900,?,9,25.39,E,8,17.65,E,8,62.0,E,8,964.3861999999999,E,8,999.0,E,8,6.74,E,8,-9900,?,9,-9900,?,9,0.0,E,8,-9900,?,9,-9900,?,9,0.0,0.0,E,8
05/11/2018,18:00,0.0,1338.369,11.5,1,8,0.0,1,8,0.0,1,8,1380.0,1,8,0.0,1,8,0.0,1,8,-0.0,1,8,-9900,?,9,-9900,?,9,24.48,E,8,17.36,E,8,64.0,E,8,964.3861999999999,E,8,999.0,E,8,4.77,E,8,-9900,?,9,-9900,?,9,0.0,E,8,-9900,?,9,-9900,?,9,0.0,0.0,E,8
05/11/2018,19:00,0.0,1338.369,0.0,1,8,0.0,1,8,0.0,1,8,0.0,1,8,0.0,1,8,0.0,1,8,-0.0,1,8,-9900,?,9,-9900,?,9,23.57,E,8,17.07,E,8,66.0,E,8,964.3861999999999,E,8,999.0,E,8,4.34,E,8,-9900,?,9,-9900,?,9,0.0,E,8,-9900,?,9,-9900,?,9,0.0,0.0,E,8
05/11/2018,20:00,0.0,1338.369,0.0,1,8,0.0,1,8,0.0,1,8,0.0,1,8,0.0,1,8,0.0,1,8,-0.0,1,8,-9900,?,9,-9900,?,9,22.66,E,8,16.77,E,8,69.0,E,8,964.3861999999999,E,8,999.0,E,8,4.28,E,8,-9900,?,9,-9900,?,9,0.0,E,8,-9900,?,9,-9900,?,9,0.0,0.0,E,8
05/11/2018,21:00,0.0,1338.369,0.0,1,8,0.0,1,8,0.0,1,8,0.0,1,8,0.0,1,8,0.0,1,8,-0.0,1,8,-9900,?,9,-9900,?,9,21.75,E,8,16.47,E,8,71.0,E,8,964.3861999999999,E,8,999.0,E,8,3.64,E,8,-9900,?,9,-9900,?,9,0.0,E,8,-9900,?,9,-9900,?,9,0.0,0.0,E,8
05/11/2018,22:00,0.0,1338.369,0.0,1,8,0.0,1,8,0.0,1,8,0.0,1,8,0.0,1,8,0.0,1,8,-0.0,1,8,-9900,?,9,-9900,?,9,20.84,E,8,16.16,E,8,74.0,E,8,964.3861999999999,E,8,999.0,E,8,2.64,E,8,-9900,?,9,-9900,?,9,0.0,E,8,-9900,?,9,-9900,?,9,0.0,0.0,E,8
05/11/2018,23:00,0.0,1338.369,0.0,1,8,0.0,1,8,0.0,1,8,0.0,1,8,0.0,1,8,0.0,1,8,-0.0,1,8,-9900,?,9,-9900,?,9,19.93,E,8,15.85,E,8,77.0,E,8,964.3861999999999,E,8,999.0,E,8,2.5,E,8,-9900,?,9,-9900,?,9,0.0,E,8,-9900,?,9,-9900,?,9,0.0,0.0,E,8
05/11/2018,24:00,0.0,1338.369,0.0,1,8,0.0,1,8,0.0,1,8,0.0,1,8,0.0,1,8,0.0,1,8,-0.0,1,8,-9900,?,9,-9900,?,9,19.02,E,8,13.96,E,8,72.0,E,8,964.3861999999999,E,8,999.0,E,8,2.58,E,8,-9900,?,9,-9900,?,9,0.0,E,8,-9900,?,9,-9900,?,9,0.0,0.0,E,8
05/12/2018,01:00,0.0,1338.369,0.0,1,8,0.0,1,8,0.0,1,8,0.0,1,8,0.0,1,8,0.0,1,8,-0.0,1,8,-9900,?,9,-9900,?,9,18.56,E,8,13.89,E,8,74.0,E,8,964.3861999999999,E,8,999.0,E,8,1.56,E,8,-9900,?,9,-9900,?,9,0.0,E,8,-9900,?,9,-9900,?,9,0.0,0.0,E,8
05/12/2018,02:00,0.0,1338.369,0.0,1,8,0.0,1,8,0.0,1,8,0.0,1,8,0.0,1,8,0.0,1,8,-0.0,1,8,-9900,?,9,-9900,?,9,18.11,E,8,13.82,E,8,75.0,E,8,964.3861999999999,E,8,999.0,E,8,1.56,E,8,-9900,?,9,-9900,?,9,0.0,E,8,-9900,?,9,-9900,?,9,0.0,0.0,E,8
05/12/2018,03:00,0.0,1338.369,0.0,1,8,0.0,1,8,0.0,1,8,0.0,1,8,0.0,1,8,0.0,1,8,-0.0,1,8,-9900,?,9,-9900,?,9,17.66,E,8,13.74,E,8,77.0,E,8,964.3861999999999,E,8,999.0,E,8,1.56,E,8,-9900,?,9,-9900,?,9,0.0,E,8,-9900,?,9,-9900,?,9,0.0,0.0,E,8
05/12/2018,04:00,0.0,1337.754,0.0,1,8,0.0,1,8,0.0,1,8,0.0,1,8,0.0,1,8,0.0,1,8,-0.0,1,8,-9900,?,9,-9900,?,9,17.2,E,8,13.67,E,8,79.0,E,8,964.3861999999999,E,8,999.0,E,8,1.56,E,8,-9900,?,9,-9900,?,9,0.0,E,8,-9900,?,9,-9900,?,9,0.0,0.0,E,8
05/12/2018,05:00,0.0,1337.754,0.0,1,8,0.0,1,8,0.0,1,8,0.0,1,8,0.0,1,8,0.0,1,8,-0.0,1,8,-9900,?,9,-9900,?,9,16.75,E,8,13.6,E,8,81.0,E,8,964.3861999999999,E,8,999.0,E,8,1.56,E,8,-9900,?,9,-9900,?,9,0.0,E,8,-9900,?,9,-9900,?,9,0.0,0.0,E,8
05/12/2018,06:00,0.0,1337.754,0.0,1,8,0.0,1,8,0.0,1,8,0.0,1,8,0.0,1,8,0.0,1,8,-0.0,1,8,-9900,?,9,-9900,?,9,16.39,E,8,13.54,E,8,83.0,E,8,964.3861999999999,E,8,999.0,E,8,1.56,E,8,-9900,?,9,-9900,?,9,0.0,E,8,-9900,?,9,-9900,?,9,0.0,0.0,E,8
05/12/2018,07:00,88.108,1337.754,0.0,1,8,0.0,1,8,0.0,1,8,0.0,1,8,0.0,1,8,0.0,1,8,0.0,1,8,-9900,?,9,-9900,?,9,16.09,E,8,13.49,E,8,84.0,E,8,964.3861999999999,E,8,999.0,E,8,1.56,E,8,-9900,?,9,-9900,?,9,0.0,E,8,-9900,?,9,-9900,?,9,0.0,0.0,E,8
05/12/2018,08:00,377.21,1337.754,78.71,1,8,0.0,1,8,78.71,1,8,9445.2,1,8,0.0,1,8,8658.1,1,8,89.15,1,8,-9900,?,9,-9900,?,9,15.79,E,8,13.44,E,8,85.0,E,8,964.3861999999999,E,8,999.0,E,8,1.56,E,8,-9900,?,9,-9900,?,9,0.0,E,8,-9900,?,9,-9900,?,9,0.0,0.0,E,8
05/12/2018,09:00,633.251,1337.754,249.45,1,8,93.065,1,8,205.441,1,8,29934.0,1,8,8841.177,1,8,22598.456,1,8,138.285,1,8,-9900,?,9,-9900,?,9,20.11,E,8,14.13,E,8,68.0,E,8,964.3861999999999,E,8,999.0,E,8,1.56,E,8,-9900,?,9,-9900,?,9,0.0,E,8,-9900,?,9,-9900,?,9,0.0,0.0,E,8
05/12/2018,10:00,836.229,1337.754,402.26,1,8,149.483,1,8,308.861,1,8,48271.2,1,8,14200.887,1,8,33974.718,1,8,157.349,1,8,-9900,?,9,-9900,?,9,22.19,E,8,14.46,E,8,61.0,E,8,964.3861999999999,E,8,999.0,E,8,1.56,E,8,-9900,?,9,-9900,?,9,0.0,E,8,-9900,?,9,-9900,?,9,0.0,0.0,E,8
05/12/2018,11:00,972.065,1337.754,516.71,1,8,195.405,1,8,374.758,1,8,62005.2,1,8,18563.502,1,8,41223.391,1,8,164.209,1,8,-9900,?,9,-9900,?,9,23.99,E,8,14.74,E,8,56.0,E,8,964.3861999999999,E,8,999.0,E,8,1.56,E,8,-9900,?,9,-9900,?,9,0.0,E,8,-9900,?,9,-9900,?,9,0.0,0.0,E,8
05/12/2018,12:00,1031.443,1337.754,582.98,1,8,287.406,1,8,361.427,1,8,69957.6,1,8,27303.615,1,8,39756.929,1,8,149.241,1,8,-9900,?,9,-9900,?,9,25.42,E,8,14.95,E,8,52.0,E,8,964.3861999999999,E,8,999.0,E,8,2.11,E,8,-9900,?,9,-9900,?,9,0.0,E,8,-9900,?,9,-9900,?,9,0.0,0.0,E,8
05/12/2018,13:00,1010.302,1337.754,595.99,1,8,347.391,1,8,333.691,1,8,71518.8,1,8,33002.102,1,8,36706.0,1,8,140.675,1,8,-9900,?,9,-9900,?,9,26.42,E,8,15.1,E,8,49.0,E,8,964.3861999999999,E,8,999.0,E,8,3.01,E,8,-9900,?,9,-9900,?,9,0.0,E,8,-9900,?,9,-9900,?,9,0.0,0.0,E,8
05/12/2018,14:00,910.093,1337.754,554.75,1,8,423.627,1,8,266.649,1,8,66570.0,1,8,40244.609,1,8,29331.341,1,8,124.804,1,8,-9900,?,9,-9900,?,9,26.99,E,8,15.19,E,8,48.0,E,8,964.3861999999999,E,8,999.0,E,8,4.44,E,8,-9900,?,9,-9900,?,9,0.0,E,8,-9900,?,9,-9900,?,9,0.0,0.0,E,8
05/12/2018,15:00,737.683,1337.754,462.38,1,8,547.913,1,8,160.444,1,8,55485.6,1,8,52051.769,1,8,17648.888,1,8,92.677,1,8,-9900,?,9,-9900,?,9,27.11,E,8,15.2,E,8,48.0,E,8,964.3861999999999,E,8,999.0,E,8,3.19,E,8,-9900,?,9,-9900,?,9,0.0,E,8,-9900,?,9,-9900,?,9,0.0,0.0,E,8
05/12/2018,16:00,504.947,1337.754,326.29,1,8,526.477,1,8,127.914,1,8,39154.8,1,8,50015.361,1,8,14070.567,1,8,108.059,1,8,-9900,?,9,-9900,?,9,26.59,E,8,15.13,E,8,49.0,E,8,964.3861999999999,E,8,999.0,E,8,2.75,E,8,-9900,?,9,-9900,?,9,0.0,E,8,-9900,?,9,-9900,?,9,0.0,0.0,E,8
05/12/2018,17:00,228.413,1337.754,160.01,1,8,408.407,1,8,90.923,1,8,19201.2,1,8,38798.707,1,8,10001.542,1,8,171.089,1,8,-9900,?,9,-9900,?,9,25.43,E,8,14.95,E,8,52.0,E,8,964.3861999999999,E,8,999.0,E,8,3.44,E,8,-9900,?,9,-9900,?,9,0.0,E,8,-9900,?,9,-9900,?,9,0.0,0.0,E,8
05/12/2018,18:00,0.0,1337.754,9.57,1,8,0.0,1,8,0.0,1,8,1148.4,1,8,0.0,1,8,0.0,1,8,-0.0,1,8,-9900,?,9,-9900,?,9,24.47,E,8,14.81,E,8,54.0,E,8,964.3861999999999,E,8,999.0,E,8,3.0,E,8,-9900,?,9,-9900,?,9,0.0,E,8,-9900,?,9,-9900,?,9,0.0,0.0,E,8
05/12/2018,19:00,0.0,1337.754,0.0,1,8,0.0,1,8,0.0,1,8,0.0,1,8,0.0,1,8,0.0,1,8,-0.0,1,8,-9900,?,9,-9900,?,9,23.5,E,8,14.66,E,8,57.0,E,8,964.3861999999999,E,8,999.0,E,8,1.56,E,8,-9900,?,9,-9900,?,9,0.0,E,8,-9900,?,9,-9900,?,9,0.0,0.0,E,8
05/12/2018,20:00,0.0,1337.754,0.0,1,8,0.0,1,8,0.0,1,8,0.0,1,8,0.0,1,8,0.0,1,8,-0.0,1,8,-9900,?,9,-9900,?,9,22.53,E,8,14.51,E,8,60.0,E,8,964.3861999999999,E,8,999.0,E,8,1.56,E,8,-9900,?,9,-9900,?,9,0.0,E,8,-9900,?,9,-9900,?,9,0.0,0.0,E,8
05/12/2018,21:00,0.0,1337.754,0.0,1,8,0.0,1,8,0.0,1,8,0.0,1,8,0.0,1,8,0.0,1,8,-0.0,1,8,-9900,?,9,-9900,?,9,21.57,E,8,14.36,E,8,63.0,E,8,964.3861999999999,E,8,999.0,E,8,1.92,E,8,-9900,?,9,-9900,?,9,0.0,E,8,-9900,?,9,-9900,?,9,0.0,0.0,E,8
05/12/2018,22:00,0.0,1337.754,0.0,1,8,0.0,1,8,0.0,1,8,0.0,1,8,0.0,1,8,0.0,1,8,-0.0,1,8,-9900,?,9,-9900,?,9,20.6,E,8,14.21,E,8,66.0,E,8,964.3861999999999,E,8,999.0,E,8,2.1,E,8,-9900,?,9,-9900,?,9,0.0,E,8,-9900,?,9,-9900,?,9,0.0,0.0,E,8
05/12/2018,23:00,0.0,1337.754,0.0,1,8,0.0,1,8,0.0,1,8,0.0,1,8,0.0,1,8,0.0,1,8,-0.0,1,8,-9900,?,9,-9900,?,9,19.63,E,8,14.06,E,8,70.0,E,8,964.3861999999999,E,8,999.0,E,8,1.56,E,8,-9900,?,9,-9900,?,9,0.0,E,8,-9900,?,9,-9900,?,9,0.0,0.0,E,8
05/12/2018,24:00,0.0,1337.754,0.0,1,8,0.0,1,8,0.0,1,8,0.0,1,8,0.0,1,8,0.0,1,8,-0.0,1,8,-9900,?,9,-9900,?,9,18.66,E,8,13.8,E,8,73.0,E,8,964.3861999999999,E,8,999.0,E,8,1.44,E,8,-9900,?,9,-9900,?,9,0.0,E,8,-9900,?,9,-9900,?,9,0.0,0.0,E,8
05/13/2018,01:00,0.0,1337.754,0.0,1,8,0.0,1,8,0.0,1,8,0.0,1,8,0.0,1,8,0.0,1,8,-0.0,1,8,-9900,?,9,-9900,?,9,18.18,E,8,13.7,E,8,75.0,E,8,964.3861999999999,E,8,999.0,E,8,1.15,E,8,-9900,?,9,-9900,?,9,0.0,E,8,-9900,?,9,-9900,?,9,0.0,0.0,E,8
05/13/2018,02:00,0.0,1337.754,0.0,1,8,0.0,1,8,0.0,1,8,0.0,1,8,0.0,1,8,0.0,1,8,-0.0,1,8,-9900,?,9,-9900,?,9,17.7,E,8,13.6,E,8,76.0,E,8,964.3861999999999,E,8,999.0,E,8,1.15,E,8,-9900,?,9,-9900,?,9,0.0,E,8,-9900,?,9,-9900,?,9,0.0,0.0,E,8
05/13/2018,03:00,0.0,1337.754,0.0,1,8,0.0,1,8,0.0,1,8,0.0,1,8,0.0,1,8,0.0,1,8,-0.0,1,8,-9900,?,9,-9900,?,9,17.21,E,8,13.49,E,8,78.0,E,8,964.3861999999999,E,8,999.0,E,8,1.15,E,8,-9900,?,9,-9900,?,9,0.0,E,8,-9900,?,9,-9900,?,9,0.0,0.0,E,8
05/13/2018,04:00,0.0,1337.149,0.0,1,8,0.0,1,8,0.0,1,8,0.0,1,8,0.0,1,8,0.0,1,8,-0.0,1,8,-9900,?,9,-9900,?,9,16.73,E,8,13.39,E,8,80.0,E,8,964.3861999999999,E,8,999.0,E,8,1.15,E,8,-9900,?,9,-9900,?,9,0.0,E,8,-9900,?,9,-9900,?,9,0.0,0.0,E,8
05/13/2018,05:00,0.0,1337.149,0.0,1,8,0.0,1,8,0.0,1,8,0.0,1,8,0.0,1,8,0.0,1,8,-0.0,1,8,-9900,?,9,-9900,?,9,16.25,E,8,13.29,E,8,82.0,E,8,964.3861999999999,E,8,999.0,E,8,1.45,E,8,-9900,?,9,-9900,?,9,0.0,E,8,-9900,?,9,-9900,?,9,0.0,0.0,E,8
05/13/2018,06:00,0.0,1337.149,0.0,1,8,0.0,1,8,0.0,1,8,0.0,1,8,0.0,1,8,0.0,1,8,-0.0,1,8,-9900,?,9,-9900,?,9,15.87,E,8,13.21,E,8,84.0,E,8,964.3861999999999,E,8,999.0,E,8,1.15,E,8,-9900,?,9,-9900,?,9,0.0,E,8,-9900,?,9,-9900,?,9,0.0,0.0,E,8
05/13/2018,07:00,85.877,1337.149,0.0,1,8,0.0,1,8,0.0,1,8,0.0,1,8,0.0,1,8,0.0,1,8,0.0,1,8,-9900,?,9,-9900,?,9,15.55,E,8,13.14,E,8,85.0,E,8,964.3861999999999,E,8,999.0,E,8,1.15,E,8,-9900,?,9,-9900,?,9,0.0,E,8,-9900,?,9,-9900,?,9,0.0,0.0,E,8
05/13/2018,08:00,374.347,1337.149,101.47,1,8,11.199,1,8,98.345,1,8,12176.4,1,8,1063.925,1,8,10817.981,1,8,112.197,1,8,-9900,?,9,-9900,?,9,15.23,E,8,13.07,E,8,86.0,E,8,964.3861999999999,E,8,999.0,E,8,1.32,E,8,-9900,?,9,-9900,?,9,0.0,E,8,-9900,?,9,-9900,?,9,0.0,0.0,E,8
05/13/2018,09:00,629.889,1337.149,323.01,1,8,229.943,1,8,214.802,1,8,38761.2,1,8,21844.597,1,8,23628.207,1,8,145.294,1,8,-9900,?,9,-9900,?,9,19.74,E,8,14.02,E,8,69.0,E,8,964.3861999999999,E,8,999.0,E,8,1.15,E,8,-9900,?,9,-9900,?,9,0.0,E,8,-9900,?,9,-9900,?,9,0.0,0.0,E,8
05/13/2018,10:00,832.471,1337.149,521.43,1,8,470.423,1,8,228.694,1,8,62571.6,1,8,44690.179,1,8,25156.319,1,8,116.981,1,8,-9900,?,9,-9900,?,9,21.93,E,8,14.47,E,8,62.0,E,8,964.3861999999999,E,8,999.0,E,8,1.15,E,8,-9900,?,9,-9900,?,9,0.0,E,8,-9900,?,9,-9900,?,9,0.0,0.0,E,8
05/13/2018,11:00,968.037,1337.149,671.75,1,8,640.899,1,8,207.891,1,8,80610.0,1,8,60885.446,1,8,22867.971,1,8,91.43,1,8,-9900,?,9,-9900,?,9,23.83,E,8,14.85,E,8,57.0,E,8,964.3861999999999,E,8,999.0,E,8,1.15,E,8,-9900,?,9,-9900,?,9,0.0,E,8,-9900,?,9,-9900,?,9,0.0,0.0,E,8
05/13/2018,12:00,1027.289,1337.149,753.52,1,8,737.634,1,8,186.935,1,8,90422.4,1,8,70075.229,1,8,20562.802,1,8,77.467,1,8,-9900,?,9,-9900,?,9,25.31,E,8,15.14,E,8,53.0,E,8,964.3861999999999,E,8,999.0,E,8,1.15,E,8,-9900,?,9,-9900,?,9,0.0,E,8,-9900,?,9,-9900,?,9,0.0,0.0,E,8
05/13/2018,13:00,1006.176,1337.149,771.31,1,8,859.64,1,8,124.595,1,8,92557.2,1,8,81665.817,1,8,13705.421,1,8,52.717,1,8,-9900,?,9,-9900,?,9,26.36,E,8,15.34,E,8,50.0,E,8,964.3861999999999,E,8,999.0,E,8,1.15,E,8,-9900,?,9,-9900,?,9,0.0,E,8,-9900,?,9,-9900,?,9,0.0,0.0,E,8
05/13/2018,14:00,906.145,1337.149,714.15,1,8,782.856,1,8,183.816,1,8,85698.0,1,8,74371.299,1,8,20219.743,1,8,86.37,1,8,-9900,?,9,-9900,?,9,26.94,E,8,15.45,E,8,49.0,E,8,964.3861999999999,E,8,999.0,E,8,1.37,E,8,-9900,?,9,-9900,?,9,0.0,E,8,-9900,?,9,-9900,?,9,0.0,0.0,E,8
05/13/2018,15:00,734.053,1337.149,596.42,1,8,691.607,1,8,217.007,1,8,71570.4,1,8,65702.62,1,8,23870.797,1,8,125.913,1,8,-9900,?,9,-9900,?,9,27.06,E,8,15.47,E,8,49.0,E,8,964.3861999999999,E,8,999.0,E,8,2.5,E,8,-9900,?,9,-9900,?,9,0.0,E,8,-9900,?,9,-9900,?,9,0.0,0.0,E,8
05/13/2018,16:00,501.753,1337.149,416.83,1,8,714.797,1,8,149.084,1,8,50019.6,1,8,67905.744,1,8,16399.275,1,8,126.69,1,8,-9900,?,9,-9900,?,9,26.5,E,8,15.37,E,8,50.0,E,8,964.3861999999999,E,8,999.0,E,8,3.68,E,8,-9900,?,9,-9900,?,9,0.0,E,8,-9900,?,9,-9900,?,9,0.0,0.0,E,8
05/13/2018,17:00,225.756,1337.149,204.66,1,8,451.945,1,8,129.079,1,8,24559.2,1,8,42934.741,1,8,14198.693,1,8,245.685,1,8,-9900,?,9,-9900,?,9,25.29,E,8,15.13,E,8,53.0,E,8,964.3861999999999,E,8,999.0,E,8,3.92,E,8,-9900,?,9,-9900,?,9,0.0,E,8,-9900,?,9,-9900,?,9,0.0,0.0,E,8
05/13/2018,18:00,0.0,1337.149,11.39,1,8,0.0,1,8,0.0,1,8,1366.8,1,8,0.0,1,8,0.0,1,8,-0.0,1,8,-9900,?,9,-9900,?,9,24.36,E,8,14.95,E,8,55.0,E,8,964.3861999999999,E,8,999.0,E,8,2.86,E,8,-9900,?,9,-9900,?,9,0.0,E,8,-9900,?,9,-9900,?,9,0.0,0.0,E,8
05/13/2018,19:00,0.0,1337.149,0.0,1,8,0.0,1,8,0.0,1,8,0.0,1,8,0.0,1,8,0.0,1,8,-0.0,1,8,-9900,?,9,-9900,?,9,23.43,E,8,14.77,E,8,58.0,E,8,964.3861999999999,E,8,999.0,E,8,1.95,E,8,-9900,?,9,-9900,?,9,0.0,E,8,-9900,?,9,-9900,?,9,0.0,0.0,E,8
05/13/2018,20:00,0.0,1337.149,0.0,1,8,0.0,1,8,0.0,1,8,0.0,1,8,0.0,1,8,0.0,1,8,-0.0,1,8,-9900,?,9,-9900,?,9,22.5,E,8,14.59,E,8,60.0,E,8,964.3861999999999,E,8,999.0,E,8,1.15,E,8,-9900,?,9,-9900,?,9,0.0,E,8,-9900,?,9,-9900,?,9,0.0,0.0,E,8
05/13/2018,21:00,0.0,1337.149,0.0,1,8,0.0,1,8,0.0,1,8,0.0,1,8,0.0,1,8,0.0,1,8,-0.0,1,8,-9900,?,9,-9900,?,9,21.57,E,8,14.4,E,8,63.0,E,8,964.3861999999999,E,8,999.0,E,8,1.15,E,8,-9900,?,9,-9900,?,9,0.0,E,8,-9900,?,9,-9900,?,9,0.0,0.0,E,8
05/13/2018,22:00,0.0,1337.149,0.0,1,8,0.0,1,8,0.0,1,8,0.0,1,8,0.0,1,8,0.0,1,8,-0.0,1,8,-9900,?,9,-9900,?,9,20.64,E,8,14.21,E,8,66.0,E,8,964.3861999999999,E,8,999.0,E,8,1.15,E,8,-9900,?,9,-9900,?,9,0.0,E,8,-9900,?,9,-9900,?,9,0.0,0.0,E,8
05/13/2018,23:00,0.0,1337.149,0.0,1,8,0.0,1,8,0.0,1,8,0.0,1,8,0.0,1,8,0.0,1,8,-0.0,1,8,-9900,?,9,-9900,?,9,19.7,E,8,14.02,E,8,69.0,E,8,964.3861999999999,E,8,999.0,E,8,1.15,E,8,-9900,?,9,-9900,?,9,0.0,E,8,-9900,?,9,-9900,?,9,0.0,0.0,E,8
05/13/2018,24:00,0.0,1337.149,0.0,1,8,0.0,1,8,0.0,1,8,0.0,1,8,0.0,1,8,0.0,1,8,-0.0,1,8,-9900,?,9,-9900,?,9,18.77,E,8,15.45,E,8,81.0,E,8,964.3861999999999,E,8,999.0,E,8,0.49,E,8,-9900,?,9,-9900,?,9,0.0,E,8,-9900,?,9,-9900,?,9,0.0,0.0,E,8
05/14/2018,01:00,0.0,1337.149,0.0,1,8,0.0,1,8,0.0,1,8,0.0,1,8,0.0,1,8,0.0,1,8,-0.0,1,8,-9900,?,9,-9900,?,9,18.31,E,8,15.25,E,8,82.0,E,8,964.3861999999999,E,8,999.0,E,8,0.61,E,8,-9900,?,9,-9900,?,9,0.0,E,8,-9900,?,9,-9900,?,9,0.0,0.0,E,8
05/14/2018,02:00,0.0,1337.149,0.0,1,8,0.0,1,8,0.0,1,8,0.0,1,8,0.0,1,8,0.0,1,8,-0.0,1,8,-9900,?,9,-9900,?,9,17.84,E,8,15.04,E,8,83.0,E,8,964.3861999999999,E,8,999.0,E,8,0.63,E,8,-9900,?,9,-9900,?,9,0.0,E,8,-9900,?,9,-9900,?,9,0.0,0.0,E,8
05/14/2018,03:00,0.0,1337.149,0.0,1,8,0.0,1,8,0.0,1,8,0.0,1,8,0.0,1,8,0.0,1,8,-0.0,1,8,-9900,?,9,-9900,?,9,17.38,E,8,14.84,E,8,85.0,E,8,964.3861999999999,E,8,999.0,E,8,0.64,E,8,-9900,?,9,-9900,?,9,0.0,E,8,-9900,?,9,-9900,?,9,0.0,0.0,E,8
05/14/2018,04:00,0.0,1336.552,0.0,1,8,0.0,1,8,0.0,1,8,0.0,1,8,0.0,1,8,0.0,1,8,-0.0,1,8,-9900,?,9,-9900,?,9,16.91,E,8,14.63,E,8,86.0,E,8,964.3861999999999,E,8,999.0,E,8,0.49,E,8,-9900,?,9,-9900,?,9,0.0,E,8,-9900,?,9,-9900,?,9,0.0,0.0,E,8
05/14/2018,05:00,0.0,1336.552,0.0,1,8,0.0,1,8,0.0,1,8,0.0,1,8,0.0,1,8,0.0,1,8,-0.0,1,8,-9900,?,9,-9900,?,9,16.45,E,8,14.42,E,8,87.0,E,8,964.3861999999999,E,8,999.0,E,8,0.49,E,8,-9900,?,9,-9900,?,9,0.0,E,8,-9900,?,9,-9900,?,9,0.0,0.0,E,8
05/14/2018,06:00,0.0,1336.552,0.0,1,8,0.0,1,8,0.0,1,8,0.0,1,8,0.0,1,8,0.0,1,8,-0.0,1,8,-9900,?,9,-9900,?,9,16.09,E,8,14.25,E,8,88.0,E,8,964.3861999999999,E,8,999.0,E,8,0.49,E,8,-9900,?,9,-9900,?,9,0.0,E,8,-9900,?,9,-9900,?,9,0.0,0.0,E,8
05/14/2018,07:00,83.65,1336.552,0.0,1,8,0.0,1,8,0.0,1,8,0.0,1,8,0.0,1,8,0.0,1,8,0.0,1,8,-9900,?,9,-9900,?,9,15.78,E,8,14.11,E,8,89.0,E,8,964.3861999999999,E,8,999.0,E,8,0.49,E,8,-9900,?,9,-9900,?,9,0.0,E,8,-9900,?,9,-9900,?,9,0.0,0.0,E,8
05/14/2018,08:00,371.494,1336.552,69.38,1,8,0.0,1,8,69.38,1,8,8325.6,1,8,0.0,1,8,7631.8,1,8,79.728,1,8,-9900,?,9,-9900,?,9,15.48,E,8,13.97,E,8,90.0,E,8,964.3861999999999,E,8,999.0,E,8,0.65,E,8,-9900,?,9,-9900,?,9,0.0,E,8,-9900,?,9,-9900,?,9,0.0,0.0,E,8
05/14/2018,09:00,626.55,1336.552,256.25,1,8,109.662,1,8,204.896,1,8,30750.0,1,8,10417.913,1,8,22538.533,1,8,139.272,1,8,-9900,?,9,-9900,?,9,19.19,E,8,15.63,E,8,79.0,E,8,964.3861999999999,E,8,999.0,E,8,1.16,E,8,-9900,?,9,-9900,?,9,0.0,E,8,-9900,?,9,-9900,?,9,0.0,0.0,E,8
05/14/2018,10:00,828.749,1336.552,408.52,1,8,186.373,1,8,293.011,1,8,49022.4,1,8,17705.447,1,8,32231.193,1,8,150.488,1,8,-9900,?,9,-9900,?,9,21.06,E,8,16.41,E,8,74.0,E,8,964.3861999999999,E,8,999.0,E,8,1.17,E,8,-9900,?,9,-9900,?,9,0.0,E,8,-9900,?,9,-9900,?,9,0.0,0.0,E,8
05/14/2018,11:00,964.059,1336.552,600.13,1,8,448.718,1,8,276.555,1,8,72015.6,1,8,42628.254,1,8,30421.1,1,8,122.076,1,8,-9900,?,9,-9900,?,9,23.09,E,8,17.22,E,8,69.0,E,8,964.3861999999999,E,8,999.0,E,8,1.27,E,8,-9900,?,9,-9900,?,9,0.0,E,8,-9900,?,9,-9900,?,9,0.0,0.0,E,8
05/14/2018,12:00,1023.2,1336.552,689.38,1,8,589.529,1,8,238.158,1,8,82725.6,1,8,56005.291,1,8,26197.393,1,8,99.045,1,8,-9900,?,9,-9900,?,9,24.71,E,8,17.84,E,8,65.0,E,8,964.3861999999999,E,8,999.0,E,8,2.0,E,8,-9900,?,9,-9900,?,9,0.0,E,8,-9900,?,9,-9900,?,9,0.0,0.0,E,8
05/14/2018,13:00,1002.127,1336.552,713.33,1,8,704.096,1,8,185.53,1,8,85599.6,1,8,66889.129,1,8,20408.298,1,8,78.782,1,8,-9900,?,9,-9900,?,9,25.89,E,8,18.27,E,8,62.0,E,8,964.3861999999999,E,8,999.0,E,8,2.37,E,8,-9900,?,9,-9900,?,9,0.0,E,8,-9900,?,9,-9900,?,9,0.0,0.0,E,8
05/14/2018,14:00,902.285,1336.552,591.48,1,8,593.575,1,8,190.907,1,8,70977.6,1,8,56389.644,1,8,20999.803,1,8,90.047,1,8,-9900,?,9,-9900,?,9,26.33,E,8,18.43,E,8,61.0,E,8,964.3861999999999,E,8,999.0,E,8,2.33,E,8,-9900,?,9,-9900,?,9,0.0,E,8,-9900,?,9,-9900,?,9,0.0,0.0,E,8
05/14/2018,15:00,730.518,1336.552,500.46,1,8,706.371,1,8,114.645,1,8,60055.2,1,8,67105.237,1,8,12610.917,1,8,66.812,1,8,-9900,?,9,-9900,?,9,26.4,E,8,18.46,E,8,61.0,E,8,964.3861999999999,E,8,999.0,E,8,3.05,E,8,-9900,?,9,-9900,?,9,0.0,E,8,-9900,?,9,-9900,?,9,0.0,0.0,E,8
05/14/2018,16:00,498.659,1336.552,307.94,1,8,458.004,1,8,137.369,1,8,36952.8,1,8,43510.358,1,8,15110.568,1,8,117.409,1,8,-9900,?,9,-9900,?,9,25.66,E,8,18.19,E,8,63.0,E,8,964.3861999999999,E,8,999.0,E,8,2.89,E,8,-9900,?,9,-9900,?,9,0.0,E,8,-9900,?,9,-9900,?,9,0.0,0.0,E,8
05/14/2018,17:00,223.199,1336.552,154.99,1,8,316.158,1,8,102.704,1,8,18598.8,1,8,30035.034,1,8,11297.405,1,8,197.675,1,8,-9900,?,9,-9900,?,9,24.48,E,8,17.75,E,8,66.0,E,8,964.3861999999999,E,8,999.0,E,8,2.38,E,8,-9900,?,9,-9900,?,9,0.0,E,8,-9900,?,9,-9900,?,9,0.0,0.0,E,8
05/14/2018,18:00,0.0,1336.552,10.48,1,8,0.0,1,8,0.0,1,8,1257.6,1,8,0.0,1,8,0.0,1,8,-0.0,1,8,-9900,?,9,-9900,?,9,23.69,E,8,17.45,E,8,68.0,E,8,964.3861999999999,E,8,999.0,E,8,1.94,E,8,-9900,?,9,-9900,?,9,0.0,E,8,-9900,?,9,-9900,?,9,0.0,0.0,E,8
05/14/2018,19:00,0.0,1336.552,0.0,1,8,0.0,1,8,0.0,1,8,0.0,1,8,0.0,1,8,0.0,1,8,-0.0,1,8,-9900,?,9,-9900,?,9,22.9,E,8,17.14,E,8,70.0,E,8,964.3861999999999,E,8,999.0,E,8,1.27,E,8,-9900,?,9,-9900,?,9,0.0,E,8,-9900,?,9,-9900,?,9,0.0,0.0,E,8
05/14/2018,20:00,0.0,1336.552,0.0,1,8,0.0,1,8,0.0,1,8,0.0,1,8,0.0,1,8,0.0,1,8,-0.0,1,8,-9900,?,9,-9900,?,9,22.1,E,8,16.83,E,8,72.0,E,8,964.3861999999999,E,8,999.0,E,8,0.96,E,8,-9900,?,9,-9900,?,9,0.0,E,8,-9900,?,9,-9900,?,9,0.0,0.0,E,8
05/14/2018,21:00,0.0,1336.552,0.0,1,8,0.0,1,8,0.0,1,8,0.0,1,8,0.0,1,8,0.0,1,8,-0.0,1,8,-9900,?,9,-9900,?,9,21.31,E,8,16.51,E,8,74.0,E,8,964.3861999999999,E,8,999.0,E,8,1.01,E,8,-9900,?,9,-9900,?,9,0.0,E,8,-9900,?,9,-9900,?,9,0.0,0.0,E,8
05/14/2018,22:00,0.0,1336.552,0.0,1,8,0.0,1,8,0.0,1,8,0.0,1,8,0.0,1,8,0.0,1,8,-0.0,1,8,-9900,?,9,-9900,?,9,20.52,E,8,16.19,E,8,76.0,E,8,964.3861999999999,E,8,999.0,E,8,1.1,E,8,-9900,?,9,-9900,?,9,0.0,E,8,-9900,?,9,-9900,?,9,0.0,0.0,E,8
05/14/2018,23:00,0.0,1336.552,0.0,1,8,0.0,1,8,0.0,1,8,0.0,1,8,0.0,1,8,0.0,1,8,-0.0,1,8,-9900,?,9,-9900,?,9,19.73,E,8,15.86,E,8,78.0,E,8,964.3861999999999,E,8,999.0,E,8,0.49,E,8,-9900,?,9,-9900,?,9,0.0,E,8,-9900,?,9,-9900,?,9,0.0,0.0,E,8
05/14/2018,24:00,0.0,1336.552,0.0,1,8,0.0,1,8,0.0,1,8,0.0,1,8,0.0,1,8,0.0,1,8,-0.0,1,8,-9900,?,9,-9900,?,9,18.93,E,8,16.31,E,8,84.0,E,8,964.3861999999999,E,8,999.0,E,8,1.1,E,8,-9900,?,9,-9900,?,9,0.0,E,8,-9900,?,9,-9900,?,9,0.0,0.0,E,8
05/15/2018,01:00,0.0,1336.552,0.0,1,8,0.0,1,8,0.0,1,8,0.0,1,8,0.0,1,8,0.0,1,8,-0.0,1,8,-9900,?,9,-9900,?,9,18.54,E,8,16.15,E,8,90.0,E,8,964.3861999999999,E,8,999.0,E,8,1.1,E,8,-9900,?,9,-9900,?,9,0.003,E,8,-9900,?,9,-9900,?,9,0.03,99.0,E,8
05/15/2018,02:00,0.0,1336.552,0.0,1,8,0.0,1,8,0.0,1,8,0.0,1,8,0.0,1,8,0.0,1,8,-0.0,1,8,-9900,?,9,-9900,?,9,18.14,E,8,15.98,E,8,87.0,E,8,964.3861999999999,E,8,999.0,E,8,1.1,E,8,-9900,?,9,-9900,?,9,0.0,E,8,-9900,?,9,-9900,?,9,0.0,0.0,E,8
05/15/2018,03:00,0.0,1336.552,0.0,1,8,0.0,1,8,0.0,1,8,0.0,1,8,0.0,1,8,0.0,1,8,-0.0,1,8,-9900,?,9,-9900,?,9,17.75,E,8,15.82,E,8,88.0,E,8,964.3861999999999,E,8,999.0,E,8,1.1,E,8,-9900,?,9,-9900,?,9,0.0,E,8,-9900,?,9,-9900,?,9,0.0,0.0,E,8
05/15/2018,04:00,0.0,1335.964,0.0,1,8,0.0,1,8,0.0,1,8,0.0,1,8,0.0,1,8,0.0,1,8,-0.0,1,8,-9900,?,9,-9900,?,9,17.35,E,8,15.65,E,8,89.0,E,8,964.3861999999999,E,8,999.0,E,8,1.1,E,8,-9900,?,9,-9900,?,9,0.0,E,8,-9900,?,9,-9900,?,9,0.0,0.0,E,8
05/15/2018,05:00,0.0,1335.964,0.0,1,8,0.0,1,8,0.0,1,8,0.0,1,8,0.0,1,8,0.0,1,8,-0.0,1,8,-9900,?,9,-9900,?,9,16.95,E,8,15.47,E,8,90.0,E,8,964.3861999999999,E,8,999.0,E,8,1.1,E,8,-9900,?,9,-9900,?,9,0.0,E,8,-9900,?,9,-9900,?,9,0.0,0.0,E,8
05/15/2018,06:00,0.0,1335.964,0.0,1,8,0.0,1,8,0.0,1,8,0.0,1,8,0.0,1,8,0.0,1,8,-0.0,1,8,-9900,?,9,-9900,?,9,16.65,E,8,15.34,E,8,91.0,E,8,964.3861999999999,E,8,999.0,E,8,1.1,E,8,-9900,?,9,-9900,?,9,0.0,E,8,-9900,?,9,-9900,?,9,0.0,0.0,E,8
05/15/2018,07:00,81.427,1335.964,0.0,1,8,0.0,1,8,0.0,1,8,0.0,1,8,0.0,1,8,0.0,1,8,0.0,1,8,-9900,?,9,-9900,?,9,16.39,E,8,15.23,E,8,92.0,E,8,964.3861999999999,E,8,999.0,E,8,1.1,E,8,-9900,?,9,-9900,?,9,0.0,E,8,-9900,?,9,-9900,?,9,0.0,0.0,E,8
05/15/2018,08:00,368.653,1335.964,67.87,1,8,0.0,1,8,67.87,1,8,8144.4,1,8,0.0,1,8,7465.7,1,8,78.564,1,8,-9900,?,9,-9900,?,9,16.12,E,8,15.11,E,8,93.0,E,8,964.3861999999999,E,8,999.0,E,8,1.1,E,8,-9900,?,9,-9900,?,9,0.0,E,8,-9900,?,9,-9900,?,9,0.0,0.0,E,8
05/15/2018,09:00,623.235,1335.964,220.64,1,8,76.513,1,8,184.984,1,8,26476.8,1,8,7268.774,1,8,20348.187,1,8,126.352,1,8,-9900,?,9,-9900,?,9,20.2,E,8,16.83,E,8,80.0,E,8,964.3861999999999,E,8,999.0,E,8,1.1,E,8,-9900,?,9,-9900,?,9,0.0,E,8,-9900,?,9,-9900,?,9,0.0,0.0,E,8
05/15/2018,10:00,825.065,1335.964,357.63,1,8,102.018,1,8,294.655,1,8,42915.6,1,8,9691.746,1,8,32412.094,1,8,151.942,1,8,-9900,?,9,-9900,?,9,22.2,E,8,17.61,E,8,75.0,E,8,964.3861999999999,E,8,999.0,E,8,1.1,E,8,-9900,?,9,-9900,?,9,0.0,E,8,-9900,?,9,-9900,?,9,0.0,0.0,E,8
05/15/2018,11:00,960.135,1335.964,460.25,1,8,107.569,1,8,382.963,1,8,55230.0,1,8,10219.064,1,8,42125.945,1,8,169.664,1,8,-9900,?,9,-9900,?,9,23.93,E,8,18.26,E,8,70.0,E,8,964.3861999999999,E,8,999.0,E,8,1.1,E,8,-9900,?,9,-9900,?,9,0.0,E,8,-9900,?,9,-9900,?,9,0.0,0.0,E,8
05/15/2018,12:00,1019.178,1335.964,519.67,1,8,130.568,1,8,420.083,1,8,62360.4,1,8,12403.998,1,8,46209.151,1,8,175.316,1,8,-9900,?,9,-9900,?,9,25.3,E,8,18.75,E,8,67.0,E,8,964.3861999999999,E,8,999.0,E,8,1.1,E,8,-9900,?,9,-9900,?,9,0.0,E,8,-9900,?,9,-9900,?,9,0.0,0.0,E,8
05/15/2018,13:00,998.157,1335.964,531.33,1,8,156.706,1,8,414.275,1,8,63759.6,1,8,14887.106,1,8,45570.252,1,8,176.537,1,8,-9900,?,9,-9900,?,9,26.27,E,8,19.1,E,8,64.0,E,8,964.3861999999999,E,8,999.0,E,8,1.1,E,8,-9900,?,9,-9900,?,9,0.0,E,8,-9900,?,9,-9900,?,9,0.0,0.0,E,8
05/15/2018,14:00,898.514,1335.964,494.35,1,8,315.98,1,8,281.911,1,8,59322.0,1,8,30018.069,1,8,31010.165,1,8,133.471,1,8,-9900,?,9,-9900,?,9,26.82,E,8,19.29,E,8,63.0,E,8,964.3861999999999,E,8,999.0,E,8,1.64,E,8,-9900,?,9,-9900,?,9,0.0,E,8,-9900,?,9,-9900,?,9,0.0,0.0,E,8
05/15/2018,15:00,727.08,1335.964,411.53,1,8,406.101,1,8,190.669,1,8,49383.6,1,8,38579.595,1,8,20973.574,1,8,111.595,1,8,-9900,?,9,-9900,?,9,26.93,E,8,19.33,E,8,63.0,E,8,964.3861999999999,E,8,999.0,E,8,2.09,E,8,-9900,?,9,-9900,?,9,0.0,E,8,-9900,?,9,-9900,?,9,0.0,0.0,E,8
05/15/2018,16:00,495.665,1335.964,289.52,1,8,455.087,1,8,120.982,1,8,34742.4,1,8,43233.273,1,8,13308.072,1,8,103.985,1,8,-9900,?,9,-9900,?,9,26.43,E,8,19.15,E,8,64.0,E,8,964.3861999999999,E,8,999.0,E,8,1.96,E,8,-9900,?,9,-9900,?,9,0.0,E,8,-9900,?,9,-9900,?,9,0.0,0.0,E,8
05/15/2018,17:00,220.742,1335.964,140.51,1,8,322.77,1,8,87.706,1,8,16861.2,1,8,30663.149,1,8,9647.618,1,8,170.648,1,8,-9900,?,9,-9900,?,9,25.32,E,8,18.76,E,8,67.0,E,8,964.3861999999999,E,8,999.0,E,8,1.6,E,8,-9900,?,9,-9900,?,9,0.0,E,8,-9900,?,9,-9900,?,9,0.0,0.0,E,8
05/15/2018,18:00,0.0,1335.964,7.31,1,8,0.0,1,8,0.0,1,8,877.2,1,8,0.0,1,8,0.0,1,8,-0.0,1,8,-9900,?,9,-9900,?,9,24.5,E,8,18.46,E,8,74.0,E,8,964.3861999999999,E,8,999.0,E,8,1.56,E,8,-9900,?,9,-9900,?,9,0.096,E,8,-9900,?,9,-9900,?,9,0.96,99.0,E,8
05/15/2018,19:00,0.0,1335.964,0.0,1,8,0.0,1,8,0.0,1,8,0.0,1,8,0.0,1,8,0.0,1,8,-0.0,1,8,-9900,?,9,-9900,?,9,23.68,E,8,18.16,E,8,76.0,E,8,964.3861999999999,E,8,999.0,E,8,1.6,E,8,-9900,?,9,-9900,?,9,0.001,E,8,-9900,?,9,-9900,?,9,0.01,99.0,E,8
05/15/2018,20:00,0.0,1335.964,0.0,1,8,0.0,1,8,0.0,1,8,0.0,1,8,0.0,1,8,0.0,1,8,-0.0,1,8,-9900,?,9,-9900,?,9,22.86,E,8,17.86,E,8,73.0,E,8,964.3861999999999,E,8,999.0,E,8,1.16,E,8,-9900,?,9,-9900,?,9,0.0,E,8,-9900,?,9,-9900,?,9,0.0,0.0,E,8
05/15/2018,21:00,0.0,1335.964,0.0,1,8,0.0,1,8,0.0,1,8,0.0,1,8,0.0,1,8,0.0,1,8,-0.0,1,8,-9900,?,9,-9900,?,9,22.04,E,8,17.55,E,8,75.0,E,8,964.3861999999999,E,8,999.0,E,8,1.1,E,8,-9900,?,9,-9900,?,9,0.0,E,8,-9900,?,9,-9900,?,9,0.0,0.0,E,8
05/15/2018,22:00,0.0,1335.964,0.0,1,8,0.0,1,8,0.0,1,8,0.0,1,8,0.0,1,8,0.0,1,8,-0.0,1,8,-9900,?,9,-9900,?,9,21.22,E,8,17.23,E,8,77.0,E,8,964.3861999999999,E,8,999.0,E,8,1.1,E,8,-9900,?,9,-9900,?,9,0.0,E,8,-9900,?,9,-9900,?,9,0.0,0.0,E,8
05/15/2018,23:00,0.0,1335.964,0.0,1,8,0.0,1,8,0.0,1,8,0.0,1,8,0.0,1,8,0.0,1,8,-0.0,1,8,-9900,?,9,-9900,?,9,20.4,E,8,16.9,E,8,80.0,E,8,964.3861999999999,E,8,999.0,E,8,1.18,E,8,-9900,?,9,-9900,?,9,0.0,E,8,-9900,?,9,-9900,?,9,0.0,0.0,E,8
05/15/2018,24:00,0.0,1335.964,0.0,1,8,0.0,1,8,0.0,1,8,0.0,1,8,0.0,1,8,0.0,1,8,-0.0,1,8,-9900,?,9,-9900,?,9,19.58,E,8,15.45,E,8,77.0,E,8,964.3861999999999,E,8,999.0,E,8,1.02,E,8,-9900,?,9,-9900,?,9,0.0,E,8,-9900,?,9,-9900,?,9,0.0,0.0,E,8
05/16/2018,01:00,0.0,1335.964,0.0,1,8,0.0,1,8,0.0,1,8,0.0,1,8,0.0,1,8,0.0,1,8,-0.0,1,8,-9900,?,9,-9900,?,9,19.17,E,8,15.35,E,8,78.0,E,8,964.3861999999999,E,8,999.0,E,8,0.77,E,8,-9900,?,9,-9900,?,9,0.0,E,8,-9900,?,9,-9900,?,9,0.0,0.0,E,8
05/16/2018,02:00,0.0,1335.964,0.0,1,8,0.0,1,8,0.0,1,8,0.0,1,8,0.0,1,8,0.0,1,8,-0.0,1,8,-9900,?,9,-9900,?,9,18.76,E,8,15.24,E,8,80.0,E,8,964.3861999999999,E,8,999.0,E,8,1.14,E,8,-9900,?,9,-9900,?,9,0.0,E,8,-9900,?,9,-9900,?,9,0.0,0.0,E,8
05/16/2018,03:00,0.0,1335.964,0.0,1,8,0.0,1,8,0.0,1,8,0.0,1,8,0.0,1,8,0.0,1,8,-0.0,1,8,-9900,?,9,-9900,?,9,18.35,E,8,15.14,E,8,81.0,E,8,964.3861999999999,E,8,999.0,E,8,1.5,E,8,-9900,?,9,-9900,?,9,0.0,E,8,-9900,?,9,-9900,?,9,0.0,0.0,E,8
05/16/2018,04:00,0.0,1335.385,0.0,1,8,0.0,1,8,0.0,1,8,0.0,1,8,0.0,1,8,0.0,1,8,-0.0,1,8,-9900,?,9,-9900,?,9,17.94,E,8,15.03,E,8,83.0,E,8,964.3861999999999,E,8,999.0,E,8,1.09,E,8,-9900,?,9,-9900,?,9,0.0,E,8,-9900,?,9,-9900,?,9,0.0,0.0,E,8
05/16/2018,05:00,0.0,1335.385,0.0,1,8,0.0,1,8,0.0,1,8,0.0,1,8,0.0,1,8,0.0,1,8,-0.0,1,8,-9900,?,9,-9900,?,9,17.53,E,8,14.93,E,8,84.0,E,8,964.3861999999999,E,8,999.0,E,8,1.56,E,8,-9900,?,9,-9900,?,9,0.0,E,8,-9900,?,9,-9900,?,9,0.0,0.0,E,8
05/16/2018,06:00,0.0,1335.385,0.0,1,8,0.0,1,8,0.0,1,8,0.0,1,8,0.0,1,8,0.0,1,8,-0.0,1,8,-9900,?,9,-9900,?,9,17.21,E,8,14.84,E,8,85.0,E,8,964.3861999999999,E,8,999.0,E,8,1.41,E,8,-9900,?,9,-9900,?,9,0.0,E,8,-9900,?,9,-9900,?,9,0.0,0.0,E,8
05/16/2018,07:00,79.21,1335.385,0.0,1,8,0.0,1,8,0.0,1,8,0.0,1,8,0.0,1,8,0.0,1,8,0.0,1,8,-9900,?,9,-9900,?,9,16.94,E,8,14.77,E,8,87.0,E,8,964.3861999999999,E,8,999.0,E,8,0.96,E,8,-9900,?,9,-9900,?,9,0.0,E,8,-9900,?,9,-9900,?,9,0.0,0.0,E,8
05/16/2018,08:00,365.826,1335.385,75.95,1,8,0.0,1,8,75.95,1,8,9114.0,1,8,0.0,1,8,8354.5,1,8,88.563,1,8,-9900,?,9,-9900,?,9,16.67,E,8,14.7,E,8,88.0,E,8,964.3861999999999,E,8,999.0,E,8,1.22,E,8,-9900,?,9,-9900,?,9,0.0,E,8,-9900,?,9,-9900,?,9,0.0,0.0,E,8
05/16/2018,09:00,619.947,1335.385,265.83,1,8,133.837,1,8,203.763,1,8,31899.6,1,8,12714.496,1,8,22413.913,1,8,139.858,1,8,-9900,?,9,-9900,?,9,20.5,E,8,15.68,E,8,73.0,E,8,964.3861999999999,E,8,999.0,E,8,1.09,E,8,-9900,?,9,-9900,?,9,0.0,E,8,-9900,?,9,-9900,?,9,0.0,0.0,E,8
05/16/2018,10:00,821.423,1335.385,425.14,1,8,225.291,1,8,286.625,1,8,51016.8,1,8,21402.67,1,8,31528.798,1,8,148.393,1,8,-9900,?,9,-9900,?,9,22.39,E,8,16.15,E,8,67.0,E,8,964.3861999999999,E,8,999.0,E,8,1.36,E,8,-9900,?,9,-9900,?,9,0.0,E,8,-9900,?,9,-9900,?,9,0.0,0.0,E,8
05/16/2018,11:00,956.266,1335.385,611.59,1,8,477.895,1,8,269.466,1,8,73390.8,1,8,45400.036,1,8,29641.248,1,8,119.813,1,8,-9900,?,9,-9900,?,9,24.39,E,8,16.62,E,8,61.0,E,8,964.3861999999999,E,8,999.0,E,8,1.62,E,8,-9900,?,9,-9900,?,9,0.0,E,8,-9900,?,9,-9900,?,9,0.0,0.0,E,8
05/16/2018,12:00,1015.225,1335.385,671.73,1,8,578.196,1,8,232.251,1,8,80607.6,1,8,54928.665,1,8,25547.591,1,8,97.262,1,8,-9900,?,9,-9900,?,9,25.85,E,8,16.96,E,8,58.0,E,8,964.3861999999999,E,8,999.0,E,8,3.04,E,8,-9900,?,9,-9900,?,9,0.0,E,8,-9900,?,9,-9900,?,9,0.0,0.0,E,8
05/16/2018,13:00,994.269,1335.385,641.83,1,8,534.114,1,8,244.246,1,8,77019.6,1,8,50740.817,1,8,26867.071,1,8,104.444,1,8,-9900,?,9,-9900,?,9,26.72,E,8,17.16,E,8,55.0,E,8,964.3861999999999,E,8,999.0,E,8,3.03,E,8,-9900,?,9,-9900,?,9,0.0,E,8,-9900,?,9,-9900,?,9,0.0,0.0,E,8
05/16/2018,14:00,894.835,1335.385,565.1,1,8,527.82,1,8,211.538,1,8,67812.0,1,8,50142.894,1,8,23269.148,1,8,100.521,1,8,-9900,?,9,-9900,?,9,27.09,E,8,17.24,E,8,54.0,E,8,964.3861999999999,E,8,999.0,E,8,3.19,E,8,-9900,?,9,-9900,?,9,0.0,E,8,-9900,?,9,-9900,?,9,0.0,0.0,E,8
05/16/2018,15:00,723.74,1335.385,503.49,1,8,682.687,1,8,133.754,1,8,60418.8,1,8,64855.263,1,8,14712.939,1,8,78.612,1,8,-9900,?,9,-9900,?,9,27.2,E,8,17.27,E,8,54.0,E,8,964.3861999999999,E,8,999.0,E,8,4.48,E,8,-9900,?,9,-9900,?,9,0.0,E,8,-9900,?,9,-9900,?,9,0.0,0.0,E,8
05/16/2018,16:00,492.771,1335.385,364.51,1,8,703.131,1,8,105.525,1,8,43741.2,1,8,66797.452,1,8,11607.775,1,8,91.194,1,8,-9900,?,9,-9900,?,9,26.75,E,8,17.17,E,8,55.0,E,8,964.3861999999999,E,8,999.0,E,8,3.54,E,8,-9900,?,9,-9900,?,9,0.0,E,8,-9900,?,9,-9900,?,9,0.0,0.0,E,8
05/16/2018,17:00,218.384,1335.385,164.26,1,8,369.723,1,8,104.407,1,8,19711.2,1,8,35123.68,1,8,11484.722,1,8,205.289,1,8,-9900,?,9,-9900,?,9,25.63,E,8,16.91,E,8,58.0,E,8,964.3861999999999,E,8,999.0,E,8,3.12,E,8,-9900,?,9,-9900,?,9,0.0,E,8,-9900,?,9,-9900,?,9,0.0,0.0,E,8
05/16/2018,18:00,0.0,1335.385,5.86,1,8,0.0,1,8,0.0,1,8,703.2,1,8,0.0,1,8,0.0,1,8,-0.0,1,8,-9900,?,9,-9900,?,9,24.74,E,8,16.7,E,8,60.0,E,8,964.3861999999999,E,8,999.0,E,8,2.71,E,8,-9900,?,9,-9900,?,9,0.0,E,8,-9900,?,9,-9900,?,9,0.0,0.0,E,8
05/16/2018,19:00,0.0,1335.385,0.0,1,8,0.0,1,8,0.0,1,8,0.0,1,8,0.0,1,8,0.0,1,8,-0.0,1,8,-9900,?,9,-9900,?,9,23.86,E,8,16.5,E,8,63.0,E,8,964.3861999999999,E,8,999.0,E,8,2.66,E,8,-9900,?,9,-9900,?,9,0.0,E,8,-9900,?,9,-9900,?,9,0.0,0.0,E,8
05/16/2018,20:00,0.0,1335.385,0.0,1,8,0.0,1,8,0.0,1,8,0.0,1,8,0.0,1,8,0.0,1,8,-0.0,1,8,-9900,?,9,-9900,?,9,22.97,E,8,16.28,E,8,66.0,E,8,964.3861999999999,E,8,999.0,E,8,1.5,E,8,-9900,?,9,-9900,?,9,0.0,E,8,-9900,?,9,-9900,?,9,0.0,0.0,E,8
05/16/2018,21:00,0.0,1335.385,0.0,1,8,0.0,1,8,0.0,1,8,0.0,1,8,0.0,1,8,0.0,1,8,-0.0,1,8,-9900,?,9,-9900,?,9,22.08,E,8,16.07,E,8,68.0,E,8,964.3861999999999,E,8,999.0,E,8,1.84,E,8,-9900,?,9,-9900,?,9,0.0,E,8,-9900,?,9,-9900,?,9,0.0,0.0,E,8
05/16/2018,22:00,0.0,1335.385,0.0,1,8,0.0,1,8,0.0,1,8,0.0,1,8,0.0,1,8,0.0,1,8,-0.0,1,8,-9900,?,9,-9900,?,9,21.2,E,8,15.86,E,8,71.0,E,8,964.3861999999999,E,8,999.0,E,8,2.0,E,8,-9900,?,9,-9900,?,9,0.0,E,8,-9900,?,9,-9900,?,9,0.0,0.0,E,8
05/16/2018,23:00,0.0,1335.385,0.0,1,8,0.0,1,8,0.0,1,8,0.0,1,8,0.0,1,8,0.0,1,8,-0.0,1,8,-9900,?,9,-9900,?,9,20.31,E,8,15.63,E,8,74.0,E,8,964.3861999999999,E,8,999.0,E,8,1.79,E,8,-9900,?,9,-9900,?,9,0.0,E,8,-9900,?,9,-9900,?,9,0.0,0.0,E,8
05/16/2018,24:00,0.0,1335.385,0.0,1,8,0.0,1,8,0.0,1,8,0.0,1,8,0.0,1,8,0.0,1,8,-0.0,1,8,-9900,?,9,-9900,?,9,19.42,E,8,15.54,E,8,78.0,E,8,964.3861999999999,E,8,999.0,E,8,2.99,E,8,-9900,?,9,-9900,?,9,0.0,E,8,-9900,?,9,-9900,?,9,0.0,0.0,E,8
05/17/2018,01:00,0.0,1335.385,0.0,1,8,0.0,1,8,0.0,1,8,0.0,1,8,0.0,1,8,0.0,1,8,-0.0,1,8,-9900,?,9,-9900,?,9,18.98,E,8,15.43,E,8,79.0,E,8,964.3861999999999,E,8,999.0,E,8,2.7,E,8,-9900,?,9,-9900,?,9,0.0,E,8,-9900,?,9,-9900,?,9,0.0,0.0,E,8
05/17/2018,02:00,0.0,1335.385,0.0,1,8,0.0,1,8,0.0,1,8,0.0,1,8,0.0,1,8,0.0,1,8,-0.0,1,8,-9900,?,9,-9900,?,9,18.54,E,8,15.32,E,8,81.0,E,8,964.3861999999999,E,8,999.0,E,8,2.6,E,8,-9900,?,9,-9900,?,9,0.0,E,8,-9900,?,9,-9900,?,9,0.0,0.0,E,8
05/17/2018,03:00,0.0,1335.385,0.0,1,8,0.0,1,8,0.0,1,8,0.0,1,8,0.0,1,8,0.0,1,8,-0.0,1,8,-9900,?,9,-9900,?,9,18.09,E,8,15.2,E,8,83.0,E,8,964.3861999999999,E,8,999.0,E,8,2.15,E,8,-9900,?,9,-9900,?,9,0.0,E,8,-9900,?,9,-9900,?,9,0.0,0.0,E,8
05/17/2018,04:00,0.0,1334.815,0.0,1,8,0.0,1,8,0.0,1,8,0.0,1,8,0.0,1,8,0.0,1,8,-0.0,1,8,-9900,?,9,-9900,?,9,17.65,E,8,15.09,E,8,84.0,E,8,964.3861999999999,E,8,999.0,E,8,1.56,E,8,-9900,?,9,-9900,?,9,0.0,E,8,-9900,?,9,-9900,?,9,0.0,0.0,E,8
05/17/2018,05:00,0.0,1334.815,0.0,1,8,0.0,1,8,0.0,1,8,0.0,1,8,0.0,1,8,0.0,1,8,-0.0,1,8,-9900,?,9,-9900,?,9,17.21,E,8,14.98,E,8,86.0,E,8,964.3861999999999,E,8,999.0,E,8,1.07,E,8,-9900,?,9,-9900,?,9,0.0,E,8,-9900,?,9,-9900,?,9,0.0,0.0,E,8
05/17/2018,06:00,0.0,1334.815,0.0,1,8,0.0,1,8,0.0,1,8,0.0,1,8,0.0,1,8,0.0,1,8,-0.0,1,8,-9900,?,9,-9900,?,9,16.86,E,8,14.88,E,8,88.0,E,8,964.3861999999999,E,8,999.0,E,8,1.27,E,8,-9900,?,9,-9900,?,9,0.0,E,8,-9900,?,9,-9900,?,9,0.0,0.0,E,8
05/17/2018,07:00,77.001,1334.815,0.0,1,8,0.0,1,8,0.0,1,8,0.0,1,8,0.0,1,8,0.0,1,8,0.0,1,8,-9900,?,9,-9900,?,9,16.57,E,8,14.81,E,8,89.0,E,8,964.3861999999999,E,8,999.0,E,8,1.69,E,8,-9900,?,9,-9900,?,9,0.0,E,8,-9900,?,9,-9900,?,9,0.0,0.0,E,8
05/17/2018,08:00,363.015,1334.815,89.63,1,8,0.0,1,8,89.63,1,8,10755.6,1,8,0.0,1,8,9859.3,1,8,105.285,1,8,-9900,?,9,-9900,?,9,16.28,E,8,14.73,E,8,90.0,E,8,964.3861999999999,E,8,999.0,E,8,1.81,E,8,-9900,?,9,-9900,?,9,0.0,E,8,-9900,?,9,-9900,?,9,0.0,0.0,E,8
05/17/2018,09:00,616.689,1334.815,285.77,1,8,181.828,1,8,201.856,1,8,34292.4,1,8,17273.616,1,8,22204.11,1,8,139.224,1,8,-9900,?,9,-9900,?,9,20.52,E,8,15.81,E,8,74.0,E,8,964.3861999999999,E,8,999.0,E,8,2.78,E,8,-9900,?,9,-9900,?,9,0.0,E,8,-9900,?,9,-9900,?,9,0.0,0.0,E,8
05/17/2018,10:00,817.825,1334.815,459.46,1,8,318.361,1,8,264.5,1,8,55135.2,1,8,30244.259,1,8,29094.963,1,8,137.483,1,8,-9900,?,9,-9900,?,9,22.57,E,8,16.31,E,8,67.0,E,8,964.3861999999999,E,8,999.0,E,8,3.58,E,8,-9900,?,9,-9900,?,9,0.0,E,8,-9900,?,9,-9900,?,9,0.0,0.0,E,8
05/17/2018,11:00,952.455,1334.815,578.61,1,8,402.333,1,8,291.607,1,8,69433.2,1,8,38221.646,1,8,32076.78,1,8,130.121,1,8,-9900,?,9,-9900,?,9,24.26,E,8,16.7,E,8,62.0,E,8,964.3861999999999,E,8,999.0,E,8,4.98,E,8,-9900,?,9,-9900,?,9,0.0,E,8,-9900,?,9,-9900,?,9,0.0,0.0,E,8
05/17/2018,12:00,1011.345,1334.815,607.78,1,8,390.894,1,8,311.677,1,8,72933.6,1,8,37134.905,1,8,34284.524,1,8,130.97,1,8,-9900,?,9,-9900,?,9,25.41,E,8,16.97,E,8,59.0,E,8,964.3861999999999,E,8,999.0,E,8,5.68,E,8,-9900,?,9,-9900,?,9,0.0,E,8,-9900,?,9,-9900,?,9,0.0,0.0,E,8
05/17/2018,13:00,990.465,1334.815,665.25,1,8,597.459,1,8,222.027,1,8,79830.0,1,8,56758.599,1,8,24423.013,1,8,95.267,1,8,-9900,?,9,-9900,?,9,26.4,E,8,17.2,E,8,56.0,E,8,964.3861999999999,E,8,999.0,E,8,4.61,E,8,-9900,?,9,-9900,?,9,0.0,E,8,-9900,?,9,-9900,?,9,0.0,0.0,E,8
05/17/2018,14:00,891.249,1334.815,633.01,1,8,750.264,1,8,132.245,1,8,75961.2,1,8,71275.11,1,8,14546.974,1,8,63.068,1,8,-9900,?,9,-9900,?,9,27.0,E,8,17.33,E,8,55.0,E,8,964.3861999999999,E,8,999.0,E,8,6.36,E,8,-9900,?,9,-9900,?,9,0.0,E,8,-9900,?,9,-9900,?,9,0.0,0.0,E,8
05/17/2018,15:00,720.499,1334.815,519.29,1,8,742.893,1,8,118.581,1,8,62314.8,1,8,70574.84,1,8,13043.924,1,8,69.978,1,8,-9900,?,9,-9900,?,9,27.12,E,8,17.36,E,8,55.0,E,8,964.3861999999999,E,8,999.0,E,8,7.48,E,8,-9900,?,9,-9900,?,9,0.0,E,8,-9900,?,9,-9900,?,9,0.0,0.0,E,8
05/17/2018,16:00,489.98,1334.815,397.67,1,8,709.072,1,8,137.872,1,8,47720.4,1,8,67361.837,1,8,15165.885,1,8,119.779,1,8,-9900,?,9,-9900,?,9,26.77,E,8,17.28,E,8,56.0,E,8,964.3861999999999,E,8,999.0,E,8,6.96,E,8,-9900,?,9,-9900,?,9,0.0,E,8,-9900,?,9,-9900,?,9,0.0,0.0,E,8
05/17/2018,17:00,216.125,1334.815,187.27,1,8,425.423,1,8,119.096,1,8,22472.4,1,8,40415.215,1,8,13100.576,1,8,236.565,1,8,-9900,?,9,-9900,?,9,25.68,E,8,17.03,E,8,58.0,E,8,964.3861999999999,E,8,999.0,E,8,7.59,E,8,-9900,?,9,-9900,?,9,0.0,E,8,-9900,?,9,-9900,?,9,0.0,0.0,E,8
05/17/2018,18:00,0.0,1334.815,9.92,1,8,0.0,1,8,0.0,1,8,1190.4,1,8,0.0,1,8,0.0,1,8,-0.0,1,8,-9900,?,9,-9900,?,9,24.77,E,8,16.82,E,8,61.0,E,8,964.3861999999999,E,8,999.0,E,8,5.99,E,8,-9900,?,9,-9900,?,9,0.0,E,8,-9900,?,9,-9900,?,9,0.0,0.0,E,8
05/17/2018,19:00,0.0,1334.815,0.0,1,8,0.0,1,8,0.0,1,8,0.0,1,8,0.0,1,8,0.0,1,8,-0.0,1,8,-9900,?,9,-9900,?,9,23.85,E,8,16.61,E,8,63.0,E,8,964.3861999999999,E,8,999.0,E,8,5.87,E,8,-9900,?,9,-9900,?,9,0.0,E,8,-9900,?,9,-9900,?,9,0.0,0.0,E,8
05/17/2018,20:00,0.0,1334.815,0.0,1,8,0.0,1,8,0.0,1,8,0.0,1,8,0.0,1,8,0.0,1,8,-0.0,1,8,-9900,?,9,-9900,?,9,22.94,E,8,16.39,E,8,66.0,E,8,964.3861999999999,E,8,999.0,E,8,4.66,E,8,-9900,?,9,-9900,?,9,0.0,E,8,-9900,?,9,-9900,?,9,0.0,0.0,E,8
05/17/2018,21:00,0.0,1334.815,0.0,1,8,0.0,1,8,0.0,1,8,0.0,1,8,0.0,1,8,0.0,1,8,-0.0,1,8,-9900,?,9,-9900,?,9,22.02,E,8,16.17,E,8,69.0,E,8,964.3861999999999,E,8,999.0,E,8,3.98,E,8,-9900,?,9,-9900,?,9,0.0,E,8,-9900,?,9,-9900,?,9,0.0,0.0,E,8
05/17/2018,22:00,0.0,1334.815,0.0,1,8,0.0,1,8,0.0,1,8,0.0,1,8,0.0,1,8,0.0,1,8,-0.0,1,8,-9900,?,9,-9900,?,9,21.1,E,8,15.95,E,8,72.0,E,8,964.3861999999999,E,8,999.0,E,8,4.33,E,8,-9900,?,9,-9900,?,9,0.0,E,8,-9900,?,9,-9900,?,9,0.0,0.0,E,8
05/17/2018,23:00,0.0,1334.815,0.0,1,8,0.0,1,8,0.0,1,8,0.0,1,8,0.0,1,8,0.0,1,8,-0.0,1,8,-9900,?,9,-9900,?,9,20.19,E,8,15.73,E,8,75.0,E,8,964.3861999999999,E,8,999.0,E,8,3.67,E,8,-9900,?,9,-9900,?,9,0.0,E,8,-9900,?,9,-9900,?,9,0.0,0.0,E,8
05/17/2018,24:00,0.0,1334.815,0.0,1,8,0.0,1,8,0.0,1,8,0.0,1,8,0.0,1,8,0.0,1,8,-0.0,1,8,-9900,?,9,-9900,?,9,19.27,E,8,15.48,E,8,78.0,E,8,964.3861999999999,E,8,999.0,E,8,9.71,E,8,-9900,?,9,-9900,?,9,0.0,E,8,-9900,?,9,-9900,?,9,0.0,0.0,E,8
05/18/2018,01:00,0.0,1334.815,0.0,1,8,0.0,1,8,0.0,1,8,0.0,1,8,0.0,1,8,0.0,1,8,-0.0,1,8,-9900,?,9,-9900,?,9,18.81,E,8,15.35,E,8,80.0,E,8,964.3861999999999,E,8,999.0,E,8,8.61,E,8,-9900,?,9,-9900,?,9,0.0,E,8,-9900,?,9,-9900,?,9,0.0,0.0,E,8
05/18/2018,02:00,0.0,1334.815,0.0,1,8,0.0,1,8,0.0,1,8,0.0,1,8,0.0,1,8,0.0,1,8,-0.0,1,8,-9900,?,9,-9900,?,9,18.35,E,8,15.21,E,8,81.0,E,8,964.3861999999999,E,8,999.0,E,8,9.78,E,8,-9900,?,9,-9900,?,9,0.0,E,8,-9900,?,9,-9900,?,9,0.0,0.0,E,8
05/18/2018,03:00,0.0,1334.815,0.0,1,8,0.0,1,8,0.0,1,8,0.0,1,8,0.0,1,8,0.0,1,8,-0.0,1,8,-9900,?,9,-9900,?,9,17.9,E,8,15.08,E,8,83.0,E,8,964.3861999999999,E,8,999.0,E,8,9.04,E,8,-9900,?,9,-9900,?,9,0.0,E,8,-9900,?,9,-9900,?,9,0.0,0.0,E,8
05/18/2018,04:00,0.0,1334.255,0.0,1,8,0.0,1,8,0.0,1,8,0.0,1,8,0.0,1,8,0.0,1,8,-0.0,1,8,-9900,?,9,-9900,?,9,17.44,E,8,14.95,E,8,85.0,E,8,964.3861999999999,E,8,999.0,E,8,7.8,E,8,-9900,?,9,-9900,?,9,0.0,E,8,-9900,?,9,-9900,?,9,0.0,0.0,E,8
05/18/2018,05:00,0.0,1334.255,0.0,1,8,0.0,1,8,0.0,1,8,0.0,1,8,0.0,1,8,0.0,1,8,-0.0,1,8,-9900,?,9,-9900,?,9,16.98,E,8,14.81,E,8,87.0,E,8,964.3861999999999,E,8,999.0,E,8,6.79,E,8,-9900,?,9,-9900,?,9,0.0,E,8,-9900,?,9,-9900,?,9,0.0,0.0,E,8
05/18/2018,06:00,0.0,1334.255,0.0,1,8,0.0,1,8,0.0,1,8,0.0,1,8,0.0,1,8,0.0,1,8,-0.0,1,8,-9900,?,9,-9900,?,9,16.63,E,8,14.71,E,8,88.0,E,8,964.3861999999999,E,8,999.0,E,8,7.04,E,8,-9900,?,9,-9900,?,9,0.0,E,8,-9900,?,9,-9900,?,9,0.0,0.0,E,8
05/18/2018,07:00,74.802,1334.255,0.0,1,8,0.0,1,8,0.0,1,8,0.0,1,8,0.0,1,8,0.0,1,8,0.0,1,8,-9900,?,9,-9900,?,9,16.32,E,8,14.61,E,8,89.0,E,8,964.3861999999999,E,8,999.0,E,8,5.26,E,8,-9900,?,9,-9900,?,9,0.0,E,8,-9900,?,9,-9900,?,9,0.0,0.0,E,8
05/18/2018,08:00,360.223,1334.255,81.09,1,8,0.0,1,8,81.09,1,8,9730.8,1,8,0.0,1,8,8919.9,1,8,95.956,1,8,-9900,?,9,-9900,?,9,16.02,E,8,14.52,E,8,90.0,E,8,964.3861999999999,E,8,999.0,E,8,4.14,E,8,-9900,?,9,-9900,?,9,0.0,E,8,-9900,?,9,-9900,?,9,0.0,0.0,E,8
05/18/2018,09:00,613.462,1334.255,270.69,1,8,150.876,1,8,201.396,1,8,32482.8,1,8,14333.205,1,8,22153.57,1,8,139.581,1,8,-9900,?,9,-9900,?,9,19.95,E,8,15.67,E,8,76.0,E,8,964.3861999999999,E,8,999.0,E,8,3.93,E,8,-9900,?,9,-9900,?,9,0.0,E,8,-9900,?,9,-9900,?,9,0.0,0.0,E,8
05/18/2018,10:00,814.272,1334.255,436.1,1,8,268.182,1,8,272.514,1,8,52332.0,1,8,25477.263,1,8,29976.578,1,8,142.208,1,8,-9900,?,9,-9900,?,9,21.88,E,8,16.21,E,8,70.0,E,8,964.3861999999999,E,8,999.0,E,8,2.7,E,8,-9900,?,9,-9900,?,9,0.0,E,8,-9900,?,9,-9900,?,9,0.0,0.0,E,8
05/18/2018,11:00,948.706,1334.255,561.19,1,8,347.004,1,8,314.528,1,8,67342.8,1,8,32965.402,1,8,34598.057,1,8,140.845,1,8,-9900,?,9,-9900,?,9,23.55,E,8,16.66,E,8,65.0,E,8,964.3861999999999,E,8,999.0,E,8,4.13,E,8,-9900,?,9,-9900,?,9,0.0,E,8,-9900,?,9,-9900,?,9,0.0,0.0,E,8
05/18/2018,12:00,1007.539,1334.255,659.48,1,8,563.483,1,8,234.071,1,8,79137.6,1,8,53530.848,1,8,25747.768,1,8,98.689,1,8,-9900,?,9,-9900,?,9,24.99,E,8,17.04,E,8,61.0,E,8,964.3861999999999,E,8,999.0,E,8,4.56,E,8,-9900,?,9,-9900,?,9,0.0,E,8,-9900,?,9,-9900,?,9,0.0,0.0,E,8
05/18/2018,13:00,986.747,1334.255,641.8,1,8,561.526,1,8,226.625,1,8,77016.0,1,8,53344.947,1,8,24928.783,1,8,97.566,1,8,-9900,?,9,-9900,?,9,25.88,E,8,17.27,E,8,59.0,E,8,964.3861999999999,E,8,999.0,E,8,3.85,E,8,-9900,?,9,-9900,?,9,0.0,E,8,-9900,?,9,-9900,?,9,0.0,0.0,E,8
05/18/2018,14:00,887.758,1334.255,614.57,1,8,690.93,1,8,155.024,1,8,73748.4,1,8,65638.312,1,8,17052.636,1,8,74.191,1,8,-9900,?,9,-9900,?,9,26.43,E,8,17.41,E,8,57.0,E,8,964.3861999999999,E,8,999.0,E,8,6.66,E,8,-9900,?,9,-9900,?,9,0.0,E,8,-9900,?,9,-9900,?,9,0.0,0.0,E,8
05/18/2018,15:00,717.358,1334.255,513.15,1,8,868.835,1,8,46.36,1,8,61578.0,1,8,82539.305,1,8,5099.615,1,8,27.467,1,8,-9900,?,9,-9900,?,9,26.56,E,8,17.44,E,8,57.0,E,8,964.3861999999999,E,8,999.0,E,8,6.3,E,8,-9900,?,9,-9900,?,9,0.0,E,8,-9900,?,9,-9900,?,9,0.0,0.0,E,8
05/18/2018,16:00,487.29,1334.255,325.7,1,8,673.198,1,8,80.302,1,8,39084.0,1,8,63953.774,1,8,8833.235,1,8,70.121,1,8,-9900,?,9,-9900,?,9,25.94,E,8,17.28,E,8,58.0,E,8,964.3861999999999,E,8,999.0,E,8,8.05,E,8,-9900,?,9,-9900,?,9,0.0,E,8,-9900,?,9,-9900,?,9,0.0,0.0,E,8
05/18/2018,17:00,213.967,1334.255,146.82,1,8,311.603,1,8,97.373,1,8,17618.4,1,8,29602.309,1,8,10711.082,1,8,195.325,1,8,-9900,?,9,-9900,?,9,24.77,E,8,16.98,E,8,61.0,E,8,964.3861999999999,E,8,999.0,E,8,6.96,E,8,-9900,?,9,-9900,?,9,0.0,E,8,-9900,?,9,-9900,?,9,0.0,0.0,E,8
05/18/2018,18:00,0.0,1334.255,7.4,1,8,0.0,1,8,0.0,1,8,888.0,1,8,0.0,1,8,0.0,1,8,-0.0,1,8,-9900,?,9,-9900,?,9,23.96,E,8,16.77,E,8,64.0,E,8,964.3861999999999,E,8,999.0,E,8,3.12,E,8,-9900,?,9,-9900,?,9,0.0,E,8,-9900,?,9,-9900,?,9,0.0,0.0,E,8
05/18/2018,19:00,0.0,1334.255,0.0,1,8,0.0,1,8,0.0,1,8,0.0,1,8,0.0,1,8,0.0,1,8,-0.0,1,8,-9900,?,9,-9900,?,9,23.16,E,8,16.55,E,8,66.0,E,8,964.3861999999999,E,8,999.0,E,8,2.27,E,8,-9900,?,9,-9900,?,9,0.0,E,8,-9900,?,9,-9900,?,9,0.0,0.0,E,8
05/18/2018,20:00,0.0,1334.255,0.0,1,8,0.0,1,8,0.0,1,8,0.0,1,8,0.0,1,8,0.0,1,8,-0.0,1,8,-9900,?,9,-9900,?,9,22.35,E,8,16.33,E,8,68.0,E,8,964.3861999999999,E,8,999.0,E,8,2.27,E,8,-9900,?,9,-9900,?,9,0.0,E,8,-9900,?,9,-9900,?,9,0.0,0.0,E,8
05/18/2018,21:00,0.0,1334.255,0.0,1,8,0.0,1,8,0.0,1,8,0.0,1,8,0.0,1,8,0.0,1,8,-0.0,1,8,-9900,?,9,-9900,?,9,21.54,E,8,16.11,E,8,71.0,E,8,964.3861999999999,E,8,999.0,E,8,2.27,E,8,-9900,?,9,-9900,?,9,0.0,E,8,-9900,?,9,-9900,?,9,0.0,0.0,E,8
05/18/2018,22:00,0.0,1334.255,0.0,1,8,0.0,1,8,0.0,1,8,0.0,1,8,0.0,1,8,0.0,1,8,-0.0,1,8,-9900,?,9,-9900,?,9,20.74,E,8,15.89,E,8,73.0,E,8,964.3861999999999,E,8,999.0,E,8,2.27,E,8,-9900,?,9,-9900,?,9,0.0,E,8,-9900,?,9,-9900,?,9,0.0,0.0,E,8
05/18/2018,23:00,0.0,1334.255,0.0,1,8,0.0,1,8,0.0,1,8,0.0,1,8,0.0,1,8,0.0,1,8,-0.0,1,8,-9900,?,9,-9900,?,9,19.93,E,8,15.66,E,8,76.0,E,8,964.3861999999999,E,8,999.0,E,8,2.27,E,8,-9900,?,9,-9900,?,9,0.0,E,8,-9900,?,9,-9900,?,9,0.0,0.0,E,8
05/18/2018,24:00,0.0,1334.255,0.0,1,8,0.0,1,8,0.0,1,8,0.0,1,8,0.0,1,8,0.0,1,8,-0.0,1,8,-9900,?,9,-9900,?,9,19.12,E,8,15.58,E,8,79.0,E,8,964.3861999999999,E,8,999.0,E,8,0.94,E,8,-9900,?,9,-9900,?,9,0.0,E,8,-9900,?,9,-9900,?,9,0.0,0.0,E,8
05/19/2018,01:00,0.0,1334.255,0.0,1,8,0.0,1,8,0.0,1,8,0.0,1,8,0.0,1,8,0.0,1,8,-0.0,1,8,-9900,?,9,-9900,?,9,18.72,E,8,15.46,E,8,81.0,E,8,964.3861999999999,E,8,999.0,E,8,0.94,E,8,-9900,?,9,-9900,?,9,0.0,E,8,-9900,?,9,-9900,?,9,0.0,0.0,E,8
05/19/2018,02:00,0.0,1334.255,0.0,1,8,0.0,1,8,0.0,1,8,0.0,1,8,0.0,1,8,0.0,1,8,-0.0,1,8,-9900,?,9,-9900,?,9,18.31,E,8,15.33,E,8,82.0,E,8,964.3861999999999,E,8,999.0,E,8,0.94,E,8,-9900,?,9,-9900,?,9,0.0,E,8,-9900,?,9,-9900,?,9,0.0,0.0,E,8
05/19/2018,03:00,0.0,1334.255,0.0,1,8,0.0,1,8,0.0,1,8,0.0,1,8,0.0,1,8,0.0,1,8,-0.0,1,8,-9900,?,9,-9900,?,9,17.91,E,8,15.21,E,8,84.0,E,8,964.3861999999999,E,8,999.0,E,8,0.94,E,8,-9900,?,9,-9900,?,9,0.0,E,8,-9900,?,9,-9900,?,9,0.0,0.0,E,8
05/19/2018,04:00,0.0,1333.705,0.0,1,8,0.0,1,8,0.0,1,8,0.0,1,8,0.0,1,8,0.0,1,8,-0.0,1,8,-9900,?,9,-9900,?,9,17.51,E,8,15.08,E,8,85.0,E,8,964.3861999999999,E,8,999.0,E,8,0.94,E,8,-9900,?,9,-9900,?,9,0.0,E,8,-9900,?,9,-9900,?,9,0.0,0.0,E,8
05/19/2018,05:00,0.0,1333.705,0.0,1,8,0.0,1,8,0.0,1,8,0.0,1,8,0.0,1,8,0.0,1,8,-0.0,1,8,-9900,?,9,-9900,?,9,17.1,E,8,14.95,E,8,87.0,E,8,964.3861999999999,E,8,999.0,E,8,0.94,E,8,-9900,?,9,-9900,?,9,0.0,E,8,-9900,?,9,-9900,?,9,0.0,0.0,E,8
05/19/2018,06:00,0.0,1333.705,0.0,1,8,0.0,1,8,0.0,1,8,0.0,1,8,0.0,1,8,0.0,1,8,-0.0,1,8,-9900,?,9,-9900,?,9,16.79,E,8,14.85,E,8,88.0,E,8,964.3861999999999,E,8,999.0,E,8,0.94,E,8,-9900,?,9,-9900,?,9,0.0,E,8,-9900,?,9,-9900,?,9,0.0,0.0,E,8
05/19/2018,07:00,72.615,1333.705,0.0,1,8,0.0,1,8,0.0,1,8,0.0,1,8,0.0,1,8,0.0,1,8,0.0,1,8,-9900,?,9,-9900,?,9,16.52,E,8,14.77,E,8,89.0,E,8,964.3861999999999,E,8,999.0,E,8,0.94,E,8,-9900,?,9,-9900,?,9,0.0,E,8,-9900,?,9,-9900,?,9,0.0,0.0,E,8
05/19/2018,08:00,357.451,1333.705,79.29,1,8,0.0,1,8,79.29,1,8,9514.8,1,8,0.0,1,8,8721.9,1,8,94.52,1,8,-9900,?,9,-9900,?,9,16.26,E,8,14.68,E,8,90.0,E,8,964.3861999999999,E,8,999.0,E,8,0.94,E,8,-9900,?,9,-9900,?,9,0.0,E,8,-9900,?,9,-9900,?,9,0.0,0.0,E,8
05/19/2018,09:00,610.27,1333.705,237.32,1,8,89.995,1,8,196.186,1,8,28478.4,1,8,8549.55,1,8,21580.443,1,8,136.626,1,8,-9900,?,9,-9900,?,9,19.87,E,8,15.81,E,8,77.0,E,8,964.3861999999999,E,8,999.0,E,8,1.65,E,8,-9900,?,9,-9900,?,9,0.0,E,8,-9900,?,9,-9900,?,9,0.0,0.0,E,8
05/19/2018,10:00,810.769,1333.705,414.33,1,8,216.391,1,8,282.85,1,8,49719.6,1,8,20557.122,1,8,31113.529,1,8,148.179,1,8,-9900,?,9,-9900,?,9,21.82,E,8,16.39,E,8,71.0,E,8,964.3861999999999,E,8,999.0,E,8,1.14,E,8,-9900,?,9,-9900,?,9,0.0,E,8,-9900,?,9,-9900,?,9,0.0,0.0,E,8
05/19/2018,11:00,945.019,1333.705,449.25,1,8,128.852,1,8,357.976,1,8,53910.0,1,8,12240.957,1,8,39377.379,1,8,160.861,1,8,-9900,?,9,-9900,?,9,23.0,E,8,16.73,E,8,67.0,E,8,964.3861999999999,E,8,999.0,E,8,1.41,E,8,-9900,?,9,-9900,?,9,0.0,E,8,-9900,?,9,-9900,?,9,0.0,0.0,E,8
05/19/2018,12:00,1003.809,1333.705,566.07,1,8,310.103,1,8,332.724,1,8,67928.4,1,8,29459.787,1,8,36599.68,1,8,140.748,1,8,-9900,?,9,-9900,?,9,24.24,E,8,17.08,E,8,64.0,E,8,964.3861999999999,E,8,999.0,E,8,1.64,E,8,-9900,?,9,-9900,?,9,0.0,E,8,-9900,?,9,-9900,?,9,0.0,0.0,E,8
05/19/2018,13:00,983.117,1333.705,555.64,1,8,298.039,1,8,336.0,1,8,66676.8,1,8,28313.66,1,8,36960.044,1,8,145.128,1,8,-9900,?,9,-9900,?,9,25.02,E,8,17.3,E,8,62.0,E,8,964.3861999999999,E,8,999.0,E,8,1.95,E,8,-9900,?,9,-9900,?,9,0.0,E,8,-9900,?,9,-9900,?,9,0.0,0.0,E,8
05/19/2018,14:00,884.363,1333.705,609.02,1,8,650.39,1,8,177.916,1,8,73082.4,1,8,61787.04,1,8,19570.724,1,8,85.439,1,8,-9900,?,9,-9900,?,9,25.76,E,8,17.5,E,8,60.0,E,8,964.3861999999999,E,8,999.0,E,8,2.93,E,8,-9900,?,9,-9900,?,9,0.0,E,8,-9900,?,9,-9900,?,9,0.0,0.0,E,8
05/19/2018,15:00,714.319,1333.705,501.13,1,8,756.811,1,8,96.085,1,8,60135.6,1,8,71897.019,1,8,10569.335,1,8,57.146,1,8,-9900,?,9,-9900,?,9,26.0,E,8,17.57,E,8,59.0,E,8,964.3861999999999,E,8,999.0,E,8,1.61,E,8,-9900,?,9,-9900,?,9,0.0,E,8,-9900,?,9,-9900,?,9,0.0,0.0,E,8
05/19/2018,16:00,484.703,1333.705,355.92,1,8,698.217,1,8,102.654,1,8,42710.4,1,8,66330.574,1,8,11291.97,1,8,90.083,1,8,-9900,?,9,-9900,?,9,25.7,E,8,17.49,E,8,60.0,E,8,964.3861999999999,E,8,999.0,E,8,1.96,E,8,-9900,?,9,-9900,?,9,0.0,E,8,-9900,?,9,-9900,?,9,0.0,0.0,E,8
05/19/2018,17:00,211.908,1333.705,215.78,1,8,237.94,1,8,178.378,1,8,25893.6,1,8,22604.299,1,8,19621.559,1,8,361.211,1,8,-9900,?,9,-9900,?,9,24.91,E,8,17.27,E,8,62.0,E,8,964.3861999999999,E,8,999.0,E,8,1.34,E,8,-9900,?,9,-9900,?,9,0.0,E,8,-9900,?,9,-9900,?,9,0.0,0.0,E,8
05/19/2018,18:00,0.0,1333.705,17.41,1,8,0.0,1,8,0.0,1,8,2089.2,1,8,0.0,1,8,0.0,1,8,-0.0,1,8,-9900,?,9,-9900,?,9,24.05,E,8,17.03,E,8,64.0,E,8,964.3861999999999,E,8,999.0,E,8,1.55,E,8,-9900,?,9,-9900,?,9,0.0,E,8,-9900,?,9,-9900,?,9,0.0,0.0,E,8
05/19/2018,19:00,0.0,1333.705,0.0,1,8,0.0,1,8,0.0,1,8,0.0,1,8,0.0,1,8,0.0,1,8,-0.0,1,8,-9900,?,9,-9900,?,9,23.18,E,8,16.78,E,8,67.0,E,8,964.3861999999999,E,8,999.0,E,8,0.94,E,8,-9900,?,9,-9900,?,9,0.0,E,8,-9900,?,9,-9900,?,9,0.0,0.0,E,8
05/19/2018,20:00,0.0,1333.705,0.0,1,8,0.0,1,8,0.0,1,8,0.0,1,8,0.0,1,8,0.0,1,8,-0.0,1,8,-9900,?,9,-9900,?,9,22.32,E,8,16.54,E,8,69.0,E,8,964.3861999999999,E,8,999.0,E,8,0.94,E,8,-9900,?,9,-9900,?,9,0.0,E,8,-9900,?,9,-9900,?,9,0.0,0.0,E,8
05/19/2018,21:00,0.0,1333.705,0.0,1,8,0.0,1,8,0.0,1,8,0.0,1,8,0.0,1,8,0.0,1,8,-0.0,1,8,-9900,?,9,-9900,?,9,21.46,E,8,16.28,E,8,72.0,E,8,964.3861999999999,E,8,999.0,E,8,0.94,E,8,-9900,?,9,-9900,?,9,0.0,E,8,-9900,?,9,-9900,?,9,0.0,0.0,E,8
05/19/2018,22:00,0.0,1333.705,0.0,1,8,0.0,1,8,0.0,1,8,0.0,1,8,0.0,1,8,0.0,1,8,-0.0,1,8,-9900,?,9,-9900,?,9,20.6,E,8,16.03,E,8,75.0,E,8,964.3861999999999,E,8,999.0,E,8,0.94,E,8,-9900,?,9,-9900,?,9,0.0,E,8,-9900,?,9,-9900,?,9,0.0,0.0,E,8
05/19/2018,23:00,0.0,1333.705,0.0,1,8,0.0,1,8,0.0,1,8,0.0,1,8,0.0,1,8,0.0,1,8,-0.0,1,8,-9900,?,9,-9900,?,9,19.74,E,8,15.77,E,8,77.0,E,8,964.3861999999999,E,8,999.0,E,8,0.94,E,8,-9900,?,9,-9900,?,9,0.0,E,8,-9900,?,9,-9900,?,9,0.0,0.0,E,8
05/19/2018,24:00,0.0,1333.705,0.0,1,8,0.0,1,8,0.0,1,8,0.0,1,8,0.0,1,8,0.0,1,8,-0.0,1,8,-9900,?,9,-9900,?,9,18.88,E,8,14.54,E,8,75.0,E,8,964.3861999999999,E,8,999.0,E,8,0.9,E,8,-9900,?,9,-9900,?,9,0.0,E,8,-9900,?,9,-9900,?,9,0.0,0.0,E,8
05/20/2018,01:00,0.0,1333.705,0.0,1,8,0.0,1,8,0.0,1,8,0.0,1,8,0.0,1,8,0.0,1,8,-0.0,1,8,-9900,?,9,-9900,?,9,18.45,E,8,14.47,E,8,77.0,E,8,964.3861999999999,E,8,999.0,E,8,0.9,E,8,-9900,?,9,-9900,?,9,0.0,E,8,-9900,?,9,-9900,?,9,0.0,0.0,E,8
05/20/2018,02:00,0.0,1333.705,0.0,1,8,0.0,1,8,0.0,1,8,0.0,1,8,0.0,1,8,0.0,1,8,-0.0,1,8,-9900,?,9,-9900,?,9,18.01,E,8,14.39,E,8,79.0,E,8,964.3861999999999,E,8,999.0,E,8,1.54,E,8,-9900,?,9,-9900,?,9,0.0,E,8,-9900,?,9,-9900,?,9,0.0,0.0,E,8
05/20/2018,03:00,0.0,1333.705,0.0,1,8,0.0,1,8,0.0,1,8,0.0,1,8,0.0,1,8,0.0,1,8,-0.0,1,8,-9900,?,9,-9900,?,9,17.58,E,8,14.32,E,8,81.0,E,8,964.3861999999999,E,8,999.0,E,8,1.79,E,8,-9900,?,9,-9900,?,9,0.0,E,8,-9900,?,9,-9900,?,9,0.0,0.0,E,8
05/20/2018,04:00,0.0,1333.164,0.0,1,8,0.0,1,8,0.0,1,8,0.0,1,8,0.0,1,8,0.0,1,8,-0.0,1,8,-9900,?,9,-9900,?,9,17.15,E,8,14.24,E,8,83.0,E,8,964.3861999999999,E,8,999.0,E,8,1.23,E,8,-9900,?,9,-9900,?,9,0.0,E,8,-9900,?,9,-9900,?,9,0.0,0.0,E,8
05/20/2018,05:00,0.0,1333.164,0.0,1,8,0.0,1,8,0.0,1,8,0.0,1,8,0.0,1,8,0.0,1,8,-0.0,1,8,-9900,?,9,-9900,?,9,16.72,E,8,14.17,E,8,84.0,E,8,964.3861999999999,E,8,999.0,E,8,1.23,E,8,-9900,?,9,-9900,?,9,0.0,E,8,-9900,?,9,-9900,?,9,0.0,0.0,E,8
05/20/2018,06:00,0.0,1333.164,0.0,1,8,0.0,1,8,0.0,1,8,0.0,1,8,0.0,1,8,0.0,1,8,-0.0,1,8,-9900,?,9,-9900,?,9,16.39,E,8,14.11,E,8,86.0,E,8,964.3861999999999,E,8,999.0,E,8,0.94,E,8,-9900,?,9,-9900,?,9,0.0,E,8,-9900,?,9,-9900,?,9,0.0,0.0,E,8
05/20/2018,07:00,70.441,1333.164,0.0,1,8,0.0,1,8,0.0,1,8,0.0,1,8,0.0,1,8,0.0,1,8,0.0,1,8,-9900,?,9,-9900,?,9,16.1,E,8,14.06,E,8,87.0,E,8,964.3861999999999,E,8,999.0,E,8,1.08,E,8,-9900,?,9,-9900,?,9,0.0,E,8,-9900,?,9,-9900,?,9,0.0,0.0,E,8
05/20/2018,08:00,354.703,1333.164,64.41,1,8,0.0,1,8,64.41,1,8,7729.2,1,8,0.0,1,8,7085.1,1,8,77.35,1,8,-9900,?,9,-9900,?,9,15.82,E,8,14.01,E,8,88.0,E,8,964.3861999999999,E,8,999.0,E,8,1.3,E,8,-9900,?,9,-9900,?,9,0.0,E,8,-9900,?,9,-9900,?,9,0.0,0.0,E,8
05/20/2018,09:00,607.114,1333.164,204.63,1,8,33.84,1,8,189.237,1,8,24555.6,1,8,3214.835,1,8,20816.017,1,8,132.42,1,8,-9900,?,9,-9900,?,9,18.95,E,8,14.55,E,8,75.0,E,8,964.3861999999999,E,8,999.0,E,8,1.36,E,8,-9900,?,9,-9900,?,9,0.0,E,8,-9900,?,9,-9900,?,9,0.0,0.0,E,8
05/20/2018,10:00,807.317,1333.164,348.66,1,8,112.49,1,8,280.575,1,8,41839.2,1,8,10686.535,1,8,30863.207,1,8,147.556,1,8,-9900,?,9,-9900,?,9,20.62,E,8,14.83,E,8,69.0,E,8,964.3861999999999,E,8,999.0,E,8,0.9,E,8,-9900,?,9,-9900,?,9,0.0,E,8,-9900,?,9,-9900,?,9,0.0,0.0,E,8
05/20/2018,11:00,941.399,1333.164,539.98,1,8,304.635,1,8,324.929,1,8,64797.6,1,8,28940.334,1,8,35742.171,1,8,146.513,1,8,-9900,?,9,-9900,?,9,22.56,E,8,15.15,E,8,62.0,E,8,964.3861999999999,E,8,999.0,E,8,1.61,E,8,-9900,?,9,-9900,?,9,0.0,E,8,-9900,?,9,-9900,?,9,0.0,0.0,E,8
05/20/2018,12:00,1000.158,1333.164,664.81,1,8,517.51,1,8,276.655,1,8,79777.2,1,8,49163.431,1,8,30432.098,1,8,117.409,1,8,-9900,?,9,-9900,?,9,24.31,E,8,15.44,E,8,57.0,E,8,964.3861999999999,E,8,999.0,E,8,1.32,E,8,-9900,?,9,-9900,?,9,0.0,E,8,-9900,?,9,-9900,?,9,0.0,0.0,E,8
05/20/2018,13:00,979.577,1333.164,688.17,1,8,672.733,1,8,193.986,1,8,82580.4,1,8,63909.635,1,8,21338.427,1,8,84.057,1,8,-9900,?,9,-9900,?,9,25.57,E,8,15.64,E,8,54.0,E,8,964.3861999999999,E,8,999.0,E,8,1.61,E,8,-9900,?,9,-9900,?,9,0.0,E,8,-9900,?,9,-9900,?,9,0.0,0.0,E,8
05/20/2018,14:00,881.067,1333.164,616.92,1,8,720.449,1,8,140.967,1,8,74030.4,1,8,68442.609,1,8,15506.405,1,8,67.922,1,8,-9900,?,9,-9900,?,9,26.23,E,8,15.74,E,8,52.0,E,8,964.3861999999999,E,8,999.0,E,8,2.17,E,8,-9900,?,9,-9900,?,9,0.0,E,8,-9900,?,9,-9900,?,9,0.0,0.0,E,8
05/20/2018,15:00,711.382,1333.164,495.05,1,8,777.416,1,8,80.523,1,8,59406.0,1,8,73854.503,1,8,8857.496,1,8,48.069,1,8,-9900,?,9,-9900,?,9,26.37,E,8,15.76,E,8,52.0,E,8,964.3861999999999,E,8,999.0,E,8,2.01,E,8,-9900,?,9,-9900,?,9,0.0,E,8,-9900,?,9,-9900,?,9,0.0,0.0,E,8
05/20/2018,16:00,482.219,1333.164,306.1,1,8,639.948,1,8,75.071,1,8,36732.0,1,8,60795.105,1,8,8257.78,1,8,66.191,1,8,-9900,?,9,-9900,?,9,25.72,E,8,15.66,E,8,53.0,E,8,964.3861999999999,E,8,999.0,E,8,1.43,E,8,-9900,?,9,-9900,?,9,0.0,E,8,-9900,?,9,-9900,?,9,0.0,0.0,E,8
05/20/2018,17:00,209.948,1333.164,117.13,1,8,377.783,1,8,58.282,1,8,14055.6,1,8,35889.391,1,8,6411.022,1,8,119.096,1,8,-9900,?,9,-9900,?,9,24.46,E,8,15.46,E,8,57.0,E,8,964.3861999999999,E,8,999.0,E,8,1.19,E,8,-9900,?,9,-9900,?,9,0.0,E,8,-9900,?,9,-9900,?,9,0.0,0.0,E,8
05/20/2018,18:00,0.0,1333.164,6.17,1,8,0.0,1,8,0.0,1,8,740.4,1,8,0.0,1,8,0.0,1,8,-0.0,1,8,-9900,?,9,-9900,?,9,23.71,E,8,15.34,E,8,59.0,E,8,964.3861999999999,E,8,999.0,E,8,1.07,E,8,-9900,?,9,-9900,?,9,0.0,E,8,-9900,?,9,-9900,?,9,0.0,0.0,E,8
05/20/2018,19:00,0.0,1333.164,0.0,1,8,0.0,1,8,0.0,1,8,0.0,1,8,0.0,1,8,0.0,1,8,-0.0,1,8,-9900,?,9,-9900,?,9,22.96,E,8,15.22,E,8,61.0,E,8,964.3861999999999,E,8,999.0,E,8,0.99,E,8,-9900,?,9,-9900,?,9,0.0,E,8,-9900,?,9,-9900,?,9,0.0,0.0,E,8
05/20/2018,20:00,0.0,1333.164,0.0,1,8,0.0,1,8,0.0,1,8,0.0,1,8,0.0,1,8,0.0,1,8,-0.0,1,8,-9900,?,9,-9900,?,9,22.21,E,8,15.09,E,8,64.0,E,8,964.3861999999999,E,8,999.0,E,8,0.9,E,8,-9900,?,9,-9900,?,9,0.0,E,8,-9900,?,9,-9900,?,9,0.0,0.0,E,8
05/20/2018,21:00,0.0,1333.164,0.0,1,8,0.0,1,8,0.0,1,8,0.0,1,8,0.0,1,8,0.0,1,8,-0.0,1,8,-9900,?,9,-9900,?,9,21.46,E,8,14.97,E,8,66.0,E,8,964.3861999999999,E,8,999.0,E,8,0.9,E,8,-9900,?,9,-9900,?,9,0.0,E,8,-9900,?,9,-9900,?,9,0.0,0.0,E,8
05/20/2018,22:00,0.0,1333.164,0.0,1,8,0.0,1,8,0.0,1,8,0.0,1,8,0.0,1,8,0.0,1,8,-0.0,1,8,-9900,?,9,-9900,?,9,20.71,E,8,14.85,E,8,69.0,E,8,964.3861999999999,E,8,999.0,E,8,1.07,E,8,-9900,?,9,-9900,?,9,0.0,E,8,-9900,?,9,-9900,?,9,0.0,0.0,E,8
05/20/2018,23:00,0.0,1333.164,0.0,1,8,0.0,1,8,0.0,1,8,0.0,1,8,0.0,1,8,0.0,1,8,-0.0,1,8,-9900,?,9,-9900,?,9,19.96,E,8,14.72,E,8,71.0,E,8,964.3861999999999,E,8,999.0,E,8,0.9,E,8,-9900,?,9,-9900,?,9,0.0,E,8,-9900,?,9,-9900,?,9,0.0,0.0,E,8
05/20/2018,24:00,0.0,1333.164,0.0,1,8,0.0,1,8,0.0,1,8,0.0,1,8,0.0,1,8,0.0,1,8,-0.0,1,8,-9900,?,9,-9900,?,9,19.21,E,8,17.03,E,8,83.0,E,8,964.3861999999999,E,8,999.0,E,8,0.46,E,8,-9900,?,9,-9900,?,9,0.0,E,8,-9900,?,9,-9900,?,9,0.0,0.0,E,8
05/21/2018,01:00,0.0,1333.164,0.0,1,8,0.0,1,8,0.0,1,8,0.0,1,8,0.0,1,8,0.0,1,8,-0.0,1,8,-9900,?,9,-9900,?,9,18.83,E,8,16.83,E,8,88.0,E,8,964.3861999999999,E,8,999.0,E,8,0.55,E,8,-9900,?,9,-9900,?,9,0.001,E,8,-9900,?,9,-9900,?,9,0.01,99.0,E,8
05/21/2018,02:00,0.0,1333.164,0.0,1,8,0.0,1,8,0.0,1,8,0.0,1,8,0.0,1,8,0.0,1,8,-0.0,1,8,-9900,?,9,-9900,?,9,18.46,E,8,16.63,E,8,88.0,E,8,964.3861999999999,E,8,999.0,E,8,0.43,E,8,-9900,?,9,-9900,?,9,0.022,E,8,-9900,?,9,-9900,?,9,0.22,99.0,E,8
05/21/2018,03:00,0.0,1333.164,0.0,1,8,0.0,1,8,0.0,1,8,0.0,1,8,0.0,1,8,0.0,1,8,-0.0,1,8,-9900,?,9,-9900,?,9,18.08,E,8,16.43,E,8,85.0,E,8,964.3861999999999,E,8,999.0,E,8,0.43,E,8,-9900,?,9,-9900,?,9,0.0,E,8,-9900,?,9,-9900,?,9,0.0,0.0,E,8
05/21/2018,04:00,0.0,1332.633,0.0,1,8,0.0,1,8,0.0,1,8,0.0,1,8,0.0,1,8,0.0,1,8,-0.0,1,8,-9900,?,9,-9900,?,9,17.71,E,8,16.22,E,8,93.0,E,8,964.3861999999999,E,8,999.0,E,8,0.43,E,8,-9900,?,9,-9900,?,9,0.458,E,8,-9900,?,9,-9900,?,9,4.58,99.0,E,8
05/21/2018,05:00,0.0,1332.633,0.0,1,8,0.0,1,8,0.0,1,8,0.0,1,8,0.0,1,8,0.0,1,8,-0.0,1,8,-9900,?,9,-9900,?,9,17.33,E,8,16.01,E,8,87.0,E,8,964.3861999999999,E,8,999.0,E,8,0.43,E,8,-9900,?,9,-9900,?,9,0.0,E,8,-9900,?,9,-9900,?,9,0.0,0.0,E,8
05/21/2018,06:00,0.0,1332.633,0.0,1,8,0.0,1,8,0.0,1,8,0.0,1,8,0.0,1,8,0.0,1,8,-0.0,1,8,-9900,?,9,-9900,?,9,17.04,E,8,15.85,E,8,87.0,E,8,964.3861999999999,E,8,999.0,E,8,0.43,E,8,-9900,?,9,-9900,?,9,0.0,E,8,-9900,?,9,-9900,?,9,0.0,0.0,E,8
05/21/2018,07:00,68.283,1332.633,0.0,1,8,0.0,1,8,0.0,1,8,0.0,1,8,0.0,1,8,0.0,1,8,0.0,1,8,-9900,?,9,-9900,?,9,16.79,E,8,15.71,E,8,88.0,E,8,964.3861999999999,E,8,999.0,E,8,0.43,E,8,-9900,?,9,-9900,?,9,0.0,E,8,-9900,?,9,-9900,?,9,0.0,0.0,E,8
05/21/2018,08:00,351.979,1332.633,47.83,1,8,0.0,1,8,47.83,1,8,5739.6,1,8,0.0,1,8,5261.3,1,8,57.864,1,8,-9900,?,9,-9900,?,9,16.55,E,8,15.58,E,8,88.0,E,8,964.3861999999999,E,8,999.0,E,8,0.43,E,8,-9900,?,9,-9900,?,9,0.0,E,8,-9900,?,9,-9900,?,9,0.0,0.0,E,8
05/21/2018,09:00,603.998,1332.633,167.06,1,8,19.063,1,8,158.43,1,8,20047.2,1,8,1810.961,1,8,17427.281,1,8,111.392,1,8,-9900,?,9,-9900,?,9,19.61,E,8,17.23,E,8,82.0,E,8,964.3861999999999,E,8,999.0,E,8,0.76,E,8,-9900,?,9,-9900,?,9,0.0,E,8,-9900,?,9,-9900,?,9,0.0,0.0,E,8
05/21/2018,10:00,803.919,1332.633,274.96,1,8,39.514,1,8,251.135,1,8,32995.2,1,8,3753.819,1,8,27624.874,1,8,132.58,1,8,-9900,?,9,-9900,?,9,21.2,E,8,18.04,E,8,79.0,E,8,964.3861999999999,E,8,999.0,E,8,1.09,E,8,-9900,?,9,-9900,?,9,0.0,E,8,-9900,?,9,-9900,?,9,0.0,0.0,E,8
05/21/2018,11:00,937.847,1332.633,355.95,1,8,35.716,1,8,330.823,1,8,42714.0,1,8,3392.973,1,8,36390.482,1,8,149.677,1,8,-9900,?,9,-9900,?,9,22.57,E,8,18.7,E,8,77.0,E,8,964.3861999999999,E,8,999.0,E,8,1.58,E,8,-9900,?,9,-9900,?,9,0.0,E,8,-9900,?,9,-9900,?,9,0.0,0.0,E,8
05/21/2018,12:00,996.589,1332.633,402.95,1,8,52.298,1,8,363.849,1,8,48354.0,1,8,4968.345,1,8,40023.337,1,8,154.905,1,8,-9900,?,9,-9900,?,9,23.66,E,8,19.21,E,8,75.0,E,8,964.3861999999999,E,8,999.0,E,8,1.68,E,8,-9900,?,9,-9900,?,9,0.0,E,8,-9900,?,9,-9900,?,9,0.0,0.0,E,8
05/21/2018,13:00,976.129,1332.633,412.31,1,8,63.574,1,8,365.755,1,8,49477.2,1,8,6039.531,1,8,40233.054,1,8,158.984,1,8,-9900,?,9,-9900,?,9,24.43,E,8,19.56,E,8,73.0,E,8,964.3861999999999,E,8,999.0,E,8,2.18,E,8,-9900,?,9,-9900,?,9,0.0,E,8,-9900,?,9,-9900,?,9,0.0,0.0,E,8
05/21/2018,14:00,877.87,1332.633,383.31,1,8,79.398,1,8,331.027,1,8,45997.2,1,8,7542.764,1,8,36412.975,1,8,160.015,1,8,-9900,?,9,-9900,?,9,24.86,E,8,19.75,E,8,73.0,E,8,964.3861999999999,E,8,999.0,E,8,2.33,E,8,-9900,?,9,-9900,?,9,0.0,E,8,-9900,?,9,-9900,?,9,0.0,0.0,E,8
05/21/2018,15:00,708.549,1332.633,318.18,1,8,139.526,1,8,244.051,1,8,38181.6,1,8,13254.936,1,8,26845.566,1,8,146.216,1,8,-9900,?,9,-9900,?,9,24.96,E,8,19.79,E,8,73.0,E,8,964.3861999999999,E,8,999.0,E,8,2.72,E,8,-9900,?,9,-9900,?,9,0.0,E,8,-9900,?,9,-9900,?,9,0.0,0.0,E,8
05/21/2018,16:00,479.838,1332.633,222.2,1,8,223.045,1,8,142.045,1,8,26664.0,1,8,21189.296,1,8,15624.961,1,8,125.817,1,8,-9900,?,9,-9900,?,9,24.56,E,8,19.62,E,8,73.0,E,8,964.3861999999999,E,8,999.0,E,8,2.62,E,8,-9900,?,9,-9900,?,9,0.0,E,8,-9900,?,9,-9900,?,9,0.0,0.0,E,8
05/21/2018,17:00,208.088,1332.633,105.24,1,8,253.042,1,8,66.164,1,8,12628.8,1,8,24039.004,1,8,7278.039,1,8,136.381,1,8,-9900,?,9,-9900,?,9,23.68,E,8,19.22,E,8,75.0,E,8,964.3861999999999,E,8,999.0,E,8,2.86,E,8,-9900,?,9,-9900,?,9,0.0,E,8,-9900,?,9,-9900,?,9,0.0,0.0,E,8
05/21/2018,18:00,0.0,1332.633,4.01,1,8,0.0,1,8,0.0,1,8,481.2,1,8,0.0,1,8,0.0,1,8,-0.0,1,8,-9900,?,9,-9900,?,9,23.02,E,8,18.91,E,8,76.0,E,8,964.3861999999999,E,8,999.0,E,8,1.89,E,8,-9900,?,9,-9900,?,9,0.0,E,8,-9900,?,9,-9900,?,9,0.0,0.0,E,8
05/21/2018,19:00,0.0,1332.633,0.0,1,8,0.0,1,8,0.0,1,8,0.0,1,8,0.0,1,8,0.0,1,8,-0.0,1,8,-9900,?,9,-9900,?,9,22.36,E,8,18.6,E,8,81.0,E,8,964.3861999999999,E,8,999.0,E,8,1.88,E,8,-9900,?,9,-9900,?,9,0.01,E,8,-9900,?,9,-9900,?,9,0.1,99.0,E,8
05/21/2018,20:00,0.0,1332.633,0.0,1,8,0.0,1,8,0.0,1,8,0.0,1,8,0.0,1,8,0.0,1,8,-0.0,1,8,-9900,?,9,-9900,?,9,21.7,E,8,18.28,E,8,82.0,E,8,964.3861999999999,E,8,999.0,E,8,2.11,E,8,-9900,?,9,-9900,?,9,0.001,E,8,-9900,?,9,-9900,?,9,0.01,99.0,E,8
05/21/2018,21:00,0.0,1332.633,0.0,1,8,0.0,1,8,0.0,1,8,0.0,1,8,0.0,1,8,0.0,1,8,-0.0,1,8,-9900,?,9,-9900,?,9,21.03,E,8,17.95,E,8,83.0,E,8,964.3861999999999,E,8,999.0,E,8,1.41,E,8,-9900,?,9,-9900,?,9,0.003,E,8,-9900,?,9,-9900,?,9,0.03,99.0,E,8
05/21/2018,22:00,0.0,1332.633,0.0,1,8,0.0,1,8,0.0,1,8,0.0,1,8,0.0,1,8,0.0,1,8,-0.0,1,8,-9900,?,9,-9900,?,9,20.37,E,8,17.62,E,8,81.0,E,8,964.3861999999999,E,8,999.0,E,8,1.46,E,8,-9900,?,9,-9900,?,9,0.0,E,8,-9900,?,9,-9900,?,9,0.0,0.0,E,8
05/21/2018,23:00,0.0,1332.633,0.0,1,8,0.0,1,8,0.0,1,8,0.0,1,8,0.0,1,8,0.0,1,8,-0.0,1,8,-9900,?,9,-9900,?,9,19.71,E,8,17.29,E,8,86.0,E,8,964.3861999999999,E,8,999.0,E,8,1.26,E,8,-9900,?,9,-9900,?,9,0.005,E,8,-9900,?,9,-9900,?,9,0.05,99.0,E,8
05/21/2018,24:00,0.0,1332.633,0.0,1,8,0.0,1,8,0.0,1,8,0.0,1,8,0.0,1,8,0.0,1,8,-0.0,1,8,-9900,?,9,-9900,?,9,19.05,E,8,16.61,E,8,85.0,E,8,964.3861999999999,E,8,999.0,E,8,3.59,E,8,-9900,?,9,-9900,?,9,0.0,E,8,-9900,?,9,-9900,?,9,0.0,0.0,E,8
05/22/2018,01:00,0.0,1332.633,0.0,1,8,0.0,1,8,0.0,1,8,0.0,1,8,0.0,1,8,0.0,1,8,-0.0,1,8,-9900,?,9,-9900,?,9,18.72,E,8,16.51,E,8,86.0,E,8,964.3861999999999,E,8,999.0,E,8,3.24,E,8,-9900,?,9,-9900,?,9,0.0,E,8,-9900,?,9,-9900,?,9,0.0,0.0,E,8
05/22/2018,02:00,0.0,1332.633,0.0,1,8,0.0,1,8,0.0,1,8,0.0,1,8,0.0,1,8,0.0,1,8,-0.0,1,8,-9900,?,9,-9900,?,9,18.38,E,8,16.4,E,8,88.0,E,8,964.3861999999999,E,8,999.0,E,8,2.83,E,8,-9900,?,9,-9900,?,9,0.0,E,8,-9900,?,9,-9900,?,9,0.0,0.0,E,8
05/22/2018,03:00,0.0,1332.633,0.0,1,8,0.0,1,8,0.0,1,8,0.0,1,8,0.0,1,8,0.0,1,8,-0.0,1,8,-9900,?,9,-9900,?,9,18.05,E,8,16.29,E,8,89.0,E,8,964.3861999999999,E,8,999.0,E,8,1.98,E,8,-9900,?,9,-9900,?,9,0.0,E,8,-9900,?,9,-9900,?,9,0.0,0.0,E,8
05/22/2018,04:00,0.0,1332.112,0.0,1,8,0.0,1,8,0.0,1,8,0.0,1,8,0.0,1,8,0.0,1,8,-0.0,1,8,-9900,?,9,-9900,?,9,17.72,E,8,16.18,E,8,90.0,E,8,964.3861999999999,E,8,999.0,E,8,2.53,E,8,-9900,?,9,-9900,?,9,0.0,E,8,-9900,?,9,-9900,?,9,0.0,0.0,E,8
05/22/2018,05:00,0.0,1332.112,0.0,1,8,0.0,1,8,0.0,1,8,0.0,1,8,0.0,1,8,0.0,1,8,-0.0,1,8,-9900,?,9,-9900,?,9,17.39,E,8,16.08,E,8,91.0,E,8,964.3861999999999,E,8,999.0,E,8,1.98,E,8,-9900,?,9,-9900,?,9,0.0,E,8,-9900,?,9,-9900,?,9,0.0,0.0,E,8
05/22/2018,06:00,0.0,1332.112,0.0,1,8,0.0,1,8,0.0,1,8,0.0,1,8,0.0,1,8,0.0,1,8,-0.0,1,8,-9900,?,9,-9900,?,9,17.13,E,8,15.99,E,8,93.0,E,8,964.3861999999999,E,8,999.0,E,8,1.98,E,8,-9900,?,9,-9900,?,9,0.0,E,8,-9900,?,9,-9900,?,9,0.0,0.0,E,8
05/22/2018,07:00,66.142,1332.112,0.0,1,8,0.0,1,8,0.0,1,8,0.0,1,8,0.0,1,8,0.0,1,8,0.0,1,8,-9900,?,9,-9900,?,9,16.92,E,8,15.92,E,8,93.0,E,8,964.3861999999999,E,8,999.0,E,8,1.98,E,8,-9900,?,9,-9900,?,9,0.0,E,8,-9900,?,9,-9900,?,9,0.0,0.0,E,8
05/22/2018,08:00,349.282,1332.112,76.29,1,8,0.0,1,8,76.29,1,8,9154.8,1,8,0.0,1,8,8391.9,1,8,92.976,1,8,-9900,?,9,-9900,?,9,16.7,E,8,15.85,E,8,94.0,E,8,964.3861999999999,E,8,999.0,E,8,1.98,E,8,-9900,?,9,-9900,?,9,0.0,E,8,-9900,?,9,-9900,?,9,0.0,0.0,E,8
05/22/2018,09:00,600.923,1332.112,260.22,1,8,148.731,1,8,193.204,1,8,31226.4,1,8,14129.407,1,8,21252.389,1,8,136.485,1,8,-9900,?,9,-9900,?,9,19.93,E,8,16.89,E,8,82.0,E,8,964.3861999999999,E,8,999.0,E,8,1.98,E,8,-9900,?,9,-9900,?,9,0.0,E,8,-9900,?,9,-9900,?,9,0.0,0.0,E,8
05/22/2018,10:00,800.578,1332.112,420.03,1,8,217.729,1,8,289.246,1,8,50403.6,1,8,20684.252,1,8,31817.087,1,8,153.278,1,8,-9900,?,9,-9900,?,9,21.54,E,8,17.39,E,8,77.0,E,8,964.3861999999999,E,8,999.0,E,8,1.98,E,8,-9900,?,9,-9900,?,9,0.0,E,8,-9900,?,9,-9900,?,9,0.0,0.0,E,8
05/22/2018,11:00,934.366,1332.112,529.53,1,8,331.78,1,8,296.884,1,8,63543.6,1,8,31519.114,1,8,32657.287,1,8,134.77,1,8,-9900,?,9,-9900,?,9,22.87,E,8,17.79,E,8,73.0,E,8,964.3861999999999,E,8,999.0,E,8,1.98,E,8,-9900,?,9,-9900,?,9,0.0,E,8,-9900,?,9,-9900,?,9,0.0,0.0,E,8
05/22/2018,12:00,993.104,1332.112,607.44,1,8,440.479,1,8,279.136,1,8,72892.8,1,8,41845.465,1,8,30704.918,1,8,119.21,1,8,-9900,?,9,-9900,?,9,23.97,E,8,18.11,E,8,69.0,E,8,964.3861999999999,E,8,999.0,E,8,1.98,E,8,-9900,?,9,-9900,?,9,0.0,E,8,-9900,?,9,-9900,?,9,0.0,0.0,E,8
05/22/2018,13:00,972.775,1332.112,611.86,1,8,493.164,1,8,251.82,1,8,73423.2,1,8,46850.562,1,8,27700.175,1,8,109.794,1,8,-9900,?,9,-9900,?,9,24.72,E,8,18.33,E,8,67.0,E,8,964.3861999999999,E,8,999.0,E,8,1.98,E,8,-9900,?,9,-9900,?,9,0.0,E,8,-9900,?,9,-9900,?,9,0.0,0.0,E,8
05/22/2018,14:00,874.774,1332.112,609.28,1,8,709.22,1,8,143.729,1,8,73113.6,1,8,67375.87,1,8,15810.153,1,8,69.696,1,8,-9900,?,9,-9900,?,9,25.25,E,8,18.48,E,8,66.0,E,8,964.3861999999999,E,8,999.0,E,8,1.98,E,8,-9900,?,9,-9900,?,9,0.0,E,8,-9900,?,9,-9900,?,9,0.0,0.0,E,8
05/22/2018,15:00,705.82,1332.112,511.14,1,8,750.456,1,8,113.809,1,8,61336.8,1,8,71293.351,1,8,12518.947,1,8,68.422,1,8,-9900,?,9,-9900,?,9,25.4,E,8,18.53,E,8,65.0,E,8,964.3861999999999,E,8,999.0,E,8,2.73,E,8,-9900,?,9,-9900,?,9,0.0,E,8,-9900,?,9,-9900,?,9,0.0,0.0,E,8
05/22/2018,16:00,477.562,1332.112,370.19,1,8,701.188,1,8,119.309,1,8,44422.8,1,8,66612.831,1,8,13123.993,1,8,106.143,1,8,-9900,?,9,-9900,?,9,25.1,E,8,18.44,E,8,66.0,E,8,964.3861999999999,E,8,999.0,E,8,3.04,E,8,-9900,?,9,-9900,?,9,0.0,E,8,-9900,?,9,-9900,?,9,0.0,0.0,E,8
05/22/2018,17:00,206.327,1332.112,181.3,1,8,354.204,1,8,127.053,1,8,21756.0,1,8,33649.401,1,8,13975.866,1,8,264.069,1,8,-9900,?,9,-9900,?,9,24.25,E,8,18.19,E,8,68.0,E,8,964.3861999999999,E,8,999.0,E,8,2.57,E,8,-9900,?,9,-9900,?,9,0.0,E,8,-9900,?,9,-9900,?,9,0.0,0.0,E,8
05/22/2018,18:00,0.0,1332.112,10.1,1,8,0.0,1,8,0.0,1,8,1212.0,1,8,0.0,1,8,0.0,1,8,-0.0,1,8,-9900,?,9,-9900,?,9,23.35,E,8,17.93,E,8,71.0,E,8,964.3861999999999,E,8,999.0,E,8,2.74,E,8,-9900,?,9,-9900,?,9,0.0,E,8,-9900,?,9,-9900,?,9,0.0,0.0,E,8
05/22/2018,19:00,0.0,1332.112,0.0,1,8,0.0,1,8,0.0,1,8,0.0,1,8,0.0,1,8,0.0,1,8,-0.0,1,8,-9900,?,9,-9900,?,9,22.46,E,8,17.67,E,8,74.0,E,8,964.3861999999999,E,8,999.0,E,8,2.13,E,8,-9900,?,9,-9900,?,9,0.0,E,8,-9900,?,9,-9900,?,9,0.0,0.0,E,8
05/22/2018,20:00,0.0,1332.112,0.0,1,8,0.0,1,8,0.0,1,8,0.0,1,8,0.0,1,8,0.0,1,8,-0.0,1,8,-9900,?,9,-9900,?,9,21.57,E,8,17.4,E,8,77.0,E,8,964.3861999999999,E,8,999.0,E,8,1.98,E,8,-9900,?,9,-9900,?,9,0.0,E,8,-9900,?,9,-9900,?,9,0.0,0.0,E,8
05/22/2018,21:00,0.0,1332.112,0.0,1,8,0.0,1,8,0.0,1,8,0.0,1,8,0.0,1,8,0.0,1,8,-0.0,1,8,-9900,?,9,-9900,?,9,20.68,E,8,17.12,E,8,80.0,E,8,964.3861999999999,E,8,999.0,E,8,1.98,E,8,-9900,?,9,-9900,?,9,0.0,E,8,-9900,?,9,-9900,?,9,0.0,0.0,E,8
05/22/2018,22:00,0.0,1332.112,0.0,1,8,0.0,1,8,0.0,1,8,0.0,1,8,0.0,1,8,0.0,1,8,-0.0,1,8,-9900,?,9,-9900,?,9,19.78,E,8,16.84,E,8,83.0,E,8,964.3861999999999,E,8,999.0,E,8,1.98,E,8,-9900,?,9,-9900,?,9,0.0,E,8,-9900,?,9,-9900,?,9,0.0,0.0,E,8
05/22/2018,23:00,0.0,1332.112,0.0,1,8,0.0,1,8,0.0,1,8,0.0,1,8,0.0,1,8,0.0,1,8,-0.0,1,8,-9900,?,9,-9900,?,9,18.89,E,8,16.56,E,8,86.0,E,8,964.3861999999999,E,8,999.0,E,8,1.98,E,8,-9900,?,9,-9900,?,9,0.0,E,8,-9900,?,9,-9900,?,9,0.0,0.0,E,8
05/22/2018,24:00,0.0,1332.112,0.0,1,8,0.0,1,8,0.0,1,8,0.0,1,8,0.0,1,8,0.0,1,8,-0.0,1,8,-9900,?,9,-9900,?,9,18.0,E,8,15.32,E,8,84.0,E,8,964.3861999999999,E,8,999.0,E,8,1.12,E,8,-9900,?,9,-9900,?,9,0.0,E,8,-9900,?,9,-9900,?,9,0.0,0.0,E,8
05/23/2018,01:00,0.0,1332.112,0.0,1,8,0.0,1,8,0.0,1,8,0.0,1,8,0.0,1,8,0.0,1,8,-0.0,1,8,-9900,?,9,-9900,?,9,17.55,E,8,15.14,E,8,85.0,E,8,964.3861999999999,E,8,999.0,E,8,1.12,E,8,-9900,?,9,-9900,?,9,0.0,E,8,-9900,?,9,-9900,?,9,0.0,0.0,E,8
05/23/2018,02:00,0.0,1332.112,0.0,1,8,0.0,1,8,0.0,1,8,0.0,1,8,0.0,1,8,0.0,1,8,-0.0,1,8,-9900,?,9,-9900,?,9,17.11,E,8,14.96,E,8,87.0,E,8,964.3861999999999,E,8,999.0,E,8,1.12,E,8,-9900,?,9,-9900,?,9,0.0,E,8,-9900,?,9,-9900,?,9,0.0,0.0,E,8
05/23/2018,03:00,0.0,1332.112,0.0,1,8,0.0,1,8,0.0,1,8,0.0,1,8,0.0,1,8,0.0,1,8,-0.0,1,8,-9900,?,9,-9900,?,9,16.66,E,8,14.77,E,8,88.0,E,8,964.3861999999999,E,8,999.0,E,8,1.12,E,8,-9900,?,9,-9900,?,9,0.0,E,8,-9900,?,9,-9900,?,9,0.0,0.0,E,8
05/23/2018,04:00,0.0,1331.601,0.0,1,8,0.0,1,8,0.0,1,8,0.0,1,8,0.0,1,8,0.0,1,8,-0.0,1,8,-9900,?,9,-9900,?,9,16.22,E,8,14.59,E,8,90.0,E,8,964.3861999999999,E,8,999.0,E,8,1.12,E,8,-9900,?,9,-9900,?,9,0.0,E,8,-9900,?,9,-9900,?,9,0.0,0.0,E,8
05/23/2018,05:00,0.0,1331.601,0.0,1,8,0.0,1,8,0.0,1,8,0.0,1,8,0.0,1,8,0.0,1,8,-0.0,1,8,-9900,?,9,-9900,?,9,15.77,E,8,14.39,E,8,91.0,E,8,964.3861999999999,E,8,999.0,E,8,1.12,E,8,-9900,?,9,-9900,?,9,0.0,E,8,-9900,?,9,-9900,?,9,0.0,0.0,E,8
05/23/2018,06:00,0.0,1331.601,0.0,1,8,0.0,1,8,0.0,1,8,0.0,1,8,0.0,1,8,0.0,1,8,-0.0,1,8,-9900,?,9,-9900,?,9,15.42,E,8,14.24,E,8,92.0,E,8,964.3861999999999,E,8,999.0,E,8,1.12,E,8,-9900,?,9,-9900,?,9,0.0,E,8,-9900,?,9,-9900,?,9,0.0,0.0,E,8
05/23/2018,07:00,64.019,1331.601,0.0,1,8,0.0,1,8,0.0,1,8,0.0,1,8,0.0,1,8,0.0,1,8,0.0,1,8,-9900,?,9,-9900,?,9,15.13,E,8,14.12,E,8,93.0,E,8,964.3861999999999,E,8,999.0,E,8,1.12,E,8,-9900,?,9,-9900,?,9,0.0,E,8,-9900,?,9,-9900,?,9,0.0,0.0,E,8
05/23/2018,08:00,346.614,1331.601,52.31,1,8,0.0,1,8,52.31,1,8,6277.2,1,8,0.0,1,8,5754.1,1,8,64.221,1,8,-9900,?,9,-9900,?,9,14.84,E,8,13.99,E,8,94.0,E,8,964.3861999999999,E,8,999.0,E,8,1.12,E,8,-9900,?,9,-9900,?,9,0.0,E,8,-9900,?,9,-9900,?,9,0.0,0.0,E,8
05/23/2018,09:00,597.891,1331.601,187.57,1,8,23.439,1,8,177.058,1,8,22508.4,1,8,2226.668,1,8,19476.401,1,8,125.667,1,8,-9900,?,9,-9900,?,9,18.17,E,8,15.39,E,8,83.0,E,8,964.3861999999999,E,8,999.0,E,8,1.12,E,8,-9900,?,9,-9900,?,9,0.0,E,8,-9900,?,9,-9900,?,9,0.0,0.0,E,8
05/23/2018,10:00,797.295,1331.601,310.39,1,8,65.404,1,8,271.25,1,8,37246.8,1,8,6213.347,1,8,29837.518,1,8,144.279,1,8,-9900,?,9,-9900,?,9,19.93,E,8,16.09,E,8,78.0,E,8,964.3861999999999,E,8,999.0,E,8,1.12,E,8,-9900,?,9,-9900,?,9,0.0,E,8,-9900,?,9,-9900,?,9,0.0,0.0,E,8
05/23/2018,11:00,930.957,1331.601,402.67,1,8,95.22,1,8,336.119,1,8,48320.4,1,8,9045.936,1,8,36973.131,1,8,153.081,1,8,-9900,?,9,-9900,?,9,21.45,E,8,16.67,E,8,74.0,E,8,964.3861999999999,E,8,999.0,E,8,1.67,E,8,-9900,?,9,-9900,?,9,0.0,E,8,-9900,?,9,-9900,?,9,0.0,0.0,E,8
05/23/2018,12:00,989.704,1331.601,456.28,1,8,89.32,1,8,389.909,1,8,54753.6,1,8,8485.412,1,8,42890.012,1,8,167.027,1,8,-9900,?,9,-9900,?,9,22.66,E,8,17.12,E,8,70.0,E,8,964.3861999999999,E,8,999.0,E,8,1.48,E,8,-9900,?,9,-9900,?,9,0.0,E,8,-9900,?,9,-9900,?,9,0.0,0.0,E,8
05/23/2018,13:00,969.516,1331.601,467.05,1,8,108.177,1,8,388.309,1,8,56046.0,1,8,10276.797,1,8,42713.968,1,8,169.809,1,8,-9900,?,9,-9900,?,9,23.52,E,8,17.43,E,8,68.0,E,8,964.3861999999999,E,8,999.0,E,8,1.14,E,8,-9900,?,9,-9900,?,9,0.0,E,8,-9900,?,9,-9900,?,9,0.0,0.0,E,8
05/23/2018,14:00,871.78,1331.601,434.14,1,8,133.908,1,8,346.506,1,8,52096.8,1,8,12721.299,1,8,38115.701,1,8,168.538,1,8,-9900,?,9,-9900,?,9,24.0,E,8,17.6,E,8,67.0,E,8,964.3861999999999,E,8,999.0,E,8,2.04,E,8,-9900,?,9,-9900,?,9,0.0,E,8,-9900,?,9,-9900,?,9,0.0,0.0,E,8
05/23/2018,15:00,703.197,1331.601,360.1,1,8,230.812,1,8,238.304,1,8,43212.0,1,8,21927.154,1,8,26213.449,1,8,143.75,1,8,-9900,?,9,-9900,?,9,24.11,E,8,17.64,E,8,67.0,E,8,964.3861999999999,E,8,999.0,E,8,1.77,E,8,-9900,?,9,-9900,?,9,0.0,E,8,-9900,?,9,-9900,?,9,0.0,0.0,E,8
05/23/2018,16:00,475.39,1331.601,250.94,1,8,370.261,1,8,119.017,1,8,30112.8,1,8,35174.79,1,8,13091.873,1,8,106.328,1,8,-9900,?,9,-9900,?,9,23.67,E,8,17.48,E,8,68.0,E,8,964.3861999999999,E,8,999.0,E,8,1.57,E,8,-9900,?,9,-9900,?,9,0.0,E,8,-9900,?,9,-9900,?,9,0.0,0.0,E,8
05/23/2018,17:00,204.665,1331.601,118.02,1,8,290.914,1,8,73.816,1,8,14162.4,1,8,27636.858,1,8,8119.72,1,8,154.632,1,8,-9900,?,9,-9900,?,9,22.7,E,8,17.13,E,8,70.0,E,8,964.3861999999999,E,8,999.0,E,8,1.7,E,8,-9900,?,9,-9900,?,9,0.0,E,8,-9900,?,9,-9900,?,9,0.0,0.0,E,8
05/23/2018,18:00,0.0,1331.601,4.09,1,8,0.0,1,8,0.0,1,8,490.8,1,8,0.0,1,8,0.0,1,8,-0.0,1,8,-9900,?,9,-9900,?,9,21.92,E,8,16.85,E,8,72.0,E,8,964.3861999999999,E,8,999.0,E,8,1.12,E,8,-9900,?,9,-9900,?,9,0.0,E,8,-9900,?,9,-9900,?,9,0.0,0.0,E,8
05/23/2018,19:00,0.0,1331.601,0.0,1,8,0.0,1,8,0.0,1,8,0.0,1,8,0.0,1,8,0.0,1,8,-0.0,1,8,-9900,?,9,-9900,?,9,21.15,E,8,16.56,E,8,75.0,E,8,964.3861999999999,E,8,999.0,E,8,1.12,E,8,-9900,?,9,-9900,?,9,0.0,E,8,-9900,?,9,-9900,?,9,0.0,0.0,E,8
05/23/2018,20:00,0.0,1331.601,0.0,1,8,0.0,1,8,0.0,1,8,0.0,1,8,0.0,1,8,0.0,1,8,-0.0,1,8,-9900,?,9,-9900,?,9,20.38,E,8,16.26,E,8,77.0,E,8,964.3861999999999,E,8,999.0,E,8,1.12,E,8,-9900,?,9,-9900,?,9,0.0,E,8,-9900,?,9,-9900,?,9,0.0,0.0,E,8
05/23/2018,21:00,0.0,1331.601,0.0,1,8,0.0,1,8,0.0,1,8,0.0,1,8,0.0,1,8,0.0,1,8,-0.0,1,8,-9900,?,9,-9900,?,9,19.6,E,8,15.96,E,8,79.0,E,8,964.3861999999999,E,8,999.0,E,8,1.12,E,8,-9900,?,9,-9900,?,9,0.0,E,8,-9900,?,9,-9900,?,9,0.0,0.0,E,8
05/23/2018,22:00,0.0,1331.601,0.0,1,8,0.0,1,8,0.0,1,8,0.0,1,8,0.0,1,8,0.0,1,8,-0.0,1,8,-9900,?,9,-9900,?,9,18.83,E,8,15.66,E,8,81.0,E,8,964.3861999999999,E,8,999.0,E,8,1.12,E,8,-9900,?,9,-9900,?,9,0.0,E,8,-9900,?,9,-9900,?,9,0.0,0.0,E,8
05/23/2018,23:00,0.0,1331.601,0.0,1,8,0.0,1,8,0.0,1,8,0.0,1,8,0.0,1,8,0.0,1,8,-0.0,1,8,-9900,?,9,-9900,?,9,18.06,E,8,15.35,E,8,84.0,E,8,964.3861999999999,E,8,999.0,E,8,1.12,E,8,-9900,?,9,-9900,?,9,0.0,E,8,-9900,?,9,-9900,?,9,0.0,0.0,E,8
05/23/2018,24:00,0.0,1331.601,0.0,1,8,0.0,1,8,0.0,1,8,0.0,1,8,0.0,1,8,0.0,1,8,-0.0,1,8,-9900,?,9,-9900,?,9,17.28,E,8,13.08,E,8,76.0,E,8,964.3861999999999,E,8,999.0,E,8,1.17,E,8,-9900,?,9,-9900,?,9,0.0,E,8,-9900,?,9,-9900,?,9,0.0,0.0,E,8
05/24/2018,01:00,0.0,1331.601,0.0,1,8,0.0,1,8,0.0,1,8,0.0,1,8,0.0,1,8,0.0,1,8,-0.0,1,8,-9900,?,9,-9900,?,9,16.9,E,8,13.02,E,8,77.0,E,8,964.3861999999999,E,8,999.0,E,8,1.17,E,8,-9900,?,9,-9900,?,9,0.0,E,8,-9900,?,9,-9900,?,9,0.0,0.0,E,8
05/24/2018,02:00,0.0,1331.601,0.0,1,8,0.0,1,8,0.0,1,8,0.0,1,8,0.0,1,8,0.0,1,8,-0.0,1,8,-9900,?,9,-9900,?,9,16.51,E,8,12.96,E,8,79.0,E,8,964.3861999999999,E,8,999.0,E,8,1.17,E,8,-9900,?,9,-9900,?,9,0.0,E,8,-9900,?,9,-9900,?,9,0.0,0.0,E,8
05/24/2018,03:00,0.0,1331.601,0.0,1,8,0.0,1,8,0.0,1,8,0.0,1,8,0.0,1,8,0.0,1,8,-0.0,1,8,-9900,?,9,-9900,?,9,16.12,E,8,12.9,E,8,81.0,E,8,964.3861999999999,E,8,999.0,E,8,1.17,E,8,-9900,?,9,-9900,?,9,0.0,E,8,-9900,?,9,-9900,?,9,0.0,0.0,E,8
05/24/2018,04:00,0.0,1331.1,0.0,1,8,0.0,1,8,0.0,1,8,0.0,1,8,0.0,1,8,0.0,1,8,-0.0,1,8,-9900,?,9,-9900,?,9,15.73,E,8,12.84,E,8,82.0,E,8,964.3861999999999,E,8,999.0,E,8,1.17,E,8,-9900,?,9,-9900,?,9,0.0,E,8,-9900,?,9,-9900,?,9,0.0,0.0,E,8
05/24/2018,05:00,0.0,1331.1,0.0,1,8,0.0,1,8,0.0,1,8,0.0,1,8,0.0,1,8,0.0,1,8,-0.0,1,8,-9900,?,9,-9900,?,9,15.35,E,8,12.78,E,8,84.0,E,8,964.3861999999999,E,8,999.0,E,8,1.17,E,8,-9900,?,9,-9900,?,9,0.0,E,8,-9900,?,9,-9900,?,9,0.0,0.0,E,8
05/24/2018,06:00,0.0,1331.1,0.0,1,8,0.0,1,8,0.0,1,8,0.0,1,8,0.0,1,8,0.0,1,8,-0.0,1,8,-9900,?,9,-9900,?,9,15.05,E,8,12.74,E,8,86.0,E,8,964.3861999999999,E,8,999.0,E,8,1.17,E,8,-9900,?,9,-9900,?,9,0.0,E,8,-9900,?,9,-9900,?,9,0.0,0.0,E,8
05/24/2018,07:00,61.917,1331.1,0.0,1,8,0.0,1,8,0.0,1,8,0.0,1,8,0.0,1,8,0.0,1,8,0.0,1,8,-9900,?,9,-9900,?,9,14.79,E,8,12.7,E,8,87.0,E,8,964.3861999999999,E,8,999.0,E,8,1.17,E,8,-9900,?,9,-9900,?,9,0.0,E,8,-9900,?,9,-9900,?,9,0.0,0.0,E,8
05/24/2018,08:00,343.976,1331.1,82.74,1,8,0.0,1,8,82.74,1,8,9928.8,1,8,0.0,1,8,9101.4,1,8,102.327,1,8,-9900,?,9,-9900,?,9,14.54,E,8,12.66,E,8,88.0,E,8,964.3861999999999,E,8,999.0,E,8,1.17,E,8,-9900,?,9,-9900,?,9,0.0,E,8,-9900,?,9,-9900,?,9,0.0,0.0,E,8
05/24/2018,09:00,594.905,1331.1,277.05,1,8,188.999,1,8,192.68,1,8,33246.0,1,8,17954.883,1,8,21194.808,1,8,137.391,1,8,-9900,?,9,-9900,?,9,17.94,E,8,13.17,E,8,73.0,E,8,964.3861999999999,E,8,999.0,E,8,1.17,E,8,-9900,?,9,-9900,?,9,0.0,E,8,-9900,?,9,-9900,?,9,0.0,0.0,E,8
05/24/2018,10:00,794.073,1331.1,439.52,1,8,306.303,1,8,256.891,1,8,52742.4,1,8,29098.813,1,8,28257.961,1,8,137.145,1,8,-9900,?,9,-9900,?,9,19.58,E,8,13.42,E,8,67.0,E,8,964.3861999999999,E,8,999.0,E,8,1.17,E,8,-9900,?,9,-9900,?,9,0.0,E,8,-9900,?,9,-9900,?,9,0.0,0.0,E,8
05/24/2018,11:00,927.624,1331.1,578.44,1,8,441.068,1,8,271.162,1,8,69412.8,1,8,41901.425,1,8,29827.827,1,8,123.895,1,8,-9900,?,9,-9900,?,9,21.06,E,8,13.63,E,8,62.0,E,8,964.3861999999999,E,8,999.0,E,8,1.17,E,8,-9900,?,9,-9900,?,9,0.0,E,8,-9900,?,9,-9900,?,9,0.0,0.0,E,8
05/24/2018,12:00,986.392,1331.1,656.68,1,8,523.72,1,8,268.679,1,8,78801.6,1,8,49753.359,1,8,29554.712,1,8,115.438,1,8,-9900,?,9,-9900,?,9,22.24,E,8,13.8,E,8,58.0,E,8,964.3861999999999,E,8,999.0,E,8,1.17,E,8,-9900,?,9,-9900,?,9,0.0,E,8,-9900,?,9,-9900,?,9,0.0,0.0,E,8
05/24/2018,13:00,966.355,1331.1,678.76,1,8,664.272,1,8,196.637,1,8,81451.2,1,8,63105.839,1,8,21630.107,1,8,86.239,1,8,-9900,?,9,-9900,?,9,23.1,E,8,13.93,E,8,56.0,E,8,964.3861999999999,E,8,999.0,E,8,1.17,E,8,-9900,?,9,-9900,?,9,0.0,E,8,-9900,?,9,-9900,?,9,0.0,0.0,E,8
05/24/2018,14:00,868.891,1331.1,649.54,1,8,843.042,1,8,99.452,1,8,77944.8,1,8,80089.036,1,8,10939.722,1,8,48.516,1,8,-9900,?,9,-9900,?,9,23.63,E,8,14.0,E,8,54.0,E,8,964.3861999999999,E,8,999.0,E,8,1.17,E,8,-9900,?,9,-9900,?,9,0.0,E,8,-9900,?,9,-9900,?,9,0.0,0.0,E,8
05/24/2018,15:00,700.681,1331.1,549.7,1,8,676.554,1,8,193.839,1,8,65964.0,1,8,64272.597,1,8,21322.342,1,8,117.305,1,8,-9900,?,9,-9900,?,9,23.8,E,8,14.02,E,8,54.0,E,8,964.3861999999999,E,8,999.0,E,8,1.55,E,8,-9900,?,9,-9900,?,9,0.0,E,8,-9900,?,9,-9900,?,9,0.0,0.0,E,8
05/24/2018,16:00,473.324,1331.1,383.53,1,8,619.273,1,8,163.765,1,8,46023.6,1,8,58830.954,1,8,18014.158,1,8,146.891,1,8,-9900,?,9,-9900,?,9,23.42,E,8,13.97,E,8,55.0,E,8,964.3861999999999,E,8,999.0,E,8,1.85,E,8,-9900,?,9,-9900,?,9,0.0,E,8,-9900,?,9,-9900,?,9,0.0,0.0,E,8
05/24/2018,17:00,203.102,1331.1,185.36,1,8,425.312,1,8,121.214,1,8,22243.2,1,8,40404.687,1,8,13333.496,1,8,255.822,1,8,-9900,?,9,-9900,?,9,22.48,E,8,13.84,E,8,58.0,E,8,964.3861999999999,E,8,999.0,E,8,2.16,E,8,-9900,?,9,-9900,?,9,0.0,E,8,-9900,?,9,-9900,?,9,0.0,0.0,E,8
05/24/2018,18:00,0.0,1331.1,6.4,1,8,0.0,1,8,0.0,1,8,768.0,1,8,0.0,1,8,0.0,1,8,-0.0,1,8,-9900,?,9,-9900,?,9,21.82,E,8,13.74,E,8,60.0,E,8,964.3861999999999,E,8,999.0,E,8,1.33,E,8,-9900,?,9,-9900,?,9,0.0,E,8,-9900,?,9,-9900,?,9,0.0,0.0,E,8
05/24/2018,19:00,0.0,1331.1,0.0,1,8,0.0,1,8,0.0,1,8,0.0,1,8,0.0,1,8,0.0,1,8,-0.0,1,8,-9900,?,9,-9900,?,9,21.15,E,8,13.65,E,8,62.0,E,8,964.3861999999999,E,8,999.0,E,8,1.17,E,8,-9900,?,9,-9900,?,9,0.0,E,8,-9900,?,9,-9900,?,9,0.0,0.0,E,8
05/24/2018,20:00,0.0,1331.1,0.0,1,8,0.0,1,8,0.0,1,8,0.0,1,8,0.0,1,8,0.0,1,8,-0.0,1,8,-9900,?,9,-9900,?,9,20.48,E,8,13.55,E,8,64.0,E,8,964.3861999999999,E,8,999.0,E,8,1.17,E,8,-9900,?,9,-9900,?,9,0.0,E,8,-9900,?,9,-9900,?,9,0.0,0.0,E,8
05/24/2018,21:00,0.0,1331.1,0.0,1,8,0.0,1,8,0.0,1,8,0.0,1,8,0.0,1,8,0.0,1,8,-0.0,1,8,-9900,?,9,-9900,?,9,19.82,E,8,13.45,E,8,66.0,E,8,964.3861999999999,E,8,999.0,E,8,1.17,E,8,-9900,?,9,-9900,?,9,0.0,E,8,-9900,?,9,-9900,?,9,0.0,0.0,E,8
05/24/2018,22:00,0.0,1331.1,0.0,1,8,0.0,1,8,0.0,1,8,0.0,1,8,0.0,1,8,0.0,1,8,-0.0,1,8,-9900,?,9,-9900,?,9,19.15,E,8,13.35,E,8,69.0,E,8,964.3861999999999,E,8,999.0,E,8,1.17,E,8,-9900,?,9,-9900,?,9,0.0,E,8,-9900,?,9,-9900,?,9,0.0,0.0,E,8
05/24/2018,23:00,0.0,1331.1,0.0,1,8,0.0,1,8,0.0,1,8,0.0,1,8,0.0,1,8,0.0,1,8,-0.0,1,8,-9900,?,9,-9900,?,9,18.49,E,8,13.26,E,8,71.0,E,8,964.3861999999999,E,8,999.0,E,8,1.17,E,8,-9900,?,9,-9900,?,9,0.0,E,8,-9900,?,9,-9900,?,9,0.0,0.0,E,8
05/24/2018,24:00,0.0,1331.1,0.0,1,8,0.0,1,8,0.0,1,8,0.0,1,8,0.0,1,8,0.0,1,8,-0.0,1,8,-9900,?,9,-9900,?,9,17.82,E,8,11.74,E,8,67.0,E,8,964.3861999999999,E,8,999.0,E,8,1.23,E,8,-9900,?,9,-9900,?,9,0.0,E,8,-9900,?,9,-9900,?,9,0.0,0.0,E,8
05/25/2018,01:00,0.0,1331.1,0.0,1,8,0.0,1,8,0.0,1,8,0.0,1,8,0.0,1,8,0.0,1,8,-0.0,1,8,-9900,?,9,-9900,?,9,17.49,E,8,11.62,E,8,68.0,E,8,964.3861999999999,E,8,999.0,E,8,1.23,E,8,-9900,?,9,-9900,?,9,0.0,E,8,-9900,?,9,-9900,?,9,0.0,0.0,E,8
05/25/2018,02:00,0.0,1331.1,0.0,1,8,0.0,1,8,0.0,1,8,0.0,1,8,0.0,1,8,0.0,1,8,-0.0,1,8,-9900,?,9,-9900,?,9,17.16,E,8,11.5,E,8,69.0,E,8,964.3861999999999,E,8,999.0,E,8,1.23,E,8,-9900,?,9,-9900,?,9,0.0,E,8,-9900,?,9,-9900,?,9,0.0,0.0,E,8
05/25/2018,03:00,0.0,1331.1,0.0,1,8,0.0,1,8,0.0,1,8,0.0,1,8,0.0,1,8,0.0,1,8,-0.0,1,8,-9900,?,9,-9900,?,9,16.82,E,8,11.38,E,8,70.0,E,8,964.3861999999999,E,8,999.0,E,8,1.23,E,8,-9900,?,9,-9900,?,9,0.0,E,8,-9900,?,9,-9900,?,9,0.0,0.0,E,8
05/25/2018,04:00,0.0,1330.61,0.0,1,8,0.0,1,8,0.0,1,8,0.0,1,8,0.0,1,8,0.0,1,8,-0.0,1,8,-9900,?,9,-9900,?,9,16.49,E,8,11.27,E,8,71.0,E,8,964.3861999999999,E,8,999.0,E,8,1.23,E,8,-9900,?,9,-9900,?,9,0.0,E,8,-9900,?,9,-9900,?,9,0.0,0.0,E,8
05/25/2018,05:00,0.0,1330.61,0.0,1,8,0.0,1,8,0.0,1,8,0.0,1,8,0.0,1,8,0.0,1,8,-0.0,1,8,-9900,?,9,-9900,?,9,16.16,E,8,11.15,E,8,72.0,E,8,964.3861999999999,E,8,999.0,E,8,1.23,E,8,-9900,?,9,-9900,?,9,0.0,E,8,-9900,?,9,-9900,?,9,0.0,0.0,E,8
05/25/2018,06:00,0.0,1330.61,0.0,1,8,0.0,1,8,0.0,1,8,0.0,1,8,0.0,1,8,0.0,1,8,-0.0,1,8,-9900,?,9,-9900,?,9,15.9,E,8,11.05,E,8,72.0,E,8,964.3861999999999,E,8,999.0,E,8,1.23,E,8,-9900,?,9,-9900,?,9,0.0,E,8,-9900,?,9,-9900,?,9,0.0,0.0,E,8
05/25/2018,07:00,59.836,1330.61,0.0,1,8,0.0,1,8,0.0,1,8,0.0,1,8,0.0,1,8,0.0,1,8,0.0,1,8,-9900,?,9,-9900,?,9,15.68,E,8,10.97,E,8,73.0,E,8,964.3861999999999,E,8,999.0,E,8,1.23,E,8,-9900,?,9,-9900,?,9,0.0,E,8,-9900,?,9,-9900,?,9,0.0,0.0,E,8
05/25/2018,08:00,341.371,1330.61,81.69,1,8,0.0,1,8,81.69,1,8,9802.8,1,8,0.0,1,8,8985.9,1,8,101.768,1,8,-9900,?,9,-9900,?,9,15.46,E,8,10.89,E,8,74.0,E,8,964.3861999999999,E,8,999.0,E,8,1.23,E,8,-9900,?,9,-9900,?,9,0.0,E,8,-9900,?,9,-9900,?,9,0.0,0.0,E,8
05/25/2018,09:00,591.967,1330.61,282.62,1,8,200.622,1,8,193.472,1,8,33914.4,1,8,19059.132,1,8,21281.91,1,8,138.591,1,8,-9900,?,9,-9900,?,9,18.82,E,8,12.08,E,8,64.0,E,8,964.3861999999999,E,8,999.0,E,8,1.23,E,8,-9900,?,9,-9900,?,9,0.0,E,8,-9900,?,9,-9900,?,9,0.0,0.0,E,8
05/25/2018,10:00,790.914,1330.61,470.45,1,8,387.19,1,8,240.428,1,8,56454.0,1,8,36783.043,1,8,26447.079,1,8,128.822,1,8,-9900,?,9,-9900,?,9,20.6,E,8,12.68,E,8,60.0,E,8,964.3861999999999,E,8,999.0,E,8,1.23,E,8,-9900,?,9,-9900,?,9,0.0,E,8,-9900,?,9,-9900,?,9,0.0,0.0,E,8
05/25/2018,11:00,924.368,1330.61,605.99,1,8,549.766,1,8,224.19,1,8,72718.8,1,8,52227.782,1,8,24660.938,1,8,102.757,1,8,-9900,?,9,-9900,?,9,22.11,E,8,13.17,E,8,56.0,E,8,964.3861999999999,E,8,999.0,E,8,1.23,E,8,-9900,?,9,-9900,?,9,0.0,E,8,-9900,?,9,-9900,?,9,0.0,0.0,E,8
05/25/2018,12:00,983.169,1330.61,656.94,1,8,537.453,1,8,259.92,1,8,78832.8,1,8,51058.043,1,8,28591.25,1,8,112.0,1,8,-9900,?,9,-9900,?,9,23.21,E,8,13.52,E,8,54.0,E,8,964.3861999999999,E,8,999.0,E,8,1.42,E,8,-9900,?,9,-9900,?,9,0.0,E,8,-9900,?,9,-9900,?,9,0.0,0.0,E,8
05/25/2018,13:00,963.294,1330.61,656.97,1,8,620.438,1,8,207.924,1,8,78836.4,1,8,58941.637,1,8,22871.649,1,8,91.446,1,8,-9900,?,9,-9900,?,9,23.94,E,8,13.74,E,8,52.0,E,8,964.3861999999999,E,8,999.0,E,8,1.23,E,8,-9900,?,9,-9900,?,9,0.0,E,8,-9900,?,9,-9900,?,9,0.0,0.0,E,8
05/25/2018,14:00,866.107,1330.61,580.57,1,8,623.414,1,8,174.946,1,8,69668.4,1,8,59224.306,1,8,19244.063,1,8,85.587,1,8,-9900,?,9,-9900,?,9,24.26,E,8,13.84,E,8,52.0,E,8,964.3861999999999,E,8,999.0,E,8,1.62,E,8,-9900,?,9,-9900,?,9,0.0,E,8,-9900,?,9,-9900,?,9,0.0,0.0,E,8
05/25/2018,15:00,698.272,1330.61,492.65,1,8,765.532,1,8,91.227,1,8,59118.0,1,8,72725.533,1,8,10034.948,1,8,55.378,1,8,-9900,?,9,-9900,?,9,24.29,E,8,13.85,E,8,52.0,E,8,964.3861999999999,E,8,999.0,E,8,1.33,E,8,-9900,?,9,-9900,?,9,0.0,E,8,-9900,?,9,-9900,?,9,0.0,0.0,E,8
05/25/2018,16:00,471.363,1330.61,332.48,1,8,599.658,1,8,120.483,1,8,39897.6,1,8,56967.469,1,8,13253.165,1,8,108.48,1,8,-9900,?,9,-9900,?,9,23.79,E,8,13.7,E,8,53.0,E,8,964.3861999999999,E,8,999.0,E,8,1.46,E,8,-9900,?,9,-9900,?,9,0.0,E,8,-9900,?,9,-9900,?,9,0.0,0.0,E,8
05/25/2018,17:00,201.639,1330.61,158.58,1,8,380.752,1,8,101.556,1,8,19029.6,1,8,36171.449,1,8,11171.147,1,8,215.843,1,8,-9900,?,9,-9900,?,9,22.83,E,8,13.4,E,8,55.0,E,8,964.3861999999999,E,8,999.0,E,8,1.23,E,8,-9900,?,9,-9900,?,9,0.0,E,8,-9900,?,9,-9900,?,9,0.0,0.0,E,8
05/25/2018,18:00,0.0,1330.61,5.43,1,8,0.0,1,8,0.0,1,8,651.6,1,8,0.0,1,8,0.0,1,8,-0.0,1,8,-9900,?,9,-9900,?,9,22.11,E,8,13.17,E,8,56.0,E,8,964.3861999999999,E,8,999.0,E,8,1.23,E,8,-9900,?,9,-9900,?,9,0.0,E,8,-9900,?,9,-9900,?,9,0.0,0.0,E,8
05/25/2018,19:00,0.0,1330.61,0.0,1,8,0.0,1,8,0.0,1,8,0.0,1,8,0.0,1,8,0.0,1,8,-0.0,1,8,-9900,?,9,-9900,?,9,21.4,E,8,12.94,E,8,58.0,E,8,964.3861999999999,E,8,999.0,E,8,1.23,E,8,-9900,?,9,-9900,?,9,0.0,E,8,-9900,?,9,-9900,?,9,0.0,0.0,E,8
05/25/2018,20:00,0.0,1330.61,0.0,1,8,0.0,1,8,0.0,1,8,0.0,1,8,0.0,1,8,0.0,1,8,-0.0,1,8,-9900,?,9,-9900,?,9,20.68,E,8,12.7,E,8,60.0,E,8,964.3861999999999,E,8,999.0,E,8,1.23,E,8,-9900,?,9,-9900,?,9,0.0,E,8,-9900,?,9,-9900,?,9,0.0,0.0,E,8
05/25/2018,21:00,0.0,1330.61,0.0,1,8,0.0,1,8,0.0,1,8,0.0,1,8,0.0,1,8,0.0,1,8,-0.0,1,8,-9900,?,9,-9900,?,9,19.96,E,8,12.47,E,8,61.0,E,8,964.3861999999999,E,8,999.0,E,8,1.23,E,8,-9900,?,9,-9900,?,9,0.0,E,8,-9900,?,9,-9900,?,9,0.0,0.0,E,8
05/25/2018,22:00,0.0,1330.61,0.0,1,8,0.0,1,8,0.0,1,8,0.0,1,8,0.0,1,8,0.0,1,8,-0.0,1,8,-9900,?,9,-9900,?,9,19.24,E,8,12.22,E,8,63.0,E,8,964.3861999999999,E,8,999.0,E,8,1.26,E,8,-9900,?,9,-9900,?,9,0.0,E,8,-9900,?,9,-9900,?,9,0.0,0.0,E,8
05/25/2018,23:00,0.0,1330.61,0.0,1,8,0.0,1,8,0.0,1,8,0.0,1,8,0.0,1,8,0.0,1,8,-0.0,1,8,-9900,?,9,-9900,?,9,18.52,E,8,11.98,E,8,65.0,E,8,964.3861999999999,E,8,999.0,E,8,1.23,E,8,-9900,?,9,-9900,?,9,0.0,E,8,-9900,?,9,-9900,?,9,0.0,0.0,E,8
05/25/2018,24:00,0.0,1330.61,0.0,1,8,0.0,1,8,0.0,1,8,0.0,1,8,0.0,1,8,0.0,1,8,-0.0,1,8,-9900,?,9,-9900,?,9,17.8,E,8,12.56,E,8,71.0,E,8,964.3861999999999,E,8,999.0,E,8,0.55,E,8,-9900,?,9,-9900,?,9,0.0,E,8,-9900,?,9,-9900,?,9,0.0,0.0,E,8
05/26/2018,01:00,0.0,1330.61,0.0,1,8,0.0,1,8,0.0,1,8,0.0,1,8,0.0,1,8,0.0,1,8,-0.0,1,8,-9900,?,9,-9900,?,9,17.44,E,8,12.51,E,8,72.0,E,8,964.3861999999999,E,8,999.0,E,8,0.55,E,8,-9900,?,9,-9900,?,9,0.0,E,8,-9900,?,9,-9900,?,9,0.0,0.0,E,8
05/26/2018,02:00,0.0,1330.61,0.0,1,8,0.0,1,8,0.0,1,8,0.0,1,8,0.0,1,8,0.0,1,8,-0.0,1,8,-9900,?,9,-9900,?,9,17.08,E,8,12.45,E,8,74.0,E,8,964.3861999999999,E,8,999.0,E,8,0.55,E,8,-9900,?,9,-9900,?,9,0.0,E,8,-9900,?,9,-9900,?,9,0.0,0.0,E,8
05/26/2018,03:00,0.0,1330.61,0.0,1,8,0.0,1,8,0.0,1,8,0.0,1,8,0.0,1,8,0.0,1,8,-0.0,1,8,-9900,?,9,-9900,?,9,16.73,E,8,12.4,E,8,75.0,E,8,964.3861999999999,E,8,999.0,E,8,0.55,E,8,-9900,?,9,-9900,?,9,0.0,E,8,-9900,?,9,-9900,?,9,0.0,0.0,E,8
05/26/2018,04:00,0.0,1330.13,0.0,1,8,0.0,1,8,0.0,1,8,0.0,1,8,0.0,1,8,0.0,1,8,-0.0,1,8,-9900,?,9,-9900,?,9,16.37,E,8,12.34,E,8,77.0,E,8,964.3861999999999,E,8,999.0,E,8,0.55,E,8,-9900,?,9,-9900,?,9,0.0,E,8,-9900,?,9,-9900,?,9,0.0,0.0,E,8
05/26/2018,05:00,0.0,1330.13,0.0,1,8,0.0,1,8,0.0,1,8,0.0,1,8,0.0,1,8,0.0,1,8,-0.0,1,8,-9900,?,9,-9900,?,9,16.01,E,8,12.29,E,8,78.0,E,8,964.3861999999999,E,8,999.0,E,8,0.55,E,8,-9900,?,9,-9900,?,9,0.0,E,8,-9900,?,9,-9900,?,9,0.0,0.0,E,8
05/26/2018,06:00,0.0,1330.13,0.0,1,8,0.0,1,8,0.0,1,8,0.0,1,8,0.0,1,8,0.0,1,8,-0.0,1,8,-9900,?,9,-9900,?,9,15.73,E,8,12.24,E,8,79.0,E,8,964.3861999999999,E,8,999.0,E,8,0.55,E,8,-9900,?,9,-9900,?,9,0.0,E,8,-9900,?,9,-9900,?,9,0.0,0.0,E,8
05/26/2018,07:00,57.778,1330.13,0.0,1,8,0.0,1,8,0.0,1,8,0.0,1,8,0.0,1,8,0.0,1,8,0.0,1,8,-9900,?,9,-9900,?,9,15.49,E,8,12.2,E,8,80.0,E,8,964.3861999999999,E,8,999.0,E,8,0.64,E,8,-9900,?,9,-9900,?,9,0.0,E,8,-9900,?,9,-9900,?,9,0.0,0.0,E,8
05/26/2018,08:00,338.8,1330.13,76.54,1,8,0.0,1,8,76.54,1,8,9184.8,1,8,0.0,1,8,8419.4,1,8,96.047,1,8,-9900,?,9,-9900,?,9,15.25,E,8,12.17,E,8,81.0,E,8,964.3861999999999,E,8,999.0,E,8,1.09,E,8,-9900,?,9,-9900,?,9,0.0,E,8,-9900,?,9,-9900,?,9,0.0,0.0,E,8
05/26/2018,09:00,589.078,1330.13,282.82,1,8,205.366,1,8,191.978,1,8,33938.4,1,8,19509.768,1,8,21117.567,1,8,138.147,1,8,-9900,?,9,-9900,?,9,18.65,E,8,12.7,E,8,68.0,E,8,964.3861999999999,E,8,999.0,E,8,1.41,E,8,-9900,?,9,-9900,?,9,0.0,E,8,-9900,?,9,-9900,?,9,0.0,0.0,E,8
05/26/2018,10:00,787.82,1330.13,464.87,1,8,377.255,1,8,241.548,1,8,55784.4,1,8,35839.241,1,8,26570.239,1,8,129.884,1,8,-9900,?,9,-9900,?,9,20.44,E,8,12.97,E,8,62.0,E,8,964.3861999999999,E,8,999.0,E,8,1.34,E,8,-9900,?,9,-9900,?,9,0.0,E,8,-9900,?,9,-9900,?,9,0.0,0.0,E,8
05/26/2018,11:00,921.192,1330.13,605.87,1,8,529.073,1,8,239.573,1,8,72704.4,1,8,50261.957,1,8,26353.032,1,8,110.146,1,8,-9900,?,9,-9900,?,9,22.01,E,8,13.2,E,8,57.0,E,8,964.3861999999999,E,8,999.0,E,8,1.5,E,8,-9900,?,9,-9900,?,9,0.0,E,8,-9900,?,9,-9900,?,9,0.0,0.0,E,8
05/26/2018,12:00,980.038,1330.13,686.7,1,8,651.141,1,8,207.059,1,8,82404.0,1,8,61858.398,1,8,22776.468,1,8,89.475,1,8,-9900,?,9,-9900,?,9,23.25,E,8,13.39,E,8,53.0,E,8,964.3861999999999,E,8,999.0,E,8,2.09,E,8,-9900,?,9,-9900,?,9,0.0,E,8,-9900,?,9,-9900,?,9,0.0,0.0,E,8
05/26/2018,13:00,960.333,1330.13,704.3,1,8,771.454,1,8,147.472,1,8,84516.0,1,8,73288.177,1,8,16221.935,1,8,65.035,1,8,-9900,?,9,-9900,?,9,24.13,E,8,13.52,E,8,51.0,E,8,964.3861999999999,E,8,999.0,E,8,2.11,E,8,-9900,?,9,-9900,?,9,0.0,E,8,-9900,?,9,-9900,?,9,0.0,0.0,E,8
05/26/2018,14:00,863.429,1330.13,655.8,1,8,869.466,1,8,91.63,1,8,78696.0,1,8,82599.282,1,8,10079.255,1,8,44.95,1,8,-9900,?,9,-9900,?,9,24.63,E,8,13.59,E,8,50.0,E,8,964.3861999999999,E,8,999.0,E,8,2.5,E,8,-9900,?,9,-9900,?,9,0.0,E,8,-9900,?,9,-9900,?,9,0.0,0.0,E,8
05/26/2018,15:00,695.971,1330.13,546.57,1,8,764.359,1,8,146.94,1,8,65588.4,1,8,72614.146,1,8,16163.445,1,8,89.461,1,8,-9900,?,9,-9900,?,9,24.75,E,8,13.61,E,8,49.0,E,8,964.3861999999999,E,8,999.0,E,8,2.48,E,8,-9900,?,9,-9900,?,9,0.0,E,8,-9900,?,9,-9900,?,9,0.0,0.0,E,8
05/26/2018,16:00,469.508,1330.13,373.1,1,8,617.056,1,8,155.736,1,8,44772.0,1,8,58620.365,1,8,17130.947,1,8,140.726,1,8,-9900,?,9,-9900,?,9,24.29,E,8,13.54,E,8,51.0,E,8,964.3861999999999,E,8,999.0,E,8,2.34,E,8,-9900,?,9,-9900,?,9,0.0,E,8,-9900,?,9,-9900,?,9,0.0,0.0,E,8
05/26/2018,17:00,200.275,1330.13,174.81,1,8,437.865,1,8,109.662,1,8,20977.2,1,8,41597.176,1,8,12062.822,1,8,234.61,1,8,-9900,?,9,-9900,?,9,23.28,E,8,13.39,E,8,53.0,E,8,964.3861999999999,E,8,999.0,E,8,2.27,E,8,-9900,?,9,-9900,?,9,0.0,E,8,-9900,?,9,-9900,?,9,0.0,0.0,E,8
05/26/2018,18:00,0.0,1330.13,6.77,1,8,0.0,1,8,0.0,1,8,812.4,1,8,0.0,1,8,0.0,1,8,-0.0,1,8,-9900,?,9,-9900,?,9,22.45,E,8,13.27,E,8,56.0,E,8,964.3861999999999,E,8,999.0,E,8,1.43,E,8,-9900,?,9,-9900,?,9,0.0,E,8,-9900,?,9,-9900,?,9,0.0,0.0,E,8
05/26/2018,19:00,0.0,1330.13,0.0,1,8,0.0,1,8,0.0,1,8,0.0,1,8,0.0,1,8,0.0,1,8,-0.0,1,8,-9900,?,9,-9900,?,9,21.62,E,8,13.15,E,8,58.0,E,8,964.3861999999999,E,8,999.0,E,8,1.78,E,8,-9900,?,9,-9900,?,9,0.0,E,8,-9900,?,9,-9900,?,9,0.0,0.0,E,8
05/26/2018,20:00,0.0,1330.13,0.0,1,8,0.0,1,8,0.0,1,8,0.0,1,8,0.0,1,8,0.0,1,8,-0.0,1,8,-9900,?,9,-9900,?,9,20.79,E,8,13.02,E,8,61.0,E,8,964.3861999999999,E,8,999.0,E,8,1.34,E,8,-9900,?,9,-9900,?,9,0.0,E,8,-9900,?,9,-9900,?,9,0.0,0.0,E,8
05/26/2018,21:00,0.0,1330.13,0.0,1,8,0.0,1,8,0.0,1,8,0.0,1,8,0.0,1,8,0.0,1,8,-0.0,1,8,-9900,?,9,-9900,?,9,19.96,E,8,12.9,E,8,63.0,E,8,964.3861999999999,E,8,999.0,E,8,0.83,E,8,-9900,?,9,-9900,?,9,0.0,E,8,-9900,?,9,-9900,?,9,0.0,0.0,E,8
05/26/2018,22:00,0.0,1330.13,0.0,1,8,0.0,1,8,0.0,1,8,0.0,1,8,0.0,1,8,0.0,1,8,-0.0,1,8,-9900,?,9,-9900,?,9,19.14,E,8,12.77,E,8,66.0,E,8,964.3861999999999,E,8,999.0,E,8,0.75,E,8,-9900,?,9,-9900,?,9,0.0,E,8,-9900,?,9,-9900,?,9,0.0,0.0,E,8
05/26/2018,23:00,0.0,1330.13,0.0,1,8,0.0,1,8,0.0,1,8,0.0,1,8,0.0,1,8,0.0,1,8,-0.0,1,8,-9900,?,9,-9900,?,9,18.31,E,8,12.64,E,8,69.0,E,8,964.3861999999999,E,8,999.0,E,8,0.66,E,8,-9900,?,9,-9900,?,9,0.0,E,8,-9900,?,9,-9900,?,9,0.0,0.0,E,8
05/26/2018,24:00,0.0,1330.13,0.0,1,8,0.0,1,8,0.0,1,8,0.0,1,8,0.0,1,8,0.0,1,8,-0.0,1,8,-9900,?,9,-9900,?,9,17.48,E,8,12.61,E,8,73.0,E,8,964.3861999999999,E,8,999.0,E,8,0.63,E,8,-9900,?,9,-9900,?,9,0.0,E,8,-9900,?,9,-9900,?,9,0.0,0.0,E,8
05/27/2018,01:00,0.0,1330.13,0.0,1,8,0.0,1,8,0.0,1,8,0.0,1,8,0.0,1,8,0.0,1,8,-0.0,1,8,-9900,?,9,-9900,?,9,17.06,E,8,12.52,E,8,74.0,E,8,964.3861999999999,E,8,999.0,E,8,0.63,E,8,-9900,?,9,-9900,?,9,0.0,E,8,-9900,?,9,-9900,?,9,0.0,0.0,E,8
05/27/2018,02:00,0.0,1330.13,0.0,1,8,0.0,1,8,0.0,1,8,0.0,1,8,0.0,1,8,0.0,1,8,-0.0,1,8,-9900,?,9,-9900,?,9,16.65,E,8,12.43,E,8,76.0,E,8,964.3861999999999,E,8,999.0,E,8,0.71,E,8,-9900,?,9,-9900,?,9,0.0,E,8,-9900,?,9,-9900,?,9,0.0,0.0,E,8
05/27/2018,03:00,0.0,1330.13,0.0,1,8,0.0,1,8,0.0,1,8,0.0,1,8,0.0,1,8,0.0,1,8,-0.0,1,8,-9900,?,9,-9900,?,9,16.23,E,8,12.34,E,8,77.0,E,8,964.3861999999999,E,8,999.0,E,8,0.63,E,8,-9900,?,9,-9900,?,9,0.0,E,8,-9900,?,9,-9900,?,9,0.0,0.0,E,8
05/27/2018,04:00,0.0,1329.661,0.0,1,8,0.0,1,8,0.0,1,8,0.0,1,8,0.0,1,8,0.0,1,8,-0.0,1,8,-9900,?,9,-9900,?,9,15.82,E,8,12.26,E,8,79.0,E,8,964.3861999999999,E,8,999.0,E,8,0.7,E,8,-9900,?,9,-9900,?,9,0.0,E,8,-9900,?,9,-9900,?,9,0.0,0.0,E,8
05/27/2018,05:00,0.0,1329.661,0.0,1,8,0.0,1,8,0.0,1,8,0.0,1,8,0.0,1,8,0.0,1,8,-0.0,1,8,-9900,?,9,-9900,?,9,15.41,E,8,12.17,E,8,80.0,E,8,964.3861999999999,E,8,999.0,E,8,0.63,E,8,-9900,?,9,-9900,?,9,0.0,E,8,-9900,?,9,-9900,?,9,0.0,0.0,E,8
05/27/2018,06:00,0.0,1329.661,0.0,1,8,0.0,1,8,0.0,1,8,0.0,1,8,0.0,1,8,0.0,1,8,-0.0,1,8,-9900,?,9,-9900,?,9,15.08,E,8,12.09,E,8,82.0,E,8,964.3861999999999,E,8,999.0,E,8,1.09,E,8,-9900,?,9,-9900,?,9,0.0,E,8,-9900,?,9,-9900,?,9,0.0,0.0,E,8
05/27/2018,07:00,55.744,1329.661,0.0,1,8,0.0,1,8,0.0,1,8,0.0,1,8,0.0,1,8,0.0,1,8,0.0,1,8,-9900,?,9,-9900,?,9,14.81,E,8,12.04,E,8,83.0,E,8,964.3861999999999,E,8,999.0,E,8,1.47,E,8,-9900,?,9,-9900,?,9,0.0,E,8,-9900,?,9,-9900,?,9,0.0,0.0,E,8
05/27/2018,08:00,336.265,1329.661,76.04,1,8,0.0,1,8,76.04,1,8,9124.8,1,8,0.0,1,8,8364.4,1,8,96.111,1,8,-9900,?,9,-9900,?,9,14.54,E,8,11.98,E,8,84.0,E,8,964.3861999999999,E,8,999.0,E,8,1.61,E,8,-9900,?,9,-9900,?,9,0.0,E,8,-9900,?,9,-9900,?,9,0.0,0.0,E,8
05/27/2018,09:00,586.24,1329.661,287.87,1,8,223.629,1,8,189.393,1,8,34544.4,1,8,21244.719,1,8,20833.188,1,8,136.9,1,8,-9900,?,9,-9900,?,9,18.5,E,8,12.82,E,8,69.0,E,8,964.3861999999999,E,8,999.0,E,8,1.62,E,8,-9900,?,9,-9900,?,9,0.0,E,8,-9900,?,9,-9900,?,9,0.0,0.0,E,8
05/27/2018,10:00,784.792,1329.661,476.98,1,8,420.719,1,8,228.799,1,8,57237.6,1,8,39968.333,1,8,25167.92,1,8,123.461,1,8,-9900,?,9,-9900,?,9,20.63,E,8,13.26,E,8,62.0,E,8,964.3861999999999,E,8,999.0,E,8,1.5,E,8,-9900,?,9,-9900,?,9,0.0,E,8,-9900,?,9,-9900,?,9,0.0,0.0,E,8
05/27/2018,11:00,918.096,1329.661,622.58,1,8,610.333,1,8,201.297,1,8,74709.6,1,8,57981.638,1,8,22142.632,1,8,92.828,1,8,-9900,?,9,-9900,?,9,22.5,E,8,13.64,E,8,57.0,E,8,964.3861999999999,E,8,999.0,E,8,1.18,E,8,-9900,?,9,-9900,?,9,0.0,E,8,-9900,?,9,-9900,?,9,0.0,0.0,E,8
05/27/2018,12:00,977.0,1329.661,710.24,1,8,742.307,1,8,164.949,1,8,85228.8,1,8,70519.121,1,8,18144.372,1,8,71.475,1,8,-9900,?,9,-9900,?,9,23.99,E,8,13.93,E,8,53.0,E,8,964.3861999999999,E,8,999.0,E,8,1.71,E,8,-9900,?,9,-9900,?,9,0.0,E,8,-9900,?,9,-9900,?,9,0.0,0.0,E,8
05/27/2018,13:00,957.475,1329.661,727.24,1,8,865.065,1,8,104.485,1,8,87268.8,1,8,82181.215,1,8,11493.378,1,8,46.199,1,8,-9900,?,9,-9900,?,9,25.05,E,8,14.14,E,8,50.0,E,8,964.3861999999999,E,8,999.0,E,8,1.62,E,8,-9900,?,9,-9900,?,9,0.0,E,8,-9900,?,9,-9900,?,9,0.0,0.0,E,8
05/27/2018,14:00,860.86,1329.661,664.68,1,8,761.508,1,8,171.859,1,8,79761.6,1,8,72343.218,1,8,18904.496,1,8,84.529,1,8,-9900,?,9,-9900,?,9,25.62,E,8,14.25,E,8,49.0,E,8,964.3861999999999,E,8,999.0,E,8,2.13,E,8,-9900,?,9,-9900,?,9,0.0,E,8,-9900,?,9,-9900,?,9,0.0,0.0,E,8
05/27/2018,15:00,693.78,1329.661,547.32,1,8,765.077,1,8,148.436,1,8,65678.4,1,8,72682.276,1,8,16328.009,1,8,90.625,1,8,-9900,?,9,-9900,?,9,25.72,E,8,14.27,E,8,49.0,E,8,964.3861999999999,E,8,999.0,E,8,2.18,E,8,-9900,?,9,-9900,?,9,0.0,E,8,-9900,?,9,-9900,?,9,0.0,0.0,E,8
05/27/2018,16:00,467.76,1329.661,377.02,1,8,616.535,1,8,160.575,1,8,45242.4,1,8,58570.783,1,8,17663.304,1,8,145.593,1,8,-9900,?,9,-9900,?,9,25.16,E,8,14.16,E,8,50.0,E,8,964.3861999999999,E,8,999.0,E,8,3.0,E,8,-9900,?,9,-9900,?,9,0.0,E,8,-9900,?,9,-9900,?,9,0.0,0.0,E,8
05/27/2018,17:00,199.01,1329.661,170.53,1,8,439.761,1,8,105.499,1,8,20463.6,1,8,41777.288,1,8,11604.927,1,8,227.09,1,8,-9900,?,9,-9900,?,9,23.94,E,8,13.92,E,8,53.0,E,8,964.3861999999999,E,8,999.0,E,8,2.38,E,8,-9900,?,9,-9900,?,9,0.0,E,8,-9900,?,9,-9900,?,9,0.0,0.0,E,8
05/27/2018,18:00,0.0,1329.661,3.81,1,8,0.0,1,8,0.0,1,8,457.2,1,8,0.0,1,8,0.0,1,8,-0.0,1,8,-9900,?,9,-9900,?,9,23.03,E,8,13.74,E,8,55.0,E,8,964.3861999999999,E,8,999.0,E,8,1.17,E,8,-9900,?,9,-9900,?,9,0.0,E,8,-9900,?,9,-9900,?,9,0.0,0.0,E,8
05/27/2018,19:00,0.0,1329.661,0.0,1,8,0.0,1,8,0.0,1,8,0.0,1,8,0.0,1,8,0.0,1,8,-0.0,1,8,-9900,?,9,-9900,?,9,22.11,E,8,13.56,E,8,58.0,E,8,964.3861999999999,E,8,999.0,E,8,0.63,E,8,-9900,?,9,-9900,?,9,0.0,E,8,-9900,?,9,-9900,?,9,0.0,0.0,E,8
05/27/2018,20:00,0.0,1329.661,0.0,1,8,0.0,1,8,0.0,1,8,0.0,1,8,0.0,1,8,0.0,1,8,-0.0,1,8,-9900,?,9,-9900,?,9,21.19,E,8,13.38,E,8,60.0,E,8,964.3861999999999,E,8,999.0,E,8,0.63,E,8,-9900,?,9,-9900,?,9,0.0,E,8,-9900,?,9,-9900,?,9,0.0,0.0,E,8
05/27/2018,21:00,0.0,1329.661,0.0,1,8,0.0,1,8,0.0,1,8,0.0,1,8,0.0,1,8,0.0,1,8,-0.0,1,8,-9900,?,9,-9900,?,9,20.28,E,8,13.19,E,8,63.0,E,8,964.3861999999999,E,8,999.0,E,8,0.63,E,8,-9900,?,9,-9900,?,9,0.0,E,8,-9900,?,9,-9900,?,9,0.0,0.0,E,8
05/27/2018,22:00,0.0,1329.661,0.0,1,8,0.0,1,8,0.0,1,8,0.0,1,8,0.0,1,8,0.0,1,8,-0.0,1,8,-9900,?,9,-9900,?,9,19.36,E,8,13.0,E,8,66.0,E,8,964.3861999999999,E,8,999.0,E,8,0.85,E,8,-9900,?,9,-9900,?,9,0.0,E,8,-9900,?,9,-9900,?,9,0.0,0.0,E,8
05/27/2018,23:00,0.0,1329.661,0.0,1,8,0.0,1,8,0.0,1,8,0.0,1,8,0.0,1,8,0.0,1,8,-0.0,1,8,-9900,?,9,-9900,?,9,18.45,E,8,12.81,E,8,69.0,E,8,964.3861999999999,E,8,999.0,E,8,1.03,E,8,-9900,?,9,-9900,?,9,0.0,E,8,-9900,?,9,-9900,?,9,0.0,0.0,E,8
05/27/2018,24:00,0.0,1329.661,0.0,1,8,0.0,1,8,0.0,1,8,0.0,1,8,0.0,1,8,0.0,1,8,-0.0,1,8,-9900,?,9,-9900,?,9,17.53,E,8,13.71,E,8,78.0,E,8,964.3861999999999,E,8,999.0,E,8,0.73,E,8,-9900,?,9,-9900,?,9,0.0,E,8,-9900,?,9,-9900,?,9,0.0,0.0,E,8
05/28/2018,01:00,0.0,1329.661,0.0,1,8,0.0,1,8,0.0,1,8,0.0,1,8,0.0,1,8,0.0,1,8,-0.0,1,8,-9900,?,9,-9900,?,9,17.07,E,8,13.59,E,8,79.0,E,8,964.3861999999999,E,8,999.0,E,8,0.6,E,8,-9900,?,9,-9900,?,9,0.0,E,8,-9900,?,9,-9900,?,9,0.0,0.0,E,8
05/28/2018,02:00,0.0,1329.661,0.0,1,8,0.0,1,8,0.0,1,8,0.0,1,8,0.0,1,8,0.0,1,8,-0.0,1,8,-9900,?,9,-9900,?,9,16.61,E,8,13.46,E,8,81.0,E,8,964.3861999999999,E,8,999.0,E,8,0.53,E,8,-9900,?,9,-9900,?,9,0.0,E,8,-9900,?,9,-9900,?,9,0.0,0.0,E,8
05/28/2018,03:00,0.0,1329.661,0.0,1,8,0.0,1,8,0.0,1,8,0.0,1,8,0.0,1,8,0.0,1,8,-0.0,1,8,-9900,?,9,-9900,?,9,16.16,E,8,13.34,E,8,83.0,E,8,964.3861999999999,E,8,999.0,E,8,0.53,E,8,-9900,?,9,-9900,?,9,0.0,E,8,-9900,?,9,-9900,?,9,0.0,0.0,E,8
05/28/2018,04:00,0.0,1329.202,0.0,1,8,0.0,1,8,0.0,1,8,0.0,1,8,0.0,1,8,0.0,1,8,-0.0,1,8,-9900,?,9,-9900,?,9,15.7,E,8,13.21,E,8,85.0,E,8,964.3861999999999,E,8,999.0,E,8,0.53,E,8,-9900,?,9,-9900,?,9,0.0,E,8,-9900,?,9,-9900,?,9,0.0,0.0,E,8
05/28/2018,05:00,0.0,1329.202,0.0,1,8,0.0,1,8,0.0,1,8,0.0,1,8,0.0,1,8,0.0,1,8,-0.0,1,8,-9900,?,9,-9900,?,9,15.24,E,8,13.08,E,8,86.0,E,8,964.3861999999999,E,8,999.0,E,8,0.53,E,8,-9900,?,9,-9900,?,9,0.0,E,8,-9900,?,9,-9900,?,9,0.0,0.0,E,8
05/28/2018,06:00,0.0,1329.202,0.0,1,8,0.0,1,8,0.0,1,8,0.0,1,8,0.0,1,8,0.0,1,8,-0.0,1,8,-9900,?,9,-9900,?,9,14.89,E,8,12.98,E,8,88.0,E,8,964.3861999999999,E,8,999.0,E,8,0.53,E,8,-9900,?,9,-9900,?,9,0.0,E,8,-9900,?,9,-9900,?,9,0.0,0.0,E,8
05/28/2018,07:00,53.736,1329.202,0.0,1,8,0.0,1,8,0.0,1,8,0.0,1,8,0.0,1,8,0.0,1,8,0.0,1,8,-9900,?,9,-9900,?,9,14.58,E,8,12.9,E,8,89.0,E,8,964.3861999999999,E,8,999.0,E,8,0.53,E,8,-9900,?,9,-9900,?,9,0.0,E,8,-9900,?,9,-9900,?,9,0.0,0.0,E,8
05/28/2018,08:00,333.766,1329.202,68.03,1,8,0.0,1,8,68.03,1,8,8163.6,1,8,0.0,1,8,7483.3,1,8,86.606,1,8,-9900,?,9,-9900,?,9,14.28,E,8,12.81,E,8,90.0,E,8,964.3861999999999,E,8,999.0,E,8,0.53,E,8,-9900,?,9,-9900,?,9,0.0,E,8,-9900,?,9,-9900,?,9,0.0,0.0,E,8
05/28/2018,09:00,583.455,1329.202,278.37,1,8,201.682,1,8,189.95,1,8,33404.4,1,8,19159.771,1,8,20894.466,1,8,137.912,1,8,-9900,?,9,-9900,?,9,18.79,E,8,14.05,E,8,73.0,E,8,964.3861999999999,E,8,999.0,E,8,0.99,E,8,-9900,?,9,-9900,?,9,0.0,E,8,-9900,?,9,-9900,?,9,0.0,0.0,E,8
05/28/2018,10:00,781.833,1329.202,453.35,1,8,364.084,1,8,239.315,1,8,54402.0,1,8,34587.976,1,8,26324.69,1,8,129.58,1,8,-9900,?,9,-9900,?,9,21.22,E,8,14.67,E,8,66.0,E,8,964.3861999999999,E,8,999.0,E,8,1.48,E,8,-9900,?,9,-9900,?,9,0.0,E,8,-9900,?,9,-9900,?,9,0.0,0.0,E,8
05/28/2018,11:00,915.084,1329.202,568.15,1,8,435.339,1,8,268.54,1,8,68178.0,1,8,41357.225,1,8,29539.414,1,8,124.203,1,8,-9900,?,9,-9900,?,9,23.19,E,8,15.17,E,8,60.0,E,8,964.3861999999999,E,8,999.0,E,8,1.74,E,8,-9900,?,9,-9900,?,9,0.0,E,8,-9900,?,9,-9900,?,9,0.0,0.0,E,8
05/28/2018,12:00,974.058,1329.202,654.97,1,8,570.657,1,8,236.89,1,8,78596.4,1,8,54212.431,1,8,26057.942,1,8,102.923,1,8,-9900,?,9,-9900,?,9,24.81,E,8,15.56,E,8,56.0,E,8,964.3861999999999,E,8,999.0,E,8,1.58,E,8,-9900,?,9,-9900,?,9,0.0,E,8,-9900,?,9,-9900,?,9,0.0,0.0,E,8
05/28/2018,13:00,954.72,1329.202,653.68,1,8,624.139,1,8,205.506,1,8,78441.6,1,8,59293.172,1,8,22605.663,1,8,91.098,1,8,-9900,?,9,-9900,?,9,25.9,E,8,15.82,E,8,53.0,E,8,964.3861999999999,E,8,999.0,E,8,2.35,E,8,-9900,?,9,-9900,?,9,0.0,E,8,-9900,?,9,-9900,?,9,0.0,0.0,E,8
05/28/2018,14:00,858.399,1329.202,613.97,1,8,768.293,1,8,118.01,1,8,73676.4,1,8,72987.829,1,8,12981.056,1,8,58.19,1,8,-9900,?,9,-9900,?,9,26.52,E,8,15.97,E,8,52.0,E,8,964.3861999999999,E,8,999.0,E,8,2.8,E,8,-9900,?,9,-9900,?,9,0.0,E,8,-9900,?,9,-9900,?,9,0.0,0.0,E,8
05/28/2018,15:00,691.699,1329.202,491.03,1,8,776.846,1,8,87.088,1,8,58923.6,1,8,73800.326,1,8,9579.731,1,8,53.312,1,8,-9900,?,9,-9900,?,9,26.59,E,8,15.99,E,8,52.0,E,8,964.3861999999999,E,8,999.0,E,8,3.38,E,8,-9900,?,9,-9900,?,9,0.0,E,8,-9900,?,9,-9900,?,9,0.0,0.0,E,8
05/28/2018,16:00,466.118,1329.202,340.03,1,8,608.949,1,8,126.928,1,8,40803.6,1,8,57850.15,1,8,13962.132,1,8,115.453,1,8,-9900,?,9,-9900,?,9,25.94,E,8,15.83,E,8,53.0,E,8,964.3861999999999,E,8,999.0,E,8,3.29,E,8,-9900,?,9,-9900,?,9,0.0,E,8,-9900,?,9,-9900,?,9,0.0,0.0,E,8
05/28/2018,17:00,197.844,1329.202,164.59,1,8,377.088,1,8,109.142,1,8,19750.8,1,8,35823.317,1,8,12005.637,1,8,236.265,1,8,-9900,?,9,-9900,?,9,24.64,E,8,15.52,E,8,56.0,E,8,964.3861999999999,E,8,999.0,E,8,3.61,E,8,-9900,?,9,-9900,?,9,0.0,E,8,-9900,?,9,-9900,?,9,0.0,0.0,E,8
05/28/2018,18:00,0.0,1329.202,4.78,1,8,0.0,1,8,0.0,1,8,573.6,1,8,0.0,1,8,0.0,1,8,-0.0,1,8,-9900,?,9,-9900,?,9,23.59,E,8,15.27,E,8,59.0,E,8,964.3861999999999,E,8,999.0,E,8,3.4,E,8,-9900,?,9,-9900,?,9,0.0,E,8,-9900,?,9,-9900,?,9,0.0,0.0,E,8
05/28/2018,19:00,0.0,1329.202,0.0,1,8,0.0,1,8,0.0,1,8,0.0,1,8,0.0,1,8,0.0,1,8,-0.0,1,8,-9900,?,9,-9900,?,9,22.54,E,8,15.01,E,8,62.0,E,8,964.3861999999999,E,8,999.0,E,8,2.89,E,8,-9900,?,9,-9900,?,9,0.0,E,8,-9900,?,9,-9900,?,9,0.0,0.0,E,8
05/28/2018,20:00,0.0,1329.202,0.0,1,8,0.0,1,8,0.0,1,8,0.0,1,8,0.0,1,8,0.0,1,8,-0.0,1,8,-9900,?,9,-9900,?,9,21.49,E,8,14.74,E,8,65.0,E,8,964.3861999999999,E,8,999.0,E,8,2.23,E,8,-9900,?,9,-9900,?,9,0.0,E,8,-9900,?,9,-9900,?,9,0.0,0.0,E,8
05/28/2018,21:00,0.0,1329.202,0.0,1,8,0.0,1,8,0.0,1,8,0.0,1,8,0.0,1,8,0.0,1,8,-0.0,1,8,-9900,?,9,-9900,?,9,20.45,E,8,14.48,E,8,68.0,E,8,964.3861999999999,E,8,999.0,E,8,2.89,E,8,-9900,?,9,-9900,?,9,0.0,E,8,-9900,?,9,-9900,?,9,0.0,0.0,E,8
05/28/2018,22:00,0.0,1329.202,0.0,1,8,0.0,1,8,0.0,1,8,0.0,1,8,0.0,1,8,0.0,1,8,-0.0,1,8,-9900,?,9,-9900,?,9,19.4,E,8,14.21,E,8,71.0,E,8,964.3861999999999,E,8,999.0,E,8,2.29,E,8,-9900,?,9,-9900,?,9,0.0,E,8,-9900,?,9,-9900,?,9,0.0,0.0,E,8
05/28/2018,23:00,0.0,1329.202,0.0,1,8,0.0,1,8,0.0,1,8,0.0,1,8,0.0,1,8,0.0,1,8,-0.0,1,8,-9900,?,9,-9900,?,9,18.35,E,8,13.93,E,8,75.0,E,8,964.3861999999999,E,8,999.0,E,8,1.95,E,8,-9900,?,9,-9900,?,9,0.0,E,8,-9900,?,9,-9900,?,9,0.0,0.0,E,8
05/28/2018,24:00,0.0,1329.202,0.0,1,8,0.0,1,8,0.0,1,8,0.0,1,8,0.0,1,8,0.0,1,8,-0.0,1,8,-9900,?,9,-9900,?,9,17.3,E,8,12.31,E,8,72.0,E,8,964.3861999999999,E,8,999.0,E,8,2.82,E,8,-9900,?,9,-9900,?,9,0.0,E,8,-9900,?,9,-9900,?,9,0.0,0.0,E,8
05/29/2018,01:00,0.0,1329.202,0.0,1,8,0.0,1,8,0.0,1,8,0.0,1,8,0.0,1,8,0.0,1,8,-0.0,1,8,-9900,?,9,-9900,?,9,16.78,E,8,12.28,E,8,74.0,E,8,964.3861999999999,E,8,999.0,E,8,2.79,E,8,-9900,?,9,-9900,?,9,0.0,E,8,-9900,?,9,-9900,?,9,0.0,0.0,E,8
05/29/2018,02:00,0.0,1329.202,0.0,1,8,0.0,1,8,0.0,1,8,0.0,1,8,0.0,1,8,0.0,1,8,-0.0,1,8,-9900,?,9,-9900,?,9,16.26,E,8,12.25,E,8,77.0,E,8,964.3861999999999,E,8,999.0,E,8,3.41,E,8,-9900,?,9,-9900,?,9,0.0,E,8,-9900,?,9,-9900,?,9,0.0,0.0,E,8
05/29/2018,03:00,0.0,1329.202,0.0,1,8,0.0,1,8,0.0,1,8,0.0,1,8,0.0,1,8,0.0,1,8,-0.0,1,8,-9900,?,9,-9900,?,9,15.73,E,8,12.21,E,8,79.0,E,8,964.3861999999999,E,8,999.0,E,8,4.5,E,8,-9900,?,9,-9900,?,9,0.0,E,8,-9900,?,9,-9900,?,9,0.0,0.0,E,8
05/29/2018,04:00,0.0,1328.754,0.0,1,8,0.0,1,8,0.0,1,8,0.0,1,8,0.0,1,8,0.0,1,8,-0.0,1,8,-9900,?,9,-9900,?,9,15.21,E,8,12.18,E,8,82.0,E,8,964.3861999999999,E,8,999.0,E,8,3.53,E,8,-9900,?,9,-9900,?,9,0.0,E,8,-9900,?,9,-9900,?,9,0.0,0.0,E,8
05/29/2018,05:00,0.0,1328.754,0.0,1,8,0.0,1,8,0.0,1,8,0.0,1,8,0.0,1,8,0.0,1,8,-0.0,1,8,-9900,?,9,-9900,?,9,14.69,E,8,12.15,E,8,84.0,E,8,964.3861999999999,E,8,999.0,E,8,2.76,E,8,-9900,?,9,-9900,?,9,0.0,E,8,-9900,?,9,-9900,?,9,0.0,0.0,E,8
05/29/2018,06:00,0.0,1328.754,0.0,1,8,0.0,1,8,0.0,1,8,0.0,1,8,0.0,1,8,0.0,1,8,-0.0,1,8,-9900,?,9,-9900,?,9,14.28,E,8,12.12,E,8,86.0,E,8,964.3861999999999,E,8,999.0,E,8,2.8,E,8,-9900,?,9,-9900,?,9,0.0,E,8,-9900,?,9,-9900,?,9,0.0,0.0,E,8
05/29/2018,07:00,51.754,1328.754,0.0,1,8,0.0,1,8,0.0,1,8,0.0,1,8,0.0,1,8,0.0,1,8,0.0,1,8,-9900,?,9,-9900,?,9,13.93,E,8,12.1,E,8,88.0,E,8,964.3861999999999,E,8,999.0,E,8,2.75,E,8,-9900,?,9,-9900,?,9,0.0,E,8,-9900,?,9,-9900,?,9,0.0,0.0,E,8
05/29/2018,08:00,331.306,1328.754,73.01,1,8,0.0,1,8,73.01,1,8,8761.2,1,8,0.0,1,8,8031.1,1,8,93.611,1,8,-9900,?,9,-9900,?,9,13.59,E,8,12.08,E,8,90.0,E,8,964.3861999999999,E,8,999.0,E,8,4.02,E,8,-9900,?,9,-9900,?,9,0.0,E,8,-9900,?,9,-9900,?,9,0.0,0.0,E,8
05/29/2018,09:00,580.725,1328.754,286.64,1,8,228.981,1,8,186.689,1,8,34396.8,1,8,21753.21,1,8,20535.744,1,8,136.138,1,8,-9900,?,9,-9900,?,9,17.86,E,8,12.35,E,8,70.0,E,8,964.3861999999999,E,8,999.0,E,8,4.14,E,8,-9900,?,9,-9900,?,9,0.0,E,8,-9900,?,9,-9900,?,9,0.0,0.0,E,8
05/29/2018,10:00,778.945,1328.754,480.5,1,8,452.595,1,8,215.327,1,8,57660.0,1,8,42996.508,1,8,23686.015,1,8,116.985,1,8,-9900,?,9,-9900,?,9,20.24,E,8,12.5,E,8,61.0,E,8,964.3861999999999,E,8,999.0,E,8,3.9,E,8,-9900,?,9,-9900,?,9,0.0,E,8,-9900,?,9,-9900,?,9,0.0,0.0,E,8
05/29/2018,11:00,912.156,1328.754,630.67,1,8,652.447,1,8,182.929,1,8,75680.4,1,8,61982.505,1,8,20122.172,1,8,84.85,1,8,-9900,?,9,-9900,?,9,22.33,E,8,12.63,E,8,54.0,E,8,964.3861999999999,E,8,999.0,E,8,3.67,E,8,-9900,?,9,-9900,?,9,0.0,E,8,-9900,?,9,-9900,?,9,0.0,0.0,E,8
05/29/2018,12:00,971.212,1328.754,713.14,1,8,768.662,1,8,151.454,1,8,85576.8,1,8,73022.855,1,8,16659.982,1,8,65.974,1,8,-9900,?,9,-9900,?,9,23.97,E,8,12.73,E,8,49.0,E,8,964.3861999999999,E,8,999.0,E,8,4.55,E,8,-9900,?,9,-9900,?,9,0.0,E,8,-9900,?,9,-9900,?,9,0.0,0.0,E,8
05/29/2018,13:00,952.071,1328.754,734.0,1,8,875.713,1,8,106.714,1,8,88080.0,1,8,83192.727,1,8,11738.513,1,8,47.421,1,8,-9900,?,9,-9900,?,9,25.14,E,8,12.81,E,8,46.0,E,8,964.3861999999999,E,8,999.0,E,8,3.66,E,8,-9900,?,9,-9900,?,9,0.0,E,8,-9900,?,9,-9900,?,9,0.0,0.0,E,8
05/29/2018,14:00,856.049,1328.754,687.14,1,8,789.502,1,8,178.714,1,8,82456.8,1,8,75002.719,1,8,19658.551,1,8,88.335,1,8,-9900,?,9,-9900,?,9,25.83,E,8,12.85,E,8,44.0,E,8,964.3861999999999,E,8,999.0,E,8,3.78,E,8,-9900,?,9,-9900,?,9,0.0,E,8,-9900,?,9,-9900,?,9,0.0,0.0,E,8
05/29/2018,15:00,689.728,1328.754,567.31,1,8,681.018,1,8,214.088,1,8,68077.2,1,8,64696.743,1,8,23549.685,1,8,131.387,1,8,-9900,?,9,-9900,?,9,25.98,E,8,12.86,E,8,44.0,E,8,964.3861999999999,E,8,999.0,E,8,5.88,E,8,-9900,?,9,-9900,?,9,0.0,E,8,-9900,?,9,-9900,?,9,0.0,0.0,E,8
05/29/2018,16:00,464.583,1328.754,398.04,1,8,693.574,1,8,156.045,1,8,47764.8,1,8,65889.51,1,8,17164.951,1,8,142.359,1,8,-9900,?,9,-9900,?,9,25.43,E,8,12.82,E,8,45.0,E,8,964.3861999999999,E,8,999.0,E,8,7.09,E,8,-9900,?,9,-9900,?,9,0.0,E,8,-9900,?,9,-9900,?,9,0.0,0.0,E,8
05/29/2018,17:00,196.777,1328.754,185.21,1,8,424.891,1,8,123.057,1,8,22225.2,1,8,40364.621,1,8,13536.239,1,8,267.774,1,8,-9900,?,9,-9900,?,9,24.12,E,8,12.74,E,8,48.0,E,8,964.3861999999999,E,8,999.0,E,8,5.85,E,8,-9900,?,9,-9900,?,9,0.0,E,8,-9900,?,9,-9900,?,9,0.0,0.0,E,8
05/29/2018,18:00,0.0,1328.754,5.43,1,8,0.0,1,8,0.0,1,8,651.6,1,8,0.0,1,8,0.0,1,8,-0.0,1,8,-9900,?,9,-9900,?,9,23.08,E,8,12.68,E,8,51.0,E,8,964.3861999999999,E,8,999.0,E,8,4.3,E,8,-9900,?,9,-9900,?,9,0.0,E,8,-9900,?,9,-9900,?,9,0.0,0.0,E,8
05/29/2018,19:00,0.0,1328.754,0.0,1,8,0.0,1,8,0.0,1,8,0.0,1,8,0.0,1,8,0.0,1,8,-0.0,1,8,-9900,?,9,-9900,?,9,22.05,E,8,12.61,E,8,55.0,E,8,964.3861999999999,E,8,999.0,E,8,3.43,E,8,-9900,?,9,-9900,?,9,0.0,E,8,-9900,?,9,-9900,?,9,0.0,0.0,E,8
05/29/2018,20:00,0.0,1328.754,0.0,1,8,0.0,1,8,0.0,1,8,0.0,1,8,0.0,1,8,0.0,1,8,-0.0,1,8,-9900,?,9,-9900,?,9,21.01,E,8,12.55,E,8,58.0,E,8,964.3861999999999,E,8,999.0,E,8,3.64,E,8,-9900,?,9,-9900,?,9,0.0,E,8,-9900,?,9,-9900,?,9,0.0,0.0,E,8
05/29/2018,21:00,0.0,1328.754,0.0,1,8,0.0,1,8,0.0,1,8,0.0,1,8,0.0,1,8,0.0,1,8,-0.0,1,8,-9900,?,9,-9900,?,9,19.97,E,8,12.48,E,8,62.0,E,8,964.3861999999999,E,8,999.0,E,8,2.86,E,8,-9900,?,9,-9900,?,9,0.0,E,8,-9900,?,9,-9900,?,9,0.0,0.0,E,8
05/29/2018,22:00,0.0,1328.754,0.0,1,8,0.0,1,8,0.0,1,8,0.0,1,8,0.0,1,8,0.0,1,8,-0.0,1,8,-9900,?,9,-9900,?,9,18.93,E,8,12.42,E,8,65.0,E,8,964.3861999999999,E,8,999.0,E,8,2.48,E,8,-9900,?,9,-9900,?,9,0.0,E,8,-9900,?,9,-9900,?,9,0.0,0.0,E,8
05/29/2018,23:00,0.0,1328.754,0.0,1,8,0.0,1,8,0.0,1,8,0.0,1,8,0.0,1,8,0.0,1,8,-0.0,1,8,-9900,?,9,-9900,?,9,17.89,E,8,12.35,E,8,70.0,E,8,964.3861999999999,E,8,999.0,E,8,3.21,E,8,-9900,?,9,-9900,?,9,0.0,E,8,-9900,?,9,-9900,?,9,0.0,0.0,E,8
05/29/2018,24:00,0.0,1328.754,0.0,1,8,0.0,1,8,0.0,1,8,0.0,1,8,0.0,1,8,0.0,1,8,-0.0,1,8,-9900,?,9,-9900,?,9,16.85,E,8,11.27,E,8,69.0,E,8,964.3861999999999,E,8,999.0,E,8,1.64,E,8,-9900,?,9,-9900,?,9,0.0,E,8,-9900,?,9,-9900,?,9,0.0,0.0,E,8
05/30/2018,01:00,0.0,1328.754,0.0,1,8,0.0,1,8,0.0,1,8,0.0,1,8,0.0,1,8,0.0,1,8,-0.0,1,8,-9900,?,9,-9900,?,9,16.33,E,8,11.26,E,8,71.0,E,8,964.3861999999999,E,8,999.0,E,8,2.06,E,8,-9900,?,9,-9900,?,9,0.0,E,8,-9900,?,9,-9900,?,9,0.0,0.0,E,8
05/30/2018,02:00,0.0,1328.754,0.0,1,8,0.0,1,8,0.0,1,8,0.0,1,8,0.0,1,8,0.0,1,8,-0.0,1,8,-9900,?,9,-9900,?,9,15.81,E,8,11.25,E,8,74.0,E,8,964.3861999999999,E,8,999.0,E,8,2.39,E,8,-9900,?,9,-9900,?,9,0.0,E,8,-9900,?,9,-9900,?,9,0.0,0.0,E,8
05/30/2018,03:00,0.0,1328.754,0.0,1,8,0.0,1,8,0.0,1,8,0.0,1,8,0.0,1,8,0.0,1,8,-0.0,1,8,-9900,?,9,-9900,?,9,15.29,E,8,11.24,E,8,76.0,E,8,964.3861999999999,E,8,999.0,E,8,2.05,E,8,-9900,?,9,-9900,?,9,0.0,E,8,-9900,?,9,-9900,?,9,0.0,0.0,E,8
05/30/2018,04:00,0.0,1328.317,0.0,1,8,0.0,1,8,0.0,1,8,0.0,1,8,0.0,1,8,0.0,1,8,-0.0,1,8,-9900,?,9,-9900,?,9,14.77,E,8,11.23,E,8,79.0,E,8,964.3861999999999,E,8,999.0,E,8,1.66,E,8,-9900,?,9,-9900,?,9,0.0,E,8,-9900,?,9,-9900,?,9,0.0,0.0,E,8
05/30/2018,05:00,0.0,1328.317,0.0,1,8,0.0,1,8,0.0,1,8,0.0,1,8,0.0,1,8,0.0,1,8,-0.0,1,8,-9900,?,9,-9900,?,9,14.25,E,8,11.22,E,8,81.0,E,8,964.3861999999999,E,8,999.0,E,8,1.54,E,8,-9900,?,9,-9900,?,9,0.0,E,8,-9900,?,9,-9900,?,9,0.0,0.0,E,8
05/30/2018,06:00,0.0,1328.317,0.0,1,8,0.0,1,8,0.0,1,8,0.0,1,8,0.0,1,8,0.0,1,8,-0.0,1,8,-9900,?,9,-9900,?,9,13.85,E,8,11.21,E,8,84.0,E,8,964.3861999999999,E,8,999.0,E,8,1.33,E,8,-9900,?,9,-9900,?,9,0.0,E,8,-9900,?,9,-9900,?,9,0.0,0.0,E,8
05/30/2018,07:00,49.801,1328.317,0.0,1,8,0.0,1,8,0.0,1,8,0.0,1,8,0.0,1,8,0.0,1,8,0.0,1,8,-9900,?,9,-9900,?,9,13.5,E,8,11.21,E,8,85.0,E,8,964.3861999999999,E,8,999.0,E,8,1.56,E,8,-9900,?,9,-9900,?,9,0.0,E,8,-9900,?,9,-9900,?,9,0.0,0.0,E,8
05/30/2018,08:00,328.887,1328.317,72.79,1,8,0.0,1,8,72.79,1,8,8734.8,1,8,0.0,1,8,8006.9,1,8,93.99,1,8,-9900,?,9,-9900,?,9,13.16,E,8,11.2,E,8,87.0,E,8,964.3861999999999,E,8,999.0,E,8,2.15,E,8,-9900,?,9,-9900,?,9,0.0,E,8,-9900,?,9,-9900,?,9,0.0,0.0,E,8
05/30/2018,09:00,578.052,1328.317,289.27,1,8,219.941,1,8,193.676,1,8,34712.4,1,8,20894.436,1,8,21304.386,1,8,141.842,1,8,-9900,?,9,-9900,?,9,17.2,E,8,11.28,E,8,68.0,E,8,964.3861999999999,E,8,999.0,E,8,1.82,E,8,-9900,?,9,-9900,?,9,0.0,E,8,-9900,?,9,-9900,?,9,0.0,0.0,E,8
05/30/2018,10:00,776.129,1328.317,488.53,1,8,492.342,1,8,201.02,1,8,58623.6,1,8,46772.456,1,8,22112.179,1,8,109.573,1,8,-9900,?,9,-9900,?,9,19.48,E,8,11.32,E,8,59.0,E,8,964.3861999999999,E,8,999.0,E,8,1.88,E,8,-9900,?,9,-9900,?,9,0.0,E,8,-9900,?,9,-9900,?,9,0.0,0.0,E,8
05/30/2018,11:00,909.315,1328.317,637.23,1,8,683.671,1,8,169.371,1,8,76467.6,1,8,64948.727,1,8,18630.792,1,8,78.781,1,8,-9900,?,9,-9900,?,9,21.45,E,8,11.35,E,8,52.0,E,8,964.3861999999999,E,8,999.0,E,8,2.49,E,8,-9900,?,9,-9900,?,9,0.0,E,8,-9900,?,9,-9900,?,9,0.0,0.0,E,8
05/30/2018,12:00,968.464,1328.317,727.76,1,8,822.507,1,8,128.232,1,8,87331.2,1,8,78138.199,1,8,14105.566,1,8,55.999,1,8,-9900,?,9,-9900,?,9,23.04,E,8,11.38,E,8,47.0,E,8,964.3861999999999,E,8,999.0,E,8,2.2,E,8,-9900,?,9,-9900,?,9,0.0,E,8,-9900,?,9,-9900,?,9,0.0,0.0,E,8
05/30/2018,13:00,949.529,1328.317,747.27,1,8,773.194,1,8,194.718,1,8,89672.4,1,8,73453.435,1,8,21419.01,1,8,86.731,1,8,-9900,?,9,-9900,?,9,24.17,E,8,11.4,E,8,44.0,E,8,964.3861999999999,E,8,999.0,E,8,2.43,E,8,-9900,?,9,-9900,?,9,0.0,E,8,-9900,?,9,-9900,?,9,0.0,0.0,E,8
05/30/2018,14:00,853.809,1328.317,695.82,1,8,795.247,1,8,184.868,1,8,83498.4,1,8,75548.444,1,8,20335.484,1,8,91.587,1,8,-9900,?,9,-9900,?,9,24.82,E,8,11.41,E,8,43.0,E,8,964.3861999999999,E,8,999.0,E,8,3.22,E,8,-9900,?,9,-9900,?,9,0.0,E,8,-9900,?,9,-9900,?,9,0.0,0.0,E,8
05/30/2018,15:00,687.869,1328.317,572.59,1,8,680.844,1,8,220.296,1,8,68710.8,1,8,64680.197,1,8,24232.587,1,8,135.519,1,8,-9900,?,9,-9900,?,9,24.95,E,8,11.42,E,8,42.0,E,8,964.3861999999999,E,8,999.0,E,8,3.73,E,8,-9900,?,9,-9900,?,9,0.0,E,8,-9900,?,9,-9900,?,9,0.0,0.0,E,8
05/30/2018,16:00,463.156,1328.317,396.47,1,8,692.863,1,8,155.39,1,8,47576.4,1,8,65821.95,1,8,17092.884,1,8,142.154,1,8,-9900,?,9,-9900,?,9,24.4,E,8,11.41,E,8,44.0,E,8,964.3861999999999,E,8,999.0,E,8,4.69,E,8,-9900,?,9,-9900,?,9,0.0,E,8,-9900,?,9,-9900,?,9,0.0,0.0,E,8
05/30/2018,17:00,195.807,1328.317,184.53,1,8,422.603,1,8,123.002,1,8,22143.6,1,8,40147.307,1,8,13530.262,1,8,268.922,1,8,-9900,?,9,-9900,?,9,23.15,E,8,11.38,E,8,47.0,E,8,964.3861999999999,E,8,999.0,E,8,5.75,E,8,-9900,?,9,-9900,?,9,0.0,E,8,-9900,?,9,-9900,?,9,0.0,0.0,E,8
05/30/2018,18:00,0.0,1328.317,5.72,1,8,0.0,1,8,0.0,1,8,686.4,1,8,0.0,1,8,0.0,1,8,-0.0,1,8,-9900,?,9,-9900,?,9,22.16,E,8,11.37,E,8,50.0,E,8,964.3861999999999,E,8,999.0,E,8,6.14,E,8,-9900,?,9,-9900,?,9,0.0,E,8,-9900,?,9,-9900,?,9,0.0,0.0,E,8
05/30/2018,19:00,0.0,1328.317,0.0,1,8,0.0,1,8,0.0,1,8,0.0,1,8,0.0,1,8,0.0,1,8,-0.0,1,8,-9900,?,9,-9900,?,9,21.18,E,8,11.35,E,8,53.0,E,8,964.3861999999999,E,8,999.0,E,8,4.3,E,8,-9900,?,9,-9900,?,9,0.0,E,8,-9900,?,9,-9900,?,9,0.0,0.0,E,8
05/30/2018,20:00,0.0,1328.317,0.0,1,8,0.0,1,8,0.0,1,8,0.0,1,8,0.0,1,8,0.0,1,8,-0.0,1,8,-9900,?,9,-9900,?,9,20.2,E,8,11.33,E,8,56.0,E,8,964.3861999999999,E,8,999.0,E,8,2.78,E,8,-9900,?,9,-9900,?,9,0.0,E,8,-9900,?,9,-9900,?,9,0.0,0.0,E,8
05/30/2018,21:00,0.0,1328.317,0.0,1,8,0.0,1,8,0.0,1,8,0.0,1,8,0.0,1,8,0.0,1,8,-0.0,1,8,-9900,?,9,-9900,?,9,19.21,E,8,11.31,E,8,60.0,E,8,964.3861999999999,E,8,999.0,E,8,2.59,E,8,-9900,?,9,-9900,?,9,0.0,E,8,-9900,?,9,-9900,?,9,0.0,0.0,E,8
05/30/2018,22:00,0.0,1328.317,0.0,1,8,0.0,1,8,0.0,1,8,0.0,1,8,0.0,1,8,0.0,1,8,-0.0,1,8,-9900,?,9,-9900,?,9,18.23,E,8,11.29,E,8,63.0,E,8,964.3861999999999,E,8,999.0,E,8,2.14,E,8,-9900,?,9,-9900,?,9,0.0,E,8,-9900,?,9,-9900,?,9,0.0,0.0,E,8
05/30/2018,23:00,0.0,1328.317,0.0,1,8,0.0,1,8,0.0,1,8,0.0,1,8,0.0,1,8,0.0,1,8,-0.0,1,8,-9900,?,9,-9900,?,9,17.24,E,8,11.28,E,8,67.0,E,8,964.3861999999999,E,8,999.0,E,8,1.63,E,8,-9900,?,9,-9900,?,9,0.0,E,8,-9900,?,9,-9900,?,9,0.0,0.0,E,8
05/30/2018,24:00,0.0,1328.317,0.0,1,8,0.0,1,8,0.0,1,8,0.0,1,8,0.0,1,8,0.0,1,8,-0.0,1,8,-9900,?,9,-9900,?,9,16.26,E,8,11.72,E,8,74.0,E,8,964.3861999999999,E,8,999.0,E,8,1.94,E,8,-9900,?,9,-9900,?,9,0.0,E,8,-9900,?,9,-9900,?,9,0.0,0.0,E,8
05/31/2018,01:00,0.0,1328.317,0.0,1,8,0.0,1,8,0.0,1,8,0.0,1,8,0.0,1,8,0.0,1,8,-0.0,1,8,-9900,?,9,-9900,?,9,15.77,E,8,11.72,E,8,76.0,E,8,964.3861999999999,E,8,999.0,E,8,1.35,E,8,-9900,?,9,-9900,?,9,0.0,E,8,-9900,?,9,-9900,?,9,0.0,0.0,E,8
05/31/2018,02:00,0.0,1328.317,0.0,1,8,0.0,1,8,0.0,1,8,0.0,1,8,0.0,1,8,0.0,1,8,-0.0,1,8,-9900,?,9,-9900,?,9,15.28,E,8,11.72,E,8,79.0,E,8,964.3861999999999,E,8,999.0,E,8,1.19,E,8,-9900,?,9,-9900,?,9,0.0,E,8,-9900,?,9,-9900,?,9,0.0,0.0,E,8
05/31/2018,03:00,0.0,1328.317,0.0,1,8,0.0,1,8,0.0,1,8,0.0,1,8,0.0,1,8,0.0,1,8,-0.0,1,8,-9900,?,9,-9900,?,9,14.78,E,8,11.72,E,8,81.0,E,8,964.3861999999999,E,8,999.0,E,8,1.27,E,8,-9900,?,9,-9900,?,9,0.0,E,8,-9900,?,9,-9900,?,9,0.0,0.0,E,8
05/31/2018,04:00,0.0,1327.891,0.0,1,8,0.0,1,8,0.0,1,8,0.0,1,8,0.0,1,8,0.0,1,8,-0.0,1,8,-9900,?,9,-9900,?,9,14.29,E,8,11.72,E,8,84.0,E,8,964.3861999999999,E,8,999.0,E,8,1.27,E,8,-9900,?,9,-9900,?,9,0.0,E,8,-9900,?,9,-9900,?,9,0.0,0.0,E,8
05/31/2018,05:00,0.0,1327.891,0.0,1,8,0.0,1,8,0.0,1,8,0.0,1,8,0.0,1,8,0.0,1,8,-0.0,1,8,-9900,?,9,-9900,?,9,13.8,E,8,11.72,E,8,87.0,E,8,964.3861999999999,E,8,999.0,E,8,1.27,E,8,-9900,?,9,-9900,?,9,0.0,E,8,-9900,?,9,-9900,?,9,0.0,0.0,E,8
05/31/2018,06:00,0.0,1327.891,0.0,1,8,0.0,1,8,0.0,1,8,0.0,1,8,0.0,1,8,0.0,1,8,-0.0,1,8,-9900,?,9,-9900,?,9,13.42,E,8,11.72,E,8,89.0,E,8,964.3861999999999,E,8,999.0,E,8,1.67,E,8,-9900,?,9,-9900,?,9,0.0,E,8,-9900,?,9,-9900,?,9,0.0,0.0,E,8
05/31/2018,07:00,47.876,1327.891,0.0,1,8,0.0,1,8,0.0,1,8,0.0,1,8,0.0,1,8,0.0,1,8,0.0,1,8,-9900,?,9,-9900,?,9,13.09,E,8,11.72,E,8,91.0,E,8,964.3861999999999,E,8,999.0,E,8,2.67,E,8,-9900,?,9,-9900,?,9,0.0,E,8,-9900,?,9,-9900,?,9,0.0,0.0,E,8
05/31/2018,08:00,326.51,1327.891,52.67,1,8,0.0,1,8,52.67,1,8,6320.4,1,8,0.0,1,8,5793.7,1,8,68.488,1,8,-9900,?,9,-9900,?,9,12.77,E,8,11.72,E,8,93.0,E,8,964.3861999999999,E,8,999.0,E,8,3.49,E,8,-9900,?,9,-9900,?,9,0.0,E,8,-9900,?,9,-9900,?,9,0.0,0.0,E,8
05/31/2018,09:00,575.437,1327.891,211.25,1,8,72.194,1,8,180.005,1,8,25350.0,1,8,6858.406,1,8,19800.501,1,8,132.387,1,8,-9900,?,9,-9900,?,9,16.79,E,8,11.72,E,8,71.0,E,8,964.3861999999999,E,8,999.0,E,8,3.71,E,8,-9900,?,9,-9900,?,9,0.0,E,8,-9900,?,9,-9900,?,9,0.0,0.0,E,8
05/31/2018,10:00,773.387,1327.891,357.52,1,8,134.17,1,8,279.422,1,8,42902.4,1,8,12746.124,1,8,30736.393,1,8,152.8,1,8,-9900,?,9,-9900,?,9,19.08,E,8,11.72,E,8,62.0,E,8,964.3861999999999,E,8,999.0,E,8,4.02,E,8,-9900,?,9,-9900,?,9,0.0,E,8,-9900,?,9,-9900,?,9,0.0,0.0,E,8
05/31/2018,11:00,906.562,1327.891,467.94,1,8,181.837,1,8,343.84,1,8,56152.8,1,8,17274.507,1,8,37822.413,1,8,160.368,1,8,-9900,?,9,-9900,?,9,21.07,E,8,11.71,E,8,55.0,E,8,964.3861999999999,E,8,999.0,E,8,3.51,E,8,-9900,?,9,-9900,?,9,0.0,E,8,-9900,?,9,-9900,?,9,0.0,0.0,E,8
05/31/2018,12:00,965.816,1327.891,532.51,1,8,275.524,1,8,332.165,1,8,63901.2,1,8,26174.821,1,8,36538.141,1,8,145.407,1,8,-9900,?,9,-9900,?,9,22.66,E,8,11.71,E,8,49.0,E,8,964.3861999999999,E,8,999.0,E,8,3.6,E,8,-9900,?,9,-9900,?,9,0.0,E,8,-9900,?,9,-9900,?,9,0.0,0.0,E,8
05/31/2018,13:00,947.094,1327.891,546.15,1,8,330.022,1,8,310.834,1,8,65538.0,1,8,31352.083,1,8,34191.794,1,8,138.762,1,8,-9900,?,9,-9900,?,9,23.78,E,8,11.71,E,8,46.0,E,8,964.3861999999999,E,8,999.0,E,8,3.86,E,8,-9900,?,9,-9900,?,9,0.0,E,8,-9900,?,9,-9900,?,9,0.0,0.0,E,8
05/31/2018,14:00,851.682,1327.891,507.79,1,8,379.888,1,8,264.24,1,8,60934.8,1,8,36089.316,1,8,29066.424,1,8,131.195,1,8,-9900,?,9,-9900,?,9,24.42,E,8,11.71,E,8,44.0,E,8,964.3861999999999,E,8,999.0,E,8,5.27,E,8,-9900,?,9,-9900,?,9,0.0,E,8,-9900,?,9,-9900,?,9,0.0,0.0,E,8
05/31/2018,15:00,686.122,1327.891,420.4,1,8,511.472,1,8,156.335,1,8,50448.0,1,8,48589.822,1,8,17196.811,1,8,96.386,1,8,-9900,?,9,-9900,?,9,24.57,E,8,11.71,E,8,44.0,E,8,964.3861999999999,E,8,999.0,E,8,5.32,E,8,-9900,?,9,-9900,?,9,0.0,E,8,-9900,?,9,-9900,?,9,0.0,0.0,E,8
05/31/2018,16:00,461.835,1327.891,291.22,1,8,497.141,1,8,118.681,1,8,34946.4,1,8,47228.355,1,8,13054.894,1,8,108.848,1,8,-9900,?,9,-9900,?,9,24.01,E,8,11.71,E,8,46.0,E,8,964.3861999999999,E,8,999.0,E,8,4.78,E,8,-9900,?,9,-9900,?,9,0.0,E,8,-9900,?,9,-9900,?,9,0.0,0.0,E,8
05/31/2018,17:00,194.936,1327.891,134.09,1,8,382.002,1,8,78.709,1,8,16090.8,1,8,36290.232,1,8,8657.966,1,8,172.813,1,8,-9900,?,9,-9900,?,9,22.76,E,8,11.71,E,8,54.0,E,8,964.3861999999999,E,8,999.0,E,8,4.62,E,8,-9900,?,9,-9900,?,9,0.003,E,8,-9900,?,9,-9900,?,9,0.03,99.0,E,8
05/31/2018,18:00,0.0,1327.891,85.758,1,8,0.0,1,8,0.0,1,8,10290.96,1,8,0.0,1,8,0.0,1,8,-0.0,1,8,-9900,?,9,-9900,?,9,21.966,E,8,11.71,E,8,54.0,E,8,964.3861999999999,E,8,999.0,E,8,3.984,E,8,-9900,?,9,-9900,?,9,0.0008,E,8,-9900,?,9,-9900,?,9,0.008,99.0,E,8
05/31/2018,19:00,0.0,1327.891,27.514,1,8,0.0,1,8,0.0,1,8,3301.68,1,8,0.0,1,8,0.0,1,8,-0.0,1,8,-9900,?,9,-9900,?,9,21.02,E,8,11.71,E,8,58.0,E,8,964.3861999999999,E,8,999.0,E,8,3.358,E,8,-9900,?,9,-9900,?,9,0.02,E,8,-9900,?,9,-9900,?,9,0.2,99.0,E,8
05/31/2018,20:00,0.0,1327.891,0.696,1,8,0.0,1,8,0.0,1,8,83.52,1,8,0.0,1,8,0.0,1,8,-0.0,1,8,-9900,?,9,-9900,?,9,20.15,E,8,11.712,E,8,60.0,E,8,964.3861999999999,E,8,999.0,E,8,2.748,E,8,-9900,?,9,-9900,?,9,0.0194,E,8,-9900,?,9,-9900,?,9,0.194,99.0,E,8
05/31/2018,21:00,0.0,1327.891,0.0,1,8,0.0,1,8,0.0,1,8,0.0,1,8,0.0,1,8,0.0,1,8,-0.0,1,8,-9900,?,9,-9900,?,9,19.28,E,8,11.714,E,8,63.2,E,8,964.3861999999999,E,8,999.0,E,8,2.122,E,8,-9900,?,9,-9900,?,9,0.0194,E,8,-9900,?,9,-9900,?,9,0.194,99.0,E,8
05/31/2018,22:00,0.0,1327.891,0.0,1,8,0.0,1,8,0.0,1,8,0.0,1,8,0.0,1,8,0.0,1,8,-0.0,1,8,-9900,?,9,-9900,?,9,18.41,E,8,11.966,E,8,67.8,E,8,964.3861999999999,E,8,999.0,E,8,1.6,E,8,-9900,?,9,-9900,?,9,0.0194,E,8,-9900,?,9,-9900,?,9,0.194,99.0,E,8
05/31/2018,23:00,0.0,1327.891,0.0,1,8,0.0,1,8,0.0,1,8,0.0,1,8,0.0,1,8,0.0,1,8,-0.0,1,8,-9900,?,9,-9900,?,9,17.628,E,8,12.182,E,8,71.2,E,8,964.3861999999999,E,8,999.0,E,8,1.148,E,8,-9900,?,9,-9900,?,9,0.019200000000000002,E,8,-9900,?,9,-9900,?,9,0.192,99.0,E,8
05/31/2018,24:00,0.0,1327.891,0.0,1,8,0.0,1,8,0.0,1,8,0.0,1,8,0.0,1,8,0.0,1,8,-0.0,1,8,-9900,?,9,-9900,?,9,16.934,E,8,12.364,E,8,74.2,E,8,964.3861999999999,E,8,999.0,E,8,0.938,E,8,-9900,?,9,-9900,?,9,0.0,E,8,-9900,?,9,-9900,?,9,0.0,0.0,E,8
06/01/2018,01:00,0.0,1327.891,0.0,1,8,0.0,1,8,0.0,1,8,0.0,1,8,0.0,1,8,0.0,1,8,-0.0,1,8,-9900,?,9,-9900,?,9,16.326,E,8,12.508,E,8,77.8,E,8,964.3861999999999,E,8,999.0,E,8,0.744,E,8,-9900,?,9,-9900,?,9,0.0,E,8,-9900,?,9,-9900,?,9,0.0,0.0,E,8
06/01/2018,02:00,0.0,1327.891,0.0,1,8,0.0,1,8,0.0,1,8,0.0,1,8,0.0,1,8,0.0,1,8,-0.0,1,8,-9900,?,9,-9900,?,9,15.806,E,8,12.616,E,8,80.8,E,8,964.3861999999999,E,8,999.0,E,8,0.616,E,8,-9900,?,9,-9900,?,9,0.0,E,8,-9900,?,9,-9900,?,9,0.0,0.0,E,8
06/01/2018,03:00,0.0,1327.891,0.0,1,8,0.0,1,8,0.0,1,8,0.0,1,8,0.0,1,8,0.0,1,8,-0.0,1,8,-9900,?,9,-9900,?,9,15.372,E,8,12.436,E,8,82.2,E,8,964.3861999999999,E,8,999.0,E,8,0.616,E,8,-9900,?,9,-9900,?,9,0.0,E,8,-9900,?,9,-9900,?,9,0.0,0.0,E,8
06/01/2018,04:00,0.0,1327.476,0.0,1,8,0.0,1,8,0.0,1,8,0.0,1,8,0.0,1,8,0.0,1,8,-0.0,1,8,-9900,?,9,-9900,?,9,14.958,E,8,12.264,E,8,83.4,E,8,964.3861999999999,E,8,999.0,E,8,0.6,E,8,-9900,?,9,-9900,?,9,0.0,E,8,-9900,?,9,-9900,?,9,0.0,0.0,E,8
06/01/2018,05:00,0.0,1327.476,0.0,1,8,0.0,1,8,0.0,1,8,0.0,1,8,0.0,1,8,0.0,1,8,-0.0,1,8,-9900,?,9,-9900,?,9,14.572,E,8,12.1,E,8,84.6,E,8,964.3861999999999,E,8,999.0,E,8,0.6,E,8,-9900,?,9,-9900,?,9,0.0,E,8,-9900,?,9,-9900,?,9,0.0,0.0,E,8
06/01/2018,06:00,0.0,1327.476,0.0,1,8,0.0,1,8,0.0,1,8,0.0,1,8,0.0,1,8,0.0,1,8,-0.0,1,8,-9900,?,9,-9900,?,9,14.17,E,8,11.93,E,8,86.0,E,8,964.3861999999999,E,8,999.0,E,8,0.6,E,8,-9900,?,9,-9900,?,9,0.0,E,8,-9900,?,9,-9900,?,9,0.0,0.0,E,8
06/01/2018,07:00,45.982,1327.476,0.0,1,8,0.0,1,8,0.0,1,8,0.0,1,8,0.0,1,8,0.0,1,8,0.0,1,8,-9900,?,9,-9900,?,9,13.88,E,8,11.8,E,8,87.0,E,8,964.3861999999999,E,8,999.0,E,8,0.6,E,8,-9900,?,9,-9900,?,9,0.0,E,8,-9900,?,9,-9900,?,9,0.0,0.0,E,8
06/01/2018,08:00,324.176,1327.476,78.97,1,8,0.0,1,8,78.97,1,8,9476.4,1,8,0.0,1,8,8686.7,1,8,103.4,1,8,-9900,?,9,-9900,?,9,13.59,E,8,11.68,E,8,88.0,E,8,964.3861999999999,E,8,999.0,E,8,0.6,E,8,-9900,?,9,-9900,?,9,0.0,E,8,-9900,?,9,-9900,?,9,0.0,0.0,E,8
06/01/2018,09:00,572.882,1327.476,261.08,1,8,177.74,1,8,184.473,1,8,31329.6,1,8,16885.273,1,8,20292.015,1,8,136.238,1,8,-9900,?,9,-9900,?,9,18.36,E,8,13.64,E,8,73.0,E,8,964.3861999999999,E,8,999.0,E,8,0.6,E,8,-9900,?,9,-9900,?,9,0.0,E,8,-9900,?,9,-9900,?,9,0.0,0.0,E,8
06/01/2018,10:00,770.722,1327.476,438.44,1,8,342.769,1,8,239.546,1,8,52612.8,1,8,32563.066,1,8,26350.026,1,8,131.407,1,8,-9900,?,9,-9900,?,9,20.86,E,8,14.58,E,8,67.0,E,8,964.3861999999999,E,8,999.0,E,8,0.6,E,8,-9900,?,9,-9900,?,9,0.0,E,8,-9900,?,9,-9900,?,9,0.0,0.0,E,8
06/01/2018,11:00,903.9,1327.476,520.7,1,8,322.878,1,8,300.922,1,8,62484.0,1,8,30673.445,1,8,33101.366,1,8,140.72,1,8,-9900,?,9,-9900,?,9,22.7,E,8,15.24,E,8,62.0,E,8,964.3861999999999,E,8,999.0,E,8,0.6,E,8,-9900,?,9,-9900,?,9,0.0,E,8,-9900,?,9,-9900,?,9,0.0,0.0,E,8
06/01/2018,12:00,963.27,1327.476,482.07,1,8,173.713,1,8,356.05,1,8,57848.4,1,8,16502.696,1,8,39165.547,1,8,156.227,1,8,-9900,?,9,-9900,?,9,23.58,E,8,15.55,E,8,60.0,E,8,964.3861999999999,E,8,999.0,E,8,1.06,E,8,-9900,?,9,-9900,?,9,0.0,E,8,-9900,?,9,-9900,?,9,0.0,0.0,E,8
06/01/2018,13:00,944.769,1327.476,559.03,1,8,337.949,1,8,318.579,1,8,67083.6,1,8,32105.193,1,8,35043.693,1,8,142.525,1,8,-9900,?,9,-9900,?,9,24.52,E,8,15.87,E,8,58.0,E,8,964.3861999999999,E,8,999.0,E,8,1.51,E,8,-9900,?,9,-9900,?,9,0.0,E,8,-9900,?,9,-9900,?,9,0.0,0.0,E,8
06/01/2018,14:00,849.667,1327.476,561.66,1,8,562.758,1,8,201.612,1,8,67399.2,1,8,53462.03,1,8,22177.306,1,8,100.306,1,8,-9900,?,9,-9900,?,9,25.21,E,8,16.1,E,8,57.0,E,8,964.3861999999999,E,8,999.0,E,8,2.21,E,8,-9900,?,9,-9900,?,9,0.0,E,8,-9900,?,9,-9900,?,9,0.0,0.0,E,8
06/01/2018,15:00,684.486,1327.476,430.79,1,8,511.231,1,8,167.397,1,8,51694.8,1,8,48566.903,1,8,18413.689,1,8,103.422,1,8,-9900,?,9,-9900,?,9,25.27,E,8,16.12,E,8,56.0,E,8,964.3861999999999,E,8,999.0,E,8,2.1,E,8,-9900,?,9,-9900,?,9,0.0,E,8,-9900,?,9,-9900,?,9,0.0,0.0,E,8
06/01/2018,16:00,460.622,1327.476,213.21,1,8,216.072,1,8,138.394,1,8,25585.2,1,8,20526.83,1,8,15223.327,1,8,127.224,1,8,-9900,?,9,-9900,?,9,24.19,E,8,15.76,E,8,59.0,E,8,964.3861999999999,E,8,999.0,E,8,2.36,E,8,-9900,?,9,-9900,?,9,0.0,E,8,-9900,?,9,-9900,?,9,0.0,0.0,E,8
06/01/2018,17:00,194.162,1327.476,65.9,1,8,116.695,1,8,49.045,1,8,7908.0,1,8,11086.005,1,8,5394.998,1,8,108.089,1,8,-9900,?,9,-9900,?,9,22.63,E,8,15.21,E,8,62.0,E,8,964.3861999999999,E,8,999.0,E,8,1.63,E,8,-9900,?,9,-9900,?,9,0.0,E,8,-9900,?,9,-9900,?,9,0.0,0.0,E,8
06/01/2018,18:00,0.0,1327.476,3.51,1,8,0.0,1,8,0.0,1,8,421.2,1,8,0.0,1,8,0.0,1,8,-0.0,1,8,-9900,?,9,-9900,?,9,21.74,E,8,14.9,E,8,65.0,E,8,964.3861999999999,E,8,999.0,E,8,1.27,E,8,-9900,?,9,-9900,?,9,0.0,E,8,-9900,?,9,-9900,?,9,0.0,0.0,E,8
06/01/2018,19:00,0.0,1327.476,0.0,1,8,0.0,1,8,0.0,1,8,0.0,1,8,0.0,1,8,0.0,1,8,-0.0,1,8,-9900,?,9,-9900,?,9,20.85,E,8,14.57,E,8,67.0,E,8,964.3861999999999,E,8,999.0,E,8,1.57,E,8,-9900,?,9,-9900,?,9,0.0,E,8,-9900,?,9,-9900,?,9,0.0,0.0,E,8
06/01/2018,20:00,0.0,1327.476,0.0,1,8,0.0,1,8,0.0,1,8,0.0,1,8,0.0,1,8,0.0,1,8,-0.0,1,8,-9900,?,9,-9900,?,9,19.97,E,8,14.25,E,8,69.0,E,8,964.3861999999999,E,8,999.0,E,8,1.2,E,8,-9900,?,9,-9900,?,9,0.0,E,8,-9900,?,9,-9900,?,9,0.0,0.0,E,8
06/01/2018,21:00,0.0,1327.476,0.0,1,8,0.0,1,8,0.0,1,8,0.0,1,8,0.0,1,8,0.0,1,8,-0.0,1,8,-9900,?,9,-9900,?,9,19.08,E,8,13.91,E,8,71.0,E,8,964.3861999999999,E,8,999.0,E,8,1.91,E,8,-9900,?,9,-9900,?,9,0.0,E,8,-9900,?,9,-9900,?,9,0.0,0.0,E,8
06/01/2018,22:00,0.0,1327.476,0.0,1,8,0.0,1,8,0.0,1,8,0.0,1,8,0.0,1,8,0.0,1,8,-0.0,1,8,-9900,?,9,-9900,?,9,18.19,E,8,13.57,E,8,74.0,E,8,964.3861999999999,E,8,999.0,E,8,2.09,E,8,-9900,?,9,-9900,?,9,0.0,E,8,-9900,?,9,-9900,?,9,0.0,0.0,E,8
06/01/2018,23:00,0.0,1327.476,0.0,1,8,0.0,1,8,0.0,1,8,0.0,1,8,0.0,1,8,0.0,1,8,-0.0,1,8,-9900,?,9,-9900,?,9,17.31,E,8,13.22,E,8,76.0,E,8,964.3861999999999,E,8,999.0,E,8,2.14,E,8,-9900,?,9,-9900,?,9,0.0,E,8,-9900,?,9,-9900,?,9,0.0,0.0,E,8
06/01/2018,24:00,0.0,1327.476,0.0,1,8,0.0,1,8,0.0,1,8,0.0,1,8,0.0,1,8,0.0,1,8,-0.0,1,8,-9900,?,9,-9900,?,9,16.42,E,8,13.12,E,8,80.0,E,8,964.3861999999999,E,8,999.0,E,8,5.25,E,8,-9900,?,9,-9900,?,9,0.0,E,8,-9900,?,9,-9900,?,9,0.0,0.0,E,8
06/02/2018,01:00,0.0,1327.476,0.0,1,8,0.0,1,8,0.0,1,8,0.0,1,8,0.0,1,8,0.0,1,8,-0.0,1,8,-9900,?,9,-9900,?,9,15.98,E,8,12.97,E,8,82.0,E,8,964.3861999999999,E,8,999.0,E,8,4.34,E,8,-9900,?,9,-9900,?,9,0.0,E,8,-9900,?,9,-9900,?,9,0.0,0.0,E,8
06/02/2018,02:00,0.0,1327.476,0.0,1,8,0.0,1,8,0.0,1,8,0.0,1,8,0.0,1,8,0.0,1,8,-0.0,1,8,-9900,?,9,-9900,?,9,15.53,E,8,12.81,E,8,83.0,E,8,964.3861999999999,E,8,999.0,E,8,2.77,E,8,-9900,?,9,-9900,?,9,0.0,E,8,-9900,?,9,-9900,?,9,0.0,0.0,E,8
06/02/2018,03:00,0.0,1327.476,0.0,1,8,0.0,1,8,0.0,1,8,0.0,1,8,0.0,1,8,0.0,1,8,-0.0,1,8,-9900,?,9,-9900,?,9,15.09,E,8,12.66,E,8,85.0,E,8,964.3861999999999,E,8,999.0,E,8,2.45,E,8,-9900,?,9,-9900,?,9,0.0,E,8,-9900,?,9,-9900,?,9,0.0,0.0,E,8
06/02/2018,04:00,0.0,1327.072,0.0,1,8,0.0,1,8,0.0,1,8,0.0,1,8,0.0,1,8,0.0,1,8,-0.0,1,8,-9900,?,9,-9900,?,9,14.65,E,8,12.5,E,8,86.0,E,8,964.3861999999999,E,8,999.0,E,8,2.27,E,8,-9900,?,9,-9900,?,9,0.0,E,8,-9900,?,9,-9900,?,9,0.0,0.0,E,8
06/02/2018,05:00,0.0,1327.072,0.0,1,8,0.0,1,8,0.0,1,8,0.0,1,8,0.0,1,8,0.0,1,8,-0.0,1,8,-9900,?,9,-9900,?,9,14.2,E,8,12.34,E,8,88.0,E,8,964.3861999999999,E,8,999.0,E,8,2.29,E,8,-9900,?,9,-9900,?,9,0.0,E,8,-9900,?,9,-9900,?,9,0.0,0.0,E,8
06/02/2018,06:00,0.0,1327.072,0.0,1,8,0.0,1,8,0.0,1,8,0.0,1,8,0.0,1,8,0.0,1,8,-0.0,1,8,-9900,?,9,-9900,?,9,13.86,E,8,12.21,E,8,89.0,E,8,964.3861999999999,E,8,999.0,E,8,2.74,E,8,-9900,?,9,-9900,?,9,0.0,E,8,-9900,?,9,-9900,?,9,0.0,0.0,E,8
06/02/2018,07:00,44.121,1327.072,0.0,1,8,0.0,1,8,0.0,1,8,0.0,1,8,0.0,1,8,0.0,1,8,0.0,1,8,-9900,?,9,-9900,?,9,13.57,E,8,12.11,E,8,90.0,E,8,964.3861999999999,E,8,999.0,E,8,3.85,E,8,-9900,?,9,-9900,?,9,0.0,E,8,-9900,?,9,-9900,?,9,0.0,0.0,E,8
06/02/2018,08:00,321.887,1327.072,58.18,1,8,0.0,1,8,58.18,1,8,6981.6,1,8,0.0,1,8,6399.8,1,8,76.701,1,8,-9900,?,9,-9900,?,9,13.28,E,8,12.0,E,8,91.0,E,8,964.3861999999999,E,8,999.0,E,8,2.27,E,8,-9900,?,9,-9900,?,9,0.0,E,8,-9900,?,9,-9900,?,9,0.0,0.0,E,8
06/02/2018,09:00,570.389,1327.072,238.92,1,8,123.291,1,8,185.997,1,8,28670.4,1,8,11712.613,1,8,20459.626,1,8,137.923,1,8,-9900,?,9,-9900,?,9,16.81,E,8,13.25,E,8,79.0,E,8,964.3861999999999,E,8,999.0,E,8,2.27,E,8,-9900,?,9,-9900,?,9,0.0,E,8,-9900,?,9,-9900,?,9,0.0,0.0,E,8
06/02/2018,10:00,768.134,1327.072,423.23,1,8,299.871,1,8,249.76,1,8,50787.6,1,8,28487.721,1,8,27473.617,1,8,137.431,1,8,-9900,?,9,-9900,?,9,18.99,E,8,13.98,E,8,72.0,E,8,964.3861999999999,E,8,999.0,E,8,2.27,E,8,-9900,?,9,-9900,?,9,0.0,E,8,-9900,?,9,-9900,?,9,0.0,0.0,E,8
06/02/2018,11:00,901.329,1327.072,580.54,1,8,501.52,1,8,240.031,1,8,69664.8,1,8,47644.406,1,8,26403.426,1,8,112.532,1,8,-9900,?,9,-9900,?,9,21.01,E,8,14.63,E,8,66.0,E,8,964.3861999999999,E,8,999.0,E,8,2.27,E,8,-9900,?,9,-9900,?,9,0.0,E,8,-9900,?,9,-9900,?,9,0.0,0.0,E,8
06/02/2018,12:00,960.826,1327.072,646.37,1,8,575.584,1,8,229.747,1,8,77564.4,1,8,54680.515,1,8,25272.119,1,8,101.033,1,8,-9900,?,9,-9900,?,9,22.54,E,8,15.11,E,8,62.0,E,8,964.3861999999999,E,8,999.0,E,8,2.4,E,8,-9900,?,9,-9900,?,9,0.0,E,8,-9900,?,9,-9900,?,9,0.0,0.0,E,8
06/02/2018,13:00,942.554,1327.072,674.14,1,8,715.593,1,8,166.036,1,8,80896.8,1,8,67981.295,1,8,18263.98,1,8,74.433,1,8,-9900,?,9,-9900,?,9,23.67,E,8,15.45,E,8,60.0,E,8,964.3861999999999,E,8,999.0,E,8,2.42,E,8,-9900,?,9,-9900,?,9,0.0,E,8,-9900,?,9,-9900,?,9,0.0,0.0,E,8
06/02/2018,14:00,847.766,1327.072,651.24,1,8,755.633,1,8,168.728,1,8,78148.8,1,8,71785.151,1,8,18560.098,1,8,84.109,1,8,-9900,?,9,-9900,?,9,24.4,E,8,15.67,E,8,58.0,E,8,964.3861999999999,E,8,999.0,E,8,3.27,E,8,-9900,?,9,-9900,?,9,0.0,E,8,-9900,?,9,-9900,?,9,0.0,0.0,E,8
06/02/2018,15:00,682.963,1327.072,535.3,1,8,760.092,1,8,144.444,1,8,64236.0,1,8,72208.761,1,8,15888.874,1,8,89.413,1,8,-9900,?,9,-9900,?,9,24.6,E,8,15.73,E,8,57.0,E,8,964.3861999999999,E,8,999.0,E,8,4.29,E,8,-9900,?,9,-9900,?,9,0.0,E,8,-9900,?,9,-9900,?,9,0.0,0.0,E,8
06/02/2018,16:00,459.515,1327.072,358.41,1,8,611.538,1,8,147.108,1,8,43009.2,1,8,58096.077,1,8,16181.889,1,8,135.521,1,8,-9900,?,9,-9900,?,9,24.07,E,8,15.57,E,8,59.0,E,8,964.3861999999999,E,8,999.0,E,8,2.27,E,8,-9900,?,9,-9900,?,9,0.0,E,8,-9900,?,9,-9900,?,9,0.0,0.0,E,8
06/02/2018,17:00,193.485,1327.072,168.16,1,8,402.482,1,8,110.218,1,8,20179.2,1,8,38235.766,1,8,12123.979,1,8,243.7,1,8,-9900,?,9,-9900,?,9,22.88,E,8,15.21,E,8,61.0,E,8,964.3861999999999,E,8,999.0,E,8,2.27,E,8,-9900,?,9,-9900,?,9,0.0,E,8,-9900,?,9,-9900,?,9,0.0,0.0,E,8
06/02/2018,18:00,0.0,1327.072,3.5,1,8,0.0,1,8,0.0,1,8,420.0,1,8,0.0,1,8,0.0,1,8,-0.0,1,8,-9900,?,9,-9900,?,9,22.05,E,8,14.96,E,8,64.0,E,8,964.3861999999999,E,8,999.0,E,8,2.27,E,8,-9900,?,9,-9900,?,9,0.0,E,8,-9900,?,9,-9900,?,9,0.0,0.0,E,8
06/02/2018,19:00,0.0,1327.072,0.0,1,8,0.0,1,8,0.0,1,8,0.0,1,8,0.0,1,8,0.0,1,8,-0.0,1,8,-9900,?,9,-9900,?,9,21.22,E,8,14.7,E,8,66.0,E,8,964.3861999999999,E,8,999.0,E,8,2.27,E,8,-9900,?,9,-9900,?,9,0.0,E,8,-9900,?,9,-9900,?,9,0.0,0.0,E,8
06/02/2018,20:00,0.0,1327.072,0.0,1,8,0.0,1,8,0.0,1,8,0.0,1,8,0.0,1,8,0.0,1,8,-0.0,1,8,-9900,?,9,-9900,?,9,20.4,E,8,14.44,E,8,68.0,E,8,964.3861999999999,E,8,999.0,E,8,2.27,E,8,-9900,?,9,-9900,?,9,0.0,E,8,-9900,?,9,-9900,?,9,0.0,0.0,E,8
06/02/2018,21:00,0.0,1327.072,0.0,1,8,0.0,1,8,0.0,1,8,0.0,1,8,0.0,1,8,0.0,1,8,-0.0,1,8,-9900,?,9,-9900,?,9,19.57,E,8,14.17,E,8,71.0,E,8,964.3861999999999,E,8,999.0,E,8,2.27,E,8,-9900,?,9,-9900,?,9,0.0,E,8,-9900,?,9,-9900,?,9,0.0,0.0,E,8
06/02/2018,22:00,0.0,1327.072,0.0,1,8,0.0,1,8,0.0,1,8,0.0,1,8,0.0,1,8,0.0,1,8,-0.0,1,8,-9900,?,9,-9900,?,9,18.74,E,8,13.9,E,8,73.0,E,8,964.3861999999999,E,8,999.0,E,8,2.27,E,8,-9900,?,9,-9900,?,9,0.0,E,8,-9900,?,9,-9900,?,9,0.0,0.0,E,8
06/02/2018,23:00,0.0,1327.072,0.0,1,8,0.0,1,8,0.0,1,8,0.0,1,8,0.0,1,8,0.0,1,8,-0.0,1,8,-9900,?,9,-9900,?,9,17.92,E,8,13.63,E,8,75.0,E,8,964.3861999999999,E,8,999.0,E,8,2.27,E,8,-9900,?,9,-9900,?,9,0.0,E,8,-9900,?,9,-9900,?,9,0.0,0.0,E,8
06/02/2018,24:00,0.0,1327.072,0.0,1,8,0.0,1,8,0.0,1,8,0.0,1,8,0.0,1,8,0.0,1,8,-0.0,1,8,-9900,?,9,-9900,?,9,17.09,E,8,14.28,E,8,83.0,E,8,964.3861999999999,E,8,999.0,E,8,1.18,E,8,-9900,?,9,-9900,?,9,0.0,E,8,-9900,?,9,-9900,?,9,0.0,0.0,E,8
06/03/2018,01:00,0.0,1327.072,0.0,1,8,0.0,1,8,0.0,1,8,0.0,1,8,0.0,1,8,0.0,1,8,-0.0,1,8,-9900,?,9,-9900,?,9,16.68,E,8,14.09,E,8,84.0,E,8,964.3861999999999,E,8,999.0,E,8,1.18,E,8,-9900,?,9,-9900,?,9,0.0,E,8,-9900,?,9,-9900,?,9,0.0,0.0,E,8
06/03/2018,02:00,0.0,1327.072,0.0,1,8,0.0,1,8,0.0,1,8,0.0,1,8,0.0,1,8,0.0,1,8,-0.0,1,8,-9900,?,9,-9900,?,9,16.26,E,8,13.89,E,8,85.0,E,8,964.3861999999999,E,8,999.0,E,8,1.18,E,8,-9900,?,9,-9900,?,9,0.0,E,8,-9900,?,9,-9900,?,9,0.0,0.0,E,8
06/03/2018,03:00,0.0,1327.072,0.0,1,8,0.0,1,8,0.0,1,8,0.0,1,8,0.0,1,8,0.0,1,8,-0.0,1,8,-9900,?,9,-9900,?,9,15.85,E,8,13.69,E,8,87.0,E,8,964.3861999999999,E,8,999.0,E,8,1.18,E,8,-9900,?,9,-9900,?,9,0.0,E,8,-9900,?,9,-9900,?,9,0.0,0.0,E,8
06/03/2018,04:00,0.0,1326.679,0.0,1,8,0.0,1,8,0.0,1,8,0.0,1,8,0.0,1,8,0.0,1,8,-0.0,1,8,-9900,?,9,-9900,?,9,15.44,E,8,13.49,E,8,88.0,E,8,964.3861999999999,E,8,999.0,E,8,1.18,E,8,-9900,?,9,-9900,?,9,0.0,E,8,-9900,?,9,-9900,?,9,0.0,0.0,E,8
06/03/2018,05:00,0.0,1326.679,0.0,1,8,0.0,1,8,0.0,1,8,0.0,1,8,0.0,1,8,0.0,1,8,-0.0,1,8,-9900,?,9,-9900,?,9,15.02,E,8,13.29,E,8,89.0,E,8,964.3861999999999,E,8,999.0,E,8,1.18,E,8,-9900,?,9,-9900,?,9,0.0,E,8,-9900,?,9,-9900,?,9,0.0,0.0,E,8
06/03/2018,06:00,0.0,1326.679,0.0,1,8,0.0,1,8,0.0,1,8,0.0,1,8,0.0,1,8,0.0,1,8,-0.0,1,8,-9900,?,9,-9900,?,9,14.7,E,8,13.13,E,8,90.0,E,8,964.3861999999999,E,8,999.0,E,8,1.18,E,8,-9900,?,9,-9900,?,9,0.0,E,8,-9900,?,9,-9900,?,9,0.0,0.0,E,8
06/03/2018,07:00,42.293,1326.679,0.0,1,8,0.0,1,8,0.0,1,8,0.0,1,8,0.0,1,8,0.0,1,8,0.0,1,8,-9900,?,9,-9900,?,9,14.43,E,8,12.99,E,8,91.0,E,8,964.3861999999999,E,8,999.0,E,8,1.18,E,8,-9900,?,9,-9900,?,9,0.0,E,8,-9900,?,9,-9900,?,9,0.0,0.0,E,8
06/03/2018,08:00,319.645,1326.679,47.17,1,8,0.0,1,8,47.17,1,8,5660.4,1,8,0.0,1,8,5188.7,1,8,62.608,1,8,-9900,?,9,-9900,?,9,14.16,E,8,12.85,E,8,91.0,E,8,964.3861999999999,E,8,999.0,E,8,1.18,E,8,-9900,?,9,-9900,?,9,0.0,E,8,-9900,?,9,-9900,?,9,0.0,0.0,E,8
06/03/2018,09:00,567.96,1326.679,73.81,1,8,0.0,1,8,73.81,1,8,8857.2,1,8,0.0,1,8,8119.1,1,8,54.951,1,8,-9900,?,9,-9900,?,9,15.9,E,8,13.72,E,8,86.0,E,8,964.3861999999999,E,8,999.0,E,8,1.18,E,8,-9900,?,9,-9900,?,9,0.0,E,8,-9900,?,9,-9900,?,9,0.0,0.0,E,8
06/03/2018,10:00,765.626,1326.679,179.64,1,8,3.47,1,8,177.639,1,8,21556.8,1,8,329.625,1,8,19540.267,1,8,98.037,1,8,-9900,?,9,-9900,?,9,17.05,E,8,14.26,E,8,83.0,E,8,964.3861999999999,E,8,999.0,E,8,1.18,E,8,-9900,?,9,-9900,?,9,0.0,E,8,-9900,?,9,-9900,?,9,0.0,0.0,E,8
06/03/2018,11:00,898.852,1326.679,325.96,1,8,69.509,1,8,278.883,1,8,39115.2,1,8,6603.356,1,8,30677.079,1,8,131.069,1,8,-9900,?,9,-9900,?,9,18.67,E,8,15.01,E,8,79.0,E,8,964.3861999999999,E,8,999.0,E,8,1.18,E,8,-9900,?,9,-9900,?,9,0.0,E,8,-9900,?,9,-9900,?,9,0.0,0.0,E,8
06/03/2018,12:00,958.487,1326.679,547.24,1,8,293.299,1,8,335.397,1,8,65668.8,1,8,27863.378,1,8,36893.688,1,8,147.811,1,8,-9900,?,9,-9900,?,9,20.92,E,8,15.99,E,8,73.0,E,8,964.3861999999999,E,8,999.0,E,8,1.18,E,8,-9900,?,9,-9900,?,9,0.0,E,8,-9900,?,9,-9900,?,9,0.0,0.0,E,8
06/03/2018,13:00,940.451,1326.679,472.03,1,8,178.872,1,8,345.269,1,8,56643.6,1,8,16992.841,1,8,37979.571,1,8,155.083,1,8,-9900,?,9,-9900,?,9,22.06,E,8,16.46,E,8,70.0,E,8,964.3861999999999,E,8,999.0,E,8,1.18,E,8,-9900,?,9,-9900,?,9,0.0,E,8,-9900,?,9,-9900,?,9,0.0,0.0,E,8
06/03/2018,14:00,845.98,1326.679,575.1,1,8,607.468,1,8,187.903,1,8,69012.0,1,8,57709.497,1,8,20669.346,1,8,93.837,1,8,-9900,?,9,-9900,?,9,23.3,E,8,16.96,E,8,67.0,E,8,964.3861999999999,E,8,999.0,E,8,1.18,E,8,-9900,?,9,-9900,?,9,0.0,E,8,-9900,?,9,-9900,?,9,0.0,0.0,E,8
06/03/2018,15:00,681.553,1326.679,513.94,1,8,741.703,1,8,133.217,1,8,61672.8,1,8,70461.824,1,8,14653.82,1,8,82.609,1,8,-9900,?,9,-9900,?,9,24.01,E,8,17.25,E,8,65.0,E,8,964.3861999999999,E,8,999.0,E,8,1.18,E,8,-9900,?,9,-9900,?,9,0.0,E,8,-9900,?,9,-9900,?,9,0.0,0.0,E,8
06/03/2018,16:00,458.516,1326.679,364.08,1,8,691.725,1,8,125.523,1,8,43689.6,1,8,65713.853,1,8,13807.516,1,8,115.855,1,8,-9900,?,9,-9900,?,9,24.08,E,8,17.27,E,8,65.0,E,8,964.3861999999999,E,8,999.0,E,8,1.18,E,8,-9900,?,9,-9900,?,9,0.0,E,8,-9900,?,9,-9900,?,9,0.0,0.0,E,8
06/03/2018,17:00,192.905,1326.679,242.12,1,8,314.892,1,8,196.913,1,8,29054.4,1,8,29914.732,1,8,21660.461,1,8,436.6,1,8,-9900,?,9,-9900,?,9,23.58,E,8,17.08,E,8,66.0,E,8,964.3861999999999,E,8,999.0,E,8,1.18,E,8,-9900,?,9,-9900,?,9,0.0,E,8,-9900,?,9,-9900,?,9,0.0,0.0,E,8
06/03/2018,18:00,0.0,1326.679,12.0,1,8,0.0,1,8,0.0,1,8,1440.0,1,8,0.0,1,8,0.0,1,8,-0.0,1,8,-9900,?,9,-9900,?,9,22.64,E,8,16.7,E,8,69.0,E,8,964.3861999999999,E,8,999.0,E,8,1.18,E,8,-9900,?,9,-9900,?,9,0.0,E,8,-9900,?,9,-9900,?,9,0.0,0.0,E,8
06/03/2018,19:00,0.0,1326.679,0.0,1,8,0.0,1,8,0.0,1,8,0.0,1,8,0.0,1,8,0.0,1,8,-0.0,1,8,-9900,?,9,-9900,?,9,21.7,E,8,16.31,E,8,71.0,E,8,964.3861999999999,E,8,999.0,E,8,1.18,E,8,-9900,?,9,-9900,?,9,0.0,E,8,-9900,?,9,-9900,?,9,0.0,0.0,E,8
06/03/2018,20:00,0.0,1326.679,0.0,1,8,0.0,1,8,0.0,1,8,0.0,1,8,0.0,1,8,0.0,1,8,-0.0,1,8,-9900,?,9,-9900,?,9,20.75,E,8,15.91,E,8,73.0,E,8,964.3861999999999,E,8,999.0,E,8,1.18,E,8,-9900,?,9,-9900,?,9,0.0,E,8,-9900,?,9,-9900,?,9,0.0,0.0,E,8
06/03/2018,21:00,0.0,1326.679,0.0,1,8,0.0,1,8,0.0,1,8,0.0,1,8,0.0,1,8,0.0,1,8,-0.0,1,8,-9900,?,9,-9900,?,9,19.81,E,8,15.51,E,8,76.0,E,8,964.3861999999999,E,8,999.0,E,8,1.18,E,8,-9900,?,9,-9900,?,9,0.0,E,8,-9900,?,9,-9900,?,9,0.0,0.0,E,8
06/03/2018,22:00,0.0,1326.679,0.0,1,8,0.0,1,8,0.0,1,8,0.0,1,8,0.0,1,8,0.0,1,8,-0.0,1,8,-9900,?,9,-9900,?,9,18.87,E,8,15.1,E,8,78.0,E,8,964.3861999999999,E,8,999.0,E,8,1.18,E,8,-9900,?,9,-9900,?,9,0.0,E,8,-9900,?,9,-9900,?,9,0.0,0.0,E,8
06/03/2018,23:00,0.0,1326.679,0.0,1,8,0.0,1,8,0.0,1,8,0.0,1,8,0.0,1,8,0.0,1,8,-0.0,1,8,-9900,?,9,-9900,?,9,17.93,E,8,14.67,E,8,81.0,E,8,964.3861999999999,E,8,999.0,E,8,1.18,E,8,-9900,?,9,-9900,?,9,0.0,E,8,-9900,?,9,-9900,?,9,0.0,0.0,E,8
06/03/2018,24:00,0.0,1326.679,0.0,1,8,0.0,1,8,0.0,1,8,0.0,1,8,0.0,1,8,0.0,1,8,-0.0,1,8,-9900,?,9,-9900,?,9,16.99,E,8,13.9,E,8,77.0,E,8,964.3861999999999,E,8,999.0,E,8,1.18,E,8,-9900,?,9,-9900,?,9,0.0,E,8,-9900,?,9,-9900,?,9,0.0,0.0,E,8
06/04/2018,01:00,0.0,1326.679,0.0,1,8,0.0,1,8,0.0,1,8,0.0,1,8,0.0,1,8,0.0,1,8,-0.0,1,8,-9900,?,9,-9900,?,9,16.52,E,8,13.68,E,8,78.0,E,8,964.3861999999999,E,8,999.0,E,8,1.18,E,8,-9900,?,9,-9900,?,9,0.0,E,8,-9900,?,9,-9900,?,9,0.0,0.0,E,8
06/04/2018,02:00,0.0,1326.679,0.0,1,8,0.0,1,8,0.0,1,8,0.0,1,8,0.0,1,8,0.0,1,8,-0.0,1,8,-9900,?,9,-9900,?,9,16.05,E,8,13.46,E,8,79.0,E,8,964.3861999999999,E,8,999.0,E,8,1.18,E,8,-9900,?,9,-9900,?,9,0.0,E,8,-9900,?,9,-9900,?,9,0.0,0.0,E,8
06/04/2018,03:00,0.0,1326.679,0.0,1,8,0.0,1,8,0.0,1,8,0.0,1,8,0.0,1,8,0.0,1,8,-0.0,1,8,-9900,?,9,-9900,?,9,15.58,E,8,13.23,E,8,80.0,E,8,964.3861999999999,E,8,999.0,E,8,1.18,E,8,-9900,?,9,-9900,?,9,0.0,E,8,-9900,?,9,-9900,?,9,0.0,0.0,E,8
06/04/2018,04:00,0.0,1326.298,0.0,1,8,0.0,1,8,0.0,1,8,0.0,1,8,0.0,1,8,0.0,1,8,-0.0,1,8,-9900,?,9,-9900,?,9,15.11,E,8,13.0,E,8,82.0,E,8,964.3861999999999,E,8,999.0,E,8,1.18,E,8,-9900,?,9,-9900,?,9,0.0,E,8,-9900,?,9,-9900,?,9,0.0,0.0,E,8
06/04/2018,05:00,0.0,1326.298,0.0,1,8,0.0,1,8,0.0,1,8,0.0,1,8,0.0,1,8,0.0,1,8,-0.0,1,8,-9900,?,9,-9900,?,9,14.64,E,8,12.76,E,8,83.0,E,8,964.3861999999999,E,8,999.0,E,8,1.18,E,8,-9900,?,9,-9900,?,9,0.0,E,8,-9900,?,9,-9900,?,9,0.0,0.0,E,8
06/04/2018,06:00,0.0,1326.298,0.0,1,8,0.0,1,8,0.0,1,8,0.0,1,8,0.0,1,8,0.0,1,8,-0.0,1,8,-9900,?,9,-9900,?,9,14.27,E,8,12.58,E,8,89.0,E,8,964.3861999999999,E,8,999.0,E,8,1.18,E,8,-9900,?,9,-9900,?,9,0.001,E,8,-9900,?,9,-9900,?,9,0.01,99.0,E,8
06/04/2018,07:00,40.5,1326.298,0.0,1,8,0.0,1,8,0.0,1,8,0.0,1,8,0.0,1,8,0.0,1,8,0.0,1,8,-9900,?,9,-9900,?,9,13.96,E,8,12.42,E,8,90.0,E,8,964.3861999999999,E,8,999.0,E,8,1.18,E,8,-9900,?,9,-9900,?,9,0.002,E,8,-9900,?,9,-9900,?,9,0.02,99.0,E,8
06/04/2018,08:00,317.453,1326.298,36.9,1,8,0.0,1,8,36.9,1,8,4428.0,1,8,0.0,1,8,4059.0,1,8,49.304,1,8,-9900,?,9,-9900,?,9,13.65,E,8,12.26,E,8,91.0,E,8,964.3861999999999,E,8,999.0,E,8,1.18,E,8,-9900,?,9,-9900,?,9,0.025,E,8,-9900,?,9,-9900,?,9,0.25,99.0,E,8
06/04/2018,09:00,565.597,1326.298,157.06,1,8,10.709,1,8,152.499,1,8,18847.2,1,8,1017.348,1,8,16774.911,1,8,113.978,1,8,-9900,?,9,-9900,?,9,17.15,E,8,13.98,E,8,81.0,E,8,964.3861999999999,E,8,999.0,E,8,1.18,E,8,-9900,?,9,-9900,?,9,0.034,E,8,-9900,?,9,-9900,?,9,0.34,99.0,E,8
06/04/2018,10:00,763.199,1326.298,268.84,1,8,61.857,1,8,233.266,1,8,32260.8,1,8,5876.421,1,8,25659.293,1,8,129.111,1,8,-9900,?,9,-9900,?,9,19.22,E,8,14.92,E,8,76.0,E,8,964.3861999999999,E,8,999.0,E,8,1.18,E,8,-9900,?,9,-9900,?,9,0.006,E,8,-9900,?,9,-9900,?,9,0.06,99.0,E,8
06/04/2018,11:00,896.47,1326.298,353.47,1,8,66.738,1,8,308.376,1,8,42416.4,1,8,6340.093,1,8,33921.402,1,8,145.274,1,8,-9900,?,9,-9900,?,9,21.02,E,8,15.7,E,8,71.0,E,8,964.3861999999999,E,8,999.0,E,8,1.18,E,8,-9900,?,9,-9900,?,9,0.08,E,8,-9900,?,9,-9900,?,9,0.8,99.0,E,8
06/04/2018,12:00,956.254,1326.298,403.18,1,8,83.332,1,8,343.114,1,8,48381.6,1,8,7916.526,1,8,37742.591,1,8,151.522,1,8,-9900,?,9,-9900,?,9,22.46,E,8,16.29,E,8,78.0,E,8,964.3861999999999,E,8,999.0,E,8,1.18,E,8,-9900,?,9,-9900,?,9,0.93,E,8,-9900,?,9,-9900,?,9,9.3,99.0,E,8
06/04/2018,13:00,938.46,1326.298,414.01,1,8,101.7,1,8,342.07,1,8,49681.2,1,8,9661.492,1,8,37627.745,1,8,153.928,1,8,-9900,?,9,-9900,?,9,23.48,E,8,16.7,E,8,65.0,E,8,964.3861999999999,E,8,999.0,E,8,1.18,E,8,-9900,?,9,-9900,?,9,0.004,E,8,-9900,?,9,-9900,?,9,0.04,99.0,E,8
06/04/2018,14:00,844.308,1326.298,385.14,1,8,96.779,1,8,323.558,1,8,46216.8,1,8,9194.046,1,8,35591.346,1,8,161.856,1,8,-9900,?,9,-9900,?,9,24.06,E,8,16.93,E,8,64.0,E,8,964.3861999999999,E,8,999.0,E,8,1.18,E,8,-9900,?,9,-9900,?,9,0.009,E,8,-9900,?,9,-9900,?,9,0.09,99.0,E,8
06/04/2018,15:00,680.256,1326.298,318.81,1,8,168.344,1,8,232.538,1,8,38257.2,1,8,15992.635,1,8,25579.14,1,8,144.434,1,8,-9900,?,9,-9900,?,9,24.2,E,8,16.99,E,8,64.0,E,8,964.3861999999999,E,8,999.0,E,8,1.18,E,8,-9900,?,9,-9900,?,9,0.003,E,8,-9900,?,9,-9900,?,9,0.03,99.0,E,8
06/04/2018,16:00,457.623,1326.298,220.52,1,8,275.18,1,8,125.776,1,8,26462.4,1,8,26142.101,1,8,13835.387,1,8,116.283,1,8,-9900,?,9,-9900,?,9,23.71,E,8,16.8,E,8,65.0,E,8,964.3861999999999,E,8,999.0,E,8,1.18,E,8,-9900,?,9,-9900,?,9,0.001,E,8,-9900,?,9,-9900,?,9,0.01,99.0,E,8
06/04/2018,17:00,192.419,1326.298,100.95,1,8,349.287,1,8,50.92,1,8,12114.0,1,8,33182.264,1,8,5601.19,1,8,113.159,1,8,-9900,?,9,-9900,?,9,22.59,E,8,16.35,E,8,67.0,E,8,964.3861999999999,E,8,999.0,E,8,1.18,E,8,-9900,?,9,-9900,?,9,0.007000000000000001,E,8,-9900,?,9,-9900,?,9,0.07,99.0,E,8
06/04/2018,18:00,0.0,1326.298,2.42,1,8,0.0,1,8,0.0,1,8,290.4,1,8,0.0,1,8,0.0,1,8,-0.0,1,8,-9900,?,9,-9900,?,9,21.77,E,8,16.01,E,8,64.0,E,8,964.3861999999999,E,8,999.0,E,8,1.18,E,8,-9900,?,9,-9900,?,9,0.0,E,8,-9900,?,9,-9900,?,9,0.0,0.0,E,8
06/04/2018,19:00,0.0,1326.298,0.0,1,8,0.0,1,8,0.0,1,8,0.0,1,8,0.0,1,8,0.0,1,8,-0.0,1,8,-9900,?,9,-9900,?,9,20.96,E,8,15.67,E,8,71.0,E,8,964.3861999999999,E,8,999.0,E,8,1.18,E,8,-9900,?,9,-9900,?,9,0.015,E,8,-9900,?,9,-9900,?,9,0.15,99.0,E,8
06/04/2018,20:00,0.0,1326.298,0.0,1,8,0.0,1,8,0.0,1,8,0.0,1,8,0.0,1,8,0.0,1,8,-0.0,1,8,-9900,?,9,-9900,?,9,20.14,E,8,15.32,E,8,73.0,E,8,964.3861999999999,E,8,999.0,E,8,1.18,E,8,-9900,?,9,-9900,?,9,0.048,E,8,-9900,?,9,-9900,?,9,0.48,99.0,E,8
06/04/2018,21:00,0.0,1326.298,0.0,1,8,0.0,1,8,0.0,1,8,0.0,1,8,0.0,1,8,0.0,1,8,-0.0,1,8,-9900,?,9,-9900,?,9,19.33,E,8,14.97,E,8,75.0,E,8,964.3861999999999,E,8,999.0,E,8,1.18,E,8,-9900,?,9,-9900,?,9,0.012,E,8,-9900,?,9,-9900,?,9,0.12,99.0,E,8
06/04/2018,22:00,0.0,1326.298,0.0,1,8,0.0,1,8,0.0,1,8,0.0,1,8,0.0,1,8,0.0,1,8,-0.0,1,8,-9900,?,9,-9900,?,9,18.51,E,8,14.6,E,8,77.0,E,8,964.3861999999999,E,8,999.0,E,8,1.18,E,8,-9900,?,9,-9900,?,9,0.019,E,8,-9900,?,9,-9900,?,9,0.19,99.0,E,8
06/04/2018,23:00,0.0,1326.298,0.0,1,8,0.0,1,8,0.0,1,8,0.0,1,8,0.0,1,8,0.0,1,8,-0.0,1,8,-9900,?,9,-9900,?,9,17.7,E,8,14.23,E,8,80.0,E,8,964.3861999999999,E,8,999.0,E,8,1.18,E,8,-9900,?,9,-9900,?,9,0.003,E,8,-9900,?,9,-9900,?,9,0.03,99.0,E,8
06/04/2018,24:00,0.0,1326.298,0.0,1,8,0.0,1,8,0.0,1,8,0.0,1,8,0.0,1,8,0.0,1,8,-0.0,1,8,-9900,?,9,-9900,?,9,16.88,E,8,13.25,E,8,79.0,E,8,964.3861999999999,E,8,999.0,E,8,1.18,E,8,-9900,?,9,-9900,?,9,0.0,E,8,-9900,?,9,-9900,?,9,0.0,0.0,E,8
06/05/2018,01:00,0.0,1326.298,0.0,1,8,0.0,1,8,0.0,1,8,0.0,1,8,0.0,1,8,0.0,1,8,-0.0,1,8,-9900,?,9,-9900,?,9,16.48,E,8,13.14,E,8,80.0,E,8,964.3861999999999,E,8,999.0,E,8,1.18,E,8,-9900,?,9,-9900,?,9,0.0,E,8,-9900,?,9,-9900,?,9,0.0,0.0,E,8
06/05/2018,02:00,0.0,1326.298,0.0,1,8,0.0,1,8,0.0,1,8,0.0,1,8,0.0,1,8,0.0,1,8,-0.0,1,8,-9900,?,9,-9900,?,9,16.07,E,8,13.04,E,8,82.0,E,8,964.3861999999999,E,8,999.0,E,8,1.18,E,8,-9900,?,9,-9900,?,9,0.0,E,8,-9900,?,9,-9900,?,9,0.0,0.0,E,8
06/05/2018,03:00,0.0,1326.298,0.0,1,8,0.0,1,8,0.0,1,8,0.0,1,8,0.0,1,8,0.0,1,8,-0.0,1,8,-9900,?,9,-9900,?,9,15.66,E,8,12.93,E,8,83.0,E,8,964.3861999999999,E,8,999.0,E,8,1.18,E,8,-9900,?,9,-9900,?,9,0.0,E,8,-9900,?,9,-9900,?,9,0.0,0.0,E,8
06/05/2018,04:00,0.0,1325.928,0.0,1,8,0.0,1,8,0.0,1,8,0.0,1,8,0.0,1,8,0.0,1,8,-0.0,1,8,-9900,?,9,-9900,?,9,15.25,E,8,12.82,E,8,85.0,E,8,964.3861999999999,E,8,999.0,E,8,1.18,E,8,-9900,?,9,-9900,?,9,0.0,E,8,-9900,?,9,-9900,?,9,0.0,0.0,E,8
06/05/2018,05:00,0.0,1325.928,0.0,1,8,0.0,1,8,0.0,1,8,0.0,1,8,0.0,1,8,0.0,1,8,-0.0,1,8,-9900,?,9,-9900,?,9,14.85,E,8,12.72,E,8,87.0,E,8,964.3861999999999,E,8,999.0,E,8,1.18,E,8,-9900,?,9,-9900,?,9,0.0,E,8,-9900,?,9,-9900,?,9,0.0,0.0,E,8
06/05/2018,06:00,0.0,1325.928,0.0,1,8,0.0,1,8,0.0,1,8,0.0,1,8,0.0,1,8,0.0,1,8,-0.0,1,8,-9900,?,9,-9900,?,9,14.53,E,8,12.63,E,8,88.0,E,8,964.3861999999999,E,8,999.0,E,8,1.18,E,8,-9900,?,9,-9900,?,9,0.0,E,8,-9900,?,9,-9900,?,9,0.0,0.0,E,8
06/05/2018,07:00,38.743,1325.928,0.0,1,8,0.0,1,8,0.0,1,8,0.0,1,8,0.0,1,8,0.0,1,8,0.0,1,8,-9900,?,9,-9900,?,9,14.26,E,8,12.56,E,8,89.0,E,8,964.3861999999999,E,8,999.0,E,8,1.18,E,8,-9900,?,9,-9900,?,9,0.0,E,8,-9900,?,9,-9900,?,9,0.0,0.0,E,8
06/05/2018,08:00,315.31,1325.928,39.84,1,8,0.0,1,8,39.84,1,8,4780.8,1,8,0.0,1,8,4382.4,1,8,53.582,1,8,-9900,?,9,-9900,?,9,13.99,E,8,12.49,E,8,90.0,E,8,964.3861999999999,E,8,999.0,E,8,1.18,E,8,-9900,?,9,-9900,?,9,0.0,E,8,-9900,?,9,-9900,?,9,0.0,0.0,E,8
06/05/2018,09:00,563.301,1325.928,172.15,1,8,20.603,1,8,163.409,1,8,20658.0,1,8,1957.283,1,8,17974.959,1,8,122.597,1,8,-9900,?,9,-9900,?,9,17.36,E,8,13.37,E,8,77.0,E,8,964.3861999999999,E,8,999.0,E,8,1.18,E,8,-9900,?,9,-9900,?,9,0.0,E,8,-9900,?,9,-9900,?,9,0.0,0.0,E,8
06/05/2018,10:00,760.856,1325.928,295.5,1,8,69.664,1,8,255.549,1,8,35460.0,1,8,6618.041,1,8,28110.376,1,8,141.841,1,8,-9900,?,9,-9900,?,9,19.36,E,8,13.88,E,8,70.0,E,8,964.3861999999999,E,8,999.0,E,8,1.18,E,8,-9900,?,9,-9900,?,9,0.0,E,8,-9900,?,9,-9900,?,9,0.0,0.0,E,8
06/05/2018,11:00,894.184,1325.928,388.96,1,8,99.939,1,8,321.587,1,8,46675.2,1,8,9494.159,1,8,35374.547,1,8,151.843,1,8,-9900,?,9,-9900,?,9,21.11,E,8,14.31,E,8,65.0,E,8,964.3861999999999,E,8,999.0,E,8,1.18,E,8,-9900,?,9,-9900,?,9,0.0,E,8,-9900,?,9,-9900,?,9,0.0,0.0,E,8
06/05/2018,12:00,954.127,1325.928,443.93,1,8,124.087,1,8,354.663,1,8,53271.6,1,8,11788.247,1,8,39012.877,1,8,156.927,1,8,-9900,?,9,-9900,?,9,22.5,E,8,14.64,E,8,61.0,E,8,964.3861999999999,E,8,999.0,E,8,1.18,E,8,-9900,?,9,-9900,?,9,0.0,E,8,-9900,?,9,-9900,?,9,0.0,0.0,E,8
06/05/2018,13:00,936.582,1325.928,456.0,1,8,150.698,1,8,349.584,1,8,54720.0,1,8,14316.355,1,8,38454.248,1,8,157.581,1,8,-9900,?,9,-9900,?,9,23.5,E,8,14.88,E,8,58.0,E,8,964.3861999999999,E,8,999.0,E,8,1.18,E,8,-9900,?,9,-9900,?,9,0.0,E,8,-9900,?,9,-9900,?,9,0.0,0.0,E,8
06/05/2018,14:00,842.752,1325.928,424.28,1,8,186.158,1,8,306.01,1,8,50913.6,1,8,17685.037,1,8,33661.113,1,8,153.318,1,8,-9900,?,9,-9900,?,9,24.06,E,8,15.01,E,8,56.0,E,8,964.3861999999999,E,8,999.0,E,8,1.18,E,8,-9900,?,9,-9900,?,9,0.0,E,8,-9900,?,9,-9900,?,9,0.0,0.0,E,8
06/05/2018,15:00,679.072,1325.928,351.22,1,8,282.218,1,8,206.801,1,8,42146.4,1,8,26810.753,1,8,22748.132,1,8,128.637,1,8,-9900,?,9,-9900,?,9,24.2,E,8,15.04,E,8,56.0,E,8,964.3861999999999,E,8,999.0,E,8,1.18,E,8,-9900,?,9,-9900,?,9,0.0,E,8,-9900,?,9,-9900,?,9,0.0,0.0,E,8
06/05/2018,16:00,456.836,1325.928,242.89,1,8,307.142,1,8,137.295,1,8,29146.8,1,8,29178.48,1,8,15102.447,1,8,127.116,1,8,-9900,?,9,-9900,?,9,23.73,E,8,14.93,E,8,57.0,E,8,964.3861999999999,E,8,999.0,E,8,1.18,E,8,-9900,?,9,-9900,?,9,0.0,E,8,-9900,?,9,-9900,?,9,0.0,0.0,E,8
06/05/2018,17:00,192.029,1325.928,111.09,1,8,373.398,1,8,57.702,1,8,13330.8,1,8,35472.808,1,8,6347.253,1,8,128.462,1,8,-9900,?,9,-9900,?,9,22.64,E,8,14.67,E,8,60.0,E,8,964.3861999999999,E,8,999.0,E,8,1.18,E,8,-9900,?,9,-9900,?,9,0.0,E,8,-9900,?,9,-9900,?,9,0.0,0.0,E,8
06/05/2018,18:00,0.0,1325.928,2.65,1,8,0.0,1,8,0.0,1,8,318.0,1,8,0.0,1,8,0.0,1,8,-0.0,1,8,-9900,?,9,-9900,?,9,21.87,E,8,14.49,E,8,62.0,E,8,964.3861999999999,E,8,999.0,E,8,1.18,E,8,-9900,?,9,-9900,?,9,0.0,E,8,-9900,?,9,-9900,?,9,0.0,0.0,E,8
06/05/2018,19:00,0.0,1325.928,0.0,1,8,0.0,1,8,0.0,1,8,0.0,1,8,0.0,1,8,0.0,1,8,-0.0,1,8,-9900,?,9,-9900,?,9,21.11,E,8,14.31,E,8,65.0,E,8,964.3861999999999,E,8,999.0,E,8,1.18,E,8,-9900,?,9,-9900,?,9,0.0,E,8,-9900,?,9,-9900,?,9,0.0,0.0,E,8
06/05/2018,20:00,0.0,1325.928,0.0,1,8,0.0,1,8,0.0,1,8,0.0,1,8,0.0,1,8,0.0,1,8,-0.0,1,8,-9900,?,9,-9900,?,9,20.34,E,8,14.12,E,8,67.0,E,8,964.3861999999999,E,8,999.0,E,8,1.18,E,8,-9900,?,9,-9900,?,9,0.0,E,8,-9900,?,9,-9900,?,9,0.0,0.0,E,8
06/05/2018,21:00,0.0,1325.928,0.0,1,8,0.0,1,8,0.0,1,8,0.0,1,8,0.0,1,8,0.0,1,8,-0.0,1,8,-9900,?,9,-9900,?,9,19.57,E,8,13.93,E,8,69.0,E,8,964.3861999999999,E,8,999.0,E,8,1.18,E,8,-9900,?,9,-9900,?,9,0.0,E,8,-9900,?,9,-9900,?,9,0.0,0.0,E,8
06/05/2018,22:00,0.0,1325.928,0.0,1,8,0.0,1,8,0.0,1,8,0.0,1,8,0.0,1,8,0.0,1,8,-0.0,1,8,-9900,?,9,-9900,?,9,18.81,E,8,13.74,E,8,77.0,E,8,964.3861999999999,E,8,999.0,E,8,1.18,E,8,-9900,?,9,-9900,?,9,0.002,E,8,-9900,?,9,-9900,?,9,0.02,99.0,E,8
06/05/2018,23:00,0.0,1325.928,0.0,1,8,0.0,1,8,0.0,1,8,0.0,1,8,0.0,1,8,0.0,1,8,-0.0,1,8,-9900,?,9,-9900,?,9,18.04,E,8,13.54,E,8,79.0,E,8,964.3861999999999,E,8,999.0,E,8,1.18,E,8,-9900,?,9,-9900,?,9,0.098,E,8,-9900,?,9,-9900,?,9,0.98,99.0,E,8
06/05/2018,24:00,0.0,1325.928,0.0,1,8,0.0,1,8,0.0,1,8,0.0,1,8,0.0,1,8,0.0,1,8,-0.0,1,8,-9900,?,9,-9900,?,9,17.27,E,8,13.78,E,8,79.0,E,8,964.3861999999999,E,8,999.0,E,8,1.18,E,8,-9900,?,9,-9900,?,9,0.0,E,8,-9900,?,9,-9900,?,9,0.0,0.0,E,8
06/06/2018,01:00,0.0,1325.928,0.0,1,8,0.0,1,8,0.0,1,8,0.0,1,8,0.0,1,8,0.0,1,8,-0.0,1,8,-9900,?,9,-9900,?,9,16.89,E,8,13.66,E,8,81.0,E,8,964.3861999999999,E,8,999.0,E,8,1.18,E,8,-9900,?,9,-9900,?,9,0.0,E,8,-9900,?,9,-9900,?,9,0.0,0.0,E,8
06/06/2018,02:00,0.0,1325.928,0.0,1,8,0.0,1,8,0.0,1,8,0.0,1,8,0.0,1,8,0.0,1,8,-0.0,1,8,-9900,?,9,-9900,?,9,16.5,E,8,13.54,E,8,82.0,E,8,964.3861999999999,E,8,999.0,E,8,1.18,E,8,-9900,?,9,-9900,?,9,0.0,E,8,-9900,?,9,-9900,?,9,0.0,0.0,E,8
06/06/2018,03:00,0.0,1325.928,0.0,1,8,0.0,1,8,0.0,1,8,0.0,1,8,0.0,1,8,0.0,1,8,-0.0,1,8,-9900,?,9,-9900,?,9,16.12,E,8,13.43,E,8,84.0,E,8,964.3861999999999,E,8,999.0,E,8,1.18,E,8,-9900,?,9,-9900,?,9,0.0,E,8,-9900,?,9,-9900,?,9,0.0,0.0,E,8
06/06/2018,04:00,0.0,1325.569,0.0,1,8,0.0,1,8,0.0,1,8,0.0,1,8,0.0,1,8,0.0,1,8,-0.0,1,8,-9900,?,9,-9900,?,9,15.74,E,8,13.31,E,8,85.0,E,8,964.3861999999999,E,8,999.0,E,8,1.18,E,8,-9900,?,9,-9900,?,9,0.0,E,8,-9900,?,9,-9900,?,9,0.0,0.0,E,8
06/06/2018,05:00,0.0,1325.569,0.0,1,8,0.0,1,8,0.0,1,8,0.0,1,8,0.0,1,8,0.0,1,8,-0.0,1,8,-9900,?,9,-9900,?,9,15.35,E,8,13.19,E,8,86.0,E,8,964.3861999999999,E,8,999.0,E,8,1.18,E,8,-9900,?,9,-9900,?,9,0.0,E,8,-9900,?,9,-9900,?,9,0.0,0.0,E,8
06/06/2018,06:00,0.0,1325.569,0.0,1,8,0.0,1,8,0.0,1,8,0.0,1,8,0.0,1,8,0.0,1,8,-0.0,1,8,-9900,?,9,-9900,?,9,15.06,E,8,13.1,E,8,88.0,E,8,964.3861999999999,E,8,999.0,E,8,1.18,E,8,-9900,?,9,-9900,?,9,0.0,E,8,-9900,?,9,-9900,?,9,0.0,0.0,E,8
06/06/2018,07:00,37.024,1325.569,0.0,1,8,0.0,1,8,0.0,1,8,0.0,1,8,0.0,1,8,0.0,1,8,0.0,1,8,-9900,?,9,-9900,?,9,14.8,E,8,13.01,E,8,89.0,E,8,964.3861999999999,E,8,999.0,E,8,1.18,E,8,-9900,?,9,-9900,?,9,0.0,E,8,-9900,?,9,-9900,?,9,0.0,0.0,E,8
06/06/2018,08:00,313.221,1325.569,37.01,1,8,0.0,1,8,37.01,1,8,4441.2,1,8,0.0,1,8,4071.1,1,8,50.098,1,8,-9900,?,9,-9900,?,9,14.55,E,8,12.94,E,8,90.0,E,8,964.3861999999999,E,8,999.0,E,8,1.18,E,8,-9900,?,9,-9900,?,9,0.0,E,8,-9900,?,9,-9900,?,9,0.0,0.0,E,8
06/06/2018,09:00,561.074,1325.569,162.36,1,8,14.534,1,8,156.216,1,8,19483.2,1,8,1380.764,1,8,17183.788,1,8,117.636,1,8,-9900,?,9,-9900,?,9,17.54,E,8,13.86,E,8,78.0,E,8,964.3861999999999,E,8,999.0,E,8,1.18,E,8,-9900,?,9,-9900,?,9,0.0,E,8,-9900,?,9,-9900,?,9,0.0,0.0,E,8
06/06/2018,10:00,758.597,1325.569,279.48,1,8,31.475,1,8,261.478,1,8,33537.6,1,8,2990.126,1,8,28762.614,1,8,145.525,1,8,-9900,?,9,-9900,?,9,19.33,E,8,14.39,E,8,73.0,E,8,964.3861999999999,E,8,999.0,E,8,1.18,E,8,-9900,?,9,-9900,?,9,0.0,E,8,-9900,?,9,-9900,?,9,0.0,0.0,E,8
06/06/2018,11:00,891.997,1325.569,368.29,1,8,80.935,1,8,313.847,1,8,44194.8,1,8,7688.803,1,8,34523.169,1,8,148.512,1,8,-9900,?,9,-9900,?,9,20.9,E,8,14.84,E,8,68.0,E,8,964.3861999999999,E,8,999.0,E,8,1.18,E,8,-9900,?,9,-9900,?,9,0.0,E,8,-9900,?,9,-9900,?,9,0.0,0.0,E,8
06/06/2018,12:00,952.109,1325.569,420.58,1,8,100.912,1,8,348.119,1,8,50469.6,1,8,9586.605,1,8,38293.063,1,8,154.317,1,8,-9900,?,9,-9900,?,9,22.15,E,8,15.19,E,8,64.0,E,8,964.3861999999999,E,8,999.0,E,8,1.18,E,8,-9900,?,9,-9900,?,9,0.0,E,8,-9900,?,9,-9900,?,9,0.0,0.0,E,8
06/06/2018,13:00,934.819,1325.569,432.17,1,8,122.957,1,8,345.484,1,8,51860.4,1,8,11680.927,1,8,38003.225,1,8,155.985,1,8,-9900,?,9,-9900,?,9,23.04,E,8,15.43,E,8,62.0,E,8,964.3861999999999,E,8,999.0,E,8,1.18,E,8,-9900,?,9,-9900,?,9,0.0,E,8,-9900,?,9,-9900,?,9,0.0,0.0,E,8
06/06/2018,14:00,841.312,1325.569,402.19,1,8,152.642,1,8,305.353,1,8,48262.8,1,8,14501.018,1,8,33588.854,1,8,153.21,1,8,-9900,?,9,-9900,?,9,23.55,E,8,15.57,E,8,60.0,E,8,964.3861999999999,E,8,999.0,E,8,1.18,E,8,-9900,?,9,-9900,?,9,0.0,E,8,-9900,?,9,-9900,?,9,0.0,0.0,E,8
06/06/2018,15:00,678.001,1325.569,332.95,1,8,194.08,1,8,233.764,1,8,39954.0,1,8,18437.604,1,8,25714.055,1,8,145.599,1,8,-9900,?,9,-9900,?,9,23.67,E,8,15.6,E,8,60.0,E,8,964.3861999999999,E,8,999.0,E,8,1.18,E,8,-9900,?,9,-9900,?,9,0.0,E,8,-9900,?,9,-9900,?,9,0.0,0.0,E,8
06/06/2018,16:00,456.155,1325.569,230.22,1,8,293.874,1,8,129.311,1,8,27626.4,1,8,27917.987,1,8,14224.164,1,8,119.871,1,8,-9900,?,9,-9900,?,9,23.25,E,8,15.49,E,8,61.0,E,8,964.3861999999999,E,8,999.0,E,8,1.18,E,8,-9900,?,9,-9900,?,9,0.0,E,8,-9900,?,9,-9900,?,9,0.0,0.0,E,8
06/06/2018,17:00,191.733,1325.569,105.23,1,8,331.461,1,8,57.9,1,8,12627.6,1,8,31488.772,1,8,6369.027,1,8,129.071,1,8,-9900,?,9,-9900,?,9,22.28,E,8,15.22,E,8,64.0,E,8,964.3861999999999,E,8,999.0,E,8,1.18,E,8,-9900,?,9,-9900,?,9,0.0,E,8,-9900,?,9,-9900,?,9,0.0,0.0,E,8
06/06/2018,18:00,0.0,1325.569,2.48,1,8,0.0,1,8,0.0,1,8,297.6,1,8,0.0,1,8,0.0,1,8,-0.0,1,8,-9900,?,9,-9900,?,9,21.56,E,8,15.02,E,8,66.0,E,8,964.3861999999999,E,8,999.0,E,8,1.18,E,8,-9900,?,9,-9900,?,9,0.0,E,8,-9900,?,9,-9900,?,9,0.0,0.0,E,8
06/06/2018,19:00,0.0,1325.569,0.0,1,8,0.0,1,8,0.0,1,8,0.0,1,8,0.0,1,8,0.0,1,8,-0.0,1,8,-9900,?,9,-9900,?,9,20.85,E,8,14.82,E,8,68.0,E,8,964.3861999999999,E,8,999.0,E,8,1.18,E,8,-9900,?,9,-9900,?,9,0.0,E,8,-9900,?,9,-9900,?,9,0.0,0.0,E,8
06/06/2018,20:00,0.0,1325.569,0.0,1,8,0.0,1,8,0.0,1,8,0.0,1,8,0.0,1,8,0.0,1,8,-0.0,1,8,-9900,?,9,-9900,?,9,20.13,E,8,14.62,E,8,70.0,E,8,964.3861999999999,E,8,999.0,E,8,1.18,E,8,-9900,?,9,-9900,?,9,0.0,E,8,-9900,?,9,-9900,?,9,0.0,0.0,E,8
06/06/2018,21:00,0.0,1325.569,0.0,1,8,0.0,1,8,0.0,1,8,0.0,1,8,0.0,1,8,0.0,1,8,-0.0,1,8,-9900,?,9,-9900,?,9,19.41,E,8,14.41,E,8,72.0,E,8,964.3861999999999,E,8,999.0,E,8,1.18,E,8,-9900,?,9,-9900,?,9,0.0,E,8,-9900,?,9,-9900,?,9,0.0,0.0,E,8
06/06/2018,22:00,0.0,1325.569,0.0,1,8,0.0,1,8,0.0,1,8,0.0,1,8,0.0,1,8,0.0,1,8,-0.0,1,8,-9900,?,9,-9900,?,9,18.7,E,8,14.2,E,8,75.0,E,8,964.3861999999999,E,8,999.0,E,8,1.18,E,8,-9900,?,9,-9900,?,9,0.0,E,8,-9900,?,9,-9900,?,9,0.0,0.0,E,8
06/06/2018,23:00,0.0,1325.569,0.0,1,8,0.0,1,8,0.0,1,8,0.0,1,8,0.0,1,8,0.0,1,8,-0.0,1,8,-9900,?,9,-9900,?,9,17.98,E,8,13.99,E,8,77.0,E,8,964.3861999999999,E,8,999.0,E,8,1.18,E,8,-9900,?,9,-9900,?,9,0.0,E,8,-9900,?,9,-9900,?,9,0.0,0.0,E,8
06/06/2018,24:00,0.0,1325.569,0.0,1,8,0.0,1,8,0.0,1,8,0.0,1,8,0.0,1,8,0.0,1,8,-0.0,1,8,-9900,?,9,-9900,?,9,17.26,E,8,13.37,E,8,77.0,E,8,964.3861999999999,E,8,999.0,E,8,0.98,E,8,-9900,?,9,-9900,?,9,0.0,E,8,-9900,?,9,-9900,?,9,0.0,0.0,E,8
06/07/2018,01:00,0.0,1325.569,0.0,1,8,0.0,1,8,0.0,1,8,0.0,1,8,0.0,1,8,0.0,1,8,-0.0,1,8,-9900,?,9,-9900,?,9,16.9,E,8,13.23,E,8,78.0,E,8,964.3861999999999,E,8,999.0,E,8,0.98,E,8,-9900,?,9,-9900,?,9,0.0,E,8,-9900,?,9,-9900,?,9,0.0,0.0,E,8
06/07/2018,02:00,0.0,1325.569,0.0,1,8,0.0,1,8,0.0,1,8,0.0,1,8,0.0,1,8,0.0,1,8,-0.0,1,8,-9900,?,9,-9900,?,9,16.55,E,8,13.1,E,8,80.0,E,8,964.3861999999999,E,8,999.0,E,8,0.98,E,8,-9900,?,9,-9900,?,9,0.0,E,8,-9900,?,9,-9900,?,9,0.0,0.0,E,8
06/07/2018,03:00,0.0,1325.569,0.0,1,8,0.0,1,8,0.0,1,8,0.0,1,8,0.0,1,8,0.0,1,8,-0.0,1,8,-9900,?,9,-9900,?,9,16.19,E,8,12.97,E,8,81.0,E,8,964.3861999999999,E,8,999.0,E,8,0.98,E,8,-9900,?,9,-9900,?,9,0.0,E,8,-9900,?,9,-9900,?,9,0.0,0.0,E,8
06/07/2018,04:00,0.0,1325.223,0.0,1,8,0.0,1,8,0.0,1,8,0.0,1,8,0.0,1,8,0.0,1,8,-0.0,1,8,-9900,?,9,-9900,?,9,15.83,E,8,12.83,E,8,82.0,E,8,964.3861999999999,E,8,999.0,E,8,0.98,E,8,-9900,?,9,-9900,?,9,0.0,E,8,-9900,?,9,-9900,?,9,0.0,0.0,E,8
06/07/2018,05:00,0.0,1325.223,0.0,1,8,0.0,1,8,0.0,1,8,0.0,1,8,0.0,1,8,0.0,1,8,-0.0,1,8,-9900,?,9,-9900,?,9,15.47,E,8,12.7,E,8,83.0,E,8,964.3861999999999,E,8,999.0,E,8,0.98,E,8,-9900,?,9,-9900,?,9,0.0,E,8,-9900,?,9,-9900,?,9,0.0,0.0,E,8
06/07/2018,06:00,0.0,1325.223,0.0,1,8,0.0,1,8,0.0,1,8,0.0,1,8,0.0,1,8,0.0,1,8,-0.0,1,8,-9900,?,9,-9900,?,9,15.19,E,8,12.59,E,8,84.0,E,8,964.3861999999999,E,8,999.0,E,8,0.98,E,8,-9900,?,9,-9900,?,9,0.0,E,8,-9900,?,9,-9900,?,9,0.0,0.0,E,8
06/07/2018,07:00,35.344,1325.223,0.0,1,8,0.0,1,8,0.0,1,8,0.0,1,8,0.0,1,8,0.0,1,8,0.0,1,8,-9900,?,9,-9900,?,9,14.96,E,8,12.5,E,8,85.0,E,8,964.3861999999999,E,8,999.0,E,8,0.98,E,8,-9900,?,9,-9900,?,9,0.0,E,8,-9900,?,9,-9900,?,9,0.0,0.0,E,8
06/07/2018,08:00,311.185,1325.223,46.46,1,8,0.0,1,8,46.46,1,8,5575.2,1,8,0.0,1,8,5110.6,1,8,63.289,1,8,-9900,?,9,-9900,?,9,14.72,E,8,12.41,E,8,86.0,E,8,964.3861999999999,E,8,999.0,E,8,0.98,E,8,-9900,?,9,-9900,?,9,0.0,E,8,-9900,?,9,-9900,?,9,0.0,0.0,E,8
06/07/2018,09:00,558.919,1325.223,251.91,1,8,166.579,1,8,181.749,1,8,30229.2,1,8,15824.982,1,8,19992.423,1,8,137.356,1,8,-9900,?,9,-9900,?,9,18.44,E,8,13.79,E,8,74.0,E,8,964.3861999999999,E,8,999.0,E,8,0.98,E,8,-9900,?,9,-9900,?,9,0.0,E,8,-9900,?,9,-9900,?,9,0.0,0.0,E,8
06/07/2018,10:00,756.426,1325.223,395.21,1,8,226.178,1,8,266.188,1,8,47425.2,1,8,21486.868,1,8,29280.688,1,8,148.534,1,8,-9900,?,9,-9900,?,9,20.48,E,8,14.51,E,8,68.0,E,8,964.3861999999999,E,8,999.0,E,8,0.98,E,8,-9900,?,9,-9900,?,9,0.0,E,8,-9900,?,9,-9900,?,9,0.0,0.0,E,8
06/07/2018,11:00,889.91,1325.223,520.6,1,8,361.457,1,8,277.962,1,8,62472.0,1,8,34338.419,1,8,30575.827,1,8,131.806,1,8,-9900,?,9,-9900,?,9,22.28,E,8,15.11,E,8,63.0,E,8,964.3861999999999,E,8,999.0,E,8,0.98,E,8,-9900,?,9,-9900,?,9,0.0,E,8,-9900,?,9,-9900,?,9,0.0,0.0,E,8
06/07/2018,12:00,950.201,1325.223,552.82,1,8,338.992,1,8,309.826,1,8,66338.4,1,8,32204.221,1,8,34080.89,1,8,137.582,1,8,-9900,?,9,-9900,?,9,23.52,E,8,15.51,E,8,60.0,E,8,964.3861999999999,E,8,999.0,E,8,0.98,E,8,-9900,?,9,-9900,?,9,0.0,E,8,-9900,?,9,-9900,?,9,0.0,0.0,E,8
06/07/2018,13:00,933.17,1325.223,594.38,1,8,496.722,1,8,244.712,1,8,71325.6,1,8,47188.557,1,8,26918.356,1,8,110.653,1,8,-9900,?,9,-9900,?,9,24.52,E,8,15.83,E,8,58.0,E,8,964.3861999999999,E,8,999.0,E,8,0.98,E,8,-9900,?,9,-9900,?,9,0.0,E,8,-9900,?,9,-9900,?,9,0.0,0.0,E,8
06/07/2018,14:00,839.988,1325.223,532.31,1,8,493.152,1,8,219.864,1,8,63877.2,1,8,46849.4,1,8,24185.062,1,8,110.461,1,8,-9900,?,9,-9900,?,9,25.01,E,8,15.99,E,8,57.0,E,8,964.3861999999999,E,8,999.0,E,8,0.98,E,8,-9900,?,9,-9900,?,9,0.0,E,8,-9900,?,9,-9900,?,9,0.0,0.0,E,8
06/07/2018,15:00,677.043,1325.223,461.01,1,8,701.96,1,8,102.683,1,8,55321.2,1,8,66686.181,1,8,11295.14,1,8,64.03,1,8,-9900,?,9,-9900,?,9,25.16,E,8,16.03,E,8,56.0,E,8,964.3861999999999,E,8,999.0,E,8,0.98,E,8,-9900,?,9,-9900,?,9,0.0,E,8,-9900,?,9,-9900,?,9,0.0,0.0,E,8
06/07/2018,16:00,455.579,1325.223,301.61,1,8,607.947,1,8,93.065,1,8,36193.2,1,8,57754.938,1,8,10237.163,1,8,86.358,1,8,-9900,?,9,-9900,?,9,24.61,E,8,15.86,E,8,58.0,E,8,964.3861999999999,E,8,999.0,E,8,1.18,E,8,-9900,?,9,-9900,?,9,0.0,E,8,-9900,?,9,-9900,?,9,0.0,0.0,E,8
06/07/2018,17:00,191.529,1325.223,116.41,1,8,431.741,1,8,54.812,1,8,13969.2,1,8,41015.434,1,8,6029.269,1,8,122.286,1,8,-9900,?,9,-9900,?,9,23.38,E,8,15.47,E,8,61.0,E,8,964.3861999999999,E,8,999.0,E,8,1.67,E,8,-9900,?,9,-9900,?,9,0.0,E,8,-9900,?,9,-9900,?,9,0.0,0.0,E,8
06/07/2018,18:00,0.0,1325.223,3.52,1,8,0.0,1,8,0.0,1,8,422.4,1,8,0.0,1,8,0.0,1,8,-0.0,1,8,-9900,?,9,-9900,?,9,22.54,E,8,15.2,E,8,63.0,E,8,964.3861999999999,E,8,999.0,E,8,2.52,E,8,-9900,?,9,-9900,?,9,0.0,E,8,-9900,?,9,-9900,?,9,0.0,0.0,E,8
06/07/2018,19:00,0.0,1325.223,0.0,1,8,0.0,1,8,0.0,1,8,0.0,1,8,0.0,1,8,0.0,1,8,-0.0,1,8,-9900,?,9,-9900,?,9,21.7,E,8,14.92,E,8,65.0,E,8,964.3861999999999,E,8,999.0,E,8,1.81,E,8,-9900,?,9,-9900,?,9,0.0,E,8,-9900,?,9,-9900,?,9,0.0,0.0,E,8
06/07/2018,20:00,0.0,1325.223,0.0,1,8,0.0,1,8,0.0,1,8,0.0,1,8,0.0,1,8,0.0,1,8,-0.0,1,8,-9900,?,9,-9900,?,9,20.86,E,8,14.63,E,8,67.0,E,8,964.3861999999999,E,8,999.0,E,8,1.33,E,8,-9900,?,9,-9900,?,9,0.0,E,8,-9900,?,9,-9900,?,9,0.0,0.0,E,8
06/07/2018,21:00,0.0,1325.223,0.0,1,8,0.0,1,8,0.0,1,8,0.0,1,8,0.0,1,8,0.0,1,8,-0.0,1,8,-9900,?,9,-9900,?,9,20.03,E,8,14.35,E,8,69.0,E,8,964.3861999999999,E,8,999.0,E,8,1.65,E,8,-9900,?,9,-9900,?,9,0.0,E,8,-9900,?,9,-9900,?,9,0.0,0.0,E,8
06/07/2018,22:00,0.0,1325.223,0.0,1,8,0.0,1,8,0.0,1,8,0.0,1,8,0.0,1,8,0.0,1,8,-0.0,1,8,-9900,?,9,-9900,?,9,19.19,E,8,14.06,E,8,72.0,E,8,964.3861999999999,E,8,999.0,E,8,1.44,E,8,-9900,?,9,-9900,?,9,0.0,E,8,-9900,?,9,-9900,?,9,0.0,0.0,E,8
06/07/2018,23:00,0.0,1325.223,0.0,1,8,0.0,1,8,0.0,1,8,0.0,1,8,0.0,1,8,0.0,1,8,-0.0,1,8,-9900,?,9,-9900,?,9,18.35,E,8,13.76,E,8,74.0,E,8,964.3861999999999,E,8,999.0,E,8,0.98,E,8,-9900,?,9,-9900,?,9,0.0,E,8,-9900,?,9,-9900,?,9,0.0,0.0,E,8
06/07/2018,24:00,0.0,1325.223,0.0,1,8,0.0,1,8,0.0,1,8,0.0,1,8,0.0,1,8,0.0,1,8,-0.0,1,8,-9900,?,9,-9900,?,9,17.51,E,8,14.23,E,8,81.0,E,8,964.3861999999999,E,8,999.0,E,8,1.35,E,8,-9900,?,9,-9900,?,9,0.0,E,8,-9900,?,9,-9900,?,9,0.0,0.0,E,8
06/08/2018,01:00,0.0,1325.223,0.0,1,8,0.0,1,8,0.0,1,8,0.0,1,8,0.0,1,8,0.0,1,8,-0.0,1,8,-9900,?,9,-9900,?,9,17.09,E,8,14.15,E,8,82.0,E,8,964.3861999999999,E,8,999.0,E,8,1.87,E,8,-9900,?,9,-9900,?,9,0.0,E,8,-9900,?,9,-9900,?,9,0.0,0.0,E,8
06/08/2018,02:00,0.0,1325.223,0.0,1,8,0.0,1,8,0.0,1,8,0.0,1,8,0.0,1,8,0.0,1,8,-0.0,1,8,-9900,?,9,-9900,?,9,16.67,E,8,14.06,E,8,89.0,E,8,964.3861999999999,E,8,999.0,E,8,1.04,E,8,-9900,?,9,-9900,?,9,0.002,E,8,-9900,?,9,-9900,?,9,0.02,99.0,E,8
06/08/2018,03:00,0.0,1325.223,0.0,1,8,0.0,1,8,0.0,1,8,0.0,1,8,0.0,1,8,0.0,1,8,-0.0,1,8,-9900,?,9,-9900,?,9,16.25,E,8,13.97,E,8,91.0,E,8,964.3861999999999,E,8,999.0,E,8,1.36,E,8,-9900,?,9,-9900,?,9,0.098,E,8,-9900,?,9,-9900,?,9,0.98,99.0,E,8
06/08/2018,04:00,0.0,1324.888,0.0,1,8,0.0,1,8,0.0,1,8,0.0,1,8,0.0,1,8,0.0,1,8,-0.0,1,8,-9900,?,9,-9900,?,9,15.83,E,8,13.89,E,8,88.0,E,8,964.3861999999999,E,8,999.0,E,8,0.98,E,8,-9900,?,9,-9900,?,9,0.0,E,8,-9900,?,9,-9900,?,9,0.0,0.0,E,8
06/08/2018,05:00,0.0,1324.888,0.0,1,8,0.0,1,8,0.0,1,8,0.0,1,8,0.0,1,8,0.0,1,8,-0.0,1,8,-9900,?,9,-9900,?,9,15.41,E,8,13.8,E,8,90.0,E,8,964.3861999999999,E,8,999.0,E,8,1.41,E,8,-9900,?,9,-9900,?,9,0.0,E,8,-9900,?,9,-9900,?,9,0.0,0.0,E,8
06/08/2018,06:00,0.0,1324.888,0.0,1,8,0.0,1,8,0.0,1,8,0.0,1,8,0.0,1,8,0.0,1,8,-0.0,1,8,-9900,?,9,-9900,?,9,15.09,E,8,13.73,E,8,91.0,E,8,964.3861999999999,E,8,999.0,E,8,1.38,E,8,-9900,?,9,-9900,?,9,0.0,E,8,-9900,?,9,-9900,?,9,0.0,0.0,E,8
06/08/2018,07:00,33.705,1324.888,0.0,1,8,0.0,1,8,0.0,1,8,0.0,1,8,0.0,1,8,0.0,1,8,0.0,1,8,-9900,?,9,-9900,?,9,14.81,E,8,13.68,E,8,92.0,E,8,964.3861999999999,E,8,999.0,E,8,1.1,E,8,-9900,?,9,-9900,?,9,0.0,E,8,-9900,?,9,-9900,?,9,0.0,0.0,E,8
06/08/2018,08:00,309.205,1324.888,22.37,1,8,0.0,1,8,22.37,1,8,2684.4,1,8,0.0,1,8,2460.7,1,8,30.662,1,8,-9900,?,9,-9900,?,9,14.54,E,8,13.62,E,8,94.0,E,8,964.3861999999999,E,8,999.0,E,8,0.95,E,8,-9900,?,9,-9900,?,9,0.0,E,8,-9900,?,9,-9900,?,9,0.0,0.0,E,8
06/08/2018,09:00,556.836,1324.888,101.13,1,8,0.0,1,8,101.13,1,8,12135.6,1,8,0.0,1,8,11124.3,1,8,76.696,1,8,-9900,?,9,-9900,?,9,17.55,E,8,14.24,E,8,80.0,E,8,964.3861999999999,E,8,999.0,E,8,1.06,E,8,-9900,?,9,-9900,?,9,0.0,E,8,-9900,?,9,-9900,?,9,0.0,0.0,E,8
06/08/2018,10:00,754.343,1324.888,175.06,1,8,2.692,1,8,173.528,1,8,21007.2,1,8,255.775,1,8,19088.08,1,8,97.072,1,8,-9900,?,9,-9900,?,9,19.39,E,8,14.61,E,8,73.0,E,8,964.3861999999999,E,8,999.0,E,8,1.26,E,8,-9900,?,9,-9900,?,9,0.0,E,8,-9900,?,9,-9900,?,9,0.0,0.0,E,8
06/08/2018,11:00,887.924,1324.888,231.21,1,8,5.697,1,8,227.393,1,8,27745.2,1,8,541.211,1,8,25013.267,1,8,108.041,1,8,-9900,?,9,-9900,?,9,20.99,E,8,14.92,E,8,68.0,E,8,964.3861999999999,E,8,999.0,E,8,1.33,E,8,-9900,?,9,-9900,?,9,0.0,E,8,-9900,?,9,-9900,?,9,0.0,0.0,E,8
06/08/2018,12:00,948.403,1324.888,264.35,1,8,7.646,1,8,258.879,1,8,31722.0,1,8,726.329,1,8,28476.641,1,8,115.147,1,8,-9900,?,9,-9900,?,9,22.28,E,8,15.17,E,8,64.0,E,8,964.3861999999999,E,8,999.0,E,8,1.29,E,8,-9900,?,9,-9900,?,9,0.0,E,8,-9900,?,9,-9900,?,9,0.0,0.0,E,8
06/08/2018,13:00,931.638,1324.888,271.83,1,8,11.11,1,8,264.02,1,8,32619.6,1,8,1055.485,1,8,29042.17,1,8,119.55,1,8,-9900,?,9,-9900,?,9,23.19,E,8,15.35,E,8,61.0,E,8,964.3861999999999,E,8,999.0,E,8,1.18,E,8,-9900,?,9,-9900,?,9,0.0,E,8,-9900,?,9,-9900,?,9,0.0,0.0,E,8
06/08/2018,14:00,838.78,1324.888,253.08,1,8,10.5,1,8,246.435,1,8,30369.6,1,8,997.528,1,8,27107.875,1,8,123.958,1,8,-9900,?,9,-9900,?,9,23.72,E,8,15.45,E,8,59.0,E,8,964.3861999999999,E,8,999.0,E,8,1.04,E,8,-9900,?,9,-9900,?,9,0.0,E,8,-9900,?,9,-9900,?,9,0.0,0.0,E,8
06/08/2018,15:00,676.197,1324.888,209.55,1,8,15.674,1,8,201.557,1,8,25146.0,1,8,1489.071,1,8,22171.239,1,8,125.81,1,8,-9900,?,9,-9900,?,9,23.85,E,8,15.47,E,8,59.0,E,8,964.3861999999999,E,8,999.0,E,8,1.67,E,8,-9900,?,9,-9900,?,9,0.0,E,8,-9900,?,9,-9900,?,9,0.0,0.0,E,8
06/08/2018,16:00,455.107,1324.888,144.88,1,8,29.414,1,8,134.798,1,8,17385.6,1,8,2794.331,1,8,14827.78,1,8,125.182,1,8,-9900,?,9,-9900,?,9,23.42,E,8,15.39,E,8,60.0,E,8,964.3861999999999,E,8,999.0,E,8,3.1,E,8,-9900,?,9,-9900,?,9,0.0,E,8,-9900,?,9,-9900,?,9,0.0,0.0,E,8
06/08/2018,17:00,191.418,1324.888,66.17,1,8,118.665,1,8,49.245,1,8,7940.4,1,8,11273.213,1,8,5416.97,1,8,109.904,1,8,-9900,?,9,-9900,?,9,22.43,E,8,15.2,E,8,63.0,E,8,964.3861999999999,E,8,999.0,E,8,3.32,E,8,-9900,?,9,-9900,?,9,0.0,E,8,-9900,?,9,-9900,?,9,0.0,0.0,E,8
06/08/2018,18:00,0.0,1324.888,1.55,1,8,0.0,1,8,0.0,1,8,186.0,1,8,0.0,1,8,0.0,1,8,-0.0,1,8,-9900,?,9,-9900,?,9,21.67,E,8,15.05,E,8,66.0,E,8,964.3861999999999,E,8,999.0,E,8,3.47,E,8,-9900,?,9,-9900,?,9,0.0,E,8,-9900,?,9,-9900,?,9,0.0,0.0,E,8
06/08/2018,19:00,0.0,1324.888,0.0,1,8,0.0,1,8,0.0,1,8,0.0,1,8,0.0,1,8,0.0,1,8,-0.0,1,8,-9900,?,9,-9900,?,9,20.92,E,8,14.91,E,8,68.0,E,8,964.3861999999999,E,8,999.0,E,8,3.48,E,8,-9900,?,9,-9900,?,9,0.0,E,8,-9900,?,9,-9900,?,9,0.0,0.0,E,8
06/08/2018,20:00,0.0,1324.888,0.0,1,8,0.0,1,8,0.0,1,8,0.0,1,8,0.0,1,8,0.0,1,8,-0.0,1,8,-9900,?,9,-9900,?,9,20.16,E,8,14.76,E,8,71.0,E,8,964.3861999999999,E,8,999.0,E,8,3.14,E,8,-9900,?,9,-9900,?,9,0.0,E,8,-9900,?,9,-9900,?,9,0.0,0.0,E,8
06/08/2018,21:00,0.0,1324.888,0.0,1,8,0.0,1,8,0.0,1,8,0.0,1,8,0.0,1,8,0.0,1,8,-0.0,1,8,-9900,?,9,-9900,?,9,19.4,E,8,14.61,E,8,73.0,E,8,964.3861999999999,E,8,999.0,E,8,2.32,E,8,-9900,?,9,-9900,?,9,0.0,E,8,-9900,?,9,-9900,?,9,0.0,0.0,E,8
06/08/2018,22:00,0.0,1324.888,0.0,1,8,0.0,1,8,0.0,1,8,0.0,1,8,0.0,1,8,0.0,1,8,-0.0,1,8,-9900,?,9,-9900,?,9,18.65,E,8,14.46,E,8,76.0,E,8,964.3861999999999,E,8,999.0,E,8,3.5,E,8,-9900,?,9,-9900,?,9,0.0,E,8,-9900,?,9,-9900,?,9,0.0,0.0,E,8
06/08/2018,23:00,0.0,1324.888,0.0,1,8,0.0,1,8,0.0,1,8,0.0,1,8,0.0,1,8,0.0,1,8,-0.0,1,8,-9900,?,9,-9900,?,9,17.89,E,8,14.31,E,8,79.0,E,8,964.3861999999999,E,8,999.0,E,8,3.47,E,8,-9900,?,9,-9900,?,9,0.0,E,8,-9900,?,9,-9900,?,9,0.0,0.0,E,8
06/08/2018,24:00,0.0,1324.888,0.0,1,8,0.0,1,8,0.0,1,8,0.0,1,8,0.0,1,8,0.0,1,8,-0.0,1,8,-9900,?,9,-9900,?,9,17.13,E,8,14.69,E,8,84.0,E,8,964.3861999999999,E,8,999.0,E,8,1.27,E,8,-9900,?,9,-9900,?,9,0.0,E,8,-9900,?,9,-9900,?,9,0.0,0.0,E,8
06/09/2018,01:00,0.0,1324.888,0.0,1,8,0.0,1,8,0.0,1,8,0.0,1,8,0.0,1,8,0.0,1,8,-0.0,1,8,-9900,?,9,-9900,?,9,16.76,E,8,14.64,E,8,90.0,E,8,964.3861999999999,E,8,999.0,E,8,2.3,E,8,-9900,?,9,-9900,?,9,0.001,E,8,-9900,?,9,-9900,?,9,0.01,99.0,E,8
06/09/2018,02:00,0.0,1324.888,0.0,1,8,0.0,1,8,0.0,1,8,0.0,1,8,0.0,1,8,0.0,1,8,-0.0,1,8,-9900,?,9,-9900,?,9,16.38,E,8,14.59,E,8,92.0,E,8,964.3861999999999,E,8,999.0,E,8,1.7,E,8,-9900,?,9,-9900,?,9,0.004,E,8,-9900,?,9,-9900,?,9,0.04,99.0,E,8
06/09/2018,03:00,0.0,1324.888,0.0,1,8,0.0,1,8,0.0,1,8,0.0,1,8,0.0,1,8,0.0,1,8,-0.0,1,8,-9900,?,9,-9900,?,9,16.0,E,8,14.55,E,8,99.0,E,8,964.3861999999999,E,8,999.0,E,8,1.66,E,8,-9900,?,9,-9900,?,9,0.366,E,8,-9900,?,9,-9900,?,9,3.66,99.0,E,8
06/09/2018,04:00,0.0,1324.564,0.0,1,8,0.0,1,8,0.0,1,8,0.0,1,8,0.0,1,8,0.0,1,8,-0.0,1,8,-9900,?,9,-9900,?,9,15.62,E,8,14.5,E,8,96.0,E,8,964.3861999999999,E,8,999.0,E,8,1.22,E,8,-9900,?,9,-9900,?,9,0.017,E,8,-9900,?,9,-9900,?,9,0.17,99.0,E,8
06/09/2018,05:00,0.0,1324.564,0.0,1,8,0.0,1,8,0.0,1,8,0.0,1,8,0.0,1,8,0.0,1,8,-0.0,1,8,-9900,?,9,-9900,?,9,15.24,E,8,14.45,E,8,93.0,E,8,964.3861999999999,E,8,999.0,E,8,1.01,E,8,-9900,?,9,-9900,?,9,0.0,E,8,-9900,?,9,-9900,?,9,0.0,0.0,E,8
06/09/2018,06:00,0.0,1324.564,0.0,1,8,0.0,1,8,0.0,1,8,0.0,1,8,0.0,1,8,0.0,1,8,-0.0,1,8,-9900,?,9,-9900,?,9,14.95,E,8,14.41,E,8,94.0,E,8,964.3861999999999,E,8,999.0,E,8,0.73,E,8,-9900,?,9,-9900,?,9,0.0,E,8,-9900,?,9,-9900,?,9,0.0,0.0,E,8
06/09/2018,07:00,32.108,1324.564,0.0,1,8,0.0,1,8,0.0,1,8,0.0,1,8,0.0,1,8,0.0,1,8,0.0,1,8,-9900,?,9,-9900,?,9,14.7,E,8,14.38,E,8,96.0,E,8,964.3861999999999,E,8,999.0,E,8,1.85,E,8,-9900,?,9,-9900,?,9,0.0,E,8,-9900,?,9,-9900,?,9,0.0,0.0,E,8
06/09/2018,08:00,307.283,1324.564,27.09,1,8,0.0,1,8,27.09,1,8,3250.8,1,8,0.0,1,8,2979.9,1,8,37.357,1,8,-9900,?,9,-9900,?,9,14.45,E,8,14.34,E,8,97.0,E,8,964.3861999999999,E,8,999.0,E,8,2.08,E,8,-9900,?,9,-9900,?,9,0.0,E,8,-9900,?,9,-9900,?,9,0.0,0.0,E,8
06/09/2018,09:00,554.829,1324.564,124.34,1,8,0.0,1,8,124.34,1,8,14920.8,1,8,0.0,1,8,13677.4,1,8,94.617,1,8,-9900,?,9,-9900,?,9,17.75,E,8,14.77,E,8,81.0,E,8,964.3861999999999,E,8,999.0,E,8,2.2,E,8,-9900,?,9,-9900,?,9,0.0,E,8,-9900,?,9,-9900,?,9,0.0,0.0,E,8
06/09/2018,10:00,752.35,1324.564,215.82,1,8,9.757,1,8,210.281,1,8,25898.4,1,8,926.938,1,8,23130.945,1,8,117.916,1,8,-9900,?,9,-9900,?,9,19.79,E,8,15.03,E,8,73.0,E,8,964.3861999999999,E,8,999.0,E,8,2.72,E,8,-9900,?,9,-9900,?,9,0.0,E,8,-9900,?,9,-9900,?,9,0.0,0.0,E,8
06/09/2018,11:00,886.041,1324.564,285.35,1,8,13.633,1,8,276.234,1,8,34242.0,1,8,1295.117,1,8,30385.73,1,8,131.493,1,8,-9900,?,9,-9900,?,9,21.56,E,8,15.25,E,8,66.0,E,8,964.3861999999999,E,8,999.0,E,8,2.58,E,8,-9900,?,9,-9900,?,9,0.0,E,8,-9900,?,9,-9900,?,9,0.0,0.0,E,8
06/09/2018,12:00,946.716,1324.564,326.45,1,8,48.984,1,8,291.449,1,8,39174.0,1,8,4653.433,1,8,32059.443,1,8,129.834,1,8,-9900,?,9,-9900,?,9,22.98,E,8,15.42,E,8,62.0,E,8,964.3861999999999,E,8,999.0,E,8,2.43,E,8,-9900,?,9,-9900,?,9,0.0,E,8,-9900,?,9,-9900,?,9,0.0,0.0,E,8
06/09/2018,13:00,930.222,1324.564,216.31,1,8,5.492,1,8,212.454,1,8,25957.2,1,8,521.766,1,8,23369.942,1,8,96.324,1,8,-9900,?,9,-9900,?,9,23.13,E,8,15.44,E,8,61.0,E,8,964.3861999999999,E,8,999.0,E,8,2.58,E,8,-9900,?,9,-9900,?,9,0.0,E,8,-9900,?,9,-9900,?,9,0.0,0.0,E,8
06/09/2018,14:00,837.69,1324.564,299.23,1,8,30.154,1,8,280.168,1,8,35907.6,1,8,2864.606,1,8,30818.52,1,8,141.075,1,8,-9900,?,9,-9900,?,9,23.76,E,8,15.52,E,8,64.0,E,8,964.3861999999999,E,8,999.0,E,8,3.52,E,8,-9900,?,9,-9900,?,9,0.008,E,8,-9900,?,9,-9900,?,9,0.08,99.0,E,8
06/09/2018,15:00,675.464,1324.564,207.08,1,8,20.102,1,8,196.837,1,8,24849.6,1,8,1909.689,1,8,21652.124,1,8,122.968,1,8,-9900,?,9,-9900,?,9,23.72,E,8,15.51,E,8,64.0,E,8,964.3861999999999,E,8,999.0,E,8,4.46,E,8,-9900,?,9,-9900,?,9,0.002,E,8,-9900,?,9,-9900,?,9,0.02,99.0,E,8
06/09/2018,16:00,454.74,1324.564,335.4,1,8,483.386,1,8,169.807,1,8,40248.0,1,8,45921.713,1,8,18678.814,1,8,157.783,1,8,-9900,?,9,-9900,?,9,24.31,E,8,15.58,E,8,58.0,E,8,964.3861999999999,E,8,999.0,E,8,4.06,E,8,-9900,?,9,-9900,?,9,0.0,E,8,-9900,?,9,-9900,?,9,0.0,0.0,E,8
06/09/2018,17:00,191.398,1324.564,186.83,1,8,331.106,1,8,139.599,1,8,22419.6,1,8,31455.096,1,8,15355.878,1,8,311.51,1,8,-9900,?,9,-9900,?,9,24.02,E,8,15.55,E,8,59.0,E,8,964.3861999999999,E,8,999.0,E,8,4.0,E,8,-9900,?,9,-9900,?,9,0.0,E,8,-9900,?,9,-9900,?,9,0.0,0.0,E,8
06/09/2018,18:00,0.0,1324.564,14.44,1,8,0.0,1,8,0.0,1,8,1732.8,1,8,0.0,1,8,0.0,1,8,-0.0,1,8,-9900,?,9,-9900,?,9,22.99,E,8,15.42,E,8,62.0,E,8,964.3861999999999,E,8,999.0,E,8,2.69,E,8,-9900,?,9,-9900,?,9,0.0,E,8,-9900,?,9,-9900,?,9,0.0,0.0,E,8
06/09/2018,19:00,0.0,1324.564,0.0,1,8,0.0,1,8,0.0,1,8,0.0,1,8,0.0,1,8,0.0,1,8,-0.0,1,8,-9900,?,9,-9900,?,9,21.97,E,8,15.3,E,8,65.0,E,8,964.3861999999999,E,8,999.0,E,8,2.69,E,8,-9900,?,9,-9900,?,9,0.0,E,8,-9900,?,9,-9900,?,9,0.0,0.0,E,8
06/09/2018,20:00,0.0,1324.564,0.0,1,8,0.0,1,8,0.0,1,8,0.0,1,8,0.0,1,8,0.0,1,8,-0.0,1,8,-9900,?,9,-9900,?,9,20.94,E,8,15.17,E,8,69.0,E,8,964.3861999999999,E,8,999.0,E,8,1.82,E,8,-9900,?,9,-9900,?,9,0.0,E,8,-9900,?,9,-9900,?,9,0.0,0.0,E,8
06/09/2018,21:00,0.0,1324.564,0.0,1,8,0.0,1,8,0.0,1,8,0.0,1,8,0.0,1,8,0.0,1,8,-0.0,1,8,-9900,?,9,-9900,?,9,19.91,E,8,15.04,E,8,72.0,E,8,964.3861999999999,E,8,999.0,E,8,2.29,E,8,-9900,?,9,-9900,?,9,0.0,E,8,-9900,?,9,-9900,?,9,0.0,0.0,E,8
06/09/2018,22:00,0.0,1324.564,0.0,1,8,0.0,1,8,0.0,1,8,0.0,1,8,0.0,1,8,0.0,1,8,-0.0,1,8,-9900,?,9,-9900,?,9,18.89,E,8,14.91,E,8,76.0,E,8,964.3861999999999,E,8,999.0,E,8,2.97,E,8,-9900,?,9,-9900,?,9,0.0,E,8,-9900,?,9,-9900,?,9,0.0,0.0,E,8
06/09/2018,23:00,0.0,1324.564,0.0,1,8,0.0,1,8,0.0,1,8,0.0,1,8,0.0,1,8,0.0,1,8,-0.0,1,8,-9900,?,9,-9900,?,9,17.86,E,8,14.78,E,8,81.0,E,8,964.3861999999999,E,8,999.0,E,8,3.83,E,8,-9900,?,9,-9900,?,9,0.0,E,8,-9900,?,9,-9900,?,9,0.0,0.0,E,8
06/09/2018,24:00,0.0,1324.564,0.0,1,8,0.0,1,8,0.0,1,8,0.0,1,8,0.0,1,8,0.0,1,8,-0.0,1,8,-9900,?,9,-9900,?,9,16.83,E,8,13.11,E,8,78.0,E,8,964.3861999999999,E,8,999.0,E,8,6.12,E,8,-9900,?,9,-9900,?,9,0.0,E,8,-9900,?,9,-9900,?,9,0.0,0.0,E,8
06/10/2018,01:00,0.0,1324.564,0.0,1,8,0.0,1,8,0.0,1,8,0.0,1,8,0.0,1,8,0.0,1,8,-0.0,1,8,-9900,?,9,-9900,?,9,16.32,E,8,12.91,E,8,80.0,E,8,964.3861999999999,E,8,999.0,E,8,5.25,E,8,-9900,?,9,-9900,?,9,0.0,E,8,-9900,?,9,-9900,?,9,0.0,0.0,E,8
06/10/2018,02:00,0.0,1324.564,0.0,1,8,0.0,1,8,0.0,1,8,0.0,1,8,0.0,1,8,0.0,1,8,-0.0,1,8,-9900,?,9,-9900,?,9,15.81,E,8,12.71,E,8,81.0,E,8,964.3861999999999,E,8,999.0,E,8,5.72,E,8,-9900,?,9,-9900,?,9,0.0,E,8,-9900,?,9,-9900,?,9,0.0,0.0,E,8
06/10/2018,03:00,0.0,1324.564,0.0,1,8,0.0,1,8,0.0,1,8,0.0,1,8,0.0,1,8,0.0,1,8,-0.0,1,8,-9900,?,9,-9900,?,9,15.29,E,8,12.5,E,8,83.0,E,8,964.3861999999999,E,8,999.0,E,8,6.81,E,8,-9900,?,9,-9900,?,9,0.0,E,8,-9900,?,9,-9900,?,9,0.0,0.0,E,8
06/10/2018,04:00,0.0,1324.253,0.0,1,8,0.0,1,8,0.0,1,8,0.0,1,8,0.0,1,8,0.0,1,8,-0.0,1,8,-9900,?,9,-9900,?,9,14.78,E,8,12.29,E,8,85.0,E,8,964.3861999999999,E,8,999.0,E,8,6.65,E,8,-9900,?,9,-9900,?,9,0.0,E,8,-9900,?,9,-9900,?,9,0.0,0.0,E,8
06/10/2018,05:00,0.0,1324.253,0.0,1,8,0.0,1,8,0.0,1,8,0.0,1,8,0.0,1,8,0.0,1,8,-0.0,1,8,-9900,?,9,-9900,?,9,14.27,E,8,12.08,E,8,86.0,E,8,964.3861999999999,E,8,999.0,E,8,6.29,E,8,-9900,?,9,-9900,?,9,0.0,E,8,-9900,?,9,-9900,?,9,0.0,0.0,E,8
06/10/2018,06:00,0.0,1324.253,0.0,1,8,0.0,1,8,0.0,1,8,0.0,1,8,0.0,1,8,0.0,1,8,-0.0,1,8,-9900,?,9,-9900,?,9,13.87,E,8,11.92,E,8,87.0,E,8,964.3861999999999,E,8,999.0,E,8,4.29,E,8,-9900,?,9,-9900,?,9,0.0,E,8,-9900,?,9,-9900,?,9,0.0,0.0,E,8
06/10/2018,07:00,30.555,1324.253,0.0,1,8,0.0,1,8,0.0,1,8,0.0,1,8,0.0,1,8,0.0,1,8,0.0,1,8,-9900,?,9,-9900,?,9,13.53,E,8,11.77,E,8,89.0,E,8,964.3861999999999,E,8,999.0,E,8,4.11,E,8,-9900,?,9,-9900,?,9,0.0,E,8,-9900,?,9,-9900,?,9,0.0,0.0,E,8
06/10/2018,08:00,305.421,1324.253,34.86,1,8,0.0,1,8,34.86,1,8,4183.2,1,8,0.0,1,8,3834.6,1,8,48.357,1,8,-9900,?,9,-9900,?,9,13.19,E,8,11.63,E,8,90.0,E,8,964.3861999999999,E,8,999.0,E,8,5.73,E,8,-9900,?,9,-9900,?,9,0.0,E,8,-9900,?,9,-9900,?,9,0.0,0.0,E,8
06/10/2018,09:00,552.898,1324.253,162.38,1,8,16.113,1,8,155.662,1,8,19485.6,1,8,1530.718,1,8,17122.81,1,8,118.839,1,8,-9900,?,9,-9900,?,9,16.59,E,8,13.01,E,8,79.0,E,8,964.3861999999999,E,8,999.0,E,8,5.47,E,8,-9900,?,9,-9900,?,9,0.0,E,8,-9900,?,9,-9900,?,9,0.0,0.0,E,8
06/10/2018,10:00,750.449,1324.253,282.61,1,8,61.554,1,8,247.749,1,8,33913.2,1,8,5847.636,1,8,27252.409,1,8,139.246,1,8,-9900,?,9,-9900,?,9,18.71,E,8,13.82,E,8,73.0,E,8,964.3861999999999,E,8,999.0,E,8,5.75,E,8,-9900,?,9,-9900,?,9,0.0,E,8,-9900,?,9,-9900,?,9,0.0,0.0,E,8
06/10/2018,11:00,884.262,1324.253,374.07,1,8,89.858,1,8,314.09,1,8,44888.4,1,8,8536.475,1,8,34549.899,1,8,149.78,1,8,-9900,?,9,-9900,?,9,20.56,E,8,14.5,E,8,68.0,E,8,964.3861999999999,E,8,999.0,E,8,6.34,E,8,-9900,?,9,-9900,?,9,0.0,E,8,-9900,?,9,-9900,?,9,0.0,0.0,E,8
06/10/2018,12:00,945.143,1324.253,428.19,1,8,112.184,1,8,348.145,1,8,51382.8,1,8,10657.473,1,8,38295.947,1,8,155.313,1,8,-9900,?,9,-9900,?,9,22.04,E,8,15.02,E,8,64.0,E,8,964.3861999999999,E,8,999.0,E,8,5.53,E,8,-9900,?,9,-9900,?,9,0.0,E,8,-9900,?,9,-9900,?,9,0.0,0.0,E,8
06/10/2018,13:00,928.923,1324.253,440.63,1,8,136.608,1,8,344.833,1,8,52875.6,1,8,12977.721,1,8,37931.623,1,8,156.524,1,8,-9900,?,9,-9900,?,9,23.1,E,8,15.38,E,8,61.0,E,8,964.3861999999999,E,8,999.0,E,8,6.67,E,8,-9900,?,9,-9900,?,9,0.0,E,8,-9900,?,9,-9900,?,9,0.0,0.0,E,8
06/10/2018,14:00,836.716,1324.253,410.44,1,8,169.079,1,8,303.656,1,8,49252.8,1,8,16062.523,1,8,33402.179,1,8,153.044,1,8,-9900,?,9,-9900,?,9,23.71,E,8,15.59,E,8,60.0,E,8,964.3861999999999,E,8,999.0,E,8,8.31,E,8,-9900,?,9,-9900,?,9,0.0,E,8,-9900,?,9,-9900,?,9,0.0,0.0,E,8
06/10/2018,15:00,674.843,1324.253,339.96,1,8,213.621,1,8,231.189,1,8,40795.2,1,8,20294.028,1,8,25430.76,1,8,144.526,1,8,-9900,?,9,-9900,?,9,23.86,E,8,15.64,E,8,60.0,E,8,964.3861999999999,E,8,999.0,E,8,7.33,E,8,-9900,?,9,-9900,?,9,0.0,E,8,-9900,?,9,-9900,?,9,0.0,0.0,E,8
06/10/2018,16:00,454.475,1324.253,235.1,1,8,319.349,1,8,125.739,1,8,28212.0,1,8,30338.185,1,8,13831.33,1,8,116.876,1,8,-9900,?,9,-9900,?,9,23.38,E,8,15.48,E,8,61.0,E,8,964.3861999999999,E,8,999.0,E,8,8.14,E,8,-9900,?,9,-9900,?,9,0.0,E,8,-9900,?,9,-9900,?,9,0.0,0.0,E,8
06/10/2018,17:00,191.467,1324.253,107.37,1,8,347.873,1,8,57.717,1,8,12884.4,1,8,33047.909,1,8,6348.86,1,8,128.714,1,8,-9900,?,9,-9900,?,9,22.24,E,8,15.09,E,8,63.0,E,8,964.3861999999999,E,8,999.0,E,8,5.7,E,8,-9900,?,9,-9900,?,9,0.0,E,8,-9900,?,9,-9900,?,9,0.0,0.0,E,8
06/10/2018,18:00,0.0,1324.253,2.55,1,8,0.0,1,8,0.0,1,8,306.0,1,8,0.0,1,8,0.0,1,8,-0.0,1,8,-9900,?,9,-9900,?,9,21.37,E,8,14.78,E,8,66.0,E,8,964.3861999999999,E,8,999.0,E,8,6.23,E,8,-9900,?,9,-9900,?,9,0.0,E,8,-9900,?,9,-9900,?,9,0.0,0.0,E,8
06/10/2018,19:00,0.0,1324.253,0.0,1,8,0.0,1,8,0.0,1,8,0.0,1,8,0.0,1,8,0.0,1,8,-0.0,1,8,-9900,?,9,-9900,?,9,20.5,E,8,14.47,E,8,68.0,E,8,964.3861999999999,E,8,999.0,E,8,5.68,E,8,-9900,?,9,-9900,?,9,0.0,E,8,-9900,?,9,-9900,?,9,0.0,0.0,E,8
06/10/2018,20:00,0.0,1324.253,0.0,1,8,0.0,1,8,0.0,1,8,0.0,1,8,0.0,1,8,0.0,1,8,-0.0,1,8,-9900,?,9,-9900,?,9,19.62,E,8,14.16,E,8,70.0,E,8,964.3861999999999,E,8,999.0,E,8,4.56,E,8,-9900,?,9,-9900,?,9,0.0,E,8,-9900,?,9,-9900,?,9,0.0,0.0,E,8
06/10/2018,21:00,0.0,1324.253,0.0,1,8,0.0,1,8,0.0,1,8,0.0,1,8,0.0,1,8,0.0,1,8,-0.0,1,8,-9900,?,9,-9900,?,9,18.75,E,8,13.84,E,8,73.0,E,8,964.3861999999999,E,8,999.0,E,8,3.44,E,8,-9900,?,9,-9900,?,9,0.0,E,8,-9900,?,9,-9900,?,9,0.0,0.0,E,8
06/10/2018,22:00,0.0,1324.253,0.0,1,8,0.0,1,8,0.0,1,8,0.0,1,8,0.0,1,8,0.0,1,8,-0.0,1,8,-9900,?,9,-9900,?,9,17.88,E,8,13.51,E,8,75.0,E,8,964.3861999999999,E,8,999.0,E,8,3.52,E,8,-9900,?,9,-9900,?,9,0.0,E,8,-9900,?,9,-9900,?,9,0.0,0.0,E,8
06/10/2018,23:00,0.0,1324.253,0.0,1,8,0.0,1,8,0.0,1,8,0.0,1,8,0.0,1,8,0.0,1,8,-0.0,1,8,-9900,?,9,-9900,?,9,17.0,E,8,13.17,E,8,78.0,E,8,964.3861999999999,E,8,999.0,E,8,2.81,E,8,-9900,?,9,-9900,?,9,0.0,E,8,-9900,?,9,-9900,?,9,0.0,0.0,E,8
06/10/2018,24:00,0.0,1324.253,0.0,1,8,0.0,1,8,0.0,1,8,0.0,1,8,0.0,1,8,0.0,1,8,-0.0,1,8,-9900,?,9,-9900,?,9,16.13,E,8,11.31,E,8,73.0,E,8,964.3861999999999,E,8,999.0,E,8,1.04,E,8,-9900,?,9,-9900,?,9,0.0,E,8,-9900,?,9,-9900,?,9,0.0,0.0,E,8
06/11/2018,01:00,0.0,1324.253,0.0,1,8,0.0,1,8,0.0,1,8,0.0,1,8,0.0,1,8,0.0,1,8,-0.0,1,8,-9900,?,9,-9900,?,9,15.69,E,8,11.35,E,8,75.0,E,8,964.3861999999999,E,8,999.0,E,8,1.26,E,8,-9900,?,9,-9900,?,9,0.0,E,8,-9900,?,9,-9900,?,9,0.0,0.0,E,8
06/11/2018,02:00,0.0,1324.253,0.0,1,8,0.0,1,8,0.0,1,8,0.0,1,8,0.0,1,8,0.0,1,8,-0.0,1,8,-9900,?,9,-9900,?,9,15.26,E,8,11.4,E,8,77.0,E,8,964.3861999999999,E,8,999.0,E,8,1.39,E,8,-9900,?,9,-9900,?,9,0.0,E,8,-9900,?,9,-9900,?,9,0.0,0.0,E,8
06/11/2018,03:00,0.0,1324.253,0.0,1,8,0.0,1,8,0.0,1,8,0.0,1,8,0.0,1,8,0.0,1,8,-0.0,1,8,-9900,?,9,-9900,?,9,14.82,E,8,11.44,E,8,80.0,E,8,964.3861999999999,E,8,999.0,E,8,1.15,E,8,-9900,?,9,-9900,?,9,0.0,E,8,-9900,?,9,-9900,?,9,0.0,0.0,E,8
06/11/2018,04:00,0.0,1323.953,0.0,1,8,0.0,1,8,0.0,1,8,0.0,1,8,0.0,1,8,0.0,1,8,-0.0,1,8,-9900,?,9,-9900,?,9,14.38,E,8,11.49,E,8,82.0,E,8,964.3861999999999,E,8,999.0,E,8,1.79,E,8,-9900,?,9,-9900,?,9,0.0,E,8,-9900,?,9,-9900,?,9,0.0,0.0,E,8
06/11/2018,05:00,0.0,1323.953,0.0,1,8,0.0,1,8,0.0,1,8,0.0,1,8,0.0,1,8,0.0,1,8,-0.0,1,8,-9900,?,9,-9900,?,9,13.95,E,8,11.53,E,8,85.0,E,8,964.3861999999999,E,8,999.0,E,8,1.09,E,8,-9900,?,9,-9900,?,9,0.0,E,8,-9900,?,9,-9900,?,9,0.0,0.0,E,8
06/11/2018,06:00,0.0,1323.953,0.0,1,8,0.0,1,8,0.0,1,8,0.0,1,8,0.0,1,8,0.0,1,8,-0.0,1,8,-9900,?,9,-9900,?,9,13.61,E,8,11.57,E,8,87.0,E,8,964.3861999999999,E,8,999.0,E,8,1.62,E,8,-9900,?,9,-9900,?,9,0.0,E,8,-9900,?,9,-9900,?,9,0.0,0.0,E,8
06/11/2018,07:00,29.048,1323.953,0.0,1,8,0.0,1,8,0.0,1,8,0.0,1,8,0.0,1,8,0.0,1,8,0.0,1,8,-9900,?,9,-9900,?,9,13.32,E,8,11.6,E,8,89.0,E,8,964.3861999999999,E,8,999.0,E,8,2.78,E,8,-9900,?,9,-9900,?,9,0.0,E,8,-9900,?,9,-9900,?,9,0.0,0.0,E,8
06/11/2018,08:00,303.621,1323.953,56.25,1,8,0.0,1,8,56.25,1,8,6750.0,1,8,0.0,1,8,6187.5,1,8,78.478,1,8,-9900,?,9,-9900,?,9,13.03,E,8,11.63,E,8,91.0,E,8,964.3861999999999,E,8,999.0,E,8,3.22,E,8,-9900,?,9,-9900,?,9,0.0,E,8,-9900,?,9,-9900,?,9,0.0,0.0,E,8
06/11/2018,09:00,551.046,1323.953,281.48,1,8,242.216,1,8,180.807,1,8,33777.6,1,8,23010.495,1,8,19888.76,1,8,138.47,1,8,-9900,?,9,-9900,?,9,17.51,E,8,11.17,E,8,66.0,E,8,964.3861999999999,E,8,999.0,E,8,3.54,E,8,-9900,?,9,-9900,?,9,0.0,E,8,-9900,?,9,-9900,?,9,0.0,0.0,E,8
06/11/2018,10:00,748.641,1323.953,444.16,1,8,418.527,1,8,207.648,1,8,53299.2,1,8,39760.021,1,8,22841.28,1,8,116.963,1,8,-9900,?,9,-9900,?,9,19.95,E,8,10.91,E,8,55.0,E,8,964.3861999999999,E,8,999.0,E,8,3.24,E,8,-9900,?,9,-9900,?,9,0.0,E,8,-9900,?,9,-9900,?,9,0.0,0.0,E,8
06/11/2018,11:00,882.588,1323.953,531.26,1,8,408.728,1,8,258.889,1,8,63751.2,1,8,38829.15,1,8,28477.818,1,8,123.662,1,8,-9900,?,9,-9900,?,9,21.75,E,8,10.72,E,8,49.0,E,8,964.3861999999999,E,8,999.0,E,8,3.25,E,8,-9900,?,9,-9900,?,9,0.0,E,8,-9900,?,9,-9900,?,9,0.0,0.0,E,8
06/11/2018,12:00,943.683,1323.953,585.76,1,8,429.592,1,8,279.644,1,8,70291.2,1,8,40811.262,1,8,30760.807,1,8,124.918,1,8,-9900,?,9,-9900,?,9,23.11,E,8,10.57,E,8,45.0,E,8,964.3861999999999,E,8,999.0,E,8,3.81,E,8,-9900,?,9,-9900,?,9,0.0,E,8,-9900,?,9,-9900,?,9,0.0,0.0,E,8
06/11/2018,13:00,927.742,1323.953,557.88,1,8,373.451,1,8,296.269,1,8,66945.6,1,8,35477.831,1,8,32589.594,1,8,134.621,1,8,-9900,?,9,-9900,?,9,23.9,E,8,10.49,E,8,42.0,E,8,964.3861999999999,E,8,999.0,E,8,3.55,E,8,-9900,?,9,-9900,?,9,0.0,E,8,-9900,?,9,-9900,?,9,0.0,0.0,E,8
06/11/2018,14:00,835.859,1323.953,519.57,1,8,463.487,1,8,227.084,1,8,62348.4,1,8,44031.264,1,8,24979.205,1,8,114.543,1,8,-9900,?,9,-9900,?,9,24.32,E,8,10.44,E,8,41.0,E,8,964.3861999999999,E,8,999.0,E,8,3.75,E,8,-9900,?,9,-9900,?,9,0.0,E,8,-9900,?,9,-9900,?,9,0.0,0.0,E,8
06/11/2018,15:00,674.334,1323.953,402.32,1,8,452.584,1,8,171.996,1,8,48278.4,1,8,42995.467,1,8,18919.61,1,8,107.58,1,8,-9900,?,9,-9900,?,9,24.19,E,8,10.46,E,8,41.0,E,8,964.3861999999999,E,8,999.0,E,8,3.83,E,8,-9900,?,9,-9900,?,9,0.0,E,8,-9900,?,9,-9900,?,9,0.0,0.0,E,8
06/11/2018,16:00,454.312,1323.953,261.08,1,8,393.227,1,8,126.438,1,8,31329.6,1,8,37356.518,1,8,13908.192,1,8,117.541,1,8,-9900,?,9,-9900,?,9,23.38,E,8,10.54,E,8,44.0,E,8,964.3861999999999,E,8,999.0,E,8,3.23,E,8,-9900,?,9,-9900,?,9,0.0,E,8,-9900,?,9,-9900,?,9,0.0,0.0,E,8
06/11/2018,17:00,191.624,1323.953,136.47,1,8,320.559,1,8,90.666,1,8,16376.4,1,8,30453.063,1,8,9973.308,1,8,201.978,1,8,-9900,?,9,-9900,?,9,22.17,E,8,10.67,E,8,48.0,E,8,964.3861999999999,E,8,999.0,E,8,2.96,E,8,-9900,?,9,-9900,?,9,0.0,E,8,-9900,?,9,-9900,?,9,0.0,0.0,E,8
06/11/2018,18:00,0.0,1323.953,3.47,1,8,0.0,1,8,0.0,1,8,416.4,1,8,0.0,1,8,0.0,1,8,-0.0,1,8,-9900,?,9,-9900,?,9,21.55,E,8,10.74,E,8,50.0,E,8,964.3861999999999,E,8,999.0,E,8,2.42,E,8,-9900,?,9,-9900,?,9,0.0,E,8,-9900,?,9,-9900,?,9,0.0,0.0,E,8
06/11/2018,19:00,0.0,1323.953,0.0,1,8,0.0,1,8,0.0,1,8,0.0,1,8,0.0,1,8,0.0,1,8,-0.0,1,8,-9900,?,9,-9900,?,9,20.93,E,8,10.81,E,8,52.0,E,8,964.3861999999999,E,8,999.0,E,8,1.36,E,8,-9900,?,9,-9900,?,9,0.0,E,8,-9900,?,9,-9900,?,9,0.0,0.0,E,8
06/11/2018,20:00,0.0,1323.953,0.0,1,8,0.0,1,8,0.0,1,8,0.0,1,8,0.0,1,8,0.0,1,8,-0.0,1,8,-9900,?,9,-9900,?,9,20.31,E,8,10.87,E,8,54.0,E,8,964.3861999999999,E,8,999.0,E,8,0.55,E,8,-9900,?,9,-9900,?,9,0.0,E,8,-9900,?,9,-9900,?,9,0.0,0.0,E,8
06/11/2018,21:00,0.0,1323.953,0.0,1,8,0.0,1,8,0.0,1,8,0.0,1,8,0.0,1,8,0.0,1,8,-0.0,1,8,-9900,?,9,-9900,?,9,19.7,E,8,10.94,E,8,56.0,E,8,964.3861999999999,E,8,999.0,E,8,0.57,E,8,-9900,?,9,-9900,?,9,0.0,E,8,-9900,?,9,-9900,?,9,0.0,0.0,E,8
06/11/2018,22:00,0.0,1323.953,0.0,1,8,0.0,1,8,0.0,1,8,0.0,1,8,0.0,1,8,0.0,1,8,-0.0,1,8,-9900,?,9,-9900,?,9,19.08,E,8,11.0,E,8,59.0,E,8,964.3861999999999,E,8,999.0,E,8,1.01,E,8,-9900,?,9,-9900,?,9,0.0,E,8,-9900,?,9,-9900,?,9,0.0,0.0,E,8
06/11/2018,23:00,0.0,1323.953,0.0,1,8,0.0,1,8,0.0,1,8,0.0,1,8,0.0,1,8,0.0,1,8,-0.0,1,8,-9900,?,9,-9900,?,9,18.46,E,8,11.07,E,8,62.0,E,8,964.3861999999999,E,8,999.0,E,8,1.15,E,8,-9900,?,9,-9900,?,9,0.0,E,8,-9900,?,9,-9900,?,9,0.0,0.0,E,8
06/11/2018,24:00,0.0,1323.953,0.0,1,8,0.0,1,8,0.0,1,8,0.0,1,8,0.0,1,8,0.0,1,8,-0.0,1,8,-9900,?,9,-9900,?,9,17.84,E,8,14.36,E,8,80.0,E,8,964.3861999999999,E,8,999.0,E,8,3.86,E,8,-9900,?,9,-9900,?,9,0.0,E,8,-9900,?,9,-9900,?,9,0.0,0.0,E,8
06/12/2018,01:00,0.0,1323.953,0.0,1,8,0.0,1,8,0.0,1,8,0.0,1,8,0.0,1,8,0.0,1,8,-0.0,1,8,-9900,?,9,-9900,?,9,17.53,E,8,14.29,E,8,81.0,E,8,964.3861999999999,E,8,999.0,E,8,3.84,E,8,-9900,?,9,-9900,?,9,0.0,E,8,-9900,?,9,-9900,?,9,0.0,0.0,E,8
06/12/2018,02:00,0.0,1323.953,0.0,1,8,0.0,1,8,0.0,1,8,0.0,1,8,0.0,1,8,0.0,1,8,-0.0,1,8,-9900,?,9,-9900,?,9,17.22,E,8,14.22,E,8,82.0,E,8,964.3861999999999,E,8,999.0,E,8,3.15,E,8,-9900,?,9,-9900,?,9,0.0,E,8,-9900,?,9,-9900,?,9,0.0,0.0,E,8
06/12/2018,03:00,0.0,1323.953,0.0,1,8,0.0,1,8,0.0,1,8,0.0,1,8,0.0,1,8,0.0,1,8,-0.0,1,8,-9900,?,9,-9900,?,9,16.91,E,8,14.15,E,8,83.0,E,8,964.3861999999999,E,8,999.0,E,8,4.55,E,8,-9900,?,9,-9900,?,9,0.0,E,8,-9900,?,9,-9900,?,9,0.0,0.0,E,8
06/12/2018,04:00,0.0,1323.665,0.0,1,8,0.0,1,8,0.0,1,8,0.0,1,8,0.0,1,8,0.0,1,8,-0.0,1,8,-9900,?,9,-9900,?,9,16.6,E,8,14.08,E,8,85.0,E,8,964.3861999999999,E,8,999.0,E,8,1.96,E,8,-9900,?,9,-9900,?,9,0.0,E,8,-9900,?,9,-9900,?,9,0.0,0.0,E,8
06/12/2018,05:00,0.0,1323.665,0.0,1,8,0.0,1,8,0.0,1,8,0.0,1,8,0.0,1,8,0.0,1,8,-0.0,1,8,-9900,?,9,-9900,?,9,16.29,E,8,14.0,E,8,86.0,E,8,964.3861999999999,E,8,999.0,E,8,1.96,E,8,-9900,?,9,-9900,?,9,0.0,E,8,-9900,?,9,-9900,?,9,0.0,0.0,E,8
06/12/2018,06:00,0.0,1323.665,0.0,1,8,0.0,1,8,0.0,1,8,0.0,1,8,0.0,1,8,0.0,1,8,-0.0,1,8,-9900,?,9,-9900,?,9,16.05,E,8,13.95,E,8,87.0,E,8,964.3861999999999,E,8,999.0,E,8,1.96,E,8,-9900,?,9,-9900,?,9,0.0,E,8,-9900,?,9,-9900,?,9,0.0,0.0,E,8
06/12/2018,07:00,27.587,1323.665,0.0,1,8,0.0,1,8,0.0,1,8,0.0,1,8,0.0,1,8,0.0,1,8,0.0,1,8,-9900,?,9,-9900,?,9,15.85,E,8,13.9,E,8,88.0,E,8,964.3861999999999,E,8,999.0,E,8,1.96,E,8,-9900,?,9,-9900,?,9,0.0,E,8,-9900,?,9,-9900,?,9,0.0,0.0,E,8
06/12/2018,08:00,301.885,1323.665,32.51,1,8,0.0,1,8,32.51,1,8,3901.2,1,8,0.0,1,8,3576.1,1,8,45.61,1,8,-9900,?,9,-9900,?,9,15.65,E,8,13.86,E,8,89.0,E,8,964.3861999999999,E,8,999.0,E,8,1.96,E,8,-9900,?,9,-9900,?,9,0.0,E,8,-9900,?,9,-9900,?,9,0.0,0.0,E,8
06/12/2018,09:00,549.275,1323.665,156.0,1,8,12.724,1,8,150.727,1,8,18720.0,1,8,1208.797,1,8,16580.004,1,8,115.782,1,8,-9900,?,9,-9900,?,9,18.53,E,8,14.51,E,8,77.0,E,8,964.3861999999999,E,8,999.0,E,8,1.96,E,8,-9900,?,9,-9900,?,9,0.0,E,8,-9900,?,9,-9900,?,9,0.0,0.0,E,8
06/12/2018,10:00,746.929,1323.665,272.97,1,8,30.651,1,8,255.685,1,8,32756.4,1,8,2911.862,1,8,28125.322,1,8,144.32,1,8,-9900,?,9,-9900,?,9,20.36,E,8,14.91,E,8,70.0,E,8,964.3861999999999,E,8,999.0,E,8,1.96,E,8,-9900,?,9,-9900,?,9,0.0,E,8,-9900,?,9,-9900,?,9,0.0,0.0,E,8
06/12/2018,11:00,881.022,1323.665,362.08,1,8,80.008,1,8,308.847,1,8,43449.6,1,8,7600.768,1,8,33973.156,1,8,147.756,1,8,-9900,?,9,-9900,?,9,21.95,E,8,15.25,E,8,65.0,E,8,964.3861999999999,E,8,999.0,E,8,1.96,E,8,-9900,?,9,-9900,?,9,0.0,E,8,-9900,?,9,-9900,?,9,0.0,0.0,E,8
06/12/2018,12:00,942.338,1323.665,414.96,1,8,100.24,1,8,343.618,1,8,49795.2,1,8,9522.766,1,8,37798.007,1,8,153.682,1,8,-9900,?,9,-9900,?,9,23.23,E,8,15.52,E,8,61.0,E,8,964.3861999999999,E,8,999.0,E,8,1.96,E,8,-9900,?,9,-9900,?,9,0.0,E,8,-9900,?,9,-9900,?,9,0.0,0.0,E,8
06/12/2018,13:00,926.679,1323.665,427.34,1,8,122.299,1,8,341.746,1,8,51280.8,1,8,11618.405,1,8,37592.105,1,8,155.43,1,8,-9900,?,9,-9900,?,9,24.15,E,8,15.71,E,8,59.0,E,8,964.3861999999999,E,8,999.0,E,8,1.96,E,8,-9900,?,9,-9900,?,9,0.0,E,8,-9900,?,9,-9900,?,9,0.0,0.0,E,8
06/12/2018,14:00,835.118,1323.665,398.28,1,8,151.717,1,8,302.602,1,8,47793.6,1,8,14413.078,1,8,33286.266,1,8,152.737,1,8,-9900,?,9,-9900,?,9,24.68,E,8,15.82,E,8,57.0,E,8,964.3861999999999,E,8,999.0,E,8,1.96,E,8,-9900,?,9,-9900,?,9,0.0,E,8,-9900,?,9,-9900,?,9,0.0,0.0,E,8
06/12/2018,15:00,673.935,1323.665,330.03,1,8,192.4,1,8,232.153,1,8,39603.6,1,8,18277.994,1,8,25536.814,1,8,145.261,1,8,-9900,?,9,-9900,?,9,24.81,E,8,15.85,E,8,57.0,E,8,964.3861999999999,E,8,999.0,E,8,2.63,E,8,-9900,?,9,-9900,?,9,0.0,E,8,-9900,?,9,-9900,?,9,0.0,0.0,E,8
06/12/2018,16:00,454.25,1323.665,228.32,1,8,289.803,1,8,129.082,1,8,27398.4,1,8,27531.314,1,8,14199.072,1,8,119.99,1,8,-9900,?,9,-9900,?,9,24.4,E,8,15.76,E,8,58.0,E,8,964.3861999999999,E,8,999.0,E,8,2.45,E,8,-9900,?,9,-9900,?,9,0.0,E,8,-9900,?,9,-9900,?,9,0.0,0.0,E,8
06/12/2018,17:00,191.867,1323.665,104.36,1,8,324.108,1,8,57.978,1,8,12523.2,1,8,30790.304,1,8,6377.634,1,8,128.962,1,8,-9900,?,9,-9900,?,9,23.43,E,8,15.56,E,8,61.0,E,8,964.3861999999999,E,8,999.0,E,8,1.96,E,8,-9900,?,9,-9900,?,9,0.0,E,8,-9900,?,9,-9900,?,9,0.0,0.0,E,8
06/12/2018,18:00,0.0,1323.665,2.53,1,8,0.0,1,8,0.0,1,8,303.6,1,8,0.0,1,8,0.0,1,8,-0.0,1,8,-9900,?,9,-9900,?,9,22.7,E,8,15.41,E,8,63.0,E,8,964.3861999999999,E,8,999.0,E,8,1.96,E,8,-9900,?,9,-9900,?,9,0.0,E,8,-9900,?,9,-9900,?,9,0.0,0.0,E,8
06/12/2018,19:00,0.0,1323.665,0.0,1,8,0.0,1,8,0.0,1,8,0.0,1,8,0.0,1,8,0.0,1,8,-0.0,1,8,-9900,?,9,-9900,?,9,21.97,E,8,15.25,E,8,65.0,E,8,964.3861999999999,E,8,999.0,E,8,1.96,E,8,-9900,?,9,-9900,?,9,0.0,E,8,-9900,?,9,-9900,?,9,0.0,0.0,E,8
06/12/2018,20:00,0.0,1323.665,0.0,1,8,0.0,1,8,0.0,1,8,0.0,1,8,0.0,1,8,0.0,1,8,-0.0,1,8,-9900,?,9,-9900,?,9,21.24,E,8,15.1,E,8,67.0,E,8,964.3861999999999,E,8,999.0,E,8,1.96,E,8,-9900,?,9,-9900,?,9,0.0,E,8,-9900,?,9,-9900,?,9,0.0,0.0,E,8
06/12/2018,21:00,0.0,1323.665,0.0,1,8,0.0,1,8,0.0,1,8,0.0,1,8,0.0,1,8,0.0,1,8,-0.0,1,8,-9900,?,9,-9900,?,9,20.51,E,8,14.94,E,8,70.0,E,8,964.3861999999999,E,8,999.0,E,8,1.96,E,8,-9900,?,9,-9900,?,9,0.0,E,8,-9900,?,9,-9900,?,9,0.0,0.0,E,8
06/12/2018,22:00,0.0,1323.665,0.0,1,8,0.0,1,8,0.0,1,8,0.0,1,8,0.0,1,8,0.0,1,8,-0.0,1,8,-9900,?,9,-9900,?,9,19.78,E,8,14.78,E,8,72.0,E,8,964.3861999999999,E,8,999.0,E,8,1.96,E,8,-9900,?,9,-9900,?,9,0.0,E,8,-9900,?,9,-9900,?,9,0.0,0.0,E,8
06/12/2018,23:00,0.0,1323.665,0.0,1,8,0.0,1,8,0.0,1,8,0.0,1,8,0.0,1,8,0.0,1,8,-0.0,1,8,-9900,?,9,-9900,?,9,19.05,E,8,14.62,E,8,75.0,E,8,964.3861999999999,E,8,999.0,E,8,1.96,E,8,-9900,?,9,-9900,?,9,0.0,E,8,-9900,?,9,-9900,?,9,0.0,0.0,E,8
06/12/2018,24:00,0.0,1323.665,0.0,1,8,0.0,1,8,0.0,1,8,0.0,1,8,0.0,1,8,0.0,1,8,-0.0,1,8,-9900,?,9,-9900,?,9,18.32,E,8,15.08,E,8,81.0,E,8,964.3861999999999,E,8,999.0,E,8,0.68,E,8,-9900,?,9,-9900,?,9,0.0,E,8,-9900,?,9,-9900,?,9,0.0,0.0,E,8
06/13/2018,01:00,0.0,1323.665,0.0,1,8,0.0,1,8,0.0,1,8,0.0,1,8,0.0,1,8,0.0,1,8,-0.0,1,8,-9900,?,9,-9900,?,9,17.96,E,8,15.06,E,8,83.0,E,8,964.3861999999999,E,8,999.0,E,8,0.68,E,8,-9900,?,9,-9900,?,9,0.0,E,8,-9900,?,9,-9900,?,9,0.0,0.0,E,8
06/13/2018,02:00,0.0,1323.665,0.0,1,8,0.0,1,8,0.0,1,8,0.0,1,8,0.0,1,8,0.0,1,8,-0.0,1,8,-9900,?,9,-9900,?,9,17.6,E,8,15.04,E,8,84.0,E,8,964.3861999999999,E,8,999.0,E,8,0.68,E,8,-9900,?,9,-9900,?,9,0.0,E,8,-9900,?,9,-9900,?,9,0.0,0.0,E,8
06/13/2018,03:00,0.0,1323.665,0.0,1,8,0.0,1,8,0.0,1,8,0.0,1,8,0.0,1,8,0.0,1,8,-0.0,1,8,-9900,?,9,-9900,?,9,17.23,E,8,15.01,E,8,86.0,E,8,964.3861999999999,E,8,999.0,E,8,0.68,E,8,-9900,?,9,-9900,?,9,0.0,E,8,-9900,?,9,-9900,?,9,0.0,0.0,E,8
06/13/2018,04:00,0.0,1323.39,0.0,1,8,0.0,1,8,0.0,1,8,0.0,1,8,0.0,1,8,0.0,1,8,-0.0,1,8,-9900,?,9,-9900,?,9,16.87,E,8,14.99,E,8,88.0,E,8,964.3861999999999,E,8,999.0,E,8,0.68,E,8,-9900,?,9,-9900,?,9,0.0,E,8,-9900,?,9,-9900,?,9,0.0,0.0,E,8
06/13/2018,05:00,0.0,1323.39,0.0,1,8,0.0,1,8,0.0,1,8,0.0,1,8,0.0,1,8,0.0,1,8,-0.0,1,8,-9900,?,9,-9900,?,9,16.5,E,8,14.97,E,8,90.0,E,8,964.3861999999999,E,8,999.0,E,8,0.68,E,8,-9900,?,9,-9900,?,9,0.0,E,8,-9900,?,9,-9900,?,9,0.0,0.0,E,8
06/13/2018,06:00,0.0,1323.39,0.0,1,8,0.0,1,8,0.0,1,8,0.0,1,8,0.0,1,8,0.0,1,8,-0.0,1,8,-9900,?,9,-9900,?,9,16.22,E,8,14.95,E,8,92.0,E,8,964.3861999999999,E,8,999.0,E,8,0.68,E,8,-9900,?,9,-9900,?,9,0.0,E,8,-9900,?,9,-9900,?,9,0.0,0.0,E,8
06/13/2018,07:00,26.174,1323.39,0.0,1,8,0.0,1,8,0.0,1,8,0.0,1,8,0.0,1,8,0.0,1,8,0.0,1,8,-9900,?,9,-9900,?,9,15.98,E,8,14.93,E,8,93.0,E,8,964.3861999999999,E,8,999.0,E,8,0.68,E,8,-9900,?,9,-9900,?,9,0.0,E,8,-9900,?,9,-9900,?,9,0.0,0.0,E,8
06/13/2018,08:00,300.215,1323.39,25.65,1,8,0.0,1,8,25.65,1,8,3078.0,1,8,0.0,1,8,2821.5,1,8,36.181,1,8,-9900,?,9,-9900,?,9,15.74,E,8,14.92,E,8,94.0,E,8,964.3861999999999,E,8,999.0,E,8,0.68,E,8,-9900,?,9,-9900,?,9,0.0,E,8,-9900,?,9,-9900,?,9,0.0,0.0,E,8
06/13/2018,09:00,547.587,1323.39,124.88,1,8,0.0,1,8,124.88,1,8,14985.6,1,8,0.0,1,8,13736.8,1,8,96.204,1,8,-9900,?,9,-9900,?,9,18.29,E,8,15.08,E,8,81.0,E,8,964.3861999999999,E,8,999.0,E,8,0.68,E,8,-9900,?,9,-9900,?,9,0.0,E,8,-9900,?,9,-9900,?,9,0.0,0.0,E,8
06/13/2018,10:00,745.314,1323.39,219.08,1,8,11.051,1,8,212.86,1,8,26289.6,1,8,1049.854,1,8,23414.612,1,8,120.384,1,8,-9900,?,9,-9900,?,9,19.92,E,8,15.19,E,8,74.0,E,8,964.3861999999999,E,8,999.0,E,8,0.68,E,8,-9900,?,9,-9900,?,9,0.0,E,8,-9900,?,9,-9900,?,9,0.0,0.0,E,8
06/13/2018,11:00,879.563,1323.39,290.91,1,8,15.282,1,8,280.757,1,8,34909.2,1,8,1451.78,1,8,30883.267,1,8,134.512,1,8,-9900,?,9,-9900,?,9,21.35,E,8,15.28,E,8,68.0,E,8,964.3861999999999,E,8,999.0,E,8,0.68,E,8,-9900,?,9,-9900,?,9,0.0,E,8,-9900,?,9,-9900,?,9,0.0,0.0,E,8
06/13/2018,12:00,941.108,1323.39,333.59,1,8,19.545,1,8,319.695,1,8,40030.8,1,8,1856.798,1,8,35166.417,1,8,143.139,1,8,-9900,?,9,-9900,?,9,22.49,E,8,15.35,E,8,64.0,E,8,964.3861999999999,E,8,999.0,E,8,1.25,E,8,-9900,?,9,-9900,?,9,0.0,E,8,-9900,?,9,-9900,?,9,0.0,0.0,E,8
06/13/2018,13:00,925.734,1323.39,343.68,1,8,23.923,1,8,326.951,1,8,41241.6,1,8,2272.669,1,8,35964.577,1,8,148.822,1,8,-9900,?,9,-9900,?,9,23.31,E,8,15.4,E,8,61.0,E,8,964.3861999999999,E,8,999.0,E,8,1.44,E,8,-9900,?,9,-9900,?,9,0.0,E,8,-9900,?,9,-9900,?,9,0.0,0.0,E,8
06/13/2018,14:00,834.494,1323.39,320.4,1,8,62.934,1,8,280.733,1,8,38448.0,1,8,5978.759,1,8,30880.625,1,8,141.775,1,8,-9900,?,9,-9900,?,9,23.78,E,8,15.43,E,8,59.0,E,8,964.3861999999999,E,8,999.0,E,8,2.52,E,8,-9900,?,9,-9900,?,9,0.0,E,8,-9900,?,9,-9900,?,9,0.0,0.0,E,8
06/13/2018,15:00,673.646,1323.39,265.56,1,8,81.104,1,8,224.31,1,8,31867.2,1,8,7704.9,1,8,24674.101,1,8,140.384,1,8,-9900,?,9,-9900,?,9,23.9,E,8,15.44,E,8,59.0,E,8,964.3861999999999,E,8,999.0,E,8,3.64,E,8,-9900,?,9,-9900,?,9,0.0,E,8,-9900,?,9,-9900,?,9,0.0,0.0,E,8
06/13/2018,16:00,454.287,1323.39,183.77,1,8,128.694,1,8,139.688,1,8,22052.4,1,8,12225.964,1,8,15365.707,1,8,129.811,1,8,-9900,?,9,-9900,?,9,23.54,E,8,15.42,E,8,60.0,E,8,964.3861999999999,E,8,999.0,E,8,2.75,E,8,-9900,?,9,-9900,?,9,0.0,E,8,-9900,?,9,-9900,?,9,0.0,0.0,E,8
06/13/2018,17:00,192.196,1323.39,84.06,1,8,268.084,1,8,45.62,1,8,10087.2,1,8,25467.99,1,8,5018.232,1,8,101.274,1,8,-9900,?,9,-9900,?,9,22.67,E,8,15.36,E,8,63.0,E,8,964.3861999999999,E,8,999.0,E,8,1.46,E,8,-9900,?,9,-9900,?,9,0.0,E,8,-9900,?,9,-9900,?,9,0.0,0.0,E,8
06/13/2018,18:00,0.0,1323.39,2.07,1,8,0.0,1,8,0.0,1,8,248.4,1,8,0.0,1,8,0.0,1,8,-0.0,1,8,-9900,?,9,-9900,?,9,21.86,E,8,15.31,E,8,66.0,E,8,964.3861999999999,E,8,999.0,E,8,1.38,E,8,-9900,?,9,-9900,?,9,0.0,E,8,-9900,?,9,-9900,?,9,0.0,0.0,E,8
06/13/2018,19:00,0.0,1323.39,0.0,1,8,0.0,1,8,0.0,1,8,0.0,1,8,0.0,1,8,0.0,1,8,-0.0,1,8,-9900,?,9,-9900,?,9,21.06,E,8,15.26,E,8,69.0,E,8,964.3861999999999,E,8,999.0,E,8,1.17,E,8,-9900,?,9,-9900,?,9,0.0,E,8,-9900,?,9,-9900,?,9,0.0,0.0,E,8
06/13/2018,20:00,0.0,1323.39,0.0,1,8,0.0,1,8,0.0,1,8,0.0,1,8,0.0,1,8,0.0,1,8,-0.0,1,8,-9900,?,9,-9900,?,9,20.25,E,8,15.21,E,8,72.0,E,8,964.3861999999999,E,8,999.0,E,8,1.29,E,8,-9900,?,9,-9900,?,9,0.0,E,8,-9900,?,9,-9900,?,9,0.0,0.0,E,8
06/13/2018,21:00,0.0,1323.39,0.0,1,8,0.0,1,8,0.0,1,8,0.0,1,8,0.0,1,8,0.0,1,8,-0.0,1,8,-9900,?,9,-9900,?,9,19.44,E,8,15.16,E,8,76.0,E,8,964.3861999999999,E,8,999.0,E,8,1.19,E,8,-9900,?,9,-9900,?,9,0.0,E,8,-9900,?,9,-9900,?,9,0.0,0.0,E,8
06/13/2018,22:00,0.0,1323.39,0.0,1,8,0.0,1,8,0.0,1,8,0.0,1,8,0.0,1,8,0.0,1,8,-0.0,1,8,-9900,?,9,-9900,?,9,18.63,E,8,15.1,E,8,79.0,E,8,964.3861999999999,E,8,999.0,E,8,0.97,E,8,-9900,?,9,-9900,?,9,0.0,E,8,-9900,?,9,-9900,?,9,0.0,0.0,E,8
06/13/2018,23:00,0.0,1323.39,0.0,1,8,0.0,1,8,0.0,1,8,0.0,1,8,0.0,1,8,0.0,1,8,-0.0,1,8,-9900,?,9,-9900,?,9,17.82,E,8,15.05,E,8,83.0,E,8,964.3861999999999,E,8,999.0,E,8,1.1,E,8,-9900,?,9,-9900,?,9,0.0,E,8,-9900,?,9,-9900,?,9,0.0,0.0,E,8
06/13/2018,24:00,0.0,1323.39,0.0,1,8,0.0,1,8,0.0,1,8,0.0,1,8,0.0,1,8,0.0,1,8,-0.0,1,8,-9900,?,9,-9900,?,9,17.01,E,8,12.45,E,8,74.0,E,8,964.3861999999999,E,8,999.0,E,8,1.22,E,8,-9900,?,9,-9900,?,9,0.0,E,8,-9900,?,9,-9900,?,9,0.0,0.0,E,8
06/14/2018,01:00,0.0,1323.39,0.0,1,8,0.0,1,8,0.0,1,8,0.0,1,8,0.0,1,8,0.0,1,8,-0.0,1,8,-9900,?,9,-9900,?,9,16.61,E,8,12.36,E,8,75.0,E,8,964.3861999999999,E,8,999.0,E,8,0.72,E,8,-9900,?,9,-9900,?,9,0.0,E,8,-9900,?,9,-9900,?,9,0.0,0.0,E,8
06/14/2018,02:00,0.0,1323.39,0.0,1,8,0.0,1,8,0.0,1,8,0.0,1,8,0.0,1,8,0.0,1,8,-0.0,1,8,-9900,?,9,-9900,?,9,16.21,E,8,12.28,E,8,77.0,E,8,964.3861999999999,E,8,999.0,E,8,0.72,E,8,-9900,?,9,-9900,?,9,0.0,E,8,-9900,?,9,-9900,?,9,0.0,0.0,E,8
06/14/2018,03:00,0.0,1323.39,0.0,1,8,0.0,1,8,0.0,1,8,0.0,1,8,0.0,1,8,0.0,1,8,-0.0,1,8,-9900,?,9,-9900,?,9,15.8,E,8,12.19,E,8,79.0,E,8,964.3861999999999,E,8,999.0,E,8,0.81,E,8,-9900,?,9,-9900,?,9,0.0,E,8,-9900,?,9,-9900,?,9,0.0,0.0,E,8
06/14/2018,04:00,0.0,1323.126,0.0,1,8,0.0,1,8,0.0,1,8,0.0,1,8,0.0,1,8,0.0,1,8,-0.0,1,8,-9900,?,9,-9900,?,9,15.4,E,8,12.11,E,8,80.0,E,8,964.3861999999999,E,8,999.0,E,8,0.72,E,8,-9900,?,9,-9900,?,9,0.0,E,8,-9900,?,9,-9900,?,9,0.0,0.0,E,8
06/14/2018,05:00,0.0,1323.126,0.0,1,8,0.0,1,8,0.0,1,8,0.0,1,8,0.0,1,8,0.0,1,8,-0.0,1,8,-9900,?,9,-9900,?,9,14.99,E,8,12.02,E,8,82.0,E,8,964.3861999999999,E,8,999.0,E,8,0.72,E,8,-9900,?,9,-9900,?,9,0.0,E,8,-9900,?,9,-9900,?,9,0.0,0.0,E,8
06/14/2018,06:00,0.0,1323.126,0.0,1,8,0.0,1,8,0.0,1,8,0.0,1,8,0.0,1,8,0.0,1,8,-0.0,1,8,-9900,?,9,-9900,?,9,14.68,E,8,11.95,E,8,83.0,E,8,964.3861999999999,E,8,999.0,E,8,0.72,E,8,-9900,?,9,-9900,?,9,0.0,E,8,-9900,?,9,-9900,?,9,0.0,0.0,E,8
06/14/2018,07:00,24.812,1323.126,0.0,1,8,0.0,1,8,0.0,1,8,0.0,1,8,0.0,1,8,0.0,1,8,0.0,1,8,-9900,?,9,-9900,?,9,14.41,E,8,11.89,E,8,84.0,E,8,964.3861999999999,E,8,999.0,E,8,0.72,E,8,-9900,?,9,-9900,?,9,0.0,E,8,-9900,?,9,-9900,?,9,0.0,0.0,E,8
06/14/2018,08:00,298.613,1323.126,38.88,1,8,0.0,1,8,38.88,1,8,4665.6,1,8,0.0,1,8,4276.8,1,8,55.128,1,8,-9900,?,9,-9900,?,9,14.15,E,8,11.84,E,8,85.0,E,8,964.3861999999999,E,8,999.0,E,8,0.72,E,8,-9900,?,9,-9900,?,9,0.0,E,8,-9900,?,9,-9900,?,9,0.0,0.0,E,8
06/14/2018,09:00,545.983,1323.126,214.61,1,8,97.078,1,8,174.608,1,8,25753.2,1,8,9222.38,1,8,19206.898,1,8,134.882,1,8,-9900,?,9,-9900,?,9,17.2,E,8,12.49,E,8,73.0,E,8,964.3861999999999,E,8,999.0,E,8,1.0,E,8,-9900,?,9,-9900,?,9,0.0,E,8,-9900,?,9,-9900,?,9,0.0,0.0,E,8
06/14/2018,10:00,743.797,1323.126,389.1,1,8,247.433,1,8,250.094,1,8,46692.0,1,8,23506.111,1,8,27510.288,1,8,141.702,1,8,-9900,?,9,-9900,?,9,19.3,E,8,12.92,E,8,66.0,E,8,964.3861999999999,E,8,999.0,E,8,0.87,E,8,-9900,?,9,-9900,?,9,0.0,E,8,-9900,?,9,-9900,?,9,0.0,0.0,E,8
06/14/2018,11:00,878.214,1323.126,547.82,1,8,451.572,1,8,248.204,1,8,65738.4,1,8,42899.385,1,8,27302.453,1,8,119.075,1,8,-9900,?,9,-9900,?,9,21.31,E,8,13.33,E,8,60.0,E,8,964.3861999999999,E,8,999.0,E,8,1.26,E,8,-9900,?,9,-9900,?,9,0.0,E,8,-9900,?,9,-9900,?,9,0.0,0.0,E,8
06/14/2018,12:00,939.994,1323.126,616.39,1,8,539.179,1,8,233.449,1,8,73966.8,1,8,51221.972,1,8,25679.423,1,8,104.627,1,8,-9900,?,9,-9900,?,9,22.85,E,8,13.63,E,8,56.0,E,8,964.3861999999999,E,8,999.0,E,8,1.29,E,8,-9900,?,9,-9900,?,9,0.0,E,8,-9900,?,9,-9900,?,9,0.0,0.0,E,8
06/14/2018,13:00,924.907,1323.126,612.34,1,8,560.506,1,8,220.649,1,8,73480.8,1,8,53248.056,1,8,24271.405,1,8,100.505,1,8,-9900,?,9,-9900,?,9,23.85,E,8,13.82,E,8,53.0,E,8,964.3861999999999,E,8,999.0,E,8,2.54,E,8,-9900,?,9,-9900,?,9,0.0,E,8,-9900,?,9,-9900,?,9,0.0,0.0,E,8
06/14/2018,14:00,833.986,1323.126,577.77,1,8,687.807,1,8,144.428,1,8,69332.4,1,8,65341.675,1,8,15887.075,1,8,72.969,1,8,-9900,?,9,-9900,?,9,24.45,E,8,13.94,E,8,51.0,E,8,964.3861999999999,E,8,999.0,E,8,3.33,E,8,-9900,?,9,-9900,?,9,0.0,E,8,-9900,?,9,-9900,?,9,0.0,0.0,E,8
06/14/2018,15:00,673.466,1323.126,492.92,1,8,701.937,1,8,135.936,1,8,59150.4,1,8,66683.997,1,8,14952.947,1,8,85.081,1,8,-9900,?,9,-9900,?,9,24.65,E,8,13.98,E,8,51.0,E,8,964.3861999999999,E,8,999.0,E,8,3.84,E,8,-9900,?,9,-9900,?,9,0.0,E,8,-9900,?,9,-9900,?,9,0.0,0.0,E,8
06/14/2018,16:00,454.423,1323.126,352.71,1,8,608.063,1,8,144.326,1,8,42325.2,1,8,57765.961,1,8,15875.848,1,8,134.054,1,8,-9900,?,9,-9900,?,9,24.27,E,8,13.9,E,8,52.0,E,8,964.3861999999999,E,8,999.0,E,8,3.55,E,8,-9900,?,9,-9900,?,9,0.0,E,8,-9900,?,9,-9900,?,9,0.0,0.0,E,8
06/14/2018,17:00,192.608,1323.126,167.18,1,8,401.231,1,8,109.511,1,8,20061.6,1,8,38116.977,1,8,12046.169,1,8,242.525,1,8,-9900,?,9,-9900,?,9,23.21,E,8,13.7,E,8,55.0,E,8,964.3861999999999,E,8,999.0,E,8,4.83,E,8,-9900,?,9,-9900,?,9,0.0,E,8,-9900,?,9,-9900,?,9,0.0,0.0,E,8
06/14/2018,18:00,0.0,1323.126,3.99,1,8,0.0,1,8,0.0,1,8,478.8,1,8,0.0,1,8,0.0,1,8,-0.0,1,8,-9900,?,9,-9900,?,9,22.28,E,8,13.52,E,8,57.0,E,8,964.3861999999999,E,8,999.0,E,8,3.99,E,8,-9900,?,9,-9900,?,9,0.0,E,8,-9900,?,9,-9900,?,9,0.0,0.0,E,8
06/14/2018,19:00,0.0,1323.126,0.0,1,8,0.0,1,8,0.0,1,8,0.0,1,8,0.0,1,8,0.0,1,8,-0.0,1,8,-9900,?,9,-9900,?,9,21.34,E,8,13.33,E,8,60.0,E,8,964.3861999999999,E,8,999.0,E,8,3.31,E,8,-9900,?,9,-9900,?,9,0.0,E,8,-9900,?,9,-9900,?,9,0.0,0.0,E,8
06/14/2018,20:00,0.0,1323.126,0.0,1,8,0.0,1,8,0.0,1,8,0.0,1,8,0.0,1,8,0.0,1,8,-0.0,1,8,-9900,?,9,-9900,?,9,20.41,E,8,13.15,E,8,63.0,E,8,964.3861999999999,E,8,999.0,E,8,2.57,E,8,-9900,?,9,-9900,?,9,0.0,E,8,-9900,?,9,-9900,?,9,0.0,0.0,E,8
06/14/2018,21:00,0.0,1323.126,0.0,1,8,0.0,1,8,0.0,1,8,0.0,1,8,0.0,1,8,0.0,1,8,-0.0,1,8,-9900,?,9,-9900,?,9,19.48,E,8,12.96,E,8,65.0,E,8,964.3861999999999,E,8,999.0,E,8,2.89,E,8,-9900,?,9,-9900,?,9,0.0,E,8,-9900,?,9,-9900,?,9,0.0,0.0,E,8
06/14/2018,22:00,0.0,1323.126,0.0,1,8,0.0,1,8,0.0,1,8,0.0,1,8,0.0,1,8,0.0,1,8,-0.0,1,8,-9900,?,9,-9900,?,9,18.55,E,8,12.77,E,8,69.0,E,8,964.3861999999999,E,8,999.0,E,8,2.47,E,8,-9900,?,9,-9900,?,9,0.0,E,8,-9900,?,9,-9900,?,9,0.0,0.0,E,8
06/14/2018,23:00,0.0,1323.126,0.0,1,8,0.0,1,8,0.0,1,8,0.0,1,8,0.0,1,8,0.0,1,8,-0.0,1,8,-9900,?,9,-9900,?,9,17.62,E,8,12.57,E,8,72.0,E,8,964.3861999999999,E,8,999.0,E,8,2.96,E,8,-9900,?,9,-9900,?,9,0.0,E,8,-9900,?,9,-9900,?,9,0.0,0.0,E,8
06/14/2018,24:00,0.0,1323.126,0.0,1,8,0.0,1,8,0.0,1,8,0.0,1,8,0.0,1,8,0.0,1,8,-0.0,1,8,-9900,?,9,-9900,?,9,16.69,E,8,12.27,E,8,75.0,E,8,964.3861999999999,E,8,999.0,E,8,8.26,E,8,-9900,?,9,-9900,?,9,0.0,E,8,-9900,?,9,-9900,?,9,0.0,0.0,E,8
06/15/2018,01:00,0.0,1323.126,0.0,1,8,0.0,1,8,0.0,1,8,0.0,1,8,0.0,1,8,0.0,1,8,-0.0,1,8,-9900,?,9,-9900,?,9,16.23,E,8,12.09,E,8,76.0,E,8,964.3861999999999,E,8,999.0,E,8,9.11,E,8,-9900,?,9,-9900,?,9,0.0,E,8,-9900,?,9,-9900,?,9,0.0,0.0,E,8
06/15/2018,02:00,0.0,1323.126,0.0,1,8,0.0,1,8,0.0,1,8,0.0,1,8,0.0,1,8,0.0,1,8,-0.0,1,8,-9900,?,9,-9900,?,9,15.76,E,8,11.91,E,8,77.0,E,8,964.3861999999999,E,8,999.0,E,8,7.41,E,8,-9900,?,9,-9900,?,9,0.0,E,8,-9900,?,9,-9900,?,9,0.0,0.0,E,8
06/15/2018,03:00,0.0,1323.126,0.0,1,8,0.0,1,8,0.0,1,8,0.0,1,8,0.0,1,8,0.0,1,8,-0.0,1,8,-9900,?,9,-9900,?,9,15.29,E,8,11.72,E,8,79.0,E,8,964.3861999999999,E,8,999.0,E,8,6.78,E,8,-9900,?,9,-9900,?,9,0.0,E,8,-9900,?,9,-9900,?,9,0.0,0.0,E,8
06/15/2018,04:00,0.0,1322.875,0.0,1,8,0.0,1,8,0.0,1,8,0.0,1,8,0.0,1,8,0.0,1,8,-0.0,1,8,-9900,?,9,-9900,?,9,14.83,E,8,11.54,E,8,80.0,E,8,964.3861999999999,E,8,999.0,E,8,5.51,E,8,-9900,?,9,-9900,?,9,0.0,E,8,-9900,?,9,-9900,?,9,0.0,0.0,E,8
06/15/2018,05:00,0.0,1322.875,0.0,1,8,0.0,1,8,0.0,1,8,0.0,1,8,0.0,1,8,0.0,1,8,-0.0,1,8,-9900,?,9,-9900,?,9,14.36,E,8,11.35,E,8,82.0,E,8,964.3861999999999,E,8,999.0,E,8,6.14,E,8,-9900,?,9,-9900,?,9,0.0,E,8,-9900,?,9,-9900,?,9,0.0,0.0,E,8
06/15/2018,06:00,0.0,1322.875,0.0,1,8,0.0,1,8,0.0,1,8,0.0,1,8,0.0,1,8,0.0,1,8,-0.0,1,8,-9900,?,9,-9900,?,9,14.0,E,8,11.2,E,8,83.0,E,8,964.3861999999999,E,8,999.0,E,8,5.03,E,8,-9900,?,9,-9900,?,9,0.0,E,8,-9900,?,9,-9900,?,9,0.0,0.0,E,8
06/15/2018,07:00,23.501,1322.875,0.0,1,8,0.0,1,8,0.0,1,8,0.0,1,8,0.0,1,8,0.0,1,8,0.0,1,8,-9900,?,9,-9900,?,9,13.7,E,8,11.08,E,8,84.0,E,8,964.3861999999999,E,8,999.0,E,8,4.93,E,8,-9900,?,9,-9900,?,9,0.0,E,8,-9900,?,9,-9900,?,9,0.0,0.0,E,8
06/15/2018,08:00,297.082,1322.875,38.73,1,8,0.0,1,8,38.73,1,8,4647.6,1,8,0.0,1,8,4260.3,1,8,55.191,1,8,-9900,?,9,-9900,?,9,13.39,E,8,10.95,E,8,85.0,E,8,964.3861999999999,E,8,999.0,E,8,5.04,E,8,-9900,?,9,-9900,?,9,0.0,E,8,-9900,?,9,-9900,?,9,0.0,0.0,E,8
06/15/2018,09:00,544.465,1322.875,194.08,1,8,62.715,1,8,168.305,1,8,23289.6,1,8,5957.892,1,8,18513.543,1,8,130.352,1,8,-9900,?,9,-9900,?,9,16.63,E,8,12.25,E,8,75.0,E,8,964.3861999999999,E,8,999.0,E,8,4.62,E,8,-9900,?,9,-9900,?,9,0.0,E,8,-9900,?,9,-9900,?,9,0.0,0.0,E,8
06/15/2018,10:00,742.381,1322.875,342.18,1,8,142.146,1,8,262.46,1,8,41061.6,1,8,13503.884,1,8,28870.615,1,8,148.964,1,8,-9900,?,9,-9900,?,9,18.73,E,8,13.03,E,8,69.0,E,8,964.3861999999999,E,8,999.0,E,8,5.85,E,8,-9900,?,9,-9900,?,9,0.0,E,8,-9900,?,9,-9900,?,9,0.0,0.0,E,8
06/15/2018,11:00,876.976,1322.875,455.31,1,8,189.339,1,8,329.838,1,8,54637.2,1,8,17987.238,1,8,36282.164,1,8,158.432,1,8,-9900,?,9,-9900,?,9,20.57,E,8,13.7,E,8,64.0,E,8,964.3861999999999,E,8,999.0,E,8,7.24,E,8,-9900,?,9,-9900,?,9,0.0,E,8,-9900,?,9,-9900,?,9,0.0,0.0,E,8
06/15/2018,12:00,938.998,1322.875,522.71,1,8,289.575,1,8,317.224,1,8,62725.2,1,8,27509.643,1,8,34894.677,1,8,142.297,1,8,-9900,?,9,-9900,?,9,22.04,E,8,14.21,E,8,61.0,E,8,964.3861999999999,E,8,999.0,E,8,4.85,E,8,-9900,?,9,-9900,?,9,0.0,E,8,-9900,?,9,-9900,?,9,0.0,0.0,E,8
06/15/2018,13:00,924.199,1322.875,538.93,1,8,347.339,1,8,296.344,1,8,64671.6,1,8,32997.171,1,8,32597.828,1,8,135.062,1,8,-9900,?,9,-9900,?,9,23.1,E,8,14.57,E,8,58.0,E,8,964.3861999999999,E,8,999.0,E,8,4.27,E,8,-9900,?,9,-9900,?,9,0.0,E,8,-9900,?,9,-9900,?,9,0.0,0.0,E,8
06/15/2018,14:00,833.593,1322.875,502.74,1,8,394.683,1,8,254.146,1,8,60328.8,1,8,37494.898,1,8,27956.065,1,8,128.437,1,8,-9900,?,9,-9900,?,9,23.72,E,8,14.77,E,8,57.0,E,8,964.3861999999999,E,8,999.0,E,8,6.31,E,8,-9900,?,9,-9900,?,9,0.0,E,8,-9900,?,9,-9900,?,9,0.0,0.0,E,8
06/15/2018,15:00,673.394,1322.875,416.93,1,8,536.096,1,8,144.265,1,8,50031.6,1,8,50929.16,1,8,15869.104,1,8,90.286,1,8,-9900,?,9,-9900,?,9,23.88,E,8,14.82,E,8,56.0,E,8,964.3861999999999,E,8,999.0,E,8,6.57,E,8,-9900,?,9,-9900,?,9,0.0,E,8,-9900,?,9,-9900,?,9,0.0,0.0,E,8
06/15/2018,16:00,454.654,1322.875,288.75,1,8,506.487,1,8,115.054,1,8,34650.0,1,8,48116.265,1,8,12655.932,1,8,106.79,1,8,-9900,?,9,-9900,?,9,23.42,E,8,14.67,E,8,57.0,E,8,964.3861999999999,E,8,999.0,E,8,6.09,E,8,-9900,?,9,-9900,?,9,0.0,E,8,-9900,?,9,-9900,?,9,0.0,0.0,E,8
06/15/2018,17:00,193.101,1322.875,132.33,1,8,380.257,1,8,77.521,1,8,15879.6,1,8,36124.402,1,8,8527.336,1,8,171.198,1,8,-9900,?,9,-9900,?,9,22.31,E,8,14.3,E,8,60.0,E,8,964.3861999999999,E,8,999.0,E,8,3.62,E,8,-9900,?,9,-9900,?,9,0.0,E,8,-9900,?,9,-9900,?,9,0.0,0.0,E,8
06/15/2018,18:00,0.0,1322.875,3.38,1,8,0.0,1,8,0.0,1,8,405.6,1,8,0.0,1,8,0.0,1,8,-0.0,1,8,-9900,?,9,-9900,?,9,21.45,E,8,14.0,E,8,62.0,E,8,964.3861999999999,E,8,999.0,E,8,1.96,E,8,-9900,?,9,-9900,?,9,0.0,E,8,-9900,?,9,-9900,?,9,0.0,0.0,E,8
06/15/2018,19:00,0.0,1322.875,0.0,1,8,0.0,1,8,0.0,1,8,0.0,1,8,0.0,1,8,0.0,1,8,-0.0,1,8,-9900,?,9,-9900,?,9,20.59,E,8,13.7,E,8,64.0,E,8,964.3861999999999,E,8,999.0,E,8,1.96,E,8,-9900,?,9,-9900,?,9,0.0,E,8,-9900,?,9,-9900,?,9,0.0,0.0,E,8
06/15/2018,20:00,0.0,1322.875,0.0,1,8,0.0,1,8,0.0,1,8,0.0,1,8,0.0,1,8,0.0,1,8,-0.0,1,8,-9900,?,9,-9900,?,9,19.73,E,8,13.4,E,8,66.0,E,8,964.3861999999999,E,8,999.0,E,8,1.96,E,8,-9900,?,9,-9900,?,9,0.0,E,8,-9900,?,9,-9900,?,9,0.0,0.0,E,8
06/15/2018,21:00,0.0,1322.875,0.0,1,8,0.0,1,8,0.0,1,8,0.0,1,8,0.0,1,8,0.0,1,8,-0.0,1,8,-9900,?,9,-9900,?,9,18.88,E,8,13.09,E,8,69.0,E,8,964.3861999999999,E,8,999.0,E,8,1.96,E,8,-9900,?,9,-9900,?,9,0.0,E,8,-9900,?,9,-9900,?,9,0.0,0.0,E,8
06/15/2018,22:00,0.0,1322.875,0.0,1,8,0.0,1,8,0.0,1,8,0.0,1,8,0.0,1,8,0.0,1,8,-0.0,1,8,-9900,?,9,-9900,?,9,18.02,E,8,12.77,E,8,71.0,E,8,964.3861999999999,E,8,999.0,E,8,1.96,E,8,-9900,?,9,-9900,?,9,0.0,E,8,-9900,?,9,-9900,?,9,0.0,0.0,E,8
06/15/2018,23:00,0.0,1322.875,0.0,1,8,0.0,1,8,0.0,1,8,0.0,1,8,0.0,1,8,0.0,1,8,-0.0,1,8,-9900,?,9,-9900,?,9,17.16,E,8,12.45,E,8,73.0,E,8,964.3861999999999,E,8,999.0,E,8,1.96,E,8,-9900,?,9,-9900,?,9,0.0,E,8,-9900,?,9,-9900,?,9,0.0,0.0,E,8
06/15/2018,24:00,0.0,1322.875,0.0,1,8,0.0,1,8,0.0,1,8,0.0,1,8,0.0,1,8,0.0,1,8,-0.0,1,8,-9900,?,9,-9900,?,9,16.3,E,8,11.62,E,8,73.0,E,8,964.3861999999999,E,8,999.0,E,8,0.77,E,8,-9900,?,9,-9900,?,9,0.0,E,8,-9900,?,9,-9900,?,9,0.0,0.0,E,8
06/16/2018,01:00,0.0,1322.875,0.0,1,8,0.0,1,8,0.0,1,8,0.0,1,8,0.0,1,8,0.0,1,8,-0.0,1,8,-9900,?,9,-9900,?,9,15.87,E,8,11.54,E,8,75.0,E,8,964.3861999999999,E,8,999.0,E,8,0.77,E,8,-9900,?,9,-9900,?,9,0.0,E,8,-9900,?,9,-9900,?,9,0.0,0.0,E,8
06/16/2018,02:00,0.0,1322.875,0.0,1,8,0.0,1,8,0.0,1,8,0.0,1,8,0.0,1,8,0.0,1,8,-0.0,1,8,-9900,?,9,-9900,?,9,15.44,E,8,11.47,E,8,77.0,E,8,964.3861999999999,E,8,999.0,E,8,0.77,E,8,-9900,?,9,-9900,?,9,0.0,E,8,-9900,?,9,-9900,?,9,0.0,0.0,E,8
06/16/2018,03:00,0.0,1322.875,0.0,1,8,0.0,1,8,0.0,1,8,0.0,1,8,0.0,1,8,0.0,1,8,-0.0,1,8,-9900,?,9,-9900,?,9,15.02,E,8,11.39,E,8,78.0,E,8,964.3861999999999,E,8,999.0,E,8,0.77,E,8,-9900,?,9,-9900,?,9,0.0,E,8,-9900,?,9,-9900,?,9,0.0,0.0,E,8
06/16/2018,04:00,0.0,1322.635,0.0,1,8,0.0,1,8,0.0,1,8,0.0,1,8,0.0,1,8,0.0,1,8,-0.0,1,8,-9900,?,9,-9900,?,9,14.59,E,8,11.31,E,8,80.0,E,8,964.3861999999999,E,8,999.0,E,8,0.77,E,8,-9900,?,9,-9900,?,9,0.0,E,8,-9900,?,9,-9900,?,9,0.0,0.0,E,8
06/16/2018,05:00,0.0,1322.635,0.0,1,8,0.0,1,8,0.0,1,8,0.0,1,8,0.0,1,8,0.0,1,8,-0.0,1,8,-9900,?,9,-9900,?,9,14.16,E,8,11.24,E,8,82.0,E,8,964.3861999999999,E,8,999.0,E,8,0.77,E,8,-9900,?,9,-9900,?,9,0.0,E,8,-9900,?,9,-9900,?,9,0.0,0.0,E,8
06/16/2018,06:00,0.0,1322.635,0.0,1,8,0.0,1,8,0.0,1,8,0.0,1,8,0.0,1,8,0.0,1,8,-0.0,1,8,-9900,?,9,-9900,?,9,13.83,E,8,11.18,E,8,84.0,E,8,964.3861999999999,E,8,999.0,E,8,0.77,E,8,-9900,?,9,-9900,?,9,0.0,E,8,-9900,?,9,-9900,?,9,0.0,0.0,E,8
06/16/2018,07:00,22.244,1322.635,0.0,1,8,0.0,1,8,0.0,1,8,0.0,1,8,0.0,1,8,0.0,1,8,0.0,1,8,-9900,?,9,-9900,?,9,13.54,E,8,11.12,E,8,85.0,E,8,964.3861999999999,E,8,999.0,E,8,0.77,E,8,-9900,?,9,-9900,?,9,0.0,E,8,-9900,?,9,-9900,?,9,0.0,0.0,E,8
06/16/2018,08:00,295.623,1322.635,41.87,1,8,0.0,1,8,41.87,1,8,5024.4,1,8,0.0,1,8,4605.7,1,8,59.953,1,8,-9900,?,9,-9900,?,9,13.26,E,8,11.07,E,8,86.0,E,8,964.3861999999999,E,8,999.0,E,8,0.77,E,8,-9900,?,9,-9900,?,9,0.0,E,8,-9900,?,9,-9900,?,9,0.0,0.0,E,8
06/16/2018,09:00,543.037,1322.635,223.2,1,8,117.437,1,8,175.053,1,8,26784.0,1,8,11156.479,1,8,19255.842,1,8,135.911,1,8,-9900,?,9,-9900,?,9,16.38,E,8,11.63,E,8,73.0,E,8,964.3861999999999,E,8,999.0,E,8,0.94,E,8,-9900,?,9,-9900,?,9,0.0,E,8,-9900,?,9,-9900,?,9,0.0,0.0,E,8
06/16/2018,10:00,741.067,1322.635,414.87,1,8,316.306,1,8,237.758,1,8,49784.4,1,8,30049.074,1,8,26153.428,1,8,135.16,1,8,-9900,?,9,-9900,?,9,18.6,E,8,12.02,E,8,65.0,E,8,964.3861999999999,E,8,999.0,E,8,1.47,E,8,-9900,?,9,-9900,?,9,0.0,E,8,-9900,?,9,-9900,?,9,0.0,0.0,E,8
06/16/2018,11:00,875.85,1322.635,537.35,1,8,419.019,1,8,259.979,1,8,64482.0,1,8,39806.841,1,8,28597.741,1,8,125.015,1,8,-9900,?,9,-9900,?,9,20.43,E,8,12.33,E,8,59.0,E,8,964.3861999999999,E,8,999.0,E,8,1.45,E,8,-9900,?,9,-9900,?,9,0.0,E,8,-9900,?,9,-9900,?,9,0.0,0.0,E,8
06/16/2018,12:00,938.118,1322.635,620.49,1,8,526.545,1,8,247.131,1,8,74458.8,1,8,50021.751,1,8,27184.393,1,8,110.939,1,8,-9900,?,9,-9900,?,9,21.92,E,8,12.58,E,8,55.0,E,8,964.3861999999999,E,8,999.0,E,8,1.98,E,8,-9900,?,9,-9900,?,9,0.0,E,8,-9900,?,9,-9900,?,9,0.0,0.0,E,8
06/16/2018,13:00,923.609,1322.635,644.95,1,8,676.888,1,8,172.419,1,8,77394.0,1,8,64304.33,1,8,18966.057,1,8,78.618,1,8,-9900,?,9,-9900,?,9,23.0,E,8,12.76,E,8,52.0,E,8,964.3861999999999,E,8,999.0,E,8,2.33,E,8,-9900,?,9,-9900,?,9,0.0,E,8,-9900,?,9,-9900,?,9,0.0,0.0,E,8
06/16/2018,14:00,833.316,1322.635,550.25,1,8,592.613,1,8,177.046,1,8,66030.0,1,8,56298.193,1,8,19475.032,1,8,89.487,1,8,-9900,?,9,-9900,?,9,23.46,E,8,12.83,E,8,51.0,E,8,964.3861999999999,E,8,999.0,E,8,2.61,E,8,-9900,?,9,-9900,?,9,0.0,E,8,-9900,?,9,-9900,?,9,0.0,0.0,E,8
06/16/2018,15:00,673.429,1322.635,443.4,1,8,636.944,1,8,119.366,1,8,53208.0,1,8,60509.694,1,8,13130.315,1,8,74.687,1,8,-9900,?,9,-9900,?,9,23.49,E,8,12.84,E,8,51.0,E,8,964.3861999999999,E,8,999.0,E,8,2.43,E,8,-9900,?,9,-9900,?,9,0.0,E,8,-9900,?,9,-9900,?,9,0.0,0.0,E,8
06/16/2018,16:00,454.981,1322.635,304.23,1,8,618.019,1,8,92.093,1,8,36507.6,1,8,58711.792,1,8,10130.255,1,8,85.401,1,8,-9900,?,9,-9900,?,9,22.91,E,8,12.74,E,8,52.0,E,8,964.3861999999999,E,8,999.0,E,8,1.58,E,8,-9900,?,9,-9900,?,9,0.0,E,8,-9900,?,9,-9900,?,9,0.0,0.0,E,8
06/16/2018,17:00,193.674,1322.635,144.84,1,8,372.528,1,8,90.972,1,8,17380.8,1,8,35390.176,1,8,10006.929,1,8,200.257,1,8,-9900,?,9,-9900,?,9,21.81,E,8,12.56,E,8,55.0,E,8,964.3861999999999,E,8,999.0,E,8,1.72,E,8,-9900,?,9,-9900,?,9,0.0,E,8,-9900,?,9,-9900,?,9,0.0,0.0,E,8
06/16/2018,18:00,0.0,1322.635,3.51,1,8,0.0,1,8,0.0,1,8,421.2,1,8,0.0,1,8,0.0,1,8,-0.0,1,8,-9900,?,9,-9900,?,9,20.99,E,8,12.42,E,8,58.0,E,8,964.3861999999999,E,8,999.0,E,8,0.94,E,8,-9900,?,9,-9900,?,9,0.0,E,8,-9900,?,9,-9900,?,9,0.0,0.0,E,8
06/16/2018,19:00,0.0,1322.635,0.0,1,8,0.0,1,8,0.0,1,8,0.0,1,8,0.0,1,8,0.0,1,8,-0.0,1,8,-9900,?,9,-9900,?,9,20.17,E,8,12.29,E,8,60.0,E,8,964.3861999999999,E,8,999.0,E,8,0.84,E,8,-9900,?,9,-9900,?,9,0.0,E,8,-9900,?,9,-9900,?,9,0.0,0.0,E,8
06/16/2018,20:00,0.0,1322.635,0.0,1,8,0.0,1,8,0.0,1,8,0.0,1,8,0.0,1,8,0.0,1,8,-0.0,1,8,-9900,?,9,-9900,?,9,19.34,E,8,12.14,E,8,63.0,E,8,964.3861999999999,E,8,999.0,E,8,0.77,E,8,-9900,?,9,-9900,?,9,0.0,E,8,-9900,?,9,-9900,?,9,0.0,0.0,E,8
06/16/2018,21:00,0.0,1322.635,0.0,1,8,0.0,1,8,0.0,1,8,0.0,1,8,0.0,1,8,0.0,1,8,-0.0,1,8,-9900,?,9,-9900,?,9,18.52,E,8,12.0,E,8,65.0,E,8,964.3861999999999,E,8,999.0,E,8,0.8,E,8,-9900,?,9,-9900,?,9,0.0,E,8,-9900,?,9,-9900,?,9,0.0,0.0,E,8
06/16/2018,22:00,0.0,1322.635,0.0,1,8,0.0,1,8,0.0,1,8,0.0,1,8,0.0,1,8,0.0,1,8,-0.0,1,8,-9900,?,9,-9900,?,9,17.7,E,8,11.86,E,8,68.0,E,8,964.3861999999999,E,8,999.0,E,8,0.77,E,8,-9900,?,9,-9900,?,9,0.0,E,8,-9900,?,9,-9900,?,9,0.0,0.0,E,8
06/16/2018,23:00,0.0,1322.635,0.0,1,8,0.0,1,8,0.0,1,8,0.0,1,8,0.0,1,8,0.0,1,8,-0.0,1,8,-9900,?,9,-9900,?,9,16.88,E,8,11.72,E,8,71.0,E,8,964.3861999999999,E,8,999.0,E,8,0.77,E,8,-9900,?,9,-9900,?,9,0.0,E,8,-9900,?,9,-9900,?,9,0.0,0.0,E,8
06/16/2018,24:00,0.0,1322.635,0.0,1,8,0.0,1,8,0.0,1,8,0.0,1,8,0.0,1,8,0.0,1,8,-0.0,1,8,-9900,?,9,-9900,?,9,16.05,E,8,11.85,E,8,76.0,E,8,964.3861999999999,E,8,999.0,E,8,0.83,E,8,-9900,?,9,-9900,?,9,0.0,E,8,-9900,?,9,-9900,?,9,0.0,0.0,E,8
06/17/2018,01:00,0.0,1322.635,0.0,1,8,0.0,1,8,0.0,1,8,0.0,1,8,0.0,1,8,0.0,1,8,-0.0,1,8,-9900,?,9,-9900,?,9,15.64,E,8,11.75,E,8,77.0,E,8,964.3861999999999,E,8,999.0,E,8,0.83,E,8,-9900,?,9,-9900,?,9,0.0,E,8,-9900,?,9,-9900,?,9,0.0,0.0,E,8
06/17/2018,02:00,0.0,1322.635,0.0,1,8,0.0,1,8,0.0,1,8,0.0,1,8,0.0,1,8,0.0,1,8,-0.0,1,8,-9900,?,9,-9900,?,9,15.23,E,8,11.64,E,8,79.0,E,8,964.3861999999999,E,8,999.0,E,8,0.83,E,8,-9900,?,9,-9900,?,9,0.0,E,8,-9900,?,9,-9900,?,9,0.0,0.0,E,8
06/17/2018,03:00,0.0,1322.635,0.0,1,8,0.0,1,8,0.0,1,8,0.0,1,8,0.0,1,8,0.0,1,8,-0.0,1,8,-9900,?,9,-9900,?,9,14.82,E,8,11.54,E,8,80.0,E,8,964.3861999999999,E,8,999.0,E,8,0.83,E,8,-9900,?,9,-9900,?,9,0.0,E,8,-9900,?,9,-9900,?,9,0.0,0.0,E,8
06/17/2018,04:00,0.0,1322.408,0.0,1,8,0.0,1,8,0.0,1,8,0.0,1,8,0.0,1,8,0.0,1,8,-0.0,1,8,-9900,?,9,-9900,?,9,14.41,E,8,11.44,E,8,82.0,E,8,964.3861999999999,E,8,999.0,E,8,0.83,E,8,-9900,?,9,-9900,?,9,0.0,E,8,-9900,?,9,-9900,?,9,0.0,0.0,E,8
06/17/2018,05:00,0.0,1322.408,0.0,1,8,0.0,1,8,0.0,1,8,0.0,1,8,0.0,1,8,0.0,1,8,-0.0,1,8,-9900,?,9,-9900,?,9,14.0,E,8,11.34,E,8,83.0,E,8,964.3861999999999,E,8,999.0,E,8,0.83,E,8,-9900,?,9,-9900,?,9,0.0,E,8,-9900,?,9,-9900,?,9,0.0,0.0,E,8
06/17/2018,06:00,0.0,1322.408,0.0,1,8,0.0,1,8,0.0,1,8,0.0,1,8,0.0,1,8,0.0,1,8,-0.0,1,8,-9900,?,9,-9900,?,9,13.68,E,8,11.26,E,8,85.0,E,8,964.3861999999999,E,8,999.0,E,8,0.83,E,8,-9900,?,9,-9900,?,9,0.0,E,8,-9900,?,9,-9900,?,9,0.0,0.0,E,8
06/17/2018,07:00,21.043,1322.408,0.0,1,8,0.0,1,8,0.0,1,8,0.0,1,8,0.0,1,8,0.0,1,8,0.0,1,8,-9900,?,9,-9900,?,9,13.41,E,8,11.19,E,8,86.0,E,8,964.3861999999999,E,8,999.0,E,8,0.83,E,8,-9900,?,9,-9900,?,9,0.0,E,8,-9900,?,9,-9900,?,9,0.0,0.0,E,8
06/17/2018,08:00,294.239,1322.408,26.88,1,8,0.0,1,8,26.88,1,8,3225.6,1,8,0.0,1,8,2956.8,1,8,38.665,1,8,-9900,?,9,-9900,?,9,13.14,E,8,11.12,E,8,87.0,E,8,964.3861999999999,E,8,999.0,E,8,0.83,E,8,-9900,?,9,-9900,?,9,0.0,E,8,-9900,?,9,-9900,?,9,0.0,0.0,E,8
06/17/2018,09:00,541.699,1322.408,213.98,1,8,99.601,1,8,173.239,1,8,25677.6,1,8,9462.139,1,8,19056.304,1,8,134.813,1,8,-9900,?,9,-9900,?,9,16.42,E,8,11.94,E,8,74.0,E,8,964.3861999999999,E,8,999.0,E,8,0.83,E,8,-9900,?,9,-9900,?,9,0.0,E,8,-9900,?,9,-9900,?,9,0.0,0.0,E,8
06/17/2018,10:00,739.857,1322.408,377.92,1,8,227.236,1,8,250.869,1,8,45350.4,1,8,21587.395,1,8,27595.541,1,8,142.821,1,8,-9900,?,9,-9900,?,9,18.76,E,8,12.5,E,8,66.0,E,8,964.3861999999999,E,8,999.0,E,8,0.83,E,8,-9900,?,9,-9900,?,9,0.0,E,8,-9900,?,9,-9900,?,9,0.0,0.0,E,8
06/17/2018,11:00,874.837,1322.408,522.37,1,8,372.906,1,8,275.768,1,8,62684.4,1,8,35426.079,1,8,30334.458,1,8,132.738,1,8,-9900,?,9,-9900,?,9,20.92,E,8,13.0,E,8,60.0,E,8,964.3861999999999,E,8,999.0,E,8,0.83,E,8,-9900,?,9,-9900,?,9,0.0,E,8,-9900,?,9,-9900,?,9,0.0,0.0,E,8
06/17/2018,12:00,937.357,1322.408,565.17,1,8,369.113,1,8,303.609,1,8,67820.4,1,8,35065.718,1,8,33397.028,1,8,136.38,1,8,-9900,?,9,-9900,?,9,22.44,E,8,13.34,E,8,56.0,E,8,964.3861999999999,E,8,999.0,E,8,1.03,E,8,-9900,?,9,-9900,?,9,0.0,E,8,-9900,?,9,-9900,?,9,0.0,0.0,E,8
06/17/2018,13:00,923.138,1322.408,558.67,1,8,395.483,1,8,282.679,1,8,67040.4,1,8,37570.913,1,8,31094.688,1,8,128.937,1,8,-9900,?,9,-9900,?,9,23.43,E,8,13.56,E,8,53.0,E,8,964.3861999999999,E,8,999.0,E,8,0.84,E,8,-9900,?,9,-9900,?,9,0.0,E,8,-9900,?,9,-9900,?,9,0.0,0.0,E,8
06/17/2018,14:00,833.152,1322.408,474.07,1,8,317.115,1,8,274.368,1,8,56888.4,1,8,30125.961,1,8,30180.477,1,8,138.681,1,8,-9900,?,9,-9900,?,9,23.81,E,8,13.65,E,8,52.0,E,8,964.3861999999999,E,8,999.0,E,8,0.99,E,8,-9900,?,9,-9900,?,9,0.0,E,8,-9900,?,9,-9900,?,9,0.0,0.0,E,8
06/17/2018,15:00,673.57,1322.408,480.0,1,8,670.023,1,8,139.008,1,8,57600.0,1,8,63652.18,1,8,15290.889,1,8,86.943,1,8,-9900,?,9,-9900,?,9,24.11,E,8,13.71,E,8,52.0,E,8,964.3861999999999,E,8,999.0,E,8,2.24,E,8,-9900,?,9,-9900,?,9,0.0,E,8,-9900,?,9,-9900,?,9,0.0,0.0,E,8
06/17/2018,16:00,455.402,1322.408,311.44,1,8,575.551,1,8,113.663,1,8,37372.8,1,8,54677.344,1,8,12502.923,1,8,105.288,1,8,-9900,?,9,-9900,?,9,23.64,E,8,13.61,E,8,53.0,E,8,964.3861999999999,E,8,999.0,E,8,2.53,E,8,-9900,?,9,-9900,?,9,0.0,E,8,-9900,?,9,-9900,?,9,0.0,0.0,E,8
06/17/2018,17:00,194.324,1322.408,169.05,1,8,368.519,1,8,115.569,1,8,20286.0,1,8,35009.289,1,8,12712.602,1,8,253.485,1,8,-9900,?,9,-9900,?,9,22.61,E,8,13.38,E,8,55.0,E,8,964.3861999999999,E,8,999.0,E,8,2.36,E,8,-9900,?,9,-9900,?,9,0.0,E,8,-9900,?,9,-9900,?,9,0.0,0.0,E,8
06/17/2018,18:00,0.0,1322.408,6.54,1,8,0.0,1,8,0.0,1,8,784.8,1,8,0.0,1,8,0.0,1,8,-0.0,1,8,-9900,?,9,-9900,?,9,21.81,E,8,13.2,E,8,58.0,E,8,964.3861999999999,E,8,999.0,E,8,2.06,E,8,-9900,?,9,-9900,?,9,0.0,E,8,-9900,?,9,-9900,?,9,0.0,0.0,E,8
06/17/2018,19:00,0.0,1322.408,0.0,1,8,0.0,1,8,0.0,1,8,0.0,1,8,0.0,1,8,0.0,1,8,-0.0,1,8,-9900,?,9,-9900,?,9,21.01,E,8,13.02,E,8,60.0,E,8,964.3861999999999,E,8,999.0,E,8,1.19,E,8,-9900,?,9,-9900,?,9,0.0,E,8,-9900,?,9,-9900,?,9,0.0,0.0,E,8
06/17/2018,20:00,0.0,1322.408,0.0,1,8,0.0,1,8,0.0,1,8,0.0,1,8,0.0,1,8,0.0,1,8,-0.0,1,8,-9900,?,9,-9900,?,9,20.22,E,8,12.84,E,8,62.0,E,8,964.3861999999999,E,8,999.0,E,8,1.18,E,8,-9900,?,9,-9900,?,9,0.0,E,8,-9900,?,9,-9900,?,9,0.0,0.0,E,8
06/17/2018,21:00,0.0,1322.408,0.0,1,8,0.0,1,8,0.0,1,8,0.0,1,8,0.0,1,8,0.0,1,8,-0.0,1,8,-9900,?,9,-9900,?,9,19.42,E,8,12.65,E,8,64.0,E,8,964.3861999999999,E,8,999.0,E,8,1.24,E,8,-9900,?,9,-9900,?,9,0.0,E,8,-9900,?,9,-9900,?,9,0.0,0.0,E,8
06/17/2018,22:00,0.0,1322.408,0.0,1,8,0.0,1,8,0.0,1,8,0.0,1,8,0.0,1,8,0.0,1,8,-0.0,1,8,-9900,?,9,-9900,?,9,18.63,E,8,12.47,E,8,67.0,E,8,964.3861999999999,E,8,999.0,E,8,1.35,E,8,-9900,?,9,-9900,?,9,0.0,E,8,-9900,?,9,-9900,?,9,0.0,0.0,E,8
06/17/2018,23:00,0.0,1322.408,0.0,1,8,0.0,1,8,0.0,1,8,0.0,1,8,0.0,1,8,0.0,1,8,-0.0,1,8,-9900,?,9,-9900,?,9,17.83,E,8,12.28,E,8,69.0,E,8,964.3861999999999,E,8,999.0,E,8,1.32,E,8,-9900,?,9,-9900,?,9,0.0,E,8,-9900,?,9,-9900,?,9,0.0,0.0,E,8
06/17/2018,24:00,0.0,1322.408,0.0,1,8,0.0,1,8,0.0,1,8,0.0,1,8,0.0,1,8,0.0,1,8,-0.0,1,8,-9900,?,9,-9900,?,9,17.03,E,8,12.71,E,8,75.0,E,8,964.3861999999999,E,8,999.0,E,8,1.11,E,8,-9900,?,9,-9900,?,9,0.0,E,8,-9900,?,9,-9900,?,9,0.0,0.0,E,8
06/18/2018,01:00,0.0,1322.408,0.0,1,8,0.0,1,8,0.0,1,8,0.0,1,8,0.0,1,8,0.0,1,8,-0.0,1,8,-9900,?,9,-9900,?,9,16.63,E,8,12.62,E,8,77.0,E,8,964.3861999999999,E,8,999.0,E,8,1.18,E,8,-9900,?,9,-9900,?,9,0.0,E,8,-9900,?,9,-9900,?,9,0.0,0.0,E,8
06/18/2018,02:00,0.0,1322.408,0.0,1,8,0.0,1,8,0.0,1,8,0.0,1,8,0.0,1,8,0.0,1,8,-0.0,1,8,-9900,?,9,-9900,?,9,16.24,E,8,12.53,E,8,78.0,E,8,964.3861999999999,E,8,999.0,E,8,1.11,E,8,-9900,?,9,-9900,?,9,0.0,E,8,-9900,?,9,-9900,?,9,0.0,0.0,E,8
06/18/2018,03:00,0.0,1322.408,0.0,1,8,0.0,1,8,0.0,1,8,0.0,1,8,0.0,1,8,0.0,1,8,-0.0,1,8,-9900,?,9,-9900,?,9,15.84,E,8,12.44,E,8,80.0,E,8,964.3861999999999,E,8,999.0,E,8,1.11,E,8,-9900,?,9,-9900,?,9,0.0,E,8,-9900,?,9,-9900,?,9,0.0,0.0,E,8
06/18/2018,04:00,0.0,1322.194,0.0,1,8,0.0,1,8,0.0,1,8,0.0,1,8,0.0,1,8,0.0,1,8,-0.0,1,8,-9900,?,9,-9900,?,9,15.44,E,8,12.34,E,8,81.0,E,8,964.3861999999999,E,8,999.0,E,8,1.11,E,8,-9900,?,9,-9900,?,9,0.0,E,8,-9900,?,9,-9900,?,9,0.0,0.0,E,8
06/18/2018,05:00,0.0,1322.194,0.0,1,8,0.0,1,8,0.0,1,8,0.0,1,8,0.0,1,8,0.0,1,8,-0.0,1,8,-9900,?,9,-9900,?,9,15.04,E,8,12.25,E,8,83.0,E,8,964.3861999999999,E,8,999.0,E,8,1.11,E,8,-9900,?,9,-9900,?,9,0.0,E,8,-9900,?,9,-9900,?,9,0.0,0.0,E,8
06/18/2018,06:00,0.0,1322.194,0.0,1,8,0.0,1,8,0.0,1,8,0.0,1,8,0.0,1,8,0.0,1,8,-0.0,1,8,-9900,?,9,-9900,?,9,14.73,E,8,12.18,E,8,84.0,E,8,964.3861999999999,E,8,999.0,E,8,1.11,E,8,-9900,?,9,-9900,?,9,0.0,E,8,-9900,?,9,-9900,?,9,0.0,0.0,E,8
06/18/2018,07:00,19.897,1322.194,0.0,1,8,0.0,1,8,0.0,1,8,0.0,1,8,0.0,1,8,0.0,1,8,0.0,1,8,-9900,?,9,-9900,?,9,14.47,E,8,12.12,E,8,85.0,E,8,964.3861999999999,E,8,999.0,E,8,1.11,E,8,-9900,?,9,-9900,?,9,0.0,E,8,-9900,?,9,-9900,?,9,0.0,0.0,E,8
06/18/2018,08:00,292.932,1322.194,38.91,1,8,0.0,1,8,38.91,1,8,4669.2,1,8,0.0,1,8,4280.1,1,8,56.213,1,8,-9900,?,9,-9900,?,9,14.21,E,8,12.05,E,8,86.0,E,8,964.3861999999999,E,8,999.0,E,8,1.11,E,8,-9900,?,9,-9900,?,9,0.0,E,8,-9900,?,9,-9900,?,9,0.0,0.0,E,8
06/18/2018,09:00,540.454,1322.194,200.78,1,8,76.222,1,8,169.669,1,8,24093.6,1,8,7241.058,1,8,18663.615,1,8,132.319,1,8,-9900,?,9,-9900,?,9,17.68,E,8,12.86,E,8,73.0,E,8,964.3861999999999,E,8,999.0,E,8,1.11,E,8,-9900,?,9,-9900,?,9,0.0,E,8,-9900,?,9,-9900,?,9,0.0,0.0,E,8
06/18/2018,10:00,738.752,1322.194,355.6,1,8,181.885,1,8,254.041,1,8,42672.0,1,8,17279.051,1,8,27944.48,1,8,144.821,1,8,-9900,?,9,-9900,?,9,19.96,E,8,13.37,E,8,65.0,E,8,964.3861999999999,E,8,999.0,E,8,1.11,E,8,-9900,?,9,-9900,?,9,0.0,E,8,-9900,?,9,-9900,?,9,0.0,0.0,E,8
06/18/2018,11:00,873.937,1322.194,474.06,1,8,263.295,1,8,300.094,1,8,56887.2,1,8,25013.07,1,8,33010.344,1,8,144.573,1,8,-9900,?,9,-9900,?,9,21.96,E,8,13.81,E,8,59.0,E,8,964.3861999999999,E,8,999.0,E,8,1.37,E,8,-9900,?,9,-9900,?,9,0.0,E,8,-9900,?,9,-9900,?,9,0.0,0.0,E,8
06/18/2018,12:00,936.715,1322.194,544.92,1,8,340.887,1,8,303.487,1,8,65390.4,1,8,32384.253,1,8,33383.602,1,8,136.397,1,8,-9900,?,9,-9900,?,9,23.56,E,8,14.15,E,8,55.0,E,8,964.3861999999999,E,8,999.0,E,8,2.18,E,8,-9900,?,9,-9900,?,9,0.0,E,8,-9900,?,9,-9900,?,9,0.0,0.0,E,8
06/18/2018,13:00,922.786,1322.194,562.45,1,8,411.887,1,8,275.074,1,8,67494.0,1,8,39129.31,1,8,30258.177,1,8,125.496,1,8,-9900,?,9,-9900,?,9,24.72,E,8,14.39,E,8,52.0,E,8,964.3861999999999,E,8,999.0,E,8,1.11,E,8,-9900,?,9,-9900,?,9,0.0,E,8,-9900,?,9,-9900,?,9,0.0,0.0,E,8
06/18/2018,14:00,833.103,1322.194,525.28,1,8,484.526,1,8,220.12,1,8,63033.6,1,8,46029.961,1,8,24213.243,1,8,111.25,1,8,-9900,?,9,-9900,?,9,25.39,E,8,14.53,E,8,51.0,E,8,964.3861999999999,E,8,999.0,E,8,1.41,E,8,-9900,?,9,-9900,?,9,0.0,E,8,-9900,?,9,-9900,?,9,0.0,0.0,E,8
06/18/2018,15:00,673.816,1322.194,436.35,1,8,604.801,1,8,128.388,1,8,52362.0,1,8,57456.142,1,8,14122.707,1,8,80.259,1,8,-9900,?,9,-9900,?,9,25.58,E,8,14.57,E,8,50.0,E,8,964.3861999999999,E,8,999.0,E,8,1.11,E,8,-9900,?,9,-9900,?,9,0.0,E,8,-9900,?,9,-9900,?,9,0.0,0.0,E,8
06/18/2018,16:00,455.914,1322.194,303.07,1,8,611.205,1,8,92.77,1,8,36368.4,1,8,58064.43,1,8,10204.648,1,8,85.823,1,8,-9900,?,9,-9900,?,9,25.09,E,8,14.47,E,8,51.0,E,8,964.3861999999999,E,8,999.0,E,8,1.11,E,8,-9900,?,9,-9900,?,9,0.0,E,8,-9900,?,9,-9900,?,9,0.0,0.0,E,8
06/18/2018,17:00,195.051,1322.194,140.02,1,8,375.672,1,8,85.283,1,8,16802.4,1,8,35688.816,1,8,9381.157,1,8,186.313,1,8,-9900,?,9,-9900,?,9,23.89,E,8,14.22,E,8,54.0,E,8,964.3861999999999,E,8,999.0,E,8,1.11,E,8,-9900,?,9,-9900,?,9,0.0,E,8,-9900,?,9,-9900,?,9,0.0,0.0,E,8
06/18/2018,18:00,0.0,1322.194,3.98,1,8,0.0,1,8,0.0,1,8,477.6,1,8,0.0,1,8,0.0,1,8,-0.0,1,8,-9900,?,9,-9900,?,9,23.06,E,8,14.04,E,8,56.0,E,8,964.3861999999999,E,8,999.0,E,8,1.11,E,8,-9900,?,9,-9900,?,9,0.0,E,8,-9900,?,9,-9900,?,9,0.0,0.0,E,8
06/18/2018,19:00,0.0,1322.194,0.0,1,8,0.0,1,8,0.0,1,8,0.0,1,8,0.0,1,8,0.0,1,8,-0.0,1,8,-9900,?,9,-9900,?,9,22.22,E,8,13.86,E,8,59.0,E,8,964.3861999999999,E,8,999.0,E,8,1.11,E,8,-9900,?,9,-9900,?,9,0.0,E,8,-9900,?,9,-9900,?,9,0.0,0.0,E,8
06/18/2018,20:00,0.0,1322.194,0.0,1,8,0.0,1,8,0.0,1,8,0.0,1,8,0.0,1,8,0.0,1,8,-0.0,1,8,-9900,?,9,-9900,?,9,21.38,E,8,13.68,E,8,61.0,E,8,964.3861999999999,E,8,999.0,E,8,1.11,E,8,-9900,?,9,-9900,?,9,0.0,E,8,-9900,?,9,-9900,?,9,0.0,0.0,E,8
06/18/2018,21:00,0.0,1322.194,0.0,1,8,0.0,1,8,0.0,1,8,0.0,1,8,0.0,1,8,0.0,1,8,-0.0,1,8,-9900,?,9,-9900,?,9,20.55,E,8,13.5,E,8,63.0,E,8,964.3861999999999,E,8,999.0,E,8,1.11,E,8,-9900,?,9,-9900,?,9,0.0,E,8,-9900,?,9,-9900,?,9,0.0,0.0,E,8
06/18/2018,22:00,0.0,1322.194,0.0,1,8,0.0,1,8,0.0,1,8,0.0,1,8,0.0,1,8,0.0,1,8,-0.0,1,8,-9900,?,9,-9900,?,9,19.71,E,8,13.32,E,8,66.0,E,8,964.3861999999999,E,8,999.0,E,8,1.11,E,8,-9900,?,9,-9900,?,9,0.0,E,8,-9900,?,9,-9900,?,9,0.0,0.0,E,8
06/18/2018,23:00,0.0,1322.194,0.0,1,8,0.0,1,8,0.0,1,8,0.0,1,8,0.0,1,8,0.0,1,8,-0.0,1,8,-9900,?,9,-9900,?,9,18.88,E,8,13.13,E,8,69.0,E,8,964.3861999999999,E,8,999.0,E,8,1.11,E,8,-9900,?,9,-9900,?,9,0.0,E,8,-9900,?,9,-9900,?,9,0.0,0.0,E,8
06/18/2018,24:00,0.0,1322.194,0.0,1,8,0.0,1,8,0.0,1,8,0.0,1,8,0.0,1,8,0.0,1,8,-0.0,1,8,-9900,?,9,-9900,?,9,18.04,E,8,13.91,E,8,76.0,E,8,964.3861999999999,E,8,999.0,E,8,1.14,E,8,-9900,?,9,-9900,?,9,0.0,E,8,-9900,?,9,-9900,?,9,0.0,0.0,E,8
06/19/2018,01:00,0.0,1322.194,0.0,1,8,0.0,1,8,0.0,1,8,0.0,1,8,0.0,1,8,0.0,1,8,-0.0,1,8,-9900,?,9,-9900,?,9,17.62,E,8,13.79,E,8,78.0,E,8,964.3861999999999,E,8,999.0,E,8,1.14,E,8,-9900,?,9,-9900,?,9,0.0,E,8,-9900,?,9,-9900,?,9,0.0,0.0,E,8
06/19/2018,02:00,0.0,1322.194,0.0,1,8,0.0,1,8,0.0,1,8,0.0,1,8,0.0,1,8,0.0,1,8,-0.0,1,8,-9900,?,9,-9900,?,9,17.2,E,8,13.67,E,8,79.0,E,8,964.3861999999999,E,8,999.0,E,8,1.14,E,8,-9900,?,9,-9900,?,9,0.0,E,8,-9900,?,9,-9900,?,9,0.0,0.0,E,8
06/19/2018,03:00,0.0,1322.194,0.0,1,8,0.0,1,8,0.0,1,8,0.0,1,8,0.0,1,8,0.0,1,8,-0.0,1,8,-9900,?,9,-9900,?,9,16.78,E,8,13.55,E,8,81.0,E,8,964.3861999999999,E,8,999.0,E,8,1.14,E,8,-9900,?,9,-9900,?,9,0.0,E,8,-9900,?,9,-9900,?,9,0.0,0.0,E,8
06/19/2018,04:00,0.0,1321.991,0.0,1,8,0.0,1,8,0.0,1,8,0.0,1,8,0.0,1,8,0.0,1,8,-0.0,1,8,-9900,?,9,-9900,?,9,16.37,E,8,13.43,E,8,82.0,E,8,964.3861999999999,E,8,999.0,E,8,1.14,E,8,-9900,?,9,-9900,?,9,0.0,E,8,-9900,?,9,-9900,?,9,0.0,0.0,E,8
06/19/2018,05:00,0.0,1321.991,0.0,1,8,0.0,1,8,0.0,1,8,0.0,1,8,0.0,1,8,0.0,1,8,-0.0,1,8,-9900,?,9,-9900,?,9,15.95,E,8,13.31,E,8,84.0,E,8,964.3861999999999,E,8,999.0,E,8,1.14,E,8,-9900,?,9,-9900,?,9,0.0,E,8,-9900,?,9,-9900,?,9,0.0,0.0,E,8
06/19/2018,06:00,0.0,1321.991,0.0,1,8,0.0,1,8,0.0,1,8,0.0,1,8,0.0,1,8,0.0,1,8,-0.0,1,8,-9900,?,9,-9900,?,9,15.62,E,8,13.21,E,8,85.0,E,8,964.3861999999999,E,8,999.0,E,8,1.14,E,8,-9900,?,9,-9900,?,9,0.0,E,8,-9900,?,9,-9900,?,9,0.0,0.0,E,8
06/19/2018,07:00,18.809,1321.991,0.0,1,8,0.0,1,8,0.0,1,8,0.0,1,8,0.0,1,8,0.0,1,8,0.0,1,8,-9900,?,9,-9900,?,9,15.35,E,8,13.13,E,8,86.0,E,8,964.3861999999999,E,8,999.0,E,8,1.14,E,8,-9900,?,9,-9900,?,9,0.0,E,8,-9900,?,9,-9900,?,9,0.0,0.0,E,8
06/19/2018,08:00,291.703,1321.991,62.1,1,8,0.0,1,8,62.1,1,8,7452.0,1,8,0.0,1,8,6831.0,1,8,90.083,1,8,-9900,?,9,-9900,?,9,15.07,E,8,13.05,E,8,87.0,E,8,964.3861999999999,E,8,999.0,E,8,1.14,E,8,-9900,?,9,-9900,?,9,0.0,E,8,-9900,?,9,-9900,?,9,0.0,0.0,E,8
06/19/2018,09:00,539.303,1321.991,270.51,1,8,229.55,1,8,177.003,1,8,32461.2,1,8,21807.21,1,8,19470.276,1,8,138.312,1,8,-9900,?,9,-9900,?,9,19.45,E,8,14.3,E,8,72.0,E,8,964.3861999999999,E,8,999.0,E,8,1.14,E,8,-9900,?,9,-9900,?,9,0.0,E,8,-9900,?,9,-9900,?,9,0.0,0.0,E,8
06/19/2018,10:00,737.754,1321.991,471.27,1,8,576.545,1,8,149.73,1,8,56552.4,1,8,54771.819,1,8,16470.302,1,8,85.459,1,8,-9900,?,9,-9900,?,9,22.12,E,8,15.02,E,8,64.0,E,8,964.3861999999999,E,8,999.0,E,8,1.14,E,8,-9900,?,9,-9900,?,9,0.0,E,8,-9900,?,9,-9900,?,9,0.0,0.0,E,8
06/19/2018,11:00,873.153,1321.991,558.93,1,8,497.779,1,8,230.28,1,8,67071.6,1,8,47289.012,1,8,25330.791,1,8,111.022,1,8,-9900,?,9,-9900,?,9,24.03,E,8,15.52,E,8,58.0,E,8,964.3861999999999,E,8,999.0,E,8,1.14,E,8,-9900,?,9,-9900,?,9,0.0,E,8,-9900,?,9,-9900,?,9,0.0,0.0,E,8
06/19/2018,12:00,936.192,1321.991,654.7,1,8,617.023,1,8,217.872,1,8,78564.0,1,8,58617.157,1,8,23965.903,1,8,97.958,1,8,-9900,?,9,-9900,?,9,25.69,E,8,15.94,E,8,54.0,E,8,964.3861999999999,E,8,999.0,E,8,1.14,E,8,-9900,?,9,-9900,?,9,0.0,E,8,-9900,?,9,-9900,?,9,0.0,0.0,E,8
06/19/2018,13:00,922.552,1321.991,531.1,1,8,308.643,1,8,315.78,1,8,63732.0,1,8,29321.067,1,8,34735.824,1,8,144.081,1,8,-9900,?,9,-9900,?,9,26.25,E,8,16.08,E,8,53.0,E,8,964.3861999999999,E,8,999.0,E,8,1.14,E,8,-9900,?,9,-9900,?,9,0.0,E,8,-9900,?,9,-9900,?,9,0.0,0.0,E,8
06/19/2018,14:00,833.167,1321.991,427.65,1,8,188.144,1,8,309.128,1,8,51318.0,1,8,17873.669,1,8,34004.045,1,8,156.199,1,8,-9900,?,9,-9900,?,9,26.26,E,8,16.08,E,8,53.0,E,8,964.3861999999999,E,8,999.0,E,8,1.29,E,8,-9900,?,9,-9900,?,9,0.0,E,8,-9900,?,9,-9900,?,9,0.0,0.0,E,8
06/19/2018,15:00,674.166,1321.991,345.03,1,8,145.402,1,8,270.942,1,8,41403.6,1,8,13813.155,1,8,29803.662,1,8,169.259,1,8,-9900,?,9,-9900,?,9,25.81,E,8,15.97,E,8,54.0,E,8,964.3861999999999,E,8,999.0,E,8,1.17,E,8,-9900,?,9,-9900,?,9,0.0,E,8,-9900,?,9,-9900,?,9,0.0,0.0,E,8
06/19/2018,16:00,456.517,1321.991,227.23,1,8,245.4,1,8,142.669,1,8,27267.6,1,8,23313.024,1,8,15693.545,1,8,131.79,1,8,-9900,?,9,-9900,?,9,24.87,E,8,15.73,E,8,56.0,E,8,964.3861999999999,E,8,999.0,E,8,1.26,E,8,-9900,?,9,-9900,?,9,0.0,E,8,-9900,?,9,-9900,?,9,0.0,0.0,E,8
06/19/2018,17:00,195.851,1321.991,137.67,1,8,353.595,1,8,85.925,1,8,16520.4,1,8,33591.532,1,8,9451.778,1,8,186.901,1,8,-9900,?,9,-9900,?,9,23.73,E,8,15.44,E,8,59.0,E,8,964.3861999999999,E,8,999.0,E,8,1.74,E,8,-9900,?,9,-9900,?,9,0.0,E,8,-9900,?,9,-9900,?,9,0.0,0.0,E,8
06/19/2018,18:00,0.0,1321.991,4.37,1,8,0.0,1,8,0.0,1,8,524.4,1,8,0.0,1,8,0.0,1,8,-0.0,1,8,-9900,?,9,-9900,?,9,22.86,E,8,15.21,E,8,62.0,E,8,964.3861999999999,E,8,999.0,E,8,1.14,E,8,-9900,?,9,-9900,?,9,0.0,E,8,-9900,?,9,-9900,?,9,0.0,0.0,E,8
06/19/2018,19:00,0.0,1321.991,0.0,1,8,0.0,1,8,0.0,1,8,0.0,1,8,0.0,1,8,0.0,1,8,-0.0,1,8,-9900,?,9,-9900,?,9,22.0,E,8,14.99,E,8,64.0,E,8,964.3861999999999,E,8,999.0,E,8,1.14,E,8,-9900,?,9,-9900,?,9,0.0,E,8,-9900,?,9,-9900,?,9,0.0,0.0,E,8
06/19/2018,20:00,0.0,1321.991,0.0,1,8,0.0,1,8,0.0,1,8,0.0,1,8,0.0,1,8,0.0,1,8,-0.0,1,8,-9900,?,9,-9900,?,9,21.13,E,8,14.76,E,8,66.0,E,8,964.3861999999999,E,8,999.0,E,8,1.14,E,8,-9900,?,9,-9900,?,9,0.0,E,8,-9900,?,9,-9900,?,9,0.0,0.0,E,8
06/19/2018,21:00,0.0,1321.991,0.0,1,8,0.0,1,8,0.0,1,8,0.0,1,8,0.0,1,8,0.0,1,8,-0.0,1,8,-9900,?,9,-9900,?,9,20.27,E,8,14.52,E,8,69.0,E,8,964.3861999999999,E,8,999.0,E,8,1.14,E,8,-9900,?,9,-9900,?,9,0.0,E,8,-9900,?,9,-9900,?,9,0.0,0.0,E,8
06/19/2018,22:00,0.0,1321.991,0.0,1,8,0.0,1,8,0.0,1,8,0.0,1,8,0.0,1,8,0.0,1,8,-0.0,1,8,-9900,?,9,-9900,?,9,19.4,E,8,14.29,E,8,72.0,E,8,964.3861999999999,E,8,999.0,E,8,1.14,E,8,-9900,?,9,-9900,?,9,0.0,E,8,-9900,?,9,-9900,?,9,0.0,0.0,E,8
06/19/2018,23:00,0.0,1321.991,0.0,1,8,0.0,1,8,0.0,1,8,0.0,1,8,0.0,1,8,0.0,1,8,-0.0,1,8,-9900,?,9,-9900,?,9,18.53,E,8,14.04,E,8,75.0,E,8,964.3861999999999,E,8,999.0,E,8,1.14,E,8,-9900,?,9,-9900,?,9,0.0,E,8,-9900,?,9,-9900,?,9,0.0,0.0,E,8
06/19/2018,24:00,0.0,1321.991,0.0,1,8,0.0,1,8,0.0,1,8,0.0,1,8,0.0,1,8,0.0,1,8,-0.0,1,8,-9900,?,9,-9900,?,9,17.67,E,8,14.28,E,8,80.0,E,8,964.3861999999999,E,8,999.0,E,8,1.18,E,8,-9900,?,9,-9900,?,9,0.0,E,8,-9900,?,9,-9900,?,9,0.0,0.0,E,8
06/20/2018,01:00,0.0,1321.991,0.0,1,8,0.0,1,8,0.0,1,8,0.0,1,8,0.0,1,8,0.0,1,8,-0.0,1,8,-9900,?,9,-9900,?,9,17.24,E,8,14.16,E,8,82.0,E,8,964.3861999999999,E,8,999.0,E,8,1.18,E,8,-9900,?,9,-9900,?,9,0.0,E,8,-9900,?,9,-9900,?,9,0.0,0.0,E,8
06/20/2018,02:00,0.0,1321.991,0.0,1,8,0.0,1,8,0.0,1,8,0.0,1,8,0.0,1,8,0.0,1,8,-0.0,1,8,-9900,?,9,-9900,?,9,16.8,E,8,14.04,E,8,83.0,E,8,964.3861999999999,E,8,999.0,E,8,1.18,E,8,-9900,?,9,-9900,?,9,0.0,E,8,-9900,?,9,-9900,?,9,0.0,0.0,E,8
06/20/2018,03:00,0.0,1321.991,0.0,1,8,0.0,1,8,0.0,1,8,0.0,1,8,0.0,1,8,0.0,1,8,-0.0,1,8,-9900,?,9,-9900,?,9,16.37,E,8,13.92,E,8,85.0,E,8,964.3861999999999,E,8,999.0,E,8,1.18,E,8,-9900,?,9,-9900,?,9,0.0,E,8,-9900,?,9,-9900,?,9,0.0,0.0,E,8
06/20/2018,04:00,0.0,1321.801,0.0,1,8,0.0,1,8,0.0,1,8,0.0,1,8,0.0,1,8,0.0,1,8,-0.0,1,8,-9900,?,9,-9900,?,9,15.94,E,8,13.79,E,8,87.0,E,8,964.3861999999999,E,8,999.0,E,8,1.18,E,8,-9900,?,9,-9900,?,9,0.0,E,8,-9900,?,9,-9900,?,9,0.0,0.0,E,8
06/20/2018,05:00,0.0,1321.801,0.0,1,8,0.0,1,8,0.0,1,8,0.0,1,8,0.0,1,8,0.0,1,8,-0.0,1,8,-9900,?,9,-9900,?,9,15.5,E,8,13.67,E,8,88.0,E,8,964.3861999999999,E,8,999.0,E,8,1.18,E,8,-9900,?,9,-9900,?,9,0.0,E,8,-9900,?,9,-9900,?,9,0.0,0.0,E,8
06/20/2018,06:00,0.0,1321.801,0.0,1,8,0.0,1,8,0.0,1,8,0.0,1,8,0.0,1,8,0.0,1,8,-0.0,1,8,-9900,?,9,-9900,?,9,15.17,E,8,13.57,E,8,90.0,E,8,964.3861999999999,E,8,999.0,E,8,1.18,E,8,-9900,?,9,-9900,?,9,0.0,E,8,-9900,?,9,-9900,?,9,0.0,0.0,E,8
06/20/2018,07:00,17.781,1321.801,0.0,1,8,0.0,1,8,0.0,1,8,0.0,1,8,0.0,1,8,0.0,1,8,0.0,1,8,-9900,?,9,-9900,?,9,14.88,E,8,13.49,E,8,91.0,E,8,964.3861999999999,E,8,999.0,E,8,1.18,E,8,-9900,?,9,-9900,?,9,0.0,E,8,-9900,?,9,-9900,?,9,0.0,0.0,E,8
06/20/2018,08:00,290.555,1321.801,29.15,1,8,0.0,1,8,29.15,1,8,3498.0,1,8,0.0,1,8,3206.5,1,8,42.448,1,8,-9900,?,9,-9900,?,9,14.6,E,8,13.41,E,8,92.0,E,8,964.3861999999999,E,8,999.0,E,8,1.18,E,8,-9900,?,9,-9900,?,9,0.0,E,8,-9900,?,9,-9900,?,9,0.0,0.0,E,8
06/20/2018,09:00,538.247,1321.801,153.03,1,8,12.837,1,8,147.81,1,8,18363.6,1,8,1219.548,1,8,16259.122,1,8,115.711,1,8,-9900,?,9,-9900,?,9,18.06,E,8,14.39,E,8,79.0,E,8,964.3861999999999,E,8,999.0,E,8,1.18,E,8,-9900,?,9,-9900,?,9,0.0,E,8,-9900,?,9,-9900,?,9,0.0,0.0,E,8
06/20/2018,10:00,736.863,1321.801,271.74,1,8,32.127,1,8,253.842,1,8,32608.8,1,8,3052.047,1,8,27922.613,1,8,145.036,1,8,-9900,?,9,-9900,?,9,20.35,E,8,15.01,E,8,71.0,E,8,964.3861999999999,E,8,999.0,E,8,1.18,E,8,-9900,?,9,-9900,?,9,0.0,E,8,-9900,?,9,-9900,?,9,0.0,0.0,E,8
06/20/2018,11:00,872.485,1321.801,362.68,1,8,84.286,1,8,307.066,1,8,43521.6,1,8,8007.195,1,8,33777.27,1,8,148.134,1,8,-9900,?,9,-9900,?,9,22.36,E,8,15.54,E,8,65.0,E,8,964.3861999999999,E,8,999.0,E,8,1.18,E,8,-9900,?,9,-9900,?,9,0.0,E,8,-9900,?,9,-9900,?,9,0.0,0.0,E,8
06/20/2018,12:00,935.788,1321.801,417.21,1,8,105.706,1,8,342.396,1,8,50065.2,1,8,10042.078,1,8,37663.531,1,8,153.991,1,8,-9900,?,9,-9900,?,9,23.99,E,8,15.95,E,8,60.0,E,8,964.3861999999999,E,8,999.0,E,8,1.18,E,8,-9900,?,9,-9900,?,9,0.0,E,8,-9900,?,9,-9900,?,9,0.0,0.0,E,8
06/20/2018,13:00,922.436,1321.801,430.93,1,8,128.911,1,8,340.995,1,8,51711.6,1,8,12246.564,1,8,37509.501,1,8,155.583,1,8,-9900,?,9,-9900,?,9,25.15,E,8,16.24,E,8,57.0,E,8,964.3861999999999,E,8,999.0,E,8,1.18,E,8,-9900,?,9,-9900,?,9,0.0,E,8,-9900,?,9,-9900,?,9,0.0,0.0,E,8
06/20/2018,14:00,833.344,1321.801,402.8,1,8,159.692,1,8,302.165,1,8,48336.0,1,8,15170.706,1,8,33238.204,1,8,152.627,1,8,-9900,?,9,-9900,?,9,25.83,E,8,16.41,E,8,56.0,E,8,964.3861999999999,E,8,999.0,E,8,1.18,E,8,-9900,?,9,-9900,?,9,0.0,E,8,-9900,?,9,-9900,?,9,0.0,0.0,E,8
06/20/2018,15:00,674.618,1321.801,334.99,1,8,201.989,1,8,231.985,1,8,40198.8,1,8,19188.98,1,8,25518.327,1,8,144.803,1,8,-9900,?,9,-9900,?,9,26.02,E,8,16.46,E,8,55.0,E,8,964.3861999999999,E,8,999.0,E,8,1.18,E,8,-9900,?,9,-9900,?,9,0.0,E,8,-9900,?,9,-9900,?,9,0.0,0.0,E,8
06/20/2018,16:00,457.209,1321.801,233.17,1,8,302.738,1,8,128.677,1,8,27980.4,1,8,28760.141,1,8,14154.438,1,8,118.667,1,8,-9900,?,9,-9900,?,9,25.54,E,8,16.34,E,8,56.0,E,8,964.3861999999999,E,8,999.0,E,8,1.18,E,8,-9900,?,9,-9900,?,9,0.0,E,8,-9900,?,9,-9900,?,9,0.0,0.0,E,8
06/20/2018,17:00,196.724,1321.801,108.39,1,8,333.478,1,8,59.359,1,8,13006.8,1,8,31680.446,1,8,6529.509,1,8,128.51,1,8,-9900,?,9,-9900,?,9,24.35,E,8,16.04,E,8,59.0,E,8,964.3861999999999,E,8,999.0,E,8,1.18,E,8,-9900,?,9,-9900,?,9,0.0,E,8,-9900,?,9,-9900,?,9,0.0,0.0,E,8
06/20/2018,18:00,0.0,1321.801,3.34,1,8,0.0,1,8,0.0,1,8,400.8,1,8,0.0,1,8,0.0,1,8,-0.0,1,8,-9900,?,9,-9900,?,9,23.5,E,8,15.83,E,8,62.0,E,8,964.3861999999999,E,8,999.0,E,8,1.18,E,8,-9900,?,9,-9900,?,9,0.0,E,8,-9900,?,9,-9900,?,9,0.0,0.0,E,8
06/20/2018,19:00,0.0,1321.801,0.0,1,8,0.0,1,8,0.0,1,8,0.0,1,8,0.0,1,8,0.0,1,8,-0.0,1,8,-9900,?,9,-9900,?,9,22.65,E,8,15.61,E,8,64.0,E,8,964.3861999999999,E,8,999.0,E,8,1.18,E,8,-9900,?,9,-9900,?,9,0.0,E,8,-9900,?,9,-9900,?,9,0.0,0.0,E,8
06/20/2018,20:00,0.0,1321.801,0.0,1,8,0.0,1,8,0.0,1,8,0.0,1,8,0.0,1,8,0.0,1,8,-0.0,1,8,-9900,?,9,-9900,?,9,21.8,E,8,15.39,E,8,66.0,E,8,964.3861999999999,E,8,999.0,E,8,1.18,E,8,-9900,?,9,-9900,?,9,0.0,E,8,-9900,?,9,-9900,?,9,0.0,0.0,E,8
06/20/2018,21:00,0.0,1321.801,0.0,1,8,0.0,1,8,0.0,1,8,0.0,1,8,0.0,1,8,0.0,1,8,-0.0,1,8,-9900,?,9,-9900,?,9,20.95,E,8,15.17,E,8,69.0,E,8,964.3861999999999,E,8,999.0,E,8,1.18,E,8,-9900,?,9,-9900,?,9,0.0,E,8,-9900,?,9,-9900,?,9,0.0,0.0,E,8
06/20/2018,22:00,0.0,1321.801,0.0,1,8,0.0,1,8,0.0,1,8,0.0,1,8,0.0,1,8,0.0,1,8,-0.0,1,8,-9900,?,9,-9900,?,9,20.1,E,8,14.94,E,8,72.0,E,8,964.3861999999999,E,8,999.0,E,8,1.18,E,8,-9900,?,9,-9900,?,9,0.0,E,8,-9900,?,9,-9900,?,9,0.0,0.0,E,8
06/20/2018,23:00,0.0,1321.801,0.0,1,8,0.0,1,8,0.0,1,8,0.0,1,8,0.0,1,8,0.0,1,8,-0.0,1,8,-9900,?,9,-9900,?,9,19.25,E,8,14.71,E,8,75.0,E,8,964.3861999999999,E,8,999.0,E,8,1.18,E,8,-9900,?,9,-9900,?,9,0.0,E,8,-9900,?,9,-9900,?,9,0.0,0.0,E,8
06/20/2018,24:00,0.0,1321.801,0.0,1,8,0.0,1,8,0.0,1,8,0.0,1,8,0.0,1,8,0.0,1,8,-0.0,1,8,-9900,?,9,-9900,?,9,18.4,E,8,15.15,E,8,81.0,E,8,964.3861999999999,E,8,999.0,E,8,1.18,E,8,-9900,?,9,-9900,?,9,0.0,E,8,-9900,?,9,-9900,?,9,0.0,0.0,E,8
06/21/2018,01:00,0.0,1321.801,0.0,1,8,0.0,1,8,0.0,1,8,0.0,1,8,0.0,1,8,0.0,1,8,-0.0,1,8,-9900,?,9,-9900,?,9,17.98,E,8,15.06,E,8,83.0,E,8,964.3861999999999,E,8,999.0,E,8,1.18,E,8,-9900,?,9,-9900,?,9,0.0,E,8,-9900,?,9,-9900,?,9,0.0,0.0,E,8
06/21/2018,02:00,0.0,1321.801,0.0,1,8,0.0,1,8,0.0,1,8,0.0,1,8,0.0,1,8,0.0,1,8,-0.0,1,8,-9900,?,9,-9900,?,9,17.55,E,8,14.96,E,8,84.0,E,8,964.3861999999999,E,8,999.0,E,8,1.18,E,8,-9900,?,9,-9900,?,9,0.0,E,8,-9900,?,9,-9900,?,9,0.0,0.0,E,8
06/21/2018,03:00,0.0,1321.801,0.0,1,8,0.0,1,8,0.0,1,8,0.0,1,8,0.0,1,8,0.0,1,8,-0.0,1,8,-9900,?,9,-9900,?,9,17.13,E,8,14.87,E,8,86.0,E,8,964.3861999999999,E,8,999.0,E,8,1.18,E,8,-9900,?,9,-9900,?,9,0.0,E,8,-9900,?,9,-9900,?,9,0.0,0.0,E,8
06/21/2018,04:00,0.0,1321.624,0.0,1,8,0.0,1,8,0.0,1,8,0.0,1,8,0.0,1,8,0.0,1,8,-0.0,1,8,-9900,?,9,-9900,?,9,16.7,E,8,14.77,E,8,88.0,E,8,964.3861999999999,E,8,999.0,E,8,1.18,E,8,-9900,?,9,-9900,?,9,0.0,E,8,-9900,?,9,-9900,?,9,0.0,0.0,E,8
06/21/2018,05:00,0.0,1321.624,0.0,1,8,0.0,1,8,0.0,1,8,0.0,1,8,0.0,1,8,0.0,1,8,-0.0,1,8,-9900,?,9,-9900,?,9,16.28,E,8,14.67,E,8,90.0,E,8,964.3861999999999,E,8,999.0,E,8,1.18,E,8,-9900,?,9,-9900,?,9,0.0,E,8,-9900,?,9,-9900,?,9,0.0,0.0,E,8
06/21/2018,06:00,0.0,1321.624,0.0,1,8,0.0,1,8,0.0,1,8,0.0,1,8,0.0,1,8,0.0,1,8,-0.0,1,8,-9900,?,9,-9900,?,9,15.95,E,8,14.6,E,8,91.0,E,8,964.3861999999999,E,8,999.0,E,8,1.18,E,8,-9900,?,9,-9900,?,9,0.0,E,8,-9900,?,9,-9900,?,9,0.0,0.0,E,8
06/21/2018,07:00,16.813,1321.624,0.0,1,8,0.0,1,8,0.0,1,8,0.0,1,8,0.0,1,8,0.0,1,8,0.0,1,8,-9900,?,9,-9900,?,9,15.67,E,8,14.54,E,8,92.0,E,8,964.3861999999999,E,8,999.0,E,8,1.18,E,8,-9900,?,9,-9900,?,9,0.0,E,8,-9900,?,9,-9900,?,9,0.0,0.0,E,8
06/21/2018,08:00,289.489,1321.624,31.79,1,8,0.0,1,8,31.79,1,8,3814.8,1,8,0.0,1,8,3496.9,1,8,46.459,1,8,-9900,?,9,-9900,?,9,15.39,E,8,14.47,E,8,94.0,E,8,964.3861999999999,E,8,999.0,E,8,1.18,E,8,-9900,?,9,-9900,?,9,0.0,E,8,-9900,?,9,-9900,?,9,0.0,0.0,E,8
06/21/2018,09:00,537.289,1321.624,168.16,1,8,24.135,1,8,158.363,1,8,20179.2,1,8,2292.788,1,8,17419.91,1,8,124.177,1,8,-9900,?,9,-9900,?,9,18.25,E,8,15.12,E,8,81.0,E,8,964.3861999999999,E,8,999.0,E,8,1.18,E,8,-9900,?,9,-9900,?,9,0.0,E,8,-9900,?,9,-9900,?,9,0.0,0.0,E,8
06/21/2018,10:00,736.081,1321.624,298.96,1,8,85.757,1,8,251.228,1,8,35875.2,1,8,8146.928,1,8,27635.134,1,8,143.676,1,8,-9900,?,9,-9900,?,9,20.15,E,8,15.53,E,8,74.0,E,8,964.3861999999999,E,8,999.0,E,8,1.18,E,8,-9900,?,9,-9900,?,9,0.0,E,8,-9900,?,9,-9900,?,9,0.0,0.0,E,8
06/21/2018,11:00,871.933,1321.624,399.2,1,8,116.556,1,8,322.332,1,8,47904.0,1,8,11072.812,1,8,35456.544,1,8,155.576,1,8,-9900,?,9,-9900,?,9,21.82,E,8,15.89,E,8,69.0,E,8,964.3861999999999,E,8,999.0,E,8,1.18,E,8,-9900,?,9,-9900,?,9,0.0,E,8,-9900,?,9,-9900,?,9,0.0,0.0,E,8
06/21/2018,12:00,935.504,1321.624,459.38,1,8,155.047,1,8,349.663,1,8,55125.6,1,8,14729.446,1,8,38462.936,1,8,157.286,1,8,-9900,?,9,-9900,?,9,23.16,E,8,16.17,E,8,64.0,E,8,964.3861999999999,E,8,999.0,E,8,1.18,E,8,-9900,?,9,-9900,?,9,0.0,E,8,-9900,?,9,-9900,?,9,0.0,0.0,E,8
06/21/2018,13:00,922.439,1321.624,474.67,1,8,187.878,1,8,343.58,1,8,56960.4,1,8,17848.38,1,8,37793.761,1,8,156.741,1,8,-9900,?,9,-9900,?,9,24.13,E,8,16.37,E,8,61.0,E,8,964.3861999999999,E,8,999.0,E,8,1.18,E,8,-9900,?,9,-9900,?,9,0.0,E,8,-9900,?,9,-9900,?,9,0.0,0.0,E,8
06/21/2018,14:00,833.632,1321.624,443.86,1,8,266.882,1,8,275.595,1,8,53263.2,1,8,25353.822,1,8,30315.456,1,8,139.139,1,8,-9900,?,9,-9900,?,9,24.7,E,8,16.48,E,8,60.0,E,8,964.3861999999999,E,8,999.0,E,8,1.18,E,8,-9900,?,9,-9900,?,9,0.0,E,8,-9900,?,9,-9900,?,9,0.0,0.0,E,8
06/21/2018,15:00,675.172,1321.624,369.36,1,8,344.087,1,8,193.723,1,8,44323.2,1,8,32688.296,1,8,21309.561,1,8,120.805,1,8,-9900,?,9,-9900,?,9,24.86,E,8,16.52,E,8,59.0,E,8,964.3861999999999,E,8,999.0,E,8,1.18,E,8,-9900,?,9,-9900,?,9,0.0,E,8,-9900,?,9,-9900,?,9,0.0,0.0,E,8
06/21/2018,16:00,457.989,1321.624,257.38,1,8,364.238,1,8,131.427,1,8,30885.6,1,8,34602.637,1,8,14456.959,1,8,120.979,1,8,-9900,?,9,-9900,?,9,24.46,E,8,16.44,E,8,60.0,E,8,964.3861999999999,E,8,999.0,E,8,1.18,E,8,-9900,?,9,-9900,?,9,0.0,E,8,-9900,?,9,-9900,?,9,0.0,0.0,E,8
06/21/2018,17:00,197.668,1321.624,120.04,1,8,396.825,1,8,61.401,1,8,14404.8,1,8,37698.328,1,8,6754.093,1,8,132.262,1,8,-9900,?,9,-9900,?,9,23.48,E,8,16.23,E,8,63.0,E,8,964.3861999999999,E,8,999.0,E,8,1.18,E,8,-9900,?,9,-9900,?,9,0.0,E,8,-9900,?,9,-9900,?,9,0.0,0.0,E,8
06/21/2018,18:00,0.0,1321.624,3.86,1,8,0.0,1,8,0.0,1,8,463.2,1,8,0.0,1,8,0.0,1,8,-0.0,1,8,-9900,?,9,-9900,?,9,22.67,E,8,16.07,E,8,66.0,E,8,964.3861999999999,E,8,999.0,E,8,1.18,E,8,-9900,?,9,-9900,?,9,0.0,E,8,-9900,?,9,-9900,?,9,0.0,0.0,E,8
06/21/2018,19:00,0.0,1321.624,0.0,1,8,0.0,1,8,0.0,1,8,0.0,1,8,0.0,1,8,0.0,1,8,-0.0,1,8,-9900,?,9,-9900,?,9,21.86,E,8,15.9,E,8,68.0,E,8,964.3861999999999,E,8,999.0,E,8,1.18,E,8,-9900,?,9,-9900,?,9,0.0,E,8,-9900,?,9,-9900,?,9,0.0,0.0,E,8
06/21/2018,20:00,0.0,1321.624,0.0,1,8,0.0,1,8,0.0,1,8,0.0,1,8,0.0,1,8,0.0,1,8,-0.0,1,8,-9900,?,9,-9900,?,9,21.05,E,8,15.72,E,8,71.0,E,8,964.3861999999999,E,8,999.0,E,8,1.18,E,8,-9900,?,9,-9900,?,9,0.0,E,8,-9900,?,9,-9900,?,9,0.0,0.0,E,8
06/21/2018,21:00,0.0,1321.624,0.0,1,8,0.0,1,8,0.0,1,8,0.0,1,8,0.0,1,8,0.0,1,8,-0.0,1,8,-9900,?,9,-9900,?,9,20.25,E,8,15.55,E,8,74.0,E,8,964.3861999999999,E,8,999.0,E,8,1.18,E,8,-9900,?,9,-9900,?,9,0.0,E,8,-9900,?,9,-9900,?,9,0.0,0.0,E,8
06/21/2018,22:00,0.0,1321.624,0.0,1,8,0.0,1,8,0.0,1,8,0.0,1,8,0.0,1,8,0.0,1,8,-0.0,1,8,-9900,?,9,-9900,?,9,19.44,E,8,15.38,E,8,77.0,E,8,964.3861999999999,E,8,999.0,E,8,1.18,E,8,-9900,?,9,-9900,?,9,0.0,E,8,-9900,?,9,-9900,?,9,0.0,0.0,E,8
06/21/2018,23:00,0.0,1321.624,0.0,1,8,0.0,1,8,0.0,1,8,0.0,1,8,0.0,1,8,0.0,1,8,-0.0,1,8,-9900,?,9,-9900,?,9,18.63,E,8,15.2,E,8,80.0,E,8,964.3861999999999,E,8,999.0,E,8,1.18,E,8,-9900,?,9,-9900,?,9,0.0,E,8,-9900,?,9,-9900,?,9,0.0,0.0,E,8
06/21/2018,24:00,0.0,1321.624,0.0,1,8,0.0,1,8,0.0,1,8,0.0,1,8,0.0,1,8,0.0,1,8,-0.0,1,8,-9900,?,9,-9900,?,9,17.82,E,8,12.86,E,8,72.0,E,8,964.3861999999999,E,8,999.0,E,8,0.68,E,8,-9900,?,9,-9900,?,9,0.0,E,8,-9900,?,9,-9900,?,9,0.0,0.0,E,8
06/22/2018,01:00,0.0,1321.624,0.0,1,8,0.0,1,8,0.0,1,8,0.0,1,8,0.0,1,8,0.0,1,8,-0.0,1,8,-9900,?,9,-9900,?,9,17.42,E,8,12.8,E,8,74.0,E,8,964.3861999999999,E,8,999.0,E,8,0.68,E,8,-9900,?,9,-9900,?,9,0.0,E,8,-9900,?,9,-9900,?,9,0.0,0.0,E,8
06/22/2018,02:00,0.0,1321.624,0.0,1,8,0.0,1,8,0.0,1,8,0.0,1,8,0.0,1,8,0.0,1,8,-0.0,1,8,-9900,?,9,-9900,?,9,17.02,E,8,12.73,E,8,75.0,E,8,964.3861999999999,E,8,999.0,E,8,0.68,E,8,-9900,?,9,-9900,?,9,0.0,E,8,-9900,?,9,-9900,?,9,0.0,0.0,E,8
06/22/2018,03:00,0.0,1321.624,0.0,1,8,0.0,1,8,0.0,1,8,0.0,1,8,0.0,1,8,0.0,1,8,-0.0,1,8,-9900,?,9,-9900,?,9,16.61,E,8,12.66,E,8,77.0,E,8,964.3861999999999,E,8,999.0,E,8,0.68,E,8,-9900,?,9,-9900,?,9,0.0,E,8,-9900,?,9,-9900,?,9,0.0,0.0,E,8
06/22/2018,04:00,0.0,1321.458,0.0,1,8,0.0,1,8,0.0,1,8,0.0,1,8,0.0,1,8,0.0,1,8,-0.0,1,8,-9900,?,9,-9900,?,9,16.21,E,8,12.6,E,8,79.0,E,8,964.3861999999999,E,8,999.0,E,8,0.68,E,8,-9900,?,9,-9900,?,9,0.0,E,8,-9900,?,9,-9900,?,9,0.0,0.0,E,8
06/22/2018,05:00,0.0,1321.458,0.0,1,8,0.0,1,8,0.0,1,8,0.0,1,8,0.0,1,8,0.0,1,8,-0.0,1,8,-9900,?,9,-9900,?,9,15.81,E,8,12.53,E,8,80.0,E,8,964.3861999999999,E,8,999.0,E,8,0.68,E,8,-9900,?,9,-9900,?,9,0.0,E,8,-9900,?,9,-9900,?,9,0.0,0.0,E,8
06/22/2018,06:00,0.0,1321.458,0.0,1,8,0.0,1,8,0.0,1,8,0.0,1,8,0.0,1,8,0.0,1,8,-0.0,1,8,-9900,?,9,-9900,?,9,15.49,E,8,12.48,E,8,82.0,E,8,964.3861999999999,E,8,999.0,E,8,0.68,E,8,-9900,?,9,-9900,?,9,0.0,E,8,-9900,?,9,-9900,?,9,0.0,0.0,E,8
06/22/2018,07:00,15.905,1321.458,0.0,1,8,0.0,1,8,0.0,1,8,0.0,1,8,0.0,1,8,0.0,1,8,0.0,1,8,-9900,?,9,-9900,?,9,15.23,E,8,12.43,E,8,83.0,E,8,964.3861999999999,E,8,999.0,E,8,0.68,E,8,-9900,?,9,-9900,?,9,0.0,E,8,-9900,?,9,-9900,?,9,0.0,0.0,E,8
06/22/2018,08:00,288.507,1321.458,35.0,1,8,0.0,1,8,35.0,1,8,4200.0,1,8,0.0,1,8,3850.0,1,8,51.32,1,8,-9900,?,9,-9900,?,9,14.96,E,8,12.39,E,8,84.0,E,8,964.3861999999999,E,8,999.0,E,8,0.79,E,8,-9900,?,9,-9900,?,9,0.0,E,8,-9900,?,9,-9900,?,9,0.0,0.0,E,8
06/22/2018,09:00,536.43,1321.458,177.36,1,8,33.697,1,8,163.701,1,8,21283.2,1,8,3201.232,1,8,18007.137,1,8,128.554,1,8,-9900,?,9,-9900,?,9,17.9,E,8,12.87,E,8,72.0,E,8,964.3861999999999,E,8,999.0,E,8,0.9,E,8,-9900,?,9,-9900,?,9,0.0,E,8,-9900,?,9,-9900,?,9,0.0,0.0,E,8
06/22/2018,10:00,735.409,1321.458,336.53,1,8,138.916,1,8,259.272,1,8,40383.6,1,8,13197.0,1,8,28519.92,1,8,148.393,1,8,-9900,?,9,-9900,?,9,20.02,E,8,13.21,E,8,64.0,E,8,964.3861999999999,E,8,999.0,E,8,0.68,E,8,-9900,?,9,-9900,?,9,0.0,E,8,-9900,?,9,-9900,?,9,0.0,0.0,E,8
06/22/2018,11:00,871.499,1321.458,396.09,1,8,127.815,1,8,311.828,1,8,47530.8,1,8,12142.448,1,8,34301.113,1,8,150.563,1,8,-9900,?,9,-9900,?,9,21.49,E,8,13.45,E,8,60.0,E,8,964.3861999999999,E,8,999.0,E,8,0.85,E,8,-9900,?,9,-9900,?,9,0.0,E,8,-9900,?,9,-9900,?,9,0.0,0.0,E,8
06/22/2018,12:00,935.34,1321.458,565.12,1,8,360.974,1,8,309.694,1,8,67814.4,1,8,34292.508,1,8,34066.375,1,8,139.314,1,8,-9900,?,9,-9900,?,9,23.31,E,8,13.73,E,8,54.0,E,8,964.3861999999999,E,8,999.0,E,8,1.48,E,8,-9900,?,9,-9900,?,9,0.0,E,8,-9900,?,9,-9900,?,9,0.0,0.0,E,8
06/22/2018,13:00,922.559,1321.458,590.91,1,8,482.58,1,8,254.107,1,8,70909.2,1,8,45845.105,1,8,27951.759,1,8,115.894,1,8,-9900,?,9,-9900,?,9,24.64,E,8,13.93,E,8,51.0,E,8,964.3861999999999,E,8,999.0,E,8,1.4,E,8,-9900,?,9,-9900,?,9,0.0,E,8,-9900,?,9,-9900,?,9,0.0,0.0,E,8
06/22/2018,14:00,834.032,1321.458,555.85,1,8,607.664,1,8,172.496,1,8,66702.0,1,8,57728.095,1,8,18974.524,1,8,87.035,1,8,-9900,?,9,-9900,?,9,25.45,E,8,14.06,E,8,49.0,E,8,964.3861999999999,E,8,999.0,E,8,2.75,E,8,-9900,?,9,-9900,?,9,0.0,E,8,-9900,?,9,-9900,?,9,0.0,0.0,E,8
06/22/2018,15:00,675.826,1321.458,491.19,1,8,693.408,1,8,136.857,1,8,58942.8,1,8,65873.745,1,8,15054.279,1,8,85.25,1,8,-9900,?,9,-9900,?,9,25.84,E,8,14.12,E,8,48.0,E,8,964.3861999999999,E,8,999.0,E,8,2.65,E,8,-9900,?,9,-9900,?,9,0.0,E,8,-9900,?,9,-9900,?,9,0.0,0.0,E,8
06/22/2018,16:00,458.855,1321.458,357.37,1,8,609.41,1,8,146.21,1,8,42884.4,1,8,57893.995,1,8,16083.074,1,8,134.315,1,8,-9900,?,9,-9900,?,9,25.65,E,8,14.09,E,8,48.0,E,8,964.3861999999999,E,8,999.0,E,8,2.54,E,8,-9900,?,9,-9900,?,9,0.0,E,8,-9900,?,9,-9900,?,9,0.0,0.0,E,8
06/22/2018,17:00,198.682,1321.458,177.15,1,8,400.271,1,8,117.684,1,8,21258.0,1,8,38025.719,1,8,12945.205,1,8,252.144,1,8,-9900,?,9,-9900,?,9,24.65,E,8,13.94,E,8,51.0,E,8,964.3861999999999,E,8,999.0,E,8,2.43,E,8,-9900,?,9,-9900,?,9,0.0,E,8,-9900,?,9,-9900,?,9,0.0,0.0,E,8
06/22/2018,18:00,0.0,1321.458,12.67,1,8,0.0,1,8,0.0,1,8,1520.4,1,8,0.0,1,8,0.0,1,8,-0.0,1,8,-9900,?,9,-9900,?,9,23.67,E,8,13.79,E,8,53.0,E,8,964.3861999999999,E,8,999.0,E,8,1.76,E,8,-9900,?,9,-9900,?,9,0.0,E,8,-9900,?,9,-9900,?,9,0.0,0.0,E,8
06/22/2018,19:00,0.0,1321.458,0.0,1,8,0.0,1,8,0.0,1,8,0.0,1,8,0.0,1,8,0.0,1,8,-0.0,1,8,-9900,?,9,-9900,?,9,22.68,E,8,13.63,E,8,56.0,E,8,964.3861999999999,E,8,999.0,E,8,1.1,E,8,-9900,?,9,-9900,?,9,0.0,E,8,-9900,?,9,-9900,?,9,0.0,0.0,E,8
06/22/2018,20:00,0.0,1321.458,0.0,1,8,0.0,1,8,0.0,1,8,0.0,1,8,0.0,1,8,0.0,1,8,-0.0,1,8,-9900,?,9,-9900,?,9,21.69,E,8,13.48,E,8,59.0,E,8,964.3861999999999,E,8,999.0,E,8,1.22,E,8,-9900,?,9,-9900,?,9,0.0,E,8,-9900,?,9,-9900,?,9,0.0,0.0,E,8
06/22/2018,21:00,0.0,1321.458,0.0,1,8,0.0,1,8,0.0,1,8,0.0,1,8,0.0,1,8,0.0,1,8,-0.0,1,8,-9900,?,9,-9900,?,9,20.7,E,8,13.32,E,8,62.0,E,8,964.3861999999999,E,8,999.0,E,8,0.94,E,8,-9900,?,9,-9900,?,9,0.0,E,8,-9900,?,9,-9900,?,9,0.0,0.0,E,8
06/22/2018,22:00,0.0,1321.458,0.0,1,8,0.0,1,8,0.0,1,8,0.0,1,8,0.0,1,8,0.0,1,8,-0.0,1,8,-9900,?,9,-9900,?,9,19.71,E,8,13.17,E,8,65.0,E,8,964.3861999999999,E,8,999.0,E,8,0.68,E,8,-9900,?,9,-9900,?,9,0.0,E,8,-9900,?,9,-9900,?,9,0.0,0.0,E,8
06/22/2018,23:00,0.0,1321.458,0.0,1,8,0.0,1,8,0.0,1,8,0.0,1,8,0.0,1,8,0.0,1,8,-0.0,1,8,-9900,?,9,-9900,?,9,18.72,E,8,13.01,E,8,69.0,E,8,964.3861999999999,E,8,999.0,E,8,0.68,E,8,-9900,?,9,-9900,?,9,0.0,E,8,-9900,?,9,-9900,?,9,0.0,0.0,E,8
06/22/2018,24:00,0.0,1321.458,0.0,1,8,0.0,1,8,0.0,1,8,0.0,1,8,0.0,1,8,0.0,1,8,-0.0,1,8,-9900,?,9,-9900,?,9,17.73,E,8,13.08,E,8,74.0,E,8,964.3861999999999,E,8,999.0,E,8,0.72,E,8,-9900,?,9,-9900,?,9,0.0,E,8,-9900,?,9,-9900,?,9,0.0,0.0,E,8
06/23/2018,01:00,0.0,1321.458,0.0,1,8,0.0,1,8,0.0,1,8,0.0,1,8,0.0,1,8,0.0,1,8,-0.0,1,8,-9900,?,9,-9900,?,9,17.24,E,8,12.93,E,8,75.0,E,8,964.3861999999999,E,8,999.0,E,8,0.72,E,8,-9900,?,9,-9900,?,9,0.0,E,8,-9900,?,9,-9900,?,9,0.0,0.0,E,8
06/23/2018,02:00,0.0,1321.458,0.0,1,8,0.0,1,8,0.0,1,8,0.0,1,8,0.0,1,8,0.0,1,8,-0.0,1,8,-9900,?,9,-9900,?,9,16.75,E,8,12.77,E,8,77.0,E,8,964.3861999999999,E,8,999.0,E,8,0.72,E,8,-9900,?,9,-9900,?,9,0.0,E,8,-9900,?,9,-9900,?,9,0.0,0.0,E,8
06/23/2018,03:00,0.0,1321.458,0.0,1,8,0.0,1,8,0.0,1,8,0.0,1,8,0.0,1,8,0.0,1,8,-0.0,1,8,-9900,?,9,-9900,?,9,16.25,E,8,12.6,E,8,78.0,E,8,964.3861999999999,E,8,999.0,E,8,0.72,E,8,-9900,?,9,-9900,?,9,0.0,E,8,-9900,?,9,-9900,?,9,0.0,0.0,E,8
06/23/2018,04:00,0.0,1321.306,0.0,1,8,0.0,1,8,0.0,1,8,0.0,1,8,0.0,1,8,0.0,1,8,-0.0,1,8,-9900,?,9,-9900,?,9,15.76,E,8,12.44,E,8,80.0,E,8,964.3861999999999,E,8,999.0,E,8,0.72,E,8,-9900,?,9,-9900,?,9,0.0,E,8,-9900,?,9,-9900,?,9,0.0,0.0,E,8
06/23/2018,05:00,0.0,1321.306,0.0,1,8,0.0,1,8,0.0,1,8,0.0,1,8,0.0,1,8,0.0,1,8,-0.0,1,8,-9900,?,9,-9900,?,9,15.26,E,8,12.27,E,8,82.0,E,8,964.3861999999999,E,8,999.0,E,8,0.72,E,8,-9900,?,9,-9900,?,9,0.0,E,8,-9900,?,9,-9900,?,9,0.0,0.0,E,8
06/23/2018,06:00,0.0,1321.306,0.0,1,8,0.0,1,8,0.0,1,8,0.0,1,8,0.0,1,8,0.0,1,8,-0.0,1,8,-9900,?,9,-9900,?,9,14.88,E,8,12.14,E,8,83.0,E,8,964.3861999999999,E,8,999.0,E,8,0.72,E,8,-9900,?,9,-9900,?,9,0.0,E,8,-9900,?,9,-9900,?,9,0.0,0.0,E,8
06/23/2018,07:00,15.06,1321.306,0.0,1,8,0.0,1,8,0.0,1,8,0.0,1,8,0.0,1,8,0.0,1,8,0.0,1,8,-9900,?,9,-9900,?,9,14.56,E,8,12.03,E,8,84.0,E,8,964.3861999999999,E,8,999.0,E,8,0.72,E,8,-9900,?,9,-9900,?,9,0.0,E,8,-9900,?,9,-9900,?,9,0.0,0.0,E,8
06/23/2018,08:00,287.61,1321.306,35.2,1,8,0.0,1,8,35.2,1,8,4224.0,1,8,0.0,1,8,3872.0,1,8,51.77,1,8,-9900,?,9,-9900,?,9,14.23,E,8,11.92,E,8,85.0,E,8,964.3861999999999,E,8,999.0,E,8,0.72,E,8,-9900,?,9,-9900,?,9,0.0,E,8,-9900,?,9,-9900,?,9,0.0,0.0,E,8
06/23/2018,09:00,535.67,1321.306,188.85,1,8,60.05,1,8,164.541,1,8,22662.0,1,8,5704.789,1,8,18099.516,1,8,129.382,1,8,-9900,?,9,-9900,?,9,17.68,E,8,13.07,E,8,74.0,E,8,964.3861999999999,E,8,999.0,E,8,0.72,E,8,-9900,?,9,-9900,?,9,0.0,E,8,-9900,?,9,-9900,?,9,0.0,0.0,E,8
06/23/2018,10:00,734.848,1321.306,336.4,1,8,139.173,1,8,259.049,1,8,40368.0,1,8,13221.456,1,8,28495.397,1,8,148.362,1,8,-9900,?,9,-9900,?,9,19.99,E,8,13.8,E,8,67.0,E,8,964.3861999999999,E,8,999.0,E,8,0.72,E,8,-9900,?,9,-9900,?,9,0.0,E,8,-9900,?,9,-9900,?,9,0.0,0.0,E,8
06/23/2018,11:00,871.182,1321.306,449.61,1,8,185.641,1,8,327.257,1,8,53953.2,1,8,17635.94,1,8,35998.272,1,8,158.052,1,8,-9900,?,9,-9900,?,9,22.02,E,8,14.41,E,8,61.0,E,8,964.3861999999999,E,8,999.0,E,8,0.72,E,8,-9900,?,9,-9900,?,9,0.0,E,8,-9900,?,9,-9900,?,9,0.0,0.0,E,8
06/23/2018,12:00,935.296,1321.306,517.75,1,8,283.844,1,8,316.888,1,8,62130.0,1,8,26965.178,1,8,34857.658,1,8,142.54,1,8,-9900,?,9,-9900,?,9,23.65,E,8,14.89,E,8,57.0,E,8,964.3861999999999,E,8,999.0,E,8,0.72,E,8,-9900,?,9,-9900,?,9,0.0,E,8,-9900,?,9,-9900,?,9,0.0,0.0,E,8
06/23/2018,13:00,922.797,1321.306,535.34,1,8,340.544,1,8,297.578,1,8,64240.8,1,8,32351.7,1,8,32733.57,1,8,135.669,1,8,-9900,?,9,-9900,?,9,24.83,E,8,15.23,E,8,55.0,E,8,964.3861999999999,E,8,999.0,E,8,0.72,E,8,-9900,?,9,-9900,?,9,0.0,E,8,-9900,?,9,-9900,?,9,0.0,0.0,E,8
06/23/2018,14:00,834.542,1321.306,501.02,1,8,391.021,1,8,254.159,1,8,60122.4,1,8,37146.97,1,8,27957.467,1,8,128.145,1,8,-9900,?,9,-9900,?,9,25.52,E,8,15.42,E,8,53.0,E,8,964.3861999999999,E,8,999.0,E,8,0.72,E,8,-9900,?,9,-9900,?,9,0.0,E,8,-9900,?,9,-9900,?,9,0.0,0.0,E,8
06/23/2018,15:00,676.58,1321.306,417.46,1,8,526.494,1,8,148.089,1,8,50095.2,1,8,50016.907,1,8,16289.744,1,8,92.133,1,8,-9900,?,9,-9900,?,9,25.72,E,8,15.48,E,8,53.0,E,8,964.3861999999999,E,8,999.0,E,8,1.24,E,8,-9900,?,9,-9900,?,9,0.0,E,8,-9900,?,9,-9900,?,9,0.0,0.0,E,8
06/23/2018,16:00,459.806,1321.306,291.6,1,8,502.621,1,8,117.059,1,8,34992.0,1,8,47749.012,1,8,12876.514,1,8,107.3,1,8,-9900,?,9,-9900,?,9,25.25,E,8,15.34,E,8,54.0,E,8,964.3861999999999,E,8,999.0,E,8,1.99,E,8,-9900,?,9,-9900,?,9,0.0,E,8,-9900,?,9,-9900,?,9,0.0,0.0,E,8
06/23/2018,17:00,199.763,1321.306,136.94,1,8,385.742,1,8,79.306,1,8,16432.8,1,8,36645.458,1,8,8723.694,1,8,168.958,1,8,-9900,?,9,-9900,?,9,24.06,E,8,15.01,E,8,56.0,E,8,964.3861999999999,E,8,999.0,E,8,2.46,E,8,-9900,?,9,-9900,?,9,0.0,E,8,-9900,?,9,-9900,?,9,0.0,0.0,E,8
06/23/2018,18:00,0.0,1321.306,4.8,1,8,0.0,1,8,0.0,1,8,576.0,1,8,0.0,1,8,0.0,1,8,-0.0,1,8,-9900,?,9,-9900,?,9,23.05,E,8,14.71,E,8,59.0,E,8,964.3861999999999,E,8,999.0,E,8,2.08,E,8,-9900,?,9,-9900,?,9,0.0,E,8,-9900,?,9,-9900,?,9,0.0,0.0,E,8
06/23/2018,19:00,0.0,1321.306,0.0,1,8,0.0,1,8,0.0,1,8,0.0,1,8,0.0,1,8,0.0,1,8,-0.0,1,8,-9900,?,9,-9900,?,9,22.03,E,8,14.41,E,8,61.0,E,8,964.3861999999999,E,8,999.0,E,8,2.11,E,8,-9900,?,9,-9900,?,9,0.0,E,8,-9900,?,9,-9900,?,9,0.0,0.0,E,8
06/23/2018,20:00,0.0,1321.306,0.0,1,8,0.0,1,8,0.0,1,8,0.0,1,8,0.0,1,8,0.0,1,8,-0.0,1,8,-9900,?,9,-9900,?,9,21.02,E,8,14.11,E,8,64.0,E,8,964.3861999999999,E,8,999.0,E,8,2.11,E,8,-9900,?,9,-9900,?,9,0.0,E,8,-9900,?,9,-9900,?,9,0.0,0.0,E,8
06/23/2018,21:00,0.0,1321.306,0.0,1,8,0.0,1,8,0.0,1,8,0.0,1,8,0.0,1,8,0.0,1,8,-0.0,1,8,-9900,?,9,-9900,?,9,20.01,E,8,13.8,E,8,67.0,E,8,964.3861999999999,E,8,999.0,E,8,2.63,E,8,-9900,?,9,-9900,?,9,0.0,E,8,-9900,?,9,-9900,?,9,0.0,0.0,E,8
06/23/2018,22:00,0.0,1321.306,0.0,1,8,0.0,1,8,0.0,1,8,0.0,1,8,0.0,1,8,0.0,1,8,-0.0,1,8,-9900,?,9,-9900,?,9,18.99,E,8,13.48,E,8,70.0,E,8,964.3861999999999,E,8,999.0,E,8,1.4,E,8,-9900,?,9,-9900,?,9,0.0,E,8,-9900,?,9,-9900,?,9,0.0,0.0,E,8
06/23/2018,23:00,0.0,1321.306,0.0,1,8,0.0,1,8,0.0,1,8,0.0,1,8,0.0,1,8,0.0,1,8,-0.0,1,8,-9900,?,9,-9900,?,9,17.98,E,8,13.16,E,8,73.0,E,8,964.3861999999999,E,8,999.0,E,8,1.47,E,8,-9900,?,9,-9900,?,9,0.0,E,8,-9900,?,9,-9900,?,9,0.0,0.0,E,8
06/23/2018,24:00,0.0,1321.306,0.0,1,8,0.0,1,8,0.0,1,8,0.0,1,8,0.0,1,8,0.0,1,8,-0.0,1,8,-9900,?,9,-9900,?,9,16.96,E,8,12.03,E,8,72.0,E,8,964.3861999999999,E,8,999.0,E,8,1.2,E,8,-9900,?,9,-9900,?,9,0.0,E,8,-9900,?,9,-9900,?,9,0.0,0.0,E,8
06/24/2018,01:00,0.0,1321.306,0.0,1,8,0.0,1,8,0.0,1,8,0.0,1,8,0.0,1,8,0.0,1,8,-0.0,1,8,-9900,?,9,-9900,?,9,16.46,E,8,11.99,E,8,74.0,E,8,964.3861999999999,E,8,999.0,E,8,1.4,E,8,-9900,?,9,-9900,?,9,0.0,E,8,-9900,?,9,-9900,?,9,0.0,0.0,E,8
06/24/2018,02:00,0.0,1321.306,0.0,1,8,0.0,1,8,0.0,1,8,0.0,1,8,0.0,1,8,0.0,1,8,-0.0,1,8,-9900,?,9,-9900,?,9,15.95,E,8,11.95,E,8,77.0,E,8,964.3861999999999,E,8,999.0,E,8,1.49,E,8,-9900,?,9,-9900,?,9,0.0,E,8,-9900,?,9,-9900,?,9,0.0,0.0,E,8
06/24/2018,03:00,0.0,1321.306,0.0,1,8,0.0,1,8,0.0,1,8,0.0,1,8,0.0,1,8,0.0,1,8,-0.0,1,8,-9900,?,9,-9900,?,9,15.44,E,8,11.92,E,8,79.0,E,8,964.3861999999999,E,8,999.0,E,8,1.44,E,8,-9900,?,9,-9900,?,9,0.0,E,8,-9900,?,9,-9900,?,9,0.0,0.0,E,8
06/24/2018,04:00,0.0,1321.166,0.0,1,8,0.0,1,8,0.0,1,8,0.0,1,8,0.0,1,8,0.0,1,8,-0.0,1,8,-9900,?,9,-9900,?,9,14.94,E,8,11.88,E,8,81.0,E,8,964.3861999999999,E,8,999.0,E,8,1.68,E,8,-9900,?,9,-9900,?,9,0.0,E,8,-9900,?,9,-9900,?,9,0.0,0.0,E,8
06/24/2018,05:00,0.0,1321.166,0.0,1,8,0.0,1,8,0.0,1,8,0.0,1,8,0.0,1,8,0.0,1,8,-0.0,1,8,-9900,?,9,-9900,?,9,14.43,E,8,11.84,E,8,84.0,E,8,964.3861999999999,E,8,999.0,E,8,1.15,E,8,-9900,?,9,-9900,?,9,0.0,E,8,-9900,?,9,-9900,?,9,0.0,0.0,E,8
06/24/2018,06:00,0.0,1321.166,0.0,1,8,0.0,1,8,0.0,1,8,0.0,1,8,0.0,1,8,0.0,1,8,-0.0,1,8,-9900,?,9,-9900,?,9,14.04,E,8,11.81,E,8,86.0,E,8,964.3861999999999,E,8,999.0,E,8,0.98,E,8,-9900,?,9,-9900,?,9,0.0,E,8,-9900,?,9,-9900,?,9,0.0,0.0,E,8
06/24/2018,07:00,14.278,1321.166,0.0,1,8,0.0,1,8,0.0,1,8,0.0,1,8,0.0,1,8,0.0,1,8,0.0,1,8,-9900,?,9,-9900,?,9,13.7,E,8,11.78,E,8,88.0,E,8,964.3861999999999,E,8,999.0,E,8,0.98,E,8,-9900,?,9,-9900,?,9,0.0,E,8,-9900,?,9,-9900,?,9,0.0,0.0,E,8
06/24/2018,08:00,286.799,1321.166,44.26,1,8,0.0,1,8,44.26,1,8,5311.2,1,8,0.0,1,8,4868.6,1,8,65.274,1,8,-9900,?,9,-9900,?,9,13.37,E,8,11.76,E,8,89.0,E,8,964.3861999999999,E,8,999.0,E,8,1.95,E,8,-9900,?,9,-9900,?,9,0.0,E,8,-9900,?,9,-9900,?,9,0.0,0.0,E,8
06/24/2018,09:00,535.01,1321.166,234.2,1,8,152.426,1,8,172.566,1,8,28104.0,1,8,14480.44,1,8,18982.304,1,8,135.846,1,8,-9900,?,9,-9900,?,9,16.93,E,8,12.03,E,8,72.0,E,8,964.3861999999999,E,8,999.0,E,8,4.01,E,8,-9900,?,9,-9900,?,9,0.0,E,8,-9900,?,9,-9900,?,9,0.0,0.0,E,8
06/24/2018,10:00,734.398,1321.166,424.24,1,8,354.313,1,8,227.417,1,8,50908.8,1,8,33659.763,1,8,25015.816,1,8,130.311,1,8,-9900,?,9,-9900,?,9,19.36,E,8,12.21,E,8,63.0,E,8,964.3861999999999,E,8,999.0,E,8,2.89,E,8,-9900,?,9,-9900,?,9,0.0,E,8,-9900,?,9,-9900,?,9,0.0,0.0,E,8
06/24/2018,11:00,870.982,1321.166,564.61,1,8,518.467,1,8,222.94,1,8,67753.2,1,8,49254.329,1,8,24523.382,1,8,107.684,1,8,-9900,?,9,-9900,?,9,21.47,E,8,12.36,E,8,56.0,E,8,964.3861999999999,E,8,999.0,E,8,1.8,E,8,-9900,?,9,-9900,?,9,0.0,E,8,-9900,?,9,-9900,?,9,0.0,0.0,E,8
06/24/2018,12:00,935.371,1321.166,639.1,1,8,622.508,1,8,198.5,1,8,76692.0,1,8,59138.27,1,8,21834.971,1,8,89.271,1,8,-9900,?,9,-9900,?,9,23.11,E,8,12.48,E,8,51.0,E,8,964.3861999999999,E,8,999.0,E,8,0.98,E,8,-9900,?,9,-9900,?,9,0.0,E,8,-9900,?,9,-9900,?,9,0.0,0.0,E,8
06/24/2018,13:00,923.152,1321.166,652.85,1,8,713.998,1,8,154.104,1,8,78342.0,1,8,67829.774,1,8,16951.465,1,8,70.223,1,8,-9900,?,9,-9900,?,9,24.27,E,8,12.57,E,8,47.0,E,8,964.3861999999999,E,8,999.0,E,8,1.26,E,8,-9900,?,9,-9900,?,9,0.0,E,8,-9900,?,9,-9900,?,9,0.0,0.0,E,8
06/24/2018,14:00,835.162,1321.166,579.89,1,8,703.941,1,8,135.096,1,8,69586.8,1,8,66874.418,1,8,14860.595,1,8,68.057,1,8,-9900,?,9,-9900,?,9,24.83,E,8,12.61,E,8,46.0,E,8,964.3861999999999,E,8,999.0,E,8,1.57,E,8,-9900,?,9,-9900,?,9,0.0,E,8,-9900,?,9,-9900,?,9,0.0,0.0,E,8
06/24/2018,15:00,677.432,1321.166,484.21,1,8,785.296,1,8,81.877,1,8,58105.2,1,8,74603.138,1,8,9006.457,1,8,50.87,1,8,-9900,?,9,-9900,?,9,24.94,E,8,12.62,E,8,46.0,E,8,964.3861999999999,E,8,999.0,E,8,1.75,E,8,-9900,?,9,-9900,?,9,0.0,E,8,-9900,?,9,-9900,?,9,0.0,0.0,E,8
06/24/2018,16:00,460.84,1321.166,338.62,1,8,605.767,1,8,127.763,1,8,40634.4,1,8,57547.836,1,8,14053.903,1,8,116.835,1,8,-9900,?,9,-9900,?,9,24.39,E,8,12.58,E,8,47.0,E,8,964.3861999999999,E,8,999.0,E,8,0.98,E,8,-9900,?,9,-9900,?,9,0.0,E,8,-9900,?,9,-9900,?,9,0.0,0.0,E,8
06/24/2018,17:00,200.91,1321.166,156.28,1,8,413.255,1,8,94.166,1,8,18753.6,1,8,39259.205,1,8,10358.264,1,8,199.422,1,8,-9900,?,9,-9900,?,9,23.16,E,8,12.49,E,8,51.0,E,8,964.3861999999999,E,8,999.0,E,8,1.33,E,8,-9900,?,9,-9900,?,9,0.0,E,8,-9900,?,9,-9900,?,9,0.0,0.0,E,8
06/24/2018,18:00,0.0,1321.166,5.91,1,8,0.0,1,8,0.0,1,8,709.2,1,8,0.0,1,8,0.0,1,8,-0.0,1,8,-9900,?,9,-9900,?,9,22.19,E,8,12.42,E,8,53.0,E,8,964.3861999999999,E,8,999.0,E,8,0.99,E,8,-9900,?,9,-9900,?,9,0.0,E,8,-9900,?,9,-9900,?,9,0.0,0.0,E,8
06/24/2018,19:00,0.0,1321.166,0.0,1,8,0.0,1,8,0.0,1,8,0.0,1,8,0.0,1,8,0.0,1,8,-0.0,1,8,-9900,?,9,-9900,?,9,21.22,E,8,12.34,E,8,56.0,E,8,964.3861999999999,E,8,999.0,E,8,0.98,E,8,-9900,?,9,-9900,?,9,0.0,E,8,-9900,?,9,-9900,?,9,0.0,0.0,E,8
06/24/2018,20:00,0.0,1321.166,0.0,1,8,0.0,1,8,0.0,1,8,0.0,1,8,0.0,1,8,0.0,1,8,-0.0,1,8,-9900,?,9,-9900,?,9,20.25,E,8,12.27,E,8,60.0,E,8,964.3861999999999,E,8,999.0,E,8,0.98,E,8,-9900,?,9,-9900,?,9,0.0,E,8,-9900,?,9,-9900,?,9,0.0,0.0,E,8
06/24/2018,21:00,0.0,1321.166,0.0,1,8,0.0,1,8,0.0,1,8,0.0,1,8,0.0,1,8,0.0,1,8,-0.0,1,8,-9900,?,9,-9900,?,9,19.29,E,8,12.2,E,8,63.0,E,8,964.3861999999999,E,8,999.0,E,8,0.98,E,8,-9900,?,9,-9900,?,9,0.0,E,8,-9900,?,9,-9900,?,9,0.0,0.0,E,8
06/24/2018,22:00,0.0,1321.166,0.0,1,8,0.0,1,8,0.0,1,8,0.0,1,8,0.0,1,8,0.0,1,8,-0.0,1,8,-9900,?,9,-9900,?,9,18.32,E,8,12.13,E,8,67.0,E,8,964.3861999999999,E,8,999.0,E,8,0.98,E,8,-9900,?,9,-9900,?,9,0.0,E,8,-9900,?,9,-9900,?,9,0.0,0.0,E,8
06/24/2018,23:00,0.0,1321.166,0.0,1,8,0.0,1,8,0.0,1,8,0.0,1,8,0.0,1,8,0.0,1,8,-0.0,1,8,-9900,?,9,-9900,?,9,17.35,E,8,12.06,E,8,71.0,E,8,964.3861999999999,E,8,999.0,E,8,0.98,E,8,-9900,?,9,-9900,?,9,0.0,E,8,-9900,?,9,-9900,?,9,0.0,0.0,E,8
06/24/2018,24:00,0.0,1321.166,0.0,1,8,0.0,1,8,0.0,1,8,0.0,1,8,0.0,1,8,0.0,1,8,-0.0,1,8,-9900,?,9,-9900,?,9,16.38,E,8,12.84,E,8,74.0,E,8,964.3861999999999,E,8,999.0,E,8,1.17,E,8,-9900,?,9,-9900,?,9,0.0,E,8,-9900,?,9,-9900,?,9,0.0,0.0,E,8
06/25/2018,01:00,0.0,1321.166,0.0,1,8,0.0,1,8,0.0,1,8,0.0,1,8,0.0,1,8,0.0,1,8,-0.0,1,8,-9900,?,9,-9900,?,9,15.9,E,8,12.66,E,8,75.0,E,8,964.3861999999999,E,8,999.0,E,8,1.12,E,8,-9900,?,9,-9900,?,9,0.0,E,8,-9900,?,9,-9900,?,9,0.0,0.0,E,8
06/25/2018,02:00,0.0,1321.166,0.0,1,8,0.0,1,8,0.0,1,8,0.0,1,8,0.0,1,8,0.0,1,8,-0.0,1,8,-9900,?,9,-9900,?,9,15.41,E,8,12.48,E,8,77.0,E,8,964.3861999999999,E,8,999.0,E,8,1.73,E,8,-9900,?,9,-9900,?,9,0.0,E,8,-9900,?,9,-9900,?,9,0.0,0.0,E,8
06/25/2018,03:00,0.0,1321.166,0.0,1,8,0.0,1,8,0.0,1,8,0.0,1,8,0.0,1,8,0.0,1,8,-0.0,1,8,-9900,?,9,-9900,?,9,14.93,E,8,12.3,E,8,78.0,E,8,964.3861999999999,E,8,999.0,E,8,1.62,E,8,-9900,?,9,-9900,?,9,0.0,E,8,-9900,?,9,-9900,?,9,0.0,0.0,E,8
06/25/2018,04:00,0.0,1321.038,0.0,1,8,0.0,1,8,0.0,1,8,0.0,1,8,0.0,1,8,0.0,1,8,-0.0,1,8,-9900,?,9,-9900,?,9,14.44,E,8,12.11,E,8,79.0,E,8,964.3861999999999,E,8,999.0,E,8,2.55,E,8,-9900,?,9,-9900,?,9,0.0,E,8,-9900,?,9,-9900,?,9,0.0,0.0,E,8
06/25/2018,05:00,0.0,1321.038,0.0,1,8,0.0,1,8,0.0,1,8,0.0,1,8,0.0,1,8,0.0,1,8,-0.0,1,8,-9900,?,9,-9900,?,9,13.96,E,8,11.93,E,8,84.0,E,8,964.3861999999999,E,8,999.0,E,8,1.23,E,8,-9900,?,9,-9900,?,9,0.001,E,8,-9900,?,9,-9900,?,9,0.01,99.0,E,8
06/25/2018,06:00,0.0,1321.038,0.0,1,8,0.0,1,8,0.0,1,8,0.0,1,8,0.0,1,8,0.0,1,8,-0.0,1,8,-9900,?,9,-9900,?,9,13.59,E,8,11.79,E,8,85.0,E,8,964.3861999999999,E,8,999.0,E,8,1.12,E,8,-9900,?,9,-9900,?,9,0.002,E,8,-9900,?,9,-9900,?,9,0.02,99.0,E,8
06/25/2018,07:00,13.559,1321.038,0.0,1,8,0.0,1,8,0.0,1,8,0.0,1,8,0.0,1,8,0.0,1,8,0.0,1,8,-9900,?,9,-9900,?,9,13.27,E,8,11.66,E,8,82.0,E,8,964.3861999999999,E,8,999.0,E,8,1.12,E,8,-9900,?,9,-9900,?,9,0.0,E,8,-9900,?,9,-9900,?,9,0.0,0.0,E,8
06/25/2018,08:00,286.076,1321.038,17.1,1,8,0.0,1,8,17.1,1,8,2052.0,1,8,0.0,1,8,1881.0,1,8,25.281,1,8,-9900,?,9,-9900,?,9,12.95,E,8,11.54,E,8,91.0,E,8,964.3861999999999,E,8,999.0,E,8,1.12,E,8,-9900,?,9,-9900,?,9,0.366,E,8,-9900,?,9,-9900,?,9,3.66,99.0,E,8
06/25/2018,09:00,534.452,1321.038,64.9,1,8,0.0,1,8,64.9,1,8,7788.0,1,8,0.0,1,8,7139.0,1,8,51.139,1,8,-9900,?,9,-9900,?,9,15.42,E,8,12.48,E,8,80.0,E,8,964.3861999999999,E,8,999.0,E,8,1.12,E,8,-9900,?,9,-9900,?,9,0.017,E,8,-9900,?,9,-9900,?,9,0.17,99.0,E,8
06/25/2018,10:00,734.06,1321.038,165.5,1,8,1.681,1,8,164.566,1,8,19860.0,1,8,159.712,1,8,18102.308,1,8,94.332,1,8,-9900,?,9,-9900,?,9,17.92,E,8,13.39,E,8,74.0,E,8,964.3861999999999,E,8,999.0,E,8,1.12,E,8,-9900,?,9,-9900,?,9,0.004,E,8,-9900,?,9,-9900,?,9,0.04,99.0,E,8
06/25/2018,11:00,870.901,1321.038,221.37,1,8,5.062,1,8,218.034,1,8,26564.4,1,8,480.851,1,8,23983.783,1,8,105.314,1,8,-9900,?,9,-9900,?,9,20.01,E,8,14.11,E,8,66.0,E,8,964.3861999999999,E,8,999.0,E,8,1.12,E,8,-9900,?,9,-9900,?,9,0.0,E,8,-9900,?,9,-9900,?,9,0.0,0.0,E,8
06/25/2018,12:00,935.566,1321.038,255.07,1,8,7.009,1,8,250.108,1,8,30608.4,1,8,665.872,1,8,27511.826,1,8,112.446,1,8,-9900,?,9,-9900,?,9,21.67,E,8,14.66,E,8,63.0,E,8,964.3861999999999,E,8,999.0,E,8,1.12,E,8,-9900,?,9,-9900,?,9,0.0,E,8,-9900,?,9,-9900,?,9,0.0,0.0,E,8
06/25/2018,13:00,923.624,1321.038,263.92,1,8,23.391,1,8,247.571,1,8,31670.4,1,8,2222.112,1,8,27232.82,1,8,112.747,1,8,-9900,?,9,-9900,?,9,22.87,E,8,15.05,E,8,60.0,E,8,964.3861999999999,E,8,999.0,E,8,1.12,E,8,-9900,?,9,-9900,?,9,0.0,E,8,-9900,?,9,-9900,?,9,0.0,0.0,E,8
06/25/2018,14:00,835.891,1321.038,169.28,1,8,2.376,1,8,167.777,1,8,20313.6,1,8,225.697,1,8,18455.513,1,8,84.438,1,8,-9900,?,9,-9900,?,9,22.91,E,8,15.06,E,8,60.0,E,8,964.3861999999999,E,8,999.0,E,8,1.12,E,8,-9900,?,9,-9900,?,9,0.0,E,8,-9900,?,9,-9900,?,9,0.0,0.0,E,8
06/25/2018,15:00,678.382,1321.038,247.55,1,8,44.888,1,8,224.518,1,8,29706.0,1,8,4264.329,1,8,24696.985,1,8,139.283,1,8,-9900,?,9,-9900,?,9,23.53,E,8,15.26,E,8,59.0,E,8,964.3861999999999,E,8,999.0,E,8,1.12,E,8,-9900,?,9,-9900,?,9,0.0,E,8,-9900,?,9,-9900,?,9,0.0,0.0,E,8
06/25/2018,16:00,461.957,1321.038,142.13,1,8,23.572,1,8,133.904,1,8,17055.6,1,8,2239.299,1,8,14729.479,1,8,122.142,1,8,-9900,?,9,-9900,?,9,23.14,E,8,15.14,E,8,60.0,E,8,964.3861999999999,E,8,999.0,E,8,1.12,E,8,-9900,?,9,-9900,?,9,0.0,E,8,-9900,?,9,-9900,?,9,0.0,0.0,E,8
06/25/2018,17:00,202.122,1321.038,68.32,1,8,66.43,1,8,58.273,1,8,8198.4,1,8,6310.805,1,8,6410.003,1,8,122.639,1,8,-9900,?,9,-9900,?,9,22.08,E,8,14.8,E,8,66.0,E,8,964.3861999999999,E,8,999.0,E,8,1.12,E,8,-9900,?,9,-9900,?,9,0.008,E,8,-9900,?,9,-9900,?,9,0.08,99.0,E,8
06/25/2018,18:00,0.0,1321.038,2.62,1,8,0.0,1,8,0.0,1,8,314.4,1,8,0.0,1,8,0.0,1,8,-0.0,1,8,-9900,?,9,-9900,?,9,21.18,E,8,14.5,E,8,64.0,E,8,964.3861999999999,E,8,999.0,E,8,1.12,E,8,-9900,?,9,-9900,?,9,0.0,E,8,-9900,?,9,-9900,?,9,0.0,0.0,E,8
06/25/2018,19:00,0.0,1321.038,0.0,1,8,0.0,1,8,0.0,1,8,0.0,1,8,0.0,1,8,0.0,1,8,-0.0,1,8,-9900,?,9,-9900,?,9,20.27,E,8,14.2,E,8,66.0,E,8,964.3861999999999,E,8,999.0,E,8,1.12,E,8,-9900,?,9,-9900,?,9,0.0,E,8,-9900,?,9,-9900,?,9,0.0,0.0,E,8
06/25/2018,20:00,0.0,1321.038,0.0,1,8,0.0,1,8,0.0,1,8,0.0,1,8,0.0,1,8,0.0,1,8,-0.0,1,8,-9900,?,9,-9900,?,9,19.37,E,8,13.89,E,8,67.0,E,8,964.3861999999999,E,8,999.0,E,8,1.12,E,8,-9900,?,9,-9900,?,9,0.0,E,8,-9900,?,9,-9900,?,9,0.0,0.0,E,8
06/25/2018,21:00,0.0,1321.038,0.0,1,8,0.0,1,8,0.0,1,8,0.0,1,8,0.0,1,8,0.0,1,8,-0.0,1,8,-9900,?,9,-9900,?,9,18.46,E,8,13.58,E,8,69.0,E,8,964.3861999999999,E,8,999.0,E,8,1.12,E,8,-9900,?,9,-9900,?,9,0.0,E,8,-9900,?,9,-9900,?,9,0.0,0.0,E,8
06/25/2018,22:00,0.0,1321.038,0.0,1,8,0.0,1,8,0.0,1,8,0.0,1,8,0.0,1,8,0.0,1,8,-0.0,1,8,-9900,?,9,-9900,?,9,17.56,E,8,13.26,E,8,71.0,E,8,964.3861999999999,E,8,999.0,E,8,1.12,E,8,-9900,?,9,-9900,?,9,0.0,E,8,-9900,?,9,-9900,?,9,0.0,0.0,E,8
06/25/2018,23:00,0.0,1321.038,0.0,1,8,0.0,1,8,0.0,1,8,0.0,1,8,0.0,1,8,0.0,1,8,-0.0,1,8,-9900,?,9,-9900,?,9,16.65,E,8,12.93,E,8,74.0,E,8,964.3861999999999,E,8,999.0,E,8,1.12,E,8,-9900,?,9,-9900,?,9,0.0,E,8,-9900,?,9,-9900,?,9,0.0,0.0,E,8
06/25/2018,24:00,0.0,1321.038,0.0,1,8,0.0,1,8,0.0,1,8,0.0,1,8,0.0,1,8,0.0,1,8,-0.0,1,8,-9900,?,9,-9900,?,9,15.75,E,8,11.35,E,8,75.0,E,8,964.3861999999999,E,8,999.0,E,8,0.73,E,8,-9900,?,9,-9900,?,9,0.0,E,8,-9900,?,9,-9900,?,9,0.0,0.0,E,8
06/26/2018,01:00,0.0,1321.038,0.0,1,8,0.0,1,8,0.0,1,8,0.0,1,8,0.0,1,8,0.0,1,8,-0.0,1,8,-9900,?,9,-9900,?,9,15.3,E,8,11.2,E,8,76.0,E,8,964.3861999999999,E,8,999.0,E,8,0.73,E,8,-9900,?,9,-9900,?,9,0.0,E,8,-9900,?,9,-9900,?,9,0.0,0.0,E,8
06/26/2018,02:00,0.0,1321.038,0.0,1,8,0.0,1,8,0.0,1,8,0.0,1,8,0.0,1,8,0.0,1,8,-0.0,1,8,-9900,?,9,-9900,?,9,14.84,E,8,11.05,E,8,78.0,E,8,964.3861999999999,E,8,999.0,E,8,0.73,E,8,-9900,?,9,-9900,?,9,0.0,E,8,-9900,?,9,-9900,?,9,0.0,0.0,E,8
06/26/2018,03:00,0.0,1321.038,0.0,1,8,0.0,1,8,0.0,1,8,0.0,1,8,0.0,1,8,0.0,1,8,-0.0,1,8,-9900,?,9,-9900,?,9,14.39,E,8,10.9,E,8,79.0,E,8,964.3861999999999,E,8,999.0,E,8,0.73,E,8,-9900,?,9,-9900,?,9,0.0,E,8,-9900,?,9,-9900,?,9,0.0,0.0,E,8
06/26/2018,04:00,0.0,1320.923,0.0,1,8,0.0,1,8,0.0,1,8,0.0,1,8,0.0,1,8,0.0,1,8,-0.0,1,8,-9900,?,9,-9900,?,9,13.94,E,8,10.75,E,8,81.0,E,8,964.3861999999999,E,8,999.0,E,8,0.73,E,8,-9900,?,9,-9900,?,9,0.0,E,8,-9900,?,9,-9900,?,9,0.0,0.0,E,8
06/26/2018,05:00,0.0,1320.923,0.0,1,8,0.0,1,8,0.0,1,8,0.0,1,8,0.0,1,8,0.0,1,8,-0.0,1,8,-9900,?,9,-9900,?,9,13.49,E,8,10.6,E,8,82.0,E,8,964.3861999999999,E,8,999.0,E,8,0.73,E,8,-9900,?,9,-9900,?,9,0.0,E,8,-9900,?,9,-9900,?,9,0.0,0.0,E,8
06/26/2018,06:00,0.0,1320.923,0.0,1,8,0.0,1,8,0.0,1,8,0.0,1,8,0.0,1,8,0.0,1,8,-0.0,1,8,-9900,?,9,-9900,?,9,13.14,E,8,10.48,E,8,83.0,E,8,964.3861999999999,E,8,999.0,E,8,0.73,E,8,-9900,?,9,-9900,?,9,0.0,E,8,-9900,?,9,-9900,?,9,0.0,0.0,E,8
06/26/2018,07:00,12.904,1320.923,0.0,1,8,0.0,1,8,0.0,1,8,0.0,1,8,0.0,1,8,0.0,1,8,0.0,1,8,-9900,?,9,-9900,?,9,12.84,E,8,10.37,E,8,84.0,E,8,964.3861999999999,E,8,999.0,E,8,0.73,E,8,-9900,?,9,-9900,?,9,0.0,E,8,-9900,?,9,-9900,?,9,0.0,0.0,E,8
06/26/2018,08:00,285.441,1320.923,38.94,1,8,0.0,1,8,38.94,1,8,4672.8,1,8,0.0,1,8,4283.4,1,8,57.694,1,8,-9900,?,9,-9900,?,9,12.54,E,8,10.27,E,8,86.0,E,8,964.3861999999999,E,8,999.0,E,8,0.73,E,8,-9900,?,9,-9900,?,9,0.0,E,8,-9900,?,9,-9900,?,9,0.0,0.0,E,8
06/26/2018,09:00,533.997,1320.923,225.46,1,8,132.224,1,8,172.087,1,8,27055.2,1,8,12561.301,1,8,18929.536,1,8,135.701,1,8,-9900,?,9,-9900,?,9,16.23,E,8,11.5,E,8,73.0,E,8,964.3861999999999,E,8,999.0,E,8,0.73,E,8,-9900,?,9,-9900,?,9,0.0,E,8,-9900,?,9,-9900,?,9,0.0,0.0,E,8
06/26/2018,10:00,733.834,1320.923,374.93,1,8,228.296,1,8,248.184,1,8,44991.6,1,8,21688.137,1,8,27300.251,1,8,142.295,1,8,-9900,?,9,-9900,?,9,18.49,E,8,12.21,E,8,66.0,E,8,964.3861999999999,E,8,999.0,E,8,0.73,E,8,-9900,?,9,-9900,?,9,0.0,E,8,-9900,?,9,-9900,?,9,0.0,0.0,E,8
06/26/2018,11:00,870.938,1320.923,524.63,1,8,379.95,1,8,274.209,1,8,62955.6,1,8,36095.238,1,8,30163.005,1,8,132.43,1,8,-9900,?,9,-9900,?,9,20.66,E,8,12.87,E,8,60.0,E,8,964.3861999999999,E,8,999.0,E,8,0.77,E,8,-9900,?,9,-9900,?,9,0.0,E,8,-9900,?,9,-9900,?,9,0.0,0.0,E,8
06/26/2018,12:00,935.881,1320.923,551.46,1,8,356.806,1,8,298.735,1,8,66175.2,1,8,33896.571,1,8,32860.824,1,8,134.252,1,8,-9900,?,9,-9900,?,9,22.12,E,8,13.3,E,8,57.0,E,8,964.3861999999999,E,8,999.0,E,8,1.4,E,8,-9900,?,9,-9900,?,9,0.0,E,8,-9900,?,9,-9900,?,9,0.0,0.0,E,8
06/26/2018,13:00,924.211,1320.923,582.01,1,8,454.172,1,8,264.336,1,8,69841.2,1,8,43146.369,1,8,29076.985,1,8,120.295,1,8,-9900,?,9,-9900,?,9,23.23,E,8,13.61,E,8,54.0,E,8,964.3861999999999,E,8,999.0,E,8,1.37,E,8,-9900,?,9,-9900,?,9,0.0,E,8,-9900,?,9,-9900,?,9,0.0,0.0,E,8
06/26/2018,14:00,836.728,1320.923,555.36,1,8,558.134,1,8,201.969,1,8,66643.2,1,8,53022.754,1,8,22216.619,1,8,101.536,1,8,-9900,?,9,-9900,?,9,23.91,E,8,13.81,E,8,53.0,E,8,964.3861999999999,E,8,999.0,E,8,1.85,E,8,-9900,?,9,-9900,?,9,0.0,E,8,-9900,?,9,-9900,?,9,0.0,0.0,E,8
06/26/2018,15:00,679.427,1320.923,500.35,1,8,635.871,1,8,173.551,1,8,60042.0,1,8,60407.782,1,8,19090.594,1,8,107.489,1,8,-9900,?,9,-9900,?,9,24.24,E,8,13.9,E,8,52.0,E,8,964.3861999999999,E,8,999.0,E,8,2.29,E,8,-9900,?,9,-9900,?,9,0.0,E,8,-9900,?,9,-9900,?,9,0.0,0.0,E,8
06/26/2018,16:00,463.155,1320.923,342.91,1,8,607.498,1,8,130.344,1,8,41149.2,1,8,57712.328,1,8,14337.83,1,8,118.575,1,8,-9900,?,9,-9900,?,9,23.84,E,8,13.79,E,8,53.0,E,8,964.3861999999999,E,8,999.0,E,8,2.28,E,8,-9900,?,9,-9900,?,9,0.0,E,8,-9900,?,9,-9900,?,9,0.0,0.0,E,8
06/26/2018,17:00,203.398,1320.923,172.63,1,8,414.128,1,8,109.585,1,8,20715.6,1,8,39342.196,1,8,12054.315,1,8,229.13,1,8,-9900,?,9,-9900,?,9,22.71,E,8,13.47,E,8,55.0,E,8,964.3861999999999,E,8,999.0,E,8,2.45,E,8,-9900,?,9,-9900,?,9,0.0,E,8,-9900,?,9,-9900,?,9,0.0,0.0,E,8
06/26/2018,18:00,0.0,1320.923,8.66,1,8,0.0,1,8,0.0,1,8,1039.2,1,8,0.0,1,8,0.0,1,8,-0.0,1,8,-9900,?,9,-9900,?,9,21.86,E,8,13.22,E,8,57.0,E,8,964.3861999999999,E,8,999.0,E,8,2.36,E,8,-9900,?,9,-9900,?,9,0.0,E,8,-9900,?,9,-9900,?,9,0.0,0.0,E,8
06/26/2018,19:00,0.0,1320.923,0.0,1,8,0.0,1,8,0.0,1,8,0.0,1,8,0.0,1,8,0.0,1,8,-0.0,1,8,-9900,?,9,-9900,?,9,21.01,E,8,12.97,E,8,60.0,E,8,964.3861999999999,E,8,999.0,E,8,1.62,E,8,-9900,?,9,-9900,?,9,0.0,E,8,-9900,?,9,-9900,?,9,0.0,0.0,E,8
06/26/2018,20:00,0.0,1320.923,0.0,1,8,0.0,1,8,0.0,1,8,0.0,1,8,0.0,1,8,0.0,1,8,-0.0,1,8,-9900,?,9,-9900,?,9,20.16,E,8,12.72,E,8,62.0,E,8,964.3861999999999,E,8,999.0,E,8,1.24,E,8,-9900,?,9,-9900,?,9,0.0,E,8,-9900,?,9,-9900,?,9,0.0,0.0,E,8
06/26/2018,21:00,0.0,1320.923,0.0,1,8,0.0,1,8,0.0,1,8,0.0,1,8,0.0,1,8,0.0,1,8,-0.0,1,8,-9900,?,9,-9900,?,9,19.31,E,8,12.46,E,8,64.0,E,8,964.3861999999999,E,8,999.0,E,8,1.17,E,8,-9900,?,9,-9900,?,9,0.0,E,8,-9900,?,9,-9900,?,9,0.0,0.0,E,8
06/26/2018,22:00,0.0,1320.923,0.0,1,8,0.0,1,8,0.0,1,8,0.0,1,8,0.0,1,8,0.0,1,8,-0.0,1,8,-9900,?,9,-9900,?,9,18.47,E,8,12.21,E,8,66.0,E,8,964.3861999999999,E,8,999.0,E,8,0.79,E,8,-9900,?,9,-9900,?,9,0.0,E,8,-9900,?,9,-9900,?,9,0.0,0.0,E,8
06/26/2018,23:00,0.0,1320.923,0.0,1,8,0.0,1,8,0.0,1,8,0.0,1,8,0.0,1,8,0.0,1,8,-0.0,1,8,-9900,?,9,-9900,?,9,17.62,E,8,11.94,E,8,69.0,E,8,964.3861999999999,E,8,999.0,E,8,0.73,E,8,-9900,?,9,-9900,?,9,0.0,E,8,-9900,?,9,-9900,?,9,0.0,0.0,E,8
06/26/2018,24:00,0.0,1320.923,0.0,1,8,0.0,1,8,0.0,1,8,0.0,1,8,0.0,1,8,0.0,1,8,-0.0,1,8,-9900,?,9,-9900,?,9,16.77,E,8,13.25,E,8,79.0,E,8,964.3861999999999,E,8,999.0,E,8,0.74,E,8,-9900,?,9,-9900,?,9,0.0,E,8,-9900,?,9,-9900,?,9,0.0,0.0,E,8
06/27/2018,01:00,0.0,1320.923,0.0,1,8,0.0,1,8,0.0,1,8,0.0,1,8,0.0,1,8,0.0,1,8,-0.0,1,8,-9900,?,9,-9900,?,9,16.35,E,8,13.13,E,8,81.0,E,8,964.3861999999999,E,8,999.0,E,8,0.74,E,8,-9900,?,9,-9900,?,9,0.0,E,8,-9900,?,9,-9900,?,9,0.0,0.0,E,8
06/27/2018,02:00,0.0,1320.923,0.0,1,8,0.0,1,8,0.0,1,8,0.0,1,8,0.0,1,8,0.0,1,8,-0.0,1,8,-9900,?,9,-9900,?,9,15.92,E,8,13.0,E,8,82.0,E,8,964.3861999999999,E,8,999.0,E,8,0.74,E,8,-9900,?,9,-9900,?,9,0.0,E,8,-9900,?,9,-9900,?,9,0.0,0.0,E,8
06/27/2018,03:00,0.0,1320.923,0.0,1,8,0.0,1,8,0.0,1,8,0.0,1,8,0.0,1,8,0.0,1,8,-0.0,1,8,-9900,?,9,-9900,?,9,15.5,E,8,12.87,E,8,84.0,E,8,964.3861999999999,E,8,999.0,E,8,1.75,E,8,-9900,?,9,-9900,?,9,0.0,E,8,-9900,?,9,-9900,?,9,0.0,0.0,E,8
06/27/2018,04:00,0.0,1320.821,0.0,1,8,0.0,1,8,0.0,1,8,0.0,1,8,0.0,1,8,0.0,1,8,-0.0,1,8,-9900,?,9,-9900,?,9,15.07,E,8,12.75,E,8,85.0,E,8,964.3861999999999,E,8,999.0,E,8,1.4,E,8,-9900,?,9,-9900,?,9,0.0,E,8,-9900,?,9,-9900,?,9,0.0,0.0,E,8
06/27/2018,05:00,0.0,1320.821,0.0,1,8,0.0,1,8,0.0,1,8,0.0,1,8,0.0,1,8,0.0,1,8,-0.0,1,8,-9900,?,9,-9900,?,9,14.65,E,8,12.62,E,8,87.0,E,8,964.3861999999999,E,8,999.0,E,8,0.87,E,8,-9900,?,9,-9900,?,9,0.0,E,8,-9900,?,9,-9900,?,9,0.0,0.0,E,8
06/27/2018,06:00,0.0,1320.821,0.0,1,8,0.0,1,8,0.0,1,8,0.0,1,8,0.0,1,8,0.0,1,8,-0.0,1,8,-9900,?,9,-9900,?,9,14.32,E,8,12.52,E,8,88.0,E,8,964.3861999999999,E,8,999.0,E,8,0.74,E,8,-9900,?,9,-9900,?,9,0.0,E,8,-9900,?,9,-9900,?,9,0.0,0.0,E,8
06/27/2018,07:00,12.314,1320.821,0.0,1,8,0.0,1,8,0.0,1,8,0.0,1,8,0.0,1,8,0.0,1,8,0.0,1,8,-9900,?,9,-9900,?,9,14.04,E,8,12.44,E,8,90.0,E,8,964.3861999999999,E,8,999.0,E,8,0.74,E,8,-9900,?,9,-9900,?,9,0.0,E,8,-9900,?,9,-9900,?,9,0.0,0.0,E,8
06/27/2018,08:00,284.896,1320.821,36.45,1,8,0.0,1,8,36.45,1,8,4374.0,1,8,0.0,1,8,4009.5,1,8,54.105,1,8,-9900,?,9,-9900,?,9,13.76,E,8,12.35,E,8,91.0,E,8,964.3861999999999,E,8,999.0,E,8,0.74,E,8,-9900,?,9,-9900,?,9,0.0,E,8,-9900,?,9,-9900,?,9,0.0,0.0,E,8
06/27/2018,09:00,533.644,1320.821,199.49,1,8,78.947,1,8,167.641,1,8,23938.8,1,8,7500.011,1,8,18440.496,1,8,132.273,1,8,-9900,?,9,-9900,?,9,17.23,E,8,13.38,E,8,78.0,E,8,964.3861999999999,E,8,999.0,E,8,0.74,E,8,-9900,?,9,-9900,?,9,0.0,E,8,-9900,?,9,-9900,?,9,0.0,0.0,E,8
06/27/2018,10:00,733.721,1320.821,356.35,1,8,188.788,1,8,251.546,1,8,42762.0,1,8,17934.859,1,8,27670.094,1,8,144.233,1,8,-9900,?,9,-9900,?,9,19.57,E,8,14.04,E,8,70.0,E,8,964.3861999999999,E,8,999.0,E,8,0.74,E,8,-9900,?,9,-9900,?,9,0.0,E,8,-9900,?,9,-9900,?,9,0.0,0.0,E,8
06/27/2018,11:00,871.094,1320.821,476.93,1,8,272.658,1,8,297.178,1,8,57231.6,1,8,25902.521,1,8,32689.567,1,8,143.486,1,8,-9900,?,9,-9900,?,9,21.62,E,8,14.6,E,8,64.0,E,8,964.3861999999999,E,8,999.0,E,8,1.13,E,8,-9900,?,9,-9900,?,9,0.0,E,8,-9900,?,9,-9900,?,9,0.0,0.0,E,8
06/27/2018,12:00,936.314,1320.821,549.85,1,8,352.289,1,8,300.189,1,8,65982.0,1,8,33467.427,1,8,33020.813,1,8,134.832,1,8,-9900,?,9,-9900,?,9,23.28,E,8,15.04,E,8,59.0,E,8,964.3861999999999,E,8,999.0,E,8,1.37,E,8,-9900,?,9,-9900,?,9,0.0,E,8,-9900,?,9,-9900,?,9,0.0,0.0,E,8
06/27/2018,13:00,924.914,1320.821,569.26,1,8,431.995,1,8,266.845,1,8,68311.2,1,8,41039.535,1,8,29352.927,1,8,121.334,1,8,-9900,?,9,-9900,?,9,24.49,E,8,15.35,E,8,56.0,E,8,964.3861999999999,E,8,999.0,E,8,1.13,E,8,-9900,?,9,-9900,?,9,0.0,E,8,-9900,?,9,-9900,?,9,0.0,0.0,E,8
06/27/2018,14:00,837.671,1320.821,533.69,1,8,500.702,1,8,216.281,1,8,64042.8,1,8,47566.712,1,8,23790.861,1,8,108.599,1,8,-9900,?,9,-9900,?,9,25.2,E,8,15.53,E,8,55.0,E,8,964.3861999999999,E,8,999.0,E,8,1.09,E,8,-9900,?,9,-9900,?,9,0.0,E,8,-9900,?,9,-9900,?,9,0.0,0.0,E,8
06/27/2018,15:00,680.566,1320.821,445.87,1,8,623.515,1,8,124.858,1,8,53504.4,1,8,59233.892,1,8,13734.362,1,8,77.195,1,8,-9900,?,9,-9900,?,9,25.4,E,8,15.58,E,8,54.0,E,8,964.3861999999999,E,8,999.0,E,8,1.65,E,8,-9900,?,9,-9900,?,9,0.0,E,8,-9900,?,9,-9900,?,9,0.0,0.0,E,8
06/27/2018,16:00,464.432,1320.821,313.04,1,8,625.242,1,8,93.642,1,8,37564.8,1,8,59397.995,1,8,10300.648,1,8,84.945,1,8,-9900,?,9,-9900,?,9,24.94,E,8,15.46,E,8,55.0,E,8,964.3861999999999,E,8,999.0,E,8,2.51,E,8,-9900,?,9,-9900,?,9,0.0,E,8,-9900,?,9,-9900,?,9,0.0,0.0,E,8
06/27/2018,17:00,204.735,1320.821,149.22,1,8,382.645,1,8,90.572,1,8,17906.4,1,8,36351.235,1,8,9962.866,1,8,188.096,1,8,-9900,?,9,-9900,?,9,23.76,E,8,15.16,E,8,58.0,E,8,964.3861999999999,E,8,999.0,E,8,2.26,E,8,-9900,?,9,-9900,?,9,0.0,E,8,-9900,?,9,-9900,?,9,0.0,0.0,E,8
06/27/2018,18:00,0.0,1320.821,6.29,1,8,0.0,1,8,0.0,1,8,754.8,1,8,0.0,1,8,0.0,1,8,-0.0,1,8,-9900,?,9,-9900,?,9,22.78,E,8,14.91,E,8,61.0,E,8,964.3861999999999,E,8,999.0,E,8,1.96,E,8,-9900,?,9,-9900,?,9,0.0,E,8,-9900,?,9,-9900,?,9,0.0,0.0,E,8
06/27/2018,19:00,0.0,1320.821,0.0,1,8,0.0,1,8,0.0,1,8,0.0,1,8,0.0,1,8,0.0,1,8,-0.0,1,8,-9900,?,9,-9900,?,9,21.81,E,8,14.65,E,8,63.0,E,8,964.3861999999999,E,8,999.0,E,8,1.51,E,8,-9900,?,9,-9900,?,9,0.0,E,8,-9900,?,9,-9900,?,9,0.0,0.0,E,8
06/27/2018,20:00,0.0,1320.821,0.0,1,8,0.0,1,8,0.0,1,8,0.0,1,8,0.0,1,8,0.0,1,8,-0.0,1,8,-9900,?,9,-9900,?,9,20.84,E,8,14.39,E,8,66.0,E,8,964.3861999999999,E,8,999.0,E,8,1.53,E,8,-9900,?,9,-9900,?,9,0.0,E,8,-9900,?,9,-9900,?,9,0.0,0.0,E,8
06/27/2018,21:00,0.0,1320.821,0.0,1,8,0.0,1,8,0.0,1,8,0.0,1,8,0.0,1,8,0.0,1,8,-0.0,1,8,-9900,?,9,-9900,?,9,19.86,E,8,14.12,E,8,69.0,E,8,964.3861999999999,E,8,999.0,E,8,0.74,E,8,-9900,?,9,-9900,?,9,0.0,E,8,-9900,?,9,-9900,?,9,0.0,0.0,E,8
06/27/2018,22:00,0.0,1320.821,0.0,1,8,0.0,1,8,0.0,1,8,0.0,1,8,0.0,1,8,0.0,1,8,-0.0,1,8,-9900,?,9,-9900,?,9,18.89,E,8,13.85,E,8,72.0,E,8,964.3861999999999,E,8,999.0,E,8,0.74,E,8,-9900,?,9,-9900,?,9,0.0,E,8,-9900,?,9,-9900,?,9,0.0,0.0,E,8
06/27/2018,23:00,0.0,1320.821,0.0,1,8,0.0,1,8,0.0,1,8,0.0,1,8,0.0,1,8,0.0,1,8,-0.0,1,8,-9900,?,9,-9900,?,9,17.92,E,8,13.58,E,8,75.0,E,8,964.3861999999999,E,8,999.0,E,8,0.74,E,8,-9900,?,9,-9900,?,9,0.0,E,8,-9900,?,9,-9900,?,9,0.0,0.0,E,8
06/27/2018,24:00,0.0,1320.821,0.0,1,8,0.0,1,8,0.0,1,8,0.0,1,8,0.0,1,8,0.0,1,8,-0.0,1,8,-9900,?,9,-9900,?,9,16.94,E,8,12.28,E,8,74.0,E,8,964.3861999999999,E,8,999.0,E,8,0.86,E,8,-9900,?,9,-9900,?,9,0.0,E,8,-9900,?,9,-9900,?,9,0.0,0.0,E,8
06/28/2018,01:00,0.0,1320.821,0.0,1,8,0.0,1,8,0.0,1,8,0.0,1,8,0.0,1,8,0.0,1,8,-0.0,1,8,-9900,?,9,-9900,?,9,16.46,E,8,12.25,E,8,76.0,E,8,964.3861999999999,E,8,999.0,E,8,0.93,E,8,-9900,?,9,-9900,?,9,0.0,E,8,-9900,?,9,-9900,?,9,0.0,0.0,E,8
06/28/2018,02:00,0.0,1320.821,0.0,1,8,0.0,1,8,0.0,1,8,0.0,1,8,0.0,1,8,0.0,1,8,-0.0,1,8,-9900,?,9,-9900,?,9,15.97,E,8,12.21,E,8,78.0,E,8,964.3861999999999,E,8,999.0,E,8,1.46,E,8,-9900,?,9,-9900,?,9,0.0,E,8,-9900,?,9,-9900,?,9,0.0,0.0,E,8
06/28/2018,03:00,0.0,1320.821,0.0,1,8,0.0,1,8,0.0,1,8,0.0,1,8,0.0,1,8,0.0,1,8,-0.0,1,8,-9900,?,9,-9900,?,9,15.49,E,8,12.18,E,8,80.0,E,8,964.3861999999999,E,8,999.0,E,8,1.74,E,8,-9900,?,9,-9900,?,9,0.0,E,8,-9900,?,9,-9900,?,9,0.0,0.0,E,8
06/28/2018,04:00,0.0,1320.731,0.0,1,8,0.0,1,8,0.0,1,8,0.0,1,8,0.0,1,8,0.0,1,8,-0.0,1,8,-9900,?,9,-9900,?,9,15.0,E,8,12.14,E,8,83.0,E,8,964.3861999999999,E,8,999.0,E,8,1.58,E,8,-9900,?,9,-9900,?,9,0.0,E,8,-9900,?,9,-9900,?,9,0.0,0.0,E,8
06/28/2018,05:00,0.0,1320.731,0.0,1,8,0.0,1,8,0.0,1,8,0.0,1,8,0.0,1,8,0.0,1,8,-0.0,1,8,-9900,?,9,-9900,?,9,14.51,E,8,12.11,E,8,85.0,E,8,964.3861999999999,E,8,999.0,E,8,0.98,E,8,-9900,?,9,-9900,?,9,0.0,E,8,-9900,?,9,-9900,?,9,0.0,0.0,E,8
06/28/2018,06:00,0.0,1320.731,0.0,1,8,0.0,1,8,0.0,1,8,0.0,1,8,0.0,1,8,0.0,1,8,-0.0,1,8,-9900,?,9,-9900,?,9,14.14,E,8,12.08,E,8,87.0,E,8,964.3861999999999,E,8,999.0,E,8,0.86,E,8,-9900,?,9,-9900,?,9,0.0,E,8,-9900,?,9,-9900,?,9,0.0,0.0,E,8
06/28/2018,07:00,11.79,1320.731,0.0,1,8,0.0,1,8,0.0,1,8,0.0,1,8,0.0,1,8,0.0,1,8,0.0,1,8,-9900,?,9,-9900,?,9,13.81,E,8,12.06,E,8,89.0,E,8,964.3861999999999,E,8,999.0,E,8,0.86,E,8,-9900,?,9,-9900,?,9,0.0,E,8,-9900,?,9,-9900,?,9,0.0,0.0,E,8
06/28/2018,08:00,284.441,1320.731,26.24,1,8,0.0,1,8,26.24,1,8,3148.8,1,8,0.0,1,8,2886.4,1,8,39.01,1,8,-9900,?,9,-9900,?,9,13.49,E,8,12.03,E,8,90.0,E,8,964.3861999999999,E,8,999.0,E,8,0.86,E,8,-9900,?,9,-9900,?,9,0.0,E,8,-9900,?,9,-9900,?,9,0.0,0.0,E,8
06/28/2018,09:00,533.396,1320.731,185.8,1,8,43.971,1,8,168.068,1,8,22296.0,1,8,4177.267,1,8,18487.494,1,8,132.663,1,8,-9900,?,9,-9900,?,9,16.47,E,8,12.25,E,8,76.0,E,8,964.3861999999999,E,8,999.0,E,8,0.86,E,8,-9900,?,9,-9900,?,9,0.0,E,8,-9900,?,9,-9900,?,9,0.0,0.0,E,8
06/28/2018,10:00,733.722,1320.731,372.37,1,8,222.667,1,8,248.75,1,8,44684.4,1,8,21153.339,1,8,27362.538,1,8,142.62,1,8,-9900,?,9,-9900,?,9,18.96,E,8,12.43,E,8,65.0,E,8,964.3861999999999,E,8,999.0,E,8,0.86,E,8,-9900,?,9,-9900,?,9,0.0,E,8,-9900,?,9,-9900,?,9,0.0,0.0,E,8
06/28/2018,11:00,871.368,1320.731,572.44,1,8,527.96,1,8,224.245,1,8,68692.8,1,8,50156.201,1,8,24666.913,1,8,108.231,1,8,-9900,?,9,-9900,?,9,21.61,E,8,12.61,E,8,56.0,E,8,964.3861999999999,E,8,999.0,E,8,0.86,E,8,-9900,?,9,-9900,?,9,0.0,E,8,-9900,?,9,-9900,?,9,0.0,0.0,E,8
06/28/2018,12:00,936.867,1320.731,620.62,1,8,535.287,1,8,241.021,1,8,74474.4,1,8,50852.293,1,8,26512.354,1,8,108.185,1,8,-9900,?,9,-9900,?,9,23.47,E,8,12.74,E,8,50.0,E,8,964.3861999999999,E,8,999.0,E,8,0.86,E,8,-9900,?,9,-9900,?,9,0.0,E,8,-9900,?,9,-9900,?,9,0.0,0.0,E,8
06/28/2018,13:00,925.731,1320.731,634.61,1,8,633.528,1,8,190.691,1,8,76153.2,1,8,60185.132,1,8,20975.992,1,8,86.625,1,8,-9900,?,9,-9900,?,9,24.77,E,8,12.83,E,8,47.0,E,8,964.3861999999999,E,8,999.0,E,8,1.32,E,8,-9900,?,9,-9900,?,9,0.0,E,8,-9900,?,9,-9900,?,9,0.0,0.0,E,8
06/28/2018,14:00,838.72,1320.731,538.54,1,8,539.692,1,8,195.962,1,8,64624.8,1,8,51270.719,1,8,21555.766,1,8,98.267,1,8,-9900,?,9,-9900,?,9,25.32,E,8,12.87,E,8,45.0,E,8,964.3861999999999,E,8,999.0,E,8,1.33,E,8,-9900,?,9,-9900,?,9,0.0,E,8,-9900,?,9,-9900,?,9,0.0,0.0,E,8
06/28/2018,15:00,681.799,1320.731,439.24,1,8,590.98,1,8,134.405,1,8,52708.8,1,8,56143.115,1,8,14784.531,1,8,82.942,1,8,-9900,?,9,-9900,?,9,25.38,E,8,12.88,E,8,45.0,E,8,964.3861999999999,E,8,999.0,E,8,1.87,E,8,-9900,?,9,-9900,?,9,0.0,E,8,-9900,?,9,-9900,?,9,0.0,0.0,E,8
06/28/2018,16:00,465.786,1320.731,296.34,1,8,549.567,1,8,102.918,1,8,35560.8,1,8,52208.891,1,8,11321.012,1,8,93.08,1,8,-9900,?,9,-9900,?,9,24.71,E,8,12.83,E,8,47.0,E,8,964.3861999999999,E,8,999.0,E,8,1.45,E,8,-9900,?,9,-9900,?,9,0.0,E,8,-9900,?,9,-9900,?,9,0.0,0.0,E,8
06/28/2018,17:00,206.133,1320.731,120.51,1,8,416.752,1,8,56.184,1,8,14461.2,1,8,39591.407,1,8,6180.219,1,8,115.865,1,8,-9900,?,9,-9900,?,9,23.33,E,8,12.73,E,8,51.0,E,8,964.3861999999999,E,8,999.0,E,8,1.75,E,8,-9900,?,9,-9900,?,9,0.0,E,8,-9900,?,9,-9900,?,9,0.0,0.0,E,8
06/28/2018,18:00,0.0,1320.731,7.21,1,8,0.0,1,8,0.0,1,8,865.2,1,8,0.0,1,8,0.0,1,8,-0.0,1,8,-9900,?,9,-9900,?,9,22.36,E,8,12.67,E,8,54.0,E,8,964.3861999999999,E,8,999.0,E,8,1.41,E,8,-9900,?,9,-9900,?,9,0.0,E,8,-9900,?,9,-9900,?,9,0.0,0.0,E,8
06/28/2018,19:00,0.0,1320.731,0.0,1,8,0.0,1,8,0.0,1,8,0.0,1,8,0.0,1,8,0.0,1,8,-0.0,1,8,-9900,?,9,-9900,?,9,21.4,E,8,12.6,E,8,57.0,E,8,964.3861999999999,E,8,999.0,E,8,0.86,E,8,-9900,?,9,-9900,?,9,0.0,E,8,-9900,?,9,-9900,?,9,0.0,0.0,E,8
06/28/2018,20:00,0.0,1320.731,0.0,1,8,0.0,1,8,0.0,1,8,0.0,1,8,0.0,1,8,0.0,1,8,-0.0,1,8,-9900,?,9,-9900,?,9,20.43,E,8,12.53,E,8,60.0,E,8,964.3861999999999,E,8,999.0,E,8,0.87,E,8,-9900,?,9,-9900,?,9,0.0,E,8,-9900,?,9,-9900,?,9,0.0,0.0,E,8
06/28/2018,21:00,0.0,1320.731,0.0,1,8,0.0,1,8,0.0,1,8,0.0,1,8,0.0,1,8,0.0,1,8,-0.0,1,8,-9900,?,9,-9900,?,9,19.46,E,8,12.46,E,8,63.0,E,8,964.3861999999999,E,8,999.0,E,8,0.99,E,8,-9900,?,9,-9900,?,9,0.0,E,8,-9900,?,9,-9900,?,9,0.0,0.0,E,8
06/28/2018,22:00,0.0,1320.731,0.0,1,8,0.0,1,8,0.0,1,8,0.0,1,8,0.0,1,8,0.0,1,8,-0.0,1,8,-9900,?,9,-9900,?,9,18.5,E,8,12.39,E,8,67.0,E,8,964.3861999999999,E,8,999.0,E,8,1.45,E,8,-9900,?,9,-9900,?,9,0.0,E,8,-9900,?,9,-9900,?,9,0.0,0.0,E,8
06/28/2018,23:00,0.0,1320.731,0.0,1,8,0.0,1,8,0.0,1,8,0.0,1,8,0.0,1,8,0.0,1,8,-0.0,1,8,-9900,?,9,-9900,?,9,17.53,E,8,12.33,E,8,71.0,E,8,964.3861999999999,E,8,999.0,E,8,1.4,E,8,-9900,?,9,-9900,?,9,0.0,E,8,-9900,?,9,-9900,?,9,0.0,0.0,E,8
06/28/2018,24:00,0.0,1320.731,0.0,1,8,0.0,1,8,0.0,1,8,0.0,1,8,0.0,1,8,0.0,1,8,-0.0,1,8,-9900,?,9,-9900,?,9,16.57,E,8,13.28,E,8,80.0,E,8,964.3861999999999,E,8,999.0,E,8,1.33,E,8,-9900,?,9,-9900,?,9,0.0,E,8,-9900,?,9,-9900,?,9,0.0,0.0,E,8
06/29/2018,01:00,0.0,1320.731,0.0,1,8,0.0,1,8,0.0,1,8,0.0,1,8,0.0,1,8,0.0,1,8,-0.0,1,8,-9900,?,9,-9900,?,9,16.08,E,8,13.17,E,8,82.0,E,8,964.3861999999999,E,8,999.0,E,8,1.54,E,8,-9900,?,9,-9900,?,9,0.0,E,8,-9900,?,9,-9900,?,9,0.0,0.0,E,8
06/29/2018,02:00,0.0,1320.731,0.0,1,8,0.0,1,8,0.0,1,8,0.0,1,8,0.0,1,8,0.0,1,8,-0.0,1,8,-9900,?,9,-9900,?,9,15.6,E,8,13.07,E,8,84.0,E,8,964.3861999999999,E,8,999.0,E,8,0.93,E,8,-9900,?,9,-9900,?,9,0.0,E,8,-9900,?,9,-9900,?,9,0.0,0.0,E,8
06/29/2018,03:00,0.0,1320.731,0.0,1,8,0.0,1,8,0.0,1,8,0.0,1,8,0.0,1,8,0.0,1,8,-0.0,1,8,-9900,?,9,-9900,?,9,15.12,E,8,12.97,E,8,86.0,E,8,964.3861999999999,E,8,999.0,E,8,0.67,E,8,-9900,?,9,-9900,?,9,0.0,E,8,-9900,?,9,-9900,?,9,0.0,0.0,E,8
06/29/2018,04:00,0.0,1320.654,0.0,1,8,0.0,1,8,0.0,1,8,0.0,1,8,0.0,1,8,0.0,1,8,-0.0,1,8,-9900,?,9,-9900,?,9,14.63,E,8,12.87,E,8,89.0,E,8,964.3861999999999,E,8,999.0,E,8,0.67,E,8,-9900,?,9,-9900,?,9,0.0,E,8,-9900,?,9,-9900,?,9,0.0,0.0,E,8
06/29/2018,05:00,0.0,1320.654,0.0,1,8,0.0,1,8,0.0,1,8,0.0,1,8,0.0,1,8,0.0,1,8,-0.0,1,8,-9900,?,9,-9900,?,9,14.15,E,8,12.77,E,8,91.0,E,8,964.3861999999999,E,8,999.0,E,8,0.67,E,8,-9900,?,9,-9900,?,9,0.0,E,8,-9900,?,9,-9900,?,9,0.0,0.0,E,8
06/29/2018,06:00,0.0,1320.654,0.0,1,8,0.0,1,8,0.0,1,8,0.0,1,8,0.0,1,8,0.0,1,8,-0.0,1,8,-9900,?,9,-9900,?,9,13.78,E,8,12.69,E,8,93.0,E,8,964.3861999999999,E,8,999.0,E,8,0.67,E,8,-9900,?,9,-9900,?,9,0.0,E,8,-9900,?,9,-9900,?,9,0.0,0.0,E,8
06/29/2018,07:00,11.333,1320.654,0.0,1,8,0.0,1,8,0.0,1,8,0.0,1,8,0.0,1,8,0.0,1,8,0.0,1,8,-9900,?,9,-9900,?,9,13.46,E,8,12.62,E,8,94.0,E,8,964.3861999999999,E,8,999.0,E,8,0.86,E,8,-9900,?,9,-9900,?,9,0.0,E,8,-9900,?,9,-9900,?,9,0.0,0.0,E,8
06/29/2018,08:00,284.078,1320.654,23.59,1,8,0.0,1,8,23.59,1,8,2830.8,1,8,0.0,1,8,2594.9,1,8,35.113,1,8,-9900,?,9,-9900,?,9,13.14,E,8,12.55,E,8,96.0,E,8,964.3861999999999,E,8,999.0,E,8,1.08,E,8,-9900,?,9,-9900,?,9,0.0,E,8,-9900,?,9,-9900,?,9,0.0,0.0,E,8
06/29/2018,09:00,533.252,1320.654,129.86,1,8,1.236,1,8,129.362,1,8,15583.2,1,8,117.389,1,8,14229.799,1,8,102.132,1,8,-9900,?,9,-9900,?,9,16.27,E,8,13.21,E,8,82.0,E,8,964.3861999999999,E,8,999.0,E,8,1.58,E,8,-9900,?,9,-9900,?,9,0.0,E,8,-9900,?,9,-9900,?,9,0.0,0.0,E,8
06/29/2018,10:00,733.836,1320.654,232.14,1,8,15.926,1,8,223.296,1,8,27856.8,1,8,1513.008,1,8,24562.573,1,8,127.999,1,8,-9900,?,9,-9900,?,9,18.38,E,8,13.65,E,8,73.0,E,8,964.3861999999999,E,8,999.0,E,8,1.46,E,8,-9900,?,9,-9900,?,9,0.0,E,8,-9900,?,9,-9900,?,9,0.0,0.0,E,8
06/29/2018,11:00,871.76,1320.654,310.81,1,8,21.025,1,8,296.937,1,8,37297.2,1,8,1997.402,1,8,32663.019,1,8,143.242,1,8,-9900,?,9,-9900,?,9,20.24,E,8,14.02,E,8,67.0,E,8,964.3861999999999,E,8,999.0,E,8,2.35,E,8,-9900,?,9,-9900,?,9,0.0,E,8,-9900,?,9,-9900,?,9,0.0,0.0,E,8
06/29/2018,12:00,937.538,1320.654,358.51,1,8,26.666,1,8,339.585,1,8,43021.2,1,8,2533.27,1,8,37354.368,1,8,152.309,1,8,-9900,?,9,-9900,?,9,21.74,E,8,14.31,E,8,62.0,E,8,964.3861999999999,E,8,999.0,E,8,3.78,E,8,-9900,?,9,-9900,?,9,0.0,E,8,-9900,?,9,-9900,?,9,0.0,0.0,E,8
06/29/2018,13:00,926.661,1320.654,371.39,1,8,68.974,1,8,323.007,1,8,44566.8,1,8,6552.568,1,8,35530.822,1,8,146.576,1,8,-9900,?,9,-9900,?,9,22.83,E,8,14.52,E,8,59.0,E,8,964.3861999999999,E,8,999.0,E,8,3.65,E,8,-9900,?,9,-9900,?,9,0.0,E,8,-9900,?,9,-9900,?,9,0.0,0.0,E,8
06/29/2018,14:00,839.874,1320.654,348.48,1,8,86.13,1,8,293.729,1,8,41817.6,1,8,8182.313,1,8,32310.217,1,8,147.082,1,8,-9900,?,9,-9900,?,9,23.48,E,8,14.65,E,8,57.0,E,8,964.3861999999999,E,8,999.0,E,8,4.56,E,8,-9900,?,9,-9900,?,9,0.0,E,8,-9900,?,9,-9900,?,9,0.0,0.0,E,8
06/29/2018,15:00,683.124,1320.654,291.54,1,8,111.131,1,8,234.102,1,8,34984.8,1,8,10557.455,1,8,25751.237,1,8,144.176,1,8,-9900,?,9,-9900,?,9,23.67,E,8,14.68,E,8,57.0,E,8,964.3861999999999,E,8,999.0,E,8,5.03,E,8,-9900,?,9,-9900,?,9,0.0,E,8,-9900,?,9,-9900,?,9,0.0,0.0,E,8
06/29/2018,16:00,467.217,1320.654,205.25,1,8,174.763,1,8,143.548,1,8,24630.0,1,8,16602.468,1,8,15790.313,1,8,129.42,1,8,-9900,?,9,-9900,?,9,23.26,E,8,14.61,E,8,58.0,E,8,964.3861999999999,E,8,999.0,E,8,4.85,E,8,-9900,?,9,-9900,?,9,0.0,E,8,-9900,?,9,-9900,?,9,0.0,0.0,E,8
06/29/2018,17:00,207.589,1320.654,98.62,1,8,335.723,1,8,46.424,1,8,11834.4,1,8,31893.72,1,8,5106.588,1,8,95.045,1,8,-9900,?,9,-9900,?,9,22.2,E,8,14.4,E,8,61.0,E,8,964.3861999999999,E,8,999.0,E,8,4.72,E,8,-9900,?,9,-9900,?,9,0.0,E,8,-9900,?,9,-9900,?,9,0.0,0.0,E,8
06/29/2018,18:00,0.0,1320.654,4.56,1,8,0.0,1,8,0.0,1,8,547.2,1,8,0.0,1,8,0.0,1,8,-0.0,1,8,-9900,?,9,-9900,?,9,21.29,E,8,14.23,E,8,64.0,E,8,964.3861999999999,E,8,999.0,E,8,3.69,E,8,-9900,?,9,-9900,?,9,0.0,E,8,-9900,?,9,-9900,?,9,0.0,0.0,E,8
06/29/2018,19:00,0.0,1320.654,0.0,1,8,0.0,1,8,0.0,1,8,0.0,1,8,0.0,1,8,0.0,1,8,-0.0,1,8,-9900,?,9,-9900,?,9,20.39,E,8,14.05,E,8,66.0,E,8,964.3861999999999,E,8,999.0,E,8,2.86,E,8,-9900,?,9,-9900,?,9,0.0,E,8,-9900,?,9,-9900,?,9,0.0,0.0,E,8
06/29/2018,20:00,0.0,1320.654,0.0,1,8,0.0,1,8,0.0,1,8,0.0,1,8,0.0,1,8,0.0,1,8,-0.0,1,8,-9900,?,9,-9900,?,9,19.49,E,8,13.87,E,8,69.0,E,8,964.3861999999999,E,8,999.0,E,8,2.86,E,8,-9900,?,9,-9900,?,9,0.0,E,8,-9900,?,9,-9900,?,9,0.0,0.0,E,8
06/29/2018,21:00,0.0,1320.654,0.0,1,8,0.0,1,8,0.0,1,8,0.0,1,8,0.0,1,8,0.0,1,8,-0.0,1,8,-9900,?,9,-9900,?,9,18.58,E,8,13.69,E,8,73.0,E,8,964.3861999999999,E,8,999.0,E,8,2.62,E,8,-9900,?,9,-9900,?,9,0.0,E,8,-9900,?,9,-9900,?,9,0.0,0.0,E,8
06/29/2018,22:00,0.0,1320.654,0.0,1,8,0.0,1,8,0.0,1,8,0.0,1,8,0.0,1,8,0.0,1,8,-0.0,1,8,-9900,?,9,-9900,?,9,17.68,E,8,13.5,E,8,76.0,E,8,964.3861999999999,E,8,999.0,E,8,2.11,E,8,-9900,?,9,-9900,?,9,0.0,E,8,-9900,?,9,-9900,?,9,0.0,0.0,E,8
06/29/2018,23:00,0.0,1320.654,0.0,1,8,0.0,1,8,0.0,1,8,0.0,1,8,0.0,1,8,0.0,1,8,-0.0,1,8,-9900,?,9,-9900,?,9,16.77,E,8,13.32,E,8,80.0,E,8,964.3861999999999,E,8,999.0,E,8,1.95,E,8,-9900,?,9,-9900,?,9,0.0,E,8,-9900,?,9,-9900,?,9,0.0,0.0,E,8
06/29/2018,24:00,0.0,1320.654,0.0,1,8,0.0,1,8,0.0,1,8,0.0,1,8,0.0,1,8,0.0,1,8,-0.0,1,8,-9900,?,9,-9900,?,9,15.87,E,8,12.69,E,8,81.0,E,8,964.3861999999999,E,8,999.0,E,8,3.29,E,8,-9900,?,9,-9900,?,9,0.0,E,8,-9900,?,9,-9900,?,9,0.0,0.0,E,8
06/30/2018,01:00,0.0,1320.654,0.0,1,8,0.0,1,8,0.0,1,8,0.0,1,8,0.0,1,8,0.0,1,8,-0.0,1,8,-9900,?,9,-9900,?,9,15.42,E,8,12.52,E,8,82.0,E,8,964.3861999999999,E,8,999.0,E,8,3.69,E,8,-9900,?,9,-9900,?,9,0.0,E,8,-9900,?,9,-9900,?,9,0.0,0.0,E,8
06/30/2018,02:00,0.0,1320.654,0.0,1,8,0.0,1,8,0.0,1,8,0.0,1,8,0.0,1,8,0.0,1,8,-0.0,1,8,-9900,?,9,-9900,?,9,14.97,E,8,12.35,E,8,84.0,E,8,964.3861999999999,E,8,999.0,E,8,3.12,E,8,-9900,?,9,-9900,?,9,0.0,E,8,-9900,?,9,-9900,?,9,0.0,0.0,E,8
06/30/2018,03:00,0.0,1320.654,0.0,1,8,0.0,1,8,0.0,1,8,0.0,1,8,0.0,1,8,0.0,1,8,-0.0,1,8,-9900,?,9,-9900,?,9,14.51,E,8,12.17,E,8,85.0,E,8,964.3861999999999,E,8,999.0,E,8,2.7,E,8,-9900,?,9,-9900,?,9,0.0,E,8,-9900,?,9,-9900,?,9,0.0,0.0,E,8
06/30/2018,04:00,0.0,1320.589,0.0,1,8,0.0,1,8,0.0,1,8,0.0,1,8,0.0,1,8,0.0,1,8,-0.0,1,8,-9900,?,9,-9900,?,9,14.06,E,8,11.99,E,8,87.0,E,8,964.3861999999999,E,8,999.0,E,8,3.24,E,8,-9900,?,9,-9900,?,9,0.0,E,8,-9900,?,9,-9900,?,9,0.0,0.0,E,8
06/30/2018,05:00,0.0,1320.589,0.0,1,8,0.0,1,8,0.0,1,8,0.0,1,8,0.0,1,8,0.0,1,8,-0.0,1,8,-9900,?,9,-9900,?,9,13.61,E,8,11.81,E,8,88.0,E,8,964.3861999999999,E,8,999.0,E,8,3.42,E,8,-9900,?,9,-9900,?,9,0.0,E,8,-9900,?,9,-9900,?,9,0.0,0.0,E,8
06/30/2018,06:00,0.0,1320.589,0.0,1,8,0.0,1,8,0.0,1,8,0.0,1,8,0.0,1,8,0.0,1,8,-0.0,1,8,-9900,?,9,-9900,?,9,13.26,E,8,11.67,E,8,90.0,E,8,964.3861999999999,E,8,999.0,E,8,3.89,E,8,-9900,?,9,-9900,?,9,0.0,E,8,-9900,?,9,-9900,?,9,0.0,0.0,E,8
06/30/2018,07:00,10.942,1320.589,0.0,1,8,0.0,1,8,0.0,1,8,0.0,1,8,0.0,1,8,0.0,1,8,-0.0,1,8,-9900,?,9,-9900,?,9,12.96,E,8,11.55,E,8,91.0,E,8,964.3861999999999,E,8,999.0,E,8,3.5,E,8,-9900,?,9,-9900,?,9,0.0,E,8,-9900,?,9,-9900,?,9,0.0,0.0,E,8
06/30/2018,08:00,283.808,1320.589,31.22,1,8,0.0,1,8,31.22,1,8,3746.4,1,8,0.0,1,8,3434.2,1,8,46.513,1,8,-9900,?,9,-9900,?,9,12.66,E,8,11.43,E,8,92.0,E,8,964.3861999999999,E,8,999.0,E,8,4.0,E,8,-9900,?,9,-9900,?,9,0.0,E,8,-9900,?,9,-9900,?,9,0.0,0.0,E,8
06/30/2018,09:00,533.214,1320.589,172.12,1,8,29.713,1,8,160.141,1,8,20654.4,1,8,2822.752,1,8,17615.473,1,8,126.435,1,8,-9900,?,9,-9900,?,9,15.95,E,8,12.72,E,8,81.0,E,8,964.3861999999999,E,8,999.0,E,8,4.37,E,8,-9900,?,9,-9900,?,9,0.0,E,8,-9900,?,9,-9900,?,9,0.0,0.0,E,8
06/30/2018,10:00,734.065,1320.589,307.71,1,8,97.778,1,8,253.395,1,8,36925.2,1,8,9288.909,1,8,27873.403,1,8,145.2,1,8,-9900,?,9,-9900,?,9,18.17,E,8,13.54,E,8,74.0,E,8,964.3861999999999,E,8,999.0,E,8,3.13,E,8,-9900,?,9,-9900,?,9,0.0,E,8,-9900,?,9,-9900,?,9,0.0,0.0,E,8
06/30/2018,11:00,872.271,1320.589,412.08,1,8,131.708,1,8,325.118,1,8,49449.6,1,8,12512.285,1,8,35762.925,1,8,156.737,1,8,-9900,?,9,-9900,?,9,20.12,E,8,14.23,E,8,68.0,E,8,964.3861999999999,E,8,999.0,E,8,3.7,E,8,-9900,?,9,-9900,?,9,0.0,E,8,-9900,?,9,-9900,?,9,0.0,0.0,E,8
06/30/2018,12:00,938.327,1320.589,475.41,1,8,174.42,1,8,351.514,1,8,57049.2,1,8,16569.908,1,8,38666.527,1,8,157.518,1,8,-9900,?,9,-9900,?,9,21.7,E,8,14.77,E,8,64.0,E,8,964.3861999999999,E,8,999.0,E,8,3.59,E,8,-9900,?,9,-9900,?,9,0.0,E,8,-9900,?,9,-9900,?,9,0.0,0.0,E,8
06/30/2018,13:00,927.705,1320.589,492.63,1,8,210.577,1,8,344.746,1,8,59115.6,1,8,20004.784,1,8,37922.048,1,8,156.256,1,8,-9900,?,9,-9900,?,9,22.85,E,8,15.15,E,8,61.0,E,8,964.3861999999999,E,8,999.0,E,8,5.07,E,8,-9900,?,9,-9900,?,9,0.0,E,8,-9900,?,9,-9900,?,9,0.0,0.0,E,8
06/30/2018,14:00,841.132,1320.589,462.44,1,8,298.049,1,8,272.683,1,8,55492.8,1,8,28314.643,1,8,29995.169,1,8,136.332,1,8,-9900,?,9,-9900,?,9,23.53,E,8,15.37,E,8,60.0,E,8,964.3861999999999,E,8,999.0,E,8,3.83,E,8,-9900,?,9,-9900,?,9,0.0,E,8,-9900,?,9,-9900,?,9,0.0,0.0,E,8
06/30/2018,15:00,684.539,1320.589,387.15,1,8,382.533,1,8,189.018,1,8,46458.0,1,8,36340.658,1,8,20792.024,1,8,116.163,1,8,-9900,?,9,-9900,?,9,23.73,E,8,15.44,E,8,59.0,E,8,964.3861999999999,E,8,999.0,E,8,4.3,E,8,-9900,?,9,-9900,?,9,0.0,E,8,-9900,?,9,-9900,?,9,0.0,0.0,E,8
06/30/2018,16:00,468.723,1320.589,272.94,1,8,402.03,1,8,130.533,1,8,32752.8,1,8,38192.823,1,8,14358.636,1,8,117.3,1,8,-9900,?,9,-9900,?,9,23.31,E,8,15.3,E,8,60.0,E,8,964.3861999999999,E,8,999.0,E,8,3.87,E,8,-9900,?,9,-9900,?,9,0.0,E,8,-9900,?,9,-9900,?,9,0.0,0.0,E,8
06/30/2018,17:00,209.102,1320.589,131.69,1,8,403.992,1,8,68.409,1,8,15802.8,1,8,38379.243,1,8,7524.952,1,8,139.014,1,8,-9900,?,9,-9900,?,9,22.19,E,8,14.93,E,8,63.0,E,8,964.3861999999999,E,8,999.0,E,8,4.41,E,8,-9900,?,9,-9900,?,9,0.0,E,8,-9900,?,9,-9900,?,9,0.0,0.0,E,8
06/30/2018,18:00,0.0,1320.589,82.204,1,8,0.0,1,8,0.0,1,8,9864.48,1,8,0.0,1,8,0.0,1,8,-0.0,1,8,-9900,?,9,-9900,?,9,21.416,E,8,14.668,E,8,67.0,E,8,964.3861999999999,E,8,999.0,E,8,3.818,E,8,-9900,?,9,-9900,?,9,0.02,E,8,-9900,?,9,-9900,?,9,0.2,99.0,E,8
06/30/2018,19:00,0.0,1320.589,27.616,1,8,0.0,1,8,0.0,1,8,3313.92,1,8,0.0,1,8,0.0,1,8,-0.0,1,8,-9900,?,9,-9900,?,9,20.526,E,8,14.366,E,8,69.4,E,8,964.3861999999999,E,8,999.0,E,8,3.488,E,8,-9900,?,9,-9900,?,9,0.02,E,8,-9900,?,9,-9900,?,9,0.2,99.0,E,8
06/30/2018,20:00,0.0,1320.589,1.278,1,8,0.0,1,8,0.0,1,8,153.36,1,8,0.0,1,8,0.0,1,8,-0.0,1,8,-9900,?,9,-9900,?,9,19.694,E,8,14.078,E,8,71.6,E,8,964.3861999999999,E,8,999.0,E,8,2.832,E,8,-9900,?,9,-9900,?,9,0.02,E,8,-9900,?,9,-9900,?,9,0.2,99.0,E,8
06/30/2018,21:00,0.0,1320.589,0.0,1,8,0.0,1,8,0.0,1,8,0.0,1,8,0.0,1,8,0.0,1,8,-0.0,1,8,-9900,?,9,-9900,?,9,18.86,E,8,13.784,E,8,74.0,E,8,964.3861999999999,E,8,999.0,E,8,1.948,E,8,-9900,?,9,-9900,?,9,0.02,E,8,-9900,?,9,-9900,?,9,0.2,99.0,E,8
06/30/2018,22:00,0.0,1320.589,0.0,1,8,0.0,1,8,0.0,1,8,0.0,1,8,0.0,1,8,0.0,1,8,-0.0,1,8,-9900,?,9,-9900,?,9,18.192,E,8,13.624,E,8,75.4,E,8,964.3861999999999,E,8,999.0,E,8,1.798,E,8,-9900,?,9,-9900,?,9,0.0004,E,8,-9900,?,9,-9900,?,9,0.004,99.0,E,8
06/30/2018,23:00,0.0,1320.589,0.0,1,8,0.0,1,8,0.0,1,8,0.0,1,8,0.0,1,8,0.0,1,8,-0.0,1,8,-9900,?,9,-9900,?,9,17.584,E,8,13.48,E,8,76.4,E,8,964.3861999999999,E,8,999.0,E,8,2.11,E,8,-9900,?,9,-9900,?,9,0.0,E,8,-9900,?,9,-9900,?,9,0.0,0.0,E,8
06/30/2010,24:00,0.0,1320.589,0.0,1,8,0.0,1,8,0.0,1,8,0.0,1,8,0.0,1,8,0.0,1,8,-0.0,1,8,-9900,?,9,-9900,?,9,17.032,E,8,13.35,E,8,78.4,E,8,964.3861999999999,E,8,999.0,E,8,2.046,E,8,-9900,?,9,-9900,?,9,0.0,E,8,-9900,?,9,-9900,?,9,0.0,0.0,E,8
07/01/2010,01:00,0.0,1320.589,0.0,1,8,0.0,1,8,0.0,1,8,0.0,1,8,0.0,1,8,0.0,1,8,-0.0,1,8,-9900,?,9,-9900,?,9,16.538,E,8,13.236,E,8,80.4,E,8,964.3861999999999,E,8,999.0,E,8,2.152,E,8,-9900,?,9,-9900,?,9,0.0,E,8,-9900,?,9,-9900,?,9,0.0,0.0,E,8
07/01/2010,02:00,0.0,1320.589,0.0,1,8,0.0,1,8,0.0,1,8,0.0,1,8,0.0,1,8,0.0,1,8,-0.0,1,8,-9900,?,9,-9900,?,9,16.104,E,8,13.138,E,8,82.0,E,8,964.3861999999999,E,8,999.0,E,8,2.258,E,8,-9900,?,9,-9900,?,9,0.0,E,8,-9900,?,9,-9900,?,9,0.0,0.0,E,8
07/01/2010,03:00,0.0,1320.589,0.0,1,8,0.0,1,8,0.0,1,8,0.0,1,8,0.0,1,8,0.0,1,8,-0.0,1,8,-9900,?,9,-9900,?,9,15.562,E,8,12.918,E,8,83.6,E,8,964.3861999999999,E,8,999.0,E,8,2.052,E,8,-9900,?,9,-9900,?,9,0.0,E,8,-9900,?,9,-9900,?,9,0.0,0.0,E,8
07/01/2010,04:00,0.0,1320.537,0.0,1,8,0.0,1,8,0.0,1,8,0.0,1,8,0.0,1,8,0.0,1,8,-0.0,1,8,-9900,?,9,-9900,?,9,15.044,E,8,12.706,E,8,85.4,E,8,964.3861999999999,E,8,999.0,E,8,1.708,E,8,-9900,?,9,-9900,?,9,0.0,E,8,-9900,?,9,-9900,?,9,0.0,0.0,E,8
07/01/2010,05:00,0.0,1320.537,0.0,1,8,0.0,1,8,0.0,1,8,0.0,1,8,0.0,1,8,0.0,1,8,-0.0,1,8,-9900,?,9,-9900,?,9,14.564,E,8,12.506,E,8,87.0,E,8,964.3861999999999,E,8,999.0,E,8,1.66,E,8,-9900,?,9,-9900,?,9,0.0,E,8,-9900,?,9,-9900,?,9,0.0,0.0,E,8
07/01/2010,06:00,0.0,1320.537,0.0,1,8,0.0,1,8,0.0,1,8,0.0,1,8,0.0,1,8,0.0,1,8,-0.0,1,8,-9900,?,9,-9900,?,9,14.06,E,8,12.3,E,8,89.0,E,8,964.3861999999999,E,8,999.0,E,8,1.66,E,8,-9900,?,9,-9900,?,9,0.0,E,8,-9900,?,9,-9900,?,9,0.0,0.0,E,8
07/01/2010,07:00,10.641,1320.537,0.0,1,8,0.0,1,8,0.0,1,8,0.0,1,8,0.0,1,8,0.0,1,8,-0.0,1,8,-9900,?,9,-9900,?,9,13.7,E,8,12.14,E,8,90.0,E,8,964.3861999999999,E,8,999.0,E,8,1.66,E,8,-9900,?,9,-9900,?,9,0.0,E,8,-9900,?,9,-9900,?,9,0.0,0.0,E,8
07/01/2010,08:00,283.633,1320.537,41.0,1,8,0.0,1,8,41.0,1,8,4920.0,1,8,0.0,1,8,4510.0,1,8,61.12,1,8,-9900,?,9,-9900,?,9,13.34,E,8,11.99,E,8,91.0,E,8,964.3861999999999,E,8,999.0,E,8,1.66,E,8,-9900,?,9,-9900,?,9,0.0,E,8,-9900,?,9,-9900,?,9,0.0,0.0,E,8
07/01/2010,09:00,533.258,1320.537,198.63,1,8,77.692,1,8,167.303,1,8,23835.6,1,8,7380.755,1,8,18403.367,1,8,132.074,1,8,-9900,?,9,-9900,?,9,16.67,E,8,13.36,E,8,80.0,E,8,964.3861999999999,E,8,999.0,E,8,1.66,E,8,-9900,?,9,-9900,?,9,0.0,E,8,-9900,?,9,-9900,?,9,0.0,0.0,E,8
07/01/2010,10:00,734.356,1320.537,355.14,1,8,171.95,1,8,259.581,1,8,42616.8,1,8,16335.231,1,8,28553.867,1,8,148.679,1,8,-9900,?,9,-9900,?,9,18.85,E,8,14.21,E,8,74.0,E,8,964.3861999999999,E,8,999.0,E,8,1.66,E,8,-9900,?,9,-9900,?,9,0.0,E,8,-9900,?,9,-9900,?,9,0.0,0.0,E,8
07/01/2010,11:00,872.82,1320.537,432.35,1,8,178.695,1,8,314.285,1,8,51882.0,1,8,16975.979,1,8,34571.359,1,8,151.413,1,8,-9900,?,9,-9900,?,9,20.48,E,8,14.81,E,8,69.0,E,8,964.3861999999999,E,8,999.0,E,8,1.66,E,8,-9900,?,9,-9900,?,9,0.0,E,8,-9900,?,9,-9900,?,9,0.0,0.0,E,8
07/01/2010,12:00,939.126,1320.537,595.71,1,8,451.712,1,8,274.558,1,8,71485.2,1,8,42912.651,1,8,30201.399,1,8,122.924,1,8,-9900,?,9,-9900,?,9,22.36,E,8,15.48,E,8,65.0,E,8,964.3861999999999,E,8,999.0,E,8,2.61,E,8,-9900,?,9,-9900,?,9,0.0,E,8,-9900,?,9,-9900,?,9,0.0,0.0,E,8
07/01/2010,13:00,928.731,1320.537,729.79,1,8,583.035,1,8,319.866,1,8,87574.8,1,8,55388.282,1,8,35185.275,1,8,144.814,1,8,-9900,?,9,-9900,?,9,24.24,E,8,16.12,E,8,60.0,E,8,964.3861999999999,E,8,999.0,E,8,3.65,E,8,-9900,?,9,-9900,?,9,0.0,E,8,-9900,?,9,-9900,?,9,0.0,0.0,E,8
07/01/2010,14:00,842.344,1320.537,581.69,1,8,630.211,1,8,179.863,1,8,69802.8,1,8,59870.034,1,8,19784.955,1,8,89.792,1,8,-9900,?,9,-9900,?,9,24.99,E,8,16.37,E,8,58.0,E,8,964.3861999999999,E,8,999.0,E,8,2.31,E,8,-9900,?,9,-9900,?,9,0.0,E,8,-9900,?,9,-9900,?,9,0.0,0.0,E,8
07/01/2010,15:00,685.885,1320.537,419.73,1,8,505.241,1,8,157.516,1,8,50367.6,1,8,47997.932,1,8,17326.802,1,8,96.609,1,8,-9900,?,9,-9900,?,9,24.99,E,8,16.37,E,8,58.0,E,8,964.3861999999999,E,8,999.0,E,8,2.55,E,8,-9900,?,9,-9900,?,9,0.0,E,8,-9900,?,9,-9900,?,9,0.0,0.0,E,8
07/01/2010,16:00,470.138,1320.537,266.0,1,8,417.73,1,8,117.577,1,8,31920.0,1,8,39684.39,1,8,12933.442,1,8,105.333,1,8,-9900,?,9,-9900,?,9,24.19,E,8,16.11,E,8,60.0,E,8,964.3861999999999,E,8,999.0,E,8,2.21,E,8,-9900,?,9,-9900,?,9,0.0,E,8,-9900,?,9,-9900,?,9,0.0,0.0,E,8
07/01/2010,17:00,210.513,1320.537,128.2,1,8,400.795,1,8,64.985,1,8,15384.0,1,8,38075.522,1,8,7148.309,1,8,131.148,1,8,-9900,?,9,-9900,?,9,22.89,E,8,15.66,E,8,63.0,E,8,964.3861999999999,E,8,999.0,E,8,2.92,E,8,-9900,?,9,-9900,?,9,0.0,E,8,-9900,?,9,-9900,?,9,0.0,0.0,E,8
07/01/2010,18:00,0.0,1320.537,8.41,1,8,0.0,1,8,0.0,1,8,1009.2,1,8,0.0,1,8,0.0,1,8,-0.0,1,8,-9900,?,9,-9900,?,9,21.97,E,8,15.34,E,8,66.0,E,8,964.3861999999999,E,8,999.0,E,8,3.79,E,8,-9900,?,9,-9900,?,9,0.0,E,8,-9900,?,9,-9900,?,9,0.0,0.0,E,8
07/01/2010,19:00,0.0,1320.537,0.0,1,8,0.0,1,8,0.0,1,8,0.0,1,8,0.0,1,8,0.0,1,8,-0.0,1,8,-9900,?,9,-9900,?,9,21.04,E,8,15.01,E,8,68.0,E,8,964.3861999999999,E,8,999.0,E,8,1.66,E,8,-9900,?,9,-9900,?,9,0.0,E,8,-9900,?,9,-9900,?,9,0.0,0.0,E,8
07/01/2010,20:00,0.0,1320.537,0.0,1,8,0.0,1,8,0.0,1,8,0.0,1,8,0.0,1,8,0.0,1,8,-0.0,1,8,-9900,?,9,-9900,?,9,20.11,E,8,14.67,E,8,70.0,E,8,964.3861999999999,E,8,999.0,E,8,1.66,E,8,-9900,?,9,-9900,?,9,0.0,E,8,-9900,?,9,-9900,?,9,0.0,0.0,E,8
07/01/2010,21:00,0.0,1320.537,0.0,1,8,0.0,1,8,0.0,1,8,0.0,1,8,0.0,1,8,0.0,1,8,-0.0,1,8,-9900,?,9,-9900,?,9,19.19,E,8,14.33,E,8,73.0,E,8,964.3861999999999,E,8,999.0,E,8,1.66,E,8,-9900,?,9,-9900,?,9,0.0,E,8,-9900,?,9,-9900,?,9,0.0,0.0,E,8
07/01/2010,22:00,0.0,1320.537,0.0,1,8,0.0,1,8,0.0,1,8,0.0,1,8,0.0,1,8,0.0,1,8,-0.0,1,8,-9900,?,9,-9900,?,9,18.26,E,8,13.98,E,8,76.0,E,8,964.3861999999999,E,8,999.0,E,8,1.66,E,8,-9900,?,9,-9900,?,9,0.0,E,8,-9900,?,9,-9900,?,9,0.0,0.0,E,8
07/01/2010,23:00,0.0,1320.537,0.0,1,8,0.0,1,8,0.0,1,8,0.0,1,8,0.0,1,8,0.0,1,8,-0.0,1,8,-9900,?,9,-9900,?,9,17.33,E,8,13.62,E,8,78.0,E,8,964.3861999999999,E,8,999.0,E,8,1.66,E,8,-9900,?,9,-9900,?,9,0.0,E,8,-9900,?,9,-9900,?,9,0.0,0.0,E,8
07/01/2010,24:00,0.0,1320.537,0.0,1,8,0.0,1,8,0.0,1,8,0.0,1,8,0.0,1,8,0.0,1,8,-0.0,1,8,-9900,?,9,-9900,?,9,16.41,E,8,12.41,E,8,77.0,E,8,964.3861999999999,E,8,999.0,E,8,0.64,E,8,-9900,?,9,-9900,?,9,0.0,E,8,-9900,?,9,-9900,?,9,0.0,0.0,E,8
07/02/2010,01:00,0.0,1320.537,0.0,1,8,0.0,1,8,0.0,1,8,0.0,1,8,0.0,1,8,0.0,1,8,-0.0,1,8,-9900,?,9,-9900,?,9,15.94,E,8,12.4,E,8,79.0,E,8,964.3861999999999,E,8,999.0,E,8,0.64,E,8,-9900,?,9,-9900,?,9,0.0,E,8,-9900,?,9,-9900,?,9,0.0,0.0,E,8
07/02/2010,02:00,0.0,1320.537,0.0,1,8,0.0,1,8,0.0,1,8,0.0,1,8,0.0,1,8,0.0,1,8,-0.0,1,8,-9900,?,9,-9900,?,9,15.48,E,8,12.39,E,8,81.0,E,8,964.3861999999999,E,8,999.0,E,8,0.87,E,8,-9900,?,9,-9900,?,9,0.0,E,8,-9900,?,9,-9900,?,9,0.0,0.0,E,8
07/02/2010,03:00,0.0,1320.537,0.0,1,8,0.0,1,8,0.0,1,8,0.0,1,8,0.0,1,8,0.0,1,8,-0.0,1,8,-9900,?,9,-9900,?,9,15.02,E,8,12.37,E,8,84.0,E,8,964.3861999999999,E,8,999.0,E,8,0.64,E,8,-9900,?,9,-9900,?,9,0.0,E,8,-9900,?,9,-9900,?,9,0.0,0.0,E,8
07/02/2010,04:00,0.0,1320.498,0.0,1,8,0.0,1,8,0.0,1,8,0.0,1,8,0.0,1,8,0.0,1,8,-0.0,1,8,-9900,?,9,-9900,?,9,14.55,E,8,12.36,E,8,86.0,E,8,964.3861999999999,E,8,999.0,E,8,0.64,E,8,-9900,?,9,-9900,?,9,0.0,E,8,-9900,?,9,-9900,?,9,0.0,0.0,E,8
07/02/2010,05:00,0.0,1320.498,0.0,1,8,0.0,1,8,0.0,1,8,0.0,1,8,0.0,1,8,0.0,1,8,-0.0,1,8,-9900,?,9,-9900,?,9,14.09,E,8,12.35,E,8,89.0,E,8,964.3861999999999,E,8,999.0,E,8,0.64,E,8,-9900,?,9,-9900,?,9,0.0,E,8,-9900,?,9,-9900,?,9,0.0,0.0,E,8
07/02/2010,06:00,0.0,1320.498,0.0,1,8,0.0,1,8,0.0,1,8,0.0,1,8,0.0,1,8,0.0,1,8,-0.0,1,8,-9900,?,9,-9900,?,9,13.73,E,8,12.34,E,8,91.0,E,8,964.3861999999999,E,8,999.0,E,8,0.64,E,8,-9900,?,9,-9900,?,9,0.0,E,8,-9900,?,9,-9900,?,9,0.0,0.0,E,8
07/02/2010,07:00,10.381,1320.498,0.0,1,8,0.0,1,8,0.0,1,8,0.0,1,8,0.0,1,8,0.0,1,8,-0.0,1,8,-9900,?,9,-9900,?,9,13.43,E,8,12.33,E,8,93.0,E,8,964.3861999999999,E,8,999.0,E,8,0.64,E,8,-9900,?,9,-9900,?,9,0.0,E,8,-9900,?,9,-9900,?,9,0.0,0.0,E,8
07/02/2010,08:00,283.543,1320.498,30.49,1,8,0.0,1,8,30.49,1,8,3658.8,1,8,0.0,1,8,3353.9,1,8,45.465,1,8,-9900,?,9,-9900,?,9,13.12,E,8,12.32,E,8,94.0,E,8,964.3861999999999,E,8,999.0,E,8,0.64,E,8,-9900,?,9,-9900,?,9,0.0,E,8,-9900,?,9,-9900,?,9,0.0,0.0,E,8
07/02/2010,09:00,533.424,1320.498,168.27,1,8,25.318,1,8,158.058,1,8,20192.4,1,8,2405.173,1,8,17386.387,1,8,124.733,1,8,-9900,?,9,-9900,?,9,16.57,E,8,12.41,E,8,76.0,E,8,964.3861999999999,E,8,999.0,E,8,0.64,E,8,-9900,?,9,-9900,?,9,0.0,E,8,-9900,?,9,-9900,?,9,0.0,0.0,E,8
07/02/2010,10:00,734.805,1320.498,300.83,1,8,88.629,1,8,251.544,1,8,36099.6,1,8,8419.752,1,8,27669.806,1,8,143.984,1,8,-9900,?,9,-9900,?,9,18.9,E,8,12.47,E,8,66.0,E,8,964.3861999999999,E,8,999.0,E,8,0.64,E,8,-9900,?,9,-9900,?,9,0.0,E,8,-9900,?,9,-9900,?,9,0.0,0.0,E,8
07/02/2010,11:00,873.559,1320.498,402.92,1,8,119.672,1,8,323.782,1,8,48350.4,1,8,11368.819,1,8,35616.072,1,8,155.852,1,8,-9900,?,9,-9900,?,9,20.95,E,8,12.52,E,8,58.0,E,8,964.3861999999999,E,8,999.0,E,8,0.64,E,8,-9900,?,9,-9900,?,9,0.0,E,8,-9900,?,9,-9900,?,9,0.0,0.0,E,8
07/02/2010,12:00,940.142,1320.498,464.98,1,8,158.575,1,8,352.113,1,8,55797.6,1,8,15064.642,1,8,38732.431,1,8,157.471,1,8,-9900,?,9,-9900,?,9,22.61,E,8,12.57,E,8,53.0,E,8,964.3861999999999,E,8,999.0,E,8,1.89,E,8,-9900,?,9,-9900,?,9,0.0,E,8,-9900,?,9,-9900,?,9,0.0,0.0,E,8
07/02/2010,13:00,929.992,1320.498,482.09,1,8,191.749,1,8,347.086,1,8,57850.8,1,8,18216.167,1,8,38179.514,1,8,156.919,1,8,-9900,?,9,-9900,?,9,23.81,E,8,12.6,E,8,49.0,E,8,964.3861999999999,E,8,999.0,E,8,2.1,E,8,-9900,?,9,-9900,?,9,0.0,E,8,-9900,?,9,-9900,?,9,0.0,0.0,E,8
07/02/2010,14:00,843.8,1320.498,452.91,1,8,272.214,1,8,279.039,1,8,54349.2,1,8,25860.314,1,8,30694.285,1,8,139.059,1,8,-9900,?,9,-9900,?,9,24.53,E,8,12.62,E,8,47.0,E,8,964.3861999999999,E,8,999.0,E,8,2.56,E,8,-9900,?,9,-9900,?,9,0.0,E,8,-9900,?,9,-9900,?,9,0.0,0.0,E,8
07/02/2010,15:00,687.473,1320.498,379.68,1,8,351.291,1,8,196.936,1,8,45561.6,1,8,33372.599,1,8,21662.984,1,8,120.503,1,8,-9900,?,9,-9900,?,9,24.75,E,8,12.62,E,8,46.0,E,8,964.3861999999999,E,8,999.0,E,8,2.93,E,8,-9900,?,9,-9900,?,9,0.0,E,8,-9900,?,9,-9900,?,9,0.0,0.0,E,8
07/02/2010,16:00,471.787,1320.498,268.41,1,8,424.318,1,8,117.111,1,8,32209.2,1,8,40310.186,1,8,12882.182,1,8,104.545,1,8,-9900,?,9,-9900,?,9,24.31,E,8,12.61,E,8,48.0,E,8,964.3861999999999,E,8,999.0,E,8,2.54,E,8,-9900,?,9,-9900,?,9,0.0,E,8,-9900,?,9,-9900,?,9,0.0,0.0,E,8
07/02/2010,17:00,212.134,1320.498,130.54,1,8,402.86,1,8,66.497,1,8,15664.8,1,8,38271.743,1,8,7314.689,1,8,133.149,1,8,-9900,?,9,-9900,?,9,23.15,E,8,12.58,E,8,51.0,E,8,964.3861999999999,E,8,999.0,E,8,3.01,E,8,-9900,?,9,-9900,?,9,0.0,E,8,-9900,?,9,-9900,?,9,0.0,0.0,E,8
07/02/2010,18:00,0.0,1320.498,6.93,1,8,0.0,1,8,0.0,1,8,831.6,1,8,0.0,1,8,0.0,1,8,-0.0,1,8,-9900,?,9,-9900,?,9,22.23,E,8,12.56,E,8,54.0,E,8,964.3861999999999,E,8,999.0,E,8,3.16,E,8,-9900,?,9,-9900,?,9,0.0,E,8,-9900,?,9,-9900,?,9,0.0,0.0,E,8
07/02/2010,19:00,0.0,1320.498,0.0,1,8,0.0,1,8,0.0,1,8,0.0,1,8,0.0,1,8,0.0,1,8,-0.0,1,8,-9900,?,9,-9900,?,9,21.3,E,8,12.53,E,8,57.0,E,8,964.3861999999999,E,8,999.0,E,8,2.36,E,8,-9900,?,9,-9900,?,9,0.0,E,8,-9900,?,9,-9900,?,9,0.0,0.0,E,8
07/02/2010,20:00,0.0,1320.498,0.0,1,8,0.0,1,8,0.0,1,8,0.0,1,8,0.0,1,8,0.0,1,8,-0.0,1,8,-9900,?,9,-9900,?,9,20.38,E,8,12.51,E,8,60.0,E,8,964.3861999999999,E,8,999.0,E,8,1.08,E,8,-9900,?,9,-9900,?,9,0.0,E,8,-9900,?,9,-9900,?,9,0.0,0.0,E,8
07/02/2010,21:00,0.0,1320.498,0.0,1,8,0.0,1,8,0.0,1,8,0.0,1,8,0.0,1,8,0.0,1,8,-0.0,1,8,-9900,?,9,-9900,?,9,19.46,E,8,12.49,E,8,64.0,E,8,964.3861999999999,E,8,999.0,E,8,0.8,E,8,-9900,?,9,-9900,?,9,0.0,E,8,-9900,?,9,-9900,?,9,0.0,0.0,E,8
07/02/2010,22:00,0.0,1320.498,0.0,1,8,0.0,1,8,0.0,1,8,0.0,1,8,0.0,1,8,0.0,1,8,-0.0,1,8,-9900,?,9,-9900,?,9,18.53,E,8,12.46,E,8,67.0,E,8,964.3861999999999,E,8,999.0,E,8,0.64,E,8,-9900,?,9,-9900,?,9,0.0,E,8,-9900,?,9,-9900,?,9,0.0,0.0,E,8
07/02/2010,23:00,0.0,1320.498,0.0,1,8,0.0,1,8,0.0,1,8,0.0,1,8,0.0,1,8,0.0,1,8,-0.0,1,8,-9900,?,9,-9900,?,9,17.61,E,8,12.44,E,8,71.0,E,8,964.3861999999999,E,8,999.0,E,8,0.64,E,8,-9900,?,9,-9900,?,9,0.0,E,8,-9900,?,9,-9900,?,9,0.0,0.0,E,8
07/02/2010,24:00,0.0,1320.498,0.0,1,8,0.0,1,8,0.0,1,8,0.0,1,8,0.0,1,8,0.0,1,8,-0.0,1,8,-9900,?,9,-9900,?,9,16.69,E,8,14.0,E,8,81.0,E,8,964.3861999999999,E,8,999.0,E,8,1.32,E,8,-9900,?,9,-9900,?,9,0.0,E,8,-9900,?,9,-9900,?,9,0.0,0.0,E,8
07/03/2010,01:00,0.0,1320.498,0.0,1,8,0.0,1,8,0.0,1,8,0.0,1,8,0.0,1,8,0.0,1,8,-0.0,1,8,-9900,?,9,-9900,?,9,16.23,E,8,13.9,E,8,82.0,E,8,964.3861999999999,E,8,999.0,E,8,1.32,E,8,-9900,?,9,-9900,?,9,0.0,E,8,-9900,?,9,-9900,?,9,0.0,0.0,E,8
07/03/2010,02:00,0.0,1320.498,0.0,1,8,0.0,1,8,0.0,1,8,0.0,1,8,0.0,1,8,0.0,1,8,-0.0,1,8,-9900,?,9,-9900,?,9,15.77,E,8,13.81,E,8,93.0,E,8,964.3861999999999,E,8,999.0,E,8,1.32,E,8,-9900,?,9,-9900,?,9,0.191,E,8,-9900,?,9,-9900,?,9,1.91,99.0,E,8
07/03/2010,03:00,0.0,1320.498,0.0,1,8,0.0,1,8,0.0,1,8,0.0,1,8,0.0,1,8,0.0,1,8,-0.0,1,8,-9900,?,9,-9900,?,9,15.3,E,8,13.71,E,8,86.0,E,8,964.3861999999999,E,8,999.0,E,8,1.32,E,8,-9900,?,9,-9900,?,9,0.0,E,8,-9900,?,9,-9900,?,9,0.0,0.0,E,8
07/03/2010,04:00,0.0,1320.472,0.0,1,8,0.0,1,8,0.0,1,8,0.0,1,8,0.0,1,8,0.0,1,8,-0.0,1,8,-9900,?,9,-9900,?,9,14.84,E,8,13.61,E,8,88.0,E,8,964.3861999999999,E,8,999.0,E,8,1.32,E,8,-9900,?,9,-9900,?,9,0.0,E,8,-9900,?,9,-9900,?,9,0.0,0.0,E,8
07/03/2010,05:00,0.0,1320.472,0.0,1,8,0.0,1,8,0.0,1,8,0.0,1,8,0.0,1,8,0.0,1,8,-0.0,1,8,-9900,?,9,-9900,?,9,14.38,E,8,13.51,E,8,90.0,E,8,964.3861999999999,E,8,999.0,E,8,1.32,E,8,-9900,?,9,-9900,?,9,0.0,E,8,-9900,?,9,-9900,?,9,0.0,0.0,E,8
07/03/2010,06:00,0.0,1320.472,0.0,1,8,0.0,1,8,0.0,1,8,0.0,1,8,0.0,1,8,0.0,1,8,-0.0,1,8,-9900,?,9,-9900,?,9,14.02,E,8,13.44,E,8,96.0,E,8,964.3861999999999,E,8,999.0,E,8,1.32,E,8,-9900,?,9,-9900,?,9,0.006,E,8,-9900,?,9,-9900,?,9,0.06,99.0,E,8
07/03/2010,07:00,10.19,1320.472,0.0,1,8,0.0,1,8,0.0,1,8,0.0,1,8,0.0,1,8,0.0,1,8,-0.0,1,8,-9900,?,9,-9900,?,9,13.72,E,8,13.37,E,8,93.0,E,8,964.3861999999999,E,8,999.0,E,8,1.32,E,8,-9900,?,9,-9900,?,9,0.0,E,8,-9900,?,9,-9900,?,9,0.0,0.0,E,8
07/03/2010,08:00,283.547,1320.472,34.04,1,8,0.0,1,8,34.04,1,8,4084.8,1,8,0.0,1,8,3744.4,1,8,50.757,1,8,-9900,?,9,-9900,?,9,13.41,E,8,13.31,E,8,99.0,E,8,964.3861999999999,E,8,999.0,E,8,1.32,E,8,-9900,?,9,-9900,?,9,0.001,E,8,-9900,?,9,-9900,?,9,0.01,99.0,E,8
07/03/2010,09:00,533.697,1320.472,187.73,1,8,59.488,1,8,163.723,1,8,22527.6,1,8,5651.361,1,8,18009.477,1,8,129.134,1,8,-9900,?,9,-9900,?,9,17.22,E,8,14.1,E,8,79.0,E,8,964.3861999999999,E,8,999.0,E,8,1.32,E,8,-9900,?,9,-9900,?,9,0.0,E,8,-9900,?,9,-9900,?,9,0.0,0.0,E,8
07/03/2010,10:00,735.369,1320.472,335.56,1,8,137.207,1,8,259.199,1,8,40267.2,1,8,13034.703,1,8,28511.909,1,8,148.249,1,8,-9900,?,9,-9900,?,9,19.78,E,8,14.62,E,8,70.0,E,8,964.3861999999999,E,8,999.0,E,8,1.32,E,8,-9900,?,9,-9900,?,9,0.0,E,8,-9900,?,9,-9900,?,9,0.0,0.0,E,8
07/03/2010,11:00,874.416,1320.472,449.44,1,8,182.078,1,8,328.913,1,8,53932.8,1,8,17297.401,1,8,36180.467,1,8,158.163,1,8,-9900,?,9,-9900,?,9,22.04,E,8,15.06,E,8,63.0,E,8,964.3861999999999,E,8,999.0,E,8,1.32,E,8,-9900,?,9,-9900,?,9,0.0,E,8,-9900,?,9,-9900,?,9,0.0,0.0,E,8
07/03/2010,12:00,941.275,1320.472,518.75,1,8,277.586,1,8,320.934,1,8,62250.0,1,8,26370.624,1,8,35302.775,1,8,143.352,1,8,-9900,?,9,-9900,?,9,23.88,E,8,15.41,E,8,58.0,E,8,964.3861999999999,E,8,999.0,E,8,1.32,E,8,-9900,?,9,-9900,?,9,0.0,E,8,-9900,?,9,-9900,?,9,0.0,0.0,E,8
07/03/2010,13:00,931.363,1320.472,537.97,1,8,332.728,1,8,303.358,1,8,64556.4,1,8,31609.185,1,8,33369.354,1,8,136.944,1,8,-9900,?,9,-9900,?,9,25.21,E,8,15.66,E,8,55.0,E,8,964.3861999999999,E,8,999.0,E,8,1.32,E,8,-9900,?,9,-9900,?,9,0.0,E,8,-9900,?,9,-9900,?,9,0.0,0.0,E,8
07/03/2010,14:00,845.356,1320.472,505.61,1,8,382.427,1,8,260.887,1,8,60673.2,1,8,36330.533,1,8,28697.531,1,8,129.77,1,8,-9900,?,9,-9900,?,9,26.0,E,8,15.81,E,8,53.0,E,8,964.3861999999999,E,8,999.0,E,8,1.32,E,8,-9900,?,9,-9900,?,9,0.0,E,8,-9900,?,9,-9900,?,9,0.0,0.0,E,8
07/03/2010,15:00,689.149,1320.472,424.18,1,8,516.038,1,8,155.073,1,8,50901.6,1,8,49023.565,1,8,17057.995,1,8,94.654,1,8,-9900,?,9,-9900,?,9,26.24,E,8,15.85,E,8,52.0,E,8,964.3861999999999,E,8,999.0,E,8,1.32,E,8,-9900,?,9,-9900,?,9,0.0,E,8,-9900,?,9,-9900,?,9,0.0,0.0,E,8
07/03/2010,16:00,473.505,1320.472,300.3,1,8,499.096,1,8,121.682,1,8,36036.0,1,8,47414.136,1,8,13385.032,1,8,108.227,1,8,-9900,?,9,-9900,?,9,25.77,E,8,15.77,E,8,53.0,E,8,964.3861999999999,E,8,999.0,E,8,1.32,E,8,-9900,?,9,-9900,?,9,0.0,E,8,-9900,?,9,-9900,?,9,0.0,0.0,E,8
07/03/2010,17:00,213.809,1320.472,146.67,1,8,397.125,1,8,83.029,1,8,17600.4,1,8,37726.848,1,8,9133.197,1,8,164.919,1,8,-9900,?,9,-9900,?,9,24.49,E,8,15.53,E,8,56.0,E,8,964.3861999999999,E,8,999.0,E,8,1.32,E,8,-9900,?,9,-9900,?,9,0.0,E,8,-9900,?,9,-9900,?,9,0.0,0.0,E,8
07/03/2010,18:00,0.0,1320.472,8.17,1,8,0.0,1,8,0.0,1,8,980.4,1,8,0.0,1,8,0.0,1,8,-0.0,1,8,-9900,?,9,-9900,?,9,23.25,E,8,15.29,E,8,60.0,E,8,964.3861999999999,E,8,999.0,E,8,1.32,E,8,-9900,?,9,-9900,?,9,0.0,E,8,-9900,?,9,-9900,?,9,0.0,0.0,E,8
07/03/2010,19:00,0.0,1320.472,0.0,1,8,0.0,1,8,0.0,1,8,0.0,1,8,0.0,1,8,0.0,1,8,-0.0,1,8,-9900,?,9,-9900,?,9,22.02,E,8,15.06,E,8,63.0,E,8,964.3861999999999,E,8,999.0,E,8,1.32,E,8,-9900,?,9,-9900,?,9,0.0,E,8,-9900,?,9,-9900,?,9,0.0,0.0,E,8
07/03/2010,20:00,0.0,1320.472,0.0,1,8,0.0,1,8,0.0,1,8,0.0,1,8,0.0,1,8,0.0,1,8,-0.0,1,8,-9900,?,9,-9900,?,9,20.78,E,8,14.82,E,8,71.0,E,8,964.3861999999999,E,8,999.0,E,8,1.32,E,8,-9900,?,9,-9900,?,9,0.002,E,8,-9900,?,9,-9900,?,9,0.02,99.0,E,8
07/03/2010,21:00,0.0,1320.472,0.0,1,8,0.0,1,8,0.0,1,8,0.0,1,8,0.0,1,8,0.0,1,8,-0.0,1,8,-9900,?,9,-9900,?,9,19.54,E,8,14.57,E,8,71.0,E,8,964.3861999999999,E,8,999.0,E,8,1.32,E,8,-9900,?,9,-9900,?,9,0.0,E,8,-9900,?,9,-9900,?,9,0.0,0.0,E,8
07/03/2010,22:00,0.0,1320.472,0.0,1,8,0.0,1,8,0.0,1,8,0.0,1,8,0.0,1,8,0.0,1,8,-0.0,1,8,-9900,?,9,-9900,?,9,18.31,E,8,14.33,E,8,75.0,E,8,964.3861999999999,E,8,999.0,E,8,1.32,E,8,-9900,?,9,-9900,?,9,0.0,E,8,-9900,?,9,-9900,?,9,0.0,0.0,E,8
07/03/2010,23:00,0.0,1320.472,0.0,1,8,0.0,1,8,0.0,1,8,0.0,1,8,0.0,1,8,0.0,1,8,-0.0,1,8,-9900,?,9,-9900,?,9,17.07,E,8,14.07,E,8,79.0,E,8,964.3861999999999,E,8,999.0,E,8,1.32,E,8,-9900,?,9,-9900,?,9,0.0,E,8,-9900,?,9,-9900,?,9,0.0,0.0,E,8
07/03/2010,24:00,0.0,1320.472,0.0,1,8,0.0,1,8,0.0,1,8,0.0,1,8,0.0,1,8,0.0,1,8,-0.0,1,8,-9900,?,9,-9900,?,9,15.84,E,8,9.6,E,8,66.0,E,8,964.3861999999999,E,8,999.0,E,8,0.72,E,8,-9900,?,9,-9900,?,9,0.0,E,8,-9900,?,9,-9900,?,9,0.0,0.0,E,8
07/04/2010,01:00,0.0,1320.472,0.0,1,8,0.0,1,8,0.0,1,8,0.0,1,8,0.0,1,8,0.0,1,8,-0.0,1,8,-9900,?,9,-9900,?,9,15.22,E,8,9.56,E,8,68.0,E,8,964.3861999999999,E,8,999.0,E,8,0.72,E,8,-9900,?,9,-9900,?,9,0.0,E,8,-9900,?,9,-9900,?,9,0.0,0.0,E,8
07/04/2010,02:00,0.0,1320.472,0.0,1,8,0.0,1,8,0.0,1,8,0.0,1,8,0.0,1,8,0.0,1,8,-0.0,1,8,-9900,?,9,-9900,?,9,14.6,E,8,9.51,E,8,71.0,E,8,964.3861999999999,E,8,999.0,E,8,0.72,E,8,-9900,?,9,-9900,?,9,0.0,E,8,-9900,?,9,-9900,?,9,0.0,0.0,E,8
07/04/2010,03:00,0.0,1320.472,0.0,1,8,0.0,1,8,0.0,1,8,0.0,1,8,0.0,1,8,0.0,1,8,-0.0,1,8,-9900,?,9,-9900,?,9,13.99,E,8,9.46,E,8,74.0,E,8,964.3861999999999,E,8,999.0,E,8,0.72,E,8,-9900,?,9,-9900,?,9,0.0,E,8,-9900,?,9,-9900,?,9,0.0,0.0,E,8
07/04/2010,04:00,0.0,1320.458,0.0,1,8,0.0,1,8,0.0,1,8,0.0,1,8,0.0,1,8,0.0,1,8,-0.0,1,8,-9900,?,9,-9900,?,9,13.37,E,8,9.41,E,8,76.0,E,8,964.3861999999999,E,8,999.0,E,8,0.72,E,8,-9900,?,9,-9900,?,9,0.0,E,8,-9900,?,9,-9900,?,9,0.0,0.0,E,8
07/04/2010,05:00,0.0,1320.458,0.0,1,8,0.0,1,8,0.0,1,8,0.0,1,8,0.0,1,8,0.0,1,8,-0.0,1,8,-9900,?,9,-9900,?,9,12.75,E,8,9.37,E,8,79.0,E,8,964.3861999999999,E,8,999.0,E,8,0.72,E,8,-9900,?,9,-9900,?,9,0.0,E,8,-9900,?,9,-9900,?,9,0.0,0.0,E,8
07/04/2010,06:00,0.0,1320.458,0.0,1,8,0.0,1,8,0.0,1,8,0.0,1,8,0.0,1,8,0.0,1,8,-0.0,1,8,-9900,?,9,-9900,?,9,12.27,E,8,9.33,E,8,82.0,E,8,964.3861999999999,E,8,999.0,E,8,0.72,E,8,-9900,?,9,-9900,?,9,0.0,E,8,-9900,?,9,-9900,?,9,0.0,0.0,E,8
07/04/2010,07:00,10.07,1320.458,0.0,1,8,0.0,1,8,0.0,1,8,0.0,1,8,0.0,1,8,0.0,1,8,-0.0,1,8,-9900,?,9,-9900,?,9,11.86,E,8,9.3,E,8,84.0,E,8,964.3861999999999,E,8,999.0,E,8,0.72,E,8,-9900,?,9,-9900,?,9,0.0,E,8,-9900,?,9,-9900,?,9,0.0,0.0,E,8
07/04/2010,08:00,283.648,1320.458,42.9,1,8,0.0,1,8,42.9,1,8,5148.0,1,8,0.0,1,8,4719.0,1,8,63.945,1,8,-9900,?,9,-9900,?,9,11.46,E,8,9.27,E,8,86.0,E,8,964.3861999999999,E,8,999.0,E,8,0.72,E,8,-9900,?,9,-9900,?,9,0.0,E,8,-9900,?,9,-9900,?,9,0.0,0.0,E,8
07/04/2010,09:00,534.077,1320.458,238.76,1,8,178.913,1,8,166.504,1,8,28651.2,1,8,16996.74,1,8,18315.437,1,8,131.233,1,8,-9900,?,9,-9900,?,9,14.88,E,8,9.53,E,8,70.0,E,8,964.3861999999999,E,8,999.0,E,8,0.72,E,8,-9900,?,9,-9900,?,9,0.0,E,8,-9900,?,9,-9900,?,9,0.0,0.0,E,8
07/04/2010,10:00,736.047,1320.458,428.26,1,8,377.903,1,8,217.747,1,8,51391.2,1,8,35900.806,1,8,23952.138,1,8,124.424,1,8,-9900,?,9,-9900,?,9,17.21,E,8,9.71,E,8,61.0,E,8,964.3861999999999,E,8,999.0,E,8,0.72,E,8,-9900,?,9,-9900,?,9,0.0,E,8,-9900,?,9,-9900,?,9,0.0,0.0,E,8
07/04/2010,11:00,875.391,1320.458,513.3,1,8,352.871,1,8,279.454,1,8,61596.0,1,8,33522.737,1,8,30739.892,1,8,134.229,1,8,-9900,?,9,-9900,?,9,18.9,E,8,9.83,E,8,55.0,E,8,964.3861999999999,E,8,999.0,E,8,0.72,E,8,-9900,?,9,-9900,?,9,0.0,E,8,-9900,?,9,-9900,?,9,0.0,0.0,E,8
07/04/2010,12:00,942.523,1320.458,598.41,1,8,467.814,1,8,264.586,1,8,71809.2,1,8,44442.299,1,8,29104.458,1,8,118.025,1,8,-9900,?,9,-9900,?,9,20.32,E,8,9.94,E,8,51.0,E,8,964.3861999999999,E,8,999.0,E,8,1.1,E,8,-9900,?,9,-9900,?,9,0.0,E,8,-9900,?,9,-9900,?,9,0.0,0.0,E,8
07/04/2010,13:00,932.843,1320.458,596.79,1,8,479.581,1,8,258.088,1,8,71614.8,1,8,45560.167,1,8,28389.676,1,8,116.322,1,8,-9900,?,9,-9900,?,9,21.26,E,8,10.01,E,8,48.0,E,8,964.3861999999999,E,8,999.0,E,8,1.28,E,8,-9900,?,9,-9900,?,9,0.0,E,8,-9900,?,9,-9900,?,9,0.0,0.0,E,8
07/04/2010,14:00,847.012,1320.458,591.08,1,8,653.959,1,8,171.772,1,8,70929.6,1,8,62126.084,1,8,18894.945,1,8,85.275,1,8,-9900,?,9,-9900,?,9,21.92,E,8,10.05,E,8,46.0,E,8,964.3861999999999,E,8,999.0,E,8,2.11,E,8,-9900,?,9,-9900,?,9,0.0,E,8,-9900,?,9,-9900,?,9,0.0,0.0,E,8
07/04/2010,15:00,690.909,1320.458,477.02,1,8,689.689,1,8,116.431,1,8,57242.4,1,8,65520.432,1,8,12807.434,1,8,70.886,1,8,-9900,?,9,-9900,?,9,22.06,E,8,10.07,E,8,46.0,E,8,964.3861999999999,E,8,999.0,E,8,2.28,E,8,-9900,?,9,-9900,?,9,0.0,E,8,-9900,?,9,-9900,?,9,0.0,0.0,E,8
07/04/2010,16:00,475.293,1320.458,342.61,1,8,703.423,1,8,89.91,1,8,41113.2,1,8,66825.197,1,8,9890.077,1,8,79.665,1,8,-9900,?,9,-9900,?,9,21.63,E,8,10.03,E,8,47.0,E,8,964.3861999999999,E,8,999.0,E,8,2.39,E,8,-9900,?,9,-9900,?,9,0.0,E,8,-9900,?,9,-9900,?,9,0.0,0.0,E,8
07/04/2010,17:00,215.535,1320.458,164.36,1,8,365.2,1,8,105.353,1,8,19723.2,1,8,34693.968,1,8,11588.787,1,8,207.548,1,8,-9900,?,9,-9900,?,9,20.55,E,8,9.95,E,8,50.0,E,8,964.3861999999999,E,8,999.0,E,8,3.14,E,8,-9900,?,9,-9900,?,9,0.0,E,8,-9900,?,9,-9900,?,9,0.0,0.0,E,8
07/04/2010,18:00,0.0,1320.458,6.81,1,8,0.0,1,8,0.0,1,8,817.2,1,8,0.0,1,8,0.0,1,8,-0.0,1,8,-9900,?,9,-9900,?,9,19.68,E,8,9.89,E,8,53.0,E,8,964.3861999999999,E,8,999.0,E,8,2.54,E,8,-9900,?,9,-9900,?,9,0.0,E,8,-9900,?,9,-9900,?,9,0.0,0.0,E,8
07/04/2010,19:00,0.0,1320.458,0.0,1,8,0.0,1,8,0.0,1,8,0.0,1,8,0.0,1,8,0.0,1,8,-0.0,1,8,-9900,?,9,-9900,?,9,18.8,E,8,9.82,E,8,55.0,E,8,964.3861999999999,E,8,999.0,E,8,2.17,E,8,-9900,?,9,-9900,?,9,0.0,E,8,-9900,?,9,-9900,?,9,0.0,0.0,E,8
07/04/2010,20:00,0.0,1320.458,0.0,1,8,0.0,1,8,0.0,1,8,0.0,1,8,0.0,1,8,0.0,1,8,-0.0,1,8,-9900,?,9,-9900,?,9,17.93,E,8,9.76,E,8,58.0,E,8,964.3861999999999,E,8,999.0,E,8,1.65,E,8,-9900,?,9,-9900,?,9,0.0,E,8,-9900,?,9,-9900,?,9,0.0,0.0,E,8
07/04/2010,21:00,0.0,1320.458,0.0,1,8,0.0,1,8,0.0,1,8,0.0,1,8,0.0,1,8,0.0,1,8,-0.0,1,8,-9900,?,9,-9900,?,9,17.05,E,8,9.69,E,8,61.0,E,8,964.3861999999999,E,8,999.0,E,8,1.99,E,8,-9900,?,9,-9900,?,9,0.0,E,8,-9900,?,9,-9900,?,9,0.0,0.0,E,8
07/04/2010,22:00,0.0,1320.458,0.0,1,8,0.0,1,8,0.0,1,8,0.0,1,8,0.0,1,8,0.0,1,8,-0.0,1,8,-9900,?,9,-9900,?,9,16.18,E,8,9.63,E,8,65.0,E,8,964.3861999999999,E,8,999.0,E,8,1.21,E,8,-9900,?,9,-9900,?,9,0.0,E,8,-9900,?,9,-9900,?,9,0.0,0.0,E,8
07/04/2010,23:00,0.0,1320.458,0.0,1,8,0.0,1,8,0.0,1,8,0.0,1,8,0.0,1,8,0.0,1,8,-0.0,1,8,-9900,?,9,-9900,?,9,15.3,E,8,9.56,E,8,68.0,E,8,964.3861999999999,E,8,999.0,E,8,1.18,E,8,-9900,?,9,-9900,?,9,0.0,E,8,-9900,?,9,-9900,?,9,0.0,0.0,E,8
07/04/2010,24:00,0.0,1320.458,0.0,1,8,0.0,1,8,0.0,1,8,0.0,1,8,0.0,1,8,0.0,1,8,-0.0,1,8,-9900,?,9,-9900,?,9,14.43,E,8,9.35,E,8,71.0,E,8,964.3861999999999,E,8,999.0,E,8,0.7,E,8,-9900,?,9,-9900,?,9,0.0,E,8,-9900,?,9,-9900,?,9,0.0,0.0,E,8
07/05/2010,01:00,0.0,1320.458,0.0,1,8,0.0,1,8,0.0,1,8,0.0,1,8,0.0,1,8,0.0,1,8,-0.0,1,8,-9900,?,9,-9900,?,9,13.99,E,8,9.26,E,8,73.0,E,8,964.3861999999999,E,8,999.0,E,8,0.69,E,8,-9900,?,9,-9900,?,9,0.0,E,8,-9900,?,9,-9900,?,9,0.0,0.0,E,8
07/05/2010,02:00,0.0,1320.458,0.0,1,8,0.0,1,8,0.0,1,8,0.0,1,8,0.0,1,8,0.0,1,8,-0.0,1,8,-9900,?,9,-9900,?,9,13.55,E,8,9.17,E,8,74.0,E,8,964.3861999999999,E,8,999.0,E,8,0.69,E,8,-9900,?,9,-9900,?,9,0.0,E,8,-9900,?,9,-9900,?,9,0.0,0.0,E,8
07/05/2010,03:00,0.0,1320.458,0.0,1,8,0.0,1,8,0.0,1,8,0.0,1,8,0.0,1,8,0.0,1,8,-0.0,1,8,-9900,?,9,-9900,?,9,13.11,E,8,9.08,E,8,76.0,E,8,964.3861999999999,E,8,999.0,E,8,0.69,E,8,-9900,?,9,-9900,?,9,0.0,E,8,-9900,?,9,-9900,?,9,0.0,0.0,E,8
07/05/2010,04:00,0.0,1320.457,0.0,1,8,0.0,1,8,0.0,1,8,0.0,1,8,0.0,1,8,0.0,1,8,-0.0,1,8,-9900,?,9,-9900,?,9,12.68,E,8,8.99,E,8,78.0,E,8,964.3861999999999,E,8,999.0,E,8,0.69,E,8,-9900,?,9,-9900,?,9,0.0,E,8,-9900,?,9,-9900,?,9,0.0,0.0,E,8
07/05/2010,05:00,0.0,1320.457,0.0,1,8,0.0,1,8,0.0,1,8,0.0,1,8,0.0,1,8,0.0,1,8,-0.0,1,8,-9900,?,9,-9900,?,9,12.24,E,8,8.9,E,8,79.0,E,8,964.3861999999999,E,8,999.0,E,8,0.69,E,8,-9900,?,9,-9900,?,9,0.0,E,8,-9900,?,9,-9900,?,9,0.0,0.0,E,8
07/05/2010,06:00,0.0,1320.457,0.0,1,8,0.0,1,8,0.0,1,8,0.0,1,8,0.0,1,8,0.0,1,8,-0.0,1,8,-9900,?,9,-9900,?,9,11.9,E,8,8.83,E,8,81.0,E,8,964.3861999999999,E,8,999.0,E,8,0.69,E,8,-9900,?,9,-9900,?,9,0.0,E,8,-9900,?,9,-9900,?,9,0.0,0.0,E,8
07/05/2010,07:00,10.02,1320.457,0.0,1,8,0.0,1,8,0.0,1,8,0.0,1,8,0.0,1,8,0.0,1,8,-0.0,1,8,-9900,?,9,-9900,?,9,11.61,E,8,8.76,E,8,82.0,E,8,964.3861999999999,E,8,999.0,E,8,1.07,E,8,-9900,?,9,-9900,?,9,0.0,E,8,-9900,?,9,-9900,?,9,0.0,0.0,E,8
07/05/2010,08:00,283.845,1320.457,41.04,1,8,0.0,1,8,41.04,1,8,4924.8,1,8,0.0,1,8,4514.4,1,8,61.129,1,8,-9900,?,9,-9900,?,9,11.32,E,8,8.7,E,8,83.0,E,8,964.3861999999999,E,8,999.0,E,8,1.19,E,8,-9900,?,9,-9900,?,9,0.0,E,8,-9900,?,9,-9900,?,9,0.0,0.0,E,8
07/05/2010,09:00,534.565,1320.457,223.59,1,8,137.521,1,8,168.0,1,8,26830.8,1,8,13064.486,1,8,18479.961,1,8,132.29,1,8,-9900,?,9,-9900,?,9,14.89,E,8,9.45,E,8,69.0,E,8,964.3861999999999,E,8,999.0,E,8,1.69,E,8,-9900,?,9,-9900,?,9,0.0,E,8,-9900,?,9,-9900,?,9,0.0,0.0,E,8
07/05/2010,10:00,736.841,1320.457,405.91,1,8,301.011,1,8,238.049,1,8,48709.2,1,8,28596.005,1,8,26185.389,1,8,135.878,1,8,-9900,?,9,-9900,?,9,17.34,E,8,9.94,E,8,61.0,E,8,964.3861999999999,E,8,999.0,E,8,2.33,E,8,-9900,?,9,-9900,?,9,0.0,E,8,-9900,?,9,-9900,?,9,0.0,0.0,E,8
07/05/2010,11:00,876.483,1320.457,545.36,1,8,448.319,1,8,247.889,1,8,65443.2,1,8,42590.322,1,8,27267.788,1,8,118.919,1,8,-9900,?,9,-9900,?,9,19.51,E,8,10.36,E,8,55.0,E,8,964.3861999999999,E,8,999.0,E,8,2.55,E,8,-9900,?,9,-9900,?,9,0.0,E,8,-9900,?,9,-9900,?,9,0.0,0.0,E,8
07/05/2010,12:00,943.886,1320.457,613.15,1,8,502.354,1,8,254.159,1,8,73578.0,1,8,47723.66,1,8,27957.49,1,8,113.209,1,8,-9900,?,9,-9900,?,9,21.18,E,8,10.68,E,8,51.0,E,8,964.3861999999999,E,8,999.0,E,8,1.6,E,8,-9900,?,9,-9900,?,9,0.0,E,8,-9900,?,9,-9900,?,9,0.0,0.0,E,8
07/05/2010,13:00,934.432,1320.457,622.59,1,8,544.666,1,8,237.265,1,8,74710.8,1,8,51743.286,1,8,26099.197,1,8,106.755,1,8,-9900,?,9,-9900,?,9,22.33,E,8,10.89,E,8,48.0,E,8,964.3861999999999,E,8,999.0,E,8,1.61,E,8,-9900,?,9,-9900,?,9,0.0,E,8,-9900,?,9,-9900,?,9,0.0,0.0,E,8
07/05/2010,14:00,848.764,1320.457,591.87,1,8,693.549,1,8,146.256,1,8,71024.4,1,8,65887.109,1,8,16088.172,1,8,72.457,1,8,-9900,?,9,-9900,?,9,23.03,E,8,11.02,E,8,46.0,E,8,964.3861999999999,E,8,999.0,E,8,1.52,E,8,-9900,?,9,-9900,?,9,0.0,E,8,-9900,?,9,-9900,?,9,0.0,0.0,E,8
07/05/2010,15:00,692.753,1320.457,488.88,1,8,760.188,1,8,90.369,1,8,58665.6,1,8,72217.839,1,8,9940.611,1,8,54.872,1,8,-9900,?,9,-9900,?,9,23.22,E,8,11.06,E,8,46.0,E,8,964.3861999999999,E,8,999.0,E,8,1.39,E,8,-9900,?,9,-9900,?,9,0.0,E,8,-9900,?,9,-9900,?,9,0.0,0.0,E,8
07/05/2010,16:00,477.147,1320.457,353.93,1,8,711.464,1,8,97.339,1,8,42471.6,1,8,67589.057,1,8,10707.335,1,8,85.911,1,8,-9900,?,9,-9900,?,9,22.77,E,8,10.97,E,8,47.0,E,8,964.3861999999999,E,8,999.0,E,8,1.73,E,8,-9900,?,9,-9900,?,9,0.0,E,8,-9900,?,9,-9900,?,9,0.0,0.0,E,8
07/05/2010,17:00,217.31,1320.457,169.92,1,8,402.966,1,8,104.263,1,8,20390.4,1,8,38281.789,1,8,11468.983,1,8,203.692,1,8,-9900,?,9,-9900,?,9,21.57,E,8,10.75,E,8,50.0,E,8,964.3861999999999,E,8,999.0,E,8,2.71,E,8,-9900,?,9,-9900,?,9,0.0,E,8,-9900,?,9,-9900,?,9,0.0,0.0,E,8
07/05/2010,18:00,0.0,1320.457,8.13,1,8,0.0,1,8,0.0,1,8,975.6,1,8,0.0,1,8,0.0,1,8,-0.0,1,8,-9900,?,9,-9900,?,9,20.69,E,8,10.58,E,8,52.0,E,8,964.3861999999999,E,8,999.0,E,8,2.16,E,8,-9900,?,9,-9900,?,9,0.0,E,8,-9900,?,9,-9900,?,9,0.0,0.0,E,8
07/05/2010,19:00,0.0,1320.457,0.0,1,8,0.0,1,8,0.0,1,8,0.0,1,8,0.0,1,8,0.0,1,8,-0.0,1,8,-9900,?,9,-9900,?,9,19.8,E,8,10.41,E,8,54.0,E,8,964.3861999999999,E,8,999.0,E,8,1.77,E,8,-9900,?,9,-9900,?,9,0.0,E,8,-9900,?,9,-9900,?,9,0.0,0.0,E,8
07/05/2010,20:00,0.0,1320.457,0.0,1,8,0.0,1,8,0.0,1,8,0.0,1,8,0.0,1,8,0.0,1,8,-0.0,1,8,-9900,?,9,-9900,?,9,18.92,E,8,10.25,E,8,57.0,E,8,964.3861999999999,E,8,999.0,E,8,1.28,E,8,-9900,?,9,-9900,?,9,0.0,E,8,-9900,?,9,-9900,?,9,0.0,0.0,E,8
07/05/2010,21:00,0.0,1320.457,0.0,1,8,0.0,1,8,0.0,1,8,0.0,1,8,0.0,1,8,0.0,1,8,-0.0,1,8,-9900,?,9,-9900,?,9,18.03,E,8,10.07,E,8,59.0,E,8,964.3861999999999,E,8,999.0,E,8,1.15,E,8,-9900,?,9,-9900,?,9,0.0,E,8,-9900,?,9,-9900,?,9,0.0,0.0,E,8
07/05/2010,22:00,0.0,1320.457,0.0,1,8,0.0,1,8,0.0,1,8,0.0,1,8,0.0,1,8,0.0,1,8,-0.0,1,8,-9900,?,9,-9900,?,9,17.15,E,8,9.9,E,8,62.0,E,8,964.3861999999999,E,8,999.0,E,8,0.73,E,8,-9900,?,9,-9900,?,9,0.0,E,8,-9900,?,9,-9900,?,9,0.0,0.0,E,8
07/05/2010,23:00,0.0,1320.457,0.0,1,8,0.0,1,8,0.0,1,8,0.0,1,8,0.0,1,8,0.0,1,8,-0.0,1,8,-9900,?,9,-9900,?,9,16.26,E,8,9.72,E,8,65.0,E,8,964.3861999999999,E,8,999.0,E,8,0.69,E,8,-9900,?,9,-9900,?,9,0.0,E,8,-9900,?,9,-9900,?,9,0.0,0.0,E,8
07/05/2010,24:00,0.0,1320.457,0.0,1,8,0.0,1,8,0.0,1,8,0.0,1,8,0.0,1,8,0.0,1,8,-0.0,1,8,-9900,?,9,-9900,?,9,15.38,E,8,12.22,E,8,81.0,E,8,964.3861999999999,E,8,999.0,E,8,1.24,E,8,-9900,?,9,-9900,?,9,0.0,E,8,-9900,?,9,-9900,?,9,0.0,0.0,E,8
07/06/2010,01:00,0.0,1320.457,0.0,1,8,0.0,1,8,0.0,1,8,0.0,1,8,0.0,1,8,0.0,1,8,-0.0,1,8,-9900,?,9,-9900,?,9,14.94,E,8,12.15,E,8,88.0,E,8,964.3861999999999,E,8,999.0,E,8,1.24,E,8,-9900,?,9,-9900,?,9,0.002,E,8,-9900,?,9,-9900,?,9,0.02,99.0,E,8
07/06/2010,02:00,0.0,1320.457,0.0,1,8,0.0,1,8,0.0,1,8,0.0,1,8,0.0,1,8,0.0,1,8,-0.0,1,8,-9900,?,9,-9900,?,9,14.49,E,8,12.08,E,8,85.0,E,8,964.3861999999999,E,8,999.0,E,8,1.24,E,8,-9900,?,9,-9900,?,9,0.0,E,8,-9900,?,9,-9900,?,9,0.0,0.0,E,8
07/06/2010,03:00,0.0,1320.457,0.0,1,8,0.0,1,8,0.0,1,8,0.0,1,8,0.0,1,8,0.0,1,8,-0.0,1,8,-9900,?,9,-9900,?,9,14.05,E,8,12.0,E,8,87.0,E,8,964.3861999999999,E,8,999.0,E,8,1.24,E,8,-9900,?,9,-9900,?,9,0.0,E,8,-9900,?,9,-9900,?,9,0.0,0.0,E,8
07/06/2010,04:00,0.0,1320.468,0.0,1,8,0.0,1,8,0.0,1,8,0.0,1,8,0.0,1,8,0.0,1,8,-0.0,1,8,-9900,?,9,-9900,?,9,13.61,E,8,11.93,E,8,89.0,E,8,964.3861999999999,E,8,999.0,E,8,1.24,E,8,-9900,?,9,-9900,?,9,0.0,E,8,-9900,?,9,-9900,?,9,0.0,0.0,E,8
07/06/2010,05:00,0.0,1320.468,0.0,1,8,0.0,1,8,0.0,1,8,0.0,1,8,0.0,1,8,0.0,1,8,-0.0,1,8,-9900,?,9,-9900,?,9,13.17,E,8,11.86,E,8,91.0,E,8,964.3861999999999,E,8,999.0,E,8,1.24,E,8,-9900,?,9,-9900,?,9,0.0,E,8,-9900,?,9,-9900,?,9,0.0,0.0,E,8
07/06/2010,06:00,0.0,1320.468,0.0,1,8,0.0,1,8,0.0,1,8,0.0,1,8,0.0,1,8,0.0,1,8,-0.0,1,8,-9900,?,9,-9900,?,9,12.83,E,8,11.8,E,8,93.0,E,8,964.3861999999999,E,8,999.0,E,8,1.32,E,8,-9900,?,9,-9900,?,9,0.0,E,8,-9900,?,9,-9900,?,9,0.0,0.0,E,8
07/06/2010,07:00,10.043,1320.468,0.0,1,8,0.0,1,8,0.0,1,8,0.0,1,8,0.0,1,8,0.0,1,8,-0.0,1,8,-9900,?,9,-9900,?,9,12.53,E,8,11.75,E,8,95.0,E,8,964.3861999999999,E,8,999.0,E,8,1.87,E,8,-9900,?,9,-9900,?,9,0.0,E,8,-9900,?,9,-9900,?,9,0.0,0.0,E,8
07/06/2010,08:00,284.14,1320.468,20.27,1,8,0.0,1,8,20.27,1,8,2432.4,1,8,0.0,1,8,2229.7,1,8,30.161,1,8,-9900,?,9,-9900,?,9,12.24,E,8,11.71,E,8,96.0,E,8,964.3861999999999,E,8,999.0,E,8,1.24,E,8,-9900,?,9,-9900,?,9,0.0,E,8,-9900,?,9,-9900,?,9,0.0,0.0,E,8
07/06/2010,09:00,535.162,1320.468,111.05,1,8,0.0,1,8,111.05,1,8,13326.0,1,8,0.0,1,8,12215.5,1,8,87.349,1,8,-9900,?,9,-9900,?,9,16.46,E,8,12.39,E,8,76.0,E,8,964.3861999999999,E,8,999.0,E,8,1.24,E,8,-9900,?,9,-9900,?,9,0.0,E,8,-9900,?,9,-9900,?,9,0.0,0.0,E,8
07/06/2010,10:00,737.749,1320.468,198.24,1,8,6.775,1,8,194.457,1,8,23788.8,1,8,643.631,1,8,21390.291,1,8,110.86,1,8,-9900,?,9,-9900,?,9,19.29,E,8,12.83,E,8,66.0,E,8,964.3861999999999,E,8,999.0,E,8,1.24,E,8,-9900,?,9,-9900,?,9,0.0,E,8,-9900,?,9,-9900,?,9,0.0,0.0,E,8
07/06/2010,11:00,877.691,1320.468,265.46,1,8,10.472,1,8,258.502,1,8,31855.2,1,8,994.867,1,8,28435.203,1,8,123.84,1,8,-9900,?,9,-9900,?,9,21.79,E,8,13.22,E,8,58.0,E,8,964.3861999999999,E,8,999.0,E,8,1.24,E,8,-9900,?,9,-9900,?,9,0.0,E,8,-9900,?,9,-9900,?,9,0.0,0.0,E,8
07/06/2010,12:00,945.364,1320.468,306.49,1,8,13.547,1,8,296.794,1,8,36778.8,1,8,1286.993,1,8,32647.316,1,8,131.994,1,8,-9900,?,9,-9900,?,9,23.81,E,8,13.52,E,8,52.0,E,8,964.3861999999999,E,8,999.0,E,8,1.24,E,8,-9900,?,9,-9900,?,9,0.0,E,8,-9900,?,9,-9900,?,9,0.0,0.0,E,8
07/06/2010,13:00,936.127,1320.468,318.06,1,8,16.44,1,8,306.408,1,8,38167.2,1,8,1561.825,1,8,33704.912,1,8,137.616,1,8,-9900,?,9,-9900,?,9,25.29,E,8,13.74,E,8,53.0,E,8,964.3861999999999,E,8,999.0,E,8,1.24,E,8,-9900,?,9,-9900,?,9,0.001,E,8,-9900,?,9,-9900,?,9,0.01,99.0,E,8
07/06/2010,14:00,850.613,1320.468,299.3,1,8,20.212,1,8,286.285,1,8,35916.0,1,8,1920.117,1,8,31491.403,1,8,141.522,1,8,-9900,?,9,-9900,?,9,26.17,E,8,13.87,E,8,46.0,E,8,964.3861999999999,E,8,999.0,E,8,1.24,E,8,-9900,?,9,-9900,?,9,0.0,E,8,-9900,?,9,-9900,?,9,0.0,0.0,E,8
07/06/2010,15:00,694.678,1320.468,251.64,1,8,32.442,1,8,234.586,1,8,30196.8,1,8,3082.009,1,8,25804.429,1,8,142.046,1,8,-9900,?,9,-9900,?,9,26.45,E,8,13.91,E,8,46.0,E,8,964.3861999999999,E,8,999.0,E,8,1.24,E,8,-9900,?,9,-9900,?,9,0.0,E,8,-9900,?,9,-9900,?,9,0.0,0.0,E,8
07/06/2010,16:00,479.067,1320.468,178.94,1,8,87.8,1,8,147.147,1,8,21472.8,1,8,8340.99,1,8,16186.188,1,8,129.35,1,8,-9900,?,9,-9900,?,9,25.93,E,8,13.83,E,8,47.0,E,8,964.3861999999999,E,8,999.0,E,8,1.24,E,8,-9900,?,9,-9900,?,9,0.0,E,8,-9900,?,9,-9900,?,9,0.0,0.0,E,8
07/06/2010,17:00,219.133,1320.468,88.53,1,8,197.111,1,8,56.14,1,8,10623.6,1,8,18725.535,1,8,6175.375,1,8,108.747,1,8,-9900,?,9,-9900,?,9,24.54,E,8,13.63,E,8,50.0,E,8,964.3861999999999,E,8,999.0,E,8,1.8,E,8,-9900,?,9,-9900,?,9,0.0,E,8,-9900,?,9,-9900,?,9,0.0,0.0,E,8
07/06/2010,18:00,0.0,1320.468,5.66,1,8,0.0,1,8,0.0,1,8,679.2,1,8,0.0,1,8,0.0,1,8,-0.0,1,8,-9900,?,9,-9900,?,9,23.27,E,8,13.44,E,8,53.0,E,8,964.3861999999999,E,8,999.0,E,8,1.24,E,8,-9900,?,9,-9900,?,9,0.0,E,8,-9900,?,9,-9900,?,9,0.0,0.0,E,8
07/06/2010,19:00,0.0,1320.468,0.0,1,8,0.0,1,8,0.0,1,8,0.0,1,8,0.0,1,8,0.0,1,8,-0.0,1,8,-9900,?,9,-9900,?,9,22.01,E,8,13.25,E,8,62.0,E,8,964.3861999999999,E,8,999.0,E,8,1.81,E,8,-9900,?,9,-9900,?,9,0.006,E,8,-9900,?,9,-9900,?,9,0.06,99.0,E,8
07/06/2010,20:00,0.0,1320.468,0.0,1,8,0.0,1,8,0.0,1,8,0.0,1,8,0.0,1,8,0.0,1,8,-0.0,1,8,-9900,?,9,-9900,?,9,20.75,E,8,13.06,E,8,61.0,E,8,964.3861999999999,E,8,999.0,E,8,1.3,E,8,-9900,?,9,-9900,?,9,0.0,E,8,-9900,?,9,-9900,?,9,0.0,0.0,E,8
07/06/2010,21:00,0.0,1320.468,0.0,1,8,0.0,1,8,0.0,1,8,0.0,1,8,0.0,1,8,0.0,1,8,-0.0,1,8,-9900,?,9,-9900,?,9,19.49,E,8,12.86,E,8,65.0,E,8,964.3861999999999,E,8,999.0,E,8,1.24,E,8,-9900,?,9,-9900,?,9,0.0,E,8,-9900,?,9,-9900,?,9,0.0,0.0,E,8
07/06/2010,22:00,0.0,1320.468,0.0,1,8,0.0,1,8,0.0,1,8,0.0,1,8,0.0,1,8,0.0,1,8,-0.0,1,8,-9900,?,9,-9900,?,9,18.23,E,8,12.67,E,8,69.0,E,8,964.3861999999999,E,8,999.0,E,8,1.24,E,8,-9900,?,9,-9900,?,9,0.0,E,8,-9900,?,9,-9900,?,9,0.0,0.0,E,8
07/06/2010,23:00,0.0,1320.468,0.0,1,8,0.0,1,8,0.0,1,8,0.0,1,8,0.0,1,8,0.0,1,8,-0.0,1,8,-9900,?,9,-9900,?,9,16.97,E,8,12.47,E,8,84.0,E,8,964.3861999999999,E,8,999.0,E,8,1.24,E,8,-9900,?,9,-9900,?,9,0.191,E,8,-9900,?,9,-9900,?,9,1.91,99.0,E,8
07/06/2010,24:00,0.0,1320.468,0.0,1,8,0.0,1,8,0.0,1,8,0.0,1,8,0.0,1,8,0.0,1,8,-0.0,1,8,-9900,?,9,-9900,?,9,15.71,E,8,9.14,E,8,64.0,E,8,964.3861999999999,E,8,999.0,E,8,0.75,E,8,-9900,?,9,-9900,?,9,0.0,E,8,-9900,?,9,-9900,?,9,0.0,0.0,E,8
07/07/2010,01:00,0.0,1320.468,0.0,1,8,0.0,1,8,0.0,1,8,0.0,1,8,0.0,1,8,0.0,1,8,-0.0,1,8,-9900,?,9,-9900,?,9,15.08,E,8,8.98,E,8,66.0,E,8,964.3861999999999,E,8,999.0,E,8,0.75,E,8,-9900,?,9,-9900,?,9,0.0,E,8,-9900,?,9,-9900,?,9,0.0,0.0,E,8
07/07/2010,02:00,0.0,1320.468,0.0,1,8,0.0,1,8,0.0,1,8,0.0,1,8,0.0,1,8,0.0,1,8,-0.0,1,8,-9900,?,9,-9900,?,9,14.45,E,8,8.82,E,8,68.0,E,8,964.3861999999999,E,8,999.0,E,8,0.75,E,8,-9900,?,9,-9900,?,9,0.0,E,8,-9900,?,9,-9900,?,9,0.0,0.0,E,8
07/07/2010,03:00,0.0,1320.468,0.0,1,8,0.0,1,8,0.0,1,8,0.0,1,8,0.0,1,8,0.0,1,8,-0.0,1,8,-9900,?,9,-9900,?,9,13.82,E,8,8.66,E,8,70.0,E,8,964.3861999999999,E,8,999.0,E,8,0.75,E,8,-9900,?,9,-9900,?,9,0.0,E,8,-9900,?,9,-9900,?,9,0.0,0.0,E,8
07/07/2010,04:00,0.0,1320.493,0.0,1,8,0.0,1,8,0.0,1,8,0.0,1,8,0.0,1,8,0.0,1,8,-0.0,1,8,-9900,?,9,-9900,?,9,13.19,E,8,8.49,E,8,73.0,E,8,964.3861999999999,E,8,999.0,E,8,0.75,E,8,-9900,?,9,-9900,?,9,0.0,E,8,-9900,?,9,-9900,?,9,0.0,0.0,E,8
07/07/2010,05:00,0.0,1320.493,0.0,1,8,0.0,1,8,0.0,1,8,0.0,1,8,0.0,1,8,0.0,1,8,-0.0,1,8,-9900,?,9,-9900,?,9,12.56,E,8,8.32,E,8,75.0,E,8,964.3861999999999,E,8,999.0,E,8,0.75,E,8,-9900,?,9,-9900,?,9,0.0,E,8,-9900,?,9,-9900,?,9,0.0,0.0,E,8
07/07/2010,06:00,0.0,1320.493,0.0,1,8,0.0,1,8,0.0,1,8,0.0,1,8,0.0,1,8,0.0,1,8,-0.0,1,8,-9900,?,9,-9900,?,9,12.07,E,8,8.19,E,8,77.0,E,8,964.3861999999999,E,8,999.0,E,8,0.75,E,8,-9900,?,9,-9900,?,9,0.0,E,8,-9900,?,9,-9900,?,9,0.0,0.0,E,8
07/07/2010,07:00,10.139,1320.493,0.0,1,8,0.0,1,8,0.0,1,8,0.0,1,8,0.0,1,8,0.0,1,8,-0.0,1,8,-9900,?,9,-9900,?,9,11.66,E,8,8.08,E,8,78.0,E,8,964.3861999999999,E,8,999.0,E,8,0.75,E,8,-9900,?,9,-9900,?,9,0.0,E,8,-9900,?,9,-9900,?,9,0.0,0.0,E,8
07/07/2010,08:00,284.534,1320.493,35.83,1,8,0.0,1,8,35.83,1,8,4299.6,1,8,0.0,1,8,3941.3,1,8,53.24,1,8,-9900,?,9,-9900,?,9,11.24,E,8,7.97,E,8,80.0,E,8,964.3861999999999,E,8,999.0,E,8,1.11,E,8,-9900,?,9,-9900,?,9,0.0,E,8,-9900,?,9,-9900,?,9,0.0,0.0,E,8
07/07/2010,09:00,535.868,1320.493,232.4,1,8,158.653,1,8,168.112,1,8,27888.0,1,8,15072.037,1,8,18492.355,1,8,132.06,1,8,-9900,?,9,-9900,?,9,14.69,E,8,8.88,E,8,68.0,E,8,964.3861999999999,E,8,999.0,E,8,1.12,E,8,-9900,?,9,-9900,?,9,0.0,E,8,-9900,?,9,-9900,?,9,0.0,0.0,E,8
07/07/2010,10:00,738.772,1320.493,418.26,1,8,330.998,1,8,233.196,1,8,50191.2,1,8,31444.841,1,8,25651.598,1,8,132.763,1,8,-9900,?,9,-9900,?,9,17.13,E,8,9.5,E,8,60.0,E,8,964.3861999999999,E,8,999.0,E,8,1.15,E,8,-9900,?,9,-9900,?,9,0.0,E,8,-9900,?,9,-9900,?,9,0.0,0.0,E,8
07/07/2010,11:00,879.016,1320.493,574.49,1,8,531.199,1,8,221.016,1,8,68938.8,1,8,50463.894,1,8,24311.715,1,8,105.724,1,8,-9900,?,9,-9900,?,9,19.35,E,8,10.05,E,8,54.0,E,8,964.3861999999999,E,8,999.0,E,8,1.45,E,8,-9900,?,9,-9900,?,9,0.0,E,8,-9900,?,9,-9900,?,9,0.0,0.0,E,8
07/07/2010,12:00,946.954,1320.493,644.41,1,8,591.35,1,8,220.457,1,8,77329.2,1,8,56178.295,1,8,24250.31,1,8,97.882,1,8,-9900,?,9,-9900,?,9,21.05,E,8,10.45,E,8,50.0,E,8,964.3861999999999,E,8,999.0,E,8,2.03,E,8,-9900,?,9,-9900,?,9,0.0,E,8,-9900,?,9,-9900,?,9,0.0,0.0,E,8
07/07/2010,13:00,937.928,1320.493,654.57,1,8,669.078,1,8,179.469,1,8,78548.4,1,8,63562.45,1,8,19741.645,1,8,80.451,1,8,-9900,?,9,-9900,?,9,22.22,E,8,10.72,E,8,48.0,E,8,964.3861999999999,E,8,999.0,E,8,2.21,E,8,-9900,?,9,-9900,?,9,0.0,E,8,-9900,?,9,-9900,?,9,0.0,0.0,E,8
07/07/2010,14:00,852.555,1320.493,584.26,1,8,647.945,1,8,166.096,1,8,70111.2,1,8,61554.765,1,8,18270.597,1,8,81.922,1,8,-9900,?,9,-9900,?,9,22.8,E,8,10.86,E,8,46.0,E,8,964.3861999999999,E,8,999.0,E,8,2.54,E,8,-9900,?,9,-9900,?,9,0.0,E,8,-9900,?,9,-9900,?,9,0.0,0.0,E,8
07/07/2010,15:00,696.683,1320.493,502.33,1,8,760.894,1,8,101.192,1,8,60279.6,1,8,72284.934,1,8,11131.15,1,8,61.098,1,8,-9900,?,9,-9900,?,9,22.97,E,8,10.9,E,8,46.0,E,8,964.3861999999999,E,8,999.0,E,8,2.68,E,8,-9900,?,9,-9900,?,9,0.0,E,8,-9900,?,9,-9900,?,9,0.0,0.0,E,8
07/07/2010,16:00,481.049,1320.493,353.22,1,8,710.735,1,8,94.794,1,8,42386.4,1,8,67519.839,1,8,10427.327,1,8,82.985,1,8,-9900,?,9,-9900,?,9,22.47,E,8,10.78,E,8,47.0,E,8,964.3861999999999,E,8,999.0,E,8,2.57,E,8,-9900,?,9,-9900,?,9,0.0,E,8,-9900,?,9,-9900,?,9,0.0,0.0,E,8
07/07/2010,17:00,221.001,1320.493,167.16,1,8,369.279,1,8,105.952,1,8,20059.2,1,8,35081.534,1,8,11654.726,1,8,203.473,1,8,-9900,?,9,-9900,?,9,21.26,E,8,10.5,E,8,50.0,E,8,964.3861999999999,E,8,999.0,E,8,2.7,E,8,-9900,?,9,-9900,?,9,0.0,E,8,-9900,?,9,-9900,?,9,0.0,0.0,E,8
07/07/2010,18:00,0.0,1320.493,9.07,1,8,0.0,1,8,0.0,1,8,1088.4,1,8,0.0,1,8,0.0,1,8,-0.0,1,8,-9900,?,9,-9900,?,9,20.35,E,8,10.29,E,8,52.0,E,8,964.3861999999999,E,8,999.0,E,8,2.2,E,8,-9900,?,9,-9900,?,9,0.0,E,8,-9900,?,9,-9900,?,9,0.0,0.0,E,8
07/07/2010,19:00,0.0,1320.493,0.0,1,8,0.0,1,8,0.0,1,8,0.0,1,8,0.0,1,8,0.0,1,8,-0.0,1,8,-9900,?,9,-9900,?,9,19.44,E,8,10.07,E,8,54.0,E,8,964.3861999999999,E,8,999.0,E,8,0.97,E,8,-9900,?,9,-9900,?,9,0.0,E,8,-9900,?,9,-9900,?,9,0.0,0.0,E,8
07/07/2010,20:00,0.0,1320.493,0.0,1,8,0.0,1,8,0.0,1,8,0.0,1,8,0.0,1,8,0.0,1,8,-0.0,1,8,-9900,?,9,-9900,?,9,18.53,E,8,9.85,E,8,56.0,E,8,964.3861999999999,E,8,999.0,E,8,0.75,E,8,-9900,?,9,-9900,?,9,0.0,E,8,-9900,?,9,-9900,?,9,0.0,0.0,E,8
07/07/2010,21:00,0.0,1320.493,0.0,1,8,0.0,1,8,0.0,1,8,0.0,1,8,0.0,1,8,0.0,1,8,-0.0,1,8,-9900,?,9,-9900,?,9,17.62,E,8,9.62,E,8,59.0,E,8,964.3861999999999,E,8,999.0,E,8,0.75,E,8,-9900,?,9,-9900,?,9,0.0,E,8,-9900,?,9,-9900,?,9,0.0,0.0,E,8
07/07/2010,22:00,0.0,1320.493,0.0,1,8,0.0,1,8,0.0,1,8,0.0,1,8,0.0,1,8,0.0,1,8,-0.0,1,8,-9900,?,9,-9900,?,9,16.71,E,8,9.4,E,8,61.0,E,8,964.3861999999999,E,8,999.0,E,8,0.75,E,8,-9900,?,9,-9900,?,9,0.0,E,8,-9900,?,9,-9900,?,9,0.0,0.0,E,8
07/07/2010,23:00,0.0,1320.493,0.0,1,8,0.0,1,8,0.0,1,8,0.0,1,8,0.0,1,8,0.0,1,8,-0.0,1,8,-9900,?,9,-9900,?,9,15.8,E,8,9.17,E,8,64.0,E,8,964.3861999999999,E,8,999.0,E,8,0.75,E,8,-9900,?,9,-9900,?,9,0.0,E,8,-9900,?,9,-9900,?,9,0.0,0.0,E,8
07/07/2010,24:00,0.0,1320.493,0.0,1,8,0.0,1,8,0.0,1,8,0.0,1,8,0.0,1,8,0.0,1,8,-0.0,1,8,-9900,?,9,-9900,?,9,14.89,E,8,9.85,E,8,71.0,E,8,964.3861999999999,E,8,999.0,E,8,0.96,E,8,-9900,?,9,-9900,?,9,0.0,E,8,-9900,?,9,-9900,?,9,0.0,0.0,E,8
07/08/2010,01:00,0.0,1320.493,0.0,1,8,0.0,1,8,0.0,1,8,0.0,1,8,0.0,1,8,0.0,1,8,-0.0,1,8,-9900,?,9,-9900,?,9,14.44,E,8,9.82,E,8,73.0,E,8,964.3861999999999,E,8,999.0,E,8,0.96,E,8,-9900,?,9,-9900,?,9,0.0,E,8,-9900,?,9,-9900,?,9,0.0,0.0,E,8
07/08/2010,02:00,0.0,1320.493,0.0,1,8,0.0,1,8,0.0,1,8,0.0,1,8,0.0,1,8,0.0,1,8,-0.0,1,8,-9900,?,9,-9900,?,9,13.98,E,8,9.78,E,8,75.0,E,8,964.3861999999999,E,8,999.0,E,8,0.96,E,8,-9900,?,9,-9900,?,9,0.0,E,8,-9900,?,9,-9900,?,9,0.0,0.0,E,8
07/08/2010,03:00,0.0,1320.493,0.0,1,8,0.0,1,8,0.0,1,8,0.0,1,8,0.0,1,8,0.0,1,8,-0.0,1,8,-9900,?,9,-9900,?,9,13.53,E,8,9.75,E,8,77.0,E,8,964.3861999999999,E,8,999.0,E,8,0.96,E,8,-9900,?,9,-9900,?,9,0.0,E,8,-9900,?,9,-9900,?,9,0.0,0.0,E,8
07/08/2010,04:00,0.0,1320.529,0.0,1,8,0.0,1,8,0.0,1,8,0.0,1,8,0.0,1,8,0.0,1,8,-0.0,1,8,-9900,?,9,-9900,?,9,13.07,E,8,9.71,E,8,80.0,E,8,964.3861999999999,E,8,999.0,E,8,0.96,E,8,-9900,?,9,-9900,?,9,0.0,E,8,-9900,?,9,-9900,?,9,0.0,0.0,E,8
07/08/2010,05:00,0.0,1320.529,0.0,1,8,0.0,1,8,0.0,1,8,0.0,1,8,0.0,1,8,0.0,1,8,-0.0,1,8,-9900,?,9,-9900,?,9,12.62,E,8,9.68,E,8,82.0,E,8,964.3861999999999,E,8,999.0,E,8,0.96,E,8,-9900,?,9,-9900,?,9,0.0,E,8,-9900,?,9,-9900,?,9,0.0,0.0,E,8
07/08/2010,06:00,0.0,1320.529,0.0,1,8,0.0,1,8,0.0,1,8,0.0,1,8,0.0,1,8,0.0,1,8,-0.0,1,8,-9900,?,9,-9900,?,9,12.27,E,8,9.65,E,8,84.0,E,8,964.3861999999999,E,8,999.0,E,8,0.96,E,8,-9900,?,9,-9900,?,9,0.0,E,8,-9900,?,9,-9900,?,9,0.0,0.0,E,8
07/08/2010,07:00,10.309,1320.529,0.0,1,8,0.0,1,8,0.0,1,8,0.0,1,8,0.0,1,8,0.0,1,8,-0.0,1,8,-9900,?,9,-9900,?,9,11.97,E,8,9.63,E,8,85.0,E,8,964.3861999999999,E,8,999.0,E,8,0.96,E,8,-9900,?,9,-9900,?,9,0.0,E,8,-9900,?,9,-9900,?,9,0.0,0.0,E,8
07/08/2010,08:00,285.027,1320.529,55.64,1,8,0.0,1,8,55.64,1,8,6676.8,1,8,0.0,1,8,6120.4,1,8,82.533,1,8,-9900,?,9,-9900,?,9,11.67,E,8,9.61,E,8,87.0,E,8,964.3861999999999,E,8,999.0,E,8,0.96,E,8,-9900,?,9,-9900,?,9,0.0,E,8,-9900,?,9,-9900,?,9,0.0,0.0,E,8
07/08/2010,09:00,536.683,1320.529,262.45,1,8,248.999,1,8,161.402,1,8,31494.0,1,8,23654.903,1,8,17754.235,1,8,126.599,1,8,-9900,?,9,-9900,?,9,16.28,E,8,9.96,E,8,66.0,E,8,964.3861999999999,E,8,999.0,E,8,0.96,E,8,-9900,?,9,-9900,?,9,0.0,E,8,-9900,?,9,-9900,?,9,0.0,0.0,E,8
07/08/2010,10:00,739.91,1320.529,371.73,1,8,159.682,1,8,282.315,1,8,44607.6,1,8,15169.763,1,8,31054.702,1,8,160.484,1,8,-9900,?,9,-9900,?,9,18.34,E,8,10.11,E,8,58.0,E,8,964.3861999999999,E,8,999.0,E,8,0.96,E,8,-9900,?,9,-9900,?,9,0.0,E,8,-9900,?,9,-9900,?,9,0.0,0.0,E,8
07/08/2010,11:00,880.457,1320.529,443.6,1,8,214.766,1,8,300.458,1,8,53232.0,1,8,20402.797,1,8,33050.385,1,8,143.494,1,8,-9900,?,9,-9900,?,9,19.89,E,8,10.23,E,8,53.0,E,8,964.3861999999999,E,8,999.0,E,8,0.96,E,8,-9900,?,9,-9900,?,9,0.0,E,8,-9900,?,9,-9900,?,9,0.0,0.0,E,8
07/08/2010,12:00,948.656,1320.529,525.03,1,8,255.987,1,8,341.182,1,8,63003.6,1,8,24318.786,1,8,37529.993,1,8,151.215,1,8,-9900,?,9,-9900,?,9,21.29,E,8,10.33,E,8,49.0,E,8,964.3861999999999,E,8,999.0,E,8,1.06,E,8,-9900,?,9,-9900,?,9,0.0,E,8,-9900,?,9,-9900,?,9,0.0,0.0,E,8
07/08/2010,13:00,939.834,1320.529,630.23,1,8,524.116,1,8,257.318,1,8,75627.6,1,8,49791.001,1,8,28305.027,1,8,115.118,1,8,-9900,?,9,-9900,?,9,22.73,E,8,10.44,E,8,45.0,E,8,964.3861999999999,E,8,999.0,E,8,1.46,E,8,-9900,?,9,-9900,?,9,0.0,E,8,-9900,?,9,-9900,?,9,0.0,0.0,E,8
07/08/2010,14:00,854.59,1320.529,529.9,1,8,451.077,1,8,238.101,1,8,63588.0,1,8,42852.353,1,8,26191.1,1,8,117.16,1,8,-9900,?,9,-9900,?,9,23.35,E,8,10.48,E,8,44.0,E,8,964.3861999999999,E,8,999.0,E,8,1.7,E,8,-9900,?,9,-9900,?,9,0.0,E,8,-9900,?,9,-9900,?,9,0.0,0.0,E,8
07/08/2010,15:00,698.765,1320.529,426.17,1,8,444.766,1,8,190.997,1,8,51140.4,1,8,42252.729,1,8,21009.684,1,8,114.98,1,8,-9900,?,9,-9900,?,9,23.43,E,8,10.49,E,8,43.0,E,8,964.3861999999999,E,8,999.0,E,8,1.61,E,8,-9900,?,9,-9900,?,9,0.0,E,8,-9900,?,9,-9900,?,9,0.0,0.0,E,8
07/08/2010,16:00,483.093,1320.529,360.66,1,8,574.718,1,8,150.805,1,8,43279.2,1,8,54598.17,1,8,16588.525,1,8,131.462,1,8,-9900,?,9,-9900,?,9,23.19,E,8,10.47,E,8,44.0,E,8,964.3861999999999,E,8,999.0,E,8,1.82,E,8,-9900,?,9,-9900,?,9,0.0,E,8,-9900,?,9,-9900,?,9,0.0,0.0,E,8
07/08/2010,17:00,222.912,1320.529,173.32,1,8,407.421,1,8,105.197,1,8,20798.4,1,8,38705.034,1,8,11571.641,1,8,200.263,1,8,-9900,?,9,-9900,?,9,22.07,E,8,10.39,E,8,47.0,E,8,964.3861999999999,E,8,999.0,E,8,2.37,E,8,-9900,?,9,-9900,?,9,0.0,E,8,-9900,?,9,-9900,?,9,0.0,0.0,E,8
07/08/2010,18:00,0.0,1320.529,14.53,1,8,0.0,1,8,0.0,1,8,1743.6,1,8,0.0,1,8,0.0,1,8,-0.0,1,8,-9900,?,9,-9900,?,9,21.19,E,8,10.32,E,8,49.0,E,8,964.3861999999999,E,8,999.0,E,8,2.08,E,8,-9900,?,9,-9900,?,9,0.0,E,8,-9900,?,9,-9900,?,9,0.0,0.0,E,8
07/08/2010,19:00,0.0,1320.529,0.0,1,8,0.0,1,8,0.0,1,8,0.0,1,8,0.0,1,8,0.0,1,8,-0.0,1,8,-9900,?,9,-9900,?,9,20.3,E,8,10.26,E,8,52.0,E,8,964.3861999999999,E,8,999.0,E,8,1.4,E,8,-9900,?,9,-9900,?,9,0.0,E,8,-9900,?,9,-9900,?,9,0.0,0.0,E,8
07/08/2010,20:00,0.0,1320.529,0.0,1,8,0.0,1,8,0.0,1,8,0.0,1,8,0.0,1,8,0.0,1,8,-0.0,1,8,-9900,?,9,-9900,?,9,19.42,E,8,10.19,E,8,55.0,E,8,964.3861999999999,E,8,999.0,E,8,1.29,E,8,-9900,?,9,-9900,?,9,0.0,E,8,-9900,?,9,-9900,?,9,0.0,0.0,E,8
07/08/2010,21:00,0.0,1320.529,0.0,1,8,0.0,1,8,0.0,1,8,0.0,1,8,0.0,1,8,0.0,1,8,-0.0,1,8,-9900,?,9,-9900,?,9,18.54,E,8,10.13,E,8,57.0,E,8,964.3861999999999,E,8,999.0,E,8,1.66,E,8,-9900,?,9,-9900,?,9,0.0,E,8,-9900,?,9,-9900,?,9,0.0,0.0,E,8
07/08/2010,22:00,0.0,1320.529,0.0,1,8,0.0,1,8,0.0,1,8,0.0,1,8,0.0,1,8,0.0,1,8,-0.0,1,8,-9900,?,9,-9900,?,9,17.66,E,8,10.06,E,8,61.0,E,8,964.3861999999999,E,8,999.0,E,8,1.87,E,8,-9900,?,9,-9900,?,9,0.0,E,8,-9900,?,9,-9900,?,9,0.0,0.0,E,8
07/08/2010,23:00,0.0,1320.529,0.0,1,8,0.0,1,8,0.0,1,8,0.0,1,8,0.0,1,8,0.0,1,8,-0.0,1,8,-9900,?,9,-9900,?,9,16.78,E,8,10.0,E,8,64.0,E,8,964.3861999999999,E,8,999.0,E,8,1.84,E,8,-9900,?,9,-9900,?,9,0.0,E,8,-9900,?,9,-9900,?,9,0.0,0.0,E,8
07/08/2010,24:00,0.0,1320.529,0.0,1,8,0.0,1,8,0.0,1,8,0.0,1,8,0.0,1,8,0.0,1,8,-0.0,1,8,-9900,?,9,-9900,?,9,15.9,E,8,12.3,E,8,79.0,E,8,964.3861999999999,E,8,999.0,E,8,0.93,E,8,-9900,?,9,-9900,?,9,0.0,E,8,-9900,?,9,-9900,?,9,0.0,0.0,E,8
07/09/2010,01:00,0.0,1320.529,0.0,1,8,0.0,1,8,0.0,1,8,0.0,1,8,0.0,1,8,0.0,1,8,-0.0,1,8,-9900,?,9,-9900,?,9,15.46,E,8,12.15,E,8,80.0,E,8,964.3861999999999,E,8,999.0,E,8,0.81,E,8,-9900,?,9,-9900,?,9,0.0,E,8,-9900,?,9,-9900,?,9,0.0,0.0,E,8
07/09/2010,02:00,0.0,1320.529,0.0,1,8,0.0,1,8,0.0,1,8,0.0,1,8,0.0,1,8,0.0,1,8,-0.0,1,8,-9900,?,9,-9900,?,9,15.02,E,8,12.0,E,8,82.0,E,8,964.3861999999999,E,8,999.0,E,8,0.95,E,8,-9900,?,9,-9900,?,9,0.0,E,8,-9900,?,9,-9900,?,9,0.0,0.0,E,8
07/09/2010,03:00,0.0,1320.529,0.0,1,8,0.0,1,8,0.0,1,8,0.0,1,8,0.0,1,8,0.0,1,8,-0.0,1,8,-9900,?,9,-9900,?,9,14.58,E,8,11.85,E,8,83.0,E,8,964.3861999999999,E,8,999.0,E,8,0.81,E,8,-9900,?,9,-9900,?,9,0.0,E,8,-9900,?,9,-9900,?,9,0.0,0.0,E,8
07/09/2010,04:00,0.0,1320.579,0.0,1,8,0.0,1,8,0.0,1,8,0.0,1,8,0.0,1,8,0.0,1,8,-0.0,1,8,-9900,?,9,-9900,?,9,14.14,E,8,11.7,E,8,85.0,E,8,964.3861999999999,E,8,999.0,E,8,0.81,E,8,-9900,?,9,-9900,?,9,0.0,E,8,-9900,?,9,-9900,?,9,0.0,0.0,E,8
07/09/2010,05:00,0.0,1320.579,0.0,1,8,0.0,1,8,0.0,1,8,0.0,1,8,0.0,1,8,0.0,1,8,-0.0,1,8,-9900,?,9,-9900,?,9,13.7,E,8,11.54,E,8,86.0,E,8,964.3861999999999,E,8,999.0,E,8,0.81,E,8,-9900,?,9,-9900,?,9,0.0,E,8,-9900,?,9,-9900,?,9,0.0,0.0,E,8
07/09/2010,06:00,0.0,1320.579,0.0,1,8,0.0,1,8,0.0,1,8,0.0,1,8,0.0,1,8,0.0,1,8,-0.0,1,8,-9900,?,9,-9900,?,9,13.36,E,8,11.42,E,8,88.0,E,8,964.3861999999999,E,8,999.0,E,8,0.81,E,8,-9900,?,9,-9900,?,9,0.0,E,8,-9900,?,9,-9900,?,9,0.0,0.0,E,8
07/09/2010,07:00,10.555,1320.579,0.0,1,8,0.0,1,8,0.0,1,8,0.0,1,8,0.0,1,8,0.0,1,8,-0.0,1,8,-9900,?,9,-9900,?,9,13.07,E,8,11.32,E,8,89.0,E,8,964.3861999999999,E,8,999.0,E,8,0.99,E,8,-9900,?,9,-9900,?,9,0.0,E,8,-9900,?,9,-9900,?,9,0.0,0.0,E,8
07/09/2010,08:00,285.62,1320.579,29.28,1,8,0.0,1,8,29.28,1,8,3513.6,1,8,0.0,1,8,3220.8,1,8,43.342,1,8,-9900,?,9,-9900,?,9,12.77,E,8,11.22,E,8,90.0,E,8,964.3861999999999,E,8,999.0,E,8,0.92,E,8,-9900,?,9,-9900,?,9,0.0,E,8,-9900,?,9,-9900,?,9,0.0,0.0,E,8
07/09/2010,09:00,537.607,1320.579,158.1,1,8,16.339,1,8,151.458,1,8,18972.0,1,8,1552.184,1,8,16660.407,1,8,118.599,1,8,-9900,?,9,-9900,?,9,16.29,E,8,12.43,E,8,77.0,E,8,964.3861999999999,E,8,999.0,E,8,0.81,E,8,-9900,?,9,-9900,?,9,0.0,E,8,-9900,?,9,-9900,?,9,0.0,0.0,E,8
07/09/2010,10:00,741.163,1320.579,281.53,1,8,64.168,1,8,245.539,1,8,33783.6,1,8,6095.975,1,8,27009.306,1,8,139.347,1,8,-9900,?,9,-9900,?,9,18.64,E,8,13.19,E,8,70.0,E,8,964.3861999999999,E,8,999.0,E,8,0.83,E,8,-9900,?,9,-9900,?,9,0.0,E,8,-9900,?,9,-9900,?,9,0.0,0.0,E,8
07/09/2010,11:00,882.013,1320.579,376.76,1,8,93.204,1,8,314.532,1,8,45211.2,1,8,8854.376,1,8,34598.507,1,8,149.956,1,8,-9900,?,9,-9900,?,9,20.7,E,8,13.83,E,8,64.0,E,8,964.3861999999999,E,8,999.0,E,8,0.81,E,8,-9900,?,9,-9900,?,9,0.0,E,8,-9900,?,9,-9900,?,9,0.0,0.0,E,8
07/09/2010,12:00,950.47,1320.579,435.03,1,8,115.737,1,8,351.753,1,8,52203.6,1,8,10995.019,1,8,38692.777,1,8,155.608,1,8,-9900,?,9,-9900,?,9,22.38,E,8,14.34,E,8,60.0,E,8,964.3861999999999,E,8,999.0,E,8,1.04,E,8,-9900,?,9,-9900,?,9,0.0,E,8,-9900,?,9,-9900,?,9,0.0,0.0,E,8
07/09/2010,13:00,941.841,1320.579,451.72,1,8,140.391,1,8,351.621,1,8,54206.4,1,8,13337.178,1,8,38678.291,1,8,156.976,1,8,-9900,?,9,-9900,?,9,23.6,E,8,14.69,E,8,57.0,E,8,964.3861999999999,E,8,999.0,E,8,1.6,E,8,-9900,?,9,-9900,?,9,0.0,E,8,-9900,?,9,-9900,?,9,0.0,0.0,E,8
07/09/2010,14:00,856.716,1320.579,425.57,1,8,173.43,1,8,313.104,1,8,51068.4,1,8,16475.892,1,8,34441.415,1,8,153.689,1,8,-9900,?,9,-9900,?,9,24.34,E,8,14.91,E,8,55.0,E,8,964.3861999999999,E,8,999.0,E,8,2.7,E,8,-9900,?,9,-9900,?,9,0.0,E,8,-9900,?,9,-9900,?,9,0.0,0.0,E,8
07/09/2010,15:00,700.923,1320.579,358.57,1,8,219.266,1,8,242.277,1,8,43028.4,1,8,20830.242,1,8,26650.505,1,8,145.406,1,8,-9900,?,9,-9900,?,9,24.57,E,8,14.97,E,8,55.0,E,8,964.3861999999999,E,8,999.0,E,8,3.46,E,8,-9900,?,9,-9900,?,9,0.0,E,8,-9900,?,9,-9900,?,9,0.0,0.0,E,8
07/09/2010,16:00,485.195,1320.579,256.11,1,8,329.079,1,8,135.428,1,8,30733.2,1,8,31262.493,1,8,14897.071,1,8,117.548,1,8,-9900,?,9,-9900,?,9,24.16,E,8,14.86,E,8,56.0,E,8,964.3861999999999,E,8,999.0,E,8,2.4,E,8,-9900,?,9,-9900,?,9,0.0,E,8,-9900,?,9,-9900,?,9,0.0,0.0,E,8
07/09/2010,17:00,224.865,1320.579,128.38,1,8,361.006,1,8,67.481,1,8,15405.6,1,8,34295.574,1,8,7422.938,1,8,127.333,1,8,-9900,?,9,-9900,?,9,23.01,E,8,14.52,E,8,58.0,E,8,964.3861999999999,E,8,999.0,E,8,3.44,E,8,-9900,?,9,-9900,?,9,0.0,E,8,-9900,?,9,-9900,?,9,0.0,0.0,E,8
07/09/2010,18:00,0.0,1320.579,9.39,1,8,0.0,1,8,0.0,1,8,1126.8,1,8,0.0,1,8,0.0,1,8,-0.0,1,8,-9900,?,9,-9900,?,9,22.23,E,8,14.29,E,8,60.0,E,8,964.3861999999999,E,8,999.0,E,8,3.42,E,8,-9900,?,9,-9900,?,9,0.0,E,8,-9900,?,9,-9900,?,9,0.0,0.0,E,8
07/09/2010,19:00,0.0,1320.579,0.0,1,8,0.0,1,8,0.0,1,8,0.0,1,8,0.0,1,8,0.0,1,8,-0.0,1,8,-9900,?,9,-9900,?,9,21.44,E,8,14.06,E,8,62.0,E,8,964.3861999999999,E,8,999.0,E,8,1.66,E,8,-9900,?,9,-9900,?,9,0.0,E,8,-9900,?,9,-9900,?,9,0.0,0.0,E,8
07/09/2010,20:00,0.0,1320.579,0.0,1,8,0.0,1,8,0.0,1,8,0.0,1,8,0.0,1,8,0.0,1,8,-0.0,1,8,-9900,?,9,-9900,?,9,20.65,E,8,13.82,E,8,64.0,E,8,964.3861999999999,E,8,999.0,E,8,1.59,E,8,-9900,?,9,-9900,?,9,0.0,E,8,-9900,?,9,-9900,?,9,0.0,0.0,E,8
07/09/2010,21:00,0.0,1320.579,0.0,1,8,0.0,1,8,0.0,1,8,0.0,1,8,0.0,1,8,0.0,1,8,-0.0,1,8,-9900,?,9,-9900,?,9,19.87,E,8,13.58,E,8,67.0,E,8,964.3861999999999,E,8,999.0,E,8,1.63,E,8,-9900,?,9,-9900,?,9,0.0,E,8,-9900,?,9,-9900,?,9,0.0,0.0,E,8
07/09/2010,22:00,0.0,1320.579,0.0,1,8,0.0,1,8,0.0,1,8,0.0,1,8,0.0,1,8,0.0,1,8,-0.0,1,8,-9900,?,9,-9900,?,9,19.08,E,8,13.33,E,8,69.0,E,8,964.3861999999999,E,8,999.0,E,8,1.63,E,8,-9900,?,9,-9900,?,9,0.0,E,8,-9900,?,9,-9900,?,9,0.0,0.0,E,8
07/09/2010,23:00,0.0,1320.579,0.0,1,8,0.0,1,8,0.0,1,8,0.0,1,8,0.0,1,8,0.0,1,8,-0.0,1,8,-9900,?,9,-9900,?,9,18.3,E,8,13.08,E,8,71.0,E,8,964.3861999999999,E,8,999.0,E,8,1.3,E,8,-9900,?,9,-9900,?,9,0.0,E,8,-9900,?,9,-9900,?,9,0.0,0.0,E,8
07/09/2010,24:00,0.0,1320.579,0.0,1,8,0.0,1,8,0.0,1,8,0.0,1,8,0.0,1,8,0.0,1,8,-0.0,1,8,-9900,?,9,-9900,?,9,17.51,E,8,14.12,E,8,80.0,E,8,964.3861999999999,E,8,999.0,E,8,1.01,E,8,-9900,?,9,-9900,?,9,0.0,E,8,-9900,?,9,-9900,?,9,0.0,0.0,E,8
07/10/2010,01:00,0.0,1320.579,0.0,1,8,0.0,1,8,0.0,1,8,0.0,1,8,0.0,1,8,0.0,1,8,-0.0,1,8,-9900,?,9,-9900,?,9,17.12,E,8,13.99,E,8,81.0,E,8,964.3861999999999,E,8,999.0,E,8,0.93,E,8,-9900,?,9,-9900,?,9,0.0,E,8,-9900,?,9,-9900,?,9,0.0,0.0,E,8
07/10/2010,02:00,0.0,1320.579,0.0,1,8,0.0,1,8,0.0,1,8,0.0,1,8,0.0,1,8,0.0,1,8,-0.0,1,8,-9900,?,9,-9900,?,9,16.73,E,8,13.86,E,8,83.0,E,8,964.3861999999999,E,8,999.0,E,8,0.93,E,8,-9900,?,9,-9900,?,9,0.0,E,8,-9900,?,9,-9900,?,9,0.0,0.0,E,8
07/10/2010,03:00,0.0,1320.579,0.0,1,8,0.0,1,8,0.0,1,8,0.0,1,8,0.0,1,8,0.0,1,8,-0.0,1,8,-9900,?,9,-9900,?,9,16.33,E,8,13.73,E,8,84.0,E,8,964.3861999999999,E,8,999.0,E,8,0.93,E,8,-9900,?,9,-9900,?,9,0.0,E,8,-9900,?,9,-9900,?,9,0.0,0.0,E,8
07/10/2010,04:00,0.0,1320.641,0.0,1,8,0.0,1,8,0.0,1,8,0.0,1,8,0.0,1,8,0.0,1,8,-0.0,1,8,-9900,?,9,-9900,?,9,15.94,E,8,13.6,E,8,85.0,E,8,964.3861999999999,E,8,999.0,E,8,0.93,E,8,-9900,?,9,-9900,?,9,0.0,E,8,-9900,?,9,-9900,?,9,0.0,0.0,E,8
07/10/2010,05:00,0.0,1320.641,0.0,1,8,0.0,1,8,0.0,1,8,0.0,1,8,0.0,1,8,0.0,1,8,-0.0,1,8,-9900,?,9,-9900,?,9,15.55,E,8,13.46,E,8,87.0,E,8,964.3861999999999,E,8,999.0,E,8,0.93,E,8,-9900,?,9,-9900,?,9,0.0,E,8,-9900,?,9,-9900,?,9,0.0,0.0,E,8
07/10/2010,06:00,0.0,1320.641,0.0,1,8,0.0,1,8,0.0,1,8,0.0,1,8,0.0,1,8,0.0,1,8,-0.0,1,8,-9900,?,9,-9900,?,9,15.24,E,8,13.36,E,8,88.0,E,8,964.3861999999999,E,8,999.0,E,8,0.93,E,8,-9900,?,9,-9900,?,9,0.0,E,8,-9900,?,9,-9900,?,9,0.0,0.0,E,8
07/10/2010,07:00,10.878,1320.641,0.0,1,8,0.0,1,8,0.0,1,8,0.0,1,8,0.0,1,8,0.0,1,8,-0.0,1,8,-9900,?,9,-9900,?,9,14.99,E,8,13.27,E,8,89.0,E,8,964.3861999999999,E,8,999.0,E,8,0.93,E,8,-9900,?,9,-9900,?,9,0.0,E,8,-9900,?,9,-9900,?,9,0.0,0.0,E,8
07/10/2010,08:00,286.314,1320.641,31.37,1,8,0.0,1,8,31.37,1,8,3764.4,1,8,0.0,1,8,3450.7,1,8,46.324,1,8,-9900,?,9,-9900,?,9,14.73,E,8,13.18,E,8,90.0,E,8,964.3861999999999,E,8,999.0,E,8,0.93,E,8,-9900,?,9,-9900,?,9,0.0,E,8,-9900,?,9,-9900,?,9,0.0,0.0,E,8
07/10/2010,09:00,538.642,1320.641,168.32,1,8,23.859,1,8,158.603,1,8,20198.4,1,8,2266.56,1,8,17446.349,1,8,123.96,1,8,-9900,?,9,-9900,?,9,18.0,E,8,14.28,E,8,78.0,E,8,964.3861999999999,E,8,999.0,E,8,0.93,E,8,-9900,?,9,-9900,?,9,0.0,E,8,-9900,?,9,-9900,?,9,0.0,0.0,E,8
07/10/2010,10:00,742.53,1320.641,299.39,1,8,82.524,1,8,253.02,1,8,35926.8,1,8,7839.824,1,8,27832.205,1,8,143.335,1,8,-9900,?,9,-9900,?,9,20.18,E,8,14.98,E,8,72.0,E,8,964.3861999999999,E,8,999.0,E,8,0.93,E,8,-9900,?,9,-9900,?,9,0.0,E,8,-9900,?,9,-9900,?,9,0.0,0.0,E,8
07/10/2010,11:00,883.683,1320.641,400.54,1,8,118.19,1,8,321.484,1,8,48064.8,1,8,11228.026,1,8,35363.251,1,8,152.987,1,8,-9900,?,9,-9900,?,9,22.09,E,8,15.57,E,8,66.0,E,8,964.3861999999999,E,8,999.0,E,8,1.36,E,8,-9900,?,9,-9900,?,9,0.0,E,8,-9900,?,9,-9900,?,9,0.0,0.0,E,8
07/10/2010,12:00,952.393,1320.641,462.47,1,8,146.085,1,8,357.148,1,8,55496.4,1,8,13878.033,1,8,39286.311,1,8,157.683,1,8,-9900,?,9,-9900,?,9,23.65,E,8,16.03,E,8,62.0,E,8,964.3861999999999,E,8,999.0,E,8,2.26,E,8,-9900,?,9,-9900,?,9,0.0,E,8,-9900,?,9,-9900,?,9,0.0,0.0,E,8
07/10/2010,13:00,943.95,1320.641,480.29,1,8,176.483,1,8,354.181,1,8,57634.8,1,8,16765.92,1,8,38959.918,1,8,157.773,1,8,-9900,?,9,-9900,?,9,24.79,E,8,16.36,E,8,59.0,E,8,964.3861999999999,E,8,999.0,E,8,1.59,E,8,-9900,?,9,-9900,?,9,0.0,E,8,-9900,?,9,-9900,?,9,0.0,0.0,E,8
07/10/2010,14:00,858.93,1320.641,452.66,1,8,216.656,1,8,311.806,1,8,54319.2,1,8,20582.331,1,8,34298.642,1,8,152.664,1,8,-9900,?,9,-9900,?,9,25.47,E,8,16.56,E,8,57.0,E,8,964.3861999999999,E,8,999.0,E,8,2.9,E,8,-9900,?,9,-9900,?,9,0.0,E,8,-9900,?,9,-9900,?,9,0.0,0.0,E,8
07/10/2010,15:00,703.155,1320.641,381.67,1,8,325.89,1,8,208.284,1,8,45800.4,1,8,30959.526,1,8,22911.194,1,8,124.612,1,8,-9900,?,9,-9900,?,9,25.69,E,8,16.62,E,8,57.0,E,8,964.3861999999999,E,8,999.0,E,8,3.69,E,8,-9900,?,9,-9900,?,9,0.0,E,8,-9900,?,9,-9900,?,9,0.0,0.0,E,8
07/10/2010,16:00,487.354,1320.641,273.02,1,8,398.461,1,8,126.248,1,8,32762.4,1,8,37853.787,1,8,13887.245,1,8,109.098,1,8,-9900,?,9,-9900,?,9,25.31,E,8,16.51,E,8,58.0,E,8,964.3861999999999,E,8,999.0,E,8,3.03,E,8,-9900,?,9,-9900,?,9,0.0,E,8,-9900,?,9,-9900,?,9,0.0,0.0,E,8
07/10/2010,17:00,226.858,1320.641,137.45,1,8,403.225,1,8,68.819,1,8,16494.0,1,8,38306.416,1,8,7570.067,1,8,128.701,1,8,-9900,?,9,-9900,?,9,24.25,E,8,16.21,E,8,60.0,E,8,964.3861999999999,E,8,999.0,E,8,1.91,E,8,-9900,?,9,-9900,?,9,0.0,E,8,-9900,?,9,-9900,?,9,0.0,0.0,E,8
07/10/2010,18:00,0.0,1320.641,10.49,1,8,0.0,1,8,0.0,1,8,1258.8,1,8,0.0,1,8,0.0,1,8,-0.0,1,8,-9900,?,9,-9900,?,9,23.38,E,8,15.95,E,8,63.0,E,8,964.3861999999999,E,8,999.0,E,8,1.93,E,8,-9900,?,9,-9900,?,9,0.0,E,8,-9900,?,9,-9900,?,9,0.0,0.0,E,8
07/10/2010,19:00,0.0,1320.641,0.0,1,8,0.0,1,8,0.0,1,8,0.0,1,8,0.0,1,8,0.0,1,8,-0.0,1,8,-9900,?,9,-9900,?,9,22.52,E,8,15.7,E,8,65.0,E,8,964.3861999999999,E,8,999.0,E,8,1.39,E,8,-9900,?,9,-9900,?,9,0.0,E,8,-9900,?,9,-9900,?,9,0.0,0.0,E,8
07/10/2010,20:00,0.0,1320.641,0.0,1,8,0.0,1,8,0.0,1,8,0.0,1,8,0.0,1,8,0.0,1,8,-0.0,1,8,-9900,?,9,-9900,?,9,21.65,E,8,15.43,E,8,67.0,E,8,964.3861999999999,E,8,999.0,E,8,0.93,E,8,-9900,?,9,-9900,?,9,0.0,E,8,-9900,?,9,-9900,?,9,0.0,0.0,E,8
07/10/2010,21:00,0.0,1320.641,0.0,1,8,0.0,1,8,0.0,1,8,0.0,1,8,0.0,1,8,0.0,1,8,-0.0,1,8,-9900,?,9,-9900,?,9,20.78,E,8,15.17,E,8,70.0,E,8,964.3861999999999,E,8,999.0,E,8,1.3,E,8,-9900,?,9,-9900,?,9,0.0,E,8,-9900,?,9,-9900,?,9,0.0,0.0,E,8
07/10/2010,22:00,0.0,1320.641,0.0,1,8,0.0,1,8,0.0,1,8,0.0,1,8,0.0,1,8,0.0,1,8,-0.0,1,8,-9900,?,9,-9900,?,9,19.92,E,8,14.9,E,8,72.0,E,8,964.3861999999999,E,8,999.0,E,8,0.93,E,8,-9900,?,9,-9900,?,9,0.0,E,8,-9900,?,9,-9900,?,9,0.0,0.0,E,8
07/10/2010,23:00,0.0,1320.641,0.0,1,8,0.0,1,8,0.0,1,8,0.0,1,8,0.0,1,8,0.0,1,8,-0.0,1,8,-9900,?,9,-9900,?,9,19.05,E,8,14.62,E,8,75.0,E,8,964.3861999999999,E,8,999.0,E,8,0.93,E,8,-9900,?,9,-9900,?,9,0.0,E,8,-9900,?,9,-9900,?,9,0.0,0.0,E,8
07/10/2010,24:00,0.0,1320.641,0.0,1,8,0.0,1,8,0.0,1,8,0.0,1,8,0.0,1,8,0.0,1,8,-0.0,1,8,-9900,?,9,-9900,?,9,18.18,E,8,13.62,E,8,74.0,E,8,964.3861999999999,E,8,999.0,E,8,1.01,E,8,-9900,?,9,-9900,?,9,0.0,E,8,-9900,?,9,-9900,?,9,0.0,0.0,E,8
07/11/2010,01:00,0.0,1320.641,0.0,1,8,0.0,1,8,0.0,1,8,0.0,1,8,0.0,1,8,0.0,1,8,-0.0,1,8,-9900,?,9,-9900,?,9,17.75,E,8,13.58,E,8,76.0,E,8,964.3861999999999,E,8,999.0,E,8,1.01,E,8,-9900,?,9,-9900,?,9,0.0,E,8,-9900,?,9,-9900,?,9,0.0,0.0,E,8
07/11/2010,02:00,0.0,1320.641,0.0,1,8,0.0,1,8,0.0,1,8,0.0,1,8,0.0,1,8,0.0,1,8,-0.0,1,8,-9900,?,9,-9900,?,9,17.32,E,8,13.54,E,8,78.0,E,8,964.3861999999999,E,8,999.0,E,8,1.01,E,8,-9900,?,9,-9900,?,9,0.0,E,8,-9900,?,9,-9900,?,9,0.0,0.0,E,8
07/11/2010,03:00,0.0,1320.641,0.0,1,8,0.0,1,8,0.0,1,8,0.0,1,8,0.0,1,8,0.0,1,8,-0.0,1,8,-9900,?,9,-9900,?,9,16.89,E,8,13.49,E,8,80.0,E,8,964.3861999999999,E,8,999.0,E,8,1.01,E,8,-9900,?,9,-9900,?,9,0.0,E,8,-9900,?,9,-9900,?,9,0.0,0.0,E,8
07/11/2010,04:00,0.0,1320.716,0.0,1,8,0.0,1,8,0.0,1,8,0.0,1,8,0.0,1,8,0.0,1,8,-0.0,1,8,-9900,?,9,-9900,?,9,16.45,E,8,13.45,E,8,82.0,E,8,964.3861999999999,E,8,999.0,E,8,1.01,E,8,-9900,?,9,-9900,?,9,0.0,E,8,-9900,?,9,-9900,?,9,0.0,0.0,E,8
07/11/2010,05:00,0.0,1320.716,0.0,1,8,0.0,1,8,0.0,1,8,0.0,1,8,0.0,1,8,0.0,1,8,-0.0,1,8,-9900,?,9,-9900,?,9,16.02,E,8,13.41,E,8,84.0,E,8,964.3861999999999,E,8,999.0,E,8,1.01,E,8,-9900,?,9,-9900,?,9,0.0,E,8,-9900,?,9,-9900,?,9,0.0,0.0,E,8
07/11/2010,06:00,0.0,1320.716,0.0,1,8,0.0,1,8,0.0,1,8,0.0,1,8,0.0,1,8,0.0,1,8,-0.0,1,8,-9900,?,9,-9900,?,9,15.68,E,8,13.37,E,8,86.0,E,8,964.3861999999999,E,8,999.0,E,8,1.01,E,8,-9900,?,9,-9900,?,9,0.0,E,8,-9900,?,9,-9900,?,9,0.0,0.0,E,8
07/11/2010,07:00,11.278,1320.716,0.0,1,8,0.0,1,8,0.0,1,8,0.0,1,8,0.0,1,8,0.0,1,8,0.0,1,8,-9900,?,9,-9900,?,9,15.4,E,8,13.34,E,8,87.0,E,8,964.3861999999999,E,8,999.0,E,8,1.01,E,8,-9900,?,9,-9900,?,9,0.0,E,8,-9900,?,9,-9900,?,9,0.0,0.0,E,8
07/11/2010,08:00,287.111,1320.716,34.37,1,8,0.0,1,8,34.37,1,8,4124.4,1,8,0.0,1,8,3780.7,1,8,50.615,1,8,-9900,?,9,-9900,?,9,15.11,E,8,13.32,E,8,89.0,E,8,964.3861999999999,E,8,999.0,E,8,1.01,E,8,-9900,?,9,-9900,?,9,0.0,E,8,-9900,?,9,-9900,?,9,0.0,0.0,E,8
07/11/2010,09:00,539.787,1320.716,145.91,1,8,8.348,1,8,142.503,1,8,17509.2,1,8,793.041,1,8,15675.346,1,8,111.146,1,8,-9900,?,9,-9900,?,9,17.41,E,8,13.54,E,8,78.0,E,8,964.3861999999999,E,8,999.0,E,8,1.01,E,8,-9900,?,9,-9900,?,9,0.0,E,8,-9900,?,9,-9900,?,9,0.0,0.0,E,8
07/11/2010,10:00,744.012,1320.716,288.15,1,8,75.044,1,8,245.902,1,8,34578.0,1,8,7129.14,1,8,27049.178,1,8,139.032,1,8,-9900,?,9,-9900,?,9,19.1,E,8,13.71,E,8,70.0,E,8,964.3861999999999,E,8,999.0,E,8,1.01,E,8,-9900,?,9,-9900,?,9,0.0,E,8,-9900,?,9,-9900,?,9,0.0,0.0,E,8
07/11/2010,11:00,885.467,1320.716,392.29,1,8,113.797,1,8,316.023,1,8,47074.8,1,8,10810.724,1,8,34762.503,1,8,150.093,1,8,-9900,?,9,-9900,?,9,20.6,E,8,13.86,E,8,65.0,E,8,964.3861999999999,E,8,999.0,E,8,1.01,E,8,-9900,?,9,-9900,?,9,0.0,E,8,-9900,?,9,-9900,?,9,0.0,0.0,E,8
07/11/2010,12:00,954.425,1320.716,574.98,1,8,349.268,1,8,322.647,1,8,68997.6,1,8,33180.499,1,8,35491.119,1,8,142.155,1,8,-9900,?,9,-9900,?,9,22.44,E,8,14.03,E,8,58.0,E,8,964.3861999999999,E,8,999.0,E,8,1.01,E,8,-9900,?,9,-9900,?,9,0.0,E,8,-9900,?,9,-9900,?,9,0.0,0.0,E,8
07/11/2010,13:00,946.158,1320.716,602.09,1,8,464.761,1,8,269.229,1,8,72250.8,1,8,44152.285,1,8,29615.196,1,8,119.657,1,8,-9900,?,9,-9900,?,9,23.78,E,8,14.16,E,8,54.0,E,8,964.3861999999999,E,8,999.0,E,8,1.01,E,8,-9900,?,9,-9900,?,9,0.0,E,8,-9900,?,9,-9900,?,9,0.0,0.0,E,8
07/11/2010,14:00,861.23,1320.716,605.53,1,8,659.768,1,8,175.471,1,8,72663.6,1,8,62677.927,1,8,19301.781,1,8,85.688,1,8,-9900,?,9,-9900,?,9,24.74,E,8,14.25,E,8,52.0,E,8,964.3861999999999,E,8,999.0,E,8,1.83,E,8,-9900,?,9,-9900,?,9,0.0,E,8,-9900,?,9,-9900,?,9,0.0,0.0,E,8
07/11/2010,15:00,705.457,1320.716,541.43,1,8,663.996,1,8,187.019,1,8,64971.6,1,8,63079.586,1,8,20572.052,1,8,111.53,1,8,-9900,?,9,-9900,?,9,25.27,E,8,14.3,E,8,50.0,E,8,964.3861999999999,E,8,999.0,E,8,2.78,E,8,-9900,?,9,-9900,?,9,0.0,E,8,-9900,?,9,-9900,?,9,0.0,0.0,E,8
07/11/2010,16:00,489.567,1320.716,396.69,1,8,621.997,1,8,166.547,1,8,47602.8,1,8,59089.735,1,8,18320.159,1,8,143.277,1,8,-9900,?,9,-9900,?,9,25.26,E,8,14.3,E,8,50.0,E,8,964.3861999999999,E,8,999.0,E,8,2.57,E,8,-9900,?,9,-9900,?,9,0.0,E,8,-9900,?,9,-9900,?,9,0.0,0.0,E,8
07/11/2010,17:00,228.887,1320.716,205.3,1,8,456.083,1,8,126.97,1,8,24636.0,1,8,43327.895,1,8,13966.675,1,8,235.323,1,8,-9900,?,9,-9900,?,9,24.43,E,8,14.22,E,8,52.0,E,8,964.3861999999999,E,8,999.0,E,8,2.22,E,8,-9900,?,9,-9900,?,9,0.0,E,8,-9900,?,9,-9900,?,9,0.0,0.0,E,8
07/11/2010,18:00,0.0,1320.716,8.69,1,8,0.0,1,8,0.0,1,8,1042.8,1,8,0.0,1,8,0.0,1,8,-0.0,1,8,-9900,?,9,-9900,?,9,23.56,E,8,14.14,E,8,55.0,E,8,964.3861999999999,E,8,999.0,E,8,2.28,E,8,-9900,?,9,-9900,?,9,0.0,E,8,-9900,?,9,-9900,?,9,0.0,0.0,E,8
07/11/2010,19:00,0.0,1320.716,0.0,1,8,0.0,1,8,0.0,1,8,0.0,1,8,0.0,1,8,0.0,1,8,-0.0,1,8,-9900,?,9,-9900,?,9,22.69,E,8,14.06,E,8,58.0,E,8,964.3861999999999,E,8,999.0,E,8,1.76,E,8,-9900,?,9,-9900,?,9,0.0,E,8,-9900,?,9,-9900,?,9,0.0,0.0,E,8
07/11/2010,20:00,0.0,1320.716,0.0,1,8,0.0,1,8,0.0,1,8,0.0,1,8,0.0,1,8,0.0,1,8,-0.0,1,8,-9900,?,9,-9900,?,9,21.82,E,8,13.97,E,8,61.0,E,8,964.3861999999999,E,8,999.0,E,8,1.01,E,8,-9900,?,9,-9900,?,9,0.0,E,8,-9900,?,9,-9900,?,9,0.0,0.0,E,8
07/11/2010,21:00,0.0,1320.716,0.0,1,8,0.0,1,8,0.0,1,8,0.0,1,8,0.0,1,8,0.0,1,8,-0.0,1,8,-9900,?,9,-9900,?,9,20.95,E,8,13.89,E,8,64.0,E,8,964.3861999999999,E,8,999.0,E,8,1.01,E,8,-9900,?,9,-9900,?,9,0.0,E,8,-9900,?,9,-9900,?,9,0.0,0.0,E,8
07/11/2010,22:00,0.0,1320.716,0.0,1,8,0.0,1,8,0.0,1,8,0.0,1,8,0.0,1,8,0.0,1,8,-0.0,1,8,-9900,?,9,-9900,?,9,20.08,E,8,13.81,E,8,67.0,E,8,964.3861999999999,E,8,999.0,E,8,1.01,E,8,-9900,?,9,-9900,?,9,0.0,E,8,-9900,?,9,-9900,?,9,0.0,0.0,E,8
07/11/2010,23:00,0.0,1320.716,0.0,1,8,0.0,1,8,0.0,1,8,0.0,1,8,0.0,1,8,0.0,1,8,-0.0,1,8,-9900,?,9,-9900,?,9,19.2,E,8,13.72,E,8,70.0,E,8,964.3861999999999,E,8,999.0,E,8,1.01,E,8,-9900,?,9,-9900,?,9,0.0,E,8,-9900,?,9,-9900,?,9,0.0,0.0,E,8
07/11/2010,24:00,0.0,1320.716,0.0,1,8,0.0,1,8,0.0,1,8,0.0,1,8,0.0,1,8,0.0,1,8,-0.0,1,8,-9900,?,9,-9900,?,9,18.33,E,8,15.21,E,8,81.0,E,8,964.3861999999999,E,8,999.0,E,8,1.4,E,8,-9900,?,9,-9900,?,9,0.0,E,8,-9900,?,9,-9900,?,9,0.0,0.0,E,8
07/12/2010,01:00,0.0,1320.716,0.0,1,8,0.0,1,8,0.0,1,8,0.0,1,8,0.0,1,8,0.0,1,8,-0.0,1,8,-9900,?,9,-9900,?,9,17.9,E,8,15.2,E,8,83.0,E,8,964.3861999999999,E,8,999.0,E,8,2.37,E,8,-9900,?,9,-9900,?,9,0.0,E,8,-9900,?,9,-9900,?,9,0.0,0.0,E,8
07/12/2010,02:00,0.0,1320.716,0.0,1,8,0.0,1,8,0.0,1,8,0.0,1,8,0.0,1,8,0.0,1,8,-0.0,1,8,-9900,?,9,-9900,?,9,17.46,E,8,15.19,E,8,86.0,E,8,964.3861999999999,E,8,999.0,E,8,2.32,E,8,-9900,?,9,-9900,?,9,0.0,E,8,-9900,?,9,-9900,?,9,0.0,0.0,E,8
07/12/2010,03:00,0.0,1320.716,0.0,1,8,0.0,1,8,0.0,1,8,0.0,1,8,0.0,1,8,0.0,1,8,-0.0,1,8,-9900,?,9,-9900,?,9,17.03,E,8,15.18,E,8,88.0,E,8,964.3861999999999,E,8,999.0,E,8,2.17,E,8,-9900,?,9,-9900,?,9,0.0,E,8,-9900,?,9,-9900,?,9,0.0,0.0,E,8
07/12/2010,04:00,0.0,1320.804,0.0,1,8,0.0,1,8,0.0,1,8,0.0,1,8,0.0,1,8,0.0,1,8,-0.0,1,8,-9900,?,9,-9900,?,9,16.59,E,8,15.17,E,8,91.0,E,8,964.3861999999999,E,8,999.0,E,8,1.98,E,8,-9900,?,9,-9900,?,9,0.0,E,8,-9900,?,9,-9900,?,9,0.0,0.0,E,8
07/12/2010,05:00,0.0,1320.804,0.0,1,8,0.0,1,8,0.0,1,8,0.0,1,8,0.0,1,8,0.0,1,8,-0.0,1,8,-9900,?,9,-9900,?,9,16.16,E,8,15.16,E,8,93.0,E,8,964.3861999999999,E,8,999.0,E,8,2.25,E,8,-9900,?,9,-9900,?,9,0.0,E,8,-9900,?,9,-9900,?,9,0.0,0.0,E,8
07/12/2010,06:00,0.0,1320.804,0.0,1,8,0.0,1,8,0.0,1,8,0.0,1,8,0.0,1,8,0.0,1,8,-0.0,1,8,-9900,?,9,-9900,?,9,15.82,E,8,15.16,E,8,95.0,E,8,964.3861999999999,E,8,999.0,E,8,2.01,E,8,-9900,?,9,-9900,?,9,0.0,E,8,-9900,?,9,-9900,?,9,0.0,0.0,E,8
07/12/2010,07:00,11.758,1320.804,0.0,1,8,0.0,1,8,0.0,1,8,0.0,1,8,0.0,1,8,0.0,1,8,0.0,1,8,-9900,?,9,-9900,?,9,15.54,E,8,15.15,E,8,97.0,E,8,964.3861999999999,E,8,999.0,E,8,2.06,E,8,-9900,?,9,-9900,?,9,0.0,E,8,-9900,?,9,-9900,?,9,0.0,0.0,E,8
07/12/2010,08:00,288.01,1320.804,16.53,1,8,0.0,1,8,16.53,1,8,1983.6,1,8,0.0,1,8,1818.3,1,8,24.268,1,8,-9900,?,9,-9900,?,9,15.25,E,8,15.14,E,8,99.0,E,8,964.3861999999999,E,8,999.0,E,8,2.24,E,8,-9900,?,9,-9900,?,9,0.0,E,8,-9900,?,9,-9900,?,9,0.0,0.0,E,8
07/12/2010,09:00,541.043,1320.804,87.34,1,8,0.0,1,8,87.34,1,8,10480.8,1,8,0.0,1,8,9607.4,1,8,67.967,1,8,-9900,?,9,-9900,?,9,17.68,E,8,15.2,E,8,85.0,E,8,964.3861999999999,E,8,999.0,E,8,2.04,E,8,-9900,?,9,-9900,?,9,0.0,E,8,-9900,?,9,-9900,?,9,0.0,0.0,E,8
07/12/2010,10:00,745.608,1320.804,154.97,1,8,0.662,1,8,154.597,1,8,18596.4,1,8,62.846,1,8,17005.647,1,8,87.227,1,8,-9900,?,9,-9900,?,9,19.29,E,8,15.24,E,8,76.0,E,8,964.3861999999999,E,8,999.0,E,8,1.75,E,8,-9900,?,9,-9900,?,9,0.0,E,8,-9900,?,9,-9900,?,9,0.0,0.0,E,8
07/12/2010,11:00,887.364,1320.804,207.17,1,8,3.675,1,8,204.702,1,8,24860.4,1,8,349.107,1,8,22517.221,1,8,97.021,1,8,-9900,?,9,-9900,?,9,20.71,E,8,15.27,E,8,75.0,E,8,964.3861999999999,E,8,999.0,E,8,2.11,E,8,-9900,?,9,-9900,?,9,0.001,E,8,-9900,?,9,-9900,?,9,0.01,99.0,E,8
07/12/2010,12:00,956.564,1320.804,239.17,1,8,6.514,1,8,234.454,1,8,28700.4,1,8,618.8,1,8,25789.924,1,8,103.074,1,8,-9900,?,9,-9900,?,9,21.85,E,8,15.29,E,8,70.0,E,8,964.3861999999999,E,8,999.0,E,8,1.79,E,8,-9900,?,9,-9900,?,9,0.011,E,8,-9900,?,9,-9900,?,9,0.11,99.0,E,8
07/12/2010,13:00,948.464,1320.804,248.46,1,8,7.54,1,8,243.047,1,8,29815.2,1,8,716.328,1,8,26735.152,1,8,107.765,1,8,-9900,?,9,-9900,?,9,22.69,E,8,15.31,E,8,62.0,E,8,964.3861999999999,E,8,999.0,E,8,1.11,E,8,-9900,?,9,-9900,?,9,0.0,E,8,-9900,?,9,-9900,?,9,0.0,0.0,E,8
07/12/2010,14:00,863.615,1320.804,234.34,1,8,6.625,1,8,230.01,1,8,28120.8,1,8,629.387,1,8,25301.081,1,8,112.017,1,8,-9900,?,9,-9900,?,9,23.2,E,8,15.33,E,8,70.0,E,8,964.3861999999999,E,8,999.0,E,8,1.21,E,8,-9900,?,9,-9900,?,9,0.28300000000000003,E,8,-9900,?,9,-9900,?,9,2.83,99.0,E,8
07/12/2010,15:00,707.828,1320.804,197.86,1,8,8.804,1,8,193.145,1,8,23743.2,1,8,836.407,1,8,21245.966,1,8,114.805,1,8,-9900,?,9,-9900,?,9,23.36,E,8,15.33,E,8,64.0,E,8,964.3861999999999,E,8,999.0,E,8,2.04,E,8,-9900,?,9,-9900,?,9,0.002,E,8,-9900,?,9,-9900,?,9,0.02,99.0,E,8
07/12/2010,16:00,491.832,1320.804,141.96,1,8,14.688,1,8,136.5,1,8,17035.2,1,8,1395.363,1,8,15015.049,1,8,116.894,1,8,-9900,?,9,-9900,?,9,23.09,E,8,15.32,E,8,60.0,E,8,964.3861999999999,E,8,999.0,E,8,2.1,E,8,-9900,?,9,-9900,?,9,0.0,E,8,-9900,?,9,-9900,?,9,0.0,0.0,E,8
07/12/2010,17:00,230.95,1320.804,72.09,1,8,40.223,1,8,65.119,1,8,8650.8,1,8,3821.155,1,8,7163.092,1,8,119.601,1,8,-9900,?,9,-9900,?,9,22.31,E,8,15.31,E,8,63.0,E,8,964.3861999999999,E,8,999.0,E,8,2.15,E,8,-9900,?,9,-9900,?,9,0.0,E,8,-9900,?,9,-9900,?,9,0.0,0.0,E,8
07/12/2010,18:00,0.0,1320.804,5.99,1,8,0.0,1,8,0.0,1,8,718.8,1,8,0.0,1,8,0.0,1,8,-0.0,1,8,-9900,?,9,-9900,?,9,21.57,E,8,15.29,E,8,71.0,E,8,964.3861999999999,E,8,999.0,E,8,2.32,E,8,-9900,?,9,-9900,?,9,0.004,E,8,-9900,?,9,-9900,?,9,0.04,99.0,E,8
07/12/2010,19:00,0.0,1320.804,0.0,1,8,0.0,1,8,0.0,1,8,0.0,1,8,0.0,1,8,0.0,1,8,-0.0,1,8,-9900,?,9,-9900,?,9,20.83,E,8,15.27,E,8,69.0,E,8,964.3861999999999,E,8,999.0,E,8,1.97,E,8,-9900,?,9,-9900,?,9,0.0,E,8,-9900,?,9,-9900,?,9,0.0,0.0,E,8
07/12/2010,20:00,0.0,1320.804,0.0,1,8,0.0,1,8,0.0,1,8,0.0,1,8,0.0,1,8,0.0,1,8,-0.0,1,8,-9900,?,9,-9900,?,9,20.09,E,8,15.25,E,8,73.0,E,8,964.3861999999999,E,8,999.0,E,8,1.92,E,8,-9900,?,9,-9900,?,9,0.0,E,8,-9900,?,9,-9900,?,9,0.0,0.0,E,8
07/12/2010,21:00,0.0,1320.804,0.0,1,8,0.0,1,8,0.0,1,8,0.0,1,8,0.0,1,8,0.0,1,8,-0.0,1,8,-9900,?,9,-9900,?,9,19.36,E,8,15.24,E,8,76.0,E,8,964.3861999999999,E,8,999.0,E,8,2.8,E,8,-9900,?,9,-9900,?,9,0.0,E,8,-9900,?,9,-9900,?,9,0.0,0.0,E,8
07/12/2010,22:00,0.0,1320.804,0.0,1,8,0.0,1,8,0.0,1,8,0.0,1,8,0.0,1,8,0.0,1,8,-0.0,1,8,-9900,?,9,-9900,?,9,18.62,E,8,15.22,E,8,80.0,E,8,964.3861999999999,E,8,999.0,E,8,1.78,E,8,-9900,?,9,-9900,?,9,0.0,E,8,-9900,?,9,-9900,?,9,0.0,0.0,E,8
07/12/2010,23:00,0.0,1320.804,0.0,1,8,0.0,1,8,0.0,1,8,0.0,1,8,0.0,1,8,0.0,1,8,-0.0,1,8,-9900,?,9,-9900,?,9,17.88,E,8,15.2,E,8,83.0,E,8,964.3861999999999,E,8,999.0,E,8,1.19,E,8,-9900,?,9,-9900,?,9,0.0,E,8,-9900,?,9,-9900,?,9,0.0,0.0,E,8
07/12/2010,24:00,0.0,1320.804,0.0,1,8,0.0,1,8,0.0,1,8,0.0,1,8,0.0,1,8,0.0,1,8,-0.0,1,8,-9900,?,9,-9900,?,9,17.14,E,8,13.04,E,8,76.0,E,8,964.3861999999999,E,8,999.0,E,8,1.28,E,8,-9900,?,9,-9900,?,9,0.0,E,8,-9900,?,9,-9900,?,9,0.0,0.0,E,8
07/13/2010,01:00,0.0,1320.804,0.0,1,8,0.0,1,8,0.0,1,8,0.0,1,8,0.0,1,8,0.0,1,8,-0.0,1,8,-9900,?,9,-9900,?,9,16.77,E,8,12.95,E,8,78.0,E,8,964.3861999999999,E,8,999.0,E,8,1.28,E,8,-9900,?,9,-9900,?,9,0.0,E,8,-9900,?,9,-9900,?,9,0.0,0.0,E,8
07/13/2010,02:00,0.0,1320.804,0.0,1,8,0.0,1,8,0.0,1,8,0.0,1,8,0.0,1,8,0.0,1,8,-0.0,1,8,-9900,?,9,-9900,?,9,16.41,E,8,12.86,E,8,79.0,E,8,964.3861999999999,E,8,999.0,E,8,1.28,E,8,-9900,?,9,-9900,?,9,0.0,E,8,-9900,?,9,-9900,?,9,0.0,0.0,E,8
07/13/2010,03:00,0.0,1320.804,0.0,1,8,0.0,1,8,0.0,1,8,0.0,1,8,0.0,1,8,0.0,1,8,-0.0,1,8,-9900,?,9,-9900,?,9,16.04,E,8,12.77,E,8,80.0,E,8,964.3861999999999,E,8,999.0,E,8,1.28,E,8,-9900,?,9,-9900,?,9,0.0,E,8,-9900,?,9,-9900,?,9,0.0,0.0,E,8
07/13/2010,04:00,0.0,1320.904,0.0,1,8,0.0,1,8,0.0,1,8,0.0,1,8,0.0,1,8,0.0,1,8,-0.0,1,8,-9900,?,9,-9900,?,9,15.67,E,8,12.68,E,8,82.0,E,8,964.3861999999999,E,8,999.0,E,8,1.28,E,8,-9900,?,9,-9900,?,9,0.0,E,8,-9900,?,9,-9900,?,9,0.0,0.0,E,8
07/13/2010,05:00,0.0,1320.904,0.0,1,8,0.0,1,8,0.0,1,8,0.0,1,8,0.0,1,8,0.0,1,8,-0.0,1,8,-9900,?,9,-9900,?,9,15.3,E,8,12.59,E,8,83.0,E,8,964.3861999999999,E,8,999.0,E,8,1.28,E,8,-9900,?,9,-9900,?,9,0.0,E,8,-9900,?,9,-9900,?,9,0.0,0.0,E,8
07/13/2010,06:00,0.0,1320.904,0.0,1,8,0.0,1,8,0.0,1,8,0.0,1,8,0.0,1,8,0.0,1,8,-0.0,1,8,-9900,?,9,-9900,?,9,15.01,E,8,12.51,E,8,85.0,E,8,964.3861999999999,E,8,999.0,E,8,1.28,E,8,-9900,?,9,-9900,?,9,0.0,E,8,-9900,?,9,-9900,?,9,0.0,0.0,E,8
07/13/2010,07:00,12.318,1320.904,0.0,1,8,0.0,1,8,0.0,1,8,0.0,1,8,0.0,1,8,0.0,1,8,0.0,1,8,-9900,?,9,-9900,?,9,14.77,E,8,12.45,E,8,86.0,E,8,964.3861999999999,E,8,999.0,E,8,1.28,E,8,-9900,?,9,-9900,?,9,0.0,E,8,-9900,?,9,-9900,?,9,0.0,0.0,E,8
07/13/2010,08:00,289.013,1320.904,28.48,1,8,0.0,1,8,28.48,1,8,3417.6,1,8,0.0,1,8,3132.8,1,8,41.668,1,8,-9900,?,9,-9900,?,9,14.53,E,8,12.39,E,8,86.0,E,8,964.3861999999999,E,8,999.0,E,8,1.28,E,8,-9900,?,9,-9900,?,9,0.0,E,8,-9900,?,9,-9900,?,9,0.0,0.0,E,8
07/13/2010,09:00,542.41,1320.904,59.31,1,8,0.0,1,8,59.31,1,8,7117.2,1,8,0.0,1,8,6524.1,1,8,46.041,1,8,-9900,?,9,-9900,?,9,15.99,E,8,12.76,E,8,81.0,E,8,964.3861999999999,E,8,999.0,E,8,1.28,E,8,-9900,?,9,-9900,?,9,0.0,E,8,-9900,?,9,-9900,?,9,0.0,0.0,E,8
07/13/2010,10:00,747.317,1320.904,81.81,1,8,0.0,1,8,81.81,1,8,9817.2,1,8,0.0,1,8,8999.1,1,8,46.057,1,8,-9900,?,9,-9900,?,9,16.41,E,8,12.86,E,8,79.0,E,8,964.3861999999999,E,8,999.0,E,8,1.28,E,8,-9900,?,9,-9900,?,9,0.0,E,8,-9900,?,9,-9900,?,9,0.0,0.0,E,8
07/13/2010,11:00,889.374,1320.904,353.03,1,8,67.629,1,8,307.511,1,8,42363.6,1,8,6424.739,1,8,33826.23,1,8,145.429,1,8,-9900,?,9,-9900,?,9,18.88,E,8,13.46,E,8,70.0,E,8,964.3861999999999,E,8,999.0,E,8,1.28,E,8,-9900,?,9,-9900,?,9,0.0,E,8,-9900,?,9,-9900,?,9,0.0,0.0,E,8
07/13/2010,12:00,958.809,1320.904,407.53,1,8,79.826,1,8,349.602,1,8,48903.6,1,8,7583.477,1,8,38456.182,1,8,153.348,1,8,-9900,?,9,-9900,?,9,20.72,E,8,13.89,E,8,64.0,E,8,964.3861999999999,E,8,999.0,E,8,1.28,E,8,-9900,?,9,-9900,?,9,0.0,E,8,-9900,?,9,-9900,?,9,0.0,0.0,E,8
07/13/2010,13:00,950.865,1320.904,358.22,1,8,34.174,1,8,333.626,1,8,42986.4,1,8,3246.569,1,8,36698.854,1,8,147.564,1,8,-9900,?,9,-9900,?,9,21.67,E,8,14.11,E,8,62.0,E,8,964.3861999999999,E,8,999.0,E,8,1.28,E,8,-9900,?,9,-9900,?,9,0.0,E,8,-9900,?,9,-9900,?,9,0.0,0.0,E,8
07/13/2010,14:00,866.082,1320.904,404.72,1,8,133.801,1,8,317.024,1,8,48566.4,1,8,12711.134,1,8,34872.648,1,8,153.966,1,8,-9900,?,9,-9900,?,9,22.58,E,8,14.32,E,8,59.0,E,8,964.3861999999999,E,8,999.0,E,8,1.28,E,8,-9900,?,9,-9900,?,9,0.0,E,8,-9900,?,9,-9900,?,9,0.0,0.0,E,8
07/13/2010,15:00,710.266,1320.904,598.58,1,8,580.056,1,8,286.901,1,8,71829.6,1,8,55105.329,1,8,31559.152,1,8,169.96,1,8,-9900,?,9,-9900,?,9,24.06,E,8,14.65,E,8,55.0,E,8,964.3861999999999,E,8,999.0,E,8,1.29,E,8,-9900,?,9,-9900,?,9,0.0,E,8,-9900,?,9,-9900,?,9,0.0,0.0,E,8
07/13/2010,16:00,494.146,1320.904,357.57,1,8,610.824,1,8,129.471,1,8,42908.4,1,8,58028.309,1,8,14241.8,1,8,110.361,1,8,-9900,?,9,-9900,?,9,24.32,E,8,14.7,E,8,54.0,E,8,964.3861999999999,E,8,999.0,E,8,1.72,E,8,-9900,?,9,-9900,?,9,0.0,E,8,-9900,?,9,-9900,?,9,0.0,0.0,E,8
07/13/2010,17:00,233.046,1320.904,123.7,1,8,456.391,1,8,43.879,1,8,14844.0,1,8,43357.157,1,8,4826.662,1,8,79.859,1,8,-9900,?,9,-9900,?,9,23.36,E,8,14.49,E,8,57.0,E,8,964.3861999999999,E,8,999.0,E,8,1.79,E,8,-9900,?,9,-9900,?,9,0.0,E,8,-9900,?,9,-9900,?,9,0.0,0.0,E,8
07/13/2010,18:00,0.0,1320.904,10.7,1,8,0.0,1,8,0.0,1,8,1284.0,1,8,0.0,1,8,0.0,1,8,-0.0,1,8,-9900,?,9,-9900,?,9,22.55,E,8,14.31,E,8,59.0,E,8,964.3861999999999,E,8,999.0,E,8,1.28,E,8,-9900,?,9,-9900,?,9,0.0,E,8,-9900,?,9,-9900,?,9,0.0,0.0,E,8
07/13/2010,19:00,0.0,1320.904,0.0,1,8,0.0,1,8,0.0,1,8,0.0,1,8,0.0,1,8,0.0,1,8,-0.0,1,8,-9900,?,9,-9900,?,9,21.75,E,8,14.13,E,8,61.0,E,8,964.3861999999999,E,8,999.0,E,8,1.28,E,8,-9900,?,9,-9900,?,9,0.0,E,8,-9900,?,9,-9900,?,9,0.0,0.0,E,8
07/13/2010,20:00,0.0,1320.904,0.0,1,8,0.0,1,8,0.0,1,8,0.0,1,8,0.0,1,8,0.0,1,8,-0.0,1,8,-9900,?,9,-9900,?,9,20.94,E,8,13.94,E,8,64.0,E,8,964.3861999999999,E,8,999.0,E,8,1.28,E,8,-9900,?,9,-9900,?,9,0.0,E,8,-9900,?,9,-9900,?,9,0.0,0.0,E,8
07/13/2010,21:00,0.0,1320.904,0.0,1,8,0.0,1,8,0.0,1,8,0.0,1,8,0.0,1,8,0.0,1,8,-0.0,1,8,-9900,?,9,-9900,?,9,20.14,E,8,13.76,E,8,66.0,E,8,964.3861999999999,E,8,999.0,E,8,1.28,E,8,-9900,?,9,-9900,?,9,0.0,E,8,-9900,?,9,-9900,?,9,0.0,0.0,E,8
07/13/2010,22:00,0.0,1320.904,0.0,1,8,0.0,1,8,0.0,1,8,0.0,1,8,0.0,1,8,0.0,1,8,-0.0,1,8,-9900,?,9,-9900,?,9,19.33,E,8,13.56,E,8,69.0,E,8,964.3861999999999,E,8,999.0,E,8,1.28,E,8,-9900,?,9,-9900,?,9,0.0,E,8,-9900,?,9,-9900,?,9,0.0,0.0,E,8
07/13/2010,23:00,0.0,1320.904,0.0,1,8,0.0,1,8,0.0,1,8,0.0,1,8,0.0,1,8,0.0,1,8,-0.0,1,8,-9900,?,9,-9900,?,9,18.53,E,8,13.37,E,8,71.0,E,8,964.3861999999999,E,8,999.0,E,8,1.28,E,8,-9900,?,9,-9900,?,9,0.0,E,8,-9900,?,9,-9900,?,9,0.0,0.0,E,8
07/13/2010,24:00,0.0,1320.904,0.0,1,8,0.0,1,8,0.0,1,8,0.0,1,8,0.0,1,8,0.0,1,8,-0.0,1,8,-9900,?,9,-9900,?,9,17.72,E,8,14.4,E,8,80.0,E,8,964.3861999999999,E,8,999.0,E,8,1.19,E,8,-9900,?,9,-9900,?,9,0.0,E,8,-9900,?,9,-9900,?,9,0.0,0.0,E,8
07/14/2010,01:00,0.0,1320.904,0.0,1,8,0.0,1,8,0.0,1,8,0.0,1,8,0.0,1,8,0.0,1,8,-0.0,1,8,-9900,?,9,-9900,?,9,17.32,E,8,14.26,E,8,82.0,E,8,964.3861999999999,E,8,999.0,E,8,1.19,E,8,-9900,?,9,-9900,?,9,0.0,E,8,-9900,?,9,-9900,?,9,0.0,0.0,E,8
07/14/2010,02:00,0.0,1320.904,0.0,1,8,0.0,1,8,0.0,1,8,0.0,1,8,0.0,1,8,0.0,1,8,-0.0,1,8,-9900,?,9,-9900,?,9,16.92,E,8,14.12,E,8,83.0,E,8,964.3861999999999,E,8,999.0,E,8,1.19,E,8,-9900,?,9,-9900,?,9,0.0,E,8,-9900,?,9,-9900,?,9,0.0,0.0,E,8
07/14/2010,03:00,0.0,1320.904,0.0,1,8,0.0,1,8,0.0,1,8,0.0,1,8,0.0,1,8,0.0,1,8,-0.0,1,8,-9900,?,9,-9900,?,9,16.51,E,8,13.96,E,8,84.0,E,8,964.3861999999999,E,8,999.0,E,8,1.19,E,8,-9900,?,9,-9900,?,9,0.0,E,8,-9900,?,9,-9900,?,9,0.0,0.0,E,8
07/14/2010,04:00,0.0,1321.017,0.0,1,8,0.0,1,8,0.0,1,8,0.0,1,8,0.0,1,8,0.0,1,8,-0.0,1,8,-9900,?,9,-9900,?,9,16.11,E,8,13.82,E,8,86.0,E,8,964.3861999999999,E,8,999.0,E,8,1.19,E,8,-9900,?,9,-9900,?,9,0.0,E,8,-9900,?,9,-9900,?,9,0.0,0.0,E,8
07/14/2010,05:00,0.0,1321.017,0.0,1,8,0.0,1,8,0.0,1,8,0.0,1,8,0.0,1,8,0.0,1,8,-0.0,1,8,-9900,?,9,-9900,?,9,15.71,E,8,13.67,E,8,87.0,E,8,964.3861999999999,E,8,999.0,E,8,1.19,E,8,-9900,?,9,-9900,?,9,0.0,E,8,-9900,?,9,-9900,?,9,0.0,0.0,E,8
07/14/2010,06:00,0.0,1321.017,0.0,1,8,0.0,1,8,0.0,1,8,0.0,1,8,0.0,1,8,0.0,1,8,-0.0,1,8,-9900,?,9,-9900,?,9,15.4,E,8,13.55,E,8,88.0,E,8,964.3861999999999,E,8,999.0,E,8,1.19,E,8,-9900,?,9,-9900,?,9,0.0,E,8,-9900,?,9,-9900,?,9,0.0,0.0,E,8
07/14/2010,07:00,12.961,1321.017,0.0,1,8,0.0,1,8,0.0,1,8,0.0,1,8,0.0,1,8,0.0,1,8,0.0,1,8,-9900,?,9,-9900,?,9,15.13,E,8,13.45,E,8,89.0,E,8,964.3861999999999,E,8,999.0,E,8,1.19,E,8,-9900,?,9,-9900,?,9,0.0,E,8,-9900,?,9,-9900,?,9,0.0,0.0,E,8
07/14/2010,08:00,290.12,1321.017,31.18,1,8,0.0,1,8,31.18,1,8,3741.6,1,8,0.0,1,8,3429.8,1,8,45.446,1,8,-9900,?,9,-9900,?,9,14.86,E,8,13.35,E,8,90.0,E,8,964.3861999999999,E,8,999.0,E,8,1.19,E,8,-9900,?,9,-9900,?,9,0.0,E,8,-9900,?,9,-9900,?,9,0.0,0.0,E,8
07/14/2010,09:00,543.888,1321.017,161.73,1,8,17.526,1,8,154.525,1,8,19407.6,1,8,1664.938,1,8,16997.711,1,8,119.637,1,8,-9900,?,9,-9900,?,9,17.91,E,8,14.47,E,8,80.0,E,8,964.3861999999999,E,8,999.0,E,8,1.19,E,8,-9900,?,9,-9900,?,9,0.0,E,8,-9900,?,9,-9900,?,9,0.0,0.0,E,8
07/14/2010,10:00,749.141,1321.017,286.08,1,8,65.165,1,8,249.148,1,8,34329.6,1,8,6190.693,1,8,27406.286,1,8,139.933,1,8,-9900,?,9,-9900,?,9,19.91,E,8,15.17,E,8,74.0,E,8,964.3861999999999,E,8,999.0,E,8,1.19,E,8,-9900,?,9,-9900,?,9,0.0,E,8,-9900,?,9,-9900,?,9,0.0,0.0,E,8
07/14/2010,11:00,891.494,1321.017,382.08,1,8,93.706,1,8,318.864,1,8,45849.6,1,8,8902.078,1,8,35075.067,1,8,150.452,1,8,-9900,?,9,-9900,?,9,21.67,E,8,15.77,E,8,69.0,E,8,964.3861999999999,E,8,999.0,E,8,1.19,E,8,-9900,?,9,-9900,?,9,0.0,E,8,-9900,?,9,-9900,?,9,0.0,0.0,E,8
07/14/2010,12:00,961.159,1321.017,440.99,1,8,115.853,1,8,356.718,1,8,52918.8,1,8,11006.056,1,8,39239.018,1,8,156.1,1,8,-9900,?,9,-9900,?,9,23.09,E,8,16.23,E,8,65.0,E,8,964.3861999999999,E,8,999.0,E,8,1.19,E,8,-9900,?,9,-9900,?,9,0.0,E,8,-9900,?,9,-9900,?,9,0.0,0.0,E,8
07/14/2010,13:00,953.361,1321.017,458.22,1,8,140.268,1,8,357.018,1,8,54986.4,1,8,13325.433,1,8,39271.978,1,8,157.51,1,8,-9900,?,9,-9900,?,9,24.14,E,8,16.57,E,8,62.0,E,8,964.3861999999999,E,8,999.0,E,8,1.45,E,8,-9900,?,9,-9900,?,9,0.0,E,8,-9900,?,9,-9900,?,9,0.0,0.0,E,8
07/14/2010,14:00,868.629,1321.017,432.46,1,8,173.195,1,8,318.62,1,8,51895.2,1,8,16453.571,1,8,35048.186,1,8,154.299,1,8,-9900,?,9,-9900,?,9,24.76,E,8,16.76,E,8,61.0,E,8,964.3861999999999,E,8,999.0,E,8,1.5,E,8,-9900,?,9,-9900,?,9,0.0,E,8,-9900,?,9,-9900,?,9,0.0,0.0,E,8
07/14/2010,15:00,712.768,1321.017,365.65,1,8,227.125,1,8,243.19,1,8,43878.0,1,8,21576.829,1,8,26750.907,1,8,143.571,1,8,-9900,?,9,-9900,?,9,24.97,E,8,16.83,E,8,60.0,E,8,964.3861999999999,E,8,999.0,E,8,1.48,E,8,-9900,?,9,-9900,?,9,0.0,E,8,-9900,?,9,-9900,?,9,0.0,0.0,E,8
07/14/2010,16:00,496.507,1321.017,263.12,1,8,329.687,1,8,139.425,1,8,31574.4,1,8,31320.296,1,8,15336.791,1,8,118.289,1,8,-9900,?,9,-9900,?,9,24.63,E,8,16.72,E,8,61.0,E,8,964.3861999999999,E,8,999.0,E,8,2.04,E,8,-9900,?,9,-9900,?,9,0.0,E,8,-9900,?,9,-9900,?,9,0.0,0.0,E,8
07/14/2010,17:00,235.172,1321.017,134.79,1,8,467.159,1,8,52.335,1,8,16174.8,1,8,44380.103,1,8,5756.798,1,8,94.381,1,8,-9900,?,9,-9900,?,9,23.67,E,8,16.42,E,8,63.0,E,8,964.3861999999999,E,8,999.0,E,8,2.08,E,8,-9900,?,9,-9900,?,9,0.0,E,8,-9900,?,9,-9900,?,9,0.0,0.0,E,8
07/14/2010,18:00,0.0,1321.017,12.14,1,8,0.0,1,8,0.0,1,8,1456.8,1,8,0.0,1,8,0.0,1,8,-0.0,1,8,-9900,?,9,-9900,?,9,22.84,E,8,16.15,E,8,65.0,E,8,964.3861999999999,E,8,999.0,E,8,1.7,E,8,-9900,?,9,-9900,?,9,0.0,E,8,-9900,?,9,-9900,?,9,0.0,0.0,E,8
07/14/2010,19:00,0.0,1321.017,0.0,1,8,0.0,1,8,0.0,1,8,0.0,1,8,0.0,1,8,0.0,1,8,-0.0,1,8,-9900,?,9,-9900,?,9,22.0,E,8,15.88,E,8,68.0,E,8,964.3861999999999,E,8,999.0,E,8,1.21,E,8,-9900,?,9,-9900,?,9,0.0,E,8,-9900,?,9,-9900,?,9,0.0,0.0,E,8
07/14/2010,20:00,0.0,1321.017,0.0,1,8,0.0,1,8,0.0,1,8,0.0,1,8,0.0,1,8,0.0,1,8,-0.0,1,8,-9900,?,9,-9900,?,9,21.16,E,8,15.6,E,8,70.0,E,8,964.3861999999999,E,8,999.0,E,8,1.19,E,8,-9900,?,9,-9900,?,9,0.0,E,8,-9900,?,9,-9900,?,9,0.0,0.0,E,8
07/14/2010,21:00,0.0,1321.017,0.0,1,8,0.0,1,8,0.0,1,8,0.0,1,8,0.0,1,8,0.0,1,8,-0.0,1,8,-9900,?,9,-9900,?,9,20.33,E,8,15.32,E,8,72.0,E,8,964.3861999999999,E,8,999.0,E,8,1.19,E,8,-9900,?,9,-9900,?,9,0.0,E,8,-9900,?,9,-9900,?,9,0.0,0.0,E,8
07/14/2010,22:00,0.0,1321.017,0.0,1,8,0.0,1,8,0.0,1,8,0.0,1,8,0.0,1,8,0.0,1,8,-0.0,1,8,-9900,?,9,-9900,?,9,19.49,E,8,15.03,E,8,75.0,E,8,964.3861999999999,E,8,999.0,E,8,1.19,E,8,-9900,?,9,-9900,?,9,0.0,E,8,-9900,?,9,-9900,?,9,0.0,0.0,E,8
07/14/2010,23:00,0.0,1321.017,0.0,1,8,0.0,1,8,0.0,1,8,0.0,1,8,0.0,1,8,0.0,1,8,-0.0,1,8,-9900,?,9,-9900,?,9,18.65,E,8,14.74,E,8,77.0,E,8,964.3861999999999,E,8,999.0,E,8,1.19,E,8,-9900,?,9,-9900,?,9,0.0,E,8,-9900,?,9,-9900,?,9,0.0,0.0,E,8
07/14/2010,24:00,0.0,1321.017,0.0,1,8,0.0,1,8,0.0,1,8,0.0,1,8,0.0,1,8,0.0,1,8,-0.0,1,8,-9900,?,9,-9900,?,9,17.82,E,8,15.12,E,8,98.0,E,8,964.3861999999999,E,8,999.0,E,8,0.8,E,8,-9900,?,9,-9900,?,9,0.9119999999999999,E,8,-9900,?,9,-9900,?,9,9.12,99.0,E,8
07/15/2010,01:00,0.0,1321.017,0.0,1,8,0.0,1,8,0.0,1,8,0.0,1,8,0.0,1,8,0.0,1,8,-0.0,1,8,-9900,?,9,-9900,?,9,17.4,E,8,15.07,E,8,90.0,E,8,964.3861999999999,E,8,999.0,E,8,0.8,E,8,-9900,?,9,-9900,?,9,0.018,E,8,-9900,?,9,-9900,?,9,0.18,99.0,E,8
07/15/2010,02:00,0.0,1321.017,0.0,1,8,0.0,1,8,0.0,1,8,0.0,1,8,0.0,1,8,0.0,1,8,-0.0,1,8,-9900,?,9,-9900,?,9,16.98,E,8,15.02,E,8,93.0,E,8,964.3861999999999,E,8,999.0,E,8,0.8,E,8,-9900,?,9,-9900,?,9,0.005,E,8,-9900,?,9,-9900,?,9,0.05,99.0,E,8
07/15/2010,03:00,0.0,1321.017,0.0,1,8,0.0,1,8,0.0,1,8,0.0,1,8,0.0,1,8,0.0,1,8,-0.0,1,8,-9900,?,9,-9900,?,9,16.56,E,8,14.96,E,8,95.0,E,8,964.3861999999999,E,8,999.0,E,8,0.8,E,8,-9900,?,9,-9900,?,9,0.009,E,8,-9900,?,9,-9900,?,9,0.09,99.0,E,8
07/15/2010,04:00,0.0,1321.142,0.0,1,8,0.0,1,8,0.0,1,8,0.0,1,8,0.0,1,8,0.0,1,8,-0.0,1,8,-9900,?,9,-9900,?,9,16.14,E,8,14.91,E,8,97.0,E,8,964.3861999999999,E,8,999.0,E,8,0.8,E,8,-9900,?,9,-9900,?,9,0.003,E,8,-9900,?,9,-9900,?,9,0.03,99.0,E,8
07/15/2010,05:00,0.0,1321.142,0.0,1,8,0.0,1,8,0.0,1,8,0.0,1,8,0.0,1,8,0.0,1,8,-0.0,1,8,-9900,?,9,-9900,?,9,15.73,E,8,14.86,E,8,99.0,E,8,964.3861999999999,E,8,999.0,E,8,0.8,E,8,-9900,?,9,-9900,?,9,0.001,E,8,-9900,?,9,-9900,?,9,0.01,99.0,E,8
07/15/2010,06:00,0.0,1321.142,0.0,1,8,0.0,1,8,0.0,1,8,0.0,1,8,0.0,1,8,0.0,1,8,-0.0,1,8,-9900,?,9,-9900,?,9,15.4,E,8,14.82,E,8,96.0,E,8,964.3861999999999,E,8,999.0,E,8,0.8,E,8,-9900,?,9,-9900,?,9,0.0,E,8,-9900,?,9,-9900,?,9,0.0,0.0,E,8
07/15/2010,07:00,13.688,1321.142,0.0,1,8,0.0,1,8,0.0,1,8,0.0,1,8,0.0,1,8,0.0,1,8,0.0,1,8,-9900,?,9,-9900,?,9,15.13,E,8,14.78,E,8,97.0,E,8,964.3861999999999,E,8,999.0,E,8,0.8,E,8,-9900,?,9,-9900,?,9,0.0,E,8,-9900,?,9,-9900,?,9,0.0,0.0,E,8
07/15/2010,08:00,291.332,1321.142,80.58,1,8,16.969,1,8,76.859,1,8,9669.6,1,8,1612.012,1,8,8454.486,1,8,111.564,1,8,-9900,?,9,-9900,?,9,14.85,E,8,14.74,E,8,99.0,E,8,964.3861999999999,E,8,999.0,E,8,0.8,E,8,-9900,?,9,-9900,?,9,0.0,E,8,-9900,?,9,-9900,?,9,0.0,0.0,E,8
07/15/2010,09:00,545.478,1321.142,287.84,1,8,308.958,1,8,160.457,1,8,34540.8,1,8,29350.974,1,8,17650.299,1,8,123.879,1,8,-9900,?,9,-9900,?,9,20.25,E,8,15.43,E,8,73.0,E,8,964.3861999999999,E,8,999.0,E,8,0.8,E,8,-9900,?,9,-9900,?,9,0.0,E,8,-9900,?,9,-9900,?,9,0.0,0.0,E,8
07/15/2010,10:00,751.077,1321.142,430.6,1,8,379.254,1,8,215.124,1,8,51672.0,1,8,36029.16,1,8,23663.639,1,8,120.523,1,8,-9900,?,9,-9900,?,9,22.66,E,8,15.72,E,8,64.0,E,8,964.3861999999999,E,8,999.0,E,8,0.8,E,8,-9900,?,9,-9900,?,9,0.0,E,8,-9900,?,9,-9900,?,9,0.0,0.0,E,8
07/15/2010,11:00,893.725,1321.142,631.25,1,8,656.318,1,8,187.419,1,8,75750.0,1,8,62350.238,1,8,20616.101,1,8,88.219,1,8,-9900,?,9,-9900,?,9,25.33,E,8,16.05,E,8,56.0,E,8,964.3861999999999,E,8,999.0,E,8,1.23,E,8,-9900,?,9,-9900,?,9,0.0,E,8,-9900,?,9,-9900,?,9,0.0,0.0,E,8
07/15/2010,12:00,963.612,1321.142,727.03,1,8,668.931,1,8,239.252,1,8,87243.6,1,8,63548.487,1,8,26317.767,1,8,104.44,1,8,-9900,?,9,-9900,?,9,27.49,E,8,16.3,E,8,50.0,E,8,964.3861999999999,E,8,999.0,E,8,1.76,E,8,-9900,?,9,-9900,?,9,0.0,E,8,-9900,?,9,-9900,?,9,0.0,0.0,E,8
07/15/2010,13:00,955.948,1321.142,374.21,1,8,60.29,1,8,330.597,1,8,44905.2,1,8,5727.557,1,8,36365.687,1,8,145.472,1,8,-9900,?,9,-9900,?,9,27.02,E,8,16.25,E,8,51.0,E,8,964.3861999999999,E,8,999.0,E,8,1.98,E,8,-9900,?,9,-9900,?,9,0.0,E,8,-9900,?,9,-9900,?,9,0.0,0.0,E,8
07/15/2010,14:00,871.255,1321.142,191.41,1,8,4.934,1,8,188.158,1,8,22969.2,1,8,468.712,1,8,20697.329,1,8,90.854,1,8,-9900,?,9,-9900,?,9,25.38,E,8,16.05,E,8,56.0,E,8,964.3861999999999,E,8,999.0,E,8,1.94,E,8,-9900,?,9,-9900,?,9,0.0,E,8,-9900,?,9,-9900,?,9,0.0,0.0,E,8
07/15/2010,15:00,715.332,1321.142,184.75,1,8,7.33,1,8,180.784,1,8,22170.0,1,8,696.368,1,8,19886.226,1,8,106.355,1,8,-9900,?,9,-9900,?,9,24.11,E,8,15.9,E,8,65.0,E,8,964.3861999999999,E,8,999.0,E,8,1.63,E,8,-9900,?,9,-9900,?,9,0.013000000000000001,E,8,-9900,?,9,-9900,?,9,0.13,99.0,E,8
07/15/2010,16:00,498.912,1321.142,289.26,1,8,245.594,1,8,196.677,1,8,34711.2,1,8,23331.4,1,8,21634.451,1,8,166.069,1,8,-9900,?,9,-9900,?,9,23.7,E,8,15.85,E,8,61.0,E,8,964.3861999999999,E,8,999.0,E,8,1.76,E,8,-9900,?,9,-9900,?,9,0.0,E,8,-9900,?,9,-9900,?,9,0.0,0.0,E,8
07/15/2010,17:00,237.325,1321.142,160.77,1,8,535.411,1,8,65.397,1,8,19292.4,1,8,50864.09,1,8,7193.654,1,8,116.861,1,8,-9900,?,9,-9900,?,9,22.73,E,8,15.73,E,8,69.0,E,8,964.3861999999999,E,8,999.0,E,8,2.48,E,8,-9900,?,9,-9900,?,9,0.007000000000000001,E,8,-9900,?,9,-9900,?,9,0.07,99.0,E,8
07/15/2010,18:00,0.0,1321.142,15.05,1,8,0.0,1,8,0.0,1,8,1806.0,1,8,0.0,1,8,0.0,1,8,-0.0,1,8,-9900,?,9,-9900,?,9,21.68,E,8,15.6,E,8,73.0,E,8,964.3861999999999,E,8,999.0,E,8,2.74,E,8,-9900,?,9,-9900,?,9,0.002,E,8,-9900,?,9,-9900,?,9,0.02,99.0,E,8
07/15/2010,19:00,0.0,1321.142,0.0,1,8,0.0,1,8,0.0,1,8,0.0,1,8,0.0,1,8,0.0,1,8,-0.0,1,8,-9900,?,9,-9900,?,9,20.64,E,8,15.48,E,8,77.0,E,8,964.3861999999999,E,8,999.0,E,8,1.72,E,8,-9900,?,9,-9900,?,9,0.001,E,8,-9900,?,9,-9900,?,9,0.01,99.0,E,8
07/15/2010,20:00,0.0,1321.142,0.0,1,8,0.0,1,8,0.0,1,8,0.0,1,8,0.0,1,8,0.0,1,8,-0.0,1,8,-9900,?,9,-9900,?,9,19.6,E,8,15.35,E,8,76.0,E,8,964.3861999999999,E,8,999.0,E,8,1.6,E,8,-9900,?,9,-9900,?,9,0.0,E,8,-9900,?,9,-9900,?,9,0.0,0.0,E,8
07/15/2010,21:00,0.0,1321.142,0.0,1,8,0.0,1,8,0.0,1,8,0.0,1,8,0.0,1,8,0.0,1,8,-0.0,1,8,-9900,?,9,-9900,?,9,18.55,E,8,15.22,E,8,85.0,E,8,964.3861999999999,E,8,999.0,E,8,1.86,E,8,-9900,?,9,-9900,?,9,0.067,E,8,-9900,?,9,-9900,?,9,0.67,99.0,E,8
07/15/2010,22:00,0.0,1321.142,0.0,1,8,0.0,1,8,0.0,1,8,0.0,1,8,0.0,1,8,0.0,1,8,-0.0,1,8,-9900,?,9,-9900,?,9,17.51,E,8,15.08,E,8,90.0,E,8,964.3861999999999,E,8,999.0,E,8,1.37,E,8,-9900,?,9,-9900,?,9,0.038,E,8,-9900,?,9,-9900,?,9,0.38,99.0,E,8
07/15/2010,23:00,0.0,1321.142,0.0,1,8,0.0,1,8,0.0,1,8,0.0,1,8,0.0,1,8,0.0,1,8,-0.0,1,8,-9900,?,9,-9900,?,9,16.47,E,8,14.95,E,8,95.0,E,8,964.3861999999999,E,8,999.0,E,8,0.84,E,8,-9900,?,9,-9900,?,9,0.025,E,8,-9900,?,9,-9900,?,9,0.25,99.0,E,8
07/15/2010,24:00,0.0,1321.142,0.0,1,8,0.0,1,8,0.0,1,8,0.0,1,8,0.0,1,8,0.0,1,8,-0.0,1,8,-9900,?,9,-9900,?,9,15.42,E,8,9.84,E,8,69.0,E,8,964.3861999999999,E,8,999.0,E,8,1.6,E,8,-9900,?,9,-9900,?,9,0.0,E,8,-9900,?,9,-9900,?,9,0.0,0.0,E,8
07/16/2010,01:00,0.0,1321.142,0.0,1,8,0.0,1,8,0.0,1,8,0.0,1,8,0.0,1,8,0.0,1,8,-0.0,1,8,-9900,?,9,-9900,?,9,14.9,E,8,9.69,E,8,70.0,E,8,964.3861999999999,E,8,999.0,E,8,1.45,E,8,-9900,?,9,-9900,?,9,0.0,E,8,-9900,?,9,-9900,?,9,0.0,0.0,E,8
07/16/2010,02:00,0.0,1321.142,0.0,1,8,0.0,1,8,0.0,1,8,0.0,1,8,0.0,1,8,0.0,1,8,-0.0,1,8,-9900,?,9,-9900,?,9,14.38,E,8,9.54,E,8,72.0,E,8,964.3861999999999,E,8,999.0,E,8,1.45,E,8,-9900,?,9,-9900,?,9,0.0,E,8,-9900,?,9,-9900,?,9,0.0,0.0,E,8
07/16/2010,03:00,0.0,1321.142,0.0,1,8,0.0,1,8,0.0,1,8,0.0,1,8,0.0,1,8,0.0,1,8,-0.0,1,8,-9900,?,9,-9900,?,9,13.86,E,8,9.4,E,8,74.0,E,8,964.3861999999999,E,8,999.0,E,8,1.45,E,8,-9900,?,9,-9900,?,9,0.0,E,8,-9900,?,9,-9900,?,9,0.0,0.0,E,8
07/16/2010,04:00,0.0,1321.28,0.0,1,8,0.0,1,8,0.0,1,8,0.0,1,8,0.0,1,8,0.0,1,8,-0.0,1,8,-9900,?,9,-9900,?,9,13.34,E,8,9.25,E,8,76.0,E,8,964.3861999999999,E,8,999.0,E,8,1.45,E,8,-9900,?,9,-9900,?,9,0.0,E,8,-9900,?,9,-9900,?,9,0.0,0.0,E,8
07/16/2010,05:00,0.0,1321.28,0.0,1,8,0.0,1,8,0.0,1,8,0.0,1,8,0.0,1,8,0.0,1,8,-0.0,1,8,-9900,?,9,-9900,?,9,12.81,E,8,9.09,E,8,78.0,E,8,964.3861999999999,E,8,999.0,E,8,1.45,E,8,-9900,?,9,-9900,?,9,0.0,E,8,-9900,?,9,-9900,?,9,0.0,0.0,E,8
07/16/2010,06:00,0.0,1321.28,0.0,1,8,0.0,1,8,0.0,1,8,0.0,1,8,0.0,1,8,0.0,1,8,-0.0,1,8,-9900,?,9,-9900,?,9,12.41,E,8,8.97,E,8,79.0,E,8,964.3861999999999,E,8,999.0,E,8,1.45,E,8,-9900,?,9,-9900,?,9,0.0,E,8,-9900,?,9,-9900,?,9,0.0,0.0,E,8
07/16/2010,07:00,14.499,1321.28,0.0,1,8,0.0,1,8,0.0,1,8,0.0,1,8,0.0,1,8,0.0,1,8,0.0,1,8,-9900,?,9,-9900,?,9,12.07,E,8,8.87,E,8,80.0,E,8,964.3861999999999,E,8,999.0,E,8,1.45,E,8,-9900,?,9,-9900,?,9,0.0,E,8,-9900,?,9,-9900,?,9,0.0,0.0,E,8
07/16/2010,08:00,292.65,1321.28,40.41,1,8,0.0,1,8,40.41,1,8,4849.2,1,8,0.0,1,8,4445.1,1,8,58.396,1,8,-9900,?,9,-9900,?,9,11.72,E,8,8.77,E,8,82.0,E,8,964.3861999999999,E,8,999.0,E,8,1.45,E,8,-9900,?,9,-9900,?,9,0.0,E,8,-9900,?,9,-9900,?,9,0.0,0.0,E,8
07/16/2010,09:00,547.18,1321.28,212.79,1,8,99.892,1,8,171.48,1,8,25534.8,1,8,9489.724,1,8,18862.821,1,8,131.99,1,8,-9900,?,9,-9900,?,9,15.01,E,8,9.72,E,8,70.0,E,8,964.3861999999999,E,8,999.0,E,8,1.45,E,8,-9900,?,9,-9900,?,9,0.0,E,8,-9900,?,9,-9900,?,9,0.0,0.0,E,8
07/16/2010,10:00,753.126,1321.28,393.07,1,8,233.113,1,8,260.277,1,8,47168.4,1,8,22145.688,1,8,28630.511,1,8,145.438,1,8,-9900,?,9,-9900,?,9,17.32,E,8,10.36,E,8,63.0,E,8,964.3861999999999,E,8,999.0,E,8,1.45,E,8,-9900,?,9,-9900,?,9,0.0,E,8,-9900,?,9,-9900,?,9,0.0,0.0,E,8
07/16/2010,11:00,896.065,1321.28,548.79,1,8,411.27,1,8,269.972,1,8,65854.8,1,8,39070.63,1,8,29696.869,1,8,126.757,1,8,-9900,?,9,-9900,?,9,19.49,E,8,10.94,E,8,57.0,E,8,964.3861999999999,E,8,999.0,E,8,1.45,E,8,-9900,?,9,-9900,?,9,0.0,E,8,-9900,?,9,-9900,?,9,0.0,0.0,E,8
07/16/2010,12:00,966.166,1321.28,620.35,1,8,472.542,1,8,274.899,1,8,74442.0,1,8,44891.454,1,8,30238.936,1,8,119.696,1,8,-9900,?,9,-9900,?,9,21.16,E,8,11.37,E,8,53.0,E,8,964.3861999999999,E,8,999.0,E,8,1.45,E,8,-9900,?,9,-9900,?,9,0.0,E,8,-9900,?,9,-9900,?,9,0.0,0.0,E,8
07/16/2010,13:00,958.626,1321.28,680.71,1,8,685.534,1,8,183.467,1,8,81685.2,1,8,65125.738,1,8,20181.402,1,8,80.514,1,8,-9900,?,9,-9900,?,9,22.54,E,8,11.72,E,8,50.0,E,8,964.3861999999999,E,8,999.0,E,8,1.45,E,8,-9900,?,9,-9900,?,9,0.0,E,8,-9900,?,9,-9900,?,9,0.0,0.0,E,8
07/16/2010,14:00,873.956,1321.28,614.25,1,8,714.193,1,8,142.028,1,8,73710.0,1,8,67848.372,1,8,15623.04,1,8,68.374,1,8,-9900,?,9,-9900,?,9,23.27,E,8,11.9,E,8,48.0,E,8,964.3861999999999,E,8,999.0,E,8,1.45,E,8,-9900,?,9,-9900,?,9,0.0,E,8,-9900,?,9,-9900,?,9,0.0,0.0,E,8
07/16/2010,15:00,717.955,1321.28,521.68,1,8,803.292,1,8,85.494,1,8,62601.6,1,8,76312.754,1,8,9404.305,1,8,50.117,1,8,-9900,?,9,-9900,?,9,23.53,E,8,11.96,E,8,48.0,E,8,964.3861999999999,E,8,999.0,E,8,1.45,E,8,-9900,?,9,-9900,?,9,0.0,E,8,-9900,?,9,-9900,?,9,0.0,0.0,E,8
07/16/2010,16:00,501.36,1321.28,363.28,1,8,612.928,1,8,131.106,1,8,43593.6,1,8,58228.163,1,8,14421.689,1,8,110.172,1,8,-9900,?,9,-9900,?,9,23.08,E,8,11.85,E,8,49.0,E,8,964.3861999999999,E,8,999.0,E,8,1.45,E,8,-9900,?,9,-9900,?,9,0.0,E,8,-9900,?,9,-9900,?,9,0.0,0.0,E,8
07/16/2010,17:00,239.504,1321.28,175.05,1,8,526.44,1,8,80.41,1,8,21006.0,1,8,50011.845,1,8,8845.046,1,8,142.374,1,8,-9900,?,9,-9900,?,9,21.89,E,8,11.55,E,8,51.0,E,8,964.3861999999999,E,8,999.0,E,8,1.45,E,8,-9900,?,9,-9900,?,9,0.0,E,8,-9900,?,9,-9900,?,9,0.0,0.0,E,8
07/16/2010,18:00,0.0,1321.28,14.12,1,8,0.0,1,8,0.0,1,8,1694.4,1,8,0.0,1,8,0.0,1,8,-0.0,1,8,-9900,?,9,-9900,?,9,20.91,E,8,11.3,E,8,54.0,E,8,964.3861999999999,E,8,999.0,E,8,1.45,E,8,-9900,?,9,-9900,?,9,0.0,E,8,-9900,?,9,-9900,?,9,0.0,0.0,E,8
07/16/2010,19:00,0.0,1321.28,0.0,1,8,0.0,1,8,0.0,1,8,0.0,1,8,0.0,1,8,0.0,1,8,-0.0,1,8,-9900,?,9,-9900,?,9,19.94,E,8,11.05,E,8,56.0,E,8,964.3861999999999,E,8,999.0,E,8,1.45,E,8,-9900,?,9,-9900,?,9,0.0,E,8,-9900,?,9,-9900,?,9,0.0,0.0,E,8
07/16/2010,20:00,0.0,1321.28,0.0,1,8,0.0,1,8,0.0,1,8,0.0,1,8,0.0,1,8,0.0,1,8,-0.0,1,8,-9900,?,9,-9900,?,9,18.96,E,8,10.8,E,8,59.0,E,8,964.3861999999999,E,8,999.0,E,8,1.45,E,8,-9900,?,9,-9900,?,9,0.0,E,8,-9900,?,9,-9900,?,9,0.0,0.0,E,8
07/16/2010,21:00,0.0,1321.28,0.0,1,8,0.0,1,8,0.0,1,8,0.0,1,8,0.0,1,8,0.0,1,8,-0.0,1,8,-9900,?,9,-9900,?,9,17.98,E,8,10.54,E,8,61.0,E,8,964.3861999999999,E,8,999.0,E,8,1.45,E,8,-9900,?,9,-9900,?,9,0.0,E,8,-9900,?,9,-9900,?,9,0.0,0.0,E,8
07/16/2010,22:00,0.0,1321.28,0.0,1,8,0.0,1,8,0.0,1,8,0.0,1,8,0.0,1,8,0.0,1,8,-0.0,1,8,-9900,?,9,-9900,?,9,17.0,E,8,10.27,E,8,64.0,E,8,964.3861999999999,E,8,999.0,E,8,1.45,E,8,-9900,?,9,-9900,?,9,0.0,E,8,-9900,?,9,-9900,?,9,0.0,0.0,E,8
07/16/2010,23:00,0.0,1321.28,0.0,1,8,0.0,1,8,0.0,1,8,0.0,1,8,0.0,1,8,0.0,1,8,-0.0,1,8,-9900,?,9,-9900,?,9,16.02,E,8,10.0,E,8,67.0,E,8,964.3861999999999,E,8,999.0,E,8,1.45,E,8,-9900,?,9,-9900,?,9,0.0,E,8,-9900,?,9,-9900,?,9,0.0,0.0,E,8
07/16/2010,24:00,0.0,1321.28,0.0,1,8,0.0,1,8,0.0,1,8,0.0,1,8,0.0,1,8,0.0,1,8,-0.0,1,8,-9900,?,9,-9900,?,9,15.04,E,8,10.46,E,8,74.0,E,8,964.3861999999999,E,8,999.0,E,8,1.32,E,8,-9900,?,9,-9900,?,9,0.0,E,8,-9900,?,9,-9900,?,9,0.0,0.0,E,8
07/17/2010,01:00,0.0,1321.28,0.0,1,8,0.0,1,8,0.0,1,8,0.0,1,8,0.0,1,8,0.0,1,8,-0.0,1,8,-9900,?,9,-9900,?,9,14.56,E,8,10.31,E,8,75.0,E,8,964.3861999999999,E,8,999.0,E,8,1.32,E,8,-9900,?,9,-9900,?,9,0.0,E,8,-9900,?,9,-9900,?,9,0.0,0.0,E,8
07/17/2010,02:00,0.0,1321.28,0.0,1,8,0.0,1,8,0.0,1,8,0.0,1,8,0.0,1,8,0.0,1,8,-0.0,1,8,-9900,?,9,-9900,?,9,14.07,E,8,10.14,E,8,77.0,E,8,964.3861999999999,E,8,999.0,E,8,1.32,E,8,-9900,?,9,-9900,?,9,0.0,E,8,-9900,?,9,-9900,?,9,0.0,0.0,E,8
07/17/2010,03:00,0.0,1321.28,0.0,1,8,0.0,1,8,0.0,1,8,0.0,1,8,0.0,1,8,0.0,1,8,-0.0,1,8,-9900,?,9,-9900,?,9,13.58,E,8,9.98,E,8,78.0,E,8,964.3861999999999,E,8,999.0,E,8,1.32,E,8,-9900,?,9,-9900,?,9,0.0,E,8,-9900,?,9,-9900,?,9,0.0,0.0,E,8
07/17/2010,04:00,0.0,1321.431,0.0,1,8,0.0,1,8,0.0,1,8,0.0,1,8,0.0,1,8,0.0,1,8,-0.0,1,8,-9900,?,9,-9900,?,9,13.09,E,8,9.82,E,8,80.0,E,8,964.3861999999999,E,8,999.0,E,8,1.32,E,8,-9900,?,9,-9900,?,9,0.0,E,8,-9900,?,9,-9900,?,9,0.0,0.0,E,8
07/17/2010,05:00,0.0,1321.431,0.0,1,8,0.0,1,8,0.0,1,8,0.0,1,8,0.0,1,8,0.0,1,8,-0.0,1,8,-9900,?,9,-9900,?,9,12.6,E,8,9.65,E,8,82.0,E,8,964.3861999999999,E,8,999.0,E,8,1.32,E,8,-9900,?,9,-9900,?,9,0.0,E,8,-9900,?,9,-9900,?,9,0.0,0.0,E,8
07/17/2010,06:00,0.0,1321.431,0.0,1,8,0.0,1,8,0.0,1,8,0.0,1,8,0.0,1,8,0.0,1,8,-0.0,1,8,-9900,?,9,-9900,?,9,12.22,E,8,9.52,E,8,83.0,E,8,964.3861999999999,E,8,999.0,E,8,1.32,E,8,-9900,?,9,-9900,?,9,0.0,E,8,-9900,?,9,-9900,?,9,0.0,0.0,E,8
07/17/2010,07:00,15.398,1321.431,0.0,1,8,0.0,1,8,0.0,1,8,0.0,1,8,0.0,1,8,0.0,1,8,0.0,1,8,-9900,?,9,-9900,?,9,11.9,E,8,9.41,E,8,84.0,E,8,964.3861999999999,E,8,999.0,E,8,1.32,E,8,-9900,?,9,-9900,?,9,0.0,E,8,-9900,?,9,-9900,?,9,0.0,0.0,E,8
07/17/2010,08:00,294.074,1321.431,40.46,1,8,0.0,1,8,40.46,1,8,4855.2,1,8,0.0,1,8,4450.6,1,8,58.189,1,8,-9900,?,9,-9900,?,9,11.58,E,8,9.3,E,8,85.0,E,8,964.3861999999999,E,8,999.0,E,8,1.32,E,8,-9900,?,9,-9900,?,9,0.0,E,8,-9900,?,9,-9900,?,9,0.0,0.0,E,8
07/17/2010,09:00,548.992,1321.431,47.04,1,8,0.0,1,8,47.04,1,8,5644.8,1,8,0.0,1,8,5174.4,1,8,36.091,1,8,-9900,?,9,-9900,?,9,12.85,E,8,9.74,E,8,81.0,E,8,964.3861999999999,E,8,999.0,E,8,1.32,E,8,-9900,?,9,-9900,?,9,0.0,E,8,-9900,?,9,-9900,?,9,0.0,0.0,E,8
07/17/2010,10:00,755.288,1321.431,358.03,1,8,175.817,1,8,257.599,1,8,42963.6,1,8,16702.657,1,8,28335.896,1,8,143.545,1,8,-9900,?,9,-9900,?,9,15.89,E,8,10.74,E,8,71.0,E,8,964.3861999999999,E,8,999.0,E,8,1.32,E,8,-9900,?,9,-9900,?,9,0.0,E,8,-9900,?,9,-9900,?,9,0.0,0.0,E,8
07/17/2010,11:00,898.513,1321.431,477.4,1,8,202.522,1,8,339.741,1,8,57288.0,1,8,19239.6,1,8,37371.526,1,8,159.099,1,8,-9900,?,9,-9900,?,9,18.28,E,8,11.48,E,8,64.0,E,8,964.3861999999999,E,8,999.0,E,8,1.32,E,8,-9900,?,9,-9900,?,9,0.0,E,8,-9900,?,9,-9900,?,9,0.0,0.0,E,8
07/17/2010,12:00,968.821,1321.431,550.77,1,8,305.608,1,8,326.767,1,8,66092.4,1,8,29032.761,1,8,35944.362,1,8,141.905,1,8,-9900,?,9,-9900,?,9,20.14,E,8,12.04,E,8,59.0,E,8,964.3861999999999,E,8,999.0,E,8,1.32,E,8,-9900,?,9,-9900,?,9,0.0,E,8,-9900,?,9,-9900,?,9,0.0,0.0,E,8
07/17/2010,13:00,961.392,1321.431,572.41,1,8,364.119,1,8,307.569,1,8,68689.2,1,8,34591.264,1,8,33832.579,1,8,134.602,1,8,-9900,?,9,-9900,?,9,21.49,E,8,12.43,E,8,56.0,E,8,964.3861999999999,E,8,999.0,E,8,1.32,E,8,-9900,?,9,-9900,?,9,0.0,E,8,-9900,?,9,-9900,?,9,0.0,0.0,E,8
07/17/2010,14:00,876.731,1321.431,540.71,1,8,428.888,1,8,256.261,1,8,64885.2,1,8,40744.39,1,8,28188.738,1,8,122.991,1,8,-9900,?,9,-9900,?,9,22.32,E,8,12.67,E,8,54.0,E,8,964.3861999999999,E,8,999.0,E,8,1.32,E,8,-9900,?,9,-9900,?,9,0.0,E,8,-9900,?,9,-9900,?,9,0.0,0.0,E,8
07/17/2010,15:00,720.635,1321.431,458.05,1,8,572.687,1,8,145.954,1,8,54966.0,1,8,54405.25,1,8,16054.974,1,8,85.25,1,8,-9900,?,9,-9900,?,9,22.64,E,8,12.76,E,8,53.0,E,8,964.3861999999999,E,8,999.0,E,8,1.32,E,8,-9900,?,9,-9900,?,9,0.0,E,8,-9900,?,9,-9900,?,9,0.0,0.0,E,8
07/17/2010,16:00,503.848,1321.431,330.97,1,8,541.161,1,8,124.984,1,8,39716.4,1,8,51410.263,1,8,13748.189,1,8,104.518,1,8,-9900,?,9,-9900,?,9,22.37,E,8,12.68,E,8,54.0,E,8,964.3861999999999,E,8,999.0,E,8,1.32,E,8,-9900,?,9,-9900,?,9,0.0,E,8,-9900,?,9,-9900,?,9,0.0,0.0,E,8
07/17/2010,17:00,241.707,1321.431,171.61,1,8,531.611,1,8,75.158,1,8,20593.2,1,8,50503.057,1,8,8267.353,1,8,131.858,1,8,-9900,?,9,-9900,?,9,21.36,E,8,12.39,E,8,56.0,E,8,964.3861999999999,E,8,999.0,E,8,1.32,E,8,-9900,?,9,-9900,?,9,0.0,E,8,-9900,?,9,-9900,?,9,0.0,0.0,E,8
07/17/2010,18:00,0.0,1321.431,17.26,1,8,0.0,1,8,0.0,1,8,2071.2,1,8,0.0,1,8,0.0,1,8,-0.0,1,8,-9900,?,9,-9900,?,9,20.49,E,8,12.14,E,8,58.0,E,8,964.3861999999999,E,8,999.0,E,8,1.32,E,8,-9900,?,9,-9900,?,9,0.0,E,8,-9900,?,9,-9900,?,9,0.0,0.0,E,8
07/17/2010,19:00,0.0,1321.431,0.0,1,8,0.0,1,8,0.0,1,8,0.0,1,8,0.0,1,8,0.0,1,8,-0.0,1,8,-9900,?,9,-9900,?,9,19.62,E,8,11.88,E,8,60.0,E,8,964.3861999999999,E,8,999.0,E,8,1.32,E,8,-9900,?,9,-9900,?,9,0.0,E,8,-9900,?,9,-9900,?,9,0.0,0.0,E,8
07/17/2010,20:00,0.0,1321.431,0.0,1,8,0.0,1,8,0.0,1,8,0.0,1,8,0.0,1,8,0.0,1,8,-0.0,1,8,-9900,?,9,-9900,?,9,18.74,E,8,11.62,E,8,63.0,E,8,964.3861999999999,E,8,999.0,E,8,1.32,E,8,-9900,?,9,-9900,?,9,0.0,E,8,-9900,?,9,-9900,?,9,0.0,0.0,E,8
07/17/2010,21:00,0.0,1321.431,0.0,1,8,0.0,1,8,0.0,1,8,0.0,1,8,0.0,1,8,0.0,1,8,-0.0,1,8,-9900,?,9,-9900,?,9,17.87,E,8,11.35,E,8,65.0,E,8,964.3861999999999,E,8,999.0,E,8,1.32,E,8,-9900,?,9,-9900,?,9,0.0,E,8,-9900,?,9,-9900,?,9,0.0,0.0,E,8
07/17/2010,22:00,0.0,1321.431,0.0,1,8,0.0,1,8,0.0,1,8,0.0,1,8,0.0,1,8,0.0,1,8,-0.0,1,8,-9900,?,9,-9900,?,9,17.0,E,8,11.09,E,8,68.0,E,8,964.3861999999999,E,8,999.0,E,8,1.32,E,8,-9900,?,9,-9900,?,9,0.0,E,8,-9900,?,9,-9900,?,9,0.0,0.0,E,8
07/17/2010,23:00,0.0,1321.431,0.0,1,8,0.0,1,8,0.0,1,8,0.0,1,8,0.0,1,8,0.0,1,8,-0.0,1,8,-9900,?,9,-9900,?,9,16.13,E,8,10.81,E,8,70.0,E,8,964.3861999999999,E,8,999.0,E,8,1.32,E,8,-9900,?,9,-9900,?,9,0.0,E,8,-9900,?,9,-9900,?,9,0.0,0.0,E,8
07/17/2010,24:00,0.0,1321.431,0.0,1,8,0.0,1,8,0.0,1,8,0.0,1,8,0.0,1,8,0.0,1,8,-0.0,1,8,-9900,?,9,-9900,?,9,15.25,E,8,9.77,E,8,69.0,E,8,964.3861999999999,E,8,999.0,E,8,0.56,E,8,-9900,?,9,-9900,?,9,0.0,E,8,-9900,?,9,-9900,?,9,0.0,0.0,E,8
07/18/2010,01:00,0.0,1321.431,0.0,1,8,0.0,1,8,0.0,1,8,0.0,1,8,0.0,1,8,0.0,1,8,-0.0,1,8,-9900,?,9,-9900,?,9,14.82,E,8,9.64,E,8,71.0,E,8,964.3861999999999,E,8,999.0,E,8,0.56,E,8,-9900,?,9,-9900,?,9,0.0,E,8,-9900,?,9,-9900,?,9,0.0,0.0,E,8
07/18/2010,02:00,0.0,1321.431,0.0,1,8,0.0,1,8,0.0,1,8,0.0,1,8,0.0,1,8,0.0,1,8,-0.0,1,8,-9900,?,9,-9900,?,9,14.38,E,8,9.52,E,8,72.0,E,8,964.3861999999999,E,8,999.0,E,8,0.56,E,8,-9900,?,9,-9900,?,9,0.0,E,8,-9900,?,9,-9900,?,9,0.0,0.0,E,8
07/18/2010,03:00,0.0,1321.431,0.0,1,8,0.0,1,8,0.0,1,8,0.0,1,8,0.0,1,8,0.0,1,8,-0.0,1,8,-9900,?,9,-9900,?,9,13.94,E,8,9.39,E,8,74.0,E,8,964.3861999999999,E,8,999.0,E,8,0.56,E,8,-9900,?,9,-9900,?,9,0.0,E,8,-9900,?,9,-9900,?,9,0.0,0.0,E,8
07/18/2010,04:00,0.0,1321.593,0.0,1,8,0.0,1,8,0.0,1,8,0.0,1,8,0.0,1,8,0.0,1,8,-0.0,1,8,-9900,?,9,-9900,?,9,13.51,E,8,9.26,E,8,75.0,E,8,964.3861999999999,E,8,999.0,E,8,0.56,E,8,-9900,?,9,-9900,?,9,0.0,E,8,-9900,?,9,-9900,?,9,0.0,0.0,E,8
07/18/2010,05:00,0.0,1321.593,0.0,1,8,0.0,1,8,0.0,1,8,0.0,1,8,0.0,1,8,0.0,1,8,-0.0,1,8,-9900,?,9,-9900,?,9,13.07,E,8,9.13,E,8,76.0,E,8,964.3861999999999,E,8,999.0,E,8,0.56,E,8,-9900,?,9,-9900,?,9,0.0,E,8,-9900,?,9,-9900,?,9,0.0,0.0,E,8
07/18/2010,06:00,0.0,1321.593,0.0,1,8,0.0,1,8,0.0,1,8,0.0,1,8,0.0,1,8,0.0,1,8,-0.0,1,8,-9900,?,9,-9900,?,9,12.73,E,8,9.03,E,8,78.0,E,8,964.3861999999999,E,8,999.0,E,8,0.56,E,8,-9900,?,9,-9900,?,9,0.0,E,8,-9900,?,9,-9900,?,9,0.0,0.0,E,8
07/18/2010,07:00,16.384,1321.593,0.0,1,8,0.0,1,8,0.0,1,8,0.0,1,8,0.0,1,8,0.0,1,8,0.0,1,8,-9900,?,9,-9900,?,9,12.45,E,8,8.95,E,8,79.0,E,8,964.3861999999999,E,8,999.0,E,8,0.56,E,8,-9900,?,9,-9900,?,9,0.0,E,8,-9900,?,9,-9900,?,9,0.0,0.0,E,8
07/18/2010,08:00,295.604,1321.593,48.89,1,8,0.0,1,8,48.89,1,8,5866.8,1,8,0.0,1,8,5377.9,1,8,69.953,1,8,-9900,?,9,-9900,?,9,12.16,E,8,8.86,E,8,80.0,E,8,964.3861999999999,E,8,999.0,E,8,0.93,E,8,-9900,?,9,-9900,?,9,0.0,E,8,-9900,?,9,-9900,?,9,0.0,0.0,E,8
07/18/2010,09:00,550.916,1321.593,242.59,1,8,165.507,1,8,173.693,1,8,29110.8,1,8,15723.206,1,8,19106.181,1,8,132.815,1,8,-9900,?,9,-9900,?,9,15.74,E,8,9.91,E,8,68.0,E,8,964.3861999999999,E,8,999.0,E,8,1.69,E,8,-9900,?,9,-9900,?,9,0.0,E,8,-9900,?,9,-9900,?,9,0.0,0.0,E,8
07/18/2010,10:00,757.56,1321.593,408.53,1,8,284.062,1,8,245.798,1,8,49023.6,1,8,26985.929,1,8,27037.786,1,8,136.574,1,8,-9900,?,9,-9900,?,9,17.89,E,8,10.51,E,8,61.0,E,8,964.3861999999999,E,8,999.0,E,8,0.91,E,8,-9900,?,9,-9900,?,9,0.0,E,8,-9900,?,9,-9900,?,9,0.0,0.0,E,8
07/18/2010,11:00,901.068,1321.593,520.15,1,8,323.6,1,8,299.593,1,8,62418.0,1,8,30741.99,1,8,32955.204,1,8,139.916,1,8,-9900,?,9,-9900,?,9,19.65,E,8,10.98,E,8,57.0,E,8,964.3861999999999,E,8,999.0,E,8,1.36,E,8,-9900,?,9,-9900,?,9,0.0,E,8,-9900,?,9,-9900,?,9,0.0,0.0,E,8
07/18/2010,12:00,971.573,1321.593,616.19,1,8,452.58,1,8,283.557,1,8,73942.8,1,8,42995.105,1,8,31191.323,1,8,122.807,1,8,-9900,?,9,-9900,?,9,21.18,E,8,11.38,E,8,53.0,E,8,964.3861999999999,E,8,999.0,E,8,1.65,E,8,-9900,?,9,-9900,?,9,0.0,E,8,-9900,?,9,-9900,?,9,0.0,0.0,E,8
07/18/2010,13:00,964.244,1321.593,627.77,1,8,493.235,1,8,267.995,1,8,75332.4,1,8,46857.279,1,8,29479.501,1,8,116.95,1,8,-9900,?,9,-9900,?,9,22.25,E,8,11.66,E,8,51.0,E,8,964.3861999999999,E,8,999.0,E,8,1.65,E,8,-9900,?,9,-9900,?,9,0.0,E,8,-9900,?,9,-9900,?,9,0.0,0.0,E,8
07/18/2010,14:00,879.577,1321.593,630.08,1,8,742.284,1,8,136.24,1,8,75609.6,1,8,70517.015,1,8,14986.419,1,8,65.184,1,8,-9900,?,9,-9900,?,9,23.02,E,8,11.85,E,8,49.0,E,8,964.3861999999999,E,8,999.0,E,8,1.81,E,8,-9900,?,9,-9900,?,9,0.0,E,8,-9900,?,9,-9900,?,9,0.0,0.0,E,8
07/18/2010,15:00,723.371,1321.593,508.05,1,8,743.282,1,8,101.495,1,8,60966.0,1,8,70611.803,1,8,11164.452,1,8,59.065,1,8,-9900,?,9,-9900,?,9,23.22,E,8,11.9,E,8,48.0,E,8,964.3861999999999,E,8,999.0,E,8,1.74,E,8,-9900,?,9,-9900,?,9,0.0,E,8,-9900,?,9,-9900,?,9,0.0,0.0,E,8
07/18/2010,16:00,506.374,1321.593,359.68,1,8,604.597,1,8,128.418,1,8,43161.6,1,8,57436.677,1,8,14125.942,1,8,106.865,1,8,-9900,?,9,-9900,?,9,22.8,E,8,11.8,E,8,49.0,E,8,964.3861999999999,E,8,999.0,E,8,2.48,E,8,-9900,?,9,-9900,?,9,0.0,E,8,-9900,?,9,-9900,?,9,0.0,0.0,E,8
07/18/2010,17:00,243.931,1321.593,192.77,1,8,529.565,1,8,95.803,1,8,23132.4,1,8,50308.675,1,8,10538.294,1,8,166.541,1,8,-9900,?,9,-9900,?,9,21.76,E,8,11.53,E,8,52.0,E,8,964.3861999999999,E,8,999.0,E,8,2.35,E,8,-9900,?,9,-9900,?,9,0.0,E,8,-9900,?,9,-9900,?,9,0.0,0.0,E,8
07/18/2010,18:00,0.0,1321.593,20.64,1,8,0.0,1,8,0.0,1,8,2476.8,1,8,0.0,1,8,0.0,1,8,-0.0,1,8,-9900,?,9,-9900,?,9,20.84,E,8,11.29,E,8,54.0,E,8,964.3861999999999,E,8,999.0,E,8,2.03,E,8,-9900,?,9,-9900,?,9,0.0,E,8,-9900,?,9,-9900,?,9,0.0,0.0,E,8
07/18/2010,19:00,0.0,1321.593,0.0,1,8,0.0,1,8,0.0,1,8,0.0,1,8,0.0,1,8,0.0,1,8,-0.0,1,8,-9900,?,9,-9900,?,9,19.91,E,8,11.05,E,8,56.0,E,8,964.3861999999999,E,8,999.0,E,8,1.92,E,8,-9900,?,9,-9900,?,9,0.0,E,8,-9900,?,9,-9900,?,9,0.0,0.0,E,8
07/18/2010,20:00,0.0,1321.593,0.0,1,8,0.0,1,8,0.0,1,8,0.0,1,8,0.0,1,8,0.0,1,8,-0.0,1,8,-9900,?,9,-9900,?,9,18.99,E,8,10.8,E,8,59.0,E,8,964.3861999999999,E,8,999.0,E,8,1.48,E,8,-9900,?,9,-9900,?,9,0.0,E,8,-9900,?,9,-9900,?,9,0.0,0.0,E,8
07/18/2010,21:00,0.0,1321.593,0.0,1,8,0.0,1,8,0.0,1,8,0.0,1,8,0.0,1,8,0.0,1,8,-0.0,1,8,-9900,?,9,-9900,?,9,18.06,E,8,10.55,E,8,61.0,E,8,964.3861999999999,E,8,999.0,E,8,1.76,E,8,-9900,?,9,-9900,?,9,0.0,E,8,-9900,?,9,-9900,?,9,0.0,0.0,E,8
07/18/2010,22:00,0.0,1321.593,0.0,1,8,0.0,1,8,0.0,1,8,0.0,1,8,0.0,1,8,0.0,1,8,-0.0,1,8,-9900,?,9,-9900,?,9,17.13,E,8,10.3,E,8,64.0,E,8,964.3861999999999,E,8,999.0,E,8,1.97,E,8,-9900,?,9,-9900,?,9,0.0,E,8,-9900,?,9,-9900,?,9,0.0,0.0,E,8
07/18/2010,23:00,0.0,1321.593,0.0,1,8,0.0,1,8,0.0,1,8,0.0,1,8,0.0,1,8,0.0,1,8,-0.0,1,8,-9900,?,9,-9900,?,9,16.21,E,8,10.04,E,8,66.0,E,8,964.3861999999999,E,8,999.0,E,8,1.46,E,8,-9900,?,9,-9900,?,9,0.0,E,8,-9900,?,9,-9900,?,9,0.0,0.0,E,8
07/18/2010,24:00,0.0,1321.593,0.0,1,8,0.0,1,8,0.0,1,8,0.0,1,8,0.0,1,8,0.0,1,8,-0.0,1,8,-9900,?,9,-9900,?,9,15.28,E,8,8.15,E,8,62.0,E,8,964.3861999999999,E,8,999.0,E,8,3.06,E,8,-9900,?,9,-9900,?,9,0.0,E,8,-9900,?,9,-9900,?,9,0.0,0.0,E,8
07/19/2010,01:00,0.0,1321.593,0.0,1,8,0.0,1,8,0.0,1,8,0.0,1,8,0.0,1,8,0.0,1,8,-0.0,1,8,-9900,?,9,-9900,?,9,14.82,E,8,8.03,E,8,63.0,E,8,964.3861999999999,E,8,999.0,E,8,3.01,E,8,-9900,?,9,-9900,?,9,0.0,E,8,-9900,?,9,-9900,?,9,0.0,0.0,E,8
07/19/2010,02:00,0.0,1321.593,0.0,1,8,0.0,1,8,0.0,1,8,0.0,1,8,0.0,1,8,0.0,1,8,-0.0,1,8,-9900,?,9,-9900,?,9,14.35,E,8,7.91,E,8,65.0,E,8,964.3861999999999,E,8,999.0,E,8,2.12,E,8,-9900,?,9,-9900,?,9,0.0,E,8,-9900,?,9,-9900,?,9,0.0,0.0,E,8
07/19/2010,03:00,0.0,1321.593,0.0,1,8,0.0,1,8,0.0,1,8,0.0,1,8,0.0,1,8,0.0,1,8,-0.0,1,8,-9900,?,9,-9900,?,9,13.89,E,8,7.79,E,8,66.0,E,8,964.3861999999999,E,8,999.0,E,8,2.16,E,8,-9900,?,9,-9900,?,9,0.0,E,8,-9900,?,9,-9900,?,9,0.0,0.0,E,8
07/19/2010,04:00,0.0,1321.769,0.0,1,8,0.0,1,8,0.0,1,8,0.0,1,8,0.0,1,8,0.0,1,8,-0.0,1,8,-9900,?,9,-9900,?,9,13.43,E,8,7.66,E,8,68.0,E,8,964.3861999999999,E,8,999.0,E,8,2.7,E,8,-9900,?,9,-9900,?,9,0.0,E,8,-9900,?,9,-9900,?,9,0.0,0.0,E,8
07/19/2010,05:00,0.0,1321.769,0.0,1,8,0.0,1,8,0.0,1,8,0.0,1,8,0.0,1,8,0.0,1,8,-0.0,1,8,-9900,?,9,-9900,?,9,12.97,E,8,7.54,E,8,69.0,E,8,964.3861999999999,E,8,999.0,E,8,1.75,E,8,-9900,?,9,-9900,?,9,0.0,E,8,-9900,?,9,-9900,?,9,0.0,0.0,E,8
07/19/2010,06:00,0.0,1321.769,0.0,1,8,0.0,1,8,0.0,1,8,0.0,1,8,0.0,1,8,0.0,1,8,-0.0,1,8,-9900,?,9,-9900,?,9,12.61,E,8,7.44,E,8,70.0,E,8,964.3861999999999,E,8,999.0,E,8,1.51,E,8,-9900,?,9,-9900,?,9,0.0,E,8,-9900,?,9,-9900,?,9,0.0,0.0,E,8
07/19/2010,07:00,17.458,1321.769,0.0,1,8,0.0,1,8,0.0,1,8,0.0,1,8,0.0,1,8,0.0,1,8,0.0,1,8,-9900,?,9,-9900,?,9,12.3,E,8,7.36,E,8,71.0,E,8,964.3861999999999,E,8,999.0,E,8,1.6,E,8,-9900,?,9,-9900,?,9,0.0,E,8,-9900,?,9,-9900,?,9,0.0,0.0,E,8
07/19/2010,08:00,297.241,1321.769,53.92,1,8,0.0,1,8,53.92,1,8,6470.4,1,8,0.0,1,8,5931.2,1,8,76.731,1,8,-9900,?,9,-9900,?,9,12.0,E,8,7.28,E,8,72.0,E,8,964.3861999999999,E,8,999.0,E,8,1.42,E,8,-9900,?,9,-9900,?,9,0.0,E,8,-9900,?,9,-9900,?,9,0.0,0.0,E,8
07/19/2010,09:00,552.951,1321.769,254.73,1,8,196.366,1,8,172.695,1,8,30567.6,1,8,18654.732,1,8,18996.443,1,8,131.582,1,8,-9900,?,9,-9900,?,9,15.88,E,8,8.31,E,8,60.0,E,8,964.3861999999999,E,8,999.0,E,8,1.42,E,8,-9900,?,9,-9900,?,9,0.0,E,8,-9900,?,9,-9900,?,9,0.0,0.0,E,8
07/19/2010,10:00,759.943,1321.769,417.62,1,8,305.421,1,8,242.124,1,8,50114.4,1,8,29015.033,1,8,26633.645,1,8,134.128,1,8,-9900,?,9,-9900,?,9,18.09,E,8,8.87,E,8,54.0,E,8,964.3861999999999,E,8,999.0,E,8,2.34,E,8,-9900,?,9,-9900,?,9,0.0,E,8,-9900,?,9,-9900,?,9,0.0,0.0,E,8
07/19/2010,11:00,903.729,1321.769,546.04,1,8,379.866,1,8,286.402,1,8,65524.8,1,8,36087.24,1,8,31504.275,1,8,133.38,1,8,-9900,?,9,-9900,?,9,20.0,E,8,9.34,E,8,50.0,E,8,964.3861999999999,E,8,999.0,E,8,1.58,E,8,-9900,?,9,-9900,?,9,0.0,E,8,-9900,?,9,-9900,?,9,0.0,0.0,E,8
07/19/2010,12:00,974.423,1321.769,636.33,1,8,500.291,1,8,267.601,1,8,76359.6,1,8,47527.665,1,8,29436.064,1,8,115.572,1,8,-9900,?,9,-9900,?,9,21.6,E,8,9.72,E,8,46.0,E,8,964.3861999999999,E,8,999.0,E,8,3.29,E,8,-9900,?,9,-9900,?,9,0.0,E,8,-9900,?,9,-9900,?,9,0.0,0.0,E,8
07/19/2010,13:00,967.18,1321.769,626.34,1,8,526.454,1,8,241.215,1,8,75160.8,1,8,50013.169,1,8,26533.606,1,8,104.957,1,8,-9900,?,9,-9900,?,9,22.63,E,8,9.96,E,8,44.0,E,8,964.3861999999999,E,8,999.0,E,8,4.17,E,8,-9900,?,9,-9900,?,9,0.0,E,8,-9900,?,9,-9900,?,9,0.0,0.0,E,8
07/19/2010,14:00,882.493,1321.769,553.72,1,8,466.1,1,8,242.637,1,8,66446.4,1,8,44279.518,1,8,26690.044,1,8,115.72,1,8,-9900,?,9,-9900,?,9,23.1,E,8,10.07,E,8,43.0,E,8,964.3861999999999,E,8,999.0,E,8,5.64,E,8,-9900,?,9,-9900,?,9,0.0,E,8,-9900,?,9,-9900,?,9,0.0,0.0,E,8
07/19/2010,15:00,726.159,1321.769,459.67,1,8,508.228,1,8,180.647,1,8,55160.4,1,8,48281.652,1,8,19871.136,1,8,104.737,1,8,-9900,?,9,-9900,?,9,23.16,E,8,10.09,E,8,43.0,E,8,964.3861999999999,E,8,999.0,E,8,6.01,E,8,-9900,?,9,-9900,?,9,0.0,E,8,-9900,?,9,-9900,?,9,0.0,0.0,E,8
07/19/2010,16:00,508.936,1321.769,375.59,1,8,579.856,1,8,152.694,1,8,45070.8,1,8,55086.349,1,8,16796.348,1,8,126.442,1,8,-9900,?,9,-9900,?,9,22.83,E,8,10.01,E,8,44.0,E,8,964.3861999999999,E,8,999.0,E,8,5.02,E,8,-9900,?,9,-9900,?,9,0.0,E,8,-9900,?,9,-9900,?,9,0.0,0.0,E,8
07/19/2010,17:00,246.176,1321.769,206.89,1,8,520.474,1,8,110.71,1,8,24826.8,1,8,49445.055,1,8,12178.045,1,8,190.698,1,8,-9900,?,9,-9900,?,9,21.85,E,8,9.78,E,8,46.0,E,8,964.3861999999999,E,8,999.0,E,8,4.33,E,8,-9900,?,9,-9900,?,9,0.0,E,8,-9900,?,9,-9900,?,9,0.0,0.0,E,8
07/19/2010,18:00,0.0,1321.769,23.57,1,8,0.0,1,8,0.0,1,8,2828.4,1,8,0.0,1,8,0.0,1,8,-0.0,1,8,-9900,?,9,-9900,?,9,20.9,E,8,9.56,E,8,48.0,E,8,964.3861999999999,E,8,999.0,E,8,4.53,E,8,-9900,?,9,-9900,?,9,0.0,E,8,-9900,?,9,-9900,?,9,0.0,0.0,E,8
07/19/2010,19:00,0.0,1321.769,0.0,1,8,0.0,1,8,0.0,1,8,0.0,1,8,0.0,1,8,0.0,1,8,-0.0,1,8,-9900,?,9,-9900,?,9,19.95,E,8,9.33,E,8,50.0,E,8,964.3861999999999,E,8,999.0,E,8,2.42,E,8,-9900,?,9,-9900,?,9,0.0,E,8,-9900,?,9,-9900,?,9,0.0,0.0,E,8
07/19/2010,20:00,0.0,1321.769,0.0,1,8,0.0,1,8,0.0,1,8,0.0,1,8,0.0,1,8,0.0,1,8,-0.0,1,8,-9900,?,9,-9900,?,9,19.0,E,8,9.09,E,8,52.0,E,8,964.3861999999999,E,8,999.0,E,8,1.7,E,8,-9900,?,9,-9900,?,9,0.0,E,8,-9900,?,9,-9900,?,9,0.0,0.0,E,8
07/19/2010,21:00,0.0,1321.769,0.0,1,8,0.0,1,8,0.0,1,8,0.0,1,8,0.0,1,8,0.0,1,8,-0.0,1,8,-9900,?,9,-9900,?,9,18.04,E,8,8.86,E,8,54.0,E,8,964.3861999999999,E,8,999.0,E,8,2.14,E,8,-9900,?,9,-9900,?,9,0.0,E,8,-9900,?,9,-9900,?,9,0.0,0.0,E,8
07/19/2010,22:00,0.0,1321.769,0.0,1,8,0.0,1,8,0.0,1,8,0.0,1,8,0.0,1,8,0.0,1,8,-0.0,1,8,-9900,?,9,-9900,?,9,17.09,E,8,8.62,E,8,57.0,E,8,964.3861999999999,E,8,999.0,E,8,2.12,E,8,-9900,?,9,-9900,?,9,0.0,E,8,-9900,?,9,-9900,?,9,0.0,0.0,E,8
07/19/2010,23:00,0.0,1321.769,0.0,1,8,0.0,1,8,0.0,1,8,0.0,1,8,0.0,1,8,0.0,1,8,-0.0,1,8,-9900,?,9,-9900,?,9,16.14,E,8,8.38,E,8,59.0,E,8,964.3861999999999,E,8,999.0,E,8,2.11,E,8,-9900,?,9,-9900,?,9,0.0,E,8,-9900,?,9,-9900,?,9,0.0,0.0,E,8
07/19/2010,24:00,0.0,1321.769,0.0,1,8,0.0,1,8,0.0,1,8,0.0,1,8,0.0,1,8,0.0,1,8,-0.0,1,8,-9900,?,9,-9900,?,9,15.19,E,8,9.46,E,8,68.0,E,8,964.3861999999999,E,8,999.0,E,8,0.65,E,8,-9900,?,9,-9900,?,9,0.0,E,8,-9900,?,9,-9900,?,9,0.0,0.0,E,8
07/20/2010,01:00,0.0,1321.769,0.0,1,8,0.0,1,8,0.0,1,8,0.0,1,8,0.0,1,8,0.0,1,8,-0.0,1,8,-9900,?,9,-9900,?,9,14.71,E,8,9.37,E,8,70.0,E,8,964.3861999999999,E,8,999.0,E,8,0.65,E,8,-9900,?,9,-9900,?,9,0.0,E,8,-9900,?,9,-9900,?,9,0.0,0.0,E,8
07/20/2010,02:00,0.0,1321.769,0.0,1,8,0.0,1,8,0.0,1,8,0.0,1,8,0.0,1,8,0.0,1,8,-0.0,1,8,-9900,?,9,-9900,?,9,14.23,E,8,9.29,E,8,72.0,E,8,964.3861999999999,E,8,999.0,E,8,0.65,E,8,-9900,?,9,-9900,?,9,0.0,E,8,-9900,?,9,-9900,?,9,0.0,0.0,E,8
07/20/2010,03:00,0.0,1321.769,0.0,1,8,0.0,1,8,0.0,1,8,0.0,1,8,0.0,1,8,0.0,1,8,-0.0,1,8,-9900,?,9,-9900,?,9,13.76,E,8,9.21,E,8,73.0,E,8,964.3861999999999,E,8,999.0,E,8,0.65,E,8,-9900,?,9,-9900,?,9,0.0,E,8,-9900,?,9,-9900,?,9,0.0,0.0,E,8
07/20/2010,04:00,0.0,1321.956,0.0,1,8,0.0,1,8,0.0,1,8,0.0,1,8,0.0,1,8,0.0,1,8,-0.0,1,8,-9900,?,9,-9900,?,9,13.28,E,8,9.12,E,8,75.0,E,8,964.3861999999999,E,8,999.0,E,8,0.65,E,8,-9900,?,9,-9900,?,9,0.0,E,8,-9900,?,9,-9900,?,9,0.0,0.0,E,8
07/20/2010,05:00,0.0,1321.956,0.0,1,8,0.0,1,8,0.0,1,8,0.0,1,8,0.0,1,8,0.0,1,8,-0.0,1,8,-9900,?,9,-9900,?,9,12.8,E,8,9.04,E,8,77.0,E,8,964.3861999999999,E,8,999.0,E,8,0.65,E,8,-9900,?,9,-9900,?,9,0.0,E,8,-9900,?,9,-9900,?,9,0.0,0.0,E,8
07/20/2010,06:00,0.0,1321.956,0.0,1,8,0.0,1,8,0.0,1,8,0.0,1,8,0.0,1,8,0.0,1,8,-0.0,1,8,-9900,?,9,-9900,?,9,12.44,E,8,8.97,E,8,79.0,E,8,964.3861999999999,E,8,999.0,E,8,0.65,E,8,-9900,?,9,-9900,?,9,0.0,E,8,-9900,?,9,-9900,?,9,0.0,0.0,E,8
07/20/2010,07:00,18.623,1321.956,0.0,1,8,0.0,1,8,0.0,1,8,0.0,1,8,0.0,1,8,0.0,1,8,0.0,1,8,-9900,?,9,-9900,?,9,12.12,E,8,8.92,E,8,80.0,E,8,964.3861999999999,E,8,999.0,E,8,0.65,E,8,-9900,?,9,-9900,?,9,0.0,E,8,-9900,?,9,-9900,?,9,0.0,0.0,E,8
07/20/2010,08:00,298.984,1321.956,44.7,1,8,0.0,1,8,44.7,1,8,5364.0,1,8,0.0,1,8,4917.0,1,8,63.245,1,8,-9900,?,9,-9900,?,9,11.81,E,8,8.86,E,8,82.0,E,8,964.3861999999999,E,8,999.0,E,8,0.81,E,8,-9900,?,9,-9900,?,9,0.0,E,8,-9900,?,9,-9900,?,9,0.0,0.0,E,8
07/20/2010,09:00,555.096,1321.956,203.93,1,8,76.902,1,8,171.682,1,8,24471.6,1,8,7305.682,1,8,18885.074,1,8,130.322,1,8,-9900,?,9,-9900,?,9,14.95,E,8,9.41,E,8,69.0,E,8,964.3861999999999,E,8,999.0,E,8,1.03,E,8,-9900,?,9,-9900,?,9,0.0,E,8,-9900,?,9,-9900,?,9,0.0,0.0,E,8
07/20/2010,10:00,762.435,1321.956,360.61,1,8,137.162,1,8,281.549,1,8,43273.2,1,8,13030.349,1,8,30970.382,1,8,155.48,1,8,-9900,?,9,-9900,?,9,16.95,E,8,9.76,E,8,62.0,E,8,964.3861999999999,E,8,999.0,E,8,1.18,E,8,-9900,?,9,-9900,?,9,0.0,E,8,-9900,?,9,-9900,?,9,0.0,0.0,E,8
07/20/2010,11:00,906.493,1321.956,468.36,1,8,168.863,1,8,352.605,1,8,56203.2,1,8,16042.001,1,8,38786.578,1,8,163.733,1,8,-9900,?,9,-9900,?,9,18.62,E,8,10.04,E,8,57.0,E,8,964.3861999999999,E,8,999.0,E,8,1.71,E,8,-9900,?,9,-9900,?,9,0.0,E,8,-9900,?,9,-9900,?,9,0.0,0.0,E,8
07/20/2010,12:00,977.367,1321.956,552.95,1,8,285.62,1,8,341.833,1,8,66354.0,1,8,27133.917,1,8,37601.597,1,8,147.207,1,8,-9900,?,9,-9900,?,9,20.06,E,8,10.28,E,8,53.0,E,8,964.3861999999999,E,8,999.0,E,8,2.35,E,8,-9900,?,9,-9900,?,9,0.0,E,8,-9900,?,9,-9900,?,9,0.0,0.0,E,8
07/20/2010,13:00,970.199,1321.956,629.89,1,8,467.651,1,8,286.762,1,8,75586.8,1,8,44426.858,1,8,31543.78,1,8,124.405,1,8,-9900,?,9,-9900,?,9,21.34,E,8,10.49,E,8,49.0,E,8,964.3861999999999,E,8,999.0,E,8,2.44,E,8,-9900,?,9,-9900,?,9,0.0,E,8,-9900,?,9,-9900,?,9,0.0,0.0,E,8
07/20/2010,14:00,885.476,1321.956,646.58,1,8,709.758,1,8,171.339,1,8,77589.6,1,8,67427.028,1,8,18847.339,1,8,81.452,1,8,-9900,?,9,-9900,?,9,22.31,E,8,10.64,E,8,47.0,E,8,964.3861999999999,E,8,999.0,E,8,3.11,E,8,-9900,?,9,-9900,?,9,0.0,E,8,-9900,?,9,-9900,?,9,0.0,0.0,E,8
07/20/2010,15:00,728.998,1321.956,587.59,1,8,793.895,1,8,150.087,1,8,70510.8,1,8,75420.0,1,8,16509.566,1,8,86.691,1,8,-9900,?,9,-9900,?,9,22.86,E,8,10.73,E,8,46.0,E,8,964.3861999999999,E,8,999.0,E,8,2.67,E,8,-9900,?,9,-9900,?,9,0.0,E,8,-9900,?,9,-9900,?,9,0.0,0.0,E,8
07/20/2010,16:00,511.532,1321.956,427.85,1,8,737.372,1,8,142.995,1,8,51342.0,1,8,70050.295,1,8,15729.411,1,8,117.823,1,8,-9900,?,9,-9900,?,9,22.82,E,8,10.73,E,8,46.0,E,8,964.3861999999999,E,8,999.0,E,8,2.79,E,8,-9900,?,9,-9900,?,9,0.0,E,8,-9900,?,9,-9900,?,9,0.0,0.0,E,8
07/20/2010,17:00,248.438,1321.956,256.8,1,8,514.318,1,8,160.884,1,8,30816.0,1,8,48860.229,1,8,17697.224,1,8,274.601,1,8,-9900,?,9,-9900,?,9,22.05,E,8,10.6,E,8,48.0,E,8,964.3861999999999,E,8,999.0,E,8,2.5,E,8,-9900,?,9,-9900,?,9,0.0,E,8,-9900,?,9,-9900,?,9,0.0,0.0,E,8
07/20/2010,18:00,0.0,1321.956,37.34,1,8,0.0,1,8,0.0,1,8,4480.8,1,8,0.0,1,8,0.0,1,8,-0.0,1,8,-9900,?,9,-9900,?,9,21.05,E,8,10.44,E,8,50.0,E,8,964.3861999999999,E,8,999.0,E,8,2.01,E,8,-9900,?,9,-9900,?,9,0.0,E,8,-9900,?,9,-9900,?,9,0.0,0.0,E,8
07/20/2010,19:00,0.0,1321.956,0.0,1,8,0.0,1,8,0.0,1,8,0.0,1,8,0.0,1,8,0.0,1,8,-0.0,1,8,-9900,?,9,-9900,?,9,20.06,E,8,10.28,E,8,53.0,E,8,964.3861999999999,E,8,999.0,E,8,1.14,E,8,-9900,?,9,-9900,?,9,0.0,E,8,-9900,?,9,-9900,?,9,0.0,0.0,E,8
07/20/2010,20:00,0.0,1321.956,0.0,1,8,0.0,1,8,0.0,1,8,0.0,1,8,0.0,1,8,0.0,1,8,-0.0,1,8,-9900,?,9,-9900,?,9,19.07,E,8,10.11,E,8,56.0,E,8,964.3861999999999,E,8,999.0,E,8,0.76,E,8,-9900,?,9,-9900,?,9,0.0,E,8,-9900,?,9,-9900,?,9,0.0,0.0,E,8
07/20/2010,21:00,0.0,1321.956,0.0,1,8,0.0,1,8,0.0,1,8,0.0,1,8,0.0,1,8,0.0,1,8,-0.0,1,8,-9900,?,9,-9900,?,9,18.08,E,8,9.95,E,8,58.0,E,8,964.3861999999999,E,8,999.0,E,8,0.65,E,8,-9900,?,9,-9900,?,9,0.0,E,8,-9900,?,9,-9900,?,9,0.0,0.0,E,8
07/20/2010,22:00,0.0,1321.956,0.0,1,8,0.0,1,8,0.0,1,8,0.0,1,8,0.0,1,8,0.0,1,8,-0.0,1,8,-9900,?,9,-9900,?,9,17.09,E,8,9.78,E,8,62.0,E,8,964.3861999999999,E,8,999.0,E,8,0.65,E,8,-9900,?,9,-9900,?,9,0.0,E,8,-9900,?,9,-9900,?,9,0.0,0.0,E,8
07/20/2010,23:00,0.0,1321.956,0.0,1,8,0.0,1,8,0.0,1,8,0.0,1,8,0.0,1,8,0.0,1,8,-0.0,1,8,-9900,?,9,-9900,?,9,16.09,E,8,9.61,E,8,65.0,E,8,964.3861999999999,E,8,999.0,E,8,0.65,E,8,-9900,?,9,-9900,?,9,0.0,E,8,-9900,?,9,-9900,?,9,0.0,0.0,E,8
07/20/2010,24:00,0.0,1321.956,0.0,1,8,0.0,1,8,0.0,1,8,0.0,1,8,0.0,1,8,0.0,1,8,-0.0,1,8,-9900,?,9,-9900,?,9,15.1,E,8,10.42,E,8,73.0,E,8,964.3861999999999,E,8,999.0,E,8,0.82,E,8,-9900,?,9,-9900,?,9,0.0,E,8,-9900,?,9,-9900,?,9,0.0,0.0,E,8
07/21/2010,01:00,0.0,1321.956,0.0,1,8,0.0,1,8,0.0,1,8,0.0,1,8,0.0,1,8,0.0,1,8,-0.0,1,8,-9900,?,9,-9900,?,9,14.61,E,8,10.24,E,8,75.0,E,8,964.3861999999999,E,8,999.0,E,8,0.82,E,8,-9900,?,9,-9900,?,9,0.0,E,8,-9900,?,9,-9900,?,9,0.0,0.0,E,8
07/21/2010,02:00,0.0,1321.956,0.0,1,8,0.0,1,8,0.0,1,8,0.0,1,8,0.0,1,8,0.0,1,8,-0.0,1,8,-9900,?,9,-9900,?,9,14.11,E,8,10.05,E,8,76.0,E,8,964.3861999999999,E,8,999.0,E,8,0.82,E,8,-9900,?,9,-9900,?,9,0.0,E,8,-9900,?,9,-9900,?,9,0.0,0.0,E,8
07/21/2010,03:00,0.0,1321.956,0.0,1,8,0.0,1,8,0.0,1,8,0.0,1,8,0.0,1,8,0.0,1,8,-0.0,1,8,-9900,?,9,-9900,?,9,13.61,E,8,9.86,E,8,78.0,E,8,964.3861999999999,E,8,999.0,E,8,0.82,E,8,-9900,?,9,-9900,?,9,0.0,E,8,-9900,?,9,-9900,?,9,0.0,0.0,E,8
07/21/2010,04:00,0.0,1322.156,0.0,1,8,0.0,1,8,0.0,1,8,0.0,1,8,0.0,1,8,0.0,1,8,-0.0,1,8,-9900,?,9,-9900,?,9,13.12,E,8,9.68,E,8,79.0,E,8,964.3861999999999,E,8,999.0,E,8,0.82,E,8,-9900,?,9,-9900,?,9,0.0,E,8,-9900,?,9,-9900,?,9,0.0,0.0,E,8
07/21/2010,05:00,0.0,1322.156,0.0,1,8,0.0,1,8,0.0,1,8,0.0,1,8,0.0,1,8,0.0,1,8,-0.0,1,8,-9900,?,9,-9900,?,9,12.62,E,8,9.49,E,8,81.0,E,8,964.3861999999999,E,8,999.0,E,8,0.82,E,8,-9900,?,9,-9900,?,9,0.0,E,8,-9900,?,9,-9900,?,9,0.0,0.0,E,8
07/21/2010,06:00,0.0,1322.156,0.0,1,8,0.0,1,8,0.0,1,8,0.0,1,8,0.0,1,8,0.0,1,8,-0.0,1,8,-9900,?,9,-9900,?,9,12.24,E,8,9.34,E,8,82.0,E,8,964.3861999999999,E,8,999.0,E,8,0.82,E,8,-9900,?,9,-9900,?,9,0.0,E,8,-9900,?,9,-9900,?,9,0.0,0.0,E,8
07/21/2010,07:00,19.879,1322.156,0.0,1,8,0.0,1,8,0.0,1,8,0.0,1,8,0.0,1,8,0.0,1,8,0.0,1,8,-9900,?,9,-9900,?,9,11.91,E,8,9.21,E,8,83.0,E,8,964.3861999999999,E,8,999.0,E,8,0.82,E,8,-9900,?,9,-9900,?,9,0.0,E,8,-9900,?,9,-9900,?,9,0.0,0.0,E,8
07/21/2010,08:00,300.833,1322.156,39.45,1,8,0.0,1,8,39.45,1,8,4734.0,1,8,0.0,1,8,4339.5,1,8,55.478,1,8,-9900,?,9,-9900,?,9,11.58,E,8,9.08,E,8,84.0,E,8,964.3861999999999,E,8,999.0,E,8,0.89,E,8,-9900,?,9,-9900,?,9,0.0,E,8,-9900,?,9,-9900,?,9,0.0,0.0,E,8
07/21/2010,09:00,557.35,1322.156,189.0,1,8,38.588,1,8,172.755,1,8,22680.0,1,8,3665.881,1,8,19003.075,1,8,130.624,1,8,-9900,?,9,-9900,?,9,15.06,E,8,10.4,E,8,73.0,E,8,964.3861999999999,E,8,999.0,E,8,1.17,E,8,-9900,?,9,-9900,?,9,0.0,E,8,-9900,?,9,-9900,?,9,0.0,0.0,E,8
07/21/2010,10:00,765.035,1322.156,330.09,1,8,102.044,1,8,271.079,1,8,39610.8,1,8,9694.193,1,8,29818.679,1,8,149.211,1,8,-9900,?,9,-9900,?,9,17.24,E,8,11.18,E,8,67.0,E,8,964.3861999999999,E,8,999.0,E,8,1.11,E,8,-9900,?,9,-9900,?,9,0.0,E,8,-9900,?,9,-9900,?,9,0.0,0.0,E,8
07/21/2010,11:00,909.361,1322.156,438.99,1,8,138.98,1,8,343.433,1,8,52678.8,1,8,13203.125,1,8,37777.582,1,8,158.994,1,8,-9900,?,9,-9900,?,9,19.17,E,8,11.84,E,8,62.0,E,8,964.3861999999999,E,8,999.0,E,8,0.82,E,8,-9900,?,9,-9900,?,9,0.0,E,8,-9900,?,9,-9900,?,9,0.0,0.0,E,8
07/21/2010,12:00,980.405,1322.156,506.01,1,8,181.402,1,8,371.529,1,8,60721.2,1,8,17233.202,1,8,40868.201,1,8,159.524,1,8,-9900,?,9,-9900,?,9,20.73,E,8,12.36,E,8,58.0,E,8,964.3861999999999,E,8,999.0,E,8,1.21,E,8,-9900,?,9,-9900,?,9,0.0,E,8,-9900,?,9,-9900,?,9,0.0,0.0,E,8
07/21/2010,13:00,973.299,1322.156,525.94,1,8,217.466,1,8,365.893,1,8,63112.8,1,8,20659.291,1,8,40248.24,1,8,158.252,1,8,-9900,?,9,-9900,?,9,21.87,E,8,12.72,E,8,56.0,E,8,964.3861999999999,E,8,999.0,E,8,1.82,E,8,-9900,?,9,-9900,?,9,0.0,E,8,-9900,?,9,-9900,?,9,0.0,0.0,E,8
07/21/2010,14:00,888.524,1322.156,497.3,1,8,306.932,1,8,291.107,1,8,59676.0,1,8,29158.493,1,8,32021.807,1,8,137.934,1,8,-9900,?,9,-9900,?,9,22.56,E,8,12.94,E,8,54.0,E,8,964.3861999999999,E,8,999.0,E,8,2.17,E,8,-9900,?,9,-9900,?,9,0.0,E,8,-9900,?,9,-9900,?,9,0.0,0.0,E,8
07/21/2010,15:00,731.886,1322.156,422.23,1,8,394.283,1,8,204.118,1,8,50667.6,1,8,37456.852,1,8,22452.939,1,8,117.451,1,8,-9900,?,9,-9900,?,9,22.79,E,8,13.01,E,8,54.0,E,8,964.3861999999999,E,8,999.0,E,8,3.01,E,8,-9900,?,9,-9900,?,9,0.0,E,8,-9900,?,9,-9900,?,9,0.0,0.0,E,8
07/21/2010,16:00,514.161,1322.156,306.62,1,8,473.923,1,8,122.622,1,8,36794.4,1,8,45022.713,1,8,13488.368,1,8,100.533,1,8,-9900,?,9,-9900,?,9,22.44,E,8,12.9,E,8,54.0,E,8,964.3861999999999,E,8,999.0,E,8,3.79,E,8,-9900,?,9,-9900,?,9,0.0,E,8,-9900,?,9,-9900,?,9,0.0,0.0,E,8
07/21/2010,17:00,250.717,1322.156,161.35,1,8,546.691,1,8,58.463,1,8,19362.0,1,8,51935.688,1,8,6430.9,1,8,98.88,1,8,-9900,?,9,-9900,?,9,21.4,E,8,12.57,E,8,57.0,E,8,964.3861999999999,E,8,999.0,E,8,2.95,E,8,-9900,?,9,-9900,?,9,0.0,E,8,-9900,?,9,-9900,?,9,0.0,0.0,E,8
07/21/2010,18:00,0.0,1322.156,18.5,1,8,0.0,1,8,0.0,1,8,2220.0,1,8,0.0,1,8,0.0,1,8,-0.0,1,8,-9900,?,9,-9900,?,9,20.52,E,8,12.29,E,8,59.0,E,8,964.3861999999999,E,8,999.0,E,8,1.23,E,8,-9900,?,9,-9900,?,9,0.0,E,8,-9900,?,9,-9900,?,9,0.0,0.0,E,8
07/21/2010,19:00,0.0,1322.156,0.0,1,8,0.0,1,8,0.0,1,8,0.0,1,8,0.0,1,8,0.0,1,8,-0.0,1,8,-9900,?,9,-9900,?,9,19.63,E,8,11.99,E,8,61.0,E,8,964.3861999999999,E,8,999.0,E,8,1.26,E,8,-9900,?,9,-9900,?,9,0.0,E,8,-9900,?,9,-9900,?,9,0.0,0.0,E,8
07/21/2010,20:00,0.0,1322.156,0.0,1,8,0.0,1,8,0.0,1,8,0.0,1,8,0.0,1,8,0.0,1,8,-0.0,1,8,-9900,?,9,-9900,?,9,18.75,E,8,11.7,E,8,63.0,E,8,964.3861999999999,E,8,999.0,E,8,1.07,E,8,-9900,?,9,-9900,?,9,0.0,E,8,-9900,?,9,-9900,?,9,0.0,0.0,E,8
07/21/2010,21:00,0.0,1322.156,0.0,1,8,0.0,1,8,0.0,1,8,0.0,1,8,0.0,1,8,0.0,1,8,-0.0,1,8,-9900,?,9,-9900,?,9,17.86,E,8,11.4,E,8,65.0,E,8,964.3861999999999,E,8,999.0,E,8,0.99,E,8,-9900,?,9,-9900,?,9,0.0,E,8,-9900,?,9,-9900,?,9,0.0,0.0,E,8
07/21/2010,22:00,0.0,1322.156,0.0,1,8,0.0,1,8,0.0,1,8,0.0,1,8,0.0,1,8,0.0,1,8,-0.0,1,8,-9900,?,9,-9900,?,9,16.98,E,8,11.09,E,8,68.0,E,8,964.3861999999999,E,8,999.0,E,8,0.82,E,8,-9900,?,9,-9900,?,9,0.0,E,8,-9900,?,9,-9900,?,9,0.0,0.0,E,8
07/21/2010,23:00,0.0,1322.156,0.0,1,8,0.0,1,8,0.0,1,8,0.0,1,8,0.0,1,8,0.0,1,8,-0.0,1,8,-9900,?,9,-9900,?,9,16.09,E,8,10.78,E,8,70.0,E,8,964.3861999999999,E,8,999.0,E,8,0.82,E,8,-9900,?,9,-9900,?,9,0.0,E,8,-9900,?,9,-9900,?,9,0.0,0.0,E,8
07/21/2010,24:00,0.0,1322.156,0.0,1,8,0.0,1,8,0.0,1,8,0.0,1,8,0.0,1,8,0.0,1,8,-0.0,1,8,-9900,?,9,-9900,?,9,15.21,E,8,11.63,E,8,79.0,E,8,964.3861999999999,E,8,999.0,E,8,1.32,E,8,-9900,?,9,-9900,?,9,0.0,E,8,-9900,?,9,-9900,?,9,0.0,0.0,E,8
07/22/2010,01:00,0.0,1322.156,0.0,1,8,0.0,1,8,0.0,1,8,0.0,1,8,0.0,1,8,0.0,1,8,-0.0,1,8,-9900,?,9,-9900,?,9,14.76,E,8,11.41,E,8,80.0,E,8,964.3861999999999,E,8,999.0,E,8,1.34,E,8,-9900,?,9,-9900,?,9,0.0,E,8,-9900,?,9,-9900,?,9,0.0,0.0,E,8
07/22/2010,02:00,0.0,1322.156,0.0,1,8,0.0,1,8,0.0,1,8,0.0,1,8,0.0,1,8,0.0,1,8,-0.0,1,8,-9900,?,9,-9900,?,9,14.32,E,8,11.2,E,8,81.0,E,8,964.3861999999999,E,8,999.0,E,8,1.32,E,8,-9900,?,9,-9900,?,9,0.0,E,8,-9900,?,9,-9900,?,9,0.0,0.0,E,8
07/22/2010,03:00,0.0,1322.156,0.0,1,8,0.0,1,8,0.0,1,8,0.0,1,8,0.0,1,8,0.0,1,8,-0.0,1,8,-9900,?,9,-9900,?,9,13.88,E,8,10.99,E,8,82.0,E,8,964.3861999999999,E,8,999.0,E,8,1.32,E,8,-9900,?,9,-9900,?,9,0.0,E,8,-9900,?,9,-9900,?,9,0.0,0.0,E,8
07/22/2010,04:00,0.0,1322.369,0.0,1,8,0.0,1,8,0.0,1,8,0.0,1,8,0.0,1,8,0.0,1,8,-0.0,1,8,-9900,?,9,-9900,?,9,13.44,E,8,10.77,E,8,83.0,E,8,964.3861999999999,E,8,999.0,E,8,1.32,E,8,-9900,?,9,-9900,?,9,0.0,E,8,-9900,?,9,-9900,?,9,0.0,0.0,E,8
07/22/2010,05:00,0.0,1322.369,0.0,1,8,0.0,1,8,0.0,1,8,0.0,1,8,0.0,1,8,0.0,1,8,-0.0,1,8,-9900,?,9,-9900,?,9,12.99,E,8,10.55,E,8,85.0,E,8,964.3861999999999,E,8,999.0,E,8,1.32,E,8,-9900,?,9,-9900,?,9,0.0,E,8,-9900,?,9,-9900,?,9,0.0,0.0,E,8
07/22/2010,06:00,0.0,1322.369,0.0,1,8,0.0,1,8,0.0,1,8,0.0,1,8,0.0,1,8,0.0,1,8,-0.0,1,8,-9900,?,9,-9900,?,9,12.65,E,8,10.38,E,8,86.0,E,8,964.3861999999999,E,8,999.0,E,8,1.32,E,8,-9900,?,9,-9900,?,9,0.0,E,8,-9900,?,9,-9900,?,9,0.0,0.0,E,8
07/22/2010,07:00,21.227,1322.369,0.0,1,8,0.0,1,8,0.0,1,8,0.0,1,8,0.0,1,8,0.0,1,8,0.0,1,8,-9900,?,9,-9900,?,9,12.36,E,8,10.23,E,8,86.0,E,8,964.3861999999999,E,8,999.0,E,8,1.32,E,8,-9900,?,9,-9900,?,9,0.0,E,8,-9900,?,9,-9900,?,9,0.0,0.0,E,8
07/22/2010,08:00,302.788,1322.369,33.51,1,8,0.0,1,8,33.51,1,8,4021.2,1,8,0.0,1,8,3686.1,1,8,46.825,1,8,-9900,?,9,-9900,?,9,12.07,E,8,10.08,E,8,87.0,E,8,964.3861999999999,E,8,999.0,E,8,1.32,E,8,-9900,?,9,-9900,?,9,0.0,E,8,-9900,?,9,-9900,?,9,0.0,0.0,E,8
07/22/2010,09:00,559.713,1322.369,158.38,1,8,12.345,1,8,153.162,1,8,19005.6,1,8,1172.798,1,8,16847.784,1,8,115.337,1,8,-9900,?,9,-9900,?,9,15.5,E,8,11.76,E,8,78.0,E,8,964.3861999999999,E,8,999.0,E,8,1.32,E,8,-9900,?,9,-9900,?,9,0.0,E,8,-9900,?,9,-9900,?,9,0.0,0.0,E,8
07/22/2010,10:00,767.742,1322.369,275.99,1,8,67.049,1,8,237.085,1,8,33118.8,1,8,6369.665,1,8,26079.349,1,8,130.059,1,8,-9900,?,9,-9900,?,9,17.65,E,8,12.74,E,8,72.0,E,8,964.3861999999999,E,8,999.0,E,8,1.32,E,8,-9900,?,9,-9900,?,9,0.0,E,8,-9900,?,9,-9900,?,9,0.0,0.0,E,8
07/22/2010,11:00,912.329,1322.369,366.76,1,8,70.898,1,8,317.862,1,8,44011.2,1,8,6735.298,1,8,34964.812,1,8,146.7,1,8,-9900,?,9,-9900,?,9,19.54,E,8,13.55,E,8,68.0,E,8,964.3861999999999,E,8,999.0,E,8,1.32,E,8,-9900,?,9,-9900,?,9,0.0,E,8,-9900,?,9,-9900,?,9,0.0,0.0,E,8
07/22/2010,12:00,983.534,1322.369,422.63,1,8,87.432,1,8,357.617,1,8,50715.6,1,8,8306.0,1,8,39337.842,1,8,153.086,1,8,-9900,?,9,-9900,?,9,21.07,E,8,14.17,E,8,64.0,E,8,964.3861999999999,E,8,999.0,E,8,1.32,E,8,-9900,?,9,-9900,?,9,0.0,E,8,-9900,?,9,-9900,?,9,0.0,0.0,E,8
07/22/2010,13:00,976.476,1322.369,439.28,1,8,105.85,1,8,361.137,1,8,52713.6,1,8,10055.733,1,8,39725.015,1,8,155.711,1,8,-9900,?,9,-9900,?,9,22.2,E,8,14.62,E,8,62.0,E,8,964.3861999999999,E,8,999.0,E,8,1.32,E,8,-9900,?,9,-9900,?,9,0.0,E,8,-9900,?,9,-9900,?,9,0.0,0.0,E,8
07/22/2010,14:00,891.636,1322.369,415.44,1,8,131.228,1,8,326.988,1,8,49852.8,1,8,12466.704,1,8,35968.626,1,8,154.418,1,8,-9900,?,9,-9900,?,9,22.87,E,8,14.89,E,8,60.0,E,8,964.3861999999999,E,8,999.0,E,8,1.32,E,8,-9900,?,9,-9900,?,9,0.0,E,8,-9900,?,9,-9900,?,9,0.0,0.0,E,8
07/22/2010,15:00,734.821,1322.369,352.91,1,8,167.787,1,8,259.735,1,8,42349.2,1,8,15939.743,1,8,28570.797,1,8,148.88,1,8,-9900,?,9,-9900,?,9,23.1,E,8,14.97,E,8,60.0,E,8,964.3861999999999,E,8,999.0,E,8,1.32,E,8,-9900,?,9,-9900,?,9,0.0,E,8,-9900,?,9,-9900,?,9,0.0,0.0,E,8
07/22/2010,16:00,516.819,1322.369,256.6,1,8,258.266,1,8,155.825,1,8,30792.0,1,8,24535.274,1,8,17140.779,1,8,127.117,1,8,-9900,?,9,-9900,?,9,22.75,E,8,14.84,E,8,60.0,E,8,964.3861999999999,E,8,999.0,E,8,1.32,E,8,-9900,?,9,-9900,?,9,0.0,E,8,-9900,?,9,-9900,?,9,0.0,0.0,E,8
07/22/2010,17:00,253.011,1322.369,135.51,1,8,385.108,1,8,62.371,1,8,16261.2,1,8,36585.285,1,8,6860.856,1,8,104.537,1,8,-9900,?,9,-9900,?,9,21.74,E,8,14.44,E,8,63.0,E,8,964.3861999999999,E,8,999.0,E,8,1.37,E,8,-9900,?,9,-9900,?,9,0.0,E,8,-9900,?,9,-9900,?,9,0.0,0.0,E,8
07/22/2010,18:00,0.0,1322.369,16.02,1,8,0.0,1,8,0.0,1,8,1922.4,1,8,0.0,1,8,0.0,1,8,-0.0,1,8,-9900,?,9,-9900,?,9,20.84,E,8,14.08,E,8,65.0,E,8,964.3861999999999,E,8,999.0,E,8,1.32,E,8,-9900,?,9,-9900,?,9,0.0,E,8,-9900,?,9,-9900,?,9,0.0,0.0,E,8
07/22/2010,19:00,0.0,1322.369,0.0,1,8,0.0,1,8,0.0,1,8,0.0,1,8,0.0,1,8,0.0,1,8,-0.0,1,8,-9900,?,9,-9900,?,9,19.94,E,8,13.71,E,8,67.0,E,8,964.3861999999999,E,8,999.0,E,8,1.32,E,8,-9900,?,9,-9900,?,9,0.0,E,8,-9900,?,9,-9900,?,9,0.0,0.0,E,8
07/22/2010,20:00,0.0,1322.369,0.0,1,8,0.0,1,8,0.0,1,8,0.0,1,8,0.0,1,8,0.0,1,8,-0.0,1,8,-9900,?,9,-9900,?,9,19.04,E,8,13.34,E,8,69.0,E,8,964.3861999999999,E,8,999.0,E,8,1.32,E,8,-9900,?,9,-9900,?,9,0.0,E,8,-9900,?,9,-9900,?,9,0.0,0.0,E,8
07/22/2010,21:00,0.0,1322.369,0.0,1,8,0.0,1,8,0.0,1,8,0.0,1,8,0.0,1,8,0.0,1,8,-0.0,1,8,-9900,?,9,-9900,?,9,18.14,E,8,12.95,E,8,71.0,E,8,964.3861999999999,E,8,999.0,E,8,1.32,E,8,-9900,?,9,-9900,?,9,0.0,E,8,-9900,?,9,-9900,?,9,0.0,0.0,E,8
07/22/2010,22:00,0.0,1322.369,0.0,1,8,0.0,1,8,0.0,1,8,0.0,1,8,0.0,1,8,0.0,1,8,-0.0,1,8,-9900,?,9,-9900,?,9,17.24,E,8,12.55,E,8,73.0,E,8,964.3861999999999,E,8,999.0,E,8,1.32,E,8,-9900,?,9,-9900,?,9,0.0,E,8,-9900,?,9,-9900,?,9,0.0,0.0,E,8
07/22/2010,23:00,0.0,1322.369,0.0,1,8,0.0,1,8,0.0,1,8,0.0,1,8,0.0,1,8,0.0,1,8,-0.0,1,8,-9900,?,9,-9900,?,9,16.34,E,8,12.15,E,8,76.0,E,8,964.3861999999999,E,8,999.0,E,8,1.32,E,8,-9900,?,9,-9900,?,9,0.0,E,8,-9900,?,9,-9900,?,9,0.0,0.0,E,8
07/22/2010,24:00,0.0,1322.369,0.0,1,8,0.0,1,8,0.0,1,8,0.0,1,8,0.0,1,8,0.0,1,8,-0.0,1,8,-9900,?,9,-9900,?,9,15.44,E,8,10.59,E,8,72.0,E,8,964.3861999999999,E,8,999.0,E,8,1.32,E,8,-9900,?,9,-9900,?,9,0.0,E,8,-9900,?,9,-9900,?,9,0.0,0.0,E,8
07/23/2010,01:00,0.0,1322.369,0.0,1,8,0.0,1,8,0.0,1,8,0.0,1,8,0.0,1,8,0.0,1,8,-0.0,1,8,-9900,?,9,-9900,?,9,14.99,E,8,10.54,E,8,74.0,E,8,964.3861999999999,E,8,999.0,E,8,1.32,E,8,-9900,?,9,-9900,?,9,0.0,E,8,-9900,?,9,-9900,?,9,0.0,0.0,E,8
07/23/2010,02:00,0.0,1322.369,0.0,1,8,0.0,1,8,0.0,1,8,0.0,1,8,0.0,1,8,0.0,1,8,-0.0,1,8,-9900,?,9,-9900,?,9,14.54,E,8,10.49,E,8,76.0,E,8,964.3861999999999,E,8,999.0,E,8,1.32,E,8,-9900,?,9,-9900,?,9,0.0,E,8,-9900,?,9,-9900,?,9,0.0,0.0,E,8
07/23/2010,03:00,0.0,1322.369,0.0,1,8,0.0,1,8,0.0,1,8,0.0,1,8,0.0,1,8,0.0,1,8,-0.0,1,8,-9900,?,9,-9900,?,9,14.09,E,8,10.44,E,8,78.0,E,8,964.3861999999999,E,8,999.0,E,8,1.32,E,8,-9900,?,9,-9900,?,9,0.0,E,8,-9900,?,9,-9900,?,9,0.0,0.0,E,8
07/23/2010,04:00,0.0,1322.593,0.0,1,8,0.0,1,8,0.0,1,8,0.0,1,8,0.0,1,8,0.0,1,8,-0.0,1,8,-9900,?,9,-9900,?,9,13.63,E,8,10.38,E,8,80.0,E,8,964.3861999999999,E,8,999.0,E,8,1.32,E,8,-9900,?,9,-9900,?,9,0.0,E,8,-9900,?,9,-9900,?,9,0.0,0.0,E,8
07/23/2010,05:00,0.0,1322.593,0.0,1,8,0.0,1,8,0.0,1,8,0.0,1,8,0.0,1,8,0.0,1,8,-0.0,1,8,-9900,?,9,-9900,?,9,13.18,E,8,10.33,E,8,82.0,E,8,964.3861999999999,E,8,999.0,E,8,1.32,E,8,-9900,?,9,-9900,?,9,0.0,E,8,-9900,?,9,-9900,?,9,0.0,0.0,E,8
07/23/2010,06:00,0.0,1322.593,0.0,1,8,0.0,1,8,0.0,1,8,0.0,1,8,0.0,1,8,0.0,1,8,-0.0,1,8,-9900,?,9,-9900,?,9,12.84,E,8,10.29,E,8,84.0,E,8,964.3861999999999,E,8,999.0,E,8,1.32,E,8,-9900,?,9,-9900,?,9,0.0,E,8,-9900,?,9,-9900,?,9,0.0,0.0,E,8
07/23/2010,07:00,22.668,1322.593,0.0,1,8,0.0,1,8,0.0,1,8,0.0,1,8,0.0,1,8,0.0,1,8,0.0,1,8,-9900,?,9,-9900,?,9,12.54,E,8,10.25,E,8,85.0,E,8,964.3861999999999,E,8,999.0,E,8,1.32,E,8,-9900,?,9,-9900,?,9,0.0,E,8,-9900,?,9,-9900,?,9,0.0,0.0,E,8
07/23/2010,08:00,304.848,1322.593,51.15,1,8,0.0,1,8,51.15,1,8,6138.0,1,8,0.0,1,8,5626.5,1,8,70.998,1,8,-9900,?,9,-9900,?,9,12.24,E,8,10.22,E,8,87.0,E,8,964.3861999999999,E,8,999.0,E,8,1.32,E,8,-9900,?,9,-9900,?,9,0.0,E,8,-9900,?,9,-9900,?,9,0.0,0.0,E,8
07/23/2010,09:00,562.183,1322.593,236.14,1,8,135.471,1,8,178.633,1,8,28336.8,1,8,12869.78,1,8,19649.576,1,8,133.947,1,8,-9900,?,9,-9900,?,9,15.83,E,8,10.64,E,8,71.0,E,8,964.3861999999999,E,8,999.0,E,8,1.32,E,8,-9900,?,9,-9900,?,9,0.0,E,8,-9900,?,9,-9900,?,9,0.0,0.0,E,8
07/23/2010,10:00,770.555,1322.593,419.28,1,8,278.877,1,8,256.896,1,8,50313.6,1,8,26493.354,1,8,28258.57,1,8,140.436,1,8,-9900,?,9,-9900,?,9,18.12,E,8,10.9,E,8,62.0,E,8,964.3861999999999,E,8,999.0,E,8,1.32,E,8,-9900,?,9,-9900,?,9,0.0,E,8,-9900,?,9,-9900,?,9,0.0,0.0,E,8
07/23/2010,11:00,915.397,1322.593,569.38,1,8,457.413,1,8,252.896,1,8,68325.6,1,8,43454.191,1,8,27818.51,1,8,116.345,1,8,-9900,?,9,-9900,?,9,20.21,E,8,11.13,E,8,55.0,E,8,964.3861999999999,E,8,999.0,E,8,1.32,E,8,-9900,?,9,-9900,?,9,0.0,E,8,-9900,?,9,-9900,?,9,0.0,0.0,E,8
07/23/2010,12:00,986.752,1322.593,622.2,1,8,445.625,1,8,289.808,1,8,74664.0,1,8,42334.421,1,8,31878.933,1,8,123.675,1,8,-9900,?,9,-9900,?,9,21.72,E,8,11.3,E,8,51.0,E,8,964.3861999999999,E,8,999.0,E,8,1.32,E,8,-9900,?,9,-9900,?,9,0.0,E,8,-9900,?,9,-9900,?,9,0.0,0.0,E,8
07/23/2010,13:00,979.73,1322.593,629.4,1,8,469.913,1,8,281.389,1,8,75528.0,1,8,44641.737,1,8,30952.818,1,8,120.943,1,8,-9900,?,9,-9900,?,9,22.76,E,8,11.41,E,8,48.0,E,8,964.3861999999999,E,8,999.0,E,8,1.32,E,8,-9900,?,9,-9900,?,9,0.0,E,8,-9900,?,9,-9900,?,9,0.0,0.0,E,8
07/23/2010,14:00,894.808,1322.593,624.67,1,8,676.927,1,8,166.85,1,8,74960.4,1,8,64308.06,1,8,18353.537,1,8,78.528,1,8,-9900,?,9,-9900,?,9,23.49,E,8,11.49,E,8,46.0,E,8,964.3861999999999,E,8,999.0,E,8,1.32,E,8,-9900,?,9,-9900,?,9,0.0,E,8,-9900,?,9,-9900,?,9,0.0,0.0,E,8
07/23/2010,15:00,737.8,1322.593,535.71,1,8,799.385,1,8,90.067,1,8,64285.2,1,8,75941.568,1,8,9907.413,1,8,51.426,1,8,-9900,?,9,-9900,?,9,23.76,E,8,11.52,E,8,46.0,E,8,964.3861999999999,E,8,999.0,E,8,1.32,E,8,-9900,?,9,-9900,?,9,0.0,E,8,-9900,?,9,-9900,?,9,0.0,0.0,E,8
07/23/2010,16:00,519.506,1322.593,385.51,1,8,624.636,1,8,140.548,1,8,46261.2,1,8,59340.442,1,8,15460.317,1,8,114.079,1,8,-9900,?,9,-9900,?,9,23.4,E,8,11.48,E,8,47.0,E,8,964.3861999999999,E,8,999.0,E,8,1.32,E,8,-9900,?,9,-9900,?,9,0.0,E,8,-9900,?,9,-9900,?,9,0.0,0.0,E,8
07/23/2010,17:00,255.319,1322.593,216.3,1,8,538.884,1,8,113.027,1,8,25956.0,1,8,51193.946,1,8,12433.005,1,8,187.734,1,8,-9900,?,9,-9900,?,9,22.4,E,8,11.37,E,8,49.0,E,8,964.3861999999999,E,8,999.0,E,8,1.32,E,8,-9900,?,9,-9900,?,9,0.0,E,8,-9900,?,9,-9900,?,9,0.0,0.0,E,8
07/23/2010,18:00,0.0,1322.593,24.4,1,8,0.0,1,8,0.0,1,8,2928.0,1,8,0.0,1,8,0.0,1,8,-0.0,1,8,-9900,?,9,-9900,?,9,21.43,E,8,11.27,E,8,52.0,E,8,964.3861999999999,E,8,999.0,E,8,1.32,E,8,-9900,?,9,-9900,?,9,0.0,E,8,-9900,?,9,-9900,?,9,0.0,0.0,E,8
07/23/2010,19:00,0.0,1322.593,0.0,1,8,0.0,1,8,0.0,1,8,0.0,1,8,0.0,1,8,0.0,1,8,-0.0,1,8,-9900,?,9,-9900,?,9,20.47,E,8,11.16,E,8,55.0,E,8,964.3861999999999,E,8,999.0,E,8,1.32,E,8,-9900,?,9,-9900,?,9,0.0,E,8,-9900,?,9,-9900,?,9,0.0,0.0,E,8
07/23/2010,20:00,0.0,1322.593,0.0,1,8,0.0,1,8,0.0,1,8,0.0,1,8,0.0,1,8,0.0,1,8,-0.0,1,8,-9900,?,9,-9900,?,9,19.51,E,8,11.05,E,8,58.0,E,8,964.3861999999999,E,8,999.0,E,8,1.32,E,8,-9900,?,9,-9900,?,9,0.0,E,8,-9900,?,9,-9900,?,9,0.0,0.0,E,8
07/23/2010,21:00,0.0,1322.593,0.0,1,8,0.0,1,8,0.0,1,8,0.0,1,8,0.0,1,8,0.0,1,8,-0.0,1,8,-9900,?,9,-9900,?,9,18.54,E,8,10.94,E,8,61.0,E,8,964.3861999999999,E,8,999.0,E,8,1.32,E,8,-9900,?,9,-9900,?,9,0.0,E,8,-9900,?,9,-9900,?,9,0.0,0.0,E,8
07/23/2010,22:00,0.0,1322.593,0.0,1,8,0.0,1,8,0.0,1,8,0.0,1,8,0.0,1,8,0.0,1,8,-0.0,1,8,-9900,?,9,-9900,?,9,17.58,E,8,10.84,E,8,64.0,E,8,964.3861999999999,E,8,999.0,E,8,1.32,E,8,-9900,?,9,-9900,?,9,0.0,E,8,-9900,?,9,-9900,?,9,0.0,0.0,E,8
07/23/2010,23:00,0.0,1322.593,0.0,1,8,0.0,1,8,0.0,1,8,0.0,1,8,0.0,1,8,0.0,1,8,-0.0,1,8,-9900,?,9,-9900,?,9,16.62,E,8,10.73,E,8,68.0,E,8,964.3861999999999,E,8,999.0,E,8,1.32,E,8,-9900,?,9,-9900,?,9,0.0,E,8,-9900,?,9,-9900,?,9,0.0,0.0,E,8
07/23/2010,24:00,0.0,1322.593,0.0,1,8,0.0,1,8,0.0,1,8,0.0,1,8,0.0,1,8,0.0,1,8,-0.0,1,8,-9900,?,9,-9900,?,9,15.65,E,8,10.32,E,8,70.0,E,8,964.3861999999999,E,8,999.0,E,8,1.03,E,8,-9900,?,9,-9900,?,9,0.0,E,8,-9900,?,9,-9900,?,9,0.0,0.0,E,8
07/24/2010,01:00,0.0,1322.593,0.0,1,8,0.0,1,8,0.0,1,8,0.0,1,8,0.0,1,8,0.0,1,8,-0.0,1,8,-9900,?,9,-9900,?,9,15.17,E,8,10.3,E,8,72.0,E,8,964.3861999999999,E,8,999.0,E,8,1.03,E,8,-9900,?,9,-9900,?,9,0.0,E,8,-9900,?,9,-9900,?,9,0.0,0.0,E,8
07/24/2010,02:00,0.0,1322.593,0.0,1,8,0.0,1,8,0.0,1,8,0.0,1,8,0.0,1,8,0.0,1,8,-0.0,1,8,-9900,?,9,-9900,?,9,14.69,E,8,10.29,E,8,74.0,E,8,964.3861999999999,E,8,999.0,E,8,1.03,E,8,-9900,?,9,-9900,?,9,0.0,E,8,-9900,?,9,-9900,?,9,0.0,0.0,E,8
07/24/2010,03:00,0.0,1322.593,0.0,1,8,0.0,1,8,0.0,1,8,0.0,1,8,0.0,1,8,0.0,1,8,-0.0,1,8,-9900,?,9,-9900,?,9,14.21,E,8,10.27,E,8,77.0,E,8,964.3861999999999,E,8,999.0,E,8,1.03,E,8,-9900,?,9,-9900,?,9,0.0,E,8,-9900,?,9,-9900,?,9,0.0,0.0,E,8
07/24/2010,04:00,0.0,1322.83,0.0,1,8,0.0,1,8,0.0,1,8,0.0,1,8,0.0,1,8,0.0,1,8,-0.0,1,8,-9900,?,9,-9900,?,9,13.72,E,8,10.26,E,8,79.0,E,8,964.3861999999999,E,8,999.0,E,8,1.03,E,8,-9900,?,9,-9900,?,9,0.0,E,8,-9900,?,9,-9900,?,9,0.0,0.0,E,8
07/24/2010,05:00,0.0,1322.83,0.0,1,8,0.0,1,8,0.0,1,8,0.0,1,8,0.0,1,8,0.0,1,8,-0.0,1,8,-9900,?,9,-9900,?,9,13.24,E,8,10.24,E,8,82.0,E,8,964.3861999999999,E,8,999.0,E,8,1.03,E,8,-9900,?,9,-9900,?,9,0.0,E,8,-9900,?,9,-9900,?,9,0.0,0.0,E,8
07/24/2010,06:00,0.0,1322.83,0.0,1,8,0.0,1,8,0.0,1,8,0.0,1,8,0.0,1,8,0.0,1,8,-0.0,1,8,-9900,?,9,-9900,?,9,12.87,E,8,10.23,E,8,83.0,E,8,964.3861999999999,E,8,999.0,E,8,1.03,E,8,-9900,?,9,-9900,?,9,0.0,E,8,-9900,?,9,-9900,?,9,0.0,0.0,E,8
07/24/2010,07:00,24.202,1322.83,0.0,1,8,0.0,1,8,0.0,1,8,0.0,1,8,0.0,1,8,0.0,1,8,0.0,1,8,-9900,?,9,-9900,?,9,12.55,E,8,10.22,E,8,85.0,E,8,964.3861999999999,E,8,999.0,E,8,1.03,E,8,-9900,?,9,-9900,?,9,0.0,E,8,-9900,?,9,-9900,?,9,0.0,0.0,E,8
07/24/2010,08:00,307.013,1322.83,44.53,1,8,0.0,1,8,44.53,1,8,5343.6,1,8,0.0,1,8,4898.3,1,8,61.38,1,8,-9900,?,9,-9900,?,9,12.23,E,8,10.21,E,8,87.0,E,8,964.3861999999999,E,8,999.0,E,8,1.03,E,8,-9900,?,9,-9900,?,9,0.0,E,8,-9900,?,9,-9900,?,9,0.0,0.0,E,8
07/24/2010,09:00,564.76,1322.83,229.63,1,8,118.198,1,8,179.233,1,8,27555.6,1,8,11228.81,1,8,19715.668,1,8,133.807,1,8,-9900,?,9,-9900,?,9,15.37,E,8,10.31,E,8,71.0,E,8,964.3861999999999,E,8,999.0,E,8,1.03,E,8,-9900,?,9,-9900,?,9,0.0,E,8,-9900,?,9,-9900,?,9,0.0,0.0,E,8
07/24/2010,10:00,773.472,1322.83,409.33,1,8,263.608,1,8,255.283,1,8,49119.6,1,8,25042.737,1,8,28081.11,1,8,139.052,1,8,-9900,?,9,-9900,?,9,17.45,E,8,10.37,E,8,63.0,E,8,964.3861999999999,E,8,999.0,E,8,1.07,E,8,-9900,?,9,-9900,?,9,0.0,E,8,-9900,?,9,-9900,?,9,0.0,0.0,E,8
07/24/2010,11:00,918.562,1322.83,526.54,1,8,313.527,1,8,308.898,1,8,63184.8,1,8,29785.033,1,8,33978.825,1,8,141.644,1,8,-9900,?,9,-9900,?,9,19.16,E,8,10.42,E,8,56.0,E,8,964.3861999999999,E,8,999.0,E,8,1.27,E,8,-9900,?,9,-9900,?,9,0.0,E,8,-9900,?,9,-9900,?,9,0.0,0.0,E,8
07/24/2010,12:00,990.057,1322.83,618.4,1,8,425.279,1,8,300.178,1,8,74208.0,1,8,40401.552,1,8,33019.563,1,8,127.695,1,8,-9900,?,9,-9900,?,9,20.61,E,8,10.46,E,8,52.0,E,8,964.3861999999999,E,8,999.0,E,8,1.96,E,8,-9900,?,9,-9900,?,9,0.0,E,8,-9900,?,9,-9900,?,9,0.0,0.0,E,8
07/24/2010,13:00,983.058,1322.83,655.31,1,8,524.216,1,8,265.833,1,8,78637.2,1,8,49800.533,1,8,29241.608,1,8,113.89,1,8,-9900,?,9,-9900,?,9,21.72,E,8,10.5,E,8,48.0,E,8,964.3861999999999,E,8,999.0,E,8,1.94,E,8,-9900,?,9,-9900,?,9,0.0,E,8,-9900,?,9,-9900,?,9,0.0,0.0,E,8
07/24/2010,14:00,898.04,1322.83,615.23,1,8,596.37,1,8,210.507,1,8,73827.6,1,8,56655.126,1,8,23155.759,1,8,98.736,1,8,-9900,?,9,-9900,?,9,22.38,E,8,10.52,E,8,46.0,E,8,964.3861999999999,E,8,999.0,E,8,2.37,E,8,-9900,?,9,-9900,?,9,0.0,E,8,-9900,?,9,-9900,?,9,0.0,0.0,E,8
07/24/2010,15:00,740.823,1322.83,534.29,1,8,701.534,1,8,141.663,1,8,64114.8,1,8,66645.763,1,8,15582.891,1,8,80.57,1,8,-9900,?,9,-9900,?,9,22.64,E,8,10.52,E,8,46.0,E,8,964.3861999999999,E,8,999.0,E,8,2.03,E,8,-9900,?,9,-9900,?,9,0.0,E,8,-9900,?,9,-9900,?,9,0.0,0.0,E,8
07/24/2010,16:00,522.22,1322.83,396.18,1,8,731.825,1,8,107.729,1,8,47541.6,1,8,69523.389,1,8,11850.224,1,8,87.0,1,8,-9900,?,9,-9900,?,9,22.39,E,8,10.52,E,8,46.0,E,8,964.3861999999999,E,8,999.0,E,8,2.65,E,8,-9900,?,9,-9900,?,9,0.0,E,8,-9900,?,9,-9900,?,9,0.0,0.0,E,8
07/24/2010,17:00,257.639,1322.83,216.6,1,8,558.99,1,8,108.506,1,8,25992.0,1,8,53104.077,1,8,11935.66,1,8,178.61,1,8,-9900,?,9,-9900,?,9,21.49,E,8,10.49,E,8,49.0,E,8,964.3861999999999,E,8,999.0,E,8,1.95,E,8,-9900,?,9,-9900,?,9,0.0,E,8,-9900,?,9,-9900,?,9,0.0,0.0,E,8
07/24/2010,18:00,0.0,1322.83,22.6,1,8,0.0,1,8,0.0,1,8,2712.0,1,8,0.0,1,8,0.0,1,8,-0.0,1,8,-9900,?,9,-9900,?,9,20.68,E,8,10.47,E,8,51.0,E,8,964.3861999999999,E,8,999.0,E,8,1.03,E,8,-9900,?,9,-9900,?,9,0.0,E,8,-9900,?,9,-9900,?,9,0.0,0.0,E,8
07/24/2010,19:00,0.0,1322.83,0.0,1,8,0.0,1,8,0.0,1,8,0.0,1,8,0.0,1,8,0.0,1,8,-0.0,1,8,-9900,?,9,-9900,?,9,19.88,E,8,10.44,E,8,54.0,E,8,964.3861999999999,E,8,999.0,E,8,1.03,E,8,-9900,?,9,-9900,?,9,0.0,E,8,-9900,?,9,-9900,?,9,0.0,0.0,E,8
07/24/2010,20:00,0.0,1322.83,0.0,1,8,0.0,1,8,0.0,1,8,0.0,1,8,0.0,1,8,0.0,1,8,-0.0,1,8,-9900,?,9,-9900,?,9,19.07,E,8,10.42,E,8,57.0,E,8,964.3861999999999,E,8,999.0,E,8,1.03,E,8,-9900,?,9,-9900,?,9,0.0,E,8,-9900,?,9,-9900,?,9,0.0,0.0,E,8
07/24/2010,21:00,0.0,1322.83,0.0,1,8,0.0,1,8,0.0,1,8,0.0,1,8,0.0,1,8,0.0,1,8,-0.0,1,8,-9900,?,9,-9900,?,9,18.27,E,8,10.39,E,8,60.0,E,8,964.3861999999999,E,8,999.0,E,8,1.03,E,8,-9900,?,9,-9900,?,9,0.0,E,8,-9900,?,9,-9900,?,9,0.0,0.0,E,8
07/24/2010,22:00,0.0,1322.83,0.0,1,8,0.0,1,8,0.0,1,8,0.0,1,8,0.0,1,8,0.0,1,8,-0.0,1,8,-9900,?,9,-9900,?,9,17.46,E,8,10.37,E,8,63.0,E,8,964.3861999999999,E,8,999.0,E,8,1.03,E,8,-9900,?,9,-9900,?,9,0.0,E,8,-9900,?,9,-9900,?,9,0.0,0.0,E,8
07/24/2010,23:00,0.0,1322.83,0.0,1,8,0.0,1,8,0.0,1,8,0.0,1,8,0.0,1,8,0.0,1,8,-0.0,1,8,-9900,?,9,-9900,?,9,16.66,E,8,10.35,E,8,66.0,E,8,964.3861999999999,E,8,999.0,E,8,1.03,E,8,-9900,?,9,-9900,?,9,0.0,E,8,-9900,?,9,-9900,?,9,0.0,0.0,E,8
07/24/2010,24:00,0.0,1322.83,0.0,1,8,0.0,1,8,0.0,1,8,0.0,1,8,0.0,1,8,0.0,1,8,-0.0,1,8,-9900,?,9,-9900,?,9,15.85,E,8,11.21,E,8,73.0,E,8,964.3861999999999,E,8,999.0,E,8,0.93,E,8,-9900,?,9,-9900,?,9,0.0,E,8,-9900,?,9,-9900,?,9,0.0,0.0,E,8
07/25/2010,01:00,0.0,1322.83,0.0,1,8,0.0,1,8,0.0,1,8,0.0,1,8,0.0,1,8,0.0,1,8,-0.0,1,8,-9900,?,9,-9900,?,9,15.45,E,8,11.1,E,8,75.0,E,8,964.3861999999999,E,8,999.0,E,8,0.93,E,8,-9900,?,9,-9900,?,9,0.0,E,8,-9900,?,9,-9900,?,9,0.0,0.0,E,8
07/25/2010,02:00,0.0,1322.83,0.0,1,8,0.0,1,8,0.0,1,8,0.0,1,8,0.0,1,8,0.0,1,8,-0.0,1,8,-9900,?,9,-9900,?,9,15.05,E,8,11.0,E,8,76.0,E,8,964.3861999999999,E,8,999.0,E,8,0.93,E,8,-9900,?,9,-9900,?,9,0.0,E,8,-9900,?,9,-9900,?,9,0.0,0.0,E,8
07/25/2010,03:00,0.0,1322.83,0.0,1,8,0.0,1,8,0.0,1,8,0.0,1,8,0.0,1,8,0.0,1,8,-0.0,1,8,-9900,?,9,-9900,?,9,14.65,E,8,10.89,E,8,78.0,E,8,964.3861999999999,E,8,999.0,E,8,0.93,E,8,-9900,?,9,-9900,?,9,0.0,E,8,-9900,?,9,-9900,?,9,0.0,0.0,E,8
07/25/2010,04:00,0.0,1323.079,0.0,1,8,0.0,1,8,0.0,1,8,0.0,1,8,0.0,1,8,0.0,1,8,-0.0,1,8,-9900,?,9,-9900,?,9,14.25,E,8,10.79,E,8,79.0,E,8,964.3861999999999,E,8,999.0,E,8,0.93,E,8,-9900,?,9,-9900,?,9,0.0,E,8,-9900,?,9,-9900,?,9,0.0,0.0,E,8
07/25/2010,05:00,0.0,1323.079,0.0,1,8,0.0,1,8,0.0,1,8,0.0,1,8,0.0,1,8,0.0,1,8,-0.0,1,8,-9900,?,9,-9900,?,9,13.84,E,8,10.67,E,8,81.0,E,8,964.3861999999999,E,8,999.0,E,8,0.93,E,8,-9900,?,9,-9900,?,9,0.0,E,8,-9900,?,9,-9900,?,9,0.0,0.0,E,8
07/25/2010,06:00,0.0,1323.079,0.0,1,8,0.0,1,8,0.0,1,8,0.0,1,8,0.0,1,8,0.0,1,8,-0.0,1,8,-9900,?,9,-9900,?,9,13.53,E,8,10.59,E,8,82.0,E,8,964.3861999999999,E,8,999.0,E,8,0.93,E,8,-9900,?,9,-9900,?,9,0.0,E,8,-9900,?,9,-9900,?,9,0.0,0.0,E,8
07/25/2010,07:00,25.83,1323.079,0.0,1,8,0.0,1,8,0.0,1,8,0.0,1,8,0.0,1,8,0.0,1,8,0.0,1,8,-9900,?,9,-9900,?,9,13.27,E,8,10.52,E,8,83.0,E,8,964.3861999999999,E,8,999.0,E,8,0.93,E,8,-9900,?,9,-9900,?,9,0.0,E,8,-9900,?,9,-9900,?,9,0.0,0.0,E,8
07/25/2010,08:00,309.282,1323.079,20.76,1,8,0.0,1,8,20.76,1,8,2491.2,1,8,0.0,1,8,2283.6,1,8,28.409,1,8,-9900,?,9,-9900,?,9,13.0,E,8,10.45,E,8,84.0,E,8,964.3861999999999,E,8,999.0,E,8,0.93,E,8,-9900,?,9,-9900,?,9,0.0,E,8,-9900,?,9,-9900,?,9,0.0,0.0,E,8
07/25/2010,09:00,567.443,1323.079,142.36,1,8,3.749,1,8,140.754,1,8,17083.2,1,8,356.128,1,8,15482.976,1,8,104.601,1,8,-9900,?,9,-9900,?,9,14.9,E,8,10.96,E,8,77.0,E,8,964.3861999999999,E,8,999.0,E,8,0.93,E,8,-9900,?,9,-9900,?,9,0.0,E,8,-9900,?,9,-9900,?,9,0.0,0.0,E,8
07/25/2010,10:00,776.492,1323.079,276.89,1,8,31.482,1,8,258.424,1,8,33226.8,1,8,2990.77,1,8,28426.661,1,8,140.241,1,8,-9900,?,9,-9900,?,9,16.42,E,8,11.36,E,8,71.0,E,8,964.3861999999999,E,8,999.0,E,8,0.93,E,8,-9900,?,9,-9900,?,9,0.0,E,8,-9900,?,9,-9900,?,9,0.0,0.0,E,8
07/25/2010,11:00,921.823,1323.079,435.22,1,8,142.361,1,8,336.064,1,8,52226.4,1,8,13524.334,1,8,36967.043,1,8,153.584,1,8,-9900,?,9,-9900,?,9,18.11,E,8,11.79,E,8,66.0,E,8,964.3861999999999,E,8,999.0,E,8,0.93,E,8,-9900,?,9,-9900,?,9,0.0,E,8,-9900,?,9,-9900,?,9,0.0,0.0,E,8
07/25/2010,12:00,993.448,1323.079,599.98,1,8,346.098,1,8,340.168,1,8,71997.6,1,8,32879.339,1,8,37418.425,1,8,144.239,1,8,-9900,?,9,-9900,?,9,19.88,E,8,12.23,E,8,61.0,E,8,964.3861999999999,E,8,999.0,E,8,0.93,E,8,-9900,?,9,-9900,?,9,0.0,E,8,-9900,?,9,-9900,?,9,0.0,0.0,E,8
07/25/2010,13:00,986.458,1323.079,615.35,1,8,421.701,1,8,301.013,1,8,73842.0,1,8,40061.595,1,8,33111.422,1,8,128.542,1,8,-9900,?,9,-9900,?,9,21.13,E,8,12.54,E,8,57.0,E,8,964.3861999999999,E,8,999.0,E,8,0.93,E,8,-9900,?,9,-9900,?,9,0.0,E,8,-9900,?,9,-9900,?,9,0.0,0.0,E,8
07/25/2010,14:00,901.328,1323.079,599.14,1,8,537.191,1,8,233.311,1,8,71896.8,1,8,51033.113,1,8,25664.178,1,8,109.052,1,8,-9900,?,9,-9900,?,9,21.97,E,8,12.74,E,8,55.0,E,8,964.3861999999999,E,8,999.0,E,8,1.43,E,8,-9900,?,9,-9900,?,9,0.0,E,8,-9900,?,9,-9900,?,9,0.0,0.0,E,8
07/25/2010,15:00,743.886,1323.079,564.14,1,8,659.221,1,8,193.735,1,8,67696.8,1,8,62625.997,1,8,21310.903,1,8,109.752,1,8,-9900,?,9,-9900,?,9,22.49,E,8,12.86,E,8,54.0,E,8,964.3861999999999,E,8,999.0,E,8,2.9,E,8,-9900,?,9,-9900,?,9,0.0,E,8,-9900,?,9,-9900,?,9,0.0,0.0,E,8
07/25/2010,16:00,524.959,1323.079,406.88,1,8,632.906,1,8,156.153,1,8,48825.6,1,8,60126.051,1,8,17176.787,1,8,125.469,1,8,-9900,?,9,-9900,?,9,22.49,E,8,12.86,E,8,54.0,E,8,964.3861999999999,E,8,999.0,E,8,3.07,E,8,-9900,?,9,-9900,?,9,0.0,E,8,-9900,?,9,-9900,?,9,0.0,0.0,E,8
07/25/2010,17:00,259.97,1323.079,252.76,1,8,485.255,1,8,158.081,1,8,30331.2,1,8,46099.184,1,8,17388.952,1,8,257.898,1,8,-9900,?,9,-9900,?,9,21.88,E,8,12.72,E,8,56.0,E,8,964.3861999999999,E,8,999.0,E,8,3.31,E,8,-9900,?,9,-9900,?,9,0.0,E,8,-9900,?,9,-9900,?,9,0.0,0.0,E,8
07/25/2010,18:00,0.0,1323.079,52.42,1,8,0.0,1,8,0.0,1,8,6290.4,1,8,0.0,1,8,0.0,1,8,-0.0,1,8,-9900,?,9,-9900,?,9,20.66,E,8,12.42,E,8,59.0,E,8,964.3861999999999,E,8,999.0,E,8,2.45,E,8,-9900,?,9,-9900,?,9,0.0,E,8,-9900,?,9,-9900,?,9,0.0,0.0,E,8
07/25/2010,19:00,0.0,1323.079,0.0,1,8,0.0,1,8,0.0,1,8,0.0,1,8,0.0,1,8,0.0,1,8,-0.0,1,8,-9900,?,9,-9900,?,9,19.86,E,8,12.23,E,8,61.0,E,8,964.3861999999999,E,8,999.0,E,8,1.71,E,8,-9900,?,9,-9900,?,9,0.0,E,8,-9900,?,9,-9900,?,9,0.0,0.0,E,8
07/25/2010,20:00,0.0,1323.079,0.0,1,8,0.0,1,8,0.0,1,8,0.0,1,8,0.0,1,8,0.0,1,8,-0.0,1,8,-9900,?,9,-9900,?,9,19.05,E,8,12.03,E,8,63.0,E,8,964.3861999999999,E,8,999.0,E,8,0.93,E,8,-9900,?,9,-9900,?,9,0.0,E,8,-9900,?,9,-9900,?,9,0.0,0.0,E,8
07/25/2010,21:00,0.0,1323.079,0.0,1,8,0.0,1,8,0.0,1,8,0.0,1,8,0.0,1,8,0.0,1,8,-0.0,1,8,-9900,?,9,-9900,?,9,18.25,E,8,11.83,E,8,66.0,E,8,964.3861999999999,E,8,999.0,E,8,0.93,E,8,-9900,?,9,-9900,?,9,0.0,E,8,-9900,?,9,-9900,?,9,0.0,0.0,E,8
07/25/2010,22:00,0.0,1323.079,0.0,1,8,0.0,1,8,0.0,1,8,0.0,1,8,0.0,1,8,0.0,1,8,-0.0,1,8,-9900,?,9,-9900,?,9,17.45,E,8,11.62,E,8,68.0,E,8,964.3861999999999,E,8,999.0,E,8,0.93,E,8,-9900,?,9,-9900,?,9,0.0,E,8,-9900,?,9,-9900,?,9,0.0,0.0,E,8
07/25/2010,23:00,0.0,1323.079,0.0,1,8,0.0,1,8,0.0,1,8,0.0,1,8,0.0,1,8,0.0,1,8,-0.0,1,8,-9900,?,9,-9900,?,9,16.65,E,8,11.42,E,8,71.0,E,8,964.3861999999999,E,8,999.0,E,8,0.93,E,8,-9900,?,9,-9900,?,9,0.0,E,8,-9900,?,9,-9900,?,9,0.0,0.0,E,8
07/25/2010,24:00,0.0,1323.079,0.0,1,8,0.0,1,8,0.0,1,8,0.0,1,8,0.0,1,8,0.0,1,8,-0.0,1,8,-9900,?,9,-9900,?,9,15.84,E,8,11.58,E,8,75.0,E,8,964.3861999999999,E,8,999.0,E,8,0.75,E,8,-9900,?,9,-9900,?,9,0.0,E,8,-9900,?,9,-9900,?,9,0.0,0.0,E,8
07/26/2010,01:00,0.0,1323.079,0.0,1,8,0.0,1,8,0.0,1,8,0.0,1,8,0.0,1,8,0.0,1,8,-0.0,1,8,-9900,?,9,-9900,?,9,15.44,E,8,11.52,E,8,77.0,E,8,964.3861999999999,E,8,999.0,E,8,0.75,E,8,-9900,?,9,-9900,?,9,0.0,E,8,-9900,?,9,-9900,?,9,0.0,0.0,E,8
07/26/2010,02:00,0.0,1323.079,0.0,1,8,0.0,1,8,0.0,1,8,0.0,1,8,0.0,1,8,0.0,1,8,-0.0,1,8,-9900,?,9,-9900,?,9,15.04,E,8,11.47,E,8,79.0,E,8,964.3861999999999,E,8,999.0,E,8,0.75,E,8,-9900,?,9,-9900,?,9,0.0,E,8,-9900,?,9,-9900,?,9,0.0,0.0,E,8
07/26/2010,03:00,0.0,1323.079,0.0,1,8,0.0,1,8,0.0,1,8,0.0,1,8,0.0,1,8,0.0,1,8,-0.0,1,8,-9900,?,9,-9900,?,9,14.64,E,8,11.41,E,8,80.0,E,8,964.3861999999999,E,8,999.0,E,8,0.75,E,8,-9900,?,9,-9900,?,9,0.0,E,8,-9900,?,9,-9900,?,9,0.0,0.0,E,8
07/26/2010,04:00,0.0,1323.34,0.0,1,8,0.0,1,8,0.0,1,8,0.0,1,8,0.0,1,8,0.0,1,8,-0.0,1,8,-9900,?,9,-9900,?,9,14.24,E,8,11.36,E,8,82.0,E,8,964.3861999999999,E,8,999.0,E,8,0.75,E,8,-9900,?,9,-9900,?,9,0.0,E,8,-9900,?,9,-9900,?,9,0.0,0.0,E,8
07/26/2010,05:00,0.0,1323.34,0.0,1,8,0.0,1,8,0.0,1,8,0.0,1,8,0.0,1,8,0.0,1,8,-0.0,1,8,-9900,?,9,-9900,?,9,13.84,E,8,11.3,E,8,84.0,E,8,964.3861999999999,E,8,999.0,E,8,0.75,E,8,-9900,?,9,-9900,?,9,0.0,E,8,-9900,?,9,-9900,?,9,0.0,0.0,E,8
07/26/2010,06:00,0.0,1323.34,0.0,1,8,0.0,1,8,0.0,1,8,0.0,1,8,0.0,1,8,0.0,1,8,-0.0,1,8,-9900,?,9,-9900,?,9,13.53,E,8,11.25,E,8,86.0,E,8,964.3861999999999,E,8,999.0,E,8,0.75,E,8,-9900,?,9,-9900,?,9,0.0,E,8,-9900,?,9,-9900,?,9,0.0,0.0,E,8
07/26/2010,07:00,27.554,1323.34,0.0,1,8,0.0,1,8,0.0,1,8,0.0,1,8,0.0,1,8,0.0,1,8,0.0,1,8,-9900,?,9,-9900,?,9,13.26,E,8,11.22,E,8,87.0,E,8,964.3861999999999,E,8,999.0,E,8,0.75,E,8,-9900,?,9,-9900,?,9,0.0,E,8,-9900,?,9,-9900,?,9,0.0,0.0,E,8
07/26/2010,08:00,311.654,1323.34,49.72,1,8,0.0,1,8,49.72,1,8,5966.4,1,8,0.0,1,8,5469.2,1,8,67.529,1,8,-9900,?,9,-9900,?,9,13.0,E,8,11.18,E,8,88.0,E,8,964.3861999999999,E,8,999.0,E,8,0.75,E,8,-9900,?,9,-9900,?,9,0.0,E,8,-9900,?,9,-9900,?,9,0.0,0.0,E,8
07/26/2010,09:00,570.231,1323.34,218.88,1,8,84.978,1,8,182.31,1,8,26265.6,1,8,8072.918,1,8,20054.051,1,8,134.845,1,8,-9900,?,9,-9900,?,9,15.77,E,8,11.57,E,8,76.0,E,8,964.3861999999999,E,8,999.0,E,8,0.75,E,8,-9900,?,9,-9900,?,9,0.0,E,8,-9900,?,9,-9900,?,9,0.0,0.0,E,8
07/26/2010,10:00,779.613,1323.34,463.68,1,8,387.015,1,8,235.805,1,8,55641.6,1,8,36766.414,1,8,25938.594,1,8,127.478,1,8,-9900,?,9,-9900,?,9,18.04,E,8,11.89,E,8,67.0,E,8,964.3861999999999,E,8,999.0,E,8,0.75,E,8,-9900,?,9,-9900,?,9,0.0,E,8,-9900,?,9,-9900,?,9,0.0,0.0,E,8
07/26/2010,11:00,925.178,1323.34,629.79,1,8,609.744,1,8,203.635,1,8,75574.8,1,8,57925.651,1,8,22399.815,1,8,92.743,1,8,-9900,?,9,-9900,?,9,20.03,E,8,12.16,E,8,60.0,E,8,964.3861999999999,E,8,999.0,E,8,1.05,E,8,-9900,?,9,-9900,?,9,0.0,E,8,-9900,?,9,-9900,?,9,0.0,0.0,E,8
07/26/2010,12:00,996.922,1323.34,669.13,1,8,553.485,1,8,252.262,1,8,80295.6,1,8,52581.12,1,8,27748.797,1,8,106.613,1,8,-9900,?,9,-9900,?,9,21.39,E,8,12.34,E,8,56.0,E,8,964.3861999999999,E,8,999.0,E,8,1.34,E,8,-9900,?,9,-9900,?,9,0.0,E,8,-9900,?,9,-9900,?,9,0.0,0.0,E,8
07/26/2010,13:00,989.929,1323.34,640.51,1,8,501.439,1,8,265.494,1,8,76861.2,1,8,47636.7,1,8,29204.32,1,8,112.998,1,8,-9900,?,9,-9900,?,9,22.19,E,8,12.45,E,8,53.0,E,8,964.3861999999999,E,8,999.0,E,8,1.01,E,8,-9900,?,9,-9900,?,9,0.0,E,8,-9900,?,9,-9900,?,9,0.0,0.0,E,8
07/26/2010,14:00,904.672,1323.34,584.65,1,8,528.982,1,8,223.144,1,8,70158.0,1,8,50253.277,1,8,24545.877,1,8,103.935,1,8,-9900,?,9,-9900,?,9,22.6,E,8,12.5,E,8,52.0,E,8,964.3861999999999,E,8,999.0,E,8,1.33,E,8,-9900,?,9,-9900,?,9,0.0,E,8,-9900,?,9,-9900,?,9,0.0,0.0,E,8
07/26/2010,15:00,746.989,1323.34,451.82,1,8,361.405,1,8,247.945,1,8,54218.4,1,8,34333.517,1,8,27273.899,1,8,139.905,1,8,-9900,?,9,-9900,?,9,22.54,E,8,12.49,E,8,52.0,E,8,964.3861999999999,E,8,999.0,E,8,1.86,E,8,-9900,?,9,-9900,?,9,0.0,E,8,-9900,?,9,-9900,?,9,0.0,0.0,E,8
07/26/2010,16:00,527.722,1323.34,133.28,1,8,3.42,1,8,131.918,1,8,15993.6,1,8,324.912,1,8,14511.004,1,8,105.461,1,8,-9900,?,9,-9900,?,9,21.26,E,8,12.32,E,8,56.0,E,8,964.3861999999999,E,8,999.0,E,8,2.24,E,8,-9900,?,9,-9900,?,9,0.0,E,8,-9900,?,9,-9900,?,9,0.0,0.0,E,8
07/26/2010,17:00,262.311,1323.34,84.49,1,8,64.361,1,8,71.82,1,8,10138.8,1,8,6114.268,1,8,7900.24,1,8,116.133,1,8,-9900,?,9,-9900,?,9,20.06,E,8,12.16,E,8,60.0,E,8,964.3861999999999,E,8,999.0,E,8,2.86,E,8,-9900,?,9,-9900,?,9,0.0,E,8,-9900,?,9,-9900,?,9,0.0,0.0,E,8
07/26/2010,18:00,0.0,1323.34,24.99,1,8,0.0,1,8,0.0,1,8,2998.8,1,8,0.0,1,8,0.0,1,8,-0.0,1,8,-9900,?,9,-9900,?,9,18.88,E,8,12.0,E,8,64.0,E,8,964.3861999999999,E,8,999.0,E,8,2.23,E,8,-9900,?,9,-9900,?,9,0.0,E,8,-9900,?,9,-9900,?,9,0.0,0.0,E,8
07/26/2010,19:00,0.0,1323.34,0.0,1,8,0.0,1,8,0.0,1,8,0.0,1,8,0.0,1,8,0.0,1,8,-0.0,1,8,-9900,?,9,-9900,?,9,18.39,E,8,11.93,E,8,66.0,E,8,964.3861999999999,E,8,999.0,E,8,1.87,E,8,-9900,?,9,-9900,?,9,0.0,E,8,-9900,?,9,-9900,?,9,0.0,0.0,E,8
07/26/2010,20:00,0.0,1323.34,0.0,1,8,0.0,1,8,0.0,1,8,0.0,1,8,0.0,1,8,0.0,1,8,-0.0,1,8,-9900,?,9,-9900,?,9,17.89,E,8,11.87,E,8,67.0,E,8,964.3861999999999,E,8,999.0,E,8,1.78,E,8,-9900,?,9,-9900,?,9,0.0,E,8,-9900,?,9,-9900,?,9,0.0,0.0,E,8
07/26/2010,21:00,0.0,1323.34,0.0,1,8,0.0,1,8,0.0,1,8,0.0,1,8,0.0,1,8,0.0,1,8,-0.0,1,8,-9900,?,9,-9900,?,9,17.39,E,8,11.8,E,8,69.0,E,8,964.3861999999999,E,8,999.0,E,8,1.52,E,8,-9900,?,9,-9900,?,9,0.0,E,8,-9900,?,9,-9900,?,9,0.0,0.0,E,8
07/26/2010,22:00,0.0,1323.34,0.0,1,8,0.0,1,8,0.0,1,8,0.0,1,8,0.0,1,8,0.0,1,8,-0.0,1,8,-9900,?,9,-9900,?,9,16.89,E,8,11.73,E,8,71.0,E,8,964.3861999999999,E,8,999.0,E,8,2.05,E,8,-9900,?,9,-9900,?,9,0.0,E,8,-9900,?,9,-9900,?,9,0.0,0.0,E,8
07/26/2010,23:00,0.0,1323.34,0.0,1,8,0.0,1,8,0.0,1,8,0.0,1,8,0.0,1,8,0.0,1,8,-0.0,1,8,-9900,?,9,-9900,?,9,16.4,E,8,11.66,E,8,73.0,E,8,964.3861999999999,E,8,999.0,E,8,2.3,E,8,-9900,?,9,-9900,?,9,0.0,E,8,-9900,?,9,-9900,?,9,0.0,0.0,E,8
07/26/2010,24:00,0.0,1323.34,0.0,1,8,0.0,1,8,0.0,1,8,0.0,1,8,0.0,1,8,0.0,1,8,-0.0,1,8,-9900,?,9,-9900,?,9,15.9,E,8,12.11,E,8,78.0,E,8,964.3861999999999,E,8,999.0,E,8,3.94,E,8,-9900,?,9,-9900,?,9,0.0,E,8,-9900,?,9,-9900,?,9,0.0,0.0,E,8
07/27/2010,01:00,0.0,1323.34,0.0,1,8,0.0,1,8,0.0,1,8,0.0,1,8,0.0,1,8,0.0,1,8,-0.0,1,8,-9900,?,9,-9900,?,9,15.65,E,8,12.05,E,8,79.0,E,8,964.3861999999999,E,8,999.0,E,8,3.61,E,8,-9900,?,9,-9900,?,9,0.0,E,8,-9900,?,9,-9900,?,9,0.0,0.0,E,8
07/27/2010,02:00,0.0,1323.34,0.0,1,8,0.0,1,8,0.0,1,8,0.0,1,8,0.0,1,8,0.0,1,8,-0.0,1,8,-9900,?,9,-9900,?,9,15.4,E,8,11.99,E,8,80.0,E,8,964.3861999999999,E,8,999.0,E,8,4.07,E,8,-9900,?,9,-9900,?,9,0.0,E,8,-9900,?,9,-9900,?,9,0.0,0.0,E,8
07/27/2010,03:00,0.0,1323.34,0.0,1,8,0.0,1,8,0.0,1,8,0.0,1,8,0.0,1,8,0.0,1,8,-0.0,1,8,-9900,?,9,-9900,?,9,15.16,E,8,11.93,E,8,81.0,E,8,964.3861999999999,E,8,999.0,E,8,3.44,E,8,-9900,?,9,-9900,?,9,0.0,E,8,-9900,?,9,-9900,?,9,0.0,0.0,E,8
07/27/2010,04:00,0.0,1323.613,0.0,1,8,0.0,1,8,0.0,1,8,0.0,1,8,0.0,1,8,0.0,1,8,-0.0,1,8,-9900,?,9,-9900,?,9,14.91,E,8,11.87,E,8,82.0,E,8,964.3861999999999,E,8,999.0,E,8,3.1,E,8,-9900,?,9,-9900,?,9,0.0,E,8,-9900,?,9,-9900,?,9,0.0,0.0,E,8
07/27/2010,05:00,0.0,1323.613,0.0,1,8,0.0,1,8,0.0,1,8,0.0,1,8,0.0,1,8,0.0,1,8,-0.0,1,8,-9900,?,9,-9900,?,9,14.66,E,8,11.81,E,8,83.0,E,8,964.3861999999999,E,8,999.0,E,8,3.0,E,8,-9900,?,9,-9900,?,9,0.0,E,8,-9900,?,9,-9900,?,9,0.0,0.0,E,8
07/27/2010,06:00,0.0,1323.613,0.0,1,8,0.0,1,8,0.0,1,8,0.0,1,8,0.0,1,8,0.0,1,8,-0.0,1,8,-9900,?,9,-9900,?,9,14.47,E,8,11.76,E,8,83.0,E,8,964.3861999999999,E,8,999.0,E,8,2.88,E,8,-9900,?,9,-9900,?,9,0.0,E,8,-9900,?,9,-9900,?,9,0.0,0.0,E,8
07/27/2010,07:00,29.374,1323.613,0.0,1,8,0.0,1,8,0.0,1,8,0.0,1,8,0.0,1,8,0.0,1,8,0.0,1,8,-9900,?,9,-9900,?,9,14.3,E,8,11.72,E,8,84.0,E,8,964.3861999999999,E,8,999.0,E,8,3.95,E,8,-9900,?,9,-9900,?,9,0.0,E,8,-9900,?,9,-9900,?,9,0.0,0.0,E,8
07/27/2010,08:00,314.13,1323.613,71.52,1,8,0.0,1,8,71.52,1,8,8582.4,1,8,0.0,1,8,7867.2,1,8,96.385,1,8,-9900,?,9,-9900,?,9,14.14,E,8,11.68,E,8,85.0,E,8,964.3861999999999,E,8,999.0,E,8,3.75,E,8,-9900,?,9,-9900,?,9,0.0,E,8,-9900,?,9,-9900,?,9,0.0,0.0,E,8
07/27/2010,09:00,573.122,1323.613,273.8,1,8,211.114,1,8,182.504,1,8,32856.0,1,8,20055.821,1,8,20075.4,1,8,134.334,1,8,-9900,?,9,-9900,?,9,17.9,E,8,12.59,E,8,71.0,E,8,964.3861999999999,E,8,999.0,E,8,4.26,E,8,-9900,?,9,-9900,?,9,0.0,E,8,-9900,?,9,-9900,?,9,0.0,0.0,E,8
07/27/2010,10:00,782.835,1323.613,416.19,1,8,278.112,1,8,251.794,1,8,49942.8,1,8,26420.631,1,8,27697.319,1,8,135.589,1,8,-9900,?,9,-9900,?,9,19.67,E,8,13.01,E,8,65.0,E,8,964.3861999999999,E,8,999.0,E,8,4.64,E,8,-9900,?,9,-9900,?,9,0.0,E,8,-9900,?,9,-9900,?,9,0.0,0.0,E,8
07/27/2010,11:00,928.626,1323.613,526.25,1,8,297.017,1,8,317.931,1,8,63150.0,1,8,28216.64,1,8,34972.359,1,8,144.289,1,8,-9900,?,9,-9900,?,9,21.16,E,8,13.35,E,8,60.0,E,8,964.3861999999999,E,8,999.0,E,8,4.6,E,8,-9900,?,9,-9900,?,9,0.0,E,8,-9900,?,9,-9900,?,9,0.0,0.0,E,8
07/27/2010,12:00,1000.478,1323.613,497.85,1,8,163.935,1,8,373.964,1,8,59742.0,1,8,15573.823,1,8,41136.037,1,8,157.518,1,8,-9900,?,9,-9900,?,9,21.93,E,8,13.52,E,8,58.0,E,8,964.3861999999999,E,8,999.0,E,8,6.41,E,8,-9900,?,9,-9900,?,9,0.0,E,8,-9900,?,9,-9900,?,9,0.0,0.0,E,8
07/27/2010,13:00,993.467,1323.613,580.43,1,8,317.026,1,8,342.533,1,8,69651.6,1,8,30117.507,1,8,37678.639,1,8,145.298,1,8,-9900,?,9,-9900,?,9,22.74,E,8,13.7,E,8,56.0,E,8,964.3861999999999,E,8,999.0,E,8,6.63,E,8,-9900,?,9,-9900,?,9,0.0,E,8,-9900,?,9,-9900,?,9,0.0,0.0,E,8
07/27/2010,14:00,908.068,1323.613,522.4,1,8,334.936,1,8,292.692,1,8,62688.0,1,8,31818.896,1,8,32196.151,1,8,135.846,1,8,-9900,?,9,-9900,?,9,23.14,E,8,13.79,E,8,55.0,E,8,964.3861999999999,E,8,999.0,E,8,5.42,E,8,-9900,?,9,-9900,?,9,0.0,E,8,-9900,?,9,-9900,?,9,0.0,0.0,E,8
07/27/2010,15:00,750.128,1323.613,440.74,1,8,372.026,1,8,230.033,1,8,52888.8,1,8,35342.464,1,8,25303.646,1,8,129.281,1,8,-9900,?,9,-9900,?,9,23.21,E,8,13.81,E,8,55.0,E,8,964.3861999999999,E,8,999.0,E,8,5.45,E,8,-9900,?,9,-9900,?,9,0.0,E,8,-9900,?,9,-9900,?,9,0.0,0.0,E,8
07/27/2010,16:00,530.507,1323.613,350.82,1,8,545.859,1,8,132.371,1,8,42098.4,1,8,51856.644,1,8,14560.823,1,8,105.287,1,8,-9900,?,9,-9900,?,9,22.95,E,8,13.75,E,8,56.0,E,8,964.3861999999999,E,8,999.0,E,8,6.21,E,8,-9900,?,9,-9900,?,9,0.0,E,8,-9900,?,9,-9900,?,9,0.0,0.0,E,8
07/27/2010,17:00,264.661,1323.613,215.99,1,8,548.819,1,8,106.995,1,8,25918.8,1,8,52137.844,1,8,11769.406,1,8,171.488,1,8,-9900,?,9,-9900,?,9,22.23,E,8,13.59,E,8,58.0,E,8,964.3861999999999,E,8,999.0,E,8,6.79,E,8,-9900,?,9,-9900,?,9,0.0,E,8,-9900,?,9,-9900,?,9,0.0,0.0,E,8
07/27/2010,18:00,0.0,1323.613,38.45,1,8,0.0,1,8,0.0,1,8,4614.0,1,8,0.0,1,8,0.0,1,8,-0.0,1,8,-9900,?,9,-9900,?,9,21.05,E,8,13.32,E,8,61.0,E,8,964.3861999999999,E,8,999.0,E,8,7.47,E,8,-9900,?,9,-9900,?,9,0.0,E,8,-9900,?,9,-9900,?,9,0.0,0.0,E,8
07/27/2010,19:00,0.0,1323.613,0.0,1,8,0.0,1,8,0.0,1,8,0.0,1,8,0.0,1,8,0.0,1,8,-0.0,1,8,-9900,?,9,-9900,?,9,20.34,E,8,13.16,E,8,63.0,E,8,964.3861999999999,E,8,999.0,E,8,4.55,E,8,-9900,?,9,-9900,?,9,0.0,E,8,-9900,?,9,-9900,?,9,0.0,0.0,E,8
07/27/2010,20:00,0.0,1323.613,0.0,1,8,0.0,1,8,0.0,1,8,0.0,1,8,0.0,1,8,0.0,1,8,-0.0,1,8,-9900,?,9,-9900,?,9,19.64,E,8,13.0,E,8,65.0,E,8,964.3861999999999,E,8,999.0,E,8,3.99,E,8,-9900,?,9,-9900,?,9,0.0,E,8,-9900,?,9,-9900,?,9,0.0,0.0,E,8
07/27/2010,21:00,0.0,1323.613,0.0,1,8,0.0,1,8,0.0,1,8,0.0,1,8,0.0,1,8,0.0,1,8,-0.0,1,8,-9900,?,9,-9900,?,9,18.94,E,8,12.84,E,8,67.0,E,8,964.3861999999999,E,8,999.0,E,8,2.62,E,8,-9900,?,9,-9900,?,9,0.0,E,8,-9900,?,9,-9900,?,9,0.0,0.0,E,8
07/27/2010,22:00,0.0,1323.613,0.0,1,8,0.0,1,8,0.0,1,8,0.0,1,8,0.0,1,8,0.0,1,8,-0.0,1,8,-9900,?,9,-9900,?,9,18.23,E,8,12.67,E,8,69.0,E,8,964.3861999999999,E,8,999.0,E,8,2.26,E,8,-9900,?,9,-9900,?,9,0.0,E,8,-9900,?,9,-9900,?,9,0.0,0.0,E,8
07/27/2010,23:00,0.0,1323.613,0.0,1,8,0.0,1,8,0.0,1,8,0.0,1,8,0.0,1,8,0.0,1,8,-0.0,1,8,-9900,?,9,-9900,?,9,17.53,E,8,12.5,E,8,72.0,E,8,964.3861999999999,E,8,999.0,E,8,1.48,E,8,-9900,?,9,-9900,?,9,0.0,E,8,-9900,?,9,-9900,?,9,0.0,0.0,E,8
07/27/2010,24:00,0.0,1323.613,0.0,1,8,0.0,1,8,0.0,1,8,0.0,1,8,0.0,1,8,0.0,1,8,-0.0,1,8,-9900,?,9,-9900,?,9,16.82,E,8,12.0,E,8,73.0,E,8,964.3861999999999,E,8,999.0,E,8,0.61,E,8,-9900,?,9,-9900,?,9,0.0,E,8,-9900,?,9,-9900,?,9,0.0,0.0,E,8
07/28/2010,01:00,0.0,1323.613,0.0,1,8,0.0,1,8,0.0,1,8,0.0,1,8,0.0,1,8,0.0,1,8,-0.0,1,8,-9900,?,9,-9900,?,9,16.47,E,8,12.0,E,8,74.0,E,8,964.3861999999999,E,8,999.0,E,8,0.43,E,8,-9900,?,9,-9900,?,9,0.0,E,8,-9900,?,9,-9900,?,9,0.0,0.0,E,8
07/28/2010,02:00,0.0,1323.613,0.0,1,8,0.0,1,8,0.0,1,8,0.0,1,8,0.0,1,8,0.0,1,8,-0.0,1,8,-9900,?,9,-9900,?,9,16.12,E,8,12.0,E,8,76.0,E,8,964.3861999999999,E,8,999.0,E,8,0.43,E,8,-9900,?,9,-9900,?,9,0.0,E,8,-9900,?,9,-9900,?,9,0.0,0.0,E,8
07/28/2010,03:00,0.0,1323.613,0.0,1,8,0.0,1,8,0.0,1,8,0.0,1,8,0.0,1,8,0.0,1,8,-0.0,1,8,-9900,?,9,-9900,?,9,15.77,E,8,12.0,E,8,78.0,E,8,964.3861999999999,E,8,999.0,E,8,0.48,E,8,-9900,?,9,-9900,?,9,0.0,E,8,-9900,?,9,-9900,?,9,0.0,0.0,E,8
07/28/2010,04:00,0.0,1323.898,0.0,1,8,0.0,1,8,0.0,1,8,0.0,1,8,0.0,1,8,0.0,1,8,-0.0,1,8,-9900,?,9,-9900,?,9,15.42,E,8,12.0,E,8,80.0,E,8,964.3861999999999,E,8,999.0,E,8,0.43,E,8,-9900,?,9,-9900,?,9,0.0,E,8,-9900,?,9,-9900,?,9,0.0,0.0,E,8
07/28/2010,05:00,0.0,1323.898,0.0,1,8,0.0,1,8,0.0,1,8,0.0,1,8,0.0,1,8,0.0,1,8,-0.0,1,8,-9900,?,9,-9900,?,9,15.06,E,8,12.0,E,8,81.0,E,8,964.3861999999999,E,8,999.0,E,8,0.49,E,8,-9900,?,9,-9900,?,9,0.0,E,8,-9900,?,9,-9900,?,9,0.0,0.0,E,8
07/28/2010,06:00,0.0,1323.898,0.0,1,8,0.0,1,8,0.0,1,8,0.0,1,8,0.0,1,8,0.0,1,8,-0.0,1,8,-9900,?,9,-9900,?,9,14.79,E,8,12.0,E,8,83.0,E,8,964.3861999999999,E,8,999.0,E,8,0.43,E,8,-9900,?,9,-9900,?,9,0.0,E,8,-9900,?,9,-9900,?,9,0.0,0.0,E,8
07/28/2010,07:00,31.29,1323.898,0.0,1,8,0.0,1,8,0.0,1,8,0.0,1,8,0.0,1,8,0.0,1,8,0.0,1,8,-9900,?,9,-9900,?,9,14.56,E,8,12.0,E,8,84.0,E,8,964.3861999999999,E,8,999.0,E,8,0.43,E,8,-9900,?,9,-9900,?,9,0.0,E,8,-9900,?,9,-9900,?,9,0.0,0.0,E,8
07/28/2010,08:00,316.708,1323.898,51.6,1,8,0.0,1,8,51.6,1,8,6192.0,1,8,0.0,1,8,5676.0,1,8,68.983,1,8,-9900,?,9,-9900,?,9,14.33,E,8,12.0,E,8,85.0,E,8,964.3861999999999,E,8,999.0,E,8,0.75,E,8,-9900,?,9,-9900,?,9,0.0,E,8,-9900,?,9,-9900,?,9,0.0,0.0,E,8
07/28/2010,09:00,576.115,1323.898,216.32,1,8,79.427,1,8,181.799,1,8,25958.4,1,8,7545.582,1,8,19997.907,1,8,133.147,1,8,-9900,?,9,-9900,?,9,16.99,E,8,12.0,E,8,72.0,E,8,964.3861999999999,E,8,999.0,E,8,1.01,E,8,-9900,?,9,-9900,?,9,0.0,E,8,-9900,?,9,-9900,?,9,0.0,0.0,E,8
07/28/2010,10:00,786.154,1323.898,359.7,1,8,142.866,1,8,274.909,1,8,43164.0,1,8,13572.278,1,8,30240.022,1,8,147.442,1,8,-9900,?,9,-9900,?,9,18.48,E,8,12.0,E,8,65.0,E,8,964.3861999999999,E,8,999.0,E,8,1.42,E,8,-9900,?,9,-9900,?,9,0.0,E,8,-9900,?,9,-9900,?,9,0.0,0.0,E,8
07/28/2010,11:00,932.164,1323.898,544.77,1,8,324.532,1,8,316.333,1,8,65372.4,1,8,30830.571,1,8,34796.659,1,8,143.05,1,8,-9900,?,9,-9900,?,9,20.15,E,8,12.0,E,8,59.0,E,8,964.3861999999999,E,8,999.0,E,8,1.88,E,8,-9900,?,9,-9900,?,9,0.0,E,8,-9900,?,9,-9900,?,9,0.0,0.0,E,8
07/28/2010,12:00,1004.113,1323.898,652.86,1,8,479.558,1,8,289.218,1,8,78343.2,1,8,45557.965,1,8,31813.936,1,8,121.406,1,8,-9900,?,9,-9900,?,9,21.58,E,8,12.0,E,8,54.0,E,8,964.3861999999999,E,8,999.0,E,8,2.27,E,8,-9900,?,9,-9900,?,9,0.0,E,8,-9900,?,9,-9900,?,9,0.0,0.0,E,8
07/28/2010,13:00,997.071,1323.898,667.49,1,8,549.612,1,8,253.652,1,8,80098.8,1,8,52213.144,1,8,27901.718,1,8,107.229,1,8,-9900,?,9,-9900,?,9,22.58,E,8,12.0,E,8,51.0,E,8,964.3861999999999,E,8,999.0,E,8,2.88,E,8,-9900,?,9,-9900,?,9,0.0,E,8,-9900,?,9,-9900,?,9,0.0,0.0,E,8
07/28/2010,14:00,911.516,1323.898,641.62,1,8,702.515,1,8,158.09,1,8,76994.4,1,8,66738.888,1,8,17389.896,1,8,73.112,1,8,-9900,?,9,-9900,?,9,23.22,E,8,12.0,E,8,49.0,E,8,964.3861999999999,E,8,999.0,E,8,3.73,E,8,-9900,?,9,-9900,?,9,0.0,E,8,-9900,?,9,-9900,?,9,0.0,0.0,E,8
07/28/2010,15:00,753.304,1323.898,501.95,1,8,629.572,1,8,143.941,1,8,60234.0,1,8,59809.293,1,8,15833.456,1,8,80.572,1,8,-9900,?,9,-9900,?,9,23.36,E,8,12.0,E,8,48.0,E,8,964.3861999999999,E,8,999.0,E,8,3.91,E,8,-9900,?,9,-9900,?,9,0.0,E,8,-9900,?,9,-9900,?,9,0.0,0.0,E,8
07/28/2010,16:00,533.313,1323.898,375.89,1,8,602.276,1,8,133.637,1,8,45106.8,1,8,57216.229,1,8,14700.044,1,8,105.755,1,8,-9900,?,9,-9900,?,9,23.06,E,8,12.0,E,8,49.0,E,8,964.3861999999999,E,8,999.0,E,8,3.44,E,8,-9900,?,9,-9900,?,9,0.0,E,8,-9900,?,9,-9900,?,9,0.0,0.0,E,8
07/28/2010,17:00,267.018,1323.898,193.01,1,8,552.634,1,8,82.29,1,8,23161.2,1,8,52500.238,1,8,9051.951,1,8,130.741,1,8,-9900,?,9,-9900,?,9,22.21,E,8,12.0,E,8,52.0,E,8,964.3861999999999,E,8,999.0,E,8,3.48,E,8,-9900,?,9,-9900,?,9,0.0,E,8,-9900,?,9,-9900,?,9,0.0,0.0,E,8
07/28/2010,18:00,0.0,1323.898,25.04,1,8,0.0,1,8,0.0,1,8,3004.8,1,8,0.0,1,8,0.0,1,8,-0.0,1,8,-9900,?,9,-9900,?,9,21.0,E,8,12.0,E,8,56.0,E,8,964.3861999999999,E,8,999.0,E,8,3.53,E,8,-9900,?,9,-9900,?,9,0.0,E,8,-9900,?,9,-9900,?,9,0.0,0.0,E,8
07/28/2010,19:00,0.0,1323.898,0.0,1,8,0.0,1,8,0.0,1,8,0.0,1,8,0.0,1,8,0.0,1,8,-0.0,1,8,-9900,?,9,-9900,?,9,20.26,E,8,12.0,E,8,59.0,E,8,964.3861999999999,E,8,999.0,E,8,3.62,E,8,-9900,?,9,-9900,?,9,0.0,E,8,-9900,?,9,-9900,?,9,0.0,0.0,E,8
07/28/2010,20:00,0.0,1323.898,0.0,1,8,0.0,1,8,0.0,1,8,0.0,1,8,0.0,1,8,0.0,1,8,-0.0,1,8,-9900,?,9,-9900,?,9,19.52,E,8,12.0,E,8,61.0,E,8,964.3861999999999,E,8,999.0,E,8,2.9,E,8,-9900,?,9,-9900,?,9,0.0,E,8,-9900,?,9,-9900,?,9,0.0,0.0,E,8
07/28/2010,21:00,0.0,1323.898,0.0,1,8,0.0,1,8,0.0,1,8,0.0,1,8,0.0,1,8,0.0,1,8,-0.0,1,8,-9900,?,9,-9900,?,9,18.78,E,8,12.0,E,8,64.0,E,8,964.3861999999999,E,8,999.0,E,8,2.37,E,8,-9900,?,9,-9900,?,9,0.0,E,8,-9900,?,9,-9900,?,9,0.0,0.0,E,8
07/28/2010,22:00,0.0,1323.898,0.0,1,8,0.0,1,8,0.0,1,8,0.0,1,8,0.0,1,8,0.0,1,8,-0.0,1,8,-9900,?,9,-9900,?,9,18.04,E,8,12.0,E,8,67.0,E,8,964.3861999999999,E,8,999.0,E,8,2.36,E,8,-9900,?,9,-9900,?,9,0.0,E,8,-9900,?,9,-9900,?,9,0.0,0.0,E,8
07/28/2010,23:00,0.0,1323.898,0.0,1,8,0.0,1,8,0.0,1,8,0.0,1,8,0.0,1,8,0.0,1,8,-0.0,1,8,-9900,?,9,-9900,?,9,17.3,E,8,12.0,E,8,71.0,E,8,964.3861999999999,E,8,999.0,E,8,2.09,E,8,-9900,?,9,-9900,?,9,0.0,E,8,-9900,?,9,-9900,?,9,0.0,0.0,E,8
07/28/2010,24:00,0.0,1323.898,0.0,1,8,0.0,1,8,0.0,1,8,0.0,1,8,0.0,1,8,0.0,1,8,-0.0,1,8,-9900,?,9,-9900,?,9,16.56,E,8,13.96,E,8,84.0,E,8,964.3861999999999,E,8,999.0,E,8,10.87,E,8,-9900,?,9,-9900,?,9,0.0,E,8,-9900,?,9,-9900,?,9,0.0,0.0,E,8
07/29/2010,01:00,0.0,1323.898,0.0,1,8,0.0,1,8,0.0,1,8,0.0,1,8,0.0,1,8,0.0,1,8,-0.0,1,8,-9900,?,9,-9900,?,9,16.19,E,8,13.86,E,8,86.0,E,8,964.3861999999999,E,8,999.0,E,8,9.89,E,8,-9900,?,9,-9900,?,9,0.0,E,8,-9900,?,9,-9900,?,9,0.0,0.0,E,8
07/29/2010,02:00,0.0,1323.898,0.0,1,8,0.0,1,8,0.0,1,8,0.0,1,8,0.0,1,8,0.0,1,8,-0.0,1,8,-9900,?,9,-9900,?,9,15.82,E,8,13.77,E,8,92.0,E,8,964.3861999999999,E,8,999.0,E,8,9.02,E,8,-9900,?,9,-9900,?,9,0.002,E,8,-9900,?,9,-9900,?,9,0.02,99.0,E,8
07/29/2010,03:00,0.0,1323.898,0.0,1,8,0.0,1,8,0.0,1,8,0.0,1,8,0.0,1,8,0.0,1,8,-0.0,1,8,-9900,?,9,-9900,?,9,15.45,E,8,13.67,E,8,89.0,E,8,964.3861999999999,E,8,999.0,E,8,5.16,E,8,-9900,?,9,-9900,?,9,0.0,E,8,-9900,?,9,-9900,?,9,0.0,0.0,E,8
07/29/2010,04:00,0.0,1324.195,0.0,1,8,0.0,1,8,0.0,1,8,0.0,1,8,0.0,1,8,0.0,1,8,-0.0,1,8,-9900,?,9,-9900,?,9,15.08,E,8,13.57,E,8,95.0,E,8,964.3861999999999,E,8,999.0,E,8,4.9,E,8,-9900,?,9,-9900,?,9,0.098,E,8,-9900,?,9,-9900,?,9,0.98,99.0,E,8
07/29/2010,05:00,0.0,1324.195,0.0,1,8,0.0,1,8,0.0,1,8,0.0,1,8,0.0,1,8,0.0,1,8,-0.0,1,8,-9900,?,9,-9900,?,9,14.71,E,8,13.47,E,8,92.0,E,8,964.3861999999999,E,8,999.0,E,8,3.44,E,8,-9900,?,9,-9900,?,9,0.0,E,8,-9900,?,9,-9900,?,9,0.0,0.0,E,8
07/29/2010,06:00,0.0,1324.195,0.0,1,8,0.0,1,8,0.0,1,8,0.0,1,8,0.0,1,8,0.0,1,8,-0.0,1,8,-9900,?,9,-9900,?,9,14.42,E,8,13.39,E,8,93.0,E,8,964.3861999999999,E,8,999.0,E,8,3.55,E,8,-9900,?,9,-9900,?,9,0.0,E,8,-9900,?,9,-9900,?,9,0.0,0.0,E,8
07/29/2010,07:00,33.303,1324.195,0.0,1,8,0.0,1,8,0.0,1,8,0.0,1,8,0.0,1,8,0.0,1,8,0.0,1,8,-9900,?,9,-9900,?,9,14.18,E,8,13.32,E,8,94.0,E,8,964.3861999999999,E,8,999.0,E,8,4.64,E,8,-9900,?,9,-9900,?,9,0.0,E,8,-9900,?,9,-9900,?,9,0.0,0.0,E,8
07/29/2010,08:00,319.387,1324.195,41.87,1,8,0.0,1,8,41.87,1,8,5024.4,1,8,0.0,1,8,4605.7,1,8,55.514,1,8,-9900,?,9,-9900,?,9,13.93,E,8,13.25,E,8,95.0,E,8,964.3861999999999,E,8,999.0,E,8,5.48,E,8,-9900,?,9,-9900,?,9,0.0,E,8,-9900,?,9,-9900,?,9,0.0,0.0,E,8
07/29/2010,09:00,579.21,1324.195,177.56,1,8,20.692,1,8,168.52,1,8,21307.2,1,8,1965.729,1,8,18537.246,1,8,122.788,1,8,-9900,?,9,-9900,?,9,17.48,E,8,14.2,E,8,81.0,E,8,964.3861999999999,E,8,999.0,E,8,8.81,E,8,-9900,?,9,-9900,?,9,0.0,E,8,-9900,?,9,-9900,?,9,0.0,0.0,E,8
07/29/2010,10:00,789.57,1324.195,303.75,1,8,62.047,1,8,266.773,1,8,36450.0,1,8,5894.503,1,8,29345.034,1,8,142.49,1,8,-9900,?,9,-9900,?,9,19.56,E,8,14.74,E,8,73.0,E,8,964.3861999999999,E,8,999.0,E,8,6.78,E,8,-9900,?,9,-9900,?,9,0.0,E,8,-9900,?,9,-9900,?,9,0.0,0.0,E,8
07/29/2010,11:00,935.791,1324.195,400.99,1,8,90.354,1,8,337.157,1,8,48118.8,1,8,8583.59,1,8,37087.287,1,8,151.909,1,8,-9900,?,9,-9900,?,9,21.39,E,8,15.19,E,8,67.0,E,8,964.3861999999999,E,8,999.0,E,8,5.98,E,8,-9900,?,9,-9900,?,9,0.0,E,8,-9900,?,9,-9900,?,9,0.0,0.0,E,8
07/29/2010,12:00,1007.826,1324.195,460.83,1,8,110.315,1,8,376.888,1,8,55299.6,1,8,10479.97,1,8,41457.727,1,8,157.66,1,8,-9900,?,9,-9900,?,9,22.88,E,8,15.55,E,8,63.0,E,8,964.3861999999999,E,8,999.0,E,8,6.7,E,8,-9900,?,9,-9900,?,9,0.0,E,8,-9900,?,9,-9900,?,9,0.0,0.0,E,8
07/29/2010,13:00,1000.739,1324.195,478.67,1,8,132.814,1,8,378.32,1,8,57440.4,1,8,12617.347,1,8,41615.198,1,8,159.381,1,8,-9900,?,9,-9900,?,9,23.96,E,8,15.81,E,8,60.0,E,8,964.3861999999999,E,8,999.0,E,8,8.83,E,8,-9900,?,9,-9900,?,9,0.0,E,8,-9900,?,9,-9900,?,9,0.0,0.0,E,8
07/29/2010,14:00,915.012,1324.195,453.18,1,8,163.707,1,8,340.095,1,8,54381.6,1,8,15552.209,1,8,37410.488,1,8,156.717,1,8,-9900,?,9,-9900,?,9,24.62,E,8,15.97,E,8,58.0,E,8,964.3861999999999,E,8,999.0,E,8,9.3,E,8,-9900,?,9,-9900,?,9,0.0,E,8,-9900,?,9,-9900,?,9,0.0,0.0,E,8
07/29/2010,15:00,756.512,1324.195,386.26,1,8,207.437,1,8,267.823,1,8,46351.2,1,8,19706.476,1,8,29460.558,1,8,149.313,1,8,-9900,?,9,-9900,?,9,24.85,E,8,16.02,E,8,57.0,E,8,964.3861999999999,E,8,999.0,E,8,9.62,E,8,-9900,?,9,-9900,?,9,0.0,E,8,-9900,?,9,-9900,?,9,0.0,0.0,E,8
07/29/2010,16:00,536.137,1324.195,283.11,1,8,313.814,1,8,156.243,1,8,33973.2,1,8,29812.313,1,8,17186.679,1,8,123.019,1,8,-9900,?,9,-9900,?,9,24.51,E,8,15.94,E,8,58.0,E,8,964.3861999999999,E,8,999.0,E,8,11.27,E,8,-9900,?,9,-9900,?,9,0.0,E,8,-9900,?,9,-9900,?,9,0.0,0.0,E,8
07/29/2010,17:00,269.381,1324.195,153.13,1,8,446.341,1,8,62.925,1,8,18375.6,1,8,42402.416,1,8,6921.709,1,8,99.107,1,8,-9900,?,9,-9900,?,9,23.53,E,8,15.71,E,8,61.0,E,8,964.3861999999999,E,8,999.0,E,8,10.41,E,8,-9900,?,9,-9900,?,9,0.0,E,8,-9900,?,9,-9900,?,9,0.0,0.0,E,8
07/29/2010,18:00,0.0,1324.195,21.97,1,8,0.0,1,8,0.0,1,8,2636.4,1,8,0.0,1,8,0.0,1,8,-0.0,1,8,-9900,?,9,-9900,?,9,22.07,E,8,15.36,E,8,65.0,E,8,964.3861999999999,E,8,999.0,E,8,6.62,E,8,-9900,?,9,-9900,?,9,0.0,E,8,-9900,?,9,-9900,?,9,0.0,0.0,E,8
07/29/2010,19:00,0.0,1324.195,0.0,1,8,0.0,1,8,0.0,1,8,0.0,1,8,0.0,1,8,0.0,1,8,-0.0,1,8,-9900,?,9,-9900,?,9,21.39,E,8,15.19,E,8,67.0,E,8,964.3861999999999,E,8,999.0,E,8,4.38,E,8,-9900,?,9,-9900,?,9,0.0,E,8,-9900,?,9,-9900,?,9,0.0,0.0,E,8
07/29/2010,20:00,0.0,1324.195,0.0,1,8,0.0,1,8,0.0,1,8,0.0,1,8,0.0,1,8,0.0,1,8,-0.0,1,8,-9900,?,9,-9900,?,9,20.7,E,8,15.02,E,8,69.0,E,8,964.3861999999999,E,8,999.0,E,8,3.9,E,8,-9900,?,9,-9900,?,9,0.0,E,8,-9900,?,9,-9900,?,9,0.0,0.0,E,8
07/29/2010,21:00,0.0,1324.195,0.0,1,8,0.0,1,8,0.0,1,8,0.0,1,8,0.0,1,8,0.0,1,8,-0.0,1,8,-9900,?,9,-9900,?,9,20.01,E,8,14.85,E,8,72.0,E,8,964.3861999999999,E,8,999.0,E,8,2.2,E,8,-9900,?,9,-9900,?,9,0.0,E,8,-9900,?,9,-9900,?,9,0.0,0.0,E,8
07/29/2010,22:00,0.0,1324.195,0.0,1,8,0.0,1,8,0.0,1,8,0.0,1,8,0.0,1,8,0.0,1,8,-0.0,1,8,-9900,?,9,-9900,?,9,19.32,E,8,14.68,E,8,74.0,E,8,964.3861999999999,E,8,999.0,E,8,2.25,E,8,-9900,?,9,-9900,?,9,0.0,E,8,-9900,?,9,-9900,?,9,0.0,0.0,E,8
07/29/2010,23:00,0.0,1324.195,0.0,1,8,0.0,1,8,0.0,1,8,0.0,1,8,0.0,1,8,0.0,1,8,-0.0,1,8,-9900,?,9,-9900,?,9,18.64,E,8,14.5,E,8,76.0,E,8,964.3861999999999,E,8,999.0,E,8,2.2,E,8,-9900,?,9,-9900,?,9,0.0,E,8,-9900,?,9,-9900,?,9,0.0,0.0,E,8
07/29/2010,24:00,0.0,1324.195,0.0,1,8,0.0,1,8,0.0,1,8,0.0,1,8,0.0,1,8,0.0,1,8,-0.0,1,8,-9900,?,9,-9900,?,9,17.95,E,8,16.5,E,8,88.0,E,8,964.3861999999999,E,8,999.0,E,8,0.56,E,8,-9900,?,9,-9900,?,9,0.0,E,8,-9900,?,9,-9900,?,9,0.0,0.0,E,8
07/30/2010,01:00,0.0,1324.195,0.0,1,8,0.0,1,8,0.0,1,8,0.0,1,8,0.0,1,8,0.0,1,8,-0.0,1,8,-9900,?,9,-9900,?,9,17.61,E,8,16.29,E,8,89.0,E,8,964.3861999999999,E,8,999.0,E,8,1.38,E,8,-9900,?,9,-9900,?,9,0.0,E,8,-9900,?,9,-9900,?,9,0.0,0.0,E,8
07/30/2010,02:00,0.0,1324.195,0.0,1,8,0.0,1,8,0.0,1,8,0.0,1,8,0.0,1,8,0.0,1,8,-0.0,1,8,-9900,?,9,-9900,?,9,17.26,E,8,16.08,E,8,89.0,E,8,964.3861999999999,E,8,999.0,E,8,1.44,E,8,-9900,?,9,-9900,?,9,0.0,E,8,-9900,?,9,-9900,?,9,0.0,0.0,E,8
07/30/2010,03:00,0.0,1324.195,0.0,1,8,0.0,1,8,0.0,1,8,0.0,1,8,0.0,1,8,0.0,1,8,-0.0,1,8,-9900,?,9,-9900,?,9,16.92,E,8,15.87,E,8,90.0,E,8,964.3861999999999,E,8,999.0,E,8,1.65,E,8,-9900,?,9,-9900,?,9,0.0,E,8,-9900,?,9,-9900,?,9,0.0,0.0,E,8
07/30/2010,04:00,0.0,1324.504,0.0,1,8,0.0,1,8,0.0,1,8,0.0,1,8,0.0,1,8,0.0,1,8,-0.0,1,8,-9900,?,9,-9900,?,9,16.57,E,8,15.65,E,8,90.0,E,8,964.3861999999999,E,8,999.0,E,8,2.41,E,8,-9900,?,9,-9900,?,9,0.0,E,8,-9900,?,9,-9900,?,9,0.0,0.0,E,8
07/30/2010,05:00,0.0,1324.504,0.0,1,8,0.0,1,8,0.0,1,8,0.0,1,8,0.0,1,8,0.0,1,8,-0.0,1,8,-9900,?,9,-9900,?,9,16.23,E,8,15.43,E,8,95.0,E,8,964.3861999999999,E,8,999.0,E,8,2.24,E,8,-9900,?,9,-9900,?,9,0.074,E,8,-9900,?,9,-9900,?,9,0.74,99.0,E,8
07/30/2010,06:00,0.0,1324.504,0.0,1,8,0.0,1,8,0.0,1,8,0.0,1,8,0.0,1,8,0.0,1,8,-0.0,1,8,-9900,?,9,-9900,?,9,15.97,E,8,15.27,E,8,95.0,E,8,964.3861999999999,E,8,999.0,E,8,2.02,E,8,-9900,?,9,-9900,?,9,0.028999999999999998,E,8,-9900,?,9,-9900,?,9,0.29,99.0,E,8
07/30/2010,07:00,35.413,1324.504,0.0,1,8,0.0,1,8,0.0,1,8,0.0,1,8,0.0,1,8,0.0,1,8,0.0,1,8,-9900,?,9,-9900,?,9,15.74,E,8,15.12,E,8,96.0,E,8,964.3861999999999,E,8,999.0,E,8,2.01,E,8,-9900,?,9,-9900,?,9,0.02,E,8,-9900,?,9,-9900,?,9,0.2,99.0,E,8
07/30/2010,08:00,322.167,1324.504,4.87,1,8,0.0,1,8,4.87,1,8,584.4,1,8,0.0,1,8,535.7,1,8,6.402,1,8,-9900,?,9,-9900,?,9,15.51,E,8,14.97,E,8,96.0,E,8,964.3861999999999,E,8,999.0,E,8,1.66,E,8,-9900,?,9,-9900,?,9,0.015,E,8,-9900,?,9,-9900,?,9,0.15,99.0,E,8
07/30/2010,09:00,582.404,1324.504,20.31,1,8,0.0,1,8,20.31,1,8,2437.2,1,8,0.0,1,8,2234.1,1,8,14.72,1,8,-9900,?,9,-9900,?,9,17.87,E,8,16.45,E,8,92.0,E,8,964.3861999999999,E,8,999.0,E,8,1.45,E,8,-9900,?,9,-9900,?,9,0.006,E,8,-9900,?,9,-9900,?,9,0.06,99.0,E,8
07/30/2010,10:00,793.081,1324.504,34.64,1,8,0.0,1,8,34.64,1,8,4156.8,1,8,0.0,1,8,3810.4,1,8,18.424,1,8,-9900,?,9,-9900,?,9,19.25,E,8,17.26,E,8,90.0,E,8,964.3861999999999,E,8,999.0,E,8,1.1,E,8,-9900,?,9,-9900,?,9,0.001,E,8,-9900,?,9,-9900,?,9,0.01,99.0,E,8
07/30/2010,11:00,939.504,1324.504,45.68,1,8,0.0,1,8,45.68,1,8,5481.6,1,8,0.0,1,8,5024.8,1,8,20.505,1,8,-9900,?,9,-9900,?,9,20.46,E,8,17.94,E,8,87.0,E,8,964.3861999999999,E,8,999.0,E,8,1.38,E,8,-9900,?,9,-9900,?,9,0.004,E,8,-9900,?,9,-9900,?,9,0.04,99.0,E,8
07/30/2010,12:00,1011.613,1324.504,52.48,1,8,0.0,1,8,52.48,1,8,6297.6,1,8,0.0,1,8,5772.8,1,8,21.876,1,8,-9900,?,9,-9900,?,9,21.43,E,8,18.47,E,8,82.0,E,8,964.3861999999999,E,8,999.0,E,8,1.05,E,8,-9900,?,9,-9900,?,9,0.0,E,8,-9900,?,9,-9900,?,9,0.0,0.0,E,8
07/30/2010,13:00,1004.469,1324.504,54.5,1,8,0.0,1,8,54.5,1,8,6540.0,1,8,0.0,1,8,5995.0,1,8,22.88,1,8,-9900,?,9,-9900,?,9,22.15,E,8,18.85,E,8,80.0,E,8,964.3861999999999,E,8,999.0,E,8,1.21,E,8,-9900,?,9,-9900,?,9,0.0,E,8,-9900,?,9,-9900,?,9,0.0,0.0,E,8
07/30/2010,14:00,918.555,1324.504,51.6,1,8,0.0,1,8,51.6,1,8,6192.0,1,8,0.0,1,8,5676.0,1,8,23.691,1,8,-9900,?,9,-9900,?,9,22.58,E,8,19.07,E,8,80.0,E,8,964.3861999999999,E,8,999.0,E,8,0.91,E,8,-9900,?,9,-9900,?,9,0.0,E,8,-9900,?,9,-9900,?,9,0.0,0.0,E,8
07/30/2010,15:00,759.752,1324.504,44.0,1,8,0.0,1,8,44.0,1,8,5280.0,1,8,0.0,1,8,4840.0,1,8,24.431,1,8,-9900,?,9,-9900,?,9,22.73,E,8,19.15,E,8,83.0,E,8,964.3861999999999,E,8,999.0,E,8,1.36,E,8,-9900,?,9,-9900,?,9,0.043,E,8,-9900,?,9,-9900,?,9,0.43,99.0,E,8
07/30/2010,16:00,538.979,1324.504,32.28,1,8,0.0,1,8,32.28,1,8,3873.6,1,8,0.0,1,8,3550.8,1,8,25.287,1,8,-9900,?,9,-9900,?,9,22.51,E,8,19.03,E,8,92.0,E,8,964.3861999999999,E,8,999.0,E,8,1.89,E,8,-9900,?,9,-9900,?,9,0.982,E,8,-9900,?,9,-9900,?,9,9.82,99.0,E,8
07/30/2010,17:00,271.749,1324.504,17.52,1,8,0.0,1,8,17.52,1,8,2102.4,1,8,0.0,1,8,1927.2,1,8,27.357,1,8,-9900,?,9,-9900,?,9,21.86,E,8,18.69,E,8,85.0,E,8,964.3861999999999,E,8,999.0,E,8,1.53,E,8,-9900,?,9,-9900,?,9,0.002,E,8,-9900,?,9,-9900,?,9,0.02,99.0,E,8
07/30/2010,18:00,0.0,1324.504,2.58,1,8,0.0,1,8,0.0,1,8,309.6,1,8,0.0,1,8,0.0,1,8,-0.0,1,8,-9900,?,9,-9900,?,9,20.9,E,8,18.18,E,8,87.0,E,8,964.3861999999999,E,8,999.0,E,8,1.53,E,8,-9900,?,9,-9900,?,9,0.001,E,8,-9900,?,9,-9900,?,9,0.01,99.0,E,8
07/30/2010,19:00,0.0,1324.504,0.0,1,8,0.0,1,8,0.0,1,8,0.0,1,8,0.0,1,8,0.0,1,8,-0.0,1,8,-9900,?,9,-9900,?,9,20.3,E,8,17.85,E,8,88.0,E,8,964.3861999999999,E,8,999.0,E,8,1.11,E,8,-9900,?,9,-9900,?,9,0.003,E,8,-9900,?,9,-9900,?,9,0.03,99.0,E,8
07/30/2010,20:00,0.0,1324.504,0.0,1,8,0.0,1,8,0.0,1,8,0.0,1,8,0.0,1,8,0.0,1,8,-0.0,1,8,-9900,?,9,-9900,?,9,19.69,E,8,17.51,E,8,89.0,E,8,964.3861999999999,E,8,999.0,E,8,1.26,E,8,-9900,?,9,-9900,?,9,0.008,E,8,-9900,?,9,-9900,?,9,0.08,99.0,E,8
07/30/2010,21:00,0.0,1324.504,0.0,1,8,0.0,1,8,0.0,1,8,0.0,1,8,0.0,1,8,0.0,1,8,-0.0,1,8,-9900,?,9,-9900,?,9,19.09,E,8,17.17,E,8,86.0,E,8,964.3861999999999,E,8,999.0,E,8,0.87,E,8,-9900,?,9,-9900,?,9,0.0,E,8,-9900,?,9,-9900,?,9,0.0,0.0,E,8
07/30/2010,22:00,0.0,1324.504,0.0,1,8,0.0,1,8,0.0,1,8,0.0,1,8,0.0,1,8,0.0,1,8,-0.0,1,8,-9900,?,9,-9900,?,9,18.49,E,8,16.82,E,8,91.0,E,8,964.3861999999999,E,8,999.0,E,8,0.7,E,8,-9900,?,9,-9900,?,9,0.011,E,8,-9900,?,9,-9900,?,9,0.11,99.0,E,8
07/30/2010,23:00,0.0,1324.504,0.0,1,8,0.0,1,8,0.0,1,8,0.0,1,8,0.0,1,8,0.0,1,8,-0.0,1,8,-9900,?,9,-9900,?,9,17.88,E,8,16.46,E,8,88.0,E,8,964.3861999999999,E,8,999.0,E,8,1.0,E,8,-9900,?,9,-9900,?,9,0.0,E,8,-9900,?,9,-9900,?,9,0.0,0.0,E,8
07/30/2010,24:00,0.0,1324.504,0.0,1,8,0.0,1,8,0.0,1,8,0.0,1,8,0.0,1,8,0.0,1,8,-0.0,1,8,-9900,?,9,-9900,?,9,17.28,E,8,14.33,E,8,82.0,E,8,964.3861999999999,E,8,999.0,E,8,3.12,E,8,-9900,?,9,-9900,?,9,0.0,E,8,-9900,?,9,-9900,?,9,0.0,0.0,E,8
07/31/2010,01:00,0.0,1324.504,0.0,1,8,0.0,1,8,0.0,1,8,0.0,1,8,0.0,1,8,0.0,1,8,-0.0,1,8,-9900,?,9,-9900,?,9,16.98,E,8,14.3,E,8,84.0,E,8,964.3861999999999,E,8,999.0,E,8,3.29,E,8,-9900,?,9,-9900,?,9,0.0,E,8,-9900,?,9,-9900,?,9,0.0,0.0,E,8
07/31/2010,02:00,0.0,1324.504,0.0,1,8,0.0,1,8,0.0,1,8,0.0,1,8,0.0,1,8,0.0,1,8,-0.0,1,8,-9900,?,9,-9900,?,9,16.68,E,8,14.28,E,8,85.0,E,8,964.3861999999999,E,8,999.0,E,8,3.78,E,8,-9900,?,9,-9900,?,9,0.0,E,8,-9900,?,9,-9900,?,9,0.0,0.0,E,8
07/31/2010,03:00,0.0,1324.504,0.0,1,8,0.0,1,8,0.0,1,8,0.0,1,8,0.0,1,8,0.0,1,8,-0.0,1,8,-9900,?,9,-9900,?,9,16.37,E,8,14.25,E,8,87.0,E,8,964.3861999999999,E,8,999.0,E,8,3.79,E,8,-9900,?,9,-9900,?,9,0.0,E,8,-9900,?,9,-9900,?,9,0.0,0.0,E,8
07/31/2010,04:00,0.0,1324.825,0.0,1,8,0.0,1,8,0.0,1,8,0.0,1,8,0.0,1,8,0.0,1,8,-0.0,1,8,-9900,?,9,-9900,?,9,16.07,E,8,14.22,E,8,88.0,E,8,964.3861999999999,E,8,999.0,E,8,3.15,E,8,-9900,?,9,-9900,?,9,0.0,E,8,-9900,?,9,-9900,?,9,0.0,0.0,E,8
07/31/2010,05:00,0.0,1324.825,0.0,1,8,0.0,1,8,0.0,1,8,0.0,1,8,0.0,1,8,0.0,1,8,-0.0,1,8,-9900,?,9,-9900,?,9,15.77,E,8,14.2,E,8,90.0,E,8,964.3861999999999,E,8,999.0,E,8,3.0,E,8,-9900,?,9,-9900,?,9,0.0,E,8,-9900,?,9,-9900,?,9,0.0,0.0,E,8
07/31/2010,06:00,0.0,1324.825,0.0,1,8,0.0,1,8,0.0,1,8,0.0,1,8,0.0,1,8,0.0,1,8,-0.0,1,8,-9900,?,9,-9900,?,9,15.54,E,8,14.17,E,8,91.0,E,8,964.3861999999999,E,8,999.0,E,8,4.2,E,8,-9900,?,9,-9900,?,9,0.0,E,8,-9900,?,9,-9900,?,9,0.0,0.0,E,8
07/31/2010,07:00,37.621,1324.825,0.0,1,8,0.0,1,8,0.0,1,8,0.0,1,8,0.0,1,8,0.0,1,8,0.0,1,8,-9900,?,9,-9900,?,9,15.34,E,8,14.16,E,8,92.0,E,8,964.3861999999999,E,8,999.0,E,8,3.71,E,8,-9900,?,9,-9900,?,9,0.0,E,8,-9900,?,9,-9900,?,9,0.0,0.0,E,8
07/31/2010,08:00,325.046,1324.825,28.2,1,8,0.0,1,8,28.2,1,8,3384.0,1,8,0.0,1,8,3102.0,1,8,36.75,1,8,-9900,?,9,-9900,?,9,15.14,E,8,14.14,E,8,93.0,E,8,964.3861999999999,E,8,999.0,E,8,5.21,E,8,-9900,?,9,-9900,?,9,0.0,E,8,-9900,?,9,-9900,?,9,0.0,0.0,E,8
07/31/2010,09:00,585.697,1324.825,115.58,1,8,0.0,1,8,115.58,1,8,13869.6,1,8,0.0,1,8,12713.8,1,8,83.318,1,8,-9900,?,9,-9900,?,9,18.01,E,8,14.39,E,8,79.0,E,8,964.3861999999999,E,8,999.0,E,8,6.35,E,8,-9900,?,9,-9900,?,9,0.0,E,8,-9900,?,9,-9900,?,9,0.0,0.0,E,8
07/31/2010,10:00,796.685,1324.825,196.52,1,8,3.854,1,8,194.204,1,8,23582.4,1,8,366.102,1,8,21362.415,1,8,102.85,1,8,-9900,?,9,-9900,?,9,19.67,E,8,14.54,E,8,72.0,E,8,964.3861999999999,E,8,999.0,E,8,5.5,E,8,-9900,?,9,-9900,?,9,0.0,E,8,-9900,?,9,-9900,?,9,0.0,0.0,E,8
07/31/2010,11:00,943.302,1324.825,258.85,1,8,7.212,1,8,253.716,1,8,31062.0,1,8,685.17,1,8,27908.777,1,8,113.457,1,8,-9900,?,9,-9900,?,9,21.12,E,8,14.67,E,8,66.0,E,8,964.3861999999999,E,8,999.0,E,8,5.22,E,8,-9900,?,9,-9900,?,9,0.0,E,8,-9900,?,9,-9900,?,9,0.0,0.0,E,8
07/31/2010,12:00,1015.474,1324.825,297.19,1,8,15.738,1,8,285.13,1,8,35662.8,1,8,1495.078,1,8,31364.258,1,8,118.433,1,8,-9900,?,9,-9900,?,9,22.29,E,8,14.77,E,8,62.0,E,8,964.3861999999999,E,8,999.0,E,8,4.23,E,8,-9900,?,9,-9900,?,9,0.0,E,8,-9900,?,9,-9900,?,9,0.0,0.0,E,8
07/31/2010,13:00,1008.258,1324.825,308.59,1,8,13.149,1,8,298.585,1,8,37030.8,1,8,1249.118,1,8,32844.393,1,8,124.91,1,8,-9900,?,9,-9900,?,9,23.15,E,8,14.84,E,8,59.0,E,8,964.3861999999999,E,8,999.0,E,8,3.33,E,8,-9900,?,9,-9900,?,9,0.0,E,8,-9900,?,9,-9900,?,9,0.0,0.0,E,8
07/31/2010,14:00,922.142,1324.825,292.21,1,8,12.55,1,8,283.477,1,8,35065.2,1,8,1192.286,1,8,31182.477,1,8,129.677,1,8,-9900,?,9,-9900,?,9,23.67,E,8,14.89,E,8,57.0,E,8,964.3861999999999,E,8,999.0,E,8,2.99,E,8,-9900,?,9,-9900,?,9,0.0,E,8,-9900,?,9,-9900,?,9,0.0,0.0,E,8
07/31/2010,15:00,763.022,1324.825,249.27,1,8,15.618,1,8,240.28,1,8,29912.4,1,8,1483.739,1,8,26430.808,1,8,132.876,1,8,-9900,?,9,-9900,?,9,23.85,E,8,14.9,E,8,57.0,E,8,964.3861999999999,E,8,999.0,E,8,3.63,E,8,-9900,?,9,-9900,?,9,0.0,E,8,-9900,?,9,-9900,?,9,0.0,0.0,E,8
07/31/2010,16:00,541.836,1324.825,183.09,1,8,36.464,1,8,168.198,1,8,21970.8,1,8,3464.059,1,8,18501.826,1,8,131.097,1,8,-9900,?,9,-9900,?,9,23.58,E,8,14.88,E,8,58.0,E,8,964.3861999999999,E,8,999.0,E,8,3.17,E,8,-9900,?,9,-9900,?,9,0.0,E,8,-9900,?,9,-9900,?,9,0.0,0.0,E,8
07/31/2010,17:00,274.121,1324.825,99.66,1,8,106.755,1,8,77.711,1,8,11959.2,1,8,10141.747,1,8,8548.187,1,8,120.31,1,8,-9900,?,9,-9900,?,9,22.81,E,8,14.81,E,8,60.0,E,8,964.3861999999999,E,8,999.0,E,8,2.67,E,8,-9900,?,9,-9900,?,9,0.0,E,8,-9900,?,9,-9900,?,9,0.0,0.0,E,8
07/31/2010,18:00,0.0,1324.825,59.552,1,8,0.0,1,8,0.0,1,8,7146.24,1,8,0.0,1,8,0.0,1,8,-0.0,1,8,-9900,?,9,-9900,?,9,21.904,E,8,14.734,E,8,63.4,E,8,964.3861999999999,E,8,999.0,E,8,3.276,E,8,-9900,?,9,-9900,?,9,0.0,E,8,-9900,?,9,-9900,?,9,0.0,0.0,E,8
07/31/2010,19:00,0.0,1324.825,22.934,1,8,0.0,1,8,0.0,1,8,2752.08,1,8,0.0,1,8,0.0,1,8,-0.0,1,8,-9900,?,9,-9900,?,9,21.156,E,8,14.67,E,8,66.0,E,8,964.3861999999999,E,8,999.0,E,8,3.278,E,8,-9900,?,9,-9900,?,9,0.0,E,8,-9900,?,9,-9900,?,9,0.0,0.0,E,8
07/31/2010,20:00,0.0,1324.825,3.002,1,8,0.0,1,8,0.0,1,8,360.24,1,8,0.0,1,8,0.0,1,8,-0.0,1,8,-9900,?,9,-9900,?,9,20.44,E,8,14.608,E,8,68.8,E,8,964.3861999999999,E,8,999.0,E,8,3.648,E,8,-9900,?,9,-9900,?,9,0.0,E,8,-9900,?,9,-9900,?,9,0.0,0.0,E,8
07/31/2010,21:00,0.0,1324.825,0.0,1,8,0.0,1,8,0.0,1,8,0.0,1,8,0.0,1,8,0.0,1,8,-0.0,1,8,-9900,?,9,-9900,?,9,19.836,E,8,14.556,E,8,71.2,E,8,964.3861999999999,E,8,999.0,E,8,3.772,E,8,-9900,?,9,-9900,?,9,0.0,E,8,-9900,?,9,-9900,?,9,0.0,0.0,E,8
07/31/2010,22:00,0.0,1324.825,0.0,1,8,0.0,1,8,0.0,1,8,0.0,1,8,0.0,1,8,0.0,1,8,-0.0,1,8,-9900,?,9,-9900,?,9,18.758,E,8,13.934,E,8,73.2,E,8,964.3861999999999,E,8,999.0,E,8,3.248,E,8,-9900,?,9,-9900,?,9,0.0,E,8,-9900,?,9,-9900,?,9,0.0,0.0,E,8
07/31/2010,23:00,0.0,1324.825,0.0,1,8,0.0,1,8,0.0,1,8,0.0,1,8,0.0,1,8,0.0,1,8,-0.0,1,8,-9900,?,9,-9900,?,9,17.698,E,8,13.302,E,8,75.0,E,8,964.3861999999999,E,8,999.0,E,8,2.594,E,8,-9900,?,9,-9900,?,9,0.0,E,8,-9900,?,9,-9900,?,9,0.0,0.0,E,8
07/31/2020,24:00,0.0,1325.157,0.0,1,8,0.0,1,8,0.0,1,8,0.0,1,8,0.0,1,8,0.0,1,8,-0.0,1,8,-9900,?,9,-9900,?,9,16.658,E,8,12.66,E,8,76.8,E,8,964.3861999999999,E,8,999.0,E,8,2.13,E,8,-9900,?,9,-9900,?,9,0.0,E,8,-9900,?,9,-9900,?,9,0.0,0.0,E,8
08/01/2020,01:00,0.0,1325.157,0.0,1,8,0.0,1,8,0.0,1,8,0.0,1,8,0.0,1,8,0.0,1,8,-0.0,1,8,-9900,?,9,-9900,?,9,15.638,E,8,12.01,E,8,78.4,E,8,964.3861999999999,E,8,999.0,E,8,1.398,E,8,-9900,?,9,-9900,?,9,0.0,E,8,-9900,?,9,-9900,?,9,0.0,0.0,E,8
08/01/2020,02:00,0.0,1325.157,0.0,1,8,0.0,1,8,0.0,1,8,0.0,1,8,0.0,1,8,0.0,1,8,-0.0,1,8,-9900,?,9,-9900,?,9,14.638,E,8,11.35,E,8,80.0,E,8,964.3861999999999,E,8,999.0,E,8,0.86,E,8,-9900,?,9,-9900,?,9,0.0,E,8,-9900,?,9,-9900,?,9,0.0,0.0,E,8
08/01/2020,03:00,0.0,1325.157,0.0,1,8,0.0,1,8,0.0,1,8,0.0,1,8,0.0,1,8,0.0,1,8,-0.0,1,8,-9900,?,9,-9900,?,9,14.132,E,8,11.25,E,8,82.2,E,8,964.3861999999999,E,8,999.0,E,8,0.86,E,8,-9900,?,9,-9900,?,9,0.0,E,8,-9900,?,9,-9900,?,9,0.0,0.0,E,8
08/01/2020,04:00,0.0,1325.501,0.0,1,8,0.0,1,8,0.0,1,8,0.0,1,8,0.0,1,8,0.0,1,8,-0.0,1,8,-9900,?,9,-9900,?,9,13.65,E,8,11.156,E,8,84.4,E,8,964.3861999999999,E,8,999.0,E,8,0.86,E,8,-9900,?,9,-9900,?,9,0.0,E,8,-9900,?,9,-9900,?,9,0.0,0.0,E,8
08/01/2020,05:00,0.0,1325.501,0.0,1,8,0.0,1,8,0.0,1,8,0.0,1,8,0.0,1,8,0.0,1,8,-0.0,1,8,-9900,?,9,-9900,?,9,13.202,E,8,11.068,E,8,86.4,E,8,964.3861999999999,E,8,999.0,E,8,0.86,E,8,-9900,?,9,-9900,?,9,0.0,E,8,-9900,?,9,-9900,?,9,0.0,0.0,E,8
08/01/2020,06:00,0.0,1325.501,0.0,1,8,0.0,1,8,0.0,1,8,0.0,1,8,0.0,1,8,0.0,1,8,-0.0,1,8,-9900,?,9,-9900,?,9,12.73,E,8,10.98,E,8,89.0,E,8,964.3861999999999,E,8,999.0,E,8,0.86,E,8,-9900,?,9,-9900,?,9,0.0,E,8,-9900,?,9,-9900,?,9,0.0,0.0,E,8
08/01/2020,07:00,41.219,1325.501,0.0,1,8,0.0,1,8,0.0,1,8,0.0,1,8,0.0,1,8,0.0,1,8,0.0,1,8,-9900,?,9,-9900,?,9,12.4,E,8,10.91,E,8,90.0,E,8,964.3861999999999,E,8,999.0,E,8,0.86,E,8,-9900,?,9,-9900,?,9,0.0,E,8,-9900,?,9,-9900,?,9,0.0,0.0,E,8
08/01/2020,08:00,329.739,1325.501,41.89,1,8,0.0,1,8,41.89,1,8,5026.8,1,8,0.0,1,8,4607.9,1,8,53.834,1,8,-9900,?,9,-9900,?,9,12.07,E,8,10.84,E,8,92.0,E,8,964.3861999999999,E,8,999.0,E,8,0.86,E,8,-9900,?,9,-9900,?,9,0.0,E,8,-9900,?,9,-9900,?,9,0.0,0.0,E,8
08/01/2020,09:00,591.082,1325.501,134.35,1,8,0.0,1,8,134.35,1,8,16122.0,1,8,0.0,1,8,14778.5,1,8,96.013,1,8,-9900,?,9,-9900,?,9,14.73,E,8,11.37,E,8,80.0,E,8,964.3861999999999,E,8,999.0,E,8,0.86,E,8,-9900,?,9,-9900,?,9,0.0,E,8,-9900,?,9,-9900,?,9,0.0,0.0,E,8
08/01/2020,10:00,802.595,1325.501,234.37,1,8,12.538,1,8,226.782,1,8,28124.4,1,8,1191.107,1,8,24946.028,1,8,119.279,1,8,-9900,?,9,-9900,?,9,16.2,E,8,11.65,E,8,74.0,E,8,964.3861999999999,E,8,999.0,E,8,0.86,E,8,-9900,?,9,-9900,?,9,0.0,E,8,-9900,?,9,-9900,?,9,0.0,0.0,E,8
08/01/2020,11:00,949.539,1325.501,200.56,1,8,9.331,1,8,193.878,1,8,24067.2,1,8,886.413,1,8,21326.55,1,8,86.172,1,8,-9900,?,9,-9900,?,9,16.68,E,8,11.74,E,8,72.0,E,8,964.3861999999999,E,8,999.0,E,8,0.86,E,8,-9900,?,9,-9900,?,9,0.0,E,8,-9900,?,9,-9900,?,9,0.0,0.0,E,8
08/01/2020,12:00,1021.821,1325.501,438.96,1,8,184.591,1,8,296.689,1,8,52675.2,1,8,17536.105,1,8,32635.761,1,8,122.53,1,8,-9900,?,9,-9900,?,9,18.41,E,8,12.07,E,8,66.0,E,8,964.3861999999999,E,8,999.0,E,8,0.86,E,8,-9900,?,9,-9900,?,9,0.0,E,8,-9900,?,9,-9900,?,9,0.0,0.0,E,8
08/01/2020,13:00,1014.49,1325.501,820.48,1,8,523.529,1,8,419.874,1,8,98457.6,1,8,49735.244,1,8,46186.087,1,8,174.659,1,8,-9900,?,9,-9900,?,9,21.49,E,8,12.63,E,8,57.0,E,8,964.3861999999999,E,8,999.0,E,8,1.27,E,8,-9900,?,9,-9900,?,9,0.0,E,8,-9900,?,9,-9900,?,9,0.0,0.0,E,8
08/01/2020,14:00,928.043,1325.501,760.08,1,8,800.738,1,8,199.619,1,8,91209.6,1,8,76070.084,1,8,21958.085,1,8,90.781,1,8,-9900,?,9,-9900,?,9,23.42,E,8,12.97,E,8,51.0,E,8,964.3861999999999,E,8,999.0,E,8,2.33,E,8,-9900,?,9,-9900,?,9,0.0,E,8,-9900,?,9,-9900,?,9,0.0,0.0,E,8
08/01/2020,15:00,768.396,1325.501,572.46,1,8,851.999,1,8,78.84,1,8,68695.2,1,8,80939.907,1,8,8672.416,1,8,43.316,1,8,-9900,?,9,-9900,?,9,24.16,E,8,13.1,E,8,50.0,E,8,964.3861999999999,E,8,999.0,E,8,3.17,E,8,-9900,?,9,-9900,?,9,0.0,E,8,-9900,?,9,-9900,?,9,0.0,0.0,E,8
08/01/2020,16:00,546.524,1325.501,423.55,1,8,640.128,1,8,159.991,1,8,50826.0,1,8,60812.175,1,8,17599.016,1,8,123.69,1,8,-9900,?,9,-9900,?,9,24.24,E,8,13.12,E,8,49.0,E,8,964.3861999999999,E,8,999.0,E,8,3.32,E,8,-9900,?,9,-9900,?,9,0.0,E,8,-9900,?,9,-9900,?,9,0.0,0.0,E,8
08/01/2020,17:00,278.0,1325.501,229.13,1,8,578.358,1,8,108.576,1,8,27495.6,1,8,54943.994,1,8,11943.322,1,8,165.805,1,8,-9900,?,9,-9900,?,9,23.35,E,8,12.96,E,8,52.0,E,8,964.3861999999999,E,8,999.0,E,8,3.28,E,8,-9900,?,9,-9900,?,9,0.0,E,8,-9900,?,9,-9900,?,9,0.0,0.0,E,8
08/01/2020,18:00,0.0,1325.501,38.13,1,8,0.0,1,8,0.0,1,8,4575.6,1,8,0.0,1,8,0.0,1,8,-0.0,1,8,-9900,?,9,-9900,?,9,21.73,E,8,12.67,E,8,56.0,E,8,964.3861999999999,E,8,999.0,E,8,2.49,E,8,-9900,?,9,-9900,?,9,0.0,E,8,-9900,?,9,-9900,?,9,0.0,0.0,E,8
08/01/2020,19:00,0.0,1325.501,0.0,1,8,0.0,1,8,0.0,1,8,0.0,1,8,0.0,1,8,0.0,1,8,-0.0,1,8,-9900,?,9,-9900,?,9,20.88,E,8,12.52,E,8,58.0,E,8,964.3861999999999,E,8,999.0,E,8,1.82,E,8,-9900,?,9,-9900,?,9,0.0,E,8,-9900,?,9,-9900,?,9,0.0,0.0,E,8
08/01/2020,20:00,0.0,1325.501,0.0,1,8,0.0,1,8,0.0,1,8,0.0,1,8,0.0,1,8,0.0,1,8,-0.0,1,8,-9900,?,9,-9900,?,9,20.04,E,8,12.37,E,8,61.0,E,8,964.3861999999999,E,8,999.0,E,8,1.06,E,8,-9900,?,9,-9900,?,9,0.0,E,8,-9900,?,9,-9900,?,9,0.0,0.0,E,8
08/01/2020,21:00,0.0,1325.501,0.0,1,8,0.0,1,8,0.0,1,8,0.0,1,8,0.0,1,8,0.0,1,8,-0.0,1,8,-9900,?,9,-9900,?,9,19.19,E,8,12.21,E,8,63.0,E,8,964.3861999999999,E,8,999.0,E,8,0.96,E,8,-9900,?,9,-9900,?,9,0.0,E,8,-9900,?,9,-9900,?,9,0.0,0.0,E,8
08/01/2020,22:00,0.0,1325.501,0.0,1,8,0.0,1,8,0.0,1,8,0.0,1,8,0.0,1,8,0.0,1,8,-0.0,1,8,-9900,?,9,-9900,?,9,18.35,E,8,12.06,E,8,66.0,E,8,964.3861999999999,E,8,999.0,E,8,1.38,E,8,-9900,?,9,-9900,?,9,0.0,E,8,-9900,?,9,-9900,?,9,0.0,0.0,E,8
08/01/2020,23:00,0.0,1325.501,0.0,1,8,0.0,1,8,0.0,1,8,0.0,1,8,0.0,1,8,0.0,1,8,-0.0,1,8,-9900,?,9,-9900,?,9,17.5,E,8,11.9,E,8,69.0,E,8,964.3861999999999,E,8,999.0,E,8,1.5,E,8,-9900,?,9,-9900,?,9,0.0,E,8,-9900,?,9,-9900,?,9,0.0,0.0,E,8
08/01/2020,24:00,0.0,1325.501,0.0,1,8,0.0,1,8,0.0,1,8,0.0,1,8,0.0,1,8,0.0,1,8,-0.0,1,8,-9900,?,9,-9900,?,9,16.66,E,8,14.24,E,8,85.0,E,8,964.3861999999999,E,8,999.0,E,8,4.26,E,8,-9900,?,9,-9900,?,9,0.0,E,8,-9900,?,9,-9900,?,9,0.0,0.0,E,8
08/02/2020,01:00,0.0,1325.501,0.0,1,8,0.0,1,8,0.0,1,8,0.0,1,8,0.0,1,8,0.0,1,8,-0.0,1,8,-9900,?,9,-9900,?,9,16.24,E,8,14.08,E,8,92.0,E,8,964.3861999999999,E,8,999.0,E,8,4.48,E,8,-9900,?,9,-9900,?,9,0.097,E,8,-9900,?,9,-9900,?,9,0.97,99.0,E,8
08/02/2020,02:00,0.0,1325.501,0.0,1,8,0.0,1,8,0.0,1,8,0.0,1,8,0.0,1,8,0.0,1,8,-0.0,1,8,-9900,?,9,-9900,?,9,15.81,E,8,13.91,E,8,93.0,E,8,964.3861999999999,E,8,999.0,E,8,4.42,E,8,-9900,?,9,-9900,?,9,0.002,E,8,-9900,?,9,-9900,?,9,0.02,99.0,E,8
08/02/2020,03:00,0.0,1325.501,0.0,1,8,0.0,1,8,0.0,1,8,0.0,1,8,0.0,1,8,0.0,1,8,-0.0,1,8,-9900,?,9,-9900,?,9,15.39,E,8,13.74,E,8,94.0,E,8,964.3861999999999,E,8,999.0,E,8,5.0,E,8,-9900,?,9,-9900,?,9,0.001,E,8,-9900,?,9,-9900,?,9,0.01,99.0,E,8
08/02/2020,04:00,0.0,1325.857,0.0,1,8,0.0,1,8,0.0,1,8,0.0,1,8,0.0,1,8,0.0,1,8,-0.0,1,8,-9900,?,9,-9900,?,9,14.97,E,8,13.57,E,8,91.0,E,8,964.3861999999999,E,8,999.0,E,8,6.79,E,8,-9900,?,9,-9900,?,9,0.0,E,8,-9900,?,9,-9900,?,9,0.0,0.0,E,8
08/02/2020,05:00,0.0,1325.857,0.0,1,8,0.0,1,8,0.0,1,8,0.0,1,8,0.0,1,8,0.0,1,8,-0.0,1,8,-9900,?,9,-9900,?,9,14.55,E,8,13.4,E,8,92.0,E,8,964.3861999999999,E,8,999.0,E,8,7.79,E,8,-9900,?,9,-9900,?,9,0.0,E,8,-9900,?,9,-9900,?,9,0.0,0.0,E,8
08/02/2020,06:00,0.0,1325.857,0.0,1,8,0.0,1,8,0.0,1,8,0.0,1,8,0.0,1,8,0.0,1,8,-0.0,1,8,-9900,?,9,-9900,?,9,14.22,E,8,13.26,E,8,93.0,E,8,964.3861999999999,E,8,999.0,E,8,6.11,E,8,-9900,?,9,-9900,?,9,0.0,E,8,-9900,?,9,-9900,?,9,0.0,0.0,E,8
08/02/2020,07:00,43.685,1325.857,0.0,1,8,0.0,1,8,0.0,1,8,0.0,1,8,0.0,1,8,0.0,1,8,0.0,1,8,-9900,?,9,-9900,?,9,13.94,E,8,13.15,E,8,94.0,E,8,964.3861999999999,E,8,999.0,E,8,6.28,E,8,-9900,?,9,-9900,?,9,0.0,E,8,-9900,?,9,-9900,?,9,0.0,0.0,E,8
08/02/2020,08:00,332.878,1325.857,29.54,1,8,0.0,1,8,29.54,1,8,3544.8,1,8,0.0,1,8,3249.4,1,8,37.612,1,8,-9900,?,9,-9900,?,9,13.66,E,8,13.03,E,8,95.0,E,8,964.3861999999999,E,8,999.0,E,8,5.05,E,8,-9900,?,9,-9900,?,9,0.0,E,8,-9900,?,9,-9900,?,9,0.0,0.0,E,8
08/02/2020,09:00,594.629,1325.857,115.87,1,8,0.0,1,8,115.87,1,8,13904.4,1,8,0.0,1,8,12745.7,1,8,82.333,1,8,-9900,?,9,-9900,?,9,16.67,E,8,14.25,E,8,85.0,E,8,964.3861999999999,E,8,999.0,E,8,4.48,E,8,-9900,?,9,-9900,?,9,0.0,E,8,-9900,?,9,-9900,?,9,0.0,0.0,E,8
08/02/2020,10:00,806.437,1325.857,195.43,1,8,3.566,1,8,193.262,1,8,23451.6,1,8,338.772,1,8,21258.83,1,8,101.191,1,8,-9900,?,9,-9900,?,9,18.37,E,8,14.9,E,8,80.0,E,8,964.3861999999999,E,8,999.0,E,8,5.87,E,8,-9900,?,9,-9900,?,9,0.0,E,8,-9900,?,9,-9900,?,9,0.0,0.0,E,8
08/02/2020,11:00,953.55,1325.857,256.64,1,8,6.77,1,8,251.772,1,8,30796.8,1,8,643.196,1,8,27694.924,1,8,111.463,1,8,-9900,?,9,-9900,?,9,19.85,E,8,15.45,E,8,75.0,E,8,964.3861999999999,E,8,999.0,E,8,6.18,E,8,-9900,?,9,-9900,?,9,0.0,E,8,-9900,?,9,-9900,?,9,0.0,0.0,E,8
08/02/2020,12:00,1025.863,1325.857,294.25,1,8,14.744,1,8,282.844,1,8,35310.0,1,8,1400.658,1,8,31112.891,1,8,116.383,1,8,-9900,?,9,-9900,?,9,21.05,E,8,15.88,E,8,72.0,E,8,964.3861999999999,E,8,999.0,E,8,4.14,E,8,-9900,?,9,-9900,?,9,0.0,E,8,-9900,?,9,-9900,?,9,0.0,0.0,E,8
08/02/2020,13:00,1018.422,1325.857,305.39,1,8,17.115,1,8,292.246,1,8,36646.8,1,8,1625.935,1,8,32147.078,1,8,121.131,1,8,-9900,?,9,-9900,?,9,21.92,E,8,16.18,E,8,69.0,E,8,964.3861999999999,E,8,999.0,E,8,3.5,E,8,-9900,?,9,-9900,?,9,0.0,E,8,-9900,?,9,-9900,?,9,0.0,0.0,E,8
08/02/2020,14:00,931.734,1325.857,289.23,1,8,11.529,1,8,281.13,1,8,34707.6,1,8,1095.289,1,8,30924.332,1,8,127.378,1,8,-9900,?,9,-9900,?,9,22.46,E,8,16.37,E,8,68.0,E,8,964.3861999999999,E,8,999.0,E,8,3.06,E,8,-9900,?,9,-9900,?,9,0.0,E,8,-9900,?,9,-9900,?,9,0.0,0.0,E,8
08/02/2020,15:00,771.73,1325.857,246.97,1,8,14.133,1,8,238.748,1,8,29636.4,1,8,1342.661,1,8,26262.31,1,8,130.638,1,8,-9900,?,9,-9900,?,9,22.63,E,8,16.43,E,8,67.0,E,8,964.3861999999999,E,8,999.0,E,8,2.17,E,8,-9900,?,9,-9900,?,9,0.0,E,8,-9900,?,9,-9900,?,9,0.0,0.0,E,8
08/02/2020,16:00,549.409,1325.857,181.88,1,8,23.59,1,8,172.118,1,8,21825.6,1,8,2241.057,1,8,18933.033,1,8,132.401,1,8,-9900,?,9,-9900,?,9,22.36,E,8,16.34,E,8,68.0,E,8,964.3861999999999,E,8,999.0,E,8,2.2,E,8,-9900,?,9,-9900,?,9,0.0,E,8,-9900,?,9,-9900,?,9,0.0,0.0,E,8
08/02/2020,17:00,280.369,1325.857,99.78,1,8,95.831,1,8,79.638,1,8,11973.6,1,8,9103.98,1,8,8760.164,1,8,120.607,1,8,-9900,?,9,-9900,?,9,21.57,E,8,16.06,E,8,70.0,E,8,964.3861999999999,E,8,999.0,E,8,2.33,E,8,-9900,?,9,-9900,?,9,0.0,E,8,-9900,?,9,-9900,?,9,0.0,0.0,E,8
08/02/2020,18:00,0.0,1325.857,15.94,1,8,0.0,1,8,0.0,1,8,1912.8,1,8,0.0,1,8,0.0,1,8,-0.0,1,8,-9900,?,9,-9900,?,9,20.38,E,8,15.64,E,8,74.0,E,8,964.3861999999999,E,8,999.0,E,8,3.08,E,8,-9900,?,9,-9900,?,9,0.0,E,8,-9900,?,9,-9900,?,9,0.0,0.0,E,8
08/02/2020,19:00,0.0,1325.857,0.0,1,8,0.0,1,8,0.0,1,8,0.0,1,8,0.0,1,8,0.0,1,8,-0.0,1,8,-9900,?,9,-9900,?,9,19.67,E,8,15.38,E,8,76.0,E,8,964.3861999999999,E,8,999.0,E,8,3.84,E,8,-9900,?,9,-9900,?,9,0.0,E,8,-9900,?,9,-9900,?,9,0.0,0.0,E,8
08/02/2020,20:00,0.0,1325.857,0.0,1,8,0.0,1,8,0.0,1,8,0.0,1,8,0.0,1,8,0.0,1,8,-0.0,1,8,-9900,?,9,-9900,?,9,18.97,E,8,15.12,E,8,78.0,E,8,964.3861999999999,E,8,999.0,E,8,4.42,E,8,-9900,?,9,-9900,?,9,0.0,E,8,-9900,?,9,-9900,?,9,0.0,0.0,E,8
08/02/2020,21:00,0.0,1325.857,0.0,1,8,0.0,1,8,0.0,1,8,0.0,1,8,0.0,1,8,0.0,1,8,-0.0,1,8,-9900,?,9,-9900,?,9,18.26,E,8,14.86,E,8,80.0,E,8,964.3861999999999,E,8,999.0,E,8,5.0,E,8,-9900,?,9,-9900,?,9,0.0,E,8,-9900,?,9,-9900,?,9,0.0,0.0,E,8
08/02/2020,22:00,0.0,1325.857,0.0,1,8,0.0,1,8,0.0,1,8,0.0,1,8,0.0,1,8,0.0,1,8,-0.0,1,8,-9900,?,9,-9900,?,9,17.56,E,8,14.59,E,8,82.0,E,8,964.3861999999999,E,8,999.0,E,8,5.36,E,8,-9900,?,9,-9900,?,9,0.0,E,8,-9900,?,9,-9900,?,9,0.0,0.0,E,8
08/02/2020,23:00,0.0,1325.857,0.0,1,8,0.0,1,8,0.0,1,8,0.0,1,8,0.0,1,8,0.0,1,8,-0.0,1,8,-9900,?,9,-9900,?,9,16.85,E,8,14.32,E,8,85.0,E,8,964.3861999999999,E,8,999.0,E,8,6.01,E,8,-9900,?,9,-9900,?,9,0.0,E,8,-9900,?,9,-9900,?,9,0.0,0.0,E,8
08/02/2020,24:00,0.0,1325.857,0.0,1,8,0.0,1,8,0.0,1,8,0.0,1,8,0.0,1,8,0.0,1,8,-0.0,1,8,-9900,?,9,-9900,?,9,16.15,E,8,13.68,E,8,82.0,E,8,964.3861999999999,E,8,999.0,E,8,5.86,E,8,-9900,?,9,-9900,?,9,0.0,E,8,-9900,?,9,-9900,?,9,0.0,0.0,E,8
08/03/2020,01:00,0.0,1325.857,0.0,1,8,0.0,1,8,0.0,1,8,0.0,1,8,0.0,1,8,0.0,1,8,-0.0,1,8,-9900,?,9,-9900,?,9,15.8,E,8,13.6,E,8,83.0,E,8,964.3861999999999,E,8,999.0,E,8,6.14,E,8,-9900,?,9,-9900,?,9,0.0,E,8,-9900,?,9,-9900,?,9,0.0,0.0,E,8
08/03/2020,02:00,0.0,1325.857,0.0,1,8,0.0,1,8,0.0,1,8,0.0,1,8,0.0,1,8,0.0,1,8,-0.0,1,8,-9900,?,9,-9900,?,9,15.44,E,8,13.52,E,8,89.0,E,8,964.3861999999999,E,8,999.0,E,8,4.83,E,8,-9900,?,9,-9900,?,9,0.002,E,8,-9900,?,9,-9900,?,9,0.02,99.0,E,8
08/03/2020,03:00,0.0,1325.857,0.0,1,8,0.0,1,8,0.0,1,8,0.0,1,8,0.0,1,8,0.0,1,8,-0.0,1,8,-9900,?,9,-9900,?,9,15.09,E,8,13.44,E,8,86.0,E,8,964.3861999999999,E,8,999.0,E,8,2.88,E,8,-9900,?,9,-9900,?,9,0.0,E,8,-9900,?,9,-9900,?,9,0.0,0.0,E,8
08/03/2020,04:00,0.0,1326.224,0.0,1,8,0.0,1,8,0.0,1,8,0.0,1,8,0.0,1,8,0.0,1,8,-0.0,1,8,-9900,?,9,-9900,?,9,14.74,E,8,13.36,E,8,87.0,E,8,964.3861999999999,E,8,999.0,E,8,2.5,E,8,-9900,?,9,-9900,?,9,0.0,E,8,-9900,?,9,-9900,?,9,0.0,0.0,E,8
08/03/2020,05:00,0.0,1326.224,0.0,1,8,0.0,1,8,0.0,1,8,0.0,1,8,0.0,1,8,0.0,1,8,-0.0,1,8,-9900,?,9,-9900,?,9,14.39,E,8,13.28,E,8,89.0,E,8,964.3861999999999,E,8,999.0,E,8,2.77,E,8,-9900,?,9,-9900,?,9,0.0,E,8,-9900,?,9,-9900,?,9,0.0,0.0,E,8
08/03/2020,06:00,0.0,1326.224,0.0,1,8,0.0,1,8,0.0,1,8,0.0,1,8,0.0,1,8,0.0,1,8,-0.0,1,8,-9900,?,9,-9900,?,9,14.11,E,8,13.22,E,8,90.0,E,8,964.3861999999999,E,8,999.0,E,8,3.33,E,8,-9900,?,9,-9900,?,9,0.0,E,8,-9900,?,9,-9900,?,9,0.0,0.0,E,8
08/03/2020,07:00,46.251,1326.224,0.0,1,8,0.0,1,8,0.0,1,8,0.0,1,8,0.0,1,8,0.0,1,8,0.0,1,8,-9900,?,9,-9900,?,9,13.88,E,8,13.17,E,8,91.0,E,8,964.3861999999999,E,8,999.0,E,8,4.07,E,8,-9900,?,9,-9900,?,9,0.0,E,8,-9900,?,9,-9900,?,9,0.0,0.0,E,8
08/03/2020,08:00,336.114,1326.224,36.4,1,8,0.0,1,8,36.4,1,8,4368.0,1,8,0.0,1,8,4004.0,1,8,45.909,1,8,-9900,?,9,-9900,?,9,13.65,E,8,13.11,E,8,96.0,E,8,964.3861999999999,E,8,999.0,E,8,4.91,E,8,-9900,?,9,-9900,?,9,0.011,E,8,-9900,?,9,-9900,?,9,0.11,99.0,E,8
08/03/2020,09:00,598.269,1326.224,140.27,1,8,0.704,1,8,139.953,1,8,16832.4,1,8,66.919,1,8,15394.786,1,8,98.866,1,8,-9900,?,9,-9900,?,9,17.06,E,8,13.88,E,8,78.0,E,8,964.3861999999999,E,8,999.0,E,8,6.9,E,8,-9900,?,9,-9900,?,9,0.0,E,8,-9900,?,9,-9900,?,9,0.0,0.0,E,8
08/03/2020,10:00,810.366,1326.224,235.81,1,8,25.183,1,8,220.43,1,8,28297.2,1,8,2392.358,1,8,24247.312,1,8,114.887,1,8,-9900,?,9,-9900,?,9,18.95,E,8,14.29,E,8,76.0,E,8,964.3861999999999,E,8,999.0,E,8,7.08,E,8,-9900,?,9,-9900,?,9,0.001,E,8,-9900,?,9,-9900,?,9,0.01,99.0,E,8
08/03/2020,11:00,957.637,1326.224,309.27,1,8,13.349,1,8,299.633,1,8,37112.4,1,8,1268.17,1,8,32959.681,1,8,132.121,1,8,-9900,?,9,-9900,?,9,20.61,E,8,14.65,E,8,67.0,E,8,964.3861999999999,E,8,999.0,E,8,5.94,E,8,-9900,?,9,-9900,?,9,0.0,E,8,-9900,?,9,-9900,?,9,0.0,0.0,E,8
08/03/2020,12:00,1029.968,1326.224,354.38,1,8,21.264,1,8,337.869,1,8,42525.6,1,8,2020.088,1,8,37165.605,1,8,138.508,1,8,-9900,?,9,-9900,?,9,21.95,E,8,14.93,E,8,68.0,E,8,964.3861999999999,E,8,999.0,E,8,6.89,E,8,-9900,?,9,-9900,?,9,0.004,E,8,-9900,?,9,-9900,?,9,0.04,99.0,E,8
08/03/2020,13:00,1022.405,1326.224,367.71,1,8,25.41,1,8,348.125,1,8,44125.2,1,8,2413.929,1,8,38293.768,1,8,143.769,1,8,-9900,?,9,-9900,?,9,22.93,E,8,15.13,E,8,61.0,E,8,964.3861999999999,E,8,999.0,E,8,5.25,E,8,-9900,?,9,-9900,?,9,0.0,E,8,-9900,?,9,-9900,?,9,0.0,0.0,E,8
08/03/2020,14:00,935.46,1326.224,348.26,1,8,24.101,1,8,331.265,1,8,41791.2,1,8,2289.564,1,8,36439.204,1,8,149.536,1,8,-9900,?,9,-9900,?,9,23.53,E,8,15.25,E,8,68.0,E,8,964.3861999999999,E,8,999.0,E,8,7.67,E,8,-9900,?,9,-9900,?,9,0.28300000000000003,E,8,-9900,?,9,-9900,?,9,2.83,99.0,E,8
08/03/2020,15:00,775.085,1326.224,297.49,1,8,66.749,1,8,258.502,1,8,35698.8,1,8,6341.173,1,8,28435.201,1,8,140.873,1,8,-9900,?,9,-9900,?,9,23.73,E,8,15.29,E,8,59.0,E,8,964.3861999999999,E,8,999.0,E,8,7.63,E,8,-9900,?,9,-9900,?,9,0.0,E,8,-9900,?,9,-9900,?,9,0.0,0.0,E,8
08/03/2020,16:00,552.301,1326.224,219.29,1,8,104.627,1,8,175.779,1,8,26314.8,1,8,9939.58,1,8,19335.683,1,8,134.543,1,8,-9900,?,9,-9900,?,9,23.42,E,8,15.23,E,8,59.0,E,8,964.3861999999999,E,8,999.0,E,8,8.54,E,8,-9900,?,9,-9900,?,9,0.0,E,8,-9900,?,9,-9900,?,9,0.0,0.0,E,8
08/03/2020,17:00,282.734,1326.224,120.66,1,8,237.444,1,8,70.341,1,8,14479.2,1,8,22557.198,1,8,7737.518,1,8,105.655,1,8,-9900,?,9,-9900,?,9,22.53,E,8,15.05,E,8,62.0,E,8,964.3861999999999,E,8,999.0,E,8,8.03,E,8,-9900,?,9,-9900,?,9,0.0,E,8,-9900,?,9,-9900,?,9,0.0,0.0,E,8
08/03/2020,18:00,0.0,1326.224,19.7,1,8,0.0,1,8,0.0,1,8,2364.0,1,8,0.0,1,8,0.0,1,8,-0.0,1,8,-9900,?,9,-9900,?,9,21.2,E,8,14.77,E,8,65.0,E,8,964.3861999999999,E,8,999.0,E,8,6.42,E,8,-9900,?,9,-9900,?,9,0.0,E,8,-9900,?,9,-9900,?,9,0.0,0.0,E,8
08/03/2020,19:00,0.0,1326.224,0.0,1,8,0.0,1,8,0.0,1,8,0.0,1,8,0.0,1,8,0.0,1,8,-0.0,1,8,-9900,?,9,-9900,?,9,20.3,E,8,14.58,E,8,68.0,E,8,964.3861999999999,E,8,999.0,E,8,5.14,E,8,-9900,?,9,-9900,?,9,0.0,E,8,-9900,?,9,-9900,?,9,0.0,0.0,E,8
08/03/2020,20:00,0.0,1326.224,0.0,1,8,0.0,1,8,0.0,1,8,0.0,1,8,0.0,1,8,0.0,1,8,-0.0,1,8,-9900,?,9,-9900,?,9,19.39,E,8,14.39,E,8,71.0,E,8,964.3861999999999,E,8,999.0,E,8,4.54,E,8,-9900,?,9,-9900,?,9,0.0,E,8,-9900,?,9,-9900,?,9,0.0,0.0,E,8
08/03/2020,21:00,0.0,1326.224,0.0,1,8,0.0,1,8,0.0,1,8,0.0,1,8,0.0,1,8,0.0,1,8,-0.0,1,8,-9900,?,9,-9900,?,9,18.49,E,8,14.19,E,8,74.0,E,8,964.3861999999999,E,8,999.0,E,8,2.47,E,8,-9900,?,9,-9900,?,9,0.0,E,8,-9900,?,9,-9900,?,9,0.0,0.0,E,8
08/03/2020,22:00,0.0,1326.224,0.0,1,8,0.0,1,8,0.0,1,8,0.0,1,8,0.0,1,8,0.0,1,8,-0.0,1,8,-9900,?,9,-9900,?,9,17.59,E,8,14.0,E,8,77.0,E,8,964.3861999999999,E,8,999.0,E,8,1.66,E,8,-9900,?,9,-9900,?,9,0.0,E,8,-9900,?,9,-9900,?,9,0.0,0.0,E,8
08/03/2020,23:00,0.0,1326.224,0.0,1,8,0.0,1,8,0.0,1,8,0.0,1,8,0.0,1,8,0.0,1,8,-0.0,1,8,-9900,?,9,-9900,?,9,16.68,E,8,13.8,E,8,80.0,E,8,964.3861999999999,E,8,999.0,E,8,2.18,E,8,-9900,?,9,-9900,?,9,0.0,E,8,-9900,?,9,-9900,?,9,0.0,0.0,E,8
08/03/2020,24:00,0.0,1326.224,0.0,1,8,0.0,1,8,0.0,1,8,0.0,1,8,0.0,1,8,0.0,1,8,-0.0,1,8,-9900,?,9,-9900,?,9,15.78,E,8,12.3,E,8,79.0,E,8,964.3861999999999,E,8,999.0,E,8,1.23,E,8,-9900,?,9,-9900,?,9,0.0,E,8,-9900,?,9,-9900,?,9,0.0,0.0,E,8
08/04/2020,01:00,0.0,1326.224,0.0,1,8,0.0,1,8,0.0,1,8,0.0,1,8,0.0,1,8,0.0,1,8,-0.0,1,8,-9900,?,9,-9900,?,9,15.33,E,8,12.11,E,8,81.0,E,8,964.3861999999999,E,8,999.0,E,8,0.99,E,8,-9900,?,9,-9900,?,9,0.0,E,8,-9900,?,9,-9900,?,9,0.0,0.0,E,8
08/04/2020,02:00,0.0,1326.224,0.0,1,8,0.0,1,8,0.0,1,8,0.0,1,8,0.0,1,8,0.0,1,8,-0.0,1,8,-9900,?,9,-9900,?,9,14.88,E,8,11.93,E,8,82.0,E,8,964.3861999999999,E,8,999.0,E,8,0.99,E,8,-9900,?,9,-9900,?,9,0.0,E,8,-9900,?,9,-9900,?,9,0.0,0.0,E,8
08/04/2020,03:00,0.0,1326.224,0.0,1,8,0.0,1,8,0.0,1,8,0.0,1,8,0.0,1,8,0.0,1,8,-0.0,1,8,-9900,?,9,-9900,?,9,14.43,E,8,11.74,E,8,83.0,E,8,964.3861999999999,E,8,999.0,E,8,0.99,E,8,-9900,?,9,-9900,?,9,0.0,E,8,-9900,?,9,-9900,?,9,0.0,0.0,E,8
08/04/2020,04:00,0.0,1326.602,0.0,1,8,0.0,1,8,0.0,1,8,0.0,1,8,0.0,1,8,0.0,1,8,-0.0,1,8,-9900,?,9,-9900,?,9,13.97,E,8,11.54,E,8,85.0,E,8,964.3861999999999,E,8,999.0,E,8,0.99,E,8,-9900,?,9,-9900,?,9,0.0,E,8,-9900,?,9,-9900,?,9,0.0,0.0,E,8
08/04/2020,05:00,0.0,1326.602,0.0,1,8,0.0,1,8,0.0,1,8,0.0,1,8,0.0,1,8,0.0,1,8,-0.0,1,8,-9900,?,9,-9900,?,9,13.52,E,8,11.35,E,8,86.0,E,8,964.3861999999999,E,8,999.0,E,8,0.99,E,8,-9900,?,9,-9900,?,9,0.0,E,8,-9900,?,9,-9900,?,9,0.0,0.0,E,8
08/04/2020,06:00,0.0,1326.602,0.0,1,8,0.0,1,8,0.0,1,8,0.0,1,8,0.0,1,8,0.0,1,8,-0.0,1,8,-9900,?,9,-9900,?,9,13.17,E,8,11.2,E,8,87.0,E,8,964.3861999999999,E,8,999.0,E,8,0.99,E,8,-9900,?,9,-9900,?,9,0.0,E,8,-9900,?,9,-9900,?,9,0.0,0.0,E,8
08/04/2020,07:00,48.915,1326.602,0.0,1,8,0.0,1,8,0.0,1,8,0.0,1,8,0.0,1,8,0.0,1,8,0.0,1,8,-9900,?,9,-9900,?,9,12.88,E,8,11.08,E,8,88.0,E,8,964.3861999999999,E,8,999.0,E,8,0.99,E,8,-9900,?,9,-9900,?,9,0.0,E,8,-9900,?,9,-9900,?,9,0.0,0.0,E,8
08/04/2020,08:00,339.445,1326.602,59.58,1,8,0.0,1,8,59.58,1,8,7149.6,1,8,0.0,1,8,6553.8,1,8,74.422,1,8,-9900,?,9,-9900,?,9,12.58,E,8,10.94,E,8,89.0,E,8,964.3861999999999,E,8,999.0,E,8,0.99,E,8,-9900,?,9,-9900,?,9,0.0,E,8,-9900,?,9,-9900,?,9,0.0,0.0,E,8
08/04/2020,09:00,602.002,1326.602,225.51,1,8,76.45,1,8,190.857,1,8,27061.2,1,8,7262.704,1,8,20994.256,1,8,134.026,1,8,-9900,?,9,-9900,?,9,16.21,E,8,12.47,E,8,78.0,E,8,964.3861999999999,E,8,999.0,E,8,1.15,E,8,-9900,?,9,-9900,?,9,0.0,E,8,-9900,?,9,-9900,?,9,0.0,0.0,E,8
08/04/2020,10:00,814.38,1326.602,377.83,1,8,130.537,1,8,297.735,1,8,45339.6,1,8,12400.971,1,8,32750.798,1,8,154.456,1,8,-9900,?,9,-9900,?,9,18.21,E,8,13.25,E,8,72.0,E,8,964.3861999999999,E,8,999.0,E,8,1.28,E,8,-9900,?,9,-9900,?,9,0.0,E,8,-9900,?,9,-9900,?,9,0.0,0.0,E,8
08/04/2020,11:00,961.8,1326.602,494.88,1,8,183.056,1,8,362.198,1,8,59385.6,1,8,17390.301,1,8,39841.773,1,8,159.062,1,8,-9900,?,9,-9900,?,9,19.95,E,8,13.91,E,8,68.0,E,8,964.3861999999999,E,8,999.0,E,8,1.98,E,8,-9900,?,9,-9900,?,9,0.0,E,8,-9900,?,9,-9900,?,9,0.0,0.0,E,8
08/04/2020,12:00,1034.136,1326.602,566.72,1,8,341.864,1,8,300.275,1,8,68006.4,1,8,32477.045,1,8,33030.256,1,8,122.635,1,8,-9900,?,9,-9900,?,9,21.36,E,8,14.42,E,8,64.0,E,8,964.3861999999999,E,8,999.0,E,8,3.9,E,8,-9900,?,9,-9900,?,9,0.0,E,8,-9900,?,9,-9900,?,9,0.0,0.0,E,8
08/04/2020,13:00,1026.435,1326.602,587.88,1,8,298.763,1,8,356.763,1,8,70545.6,1,8,28382.511,1,8,39243.903,1,8,146.799,1,8,-9900,?,9,-9900,?,9,22.4,E,8,14.79,E,8,62.0,E,8,964.3861999999999,E,8,999.0,E,8,3.23,E,8,-9900,?,9,-9900,?,9,0.0,E,8,-9900,?,9,-9900,?,9,0.0,0.0,E,8
08/04/2020,14:00,939.219,1326.602,556.81,1,8,366.518,1,8,297.395,1,8,66817.2,1,8,34819.226,1,8,32713.462,1,8,133.747,1,8,-9900,?,9,-9900,?,9,23.02,E,8,15.0,E,8,60.0,E,8,964.3861999999999,E,8,999.0,E,8,3.85,E,8,-9900,?,9,-9900,?,9,0.0,E,8,-9900,?,9,-9900,?,9,0.0,0.0,E,8
08/04/2020,15:00,778.458,1326.602,475.79,1,8,442.352,1,8,216.36,1,8,57094.8,1,8,42023.422,1,8,23799.609,1,8,117.429,1,8,-9900,?,9,-9900,?,9,23.23,E,8,15.08,E,8,60.0,E,8,964.3861999999999,E,8,999.0,E,8,2.76,E,8,-9900,?,9,-9900,?,9,0.0,E,8,-9900,?,9,-9900,?,9,0.0,0.0,E,8
08/04/2020,16:00,555.2,1326.602,351.06,1,8,517.509,1,8,134.773,1,8,42127.2,1,8,49163.366,1,8,14825.049,1,8,102.646,1,8,-9900,?,9,-9900,?,9,22.91,E,8,14.97,E,8,60.0,E,8,964.3861999999999,E,8,999.0,E,8,3.14,E,8,-9900,?,9,-9900,?,9,0.0,E,8,-9900,?,9,-9900,?,9,0.0,0.0,E,8
08/04/2020,17:00,285.096,1326.602,193.72,1,8,573.471,1,8,71.199,1,8,23246.4,1,8,54479.708,1,8,7831.844,1,8,106.077,1,8,-9900,?,9,-9900,?,9,21.97,E,8,14.64,E,8,63.0,E,8,964.3861999999999,E,8,999.0,E,8,3.04,E,8,-9900,?,9,-9900,?,9,0.0,E,8,-9900,?,9,-9900,?,9,0.0,0.0,E,8
08/04/2020,18:00,0.0,1326.602,32.29,1,8,0.0,1,8,0.0,1,8,3874.8,1,8,0.0,1,8,0.0,1,8,-0.0,1,8,-9900,?,9,-9900,?,9,20.56,E,8,14.13,E,8,66.0,E,8,964.3861999999999,E,8,999.0,E,8,3.04,E,8,-9900,?,9,-9900,?,9,0.0,E,8,-9900,?,9,-9900,?,9,0.0,0.0,E,8
08/04/2020,19:00,0.0,1326.602,0.0,1,8,0.0,1,8,0.0,1,8,0.0,1,8,0.0,1,8,0.0,1,8,-0.0,1,8,-9900,?,9,-9900,?,9,19.65,E,8,13.8,E,8,68.0,E,8,964.3861999999999,E,8,999.0,E,8,1.45,E,8,-9900,?,9,-9900,?,9,0.0,E,8,-9900,?,9,-9900,?,9,0.0,0.0,E,8
08/04/2020,20:00,0.0,1326.602,0.0,1,8,0.0,1,8,0.0,1,8,0.0,1,8,0.0,1,8,0.0,1,8,-0.0,1,8,-9900,?,9,-9900,?,9,18.74,E,8,13.46,E,8,71.0,E,8,964.3861999999999,E,8,999.0,E,8,0.99,E,8,-9900,?,9,-9900,?,9,0.0,E,8,-9900,?,9,-9900,?,9,0.0,0.0,E,8
08/04/2020,21:00,0.0,1326.602,0.0,1,8,0.0,1,8,0.0,1,8,0.0,1,8,0.0,1,8,0.0,1,8,-0.0,1,8,-9900,?,9,-9900,?,9,17.83,E,8,13.11,E,8,73.0,E,8,964.3861999999999,E,8,999.0,E,8,0.99,E,8,-9900,?,9,-9900,?,9,0.0,E,8,-9900,?,9,-9900,?,9,0.0,0.0,E,8
08/04/2020,22:00,0.0,1326.602,0.0,1,8,0.0,1,8,0.0,1,8,0.0,1,8,0.0,1,8,0.0,1,8,-0.0,1,8,-9900,?,9,-9900,?,9,16.92,E,8,12.75,E,8,76.0,E,8,964.3861999999999,E,8,999.0,E,8,0.99,E,8,-9900,?,9,-9900,?,9,0.0,E,8,-9900,?,9,-9900,?,9,0.0,0.0,E,8
08/04/2020,23:00,0.0,1326.602,0.0,1,8,0.0,1,8,0.0,1,8,0.0,1,8,0.0,1,8,0.0,1,8,-0.0,1,8,-9900,?,9,-9900,?,9,16.01,E,8,12.39,E,8,79.0,E,8,964.3861999999999,E,8,999.0,E,8,0.99,E,8,-9900,?,9,-9900,?,9,0.0,E,8,-9900,?,9,-9900,?,9,0.0,0.0,E,8
08/04/2020,24:00,0.0,1326.602,0.0,1,8,0.0,1,8,0.0,1,8,0.0,1,8,0.0,1,8,0.0,1,8,-0.0,1,8,-9900,?,9,-9900,?,9,15.1,E,8,12.84,E,8,86.0,E,8,964.3861999999999,E,8,999.0,E,8,1.4,E,8,-9900,?,9,-9900,?,9,0.0,E,8,-9900,?,9,-9900,?,9,0.0,0.0,E,8
08/05/2020,01:00,0.0,1326.602,0.0,1,8,0.0,1,8,0.0,1,8,0.0,1,8,0.0,1,8,0.0,1,8,-0.0,1,8,-9900,?,9,-9900,?,9,14.65,E,8,12.69,E,8,98.0,E,8,964.3861999999999,E,8,999.0,E,8,1.4,E,8,-9900,?,9,-9900,?,9,0.191,E,8,-9900,?,9,-9900,?,9,1.91,99.0,E,8
08/05/2020,02:00,0.0,1326.602,0.0,1,8,0.0,1,8,0.0,1,8,0.0,1,8,0.0,1,8,0.0,1,8,-0.0,1,8,-9900,?,9,-9900,?,9,14.19,E,8,12.54,E,8,89.0,E,8,964.3861999999999,E,8,999.0,E,8,1.4,E,8,-9900,?,9,-9900,?,9,0.0,E,8,-9900,?,9,-9900,?,9,0.0,0.0,E,8
08/05/2020,03:00,0.0,1326.602,0.0,1,8,0.0,1,8,0.0,1,8,0.0,1,8,0.0,1,8,0.0,1,8,-0.0,1,8,-9900,?,9,-9900,?,9,13.74,E,8,12.39,E,8,91.0,E,8,964.3861999999999,E,8,999.0,E,8,1.4,E,8,-9900,?,9,-9900,?,9,0.0,E,8,-9900,?,9,-9900,?,9,0.0,0.0,E,8
08/05/2020,04:00,0.0,1326.992,0.0,1,8,0.0,1,8,0.0,1,8,0.0,1,8,0.0,1,8,0.0,1,8,-0.0,1,8,-9900,?,9,-9900,?,9,13.28,E,8,12.24,E,8,93.0,E,8,964.3861999999999,E,8,999.0,E,8,1.4,E,8,-9900,?,9,-9900,?,9,0.0,E,8,-9900,?,9,-9900,?,9,0.0,0.0,E,8
08/05/2020,05:00,0.0,1326.992,0.0,1,8,0.0,1,8,0.0,1,8,0.0,1,8,0.0,1,8,0.0,1,8,-0.0,1,8,-9900,?,9,-9900,?,9,12.83,E,8,12.08,E,8,95.0,E,8,964.3861999999999,E,8,999.0,E,8,1.4,E,8,-9900,?,9,-9900,?,9,0.0,E,8,-9900,?,9,-9900,?,9,0.0,0.0,E,8
08/05/2020,06:00,0.0,1326.992,0.0,1,8,0.0,1,8,0.0,1,8,0.0,1,8,0.0,1,8,0.0,1,8,-0.0,1,8,-9900,?,9,-9900,?,9,12.48,E,8,11.97,E,8,96.0,E,8,964.3861999999999,E,8,999.0,E,8,1.4,E,8,-9900,?,9,-9900,?,9,0.0,E,8,-9900,?,9,-9900,?,9,0.0,0.0,E,8
08/05/2020,07:00,51.677,1326.992,0.0,1,8,0.0,1,8,0.0,1,8,0.0,1,8,0.0,1,8,0.0,1,8,0.0,1,8,-9900,?,9,-9900,?,9,12.18,E,8,11.86,E,8,97.0,E,8,964.3861999999999,E,8,999.0,E,8,1.4,E,8,-9900,?,9,-9900,?,9,0.0,E,8,-9900,?,9,-9900,?,9,0.0,0.0,E,8
08/05/2020,08:00,342.871,1326.992,19.09,1,8,0.0,1,8,19.09,1,8,2290.8,1,8,0.0,1,8,2099.9,1,8,23.612,1,8,-9900,?,9,-9900,?,9,11.88,E,8,11.76,E,8,99.0,E,8,964.3861999999999,E,8,999.0,E,8,1.4,E,8,-9900,?,9,-9900,?,9,0.0,E,8,-9900,?,9,-9900,?,9,0.0,0.0,E,8
08/05/2020,09:00,605.824,1326.992,84.01,1,8,0.0,1,8,84.01,1,8,10081.2,1,8,0.0,1,8,9241.1,1,8,58.639,1,8,-9900,?,9,-9900,?,9,15.63,E,8,13.01,E,8,84.0,E,8,964.3861999999999,E,8,999.0,E,8,1.4,E,8,-9900,?,9,-9900,?,9,0.0,E,8,-9900,?,9,-9900,?,9,0.0,0.0,E,8
08/05/2020,10:00,818.477,1326.992,130.86,1,8,0.0,1,8,130.86,1,8,15703.2,1,8,0.0,1,8,14394.6,1,8,67.566,1,8,-9900,?,9,-9900,?,9,17.55,E,8,13.61,E,8,77.0,E,8,964.3861999999999,E,8,999.0,E,8,1.4,E,8,-9900,?,9,-9900,?,9,0.0,E,8,-9900,?,9,-9900,?,9,0.0,0.0,E,8
08/05/2020,11:00,966.034,1326.992,149.4,1,8,0.313,1,8,149.172,1,8,17928.0,1,8,29.737,1,8,16408.94,1,8,65.242,1,8,-9900,?,9,-9900,?,9,18.85,E,8,14.01,E,8,73.0,E,8,964.3861999999999,E,8,999.0,E,8,1.4,E,8,-9900,?,9,-9900,?,9,0.0,E,8,-9900,?,9,-9900,?,9,0.0,0.0,E,8
08/05/2020,12:00,1038.363,1326.992,189.8,1,8,1.326,1,8,188.763,1,8,22776.0,1,8,125.942,1,8,20763.912,1,8,76.801,1,8,-9900,?,9,-9900,?,9,20.22,E,8,14.42,E,8,74.0,E,8,964.3861999999999,E,8,999.0,E,8,1.4,E,8,-9900,?,9,-9900,?,9,0.006,E,8,-9900,?,9,-9900,?,9,0.06,99.0,E,8
08/05/2020,13:00,1030.511,1326.992,169.03,1,8,0.901,1,8,168.33,1,8,20283.6,1,8,85.628,1,8,18516.319,1,8,69.01,1,8,-9900,?,9,-9900,?,9,20.88,E,8,14.61,E,8,67.0,E,8,964.3861999999999,E,8,999.0,E,8,1.4,E,8,-9900,?,9,-9900,?,9,0.0,E,8,-9900,?,9,-9900,?,9,0.0,0.0,E,8
08/05/2020,14:00,943.01,1326.992,170.11,1,8,0.787,1,8,169.551,1,8,20413.2,1,8,74.727,1,8,18650.629,1,8,75.968,1,8,-9900,?,9,-9900,?,9,21.37,E,8,14.76,E,8,65.0,E,8,964.3861999999999,E,8,999.0,E,8,1.4,E,8,-9900,?,9,-9900,?,9,0.0,E,8,-9900,?,9,-9900,?,9,0.0,0.0,E,8
08/05/2020,15:00,781.85,1326.992,153.01,1,8,0.079,1,8,152.964,1,8,18361.2,1,8,7.462,1,8,16826.012,1,8,82.684,1,8,-9900,?,9,-9900,?,9,21.57,E,8,14.81,E,8,65.0,E,8,964.3861999999999,E,8,999.0,E,8,1.4,E,8,-9900,?,9,-9900,?,9,0.0,E,8,-9900,?,9,-9900,?,9,0.0,0.0,E,8
08/05/2020,16:00,558.104,1326.992,106.71,1,8,0.0,1,8,106.71,1,8,12805.2,1,8,0.0,1,8,11738.1,1,8,80.872,1,8,-9900,?,9,-9900,?,9,21.21,E,8,14.71,E,8,66.0,E,8,964.3861999999999,E,8,999.0,E,8,1.4,E,8,-9900,?,9,-9900,?,9,0.0,E,8,-9900,?,9,-9900,?,9,0.0,0.0,E,8
08/05/2020,17:00,287.453,1326.992,53.37,1,8,0.0,1,8,53.37,1,8,6404.4,1,8,0.0,1,8,5870.7,1,8,78.878,1,8,-9900,?,9,-9900,?,9,20.26,E,8,14.43,E,8,69.0,E,8,964.3861999999999,E,8,999.0,E,8,1.4,E,8,-9900,?,9,-9900,?,9,0.0,E,8,-9900,?,9,-9900,?,9,0.0,0.0,E,8
08/05/2020,18:00,0.0,1326.992,10.36,1,8,0.0,1,8,0.0,1,8,1243.2,1,8,0.0,1,8,0.0,1,8,-0.0,1,8,-9900,?,9,-9900,?,9,19.0,E,8,14.06,E,8,73.0,E,8,964.3861999999999,E,8,999.0,E,8,1.4,E,8,-9900,?,9,-9900,?,9,0.0,E,8,-9900,?,9,-9900,?,9,0.0,0.0,E,8
08/05/2020,19:00,0.0,1326.992,0.0,1,8,0.0,1,8,0.0,1,8,0.0,1,8,0.0,1,8,0.0,1,8,-0.0,1,8,-9900,?,9,-9900,?,9,18.29,E,8,13.84,E,8,75.0,E,8,964.3861999999999,E,8,999.0,E,8,1.4,E,8,-9900,?,9,-9900,?,9,0.0,E,8,-9900,?,9,-9900,?,9,0.0,0.0,E,8
08/05/2020,20:00,0.0,1326.992,0.0,1,8,0.0,1,8,0.0,1,8,0.0,1,8,0.0,1,8,0.0,1,8,-0.0,1,8,-9900,?,9,-9900,?,9,17.58,E,8,13.62,E,8,77.0,E,8,964.3861999999999,E,8,999.0,E,8,1.4,E,8,-9900,?,9,-9900,?,9,0.0,E,8,-9900,?,9,-9900,?,9,0.0,0.0,E,8
08/05/2020,21:00,0.0,1326.992,0.0,1,8,0.0,1,8,0.0,1,8,0.0,1,8,0.0,1,8,0.0,1,8,-0.0,1,8,-9900,?,9,-9900,?,9,16.87,E,8,13.4,E,8,85.0,E,8,964.3861999999999,E,8,999.0,E,8,1.55,E,8,-9900,?,9,-9900,?,9,0.002,E,8,-9900,?,9,-9900,?,9,0.02,99.0,E,8
08/05/2020,22:00,0.0,1326.992,0.0,1,8,0.0,1,8,0.0,1,8,0.0,1,8,0.0,1,8,0.0,1,8,-0.0,1,8,-9900,?,9,-9900,?,9,16.16,E,8,13.18,E,8,82.0,E,8,964.3861999999999,E,8,999.0,E,8,1.4,E,8,-9900,?,9,-9900,?,9,0.0,E,8,-9900,?,9,-9900,?,9,0.0,0.0,E,8
08/05/2020,23:00,0.0,1326.992,0.0,1,8,0.0,1,8,0.0,1,8,0.0,1,8,0.0,1,8,0.0,1,8,-0.0,1,8,-9900,?,9,-9900,?,9,15.45,E,8,12.95,E,8,90.0,E,8,964.3861999999999,E,8,999.0,E,8,1.4,E,8,-9900,?,9,-9900,?,9,0.001,E,8,-9900,?,9,-9900,?,9,0.01,99.0,E,8
08/05/2020,24:00,0.0,1326.992,0.0,1,8,0.0,1,8,0.0,1,8,0.0,1,8,0.0,1,8,0.0,1,8,-0.0,1,8,-9900,?,9,-9900,?,9,14.74,E,8,11.73,E,8,82.0,E,8,964.3861999999999,E,8,999.0,E,8,1.4,E,8,-9900,?,9,-9900,?,9,0.0,E,8,-9900,?,9,-9900,?,9,0.0,0.0,E,8
08/06/2020,01:00,0.0,1326.992,0.0,1,8,0.0,1,8,0.0,1,8,0.0,1,8,0.0,1,8,0.0,1,8,-0.0,1,8,-9900,?,9,-9900,?,9,14.38,E,8,11.71,E,8,83.0,E,8,964.3861999999999,E,8,999.0,E,8,1.4,E,8,-9900,?,9,-9900,?,9,0.0,E,8,-9900,?,9,-9900,?,9,0.0,0.0,E,8
08/06/2020,02:00,0.0,1326.992,0.0,1,8,0.0,1,8,0.0,1,8,0.0,1,8,0.0,1,8,0.0,1,8,-0.0,1,8,-9900,?,9,-9900,?,9,14.03,E,8,11.68,E,8,85.0,E,8,964.3861999999999,E,8,999.0,E,8,1.4,E,8,-9900,?,9,-9900,?,9,0.0,E,8,-9900,?,9,-9900,?,9,0.0,0.0,E,8
08/06/2020,03:00,0.0,1326.992,0.0,1,8,0.0,1,8,0.0,1,8,0.0,1,8,0.0,1,8,0.0,1,8,-0.0,1,8,-9900,?,9,-9900,?,9,13.67,E,8,11.66,E,8,87.0,E,8,964.3861999999999,E,8,999.0,E,8,1.4,E,8,-9900,?,9,-9900,?,9,0.0,E,8,-9900,?,9,-9900,?,9,0.0,0.0,E,8
08/06/2020,04:00,0.0,1327.393,0.0,1,8,0.0,1,8,0.0,1,8,0.0,1,8,0.0,1,8,0.0,1,8,-0.0,1,8,-9900,?,9,-9900,?,9,13.32,E,8,11.63,E,8,89.0,E,8,964.3861999999999,E,8,999.0,E,8,1.4,E,8,-9900,?,9,-9900,?,9,0.0,E,8,-9900,?,9,-9900,?,9,0.0,0.0,E,8
08/06/2020,05:00,0.0,1327.393,0.0,1,8,0.0,1,8,0.0,1,8,0.0,1,8,0.0,1,8,0.0,1,8,-0.0,1,8,-9900,?,9,-9900,?,9,12.96,E,8,11.61,E,8,91.0,E,8,964.3861999999999,E,8,999.0,E,8,1.4,E,8,-9900,?,9,-9900,?,9,0.0,E,8,-9900,?,9,-9900,?,9,0.0,0.0,E,8
08/06/2020,06:00,0.0,1327.393,0.0,1,8,0.0,1,8,0.0,1,8,0.0,1,8,0.0,1,8,0.0,1,8,-0.0,1,8,-9900,?,9,-9900,?,9,12.69,E,8,11.59,E,8,92.0,E,8,964.3861999999999,E,8,999.0,E,8,1.4,E,8,-9900,?,9,-9900,?,9,0.0,E,8,-9900,?,9,-9900,?,9,0.0,0.0,E,8
08/06/2020,07:00,54.537,1327.393,0.0,1,8,0.0,1,8,0.0,1,8,0.0,1,8,0.0,1,8,0.0,1,8,0.0,1,8,-9900,?,9,-9900,?,9,12.46,E,8,11.57,E,8,94.0,E,8,964.3861999999999,E,8,999.0,E,8,1.4,E,8,-9900,?,9,-9900,?,9,0.0,E,8,-9900,?,9,-9900,?,9,0.0,0.0,E,8
08/06/2020,08:00,346.39,1327.393,36.55,1,8,0.0,1,8,36.55,1,8,4386.0,1,8,0.0,1,8,4020.5,1,8,44.759,1,8,-9900,?,9,-9900,?,9,12.22,E,8,11.56,E,8,95.0,E,8,964.3861999999999,E,8,999.0,E,8,1.4,E,8,-9900,?,9,-9900,?,9,0.0,E,8,-9900,?,9,-9900,?,9,0.0,0.0,E,8
08/06/2020,09:00,609.736,1327.393,183.2,1,8,18.088,1,8,174.9,1,8,21984.0,1,8,1718.396,1,8,19239.023,1,8,121.331,1,8,-9900,?,9,-9900,?,9,16.02,E,8,11.82,E,8,76.0,E,8,964.3861999999999,E,8,999.0,E,8,1.4,E,8,-9900,?,9,-9900,?,9,0.0,E,8,-9900,?,9,-9900,?,9,0.0,0.0,E,8
08/06/2020,10:00,822.654,1327.393,290.6,1,8,59.613,1,8,253.672,1,8,34872.0,1,8,5663.248,1,8,27903.922,1,8,130.349,1,8,-9900,?,9,-9900,?,9,18.1,E,8,11.96,E,8,67.0,E,8,964.3861999999999,E,8,999.0,E,8,1.4,E,8,-9900,?,9,-9900,?,9,0.0,E,8,-9900,?,9,-9900,?,9,0.0,0.0,E,8
08/06/2020,11:00,970.338,1327.393,382.99,1,8,62.984,1,8,336.96,1,8,45958.8,1,8,5983.484,1,8,37065.576,1,8,146.763,1,8,-9900,?,9,-9900,?,9,19.94,E,8,12.09,E,8,60.0,E,8,964.3861999999999,E,8,999.0,E,8,1.4,E,8,-9900,?,9,-9900,?,9,0.0,E,8,-9900,?,9,-9900,?,9,0.0,0.0,E,8
08/06/2020,12:00,1042.648,1327.393,434.17,1,8,114.411,1,8,344.318,1,8,52100.4,1,8,10869.028,1,8,37875.023,1,8,139.557,1,8,-9900,?,9,-9900,?,9,21.39,E,8,12.19,E,8,55.0,E,8,964.3861999999999,E,8,999.0,E,8,1.4,E,8,-9900,?,9,-9900,?,9,0.0,E,8,-9900,?,9,-9900,?,9,0.0,0.0,E,8
08/06/2020,13:00,1034.629,1327.393,450.14,1,8,137.541,1,8,342.955,1,8,54016.8,1,8,13066.374,1,8,37725.04,1,8,140.083,1,8,-9900,?,9,-9900,?,9,22.46,E,8,12.26,E,8,52.0,E,8,964.3861999999999,E,8,999.0,E,8,1.4,E,8,-9900,?,9,-9900,?,9,0.0,E,8,-9900,?,9,-9900,?,9,0.0,0.0,E,8
08/06/2020,14:00,946.829,1327.393,426.34,1,8,109.781,1,8,348.055,1,8,51160.8,1,8,10429.185,1,8,38286.104,1,8,155.364,1,8,-9900,?,9,-9900,?,9,23.1,E,8,12.3,E,8,50.0,E,8,964.3861999999999,E,8,999.0,E,8,1.4,E,8,-9900,?,9,-9900,?,9,0.0,E,8,-9900,?,9,-9900,?,9,0.0,0.0,E,8
08/06/2020,15:00,785.256,1327.393,364.53,1,8,134.716,1,8,284.878,1,8,43743.6,1,8,12798.012,1,8,31336.631,1,8,153.368,1,8,-9900,?,9,-9900,?,9,23.31,E,8,12.32,E,8,50.0,E,8,964.3861999999999,E,8,999.0,E,8,1.4,E,8,-9900,?,9,-9900,?,9,0.0,E,8,-9900,?,9,-9900,?,9,0.0,0.0,E,8
08/06/2020,16:00,561.012,1327.393,269.46,1,8,219.336,1,8,176.884,1,8,32335.2,1,8,20836.914,1,8,19457.211,1,8,133.398,1,8,-9900,?,9,-9900,?,9,22.97,E,8,12.3,E,8,50.0,E,8,964.3861999999999,E,8,999.0,E,8,1.4,E,8,-9900,?,9,-9900,?,9,0.0,E,8,-9900,?,9,-9900,?,9,0.0,0.0,E,8
08/06/2020,17:00,289.806,1327.393,149.52,1,8,379.712,1,8,67.088,1,8,17942.4,1,8,36072.674,1,8,7379.734,1,8,98.369,1,8,-9900,?,9,-9900,?,9,22.0,E,8,12.23,E,8,53.0,E,8,964.3861999999999,E,8,999.0,E,8,1.4,E,8,-9900,?,9,-9900,?,9,0.0,E,8,-9900,?,9,-9900,?,9,0.0,0.0,E,8
08/06/2020,18:00,0.268,1327.393,25.95,1,8,0.0,1,8,0.0,1,8,3114.0,1,8,0.0,1,8,0.0,1,8,-0.0,1,8,-9900,?,9,-9900,?,9,20.55,E,8,12.13,E,8,58.0,E,8,964.3861999999999,E,8,999.0,E,8,1.4,E,8,-9900,?,9,-9900,?,9,0.0,E,8,-9900,?,9,-9900,?,9,0.0,0.0,E,8
08/06/2020,19:00,0.0,1327.393,0.0,1,8,0.0,1,8,0.0,1,8,0.0,1,8,0.0,1,8,0.0,1,8,-0.0,1,8,-9900,?,9,-9900,?,9,19.86,E,8,12.09,E,8,60.0,E,8,964.3861999999999,E,8,999.0,E,8,1.4,E,8,-9900,?,9,-9900,?,9,0.0,E,8,-9900,?,9,-9900,?,9,0.0,0.0,E,8
08/06/2020,20:00,0.0,1327.393,0.0,1,8,0.0,1,8,0.0,1,8,0.0,1,8,0.0,1,8,0.0,1,8,-0.0,1,8,-9900,?,9,-9900,?,9,19.18,E,8,12.04,E,8,63.0,E,8,964.3861999999999,E,8,999.0,E,8,1.4,E,8,-9900,?,9,-9900,?,9,0.0,E,8,-9900,?,9,-9900,?,9,0.0,0.0,E,8
08/06/2020,21:00,0.0,1327.393,0.0,1,8,0.0,1,8,0.0,1,8,0.0,1,8,0.0,1,8,0.0,1,8,-0.0,1,8,-9900,?,9,-9900,?,9,18.5,E,8,11.99,E,8,65.0,E,8,964.3861999999999,E,8,999.0,E,8,1.4,E,8,-9900,?,9,-9900,?,9,0.0,E,8,-9900,?,9,-9900,?,9,0.0,0.0,E,8
08/06/2020,22:00,0.0,1327.393,0.0,1,8,0.0,1,8,0.0,1,8,0.0,1,8,0.0,1,8,0.0,1,8,-0.0,1,8,-9900,?,9,-9900,?,9,17.82,E,8,11.95,E,8,68.0,E,8,964.3861999999999,E,8,999.0,E,8,1.4,E,8,-9900,?,9,-9900,?,9,0.0,E,8,-9900,?,9,-9900,?,9,0.0,0.0,E,8
08/06/2020,23:00,0.0,1327.393,0.0,1,8,0.0,1,8,0.0,1,8,0.0,1,8,0.0,1,8,0.0,1,8,-0.0,1,8,-9900,?,9,-9900,?,9,17.14,E,8,11.9,E,8,71.0,E,8,964.3861999999999,E,8,999.0,E,8,1.4,E,8,-9900,?,9,-9900,?,9,0.0,E,8,-9900,?,9,-9900,?,9,0.0,0.0,E,8
08/06/2020,24:00,0.0,1327.393,0.0,1,8,0.0,1,8,0.0,1,8,0.0,1,8,0.0,1,8,0.0,1,8,-0.0,1,8,-9900,?,9,-9900,?,9,16.46,E,8,14.28,E,8,86.0,E,8,964.3861999999999,E,8,999.0,E,8,0.88,E,8,-9900,?,9,-9900,?,9,0.0,E,8,-9900,?,9,-9900,?,9,0.0,0.0,E,8
08/07/2020,01:00,0.0,1327.393,0.0,1,8,0.0,1,8,0.0,1,8,0.0,1,8,0.0,1,8,0.0,1,8,-0.0,1,8,-9900,?,9,-9900,?,9,16.12,E,8,14.13,E,8,88.0,E,8,964.3861999999999,E,8,999.0,E,8,0.88,E,8,-9900,?,9,-9900,?,9,0.0,E,8,-9900,?,9,-9900,?,9,0.0,0.0,E,8
08/07/2020,02:00,0.0,1327.393,0.0,1,8,0.0,1,8,0.0,1,8,0.0,1,8,0.0,1,8,0.0,1,8,-0.0,1,8,-9900,?,9,-9900,?,9,15.78,E,8,13.99,E,8,89.0,E,8,964.3861999999999,E,8,999.0,E,8,0.88,E,8,-9900,?,9,-9900,?,9,0.0,E,8,-9900,?,9,-9900,?,9,0.0,0.0,E,8
08/07/2020,03:00,0.0,1327.393,0.0,1,8,0.0,1,8,0.0,1,8,0.0,1,8,0.0,1,8,0.0,1,8,-0.0,1,8,-9900,?,9,-9900,?,9,15.44,E,8,13.85,E,8,90.0,E,8,964.3861999999999,E,8,999.0,E,8,0.88,E,8,-9900,?,9,-9900,?,9,0.0,E,8,-9900,?,9,-9900,?,9,0.0,0.0,E,8
08/07/2020,04:00,0.0,1327.805,0.0,1,8,0.0,1,8,0.0,1,8,0.0,1,8,0.0,1,8,0.0,1,8,-0.0,1,8,-9900,?,9,-9900,?,9,15.1,E,8,13.71,E,8,91.0,E,8,964.3861999999999,E,8,999.0,E,8,0.91,E,8,-9900,?,9,-9900,?,9,0.0,E,8,-9900,?,9,-9900,?,9,0.0,0.0,E,8
08/07/2020,05:00,0.0,1327.805,0.0,1,8,0.0,1,8,0.0,1,8,0.0,1,8,0.0,1,8,0.0,1,8,-0.0,1,8,-9900,?,9,-9900,?,9,14.76,E,8,13.56,E,8,92.0,E,8,964.3861999999999,E,8,999.0,E,8,0.88,E,8,-9900,?,9,-9900,?,9,0.0,E,8,-9900,?,9,-9900,?,9,0.0,0.0,E,8
08/07/2020,06:00,0.0,1327.805,0.0,1,8,0.0,1,8,0.0,1,8,0.0,1,8,0.0,1,8,0.0,1,8,-0.0,1,8,-9900,?,9,-9900,?,9,14.5,E,8,13.45,E,8,93.0,E,8,964.3861999999999,E,8,999.0,E,8,0.91,E,8,-9900,?,9,-9900,?,9,0.0,E,8,-9900,?,9,-9900,?,9,0.0,0.0,E,8
08/07/2020,07:00,57.494,1327.805,0.0,1,8,0.0,1,8,0.0,1,8,0.0,1,8,0.0,1,8,0.0,1,8,0.0,1,8,-9900,?,9,-9900,?,9,14.27,E,8,13.35,E,8,94.0,E,8,964.3861999999999,E,8,999.0,E,8,0.91,E,8,-9900,?,9,-9900,?,9,0.0,E,8,-9900,?,9,-9900,?,9,0.0,0.0,E,8
08/07/2020,08:00,350.0,1327.805,52.05,1,8,0.0,1,8,52.05,1,8,6246.0,1,8,0.0,1,8,5725.5,1,8,63.097,1,8,-9900,?,9,-9900,?,9,14.05,E,8,13.25,E,8,94.0,E,8,964.3861999999999,E,8,999.0,E,8,1.18,E,8,-9900,?,9,-9900,?,9,0.0,E,8,-9900,?,9,-9900,?,9,0.0,0.0,E,8
08/07/2020,09:00,613.733,1327.805,186.67,1,8,19.387,1,8,177.719,1,8,22400.4,1,8,1841.724,1,8,19549.073,1,8,122.52,1,8,-9900,?,9,-9900,?,9,17.4,E,8,14.66,E,8,83.0,E,8,964.3861999999999,E,8,999.0,E,8,1.97,E,8,-9900,?,9,-9900,?,9,0.0,E,8,-9900,?,9,-9900,?,9,0.0,0.0,E,8
08/07/2020,10:00,826.91,1327.805,309.47,1,8,76.124,1,8,262.085,1,8,37136.4,1,8,7231.781,1,8,28829.306,1,8,134.02,1,8,-9900,?,9,-9900,?,9,19.19,E,8,15.37,E,8,78.0,E,8,964.3861999999999,E,8,999.0,E,8,1.03,E,8,-9900,?,9,-9900,?,9,0.0,E,8,-9900,?,9,-9900,?,9,0.0,0.0,E,8
08/07/2020,11:00,974.71,1327.805,403.7,1,8,76.429,1,8,347.609,1,8,48444.0,1,8,7260.789,1,8,38237.005,1,8,150.768,1,8,-9900,?,9,-9900,?,9,20.74,E,8,15.96,E,8,74.0,E,8,964.3861999999999,E,8,999.0,E,8,2.16,E,8,-9900,?,9,-9900,?,9,0.0,E,8,-9900,?,9,-9900,?,9,0.0,0.0,E,8
08/07/2020,12:00,1046.986,1327.805,461.41,1,8,143.491,1,8,348.286,1,8,55369.2,1,8,13631.629,1,8,38311.503,1,8,140.623,1,8,-9900,?,9,-9900,?,9,22.0,E,8,16.42,E,8,70.0,E,8,964.3861999999999,E,8,999.0,E,8,1.82,E,8,-9900,?,9,-9900,?,9,0.0,E,8,-9900,?,9,-9900,?,9,0.0,0.0,E,8
08/07/2020,13:00,1038.789,1327.805,478.24,1,8,172.246,1,8,343.511,1,8,57388.8,1,8,16363.378,1,8,37786.194,1,8,139.791,1,8,-9900,?,9,-9900,?,9,22.91,E,8,16.75,E,8,68.0,E,8,964.3861999999999,E,8,999.0,E,8,2.23,E,8,-9900,?,9,-9900,?,9,0.0,E,8,-9900,?,9,-9900,?,9,0.0,0.0,E,8
08/07/2020,14:00,950.676,1327.805,452.95,1,8,104.696,1,8,378.011,1,8,54354.0,1,8,9946.121,1,8,41581.228,1,8,168.104,1,8,-9900,?,9,-9900,?,9,23.47,E,8,16.95,E,8,66.0,E,8,964.3861999999999,E,8,999.0,E,8,3.29,E,8,-9900,?,9,-9900,?,9,0.0,E,8,-9900,?,9,-9900,?,9,0.0,0.0,E,8
08/07/2020,15:00,788.677,1327.805,387.4,1,8,170.879,1,8,285.958,1,8,46488.0,1,8,16233.472,1,8,31455.355,1,8,153.328,1,8,-9900,?,9,-9900,?,9,23.65,E,8,17.01,E,8,66.0,E,8,964.3861999999999,E,8,999.0,E,8,2.6,E,8,-9900,?,9,-9900,?,9,0.0,E,8,-9900,?,9,-9900,?,9,0.0,0.0,E,8
08/07/2020,16:00,563.922,1327.805,286.61,1,8,294.866,1,8,161.546,1,8,34393.2,1,8,28012.255,1,8,17770.023,1,8,121.237,1,8,-9900,?,9,-9900,?,9,23.36,E,8,16.91,E,8,67.0,E,8,964.3861999999999,E,8,999.0,E,8,2.69,E,8,-9900,?,9,-9900,?,9,0.0,E,8,-9900,?,9,-9900,?,9,0.0,0.0,E,8
08/07/2020,17:00,292.152,1327.805,159.47,1,8,396.123,1,8,72.799,1,8,19136.4,1,8,37631.703,1,8,8007.877,1,8,105.908,1,8,-9900,?,9,-9900,?,9,22.52,E,8,16.61,E,8,69.0,E,8,964.3861999999999,E,8,999.0,E,8,1.58,E,8,-9900,?,9,-9900,?,9,0.0,E,8,-9900,?,9,-9900,?,9,0.0,0.0,E,8
08/07/2020,18:00,1.765,1327.805,28.2,1,8,0.0,1,8,0.0,1,8,3384.0,1,8,0.0,1,8,0.0,1,8,-0.0,1,8,-9900,?,9,-9900,?,9,21.26,E,8,16.15,E,8,72.0,E,8,964.3861999999999,E,8,999.0,E,8,1.64,E,8,-9900,?,9,-9900,?,9,0.0,E,8,-9900,?,9,-9900,?,9,0.0,0.0,E,8
08/07/2020,19:00,0.0,1327.805,0.0,1,8,0.0,1,8,0.0,1,8,0.0,1,8,0.0,1,8,0.0,1,8,-0.0,1,8,-9900,?,9,-9900,?,9,20.44,E,8,15.84,E,8,74.0,E,8,964.3861999999999,E,8,999.0,E,8,0.88,E,8,-9900,?,9,-9900,?,9,0.0,E,8,-9900,?,9,-9900,?,9,0.0,0.0,E,8
08/07/2020,20:00,0.0,1327.805,0.0,1,8,0.0,1,8,0.0,1,8,0.0,1,8,0.0,1,8,0.0,1,8,-0.0,1,8,-9900,?,9,-9900,?,9,19.61,E,8,15.53,E,8,77.0,E,8,964.3861999999999,E,8,999.0,E,8,0.91,E,8,-9900,?,9,-9900,?,9,0.0,E,8,-9900,?,9,-9900,?,9,0.0,0.0,E,8
08/07/2020,21:00,0.0,1327.805,0.0,1,8,0.0,1,8,0.0,1,8,0.0,1,8,0.0,1,8,0.0,1,8,-0.0,1,8,-9900,?,9,-9900,?,9,18.79,E,8,15.21,E,8,79.0,E,8,964.3861999999999,E,8,999.0,E,8,0.88,E,8,-9900,?,9,-9900,?,9,0.0,E,8,-9900,?,9,-9900,?,9,0.0,0.0,E,8
08/07/2020,22:00,0.0,1327.805,0.0,1,8,0.0,1,8,0.0,1,8,0.0,1,8,0.0,1,8,0.0,1,8,-0.0,1,8,-9900,?,9,-9900,?,9,17.96,E,8,14.88,E,8,82.0,E,8,964.3861999999999,E,8,999.0,E,8,0.88,E,8,-9900,?,9,-9900,?,9,0.0,E,8,-9900,?,9,-9900,?,9,0.0,0.0,E,8
08/07/2020,23:00,0.0,1327.805,0.0,1,8,0.0,1,8,0.0,1,8,0.0,1,8,0.0,1,8,0.0,1,8,-0.0,1,8,-9900,?,9,-9900,?,9,17.14,E,8,14.55,E,8,84.0,E,8,964.3861999999999,E,8,999.0,E,8,0.88,E,8,-9900,?,9,-9900,?,9,0.0,E,8,-9900,?,9,-9900,?,9,0.0,0.0,E,8
08/07/2020,24:00,0.0,1327.805,0.0,1,8,0.0,1,8,0.0,1,8,0.0,1,8,0.0,1,8,0.0,1,8,-0.0,1,8,-9900,?,9,-9900,?,9,16.31,E,8,12.09,E,8,76.0,E,8,964.3861999999999,E,8,999.0,E,8,1.4,E,8,-9900,?,9,-9900,?,9,0.0,E,8,-9900,?,9,-9900,?,9,0.0,0.0,E,8
08/08/2020,01:00,0.0,1327.805,0.0,1,8,0.0,1,8,0.0,1,8,0.0,1,8,0.0,1,8,0.0,1,8,-0.0,1,8,-9900,?,9,-9900,?,9,15.9,E,8,11.98,E,8,77.0,E,8,964.3861999999999,E,8,999.0,E,8,1.4,E,8,-9900,?,9,-9900,?,9,0.0,E,8,-9900,?,9,-9900,?,9,0.0,0.0,E,8
08/08/2020,02:00,0.0,1327.805,0.0,1,8,0.0,1,8,0.0,1,8,0.0,1,8,0.0,1,8,0.0,1,8,-0.0,1,8,-9900,?,9,-9900,?,9,15.49,E,8,11.87,E,8,79.0,E,8,964.3861999999999,E,8,999.0,E,8,1.4,E,8,-9900,?,9,-9900,?,9,0.0,E,8,-9900,?,9,-9900,?,9,0.0,0.0,E,8
08/08/2020,03:00,0.0,1327.805,0.0,1,8,0.0,1,8,0.0,1,8,0.0,1,8,0.0,1,8,0.0,1,8,-0.0,1,8,-9900,?,9,-9900,?,9,15.07,E,8,11.76,E,8,80.0,E,8,964.3861999999999,E,8,999.0,E,8,1.4,E,8,-9900,?,9,-9900,?,9,0.0,E,8,-9900,?,9,-9900,?,9,0.0,0.0,E,8
08/08/2020,04:00,0.0,1328.228,0.0,1,8,0.0,1,8,0.0,1,8,0.0,1,8,0.0,1,8,0.0,1,8,-0.0,1,8,-9900,?,9,-9900,?,9,14.66,E,8,11.65,E,8,82.0,E,8,964.3861999999999,E,8,999.0,E,8,1.4,E,8,-9900,?,9,-9900,?,9,0.0,E,8,-9900,?,9,-9900,?,9,0.0,0.0,E,8
08/08/2020,05:00,0.0,1328.228,0.0,1,8,0.0,1,8,0.0,1,8,0.0,1,8,0.0,1,8,0.0,1,8,-0.0,1,8,-9900,?,9,-9900,?,9,14.25,E,8,11.54,E,8,83.0,E,8,964.3861999999999,E,8,999.0,E,8,1.4,E,8,-9900,?,9,-9900,?,9,0.0,E,8,-9900,?,9,-9900,?,9,0.0,0.0,E,8
08/08/2020,06:00,0.0,1328.228,0.0,1,8,0.0,1,8,0.0,1,8,0.0,1,8,0.0,1,8,0.0,1,8,-0.0,1,8,-9900,?,9,-9900,?,9,13.93,E,8,11.45,E,8,84.0,E,8,964.3861999999999,E,8,999.0,E,8,1.4,E,8,-9900,?,9,-9900,?,9,0.0,E,8,-9900,?,9,-9900,?,9,0.0,0.0,E,8
08/08/2020,07:00,60.548,1328.228,0.0,1,8,0.0,1,8,0.0,1,8,0.0,1,8,0.0,1,8,0.0,1,8,0.0,1,8,-9900,?,9,-9900,?,9,13.66,E,8,11.37,E,8,86.0,E,8,964.3861999999999,E,8,999.0,E,8,1.4,E,8,-9900,?,9,-9900,?,9,0.0,E,8,-9900,?,9,-9900,?,9,0.0,0.0,E,8
08/08/2020,08:00,353.7,1328.228,60.76,1,8,0.0,1,8,60.76,1,8,7291.2,1,8,0.0,1,8,6683.6,1,8,72.902,1,8,-9900,?,9,-9900,?,9,13.38,E,8,11.3,E,8,87.0,E,8,964.3861999999999,E,8,999.0,E,8,1.4,E,8,-9900,?,9,-9900,?,9,0.0,E,8,-9900,?,9,-9900,?,9,0.0,0.0,E,8
08/08/2020,09:00,617.815,1328.228,214.04,1,8,38.012,1,8,196.378,1,8,25684.8,1,8,3611.18,1,8,21601.527,1,8,134.529,1,8,-9900,?,9,-9900,?,9,17.19,E,8,12.33,E,8,73.0,E,8,964.3861999999999,E,8,999.0,E,8,1.4,E,8,-9900,?,9,-9900,?,9,0.0,E,8,-9900,?,9,-9900,?,9,0.0,0.0,E,8
08/08/2020,10:00,831.242,1328.228,353.58,1,8,90.928,1,8,296.701,1,8,42429.6,1,8,8638.182,1,8,32637.06,1,8,150.977,1,8,-9900,?,9,-9900,?,9,19.18,E,8,12.84,E,8,66.0,E,8,964.3861999999999,E,8,999.0,E,8,1.4,E,8,-9900,?,9,-9900,?,9,0.0,E,8,-9900,?,9,-9900,?,9,0.0,0.0,E,8
08/08/2020,11:00,979.147,1328.228,460.58,1,8,127.261,1,8,366.789,1,8,55269.6,1,8,12089.755,1,8,40346.775,1,8,158.416,1,8,-9900,?,9,-9900,?,9,20.92,E,8,13.28,E,8,61.0,E,8,964.3861999999999,E,8,999.0,E,8,1.4,E,8,-9900,?,9,-9900,?,9,0.0,E,8,-9900,?,9,-9900,?,9,0.0,0.0,E,8
08/08/2020,12:00,1051.378,1328.228,526.07,1,8,237.62,1,8,338.012,1,8,63128.4,1,8,22573.884,1,8,37181.28,1,8,135.948,1,8,-9900,?,9,-9900,?,9,22.32,E,8,13.62,E,8,57.0,E,8,964.3861999999999,E,8,999.0,E,8,1.4,E,8,-9900,?,9,-9900,?,9,0.0,E,8,-9900,?,9,-9900,?,9,0.0,0.0,E,8
08/08/2020,13:00,1042.987,1328.228,545.09,1,8,283.554,1,8,322.471,1,8,65410.8,1,8,26937.623,1,8,35471.786,1,8,130.742,1,8,-9900,?,9,-9900,?,9,23.35,E,8,13.87,E,8,55.0,E,8,964.3861999999999,E,8,999.0,E,8,1.4,E,8,-9900,?,9,-9900,?,9,0.0,E,8,-9900,?,9,-9900,?,9,0.0,0.0,E,8
08/08/2020,14:00,954.547,1328.228,516.24,1,8,223.134,1,8,355.926,1,8,61948.8,1,8,21197.718,1,8,39151.892,1,8,157.69,1,8,-9900,?,9,-9900,?,9,23.97,E,8,14.02,E,8,53.0,E,8,964.3861999999999,E,8,999.0,E,8,1.4,E,8,-9900,?,9,-9900,?,9,0.0,E,8,-9900,?,9,-9900,?,9,0.0,0.0,E,8
08/08/2020,15:00,792.109,1328.228,441.66,1,8,313.865,1,8,254.581,1,8,52999.2,1,8,29817.219,1,8,28003.908,1,8,135.955,1,8,-9900,?,9,-9900,?,9,24.17,E,8,14.07,E,8,53.0,E,8,964.3861999999999,E,8,999.0,E,8,1.45,E,8,-9900,?,9,-9900,?,9,0.0,E,8,-9900,?,9,-9900,?,9,0.0,0.0,E,8
08/08/2020,16:00,566.834,1328.228,327.03,1,8,410.71,1,8,151.985,1,8,39243.6,1,8,39017.406,1,8,16718.395,1,8,113.511,1,8,-9900,?,9,-9900,?,9,23.84,E,8,13.99,E,8,54.0,E,8,964.3861999999999,E,8,999.0,E,8,1.4,E,8,-9900,?,9,-9900,?,9,0.0,E,8,-9900,?,9,-9900,?,9,0.0,0.0,E,8
08/08/2020,17:00,294.491,1328.228,182.45,1,8,538.922,1,8,63.618,1,8,21894.0,1,8,51197.63,1,8,6997.986,1,8,91.838,1,8,-9900,?,9,-9900,?,9,22.9,E,8,13.76,E,8,56.0,E,8,964.3861999999999,E,8,999.0,E,8,1.4,E,8,-9900,?,9,-9900,?,9,0.0,E,8,-9900,?,9,-9900,?,9,0.0,0.0,E,8
08/08/2020,18:00,3.256,1328.228,32.87,1,8,0.0,1,8,0.0,1,8,3944.4,1,8,0.0,1,8,0.0,1,8,-0.0,1,8,-9900,?,9,-9900,?,9,21.49,E,8,13.42,E,8,60.0,E,8,964.3861999999999,E,8,999.0,E,8,1.4,E,8,-9900,?,9,-9900,?,9,0.0,E,8,-9900,?,9,-9900,?,9,0.0,0.0,E,8
08/08/2020,19:00,0.0,1328.228,0.0,1,8,0.0,1,8,0.0,1,8,0.0,1,8,0.0,1,8,0.0,1,8,-0.0,1,8,-9900,?,9,-9900,?,9,20.62,E,8,13.2,E,8,62.0,E,8,964.3861999999999,E,8,999.0,E,8,1.4,E,8,-9900,?,9,-9900,?,9,0.0,E,8,-9900,?,9,-9900,?,9,0.0,0.0,E,8
08/08/2020,20:00,0.0,1328.228,0.0,1,8,0.0,1,8,0.0,1,8,0.0,1,8,0.0,1,8,0.0,1,8,-0.0,1,8,-9900,?,9,-9900,?,9,19.75,E,8,12.99,E,8,64.0,E,8,964.3861999999999,E,8,999.0,E,8,1.4,E,8,-9900,?,9,-9900,?,9,0.0,E,8,-9900,?,9,-9900,?,9,0.0,0.0,E,8
08/08/2020,21:00,0.0,1328.228,0.0,1,8,0.0,1,8,0.0,1,8,0.0,1,8,0.0,1,8,0.0,1,8,-0.0,1,8,-9900,?,9,-9900,?,9,18.88,E,8,12.77,E,8,67.0,E,8,964.3861999999999,E,8,999.0,E,8,1.4,E,8,-9900,?,9,-9900,?,9,0.0,E,8,-9900,?,9,-9900,?,9,0.0,0.0,E,8
08/08/2020,22:00,0.0,1328.228,0.0,1,8,0.0,1,8,0.0,1,8,0.0,1,8,0.0,1,8,0.0,1,8,-0.0,1,8,-9900,?,9,-9900,?,9,18.0,E,8,12.54,E,8,70.0,E,8,964.3861999999999,E,8,999.0,E,8,1.4,E,8,-9900,?,9,-9900,?,9,0.0,E,8,-9900,?,9,-9900,?,9,0.0,0.0,E,8
08/08/2020,23:00,0.0,1328.228,0.0,1,8,0.0,1,8,0.0,1,8,0.0,1,8,0.0,1,8,0.0,1,8,-0.0,1,8,-9900,?,9,-9900,?,9,17.13,E,8,12.31,E,8,73.0,E,8,964.3861999999999,E,8,999.0,E,8,1.4,E,8,-9900,?,9,-9900,?,9,0.0,E,8,-9900,?,9,-9900,?,9,0.0,0.0,E,8
08/08/2020,24:00,0.0,1328.228,0.0,1,8,0.0,1,8,0.0,1,8,0.0,1,8,0.0,1,8,0.0,1,8,-0.0,1,8,-9900,?,9,-9900,?,9,16.26,E,8,12.06,E,8,76.0,E,8,964.3861999999999,E,8,999.0,E,8,1.4,E,8,-9900,?,9,-9900,?,9,0.0,E,8,-9900,?,9,-9900,?,9,0.0,0.0,E,8
08/09/2020,01:00,0.0,1328.228,0.0,1,8,0.0,1,8,0.0,1,8,0.0,1,8,0.0,1,8,0.0,1,8,-0.0,1,8,-9900,?,9,-9900,?,9,15.82,E,8,11.9,E,8,77.0,E,8,964.3861999999999,E,8,999.0,E,8,1.4,E,8,-9900,?,9,-9900,?,9,0.0,E,8,-9900,?,9,-9900,?,9,0.0,0.0,E,8
08/09/2020,02:00,0.0,1328.228,0.0,1,8,0.0,1,8,0.0,1,8,0.0,1,8,0.0,1,8,0.0,1,8,-0.0,1,8,-9900,?,9,-9900,?,9,15.39,E,8,11.74,E,8,78.0,E,8,964.3861999999999,E,8,999.0,E,8,1.4,E,8,-9900,?,9,-9900,?,9,0.0,E,8,-9900,?,9,-9900,?,9,0.0,0.0,E,8
08/09/2020,03:00,0.0,1328.228,0.0,1,8,0.0,1,8,0.0,1,8,0.0,1,8,0.0,1,8,0.0,1,8,-0.0,1,8,-9900,?,9,-9900,?,9,14.95,E,8,11.58,E,8,80.0,E,8,964.3861999999999,E,8,999.0,E,8,1.4,E,8,-9900,?,9,-9900,?,9,0.0,E,8,-9900,?,9,-9900,?,9,0.0,0.0,E,8
08/09/2020,04:00,0.0,1328.662,0.0,1,8,0.0,1,8,0.0,1,8,0.0,1,8,0.0,1,8,0.0,1,8,-0.0,1,8,-9900,?,9,-9900,?,9,14.52,E,8,11.42,E,8,81.0,E,8,964.3861999999999,E,8,999.0,E,8,1.4,E,8,-9900,?,9,-9900,?,9,0.0,E,8,-9900,?,9,-9900,?,9,0.0,0.0,E,8
08/09/2020,05:00,0.0,1328.662,0.0,1,8,0.0,1,8,0.0,1,8,0.0,1,8,0.0,1,8,0.0,1,8,-0.0,1,8,-9900,?,9,-9900,?,9,14.08,E,8,11.25,E,8,83.0,E,8,964.3861999999999,E,8,999.0,E,8,1.4,E,8,-9900,?,9,-9900,?,9,0.0,E,8,-9900,?,9,-9900,?,9,0.0,0.0,E,8
08/09/2020,06:00,0.0,1328.662,0.0,1,8,0.0,1,8,0.0,1,8,0.0,1,8,0.0,1,8,0.0,1,8,-0.0,1,8,-9900,?,9,-9900,?,9,13.74,E,8,11.12,E,8,84.0,E,8,964.3861999999999,E,8,999.0,E,8,1.4,E,8,-9900,?,9,-9900,?,9,0.0,E,8,-9900,?,9,-9900,?,9,0.0,0.0,E,8
08/09/2020,07:00,63.696,1328.662,0.0,1,8,0.0,1,8,0.0,1,8,0.0,1,8,0.0,1,8,0.0,1,8,0.0,1,8,-9900,?,9,-9900,?,9,13.46,E,8,11.01,E,8,85.0,E,8,964.3861999999999,E,8,999.0,E,8,1.4,E,8,-9900,?,9,-9900,?,9,0.0,E,8,-9900,?,9,-9900,?,9,0.0,0.0,E,8
08/09/2020,08:00,357.488,1328.662,54.91,1,8,0.0,1,8,54.91,1,8,6589.2,1,8,0.0,1,8,6040.1,1,8,65.201,1,8,-9900,?,9,-9900,?,9,13.17,E,8,10.9,E,8,86.0,E,8,964.3861999999999,E,8,999.0,E,8,1.4,E,8,-9900,?,9,-9900,?,9,0.0,E,8,-9900,?,9,-9900,?,9,0.0,0.0,E,8
08/09/2020,09:00,621.98,1328.662,190.02,1,8,19.8,1,8,180.761,1,8,22802.4,1,8,1880.96,1,8,19883.707,1,8,123.04,1,8,-9900,?,9,-9900,?,9,16.97,E,8,12.32,E,8,74.0,E,8,964.3861999999999,E,8,999.0,E,8,1.4,E,8,-9900,?,9,-9900,?,9,0.0,E,8,-9900,?,9,-9900,?,9,0.0,0.0,E,8
08/09/2020,10:00,835.647,1328.662,312.76,1,8,75.634,1,8,265.212,1,8,37531.2,1,8,7185.186,1,8,29173.371,1,8,134.286,1,8,-9900,?,9,-9900,?,9,18.94,E,8,13.01,E,8,68.0,E,8,964.3861999999999,E,8,999.0,E,8,1.4,E,8,-9900,?,9,-9900,?,9,0.0,E,8,-9900,?,9,-9900,?,9,0.0,0.0,E,8
08/09/2020,11:00,983.646,1328.662,406.81,1,8,75.491,1,8,350.935,1,8,48817.2,1,8,7171.685,1,8,38602.862,1,8,150.924,1,8,-9900,?,9,-9900,?,9,20.66,E,8,13.59,E,8,63.0,E,8,964.3861999999999,E,8,999.0,E,8,1.4,E,8,-9900,?,9,-9900,?,9,0.0,E,8,-9900,?,9,-9900,?,9,0.0,0.0,E,8
08/09/2020,12:00,1055.818,1328.662,464.33,1,8,141.429,1,8,351.963,1,8,55719.6,1,8,13435.724,1,8,38715.962,1,8,141.009,1,8,-9900,?,9,-9900,?,9,22.05,E,8,14.04,E,8,60.0,E,8,964.3861999999999,E,8,999.0,E,8,1.4,E,8,-9900,?,9,-9900,?,9,0.0,E,8,-9900,?,9,-9900,?,9,0.0,0.0,E,8
08/09/2020,13:00,1047.222,1328.662,480.97,1,8,169.63,1,8,347.295,1,8,57716.4,1,8,16114.894,1,8,38202.455,1,8,140.282,1,8,-9900,?,9,-9900,?,9,23.06,E,8,14.36,E,8,58.0,E,8,964.3861999999999,E,8,999.0,E,8,1.4,E,8,-9900,?,9,-9900,?,9,0.0,E,8,-9900,?,9,-9900,?,9,0.0,0.0,E,8
08/09/2020,14:00,958.441,1328.662,455.49,1,8,134.979,1,8,358.148,1,8,54658.8,1,8,12822.986,1,8,39396.319,1,8,158.081,1,8,-9900,?,9,-9900,?,9,23.67,E,8,14.55,E,8,56.0,E,8,964.3861999999999,E,8,999.0,E,8,1.4,E,8,-9900,?,9,-9900,?,9,0.0,E,8,-9900,?,9,-9900,?,9,0.0,0.0,E,8
08/09/2020,15:00,795.552,1328.662,389.79,1,8,164.639,1,8,291.262,1,8,46774.8,1,8,15640.706,1,8,32038.843,1,8,154.92,1,8,-9900,?,9,-9900,?,9,23.87,E,8,14.62,E,8,56.0,E,8,964.3861999999999,E,8,999.0,E,8,1.4,E,8,-9900,?,9,-9900,?,9,0.0,E,8,-9900,?,9,-9900,?,9,0.0,0.0,E,8
08/09/2020,16:00,569.745,1328.662,288.87,1,8,264.472,1,8,175.608,1,8,34664.4,1,8,25124.806,1,8,19316.923,1,8,130.524,1,8,-9900,?,9,-9900,?,9,23.54,E,8,14.51,E,8,56.0,E,8,964.3861999999999,E,8,999.0,E,8,1.4,E,8,-9900,?,9,-9900,?,9,0.0,E,8,-9900,?,9,-9900,?,9,0.0,0.0,E,8
08/09/2020,17:00,296.822,1328.662,161.57,1,8,391.979,1,8,74.476,1,8,19388.4,1,8,37238.031,1,8,8192.328,1,8,106.694,1,8,-9900,?,9,-9900,?,9,22.61,E,8,14.22,E,8,59.0,E,8,964.3861999999999,E,8,999.0,E,8,1.4,E,8,-9900,?,9,-9900,?,9,0.0,E,8,-9900,?,9,-9900,?,9,0.0,0.0,E,8
08/09/2020,18:00,4.742,1328.662,29.64,1,8,0.0,1,8,0.0,1,8,3556.8,1,8,0.0,1,8,0.0,1,8,-0.0,1,8,-9900,?,9,-9900,?,9,21.21,E,8,13.77,E,8,62.0,E,8,964.3861999999999,E,8,999.0,E,8,1.4,E,8,-9900,?,9,-9900,?,9,0.0,E,8,-9900,?,9,-9900,?,9,0.0,0.0,E,8
08/09/2020,19:00,0.0,1328.662,0.0,1,8,0.0,1,8,0.0,1,8,0.0,1,8,0.0,1,8,0.0,1,8,-0.0,1,8,-9900,?,9,-9900,?,9,20.43,E,8,13.51,E,8,64.0,E,8,964.3861999999999,E,8,999.0,E,8,1.4,E,8,-9900,?,9,-9900,?,9,0.0,E,8,-9900,?,9,-9900,?,9,0.0,0.0,E,8
08/09/2020,20:00,0.0,1328.662,0.0,1,8,0.0,1,8,0.0,1,8,0.0,1,8,0.0,1,8,0.0,1,8,-0.0,1,8,-9900,?,9,-9900,?,9,19.65,E,8,13.25,E,8,66.0,E,8,964.3861999999999,E,8,999.0,E,8,1.4,E,8,-9900,?,9,-9900,?,9,0.0,E,8,-9900,?,9,-9900,?,9,0.0,0.0,E,8
08/09/2020,21:00,0.0,1328.662,0.0,1,8,0.0,1,8,0.0,1,8,0.0,1,8,0.0,1,8,0.0,1,8,-0.0,1,8,-9900,?,9,-9900,?,9,18.87,E,8,12.98,E,8,68.0,E,8,964.3861999999999,E,8,999.0,E,8,1.4,E,8,-9900,?,9,-9900,?,9,0.0,E,8,-9900,?,9,-9900,?,9,0.0,0.0,E,8
08/09/2020,22:00,0.0,1328.662,0.0,1,8,0.0,1,8,0.0,1,8,0.0,1,8,0.0,1,8,0.0,1,8,-0.0,1,8,-9900,?,9,-9900,?,9,18.09,E,8,12.71,E,8,70.0,E,8,964.3861999999999,E,8,999.0,E,8,1.4,E,8,-9900,?,9,-9900,?,9,0.0,E,8,-9900,?,9,-9900,?,9,0.0,0.0,E,8
08/09/2020,23:00,0.0,1328.662,0.0,1,8,0.0,1,8,0.0,1,8,0.0,1,8,0.0,1,8,0.0,1,8,-0.0,1,8,-9900,?,9,-9900,?,9,17.31,E,8,12.44,E,8,73.0,E,8,964.3861999999999,E,8,999.0,E,8,1.4,E,8,-9900,?,9,-9900,?,9,0.0,E,8,-9900,?,9,-9900,?,9,0.0,0.0,E,8
08/09/2020,24:00,0.0,1328.662,0.0,1,8,0.0,1,8,0.0,1,8,0.0,1,8,0.0,1,8,0.0,1,8,-0.0,1,8,-9900,?,9,-9900,?,9,16.53,E,8,11.17,E,8,70.0,E,8,964.3861999999999,E,8,999.0,E,8,1.31,E,8,-9900,?,9,-9900,?,9,0.0,E,8,-9900,?,9,-9900,?,9,0.0,0.0,E,8
08/10/2020,01:00,0.0,1328.662,0.0,1,8,0.0,1,8,0.0,1,8,0.0,1,8,0.0,1,8,0.0,1,8,-0.0,1,8,-9900,?,9,-9900,?,9,16.14,E,8,11.14,E,8,72.0,E,8,964.3861999999999,E,8,999.0,E,8,1.31,E,8,-9900,?,9,-9900,?,9,0.0,E,8,-9900,?,9,-9900,?,9,0.0,0.0,E,8
08/10/2020,02:00,0.0,1328.662,0.0,1,8,0.0,1,8,0.0,1,8,0.0,1,8,0.0,1,8,0.0,1,8,-0.0,1,8,-9900,?,9,-9900,?,9,15.75,E,8,11.1,E,8,73.0,E,8,964.3861999999999,E,8,999.0,E,8,1.31,E,8,-9900,?,9,-9900,?,9,0.0,E,8,-9900,?,9,-9900,?,9,0.0,0.0,E,8
08/10/2020,03:00,0.0,1328.662,0.0,1,8,0.0,1,8,0.0,1,8,0.0,1,8,0.0,1,8,0.0,1,8,-0.0,1,8,-9900,?,9,-9900,?,9,15.36,E,8,11.07,E,8,75.0,E,8,964.3861999999999,E,8,999.0,E,8,1.31,E,8,-9900,?,9,-9900,?,9,0.0,E,8,-9900,?,9,-9900,?,9,0.0,0.0,E,8
08/10/2020,04:00,0.0,1329.107,0.0,1,8,0.0,1,8,0.0,1,8,0.0,1,8,0.0,1,8,0.0,1,8,-0.0,1,8,-9900,?,9,-9900,?,9,14.97,E,8,11.03,E,8,77.0,E,8,964.3861999999999,E,8,999.0,E,8,1.31,E,8,-9900,?,9,-9900,?,9,0.0,E,8,-9900,?,9,-9900,?,9,0.0,0.0,E,8
08/10/2020,05:00,0.0,1329.107,0.0,1,8,0.0,1,8,0.0,1,8,0.0,1,8,0.0,1,8,0.0,1,8,-0.0,1,8,-9900,?,9,-9900,?,9,14.58,E,8,11.0,E,8,79.0,E,8,964.3861999999999,E,8,999.0,E,8,1.31,E,8,-9900,?,9,-9900,?,9,0.0,E,8,-9900,?,9,-9900,?,9,0.0,0.0,E,8
08/10/2020,06:00,0.0,1329.107,0.0,1,8,0.0,1,8,0.0,1,8,0.0,1,8,0.0,1,8,0.0,1,8,-0.0,1,8,-9900,?,9,-9900,?,9,14.27,E,8,10.97,E,8,80.0,E,8,964.3861999999999,E,8,999.0,E,8,1.31,E,8,-9900,?,9,-9900,?,9,0.0,E,8,-9900,?,9,-9900,?,9,0.0,0.0,E,8
08/10/2020,07:00,66.939,1329.107,0.0,1,8,0.0,1,8,0.0,1,8,0.0,1,8,0.0,1,8,0.0,1,8,0.0,1,8,-9900,?,9,-9900,?,9,14.02,E,8,10.95,E,8,81.0,E,8,964.3861999999999,E,8,999.0,E,8,1.31,E,8,-9900,?,9,-9900,?,9,0.0,E,8,-9900,?,9,-9900,?,9,0.0,0.0,E,8
08/10/2020,08:00,361.362,1329.107,47.26,1,8,0.0,1,8,47.26,1,8,5671.2,1,8,0.0,1,8,5198.6,1,8,55.53,1,8,-9900,?,9,-9900,?,9,13.76,E,8,10.93,E,8,83.0,E,8,964.3861999999999,E,8,999.0,E,8,1.31,E,8,-9900,?,9,-9900,?,9,0.0,E,8,-9900,?,9,-9900,?,9,0.0,0.0,E,8
08/10/2020,09:00,626.225,1329.107,232.58,1,8,69.219,1,8,200.0,1,8,27909.6,1,8,6575.824,1,8,21999.992,1,8,135.255,1,8,-9900,?,9,-9900,?,9,17.2,E,8,11.23,E,8,67.0,E,8,964.3861999999999,E,8,999.0,E,8,1.7,E,8,-9900,?,9,-9900,?,9,0.0,E,8,-9900,?,9,-9900,?,9,0.0,0.0,E,8
08/10/2020,10:00,840.124,1329.107,381.3,1,8,132.267,1,8,297.732,1,8,45756.0,1,8,12565.326,1,8,32750.476,1,8,149.997,1,8,-9900,?,9,-9900,?,9,19.19,E,8,11.4,E,8,60.0,E,8,964.3861999999999,E,8,999.0,E,8,1.92,E,8,-9900,?,9,-9900,?,9,0.0,E,8,-9900,?,9,-9900,?,9,0.0,0.0,E,8
08/10/2020,11:00,988.206,1329.107,574.39,1,8,307.634,1,8,345.715,1,8,68926.8,1,8,29225.231,1,8,38028.661,1,8,148.042,1,8,-9900,?,9,-9900,?,9,21.37,E,8,11.59,E,8,53.0,E,8,964.3861999999999,E,8,999.0,E,8,1.62,E,8,-9900,?,9,-9900,?,9,0.0,E,8,-9900,?,9,-9900,?,9,0.0,0.0,E,8
08/10/2020,12:00,1060.307,1329.107,663.7,1,8,434.447,1,8,317.174,1,8,79644.0,1,8,41272.51,1,8,34889.136,1,8,126.575,1,8,-9900,?,9,-9900,?,9,23.11,E,8,11.74,E,8,48.0,E,8,964.3861999999999,E,8,999.0,E,8,1.4,E,8,-9900,?,9,-9900,?,9,0.0,E,8,-9900,?,9,-9900,?,9,0.0,0.0,E,8
08/10/2020,13:00,1051.49,1329.107,733.31,1,8,595.217,1,8,262.502,1,8,87997.2,1,8,56545.635,1,8,28875.172,1,8,105.636,1,8,-9900,?,9,-9900,?,9,24.57,E,8,11.86,E,8,45.0,E,8,964.3861999999999,E,8,999.0,E,8,1.62,E,8,-9900,?,9,-9900,?,9,0.0,E,8,-9900,?,9,-9900,?,9,0.0,0.0,E,8
08/10/2020,14:00,962.355,1329.107,687.48,1,8,705.219,1,8,176.994,1,8,82497.6,1,8,66995.771,1,8,19469.39,1,8,77.831,1,8,-9900,?,9,-9900,?,9,25.44,E,8,11.94,E,8,42.0,E,8,964.3861999999999,E,8,999.0,E,8,1.85,E,8,-9900,?,9,-9900,?,9,0.0,E,8,-9900,?,9,-9900,?,9,0.0,0.0,E,8
08/10/2020,15:00,799.003,1329.107,512.09,1,8,529.033,1,8,194.222,1,8,61450.8,1,8,50258.128,1,8,21364.47,1,8,102.893,1,8,-9900,?,9,-9900,?,9,25.56,E,8,11.95,E,8,42.0,E,8,964.3861999999999,E,8,999.0,E,8,1.31,E,8,-9900,?,9,-9900,?,9,0.0,E,8,-9900,?,9,-9900,?,9,0.0,0.0,E,8
08/10/2020,16:00,572.655,1329.107,375.81,1,8,574.37,1,8,128.655,1,8,45097.2,1,8,54565.121,1,8,14152.086,1,8,95.17,1,8,-9900,?,9,-9900,?,9,25.08,E,8,11.91,E,8,43.0,E,8,964.3861999999999,E,8,999.0,E,8,1.31,E,8,-9900,?,9,-9900,?,9,0.0,E,8,-9900,?,9,-9900,?,9,0.0,0.0,E,8
08/10/2020,17:00,299.145,1329.107,188.98,1,8,572.978,1,8,60.705,1,8,22677.6,1,8,54432.89,1,8,6677.604,1,8,86.313,1,8,-9900,?,9,-9900,?,9,23.91,E,8,11.81,E,8,46.0,E,8,964.3861999999999,E,8,999.0,E,8,1.31,E,8,-9900,?,9,-9900,?,9,0.0,E,8,-9900,?,9,-9900,?,9,0.0,0.0,E,8
08/10/2020,18:00,6.222,1329.107,35.73,1,8,0.0,1,8,0.0,1,8,4287.6,1,8,0.0,1,8,0.0,1,8,-0.0,1,8,-9900,?,9,-9900,?,9,22.37,E,8,11.68,E,8,50.0,E,8,964.3861999999999,E,8,999.0,E,8,1.31,E,8,-9900,?,9,-9900,?,9,0.0,E,8,-9900,?,9,-9900,?,9,0.0,0.0,E,8
08/10/2020,19:00,0.0,1329.107,0.0,1,8,0.0,1,8,0.0,1,8,0.0,1,8,0.0,1,8,0.0,1,8,-0.0,1,8,-9900,?,9,-9900,?,9,21.51,E,8,11.6,E,8,53.0,E,8,964.3861999999999,E,8,999.0,E,8,1.31,E,8,-9900,?,9,-9900,?,9,0.0,E,8,-9900,?,9,-9900,?,9,0.0,0.0,E,8
08/10/2020,20:00,0.0,1329.107,0.0,1,8,0.0,1,8,0.0,1,8,0.0,1,8,0.0,1,8,0.0,1,8,-0.0,1,8,-9900,?,9,-9900,?,9,20.64,E,8,11.53,E,8,55.0,E,8,964.3861999999999,E,8,999.0,E,8,1.31,E,8,-9900,?,9,-9900,?,9,0.0,E,8,-9900,?,9,-9900,?,9,0.0,0.0,E,8
08/10/2020,21:00,0.0,1329.107,0.0,1,8,0.0,1,8,0.0,1,8,0.0,1,8,0.0,1,8,0.0,1,8,-0.0,1,8,-9900,?,9,-9900,?,9,19.77,E,8,11.45,E,8,58.0,E,8,964.3861999999999,E,8,999.0,E,8,1.31,E,8,-9900,?,9,-9900,?,9,0.0,E,8,-9900,?,9,-9900,?,9,0.0,0.0,E,8
08/10/2020,22:00,0.0,1329.107,0.0,1,8,0.0,1,8,0.0,1,8,0.0,1,8,0.0,1,8,0.0,1,8,-0.0,1,8,-9900,?,9,-9900,?,9,18.91,E,8,11.38,E,8,61.0,E,8,964.3861999999999,E,8,999.0,E,8,1.31,E,8,-9900,?,9,-9900,?,9,0.0,E,8,-9900,?,9,-9900,?,9,0.0,0.0,E,8
08/10/2020,23:00,0.0,1329.107,0.0,1,8,0.0,1,8,0.0,1,8,0.0,1,8,0.0,1,8,0.0,1,8,-0.0,1,8,-9900,?,9,-9900,?,9,18.04,E,8,11.3,E,8,64.0,E,8,964.3861999999999,E,8,999.0,E,8,1.31,E,8,-9900,?,9,-9900,?,9,0.0,E,8,-9900,?,9,-9900,?,9,0.0,0.0,E,8
08/10/2020,24:00,0.0,1329.107,0.0,1,8,0.0,1,8,0.0,1,8,0.0,1,8,0.0,1,8,0.0,1,8,-0.0,1,8,-9900,?,9,-9900,?,9,17.18,E,8,11.45,E,8,68.0,E,8,964.3861999999999,E,8,999.0,E,8,1.4,E,8,-9900,?,9,-9900,?,9,0.0,E,8,-9900,?,9,-9900,?,9,0.0,0.0,E,8
08/11/2020,01:00,0.0,1329.107,0.0,1,8,0.0,1,8,0.0,1,8,0.0,1,8,0.0,1,8,0.0,1,8,-0.0,1,8,-9900,?,9,-9900,?,9,16.74,E,8,11.37,E,8,70.0,E,8,964.3861999999999,E,8,999.0,E,8,1.4,E,8,-9900,?,9,-9900,?,9,0.0,E,8,-9900,?,9,-9900,?,9,0.0,0.0,E,8
08/11/2020,02:00,0.0,1329.107,0.0,1,8,0.0,1,8,0.0,1,8,0.0,1,8,0.0,1,8,0.0,1,8,-0.0,1,8,-9900,?,9,-9900,?,9,16.31,E,8,11.3,E,8,72.0,E,8,964.3861999999999,E,8,999.0,E,8,1.4,E,8,-9900,?,9,-9900,?,9,0.0,E,8,-9900,?,9,-9900,?,9,0.0,0.0,E,8
08/11/2020,03:00,0.0,1329.107,0.0,1,8,0.0,1,8,0.0,1,8,0.0,1,8,0.0,1,8,0.0,1,8,-0.0,1,8,-9900,?,9,-9900,?,9,15.88,E,8,11.22,E,8,73.0,E,8,964.3861999999999,E,8,999.0,E,8,1.4,E,8,-9900,?,9,-9900,?,9,0.0,E,8,-9900,?,9,-9900,?,9,0.0,0.0,E,8
08/11/2020,04:00,0.0,1329.563,0.0,1,8,0.0,1,8,0.0,1,8,0.0,1,8,0.0,1,8,0.0,1,8,-0.0,1,8,-9900,?,9,-9900,?,9,15.44,E,8,11.14,E,8,75.0,E,8,964.3861999999999,E,8,999.0,E,8,1.4,E,8,-9900,?,9,-9900,?,9,0.0,E,8,-9900,?,9,-9900,?,9,0.0,0.0,E,8
08/11/2020,05:00,0.0,1329.563,0.0,1,8,0.0,1,8,0.0,1,8,0.0,1,8,0.0,1,8,0.0,1,8,-0.0,1,8,-9900,?,9,-9900,?,9,15.01,E,8,11.07,E,8,77.0,E,8,964.3861999999999,E,8,999.0,E,8,1.4,E,8,-9900,?,9,-9900,?,9,0.0,E,8,-9900,?,9,-9900,?,9,0.0,0.0,E,8
08/11/2020,06:00,0.0,1329.563,0.0,1,8,0.0,1,8,0.0,1,8,0.0,1,8,0.0,1,8,0.0,1,8,-0.0,1,8,-9900,?,9,-9900,?,9,14.68,E,8,11.01,E,8,78.0,E,8,964.3861999999999,E,8,999.0,E,8,1.4,E,8,-9900,?,9,-9900,?,9,0.0,E,8,-9900,?,9,-9900,?,9,0.0,0.0,E,8
08/11/2020,07:00,70.275,1329.563,0.0,1,8,0.0,1,8,0.0,1,8,0.0,1,8,0.0,1,8,0.0,1,8,0.0,1,8,-9900,?,9,-9900,?,9,14.39,E,8,10.96,E,8,79.0,E,8,964.3861999999999,E,8,999.0,E,8,1.4,E,8,-9900,?,9,-9900,?,9,0.0,E,8,-9900,?,9,-9900,?,9,0.0,0.0,E,8
08/11/2020,08:00,365.322,1329.563,81.58,1,8,0.0,1,8,81.58,1,8,9789.6,1,8,0.0,1,8,8973.8,1,8,94.841,1,8,-9900,?,9,-9900,?,9,14.11,E,8,10.91,E,8,81.0,E,8,964.3861999999999,E,8,999.0,E,8,1.4,E,8,-9900,?,9,-9900,?,9,0.0,E,8,-9900,?,9,-9900,?,9,0.0,0.0,E,8
08/11/2020,09:00,630.548,1329.563,78.23,1,8,0.0,1,8,78.23,1,8,9387.6,1,8,0.0,1,8,8605.3,1,8,52.56,1,8,-9900,?,9,-9900,?,9,15.91,E,8,11.23,E,8,73.0,E,8,964.3861999999999,E,8,999.0,E,8,1.4,E,8,-9900,?,9,-9900,?,9,0.0,E,8,-9900,?,9,-9900,?,9,0.0,0.0,E,8
08/11/2020,10:00,844.67,1329.563,445.14,1,8,218.89,1,8,306.14,1,8,53416.8,1,8,20794.537,1,8,33675.371,1,8,153.455,1,8,-9900,?,9,-9900,?,9,18.65,E,8,11.7,E,8,63.0,E,8,964.3861999999999,E,8,999.0,E,8,1.4,E,8,-9900,?,9,-9900,?,9,0.0,E,8,-9900,?,9,-9900,?,9,0.0,0.0,E,8
08/11/2020,11:00,992.823,1329.563,577.3,1,8,314.031,1,8,342.858,1,8,69276.0,1,8,29832.972,1,8,37714.428,1,8,146.185,1,8,-9900,?,9,-9900,?,9,20.77,E,8,12.05,E,8,57.0,E,8,964.3861999999999,E,8,999.0,E,8,1.4,E,8,-9900,?,9,-9900,?,9,0.0,E,8,-9900,?,9,-9900,?,9,0.0,0.0,E,8
08/11/2020,12:00,1064.84,1329.563,657.98,1,8,401.515,1,8,336.462,1,8,78957.6,1,8,38143.897,1,8,37010.805,1,8,133.746,1,8,-9900,?,9,-9900,?,9,22.41,E,8,12.32,E,8,52.0,E,8,964.3861999999999,E,8,999.0,E,8,1.4,E,8,-9900,?,9,-9900,?,9,0.0,E,8,-9900,?,9,-9900,?,9,0.0,0.0,E,8
08/11/2020,13:00,1055.789,1329.563,681.09,1,8,472.329,1,8,306.084,1,8,81730.8,1,8,44871.219,1,8,33669.272,1,8,122.715,1,8,-9900,?,9,-9900,?,9,23.58,E,8,12.51,E,8,49.0,E,8,964.3861999999999,E,8,999.0,E,8,1.4,E,8,-9900,?,9,-9900,?,9,0.0,E,8,-9900,?,9,-9900,?,9,0.0,0.0,E,8
08/11/2020,14:00,966.288,1329.563,644.93,1,8,534.447,1,8,256.611,1,8,77391.6,1,8,50772.429,1,8,28227.256,1,8,112.42,1,8,-9900,?,9,-9900,?,9,24.31,E,8,12.63,E,8,48.0,E,8,964.3861999999999,E,8,999.0,E,8,1.4,E,8,-9900,?,9,-9900,?,9,0.0,E,8,-9900,?,9,-9900,?,9,0.0,0.0,E,8
08/11/2020,15:00,802.461,1329.563,552.16,1,8,691.852,1,8,134.804,1,8,66259.2,1,8,65725.926,1,8,14828.495,1,8,71.131,1,8,-9900,?,9,-9900,?,9,24.59,E,8,12.68,E,8,47.0,E,8,964.3861999999999,E,8,999.0,E,8,1.4,E,8,-9900,?,9,-9900,?,9,0.0,E,8,-9900,?,9,-9900,?,9,0.0,0.0,E,8
08/11/2020,16:00,575.563,1329.563,409.86,1,8,613.559,1,8,144.589,1,8,49183.2,1,8,58288.101,1,8,15904.742,1,8,106.451,1,8,-9900,?,9,-9900,?,9,24.35,E,8,12.64,E,8,47.0,E,8,964.3861999999999,E,8,999.0,E,8,1.4,E,8,-9900,?,9,-9900,?,9,0.0,E,8,-9900,?,9,-9900,?,9,0.0,0.0,E,8
08/11/2020,17:00,301.459,1329.563,230.39,1,8,579.193,1,8,99.755,1,8,27646.8,1,8,55023.346,1,8,10973.103,1,8,140.784,1,8,-9900,?,9,-9900,?,9,23.48,E,8,12.5,E,8,50.0,E,8,964.3861999999999,E,8,999.0,E,8,1.4,E,8,-9900,?,9,-9900,?,9,0.0,E,8,-9900,?,9,-9900,?,9,0.0,0.0,E,8
08/11/2020,18:00,7.698,1329.563,43.74,1,8,0.0,1,8,0.0,1,8,5248.8,1,8,0.0,1,8,0.0,1,8,-0.0,1,8,-9900,?,9,-9900,?,9,22.11,E,8,12.27,E,8,53.0,E,8,964.3861999999999,E,8,999.0,E,8,1.4,E,8,-9900,?,9,-9900,?,9,0.0,E,8,-9900,?,9,-9900,?,9,0.0,0.0,E,8
08/11/2020,19:00,0.0,1329.563,0.0,1,8,0.0,1,8,0.0,1,8,0.0,1,8,0.0,1,8,0.0,1,8,-0.0,1,8,-9900,?,9,-9900,?,9,21.27,E,8,12.14,E,8,55.0,E,8,964.3861999999999,E,8,999.0,E,8,1.4,E,8,-9900,?,9,-9900,?,9,0.0,E,8,-9900,?,9,-9900,?,9,0.0,0.0,E,8
08/11/2020,20:00,0.0,1329.563,0.0,1,8,0.0,1,8,0.0,1,8,0.0,1,8,0.0,1,8,0.0,1,8,-0.0,1,8,-9900,?,9,-9900,?,9,20.43,E,8,12.0,E,8,58.0,E,8,964.3861999999999,E,8,999.0,E,8,1.4,E,8,-9900,?,9,-9900,?,9,0.0,E,8,-9900,?,9,-9900,?,9,0.0,0.0,E,8
08/11/2020,21:00,0.0,1329.563,0.0,1,8,0.0,1,8,0.0,1,8,0.0,1,8,0.0,1,8,0.0,1,8,-0.0,1,8,-9900,?,9,-9900,?,9,19.59,E,8,11.86,E,8,60.0,E,8,964.3861999999999,E,8,999.0,E,8,1.4,E,8,-9900,?,9,-9900,?,9,0.0,E,8,-9900,?,9,-9900,?,9,0.0,0.0,E,8
08/11/2020,22:00,0.0,1329.563,0.0,1,8,0.0,1,8,0.0,1,8,0.0,1,8,0.0,1,8,0.0,1,8,-0.0,1,8,-9900,?,9,-9900,?,9,18.75,E,8,11.71,E,8,63.0,E,8,964.3861999999999,E,8,999.0,E,8,1.4,E,8,-9900,?,9,-9900,?,9,0.0,E,8,-9900,?,9,-9900,?,9,0.0,0.0,E,8
08/11/2020,23:00,0.0,1329.563,0.0,1,8,0.0,1,8,0.0,1,8,0.0,1,8,0.0,1,8,0.0,1,8,-0.0,1,8,-9900,?,9,-9900,?,9,17.9,E,8,11.57,E,8,66.0,E,8,964.3861999999999,E,8,999.0,E,8,1.4,E,8,-9900,?,9,-9900,?,9,0.0,E,8,-9900,?,9,-9900,?,9,0.0,0.0,E,8
08/11/2020,24:00,0.0,1329.563,0.0,1,8,0.0,1,8,0.0,1,8,0.0,1,8,0.0,1,8,0.0,1,8,-0.0,1,8,-9900,?,9,-9900,?,9,17.06,E,8,12.48,E,8,74.0,E,8,964.3861999999999,E,8,999.0,E,8,1.4,E,8,-9900,?,9,-9900,?,9,0.0,E,8,-9900,?,9,-9900,?,9,0.0,0.0,E,8
08/12/2020,01:00,0.0,1329.563,0.0,1,8,0.0,1,8,0.0,1,8,0.0,1,8,0.0,1,8,0.0,1,8,-0.0,1,8,-9900,?,9,-9900,?,9,16.64,E,8,12.42,E,8,76.0,E,8,964.3861999999999,E,8,999.0,E,8,1.4,E,8,-9900,?,9,-9900,?,9,0.0,E,8,-9900,?,9,-9900,?,9,0.0,0.0,E,8
08/12/2020,02:00,0.0,1329.563,0.0,1,8,0.0,1,8,0.0,1,8,0.0,1,8,0.0,1,8,0.0,1,8,-0.0,1,8,-9900,?,9,-9900,?,9,16.22,E,8,12.37,E,8,77.0,E,8,964.3861999999999,E,8,999.0,E,8,1.4,E,8,-9900,?,9,-9900,?,9,0.0,E,8,-9900,?,9,-9900,?,9,0.0,0.0,E,8
08/12/2020,03:00,0.0,1329.563,0.0,1,8,0.0,1,8,0.0,1,8,0.0,1,8,0.0,1,8,0.0,1,8,-0.0,1,8,-9900,?,9,-9900,?,9,15.8,E,8,12.31,E,8,79.0,E,8,964.3861999999999,E,8,999.0,E,8,1.4,E,8,-9900,?,9,-9900,?,9,0.0,E,8,-9900,?,9,-9900,?,9,0.0,0.0,E,8
08/12/2020,04:00,0.0,1330.029,0.0,1,8,0.0,1,8,0.0,1,8,0.0,1,8,0.0,1,8,0.0,1,8,-0.0,1,8,-9900,?,9,-9900,?,9,15.38,E,8,12.25,E,8,81.0,E,8,964.3861999999999,E,8,999.0,E,8,1.4,E,8,-9900,?,9,-9900,?,9,0.0,E,8,-9900,?,9,-9900,?,9,0.0,0.0,E,8
08/12/2020,05:00,0.0,1330.029,0.0,1,8,0.0,1,8,0.0,1,8,0.0,1,8,0.0,1,8,0.0,1,8,-0.0,1,8,-9900,?,9,-9900,?,9,14.96,E,8,12.2,E,8,83.0,E,8,964.3861999999999,E,8,999.0,E,8,1.4,E,8,-9900,?,9,-9900,?,9,0.0,E,8,-9900,?,9,-9900,?,9,0.0,0.0,E,8
08/12/2020,06:00,0.0,1330.029,0.0,1,8,0.0,1,8,0.0,1,8,0.0,1,8,0.0,1,8,0.0,1,8,-0.0,1,8,-9900,?,9,-9900,?,9,14.63,E,8,12.15,E,8,85.0,E,8,964.3861999999999,E,8,999.0,E,8,1.4,E,8,-9900,?,9,-9900,?,9,0.0,E,8,-9900,?,9,-9900,?,9,0.0,0.0,E,8
08/12/2020,07:00,73.703,1330.029,0.0,1,8,0.0,1,8,0.0,1,8,0.0,1,8,0.0,1,8,0.0,1,8,0.0,1,8,-9900,?,9,-9900,?,9,14.36,E,8,12.12,E,8,86.0,E,8,964.3861999999999,E,8,999.0,E,8,1.4,E,8,-9900,?,9,-9900,?,9,0.0,E,8,-9900,?,9,-9900,?,9,0.0,0.0,E,8
08/12/2020,08:00,369.365,1330.029,107.24,1,8,22.835,1,8,100.92,1,8,12868.8,1,8,2169.328,1,8,11101.229,1,8,116.073,1,8,-9900,?,9,-9900,?,9,14.08,E,8,12.08,E,8,87.0,E,8,964.3861999999999,E,8,999.0,E,8,1.4,E,8,-9900,?,9,-9900,?,9,0.0,E,8,-9900,?,9,-9900,?,9,0.0,0.0,E,8
08/12/2020,09:00,634.948,1330.029,293.47,1,8,175.355,1,8,209.839,1,8,35216.4,1,8,16658.711,1,8,23082.342,1,8,140.052,1,8,-9900,?,9,-9900,?,9,18.44,E,8,12.66,E,8,69.0,E,8,964.3861999999999,E,8,999.0,E,8,1.4,E,8,-9900,?,9,-9900,?,9,0.0,E,8,-9900,?,9,-9900,?,9,0.0,0.0,E,8
08/12/2020,10:00,849.283,1330.029,511.7,1,8,382.826,1,8,267.353,1,8,61404.0,1,8,36368.442,1,8,29408.815,1,8,133.33,1,8,-9900,?,9,-9900,?,9,20.7,E,8,12.95,E,8,61.0,E,8,964.3861999999999,E,8,999.0,E,8,1.4,E,8,-9900,?,9,-9900,?,9,0.0,E,8,-9900,?,9,-9900,?,9,0.0,0.0,E,8
08/12/2020,11:00,997.495,1330.029,634.42,1,8,454.187,1,8,293.867,1,8,76130.4,1,8,43147.747,1,8,32325.35,1,8,124.753,1,8,-9900,?,9,-9900,?,9,22.5,E,8,13.18,E,8,55.0,E,8,964.3861999999999,E,8,999.0,E,8,1.4,E,8,-9900,?,9,-9900,?,9,0.0,E,8,-9900,?,9,-9900,?,9,0.0,0.0,E,8
08/12/2020,12:00,1069.415,1330.029,569.99,1,8,215.203,1,8,396.983,1,8,68398.8,1,8,20444.238,1,8,43668.176,1,8,157.184,1,8,-9900,?,9,-9900,?,9,23.3,E,8,13.28,E,8,53.0,E,8,964.3861999999999,E,8,999.0,E,8,1.4,E,8,-9900,?,9,-9900,?,9,0.0,E,8,-9900,?,9,-9900,?,9,0.0,0.0,E,8
08/12/2020,13:00,1060.118,1330.029,553.01,1,8,278.553,1,8,331.023,1,8,66361.2,1,8,26462.531,1,8,36412.534,1,8,132.217,1,8,-9900,?,9,-9900,?,9,23.77,E,8,13.34,E,8,52.0,E,8,964.3861999999999,E,8,999.0,E,8,1.4,E,8,-9900,?,9,-9900,?,9,0.0,E,8,-9900,?,9,-9900,?,9,0.0,0.0,E,8
08/12/2020,14:00,970.237,1330.029,531.52,1,8,268.793,1,8,335.49,1,8,63782.4,1,8,25535.288,1,8,36903.935,1,8,146.428,1,8,-9900,?,9,-9900,?,9,24.04,E,8,13.37,E,8,51.0,E,8,964.3861999999999,E,8,999.0,E,8,1.4,E,8,-9900,?,9,-9900,?,9,0.0,E,8,-9900,?,9,-9900,?,9,0.0,0.0,E,8
08/12/2020,15:00,805.925,1330.029,448.85,1,8,325.453,1,8,251.743,1,8,53862.0,1,8,30918.018,1,8,27691.742,1,8,132.31,1,8,-9900,?,9,-9900,?,9,24.0,E,8,13.36,E,8,51.0,E,8,964.3861999999999,E,8,999.0,E,8,1.4,E,8,-9900,?,9,-9900,?,9,0.0,E,8,-9900,?,9,-9900,?,9,0.0,0.0,E,8
08/12/2020,16:00,578.466,1330.029,298.12,1,8,244.549,1,8,191.892,1,8,35774.4,1,8,23232.162,1,8,21108.108,1,8,140.616,1,8,-9900,?,9,-9900,?,9,23.35,E,8,13.28,E,8,53.0,E,8,964.3861999999999,E,8,999.0,E,8,1.4,E,8,-9900,?,9,-9900,?,9,0.0,E,8,-9900,?,9,-9900,?,9,0.0,0.0,E,8
08/12/2020,17:00,303.763,1330.029,234.09,1,8,458.615,1,8,129.889,1,8,28090.8,1,8,43568.443,1,8,14287.824,1,8,181.971,1,8,-9900,?,9,-9900,?,9,22.59,E,8,13.19,E,8,55.0,E,8,964.3861999999999,E,8,999.0,E,8,1.4,E,8,-9900,?,9,-9900,?,9,0.0,E,8,-9900,?,9,-9900,?,9,0.0,0.0,E,8
08/12/2020,18:00,9.168,1330.029,59.98,1,8,0.0,1,8,0.0,1,8,7197.6,1,8,0.0,1,8,0.0,1,8,-0.0,1,8,-9900,?,9,-9900,?,9,21.38,E,8,13.03,E,8,58.0,E,8,964.3861999999999,E,8,999.0,E,8,1.4,E,8,-9900,?,9,-9900,?,9,0.0,E,8,-9900,?,9,-9900,?,9,0.0,0.0,E,8
08/12/2020,19:00,0.0,1330.029,0.0,1,8,0.0,1,8,0.0,1,8,0.0,1,8,0.0,1,8,0.0,1,8,-0.0,1,8,-9900,?,9,-9900,?,9,20.54,E,8,12.93,E,8,61.0,E,8,964.3861999999999,E,8,999.0,E,8,1.4,E,8,-9900,?,9,-9900,?,9,0.0,E,8,-9900,?,9,-9900,?,9,0.0,0.0,E,8
08/12/2020,20:00,0.0,1330.029,0.0,1,8,0.0,1,8,0.0,1,8,0.0,1,8,0.0,1,8,0.0,1,8,-0.0,1,8,-9900,?,9,-9900,?,9,19.7,E,8,12.82,E,8,64.0,E,8,964.3861999999999,E,8,999.0,E,8,1.4,E,8,-9900,?,9,-9900,?,9,0.0,E,8,-9900,?,9,-9900,?,9,0.0,0.0,E,8
08/12/2020,21:00,0.0,1330.029,0.0,1,8,0.0,1,8,0.0,1,8,0.0,1,8,0.0,1,8,0.0,1,8,-0.0,1,8,-9900,?,9,-9900,?,9,18.86,E,8,12.71,E,8,67.0,E,8,964.3861999999999,E,8,999.0,E,8,1.4,E,8,-9900,?,9,-9900,?,9,0.0,E,8,-9900,?,9,-9900,?,9,0.0,0.0,E,8
08/12/2020,22:00,0.0,1330.029,0.0,1,8,0.0,1,8,0.0,1,8,0.0,1,8,0.0,1,8,0.0,1,8,-0.0,1,8,-9900,?,9,-9900,?,9,18.02,E,8,12.6,E,8,70.0,E,8,964.3861999999999,E,8,999.0,E,8,1.4,E,8,-9900,?,9,-9900,?,9,0.0,E,8,-9900,?,9,-9900,?,9,0.0,0.0,E,8
08/12/2020,23:00,0.0,1330.029,0.0,1,8,0.0,1,8,0.0,1,8,0.0,1,8,0.0,1,8,0.0,1,8,-0.0,1,8,-9900,?,9,-9900,?,9,17.18,E,8,12.49,E,8,73.0,E,8,964.3861999999999,E,8,999.0,E,8,1.4,E,8,-9900,?,9,-9900,?,9,0.0,E,8,-9900,?,9,-9900,?,9,0.0,0.0,E,8
08/12/2020,24:00,0.0,1330.029,0.0,1,8,0.0,1,8,0.0,1,8,0.0,1,8,0.0,1,8,0.0,1,8,-0.0,1,8,-9900,?,9,-9900,?,9,16.35,E,8,13.65,E,8,89.0,E,8,964.3861999999999,E,8,999.0,E,8,1.24,E,8,-9900,?,9,-9900,?,9,0.133,E,8,-9900,?,9,-9900,?,9,1.33,99.0,E,8
08/13/2020,01:00,0.0,1330.029,0.0,1,8,0.0,1,8,0.0,1,8,0.0,1,8,0.0,1,8,0.0,1,8,-0.0,1,8,-9900,?,9,-9900,?,9,15.93,E,8,13.52,E,8,91.0,E,8,964.3861999999999,E,8,999.0,E,8,1.24,E,8,-9900,?,9,-9900,?,9,0.215,E,8,-9900,?,9,-9900,?,9,2.15,99.0,E,8
08/13/2020,02:00,0.0,1330.029,0.0,1,8,0.0,1,8,0.0,1,8,0.0,1,8,0.0,1,8,0.0,1,8,-0.0,1,8,-9900,?,9,-9900,?,9,15.51,E,8,13.4,E,8,87.0,E,8,964.3861999999999,E,8,999.0,E,8,1.24,E,8,-9900,?,9,-9900,?,9,0.074,E,8,-9900,?,9,-9900,?,9,0.74,99.0,E,8
08/13/2020,03:00,0.0,1330.029,0.0,1,8,0.0,1,8,0.0,1,8,0.0,1,8,0.0,1,8,0.0,1,8,-0.0,1,8,-9900,?,9,-9900,?,9,15.09,E,8,13.27,E,8,89.0,E,8,964.3861999999999,E,8,999.0,E,8,1.24,E,8,-9900,?,9,-9900,?,9,0.057999999999999996,E,8,-9900,?,9,-9900,?,9,0.58,99.0,E,8
08/13/2020,04:00,0.0,1330.506,0.0,1,8,0.0,1,8,0.0,1,8,0.0,1,8,0.0,1,8,0.0,1,8,-0.0,1,8,-9900,?,9,-9900,?,9,14.67,E,8,13.14,E,8,90.0,E,8,964.3861999999999,E,8,999.0,E,8,1.24,E,8,-9900,?,9,-9900,?,9,0.011,E,8,-9900,?,9,-9900,?,9,0.11,99.0,E,8
08/13/2020,05:00,0.0,1330.506,0.0,1,8,0.0,1,8,0.0,1,8,0.0,1,8,0.0,1,8,0.0,1,8,-0.0,1,8,-9900,?,9,-9900,?,9,14.25,E,8,13.02,E,8,92.0,E,8,964.3861999999999,E,8,999.0,E,8,1.24,E,8,-9900,?,9,-9900,?,9,0.047,E,8,-9900,?,9,-9900,?,9,0.47,99.0,E,8
08/13/2020,06:00,0.0,1330.506,0.0,1,8,0.0,1,8,0.0,1,8,0.0,1,8,0.0,1,8,0.0,1,8,-0.0,1,8,-9900,?,9,-9900,?,9,13.92,E,8,12.91,E,8,93.0,E,8,964.3861999999999,E,8,999.0,E,8,1.24,E,8,-9900,?,9,-9900,?,9,0.031,E,8,-9900,?,9,-9900,?,9,0.31,99.0,E,8
08/13/2020,07:00,77.222,1330.506,0.0,1,8,0.0,1,8,0.0,1,8,0.0,1,8,0.0,1,8,0.0,1,8,0.0,1,8,-9900,?,9,-9900,?,9,13.64,E,8,12.83,E,8,94.0,E,8,964.3861999999999,E,8,999.0,E,8,1.24,E,8,-9900,?,9,-9900,?,9,0.007000000000000001,E,8,-9900,?,9,-9900,?,9,0.07,99.0,E,8
08/13/2020,08:00,373.489,1330.506,67.79,1,8,0.0,1,8,67.79,1,8,8134.8,1,8,0.0,1,8,7456.9,1,8,77.129,1,8,-9900,?,9,-9900,?,9,13.37,E,8,12.74,E,8,96.0,E,8,964.3861999999999,E,8,999.0,E,8,1.24,E,8,-9900,?,9,-9900,?,9,0.006,E,8,-9900,?,9,-9900,?,9,0.06,99.0,E,8
08/13/2020,09:00,639.422,1330.506,218.57,1,8,34.953,1,8,201.788,1,8,26228.4,1,8,3320.571,1,8,22196.707,1,8,133.782,1,8,-9900,?,9,-9900,?,9,17.24,E,8,13.91,E,8,81.0,E,8,964.3861999999999,E,8,999.0,E,8,1.24,E,8,-9900,?,9,-9900,?,9,0.004,E,8,-9900,?,9,-9900,?,9,0.04,99.0,E,8
08/13/2020,10:00,853.96,1330.506,354.45,1,8,80.744,1,8,302.648,1,8,42534.0,1,8,7670.697,1,8,33291.233,1,8,150.158,1,8,-9900,?,9,-9900,?,9,19.14,E,8,14.45,E,8,71.0,E,8,964.3861999999999,E,8,999.0,E,8,1.24,E,8,-9900,?,9,-9900,?,9,0.0,E,8,-9900,?,9,-9900,?,9,0.0,0.0,E,8
08/13/2020,11:00,1002.22,1330.506,458.3,1,8,111.844,1,8,374.071,1,8,54996.0,1,8,10625.215,1,8,41147.778,1,8,158.108,1,8,-9900,?,9,-9900,?,9,20.8,E,8,14.91,E,8,71.0,E,8,964.3861999999999,E,8,999.0,E,8,1.24,E,8,-9900,?,9,-9900,?,9,0.001,E,8,-9900,?,9,-9900,?,9,0.01,99.0,E,8
08/13/2020,12:00,1074.03,1330.506,521.56,1,8,208.009,1,8,353.674,1,8,62587.2,1,8,19760.89,1,8,38904.153,1,8,139.483,1,8,-9900,?,9,-9900,?,9,22.13,E,8,15.27,E,8,67.0,E,8,964.3861999999999,E,8,999.0,E,8,1.24,E,8,-9900,?,9,-9900,?,9,0.001,E,8,-9900,?,9,-9900,?,9,0.01,99.0,E,8
08/13/2020,13:00,1064.473,1330.506,539.48,1,8,248.137,1,8,340.99,1,8,64737.6,1,8,23573.039,1,8,37508.933,1,8,135.689,1,8,-9900,?,9,-9900,?,9,23.1,E,8,15.53,E,8,60.0,E,8,964.3861999999999,E,8,999.0,E,8,1.63,E,8,-9900,?,9,-9900,?,9,0.0,E,8,-9900,?,9,-9900,?,9,0.0,0.0,E,8
08/13/2020,14:00,974.201,1330.506,510.74,1,8,195.796,1,8,367.414,1,8,61288.8,1,8,18600.648,1,8,40415.514,1,8,159.766,1,8,-9900,?,9,-9900,?,9,23.69,E,8,15.68,E,8,63.0,E,8,964.3861999999999,E,8,999.0,E,8,1.57,E,8,-9900,?,9,-9900,?,9,0.003,E,8,-9900,?,9,-9900,?,9,0.03,99.0,E,8
08/13/2020,15:00,809.391,1330.506,437.47,1,8,277.163,1,8,268.947,1,8,52496.4,1,8,26330.492,1,8,29584.126,1,8,140.796,1,8,-9900,?,9,-9900,?,9,23.88,E,8,15.73,E,8,63.0,E,8,964.3861999999999,E,8,999.0,E,8,2.54,E,8,-9900,?,9,-9900,?,9,0.002,E,8,-9900,?,9,-9900,?,9,0.02,99.0,E,8
08/13/2020,16:00,581.364,1330.506,325.22,1,8,367.243,1,8,164.952,1,8,39026.4,1,8,34888.058,1,8,18144.694,1,8,120.313,1,8,-9900,?,9,-9900,?,9,23.55,E,8,15.65,E,8,63.0,E,8,964.3861999999999,E,8,999.0,E,8,2.52,E,8,-9900,?,9,-9900,?,9,0.017,E,8,-9900,?,9,-9900,?,9,0.17,99.0,E,8
08/13/2020,17:00,306.056,1330.506,183.69,1,8,506.072,1,8,67.872,1,8,22042.8,1,8,48076.844,1,8,7465.88,1,8,94.4,1,8,-9900,?,9,-9900,?,9,22.64,E,8,15.41,E,8,66.0,E,8,964.3861999999999,E,8,999.0,E,8,1.82,E,8,-9900,?,9,-9900,?,9,0.026000000000000002,E,8,-9900,?,9,-9900,?,9,0.26,99.0,E,8
08/13/2020,18:00,10.634,1330.506,36.03,1,8,0.0,1,8,0.0,1,8,4323.6,1,8,0.0,1,8,0.0,1,8,-0.0,1,8,-9900,?,9,-9900,?,9,21.28,E,8,15.04,E,8,69.0,E,8,964.3861999999999,E,8,999.0,E,8,1.24,E,8,-9900,?,9,-9900,?,9,0.009,E,8,-9900,?,9,-9900,?,9,0.09,99.0,E,8
08/13/2020,19:00,0.0,1330.506,0.0,1,8,0.0,1,8,0.0,1,8,0.0,1,8,0.0,1,8,0.0,1,8,-0.0,1,8,-9900,?,9,-9900,?,9,20.71,E,8,14.89,E,8,71.0,E,8,964.3861999999999,E,8,999.0,E,8,1.24,E,8,-9900,?,9,-9900,?,9,0.020999999999999998,E,8,-9900,?,9,-9900,?,9,0.21,99.0,E,8
08/13/2020,20:00,0.0,1330.506,0.0,1,8,0.0,1,8,0.0,1,8,0.0,1,8,0.0,1,8,0.0,1,8,-0.0,1,8,-9900,?,9,-9900,?,9,20.13,E,8,14.73,E,8,72.0,E,8,964.3861999999999,E,8,999.0,E,8,1.24,E,8,-9900,?,9,-9900,?,9,0.096,E,8,-9900,?,9,-9900,?,9,0.96,99.0,E,8
08/13/2020,21:00,0.0,1330.506,0.0,1,8,0.0,1,8,0.0,1,8,0.0,1,8,0.0,1,8,0.0,1,8,-0.0,1,8,-9900,?,9,-9900,?,9,19.56,E,8,14.57,E,8,74.0,E,8,964.3861999999999,E,8,999.0,E,8,1.24,E,8,-9900,?,9,-9900,?,9,0.038,E,8,-9900,?,9,-9900,?,9,0.38,99.0,E,8
08/13/2020,22:00,0.0,1330.506,0.0,1,8,0.0,1,8,0.0,1,8,0.0,1,8,0.0,1,8,0.0,1,8,-0.0,1,8,-9900,?,9,-9900,?,9,18.99,E,8,14.41,E,8,76.0,E,8,964.3861999999999,E,8,999.0,E,8,1.24,E,8,-9900,?,9,-9900,?,9,0.014000000000000002,E,8,-9900,?,9,-9900,?,9,0.14,99.0,E,8
08/13/2020,23:00,0.0,1330.506,0.0,1,8,0.0,1,8,0.0,1,8,0.0,1,8,0.0,1,8,0.0,1,8,-0.0,1,8,-9900,?,9,-9900,?,9,18.42,E,8,14.25,E,8,87.0,E,8,964.3861999999999,E,8,999.0,E,8,1.24,E,8,-9900,?,9,-9900,?,9,2.283,E,8,-9900,?,9,-9900,?,9,22.83,99.0,E,8
08/13/2020,24:00,0.0,1330.506,0.0,1,8,0.0,1,8,0.0,1,8,0.0,1,8,0.0,1,8,0.0,1,8,-0.0,1,8,-9900,?,9,-9900,?,9,17.84,E,8,15.29,E,8,84.0,E,8,964.3861999999999,E,8,999.0,E,8,1.3,E,8,-9900,?,9,-9900,?,9,0.0,E,8,-9900,?,9,-9900,?,9,0.0,0.0,E,8
08/14/2020,01:00,0.0,1330.506,0.0,1,8,0.0,1,8,0.0,1,8,0.0,1,8,0.0,1,8,0.0,1,8,-0.0,1,8,-9900,?,9,-9900,?,9,17.56,E,8,15.24,E,8,85.0,E,8,964.3861999999999,E,8,999.0,E,8,1.3,E,8,-9900,?,9,-9900,?,9,0.0,E,8,-9900,?,9,-9900,?,9,0.0,0.0,E,8
08/14/2020,02:00,0.0,1330.506,0.0,1,8,0.0,1,8,0.0,1,8,0.0,1,8,0.0,1,8,0.0,1,8,-0.0,1,8,-9900,?,9,-9900,?,9,17.27,E,8,15.19,E,8,87.0,E,8,964.3861999999999,E,8,999.0,E,8,1.3,E,8,-9900,?,9,-9900,?,9,0.0,E,8,-9900,?,9,-9900,?,9,0.0,0.0,E,8
08/14/2020,03:00,0.0,1330.506,0.0,1,8,0.0,1,8,0.0,1,8,0.0,1,8,0.0,1,8,0.0,1,8,-0.0,1,8,-9900,?,9,-9900,?,9,16.98,E,8,15.14,E,8,88.0,E,8,964.3861999999999,E,8,999.0,E,8,1.3,E,8,-9900,?,9,-9900,?,9,0.0,E,8,-9900,?,9,-9900,?,9,0.0,0.0,E,8
08/14/2020,04:00,0.0,1330.993,0.0,1,8,0.0,1,8,0.0,1,8,0.0,1,8,0.0,1,8,0.0,1,8,-0.0,1,8,-9900,?,9,-9900,?,9,16.7,E,8,15.09,E,8,94.0,E,8,964.3861999999999,E,8,999.0,E,8,1.3,E,8,-9900,?,9,-9900,?,9,0.001,E,8,-9900,?,9,-9900,?,9,0.01,99.0,E,8
08/14/2020,05:00,0.0,1330.993,0.0,1,8,0.0,1,8,0.0,1,8,0.0,1,8,0.0,1,8,0.0,1,8,-0.0,1,8,-9900,?,9,-9900,?,9,16.41,E,8,15.04,E,8,91.0,E,8,964.3861999999999,E,8,999.0,E,8,1.3,E,8,-9900,?,9,-9900,?,9,0.0,E,8,-9900,?,9,-9900,?,9,0.0,0.0,E,8
08/14/2020,06:00,0.0,1330.993,0.0,1,8,0.0,1,8,0.0,1,8,0.0,1,8,0.0,1,8,0.0,1,8,-0.0,1,8,-9900,?,9,-9900,?,9,16.19,E,8,15.0,E,8,92.0,E,8,964.3861999999999,E,8,999.0,E,8,1.3,E,8,-9900,?,9,-9900,?,9,0.0,E,8,-9900,?,9,-9900,?,9,0.0,0.0,E,8
08/14/2020,07:00,80.831,1330.993,0.0,1,8,0.0,1,8,0.0,1,8,0.0,1,8,0.0,1,8,0.0,1,8,0.0,1,8,-9900,?,9,-9900,?,9,16.0,E,8,14.97,E,8,92.0,E,8,964.3861999999999,E,8,999.0,E,8,1.3,E,8,-9900,?,9,-9900,?,9,0.0,E,8,-9900,?,9,-9900,?,9,0.0,0.0,E,8
08/14/2020,08:00,377.693,1330.993,46.7,1,8,0.0,1,8,46.7,1,8,5604.0,1,8,0.0,1,8,5137.0,1,8,52.557,1,8,-9900,?,9,-9900,?,9,15.81,E,8,14.94,E,8,93.0,E,8,964.3861999999999,E,8,999.0,E,8,1.3,E,8,-9900,?,9,-9900,?,9,0.0,E,8,-9900,?,9,-9900,?,9,0.0,0.0,E,8
08/14/2020,09:00,643.969,1330.993,147.99,1,8,0.642,1,8,147.679,1,8,17758.8,1,8,61.028,1,8,16244.744,1,8,97.252,1,8,-9900,?,9,-9900,?,9,18.43,E,8,15.39,E,8,82.0,E,8,964.3861999999999,E,8,999.0,E,8,1.3,E,8,-9900,?,9,-9900,?,9,0.0,E,8,-9900,?,9,-9900,?,9,0.0,0.0,E,8
08/14/2020,10:00,858.699,1330.993,239.1,1,8,7.421,1,8,234.314,1,8,28692.0,1,8,705.017,1,8,25774.552,1,8,115.654,1,8,-9900,?,9,-9900,?,9,19.7,E,8,15.6,E,8,76.0,E,8,964.3861999999999,E,8,999.0,E,8,1.3,E,8,-9900,?,9,-9900,?,9,0.0,E,8,-9900,?,9,-9900,?,9,0.0,0.0,E,8
08/14/2020,11:00,1006.995,1330.993,308.67,1,8,10.826,1,8,300.481,1,8,37040.4,1,8,1028.487,1,8,33052.909,1,8,126.448,1,8,-9900,?,9,-9900,?,9,20.8,E,8,15.78,E,8,72.0,E,8,964.3861999999999,E,8,999.0,E,8,1.3,E,8,-9900,?,9,-9900,?,9,0.0,E,8,-9900,?,9,-9900,?,9,0.0,0.0,E,8
08/14/2020,12:00,1078.682,1330.993,351.01,1,8,16.958,1,8,337.269,1,8,42121.2,1,8,1610.993,1,8,37099.581,1,8,132.488,1,8,-9900,?,9,-9900,?,9,21.69,E,8,15.93,E,8,69.0,E,8,964.3861999999999,E,8,999.0,E,8,1.3,E,8,-9900,?,9,-9900,?,9,0.0,E,8,-9900,?,9,-9900,?,9,0.0,0.0,E,8
08/14/2020,13:00,1068.852,1330.993,362.93,1,8,19.901,1,8,346.951,1,8,43551.6,1,8,1890.601,1,8,38164.618,1,8,137.546,1,8,-9900,?,9,-9900,?,9,22.33,E,8,16.03,E,8,67.0,E,8,964.3861999999999,E,8,999.0,E,8,1.3,E,8,-9900,?,9,-9900,?,9,0.0,E,8,-9900,?,9,-9900,?,9,0.0,0.0,E,8
08/14/2020,14:00,978.176,1330.993,343.56,1,8,18.528,1,8,329.947,1,8,41227.2,1,8,1760.127,1,8,36294.173,1,8,142.943,1,8,-9900,?,9,-9900,?,9,22.72,E,8,16.1,E,8,66.0,E,8,964.3861999999999,E,8,999.0,E,8,1.3,E,8,-9900,?,9,-9900,?,9,0.0,E,8,-9900,?,9,-9900,?,9,0.0,0.0,E,8
08/14/2020,15:00,812.859,1330.993,294.33,1,8,23.906,1,8,279.737,1,8,35319.6,1,8,2271.072,1,8,30771.114,1,8,145.873,1,8,-9900,?,9,-9900,?,9,22.85,E,8,16.12,E,8,65.0,E,8,964.3861999999999,E,8,999.0,E,8,1.3,E,8,-9900,?,9,-9900,?,9,0.0,E,8,-9900,?,9,-9900,?,9,0.0,0.0,E,8
08/14/2020,16:00,584.256,1330.993,218.97,1,8,78.71,1,8,184.462,1,8,26276.4,1,8,7477.408,1,8,20290.789,1,8,133.925,1,8,-9900,?,9,-9900,?,9,22.63,E,8,16.08,E,8,66.0,E,8,964.3861999999999,E,8,999.0,E,8,1.3,E,8,-9900,?,9,-9900,?,9,0.0,E,8,-9900,?,9,-9900,?,9,0.0,0.0,E,8
08/14/2020,17:00,308.337,1330.993,123.97,1,8,152.757,1,8,88.76,1,8,14876.4,1,8,14511.886,1,8,9763.626,1,8,122.576,1,8,-9900,?,9,-9900,?,9,22.02,E,8,15.98,E,8,68.0,E,8,964.3861999999999,E,8,999.0,E,8,1.3,E,8,-9900,?,9,-9900,?,9,0.0,E,8,-9900,?,9,-9900,?,9,0.0,0.0,E,8
08/14/2020,18:00,12.093,1330.993,24.7,1,8,0.0,1,8,24.7,1,8,2964.0,1,8,0.0,1,8,2717.0,1,8,9791.033,1,8,-9900,?,9,-9900,?,9,21.11,E,8,15.83,E,8,71.0,E,8,964.3861999999999,E,8,999.0,E,8,1.4,E,8,-9900,?,9,-9900,?,9,0.0,E,8,-9900,?,9,-9900,?,9,0.0,0.0,E,8
08/14/2020,19:00,0.0,1330.993,0.0,1,8,0.0,1,8,0.0,1,8,0.0,1,8,0.0,1,8,0.0,1,8,-0.0,1,8,-9900,?,9,-9900,?,9,20.33,E,8,15.7,E,8,74.0,E,8,964.3861999999999,E,8,999.0,E,8,1.3,E,8,-9900,?,9,-9900,?,9,0.0,E,8,-9900,?,9,-9900,?,9,0.0,0.0,E,8
08/14/2020,20:00,0.0,1330.993,0.0,1,8,0.0,1,8,0.0,1,8,0.0,1,8,0.0,1,8,0.0,1,8,-0.0,1,8,-9900,?,9,-9900,?,9,19.55,E,8,15.57,E,8,82.0,E,8,964.3861999999999,E,8,999.0,E,8,1.3,E,8,-9900,?,9,-9900,?,9,0.002,E,8,-9900,?,9,-9900,?,9,0.02,99.0,E,8
08/14/2020,21:00,0.0,1330.993,0.0,1,8,0.0,1,8,0.0,1,8,0.0,1,8,0.0,1,8,0.0,1,8,-0.0,1,8,-9900,?,9,-9900,?,9,18.77,E,8,15.44,E,8,90.0,E,8,964.3861999999999,E,8,999.0,E,8,1.56,E,8,-9900,?,9,-9900,?,9,0.28300000000000003,E,8,-9900,?,9,-9900,?,9,2.83,99.0,E,8
08/14/2020,22:00,0.0,1330.993,0.0,1,8,0.0,1,8,0.0,1,8,0.0,1,8,0.0,1,8,0.0,1,8,-0.0,1,8,-9900,?,9,-9900,?,9,17.99,E,8,15.31,E,8,88.0,E,8,964.3861999999999,E,8,999.0,E,8,1.87,E,8,-9900,?,9,-9900,?,9,0.004,E,8,-9900,?,9,-9900,?,9,0.04,99.0,E,8
08/14/2020,23:00,0.0,1330.993,0.0,1,8,0.0,1,8,0.0,1,8,0.0,1,8,0.0,1,8,0.0,1,8,-0.0,1,8,-9900,?,9,-9900,?,9,17.2,E,8,15.18,E,8,92.0,E,8,964.3861999999999,E,8,999.0,E,8,2.94,E,8,-9900,?,9,-9900,?,9,0.011,E,8,-9900,?,9,-9900,?,9,0.11,99.0,E,8
08/14/2020,24:00,0.0,1330.993,0.0,1,8,0.0,1,8,0.0,1,8,0.0,1,8,0.0,1,8,0.0,1,8,-0.0,1,8,-9900,?,9,-9900,?,9,16.42,E,8,14.31,E,8,87.0,E,8,964.3861999999999,E,8,999.0,E,8,2.1,E,8,-9900,?,9,-9900,?,9,0.0,E,8,-9900,?,9,-9900,?,9,0.0,0.0,E,8
08/15/2020,01:00,0.0,1330.993,0.0,1,8,0.0,1,8,0.0,1,8,0.0,1,8,0.0,1,8,0.0,1,8,-0.0,1,8,-9900,?,9,-9900,?,9,16.03,E,8,14.2,E,8,88.0,E,8,964.3861999999999,E,8,999.0,E,8,3.38,E,8,-9900,?,9,-9900,?,9,0.0,E,8,-9900,?,9,-9900,?,9,0.0,0.0,E,8
08/15/2020,02:00,0.0,1330.993,0.0,1,8,0.0,1,8,0.0,1,8,0.0,1,8,0.0,1,8,0.0,1,8,-0.0,1,8,-9900,?,9,-9900,?,9,15.64,E,8,14.1,E,8,90.0,E,8,964.3861999999999,E,8,999.0,E,8,3.23,E,8,-9900,?,9,-9900,?,9,0.0,E,8,-9900,?,9,-9900,?,9,0.0,0.0,E,8
08/15/2020,03:00,0.0,1330.993,0.0,1,8,0.0,1,8,0.0,1,8,0.0,1,8,0.0,1,8,0.0,1,8,-0.0,1,8,-9900,?,9,-9900,?,9,15.25,E,8,13.99,E,8,92.0,E,8,964.3861999999999,E,8,999.0,E,8,3.69,E,8,-9900,?,9,-9900,?,9,0.0,E,8,-9900,?,9,-9900,?,9,0.0,0.0,E,8
08/15/2020,04:00,0.0,1331.49,0.0,1,8,0.0,1,8,0.0,1,8,0.0,1,8,0.0,1,8,0.0,1,8,-0.0,1,8,-9900,?,9,-9900,?,9,14.86,E,8,13.88,E,8,93.0,E,8,964.3861999999999,E,8,999.0,E,8,3.09,E,8,-9900,?,9,-9900,?,9,0.0,E,8,-9900,?,9,-9900,?,9,0.0,0.0,E,8
08/15/2020,05:00,0.0,1331.49,0.0,1,8,0.0,1,8,0.0,1,8,0.0,1,8,0.0,1,8,0.0,1,8,-0.0,1,8,-9900,?,9,-9900,?,9,14.47,E,8,13.77,E,8,95.0,E,8,964.3861999999999,E,8,999.0,E,8,3.18,E,8,-9900,?,9,-9900,?,9,0.0,E,8,-9900,?,9,-9900,?,9,0.0,0.0,E,8
08/15/2020,06:00,0.0,1331.49,0.0,1,8,0.0,1,8,0.0,1,8,0.0,1,8,0.0,1,8,0.0,1,8,-0.0,1,8,-9900,?,9,-9900,?,9,14.16,E,8,13.68,E,8,96.0,E,8,964.3861999999999,E,8,999.0,E,8,3.11,E,8,-9900,?,9,-9900,?,9,0.0,E,8,-9900,?,9,-9900,?,9,0.0,0.0,E,8
08/15/2020,07:00,84.527,1331.49,0.0,1,8,0.0,1,8,0.0,1,8,0.0,1,8,0.0,1,8,0.0,1,8,0.0,1,8,-9900,?,9,-9900,?,9,13.91,E,8,13.6,E,8,98.0,E,8,964.3861999999999,E,8,999.0,E,8,3.46,E,8,-9900,?,9,-9900,?,9,0.0,E,8,-9900,?,9,-9900,?,9,0.0,0.0,E,8
08/15/2020,08:00,381.975,1331.49,19.78,1,8,0.0,1,8,19.78,1,8,2373.6,1,8,0.0,1,8,2175.8,1,8,22.018,1,8,-9900,?,9,-9900,?,9,13.65,E,8,13.53,E,8,99.0,E,8,964.3861999999999,E,8,999.0,E,8,3.8,E,8,-9900,?,9,-9900,?,9,0.0,E,8,-9900,?,9,-9900,?,9,0.0,0.0,E,8
08/15/2020,09:00,648.585,1331.49,73.68,1,8,0.0,1,8,73.68,1,8,8841.6,1,8,0.0,1,8,8104.8,1,8,48.193,1,8,-9900,?,9,-9900,?,9,16.95,E,8,14.46,E,8,90.0,E,8,964.3861999999999,E,8,999.0,E,8,3.76,E,8,-9900,?,9,-9900,?,9,0.001,E,8,-9900,?,9,-9900,?,9,0.01,99.0,E,8
08/15/2020,10:00,863.498,1331.49,119.59,1,8,0.0,1,8,119.59,1,8,14350.8,1,8,0.0,1,8,13154.9,1,8,58.722,1,8,-9900,?,9,-9900,?,9,18.67,E,8,14.92,E,8,78.0,E,8,964.3861999999999,E,8,999.0,E,8,4.09,E,8,-9900,?,9,-9900,?,9,0.0,E,8,-9900,?,9,-9900,?,9,0.0,0.0,E,8
08/15/2020,11:00,1011.817,1331.49,145.89,1,8,0.587,1,8,145.444,1,8,17506.8,1,8,55.782,1,8,15998.828,1,8,60.936,1,8,-9900,?,9,-9900,?,9,19.99,E,8,15.27,E,8,74.0,E,8,964.3861999999999,E,8,999.0,E,8,5.13,E,8,-9900,?,9,-9900,?,9,0.0,E,8,-9900,?,9,-9900,?,9,0.0,0.0,E,8
08/15/2020,12:00,1083.368,1331.49,148.75,1,8,0.994,1,8,147.941,1,8,17850.0,1,8,94.47,1,8,16273.511,1,8,57.885,1,8,-9900,?,9,-9900,?,9,20.83,E,8,15.49,E,8,71.0,E,8,964.3861999999999,E,8,999.0,E,8,5.28,E,8,-9900,?,9,-9900,?,9,0.0,E,8,-9900,?,9,-9900,?,9,0.0,0.0,E,8
08/15/2020,13:00,1073.253,1331.49,154.28,1,8,1.249,1,8,153.273,1,8,18513.6,1,8,118.66,1,8,16860.069,1,8,60.537,1,8,-9900,?,9,-9900,?,9,21.45,E,8,15.65,E,8,69.0,E,8,964.3861999999999,E,8,999.0,E,8,5.72,E,8,-9900,?,9,-9900,?,9,0.0,E,8,-9900,?,9,-9900,?,9,0.0,0.0,E,8
08/15/2020,14:00,982.161,1331.49,119.62,1,8,0.0,1,8,119.62,1,8,14354.4,1,8,0.0,1,8,13158.2,1,8,51.632,1,8,-9900,?,9,-9900,?,9,21.54,E,8,15.67,E,8,69.0,E,8,964.3861999999999,E,8,999.0,E,8,6.21,E,8,-9900,?,9,-9900,?,9,0.0,E,8,-9900,?,9,-9900,?,9,0.0,0.0,E,8
08/15/2020,15:00,816.327,1331.49,97.83,1,8,0.0,1,8,97.83,1,8,11739.6,1,8,0.0,1,8,10761.3,1,8,50.817,1,8,-9900,?,9,-9900,?,9,21.33,E,8,15.62,E,8,69.0,E,8,964.3861999999999,E,8,999.0,E,8,5.43,E,8,-9900,?,9,-9900,?,9,0.0,E,8,-9900,?,9,-9900,?,9,0.0,0.0,E,8
08/15/2020,16:00,587.139,1331.49,82.33,1,8,0.0,1,8,82.33,1,8,9879.6,1,8,0.0,1,8,9056.3,1,8,59.502,1,8,-9900,?,9,-9900,?,9,20.97,E,8,15.53,E,8,71.0,E,8,964.3861999999999,E,8,999.0,E,8,5.11,E,8,-9900,?,9,-9900,?,9,0.0,E,8,-9900,?,9,-9900,?,9,0.0,0.0,E,8
08/15/2020,17:00,310.605,1331.49,46.06,1,8,0.0,1,8,46.06,1,8,5527.2,1,8,0.0,1,8,5066.6,1,8,63.162,1,8,-9900,?,9,-9900,?,9,20.23,E,8,15.33,E,8,78.0,E,8,964.3861999999999,E,8,999.0,E,8,4.13,E,8,-9900,?,9,-9900,?,9,0.011,E,8,-9900,?,9,-9900,?,9,0.11,99.0,E,8
08/15/2020,18:00,13.547,1331.49,10.4,1,8,0.0,1,8,10.4,1,8,1248.0,1,8,0.0,1,8,1144.0,1,8,1599.554,1,8,-9900,?,9,-9900,?,9,19.25,E,8,15.08,E,8,81.0,E,8,964.3861999999999,E,8,999.0,E,8,4.25,E,8,-9900,?,9,-9900,?,9,0.004,E,8,-9900,?,9,-9900,?,9,0.04,99.0,E,8
08/15/2020,19:00,0.0,1331.49,0.0,1,8,0.0,1,8,0.0,1,8,0.0,1,8,0.0,1,8,0.0,1,8,-0.0,1,8,-9900,?,9,-9900,?,9,18.6,E,8,14.9,E,8,89.0,E,8,964.3861999999999,E,8,999.0,E,8,4.75,E,8,-9900,?,9,-9900,?,9,0.28300000000000003,E,8,-9900,?,9,-9900,?,9,2.83,99.0,E,8
08/15/2020,20:00,0.0,1331.49,0.0,1,8,0.0,1,8,0.0,1,8,0.0,1,8,0.0,1,8,0.0,1,8,-0.0,1,8,-9900,?,9,-9900,?,9,17.96,E,8,14.73,E,8,86.0,E,8,964.3861999999999,E,8,999.0,E,8,5.07,E,8,-9900,?,9,-9900,?,9,0.002,E,8,-9900,?,9,-9900,?,9,0.02,99.0,E,8
08/15/2020,21:00,0.0,1331.49,0.0,1,8,0.0,1,8,0.0,1,8,0.0,1,8,0.0,1,8,0.0,1,8,-0.0,1,8,-9900,?,9,-9900,?,9,17.32,E,8,14.56,E,8,83.0,E,8,964.3861999999999,E,8,999.0,E,8,4.65,E,8,-9900,?,9,-9900,?,9,0.0,E,8,-9900,?,9,-9900,?,9,0.0,0.0,E,8
08/15/2020,22:00,0.0,1331.49,0.0,1,8,0.0,1,8,0.0,1,8,0.0,1,8,0.0,1,8,0.0,1,8,-0.0,1,8,-9900,?,9,-9900,?,9,16.68,E,8,14.38,E,8,86.0,E,8,964.3861999999999,E,8,999.0,E,8,4.43,E,8,-9900,?,9,-9900,?,9,0.0,E,8,-9900,?,9,-9900,?,9,0.0,0.0,E,8
08/15/2020,23:00,0.0,1331.49,0.0,1,8,0.0,1,8,0.0,1,8,0.0,1,8,0.0,1,8,0.0,1,8,-0.0,1,8,-9900,?,9,-9900,?,9,16.03,E,8,14.2,E,8,88.0,E,8,964.3861999999999,E,8,999.0,E,8,6.14,E,8,-9900,?,9,-9900,?,9,0.0,E,8,-9900,?,9,-9900,?,9,0.0,0.0,E,8
08/15/2020,24:00,0.0,1331.49,0.0,1,8,0.0,1,8,0.0,1,8,0.0,1,8,0.0,1,8,0.0,1,8,-0.0,1,8,-9900,?,9,-9900,?,9,15.39,E,8,12.49,E,8,82.0,E,8,964.3861999999999,E,8,999.0,E,8,29.62,E,8,-9900,?,9,-9900,?,9,0.0,E,8,-9900,?,9,-9900,?,9,0.0,0.0,E,8
08/16/2020,01:00,0.0,1331.49,0.0,1,8,0.0,1,8,0.0,1,8,0.0,1,8,0.0,1,8,0.0,1,8,-0.0,1,8,-9900,?,9,-9900,?,9,15.07,E,8,12.42,E,8,84.0,E,8,964.3861999999999,E,8,999.0,E,8,31.39,E,8,-9900,?,9,-9900,?,9,0.0,E,8,-9900,?,9,-9900,?,9,0.0,0.0,E,8
08/16/2020,02:00,0.0,1331.49,0.0,1,8,0.0,1,8,0.0,1,8,0.0,1,8,0.0,1,8,0.0,1,8,-0.0,1,8,-9900,?,9,-9900,?,9,14.75,E,8,12.35,E,8,85.0,E,8,964.3861999999999,E,8,999.0,E,8,27.08,E,8,-9900,?,9,-9900,?,9,0.0,E,8,-9900,?,9,-9900,?,9,0.0,0.0,E,8
08/16/2020,03:00,0.0,1331.49,0.0,1,8,0.0,1,8,0.0,1,8,0.0,1,8,0.0,1,8,0.0,1,8,-0.0,1,8,-9900,?,9,-9900,?,9,14.43,E,8,12.29,E,8,86.0,E,8,964.3861999999999,E,8,999.0,E,8,22.99,E,8,-9900,?,9,-9900,?,9,0.0,E,8,-9900,?,9,-9900,?,9,0.0,0.0,E,8
08/16/2020,04:00,0.0,1331.998,0.0,1,8,0.0,1,8,0.0,1,8,0.0,1,8,0.0,1,8,0.0,1,8,-0.0,1,8,-9900,?,9,-9900,?,9,14.1,E,8,12.22,E,8,88.0,E,8,964.3861999999999,E,8,999.0,E,8,25.87,E,8,-9900,?,9,-9900,?,9,0.0,E,8,-9900,?,9,-9900,?,9,0.0,0.0,E,8
08/16/2020,05:00,0.0,1331.998,0.0,1,8,0.0,1,8,0.0,1,8,0.0,1,8,0.0,1,8,0.0,1,8,-0.0,1,8,-9900,?,9,-9900,?,9,13.78,E,8,12.15,E,8,89.0,E,8,964.3861999999999,E,8,999.0,E,8,18.13,E,8,-9900,?,9,-9900,?,9,0.0,E,8,-9900,?,9,-9900,?,9,0.0,0.0,E,8
08/16/2020,06:00,0.0,1331.998,0.0,1,8,0.0,1,8,0.0,1,8,0.0,1,8,0.0,1,8,0.0,1,8,-0.0,1,8,-9900,?,9,-9900,?,9,13.53,E,8,12.09,E,8,91.0,E,8,964.3861999999999,E,8,999.0,E,8,13.1,E,8,-9900,?,9,-9900,?,9,0.0,E,8,-9900,?,9,-9900,?,9,0.0,0.0,E,8
08/16/2020,07:00,88.311,1331.998,0.0,1,8,0.0,1,8,0.0,1,8,0.0,1,8,0.0,1,8,0.0,1,8,0.0,1,8,-9900,?,9,-9900,?,9,13.32,E,8,12.05,E,8,92.0,E,8,964.3861999999999,E,8,999.0,E,8,10.49,E,8,-9900,?,9,-9900,?,9,0.0,E,8,-9900,?,9,-9900,?,9,0.0,0.0,E,8
08/16/2020,08:00,386.333,1331.998,48.97,1,8,0.0,1,8,48.97,1,8,5876.4,1,8,0.0,1,8,5386.7,1,8,53.912,1,8,-9900,?,9,-9900,?,9,13.11,E,8,12.01,E,8,93.0,E,8,964.3861999999999,E,8,999.0,E,8,10.82,E,8,-9900,?,9,-9900,?,9,0.0,E,8,-9900,?,9,-9900,?,9,0.0,0.0,E,8
08/16/2020,09:00,653.268,1331.998,150.12,1,8,0.786,1,8,149.735,1,8,18014.4,1,8,74.633,1,8,16470.856,1,8,97.272,1,8,-9900,?,9,-9900,?,9,16.79,E,8,12.77,E,8,77.0,E,8,964.3861999999999,E,8,999.0,E,8,10.08,E,8,-9900,?,9,-9900,?,9,0.0,E,8,-9900,?,9,-9900,?,9,0.0,0.0,E,8
08/16/2020,10:00,868.353,1331.998,240.76,1,8,7.315,1,8,235.993,1,8,28891.2,1,8,694.928,1,8,25959.24,1,8,115.273,1,8,-9900,?,9,-9900,?,9,18.53,E,8,13.12,E,8,70.0,E,8,964.3861999999999,E,8,999.0,E,8,8.8,E,8,-9900,?,9,-9900,?,9,0.0,E,8,-9900,?,9,-9900,?,9,0.0,0.0,E,8
08/16/2020,11:00,1016.684,1331.998,309.89,1,8,10.599,1,8,301.802,1,8,37186.8,1,8,1006.875,1,8,33198.216,1,8,125.887,1,8,-9900,?,9,-9900,?,9,20.04,E,8,13.42,E,8,65.0,E,8,964.3861999999999,E,8,999.0,E,8,5.38,E,8,-9900,?,9,-9900,?,9,0.0,E,8,-9900,?,9,-9900,?,9,0.0,0.0,E,8
08/16/2020,12:00,1088.087,1331.998,351.85,1,8,16.542,1,8,338.339,1,8,42222.0,1,8,1571.469,1,8,37217.321,1,8,131.858,1,8,-9900,?,9,-9900,?,9,21.26,E,8,13.66,E,8,61.0,E,8,964.3861999999999,E,8,999.0,E,8,5.57,E,8,-9900,?,9,-9900,?,9,0.0,E,8,-9900,?,9,-9900,?,9,0.0,0.0,E,8
08/16/2020,13:00,1077.673,1331.998,363.52,1,8,19.353,1,8,347.864,1,8,43622.4,1,8,1838.571,1,8,38265.071,1,8,136.881,1,8,-9900,?,9,-9900,?,9,22.14,E,8,13.83,E,8,59.0,E,8,964.3861999999999,E,8,999.0,E,8,4.03,E,8,-9900,?,9,-9900,?,9,0.0,E,8,-9900,?,9,-9900,?,9,0.0,0.0,E,8
08/16/2020,14:00,986.154,1331.998,344.03,1,8,17.96,1,8,330.736,1,8,41283.6,1,8,1706.229,1,8,36380.981,1,8,142.232,1,8,-9900,?,9,-9900,?,9,22.67,E,8,13.93,E,8,57.0,E,8,964.3861999999999,E,8,999.0,E,8,3.59,E,8,-9900,?,9,-9900,?,9,0.0,E,8,-9900,?,9,-9900,?,9,0.0,0.0,E,8
08/16/2020,15:00,819.792,1331.998,294.81,1,8,23.099,1,8,280.6,1,8,35377.2,1,8,2194.434,1,8,30866.014,1,8,145.193,1,8,-9900,?,9,-9900,?,9,22.83,E,8,13.96,E,8,57.0,E,8,964.3861999999999,E,8,999.0,E,8,3.59,E,8,-9900,?,9,-9900,?,9,0.0,E,8,-9900,?,9,-9900,?,9,0.0,0.0,E,8
08/16/2020,16:00,590.013,1331.998,219.6,1,8,70.31,1,8,188.493,1,8,26352.0,1,8,6679.435,1,8,20734.257,1,8,135.615,1,8,-9900,?,9,-9900,?,9,22.53,E,8,13.91,E,8,58.0,E,8,964.3861999999999,E,8,999.0,E,8,3.77,E,8,-9900,?,9,-9900,?,9,0.0,E,8,-9900,?,9,-9900,?,9,0.0,0.0,E,8
08/16/2020,17:00,312.86,1331.998,124.84,1,8,147.288,1,8,90.414,1,8,14980.8,1,8,13992.333,1,8,9945.524,1,8,123.13,1,8,-9900,?,9,-9900,?,9,21.69,E,8,13.74,E,8,60.0,E,8,964.3861999999999,E,8,999.0,E,8,4.37,E,8,-9900,?,9,-9900,?,9,0.0,E,8,-9900,?,9,-9900,?,9,0.0,0.0,E,8
08/16/2020,18:00,14.995,1331.998,25.57,1,8,0.0,1,8,25.57,1,8,3068.4,1,8,0.0,1,8,2812.7,1,8,2448.348,1,8,-9900,?,9,-9900,?,9,20.44,E,8,13.5,E,8,64.0,E,8,964.3861999999999,E,8,999.0,E,8,3.59,E,8,-9900,?,9,-9900,?,9,0.0,E,8,-9900,?,9,-9900,?,9,0.0,0.0,E,8
08/16/2020,19:00,0.0,1331.998,0.0,1,8,0.0,1,8,0.0,1,8,0.0,1,8,0.0,1,8,0.0,1,8,-0.0,1,8,-9900,?,9,-9900,?,9,19.76,E,8,13.37,E,8,66.0,E,8,964.3861999999999,E,8,999.0,E,8,3.59,E,8,-9900,?,9,-9900,?,9,0.0,E,8,-9900,?,9,-9900,?,9,0.0,0.0,E,8
08/16/2020,20:00,0.0,1331.998,0.0,1,8,0.0,1,8,0.0,1,8,0.0,1,8,0.0,1,8,0.0,1,8,-0.0,1,8,-9900,?,9,-9900,?,9,19.09,E,8,13.24,E,8,73.0,E,8,964.3861999999999,E,8,999.0,E,8,4.01,E,8,-9900,?,9,-9900,?,9,0.001,E,8,-9900,?,9,-9900,?,9,0.01,99.0,E,8
08/16/2020,21:00,0.0,1331.998,0.0,1,8,0.0,1,8,0.0,1,8,0.0,1,8,0.0,1,8,0.0,1,8,-0.0,1,8,-9900,?,9,-9900,?,9,18.41,E,8,13.1,E,8,71.0,E,8,964.3861999999999,E,8,999.0,E,8,8.84,E,8,-9900,?,9,-9900,?,9,0.0,E,8,-9900,?,9,-9900,?,9,0.0,0.0,E,8
08/16/2020,22:00,0.0,1331.998,0.0,1,8,0.0,1,8,0.0,1,8,0.0,1,8,0.0,1,8,0.0,1,8,-0.0,1,8,-9900,?,9,-9900,?,9,17.73,E,8,12.96,E,8,78.0,E,8,964.3861999999999,E,8,999.0,E,8,9.43,E,8,-9900,?,9,-9900,?,9,0.002,E,8,-9900,?,9,-9900,?,9,0.02,99.0,E,8
08/16/2020,23:00,0.0,1331.998,0.0,1,8,0.0,1,8,0.0,1,8,0.0,1,8,0.0,1,8,0.0,1,8,-0.0,1,8,-9900,?,9,-9900,?,9,17.06,E,8,12.83,E,8,81.0,E,8,964.3861999999999,E,8,999.0,E,8,9.79,E,8,-9900,?,9,-9900,?,9,0.097,E,8,-9900,?,9,-9900,?,9,0.97,99.0,E,8
08/16/2020,24:00,0.0,1331.998,0.0,1,8,0.0,1,8,0.0,1,8,0.0,1,8,0.0,1,8,0.0,1,8,-0.0,1,8,-9900,?,9,-9900,?,9,16.38,E,8,11.69,E,8,73.0,E,8,964.3861999999999,E,8,999.0,E,8,3.62,E,8,-9900,?,9,-9900,?,9,0.0,E,8,-9900,?,9,-9900,?,9,0.0,0.0,E,8
08/17/2020,01:00,0.0,1331.998,0.0,1,8,0.0,1,8,0.0,1,8,0.0,1,8,0.0,1,8,0.0,1,8,-0.0,1,8,-9900,?,9,-9900,?,9,16.04,E,8,11.67,E,8,75.0,E,8,964.3861999999999,E,8,999.0,E,8,3.7,E,8,-9900,?,9,-9900,?,9,0.0,E,8,-9900,?,9,-9900,?,9,0.0,0.0,E,8
08/17/2020,02:00,0.0,1331.998,0.0,1,8,0.0,1,8,0.0,1,8,0.0,1,8,0.0,1,8,0.0,1,8,-0.0,1,8,-9900,?,9,-9900,?,9,15.7,E,8,11.64,E,8,76.0,E,8,964.3861999999999,E,8,999.0,E,8,3.01,E,8,-9900,?,9,-9900,?,9,0.0,E,8,-9900,?,9,-9900,?,9,0.0,0.0,E,8
08/17/2020,03:00,0.0,1331.998,0.0,1,8,0.0,1,8,0.0,1,8,0.0,1,8,0.0,1,8,0.0,1,8,-0.0,1,8,-9900,?,9,-9900,?,9,15.36,E,8,11.62,E,8,78.0,E,8,964.3861999999999,E,8,999.0,E,8,2.52,E,8,-9900,?,9,-9900,?,9,0.0,E,8,-9900,?,9,-9900,?,9,0.0,0.0,E,8
08/17/2020,04:00,0.0,1332.516,0.0,1,8,0.0,1,8,0.0,1,8,0.0,1,8,0.0,1,8,0.0,1,8,-0.0,1,8,-9900,?,9,-9900,?,9,15.03,E,8,11.59,E,8,79.0,E,8,964.3861999999999,E,8,999.0,E,8,2.02,E,8,-9900,?,9,-9900,?,9,0.0,E,8,-9900,?,9,-9900,?,9,0.0,0.0,E,8
08/17/2020,05:00,0.0,1332.516,0.0,1,8,0.0,1,8,0.0,1,8,0.0,1,8,0.0,1,8,0.0,1,8,-0.0,1,8,-9900,?,9,-9900,?,9,14.69,E,8,11.57,E,8,81.0,E,8,964.3861999999999,E,8,999.0,E,8,2.02,E,8,-9900,?,9,-9900,?,9,0.0,E,8,-9900,?,9,-9900,?,9,0.0,0.0,E,8
08/17/2020,06:00,0.0,1332.516,0.0,1,8,0.0,1,8,0.0,1,8,0.0,1,8,0.0,1,8,0.0,1,8,-0.0,1,8,-9900,?,9,-9900,?,9,14.43,E,8,11.55,E,8,82.0,E,8,964.3861999999999,E,8,999.0,E,8,2.02,E,8,-9900,?,9,-9900,?,9,0.0,E,8,-9900,?,9,-9900,?,9,0.0,0.0,E,8
08/17/2020,07:00,92.18,1332.516,0.0,1,8,0.0,1,8,0.0,1,8,0.0,1,8,0.0,1,8,0.0,1,8,0.0,1,8,-9900,?,9,-9900,?,9,14.2,E,8,11.53,E,8,83.0,E,8,964.3861999999999,E,8,999.0,E,8,2.02,E,8,-9900,?,9,-9900,?,9,0.0,E,8,-9900,?,9,-9900,?,9,0.0,0.0,E,8
08/17/2020,08:00,390.765,1332.516,74.36,1,8,0.0,1,8,74.36,1,8,8923.2,1,8,0.0,1,8,8179.6,1,8,80.961,1,8,-9900,?,9,-9900,?,9,13.98,E,8,11.51,E,8,85.0,E,8,964.3861999999999,E,8,999.0,E,8,2.02,E,8,-9900,?,9,-9900,?,9,0.0,E,8,-9900,?,9,-9900,?,9,0.0,0.0,E,8
08/17/2020,09:00,658.017,1332.516,224.64,1,8,34.194,1,8,207.77,1,8,26956.8,1,8,3248.459,1,8,22854.658,1,8,134.048,1,8,-9900,?,9,-9900,?,9,17.09,E,8,11.74,E,8,70.0,E,8,964.3861999999999,E,8,999.0,E,8,2.02,E,8,-9900,?,9,-9900,?,9,0.0,E,8,-9900,?,9,-9900,?,9,0.0,0.0,E,8
08/17/2020,10:00,873.263,1332.516,359.11,1,8,76.539,1,8,308.969,1,8,43093.2,1,8,7271.246,1,8,33986.643,1,8,150.128,1,8,-9900,?,9,-9900,?,9,18.55,E,8,11.85,E,8,64.0,E,8,964.3861999999999,E,8,999.0,E,8,2.02,E,8,-9900,?,9,-9900,?,9,0.0,E,8,-9900,?,9,-9900,?,9,0.0,0.0,E,8
08/17/2020,11:00,1021.594,1332.516,461.59,1,8,163.103,1,8,336.57,1,8,55390.8,1,8,15494.777,1,8,37022.747,1,8,139.769,1,8,-9900,?,9,-9900,?,9,19.81,E,8,11.95,E,8,60.0,E,8,964.3861999999999,E,8,999.0,E,8,2.85,E,8,-9900,?,9,-9900,?,9,0.0,E,8,-9900,?,9,-9900,?,9,0.0,0.0,E,8
08/17/2020,12:00,1092.834,1332.516,523.73,1,8,195.003,1,8,363.826,1,8,62847.6,1,8,18525.246,1,8,40020.824,1,8,141.229,1,8,-9900,?,9,-9900,?,9,20.83,E,8,12.02,E,8,57.0,E,8,964.3861999999999,E,8,999.0,E,8,2.64,E,8,-9900,?,9,-9900,?,9,0.0,E,8,-9900,?,9,-9900,?,9,0.0,0.0,E,8
08/17/2020,13:00,1082.11,1332.516,540.88,1,8,232.441,1,8,352.148,1,8,64905.6,1,8,22081.852,1,8,38736.31,1,8,138.052,1,8,-9900,?,9,-9900,?,9,21.56,E,8,12.07,E,8,54.0,E,8,964.3861999999999,E,8,999.0,E,8,2.25,E,8,-9900,?,9,-9900,?,9,0.0,E,8,-9900,?,9,-9900,?,9,0.0,0.0,E,8
08/17/2020,14:00,990.152,1332.516,511.79,1,8,183.56,1,8,375.424,1,8,61414.8,1,8,17438.244,1,8,41296.677,1,8,160.859,1,8,-9900,?,9,-9900,?,9,22.0,E,8,12.1,E,8,53.0,E,8,964.3861999999999,E,8,999.0,E,8,2.02,E,8,-9900,?,9,-9900,?,9,0.0,E,8,-9900,?,9,-9900,?,9,0.0,0.0,E,8
08/17/2020,15:00,823.254,1332.516,438.58,1,8,260.402,1,8,277.775,1,8,52629.6,1,8,24738.22,1,8,30555.242,1,8,143.182,1,8,-9900,?,9,-9900,?,9,22.14,E,8,12.11,E,8,52.0,E,8,964.3861999999999,E,8,999.0,E,8,2.65,E,8,-9900,?,9,-9900,?,9,0.0,E,8,-9900,?,9,-9900,?,9,0.0,0.0,E,8
08/17/2020,16:00,592.877,1332.516,326.81,1,8,346.627,1,8,172.767,1,8,39217.2,1,8,32929.583,1,8,19004.418,1,8,123.747,1,8,-9900,?,9,-9900,?,9,21.89,E,8,12.1,E,8,53.0,E,8,964.3861999999999,E,8,999.0,E,8,2.54,E,8,-9900,?,9,-9900,?,9,0.0,E,8,-9900,?,9,-9900,?,9,0.0,0.0,E,8
08/17/2020,17:00,315.101,1332.516,186.05,1,8,483.68,1,8,72.224,1,8,22326.0,1,8,45949.56,1,8,7944.686,1,8,97.69,1,8,-9900,?,9,-9900,?,9,21.18,E,8,12.05,E,8,55.0,E,8,964.3861999999999,E,8,999.0,E,8,2.02,E,8,-9900,?,9,-9900,?,9,0.0,E,8,-9900,?,9,-9900,?,9,0.0,0.0,E,8
08/17/2020,18:00,16.436,1332.516,38.53,1,8,0.0,1,8,38.53,1,8,4623.6,1,8,0.0,1,8,4238.3,1,8,2685.44,1,8,-9900,?,9,-9900,?,9,20.13,E,8,11.97,E,8,59.0,E,8,964.3861999999999,E,8,999.0,E,8,3.11,E,8,-9900,?,9,-9900,?,9,0.0,E,8,-9900,?,9,-9900,?,9,0.0,0.0,E,8
08/17/2020,19:00,0.0,1332.516,0.0,1,8,0.0,1,8,0.0,1,8,0.0,1,8,0.0,1,8,0.0,1,8,-0.0,1,8,-9900,?,9,-9900,?,9,19.41,E,8,11.92,E,8,61.0,E,8,964.3861999999999,E,8,999.0,E,8,2.02,E,8,-9900,?,9,-9900,?,9,0.0,E,8,-9900,?,9,-9900,?,9,0.0,0.0,E,8
08/17/2020,20:00,0.0,1332.516,0.0,1,8,0.0,1,8,0.0,1,8,0.0,1,8,0.0,1,8,0.0,1,8,-0.0,1,8,-9900,?,9,-9900,?,9,18.69,E,8,11.86,E,8,64.0,E,8,964.3861999999999,E,8,999.0,E,8,2.37,E,8,-9900,?,9,-9900,?,9,0.0,E,8,-9900,?,9,-9900,?,9,0.0,0.0,E,8
08/17/2020,21:00,0.0,1332.516,0.0,1,8,0.0,1,8,0.0,1,8,0.0,1,8,0.0,1,8,0.0,1,8,-0.0,1,8,-9900,?,9,-9900,?,9,17.96,E,8,11.81,E,8,67.0,E,8,964.3861999999999,E,8,999.0,E,8,4.21,E,8,-9900,?,9,-9900,?,9,0.0,E,8,-9900,?,9,-9900,?,9,0.0,0.0,E,8
08/17/2020,22:00,0.0,1332.516,0.0,1,8,0.0,1,8,0.0,1,8,0.0,1,8,0.0,1,8,0.0,1,8,-0.0,1,8,-9900,?,9,-9900,?,9,17.24,E,8,11.76,E,8,70.0,E,8,964.3861999999999,E,8,999.0,E,8,2.77,E,8,-9900,?,9,-9900,?,9,0.0,E,8,-9900,?,9,-9900,?,9,0.0,0.0,E,8
08/17/2020,23:00,0.0,1332.516,0.0,1,8,0.0,1,8,0.0,1,8,0.0,1,8,0.0,1,8,0.0,1,8,-0.0,1,8,-9900,?,9,-9900,?,9,16.52,E,8,11.7,E,8,73.0,E,8,964.3861999999999,E,8,999.0,E,8,2.02,E,8,-9900,?,9,-9900,?,9,0.0,E,8,-9900,?,9,-9900,?,9,0.0,0.0,E,8
08/17/2020,24:00,0.0,1332.516,0.0,1,8,0.0,1,8,0.0,1,8,0.0,1,8,0.0,1,8,0.0,1,8,-0.0,1,8,-9900,?,9,-9900,?,9,15.79,E,8,10.1,E,8,68.0,E,8,964.3861999999999,E,8,999.0,E,8,1.04,E,8,-9900,?,9,-9900,?,9,0.0,E,8,-9900,?,9,-9900,?,9,0.0,0.0,E,8
08/18/2020,01:00,0.0,1332.516,0.0,1,8,0.0,1,8,0.0,1,8,0.0,1,8,0.0,1,8,0.0,1,8,-0.0,1,8,-9900,?,9,-9900,?,9,15.43,E,8,10.03,E,8,70.0,E,8,964.3861999999999,E,8,999.0,E,8,1.17,E,8,-9900,?,9,-9900,?,9,0.0,E,8,-9900,?,9,-9900,?,9,0.0,0.0,E,8
08/18/2020,02:00,0.0,1332.516,0.0,1,8,0.0,1,8,0.0,1,8,0.0,1,8,0.0,1,8,0.0,1,8,-0.0,1,8,-9900,?,9,-9900,?,9,15.07,E,8,9.97,E,8,71.0,E,8,964.3861999999999,E,8,999.0,E,8,0.92,E,8,-9900,?,9,-9900,?,9,0.0,E,8,-9900,?,9,-9900,?,9,0.0,0.0,E,8
08/18/2020,03:00,0.0,1332.516,0.0,1,8,0.0,1,8,0.0,1,8,0.0,1,8,0.0,1,8,0.0,1,8,-0.0,1,8,-9900,?,9,-9900,?,9,14.71,E,8,9.9,E,8,72.0,E,8,964.3861999999999,E,8,999.0,E,8,1.33,E,8,-9900,?,9,-9900,?,9,0.0,E,8,-9900,?,9,-9900,?,9,0.0,0.0,E,8
08/18/2020,04:00,0.0,1333.043,0.0,1,8,0.0,1,8,0.0,1,8,0.0,1,8,0.0,1,8,0.0,1,8,-0.0,1,8,-9900,?,9,-9900,?,9,14.35,E,8,9.84,E,8,74.0,E,8,964.3861999999999,E,8,999.0,E,8,1.03,E,8,-9900,?,9,-9900,?,9,0.0,E,8,-9900,?,9,-9900,?,9,0.0,0.0,E,8
08/18/2020,05:00,0.0,1333.043,0.0,1,8,0.0,1,8,0.0,1,8,0.0,1,8,0.0,1,8,0.0,1,8,-0.0,1,8,-9900,?,9,-9900,?,9,13.98,E,8,9.77,E,8,75.0,E,8,964.3861999999999,E,8,999.0,E,8,0.93,E,8,-9900,?,9,-9900,?,9,0.0,E,8,-9900,?,9,-9900,?,9,0.0,0.0,E,8
08/18/2020,06:00,0.0,1333.043,0.0,1,8,0.0,1,8,0.0,1,8,0.0,1,8,0.0,1,8,0.0,1,8,-0.0,1,8,-9900,?,9,-9900,?,9,13.71,E,8,9.72,E,8,76.0,E,8,964.3861999999999,E,8,999.0,E,8,0.83,E,8,-9900,?,9,-9900,?,9,0.0,E,8,-9900,?,9,-9900,?,9,0.0,0.0,E,8
08/18/2020,07:00,96.132,1333.043,0.0,1,8,0.0,1,8,0.0,1,8,0.0,1,8,0.0,1,8,0.0,1,8,0.0,1,8,-9900,?,9,-9900,?,9,13.47,E,8,9.67,E,8,77.0,E,8,964.3861999999999,E,8,999.0,E,8,1.47,E,8,-9900,?,9,-9900,?,9,0.0,E,8,-9900,?,9,-9900,?,9,0.0,0.0,E,8
08/18/2020,08:00,395.27,1333.043,36.04,1,8,0.0,1,8,36.04,1,8,4324.8,1,8,0.0,1,8,3964.4,1,8,38.805,1,8,-9900,?,9,-9900,?,9,13.23,E,8,9.63,E,8,78.0,E,8,964.3861999999999,E,8,999.0,E,8,1.38,E,8,-9900,?,9,-9900,?,9,0.0,E,8,-9900,?,9,-9900,?,9,0.0,0.0,E,8
08/18/2020,09:00,662.83,1333.043,248.51,1,8,75.326,1,8,211.089,1,8,29821.2,1,8,7155.95,1,8,23219.798,1,8,135.252,1,8,-9900,?,9,-9900,?,9,15.86,E,8,10.11,E,8,68.0,E,8,964.3861999999999,E,8,999.0,E,8,1.78,E,8,-9900,?,9,-9900,?,9,0.0,E,8,-9900,?,9,-9900,?,9,0.0,0.0,E,8
08/18/2020,10:00,878.226,1333.043,421.27,1,8,193.388,1,8,293.913,1,8,50552.4,1,8,18371.818,1,8,32330.389,1,8,142.06,1,8,-9900,?,9,-9900,?,9,17.58,E,8,10.42,E,8,62.0,E,8,964.3861999999999,E,8,999.0,E,8,2.62,E,8,-9900,?,9,-9900,?,9,0.0,E,8,-9900,?,9,-9900,?,9,0.0,0.0,E,8
08/18/2020,11:00,1026.542,1333.043,721.27,1,8,555.241,1,8,293.779,1,8,86552.4,1,8,52747.913,1,8,32315.72,1,8,121.458,1,8,-9900,?,9,-9900,?,9,19.82,E,8,10.81,E,8,56.0,E,8,964.3861999999999,E,8,999.0,E,8,3.81,E,8,-9900,?,9,-9900,?,9,0.0,E,8,-9900,?,9,-9900,?,9,0.0,0.0,E,8
08/18/2020,12:00,1097.609,1333.043,551.49,1,8,189.165,1,8,395.756,1,8,66178.8,1,8,17970.63,1,8,43533.204,1,8,153.016,1,8,-9900,?,9,-9900,?,9,20.54,E,8,10.93,E,8,54.0,E,8,964.3861999999999,E,8,999.0,E,8,4.17,E,8,-9900,?,9,-9900,?,9,0.0,E,8,-9900,?,9,-9900,?,9,0.0,0.0,E,8
08/18/2020,13:00,1086.561,1333.043,556.12,1,8,224.522,1,8,373.14,1,8,66734.4,1,8,21329.547,1,8,41045.416,1,8,145.739,1,8,-9900,?,9,-9900,?,9,21.03,E,8,11.01,E,8,52.0,E,8,964.3861999999999,E,8,999.0,E,8,3.3,E,8,-9900,?,9,-9900,?,9,0.0,E,8,-9900,?,9,-9900,?,9,0.0,0.0,E,8
08/18/2020,14:00,994.153,1333.043,654.25,1,8,494.378,1,8,285.641,1,8,78510.0,1,8,46965.897,1,8,31420.499,1,8,121.945,1,8,-9900,?,9,-9900,?,9,21.65,E,8,11.12,E,8,51.0,E,8,964.3861999999999,E,8,999.0,E,8,2.84,E,8,-9900,?,9,-9900,?,9,0.0,E,8,-9900,?,9,-9900,?,9,0.0,0.0,E,8
08/18/2020,15:00,826.709,1333.043,584.32,1,8,743.12,1,8,123.678,1,8,70118.4,1,8,70596.427,1,8,13604.559,1,8,63.509,1,8,-9900,?,9,-9900,?,9,21.94,E,8,11.17,E,8,50.0,E,8,964.3861999999999,E,8,999.0,E,8,2.82,E,8,-9900,?,9,-9900,?,9,0.0,E,8,-9900,?,9,-9900,?,9,0.0,0.0,E,8
08/18/2020,16:00,595.728,1333.043,372.02,1,8,529.66,1,8,135.595,1,8,44642.4,1,8,50317.733,1,8,14915.486,1,8,96.694,1,8,-9900,?,9,-9900,?,9,21.6,E,8,11.11,E,8,51.0,E,8,964.3861999999999,E,8,999.0,E,8,1.75,E,8,-9900,?,9,-9900,?,9,0.0,E,8,-9900,?,9,-9900,?,9,0.0,0.0,E,8
08/18/2020,17:00,317.327,1333.043,137.38,1,8,175.352,1,8,95.836,1,8,16485.6,1,8,16658.477,1,8,10541.969,1,8,128.761,1,8,-9900,?,9,-9900,?,9,20.58,E,8,10.94,E,8,53.0,E,8,964.3861999999999,E,8,999.0,E,8,1.47,E,8,-9900,?,9,-9900,?,9,0.0,E,8,-9900,?,9,-9900,?,9,0.0,0.0,E,8
08/18/2020,18:00,17.87,1333.043,45.98,1,8,0.0,1,8,45.98,1,8,5517.6,1,8,0.0,1,8,5057.8,1,8,2524.602,1,8,-9900,?,9,-9900,?,9,19.49,E,8,10.75,E,8,56.0,E,8,964.3861999999999,E,8,999.0,E,8,1.49,E,8,-9900,?,9,-9900,?,9,0.0,E,8,-9900,?,9,-9900,?,9,0.0,0.0,E,8
08/18/2020,19:00,0.0,1333.043,0.0,1,8,0.0,1,8,0.0,1,8,0.0,1,8,0.0,1,8,0.0,1,8,-0.0,1,8,-9900,?,9,-9900,?,9,18.8,E,8,10.63,E,8,59.0,E,8,964.3861999999999,E,8,999.0,E,8,1.87,E,8,-9900,?,9,-9900,?,9,0.0,E,8,-9900,?,9,-9900,?,9,0.0,0.0,E,8
08/18/2020,20:00,0.0,1333.043,0.0,1,8,0.0,1,8,0.0,1,8,0.0,1,8,0.0,1,8,0.0,1,8,-0.0,1,8,-9900,?,9,-9900,?,9,18.11,E,8,10.51,E,8,61.0,E,8,964.3861999999999,E,8,999.0,E,8,1.14,E,8,-9900,?,9,-9900,?,9,0.0,E,8,-9900,?,9,-9900,?,9,0.0,0.0,E,8
08/18/2020,21:00,0.0,1333.043,0.0,1,8,0.0,1,8,0.0,1,8,0.0,1,8,0.0,1,8,0.0,1,8,-0.0,1,8,-9900,?,9,-9900,?,9,17.43,E,8,10.39,E,8,63.0,E,8,964.3861999999999,E,8,999.0,E,8,0.85,E,8,-9900,?,9,-9900,?,9,0.0,E,8,-9900,?,9,-9900,?,9,0.0,0.0,E,8
08/18/2020,22:00,0.0,1333.043,0.0,1,8,0.0,1,8,0.0,1,8,0.0,1,8,0.0,1,8,0.0,1,8,-0.0,1,8,-9900,?,9,-9900,?,9,16.74,E,8,10.27,E,8,65.0,E,8,964.3861999999999,E,8,999.0,E,8,1.16,E,8,-9900,?,9,-9900,?,9,0.0,E,8,-9900,?,9,-9900,?,9,0.0,0.0,E,8
08/18/2020,23:00,0.0,1333.043,0.0,1,8,0.0,1,8,0.0,1,8,0.0,1,8,0.0,1,8,0.0,1,8,-0.0,1,8,-9900,?,9,-9900,?,9,16.05,E,8,10.14,E,8,67.0,E,8,964.3861999999999,E,8,999.0,E,8,1.1,E,8,-9900,?,9,-9900,?,9,0.0,E,8,-9900,?,9,-9900,?,9,0.0,0.0,E,8
08/18/2020,24:00,0.0,1333.043,0.0,1,8,0.0,1,8,0.0,1,8,0.0,1,8,0.0,1,8,0.0,1,8,-0.0,1,8,-9900,?,9,-9900,?,9,15.37,E,8,10.93,E,8,74.0,E,8,964.3861999999999,E,8,999.0,E,8,0.83,E,8,-9900,?,9,-9900,?,9,0.0,E,8,-9900,?,9,-9900,?,9,0.0,0.0,E,8
08/19/2020,01:00,0.0,1333.043,0.0,1,8,0.0,1,8,0.0,1,8,0.0,1,8,0.0,1,8,0.0,1,8,-0.0,1,8,-9900,?,9,-9900,?,9,15.02,E,8,10.86,E,8,76.0,E,8,964.3861999999999,E,8,999.0,E,8,0.78,E,8,-9900,?,9,-9900,?,9,0.0,E,8,-9900,?,9,-9900,?,9,0.0,0.0,E,8
08/19/2020,02:00,0.0,1333.043,0.0,1,8,0.0,1,8,0.0,1,8,0.0,1,8,0.0,1,8,0.0,1,8,-0.0,1,8,-9900,?,9,-9900,?,9,14.68,E,8,10.79,E,8,77.0,E,8,964.3861999999999,E,8,999.0,E,8,0.78,E,8,-9900,?,9,-9900,?,9,0.0,E,8,-9900,?,9,-9900,?,9,0.0,0.0,E,8
08/19/2020,03:00,0.0,1333.043,0.0,1,8,0.0,1,8,0.0,1,8,0.0,1,8,0.0,1,8,0.0,1,8,-0.0,1,8,-9900,?,9,-9900,?,9,14.33,E,8,10.71,E,8,78.0,E,8,964.3861999999999,E,8,999.0,E,8,0.78,E,8,-9900,?,9,-9900,?,9,0.0,E,8,-9900,?,9,-9900,?,9,0.0,0.0,E,8
08/19/2020,04:00,0.0,1333.581,0.0,1,8,0.0,1,8,0.0,1,8,0.0,1,8,0.0,1,8,0.0,1,8,-0.0,1,8,-9900,?,9,-9900,?,9,13.99,E,8,10.64,E,8,80.0,E,8,964.3861999999999,E,8,999.0,E,8,0.78,E,8,-9900,?,9,-9900,?,9,0.0,E,8,-9900,?,9,-9900,?,9,0.0,0.0,E,8
08/19/2020,05:00,0.0,1333.581,0.0,1,8,0.0,1,8,0.0,1,8,0.0,1,8,0.0,1,8,0.0,1,8,-0.0,1,8,-9900,?,9,-9900,?,9,13.65,E,8,10.57,E,8,81.0,E,8,964.3861999999999,E,8,999.0,E,8,0.78,E,8,-9900,?,9,-9900,?,9,0.0,E,8,-9900,?,9,-9900,?,9,0.0,0.0,E,8
08/19/2020,06:00,0.0,1333.581,0.0,1,8,0.0,1,8,0.0,1,8,0.0,1,8,0.0,1,8,0.0,1,8,-0.0,1,8,-9900,?,9,-9900,?,9,13.38,E,8,10.51,E,8,82.0,E,8,964.3861999999999,E,8,999.0,E,8,0.78,E,8,-9900,?,9,-9900,?,9,0.0,E,8,-9900,?,9,-9900,?,9,0.0,0.0,E,8
08/19/2020,07:00,100.167,1333.581,0.0,1,8,0.0,1,8,0.0,1,8,0.0,1,8,0.0,1,8,0.0,1,8,0.0,1,8,-9900,?,9,-9900,?,9,13.15,E,8,10.46,E,8,83.0,E,8,964.3861999999999,E,8,999.0,E,8,0.78,E,8,-9900,?,9,-9900,?,9,0.0,E,8,-9900,?,9,-9900,?,9,0.0,0.0,E,8
08/19/2020,08:00,399.846,1333.581,80.52,1,8,0.0,1,8,80.52,1,8,9662.4,1,8,0.0,1,8,8857.2,1,8,85.734,1,8,-9900,?,9,-9900,?,9,12.93,E,8,10.42,E,8,84.0,E,8,964.3861999999999,E,8,999.0,E,8,0.8,E,8,-9900,?,9,-9900,?,9,0.0,E,8,-9900,?,9,-9900,?,9,0.0,0.0,E,8
08/19/2020,09:00,667.703,1333.581,236.24,1,8,40.089,1,8,216.186,1,8,28348.8,1,8,3808.474,1,8,23780.406,1,8,137.56,1,8,-9900,?,9,-9900,?,9,16.19,E,8,11.1,E,8,71.0,E,8,964.3861999999999,E,8,999.0,E,8,1.09,E,8,-9900,?,9,-9900,?,9,0.0,E,8,-9900,?,9,-9900,?,9,0.0,0.0,E,8
08/19/2020,10:00,883.237,1333.581,375.19,1,8,86.728,1,8,317.771,1,8,45022.8,1,8,8239.156,1,8,34954.833,1,8,152.781,1,8,-9900,?,9,-9900,?,9,17.68,E,8,11.4,E,8,66.0,E,8,964.3861999999999,E,8,999.0,E,8,1.75,E,8,-9900,?,9,-9900,?,9,0.0,E,8,-9900,?,9,-9900,?,9,0.0,0.0,E,8
08/19/2020,11:00,1031.528,1333.581,480.94,1,8,183.744,1,8,338.841,1,8,57712.8,1,8,17455.723,1,8,37272.536,1,8,139.467,1,8,-9900,?,9,-9900,?,9,18.97,E,8,11.66,E,8,62.0,E,8,964.3861999999999,E,8,999.0,E,8,1.34,E,8,-9900,?,9,-9900,?,9,0.0,E,8,-9900,?,9,-9900,?,9,0.0,0.0,E,8
08/19/2020,12:00,1102.407,1333.581,544.89,1,8,219.248,1,8,363.673,1,8,65386.8,1,8,20828.525,1,8,40004.053,1,8,140.055,1,8,-9900,?,9,-9900,?,9,20.01,E,8,11.87,E,8,59.0,E,8,964.3861999999999,E,8,999.0,E,8,1.73,E,8,-9900,?,9,-9900,?,9,0.0,E,8,-9900,?,9,-9900,?,9,0.0,0.0,E,8
08/19/2020,13:00,1091.024,1333.581,562.28,1,8,260.835,1,8,348.918,1,8,67473.6,1,8,24779.341,1,8,38380.938,1,8,135.775,1,8,-9900,?,9,-9900,?,9,20.76,E,8,12.01,E,8,57.0,E,8,964.3861999999999,E,8,999.0,E,8,2.0,E,8,-9900,?,9,-9900,?,9,0.0,E,8,-9900,?,9,-9900,?,9,0.0,0.0,E,8
08/19/2020,14:00,998.155,1333.581,531.82,1,8,205.271,1,8,378.215,1,8,63818.4,1,8,19500.777,1,8,41603.596,1,8,160.883,1,8,-9900,?,9,-9900,?,9,21.21,E,8,12.1,E,8,56.0,E,8,964.3861999999999,E,8,999.0,E,8,3.23,E,8,-9900,?,9,-9900,?,9,0.0,E,8,-9900,?,9,-9900,?,9,0.0,0.0,E,8
08/19/2020,15:00,830.157,1333.581,455.75,1,8,289.464,1,8,275.642,1,8,54690.0,1,8,27499.085,1,8,30320.568,1,8,141.012,1,8,-9900,?,9,-9900,?,9,21.34,E,8,12.13,E,8,55.0,E,8,964.3861999999999,E,8,999.0,E,8,2.33,E,8,-9900,?,9,-9900,?,9,0.0,E,8,-9900,?,9,-9900,?,9,0.0,0.0,E,8
08/19/2020,16:00,598.565,1333.581,339.84,1,8,381.136,1,8,168.969,1,8,40780.8,1,8,36207.902,1,8,18586.55,1,8,119.968,1,8,-9900,?,9,-9900,?,9,21.08,E,8,12.08,E,8,56.0,E,8,964.3861999999999,E,8,999.0,E,8,2.53,E,8,-9900,?,9,-9900,?,9,0.0,E,8,-9900,?,9,-9900,?,9,0.0,0.0,E,8
08/19/2020,17:00,319.537,1333.581,193.99,1,8,513.35,1,8,71.563,1,8,23278.8,1,8,48768.295,1,8,7871.962,1,8,95.516,1,8,-9900,?,9,-9900,?,9,20.35,E,8,11.93,E,8,58.0,E,8,964.3861999999999,E,8,999.0,E,8,2.76,E,8,-9900,?,9,-9900,?,9,0.0,E,8,-9900,?,9,-9900,?,9,0.0,0.0,E,8
08/19/2020,18:00,19.295,1333.581,41.01,1,8,0.0,1,8,41.01,1,8,4921.2,1,8,0.0,1,8,4511.1,1,8,1860.881,1,8,-9900,?,9,-9900,?,9,19.27,E,8,11.72,E,8,61.0,E,8,964.3861999999999,E,8,999.0,E,8,2.85,E,8,-9900,?,9,-9900,?,9,0.0,E,8,-9900,?,9,-9900,?,9,0.0,0.0,E,8
08/19/2020,19:00,0.0,1333.581,0.0,1,8,0.0,1,8,0.0,1,8,0.0,1,8,0.0,1,8,0.0,1,8,-0.0,1,8,-9900,?,9,-9900,?,9,18.69,E,8,11.61,E,8,63.0,E,8,964.3861999999999,E,8,999.0,E,8,1.88,E,8,-9900,?,9,-9900,?,9,0.0,E,8,-9900,?,9,-9900,?,9,0.0,0.0,E,8
08/19/2020,20:00,0.0,1333.581,0.0,1,8,0.0,1,8,0.0,1,8,0.0,1,8,0.0,1,8,0.0,1,8,-0.0,1,8,-9900,?,9,-9900,?,9,18.12,E,8,11.49,E,8,65.0,E,8,964.3861999999999,E,8,999.0,E,8,1.84,E,8,-9900,?,9,-9900,?,9,0.0,E,8,-9900,?,9,-9900,?,9,0.0,0.0,E,8
08/19/2020,21:00,0.0,1333.581,0.0,1,8,0.0,1,8,0.0,1,8,0.0,1,8,0.0,1,8,0.0,1,8,-0.0,1,8,-9900,?,9,-9900,?,9,17.54,E,8,11.38,E,8,67.0,E,8,964.3861999999999,E,8,999.0,E,8,1.14,E,8,-9900,?,9,-9900,?,9,0.0,E,8,-9900,?,9,-9900,?,9,0.0,0.0,E,8
08/19/2020,22:00,0.0,1333.581,0.0,1,8,0.0,1,8,0.0,1,8,0.0,1,8,0.0,1,8,0.0,1,8,-0.0,1,8,-9900,?,9,-9900,?,9,16.96,E,8,11.26,E,8,69.0,E,8,964.3861999999999,E,8,999.0,E,8,1.25,E,8,-9900,?,9,-9900,?,9,0.0,E,8,-9900,?,9,-9900,?,9,0.0,0.0,E,8
08/19/2020,23:00,0.0,1333.581,0.0,1,8,0.0,1,8,0.0,1,8,0.0,1,8,0.0,1,8,0.0,1,8,-0.0,1,8,-9900,?,9,-9900,?,9,16.38,E,8,11.14,E,8,71.0,E,8,964.3861999999999,E,8,999.0,E,8,0.78,E,8,-9900,?,9,-9900,?,9,0.0,E,8,-9900,?,9,-9900,?,9,0.0,0.0,E,8
08/19/2020,24:00,0.0,1333.581,0.0,1,8,0.0,1,8,0.0,1,8,0.0,1,8,0.0,1,8,0.0,1,8,-0.0,1,8,-9900,?,9,-9900,?,9,15.8,E,8,11.41,E,8,75.0,E,8,964.3861999999999,E,8,999.0,E,8,1.02,E,8,-9900,?,9,-9900,?,9,0.0,E,8,-9900,?,9,-9900,?,9,0.0,0.0,E,8
08/20/2020,01:00,0.0,1333.581,0.0,1,8,0.0,1,8,0.0,1,8,0.0,1,8,0.0,1,8,0.0,1,8,-0.0,1,8,-9900,?,9,-9900,?,9,15.51,E,8,11.35,E,8,76.0,E,8,964.3861999999999,E,8,999.0,E,8,1.02,E,8,-9900,?,9,-9900,?,9,0.0,E,8,-9900,?,9,-9900,?,9,0.0,0.0,E,8
08/20/2020,02:00,0.0,1333.581,0.0,1,8,0.0,1,8,0.0,1,8,0.0,1,8,0.0,1,8,0.0,1,8,-0.0,1,8,-9900,?,9,-9900,?,9,15.22,E,8,11.29,E,8,77.0,E,8,964.3861999999999,E,8,999.0,E,8,1.02,E,8,-9900,?,9,-9900,?,9,0.0,E,8,-9900,?,9,-9900,?,9,0.0,0.0,E,8
08/20/2020,03:00,0.0,1333.581,0.0,1,8,0.0,1,8,0.0,1,8,0.0,1,8,0.0,1,8,0.0,1,8,-0.0,1,8,-9900,?,9,-9900,?,9,14.93,E,8,11.23,E,8,78.0,E,8,964.3861999999999,E,8,999.0,E,8,1.02,E,8,-9900,?,9,-9900,?,9,0.0,E,8,-9900,?,9,-9900,?,9,0.0,0.0,E,8
08/20/2020,04:00,0.0,1334.128,0.0,1,8,0.0,1,8,0.0,1,8,0.0,1,8,0.0,1,8,0.0,1,8,-0.0,1,8,-9900,?,9,-9900,?,9,14.64,E,8,11.18,E,8,79.0,E,8,964.3861999999999,E,8,999.0,E,8,1.02,E,8,-9900,?,9,-9900,?,9,0.0,E,8,-9900,?,9,-9900,?,9,0.0,0.0,E,8
08/20/2020,05:00,0.0,1334.128,0.0,1,8,0.0,1,8,0.0,1,8,0.0,1,8,0.0,1,8,0.0,1,8,-0.0,1,8,-9900,?,9,-9900,?,9,14.35,E,8,11.12,E,8,80.0,E,8,964.3861999999999,E,8,999.0,E,8,1.02,E,8,-9900,?,9,-9900,?,9,0.0,E,8,-9900,?,9,-9900,?,9,0.0,0.0,E,8
08/20/2020,06:00,0.0,1334.128,0.0,1,8,0.0,1,8,0.0,1,8,0.0,1,8,0.0,1,8,0.0,1,8,-0.0,1,8,-9900,?,9,-9900,?,9,14.13,E,8,11.07,E,8,81.0,E,8,964.3861999999999,E,8,999.0,E,8,1.02,E,8,-9900,?,9,-9900,?,9,0.0,E,8,-9900,?,9,-9900,?,9,0.0,0.0,E,8
08/20/2020,07:00,104.284,1334.128,0.0,1,8,0.0,1,8,0.0,1,8,0.0,1,8,0.0,1,8,0.0,1,8,0.0,1,8,-9900,?,9,-9900,?,9,13.94,E,8,11.03,E,8,82.0,E,8,964.3861999999999,E,8,999.0,E,8,1.02,E,8,-9900,?,9,-9900,?,9,0.0,E,8,-9900,?,9,-9900,?,9,0.0,0.0,E,8
08/20/2020,08:00,404.49,1334.128,78.86,1,8,0.0,1,8,78.86,1,8,9463.2,1,8,0.0,1,8,8674.6,1,8,83.03,1,8,-9900,?,9,-9900,?,9,13.75,E,8,10.99,E,8,83.0,E,8,964.3861999999999,E,8,999.0,E,8,1.02,E,8,-9900,?,9,-9900,?,9,0.0,E,8,-9900,?,9,-9900,?,9,0.0,0.0,E,8
08/20/2020,09:00,672.636,1334.128,228.07,1,8,32.709,1,8,211.593,1,8,27368.4,1,8,3107.319,1,8,23275.257,1,8,133.703,1,8,-9900,?,9,-9900,?,9,16.58,E,8,11.57,E,8,72.0,E,8,964.3861999999999,E,8,999.0,E,8,1.32,E,8,-9900,?,9,-9900,?,9,0.0,E,8,-9900,?,9,-9900,?,9,0.0,0.0,E,8
08/20/2020,10:00,888.296,1334.128,361.02,1,8,72.081,1,8,313.045,1,8,43322.4,1,8,6847.67,1,8,34434.896,1,8,149.712,1,8,-9900,?,9,-9900,?,9,17.85,E,8,11.82,E,8,67.0,E,8,964.3861999999999,E,8,999.0,E,8,1.54,E,8,-9900,?,9,-9900,?,9,0.0,E,8,-9900,?,9,-9900,?,9,0.0,0.0,E,8
08/20/2020,11:00,1036.548,1334.128,462.12,1,8,152.983,1,8,343.283,1,8,55454.4,1,8,14533.385,1,8,37761.137,1,8,140.668,1,8,-9900,?,9,-9900,?,9,18.96,E,8,12.04,E,8,64.0,E,8,964.3861999999999,E,8,999.0,E,8,2.31,E,8,-9900,?,9,-9900,?,9,0.0,E,8,-9900,?,9,-9900,?,9,0.0,0.0,E,8
08/20/2020,12:00,1107.227,1334.128,523.19,1,8,182.644,1,8,371.629,1,8,62782.8,1,8,17351.168,1,8,40879.223,1,8,142.554,1,8,-9900,?,9,-9900,?,9,19.84,E,8,12.21,E,8,61.0,E,8,964.3861999999999,E,8,999.0,E,8,2.68,E,8,-9900,?,9,-9900,?,9,0.0,E,8,-9900,?,9,-9900,?,9,0.0,0.0,E,8
08/20/2020,13:00,1095.496,1334.128,539.65,1,8,217.638,1,8,360.966,1,8,64758.0,1,8,20675.632,1,8,39706.215,1,8,139.947,1,8,-9900,?,9,-9900,?,9,20.49,E,8,12.33,E,8,59.0,E,8,964.3861999999999,E,8,999.0,E,8,2.75,E,8,-9900,?,9,-9900,?,9,0.0,E,8,-9900,?,9,-9900,?,9,0.0,0.0,E,8
08/20/2020,14:00,1002.156,1334.128,510.31,1,8,171.96,1,8,381.168,1,8,61237.2,1,8,16336.187,1,8,41928.522,1,8,161.558,1,8,-9900,?,9,-9900,?,9,20.87,E,8,12.41,E,8,58.0,E,8,964.3861999999999,E,8,999.0,E,8,2.34,E,8,-9900,?,9,-9900,?,9,0.0,E,8,-9900,?,9,-9900,?,9,0.0,0.0,E,8
08/20/2020,15:00,833.595,1334.128,437.32,1,8,207.376,1,8,307.806,1,8,52478.4,1,8,19700.753,1,8,33858.618,1,8,156.88,1,8,-9900,?,9,-9900,?,9,20.98,E,8,12.43,E,8,58.0,E,8,964.3861999999999,E,8,999.0,E,8,1.81,E,8,-9900,?,9,-9900,?,9,0.0,E,8,-9900,?,9,-9900,?,9,0.0,0.0,E,8
08/20/2020,16:00,601.388,1334.128,326.19,1,8,326.086,1,8,179.368,1,8,39142.8,1,8,30978.182,1,8,19730.437,1,8,126.804,1,8,-9900,?,9,-9900,?,9,20.75,E,8,12.38,E,8,58.0,E,8,964.3861999999999,E,8,999.0,E,8,1.85,E,8,-9900,?,9,-9900,?,9,0.0,E,8,-9900,?,9,-9900,?,9,0.0,0.0,E,8
08/20/2020,17:00,321.73,1334.128,186.45,1,8,459.103,1,8,76.248,1,8,22374.0,1,8,43614.758,1,8,8387.237,1,8,101.11,1,8,-9900,?,9,-9900,?,9,20.13,E,8,12.26,E,8,60.0,E,8,964.3861999999999,E,8,999.0,E,8,1.81,E,8,-9900,?,9,-9900,?,9,0.0,E,8,-9900,?,9,-9900,?,9,0.0,0.0,E,8
08/20/2020,18:00,20.713,1334.128,39.81,1,8,0.0,1,8,39.81,1,8,4777.2,1,8,0.0,1,8,4379.1,1,8,1541.685,1,8,-9900,?,9,-9900,?,9,19.2,E,8,12.08,E,8,63.0,E,8,964.3861999999999,E,8,999.0,E,8,1.02,E,8,-9900,?,9,-9900,?,9,0.0,E,8,-9900,?,9,-9900,?,9,0.0,0.0,E,8
08/20/2020,19:00,0.0,1334.128,0.0,1,8,0.0,1,8,0.0,1,8,0.0,1,8,0.0,1,8,0.0,1,8,-0.0,1,8,-9900,?,9,-9900,?,9,18.61,E,8,11.97,E,8,65.0,E,8,964.3861999999999,E,8,999.0,E,8,1.02,E,8,-9900,?,9,-9900,?,9,0.0,E,8,-9900,?,9,-9900,?,9,0.0,0.0,E,8
08/20/2020,20:00,0.0,1334.128,0.0,1,8,0.0,1,8,0.0,1,8,0.0,1,8,0.0,1,8,0.0,1,8,-0.0,1,8,-9900,?,9,-9900,?,9,18.01,E,8,11.85,E,8,67.0,E,8,964.3861999999999,E,8,999.0,E,8,1.02,E,8,-9900,?,9,-9900,?,9,0.0,E,8,-9900,?,9,-9900,?,9,0.0,0.0,E,8
08/20/2020,21:00,0.0,1334.128,0.0,1,8,0.0,1,8,0.0,1,8,0.0,1,8,0.0,1,8,0.0,1,8,-0.0,1,8,-9900,?,9,-9900,?,9,17.41,E,8,11.73,E,8,69.0,E,8,964.3861999999999,E,8,999.0,E,8,1.02,E,8,-9900,?,9,-9900,?,9,0.0,E,8,-9900,?,9,-9900,?,9,0.0,0.0,E,8
08/20/2020,22:00,0.0,1334.128,0.0,1,8,0.0,1,8,0.0,1,8,0.0,1,8,0.0,1,8,0.0,1,8,-0.0,1,8,-9900,?,9,-9900,?,9,16.81,E,8,11.61,E,8,71.0,E,8,964.3861999999999,E,8,999.0,E,8,1.02,E,8,-9900,?,9,-9900,?,9,0.0,E,8,-9900,?,9,-9900,?,9,0.0,0.0,E,8
08/20/2020,23:00,0.0,1334.128,0.0,1,8,0.0,1,8,0.0,1,8,0.0,1,8,0.0,1,8,0.0,1,8,-0.0,1,8,-9900,?,9,-9900,?,9,16.21,E,8,11.49,E,8,73.0,E,8,964.3861999999999,E,8,999.0,E,8,1.02,E,8,-9900,?,9,-9900,?,9,0.0,E,8,-9900,?,9,-9900,?,9,0.0,0.0,E,8
08/20/2020,24:00,0.0,1334.128,0.0,1,8,0.0,1,8,0.0,1,8,0.0,1,8,0.0,1,8,0.0,1,8,-0.0,1,8,-9900,?,9,-9900,?,9,15.62,E,8,11.41,E,8,76.0,E,8,964.3861999999999,E,8,999.0,E,8,1.02,E,8,-9900,?,9,-9900,?,9,0.0,E,8,-9900,?,9,-9900,?,9,0.0,0.0,E,8
08/21/2020,01:00,0.0,1334.128,0.0,1,8,0.0,1,8,0.0,1,8,0.0,1,8,0.0,1,8,0.0,1,8,-0.0,1,8,-9900,?,9,-9900,?,9,15.32,E,8,11.37,E,8,77.0,E,8,964.3861999999999,E,8,999.0,E,8,1.02,E,8,-9900,?,9,-9900,?,9,0.0,E,8,-9900,?,9,-9900,?,9,0.0,0.0,E,8
08/21/2020,02:00,0.0,1334.128,0.0,1,8,0.0,1,8,0.0,1,8,0.0,1,8,0.0,1,8,0.0,1,8,-0.0,1,8,-9900,?,9,-9900,?,9,15.02,E,8,11.33,E,8,78.0,E,8,964.3861999999999,E,8,999.0,E,8,1.02,E,8,-9900,?,9,-9900,?,9,0.0,E,8,-9900,?,9,-9900,?,9,0.0,0.0,E,8
08/21/2020,03:00,0.0,1334.128,0.0,1,8,0.0,1,8,0.0,1,8,0.0,1,8,0.0,1,8,0.0,1,8,-0.0,1,8,-9900,?,9,-9900,?,9,14.72,E,8,11.29,E,8,79.0,E,8,964.3861999999999,E,8,999.0,E,8,1.02,E,8,-9900,?,9,-9900,?,9,0.0,E,8,-9900,?,9,-9900,?,9,0.0,0.0,E,8
08/21/2020,04:00,0.0,1334.685,0.0,1,8,0.0,1,8,0.0,1,8,0.0,1,8,0.0,1,8,0.0,1,8,-0.0,1,8,-9900,?,9,-9900,?,9,14.42,E,8,11.24,E,8,81.0,E,8,964.3861999999999,E,8,999.0,E,8,1.02,E,8,-9900,?,9,-9900,?,9,0.0,E,8,-9900,?,9,-9900,?,9,0.0,0.0,E,8
08/21/2020,05:00,0.0,1334.685,0.0,1,8,0.0,1,8,0.0,1,8,0.0,1,8,0.0,1,8,0.0,1,8,-0.0,1,8,-9900,?,9,-9900,?,9,14.12,E,8,11.2,E,8,82.0,E,8,964.3861999999999,E,8,999.0,E,8,1.02,E,8,-9900,?,9,-9900,?,9,0.0,E,8,-9900,?,9,-9900,?,9,0.0,0.0,E,8
08/21/2020,06:00,0.0,1334.685,0.0,1,8,0.0,1,8,0.0,1,8,0.0,1,8,0.0,1,8,0.0,1,8,-0.0,1,8,-9900,?,9,-9900,?,9,13.89,E,8,11.17,E,8,83.0,E,8,964.3861999999999,E,8,999.0,E,8,1.02,E,8,-9900,?,9,-9900,?,9,0.0,E,8,-9900,?,9,-9900,?,9,0.0,0.0,E,8
08/21/2020,07:00,108.479,1334.685,0.0,1,8,0.0,1,8,0.0,1,8,0.0,1,8,0.0,1,8,0.0,1,8,0.0,1,8,-9900,?,9,-9900,?,9,13.69,E,8,11.14,E,8,84.0,E,8,964.3861999999999,E,8,999.0,E,8,1.18,E,8,-9900,?,9,-9900,?,9,0.0,E,8,-9900,?,9,-9900,?,9,0.0,0.0,E,8
08/21/2020,08:00,409.202,1334.685,92.61,1,8,0.0,1,8,92.61,1,8,11113.2,1,8,0.0,1,8,10187.1,1,8,96.418,1,8,-9900,?,9,-9900,?,9,13.5,E,8,11.12,E,8,85.0,E,8,964.3861999999999,E,8,999.0,E,8,1.32,E,8,-9900,?,9,-9900,?,9,0.0,E,8,-9900,?,9,-9900,?,9,0.0,0.0,E,8
08/21/2020,09:00,677.625,1334.685,264.05,1,8,84.177,1,8,221.349,1,8,31686.0,1,8,7996.843,1,8,24348.375,1,8,138.894,1,8,-9900,?,9,-9900,?,9,17.02,E,8,11.6,E,8,70.0,E,8,964.3861999999999,E,8,999.0,E,8,1.47,E,8,-9900,?,9,-9900,?,9,0.0,E,8,-9900,?,9,-9900,?,9,0.0,0.0,E,8
08/21/2020,10:00,893.4,1334.685,416.58,1,8,125.092,1,8,332.877,1,8,49989.6,1,8,11883.767,1,8,36616.48,1,8,158.352,1,8,-9900,?,9,-9900,?,9,18.6,E,8,11.81,E,8,64.0,E,8,964.3861999999999,E,8,999.0,E,8,1.07,E,8,-9900,?,9,-9900,?,9,0.0,E,8,-9900,?,9,-9900,?,9,0.0,0.0,E,8
08/21/2020,11:00,1041.6,1334.685,532.5,1,8,262.795,1,8,327.451,1,8,63900.0,1,8,24965.538,1,8,36019.604,1,8,133.584,1,8,-9900,?,9,-9900,?,9,19.95,E,8,11.99,E,8,60.0,E,8,964.3861999999999,E,8,999.0,E,8,1.14,E,8,-9900,?,9,-9900,?,9,0.0,E,8,-9900,?,9,-9900,?,9,0.0,0.0,E,8
08/21/2020,12:00,1112.066,1334.685,602.41,1,8,312.471,1,8,342.091,1,8,72289.2,1,8,29684.738,1,8,37630.058,1,8,130.706,1,8,-9900,?,9,-9900,?,9,21.05,E,8,12.13,E,8,56.0,E,8,964.3861999999999,E,8,999.0,E,8,1.89,E,8,-9900,?,9,-9900,?,9,0.0,E,8,-9900,?,9,-9900,?,9,0.0,0.0,E,8
08/21/2020,13:00,1099.974,1334.685,621.1,1,8,271.892,1,8,397.053,1,8,74532.0,1,8,25829.722,1,8,43675.795,1,8,153.375,1,8,-9900,?,9,-9900,?,9,21.83,E,8,12.23,E,8,54.0,E,8,964.3861999999999,E,8,999.0,E,8,1.63,E,8,-9900,?,9,-9900,?,9,0.0,E,8,-9900,?,9,-9900,?,9,0.0,0.0,E,8
08/21/2020,14:00,1006.153,1334.685,587.2,1,8,333.555,1,8,335.806,1,8,70464.0,1,8,31687.707,1,8,36938.619,1,8,141.824,1,8,-9900,?,9,-9900,?,9,22.3,E,8,12.29,E,8,53.0,E,8,964.3861999999999,E,8,999.0,E,8,2.47,E,8,-9900,?,9,-9900,?,9,0.0,E,8,-9900,?,9,-9900,?,9,0.0,0.0,E,8
08/21/2020,15:00,837.022,1334.685,503.19,1,8,398.601,1,8,253.328,1,8,60382.8,1,8,37867.054,1,8,27866.119,1,8,128.639,1,8,-9900,?,9,-9900,?,9,22.45,E,8,12.31,E,8,52.0,E,8,964.3861999999999,E,8,999.0,E,8,2.61,E,8,-9900,?,9,-9900,?,9,0.0,E,8,-9900,?,9,-9900,?,9,0.0,0.0,E,8
08/21/2020,16:00,604.195,1334.685,375.44,1,8,518.13,1,8,141.155,1,8,45052.8,1,8,49222.352,1,8,15527.036,1,8,99.367,1,8,-9900,?,9,-9900,?,9,22.16,E,8,12.27,E,8,53.0,E,8,964.3861999999999,E,8,999.0,E,8,2.51,E,8,-9900,?,9,-9900,?,9,0.0,E,8,-9900,?,9,-9900,?,9,0.0,0.0,E,8
08/21/2020,17:00,323.905,1334.685,214.87,1,8,591.801,1,8,71.906,1,8,25784.4,1,8,56221.107,1,8,7909.609,1,8,94.746,1,8,-9900,?,9,-9900,?,9,21.39,E,8,12.17,E,8,55.0,E,8,964.3861999999999,E,8,999.0,E,8,2.19,E,8,-9900,?,9,-9900,?,9,0.0,E,8,-9900,?,9,-9900,?,9,0.0,0.0,E,8
08/21/2020,18:00,22.122,1334.685,46.32,1,8,0.0,1,8,46.32,1,8,5558.4,1,8,0.0,1,8,5095.2,1,8,1566.696,1,8,-9900,?,9,-9900,?,9,20.24,E,8,12.02,E,8,59.0,E,8,964.3861999999999,E,8,999.0,E,8,1.49,E,8,-9900,?,9,-9900,?,9,0.0,E,8,-9900,?,9,-9900,?,9,0.0,0.0,E,8
08/21/2020,19:00,0.0,1334.685,0.0,1,8,0.0,1,8,0.0,1,8,0.0,1,8,0.0,1,8,0.0,1,8,-0.0,1,8,-9900,?,9,-9900,?,9,19.34,E,8,11.91,E,8,62.0,E,8,964.3861999999999,E,8,999.0,E,8,1.52,E,8,-9900,?,9,-9900,?,9,0.0,E,8,-9900,?,9,-9900,?,9,0.0,0.0,E,8
08/21/2020,20:00,0.0,1334.685,0.0,1,8,0.0,1,8,0.0,1,8,0.0,1,8,0.0,1,8,0.0,1,8,-0.0,1,8,-9900,?,9,-9900,?,9,18.44,E,8,11.79,E,8,65.0,E,8,964.3861999999999,E,8,999.0,E,8,1.02,E,8,-9900,?,9,-9900,?,9,0.0,E,8,-9900,?,9,-9900,?,9,0.0,0.0,E,8
08/21/2020,21:00,0.0,1334.685,0.0,1,8,0.0,1,8,0.0,1,8,0.0,1,8,0.0,1,8,0.0,1,8,-0.0,1,8,-9900,?,9,-9900,?,9,17.53,E,8,11.67,E,8,68.0,E,8,964.3861999999999,E,8,999.0,E,8,1.02,E,8,-9900,?,9,-9900,?,9,0.0,E,8,-9900,?,9,-9900,?,9,0.0,0.0,E,8
08/21/2020,22:00,0.0,1334.685,0.0,1,8,0.0,1,8,0.0,1,8,0.0,1,8,0.0,1,8,0.0,1,8,-0.0,1,8,-9900,?,9,-9900,?,9,16.63,E,8,11.54,E,8,71.0,E,8,964.3861999999999,E,8,999.0,E,8,1.02,E,8,-9900,?,9,-9900,?,9,0.0,E,8,-9900,?,9,-9900,?,9,0.0,0.0,E,8
08/21/2020,23:00,0.0,1334.685,0.0,1,8,0.0,1,8,0.0,1,8,0.0,1,8,0.0,1,8,0.0,1,8,-0.0,1,8,-9900,?,9,-9900,?,9,15.72,E,8,11.42,E,8,75.0,E,8,964.3861999999999,E,8,999.0,E,8,1.02,E,8,-9900,?,9,-9900,?,9,0.0,E,8,-9900,?,9,-9900,?,9,0.0,0.0,E,8
08/21/2020,24:00,0.0,1334.685,0.0,1,8,0.0,1,8,0.0,1,8,0.0,1,8,0.0,1,8,0.0,1,8,-0.0,1,8,-9900,?,9,-9900,?,9,14.82,E,8,10.76,E,8,76.0,E,8,964.3861999999999,E,8,999.0,E,8,1.33,E,8,-9900,?,9,-9900,?,9,0.0,E,8,-9900,?,9,-9900,?,9,0.0,0.0,E,8
08/22/2020,01:00,0.0,1334.685,0.0,1,8,0.0,1,8,0.0,1,8,0.0,1,8,0.0,1,8,0.0,1,8,-0.0,1,8,-9900,?,9,-9900,?,9,14.37,E,8,10.62,E,8,78.0,E,8,964.3861999999999,E,8,999.0,E,8,1.33,E,8,-9900,?,9,-9900,?,9,0.0,E,8,-9900,?,9,-9900,?,9,0.0,0.0,E,8
08/22/2020,02:00,0.0,1334.685,0.0,1,8,0.0,1,8,0.0,1,8,0.0,1,8,0.0,1,8,0.0,1,8,-0.0,1,8,-9900,?,9,-9900,?,9,13.92,E,8,10.48,E,8,79.0,E,8,964.3861999999999,E,8,999.0,E,8,1.33,E,8,-9900,?,9,-9900,?,9,0.0,E,8,-9900,?,9,-9900,?,9,0.0,0.0,E,8
08/22/2020,03:00,0.0,1334.685,0.0,1,8,0.0,1,8,0.0,1,8,0.0,1,8,0.0,1,8,0.0,1,8,-0.0,1,8,-9900,?,9,-9900,?,9,13.46,E,8,10.34,E,8,81.0,E,8,964.3861999999999,E,8,999.0,E,8,1.33,E,8,-9900,?,9,-9900,?,9,0.0,E,8,-9900,?,9,-9900,?,9,0.0,0.0,E,8
08/22/2020,04:00,0.0,1335.251,0.0,1,8,0.0,1,8,0.0,1,8,0.0,1,8,0.0,1,8,0.0,1,8,-0.0,1,8,-9900,?,9,-9900,?,9,13.01,E,8,10.2,E,8,83.0,E,8,964.3861999999999,E,8,999.0,E,8,1.33,E,8,-9900,?,9,-9900,?,9,0.0,E,8,-9900,?,9,-9900,?,9,0.0,0.0,E,8
08/22/2020,05:00,0.0,1335.251,0.0,1,8,0.0,1,8,0.0,1,8,0.0,1,8,0.0,1,8,0.0,1,8,-0.0,1,8,-9900,?,9,-9900,?,9,12.56,E,8,10.06,E,8,84.0,E,8,964.3861999999999,E,8,999.0,E,8,1.33,E,8,-9900,?,9,-9900,?,9,0.0,E,8,-9900,?,9,-9900,?,9,0.0,0.0,E,8
08/22/2020,06:00,0.0,1335.251,0.0,1,8,0.0,1,8,0.0,1,8,0.0,1,8,0.0,1,8,0.0,1,8,-0.0,1,8,-9900,?,9,-9900,?,9,12.21,E,8,9.95,E,8,86.0,E,8,964.3861999999999,E,8,999.0,E,8,1.33,E,8,-9900,?,9,-9900,?,9,0.0,E,8,-9900,?,9,-9900,?,9,0.0,0.0,E,8
08/22/2020,07:00,112.752,1335.251,0.0,1,8,0.0,1,8,0.0,1,8,0.0,1,8,0.0,1,8,0.0,1,8,0.0,1,8,-9900,?,9,-9900,?,9,11.91,E,8,9.85,E,8,87.0,E,8,964.3861999999999,E,8,999.0,E,8,1.33,E,8,-9900,?,9,-9900,?,9,0.0,E,8,-9900,?,9,-9900,?,9,0.0,0.0,E,8
08/22/2020,08:00,413.978,1335.251,97.12,1,8,0.0,1,8,97.12,1,8,11654.4,1,8,0.0,1,8,10683.2,1,8,99.983,1,8,-9900,?,9,-9900,?,9,11.61,E,8,9.76,E,8,88.0,E,8,964.3861999999999,E,8,999.0,E,8,1.33,E,8,-9900,?,9,-9900,?,9,0.0,E,8,-9900,?,9,-9900,?,9,0.0,0.0,E,8
08/22/2020,09:00,682.668,1335.251,273.02,1,8,93.549,1,8,225.231,1,8,32762.4,1,8,8887.147,1,8,24775.431,1,8,140.343,1,8,-9900,?,9,-9900,?,9,15.92,E,8,11.09,E,8,72.0,E,8,964.3861999999999,E,8,999.0,E,8,1.73,E,8,-9900,?,9,-9900,?,9,0.0,E,8,-9900,?,9,-9900,?,9,0.0,0.0,E,8
08/22/2020,10:00,898.545,1335.251,429.3,1,8,137.14,1,8,337.045,1,8,51516.0,1,8,13028.33,1,8,37074.991,1,8,159.483,1,8,-9900,?,9,-9900,?,9,17.82,E,8,11.64,E,8,67.0,E,8,964.3861999999999,E,8,999.0,E,8,1.54,E,8,-9900,?,9,-9900,?,9,0.0,E,8,-9900,?,9,-9900,?,9,0.0,0.0,E,8
08/22/2020,11:00,1046.681,1335.251,547.98,1,8,287.394,1,8,322.738,1,8,65757.6,1,8,27302.458,1,8,35501.167,1,8,131.078,1,8,-9900,?,9,-9900,?,9,19.46,E,8,12.11,E,8,62.0,E,8,964.3861999999999,E,8,999.0,E,8,1.33,E,8,-9900,?,9,-9900,?,9,0.0,E,8,-9900,?,9,-9900,?,9,0.0,0.0,E,8
08/22/2020,12:00,1116.92,1335.251,619.45,1,8,251.069,1,8,409.46,1,8,74334.0,1,8,23851.579,1,8,45040.624,1,8,155.832,1,8,-9900,?,9,-9900,?,9,20.78,E,8,12.48,E,8,58.0,E,8,964.3861999999999,E,8,999.0,E,8,1.86,E,8,-9900,?,9,-9900,?,9,0.0,E,8,-9900,?,9,-9900,?,9,0.0,0.0,E,8
08/22/2020,13:00,1104.457,1335.251,638.39,1,8,296.484,1,8,393.186,1,8,76606.8,1,8,28165.97,1,8,43250.407,1,8,151.328,1,8,-9900,?,9,-9900,?,9,21.73,E,8,12.73,E,8,56.0,E,8,964.3861999999999,E,8,999.0,E,8,1.7,E,8,-9900,?,9,-9900,?,9,0.0,E,8,-9900,?,9,-9900,?,9,0.0,0.0,E,8
08/22/2020,14:00,1010.144,1335.251,603.4,1,8,362.609,1,8,329.139,1,8,72408.0,1,8,34447.902,1,8,36205.263,1,8,138.517,1,8,-9900,?,9,-9900,?,9,22.29,E,8,12.88,E,8,55.0,E,8,964.3861999999999,E,8,999.0,E,8,1.33,E,8,-9900,?,9,-9900,?,9,0.0,E,8,-9900,?,9,-9900,?,9,0.0,0.0,E,8
08/22/2020,15:00,840.436,1335.251,517.06,1,8,441.579,1,8,239.245,1,8,62047.2,1,8,41950.013,1,8,26316.928,1,8,121.045,1,8,-9900,?,9,-9900,?,9,22.46,E,8,12.93,E,8,54.0,E,8,964.3861999999999,E,8,999.0,E,8,1.52,E,8,-9900,?,9,-9900,?,9,0.0,E,8,-9900,?,9,-9900,?,9,0.0,0.0,E,8
08/22/2020,16:00,606.983,1335.251,385.9,1,8,515.33,1,8,151.902,1,8,46308.0,1,8,48956.347,1,8,16709.207,1,8,106.484,1,8,-9900,?,9,-9900,?,9,22.11,E,8,12.84,E,8,55.0,E,8,964.3861999999999,E,8,999.0,E,8,1.38,E,8,-9900,?,9,-9900,?,9,0.0,E,8,-9900,?,9,-9900,?,9,0.0,0.0,E,8
08/22/2020,17:00,326.061,1335.251,221.12,1,8,599.235,1,8,75.449,1,8,26534.4,1,8,56927.351,1,8,8299.398,1,8,98.794,1,8,-9900,?,9,-9900,?,9,21.18,E,8,12.58,E,8,57.0,E,8,964.3861999999999,E,8,999.0,E,8,1.33,E,8,-9900,?,9,-9900,?,9,0.0,E,8,-9900,?,9,-9900,?,9,0.0,0.0,E,8
08/22/2020,18:00,23.521,1335.251,48.11,1,8,0.0,1,8,48.11,1,8,5773.2,1,8,0.0,1,8,5292.1,1,8,1446.202,1,8,-9900,?,9,-9900,?,9,19.79,E,8,12.2,E,8,61.0,E,8,964.3861999999999,E,8,999.0,E,8,1.43,E,8,-9900,?,9,-9900,?,9,0.0,E,8,-9900,?,9,-9900,?,9,0.0,0.0,E,8
08/22/2020,19:00,0.0,1335.251,0.0,1,8,0.0,1,8,0.0,1,8,0.0,1,8,0.0,1,8,0.0,1,8,-0.0,1,8,-9900,?,9,-9900,?,9,18.89,E,8,11.95,E,8,64.0,E,8,964.3861999999999,E,8,999.0,E,8,1.33,E,8,-9900,?,9,-9900,?,9,0.0,E,8,-9900,?,9,-9900,?,9,0.0,0.0,E,8
08/22/2020,20:00,0.0,1335.251,0.0,1,8,0.0,1,8,0.0,1,8,0.0,1,8,0.0,1,8,0.0,1,8,-0.0,1,8,-9900,?,9,-9900,?,9,17.99,E,8,11.69,E,8,66.0,E,8,964.3861999999999,E,8,999.0,E,8,1.33,E,8,-9900,?,9,-9900,?,9,0.0,E,8,-9900,?,9,-9900,?,9,0.0,0.0,E,8
08/22/2020,21:00,0.0,1335.251,0.0,1,8,0.0,1,8,0.0,1,8,0.0,1,8,0.0,1,8,0.0,1,8,-0.0,1,8,-9900,?,9,-9900,?,9,17.1,E,8,11.44,E,8,69.0,E,8,964.3861999999999,E,8,999.0,E,8,1.33,E,8,-9900,?,9,-9900,?,9,0.0,E,8,-9900,?,9,-9900,?,9,0.0,0.0,E,8
08/22/2020,22:00,0.0,1335.251,0.0,1,8,0.0,1,8,0.0,1,8,0.0,1,8,0.0,1,8,0.0,1,8,-0.0,1,8,-9900,?,9,-9900,?,9,16.2,E,8,11.17,E,8,72.0,E,8,964.3861999999999,E,8,999.0,E,8,1.33,E,8,-9900,?,9,-9900,?,9,0.0,E,8,-9900,?,9,-9900,?,9,0.0,0.0,E,8
08/22/2020,23:00,0.0,1335.251,0.0,1,8,0.0,1,8,0.0,1,8,0.0,1,8,0.0,1,8,0.0,1,8,-0.0,1,8,-9900,?,9,-9900,?,9,15.3,E,8,10.9,E,8,75.0,E,8,964.3861999999999,E,8,999.0,E,8,1.33,E,8,-9900,?,9,-9900,?,9,0.0,E,8,-9900,?,9,-9900,?,9,0.0,0.0,E,8
08/22/2020,24:00,0.0,1335.251,0.0,1,8,0.0,1,8,0.0,1,8,0.0,1,8,0.0,1,8,0.0,1,8,-0.0,1,8,-9900,?,9,-9900,?,9,14.4,E,8,11.17,E,8,80.0,E,8,964.3861999999999,E,8,999.0,E,8,1.17,E,8,-9900,?,9,-9900,?,9,0.0,E,8,-9900,?,9,-9900,?,9,0.0,0.0,E,8
08/23/2020,01:00,0.0,1335.251,0.0,1,8,0.0,1,8,0.0,1,8,0.0,1,8,0.0,1,8,0.0,1,8,-0.0,1,8,-9900,?,9,-9900,?,9,13.95,E,8,10.99,E,8,87.0,E,8,964.3861999999999,E,8,999.0,E,8,1.17,E,8,-9900,?,9,-9900,?,9,0.005,E,8,-9900,?,9,-9900,?,9,0.05,99.0,E,8
08/23/2020,02:00,0.0,1335.251,0.0,1,8,0.0,1,8,0.0,1,8,0.0,1,8,0.0,1,8,0.0,1,8,-0.0,1,8,-9900,?,9,-9900,?,9,13.51,E,8,10.81,E,8,83.0,E,8,964.3861999999999,E,8,999.0,E,8,1.17,E,8,-9900,?,9,-9900,?,9,0.0,E,8,-9900,?,9,-9900,?,9,0.0,0.0,E,8
08/23/2020,03:00,0.0,1335.251,0.0,1,8,0.0,1,8,0.0,1,8,0.0,1,8,0.0,1,8,0.0,1,8,-0.0,1,8,-9900,?,9,-9900,?,9,13.06,E,8,10.63,E,8,85.0,E,8,964.3861999999999,E,8,999.0,E,8,1.17,E,8,-9900,?,9,-9900,?,9,0.0,E,8,-9900,?,9,-9900,?,9,0.0,0.0,E,8
08/23/2020,04:00,0.0,1335.826,0.0,1,8,0.0,1,8,0.0,1,8,0.0,1,8,0.0,1,8,0.0,1,8,-0.0,1,8,-9900,?,9,-9900,?,9,12.61,E,8,10.45,E,8,86.0,E,8,964.3861999999999,E,8,999.0,E,8,1.17,E,8,-9900,?,9,-9900,?,9,0.0,E,8,-9900,?,9,-9900,?,9,0.0,0.0,E,8
08/23/2020,05:00,0.0,1335.826,0.0,1,8,0.0,1,8,0.0,1,8,0.0,1,8,0.0,1,8,0.0,1,8,-0.0,1,8,-9900,?,9,-9900,?,9,12.16,E,8,10.26,E,8,88.0,E,8,964.3861999999999,E,8,999.0,E,8,1.17,E,8,-9900,?,9,-9900,?,9,0.0,E,8,-9900,?,9,-9900,?,9,0.0,0.0,E,8
08/23/2020,06:00,0.0,1335.826,0.0,1,8,0.0,1,8,0.0,1,8,0.0,1,8,0.0,1,8,0.0,1,8,-0.0,1,8,-9900,?,9,-9900,?,9,11.81,E,8,10.11,E,8,89.0,E,8,964.3861999999999,E,8,999.0,E,8,1.17,E,8,-9900,?,9,-9900,?,9,0.0,E,8,-9900,?,9,-9900,?,9,0.0,0.0,E,8
08/23/2020,07:00,117.101,1335.826,0.0,1,8,0.0,1,8,0.0,1,8,0.0,1,8,0.0,1,8,0.0,1,8,0.0,1,8,-9900,?,9,-9900,?,9,11.51,E,8,9.99,E,8,90.0,E,8,964.3861999999999,E,8,999.0,E,8,1.17,E,8,-9900,?,9,-9900,?,9,0.0,E,8,-9900,?,9,-9900,?,9,0.0,0.0,E,8
08/23/2020,08:00,418.817,1335.826,71.01,1,8,0.0,1,8,71.01,1,8,8521.2,1,8,0.0,1,8,7811.1,1,8,72.285,1,8,-9900,?,9,-9900,?,9,11.22,E,8,9.86,E,8,91.0,E,8,964.3861999999999,E,8,999.0,E,8,1.17,E,8,-9900,?,9,-9900,?,9,0.0,E,8,-9900,?,9,-9900,?,9,0.0,0.0,E,8
08/23/2020,09:00,687.763,1335.826,84.28,1,8,0.0,1,8,84.28,1,8,10113.6,1,8,0.0,1,8,9270.8,1,8,52.148,1,8,-9900,?,9,-9900,?,9,13.93,E,8,10.98,E,8,87.0,E,8,964.3861999999999,E,8,999.0,E,8,1.17,E,8,-9900,?,9,-9900,?,9,0.016,E,8,-9900,?,9,-9900,?,9,0.16,99.0,E,8
08/23/2020,10:00,903.73,1335.826,308.48,1,8,24.004,1,8,292.246,1,8,37017.6,1,8,2280.352,1,8,32147.099,1,8,137.55,1,8,-9900,?,9,-9900,?,9,16.62,E,8,12.02,E,8,89.0,E,8,964.3861999999999,E,8,999.0,E,8,1.17,E,8,-9900,?,9,-9900,?,9,0.632,E,8,-9900,?,9,-9900,?,9,6.32,99.0,E,8
08/23/2020,11:00,1051.788,1335.826,393.19,1,8,29.382,1,8,370.06,1,8,47182.8,1,8,2791.281,1,8,40706.574,1,8,149.631,1,8,-9900,?,9,-9900,?,9,18.7,E,8,12.78,E,8,73.0,E,8,964.3861999999999,E,8,999.0,E,8,1.17,E,8,-9900,?,9,-9900,?,9,0.001,E,8,-9900,?,9,-9900,?,9,0.01,99.0,E,8
08/23/2020,12:00,1121.789,1335.826,444.12,1,8,88.814,1,8,369.546,1,8,53294.4,1,8,8437.337,1,8,40650.018,1,8,140.091,1,8,-9900,?,9,-9900,?,9,20.31,E,8,13.35,E,8,68.0,E,8,964.3861999999999,E,8,999.0,E,8,1.17,E,8,-9900,?,9,-9900,?,9,0.033,E,8,-9900,?,9,-9900,?,9,0.33,99.0,E,8
08/23/2020,13:00,1108.943,1335.826,457.49,1,8,105.769,1,8,369.697,1,8,54898.8,1,8,10048.065,1,8,40666.658,1,8,141.773,1,8,-9900,?,9,-9900,?,9,21.45,E,8,13.74,E,8,65.0,E,8,964.3861999999999,E,8,999.0,E,8,1.17,E,8,-9900,?,9,-9900,?,9,0.003,E,8,-9900,?,9,-9900,?,9,0.03,99.0,E,8
08/23/2020,14:00,1014.128,1335.826,432.31,1,8,84.036,1,8,368.525,1,8,51877.2,1,8,7983.44,1,8,40537.797,1,8,154.55,1,8,-9900,?,9,-9900,?,9,22.15,E,8,13.97,E,8,64.0,E,8,964.3861999999999,E,8,999.0,E,8,1.43,E,8,-9900,?,9,-9900,?,9,0.009,E,8,-9900,?,9,-9900,?,9,0.09,99.0,E,8
08/23/2020,15:00,843.835,1335.826,370.43,1,8,110.16,1,8,300.873,1,8,44451.6,1,8,10465.211,1,8,33096.046,1,8,151.676,1,8,-9900,?,9,-9900,?,9,22.4,E,8,14.05,E,8,63.0,E,8,964.3861999999999,E,8,999.0,E,8,2.02,E,8,-9900,?,9,-9900,?,9,0.001,E,8,-9900,?,9,-9900,?,9,0.01,99.0,E,8
08/23/2020,16:00,609.754,1335.826,276.54,1,8,168.956,1,8,199.504,1,8,33184.8,1,8,16050.779,1,8,21945.416,1,8,139.277,1,8,-9900,?,9,-9900,?,9,22.11,E,8,13.96,E,8,59.0,E,8,964.3861999999999,E,8,999.0,E,8,2.19,E,8,-9900,?,9,-9900,?,9,0.0,E,8,-9900,?,9,-9900,?,9,0.0,0.0,E,8
08/23/2020,17:00,328.199,1335.826,158.65,1,8,300.527,1,8,85.142,1,8,19038.0,1,8,28550.068,1,8,9365.626,1,8,110.801,1,8,-9900,?,9,-9900,?,9,21.18,E,8,13.65,E,8,61.0,E,8,964.3861999999999,E,8,999.0,E,8,2.05,E,8,-9900,?,9,-9900,?,9,0.0,E,8,-9900,?,9,-9900,?,9,0.0,0.0,E,8
08/23/2020,18:00,24.911,1335.826,34.83,1,8,0.0,1,8,34.83,1,8,4179.6,1,8,0.0,1,8,3831.3,1,8,943.257,1,8,-9900,?,9,-9900,?,9,19.75,E,8,13.15,E,8,65.0,E,8,964.3861999999999,E,8,999.0,E,8,2.73,E,8,-9900,?,9,-9900,?,9,0.0,E,8,-9900,?,9,-9900,?,9,0.0,0.0,E,8
08/23/2020,19:00,0.0,1335.826,0.0,1,8,0.0,1,8,0.0,1,8,0.0,1,8,0.0,1,8,0.0,1,8,-0.0,1,8,-9900,?,9,-9900,?,9,18.96,E,8,12.87,E,8,67.0,E,8,964.3861999999999,E,8,999.0,E,8,2.03,E,8,-9900,?,9,-9900,?,9,0.0,E,8,-9900,?,9,-9900,?,9,0.0,0.0,E,8
08/23/2020,20:00,0.0,1335.826,0.0,1,8,0.0,1,8,0.0,1,8,0.0,1,8,0.0,1,8,0.0,1,8,-0.0,1,8,-9900,?,9,-9900,?,9,18.17,E,8,12.59,E,8,69.0,E,8,964.3861999999999,E,8,999.0,E,8,1.17,E,8,-9900,?,9,-9900,?,9,0.0,E,8,-9900,?,9,-9900,?,9,0.0,0.0,E,8
08/23/2020,21:00,0.0,1335.826,0.0,1,8,0.0,1,8,0.0,1,8,0.0,1,8,0.0,1,8,0.0,1,8,-0.0,1,8,-9900,?,9,-9900,?,9,17.38,E,8,12.3,E,8,71.0,E,8,964.3861999999999,E,8,999.0,E,8,1.17,E,8,-9900,?,9,-9900,?,9,0.0,E,8,-9900,?,9,-9900,?,9,0.0,0.0,E,8
08/23/2020,22:00,0.0,1335.826,0.0,1,8,0.0,1,8,0.0,1,8,0.0,1,8,0.0,1,8,0.0,1,8,-0.0,1,8,-9900,?,9,-9900,?,9,16.59,E,8,12.01,E,8,73.0,E,8,964.3861999999999,E,8,999.0,E,8,1.17,E,8,-9900,?,9,-9900,?,9,0.0,E,8,-9900,?,9,-9900,?,9,0.0,0.0,E,8
08/23/2020,23:00,0.0,1335.826,0.0,1,8,0.0,1,8,0.0,1,8,0.0,1,8,0.0,1,8,0.0,1,8,-0.0,1,8,-9900,?,9,-9900,?,9,15.79,E,8,11.71,E,8,76.0,E,8,964.3861999999999,E,8,999.0,E,8,1.35,E,8,-9900,?,9,-9900,?,9,0.0,E,8,-9900,?,9,-9900,?,9,0.0,0.0,E,8
08/23/2020,24:00,0.0,1335.826,0.0,1,8,0.0,1,8,0.0,1,8,0.0,1,8,0.0,1,8,0.0,1,8,-0.0,1,8,-9900,?,9,-9900,?,9,15.0,E,8,11.11,E,8,77.0,E,8,964.3861999999999,E,8,999.0,E,8,3.1,E,8,-9900,?,9,-9900,?,9,0.0,E,8,-9900,?,9,-9900,?,9,0.0,0.0,E,8
08/24/2020,01:00,0.0,1335.826,0.0,1,8,0.0,1,8,0.0,1,8,0.0,1,8,0.0,1,8,0.0,1,8,-0.0,1,8,-9900,?,9,-9900,?,9,14.61,E,8,11.02,E,8,79.0,E,8,964.3861999999999,E,8,999.0,E,8,2.6,E,8,-9900,?,9,-9900,?,9,0.0,E,8,-9900,?,9,-9900,?,9,0.0,0.0,E,8
08/24/2020,02:00,0.0,1335.826,0.0,1,8,0.0,1,8,0.0,1,8,0.0,1,8,0.0,1,8,0.0,1,8,-0.0,1,8,-9900,?,9,-9900,?,9,14.21,E,8,10.92,E,8,80.0,E,8,964.3861999999999,E,8,999.0,E,8,2.99,E,8,-9900,?,9,-9900,?,9,0.0,E,8,-9900,?,9,-9900,?,9,0.0,0.0,E,8
08/24/2020,03:00,0.0,1335.826,0.0,1,8,0.0,1,8,0.0,1,8,0.0,1,8,0.0,1,8,0.0,1,8,-0.0,1,8,-9900,?,9,-9900,?,9,13.81,E,8,10.83,E,8,82.0,E,8,964.3861999999999,E,8,999.0,E,8,3.19,E,8,-9900,?,9,-9900,?,9,0.0,E,8,-9900,?,9,-9900,?,9,0.0,0.0,E,8
08/24/2020,04:00,0.0,1336.41,0.0,1,8,0.0,1,8,0.0,1,8,0.0,1,8,0.0,1,8,0.0,1,8,-0.0,1,8,-9900,?,9,-9900,?,9,13.42,E,8,10.74,E,8,83.0,E,8,964.3861999999999,E,8,999.0,E,8,2.72,E,8,-9900,?,9,-9900,?,9,0.0,E,8,-9900,?,9,-9900,?,9,0.0,0.0,E,8
08/24/2020,05:00,0.0,1336.41,0.0,1,8,0.0,1,8,0.0,1,8,0.0,1,8,0.0,1,8,0.0,1,8,-0.0,1,8,-9900,?,9,-9900,?,9,13.02,E,8,10.64,E,8,85.0,E,8,964.3861999999999,E,8,999.0,E,8,1.45,E,8,-9900,?,9,-9900,?,9,0.0,E,8,-9900,?,9,-9900,?,9,0.0,0.0,E,8
08/24/2020,06:00,0.0,1336.41,0.0,1,8,0.0,1,8,0.0,1,8,0.0,1,8,0.0,1,8,0.0,1,8,-0.0,1,8,-9900,?,9,-9900,?,9,12.72,E,8,10.57,E,8,86.0,E,8,964.3861999999999,E,8,999.0,E,8,1.45,E,8,-9900,?,9,-9900,?,9,0.0,E,8,-9900,?,9,-9900,?,9,0.0,0.0,E,8
08/24/2020,07:00,121.524,1336.41,0.0,1,8,0.0,1,8,0.0,1,8,0.0,1,8,0.0,1,8,0.0,1,8,0.0,1,8,-9900,?,9,-9900,?,9,12.45,E,8,10.5,E,8,87.0,E,8,964.3861999999999,E,8,999.0,E,8,1.45,E,8,-9900,?,9,-9900,?,9,0.0,E,8,-9900,?,9,-9900,?,9,0.0,0.0,E,8
08/24/2020,08:00,423.717,1336.41,54.67,1,8,0.0,1,8,54.67,1,8,6560.4,1,8,0.0,1,8,6013.7,1,8,55.029,1,8,-9900,?,9,-9900,?,9,12.19,E,8,10.44,E,8,89.0,E,8,964.3861999999999,E,8,999.0,E,8,2.79,E,8,-9900,?,9,-9900,?,9,0.0,E,8,-9900,?,9,-9900,?,9,0.0,0.0,E,8
08/24/2020,09:00,692.907,1336.41,216.92,1,8,21.776,1,8,205.638,1,8,26030.4,1,8,2068.729,1,8,22620.227,1,8,126.347,1,8,-9900,?,9,-9900,?,9,16.08,E,8,11.36,E,8,73.0,E,8,964.3861999999999,E,8,999.0,E,8,2.71,E,8,-9900,?,9,-9900,?,9,0.0,E,8,-9900,?,9,-9900,?,9,0.0,0.0,E,8
08/24/2020,10:00,908.952,1336.41,338.82,1,8,70.527,1,8,290.868,1,8,40658.4,1,8,6700.058,1,8,31995.468,1,8,136.174,1,8,-9900,?,9,-9900,?,9,18.02,E,8,11.79,E,8,66.0,E,8,964.3861999999999,E,8,999.0,E,8,3.69,E,8,-9900,?,9,-9900,?,9,0.0,E,8,-9900,?,9,-9900,?,9,0.0,0.0,E,8
08/24/2020,11:00,1056.919,1336.41,431.23,1,8,105.451,1,8,347.847,1,8,51747.6,1,8,10017.852,1,8,38263.192,1,8,140.027,1,8,-9900,?,9,-9900,?,9,19.66,E,8,12.15,E,8,61.0,E,8,964.3861999999999,E,8,999.0,E,8,4.21,E,8,-9900,?,9,-9900,?,9,0.0,E,8,-9900,?,9,-9900,?,9,0.0,0.0,E,8
08/24/2020,12:00,1126.668,1336.41,486.72,1,8,125.731,1,8,380.734,1,8,58406.4,1,8,11944.444,1,8,41880.793,1,8,143.77,1,8,-9900,?,9,-9900,?,9,20.95,E,8,12.43,E,8,58.0,E,8,964.3861999999999,E,8,999.0,E,8,4.75,E,8,-9900,?,9,-9900,?,9,0.0,E,8,-9900,?,9,-9900,?,9,0.0,0.0,E,8
08/24/2020,13:00,1113.427,1336.41,501.15,1,8,149.934,1,8,376.249,1,8,60138.0,1,8,14243.72,1,8,41387.4,1,8,143.767,1,8,-9900,?,9,-9900,?,9,21.89,E,8,12.63,E,8,55.0,E,8,964.3861999999999,E,8,999.0,E,8,5.41,E,8,-9900,?,9,-9900,?,9,0.0,E,8,-9900,?,9,-9900,?,9,0.0,0.0,E,8
08/24/2020,14:00,1018.102,1336.41,473.44,1,8,119.008,1,8,382.797,1,8,56812.8,1,8,11305.741,1,8,42107.66,1,8,159.978,1,8,-9900,?,9,-9900,?,9,22.44,E,8,12.75,E,8,54.0,E,8,964.3861999999999,E,8,999.0,E,8,6.49,E,8,-9900,?,9,-9900,?,9,0.0,E,8,-9900,?,9,-9900,?,9,0.0,0.0,E,8
08/24/2020,15:00,847.217,1336.41,405.65,1,8,145.068,1,8,313.724,1,8,48678.0,1,8,13781.431,1,8,34509.695,1,8,157.592,1,8,-9900,?,9,-9900,?,9,22.61,E,8,12.79,E,8,53.0,E,8,964.3861999999999,E,8,999.0,E,8,3.97,E,8,-9900,?,9,-9900,?,9,0.0,E,8,-9900,?,9,-9900,?,9,0.0,0.0,E,8
08/24/2020,16:00,612.504,1336.41,302.91,1,8,233.259,1,8,196.12,1,8,36349.2,1,8,22159.597,1,8,21573.211,1,8,136.358,1,8,-9900,?,9,-9900,?,9,22.28,E,8,12.72,E,8,54.0,E,8,964.3861999999999,E,8,999.0,E,8,3.9,E,8,-9900,?,9,-9900,?,9,0.0,E,8,-9900,?,9,-9900,?,9,0.0,0.0,E,8
08/24/2020,17:00,330.316,1336.41,173.98,1,8,391.539,1,8,77.63,1,8,20877.6,1,8,37196.244,1,8,8539.255,1,8,100.415,1,8,-9900,?,9,-9900,?,9,21.39,E,8,12.53,E,8,56.0,E,8,964.3861999999999,E,8,999.0,E,8,2.74,E,8,-9900,?,9,-9900,?,9,0.0,E,8,-9900,?,9,-9900,?,9,0.0,0.0,E,8
08/24/2020,18:00,26.291,1336.41,38.53,1,8,0.0,1,8,38.53,1,8,4623.6,1,8,0.0,1,8,4238.3,1,8,950.376,1,8,-9900,?,9,-9900,?,9,20.06,E,8,12.24,E,8,60.0,E,8,964.3861999999999,E,8,999.0,E,8,3.71,E,8,-9900,?,9,-9900,?,9,0.0,E,8,-9900,?,9,-9900,?,9,0.0,0.0,E,8
08/24/2020,19:00,0.0,1336.41,0.0,1,8,0.0,1,8,0.0,1,8,0.0,1,8,0.0,1,8,0.0,1,8,-0.0,1,8,-9900,?,9,-9900,?,9,19.3,E,8,12.08,E,8,62.0,E,8,964.3861999999999,E,8,999.0,E,8,2.68,E,8,-9900,?,9,-9900,?,9,0.0,E,8,-9900,?,9,-9900,?,9,0.0,0.0,E,8
08/24/2020,20:00,0.0,1336.41,0.0,1,8,0.0,1,8,0.0,1,8,0.0,1,8,0.0,1,8,0.0,1,8,-0.0,1,8,-9900,?,9,-9900,?,9,18.53,E,8,11.91,E,8,65.0,E,8,964.3861999999999,E,8,999.0,E,8,1.51,E,8,-9900,?,9,-9900,?,9,0.0,E,8,-9900,?,9,-9900,?,9,0.0,0.0,E,8
08/24/2020,21:00,0.0,1336.41,0.0,1,8,0.0,1,8,0.0,1,8,0.0,1,8,0.0,1,8,0.0,1,8,-0.0,1,8,-9900,?,9,-9900,?,9,17.77,E,8,11.74,E,8,67.0,E,8,964.3861999999999,E,8,999.0,E,8,1.45,E,8,-9900,?,9,-9900,?,9,0.0,E,8,-9900,?,9,-9900,?,9,0.0,0.0,E,8
08/24/2020,22:00,0.0,1336.41,0.0,1,8,0.0,1,8,0.0,1,8,0.0,1,8,0.0,1,8,0.0,1,8,-0.0,1,8,-9900,?,9,-9900,?,9,17.0,E,8,11.56,E,8,70.0,E,8,964.3861999999999,E,8,999.0,E,8,1.45,E,8,-9900,?,9,-9900,?,9,0.0,E,8,-9900,?,9,-9900,?,9,0.0,0.0,E,8
08/24/2020,23:00,0.0,1336.41,0.0,1,8,0.0,1,8,0.0,1,8,0.0,1,8,0.0,1,8,0.0,1,8,-0.0,1,8,-9900,?,9,-9900,?,9,16.24,E,8,11.39,E,8,72.0,E,8,964.3861999999999,E,8,999.0,E,8,1.45,E,8,-9900,?,9,-9900,?,9,0.0,E,8,-9900,?,9,-9900,?,9,0.0,0.0,E,8
08/24/2020,24:00,0.0,1336.41,0.0,1,8,0.0,1,8,0.0,1,8,0.0,1,8,0.0,1,8,0.0,1,8,-0.0,1,8,-9900,?,9,-9900,?,9,15.47,E,8,11.66,E,8,78.0,E,8,964.3861999999999,E,8,999.0,E,8,1.22,E,8,-9900,?,9,-9900,?,9,0.0,E,8,-9900,?,9,-9900,?,9,0.0,0.0,E,8
08/25/2020,01:00,0.0,1336.41,0.0,1,8,0.0,1,8,0.0,1,8,0.0,1,8,0.0,1,8,0.0,1,8,-0.0,1,8,-9900,?,9,-9900,?,9,15.09,E,8,11.55,E,8,79.0,E,8,964.3861999999999,E,8,999.0,E,8,1.22,E,8,-9900,?,9,-9900,?,9,0.0,E,8,-9900,?,9,-9900,?,9,0.0,0.0,E,8
08/25/2020,02:00,0.0,1336.41,0.0,1,8,0.0,1,8,0.0,1,8,0.0,1,8,0.0,1,8,0.0,1,8,-0.0,1,8,-9900,?,9,-9900,?,9,14.71,E,8,11.43,E,8,80.0,E,8,964.3861999999999,E,8,999.0,E,8,1.22,E,8,-9900,?,9,-9900,?,9,0.0,E,8,-9900,?,9,-9900,?,9,0.0,0.0,E,8
08/25/2020,03:00,0.0,1336.41,0.0,1,8,0.0,1,8,0.0,1,8,0.0,1,8,0.0,1,8,0.0,1,8,-0.0,1,8,-9900,?,9,-9900,?,9,14.32,E,8,11.32,E,8,82.0,E,8,964.3861999999999,E,8,999.0,E,8,1.22,E,8,-9900,?,9,-9900,?,9,0.0,E,8,-9900,?,9,-9900,?,9,0.0,0.0,E,8
08/25/2020,04:00,0.0,1337.004,0.0,1,8,0.0,1,8,0.0,1,8,0.0,1,8,0.0,1,8,0.0,1,8,-0.0,1,8,-9900,?,9,-9900,?,9,13.94,E,8,11.2,E,8,83.0,E,8,964.3861999999999,E,8,999.0,E,8,1.22,E,8,-9900,?,9,-9900,?,9,0.0,E,8,-9900,?,9,-9900,?,9,0.0,0.0,E,8
08/25/2020,05:00,0.0,1337.004,0.0,1,8,0.0,1,8,0.0,1,8,0.0,1,8,0.0,1,8,0.0,1,8,-0.0,1,8,-9900,?,9,-9900,?,9,13.56,E,8,11.09,E,8,84.0,E,8,964.3861999999999,E,8,999.0,E,8,1.22,E,8,-9900,?,9,-9900,?,9,0.0,E,8,-9900,?,9,-9900,?,9,0.0,0.0,E,8
08/25/2020,06:00,0.0,1337.004,0.0,1,8,0.0,1,8,0.0,1,8,0.0,1,8,0.0,1,8,0.0,1,8,-0.0,1,8,-9900,?,9,-9900,?,9,13.26,E,8,10.99,E,8,86.0,E,8,964.3861999999999,E,8,999.0,E,8,1.22,E,8,-9900,?,9,-9900,?,9,0.0,E,8,-9900,?,9,-9900,?,9,0.0,0.0,E,8
08/25/2020,07:00,126.019,1337.004,0.0,1,8,0.0,1,8,0.0,1,8,0.0,1,8,0.0,1,8,0.0,1,8,0.0,1,8,-9900,?,9,-9900,?,9,13.01,E,8,10.92,E,8,87.0,E,8,964.3861999999999,E,8,999.0,E,8,1.22,E,8,-9900,?,9,-9900,?,9,0.0,E,8,-9900,?,9,-9900,?,9,0.0,0.0,E,8
08/25/2020,08:00,428.676,1337.004,178.03,1,8,141.311,1,8,132.837,1,8,21363.6,1,8,13424.573,1,8,14612.02,1,8,132.211,1,8,-9900,?,9,-9900,?,9,12.76,E,8,10.84,E,8,88.0,E,8,964.3861999999999,E,8,999.0,E,8,1.22,E,8,-9900,?,9,-9900,?,9,0.0,E,8,-9900,?,9,-9900,?,9,0.0,0.0,E,8
08/25/2020,09:00,698.099,1337.004,421.92,1,8,432.45,1,8,196.298,1,8,50630.4,1,8,41082.756,1,8,21592.814,1,8,119.763,1,8,-9900,?,9,-9900,?,9,19.24,E,8,12.73,E,8,65.0,E,8,964.3861999999999,E,8,999.0,E,8,1.22,E,8,-9900,?,9,-9900,?,9,0.0,E,8,-9900,?,9,-9900,?,9,0.0,0.0,E,8
08/25/2020,10:00,914.207,1337.004,644.53,1,8,656.005,1,8,196.121,1,8,77343.6,1,8,62320.51,1,8,21573.327,1,8,91.329,1,8,-9900,?,9,-9900,?,9,21.73,E,8,13.41,E,8,59.0,E,8,964.3861999999999,E,8,999.0,E,8,1.22,E,8,-9900,?,9,-9900,?,9,0.0,E,8,-9900,?,9,-9900,?,9,0.0,0.0,E,8
08/25/2020,11:00,1062.071,1337.004,652.45,1,8,388.887,1,8,343.585,1,8,78294.0,1,8,36944.24,1,8,37794.3,1,8,137.701,1,8,-9900,?,9,-9900,?,9,23.01,E,8,13.74,E,8,55.0,E,8,964.3861999999999,E,8,999.0,E,8,1.22,E,8,-9900,?,9,-9900,?,9,0.0,E,8,-9900,?,9,-9900,?,9,0.0,0.0,E,8
08/25/2020,12:00,1131.556,1337.004,586.37,1,8,185.975,1,8,428.991,1,8,70364.4,1,8,17667.625,1,8,47188.987,1,8,161.364,1,8,-9900,?,9,-9900,?,9,23.5,E,8,13.87,E,8,54.0,E,8,964.3861999999999,E,8,999.0,E,8,1.22,E,8,-9900,?,9,-9900,?,9,0.0,E,8,-9900,?,9,-9900,?,9,0.0,0.0,E,8
08/25/2020,13:00,1117.909,1337.004,599.17,1,8,264.225,1,8,378.272,1,8,71900.4,1,8,25101.351,1,8,41609.883,1,8,144.024,1,8,-9900,?,9,-9900,?,9,23.86,E,8,13.96,E,8,53.0,E,8,964.3861999999999,E,8,999.0,E,8,1.22,E,8,-9900,?,9,-9900,?,9,0.0,E,8,-9900,?,9,-9900,?,9,0.0,0.0,E,8
08/25/2020,14:00,1022.065,1337.004,347.64,1,8,49.94,1,8,309.472,1,8,41716.8,1,8,4744.276,1,8,34041.902,1,8,128.889,1,8,-9900,?,9,-9900,?,9,22.99,E,8,13.74,E,8,55.0,E,8,964.3861999999999,E,8,999.0,E,8,1.86,E,8,-9900,?,9,-9900,?,9,0.0,E,8,-9900,?,9,-9900,?,9,0.0,0.0,E,8
08/25/2020,15:00,850.582,1337.004,498.19,1,8,353.239,1,8,273.561,1,8,59782.8,1,8,33557.72,1,8,30091.757,1,8,136.933,1,8,-9900,?,9,-9900,?,9,23.03,E,8,13.75,E,8,55.0,E,8,964.3861999999999,E,8,999.0,E,8,2.22,E,8,-9900,?,9,-9900,?,9,0.0,E,8,-9900,?,9,-9900,?,9,0.0,0.0,E,8
08/25/2020,16:00,615.234,1337.004,339.29,1,8,341.793,1,8,182.182,1,8,40714.8,1,8,32470.299,1,8,20040.039,1,8,126.16,1,8,-9900,?,9,-9900,?,9,22.41,E,8,13.59,E,8,57.0,E,8,964.3861999999999,E,8,999.0,E,8,1.75,E,8,-9900,?,9,-9900,?,9,0.0,E,8,-9900,?,9,-9900,?,9,0.0,0.0,E,8
08/25/2020,17:00,332.414,1337.004,213.22,1,8,452.969,1,8,101.089,1,8,25586.4,1,8,43032.053,1,8,11119.771,1,8,129.986,1,8,-9900,?,9,-9900,?,9,21.45,E,8,13.33,E,8,59.0,E,8,964.3861999999999,E,8,999.0,E,8,2.48,E,8,-9900,?,9,-9900,?,9,0.0,E,8,-9900,?,9,-9900,?,9,0.0,0.0,E,8
08/25/2020,18:00,27.661,1337.004,31.84,1,8,0.0,1,8,31.84,1,8,3820.8,1,8,0.0,1,8,3502.4,1,8,721.724,1,8,-9900,?,9,-9900,?,9,20.06,E,8,12.96,E,8,63.0,E,8,964.3861999999999,E,8,999.0,E,8,1.24,E,8,-9900,?,9,-9900,?,9,0.0,E,8,-9900,?,9,-9900,?,9,0.0,0.0,E,8
08/25/2020,19:00,0.0,1337.004,0.0,1,8,0.0,1,8,0.0,1,8,0.0,1,8,0.0,1,8,0.0,1,8,-0.0,1,8,-9900,?,9,-9900,?,9,19.53,E,8,12.81,E,8,65.0,E,8,964.3861999999999,E,8,999.0,E,8,2.01,E,8,-9900,?,9,-9900,?,9,0.0,E,8,-9900,?,9,-9900,?,9,0.0,0.0,E,8
08/25/2020,20:00,0.0,1337.004,0.0,1,8,0.0,1,8,0.0,1,8,0.0,1,8,0.0,1,8,0.0,1,8,-0.0,1,8,-9900,?,9,-9900,?,9,18.99,E,8,12.66,E,8,66.0,E,8,964.3861999999999,E,8,999.0,E,8,1.22,E,8,-9900,?,9,-9900,?,9,0.0,E,8,-9900,?,9,-9900,?,9,0.0,0.0,E,8
08/25/2020,21:00,0.0,1337.004,0.0,1,8,0.0,1,8,0.0,1,8,0.0,1,8,0.0,1,8,0.0,1,8,-0.0,1,8,-9900,?,9,-9900,?,9,18.46,E,8,12.52,E,8,68.0,E,8,964.3861999999999,E,8,999.0,E,8,1.22,E,8,-9900,?,9,-9900,?,9,0.0,E,8,-9900,?,9,-9900,?,9,0.0,0.0,E,8
08/25/2020,22:00,0.0,1337.004,0.0,1,8,0.0,1,8,0.0,1,8,0.0,1,8,0.0,1,8,0.0,1,8,-0.0,1,8,-9900,?,9,-9900,?,9,17.92,E,8,12.37,E,8,69.0,E,8,964.3861999999999,E,8,999.0,E,8,1.22,E,8,-9900,?,9,-9900,?,9,0.0,E,8,-9900,?,9,-9900,?,9,0.0,0.0,E,8
08/25/2020,23:00,0.0,1337.004,0.0,1,8,0.0,1,8,0.0,1,8,0.0,1,8,0.0,1,8,0.0,1,8,-0.0,1,8,-9900,?,9,-9900,?,9,17.39,E,8,12.21,E,8,71.0,E,8,964.3861999999999,E,8,999.0,E,8,1.42,E,8,-9900,?,9,-9900,?,9,0.0,E,8,-9900,?,9,-9900,?,9,0.0,0.0,E,8
08/25/2020,24:00,0.0,1337.004,0.0,1,8,0.0,1,8,0.0,1,8,0.0,1,8,0.0,1,8,0.0,1,8,-0.0,1,8,-9900,?,9,-9900,?,9,16.85,E,8,12.77,E,8,76.0,E,8,964.3861999999999,E,8,999.0,E,8,0.9,E,8,-9900,?,9,-9900,?,9,0.0,E,8,-9900,?,9,-9900,?,9,0.0,0.0,E,8
08/26/2020,01:00,0.0,1337.004,0.0,1,8,0.0,1,8,0.0,1,8,0.0,1,8,0.0,1,8,0.0,1,8,-0.0,1,8,-9900,?,9,-9900,?,9,16.58,E,8,12.74,E,8,78.0,E,8,964.3861999999999,E,8,999.0,E,8,0.9,E,8,-9900,?,9,-9900,?,9,0.0,E,8,-9900,?,9,-9900,?,9,0.0,0.0,E,8
08/26/2020,02:00,0.0,1337.004,0.0,1,8,0.0,1,8,0.0,1,8,0.0,1,8,0.0,1,8,0.0,1,8,-0.0,1,8,-9900,?,9,-9900,?,9,16.32,E,8,12.71,E,8,79.0,E,8,964.3861999999999,E,8,999.0,E,8,0.9,E,8,-9900,?,9,-9900,?,9,0.0,E,8,-9900,?,9,-9900,?,9,0.0,0.0,E,8
08/26/2020,03:00,0.0,1337.004,0.0,1,8,0.0,1,8,0.0,1,8,0.0,1,8,0.0,1,8,0.0,1,8,-0.0,1,8,-9900,?,9,-9900,?,9,16.05,E,8,12.68,E,8,80.0,E,8,964.3861999999999,E,8,999.0,E,8,0.9,E,8,-9900,?,9,-9900,?,9,0.0,E,8,-9900,?,9,-9900,?,9,0.0,0.0,E,8
08/26/2020,04:00,0.0,1337.606,0.0,1,8,0.0,1,8,0.0,1,8,0.0,1,8,0.0,1,8,0.0,1,8,-0.0,1,8,-9900,?,9,-9900,?,9,15.78,E,8,12.65,E,8,81.0,E,8,964.3861999999999,E,8,999.0,E,8,0.9,E,8,-9900,?,9,-9900,?,9,0.0,E,8,-9900,?,9,-9900,?,9,0.0,0.0,E,8
08/26/2020,05:00,0.0,1337.606,0.0,1,8,0.0,1,8,0.0,1,8,0.0,1,8,0.0,1,8,0.0,1,8,-0.0,1,8,-9900,?,9,-9900,?,9,15.51,E,8,12.63,E,8,82.0,E,8,964.3861999999999,E,8,999.0,E,8,0.9,E,8,-9900,?,9,-9900,?,9,0.0,E,8,-9900,?,9,-9900,?,9,0.0,0.0,E,8
08/26/2020,06:00,0.0,1337.606,0.0,1,8,0.0,1,8,0.0,1,8,0.0,1,8,0.0,1,8,0.0,1,8,-0.0,1,8,-9900,?,9,-9900,?,9,15.31,E,8,12.61,E,8,83.0,E,8,964.3861999999999,E,8,999.0,E,8,0.99,E,8,-9900,?,9,-9900,?,9,0.0,E,8,-9900,?,9,-9900,?,9,0.0,0.0,E,8
08/26/2020,07:00,130.584,1337.606,0.0,1,8,0.0,1,8,0.0,1,8,0.0,1,8,0.0,1,8,0.0,1,8,0.0,1,8,-9900,?,9,-9900,?,9,15.13,E,8,12.59,E,8,84.0,E,8,964.3861999999999,E,8,999.0,E,8,1.3,E,8,-9900,?,9,-9900,?,9,0.0,E,8,-9900,?,9,-9900,?,9,0.0,0.0,E,8
08/26/2020,08:00,433.69,1337.606,82.96,1,8,0.0,1,8,82.96,1,8,9955.2,1,8,0.0,1,8,9125.6,1,8,81.647,1,8,-9900,?,9,-9900,?,9,14.95,E,8,12.57,E,8,85.0,E,8,964.3861999999999,E,8,999.0,E,8,2.3,E,8,-9900,?,9,-9900,?,9,0.0,E,8,-9900,?,9,-9900,?,9,0.0,0.0,E,8
08/26/2020,09:00,703.334,1337.606,261.37,1,8,66.905,1,8,226.217,1,8,31364.4,1,8,6355.955,1,8,24883.911,1,8,137.049,1,8,-9900,?,9,-9900,?,9,18.51,E,8,12.94,E,8,69.0,E,8,964.3861999999999,E,8,999.0,E,8,2.06,E,8,-9900,?,9,-9900,?,9,0.0,E,8,-9900,?,9,-9900,?,9,0.0,0.0,E,8
08/26/2020,10:00,919.494,1337.606,463.91,1,8,188.463,1,8,334.4,1,8,55669.2,1,8,17903.964,1,8,36783.98,1,8,154.895,1,8,-9900,?,9,-9900,?,9,20.52,E,8,13.14,E,8,62.0,E,8,964.3861999999999,E,8,999.0,E,8,2.35,E,8,-9900,?,9,-9900,?,9,0.0,E,8,-9900,?,9,-9900,?,9,0.0,0.0,E,8
08/26/2020,11:00,1067.241,1337.606,518.54,1,8,151.439,1,8,397.731,1,8,62224.8,1,8,14386.703,1,8,43750.42,1,8,158.701,1,8,-9900,?,9,-9900,?,9,21.8,E,8,13.27,E,8,58.0,E,8,964.3861999999999,E,8,999.0,E,8,2.91,E,8,-9900,?,9,-9900,?,9,0.0,E,8,-9900,?,9,-9900,?,9,0.0,0.0,E,8
08/26/2020,12:00,1136.449,1337.606,640.36,1,8,260.789,1,8,418.815,1,8,76843.2,1,8,24775.002,1,8,46069.606,1,8,156.928,1,8,-9900,?,9,-9900,?,9,23.08,E,8,13.4,E,8,54.0,E,8,964.3861999999999,E,8,999.0,E,8,2.52,E,8,-9900,?,9,-9900,?,9,0.0,E,8,-9900,?,9,-9900,?,9,0.0,0.0,E,8
08/26/2020,13:00,1122.386,1337.606,739.24,1,8,490.076,1,8,328.067,1,8,88708.8,1,8,46557.248,1,8,36087.421,1,8,124.467,1,8,-9900,?,9,-9900,?,9,24.27,E,8,13.51,E,8,51.0,E,8,964.3861999999999,E,8,999.0,E,8,2.79,E,8,-9900,?,9,-9900,?,9,0.0,E,8,-9900,?,9,-9900,?,9,0.0,0.0,E,8
08/26/2020,14:00,1026.014,1337.606,658.12,1,8,415.777,1,8,339.263,1,8,78974.4,1,8,39498.854,1,8,37318.89,1,8,140.816,1,8,-9900,?,9,-9900,?,9,24.88,E,8,13.57,E,8,49.0,E,8,964.3861999999999,E,8,999.0,E,8,1.66,E,8,-9900,?,9,-9900,?,9,0.0,E,8,-9900,?,9,-9900,?,9,0.0,0.0,E,8
08/26/2020,15:00,853.928,1337.606,542.45,1,8,500.085,1,8,223.332,1,8,65094.0,1,8,47508.104,1,8,24566.485,1,8,111.402,1,8,-9900,?,9,-9900,?,9,25.04,E,8,13.59,E,8,48.0,E,8,964.3861999999999,E,8,999.0,E,8,1.52,E,8,-9900,?,9,-9900,?,9,0.0,E,8,-9900,?,9,-9900,?,9,0.0,0.0,E,8
08/26/2020,16:00,617.942,1337.606,432.03,1,8,609.065,1,8,150.959,1,8,51843.6,1,8,57861.179,1,8,16605.529,1,8,104.126,1,8,-9900,?,9,-9900,?,9,24.82,E,8,13.57,E,8,49.0,E,8,964.3861999999999,E,8,999.0,E,8,1.53,E,8,-9900,?,9,-9900,?,9,0.0,E,8,-9900,?,9,-9900,?,9,0.0,0.0,E,8
08/26/2020,17:00,334.492,1337.606,274.15,1,8,605.741,1,8,123.324,1,8,32898.0,1,8,57545.365,1,8,13565.593,1,8,157.654,1,8,-9900,?,9,-9900,?,9,24.09,E,8,13.5,E,8,51.0,E,8,964.3861999999999,E,8,999.0,E,8,0.96,E,8,-9900,?,9,-9900,?,9,0.0,E,8,-9900,?,9,-9900,?,9,0.0,0.0,E,8
08/26/2020,18:00,29.021,1337.606,56.92,1,8,0.0,1,8,56.92,1,8,6830.4,1,8,0.0,1,8,6261.2,1,8,1194.538,1,8,-9900,?,9,-9900,?,9,22.8,E,8,13.37,E,8,55.0,E,8,964.3861999999999,E,8,999.0,E,8,0.9,E,8,-9900,?,9,-9900,?,9,0.0,E,8,-9900,?,9,-9900,?,9,0.0,0.0,E,8
08/26/2020,19:00,0.0,1337.606,0.0,1,8,0.0,1,8,0.0,1,8,0.0,1,8,0.0,1,8,0.0,1,8,-0.0,1,8,-9900,?,9,-9900,?,9,21.89,E,8,13.28,E,8,58.0,E,8,964.3861999999999,E,8,999.0,E,8,0.9,E,8,-9900,?,9,-9900,?,9,0.0,E,8,-9900,?,9,-9900,?,9,0.0,0.0,E,8
08/26/2020,20:00,0.0,1337.606,0.0,1,8,0.0,1,8,0.0,1,8,0.0,1,8,0.0,1,8,0.0,1,8,-0.0,1,8,-9900,?,9,-9900,?,9,20.98,E,8,13.19,E,8,61.0,E,8,964.3861999999999,E,8,999.0,E,8,0.9,E,8,-9900,?,9,-9900,?,9,0.0,E,8,-9900,?,9,-9900,?,9,0.0,0.0,E,8
08/26/2020,21:00,0.0,1337.606,0.0,1,8,0.0,1,8,0.0,1,8,0.0,1,8,0.0,1,8,0.0,1,8,-0.0,1,8,-9900,?,9,-9900,?,9,20.08,E,8,13.1,E,8,64.0,E,8,964.3861999999999,E,8,999.0,E,8,0.9,E,8,-9900,?,9,-9900,?,9,0.0,E,8,-9900,?,9,-9900,?,9,0.0,0.0,E,8
08/26/2020,22:00,0.0,1337.606,0.0,1,8,0.0,1,8,0.0,1,8,0.0,1,8,0.0,1,8,0.0,1,8,-0.0,1,8,-9900,?,9,-9900,?,9,19.17,E,8,13.0,E,8,67.0,E,8,964.3861999999999,E,8,999.0,E,8,0.9,E,8,-9900,?,9,-9900,?,9,0.0,E,8,-9900,?,9,-9900,?,9,0.0,0.0,E,8
08/26/2020,23:00,0.0,1337.606,0.0,1,8,0.0,1,8,0.0,1,8,0.0,1,8,0.0,1,8,0.0,1,8,-0.0,1,8,-9900,?,9,-9900,?,9,18.26,E,8,12.91,E,8,70.0,E,8,964.3861999999999,E,8,999.0,E,8,0.9,E,8,-9900,?,9,-9900,?,9,0.0,E,8,-9900,?,9,-9900,?,9,0.0,0.0,E,8
08/26/2020,24:00,0.0,1337.606,0.0,1,8,0.0,1,8,0.0,1,8,0.0,1,8,0.0,1,8,0.0,1,8,-0.0,1,8,-9900,?,9,-9900,?,9,17.35,E,8,12.23,E,8,71.0,E,8,964.3861999999999,E,8,999.0,E,8,0.54,E,8,-9900,?,9,-9900,?,9,0.0,E,8,-9900,?,9,-9900,?,9,0.0,0.0,E,8
08/27/2020,01:00,0.0,1337.606,0.0,1,8,0.0,1,8,0.0,1,8,0.0,1,8,0.0,1,8,0.0,1,8,-0.0,1,8,-9900,?,9,-9900,?,9,16.9,E,8,12.08,E,8,73.0,E,8,964.3861999999999,E,8,999.0,E,8,0.54,E,8,-9900,?,9,-9900,?,9,0.0,E,8,-9900,?,9,-9900,?,9,0.0,0.0,E,8
08/27/2020,02:00,0.0,1337.606,0.0,1,8,0.0,1,8,0.0,1,8,0.0,1,8,0.0,1,8,0.0,1,8,-0.0,1,8,-9900,?,9,-9900,?,9,16.45,E,8,11.93,E,8,74.0,E,8,964.3861999999999,E,8,999.0,E,8,0.54,E,8,-9900,?,9,-9900,?,9,0.0,E,8,-9900,?,9,-9900,?,9,0.0,0.0,E,8
08/27/2020,03:00,0.0,1337.606,0.0,1,8,0.0,1,8,0.0,1,8,0.0,1,8,0.0,1,8,0.0,1,8,-0.0,1,8,-9900,?,9,-9900,?,9,15.99,E,8,11.77,E,8,76.0,E,8,964.3861999999999,E,8,999.0,E,8,0.54,E,8,-9900,?,9,-9900,?,9,0.0,E,8,-9900,?,9,-9900,?,9,0.0,0.0,E,8
08/27/2020,04:00,0.0,1338.217,0.0,1,8,0.0,1,8,0.0,1,8,0.0,1,8,0.0,1,8,0.0,1,8,-0.0,1,8,-9900,?,9,-9900,?,9,15.54,E,8,11.62,E,8,77.0,E,8,964.3861999999999,E,8,999.0,E,8,0.54,E,8,-9900,?,9,-9900,?,9,0.0,E,8,-9900,?,9,-9900,?,9,0.0,0.0,E,8
08/27/2020,05:00,0.0,1338.217,0.0,1,8,0.0,1,8,0.0,1,8,0.0,1,8,0.0,1,8,0.0,1,8,-0.0,1,8,-9900,?,9,-9900,?,9,15.09,E,8,11.47,E,8,78.0,E,8,964.3861999999999,E,8,999.0,E,8,0.54,E,8,-9900,?,9,-9900,?,9,0.0,E,8,-9900,?,9,-9900,?,9,0.0,0.0,E,8
08/27/2020,06:00,0.0,1338.217,0.0,1,8,0.0,1,8,0.0,1,8,0.0,1,8,0.0,1,8,0.0,1,8,-0.0,1,8,-9900,?,9,-9900,?,9,14.73,E,8,11.34,E,8,80.0,E,8,964.3861999999999,E,8,999.0,E,8,0.54,E,8,-9900,?,9,-9900,?,9,0.0,E,8,-9900,?,9,-9900,?,9,0.0,0.0,E,8
08/27/2020,07:00,135.216,1338.217,0.0,1,8,0.0,1,8,0.0,1,8,0.0,1,8,0.0,1,8,0.0,1,8,0.0,1,8,-9900,?,9,-9900,?,9,14.43,E,8,11.24,E,8,81.0,E,8,964.3861999999999,E,8,999.0,E,8,0.54,E,8,-9900,?,9,-9900,?,9,0.0,E,8,-9900,?,9,-9900,?,9,0.0,0.0,E,8
08/27/2020,08:00,438.758,1338.217,41.99,1,8,0.0,1,8,41.99,1,8,5038.8,1,8,0.0,1,8,4618.9,1,8,40.864,1,8,-9900,?,9,-9900,?,9,14.14,E,8,11.14,E,8,82.0,E,8,964.3861999999999,E,8,999.0,E,8,0.54,E,8,-9900,?,9,-9900,?,9,0.0,E,8,-9900,?,9,-9900,?,9,0.0,0.0,E,8
08/27/2020,09:00,708.61,1338.217,283.6,1,8,88.334,1,8,236.861,1,8,34032.0,1,8,8391.759,1,8,26054.656,1,8,142.491,1,8,-9900,?,9,-9900,?,9,17.78,E,8,12.37,E,8,70.0,E,8,964.3861999999999,E,8,999.0,E,8,0.54,E,8,-9900,?,9,-9900,?,9,0.0,E,8,-9900,?,9,-9900,?,9,0.0,0.0,E,8
08/27/2020,10:00,924.809,1338.217,438.53,1,8,130.62,1,8,348.291,1,8,52623.6,1,8,12408.898,1,8,38311.979,1,8,160.474,1,8,-9900,?,9,-9900,?,9,19.84,E,8,13.02,E,8,64.0,E,8,964.3861999999999,E,8,999.0,E,8,0.57,E,8,-9900,?,9,-9900,?,9,0.0,E,8,-9900,?,9,-9900,?,9,0.0,0.0,E,8
08/27/2020,11:00,1072.426,1338.217,555.69,1,8,271.849,1,8,337.871,1,8,66682.8,1,8,25825.615,1,8,37165.759,1,8,134.224,1,8,-9900,?,9,-9900,?,9,21.52,E,8,13.54,E,8,60.0,E,8,964.3861999999999,E,8,999.0,E,8,0.83,E,8,-9900,?,9,-9900,?,9,0.0,E,8,-9900,?,9,-9900,?,9,0.0,0.0,E,8
08/27/2020,12:00,1141.346,1338.217,625.68,1,8,322.15,1,8,350.953,1,8,75081.6,1,8,30604.254,1,8,38604.847,1,8,130.995,1,8,-9900,?,9,-9900,?,9,22.85,E,8,13.94,E,8,57.0,E,8,964.3861999999999,E,8,999.0,E,8,2.05,E,8,-9900,?,9,-9900,?,9,0.0,E,8,-9900,?,9,-9900,?,9,0.0,0.0,E,8
08/27/2020,13:00,1126.856,1338.217,643.3,1,8,279.716,1,8,407.791,1,8,77196.0,1,8,26573.045,1,8,44857.034,1,8,154.17,1,8,-9900,?,9,-9900,?,9,23.79,E,8,14.22,E,8,54.0,E,8,964.3861999999999,E,8,999.0,E,8,1.89,E,8,-9900,?,9,-9900,?,9,0.0,E,8,-9900,?,9,-9900,?,9,0.0,0.0,E,8
08/27/2020,14:00,1029.947,1338.217,607.25,1,8,336.982,1,8,347.947,1,8,72870.0,1,8,32013.273,1,8,38274.206,1,8,143.934,1,8,-9900,?,9,-9900,?,9,24.36,E,8,14.38,E,8,53.0,E,8,964.3861999999999,E,8,999.0,E,8,3.44,E,8,-9900,?,9,-9900,?,9,0.0,E,8,-9900,?,9,-9900,?,9,0.0,0.0,E,8
08/27/2020,15:00,857.253,1338.217,520.18,1,8,408.544,1,8,258.58,1,8,62421.6,1,8,38811.698,1,8,28443.756,1,8,128.542,1,8,-9900,?,9,-9900,?,9,24.53,E,8,14.43,E,8,53.0,E,8,964.3861999999999,E,8,999.0,E,8,4.16,E,8,-9900,?,9,-9900,?,9,0.0,E,8,-9900,?,9,-9900,?,9,0.0,0.0,E,8
08/27/2020,16:00,620.628,1338.217,388.68,1,8,529.439,1,8,143.403,1,8,46641.6,1,8,50296.691,1,8,15774.278,1,8,98.529,1,8,-9900,?,9,-9900,?,9,24.21,E,8,14.34,E,8,54.0,E,8,964.3861999999999,E,8,999.0,E,8,3.27,E,8,-9900,?,9,-9900,?,9,0.0,E,8,-9900,?,9,-9900,?,9,0.0,0.0,E,8
08/27/2020,17:00,336.549,1338.217,223.96,1,8,472.49,1,8,105.637,1,8,26875.2,1,8,44886.553,1,8,11620.052,1,8,134.273,1,8,-9900,?,9,-9900,?,9,23.33,E,8,14.08,E,8,56.0,E,8,964.3861999999999,E,8,999.0,E,8,3.17,E,8,-9900,?,9,-9900,?,9,0.0,E,8,-9900,?,9,-9900,?,9,0.0,0.0,E,8
08/27/2020,18:00,30.371,1338.217,50.83,1,8,0.0,1,8,50.83,1,8,6099.6,1,8,0.0,1,8,5591.3,1,8,993.864,1,8,-9900,?,9,-9900,?,9,22.01,E,8,13.69,E,8,59.0,E,8,964.3861999999999,E,8,999.0,E,8,2.44,E,8,-9900,?,9,-9900,?,9,0.0,E,8,-9900,?,9,-9900,?,9,0.0,0.0,E,8
08/27/2020,19:00,0.0,1338.217,0.0,1,8,0.0,1,8,0.0,1,8,0.0,1,8,0.0,1,8,0.0,1,8,-0.0,1,8,-9900,?,9,-9900,?,9,21.25,E,8,13.46,E,8,61.0,E,8,964.3861999999999,E,8,999.0,E,8,2.4,E,8,-9900,?,9,-9900,?,9,0.0,E,8,-9900,?,9,-9900,?,9,0.0,0.0,E,8
08/27/2020,20:00,0.0,1338.217,0.0,1,8,0.0,1,8,0.0,1,8,0.0,1,8,0.0,1,8,0.0,1,8,-0.0,1,8,-9900,?,9,-9900,?,9,20.49,E,8,13.23,E,8,63.0,E,8,964.3861999999999,E,8,999.0,E,8,1.59,E,8,-9900,?,9,-9900,?,9,0.0,E,8,-9900,?,9,-9900,?,9,0.0,0.0,E,8
08/27/2020,21:00,0.0,1338.217,0.0,1,8,0.0,1,8,0.0,1,8,0.0,1,8,0.0,1,8,0.0,1,8,-0.0,1,8,-9900,?,9,-9900,?,9,19.74,E,8,12.99,E,8,65.0,E,8,964.3861999999999,E,8,999.0,E,8,0.91,E,8,-9900,?,9,-9900,?,9,0.0,E,8,-9900,?,9,-9900,?,9,0.0,0.0,E,8
08/27/2020,22:00,0.0,1338.217,0.0,1,8,0.0,1,8,0.0,1,8,0.0,1,8,0.0,1,8,0.0,1,8,-0.0,1,8,-9900,?,9,-9900,?,9,18.98,E,8,12.75,E,8,67.0,E,8,964.3861999999999,E,8,999.0,E,8,0.82,E,8,-9900,?,9,-9900,?,9,0.0,E,8,-9900,?,9,-9900,?,9,0.0,0.0,E,8
08/27/2020,23:00,0.0,1338.217,0.0,1,8,0.0,1,8,0.0,1,8,0.0,1,8,0.0,1,8,0.0,1,8,-0.0,1,8,-9900,?,9,-9900,?,9,18.22,E,8,12.51,E,8,69.0,E,8,964.3861999999999,E,8,999.0,E,8,0.76,E,8,-9900,?,9,-9900,?,9,0.0,E,8,-9900,?,9,-9900,?,9,0.0,0.0,E,8
08/27/2020,24:00,0.0,1338.217,0.0,1,8,0.0,1,8,0.0,1,8,0.0,1,8,0.0,1,8,0.0,1,8,-0.0,1,8,-9900,?,9,-9900,?,9,17.46,E,8,12.86,E,8,74.0,E,8,964.3861999999999,E,8,999.0,E,8,0.52,E,8,-9900,?,9,-9900,?,9,0.0,E,8,-9900,?,9,-9900,?,9,0.0,0.0,E,8
08/28/2020,01:00,0.0,1338.217,0.0,1,8,0.0,1,8,0.0,1,8,0.0,1,8,0.0,1,8,0.0,1,8,-0.0,1,8,-9900,?,9,-9900,?,9,17.08,E,8,12.82,E,8,76.0,E,8,964.3861999999999,E,8,999.0,E,8,0.52,E,8,-9900,?,9,-9900,?,9,0.0,E,8,-9900,?,9,-9900,?,9,0.0,0.0,E,8
08/28/2020,02:00,0.0,1338.217,0.0,1,8,0.0,1,8,0.0,1,8,0.0,1,8,0.0,1,8,0.0,1,8,-0.0,1,8,-9900,?,9,-9900,?,9,16.7,E,8,12.79,E,8,77.0,E,8,964.3861999999999,E,8,999.0,E,8,0.64,E,8,-9900,?,9,-9900,?,9,0.0,E,8,-9900,?,9,-9900,?,9,0.0,0.0,E,8
08/28/2020,03:00,0.0,1338.217,0.0,1,8,0.0,1,8,0.0,1,8,0.0,1,8,0.0,1,8,0.0,1,8,-0.0,1,8,-9900,?,9,-9900,?,9,16.33,E,8,12.75,E,8,79.0,E,8,964.3861999999999,E,8,999.0,E,8,0.88,E,8,-9900,?,9,-9900,?,9,0.0,E,8,-9900,?,9,-9900,?,9,0.0,0.0,E,8
08/28/2020,04:00,0.0,1338.837,0.0,1,8,0.0,1,8,0.0,1,8,0.0,1,8,0.0,1,8,0.0,1,8,-0.0,1,8,-9900,?,9,-9900,?,9,15.95,E,8,12.71,E,8,81.0,E,8,964.3861999999999,E,8,999.0,E,8,0.93,E,8,-9900,?,9,-9900,?,9,0.0,E,8,-9900,?,9,-9900,?,9,0.0,0.0,E,8
08/28/2020,05:00,0.0,1338.837,0.0,1,8,0.0,1,8,0.0,1,8,0.0,1,8,0.0,1,8,0.0,1,8,-0.0,1,8,-9900,?,9,-9900,?,9,15.57,E,8,12.68,E,8,82.0,E,8,964.3861999999999,E,8,999.0,E,8,0.99,E,8,-9900,?,9,-9900,?,9,0.0,E,8,-9900,?,9,-9900,?,9,0.0,0.0,E,8
08/28/2020,06:00,0.0,1338.837,0.0,1,8,0.0,1,8,0.0,1,8,0.0,1,8,0.0,1,8,0.0,1,8,-0.0,1,8,-9900,?,9,-9900,?,9,15.28,E,8,12.65,E,8,84.0,E,8,964.3861999999999,E,8,999.0,E,8,1.06,E,8,-9900,?,9,-9900,?,9,0.0,E,8,-9900,?,9,-9900,?,9,0.0,0.0,E,8
08/28/2020,07:00,139.912,1338.837,0.0,1,8,0.0,1,8,0.0,1,8,0.0,1,8,0.0,1,8,0.0,1,8,0.0,1,8,-9900,?,9,-9900,?,9,15.03,E,8,12.63,E,8,85.0,E,8,964.3861999999999,E,8,999.0,E,8,1.09,E,8,-9900,?,9,-9900,?,9,0.0,E,8,-9900,?,9,-9900,?,9,0.0,0.0,E,8
08/28/2020,08:00,443.876,1338.837,77.6,1,8,0.0,1,8,77.6,1,8,9312.0,1,8,0.0,1,8,8536.0,1,8,74.679,1,8,-9900,?,9,-9900,?,9,14.78,E,8,12.6,E,8,86.0,E,8,964.3861999999999,E,8,999.0,E,8,1.67,E,8,-9900,?,9,-9900,?,9,0.0,E,8,-9900,?,9,-9900,?,9,0.0,0.0,E,8
08/28/2020,09:00,713.925,1338.837,145.27,1,8,0.0,1,8,145.27,1,8,17432.4,1,8,0.0,1,8,15979.7,1,8,86.78,1,8,-9900,?,9,-9900,?,9,17.07,E,8,12.82,E,8,76.0,E,8,964.3861999999999,E,8,999.0,E,8,1.91,E,8,-9900,?,9,-9900,?,9,0.0,E,8,-9900,?,9,-9900,?,9,0.0,0.0,E,8
08/28/2020,10:00,930.149,1338.837,397.01,1,8,96.354,1,8,330.089,1,8,47641.2,1,8,9153.662,1,8,36309.835,1,8,151.284,1,8,-9900,?,9,-9900,?,9,19.03,E,8,13.01,E,8,68.0,E,8,964.3861999999999,E,8,999.0,E,8,1.78,E,8,-9900,?,9,-9900,?,9,0.0,E,8,-9900,?,9,-9900,?,9,0.0,0.0,E,8
08/28/2020,11:00,1077.623,1338.837,477.1,1,8,103.621,1,8,393.709,1,8,57252.0,1,8,9844.007,1,8,43308.007,1,8,155.724,1,8,-9900,?,9,-9900,?,9,20.42,E,8,13.14,E,8,62.0,E,8,964.3861999999999,E,8,999.0,E,8,1.81,E,8,-9900,?,9,-9900,?,9,0.0,E,8,-9900,?,9,-9900,?,9,0.0,0.0,E,8
08/28/2020,12:00,1146.243,1338.837,619.96,1,8,269.006,1,8,389.675,1,8,74395.2,1,8,25555.576,1,8,42864.302,1,8,144.894,1,8,-9900,?,9,-9900,?,9,21.84,E,8,13.27,E,8,58.0,E,8,964.3861999999999,E,8,999.0,E,8,1.67,E,8,-9900,?,9,-9900,?,9,0.0,E,8,-9900,?,9,-9900,?,9,0.0,0.0,E,8
08/28/2020,13:00,1131.316,1338.837,765.28,1,8,505.399,1,8,338.268,1,8,91833.6,1,8,48012.92,1,8,37209.519,1,8,127.44,1,8,-9900,?,9,-9900,?,9,23.29,E,8,13.4,E,8,53.0,E,8,964.3861999999999,E,8,999.0,E,8,1.29,E,8,-9900,?,9,-9900,?,9,0.0,E,8,-9900,?,9,-9900,?,9,0.0,0.0,E,8
08/28/2020,14:00,1033.864,1338.837,762.67,1,8,750.691,1,8,183.094,1,8,91520.4,1,8,71315.619,1,8,20140.341,1,8,75.487,1,8,-9900,?,9,-9900,?,9,24.32,E,8,13.5,E,8,50.0,E,8,964.3861999999999,E,8,999.0,E,8,1.91,E,8,-9900,?,9,-9900,?,9,0.0,E,8,-9900,?,9,-9900,?,9,0.0,0.0,E,8
08/28/2020,15:00,860.557,1338.837,654.97,1,8,821.004,1,8,127.477,1,8,78596.4,1,8,77995.387,1,8,14022.52,1,8,63.156,1,8,-9900,?,9,-9900,?,9,24.81,E,8,13.54,E,8,49.0,E,8,964.3861999999999,E,8,999.0,E,8,2.11,E,8,-9900,?,9,-9900,?,9,0.0,E,8,-9900,?,9,-9900,?,9,0.0,0.0,E,8
08/28/2020,16:00,623.292,1338.837,391.48,1,8,470.001,1,8,172.903,1,8,46977.6,1,8,44650.066,1,8,19019.369,1,8,118.345,1,8,-9900,?,9,-9900,?,9,24.44,E,8,13.51,E,8,50.0,E,8,964.3861999999999,E,8,999.0,E,8,2.91,E,8,-9900,?,9,-9900,?,9,0.0,E,8,-9900,?,9,-9900,?,9,0.0,0.0,E,8
08/28/2020,17:00,338.586,1338.837,283.36,1,8,480.133,1,8,162.445,1,8,34003.2,1,8,45612.682,1,8,17868.952,1,8,205.323,1,8,-9900,?,9,-9900,?,9,23.76,E,8,13.44,E,8,52.0,E,8,964.3861999999999,E,8,999.0,E,8,2.74,E,8,-9900,?,9,-9900,?,9,0.0,E,8,-9900,?,9,-9900,?,9,0.0,0.0,E,8
08/28/2020,18:00,31.712,1338.837,62.19,1,8,0.0,1,8,62.19,1,8,7462.8,1,8,0.0,1,8,6840.9,1,8,1139.033,1,8,-9900,?,9,-9900,?,9,22.5,E,8,13.33,E,8,56.0,E,8,964.3861999999999,E,8,999.0,E,8,2.3,E,8,-9900,?,9,-9900,?,9,0.0,E,8,-9900,?,9,-9900,?,9,0.0,0.0,E,8
08/28/2020,19:00,0.0,1338.837,0.0,1,8,0.0,1,8,0.0,1,8,0.0,1,8,0.0,1,8,0.0,1,8,-0.0,1,8,-9900,?,9,-9900,?,9,21.74,E,8,13.26,E,8,58.0,E,8,964.3861999999999,E,8,999.0,E,8,1.99,E,8,-9900,?,9,-9900,?,9,0.0,E,8,-9900,?,9,-9900,?,9,0.0,0.0,E,8
08/28/2020,20:00,0.0,1338.837,0.0,1,8,0.0,1,8,0.0,1,8,0.0,1,8,0.0,1,8,0.0,1,8,-0.0,1,8,-9900,?,9,-9900,?,9,20.97,E,8,13.19,E,8,61.0,E,8,964.3861999999999,E,8,999.0,E,8,0.95,E,8,-9900,?,9,-9900,?,9,0.0,E,8,-9900,?,9,-9900,?,9,0.0,0.0,E,8
08/28/2020,21:00,0.0,1338.837,0.0,1,8,0.0,1,8,0.0,1,8,0.0,1,8,0.0,1,8,0.0,1,8,-0.0,1,8,-9900,?,9,-9900,?,9,20.21,E,8,13.12,E,8,63.0,E,8,964.3861999999999,E,8,999.0,E,8,0.93,E,8,-9900,?,9,-9900,?,9,0.0,E,8,-9900,?,9,-9900,?,9,0.0,0.0,E,8
08/28/2020,22:00,0.0,1338.837,0.0,1,8,0.0,1,8,0.0,1,8,0.0,1,8,0.0,1,8,0.0,1,8,-0.0,1,8,-9900,?,9,-9900,?,9,19.44,E,8,13.04,E,8,66.0,E,8,964.3861999999999,E,8,999.0,E,8,0.73,E,8,-9900,?,9,-9900,?,9,0.0,E,8,-9900,?,9,-9900,?,9,0.0,0.0,E,8
08/28/2020,23:00,0.0,1338.837,0.0,1,8,0.0,1,8,0.0,1,8,0.0,1,8,0.0,1,8,0.0,1,8,-0.0,1,8,-9900,?,9,-9900,?,9,18.68,E,8,12.97,E,8,69.0,E,8,964.3861999999999,E,8,999.0,E,8,0.6,E,8,-9900,?,9,-9900,?,9,0.0,E,8,-9900,?,9,-9900,?,9,0.0,0.0,E,8
08/28/2020,24:00,0.0,1338.837,0.0,1,8,0.0,1,8,0.0,1,8,0.0,1,8,0.0,1,8,0.0,1,8,-0.0,1,8,-9900,?,9,-9900,?,9,17.91,E,8,12.33,E,8,69.0,E,8,964.3861999999999,E,8,999.0,E,8,0.74,E,8,-9900,?,9,-9900,?,9,0.0,E,8,-9900,?,9,-9900,?,9,0.0,0.0,E,8
08/29/2020,01:00,0.0,1338.837,0.0,1,8,0.0,1,8,0.0,1,8,0.0,1,8,0.0,1,8,0.0,1,8,-0.0,1,8,-9900,?,9,-9900,?,9,17.53,E,8,12.25,E,8,71.0,E,8,964.3861999999999,E,8,999.0,E,8,0.8,E,8,-9900,?,9,-9900,?,9,0.0,E,8,-9900,?,9,-9900,?,9,0.0,0.0,E,8
08/29/2020,02:00,0.0,1338.837,0.0,1,8,0.0,1,8,0.0,1,8,0.0,1,8,0.0,1,8,0.0,1,8,-0.0,1,8,-9900,?,9,-9900,?,9,17.15,E,8,12.18,E,8,72.0,E,8,964.3861999999999,E,8,999.0,E,8,1.01,E,8,-9900,?,9,-9900,?,9,0.0,E,8,-9900,?,9,-9900,?,9,0.0,0.0,E,8
08/29/2020,03:00,0.0,1338.837,0.0,1,8,0.0,1,8,0.0,1,8,0.0,1,8,0.0,1,8,0.0,1,8,-0.0,1,8,-9900,?,9,-9900,?,9,16.76,E,8,12.1,E,8,73.0,E,8,964.3861999999999,E,8,999.0,E,8,1.08,E,8,-9900,?,9,-9900,?,9,0.0,E,8,-9900,?,9,-9900,?,9,0.0,0.0,E,8
08/29/2020,04:00,0.0,1339.464,0.0,1,8,0.0,1,8,0.0,1,8,0.0,1,8,0.0,1,8,0.0,1,8,-0.0,1,8,-9900,?,9,-9900,?,9,16.38,E,8,12.02,E,8,75.0,E,8,964.3861999999999,E,8,999.0,E,8,1.91,E,8,-9900,?,9,-9900,?,9,0.0,E,8,-9900,?,9,-9900,?,9,0.0,0.0,E,8
08/29/2020,05:00,0.0,1339.464,0.0,1,8,0.0,1,8,0.0,1,8,0.0,1,8,0.0,1,8,0.0,1,8,-0.0,1,8,-9900,?,9,-9900,?,9,16.0,E,8,11.95,E,8,76.0,E,8,964.3861999999999,E,8,999.0,E,8,1.97,E,8,-9900,?,9,-9900,?,9,0.0,E,8,-9900,?,9,-9900,?,9,0.0,0.0,E,8
08/29/2020,06:00,0.0,1339.464,0.0,1,8,0.0,1,8,0.0,1,8,0.0,1,8,0.0,1,8,0.0,1,8,-0.0,1,8,-9900,?,9,-9900,?,9,15.7,E,8,11.89,E,8,78.0,E,8,964.3861999999999,E,8,999.0,E,8,2.06,E,8,-9900,?,9,-9900,?,9,0.0,E,8,-9900,?,9,-9900,?,9,0.0,0.0,E,8
08/29/2020,07:00,144.671,1339.464,0.0,1,8,0.0,1,8,0.0,1,8,0.0,1,8,0.0,1,8,0.0,1,8,0.0,1,8,-9900,?,9,-9900,?,9,15.45,E,8,11.84,E,8,79.0,E,8,964.3861999999999,E,8,999.0,E,8,1.84,E,8,-9900,?,9,-9900,?,9,0.0,E,8,-9900,?,9,-9900,?,9,0.0,0.0,E,8
08/29/2020,08:00,449.042,1339.464,83.2,1,8,0.0,1,8,83.2,1,8,9984.0,1,8,0.0,1,8,9152.0,1,8,79.179,1,8,-9900,?,9,-9900,?,9,15.2,E,8,11.78,E,8,80.0,E,8,964.3861999999999,E,8,999.0,E,8,2.01,E,8,-9900,?,9,-9900,?,9,0.0,E,8,-9900,?,9,-9900,?,9,0.0,0.0,E,8
08/29/2020,09:00,719.275,1339.464,297.53,1,8,104.063,1,8,241.69,1,8,35703.6,1,8,9886.007,1,8,26585.874,1,8,143.37,1,8,-9900,?,9,-9900,?,9,19.02,E,8,12.54,E,8,66.0,E,8,964.3861999999999,E,8,999.0,E,8,2.3,E,8,-9900,?,9,-9900,?,9,0.0,E,8,-9900,?,9,-9900,?,9,0.0,0.0,E,8
08/29/2020,10:00,935.512,1339.464,385.41,1,8,73.595,1,8,334.025,1,8,46249.2,1,8,6991.534,1,8,36742.792,1,8,152.281,1,8,-9900,?,9,-9900,?,9,20.33,E,8,12.79,E,8,61.0,E,8,964.3861999999999,E,8,999.0,E,8,1.91,E,8,-9900,?,9,-9900,?,9,0.0,E,8,-9900,?,9,-9900,?,9,0.0,0.0,E,8
08/29/2020,11:00,1082.831,1339.464,515.76,1,8,170.813,1,8,377.695,1,8,61891.2,1,8,16227.247,1,8,41546.474,1,8,148.741,1,8,-9900,?,9,-9900,?,9,21.64,E,8,13.04,E,8,58.0,E,8,964.3861999999999,E,8,999.0,E,8,2.15,E,8,-9900,?,9,-9900,?,9,0.0,E,8,-9900,?,9,-9900,?,9,0.0,0.0,E,8
08/29/2020,12:00,1151.138,1339.464,666.34,1,8,287.016,1,8,419.703,1,8,79960.8,1,8,27266.534,1,8,46167.374,1,8,155.468,1,8,-9900,?,9,-9900,?,9,23.03,E,8,13.3,E,8,54.0,E,8,964.3861999999999,E,8,999.0,E,8,2.13,E,8,-9900,?,9,-9900,?,9,0.0,E,8,-9900,?,9,-9900,?,9,0.0,0.0,E,8
08/29/2020,13:00,1135.765,1339.464,587.1,1,8,184.23,1,8,430.905,1,8,70452.0,1,8,17501.806,1,8,47399.575,1,8,161.78,1,8,-9900,?,9,-9900,?,9,23.69,E,8,13.42,E,8,52.0,E,8,964.3861999999999,E,8,999.0,E,8,1.54,E,8,-9900,?,9,-9900,?,9,0.0,E,8,-9900,?,9,-9900,?,9,0.0,0.0,E,8
08/29/2020,14:00,1037.762,1339.464,585.58,1,8,274.797,1,8,372.721,1,8,70269.6,1,8,26105.674,1,8,40999.266,1,8,153.162,1,8,-9900,?,9,-9900,?,9,24.16,E,8,13.51,E,8,51.0,E,8,964.3861999999999,E,8,999.0,E,8,2.22,E,8,-9900,?,9,-9900,?,9,0.0,E,8,-9900,?,9,-9900,?,9,0.0,0.0,E,8
08/29/2020,15:00,863.839,1339.464,684.1,1,8,598.078,1,8,298.551,1,8,82092.0,1,8,56817.377,1,8,32840.576,1,8,147.416,1,8,-9900,?,9,-9900,?,9,24.75,E,8,13.62,E,8,49.0,E,8,964.3861999999999,E,8,999.0,E,8,2.63,E,8,-9900,?,9,-9900,?,9,0.0,E,8,-9900,?,9,-9900,?,9,0.0,0.0,E,8
08/29/2020,16:00,625.933,1339.464,448.24,1,8,690.937,1,8,125.702,1,8,53788.8,1,8,65638.974,1,8,13827.271,1,8,85.714,1,8,-9900,?,9,-9900,?,9,24.65,E,8,13.6,E,8,50.0,E,8,964.3861999999999,E,8,999.0,E,8,1.64,E,8,-9900,?,9,-9900,?,9,0.0,E,8,-9900,?,9,-9900,?,9,0.0,0.0,E,8
08/29/2020,17:00,340.603,1339.464,285.95,1,8,481.21,1,8,164.093,1,8,34314.0,1,8,45714.946,1,8,18050.267,1,8,206.265,1,8,-9900,?,9,-9900,?,9,24.01,E,8,13.48,E,8,51.0,E,8,964.3861999999999,E,8,999.0,E,8,1.64,E,8,-9900,?,9,-9900,?,9,0.0,E,8,-9900,?,9,-9900,?,9,0.0,0.0,E,8
08/29/2020,18:00,33.043,1339.464,40.61,1,8,0.0,1,8,40.61,1,8,4873.2,1,8,0.0,1,8,4467.1,1,8,699.964,1,8,-9900,?,9,-9900,?,9,22.73,E,8,13.24,E,8,55.0,E,8,964.3861999999999,E,8,999.0,E,8,1.07,E,8,-9900,?,9,-9900,?,9,0.0,E,8,-9900,?,9,-9900,?,9,0.0,0.0,E,8
08/29/2020,19:00,0.0,1339.464,0.0,1,8,0.0,1,8,0.0,1,8,0.0,1,8,0.0,1,8,0.0,1,8,-0.0,1,8,-9900,?,9,-9900,?,9,21.81,E,8,13.07,E,8,57.0,E,8,964.3861999999999,E,8,999.0,E,8,0.69,E,8,-9900,?,9,-9900,?,9,0.0,E,8,-9900,?,9,-9900,?,9,0.0,0.0,E,8
08/29/2020,20:00,0.0,1339.464,0.0,1,8,0.0,1,8,0.0,1,8,0.0,1,8,0.0,1,8,0.0,1,8,-0.0,1,8,-9900,?,9,-9900,?,9,20.89,E,8,12.9,E,8,60.0,E,8,964.3861999999999,E,8,999.0,E,8,0.69,E,8,-9900,?,9,-9900,?,9,0.0,E,8,-9900,?,9,-9900,?,9,0.0,0.0,E,8
08/29/2020,21:00,0.0,1339.464,0.0,1,8,0.0,1,8,0.0,1,8,0.0,1,8,0.0,1,8,0.0,1,8,-0.0,1,8,-9900,?,9,-9900,?,9,19.98,E,8,12.73,E,8,62.0,E,8,964.3861999999999,E,8,999.0,E,8,0.69,E,8,-9900,?,9,-9900,?,9,0.0,E,8,-9900,?,9,-9900,?,9,0.0,0.0,E,8
08/29/2020,22:00,0.0,1339.464,0.0,1,8,0.0,1,8,0.0,1,8,0.0,1,8,0.0,1,8,0.0,1,8,-0.0,1,8,-9900,?,9,-9900,?,9,19.06,E,8,12.55,E,8,65.0,E,8,964.3861999999999,E,8,999.0,E,8,0.69,E,8,-9900,?,9,-9900,?,9,0.0,E,8,-9900,?,9,-9900,?,9,0.0,0.0,E,8
08/29/2020,23:00,0.0,1339.464,0.0,1,8,0.0,1,8,0.0,1,8,0.0,1,8,0.0,1,8,0.0,1,8,-0.0,1,8,-9900,?,9,-9900,?,9,18.14,E,8,12.37,E,8,69.0,E,8,964.3861999999999,E,8,999.0,E,8,0.69,E,8,-9900,?,9,-9900,?,9,0.0,E,8,-9900,?,9,-9900,?,9,0.0,0.0,E,8
08/29/2020,24:00,0.0,1339.464,0.0,1,8,0.0,1,8,0.0,1,8,0.0,1,8,0.0,1,8,0.0,1,8,-0.0,1,8,-9900,?,9,-9900,?,9,17.22,E,8,10.76,E,8,65.0,E,8,964.3861999999999,E,8,999.0,E,8,0.92,E,8,-9900,?,9,-9900,?,9,0.0,E,8,-9900,?,9,-9900,?,9,0.0,0.0,E,8
08/30/2020,01:00,0.0,1339.464,0.0,1,8,0.0,1,8,0.0,1,8,0.0,1,8,0.0,1,8,0.0,1,8,-0.0,1,8,-9900,?,9,-9900,?,9,16.76,E,8,10.69,E,8,67.0,E,8,964.3861999999999,E,8,999.0,E,8,0.92,E,8,-9900,?,9,-9900,?,9,0.0,E,8,-9900,?,9,-9900,?,9,0.0,0.0,E,8
08/30/2020,02:00,0.0,1339.464,0.0,1,8,0.0,1,8,0.0,1,8,0.0,1,8,0.0,1,8,0.0,1,8,-0.0,1,8,-9900,?,9,-9900,?,9,16.3,E,8,10.62,E,8,69.0,E,8,964.3861999999999,E,8,999.0,E,8,0.92,E,8,-9900,?,9,-9900,?,9,0.0,E,8,-9900,?,9,-9900,?,9,0.0,0.0,E,8
08/30/2020,03:00,0.0,1339.464,0.0,1,8,0.0,1,8,0.0,1,8,0.0,1,8,0.0,1,8,0.0,1,8,-0.0,1,8,-9900,?,9,-9900,?,9,15.84,E,8,10.55,E,8,70.0,E,8,964.3861999999999,E,8,999.0,E,8,0.92,E,8,-9900,?,9,-9900,?,9,0.0,E,8,-9900,?,9,-9900,?,9,0.0,0.0,E,8
08/30/2020,04:00,0.0,1340.101,0.0,1,8,0.0,1,8,0.0,1,8,0.0,1,8,0.0,1,8,0.0,1,8,-0.0,1,8,-9900,?,9,-9900,?,9,15.39,E,8,10.48,E,8,72.0,E,8,964.3861999999999,E,8,999.0,E,8,0.92,E,8,-9900,?,9,-9900,?,9,0.0,E,8,-9900,?,9,-9900,?,9,0.0,0.0,E,8
08/30/2020,05:00,0.0,1340.101,0.0,1,8,0.0,1,8,0.0,1,8,0.0,1,8,0.0,1,8,0.0,1,8,-0.0,1,8,-9900,?,9,-9900,?,9,14.93,E,8,10.41,E,8,74.0,E,8,964.3861999999999,E,8,999.0,E,8,0.92,E,8,-9900,?,9,-9900,?,9,0.0,E,8,-9900,?,9,-9900,?,9,0.0,0.0,E,8
08/30/2020,06:00,0.0,1340.101,0.0,1,8,0.0,1,8,0.0,1,8,0.0,1,8,0.0,1,8,0.0,1,8,-0.0,1,8,-9900,?,9,-9900,?,9,14.57,E,8,10.35,E,8,75.0,E,8,964.3861999999999,E,8,999.0,E,8,0.92,E,8,-9900,?,9,-9900,?,9,0.0,E,8,-9900,?,9,-9900,?,9,0.0,0.0,E,8
08/30/2020,07:00,149.489,1340.101,0.0,1,8,0.0,1,8,0.0,1,8,0.0,1,8,0.0,1,8,0.0,1,8,0.0,1,8,-9900,?,9,-9900,?,9,14.27,E,8,10.31,E,8,77.0,E,8,964.3861999999999,E,8,999.0,E,8,0.92,E,8,-9900,?,9,-9900,?,9,0.0,E,8,-9900,?,9,-9900,?,9,0.0,0.0,E,8
08/30/2020,08:00,454.253,1340.101,126.49,1,8,12.808,1,8,122.158,1,8,15178.8,1,8,1216.798,1,8,13437.384,1,8,114.969,1,8,-9900,?,9,-9900,?,9,13.97,E,8,10.26,E,8,78.0,E,8,964.3861999999999,E,8,999.0,E,8,0.92,E,8,-9900,?,9,-9900,?,9,0.0,E,8,-9900,?,9,-9900,?,9,0.0,0.0,E,8
08/30/2020,09:00,724.657,1340.101,373.0,1,8,242.506,1,8,241.958,1,8,44760.0,1,8,23038.11,1,8,26615.372,1,8,142.529,1,8,-9900,?,9,-9900,?,9,19.18,E,8,11.06,E,8,59.0,E,8,964.3861999999999,E,8,999.0,E,8,0.92,E,8,-9900,?,9,-9900,?,9,0.0,E,8,-9900,?,9,-9900,?,9,0.0,0.0,E,8
08/30/2020,10:00,940.894,1340.101,467.27,1,8,154.776,1,8,358.634,1,8,56072.4,1,8,14703.675,1,8,39449.723,1,8,162.641,1,8,-9900,?,9,-9900,?,9,20.69,E,8,11.28,E,8,54.0,E,8,964.3861999999999,E,8,999.0,E,8,0.92,E,8,-9900,?,9,-9900,?,9,0.0,E,8,-9900,?,9,-9900,?,9,0.0,0.0,E,8
08/30/2020,11:00,1088.045,1340.101,586.41,1,8,313.937,1,8,331.559,1,8,70369.2,1,8,29824.058,1,8,36471.481,1,8,130.007,1,8,-9900,?,9,-9900,?,9,22.07,E,8,11.48,E,8,51.0,E,8,964.3861999999999,E,8,999.0,E,8,1.18,E,8,-9900,?,9,-9900,?,9,0.0,E,8,-9900,?,9,-9900,?,9,0.0,0.0,E,8
08/30/2020,12:00,1156.029,1340.101,662.29,1,8,275.251,1,8,424.87,1,8,79474.8,1,8,26148.876,1,8,46735.717,1,8,156.79,1,8,-9900,?,9,-9900,?,9,23.22,E,8,11.65,E,8,48.0,E,8,964.3861999999999,E,8,999.0,E,8,1.9,E,8,-9900,?,9,-9900,?,9,0.0,E,8,-9900,?,9,-9900,?,9,0.0,0.0,E,8
08/30/2020,13:00,1140.2,1340.101,793.65,1,8,529.076,1,8,343.546,1,8,95238.0,1,8,50262.177,1,8,37790.096,1,8,128.541,1,8,-9900,?,9,-9900,?,9,24.43,E,8,11.83,E,8,45.0,E,8,964.3861999999999,E,8,999.0,E,8,2.21,E,8,-9900,?,9,-9900,?,9,0.0,E,8,-9900,?,9,-9900,?,9,0.0,0.0,E,8
08/30/2020,14:00,1041.64,1340.101,611.9,1,8,337.002,1,8,350.003,1,8,73428.0,1,8,32015.237,1,8,38500.379,1,8,143.359,1,8,-9900,?,9,-9900,?,9,24.76,E,8,11.87,E,8,44.0,E,8,964.3861999999999,E,8,999.0,E,8,1.81,E,8,-9900,?,9,-9900,?,9,0.0,E,8,-9900,?,9,-9900,?,9,0.0,0.0,E,8
08/30/2020,15:00,867.097,1340.101,491.35,1,8,311.012,1,8,290.195,1,8,58962.0,1,8,29546.119,1,8,31921.493,1,8,142.819,1,8,-9900,?,9,-9900,?,9,24.65,E,8,11.86,E,8,44.0,E,8,964.3861999999999,E,8,999.0,E,8,2.0,E,8,-9900,?,9,-9900,?,9,0.0,E,8,-9900,?,9,-9900,?,9,0.0,0.0,E,8
08/30/2020,16:00,628.55,1340.101,420.17,1,8,594.296,1,8,141.715,1,8,50420.4,1,8,56458.109,1,8,15588.634,1,8,96.275,1,8,-9900,?,9,-9900,?,9,24.28,E,8,11.8,E,8,45.0,E,8,964.3861999999999,E,8,999.0,E,8,2.99,E,8,-9900,?,9,-9900,?,9,0.0,E,8,-9900,?,9,-9900,?,9,0.0,0.0,E,8
08/30/2020,17:00,342.6,1340.101,235.65,1,8,611.154,1,8,80.047,1,8,28278.0,1,8,58059.666,1,8,8805.13,1,8,100.075,1,8,-9900,?,9,-9900,?,9,23.33,E,8,11.67,E,8,47.0,E,8,964.3861999999999,E,8,999.0,E,8,2.95,E,8,-9900,?,9,-9900,?,9,0.0,E,8,-9900,?,9,-9900,?,9,0.0,0.0,E,8
08/30/2020,18:00,34.367,1340.101,64.05,1,8,0.0,1,8,64.05,1,8,7686.0,1,8,0.0,1,8,7045.5,1,8,1043.142,1,8,-9900,?,9,-9900,?,9,22.0,E,8,11.47,E,8,51.0,E,8,964.3861999999999,E,8,999.0,E,8,3.39,E,8,-9900,?,9,-9900,?,9,0.0,E,8,-9900,?,9,-9900,?,9,0.0,0.0,E,8
08/30/2020,19:00,0.0,1340.101,0.0,1,8,0.0,1,8,0.0,1,8,0.0,1,8,0.0,1,8,0.0,1,8,-0.0,1,8,-9900,?,9,-9900,?,9,21.07,E,8,11.34,E,8,53.0,E,8,964.3861999999999,E,8,999.0,E,8,1.16,E,8,-9900,?,9,-9900,?,9,0.0,E,8,-9900,?,9,-9900,?,9,0.0,0.0,E,8
08/30/2020,20:00,0.0,1340.101,0.0,1,8,0.0,1,8,0.0,1,8,0.0,1,8,0.0,1,8,0.0,1,8,-0.0,1,8,-9900,?,9,-9900,?,9,20.15,E,8,11.2,E,8,56.0,E,8,964.3861999999999,E,8,999.0,E,8,1.2,E,8,-9900,?,9,-9900,?,9,0.0,E,8,-9900,?,9,-9900,?,9,0.0,0.0,E,8
08/30/2020,21:00,0.0,1340.101,0.0,1,8,0.0,1,8,0.0,1,8,0.0,1,8,0.0,1,8,0.0,1,8,-0.0,1,8,-9900,?,9,-9900,?,9,19.23,E,8,11.07,E,8,59.0,E,8,964.3861999999999,E,8,999.0,E,8,0.92,E,8,-9900,?,9,-9900,?,9,0.0,E,8,-9900,?,9,-9900,?,9,0.0,0.0,E,8
08/30/2020,22:00,0.0,1340.101,0.0,1,8,0.0,1,8,0.0,1,8,0.0,1,8,0.0,1,8,0.0,1,8,-0.0,1,8,-9900,?,9,-9900,?,9,18.31,E,8,10.93,E,8,62.0,E,8,964.3861999999999,E,8,999.0,E,8,0.92,E,8,-9900,?,9,-9900,?,9,0.0,E,8,-9900,?,9,-9900,?,9,0.0,0.0,E,8
08/30/2020,23:00,0.0,1340.101,0.0,1,8,0.0,1,8,0.0,1,8,0.0,1,8,0.0,1,8,0.0,1,8,-0.0,1,8,-9900,?,9,-9900,?,9,17.39,E,8,10.79,E,8,65.0,E,8,964.3861999999999,E,8,999.0,E,8,0.92,E,8,-9900,?,9,-9900,?,9,0.0,E,8,-9900,?,9,-9900,?,9,0.0,0.0,E,8
08/30/2020,24:00,0.0,1340.101,0.0,1,8,0.0,1,8,0.0,1,8,0.0,1,8,0.0,1,8,0.0,1,8,-0.0,1,8,-9900,?,9,-9900,?,9,16.47,E,8,9.95,E,8,65.0,E,8,964.3861999999999,E,8,999.0,E,8,0.92,E,8,-9900,?,9,-9900,?,9,0.0,E,8,-9900,?,9,-9900,?,9,0.0,0.0,E,8
08/31/2020,01:00,0.0,1340.101,0.0,1,8,0.0,1,8,0.0,1,8,0.0,1,8,0.0,1,8,0.0,1,8,-0.0,1,8,-9900,?,9,-9900,?,9,16.01,E,8,9.8,E,8,66.0,E,8,964.3861999999999,E,8,999.0,E,8,0.92,E,8,-9900,?,9,-9900,?,9,0.0,E,8,-9900,?,9,-9900,?,9,0.0,0.0,E,8
08/31/2020,02:00,0.0,1340.101,0.0,1,8,0.0,1,8,0.0,1,8,0.0,1,8,0.0,1,8,0.0,1,8,-0.0,1,8,-9900,?,9,-9900,?,9,15.55,E,8,9.65,E,8,67.0,E,8,964.3861999999999,E,8,999.0,E,8,0.92,E,8,-9900,?,9,-9900,?,9,0.0,E,8,-9900,?,9,-9900,?,9,0.0,0.0,E,8
08/31/2020,03:00,0.0,1340.101,0.0,1,8,0.0,1,8,0.0,1,8,0.0,1,8,0.0,1,8,0.0,1,8,-0.0,1,8,-9900,?,9,-9900,?,9,15.09,E,8,9.5,E,8,69.0,E,8,964.3861999999999,E,8,999.0,E,8,0.92,E,8,-9900,?,9,-9900,?,9,0.0,E,8,-9900,?,9,-9900,?,9,0.0,0.0,E,8
08/31/2020,04:00,0.0,1340.745,0.0,1,8,0.0,1,8,0.0,1,8,0.0,1,8,0.0,1,8,0.0,1,8,-0.0,1,8,-9900,?,9,-9900,?,9,14.62,E,8,9.35,E,8,70.0,E,8,964.3861999999999,E,8,999.0,E,8,0.92,E,8,-9900,?,9,-9900,?,9,0.0,E,8,-9900,?,9,-9900,?,9,0.0,0.0,E,8
08/31/2020,05:00,0.0,1340.745,0.0,1,8,0.0,1,8,0.0,1,8,0.0,1,8,0.0,1,8,0.0,1,8,-0.0,1,8,-9900,?,9,-9900,?,9,14.16,E,8,9.2,E,8,72.0,E,8,964.3861999999999,E,8,999.0,E,8,0.92,E,8,-9900,?,9,-9900,?,9,0.0,E,8,-9900,?,9,-9900,?,9,0.0,0.0,E,8
08/31/2020,06:00,0.0,1340.745,0.0,1,8,0.0,1,8,0.0,1,8,0.0,1,8,0.0,1,8,0.0,1,8,-0.0,1,8,-9900,?,9,-9900,?,9,13.81,E,8,9.08,E,8,73.0,E,8,964.3861999999999,E,8,999.0,E,8,0.92,E,8,-9900,?,9,-9900,?,9,0.0,E,8,-9900,?,9,-9900,?,9,0.0,0.0,E,8
08/31/2020,07:00,154.363,1340.745,0.0,1,8,0.0,1,8,0.0,1,8,0.0,1,8,0.0,1,8,0.0,1,8,0.0,1,8,-9900,?,9,-9900,?,9,13.5,E,8,8.98,E,8,74.0,E,8,964.3861999999999,E,8,999.0,E,8,0.92,E,8,-9900,?,9,-9900,?,9,0.0,E,8,-9900,?,9,-9900,?,9,0.0,0.0,E,8
08/31/2020,08:00,459.505,1340.745,158.69,1,8,66.54,1,8,135.935,1,8,19042.8,1,8,6321.317,1,8,14952.822,1,8,126.527,1,8,-9900,?,9,-9900,?,9,13.2,E,8,8.88,E,8,75.0,E,8,964.3861999999999,E,8,999.0,E,8,0.92,E,8,-9900,?,9,-9900,?,9,0.0,E,8,-9900,?,9,-9900,?,9,0.0,0.0,E,8
08/31/2020,09:00,730.069,1340.745,384.36,1,8,263.946,1,8,240.735,1,8,46123.2,1,8,25074.882,1,8,26480.809,1,8,140.823,1,8,-9900,?,9,-9900,?,9,19.06,E,8,10.74,E,8,58.0,E,8,964.3861999999999,E,8,999.0,E,8,0.92,E,8,-9900,?,9,-9900,?,9,0.0,E,8,-9900,?,9,-9900,?,9,0.0,0.0,E,8
08/31/2020,10:00,946.292,1340.745,537.88,1,8,302.946,1,8,324.125,1,8,64545.6,1,8,28779.858,1,8,35653.781,1,8,146.222,1,8,-9900,?,9,-9900,?,9,20.97,E,8,11.31,E,8,53.0,E,8,964.3861999999999,E,8,999.0,E,8,0.92,E,8,-9900,?,9,-9900,?,9,0.0,E,8,-9900,?,9,-9900,?,9,0.0,0.0,E,8
08/31/2020,11:00,1093.263,1340.745,692.77,1,8,443.395,1,8,331.273,1,8,83132.4,1,8,42122.525,1,8,36440.012,1,8,129.337,1,8,-9900,?,9,-9900,?,9,22.77,E,8,11.82,E,8,50.0,E,8,964.3861999999999,E,8,999.0,E,8,0.92,E,8,-9900,?,9,-9900,?,9,0.0,E,8,-9900,?,9,-9900,?,9,0.0,0.0,E,8
08/31/2020,12:00,1160.913,1340.745,744.69,1,8,383.505,1,8,412.656,1,8,89362.8,1,8,36432.967,1,8,45392.202,1,8,151.715,1,8,-9900,?,9,-9900,?,9,24.07,E,8,12.18,E,8,47.0,E,8,964.3861999999999,E,8,999.0,E,8,1.08,E,8,-9900,?,9,-9900,?,9,0.0,E,8,-9900,?,9,-9900,?,9,0.0,0.0,E,8
08/31/2020,13:00,1144.619,1340.745,726.23,1,8,431.764,1,8,357.665,1,8,87147.6,1,8,41017.583,1,8,39343.16,1,8,133.37,1,8,-9900,?,9,-9900,?,9,24.87,E,8,12.4,E,8,45.0,E,8,964.3861999999999,E,8,999.0,E,8,1.53,E,8,-9900,?,9,-9900,?,9,0.0,E,8,-9900,?,9,-9900,?,9,0.0,0.0,E,8
08/31/2020,14:00,1045.497,1340.745,622.15,1,8,352.883,1,8,347.028,1,8,74658.0,1,8,33523.841,1,8,38173.132,1,8,141.684,1,8,-9900,?,9,-9900,?,9,25.12,E,8,12.47,E,8,45.0,E,8,964.3861999999999,E,8,999.0,E,8,2.12,E,8,-9900,?,9,-9900,?,9,0.0,E,8,-9900,?,9,-9900,?,9,0.0,0.0,E,8
08/31/2020,15:00,870.331,1340.745,560.7,1,8,520.584,1,8,222.904,1,8,67284.0,1,8,49455.481,1,8,24519.47,1,8,109.347,1,8,-9900,?,9,-9900,?,9,25.14,E,8,12.48,E,8,45.0,E,8,964.3861999999999,E,8,999.0,E,8,1.84,E,8,-9900,?,9,-9900,?,9,0.0,E,8,-9900,?,9,-9900,?,9,0.0,0.0,E,8
08/31/2020,16:00,631.145,1340.745,402.7,1,8,516.824,1,8,159.659,1,8,48324.0,1,8,49098.318,1,8,17562.472,1,8,108.07,1,8,-9900,?,9,-9900,?,9,24.53,E,8,12.31,E,8,46.0,E,8,964.3861999999999,E,8,999.0,E,8,1.59,E,8,-9900,?,9,-9900,?,9,0.0,E,8,-9900,?,9,-9900,?,9,0.0,0.0,E,8
08/31/2020,17:00,344.578,1340.745,230.96,1,8,605.228,1,8,76.043,1,8,27715.2,1,8,57496.656,1,8,8364.755,1,8,94.565,1,8,-9900,?,9,-9900,?,9,23.41,E,8,12.0,E,8,48.0,E,8,964.3861999999999,E,8,999.0,E,8,1.6,E,8,-9900,?,9,-9900,?,9,0.0,E,8,-9900,?,9,-9900,?,9,0.0,0.0,E,8
08/31/2020,18:00,35.682,1340.745,136.472,1,8,0.0,1,8,136.472,1,8,16376.64,1,8,0.0,1,8,15011.92,1,8,2107.597,1,8,-9900,?,9,-9900,?,9,22.182,E,8,11.648,E,8,50.6,E,8,964.3861999999999,E,8,999.0,E,8,1.578,E,8,-9900,?,9,-9900,?,9,0.0,E,8,-9900,?,9,-9900,?,9,0.0,0.0,E,8
08/31/2020,19:00,0.0,1340.745,55.932,1,8,0.0,1,8,0.0,1,8,6711.84,1,8,0.0,1,8,0.0,1,8,-0.0,1,8,-9900,?,9,-9900,?,9,21.118,E,8,11.344,E,8,53.0,E,8,964.3861999999999,E,8,999.0,E,8,1.586,E,8,-9900,?,9,-9900,?,9,0.0,E,8,-9900,?,9,-9900,?,9,0.0,0.0,E,8
08/31/2020,20:00,0.0,1340.745,9.74,1,8,0.0,1,8,0.0,1,8,1168.8,1,8,0.0,1,8,0.0,1,8,-0.0,1,8,-9900,?,9,-9900,?,9,20.1,E,8,11.048,E,8,55.4,E,8,964.3861999999999,E,8,999.0,E,8,1.828,E,8,-9900,?,9,-9900,?,9,0.0,E,8,-9900,?,9,-9900,?,9,0.0,0.0,E,8
08/31/2020,21:00,0.0,1340.745,0.0,1,8,0.0,1,8,0.0,1,8,0.0,1,8,0.0,1,8,0.0,1,8,-0.0,1,8,-9900,?,9,-9900,?,9,19.21,E,8,10.784,E,8,57.6,E,8,964.3861999999999,E,8,999.0,E,8,2.218,E,8,-9900,?,9,-9900,?,9,0.0,E,8,-9900,?,9,-9900,?,9,0.0,0.0,E,8
08/31/2020,22:00,0.0,1340.745,0.0,1,8,0.0,1,8,0.0,1,8,0.0,1,8,0.0,1,8,0.0,1,8,-0.0,1,8,-9900,?,9,-9900,?,9,17.946,E,8,10.592,E,8,62.0,E,8,964.3861999999999,E,8,999.0,E,8,2.21,E,8,-9900,?,9,-9900,?,9,0.0,E,8,-9900,?,9,-9900,?,9,0.0,0.0,E,8
08/31/2020,23:00,0.0,1340.745,0.0,1,8,0.0,1,8,0.0,1,8,0.0,1,8,0.0,1,8,0.0,1,8,-0.0,1,8,-9900,?,9,-9900,?,9,16.778,E,8,10.426,E,8,66.2,E,8,964.3861999999999,E,8,999.0,E,8,2.208,E,8,-9900,?,9,-9900,?,9,0.0,E,8,-9900,?,9,-9900,?,9,0.0,0.0,E,8
08/31/2012,24:00,0.0,1340.745,0.0,1,8,0.0,1,8,0.0,1,8,0.0,1,8,0.0,1,8,0.0,1,8,-0.0,1,8,-9900,?,9,-9900,?,9,15.704,E,8,10.286,E,8,70.2,E,8,964.3861999999999,E,8,999.0,E,8,2.168,E,8,-9900,?,9,-9900,?,9,0.0,E,8,-9900,?,9,-9900,?,9,0.0,0.0,E,8
09/01/2012,01:00,0.0,1340.745,0.0,1,8,0.0,1,8,0.0,1,8,0.0,1,8,0.0,1,8,0.0,1,8,-0.0,1,8,-9900,?,9,-9900,?,9,14.726,E,8,10.176,E,8,74.0,E,8,964.3861999999999,E,8,999.0,E,8,1.892,E,8,-9900,?,9,-9900,?,9,0.0,E,8,-9900,?,9,-9900,?,9,0.0,0.0,E,8
09/01/2012,02:00,0.0,1340.745,0.0,1,8,0.0,1,8,0.0,1,8,0.0,1,8,0.0,1,8,0.0,1,8,-0.0,1,8,-9900,?,9,-9900,?,9,13.842,E,8,10.092,E,8,77.8,E,8,964.3861999999999,E,8,999.0,E,8,1.43,E,8,-9900,?,9,-9900,?,9,0.0,E,8,-9900,?,9,-9900,?,9,0.0,0.0,E,8
09/01/2012,03:00,0.0,1340.745,0.0,1,8,0.0,1,8,0.0,1,8,0.0,1,8,0.0,1,8,0.0,1,8,-0.0,1,8,-9900,?,9,-9900,?,9,13.426,E,8,9.962,E,8,79.2,E,8,964.3861999999999,E,8,999.0,E,8,1.43,E,8,-9900,?,9,-9900,?,9,0.0,E,8,-9900,?,9,-9900,?,9,0.0,0.0,E,8
09/01/2012,04:00,0.0,1341.397,0.0,1,8,0.0,1,8,0.0,1,8,0.0,1,8,0.0,1,8,0.0,1,8,-0.0,1,8,-9900,?,9,-9900,?,9,13.028,E,8,9.838,E,8,80.6,E,8,964.3861999999999,E,8,999.0,E,8,1.43,E,8,-9900,?,9,-9900,?,9,0.0,E,8,-9900,?,9,-9900,?,9,0.0,0.0,E,8
09/01/2012,05:00,0.0,1341.397,0.0,1,8,0.0,1,8,0.0,1,8,0.0,1,8,0.0,1,8,0.0,1,8,-0.0,1,8,-9900,?,9,-9900,?,9,12.66,E,8,9.722,E,8,81.8,E,8,964.3861999999999,E,8,999.0,E,8,1.43,E,8,-9900,?,9,-9900,?,9,0.0,E,8,-9900,?,9,-9900,?,9,0.0,0.0,E,8
09/01/2012,06:00,0.0,1341.397,0.0,1,8,0.0,1,8,0.0,1,8,0.0,1,8,0.0,1,8,0.0,1,8,-0.0,1,8,-9900,?,9,-9900,?,9,12.27,E,8,9.6,E,8,83.0,E,8,964.3861999999999,E,8,999.0,E,8,1.43,E,8,-9900,?,9,-9900,?,9,0.0,E,8,-9900,?,9,-9900,?,9,0.0,0.0,E,8
09/01/2012,07:00,159.072,1341.397,0.0,1,8,0.0,1,8,0.0,1,8,0.0,1,8,0.0,1,8,0.0,1,8,0.0,1,8,-9900,?,9,-9900,?,9,12.0,E,8,9.51,E,8,84.0,E,8,964.3861999999999,E,8,999.0,E,8,1.43,E,8,-9900,?,9,-9900,?,9,0.0,E,8,-9900,?,9,-9900,?,9,0.0,0.0,E,8
09/01/2012,08:00,464.561,1341.397,175.71,1,8,101.543,1,8,140.618,1,8,21085.2,1,8,9646.548,1,8,15467.971,1,8,129.518,1,8,-9900,?,9,-9900,?,9,11.73,E,8,9.42,E,8,85.0,E,8,964.3861999999999,E,8,999.0,E,8,1.43,E,8,-9900,?,9,-9900,?,9,0.0,E,8,-9900,?,9,-9900,?,9,0.0,0.0,E,8
09/01/2012,09:00,735.261,1341.397,328.31,1,8,129.498,1,8,257.377,1,8,39397.2,1,8,12302.268,1,8,28311.443,1,8,149.565,1,8,-9900,?,9,-9900,?,9,17.3,E,8,11.14,E,8,67.0,E,8,964.3861999999999,E,8,999.0,E,8,1.43,E,8,-9900,?,9,-9900,?,9,0.0,E,8,-9900,?,9,-9900,?,9,0.0,0.0,E,8
09/01/2012,10:00,951.455,1341.397,522.55,1,8,265.858,1,8,334.031,1,8,62706.0,1,8,25256.507,1,8,36743.443,1,8,149.945,1,8,-9900,?,9,-9900,?,9,19.3,E,8,11.72,E,8,61.0,E,8,964.3861999999999,E,8,999.0,E,8,1.43,E,8,-9900,?,9,-9900,?,9,0.0,E,8,-9900,?,9,-9900,?,9,0.0,0.0,E,8
09/01/2012,11:00,1098.234,1341.397,645.06,1,8,318.78,1,8,384.105,1,8,77407.2,1,8,30284.143,1,8,42251.502,1,8,149.357,1,8,-9900,?,9,-9900,?,9,20.98,E,8,12.18,E,8,57.0,E,8,964.3861999999999,E,8,999.0,E,8,1.43,E,8,-9900,?,9,-9900,?,9,0.0,E,8,-9900,?,9,-9900,?,9,0.0,0.0,E,8
09/01/2012,12:00,1165.546,1341.397,656.8,1,8,265.499,1,8,426.129,1,8,78816.0,1,8,25222.406,1,8,46874.154,1,8,156.121,1,8,-9900,?,9,-9900,?,9,22.03,E,8,12.47,E,8,54.0,E,8,964.3861999999999,E,8,999.0,E,8,1.43,E,8,-9900,?,9,-9900,?,9,0.0,E,8,-9900,?,9,-9900,?,9,0.0,0.0,E,8
09/01/2012,13:00,1148.79,1341.397,745.46,1,8,452.267,1,8,358.174,1,8,89455.2,1,8,42965.333,1,8,39399.162,1,8,133.14,1,8,-9900,?,9,-9900,?,9,23.06,E,8,12.75,E,8,52.0,E,8,964.3861999999999,E,8,999.0,E,8,1.43,E,8,-9900,?,9,-9900,?,9,0.0,E,8,-9900,?,9,-9900,?,9,0.0,0.0,E,8
09/01/2012,14:00,1049.114,1341.397,747.64,1,8,657.342,1,8,233.625,1,8,89716.8,1,8,62447.452,1,8,25698.787,1,8,95.101,1,8,-9900,?,9,-9900,?,9,23.81,E,8,12.94,E,8,50.0,E,8,964.3861999999999,E,8,999.0,E,8,1.43,E,8,-9900,?,9,-9900,?,9,0.0,E,8,-9900,?,9,-9900,?,9,0.0,0.0,E,8
09/01/2012,15:00,873.341,1341.397,642.44,1,8,764.76,1,8,144.727,1,8,77092.8,1,8,72652.225,1,8,15920.021,1,8,70.786,1,8,-9900,?,9,-9900,?,9,24.08,E,8,13.01,E,8,49.0,E,8,964.3861999999999,E,8,999.0,E,8,1.43,E,8,-9900,?,9,-9900,?,9,0.0,E,8,-9900,?,9,-9900,?,9,0.0,0.0,E,8
09/01/2012,16:00,633.535,1341.397,368.92,1,8,405.697,1,8,177.506,1,8,44270.4,1,8,38541.255,1,8,19525.677,1,8,119.755,1,8,-9900,?,9,-9900,?,9,23.29,E,8,12.81,E,8,51.0,E,8,964.3861999999999,E,8,999.0,E,8,1.43,E,8,-9900,?,9,-9900,?,9,0.0,E,8,-9900,?,9,-9900,?,9,0.0,0.0,E,8
09/01/2012,17:00,346.377,1341.397,168.8,1,8,294.882,1,8,92.961,1,8,20256.0,1,8,28013.754,1,8,10225.672,1,8,115.054,1,8,-9900,?,9,-9900,?,9,21.9,E,8,12.43,E,8,54.0,E,8,964.3861999999999,E,8,999.0,E,8,1.43,E,8,-9900,?,9,-9900,?,9,0.0,E,8,-9900,?,9,-9900,?,9,0.0,0.0,E,8
09/01/2012,18:00,36.86,1341.397,61.37,1,8,0.0,1,8,61.37,1,8,7364.4,1,8,0.0,1,8,6750.7,1,8,905.984,1,8,-9900,?,9,-9900,?,9,20.4,E,8,12.02,E,8,58.0,E,8,964.3861999999999,E,8,999.0,E,8,1.43,E,8,-9900,?,9,-9900,?,9,0.0,E,8,-9900,?,9,-9900,?,9,0.0,0.0,E,8
09/01/2012,19:00,0.0,1341.397,0.0,1,8,0.0,1,8,0.0,1,8,0.0,1,8,0.0,1,8,0.0,1,8,-0.0,1,8,-9900,?,9,-9900,?,9,19.58,E,8,11.79,E,8,60.0,E,8,964.3861999999999,E,8,999.0,E,8,1.43,E,8,-9900,?,9,-9900,?,9,0.0,E,8,-9900,?,9,-9900,?,9,0.0,0.0,E,8
09/01/2012,20:00,0.0,1341.397,0.0,1,8,0.0,1,8,0.0,1,8,0.0,1,8,0.0,1,8,0.0,1,8,-0.0,1,8,-9900,?,9,-9900,?,9,18.76,E,8,11.56,E,8,62.0,E,8,964.3861999999999,E,8,999.0,E,8,1.43,E,8,-9900,?,9,-9900,?,9,0.0,E,8,-9900,?,9,-9900,?,9,0.0,0.0,E,8
09/01/2012,21:00,0.0,1341.397,0.0,1,8,0.0,1,8,0.0,1,8,0.0,1,8,0.0,1,8,0.0,1,8,-0.0,1,8,-9900,?,9,-9900,?,9,17.94,E,8,11.33,E,8,65.0,E,8,964.3861999999999,E,8,999.0,E,8,1.43,E,8,-9900,?,9,-9900,?,9,0.0,E,8,-9900,?,9,-9900,?,9,0.0,0.0,E,8
09/01/2012,22:00,0.0,1341.397,0.0,1,8,0.0,1,8,0.0,1,8,0.0,1,8,0.0,1,8,0.0,1,8,-0.0,1,8,-9900,?,9,-9900,?,9,17.12,E,8,11.09,E,8,67.0,E,8,964.3861999999999,E,8,999.0,E,8,1.43,E,8,-9900,?,9,-9900,?,9,0.0,E,8,-9900,?,9,-9900,?,9,0.0,0.0,E,8
09/01/2012,23:00,0.0,1341.397,0.0,1,8,0.0,1,8,0.0,1,8,0.0,1,8,0.0,1,8,0.0,1,8,-0.0,1,8,-9900,?,9,-9900,?,9,16.3,E,8,10.84,E,8,70.0,E,8,964.3861999999999,E,8,999.0,E,8,1.43,E,8,-9900,?,9,-9900,?,9,0.0,E,8,-9900,?,9,-9900,?,9,0.0,0.0,E,8
09/01/2012,24:00,0.0,1341.397,0.0,1,8,0.0,1,8,0.0,1,8,0.0,1,8,0.0,1,8,0.0,1,8,-0.0,1,8,-9900,?,9,-9900,?,9,15.48,E,8,11.2,E,8,75.0,E,8,964.3861999999999,E,8,999.0,E,8,1.43,E,8,-9900,?,9,-9900,?,9,0.0,E,8,-9900,?,9,-9900,?,9,0.0,0.0,E,8
09/02/2012,01:00,0.0,1341.397,0.0,1,8,0.0,1,8,0.0,1,8,0.0,1,8,0.0,1,8,0.0,1,8,-0.0,1,8,-9900,?,9,-9900,?,9,15.07,E,8,11.1,E,8,77.0,E,8,964.3861999999999,E,8,999.0,E,8,1.43,E,8,-9900,?,9,-9900,?,9,0.0,E,8,-9900,?,9,-9900,?,9,0.0,0.0,E,8
09/02/2012,02:00,0.0,1341.397,0.0,1,8,0.0,1,8,0.0,1,8,0.0,1,8,0.0,1,8,0.0,1,8,-0.0,1,8,-9900,?,9,-9900,?,9,14.66,E,8,10.99,E,8,78.0,E,8,964.3861999999999,E,8,999.0,E,8,1.43,E,8,-9900,?,9,-9900,?,9,0.0,E,8,-9900,?,9,-9900,?,9,0.0,0.0,E,8
09/02/2012,03:00,0.0,1341.397,0.0,1,8,0.0,1,8,0.0,1,8,0.0,1,8,0.0,1,8,0.0,1,8,-0.0,1,8,-9900,?,9,-9900,?,9,14.25,E,8,10.88,E,8,80.0,E,8,964.3861999999999,E,8,999.0,E,8,1.43,E,8,-9900,?,9,-9900,?,9,0.0,E,8,-9900,?,9,-9900,?,9,0.0,0.0,E,8
09/02/2012,04:00,0.0,1342.057,0.0,1,8,0.0,1,8,0.0,1,8,0.0,1,8,0.0,1,8,0.0,1,8,-0.0,1,8,-9900,?,9,-9900,?,9,13.84,E,8,10.78,E,8,81.0,E,8,964.3861999999999,E,8,999.0,E,8,1.43,E,8,-9900,?,9,-9900,?,9,0.0,E,8,-9900,?,9,-9900,?,9,0.0,0.0,E,8
09/02/2012,05:00,0.0,1342.057,0.0,1,8,0.0,1,8,0.0,1,8,0.0,1,8,0.0,1,8,0.0,1,8,-0.0,1,8,-9900,?,9,-9900,?,9,13.43,E,8,10.67,E,8,83.0,E,8,964.3861999999999,E,8,999.0,E,8,1.43,E,8,-9900,?,9,-9900,?,9,0.0,E,8,-9900,?,9,-9900,?,9,0.0,0.0,E,8
09/02/2012,06:00,0.0,1342.057,0.0,1,8,0.0,1,8,0.0,1,8,0.0,1,8,0.0,1,8,0.0,1,8,-0.0,1,8,-9900,?,9,-9900,?,9,13.11,E,8,10.59,E,8,84.0,E,8,964.3861999999999,E,8,999.0,E,8,1.43,E,8,-9900,?,9,-9900,?,9,0.0,E,8,-9900,?,9,-9900,?,9,0.0,0.0,E,8
09/02/2012,07:00,164.046,1342.057,0.12,1,8,0.0,1,8,0.12,1,8,14.4,1,8,0.0,1,8,13.2,1,8,0.318,1,8,-9900,?,9,-9900,?,9,12.84,E,8,10.51,E,8,85.0,E,8,964.3861999999999,E,8,999.0,E,8,1.43,E,8,-9900,?,9,-9900,?,9,0.0,E,8,-9900,?,9,-9900,?,9,0.0,0.0,E,8
09/02/2012,08:00,469.886,1342.057,148.38,1,8,62.535,1,8,126.53,1,8,17805.6,1,8,5940.842,1,8,13918.345,1,8,115.273,1,8,-9900,?,9,-9900,?,9,12.57,E,8,10.44,E,8,86.0,E,8,964.3861999999999,E,8,999.0,E,8,1.43,E,8,-9900,?,9,-9900,?,9,0.0,E,8,-9900,?,9,-9900,?,9,0.0,0.0,E,8
09/02/2012,09:00,740.72,1342.057,367.69,1,8,209.279,1,8,252.26,1,8,44122.8,1,8,19881.467,1,8,27748.633,1,8,145.582,1,8,-9900,?,9,-9900,?,9,18.02,E,8,11.83,E,8,67.0,E,8,964.3861999999999,E,8,999.0,E,8,1.43,E,8,-9900,?,9,-9900,?,9,0.0,E,8,-9900,?,9,-9900,?,9,0.0,0.0,E,8
09/02/2012,10:00,956.875,1342.057,514.54,1,8,221.932,1,8,356.349,1,8,61744.8,1,8,21083.564,1,8,39198.397,1,8,159.135,1,8,-9900,?,9,-9900,?,9,19.82,E,8,12.27,E,8,61.0,E,8,964.3861999999999,E,8,999.0,E,8,1.43,E,8,-9900,?,9,-9900,?,9,0.0,E,8,-9900,?,9,-9900,?,9,0.0,0.0,E,8
09/02/2012,11:00,1103.452,1342.057,631.49,1,8,293.802,1,8,389.957,1,8,75778.8,1,8,27911.191,1,8,42895.297,1,8,150.989,1,8,-9900,?,9,-9900,?,9,21.34,E,8,12.63,E,8,57.0,E,8,964.3861999999999,E,8,999.0,E,8,1.43,E,8,-9900,?,9,-9900,?,9,0.0,E,8,-9900,?,9,-9900,?,9,0.0,0.0,E,8
09/02/2012,12:00,1170.411,1342.057,729.35,1,8,406.422,1,8,374.941,1,8,87522.0,1,8,38610.078,1,8,41243.552,1,8,136.863,1,8,-9900,?,9,-9900,?,9,22.66,E,8,12.93,E,8,54.0,E,8,964.3861999999999,E,8,999.0,E,8,1.43,E,8,-9900,?,9,-9900,?,9,0.0,E,8,-9900,?,9,-9900,?,9,0.0,0.0,E,8
09/02/2012,13:00,1153.175,1342.057,811.53,1,8,575.43,1,8,317.137,1,8,97383.6,1,8,54665.889,1,8,34885.1,1,8,117.495,1,8,-9900,?,9,-9900,?,9,23.84,E,8,13.2,E,8,51.0,E,8,964.3861999999999,E,8,999.0,E,8,1.43,E,8,-9900,?,9,-9900,?,9,0.0,E,8,-9900,?,9,-9900,?,9,0.0,0.0,E,8
09/02/2012,14:00,1052.927,1342.057,727.98,1,8,619.301,1,8,242.189,1,8,87357.6,1,8,58833.564,1,8,26640.808,1,8,98.278,1,8,-9900,?,9,-9900,?,9,24.42,E,8,13.33,E,8,50.0,E,8,964.3861999999999,E,8,999.0,E,8,1.43,E,8,-9900,?,9,-9900,?,9,0.0,E,8,-9900,?,9,-9900,?,9,0.0,0.0,E,8
09/02/2012,15:00,876.528,1342.057,613.47,1,8,707.031,1,8,151.874,1,8,73616.4,1,8,67167.912,1,8,16706.141,1,8,74.047,1,8,-9900,?,9,-9900,?,9,24.56,E,8,13.36,E,8,49.0,E,8,964.3861999999999,E,8,999.0,E,8,1.43,E,8,-9900,?,9,-9900,?,9,0.0,E,8,-9900,?,9,-9900,?,9,0.0,0.0,E,8
09/02/2012,16:00,636.086,1342.057,377.92,1,8,432.803,1,8,172.994,1,8,45350.4,1,8,41116.249,1,8,19029.364,1,8,116.299,1,8,-9900,?,9,-9900,?,9,23.8,E,8,13.19,E,8,51.0,E,8,964.3861999999999,E,8,999.0,E,8,1.43,E,8,-9900,?,9,-9900,?,9,0.0,E,8,-9900,?,9,-9900,?,9,0.0,0.0,E,8
09/02/2012,17:00,348.322,1342.057,198.95,1,8,436.091,1,8,86.214,1,8,23874.0,1,8,41428.67,1,8,9483.593,1,8,106.157,1,8,-9900,?,9,-9900,?,9,22.55,E,8,12.91,E,8,54.0,E,8,964.3861999999999,E,8,999.0,E,8,1.43,E,8,-9900,?,9,-9900,?,9,0.0,E,8,-9900,?,9,-9900,?,9,0.0,0.0,E,8
09/02/2012,18:00,38.165,1342.057,45.83,1,8,0.0,1,8,45.83,1,8,5499.6,1,8,0.0,1,8,5041.3,1,8,645.141,1,8,-9900,?,9,-9900,?,9,21.03,E,8,12.56,E,8,58.0,E,8,964.3861999999999,E,8,999.0,E,8,1.43,E,8,-9900,?,9,-9900,?,9,0.0,E,8,-9900,?,9,-9900,?,9,0.0,0.0,E,8
09/02/2012,19:00,0.0,1342.057,0.0,1,8,0.0,1,8,0.0,1,8,0.0,1,8,0.0,1,8,0.0,1,8,-0.0,1,8,-9900,?,9,-9900,?,9,20.11,E,8,12.34,E,8,60.0,E,8,964.3861999999999,E,8,999.0,E,8,1.43,E,8,-9900,?,9,-9900,?,9,0.0,E,8,-9900,?,9,-9900,?,9,0.0,0.0,E,8
09/02/2012,20:00,0.0,1342.057,0.0,1,8,0.0,1,8,0.0,1,8,0.0,1,8,0.0,1,8,0.0,1,8,-0.0,1,8,-9900,?,9,-9900,?,9,19.2,E,8,12.12,E,8,63.0,E,8,964.3861999999999,E,8,999.0,E,8,1.43,E,8,-9900,?,9,-9900,?,9,0.0,E,8,-9900,?,9,-9900,?,9,0.0,0.0,E,8
09/02/2012,21:00,0.0,1342.057,0.0,1,8,0.0,1,8,0.0,1,8,0.0,1,8,0.0,1,8,0.0,1,8,-0.0,1,8,-9900,?,9,-9900,?,9,18.28,E,8,11.9,E,8,66.0,E,8,964.3861999999999,E,8,999.0,E,8,1.43,E,8,-9900,?,9,-9900,?,9,0.0,E,8,-9900,?,9,-9900,?,9,0.0,0.0,E,8
09/02/2012,22:00,0.0,1342.057,0.0,1,8,0.0,1,8,0.0,1,8,0.0,1,8,0.0,1,8,0.0,1,8,-0.0,1,8,-9900,?,9,-9900,?,9,17.36,E,8,11.67,E,8,69.0,E,8,964.3861999999999,E,8,999.0,E,8,1.43,E,8,-9900,?,9,-9900,?,9,0.0,E,8,-9900,?,9,-9900,?,9,0.0,0.0,E,8
09/02/2012,23:00,0.0,1342.057,0.0,1,8,0.0,1,8,0.0,1,8,0.0,1,8,0.0,1,8,0.0,1,8,-0.0,1,8,-9900,?,9,-9900,?,9,16.44,E,8,11.44,E,8,72.0,E,8,964.3861999999999,E,8,999.0,E,8,1.43,E,8,-9900,?,9,-9900,?,9,0.0,E,8,-9900,?,9,-9900,?,9,0.0,0.0,E,8
09/02/2012,24:00,0.0,1342.057,0.0,1,8,0.0,1,8,0.0,1,8,0.0,1,8,0.0,1,8,0.0,1,8,-0.0,1,8,-9900,?,9,-9900,?,9,15.53,E,8,10.1,E,8,70.0,E,8,964.3861999999999,E,8,999.0,E,8,0.89,E,8,-9900,?,9,-9900,?,9,0.0,E,8,-9900,?,9,-9900,?,9,0.0,0.0,E,8
09/03/2012,01:00,0.0,1342.057,0.0,1,8,0.0,1,8,0.0,1,8,0.0,1,8,0.0,1,8,0.0,1,8,-0.0,1,8,-9900,?,9,-9900,?,9,15.07,E,8,10.01,E,8,71.0,E,8,964.3861999999999,E,8,999.0,E,8,0.89,E,8,-9900,?,9,-9900,?,9,0.0,E,8,-9900,?,9,-9900,?,9,0.0,0.0,E,8
09/03/2012,02:00,0.0,1342.057,0.0,1,8,0.0,1,8,0.0,1,8,0.0,1,8,0.0,1,8,0.0,1,8,-0.0,1,8,-9900,?,9,-9900,?,9,14.61,E,8,9.93,E,8,73.0,E,8,964.3861999999999,E,8,999.0,E,8,0.89,E,8,-9900,?,9,-9900,?,9,0.0,E,8,-9900,?,9,-9900,?,9,0.0,0.0,E,8
09/03/2012,03:00,0.0,1342.057,0.0,1,8,0.0,1,8,0.0,1,8,0.0,1,8,0.0,1,8,0.0,1,8,-0.0,1,8,-9900,?,9,-9900,?,9,14.15,E,8,9.84,E,8,75.0,E,8,964.3861999999999,E,8,999.0,E,8,0.89,E,8,-9900,?,9,-9900,?,9,0.0,E,8,-9900,?,9,-9900,?,9,0.0,0.0,E,8
09/03/2012,04:00,0.0,1342.724,0.0,1,8,0.0,1,8,0.0,1,8,0.0,1,8,0.0,1,8,0.0,1,8,-0.0,1,8,-9900,?,9,-9900,?,9,13.69,E,8,9.76,E,8,77.0,E,8,964.3861999999999,E,8,999.0,E,8,0.89,E,8,-9900,?,9,-9900,?,9,0.0,E,8,-9900,?,9,-9900,?,9,0.0,0.0,E,8
09/03/2012,05:00,0.0,1342.724,0.0,1,8,0.0,1,8,0.0,1,8,0.0,1,8,0.0,1,8,0.0,1,8,-0.0,1,8,-9900,?,9,-9900,?,9,13.23,E,8,9.67,E,8,79.0,E,8,964.3861999999999,E,8,999.0,E,8,0.89,E,8,-9900,?,9,-9900,?,9,0.0,E,8,-9900,?,9,-9900,?,9,0.0,0.0,E,8
09/03/2012,06:00,0.0,1342.724,0.0,1,8,0.0,1,8,0.0,1,8,0.0,1,8,0.0,1,8,0.0,1,8,-0.0,1,8,-9900,?,9,-9900,?,9,12.88,E,8,9.61,E,8,80.0,E,8,964.3861999999999,E,8,999.0,E,8,0.89,E,8,-9900,?,9,-9900,?,9,0.0,E,8,-9900,?,9,-9900,?,9,0.0,0.0,E,8
09/03/2012,07:00,169.069,1342.724,0.41,1,8,0.0,1,8,0.41,1,8,49.2,1,8,0.0,1,8,45.1,1,8,1.054,1,8,-9900,?,9,-9900,?,9,12.57,E,8,9.55,E,8,81.0,E,8,964.3861999999999,E,8,999.0,E,8,0.89,E,8,-9900,?,9,-9900,?,9,0.0,E,8,-9900,?,9,-9900,?,9,0.0,0.0,E,8
09/03/2012,08:00,475.243,1342.724,158.08,1,8,83.221,1,8,128.684,1,8,18969.6,1,8,7906.029,1,8,14155.279,1,8,115.965,1,8,-9900,?,9,-9900,?,9,12.27,E,8,9.49,E,8,83.0,E,8,964.3861999999999,E,8,999.0,E,8,0.89,E,8,-9900,?,9,-9900,?,9,0.0,E,8,-9900,?,9,-9900,?,9,0.0,0.0,E,8
09/03/2012,09:00,746.199,1342.724,378.31,1,8,216.591,1,8,258.021,1,8,45397.2,1,8,20576.189,1,8,28382.362,1,8,147.885,1,8,-9900,?,9,-9900,?,9,18.1,E,8,10.56,E,8,61.0,E,8,964.3861999999999,E,8,999.0,E,8,0.89,E,8,-9900,?,9,-9900,?,9,0.0,E,8,-9900,?,9,-9900,?,9,0.0,0.0,E,8
09/03/2012,10:00,962.304,1342.724,572.02,1,8,355.518,1,8,317.298,1,8,68642.4,1,8,33774.214,1,8,34902.788,1,8,140.966,1,8,-9900,?,9,-9900,?,9,20.31,E,8,10.94,E,8,54.0,E,8,964.3861999999999,E,8,999.0,E,8,0.89,E,8,-9900,?,9,-9900,?,9,0.0,E,8,-9900,?,9,-9900,?,9,0.0,0.0,E,8
09/03/2012,11:00,1108.666,1342.724,702.31,1,8,439.94,1,8,339.109,1,8,84277.2,1,8,41794.265,1,8,37301.96,1,8,130.748,1,8,-9900,?,9,-9900,?,9,22.12,E,8,11.25,E,8,50.0,E,8,964.3861999999999,E,8,999.0,E,8,0.89,E,8,-9900,?,9,-9900,?,9,0.0,E,8,-9900,?,9,-9900,?,9,0.0,0.0,E,8
09/03/2012,12:00,1175.262,1342.724,763.41,1,8,452.03,1,8,367.792,1,8,91609.2,1,8,42942.841,1,8,40457.122,1,8,133.765,1,8,-9900,?,9,-9900,?,9,23.47,E,8,11.48,E,8,46.0,E,8,964.3861999999999,E,8,999.0,E,8,0.92,E,8,-9900,?,9,-9900,?,9,0.0,E,8,-9900,?,9,-9900,?,9,0.0,0.0,E,8
09/03/2012,13:00,1157.54,1342.724,783.28,1,8,504.319,1,8,348.559,1,8,93993.6,1,8,47910.273,1,8,38341.531,1,8,128.713,1,8,-9900,?,9,-9900,?,9,24.44,E,8,11.64,E,8,44.0,E,8,964.3861999999999,E,8,999.0,E,8,1.13,E,8,-9900,?,9,-9900,?,9,0.0,E,8,-9900,?,9,-9900,?,9,0.0,0.0,E,8
09/03/2012,14:00,1056.716,1342.724,743.1,1,8,656.899,1,8,226.217,1,8,89172.0,1,8,62405.444,1,8,24883.915,1,8,91.513,1,8,-9900,?,9,-9900,?,9,25.01,E,8,11.74,E,8,43.0,E,8,964.3861999999999,E,8,999.0,E,8,1.22,E,8,-9900,?,9,-9900,?,9,0.0,E,8,-9900,?,9,-9900,?,9,0.0,0.0,E,8
09/03/2012,15:00,879.691,1342.724,631.74,1,8,765.627,1,8,130.332,1,8,75808.8,1,8,72734.585,1,8,14336.54,1,8,63.347,1,8,-9900,?,9,-9900,?,9,25.14,E,8,11.76,E,8,43.0,E,8,964.3861999999999,E,8,999.0,E,8,1.97,E,8,-9900,?,9,-9900,?,9,0.0,E,8,-9900,?,9,-9900,?,9,0.0,0.0,E,8
09/03/2012,16:00,638.614,1342.724,469.99,1,8,645.737,1,8,163.177,1,8,56398.8,1,8,61345.004,1,8,17949.516,1,8,109.318,1,8,-9900,?,9,-9900,?,9,24.64,E,8,11.67,E,8,44.0,E,8,964.3861999999999,E,8,999.0,E,8,2.66,E,8,-9900,?,9,-9900,?,9,0.0,E,8,-9900,?,9,-9900,?,9,0.0,0.0,E,8
09/03/2012,17:00,350.25,1342.724,266.89,1,8,616.807,1,8,106.627,1,8,32026.8,1,8,58596.655,1,8,11729.022,1,8,130.628,1,8,-9900,?,9,-9900,?,9,23.49,E,8,11.48,E,8,46.0,E,8,964.3861999999999,E,8,999.0,E,8,2.58,E,8,-9900,?,9,-9900,?,9,0.0,E,8,-9900,?,9,-9900,?,9,0.0,0.0,E,8
09/03/2012,18:00,39.465,1342.724,63.2,1,8,0.0,1,8,63.2,1,8,7584.0,1,8,0.0,1,8,6952.0,1,8,850.425,1,8,-9900,?,9,-9900,?,9,21.86,E,8,11.21,E,8,50.0,E,8,964.3861999999999,E,8,999.0,E,8,2.41,E,8,-9900,?,9,-9900,?,9,0.0,E,8,-9900,?,9,-9900,?,9,0.0,0.0,E,8
09/03/2012,19:00,0.0,1342.724,0.0,1,8,0.0,1,8,0.0,1,8,0.0,1,8,0.0,1,8,0.0,1,8,-0.0,1,8,-9900,?,9,-9900,?,9,20.84,E,8,11.04,E,8,53.0,E,8,964.3861999999999,E,8,999.0,E,8,2.05,E,8,-9900,?,9,-9900,?,9,0.0,E,8,-9900,?,9,-9900,?,9,0.0,0.0,E,8
09/03/2012,20:00,0.0,1342.724,0.0,1,8,0.0,1,8,0.0,1,8,0.0,1,8,0.0,1,8,0.0,1,8,-0.0,1,8,-9900,?,9,-9900,?,9,19.82,E,8,10.86,E,8,56.0,E,8,964.3861999999999,E,8,999.0,E,8,1.97,E,8,-9900,?,9,-9900,?,9,0.0,E,8,-9900,?,9,-9900,?,9,0.0,0.0,E,8
09/03/2012,21:00,0.0,1342.724,0.0,1,8,0.0,1,8,0.0,1,8,0.0,1,8,0.0,1,8,0.0,1,8,-0.0,1,8,-9900,?,9,-9900,?,9,18.8,E,8,10.68,E,8,59.0,E,8,964.3861999999999,E,8,999.0,E,8,2.39,E,8,-9900,?,9,-9900,?,9,0.0,E,8,-9900,?,9,-9900,?,9,0.0,0.0,E,8
09/03/2012,22:00,0.0,1342.724,0.0,1,8,0.0,1,8,0.0,1,8,0.0,1,8,0.0,1,8,0.0,1,8,-0.0,1,8,-9900,?,9,-9900,?,9,17.77,E,8,10.5,E,8,62.0,E,8,964.3861999999999,E,8,999.0,E,8,1.99,E,8,-9900,?,9,-9900,?,9,0.0,E,8,-9900,?,9,-9900,?,9,0.0,0.0,E,8
09/03/2012,23:00,0.0,1342.724,0.0,1,8,0.0,1,8,0.0,1,8,0.0,1,8,0.0,1,8,0.0,1,8,-0.0,1,8,-9900,?,9,-9900,?,9,16.75,E,8,10.32,E,8,65.0,E,8,964.3861999999999,E,8,999.0,E,8,2.3,E,8,-9900,?,9,-9900,?,9,0.0,E,8,-9900,?,9,-9900,?,9,0.0,0.0,E,8
09/03/2012,24:00,0.0,1342.724,0.0,1,8,0.0,1,8,0.0,1,8,0.0,1,8,0.0,1,8,0.0,1,8,-0.0,1,8,-9900,?,9,-9900,?,9,15.73,E,8,11.15,E,8,74.0,E,8,964.3861999999999,E,8,999.0,E,8,4.8,E,8,-9900,?,9,-9900,?,9,0.0,E,8,-9900,?,9,-9900,?,9,0.0,0.0,E,8
09/04/2012,01:00,0.0,1342.724,0.0,1,8,0.0,1,8,0.0,1,8,0.0,1,8,0.0,1,8,0.0,1,8,-0.0,1,8,-9900,?,9,-9900,?,9,15.22,E,8,11.04,E,8,76.0,E,8,964.3861999999999,E,8,999.0,E,8,5.51,E,8,-9900,?,9,-9900,?,9,0.0,E,8,-9900,?,9,-9900,?,9,0.0,0.0,E,8
09/04/2012,02:00,0.0,1342.724,0.0,1,8,0.0,1,8,0.0,1,8,0.0,1,8,0.0,1,8,0.0,1,8,-0.0,1,8,-9900,?,9,-9900,?,9,14.7,E,8,10.93,E,8,78.0,E,8,964.3861999999999,E,8,999.0,E,8,5.85,E,8,-9900,?,9,-9900,?,9,0.0,E,8,-9900,?,9,-9900,?,9,0.0,0.0,E,8
09/04/2012,03:00,0.0,1342.724,0.0,1,8,0.0,1,8,0.0,1,8,0.0,1,8,0.0,1,8,0.0,1,8,-0.0,1,8,-9900,?,9,-9900,?,9,14.19,E,8,10.81,E,8,80.0,E,8,964.3861999999999,E,8,999.0,E,8,4.35,E,8,-9900,?,9,-9900,?,9,0.0,E,8,-9900,?,9,-9900,?,9,0.0,0.0,E,8
09/04/2012,04:00,0.0,1343.399,0.0,1,8,0.0,1,8,0.0,1,8,0.0,1,8,0.0,1,8,0.0,1,8,-0.0,1,8,-9900,?,9,-9900,?,9,13.68,E,8,10.7,E,8,82.0,E,8,964.3861999999999,E,8,999.0,E,8,3.46,E,8,-9900,?,9,-9900,?,9,0.0,E,8,-9900,?,9,-9900,?,9,0.0,0.0,E,8
09/04/2012,05:00,0.0,1343.399,0.0,1,8,0.0,1,8,0.0,1,8,0.0,1,8,0.0,1,8,0.0,1,8,-0.0,1,8,-9900,?,9,-9900,?,9,13.17,E,8,10.58,E,8,84.0,E,8,964.3861999999999,E,8,999.0,E,8,4.17,E,8,-9900,?,9,-9900,?,9,0.0,E,8,-9900,?,9,-9900,?,9,0.0,0.0,E,8
09/04/2012,06:00,0.0,1343.399,0.0,1,8,0.0,1,8,0.0,1,8,0.0,1,8,0.0,1,8,0.0,1,8,-0.0,1,8,-9900,?,9,-9900,?,9,12.78,E,8,10.49,E,8,85.0,E,8,964.3861999999999,E,8,999.0,E,8,3.77,E,8,-9900,?,9,-9900,?,9,0.0,E,8,-9900,?,9,-9900,?,9,0.0,0.0,E,8
09/04/2012,07:00,174.136,1343.399,0.29,1,8,0.0,1,8,0.29,1,8,34.8,1,8,0.0,1,8,31.9,1,8,0.724,1,8,-9900,?,9,-9900,?,9,12.44,E,8,10.42,E,8,87.0,E,8,964.3861999999999,E,8,999.0,E,8,4.47,E,8,-9900,?,9,-9900,?,9,0.0,E,8,-9900,?,9,-9900,?,9,0.0,0.0,E,8
09/04/2012,08:00,480.63,1343.399,59.76,1,8,0.0,1,8,59.76,1,8,7171.2,1,8,0.0,1,8,6573.6,1,8,53.274,1,8,-9900,?,9,-9900,?,9,12.1,E,8,10.34,E,8,88.0,E,8,964.3861999999999,E,8,999.0,E,8,4.81,E,8,-9900,?,9,-9900,?,9,0.0,E,8,-9900,?,9,-9900,?,9,0.0,0.0,E,8
09/04/2012,09:00,751.694,1343.399,284.28,1,8,66.822,1,8,246.914,1,8,34113.6,1,8,6348.064,1,8,27160.558,1,8,140.553,1,8,-9900,?,9,-9900,?,9,16.82,E,8,11.39,E,8,70.0,E,8,964.3861999999999,E,8,999.0,E,8,4.74,E,8,-9900,?,9,-9900,?,9,0.0,E,8,-9900,?,9,-9900,?,9,0.0,0.0,E,8
09/04/2012,10:00,967.737,1343.399,548.68,1,8,290.028,1,8,339.811,1,8,65841.6,1,8,27552.621,1,8,37379.242,1,8,150.194,1,8,-9900,?,9,-9900,?,9,20.26,E,8,12.12,E,8,59.0,E,8,964.3861999999999,E,8,999.0,E,8,4.79,E,8,-9900,?,9,-9900,?,9,0.0,E,8,-9900,?,9,-9900,?,9,0.0,0.0,E,8
09/04/2012,11:00,1113.873,1343.399,543.8,1,8,150.085,1,8,419.374,1,8,65256.0,1,8,14258.079,1,8,46131.17,1,8,161.02,1,8,-9900,?,9,-9900,?,9,21.95,E,8,12.46,E,8,54.0,E,8,964.3861999999999,E,8,999.0,E,8,6.54,E,8,-9900,?,9,-9900,?,9,0.0,E,8,-9900,?,9,-9900,?,9,0.0,0.0,E,8
09/04/2012,12:00,1180.097,1343.399,607.31,1,8,176.305,1,8,452.45,1,8,72877.2,1,8,16748.96,1,8,49769.5,1,8,163.963,1,8,-9900,?,9,-9900,?,9,23.31,E,8,12.73,E,8,51.0,E,8,964.3861999999999,E,8,999.0,E,8,8.78,E,8,-9900,?,9,-9900,?,9,0.0,E,8,-9900,?,9,-9900,?,9,0.0,0.0,E,8
09/04/2012,13:00,1161.883,1343.399,510.84,1,8,143.084,1,8,387.101,1,8,61300.8,1,8,13592.976,1,8,42581.15,1,8,142.482,1,8,-9900,?,9,-9900,?,9,23.78,E,8,12.83,E,8,50.0,E,8,964.3861999999999,E,8,999.0,E,8,9.61,E,8,-9900,?,9,-9900,?,9,0.0,E,8,-9900,?,9,-9900,?,9,0.0,0.0,E,8
09/04/2012,14:00,1060.479,1343.399,204.35,1,8,3.014,1,8,201.971,1,8,24522.0,1,8,286.355,1,8,22216.806,1,8,81.455,1,8,-9900,?,9,-9900,?,9,22.31,E,8,12.53,E,8,53.0,E,8,964.3861999999999,E,8,999.0,E,8,8.11,E,8,-9900,?,9,-9900,?,9,0.0,E,8,-9900,?,9,-9900,?,9,0.0,0.0,E,8
09/04/2012,15:00,882.827,1343.399,411.65,1,8,134.676,1,8,323.18,1,8,49398.0,1,8,12794.229,1,8,35549.854,1,8,156.6,1,8,-9900,?,9,-9900,?,9,22.41,E,8,12.55,E,8,53.0,E,8,964.3861999999999,E,8,999.0,E,8,8.71,E,8,-9900,?,9,-9900,?,9,0.0,E,8,-9900,?,9,-9900,?,9,0.0,0.0,E,8
09/04/2012,16:00,641.12,1343.399,307.93,1,8,204.899,1,8,210.241,1,8,36951.6,1,8,19465.402,1,8,23126.557,1,8,140.367,1,8,-9900,?,9,-9900,?,9,21.95,E,8,12.46,E,8,54.0,E,8,964.3861999999999,E,8,999.0,E,8,9.48,E,8,-9900,?,9,-9900,?,9,0.0,E,8,-9900,?,9,-9900,?,9,0.0,0.0,E,8
09/04/2012,17:00,352.162,1343.399,178.69,1,8,334.011,1,8,91.472,1,8,21442.8,1,8,31731.009,1,8,10061.909,1,8,111.504,1,8,-9900,?,9,-9900,?,9,20.98,E,8,12.26,E,8,57.0,E,8,964.3861999999999,E,8,999.0,E,8,9.78,E,8,-9900,?,9,-9900,?,9,0.0,E,8,-9900,?,9,-9900,?,9,0.0,0.0,E,8
09/04/2012,18:00,40.761,1343.399,42.87,1,8,0.0,1,8,42.87,1,8,5144.4,1,8,0.0,1,8,4715.7,1,8,552.648,1,8,-9900,?,9,-9900,?,9,19.61,E,8,11.98,E,8,61.0,E,8,964.3861999999999,E,8,999.0,E,8,7.76,E,8,-9900,?,9,-9900,?,9,0.0,E,8,-9900,?,9,-9900,?,9,0.0,0.0,E,8
09/04/2012,19:00,0.0,1343.399,0.0,1,8,0.0,1,8,0.0,1,8,0.0,1,8,0.0,1,8,0.0,1,8,-0.0,1,8,-9900,?,9,-9900,?,9,18.93,E,8,11.84,E,8,63.0,E,8,964.3861999999999,E,8,999.0,E,8,4.11,E,8,-9900,?,9,-9900,?,9,0.0,E,8,-9900,?,9,-9900,?,9,0.0,0.0,E,8
09/04/2012,20:00,0.0,1343.399,0.0,1,8,0.0,1,8,0.0,1,8,0.0,1,8,0.0,1,8,0.0,1,8,-0.0,1,8,-9900,?,9,-9900,?,9,18.25,E,8,11.69,E,8,65.0,E,8,964.3861999999999,E,8,999.0,E,8,3.76,E,8,-9900,?,9,-9900,?,9,0.0,E,8,-9900,?,9,-9900,?,9,0.0,0.0,E,8
09/04/2012,21:00,0.0,1343.399,0.0,1,8,0.0,1,8,0.0,1,8,0.0,1,8,0.0,1,8,0.0,1,8,-0.0,1,8,-9900,?,9,-9900,?,9,17.56,E,8,11.55,E,8,67.0,E,8,964.3861999999999,E,8,999.0,E,8,2.8,E,8,-9900,?,9,-9900,?,9,0.0,E,8,-9900,?,9,-9900,?,9,0.0,0.0,E,8
09/04/2012,22:00,0.0,1343.399,0.0,1,8,0.0,1,8,0.0,1,8,0.0,1,8,0.0,1,8,0.0,1,8,-0.0,1,8,-9900,?,9,-9900,?,9,16.88,E,8,11.4,E,8,70.0,E,8,964.3861999999999,E,8,999.0,E,8,3.12,E,8,-9900,?,9,-9900,?,9,0.0,E,8,-9900,?,9,-9900,?,9,0.0,0.0,E,8
09/04/2012,23:00,0.0,1343.399,0.0,1,8,0.0,1,8,0.0,1,8,0.0,1,8,0.0,1,8,0.0,1,8,-0.0,1,8,-9900,?,9,-9900,?,9,16.2,E,8,11.25,E,8,72.0,E,8,964.3861999999999,E,8,999.0,E,8,2.27,E,8,-9900,?,9,-9900,?,9,0.0,E,8,-9900,?,9,-9900,?,9,0.0,0.0,E,8
09/04/2012,24:00,0.0,1343.399,0.0,1,8,0.0,1,8,0.0,1,8,0.0,1,8,0.0,1,8,0.0,1,8,-0.0,1,8,-9900,?,9,-9900,?,9,15.52,E,8,11.79,E,8,78.0,E,8,964.3861999999999,E,8,999.0,E,8,0.91,E,8,-9900,?,9,-9900,?,9,0.0,E,8,-9900,?,9,-9900,?,9,0.0,0.0,E,8
09/05/2012,01:00,0.0,1343.399,0.0,1,8,0.0,1,8,0.0,1,8,0.0,1,8,0.0,1,8,0.0,1,8,-0.0,1,8,-9900,?,9,-9900,?,9,15.18,E,8,11.72,E,8,79.0,E,8,964.3861999999999,E,8,999.0,E,8,0.91,E,8,-9900,?,9,-9900,?,9,0.0,E,8,-9900,?,9,-9900,?,9,0.0,0.0,E,8
09/05/2012,02:00,0.0,1343.399,0.0,1,8,0.0,1,8,0.0,1,8,0.0,1,8,0.0,1,8,0.0,1,8,-0.0,1,8,-9900,?,9,-9900,?,9,14.83,E,8,11.65,E,8,81.0,E,8,964.3861999999999,E,8,999.0,E,8,0.91,E,8,-9900,?,9,-9900,?,9,0.0,E,8,-9900,?,9,-9900,?,9,0.0,0.0,E,8
09/05/2012,03:00,0.0,1343.399,0.0,1,8,0.0,1,8,0.0,1,8,0.0,1,8,0.0,1,8,0.0,1,8,-0.0,1,8,-9900,?,9,-9900,?,9,14.49,E,8,11.58,E,8,82.0,E,8,964.3861999999999,E,8,999.0,E,8,0.91,E,8,-9900,?,9,-9900,?,9,0.0,E,8,-9900,?,9,-9900,?,9,0.0,0.0,E,8
09/05/2012,04:00,0.0,1344.081,0.0,1,8,0.0,1,8,0.0,1,8,0.0,1,8,0.0,1,8,0.0,1,8,-0.0,1,8,-9900,?,9,-9900,?,9,14.15,E,8,11.51,E,8,84.0,E,8,964.3861999999999,E,8,999.0,E,8,0.91,E,8,-9900,?,9,-9900,?,9,0.0,E,8,-9900,?,9,-9900,?,9,0.0,0.0,E,8
09/05/2012,05:00,0.0,1344.081,0.0,1,8,0.0,1,8,0.0,1,8,0.0,1,8,0.0,1,8,0.0,1,8,-0.0,1,8,-9900,?,9,-9900,?,9,13.81,E,8,11.44,E,8,85.0,E,8,964.3861999999999,E,8,999.0,E,8,0.91,E,8,-9900,?,9,-9900,?,9,0.0,E,8,-9900,?,9,-9900,?,9,0.0,0.0,E,8
09/05/2012,06:00,0.0,1344.081,0.0,1,8,0.0,1,8,0.0,1,8,0.0,1,8,0.0,1,8,0.0,1,8,-0.0,1,8,-9900,?,9,-9900,?,9,13.55,E,8,11.39,E,8,86.0,E,8,964.3861999999999,E,8,999.0,E,8,0.91,E,8,-9900,?,9,-9900,?,9,0.0,E,8,-9900,?,9,-9900,?,9,0.0,0.0,E,8
09/05/2012,07:00,179.245,1344.081,0.47,1,8,0.0,1,8,0.47,1,8,56.4,1,8,0.0,1,8,51.7,1,8,1.139,1,8,-9900,?,9,-9900,?,9,13.32,E,8,11.34,E,8,87.0,E,8,964.3861999999999,E,8,999.0,E,8,0.91,E,8,-9900,?,9,-9900,?,9,0.0,E,8,-9900,?,9,-9900,?,9,0.0,0.0,E,8
09/05/2012,08:00,486.044,1344.081,109.67,1,8,0.0,1,8,109.67,1,8,13160.4,1,8,0.0,1,8,12063.7,1,8,96.722,1,8,-9900,?,9,-9900,?,9,13.1,E,8,11.3,E,8,88.0,E,8,964.3861999999999,E,8,999.0,E,8,1.03,E,8,-9900,?,9,-9900,?,9,0.0,E,8,-9900,?,9,-9900,?,9,0.0,0.0,E,8
09/05/2012,09:00,757.204,1344.081,258.06,1,8,31.492,1,8,240.33,1,8,30967.2,1,8,2991.706,1,8,26436.3,1,8,135.877,1,8,-9900,?,9,-9900,?,9,18.11,E,8,12.3,E,8,68.0,E,8,964.3861999999999,E,8,999.0,E,8,1.1,E,8,-9900,?,9,-9900,?,9,0.0,E,8,-9900,?,9,-9900,?,9,0.0,0.0,E,8
09/05/2012,10:00,973.172,1344.081,387.43,1,8,62.322,1,8,342.318,1,8,46491.6,1,8,5920.624,1,8,37654.98,1,8,150.533,1,8,-9900,?,9,-9900,?,9,19.97,E,8,12.65,E,8,62.0,E,8,964.3861999999999,E,8,999.0,E,8,1.24,E,8,-9900,?,9,-9900,?,9,0.0,E,8,-9900,?,9,-9900,?,9,0.0,0.0,E,8
09/05/2012,11:00,1119.071,1344.081,484.42,1,8,128.89,1,8,377.121,1,8,58130.4,1,8,12244.573,1,8,41483.302,1,8,144.197,1,8,-9900,?,9,-9900,?,9,21.55,E,8,12.95,E,8,58.0,E,8,964.3861999999999,E,8,999.0,E,8,1.08,E,8,-9900,?,9,-9900,?,9,0.0,E,8,-9900,?,9,-9900,?,9,0.0,0.0,E,8
09/05/2012,12:00,1184.915,1344.081,541.38,1,8,152.444,1,8,407.0,1,8,64965.6,1,8,14482.136,1,8,44770.02,1,8,146.967,1,8,-9900,?,9,-9900,?,9,22.82,E,8,13.18,E,8,54.0,E,8,964.3861999999999,E,8,999.0,E,8,1.75,E,8,-9900,?,9,-9900,?,9,0.0,E,8,-9900,?,9,-9900,?,9,0.0,0.0,E,8
09/05/2012,13:00,1166.201,1344.081,554.07,1,8,180.983,1,8,397.054,1,8,66488.4,1,8,17193.42,1,8,43675.899,1,8,145.678,1,8,-9900,?,9,-9900,?,9,23.72,E,8,13.35,E,8,52.0,E,8,964.3861999999999,E,8,999.0,E,8,1.48,E,8,-9900,?,9,-9900,?,9,0.0,E,8,-9900,?,9,-9900,?,9,0.0,0.0,E,8
09/05/2012,14:00,1064.215,1344.081,521.58,1,8,221.52,1,8,346.216,1,8,62589.6,1,8,21044.364,1,8,38083.766,1,8,139.21,1,8,-9900,?,9,-9900,?,9,24.24,E,8,13.44,E,8,50.0,E,8,964.3861999999999,E,8,999.0,E,8,2.87,E,8,-9900,?,9,-9900,?,9,0.0,E,8,-9900,?,9,-9900,?,9,0.0,0.0,E,8
09/05/2012,15:00,885.938,1344.081,446.28,1,8,172.229,1,8,332.8,1,8,53553.6,1,8,16361.781,1,8,36608.016,1,8,160.776,1,8,-9900,?,9,-9900,?,9,24.37,E,8,13.47,E,8,50.0,E,8,964.3861999999999,E,8,999.0,E,8,2.77,E,8,-9900,?,9,-9900,?,9,0.0,E,8,-9900,?,9,-9900,?,9,0.0,0.0,E,8
09/05/2012,16:00,643.604,1344.081,333.87,1,8,271.042,1,8,204.211,1,8,40064.4,1,8,25748.965,1,8,22463.216,1,8,135.882,1,8,-9900,?,9,-9900,?,9,23.96,E,8,13.39,E,8,51.0,E,8,964.3861999999999,E,8,999.0,E,8,2.76,E,8,-9900,?,9,-9900,?,9,0.0,E,8,-9900,?,9,-9900,?,9,0.0,0.0,E,8
09/05/2012,17:00,354.058,1344.081,193.9,1,8,420.452,1,8,83.57,1,8,23268.0,1,8,39942.941,1,8,9192.748,1,8,101.374,1,8,-9900,?,9,-9900,?,9,22.98,E,8,13.21,E,8,54.0,E,8,964.3861999999999,E,8,999.0,E,8,3.2,E,8,-9900,?,9,-9900,?,9,0.0,E,8,-9900,?,9,-9900,?,9,0.0,0.0,E,8
09/05/2012,18:00,42.055,1344.081,46.81,1,8,0.0,1,8,46.81,1,8,5617.2,1,8,0.0,1,8,5149.1,1,8,579.261,1,8,-9900,?,9,-9900,?,9,21.56,E,8,12.95,E,8,58.0,E,8,964.3861999999999,E,8,999.0,E,8,2.08,E,8,-9900,?,9,-9900,?,9,0.0,E,8,-9900,?,9,-9900,?,9,0.0,0.0,E,8
09/05/2012,19:00,0.0,1344.081,0.0,1,8,0.0,1,8,0.0,1,8,0.0,1,8,0.0,1,8,0.0,1,8,-0.0,1,8,-9900,?,9,-9900,?,9,20.67,E,8,12.78,E,8,60.0,E,8,964.3861999999999,E,8,999.0,E,8,1.32,E,8,-9900,?,9,-9900,?,9,0.0,E,8,-9900,?,9,-9900,?,9,0.0,0.0,E,8
09/05/2012,20:00,0.0,1344.081,0.0,1,8,0.0,1,8,0.0,1,8,0.0,1,8,0.0,1,8,0.0,1,8,-0.0,1,8,-9900,?,9,-9900,?,9,19.77,E,8,12.61,E,8,63.0,E,8,964.3861999999999,E,8,999.0,E,8,0.97,E,8,-9900,?,9,-9900,?,9,0.0,E,8,-9900,?,9,-9900,?,9,0.0,0.0,E,8
09/05/2012,21:00,0.0,1344.081,0.0,1,8,0.0,1,8,0.0,1,8,0.0,1,8,0.0,1,8,0.0,1,8,-0.0,1,8,-9900,?,9,-9900,?,9,18.88,E,8,12.44,E,8,66.0,E,8,964.3861999999999,E,8,999.0,E,8,1.5,E,8,-9900,?,9,-9900,?,9,0.0,E,8,-9900,?,9,-9900,?,9,0.0,0.0,E,8
09/05/2012,22:00,0.0,1344.081,0.0,1,8,0.0,1,8,0.0,1,8,0.0,1,8,0.0,1,8,0.0,1,8,-0.0,1,8,-9900,?,9,-9900,?,9,17.98,E,8,12.27,E,8,69.0,E,8,964.3861999999999,E,8,999.0,E,8,0.91,E,8,-9900,?,9,-9900,?,9,0.0,E,8,-9900,?,9,-9900,?,9,0.0,0.0,E,8
09/05/2012,23:00,0.0,1344.081,0.0,1,8,0.0,1,8,0.0,1,8,0.0,1,8,0.0,1,8,0.0,1,8,-0.0,1,8,-9900,?,9,-9900,?,9,17.08,E,8,12.1,E,8,72.0,E,8,964.3861999999999,E,8,999.0,E,8,0.91,E,8,-9900,?,9,-9900,?,9,0.0,E,8,-9900,?,9,-9900,?,9,0.0,0.0,E,8
09/05/2012,24:00,0.0,1344.081,0.0,1,8,0.0,1,8,0.0,1,8,0.0,1,8,0.0,1,8,0.0,1,8,-0.0,1,8,-9900,?,9,-9900,?,9,16.19,E,8,12.2,E,8,77.0,E,8,964.3861999999999,E,8,999.0,E,8,0.44,E,8,-9900,?,9,-9900,?,9,0.0,E,8,-9900,?,9,-9900,?,9,0.0,0.0,E,8
09/06/2012,01:00,0.0,1344.081,0.0,1,8,0.0,1,8,0.0,1,8,0.0,1,8,0.0,1,8,0.0,1,8,-0.0,1,8,-9900,?,9,-9900,?,9,15.74,E,8,12.11,E,8,78.0,E,8,964.3861999999999,E,8,999.0,E,8,0.44,E,8,-9900,?,9,-9900,?,9,0.0,E,8,-9900,?,9,-9900,?,9,0.0,0.0,E,8
09/06/2012,02:00,0.0,1344.081,0.0,1,8,0.0,1,8,0.0,1,8,0.0,1,8,0.0,1,8,0.0,1,8,-0.0,1,8,-9900,?,9,-9900,?,9,15.29,E,8,12.01,E,8,80.0,E,8,964.3861999999999,E,8,999.0,E,8,0.44,E,8,-9900,?,9,-9900,?,9,0.0,E,8,-9900,?,9,-9900,?,9,0.0,0.0,E,8
09/06/2012,03:00,0.0,1344.081,0.0,1,8,0.0,1,8,0.0,1,8,0.0,1,8,0.0,1,8,0.0,1,8,-0.0,1,8,-9900,?,9,-9900,?,9,14.84,E,8,11.91,E,8,82.0,E,8,964.3861999999999,E,8,999.0,E,8,0.44,E,8,-9900,?,9,-9900,?,9,0.0,E,8,-9900,?,9,-9900,?,9,0.0,0.0,E,8
09/06/2012,04:00,0.0,1344.77,0.0,1,8,0.0,1,8,0.0,1,8,0.0,1,8,0.0,1,8,0.0,1,8,-0.0,1,8,-9900,?,9,-9900,?,9,14.39,E,8,11.81,E,8,84.0,E,8,964.3861999999999,E,8,999.0,E,8,0.44,E,8,-9900,?,9,-9900,?,9,0.0,E,8,-9900,?,9,-9900,?,9,0.0,0.0,E,8
09/06/2012,05:00,0.0,1344.77,0.0,1,8,0.0,1,8,0.0,1,8,0.0,1,8,0.0,1,8,0.0,1,8,-0.0,1,8,-9900,?,9,-9900,?,9,13.94,E,8,11.71,E,8,86.0,E,8,964.3861999999999,E,8,999.0,E,8,0.44,E,8,-9900,?,9,-9900,?,9,0.0,E,8,-9900,?,9,-9900,?,9,0.0,0.0,E,8
09/06/2012,06:00,0.0,1344.77,0.0,1,8,0.0,1,8,0.0,1,8,0.0,1,8,0.0,1,8,0.0,1,8,-0.0,1,8,-9900,?,9,-9900,?,9,13.6,E,8,11.64,E,8,87.0,E,8,964.3861999999999,E,8,999.0,E,8,0.44,E,8,-9900,?,9,-9900,?,9,0.0,E,8,-9900,?,9,-9900,?,9,0.0,0.0,E,8
09/06/2012,07:00,184.393,1344.77,0.62,1,8,0.0,1,8,0.62,1,8,74.4,1,8,0.0,1,8,68.2,1,8,1.46,1,8,-9900,?,9,-9900,?,9,13.3,E,8,11.57,E,8,89.0,E,8,964.3861999999999,E,8,999.0,E,8,0.53,E,8,-9900,?,9,-9900,?,9,0.0,E,8,-9900,?,9,-9900,?,9,0.0,0.0,E,8
09/06/2012,08:00,491.481,1344.77,58.6,1,8,0.0,1,8,58.6,1,8,7032.0,1,8,0.0,1,8,6446.0,1,8,51.134,1,8,-9900,?,9,-9900,?,9,13.01,E,8,11.51,E,8,90.0,E,8,964.3861999999999,E,8,999.0,E,8,0.72,E,8,-9900,?,9,-9900,?,9,0.0,E,8,-9900,?,9,-9900,?,9,0.0,0.0,E,8
09/06/2012,09:00,762.724,1344.77,241.03,1,8,22.086,1,8,228.511,1,8,28923.6,1,8,2098.127,1,8,25136.244,1,8,128.324,1,8,-9900,?,9,-9900,?,9,17.48,E,8,12.48,E,8,72.0,E,8,964.3861999999999,E,8,999.0,E,8,0.71,E,8,-9900,?,9,-9900,?,9,0.0,E,8,-9900,?,9,-9900,?,9,0.0,0.0,E,8
09/06/2012,10:00,978.605,1344.77,378.51,1,8,78.441,1,8,321.443,1,8,45421.2,1,8,7451.89,1,8,35358.676,1,8,140.64,1,8,-9900,?,9,-9900,?,9,19.76,E,8,12.95,E,8,64.0,E,8,964.3861999999999,E,8,999.0,E,8,1.19,E,8,-9900,?,9,-9900,?,9,0.0,E,8,-9900,?,9,-9900,?,9,0.0,0.0,E,8
09/06/2012,11:00,1124.258,1344.77,361.07,1,8,14.457,1,8,348.985,1,8,43328.4,1,8,1373.392,1,8,38388.39,1,8,132.891,1,8,-9900,?,9,-9900,?,9,20.77,E,8,13.16,E,8,61.0,E,8,964.3861999999999,E,8,999.0,E,8,1.87,E,8,-9900,?,9,-9900,?,9,0.0,E,8,-9900,?,9,-9900,?,9,0.0,0.0,E,8
09/06/2012,12:00,1189.712,1344.77,243.6,1,8,3.137,1,8,240.825,1,8,29232.0,1,8,298.061,1,8,26490.696,1,8,86.655,1,8,-9900,?,9,-9900,?,9,20.67,E,8,13.14,E,8,61.0,E,8,964.3861999999999,E,8,999.0,E,8,2.28,E,8,-9900,?,9,-9900,?,9,0.0,E,8,-9900,?,9,-9900,?,9,0.0,0.0,E,8
09/06/2012,13:00,1170.494,1344.77,263.3,1,8,3.681,1,8,260.096,1,8,31596.0,1,8,349.731,1,8,28610.561,1,8,95.127,1,8,-9900,?,9,-9900,?,9,20.71,E,8,13.15,E,8,61.0,E,8,964.3861999999999,E,8,999.0,E,8,1.97,E,8,-9900,?,9,-9900,?,9,0.0,E,8,-9900,?,9,-9900,?,9,0.0,0.0,E,8
09/06/2012,14:00,1067.923,1344.77,322.0,1,8,41.503,1,8,289.047,1,8,38640.0,1,8,3942.785,1,8,31795.155,1,8,115.878,1,8,-9900,?,9,-9900,?,9,20.98,E,8,13.2,E,8,61.0,E,8,964.3861999999999,E,8,999.0,E,8,2.53,E,8,-9900,?,9,-9900,?,9,0.0,E,8,-9900,?,9,-9900,?,9,0.0,0.0,E,8
09/06/2012,15:00,889.021,1344.77,660.76,1,8,615.211,1,8,254.201,1,8,79291.2,1,8,58445.036,1,8,27962.08,1,8,122.441,1,8,-9900,?,9,-9900,?,9,22.45,E,8,13.5,E,8,56.0,E,8,964.3861999999999,E,8,999.0,E,8,3.22,E,8,-9900,?,9,-9900,?,9,0.0,E,8,-9900,?,9,-9900,?,9,0.0,0.0,E,8
09/06/2012,16:00,646.065,1344.77,551.72,1,8,676.766,1,8,226.9,1,8,66206.4,1,8,64292.775,1,8,24958.949,1,8,150.48,1,8,-9900,?,9,-9900,?,9,23.24,E,8,13.65,E,8,54.0,E,8,964.3861999999999,E,8,999.0,E,8,2.82,E,8,-9900,?,9,-9900,?,9,0.0,E,8,-9900,?,9,-9900,?,9,0.0,0.0,E,8
09/06/2012,17:00,355.939,1344.77,397.98,1,8,559.344,1,8,250.494,1,8,47757.6,1,8,53137.656,1,8,27554.369,1,8,302.396,1,8,-9900,?,9,-9900,?,9,23.4,E,8,13.68,E,8,54.0,E,8,964.3861999999999,E,8,999.0,E,8,3.4,E,8,-9900,?,9,-9900,?,9,0.0,E,8,-9900,?,9,-9900,?,9,0.0,0.0,E,8
09/06/2012,18:00,43.346,1344.77,156.61,1,8,0.0,1,8,156.61,1,8,18793.2,1,8,0.0,1,8,17227.1,1,8,1863.7,1,8,-9900,?,9,-9900,?,9,22.52,E,8,13.51,E,8,56.0,E,8,964.3861999999999,E,8,999.0,E,8,3.35,E,8,-9900,?,9,-9900,?,9,0.0,E,8,-9900,?,9,-9900,?,9,0.0,0.0,E,8
09/06/2012,19:00,0.0,1344.77,0.0,1,8,0.0,1,8,0.0,1,8,0.0,1,8,0.0,1,8,0.0,1,8,-0.0,1,8,-9900,?,9,-9900,?,9,21.48,E,8,13.3,E,8,59.0,E,8,964.3861999999999,E,8,999.0,E,8,2.01,E,8,-9900,?,9,-9900,?,9,0.0,E,8,-9900,?,9,-9900,?,9,0.0,0.0,E,8
09/06/2012,20:00,0.0,1344.77,0.0,1,8,0.0,1,8,0.0,1,8,0.0,1,8,0.0,1,8,0.0,1,8,-0.0,1,8,-9900,?,9,-9900,?,9,20.44,E,8,13.09,E,8,62.0,E,8,964.3861999999999,E,8,999.0,E,8,1.42,E,8,-9900,?,9,-9900,?,9,0.0,E,8,-9900,?,9,-9900,?,9,0.0,0.0,E,8
09/06/2012,21:00,0.0,1344.77,0.0,1,8,0.0,1,8,0.0,1,8,0.0,1,8,0.0,1,8,0.0,1,8,-0.0,1,8,-9900,?,9,-9900,?,9,19.4,E,8,12.88,E,8,65.0,E,8,964.3861999999999,E,8,999.0,E,8,1.09,E,8,-9900,?,9,-9900,?,9,0.0,E,8,-9900,?,9,-9900,?,9,0.0,0.0,E,8
09/06/2012,22:00,0.0,1344.77,0.0,1,8,0.0,1,8,0.0,1,8,0.0,1,8,0.0,1,8,0.0,1,8,-0.0,1,8,-9900,?,9,-9900,?,9,18.35,E,8,12.66,E,8,69.0,E,8,964.3861999999999,E,8,999.0,E,8,0.94,E,8,-9900,?,9,-9900,?,9,0.0,E,8,-9900,?,9,-9900,?,9,0.0,0.0,E,8
09/06/2012,23:00,0.0,1344.77,0.0,1,8,0.0,1,8,0.0,1,8,0.0,1,8,0.0,1,8,0.0,1,8,-0.0,1,8,-9900,?,9,-9900,?,9,17.31,E,8,12.44,E,8,73.0,E,8,964.3861999999999,E,8,999.0,E,8,1.04,E,8,-9900,?,9,-9900,?,9,0.0,E,8,-9900,?,9,-9900,?,9,0.0,0.0,E,8
09/06/2012,24:00,0.0,1344.77,0.0,1,8,0.0,1,8,0.0,1,8,0.0,1,8,0.0,1,8,0.0,1,8,-0.0,1,8,-9900,?,9,-9900,?,9,16.27,E,8,11.47,E,8,73.0,E,8,964.3861999999999,E,8,999.0,E,8,1.11,E,8,-9900,?,9,-9900,?,9,0.0,E,8,-9900,?,9,-9900,?,9,0.0,0.0,E,8
09/07/2012,01:00,0.0,1344.77,0.0,1,8,0.0,1,8,0.0,1,8,0.0,1,8,0.0,1,8,0.0,1,8,-0.0,1,8,-9900,?,9,-9900,?,9,15.75,E,8,11.4,E,8,75.0,E,8,964.3861999999999,E,8,999.0,E,8,0.95,E,8,-9900,?,9,-9900,?,9,0.0,E,8,-9900,?,9,-9900,?,9,0.0,0.0,E,8
09/07/2012,02:00,0.0,1344.77,0.0,1,8,0.0,1,8,0.0,1,8,0.0,1,8,0.0,1,8,0.0,1,8,-0.0,1,8,-9900,?,9,-9900,?,9,15.23,E,8,11.33,E,8,77.0,E,8,964.3861999999999,E,8,999.0,E,8,1.15,E,8,-9900,?,9,-9900,?,9,0.0,E,8,-9900,?,9,-9900,?,9,0.0,0.0,E,8
09/07/2012,03:00,0.0,1344.77,0.0,1,8,0.0,1,8,0.0,1,8,0.0,1,8,0.0,1,8,0.0,1,8,-0.0,1,8,-9900,?,9,-9900,?,9,14.71,E,8,11.25,E,8,79.0,E,8,964.3861999999999,E,8,999.0,E,8,1.13,E,8,-9900,?,9,-9900,?,9,0.0,E,8,-9900,?,9,-9900,?,9,0.0,0.0,E,8
09/07/2012,04:00,0.0,1345.466,0.0,1,8,0.0,1,8,0.0,1,8,0.0,1,8,0.0,1,8,0.0,1,8,-0.0,1,8,-9900,?,9,-9900,?,9,14.19,E,8,11.18,E,8,82.0,E,8,964.3861999999999,E,8,999.0,E,8,1.1,E,8,-9900,?,9,-9900,?,9,0.0,E,8,-9900,?,9,-9900,?,9,0.0,0.0,E,8
09/07/2012,05:00,0.0,1345.466,0.0,1,8,0.0,1,8,0.0,1,8,0.0,1,8,0.0,1,8,0.0,1,8,-0.0,1,8,-9900,?,9,-9900,?,9,13.67,E,8,11.11,E,8,84.0,E,8,964.3861999999999,E,8,999.0,E,8,1.06,E,8,-9900,?,9,-9900,?,9,0.0,E,8,-9900,?,9,-9900,?,9,0.0,0.0,E,8
09/07/2012,06:00,0.0,1345.466,0.0,1,8,0.0,1,8,0.0,1,8,0.0,1,8,0.0,1,8,0.0,1,8,-0.0,1,8,-9900,?,9,-9900,?,9,13.27,E,8,11.05,E,8,86.0,E,8,964.3861999999999,E,8,999.0,E,8,1.43,E,8,-9900,?,9,-9900,?,9,0.0,E,8,-9900,?,9,-9900,?,9,0.0,0.0,E,8
09/07/2012,07:00,189.576,1345.466,1.8,1,8,0.0,1,8,1.8,1,8,216.0,1,8,0.0,1,8,198.0,1,8,4.122,1,8,-9900,?,9,-9900,?,9,12.92,E,8,11.01,E,8,88.0,E,8,964.3861999999999,E,8,999.0,E,8,1.46,E,8,-9900,?,9,-9900,?,9,0.0,E,8,-9900,?,9,-9900,?,9,0.0,0.0,E,8
09/07/2012,08:00,496.939,1345.466,188.08,1,8,97.796,1,8,152.026,1,8,22569.6,1,8,9290.636,1,8,16722.864,1,8,131.261,1,8,-9900,?,9,-9900,?,9,12.58,E,8,10.96,E,8,89.0,E,8,964.3861999999999,E,8,999.0,E,8,2.38,E,8,-9900,?,9,-9900,?,9,0.0,E,8,-9900,?,9,-9900,?,9,0.0,0.0,E,8
09/07/2012,09:00,768.251,1345.466,376.87,1,8,181.425,1,8,273.34,1,8,45224.4,1,8,17235.399,1,8,30067.427,1,8,152.471,1,8,-9900,?,9,-9900,?,9,18.09,E,8,11.71,E,8,66.0,E,8,964.3861999999999,E,8,999.0,E,8,2.44,E,8,-9900,?,9,-9900,?,9,0.0,E,8,-9900,?,9,-9900,?,9,0.0,0.0,E,8
09/07/2012,10:00,984.033,1345.466,527.4,1,8,215.574,1,8,369.776,1,8,63288.0,1,8,20479.556,1,8,40675.328,1,8,160.976,1,8,-9900,?,9,-9900,?,9,19.68,E,8,11.92,E,8,60.0,E,8,964.3861999999999,E,8,999.0,E,8,2.38,E,8,-9900,?,9,-9900,?,9,0.0,E,8,-9900,?,9,-9900,?,9,0.0,0.0,E,8
09/07/2012,11:00,1129.429,1345.466,654.15,1,8,303.564,1,8,399.359,1,8,78498.0,1,8,28838.617,1,8,43929.517,1,8,151.454,1,8,-9900,?,9,-9900,?,9,21.09,E,8,12.11,E,8,56.0,E,8,964.3861999999999,E,8,999.0,E,8,2.67,E,8,-9900,?,9,-9900,?,9,0.0,E,8,-9900,?,9,-9900,?,9,0.0,0.0,E,8
09/07/2012,12:00,1194.486,1345.466,792.52,1,8,477.77,1,8,368.396,1,8,95102.4,1,8,45388.133,1,8,40523.559,1,8,132.096,1,8,-9900,?,9,-9900,?,9,22.48,E,8,12.29,E,8,52.0,E,8,964.3861999999999,E,8,999.0,E,8,3.33,E,8,-9900,?,9,-9900,?,9,0.0,E,8,-9900,?,9,-9900,?,9,0.0,0.0,E,8
09/07/2012,13:00,1174.76,1345.466,783.72,1,8,481.742,1,8,363.137,1,8,94046.4,1,8,45765.535,1,8,39945.095,1,8,132.399,1,8,-9900,?,9,-9900,?,9,23.38,E,8,12.41,E,8,50.0,E,8,964.3861999999999,E,8,999.0,E,8,3.86,E,8,-9900,?,9,-9900,?,9,0.0,E,8,-9900,?,9,-9900,?,9,0.0,0.0,E,8
09/07/2012,14:00,1071.603,1345.466,678.95,1,8,460.351,1,8,312.363,1,8,81474.0,1,8,43733.384,1,8,34359.94,1,8,124.86,1,8,-9900,?,9,-9900,?,9,23.72,E,8,12.45,E,8,49.0,E,8,964.3861999999999,E,8,999.0,E,8,3.86,E,8,-9900,?,9,-9900,?,9,0.0,E,8,-9900,?,9,-9900,?,9,0.0,0.0,E,8
09/07/2012,15:00,892.077,1345.466,610.71,1,8,653.748,1,8,177.421,1,8,73285.2,1,8,62106.032,1,8,19516.343,1,8,85.21,1,8,-9900,?,9,-9900,?,9,23.82,E,8,12.46,E,8,48.0,E,8,964.3861999999999,E,8,999.0,E,8,4.11,E,8,-9900,?,9,-9900,?,9,0.0,E,8,-9900,?,9,-9900,?,9,0.0,0.0,E,8
09/07/2012,16:00,648.503,1345.466,436.37,1,8,740.799,1,8,79.656,1,8,52364.4,1,8,70375.905,1,8,8762.152,1,8,52.656,1,8,-9900,?,9,-9900,?,9,23.3,E,8,12.4,E,8,50.0,E,8,964.3861999999999,E,8,999.0,E,8,3.84,E,8,-9900,?,9,-9900,?,9,0.0,E,8,-9900,?,9,-9900,?,9,0.0,0.0,E,8
09/07/2012,17:00,357.806,1345.466,217.03,1,8,508.794,1,8,82.234,1,8,26043.6,1,8,48335.434,1,8,9045.742,1,8,98.802,1,8,-9900,?,9,-9900,?,9,22.16,E,8,12.25,E,8,53.0,E,8,964.3861999999999,E,8,999.0,E,8,4.36,E,8,-9900,?,9,-9900,?,9,0.0,E,8,-9900,?,9,-9900,?,9,0.0,0.0,E,8
09/07/2012,18:00,44.636,1345.466,42.62,1,8,0.0,1,8,42.62,1,8,5114.4,1,8,0.0,1,8,4688.2,1,8,488.536,1,8,-9900,?,9,-9900,?,9,20.71,E,8,12.06,E,8,57.0,E,8,964.3861999999999,E,8,999.0,E,8,3.78,E,8,-9900,?,9,-9900,?,9,0.0,E,8,-9900,?,9,-9900,?,9,0.0,0.0,E,8
09/07/2012,19:00,0.0,1345.466,0.0,1,8,0.0,1,8,0.0,1,8,0.0,1,8,0.0,1,8,0.0,1,8,-0.0,1,8,-9900,?,9,-9900,?,9,19.82,E,8,11.94,E,8,60.0,E,8,964.3861999999999,E,8,999.0,E,8,2.86,E,8,-9900,?,9,-9900,?,9,0.0,E,8,-9900,?,9,-9900,?,9,0.0,0.0,E,8
09/07/2012,20:00,0.0,1345.466,0.0,1,8,0.0,1,8,0.0,1,8,0.0,1,8,0.0,1,8,0.0,1,8,-0.0,1,8,-9900,?,9,-9900,?,9,18.94,E,8,11.83,E,8,63.0,E,8,964.3861999999999,E,8,999.0,E,8,2.66,E,8,-9900,?,9,-9900,?,9,0.0,E,8,-9900,?,9,-9900,?,9,0.0,0.0,E,8
09/07/2012,21:00,0.0,1345.466,0.0,1,8,0.0,1,8,0.0,1,8,0.0,1,8,0.0,1,8,0.0,1,8,-0.0,1,8,-9900,?,9,-9900,?,9,18.05,E,8,11.71,E,8,66.0,E,8,964.3861999999999,E,8,999.0,E,8,2.17,E,8,-9900,?,9,-9900,?,9,0.0,E,8,-9900,?,9,-9900,?,9,0.0,0.0,E,8
09/07/2012,22:00,0.0,1345.466,0.0,1,8,0.0,1,8,0.0,1,8,0.0,1,8,0.0,1,8,0.0,1,8,-0.0,1,8,-9900,?,9,-9900,?,9,17.17,E,8,11.59,E,8,69.0,E,8,964.3861999999999,E,8,999.0,E,8,1.24,E,8,-9900,?,9,-9900,?,9,0.0,E,8,-9900,?,9,-9900,?,9,0.0,0.0,E,8
09/07/2012,23:00,0.0,1345.466,0.0,1,8,0.0,1,8,0.0,1,8,0.0,1,8,0.0,1,8,0.0,1,8,-0.0,1,8,-9900,?,9,-9900,?,9,16.29,E,8,11.47,E,8,73.0,E,8,964.3861999999999,E,8,999.0,E,8,1.41,E,8,-9900,?,9,-9900,?,9,0.0,E,8,-9900,?,9,-9900,?,9,0.0,0.0,E,8
09/07/2012,24:00,0.0,1345.466,0.0,1,8,0.0,1,8,0.0,1,8,0.0,1,8,0.0,1,8,0.0,1,8,-0.0,1,8,-9900,?,9,-9900,?,9,15.4,E,8,10.96,E,8,74.0,E,8,964.3861999999999,E,8,999.0,E,8,2.88,E,8,-9900,?,9,-9900,?,9,0.0,E,8,-9900,?,9,-9900,?,9,0.0,0.0,E,8
09/08/2012,01:00,0.0,1345.466,0.0,1,8,0.0,1,8,0.0,1,8,0.0,1,8,0.0,1,8,0.0,1,8,-0.0,1,8,-9900,?,9,-9900,?,9,14.96,E,8,10.82,E,8,76.0,E,8,964.3861999999999,E,8,999.0,E,8,3.26,E,8,-9900,?,9,-9900,?,9,0.0,E,8,-9900,?,9,-9900,?,9,0.0,0.0,E,8
09/08/2012,02:00,0.0,1345.466,0.0,1,8,0.0,1,8,0.0,1,8,0.0,1,8,0.0,1,8,0.0,1,8,-0.0,1,8,-9900,?,9,-9900,?,9,14.52,E,8,10.67,E,8,77.0,E,8,964.3861999999999,E,8,999.0,E,8,2.86,E,8,-9900,?,9,-9900,?,9,0.0,E,8,-9900,?,9,-9900,?,9,0.0,0.0,E,8
09/08/2012,03:00,0.0,1345.466,0.0,1,8,0.0,1,8,0.0,1,8,0.0,1,8,0.0,1,8,0.0,1,8,-0.0,1,8,-9900,?,9,-9900,?,9,14.08,E,8,10.53,E,8,79.0,E,8,964.3861999999999,E,8,999.0,E,8,2.47,E,8,-9900,?,9,-9900,?,9,0.0,E,8,-9900,?,9,-9900,?,9,0.0,0.0,E,8
09/08/2012,04:00,0.0,1346.169,0.0,1,8,0.0,1,8,0.0,1,8,0.0,1,8,0.0,1,8,0.0,1,8,-0.0,1,8,-9900,?,9,-9900,?,9,13.64,E,8,10.38,E,8,80.0,E,8,964.3861999999999,E,8,999.0,E,8,2.6,E,8,-9900,?,9,-9900,?,9,0.0,E,8,-9900,?,9,-9900,?,9,0.0,0.0,E,8
09/08/2012,05:00,0.0,1346.169,0.0,1,8,0.0,1,8,0.0,1,8,0.0,1,8,0.0,1,8,0.0,1,8,-0.0,1,8,-9900,?,9,-9900,?,9,13.2,E,8,10.24,E,8,82.0,E,8,964.3861999999999,E,8,999.0,E,8,3.81,E,8,-9900,?,9,-9900,?,9,0.0,E,8,-9900,?,9,-9900,?,9,0.0,0.0,E,8
09/08/2012,06:00,0.0,1346.169,0.0,1,8,0.0,1,8,0.0,1,8,0.0,1,8,0.0,1,8,0.0,1,8,-0.0,1,8,-9900,?,9,-9900,?,9,12.85,E,8,10.12,E,8,83.0,E,8,964.3861999999999,E,8,999.0,E,8,3.02,E,8,-9900,?,9,-9900,?,9,0.0,E,8,-9900,?,9,-9900,?,9,0.0,0.0,E,8
09/08/2012,07:00,194.792,1346.169,1.86,1,8,0.0,1,8,1.86,1,8,223.2,1,8,0.0,1,8,204.6,1,8,4.145,1,8,-9900,?,9,-9900,?,9,12.56,E,8,10.02,E,8,84.0,E,8,964.3861999999999,E,8,999.0,E,8,4.14,E,8,-9900,?,9,-9900,?,9,0.0,E,8,-9900,?,9,-9900,?,9,0.0,0.0,E,8
09/08/2012,08:00,502.415,1346.169,148.4,1,8,39.452,1,8,133.702,1,8,17808.0,1,8,3747.966,1,8,14707.234,1,8,114.237,1,8,-9900,?,9,-9900,?,9,12.27,E,8,9.93,E,8,85.0,E,8,964.3861999999999,E,8,999.0,E,8,5.11,E,8,-9900,?,9,-9900,?,9,0.0,E,8,-9900,?,9,-9900,?,9,0.0,0.0,E,8
09/08/2012,09:00,773.784,1346.169,364.99,1,8,167.749,1,8,268.624,1,8,43798.8,1,8,15936.157,1,8,29548.684,1,8,148.845,1,8,-9900,?,9,-9900,?,9,17.67,E,8,11.67,E,8,67.0,E,8,964.3861999999999,E,8,999.0,E,8,5.06,E,8,-9900,?,9,-9900,?,9,0.0,E,8,-9900,?,9,-9900,?,9,0.0,0.0,E,8
09/08/2012,10:00,989.455,1346.169,555.45,1,8,282.167,1,8,348.105,1,8,66654.0,1,8,26805.887,1,8,38291.497,1,8,150.79,1,8,-9900,?,9,-9900,?,9,19.77,E,8,12.3,E,8,62.0,E,8,964.3861999999999,E,8,999.0,E,8,4.39,E,8,-9900,?,9,-9900,?,9,0.0,E,8,-9900,?,9,-9900,?,9,0.0,0.0,E,8
09/08/2012,11:00,1134.584,1346.169,710.27,1,8,424.91,1,8,352.188,1,8,85232.4,1,8,40366.495,1,8,38740.685,1,8,133.027,1,8,-9900,?,9,-9900,?,9,21.63,E,8,12.84,E,8,57.0,E,8,964.3861999999999,E,8,999.0,E,8,5.46,E,8,-9900,?,9,-9900,?,9,0.0,E,8,-9900,?,9,-9900,?,9,0.0,0.0,E,8
09/08/2012,12:00,1199.236,1346.169,778.25,1,8,446.051,1,8,380.915,1,8,93390.0,1,8,42374.834,1,8,41900.687,1,8,136.115,1,8,-9900,?,9,-9900,?,9,23.03,E,8,13.24,E,8,54.0,E,8,964.3861999999999,E,8,999.0,E,8,5.77,E,8,-9900,?,9,-9900,?,9,0.0,E,8,-9900,?,9,-9900,?,9,0.0,0.0,E,8
09/08/2012,13:00,1178.996,1346.169,822.1,1,8,546.697,1,8,343.337,1,8,98652.0,1,8,51936.173,1,8,37767.09,1,8,124.795,1,8,-9900,?,9,-9900,?,9,24.12,E,8,13.54,E,8,51.0,E,8,964.3861999999999,E,8,999.0,E,8,5.65,E,8,-9900,?,9,-9900,?,9,0.0,E,8,-9900,?,9,-9900,?,9,0.0,0.0,E,8
09/08/2012,14:00,1075.251,1346.169,787.8,1,8,720.658,1,8,212.271,1,8,94536.0,1,8,68462.537,1,8,23349.762,1,8,84.606,1,8,-9900,?,9,-9900,?,9,24.8,E,8,13.72,E,8,50.0,E,8,964.3861999999999,E,8,999.0,E,8,5.89,E,8,-9900,?,9,-9900,?,9,0.0,E,8,-9900,?,9,-9900,?,9,0.0,0.0,E,8
09/08/2012,15:00,895.105,1346.169,670.73,1,8,852.927,1,8,103.805,1,8,80487.6,1,8,81028.086,1,8,11418.527,1,8,49.711,1,8,-9900,?,9,-9900,?,9,24.99,E,8,13.77,E,8,49.0,E,8,964.3861999999999,E,8,999.0,E,8,5.27,E,8,-9900,?,9,-9900,?,9,0.0,E,8,-9900,?,9,-9900,?,9,0.0,0.0,E,8
09/08/2012,16:00,650.92,1346.169,507.48,1,8,673.317,1,8,182.22,1,8,60897.6,1,8,63965.099,1,8,20044.154,1,8,120.07,1,8,-9900,?,9,-9900,?,9,24.61,E,8,13.67,E,8,50.0,E,8,964.3861999999999,E,8,999.0,E,8,5.68,E,8,-9900,?,9,-9900,?,9,0.0,E,8,-9900,?,9,-9900,?,9,0.0,0.0,E,8
09/08/2012,17:00,359.66,1346.169,297.59,1,8,624.483,1,8,131.368,1,8,35710.8,1,8,59325.927,1,8,14450.473,1,8,157.098,1,8,-9900,?,9,-9900,?,9,23.55,E,8,13.38,E,8,52.0,E,8,964.3861999999999,E,8,999.0,E,8,6.25,E,8,-9900,?,9,-9900,?,9,0.0,E,8,-9900,?,9,-9900,?,9,0.0,0.0,E,8
09/08/2012,18:00,45.925,1346.169,74.86,1,8,0.0,1,8,74.86,1,8,8983.2,1,8,0.0,1,8,8234.6,1,8,827.755,1,8,-9900,?,9,-9900,?,9,21.96,E,8,12.93,E,8,56.0,E,8,964.3861999999999,E,8,999.0,E,8,5.36,E,8,-9900,?,9,-9900,?,9,0.0,E,8,-9900,?,9,-9900,?,9,0.0,0.0,E,8
09/08/2012,19:00,0.0,1346.169,0.0,1,8,0.0,1,8,0.0,1,8,0.0,1,8,0.0,1,8,0.0,1,8,-0.0,1,8,-9900,?,9,-9900,?,9,21.2,E,8,12.72,E,8,58.0,E,8,964.3861999999999,E,8,999.0,E,8,4.47,E,8,-9900,?,9,-9900,?,9,0.0,E,8,-9900,?,9,-9900,?,9,0.0,0.0,E,8
09/08/2012,20:00,0.0,1346.169,0.0,1,8,0.0,1,8,0.0,1,8,0.0,1,8,0.0,1,8,0.0,1,8,-0.0,1,8,-9900,?,9,-9900,?,9,20.43,E,8,12.49,E,8,60.0,E,8,964.3861999999999,E,8,999.0,E,8,5.64,E,8,-9900,?,9,-9900,?,9,0.0,E,8,-9900,?,9,-9900,?,9,0.0,0.0,E,8
09/08/2012,21:00,0.0,1346.169,0.0,1,8,0.0,1,8,0.0,1,8,0.0,1,8,0.0,1,8,0.0,1,8,-0.0,1,8,-9900,?,9,-9900,?,9,19.67,E,8,12.27,E,8,62.0,E,8,964.3861999999999,E,8,999.0,E,8,5.49,E,8,-9900,?,9,-9900,?,9,0.0,E,8,-9900,?,9,-9900,?,9,0.0,0.0,E,8
09/08/2012,22:00,0.0,1346.169,0.0,1,8,0.0,1,8,0.0,1,8,0.0,1,8,0.0,1,8,0.0,1,8,-0.0,1,8,-9900,?,9,-9900,?,9,18.91,E,8,12.04,E,8,64.0,E,8,964.3861999999999,E,8,999.0,E,8,4.37,E,8,-9900,?,9,-9900,?,9,0.0,E,8,-9900,?,9,-9900,?,9,0.0,0.0,E,8
09/08/2012,23:00,0.0,1346.169,0.0,1,8,0.0,1,8,0.0,1,8,0.0,1,8,0.0,1,8,0.0,1,8,-0.0,1,8,-9900,?,9,-9900,?,9,18.15,E,8,11.82,E,8,66.0,E,8,964.3861999999999,E,8,999.0,E,8,3.83,E,8,-9900,?,9,-9900,?,9,0.0,E,8,-9900,?,9,-9900,?,9,0.0,0.0,E,8
09/08/2012,24:00,0.0,1346.169,0.0,1,8,0.0,1,8,0.0,1,8,0.0,1,8,0.0,1,8,0.0,1,8,-0.0,1,8,-9900,?,9,-9900,?,9,17.39,E,8,13.26,E,8,76.0,E,8,964.3861999999999,E,8,999.0,E,8,3.67,E,8,-9900,?,9,-9900,?,9,0.0,E,8,-9900,?,9,-9900,?,9,0.0,0.0,E,8
09/09/2012,01:00,0.0,1346.169,0.0,1,8,0.0,1,8,0.0,1,8,0.0,1,8,0.0,1,8,0.0,1,8,-0.0,1,8,-9900,?,9,-9900,?,9,17.01,E,8,13.16,E,8,78.0,E,8,964.3861999999999,E,8,999.0,E,8,3.7,E,8,-9900,?,9,-9900,?,9,0.0,E,8,-9900,?,9,-9900,?,9,0.0,0.0,E,8
09/09/2012,02:00,0.0,1346.169,0.0,1,8,0.0,1,8,0.0,1,8,0.0,1,8,0.0,1,8,0.0,1,8,-0.0,1,8,-9900,?,9,-9900,?,9,16.63,E,8,13.06,E,8,79.0,E,8,964.3861999999999,E,8,999.0,E,8,4.03,E,8,-9900,?,9,-9900,?,9,0.0,E,8,-9900,?,9,-9900,?,9,0.0,0.0,E,8
09/09/2012,03:00,0.0,1346.169,0.0,1,8,0.0,1,8,0.0,1,8,0.0,1,8,0.0,1,8,0.0,1,8,-0.0,1,8,-9900,?,9,-9900,?,9,16.25,E,8,12.96,E,8,80.0,E,8,964.3861999999999,E,8,999.0,E,8,4.27,E,8,-9900,?,9,-9900,?,9,0.0,E,8,-9900,?,9,-9900,?,9,0.0,0.0,E,8
09/09/2012,04:00,0.0,1346.878,0.0,1,8,0.0,1,8,0.0,1,8,0.0,1,8,0.0,1,8,0.0,1,8,-0.0,1,8,-9900,?,9,-9900,?,9,15.87,E,8,12.86,E,8,82.0,E,8,964.3861999999999,E,8,999.0,E,8,4.93,E,8,-9900,?,9,-9900,?,9,0.0,E,8,-9900,?,9,-9900,?,9,0.0,0.0,E,8
09/09/2012,05:00,0.0,1346.878,0.0,1,8,0.0,1,8,0.0,1,8,0.0,1,8,0.0,1,8,0.0,1,8,-0.0,1,8,-9900,?,9,-9900,?,9,15.49,E,8,12.76,E,8,83.0,E,8,964.3861999999999,E,8,999.0,E,8,3.82,E,8,-9900,?,9,-9900,?,9,0.0,E,8,-9900,?,9,-9900,?,9,0.0,0.0,E,8
09/09/2012,06:00,0.0,1346.878,0.0,1,8,0.0,1,8,0.0,1,8,0.0,1,8,0.0,1,8,0.0,1,8,-0.0,1,8,-9900,?,9,-9900,?,9,15.19,E,8,12.68,E,8,84.0,E,8,964.3861999999999,E,8,999.0,E,8,3.43,E,8,-9900,?,9,-9900,?,9,0.0,E,8,-9900,?,9,-9900,?,9,0.0,0.0,E,8
09/09/2012,07:00,200.038,1346.878,2.02,1,8,0.0,1,8,2.02,1,8,242.4,1,8,0.0,1,8,222.2,1,8,4.383,1,8,-9900,?,9,-9900,?,9,14.94,E,8,12.62,E,8,85.0,E,8,964.3861999999999,E,8,999.0,E,8,3.55,E,8,-9900,?,9,-9900,?,9,0.0,E,8,-9900,?,9,-9900,?,9,0.0,0.0,E,8
09/09/2012,08:00,507.905,1346.878,143.89,1,8,13.283,1,8,138.89,1,8,17266.8,1,8,1261.86,1,8,15277.888,1,8,117.443,1,8,-9900,?,9,-9900,?,9,14.69,E,8,12.55,E,8,86.0,E,8,964.3861999999999,E,8,999.0,E,8,4.86,E,8,-9900,?,9,-9900,?,9,0.0,E,8,-9900,?,9,-9900,?,9,0.0,0.0,E,8
09/09/2012,09:00,779.317,1346.878,325.59,1,8,102.913,1,8,266.078,1,8,39070.8,1,8,9776.76,1,8,29268.58,1,8,146.462,1,8,-9900,?,9,-9900,?,9,19.23,E,8,13.72,E,8,70.0,E,8,964.3861999999999,E,8,999.0,E,8,6.13,E,8,-9900,?,9,-9900,?,9,0.0,E,8,-9900,?,9,-9900,?,9,0.0,0.0,E,8
09/09/2012,10:00,994.866,1346.878,514.35,1,8,197.154,1,8,368.758,1,8,61722.0,1,8,18729.66,1,8,40563.415,1,8,158.95,1,8,-9900,?,9,-9900,?,9,21.03,E,8,14.16,E,8,64.0,E,8,964.3861999999999,E,8,999.0,E,8,6.73,E,8,-9900,?,9,-9900,?,9,0.0,E,8,-9900,?,9,-9900,?,9,0.0,0.0,E,8
09/09/2012,11:00,1139.718,1346.878,672.08,1,8,323.371,1,8,398.478,1,8,80649.6,1,8,30720.24,1,8,43832.556,1,8,149.912,1,8,-9900,?,9,-9900,?,9,22.7,E,8,14.56,E,8,60.0,E,8,964.3861999999999,E,8,999.0,E,8,8.44,E,8,-9900,?,9,-9900,?,9,0.0,E,8,-9900,?,9,-9900,?,9,0.0,0.0,E,8
09/09/2012,12:00,1203.959,1346.878,800.82,1,8,477.914,1,8,373.65,1,8,96098.4,1,8,45401.807,1,8,41101.477,1,8,133.065,1,8,-9900,?,9,-9900,?,9,24.19,E,8,14.91,E,8,56.0,E,8,964.3861999999999,E,8,999.0,E,8,8.37,E,8,-9900,?,9,-9900,?,9,0.0,E,8,-9900,?,9,-9900,?,9,0.0,0.0,E,8
09/09/2012,13:00,1183.201,1346.878,785.49,1,8,412.147,1,8,423.46,1,8,94258.8,1,8,39153.954,1,8,46580.586,1,8,153.451,1,8,-9900,?,9,-9900,?,9,25.14,E,8,15.13,E,8,53.0,E,8,964.3861999999999,E,8,999.0,E,8,8.04,E,8,-9900,?,9,-9900,?,9,0.0,E,8,-9900,?,9,-9900,?,9,0.0,0.0,E,8
09/09/2012,14:00,1078.869,1346.878,717.72,1,8,447.941,1,8,358.972,1,8,86126.4,1,8,42554.356,1,8,39486.905,1,8,142.673,1,8,-9900,?,9,-9900,?,9,25.63,E,8,15.24,E,8,52.0,E,8,964.3861999999999,E,8,999.0,E,8,7.34,E,8,-9900,?,9,-9900,?,9,0.0,E,8,-9900,?,9,-9900,?,9,0.0,0.0,E,8
09/09/2012,15:00,898.105,1346.878,568.33,1,8,484.778,1,8,245.196,1,8,68199.6,1,8,46053.913,1,8,26971.565,1,8,117.091,1,8,-9900,?,9,-9900,?,9,25.64,E,8,15.24,E,8,52.0,E,8,964.3861999999999,E,8,999.0,E,8,6.19,E,8,-9900,?,9,-9900,?,9,0.0,E,8,-9900,?,9,-9900,?,9,0.0,0.0,E,8
09/09/2012,16:00,653.314,1346.878,353.74,1,8,349.174,1,8,184.531,1,8,42448.8,1,8,33171.527,1,8,20298.444,1,8,121.21,1,8,-9900,?,9,-9900,?,9,24.86,E,8,15.07,E,8,54.0,E,8,964.3861999999999,E,8,999.0,E,8,9.4,E,8,-9900,?,9,-9900,?,9,0.0,E,8,-9900,?,9,-9900,?,9,0.0,0.0,E,8
09/09/2012,17:00,361.5,1346.878,166.8,1,8,242.164,1,8,102.044,1,8,20016.0,1,8,23005.559,1,8,11224.841,1,8,121.469,1,8,-9900,?,9,-9900,?,9,23.63,E,8,14.78,E,8,57.0,E,8,964.3861999999999,E,8,999.0,E,8,9.16,E,8,-9900,?,9,-9900,?,9,0.0,E,8,-9900,?,9,-9900,?,9,0.0,0.0,E,8
09/09/2012,18:00,47.215,1346.878,51.83,1,8,0.0,1,8,51.83,1,8,6219.6,1,8,0.0,1,8,5701.3,1,8,553.588,1,8,-9900,?,9,-9900,?,9,22.27,E,8,14.46,E,8,61.0,E,8,964.3861999999999,E,8,999.0,E,8,7.55,E,8,-9900,?,9,-9900,?,9,0.0,E,8,-9900,?,9,-9900,?,9,0.0,0.0,E,8
09/09/2012,19:00,0.0,1346.878,0.0,1,8,0.0,1,8,0.0,1,8,0.0,1,8,0.0,1,8,0.0,1,8,-0.0,1,8,-9900,?,9,-9900,?,9,21.39,E,8,14.25,E,8,63.0,E,8,964.3861999999999,E,8,999.0,E,8,5.74,E,8,-9900,?,9,-9900,?,9,0.0,E,8,-9900,?,9,-9900,?,9,0.0,0.0,E,8
09/09/2012,20:00,0.0,1346.878,0.0,1,8,0.0,1,8,0.0,1,8,0.0,1,8,0.0,1,8,0.0,1,8,-0.0,1,8,-9900,?,9,-9900,?,9,20.5,E,8,14.03,E,8,66.0,E,8,964.3861999999999,E,8,999.0,E,8,5.16,E,8,-9900,?,9,-9900,?,9,0.0,E,8,-9900,?,9,-9900,?,9,0.0,0.0,E,8
09/09/2012,21:00,0.0,1346.878,0.0,1,8,0.0,1,8,0.0,1,8,0.0,1,8,0.0,1,8,0.0,1,8,-0.0,1,8,-9900,?,9,-9900,?,9,19.61,E,8,13.81,E,8,69.0,E,8,964.3861999999999,E,8,999.0,E,8,4.96,E,8,-9900,?,9,-9900,?,9,0.0,E,8,-9900,?,9,-9900,?,9,0.0,0.0,E,8
09/09/2012,22:00,0.0,1346.878,0.0,1,8,0.0,1,8,0.0,1,8,0.0,1,8,0.0,1,8,0.0,1,8,-0.0,1,8,-9900,?,9,-9900,?,9,18.73,E,8,13.6,E,8,72.0,E,8,964.3861999999999,E,8,999.0,E,8,4.24,E,8,-9900,?,9,-9900,?,9,0.0,E,8,-9900,?,9,-9900,?,9,0.0,0.0,E,8
09/09/2012,23:00,0.0,1346.878,0.0,1,8,0.0,1,8,0.0,1,8,0.0,1,8,0.0,1,8,0.0,1,8,-0.0,1,8,-9900,?,9,-9900,?,9,17.84,E,8,13.37,E,8,75.0,E,8,964.3861999999999,E,8,999.0,E,8,3.63,E,8,-9900,?,9,-9900,?,9,0.0,E,8,-9900,?,9,-9900,?,9,0.0,0.0,E,8
09/09/2012,24:00,0.0,1346.878,0.0,1,8,0.0,1,8,0.0,1,8,0.0,1,8,0.0,1,8,0.0,1,8,-0.0,1,8,-9900,?,9,-9900,?,9,16.95,E,8,11.26,E,8,69.0,E,8,964.3861999999999,E,8,999.0,E,8,4.43,E,8,-9900,?,9,-9900,?,9,0.0,E,8,-9900,?,9,-9900,?,9,0.0,0.0,E,8
09/10/2012,01:00,0.0,1346.878,0.0,1,8,0.0,1,8,0.0,1,8,0.0,1,8,0.0,1,8,0.0,1,8,-0.0,1,8,-9900,?,9,-9900,?,9,16.51,E,8,11.17,E,8,70.0,E,8,964.3861999999999,E,8,999.0,E,8,4.3,E,8,-9900,?,9,-9900,?,9,0.0,E,8,-9900,?,9,-9900,?,9,0.0,0.0,E,8
09/10/2012,02:00,0.0,1346.878,0.0,1,8,0.0,1,8,0.0,1,8,0.0,1,8,0.0,1,8,0.0,1,8,-0.0,1,8,-9900,?,9,-9900,?,9,16.07,E,8,11.08,E,8,72.0,E,8,964.3861999999999,E,8,999.0,E,8,3.93,E,8,-9900,?,9,-9900,?,9,0.0,E,8,-9900,?,9,-9900,?,9,0.0,0.0,E,8
09/10/2012,03:00,0.0,1346.878,0.0,1,8,0.0,1,8,0.0,1,8,0.0,1,8,0.0,1,8,0.0,1,8,-0.0,1,8,-9900,?,9,-9900,?,9,15.63,E,8,11.0,E,8,73.0,E,8,964.3861999999999,E,8,999.0,E,8,3.89,E,8,-9900,?,9,-9900,?,9,0.0,E,8,-9900,?,9,-9900,?,9,0.0,0.0,E,8
09/10/2012,04:00,0.0,1347.593,0.0,1,8,0.0,1,8,0.0,1,8,0.0,1,8,0.0,1,8,0.0,1,8,-0.0,1,8,-9900,?,9,-9900,?,9,15.18,E,8,10.91,E,8,75.0,E,8,964.3861999999999,E,8,999.0,E,8,5.32,E,8,-9900,?,9,-9900,?,9,0.0,E,8,-9900,?,9,-9900,?,9,0.0,0.0,E,8
09/10/2012,05:00,0.0,1347.593,0.0,1,8,0.0,1,8,0.0,1,8,0.0,1,8,0.0,1,8,0.0,1,8,-0.0,1,8,-9900,?,9,-9900,?,9,14.74,E,8,10.82,E,8,77.0,E,8,964.3861999999999,E,8,999.0,E,8,5.12,E,8,-9900,?,9,-9900,?,9,0.0,E,8,-9900,?,9,-9900,?,9,0.0,0.0,E,8
09/10/2012,06:00,0.0,1347.593,0.0,1,8,0.0,1,8,0.0,1,8,0.0,1,8,0.0,1,8,0.0,1,8,-0.0,1,8,-9900,?,9,-9900,?,9,14.4,E,8,10.75,E,8,78.0,E,8,964.3861999999999,E,8,999.0,E,8,3.76,E,8,-9900,?,9,-9900,?,9,0.0,E,8,-9900,?,9,-9900,?,9,0.0,0.0,E,8
09/10/2012,07:00,205.311,1347.593,3.81,1,8,0.0,1,8,3.81,1,8,457.2,1,8,0.0,1,8,419.1,1,8,8.053,1,8,-9900,?,9,-9900,?,9,14.1,E,8,10.69,E,8,79.0,E,8,964.3861999999999,E,8,999.0,E,8,3.1,E,8,-9900,?,9,-9900,?,9,0.0,E,8,-9900,?,9,-9900,?,9,0.0,0.0,E,8
09/10/2012,08:00,513.406,1347.593,174.63,1,8,89.427,1,8,140.618,1,8,20955.6,1,8,8495.578,1,8,15468.02,1,8,117.688,1,8,-9900,?,9,-9900,?,9,13.81,E,8,10.63,E,8,81.0,E,8,964.3861999999999,E,8,999.0,E,8,3.65,E,8,-9900,?,9,-9900,?,9,0.0,E,8,-9900,?,9,-9900,?,9,0.0,0.0,E,8
09/10/2012,09:00,784.85,1347.593,387.84,1,8,198.749,1,8,272.153,1,8,46540.8,1,8,18881.122,1,8,29936.853,1,8,148.828,1,8,-9900,?,9,-9900,?,9,19.79,E,8,11.81,E,8,59.0,E,8,964.3861999999999,E,8,999.0,E,8,3.1,E,8,-9900,?,9,-9900,?,9,0.0,E,8,-9900,?,9,-9900,?,9,0.0,0.0,E,8
09/10/2012,10:00,1000.264,1347.593,584.18,1,8,324.827,1,8,343.131,1,8,70101.6,1,8,30858.604,1,8,37744.446,1,8,147.183,1,8,-9900,?,9,-9900,?,9,21.93,E,8,12.21,E,8,53.0,E,8,964.3861999999999,E,8,999.0,E,8,5.2,E,8,-9900,?,9,-9900,?,9,0.0,E,8,-9900,?,9,-9900,?,9,0.0,0.0,E,8
09/10/2012,11:00,1144.83,1347.593,715.15,1,8,411.545,1,8,365.567,1,8,85818.0,1,8,39096.774,1,8,40212.371,1,8,136.989,1,8,-9900,?,9,-9900,?,9,23.7,E,8,12.53,E,8,49.0,E,8,964.3861999999999,E,8,999.0,E,8,5.31,E,8,-9900,?,9,-9900,?,9,0.0,E,8,-9900,?,9,-9900,?,9,0.0,0.0,E,8
09/10/2012,12:00,1208.653,1347.593,781.64,1,8,440.75,1,8,386.36,1,8,93796.8,1,8,41871.276,1,8,42499.652,1,8,137.13,1,8,-9900,?,9,-9900,?,9,25.04,E,8,12.78,E,8,46.0,E,8,964.3861999999999,E,8,999.0,E,8,5.58,E,8,-9900,?,9,-9900,?,9,0.0,E,8,-9900,?,9,-9900,?,9,0.0,0.0,E,8
09/10/2012,13:00,1187.374,1347.593,784.71,1,8,468.581,1,8,371.875,1,8,94165.2,1,8,44515.175,1,8,40906.251,1,8,134.355,1,8,-9900,?,9,-9900,?,9,25.95,E,8,12.94,E,8,44.0,E,8,964.3861999999999,E,8,999.0,E,8,6.99,E,8,-9900,?,9,-9900,?,9,0.0,E,8,-9900,?,9,-9900,?,9,0.0,0.0,E,8
09/10/2012,14:00,1082.454,1347.593,740.14,1,8,568.007,1,8,283.962,1,8,88816.8,1,8,53960.669,1,8,31235.836,1,8,112.546,1,8,-9900,?,9,-9900,?,9,26.46,E,8,13.03,E,8,43.0,E,8,964.3861999999999,E,8,999.0,E,8,7.12,E,8,-9900,?,9,-9900,?,9,0.0,E,8,-9900,?,9,-9900,?,9,0.0,0.0,E,8
09/10/2012,15:00,901.076,1347.593,647.13,1,8,761.128,1,8,138.382,1,8,77655.6,1,8,72307.192,1,8,15222.019,1,8,65.9,1,8,-9900,?,9,-9900,?,9,26.6,E,8,13.05,E,8,43.0,E,8,964.3861999999999,E,8,999.0,E,8,8.39,E,8,-9900,?,9,-9900,?,9,0.0,E,8,-9900,?,9,-9900,?,9,0.0,0.0,E,8
09/10/2012,16:00,655.686,1347.593,487.5,1,8,655.453,1,8,168.883,1,8,58500.0,1,8,62268.036,1,8,18577.132,1,8,110.588,1,8,-9900,?,9,-9900,?,9,26.14,E,8,12.97,E,8,44.0,E,8,964.3861999999999,E,8,999.0,E,8,10.05,E,8,-9900,?,9,-9900,?,9,0.0,E,8,-9900,?,9,-9900,?,9,0.0,0.0,E,8
09/10/2012,17:00,363.327,1347.593,288.47,1,8,626.984,1,8,120.047,1,8,34616.4,1,8,59563.438,1,8,13205.176,1,8,142.251,1,8,-9900,?,9,-9900,?,9,25.05,E,8,12.78,E,8,46.0,E,8,964.3861999999999,E,8,999.0,E,8,10.15,E,8,-9900,?,9,-9900,?,9,0.0,E,8,-9900,?,9,-9900,?,9,0.0,0.0,E,8
09/10/2012,18:00,48.506,1347.593,77.63,1,8,0.0,1,8,77.63,1,8,9315.6,1,8,0.0,1,8,8539.3,1,8,801.904,1,8,-9900,?,9,-9900,?,9,23.47,E,8,12.49,E,8,50.0,E,8,964.3861999999999,E,8,999.0,E,8,8.63,E,8,-9900,?,9,-9900,?,9,0.0,E,8,-9900,?,9,-9900,?,9,0.0,0.0,E,8
09/10/2012,19:00,0.0,1347.593,0.0,1,8,0.0,1,8,0.0,1,8,0.0,1,8,0.0,1,8,0.0,1,8,-0.0,1,8,-9900,?,9,-9900,?,9,22.42,E,8,12.3,E,8,52.0,E,8,964.3861999999999,E,8,999.0,E,8,6.72,E,8,-9900,?,9,-9900,?,9,0.0,E,8,-9900,?,9,-9900,?,9,0.0,0.0,E,8
09/10/2012,20:00,0.0,1347.593,0.0,1,8,0.0,1,8,0.0,1,8,0.0,1,8,0.0,1,8,0.0,1,8,-0.0,1,8,-9900,?,9,-9900,?,9,21.36,E,8,12.1,E,8,55.0,E,8,964.3861999999999,E,8,999.0,E,8,4.51,E,8,-9900,?,9,-9900,?,9,0.0,E,8,-9900,?,9,-9900,?,9,0.0,0.0,E,8
09/10/2012,21:00,0.0,1347.593,0.0,1,8,0.0,1,8,0.0,1,8,0.0,1,8,0.0,1,8,0.0,1,8,-0.0,1,8,-9900,?,9,-9900,?,9,20.31,E,8,11.91,E,8,58.0,E,8,964.3861999999999,E,8,999.0,E,8,3.88,E,8,-9900,?,9,-9900,?,9,0.0,E,8,-9900,?,9,-9900,?,9,0.0,0.0,E,8
09/10/2012,22:00,0.0,1347.593,0.0,1,8,0.0,1,8,0.0,1,8,0.0,1,8,0.0,1,8,0.0,1,8,-0.0,1,8,-9900,?,9,-9900,?,9,19.26,E,8,11.71,E,8,61.0,E,8,964.3861999999999,E,8,999.0,E,8,2.77,E,8,-9900,?,9,-9900,?,9,0.0,E,8,-9900,?,9,-9900,?,9,0.0,0.0,E,8
09/10/2012,23:00,0.0,1347.593,0.0,1,8,0.0,1,8,0.0,1,8,0.0,1,8,0.0,1,8,0.0,1,8,-0.0,1,8,-9900,?,9,-9900,?,9,18.2,E,8,11.5,E,8,64.0,E,8,964.3861999999999,E,8,999.0,E,8,2.33,E,8,-9900,?,9,-9900,?,9,0.0,E,8,-9900,?,9,-9900,?,9,0.0,0.0,E,8
09/10/2012,24:00,0.0,1347.593,0.0,1,8,0.0,1,8,0.0,1,8,0.0,1,8,0.0,1,8,0.0,1,8,-0.0,1,8,-9900,?,9,-9900,?,9,17.15,E,8,9.48,E,8,60.0,E,8,964.3861999999999,E,8,999.0,E,8,3.28,E,8,-9900,?,9,-9900,?,9,0.0,E,8,-9900,?,9,-9900,?,9,0.0,0.0,E,8
09/11/2012,01:00,0.0,1347.593,0.0,1,8,0.0,1,8,0.0,1,8,0.0,1,8,0.0,1,8,0.0,1,8,-0.0,1,8,-9900,?,9,-9900,?,9,16.62,E,8,9.5,E,8,62.0,E,8,964.3861999999999,E,8,999.0,E,8,2.4,E,8,-9900,?,9,-9900,?,9,0.0,E,8,-9900,?,9,-9900,?,9,0.0,0.0,E,8
09/11/2012,02:00,0.0,1347.593,0.0,1,8,0.0,1,8,0.0,1,8,0.0,1,8,0.0,1,8,0.0,1,8,-0.0,1,8,-9900,?,9,-9900,?,9,16.09,E,8,9.53,E,8,65.0,E,8,964.3861999999999,E,8,999.0,E,8,2.48,E,8,-9900,?,9,-9900,?,9,0.0,E,8,-9900,?,9,-9900,?,9,0.0,0.0,E,8
09/11/2012,03:00,0.0,1347.593,0.0,1,8,0.0,1,8,0.0,1,8,0.0,1,8,0.0,1,8,0.0,1,8,-0.0,1,8,-9900,?,9,-9900,?,9,15.57,E,8,9.55,E,8,67.0,E,8,964.3861999999999,E,8,999.0,E,8,2.03,E,8,-9900,?,9,-9900,?,9,0.0,E,8,-9900,?,9,-9900,?,9,0.0,0.0,E,8
09/11/2012,04:00,0.0,1348.315,0.0,1,8,0.0,1,8,0.0,1,8,0.0,1,8,0.0,1,8,0.0,1,8,-0.0,1,8,-9900,?,9,-9900,?,9,15.04,E,8,9.57,E,8,69.0,E,8,964.3861999999999,E,8,999.0,E,8,1.93,E,8,-9900,?,9,-9900,?,9,0.0,E,8,-9900,?,9,-9900,?,9,0.0,0.0,E,8
09/11/2012,05:00,0.0,1348.315,0.0,1,8,0.0,1,8,0.0,1,8,0.0,1,8,0.0,1,8,0.0,1,8,-0.0,1,8,-9900,?,9,-9900,?,9,14.51,E,8,9.59,E,8,72.0,E,8,964.3861999999999,E,8,999.0,E,8,1.93,E,8,-9900,?,9,-9900,?,9,0.0,E,8,-9900,?,9,-9900,?,9,0.0,0.0,E,8
09/11/2012,06:00,0.0,1348.315,0.0,1,8,0.0,1,8,0.0,1,8,0.0,1,8,0.0,1,8,0.0,1,8,-0.0,1,8,-9900,?,9,-9900,?,9,14.1,E,8,9.61,E,8,74.0,E,8,964.3861999999999,E,8,999.0,E,8,1.93,E,8,-9900,?,9,-9900,?,9,0.0,E,8,-9900,?,9,-9900,?,9,0.0,0.0,E,8
09/11/2012,07:00,210.607,1348.315,4.64,1,8,0.0,1,8,4.64,1,8,556.8,1,8,0.0,1,8,510.4,1,8,9.561,1,8,-9900,?,9,-9900,?,9,13.76,E,8,9.62,E,8,76.0,E,8,964.3861999999999,E,8,999.0,E,8,1.93,E,8,-9900,?,9,-9900,?,9,0.0,E,8,-9900,?,9,-9900,?,9,0.0,0.0,E,8
09/11/2012,08:00,518.916,1348.315,192.86,1,8,87.825,1,8,159.116,1,8,23143.2,1,8,8343.399,1,8,17502.745,1,8,131.821,1,8,-9900,?,9,-9900,?,9,13.41,E,8,9.64,E,8,77.0,E,8,964.3861999999999,E,8,999.0,E,8,1.93,E,8,-9900,?,9,-9900,?,9,0.0,E,8,-9900,?,9,-9900,?,9,0.0,0.0,E,8
09/11/2012,09:00,790.377,1348.315,427.03,1,8,275.957,1,8,265.355,1,8,51243.6,1,8,26215.944,1,8,29189.093,1,8,144.171,1,8,-9900,?,9,-9900,?,9,19.34,E,8,9.39,E,8,52.0,E,8,964.3861999999999,E,8,999.0,E,8,1.93,E,8,-9900,?,9,-9900,?,9,0.0,E,8,-9900,?,9,-9900,?,9,0.0,0.0,E,8
09/11/2012,10:00,1005.647,1348.315,619.47,1,8,407.635,1,8,315.505,1,8,74336.4,1,8,38725.326,1,8,34705.523,1,8,134.68,1,8,-9900,?,9,-9900,?,9,21.31,E,8,9.31,E,8,46.0,E,8,964.3861999999999,E,8,999.0,E,8,1.93,E,8,-9900,?,9,-9900,?,9,0.0,E,8,-9900,?,9,-9900,?,9,0.0,0.0,E,8
09/11/2012,11:00,1149.917,1348.315,770.77,1,8,464.721,1,8,374.474,1,8,92492.4,1,8,44148.486,1,8,41192.154,1,8,139.78,1,8,-9900,?,9,-9900,?,9,23.02,E,8,9.23,E,8,41.0,E,8,964.3861999999999,E,8,999.0,E,8,1.93,E,8,-9900,?,9,-9900,?,9,0.0,E,8,-9900,?,9,-9900,?,9,0.0,0.0,E,8
09/11/2012,12:00,1213.315,1348.315,808.65,1,8,436.424,1,8,415.95,1,8,97038.0,1,8,41460.241,1,8,45754.521,1,8,147.143,1,8,-9900,?,9,-9900,?,9,24.2,E,8,9.18,E,8,38.0,E,8,964.3861999999999,E,8,999.0,E,8,1.93,E,8,-9900,?,9,-9900,?,9,0.0,E,8,-9900,?,9,-9900,?,9,0.0,0.0,E,8
09/11/2012,13:00,1191.513,1348.315,819.37,1,8,482.563,1,8,392.961,1,8,98324.4,1,8,45843.518,1,8,43225.747,1,8,141.556,1,8,-9900,?,9,-9900,?,9,25.01,E,8,9.15,E,8,36.0,E,8,964.3861999999999,E,8,999.0,E,8,3.32,E,8,-9900,?,9,-9900,?,9,0.0,E,8,-9900,?,9,-9900,?,9,0.0,0.0,E,8
09/11/2012,14:00,1086.006,1348.315,775.33,1,8,629.701,1,8,268.216,1,8,93039.6,1,8,59821.554,1,8,29503.735,1,8,106.014,1,8,-9900,?,9,-9900,?,9,25.47,E,8,9.13,E,8,35.0,E,8,964.3861999999999,E,8,999.0,E,8,3.72,E,8,-9900,?,9,-9900,?,9,0.0,E,8,-9900,?,9,-9900,?,9,0.0,0.0,E,8
09/11/2012,15:00,904.017,1348.315,669.67,1,8,779.661,1,8,147.112,1,8,80360.4,1,8,74067.763,1,8,16182.267,1,8,69.866,1,8,-9900,?,9,-9900,?,9,25.57,E,8,9.12,E,8,35.0,E,8,964.3861999999999,E,8,999.0,E,8,3.46,E,8,-9900,?,9,-9900,?,9,0.0,E,8,-9900,?,9,-9900,?,9,0.0,0.0,E,8
09/11/2012,16:00,658.035,1348.315,504.02,1,8,779.153,1,8,124.115,1,8,60482.4,1,8,74019.575,1,8,13652.679,1,8,81.026,1,8,-9900,?,9,-9900,?,9,25.09,E,8,9.14,E,8,36.0,E,8,964.3861999999999,E,8,999.0,E,8,3.32,E,8,-9900,?,9,-9900,?,9,0.0,E,8,-9900,?,9,-9900,?,9,0.0,0.0,E,8
09/11/2012,17:00,365.142,1348.315,290.55,1,8,615.862,1,8,124.371,1,8,34866.0,1,8,58506.885,1,8,13680.845,1,8,146.716,1,8,-9900,?,9,-9900,?,9,24.02,E,8,9.19,E,8,38.0,E,8,964.3861999999999,E,8,999.0,E,8,2.21,E,8,-9900,?,9,-9900,?,9,0.0,E,8,-9900,?,9,-9900,?,9,0.0,0.0,E,8
09/11/2012,18:00,49.8,1348.315,64.44,1,8,0.0,1,8,64.44,1,8,7732.8,1,8,0.0,1,8,7088.4,1,8,644.502,1,8,-9900,?,9,-9900,?,9,22.47,E,8,9.26,E,8,42.0,E,8,964.3861999999999,E,8,999.0,E,8,3.64,E,8,-9900,?,9,-9900,?,9,0.0,E,8,-9900,?,9,-9900,?,9,0.0,0.0,E,8
09/11/2012,19:00,0.0,1348.315,0.0,1,8,0.0,1,8,0.0,1,8,0.0,1,8,0.0,1,8,0.0,1,8,-0.0,1,8,-9900,?,9,-9900,?,9,21.44,E,8,9.3,E,8,45.0,E,8,964.3861999999999,E,8,999.0,E,8,2.7,E,8,-9900,?,9,-9900,?,9,0.0,E,8,-9900,?,9,-9900,?,9,0.0,0.0,E,8
09/11/2012,20:00,0.0,1348.315,0.0,1,8,0.0,1,8,0.0,1,8,0.0,1,8,0.0,1,8,0.0,1,8,-0.0,1,8,-9900,?,9,-9900,?,9,20.42,E,8,9.34,E,8,48.0,E,8,964.3861999999999,E,8,999.0,E,8,2.41,E,8,-9900,?,9,-9900,?,9,0.0,E,8,-9900,?,9,-9900,?,9,0.0,0.0,E,8
09/11/2012,21:00,0.0,1348.315,0.0,1,8,0.0,1,8,0.0,1,8,0.0,1,8,0.0,1,8,0.0,1,8,-0.0,1,8,-9900,?,9,-9900,?,9,19.39,E,8,9.39,E,8,52.0,E,8,964.3861999999999,E,8,999.0,E,8,1.93,E,8,-9900,?,9,-9900,?,9,0.0,E,8,-9900,?,9,-9900,?,9,0.0,0.0,E,8
09/11/2012,22:00,0.0,1348.315,0.0,1,8,0.0,1,8,0.0,1,8,0.0,1,8,0.0,1,8,0.0,1,8,-0.0,1,8,-9900,?,9,-9900,?,9,18.37,E,8,9.43,E,8,55.0,E,8,964.3861999999999,E,8,999.0,E,8,1.93,E,8,-9900,?,9,-9900,?,9,0.0,E,8,-9900,?,9,-9900,?,9,0.0,0.0,E,8
09/11/2012,23:00,0.0,1348.315,0.0,1,8,0.0,1,8,0.0,1,8,0.0,1,8,0.0,1,8,0.0,1,8,-0.0,1,8,-9900,?,9,-9900,?,9,17.34,E,8,9.47,E,8,59.0,E,8,964.3861999999999,E,8,999.0,E,8,1.93,E,8,-9900,?,9,-9900,?,9,0.0,E,8,-9900,?,9,-9900,?,9,0.0,0.0,E,8
09/11/2012,24:00,0.0,1348.315,0.0,1,8,0.0,1,8,0.0,1,8,0.0,1,8,0.0,1,8,0.0,1,8,-0.0,1,8,-9900,?,9,-9900,?,9,16.32,E,8,11.06,E,8,70.0,E,8,964.3861999999999,E,8,999.0,E,8,0.67,E,8,-9900,?,9,-9900,?,9,0.0,E,8,-9900,?,9,-9900,?,9,0.0,0.0,E,8
09/12/2012,01:00,0.0,1348.315,0.0,1,8,0.0,1,8,0.0,1,8,0.0,1,8,0.0,1,8,0.0,1,8,-0.0,1,8,-9900,?,9,-9900,?,9,15.81,E,8,11.01,E,8,73.0,E,8,964.3861999999999,E,8,999.0,E,8,0.67,E,8,-9900,?,9,-9900,?,9,0.0,E,8,-9900,?,9,-9900,?,9,0.0,0.0,E,8
09/12/2012,02:00,0.0,1348.315,0.0,1,8,0.0,1,8,0.0,1,8,0.0,1,8,0.0,1,8,0.0,1,8,-0.0,1,8,-9900,?,9,-9900,?,9,15.29,E,8,10.97,E,8,75.0,E,8,964.3861999999999,E,8,999.0,E,8,0.67,E,8,-9900,?,9,-9900,?,9,0.0,E,8,-9900,?,9,-9900,?,9,0.0,0.0,E,8
09/12/2012,03:00,0.0,1348.315,0.0,1,8,0.0,1,8,0.0,1,8,0.0,1,8,0.0,1,8,0.0,1,8,-0.0,1,8,-9900,?,9,-9900,?,9,14.78,E,8,10.92,E,8,77.0,E,8,964.3861999999999,E,8,999.0,E,8,0.67,E,8,-9900,?,9,-9900,?,9,0.0,E,8,-9900,?,9,-9900,?,9,0.0,0.0,E,8
09/12/2012,04:00,0.0,1349.042,0.0,1,8,0.0,1,8,0.0,1,8,0.0,1,8,0.0,1,8,0.0,1,8,-0.0,1,8,-9900,?,9,-9900,?,9,14.27,E,8,10.88,E,8,80.0,E,8,964.3861999999999,E,8,999.0,E,8,0.67,E,8,-9900,?,9,-9900,?,9,0.0,E,8,-9900,?,9,-9900,?,9,0.0,0.0,E,8
09/12/2012,05:00,0.0,1349.042,0.0,1,8,0.0,1,8,0.0,1,8,0.0,1,8,0.0,1,8,0.0,1,8,-0.0,1,8,-9900,?,9,-9900,?,9,13.75,E,8,10.83,E,8,82.0,E,8,964.3861999999999,E,8,999.0,E,8,0.67,E,8,-9900,?,9,-9900,?,9,0.0,E,8,-9900,?,9,-9900,?,9,0.0,0.0,E,8
09/12/2012,06:00,0.0,1349.042,0.0,1,8,0.0,1,8,0.0,1,8,0.0,1,8,0.0,1,8,0.0,1,8,-0.0,1,8,-9900,?,9,-9900,?,9,13.36,E,8,10.8,E,8,84.0,E,8,964.3861999999999,E,8,999.0,E,8,0.72,E,8,-9900,?,9,-9900,?,9,0.0,E,8,-9900,?,9,-9900,?,9,0.0,0.0,E,8
09/12/2012,07:00,215.924,1349.042,4.93,1,8,0.0,1,8,4.93,1,8,591.6,1,8,0.0,1,8,542.3,1,8,9.909,1,8,-9900,?,9,-9900,?,9,13.02,E,8,10.77,E,8,86.0,E,8,964.3861999999999,E,8,999.0,E,8,0.96,E,8,-9900,?,9,-9900,?,9,0.0,E,8,-9900,?,9,-9900,?,9,0.0,0.0,E,8
09/12/2012,08:00,524.431,1349.042,182.0,1,8,97.668,1,8,144.094,1,8,21840.0,1,8,9278.454,1,8,15850.369,1,8,118.18,1,8,-9900,?,9,-9900,?,9,12.68,E,8,10.74,E,8,87.0,E,8,964.3861999999999,E,8,999.0,E,8,1.1,E,8,-9900,?,9,-9900,?,9,0.0,E,8,-9900,?,9,-9900,?,9,0.0,0.0,E,8
09/12/2012,09:00,795.897,1349.042,378.47,1,8,170.078,1,8,278.184,1,8,45416.4,1,8,16157.435,1,8,30600.201,1,8,150.172,1,8,-9900,?,9,-9900,?,9,18.24,E,8,11.22,E,8,63.0,E,8,964.3861999999999,E,8,999.0,E,8,1.09,E,8,-9900,?,9,-9900,?,9,0.0,E,8,-9900,?,9,-9900,?,9,0.0,0.0,E,8
09/12/2012,10:00,1011.011,1349.042,590.81,1,8,323.724,1,8,348.258,1,8,70897.2,1,8,30753.757,1,8,38308.364,1,8,147.952,1,8,-9900,?,9,-9900,?,9,20.3,E,8,11.4,E,8,56.0,E,8,964.3861999999999,E,8,999.0,E,8,1.5,E,8,-9900,?,9,-9900,?,9,0.0,E,8,-9900,?,9,-9900,?,9,0.0,0.0,E,8
09/12/2012,11:00,1154.976,1349.042,712.02,1,8,392.916,1,8,375.663,1,8,85442.4,1,8,37327.04,1,8,41322.882,1,8,139.684,1,8,-9900,?,9,-9900,?,9,21.92,E,8,11.54,E,8,51.0,E,8,964.3861999999999,E,8,999.0,E,8,1.96,E,8,-9900,?,9,-9900,?,9,0.0,E,8,-9900,?,9,-9900,?,9,0.0,0.0,E,8
09/12/2012,12:00,1217.945,1349.042,817.67,1,8,474.932,1,8,388.92,1,8,98120.4,1,8,45118.523,1,8,42781.17,1,8,137.131,1,8,-9900,?,9,-9900,?,9,23.32,E,8,11.65,E,8,47.0,E,8,964.3861999999999,E,8,999.0,E,8,2.11,E,8,-9900,?,9,-9900,?,9,0.0,E,8,-9900,?,9,-9900,?,9,0.0,0.0,E,8
09/12/2012,13:00,1195.616,1349.042,800.5,1,8,480.41,1,8,374.761,1,8,96060.0,1,8,45638.987,1,8,41223.674,1,8,134.609,1,8,-9900,?,9,-9900,?,9,24.19,E,8,11.73,E,8,45.0,E,8,964.3861999999999,E,8,999.0,E,8,2.08,E,8,-9900,?,9,-9900,?,9,0.0,E,8,-9900,?,9,-9900,?,9,0.0,0.0,E,8
09/12/2012,14:00,1089.523,1349.042,762.2,1,8,600.05,1,8,277.66,1,8,91464.0,1,8,57004.733,1,8,30542.546,1,8,109.451,1,8,-9900,?,9,-9900,?,9,24.71,E,8,11.77,E,8,44.0,E,8,964.3861999999999,E,8,999.0,E,8,2.59,E,8,-9900,?,9,-9900,?,9,0.0,E,8,-9900,?,9,-9900,?,9,0.0,0.0,E,8
09/12/2012,15:00,906.929,1349.042,668.47,1,8,818.868,1,8,118.16,1,8,80216.4,1,8,77792.48,1,8,12997.648,1,8,55.967,1,8,-9900,?,9,-9900,?,9,24.86,E,8,11.78,E,8,43.0,E,8,964.3861999999999,E,8,999.0,E,8,2.49,E,8,-9900,?,9,-9900,?,9,0.0,E,8,-9900,?,9,-9900,?,9,0.0,0.0,E,8
09/12/2012,16:00,660.363,1349.042,497.7,1,8,664.096,1,8,172.923,1,8,59724.0,1,8,63089.144,1,8,19021.531,1,8,112.551,1,8,-9900,?,9,-9900,?,9,24.43,E,8,11.75,E,8,45.0,E,8,964.3861999999999,E,8,999.0,E,8,2.6,E,8,-9900,?,9,-9900,?,9,0.0,E,8,-9900,?,9,-9900,?,9,0.0,0.0,E,8
09/12/2012,17:00,366.946,1349.042,293.56,1,8,629.78,1,8,122.873,1,8,35227.2,1,8,59829.117,1,8,13515.997,1,8,144.309,1,8,-9900,?,9,-9900,?,9,23.39,E,8,11.66,E,8,47.0,E,8,964.3861999999999,E,8,999.0,E,8,2.78,E,8,-9900,?,9,-9900,?,9,0.0,E,8,-9900,?,9,-9900,?,9,0.0,0.0,E,8
09/12/2012,18:00,51.096,1349.042,69.36,1,8,0.0,1,8,69.36,1,8,8323.2,1,8,0.0,1,8,7629.6,1,8,672.361,1,8,-9900,?,9,-9900,?,9,21.86,E,8,11.53,E,8,51.0,E,8,964.3861999999999,E,8,999.0,E,8,2.35,E,8,-9900,?,9,-9900,?,9,0.0,E,8,-9900,?,9,-9900,?,9,0.0,0.0,E,8
09/12/2012,19:00,0.0,1349.042,0.0,1,8,0.0,1,8,0.0,1,8,0.0,1,8,0.0,1,8,0.0,1,8,-0.0,1,8,-9900,?,9,-9900,?,9,20.97,E,8,11.46,E,8,54.0,E,8,964.3861999999999,E,8,999.0,E,8,2.15,E,8,-9900,?,9,-9900,?,9,0.0,E,8,-9900,?,9,-9900,?,9,0.0,0.0,E,8
09/12/2012,20:00,0.0,1349.042,0.0,1,8,0.0,1,8,0.0,1,8,0.0,1,8,0.0,1,8,0.0,1,8,-0.0,1,8,-9900,?,9,-9900,?,9,20.09,E,8,11.38,E,8,57.0,E,8,964.3861999999999,E,8,999.0,E,8,1.4,E,8,-9900,?,9,-9900,?,9,0.0,E,8,-9900,?,9,-9900,?,9,0.0,0.0,E,8
09/12/2012,21:00,0.0,1349.042,0.0,1,8,0.0,1,8,0.0,1,8,0.0,1,8,0.0,1,8,0.0,1,8,-0.0,1,8,-9900,?,9,-9900,?,9,19.2,E,8,11.31,E,8,60.0,E,8,964.3861999999999,E,8,999.0,E,8,1.0,E,8,-9900,?,9,-9900,?,9,0.0,E,8,-9900,?,9,-9900,?,9,0.0,0.0,E,8
09/12/2012,22:00,0.0,1349.042,0.0,1,8,0.0,1,8,0.0,1,8,0.0,1,8,0.0,1,8,0.0,1,8,-0.0,1,8,-9900,?,9,-9900,?,9,18.32,E,8,11.23,E,8,63.0,E,8,964.3861999999999,E,8,999.0,E,8,0.67,E,8,-9900,?,9,-9900,?,9,0.0,E,8,-9900,?,9,-9900,?,9,0.0,0.0,E,8
09/12/2012,23:00,0.0,1349.042,0.0,1,8,0.0,1,8,0.0,1,8,0.0,1,8,0.0,1,8,0.0,1,8,-0.0,1,8,-9900,?,9,-9900,?,9,17.44,E,8,11.15,E,8,66.0,E,8,964.3861999999999,E,8,999.0,E,8,0.67,E,8,-9900,?,9,-9900,?,9,0.0,E,8,-9900,?,9,-9900,?,9,0.0,0.0,E,8
09/12/2012,24:00,0.0,1349.042,0.0,1,8,0.0,1,8,0.0,1,8,0.0,1,8,0.0,1,8,0.0,1,8,-0.0,1,8,-9900,?,9,-9900,?,9,16.55,E,8,12.06,E,8,74.0,E,8,964.3861999999999,E,8,999.0,E,8,1.31,E,8,-9900,?,9,-9900,?,9,0.0,E,8,-9900,?,9,-9900,?,9,0.0,0.0,E,8
09/13/2012,01:00,0.0,1349.042,0.0,1,8,0.0,1,8,0.0,1,8,0.0,1,8,0.0,1,8,0.0,1,8,-0.0,1,8,-9900,?,9,-9900,?,9,16.11,E,8,11.97,E,8,76.0,E,8,964.3861999999999,E,8,999.0,E,8,1.31,E,8,-9900,?,9,-9900,?,9,0.0,E,8,-9900,?,9,-9900,?,9,0.0,0.0,E,8
09/13/2012,02:00,0.0,1349.042,0.0,1,8,0.0,1,8,0.0,1,8,0.0,1,8,0.0,1,8,0.0,1,8,-0.0,1,8,-9900,?,9,-9900,?,9,15.67,E,8,11.87,E,8,78.0,E,8,964.3861999999999,E,8,999.0,E,8,1.35,E,8,-9900,?,9,-9900,?,9,0.0,E,8,-9900,?,9,-9900,?,9,0.0,0.0,E,8
09/13/2012,03:00,0.0,1349.042,0.0,1,8,0.0,1,8,0.0,1,8,0.0,1,8,0.0,1,8,0.0,1,8,-0.0,1,8,-9900,?,9,-9900,?,9,15.23,E,8,11.78,E,8,79.0,E,8,964.3861999999999,E,8,999.0,E,8,1.72,E,8,-9900,?,9,-9900,?,9,0.0,E,8,-9900,?,9,-9900,?,9,0.0,0.0,E,8
09/13/2012,04:00,0.0,1349.775,0.0,1,8,0.0,1,8,0.0,1,8,0.0,1,8,0.0,1,8,0.0,1,8,-0.0,1,8,-9900,?,9,-9900,?,9,14.78,E,8,11.68,E,8,81.0,E,8,964.3861999999999,E,8,999.0,E,8,1.31,E,8,-9900,?,9,-9900,?,9,0.0,E,8,-9900,?,9,-9900,?,9,0.0,0.0,E,8
09/13/2012,05:00,0.0,1349.775,0.0,1,8,0.0,1,8,0.0,1,8,0.0,1,8,0.0,1,8,0.0,1,8,-0.0,1,8,-9900,?,9,-9900,?,9,14.34,E,8,11.59,E,8,83.0,E,8,964.3861999999999,E,8,999.0,E,8,1.31,E,8,-9900,?,9,-9900,?,9,0.0,E,8,-9900,?,9,-9900,?,9,0.0,0.0,E,8
09/13/2012,06:00,0.0,1349.775,0.0,1,8,0.0,1,8,0.0,1,8,0.0,1,8,0.0,1,8,0.0,1,8,-0.0,1,8,-9900,?,9,-9900,?,9,14.0,E,8,11.51,E,8,84.0,E,8,964.3861999999999,E,8,999.0,E,8,1.31,E,8,-9900,?,9,-9900,?,9,0.0,E,8,-9900,?,9,-9900,?,9,0.0,0.0,E,8
09/13/2012,07:00,221.259,1349.775,13.03,1,8,0.0,1,8,13.03,1,8,1563.6,1,8,0.0,1,8,1433.3,1,8,25.559,1,8,-9900,?,9,-9900,?,9,13.71,E,8,11.45,E,8,86.0,E,8,964.3861999999999,E,8,999.0,E,8,1.31,E,8,-9900,?,9,-9900,?,9,0.0,E,8,-9900,?,9,-9900,?,9,0.0,0.0,E,8
09/13/2012,08:00,529.949,1349.775,210.57,1,8,107.346,1,8,168.491,1,8,25268.4,1,8,10197.896,1,8,18534.009,1,8,136.82,1,8,-9900,?,9,-9900,?,9,13.42,E,8,11.38,E,8,87.0,E,8,964.3861999999999,E,8,999.0,E,8,1.31,E,8,-9900,?,9,-9900,?,9,0.0,E,8,-9900,?,9,-9900,?,9,0.0,0.0,E,8
09/13/2012,09:00,801.407,1349.775,506.37,1,8,503.327,1,8,207.688,1,8,60764.4,1,8,47816.106,1,8,22845.733,1,8,111.405,1,8,-9900,?,9,-9900,?,9,20.69,E,8,12.91,E,8,61.0,E,8,964.3861999999999,E,8,999.0,E,8,1.31,E,8,-9900,?,9,-9900,?,9,0.0,E,8,-9900,?,9,-9900,?,9,0.0,0.0,E,8
09/13/2012,10:00,1016.353,1349.775,589.68,1,8,307.588,1,8,358.125,1,8,70761.6,1,8,29220.851,1,8,39393.717,1,8,151.425,1,8,-9900,?,9,-9900,?,9,22.25,E,8,13.22,E,8,56.0,E,8,964.3861999999999,E,8,999.0,E,8,1.31,E,8,-9900,?,9,-9900,?,9,0.0,E,8,-9900,?,9,-9900,?,9,0.0,0.0,E,8
09/13/2012,11:00,1160.006,1349.775,462.68,1,8,79.985,1,8,393.948,1,8,55521.6,1,8,7598.538,1,8,43334.263,1,8,145.927,1,8,-9900,?,9,-9900,?,9,22.39,E,8,13.25,E,8,56.0,E,8,964.3861999999999,E,8,999.0,E,8,1.31,E,8,-9900,?,9,-9900,?,9,0.0,E,8,-9900,?,9,-9900,?,9,0.0,0.0,E,8
09/13/2012,12:00,1222.539,1349.775,539.93,1,8,93.243,1,8,455.482,1,8,64791.6,1,8,8858.114,1,8,50102.987,1,8,160.084,1,8,-9900,?,9,-9900,?,9,22.78,E,8,13.33,E,8,55.0,E,8,964.3861999999999,E,8,999.0,E,8,1.31,E,8,-9900,?,9,-9900,?,9,0.0,E,8,-9900,?,9,-9900,?,9,0.0,0.0,E,8
09/13/2012,13:00,1199.682,1349.775,429.0,1,8,71.816,1,8,365.175,1,8,51480.0,1,8,6822.486,1,8,40169.266,1,8,130.792,1,8,-9900,?,9,-9900,?,9,22.67,E,8,13.31,E,8,55.0,E,8,964.3861999999999,E,8,999.0,E,8,1.92,E,8,-9900,?,9,-9900,?,9,0.0,E,8,-9900,?,9,-9900,?,9,0.0,0.0,E,8
09/13/2012,14:00,1093.005,1349.775,711.68,1,8,467.425,1,8,333.233,1,8,85401.6,1,8,44405.33,1,8,36655.639,1,8,131.01,1,8,-9900,?,9,-9900,?,9,23.41,E,8,13.45,E,8,53.0,E,8,964.3861999999999,E,8,999.0,E,8,2.11,E,8,-9900,?,9,-9900,?,9,0.0,E,8,-9900,?,9,-9900,?,9,0.0,0.0,E,8
09/13/2012,15:00,909.81,1349.775,654.02,1,8,616.447,1,8,238.653,1,8,78482.4,1,8,58562.461,1,8,26251.844,1,8,112.741,1,8,-9900,?,9,-9900,?,9,23.82,E,8,13.53,E,8,52.0,E,8,964.3861999999999,E,8,999.0,E,8,1.91,E,8,-9900,?,9,-9900,?,9,0.0,E,8,-9900,?,9,-9900,?,9,0.0,0.0,E,8
09/13/2012,16:00,662.669,1349.775,250.89,1,8,74.291,1,8,214.45,1,8,30106.8,1,8,7057.677,1,8,23589.546,1,8,139.169,1,8,-9900,?,9,-9900,?,9,22.81,E,8,13.33,E,8,55.0,E,8,964.3861999999999,E,8,999.0,E,8,1.57,E,8,-9900,?,9,-9900,?,9,0.0,E,8,-9900,?,9,-9900,?,9,0.0,0.0,E,8
09/13/2012,17:00,368.738,1349.775,82.33,1,8,0.0,1,8,82.33,1,8,9879.6,1,8,0.0,1,8,9056.3,1,8,96.272,1,8,-9900,?,9,-9900,?,9,21.43,E,8,13.06,E,8,58.0,E,8,964.3861999999999,E,8,999.0,E,8,1.31,E,8,-9900,?,9,-9900,?,9,0.0,E,8,-9900,?,9,-9900,?,9,0.0,0.0,E,8
09/13/2012,18:00,52.395,1349.775,53.18,1,8,0.0,1,8,53.18,1,8,6381.6,1,8,0.0,1,8,5849.8,1,8,500.126,1,8,-9900,?,9,-9900,?,9,20.21,E,8,12.82,E,8,62.0,E,8,964.3861999999999,E,8,999.0,E,8,1.31,E,8,-9900,?,9,-9900,?,9,0.0,E,8,-9900,?,9,-9900,?,9,0.0,0.0,E,8
09/13/2012,19:00,0.0,1349.775,0.0,1,8,0.0,1,8,0.0,1,8,0.0,1,8,0.0,1,8,0.0,1,8,-0.0,1,8,-9900,?,9,-9900,?,9,19.52,E,8,12.68,E,8,64.0,E,8,964.3861999999999,E,8,999.0,E,8,1.31,E,8,-9900,?,9,-9900,?,9,0.0,E,8,-9900,?,9,-9900,?,9,0.0,0.0,E,8
09/13/2012,20:00,0.0,1349.775,0.0,1,8,0.0,1,8,0.0,1,8,0.0,1,8,0.0,1,8,0.0,1,8,-0.0,1,8,-9900,?,9,-9900,?,9,18.83,E,8,12.54,E,8,66.0,E,8,964.3861999999999,E,8,999.0,E,8,1.31,E,8,-9900,?,9,-9900,?,9,0.0,E,8,-9900,?,9,-9900,?,9,0.0,0.0,E,8
09/13/2012,21:00,0.0,1349.775,0.0,1,8,0.0,1,8,0.0,1,8,0.0,1,8,0.0,1,8,0.0,1,8,-0.0,1,8,-9900,?,9,-9900,?,9,18.15,E,8,12.4,E,8,69.0,E,8,964.3861999999999,E,8,999.0,E,8,1.31,E,8,-9900,?,9,-9900,?,9,0.0,E,8,-9900,?,9,-9900,?,9,0.0,0.0,E,8
09/13/2012,22:00,0.0,1349.775,0.0,1,8,0.0,1,8,0.0,1,8,0.0,1,8,0.0,1,8,0.0,1,8,-0.0,1,8,-9900,?,9,-9900,?,9,17.46,E,8,12.25,E,8,71.0,E,8,964.3861999999999,E,8,999.0,E,8,1.31,E,8,-9900,?,9,-9900,?,9,0.0,E,8,-9900,?,9,-9900,?,9,0.0,0.0,E,8
09/13/2012,23:00,0.0,1349.775,0.0,1,8,0.0,1,8,0.0,1,8,0.0,1,8,0.0,1,8,0.0,1,8,-0.0,1,8,-9900,?,9,-9900,?,9,16.77,E,8,12.11,E,8,73.0,E,8,964.3861999999999,E,8,999.0,E,8,1.31,E,8,-9900,?,9,-9900,?,9,0.0,E,8,-9900,?,9,-9900,?,9,0.0,0.0,E,8
09/13/2012,24:00,0.0,1349.775,0.0,1,8,0.0,1,8,0.0,1,8,0.0,1,8,0.0,1,8,0.0,1,8,-0.0,1,8,-9900,?,9,-9900,?,9,16.08,E,8,13.52,E,8,87.0,E,8,964.3861999999999,E,8,999.0,E,8,1.4,E,8,-9900,?,9,-9900,?,9,0.009,E,8,-9900,?,9,-9900,?,9,0.09,99.0,E,8
09/14/2012,01:00,0.0,1349.775,0.0,1,8,0.0,1,8,0.0,1,8,0.0,1,8,0.0,1,8,0.0,1,8,-0.0,1,8,-9900,?,9,-9900,?,9,15.74,E,8,13.41,E,8,88.0,E,8,964.3861999999999,E,8,999.0,E,8,1.4,E,8,-9900,?,9,-9900,?,9,0.001,E,8,-9900,?,9,-9900,?,9,0.01,99.0,E,8
09/14/2012,02:00,0.0,1349.775,0.0,1,8,0.0,1,8,0.0,1,8,0.0,1,8,0.0,1,8,0.0,1,8,-0.0,1,8,-9900,?,9,-9900,?,9,15.4,E,8,13.29,E,8,89.0,E,8,964.3861999999999,E,8,999.0,E,8,1.4,E,8,-9900,?,9,-9900,?,9,0.005,E,8,-9900,?,9,-9900,?,9,0.05,99.0,E,8
09/14/2012,03:00,0.0,1349.775,0.0,1,8,0.0,1,8,0.0,1,8,0.0,1,8,0.0,1,8,0.0,1,8,-0.0,1,8,-9900,?,9,-9900,?,9,15.05,E,8,13.16,E,8,86.0,E,8,964.3861999999999,E,8,999.0,E,8,1.4,E,8,-9900,?,9,-9900,?,9,0.0,E,8,-9900,?,9,-9900,?,9,0.0,0.0,E,8
09/14/2012,04:00,0.0,1350.514,0.0,1,8,0.0,1,8,0.0,1,8,0.0,1,8,0.0,1,8,0.0,1,8,-0.0,1,8,-9900,?,9,-9900,?,9,14.71,E,8,13.04,E,8,91.0,E,8,964.3861999999999,E,8,999.0,E,8,1.4,E,8,-9900,?,9,-9900,?,9,0.016,E,8,-9900,?,9,-9900,?,9,0.16,99.0,E,8
09/14/2012,05:00,0.0,1350.514,0.0,1,8,0.0,1,8,0.0,1,8,0.0,1,8,0.0,1,8,0.0,1,8,-0.0,1,8,-9900,?,9,-9900,?,9,14.37,E,8,12.92,E,8,88.0,E,8,964.3861999999999,E,8,999.0,E,8,1.4,E,8,-9900,?,9,-9900,?,9,0.0,E,8,-9900,?,9,-9900,?,9,0.0,0.0,E,8
09/14/2012,06:00,0.0,1350.514,0.0,1,8,0.0,1,8,0.0,1,8,0.0,1,8,0.0,1,8,0.0,1,8,-0.0,1,8,-9900,?,9,-9900,?,9,14.1,E,8,12.83,E,8,93.0,E,8,964.3861999999999,E,8,999.0,E,8,1.4,E,8,-9900,?,9,-9900,?,9,0.001,E,8,-9900,?,9,-9900,?,9,0.01,99.0,E,8
09/14/2012,07:00,226.608,1350.514,2.41,1,8,0.0,1,8,2.41,1,8,289.2,1,8,0.0,1,8,265.1,1,8,4.616,1,8,-9900,?,9,-9900,?,9,13.87,E,8,12.74,E,8,90.0,E,8,964.3861999999999,E,8,999.0,E,8,1.4,E,8,-9900,?,9,-9900,?,9,0.0,E,8,-9900,?,9,-9900,?,9,0.0,0.0,E,8
09/14/2012,08:00,535.466,1350.514,69.21,1,8,0.0,1,8,69.21,1,8,8305.2,1,8,0.0,1,8,7613.1,1,8,55.65,1,8,-9900,?,9,-9900,?,9,13.65,E,8,12.66,E,8,90.0,E,8,964.3861999999999,E,8,999.0,E,8,1.4,E,8,-9900,?,9,-9900,?,9,0.0,E,8,-9900,?,9,-9900,?,9,0.0,0.0,E,8
09/14/2012,09:00,806.904,1350.514,148.39,1,8,0.0,1,8,148.39,1,8,17806.8,1,8,0.0,1,8,16322.9,1,8,79.097,1,8,-9900,?,9,-9900,?,9,18.39,E,8,14.3,E,8,75.0,E,8,964.3861999999999,E,8,999.0,E,8,1.4,E,8,-9900,?,9,-9900,?,9,0.0,E,8,-9900,?,9,-9900,?,9,0.0,0.0,E,8
09/14/2012,10:00,1021.671,1350.514,144.7,1,8,0.197,1,8,144.551,1,8,17364.0,1,8,18.74,1,8,15900.588,1,8,60.835,1,8,-9900,?,9,-9900,?,9,18.91,E,8,14.48,E,8,74.0,E,8,964.3861999999999,E,8,999.0,E,8,1.4,E,8,-9900,?,9,-9900,?,9,0.0,E,8,-9900,?,9,-9900,?,9,0.0,0.0,E,8
09/14/2012,11:00,1165.003,1350.514,180.85,1,8,1.876,1,8,179.232,1,8,21702.0,1,8,178.219,1,8,19715.506,1,8,66.143,1,8,-9900,?,9,-9900,?,9,19.57,E,8,14.69,E,8,72.0,E,8,964.3861999999999,E,8,999.0,E,8,1.4,E,8,-9900,?,9,-9900,?,9,0.0,E,8,-9900,?,9,-9900,?,9,0.0,0.0,E,8
09/14/2012,12:00,1227.096,1350.514,296.55,1,8,24.171,1,8,274.589,1,8,35586.0,1,8,2296.271,1,8,30204.791,1,8,96.201,1,8,-9900,?,9,-9900,?,9,20.97,E,8,15.14,E,8,68.0,E,8,964.3861999999999,E,8,999.0,E,8,1.4,E,8,-9900,?,9,-9900,?,9,0.0,E,8,-9900,?,9,-9900,?,9,0.0,0.0,E,8
09/14/2012,13:00,1203.71,1350.514,302.05,1,8,8.683,1,8,294.312,1,8,36246.0,1,8,824.867,1,8,32374.279,1,8,105.116,1,8,-9900,?,9,-9900,?,9,21.94,E,8,15.44,E,8,66.0,E,8,964.3861999999999,E,8,999.0,E,8,1.76,E,8,-9900,?,9,-9900,?,9,0.0,E,8,-9900,?,9,-9900,?,9,0.0,0.0,E,8
09/14/2012,14:00,1096.45,1350.514,239.25,1,8,2.953,1,8,236.853,1,8,28710.0,1,8,280.528,1,8,26053.825,1,8,92.876,1,8,-9900,?,9,-9900,?,9,22.25,E,8,15.53,E,8,65.0,E,8,964.3861999999999,E,8,999.0,E,8,1.65,E,8,-9900,?,9,-9900,?,9,0.0,E,8,-9900,?,9,-9900,?,9,0.0,0.0,E,8
09/14/2012,15:00,912.661,1350.514,314.69,1,8,25.331,1,8,297.578,1,8,37762.8,1,8,2406.401,1,8,32733.57,1,8,140.214,1,8,-9900,?,9,-9900,?,9,22.89,E,8,15.73,E,8,63.0,E,8,964.3861999999999,E,8,999.0,E,8,1.4,E,8,-9900,?,9,-9900,?,9,0.0,E,8,-9900,?,9,-9900,?,9,0.0,0.0,E,8
09/14/2012,16:00,664.953,1350.514,225.08,1,8,12.792,1,8,218.787,1,8,27009.6,1,8,1215.245,1,8,24066.606,1,8,141.572,1,8,-9900,?,9,-9900,?,9,22.95,E,8,15.75,E,8,63.0,E,8,964.3861999999999,E,8,999.0,E,8,1.4,E,8,-9900,?,9,-9900,?,9,0.0,E,8,-9900,?,9,-9900,?,9,0.0,0.0,E,8
09/14/2012,17:00,370.521,1350.514,113.31,1,8,16.494,1,8,108.801,1,8,13597.2,1,8,1566.951,1,8,11968.077,1,8,126.679,1,8,-9900,?,9,-9900,?,9,22.21,E,8,15.52,E,8,65.0,E,8,964.3861999999999,E,8,999.0,E,8,1.4,E,8,-9900,?,9,-9900,?,9,0.0,E,8,-9900,?,9,-9900,?,9,0.0,0.0,E,8
09/14/2012,18:00,53.699,1350.514,26.97,1,8,0.0,1,8,26.97,1,8,3236.4,1,8,0.0,1,8,2966.7,1,8,246.281,1,8,-9900,?,9,-9900,?,9,21.02,E,8,15.15,E,8,73.0,E,8,964.3861999999999,E,8,999.0,E,8,1.4,E,8,-9900,?,9,-9900,?,9,0.003,E,8,-9900,?,9,-9900,?,9,0.03,99.0,E,8
09/14/2012,19:00,0.0,1350.514,0.0,1,8,0.0,1,8,0.0,1,8,0.0,1,8,0.0,1,8,0.0,1,8,-0.0,1,8,-9900,?,9,-9900,?,9,20.23,E,8,14.9,E,8,70.0,E,8,964.3861999999999,E,8,999.0,E,8,1.4,E,8,-9900,?,9,-9900,?,9,0.0,E,8,-9900,?,9,-9900,?,9,0.0,0.0,E,8
09/14/2012,20:00,0.0,1350.514,0.0,1,8,0.0,1,8,0.0,1,8,0.0,1,8,0.0,1,8,0.0,1,8,-0.0,1,8,-9900,?,9,-9900,?,9,19.44,E,8,14.65,E,8,72.0,E,8,964.3861999999999,E,8,999.0,E,8,1.4,E,8,-9900,?,9,-9900,?,9,0.0,E,8,-9900,?,9,-9900,?,9,0.0,0.0,E,8
09/14/2012,21:00,0.0,1350.514,0.0,1,8,0.0,1,8,0.0,1,8,0.0,1,8,0.0,1,8,0.0,1,8,-0.0,1,8,-9900,?,9,-9900,?,9,18.66,E,8,14.39,E,8,75.0,E,8,964.3861999999999,E,8,999.0,E,8,1.4,E,8,-9900,?,9,-9900,?,9,0.0,E,8,-9900,?,9,-9900,?,9,0.0,0.0,E,8
09/14/2012,22:00,0.0,1350.514,0.0,1,8,0.0,1,8,0.0,1,8,0.0,1,8,0.0,1,8,0.0,1,8,-0.0,1,8,-9900,?,9,-9900,?,9,17.87,E,8,14.13,E,8,81.0,E,8,964.3861999999999,E,8,999.0,E,8,1.4,E,8,-9900,?,9,-9900,?,9,0.033,E,8,-9900,?,9,-9900,?,9,0.33,99.0,E,8
09/14/2012,23:00,0.0,1350.514,0.0,1,8,0.0,1,8,0.0,1,8,0.0,1,8,0.0,1,8,0.0,1,8,-0.0,1,8,-9900,?,9,-9900,?,9,17.08,E,8,13.87,E,8,93.0,E,8,964.3861999999999,E,8,999.0,E,8,1.4,E,8,-9900,?,9,-9900,?,9,0.632,E,8,-9900,?,9,-9900,?,9,6.32,99.0,E,8
09/14/2012,24:00,0.0,1350.514,0.0,1,8,0.0,1,8,0.0,1,8,0.0,1,8,0.0,1,8,0.0,1,8,-0.0,1,8,-9900,?,9,-9900,?,9,16.29,E,8,13.68,E,8,84.0,E,8,964.3861999999999,E,8,999.0,E,8,1.39,E,8,-9900,?,9,-9900,?,9,0.0,E,8,-9900,?,9,-9900,?,9,0.0,0.0,E,8
09/15/2012,01:00,0.0,1350.514,0.0,1,8,0.0,1,8,0.0,1,8,0.0,1,8,0.0,1,8,0.0,1,8,-0.0,1,8,-9900,?,9,-9900,?,9,15.9,E,8,13.5,E,8,85.0,E,8,964.3861999999999,E,8,999.0,E,8,1.39,E,8,-9900,?,9,-9900,?,9,0.0,E,8,-9900,?,9,-9900,?,9,0.0,0.0,E,8
09/15/2012,02:00,0.0,1350.514,0.0,1,8,0.0,1,8,0.0,1,8,0.0,1,8,0.0,1,8,0.0,1,8,-0.0,1,8,-9900,?,9,-9900,?,9,15.5,E,8,13.31,E,8,86.0,E,8,964.3861999999999,E,8,999.0,E,8,1.39,E,8,-9900,?,9,-9900,?,9,0.0,E,8,-9900,?,9,-9900,?,9,0.0,0.0,E,8
09/15/2012,03:00,0.0,1350.514,0.0,1,8,0.0,1,8,0.0,1,8,0.0,1,8,0.0,1,8,0.0,1,8,-0.0,1,8,-9900,?,9,-9900,?,9,15.11,E,8,13.13,E,8,87.0,E,8,964.3861999999999,E,8,999.0,E,8,1.39,E,8,-9900,?,9,-9900,?,9,0.0,E,8,-9900,?,9,-9900,?,9,0.0,0.0,E,8
09/15/2012,04:00,0.0,1351.258,0.0,1,8,0.0,1,8,0.0,1,8,0.0,1,8,0.0,1,8,0.0,1,8,-0.0,1,8,-9900,?,9,-9900,?,9,14.71,E,8,12.94,E,8,89.0,E,8,964.3861999999999,E,8,999.0,E,8,1.39,E,8,-9900,?,9,-9900,?,9,0.0,E,8,-9900,?,9,-9900,?,9,0.0,0.0,E,8
09/15/2012,05:00,0.0,1351.258,0.0,1,8,0.0,1,8,0.0,1,8,0.0,1,8,0.0,1,8,0.0,1,8,-0.0,1,8,-9900,?,9,-9900,?,9,14.32,E,8,12.76,E,8,90.0,E,8,964.3861999999999,E,8,999.0,E,8,1.39,E,8,-9900,?,9,-9900,?,9,0.0,E,8,-9900,?,9,-9900,?,9,0.0,0.0,E,8
09/15/2012,06:00,0.0,1351.258,0.0,1,8,0.0,1,8,0.0,1,8,0.0,1,8,0.0,1,8,0.0,1,8,-0.0,1,8,-9900,?,9,-9900,?,9,14.01,E,8,12.61,E,8,91.0,E,8,964.3861999999999,E,8,999.0,E,8,1.39,E,8,-9900,?,9,-9900,?,9,0.0,E,8,-9900,?,9,-9900,?,9,0.0,0.0,E,8
09/15/2012,07:00,231.97,1351.258,4.1,1,8,0.0,1,8,4.1,1,8,492.0,1,8,0.0,1,8,451.0,1,8,7.673,1,8,-9900,?,9,-9900,?,9,13.75,E,8,12.48,E,8,92.0,E,8,964.3861999999999,E,8,999.0,E,8,1.39,E,8,-9900,?,9,-9900,?,9,0.0,E,8,-9900,?,9,-9900,?,9,0.0,0.0,E,8
09/15/2012,08:00,540.98,1351.258,93.5,1,8,0.0,1,8,93.5,1,8,11220.0,1,8,0.0,1,8,10285.0,1,8,74.453,1,8,-9900,?,9,-9900,?,9,13.49,E,8,12.36,E,8,92.0,E,8,964.3861999999999,E,8,999.0,E,8,1.39,E,8,-9900,?,9,-9900,?,9,0.0,E,8,-9900,?,9,-9900,?,9,0.0,0.0,E,8
09/15/2012,09:00,812.384,1351.258,216.56,1,8,16.71,1,8,206.519,1,8,25987.2,1,8,1587.447,1,8,22717.099,1,8,109.399,1,8,-9900,?,9,-9900,?,9,18.48,E,8,14.64,E,8,78.0,E,8,964.3861999999999,E,8,999.0,E,8,1.39,E,8,-9900,?,9,-9900,?,9,0.0,E,8,-9900,?,9,-9900,?,9,0.0,0.0,E,8
09/15/2012,10:00,1026.962,1351.258,315.26,1,8,15.202,1,8,303.709,1,8,37831.2,1,8,1444.169,1,8,33407.997,1,8,127.229,1,8,-9900,?,9,-9900,?,9,20.2,E,8,15.36,E,8,73.0,E,8,964.3861999999999,E,8,999.0,E,8,1.39,E,8,-9900,?,9,-9900,?,9,0.0,E,8,-9900,?,9,-9900,?,9,0.0,0.0,E,8
09/15/2012,11:00,1169.966,1351.258,157.92,1,8,1.537,1,8,156.589,1,8,18950.4,1,8,146.003,1,8,17224.84,1,8,57.573,1,8,-9900,?,9,-9900,?,9,19.79,E,8,15.2,E,8,74.0,E,8,964.3861999999999,E,8,999.0,E,8,1.39,E,8,-9900,?,9,-9900,?,9,0.0,E,8,-9900,?,9,-9900,?,9,0.0,0.0,E,8
09/15/2012,12:00,1231.614,1351.258,355.91,1,8,18.918,1,8,338.668,1,8,42709.2,1,8,1797.23,1,8,37253.469,1,8,118.281,1,8,-9900,?,9,-9900,?,9,20.82,E,8,15.62,E,8,72.0,E,8,964.3861999999999,E,8,999.0,E,8,1.39,E,8,-9900,?,9,-9900,?,9,0.0,E,8,-9900,?,9,-9900,?,9,0.0,0.0,E,8
09/15/2012,13:00,1207.697,1351.258,212.25,1,8,2.591,1,8,209.934,1,8,25470.0,1,8,246.173,1,8,23092.76,1,8,74.773,1,8,-9900,?,9,-9900,?,9,20.74,E,8,15.59,E,8,72.0,E,8,964.3861999999999,E,8,999.0,E,8,1.39,E,8,-9900,?,9,-9900,?,9,0.0,E,8,-9900,?,9,-9900,?,9,0.0,0.0,E,8
09/15/2012,14:00,1099.858,1351.258,282.98,1,8,26.609,1,8,261.325,1,8,33957.6,1,8,2527.885,1,8,28745.702,1,8,102.211,1,8,-9900,?,9,-9900,?,9,21.0,E,8,15.69,E,8,71.0,E,8,964.3861999999999,E,8,999.0,E,8,1.39,E,8,-9900,?,9,-9900,?,9,0.0,E,8,-9900,?,9,-9900,?,9,0.0,0.0,E,8
09/15/2012,15:00,915.481,1351.258,537.61,1,8,326.551,1,8,316.447,1,8,64513.2,1,8,31022.346,1,8,34809.224,1,8,148.728,1,8,-9900,?,9,-9900,?,9,22.23,E,8,16.18,E,8,68.0,E,8,964.3861999999999,E,8,999.0,E,8,1.39,E,8,-9900,?,9,-9900,?,9,0.0,E,8,-9900,?,9,-9900,?,9,0.0,0.0,E,8
09/15/2012,16:00,667.215,1351.258,481.07,1,8,645.642,1,8,162.558,1,8,57728.4,1,8,61336.029,1,8,17881.395,1,8,104.888,1,8,-9900,?,9,-9900,?,9,22.98,E,8,16.47,E,8,66.0,E,8,964.3861999999999,E,8,999.0,E,8,1.98,E,8,-9900,?,9,-9900,?,9,0.0,E,8,-9900,?,9,-9900,?,9,0.0,0.0,E,8
09/15/2012,17:00,372.292,1351.258,336.77,1,8,617.752,1,8,167.165,1,8,40412.4,1,8,58686.402,1,8,18388.198,1,8,193.809,1,8,-9900,?,9,-9900,?,9,23.11,E,8,16.52,E,8,66.0,E,8,964.3861999999999,E,8,999.0,E,8,1.66,E,8,-9900,?,9,-9900,?,9,0.0,E,8,-9900,?,9,-9900,?,9,0.0,0.0,E,8
09/15/2012,18:00,55.007,1351.258,94.34,1,8,0.0,1,8,94.34,1,8,11320.8,1,8,0.0,1,8,10377.4,1,8,837.179,1,8,-9900,?,9,-9900,?,9,22.09,E,8,16.12,E,8,68.0,E,8,964.3861999999999,E,8,999.0,E,8,1.39,E,8,-9900,?,9,-9900,?,9,0.0,E,8,-9900,?,9,-9900,?,9,0.0,0.0,E,8
09/15/2012,19:00,0.0,1351.258,0.0,1,8,0.0,1,8,0.0,1,8,0.0,1,8,0.0,1,8,0.0,1,8,-0.0,1,8,-9900,?,9,-9900,?,9,21.13,E,8,15.74,E,8,71.0,E,8,964.3861999999999,E,8,999.0,E,8,1.39,E,8,-9900,?,9,-9900,?,9,0.0,E,8,-9900,?,9,-9900,?,9,0.0,0.0,E,8
09/15/2012,20:00,0.0,1351.258,0.0,1,8,0.0,1,8,0.0,1,8,0.0,1,8,0.0,1,8,0.0,1,8,-0.0,1,8,-9900,?,9,-9900,?,9,20.16,E,8,15.35,E,8,73.0,E,8,964.3861999999999,E,8,999.0,E,8,1.39,E,8,-9900,?,9,-9900,?,9,0.0,E,8,-9900,?,9,-9900,?,9,0.0,0.0,E,8
09/15/2012,21:00,0.0,1351.258,0.0,1,8,0.0,1,8,0.0,1,8,0.0,1,8,0.0,1,8,0.0,1,8,-0.0,1,8,-9900,?,9,-9900,?,9,19.2,E,8,14.95,E,8,76.0,E,8,964.3861999999999,E,8,999.0,E,8,1.39,E,8,-9900,?,9,-9900,?,9,0.0,E,8,-9900,?,9,-9900,?,9,0.0,0.0,E,8
09/15/2012,22:00,0.0,1351.258,0.0,1,8,0.0,1,8,0.0,1,8,0.0,1,8,0.0,1,8,0.0,1,8,-0.0,1,8,-9900,?,9,-9900,?,9,18.23,E,8,14.54,E,8,79.0,E,8,964.3861999999999,E,8,999.0,E,8,1.39,E,8,-9900,?,9,-9900,?,9,0.0,E,8,-9900,?,9,-9900,?,9,0.0,0.0,E,8
09/15/2012,23:00,0.0,1351.258,0.0,1,8,0.0,1,8,0.0,1,8,0.0,1,8,0.0,1,8,0.0,1,8,-0.0,1,8,-9900,?,9,-9900,?,9,17.27,E,8,14.12,E,8,81.0,E,8,964.3861999999999,E,8,999.0,E,8,1.39,E,8,-9900,?,9,-9900,?,9,0.0,E,8,-9900,?,9,-9900,?,9,0.0,0.0,E,8
09/15/2012,24:00,0.0,1351.258,0.0,1,8,0.0,1,8,0.0,1,8,0.0,1,8,0.0,1,8,0.0,1,8,-0.0,1,8,-9900,?,9,-9900,?,9,16.3,E,8,12.14,E,8,76.0,E,8,964.3861999999999,E,8,999.0,E,8,1.2,E,8,-9900,?,9,-9900,?,9,0.0,E,8,-9900,?,9,-9900,?,9,0.0,0.0,E,8
09/16/2012,01:00,0.0,1351.258,0.0,1,8,0.0,1,8,0.0,1,8,0.0,1,8,0.0,1,8,0.0,1,8,-0.0,1,8,-9900,?,9,-9900,?,9,15.82,E,8,12.04,E,8,78.0,E,8,964.3861999999999,E,8,999.0,E,8,1.2,E,8,-9900,?,9,-9900,?,9,0.0,E,8,-9900,?,9,-9900,?,9,0.0,0.0,E,8
09/16/2012,02:00,0.0,1351.258,0.0,1,8,0.0,1,8,0.0,1,8,0.0,1,8,0.0,1,8,0.0,1,8,-0.0,1,8,-9900,?,9,-9900,?,9,15.34,E,8,11.94,E,8,80.0,E,8,964.3861999999999,E,8,999.0,E,8,1.2,E,8,-9900,?,9,-9900,?,9,0.0,E,8,-9900,?,9,-9900,?,9,0.0,0.0,E,8
09/16/2012,03:00,0.0,1351.258,0.0,1,8,0.0,1,8,0.0,1,8,0.0,1,8,0.0,1,8,0.0,1,8,-0.0,1,8,-9900,?,9,-9900,?,9,14.85,E,8,11.84,E,8,82.0,E,8,964.3861999999999,E,8,999.0,E,8,1.2,E,8,-9900,?,9,-9900,?,9,0.0,E,8,-9900,?,9,-9900,?,9,0.0,0.0,E,8
09/16/2012,04:00,0.0,1352.008,0.0,1,8,0.0,1,8,0.0,1,8,0.0,1,8,0.0,1,8,0.0,1,8,-0.0,1,8,-9900,?,9,-9900,?,9,14.37,E,8,11.74,E,8,84.0,E,8,964.3861999999999,E,8,999.0,E,8,1.2,E,8,-9900,?,9,-9900,?,9,0.0,E,8,-9900,?,9,-9900,?,9,0.0,0.0,E,8
09/16/2012,05:00,0.0,1352.008,0.0,1,8,0.0,1,8,0.0,1,8,0.0,1,8,0.0,1,8,0.0,1,8,-0.0,1,8,-9900,?,9,-9900,?,9,13.89,E,8,11.64,E,8,86.0,E,8,964.3861999999999,E,8,999.0,E,8,1.2,E,8,-9900,?,9,-9900,?,9,0.0,E,8,-9900,?,9,-9900,?,9,0.0,0.0,E,8
09/16/2012,06:00,0.0,1352.008,0.0,1,8,0.0,1,8,0.0,1,8,0.0,1,8,0.0,1,8,0.0,1,8,-0.0,1,8,-9900,?,9,-9900,?,9,13.51,E,8,11.56,E,8,88.0,E,8,964.3861999999999,E,8,999.0,E,8,1.2,E,8,-9900,?,9,-9900,?,9,0.0,E,8,-9900,?,9,-9900,?,9,0.0,0.0,E,8
09/16/2012,07:00,237.34,1352.008,5.81,1,8,0.0,1,8,5.81,1,8,697.2,1,8,0.0,1,8,639.1,1,8,10.628,1,8,-9900,?,9,-9900,?,9,13.2,E,8,11.5,E,8,89.0,E,8,964.3861999999999,E,8,999.0,E,8,1.2,E,8,-9900,?,9,-9900,?,9,0.0,E,8,-9900,?,9,-9900,?,9,0.0,0.0,E,8
09/16/2012,08:00,546.487,1352.008,126.54,1,8,0.0,1,8,126.54,1,8,15184.8,1,8,0.0,1,8,13919.4,1,8,99.799,1,8,-9900,?,9,-9900,?,9,12.88,E,8,11.43,E,8,90.0,E,8,964.3861999999999,E,8,999.0,E,8,1.2,E,8,-9900,?,9,-9900,?,9,0.0,E,8,-9900,?,9,-9900,?,9,0.0,0.0,E,8
09/16/2012,09:00,817.845,1352.008,266.38,1,8,43.095,1,8,240.325,1,8,31965.6,1,8,4093.994,1,8,26435.725,1,8,126.525,1,8,-9900,?,9,-9900,?,9,18.08,E,8,12.5,E,8,69.0,E,8,964.3861999999999,E,8,999.0,E,8,1.8,E,8,-9900,?,9,-9900,?,9,0.0,E,8,-9900,?,9,-9900,?,9,0.0,0.0,E,8
09/16/2012,10:00,1032.224,1352.008,386.66,1,8,23.728,1,8,368.548,1,8,46399.2,1,8,2254.137,1,8,40540.308,1,8,153.688,1,8,-9900,?,9,-9900,?,9,19.75,E,8,12.83,E,8,64.0,E,8,964.3861999999999,E,8,999.0,E,8,1.28,E,8,-9900,?,9,-9900,?,9,0.0,E,8,-9900,?,9,-9900,?,9,0.0,0.0,E,8
09/16/2012,11:00,1174.892,1352.008,475.82,1,8,95.594,1,8,392.757,1,8,57098.4,1,8,9081.416,1,8,43203.273,1,8,143.879,1,8,-9900,?,9,-9900,?,9,21.18,E,8,13.11,E,8,59.0,E,8,964.3861999999999,E,8,999.0,E,8,1.2,E,8,-9900,?,9,-9900,?,9,0.0,E,8,-9900,?,9,-9900,?,9,0.0,0.0,E,8
09/16/2012,12:00,1236.091,1352.008,526.89,1,8,55.277,1,8,476.355,1,8,63226.8,1,8,5251.294,1,8,52399.093,1,8,165.857,1,8,-9900,?,9,-9900,?,9,22.31,E,8,13.32,E,8,56.0,E,8,964.3861999999999,E,8,999.0,E,8,1.36,E,8,-9900,?,9,-9900,?,9,0.0,E,8,-9900,?,9,-9900,?,9,0.0,0.0,E,8
09/16/2012,13:00,1211.643,1352.008,536.1,1,8,132.737,1,8,417.152,1,8,64332.0,1,8,12610.009,1,8,45886.75,1,8,148.177,1,8,-9900,?,9,-9900,?,9,23.1,E,8,13.47,E,8,54.0,E,8,964.3861999999999,E,8,999.0,E,8,1.53,E,8,-9900,?,9,-9900,?,9,0.0,E,8,-9900,?,9,-9900,?,9,0.0,0.0,E,8
09/16/2012,14:00,1103.228,1352.008,502.8,1,8,162.425,1,8,370.282,1,8,60336.0,1,8,15430.4,1,8,40730.992,1,8,144.464,1,8,-9900,?,9,-9900,?,9,23.54,E,8,13.56,E,8,53.0,E,8,964.3861999999999,E,8,999.0,E,8,2.69,E,8,-9900,?,9,-9900,?,9,0.0,E,8,-9900,?,9,-9900,?,9,0.0,0.0,E,8
09/16/2012,15:00,918.269,1352.008,429.41,1,8,135.321,1,8,337.533,1,8,51529.2,1,8,12855.479,1,8,37128.639,1,8,158.243,1,8,-9900,?,9,-9900,?,9,23.63,E,8,13.57,E,8,53.0,E,8,964.3861999999999,E,8,999.0,E,8,2.49,E,8,-9900,?,9,-9900,?,9,0.0,E,8,-9900,?,9,-9900,?,9,0.0,0.0,E,8
09/16/2012,16:00,669.456,1352.008,321.5,1,8,186.219,1,8,229.375,1,8,38580.0,1,8,17690.811,1,8,25231.291,1,8,147.586,1,8,-9900,?,9,-9900,?,9,23.2,E,8,13.49,E,8,54.0,E,8,964.3861999999999,E,8,999.0,E,8,1.25,E,8,-9900,?,9,-9900,?,9,0.0,E,8,-9900,?,9,-9900,?,9,0.0,0.0,E,8
09/16/2012,17:00,374.055,1352.008,188.2,1,8,320.216,1,8,99.914,1,8,22584.0,1,8,30420.513,1,8,10990.576,1,8,115.353,1,8,-9900,?,9,-9900,?,9,22.27,E,8,13.32,E,8,56.0,E,8,964.3861999999999,E,8,999.0,E,8,1.76,E,8,-9900,?,9,-9900,?,9,0.0,E,8,-9900,?,9,-9900,?,9,0.0,0.0,E,8
09/16/2012,18:00,56.322,1352.008,48.42,1,8,0.0,1,8,48.42,1,8,5810.4,1,8,0.0,1,8,5326.2,1,8,417.875,1,8,-9900,?,9,-9900,?,9,20.93,E,8,13.06,E,8,60.0,E,8,964.3861999999999,E,8,999.0,E,8,1.53,E,8,-9900,?,9,-9900,?,9,0.0,E,8,-9900,?,9,-9900,?,9,0.0,0.0,E,8
09/16/2012,19:00,0.0,1352.008,0.0,1,8,0.0,1,8,0.0,1,8,0.0,1,8,0.0,1,8,0.0,1,8,-0.0,1,8,-9900,?,9,-9900,?,9,20.05,E,8,12.89,E,8,63.0,E,8,964.3861999999999,E,8,999.0,E,8,1.2,E,8,-9900,?,9,-9900,?,9,0.0,E,8,-9900,?,9,-9900,?,9,0.0,0.0,E,8
09/16/2012,20:00,0.0,1352.008,0.0,1,8,0.0,1,8,0.0,1,8,0.0,1,8,0.0,1,8,0.0,1,8,-0.0,1,8,-9900,?,9,-9900,?,9,19.17,E,8,12.72,E,8,66.0,E,8,964.3861999999999,E,8,999.0,E,8,1.2,E,8,-9900,?,9,-9900,?,9,0.0,E,8,-9900,?,9,-9900,?,9,0.0,0.0,E,8
09/16/2012,21:00,0.0,1352.008,0.0,1,8,0.0,1,8,0.0,1,8,0.0,1,8,0.0,1,8,0.0,1,8,-0.0,1,8,-9900,?,9,-9900,?,9,18.29,E,8,12.54,E,8,69.0,E,8,964.3861999999999,E,8,999.0,E,8,1.2,E,8,-9900,?,9,-9900,?,9,0.0,E,8,-9900,?,9,-9900,?,9,0.0,0.0,E,8
09/16/2012,22:00,0.0,1352.008,0.0,1,8,0.0,1,8,0.0,1,8,0.0,1,8,0.0,1,8,0.0,1,8,-0.0,1,8,-9900,?,9,-9900,?,9,17.41,E,8,12.37,E,8,72.0,E,8,964.3861999999999,E,8,999.0,E,8,1.2,E,8,-9900,?,9,-9900,?,9,0.0,E,8,-9900,?,9,-9900,?,9,0.0,0.0,E,8
09/16/2012,23:00,0.0,1352.008,0.0,1,8,0.0,1,8,0.0,1,8,0.0,1,8,0.0,1,8,0.0,1,8,-0.0,1,8,-9900,?,9,-9900,?,9,16.53,E,8,12.19,E,8,75.0,E,8,964.3861999999999,E,8,999.0,E,8,1.74,E,8,-9900,?,9,-9900,?,9,0.0,E,8,-9900,?,9,-9900,?,9,0.0,0.0,E,8
09/16/2012,24:00,0.0,1352.008,0.0,1,8,0.0,1,8,0.0,1,8,0.0,1,8,0.0,1,8,0.0,1,8,-0.0,1,8,-9900,?,9,-9900,?,9,15.65,E,8,11.57,E,8,76.0,E,8,964.3861999999999,E,8,999.0,E,8,0.93,E,8,-9900,?,9,-9900,?,9,0.0,E,8,-9900,?,9,-9900,?,9,0.0,0.0,E,8
09/17/2012,01:00,0.0,1352.008,0.0,1,8,0.0,1,8,0.0,1,8,0.0,1,8,0.0,1,8,0.0,1,8,-0.0,1,8,-9900,?,9,-9900,?,9,15.22,E,8,11.46,E,8,78.0,E,8,964.3861999999999,E,8,999.0,E,8,0.95,E,8,-9900,?,9,-9900,?,9,0.0,E,8,-9900,?,9,-9900,?,9,0.0,0.0,E,8
09/17/2012,02:00,0.0,1352.008,0.0,1,8,0.0,1,8,0.0,1,8,0.0,1,8,0.0,1,8,0.0,1,8,-0.0,1,8,-9900,?,9,-9900,?,9,14.78,E,8,11.35,E,8,79.0,E,8,964.3861999999999,E,8,999.0,E,8,1.32,E,8,-9900,?,9,-9900,?,9,0.0,E,8,-9900,?,9,-9900,?,9,0.0,0.0,E,8
09/17/2012,03:00,0.0,1352.008,0.0,1,8,0.0,1,8,0.0,1,8,0.0,1,8,0.0,1,8,0.0,1,8,-0.0,1,8,-9900,?,9,-9900,?,9,14.34,E,8,11.24,E,8,81.0,E,8,964.3861999999999,E,8,999.0,E,8,1.57,E,8,-9900,?,9,-9900,?,9,0.0,E,8,-9900,?,9,-9900,?,9,0.0,0.0,E,8
09/17/2012,04:00,0.0,1352.762,0.0,1,8,0.0,1,8,0.0,1,8,0.0,1,8,0.0,1,8,0.0,1,8,-0.0,1,8,-9900,?,9,-9900,?,9,13.9,E,8,11.12,E,8,83.0,E,8,964.3861999999999,E,8,999.0,E,8,1.0,E,8,-9900,?,9,-9900,?,9,0.0,E,8,-9900,?,9,-9900,?,9,0.0,0.0,E,8
09/17/2012,05:00,0.0,1352.762,0.0,1,8,0.0,1,8,0.0,1,8,0.0,1,8,0.0,1,8,0.0,1,8,-0.0,1,8,-9900,?,9,-9900,?,9,13.46,E,8,11.01,E,8,85.0,E,8,964.3861999999999,E,8,999.0,E,8,1.27,E,8,-9900,?,9,-9900,?,9,0.0,E,8,-9900,?,9,-9900,?,9,0.0,0.0,E,8
09/17/2012,06:00,0.0,1352.762,0.0,1,8,0.0,1,8,0.0,1,8,0.0,1,8,0.0,1,8,0.0,1,8,-0.0,1,8,-9900,?,9,-9900,?,9,13.12,E,8,10.92,E,8,86.0,E,8,964.3861999999999,E,8,999.0,E,8,1.41,E,8,-9900,?,9,-9900,?,9,0.0,E,8,-9900,?,9,-9900,?,9,0.0,0.0,E,8
09/17/2012,07:00,242.717,1352.762,8.66,1,8,0.0,1,8,8.66,1,8,1039.2,1,8,0.0,1,8,952.6,1,8,15.494,1,8,-9900,?,9,-9900,?,9,12.83,E,8,10.84,E,8,87.0,E,8,964.3861999999999,E,8,999.0,E,8,1.21,E,8,-9900,?,9,-9900,?,9,0.0,E,8,-9900,?,9,-9900,?,9,0.0,0.0,E,8
09/17/2012,08:00,551.986,1352.762,166.52,1,8,43.984,1,8,148.599,1,8,19982.4,1,8,4178.454,1,8,16345.879,1,8,116.09,1,8,-9900,?,9,-9900,?,9,12.54,E,8,10.77,E,8,88.0,E,8,964.3861999999999,E,8,999.0,E,8,1.24,E,8,-9900,?,9,-9900,?,9,0.0,E,8,-9900,?,9,-9900,?,9,0.0,0.0,E,8
09/17/2012,09:00,823.285,1352.762,347.45,1,8,103.517,1,8,284.481,1,8,41694.0,1,8,9834.145,1,8,31292.934,1,8,148.865,1,8,-9900,?,9,-9900,?,9,18.28,E,8,12.22,E,8,67.0,E,8,964.3861999999999,E,8,999.0,E,8,1.48,E,8,-9900,?,9,-9900,?,9,0.0,E,8,-9900,?,9,-9900,?,9,0.0,0.0,E,8
09/17/2012,10:00,1037.455,1352.762,502.89,1,8,156.826,1,8,382.642,1,8,60346.8,1,8,14898.492,1,8,42090.643,1,8,158.849,1,8,-9900,?,9,-9900,?,9,20.11,E,8,12.65,E,8,62.0,E,8,964.3861999999999,E,8,999.0,E,8,1.44,E,8,-9900,?,9,-9900,?,9,0.0,E,8,-9900,?,9,-9900,?,9,0.0,0.0,E,8
09/17/2012,11:00,1179.779,1352.762,617.98,1,8,267.68,1,8,384.551,1,8,74157.6,1,8,25429.627,1,8,42300.562,1,8,140.367,1,8,-9900,?,9,-9900,?,9,21.67,E,8,13.02,E,8,57.0,E,8,964.3861999999999,E,8,999.0,E,8,1.71,E,8,-9900,?,9,-9900,?,9,0.0,E,8,-9900,?,9,-9900,?,9,0.0,0.0,E,8
09/17/2012,12:00,1240.525,1352.762,683.74,1,8,154.705,1,8,541.878,1,8,82048.8,1,8,14696.996,1,8,59606.617,1,8,188.101,1,8,-9900,?,9,-9900,?,9,22.9,E,8,13.3,E,8,54.0,E,8,964.3861999999999,E,8,999.0,E,8,2.01,E,8,-9900,?,9,-9900,?,9,0.0,E,8,-9900,?,9,-9900,?,9,0.0,0.0,E,8
09/17/2012,13:00,1215.547,1352.762,695.34,1,8,271.284,1,8,451.59,1,8,83440.8,1,8,25772.018,1,8,49674.899,1,8,159.983,1,8,-9900,?,9,-9900,?,9,23.76,E,8,13.49,E,8,52.0,E,8,964.3861999999999,E,8,999.0,E,8,2.3,E,8,-9900,?,9,-9900,?,9,0.0,E,8,-9900,?,9,-9900,?,9,0.0,0.0,E,8
09/17/2012,14:00,1106.559,1352.762,651.93,1,8,325.376,1,8,385.811,1,8,78231.6,1,8,30910.746,1,8,42439.201,1,8,150.153,1,8,-9900,?,9,-9900,?,9,24.24,E,8,13.6,E,8,51.0,E,8,964.3861999999999,E,8,999.0,E,8,2.37,E,8,-9900,?,9,-9900,?,9,0.0,E,8,-9900,?,9,-9900,?,9,0.0,0.0,E,8
09/17/2012,15:00,921.025,1352.762,556.68,1,8,388.496,1,8,292.263,1,8,66801.6,1,8,36907.076,1,8,32148.981,1,8,136.685,1,8,-9900,?,9,-9900,?,9,24.33,E,8,13.62,E,8,51.0,E,8,964.3861999999999,E,8,999.0,E,8,2.88,E,8,-9900,?,9,-9900,?,9,0.0,E,8,-9900,?,9,-9900,?,9,0.0,0.0,E,8
09/17/2012,16:00,671.675,1352.762,416.81,1,8,502.177,1,8,167.692,1,8,50017.2,1,8,47706.802,1,8,18446.069,1,8,107.6,1,8,-9900,?,9,-9900,?,9,23.86,E,8,13.52,E,8,52.0,E,8,964.3861999999999,E,8,999.0,E,8,3.36,E,8,-9900,?,9,-9900,?,9,0.0,E,8,-9900,?,9,-9900,?,9,0.0,0.0,E,8
09/17/2012,17:00,375.808,1352.762,244.16,1,8,469.382,1,8,114.21,1,8,29299.2,1,8,44591.262,1,8,12563.138,1,8,131.313,1,8,-9900,?,9,-9900,?,9,22.83,E,8,13.28,E,8,54.0,E,8,964.3861999999999,E,8,999.0,E,8,3.2,E,8,-9900,?,9,-9900,?,9,0.0,E,8,-9900,?,9,-9900,?,9,0.0,0.0,E,8
09/17/2012,18:00,57.642,1352.762,63.16,1,8,0.0,1,8,63.16,1,8,7579.2,1,8,0.0,1,8,6947.6,1,8,530.478,1,8,-9900,?,9,-9900,?,9,21.36,E,8,12.95,E,8,58.0,E,8,964.3861999999999,E,8,999.0,E,8,2.88,E,8,-9900,?,9,-9900,?,9,0.0,E,8,-9900,?,9,-9900,?,9,0.0,0.0,E,8
09/17/2012,19:00,0.0,1352.762,0.0,1,8,0.0,1,8,0.0,1,8,0.0,1,8,0.0,1,8,0.0,1,8,-0.0,1,8,-9900,?,9,-9900,?,9,20.52,E,8,12.75,E,8,61.0,E,8,964.3861999999999,E,8,999.0,E,8,1.83,E,8,-9900,?,9,-9900,?,9,0.0,E,8,-9900,?,9,-9900,?,9,0.0,0.0,E,8
09/17/2012,20:00,0.0,1352.762,0.0,1,8,0.0,1,8,0.0,1,8,0.0,1,8,0.0,1,8,0.0,1,8,-0.0,1,8,-9900,?,9,-9900,?,9,19.67,E,8,12.55,E,8,63.0,E,8,964.3861999999999,E,8,999.0,E,8,1.41,E,8,-9900,?,9,-9900,?,9,0.0,E,8,-9900,?,9,-9900,?,9,0.0,0.0,E,8
09/17/2012,21:00,0.0,1352.762,0.0,1,8,0.0,1,8,0.0,1,8,0.0,1,8,0.0,1,8,0.0,1,8,-0.0,1,8,-9900,?,9,-9900,?,9,18.82,E,8,12.35,E,8,66.0,E,8,964.3861999999999,E,8,999.0,E,8,1.67,E,8,-9900,?,9,-9900,?,9,0.0,E,8,-9900,?,9,-9900,?,9,0.0,0.0,E,8
09/17/2012,22:00,0.0,1352.762,0.0,1,8,0.0,1,8,0.0,1,8,0.0,1,8,0.0,1,8,0.0,1,8,-0.0,1,8,-9900,?,9,-9900,?,9,17.97,E,8,12.14,E,8,68.0,E,8,964.3861999999999,E,8,999.0,E,8,2.81,E,8,-9900,?,9,-9900,?,9,0.0,E,8,-9900,?,9,-9900,?,9,0.0,0.0,E,8
09/17/2012,23:00,0.0,1352.762,0.0,1,8,0.0,1,8,0.0,1,8,0.0,1,8,0.0,1,8,0.0,1,8,-0.0,1,8,-9900,?,9,-9900,?,9,17.12,E,8,11.93,E,8,71.0,E,8,964.3861999999999,E,8,999.0,E,8,2.66,E,8,-9900,?,9,-9900,?,9,0.0,E,8,-9900,?,9,-9900,?,9,0.0,0.0,E,8
09/17/2012,24:00,0.0,1352.762,0.0,1,8,0.0,1,8,0.0,1,8,0.0,1,8,0.0,1,8,0.0,1,8,-0.0,1,8,-9900,?,9,-9900,?,9,16.27,E,8,11.83,E,8,74.0,E,8,964.3861999999999,E,8,999.0,E,8,4.63,E,8,-9900,?,9,-9900,?,9,0.0,E,8,-9900,?,9,-9900,?,9,0.0,0.0,E,8
09/18/2012,01:00,0.0,1352.762,0.0,1,8,0.0,1,8,0.0,1,8,0.0,1,8,0.0,1,8,0.0,1,8,-0.0,1,8,-9900,?,9,-9900,?,9,15.85,E,8,11.74,E,8,76.0,E,8,964.3861999999999,E,8,999.0,E,8,4.74,E,8,-9900,?,9,-9900,?,9,0.0,E,8,-9900,?,9,-9900,?,9,0.0,0.0,E,8
09/18/2012,02:00,0.0,1352.762,0.0,1,8,0.0,1,8,0.0,1,8,0.0,1,8,0.0,1,8,0.0,1,8,-0.0,1,8,-9900,?,9,-9900,?,9,15.42,E,8,11.64,E,8,78.0,E,8,964.3861999999999,E,8,999.0,E,8,4.66,E,8,-9900,?,9,-9900,?,9,0.0,E,8,-9900,?,9,-9900,?,9,0.0,0.0,E,8
09/18/2012,03:00,0.0,1352.762,0.0,1,8,0.0,1,8,0.0,1,8,0.0,1,8,0.0,1,8,0.0,1,8,-0.0,1,8,-9900,?,9,-9900,?,9,15.0,E,8,11.55,E,8,79.0,E,8,964.3861999999999,E,8,999.0,E,8,4.24,E,8,-9900,?,9,-9900,?,9,0.0,E,8,-9900,?,9,-9900,?,9,0.0,0.0,E,8
09/18/2012,04:00,0.0,1353.521,0.0,1,8,0.0,1,8,0.0,1,8,0.0,1,8,0.0,1,8,0.0,1,8,-0.0,1,8,-9900,?,9,-9900,?,9,14.57,E,8,11.45,E,8,81.0,E,8,964.3861999999999,E,8,999.0,E,8,2.27,E,8,-9900,?,9,-9900,?,9,0.0,E,8,-9900,?,9,-9900,?,9,0.0,0.0,E,8
09/18/2012,05:00,0.0,1353.521,0.0,1,8,0.0,1,8,0.0,1,8,0.0,1,8,0.0,1,8,0.0,1,8,-0.0,1,8,-9900,?,9,-9900,?,9,14.15,E,8,11.36,E,8,83.0,E,8,964.3861999999999,E,8,999.0,E,8,2.28,E,8,-9900,?,9,-9900,?,9,0.0,E,8,-9900,?,9,-9900,?,9,0.0,0.0,E,8
09/18/2012,06:00,0.0,1353.521,0.0,1,8,0.0,1,8,0.0,1,8,0.0,1,8,0.0,1,8,0.0,1,8,-0.0,1,8,-9900,?,9,-9900,?,9,13.82,E,8,11.28,E,8,84.0,E,8,964.3861999999999,E,8,999.0,E,8,2.93,E,8,-9900,?,9,-9900,?,9,0.0,E,8,-9900,?,9,-9900,?,9,0.0,0.0,E,8
09/18/2012,07:00,248.098,1353.521,14.63,1,8,0.0,1,8,14.63,1,8,1755.6,1,8,0.0,1,8,1609.3,1,8,25.612,1,8,-9900,?,9,-9900,?,9,13.54,E,8,11.22,E,8,85.0,E,8,964.3861999999999,E,8,999.0,E,8,3.57,E,8,-9900,?,9,-9900,?,9,0.0,E,8,-9900,?,9,-9900,?,9,0.0,0.0,E,8
09/18/2012,08:00,557.472,1353.521,215.54,1,8,92.617,1,8,177.449,1,8,25864.8,1,8,8798.578,1,8,19519.342,1,8,137.336,1,8,-9900,?,9,-9900,?,9,13.26,E,8,11.15,E,8,87.0,E,8,964.3861999999999,E,8,999.0,E,8,2.99,E,8,-9900,?,9,-9900,?,9,0.0,E,8,-9900,?,9,-9900,?,9,0.0,0.0,E,8
09/18/2012,09:00,828.701,1353.521,435.25,1,8,242.002,1,8,287.155,1,8,52230.0,1,8,22990.187,1,8,31587.098,1,8,149.364,1,8,-9900,?,9,-9900,?,9,19.99,E,8,12.63,E,8,62.0,E,8,964.3861999999999,E,8,999.0,E,8,4.03,E,8,-9900,?,9,-9900,?,9,0.0,E,8,-9900,?,9,-9900,?,9,0.0,0.0,E,8
09/18/2012,10:00,1042.651,1353.521,596.64,1,8,310.677,1,8,357.366,1,8,71596.8,1,8,29514.316,1,8,39310.255,1,8,147.699,1,8,-9900,?,9,-9900,?,9,21.86,E,8,13.02,E,8,57.0,E,8,964.3861999999999,E,8,999.0,E,8,3.59,E,8,-9900,?,9,-9900,?,9,0.0,E,8,-9900,?,9,-9900,?,9,0.0,0.0,E,8
09/18/2012,11:00,1184.625,1353.521,757.64,1,8,447.043,1,8,366.415,1,8,90916.8,1,8,42469.064,1,8,40305.698,1,8,133.274,1,8,-9900,?,9,-9900,?,9,23.62,E,8,13.37,E,8,52.0,E,8,964.3861999999999,E,8,999.0,E,8,3.48,E,8,-9900,?,9,-9900,?,9,0.0,E,8,-9900,?,9,-9900,?,9,0.0,0.0,E,8
09/18/2012,12:00,1244.915,1353.521,828.91,1,8,496.535,1,8,372.241,1,8,99469.2,1,8,47170.813,1,8,40946.547,1,8,128.832,1,8,-9900,?,9,-9900,?,9,24.98,E,8,13.64,E,8,49.0,E,8,964.3861999999999,E,8,999.0,E,8,5.82,E,8,-9900,?,9,-9900,?,9,0.0,E,8,-9900,?,9,-9900,?,9,0.0,0.0,E,8
09/18/2012,13:00,1219.406,1353.521,829.22,1,8,428.53,1,8,443.177,1,8,99506.4,1,8,40710.372,1,8,48749.518,1,8,156.594,1,8,-9900,?,9,-9900,?,9,25.88,E,8,13.82,E,8,47.0,E,8,964.3861999999999,E,8,999.0,E,8,5.34,E,8,-9900,?,9,-9900,?,9,0.0,E,8,-9900,?,9,-9900,?,9,0.0,0.0,E,8
09/18/2012,14:00,1109.85,1353.521,754.5,1,8,539.717,1,8,312.01,1,8,90540.0,1,8,51273.152,1,8,34321.084,1,8,121.138,1,8,-9900,?,9,-9900,?,9,26.31,E,8,13.9,E,8,46.0,E,8,964.3861999999999,E,8,999.0,E,8,5.02,E,8,-9900,?,9,-9900,?,9,0.0,E,8,-9900,?,9,-9900,?,9,0.0,0.0,E,8
09/18/2012,15:00,923.749,1353.521,645.73,1,8,692.117,1,8,173.534,1,8,77487.6,1,8,65751.132,1,8,19088.711,1,8,80.964,1,8,-9900,?,9,-9900,?,9,26.35,E,8,13.91,E,8,46.0,E,8,964.3861999999999,E,8,999.0,E,8,4.9,E,8,-9900,?,9,-9900,?,9,0.0,E,8,-9900,?,9,-9900,?,9,0.0,0.0,E,8
09/18/2012,16:00,673.872,1353.521,482.88,1,8,695.234,1,8,137.054,1,8,57945.6,1,8,66047.252,1,8,15075.918,1,8,87.703,1,8,-9900,?,9,-9900,?,9,25.76,E,8,13.8,E,8,47.0,E,8,964.3861999999999,E,8,999.0,E,8,3.31,E,8,-9900,?,9,-9900,?,9,0.0,E,8,-9900,?,9,-9900,?,9,0.0,0.0,E,8
09/18/2012,17:00,377.552,1353.521,289.35,1,8,636.833,1,8,112.317,1,8,34722.0,1,8,60499.119,1,8,12354.841,1,8,128.607,1,8,-9900,?,9,-9900,?,9,24.61,E,8,13.57,E,8,50.0,E,8,964.3861999999999,E,8,999.0,E,8,3.85,E,8,-9900,?,9,-9900,?,9,0.0,E,8,-9900,?,9,-9900,?,9,0.0,0.0,E,8
09/18/2012,18:00,58.97,1353.521,73.43,1,8,0.0,1,8,73.43,1,8,8811.6,1,8,0.0,1,8,8077.3,1,8,600.599,1,8,-9900,?,9,-9900,?,9,22.98,E,8,13.24,E,8,54.0,E,8,964.3861999999999,E,8,999.0,E,8,5.72,E,8,-9900,?,9,-9900,?,9,0.0,E,8,-9900,?,9,-9900,?,9,0.0,0.0,E,8
09/18/2012,19:00,0.0,1353.521,0.0,1,8,0.0,1,8,0.0,1,8,0.0,1,8,0.0,1,8,0.0,1,8,-0.0,1,8,-9900,?,9,-9900,?,9,22.03,E,8,13.05,E,8,56.0,E,8,964.3861999999999,E,8,999.0,E,8,5.51,E,8,-9900,?,9,-9900,?,9,0.0,E,8,-9900,?,9,-9900,?,9,0.0,0.0,E,8
09/18/2012,20:00,0.0,1353.521,0.0,1,8,0.0,1,8,0.0,1,8,0.0,1,8,0.0,1,8,0.0,1,8,-0.0,1,8,-9900,?,9,-9900,?,9,21.07,E,8,12.85,E,8,59.0,E,8,964.3861999999999,E,8,999.0,E,8,5.75,E,8,-9900,?,9,-9900,?,9,0.0,E,8,-9900,?,9,-9900,?,9,0.0,0.0,E,8
09/18/2012,21:00,0.0,1353.521,0.0,1,8,0.0,1,8,0.0,1,8,0.0,1,8,0.0,1,8,0.0,1,8,-0.0,1,8,-9900,?,9,-9900,?,9,20.12,E,8,12.66,E,8,62.0,E,8,964.3861999999999,E,8,999.0,E,8,5.47,E,8,-9900,?,9,-9900,?,9,0.0,E,8,-9900,?,9,-9900,?,9,0.0,0.0,E,8
09/18/2012,22:00,0.0,1353.521,0.0,1,8,0.0,1,8,0.0,1,8,0.0,1,8,0.0,1,8,0.0,1,8,-0.0,1,8,-9900,?,9,-9900,?,9,19.16,E,8,12.45,E,8,65.0,E,8,964.3861999999999,E,8,999.0,E,8,5.51,E,8,-9900,?,9,-9900,?,9,0.0,E,8,-9900,?,9,-9900,?,9,0.0,0.0,E,8
09/18/2012,23:00,0.0,1353.521,0.0,1,8,0.0,1,8,0.0,1,8,0.0,1,8,0.0,1,8,0.0,1,8,-0.0,1,8,-9900,?,9,-9900,?,9,18.2,E,8,12.25,E,8,68.0,E,8,964.3861999999999,E,8,999.0,E,8,5.1,E,8,-9900,?,9,-9900,?,9,0.0,E,8,-9900,?,9,-9900,?,9,0.0,0.0,E,8
09/18/2012,24:00,0.0,1353.521,0.0,1,8,0.0,1,8,0.0,1,8,0.0,1,8,0.0,1,8,0.0,1,8,-0.0,1,8,-9900,?,9,-9900,?,9,17.25,E,8,11.64,E,8,69.0,E,8,964.3861999999999,E,8,999.0,E,8,3.05,E,8,-9900,?,9,-9900,?,9,0.0,E,8,-9900,?,9,-9900,?,9,0.0,0.0,E,8
09/19/2012,01:00,0.0,1353.521,0.0,1,8,0.0,1,8,0.0,1,8,0.0,1,8,0.0,1,8,0.0,1,8,-0.0,1,8,-9900,?,9,-9900,?,9,16.77,E,8,11.56,E,8,71.0,E,8,964.3861999999999,E,8,999.0,E,8,2.0,E,8,-9900,?,9,-9900,?,9,0.0,E,8,-9900,?,9,-9900,?,9,0.0,0.0,E,8
09/19/2012,02:00,0.0,1353.521,0.0,1,8,0.0,1,8,0.0,1,8,0.0,1,8,0.0,1,8,0.0,1,8,-0.0,1,8,-9900,?,9,-9900,?,9,16.29,E,8,11.48,E,8,73.0,E,8,964.3861999999999,E,8,999.0,E,8,2.0,E,8,-9900,?,9,-9900,?,9,0.0,E,8,-9900,?,9,-9900,?,9,0.0,0.0,E,8
09/19/2012,03:00,0.0,1353.521,0.0,1,8,0.0,1,8,0.0,1,8,0.0,1,8,0.0,1,8,0.0,1,8,-0.0,1,8,-9900,?,9,-9900,?,9,15.82,E,8,11.41,E,8,75.0,E,8,964.3861999999999,E,8,999.0,E,8,2.0,E,8,-9900,?,9,-9900,?,9,0.0,E,8,-9900,?,9,-9900,?,9,0.0,0.0,E,8
09/19/2012,04:00,0.0,1354.284,0.0,1,8,0.0,1,8,0.0,1,8,0.0,1,8,0.0,1,8,0.0,1,8,-0.0,1,8,-9900,?,9,-9900,?,9,15.34,E,8,11.33,E,8,76.0,E,8,964.3861999999999,E,8,999.0,E,8,2.0,E,8,-9900,?,9,-9900,?,9,0.0,E,8,-9900,?,9,-9900,?,9,0.0,0.0,E,8
09/19/2012,05:00,0.0,1354.284,0.0,1,8,0.0,1,8,0.0,1,8,0.0,1,8,0.0,1,8,0.0,1,8,-0.0,1,8,-9900,?,9,-9900,?,9,14.86,E,8,11.25,E,8,78.0,E,8,964.3861999999999,E,8,999.0,E,8,2.0,E,8,-9900,?,9,-9900,?,9,0.0,E,8,-9900,?,9,-9900,?,9,0.0,0.0,E,8
09/19/2012,06:00,0.0,1354.284,0.0,1,8,0.0,1,8,0.0,1,8,0.0,1,8,0.0,1,8,0.0,1,8,-0.0,1,8,-9900,?,9,-9900,?,9,14.49,E,8,11.19,E,8,80.0,E,8,964.3861999999999,E,8,999.0,E,8,2.0,E,8,-9900,?,9,-9900,?,9,0.0,E,8,-9900,?,9,-9900,?,9,0.0,0.0,E,8
09/19/2012,07:00,253.479,1354.284,24.24,1,8,0.0,1,8,24.24,1,8,2908.8,1,8,0.0,1,8,2666.4,1,8,41.545,1,8,-9900,?,9,-9900,?,9,14.18,E,8,11.14,E,8,81.0,E,8,964.3861999999999,E,8,999.0,E,8,2.0,E,8,-9900,?,9,-9900,?,9,0.0,E,8,-9900,?,9,-9900,?,9,0.0,0.0,E,8
09/19/2012,08:00,562.944,1354.284,207.91,1,8,75.137,1,8,176.721,1,8,24949.2,1,8,7138.024,1,8,19439.292,1,8,135.515,1,8,-9900,?,9,-9900,?,9,13.86,E,8,11.09,E,8,83.0,E,8,964.3861999999999,E,8,999.0,E,8,2.0,E,8,-9900,?,9,-9900,?,9,0.0,E,8,-9900,?,9,-9900,?,9,0.0,0.0,E,8
09/19/2012,09:00,834.089,1354.284,393.39,1,8,160.026,1,8,294.879,1,8,47206.8,1,8,15202.498,1,8,32436.67,1,8,152.475,1,8,-9900,?,9,-9900,?,9,19.95,E,8,12.06,E,8,60.0,E,8,964.3861999999999,E,8,999.0,E,8,2.15,E,8,-9900,?,9,-9900,?,9,0.0,E,8,-9900,?,9,-9900,?,9,0.0,0.0,E,8
09/19/2012,10:00,1047.81,1354.284,617.12,1,8,344.97,1,8,350.27,1,8,74054.4,1,8,32772.104,1,8,38529.653,1,8,144.134,1,8,-9900,?,9,-9900,?,9,22.08,E,8,12.39,E,8,54.0,E,8,964.3861999999999,E,8,999.0,E,8,2.0,E,8,-9900,?,9,-9900,?,9,0.0,E,8,-9900,?,9,-9900,?,9,0.0,0.0,E,8
09/19/2012,11:00,1189.428,1354.284,682.3,1,8,279.343,1,8,436.983,1,8,81876.0,1,8,26537.577,1,8,48068.103,1,8,158.389,1,8,-9900,?,9,-9900,?,9,23.48,E,8,12.6,E,8,50.0,E,8,964.3861999999999,E,8,999.0,E,8,2.0,E,8,-9900,?,9,-9900,?,9,0.0,E,8,-9900,?,9,-9900,?,9,0.0,0.0,E,8
09/19/2012,12:00,1249.258,1354.284,750.41,1,8,347.075,1,8,430.268,1,8,90049.2,1,8,32972.099,1,8,47329.447,1,8,148.48,1,8,-9900,?,9,-9900,?,9,24.6,E,8,12.77,E,8,47.0,E,8,964.3861999999999,E,8,999.0,E,8,2.73,E,8,-9900,?,9,-9900,?,9,0.0,E,8,-9900,?,9,-9900,?,9,0.0,0.0,E,8
09/19/2012,13:00,1223.22,1354.284,763.22,1,8,402.786,1,8,399.438,1,8,91586.4,1,8,38264.711,1,8,43938.227,1,8,140.778,1,8,-9900,?,9,-9900,?,9,25.38,E,8,12.89,E,8,45.0,E,8,964.3861999999999,E,8,999.0,E,8,2.17,E,8,-9900,?,9,-9900,?,9,0.0,E,8,-9900,?,9,-9900,?,9,0.0,0.0,E,8
09/19/2012,14:00,1113.101,1354.284,739.41,1,8,499.137,1,8,329.222,1,8,88729.2,1,8,47418.01,1,8,36214.417,1,8,127.519,1,8,-9900,?,9,-9900,?,9,25.88,E,8,12.96,E,8,44.0,E,8,964.3861999999999,E,8,999.0,E,8,3.14,E,8,-9900,?,9,-9900,?,9,0.0,E,8,-9900,?,9,-9900,?,9,0.0,0.0,E,8
09/19/2012,15:00,926.441,1354.284,700.65,1,8,868.718,1,8,106.575,1,8,84078.0,1,8,82528.182,1,8,11723.2,1,8,49.607,1,8,-9900,?,9,-9900,?,9,26.15,E,8,13.0,E,8,44.0,E,8,964.3861999999999,E,8,999.0,E,8,3.15,E,8,-9900,?,9,-9900,?,9,0.0,E,8,-9900,?,9,-9900,?,9,0.0,0.0,E,8
09/19/2012,16:00,676.047,1354.284,496.29,1,8,864.586,1,8,65.076,1,8,59554.8,1,8,82135.699,1,8,7158.361,1,8,41.532,1,8,-9900,?,9,-9900,?,9,25.73,E,8,12.94,E,8,45.0,E,8,964.3861999999999,E,8,999.0,E,8,2.0,E,8,-9900,?,9,-9900,?,9,0.0,E,8,-9900,?,9,-9900,?,9,0.0,0.0,E,8
09/19/2012,17:00,379.288,1354.284,247.39,1,8,599.173,1,8,80.149,1,8,29686.8,1,8,56921.466,1,8,8816.419,1,8,91.403,1,8,-9900,?,9,-9900,?,9,24.53,E,8,12.76,E,8,47.0,E,8,964.3861999999999,E,8,999.0,E,8,2.0,E,8,-9900,?,9,-9900,?,9,0.0,E,8,-9900,?,9,-9900,?,9,0.0,0.0,E,8
09/19/2012,18:00,60.304,1354.284,51.46,1,8,0.0,1,8,51.46,1,8,6175.2,1,8,0.0,1,8,5660.6,1,8,410.138,1,8,-9900,?,9,-9900,?,9,22.94,E,8,12.52,E,8,51.0,E,8,964.3861999999999,E,8,999.0,E,8,2.0,E,8,-9900,?,9,-9900,?,9,0.0,E,8,-9900,?,9,-9900,?,9,0.0,0.0,E,8
09/19/2012,19:00,0.0,1354.284,0.0,1,8,0.0,1,8,0.0,1,8,0.0,1,8,0.0,1,8,0.0,1,8,-0.0,1,8,-9900,?,9,-9900,?,9,21.97,E,8,12.37,E,8,54.0,E,8,964.3861999999999,E,8,999.0,E,8,2.0,E,8,-9900,?,9,-9900,?,9,0.0,E,8,-9900,?,9,-9900,?,9,0.0,0.0,E,8
09/19/2012,20:00,0.0,1354.284,0.0,1,8,0.0,1,8,0.0,1,8,0.0,1,8,0.0,1,8,0.0,1,8,-0.0,1,8,-9900,?,9,-9900,?,9,21.01,E,8,12.23,E,8,57.0,E,8,964.3861999999999,E,8,999.0,E,8,2.0,E,8,-9900,?,9,-9900,?,9,0.0,E,8,-9900,?,9,-9900,?,9,0.0,0.0,E,8
09/19/2012,21:00,0.0,1354.284,0.0,1,8,0.0,1,8,0.0,1,8,0.0,1,8,0.0,1,8,0.0,1,8,-0.0,1,8,-9900,?,9,-9900,?,9,20.04,E,8,12.08,E,8,60.0,E,8,964.3861999999999,E,8,999.0,E,8,2.0,E,8,-9900,?,9,-9900,?,9,0.0,E,8,-9900,?,9,-9900,?,9,0.0,0.0,E,8
09/19/2012,22:00,0.0,1354.284,0.0,1,8,0.0,1,8,0.0,1,8,0.0,1,8,0.0,1,8,0.0,1,8,-0.0,1,8,-9900,?,9,-9900,?,9,19.08,E,8,11.93,E,8,63.0,E,8,964.3861999999999,E,8,999.0,E,8,2.0,E,8,-9900,?,9,-9900,?,9,0.0,E,8,-9900,?,9,-9900,?,9,0.0,0.0,E,8
09/19/2012,23:00,0.0,1354.284,0.0,1,8,0.0,1,8,0.0,1,8,0.0,1,8,0.0,1,8,0.0,1,8,-0.0,1,8,-9900,?,9,-9900,?,9,18.11,E,8,11.77,E,8,66.0,E,8,964.3861999999999,E,8,999.0,E,8,2.0,E,8,-9900,?,9,-9900,?,9,0.0,E,8,-9900,?,9,-9900,?,9,0.0,0.0,E,8
09/19/2012,24:00,0.0,1354.284,0.0,1,8,0.0,1,8,0.0,1,8,0.0,1,8,0.0,1,8,0.0,1,8,-0.0,1,8,-9900,?,9,-9900,?,9,17.15,E,8,11.48,E,8,69.0,E,8,964.3861999999999,E,8,999.0,E,8,1.4,E,8,-9900,?,9,-9900,?,9,0.0,E,8,-9900,?,9,-9900,?,9,0.0,0.0,E,8
09/20/2012,01:00,0.0,1354.284,0.0,1,8,0.0,1,8,0.0,1,8,0.0,1,8,0.0,1,8,0.0,1,8,-0.0,1,8,-9900,?,9,-9900,?,9,16.67,E,8,11.42,E,8,71.0,E,8,964.3861999999999,E,8,999.0,E,8,1.4,E,8,-9900,?,9,-9900,?,9,0.0,E,8,-9900,?,9,-9900,?,9,0.0,0.0,E,8
09/20/2012,02:00,0.0,1354.284,0.0,1,8,0.0,1,8,0.0,1,8,0.0,1,8,0.0,1,8,0.0,1,8,-0.0,1,8,-9900,?,9,-9900,?,9,16.18,E,8,11.37,E,8,73.0,E,8,964.3861999999999,E,8,999.0,E,8,1.4,E,8,-9900,?,9,-9900,?,9,0.0,E,8,-9900,?,9,-9900,?,9,0.0,0.0,E,8
09/20/2012,03:00,0.0,1354.284,0.0,1,8,0.0,1,8,0.0,1,8,0.0,1,8,0.0,1,8,0.0,1,8,-0.0,1,8,-9900,?,9,-9900,?,9,15.7,E,8,11.31,E,8,75.0,E,8,964.3861999999999,E,8,999.0,E,8,1.4,E,8,-9900,?,9,-9900,?,9,0.0,E,8,-9900,?,9,-9900,?,9,0.0,0.0,E,8
09/20/2012,04:00,0.0,1355.052,0.0,1,8,0.0,1,8,0.0,1,8,0.0,1,8,0.0,1,8,0.0,1,8,-0.0,1,8,-9900,?,9,-9900,?,9,15.22,E,8,11.25,E,8,77.0,E,8,964.3861999999999,E,8,999.0,E,8,1.4,E,8,-9900,?,9,-9900,?,9,0.0,E,8,-9900,?,9,-9900,?,9,0.0,0.0,E,8
09/20/2012,05:00,0.0,1355.052,0.0,1,8,0.0,1,8,0.0,1,8,0.0,1,8,0.0,1,8,0.0,1,8,-0.0,1,8,-9900,?,9,-9900,?,9,14.74,E,8,11.2,E,8,79.0,E,8,964.3861999999999,E,8,999.0,E,8,1.4,E,8,-9900,?,9,-9900,?,9,0.0,E,8,-9900,?,9,-9900,?,9,0.0,0.0,E,8
09/20/2012,06:00,0.0,1355.052,0.0,1,8,0.0,1,8,0.0,1,8,0.0,1,8,0.0,1,8,0.0,1,8,-0.0,1,8,-9900,?,9,-9900,?,9,14.36,E,8,11.15,E,8,81.0,E,8,964.3861999999999,E,8,999.0,E,8,1.4,E,8,-9900,?,9,-9900,?,9,0.0,E,8,-9900,?,9,-9900,?,9,0.0,0.0,E,8
09/20/2012,07:00,258.858,1355.052,15.1,1,8,0.0,1,8,15.1,1,8,1812.0,1,8,0.0,1,8,1661.0,1,8,25.349,1,8,-9900,?,9,-9900,?,9,14.04,E,8,11.11,E,8,82.0,E,8,964.3861999999999,E,8,999.0,E,8,1.4,E,8,-9900,?,9,-9900,?,9,0.0,E,8,-9900,?,9,-9900,?,9,0.0,0.0,E,8
09/20/2012,08:00,568.399,1355.052,221.31,1,8,94.351,1,8,181.787,1,8,26557.2,1,8,8963.363,1,8,19996.553,1,8,138.136,1,8,-9900,?,9,-9900,?,9,13.73,E,8,11.08,E,8,84.0,E,8,964.3861999999999,E,8,999.0,E,8,1.4,E,8,-9900,?,9,-9900,?,9,0.0,E,8,-9900,?,9,-9900,?,9,0.0,0.0,E,8
09/20/2012,09:00,839.448,1355.052,427.6,1,8,214.211,1,8,294.959,1,8,51312.0,1,8,20350.091,1,8,32445.544,1,8,151.628,1,8,-9900,?,9,-9900,?,9,19.43,E,8,11.74,E,8,61.0,E,8,964.3861999999999,E,8,999.0,E,8,1.4,E,8,-9900,?,9,-9900,?,9,0.0,E,8,-9900,?,9,-9900,?,9,0.0,0.0,E,8
09/20/2012,10:00,1052.931,1355.052,618.41,1,8,340.588,1,8,353.811,1,8,74209.2,1,8,32355.818,1,8,38919.172,1,8,144.964,1,8,-9900,?,9,-9900,?,9,21.15,E,8,11.94,E,8,55.0,E,8,964.3861999999999,E,8,999.0,E,8,1.4,E,8,-9900,?,9,-9900,?,9,0.0,E,8,-9900,?,9,-9900,?,9,0.0,0.0,E,8
09/20/2012,11:00,1194.185,1355.052,730.66,1,8,363.978,1,8,409.919,1,8,87679.2,1,8,34577.889,1,8,45091.141,1,8,148.071,1,8,-9900,?,9,-9900,?,9,22.5,E,8,12.09,E,8,51.0,E,8,964.3861999999999,E,8,999.0,E,8,1.4,E,8,-9900,?,9,-9900,?,9,0.0,E,8,-9900,?,9,-9900,?,9,0.0,0.0,E,8
09/20/2012,12:00,1253.554,1355.052,810.35,1,8,466.831,1,8,378.508,1,8,97242.0,1,8,44348.901,1,8,41635.881,1,8,130.245,1,8,-9900,?,9,-9900,?,9,23.6,E,8,12.22,E,8,48.0,E,8,964.3861999999999,E,8,999.0,E,8,1.4,E,8,-9900,?,9,-9900,?,9,0.0,E,8,-9900,?,9,-9900,?,9,0.0,0.0,E,8
09/20/2012,13:00,1226.987,1355.052,747.92,1,8,348.836,1,8,432.073,1,8,89750.4,1,8,33139.423,1,8,47527.975,1,8,151.898,1,8,-9900,?,9,-9900,?,9,24.14,E,8,12.28,E,8,47.0,E,8,964.3861999999999,E,8,999.0,E,8,1.4,E,8,-9900,?,9,-9900,?,9,0.0,E,8,-9900,?,9,-9900,?,9,0.0,0.0,E,8
09/20/2012,14:00,1116.31,1355.052,677.84,1,8,359.075,1,8,382.071,1,8,81340.8,1,8,34112.101,1,8,42027.77,1,8,147.647,1,8,-9900,?,9,-9900,?,9,24.36,E,8,12.3,E,8,46.0,E,8,964.3861999999999,E,8,999.0,E,8,1.4,E,8,-9900,?,9,-9900,?,9,0.0,E,8,-9900,?,9,-9900,?,9,0.0,0.0,E,8
09/20/2012,15:00,929.1,1355.052,674.34,1,8,729.002,1,8,174.661,1,8,80920.8,1,8,69255.162,1,8,19212.688,1,8,81.112,1,8,-9900,?,9,-9900,?,9,24.51,E,8,12.32,E,8,46.0,E,8,964.3861999999999,E,8,999.0,E,8,1.4,E,8,-9900,?,9,-9900,?,9,0.0,E,8,-9900,?,9,-9900,?,9,0.0,0.0,E,8
09/20/2012,16:00,678.202,1355.052,543.29,1,8,686.969,1,8,199.764,1,8,65194.8,1,8,65262.016,1,8,21974.032,1,8,127.158,1,8,-9900,?,9,-9900,?,9,24.28,E,8,12.29,E,8,47.0,E,8,964.3861999999999,E,8,999.0,E,8,1.48,E,8,-9900,?,9,-9900,?,9,0.0,E,8,-9900,?,9,-9900,?,9,0.0,0.0,E,8
09/20/2012,17:00,381.017,1355.052,324.28,1,8,659.111,1,8,139.571,1,8,38913.6,1,8,62615.506,1,8,15352.782,1,8,158.531,1,8,-9900,?,9,-9900,?,9,23.43,E,8,12.2,E,8,49.0,E,8,964.3861999999999,E,8,999.0,E,8,2.03,E,8,-9900,?,9,-9900,?,9,0.0,E,8,-9900,?,9,-9900,?,9,0.0,0.0,E,8
09/20/2012,18:00,61.647,1355.052,90.71,1,8,0.0,1,8,90.71,1,8,10885.2,1,8,0.0,1,8,9978.1,1,8,704.87,1,8,-9900,?,9,-9900,?,9,22.11,E,8,12.05,E,8,52.0,E,8,964.3861999999999,E,8,999.0,E,8,1.4,E,8,-9900,?,9,-9900,?,9,0.0,E,8,-9900,?,9,-9900,?,9,0.0,0.0,E,8
09/20/2012,19:00,0.0,1355.052,0.0,1,8,0.0,1,8,0.0,1,8,0.0,1,8,0.0,1,8,0.0,1,8,-0.0,1,8,-9900,?,9,-9900,?,9,21.19,E,8,11.95,E,8,55.0,E,8,964.3861999999999,E,8,999.0,E,8,1.4,E,8,-9900,?,9,-9900,?,9,0.0,E,8,-9900,?,9,-9900,?,9,0.0,0.0,E,8
09/20/2012,20:00,0.0,1355.052,0.0,1,8,0.0,1,8,0.0,1,8,0.0,1,8,0.0,1,8,0.0,1,8,-0.0,1,8,-9900,?,9,-9900,?,9,20.26,E,8,11.84,E,8,58.0,E,8,964.3861999999999,E,8,999.0,E,8,1.4,E,8,-9900,?,9,-9900,?,9,0.0,E,8,-9900,?,9,-9900,?,9,0.0,0.0,E,8
09/20/2012,21:00,0.0,1355.052,0.0,1,8,0.0,1,8,0.0,1,8,0.0,1,8,0.0,1,8,0.0,1,8,-0.0,1,8,-9900,?,9,-9900,?,9,19.33,E,8,11.73,E,8,61.0,E,8,964.3861999999999,E,8,999.0,E,8,1.4,E,8,-9900,?,9,-9900,?,9,0.0,E,8,-9900,?,9,-9900,?,9,0.0,0.0,E,8
09/20/2012,22:00,0.0,1355.052,0.0,1,8,0.0,1,8,0.0,1,8,0.0,1,8,0.0,1,8,0.0,1,8,-0.0,1,8,-9900,?,9,-9900,?,9,18.4,E,8,11.63,E,8,64.0,E,8,964.3861999999999,E,8,999.0,E,8,1.4,E,8,-9900,?,9,-9900,?,9,0.0,E,8,-9900,?,9,-9900,?,9,0.0,0.0,E,8
09/20/2012,23:00,0.0,1355.052,0.0,1,8,0.0,1,8,0.0,1,8,0.0,1,8,0.0,1,8,0.0,1,8,-0.0,1,8,-9900,?,9,-9900,?,9,17.48,E,8,11.52,E,8,68.0,E,8,964.3861999999999,E,8,999.0,E,8,1.4,E,8,-9900,?,9,-9900,?,9,0.0,E,8,-9900,?,9,-9900,?,9,0.0,0.0,E,8
09/20/2012,24:00,0.0,1355.052,0.0,1,8,0.0,1,8,0.0,1,8,0.0,1,8,0.0,1,8,0.0,1,8,-0.0,1,8,-9900,?,9,-9900,?,9,16.55,E,8,10.55,E,8,67.0,E,8,964.3861999999999,E,8,999.0,E,8,1.12,E,8,-9900,?,9,-9900,?,9,0.0,E,8,-9900,?,9,-9900,?,9,0.0,0.0,E,8
09/21/2012,01:00,0.0,1355.052,0.0,1,8,0.0,1,8,0.0,1,8,0.0,1,8,0.0,1,8,0.0,1,8,-0.0,1,8,-9900,?,9,-9900,?,9,16.09,E,8,10.48,E,8,69.0,E,8,964.3861999999999,E,8,999.0,E,8,1.12,E,8,-9900,?,9,-9900,?,9,0.0,E,8,-9900,?,9,-9900,?,9,0.0,0.0,E,8
09/21/2012,02:00,0.0,1355.052,0.0,1,8,0.0,1,8,0.0,1,8,0.0,1,8,0.0,1,8,0.0,1,8,-0.0,1,8,-9900,?,9,-9900,?,9,15.62,E,8,10.42,E,8,71.0,E,8,964.3861999999999,E,8,999.0,E,8,1.12,E,8,-9900,?,9,-9900,?,9,0.0,E,8,-9900,?,9,-9900,?,9,0.0,0.0,E,8
09/21/2012,03:00,0.0,1355.052,0.0,1,8,0.0,1,8,0.0,1,8,0.0,1,8,0.0,1,8,0.0,1,8,-0.0,1,8,-9900,?,9,-9900,?,9,15.16,E,8,10.36,E,8,72.0,E,8,964.3861999999999,E,8,999.0,E,8,1.12,E,8,-9900,?,9,-9900,?,9,0.0,E,8,-9900,?,9,-9900,?,9,0.0,0.0,E,8
09/21/2012,04:00,0.0,1355.824,0.0,1,8,0.0,1,8,0.0,1,8,0.0,1,8,0.0,1,8,0.0,1,8,-0.0,1,8,-9900,?,9,-9900,?,9,14.7,E,8,10.3,E,8,74.0,E,8,964.3861999999999,E,8,999.0,E,8,1.12,E,8,-9900,?,9,-9900,?,9,0.0,E,8,-9900,?,9,-9900,?,9,0.0,0.0,E,8
09/21/2012,05:00,0.0,1355.824,0.0,1,8,0.0,1,8,0.0,1,8,0.0,1,8,0.0,1,8,0.0,1,8,-0.0,1,8,-9900,?,9,-9900,?,9,14.23,E,8,10.23,E,8,76.0,E,8,964.3861999999999,E,8,999.0,E,8,1.12,E,8,-9900,?,9,-9900,?,9,0.0,E,8,-9900,?,9,-9900,?,9,0.0,0.0,E,8
09/21/2012,06:00,0.0,1355.824,0.0,1,8,0.0,1,8,0.0,1,8,0.0,1,8,0.0,1,8,0.0,1,8,-0.0,1,8,-9900,?,9,-9900,?,9,13.88,E,8,10.19,E,8,78.0,E,8,964.3861999999999,E,8,999.0,E,8,1.12,E,8,-9900,?,9,-9900,?,9,0.0,E,8,-9900,?,9,-9900,?,9,0.0,0.0,E,8
09/21/2012,07:00,264.233,1355.824,25.31,1,8,0.0,1,8,25.31,1,8,3037.2,1,8,0.0,1,8,2784.1,1,8,41.636,1,8,-9900,?,9,-9900,?,9,13.57,E,8,10.14,E,8,79.0,E,8,964.3861999999999,E,8,999.0,E,8,1.12,E,8,-9900,?,9,-9900,?,9,0.0,E,8,-9900,?,9,-9900,?,9,0.0,0.0,E,8
09/21/2012,08:00,573.834,1355.824,246.23,1,8,151.751,1,8,182.089,1,8,29547.6,1,8,14416.382,1,8,20029.802,1,8,137.13,1,8,-9900,?,9,-9900,?,9,13.26,E,8,10.1,E,8,81.0,E,8,964.3861999999999,E,8,999.0,E,8,1.12,E,8,-9900,?,9,-9900,?,9,0.0,E,8,-9900,?,9,-9900,?,9,0.0,0.0,E,8
09/21/2012,09:00,844.775,1355.824,470.51,1,8,297.291,1,8,285.362,1,8,56461.2,1,8,28242.665,1,8,31389.812,1,8,145.851,1,8,-9900,?,9,-9900,?,9,19.8,E,8,10.97,E,8,56.0,E,8,964.3861999999999,E,8,999.0,E,8,1.12,E,8,-9900,?,9,-9900,?,9,0.0,E,8,-9900,?,9,-9900,?,9,0.0,0.0,E,8
09/21/2012,10:00,1058.009,1355.824,671.91,1,8,473.743,1,8,302.297,1,8,80629.2,1,8,45005.566,1,8,33252.701,1,8,123.333,1,8,-9900,?,9,-9900,?,9,21.7,E,8,11.22,E,8,51.0,E,8,964.3861999999999,E,8,999.0,E,8,1.12,E,8,-9900,?,9,-9900,?,9,0.0,E,8,-9900,?,9,-9900,?,9,0.0,0.0,E,8
09/21/2012,11:00,1198.895,1355.824,794.61,1,8,410.99,1,8,431.22,1,8,95353.2,1,8,39044.029,1,8,47434.166,1,8,155.241,1,8,-9900,?,9,-9900,?,9,23.21,E,8,11.41,E,8,47.0,E,8,964.3861999999999,E,8,999.0,E,8,1.12,E,8,-9900,?,9,-9900,?,9,0.0,E,8,-9900,?,9,-9900,?,9,0.0,0.0,E,8
09/21/2012,12:00,1257.8,1355.824,835.78,1,8,486.904,1,8,384.1,1,8,100293.6,1,8,46255.891,1,8,42250.956,1,8,131.797,1,8,-9900,?,9,-9900,?,9,24.27,E,8,11.54,E,8,44.0,E,8,964.3861999999999,E,8,999.0,E,8,1.12,E,8,-9900,?,9,-9900,?,9,0.0,E,8,-9900,?,9,-9900,?,9,0.0,0.0,E,8
09/21/2012,13:00,1230.707,1355.824,794.69,1,8,468.653,1,8,369.311,1,8,95362.8,1,8,44522.073,1,8,40624.211,1,8,129.514,1,8,-9900,?,9,-9900,?,9,24.85,E,8,11.61,E,8,43.0,E,8,964.3861999999999,E,8,999.0,E,8,1.12,E,8,-9900,?,9,-9900,?,9,0.0,E,8,-9900,?,9,-9900,?,9,0.0,0.0,E,8
09/21/2012,14:00,1119.477,1355.824,721.26,1,8,405.905,1,8,386.158,1,8,86551.2,1,8,38560.948,1,8,42477.431,1,8,148.889,1,8,-9900,?,9,-9900,?,9,25.07,E,8,11.64,E,8,43.0,E,8,964.3861999999999,E,8,999.0,E,8,1.51,E,8,-9900,?,9,-9900,?,9,0.0,E,8,-9900,?,9,-9900,?,9,0.0,0.0,E,8
09/21/2012,15:00,931.726,1355.824,605.74,1,8,523.566,1,8,246.062,1,8,72688.8,1,8,49738.761,1,8,27066.825,1,8,114.012,1,8,-9900,?,9,-9900,?,9,24.91,E,8,11.62,E,8,43.0,E,8,964.3861999999999,E,8,999.0,E,8,1.49,E,8,-9900,?,9,-9900,?,9,0.0,E,8,-9900,?,9,-9900,?,9,0.0,0.0,E,8
09/21/2012,16:00,680.335,1355.824,466.19,1,8,578.745,1,8,176.035,1,8,55942.8,1,8,54980.821,1,8,19363.869,1,8,111.765,1,8,-9900,?,9,-9900,?,9,24.3,E,8,11.55,E,8,44.0,E,8,964.3861999999999,E,8,999.0,E,8,1.69,E,8,-9900,?,9,-9900,?,9,0.0,E,8,-9900,?,9,-9900,?,9,0.0,0.0,E,8
09/21/2012,17:00,382.738,1355.824,303.5,1,8,641.118,1,8,123.119,1,8,36420.0,1,8,60906.247,1,8,13543.082,1,8,139.291,1,8,-9900,?,9,-9900,?,9,23.31,E,8,11.42,E,8,47.0,E,8,964.3861999999999,E,8,999.0,E,8,3.0,E,8,-9900,?,9,-9900,?,9,0.0,E,8,-9900,?,9,-9900,?,9,0.0,0.0,E,8
09/21/2012,18:00,62.999,1355.824,75.89,1,8,0.0,1,8,75.89,1,8,9106.8,1,8,0.0,1,8,8347.9,1,8,575.253,1,8,-9900,?,9,-9900,?,9,21.86,E,8,11.24,E,8,50.0,E,8,964.3861999999999,E,8,999.0,E,8,3.38,E,8,-9900,?,9,-9900,?,9,0.0,E,8,-9900,?,9,-9900,?,9,0.0,0.0,E,8
09/21/2012,19:00,0.0,1355.824,0.0,1,8,0.0,1,8,0.0,1,8,0.0,1,8,0.0,1,8,0.0,1,8,-0.0,1,8,-9900,?,9,-9900,?,9,20.91,E,8,11.12,E,8,53.0,E,8,964.3861999999999,E,8,999.0,E,8,2.55,E,8,-9900,?,9,-9900,?,9,0.0,E,8,-9900,?,9,-9900,?,9,0.0,0.0,E,8
09/21/2012,20:00,0.0,1355.824,0.0,1,8,0.0,1,8,0.0,1,8,0.0,1,8,0.0,1,8,0.0,1,8,-0.0,1,8,-9900,?,9,-9900,?,9,19.97,E,8,10.99,E,8,56.0,E,8,964.3861999999999,E,8,999.0,E,8,1.51,E,8,-9900,?,9,-9900,?,9,0.0,E,8,-9900,?,9,-9900,?,9,0.0,0.0,E,8
09/21/2012,21:00,0.0,1355.824,0.0,1,8,0.0,1,8,0.0,1,8,0.0,1,8,0.0,1,8,0.0,1,8,-0.0,1,8,-9900,?,9,-9900,?,9,19.02,E,8,10.87,E,8,59.0,E,8,964.3861999999999,E,8,999.0,E,8,1.12,E,8,-9900,?,9,-9900,?,9,0.0,E,8,-9900,?,9,-9900,?,9,0.0,0.0,E,8
09/21/2012,22:00,0.0,1355.824,0.0,1,8,0.0,1,8,0.0,1,8,0.0,1,8,0.0,1,8,0.0,1,8,-0.0,1,8,-9900,?,9,-9900,?,9,18.07,E,8,10.75,E,8,62.0,E,8,964.3861999999999,E,8,999.0,E,8,1.12,E,8,-9900,?,9,-9900,?,9,0.0,E,8,-9900,?,9,-9900,?,9,0.0,0.0,E,8
09/21/2012,23:00,0.0,1355.824,0.0,1,8,0.0,1,8,0.0,1,8,0.0,1,8,0.0,1,8,0.0,1,8,-0.0,1,8,-9900,?,9,-9900,?,9,17.13,E,8,10.62,E,8,65.0,E,8,964.3861999999999,E,8,999.0,E,8,1.12,E,8,-9900,?,9,-9900,?,9,0.0,E,8,-9900,?,9,-9900,?,9,0.0,0.0,E,8
09/21/2012,24:00,0.0,1355.824,0.0,1,8,0.0,1,8,0.0,1,8,0.0,1,8,0.0,1,8,0.0,1,8,-0.0,1,8,-9900,?,9,-9900,?,9,16.18,E,8,10.74,E,8,70.0,E,8,964.3861999999999,E,8,999.0,E,8,1.16,E,8,-9900,?,9,-9900,?,9,0.0,E,8,-9900,?,9,-9900,?,9,0.0,0.0,E,8
09/22/2012,01:00,0.0,1355.824,0.0,1,8,0.0,1,8,0.0,1,8,0.0,1,8,0.0,1,8,0.0,1,8,-0.0,1,8,-9900,?,9,-9900,?,9,15.71,E,8,10.65,E,8,71.0,E,8,964.3861999999999,E,8,999.0,E,8,1.16,E,8,-9900,?,9,-9900,?,9,0.0,E,8,-9900,?,9,-9900,?,9,0.0,0.0,E,8
09/22/2012,02:00,0.0,1355.824,0.0,1,8,0.0,1,8,0.0,1,8,0.0,1,8,0.0,1,8,0.0,1,8,-0.0,1,8,-9900,?,9,-9900,?,9,15.23,E,8,10.56,E,8,73.0,E,8,964.3861999999999,E,8,999.0,E,8,1.16,E,8,-9900,?,9,-9900,?,9,0.0,E,8,-9900,?,9,-9900,?,9,0.0,0.0,E,8
09/22/2012,03:00,0.0,1355.824,0.0,1,8,0.0,1,8,0.0,1,8,0.0,1,8,0.0,1,8,0.0,1,8,-0.0,1,8,-9900,?,9,-9900,?,9,14.76,E,8,10.46,E,8,75.0,E,8,964.3861999999999,E,8,999.0,E,8,1.16,E,8,-9900,?,9,-9900,?,9,0.0,E,8,-9900,?,9,-9900,?,9,0.0,0.0,E,8
09/22/2012,04:00,0.0,1356.6,0.0,1,8,0.0,1,8,0.0,1,8,0.0,1,8,0.0,1,8,0.0,1,8,-0.0,1,8,-9900,?,9,-9900,?,9,14.29,E,8,10.37,E,8,77.0,E,8,964.3861999999999,E,8,999.0,E,8,1.16,E,8,-9900,?,9,-9900,?,9,0.0,E,8,-9900,?,9,-9900,?,9,0.0,0.0,E,8
09/22/2012,05:00,0.0,1356.6,0.0,1,8,0.0,1,8,0.0,1,8,0.0,1,8,0.0,1,8,0.0,1,8,-0.0,1,8,-9900,?,9,-9900,?,9,13.81,E,8,10.27,E,8,79.0,E,8,964.3861999999999,E,8,999.0,E,8,1.16,E,8,-9900,?,9,-9900,?,9,0.0,E,8,-9900,?,9,-9900,?,9,0.0,0.0,E,8
09/22/2012,06:00,0.0,1356.6,0.0,1,8,0.0,1,8,0.0,1,8,0.0,1,8,0.0,1,8,0.0,1,8,-0.0,1,8,-9900,?,9,-9900,?,9,13.45,E,8,10.2,E,8,80.0,E,8,964.3861999999999,E,8,999.0,E,8,1.16,E,8,-9900,?,9,-9900,?,9,0.0,E,8,-9900,?,9,-9900,?,9,0.0,0.0,E,8
09/22/2012,07:00,269.599,1356.6,13.51,1,8,0.0,1,8,13.51,1,8,1621.2,1,8,0.0,1,8,1486.1,1,8,21.788,1,8,-9900,?,9,-9900,?,9,13.14,E,8,10.14,E,8,81.0,E,8,964.3861999999999,E,8,999.0,E,8,1.16,E,8,-9900,?,9,-9900,?,9,0.0,E,8,-9900,?,9,-9900,?,9,0.0,0.0,E,8
09/22/2012,08:00,579.246,1356.6,185.38,1,8,60.904,1,8,159.409,1,8,22245.6,1,8,5785.917,1,8,17534.973,1,8,118.993,1,8,-9900,?,9,-9900,?,9,12.82,E,8,10.07,E,8,83.0,E,8,964.3861999999999,E,8,999.0,E,8,1.16,E,8,-9900,?,9,-9900,?,9,0.0,E,8,-9900,?,9,-9900,?,9,0.0,0.0,E,8
09/22/2012,09:00,850.067,1356.6,383.17,1,8,132.273,1,8,300.323,1,8,45980.4,1,8,12565.927,1,8,33035.557,1,8,152.628,1,8,-9900,?,9,-9900,?,9,18.64,E,8,11.22,E,8,61.0,E,8,964.3861999999999,E,8,999.0,E,8,1.16,E,8,-9900,?,9,-9900,?,9,0.0,E,8,-9900,?,9,-9900,?,9,0.0,0.0,E,8
09/22/2012,10:00,1063.044,1356.6,563.51,1,8,219.308,1,8,391.69,1,8,67621.2,1,8,20834.285,1,8,43085.866,1,8,159.138,1,8,-9900,?,9,-9900,?,9,20.55,E,8,11.58,E,8,56.0,E,8,964.3861999999999,E,8,999.0,E,8,1.16,E,8,-9900,?,9,-9900,?,9,0.0,E,8,-9900,?,9,-9900,?,9,0.0,0.0,E,8
09/22/2012,11:00,1203.556,1356.6,694.14,1,8,283.512,1,8,442.632,1,8,83296.8,1,8,26933.645,1,8,48689.536,1,8,158.823,1,8,-9900,?,9,-9900,?,9,22.17,E,8,11.88,E,8,52.0,E,8,964.3861999999999,E,8,999.0,E,8,1.16,E,8,-9900,?,9,-9900,?,9,0.0,E,8,-9900,?,9,-9900,?,9,0.0,0.0,E,8
09/22/2012,12:00,1261.996,1356.6,765.53,1,8,336.214,1,8,452.776,1,8,91863.6,1,8,31940.365,1,8,49805.376,1,8,154.934,1,8,-9900,?,9,-9900,?,9,23.43,E,8,12.11,E,8,48.0,E,8,964.3861999999999,E,8,999.0,E,8,1.16,E,8,-9900,?,9,-9900,?,9,0.0,E,8,-9900,?,9,-9900,?,9,0.0,0.0,E,8
09/22/2012,13:00,1234.379,1356.6,832.34,1,8,486.04,1,8,390.116,1,8,99880.8,1,8,46173.775,1,8,42912.789,1,8,136.482,1,8,-9900,?,9,-9900,?,9,24.51,E,8,12.3,E,8,46.0,E,8,964.3861999999999,E,8,999.0,E,8,1.16,E,8,-9900,?,9,-9900,?,9,0.0,E,8,-9900,?,9,-9900,?,9,0.0,0.0,E,8
09/22/2012,14:00,1122.602,1356.6,795.59,1,8,620.005,1,8,282.598,1,8,95470.8,1,8,58900.506,1,8,31085.755,1,8,108.719,1,8,-9900,?,9,-9900,?,9,25.16,E,8,12.42,E,8,45.0,E,8,964.3861999999999,E,8,999.0,E,8,1.51,E,8,-9900,?,9,-9900,?,9,0.0,E,8,-9900,?,9,-9900,?,9,0.0,0.0,E,8
09/22/2012,15:00,934.32,1356.6,726.36,1,8,591.497,1,8,319.116,1,8,87163.2,1,8,56192.216,1,8,35102.735,1,8,147.535,1,8,-9900,?,9,-9900,?,9,25.48,E,8,12.48,E,8,44.0,E,8,964.3861999999999,E,8,999.0,E,8,2.09,E,8,-9900,?,9,-9900,?,9,0.0,E,8,-9900,?,9,-9900,?,9,0.0,0.0,E,8
09/22/2012,16:00,682.448,1356.6,546.18,1,8,688.318,1,8,200.215,1,8,65541.6,1,8,65390.223,1,8,22023.642,1,8,126.795,1,8,-9900,?,9,-9900,?,9,25.2,E,8,12.43,E,8,44.0,E,8,964.3861999999999,E,8,999.0,E,8,1.57,E,8,-9900,?,9,-9900,?,9,0.0,E,8,-9900,?,9,-9900,?,9,0.0,0.0,E,8
09/22/2012,17:00,384.453,1356.6,338.31,1,8,656.072,1,8,152.996,1,8,40597.2,1,8,62326.841,1,8,16829.508,1,8,172.413,1,8,-9900,?,9,-9900,?,9,24.25,E,8,12.26,E,8,47.0,E,8,964.3861999999999,E,8,999.0,E,8,1.86,E,8,-9900,?,9,-9900,?,9,0.0,E,8,-9900,?,9,-9900,?,9,0.0,0.0,E,8
09/22/2012,18:00,64.361,1356.6,102.0,1,8,0.0,1,8,102.0,1,8,12240.0,1,8,0.0,1,8,11220.0,1,8,754.58,1,8,-9900,?,9,-9900,?,9,22.73,E,8,11.98,E,8,50.0,E,8,964.3861999999999,E,8,999.0,E,8,1.99,E,8,-9900,?,9,-9900,?,9,0.0,E,8,-9900,?,9,-9900,?,9,0.0,0.0,E,8
09/22/2012,19:00,0.0,1356.6,0.0,1,8,0.0,1,8,0.0,1,8,0.0,1,8,0.0,1,8,0.0,1,8,-0.0,1,8,-9900,?,9,-9900,?,9,21.63,E,8,11.78,E,8,53.0,E,8,964.3861999999999,E,8,999.0,E,8,1.86,E,8,-9900,?,9,-9900,?,9,0.0,E,8,-9900,?,9,-9900,?,9,0.0,0.0,E,8
09/22/2012,20:00,0.0,1356.6,0.0,1,8,0.0,1,8,0.0,1,8,0.0,1,8,0.0,1,8,0.0,1,8,-0.0,1,8,-9900,?,9,-9900,?,9,20.53,E,8,11.58,E,8,56.0,E,8,964.3861999999999,E,8,999.0,E,8,2.26,E,8,-9900,?,9,-9900,?,9,0.0,E,8,-9900,?,9,-9900,?,9,0.0,0.0,E,8
09/22/2012,21:00,0.0,1356.6,0.0,1,8,0.0,1,8,0.0,1,8,0.0,1,8,0.0,1,8,0.0,1,8,-0.0,1,8,-9900,?,9,-9900,?,9,19.43,E,8,11.37,E,8,59.0,E,8,964.3861999999999,E,8,999.0,E,8,1.67,E,8,-9900,?,9,-9900,?,9,0.0,E,8,-9900,?,9,-9900,?,9,0.0,0.0,E,8
09/22/2012,22:00,0.0,1356.6,0.0,1,8,0.0,1,8,0.0,1,8,0.0,1,8,0.0,1,8,0.0,1,8,-0.0,1,8,-9900,?,9,-9900,?,9,18.33,E,8,11.16,E,8,62.0,E,8,964.3861999999999,E,8,999.0,E,8,1.4,E,8,-9900,?,9,-9900,?,9,0.0,E,8,-9900,?,9,-9900,?,9,0.0,0.0,E,8
09/22/2012,23:00,0.0,1356.6,0.0,1,8,0.0,1,8,0.0,1,8,0.0,1,8,0.0,1,8,0.0,1,8,-0.0,1,8,-9900,?,9,-9900,?,9,17.23,E,8,10.95,E,8,66.0,E,8,964.3861999999999,E,8,999.0,E,8,1.7,E,8,-9900,?,9,-9900,?,9,0.0,E,8,-9900,?,9,-9900,?,9,0.0,0.0,E,8
09/22/2012,24:00,0.0,1356.6,0.0,1,8,0.0,1,8,0.0,1,8,0.0,1,8,0.0,1,8,0.0,1,8,-0.0,1,8,-9900,?,9,-9900,?,9,16.13,E,8,10.14,E,8,67.0,E,8,964.3861999999999,E,8,999.0,E,8,1.18,E,8,-9900,?,9,-9900,?,9,0.0,E,8,-9900,?,9,-9900,?,9,0.0,0.0,E,8
09/23/2012,01:00,0.0,1356.6,0.0,1,8,0.0,1,8,0.0,1,8,0.0,1,8,0.0,1,8,0.0,1,8,-0.0,1,8,-9900,?,9,-9900,?,9,15.58,E,8,10.04,E,8,69.0,E,8,964.3861999999999,E,8,999.0,E,8,1.18,E,8,-9900,?,9,-9900,?,9,0.0,E,8,-9900,?,9,-9900,?,9,0.0,0.0,E,8
09/23/2012,02:00,0.0,1356.6,0.0,1,8,0.0,1,8,0.0,1,8,0.0,1,8,0.0,1,8,0.0,1,8,-0.0,1,8,-9900,?,9,-9900,?,9,15.03,E,8,9.95,E,8,71.0,E,8,964.3861999999999,E,8,999.0,E,8,1.18,E,8,-9900,?,9,-9900,?,9,0.0,E,8,-9900,?,9,-9900,?,9,0.0,0.0,E,8
09/23/2012,03:00,0.0,1356.6,0.0,1,8,0.0,1,8,0.0,1,8,0.0,1,8,0.0,1,8,0.0,1,8,-0.0,1,8,-9900,?,9,-9900,?,9,14.48,E,8,9.86,E,8,73.0,E,8,964.3861999999999,E,8,999.0,E,8,1.18,E,8,-9900,?,9,-9900,?,9,0.0,E,8,-9900,?,9,-9900,?,9,0.0,0.0,E,8
09/23/2012,04:00,0.0,1357.379,0.0,1,8,0.0,1,8,0.0,1,8,0.0,1,8,0.0,1,8,0.0,1,8,-0.0,1,8,-9900,?,9,-9900,?,9,13.92,E,8,9.77,E,8,76.0,E,8,964.3861999999999,E,8,999.0,E,8,1.18,E,8,-9900,?,9,-9900,?,9,0.0,E,8,-9900,?,9,-9900,?,9,0.0,0.0,E,8
09/23/2012,05:00,0.0,1357.379,0.0,1,8,0.0,1,8,0.0,1,8,0.0,1,8,0.0,1,8,0.0,1,8,-0.0,1,8,-9900,?,9,-9900,?,9,13.37,E,8,9.67,E,8,78.0,E,8,964.3861999999999,E,8,999.0,E,8,1.18,E,8,-9900,?,9,-9900,?,9,0.0,E,8,-9900,?,9,-9900,?,9,0.0,0.0,E,8
09/23/2012,06:00,0.0,1357.379,0.0,1,8,0.0,1,8,0.0,1,8,0.0,1,8,0.0,1,8,0.0,1,8,-0.0,1,8,-9900,?,9,-9900,?,9,12.95,E,8,9.6,E,8,80.0,E,8,964.3861999999999,E,8,999.0,E,8,1.18,E,8,-9900,?,9,-9900,?,9,0.0,E,8,-9900,?,9,-9900,?,9,0.0,0.0,E,8
09/23/2012,07:00,274.954,1357.379,25.22,1,8,0.0,1,8,25.22,1,8,3026.4,1,8,0.0,1,8,2774.2,1,8,39.894,1,8,-9900,?,9,-9900,?,9,12.59,E,8,9.54,E,8,81.0,E,8,964.3861999999999,E,8,999.0,E,8,1.18,E,8,-9900,?,9,-9900,?,9,0.0,E,8,-9900,?,9,-9900,?,9,0.0,0.0,E,8
09/23/2012,08:00,584.632,1357.379,239.39,1,8,124.104,1,8,186.006,1,8,28726.8,1,8,11789.869,1,8,20460.675,1,8,137.643,1,8,-9900,?,9,-9900,?,9,12.22,E,8,9.48,E,8,83.0,E,8,964.3861999999999,E,8,999.0,E,8,1.18,E,8,-9900,?,9,-9900,?,9,0.0,E,8,-9900,?,9,-9900,?,9,0.0,0.0,E,8
09/23/2012,09:00,855.322,1357.379,464.92,1,8,270.239,1,8,294.711,1,8,55790.4,1,8,25672.686,1,8,32418.205,1,8,148.94,1,8,-9900,?,9,-9900,?,9,19.3,E,8,10.65,E,8,57.0,E,8,964.3861999999999,E,8,999.0,E,8,1.18,E,8,-9900,?,9,-9900,?,9,0.0,E,8,-9900,?,9,-9900,?,9,0.0,0.0,E,8
09/23/2012,10:00,1068.033,1357.379,649.8,1,8,363.292,1,8,364.001,1,8,77976.0,1,8,34512.752,1,8,40040.081,1,8,147.281,1,8,-9900,?,9,-9900,?,9,21.3,E,8,10.97,E,8,51.0,E,8,964.3861999999999,E,8,999.0,E,8,1.18,E,8,-9900,?,9,-9900,?,9,0.0,E,8,-9900,?,9,-9900,?,9,0.0,0.0,E,8
09/23/2012,11:00,1208.165,1357.379,835.29,1,8,536.804,1,8,357.532,1,8,100234.8,1,8,50996.388,1,8,39328.568,1,8,127.872,1,8,-9900,?,9,-9900,?,9,23.23,E,8,11.27,E,8,46.0,E,8,964.3861999999999,E,8,999.0,E,8,1.59,E,8,-9900,?,9,-9900,?,9,0.0,E,8,-9900,?,9,-9900,?,9,0.0,0.0,E,8
09/23/2012,12:00,1266.139,1357.379,863.32,1,8,513.561,1,8,384.301,1,8,103598.4,1,8,48788.28,1,8,42273.068,1,8,131.147,1,8,-9900,?,9,-9900,?,9,24.5,E,8,11.46,E,8,44.0,E,8,964.3861999999999,E,8,999.0,E,8,2.92,E,8,-9900,?,9,-9900,?,9,0.0,E,8,-9900,?,9,-9900,?,9,0.0,0.0,E,8
09/23/2012,13:00,1238.001,1357.379,844.01,1,8,526.113,1,8,364.196,1,8,101281.2,1,8,49980.732,1,8,40061.545,1,8,127.113,1,8,-9900,?,9,-9900,?,9,25.28,E,8,11.58,E,8,42.0,E,8,964.3861999999999,E,8,999.0,E,8,3.38,E,8,-9900,?,9,-9900,?,9,0.0,E,8,-9900,?,9,-9900,?,9,0.0,0.0,E,8
09/23/2012,14:00,1125.684,1357.379,770.69,1,8,547.543,1,8,316.669,1,8,92482.8,1,8,52016.616,1,8,34833.586,1,8,121.562,1,8,-9900,?,9,-9900,?,9,25.63,E,8,11.64,E,8,41.0,E,8,964.3861999999999,E,8,999.0,E,8,2.19,E,8,-9900,?,9,-9900,?,9,0.0,E,8,-9900,?,9,-9900,?,9,0.0,0.0,E,8
09/23/2012,15:00,936.88,1357.379,647.87,1,8,664.496,1,8,189.374,1,8,77744.4,1,8,63127.167,1,8,20831.153,1,8,87.363,1,8,-9900,?,9,-9900,?,9,25.55,E,8,11.62,E,8,41.0,E,8,964.3861999999999,E,8,999.0,E,8,1.26,E,8,-9900,?,9,-9900,?,9,0.0,E,8,-9900,?,9,-9900,?,9,0.0,0.0,E,8
09/23/2012,16:00,684.542,1357.379,483.13,1,8,675.291,1,8,142.865,1,8,57975.6,1,8,64152.661,1,8,15715.169,1,8,90.251,1,8,-9900,?,9,-9900,?,9,24.86,E,8,11.52,E,8,43.0,E,8,964.3861999999999,E,8,999.0,E,8,1.51,E,8,-9900,?,9,-9900,?,9,0.0,E,8,-9900,?,9,-9900,?,9,0.0,0.0,E,8
09/23/2012,17:00,386.162,1357.379,285.37,1,8,643.015,1,8,103.036,1,8,34244.4,1,8,61086.421,1,8,11333.947,1,8,115.662,1,8,-9900,?,9,-9900,?,9,23.63,E,8,11.33,E,8,45.0,E,8,964.3861999999999,E,8,999.0,E,8,1.28,E,8,-9900,?,9,-9900,?,9,0.0,E,8,-9900,?,9,-9900,?,9,0.0,0.0,E,8
09/23/2012,18:00,65.734,1357.379,74.26,1,8,0.0,1,8,74.26,1,8,8911.2,1,8,0.0,1,8,8168.6,1,8,536.395,1,8,-9900,?,9,-9900,?,9,21.97,E,8,11.07,E,8,49.0,E,8,964.3861999999999,E,8,999.0,E,8,1.18,E,8,-9900,?,9,-9900,?,9,0.0,E,8,-9900,?,9,-9900,?,9,0.0,0.0,E,8
09/23/2012,19:00,0.0,1357.379,0.0,1,8,0.0,1,8,0.0,1,8,0.0,1,8,0.0,1,8,0.0,1,8,-0.0,1,8,-9900,?,9,-9900,?,9,21.04,E,8,10.93,E,8,52.0,E,8,964.3861999999999,E,8,999.0,E,8,1.18,E,8,-9900,?,9,-9900,?,9,0.0,E,8,-9900,?,9,-9900,?,9,0.0,0.0,E,8
09/23/2012,20:00,0.0,1357.379,0.0,1,8,0.0,1,8,0.0,1,8,0.0,1,8,0.0,1,8,0.0,1,8,-0.0,1,8,-9900,?,9,-9900,?,9,20.11,E,8,10.78,E,8,54.0,E,8,964.3861999999999,E,8,999.0,E,8,1.18,E,8,-9900,?,9,-9900,?,9,0.0,E,8,-9900,?,9,-9900,?,9,0.0,0.0,E,8
09/23/2012,21:00,0.0,1357.379,0.0,1,8,0.0,1,8,0.0,1,8,0.0,1,8,0.0,1,8,0.0,1,8,-0.0,1,8,-9900,?,9,-9900,?,9,19.18,E,8,10.63,E,8,57.0,E,8,964.3861999999999,E,8,999.0,E,8,1.18,E,8,-9900,?,9,-9900,?,9,0.0,E,8,-9900,?,9,-9900,?,9,0.0,0.0,E,8
09/23/2012,22:00,0.0,1357.379,0.0,1,8,0.0,1,8,0.0,1,8,0.0,1,8,0.0,1,8,0.0,1,8,-0.0,1,8,-9900,?,9,-9900,?,9,18.24,E,8,10.48,E,8,60.0,E,8,964.3861999999999,E,8,999.0,E,8,1.18,E,8,-9900,?,9,-9900,?,9,0.0,E,8,-9900,?,9,-9900,?,9,0.0,0.0,E,8
09/23/2012,23:00,0.0,1357.379,0.0,1,8,0.0,1,8,0.0,1,8,0.0,1,8,0.0,1,8,0.0,1,8,-0.0,1,8,-9900,?,9,-9900,?,9,17.31,E,8,10.33,E,8,63.0,E,8,964.3861999999999,E,8,999.0,E,8,1.18,E,8,-9900,?,9,-9900,?,9,0.0,E,8,-9900,?,9,-9900,?,9,0.0,0.0,E,8
09/23/2012,24:00,0.0,1357.379,0.0,1,8,0.0,1,8,0.0,1,8,0.0,1,8,0.0,1,8,0.0,1,8,-0.0,1,8,-9900,?,9,-9900,?,9,16.38,E,8,11.58,E,8,73.0,E,8,964.3861999999999,E,8,999.0,E,8,1.22,E,8,-9900,?,9,-9900,?,9,0.0,E,8,-9900,?,9,-9900,?,9,0.0,0.0,E,8
09/24/2012,01:00,0.0,1357.379,0.0,1,8,0.0,1,8,0.0,1,8,0.0,1,8,0.0,1,8,0.0,1,8,-0.0,1,8,-9900,?,9,-9900,?,9,15.91,E,8,11.54,E,8,75.0,E,8,964.3861999999999,E,8,999.0,E,8,1.22,E,8,-9900,?,9,-9900,?,9,0.0,E,8,-9900,?,9,-9900,?,9,0.0,0.0,E,8
09/24/2012,02:00,0.0,1357.379,0.0,1,8,0.0,1,8,0.0,1,8,0.0,1,8,0.0,1,8,0.0,1,8,-0.0,1,8,-9900,?,9,-9900,?,9,15.45,E,8,11.5,E,8,77.0,E,8,964.3861999999999,E,8,999.0,E,8,1.22,E,8,-9900,?,9,-9900,?,9,0.0,E,8,-9900,?,9,-9900,?,9,0.0,0.0,E,8
09/24/2012,03:00,0.0,1357.379,0.0,1,8,0.0,1,8,0.0,1,8,0.0,1,8,0.0,1,8,0.0,1,8,-0.0,1,8,-9900,?,9,-9900,?,9,14.98,E,8,11.46,E,8,79.0,E,8,964.3861999999999,E,8,999.0,E,8,1.22,E,8,-9900,?,9,-9900,?,9,0.0,E,8,-9900,?,9,-9900,?,9,0.0,0.0,E,8
09/24/2012,04:00,0.0,1358.162,0.0,1,8,0.0,1,8,0.0,1,8,0.0,1,8,0.0,1,8,0.0,1,8,-0.0,1,8,-9900,?,9,-9900,?,9,14.52,E,8,11.42,E,8,81.0,E,8,964.3861999999999,E,8,999.0,E,8,1.22,E,8,-9900,?,9,-9900,?,9,0.0,E,8,-9900,?,9,-9900,?,9,0.0,0.0,E,8
09/24/2012,05:00,0.0,1358.162,0.0,1,8,0.0,1,8,0.0,1,8,0.0,1,8,0.0,1,8,0.0,1,8,-0.0,1,8,-9900,?,9,-9900,?,9,14.05,E,8,11.38,E,8,83.0,E,8,964.3861999999999,E,8,999.0,E,8,1.22,E,8,-9900,?,9,-9900,?,9,0.0,E,8,-9900,?,9,-9900,?,9,0.0,0.0,E,8
09/24/2012,06:00,0.0,1358.162,0.0,1,8,0.0,1,8,0.0,1,8,0.0,1,8,0.0,1,8,0.0,1,8,-0.0,1,8,-9900,?,9,-9900,?,9,13.69,E,8,11.35,E,8,85.0,E,8,964.3861999999999,E,8,999.0,E,8,1.22,E,8,-9900,?,9,-9900,?,9,0.0,E,8,-9900,?,9,-9900,?,9,0.0,0.0,E,8
09/24/2012,07:00,280.295,1358.162,29.2,1,8,0.0,1,8,29.2,1,8,3504.0,1,8,0.0,1,8,3212.0,1,8,45.325,1,8,-9900,?,9,-9900,?,9,13.38,E,8,11.32,E,8,87.0,E,8,964.3861999999999,E,8,999.0,E,8,1.22,E,8,-9900,?,9,-9900,?,9,0.0,E,8,-9900,?,9,-9900,?,9,0.0,0.0,E,8
09/24/2012,08:00,589.989,1358.162,229.3,1,8,91.527,1,8,189.59,1,8,27516.0,1,8,8695.105,1,8,20854.916,1,8,139.097,1,8,-9900,?,9,-9900,?,9,13.08,E,8,11.29,E,8,88.0,E,8,964.3861999999999,E,8,999.0,E,8,1.22,E,8,-9900,?,9,-9900,?,9,0.0,E,8,-9900,?,9,-9900,?,9,0.0,0.0,E,8
09/24/2012,09:00,860.536,1358.162,432.44,1,8,177.673,1,8,319.915,1,8,51892.8,1,8,16878.894,1,8,35190.683,1,8,160.789,1,8,-9900,?,9,-9900,?,9,19.64,E,8,11.85,E,8,60.0,E,8,964.3861999999999,E,8,999.0,E,8,1.22,E,8,-9900,?,9,-9900,?,9,0.0,E,8,-9900,?,9,-9900,?,9,0.0,0.0,E,8
09/24/2012,10:00,1072.974,1358.162,595.41,1,8,272.478,1,8,380.185,1,8,71449.2,1,8,25885.428,1,8,41820.371,1,8,153.209,1,8,-9900,?,9,-9900,?,9,21.39,E,8,12.0,E,8,55.0,E,8,964.3861999999999,E,8,999.0,E,8,1.22,E,8,-9900,?,9,-9900,?,9,0.0,E,8,-9900,?,9,-9900,?,9,0.0,0.0,E,8
09/24/2012,11:00,1212.722,1358.162,761.18,1,8,416.775,1,8,389.064,1,8,91341.6,1,8,39593.608,1,8,42797.016,1,8,138.706,1,8,-9900,?,9,-9900,?,9,23.09,E,8,12.14,E,8,50.0,E,8,964.3861999999999,E,8,999.0,E,8,1.44,E,8,-9900,?,9,-9900,?,9,0.0,E,8,-9900,?,9,-9900,?,9,0.0,0.0,E,8
09/24/2012,12:00,1270.228,1358.162,845.89,1,8,460.936,1,8,414.815,1,8,101506.8,1,8,43788.897,1,8,45629.7,1,8,141.186,1,8,-9900,?,9,-9900,?,9,24.45,E,8,12.25,E,8,46.0,E,8,964.3861999999999,E,8,999.0,E,8,1.99,E,8,-9900,?,9,-9900,?,9,0.0,E,8,-9900,?,9,-9900,?,9,0.0,0.0,E,8
09/24/2012,13:00,1241.573,1358.162,775.49,1,8,400.786,1,8,409.13,1,8,93058.8,1,8,38074.668,1,8,45004.301,1,8,142.468,1,8,-9900,?,9,-9900,?,9,25.12,E,8,12.3,E,8,44.0,E,8,964.3861999999999,E,8,999.0,E,8,2.27,E,8,-9900,?,9,-9900,?,9,0.0,E,8,-9900,?,9,-9900,?,9,0.0,0.0,E,8
09/24/2012,14:00,1128.724,1358.162,737.88,1,8,483.131,1,8,336.419,1,8,88545.6,1,8,45897.423,1,8,37006.072,1,8,128.87,1,8,-9900,?,9,-9900,?,9,25.49,E,8,12.33,E,8,43.0,E,8,964.3861999999999,E,8,999.0,E,8,2.14,E,8,-9900,?,9,-9900,?,9,0.0,E,8,-9900,?,9,-9900,?,9,0.0,0.0,E,8
09/24/2012,15:00,939.409,1358.162,619.11,1,8,543.933,1,8,243.005,1,8,74293.2,1,8,51673.654,1,8,26730.517,1,8,111.867,1,8,-9900,?,9,-9900,?,9,25.46,E,8,12.33,E,8,44.0,E,8,964.3861999999999,E,8,999.0,E,8,1.76,E,8,-9900,?,9,-9900,?,9,0.0,E,8,-9900,?,9,-9900,?,9,0.0,0.0,E,8
09/24/2012,16:00,686.615,1358.162,461.29,1,8,695.549,1,8,109.957,1,8,55354.8,1,8,66077.119,1,8,12095.251,1,8,69.292,1,8,-9900,?,9,-9900,?,9,24.85,E,8,12.28,E,8,45.0,E,8,964.3861999999999,E,8,999.0,E,8,1.33,E,8,-9900,?,9,-9900,?,9,0.0,E,8,-9900,?,9,-9900,?,9,0.0,0.0,E,8
09/24/2012,17:00,387.867,1358.162,240.16,1,8,531.716,1,8,88.804,1,8,28819.2,1,8,50513.022,1,8,9768.389,1,8,99.302,1,8,-9900,?,9,-9900,?,9,23.61,E,8,12.18,E,8,48.0,E,8,964.3861999999999,E,8,999.0,E,8,2.11,E,8,-9900,?,9,-9900,?,9,0.0,E,8,-9900,?,9,-9900,?,9,0.0,0.0,E,8
09/24/2012,18:00,67.119,1358.162,53.15,1,8,0.0,1,8,53.15,1,8,6378.0,1,8,0.0,1,8,5846.5,1,8,375.003,1,8,-9900,?,9,-9900,?,9,22.03,E,8,12.05,E,8,53.0,E,8,964.3861999999999,E,8,999.0,E,8,1.66,E,8,-9900,?,9,-9900,?,9,0.0,E,8,-9900,?,9,-9900,?,9,0.0,0.0,E,8
09/24/2012,19:00,0.0,1358.162,0.0,1,8,0.0,1,8,0.0,1,8,0.0,1,8,0.0,1,8,0.0,1,8,-0.0,1,8,-9900,?,9,-9900,?,9,21.15,E,8,11.98,E,8,55.0,E,8,964.3861999999999,E,8,999.0,E,8,1.22,E,8,-9900,?,9,-9900,?,9,0.0,E,8,-9900,?,9,-9900,?,9,0.0,0.0,E,8
09/24/2012,20:00,0.0,1358.162,0.0,1,8,0.0,1,8,0.0,1,8,0.0,1,8,0.0,1,8,0.0,1,8,-0.0,1,8,-9900,?,9,-9900,?,9,20.27,E,8,11.9,E,8,58.0,E,8,964.3861999999999,E,8,999.0,E,8,1.22,E,8,-9900,?,9,-9900,?,9,0.0,E,8,-9900,?,9,-9900,?,9,0.0,0.0,E,8
09/24/2012,21:00,0.0,1358.162,0.0,1,8,0.0,1,8,0.0,1,8,0.0,1,8,0.0,1,8,0.0,1,8,-0.0,1,8,-9900,?,9,-9900,?,9,19.39,E,8,11.83,E,8,61.0,E,8,964.3861999999999,E,8,999.0,E,8,1.22,E,8,-9900,?,9,-9900,?,9,0.0,E,8,-9900,?,9,-9900,?,9,0.0,0.0,E,8
09/24/2012,22:00,0.0,1358.162,0.0,1,8,0.0,1,8,0.0,1,8,0.0,1,8,0.0,1,8,0.0,1,8,-0.0,1,8,-9900,?,9,-9900,?,9,18.51,E,8,11.76,E,8,64.0,E,8,964.3861999999999,E,8,999.0,E,8,1.22,E,8,-9900,?,9,-9900,?,9,0.0,E,8,-9900,?,9,-9900,?,9,0.0,0.0,E,8
09/24/2012,23:00,0.0,1358.162,0.0,1,8,0.0,1,8,0.0,1,8,0.0,1,8,0.0,1,8,0.0,1,8,-0.0,1,8,-9900,?,9,-9900,?,9,17.63,E,8,11.68,E,8,68.0,E,8,964.3861999999999,E,8,999.0,E,8,1.22,E,8,-9900,?,9,-9900,?,9,0.0,E,8,-9900,?,9,-9900,?,9,0.0,0.0,E,8
09/24/2012,24:00,0.0,1358.162,0.0,1,8,0.0,1,8,0.0,1,8,0.0,1,8,0.0,1,8,0.0,1,8,-0.0,1,8,-9900,?,9,-9900,?,9,16.76,E,8,12.92,E,8,78.0,E,8,964.3861999999999,E,8,999.0,E,8,1.02,E,8,-9900,?,9,-9900,?,9,0.0,E,8,-9900,?,9,-9900,?,9,0.0,0.0,E,8
09/25/2012,01:00,0.0,1358.162,0.0,1,8,0.0,1,8,0.0,1,8,0.0,1,8,0.0,1,8,0.0,1,8,-0.0,1,8,-9900,?,9,-9900,?,9,16.32,E,8,12.82,E,8,79.0,E,8,964.3861999999999,E,8,999.0,E,8,1.02,E,8,-9900,?,9,-9900,?,9,0.0,E,8,-9900,?,9,-9900,?,9,0.0,0.0,E,8
09/25/2012,02:00,0.0,1358.162,0.0,1,8,0.0,1,8,0.0,1,8,0.0,1,8,0.0,1,8,0.0,1,8,-0.0,1,8,-9900,?,9,-9900,?,9,15.88,E,8,12.72,E,8,81.0,E,8,964.3861999999999,E,8,999.0,E,8,1.02,E,8,-9900,?,9,-9900,?,9,0.0,E,8,-9900,?,9,-9900,?,9,0.0,0.0,E,8
09/25/2012,03:00,0.0,1358.162,0.0,1,8,0.0,1,8,0.0,1,8,0.0,1,8,0.0,1,8,0.0,1,8,-0.0,1,8,-9900,?,9,-9900,?,9,15.44,E,8,12.62,E,8,83.0,E,8,964.3861999999999,E,8,999.0,E,8,1.02,E,8,-9900,?,9,-9900,?,9,0.0,E,8,-9900,?,9,-9900,?,9,0.0,0.0,E,8
09/25/2012,04:00,0.0,1358.948,0.0,1,8,0.0,1,8,0.0,1,8,0.0,1,8,0.0,1,8,0.0,1,8,-0.0,1,8,-9900,?,9,-9900,?,9,15.0,E,8,12.52,E,8,85.0,E,8,964.3861999999999,E,8,999.0,E,8,1.02,E,8,-9900,?,9,-9900,?,9,0.0,E,8,-9900,?,9,-9900,?,9,0.0,0.0,E,8
09/25/2012,05:00,0.0,1358.948,0.0,1,8,0.0,1,8,0.0,1,8,0.0,1,8,0.0,1,8,0.0,1,8,-0.0,1,8,-9900,?,9,-9900,?,9,14.61,E,8,12.43,E,8,86.0,E,8,964.3861999999999,E,8,999.0,E,8,1.02,E,8,-9900,?,9,-9900,?,9,0.0,E,8,-9900,?,9,-9900,?,9,0.0,0.0,E,8
09/25/2012,06:00,0.0,1358.948,0.0,1,8,0.0,1,8,0.0,1,8,0.0,1,8,0.0,1,8,0.0,1,8,-0.0,1,8,-9900,?,9,-9900,?,9,14.32,E,8,12.36,E,8,87.0,E,8,964.3861999999999,E,8,999.0,E,8,1.02,E,8,-9900,?,9,-9900,?,9,0.0,E,8,-9900,?,9,-9900,?,9,0.0,0.0,E,8
09/25/2012,07:00,285.619,1358.948,15.36,1,8,0.0,1,8,15.36,1,8,1843.2,1,8,0.0,1,8,1689.6,1,8,23.406,1,8,-9900,?,9,-9900,?,9,14.03,E,8,12.29,E,8,89.0,E,8,964.3861999999999,E,8,999.0,E,8,1.02,E,8,-9900,?,9,-9900,?,9,0.0,E,8,-9900,?,9,-9900,?,9,0.0,0.0,E,8
09/25/2012,08:00,595.314,1358.948,142.94,1,8,1.459,1,8,142.302,1,8,17152.8,1,8,138.588,1,8,15653.189,1,8,103.526,1,8,-9900,?,9,-9900,?,9,16.19,E,8,12.79,E,8,80.0,E,8,964.3861999999999,E,8,999.0,E,8,1.02,E,8,-9900,?,9,-9900,?,9,0.0,E,8,-9900,?,9,-9900,?,9,0.0,0.0,E,8
09/25/2012,09:00,865.707,1358.948,279.71,1,8,40.764,1,8,253.753,1,8,33565.2,1,8,3872.609,1,8,27912.784,1,8,126.847,1,8,-9900,?,9,-9900,?,9,18.02,E,8,13.2,E,8,73.0,E,8,964.3861999999999,E,8,999.0,E,8,1.02,E,8,-9900,?,9,-9900,?,9,0.0,E,8,-9900,?,9,-9900,?,9,0.0,0.0,E,8
09/25/2012,10:00,1077.863,1358.948,396.23,1,8,27.813,1,8,374.174,1,8,47547.6,1,8,2642.234,1,8,41159.105,1,8,150.189,1,8,-9900,?,9,-9900,?,9,19.74,E,8,13.58,E,8,67.0,E,8,964.3861999999999,E,8,999.0,E,8,1.02,E,8,-9900,?,9,-9900,?,9,0.0,E,8,-9900,?,9,-9900,?,9,0.0,0.0,E,8
09/25/2012,11:00,1217.223,1358.948,481.76,1,8,33.761,1,8,451.522,1,8,57811.2,1,8,3207.304,1,8,49667.426,1,8,160.47,1,8,-9900,?,9,-9900,?,9,21.23,E,8,13.9,E,8,62.0,E,8,964.3861999999999,E,8,999.0,E,8,1.02,E,8,-9900,?,9,-9900,?,9,0.0,E,8,-9900,?,9,-9900,?,9,0.0,0.0,E,8
09/25/2012,12:00,1274.263,1358.948,529.69,1,8,49.144,1,8,483.61,1,8,63562.8,1,8,4668.685,1,8,53197.134,1,8,164.175,1,8,-9900,?,9,-9900,?,9,22.45,E,8,14.16,E,8,59.0,E,8,964.3861999999999,E,8,999.0,E,8,1.59,E,8,-9900,?,9,-9900,?,9,0.0,E,8,-9900,?,9,-9900,?,9,0.0,0.0,E,8
09/25/2012,13:00,1245.094,1358.948,536.49,1,8,57.913,1,8,483.432,1,8,64378.8,1,8,5501.751,1,8,53177.503,1,8,167.962,1,8,-9900,?,9,-9900,?,9,23.34,E,8,14.34,E,8,56.0,E,8,964.3861999999999,E,8,999.0,E,8,1.6,E,8,-9900,?,9,-9900,?,9,0.0,E,8,-9900,?,9,-9900,?,9,0.0,0.0,E,8
09/25/2012,14:00,1131.72,1358.948,501.69,1,8,143.431,1,8,382.257,1,8,60202.8,1,8,13625.972,1,8,42048.296,1,8,146.126,1,8,-9900,?,9,-9900,?,9,23.89,E,8,14.46,E,8,55.0,E,8,964.3861999999999,E,8,999.0,E,8,1.48,E,8,-9900,?,9,-9900,?,9,0.0,E,8,-9900,?,9,-9900,?,9,0.0,0.0,E,8
09/25/2012,15:00,941.905,1358.948,427.82,1,8,119.159,1,8,345.256,1,8,51338.4,1,8,11320.094,1,8,37978.12,1,8,158.608,1,8,-9900,?,9,-9900,?,9,24.1,E,8,14.5,E,8,54.0,E,8,964.3861999999999,E,8,999.0,E,8,2.06,E,8,-9900,?,9,-9900,?,9,0.0,E,8,-9900,?,9,-9900,?,9,0.0,0.0,E,8
09/25/2012,16:00,688.671,1358.948,320.48,1,8,163.365,1,8,237.762,1,8,38457.6,1,8,15519.711,1,8,26153.803,1,8,149.469,1,8,-9900,?,9,-9900,?,9,23.88,E,8,14.46,E,8,55.0,E,8,964.3861999999999,E,8,999.0,E,8,2.51,E,8,-9900,?,9,-9900,?,9,0.0,E,8,-9900,?,9,-9900,?,9,0.0,0.0,E,8
09/25/2012,17:00,389.569,1358.948,188.76,1,8,279.901,1,8,108.779,1,8,22651.2,1,8,26590.59,1,8,11965.69,1,8,121.175,1,8,-9900,?,9,-9900,?,9,23.14,E,8,14.3,E,8,57.0,E,8,964.3861999999999,E,8,999.0,E,8,1.61,E,8,-9900,?,9,-9900,?,9,0.0,E,8,-9900,?,9,-9900,?,9,0.0,0.0,E,8
09/25/2012,18:00,68.517,1358.948,50.93,1,8,0.0,1,8,50.93,1,8,6111.6,1,8,0.0,1,8,5602.3,1,8,351.131,1,8,-9900,?,9,-9900,?,9,21.99,E,8,14.06,E,8,60.0,E,8,964.3861999999999,E,8,999.0,E,8,1.9,E,8,-9900,?,9,-9900,?,9,0.0,E,8,-9900,?,9,-9900,?,9,0.0,0.0,E,8
09/25/2012,19:00,0.0,1358.948,0.0,1,8,0.0,1,8,0.0,1,8,0.0,1,8,0.0,1,8,0.0,1,8,-0.0,1,8,-9900,?,9,-9900,?,9,21.1,E,8,13.87,E,8,63.0,E,8,964.3861999999999,E,8,999.0,E,8,2.19,E,8,-9900,?,9,-9900,?,9,0.0,E,8,-9900,?,9,-9900,?,9,0.0,0.0,E,8
09/25/2012,20:00,0.0,1358.948,0.0,1,8,0.0,1,8,0.0,1,8,0.0,1,8,0.0,1,8,0.0,1,8,-0.0,1,8,-9900,?,9,-9900,?,9,20.21,E,8,13.68,E,8,66.0,E,8,964.3861999999999,E,8,999.0,E,8,2.28,E,8,-9900,?,9,-9900,?,9,0.0,E,8,-9900,?,9,-9900,?,9,0.0,0.0,E,8
09/25/2012,21:00,0.0,1358.948,0.0,1,8,0.0,1,8,0.0,1,8,0.0,1,8,0.0,1,8,0.0,1,8,-0.0,1,8,-9900,?,9,-9900,?,9,19.31,E,8,13.49,E,8,69.0,E,8,964.3861999999999,E,8,999.0,E,8,2.13,E,8,-9900,?,9,-9900,?,9,0.0,E,8,-9900,?,9,-9900,?,9,0.0,0.0,E,8
09/25/2012,22:00,0.0,1358.948,0.0,1,8,0.0,1,8,0.0,1,8,0.0,1,8,0.0,1,8,0.0,1,8,-0.0,1,8,-9900,?,9,-9900,?,9,18.42,E,8,13.29,E,8,72.0,E,8,964.3861999999999,E,8,999.0,E,8,1.64,E,8,-9900,?,9,-9900,?,9,0.0,E,8,-9900,?,9,-9900,?,9,0.0,0.0,E,8
09/25/2012,23:00,0.0,1358.948,0.0,1,8,0.0,1,8,0.0,1,8,0.0,1,8,0.0,1,8,0.0,1,8,-0.0,1,8,-9900,?,9,-9900,?,9,17.53,E,8,13.09,E,8,75.0,E,8,964.3861999999999,E,8,999.0,E,8,1.02,E,8,-9900,?,9,-9900,?,9,0.0,E,8,-9900,?,9,-9900,?,9,0.0,0.0,E,8
09/25/2012,24:00,0.0,1358.948,0.0,1,8,0.0,1,8,0.0,1,8,0.0,1,8,0.0,1,8,0.0,1,8,-0.0,1,8,-9900,?,9,-9900,?,9,16.64,E,8,13.1,E,8,79.0,E,8,964.3861999999999,E,8,999.0,E,8,1.4,E,8,-9900,?,9,-9900,?,9,0.0,E,8,-9900,?,9,-9900,?,9,0.0,0.0,E,8
09/26/2012,01:00,0.0,1358.948,0.0,1,8,0.0,1,8,0.0,1,8,0.0,1,8,0.0,1,8,0.0,1,8,-0.0,1,8,-9900,?,9,-9900,?,9,16.19,E,8,12.96,E,8,81.0,E,8,964.3861999999999,E,8,999.0,E,8,1.4,E,8,-9900,?,9,-9900,?,9,0.0,E,8,-9900,?,9,-9900,?,9,0.0,0.0,E,8
09/26/2012,02:00,0.0,1358.948,0.0,1,8,0.0,1,8,0.0,1,8,0.0,1,8,0.0,1,8,0.0,1,8,-0.0,1,8,-9900,?,9,-9900,?,9,15.74,E,8,12.82,E,8,82.0,E,8,964.3861999999999,E,8,999.0,E,8,1.4,E,8,-9900,?,9,-9900,?,9,0.0,E,8,-9900,?,9,-9900,?,9,0.0,0.0,E,8
09/26/2012,03:00,0.0,1358.948,0.0,1,8,0.0,1,8,0.0,1,8,0.0,1,8,0.0,1,8,0.0,1,8,-0.0,1,8,-9900,?,9,-9900,?,9,15.3,E,8,12.68,E,8,84.0,E,8,964.3861999999999,E,8,999.0,E,8,1.4,E,8,-9900,?,9,-9900,?,9,0.0,E,8,-9900,?,9,-9900,?,9,0.0,0.0,E,8
09/26/2012,04:00,0.0,1359.737,0.0,1,8,0.0,1,8,0.0,1,8,0.0,1,8,0.0,1,8,0.0,1,8,-0.0,1,8,-9900,?,9,-9900,?,9,14.85,E,8,12.54,E,8,86.0,E,8,964.3861999999999,E,8,999.0,E,8,1.4,E,8,-9900,?,9,-9900,?,9,0.0,E,8,-9900,?,9,-9900,?,9,0.0,0.0,E,8
09/26/2012,05:00,0.0,1359.737,0.0,1,8,0.0,1,8,0.0,1,8,0.0,1,8,0.0,1,8,0.0,1,8,-0.0,1,8,-9900,?,9,-9900,?,9,14.46,E,8,12.42,E,8,87.0,E,8,964.3861999999999,E,8,999.0,E,8,1.4,E,8,-9900,?,9,-9900,?,9,0.0,E,8,-9900,?,9,-9900,?,9,0.0,0.0,E,8
09/26/2012,06:00,0.0,1359.737,0.0,1,8,0.0,1,8,0.0,1,8,0.0,1,8,0.0,1,8,0.0,1,8,-0.0,1,8,-9900,?,9,-9900,?,9,14.16,E,8,12.32,E,8,88.0,E,8,964.3861999999999,E,8,999.0,E,8,1.4,E,8,-9900,?,9,-9900,?,9,0.0,E,8,-9900,?,9,-9900,?,9,0.0,0.0,E,8
09/26/2012,07:00,290.922,1359.737,14.81,1,8,0.0,1,8,14.81,1,8,1777.2,1,8,0.0,1,8,1629.1,1,8,22.164,1,8,-9900,?,9,-9900,?,9,13.87,E,8,12.23,E,8,89.0,E,8,964.3861999999999,E,8,999.0,E,8,1.4,E,8,-9900,?,9,-9900,?,9,0.0,E,8,-9900,?,9,-9900,?,9,0.0,0.0,E,8
09/26/2012,08:00,600.604,1359.737,128.92,1,8,0.0,1,8,128.92,1,8,15470.4,1,8,0.0,1,8,14181.2,1,8,93.017,1,8,-9900,?,9,-9900,?,9,16.05,E,8,12.92,E,8,81.0,E,8,964.3861999999999,E,8,999.0,E,8,1.4,E,8,-9900,?,9,-9900,?,9,0.0,E,8,-9900,?,9,-9900,?,9,0.0,0.0,E,8
09/26/2012,09:00,870.832,1359.737,250.47,1,8,24.52,1,8,234.773,1,8,30056.4,1,8,2329.397,1,8,25825.032,1,8,116.735,1,8,-9900,?,9,-9900,?,9,17.85,E,8,13.46,E,8,75.0,E,8,964.3861999999999,E,8,999.0,E,8,1.4,E,8,-9900,?,9,-9900,?,9,0.0,E,8,-9900,?,9,-9900,?,9,0.0,0.0,E,8
09/26/2012,10:00,1082.699,1359.737,353.93,1,8,17.75,1,8,339.799,1,8,42471.6,1,8,1686.222,1,8,37377.9,1,8,135.861,1,8,-9900,?,9,-9900,?,9,19.54,E,8,13.96,E,8,70.0,E,8,964.3861999999999,E,8,999.0,E,8,1.4,E,8,-9900,?,9,-9900,?,9,0.0,E,8,-9900,?,9,-9900,?,9,0.0,0.0,E,8
09/26/2012,11:00,1221.667,1359.737,429.78,1,8,21.616,1,8,410.36,1,8,51573.6,1,8,2053.525,1,8,45139.627,1,8,145.394,1,8,-9900,?,9,-9900,?,9,21.02,E,8,14.39,E,8,65.0,E,8,964.3861999999999,E,8,999.0,E,8,1.4,E,8,-9900,?,9,-9900,?,9,0.0,E,8,-9900,?,9,-9900,?,9,0.0,0.0,E,8
09/26/2012,12:00,1278.241,1359.737,472.19,1,8,46.001,1,8,428.948,1,8,56662.8,1,8,4370.062,1,8,47184.289,1,8,145.249,1,8,-9900,?,9,-9900,?,9,22.21,E,8,14.72,E,8,62.0,E,8,964.3861999999999,E,8,999.0,E,8,1.4,E,8,-9900,?,9,-9900,?,9,0.0,E,8,-9900,?,9,-9900,?,9,0.0,0.0,E,8
09/26/2012,13:00,1248.563,1359.737,478.03,1,8,53.567,1,8,428.845,1,8,57363.6,1,8,5088.859,1,8,47173.002,1,8,148.669,1,8,-9900,?,9,-9900,?,9,23.09,E,8,14.96,E,8,60.0,E,8,964.3861999999999,E,8,999.0,E,8,1.4,E,8,-9900,?,9,-9900,?,9,0.0,E,8,-9900,?,9,-9900,?,9,0.0,0.0,E,8
09/26/2012,14:00,1134.673,1359.737,446.87,1,8,35.138,1,8,417.552,1,8,53624.4,1,8,3338.137,1,8,45930.674,1,8,159.294,1,8,-9900,?,9,-9900,?,9,23.63,E,8,15.11,E,8,58.0,E,8,964.3861999999999,E,8,999.0,E,8,1.4,E,8,-9900,?,9,-9900,?,9,0.0,E,8,-9900,?,9,-9900,?,9,0.0,0.0,E,8
09/26/2012,15:00,944.37,1359.737,381.02,1,8,73.598,1,8,329.921,1,8,45722.4,1,8,6991.812,1,8,36291.26,1,8,151.255,1,8,-9900,?,9,-9900,?,9,23.83,E,8,15.16,E,8,58.0,E,8,964.3861999999999,E,8,999.0,E,8,1.88,E,8,-9900,?,9,-9900,?,9,0.0,E,8,-9900,?,9,-9900,?,9,0.0,0.0,E,8
09/26/2012,16:00,690.708,1359.737,285.44,1,8,101.691,1,8,233.827,1,8,34252.8,1,8,9660.619,1,8,25721.015,1,8,146.646,1,8,-9900,?,9,-9900,?,9,23.61,E,8,15.1,E,8,58.0,E,8,964.3861999999999,E,8,999.0,E,8,1.6,E,8,-9900,?,9,-9900,?,9,0.0,E,8,-9900,?,9,-9900,?,9,0.0,0.0,E,8
09/26/2012,17:00,391.268,1359.737,168.24,1,8,230.48,1,8,102.13,1,8,20188.8,1,8,21895.553,1,8,11234.344,1,8,113.337,1,8,-9900,?,9,-9900,?,9,22.88,E,8,14.9,E,8,60.0,E,8,964.3861999999999,E,8,999.0,E,8,1.4,E,8,-9900,?,9,-9900,?,9,0.0,E,8,-9900,?,9,-9900,?,9,0.0,0.0,E,8
09/26/2012,18:00,69.929,1359.737,45.63,1,8,0.0,1,8,45.63,1,8,5475.6,1,8,0.0,1,8,5019.3,1,8,307.508,1,8,-9900,?,9,-9900,?,9,21.74,E,8,14.59,E,8,63.0,E,8,964.3861999999999,E,8,999.0,E,8,1.4,E,8,-9900,?,9,-9900,?,9,0.0,E,8,-9900,?,9,-9900,?,9,0.0,0.0,E,8
09/26/2012,19:00,0.0,1359.737,0.0,1,8,0.0,1,8,0.0,1,8,0.0,1,8,0.0,1,8,0.0,1,8,-0.0,1,8,-9900,?,9,-9900,?,9,20.72,E,8,14.3,E,8,66.0,E,8,964.3861999999999,E,8,999.0,E,8,1.4,E,8,-9900,?,9,-9900,?,9,0.0,E,8,-9900,?,9,-9900,?,9,0.0,0.0,E,8
09/26/2012,20:00,0.0,1359.737,0.0,1,8,0.0,1,8,0.0,1,8,0.0,1,8,0.0,1,8,0.0,1,8,-0.0,1,8,-9900,?,9,-9900,?,9,19.69,E,8,14.0,E,8,69.0,E,8,964.3861999999999,E,8,999.0,E,8,1.4,E,8,-9900,?,9,-9900,?,9,0.0,E,8,-9900,?,9,-9900,?,9,0.0,0.0,E,8
09/26/2012,21:00,0.0,1359.737,0.0,1,8,0.0,1,8,0.0,1,8,0.0,1,8,0.0,1,8,0.0,1,8,-0.0,1,8,-9900,?,9,-9900,?,9,18.67,E,8,13.71,E,8,72.0,E,8,964.3861999999999,E,8,999.0,E,8,1.4,E,8,-9900,?,9,-9900,?,9,0.0,E,8,-9900,?,9,-9900,?,9,0.0,0.0,E,8
09/26/2012,22:00,0.0,1359.737,0.0,1,8,0.0,1,8,0.0,1,8,0.0,1,8,0.0,1,8,0.0,1,8,-0.0,1,8,-9900,?,9,-9900,?,9,17.65,E,8,13.4,E,8,76.0,E,8,964.3861999999999,E,8,999.0,E,8,1.4,E,8,-9900,?,9,-9900,?,9,0.0,E,8,-9900,?,9,-9900,?,9,0.0,0.0,E,8
09/26/2012,23:00,0.0,1359.737,0.0,1,8,0.0,1,8,0.0,1,8,0.0,1,8,0.0,1,8,0.0,1,8,-0.0,1,8,-9900,?,9,-9900,?,9,16.62,E,8,13.09,E,8,79.0,E,8,964.3861999999999,E,8,999.0,E,8,1.4,E,8,-9900,?,9,-9900,?,9,0.0,E,8,-9900,?,9,-9900,?,9,0.0,0.0,E,8
09/26/2012,24:00,0.0,1359.737,0.0,1,8,0.0,1,8,0.0,1,8,0.0,1,8,0.0,1,8,0.0,1,8,-0.0,1,8,-9900,?,9,-9900,?,9,15.6,E,8,11.25,E,8,75.0,E,8,964.3861999999999,E,8,999.0,E,8,1.29,E,8,-9900,?,9,-9900,?,9,0.0,E,8,-9900,?,9,-9900,?,9,0.0,0.0,E,8
09/27/2012,01:00,0.0,1359.737,0.0,1,8,0.0,1,8,0.0,1,8,0.0,1,8,0.0,1,8,0.0,1,8,-0.0,1,8,-9900,?,9,-9900,?,9,15.08,E,8,11.11,E,8,77.0,E,8,964.3861999999999,E,8,999.0,E,8,1.29,E,8,-9900,?,9,-9900,?,9,0.0,E,8,-9900,?,9,-9900,?,9,0.0,0.0,E,8
09/27/2012,02:00,0.0,1359.737,0.0,1,8,0.0,1,8,0.0,1,8,0.0,1,8,0.0,1,8,0.0,1,8,-0.0,1,8,-9900,?,9,-9900,?,9,14.57,E,8,10.97,E,8,78.0,E,8,964.3861999999999,E,8,999.0,E,8,1.29,E,8,-9900,?,9,-9900,?,9,0.0,E,8,-9900,?,9,-9900,?,9,0.0,0.0,E,8
09/27/2012,03:00,0.0,1359.737,0.0,1,8,0.0,1,8,0.0,1,8,0.0,1,8,0.0,1,8,0.0,1,8,-0.0,1,8,-9900,?,9,-9900,?,9,14.06,E,8,10.82,E,8,80.0,E,8,964.3861999999999,E,8,999.0,E,8,1.29,E,8,-9900,?,9,-9900,?,9,0.0,E,8,-9900,?,9,-9900,?,9,0.0,0.0,E,8
09/27/2012,04:00,0.0,1360.529,0.0,1,8,0.0,1,8,0.0,1,8,0.0,1,8,0.0,1,8,0.0,1,8,-0.0,1,8,-9900,?,9,-9900,?,9,13.55,E,8,10.68,E,8,82.0,E,8,964.3861999999999,E,8,999.0,E,8,1.29,E,8,-9900,?,9,-9900,?,9,0.0,E,8,-9900,?,9,-9900,?,9,0.0,0.0,E,8
09/27/2012,05:00,0.0,1360.529,0.0,1,8,0.0,1,8,0.0,1,8,0.0,1,8,0.0,1,8,0.0,1,8,-0.0,1,8,-9900,?,9,-9900,?,9,13.09,E,8,10.54,E,8,84.0,E,8,964.3861999999999,E,8,999.0,E,8,1.29,E,8,-9900,?,9,-9900,?,9,0.0,E,8,-9900,?,9,-9900,?,9,0.0,0.0,E,8
09/27/2012,06:00,0.0,1360.529,0.0,1,8,0.0,1,8,0.0,1,8,0.0,1,8,0.0,1,8,0.0,1,8,-0.0,1,8,-9900,?,9,-9900,?,9,12.75,E,8,10.45,E,8,85.0,E,8,964.3861999999999,E,8,999.0,E,8,1.29,E,8,-9900,?,9,-9900,?,9,0.0,E,8,-9900,?,9,-9900,?,9,0.0,0.0,E,8
09/27/2012,07:00,296.201,1360.529,21.19,1,8,0.0,1,8,21.19,1,8,2542.8,1,8,0.0,1,8,2330.9,1,8,31.159,1,8,-9900,?,9,-9900,?,9,12.42,E,8,10.35,E,8,87.0,E,8,964.3861999999999,E,8,999.0,E,8,1.29,E,8,-9900,?,9,-9900,?,9,0.0,E,8,-9900,?,9,-9900,?,9,0.0,0.0,E,8
09/27/2012,08:00,605.855,1360.529,131.1,1,8,0.0,1,8,131.1,1,8,15732.0,1,8,0.0,1,8,14421.0,1,8,93.822,1,8,-9900,?,9,-9900,?,9,14.36,E,8,10.91,E,8,79.0,E,8,964.3861999999999,E,8,999.0,E,8,1.29,E,8,-9900,?,9,-9900,?,9,0.0,E,8,-9900,?,9,-9900,?,9,0.0,0.0,E,8
09/27/2012,09:00,875.908,1360.529,303.31,1,8,26.793,1,8,286.068,1,8,36397.2,1,8,2545.355,1,8,31467.446,1,8,141.497,1,8,-9900,?,9,-9900,?,9,16.29,E,8,11.44,E,8,72.0,E,8,964.3861999999999,E,8,999.0,E,8,1.29,E,8,-9900,?,9,-9900,?,9,0.0,E,8,-9900,?,9,-9900,?,9,0.0,0.0,E,8
09/27/2012,10:00,1087.479,1360.529,481.69,1,8,130.845,1,8,377.122,1,8,57802.8,1,8,12430.264,1,8,41483.452,1,8,150.207,1,8,-9900,?,9,-9900,?,9,18.4,E,8,12.01,E,8,66.0,E,8,964.3861999999999,E,8,999.0,E,8,1.29,E,8,-9900,?,9,-9900,?,9,0.0,E,8,-9900,?,9,-9900,?,9,0.0,0.0,E,8
09/27/2012,11:00,1226.053,1360.529,390.83,1,8,48.672,1,8,346.972,1,8,46899.6,1,8,4623.821,1,8,38166.915,1,8,122.567,1,8,-9900,?,9,-9900,?,9,19.2,E,8,12.22,E,8,63.0,E,8,964.3861999999999,E,8,999.0,E,8,1.29,E,8,-9900,?,9,-9900,?,9,0.0,E,8,-9900,?,9,-9900,?,9,0.0,0.0,E,8
09/27/2012,12:00,1282.161,1360.529,873.5,1,8,400.718,1,8,495.878,1,8,104820.0,1,8,38068.175,1,8,54546.58,1,8,167.497,1,8,-9900,?,9,-9900,?,9,21.78,E,8,12.87,E,8,56.0,E,8,964.3861999999999,E,8,999.0,E,8,2.06,E,8,-9900,?,9,-9900,?,9,0.0,E,8,-9900,?,9,-9900,?,9,0.0,0.0,E,8
09/27/2012,13:00,1251.98,1360.529,794.37,1,8,422.226,1,8,405.852,1,8,95324.4,1,8,40111.44,1,8,44643.717,1,8,140.395,1,8,-9900,?,9,-9900,?,9,23.34,E,8,13.26,E,8,53.0,E,8,964.3861999999999,E,8,999.0,E,8,1.8,E,8,-9900,?,9,-9900,?,9,0.0,E,8,-9900,?,9,-9900,?,9,0.0,0.0,E,8
09/27/2012,14:00,1137.583,1360.529,655.04,1,8,291.635,1,8,411.225,1,8,78604.8,1,8,27705.337,1,8,45234.771,1,8,156.57,1,8,-9900,?,9,-9900,?,9,24.07,E,8,13.44,E,8,51.0,E,8,964.3861999999999,E,8,999.0,E,8,2.19,E,8,-9900,?,9,-9900,?,9,0.0,E,8,-9900,?,9,-9900,?,9,0.0,0.0,E,8
09/27/2012,15:00,946.804,1360.529,386.59,1,8,76.18,1,8,333.592,1,8,46390.8,1,8,7237.069,1,8,36695.174,1,8,152.634,1,8,-9900,?,9,-9900,?,9,23.73,E,8,13.35,E,8,52.0,E,8,964.3861999999999,E,8,999.0,E,8,2.42,E,8,-9900,?,9,-9900,?,9,0.0,E,8,-9900,?,9,-9900,?,9,0.0,0.0,E,8
09/27/2012,16:00,692.73,1360.529,420.98,1,8,402.08,1,8,216.427,1,8,50517.6,1,8,38197.59,1,8,23806.998,1,8,135.416,1,8,-9900,?,9,-9900,?,9,23.61,E,8,13.32,E,8,52.0,E,8,964.3861999999999,E,8,999.0,E,8,1.29,E,8,-9900,?,9,-9900,?,9,0.0,E,8,-9900,?,9,-9900,?,9,0.0,0.0,E,8
09/27/2012,17:00,392.967,1360.529,244.95,1,8,420.939,1,8,123.753,1,8,29394.0,1,8,39989.212,1,8,13612.843,1,8,136.815,1,8,-9900,?,9,-9900,?,9,22.82,E,8,13.13,E,8,54.0,E,8,964.3861999999999,E,8,999.0,E,8,1.29,E,8,-9900,?,9,-9900,?,9,0.0,E,8,-9900,?,9,-9900,?,9,0.0,0.0,E,8
09/27/2012,18:00,71.358,1360.529,104.33,1,8,0.0,1,8,104.33,1,8,12519.6,1,8,0.0,1,8,11476.3,1,8,687.474,1,8,-9900,?,9,-9900,?,9,21.65,E,8,12.84,E,8,57.0,E,8,964.3861999999999,E,8,999.0,E,8,1.29,E,8,-9900,?,9,-9900,?,9,0.0,E,8,-9900,?,9,-9900,?,9,0.0,0.0,E,8
09/27/2012,19:00,0.0,1360.529,0.0,1,8,0.0,1,8,0.0,1,8,0.0,1,8,0.0,1,8,0.0,1,8,-0.0,1,8,-9900,?,9,-9900,?,9,20.58,E,8,12.57,E,8,60.0,E,8,964.3861999999999,E,8,999.0,E,8,1.29,E,8,-9900,?,9,-9900,?,9,0.0,E,8,-9900,?,9,-9900,?,9,0.0,0.0,E,8
09/27/2012,20:00,0.0,1360.529,0.0,1,8,0.0,1,8,0.0,1,8,0.0,1,8,0.0,1,8,0.0,1,8,-0.0,1,8,-9900,?,9,-9900,?,9,19.5,E,8,12.29,E,8,63.0,E,8,964.3861999999999,E,8,999.0,E,8,1.29,E,8,-9900,?,9,-9900,?,9,0.0,E,8,-9900,?,9,-9900,?,9,0.0,0.0,E,8
09/27/2012,21:00,0.0,1360.529,0.0,1,8,0.0,1,8,0.0,1,8,0.0,1,8,0.0,1,8,0.0,1,8,-0.0,1,8,-9900,?,9,-9900,?,9,18.43,E,8,12.01,E,8,66.0,E,8,964.3861999999999,E,8,999.0,E,8,1.29,E,8,-9900,?,9,-9900,?,9,0.0,E,8,-9900,?,9,-9900,?,9,0.0,0.0,E,8
09/27/2012,22:00,0.0,1360.529,0.0,1,8,0.0,1,8,0.0,1,8,0.0,1,8,0.0,1,8,0.0,1,8,-0.0,1,8,-9900,?,9,-9900,?,9,17.35,E,8,11.73,E,8,69.0,E,8,964.3861999999999,E,8,999.0,E,8,1.29,E,8,-9900,?,9,-9900,?,9,0.0,E,8,-9900,?,9,-9900,?,9,0.0,0.0,E,8
09/27/2012,23:00,0.0,1360.529,0.0,1,8,0.0,1,8,0.0,1,8,0.0,1,8,0.0,1,8,0.0,1,8,-0.0,1,8,-9900,?,9,-9900,?,9,16.28,E,8,11.44,E,8,73.0,E,8,964.3861999999999,E,8,999.0,E,8,1.29,E,8,-9900,?,9,-9900,?,9,0.0,E,8,-9900,?,9,-9900,?,9,0.0,0.0,E,8
09/27/2012,24:00,0.0,1360.529,0.0,1,8,0.0,1,8,0.0,1,8,0.0,1,8,0.0,1,8,0.0,1,8,-0.0,1,8,-9900,?,9,-9900,?,9,15.2,E,8,9.31,E,8,67.0,E,8,964.3861999999999,E,8,999.0,E,8,1.22,E,8,-9900,?,9,-9900,?,9,0.0,E,8,-9900,?,9,-9900,?,9,0.0,0.0,E,8
09/28/2012,01:00,0.0,1360.529,0.0,1,8,0.0,1,8,0.0,1,8,0.0,1,8,0.0,1,8,0.0,1,8,-0.0,1,8,-9900,?,9,-9900,?,9,14.67,E,8,9.41,E,8,70.0,E,8,964.3861999999999,E,8,999.0,E,8,1.22,E,8,-9900,?,9,-9900,?,9,0.0,E,8,-9900,?,9,-9900,?,9,0.0,0.0,E,8
09/28/2012,02:00,0.0,1360.529,0.0,1,8,0.0,1,8,0.0,1,8,0.0,1,8,0.0,1,8,0.0,1,8,-0.0,1,8,-9900,?,9,-9900,?,9,14.13,E,8,9.5,E,8,73.0,E,8,964.3861999999999,E,8,999.0,E,8,1.22,E,8,-9900,?,9,-9900,?,9,0.0,E,8,-9900,?,9,-9900,?,9,0.0,0.0,E,8
09/28/2012,03:00,0.0,1360.529,0.0,1,8,0.0,1,8,0.0,1,8,0.0,1,8,0.0,1,8,0.0,1,8,-0.0,1,8,-9900,?,9,-9900,?,9,13.59,E,8,9.6,E,8,76.0,E,8,964.3861999999999,E,8,999.0,E,8,1.22,E,8,-9900,?,9,-9900,?,9,0.0,E,8,-9900,?,9,-9900,?,9,0.0,0.0,E,8
09/28/2012,04:00,0.0,1361.323,0.0,1,8,0.0,1,8,0.0,1,8,0.0,1,8,0.0,1,8,0.0,1,8,-0.0,1,8,-9900,?,9,-9900,?,9,13.05,E,8,9.7,E,8,80.0,E,8,964.3861999999999,E,8,999.0,E,8,1.22,E,8,-9900,?,9,-9900,?,9,0.0,E,8,-9900,?,9,-9900,?,9,0.0,0.0,E,8
09/28/2012,05:00,0.0,1361.323,0.0,1,8,0.0,1,8,0.0,1,8,0.0,1,8,0.0,1,8,0.0,1,8,-0.0,1,8,-9900,?,9,-9900,?,9,12.58,E,8,9.78,E,8,83.0,E,8,964.3861999999999,E,8,999.0,E,8,1.22,E,8,-9900,?,9,-9900,?,9,0.0,E,8,-9900,?,9,-9900,?,9,0.0,0.0,E,8
09/28/2012,06:00,0.0,1361.323,0.0,1,8,0.0,1,8,0.0,1,8,0.0,1,8,0.0,1,8,0.0,1,8,-0.0,1,8,-9900,?,9,-9900,?,9,12.22,E,8,9.84,E,8,85.0,E,8,964.3861999999999,E,8,999.0,E,8,1.22,E,8,-9900,?,9,-9900,?,9,0.0,E,8,-9900,?,9,-9900,?,9,0.0,0.0,E,8
09/28/2012,07:00,301.452,1361.323,26.39,1,8,0.0,1,8,26.39,1,8,3166.8,1,8,0.0,1,8,2902.9,1,8,38.144,1,8,-9900,?,9,-9900,?,9,11.87,E,8,9.91,E,8,87.0,E,8,964.3861999999999,E,8,999.0,E,8,1.22,E,8,-9900,?,9,-9900,?,9,0.0,E,8,-9900,?,9,-9900,?,9,0.0,0.0,E,8
09/28/2012,08:00,611.066,1361.323,233.08,1,8,89.336,1,8,193.025,1,8,27969.6,1,8,8486.967,1,8,21232.789,1,8,137.038,1,8,-9900,?,9,-9900,?,9,14.69,E,8,9.4,E,8,70.0,E,8,964.3861999999999,E,8,999.0,E,8,1.22,E,8,-9900,?,9,-9900,?,9,0.0,E,8,-9900,?,9,-9900,?,9,0.0,0.0,E,8
09/28/2012,09:00,880.933,1361.323,438.21,1,8,195.252,1,8,311.911,1,8,52585.2,1,8,18548.977,1,8,34310.171,1,8,153.488,1,8,-9900,?,9,-9900,?,9,16.92,E,8,8.99,E,8,59.0,E,8,964.3861999999999,E,8,999.0,E,8,1.22,E,8,-9900,?,9,-9900,?,9,0.0,E,8,-9900,?,9,-9900,?,9,0.0,0.0,E,8
09/28/2012,10:00,1092.201,1361.323,610.36,1,8,259.548,1,8,402.156,1,8,73243.2,1,8,24657.055,1,8,44237.206,1,8,159.579,1,8,-9900,?,9,-9900,?,9,18.97,E,8,8.61,E,8,50.0,E,8,964.3861999999999,E,8,999.0,E,8,1.22,E,8,-9900,?,9,-9900,?,9,0.0,E,8,-9900,?,9,-9900,?,9,0.0,0.0,E,8
09/28/2012,11:00,1230.378,1361.323,809.51,1,8,437.658,1,8,413.976,1,8,97141.2,1,8,41577.528,1,8,45537.361,1,8,145.806,1,8,-9900,?,9,-9900,?,9,21.06,E,8,8.2,E,8,43.0,E,8,964.3861999999999,E,8,999.0,E,8,1.22,E,8,-9900,?,9,-9900,?,9,0.0,E,8,-9900,?,9,-9900,?,9,0.0,0.0,E,8
09/28/2012,12:00,1286.024,1361.323,909.43,1,8,580.137,1,8,361.402,1,8,109131.6,1,8,55113.008,1,8,39754.219,1,8,121.778,1,8,-9900,?,9,-9900,?,9,22.82,E,8,7.86,E,8,38.0,E,8,964.3861999999999,E,8,999.0,E,8,1.22,E,8,-9900,?,9,-9900,?,9,0.0,E,8,-9900,?,9,-9900,?,9,0.0,0.0,E,8
09/28/2012,13:00,1255.345,1361.323,859.59,1,8,482.833,1,8,414.369,1,8,103150.8,1,8,45869.115,1,8,45580.55,1,8,143.04,1,8,-9900,?,9,-9900,?,9,23.92,E,8,7.64,E,8,35.0,E,8,964.3861999999999,E,8,999.0,E,8,1.45,E,8,-9900,?,9,-9900,?,9,0.0,E,8,-9900,?,9,-9900,?,9,0.0,0.0,E,8
09/28/2012,14:00,1140.45,1361.323,759.23,1,8,468.5,1,8,366.793,1,8,91107.6,1,8,44507.46,1,8,40347.235,1,8,139.383,1,8,-9900,?,9,-9900,?,9,24.48,E,8,7.52,E,8,33.0,E,8,964.3861999999999,E,8,999.0,E,8,1.57,E,8,-9900,?,9,-9900,?,9,0.0,E,8,-9900,?,9,-9900,?,9,0.0,0.0,E,8
09/28/2012,15:00,949.208,1361.323,648.0,1,8,595.985,1,8,232.567,1,8,77760.0,1,8,56618.622,1,8,25582.392,1,8,106.202,1,8,-9900,?,9,-9900,?,9,24.64,E,8,7.49,E,8,33.0,E,8,964.3861999999999,E,8,999.0,E,8,2.52,E,8,-9900,?,9,-9900,?,9,0.0,E,8,-9900,?,9,-9900,?,9,0.0,0.0,E,8
09/28/2012,16:00,694.736,1361.323,490.29,1,8,702.367,1,8,132.143,1,8,58834.8,1,8,66724.877,1,8,14535.68,1,8,82.489,1,8,-9900,?,9,-9900,?,9,24.28,E,8,7.56,E,8,34.0,E,8,964.3861999999999,E,8,999.0,E,8,2.56,E,8,-9900,?,9,-9900,?,9,0.0,E,8,-9900,?,9,-9900,?,9,0.0,0.0,E,8
09/28/2012,17:00,394.667,1361.323,291.1,1,8,635.986,1,8,107.298,1,8,34932.0,1,8,60418.627,1,8,11802.726,1,8,118.178,1,8,-9900,?,9,-9900,?,9,23.31,E,8,7.76,E,8,36.0,E,8,964.3861999999999,E,8,999.0,E,8,2.2,E,8,-9900,?,9,-9900,?,9,0.0,E,8,-9900,?,9,-9900,?,9,0.0,0.0,E,8
09/28/2012,18:00,72.804,1361.323,71.54,1,8,0.0,1,8,71.54,1,8,8584.8,1,8,0.0,1,8,7869.4,1,8,461.058,1,8,-9900,?,9,-9900,?,9,21.83,E,8,8.05,E,8,41.0,E,8,964.3861999999999,E,8,999.0,E,8,1.71,E,8,-9900,?,9,-9900,?,9,0.0,E,8,-9900,?,9,-9900,?,9,0.0,0.0,E,8
09/28/2012,19:00,0.0,1361.323,0.0,1,8,0.0,1,8,0.0,1,8,0.0,1,8,0.0,1,8,0.0,1,8,-0.0,1,8,-9900,?,9,-9900,?,9,20.91,E,8,8.23,E,8,44.0,E,8,964.3861999999999,E,8,999.0,E,8,1.45,E,8,-9900,?,9,-9900,?,9,0.0,E,8,-9900,?,9,-9900,?,9,0.0,0.0,E,8
09/28/2012,20:00,0.0,1361.323,0.0,1,8,0.0,1,8,0.0,1,8,0.0,1,8,0.0,1,8,0.0,1,8,-0.0,1,8,-9900,?,9,-9900,?,9,19.99,E,8,8.41,E,8,47.0,E,8,964.3861999999999,E,8,999.0,E,8,1.22,E,8,-9900,?,9,-9900,?,9,0.0,E,8,-9900,?,9,-9900,?,9,0.0,0.0,E,8
09/28/2012,21:00,0.0,1361.323,0.0,1,8,0.0,1,8,0.0,1,8,0.0,1,8,0.0,1,8,0.0,1,8,-0.0,1,8,-9900,?,9,-9900,?,9,19.07,E,8,8.59,E,8,50.0,E,8,964.3861999999999,E,8,999.0,E,8,1.22,E,8,-9900,?,9,-9900,?,9,0.0,E,8,-9900,?,9,-9900,?,9,0.0,0.0,E,8
09/28/2012,22:00,0.0,1361.323,0.0,1,8,0.0,1,8,0.0,1,8,0.0,1,8,0.0,1,8,0.0,1,8,-0.0,1,8,-9900,?,9,-9900,?,9,18.15,E,8,8.76,E,8,54.0,E,8,964.3861999999999,E,8,999.0,E,8,1.22,E,8,-9900,?,9,-9900,?,9,0.0,E,8,-9900,?,9,-9900,?,9,0.0,0.0,E,8
09/28/2012,23:00,0.0,1361.323,0.0,1,8,0.0,1,8,0.0,1,8,0.0,1,8,0.0,1,8,0.0,1,8,-0.0,1,8,-9900,?,9,-9900,?,9,17.23,E,8,8.93,E,8,58.0,E,8,964.3861999999999,E,8,999.0,E,8,1.22,E,8,-9900,?,9,-9900,?,9,0.0,E,8,-9900,?,9,-9900,?,9,0.0,0.0,E,8
09/28/2012,24:00,0.0,1361.323,0.0,1,8,0.0,1,8,0.0,1,8,0.0,1,8,0.0,1,8,0.0,1,8,-0.0,1,8,-9900,?,9,-9900,?,9,16.3,E,8,11.77,E,8,74.0,E,8,964.3861999999999,E,8,999.0,E,8,1.41,E,8,-9900,?,9,-9900,?,9,0.0,E,8,-9900,?,9,-9900,?,9,0.0,0.0,E,8
09/29/2012,01:00,0.0,1361.323,0.0,1,8,0.0,1,8,0.0,1,8,0.0,1,8,0.0,1,8,0.0,1,8,-0.0,1,8,-9900,?,9,-9900,?,9,15.84,E,8,11.63,E,8,76.0,E,8,964.3861999999999,E,8,999.0,E,8,1.41,E,8,-9900,?,9,-9900,?,9,0.0,E,8,-9900,?,9,-9900,?,9,0.0,0.0,E,8
09/29/2012,02:00,0.0,1361.323,0.0,1,8,0.0,1,8,0.0,1,8,0.0,1,8,0.0,1,8,0.0,1,8,-0.0,1,8,-9900,?,9,-9900,?,9,15.38,E,8,11.49,E,8,77.0,E,8,964.3861999999999,E,8,999.0,E,8,1.41,E,8,-9900,?,9,-9900,?,9,0.0,E,8,-9900,?,9,-9900,?,9,0.0,0.0,E,8
09/29/2012,03:00,0.0,1361.323,0.0,1,8,0.0,1,8,0.0,1,8,0.0,1,8,0.0,1,8,0.0,1,8,-0.0,1,8,-9900,?,9,-9900,?,9,14.92,E,8,11.35,E,8,79.0,E,8,964.3861999999999,E,8,999.0,E,8,1.41,E,8,-9900,?,9,-9900,?,9,0.0,E,8,-9900,?,9,-9900,?,9,0.0,0.0,E,8
09/29/2012,04:00,0.0,1362.12,0.0,1,8,0.0,1,8,0.0,1,8,0.0,1,8,0.0,1,8,0.0,1,8,-0.0,1,8,-9900,?,9,-9900,?,9,14.46,E,8,11.22,E,8,80.0,E,8,964.3861999999999,E,8,999.0,E,8,1.41,E,8,-9900,?,9,-9900,?,9,0.0,E,8,-9900,?,9,-9900,?,9,0.0,0.0,E,8
09/29/2012,05:00,0.0,1362.12,0.0,1,8,0.0,1,8,0.0,1,8,0.0,1,8,0.0,1,8,0.0,1,8,-0.0,1,8,-9900,?,9,-9900,?,9,14.05,E,8,11.09,E,8,82.0,E,8,964.3861999999999,E,8,999.0,E,8,1.41,E,8,-9900,?,9,-9900,?,9,0.0,E,8,-9900,?,9,-9900,?,9,0.0,0.0,E,8
09/29/2012,06:00,0.0,1362.12,0.0,1,8,0.0,1,8,0.0,1,8,0.0,1,8,0.0,1,8,0.0,1,8,-0.0,1,8,-9900,?,9,-9900,?,9,13.75,E,8,11.0,E,8,83.0,E,8,964.3861999999999,E,8,999.0,E,8,1.41,E,8,-9900,?,9,-9900,?,9,0.0,E,8,-9900,?,9,-9900,?,9,0.0,0.0,E,8
09/29/2012,07:00,306.673,1362.12,22.21,1,8,0.0,1,8,22.21,1,8,2665.2,1,8,0.0,1,8,2443.1,1,8,31.569,1,8,-9900,?,9,-9900,?,9,13.44,E,8,10.9,E,8,84.0,E,8,964.3861999999999,E,8,999.0,E,8,1.41,E,8,-9900,?,9,-9900,?,9,0.0,E,8,-9900,?,9,-9900,?,9,0.0,0.0,E,8
09/29/2012,08:00,616.232,1362.12,150.62,1,8,2.743,1,8,149.38,1,8,18074.4,1,8,260.617,1,8,16431.833,1,8,105.222,1,8,-9900,?,9,-9900,?,9,15.43,E,8,11.51,E,8,77.0,E,8,964.3861999999999,E,8,999.0,E,8,1.41,E,8,-9900,?,9,-9900,?,9,0.0,E,8,-9900,?,9,-9900,?,9,0.0,0.0,E,8
09/29/2012,09:00,885.904,1362.12,303.03,1,8,25.293,1,8,286.586,1,8,36363.6,1,8,2402.85,1,8,31524.49,1,8,140.316,1,8,-9900,?,9,-9900,?,9,17.1,E,8,12.0,E,8,71.0,E,8,964.3861999999999,E,8,999.0,E,8,1.41,E,8,-9900,?,9,-9900,?,9,0.0,E,8,-9900,?,9,-9900,?,9,0.0,0.0,E,8
09/29/2012,10:00,1096.863,1362.12,559.87,1,8,229.245,1,8,375.297,1,8,67184.4,1,8,21778.252,1,8,41282.717,1,8,148.374,1,8,-9900,?,9,-9900,?,9,19.41,E,8,12.66,E,8,64.0,E,8,964.3861999999999,E,8,999.0,E,8,1.41,E,8,-9900,?,9,-9900,?,9,0.0,E,8,-9900,?,9,-9900,?,9,0.0,0.0,E,8
09/29/2012,11:00,1234.642,1362.12,718.98,1,8,295.111,1,8,451.505,1,8,86277.6,1,8,28035.575,1,8,49665.518,1,8,158.568,1,8,-9900,?,9,-9900,?,9,21.53,E,8,13.24,E,8,59.0,E,8,964.3861999999999,E,8,999.0,E,8,1.41,E,8,-9900,?,9,-9900,?,9,0.0,E,8,-9900,?,9,-9900,?,9,0.0,0.0,E,8
09/29/2012,12:00,1289.826,1362.12,835.05,1,8,434.235,1,8,423.875,1,8,100206.0,1,8,41252.368,1,8,46626.284,1,8,142.491,1,8,-9900,?,9,-9900,?,9,23.39,E,8,13.73,E,8,54.0,E,8,964.3861999999999,E,8,999.0,E,8,1.41,E,8,-9900,?,9,-9900,?,9,0.0,E,8,-9900,?,9,-9900,?,9,0.0,0.0,E,8
09/29/2012,13:00,1258.657,1362.12,909.0,1,8,578.78,1,8,374.209,1,8,109080.0,1,8,54984.139,1,8,41163.027,1,8,128.912,1,8,-9900,?,9,-9900,?,9,24.96,E,8,14.13,E,8,50.0,E,8,964.3861999999999,E,8,999.0,E,8,1.41,E,8,-9900,?,9,-9900,?,9,0.0,E,8,-9900,?,9,-9900,?,9,0.0,0.0,E,8
09/29/2012,14:00,1143.275,1362.12,824.18,1,8,711.03,1,8,227.462,1,8,98901.6,1,8,67547.84,1,8,25020.77,1,8,86.273,1,8,-9900,?,9,-9900,?,9,25.89,E,8,14.37,E,8,49.0,E,8,964.3861999999999,E,8,999.0,E,8,1.41,E,8,-9900,?,9,-9900,?,9,0.0,E,8,-9900,?,9,-9900,?,9,0.0,0.0,E,8
09/29/2012,15:00,951.582,1362.12,680.88,1,8,742.738,1,8,162.16,1,8,81705.6,1,8,70560.1,1,8,17837.639,1,8,73.909,1,8,-9900,?,9,-9900,?,9,26.25,E,8,14.46,E,8,48.0,E,8,964.3861999999999,E,8,999.0,E,8,1.57,E,8,-9900,?,9,-9900,?,9,0.0,E,8,-9900,?,9,-9900,?,9,0.0,0.0,E,8
09/29/2012,16:00,696.729,1362.12,417.88,1,8,435.195,1,8,195.46,1,8,50145.6,1,8,41343.541,1,8,21500.617,1,8,121.736,1,8,-9900,?,9,-9900,?,9,25.71,E,8,14.33,E,8,49.0,E,8,964.3861999999999,E,8,999.0,E,8,1.41,E,8,-9900,?,9,-9900,?,9,0.0,E,8,-9900,?,9,-9900,?,9,0.0,0.0,E,8
09/29/2012,17:00,396.369,1362.12,276.77,1,8,508.99,1,8,129.118,1,8,33212.4,1,8,48354.05,1,8,14202.988,1,8,141.68,1,8,-9900,?,9,-9900,?,9,24.77,E,8,14.09,E,8,51.0,E,8,964.3861999999999,E,8,999.0,E,8,1.69,E,8,-9900,?,9,-9900,?,9,0.0,E,8,-9900,?,9,-9900,?,9,0.0,0.0,E,8
09/29/2012,18:00,74.27,1362.12,89.1,1,8,0.0,1,8,89.1,1,8,10692.0,1,8,0.0,1,8,9801.0,1,8,561.756,1,8,-9900,?,9,-9900,?,9,23.37,E,8,13.72,E,8,54.0,E,8,964.3861999999999,E,8,999.0,E,8,1.41,E,8,-9900,?,9,-9900,?,9,0.0,E,8,-9900,?,9,-9900,?,9,0.0,0.0,E,8
09/29/2012,19:00,0.0,1362.12,0.0,1,8,0.0,1,8,0.0,1,8,0.0,1,8,0.0,1,8,0.0,1,8,-0.0,1,8,-9900,?,9,-9900,?,9,22.35,E,8,13.46,E,8,57.0,E,8,964.3861999999999,E,8,999.0,E,8,1.41,E,8,-9900,?,9,-9900,?,9,0.0,E,8,-9900,?,9,-9900,?,9,0.0,0.0,E,8
09/29/2012,20:00,0.0,1362.12,0.0,1,8,0.0,1,8,0.0,1,8,0.0,1,8,0.0,1,8,0.0,1,8,-0.0,1,8,-9900,?,9,-9900,?,9,21.33,E,8,13.18,E,8,59.0,E,8,964.3861999999999,E,8,999.0,E,8,1.41,E,8,-9900,?,9,-9900,?,9,0.0,E,8,-9900,?,9,-9900,?,9,0.0,0.0,E,8
09/29/2012,21:00,0.0,1362.12,0.0,1,8,0.0,1,8,0.0,1,8,0.0,1,8,0.0,1,8,0.0,1,8,-0.0,1,8,-9900,?,9,-9900,?,9,20.32,E,8,12.91,E,8,62.0,E,8,964.3861999999999,E,8,999.0,E,8,1.41,E,8,-9900,?,9,-9900,?,9,0.0,E,8,-9900,?,9,-9900,?,9,0.0,0.0,E,8
09/29/2012,22:00,0.0,1362.12,0.0,1,8,0.0,1,8,0.0,1,8,0.0,1,8,0.0,1,8,0.0,1,8,-0.0,1,8,-9900,?,9,-9900,?,9,19.3,E,8,12.62,E,8,65.0,E,8,964.3861999999999,E,8,999.0,E,8,1.41,E,8,-9900,?,9,-9900,?,9,0.0,E,8,-9900,?,9,-9900,?,9,0.0,0.0,E,8
09/29/2012,23:00,0.0,1362.12,0.0,1,8,0.0,1,8,0.0,1,8,0.0,1,8,0.0,1,8,0.0,1,8,-0.0,1,8,-9900,?,9,-9900,?,9,18.28,E,8,12.34,E,8,68.0,E,8,964.3861999999999,E,8,999.0,E,8,1.41,E,8,-9900,?,9,-9900,?,9,0.0,E,8,-9900,?,9,-9900,?,9,0.0,0.0,E,8
09/29/2012,24:00,0.0,1362.12,0.0,1,8,0.0,1,8,0.0,1,8,0.0,1,8,0.0,1,8,0.0,1,8,-0.0,1,8,-9900,?,9,-9900,?,9,17.26,E,8,13.01,E,8,76.0,E,8,964.3861999999999,E,8,999.0,E,8,0.95,E,8,-9900,?,9,-9900,?,9,0.0,E,8,-9900,?,9,-9900,?,9,0.0,0.0,E,8
09/30/2012,01:00,0.0,1362.12,0.0,1,8,0.0,1,8,0.0,1,8,0.0,1,8,0.0,1,8,0.0,1,8,-0.0,1,8,-9900,?,9,-9900,?,9,16.76,E,8,12.95,E,8,78.0,E,8,964.3861999999999,E,8,999.0,E,8,0.95,E,8,-9900,?,9,-9900,?,9,0.0,E,8,-9900,?,9,-9900,?,9,0.0,0.0,E,8
09/30/2012,02:00,0.0,1362.12,0.0,1,8,0.0,1,8,0.0,1,8,0.0,1,8,0.0,1,8,0.0,1,8,-0.0,1,8,-9900,?,9,-9900,?,9,16.25,E,8,12.88,E,8,80.0,E,8,964.3861999999999,E,8,999.0,E,8,0.95,E,8,-9900,?,9,-9900,?,9,0.0,E,8,-9900,?,9,-9900,?,9,0.0,0.0,E,8
09/30/2012,03:00,0.0,1362.12,0.0,1,8,0.0,1,8,0.0,1,8,0.0,1,8,0.0,1,8,0.0,1,8,-0.0,1,8,-9900,?,9,-9900,?,9,15.74,E,8,12.81,E,8,82.0,E,8,964.3861999999999,E,8,999.0,E,8,0.95,E,8,-9900,?,9,-9900,?,9,0.0,E,8,-9900,?,9,-9900,?,9,0.0,0.0,E,8
09/30/2012,04:00,0.0,1362.919,0.0,1,8,0.0,1,8,0.0,1,8,0.0,1,8,0.0,1,8,0.0,1,8,-0.0,1,8,-9900,?,9,-9900,?,9,15.23,E,8,12.75,E,8,85.0,E,8,964.3861999999999,E,8,999.0,E,8,0.95,E,8,-9900,?,9,-9900,?,9,0.0,E,8,-9900,?,9,-9900,?,9,0.0,0.0,E,8
09/30/2012,05:00,0.0,1362.919,0.0,1,8,0.0,1,8,0.0,1,8,0.0,1,8,0.0,1,8,0.0,1,8,-0.0,1,8,-9900,?,9,-9900,?,9,14.78,E,8,12.69,E,8,87.0,E,8,964.3861999999999,E,8,999.0,E,8,0.95,E,8,-9900,?,9,-9900,?,9,0.0,E,8,-9900,?,9,-9900,?,9,0.0,0.0,E,8
09/30/2012,06:00,0.0,1362.919,0.0,1,8,0.0,1,8,0.0,1,8,0.0,1,8,0.0,1,8,0.0,1,8,-0.0,1,8,-9900,?,9,-9900,?,9,14.44,E,8,12.64,E,8,88.0,E,8,964.3861999999999,E,8,999.0,E,8,0.95,E,8,-9900,?,9,-9900,?,9,0.0,E,8,-9900,?,9,-9900,?,9,0.0,0.0,E,8
09/30/2012,07:00,311.859,1362.919,26.33,1,8,0.0,1,8,26.33,1,8,3159.6,1,8,0.0,1,8,2896.3,1,8,36.818,1,8,-9900,?,9,-9900,?,9,14.11,E,8,12.6,E,8,90.0,E,8,964.3861999999999,E,8,999.0,E,8,0.95,E,8,-9900,?,9,-9900,?,9,0.0,E,8,-9900,?,9,-9900,?,9,0.0,0.0,E,8
09/30/2012,08:00,621.35,1362.919,182.23,1,8,16.066,1,8,174.913,1,8,21867.6,1,8,1526.317,1,8,19240.484,1,8,122.262,1,8,-9900,?,9,-9900,?,9,16.73,E,8,12.94,E,8,78.0,E,8,964.3861999999999,E,8,999.0,E,8,0.95,E,8,-9900,?,9,-9900,?,9,0.0,E,8,-9900,?,9,-9900,?,9,0.0,0.0,E,8
09/30/2012,09:00,890.818,1362.919,344.59,1,8,60.885,1,8,304.811,1,8,41350.8,1,8,5784.033,1,8,33529.199,1,8,148.502,1,8,-9900,?,9,-9900,?,9,18.74,E,8,13.2,E,8,70.0,E,8,964.3861999999999,E,8,999.0,E,8,0.98,E,8,-9900,?,9,-9900,?,9,0.0,E,8,-9900,?,9,-9900,?,9,0.0,0.0,E,8
09/30/2012,10:00,1101.463,1362.919,482.25,1,8,140.427,1,8,368.779,1,8,57870.0,1,8,13340.58,1,8,40565.744,1,8,145.273,1,8,-9900,?,9,-9900,?,9,20.62,E,8,13.44,E,8,63.0,E,8,964.3861999999999,E,8,999.0,E,8,1.19,E,8,-9900,?,9,-9900,?,9,0.0,E,8,-9900,?,9,-9900,?,9,0.0,0.0,E,8
09/30/2012,11:00,1238.841,1362.919,582.77,1,8,83.386,1,8,506.98,1,8,69932.4,1,8,7921.632,1,8,55767.839,1,8,177.551,1,8,-9900,?,9,-9900,?,9,22.24,E,8,13.64,E,8,58.0,E,8,964.3861999999999,E,8,999.0,E,8,1.69,E,8,-9900,?,9,-9900,?,9,0.0,E,8,-9900,?,9,-9900,?,9,0.0,0.0,E,8
09/30/2012,12:00,1293.569,1362.919,638.42,1,8,97.435,1,8,545.945,1,8,76610.4,1,8,9256.362,1,8,60054.003,1,8,183.102,1,8,-9900,?,9,-9900,?,9,23.56,E,8,13.8,E,8,54.0,E,8,964.3861999999999,E,8,999.0,E,8,1.88,E,8,-9900,?,9,-9900,?,9,0.0,E,8,-9900,?,9,-9900,?,9,0.0,0.0,E,8
09/30/2012,13:00,1261.915,1362.919,645.11,1,8,114.703,1,8,538.913,1,8,77413.2,1,8,10896.758,1,8,59280.42,1,8,185.281,1,8,-9900,?,9,-9900,?,9,24.53,E,8,13.92,E,8,51.0,E,8,964.3861999999999,E,8,999.0,E,8,1.92,E,8,-9900,?,9,-9900,?,9,0.0,E,8,-9900,?,9,-9900,?,9,0.0,0.0,E,8
09/30/2012,14:00,1146.057,1362.919,602.36,1,8,281.578,1,8,365.615,1,8,72283.2,1,8,26749.886,1,8,40217.6,1,8,138.417,1,8,-9900,?,9,-9900,?,9,25.12,E,8,13.99,E,8,50.0,E,8,964.3861999999999,E,8,999.0,E,8,2.94,E,8,-9900,?,9,-9900,?,9,0.0,E,8,-9900,?,9,-9900,?,9,0.0,0.0,E,8
09/30/2012,15:00,953.928,1362.919,513.31,1,8,229.096,1,8,353.011,1,8,61597.2,1,8,21764.149,1,8,38831.202,1,8,160.593,1,8,-9900,?,9,-9900,?,9,25.33,E,8,14.02,E,8,49.0,E,8,964.3861999999999,E,8,999.0,E,8,2.67,E,8,-9900,?,9,-9900,?,9,0.0,E,8,-9900,?,9,-9900,?,9,0.0,0.0,E,8
09/30/2012,16:00,698.708,1362.919,384.69,1,8,324.96,1,8,218.234,1,8,46162.8,1,8,30871.208,1,8,24005.75,1,8,135.614,1,8,-9900,?,9,-9900,?,9,25.07,E,8,13.99,E,8,50.0,E,8,964.3861999999999,E,8,999.0,E,8,1.84,E,8,-9900,?,9,-9900,?,9,0.0,E,8,-9900,?,9,-9900,?,9,0.0,0.0,E,8
09/30/2012,17:00,398.075,1362.919,227.39,1,8,333.153,1,8,130.385,1,8,27286.8,1,8,31649.553,1,8,14342.328,1,8,142.536,1,8,-9900,?,9,-9900,?,9,24.24,E,8,13.89,E,8,52.0,E,8,964.3861999999999,E,8,999.0,E,8,1.91,E,8,-9900,?,9,-9900,?,9,0.0,E,8,-9900,?,9,-9900,?,9,0.0,0.0,E,8
09/30/2012,18:00,75.756,1362.919,135.016,1,8,0.0,1,8,135.016,1,8,16201.92,1,8,0.0,1,8,14851.76,1,8,832.937,1,8,-9900,?,9,-9900,?,9,23.124,E,8,13.75,E,8,55.4,E,8,964.3861999999999,E,8,999.0,E,8,1.676,E,8,-9900,?,9,-9900,?,9,0.0,E,8,-9900,?,9,-9900,?,9,0.0,0.0,E,8
09/30/2012,19:00,0.0,1362.919,58.078,1,8,0.0,1,8,0.0,1,8,6969.36,1,8,0.0,1,8,0.0,1,8,-0.0,1,8,-9900,?,9,-9900,?,9,22.184,E,8,13.634,E,8,58.2,E,8,964.3861999999999,E,8,999.0,E,8,1.528,E,8,-9900,?,9,-9900,?,9,0.0,E,8,-9900,?,9,-9900,?,9,0.0,0.0,E,8
09/30/2012,20:00,0.0,1362.919,12.6,1,8,0.0,1,8,0.0,1,8,1512.0,1,8,0.0,1,8,0.0,1,8,-0.0,1,8,-9900,?,9,-9900,?,9,21.238,E,8,13.516,E,8,61.2,E,8,964.3861999999999,E,8,999.0,E,8,1.392,E,8,-9900,?,9,-9900,?,9,0.0,E,8,-9900,?,9,-9900,?,9,0.0,0.0,E,8
09/30/2012,21:00,0.0,1362.919,0.0,1,8,0.0,1,8,0.0,1,8,0.0,1,8,0.0,1,8,0.0,1,8,-0.0,1,8,-9900,?,9,-9900,?,9,20.372,E,8,13.408,E,8,64.0,E,8,964.3861999999999,E,8,999.0,E,8,1.33,E,8,-9900,?,9,-9900,?,9,0.0,E,8,-9900,?,9,-9900,?,9,0.0,0.0,E,8
09/30/2012,22:00,0.0,1362.919,0.0,1,8,0.0,1,8,0.0,1,8,0.0,1,8,0.0,1,8,0.0,1,8,-0.0,1,8,-9900,?,9,-9900,?,9,19.43,E,8,13.286,E,8,67.4,E,8,964.3861999999999,E,8,999.0,E,8,1.284,E,8,-9900,?,9,-9900,?,9,0.0,E,8,-9900,?,9,-9900,?,9,0.0,0.0,E,8
09/30/2012,23:00,0.0,1362.919,0.0,1,8,0.0,1,8,0.0,1,8,0.0,1,8,0.0,1,8,0.0,1,8,-0.0,1,8,-9900,?,9,-9900,?,9,18.558,E,8,13.154,E,8,70.6,E,8,964.3861999999999,E,8,999.0,E,8,1.25,E,8,-9900,?,9,-9900,?,9,0.0,E,8,-9900,?,9,-9900,?,9,0.0,0.0,E,8
09/30/2025,24:00,0.0,1362.12,0.0,1,8,0.0,1,8,0.0,1,8,0.0,1,8,0.0,1,8,0.0,1,8,-0.0,1,8,-9900,?,9,-9900,?,9,17.758,E,8,13.014,E,8,73.4,E,8,964.3861999999999,E,8,999.0,E,8,1.256,E,8,-9900,?,9,-9900,?,9,0.0,E,8,-9900,?,9,-9900,?,9,0.0,0.0,E,8
10/01/2025,01:00,0.0,1362.12,0.0,1,8,0.0,1,8,0.0,1,8,0.0,1,8,0.0,1,8,0.0,1,8,-0.0,1,8,-9900,?,9,-9900,?,9,17.028,E,8,12.866,E,8,76.0,E,8,964.3861999999999,E,8,999.0,E,8,1.236,E,8,-9900,?,9,-9900,?,9,0.0,E,8,-9900,?,9,-9900,?,9,0.0,0.0,E,8
10/01/2025,02:00,0.0,1362.12,0.0,1,8,0.0,1,8,0.0,1,8,0.0,1,8,0.0,1,8,0.0,1,8,-0.0,1,8,-9900,?,9,-9900,?,9,16.37,E,8,12.71,E,8,78.4,E,8,964.3861999999999,E,8,999.0,E,8,1.13,E,8,-9900,?,9,-9900,?,9,0.0,E,8,-9900,?,9,-9900,?,9,0.0,0.0,E,8
10/01/2025,03:00,0.0,1362.12,0.0,1,8,0.0,1,8,0.0,1,8,0.0,1,8,0.0,1,8,0.0,1,8,-0.0,1,8,-9900,?,9,-9900,?,9,15.872,E,8,12.562,E,8,80.2,E,8,964.3861999999999,E,8,999.0,E,8,1.13,E,8,-9900,?,9,-9900,?,9,0.0,E,8,-9900,?,9,-9900,?,9,0.0,0.0,E,8
10/01/2025,04:00,0.0,1362.919,0.0,1,8,0.0,1,8,0.0,1,8,0.0,1,8,0.0,1,8,0.0,1,8,-0.0,1,8,-9900,?,9,-9900,?,9,15.41,E,8,12.424,E,8,81.8,E,8,964.3861999999999,E,8,999.0,E,8,1.13,E,8,-9900,?,9,-9900,?,9,0.0,E,8,-9900,?,9,-9900,?,9,0.0,0.0,E,8
10/01/2025,05:00,0.0,1362.919,8.884,1,8,0.0,1,8,0.0,1,8,1066.08,1,8,0.0,1,8,0.0,1,8,-0.0,1,8,-9900,?,9,-9900,?,9,14.982,E,8,12.296,E,8,83.4,E,8,964.3861999999999,E,8,999.0,E,8,1.13,E,8,-9900,?,9,-9900,?,9,0.0,E,8,-9900,?,9,-9900,?,9,0.0,0.0,E,8
10/01/2025,06:00,0.0,1362.919,0.0,1,8,0.0,1,8,0.0,1,8,0.0,1,8,0.0,1,8,0.0,1,8,-0.0,1,8,-9900,?,9,-9900,?,9,14.57,E,8,12.17,E,8,85.0,E,8,964.3861999999999,E,8,999.0,E,8,1.13,E,8,-9900,?,9,-9900,?,9,0.0,E,8,-9900,?,9,-9900,?,9,0.0,0.0,E,8
10/01/2025,07:00,315.961,1362.919,44.42,1,8,0.0,1,8,44.42,1,8,5330.4,1,8,0.0,1,8,4886.2,1,8,61.298,1,8,-9900,?,9,-9900,?,9,14.23,E,8,12.07,E,8,86.0,E,8,964.3861999999999,E,8,999.0,E,8,1.13,E,8,-9900,?,9,-9900,?,9,0.0,E,8,-9900,?,9,-9900,?,9,0.0,0.0,E,8
10/01/2025,08:00,625.241,1362.919,297.41,1,8,198.597,1,8,206.403,1,8,35689.2,1,8,18866.753,1,8,22704.322,1,8,143.372,1,8,-9900,?,9,-9900,?,9,18.09,E,8,13.21,E,8,73.0,E,8,964.3861999999999,E,8,999.0,E,8,1.13,E,8,-9900,?,9,-9900,?,9,0.0,E,8,-9900,?,9,-9900,?,9,0.0,0.0,E,8
10/01/2025,09:00,894.415,1362.919,423.9,1,8,138.363,1,8,333.135,1,8,50868.0,1,8,13144.498,1,8,36644.799,1,8,161.648,1,8,-9900,?,9,-9900,?,9,20.0,E,8,13.75,E,8,67.0,E,8,964.3861999999999,E,8,999.0,E,8,1.13,E,8,-9900,?,9,-9900,?,9,0.0,E,8,-9900,?,9,-9900,?,9,0.0,0.0,E,8
10/01/2025,10:00,1104.713,1362.919,595.0,1,8,228.194,1,8,410.066,1,8,71400.0,1,8,21678.404,1,8,45107.275,1,8,161.061,1,8,-9900,?,9,-9900,?,9,21.91,E,8,14.28,E,8,61.0,E,8,964.3861999999999,E,8,999.0,E,8,1.13,E,8,-9900,?,9,-9900,?,9,0.0,E,8,-9900,?,9,-9900,?,9,0.0,0.0,E,8
10/01/2025,11:00,1241.718,1362.919,786.16,1,8,423.172,1,8,400.642,1,8,94339.2,1,8,40201.386,1,8,44070.663,1,8,139.985,1,8,-9900,?,9,-9900,?,9,23.93,E,8,14.81,E,8,56.0,E,8,964.3861999999999,E,8,999.0,E,8,1.13,E,8,-9900,?,9,-9900,?,9,0.0,E,8,-9900,?,9,-9900,?,9,0.0,0.0,E,8
10/01/2025,12:00,1296.07,1362.919,834.35,1,8,451.349,1,8,405.152,1,8,100122.0,1,8,42878.179,1,8,44566.719,1,8,135.62,1,8,-9900,?,9,-9900,?,9,25.45,E,8,15.2,E,8,53.0,E,8,964.3861999999999,E,8,999.0,E,8,1.13,E,8,-9900,?,9,-9900,?,9,0.0,E,8,-9900,?,9,-9900,?,9,0.0,0.0,E,8
10/01/2025,13:00,1264.067,1362.919,806.04,1,8,449.677,1,8,388.998,1,8,96724.8,1,8,42719.276,1,8,42789.804,1,8,133.511,1,8,-9900,?,9,-9900,?,9,26.45,E,8,15.46,E,8,50.0,E,8,964.3861999999999,E,8,999.0,E,8,1.13,E,8,-9900,?,9,-9900,?,9,0.0,E,8,-9900,?,9,-9900,?,9,0.0,0.0,E,8
10/01/2025,14:00,1147.908,1362.919,706.89,1,8,399.001,1,8,370.875,1,8,84826.8,1,8,37905.099,1,8,40796.249,1,8,140.182,1,8,-9900,?,9,-9900,?,9,26.92,E,8,15.57,E,8,49.0,E,8,964.3861999999999,E,8,999.0,E,8,1.13,E,8,-9900,?,9,-9900,?,9,0.0,E,8,-9900,?,9,-9900,?,9,0.0,0.0,E,8
10/01/2025,15:00,955.548,1362.919,497.72,1,8,189.337,1,8,365.016,1,8,59726.4,1,8,17987.003,1,8,40151.706,1,8,165.772,1,8,-9900,?,9,-9900,?,9,26.64,E,8,15.51,E,8,50.0,E,8,964.3861999999999,E,8,999.0,E,8,1.17,E,8,-9900,?,9,-9900,?,9,0.0,E,8,-9900,?,9,-9900,?,9,0.0,0.0,E,8
10/01/2025,16:00,700.182,1362.919,371.4,1,8,284.518,1,8,225.352,1,8,44568.0,1,8,27029.197,1,8,24788.722,1,8,139.742,1,8,-9900,?,9,-9900,?,9,25.94,E,8,15.33,E,8,51.0,E,8,964.3861999999999,E,8,999.0,E,8,1.53,E,8,-9900,?,9,-9900,?,9,0.0,E,8,-9900,?,9,-9900,?,9,0.0,0.0,E,8
10/01/2025,17:00,399.496,1362.919,249.04,1,8,420.84,1,8,126.063,1,8,29884.8,1,8,39979.786,1,8,13866.885,1,8,137.318,1,8,-9900,?,9,-9900,?,9,24.94,E,8,15.07,E,8,54.0,E,8,964.3861999999999,E,8,999.0,E,8,1.88,E,8,-9900,?,9,-9900,?,9,0.0,E,8,-9900,?,9,-9900,?,9,0.0,0.0,E,8
10/01/2025,18:00,77.164,1362.919,68.44,1,8,269.652,1,8,54.235,1,8,8212.8,1,8,25616.964,1,8,5965.844,1,8,327.711,1,8,-9900,?,9,-9900,?,9,23.53,E,8,14.71,E,8,57.0,E,8,964.3861999999999,E,8,999.0,E,8,1.13,E,8,-9900,?,9,-9900,?,9,0.0,E,8,-9900,?,9,-9900,?,9,0.0,0.0,E,8
10/01/2025,19:00,0.0,1362.919,0.0,1,8,0.0,1,8,0.0,1,8,0.0,1,8,0.0,1,8,0.0,1,8,-0.0,1,8,-9900,?,9,-9900,?,9,22.41,E,8,14.41,E,8,60.0,E,8,964.3861999999999,E,8,999.0,E,8,1.13,E,8,-9900,?,9,-9900,?,9,0.0,E,8,-9900,?,9,-9900,?,9,0.0,0.0,E,8
10/01/2025,20:00,0.0,1362.919,0.0,1,8,0.0,1,8,0.0,1,8,0.0,1,8,0.0,1,8,0.0,1,8,-0.0,1,8,-9900,?,9,-9900,?,9,21.29,E,8,14.11,E,8,63.0,E,8,964.3861999999999,E,8,999.0,E,8,1.13,E,8,-9900,?,9,-9900,?,9,0.0,E,8,-9900,?,9,-9900,?,9,0.0,0.0,E,8
10/01/2025,21:00,0.0,1362.919,0.0,1,8,0.0,1,8,0.0,1,8,0.0,1,8,0.0,1,8,0.0,1,8,-0.0,1,8,-9900,?,9,-9900,?,9,20.18,E,8,13.8,E,8,66.0,E,8,964.3861999999999,E,8,999.0,E,8,1.13,E,8,-9900,?,9,-9900,?,9,0.0,E,8,-9900,?,9,-9900,?,9,0.0,0.0,E,8
10/01/2025,22:00,0.0,1362.919,0.0,1,8,0.0,1,8,0.0,1,8,0.0,1,8,0.0,1,8,0.0,1,8,-0.0,1,8,-9900,?,9,-9900,?,9,19.06,E,8,13.49,E,8,70.0,E,8,964.3861999999999,E,8,999.0,E,8,1.13,E,8,-9900,?,9,-9900,?,9,0.0,E,8,-9900,?,9,-9900,?,9,0.0,0.0,E,8
10/01/2025,23:00,0.0,1362.919,0.0,1,8,0.0,1,8,0.0,1,8,0.0,1,8,0.0,1,8,0.0,1,8,-0.0,1,8,-9900,?,9,-9900,?,9,17.94,E,8,13.17,E,8,73.0,E,8,964.3861999999999,E,8,999.0,E,8,1.13,E,8,-9900,?,9,-9900,?,9,0.0,E,8,-9900,?,9,-9900,?,9,0.0,0.0,E,8
10/01/2025,24:00,0.0,1362.919,0.0,1,8,0.0,1,8,0.0,1,8,0.0,1,8,0.0,1,8,0.0,1,8,-0.0,1,8,-9900,?,9,-9900,?,9,16.83,E,8,10.5,E,8,66.0,E,8,964.3861999999999,E,8,999.0,E,8,1.18,E,8,-9900,?,9,-9900,?,9,0.0,E,8,-9900,?,9,-9900,?,9,0.0,0.0,E,8
10/02/2025,01:00,0.0,1362.919,0.0,1,8,0.0,1,8,0.0,1,8,0.0,1,8,0.0,1,8,0.0,1,8,-0.0,1,8,-9900,?,9,-9900,?,9,16.27,E,8,10.42,E,8,68.0,E,8,964.3861999999999,E,8,999.0,E,8,1.18,E,8,-9900,?,9,-9900,?,9,0.0,E,8,-9900,?,9,-9900,?,9,0.0,0.0,E,8
10/02/2025,02:00,0.0,1362.919,0.0,1,8,0.0,1,8,0.0,1,8,0.0,1,8,0.0,1,8,0.0,1,8,-0.0,1,8,-9900,?,9,-9900,?,9,15.71,E,8,10.34,E,8,70.0,E,8,964.3861999999999,E,8,999.0,E,8,1.18,E,8,-9900,?,9,-9900,?,9,0.0,E,8,-9900,?,9,-9900,?,9,0.0,0.0,E,8
10/02/2025,03:00,0.0,1362.919,0.0,1,8,0.0,1,8,0.0,1,8,0.0,1,8,0.0,1,8,0.0,1,8,-0.0,1,8,-9900,?,9,-9900,?,9,15.15,E,8,10.26,E,8,72.0,E,8,964.3861999999999,E,8,999.0,E,8,1.18,E,8,-9900,?,9,-9900,?,9,0.0,E,8,-9900,?,9,-9900,?,9,0.0,0.0,E,8
10/02/2025,04:00,0.0,1363.72,0.0,1,8,0.0,1,8,0.0,1,8,0.0,1,8,0.0,1,8,0.0,1,8,-0.0,1,8,-9900,?,9,-9900,?,9,14.6,E,8,10.18,E,8,74.0,E,8,964.3861999999999,E,8,999.0,E,8,1.18,E,8,-9900,?,9,-9900,?,9,0.0,E,8,-9900,?,9,-9900,?,9,0.0,0.0,E,8
10/02/2025,05:00,0.0,1363.72,0.0,1,8,0.0,1,8,0.0,1,8,0.0,1,8,0.0,1,8,0.0,1,8,-0.0,1,8,-9900,?,9,-9900,?,9,14.1,E,8,10.1,E,8,76.0,E,8,964.3861999999999,E,8,999.0,E,8,1.18,E,8,-9900,?,9,-9900,?,9,0.0,E,8,-9900,?,9,-9900,?,9,0.0,0.0,E,8
10/02/2025,06:00,2.822,1363.72,0.0,1,8,0.0,1,8,0.0,1,8,0.0,1,8,0.0,1,8,0.0,1,8,-0.0,1,8,-9900,?,9,-9900,?,9,13.73,E,8,10.05,E,8,78.0,E,8,964.3861999999999,E,8,999.0,E,8,1.18,E,8,-9900,?,9,-9900,?,9,0.0,E,8,-9900,?,9,-9900,?,9,0.0,0.0,E,8
10/02/2025,07:00,321.071,1363.72,44.23,1,8,0.0,1,8,44.23,1,8,5307.6,1,8,0.0,1,8,4865.3,1,8,60.09,1,8,-9900,?,9,-9900,?,9,13.36,E,8,9.99,E,8,80.0,E,8,964.3861999999999,E,8,999.0,E,8,1.18,E,8,-9900,?,9,-9900,?,9,0.0,E,8,-9900,?,9,-9900,?,9,0.0,0.0,E,8
10/02/2025,08:00,630.26,1363.72,274.93,1,8,153.186,1,8,204.209,1,8,32991.6,1,8,14552.699,1,8,22463.012,1,8,140.799,1,8,-9900,?,9,-9900,?,9,16.53,E,8,10.46,E,8,67.0,E,8,964.3861999999999,E,8,999.0,E,8,1.18,E,8,-9900,?,9,-9900,?,9,0.0,E,8,-9900,?,9,-9900,?,9,0.0,0.0,E,8
10/02/2025,09:00,899.212,1363.72,510.33,1,8,308.048,1,8,307.286,1,8,61239.6,1,8,29264.547,1,8,33801.504,1,8,148.396,1,8,-9900,?,9,-9900,?,9,18.85,E,8,10.8,E,8,59.0,E,8,964.3861999999999,E,8,999.0,E,8,1.18,E,8,-9900,?,9,-9900,?,9,0.0,E,8,-9900,?,9,-9900,?,9,0.0,0.0,E,8
10/02/2025,10:00,1109.188,1363.72,714.62,1,8,483.948,1,8,321.058,1,8,85754.4,1,8,45975.014,1,8,35316.413,1,8,125.666,1,8,-9900,?,9,-9900,?,9,21.03,E,8,11.1,E,8,53.0,E,8,964.3861999999999,E,8,999.0,E,8,1.18,E,8,-9900,?,9,-9900,?,9,0.0,E,8,-9900,?,9,-9900,?,9,0.0,0.0,E,8
10/02/2025,11:00,1245.793,1363.72,865.43,1,8,530.406,1,8,380.919,1,8,103851.6,1,8,50388.526,1,8,41901.124,1,8,132.736,1,8,-9900,?,9,-9900,?,9,22.93,E,8,11.37,E,8,48.0,E,8,964.3861999999999,E,8,999.0,E,8,1.18,E,8,-9900,?,9,-9900,?,9,0.0,E,8,-9900,?,9,-9900,?,9,0.0,0.0,E,8
10/02/2025,12:00,1299.695,1363.72,956.67,1,8,656.301,1,8,331.199,1,8,114800.4,1,8,62348.642,1,8,36431.932,1,8,110.621,1,8,-9900,?,9,-9900,?,9,24.5,E,8,11.58,E,8,44.0,E,8,964.3861999999999,E,8,999.0,E,8,1.18,E,8,-9900,?,9,-9900,?,9,0.0,E,8,-9900,?,9,-9900,?,9,0.0,0.0,E,8
10/02/2025,13:00,1267.224,1363.72,965.39,1,8,781.138,1,8,239.558,1,8,115846.8,1,8,74208.122,1,8,26351.405,1,8,82.064,1,8,-9900,?,9,-9900,?,9,25.65,E,8,11.74,E,8,41.0,E,8,964.3861999999999,E,8,999.0,E,8,1.18,E,8,-9900,?,9,-9900,?,9,0.0,E,8,-9900,?,9,-9900,?,9,0.0,0.0,E,8
10/02/2025,14:00,1150.611,1363.72,904.74,1,8,879.887,1,8,162.441,1,8,108568.8,1,8,83589.312,1,8,17868.511,1,8,61.291,1,8,-9900,?,9,-9900,?,9,26.36,E,8,11.84,E,8,40.0,E,8,964.3861999999999,E,8,999.0,E,8,1.18,E,8,-9900,?,9,-9900,?,9,0.0,E,8,-9900,?,9,-9900,?,9,0.0,0.0,E,8
10/02/2025,15:00,957.842,1363.72,774.42,1,8,817.014,1,8,200.743,1,8,92930.4,1,8,77616.321,1,8,22081.761,1,8,91.003,1,8,-9900,?,9,-9900,?,9,26.62,E,8,11.87,E,8,39.0,E,8,964.3861999999999,E,8,999.0,E,8,1.18,E,8,-9900,?,9,-9900,?,9,0.0,E,8,-9900,?,9,-9900,?,9,0.0,0.0,E,8
10/02/2025,16:00,702.14,1363.72,573.32,1,8,697.297,1,8,214.593,1,8,68798.4,1,8,66243.214,1,8,23605.261,1,8,132.776,1,8,-9900,?,9,-9900,?,9,26.3,E,8,11.83,E,8,40.0,E,8,964.3861999999999,E,8,999.0,E,8,1.18,E,8,-9900,?,9,-9900,?,9,0.0,E,8,-9900,?,9,-9900,?,9,0.0,0.0,E,8
10/02/2025,17:00,401.212,1363.72,334.04,1,8,675.219,1,8,135.992,1,8,40084.8,1,8,64145.799,1,8,14959.139,1,8,147.584,1,8,-9900,?,9,-9900,?,9,25.31,E,8,11.69,E,8,42.0,E,8,964.3861999999999,E,8,999.0,E,8,1.18,E,8,-9900,?,9,-9900,?,9,0.0,E,8,-9900,?,9,-9900,?,9,0.0,0.0,E,8
10/02/2025,18:00,78.692,1363.72,93.77,1,8,229.015,1,8,81.445,1,8,11252.4,1,8,21756.425,1,8,8958.968,1,8,481.724,1,8,-9900,?,9,-9900,?,9,23.8,E,8,11.49,E,8,45.0,E,8,964.3861999999999,E,8,999.0,E,8,1.18,E,8,-9900,?,9,-9900,?,9,0.0,E,8,-9900,?,9,-9900,?,9,0.0,0.0,E,8
10/02/2025,19:00,0.0,1363.72,0.0,1,8,0.0,1,8,0.0,1,8,0.0,1,8,0.0,1,8,0.0,1,8,-0.0,1,8,-9900,?,9,-9900,?,9,22.61,E,8,11.32,E,8,48.0,E,8,964.3861999999999,E,8,999.0,E,8,1.18,E,8,-9900,?,9,-9900,?,9,0.0,E,8,-9900,?,9,-9900,?,9,0.0,0.0,E,8
10/02/2025,20:00,0.0,1363.72,0.0,1,8,0.0,1,8,0.0,1,8,0.0,1,8,0.0,1,8,0.0,1,8,-0.0,1,8,-9900,?,9,-9900,?,9,21.43,E,8,11.16,E,8,51.0,E,8,964.3861999999999,E,8,999.0,E,8,1.18,E,8,-9900,?,9,-9900,?,9,0.0,E,8,-9900,?,9,-9900,?,9,0.0,0.0,E,8
10/02/2025,21:00,0.0,1363.72,0.0,1,8,0.0,1,8,0.0,1,8,0.0,1,8,0.0,1,8,0.0,1,8,-0.0,1,8,-9900,?,9,-9900,?,9,20.24,E,8,10.99,E,8,55.0,E,8,964.3861999999999,E,8,999.0,E,8,1.18,E,8,-9900,?,9,-9900,?,9,0.0,E,8,-9900,?,9,-9900,?,9,0.0,0.0,E,8
10/02/2025,22:00,0.0,1363.72,0.0,1,8,0.0,1,8,0.0,1,8,0.0,1,8,0.0,1,8,0.0,1,8,-0.0,1,8,-9900,?,9,-9900,?,9,19.06,E,8,10.83,E,8,58.0,E,8,964.3861999999999,E,8,999.0,E,8,1.18,E,8,-9900,?,9,-9900,?,9,0.0,E,8,-9900,?,9,-9900,?,9,0.0,0.0,E,8
10/02/2025,23:00,0.0,1363.72,0.0,1,8,0.0,1,8,0.0,1,8,0.0,1,8,0.0,1,8,0.0,1,8,-0.0,1,8,-9900,?,9,-9900,?,9,17.87,E,8,10.66,E,8,62.0,E,8,964.3861999999999,E,8,999.0,E,8,1.18,E,8,-9900,?,9,-9900,?,9,0.0,E,8,-9900,?,9,-9900,?,9,0.0,0.0,E,8
10/02/2025,24:00,0.0,1363.72,0.0,1,8,0.0,1,8,0.0,1,8,0.0,1,8,0.0,1,8,0.0,1,8,-0.0,1,8,-9900,?,9,-9900,?,9,16.68,E,8,11.71,E,8,72.0,E,8,964.3861999999999,E,8,999.0,E,8,1.18,E,8,-9900,?,9,-9900,?,9,0.0,E,8,-9900,?,9,-9900,?,9,0.0,0.0,E,8
10/03/2025,01:00,0.0,1363.72,0.0,1,8,0.0,1,8,0.0,1,8,0.0,1,8,0.0,1,8,0.0,1,8,-0.0,1,8,-9900,?,9,-9900,?,9,16.09,E,8,11.67,E,8,75.0,E,8,964.3861999999999,E,8,999.0,E,8,1.18,E,8,-9900,?,9,-9900,?,9,0.0,E,8,-9900,?,9,-9900,?,9,0.0,0.0,E,8
10/03/2025,02:00,0.0,1363.72,0.0,1,8,0.0,1,8,0.0,1,8,0.0,1,8,0.0,1,8,0.0,1,8,-0.0,1,8,-9900,?,9,-9900,?,9,15.5,E,8,11.63,E,8,77.0,E,8,964.3861999999999,E,8,999.0,E,8,1.18,E,8,-9900,?,9,-9900,?,9,0.0,E,8,-9900,?,9,-9900,?,9,0.0,0.0,E,8
10/03/2025,03:00,0.0,1363.72,0.0,1,8,0.0,1,8,0.0,1,8,0.0,1,8,0.0,1,8,0.0,1,8,-0.0,1,8,-9900,?,9,-9900,?,9,14.9,E,8,11.59,E,8,80.0,E,8,964.3861999999999,E,8,999.0,E,8,1.18,E,8,-9900,?,9,-9900,?,9,0.0,E,8,-9900,?,9,-9900,?,9,0.0,0.0,E,8
10/03/2025,04:00,0.0,1364.522,0.0,1,8,0.0,1,8,0.0,1,8,0.0,1,8,0.0,1,8,0.0,1,8,-0.0,1,8,-9900,?,9,-9900,?,9,14.31,E,8,11.55,E,8,83.0,E,8,964.3861999999999,E,8,999.0,E,8,1.18,E,8,-9900,?,9,-9900,?,9,0.0,E,8,-9900,?,9,-9900,?,9,0.0,0.0,E,8
10/03/2025,05:00,0.0,1364.522,0.0,1,8,0.0,1,8,0.0,1,8,0.0,1,8,0.0,1,8,0.0,1,8,-0.0,1,8,-9900,?,9,-9900,?,9,13.78,E,8,11.51,E,8,86.0,E,8,964.3861999999999,E,8,999.0,E,8,1.18,E,8,-9900,?,9,-9900,?,9,0.0,E,8,-9900,?,9,-9900,?,9,0.0,0.0,E,8
10/03/2025,06:00,7.11,1364.522,0.0,1,8,0.0,1,8,0.0,1,8,0.0,1,8,0.0,1,8,0.0,1,8,-0.0,1,8,-9900,?,9,-9900,?,9,13.39,E,8,11.49,E,8,88.0,E,8,964.3861999999999,E,8,999.0,E,8,1.18,E,8,-9900,?,9,-9900,?,9,0.0,E,8,-9900,?,9,-9900,?,9,0.0,0.0,E,8
10/03/2025,07:00,326.14,1364.522,32.29,1,8,0.0,1,8,32.29,1,8,3874.8,1,8,0.0,1,8,3551.9,1,8,43.206,1,8,-9900,?,9,-9900,?,9,13.0,E,8,11.46,E,8,90.0,E,8,964.3861999999999,E,8,999.0,E,8,1.18,E,8,-9900,?,9,-9900,?,9,0.0,E,8,-9900,?,9,-9900,?,9,0.0,0.0,E,8
10/03/2025,08:00,635.223,1364.522,195.7,1,8,21.362,1,8,185.766,1,8,23484.0,1,8,2029.411,1,8,20434.236,1,8,127.154,1,8,-9900,?,9,-9900,?,9,16.08,E,8,11.67,E,8,75.0,E,8,964.3861999999999,E,8,999.0,E,8,1.18,E,8,-9900,?,9,-9900,?,9,0.0,E,8,-9900,?,9,-9900,?,9,0.0,0.0,E,8
10/03/2025,09:00,903.946,1364.522,363.68,1,8,70.997,1,8,316.665,1,8,43641.6,1,8,6744.731,1,8,34833.11,1,8,152.213,1,8,-9900,?,9,-9900,?,9,18.32,E,8,11.83,E,8,65.0,E,8,964.3861999999999,E,8,999.0,E,8,1.18,E,8,-9900,?,9,-9900,?,9,0.0,E,8,-9900,?,9,-9900,?,9,0.0,0.0,E,8
10/03/2025,10:00,1113.595,1364.522,505.76,1,8,161.625,1,8,373.876,1,8,60691.2,1,8,15354.416,1,8,41126.355,1,8,145.846,1,8,-9900,?,9,-9900,?,9,20.41,E,8,11.97,E,8,58.0,E,8,964.3861999999999,E,8,999.0,E,8,1.18,E,8,-9900,?,9,-9900,?,9,0.0,E,8,-9900,?,9,-9900,?,9,0.0,0.0,E,8
10/03/2025,11:00,1249.8,1364.522,609.22,1,8,95.733,1,8,521.541,1,8,73106.4,1,8,9094.613,1,8,57369.502,1,8,181.261,1,8,-9900,?,9,-9900,?,9,22.21,E,8,12.09,E,8,52.0,E,8,964.3861999999999,E,8,999.0,E,8,1.18,E,8,-9900,?,9,-9900,?,9,0.0,E,8,-9900,?,9,-9900,?,9,0.0,0.0,E,8
10/03/2025,12:00,1303.257,1364.522,666.13,1,8,111.741,1,8,559.409,1,8,79935.6,1,8,10615.397,1,8,61534.989,1,8,186.441,1,8,-9900,?,9,-9900,?,9,23.67,E,8,12.19,E,8,48.0,E,8,964.3861999999999,E,8,999.0,E,8,1.18,E,8,-9900,?,9,-9900,?,9,0.0,E,8,-9900,?,9,-9900,?,9,0.0,0.0,E,8
10/03/2025,13:00,1270.327,1364.522,672.29,1,8,131.262,1,8,550.094,1,8,80674.8,1,8,12469.917,1,8,60510.394,1,8,188.093,1,8,-9900,?,9,-9900,?,9,24.74,E,8,12.26,E,8,45.0,E,8,964.3861999999999,E,8,999.0,E,8,1.18,E,8,-9900,?,9,-9900,?,9,0.0,E,8,-9900,?,9,-9900,?,9,0.0,0.0,E,8
10/03/2025,14:00,1153.272,1364.522,627.27,1,8,320.897,1,8,356.085,1,8,75272.4,1,8,30485.242,1,8,39169.321,1,8,134.123,1,8,-9900,?,9,-9900,?,9,25.39,E,8,12.3,E,8,44.0,E,8,964.3861999999999,E,8,999.0,E,8,1.18,E,8,-9900,?,9,-9900,?,9,0.0,E,8,-9900,?,9,-9900,?,9,0.0,0.0,E,8
10/03/2025,15:00,960.109,1364.522,534.38,1,8,300.405,1,8,323.072,1,8,64125.6,1,8,28538.433,1,8,35537.905,1,8,146.197,1,8,-9900,?,9,-9900,?,9,25.62,E,8,12.32,E,8,43.0,E,8,964.3861999999999,E,8,999.0,E,8,1.18,E,8,-9900,?,9,-9900,?,9,0.0,E,8,-9900,?,9,-9900,?,9,0.0,0.0,E,8
10/03/2025,16:00,704.086,1364.522,400.64,1,8,363.227,1,8,213.368,1,8,48076.8,1,8,34506.519,1,8,23470.494,1,8,131.73,1,8,-9900,?,9,-9900,?,9,25.31,E,8,12.3,E,8,44.0,E,8,964.3861999999999,E,8,999.0,E,8,1.18,E,8,-9900,?,9,-9900,?,9,0.0,E,8,-9900,?,9,-9900,?,9,0.0,0.0,E,8
10/03/2025,17:00,402.933,1364.522,237.38,1,8,363.273,1,8,130.432,1,8,28485.6,1,8,34510.96,1,8,14347.501,1,8,141.024,1,8,-9900,?,9,-9900,?,9,24.38,E,8,12.24,E,8,46.0,E,8,964.3861999999999,E,8,999.0,E,8,1.18,E,8,-9900,?,9,-9900,?,9,0.0,E,8,-9900,?,9,-9900,?,9,0.0,0.0,E,8
10/03/2025,18:00,80.242,1364.522,66.85,1,8,270.221,1,8,51.996,1,8,8022.0,1,8,25670.953,1,8,5719.596,1,8,301.098,1,8,-9900,?,9,-9900,?,9,22.95,E,8,12.14,E,8,50.0,E,8,964.3861999999999,E,8,999.0,E,8,1.18,E,8,-9900,?,9,-9900,?,9,0.0,E,8,-9900,?,9,-9900,?,9,0.0,0.0,E,8
10/03/2025,19:00,0.0,1364.522,0.0,1,8,0.0,1,8,0.0,1,8,0.0,1,8,0.0,1,8,0.0,1,8,-0.0,1,8,-9900,?,9,-9900,?,9,21.94,E,8,12.07,E,8,53.0,E,8,964.3861999999999,E,8,999.0,E,8,1.18,E,8,-9900,?,9,-9900,?,9,0.0,E,8,-9900,?,9,-9900,?,9,0.0,0.0,E,8
10/03/2025,20:00,0.0,1364.522,0.0,1,8,0.0,1,8,0.0,1,8,0.0,1,8,0.0,1,8,0.0,1,8,-0.0,1,8,-9900,?,9,-9900,?,9,20.93,E,8,12.0,E,8,56.0,E,8,964.3861999999999,E,8,999.0,E,8,1.18,E,8,-9900,?,9,-9900,?,9,0.0,E,8,-9900,?,9,-9900,?,9,0.0,0.0,E,8
10/03/2025,21:00,0.0,1364.522,0.0,1,8,0.0,1,8,0.0,1,8,0.0,1,8,0.0,1,8,0.0,1,8,-0.0,1,8,-9900,?,9,-9900,?,9,19.92,E,8,11.94,E,8,60.0,E,8,964.3861999999999,E,8,999.0,E,8,1.18,E,8,-9900,?,9,-9900,?,9,0.0,E,8,-9900,?,9,-9900,?,9,0.0,0.0,E,8
10/03/2025,22:00,0.0,1364.522,0.0,1,8,0.0,1,8,0.0,1,8,0.0,1,8,0.0,1,8,0.0,1,8,-0.0,1,8,-9900,?,9,-9900,?,9,18.91,E,8,11.87,E,8,63.0,E,8,964.3861999999999,E,8,999.0,E,8,1.18,E,8,-9900,?,9,-9900,?,9,0.0,E,8,-9900,?,9,-9900,?,9,0.0,0.0,E,8
10/03/2025,23:00,0.0,1364.522,0.0,1,8,0.0,1,8,0.0,1,8,0.0,1,8,0.0,1,8,0.0,1,8,-0.0,1,8,-9900,?,9,-9900,?,9,17.9,E,8,11.8,E,8,67.0,E,8,964.3861999999999,E,8,999.0,E,8,1.18,E,8,-9900,?,9,-9900,?,9,0.0,E,8,-9900,?,9,-9900,?,9,0.0,0.0,E,8
10/03/2025,24:00,0.0,1364.522,0.0,1,8,0.0,1,8,0.0,1,8,0.0,1,8,0.0,1,8,0.0,1,8,-0.0,1,8,-9900,?,9,-9900,?,9,16.89,E,8,11.95,E,8,72.0,E,8,964.3861999999999,E,8,999.0,E,8,1.18,E,8,-9900,?,9,-9900,?,9,0.0,E,8,-9900,?,9,-9900,?,9,0.0,0.0,E,8
10/04/2025,01:00,0.0,1364.522,0.0,1,8,0.0,1,8,0.0,1,8,0.0,1,8,0.0,1,8,0.0,1,8,-0.0,1,8,-9900,?,9,-9900,?,9,16.38,E,8,11.86,E,8,74.0,E,8,964.3861999999999,E,8,999.0,E,8,1.18,E,8,-9900,?,9,-9900,?,9,0.0,E,8,-9900,?,9,-9900,?,9,0.0,0.0,E,8
10/04/2025,02:00,0.0,1364.522,0.0,1,8,0.0,1,8,0.0,1,8,0.0,1,8,0.0,1,8,0.0,1,8,-0.0,1,8,-9900,?,9,-9900,?,9,15.87,E,8,11.76,E,8,76.0,E,8,964.3861999999999,E,8,999.0,E,8,1.18,E,8,-9900,?,9,-9900,?,9,0.0,E,8,-9900,?,9,-9900,?,9,0.0,0.0,E,8
10/04/2025,03:00,0.0,1364.522,0.0,1,8,0.0,1,8,0.0,1,8,0.0,1,8,0.0,1,8,0.0,1,8,-0.0,1,8,-9900,?,9,-9900,?,9,15.37,E,8,11.66,E,8,78.0,E,8,964.3861999999999,E,8,999.0,E,8,1.18,E,8,-9900,?,9,-9900,?,9,0.0,E,8,-9900,?,9,-9900,?,9,0.0,0.0,E,8
10/04/2025,04:00,0.0,1365.326,0.0,1,8,0.0,1,8,0.0,1,8,0.0,1,8,0.0,1,8,0.0,1,8,-0.0,1,8,-9900,?,9,-9900,?,9,14.86,E,8,11.57,E,8,80.0,E,8,964.3861999999999,E,8,999.0,E,8,1.18,E,8,-9900,?,9,-9900,?,9,0.0,E,8,-9900,?,9,-9900,?,9,0.0,0.0,E,8
10/04/2025,05:00,0.0,1365.326,0.0,1,8,0.0,1,8,0.0,1,8,0.0,1,8,0.0,1,8,0.0,1,8,-0.0,1,8,-9900,?,9,-9900,?,9,14.42,E,8,11.48,E,8,82.0,E,8,964.3861999999999,E,8,999.0,E,8,1.18,E,8,-9900,?,9,-9900,?,9,0.0,E,8,-9900,?,9,-9900,?,9,0.0,0.0,E,8
10/04/2025,06:00,11.419,1365.326,0.0,1,8,0.0,1,8,0.0,1,8,0.0,1,8,0.0,1,8,0.0,1,8,-0.0,1,8,-9900,?,9,-9900,?,9,14.08,E,8,11.41,E,8,83.0,E,8,964.3861999999999,E,8,999.0,E,8,1.18,E,8,-9900,?,9,-9900,?,9,0.0,E,8,-9900,?,9,-9900,?,9,0.0,0.0,E,8
10/04/2025,07:00,331.163,1365.326,47.05,1,8,0.0,1,8,47.05,1,8,5646.0,1,8,0.0,1,8,5175.5,1,8,62.029,1,8,-9900,?,9,-9900,?,9,13.75,E,8,11.35,E,8,85.0,E,8,964.3861999999999,E,8,999.0,E,8,1.18,E,8,-9900,?,9,-9900,?,9,0.0,E,8,-9900,?,9,-9900,?,9,0.0,0.0,E,8
10/04/2025,08:00,640.13,1365.326,267.65,1,8,118.319,1,8,212.234,1,8,32118.0,1,8,11240.308,1,8,23345.734,1,8,144.239,1,8,-9900,?,9,-9900,?,9,16.74,E,8,11.93,E,8,73.0,E,8,964.3861999999999,E,8,999.0,E,8,1.18,E,8,-9900,?,9,-9900,?,9,0.0,E,8,-9900,?,9,-9900,?,9,0.0,0.0,E,8
10/04/2025,09:00,908.614,1365.326,505.11,1,8,289.835,1,8,312.298,1,8,60613.2,1,8,27534.336,1,8,34352.792,1,8,149.43,1,8,-9900,?,9,-9900,?,9,18.95,E,8,12.34,E,8,65.0,E,8,964.3861999999999,E,8,999.0,E,8,1.18,E,8,-9900,?,9,-9900,?,9,0.0,E,8,-9900,?,9,-9900,?,9,0.0,0.0,E,8
10/04/2025,10:00,1117.932,1365.326,690.97,1,8,414.873,1,8,351.32,1,8,82916.4,1,8,39412.949,1,8,38645.185,1,8,136.595,1,8,-9900,?,9,-9900,?,9,20.93,E,8,12.7,E,8,59.0,E,8,964.3861999999999,E,8,999.0,E,8,1.18,E,8,-9900,?,9,-9900,?,9,0.0,E,8,-9900,?,9,-9900,?,9,0.0,0.0,E,8
10/04/2025,11:00,1253.738,1365.326,832.27,1,8,498.611,1,8,374.436,1,8,99872.4,1,8,47368.01,1,8,41187.931,1,8,129.802,1,8,-9900,?,9,-9900,?,9,22.66,E,8,13.01,E,8,54.0,E,8,964.3861999999999,E,8,999.0,E,8,1.18,E,8,-9900,?,9,-9900,?,9,0.0,E,8,-9900,?,9,-9900,?,9,0.0,0.0,E,8
10/04/2025,12:00,1306.755,1365.326,899.37,1,8,519.219,1,8,402.438,1,8,107924.4,1,8,49325.781,1,8,44268.209,1,8,133.845,1,8,-9900,?,9,-9900,?,9,24.03,E,8,13.25,E,8,50.0,E,8,964.3861999999999,E,8,999.0,E,8,1.18,E,8,-9900,?,9,-9900,?,9,0.0,E,8,-9900,?,9,-9900,?,9,0.0,0.0,E,8
10/04/2025,13:00,1273.375,1365.326,914.42,1,8,601.798,1,8,353.176,1,8,109730.4,1,8,57170.839,1,8,38849.338,1,8,120.542,1,8,-9900,?,9,-9900,?,9,25.04,E,8,13.42,E,8,48.0,E,8,964.3861999999999,E,8,999.0,E,8,1.18,E,8,-9900,?,9,-9900,?,9,0.0,E,8,-9900,?,9,-9900,?,9,0.0,0.0,E,8
10/04/2025,14:00,1155.89,1365.326,857.18,1,8,773.052,1,8,202.787,1,8,102861.6,1,8,73439.945,1,8,22306.566,1,8,76.254,1,8,-9900,?,9,-9900,?,9,25.67,E,8,13.53,E,8,47.0,E,8,964.3861999999999,E,8,999.0,E,8,1.18,E,8,-9900,?,9,-9900,?,9,0.0,E,8,-9900,?,9,-9900,?,9,0.0,0.0,E,8
10/04/2025,15:00,962.348,1365.326,730.94,1,8,876.891,1,8,113.048,1,8,87712.8,1,8,83304.629,1,8,12435.327,1,8,51.068,1,8,-9900,?,9,-9900,?,9,25.89,E,8,13.57,E,8,46.0,E,8,964.3861999999999,E,8,999.0,E,8,1.18,E,8,-9900,?,9,-9900,?,9,0.0,E,8,-9900,?,9,-9900,?,9,0.0,0.0,E,8
10/04/2025,16:00,706.023,1365.326,547.73,1,8,688.645,1,8,191.911,1,8,65727.6,1,8,65421.282,1,8,21110.17,1,8,118.227,1,8,-9900,?,9,-9900,?,9,25.6,E,8,13.52,E,8,47.0,E,8,964.3861999999999,E,8,999.0,E,8,1.27,E,8,-9900,?,9,-9900,?,9,0.0,E,8,-9900,?,9,-9900,?,9,0.0,0.0,E,8
10/04/2025,17:00,404.661,1365.326,331.1,1,8,656.902,1,8,136.987,1,8,39732.0,1,8,62405.725,1,8,15068.595,1,8,147.563,1,8,-9900,?,9,-9900,?,9,24.72,E,8,13.37,E,8,49.0,E,8,964.3861999999999,E,8,999.0,E,8,1.18,E,8,-9900,?,9,-9900,?,9,0.0,E,8,-9900,?,9,-9900,?,9,0.0,0.0,E,8
10/04/2025,18:00,81.815,1365.326,96.14,1,8,229.285,1,8,83.269,1,8,11536.8,1,8,21782.047,1,8,9159.574,1,8,472.161,1,8,-9900,?,9,-9900,?,9,23.36,E,8,13.13,E,8,52.0,E,8,964.3861999999999,E,8,999.0,E,8,1.18,E,8,-9900,?,9,-9900,?,9,0.0,E,8,-9900,?,9,-9900,?,9,0.0,0.0,E,8
10/04/2025,19:00,0.0,1365.326,0.0,1,8,0.0,1,8,0.0,1,8,0.0,1,8,0.0,1,8,0.0,1,8,-0.0,1,8,-9900,?,9,-9900,?,9,22.36,E,8,12.95,E,8,55.0,E,8,964.3861999999999,E,8,999.0,E,8,1.18,E,8,-9900,?,9,-9900,?,9,0.0,E,8,-9900,?,9,-9900,?,9,0.0,0.0,E,8
10/04/2025,20:00,0.0,1365.326,0.0,1,8,0.0,1,8,0.0,1,8,0.0,1,8,0.0,1,8,0.0,1,8,-0.0,1,8,-9900,?,9,-9900,?,9,21.36,E,8,12.78,E,8,58.0,E,8,964.3861999999999,E,8,999.0,E,8,1.18,E,8,-9900,?,9,-9900,?,9,0.0,E,8,-9900,?,9,-9900,?,9,0.0,0.0,E,8
10/04/2025,21:00,0.0,1365.326,0.0,1,8,0.0,1,8,0.0,1,8,0.0,1,8,0.0,1,8,0.0,1,8,-0.0,1,8,-9900,?,9,-9900,?,9,20.36,E,8,12.6,E,8,60.0,E,8,964.3861999999999,E,8,999.0,E,8,1.18,E,8,-9900,?,9,-9900,?,9,0.0,E,8,-9900,?,9,-9900,?,9,0.0,0.0,E,8
10/04/2025,22:00,0.0,1365.326,0.0,1,8,0.0,1,8,0.0,1,8,0.0,1,8,0.0,1,8,0.0,1,8,-0.0,1,8,-9900,?,9,-9900,?,9,19.36,E,8,12.41,E,8,64.0,E,8,964.3861999999999,E,8,999.0,E,8,1.18,E,8,-9900,?,9,-9900,?,9,0.0,E,8,-9900,?,9,-9900,?,9,0.0,0.0,E,8
10/04/2025,23:00,0.0,1365.326,0.0,1,8,0.0,1,8,0.0,1,8,0.0,1,8,0.0,1,8,0.0,1,8,-0.0,1,8,-9900,?,9,-9900,?,9,18.36,E,8,12.23,E,8,67.0,E,8,964.3861999999999,E,8,999.0,E,8,1.18,E,8,-9900,?,9,-9900,?,9,0.0,E,8,-9900,?,9,-9900,?,9,0.0,0.0,E,8
10/04/2025,24:00,0.0,1365.326,0.0,1,8,0.0,1,8,0.0,1,8,0.0,1,8,0.0,1,8,0.0,1,8,-0.0,1,8,-9900,?,9,-9900,?,9,17.37,E,8,12.14,E,8,71.0,E,8,964.3861999999999,E,8,999.0,E,8,0.69,E,8,-9900,?,9,-9900,?,9,0.0,E,8,-9900,?,9,-9900,?,9,0.0,0.0,E,8
10/05/2025,01:00,0.0,1365.326,0.0,1,8,0.0,1,8,0.0,1,8,0.0,1,8,0.0,1,8,0.0,1,8,-0.0,1,8,-9900,?,9,-9900,?,9,16.87,E,8,12.12,E,8,73.0,E,8,964.3861999999999,E,8,999.0,E,8,0.69,E,8,-9900,?,9,-9900,?,9,0.0,E,8,-9900,?,9,-9900,?,9,0.0,0.0,E,8
10/05/2025,02:00,0.0,1365.326,0.0,1,8,0.0,1,8,0.0,1,8,0.0,1,8,0.0,1,8,0.0,1,8,-0.0,1,8,-9900,?,9,-9900,?,9,16.37,E,8,12.1,E,8,75.0,E,8,964.3861999999999,E,8,999.0,E,8,0.69,E,8,-9900,?,9,-9900,?,9,0.0,E,8,-9900,?,9,-9900,?,9,0.0,0.0,E,8
10/05/2025,03:00,0.0,1365.326,0.0,1,8,0.0,1,8,0.0,1,8,0.0,1,8,0.0,1,8,0.0,1,8,-0.0,1,8,-9900,?,9,-9900,?,9,15.87,E,8,12.08,E,8,78.0,E,8,964.3861999999999,E,8,999.0,E,8,0.69,E,8,-9900,?,9,-9900,?,9,0.0,E,8,-9900,?,9,-9900,?,9,0.0,0.0,E,8
10/05/2025,04:00,0.0,1366.131,0.0,1,8,0.0,1,8,0.0,1,8,0.0,1,8,0.0,1,8,0.0,1,8,-0.0,1,8,-9900,?,9,-9900,?,9,15.37,E,8,12.06,E,8,80.0,E,8,964.3861999999999,E,8,999.0,E,8,0.69,E,8,-9900,?,9,-9900,?,9,0.0,E,8,-9900,?,9,-9900,?,9,0.0,0.0,E,8
10/05/2025,05:00,0.0,1366.131,0.0,1,8,0.0,1,8,0.0,1,8,0.0,1,8,0.0,1,8,0.0,1,8,-0.0,1,8,-9900,?,9,-9900,?,9,14.93,E,8,12.04,E,8,82.0,E,8,964.3861999999999,E,8,999.0,E,8,0.69,E,8,-9900,?,9,-9900,?,9,0.0,E,8,-9900,?,9,-9900,?,9,0.0,0.0,E,8
10/05/2025,06:00,15.752,1366.131,0.0,1,8,0.0,1,8,0.0,1,8,0.0,1,8,0.0,1,8,0.0,1,8,0.0,1,8,-9900,?,9,-9900,?,9,14.6,E,8,12.03,E,8,84.0,E,8,964.3861999999999,E,8,999.0,E,8,0.69,E,8,-9900,?,9,-9900,?,9,0.0,E,8,-9900,?,9,-9900,?,9,0.0,0.0,E,8
10/05/2025,07:00,336.138,1366.131,49.9,1,8,0.0,1,8,49.9,1,8,5988.0,1,8,0.0,1,8,5489.0,1,8,64.842,1,8,-9900,?,9,-9900,?,9,14.27,E,8,12.01,E,8,86.0,E,8,964.3861999999999,E,8,999.0,E,8,0.69,E,8,-9900,?,9,-9900,?,9,0.0,E,8,-9900,?,9,-9900,?,9,0.0,0.0,E,8
10/05/2025,08:00,644.975,1366.131,270.55,1,8,119.356,1,8,214.257,1,8,32466.0,1,8,11338.857,1,8,23568.276,1,8,144.603,1,8,-9900,?,9,-9900,?,9,17.45,E,8,12.14,E,8,71.0,E,8,964.3861999999999,E,8,999.0,E,8,0.69,E,8,-9900,?,9,-9900,?,9,0.0,E,8,-9900,?,9,-9900,?,9,0.0,0.0,E,8
10/05/2025,09:00,913.215,1366.131,497.49,1,8,268.263,1,8,318.23,1,8,59698.8,1,8,25485.007,1,8,35005.277,1,8,151.589,1,8,-9900,?,9,-9900,?,9,19.68,E,8,12.23,E,8,62.0,E,8,964.3861999999999,E,8,999.0,E,8,0.69,E,8,-9900,?,9,-9900,?,9,0.0,E,8,-9900,?,9,-9900,?,9,0.0,0.0,E,8
10/05/2025,10:00,1122.199,1366.131,678.64,1,8,364.474,1,8,379.288,1,8,81436.8,1,8,34624.988,1,8,41721.691,1,8,146.995,1,8,-9900,?,9,-9900,?,9,21.69,E,8,12.31,E,8,55.0,E,8,964.3861999999999,E,8,999.0,E,8,0.69,E,8,-9900,?,9,-9900,?,9,0.0,E,8,-9900,?,9,-9900,?,9,0.0,0.0,E,8
10/05/2025,11:00,1257.606,1366.131,815.14,1,8,475.131,1,8,377.777,1,8,97816.8,1,8,45137.413,1,8,41555.416,1,8,130.634,1,8,-9900,?,9,-9900,?,9,23.45,E,8,12.38,E,8,49.0,E,8,964.3861999999999,E,8,999.0,E,8,0.69,E,8,-9900,?,9,-9900,?,9,0.0,E,8,-9900,?,9,-9900,?,9,0.0,0.0,E,8
10/05/2025,12:00,1310.189,1366.131,866.14,1,8,475.214,1,8,410.397,1,8,103936.8,1,8,45145.357,1,8,45143.646,1,8,136.214,1,8,-9900,?,9,-9900,?,9,24.78,E,8,12.44,E,8,46.0,E,8,964.3861999999999,E,8,999.0,E,8,0.69,E,8,-9900,?,9,-9900,?,9,0.0,E,8,-9900,?,9,-9900,?,9,0.0,0.0,E,8
10/05/2025,13:00,1276.368,1366.131,895.08,1,8,506.806,1,8,421.595,1,8,107409.6,1,8,48146.53,1,8,46375.406,1,8,143.642,1,8,-9900,?,9,-9900,?,9,25.82,E,8,12.48,E,8,43.0,E,8,964.3861999999999,E,8,999.0,E,8,0.76,E,8,-9900,?,9,-9900,?,9,0.0,E,8,-9900,?,9,-9900,?,9,0.0,0.0,E,8
10/05/2025,14:00,1158.468,1366.131,843.28,1,8,717.511,1,8,234.906,1,8,101193.6,1,8,68163.543,1,8,25839.709,1,8,88.187,1,8,-9900,?,9,-9900,?,9,26.47,E,8,12.5,E,8,41.0,E,8,964.3861999999999,E,8,999.0,E,8,1.34,E,8,-9900,?,9,-9900,?,9,0.0,E,8,-9900,?,9,-9900,?,9,0.0,0.0,E,8
10/05/2025,15:00,964.562,1366.131,711.68,1,8,815.326,1,8,136.186,1,8,85401.6,1,8,77455.939,1,8,14980.49,1,8,61.415,1,8,-9900,?,9,-9900,?,9,26.68,E,8,12.51,E,8,41.0,E,8,964.3861999999999,E,8,999.0,E,8,1.8,E,8,-9900,?,9,-9900,?,9,0.0,E,8,-9900,?,9,-9900,?,9,0.0,0.0,E,8
10/05/2025,16:00,707.95,1366.131,525.85,1,8,664.782,1,8,181.624,1,8,63102.0,1,8,63154.337,1,8,19978.632,1,8,111.65,1,8,-9900,?,9,-9900,?,9,26.35,E,8,12.5,E,8,42.0,E,8,964.3861999999999,E,8,999.0,E,8,2.04,E,8,-9900,?,9,-9900,?,9,0.0,E,8,-9900,?,9,-9900,?,9,0.0,0.0,E,8
10/05/2025,17:00,406.398,1366.131,311.26,1,8,657.054,1,8,116.38,1,8,37351.2,1,8,62420.151,1,8,12801.749,1,8,124.899,1,8,-9900,?,9,-9900,?,9,25.41,E,8,12.46,E,8,44.0,E,8,964.3861999999999,E,8,999.0,E,8,3.12,E,8,-9900,?,9,-9900,?,9,0.0,E,8,-9900,?,9,-9900,?,9,0.0,0.0,E,8
10/05/2025,18:00,83.414,1366.131,86.25,1,8,255.663,1,8,71.595,1,8,10350.0,1,8,24287.995,1,8,7875.496,1,8,397.585,1,8,-9900,?,9,-9900,?,9,24.0,E,8,12.41,E,8,48.0,E,8,964.3861999999999,E,8,999.0,E,8,1.92,E,8,-9900,?,9,-9900,?,9,0.0,E,8,-9900,?,9,-9900,?,9,0.0,0.0,E,8
10/05/2025,19:00,0.0,1366.131,0.0,1,8,0.0,1,8,0.0,1,8,0.0,1,8,0.0,1,8,0.0,1,8,-0.0,1,8,-9900,?,9,-9900,?,9,22.87,E,8,12.36,E,8,51.0,E,8,964.3861999999999,E,8,999.0,E,8,1.96,E,8,-9900,?,9,-9900,?,9,0.0,E,8,-9900,?,9,-9900,?,9,0.0,0.0,E,8
10/05/2025,20:00,0.0,1366.131,0.0,1,8,0.0,1,8,0.0,1,8,0.0,1,8,0.0,1,8,0.0,1,8,-0.0,1,8,-9900,?,9,-9900,?,9,21.73,E,8,12.32,E,8,55.0,E,8,964.3861999999999,E,8,999.0,E,8,1.67,E,8,-9900,?,9,-9900,?,9,0.0,E,8,-9900,?,9,-9900,?,9,0.0,0.0,E,8
10/05/2025,21:00,0.0,1366.131,0.0,1,8,0.0,1,8,0.0,1,8,0.0,1,8,0.0,1,8,0.0,1,8,-0.0,1,8,-9900,?,9,-9900,?,9,20.6,E,8,12.27,E,8,58.0,E,8,964.3861999999999,E,8,999.0,E,8,1.83,E,8,-9900,?,9,-9900,?,9,0.0,E,8,-9900,?,9,-9900,?,9,0.0,0.0,E,8
10/05/2025,22:00,0.0,1366.131,0.0,1,8,0.0,1,8,0.0,1,8,0.0,1,8,0.0,1,8,0.0,1,8,-0.0,1,8,-9900,?,9,-9900,?,9,19.46,E,8,12.22,E,8,62.0,E,8,964.3861999999999,E,8,999.0,E,8,1.66,E,8,-9900,?,9,-9900,?,9,0.0,E,8,-9900,?,9,-9900,?,9,0.0,0.0,E,8
10/05/2025,23:00,0.0,1366.131,0.0,1,8,0.0,1,8,0.0,1,8,0.0,1,8,0.0,1,8,0.0,1,8,-0.0,1,8,-9900,?,9,-9900,?,9,18.33,E,8,12.18,E,8,67.0,E,8,964.3861999999999,E,8,999.0,E,8,1.23,E,8,-9900,?,9,-9900,?,9,0.0,E,8,-9900,?,9,-9900,?,9,0.0,0.0,E,8
10/05/2025,24:00,0.0,1366.131,0.0,1,8,0.0,1,8,0.0,1,8,0.0,1,8,0.0,1,8,0.0,1,8,-0.0,1,8,-9900,?,9,-9900,?,9,17.2,E,8,14.08,E,8,81.0,E,8,964.3861999999999,E,8,999.0,E,8,1.55,E,8,-9900,?,9,-9900,?,9,0.0,E,8,-9900,?,9,-9900,?,9,0.0,0.0,E,8
10/06/2025,01:00,0.0,1366.131,0.0,1,8,0.0,1,8,0.0,1,8,0.0,1,8,0.0,1,8,0.0,1,8,-0.0,1,8,-9900,?,9,-9900,?,9,16.63,E,8,14.0,E,8,84.0,E,8,964.3861999999999,E,8,999.0,E,8,1.77,E,8,-9900,?,9,-9900,?,9,0.0,E,8,-9900,?,9,-9900,?,9,0.0,0.0,E,8
10/06/2025,02:00,0.0,1366.131,0.0,1,8,0.0,1,8,0.0,1,8,0.0,1,8,0.0,1,8,0.0,1,8,-0.0,1,8,-9900,?,9,-9900,?,9,16.06,E,8,13.92,E,8,87.0,E,8,964.3861999999999,E,8,999.0,E,8,2.36,E,8,-9900,?,9,-9900,?,9,0.0,E,8,-9900,?,9,-9900,?,9,0.0,0.0,E,8
10/06/2025,03:00,0.0,1366.131,0.0,1,8,0.0,1,8,0.0,1,8,0.0,1,8,0.0,1,8,0.0,1,8,-0.0,1,8,-9900,?,9,-9900,?,9,15.49,E,8,13.83,E,8,89.0,E,8,964.3861999999999,E,8,999.0,E,8,1.92,E,8,-9900,?,9,-9900,?,9,0.0,E,8,-9900,?,9,-9900,?,9,0.0,0.0,E,8
10/06/2025,04:00,0.0,1366.936,0.0,1,8,0.0,1,8,0.0,1,8,0.0,1,8,0.0,1,8,0.0,1,8,-0.0,1,8,-9900,?,9,-9900,?,9,14.93,E,8,13.75,E,8,92.0,E,8,964.3861999999999,E,8,999.0,E,8,2.33,E,8,-9900,?,9,-9900,?,9,0.0,E,8,-9900,?,9,-9900,?,9,0.0,0.0,E,8
10/06/2025,05:00,0.0,1366.936,0.0,1,8,0.0,1,8,0.0,1,8,0.0,1,8,0.0,1,8,0.0,1,8,-0.0,1,8,-9900,?,9,-9900,?,9,14.42,E,8,13.68,E,8,95.0,E,8,964.3861999999999,E,8,999.0,E,8,2.63,E,8,-9900,?,9,-9900,?,9,0.0,E,8,-9900,?,9,-9900,?,9,0.0,0.0,E,8
10/06/2025,06:00,20.105,1366.936,0.0,1,8,0.0,1,8,0.0,1,8,0.0,1,8,0.0,1,8,0.0,1,8,0.0,1,8,-9900,?,9,-9900,?,9,14.05,E,8,13.62,E,8,97.0,E,8,964.3861999999999,E,8,999.0,E,8,2.28,E,8,-9900,?,9,-9900,?,9,0.0,E,8,-9900,?,9,-9900,?,9,0.0,0.0,E,8
10/06/2025,07:00,341.061,1366.936,25.07,1,8,0.0,1,8,25.07,1,8,3008.4,1,8,0.0,1,8,2757.7,1,8,32.121,1,8,-9900,?,9,-9900,?,9,13.68,E,8,13.57,E,8,99.0,E,8,964.3861999999999,E,8,999.0,E,8,2.41,E,8,-9900,?,9,-9900,?,9,0.0,E,8,-9900,?,9,-9900,?,9,0.0,0.0,E,8
10/06/2025,08:00,649.758,1366.936,114.94,1,8,0.0,1,8,114.94,1,8,13792.8,1,8,0.0,1,8,12643.4,1,8,77.047,1,8,-9900,?,9,-9900,?,9,16.27,E,8,13.95,E,8,86.0,E,8,964.3861999999999,E,8,999.0,E,8,3.03,E,8,-9900,?,9,-9900,?,9,0.0,E,8,-9900,?,9,-9900,?,9,0.0,0.0,E,8
10/06/2025,09:00,917.745,1366.936,209.96,1,8,1.755,1,8,208.782,1,8,25195.2,1,8,166.729,1,8,22966.032,1,8,99.021,1,8,-9900,?,9,-9900,?,9,18.0,E,8,14.2,E,8,78.0,E,8,964.3861999999999,E,8,999.0,E,8,2.95,E,8,-9900,?,9,-9900,?,9,0.0,E,8,-9900,?,9,-9900,?,9,0.0,0.0,E,8
10/06/2025,10:00,1126.392,1366.936,290.14,1,8,8.7,1,8,282.972,1,8,34816.8,1,8,826.518,1,8,31126.899,1,8,109.323,1,8,-9900,?,9,-9900,?,9,19.61,E,8,14.43,E,8,71.0,E,8,964.3861999999999,E,8,999.0,E,8,2.71,E,8,-9900,?,9,-9900,?,9,0.0,E,8,-9900,?,9,-9900,?,9,0.0,0.0,E,8
10/06/2025,11:00,1261.403,1366.936,348.35,1,8,19.813,1,8,330.068,1,8,41802.0,1,8,1882.212,1,8,36307.459,1,8,113.86,1,8,-9900,?,9,-9900,?,9,21.01,E,8,14.62,E,8,66.0,E,8,964.3861999999999,E,8,999.0,E,8,2.66,E,8,-9900,?,9,-9900,?,9,0.0,E,8,-9900,?,9,-9900,?,9,0.0,0.0,E,8
10/06/2025,12:00,1313.558,1366.936,380.15,1,8,22.08,1,8,358.933,1,8,45618.0,1,8,2097.572,1,8,39482.631,1,8,118.898,1,8,-9900,?,9,-9900,?,9,22.14,E,8,14.78,E,8,63.0,E,8,964.3861999999999,E,8,999.0,E,8,2.63,E,8,-9900,?,9,-9900,?,9,0.0,E,8,-9900,?,9,-9900,?,9,0.0,0.0,E,8
10/06/2025,13:00,1279.307,1366.936,383.19,1,8,23.937,1,8,360.789,1,8,45982.8,1,8,2273.969,1,8,39686.779,1,8,122.714,1,8,-9900,?,9,-9900,?,9,22.96,E,8,14.89,E,8,60.0,E,8,964.3861999999999,E,8,999.0,E,8,2.12,E,8,-9900,?,9,-9900,?,9,0.0,E,8,-9900,?,9,-9900,?,9,0.0,0.0,E,8
10/06/2025,14:00,1161.004,1366.936,357.27,1,8,18.908,1,8,341.212,1,8,42872.4,1,8,1796.25,1,8,37533.37,1,8,127.891,1,8,-9900,?,9,-9900,?,9,23.45,E,8,14.96,E,8,58.0,E,8,964.3861999999999,E,8,999.0,E,8,2.93,E,8,-9900,?,9,-9900,?,9,0.0,E,8,-9900,?,9,-9900,?,9,0.0,0.0,E,8
10/06/2025,15:00,966.75,1366.936,304.28,1,8,12.531,1,8,295.42,1,8,36513.6,1,8,1190.443,1,8,32496.223,1,8,133.0,1,8,-9900,?,9,-9900,?,9,23.62,E,8,14.99,E,8,58.0,E,8,964.3861999999999,E,8,999.0,E,8,3.46,E,8,-9900,?,9,-9900,?,9,0.0,E,8,-9900,?,9,-9900,?,9,0.0,0.0,E,8
10/06/2025,16:00,709.87,1366.936,228.23,1,8,18.428,1,8,218.668,1,8,27387.6,1,8,1750.666,1,8,24053.439,1,8,134.137,1,8,-9900,?,9,-9900,?,9,23.37,E,8,14.95,E,8,59.0,E,8,964.3861999999999,E,8,999.0,E,8,3.06,E,8,-9900,?,9,-9900,?,9,0.0,E,8,-9900,?,9,-9900,?,9,0.0,0.0,E,8
10/06/2025,17:00,408.144,1366.936,135.57,1,8,71.715,1,8,114.22,1,8,16268.4,1,8,6812.89,1,8,12564.238,1,8,122.127,1,8,-9900,?,9,-9900,?,9,22.63,E,8,14.85,E,8,61.0,E,8,964.3861999999999,E,8,999.0,E,8,3.11,E,8,-9900,?,9,-9900,?,9,0.0,E,8,-9900,?,9,-9900,?,9,0.0,0.0,E,8
10/06/2025,18:00,85.038,1366.936,38.82,1,8,98.175,1,8,33.075,1,8,4658.4,1,8,9326.631,1,8,3638.216,1,8,179.901,1,8,-9900,?,9,-9900,?,9,21.51,E,8,14.69,E,8,65.0,E,8,964.3861999999999,E,8,999.0,E,8,3.26,E,8,-9900,?,9,-9900,?,9,0.0,E,8,-9900,?,9,-9900,?,9,0.0,0.0,E,8
10/06/2025,19:00,0.0,1366.936,0.0,1,8,0.0,1,8,0.0,1,8,0.0,1,8,0.0,1,8,0.0,1,8,-0.0,1,8,-9900,?,9,-9900,?,9,20.56,E,8,14.56,E,8,68.0,E,8,964.3861999999999,E,8,999.0,E,8,3.3,E,8,-9900,?,9,-9900,?,9,0.0,E,8,-9900,?,9,-9900,?,9,0.0,0.0,E,8
10/06/2025,20:00,0.0,1366.936,0.0,1,8,0.0,1,8,0.0,1,8,0.0,1,8,0.0,1,8,0.0,1,8,-0.0,1,8,-9900,?,9,-9900,?,9,19.62,E,8,14.43,E,8,71.0,E,8,964.3861999999999,E,8,999.0,E,8,3.35,E,8,-9900,?,9,-9900,?,9,0.0,E,8,-9900,?,9,-9900,?,9,0.0,0.0,E,8
10/06/2025,21:00,0.0,1366.936,0.0,1,8,0.0,1,8,0.0,1,8,0.0,1,8,0.0,1,8,0.0,1,8,-0.0,1,8,-9900,?,9,-9900,?,9,18.67,E,8,14.29,E,8,75.0,E,8,964.3861999999999,E,8,999.0,E,8,2.96,E,8,-9900,?,9,-9900,?,9,0.0,E,8,-9900,?,9,-9900,?,9,0.0,0.0,E,8
10/06/2025,22:00,0.0,1366.936,0.0,1,8,0.0,1,8,0.0,1,8,0.0,1,8,0.0,1,8,0.0,1,8,-0.0,1,8,-9900,?,9,-9900,?,9,17.73,E,8,14.16,E,8,79.0,E,8,964.3861999999999,E,8,999.0,E,8,2.28,E,8,-9900,?,9,-9900,?,9,0.0,E,8,-9900,?,9,-9900,?,9,0.0,0.0,E,8
10/06/2025,23:00,0.0,1366.936,0.0,1,8,0.0,1,8,0.0,1,8,0.0,1,8,0.0,1,8,0.0,1,8,-0.0,1,8,-9900,?,9,-9900,?,9,16.78,E,8,14.02,E,8,83.0,E,8,964.3861999999999,E,8,999.0,E,8,1.93,E,8,-9900,?,9,-9900,?,9,0.0,E,8,-9900,?,9,-9900,?,9,0.0,0.0,E,8
10/06/2025,24:00,0.0,1366.936,0.0,1,8,0.0,1,8,0.0,1,8,0.0,1,8,0.0,1,8,0.0,1,8,-0.0,1,8,-9900,?,9,-9900,?,9,15.84,E,8,11.43,E,8,75.0,E,8,964.3861999999999,E,8,999.0,E,8,4.22,E,8,-9900,?,9,-9900,?,9,0.0,E,8,-9900,?,9,-9900,?,9,0.0,0.0,E,8
10/07/2025,01:00,0.0,1366.936,0.0,1,8,0.0,1,8,0.0,1,8,0.0,1,8,0.0,1,8,0.0,1,8,-0.0,1,8,-9900,?,9,-9900,?,9,15.37,E,8,11.32,E,8,76.0,E,8,964.3861999999999,E,8,999.0,E,8,4.27,E,8,-9900,?,9,-9900,?,9,0.0,E,8,-9900,?,9,-9900,?,9,0.0,0.0,E,8
10/07/2025,02:00,0.0,1366.936,0.0,1,8,0.0,1,8,0.0,1,8,0.0,1,8,0.0,1,8,0.0,1,8,-0.0,1,8,-9900,?,9,-9900,?,9,14.9,E,8,11.2,E,8,78.0,E,8,964.3861999999999,E,8,999.0,E,8,3.84,E,8,-9900,?,9,-9900,?,9,0.0,E,8,-9900,?,9,-9900,?,9,0.0,0.0,E,8
10/07/2025,03:00,0.0,1366.936,0.0,1,8,0.0,1,8,0.0,1,8,0.0,1,8,0.0,1,8,0.0,1,8,-0.0,1,8,-9900,?,9,-9900,?,9,14.42,E,8,11.08,E,8,80.0,E,8,964.3861999999999,E,8,999.0,E,8,4.39,E,8,-9900,?,9,-9900,?,9,0.0,E,8,-9900,?,9,-9900,?,9,0.0,0.0,E,8
10/07/2025,04:00,0.0,1367.743,0.0,1,8,0.0,1,8,0.0,1,8,0.0,1,8,0.0,1,8,0.0,1,8,-0.0,1,8,-9900,?,9,-9900,?,9,13.95,E,8,10.96,E,8,82.0,E,8,964.3861999999999,E,8,999.0,E,8,3.31,E,8,-9900,?,9,-9900,?,9,0.0,E,8,-9900,?,9,-9900,?,9,0.0,0.0,E,8
10/07/2025,05:00,0.0,1367.743,0.0,1,8,0.0,1,8,0.0,1,8,0.0,1,8,0.0,1,8,0.0,1,8,-0.0,1,8,-9900,?,9,-9900,?,9,13.53,E,8,10.85,E,8,83.0,E,8,964.3861999999999,E,8,999.0,E,8,3.59,E,8,-9900,?,9,-9900,?,9,0.0,E,8,-9900,?,9,-9900,?,9,0.0,0.0,E,8
10/07/2025,06:00,24.472,1367.743,0.0,1,8,0.0,1,8,0.0,1,8,0.0,1,8,0.0,1,8,0.0,1,8,0.0,1,8,-9900,?,9,-9900,?,9,13.22,E,8,10.78,E,8,85.0,E,8,964.3861999999999,E,8,999.0,E,8,2.51,E,8,-9900,?,9,-9900,?,9,0.0,E,8,-9900,?,9,-9900,?,9,0.0,0.0,E,8
10/07/2025,07:00,345.93,1367.743,50.28,1,8,0.0,1,8,50.28,1,8,6033.6,1,8,0.0,1,8,5530.8,1,8,63.545,1,8,-9900,?,9,-9900,?,9,12.91,E,8,10.7,E,8,86.0,E,8,964.3861999999999,E,8,999.0,E,8,1.82,E,8,-9900,?,9,-9900,?,9,0.0,E,8,-9900,?,9,-9900,?,9,0.0,0.0,E,8
10/07/2025,08:00,654.475,1367.743,217.56,1,8,31.446,1,8,202.528,1,8,26107.2,1,8,2987.339,1,8,22278.061,1,8,134.857,1,8,-9900,?,9,-9900,?,9,15.46,E,8,11.34,E,8,76.0,E,8,964.3861999999999,E,8,999.0,E,8,1.82,E,8,-9900,?,9,-9900,?,9,0.0,E,8,-9900,?,9,-9900,?,9,0.0,0.0,E,8
10/07/2025,09:00,922.202,1367.743,417.87,1,8,128.385,1,8,331.337,1,8,50144.4,1,8,12196.542,1,8,36447.07,1,8,156.477,1,8,-9900,?,9,-9900,?,9,17.26,E,8,11.78,E,8,70.0,E,8,964.3861999999999,E,8,999.0,E,8,1.82,E,8,-9900,?,9,-9900,?,9,0.0,E,8,-9900,?,9,-9900,?,9,0.0,0.0,E,8
10/07/2025,10:00,1130.51,1367.743,643.61,1,8,283.197,1,8,409.565,1,8,77233.2,1,8,26903.726,1,8,45052.129,1,8,157.747,1,8,-9900,?,9,-9900,?,9,19.24,E,8,12.25,E,8,63.0,E,8,964.3861999999999,E,8,999.0,E,8,1.82,E,8,-9900,?,9,-9900,?,9,0.0,E,8,-9900,?,9,-9900,?,9,0.0,0.0,E,8
10/07/2025,11:00,1265.128,1367.743,871.14,1,8,508.424,1,8,400.884,1,8,104536.8,1,8,48300.318,1,8,44097.188,1,8,137.962,1,8,-9900,?,9,-9900,?,9,21.29,E,8,12.73,E,8,58.0,E,8,964.3861999999999,E,8,999.0,E,8,2.64,E,8,-9900,?,9,-9900,?,9,0.0,E,8,-9900,?,9,-9900,?,9,0.0,0.0,E,8
10/07/2025,12:00,1316.862,1367.743,993.44,1,8,677.754,1,8,340.914,1,8,119212.8,1,8,64386.673,1,8,37500.492,1,8,112.712,1,8,-9900,?,9,-9900,?,9,23.04,E,8,13.12,E,8,53.0,E,8,964.3861999999999,E,8,999.0,E,8,3.38,E,8,-9900,?,9,-9900,?,9,0.0,E,8,-9900,?,9,-9900,?,9,0.0,0.0,E,8
10/07/2025,13:00,1282.191,1367.743,915.67,1,8,564.863,1,8,386.161,1,8,109880.4,1,8,53661.949,1,8,42477.67,1,8,131.126,1,8,-9900,?,9,-9900,?,9,24.09,E,8,13.35,E,8,51.0,E,8,964.3861999999999,E,8,999.0,E,8,2.51,E,8,-9900,?,9,-9900,?,9,0.0,E,8,-9900,?,9,-9900,?,9,0.0,0.0,E,8
10/07/2025,14:00,1163.499,1367.743,671.25,1,8,301.053,1,8,415.182,1,8,80550.0,1,8,28599.992,1,8,45670.021,1,8,155.373,1,8,-9900,?,9,-9900,?,9,24.29,E,8,13.39,E,8,50.0,E,8,964.3861999999999,E,8,999.0,E,8,2.16,E,8,-9900,?,9,-9900,?,9,0.0,E,8,-9900,?,9,-9900,?,9,0.0,0.0,E,8
10/07/2025,15:00,968.915,1367.743,541.14,1,8,292.744,1,8,333.82,1,8,64936.8,1,8,27810.633,1,8,36720.166,1,8,150.04,1,8,-9900,?,9,-9900,?,9,24.08,E,8,13.35,E,8,51.0,E,8,964.3861999999999,E,8,999.0,E,8,2.89,E,8,-9900,?,9,-9900,?,9,0.0,E,8,-9900,?,9,-9900,?,9,0.0,0.0,E,8
10/07/2025,16:00,711.783,1367.743,381.69,1,8,328.455,1,8,210.894,1,8,45802.8,1,8,31203.228,1,8,23198.377,1,8,129.096,1,8,-9900,?,9,-9900,?,9,23.41,E,8,13.2,E,8,52.0,E,8,964.3861999999999,E,8,999.0,E,8,4.13,E,8,-9900,?,9,-9900,?,9,0.0,E,8,-9900,?,9,-9900,?,9,0.0,0.0,E,8
10/07/2025,17:00,409.901,1367.743,207.75,1,8,320.393,1,8,112.012,1,8,24930.0,1,8,30437.306,1,8,12321.3,1,8,119.319,1,8,-9900,?,9,-9900,?,9,22.34,E,8,12.96,E,8,55.0,E,8,964.3861999999999,E,8,999.0,E,8,3.38,E,8,-9900,?,9,-9900,?,9,0.0,E,8,-9900,?,9,-9900,?,9,0.0,0.0,E,8
10/07/2025,18:00,86.691,1367.743,56.13,1,8,290.984,1,8,38.746,1,8,6735.6,1,8,27643.433,1,8,4262.106,1,8,206.448,1,8,-9900,?,9,-9900,?,9,21.04,E,8,12.67,E,8,58.0,E,8,964.3861999999999,E,8,999.0,E,8,1.82,E,8,-9900,?,9,-9900,?,9,0.0,E,8,-9900,?,9,-9900,?,9,0.0,0.0,E,8
10/07/2025,19:00,0.0,1367.743,0.0,1,8,0.0,1,8,0.0,1,8,0.0,1,8,0.0,1,8,0.0,1,8,-0.0,1,8,-9900,?,9,-9900,?,9,20.3,E,8,12.5,E,8,60.0,E,8,964.3861999999999,E,8,999.0,E,8,2.18,E,8,-9900,?,9,-9900,?,9,0.0,E,8,-9900,?,9,-9900,?,9,0.0,0.0,E,8
10/07/2025,20:00,0.0,1367.743,0.0,1,8,0.0,1,8,0.0,1,8,0.0,1,8,0.0,1,8,0.0,1,8,-0.0,1,8,-9900,?,9,-9900,?,9,19.55,E,8,12.32,E,8,63.0,E,8,964.3861999999999,E,8,999.0,E,8,1.82,E,8,-9900,?,9,-9900,?,9,0.0,E,8,-9900,?,9,-9900,?,9,0.0,0.0,E,8
10/07/2025,21:00,0.0,1367.743,0.0,1,8,0.0,1,8,0.0,1,8,0.0,1,8,0.0,1,8,0.0,1,8,-0.0,1,8,-9900,?,9,-9900,?,9,18.81,E,8,12.15,E,8,65.0,E,8,964.3861999999999,E,8,999.0,E,8,1.82,E,8,-9900,?,9,-9900,?,9,0.0,E,8,-9900,?,9,-9900,?,9,0.0,0.0,E,8
10/07/2025,22:00,0.0,1367.743,0.0,1,8,0.0,1,8,0.0,1,8,0.0,1,8,0.0,1,8,0.0,1,8,-0.0,1,8,-9900,?,9,-9900,?,9,18.06,E,8,11.97,E,8,67.0,E,8,964.3861999999999,E,8,999.0,E,8,1.82,E,8,-9900,?,9,-9900,?,9,0.0,E,8,-9900,?,9,-9900,?,9,0.0,0.0,E,8
10/07/2025,23:00,0.0,1367.743,0.0,1,8,0.0,1,8,0.0,1,8,0.0,1,8,0.0,1,8,0.0,1,8,-0.0,1,8,-9900,?,9,-9900,?,9,17.32,E,8,11.79,E,8,69.0,E,8,964.3861999999999,E,8,999.0,E,8,1.82,E,8,-9900,?,9,-9900,?,9,0.0,E,8,-9900,?,9,-9900,?,9,0.0,0.0,E,8
10/07/2025,24:00,0.0,1367.743,0.0,1,8,0.0,1,8,0.0,1,8,0.0,1,8,0.0,1,8,0.0,1,8,-0.0,1,8,-9900,?,9,-9900,?,9,16.58,E,8,13.06,E,8,79.0,E,8,964.3861999999999,E,8,999.0,E,8,1.18,E,8,-9900,?,9,-9900,?,9,0.0,E,8,-9900,?,9,-9900,?,9,0.0,0.0,E,8
10/08/2025,01:00,0.0,1367.743,0.0,1,8,0.0,1,8,0.0,1,8,0.0,1,8,0.0,1,8,0.0,1,8,-0.0,1,8,-9900,?,9,-9900,?,9,16.2,E,8,12.95,E,8,81.0,E,8,964.3861999999999,E,8,999.0,E,8,1.18,E,8,-9900,?,9,-9900,?,9,0.0,E,8,-9900,?,9,-9900,?,9,0.0,0.0,E,8
10/08/2025,02:00,0.0,1367.743,0.0,1,8,0.0,1,8,0.0,1,8,0.0,1,8,0.0,1,8,0.0,1,8,-0.0,1,8,-9900,?,9,-9900,?,9,15.83,E,8,12.85,E,8,82.0,E,8,964.3861999999999,E,8,999.0,E,8,1.18,E,8,-9900,?,9,-9900,?,9,0.0,E,8,-9900,?,9,-9900,?,9,0.0,0.0,E,8
10/08/2025,03:00,0.0,1367.743,0.0,1,8,0.0,1,8,0.0,1,8,0.0,1,8,0.0,1,8,0.0,1,8,-0.0,1,8,-9900,?,9,-9900,?,9,15.46,E,8,12.74,E,8,83.0,E,8,964.3861999999999,E,8,999.0,E,8,1.18,E,8,-9900,?,9,-9900,?,9,0.0,E,8,-9900,?,9,-9900,?,9,0.0,0.0,E,8
10/08/2025,04:00,0.0,1368.55,0.0,1,8,0.0,1,8,0.0,1,8,0.0,1,8,0.0,1,8,0.0,1,8,-0.0,1,8,-9900,?,9,-9900,?,9,15.09,E,8,12.64,E,8,85.0,E,8,964.3861999999999,E,8,999.0,E,8,1.18,E,8,-9900,?,9,-9900,?,9,0.0,E,8,-9900,?,9,-9900,?,9,0.0,0.0,E,8
10/08/2025,05:00,0.0,1368.55,0.0,1,8,0.0,1,8,0.0,1,8,0.0,1,8,0.0,1,8,0.0,1,8,-0.0,1,8,-9900,?,9,-9900,?,9,14.76,E,8,12.54,E,8,86.0,E,8,964.3861999999999,E,8,999.0,E,8,1.18,E,8,-9900,?,9,-9900,?,9,0.0,E,8,-9900,?,9,-9900,?,9,0.0,0.0,E,8
10/08/2025,06:00,28.846,1368.55,0.0,1,8,0.0,1,8,0.0,1,8,0.0,1,8,0.0,1,8,0.0,1,8,0.0,1,8,-9900,?,9,-9900,?,9,14.51,E,8,12.47,E,8,87.0,E,8,964.3861999999999,E,8,999.0,E,8,1.18,E,8,-9900,?,9,-9900,?,9,0.0,E,8,-9900,?,9,-9900,?,9,0.0,0.0,E,8
10/08/2025,07:00,350.741,1368.55,27.08,1,8,0.0,1,8,27.08,1,8,3249.6,1,8,0.0,1,8,2978.8,1,8,33.771,1,8,-9900,?,9,-9900,?,9,14.27,E,8,12.4,E,8,88.0,E,8,964.3861999999999,E,8,999.0,E,8,1.18,E,8,-9900,?,9,-9900,?,9,0.0,E,8,-9900,?,9,-9900,?,9,0.0,0.0,E,8
10/08/2025,08:00,659.123,1368.55,135.64,1,8,0.0,1,8,135.64,1,8,16276.8,1,8,0.0,1,8,14920.4,1,8,89.733,1,8,-9900,?,9,-9900,?,9,16.65,E,8,13.08,E,8,79.0,E,8,964.3861999999999,E,8,999.0,E,8,1.18,E,8,-9900,?,9,-9900,?,9,0.0,E,8,-9900,?,9,-9900,?,9,0.0,0.0,E,8
10/08/2025,09:00,926.585,1368.55,245.15,1,8,17.764,1,8,233.127,1,8,29418.0,1,8,1687.588,1,8,25643.959,1,8,109.64,1,8,-9900,?,9,-9900,?,9,18.26,E,8,13.53,E,8,73.0,E,8,964.3861999999999,E,8,999.0,E,8,1.18,E,8,-9900,?,9,-9900,?,9,0.0,E,8,-9900,?,9,-9900,?,9,0.0,0.0,E,8
10/08/2025,10:00,1134.552,1368.55,337.41,1,8,12.854,1,8,326.756,1,8,40489.2,1,8,1221.094,1,8,35943.109,1,8,125.478,1,8,-9900,?,9,-9900,?,9,19.73,E,8,13.93,E,8,69.0,E,8,964.3861999999999,E,8,999.0,E,8,1.18,E,8,-9900,?,9,-9900,?,9,0.0,E,8,-9900,?,9,-9900,?,9,0.0,0.0,E,8
10/08/2025,11:00,1268.779,1368.55,404.27,1,8,28.464,1,8,377.883,1,8,48512.4,1,8,2704.05,1,8,41567.093,1,8,129.749,1,8,-9900,?,9,-9900,?,9,21.01,E,8,14.27,E,8,65.0,E,8,964.3861999999999,E,8,999.0,E,8,1.18,E,8,-9900,?,9,-9900,?,9,0.0,E,8,-9900,?,9,-9900,?,9,0.0,0.0,E,8
10/08/2025,12:00,1320.1,1368.55,440.63,1,8,32.25,1,8,409.522,1,8,52875.6,1,8,3063.762,1,8,45047.452,1,8,135.142,1,8,-9900,?,9,-9900,?,9,22.04,E,8,14.54,E,8,62.0,E,8,964.3861999999999,E,8,999.0,E,8,1.18,E,8,-9900,?,9,-9900,?,9,0.0,E,8,-9900,?,9,-9900,?,9,0.0,0.0,E,8
10/08/2025,13:00,1285.021,1368.55,443.82,1,8,36.552,1,8,409.501,1,8,53258.4,1,8,3472.4,1,8,45045.074,1,8,138.826,1,8,-9900,?,9,-9900,?,9,22.79,E,8,14.73,E,8,60.0,E,8,964.3861999999999,E,8,999.0,E,8,1.18,E,8,-9900,?,9,-9900,?,9,0.0,E,8,-9900,?,9,-9900,?,9,0.0,0.0,E,8
10/08/2025,14:00,1165.956,1368.55,413.6,1,8,23.221,1,8,393.819,1,8,49632.0,1,8,2206.002,1,8,43320.053,1,8,147.154,1,8,-9900,?,9,-9900,?,9,23.24,E,8,14.84,E,8,59.0,E,8,964.3861999999999,E,8,999.0,E,8,1.18,E,8,-9900,?,9,-9900,?,9,0.0,E,8,-9900,?,9,-9900,?,9,0.0,0.0,E,8
10/08/2025,15:00,971.057,1368.55,352.21,1,8,22.244,1,8,336.431,1,8,42265.2,1,8,2113.156,1,8,37007.463,1,8,150.969,1,8,-9900,?,9,-9900,?,9,23.39,E,8,14.88,E,8,58.0,E,8,964.3861999999999,E,8,999.0,E,8,1.18,E,8,-9900,?,9,-9900,?,9,0.0,E,8,-9900,?,9,-9900,?,9,0.0,0.0,E,8
10/08/2025,16:00,713.692,1368.55,264.28,1,8,62.821,1,8,231.545,1,8,31713.6,1,8,5968.015,1,8,25469.92,1,8,141.441,1,8,-9900,?,9,-9900,?,9,23.16,E,8,14.82,E,8,59.0,E,8,964.3861999999999,E,8,999.0,E,8,1.18,E,8,-9900,?,9,-9900,?,9,0.0,E,8,-9900,?,9,-9900,?,9,0.0,0.0,E,8
10/08/2025,17:00,411.67,1368.55,157.26,1,8,139.945,1,8,115.285,1,8,18871.2,1,8,13294.799,1,8,12681.403,1,8,122.348,1,8,-9900,?,9,-9900,?,9,22.48,E,8,14.65,E,8,61.0,E,8,964.3861999999999,E,8,999.0,E,8,1.18,E,8,-9900,?,9,-9900,?,9,0.0,E,8,-9900,?,9,-9900,?,9,0.0,0.0,E,8
10/08/2025,18:00,88.372,1368.55,45.56,1,8,226.725,1,8,31.734,1,8,5467.2,1,8,21538.88,1,8,3490.771,1,8,165.65,1,8,-9900,?,9,-9900,?,9,21.46,E,8,14.38,E,8,64.0,E,8,964.3861999999999,E,8,999.0,E,8,1.18,E,8,-9900,?,9,-9900,?,9,0.0,E,8,-9900,?,9,-9900,?,9,0.0,0.0,E,8
10/08/2025,19:00,0.0,1368.55,0.0,1,8,0.0,1,8,0.0,1,8,0.0,1,8,0.0,1,8,0.0,1,8,-0.0,1,8,-9900,?,9,-9900,?,9,20.65,E,8,14.17,E,8,66.0,E,8,964.3861999999999,E,8,999.0,E,8,1.18,E,8,-9900,?,9,-9900,?,9,0.0,E,8,-9900,?,9,-9900,?,9,0.0,0.0,E,8
10/08/2025,20:00,0.0,1368.55,0.0,1,8,0.0,1,8,0.0,1,8,0.0,1,8,0.0,1,8,0.0,1,8,-0.0,1,8,-9900,?,9,-9900,?,9,19.84,E,8,13.96,E,8,68.0,E,8,964.3861999999999,E,8,999.0,E,8,1.18,E,8,-9900,?,9,-9900,?,9,0.0,E,8,-9900,?,9,-9900,?,9,0.0,0.0,E,8
10/08/2025,21:00,0.0,1368.55,0.0,1,8,0.0,1,8,0.0,1,8,0.0,1,8,0.0,1,8,0.0,1,8,-0.0,1,8,-9900,?,9,-9900,?,9,19.03,E,8,13.74,E,8,71.0,E,8,964.3861999999999,E,8,999.0,E,8,1.18,E,8,-9900,?,9,-9900,?,9,0.0,E,8,-9900,?,9,-9900,?,9,0.0,0.0,E,8
10/08/2025,22:00,0.0,1368.55,0.0,1,8,0.0,1,8,0.0,1,8,0.0,1,8,0.0,1,8,0.0,1,8,-0.0,1,8,-9900,?,9,-9900,?,9,18.22,E,8,13.52,E,8,74.0,E,8,964.3861999999999,E,8,999.0,E,8,1.18,E,8,-9900,?,9,-9900,?,9,0.0,E,8,-9900,?,9,-9900,?,9,0.0,0.0,E,8
10/08/2025,23:00,0.0,1368.55,0.0,1,8,0.0,1,8,0.0,1,8,0.0,1,8,0.0,1,8,0.0,1,8,-0.0,1,8,-9900,?,9,-9900,?,9,17.4,E,8,13.29,E,8,76.0,E,8,964.3861999999999,E,8,999.0,E,8,1.18,E,8,-9900,?,9,-9900,?,9,0.0,E,8,-9900,?,9,-9900,?,9,0.0,0.0,E,8
10/08/2025,24:00,0.0,1368.55,0.0,1,8,0.0,1,8,0.0,1,8,0.0,1,8,0.0,1,8,0.0,1,8,-0.0,1,8,-9900,?,9,-9900,?,9,16.59,E,8,12.1,E,8,74.0,E,8,964.3861999999999,E,8,999.0,E,8,0.79,E,8,-9900,?,9,-9900,?,9,0.0,E,8,-9900,?,9,-9900,?,9,0.0,0.0,E,8
10/09/2025,01:00,0.0,1368.55,0.0,1,8,0.0,1,8,0.0,1,8,0.0,1,8,0.0,1,8,0.0,1,8,-0.0,1,8,-9900,?,9,-9900,?,9,16.19,E,8,12.04,E,8,76.0,E,8,964.3861999999999,E,8,999.0,E,8,0.79,E,8,-9900,?,9,-9900,?,9,0.0,E,8,-9900,?,9,-9900,?,9,0.0,0.0,E,8
10/09/2025,02:00,0.0,1368.55,0.0,1,8,0.0,1,8,0.0,1,8,0.0,1,8,0.0,1,8,0.0,1,8,-0.0,1,8,-9900,?,9,-9900,?,9,15.78,E,8,11.99,E,8,78.0,E,8,964.3861999999999,E,8,999.0,E,8,0.79,E,8,-9900,?,9,-9900,?,9,0.0,E,8,-9900,?,9,-9900,?,9,0.0,0.0,E,8
10/09/2025,03:00,0.0,1368.55,0.0,1,8,0.0,1,8,0.0,1,8,0.0,1,8,0.0,1,8,0.0,1,8,-0.0,1,8,-9900,?,9,-9900,?,9,15.38,E,8,11.93,E,8,79.0,E,8,964.3861999999999,E,8,999.0,E,8,0.79,E,8,-9900,?,9,-9900,?,9,0.0,E,8,-9900,?,9,-9900,?,9,0.0,0.0,E,8
10/09/2025,04:00,0.0,1369.357,0.0,1,8,0.0,1,8,0.0,1,8,0.0,1,8,0.0,1,8,0.0,1,8,-0.0,1,8,-9900,?,9,-9900,?,9,14.97,E,8,11.88,E,8,81.0,E,8,964.3861999999999,E,8,999.0,E,8,0.79,E,8,-9900,?,9,-9900,?,9,0.0,E,8,-9900,?,9,-9900,?,9,0.0,0.0,E,8
10/09/2025,05:00,0.0,1369.357,0.0,1,8,0.0,1,8,0.0,1,8,0.0,1,8,0.0,1,8,0.0,1,8,-0.0,1,8,-9900,?,9,-9900,?,9,14.61,E,8,11.83,E,8,83.0,E,8,964.3861999999999,E,8,999.0,E,8,0.79,E,8,-9900,?,9,-9900,?,9,0.0,E,8,-9900,?,9,-9900,?,9,0.0,0.0,E,8
10/09/2025,06:00,33.219,1369.357,0.0,1,8,0.0,1,8,0.0,1,8,0.0,1,8,0.0,1,8,0.0,1,8,0.0,1,8,-9900,?,9,-9900,?,9,14.35,E,8,11.8,E,8,84.0,E,8,964.3861999999999,E,8,999.0,E,8,0.79,E,8,-9900,?,9,-9900,?,9,0.0,E,8,-9900,?,9,-9900,?,9,0.0,0.0,E,8
10/09/2025,07:00,355.491,1369.357,56.29,1,8,0.0,1,8,56.29,1,8,6754.8,1,8,0.0,1,8,6191.9,1,8,69.294,1,8,-9900,?,9,-9900,?,9,14.08,E,8,11.76,E,8,85.0,E,8,964.3861999999999,E,8,999.0,E,8,0.79,E,8,-9900,?,9,-9900,?,9,0.0,E,8,-9900,?,9,-9900,?,9,0.0,0.0,E,8
10/09/2025,08:00,663.699,1369.357,253.09,1,8,78.503,1,8,215.077,1,8,30370.8,1,8,7457.816,1,8,23658.498,1,8,141.385,1,8,-9900,?,9,-9900,?,9,16.8,E,8,12.12,E,8,73.0,E,8,964.3861999999999,E,8,999.0,E,8,0.79,E,8,-9900,?,9,-9900,?,9,0.0,E,8,-9900,?,9,-9900,?,9,0.0,0.0,E,8
10/09/2025,09:00,930.89,1369.357,466.68,1,8,189.896,1,8,337.632,1,8,56001.6,1,8,18040.16,1,8,37139.562,1,8,158.147,1,8,-9900,?,9,-9900,?,9,18.63,E,8,12.36,E,8,66.0,E,8,964.3861999999999,E,8,999.0,E,8,0.79,E,8,-9900,?,9,-9900,?,9,0.0,E,8,-9900,?,9,-9900,?,9,0.0,0.0,E,8
10/09/2025,10:00,1138.516,1369.357,648.37,1,8,291.811,1,8,405.783,1,8,77804.4,1,8,27722.083,1,8,44636.117,1,8,155.374,1,8,-9900,?,9,-9900,?,9,20.35,E,8,12.58,E,8,60.0,E,8,964.3861999999999,E,8,999.0,E,8,0.79,E,8,-9900,?,9,-9900,?,9,0.0,E,8,-9900,?,9,-9900,?,9,0.0,0.0,E,8
10/09/2025,11:00,1272.356,1369.357,804.64,1,8,417.849,1,8,416.409,1,8,96556.8,1,8,39695.619,1,8,45804.942,1,8,142.659,1,8,-9900,?,9,-9900,?,9,21.92,E,8,12.78,E,8,56.0,E,8,964.3861999999999,E,8,999.0,E,8,1.07,E,8,-9900,?,9,-9900,?,9,0.0,E,8,-9900,?,9,-9900,?,9,0.0,0.0,E,8
10/09/2025,12:00,1323.271,1369.357,885.65,1,8,482.84,1,8,419.07,1,8,106278.0,1,8,45869.813,1,8,46097.654,1,8,138.043,1,8,-9900,?,9,-9900,?,9,23.21,E,8,12.95,E,8,52.0,E,8,964.3861999999999,E,8,999.0,E,8,1.13,E,8,-9900,?,9,-9900,?,9,0.0,E,8,-9900,?,9,-9900,?,9,0.0,0.0,E,8
10/09/2025,13:00,1287.797,1369.357,890.18,1,8,538.893,1,8,383.404,1,8,106821.6,1,8,51194.798,1,8,42174.386,1,8,129.775,1,8,-9900,?,9,-9900,?,9,24.15,E,8,13.06,E,8,49.0,E,8,964.3861999999999,E,8,999.0,E,8,1.16,E,8,-9900,?,9,-9900,?,9,0.0,E,8,-9900,?,9,-9900,?,9,0.0,0.0,E,8
10/09/2025,14:00,1168.373,1369.357,837.77,1,8,637.277,1,8,294.087,1,8,100532.4,1,8,60541.297,1,8,32349.625,1,8,109.726,1,8,-9900,?,9,-9900,?,9,24.73,E,8,13.14,E,8,48.0,E,8,964.3861999999999,E,8,999.0,E,8,1.82,E,8,-9900,?,9,-9900,?,9,0.0,E,8,-9900,?,9,-9900,?,9,0.0,0.0,E,8
10/09/2025,15:00,973.177,1369.357,718.92,1,8,833.511,1,8,126.729,1,8,86270.4,1,8,79183.508,1,8,13940.236,1,8,56.778,1,8,-9900,?,9,-9900,?,9,24.95,E,8,13.16,E,8,47.0,E,8,964.3861999999999,E,8,999.0,E,8,3.13,E,8,-9900,?,9,-9900,?,9,0.0,E,8,-9900,?,9,-9900,?,9,0.0,0.0,E,8
10/09/2025,16:00,715.597,1369.357,519.09,1,8,714.689,1,8,145.9,1,8,62290.8,1,8,67895.427,1,8,16048.993,1,8,88.939,1,8,-9900,?,9,-9900,?,9,24.66,E,8,13.13,E,8,48.0,E,8,964.3861999999999,E,8,999.0,E,8,2.32,E,8,-9900,?,9,-9900,?,9,0.0,E,8,-9900,?,9,-9900,?,9,0.0,0.0,E,8
10/09/2025,17:00,413.454,1369.357,317.24,1,8,661.893,1,8,117.968,1,8,38068.8,1,8,62879.794,1,8,12976.443,1,8,124.725,1,8,-9900,?,9,-9900,?,9,23.87,E,8,13.03,E,8,50.0,E,8,964.3861999999999,E,8,999.0,E,8,2.72,E,8,-9900,?,9,-9900,?,9,0.0,E,8,-9900,?,9,-9900,?,9,0.0,0.0,E,8
10/09/2025,18:00,90.084,1369.357,94.28,1,8,215.589,1,8,80.862,1,8,11313.6,1,8,20480.959,1,8,8894.79,1,8,413.545,1,8,-9900,?,9,-9900,?,9,22.65,E,8,12.88,E,8,53.0,E,8,964.3861999999999,E,8,999.0,E,8,2.08,E,8,-9900,?,9,-9900,?,9,0.0,E,8,-9900,?,9,-9900,?,9,0.0,0.0,E,8
10/09/2025,19:00,0.0,1369.357,0.0,1,8,0.0,1,8,0.0,1,8,0.0,1,8,0.0,1,8,0.0,1,8,-0.0,1,8,-9900,?,9,-9900,?,9,21.73,E,8,12.76,E,8,56.0,E,8,964.3861999999999,E,8,999.0,E,8,0.98,E,8,-9900,?,9,-9900,?,9,0.0,E,8,-9900,?,9,-9900,?,9,0.0,0.0,E,8
10/09/2025,20:00,0.0,1369.357,0.0,1,8,0.0,1,8,0.0,1,8,0.0,1,8,0.0,1,8,0.0,1,8,-0.0,1,8,-9900,?,9,-9900,?,9,20.81,E,8,12.64,E,8,59.0,E,8,964.3861999999999,E,8,999.0,E,8,0.89,E,8,-9900,?,9,-9900,?,9,0.0,E,8,-9900,?,9,-9900,?,9,0.0,0.0,E,8
10/09/2025,21:00,0.0,1369.357,0.0,1,8,0.0,1,8,0.0,1,8,0.0,1,8,0.0,1,8,0.0,1,8,-0.0,1,8,-9900,?,9,-9900,?,9,19.89,E,8,12.52,E,8,62.0,E,8,964.3861999999999,E,8,999.0,E,8,0.79,E,8,-9900,?,9,-9900,?,9,0.0,E,8,-9900,?,9,-9900,?,9,0.0,0.0,E,8
10/09/2025,22:00,0.0,1369.357,0.0,1,8,0.0,1,8,0.0,1,8,0.0,1,8,0.0,1,8,0.0,1,8,-0.0,1,8,-9900,?,9,-9900,?,9,18.96,E,8,12.4,E,8,65.0,E,8,964.3861999999999,E,8,999.0,E,8,0.79,E,8,-9900,?,9,-9900,?,9,0.0,E,8,-9900,?,9,-9900,?,9,0.0,0.0,E,8
10/09/2025,23:00,0.0,1369.357,0.0,1,8,0.0,1,8,0.0,1,8,0.0,1,8,0.0,1,8,0.0,1,8,-0.0,1,8,-9900,?,9,-9900,?,9,18.04,E,8,12.29,E,8,69.0,E,8,964.3861999999999,E,8,999.0,E,8,0.79,E,8,-9900,?,9,-9900,?,9,0.0,E,8,-9900,?,9,-9900,?,9,0.0,0.0,E,8
10/09/2025,24:00,0.0,1369.357,0.0,1,8,0.0,1,8,0.0,1,8,0.0,1,8,0.0,1,8,0.0,1,8,-0.0,1,8,-9900,?,9,-9900,?,9,17.12,E,8,13.66,E,8,80.0,E,8,964.3861999999999,E,8,999.0,E,8,1.08,E,8,-9900,?,9,-9900,?,9,0.0,E,8,-9900,?,9,-9900,?,9,0.0,0.0,E,8
10/10/2025,01:00,0.0,1369.357,0.0,1,8,0.0,1,8,0.0,1,8,0.0,1,8,0.0,1,8,0.0,1,8,-0.0,1,8,-9900,?,9,-9900,?,9,16.66,E,8,13.52,E,8,81.0,E,8,964.3861999999999,E,8,999.0,E,8,1.08,E,8,-9900,?,9,-9900,?,9,0.0,E,8,-9900,?,9,-9900,?,9,0.0,0.0,E,8
10/10/2025,02:00,0.0,1369.357,0.0,1,8,0.0,1,8,0.0,1,8,0.0,1,8,0.0,1,8,0.0,1,8,-0.0,1,8,-9900,?,9,-9900,?,9,16.2,E,8,13.38,E,8,83.0,E,8,964.3861999999999,E,8,999.0,E,8,1.08,E,8,-9900,?,9,-9900,?,9,0.0,E,8,-9900,?,9,-9900,?,9,0.0,0.0,E,8
10/10/2025,03:00,0.0,1369.357,0.0,1,8,0.0,1,8,0.0,1,8,0.0,1,8,0.0,1,8,0.0,1,8,-0.0,1,8,-9900,?,9,-9900,?,9,15.73,E,8,13.24,E,8,85.0,E,8,964.3861999999999,E,8,999.0,E,8,1.08,E,8,-9900,?,9,-9900,?,9,0.0,E,8,-9900,?,9,-9900,?,9,0.0,0.0,E,8
10/10/2025,04:00,0.0,1370.164,0.0,1,8,0.0,1,8,0.0,1,8,0.0,1,8,0.0,1,8,0.0,1,8,-0.0,1,8,-9900,?,9,-9900,?,9,15.27,E,8,13.1,E,8,86.0,E,8,964.3861999999999,E,8,999.0,E,8,1.08,E,8,-9900,?,9,-9900,?,9,0.0,E,8,-9900,?,9,-9900,?,9,0.0,0.0,E,8
10/10/2025,05:00,0.0,1370.164,0.0,1,8,0.0,1,8,0.0,1,8,0.0,1,8,0.0,1,8,0.0,1,8,-0.0,1,8,-9900,?,9,-9900,?,9,14.86,E,8,12.97,E,8,88.0,E,8,964.3861999999999,E,8,999.0,E,8,1.08,E,8,-9900,?,9,-9900,?,9,0.0,E,8,-9900,?,9,-9900,?,9,0.0,0.0,E,8
10/10/2025,06:00,37.585,1370.164,0.0,1,8,0.0,1,8,0.0,1,8,0.0,1,8,0.0,1,8,0.0,1,8,0.0,1,8,-9900,?,9,-9900,?,9,14.56,E,8,12.88,E,8,89.0,E,8,964.3861999999999,E,8,999.0,E,8,1.08,E,8,-9900,?,9,-9900,?,9,0.0,E,8,-9900,?,9,-9900,?,9,0.0,0.0,E,8
10/10/2025,07:00,360.177,1370.164,37.44,1,8,0.0,1,8,37.44,1,8,4492.8,1,8,0.0,1,8,4118.4,1,8,45.512,1,8,-9900,?,9,-9900,?,9,14.26,E,8,12.79,E,8,90.0,E,8,964.3861999999999,E,8,999.0,E,8,1.08,E,8,-9900,?,9,-9900,?,9,0.0,E,8,-9900,?,9,-9900,?,9,0.0,0.0,E,8
10/10/2025,08:00,668.202,1370.164,176.02,1,8,7.676,1,8,172.28,1,8,21122.4,1,8,729.248,1,8,18950.792,1,8,112.553,1,8,-9900,?,9,-9900,?,9,17.14,E,8,13.66,E,8,80.0,E,8,964.3861999999999,E,8,999.0,E,8,1.08,E,8,-9900,?,9,-9900,?,9,0.0,E,8,-9900,?,9,-9900,?,9,0.0,0.0,E,8
10/10/2025,09:00,935.116,1370.164,314.93,1,8,47.278,1,8,282.675,1,8,37791.6,1,8,4491.372,1,8,31094.21,1,8,131.883,1,8,-9900,?,9,-9900,?,9,19.02,E,8,14.21,E,8,78.0,E,8,964.3861999999999,E,8,999.0,E,8,1.08,E,8,-9900,?,9,-9900,?,9,0.001,E,8,-9900,?,9,-9900,?,9,0.01,99.0,E,8
10/10/2025,10:00,1142.4,1370.164,431.79,1,8,30.117,1,8,406.683,1,8,51814.8,1,8,2861.123,1,8,44735.081,1,8,155.28,1,8,-9900,?,9,-9900,?,9,20.74,E,8,14.7,E,8,73.0,E,8,964.3861999999999,E,8,999.0,E,8,1.08,E,8,-9900,?,9,-9900,?,9,0.001,E,8,-9900,?,9,-9900,?,9,0.01,99.0,E,8
10/10/2025,11:00,1275.857,1370.164,516.34,1,8,44.847,1,8,474.582,1,8,61960.8,1,8,4260.454,1,8,52203.993,1,8,162.237,1,8,-9900,?,9,-9900,?,9,22.24,E,8,15.11,E,8,64.0,E,8,964.3861999999999,E,8,999.0,E,8,1.08,E,8,-9900,?,9,-9900,?,9,0.0,E,8,-9900,?,9,-9900,?,9,0.0,0.0,E,8
10/10/2025,12:00,1326.376,1370.164,562.12,1,8,52.014,1,8,511.769,1,8,67454.4,1,8,4941.33,1,8,56294.618,1,8,168.282,1,8,-9900,?,9,-9900,?,9,23.44,E,8,15.44,E,8,60.0,E,8,964.3861999999999,E,8,999.0,E,8,1.08,E,8,-9900,?,9,-9900,?,9,0.0,E,8,-9900,?,9,-9900,?,9,0.0,0.0,E,8
10/10/2025,13:00,1290.52,1370.164,565.77,1,8,61.071,1,8,508.251,1,8,67892.4,1,8,5801.738,1,8,55907.624,1,8,171.772,1,8,-9900,?,9,-9900,?,9,24.31,E,8,15.67,E,8,58.0,E,8,964.3861999999999,E,8,999.0,E,8,1.08,E,8,-9900,?,9,-9900,?,9,0.0,E,8,-9900,?,9,-9900,?,9,0.0,0.0,E,8
10/10/2025,14:00,1170.753,1370.164,527.04,1,8,150.461,1,8,398.491,1,8,63244.8,1,8,14293.816,1,8,43833.968,1,8,148.465,1,8,-9900,?,9,-9900,?,9,24.83,E,8,15.81,E,8,57.0,E,8,964.3861999999999,E,8,999.0,E,8,1.08,E,8,-9900,?,9,-9900,?,9,0.0,E,8,-9900,?,9,-9900,?,9,0.0,0.0,E,8
10/10/2025,15:00,975.277,1370.164,448.76,1,8,123.786,1,8,360.675,1,8,53851.2,1,8,11759.679,1,8,39674.22,1,8,161.337,1,8,-9900,?,9,-9900,?,9,25.01,E,8,15.85,E,8,56.0,E,8,964.3861999999999,E,8,999.0,E,8,1.08,E,8,-9900,?,9,-9900,?,9,0.0,E,8,-9900,?,9,-9900,?,9,0.0,0.0,E,8
10/10/2025,16:00,717.5,1370.164,336.87,1,8,166.441,1,8,249.779,1,8,40424.4,1,8,15811.939,1,8,27475.673,1,8,151.947,1,8,-9900,?,9,-9900,?,9,24.73,E,8,15.78,E,8,57.0,E,8,964.3861999999999,E,8,999.0,E,8,1.08,E,8,-9900,?,9,-9900,?,9,0.0,E,8,-9900,?,9,-9900,?,9,0.0,0.0,E,8
10/10/2025,17:00,415.254,1370.164,200.84,1,8,273.073,1,8,118.316,1,8,24100.8,1,8,25941.966,1,8,13014.782,1,8,124.622,1,8,-9900,?,9,-9900,?,9,23.93,E,8,15.57,E,8,59.0,E,8,964.3861999999999,E,8,999.0,E,8,1.08,E,8,-9900,?,9,-9900,?,9,0.0,E,8,-9900,?,9,-9900,?,9,0.0,0.0,E,8
10/10/2025,18:00,91.829,1370.164,58.89,1,8,273.723,1,8,41.503,1,8,7066.8,1,8,26003.719,1,8,4565.29,1,8,207.971,1,8,-9900,?,9,-9900,?,9,22.72,E,8,15.24,E,8,62.0,E,8,964.3861999999999,E,8,999.0,E,8,1.08,E,8,-9900,?,9,-9900,?,9,0.0,E,8,-9900,?,9,-9900,?,9,0.0,0.0,E,8
10/10/2025,19:00,0.0,1370.164,0.0,1,8,0.0,1,8,0.0,1,8,0.0,1,8,0.0,1,8,0.0,1,8,-0.0,1,8,-9900,?,9,-9900,?,9,21.73,E,8,14.97,E,8,65.0,E,8,964.3861999999999,E,8,999.0,E,8,1.61,E,8,-9900,?,9,-9900,?,9,0.0,E,8,-9900,?,9,-9900,?,9,0.0,0.0,E,8
10/10/2025,20:00,0.0,1370.164,0.0,1,8,0.0,1,8,0.0,1,8,0.0,1,8,0.0,1,8,0.0,1,8,-0.0,1,8,-9900,?,9,-9900,?,9,20.73,E,8,14.7,E,8,68.0,E,8,964.3861999999999,E,8,999.0,E,8,1.21,E,8,-9900,?,9,-9900,?,9,0.0,E,8,-9900,?,9,-9900,?,9,0.0,0.0,E,8
10/10/2025,21:00,0.0,1370.164,0.0,1,8,0.0,1,8,0.0,1,8,0.0,1,8,0.0,1,8,0.0,1,8,-0.0,1,8,-9900,?,9,-9900,?,9,19.73,E,8,14.42,E,8,71.0,E,8,964.3861999999999,E,8,999.0,E,8,1.76,E,8,-9900,?,9,-9900,?,9,0.0,E,8,-9900,?,9,-9900,?,9,0.0,0.0,E,8
10/10/2025,22:00,0.0,1370.164,0.0,1,8,0.0,1,8,0.0,1,8,0.0,1,8,0.0,1,8,0.0,1,8,-0.0,1,8,-9900,?,9,-9900,?,9,18.74,E,8,14.13,E,8,79.0,E,8,964.3861999999999,E,8,999.0,E,8,1.66,E,8,-9900,?,9,-9900,?,9,0.094,E,8,-9900,?,9,-9900,?,9,0.94,99.0,E,8
10/10/2025,23:00,0.0,1370.164,0.0,1,8,0.0,1,8,0.0,1,8,0.0,1,8,0.0,1,8,0.0,1,8,-0.0,1,8,-9900,?,9,-9900,?,9,17.74,E,8,13.84,E,8,82.0,E,8,964.3861999999999,E,8,999.0,E,8,1.62,E,8,-9900,?,9,-9900,?,9,0.004,E,8,-9900,?,9,-9900,?,9,0.04,99.0,E,8
10/10/2025,24:00,0.0,1370.164,0.0,1,8,0.0,1,8,0.0,1,8,0.0,1,8,0.0,1,8,0.0,1,8,-0.0,1,8,-9900,?,9,-9900,?,9,16.75,E,8,13.6,E,8,81.0,E,8,964.3861999999999,E,8,999.0,E,8,5.28,E,8,-9900,?,9,-9900,?,9,0.0,E,8,-9900,?,9,-9900,?,9,0.0,0.0,E,8
10/11/2025,01:00,0.0,1370.164,0.0,1,8,0.0,1,8,0.0,1,8,0.0,1,8,0.0,1,8,0.0,1,8,-0.0,1,8,-9900,?,9,-9900,?,9,16.25,E,8,13.37,E,8,83.0,E,8,964.3861999999999,E,8,999.0,E,8,3.78,E,8,-9900,?,9,-9900,?,9,0.0,E,8,-9900,?,9,-9900,?,9,0.0,0.0,E,8
10/11/2025,02:00,0.0,1370.164,0.0,1,8,0.0,1,8,0.0,1,8,0.0,1,8,0.0,1,8,0.0,1,8,-0.0,1,8,-9900,?,9,-9900,?,9,15.75,E,8,13.13,E,8,84.0,E,8,964.3861999999999,E,8,999.0,E,8,2.79,E,8,-9900,?,9,-9900,?,9,0.0,E,8,-9900,?,9,-9900,?,9,0.0,0.0,E,8
10/11/2025,03:00,0.0,1370.164,0.0,1,8,0.0,1,8,0.0,1,8,0.0,1,8,0.0,1,8,0.0,1,8,-0.0,1,8,-9900,?,9,-9900,?,9,15.25,E,8,12.89,E,8,85.0,E,8,964.3861999999999,E,8,999.0,E,8,2.4,E,8,-9900,?,9,-9900,?,9,0.0,E,8,-9900,?,9,-9900,?,9,0.0,0.0,E,8
10/11/2025,04:00,0.0,1370.971,0.0,1,8,0.0,1,8,0.0,1,8,0.0,1,8,0.0,1,8,0.0,1,8,-0.0,1,8,-9900,?,9,-9900,?,9,14.75,E,8,12.65,E,8,87.0,E,8,964.3861999999999,E,8,999.0,E,8,2.4,E,8,-9900,?,9,-9900,?,9,0.0,E,8,-9900,?,9,-9900,?,9,0.0,0.0,E,8
10/11/2025,05:00,0.0,1370.971,0.0,1,8,0.0,1,8,0.0,1,8,0.0,1,8,0.0,1,8,0.0,1,8,-0.0,1,8,-9900,?,9,-9900,?,9,14.31,E,8,12.43,E,8,88.0,E,8,964.3861999999999,E,8,999.0,E,8,2.61,E,8,-9900,?,9,-9900,?,9,0.0,E,8,-9900,?,9,-9900,?,9,0.0,0.0,E,8
10/11/2025,06:00,41.935,1370.971,0.0,1,8,0.0,1,8,0.0,1,8,0.0,1,8,0.0,1,8,0.0,1,8,0.0,1,8,-9900,?,9,-9900,?,9,13.98,E,8,12.27,E,8,89.0,E,8,964.3861999999999,E,8,999.0,E,8,2.4,E,8,-9900,?,9,-9900,?,9,0.0,E,8,-9900,?,9,-9900,?,9,0.0,0.0,E,8
10/11/2025,07:00,364.795,1370.971,29.21,1,8,0.0,1,8,29.21,1,8,3505.2,1,8,0.0,1,8,3213.1,1,8,35.075,1,8,-9900,?,9,-9900,?,9,13.65,E,8,12.1,E,8,90.0,E,8,964.3861999999999,E,8,999.0,E,8,2.4,E,8,-9900,?,9,-9900,?,9,0.0,E,8,-9900,?,9,-9900,?,9,0.0,0.0,E,8
10/11/2025,08:00,672.628,1370.971,129.81,1,8,0.0,1,8,129.81,1,8,15577.2,1,8,0.0,1,8,14279.1,1,8,84.297,1,8,-9900,?,9,-9900,?,9,16.34,E,8,13.41,E,8,82.0,E,8,964.3861999999999,E,8,999.0,E,8,2.4,E,8,-9900,?,9,-9900,?,9,0.0,E,8,-9900,?,9,-9900,?,9,0.0,0.0,E,8
10/11/2025,09:00,939.26,1370.971,384.23,1,8,78.353,1,8,330.568,1,8,46107.6,1,8,7443.519,1,8,36362.461,1,8,153.637,1,8,-9900,?,9,-9900,?,9,19.76,E,8,14.94,E,8,73.0,E,8,964.3861999999999,E,8,999.0,E,8,2.4,E,8,-9900,?,9,-9900,?,9,0.0,E,8,-9900,?,9,-9900,?,9,0.0,0.0,E,8
10/11/2025,10:00,1146.202,1370.971,332.02,1,8,2.699,1,8,329.764,1,8,39842.4,1,8,256.415,1,8,36274.006,1,8,125.567,1,8,-9900,?,9,-9900,?,9,21.04,E,8,15.48,E,8,70.0,E,8,964.3861999999999,E,8,999.0,E,8,2.4,E,8,-9900,?,9,-9900,?,9,0.0,E,8,-9900,?,9,-9900,?,9,0.0,0.0,E,8
10/11/2025,11:00,1279.282,1370.971,382.66,1,8,23.929,1,8,360.333,1,8,45919.2,1,8,2273.21,1,8,39636.603,1,8,122.923,1,8,-9900,?,9,-9900,?,9,22.14,E,8,15.93,E,8,67.0,E,8,964.3861999999999,E,8,999.0,E,8,2.4,E,8,-9900,?,9,-9900,?,9,0.0,E,8,-9900,?,9,-9900,?,9,0.0,0.0,E,8
10/11/2025,12:00,1329.414,1370.971,467.12,1,8,33.263,1,8,434.866,1,8,56054.4,1,8,3160.01,1,8,47835.216,1,8,142.752,1,8,-9900,?,9,-9900,?,9,23.35,E,8,16.42,E,8,65.0,E,8,964.3861999999999,E,8,999.0,E,8,2.4,E,8,-9900,?,9,-9900,?,9,0.0,E,8,-9900,?,9,-9900,?,9,0.0,0.0,E,8
10/11/2025,13:00,1293.188,1370.971,326.55,1,8,14.991,1,8,312.41,1,8,39186.0,1,8,1424.175,1,8,34365.071,1,8,105.428,1,8,-9900,?,9,-9900,?,9,23.54,E,8,16.49,E,8,64.0,E,8,964.3861999999999,E,8,999.0,E,8,2.4,E,8,-9900,?,9,-9900,?,9,0.0,E,8,-9900,?,9,-9900,?,9,0.0,0.0,E,8
10/11/2025,14:00,1173.095,1370.971,190.4,1,8,1.956,1,8,188.727,1,8,22848.0,1,8,185.811,1,8,20759.924,1,8,70.214,1,8,-9900,?,9,-9900,?,9,22.81,E,8,16.2,E,8,66.0,E,8,964.3861999999999,E,8,999.0,E,8,2.4,E,8,-9900,?,9,-9900,?,9,0.0,E,8,-9900,?,9,-9900,?,9,0.0,0.0,E,8
10/11/2025,15:00,977.358,1370.971,304.77,1,8,16.64,1,8,292.91,1,8,36572.4,1,8,1580.845,1,8,32220.151,1,8,130.823,1,8,-9900,?,9,-9900,?,9,22.96,E,8,16.26,E,8,65.0,E,8,964.3861999999999,E,8,999.0,E,8,2.4,E,8,-9900,?,9,-9900,?,9,0.0,E,8,-9900,?,9,-9900,?,9,0.0,0.0,E,8
10/11/2025,16:00,719.402,1370.971,253.09,1,8,28.168,1,8,238.321,1,8,30370.8,1,8,2675.949,1,8,26215.266,1,8,144.678,1,8,-9900,?,9,-9900,?,9,22.79,E,8,16.19,E,8,66.0,E,8,964.3861999999999,E,8,999.0,E,8,2.4,E,8,-9900,?,9,-9900,?,9,0.0,E,8,-9900,?,9,-9900,?,9,0.0,0.0,E,8
10/11/2025,17:00,417.07,1370.971,151.04,1,8,109.478,1,8,117.829,1,8,18124.8,1,8,10400.412,1,8,12961.23,1,8,123.638,1,8,-9900,?,9,-9900,?,9,22.12,E,8,15.93,E,8,67.0,E,8,964.3861999999999,E,8,999.0,E,8,2.4,E,8,-9900,?,9,-9900,?,9,0.0,E,8,-9900,?,9,-9900,?,9,0.0,0.0,E,8
10/11/2025,18:00,93.606,1370.971,44.55,1,8,215.56,1,8,30.576,1,8,5346.0,1,8,20478.178,1,8,3363.377,1,8,150.136,1,8,-9900,?,9,-9900,?,9,21.05,E,8,15.49,E,8,70.0,E,8,964.3861999999999,E,8,999.0,E,8,2.4,E,8,-9900,?,9,-9900,?,9,0.0,E,8,-9900,?,9,-9900,?,9,0.0,0.0,E,8
10/11/2025,19:00,0.0,1370.971,0.0,1,8,0.0,1,8,0.0,1,8,0.0,1,8,0.0,1,8,0.0,1,8,-0.0,1,8,-9900,?,9,-9900,?,9,20.19,E,8,15.13,E,8,72.0,E,8,964.3861999999999,E,8,999.0,E,8,2.4,E,8,-9900,?,9,-9900,?,9,0.0,E,8,-9900,?,9,-9900,?,9,0.0,0.0,E,8
10/11/2025,20:00,0.0,1370.971,0.0,1,8,0.0,1,8,0.0,1,8,0.0,1,8,0.0,1,8,0.0,1,8,-0.0,1,8,-9900,?,9,-9900,?,9,19.33,E,8,14.76,E,8,74.0,E,8,964.3861999999999,E,8,999.0,E,8,2.4,E,8,-9900,?,9,-9900,?,9,0.0,E,8,-9900,?,9,-9900,?,9,0.0,0.0,E,8
10/11/2025,21:00,0.0,1370.971,0.0,1,8,0.0,1,8,0.0,1,8,0.0,1,8,0.0,1,8,0.0,1,8,-0.0,1,8,-9900,?,9,-9900,?,9,18.46,E,8,14.38,E,8,77.0,E,8,964.3861999999999,E,8,999.0,E,8,2.4,E,8,-9900,?,9,-9900,?,9,0.0,E,8,-9900,?,9,-9900,?,9,0.0,0.0,E,8
10/11/2025,22:00,0.0,1370.971,0.0,1,8,0.0,1,8,0.0,1,8,0.0,1,8,0.0,1,8,0.0,1,8,-0.0,1,8,-9900,?,9,-9900,?,9,17.6,E,8,13.99,E,8,79.0,E,8,964.3861999999999,E,8,999.0,E,8,2.4,E,8,-9900,?,9,-9900,?,9,0.0,E,8,-9900,?,9,-9900,?,9,0.0,0.0,E,8
10/11/2025,23:00,0.0,1370.971,0.0,1,8,0.0,1,8,0.0,1,8,0.0,1,8,0.0,1,8,0.0,1,8,-0.0,1,8,-9900,?,9,-9900,?,9,16.74,E,8,13.6,E,8,81.0,E,8,964.3861999999999,E,8,999.0,E,8,2.4,E,8,-9900,?,9,-9900,?,9,0.0,E,8,-9900,?,9,-9900,?,9,0.0,0.0,E,8
10/11/2025,24:00,0.0,1370.971,0.0,1,8,0.0,1,8,0.0,1,8,0.0,1,8,0.0,1,8,0.0,1,8,-0.0,1,8,-9900,?,9,-9900,?,9,15.88,E,8,11.75,E,8,76.0,E,8,964.3861999999999,E,8,999.0,E,8,1.18,E,8,-9900,?,9,-9900,?,9,0.0,E,8,-9900,?,9,-9900,?,9,0.0,0.0,E,8
10/12/2025,01:00,0.0,1370.971,0.0,1,8,0.0,1,8,0.0,1,8,0.0,1,8,0.0,1,8,0.0,1,8,-0.0,1,8,-9900,?,9,-9900,?,9,15.45,E,8,11.65,E,8,78.0,E,8,964.3861999999999,E,8,999.0,E,8,1.18,E,8,-9900,?,9,-9900,?,9,0.0,E,8,-9900,?,9,-9900,?,9,0.0,0.0,E,8
10/12/2025,02:00,0.0,1370.971,0.0,1,8,0.0,1,8,0.0,1,8,0.0,1,8,0.0,1,8,0.0,1,8,-0.0,1,8,-9900,?,9,-9900,?,9,15.01,E,8,11.54,E,8,79.0,E,8,964.3861999999999,E,8,999.0,E,8,1.18,E,8,-9900,?,9,-9900,?,9,0.0,E,8,-9900,?,9,-9900,?,9,0.0,0.0,E,8
10/12/2025,03:00,0.0,1370.971,0.0,1,8,0.0,1,8,0.0,1,8,0.0,1,8,0.0,1,8,0.0,1,8,-0.0,1,8,-9900,?,9,-9900,?,9,14.58,E,8,11.43,E,8,81.0,E,8,964.3861999999999,E,8,999.0,E,8,1.18,E,8,-9900,?,9,-9900,?,9,0.0,E,8,-9900,?,9,-9900,?,9,0.0,0.0,E,8
10/12/2025,04:00,0.0,1371.777,0.0,1,8,0.0,1,8,0.0,1,8,0.0,1,8,0.0,1,8,0.0,1,8,-0.0,1,8,-9900,?,9,-9900,?,9,14.15,E,8,11.33,E,8,83.0,E,8,964.3861999999999,E,8,999.0,E,8,1.18,E,8,-9900,?,9,-9900,?,9,0.0,E,8,-9900,?,9,-9900,?,9,0.0,0.0,E,8
10/12/2025,05:00,0.0,1371.777,0.0,1,8,0.0,1,8,0.0,1,8,0.0,1,8,0.0,1,8,0.0,1,8,-0.0,1,8,-9900,?,9,-9900,?,9,13.77,E,8,11.23,E,8,84.0,E,8,964.3861999999999,E,8,999.0,E,8,1.18,E,8,-9900,?,9,-9900,?,9,0.0,E,8,-9900,?,9,-9900,?,9,0.0,0.0,E,8
10/12/2025,06:00,46.263,1371.777,0.0,1,8,0.0,1,8,0.0,1,8,0.0,1,8,0.0,1,8,0.0,1,8,0.0,1,8,-9900,?,9,-9900,?,9,13.49,E,8,11.16,E,8,85.0,E,8,964.3861999999999,E,8,999.0,E,8,1.18,E,8,-9900,?,9,-9900,?,9,0.0,E,8,-9900,?,9,-9900,?,9,0.0,0.0,E,8
10/12/2025,07:00,369.344,1371.777,60.16,1,8,0.0,1,8,60.16,1,8,7219.2,1,8,0.0,1,8,6617.6,1,8,71.385,1,8,-9900,?,9,-9900,?,9,13.2,E,8,11.09,E,8,87.0,E,8,964.3861999999999,E,8,999.0,E,8,1.18,E,8,-9900,?,9,-9900,?,9,0.0,E,8,-9900,?,9,-9900,?,9,0.0,0.0,E,8
10/12/2025,08:00,676.974,1371.777,282.4,1,8,113.401,1,8,226.487,1,8,33888.0,1,8,10773.118,1,8,24913.586,1,8,146.218,1,8,-9900,?,9,-9900,?,9,16.38,E,8,11.87,E,8,74.0,E,8,964.3861999999999,E,8,999.0,E,8,1.18,E,8,-9900,?,9,-9900,?,9,0.0,E,8,-9900,?,9,-9900,?,9,0.0,0.0,E,8
10/12/2025,09:00,943.321,1371.777,512.48,1,8,261.239,1,8,332.894,1,8,61497.6,1,8,24817.744,1,8,36618.334,1,8,154.142,1,8,-9900,?,9,-9900,?,9,18.49,E,8,12.37,E,8,67.0,E,8,964.3861999999999,E,8,999.0,E,8,1.18,E,8,-9900,?,9,-9900,?,9,0.0,E,8,-9900,?,9,-9900,?,9,0.0,0.0,E,8
10/12/2025,10:00,1149.922,1371.777,739.63,1,8,474.407,1,8,341.997,1,8,88755.6,1,8,45068.712,1,8,37619.654,1,8,129.88,1,8,-9900,?,9,-9900,?,9,20.6,E,8,12.86,E,8,61.0,E,8,964.3861999999999,E,8,999.0,E,8,1.18,E,8,-9900,?,9,-9900,?,9,0.0,E,8,-9900,?,9,-9900,?,9,0.0,0.0,E,8
10/12/2025,11:00,1282.63,1371.777,870.72,1,8,516.491,1,8,387.814,1,8,104486.4,1,8,49066.663,1,8,42659.55,1,8,132.03,1,8,-9900,?,9,-9900,?,9,22.35,E,8,13.25,E,8,56.0,E,8,964.3861999999999,E,8,999.0,E,8,1.18,E,8,-9900,?,9,-9900,?,9,0.0,E,8,-9900,?,9,-9900,?,9,0.0,0.0,E,8
10/12/2025,12:00,1332.385,1371.777,882.74,1,8,473.034,1,8,423.298,1,8,105928.8,1,8,44938.214,1,8,46562.752,1,8,138.726,1,8,-9900,?,9,-9900,?,9,23.56,E,8,13.52,E,8,53.0,E,8,964.3861999999999,E,8,999.0,E,8,1.18,E,8,-9900,?,9,-9900,?,9,0.0,E,8,-9900,?,9,-9900,?,9,0.0,0.0,E,8
10/12/2025,13:00,1295.804,1371.777,874.47,1,8,503.795,1,8,398.593,1,8,104936.4,1,8,47860.534,1,8,43845.275,1,8,134.32,1,8,-9900,?,9,-9900,?,9,24.4,E,8,13.7,E,8,51.0,E,8,964.3861999999999,E,8,999.0,E,8,1.18,E,8,-9900,?,9,-9900,?,9,0.0,E,8,-9900,?,9,-9900,?,9,0.0,0.0,E,8
10/12/2025,14:00,1175.4,1371.777,829.15,1,8,628.045,1,8,291.07,1,8,99498.0,1,8,59664.258,1,8,32017.709,1,8,108.141,1,8,-9900,?,9,-9900,?,9,24.92,E,8,13.81,E,8,50.0,E,8,964.3861999999999,E,8,999.0,E,8,1.18,E,8,-9900,?,9,-9900,?,9,0.0,E,8,-9900,?,9,-9900,?,9,0.0,0.0,E,8
10/12/2025,15:00,979.421,1371.777,685.57,1,8,684.24,1,8,197.174,1,8,82268.4,1,8,65002.807,1,8,21689.185,1,8,87.93,1,8,-9900,?,9,-9900,?,9,25.03,E,8,13.83,E,8,49.0,E,8,964.3861999999999,E,8,999.0,E,8,1.18,E,8,-9900,?,9,-9900,?,9,0.0,E,8,-9900,?,9,-9900,?,9,0.0,0.0,E,8
10/12/2025,16:00,721.305,1371.777,523.94,1,8,717.125,1,8,147.152,1,8,62872.8,1,8,68126.881,1,8,16186.69,1,8,89.148,1,8,-9900,?,9,-9900,?,9,24.67,E,8,13.76,E,8,50.0,E,8,964.3861999999999,E,8,999.0,E,8,1.18,E,8,-9900,?,9,-9900,?,9,0.0,E,8,-9900,?,9,-9900,?,9,0.0,0.0,E,8
10/12/2025,17:00,418.905,1371.777,304.35,1,8,663.855,1,8,102.195,1,8,36522.0,1,8,63066.26,1,8,11241.413,1,8,106.823,1,8,-9900,?,9,-9900,?,9,23.75,E,8,13.56,E,8,52.0,E,8,964.3861999999999,E,8,999.0,E,8,1.18,E,8,-9900,?,9,-9900,?,9,0.0,E,8,-9900,?,9,-9900,?,9,0.0,0.0,E,8
10/12/2025,18:00,95.418,1371.777,83.03,1,8,279.952,1,8,64.51,1,8,9963.6,1,8,26595.409,1,8,7096.127,1,8,310.404,1,8,-9900,?,9,-9900,?,9,22.4,E,8,13.26,E,8,56.0,E,8,964.3861999999999,E,8,999.0,E,8,1.18,E,8,-9900,?,9,-9900,?,9,0.0,E,8,-9900,?,9,-9900,?,9,0.0,0.0,E,8
10/12/2025,19:00,0.0,1371.777,0.0,1,8,0.0,1,8,0.0,1,8,0.0,1,8,0.0,1,8,0.0,1,8,-0.0,1,8,-9900,?,9,-9900,?,9,21.44,E,8,13.05,E,8,58.0,E,8,964.3861999999999,E,8,999.0,E,8,1.18,E,8,-9900,?,9,-9900,?,9,0.0,E,8,-9900,?,9,-9900,?,9,0.0,0.0,E,8
10/12/2025,20:00,0.0,1371.777,0.0,1,8,0.0,1,8,0.0,1,8,0.0,1,8,0.0,1,8,0.0,1,8,-0.0,1,8,-9900,?,9,-9900,?,9,20.48,E,8,12.83,E,8,61.0,E,8,964.3861999999999,E,8,999.0,E,8,1.18,E,8,-9900,?,9,-9900,?,9,0.0,E,8,-9900,?,9,-9900,?,9,0.0,0.0,E,8
10/12/2025,21:00,0.0,1371.777,0.0,1,8,0.0,1,8,0.0,1,8,0.0,1,8,0.0,1,8,0.0,1,8,-0.0,1,8,-9900,?,9,-9900,?,9,19.52,E,8,12.61,E,8,64.0,E,8,964.3861999999999,E,8,999.0,E,8,1.18,E,8,-9900,?,9,-9900,?,9,0.0,E,8,-9900,?,9,-9900,?,9,0.0,0.0,E,8
10/12/2025,22:00,0.0,1371.777,0.0,1,8,0.0,1,8,0.0,1,8,0.0,1,8,0.0,1,8,0.0,1,8,-0.0,1,8,-9900,?,9,-9900,?,9,18.56,E,8,12.39,E,8,67.0,E,8,964.3861999999999,E,8,999.0,E,8,1.18,E,8,-9900,?,9,-9900,?,9,0.0,E,8,-9900,?,9,-9900,?,9,0.0,0.0,E,8
10/12/2025,23:00,0.0,1371.777,0.0,1,8,0.0,1,8,0.0,1,8,0.0,1,8,0.0,1,8,0.0,1,8,-0.0,1,8,-9900,?,9,-9900,?,9,17.6,E,8,12.16,E,8,70.0,E,8,964.3861999999999,E,8,999.0,E,8,1.18,E,8,-9900,?,9,-9900,?,9,0.0,E,8,-9900,?,9,-9900,?,9,0.0,0.0,E,8
10/12/2025,24:00,0.0,1371.777,0.0,1,8,0.0,1,8,0.0,1,8,0.0,1,8,0.0,1,8,0.0,1,8,-0.0,1,8,-9900,?,9,-9900,?,9,16.64,E,8,9.8,E,8,63.0,E,8,964.3861999999999,E,8,999.0,E,8,1.18,E,8,-9900,?,9,-9900,?,9,0.0,E,8,-9900,?,9,-9900,?,9,0.0,0.0,E,8
10/13/2025,01:00,0.0,1371.777,0.0,1,8,0.0,1,8,0.0,1,8,0.0,1,8,0.0,1,8,0.0,1,8,-0.0,1,8,-9900,?,9,-9900,?,9,16.16,E,8,9.99,E,8,66.0,E,8,964.3861999999999,E,8,999.0,E,8,1.18,E,8,-9900,?,9,-9900,?,9,0.0,E,8,-9900,?,9,-9900,?,9,0.0,0.0,E,8
10/13/2025,02:00,0.0,1371.777,0.0,1,8,0.0,1,8,0.0,1,8,0.0,1,8,0.0,1,8,0.0,1,8,-0.0,1,8,-9900,?,9,-9900,?,9,15.68,E,8,10.18,E,8,69.0,E,8,964.3861999999999,E,8,999.0,E,8,1.18,E,8,-9900,?,9,-9900,?,9,0.0,E,8,-9900,?,9,-9900,?,9,0.0,0.0,E,8
10/13/2025,03:00,0.0,1371.777,0.0,1,8,0.0,1,8,0.0,1,8,0.0,1,8,0.0,1,8,0.0,1,8,-0.0,1,8,-9900,?,9,-9900,?,9,15.2,E,8,10.36,E,8,72.0,E,8,964.3861999999999,E,8,999.0,E,8,1.18,E,8,-9900,?,9,-9900,?,9,0.0,E,8,-9900,?,9,-9900,?,9,0.0,0.0,E,8
10/13/2025,04:00,0.0,1372.582,0.0,1,8,0.0,1,8,0.0,1,8,0.0,1,8,0.0,1,8,0.0,1,8,-0.0,1,8,-9900,?,9,-9900,?,9,14.72,E,8,10.55,E,8,76.0,E,8,964.3861999999999,E,8,999.0,E,8,1.18,E,8,-9900,?,9,-9900,?,9,0.0,E,8,-9900,?,9,-9900,?,9,0.0,0.0,E,8
10/13/2025,05:00,0.0,1372.582,0.0,1,8,0.0,1,8,0.0,1,8,0.0,1,8,0.0,1,8,0.0,1,8,-0.0,1,8,-9900,?,9,-9900,?,9,14.29,E,8,10.71,E,8,79.0,E,8,964.3861999999999,E,8,999.0,E,8,1.18,E,8,-9900,?,9,-9900,?,9,0.0,E,8,-9900,?,9,-9900,?,9,0.0,0.0,E,8
10/13/2025,06:00,50.562,1372.582,0.0,1,8,0.0,1,8,0.0,1,8,0.0,1,8,0.0,1,8,0.0,1,8,0.0,1,8,-9900,?,9,-9900,?,9,13.97,E,8,10.83,E,8,81.0,E,8,964.3861999999999,E,8,999.0,E,8,1.18,E,8,-9900,?,9,-9900,?,9,0.0,E,8,-9900,?,9,-9900,?,9,0.0,0.0,E,8
10/13/2025,07:00,373.82,1372.582,73.73,1,8,0.0,1,8,73.73,1,8,8847.6,1,8,0.0,1,8,8110.3,1,8,86.483,1,8,-9900,?,9,-9900,?,9,13.66,E,8,10.94,E,8,83.0,E,8,964.3861999999999,E,8,999.0,E,8,1.18,E,8,-9900,?,9,-9900,?,9,0.0,E,8,-9900,?,9,-9900,?,9,0.0,0.0,E,8
10/13/2025,08:00,681.239,1372.582,320.96,1,8,197.66,1,8,222.946,1,8,38515.2,1,8,18777.667,1,8,24524.01,1,8,143.112,1,8,-9900,?,9,-9900,?,9,17.18,E,8,9.59,E,8,60.0,E,8,964.3861999999999,E,8,999.0,E,8,1.18,E,8,-9900,?,9,-9900,?,9,0.0,E,8,-9900,?,9,-9900,?,9,0.0,0.0,E,8
10/13/2025,09:00,947.296,1372.582,569.45,1,8,370.048,1,8,314.141,1,8,68334.0,1,8,35154.549,1,8,34555.565,1,8,144.933,1,8,-9900,?,9,-9900,?,9,19.4,E,8,8.67,E,8,49.0,E,8,964.3861999999999,E,8,999.0,E,8,1.18,E,8,-9900,?,9,-9900,?,9,0.0,E,8,-9900,?,9,-9900,?,9,0.0,0.0,E,8
10/13/2025,10:00,1153.558,1372.582,775.4,1,8,494.594,1,8,359.779,1,8,93048.0,1,8,46986.472,1,8,39575.715,1,8,136.282,1,8,-9900,?,9,-9900,?,9,21.43,E,8,7.78,E,8,41.0,E,8,964.3861999999999,E,8,999.0,E,8,1.18,E,8,-9900,?,9,-9900,?,9,0.0,E,8,-9900,?,9,-9900,?,9,0.0,0.0,E,8
10/13/2025,11:00,1285.9,1372.582,915.7,1,8,608.235,1,8,345.9,1,8,109884.0,1,8,57782.328,1,8,38048.991,1,8,117.53,1,8,-9900,?,9,-9900,?,9,23.15,E,8,6.99,E,8,35.0,E,8,964.3861999999999,E,8,999.0,E,8,1.18,E,8,-9900,?,9,-9900,?,9,0.0,E,8,-9900,?,9,-9900,?,9,0.0,0.0,E,8
10/13/2025,12:00,1335.289,1372.582,995.46,1,8,718.237,1,8,296.749,1,8,119455.2,1,8,68232.558,1,8,32642.35,1,8,97.098,1,8,-9900,?,9,-9900,?,9,24.53,E,8,6.33,E,8,31.0,E,8,964.3861999999999,E,8,999.0,E,8,1.18,E,8,-9900,?,9,-9900,?,9,0.0,E,8,-9900,?,9,-9900,?,9,0.0,0.0,E,8
10/13/2025,13:00,1298.366,1372.582,993.38,1,8,826.023,1,8,212.047,1,8,119205.6,1,8,78472.162,1,8,23325.212,1,8,71.357,1,8,-9900,?,9,-9900,?,9,25.51,E,8,5.84,E,8,28.0,E,8,964.3861999999999,E,8,999.0,E,8,1.18,E,8,-9900,?,9,-9900,?,9,0.0,E,8,-9900,?,9,-9900,?,9,0.0,0.0,E,8
10/13/2025,14:00,1177.67,1372.582,927.46,1,8,856.393,1,8,192.756,1,8,111295.2,1,8,81357.316,1,8,21203.127,1,8,71.518,1,8,-9900,?,9,-9900,?,9,26.1,E,8,5.54,E,8,26.0,E,8,964.3861999999999,E,8,999.0,E,8,1.18,E,8,-9900,?,9,-9900,?,9,0.0,E,8,-9900,?,9,-9900,?,9,0.0,0.0,E,8
10/13/2025,15:00,981.466,1372.582,799.89,1,8,921.248,1,8,141.335,1,8,95986.8,1,8,87518.589,1,8,15546.889,1,8,62.934,1,8,-9900,?,9,-9900,?,9,26.31,E,8,5.43,E,8,26.0,E,8,964.3861999999999,E,8,999.0,E,8,1.18,E,8,-9900,?,9,-9900,?,9,0.0,E,8,-9900,?,9,-9900,?,9,0.0,0.0,E,8
10/13/2025,16:00,723.209,1372.582,598.63,1,8,820.536,1,8,166.621,1,8,71835.6,1,8,77950.928,1,8,18328.363,1,8,100.736,1,8,-9900,?,9,-9900,?,9,25.98,E,8,5.6,E,8,27.0,E,8,964.3861999999999,E,8,999.0,E,8,1.18,E,8,-9900,?,9,-9900,?,9,0.0,E,8,-9900,?,9,-9900,?,9,0.0,0.0,E,8
10/13/2025,17:00,420.76,1372.582,360.53,1,8,686.945,1,8,150.536,1,8,43263.6,1,8,65259.816,1,8,16558.921,1,8,156.749,1,8,-9900,?,9,-9900,?,9,25.05,E,8,6.07,E,8,29.0,E,8,964.3861999999999,E,8,999.0,E,8,1.18,E,8,-9900,?,9,-9900,?,9,0.0,E,8,-9900,?,9,-9900,?,9,0.0,0.0,E,8
10/13/2025,18:00,97.266,1372.582,109.52,1,8,230.503,1,8,93.96,1,8,13142.4,1,8,21897.813,1,8,10335.587,1,8,443.054,1,8,-9900,?,9,-9900,?,9,23.64,E,8,6.76,E,8,33.0,E,8,964.3861999999999,E,8,999.0,E,8,1.18,E,8,-9900,?,9,-9900,?,9,0.0,E,8,-9900,?,9,-9900,?,9,0.0,0.0,E,8
10/13/2025,19:00,0.0,1372.582,0.0,1,8,0.0,1,8,0.0,1,8,0.0,1,8,0.0,1,8,0.0,1,8,-0.0,1,8,-9900,?,9,-9900,?,9,22.69,E,8,7.21,E,8,36.0,E,8,964.3861999999999,E,8,999.0,E,8,1.18,E,8,-9900,?,9,-9900,?,9,0.0,E,8,-9900,?,9,-9900,?,9,0.0,0.0,E,8
10/13/2025,20:00,0.0,1372.582,0.0,1,8,0.0,1,8,0.0,1,8,0.0,1,8,0.0,1,8,0.0,1,8,-0.0,1,8,-9900,?,9,-9900,?,9,21.74,E,8,7.65,E,8,40.0,E,8,964.3861999999999,E,8,999.0,E,8,1.18,E,8,-9900,?,9,-9900,?,9,0.0,E,8,-9900,?,9,-9900,?,9,0.0,0.0,E,8
10/13/2025,21:00,0.0,1372.582,0.0,1,8,0.0,1,8,0.0,1,8,0.0,1,8,0.0,1,8,0.0,1,8,-0.0,1,8,-9900,?,9,-9900,?,9,20.79,E,8,8.07,E,8,43.0,E,8,964.3861999999999,E,8,999.0,E,8,1.18,E,8,-9900,?,9,-9900,?,9,0.0,E,8,-9900,?,9,-9900,?,9,0.0,0.0,E,8
10/13/2025,22:00,0.0,1372.582,0.0,1,8,0.0,1,8,0.0,1,8,0.0,1,8,0.0,1,8,0.0,1,8,-0.0,1,8,-9900,?,9,-9900,?,9,19.85,E,8,8.48,E,8,47.0,E,8,964.3861999999999,E,8,999.0,E,8,1.18,E,8,-9900,?,9,-9900,?,9,0.0,E,8,-9900,?,9,-9900,?,9,0.0,0.0,E,8
10/13/2025,23:00,0.0,1372.582,0.0,1,8,0.0,1,8,0.0,1,8,0.0,1,8,0.0,1,8,0.0,1,8,-0.0,1,8,-9900,?,9,-9900,?,9,18.9,E,8,8.88,E,8,52.0,E,8,964.3861999999999,E,8,999.0,E,8,1.18,E,8,-9900,?,9,-9900,?,9,0.0,E,8,-9900,?,9,-9900,?,9,0.0,0.0,E,8
10/13/2025,24:00,0.0,1372.582,0.0,1,8,0.0,1,8,0.0,1,8,0.0,1,8,0.0,1,8,0.0,1,8,-0.0,1,8,-9900,?,9,-9900,?,9,17.95,E,8,13.36,E,8,74.0,E,8,964.3861999999999,E,8,999.0,E,8,0.4,E,8,-9900,?,9,-9900,?,9,0.0,E,8,-9900,?,9,-9900,?,9,0.0,0.0,E,8
10/14/2025,01:00,0.0,1372.582,0.0,1,8,0.0,1,8,0.0,1,8,0.0,1,8,0.0,1,8,0.0,1,8,-0.0,1,8,-9900,?,9,-9900,?,9,17.48,E,8,13.28,E,8,76.0,E,8,964.3861999999999,E,8,999.0,E,8,0.4,E,8,-9900,?,9,-9900,?,9,0.0,E,8,-9900,?,9,-9900,?,9,0.0,0.0,E,8
10/14/2025,02:00,0.0,1372.582,0.0,1,8,0.0,1,8,0.0,1,8,0.0,1,8,0.0,1,8,0.0,1,8,-0.0,1,8,-9900,?,9,-9900,?,9,17.0,E,8,13.2,E,8,78.0,E,8,964.3861999999999,E,8,999.0,E,8,0.4,E,8,-9900,?,9,-9900,?,9,0.0,E,8,-9900,?,9,-9900,?,9,0.0,0.0,E,8
10/14/2025,03:00,0.0,1372.582,0.0,1,8,0.0,1,8,0.0,1,8,0.0,1,8,0.0,1,8,0.0,1,8,-0.0,1,8,-9900,?,9,-9900,?,9,16.53,E,8,13.13,E,8,80.0,E,8,964.3861999999999,E,8,999.0,E,8,0.4,E,8,-9900,?,9,-9900,?,9,0.0,E,8,-9900,?,9,-9900,?,9,0.0,0.0,E,8
10/14/2025,04:00,0.0,1373.386,0.0,1,8,0.0,1,8,0.0,1,8,0.0,1,8,0.0,1,8,0.0,1,8,-0.0,1,8,-9900,?,9,-9900,?,9,16.06,E,8,13.05,E,8,82.0,E,8,964.3861999999999,E,8,999.0,E,8,0.4,E,8,-9900,?,9,-9900,?,9,0.0,E,8,-9900,?,9,-9900,?,9,0.0,0.0,E,8
10/14/2025,05:00,0.0,1373.386,0.0,1,8,0.0,1,8,0.0,1,8,0.0,1,8,0.0,1,8,0.0,1,8,-0.0,1,8,-9900,?,9,-9900,?,9,15.64,E,8,12.99,E,8,84.0,E,8,964.3861999999999,E,8,999.0,E,8,0.4,E,8,-9900,?,9,-9900,?,9,0.0,E,8,-9900,?,9,-9900,?,9,0.0,0.0,E,8
10/14/2025,06:00,54.825,1373.386,0.0,1,8,0.0,1,8,0.0,1,8,0.0,1,8,0.0,1,8,0.0,1,8,0.0,1,8,-9900,?,9,-9900,?,9,15.32,E,8,12.94,E,8,85.0,E,8,964.3861999999999,E,8,999.0,E,8,0.57,E,8,-9900,?,9,-9900,?,9,0.0,E,8,-9900,?,9,-9900,?,9,0.0,0.0,E,8
10/14/2025,07:00,378.22,1373.386,86.01,1,8,0.0,1,8,86.01,1,8,10321.2,1,8,0.0,1,8,9461.1,1,8,99.763,1,8,-9900,?,9,-9900,?,9,15.01,E,8,12.89,E,8,87.0,E,8,964.3861999999999,E,8,999.0,E,8,0.64,E,8,-9900,?,9,-9900,?,9,0.0,E,8,-9900,?,9,-9900,?,9,0.0,0.0,E,8
10/14/2025,08:00,685.419,1373.386,274.88,1,8,99.122,1,8,225.455,1,8,32985.6,1,8,9416.56,1,8,24800.021,1,8,143.923,1,8,-9900,?,9,-9900,?,9,18.73,E,8,13.48,E,8,71.0,E,8,964.3861999999999,E,8,999.0,E,8,0.69,E,8,-9900,?,9,-9900,?,9,0.0,E,8,-9900,?,9,-9900,?,9,0.0,0.0,E,8
10/14/2025,09:00,951.185,1373.386,438.27,1,8,127.587,1,8,349.934,1,8,52592.4,1,8,12120.724,1,8,38492.718,1,8,160.88,1,8,-9900,?,9,-9900,?,9,20.5,E,8,13.75,E,8,65.0,E,8,964.3861999999999,E,8,999.0,E,8,0.72,E,8,-9900,?,9,-9900,?,9,0.0,E,8,-9900,?,9,-9900,?,9,0.0,0.0,E,8
10/14/2025,10:00,1157.108,1373.386,518.07,1,8,131.77,1,8,407.065,1,8,62168.4,1,8,12518.103,1,8,44777.109,1,8,153.81,1,8,-9900,?,9,-9900,?,9,21.79,E,8,13.95,E,8,61.0,E,8,964.3861999999999,E,8,999.0,E,8,1.05,E,8,-9900,?,9,-9900,?,9,0.0,E,8,-9900,?,9,-9900,?,9,0.0,0.0,E,8
10/14/2025,11:00,1289.091,1373.386,787.72,1,8,354.658,1,8,454.844,1,8,94526.4,1,8,33692.476,1,8,50032.793,1,8,154.255,1,8,-9900,?,9,-9900,?,9,23.68,E,8,14.23,E,8,55.0,E,8,964.3861999999999,E,8,999.0,E,8,0.97,E,8,-9900,?,9,-9900,?,9,0.0,E,8,-9900,?,9,-9900,?,9,0.0,0.0,E,8
10/14/2025,12:00,1338.126,1373.386,991.91,1,8,643.442,1,8,364.997,1,8,119029.2,1,8,61127.023,1,8,40149.721,1,8,119.246,1,8,-9900,?,9,-9900,?,9,25.64,E,8,14.53,E,8,50.0,E,8,964.3861999999999,E,8,999.0,E,8,0.97,E,8,-9900,?,9,-9900,?,9,0.0,E,8,-9900,?,9,-9900,?,9,0.0,0.0,E,8
10/14/2025,13:00,1300.877,1373.386,858.35,1,8,451.828,1,8,430.391,1,8,103002.0,1,8,42923.673,1,8,47343.031,1,8,144.639,1,8,-9900,?,9,-9900,?,9,26.65,E,8,14.67,E,8,47.0,E,8,964.3861999999999,E,8,999.0,E,8,1.49,E,8,-9900,?,9,-9900,?,9,0.0,E,8,-9900,?,9,-9900,?,9,0.0,0.0,E,8
10/14/2025,14:00,1179.905,1373.386,866.54,1,8,625.37,1,8,329.327,1,8,103984.8,1,8,59410.188,1,8,36226.004,1,8,122.031,1,8,-9900,?,9,-9900,?,9,27.42,E,8,14.79,E,8,45.0,E,8,964.3861999999999,E,8,999.0,E,8,1.56,E,8,-9900,?,9,-9900,?,9,0.0,E,8,-9900,?,9,-9900,?,9,0.0,0.0,E,8
10/14/2025,15:00,983.496,1373.386,428.23,1,8,97.566,1,8,358.382,1,8,51387.6,1,8,9268.766,1,8,39421.971,1,8,159.345,1,8,-9900,?,9,-9900,?,9,26.74,E,8,14.69,E,8,47.0,E,8,964.3861999999999,E,8,999.0,E,8,1.73,E,8,-9900,?,9,-9900,?,9,0.0,E,8,-9900,?,9,-9900,?,9,0.0,0.0,E,8
10/14/2025,16:00,725.116,1373.386,332.86,1,8,152.0,1,8,252.668,1,8,39943.2,1,8,14439.979,1,8,27793.525,1,8,152.446,1,8,-9900,?,9,-9900,?,9,25.87,E,8,14.56,E,8,49.0,E,8,964.3861999999999,E,8,999.0,E,8,1.59,E,8,-9900,?,9,-9900,?,9,0.0,E,8,-9900,?,9,-9900,?,9,0.0,0.0,E,8
10/14/2025,17:00,422.635,1373.386,186.01,1,8,244.65,1,8,110.931,1,8,22321.2,1,8,23241.78,1,8,12202.421,1,8,115.062,1,8,-9900,?,9,-9900,?,9,24.68,E,8,14.38,E,8,52.0,E,8,964.3861999999999,E,8,999.0,E,8,2.05,E,8,-9900,?,9,-9900,?,9,0.0,E,8,-9900,?,9,-9900,?,9,0.0,0.0,E,8
10/14/2025,18:00,99.149,1373.386,88.08,1,8,234.498,1,8,71.928,1,8,10569.6,1,8,22277.32,1,8,7912.026,1,8,332.388,1,8,-9900,?,9,-9900,?,9,23.41,E,8,14.19,E,8,56.0,E,8,964.3861999999999,E,8,999.0,E,8,2.22,E,8,-9900,?,9,-9900,?,9,0.0,E,8,-9900,?,9,-9900,?,9,0.0,0.0,E,8
10/14/2025,19:00,0.0,1373.386,0.0,1,8,0.0,1,8,0.0,1,8,0.0,1,8,0.0,1,8,0.0,1,8,-0.0,1,8,-9900,?,9,-9900,?,9,22.56,E,8,14.07,E,8,58.0,E,8,964.3861999999999,E,8,999.0,E,8,2.42,E,8,-9900,?,9,-9900,?,9,0.0,E,8,-9900,?,9,-9900,?,9,0.0,0.0,E,8
10/14/2025,20:00,0.0,1373.386,0.0,1,8,0.0,1,8,0.0,1,8,0.0,1,8,0.0,1,8,0.0,1,8,-0.0,1,8,-9900,?,9,-9900,?,9,21.72,E,8,13.94,E,8,61.0,E,8,964.3861999999999,E,8,999.0,E,8,2.08,E,8,-9900,?,9,-9900,?,9,0.0,E,8,-9900,?,9,-9900,?,9,0.0,0.0,E,8
10/14/2025,21:00,0.0,1373.386,0.0,1,8,0.0,1,8,0.0,1,8,0.0,1,8,0.0,1,8,0.0,1,8,-0.0,1,8,-9900,?,9,-9900,?,9,20.87,E,8,13.81,E,8,63.0,E,8,964.3861999999999,E,8,999.0,E,8,2.06,E,8,-9900,?,9,-9900,?,9,0.0,E,8,-9900,?,9,-9900,?,9,0.0,0.0,E,8
10/14/2025,22:00,0.0,1373.386,0.0,1,8,0.0,1,8,0.0,1,8,0.0,1,8,0.0,1,8,0.0,1,8,-0.0,1,8,-9900,?,9,-9900,?,9,20.03,E,8,13.68,E,8,66.0,E,8,964.3861999999999,E,8,999.0,E,8,1.77,E,8,-9900,?,9,-9900,?,9,0.0,E,8,-9900,?,9,-9900,?,9,0.0,0.0,E,8
10/14/2025,23:00,0.0,1373.386,0.0,1,8,0.0,1,8,0.0,1,8,0.0,1,8,0.0,1,8,0.0,1,8,-0.0,1,8,-9900,?,9,-9900,?,9,19.18,E,8,13.55,E,8,69.0,E,8,964.3861999999999,E,8,999.0,E,8,1.27,E,8,-9900,?,9,-9900,?,9,0.0,E,8,-9900,?,9,-9900,?,9,0.0,0.0,E,8
10/14/2025,24:00,0.0,1373.386,0.0,1,8,0.0,1,8,0.0,1,8,0.0,1,8,0.0,1,8,0.0,1,8,-0.0,1,8,-9900,?,9,-9900,?,9,18.33,E,8,13.71,E,8,74.0,E,8,964.3861999999999,E,8,999.0,E,8,1.77,E,8,-9900,?,9,-9900,?,9,0.0,E,8,-9900,?,9,-9900,?,9,0.0,0.0,E,8
10/15/2025,01:00,0.0,1373.386,0.0,1,8,0.0,1,8,0.0,1,8,0.0,1,8,0.0,1,8,0.0,1,8,-0.0,1,8,-9900,?,9,-9900,?,9,17.91,E,8,13.69,E,8,76.0,E,8,964.3861999999999,E,8,999.0,E,8,1.31,E,8,-9900,?,9,-9900,?,9,0.0,E,8,-9900,?,9,-9900,?,9,0.0,0.0,E,8
10/15/2025,02:00,0.0,1373.386,0.0,1,8,0.0,1,8,0.0,1,8,0.0,1,8,0.0,1,8,0.0,1,8,-0.0,1,8,-9900,?,9,-9900,?,9,17.49,E,8,13.67,E,8,78.0,E,8,964.3861999999999,E,8,999.0,E,8,1.31,E,8,-9900,?,9,-9900,?,9,0.0,E,8,-9900,?,9,-9900,?,9,0.0,0.0,E,8
10/15/2025,03:00,0.0,1373.386,0.0,1,8,0.0,1,8,0.0,1,8,0.0,1,8,0.0,1,8,0.0,1,8,-0.0,1,8,-9900,?,9,-9900,?,9,17.07,E,8,13.65,E,8,80.0,E,8,964.3861999999999,E,8,999.0,E,8,1.31,E,8,-9900,?,9,-9900,?,9,0.0,E,8,-9900,?,9,-9900,?,9,0.0,0.0,E,8
10/15/2025,04:00,0.0,1374.19,0.0,1,8,0.0,1,8,0.0,1,8,0.0,1,8,0.0,1,8,0.0,1,8,-0.0,1,8,-9900,?,9,-9900,?,9,16.64,E,8,13.63,E,8,82.0,E,8,964.3861999999999,E,8,999.0,E,8,1.31,E,8,-9900,?,9,-9900,?,9,0.0,E,8,-9900,?,9,-9900,?,9,0.0,0.0,E,8
10/15/2025,05:00,0.0,1374.19,0.0,1,8,0.0,1,8,0.0,1,8,0.0,1,8,0.0,1,8,0.0,1,8,-0.0,1,8,-9900,?,9,-9900,?,9,16.27,E,8,13.61,E,8,84.0,E,8,964.3861999999999,E,8,999.0,E,8,1.31,E,8,-9900,?,9,-9900,?,9,0.0,E,8,-9900,?,9,-9900,?,9,0.0,0.0,E,8
10/15/2025,06:00,59.047,1374.19,0.0,1,8,0.0,1,8,0.0,1,8,0.0,1,8,0.0,1,8,0.0,1,8,0.0,1,8,-9900,?,9,-9900,?,9,15.99,E,8,13.59,E,8,85.0,E,8,964.3861999999999,E,8,999.0,E,8,1.31,E,8,-9900,?,9,-9900,?,9,0.0,E,8,-9900,?,9,-9900,?,9,0.0,0.0,E,8
10/15/2025,07:00,382.542,1374.19,129.63,1,8,78.905,1,8,107.74,1,8,15555.6,1,8,7495.949,1,8,11851.397,1,8,123.619,1,8,-9900,?,9,-9900,?,9,15.71,E,8,13.58,E,8,87.0,E,8,964.3861999999999,E,8,999.0,E,8,1.38,E,8,-9900,?,9,-9900,?,9,0.0,E,8,-9900,?,9,-9900,?,9,0.0,0.0,E,8
10/15/2025,08:00,689.514,1374.19,420.96,1,8,474.637,1,8,183.013,1,8,50515.2,1,8,45090.509,1,8,20131.446,1,8,116.202,1,8,-9900,?,9,-9900,?,9,21.72,E,8,13.89,E,8,61.0,E,8,964.3861999999999,E,8,999.0,E,8,1.47,E,8,-9900,?,9,-9900,?,9,0.0,E,8,-9900,?,9,-9900,?,9,0.0,0.0,E,8
10/15/2025,09:00,954.984,1374.19,657.45,1,8,659.75,1,8,199.105,1,8,78894.0,1,8,62676.218,1,8,21901.594,1,8,91.226,1,8,-9900,?,9,-9900,?,9,24.5,E,8,14.03,E,8,52.0,E,8,964.3861999999999,E,8,999.0,E,8,1.81,E,8,-9900,?,9,-9900,?,9,0.0,E,8,-9900,?,9,-9900,?,9,0.0,0.0,E,8
10/15/2025,10:00,1160.572,1374.19,722.55,1,8,409.993,1,8,376.331,1,8,86706.0,1,8,38949.321,1,8,41396.443,1,8,141.856,1,8,-9900,?,9,-9900,?,9,26.24,E,8,14.12,E,8,47.0,E,8,964.3861999999999,E,8,999.0,E,8,1.31,E,8,-9900,?,9,-9900,?,9,0.0,E,8,-9900,?,9,-9900,?,9,0.0,0.0,E,8
10/15/2025,11:00,1292.204,1374.19,599.39,1,8,131.164,1,8,476.057,1,8,71926.8,1,8,12460.541,1,8,52366.219,1,8,161.154,1,8,-9900,?,9,-9900,?,9,26.75,E,8,14.14,E,8,45.0,E,8,964.3861999999999,E,8,999.0,E,8,1.31,E,8,-9900,?,9,-9900,?,9,0.0,E,8,-9900,?,9,-9900,?,9,0.0,0.0,E,8
10/15/2025,12:00,1340.895,1374.19,439.78,1,8,26.704,1,8,413.723,1,8,52773.6,1,8,2536.915,1,8,45509.534,1,8,134.964,1,8,-9900,?,9,-9900,?,9,26.51,E,8,14.13,E,8,46.0,E,8,964.3861999999999,E,8,999.0,E,8,1.31,E,8,-9900,?,9,-9900,?,9,0.0,E,8,-9900,?,9,-9900,?,9,0.0,0.0,E,8
10/15/2025,13:00,1303.334,1374.19,537.99,1,8,101.942,1,8,441.307,1,8,64558.8,1,8,9684.51,1,8,48543.797,1,8,148.114,1,8,-9900,?,9,-9900,?,9,26.64,E,8,14.14,E,8,46.0,E,8,964.3861999999999,E,8,999.0,E,8,1.31,E,8,-9900,?,9,-9900,?,9,0.0,E,8,-9900,?,9,-9900,?,9,0.0,0.0,E,8
10/15/2025,14:00,1182.105,1374.19,586.97,1,8,159.206,1,8,450.032,1,8,70436.4,1,8,15124.595,1,8,49503.492,1,8,166.544,1,8,-9900,?,9,-9900,?,9,26.88,E,8,14.15,E,8,45.0,E,8,964.3861999999999,E,8,999.0,E,8,1.88,E,8,-9900,?,9,-9900,?,9,0.0,E,8,-9900,?,9,-9900,?,9,0.0,0.0,E,8
10/15/2025,15:00,985.509,1374.19,440.29,1,8,108.166,1,8,362.74,1,8,52834.8,1,8,10275.733,1,8,39901.379,1,8,161.047,1,8,-9900,?,9,-9900,?,9,26.7,E,8,14.14,E,8,46.0,E,8,964.3861999999999,E,8,999.0,E,8,2.24,E,8,-9900,?,9,-9900,?,9,0.0,E,8,-9900,?,9,-9900,?,9,0.0,0.0,E,8
10/15/2025,16:00,727.027,1374.19,591.7,1,8,600.247,1,8,274.373,1,8,71004.0,1,8,57023.436,1,8,30181.059,1,8,165.202,1,8,-9900,?,9,-9900,?,9,26.9,E,8,14.15,E,8,45.0,E,8,964.3861999999999,E,8,999.0,E,8,2.33,E,8,-9900,?,9,-9900,?,9,0.0,E,8,-9900,?,9,-9900,?,9,0.0,0.0,E,8
10/15/2025,17:00,424.531,1374.19,378.58,1,8,680.803,1,8,168.834,1,8,45429.6,1,8,64676.303,1,8,18571.704,1,8,174.436,1,8,-9900,?,9,-9900,?,9,26.44,E,8,14.13,E,8,46.0,E,8,964.3861999999999,E,8,999.0,E,8,2.36,E,8,-9900,?,9,-9900,?,9,0.0,E,8,-9900,?,9,-9900,?,9,0.0,0.0,E,8
10/15/2025,18:00,101.07,1374.19,139.71,1,8,236.886,1,8,123.061,1,8,16765.2,1,8,22504.184,1,8,13536.718,1,8,557.345,1,8,-9900,?,9,-9900,?,9,25.33,E,8,14.07,E,8,49.0,E,8,964.3861999999999,E,8,999.0,E,8,1.84,E,8,-9900,?,9,-9900,?,9,0.0,E,8,-9900,?,9,-9900,?,9,0.0,0.0,E,8
10/15/2025,19:00,0.0,1374.19,0.0,1,8,0.0,1,8,0.0,1,8,0.0,1,8,0.0,1,8,0.0,1,8,-0.0,1,8,-9900,?,9,-9900,?,9,24.36,E,8,14.02,E,8,52.0,E,8,964.3861999999999,E,8,999.0,E,8,2.4,E,8,-9900,?,9,-9900,?,9,0.0,E,8,-9900,?,9,-9900,?,9,0.0,0.0,E,8
10/15/2025,20:00,0.0,1374.19,0.0,1,8,0.0,1,8,0.0,1,8,0.0,1,8,0.0,1,8,0.0,1,8,-0.0,1,8,-9900,?,9,-9900,?,9,23.38,E,8,13.97,E,8,55.0,E,8,964.3861999999999,E,8,999.0,E,8,1.31,E,8,-9900,?,9,-9900,?,9,0.0,E,8,-9900,?,9,-9900,?,9,0.0,0.0,E,8
10/15/2025,21:00,0.0,1374.19,0.0,1,8,0.0,1,8,0.0,1,8,0.0,1,8,0.0,1,8,0.0,1,8,-0.0,1,8,-9900,?,9,-9900,?,9,22.41,E,8,13.92,E,8,58.0,E,8,964.3861999999999,E,8,999.0,E,8,1.67,E,8,-9900,?,9,-9900,?,9,0.0,E,8,-9900,?,9,-9900,?,9,0.0,0.0,E,8
10/15/2025,22:00,0.0,1374.19,0.0,1,8,0.0,1,8,0.0,1,8,0.0,1,8,0.0,1,8,0.0,1,8,-0.0,1,8,-9900,?,9,-9900,?,9,21.43,E,8,13.87,E,8,62.0,E,8,964.3861999999999,E,8,999.0,E,8,1.31,E,8,-9900,?,9,-9900,?,9,0.0,E,8,-9900,?,9,-9900,?,9,0.0,0.0,E,8
10/15/2025,23:00,0.0,1374.19,0.0,1,8,0.0,1,8,0.0,1,8,0.0,1,8,0.0,1,8,0.0,1,8,-0.0,1,8,-9900,?,9,-9900,?,9,20.46,E,8,13.82,E,8,65.0,E,8,964.3861999999999,E,8,999.0,E,8,1.31,E,8,-9900,?,9,-9900,?,9,0.0,E,8,-9900,?,9,-9900,?,9,0.0,0.0,E,8
10/15/2025,24:00,0.0,1374.19,0.0,1,8,0.0,1,8,0.0,1,8,0.0,1,8,0.0,1,8,0.0,1,8,-0.0,1,8,-9900,?,9,-9900,?,9,19.49,E,8,14.15,E,8,71.0,E,8,964.3861999999999,E,8,999.0,E,8,0.76,E,8,-9900,?,9,-9900,?,9,0.0,E,8,-9900,?,9,-9900,?,9,0.0,0.0,E,8
10/16/2025,01:00,0.0,1374.19,0.0,1,8,0.0,1,8,0.0,1,8,0.0,1,8,0.0,1,8,0.0,1,8,-0.0,1,8,-9900,?,9,-9900,?,9,19.0,E,8,14.22,E,8,73.0,E,8,964.3861999999999,E,8,999.0,E,8,0.76,E,8,-9900,?,9,-9900,?,9,0.0,E,8,-9900,?,9,-9900,?,9,0.0,0.0,E,8
10/16/2025,02:00,0.0,1374.19,0.0,1,8,0.0,1,8,0.0,1,8,0.0,1,8,0.0,1,8,0.0,1,8,-0.0,1,8,-9900,?,9,-9900,?,9,18.51,E,8,14.3,E,8,76.0,E,8,964.3861999999999,E,8,999.0,E,8,0.76,E,8,-9900,?,9,-9900,?,9,0.0,E,8,-9900,?,9,-9900,?,9,0.0,0.0,E,8
10/16/2025,03:00,0.0,1374.19,0.0,1,8,0.0,1,8,0.0,1,8,0.0,1,8,0.0,1,8,0.0,1,8,-0.0,1,8,-9900,?,9,-9900,?,9,18.03,E,8,14.37,E,8,79.0,E,8,964.3861999999999,E,8,999.0,E,8,0.76,E,8,-9900,?,9,-9900,?,9,0.0,E,8,-9900,?,9,-9900,?,9,0.0,0.0,E,8
10/16/2025,04:00,0.0,1374.991,0.0,1,8,0.0,1,8,0.0,1,8,0.0,1,8,0.0,1,8,0.0,1,8,-0.0,1,8,-9900,?,9,-9900,?,9,17.54,E,8,14.44,E,8,82.0,E,8,964.3861999999999,E,8,999.0,E,8,0.76,E,8,-9900,?,9,-9900,?,9,0.0,E,8,-9900,?,9,-9900,?,9,0.0,0.0,E,8
10/16/2025,05:00,0.0,1374.991,0.0,1,8,0.0,1,8,0.0,1,8,0.0,1,8,0.0,1,8,0.0,1,8,-0.0,1,8,-9900,?,9,-9900,?,9,17.11,E,8,14.5,E,8,84.0,E,8,964.3861999999999,E,8,999.0,E,8,0.76,E,8,-9900,?,9,-9900,?,9,0.0,E,8,-9900,?,9,-9900,?,9,0.0,0.0,E,8
10/16/2025,06:00,63.222,1374.991,0.0,1,8,0.0,1,8,0.0,1,8,0.0,1,8,0.0,1,8,0.0,1,8,0.0,1,8,-9900,?,9,-9900,?,9,16.79,E,8,14.55,E,8,86.0,E,8,964.3861999999999,E,8,999.0,E,8,0.76,E,8,-9900,?,9,-9900,?,9,0.0,E,8,-9900,?,9,-9900,?,9,0.0,0.0,E,8
10/16/2025,07:00,386.783,1374.991,39.74,1,8,0.0,1,8,39.74,1,8,4768.8,1,8,0.0,1,8,4371.4,1,8,45.12,1,8,-9900,?,9,-9900,?,9,16.47,E,8,14.59,E,8,88.0,E,8,964.3861999999999,E,8,999.0,E,8,0.76,E,8,-9900,?,9,-9900,?,9,0.0,E,8,-9900,?,9,-9900,?,9,0.0,0.0,E,8
10/16/2025,08:00,693.52,1374.991,215.91,1,8,22.028,1,8,204.809,1,8,25909.2,1,8,2092.634,1,8,22529.007,1,8,129.364,1,8,-9900,?,9,-9900,?,9,19.21,E,8,14.19,E,8,72.0,E,8,964.3861999999999,E,8,999.0,E,8,0.76,E,8,-9900,?,9,-9900,?,9,0.0,E,8,-9900,?,9,-9900,?,9,0.0,0.0,E,8
10/16/2025,09:00,958.693,1374.991,364.26,1,8,77.079,1,8,310.535,1,8,43711.2,1,8,7322.494,1,8,34158.797,1,8,141.813,1,8,-9900,?,9,-9900,?,9,20.91,E,8,13.94,E,8,64.0,E,8,964.3861999999999,E,8,999.0,E,8,1.08,E,8,-9900,?,9,-9900,?,9,0.0,E,8,-9900,?,9,-9900,?,9,0.0,0.0,E,8
10/16/2025,10:00,1163.949,1374.991,426.63,1,8,23.725,1,8,406.549,1,8,51195.6,1,8,2253.845,1,8,44720.398,1,8,152.89,1,8,-9900,?,9,-9900,?,9,22.09,E,8,13.76,E,8,59.0,E,8,964.3861999999999,E,8,999.0,E,8,0.96,E,8,-9900,?,9,-9900,?,9,0.0,E,8,-9900,?,9,-9900,?,9,0.0,0.0,E,8
10/16/2025,11:00,1295.236,1374.991,702.33,1,8,307.342,1,8,412.825,1,8,84279.6,1,8,29197.53,1,8,45410.794,1,8,139.503,1,8,-9900,?,9,-9900,?,9,23.98,E,8,13.47,E,8,51.0,E,8,964.3861999999999,E,8,999.0,E,8,1.66,E,8,-9900,?,9,-9900,?,9,0.0,E,8,-9900,?,9,-9900,?,9,0.0,0.0,E,8
10/16/2025,12:00,1343.596,1374.991,746.97,1,8,244.812,1,8,507.751,1,8,89636.4,1,8,23257.11,1,8,55852.65,1,8,165.401,1,8,-9900,?,9,-9900,?,9,25.4,E,8,13.25,E,8,46.0,E,8,964.3861999999999,E,8,999.0,E,8,1.79,E,8,-9900,?,9,-9900,?,9,0.0,E,8,-9900,?,9,-9900,?,9,0.0,0.0,E,8
10/16/2025,13:00,1305.741,1374.991,819.67,1,8,403.032,1,8,436.948,1,8,98360.4,1,8,38288.061,1,8,48064.332,1,8,146.466,1,8,-9900,?,9,-9900,?,9,26.64,E,8,13.06,E,8,43.0,E,8,964.3861999999999,E,8,999.0,E,8,1.38,E,8,-9900,?,9,-9900,?,9,0.0,E,8,-9900,?,9,-9900,?,9,0.0,0.0,E,8
10/16/2025,14:00,1184.272,1374.991,692.17,1,8,309.114,1,8,425.959,1,8,83060.4,1,8,29365.84,1,8,46855.495,1,8,157.438,1,8,-9900,?,9,-9900,?,9,27.23,E,8,12.96,E,8,41.0,E,8,964.3861999999999,E,8,999.0,E,8,1.91,E,8,-9900,?,9,-9900,?,9,0.0,E,8,-9900,?,9,-9900,?,9,0.0,0.0,E,8
10/16/2025,15:00,987.509,1374.991,580.83,1,8,340.418,1,8,336.411,1,8,69699.6,1,8,32339.729,1,8,37005.263,1,8,149.142,1,8,-9900,?,9,-9900,?,9,27.42,E,8,12.93,E,8,40.0,E,8,964.3861999999999,E,8,999.0,E,8,1.51,E,8,-9900,?,9,-9900,?,9,0.0,E,8,-9900,?,9,-9900,?,9,0.0,0.0,E,8
10/16/2025,16:00,728.943,1374.991,539.38,1,8,565.62,1,8,239.745,1,8,64725.6,1,8,53733.893,1,8,26371.919,1,8,144.056,1,8,-9900,?,9,-9900,?,9,27.48,E,8,12.92,E,8,40.0,E,8,964.3861999999999,E,8,999.0,E,8,1.89,E,8,-9900,?,9,-9900,?,9,0.0,E,8,-9900,?,9,-9900,?,9,0.0,0.0,E,8
10/16/2025,17:00,426.45,1374.991,371.25,1,8,666.932,1,8,164.964,1,8,44550.0,1,8,63358.504,1,8,18146.066,1,8,169.766,1,8,-9900,?,9,-9900,?,9,27.01,E,8,13.0,E,8,41.0,E,8,964.3861999999999,E,8,999.0,E,8,1.67,E,8,-9900,?,9,-9900,?,9,0.0,E,8,-9900,?,9,-9900,?,9,0.0,0.0,E,8
10/16/2025,18:00,103.028,1374.991,192.43,1,8,240.515,1,8,175.183,1,8,23091.6,1,8,22848.921,1,8,19270.119,1,8,777.621,1,8,-9900,?,9,-9900,?,9,26.08,E,8,13.14,E,8,44.0,E,8,964.3861999999999,E,8,999.0,E,8,1.86,E,8,-9900,?,9,-9900,?,9,0.0,E,8,-9900,?,9,-9900,?,9,0.0,0.0,E,8
10/16/2025,19:00,0.0,1374.991,0.0,1,8,0.0,1,8,0.0,1,8,0.0,1,8,0.0,1,8,0.0,1,8,-0.0,1,8,-9900,?,9,-9900,?,9,24.95,E,8,13.32,E,8,48.0,E,8,964.3861999999999,E,8,999.0,E,8,1.03,E,8,-9900,?,9,-9900,?,9,0.0,E,8,-9900,?,9,-9900,?,9,0.0,0.0,E,8
10/16/2025,20:00,0.0,1374.991,0.0,1,8,0.0,1,8,0.0,1,8,0.0,1,8,0.0,1,8,0.0,1,8,-0.0,1,8,-9900,?,9,-9900,?,9,23.82,E,8,13.5,E,8,52.0,E,8,964.3861999999999,E,8,999.0,E,8,1.3,E,8,-9900,?,9,-9900,?,9,0.0,E,8,-9900,?,9,-9900,?,9,0.0,0.0,E,8
10/16/2025,21:00,0.0,1374.991,0.0,1,8,0.0,1,8,0.0,1,8,0.0,1,8,0.0,1,8,0.0,1,8,-0.0,1,8,-9900,?,9,-9900,?,9,22.68,E,8,13.67,E,8,56.0,E,8,964.3861999999999,E,8,999.0,E,8,1.18,E,8,-9900,?,9,-9900,?,9,0.0,E,8,-9900,?,9,-9900,?,9,0.0,0.0,E,8
10/16/2025,22:00,0.0,1374.991,0.0,1,8,0.0,1,8,0.0,1,8,0.0,1,8,0.0,1,8,0.0,1,8,-0.0,1,8,-9900,?,9,-9900,?,9,21.55,E,8,13.84,E,8,61.0,E,8,964.3861999999999,E,8,999.0,E,8,1.45,E,8,-9900,?,9,-9900,?,9,0.0,E,8,-9900,?,9,-9900,?,9,0.0,0.0,E,8
10/16/2025,23:00,0.0,1374.991,0.0,1,8,0.0,1,8,0.0,1,8,0.0,1,8,0.0,1,8,0.0,1,8,-0.0,1,8,-9900,?,9,-9900,?,9,20.42,E,8,14.01,E,8,66.0,E,8,964.3861999999999,E,8,999.0,E,8,0.77,E,8,-9900,?,9,-9900,?,9,0.0,E,8,-9900,?,9,-9900,?,9,0.0,0.0,E,8
10/16/2025,24:00,0.0,1374.991,0.0,1,8,0.0,1,8,0.0,1,8,0.0,1,8,0.0,1,8,0.0,1,8,-0.0,1,8,-9900,?,9,-9900,?,9,19.29,E,8,15.4,E,8,78.0,E,8,964.3861999999999,E,8,999.0,E,8,1.02,E,8,-9900,?,9,-9900,?,9,0.0,E,8,-9900,?,9,-9900,?,9,0.0,0.0,E,8
10/17/2025,01:00,0.0,1374.991,0.0,1,8,0.0,1,8,0.0,1,8,0.0,1,8,0.0,1,8,0.0,1,8,-0.0,1,8,-9900,?,9,-9900,?,9,18.73,E,8,15.25,E,8,80.0,E,8,964.3861999999999,E,8,999.0,E,8,0.69,E,8,-9900,?,9,-9900,?,9,0.0,E,8,-9900,?,9,-9900,?,9,0.0,0.0,E,8
10/17/2025,02:00,0.0,1374.991,0.0,1,8,0.0,1,8,0.0,1,8,0.0,1,8,0.0,1,8,0.0,1,8,-0.0,1,8,-9900,?,9,-9900,?,9,18.16,E,8,15.11,E,8,82.0,E,8,964.3861999999999,E,8,999.0,E,8,0.9,E,8,-9900,?,9,-9900,?,9,0.0,E,8,-9900,?,9,-9900,?,9,0.0,0.0,E,8
10/17/2025,03:00,0.0,1374.991,0.0,1,8,0.0,1,8,0.0,1,8,0.0,1,8,0.0,1,8,0.0,1,8,-0.0,1,8,-9900,?,9,-9900,?,9,17.6,E,8,14.96,E,8,84.0,E,8,964.3861999999999,E,8,999.0,E,8,0.97,E,8,-9900,?,9,-9900,?,9,0.0,E,8,-9900,?,9,-9900,?,9,0.0,0.0,E,8
10/17/2025,04:00,0.0,1375.791,0.0,1,8,0.0,1,8,0.0,1,8,0.0,1,8,0.0,1,8,0.0,1,8,-0.0,1,8,-9900,?,9,-9900,?,9,17.03,E,8,14.81,E,8,86.0,E,8,964.3861999999999,E,8,999.0,E,8,0.73,E,8,-9900,?,9,-9900,?,9,0.0,E,8,-9900,?,9,-9900,?,9,0.0,0.0,E,8
10/17/2025,05:00,0.0,1375.791,0.0,1,8,0.0,1,8,0.0,1,8,0.0,1,8,0.0,1,8,0.0,1,8,-0.0,1,8,-9900,?,9,-9900,?,9,16.53,E,8,14.67,E,8,88.0,E,8,964.3861999999999,E,8,999.0,E,8,0.97,E,8,-9900,?,9,-9900,?,9,0.0,E,8,-9900,?,9,-9900,?,9,0.0,0.0,E,8
10/17/2025,06:00,67.345,1375.791,0.0,1,8,0.0,1,8,0.0,1,8,0.0,1,8,0.0,1,8,0.0,1,8,0.0,1,8,-9900,?,9,-9900,?,9,16.16,E,8,14.57,E,8,90.0,E,8,964.3861999999999,E,8,999.0,E,8,0.69,E,8,-9900,?,9,-9900,?,9,0.0,E,8,-9900,?,9,-9900,?,9,0.0,0.0,E,8
10/17/2025,07:00,390.941,1375.791,45.52,1,8,0.0,1,8,45.52,1,8,5462.4,1,8,0.0,1,8,5007.2,1,8,51.159,1,8,-9900,?,9,-9900,?,9,15.78,E,8,14.47,E,8,91.0,E,8,964.3861999999999,E,8,999.0,E,8,1.48,E,8,-9900,?,9,-9900,?,9,0.0,E,8,-9900,?,9,-9900,?,9,0.0,0.0,E,8
10/17/2025,08:00,697.436,1375.791,179.15,1,8,6.546,1,8,175.834,1,8,21498.0,1,8,621.886,1,8,19341.776,1,8,110.502,1,8,-9900,?,9,-9900,?,9,18.77,E,8,15.27,E,8,80.0,E,8,964.3861999999999,E,8,999.0,E,8,2.33,E,8,-9900,?,9,-9900,?,9,0.0,E,8,-9900,?,9,-9900,?,9,0.0,0.0,E,8
10/17/2025,09:00,962.31,1375.791,310.75,1,8,39.459,1,8,283.158,1,8,37290.0,1,8,3748.619,1,8,31147.422,1,8,128.899,1,8,-9900,?,9,-9900,?,9,20.52,E,8,15.72,E,8,73.0,E,8,964.3861999999999,E,8,999.0,E,8,2.96,E,8,-9900,?,9,-9900,?,9,0.0,E,8,-9900,?,9,-9900,?,9,0.0,0.0,E,8
10/17/2025,10:00,1167.237,1375.791,421.0,1,8,24.92,1,8,399.86,1,8,50520.0,1,8,2367.412,1,8,43984.589,1,8,150.038,1,8,-9900,?,9,-9900,?,9,22.13,E,8,16.12,E,8,68.0,E,8,964.3861999999999,E,8,999.0,E,8,2.87,E,8,-9900,?,9,-9900,?,9,0.0,E,8,-9900,?,9,-9900,?,9,0.0,0.0,E,8
10/17/2025,11:00,1298.189,1375.791,500.34,1,8,54.376,1,8,449.033,1,8,60040.8,1,8,5165.712,1,8,49393.633,1,8,151.481,1,8,-9900,?,9,-9900,?,9,23.52,E,8,16.46,E,8,64.0,E,8,964.3861999999999,E,8,999.0,E,8,3.12,E,8,-9900,?,9,-9900,?,9,0.0,E,8,-9900,?,9,-9900,?,9,0.0,0.0,E,8
10/17/2025,12:00,1346.23,1375.791,542.73,1,8,42.495,1,8,501.149,1,8,65127.6,1,8,4036.993,1,8,55126.381,1,8,163.026,1,8,-9900,?,9,-9900,?,9,24.63,E,8,16.73,E,8,61.0,E,8,964.3861999999999,E,8,999.0,E,8,2.06,E,8,-9900,?,9,-9900,?,9,0.0,E,8,-9900,?,9,-9900,?,9,0.0,0.0,E,8
10/17/2025,13:00,1308.095,1375.791,545.08,1,8,49.623,1,8,497.9,1,8,65409.6,1,8,4714.172,1,8,54769.032,1,8,166.694,1,8,-9900,?,9,-9900,?,9,25.44,E,8,16.92,E,8,59.0,E,8,964.3861999999999,E,8,999.0,E,8,1.61,E,8,-9900,?,9,-9900,?,9,0.0,E,8,-9900,?,9,-9900,?,9,0.0,0.0,E,8
10/17/2025,14:00,1186.405,1375.791,507.22,1,8,72.992,1,8,444.282,1,8,60866.4,1,8,6934.223,1,8,48871.052,1,8,164.011,1,8,-9900,?,9,-9900,?,9,25.91,E,8,17.03,E,8,58.0,E,8,964.3861999999999,E,8,999.0,E,8,2.46,E,8,-9900,?,9,-9900,?,9,0.0,E,8,-9900,?,9,-9900,?,9,0.0,0.0,E,8
10/17/2025,15:00,989.495,1375.791,431.92,1,8,76.147,1,8,377.169,1,8,51830.4,1,8,7233.929,1,8,41488.583,1,8,166.972,1,8,-9900,?,9,-9900,?,9,26.06,E,8,17.07,E,8,57.0,E,8,964.3861999999999,E,8,999.0,E,8,2.77,E,8,-9900,?,9,-9900,?,9,0.0,E,8,-9900,?,9,-9900,?,9,0.0,0.0,E,8
10/17/2025,16:00,730.864,1375.791,324.91,1,8,138.509,1,8,251.384,1,8,38989.2,1,8,13158.357,1,8,27652.285,1,8,150.74,1,8,-9900,?,9,-9900,?,9,25.78,E,8,17.0,E,8,58.0,E,8,964.3861999999999,E,8,999.0,E,8,1.91,E,8,-9900,?,9,-9900,?,9,0.0,E,8,-9900,?,9,-9900,?,9,0.0,0.0,E,8
10/17/2025,17:00,428.391,1375.791,195.21,1,8,254.843,1,8,116.071,1,8,23425.2,1,8,24210.086,1,8,12767.803,1,8,118.975,1,8,-9900,?,9,-9900,?,9,25.02,E,8,16.82,E,8,60.0,E,8,964.3861999999999,E,8,999.0,E,8,1.68,E,8,-9900,?,9,-9900,?,9,0.0,E,8,-9900,?,9,-9900,?,9,0.0,0.0,E,8
10/17/2025,18:00,105.024,1375.791,59.86,1,8,317.942,1,8,36.599,1,8,7183.2,1,8,30204.509,1,8,4025.878,1,8,159.234,1,8,-9900,?,9,-9900,?,9,23.88,E,8,16.55,E,8,63.0,E,8,964.3861999999999,E,8,999.0,E,8,2.11,E,8,-9900,?,9,-9900,?,9,0.0,E,8,-9900,?,9,-9900,?,9,0.0,0.0,E,8
10/17/2025,19:00,0.0,1375.791,0.0,1,8,0.0,1,8,0.0,1,8,0.0,1,8,0.0,1,8,0.0,1,8,-0.0,1,8,-9900,?,9,-9900,?,9,22.98,E,8,16.33,E,8,66.0,E,8,964.3861999999999,E,8,999.0,E,8,2.01,E,8,-9900,?,9,-9900,?,9,0.0,E,8,-9900,?,9,-9900,?,9,0.0,0.0,E,8
10/17/2025,20:00,0.0,1375.791,0.0,1,8,0.0,1,8,0.0,1,8,0.0,1,8,0.0,1,8,0.0,1,8,-0.0,1,8,-9900,?,9,-9900,?,9,22.08,E,8,16.11,E,8,68.0,E,8,964.3861999999999,E,8,999.0,E,8,1.81,E,8,-9900,?,9,-9900,?,9,0.0,E,8,-9900,?,9,-9900,?,9,0.0,0.0,E,8
10/17/2025,21:00,0.0,1375.791,0.0,1,8,0.0,1,8,0.0,1,8,0.0,1,8,0.0,1,8,0.0,1,8,-0.0,1,8,-9900,?,9,-9900,?,9,21.18,E,8,15.88,E,8,71.0,E,8,964.3861999999999,E,8,999.0,E,8,2.17,E,8,-9900,?,9,-9900,?,9,0.0,E,8,-9900,?,9,-9900,?,9,0.0,0.0,E,8
10/17/2025,22:00,0.0,1375.791,0.0,1,8,0.0,1,8,0.0,1,8,0.0,1,8,0.0,1,8,0.0,1,8,-0.0,1,8,-9900,?,9,-9900,?,9,20.28,E,8,15.66,E,8,74.0,E,8,964.3861999999999,E,8,999.0,E,8,2.1,E,8,-9900,?,9,-9900,?,9,0.0,E,8,-9900,?,9,-9900,?,9,0.0,0.0,E,8
10/17/2025,23:00,0.0,1375.791,0.0,1,8,0.0,1,8,0.0,1,8,0.0,1,8,0.0,1,8,0.0,1,8,-0.0,1,8,-9900,?,9,-9900,?,9,19.38,E,8,15.42,E,8,77.0,E,8,964.3861999999999,E,8,999.0,E,8,1.12,E,8,-9900,?,9,-9900,?,9,0.0,E,8,-9900,?,9,-9900,?,9,0.0,0.0,E,8
10/17/2025,24:00,0.0,1375.791,0.0,1,8,0.0,1,8,0.0,1,8,0.0,1,8,0.0,1,8,0.0,1,8,-0.0,1,8,-9900,?,9,-9900,?,9,18.48,E,8,14.94,E,8,79.0,E,8,964.3861999999999,E,8,999.0,E,8,2.0,E,8,-9900,?,9,-9900,?,9,0.0,E,8,-9900,?,9,-9900,?,9,0.0,0.0,E,8
10/18/2025,01:00,0.0,1375.791,0.0,1,8,0.0,1,8,0.0,1,8,0.0,1,8,0.0,1,8,0.0,1,8,-0.0,1,8,-9900,?,9,-9900,?,9,18.03,E,8,14.8,E,8,81.0,E,8,964.3861999999999,E,8,999.0,E,8,1.42,E,8,-9900,?,9,-9900,?,9,0.0,E,8,-9900,?,9,-9900,?,9,0.0,0.0,E,8
10/18/2025,02:00,0.0,1375.791,0.0,1,8,0.0,1,8,0.0,1,8,0.0,1,8,0.0,1,8,0.0,1,8,-0.0,1,8,-9900,?,9,-9900,?,9,17.58,E,8,14.67,E,8,83.0,E,8,964.3861999999999,E,8,999.0,E,8,1.42,E,8,-9900,?,9,-9900,?,9,0.0,E,8,-9900,?,9,-9900,?,9,0.0,0.0,E,8
10/18/2025,03:00,0.0,1375.791,0.0,1,8,0.0,1,8,0.0,1,8,0.0,1,8,0.0,1,8,0.0,1,8,-0.0,1,8,-9900,?,9,-9900,?,9,17.13,E,8,14.53,E,8,84.0,E,8,964.3861999999999,E,8,999.0,E,8,1.42,E,8,-9900,?,9,-9900,?,9,0.0,E,8,-9900,?,9,-9900,?,9,0.0,0.0,E,8
10/18/2025,04:00,0.0,1376.589,0.0,1,8,0.0,1,8,0.0,1,8,0.0,1,8,0.0,1,8,0.0,1,8,-0.0,1,8,-9900,?,9,-9900,?,9,16.68,E,8,14.39,E,8,86.0,E,8,964.3861999999999,E,8,999.0,E,8,1.42,E,8,-9900,?,9,-9900,?,9,0.0,E,8,-9900,?,9,-9900,?,9,0.0,0.0,E,8
10/18/2025,05:00,0.0,1376.589,0.0,1,8,0.0,1,8,0.0,1,8,0.0,1,8,0.0,1,8,0.0,1,8,-0.0,1,8,-9900,?,9,-9900,?,9,16.28,E,8,14.27,E,8,87.0,E,8,964.3861999999999,E,8,999.0,E,8,1.42,E,8,-9900,?,9,-9900,?,9,0.0,E,8,-9900,?,9,-9900,?,9,0.0,0.0,E,8
10/18/2025,06:00,71.413,1376.589,0.0,1,8,0.0,1,8,0.0,1,8,0.0,1,8,0.0,1,8,0.0,1,8,0.0,1,8,-9900,?,9,-9900,?,9,15.99,E,8,14.18,E,8,88.0,E,8,964.3861999999999,E,8,999.0,E,8,1.42,E,8,-9900,?,9,-9900,?,9,0.0,E,8,-9900,?,9,-9900,?,9,0.0,0.0,E,8
10/18/2025,07:00,395.014,1376.589,73.03,1,8,0.0,1,8,73.03,1,8,8763.6,1,8,0.0,1,8,8033.3,1,8,81.272,1,8,-9900,?,9,-9900,?,9,15.69,E,8,14.09,E,8,90.0,E,8,964.3861999999999,E,8,999.0,E,8,1.44,E,8,-9900,?,9,-9900,?,9,0.0,E,8,-9900,?,9,-9900,?,9,0.0,0.0,E,8
10/18/2025,08:00,701.26,1376.589,216.2,1,8,15.114,1,8,208.507,1,8,25944.0,1,8,1435.819,1,8,22935.785,1,8,130.394,1,8,-9900,?,9,-9900,?,9,18.96,E,8,15.08,E,8,78.0,E,8,964.3861999999999,E,8,999.0,E,8,1.42,E,8,-9900,?,9,-9900,?,9,0.0,E,8,-9900,?,9,-9900,?,9,0.0,0.0,E,8
10/18/2025,09:00,965.834,1376.589,332.19,1,8,50.959,1,8,296.447,1,8,39862.8,1,8,4841.104,1,8,32609.2,1,8,134.534,1,8,-9900,?,9,-9900,?,9,20.38,E,8,15.49,E,8,73.0,E,8,964.3861999999999,E,8,999.0,E,8,1.58,E,8,-9900,?,9,-9900,?,9,0.0,E,8,-9900,?,9,-9900,?,9,0.0,0.0,E,8
10/18/2025,10:00,1170.436,1376.589,500.33,1,8,88.164,1,8,425.378,1,8,60039.6,1,8,8375.546,1,8,46791.565,1,8,159.269,1,8,-9900,?,9,-9900,?,9,22.04,E,8,15.97,E,8,68.0,E,8,964.3861999999999,E,8,999.0,E,8,1.42,E,8,-9900,?,9,-9900,?,9,0.0,E,8,-9900,?,9,-9900,?,9,0.0,0.0,E,8
10/18/2025,11:00,1301.061,1376.589,594.16,1,8,72.136,1,8,525.984,1,8,71299.2,1,8,6852.928,1,8,57858.25,1,8,177.151,1,8,-9900,?,9,-9900,?,9,23.46,E,8,16.36,E,8,64.0,E,8,964.3861999999999,E,8,999.0,E,8,1.43,E,8,-9900,?,9,-9900,?,9,0.0,E,8,-9900,?,9,-9900,?,9,0.0,0.0,E,8
10/18/2025,12:00,1348.797,1376.589,644.2,1,8,83.754,1,8,562.138,1,8,77304.0,1,8,7956.63,1,8,61835.166,1,8,182.623,1,8,-9900,?,9,-9900,?,9,24.59,E,8,16.67,E,8,61.0,E,8,964.3861999999999,E,8,999.0,E,8,1.52,E,8,-9900,?,9,-9900,?,9,0.0,E,8,-9900,?,9,-9900,?,9,0.0,0.0,E,8
10/18/2025,13:00,1310.399,1376.589,646.83,1,8,98.221,1,8,553.334,1,8,77619.6,1,8,9331.037,1,8,60866.753,1,8,185.034,1,8,-9900,?,9,-9900,?,9,25.41,E,8,16.89,E,8,59.0,E,8,964.3861999999999,E,8,999.0,E,8,1.7,E,8,-9900,?,9,-9900,?,9,0.0,E,8,-9900,?,9,-9900,?,9,0.0,0.0,E,8
10/18/2025,14:00,1188.506,1376.589,601.84,1,8,144.11,1,8,477.432,1,8,72220.8,1,8,13690.444,1,8,52517.539,1,8,176.039,1,8,-9900,?,9,-9900,?,9,25.9,E,8,17.02,E,8,58.0,E,8,964.3861999999999,E,8,999.0,E,8,1.49,E,8,-9900,?,9,-9900,?,9,0.0,E,8,-9900,?,9,-9900,?,9,0.0,0.0,E,8
10/18/2025,15:00,991.467,1376.589,512.54,1,8,148.466,1,8,405.639,1,8,61504.8,1,8,14104.299,1,8,44620.237,1,8,179.322,1,8,-9900,?,9,-9900,?,9,26.05,E,8,17.06,E,8,57.0,E,8,964.3861999999999,E,8,999.0,E,8,3.22,E,8,-9900,?,9,-9900,?,9,0.0,E,8,-9900,?,9,-9900,?,9,0.0,0.0,E,8
10/18/2025,16:00,732.791,1376.589,385.7,1,8,327.999,1,8,211.227,1,8,46284.0,1,8,31159.943,1,8,23235.018,1,8,126.4,1,8,-9900,?,9,-9900,?,9,25.78,E,8,16.99,E,8,58.0,E,8,964.3861999999999,E,8,999.0,E,8,3.27,E,8,-9900,?,9,-9900,?,9,0.0,E,8,-9900,?,9,-9900,?,9,0.0,0.0,E,8
10/18/2025,17:00,430.356,1376.589,232.04,1,8,374.354,1,8,115.32,1,8,27844.8,1,8,35563.655,1,8,12685.16,1,8,117.731,1,8,-9900,?,9,-9900,?,9,25.01,E,8,16.78,E,8,60.0,E,8,964.3861999999999,E,8,999.0,E,8,2.32,E,8,-9900,?,9,-9900,?,9,0.0,E,8,-9900,?,9,-9900,?,9,0.0,0.0,E,8
10/18/2025,18:00,107.058,1376.589,71.66,1,8,274.229,1,8,51.192,1,8,8599.2,1,8,26051.79,1,8,5631.076,1,8,218.313,1,8,-9900,?,9,-9900,?,9,23.86,E,8,16.47,E,8,63.0,E,8,964.3861999999999,E,8,999.0,E,8,1.42,E,8,-9900,?,9,-9900,?,9,0.0,E,8,-9900,?,9,-9900,?,9,0.0,0.0,E,8
10/18/2025,19:00,0.0,1376.589,0.0,1,8,0.0,1,8,0.0,1,8,0.0,1,8,0.0,1,8,0.0,1,8,-0.0,1,8,-9900,?,9,-9900,?,9,23.09,E,8,16.26,E,8,65.0,E,8,964.3861999999999,E,8,999.0,E,8,1.42,E,8,-9900,?,9,-9900,?,9,0.0,E,8,-9900,?,9,-9900,?,9,0.0,0.0,E,8
10/18/2025,20:00,0.0,1376.589,0.0,1,8,0.0,1,8,0.0,1,8,0.0,1,8,0.0,1,8,0.0,1,8,-0.0,1,8,-9900,?,9,-9900,?,9,22.33,E,8,16.05,E,8,67.0,E,8,964.3861999999999,E,8,999.0,E,8,1.42,E,8,-9900,?,9,-9900,?,9,0.0,E,8,-9900,?,9,-9900,?,9,0.0,0.0,E,8
10/18/2025,21:00,0.0,1376.589,0.0,1,8,0.0,1,8,0.0,1,8,0.0,1,8,0.0,1,8,0.0,1,8,-0.0,1,8,-9900,?,9,-9900,?,9,21.56,E,8,15.83,E,8,69.0,E,8,964.3861999999999,E,8,999.0,E,8,1.42,E,8,-9900,?,9,-9900,?,9,0.0,E,8,-9900,?,9,-9900,?,9,0.0,0.0,E,8
10/18/2025,22:00,0.0,1376.589,0.0,1,8,0.0,1,8,0.0,1,8,0.0,1,8,0.0,1,8,0.0,1,8,-0.0,1,8,-9900,?,9,-9900,?,9,20.79,E,8,15.61,E,8,72.0,E,8,964.3861999999999,E,8,999.0,E,8,1.42,E,8,-9900,?,9,-9900,?,9,0.0,E,8,-9900,?,9,-9900,?,9,0.0,0.0,E,8
10/18/2025,23:00,0.0,1376.589,0.0,1,8,0.0,1,8,0.0,1,8,0.0,1,8,0.0,1,8,0.0,1,8,-0.0,1,8,-9900,?,9,-9900,?,9,20.03,E,8,15.39,E,8,74.0,E,8,964.3861999999999,E,8,999.0,E,8,1.42,E,8,-9900,?,9,-9900,?,9,0.0,E,8,-9900,?,9,-9900,?,9,0.0,0.0,E,8
10/18/2025,24:00,0.0,1376.589,0.0,1,8,0.0,1,8,0.0,1,8,0.0,1,8,0.0,1,8,0.0,1,8,-0.0,1,8,-9900,?,9,-9900,?,9,19.26,E,8,14.93,E,8,75.0,E,8,964.3861999999999,E,8,999.0,E,8,0.49,E,8,-9900,?,9,-9900,?,9,0.0,E,8,-9900,?,9,-9900,?,9,0.0,0.0,E,8
10/19/2025,01:00,0.0,1376.589,0.0,1,8,0.0,1,8,0.0,1,8,0.0,1,8,0.0,1,8,0.0,1,8,-0.0,1,8,-9900,?,9,-9900,?,9,18.88,E,8,14.86,E,8,77.0,E,8,964.3861999999999,E,8,999.0,E,8,0.49,E,8,-9900,?,9,-9900,?,9,0.0,E,8,-9900,?,9,-9900,?,9,0.0,0.0,E,8
10/19/2025,02:00,0.0,1376.589,0.0,1,8,0.0,1,8,0.0,1,8,0.0,1,8,0.0,1,8,0.0,1,8,-0.0,1,8,-9900,?,9,-9900,?,9,18.49,E,8,14.79,E,8,79.0,E,8,964.3861999999999,E,8,999.0,E,8,0.69,E,8,-9900,?,9,-9900,?,9,0.0,E,8,-9900,?,9,-9900,?,9,0.0,0.0,E,8
10/19/2025,03:00,0.0,1376.589,0.0,1,8,0.0,1,8,0.0,1,8,0.0,1,8,0.0,1,8,0.0,1,8,-0.0,1,8,-9900,?,9,-9900,?,9,18.11,E,8,14.72,E,8,80.0,E,8,964.3861999999999,E,8,999.0,E,8,0.49,E,8,-9900,?,9,-9900,?,9,0.0,E,8,-9900,?,9,-9900,?,9,0.0,0.0,E,8
10/19/2025,04:00,0.0,1377.384,0.0,1,8,0.0,1,8,0.0,1,8,0.0,1,8,0.0,1,8,0.0,1,8,-0.0,1,8,-9900,?,9,-9900,?,9,17.73,E,8,14.66,E,8,82.0,E,8,964.3861999999999,E,8,999.0,E,8,0.63,E,8,-9900,?,9,-9900,?,9,0.0,E,8,-9900,?,9,-9900,?,9,0.0,0.0,E,8
10/19/2025,05:00,0.0,1377.384,0.0,1,8,0.0,1,8,0.0,1,8,0.0,1,8,0.0,1,8,0.0,1,8,-0.0,1,8,-9900,?,9,-9900,?,9,17.39,E,8,14.59,E,8,83.0,E,8,964.3861999999999,E,8,999.0,E,8,0.49,E,8,-9900,?,9,-9900,?,9,0.0,E,8,-9900,?,9,-9900,?,9,0.0,0.0,E,8
10/19/2025,06:00,75.419,1377.384,0.0,1,8,0.0,1,8,0.0,1,8,0.0,1,8,0.0,1,8,0.0,1,8,0.0,1,8,-9900,?,9,-9900,?,9,17.13,E,8,14.55,E,8,84.0,E,8,964.3861999999999,E,8,999.0,E,8,0.59,E,8,-9900,?,9,-9900,?,9,0.0,E,8,-9900,?,9,-9900,?,9,0.0,0.0,E,8
10/19/2025,07:00,398.999,1377.384,60.25,1,8,0.0,1,8,60.25,1,8,7230.0,1,8,0.0,1,8,6627.5,1,8,66.414,1,8,-9900,?,9,-9900,?,9,16.88,E,8,14.5,E,8,85.0,E,8,964.3861999999999,E,8,999.0,E,8,0.71,E,8,-9900,?,9,-9900,?,9,0.0,E,8,-9900,?,9,-9900,?,9,0.0,0.0,E,8
10/19/2025,08:00,704.991,1377.384,227.56,1,8,26.345,1,8,214.087,1,8,27307.2,1,8,2502.761,1,8,23549.564,1,8,133.251,1,8,-9900,?,9,-9900,?,9,19.83,E,8,15.03,E,8,73.0,E,8,964.3861999999999,E,8,999.0,E,8,0.52,E,8,-9900,?,9,-9900,?,9,0.0,E,8,-9900,?,9,-9900,?,9,0.0,0.0,E,8
10/19/2025,09:00,969.264,1377.384,391.68,1,8,69.493,1,8,342.792,1,8,47001.6,1,8,6601.837,1,8,37707.169,1,8,155.104,1,8,-9900,?,9,-9900,?,9,21.52,E,8,15.33,E,8,67.0,E,8,964.3861999999999,E,8,999.0,E,8,0.65,E,8,-9900,?,9,-9900,?,9,0.0,E,8,-9900,?,9,-9900,?,9,0.0,0.0,E,8
10/19/2025,10:00,1173.545,1377.384,529.01,1,8,152.464,1,8,399.124,1,8,63481.2,1,8,14484.076,1,8,43903.596,1,8,149.129,1,8,-9900,?,9,-9900,?,9,23.07,E,8,15.6,E,8,62.0,E,8,964.3861999999999,E,8,999.0,E,8,0.71,E,8,-9900,?,9,-9900,?,9,0.0,E,8,-9900,?,9,-9900,?,9,0.0,0.0,E,8
10/19/2025,11:00,1303.853,1377.384,627.72,1,8,89.269,1,8,543.219,1,8,75326.4,1,8,8480.586,1,8,59754.108,1,8,182.67,1,8,-9900,?,9,-9900,?,9,24.41,E,8,15.83,E,8,58.0,E,8,964.3861999999999,E,8,999.0,E,8,1.62,E,8,-9900,?,9,-9900,?,9,0.0,E,8,-9900,?,9,-9900,?,9,0.0,0.0,E,8
10/19/2025,12:00,1351.297,1377.384,680.31,1,8,103.662,1,8,578.612,1,8,81637.2,1,8,9847.912,1,8,63647.349,1,8,187.736,1,8,-9900,?,9,-9900,?,9,25.48,E,8,16.01,E,8,55.0,E,8,964.3861999999999,E,8,999.0,E,8,1.8,E,8,-9900,?,9,-9900,?,9,0.0,E,8,-9900,?,9,-9900,?,9,0.0,0.0,E,8
10/19/2025,13:00,1312.652,1377.384,682.91,1,8,121.334,1,8,567.282,1,8,81949.2,1,8,11526.743,1,8,62400.97,1,8,189.482,1,8,-9900,?,9,-9900,?,9,26.25,E,8,16.14,E,8,53.0,E,8,964.3861999999999,E,8,999.0,E,8,1.64,E,8,-9900,?,9,-9900,?,9,0.0,E,8,-9900,?,9,-9900,?,9,0.0,0.0,E,8
10/19/2025,14:00,1190.576,1377.384,635.35,1,8,295.398,1,8,380.041,1,8,76242.0,1,8,28062.823,1,8,41804.484,1,8,139.966,1,8,-9900,?,9,-9900,?,9,26.7,E,8,16.21,E,8,52.0,E,8,964.3861999999999,E,8,999.0,E,8,1.9,E,8,-9900,?,9,-9900,?,9,0.0,E,8,-9900,?,9,-9900,?,9,0.0,0.0,E,8
10/19/2025,15:00,993.428,1377.384,541.14,1,8,274.767,1,8,343.02,1,8,64936.8,1,8,26102.906,1,8,37732.177,1,8,151.428,1,8,-9900,?,9,-9900,?,9,26.84,E,8,16.23,E,8,52.0,E,8,964.3861999999999,E,8,999.0,E,8,1.99,E,8,-9900,?,9,-9900,?,9,0.0,E,8,-9900,?,9,-9900,?,9,0.0,0.0,E,8
10/19/2025,16:00,734.724,1377.384,407.4,1,8,366.025,1,8,212.299,1,8,48888.0,1,8,34772.343,1,8,23352.869,1,8,126.779,1,8,-9900,?,9,-9900,?,9,26.57,E,8,16.19,E,8,52.0,E,8,964.3861999999999,E,8,999.0,E,8,2.01,E,8,-9900,?,9,-9900,?,9,0.0,E,8,-9900,?,9,-9900,?,9,0.0,0.0,E,8
10/19/2025,17:00,432.345,1377.384,245.42,1,8,451.198,1,8,104.169,1,8,29450.4,1,8,42863.846,1,8,11458.542,1,8,105.916,1,8,-9900,?,9,-9900,?,9,25.83,E,8,16.07,E,8,54.0,E,8,964.3861999999999,E,8,999.0,E,8,1.76,E,8,-9900,?,9,-9900,?,9,0.0,E,8,-9900,?,9,-9900,?,9,0.0,0.0,E,8
10/19/2025,18:00,109.131,1377.384,76.33,1,8,271.624,1,8,55.647,1,8,9159.6,1,8,25804.324,1,8,6121.217,1,8,232.627,1,8,-9900,?,9,-9900,?,9,24.73,E,8,15.88,E,8,57.0,E,8,964.3861999999999,E,8,999.0,E,8,1.66,E,8,-9900,?,9,-9900,?,9,0.0,E,8,-9900,?,9,-9900,?,9,0.0,0.0,E,8
10/19/2025,19:00,0.0,1377.384,0.0,1,8,0.0,1,8,0.0,1,8,0.0,1,8,0.0,1,8,0.0,1,8,-0.0,1,8,-9900,?,9,-9900,?,9,23.78,E,8,15.72,E,8,60.0,E,8,964.3861999999999,E,8,999.0,E,8,1.95,E,8,-9900,?,9,-9900,?,9,0.0,E,8,-9900,?,9,-9900,?,9,0.0,0.0,E,8
10/19/2025,20:00,0.0,1377.384,0.0,1,8,0.0,1,8,0.0,1,8,0.0,1,8,0.0,1,8,0.0,1,8,-0.0,1,8,-9900,?,9,-9900,?,9,22.83,E,8,15.56,E,8,63.0,E,8,964.3861999999999,E,8,999.0,E,8,1.52,E,8,-9900,?,9,-9900,?,9,0.0,E,8,-9900,?,9,-9900,?,9,0.0,0.0,E,8
10/19/2025,21:00,0.0,1377.384,0.0,1,8,0.0,1,8,0.0,1,8,0.0,1,8,0.0,1,8,0.0,1,8,-0.0,1,8,-9900,?,9,-9900,?,9,21.88,E,8,15.39,E,8,66.0,E,8,964.3861999999999,E,8,999.0,E,8,1.57,E,8,-9900,?,9,-9900,?,9,0.0,E,8,-9900,?,9,-9900,?,9,0.0,0.0,E,8
10/19/2025,22:00,0.0,1377.384,0.0,1,8,0.0,1,8,0.0,1,8,0.0,1,8,0.0,1,8,0.0,1,8,-0.0,1,8,-9900,?,9,-9900,?,9,20.93,E,8,15.23,E,8,69.0,E,8,964.3861999999999,E,8,999.0,E,8,1.06,E,8,-9900,?,9,-9900,?,9,0.0,E,8,-9900,?,9,-9900,?,9,0.0,0.0,E,8
10/19/2025,23:00,0.0,1377.384,0.0,1,8,0.0,1,8,0.0,1,8,0.0,1,8,0.0,1,8,0.0,1,8,-0.0,1,8,-9900,?,9,-9900,?,9,19.98,E,8,15.06,E,8,73.0,E,8,964.3861999999999,E,8,999.0,E,8,1.33,E,8,-9900,?,9,-9900,?,9,0.0,E,8,-9900,?,9,-9900,?,9,0.0,0.0,E,8
10/19/2025,24:00,0.0,1377.384,0.0,1,8,0.0,1,8,0.0,1,8,0.0,1,8,0.0,1,8,0.0,1,8,-0.0,1,8,-9900,?,9,-9900,?,9,19.03,E,8,14.04,E,8,72.0,E,8,964.3861999999999,E,8,999.0,E,8,3.14,E,8,-9900,?,9,-9900,?,9,0.0,E,8,-9900,?,9,-9900,?,9,0.0,0.0,E,8
10/20/2025,01:00,0.0,1377.384,0.0,1,8,0.0,1,8,0.0,1,8,0.0,1,8,0.0,1,8,0.0,1,8,-0.0,1,8,-9900,?,9,-9900,?,9,18.56,E,8,14.15,E,8,75.0,E,8,964.3861999999999,E,8,999.0,E,8,4.56,E,8,-9900,?,9,-9900,?,9,0.0,E,8,-9900,?,9,-9900,?,9,0.0,0.0,E,8
10/20/2025,02:00,0.0,1377.384,0.0,1,8,0.0,1,8,0.0,1,8,0.0,1,8,0.0,1,8,0.0,1,8,-0.0,1,8,-9900,?,9,-9900,?,9,18.09,E,8,14.25,E,8,78.0,E,8,964.3861999999999,E,8,999.0,E,8,5.01,E,8,-9900,?,9,-9900,?,9,0.0,E,8,-9900,?,9,-9900,?,9,0.0,0.0,E,8
10/20/2025,03:00,0.0,1377.384,0.0,1,8,0.0,1,8,0.0,1,8,0.0,1,8,0.0,1,8,0.0,1,8,-0.0,1,8,-9900,?,9,-9900,?,9,17.61,E,8,14.36,E,8,81.0,E,8,964.3861999999999,E,8,999.0,E,8,4.14,E,8,-9900,?,9,-9900,?,9,0.0,E,8,-9900,?,9,-9900,?,9,0.0,0.0,E,8
10/20/2025,04:00,0.0,1378.177,0.0,1,8,0.0,1,8,0.0,1,8,0.0,1,8,0.0,1,8,0.0,1,8,-0.0,1,8,-9900,?,9,-9900,?,9,17.14,E,8,14.47,E,8,84.0,E,8,964.3861999999999,E,8,999.0,E,8,3.29,E,8,-9900,?,9,-9900,?,9,0.0,E,8,-9900,?,9,-9900,?,9,0.0,0.0,E,8
10/20/2025,05:00,0.0,1378.177,0.0,1,8,0.0,1,8,0.0,1,8,0.0,1,8,0.0,1,8,0.0,1,8,-0.0,1,8,-9900,?,9,-9900,?,9,16.72,E,8,14.56,E,8,87.0,E,8,964.3861999999999,E,8,999.0,E,8,3.27,E,8,-9900,?,9,-9900,?,9,0.0,E,8,-9900,?,9,-9900,?,9,0.0,0.0,E,8
10/20/2025,06:00,79.361,1378.177,0.0,1,8,0.0,1,8,0.0,1,8,0.0,1,8,0.0,1,8,0.0,1,8,0.0,1,8,-9900,?,9,-9900,?,9,16.4,E,8,14.63,E,8,89.0,E,8,964.3861999999999,E,8,999.0,E,8,3.26,E,8,-9900,?,9,-9900,?,9,0.0,E,8,-9900,?,9,-9900,?,9,0.0,0.0,E,8
10/20/2025,07:00,402.895,1378.177,62.36,1,8,0.0,1,8,62.36,1,8,7483.2,1,8,0.0,1,8,6859.6,1,8,68.11,1,8,-9900,?,9,-9900,?,9,16.09,E,8,14.7,E,8,91.0,E,8,964.3861999999999,E,8,999.0,E,8,3.7,E,8,-9900,?,9,-9900,?,9,0.0,E,8,-9900,?,9,-9900,?,9,0.0,0.0,E,8
10/20/2025,08:00,708.626,1378.177,231.08,1,8,27.656,1,8,216.872,1,8,27729.6,1,8,2627.293,1,8,23855.882,1,8,134.368,1,8,-9900,?,9,-9900,?,9,19.12,E,8,14.02,E,8,72.0,E,8,964.3861999999999,E,8,999.0,E,8,3.57,E,8,-9900,?,9,-9900,?,9,0.0,E,8,-9900,?,9,-9900,?,9,0.0,0.0,E,8
10/20/2025,09:00,972.599,1378.177,396.29,1,8,71.761,1,8,345.662,1,8,47554.8,1,8,6817.313,1,8,38022.833,1,8,155.956,1,8,-9900,?,9,-9900,?,9,20.84,E,8,13.62,E,8,63.0,E,8,964.3861999999999,E,8,999.0,E,8,3.25,E,8,-9900,?,9,-9900,?,9,0.0,E,8,-9900,?,9,-9900,?,9,0.0,0.0,E,8
10/20/2025,10:00,1176.564,1378.177,534.46,1,8,157.08,1,8,400.374,1,8,64135.2,1,8,14922.62,1,8,44041.106,1,8,149.298,1,8,-9900,?,9,-9900,?,9,22.41,E,8,13.25,E,8,56.0,E,8,964.3861999999999,E,8,999.0,E,8,4.92,E,8,-9900,?,9,-9900,?,9,0.0,E,8,-9900,?,9,-9900,?,9,0.0,0.0,E,8
10/20/2025,11:00,1306.564,1378.177,633.72,1,8,91.928,1,8,546.572,1,8,76046.4,1,8,8733.156,1,8,60122.887,1,8,183.521,1,8,-9900,?,9,-9900,?,9,23.77,E,8,12.93,E,8,50.0,E,8,964.3861999999999,E,8,999.0,E,8,4.0,E,8,-9900,?,9,-9900,?,9,0.0,E,8,-9900,?,9,-9900,?,9,0.0,0.0,E,8
10/20/2025,12:00,1353.73,1378.177,686.51,1,8,106.707,1,8,581.697,1,8,82381.2,1,8,10137.131,1,8,63986.708,1,8,188.506,1,8,-9900,?,9,-9900,?,9,24.85,E,8,12.66,E,8,46.0,E,8,964.3861999999999,E,8,999.0,E,8,4.53,E,8,-9900,?,9,-9900,?,9,0.0,E,8,-9900,?,9,-9900,?,9,0.0,0.0,E,8
10/20/2025,13:00,1314.855,1378.177,688.99,1,8,124.835,1,8,569.894,1,8,82678.8,1,8,11859.337,1,8,62688.339,1,8,190.145,1,8,-9900,?,9,-9900,?,9,25.63,E,8,12.47,E,8,43.0,E,8,964.3861999999999,E,8,999.0,E,8,2.71,E,8,-9900,?,9,-9900,?,9,0.0,E,8,-9900,?,9,-9900,?,9,0.0,0.0,E,8
10/20/2025,14:00,1192.614,1378.177,640.96,1,8,303.604,1,8,378.261,1,8,76915.2,1,8,28842.349,1,8,41608.664,1,8,139.152,1,8,-9900,?,9,-9900,?,9,26.09,E,8,12.35,E,8,42.0,E,8,964.3861999999999,E,8,999.0,E,8,2.95,E,8,-9900,?,9,-9900,?,9,0.0,E,8,-9900,?,9,-9900,?,9,0.0,0.0,E,8
10/20/2025,15:00,995.377,1378.177,545.97,1,8,281.894,1,8,342.429,1,8,65516.4,1,8,26779.912,1,8,37667.236,1,8,150.958,1,8,-9900,?,9,-9900,?,9,26.24,E,8,12.32,E,8,41.0,E,8,964.3861999999999,E,8,999.0,E,8,2.97,E,8,-9900,?,9,-9900,?,9,0.0,E,8,-9900,?,9,-9900,?,9,0.0,0.0,E,8
10/20/2025,16:00,736.666,1378.177,411.22,1,8,374.444,1,8,211.218,1,8,49346.4,1,8,35572.183,1,8,23233.984,1,8,125.873,1,8,-9900,?,9,-9900,?,9,25.95,E,8,12.39,E,8,42.0,E,8,964.3861999999999,E,8,999.0,E,8,2.42,E,8,-9900,?,9,-9900,?,9,0.0,E,8,-9900,?,9,-9900,?,9,0.0,0.0,E,8
10/20/2025,17:00,434.358,1378.177,248.06,1,8,459.02,1,8,103.771,1,8,29767.2,1,8,43606.914,1,8,11414.758,1,8,105.08,1,8,-9900,?,9,-9900,?,9,25.2,E,8,12.58,E,8,45.0,E,8,964.3861999999999,E,8,999.0,E,8,3.57,E,8,-9900,?,9,-9900,?,9,0.0,E,8,-9900,?,9,-9900,?,9,0.0,0.0,E,8
10/20/2025,18:00,111.242,1378.177,77.71,1,8,274.637,1,8,56.378,1,8,9325.2,1,8,26090.498,1,8,6201.553,1,8,231.036,1,8,-9900,?,9,-9900,?,9,24.08,E,8,12.85,E,8,49.0,E,8,964.3861999999999,E,8,999.0,E,8,2.19,E,8,-9900,?,9,-9900,?,9,0.0,E,8,-9900,?,9,-9900,?,9,0.0,0.0,E,8
10/20/2025,19:00,0.0,1378.177,0.0,1,8,0.0,1,8,0.0,1,8,0.0,1,8,0.0,1,8,0.0,1,8,-0.0,1,8,-9900,?,9,-9900,?,9,23.2,E,8,13.07,E,8,52.0,E,8,964.3861999999999,E,8,999.0,E,8,2.64,E,8,-9900,?,9,-9900,?,9,0.0,E,8,-9900,?,9,-9900,?,9,0.0,0.0,E,8
10/20/2025,20:00,0.0,1378.177,0.0,1,8,0.0,1,8,0.0,1,8,0.0,1,8,0.0,1,8,0.0,1,8,-0.0,1,8,-9900,?,9,-9900,?,9,22.31,E,8,13.28,E,8,56.0,E,8,964.3861999999999,E,8,999.0,E,8,1.99,E,8,-9900,?,9,-9900,?,9,0.0,E,8,-9900,?,9,-9900,?,9,0.0,0.0,E,8
10/20/2025,21:00,0.0,1378.177,0.0,1,8,0.0,1,8,0.0,1,8,0.0,1,8,0.0,1,8,0.0,1,8,-0.0,1,8,-9900,?,9,-9900,?,9,21.43,E,8,13.49,E,8,60.0,E,8,964.3861999999999,E,8,999.0,E,8,1.92,E,8,-9900,?,9,-9900,?,9,0.0,E,8,-9900,?,9,-9900,?,9,0.0,0.0,E,8
10/20/2025,22:00,0.0,1378.177,0.0,1,8,0.0,1,8,0.0,1,8,0.0,1,8,0.0,1,8,0.0,1,8,-0.0,1,8,-9900,?,9,-9900,?,9,20.54,E,8,13.69,E,8,64.0,E,8,964.3861999999999,E,8,999.0,E,8,1.38,E,8,-9900,?,9,-9900,?,9,0.0,E,8,-9900,?,9,-9900,?,9,0.0,0.0,E,8
10/20/2025,23:00,0.0,1378.177,0.0,1,8,0.0,1,8,0.0,1,8,0.0,1,8,0.0,1,8,0.0,1,8,-0.0,1,8,-9900,?,9,-9900,?,9,19.66,E,8,13.9,E,8,69.0,E,8,964.3861999999999,E,8,999.0,E,8,1.16,E,8,-9900,?,9,-9900,?,9,0.0,E,8,-9900,?,9,-9900,?,9,0.0,0.0,E,8
10/20/2025,24:00,0.0,1378.177,0.0,1,8,0.0,1,8,0.0,1,8,0.0,1,8,0.0,1,8,0.0,1,8,-0.0,1,8,-9900,?,9,-9900,?,9,18.77,E,8,14.44,E,8,75.0,E,8,964.3861999999999,E,8,999.0,E,8,1.18,E,8,-9900,?,9,-9900,?,9,0.0,E,8,-9900,?,9,-9900,?,9,0.0,0.0,E,8
10/21/2025,01:00,0.0,1378.177,0.0,1,8,0.0,1,8,0.0,1,8,0.0,1,8,0.0,1,8,0.0,1,8,-0.0,1,8,-9900,?,9,-9900,?,9,18.33,E,8,14.36,E,8,77.0,E,8,964.3861999999999,E,8,999.0,E,8,1.18,E,8,-9900,?,9,-9900,?,9,0.0,E,8,-9900,?,9,-9900,?,9,0.0,0.0,E,8
10/21/2025,02:00,0.0,1378.177,0.0,1,8,0.0,1,8,0.0,1,8,0.0,1,8,0.0,1,8,0.0,1,8,-0.0,1,8,-9900,?,9,-9900,?,9,17.89,E,8,14.28,E,8,79.0,E,8,964.3861999999999,E,8,999.0,E,8,1.18,E,8,-9900,?,9,-9900,?,9,0.0,E,8,-9900,?,9,-9900,?,9,0.0,0.0,E,8
10/21/2025,03:00,0.0,1378.177,0.0,1,8,0.0,1,8,0.0,1,8,0.0,1,8,0.0,1,8,0.0,1,8,-0.0,1,8,-9900,?,9,-9900,?,9,17.45,E,8,14.2,E,8,81.0,E,8,964.3861999999999,E,8,999.0,E,8,1.18,E,8,-9900,?,9,-9900,?,9,0.0,E,8,-9900,?,9,-9900,?,9,0.0,0.0,E,8
10/21/2025,04:00,0.0,1378.967,0.0,1,8,0.0,1,8,0.0,1,8,0.0,1,8,0.0,1,8,0.0,1,8,-0.0,1,8,-9900,?,9,-9900,?,9,17.0,E,8,14.12,E,8,83.0,E,8,964.3861999999999,E,8,999.0,E,8,1.18,E,8,-9900,?,9,-9900,?,9,0.0,E,8,-9900,?,9,-9900,?,9,0.0,0.0,E,8
10/21/2025,05:00,0.0,1378.967,0.0,1,8,0.0,1,8,0.0,1,8,0.0,1,8,0.0,1,8,0.0,1,8,-0.0,1,8,-9900,?,9,-9900,?,9,16.61,E,8,14.05,E,8,84.0,E,8,964.3861999999999,E,8,999.0,E,8,1.18,E,8,-9900,?,9,-9900,?,9,0.0,E,8,-9900,?,9,-9900,?,9,0.0,0.0,E,8
10/21/2025,06:00,83.234,1378.967,0.0,1,8,0.0,1,8,0.0,1,8,0.0,1,8,0.0,1,8,0.0,1,8,0.0,1,8,-9900,?,9,-9900,?,9,16.32,E,8,14.0,E,8,86.0,E,8,964.3861999999999,E,8,999.0,E,8,1.18,E,8,-9900,?,9,-9900,?,9,0.0,E,8,-9900,?,9,-9900,?,9,0.0,0.0,E,8
10/21/2025,07:00,406.7,1378.967,53.83,1,8,0.0,1,8,53.83,1,8,6459.6,1,8,0.0,1,8,5921.3,1,8,58.273,1,8,-9900,?,9,-9900,?,9,16.03,E,8,13.94,E,8,87.0,E,8,964.3861999999999,E,8,999.0,E,8,1.18,E,8,-9900,?,9,-9900,?,9,0.0,E,8,-9900,?,9,-9900,?,9,0.0,0.0,E,8
10/21/2025,08:00,712.166,1378.967,195.87,1,8,10.852,1,8,190.27,1,8,23504.4,1,8,1030.955,1,8,20929.692,1,8,117.366,1,8,-9900,?,9,-9900,?,9,19.09,E,8,14.5,E,8,74.0,E,8,964.3861999999999,E,8,999.0,E,8,1.18,E,8,-9900,?,9,-9900,?,9,0.0,E,8,-9900,?,9,-9900,?,9,0.0,0.0,E,8
10/21/2025,09:00,975.837,1378.967,334.7,1,8,50.207,1,8,299.181,1,8,40164.0,1,8,4769.629,1,8,32909.942,1,8,134.613,1,8,-9900,?,9,-9900,?,9,20.81,E,8,14.8,E,8,68.0,E,8,964.3861999999999,E,8,999.0,E,8,1.18,E,8,-9900,?,9,-9900,?,9,0.0,E,8,-9900,?,9,-9900,?,9,0.0,0.0,E,8
10/21/2025,10:00,1179.492,1378.967,450.76,1,8,31.019,1,8,424.231,1,8,54091.2,1,8,2946.759,1,8,46665.449,1,8,157.892,1,8,-9900,?,9,-9900,?,9,22.38,E,8,15.07,E,8,63.0,E,8,964.3861999999999,E,8,999.0,E,8,1.18,E,8,-9900,?,9,-9900,?,9,0.0,E,8,-9900,?,9,-9900,?,9,0.0,0.0,E,8
10/21/2025,11:00,1309.194,1378.967,534.1,1,8,45.803,1,8,490.616,1,8,64092.0,1,8,4351.3,1,8,53967.737,1,8,164.496,1,8,-9900,?,9,-9900,?,9,23.73,E,8,15.3,E,8,59.0,E,8,964.3861999999999,E,8,999.0,E,8,1.18,E,8,-9900,?,9,-9900,?,9,0.0,E,8,-9900,?,9,-9900,?,9,0.0,0.0,E,8
10/21/2025,12:00,1356.096,1378.967,578.36,1,8,52.927,1,8,526.311,1,8,69403.2,1,8,5028.093,1,8,57894.218,1,8,170.357,1,8,-9900,?,9,-9900,?,9,24.81,E,8,15.49,E,8,56.0,E,8,964.3861999999999,E,8,999.0,E,8,1.18,E,8,-9900,?,9,-9900,?,9,0.0,E,8,-9900,?,9,-9900,?,9,0.0,0.0,E,8
10/21/2025,13:00,1317.009,1378.967,580.32,1,8,61.949,1,8,521.156,1,8,69638.4,1,8,5885.167,1,8,57327.156,1,8,173.698,1,8,-9900,?,9,-9900,?,9,25.59,E,8,15.62,E,8,54.0,E,8,964.3861999999999,E,8,999.0,E,8,1.18,E,8,-9900,?,9,-9900,?,9,0.0,E,8,-9900,?,9,-9900,?,9,0.0,0.0,E,8
10/21/2025,14:00,1194.622,1378.967,539.85,1,8,151.936,1,8,408.238,1,8,64782.0,1,8,14433.903,1,8,44906.22,1,8,150.013,1,8,-9900,?,9,-9900,?,9,26.05,E,8,15.69,E,8,52.0,E,8,964.3861999999999,E,8,999.0,E,8,1.18,E,8,-9900,?,9,-9900,?,9,0.0,E,8,-9900,?,9,-9900,?,9,0.0,0.0,E,8
10/21/2025,15:00,997.315,1378.967,459.9,1,8,124.022,1,8,370.227,1,8,55188.0,1,8,11782.049,1,8,40725.025,1,8,162.988,1,8,-9900,?,9,-9900,?,9,26.19,E,8,15.72,E,8,52.0,E,8,964.3861999999999,E,8,999.0,E,8,1.18,E,8,-9900,?,9,-9900,?,9,0.0,E,8,-9900,?,9,-9900,?,9,0.0,0.0,E,8
10/21/2025,16:00,738.615,1378.967,346.54,1,8,164.332,1,8,258.583,1,8,41584.8,1,8,15611.583,1,8,28444.113,1,8,153.781,1,8,-9900,?,9,-9900,?,9,25.91,E,8,15.67,E,8,53.0,E,8,964.3861999999999,E,8,999.0,E,8,1.18,E,8,-9900,?,9,-9900,?,9,0.0,E,8,-9900,?,9,-9900,?,9,0.0,0.0,E,8
10/21/2025,17:00,436.395,1378.967,209.34,1,8,261.372,1,8,126.84,1,8,25120.8,1,8,24830.374,1,8,13952.348,1,8,127.911,1,8,-9900,?,9,-9900,?,9,25.16,E,8,15.55,E,8,55.0,E,8,964.3861999999999,E,8,999.0,E,8,1.18,E,8,-9900,?,9,-9900,?,9,0.0,E,8,-9900,?,9,-9900,?,9,0.0,0.0,E,8
10/21/2025,18:00,113.392,1378.967,66.05,1,8,332.652,1,8,39.694,1,8,7926.0,1,8,31601.921,1,8,4366.307,1,8,159.469,1,8,-9900,?,9,-9900,?,9,24.03,E,8,15.35,E,8,58.0,E,8,964.3861999999999,E,8,999.0,E,8,1.18,E,8,-9900,?,9,-9900,?,9,0.0,E,8,-9900,?,9,-9900,?,9,0.0,0.0,E,8
10/21/2025,19:00,0.0,1378.967,0.0,1,8,0.0,1,8,0.0,1,8,0.0,1,8,0.0,1,8,0.0,1,8,-0.0,1,8,-9900,?,9,-9900,?,9,23.14,E,8,15.2,E,8,60.0,E,8,964.3861999999999,E,8,999.0,E,8,1.18,E,8,-9900,?,9,-9900,?,9,0.0,E,8,-9900,?,9,-9900,?,9,0.0,0.0,E,8
10/21/2025,20:00,0.0,1378.967,0.0,1,8,0.0,1,8,0.0,1,8,0.0,1,8,0.0,1,8,0.0,1,8,-0.0,1,8,-9900,?,9,-9900,?,9,22.24,E,8,15.05,E,8,63.0,E,8,964.3861999999999,E,8,999.0,E,8,1.18,E,8,-9900,?,9,-9900,?,9,0.0,E,8,-9900,?,9,-9900,?,9,0.0,0.0,E,8
10/21/2025,21:00,0.0,1378.967,0.0,1,8,0.0,1,8,0.0,1,8,0.0,1,8,0.0,1,8,0.0,1,8,-0.0,1,8,-9900,?,9,-9900,?,9,21.34,E,8,14.89,E,8,66.0,E,8,964.3861999999999,E,8,999.0,E,8,1.18,E,8,-9900,?,9,-9900,?,9,0.0,E,8,-9900,?,9,-9900,?,9,0.0,0.0,E,8
10/21/2025,22:00,0.0,1378.967,0.0,1,8,0.0,1,8,0.0,1,8,0.0,1,8,0.0,1,8,0.0,1,8,-0.0,1,8,-9900,?,9,-9900,?,9,20.44,E,8,14.74,E,8,69.0,E,8,964.3861999999999,E,8,999.0,E,8,1.18,E,8,-9900,?,9,-9900,?,9,0.0,E,8,-9900,?,9,-9900,?,9,0.0,0.0,E,8
10/21/2025,23:00,0.0,1378.967,0.0,1,8,0.0,1,8,0.0,1,8,0.0,1,8,0.0,1,8,0.0,1,8,-0.0,1,8,-9900,?,9,-9900,?,9,19.54,E,8,14.58,E,8,73.0,E,8,964.3861999999999,E,8,999.0,E,8,1.18,E,8,-9900,?,9,-9900,?,9,0.0,E,8,-9900,?,9,-9900,?,9,0.0,0.0,E,8
10/21/2025,24:00,0.0,1378.967,0.0,1,8,0.0,1,8,0.0,1,8,0.0,1,8,0.0,1,8,0.0,1,8,-0.0,1,8,-9900,?,9,-9900,?,9,18.65,E,8,13.64,E,8,72.0,E,8,964.3861999999999,E,8,999.0,E,8,1.18,E,8,-9900,?,9,-9900,?,9,0.0,E,8,-9900,?,9,-9900,?,9,0.0,0.0,E,8
10/22/2025,01:00,0.0,1378.967,0.0,1,8,0.0,1,8,0.0,1,8,0.0,1,8,0.0,1,8,0.0,1,8,-0.0,1,8,-9900,?,9,-9900,?,9,18.2,E,8,13.57,E,8,74.0,E,8,964.3861999999999,E,8,999.0,E,8,1.18,E,8,-9900,?,9,-9900,?,9,0.0,E,8,-9900,?,9,-9900,?,9,0.0,0.0,E,8
10/22/2025,02:00,0.0,1378.967,0.0,1,8,0.0,1,8,0.0,1,8,0.0,1,8,0.0,1,8,0.0,1,8,-0.0,1,8,-9900,?,9,-9900,?,9,17.75,E,8,13.5,E,8,76.0,E,8,964.3861999999999,E,8,999.0,E,8,1.18,E,8,-9900,?,9,-9900,?,9,0.0,E,8,-9900,?,9,-9900,?,9,0.0,0.0,E,8
10/22/2025,03:00,0.0,1378.967,0.0,1,8,0.0,1,8,0.0,1,8,0.0,1,8,0.0,1,8,0.0,1,8,-0.0,1,8,-9900,?,9,-9900,?,9,17.3,E,8,13.43,E,8,78.0,E,8,964.3861999999999,E,8,999.0,E,8,1.18,E,8,-9900,?,9,-9900,?,9,0.0,E,8,-9900,?,9,-9900,?,9,0.0,0.0,E,8
10/22/2025,04:00,0.0,1379.754,0.0,1,8,0.0,1,8,0.0,1,8,0.0,1,8,0.0,1,8,0.0,1,8,-0.0,1,8,-9900,?,9,-9900,?,9,16.85,E,8,13.36,E,8,79.0,E,8,964.3861999999999,E,8,999.0,E,8,1.18,E,8,-9900,?,9,-9900,?,9,0.0,E,8,-9900,?,9,-9900,?,9,0.0,0.0,E,8
10/22/2025,05:00,0.0,1379.754,0.0,1,8,0.0,1,8,0.0,1,8,0.0,1,8,0.0,1,8,0.0,1,8,-0.0,1,8,-9900,?,9,-9900,?,9,16.45,E,8,13.3,E,8,81.0,E,8,964.3861999999999,E,8,999.0,E,8,1.18,E,8,-9900,?,9,-9900,?,9,0.0,E,8,-9900,?,9,-9900,?,9,0.0,0.0,E,8
10/22/2025,06:00,87.036,1379.754,0.0,1,8,0.0,1,8,0.0,1,8,0.0,1,8,0.0,1,8,0.0,1,8,0.0,1,8,-9900,?,9,-9900,?,9,16.15,E,8,13.25,E,8,82.0,E,8,964.3861999999999,E,8,999.0,E,8,1.18,E,8,-9900,?,9,-9900,?,9,0.0,E,8,-9900,?,9,-9900,?,9,0.0,0.0,E,8
10/22/2025,07:00,410.411,1379.754,94.7,1,8,0.0,1,8,94.7,1,8,11364.0,1,8,0.0,1,8,10417.0,1,8,101.642,1,8,-9900,?,9,-9900,?,9,15.86,E,8,13.21,E,8,84.0,E,8,964.3861999999999,E,8,999.0,E,8,1.18,E,8,-9900,?,9,-9900,?,9,0.0,E,8,-9900,?,9,-9900,?,9,0.0,0.0,E,8
10/22/2025,08:00,715.607,1379.754,328.52,1,8,161.084,1,8,245.041,1,8,39422.4,1,8,15302.96,1,8,26954.474,1,8,150.509,1,8,-9900,?,9,-9900,?,9,19.47,E,8,13.77,E,8,69.0,E,8,964.3861999999999,E,8,999.0,E,8,1.18,E,8,-9900,?,9,-9900,?,9,0.0,E,8,-9900,?,9,-9900,?,9,0.0,0.0,E,8
10/22/2025,09:00,978.978,1379.754,565.36,1,8,322.155,1,8,336.848,1,8,67843.2,1,8,30604.702,1,8,37053.228,1,8,151.16,1,8,-9900,?,9,-9900,?,9,21.48,E,8,14.07,E,8,62.0,E,8,964.3861999999999,E,8,999.0,E,8,1.18,E,8,-9900,?,9,-9900,?,9,0.0,E,8,-9900,?,9,-9900,?,9,0.0,0.0,E,8
10/22/2025,10:00,1182.328,1379.754,761.2,1,8,470.857,1,8,357.76,1,8,91344.0,1,8,44731.446,1,8,39353.557,1,8,132.908,1,8,-9900,?,9,-9900,?,9,23.32,E,8,14.34,E,8,57.0,E,8,964.3861999999999,E,8,999.0,E,8,1.18,E,8,-9900,?,9,-9900,?,9,0.0,E,8,-9900,?,9,-9900,?,9,0.0,0.0,E,8
10/22/2025,11:00,1311.744,1379.754,914.12,1,8,550.56,1,8,390.715,1,8,109694.4,1,8,52303.164,1,8,42978.641,1,8,130.821,1,8,-9900,?,9,-9900,?,9,24.94,E,8,14.58,E,8,52.0,E,8,964.3861999999999,E,8,999.0,E,8,1.18,E,8,-9900,?,9,-9900,?,9,0.0,E,8,-9900,?,9,-9900,?,9,0.0,0.0,E,8
10/22/2025,12:00,1358.395,1379.754,956.12,1,8,540.961,1,8,423.538,1,8,114734.4,1,8,51391.318,1,8,46589.174,1,8,136.937,1,8,-9900,?,9,-9900,?,9,26.15,E,8,14.75,E,8,49.0,E,8,964.3861999999999,E,8,999.0,E,8,1.18,E,8,-9900,?,9,-9900,?,9,0.0,E,8,-9900,?,9,-9900,?,9,0.0,0.0,E,8
10/22/2025,13:00,1319.114,1379.754,942.02,1,8,575.913,1,8,391.434,1,8,113042.4,1,8,54711.734,1,8,43057.699,1,8,130.329,1,8,-9900,?,9,-9900,?,9,26.97,E,8,14.87,E,8,47.0,E,8,964.3861999999999,E,8,999.0,E,8,1.18,E,8,-9900,?,9,-9900,?,9,0.0,E,8,-9900,?,9,-9900,?,9,0.0,0.0,E,8
10/22/2025,14:00,1196.6,1379.754,886.02,1,8,722.103,1,8,259.833,1,8,106322.4,1,8,68599.756,1,8,28581.614,1,8,95.376,1,8,-9900,?,9,-9900,?,9,27.47,E,8,14.94,E,8,46.0,E,8,964.3861999999999,E,8,999.0,E,8,1.18,E,8,-9900,?,9,-9900,?,9,0.0,E,8,-9900,?,9,-9900,?,9,0.0,0.0,E,8
10/22/2025,15:00,999.243,1379.754,760.56,1,8,883.346,1,8,120.995,1,8,91267.2,1,8,83917.894,1,8,13309.449,1,8,53.194,1,8,-9900,?,9,-9900,?,9,27.62,E,8,14.96,E,8,45.0,E,8,964.3861999999999,E,8,999.0,E,8,1.18,E,8,-9900,?,9,-9900,?,9,0.0,E,8,-9900,?,9,-9900,?,9,0.0,0.0,E,8
10/22/2025,16:00,740.573,1379.754,566.06,1,8,691.716,1,8,195.055,1,8,67927.2,1,8,65713.048,1,8,21456.072,1,8,115.759,1,8,-9900,?,9,-9900,?,9,27.26,E,8,14.91,E,8,46.0,E,8,964.3861999999999,E,8,999.0,E,8,1.18,E,8,-9900,?,9,-9900,?,9,0.0,E,8,-9900,?,9,-9900,?,9,0.0,0.0,E,8
10/22/2025,17:00,438.458,1379.754,340.22,1,8,678.352,1,8,125.208,1,8,40826.4,1,8,64443.472,1,8,13772.889,1,8,125.741,1,8,-9900,?,9,-9900,?,9,26.38,E,8,14.78,E,8,48.0,E,8,964.3861999999999,E,8,999.0,E,8,1.18,E,8,-9900,?,9,-9900,?,9,0.0,E,8,-9900,?,9,-9900,?,9,0.0,0.0,E,8
10/22/2025,18:00,115.58,1379.754,107.16,1,8,297.614,1,8,83.109,1,8,12859.2,1,8,28273.351,1,8,9141.96,1,8,327.35,1,8,-9900,?,9,-9900,?,9,25.07,E,8,14.6,E,8,52.0,E,8,964.3861999999999,E,8,999.0,E,8,1.18,E,8,-9900,?,9,-9900,?,9,0.0,E,8,-9900,?,9,-9900,?,9,0.0,0.0,E,8
10/22/2025,19:00,0.0,1379.754,0.0,1,8,0.0,1,8,0.0,1,8,0.0,1,8,0.0,1,8,0.0,1,8,-0.0,1,8,-9900,?,9,-9900,?,9,24.03,E,8,14.44,E,8,55.0,E,8,964.3861999999999,E,8,999.0,E,8,1.18,E,8,-9900,?,9,-9900,?,9,0.0,E,8,-9900,?,9,-9900,?,9,0.0,0.0,E,8
10/22/2025,20:00,0.0,1379.754,0.0,1,8,0.0,1,8,0.0,1,8,0.0,1,8,0.0,1,8,0.0,1,8,-0.0,1,8,-9900,?,9,-9900,?,9,22.99,E,8,14.29,E,8,58.0,E,8,964.3861999999999,E,8,999.0,E,8,1.18,E,8,-9900,?,9,-9900,?,9,0.0,E,8,-9900,?,9,-9900,?,9,0.0,0.0,E,8
10/22/2025,21:00,0.0,1379.754,0.0,1,8,0.0,1,8,0.0,1,8,0.0,1,8,0.0,1,8,0.0,1,8,-0.0,1,8,-9900,?,9,-9900,?,9,21.96,E,8,14.14,E,8,61.0,E,8,964.3861999999999,E,8,999.0,E,8,1.18,E,8,-9900,?,9,-9900,?,9,0.0,E,8,-9900,?,9,-9900,?,9,0.0,0.0,E,8
10/22/2025,22:00,0.0,1379.754,0.0,1,8,0.0,1,8,0.0,1,8,0.0,1,8,0.0,1,8,0.0,1,8,-0.0,1,8,-9900,?,9,-9900,?,9,20.92,E,8,13.98,E,8,64.0,E,8,964.3861999999999,E,8,999.0,E,8,1.18,E,8,-9900,?,9,-9900,?,9,0.0,E,8,-9900,?,9,-9900,?,9,0.0,0.0,E,8
10/22/2025,23:00,0.0,1379.754,0.0,1,8,0.0,1,8,0.0,1,8,0.0,1,8,0.0,1,8,0.0,1,8,-0.0,1,8,-9900,?,9,-9900,?,9,19.88,E,8,13.83,E,8,68.0,E,8,964.3861999999999,E,8,999.0,E,8,1.18,E,8,-9900,?,9,-9900,?,9,0.0,E,8,-9900,?,9,-9900,?,9,0.0,0.0,E,8
10/22/2025,24:00,0.0,1379.754,0.0,1,8,0.0,1,8,0.0,1,8,0.0,1,8,0.0,1,8,0.0,1,8,-0.0,1,8,-9900,?,9,-9900,?,9,18.84,E,8,14.06,E,8,73.0,E,8,964.3861999999999,E,8,999.0,E,8,1.16,E,8,-9900,?,9,-9900,?,9,0.0,E,8,-9900,?,9,-9900,?,9,0.0,0.0,E,8
10/23/2025,01:00,0.0,1379.754,0.0,1,8,0.0,1,8,0.0,1,8,0.0,1,8,0.0,1,8,0.0,1,8,-0.0,1,8,-9900,?,9,-9900,?,9,18.32,E,8,13.97,E,8,75.0,E,8,964.3861999999999,E,8,999.0,E,8,1.16,E,8,-9900,?,9,-9900,?,9,0.0,E,8,-9900,?,9,-9900,?,9,0.0,0.0,E,8
10/23/2025,02:00,0.0,1379.754,0.0,1,8,0.0,1,8,0.0,1,8,0.0,1,8,0.0,1,8,0.0,1,8,-0.0,1,8,-9900,?,9,-9900,?,9,17.8,E,8,13.89,E,8,77.0,E,8,964.3861999999999,E,8,999.0,E,8,1.16,E,8,-9900,?,9,-9900,?,9,0.0,E,8,-9900,?,9,-9900,?,9,0.0,0.0,E,8
10/23/2025,03:00,0.0,1379.754,0.0,1,8,0.0,1,8,0.0,1,8,0.0,1,8,0.0,1,8,0.0,1,8,-0.0,1,8,-9900,?,9,-9900,?,9,17.28,E,8,13.8,E,8,80.0,E,8,964.3861999999999,E,8,999.0,E,8,1.16,E,8,-9900,?,9,-9900,?,9,0.0,E,8,-9900,?,9,-9900,?,9,0.0,0.0,E,8
10/23/2025,04:00,0.0,1380.538,0.0,1,8,0.0,1,8,0.0,1,8,0.0,1,8,0.0,1,8,0.0,1,8,-0.0,1,8,-9900,?,9,-9900,?,9,16.76,E,8,13.71,E,8,82.0,E,8,964.3861999999999,E,8,999.0,E,8,1.16,E,8,-9900,?,9,-9900,?,9,0.0,E,8,-9900,?,9,-9900,?,9,0.0,0.0,E,8
10/23/2025,05:00,0.0,1380.538,0.0,1,8,0.0,1,8,0.0,1,8,0.0,1,8,0.0,1,8,0.0,1,8,-0.0,1,8,-9900,?,9,-9900,?,9,16.3,E,8,13.64,E,8,84.0,E,8,964.3861999999999,E,8,999.0,E,8,1.16,E,8,-9900,?,9,-9900,?,9,0.0,E,8,-9900,?,9,-9900,?,9,0.0,0.0,E,8
10/23/2025,06:00,90.762,1380.538,0.0,1,8,0.0,1,8,0.0,1,8,0.0,1,8,0.0,1,8,0.0,1,8,0.0,1,8,-9900,?,9,-9900,?,9,15.96,E,8,13.58,E,8,85.0,E,8,964.3861999999999,E,8,999.0,E,8,1.16,E,8,-9900,?,9,-9900,?,9,0.0,E,8,-9900,?,9,-9900,?,9,0.0,0.0,E,8
10/23/2025,07:00,414.028,1380.538,48.9,1,8,0.0,1,8,48.9,1,8,5868.0,1,8,0.0,1,8,5379.0,1,8,52.053,1,8,-9900,?,9,-9900,?,9,15.62,E,8,13.52,E,8,87.0,E,8,964.3861999999999,E,8,999.0,E,8,1.16,E,8,-9900,?,9,-9900,?,9,0.0,E,8,-9900,?,9,-9900,?,9,0.0,0.0,E,8
10/23/2025,08:00,718.949,1380.538,206.11,1,8,13.971,1,8,198.84,1,8,24733.2,1,8,1327.252,1,8,21872.394,1,8,121.631,1,8,-9900,?,9,-9900,?,9,18.52,E,8,14.01,E,8,74.0,E,8,964.3861999999999,E,8,999.0,E,8,1.16,E,8,-9900,?,9,-9900,?,9,0.0,E,8,-9900,?,9,-9900,?,9,0.0,0.0,E,8
10/23/2025,09:00,982.021,1380.538,333.52,1,8,23.584,1,8,316.749,1,8,40022.4,1,8,2240.505,1,8,34842.342,1,8,141.781,1,8,-9900,?,9,-9900,?,9,20.08,E,8,14.26,E,8,69.0,E,8,964.3861999999999,E,8,999.0,E,8,1.16,E,8,-9900,?,9,-9900,?,9,0.0,E,8,-9900,?,9,-9900,?,9,0.0,0.0,E,8
10/23/2025,10:00,1185.073,1380.538,621.65,1,8,245.534,1,8,410.902,1,8,74598.0,1,8,23325.729,1,8,45199.263,1,8,152.383,1,8,-9900,?,9,-9900,?,9,22.51,E,8,14.65,E,8,61.0,E,8,964.3861999999999,E,8,999.0,E,8,1.16,E,8,-9900,?,9,-9900,?,9,0.0,E,8,-9900,?,9,-9900,?,9,0.0,0.0,E,8
10/23/2025,11:00,1314.212,1380.538,651.23,1,8,213.161,1,8,448.316,1,8,78147.6,1,8,20250.312,1,8,49314.763,1,8,149.91,1,8,-9900,?,9,-9900,?,9,24.1,E,8,14.9,E,8,56.0,E,8,964.3861999999999,E,8,999.0,E,8,1.16,E,8,-9900,?,9,-9900,?,9,0.0,E,8,-9900,?,9,-9900,?,9,0.0,0.0,E,8
10/23/2025,12:00,1360.629,1380.538,862.9,1,8,406.231,1,8,462.531,1,8,103548.0,1,8,38591.926,1,8,50878.41,1,8,149.384,1,8,-9900,?,9,-9900,?,9,25.96,E,8,15.19,E,8,51.0,E,8,964.3861999999999,E,8,999.0,E,8,1.16,E,8,-9900,?,9,-9900,?,9,0.0,E,8,-9900,?,9,-9900,?,9,0.0,0.0,E,8
10/23/2025,13:00,1321.171,1380.538,856.53,1,8,436.476,1,8,438.835,1,8,102783.6,1,8,41465.252,1,8,48271.826,1,8,145.966,1,8,-9900,?,9,-9900,?,9,27.27,E,8,15.39,E,8,48.0,E,8,964.3861999999999,E,8,999.0,E,8,1.16,E,8,-9900,?,9,-9900,?,9,0.0,E,8,-9900,?,9,-9900,?,9,0.0,0.0,E,8
10/23/2025,14:00,1198.549,1380.538,570.43,1,8,165.056,1,8,427.146,1,8,68451.6,1,8,15680.292,1,8,46986.11,1,8,156.625,1,8,-9900,?,9,-9900,?,9,27.44,E,8,15.41,E,8,47.0,E,8,964.3861999999999,E,8,999.0,E,8,1.35,E,8,-9900,?,9,-9900,?,9,0.0,E,8,-9900,?,9,-9900,?,9,0.0,0.0,E,8
10/23/2025,15:00,1001.162,1380.538,524.13,1,8,215.093,1,8,368.187,1,8,62895.6,1,8,20433.833,1,8,40500.52,1,8,161.651,1,8,-9900,?,9,-9900,?,9,27.45,E,8,15.41,E,8,47.0,E,8,964.3861999999999,E,8,999.0,E,8,1.16,E,8,-9900,?,9,-9900,?,9,0.0,E,8,-9900,?,9,-9900,?,9,0.0,0.0,E,8
10/23/2025,16:00,742.54,1380.538,534.28,1,8,649.793,1,8,185.032,1,8,64113.6,1,8,61730.342,1,8,20353.531,1,8,109.582,1,8,-9900,?,9,-9900,?,9,27.48,E,8,15.42,E,8,47.0,E,8,964.3861999999999,E,8,999.0,E,8,1.16,E,8,-9900,?,9,-9900,?,9,0.0,E,8,-9900,?,9,-9900,?,9,0.0,0.0,E,8
10/23/2025,17:00,440.547,1380.538,360.87,1,8,680.654,1,8,144.219,1,8,43304.4,1,8,64662.156,1,8,15864.08,1,8,144.224,1,8,-9900,?,9,-9900,?,9,26.92,E,8,15.33,E,8,49.0,E,8,964.3861999999999,E,8,999.0,E,8,1.45,E,8,-9900,?,9,-9900,?,9,0.0,E,8,-9900,?,9,-9900,?,9,0.0,0.0,E,8
10/23/2025,18:00,117.808,1380.538,113.5,1,8,274.73,1,8,90.856,1,8,13620.0,1,8,26099.338,1,8,9994.171,1,8,350.88,1,8,-9900,?,9,-9900,?,9,25.65,E,8,15.14,E,8,52.0,E,8,964.3861999999999,E,8,999.0,E,8,1.16,E,8,-9900,?,9,-9900,?,9,0.0,E,8,-9900,?,9,-9900,?,9,0.0,0.0,E,8
10/23/2025,19:00,0.0,1380.538,0.0,1,8,0.0,1,8,0.0,1,8,0.0,1,8,0.0,1,8,0.0,1,8,-0.0,1,8,-9900,?,9,-9900,?,9,24.55,E,8,14.97,E,8,55.0,E,8,964.3861999999999,E,8,999.0,E,8,1.16,E,8,-9900,?,9,-9900,?,9,0.0,E,8,-9900,?,9,-9900,?,9,0.0,0.0,E,8
10/23/2025,20:00,0.0,1380.538,0.0,1,8,0.0,1,8,0.0,1,8,0.0,1,8,0.0,1,8,0.0,1,8,-0.0,1,8,-9900,?,9,-9900,?,9,23.44,E,8,14.8,E,8,58.0,E,8,964.3861999999999,E,8,999.0,E,8,1.16,E,8,-9900,?,9,-9900,?,9,0.0,E,8,-9900,?,9,-9900,?,9,0.0,0.0,E,8
10/23/2025,21:00,0.0,1380.538,0.0,1,8,0.0,1,8,0.0,1,8,0.0,1,8,0.0,1,8,0.0,1,8,-0.0,1,8,-9900,?,9,-9900,?,9,22.34,E,8,14.62,E,8,61.0,E,8,964.3861999999999,E,8,999.0,E,8,1.16,E,8,-9900,?,9,-9900,?,9,0.0,E,8,-9900,?,9,-9900,?,9,0.0,0.0,E,8
10/23/2025,22:00,0.0,1380.538,0.0,1,8,0.0,1,8,0.0,1,8,0.0,1,8,0.0,1,8,0.0,1,8,-0.0,1,8,-9900,?,9,-9900,?,9,21.24,E,8,14.45,E,8,65.0,E,8,964.3861999999999,E,8,999.0,E,8,1.16,E,8,-9900,?,9,-9900,?,9,0.0,E,8,-9900,?,9,-9900,?,9,0.0,0.0,E,8
10/23/2025,23:00,0.0,1380.538,0.0,1,8,0.0,1,8,0.0,1,8,0.0,1,8,0.0,1,8,0.0,1,8,-0.0,1,8,-9900,?,9,-9900,?,9,20.13,E,8,14.27,E,8,69.0,E,8,964.3861999999999,E,8,999.0,E,8,1.16,E,8,-9900,?,9,-9900,?,9,0.0,E,8,-9900,?,9,-9900,?,9,0.0,0.0,E,8
10/23/2025,24:00,0.0,1380.538,0.0,1,8,0.0,1,8,0.0,1,8,0.0,1,8,0.0,1,8,0.0,1,8,-0.0,1,8,-9900,?,9,-9900,?,9,19.03,E,8,15.97,E,8,82.0,E,8,964.3861999999999,E,8,999.0,E,8,1.18,E,8,-9900,?,9,-9900,?,9,0.0,E,8,-9900,?,9,-9900,?,9,0.0,0.0,E,8
10/24/2025,01:00,0.0,1380.538,0.0,1,8,0.0,1,8,0.0,1,8,0.0,1,8,0.0,1,8,0.0,1,8,-0.0,1,8,-9900,?,9,-9900,?,9,18.48,E,8,15.78,E,8,84.0,E,8,964.3861999999999,E,8,999.0,E,8,1.18,E,8,-9900,?,9,-9900,?,9,0.0,E,8,-9900,?,9,-9900,?,9,0.0,0.0,E,8
10/24/2025,02:00,0.0,1380.538,0.0,1,8,0.0,1,8,0.0,1,8,0.0,1,8,0.0,1,8,0.0,1,8,-0.0,1,8,-9900,?,9,-9900,?,9,17.93,E,8,15.59,E,8,86.0,E,8,964.3861999999999,E,8,999.0,E,8,1.18,E,8,-9900,?,9,-9900,?,9,0.0,E,8,-9900,?,9,-9900,?,9,0.0,0.0,E,8
10/24/2025,03:00,0.0,1380.538,0.0,1,8,0.0,1,8,0.0,1,8,0.0,1,8,0.0,1,8,0.0,1,8,-0.0,1,8,-9900,?,9,-9900,?,9,17.38,E,8,15.39,E,8,88.0,E,8,964.3861999999999,E,8,999.0,E,8,1.18,E,8,-9900,?,9,-9900,?,9,0.0,E,8,-9900,?,9,-9900,?,9,0.0,0.0,E,8
10/24/2025,04:00,0.0,1381.319,0.0,1,8,0.0,1,8,0.0,1,8,0.0,1,8,0.0,1,8,0.0,1,8,-0.0,1,8,-9900,?,9,-9900,?,9,16.82,E,8,15.2,E,8,90.0,E,8,964.3861999999999,E,8,999.0,E,8,1.18,E,8,-9900,?,9,-9900,?,9,0.0,E,8,-9900,?,9,-9900,?,9,0.0,0.0,E,8
10/24/2025,05:00,0.0,1381.319,0.0,1,8,0.0,1,8,0.0,1,8,0.0,1,8,0.0,1,8,0.0,1,8,-0.0,1,8,-9900,?,9,-9900,?,9,16.34,E,8,15.02,E,8,91.0,E,8,964.3861999999999,E,8,999.0,E,8,1.18,E,8,-9900,?,9,-9900,?,9,0.0,E,8,-9900,?,9,-9900,?,9,0.0,0.0,E,8
10/24/2025,06:00,94.41,1381.319,0.0,1,8,0.0,1,8,0.0,1,8,0.0,1,8,0.0,1,8,0.0,1,8,0.0,1,8,-9900,?,9,-9900,?,9,15.97,E,8,14.89,E,8,93.0,E,8,964.3861999999999,E,8,999.0,E,8,1.18,E,8,-9900,?,9,-9900,?,9,0.0,E,8,-9900,?,9,-9900,?,9,0.0,0.0,E,8
10/24/2025,07:00,417.547,1381.319,119.69,1,8,20.245,1,8,113.588,1,8,14362.8,1,8,1923.242,1,8,12494.677,1,8,119.955,1,8,-9900,?,9,-9900,?,9,15.61,E,8,14.76,E,8,94.0,E,8,964.3861999999999,E,8,999.0,E,8,1.18,E,8,-9900,?,9,-9900,?,9,0.0,E,8,-9900,?,9,-9900,?,9,0.0,0.0,E,8
10/24/2025,08:00,722.19,1381.319,157.14,1,8,1.241,1,8,156.492,1,8,18856.8,1,8,117.851,1,8,17214.111,1,8,95.35,1,8,-9900,?,9,-9900,?,9,20.38,E,8,16.43,E,8,78.0,E,8,964.3861999999999,E,8,999.0,E,8,1.18,E,8,-9900,?,9,-9900,?,9,0.0,E,8,-9900,?,9,-9900,?,9,0.0,0.0,E,8
10/24/2025,09:00,984.966,1381.319,249.44,1,8,11.941,1,8,240.928,1,8,29932.8,1,8,1134.414,1,8,26502.037,1,8,107.58,1,8,-9900,?,9,-9900,?,9,21.66,E,8,16.85,E,8,74.0,E,8,964.3861999999999,E,8,999.0,E,8,1.18,E,8,-9900,?,9,-9900,?,9,0.0,E,8,-9900,?,9,-9900,?,9,0.0,0.0,E,8
10/24/2025,10:00,1187.726,1381.319,202.55,1,8,5.902,1,8,197.476,1,8,24306.0,1,8,560.687,1,8,21722.329,1,8,73.112,1,8,-9900,?,9,-9900,?,9,21.89,E,8,16.92,E,8,73.0,E,8,964.3861999999999,E,8,999.0,E,8,1.18,E,8,-9900,?,9,-9900,?,9,0.0,E,8,-9900,?,9,-9900,?,9,0.0,0.0,E,8
10/24/2025,11:00,1316.6,1381.319,387.34,1,8,21.851,1,8,366.514,1,8,46480.8,1,8,2075.834,1,8,40316.486,1,8,122.403,1,8,-9900,?,9,-9900,?,9,23.3,E,8,17.37,E,8,69.0,E,8,964.3861999999999,E,8,999.0,E,8,1.18,E,8,-9900,?,9,-9900,?,9,0.0,E,8,-9900,?,9,-9900,?,9,0.0,0.0,E,8
10/24/2025,12:00,1362.798,1381.319,369.51,1,8,22.825,1,8,346.992,1,8,44341.2,1,8,2168.335,1,8,38169.08,1,8,111.953,1,8,-9900,?,9,-9900,?,9,24.14,E,8,17.64,E,8,67.0,E,8,964.3861999999999,E,8,999.0,E,8,1.18,E,8,-9900,?,9,-9900,?,9,0.0,E,8,-9900,?,9,-9900,?,9,0.0,0.0,E,8
10/24/2025,13:00,1323.18,1381.319,401.13,1,8,28.655,1,8,373.682,1,8,48135.6,1,8,2722.232,1,8,41104.99,1,8,124.176,1,8,-9900,?,9,-9900,?,9,24.9,E,8,17.87,E,8,64.0,E,8,964.3861999999999,E,8,999.0,E,8,1.18,E,8,-9900,?,9,-9900,?,9,0.0,E,8,-9900,?,9,-9900,?,9,0.0,0.0,E,8
10/24/2025,14:00,1200.471,1381.319,329.16,1,8,11.473,1,8,319.19,1,8,39499.2,1,8,1089.917,1,8,35110.923,1,8,116.919,1,8,-9900,?,9,-9900,?,9,25.16,E,8,17.95,E,8,64.0,E,8,964.3861999999999,E,8,999.0,E,8,1.18,E,8,-9900,?,9,-9900,?,9,0.0,E,8,-9900,?,9,-9900,?,9,0.0,0.0,E,8
10/24/2025,15:00,1003.072,1381.319,318.0,1,8,27.099,1,8,298.327,1,8,38160.0,1,8,2574.362,1,8,32815.972,1,8,130.803,1,8,-9900,?,9,-9900,?,9,25.31,E,8,18.0,E,8,63.0,E,8,964.3861999999999,E,8,999.0,E,8,1.18,E,8,-9900,?,9,-9900,?,9,0.0,E,8,-9900,?,9,-9900,?,9,0.0,0.0,E,8
10/24/2025,16:00,744.517,1381.319,239.98,1,8,15.538,1,8,231.611,1,8,28797.6,1,8,1476.152,1,8,25477.202,1,8,136.88,1,8,-9900,?,9,-9900,?,9,25.07,E,8,17.92,E,8,64.0,E,8,964.3861999999999,E,8,999.0,E,8,1.18,E,8,-9900,?,9,-9900,?,9,0.0,E,8,-9900,?,9,-9900,?,9,0.0,0.0,E,8
10/24/2025,17:00,442.661,1381.319,145.61,1,8,96.174,1,8,114.868,1,8,17473.2,1,8,9136.57,1,8,12635.436,1,8,114.385,1,8,-9900,?,9,-9900,?,9,24.37,E,8,17.71,E,8,66.0,E,8,964.3861999999999,E,8,999.0,E,8,1.18,E,8,-9900,?,9,-9900,?,9,0.0,E,8,-9900,?,9,-9900,?,9,0.0,0.0,E,8
10/24/2025,18:00,120.074,1381.319,75.32,1,8,176.475,1,8,60.486,1,8,9038.4,1,8,16765.111,1,8,6653.46,1,8,229.05,1,8,-9900,?,9,-9900,?,9,23.44,E,8,17.42,E,8,68.0,E,8,964.3861999999999,E,8,999.0,E,8,1.18,E,8,-9900,?,9,-9900,?,9,0.0,E,8,-9900,?,9,-9900,?,9,0.0,0.0,E,8
10/24/2025,19:00,0.0,1381.319,0.0,1,8,0.0,1,8,0.0,1,8,0.0,1,8,0.0,1,8,0.0,1,8,-0.0,1,8,-9900,?,9,-9900,?,9,22.58,E,8,17.14,E,8,71.0,E,8,964.3861999999999,E,8,999.0,E,8,1.18,E,8,-9900,?,9,-9900,?,9,0.0,E,8,-9900,?,9,-9900,?,9,0.0,0.0,E,8
10/24/2025,20:00,0.0,1381.319,0.0,1,8,0.0,1,8,0.0,1,8,0.0,1,8,0.0,1,8,0.0,1,8,-0.0,1,8,-9900,?,9,-9900,?,9,21.73,E,8,16.87,E,8,73.0,E,8,964.3861999999999,E,8,999.0,E,8,1.18,E,8,-9900,?,9,-9900,?,9,0.0,E,8,-9900,?,9,-9900,?,9,0.0,0.0,E,8
10/24/2025,21:00,0.0,1381.319,0.0,1,8,0.0,1,8,0.0,1,8,0.0,1,8,0.0,1,8,0.0,1,8,-0.0,1,8,-9900,?,9,-9900,?,9,20.87,E,8,16.59,E,8,76.0,E,8,964.3861999999999,E,8,999.0,E,8,1.18,E,8,-9900,?,9,-9900,?,9,0.0,E,8,-9900,?,9,-9900,?,9,0.0,0.0,E,8
10/24/2025,22:00,0.0,1381.319,0.0,1,8,0.0,1,8,0.0,1,8,0.0,1,8,0.0,1,8,0.0,1,8,-0.0,1,8,-9900,?,9,-9900,?,9,20.01,E,8,16.3,E,8,79.0,E,8,964.3861999999999,E,8,999.0,E,8,1.18,E,8,-9900,?,9,-9900,?,9,0.0,E,8,-9900,?,9,-9900,?,9,0.0,0.0,E,8
10/24/2025,23:00,0.0,1381.319,0.0,1,8,0.0,1,8,0.0,1,8,0.0,1,8,0.0,1,8,0.0,1,8,-0.0,1,8,-9900,?,9,-9900,?,9,19.16,E,8,16.01,E,8,81.0,E,8,964.3861999999999,E,8,999.0,E,8,1.18,E,8,-9900,?,9,-9900,?,9,0.0,E,8,-9900,?,9,-9900,?,9,0.0,0.0,E,8
10/24/2025,24:00,0.0,1381.319,0.0,1,8,0.0,1,8,0.0,1,8,0.0,1,8,0.0,1,8,0.0,1,8,-0.0,1,8,-9900,?,9,-9900,?,9,18.3,E,8,13.88,E,8,73.0,E,8,964.3861999999999,E,8,999.0,E,8,1.13,E,8,-9900,?,9,-9900,?,9,0.0,E,8,-9900,?,9,-9900,?,9,0.0,0.0,E,8
10/25/2025,01:00,0.0,1381.319,0.0,1,8,0.0,1,8,0.0,1,8,0.0,1,8,0.0,1,8,0.0,1,8,-0.0,1,8,-9900,?,9,-9900,?,9,17.87,E,8,13.94,E,8,75.0,E,8,964.3861999999999,E,8,999.0,E,8,1.13,E,8,-9900,?,9,-9900,?,9,0.0,E,8,-9900,?,9,-9900,?,9,0.0,0.0,E,8
10/25/2025,02:00,0.0,1381.319,0.0,1,8,0.0,1,8,0.0,1,8,0.0,1,8,0.0,1,8,0.0,1,8,-0.0,1,8,-9900,?,9,-9900,?,9,17.44,E,8,13.99,E,8,77.0,E,8,964.3861999999999,E,8,999.0,E,8,1.13,E,8,-9900,?,9,-9900,?,9,0.0,E,8,-9900,?,9,-9900,?,9,0.0,0.0,E,8
10/25/2025,03:00,0.0,1381.319,0.0,1,8,0.0,1,8,0.0,1,8,0.0,1,8,0.0,1,8,0.0,1,8,-0.0,1,8,-9900,?,9,-9900,?,9,17.02,E,8,14.04,E,8,80.0,E,8,964.3861999999999,E,8,999.0,E,8,1.13,E,8,-9900,?,9,-9900,?,9,0.0,E,8,-9900,?,9,-9900,?,9,0.0,0.0,E,8
10/25/2025,04:00,0.0,1382.095,0.0,1,8,0.0,1,8,0.0,1,8,0.0,1,8,0.0,1,8,0.0,1,8,-0.0,1,8,-9900,?,9,-9900,?,9,16.59,E,8,14.1,E,8,87.0,E,8,964.3861999999999,E,8,999.0,E,8,1.13,E,8,-9900,?,9,-9900,?,9,0.001,E,8,-9900,?,9,-9900,?,9,0.01,99.0,E,8
10/25/2025,05:00,0.0,1382.095,0.0,1,8,0.0,1,8,0.0,1,8,0.0,1,8,0.0,1,8,0.0,1,8,-0.0,1,8,-9900,?,9,-9900,?,9,16.21,E,8,14.15,E,8,84.0,E,8,964.3861999999999,E,8,999.0,E,8,1.13,E,8,-9900,?,9,-9900,?,9,0.0,E,8,-9900,?,9,-9900,?,9,0.0,0.0,E,8
10/25/2025,06:00,97.977,1382.095,0.0,1,8,0.0,1,8,0.0,1,8,0.0,1,8,0.0,1,8,0.0,1,8,0.0,1,8,-9900,?,9,-9900,?,9,15.93,E,8,14.18,E,8,91.0,E,8,964.3861999999999,E,8,999.0,E,8,1.13,E,8,-9900,?,9,-9900,?,9,0.004,E,8,-9900,?,9,-9900,?,9,0.04,99.0,E,8
10/25/2025,07:00,420.969,1382.095,36.25,1,8,0.0,1,8,36.25,1,8,4350.0,1,8,0.0,1,8,3987.5,1,8,37.99,1,8,-9900,?,9,-9900,?,9,15.64,E,8,14.22,E,8,88.0,E,8,964.3861999999999,E,8,999.0,E,8,1.13,E,8,-9900,?,9,-9900,?,9,0.0,E,8,-9900,?,9,-9900,?,9,0.0,0.0,E,8
10/25/2025,08:00,725.33,1382.095,123.7,1,8,0.0,1,8,123.7,1,8,14844.0,1,8,0.0,1,8,13607.0,1,8,75.086,1,8,-9900,?,9,-9900,?,9,18.74,E,8,13.83,E,8,71.0,E,8,964.3861999999999,E,8,999.0,E,8,1.13,E,8,-9900,?,9,-9900,?,9,0.0,E,8,-9900,?,9,-9900,?,9,0.0,0.0,E,8
10/25/2025,09:00,987.81,1382.095,208.66,1,8,2.59,1,8,206.809,1,8,25039.2,1,8,246.086,1,8,22749.004,1,8,92.131,1,8,-9900,?,9,-9900,?,9,20.4,E,8,13.62,E,8,68.0,E,8,964.3861999999999,E,8,999.0,E,8,1.13,E,8,-9900,?,9,-9900,?,9,0.001,E,8,-9900,?,9,-9900,?,9,0.01,99.0,E,8
10/25/2025,10:00,1190.286,1382.095,332.71,1,8,2.484,1,8,330.571,1,8,39925.2,1,8,236.013,1,8,36362.772,1,8,122.193,1,8,-9900,?,9,-9900,?,9,22.43,E,8,13.35,E,8,55.0,E,8,964.3861999999999,E,8,999.0,E,8,1.13,E,8,-9900,?,9,-9900,?,9,0.0,E,8,-9900,?,9,-9900,?,9,0.0,0.0,E,8
10/25/2025,11:00,1318.908,1382.095,340.74,1,8,18.044,1,8,323.521,1,8,40888.8,1,8,1714.183,1,8,35587.355,1,8,107.917,1,8,-9900,?,9,-9900,?,9,23.71,E,8,13.19,E,8,51.0,E,8,964.3861999999999,E,8,999.0,E,8,1.13,E,8,-9900,?,9,-9900,?,9,0.0,E,8,-9900,?,9,-9900,?,9,0.0,0.0,E,8
10/25/2025,12:00,1364.901,1382.095,314.01,1,8,3.675,1,8,310.381,1,8,37681.2,1,8,349.131,1,8,34141.875,1,8,100.043,1,8,-9900,?,9,-9900,?,9,24.39,E,8,13.1,E,8,49.0,E,8,964.3861999999999,E,8,999.0,E,8,1.13,E,8,-9900,?,9,-9900,?,9,0.0,E,8,-9900,?,9,-9900,?,9,0.0,0.0,E,8
10/25/2025,13:00,1325.142,1382.095,316.39,1,8,4.048,1,8,312.509,1,8,37966.8,1,8,384.572,1,8,34375.967,1,8,103.753,1,8,-9900,?,9,-9900,?,9,24.89,E,8,13.03,E,8,47.0,E,8,964.3861999999999,E,8,999.0,E,8,1.13,E,8,-9900,?,9,-9900,?,9,0.0,E,8,-9900,?,9,-9900,?,9,0.0,0.0,E,8
10/25/2025,14:00,1202.365,1382.095,395.63,1,8,15.862,1,8,381.832,1,8,47475.6,1,8,1506.849,1,8,42001.565,1,8,139.722,1,8,-9900,?,9,-9900,?,9,25.65,E,8,12.93,E,8,45.0,E,8,964.3861999999999,E,8,999.0,E,8,1.13,E,8,-9900,?,9,-9900,?,9,0.0,E,8,-9900,?,9,-9900,?,9,0.0,0.0,E,8
10/25/2025,15:00,1004.975,1382.095,241.4,1,8,13.824,1,8,231.351,1,8,28968.0,1,8,1313.26,1,8,25448.59,1,8,101.302,1,8,-9900,?,9,-9900,?,9,25.52,E,8,12.95,E,8,45.0,E,8,964.3861999999999,E,8,999.0,E,8,1.13,E,8,-9900,?,9,-9900,?,9,0.0,E,8,-9900,?,9,-9900,?,9,0.0,0.0,E,8
10/25/2025,16:00,746.504,1382.095,156.86,1,8,0.0,1,8,156.86,1,8,18823.2,1,8,0.0,1,8,17254.6,1,8,92.508,1,8,-9900,?,9,-9900,?,9,24.87,E,8,13.03,E,8,47.0,E,8,964.3861999999999,E,8,999.0,E,8,1.13,E,8,-9900,?,9,-9900,?,9,0.0,E,8,-9900,?,9,-9900,?,9,0.0,0.0,E,8
10/25/2025,17:00,444.801,1382.095,130.33,1,8,23.484,1,8,122.791,1,8,15639.6,1,8,2230.956,1,8,13507.024,1,8,121.753,1,8,-9900,?,9,-9900,?,9,24.17,E,8,13.13,E,8,54.0,E,8,964.3861999999999,E,8,999.0,E,8,1.13,E,8,-9900,?,9,-9900,?,9,0.094,E,8,-9900,?,9,-9900,?,9,0.94,99.0,E,8
10/25/2025,18:00,122.379,1382.095,42.36,1,8,142.885,1,8,30.112,1,8,5083.2,1,8,13574.03,1,8,3312.342,1,8,111.82,1,8,-9900,?,9,-9900,?,9,23.11,E,8,13.27,E,8,53.0,E,8,964.3861999999999,E,8,999.0,E,8,1.13,E,8,-9900,?,9,-9900,?,9,0.0,E,8,-9900,?,9,-9900,?,9,0.0,0.0,E,8
10/25/2025,19:00,0.0,1382.095,0.0,1,8,0.0,1,8,0.0,1,8,0.0,1,8,0.0,1,8,0.0,1,8,-0.0,1,8,-9900,?,9,-9900,?,9,22.37,E,8,13.36,E,8,55.0,E,8,964.3861999999999,E,8,999.0,E,8,1.13,E,8,-9900,?,9,-9900,?,9,0.0,E,8,-9900,?,9,-9900,?,9,0.0,0.0,E,8
10/25/2025,20:00,0.0,1382.095,0.0,1,8,0.0,1,8,0.0,1,8,0.0,1,8,0.0,1,8,0.0,1,8,-0.0,1,8,-9900,?,9,-9900,?,9,21.62,E,8,13.46,E,8,58.0,E,8,964.3861999999999,E,8,999.0,E,8,1.13,E,8,-9900,?,9,-9900,?,9,0.0,E,8,-9900,?,9,-9900,?,9,0.0,0.0,E,8
10/25/2025,21:00,0.0,1382.095,0.0,1,8,0.0,1,8,0.0,1,8,0.0,1,8,0.0,1,8,0.0,1,8,-0.0,1,8,-9900,?,9,-9900,?,9,20.88,E,8,13.55,E,8,61.0,E,8,964.3861999999999,E,8,999.0,E,8,1.13,E,8,-9900,?,9,-9900,?,9,0.0,E,8,-9900,?,9,-9900,?,9,0.0,0.0,E,8
10/25/2025,22:00,0.0,1382.095,0.0,1,8,0.0,1,8,0.0,1,8,0.0,1,8,0.0,1,8,0.0,1,8,-0.0,1,8,-9900,?,9,-9900,?,9,20.13,E,8,13.65,E,8,64.0,E,8,964.3861999999999,E,8,999.0,E,8,1.31,E,8,-9900,?,9,-9900,?,9,0.0,E,8,-9900,?,9,-9900,?,9,0.0,0.0,E,8
10/25/2025,23:00,0.0,1382.095,0.0,1,8,0.0,1,8,0.0,1,8,0.0,1,8,0.0,1,8,0.0,1,8,-0.0,1,8,-9900,?,9,-9900,?,9,19.39,E,8,13.75,E,8,68.0,E,8,964.3861999999999,E,8,999.0,E,8,2.1,E,8,-9900,?,9,-9900,?,9,0.0,E,8,-9900,?,9,-9900,?,9,0.0,0.0,E,8
10/25/2025,24:00,0.0,1382.095,0.0,1,8,0.0,1,8,0.0,1,8,0.0,1,8,0.0,1,8,0.0,1,8,-0.0,1,8,-9900,?,9,-9900,?,9,18.65,E,8,15.27,E,8,80.0,E,8,964.3861999999999,E,8,999.0,E,8,1.07,E,8,-9900,?,9,-9900,?,9,0.0,E,8,-9900,?,9,-9900,?,9,0.0,0.0,E,8
10/26/2025,01:00,0.0,1382.095,0.0,1,8,0.0,1,8,0.0,1,8,0.0,1,8,0.0,1,8,0.0,1,8,-0.0,1,8,-9900,?,9,-9900,?,9,18.28,E,8,15.21,E,8,82.0,E,8,964.3861999999999,E,8,999.0,E,8,1.33,E,8,-9900,?,9,-9900,?,9,0.0,E,8,-9900,?,9,-9900,?,9,0.0,0.0,E,8
10/26/2025,02:00,0.0,1382.095,0.0,1,8,0.0,1,8,0.0,1,8,0.0,1,8,0.0,1,8,0.0,1,8,-0.0,1,8,-9900,?,9,-9900,?,9,17.9,E,8,15.15,E,8,83.0,E,8,964.3861999999999,E,8,999.0,E,8,1.09,E,8,-9900,?,9,-9900,?,9,0.0,E,8,-9900,?,9,-9900,?,9,0.0,0.0,E,8
10/26/2025,03:00,0.0,1382.095,0.0,1,8,0.0,1,8,0.0,1,8,0.0,1,8,0.0,1,8,0.0,1,8,-0.0,1,8,-9900,?,9,-9900,?,9,17.53,E,8,15.08,E,8,85.0,E,8,964.3861999999999,E,8,999.0,E,8,1.07,E,8,-9900,?,9,-9900,?,9,0.0,E,8,-9900,?,9,-9900,?,9,0.0,0.0,E,8
10/26/2025,04:00,0.0,1382.868,0.0,1,8,0.0,1,8,0.0,1,8,0.0,1,8,0.0,1,8,0.0,1,8,-0.0,1,8,-9900,?,9,-9900,?,9,17.16,E,8,15.02,E,8,87.0,E,8,964.3861999999999,E,8,999.0,E,8,1.07,E,8,-9900,?,9,-9900,?,9,0.0,E,8,-9900,?,9,-9900,?,9,0.0,0.0,E,8
10/26/2025,05:00,0.0,1382.868,0.0,1,8,0.0,1,8,0.0,1,8,0.0,1,8,0.0,1,8,0.0,1,8,-0.0,1,8,-9900,?,9,-9900,?,9,16.83,E,8,14.97,E,8,88.0,E,8,964.3861999999999,E,8,999.0,E,8,1.07,E,8,-9900,?,9,-9900,?,9,0.0,E,8,-9900,?,9,-9900,?,9,0.0,0.0,E,8
10/26/2025,06:00,101.459,1382.868,0.0,1,8,0.0,1,8,0.0,1,8,0.0,1,8,0.0,1,8,0.0,1,8,0.0,1,8,-9900,?,9,-9900,?,9,16.59,E,8,14.93,E,8,89.0,E,8,964.3861999999999,E,8,999.0,E,8,1.07,E,8,-9900,?,9,-9900,?,9,0.0,E,8,-9900,?,9,-9900,?,9,0.0,0.0,E,8
10/26/2025,07:00,424.29,1382.868,139.2,1,8,50.203,1,8,123.839,1,8,16704.0,1,8,4769.329,1,8,13622.337,1,8,128.835,1,8,-9900,?,9,-9900,?,9,16.34,E,8,14.88,E,8,91.0,E,8,964.3861999999999,E,8,999.0,E,8,1.07,E,8,-9900,?,9,-9900,?,9,0.0,E,8,-9900,?,9,-9900,?,9,0.0,0.0,E,8
10/26/2025,08:00,728.368,1382.868,205.57,1,8,12.79,1,8,198.839,1,8,24668.4,1,8,1215.019,1,8,21872.259,1,8,120.258,1,8,-9900,?,9,-9900,?,9,20.62,E,8,15.59,E,8,72.0,E,8,964.3861999999999,E,8,999.0,E,8,1.07,E,8,-9900,?,9,-9900,?,9,0.0,E,8,-9900,?,9,-9900,?,9,0.0,0.0,E,8
10/26/2025,09:00,990.555,1382.868,206.5,1,8,5.616,1,8,202.479,1,8,24780.0,1,8,533.495,1,8,22272.64,1,8,90.002,1,8,-9900,?,9,-9900,?,9,20.91,E,8,15.64,E,8,71.0,E,8,964.3861999999999,E,8,999.0,E,8,1.07,E,8,-9900,?,9,-9900,?,9,0.0,E,8,-9900,?,9,-9900,?,9,0.0,0.0,E,8
10/26/2025,10:00,1192.755,1382.868,437.77,1,8,23.654,1,8,417.37,1,8,52532.4,1,8,2247.17,1,8,45910.655,1,8,154.044,1,8,-9900,?,9,-9900,?,9,22.48,E,8,15.89,E,8,66.0,E,8,964.3861999999999,E,8,999.0,E,8,1.07,E,8,-9900,?,9,-9900,?,9,0.0,E,8,-9900,?,9,-9900,?,9,0.0,0.0,E,8
10/26/2025,11:00,1321.135,1382.868,548.42,1,8,104.227,1,8,448.848,1,8,65810.4,1,8,9901.583,1,8,49373.324,1,8,149.553,1,8,-9900,?,9,-9900,?,9,23.98,E,8,16.13,E,8,61.0,E,8,964.3861999999999,E,8,999.0,E,8,1.07,E,8,-9900,?,9,-9900,?,9,0.0,E,8,-9900,?,9,-9900,?,9,0.0,0.0,E,8
10/26/2025,12:00,1366.94,1382.868,319.85,1,8,2.91,1,8,316.973,1,8,38382.0,1,8,276.467,1,8,34867.069,1,8,102.072,1,8,-9900,?,9,-9900,?,9,24.03,E,8,16.14,E,8,61.0,E,8,964.3861999999999,E,8,999.0,E,8,1.07,E,8,-9900,?,9,-9900,?,9,0.0,E,8,-9900,?,9,-9900,?,9,0.0,0.0,E,8
10/26/2025,13:00,1327.059,1382.868,452.49,1,8,30.564,1,8,423.16,1,8,54298.8,1,8,2903.592,1,8,46547.612,1,8,140.364,1,8,-9900,?,9,-9900,?,9,24.54,E,8,16.22,E,8,59.0,E,8,964.3861999999999,E,8,999.0,E,8,1.25,E,8,-9900,?,9,-9900,?,9,0.0,E,8,-9900,?,9,-9900,?,9,0.0,0.0,E,8
10/26/2025,14:00,1204.232,1382.868,478.92,1,8,97.93,1,8,393.649,1,8,57470.4,1,8,9303.309,1,8,43301.363,1,8,143.903,1,8,-9900,?,9,-9900,?,9,25.0,E,8,16.29,E,8,58.0,E,8,964.3861999999999,E,8,999.0,E,8,1.23,E,8,-9900,?,9,-9900,?,9,0.0,E,8,-9900,?,9,-9900,?,9,0.0,0.0,E,8
10/26/2025,15:00,1006.871,1382.868,756.93,1,8,694.218,1,8,251.599,1,8,90831.6,1,8,65950.686,1,8,27675.932,1,8,110.022,1,8,-9900,?,9,-9900,?,9,26.13,E,8,16.46,E,8,55.0,E,8,964.3861999999999,E,8,999.0,E,8,1.1,E,8,-9900,?,9,-9900,?,9,0.0,E,8,-9900,?,9,-9900,?,9,0.0,0.0,E,8
10/26/2025,16:00,748.503,1382.868,508.21,1,8,609.247,1,8,178.677,1,8,60985.2,1,8,57878.494,1,8,19654.448,1,8,105.151,1,8,-9900,?,9,-9900,?,9,26.41,E,8,16.51,E,8,54.0,E,8,964.3861999999999,E,8,999.0,E,8,1.32,E,8,-9900,?,9,-9900,?,9,0.0,E,8,-9900,?,9,-9900,?,9,0.0,0.0,E,8
10/26/2025,17:00,446.967,1382.868,178.88,1,8,154.569,1,8,129.044,1,8,21465.6,1,8,14684.094,1,8,14194.877,1,8,127.401,1,8,-9900,?,9,-9900,?,9,25.54,E,8,16.37,E,8,56.0,E,8,964.3861999999999,E,8,999.0,E,8,1.95,E,8,-9900,?,9,-9900,?,9,0.0,E,8,-9900,?,9,-9900,?,9,0.0,0.0,E,8
10/26/2025,18:00,124.722,1382.868,66.92,1,8,293.633,1,8,41.255,1,8,8030.4,1,8,27895.11,1,8,4538.056,1,8,150.242,1,8,-9900,?,9,-9900,?,9,24.42,E,8,16.2,E,8,60.0,E,8,964.3861999999999,E,8,999.0,E,8,1.87,E,8,-9900,?,9,-9900,?,9,0.0,E,8,-9900,?,9,-9900,?,9,0.0,0.0,E,8
10/26/2025,19:00,0.0,1382.868,0.0,1,8,0.0,1,8,0.0,1,8,0.0,1,8,0.0,1,8,0.0,1,8,-0.0,1,8,-9900,?,9,-9900,?,9,23.52,E,8,16.06,E,8,62.0,E,8,964.3861999999999,E,8,999.0,E,8,1.07,E,8,-9900,?,9,-9900,?,9,0.0,E,8,-9900,?,9,-9900,?,9,0.0,0.0,E,8
10/26/2025,20:00,0.0,1382.868,0.0,1,8,0.0,1,8,0.0,1,8,0.0,1,8,0.0,1,8,0.0,1,8,-0.0,1,8,-9900,?,9,-9900,?,9,22.61,E,8,15.91,E,8,65.0,E,8,964.3861999999999,E,8,999.0,E,8,1.07,E,8,-9900,?,9,-9900,?,9,0.0,E,8,-9900,?,9,-9900,?,9,0.0,0.0,E,8
10/26/2025,21:00,0.0,1382.868,0.0,1,8,0.0,1,8,0.0,1,8,0.0,1,8,0.0,1,8,0.0,1,8,-0.0,1,8,-9900,?,9,-9900,?,9,21.71,E,8,15.77,E,8,68.0,E,8,964.3861999999999,E,8,999.0,E,8,1.07,E,8,-9900,?,9,-9900,?,9,0.0,E,8,-9900,?,9,-9900,?,9,0.0,0.0,E,8
10/26/2025,22:00,0.0,1382.868,0.0,1,8,0.0,1,8,0.0,1,8,0.0,1,8,0.0,1,8,0.0,1,8,-0.0,1,8,-9900,?,9,-9900,?,9,20.8,E,8,15.62,E,8,72.0,E,8,964.3861999999999,E,8,999.0,E,8,1.07,E,8,-9900,?,9,-9900,?,9,0.0,E,8,-9900,?,9,-9900,?,9,0.0,0.0,E,8
10/26/2025,23:00,0.0,1382.868,0.0,1,8,0.0,1,8,0.0,1,8,0.0,1,8,0.0,1,8,0.0,1,8,-0.0,1,8,-9900,?,9,-9900,?,9,19.9,E,8,15.48,E,8,75.0,E,8,964.3861999999999,E,8,999.0,E,8,1.07,E,8,-9900,?,9,-9900,?,9,0.0,E,8,-9900,?,9,-9900,?,9,0.0,0.0,E,8
10/26/2025,24:00,0.0,1382.868,0.0,1,8,0.0,1,8,0.0,1,8,0.0,1,8,0.0,1,8,0.0,1,8,-0.0,1,8,-9900,?,9,-9900,?,9,18.99,E,8,14.82,E,8,76.0,E,8,964.3861999999999,E,8,999.0,E,8,1.18,E,8,-9900,?,9,-9900,?,9,0.0,E,8,-9900,?,9,-9900,?,9,0.0,0.0,E,8
10/27/2025,01:00,0.0,1382.868,0.0,1,8,0.0,1,8,0.0,1,8,0.0,1,8,0.0,1,8,0.0,1,8,-0.0,1,8,-9900,?,9,-9900,?,9,18.54,E,8,14.78,E,8,78.0,E,8,964.3861999999999,E,8,999.0,E,8,1.18,E,8,-9900,?,9,-9900,?,9,0.0,E,8,-9900,?,9,-9900,?,9,0.0,0.0,E,8
10/27/2025,02:00,0.0,1382.868,0.0,1,8,0.0,1,8,0.0,1,8,0.0,1,8,0.0,1,8,0.0,1,8,-0.0,1,8,-9900,?,9,-9900,?,9,18.09,E,8,14.73,E,8,80.0,E,8,964.3861999999999,E,8,999.0,E,8,1.18,E,8,-9900,?,9,-9900,?,9,0.0,E,8,-9900,?,9,-9900,?,9,0.0,0.0,E,8
10/27/2025,03:00,0.0,1382.868,0.0,1,8,0.0,1,8,0.0,1,8,0.0,1,8,0.0,1,8,0.0,1,8,-0.0,1,8,-9900,?,9,-9900,?,9,17.64,E,8,14.68,E,8,82.0,E,8,964.3861999999999,E,8,999.0,E,8,1.18,E,8,-9900,?,9,-9900,?,9,0.0,E,8,-9900,?,9,-9900,?,9,0.0,0.0,E,8
10/27/2025,04:00,0.0,1383.636,0.0,1,8,0.0,1,8,0.0,1,8,0.0,1,8,0.0,1,8,0.0,1,8,-0.0,1,8,-9900,?,9,-9900,?,9,17.18,E,8,14.63,E,8,84.0,E,8,964.3861999999999,E,8,999.0,E,8,1.18,E,8,-9900,?,9,-9900,?,9,0.0,E,8,-9900,?,9,-9900,?,9,0.0,0.0,E,8
10/27/2025,05:00,0.0,1383.636,0.0,1,8,0.0,1,8,0.0,1,8,0.0,1,8,0.0,1,8,0.0,1,8,-0.0,1,8,-9900,?,9,-9900,?,9,16.78,E,8,14.59,E,8,86.0,E,8,964.3861999999999,E,8,999.0,E,8,1.18,E,8,-9900,?,9,-9900,?,9,0.0,E,8,-9900,?,9,-9900,?,9,0.0,0.0,E,8
10/27/2025,06:00,104.855,1383.636,0.0,1,8,0.0,1,8,0.0,1,8,0.0,1,8,0.0,1,8,0.0,1,8,0.0,1,8,-9900,?,9,-9900,?,9,16.48,E,8,14.56,E,8,88.0,E,8,964.3861999999999,E,8,999.0,E,8,1.18,E,8,-9900,?,9,-9900,?,9,0.0,E,8,-9900,?,9,-9900,?,9,0.0,0.0,E,8
10/27/2025,07:00,427.51,1383.636,74.09,1,8,0.0,1,8,74.09,1,8,8890.8,1,8,0.0,1,8,8149.9,1,8,76.538,1,8,-9900,?,9,-9900,?,9,16.18,E,8,14.52,E,8,89.0,E,8,964.3861999999999,E,8,999.0,E,8,1.18,E,8,-9900,?,9,-9900,?,9,0.0,E,8,-9900,?,9,-9900,?,9,0.0,0.0,E,8
10/27/2025,08:00,731.301,1383.636,245.91,1,8,31.678,1,8,229.18,1,8,29509.2,1,8,3009.427,1,8,25209.755,1,8,138.127,1,8,-9900,?,9,-9900,?,9,19.42,E,8,14.87,E,8,74.0,E,8,964.3861999999999,E,8,999.0,E,8,1.18,E,8,-9900,?,9,-9900,?,9,0.0,E,8,-9900,?,9,-9900,?,9,0.0,0.0,E,8
10/27/2025,09:00,993.2,1383.636,412.44,1,8,76.773,1,8,357.346,1,8,49492.8,1,8,7293.43,1,8,39308.081,1,8,158.506,1,8,-9900,?,9,-9900,?,9,21.12,E,8,15.05,E,8,68.0,E,8,964.3861999999999,E,8,999.0,E,8,1.18,E,8,-9900,?,9,-9900,?,9,0.0,E,8,-9900,?,9,-9900,?,9,0.0,0.0,E,8
10/27/2025,10:00,1195.131,1383.636,551.37,1,8,166.159,1,8,407.863,1,8,66164.4,1,8,15785.114,1,8,44864.89,1,8,150.319,1,8,-9900,?,9,-9900,?,9,22.67,E,8,15.21,E,8,62.0,E,8,964.3861999999999,E,8,999.0,E,8,1.18,E,8,-9900,?,9,-9900,?,9,0.0,E,8,-9900,?,9,-9900,?,9,0.0,0.0,E,8
10/27/2025,11:00,1323.283,1383.636,650.87,1,8,96.913,1,8,558.186,1,8,78104.4,1,8,9206.779,1,8,61400.5,1,8,185.785,1,8,-9900,?,9,-9900,?,9,24.01,E,8,15.35,E,8,58.0,E,8,964.3861999999999,E,8,999.0,E,8,1.18,E,8,-9900,?,9,-9900,?,9,0.0,E,8,-9900,?,9,-9900,?,9,0.0,0.0,E,8
10/27/2025,12:00,1368.916,1383.636,703.4,1,8,112.275,1,8,592.32,1,8,84408.0,1,8,10666.108,1,8,65155.241,1,8,190.57,1,8,-9900,?,9,-9900,?,9,25.07,E,8,15.46,E,8,55.0,E,8,964.3861999999999,E,8,999.0,E,8,1.18,E,8,-9900,?,9,-9900,?,9,0.0,E,8,-9900,?,9,-9900,?,9,0.0,0.0,E,8
10/27/2025,13:00,1328.93,1383.636,705.11,1,8,131.008,1,8,579.285,1,8,84613.2,1,8,12445.721,1,8,63721.386,1,8,191.988,1,8,-9900,?,9,-9900,?,9,25.84,E,8,15.54,E,8,52.0,E,8,964.3861999999999,E,8,999.0,E,8,1.18,E,8,-9900,?,9,-9900,?,9,0.0,E,8,-9900,?,9,-9900,?,9,0.0,0.0,E,8
10/27/2025,14:00,1206.074,1383.636,655.88,1,8,317.333,1,8,379.296,1,8,78705.6,1,8,30146.604,1,8,41722.611,1,8,138.522,1,8,-9900,?,9,-9900,?,9,26.29,E,8,15.58,E,8,51.0,E,8,964.3861999999999,E,8,999.0,E,8,1.18,E,8,-9900,?,9,-9900,?,9,0.0,E,8,-9900,?,9,-9900,?,9,0.0,0.0,E,8
10/27/2025,15:00,1008.76,1383.636,559.34,1,8,292.732,1,8,345.975,1,8,67120.8,1,8,27809.499,1,8,38057.259,1,8,151.092,1,8,-9900,?,9,-9900,?,9,26.42,E,8,15.6,E,8,51.0,E,8,964.3861999999999,E,8,999.0,E,8,1.18,E,8,-9900,?,9,-9900,?,9,0.0,E,8,-9900,?,9,-9900,?,9,0.0,0.0,E,8
10/27/2025,16:00,750.512,1383.636,422.79,1,8,384.6,1,8,214.322,1,8,50734.8,1,8,36537.023,1,8,23575.37,1,8,125.859,1,8,-9900,?,9,-9900,?,9,26.14,E,8,15.57,E,8,52.0,E,8,964.3861999999999,E,8,999.0,E,8,1.18,E,8,-9900,?,9,-9900,?,9,0.0,E,8,-9900,?,9,-9900,?,9,0.0,0.0,E,8
10/27/2025,17:00,449.16,1383.636,257.74,1,8,462.359,1,8,108.016,1,8,30928.8,1,8,43924.069,1,8,11881.805,1,8,106.177,1,8,-9900,?,9,-9900,?,9,25.39,E,8,15.49,E,8,54.0,E,8,964.3861999999999,E,8,999.0,E,8,1.18,E,8,-9900,?,9,-9900,?,9,0.0,E,8,-9900,?,9,-9900,?,9,0.0,0.0,E,8
10/27/2025,18:00,127.104,1383.636,85.06,1,8,301.657,1,8,58.177,1,8,10207.2,1,8,28657.439,1,8,6399.482,1,8,207.797,1,8,-9900,?,9,-9900,?,9,24.26,E,8,15.38,E,8,57.0,E,8,964.3861999999999,E,8,999.0,E,8,1.18,E,8,-9900,?,9,-9900,?,9,0.0,E,8,-9900,?,9,-9900,?,9,0.0,0.0,E,8
10/27/2025,19:00,0.0,1383.636,0.0,1,8,0.0,1,8,0.0,1,8,0.0,1,8,0.0,1,8,0.0,1,8,-0.0,1,8,-9900,?,9,-9900,?,9,23.35,E,8,15.28,E,8,60.0,E,8,964.3861999999999,E,8,999.0,E,8,1.18,E,8,-9900,?,9,-9900,?,9,0.0,E,8,-9900,?,9,-9900,?,9,0.0,0.0,E,8
10/27/2025,20:00,0.0,1383.636,0.0,1,8,0.0,1,8,0.0,1,8,0.0,1,8,0.0,1,8,0.0,1,8,-0.0,1,8,-9900,?,9,-9900,?,9,22.44,E,8,15.19,E,8,63.0,E,8,964.3861999999999,E,8,999.0,E,8,1.18,E,8,-9900,?,9,-9900,?,9,0.0,E,8,-9900,?,9,-9900,?,9,0.0,0.0,E,8
10/27/2025,21:00,0.0,1383.636,0.0,1,8,0.0,1,8,0.0,1,8,0.0,1,8,0.0,1,8,0.0,1,8,-0.0,1,8,-9900,?,9,-9900,?,9,21.53,E,8,15.09,E,8,66.0,E,8,964.3861999999999,E,8,999.0,E,8,1.18,E,8,-9900,?,9,-9900,?,9,0.0,E,8,-9900,?,9,-9900,?,9,0.0,0.0,E,8
10/27/2025,22:00,0.0,1383.636,0.0,1,8,0.0,1,8,0.0,1,8,0.0,1,8,0.0,1,8,0.0,1,8,-0.0,1,8,-9900,?,9,-9900,?,9,20.61,E,8,15.0,E,8,70.0,E,8,964.3861999999999,E,8,999.0,E,8,1.18,E,8,-9900,?,9,-9900,?,9,0.0,E,8,-9900,?,9,-9900,?,9,0.0,0.0,E,8
10/27/2025,23:00,0.0,1383.636,0.0,1,8,0.0,1,8,0.0,1,8,0.0,1,8,0.0,1,8,0.0,1,8,-0.0,1,8,-9900,?,9,-9900,?,9,19.7,E,8,14.9,E,8,73.0,E,8,964.3861999999999,E,8,999.0,E,8,1.18,E,8,-9900,?,9,-9900,?,9,0.0,E,8,-9900,?,9,-9900,?,9,0.0,0.0,E,8
10/27/2025,24:00,0.0,1383.636,0.0,1,8,0.0,1,8,0.0,1,8,0.0,1,8,0.0,1,8,0.0,1,8,-0.0,1,8,-9900,?,9,-9900,?,9,18.79,E,8,14.74,E,8,77.0,E,8,964.3861999999999,E,8,999.0,E,8,1.18,E,8,-9900,?,9,-9900,?,9,0.0,E,8,-9900,?,9,-9900,?,9,0.0,0.0,E,8
10/28/2025,01:00,0.0,1383.636,0.0,1,8,0.0,1,8,0.0,1,8,0.0,1,8,0.0,1,8,0.0,1,8,-0.0,1,8,-9900,?,9,-9900,?,9,18.33,E,8,14.66,E,8,79.0,E,8,964.3861999999999,E,8,999.0,E,8,1.18,E,8,-9900,?,9,-9900,?,9,0.0,E,8,-9900,?,9,-9900,?,9,0.0,0.0,E,8
10/28/2025,02:00,0.0,1383.636,0.0,1,8,0.0,1,8,0.0,1,8,0.0,1,8,0.0,1,8,0.0,1,8,-0.0,1,8,-9900,?,9,-9900,?,9,17.88,E,8,14.59,E,8,81.0,E,8,964.3861999999999,E,8,999.0,E,8,1.18,E,8,-9900,?,9,-9900,?,9,0.0,E,8,-9900,?,9,-9900,?,9,0.0,0.0,E,8
10/28/2025,03:00,0.0,1383.636,0.0,1,8,0.0,1,8,0.0,1,8,0.0,1,8,0.0,1,8,0.0,1,8,-0.0,1,8,-9900,?,9,-9900,?,9,17.42,E,8,14.51,E,8,83.0,E,8,964.3861999999999,E,8,999.0,E,8,1.18,E,8,-9900,?,9,-9900,?,9,0.0,E,8,-9900,?,9,-9900,?,9,0.0,0.0,E,8
10/28/2025,04:00,0.0,1384.4,0.0,1,8,0.0,1,8,0.0,1,8,0.0,1,8,0.0,1,8,0.0,1,8,-0.0,1,8,-9900,?,9,-9900,?,9,16.96,E,8,14.44,E,8,85.0,E,8,964.3861999999999,E,8,999.0,E,8,1.18,E,8,-9900,?,9,-9900,?,9,0.0,E,8,-9900,?,9,-9900,?,9,0.0,0.0,E,8
10/28/2025,05:00,0.0,1384.4,0.0,1,8,0.0,1,8,0.0,1,8,0.0,1,8,0.0,1,8,0.0,1,8,-0.0,1,8,-9900,?,9,-9900,?,9,16.56,E,8,14.37,E,8,86.0,E,8,964.3861999999999,E,8,999.0,E,8,1.18,E,8,-9900,?,9,-9900,?,9,0.0,E,8,-9900,?,9,-9900,?,9,0.0,0.0,E,8
10/28/2025,06:00,108.161,1384.4,0.0,1,8,0.0,1,8,0.0,1,8,0.0,1,8,0.0,1,8,0.0,1,8,0.0,1,8,-9900,?,9,-9900,?,9,16.26,E,8,14.32,E,8,88.0,E,8,964.3861999999999,E,8,999.0,E,8,1.18,E,8,-9900,?,9,-9900,?,9,0.0,E,8,-9900,?,9,-9900,?,9,0.0,0.0,E,8
10/28/2025,07:00,430.627,1384.4,81.68,1,8,0.0,1,8,81.68,1,8,9801.6,1,8,0.0,1,8,8984.8,1,8,83.811,1,8,-9900,?,9,-9900,?,9,15.96,E,8,14.27,E,8,89.0,E,8,964.3861999999999,E,8,999.0,E,8,1.18,E,8,-9900,?,9,-9900,?,9,0.0,E,8,-9900,?,9,-9900,?,9,0.0,0.0,E,8
10/28/2025,08:00,734.13,1384.4,267.66,1,8,45.799,1,8,243.392,1,8,32119.2,1,8,4350.86,1,8,26773.096,1,8,146.208,1,8,-9900,?,9,-9900,?,9,19.49,E,8,14.85,E,8,74.0,E,8,964.3861999999999,E,8,999.0,E,8,1.18,E,8,-9900,?,9,-9900,?,9,0.0,E,8,-9900,?,9,-9900,?,9,0.0,0.0,E,8
10/28/2025,09:00,995.743,1384.4,447.71,1,8,105.815,1,8,371.622,1,8,53725.2,1,8,10052.471,1,8,40878.426,1,8,164.507,1,8,-9900,?,9,-9900,?,9,21.34,E,8,15.15,E,8,67.0,E,8,964.3861999999999,E,8,999.0,E,8,1.18,E,8,-9900,?,9,-9900,?,9,0.0,E,8,-9900,?,9,-9900,?,9,0.0,0.0,E,8
10/28/2025,10:00,1197.414,1384.4,597.88,1,8,228.09,1,8,400.617,1,8,71745.6,1,8,21668.547,1,8,44067.847,1,8,147.448,1,8,-9900,?,9,-9900,?,9,23.02,E,8,15.42,E,8,62.0,E,8,964.3861999999999,E,8,999.0,E,8,1.18,E,8,-9900,?,9,-9900,?,9,0.0,E,8,-9900,?,9,-9900,?,9,0.0,0.0,E,8
10/28/2025,11:00,1325.351,1384.4,705.41,1,8,133.087,1,8,578.003,1,8,84649.2,1,8,12643.295,1,8,63580.291,1,8,192.186,1,8,-9900,?,9,-9900,?,9,24.46,E,8,15.64,E,8,57.0,E,8,964.3861999999999,E,8,999.0,E,8,1.18,E,8,-9900,?,9,-9900,?,9,0.0,E,8,-9900,?,9,-9900,?,9,0.0,0.0,E,8
10/28/2025,12:00,1370.828,1384.4,762.13,1,8,154.001,1,8,609.64,1,8,91455.6,1,8,14630.056,1,8,67060.404,1,8,195.977,1,8,-9900,?,9,-9900,?,9,25.62,E,8,15.82,E,8,54.0,E,8,964.3861999999999,E,8,999.0,E,8,1.18,E,8,-9900,?,9,-9900,?,9,0.0,E,8,-9900,?,9,-9900,?,9,0.0,0.0,E,8
10/28/2025,13:00,1330.756,1384.4,763.89,1,8,288.5,1,8,486.575,1,8,91666.8,1,8,27407.52,1,8,53523.305,1,8,161.129,1,8,-9900,?,9,-9900,?,9,26.45,E,8,15.95,E,8,52.0,E,8,964.3861999999999,E,8,999.0,E,8,1.18,E,8,-9900,?,9,-9900,?,9,0.0,E,8,-9900,?,9,-9900,?,9,0.0,0.0,E,8
10/28/2025,14:00,1207.89,1384.4,710.59,1,8,316.02,1,8,434.887,1,8,85270.8,1,8,30021.933,1,8,47837.605,1,8,158.672,1,8,-9900,?,9,-9900,?,9,26.93,E,8,16.02,E,8,51.0,E,8,964.3861999999999,E,8,999.0,E,8,1.18,E,8,-9900,?,9,-9900,?,9,0.0,E,8,-9900,?,9,-9900,?,9,0.0,0.0,E,8
10/28/2025,15:00,1010.644,1384.4,606.13,1,8,390.787,1,8,320.92,1,8,72735.6,1,8,37124.774,1,8,35301.193,1,8,139.966,1,8,-9900,?,9,-9900,?,9,27.08,E,8,16.05,E,8,50.0,E,8,964.3861999999999,E,8,999.0,E,8,1.18,E,8,-9900,?,9,-9900,?,9,0.0,E,8,-9900,?,9,-9900,?,9,0.0,0.0,E,8
10/28/2025,16:00,752.534,1384.4,458.44,1,8,506.181,1,8,183.481,1,8,55012.8,1,8,48087.211,1,8,20182.947,1,8,107.518,1,8,-9900,?,9,-9900,?,9,26.76,E,8,16.0,E,8,51.0,E,8,964.3861999999999,E,8,999.0,E,8,1.18,E,8,-9900,?,9,-9900,?,9,0.0,E,8,-9900,?,9,-9900,?,9,0.0,0.0,E,8
10/28/2025,17:00,451.38,1384.4,279.93,1,8,412.989,1,8,145.603,1,8,33591.6,1,8,39233.994,1,8,16016.384,1,8,142.495,1,8,-9900,?,9,-9900,?,9,25.95,E,8,15.87,E,8,53.0,E,8,964.3861999999999,E,8,999.0,E,8,1.18,E,8,-9900,?,9,-9900,?,9,0.0,E,8,-9900,?,9,-9900,?,9,0.0,0.0,E,8
10/28/2025,18:00,129.524,1384.4,93.08,1,8,316.775,1,8,64.299,1,8,11169.6,1,8,30093.583,1,8,7072.929,1,8,225.272,1,8,-9900,?,9,-9900,?,9,24.74,E,8,15.69,E,8,57.0,E,8,964.3861999999999,E,8,999.0,E,8,1.18,E,8,-9900,?,9,-9900,?,9,0.0,E,8,-9900,?,9,-9900,?,9,0.0,0.0,E,8
10/28/2025,19:00,0.0,1384.4,0.0,1,8,0.0,1,8,0.0,1,8,0.0,1,8,0.0,1,8,0.0,1,8,-0.0,1,8,-9900,?,9,-9900,?,9,23.77,E,8,15.54,E,8,59.0,E,8,964.3861999999999,E,8,999.0,E,8,1.18,E,8,-9900,?,9,-9900,?,9,0.0,E,8,-9900,?,9,-9900,?,9,0.0,0.0,E,8
10/28/2025,20:00,0.0,1384.4,0.0,1,8,0.0,1,8,0.0,1,8,0.0,1,8,0.0,1,8,0.0,1,8,-0.0,1,8,-9900,?,9,-9900,?,9,22.8,E,8,15.38,E,8,62.0,E,8,964.3861999999999,E,8,999.0,E,8,1.18,E,8,-9900,?,9,-9900,?,9,0.0,E,8,-9900,?,9,-9900,?,9,0.0,0.0,E,8
10/28/2025,21:00,0.0,1384.4,0.0,1,8,0.0,1,8,0.0,1,8,0.0,1,8,0.0,1,8,0.0,1,8,-0.0,1,8,-9900,?,9,-9900,?,9,21.83,E,8,15.23,E,8,66.0,E,8,964.3861999999999,E,8,999.0,E,8,1.18,E,8,-9900,?,9,-9900,?,9,0.0,E,8,-9900,?,9,-9900,?,9,0.0,0.0,E,8
10/28/2025,22:00,0.0,1384.4,0.0,1,8,0.0,1,8,0.0,1,8,0.0,1,8,0.0,1,8,0.0,1,8,-0.0,1,8,-9900,?,9,-9900,?,9,20.86,E,8,15.08,E,8,69.0,E,8,964.3861999999999,E,8,999.0,E,8,1.18,E,8,-9900,?,9,-9900,?,9,0.0,E,8,-9900,?,9,-9900,?,9,0.0,0.0,E,8
10/28/2025,23:00,0.0,1384.4,0.0,1,8,0.0,1,8,0.0,1,8,0.0,1,8,0.0,1,8,0.0,1,8,-0.0,1,8,-9900,?,9,-9900,?,9,19.89,E,8,14.92,E,8,73.0,E,8,964.3861999999999,E,8,999.0,E,8,1.18,E,8,-9900,?,9,-9900,?,9,0.0,E,8,-9900,?,9,-9900,?,9,0.0,0.0,E,8
10/28/2025,24:00,0.0,1384.4,0.0,1,8,0.0,1,8,0.0,1,8,0.0,1,8,0.0,1,8,0.0,1,8,-0.0,1,8,-9900,?,9,-9900,?,9,18.92,E,8,15.07,E,8,78.0,E,8,964.3861999999999,E,8,999.0,E,8,1.18,E,8,-9900,?,9,-9900,?,9,0.0,E,8,-9900,?,9,-9900,?,9,0.0,0.0,E,8
10/29/2025,01:00,0.0,1384.4,0.0,1,8,0.0,1,8,0.0,1,8,0.0,1,8,0.0,1,8,0.0,1,8,-0.0,1,8,-9900,?,9,-9900,?,9,18.44,E,8,14.96,E,8,80.0,E,8,964.3861999999999,E,8,999.0,E,8,1.18,E,8,-9900,?,9,-9900,?,9,0.0,E,8,-9900,?,9,-9900,?,9,0.0,0.0,E,8
10/29/2025,02:00,0.0,1384.4,0.0,1,8,0.0,1,8,0.0,1,8,0.0,1,8,0.0,1,8,0.0,1,8,-0.0,1,8,-9900,?,9,-9900,?,9,17.95,E,8,14.85,E,8,82.0,E,8,964.3861999999999,E,8,999.0,E,8,1.18,E,8,-9900,?,9,-9900,?,9,0.0,E,8,-9900,?,9,-9900,?,9,0.0,0.0,E,8
10/29/2025,03:00,0.0,1384.4,0.0,1,8,0.0,1,8,0.0,1,8,0.0,1,8,0.0,1,8,0.0,1,8,-0.0,1,8,-9900,?,9,-9900,?,9,17.47,E,8,14.74,E,8,83.0,E,8,964.3861999999999,E,8,999.0,E,8,1.18,E,8,-9900,?,9,-9900,?,9,0.0,E,8,-9900,?,9,-9900,?,9,0.0,0.0,E,8
10/29/2025,04:00,0.0,1385.159,0.0,1,8,0.0,1,8,0.0,1,8,0.0,1,8,0.0,1,8,0.0,1,8,-0.0,1,8,-9900,?,9,-9900,?,9,16.98,E,8,14.63,E,8,86.0,E,8,964.3861999999999,E,8,999.0,E,8,1.18,E,8,-9900,?,9,-9900,?,9,0.0,E,8,-9900,?,9,-9900,?,9,0.0,0.0,E,8
10/29/2025,05:00,0.0,1385.159,0.0,1,8,0.0,1,8,0.0,1,8,0.0,1,8,0.0,1,8,0.0,1,8,-0.0,1,8,-9900,?,9,-9900,?,9,16.55,E,8,14.53,E,8,87.0,E,8,964.3861999999999,E,8,999.0,E,8,1.18,E,8,-9900,?,9,-9900,?,9,0.0,E,8,-9900,?,9,-9900,?,9,0.0,0.0,E,8
10/29/2025,06:00,111.375,1385.159,0.0,1,8,0.0,1,8,0.0,1,8,0.0,1,8,0.0,1,8,0.0,1,8,0.0,1,8,-9900,?,9,-9900,?,9,16.23,E,8,14.45,E,8,89.0,E,8,964.3861999999999,E,8,999.0,E,8,1.18,E,8,-9900,?,9,-9900,?,9,0.0,E,8,-9900,?,9,-9900,?,9,0.0,0.0,E,8
10/29/2025,07:00,433.639,1385.159,59.93,1,8,0.0,1,8,59.93,1,8,7191.6,1,8,0.0,1,8,6592.3,1,8,61.097,1,8,-9900,?,9,-9900,?,9,15.91,E,8,14.37,E,8,90.0,E,8,964.3861999999999,E,8,999.0,E,8,1.18,E,8,-9900,?,9,-9900,?,9,0.0,E,8,-9900,?,9,-9900,?,9,0.0,0.0,E,8
10/29/2025,08:00,736.853,1385.159,195.54,1,8,8.788,1,8,190.869,1,8,23464.8,1,8,834.861,1,8,20995.543,1,8,114.295,1,8,-9900,?,9,-9900,?,9,18.67,E,8,15.02,E,8,79.0,E,8,964.3861999999999,E,8,999.0,E,8,1.18,E,8,-9900,?,9,-9900,?,9,0.0,E,8,-9900,?,9,-9900,?,9,0.0,0.0,E,8
10/29/2025,09:00,998.185,1385.159,395.64,1,8,71.478,1,8,344.145,1,8,47476.8,1,8,6790.364,1,8,37855.98,1,8,152.054,1,8,-9900,?,9,-9900,?,9,20.6,E,8,15.45,E,8,72.0,E,8,964.3861999999999,E,8,999.0,E,8,1.18,E,8,-9900,?,9,-9900,?,9,0.0,E,8,-9900,?,9,-9900,?,9,0.0,0.0,E,8
10/29/2025,10:00,1199.606,1385.159,518.32,1,8,91.144,1,8,439.393,1,8,62198.4,1,8,8658.677,1,8,48333.256,1,8,161.513,1,8,-9900,?,9,-9900,?,9,22.23,E,8,15.81,E,8,66.0,E,8,964.3861999999999,E,8,999.0,E,8,1.18,E,8,-9900,?,9,-9900,?,9,0.0,E,8,-9900,?,9,-9900,?,9,0.0,0.0,E,8
10/29/2025,11:00,1327.341,1385.159,649.44,1,8,150.146,1,8,505.565,1,8,77932.8,1,8,14263.859,1,8,55612.167,1,8,167.941,1,8,-9900,?,9,-9900,?,9,23.77,E,8,16.14,E,8,62.0,E,8,964.3861999999999,E,8,999.0,E,8,1.18,E,8,-9900,?,9,-9900,?,9,0.0,E,8,-9900,?,9,-9900,?,9,0.0,0.0,E,8
10/29/2025,12:00,1372.678,1385.159,613.55,1,8,135.797,1,8,478.977,1,8,73626.0,1,8,12900.737,1,8,52687.479,1,8,153.85,1,8,-9900,?,9,-9900,?,9,24.67,E,8,16.33,E,8,59.0,E,8,964.3861999999999,E,8,999.0,E,8,1.18,E,8,-9900,?,9,-9900,?,9,0.0,E,8,-9900,?,9,-9900,?,9,0.0,0.0,E,8
10/29/2025,13:00,1332.539,1385.159,852.73,1,8,354.1,1,8,512.09,1,8,102327.6,1,8,33639.475,1,8,56329.893,1,8,169.444,1,8,-9900,?,9,-9900,?,9,26.05,E,8,16.62,E,8,56.0,E,8,964.3861999999999,E,8,999.0,E,8,1.18,E,8,-9900,?,9,-9900,?,9,0.0,E,8,-9900,?,9,-9900,?,9,0.0,0.0,E,8
10/29/2025,14:00,1209.683,1385.159,908.99,1,8,744.33,1,8,259.013,1,8,109078.8,1,8,70711.394,1,8,28491.399,1,8,94.415,1,8,-9900,?,9,-9900,?,9,27.23,E,8,16.86,E,8,53.0,E,8,964.3861999999999,E,8,999.0,E,8,1.18,E,8,-9900,?,9,-9900,?,9,0.0,E,8,-9900,?,9,-9900,?,9,0.0,0.0,E,8
10/29/2025,15:00,1012.523,1385.159,768.48,1,8,864.838,1,8,136.463,1,8,92217.6,1,8,82159.605,1,8,15010.952,1,8,59.439,1,8,-9900,?,9,-9900,?,9,27.82,E,8,16.98,E,8,51.0,E,8,964.3861999999999,E,8,999.0,E,8,1.18,E,8,-9900,?,9,-9900,?,9,0.0,E,8,-9900,?,9,-9900,?,9,0.0,0.0,E,8
10/29/2025,16:00,754.569,1385.159,439.31,1,8,383.54,1,8,230.521,1,8,52717.2,1,8,36436.276,1,8,25357.281,1,8,134.791,1,8,-9900,?,9,-9900,?,9,27.41,E,8,16.9,E,8,52.0,E,8,964.3861999999999,E,8,999.0,E,8,1.18,E,8,-9900,?,9,-9900,?,9,0.0,E,8,-9900,?,9,-9900,?,9,0.0,0.0,E,8
10/29/2025,17:00,453.627,1385.159,355.94,1,8,459.374,1,8,205.862,1,8,42712.8,1,8,43640.577,1,8,22644.779,1,8,200.574,1,8,-9900,?,9,-9900,?,9,26.79,E,8,16.77,E,8,54.0,E,8,964.3861999999999,E,8,999.0,E,8,1.18,E,8,-9900,?,9,-9900,?,9,0.0,E,8,-9900,?,9,-9900,?,9,0.0,0.0,E,8
10/29/2025,18:00,131.982,1385.159,129.71,1,8,270.451,1,8,104.661,1,8,15565.2,1,8,25692.836,1,8,11512.735,1,8,359.698,1,8,-9900,?,9,-9900,?,9,25.59,E,8,16.52,E,8,57.0,E,8,964.3861999999999,E,8,999.0,E,8,1.18,E,8,-9900,?,9,-9900,?,9,0.0,E,8,-9900,?,9,-9900,?,9,0.0,0.0,E,8
10/29/2025,19:00,0.0,1385.159,0.0,1,8,0.0,1,8,0.0,1,8,0.0,1,8,0.0,1,8,0.0,1,8,-0.0,1,8,-9900,?,9,-9900,?,9,24.55,E,8,16.31,E,8,60.0,E,8,964.3861999999999,E,8,999.0,E,8,1.18,E,8,-9900,?,9,-9900,?,9,0.0,E,8,-9900,?,9,-9900,?,9,0.0,0.0,E,8
10/29/2025,20:00,0.0,1385.159,0.0,1,8,0.0,1,8,0.0,1,8,0.0,1,8,0.0,1,8,0.0,1,8,-0.0,1,8,-9900,?,9,-9900,?,9,23.51,E,8,16.08,E,8,63.0,E,8,964.3861999999999,E,8,999.0,E,8,1.18,E,8,-9900,?,9,-9900,?,9,0.0,E,8,-9900,?,9,-9900,?,9,0.0,0.0,E,8
10/29/2025,21:00,0.0,1385.159,0.0,1,8,0.0,1,8,0.0,1,8,0.0,1,8,0.0,1,8,0.0,1,8,-0.0,1,8,-9900,?,9,-9900,?,9,22.47,E,8,15.86,E,8,66.0,E,8,964.3861999999999,E,8,999.0,E,8,1.18,E,8,-9900,?,9,-9900,?,9,0.0,E,8,-9900,?,9,-9900,?,9,0.0,0.0,E,8
10/29/2025,22:00,0.0,1385.159,0.0,1,8,0.0,1,8,0.0,1,8,0.0,1,8,0.0,1,8,0.0,1,8,-0.0,1,8,-9900,?,9,-9900,?,9,21.43,E,8,15.63,E,8,69.0,E,8,964.3861999999999,E,8,999.0,E,8,1.18,E,8,-9900,?,9,-9900,?,9,0.0,E,8,-9900,?,9,-9900,?,9,0.0,0.0,E,8
10/29/2025,23:00,0.0,1385.159,0.0,1,8,0.0,1,8,0.0,1,8,0.0,1,8,0.0,1,8,0.0,1,8,-0.0,1,8,-9900,?,9,-9900,?,9,20.39,E,8,15.4,E,8,73.0,E,8,964.3861999999999,E,8,999.0,E,8,1.18,E,8,-9900,?,9,-9900,?,9,0.0,E,8,-9900,?,9,-9900,?,9,0.0,0.0,E,8
10/29/2025,24:00,0.0,1385.159,0.0,1,8,0.0,1,8,0.0,1,8,0.0,1,8,0.0,1,8,0.0,1,8,-0.0,1,8,-9900,?,9,-9900,?,9,19.35,E,8,14.83,E,8,75.0,E,8,964.3861999999999,E,8,999.0,E,8,0.89,E,8,-9900,?,9,-9900,?,9,0.0,E,8,-9900,?,9,-9900,?,9,0.0,0.0,E,8
10/30/2025,01:00,0.0,1385.159,0.0,1,8,0.0,1,8,0.0,1,8,0.0,1,8,0.0,1,8,0.0,1,8,-0.0,1,8,-9900,?,9,-9900,?,9,18.83,E,8,14.68,E,8,76.0,E,8,964.3861999999999,E,8,999.0,E,8,0.89,E,8,-9900,?,9,-9900,?,9,0.0,E,8,-9900,?,9,-9900,?,9,0.0,0.0,E,8
10/30/2025,02:00,0.0,1385.159,0.0,1,8,0.0,1,8,0.0,1,8,0.0,1,8,0.0,1,8,0.0,1,8,-0.0,1,8,-9900,?,9,-9900,?,9,18.31,E,8,14.53,E,8,78.0,E,8,964.3861999999999,E,8,999.0,E,8,0.89,E,8,-9900,?,9,-9900,?,9,0.0,E,8,-9900,?,9,-9900,?,9,0.0,0.0,E,8
10/30/2025,03:00,0.0,1385.159,0.0,1,8,0.0,1,8,0.0,1,8,0.0,1,8,0.0,1,8,0.0,1,8,-0.0,1,8,-9900,?,9,-9900,?,9,17.78,E,8,14.38,E,8,80.0,E,8,964.3861999999999,E,8,999.0,E,8,0.89,E,8,-9900,?,9,-9900,?,9,0.0,E,8,-9900,?,9,-9900,?,9,0.0,0.0,E,8
10/30/2025,04:00,0.0,1385.913,0.0,1,8,0.0,1,8,0.0,1,8,0.0,1,8,0.0,1,8,0.0,1,8,-0.0,1,8,-9900,?,9,-9900,?,9,17.26,E,8,14.23,E,8,82.0,E,8,964.3861999999999,E,8,999.0,E,8,0.89,E,8,-9900,?,9,-9900,?,9,0.0,E,8,-9900,?,9,-9900,?,9,0.0,0.0,E,8
10/30/2025,05:00,0.0,1385.913,0.0,1,8,0.0,1,8,0.0,1,8,0.0,1,8,0.0,1,8,0.0,1,8,-0.0,1,8,-9900,?,9,-9900,?,9,16.8,E,8,14.09,E,8,84.0,E,8,964.3861999999999,E,8,999.0,E,8,0.89,E,8,-9900,?,9,-9900,?,9,0.0,E,8,-9900,?,9,-9900,?,9,0.0,0.0,E,8
10/30/2025,06:00,114.495,1385.913,0.0,1,8,0.0,1,8,0.0,1,8,0.0,1,8,0.0,1,8,0.0,1,8,0.0,1,8,-9900,?,9,-9900,?,9,16.46,E,8,13.99,E,8,85.0,E,8,964.3861999999999,E,8,999.0,E,8,0.89,E,8,-9900,?,9,-9900,?,9,0.0,E,8,-9900,?,9,-9900,?,9,0.0,0.0,E,8
10/30/2025,07:00,436.546,1385.913,86.26,1,8,0.0,1,8,86.26,1,8,10351.2,1,8,0.0,1,8,9488.6,1,8,87.399,1,8,-9900,?,9,-9900,?,9,16.12,E,8,13.89,E,8,86.0,E,8,964.3861999999999,E,8,999.0,E,8,0.89,E,8,-9900,?,9,-9900,?,9,0.0,E,8,-9900,?,9,-9900,?,9,0.0,0.0,E,8
10/30/2025,08:00,739.47,1385.913,298.17,1,8,97.306,1,8,246.29,1,8,35780.4,1,8,9244.051,1,8,27091.847,1,8,147.038,1,8,-9900,?,9,-9900,?,9,19.7,E,8,14.93,E,8,73.0,E,8,964.3861999999999,E,8,999.0,E,8,0.89,E,8,-9900,?,9,-9900,?,9,0.0,E,8,-9900,?,9,-9900,?,9,0.0,0.0,E,8
10/30/2025,09:00,1000.525,1385.913,517.13,1,8,206.294,1,8,368.241,1,8,62055.6,1,8,19597.96,1,8,40506.527,1,8,162.408,1,8,-9900,?,9,-9900,?,9,21.72,E,8,15.49,E,8,67.0,E,8,964.3861999999999,E,8,999.0,E,8,0.89,E,8,-9900,?,9,-9900,?,9,0.0,E,8,-9900,?,9,-9900,?,9,0.0,0.0,E,8
10/30/2025,10:00,1201.705,1385.913,733.21,1,8,377.245,1,8,406.138,1,8,87985.2,1,8,35838.299,1,8,44675.166,1,8,149.109,1,8,-9900,?,9,-9900,?,9,23.73,E,8,16.04,E,8,62.0,E,8,964.3861999999999,E,8,999.0,E,8,0.89,E,8,-9900,?,9,-9900,?,9,0.0,E,8,-9900,?,9,-9900,?,9,0.0,0.0,E,8
10/30/2025,11:00,1329.251,1385.913,846.85,1,8,449.113,1,8,416.109,1,8,101622.0,1,8,42665.742,1,8,45772.037,1,8,138.101,1,8,-9900,?,9,-9900,?,9,25.37,E,8,16.47,E,8,57.0,E,8,964.3861999999999,E,8,999.0,E,8,0.89,E,8,-9900,?,9,-9900,?,9,0.0,E,8,-9900,?,9,-9900,?,9,0.0,0.0,E,8
10/30/2025,12:00,1374.466,1385.913,912.24,1,8,505.804,1,8,410.616,1,8,109468.8,1,8,48051.422,1,8,45167.713,1,8,131.792,1,8,-9900,?,9,-9900,?,9,26.66,E,8,16.8,E,8,54.0,E,8,964.3861999999999,E,8,999.0,E,8,0.89,E,8,-9900,?,9,-9900,?,9,0.0,E,8,-9900,?,9,-9900,?,9,0.0,0.0,E,8
10/30/2025,13:00,1334.28,1385.913,951.13,1,8,610.851,1,8,363.05,1,8,114135.6,1,8,58030.852,1,8,39935.538,1,8,120.037,1,8,-9900,?,9,-9900,?,9,27.69,E,8,17.06,E,8,52.0,E,8,964.3861999999999,E,8,999.0,E,8,0.89,E,8,-9900,?,9,-9900,?,9,0.0,E,8,-9900,?,9,-9900,?,9,0.0,0.0,E,8
10/30/2025,14:00,1211.453,1385.913,869.76,1,8,703.773,1,8,254.634,1,8,104371.2,1,8,66858.447,1,8,28009.753,1,8,92.733,1,8,-9900,?,9,-9900,?,9,28.27,E,8,17.2,E,8,51.0,E,8,964.3861999999999,E,8,999.0,E,8,0.92,E,8,-9900,?,9,-9900,?,9,0.0,E,8,-9900,?,9,-9900,?,9,0.0,0.0,E,8
10/30/2025,15:00,1014.398,1385.913,745.95,1,8,828.844,1,8,139.445,1,8,89514.0,1,8,78740.187,1,8,15338.935,1,8,60.658,1,8,-9900,?,9,-9900,?,9,28.46,E,8,17.25,E,8,50.0,E,8,964.3861999999999,E,8,999.0,E,8,1.28,E,8,-9900,?,9,-9900,?,9,0.0,E,8,-9900,?,9,-9900,?,9,0.0,0.0,E,8
10/30/2025,16:00,756.617,1385.913,582.15,1,8,790.907,1,8,150.665,1,8,69858.0,1,8,75136.126,1,8,16573.183,1,8,87.907,1,8,-9900,?,9,-9900,?,9,28.21,E,8,17.19,E,8,51.0,E,8,964.3861999999999,E,8,999.0,E,8,1.76,E,8,-9900,?,9,-9900,?,9,0.0,E,8,-9900,?,9,-9900,?,9,0.0,0.0,E,8
10/30/2025,17:00,455.9,1385.913,350.56,1,8,501.659,1,8,185.932,1,8,42067.2,1,8,47657.575,1,8,20452.473,1,8,180.346,1,8,-9900,?,9,-9900,?,9,27.33,E,8,16.97,E,8,53.0,E,8,964.3861999999999,E,8,999.0,E,8,2.8,E,8,-9900,?,9,-9900,?,9,0.0,E,8,-9900,?,9,-9900,?,9,0.0,0.0,E,8
10/30/2025,18:00,134.478,1385.913,121.04,1,8,329.753,1,8,89.909,1,8,14524.8,1,8,31326.51,1,8,9889.995,1,8,303.144,1,8,-9900,?,9,-9900,?,9,26.0,E,8,16.63,E,8,56.0,E,8,964.3861999999999,E,8,999.0,E,8,2.21,E,8,-9900,?,9,-9900,?,9,0.0,E,8,-9900,?,9,-9900,?,9,0.0,0.0,E,8
10/30/2025,19:00,0.0,1385.913,0.0,1,8,0.0,1,8,0.0,1,8,0.0,1,8,0.0,1,8,0.0,1,8,-0.0,1,8,-9900,?,9,-9900,?,9,24.89,E,8,16.34,E,8,59.0,E,8,964.3861999999999,E,8,999.0,E,8,2.31,E,8,-9900,?,9,-9900,?,9,0.0,E,8,-9900,?,9,-9900,?,9,0.0,0.0,E,8
10/30/2025,20:00,0.0,1385.913,0.0,1,8,0.0,1,8,0.0,1,8,0.0,1,8,0.0,1,8,0.0,1,8,-0.0,1,8,-9900,?,9,-9900,?,9,23.79,E,8,16.05,E,8,61.0,E,8,964.3861999999999,E,8,999.0,E,8,1.65,E,8,-9900,?,9,-9900,?,9,0.0,E,8,-9900,?,9,-9900,?,9,0.0,0.0,E,8
10/30/2025,21:00,0.0,1385.913,0.0,1,8,0.0,1,8,0.0,1,8,0.0,1,8,0.0,1,8,0.0,1,8,-0.0,1,8,-9900,?,9,-9900,?,9,22.69,E,8,15.76,E,8,64.0,E,8,964.3861999999999,E,8,999.0,E,8,1.18,E,8,-9900,?,9,-9900,?,9,0.0,E,8,-9900,?,9,-9900,?,9,0.0,0.0,E,8
10/30/2025,22:00,0.0,1385.913,0.0,1,8,0.0,1,8,0.0,1,8,0.0,1,8,0.0,1,8,0.0,1,8,-0.0,1,8,-9900,?,9,-9900,?,9,21.59,E,8,15.46,E,8,68.0,E,8,964.3861999999999,E,8,999.0,E,8,0.89,E,8,-9900,?,9,-9900,?,9,0.0,E,8,-9900,?,9,-9900,?,9,0.0,0.0,E,8
10/30/2025,23:00,0.0,1385.913,0.0,1,8,0.0,1,8,0.0,1,8,0.0,1,8,0.0,1,8,0.0,1,8,-0.0,1,8,-9900,?,9,-9900,?,9,20.49,E,8,15.15,E,8,71.0,E,8,964.3861999999999,E,8,999.0,E,8,0.89,E,8,-9900,?,9,-9900,?,9,0.0,E,8,-9900,?,9,-9900,?,9,0.0,0.0,E,8
10/30/2025,24:00,0.0,1385.913,0.0,1,8,0.0,1,8,0.0,1,8,0.0,1,8,0.0,1,8,0.0,1,8,-0.0,1,8,-9900,?,9,-9900,?,9,19.38,E,8,13.2,E,8,67.0,E,8,964.3861999999999,E,8,999.0,E,8,0.77,E,8,-9900,?,9,-9900,?,9,0.0,E,8,-9900,?,9,-9900,?,9,0.0,0.0,E,8
10/31/2025,01:00,0.0,1385.913,0.0,1,8,0.0,1,8,0.0,1,8,0.0,1,8,0.0,1,8,0.0,1,8,-0.0,1,8,-9900,?,9,-9900,?,9,18.83,E,8,13.14,E,8,69.0,E,8,964.3861999999999,E,8,999.0,E,8,0.77,E,8,-9900,?,9,-9900,?,9,0.0,E,8,-9900,?,9,-9900,?,9,0.0,0.0,E,8
10/31/2025,02:00,0.0,1385.913,0.0,1,8,0.0,1,8,0.0,1,8,0.0,1,8,0.0,1,8,0.0,1,8,-0.0,1,8,-9900,?,9,-9900,?,9,18.28,E,8,13.08,E,8,71.0,E,8,964.3861999999999,E,8,999.0,E,8,0.77,E,8,-9900,?,9,-9900,?,9,0.0,E,8,-9900,?,9,-9900,?,9,0.0,0.0,E,8
10/31/2025,03:00,0.0,1385.913,0.0,1,8,0.0,1,8,0.0,1,8,0.0,1,8,0.0,1,8,0.0,1,8,-0.0,1,8,-9900,?,9,-9900,?,9,17.73,E,8,13.01,E,8,73.0,E,8,964.3861999999999,E,8,999.0,E,8,0.77,E,8,-9900,?,9,-9900,?,9,0.0,E,8,-9900,?,9,-9900,?,9,0.0,0.0,E,8
10/31/2025,04:00,0.0,1386.662,0.0,1,8,0.0,1,8,0.0,1,8,0.0,1,8,0.0,1,8,0.0,1,8,-0.0,1,8,-9900,?,9,-9900,?,9,17.18,E,8,12.95,E,8,76.0,E,8,964.3861999999999,E,8,999.0,E,8,0.77,E,8,-9900,?,9,-9900,?,9,0.0,E,8,-9900,?,9,-9900,?,9,0.0,0.0,E,8
10/31/2025,05:00,0.0,1386.662,0.0,1,8,0.0,1,8,0.0,1,8,0.0,1,8,0.0,1,8,0.0,1,8,-0.0,1,8,-9900,?,9,-9900,?,9,16.69,E,8,12.89,E,8,78.0,E,8,964.3861999999999,E,8,999.0,E,8,0.77,E,8,-9900,?,9,-9900,?,9,0.0,E,8,-9900,?,9,-9900,?,9,0.0,0.0,E,8
10/31/2025,06:00,117.519,1386.662,0.0,1,8,0.0,1,8,0.0,1,8,0.0,1,8,0.0,1,8,0.0,1,8,0.0,1,8,-9900,?,9,-9900,?,9,16.33,E,8,12.85,E,8,79.0,E,8,964.3861999999999,E,8,999.0,E,8,0.77,E,8,-9900,?,9,-9900,?,9,0.0,E,8,-9900,?,9,-9900,?,9,0.0,0.0,E,8
10/31/2025,07:00,439.346,1386.662,115.32,1,8,6.933,1,8,113.129,1,8,13838.4,1,8,658.592,1,8,12444.212,1,8,113.95,1,8,-9900,?,9,-9900,?,9,15.96,E,8,12.81,E,8,81.0,E,8,964.3861999999999,E,8,999.0,E,8,0.77,E,8,-9900,?,9,-9900,?,9,0.0,E,8,-9900,?,9,-9900,?,9,0.0,0.0,E,8
10/31/2025,08:00,741.98,1386.662,362.62,1,8,208.478,1,8,251.148,1,8,43514.4,1,8,19805.387,1,8,27626.315,1,8,149.512,1,8,-9900,?,9,-9900,?,9,20.11,E,8,13.28,E,8,64.0,E,8,964.3861999999999,E,8,999.0,E,8,0.77,E,8,-9900,?,9,-9900,?,9,0.0,E,8,-9900,?,9,-9900,?,9,0.0,0.0,E,8
10/31/2025,09:00,1002.764,1386.662,595.94,1,8,362.652,1,8,333.758,1,8,71512.8,1,8,34451.976,1,8,36713.423,1,8,146.95,1,8,-9900,?,9,-9900,?,9,22.18,E,8,13.52,E,8,57.0,E,8,964.3861999999999,E,8,999.0,E,8,0.77,E,8,-9900,?,9,-9900,?,9,0.0,E,8,-9900,?,9,-9900,?,9,0.0,0.0,E,8
10/31/2025,10:00,1203.712,1386.662,794.03,1,8,495.766,1,8,363.714,1,8,95283.6,1,8,47097.776,1,8,40008.575,1,8,133.383,1,8,-9900,?,9,-9900,?,9,24.08,E,8,13.73,E,8,52.0,E,8,964.3861999999999,E,8,999.0,E,8,0.77,E,8,-9900,?,9,-9900,?,9,0.0,E,8,-9900,?,9,-9900,?,9,0.0,0.0,E,8
10/31/2025,11:00,1331.084,1386.662,937.33,1,8,543.414,1,8,415.71,1,8,112479.6,1,8,51624.285,1,8,45728.047,1,8,137.853,1,8,-9900,?,9,-9900,?,9,25.71,E,8,13.91,E,8,48.0,E,8,964.3861999999999,E,8,999.0,E,8,1.0,E,8,-9900,?,9,-9900,?,9,0.0,E,8,-9900,?,9,-9900,?,9,0.0,0.0,E,8
10/31/2025,12:00,1376.194,1386.662,1007.04,1,8,617.897,1,8,393.81,1,8,120844.8,1,8,58700.196,1,8,43319.138,1,8,126.308,1,8,-9900,?,9,-9900,?,9,27.0,E,8,14.05,E,8,44.0,E,8,964.3861999999999,E,8,999.0,E,8,1.7,E,8,-9900,?,9,-9900,?,9,0.0,E,8,-9900,?,9,-9900,?,9,0.0,0.0,E,8
10/31/2025,13:00,1335.978,1386.662,1006.85,1,8,735.03,1,8,298.702,1,8,120822.0,1,8,69827.837,1,8,32857.232,1,8,98.689,1,8,-9900,?,9,-9900,?,9,27.92,E,8,14.14,E,8,42.0,E,8,964.3861999999999,E,8,999.0,E,8,1.26,E,8,-9900,?,9,-9900,?,9,0.0,E,8,-9900,?,9,-9900,?,9,0.0,0.0,E,8
10/31/2025,14:00,1213.201,1386.662,934.04,1,8,876.393,1,8,167.346,1,8,112084.8,1,8,83257.373,1,8,18408.012,1,8,60.889,1,8,-9900,?,9,-9900,?,9,28.46,E,8,14.2,E,8,41.0,E,8,964.3861999999999,E,8,999.0,E,8,2.18,E,8,-9900,?,9,-9900,?,9,0.0,E,8,-9900,?,9,-9900,?,9,0.0,0.0,E,8
10/31/2025,15:00,1016.269,1386.662,793.08,1,8,794.075,1,8,211.258,1,8,95169.6,1,8,75437.122,1,8,23238.423,1,8,91.777,1,8,-9900,?,9,-9900,?,9,28.6,E,8,14.22,E,8,41.0,E,8,964.3861999999999,E,8,999.0,E,8,2.21,E,8,-9900,?,9,-9900,?,9,0.0,E,8,-9900,?,9,-9900,?,9,0.0,0.0,E,8
10/31/2025,16:00,758.678,1386.662,600.93,1,8,711.485,1,8,211.925,1,8,72111.6,1,8,67591.085,1,8,23311.779,1,8,123.38,1,8,-9900,?,9,-9900,?,9,28.23,E,8,14.18,E,8,42.0,E,8,964.3861999999999,E,8,999.0,E,8,2.38,E,8,-9900,?,9,-9900,?,9,0.0,E,8,-9900,?,9,-9900,?,9,0.0,0.0,E,8
10/31/2025,17:00,458.201,1386.662,365.5,1,8,690.974,1,8,137.718,1,8,43860.0,1,8,65642.526,1,8,15148.93,1,8,132.978,1,8,-9900,?,9,-9900,?,9,27.29,E,8,14.08,E,8,44.0,E,8,964.3861999999999,E,8,999.0,E,8,1.85,E,8,-9900,?,9,-9900,?,9,0.0,E,8,-9900,?,9,-9900,?,9,0.0,0.0,E,8
10/31/2025,18:00,137.011,1386.662,217.378,1,8,277.428,1,8,190.684,1,8,26085.36,1,8,26355.635,1,8,20975.219,1,8,630.808,1,8,-9900,?,9,-9900,?,9,26.002,E,8,13.938,E,8,47.2,E,8,964.3861999999999,E,8,999.0,E,8,1.83,E,8,-9900,?,9,-9900,?,9,0.0,E,8,-9900,?,9,-9900,?,9,0.0,0.0,E,8
10/31/2025,19:00,0.0,1386.662,97.192,1,8,0.0,1,8,0.0,1,8,11663.04,1,8,0.0,1,8,0.0,1,8,-0.0,1,8,-9900,?,9,-9900,?,9,24.892,E,8,13.816,E,8,50.0,E,8,964.3861999999999,E,8,999.0,E,8,1.508,E,8,-9900,?,9,-9900,?,9,0.0,E,8,-9900,?,9,-9900,?,9,0.0,0.0,E,8
10/31/2025,20:00,0.0,1386.662,24.092,1,8,0.0,1,8,0.0,1,8,2891.04,1,8,0.0,1,8,0.0,1,8,-0.0,1,8,-9900,?,9,-9900,?,9,23.756,E,8,13.69,E,8,53.0,E,8,964.3861999999999,E,8,999.0,E,8,1.292,E,8,-9900,?,9,-9900,?,9,0.0,E,8,-9900,?,9,-9900,?,9,0.0,0.0,E,8
10/31/2025,21:00,0.0,1386.662,0.0,1,8,0.0,1,8,0.0,1,8,0.0,1,8,0.0,1,8,0.0,1,8,-0.0,1,8,-9900,?,9,-9900,?,9,22.682,E,8,13.57,E,8,56.2,E,8,964.3861999999999,E,8,999.0,E,8,1.074,E,8,-9900,?,9,-9900,?,9,0.0,E,8,-9900,?,9,-9900,?,9,0.0,0.0,E,8
10/31/2025,22:00,0.0,1386.662,0.0,1,8,0.0,1,8,0.0,1,8,0.0,1,8,0.0,1,8,0.0,1,8,-0.0,1,8,-9900,?,9,-9900,?,9,21.326,E,8,13.472,E,8,60.8,E,8,964.3861999999999,E,8,999.0,E,8,1.398,E,8,-9900,?,9,-9900,?,9,0.0,E,8,-9900,?,9,-9900,?,9,0.0,0.0,E,8
10/31/2025,23:00,0.0,1386.662,0.0,1,8,0.0,1,8,0.0,1,8,0.0,1,8,0.0,1,8,0.0,1,8,-0.0,1,8,-9900,?,9,-9900,?,9,20.078,E,8,13.366,E,8,65.2,E,8,964.3861999999999,E,8,999.0,E,8,1.402,E,8,-9900,?,9,-9900,?,9,0.0,E,8,-9900,?,9,-9900,?,9,0.0,0.0,E,8
10/31/2022,24:00,0.0,1386.662,0.0,1,8,0.0,1,8,0.0,1,8,0.0,1,8,0.0,1,8,0.0,1,8,-0.0,1,8,-9900,?,9,-9900,?,9,18.942,E,8,13.252,E,8,69.4,E,8,964.3861999999999,E,8,999.0,E,8,1.628,E,8,-9900,?,9,-9900,?,9,0.0,E,8,-9900,?,9,-9900,?,9,0.0,0.0,E,8
11/01/2022,01:00,0.0,1386.662,0.0,1,8,0.0,1,8,0.0,1,8,0.0,1,8,0.0,1,8,0.0,1,8,-0.0,1,8,-9900,?,9,-9900,?,9,17.916,E,8,13.13,E,8,73.4,E,8,964.3861999999999,E,8,999.0,E,8,1.842,E,8,-9900,?,9,-9900,?,9,0.0,E,8,-9900,?,9,-9900,?,9,0.0,0.0,E,8
11/01/2022,02:00,0.0,1386.662,0.0,1,8,0.0,1,8,0.0,1,8,0.0,1,8,0.0,1,8,0.0,1,8,-0.0,1,8,-9900,?,9,-9900,?,9,17.002,E,8,13.0,E,8,76.8,E,8,964.3861999999999,E,8,999.0,E,8,2.154,E,8,-9900,?,9,-9900,?,9,0.0,E,8,-9900,?,9,-9900,?,9,0.0,0.0,E,8
11/01/2022,03:00,0.0,1386.662,0.0,1,8,0.0,1,8,0.0,1,8,0.0,1,8,0.0,1,8,0.0,1,8,-0.0,1,8,-9900,?,9,-9900,?,9,16.49,E,8,12.842,E,8,78.6,E,8,964.3861999999999,E,8,999.0,E,8,1.802,E,8,-9900,?,9,-9900,?,9,0.0,E,8,-9900,?,9,-9900,?,9,0.0,0.0,E,8
11/01/2022,04:00,0.0,1387.405,0.0,1,8,0.0,1,8,0.0,1,8,0.0,1,8,0.0,1,8,0.0,1,8,-0.0,1,8,-9900,?,9,-9900,?,9,16.016,E,8,12.694,E,8,80.2,E,8,964.3861999999999,E,8,999.0,E,8,1.802,E,8,-9900,?,9,-9900,?,9,0.0,E,8,-9900,?,9,-9900,?,9,0.0,0.0,E,8
11/01/2022,05:00,0.0,1387.405,22.25,1,8,0.0,1,8,0.0,1,8,2670.0,1,8,0.0,1,8,0.0,1,8,-0.0,1,8,-9900,?,9,-9900,?,9,15.576,E,8,12.556,E,8,81.8,E,8,964.3861999999999,E,8,999.0,E,8,1.826,E,8,-9900,?,9,-9900,?,9,0.0,E,8,-9900,?,9,-9900,?,9,0.0,0.0,E,8
11/01/2022,06:00,119.699,1387.405,0.0,1,8,0.0,1,8,0.0,1,8,0.0,1,8,0.0,1,8,0.0,1,8,0.0,1,8,-9900,?,9,-9900,?,9,15.15,E,8,12.42,E,8,83.0,E,8,964.3861999999999,E,8,999.0,E,8,1.39,E,8,-9900,?,9,-9900,?,9,0.0,E,8,-9900,?,9,-9900,?,9,0.0,0.0,E,8
11/01/2022,07:00,441.407,1387.405,111.25,1,8,2.212,1,8,110.548,1,8,13350.0,1,8,210.175,1,8,12160.273,1,8,110.887,1,8,-9900,?,9,-9900,?,9,14.8,E,8,12.31,E,8,85.0,E,8,964.3861999999999,E,8,999.0,E,8,2.02,E,8,-9900,?,9,-9900,?,9,0.0,E,8,-9900,?,9,-9900,?,9,0.0,0.0,E,8
11/01/2022,08:00,743.873,1387.405,340.86,1,8,162.697,1,8,253.692,1,8,40903.2,1,8,15456.196,1,8,27906.077,1,8,150.722,1,8,-9900,?,9,-9900,?,9,18.38,E,8,13.41,E,8,72.0,E,8,964.3861999999999,E,8,999.0,E,8,1.88,E,8,-9900,?,9,-9900,?,9,0.0,E,8,-9900,?,9,-9900,?,9,0.0,0.0,E,8
11/01/2022,09:00,1004.496,1387.405,559.58,1,8,285.692,1,8,352.791,1,8,67149.6,1,8,27140.774,1,8,38807.003,1,8,155.145,1,8,-9900,?,9,-9900,?,9,20.14,E,8,13.93,E,8,67.0,E,8,964.3861999999999,E,8,999.0,E,8,2.98,E,8,-9900,?,9,-9900,?,9,0.0,E,8,-9900,?,9,-9900,?,9,0.0,0.0,E,8
11/01/2022,10:00,1205.304,1387.405,732.1,1,8,366.285,1,8,413.922,1,8,87852.0,1,8,34797.04,1,8,45531.375,1,8,151.676,1,8,-9900,?,9,-9900,?,9,21.7,E,8,14.38,E,8,63.0,E,8,964.3861999999999,E,8,999.0,E,8,2.04,E,8,-9900,?,9,-9900,?,9,0.0,E,8,-9900,?,9,-9900,?,9,0.0,0.0,E,8
11/01/2022,11:00,1332.568,1387.405,884.83,1,8,456.32,1,8,446.557,1,8,106179.6,1,8,43350.378,1,8,49121.271,1,8,147.997,1,8,-9900,?,9,-9900,?,9,23.12,E,8,14.77,E,8,59.0,E,8,964.3861999999999,E,8,999.0,E,8,1.91,E,8,-9900,?,9,-9900,?,9,0.0,E,8,-9900,?,9,-9900,?,9,0.0,0.0,E,8
11/01/2022,12:00,1377.608,1387.405,974.49,1,8,492.284,1,8,485.684,1,8,116938.8,1,8,46766.994,1,8,53425.266,1,8,155.698,1,8,-9900,?,9,-9900,?,9,24.3,E,8,15.09,E,8,56.0,E,8,964.3861999999999,E,8,999.0,E,8,2.98,E,8,-9900,?,9,-9900,?,9,0.0,E,8,-9900,?,9,-9900,?,9,0.0,0.0,E,8
11/01/2022,13:00,1337.365,1387.405,990.33,1,8,678.04,1,8,336.76,1,8,118839.6,1,8,64413.78,1,8,37043.58,1,8,111.207,1,8,-9900,?,9,-9900,?,9,25.19,E,8,15.33,E,8,54.0,E,8,964.3861999999999,E,8,999.0,E,8,3.58,E,8,-9900,?,9,-9900,?,9,0.0,E,8,-9900,?,9,-9900,?,9,0.0,0.0,E,8
11/01/2022,14:00,1214.607,1387.405,921.63,1,8,834.775,1,8,190.89,1,8,110595.6,1,8,79303.579,1,8,20997.918,1,8,69.413,1,8,-9900,?,9,-9900,?,9,25.71,E,8,15.47,E,8,53.0,E,8,964.3861999999999,E,8,999.0,E,8,4.94,E,8,-9900,?,9,-9900,?,9,0.0,E,8,-9900,?,9,-9900,?,9,0.0,0.0,E,8
11/01/2022,15:00,1017.737,1387.405,790.69,1,8,788.26,1,8,212.604,1,8,94882.8,1,8,74884.674,1,8,23386.46,1,8,92.278,1,8,-9900,?,9,-9900,?,9,25.89,E,8,15.51,E,8,52.0,E,8,964.3861999999999,E,8,999.0,E,8,4.32,E,8,-9900,?,9,-9900,?,9,0.0,E,8,-9900,?,9,-9900,?,9,0.0,0.0,E,8
11/01/2022,16:00,760.248,1387.405,592.41,1,8,798.854,1,8,154.966,1,8,71089.2,1,8,75891.104,1,8,17046.261,1,8,90.081,1,8,-9900,?,9,-9900,?,9,25.6,E,8,15.44,E,8,53.0,E,8,964.3861999999999,E,8,999.0,E,8,2.62,E,8,-9900,?,9,-9900,?,9,0.0,E,8,-9900,?,9,-9900,?,9,0.0,0.0,E,8
11/01/2022,17:00,459.903,1387.405,362.11,1,8,691.686,1,8,133.365,1,8,43453.2,1,8,65710.217,1,8,14670.127,1,8,128.366,1,8,-9900,?,9,-9900,?,9,24.8,E,8,15.23,E,8,55.0,E,8,964.3861999999999,E,8,999.0,E,8,2.08,E,8,-9900,?,9,-9900,?,9,0.0,E,8,-9900,?,9,-9900,?,9,0.0,0.0,E,8
11/01/2022,18:00,138.837,1387.405,123.67,1,8,365.268,1,8,88.052,1,8,14840.4,1,8,34700.469,1,8,9685.765,1,8,287.434,1,8,-9900,?,9,-9900,?,9,23.59,E,8,14.9,E,8,58.0,E,8,964.3861999999999,E,8,999.0,E,8,2.39,E,8,-9900,?,9,-9900,?,9,0.0,E,8,-9900,?,9,-9900,?,9,0.0,0.0,E,8
11/01/2022,19:00,0.0,1387.405,0.0,1,8,0.0,1,8,0.0,1,8,0.0,1,8,0.0,1,8,0.0,1,8,-0.0,1,8,-9900,?,9,-9900,?,9,22.6,E,8,14.63,E,8,60.0,E,8,964.3861999999999,E,8,999.0,E,8,2.82,E,8,-9900,?,9,-9900,?,9,0.0,E,8,-9900,?,9,-9900,?,9,0.0,0.0,E,8
11/01/2022,20:00,0.0,1387.405,0.0,1,8,0.0,1,8,0.0,1,8,0.0,1,8,0.0,1,8,0.0,1,8,-0.0,1,8,-9900,?,9,-9900,?,9,21.6,E,8,14.35,E,8,63.0,E,8,964.3861999999999,E,8,999.0,E,8,1.86,E,8,-9900,?,9,-9900,?,9,0.0,E,8,-9900,?,9,-9900,?,9,0.0,0.0,E,8
11/01/2022,21:00,0.0,1387.405,0.0,1,8,0.0,1,8,0.0,1,8,0.0,1,8,0.0,1,8,0.0,1,8,-0.0,1,8,-9900,?,9,-9900,?,9,20.6,E,8,14.06,E,8,66.0,E,8,964.3861999999999,E,8,999.0,E,8,1.77,E,8,-9900,?,9,-9900,?,9,0.0,E,8,-9900,?,9,-9900,?,9,0.0,0.0,E,8
11/01/2022,22:00,0.0,1387.405,0.0,1,8,0.0,1,8,0.0,1,8,0.0,1,8,0.0,1,8,0.0,1,8,-0.0,1,8,-9900,?,9,-9900,?,9,19.61,E,8,13.78,E,8,69.0,E,8,964.3861999999999,E,8,999.0,E,8,1.97,E,8,-9900,?,9,-9900,?,9,0.0,E,8,-9900,?,9,-9900,?,9,0.0,0.0,E,8
11/01/2022,23:00,0.0,1387.405,0.0,1,8,0.0,1,8,0.0,1,8,0.0,1,8,0.0,1,8,0.0,1,8,-0.0,1,8,-9900,?,9,-9900,?,9,18.61,E,8,13.48,E,8,72.0,E,8,964.3861999999999,E,8,999.0,E,8,2.07,E,8,-9900,?,9,-9900,?,9,0.0,E,8,-9900,?,9,-9900,?,9,0.0,0.0,E,8
11/01/2022,24:00,0.0,1387.405,0.0,1,8,0.0,1,8,0.0,1,8,0.0,1,8,0.0,1,8,0.0,1,8,-0.0,1,8,-9900,?,9,-9900,?,9,17.61,E,8,12.65,E,8,72.0,E,8,964.3861999999999,E,8,999.0,E,8,1.01,E,8,-9900,?,9,-9900,?,9,0.0,E,8,-9900,?,9,-9900,?,9,0.0,0.0,E,8
11/02/2022,01:00,0.0,1387.405,0.0,1,8,0.0,1,8,0.0,1,8,0.0,1,8,0.0,1,8,0.0,1,8,-0.0,1,8,-9900,?,9,-9900,?,9,17.11,E,8,12.54,E,8,74.0,E,8,964.3861999999999,E,8,999.0,E,8,0.7,E,8,-9900,?,9,-9900,?,9,0.0,E,8,-9900,?,9,-9900,?,9,0.0,0.0,E,8
11/02/2022,02:00,0.0,1387.405,0.0,1,8,0.0,1,8,0.0,1,8,0.0,1,8,0.0,1,8,0.0,1,8,-0.0,1,8,-9900,?,9,-9900,?,9,16.62,E,8,12.43,E,8,76.0,E,8,964.3861999999999,E,8,999.0,E,8,0.7,E,8,-9900,?,9,-9900,?,9,0.0,E,8,-9900,?,9,-9900,?,9,0.0,0.0,E,8
11/02/2022,03:00,0.0,1387.405,0.0,1,8,0.0,1,8,0.0,1,8,0.0,1,8,0.0,1,8,0.0,1,8,-0.0,1,8,-9900,?,9,-9900,?,9,16.12,E,8,12.32,E,8,78.0,E,8,964.3861999999999,E,8,999.0,E,8,0.7,E,8,-9900,?,9,-9900,?,9,0.0,E,8,-9900,?,9,-9900,?,9,0.0,0.0,E,8
11/02/2022,04:00,0.0,1388.143,0.0,1,8,0.0,1,8,0.0,1,8,0.0,1,8,0.0,1,8,0.0,1,8,-0.0,1,8,-9900,?,9,-9900,?,9,15.62,E,8,12.21,E,8,80.0,E,8,964.3861999999999,E,8,999.0,E,8,0.81,E,8,-9900,?,9,-9900,?,9,0.0,E,8,-9900,?,9,-9900,?,9,0.0,0.0,E,8
11/02/2022,05:00,0.0,1388.143,0.0,1,8,0.0,1,8,0.0,1,8,0.0,1,8,0.0,1,8,0.0,1,8,-0.0,1,8,-9900,?,9,-9900,?,9,15.18,E,8,12.11,E,8,81.0,E,8,964.3861999999999,E,8,999.0,E,8,1.07,E,8,-9900,?,9,-9900,?,9,0.0,E,8,-9900,?,9,-9900,?,9,0.0,0.0,E,8
11/02/2022,06:00,122.549,1388.143,0.0,1,8,0.0,1,8,0.0,1,8,0.0,1,8,0.0,1,8,0.0,1,8,0.0,1,8,-9900,?,9,-9900,?,9,14.85,E,8,12.03,E,8,83.0,E,8,964.3861999999999,E,8,999.0,E,8,1.64,E,8,-9900,?,9,-9900,?,9,0.0,E,8,-9900,?,9,-9900,?,9,0.0,0.0,E,8
11/02/2022,07:00,444.016,1388.143,66.2,1,8,0.0,1,8,66.2,1,8,7944.0,1,8,0.0,1,8,7282.0,1,8,66.046,1,8,-9900,?,9,-9900,?,9,14.52,E,8,11.95,E,8,84.0,E,8,964.3861999999999,E,8,999.0,E,8,2.03,E,8,-9900,?,9,-9900,?,9,0.0,E,8,-9900,?,9,-9900,?,9,0.0,0.0,E,8
11/02/2022,08:00,746.193,1388.143,260.71,1,8,38.735,1,8,239.903,1,8,31285.2,1,8,3679.834,1,8,26389.335,1,8,142.161,1,8,-9900,?,9,-9900,?,9,17.76,E,8,12.68,E,8,72.0,E,8,964.3861999999999,E,8,999.0,E,8,2.19,E,8,-9900,?,9,-9900,?,9,0.0,E,8,-9900,?,9,-9900,?,9,0.0,0.0,E,8
11/02/2022,09:00,1006.554,1388.143,475.08,1,8,144.397,1,8,370.404,1,8,57009.6,1,8,13717.741,1,8,40744.44,1,8,162.644,1,8,-9900,?,9,-9900,?,9,19.82,E,8,13.13,E,8,65.0,E,8,964.3861999999999,E,8,999.0,E,8,2.15,E,8,-9900,?,9,-9900,?,9,0.0,E,8,-9900,?,9,-9900,?,9,0.0,0.0,E,8
11/02/2022,10:00,1207.151,1388.143,690.72,1,8,291.214,1,8,437.499,1,8,82886.4,1,8,27665.353,1,8,48124.938,1,8,160.155,1,8,-9900,?,9,-9900,?,9,21.92,E,8,13.57,E,8,59.0,E,8,964.3861999999999,E,8,999.0,E,8,2.07,E,8,-9900,?,9,-9900,?,9,0.0,E,8,-9900,?,9,-9900,?,9,0.0,0.0,E,8
11/02/2022,11:00,1334.266,1388.143,777.96,1,8,289.019,1,8,500.166,1,8,93355.2,1,8,27456.762,1,8,55018.209,1,8,165.64,1,8,-9900,?,9,-9900,?,9,23.52,E,8,13.9,E,8,54.0,E,8,964.3861999999999,E,8,999.0,E,8,1.17,E,8,-9900,?,9,-9900,?,9,0.0,E,8,-9900,?,9,-9900,?,9,0.0,0.0,E,8
11/02/2022,12:00,1379.232,1388.143,922.02,1,8,445.759,1,8,479.124,1,8,110642.4,1,8,42347.148,1,8,52703.608,1,8,153.496,1,8,-9900,?,9,-9900,?,9,25.07,E,8,14.22,E,8,50.0,E,8,964.3861999999999,E,8,999.0,E,8,1.27,E,8,-9900,?,9,-9900,?,9,0.0,E,8,-9900,?,9,-9900,?,9,0.0,0.0,E,8
11/02/2022,13:00,1338.995,1388.143,963.37,1,8,550.802,1,8,432.081,1,8,115604.4,1,8,52326.185,1,8,47528.93,1,8,142.587,1,8,-9900,?,9,-9900,?,9,26.29,E,8,14.46,E,8,48.0,E,8,964.3861999999999,E,8,999.0,E,8,1.36,E,8,-9900,?,9,-9900,?,9,0.0,E,8,-9900,?,9,-9900,?,9,0.0,0.0,E,8
11/02/2022,14:00,1216.321,1388.143,813.8,1,8,508.451,1,8,368.324,1,8,97656.0,1,8,48302.838,1,8,40515.626,1,8,133.815,1,8,-9900,?,9,-9900,?,9,26.84,E,8,14.57,E,8,46.0,E,8,964.3861999999999,E,8,999.0,E,8,1.83,E,8,-9900,?,9,-9900,?,9,0.0,E,8,-9900,?,9,-9900,?,9,0.0,0.0,E,8
11/02/2022,15:00,1019.609,1388.143,710.54,1,8,680.963,1,8,210.489,1,8,85264.8,1,8,64691.502,1,8,23153.814,1,8,91.241,1,8,-9900,?,9,-9900,?,9,27.03,E,8,14.61,E,8,46.0,E,8,964.3861999999999,E,8,999.0,E,8,3.48,E,8,-9900,?,9,-9900,?,9,0.0,E,8,-9900,?,9,-9900,?,9,0.0,0.0,E,8
11/02/2022,16:00,762.338,1388.143,504.91,1,8,694.168,1,8,123.947,1,8,60589.2,1,8,65945.919,1,8,13634.161,1,8,71.89,1,8,-9900,?,9,-9900,?,9,26.61,E,8,14.52,E,8,47.0,E,8,964.3861999999999,E,8,999.0,E,8,2.5,E,8,-9900,?,9,-9900,?,9,0.0,E,8,-9900,?,9,-9900,?,9,0.0,0.0,E,8
11/02/2022,17:00,462.256,1388.143,265.0,1,8,471.614,1,8,108.316,1,8,31800.0,1,8,44803.34,1,8,11914.727,1,8,103.777,1,8,-9900,?,9,-9900,?,9,25.52,E,8,14.31,E,8,49.0,E,8,964.3861999999999,E,8,999.0,E,8,2.52,E,8,-9900,?,9,-9900,?,9,0.0,E,8,-9900,?,9,-9900,?,9,0.0,0.0,E,8
11/02/2022,18:00,141.439,1388.143,73.1,1,8,297.321,1,8,43.555,1,8,8772.0,1,8,28245.519,1,8,4791.052,1,8,139.518,1,8,-9900,?,9,-9900,?,9,24.08,E,8,14.02,E,8,53.0,E,8,964.3861999999999,E,8,999.0,E,8,1.66,E,8,-9900,?,9,-9900,?,9,0.0,E,8,-9900,?,9,-9900,?,9,0.0,0.0,E,8
11/02/2022,19:00,0.0,1388.143,0.0,1,8,0.0,1,8,0.0,1,8,0.0,1,8,0.0,1,8,0.0,1,8,-0.0,1,8,-9900,?,9,-9900,?,9,23.16,E,8,13.83,E,8,55.0,E,8,964.3861999999999,E,8,999.0,E,8,1.29,E,8,-9900,?,9,-9900,?,9,0.0,E,8,-9900,?,9,-9900,?,9,0.0,0.0,E,8
11/02/2022,20:00,0.0,1388.143,0.0,1,8,0.0,1,8,0.0,1,8,0.0,1,8,0.0,1,8,0.0,1,8,-0.0,1,8,-9900,?,9,-9900,?,9,22.24,E,8,13.64,E,8,58.0,E,8,964.3861999999999,E,8,999.0,E,8,0.7,E,8,-9900,?,9,-9900,?,9,0.0,E,8,-9900,?,9,-9900,?,9,0.0,0.0,E,8
11/02/2022,21:00,0.0,1388.143,0.0,1,8,0.0,1,8,0.0,1,8,0.0,1,8,0.0,1,8,0.0,1,8,-0.0,1,8,-9900,?,9,-9900,?,9,21.33,E,8,13.45,E,8,60.0,E,8,964.3861999999999,E,8,999.0,E,8,0.7,E,8,-9900,?,9,-9900,?,9,0.0,E,8,-9900,?,9,-9900,?,9,0.0,0.0,E,8
11/02/2022,22:00,0.0,1388.143,0.0,1,8,0.0,1,8,0.0,1,8,0.0,1,8,0.0,1,8,0.0,1,8,-0.0,1,8,-9900,?,9,-9900,?,9,20.41,E,8,13.26,E,8,63.0,E,8,964.3861999999999,E,8,999.0,E,8,0.7,E,8,-9900,?,9,-9900,?,9,0.0,E,8,-9900,?,9,-9900,?,9,0.0,0.0,E,8
11/02/2022,23:00,0.0,1388.143,0.0,1,8,0.0,1,8,0.0,1,8,0.0,1,8,0.0,1,8,0.0,1,8,-0.0,1,8,-9900,?,9,-9900,?,9,19.49,E,8,13.06,E,8,66.0,E,8,964.3861999999999,E,8,999.0,E,8,0.7,E,8,-9900,?,9,-9900,?,9,0.0,E,8,-9900,?,9,-9900,?,9,0.0,0.0,E,8
11/02/2022,24:00,0.0,1388.143,0.0,1,8,0.0,1,8,0.0,1,8,0.0,1,8,0.0,1,8,0.0,1,8,-0.0,1,8,-9900,?,9,-9900,?,9,18.57,E,8,13.85,E,8,73.0,E,8,964.3861999999999,E,8,999.0,E,8,0.26,E,8,-9900,?,9,-9900,?,9,0.0,E,8,-9900,?,9,-9900,?,9,0.0,0.0,E,8
11/03/2022,01:00,0.0,1388.143,0.0,1,8,0.0,1,8,0.0,1,8,0.0,1,8,0.0,1,8,0.0,1,8,-0.0,1,8,-9900,?,9,-9900,?,9,18.11,E,8,13.77,E,8,75.0,E,8,964.3861999999999,E,8,999.0,E,8,0.26,E,8,-9900,?,9,-9900,?,9,0.0,E,8,-9900,?,9,-9900,?,9,0.0,0.0,E,8
11/03/2022,02:00,0.0,1388.143,0.0,1,8,0.0,1,8,0.0,1,8,0.0,1,8,0.0,1,8,0.0,1,8,-0.0,1,8,-9900,?,9,-9900,?,9,17.65,E,8,13.69,E,8,77.0,E,8,964.3861999999999,E,8,999.0,E,8,0.26,E,8,-9900,?,9,-9900,?,9,0.0,E,8,-9900,?,9,-9900,?,9,0.0,0.0,E,8
11/03/2022,03:00,0.0,1388.143,0.0,1,8,0.0,1,8,0.0,1,8,0.0,1,8,0.0,1,8,0.0,1,8,-0.0,1,8,-9900,?,9,-9900,?,9,17.19,E,8,13.61,E,8,79.0,E,8,964.3861999999999,E,8,999.0,E,8,0.26,E,8,-9900,?,9,-9900,?,9,0.0,E,8,-9900,?,9,-9900,?,9,0.0,0.0,E,8
11/03/2022,04:00,0.0,1388.874,0.0,1,8,0.0,1,8,0.0,1,8,0.0,1,8,0.0,1,8,0.0,1,8,-0.0,1,8,-9900,?,9,-9900,?,9,16.73,E,8,13.53,E,8,81.0,E,8,964.3861999999999,E,8,999.0,E,8,0.26,E,8,-9900,?,9,-9900,?,9,0.0,E,8,-9900,?,9,-9900,?,9,0.0,0.0,E,8
11/03/2022,05:00,0.0,1388.874,0.0,1,8,0.0,1,8,0.0,1,8,0.0,1,8,0.0,1,8,0.0,1,8,-0.0,1,8,-9900,?,9,-9900,?,9,16.32,E,8,13.46,E,8,83.0,E,8,964.3861999999999,E,8,999.0,E,8,0.26,E,8,-9900,?,9,-9900,?,9,0.0,E,8,-9900,?,9,-9900,?,9,0.0,0.0,E,8
11/03/2022,06:00,125.296,1388.874,0.0,1,8,0.0,1,8,0.0,1,8,0.0,1,8,0.0,1,8,0.0,1,8,0.0,1,8,-9900,?,9,-9900,?,9,16.02,E,8,13.41,E,8,84.0,E,8,964.3861999999999,E,8,999.0,E,8,0.26,E,8,-9900,?,9,-9900,?,9,0.0,E,8,-9900,?,9,-9900,?,9,0.0,0.0,E,8
11/03/2022,07:00,446.515,1388.874,114.99,1,8,4.697,1,8,113.484,1,8,13798.8,1,8,446.181,1,8,12483.223,1,8,112.643,1,8,-9900,?,9,-9900,?,9,15.72,E,8,13.35,E,8,85.0,E,8,964.3861999999999,E,8,999.0,E,8,0.26,E,8,-9900,?,9,-9900,?,9,0.0,E,8,-9900,?,9,-9900,?,9,0.0,0.0,E,8
11/03/2022,08:00,748.404,1388.874,341.87,1,8,160.301,1,8,255.553,1,8,41024.4,1,8,15228.598,1,8,28110.781,1,8,151.066,1,8,-9900,?,9,-9900,?,9,19.86,E,8,14.06,E,8,69.0,E,8,964.3861999999999,E,8,999.0,E,8,0.26,E,8,-9900,?,9,-9900,?,9,0.0,E,8,-9900,?,9,-9900,?,9,0.0,0.0,E,8
11/03/2022,09:00,1008.511,1388.874,550.5,1,8,264.408,1,8,358.554,1,8,66060.0,1,8,25118.773,1,8,39440.984,1,8,157.218,1,8,-9900,?,9,-9900,?,9,21.81,E,8,14.39,E,8,62.0,E,8,964.3861999999999,E,8,999.0,E,8,0.39,E,8,-9900,?,9,-9900,?,9,0.0,E,8,-9900,?,9,-9900,?,9,0.0,0.0,E,8
11/03/2022,10:00,1208.906,1388.874,734.07,1,8,365.434,1,8,416.018,1,8,88088.4,1,8,34716.248,1,8,45761.985,1,8,152.151,1,8,-9900,?,9,-9900,?,9,23.61,E,8,14.68,E,8,57.0,E,8,964.3861999999999,E,8,999.0,E,8,0.56,E,8,-9900,?,9,-9900,?,9,0.0,E,8,-9900,?,9,-9900,?,9,0.0,0.0,E,8
11/03/2022,11:00,1335.888,1388.874,870.42,1,8,442.158,1,8,445.141,1,8,104450.4,1,8,42004.992,1,8,48965.491,1,8,147.316,1,8,-9900,?,9,-9900,?,9,25.19,E,8,14.93,E,8,52.0,E,8,964.3861999999999,E,8,999.0,E,8,0.97,E,8,-9900,?,9,-9900,?,9,0.0,E,8,-9900,?,9,-9900,?,9,0.0,0.0,E,8
11/03/2022,12:00,1380.797,1388.874,960.56,1,8,488.883,1,8,474.522,1,8,115267.2,1,8,46443.855,1,8,52197.431,1,8,151.929,1,8,-9900,?,9,-9900,?,9,26.51,E,8,15.14,E,8,49.0,E,8,964.3861999999999,E,8,999.0,E,8,1.46,E,8,-9900,?,9,-9900,?,9,0.0,E,8,-9900,?,9,-9900,?,9,0.0,0.0,E,8
11/03/2022,13:00,1340.585,1388.874,971.39,1,8,611.708,1,8,380.963,1,8,116566.8,1,8,58112.25,1,8,41905.944,1,8,125.635,1,8,-9900,?,9,-9900,?,9,27.49,E,8,15.3,E,8,47.0,E,8,964.3861999999999,E,8,999.0,E,8,1.26,E,8,-9900,?,9,-9900,?,9,0.0,E,8,-9900,?,9,-9900,?,9,0.0,0.0,E,8
11/03/2022,14:00,1218.015,1388.874,905.25,1,8,771.199,1,8,228.983,1,8,108630.0,1,8,73263.921,1,8,25188.182,1,8,83.12,1,8,-9900,?,9,-9900,?,9,28.07,E,8,15.39,E,8,46.0,E,8,964.3861999999999,E,8,999.0,E,8,1.92,E,8,-9900,?,9,-9900,?,9,0.0,E,8,-9900,?,9,-9900,?,9,0.0,0.0,E,8
11/03/2022,15:00,1021.478,1388.874,770.87,1,8,883.289,1,8,121.397,1,8,92504.4,1,8,83912.483,1,8,13353.684,1,8,52.553,1,8,-9900,?,9,-9900,?,9,28.25,E,8,15.41,E,8,45.0,E,8,964.3861999999999,E,8,999.0,E,8,2.45,E,8,-9900,?,9,-9900,?,9,0.0,E,8,-9900,?,9,-9900,?,9,0.0,0.0,E,8
11/03/2022,16:00,764.443,1388.874,580.87,1,8,784.229,1,8,149.518,1,8,69704.4,1,8,74501.716,1,8,16446.977,1,8,86.528,1,8,-9900,?,9,-9900,?,9,27.91,E,8,15.36,E,8,46.0,E,8,964.3861999999999,E,8,999.0,E,8,1.94,E,8,-9900,?,9,-9900,?,9,0.0,E,8,-9900,?,9,-9900,?,9,0.0,0.0,E,8
11/03/2022,17:00,464.636,1388.874,354.98,1,8,693.357,1,8,123.556,1,8,42597.6,1,8,65868.91,1,8,13591.185,1,8,117.832,1,8,-9900,?,9,-9900,?,9,27.0,E,8,15.22,E,8,48.0,E,8,964.3861999999999,E,8,999.0,E,8,1.99,E,8,-9900,?,9,-9900,?,9,0.0,E,8,-9900,?,9,-9900,?,9,0.0,0.0,E,8
11/03/2022,18:00,144.078,1388.874,122.25,1,8,360.963,1,8,85.701,1,8,14670.0,1,8,34291.477,1,8,9427.098,1,8,269.415,1,8,-9900,?,9,-9900,?,9,25.64,E,8,15.01,E,8,51.0,E,8,964.3861999999999,E,8,999.0,E,8,2.13,E,8,-9900,?,9,-9900,?,9,0.0,E,8,-9900,?,9,-9900,?,9,0.0,0.0,E,8
11/03/2022,19:00,0.0,1388.874,0.0,1,8,0.0,1,8,0.0,1,8,0.0,1,8,0.0,1,8,0.0,1,8,-0.0,1,8,-9900,?,9,-9900,?,9,24.5,E,8,14.82,E,8,54.0,E,8,964.3861999999999,E,8,999.0,E,8,1.75,E,8,-9900,?,9,-9900,?,9,0.0,E,8,-9900,?,9,-9900,?,9,0.0,0.0,E,8
11/03/2022,20:00,0.0,1388.874,0.0,1,8,0.0,1,8,0.0,1,8,0.0,1,8,0.0,1,8,0.0,1,8,-0.0,1,8,-9900,?,9,-9900,?,9,23.36,E,8,14.64,E,8,58.0,E,8,964.3861999999999,E,8,999.0,E,8,1.55,E,8,-9900,?,9,-9900,?,9,0.0,E,8,-9900,?,9,-9900,?,9,0.0,0.0,E,8
11/03/2022,21:00,0.0,1388.874,0.0,1,8,0.0,1,8,0.0,1,8,0.0,1,8,0.0,1,8,0.0,1,8,-0.0,1,8,-9900,?,9,-9900,?,9,22.21,E,8,14.45,E,8,61.0,E,8,964.3861999999999,E,8,999.0,E,8,1.34,E,8,-9900,?,9,-9900,?,9,0.0,E,8,-9900,?,9,-9900,?,9,0.0,0.0,E,8
11/03/2022,22:00,0.0,1388.874,0.0,1,8,0.0,1,8,0.0,1,8,0.0,1,8,0.0,1,8,0.0,1,8,-0.0,1,8,-9900,?,9,-9900,?,9,21.07,E,8,14.26,E,8,65.0,E,8,964.3861999999999,E,8,999.0,E,8,1.48,E,8,-9900,?,9,-9900,?,9,0.0,E,8,-9900,?,9,-9900,?,9,0.0,0.0,E,8
11/03/2022,23:00,0.0,1388.874,0.0,1,8,0.0,1,8,0.0,1,8,0.0,1,8,0.0,1,8,0.0,1,8,-0.0,1,8,-9900,?,9,-9900,?,9,19.93,E,8,14.07,E,8,68.0,E,8,964.3861999999999,E,8,999.0,E,8,0.82,E,8,-9900,?,9,-9900,?,9,0.0,E,8,-9900,?,9,-9900,?,9,0.0,0.0,E,8
11/03/2022,24:00,0.0,1388.874,0.0,1,8,0.0,1,8,0.0,1,8,0.0,1,8,0.0,1,8,0.0,1,8,-0.0,1,8,-9900,?,9,-9900,?,9,18.79,E,8,13.79,E,8,72.0,E,8,964.3861999999999,E,8,999.0,E,8,1.26,E,8,-9900,?,9,-9900,?,9,0.0,E,8,-9900,?,9,-9900,?,9,0.0,0.0,E,8
11/04/2022,01:00,0.0,1388.874,0.0,1,8,0.0,1,8,0.0,1,8,0.0,1,8,0.0,1,8,0.0,1,8,-0.0,1,8,-9900,?,9,-9900,?,9,18.22,E,8,13.55,E,8,74.0,E,8,964.3861999999999,E,8,999.0,E,8,1.49,E,8,-9900,?,9,-9900,?,9,0.0,E,8,-9900,?,9,-9900,?,9,0.0,0.0,E,8
11/04/2022,02:00,0.0,1388.874,0.0,1,8,0.0,1,8,0.0,1,8,0.0,1,8,0.0,1,8,0.0,1,8,-0.0,1,8,-9900,?,9,-9900,?,9,17.65,E,8,13.31,E,8,75.0,E,8,964.3861999999999,E,8,999.0,E,8,1.29,E,8,-9900,?,9,-9900,?,9,0.0,E,8,-9900,?,9,-9900,?,9,0.0,0.0,E,8
11/04/2022,03:00,0.0,1388.874,0.0,1,8,0.0,1,8,0.0,1,8,0.0,1,8,0.0,1,8,0.0,1,8,-0.0,1,8,-9900,?,9,-9900,?,9,17.07,E,8,13.07,E,8,77.0,E,8,964.3861999999999,E,8,999.0,E,8,0.77,E,8,-9900,?,9,-9900,?,9,0.0,E,8,-9900,?,9,-9900,?,9,0.0,0.0,E,8
11/04/2022,04:00,0.0,1389.599,0.0,1,8,0.0,1,8,0.0,1,8,0.0,1,8,0.0,1,8,0.0,1,8,-0.0,1,8,-9900,?,9,-9900,?,9,16.5,E,8,12.82,E,8,78.0,E,8,964.3861999999999,E,8,999.0,E,8,0.58,E,8,-9900,?,9,-9900,?,9,0.0,E,8,-9900,?,9,-9900,?,9,0.0,0.0,E,8
11/04/2022,05:00,0.0,1389.599,0.0,1,8,0.0,1,8,0.0,1,8,0.0,1,8,0.0,1,8,0.0,1,8,-0.0,1,8,-9900,?,9,-9900,?,9,16.0,E,8,12.61,E,8,80.0,E,8,964.3861999999999,E,8,999.0,E,8,0.58,E,8,-9900,?,9,-9900,?,9,0.0,E,8,-9900,?,9,-9900,?,9,0.0,0.0,E,8
11/04/2022,06:00,127.939,1389.599,0.0,1,8,0.0,1,8,0.0,1,8,0.0,1,8,0.0,1,8,0.0,1,8,0.0,1,8,-9900,?,9,-9900,?,9,15.62,E,8,12.44,E,8,81.0,E,8,964.3861999999999,E,8,999.0,E,8,1.25,E,8,-9900,?,9,-9900,?,9,0.0,E,8,-9900,?,9,-9900,?,9,0.0,0.0,E,8
11/04/2022,07:00,448.902,1389.599,115.61,1,8,4.728,1,8,114.087,1,8,13873.2,1,8,449.129,1,8,12549.52,1,8,112.694,1,8,-9900,?,9,-9900,?,9,15.24,E,8,12.27,E,8,82.0,E,8,964.3861999999999,E,8,999.0,E,8,1.37,E,8,-9900,?,9,-9900,?,9,0.0,E,8,-9900,?,9,-9900,?,9,0.0,0.0,E,8
11/04/2022,08:00,750.505,1389.599,331.66,1,8,140.495,1,8,255.835,1,8,39799.2,1,8,13346.984,1,8,28141.803,1,8,150.888,1,8,-9900,?,9,-9900,?,9,19.15,E,8,13.93,E,8,71.0,E,8,964.3861999999999,E,8,999.0,E,8,1.59,E,8,-9900,?,9,-9900,?,9,0.0,E,8,-9900,?,9,-9900,?,9,0.0,0.0,E,8
11/04/2022,09:00,1010.365,1389.599,527.73,1,8,189.73,1,8,389.815,1,8,63327.6,1,8,18024.344,1,8,42879.677,1,8,170.7,1,8,-9900,?,9,-9900,?,9,20.91,E,8,14.63,E,8,67.0,E,8,964.3861999999999,E,8,999.0,E,8,1.9,E,8,-9900,?,9,-9900,?,9,0.0,E,8,-9900,?,9,-9900,?,9,0.0,0.0,E,8
11/04/2022,10:00,1210.57,1389.599,707.41,1,8,309.564,1,8,437.754,1,8,84889.2,1,8,29408.558,1,8,48152.943,1,8,159.963,1,8,-9900,?,9,-9900,?,9,22.58,E,8,15.27,E,8,63.0,E,8,964.3861999999999,E,8,999.0,E,8,2.24,E,8,-9900,?,9,-9900,?,9,0.0,E,8,-9900,?,9,-9900,?,9,0.0,0.0,E,8
11/04/2022,11:00,1337.434,1389.599,800.62,1,8,340.613,1,8,472.802,1,8,96074.4,1,8,32358.192,1,8,52008.18,1,8,156.371,1,8,-9900,?,9,-9900,?,9,23.91,E,8,15.76,E,8,60.0,E,8,964.3861999999999,E,8,999.0,E,8,2.7,E,8,-9900,?,9,-9900,?,9,0.0,E,8,-9900,?,9,-9900,?,9,0.0,0.0,E,8
11/04/2022,12:00,1382.305,1389.599,884.99,1,8,443.112,1,8,444.205,1,8,106198.8,1,8,42095.672,1,8,48862.557,1,8,142.141,1,8,-9900,?,9,-9900,?,9,25.04,E,8,16.16,E,8,57.0,E,8,964.3861999999999,E,8,999.0,E,8,2.42,E,8,-9900,?,9,-9900,?,9,0.0,E,8,-9900,?,9,-9900,?,9,0.0,0.0,E,8
11/04/2022,13:00,1342.137,1389.599,856.98,1,8,423.408,1,8,448.042,1,8,102837.6,1,8,40223.793,1,8,49284.627,1,8,147.663,1,8,-9900,?,9,-9900,?,9,25.77,E,8,16.42,E,8,56.0,E,8,964.3861999999999,E,8,999.0,E,8,3.51,E,8,-9900,?,9,-9900,?,9,0.0,E,8,-9900,?,9,-9900,?,9,0.0,0.0,E,8
11/04/2022,14:00,1219.69,1389.599,857.77,1,8,581.34,1,8,347.556,1,8,102932.4,1,8,55227.34,1,8,38231.15,1,8,126.053,1,8,-9900,?,9,-9900,?,9,26.33,E,8,16.62,E,8,55.0,E,8,964.3861999999999,E,8,999.0,E,8,3.68,E,8,-9900,?,9,-9900,?,9,0.0,E,8,-9900,?,9,-9900,?,9,0.0,0.0,E,8
11/04/2022,15:00,1023.348,1389.599,707.6,1,8,662.148,1,8,220.092,1,8,84912.0,1,8,62904.076,1,8,24210.174,1,8,95.154,1,8,-9900,?,9,-9900,?,9,26.47,E,8,16.66,E,8,54.0,E,8,964.3861999999999,E,8,999.0,E,8,3.16,E,8,-9900,?,9,-9900,?,9,0.0,E,8,-9900,?,9,-9900,?,9,0.0,0.0,E,8
11/04/2022,16:00,766.563,1389.599,539.12,1,8,670.177,1,8,169.669,1,8,64694.4,1,8,63666.855,1,8,18663.561,1,8,97.968,1,8,-9900,?,9,-9900,?,9,26.16,E,8,16.56,E,8,55.0,E,8,964.3861999999999,E,8,999.0,E,8,3.13,E,8,-9900,?,9,-9900,?,9,0.0,E,8,-9900,?,9,-9900,?,9,0.0,0.0,E,8
11/04/2022,17:00,467.045,1389.599,341.95,1,8,691.207,1,8,110.164,1,8,41034.0,1,8,65664.668,1,8,12117.99,1,8,104.57,1,8,-9900,?,9,-9900,?,9,25.38,E,8,16.28,E,8,57.0,E,8,964.3861999999999,E,8,999.0,E,8,3.74,E,8,-9900,?,9,-9900,?,9,0.0,E,8,-9900,?,9,-9900,?,9,0.0,0.0,E,8
11/04/2022,18:00,146.752,1389.599,128.11,1,8,358.611,1,8,91.115,1,8,15373.2,1,8,34068.04,1,8,10022.633,1,8,281.137,1,8,-9900,?,9,-9900,?,9,24.19,E,8,15.86,E,8,59.0,E,8,964.3861999999999,E,8,999.0,E,8,3.37,E,8,-9900,?,9,-9900,?,9,0.0,E,8,-9900,?,9,-9900,?,9,0.0,0.0,E,8
11/04/2022,19:00,0.0,1389.599,0.0,1,8,0.0,1,8,0.0,1,8,0.0,1,8,0.0,1,8,0.0,1,8,-0.0,1,8,-9900,?,9,-9900,?,9,23.2,E,8,15.5,E,8,61.0,E,8,964.3861999999999,E,8,999.0,E,8,3.16,E,8,-9900,?,9,-9900,?,9,0.0,E,8,-9900,?,9,-9900,?,9,0.0,0.0,E,8
11/04/2022,20:00,0.0,1389.599,0.0,1,8,0.0,1,8,0.0,1,8,0.0,1,8,0.0,1,8,0.0,1,8,-0.0,1,8,-9900,?,9,-9900,?,9,22.2,E,8,15.12,E,8,64.0,E,8,964.3861999999999,E,8,999.0,E,8,2.85,E,8,-9900,?,9,-9900,?,9,0.0,E,8,-9900,?,9,-9900,?,9,0.0,0.0,E,8
11/04/2022,21:00,0.0,1389.599,0.0,1,8,0.0,1,8,0.0,1,8,0.0,1,8,0.0,1,8,0.0,1,8,-0.0,1,8,-9900,?,9,-9900,?,9,21.2,E,8,14.74,E,8,66.0,E,8,964.3861999999999,E,8,999.0,E,8,2.54,E,8,-9900,?,9,-9900,?,9,0.0,E,8,-9900,?,9,-9900,?,9,0.0,0.0,E,8
11/04/2022,22:00,0.0,1389.599,0.0,1,8,0.0,1,8,0.0,1,8,0.0,1,8,0.0,1,8,0.0,1,8,-0.0,1,8,-9900,?,9,-9900,?,9,20.21,E,8,14.36,E,8,69.0,E,8,964.3861999999999,E,8,999.0,E,8,2.41,E,8,-9900,?,9,-9900,?,9,0.0,E,8,-9900,?,9,-9900,?,9,0.0,0.0,E,8
11/04/2022,23:00,0.0,1389.599,0.0,1,8,0.0,1,8,0.0,1,8,0.0,1,8,0.0,1,8,0.0,1,8,-0.0,1,8,-9900,?,9,-9900,?,9,19.21,E,8,13.96,E,8,71.0,E,8,964.3861999999999,E,8,999.0,E,8,2.35,E,8,-9900,?,9,-9900,?,9,0.0,E,8,-9900,?,9,-9900,?,9,0.0,0.0,E,8
11/04/2022,24:00,0.0,1389.599,0.0,1,8,0.0,1,8,0.0,1,8,0.0,1,8,0.0,1,8,0.0,1,8,-0.0,1,8,-9900,?,9,-9900,?,9,18.21,E,8,12.99,E,8,71.0,E,8,964.3861999999999,E,8,999.0,E,8,2.47,E,8,-9900,?,9,-9900,?,9,0.0,E,8,-9900,?,9,-9900,?,9,0.0,0.0,E,8
11/05/2022,01:00,0.0,1389.599,0.0,1,8,0.0,1,8,0.0,1,8,0.0,1,8,0.0,1,8,0.0,1,8,-0.0,1,8,-9900,?,9,-9900,?,9,17.71,E,8,12.87,E,8,73.0,E,8,964.3861999999999,E,8,999.0,E,8,2.3,E,8,-9900,?,9,-9900,?,9,0.0,E,8,-9900,?,9,-9900,?,9,0.0,0.0,E,8
11/05/2022,02:00,0.0,1389.599,0.0,1,8,0.0,1,8,0.0,1,8,0.0,1,8,0.0,1,8,0.0,1,8,-0.0,1,8,-9900,?,9,-9900,?,9,17.21,E,8,12.75,E,8,75.0,E,8,964.3861999999999,E,8,999.0,E,8,2.28,E,8,-9900,?,9,-9900,?,9,0.0,E,8,-9900,?,9,-9900,?,9,0.0,0.0,E,8
11/05/2022,03:00,0.0,1389.599,0.0,1,8,0.0,1,8,0.0,1,8,0.0,1,8,0.0,1,8,0.0,1,8,-0.0,1,8,-9900,?,9,-9900,?,9,16.72,E,8,12.63,E,8,76.0,E,8,964.3861999999999,E,8,999.0,E,8,1.88,E,8,-9900,?,9,-9900,?,9,0.0,E,8,-9900,?,9,-9900,?,9,0.0,0.0,E,8
11/05/2022,04:00,0.0,1390.318,0.0,1,8,0.0,1,8,0.0,1,8,0.0,1,8,0.0,1,8,0.0,1,8,-0.0,1,8,-9900,?,9,-9900,?,9,16.22,E,8,12.5,E,8,78.0,E,8,964.3861999999999,E,8,999.0,E,8,1.96,E,8,-9900,?,9,-9900,?,9,0.0,E,8,-9900,?,9,-9900,?,9,0.0,0.0,E,8
11/05/2022,05:00,0.0,1390.318,0.0,1,8,0.0,1,8,0.0,1,8,0.0,1,8,0.0,1,8,0.0,1,8,-0.0,1,8,-9900,?,9,-9900,?,9,15.78,E,8,12.39,E,8,80.0,E,8,964.3861999999999,E,8,999.0,E,8,2.11,E,8,-9900,?,9,-9900,?,9,0.0,E,8,-9900,?,9,-9900,?,9,0.0,0.0,E,8
11/05/2022,06:00,130.477,1390.318,0.0,1,8,0.0,1,8,0.0,1,8,0.0,1,8,0.0,1,8,0.0,1,8,0.0,1,8,-9900,?,9,-9900,?,9,15.45,E,8,12.31,E,8,81.0,E,8,964.3861999999999,E,8,999.0,E,8,1.97,E,8,-9900,?,9,-9900,?,9,0.0,E,8,-9900,?,9,-9900,?,9,0.0,0.0,E,8
11/05/2022,07:00,451.177,1390.318,129.89,1,8,20.432,1,8,123.276,1,8,15586.8,1,8,1941.018,1,8,13560.35,1,8,121.217,1,8,-9900,?,9,-9900,?,9,15.12,E,8,12.23,E,8,82.0,E,8,964.3861999999999,E,8,999.0,E,8,1.84,E,8,-9900,?,9,-9900,?,9,0.0,E,8,-9900,?,9,-9900,?,9,0.0,0.0,E,8
11/05/2022,08:00,752.497,1390.318,393.02,1,8,233.26,1,8,266.86,1,8,47162.4,1,8,22159.666,1,8,29354.557,1,8,157.054,1,8,-9900,?,9,-9900,?,9,19.22,E,8,13.23,E,8,68.0,E,8,964.3861999999999,E,8,999.0,E,8,2.79,E,8,-9900,?,9,-9900,?,9,0.0,E,8,-9900,?,9,-9900,?,9,0.0,0.0,E,8
11/05/2022,09:00,1012.116,1390.318,647.86,1,8,483.202,1,8,296.193,1,8,77743.2,1,8,45904.195,1,8,32581.215,1,8,129.545,1,8,-9900,?,9,-9900,?,9,21.24,E,8,13.7,E,8,62.0,E,8,964.3861999999999,E,8,999.0,E,8,3.06,E,8,-9900,?,9,-9900,?,9,0.0,E,8,-9900,?,9,-9900,?,9,0.0,0.0,E,8
11/05/2022,10:00,1212.144,1390.318,862.7,1,8,614.262,1,8,327.207,1,8,103524.0,1,8,58354.879,1,8,35992.825,1,8,119.474,1,8,-9900,?,9,-9900,?,9,23.1,E,8,14.12,E,8,57.0,E,8,964.3861999999999,E,8,999.0,E,8,3.54,E,8,-9900,?,9,-9900,?,9,0.0,E,8,-9900,?,9,-9900,?,9,0.0,0.0,E,8
11/05/2022,11:00,1338.905,1390.318,1014.97,1,8,703.5,1,8,337.5,1,8,121796.4,1,8,66832.536,1,8,37125.0,1,8,111.557,1,8,-9900,?,9,-9900,?,9,24.69,E,8,14.48,E,8,53.0,E,8,964.3861999999999,E,8,999.0,E,8,3.11,E,8,-9900,?,9,-9900,?,9,0.0,E,8,-9900,?,9,-9900,?,9,0.0,0.0,E,8
11/05/2022,12:00,1383.756,1390.318,1100.37,1,8,882.409,1,8,222.128,1,8,132044.4,1,8,83828.868,1,8,24434.078,1,8,71.041,1,8,-9900,?,9,-9900,?,9,25.97,E,8,14.76,E,8,50.0,E,8,964.3861999999999,E,8,999.0,E,8,3.93,E,8,-9900,?,9,-9900,?,9,0.0,E,8,-9900,?,9,-9900,?,9,0.0,0.0,E,8
11/05/2022,13:00,1343.652,1390.318,1109.15,1,8,955.954,1,8,185.301,1,8,133098.0,1,8,90815.677,1,8,20383.159,1,8,61.033,1,8,-9900,?,9,-9900,?,9,26.91,E,8,14.96,E,8,47.0,E,8,964.3861999999999,E,8,999.0,E,8,5.28,E,8,-9900,?,9,-9900,?,9,0.0,E,8,-9900,?,9,-9900,?,9,0.0,0.0,E,8
11/05/2022,14:00,1221.348,1390.318,1040.2,1,8,881.287,1,8,266.086,1,8,124824.0,1,8,83722.245,1,8,29269.464,1,8,96.424,1,8,-9900,?,9,-9900,?,9,27.47,E,8,15.08,E,8,46.0,E,8,964.3861999999999,E,8,999.0,E,8,6.64,E,8,-9900,?,9,-9900,?,9,0.0,E,8,-9900,?,9,-9900,?,9,0.0,0.0,E,8
11/05/2022,15:00,1025.219,1390.318,892.92,1,8,856.063,1,8,261.816,1,8,107150.4,1,8,81325.989,1,8,28799.753,1,8,113.045,1,8,-9900,?,9,-9900,?,9,27.66,E,8,15.12,E,8,46.0,E,8,964.3861999999999,E,8,999.0,E,8,5.18,E,8,-9900,?,9,-9900,?,9,0.0,E,8,-9900,?,9,-9900,?,9,0.0,0.0,E,8
11/05/2022,16:00,768.7,1390.318,684.93,1,8,808.562,1,8,238.178,1,8,82191.6,1,8,76813.383,1,8,26199.543,1,8,137.214,1,8,-9900,?,9,-9900,?,9,27.35,E,8,15.05,E,8,47.0,E,8,964.3861999999999,E,8,999.0,E,8,4.07,E,8,-9900,?,9,-9900,?,9,0.0,E,8,-9900,?,9,-9900,?,9,0.0,0.0,E,8
11/05/2022,17:00,469.481,1390.318,429.92,1,8,738.758,1,8,181.018,1,8,51590.4,1,8,70182.053,1,8,19912.028,1,8,171.02,1,8,-9900,?,9,-9900,?,9,26.49,E,8,14.87,E,8,48.0,E,8,964.3861999999999,E,8,999.0,E,8,3.89,E,8,-9900,?,9,-9900,?,9,0.0,E,8,-9900,?,9,-9900,?,9,0.0,0.0,E,8
11/05/2022,18:00,149.463,1390.318,159.15,1,8,313.531,1,8,126.2,1,8,19098.0,1,8,29785.458,1,8,13881.97,1,8,382.235,1,8,-9900,?,9,-9900,?,9,25.16,E,8,14.58,E,8,51.0,E,8,964.3861999999999,E,8,999.0,E,8,2.61,E,8,-9900,?,9,-9900,?,9,0.0,E,8,-9900,?,9,-9900,?,9,0.0,0.0,E,8
11/05/2022,19:00,0.0,1390.318,0.0,1,8,0.0,1,8,0.0,1,8,0.0,1,8,0.0,1,8,0.0,1,8,-0.0,1,8,-9900,?,9,-9900,?,9,24.05,E,8,14.34,E,8,54.0,E,8,964.3861999999999,E,8,999.0,E,8,1.97,E,8,-9900,?,9,-9900,?,9,0.0,E,8,-9900,?,9,-9900,?,9,0.0,0.0,E,8
11/05/2022,20:00,0.0,1390.318,0.0,1,8,0.0,1,8,0.0,1,8,0.0,1,8,0.0,1,8,0.0,1,8,-0.0,1,8,-9900,?,9,-9900,?,9,22.95,E,8,14.09,E,8,57.0,E,8,964.3861999999999,E,8,999.0,E,8,0.91,E,8,-9900,?,9,-9900,?,9,0.0,E,8,-9900,?,9,-9900,?,9,0.0,0.0,E,8
11/05/2022,21:00,0.0,1390.318,0.0,1,8,0.0,1,8,0.0,1,8,0.0,1,8,0.0,1,8,0.0,1,8,-0.0,1,8,-9900,?,9,-9900,?,9,21.84,E,8,13.84,E,8,60.0,E,8,964.3861999999999,E,8,999.0,E,8,0.91,E,8,-9900,?,9,-9900,?,9,0.0,E,8,-9900,?,9,-9900,?,9,0.0,0.0,E,8
11/05/2022,22:00,0.0,1390.318,0.0,1,8,0.0,1,8,0.0,1,8,0.0,1,8,0.0,1,8,0.0,1,8,-0.0,1,8,-9900,?,9,-9900,?,9,20.73,E,8,13.58,E,8,63.0,E,8,964.3861999999999,E,8,999.0,E,8,0.91,E,8,-9900,?,9,-9900,?,9,0.0,E,8,-9900,?,9,-9900,?,9,0.0,0.0,E,8
11/05/2022,23:00,0.0,1390.318,0.0,1,8,0.0,1,8,0.0,1,8,0.0,1,8,0.0,1,8,0.0,1,8,-0.0,1,8,-9900,?,9,-9900,?,9,19.62,E,8,13.32,E,8,66.0,E,8,964.3861999999999,E,8,999.0,E,8,0.91,E,8,-9900,?,9,-9900,?,9,0.0,E,8,-9900,?,9,-9900,?,9,0.0,0.0,E,8
11/05/2022,24:00,0.0,1390.318,0.0,1,8,0.0,1,8,0.0,1,8,0.0,1,8,0.0,1,8,0.0,1,8,-0.0,1,8,-9900,?,9,-9900,?,9,18.52,E,8,13.34,E,8,71.0,E,8,964.3861999999999,E,8,999.0,E,8,0.46,E,8,-9900,?,9,-9900,?,9,0.0,E,8,-9900,?,9,-9900,?,9,0.0,0.0,E,8
11/06/2022,01:00,0.0,1390.318,0.0,1,8,0.0,1,8,0.0,1,8,0.0,1,8,0.0,1,8,0.0,1,8,-0.0,1,8,-9900,?,9,-9900,?,9,17.96,E,8,13.21,E,8,73.0,E,8,964.3861999999999,E,8,999.0,E,8,0.46,E,8,-9900,?,9,-9900,?,9,0.0,E,8,-9900,?,9,-9900,?,9,0.0,0.0,E,8
11/06/2022,02:00,0.0,1390.318,0.0,1,8,0.0,1,8,0.0,1,8,0.0,1,8,0.0,1,8,0.0,1,8,-0.0,1,8,-9900,?,9,-9900,?,9,17.41,E,8,13.07,E,8,75.0,E,8,964.3861999999999,E,8,999.0,E,8,0.46,E,8,-9900,?,9,-9900,?,9,0.0,E,8,-9900,?,9,-9900,?,9,0.0,0.0,E,8
11/06/2022,03:00,0.0,1390.318,0.0,1,8,0.0,1,8,0.0,1,8,0.0,1,8,0.0,1,8,0.0,1,8,-0.0,1,8,-9900,?,9,-9900,?,9,16.86,E,8,12.93,E,8,77.0,E,8,964.3861999999999,E,8,999.0,E,8,0.46,E,8,-9900,?,9,-9900,?,9,0.0,E,8,-9900,?,9,-9900,?,9,0.0,0.0,E,8
11/06/2022,04:00,0.0,1391.03,0.0,1,8,0.0,1,8,0.0,1,8,0.0,1,8,0.0,1,8,0.0,1,8,-0.0,1,8,-9900,?,9,-9900,?,9,16.3,E,8,12.79,E,8,79.0,E,8,964.3861999999999,E,8,999.0,E,8,0.46,E,8,-9900,?,9,-9900,?,9,0.0,E,8,-9900,?,9,-9900,?,9,0.0,0.0,E,8
11/06/2022,05:00,0.0,1391.03,0.0,1,8,0.0,1,8,0.0,1,8,0.0,1,8,0.0,1,8,0.0,1,8,-0.0,1,8,-9900,?,9,-9900,?,9,15.81,E,8,12.67,E,8,81.0,E,8,964.3861999999999,E,8,999.0,E,8,0.46,E,8,-9900,?,9,-9900,?,9,0.0,E,8,-9900,?,9,-9900,?,9,0.0,0.0,E,8
11/06/2022,06:00,132.906,1391.03,0.0,1,8,0.0,1,8,0.0,1,8,0.0,1,8,0.0,1,8,0.0,1,8,0.0,1,8,-9900,?,9,-9900,?,9,15.45,E,8,12.58,E,8,82.0,E,8,964.3861999999999,E,8,999.0,E,8,0.46,E,8,-9900,?,9,-9900,?,9,0.0,E,8,-9900,?,9,-9900,?,9,0.0,0.0,E,8
11/06/2022,07:00,453.339,1391.03,129.72,1,8,19.382,1,8,123.419,1,8,15566.4,1,8,1841.26,1,8,13576.075,1,8,120.838,1,8,-9900,?,9,-9900,?,9,15.08,E,8,12.48,E,8,84.0,E,8,964.3861999999999,E,8,999.0,E,8,0.46,E,8,-9900,?,9,-9900,?,9,0.0,E,8,-9900,?,9,-9900,?,9,0.0,0.0,E,8
11/06/2022,08:00,754.377,1391.03,389.43,1,8,244.905,1,8,256.707,1,8,46731.6,1,8,23265.997,1,8,28237.815,1,8,150.779,1,8,-9900,?,9,-9900,?,9,19.4,E,8,13.56,E,8,68.0,E,8,964.3861999999999,E,8,999.0,E,8,0.46,E,8,-9900,?,9,-9900,?,9,0.0,E,8,-9900,?,9,-9900,?,9,0.0,0.0,E,8
11/06/2022,09:00,1013.765,1391.03,639.21,1,8,458.89,1,8,304.863,1,8,76705.2,1,8,43594.577,1,8,33534.974,1,8,133.189,1,8,-9900,?,9,-9900,?,9,21.5,E,8,14.06,E,8,62.0,E,8,964.3861999999999,E,8,999.0,E,8,0.46,E,8,-9900,?,9,-9900,?,9,0.0,E,8,-9900,?,9,-9900,?,9,0.0,0.0,E,8
11/06/2022,10:00,1213.628,1391.03,846.56,1,8,567.953,1,8,351.085,1,8,101587.2,1,8,53955.565,1,8,38619.371,1,8,128.101,1,8,-9900,?,9,-9900,?,9,23.41,E,8,14.5,E,8,57.0,E,8,964.3861999999999,E,8,999.0,E,8,0.46,E,8,-9900,?,9,-9900,?,9,0.0,E,8,-9900,?,9,-9900,?,9,0.0,0.0,E,8
11/06/2022,11:00,1340.303,1391.03,987.99,1,8,665.672,1,8,346.608,1,8,118558.8,1,8,63238.799,1,8,38126.917,1,8,114.507,1,8,-9900,?,9,-9900,?,9,25.03,E,8,14.87,E,8,53.0,E,8,964.3861999999999,E,8,999.0,E,8,0.91,E,8,-9900,?,9,-9900,?,9,0.0,E,8,-9900,?,9,-9900,?,9,0.0,0.0,E,8
11/06/2022,12:00,1385.152,1391.03,1067.76,1,8,787.757,1,8,283.334,1,8,128131.2,1,8,74836.89,1,8,31166.74,1,8,90.571,1,8,-9900,?,9,-9900,?,9,26.33,E,8,15.16,E,8,50.0,E,8,964.3861999999999,E,8,999.0,E,8,1.32,E,8,-9900,?,9,-9900,?,9,0.0,E,8,-9900,?,9,-9900,?,9,0.0,0.0,E,8
11/06/2022,13:00,1345.131,1391.03,1067.92,1,8,893.864,1,8,203.568,1,8,128150.4,1,8,84917.101,1,8,22392.444,1,8,67.01,1,8,-9900,?,9,-9900,?,9,27.26,E,8,15.36,E,8,48.0,E,8,964.3861999999999,E,8,999.0,E,8,0.8,E,8,-9900,?,9,-9900,?,9,0.0,E,8,-9900,?,9,-9900,?,9,0.0,0.0,E,8
11/06/2022,14:00,1222.99,1391.03,993.9,1,8,868.406,1,8,230.465,1,8,119268.0,1,8,82498.584,1,8,25351.186,1,8,83.446,1,8,-9900,?,9,-9900,?,9,27.8,E,8,15.48,E,8,47.0,E,8,964.3861999999999,E,8,999.0,E,8,1.41,E,8,-9900,?,9,-9900,?,9,0.0,E,8,-9900,?,9,-9900,?,9,0.0,0.0,E,8
11/06/2022,15:00,1027.091,1391.03,844.72,1,8,844.113,1,8,221.608,1,8,101366.4,1,8,80190.716,1,8,24376.852,1,8,95.558,1,8,-9900,?,9,-9900,?,9,27.95,E,8,15.51,E,8,46.0,E,8,964.3861999999999,E,8,999.0,E,8,1.1,E,8,-9900,?,9,-9900,?,9,0.0,E,8,-9900,?,9,-9900,?,9,0.0,0.0,E,8
11/06/2022,16:00,770.853,1391.03,640.47,1,8,722.806,1,8,240.184,1,8,76856.4,1,8,68666.616,1,8,26420.267,1,8,138.053,1,8,-9900,?,9,-9900,?,9,27.57,E,8,15.43,E,8,47.0,E,8,964.3861999999999,E,8,999.0,E,8,1.41,E,8,-9900,?,9,-9900,?,9,0.0,E,8,-9900,?,9,-9900,?,9,0.0,0.0,E,8
11/06/2022,17:00,471.946,1391.03,395.16,1,8,721.234,1,8,151.007,1,8,47419.2,1,8,68517.196,1,8,16610.72,1,8,141.99,1,8,-9900,?,9,-9900,?,9,26.63,E,8,15.22,E,8,49.0,E,8,964.3861999999999,E,8,999.0,E,8,2.16,E,8,-9900,?,9,-9900,?,9,0.0,E,8,-9900,?,9,-9900,?,9,0.0,0.0,E,8
11/06/2022,18:00,152.209,1391.03,138.42,1,8,399.343,1,8,95.67,1,8,16610.4,1,8,37937.617,1,8,10523.753,1,8,284.474,1,8,-9900,?,9,-9900,?,9,25.25,E,8,14.92,E,8,52.0,E,8,964.3861999999999,E,8,999.0,E,8,2.24,E,8,-9900,?,9,-9900,?,9,0.0,E,8,-9900,?,9,-9900,?,9,0.0,0.0,E,8
11/06/2022,19:00,0.0,1391.03,0.0,1,8,0.0,1,8,0.0,1,8,0.0,1,8,0.0,1,8,0.0,1,8,-0.0,1,8,-9900,?,9,-9900,?,9,24.11,E,8,14.66,E,8,55.0,E,8,964.3861999999999,E,8,999.0,E,8,2.17,E,8,-9900,?,9,-9900,?,9,0.0,E,8,-9900,?,9,-9900,?,9,0.0,0.0,E,8
11/06/2022,20:00,0.0,1391.03,0.0,1,8,0.0,1,8,0.0,1,8,0.0,1,8,0.0,1,8,0.0,1,8,-0.0,1,8,-9900,?,9,-9900,?,9,22.98,E,8,14.4,E,8,58.0,E,8,964.3861999999999,E,8,999.0,E,8,1.54,E,8,-9900,?,9,-9900,?,9,0.0,E,8,-9900,?,9,-9900,?,9,0.0,0.0,E,8
11/06/2022,21:00,0.0,1391.03,0.0,1,8,0.0,1,8,0.0,1,8,0.0,1,8,0.0,1,8,0.0,1,8,-0.0,1,8,-9900,?,9,-9900,?,9,21.85,E,8,14.14,E,8,61.0,E,8,964.3861999999999,E,8,999.0,E,8,1.51,E,8,-9900,?,9,-9900,?,9,0.0,E,8,-9900,?,9,-9900,?,9,0.0,0.0,E,8
11/06/2022,22:00,0.0,1391.03,0.0,1,8,0.0,1,8,0.0,1,8,0.0,1,8,0.0,1,8,0.0,1,8,-0.0,1,8,-9900,?,9,-9900,?,9,20.72,E,8,13.88,E,8,64.0,E,8,964.3861999999999,E,8,999.0,E,8,1.65,E,8,-9900,?,9,-9900,?,9,0.0,E,8,-9900,?,9,-9900,?,9,0.0,0.0,E,8
11/06/2022,23:00,0.0,1391.03,0.0,1,8,0.0,1,8,0.0,1,8,0.0,1,8,0.0,1,8,0.0,1,8,-0.0,1,8,-9900,?,9,-9900,?,9,19.59,E,8,13.61,E,8,68.0,E,8,964.3861999999999,E,8,999.0,E,8,1.06,E,8,-9900,?,9,-9900,?,9,0.0,E,8,-9900,?,9,-9900,?,9,0.0,0.0,E,8
11/06/2022,24:00,0.0,1391.03,0.0,1,8,0.0,1,8,0.0,1,8,0.0,1,8,0.0,1,8,0.0,1,8,-0.0,1,8,-9900,?,9,-9900,?,9,18.46,E,8,13.74,E,8,73.0,E,8,964.3861999999999,E,8,999.0,E,8,1.83,E,8,-9900,?,9,-9900,?,9,0.0,E,8,-9900,?,9,-9900,?,9,0.0,0.0,E,8
11/07/2022,01:00,0.0,1391.03,0.0,1,8,0.0,1,8,0.0,1,8,0.0,1,8,0.0,1,8,0.0,1,8,-0.0,1,8,-9900,?,9,-9900,?,9,17.89,E,8,13.61,E,8,76.0,E,8,964.3861999999999,E,8,999.0,E,8,1.1,E,8,-9900,?,9,-9900,?,9,0.0,E,8,-9900,?,9,-9900,?,9,0.0,0.0,E,8
11/07/2022,02:00,0.0,1391.03,0.0,1,8,0.0,1,8,0.0,1,8,0.0,1,8,0.0,1,8,0.0,1,8,-0.0,1,8,-9900,?,9,-9900,?,9,17.32,E,8,13.47,E,8,78.0,E,8,964.3861999999999,E,8,999.0,E,8,1.02,E,8,-9900,?,9,-9900,?,9,0.0,E,8,-9900,?,9,-9900,?,9,0.0,0.0,E,8
11/07/2022,03:00,0.0,1391.03,0.0,1,8,0.0,1,8,0.0,1,8,0.0,1,8,0.0,1,8,0.0,1,8,-0.0,1,8,-9900,?,9,-9900,?,9,16.76,E,8,13.34,E,8,80.0,E,8,964.3861999999999,E,8,999.0,E,8,0.85,E,8,-9900,?,9,-9900,?,9,0.0,E,8,-9900,?,9,-9900,?,9,0.0,0.0,E,8
11/07/2022,04:00,0.0,1391.735,0.0,1,8,0.0,1,8,0.0,1,8,0.0,1,8,0.0,1,8,0.0,1,8,-0.0,1,8,-9900,?,9,-9900,?,9,16.19,E,8,13.2,E,8,82.0,E,8,964.3861999999999,E,8,999.0,E,8,0.76,E,8,-9900,?,9,-9900,?,9,0.0,E,8,-9900,?,9,-9900,?,9,0.0,0.0,E,8
11/07/2022,05:00,0.0,1391.735,0.0,1,8,0.0,1,8,0.0,1,8,0.0,1,8,0.0,1,8,0.0,1,8,-0.0,1,8,-9900,?,9,-9900,?,9,15.69,E,8,13.08,E,8,84.0,E,8,964.3861999999999,E,8,999.0,E,8,0.79,E,8,-9900,?,9,-9900,?,9,0.0,E,8,-9900,?,9,-9900,?,9,0.0,0.0,E,8
11/07/2022,06:00,135.226,1391.735,0.0,1,8,0.0,1,8,0.0,1,8,0.0,1,8,0.0,1,8,0.0,1,8,0.0,1,8,-9900,?,9,-9900,?,9,15.32,E,8,12.99,E,8,85.0,E,8,964.3861999999999,E,8,999.0,E,8,0.76,E,8,-9900,?,9,-9900,?,9,0.0,E,8,-9900,?,9,-9900,?,9,0.0,0.0,E,8
11/07/2022,07:00,455.385,1391.735,71.41,1,8,0.0,1,8,71.41,1,8,8569.2,1,8,0.0,1,8,7855.1,1,8,69.636,1,8,-9900,?,9,-9900,?,9,14.94,E,8,12.9,E,8,87.0,E,8,964.3861999999999,E,8,999.0,E,8,1.08,E,8,-9900,?,9,-9900,?,9,0.0,E,8,-9900,?,9,-9900,?,9,0.0,0.0,E,8
11/07/2022,08:00,756.147,1391.735,213.2,1,8,12.851,1,8,206.223,1,8,25584.0,1,8,1220.861,1,8,22684.495,1,8,120.904,1,8,-9900,?,9,-9900,?,9,18.8,E,8,13.82,E,8,72.0,E,8,964.3861999999999,E,8,999.0,E,8,1.67,E,8,-9900,?,9,-9900,?,9,0.0,E,8,-9900,?,9,-9900,?,9,0.0,0.0,E,8
11/07/2022,09:00,1015.311,1391.735,349.54,1,8,50.492,1,8,312.714,1,8,41944.8,1,8,4796.735,1,8,34398.56,1,8,136.48,1,8,-9900,?,9,-9900,?,9,20.67,E,8,14.26,E,8,66.0,E,8,964.3861999999999,E,8,999.0,E,8,2.49,E,8,-9900,?,9,-9900,?,9,0.0,E,8,-9900,?,9,-9900,?,9,0.0,0.0,E,8
11/07/2022,10:00,1215.022,1391.735,463.17,1,8,30.5,1,8,436.545,1,8,55580.4,1,8,2897.494,1,8,48019.97,1,8,159.181,1,8,-9900,?,9,-9900,?,9,22.38,E,8,14.64,E,8,61.0,E,8,964.3861999999999,E,8,999.0,E,8,2.03,E,8,-9900,?,9,-9900,?,9,0.0,E,8,-9900,?,9,-9900,?,9,0.0,0.0,E,8
11/07/2022,11:00,1341.627,1391.735,544.49,1,8,44.695,1,8,501.405,1,8,65338.8,1,8,4245.998,1,8,55154.599,1,8,165.567,1,8,-9900,?,9,-9900,?,9,23.84,E,8,14.96,E,8,57.0,E,8,964.3861999999999,E,8,999.0,E,8,3.41,E,8,-9900,?,9,-9900,?,9,0.0,E,8,-9900,?,9,-9900,?,9,0.0,0.0,E,8
11/07/2022,12:00,1386.494,1391.735,587.34,1,8,51.394,1,8,536.139,1,8,70480.8,1,8,4882.476,1,8,58975.311,1,8,171.304,1,8,-9900,?,9,-9900,?,9,25.01,E,8,15.22,E,8,54.0,E,8,964.3861999999999,E,8,999.0,E,8,3.82,E,8,-9900,?,9,-9900,?,9,0.0,E,8,-9900,?,9,-9900,?,9,0.0,0.0,E,8
11/07/2022,13:00,1346.576,1391.735,588.57,1,8,59.812,1,8,530.7,1,8,70628.4,1,8,5682.105,1,8,58377.034,1,8,174.596,1,8,-9900,?,9,-9900,?,9,25.85,E,8,15.4,E,8,52.0,E,8,964.3861999999999,E,8,999.0,E,8,5.02,E,8,-9900,?,9,-9900,?,9,0.0,E,8,-9900,?,9,-9900,?,9,0.0,0.0,E,8
11/07/2022,14:00,1224.617,1391.735,548.12,1,8,145.495,1,8,420.107,1,8,65774.4,1,8,13822.021,1,8,46211.759,1,8,151.986,1,8,-9900,?,9,-9900,?,9,26.35,E,8,15.51,E,8,51.0,E,8,964.3861999999999,E,8,999.0,E,8,3.48,E,8,-9900,?,9,-9900,?,9,0.0,E,8,-9900,?,9,-9900,?,9,0.0,0.0,E,8
11/07/2022,15:00,1028.966,1391.735,468.94,1,8,117.238,1,8,382.282,1,8,56272.8,1,8,11137.625,1,8,42051.049,1,8,164.625,1,8,-9900,?,9,-9900,?,9,26.49,E,8,15.54,E,8,50.0,E,8,964.3861999999999,E,8,999.0,E,8,4.18,E,8,-9900,?,9,-9900,?,9,0.0,E,8,-9900,?,9,-9900,?,9,0.0,0.0,E,8
11/07/2022,16:00,773.025,1391.735,357.06,1,8,151.96,1,8,272.711,1,8,42847.2,1,8,14436.196,1,8,29998.197,1,8,156.387,1,8,-9900,?,9,-9900,?,9,26.17,E,8,15.47,E,8,51.0,E,8,964.3861999999999,E,8,999.0,E,8,4.41,E,8,-9900,?,9,-9900,?,9,0.0,E,8,-9900,?,9,-9900,?,9,0.0,0.0,E,8
11/07/2022,17:00,474.439,1391.735,221.81,1,8,291.921,1,8,122.514,1,8,26617.2,1,8,27732.498,1,8,13476.571,1,8,114.649,1,8,-9900,?,9,-9900,?,9,25.35,E,8,15.29,E,8,53.0,E,8,964.3861999999999,E,8,999.0,E,8,5.44,E,8,-9900,?,9,-9900,?,9,0.0,E,8,-9900,?,9,-9900,?,9,0.0,0.0,E,8
11/07/2022,18:00,154.991,1391.735,79.57,1,8,296.156,1,8,47.281,1,8,9548.4,1,8,28134.856,1,8,5200.857,1,8,138.036,1,8,-9900,?,9,-9900,?,9,24.11,E,8,15.02,E,8,56.0,E,8,964.3861999999999,E,8,999.0,E,8,4.12,E,8,-9900,?,9,-9900,?,9,0.0,E,8,-9900,?,9,-9900,?,9,0.0,0.0,E,8
11/07/2022,19:00,0.0,1391.735,0.0,1,8,0.0,1,8,0.0,1,8,0.0,1,8,0.0,1,8,0.0,1,8,-0.0,1,8,-9900,?,9,-9900,?,9,23.23,E,8,14.83,E,8,59.0,E,8,964.3861999999999,E,8,999.0,E,8,2.83,E,8,-9900,?,9,-9900,?,9,0.0,E,8,-9900,?,9,-9900,?,9,0.0,0.0,E,8
11/07/2022,20:00,0.0,1391.735,0.0,1,8,0.0,1,8,0.0,1,8,0.0,1,8,0.0,1,8,0.0,1,8,-0.0,1,8,-9900,?,9,-9900,?,9,22.36,E,8,14.64,E,8,61.0,E,8,964.3861999999999,E,8,999.0,E,8,1.92,E,8,-9900,?,9,-9900,?,9,0.0,E,8,-9900,?,9,-9900,?,9,0.0,0.0,E,8
11/07/2022,21:00,0.0,1391.735,0.0,1,8,0.0,1,8,0.0,1,8,0.0,1,8,0.0,1,8,0.0,1,8,-0.0,1,8,-9900,?,9,-9900,?,9,21.48,E,8,14.44,E,8,64.0,E,8,964.3861999999999,E,8,999.0,E,8,1.69,E,8,-9900,?,9,-9900,?,9,0.0,E,8,-9900,?,9,-9900,?,9,0.0,0.0,E,8
11/07/2022,22:00,0.0,1391.735,0.0,1,8,0.0,1,8,0.0,1,8,0.0,1,8,0.0,1,8,0.0,1,8,-0.0,1,8,-9900,?,9,-9900,?,9,20.6,E,8,14.24,E,8,66.0,E,8,964.3861999999999,E,8,999.0,E,8,2.02,E,8,-9900,?,9,-9900,?,9,0.0,E,8,-9900,?,9,-9900,?,9,0.0,0.0,E,8
11/07/2022,23:00,0.0,1391.735,0.0,1,8,0.0,1,8,0.0,1,8,0.0,1,8,0.0,1,8,0.0,1,8,-0.0,1,8,-9900,?,9,-9900,?,9,19.72,E,8,14.04,E,8,69.0,E,8,964.3861999999999,E,8,999.0,E,8,2.01,E,8,-9900,?,9,-9900,?,9,0.0,E,8,-9900,?,9,-9900,?,9,0.0,0.0,E,8
11/07/2022,24:00,0.0,1391.735,0.0,1,8,0.0,1,8,0.0,1,8,0.0,1,8,0.0,1,8,0.0,1,8,-0.0,1,8,-9900,?,9,-9900,?,9,18.85,E,8,15.29,E,8,79.0,E,8,964.3861999999999,E,8,999.0,E,8,1.07,E,8,-9900,?,9,-9900,?,9,0.0,E,8,-9900,?,9,-9900,?,9,0.0,0.0,E,8
11/08/2022,01:00,0.0,1391.735,0.0,1,8,0.0,1,8,0.0,1,8,0.0,1,8,0.0,1,8,0.0,1,8,-0.0,1,8,-9900,?,9,-9900,?,9,18.41,E,8,15.28,E,8,81.0,E,8,964.3861999999999,E,8,999.0,E,8,0.63,E,8,-9900,?,9,-9900,?,9,0.0,E,8,-9900,?,9,-9900,?,9,0.0,0.0,E,8
11/08/2022,02:00,0.0,1391.735,0.0,1,8,0.0,1,8,0.0,1,8,0.0,1,8,0.0,1,8,0.0,1,8,-0.0,1,8,-9900,?,9,-9900,?,9,17.97,E,8,15.26,E,8,84.0,E,8,964.3861999999999,E,8,999.0,E,8,0.98,E,8,-9900,?,9,-9900,?,9,0.0,E,8,-9900,?,9,-9900,?,9,0.0,0.0,E,8
11/08/2022,03:00,0.0,1391.735,0.0,1,8,0.0,1,8,0.0,1,8,0.0,1,8,0.0,1,8,0.0,1,8,-0.0,1,8,-9900,?,9,-9900,?,9,17.53,E,8,15.24,E,8,86.0,E,8,964.3861999999999,E,8,999.0,E,8,0.9,E,8,-9900,?,9,-9900,?,9,0.0,E,8,-9900,?,9,-9900,?,9,0.0,0.0,E,8
11/08/2022,04:00,0.0,1392.433,0.0,1,8,0.0,1,8,0.0,1,8,0.0,1,8,0.0,1,8,0.0,1,8,-0.0,1,8,-9900,?,9,-9900,?,9,17.09,E,8,15.23,E,8,88.0,E,8,964.3861999999999,E,8,999.0,E,8,1.1,E,8,-9900,?,9,-9900,?,9,0.0,E,8,-9900,?,9,-9900,?,9,0.0,0.0,E,8
11/08/2022,05:00,0.0,1392.433,0.0,1,8,0.0,1,8,0.0,1,8,0.0,1,8,0.0,1,8,0.0,1,8,-0.0,1,8,-9900,?,9,-9900,?,9,16.7,E,8,15.21,E,8,90.0,E,8,964.3861999999999,E,8,999.0,E,8,0.85,E,8,-9900,?,9,-9900,?,9,0.0,E,8,-9900,?,9,-9900,?,9,0.0,0.0,E,8
11/08/2022,06:00,137.434,1392.433,0.0,1,8,0.0,1,8,0.0,1,8,0.0,1,8,0.0,1,8,0.0,1,8,0.0,1,8,-9900,?,9,-9900,?,9,16.41,E,8,15.2,E,8,92.0,E,8,964.3861999999999,E,8,999.0,E,8,1.03,E,8,-9900,?,9,-9900,?,9,0.0,E,8,-9900,?,9,-9900,?,9,0.0,0.0,E,8
11/08/2022,07:00,457.316,1392.433,107.77,1,8,0.0,1,8,107.77,1,8,12932.4,1,8,0.0,1,8,11854.7,1,8,104.7,1,8,-9900,?,9,-9900,?,9,16.12,E,8,15.19,E,8,94.0,E,8,964.3861999999999,E,8,999.0,E,8,0.69,E,8,-9900,?,9,-9900,?,9,0.0,E,8,-9900,?,9,-9900,?,9,0.0,0.0,E,8
11/08/2022,08:00,757.805,1392.433,323.73,1,8,117.814,1,8,259.657,1,8,38847.6,1,8,11192.345,1,8,28562.223,1,8,151.974,1,8,-9900,?,9,-9900,?,9,21.16,E,8,15.38,E,8,69.0,E,8,964.3861999999999,E,8,999.0,E,8,1.2,E,8,-9900,?,9,-9900,?,9,0.0,E,8,-9900,?,9,-9900,?,9,0.0,0.0,E,8
11/08/2022,09:00,1016.754,1392.433,594.14,1,8,314.215,1,8,364.759,1,8,71296.8,1,8,29850.416,1,8,40123.531,1,8,159.047,1,8,-9900,?,9,-9900,?,9,24.11,E,8,15.49,E,8,58.0,E,8,964.3861999999999,E,8,999.0,E,8,1.83,E,8,-9900,?,9,-9900,?,9,0.0,E,8,-9900,?,9,-9900,?,9,0.0,0.0,E,8
11/08/2022,10:00,1216.327,1392.433,514.42,1,8,102.845,1,8,424.59,1,8,61730.4,1,8,9770.279,1,8,46704.941,1,8,154.733,1,8,-9900,?,9,-9900,?,9,25.11,E,8,15.52,E,8,55.0,E,8,964.3861999999999,E,8,999.0,E,8,1.9,E,8,-9900,?,9,-9900,?,9,0.0,E,8,-9900,?,9,-9900,?,9,0.0,0.0,E,8
11/08/2022,11:00,1342.879,1392.433,426.95,1,8,24.849,1,8,402.986,1,8,51234.0,1,8,2360.62,1,8,44328.484,1,8,133.011,1,8,-9900,?,9,-9900,?,9,25.31,E,8,15.53,E,8,54.0,E,8,964.3861999999999,E,8,999.0,E,8,1.54,E,8,-9900,?,9,-9900,?,9,0.0,E,8,-9900,?,9,-9900,?,9,0.0,0.0,E,8
11/08/2022,12:00,1387.782,1392.433,670.6,1,8,148.906,1,8,522.192,1,8,80472.0,1,8,14146.076,1,8,57441.081,1,8,166.776,1,8,-9900,?,9,-9900,?,9,26.39,E,8,15.57,E,8,51.0,E,8,964.3861999999999,E,8,999.0,E,8,1.98,E,8,-9900,?,9,-9900,?,9,0.0,E,8,-9900,?,9,-9900,?,9,0.0,0.0,E,8
11/08/2022,13:00,1347.987,1392.433,459.15,1,8,11.178,1,8,448.329,1,8,55098.0,1,8,1061.895,1,8,49316.208,1,8,147.416,1,8,-9900,?,9,-9900,?,9,26.45,E,8,15.57,E,8,51.0,E,8,964.3861999999999,E,8,999.0,E,8,2.72,E,8,-9900,?,9,-9900,?,9,0.0,E,8,-9900,?,9,-9900,?,9,0.0,0.0,E,8
11/08/2022,14:00,1226.23,1392.433,198.64,1,8,3.121,1,8,195.892,1,8,23836.8,1,8,296.456,1,8,21548.134,1,8,70.812,1,8,-9900,?,9,-9900,?,9,25.74,E,8,15.55,E,8,53.0,E,8,964.3861999999999,E,8,999.0,E,8,3.19,E,8,-9900,?,9,-9900,?,9,0.0,E,8,-9900,?,9,-9900,?,9,0.0,0.0,E,8
11/08/2022,15:00,1030.844,1392.433,446.31,1,8,99.736,1,8,372.492,1,8,53557.2,1,8,9474.893,1,8,40974.088,1,8,160.197,1,8,-9900,?,9,-9900,?,9,25.83,E,8,15.55,E,8,53.0,E,8,964.3861999999999,E,8,999.0,E,8,4.38,E,8,-9900,?,9,-9900,?,9,0.0,E,8,-9900,?,9,-9900,?,9,0.0,0.0,E,8
11/08/2022,16:00,775.214,1392.433,641.97,1,8,615.412,1,8,299.573,1,8,77036.4,1,8,58464.162,1,8,32953.033,1,8,171.391,1,8,-9900,?,9,-9900,?,9,26.36,E,8,15.57,E,8,51.0,E,8,964.3861999999999,E,8,999.0,E,8,4.14,E,8,-9900,?,9,-9900,?,9,0.0,E,8,-9900,?,9,-9900,?,9,0.0,0.0,E,8
11/08/2022,17:00,476.96,1392.433,570.3,1,8,607.009,1,8,362.83,1,8,68436.0,1,8,57665.897,1,8,39911.305,1,8,337.904,1,8,-9900,?,9,-9900,?,9,26.64,E,8,15.58,E,8,50.0,E,8,964.3861999999999,E,8,999.0,E,8,3.97,E,8,-9900,?,9,-9900,?,9,0.0,E,8,-9900,?,9,-9900,?,9,0.0,0.0,E,8
11/08/2022,18:00,157.808,1392.433,352.04,1,8,324.745,1,8,315.983,1,8,42244.8,1,8,30850.764,1,8,34758.167,1,8,905.881,1,8,-9900,?,9,-9900,?,9,26.31,E,8,15.57,E,8,51.0,E,8,964.3861999999999,E,8,999.0,E,8,4.97,E,8,-9900,?,9,-9900,?,9,0.0,E,8,-9900,?,9,-9900,?,9,0.0,0.0,E,8
11/08/2022,19:00,0.0,1392.433,0.0,1,8,0.0,1,8,0.0,1,8,0.0,1,8,0.0,1,8,0.0,1,8,-0.0,1,8,-9900,?,9,-9900,?,9,25.26,E,8,15.53,E,8,54.0,E,8,964.3861999999999,E,8,999.0,E,8,4.03,E,8,-9900,?,9,-9900,?,9,0.0,E,8,-9900,?,9,-9900,?,9,0.0,0.0,E,8
11/08/2022,20:00,0.0,1392.433,0.0,1,8,0.0,1,8,0.0,1,8,0.0,1,8,0.0,1,8,0.0,1,8,-0.0,1,8,-9900,?,9,-9900,?,9,24.2,E,8,15.49,E,8,58.0,E,8,964.3861999999999,E,8,999.0,E,8,3.72,E,8,-9900,?,9,-9900,?,9,0.0,E,8,-9900,?,9,-9900,?,9,0.0,0.0,E,8
11/08/2022,21:00,0.0,1392.433,0.0,1,8,0.0,1,8,0.0,1,8,0.0,1,8,0.0,1,8,0.0,1,8,-0.0,1,8,-9900,?,9,-9900,?,9,23.15,E,8,15.45,E,8,61.0,E,8,964.3861999999999,E,8,999.0,E,8,2.05,E,8,-9900,?,9,-9900,?,9,0.0,E,8,-9900,?,9,-9900,?,9,0.0,0.0,E,8
11/08/2022,22:00,0.0,1392.433,0.0,1,8,0.0,1,8,0.0,1,8,0.0,1,8,0.0,1,8,0.0,1,8,-0.0,1,8,-9900,?,9,-9900,?,9,22.1,E,8,15.41,E,8,65.0,E,8,964.3861999999999,E,8,999.0,E,8,1.66,E,8,-9900,?,9,-9900,?,9,0.0,E,8,-9900,?,9,-9900,?,9,0.0,0.0,E,8
11/08/2022,23:00,0.0,1392.433,0.0,1,8,0.0,1,8,0.0,1,8,0.0,1,8,0.0,1,8,0.0,1,8,-0.0,1,8,-9900,?,9,-9900,?,9,21.04,E,8,15.37,E,8,70.0,E,8,964.3861999999999,E,8,999.0,E,8,0.93,E,8,-9900,?,9,-9900,?,9,0.0,E,8,-9900,?,9,-9900,?,9,0.0,0.0,E,8
11/08/2022,24:00,0.0,1392.433,0.0,1,8,0.0,1,8,0.0,1,8,0.0,1,8,0.0,1,8,0.0,1,8,-0.0,1,8,-9900,?,9,-9900,?,9,19.99,E,8,14.85,E,8,72.0,E,8,964.3861999999999,E,8,999.0,E,8,2.02,E,8,-9900,?,9,-9900,?,9,0.0,E,8,-9900,?,9,-9900,?,9,0.0,0.0,E,8
11/09/2022,01:00,0.0,1392.433,0.0,1,8,0.0,1,8,0.0,1,8,0.0,1,8,0.0,1,8,0.0,1,8,-0.0,1,8,-9900,?,9,-9900,?,9,19.46,E,8,14.88,E,8,74.0,E,8,964.3861999999999,E,8,999.0,E,8,1.97,E,8,-9900,?,9,-9900,?,9,0.0,E,8,-9900,?,9,-9900,?,9,0.0,0.0,E,8
11/09/2022,02:00,0.0,1392.433,0.0,1,8,0.0,1,8,0.0,1,8,0.0,1,8,0.0,1,8,0.0,1,8,-0.0,1,8,-9900,?,9,-9900,?,9,18.93,E,8,14.9,E,8,77.0,E,8,964.3861999999999,E,8,999.0,E,8,1.63,E,8,-9900,?,9,-9900,?,9,0.0,E,8,-9900,?,9,-9900,?,9,0.0,0.0,E,8
11/09/2022,03:00,0.0,1392.433,0.0,1,8,0.0,1,8,0.0,1,8,0.0,1,8,0.0,1,8,0.0,1,8,-0.0,1,8,-9900,?,9,-9900,?,9,18.4,E,8,14.92,E,8,80.0,E,8,964.3861999999999,E,8,999.0,E,8,1.55,E,8,-9900,?,9,-9900,?,9,0.0,E,8,-9900,?,9,-9900,?,9,0.0,0.0,E,8
11/09/2022,04:00,0.0,1393.124,0.0,1,8,0.0,1,8,0.0,1,8,0.0,1,8,0.0,1,8,0.0,1,8,-0.0,1,8,-9900,?,9,-9900,?,9,17.88,E,8,14.94,E,8,82.0,E,8,964.3861999999999,E,8,999.0,E,8,1.22,E,8,-9900,?,9,-9900,?,9,0.0,E,8,-9900,?,9,-9900,?,9,0.0,0.0,E,8
11/09/2022,05:00,0.0,1393.124,0.0,1,8,0.0,1,8,0.0,1,8,0.0,1,8,0.0,1,8,0.0,1,8,-0.0,1,8,-9900,?,9,-9900,?,9,17.41,E,8,14.96,E,8,85.0,E,8,964.3861999999999,E,8,999.0,E,8,0.98,E,8,-9900,?,9,-9900,?,9,0.0,E,8,-9900,?,9,-9900,?,9,0.0,0.0,E,8
11/09/2022,06:00,139.529,1393.124,0.0,1,8,0.0,1,8,0.0,1,8,0.0,1,8,0.0,1,8,0.0,1,8,0.0,1,8,-9900,?,9,-9900,?,9,17.06,E,8,14.98,E,8,87.0,E,8,964.3861999999999,E,8,999.0,E,8,0.98,E,8,-9900,?,9,-9900,?,9,0.0,E,8,-9900,?,9,-9900,?,9,0.0,0.0,E,8
11/09/2022,07:00,459.13,1393.124,83.66,1,8,0.0,1,8,83.66,1,8,10039.2,1,8,0.0,1,8,9202.6,1,8,80.994,1,8,-9900,?,9,-9900,?,9,16.71,E,8,14.99,E,8,89.0,E,8,964.3861999999999,E,8,999.0,E,8,0.98,E,8,-9900,?,9,-9900,?,9,0.0,E,8,-9900,?,9,-9900,?,9,0.0,0.0,E,8
11/09/2022,08:00,759.35,1393.124,248.39,1,8,27.494,1,8,233.414,1,8,29806.8,1,8,2611.949,1,8,25675.552,1,8,136.404,1,8,-9900,?,9,-9900,?,9,19.92,E,8,14.86,E,8,72.0,E,8,964.3861999999999,E,8,999.0,E,8,0.98,E,8,-9900,?,9,-9900,?,9,0.0,E,8,-9900,?,9,-9900,?,9,0.0,0.0,E,8
11/09/2022,09:00,1018.096,1393.124,469.27,1,8,131.018,1,8,373.546,1,8,56312.4,1,8,12446.729,1,8,41090.102,1,8,162.745,1,8,-9900,?,9,-9900,?,9,21.88,E,8,14.77,E,8,64.0,E,8,964.3861999999999,E,8,999.0,E,8,1.04,E,8,-9900,?,9,-9900,?,9,0.0,E,8,-9900,?,9,-9900,?,9,0.0,0.0,E,8
11/09/2022,10:00,1217.543,1393.124,656.01,1,8,220.036,1,8,463.724,1,8,78721.2,1,8,20903.396,1,8,51009.603,1,8,168.91,1,8,-9900,?,9,-9900,?,9,23.76,E,8,14.69,E,8,56.0,E,8,964.3861999999999,E,8,999.0,E,8,1.45,E,8,-9900,?,9,-9900,?,9,0.0,E,8,-9900,?,9,-9900,?,9,0.0,0.0,E,8
11/09/2022,11:00,1344.059,1393.124,691.55,1,8,247.458,1,8,452.812,1,8,82986.0,1,8,23508.552,1,8,49809.322,1,8,149.399,1,8,-9900,?,9,-9900,?,9,25.02,E,8,14.64,E,8,52.0,E,8,964.3861999999999,E,8,999.0,E,8,2.34,E,8,-9900,?,9,-9900,?,9,0.0,E,8,-9900,?,9,-9900,?,9,0.0,0.0,E,8
11/09/2022,12:00,1389.018,1393.124,922.76,1,8,367.441,1,8,556.402,1,8,110731.2,1,8,34906.926,1,8,61204.249,1,8,177.632,1,8,-9900,?,9,-9900,?,9,26.61,E,8,14.57,E,8,47.0,E,8,964.3861999999999,E,8,999.0,E,8,2.61,E,8,-9900,?,9,-9900,?,9,0.0,E,8,-9900,?,9,-9900,?,9,0.0,0.0,E,8
11/09/2022,13:00,1349.367,1393.124,566.55,1,8,108.509,1,8,461.451,1,8,67986.0,1,8,10308.342,1,8,50759.652,1,8,151.651,1,8,-9900,?,9,-9900,?,9,26.76,E,8,14.57,E,8,47.0,E,8,964.3861999999999,E,8,999.0,E,8,3.15,E,8,-9900,?,9,-9900,?,9,0.0,E,8,-9900,?,9,-9900,?,9,0.0,0.0,E,8
11/09/2022,14:00,1227.83,1393.124,577.05,1,8,156.249,1,8,439.351,1,8,69246.0,1,8,14843.697,1,8,48328.628,1,8,158.69,1,8,-9900,?,9,-9900,?,9,26.9,E,8,14.56,E,8,46.0,E,8,964.3861999999999,E,8,999.0,E,8,3.59,E,8,-9900,?,9,-9900,?,9,0.0,E,8,-9900,?,9,-9900,?,9,0.0,0.0,E,8
11/09/2022,15:00,1032.727,1393.124,589.2,1,8,301.612,1,8,365.668,1,8,70704.0,1,8,28653.16,1,8,40223.462,1,8,157.053,1,8,-9900,?,9,-9900,?,9,27.03,E,8,14.55,E,8,46.0,E,8,964.3861999999999,E,8,999.0,E,8,4.37,E,8,-9900,?,9,-9900,?,9,0.0,E,8,-9900,?,9,-9900,?,9,0.0,0.0,E,8
11/09/2022,16:00,777.422,1393.124,522.15,1,8,539.545,1,8,221.256,1,8,62658.0,1,8,51256.773,1,8,24338.184,1,8,126.287,1,8,-9900,?,9,-9900,?,9,27.0,E,8,14.56,E,8,46.0,E,8,964.3861999999999,E,8,999.0,E,8,4.02,E,8,-9900,?,9,-9900,?,9,0.0,E,8,-9900,?,9,-9900,?,9,0.0,0.0,E,8
11/09/2022,17:00,479.511,1393.124,133.78,1,8,24.975,1,8,125.202,1,8,16053.6,1,8,2372.608,1,8,13772.248,1,8,116.036,1,8,-9900,?,9,-9900,?,9,25.8,E,8,14.61,E,8,50.0,E,8,964.3861999999999,E,8,999.0,E,8,2.6,E,8,-9900,?,9,-9900,?,9,0.0,E,8,-9900,?,9,-9900,?,9,0.0,0.0,E,8
11/09/2022,18:00,160.66,1393.124,102.14,1,8,306.652,1,8,67.471,1,8,12256.8,1,8,29131.952,1,8,7421.826,1,8,189.965,1,8,-9900,?,9,-9900,?,9,24.72,E,8,14.65,E,8,53.0,E,8,964.3861999999999,E,8,999.0,E,8,3.73,E,8,-9900,?,9,-9900,?,9,0.0,E,8,-9900,?,9,-9900,?,9,0.0,0.0,E,8
11/09/2022,19:00,0.0,1393.124,0.0,1,8,0.0,1,8,0.0,1,8,0.0,1,8,0.0,1,8,0.0,1,8,-0.0,1,8,-9900,?,9,-9900,?,9,23.81,E,8,14.69,E,8,56.0,E,8,964.3861999999999,E,8,999.0,E,8,2.54,E,8,-9900,?,9,-9900,?,9,0.0,E,8,-9900,?,9,-9900,?,9,0.0,0.0,E,8
11/09/2022,20:00,0.0,1393.124,0.0,1,8,0.0,1,8,0.0,1,8,0.0,1,8,0.0,1,8,0.0,1,8,-0.0,1,8,-9900,?,9,-9900,?,9,22.9,E,8,14.73,E,8,59.0,E,8,964.3861999999999,E,8,999.0,E,8,2.17,E,8,-9900,?,9,-9900,?,9,0.0,E,8,-9900,?,9,-9900,?,9,0.0,0.0,E,8
11/09/2022,21:00,0.0,1393.124,0.0,1,8,0.0,1,8,0.0,1,8,0.0,1,8,0.0,1,8,0.0,1,8,-0.0,1,8,-9900,?,9,-9900,?,9,21.99,E,8,14.77,E,8,63.0,E,8,964.3861999999999,E,8,999.0,E,8,1.84,E,8,-9900,?,9,-9900,?,9,0.0,E,8,-9900,?,9,-9900,?,9,0.0,0.0,E,8
11/09/2022,22:00,0.0,1393.124,0.0,1,8,0.0,1,8,0.0,1,8,0.0,1,8,0.0,1,8,0.0,1,8,-0.0,1,8,-9900,?,9,-9900,?,9,21.08,E,8,14.81,E,8,67.0,E,8,964.3861999999999,E,8,999.0,E,8,1.21,E,8,-9900,?,9,-9900,?,9,0.0,E,8,-9900,?,9,-9900,?,9,0.0,0.0,E,8
11/09/2022,23:00,0.0,1393.124,0.0,1,8,0.0,1,8,0.0,1,8,0.0,1,8,0.0,1,8,0.0,1,8,-0.0,1,8,-9900,?,9,-9900,?,9,20.17,E,8,14.85,E,8,71.0,E,8,964.3861999999999,E,8,999.0,E,8,0.98,E,8,-9900,?,9,-9900,?,9,0.0,E,8,-9900,?,9,-9900,?,9,0.0,0.0,E,8
11/09/2022,24:00,0.0,1393.124,0.0,1,8,0.0,1,8,0.0,1,8,0.0,1,8,0.0,1,8,0.0,1,8,-0.0,1,8,-9900,?,9,-9900,?,9,19.26,E,8,13.86,E,8,70.0,E,8,964.3861999999999,E,8,999.0,E,8,1.02,E,8,-9900,?,9,-9900,?,9,0.0,E,8,-9900,?,9,-9900,?,9,0.0,0.0,E,8
11/10/2022,01:00,0.0,1393.124,0.0,1,8,0.0,1,8,0.0,1,8,0.0,1,8,0.0,1,8,0.0,1,8,-0.0,1,8,-9900,?,9,-9900,?,9,18.81,E,8,13.83,E,8,72.0,E,8,964.3861999999999,E,8,999.0,E,8,1.02,E,8,-9900,?,9,-9900,?,9,0.0,E,8,-9900,?,9,-9900,?,9,0.0,0.0,E,8
11/10/2022,02:00,0.0,1393.124,0.0,1,8,0.0,1,8,0.0,1,8,0.0,1,8,0.0,1,8,0.0,1,8,-0.0,1,8,-9900,?,9,-9900,?,9,18.35,E,8,13.8,E,8,74.0,E,8,964.3861999999999,E,8,999.0,E,8,1.02,E,8,-9900,?,9,-9900,?,9,0.0,E,8,-9900,?,9,-9900,?,9,0.0,0.0,E,8
11/10/2022,03:00,0.0,1393.124,0.0,1,8,0.0,1,8,0.0,1,8,0.0,1,8,0.0,1,8,0.0,1,8,-0.0,1,8,-9900,?,9,-9900,?,9,17.9,E,8,13.76,E,8,76.0,E,8,964.3861999999999,E,8,999.0,E,8,1.02,E,8,-9900,?,9,-9900,?,9,0.0,E,8,-9900,?,9,-9900,?,9,0.0,0.0,E,8
11/10/2022,04:00,0.0,1393.807,0.0,1,8,0.0,1,8,0.0,1,8,0.0,1,8,0.0,1,8,0.0,1,8,-0.0,1,8,-9900,?,9,-9900,?,9,17.44,E,8,13.73,E,8,78.0,E,8,964.3861999999999,E,8,999.0,E,8,1.02,E,8,-9900,?,9,-9900,?,9,0.0,E,8,-9900,?,9,-9900,?,9,0.0,0.0,E,8
11/10/2022,05:00,0.0,1393.807,0.0,1,8,0.0,1,8,0.0,1,8,0.0,1,8,0.0,1,8,0.0,1,8,-0.0,1,8,-9900,?,9,-9900,?,9,17.04,E,8,13.7,E,8,80.0,E,8,964.3861999999999,E,8,999.0,E,8,1.02,E,8,-9900,?,9,-9900,?,9,0.0,E,8,-9900,?,9,-9900,?,9,0.0,0.0,E,8
11/10/2022,06:00,141.51,1393.807,0.0,1,8,0.0,1,8,0.0,1,8,0.0,1,8,0.0,1,8,0.0,1,8,0.0,1,8,-9900,?,9,-9900,?,9,16.74,E,8,13.68,E,8,82.0,E,8,964.3861999999999,E,8,999.0,E,8,1.02,E,8,-9900,?,9,-9900,?,9,0.0,E,8,-9900,?,9,-9900,?,9,0.0,0.0,E,8
11/10/2022,07:00,460.828,1393.807,130.61,1,8,17.764,1,8,124.751,1,8,15673.2,1,8,1687.558,1,8,13722.578,1,8,120.388,1,8,-9900,?,9,-9900,?,9,16.44,E,8,13.66,E,8,83.0,E,8,964.3861999999999,E,8,999.0,E,8,1.02,E,8,-9900,?,9,-9900,?,9,0.0,E,8,-9900,?,9,-9900,?,9,0.0,0.0,E,8
11/10/2022,08:00,760.784,1393.807,383.6,1,8,232.227,1,8,256.931,1,8,46032.0,1,8,22061.539,1,8,28262.383,1,8,149.936,1,8,-9900,?,9,-9900,?,9,20.68,E,8,13.96,E,8,65.0,E,8,964.3861999999999,E,8,999.0,E,8,1.02,E,8,-9900,?,9,-9900,?,9,0.0,E,8,-9900,?,9,-9900,?,9,0.0,0.0,E,8
11/10/2022,09:00,1019.335,1393.807,626.02,1,8,417.81,1,8,320.54,1,8,75122.4,1,8,39691.995,1,8,35259.416,1,8,139.55,1,8,-9900,?,9,-9900,?,9,22.71,E,8,14.1,E,8,58.0,E,8,964.3861999999999,E,8,999.0,E,8,1.02,E,8,-9900,?,9,-9900,?,9,0.0,E,8,-9900,?,9,-9900,?,9,0.0,0.0,E,8
11/10/2022,10:00,1218.672,1393.807,823.42,1,8,524.314,1,8,365.029,1,8,98810.4,1,8,49809.823,1,8,40153.171,1,8,132.902,1,8,-9900,?,9,-9900,?,9,24.54,E,8,14.23,E,8,52.0,E,8,964.3861999999999,E,8,999.0,E,8,1.02,E,8,-9900,?,9,-9900,?,9,0.0,E,8,-9900,?,9,-9900,?,9,0.0,0.0,E,8
11/10/2022,11:00,1345.169,1393.807,960.01,1,8,573.24,1,8,406.786,1,8,115201.2,1,8,54457.778,1,8,44746.415,1,8,134.169,1,8,-9900,?,9,-9900,?,9,26.09,E,8,14.33,E,8,48.0,E,8,964.3861999999999,E,8,999.0,E,8,1.02,E,8,-9900,?,9,-9900,?,9,0.0,E,8,-9900,?,9,-9900,?,9,0.0,0.0,E,8
11/10/2022,12:00,1390.203,1393.807,1030.85,1,8,658.716,1,8,373.838,1,8,123702.0,1,8,62578.006,1,8,41122.222,1,8,119.305,1,8,-9900,?,9,-9900,?,9,27.32,E,8,14.41,E,8,45.0,E,8,964.3861999999999,E,8,999.0,E,8,1.02,E,8,-9900,?,9,-9900,?,9,0.0,E,8,-9900,?,9,-9900,?,9,0.0,0.0,E,8
11/10/2022,13:00,1350.714,1393.807,1038.11,1,8,798.521,1,8,264.292,1,8,124573.2,1,8,75859.458,1,8,29072.116,1,8,86.812,1,8,-9900,?,9,-9900,?,9,28.21,E,8,14.48,E,8,43.0,E,8,964.3861999999999,E,8,999.0,E,8,1.02,E,8,-9900,?,9,-9900,?,9,0.0,E,8,-9900,?,9,-9900,?,9,0.0,0.0,E,8
11/10/2022,14:00,1229.418,1393.807,970.53,1,8,941.225,1,8,140.385,1,8,116463.6,1,8,89416.39,1,8,15442.336,1,8,50.665,1,8,-9900,?,9,-9900,?,9,28.74,E,8,14.51,E,8,41.0,E,8,964.3861999999999,E,8,999.0,E,8,1.02,E,8,-9900,?,9,-9900,?,9,0.0,E,8,-9900,?,9,-9900,?,9,0.0,0.0,E,8
11/10/2022,15:00,1034.615,1393.807,831.36,1,8,829.301,1,8,215.922,1,8,99763.2,1,8,78783.587,1,8,23751.426,1,8,92.614,1,8,-9900,?,9,-9900,?,9,28.9,E,8,14.52,E,8,41.0,E,8,964.3861999999999,E,8,999.0,E,8,1.02,E,8,-9900,?,9,-9900,?,9,0.0,E,8,-9900,?,9,-9900,?,9,0.0,0.0,E,8
11/10/2022,16:00,779.649,1393.807,633.64,1,8,723.284,1,8,229.32,1,8,76036.8,1,8,68711.958,1,8,25225.157,1,8,130.579,1,8,-9900,?,9,-9900,?,9,28.56,E,8,14.5,E,8,42.0,E,8,964.3861999999999,E,8,999.0,E,8,1.02,E,8,-9900,?,9,-9900,?,9,0.0,E,8,-9900,?,9,-9900,?,9,0.0,0.0,E,8
11/10/2022,17:00,482.09,1393.807,399.9,1,8,727.301,1,8,148.878,1,8,47988.0,1,8,69093.595,1,8,16376.582,1,8,137.304,1,8,-9900,?,9,-9900,?,9,27.68,E,8,14.44,E,8,44.0,E,8,964.3861999999999,E,8,999.0,E,8,1.02,E,8,-9900,?,9,-9900,?,9,0.0,E,8,-9900,?,9,-9900,?,9,0.0,0.0,E,8
11/10/2022,18:00,163.545,1393.807,148.32,1,8,417.737,1,8,100.237,1,8,17798.4,1,8,39684.978,1,8,11026.06,1,8,277.197,1,8,-9900,?,9,-9900,?,9,26.37,E,8,14.35,E,8,47.0,E,8,964.3861999999999,E,8,999.0,E,8,1.02,E,8,-9900,?,9,-9900,?,9,0.0,E,8,-9900,?,9,-9900,?,9,0.0,0.0,E,8
11/10/2022,19:00,0.0,1393.807,0.0,1,8,0.0,1,8,0.0,1,8,0.0,1,8,0.0,1,8,0.0,1,8,-0.0,1,8,-9900,?,9,-9900,?,9,25.24,E,8,14.27,E,8,50.0,E,8,964.3861999999999,E,8,999.0,E,8,1.02,E,8,-9900,?,9,-9900,?,9,0.0,E,8,-9900,?,9,-9900,?,9,0.0,0.0,E,8
11/10/2022,20:00,0.0,1393.807,0.0,1,8,0.0,1,8,0.0,1,8,0.0,1,8,0.0,1,8,0.0,1,8,-0.0,1,8,-9900,?,9,-9900,?,9,24.12,E,8,14.2,E,8,53.0,E,8,964.3861999999999,E,8,999.0,E,8,1.02,E,8,-9900,?,9,-9900,?,9,0.0,E,8,-9900,?,9,-9900,?,9,0.0,0.0,E,8
11/10/2022,21:00,0.0,1393.807,0.0,1,8,0.0,1,8,0.0,1,8,0.0,1,8,0.0,1,8,0.0,1,8,-0.0,1,8,-9900,?,9,-9900,?,9,23.0,E,8,14.12,E,8,57.0,E,8,964.3861999999999,E,8,999.0,E,8,1.02,E,8,-9900,?,9,-9900,?,9,0.0,E,8,-9900,?,9,-9900,?,9,0.0,0.0,E,8
11/10/2022,22:00,0.0,1393.807,0.0,1,8,0.0,1,8,0.0,1,8,0.0,1,8,0.0,1,8,0.0,1,8,-0.0,1,8,-9900,?,9,-9900,?,9,21.88,E,8,14.04,E,8,61.0,E,8,964.3861999999999,E,8,999.0,E,8,1.02,E,8,-9900,?,9,-9900,?,9,0.0,E,8,-9900,?,9,-9900,?,9,0.0,0.0,E,8
11/10/2022,23:00,0.0,1393.807,0.0,1,8,0.0,1,8,0.0,1,8,0.0,1,8,0.0,1,8,0.0,1,8,-0.0,1,8,-9900,?,9,-9900,?,9,20.76,E,8,13.96,E,8,65.0,E,8,964.3861999999999,E,8,999.0,E,8,1.02,E,8,-9900,?,9,-9900,?,9,0.0,E,8,-9900,?,9,-9900,?,9,0.0,0.0,E,8
11/10/2022,24:00,0.0,1393.807,0.0,1,8,0.0,1,8,0.0,1,8,0.0,1,8,0.0,1,8,0.0,1,8,-0.0,1,8,-9900,?,9,-9900,?,9,19.64,E,8,14.94,E,8,74.0,E,8,964.3861999999999,E,8,999.0,E,8,1.02,E,8,-9900,?,9,-9900,?,9,0.0,E,8,-9900,?,9,-9900,?,9,0.0,0.0,E,8
11/11/2022,01:00,0.0,1393.807,0.0,1,8,0.0,1,8,0.0,1,8,0.0,1,8,0.0,1,8,0.0,1,8,-0.0,1,8,-9900,?,9,-9900,?,9,19.08,E,8,14.84,E,8,76.0,E,8,964.3861999999999,E,8,999.0,E,8,1.02,E,8,-9900,?,9,-9900,?,9,0.0,E,8,-9900,?,9,-9900,?,9,0.0,0.0,E,8
11/11/2022,02:00,0.0,1393.807,0.0,1,8,0.0,1,8,0.0,1,8,0.0,1,8,0.0,1,8,0.0,1,8,-0.0,1,8,-9900,?,9,-9900,?,9,18.52,E,8,14.74,E,8,78.0,E,8,964.3861999999999,E,8,999.0,E,8,1.02,E,8,-9900,?,9,-9900,?,9,0.0,E,8,-9900,?,9,-9900,?,9,0.0,0.0,E,8
11/11/2022,03:00,0.0,1393.807,0.0,1,8,0.0,1,8,0.0,1,8,0.0,1,8,0.0,1,8,0.0,1,8,-0.0,1,8,-9900,?,9,-9900,?,9,17.96,E,8,14.64,E,8,80.0,E,8,964.3861999999999,E,8,999.0,E,8,1.02,E,8,-9900,?,9,-9900,?,9,0.0,E,8,-9900,?,9,-9900,?,9,0.0,0.0,E,8
11/11/2022,04:00,0.0,1394.482,0.0,1,8,0.0,1,8,0.0,1,8,0.0,1,8,0.0,1,8,0.0,1,8,-0.0,1,8,-9900,?,9,-9900,?,9,17.4,E,8,14.54,E,8,83.0,E,8,964.3861999999999,E,8,999.0,E,8,1.02,E,8,-9900,?,9,-9900,?,9,0.0,E,8,-9900,?,9,-9900,?,9,0.0,0.0,E,8
11/11/2022,05:00,0.0,1394.482,0.0,1,8,0.0,1,8,0.0,1,8,0.0,1,8,0.0,1,8,0.0,1,8,-0.0,1,8,-9900,?,9,-9900,?,9,16.9,E,8,14.45,E,8,85.0,E,8,964.3861999999999,E,8,999.0,E,8,1.02,E,8,-9900,?,9,-9900,?,9,0.0,E,8,-9900,?,9,-9900,?,9,0.0,0.0,E,8
11/11/2022,06:00,143.375,1394.482,0.0,1,8,0.0,1,8,0.0,1,8,0.0,1,8,0.0,1,8,0.0,1,8,0.0,1,8,-9900,?,9,-9900,?,9,16.53,E,8,14.38,E,8,87.0,E,8,964.3861999999999,E,8,999.0,E,8,1.02,E,8,-9900,?,9,-9900,?,9,0.0,E,8,-9900,?,9,-9900,?,9,0.0,0.0,E,8
11/11/2022,07:00,462.407,1394.482,99.99,1,8,0.0,1,8,99.99,1,8,11998.8,1,8,0.0,1,8,10998.9,1,8,96.209,1,8,-9900,?,9,-9900,?,9,16.16,E,8,14.32,E,8,88.0,E,8,964.3861999999999,E,8,999.0,E,8,1.02,E,8,-9900,?,9,-9900,?,9,0.0,E,8,-9900,?,9,-9900,?,9,0.0,0.0,E,8
11/11/2022,08:00,762.105,1394.482,296.61,1,8,82.79,1,8,251.395,1,8,35593.2,1,8,7865.089,1,8,27653.44,1,8,146.522,1,8,-9900,?,9,-9900,?,9,20.15,E,8,15.03,E,8,72.0,E,8,964.3861999999999,E,8,999.0,E,8,1.02,E,8,-9900,?,9,-9900,?,9,0.0,E,8,-9900,?,9,-9900,?,9,0.0,0.0,E,8
11/11/2022,09:00,1020.472,1394.482,480.12,1,8,142.159,1,8,376.116,1,8,57614.4,1,8,13505.07,1,8,41372.741,1,8,163.642,1,8,-9900,?,9,-9900,?,9,22.03,E,8,15.35,E,8,65.0,E,8,964.3861999999999,E,8,999.0,E,8,1.02,E,8,-9900,?,9,-9900,?,9,0.0,E,8,-9900,?,9,-9900,?,9,0.0,0.0,E,8
11/11/2022,10:00,1219.713,1394.482,726.83,1,8,329.377,1,8,438.759,1,8,87219.6,1,8,31290.847,1,8,48263.501,1,8,159.687,1,8,-9900,?,9,-9900,?,9,24.22,E,8,15.72,E,8,59.0,E,8,964.3861999999999,E,8,999.0,E,8,1.02,E,8,-9900,?,9,-9900,?,9,0.0,E,8,-9900,?,9,-9900,?,9,0.0,0.0,E,8
11/11/2022,11:00,1346.21,1394.482,892.02,1,8,454.772,1,8,453.0,1,8,107042.4,1,8,43203.382,1,8,49829.946,1,8,149.368,1,8,-9900,?,9,-9900,?,9,26.19,E,8,16.05,E,8,53.0,E,8,964.3861999999999,E,8,999.0,E,8,1.02,E,8,-9900,?,9,-9900,?,9,0.0,E,8,-9900,?,9,-9900,?,9,0.0,0.0,E,8
11/11/2022,12:00,1391.338,1394.482,945.48,1,8,488.379,1,8,458.203,1,8,113457.6,1,8,46396.022,1,8,50402.283,1,8,146.18,1,8,-9900,?,9,-9900,?,9,27.69,E,8,16.3,E,8,49.0,E,8,964.3861999999999,E,8,999.0,E,8,1.02,E,8,-9900,?,9,-9900,?,9,0.0,E,8,-9900,?,9,-9900,?,9,0.0,0.0,E,8
11/11/2022,13:00,1352.032,1394.482,845.08,1,8,396.333,1,8,460.819,1,8,101409.6,1,8,37651.647,1,8,50690.07,1,8,151.291,1,8,-9900,?,9,-9900,?,9,28.47,E,8,16.42,E,8,48.0,E,8,964.3861999999999,E,8,999.0,E,8,1.02,E,8,-9900,?,9,-9900,?,9,0.0,E,8,-9900,?,9,-9900,?,9,0.0,0.0,E,8
11/11/2022,14:00,1230.995,1394.482,692.96,1,8,271.566,1,8,453.252,1,8,83155.2,1,8,25798.731,1,8,49857.756,1,8,163.449,1,8,-9900,?,9,-9900,?,9,28.67,E,8,16.45,E,8,47.0,E,8,964.3861999999999,E,8,999.0,E,8,1.02,E,8,-9900,?,9,-9900,?,9,0.0,E,8,-9900,?,9,-9900,?,9,0.0,0.0,E,8
11/11/2022,15:00,1036.509,1394.482,591.56,1,8,308.366,1,8,362.408,1,8,70987.2,1,8,29294.786,1,8,39864.891,1,8,155.236,1,8,-9900,?,9,-9900,?,9,28.55,E,8,16.44,E,8,47.0,E,8,964.3861999999999,E,8,999.0,E,8,1.02,E,8,-9900,?,9,-9900,?,9,0.0,E,8,-9900,?,9,-9900,?,9,0.0,0.0,E,8
11/11/2022,16:00,781.895,1394.482,491.2,1,8,512.849,1,8,203.826,1,8,58944.0,1,8,48720.688,1,8,22420.831,1,8,115.785,1,8,-9900,?,9,-9900,?,9,28.12,E,8,16.37,E,8,48.0,E,8,964.3861999999999,E,8,999.0,E,8,1.02,E,8,-9900,?,9,-9900,?,9,0.0,E,8,-9900,?,9,-9900,?,9,0.0,0.0,E,8
11/11/2022,17:00,484.697,1394.482,241.14,1,8,257.535,1,8,151.814,1,8,28936.8,1,8,24465.818,1,8,16699.577,1,8,139.323,1,8,-9900,?,9,-9900,?,9,26.98,E,8,16.18,E,8,51.0,E,8,964.3861999999999,E,8,999.0,E,8,1.02,E,8,-9900,?,9,-9900,?,9,0.0,E,8,-9900,?,9,-9900,?,9,0.0,0.0,E,8
11/11/2022,18:00,166.465,1394.482,116.94,1,8,337.551,1,8,77.388,1,8,14032.8,1,8,32067.339,1,8,8512.664,1,8,210.229,1,8,-9900,?,9,-9900,?,9,25.68,E,8,15.97,E,8,54.0,E,8,964.3861999999999,E,8,999.0,E,8,1.02,E,8,-9900,?,9,-9900,?,9,0.0,E,8,-9900,?,9,-9900,?,9,0.0,0.0,E,8
11/11/2022,19:00,0.0,1394.482,0.06,1,8,0.0,1,8,0.0,1,8,7.2,1,8,0.0,1,8,0.0,1,8,-0.0,1,8,-9900,?,9,-9900,?,9,24.72,E,8,15.81,E,8,57.0,E,8,964.3861999999999,E,8,999.0,E,8,1.02,E,8,-9900,?,9,-9900,?,9,0.0,E,8,-9900,?,9,-9900,?,9,0.0,0.0,E,8
11/11/2022,20:00,0.0,1394.482,0.0,1,8,0.0,1,8,0.0,1,8,0.0,1,8,0.0,1,8,0.0,1,8,-0.0,1,8,-9900,?,9,-9900,?,9,23.76,E,8,15.65,E,8,60.0,E,8,964.3861999999999,E,8,999.0,E,8,1.02,E,8,-9900,?,9,-9900,?,9,0.0,E,8,-9900,?,9,-9900,?,9,0.0,0.0,E,8
11/11/2022,21:00,0.0,1394.482,0.0,1,8,0.0,1,8,0.0,1,8,0.0,1,8,0.0,1,8,0.0,1,8,-0.0,1,8,-9900,?,9,-9900,?,9,22.8,E,8,15.48,E,8,63.0,E,8,964.3861999999999,E,8,999.0,E,8,1.02,E,8,-9900,?,9,-9900,?,9,0.0,E,8,-9900,?,9,-9900,?,9,0.0,0.0,E,8
11/11/2022,22:00,0.0,1394.482,0.0,1,8,0.0,1,8,0.0,1,8,0.0,1,8,0.0,1,8,0.0,1,8,-0.0,1,8,-9900,?,9,-9900,?,9,21.84,E,8,15.32,E,8,66.0,E,8,964.3861999999999,E,8,999.0,E,8,1.02,E,8,-9900,?,9,-9900,?,9,0.0,E,8,-9900,?,9,-9900,?,9,0.0,0.0,E,8
11/11/2022,23:00,0.0,1394.482,0.0,1,8,0.0,1,8,0.0,1,8,0.0,1,8,0.0,1,8,0.0,1,8,-0.0,1,8,-9900,?,9,-9900,?,9,20.88,E,8,15.15,E,8,69.0,E,8,964.3861999999999,E,8,999.0,E,8,1.02,E,8,-9900,?,9,-9900,?,9,0.0,E,8,-9900,?,9,-9900,?,9,0.0,0.0,E,8
11/11/2022,24:00,0.0,1394.482,0.0,1,8,0.0,1,8,0.0,1,8,0.0,1,8,0.0,1,8,0.0,1,8,-0.0,1,8,-9900,?,9,-9900,?,9,19.92,E,8,17.2,E,8,84.0,E,8,964.3861999999999,E,8,999.0,E,8,1.02,E,8,-9900,?,9,-9900,?,9,0.0,E,8,-9900,?,9,-9900,?,9,0.0,0.0,E,8
11/12/2022,01:00,0.0,1394.482,0.0,1,8,0.0,1,8,0.0,1,8,0.0,1,8,0.0,1,8,0.0,1,8,-0.0,1,8,-9900,?,9,-9900,?,9,19.43,E,8,17.14,E,8,86.0,E,8,964.3861999999999,E,8,999.0,E,8,1.02,E,8,-9900,?,9,-9900,?,9,0.0,E,8,-9900,?,9,-9900,?,9,0.0,0.0,E,8
11/12/2022,02:00,0.0,1394.482,0.0,1,8,0.0,1,8,0.0,1,8,0.0,1,8,0.0,1,8,0.0,1,8,-0.0,1,8,-9900,?,9,-9900,?,9,18.95,E,8,17.08,E,8,88.0,E,8,964.3861999999999,E,8,999.0,E,8,1.02,E,8,-9900,?,9,-9900,?,9,0.0,E,8,-9900,?,9,-9900,?,9,0.0,0.0,E,8
11/12/2022,03:00,0.0,1394.482,0.0,1,8,0.0,1,8,0.0,1,8,0.0,1,8,0.0,1,8,0.0,1,8,-0.0,1,8,-9900,?,9,-9900,?,9,18.47,E,8,17.02,E,8,91.0,E,8,964.3861999999999,E,8,999.0,E,8,1.02,E,8,-9900,?,9,-9900,?,9,0.0,E,8,-9900,?,9,-9900,?,9,0.0,0.0,E,8
11/12/2022,04:00,0.0,1395.149,0.0,1,8,0.0,1,8,0.0,1,8,0.0,1,8,0.0,1,8,0.0,1,8,-0.0,1,8,-9900,?,9,-9900,?,9,17.99,E,8,16.97,E,8,93.0,E,8,964.3861999999999,E,8,999.0,E,8,1.02,E,8,-9900,?,9,-9900,?,9,0.0,E,8,-9900,?,9,-9900,?,9,0.0,0.0,E,8
11/12/2022,05:00,0.0,1395.149,0.0,1,8,0.0,1,8,0.0,1,8,0.0,1,8,0.0,1,8,0.0,1,8,-0.0,1,8,-9900,?,9,-9900,?,9,17.57,E,8,16.91,E,8,95.0,E,8,964.3861999999999,E,8,999.0,E,8,1.02,E,8,-9900,?,9,-9900,?,9,0.0,E,8,-9900,?,9,-9900,?,9,0.0,0.0,E,8
11/12/2022,06:00,145.123,1395.149,0.0,1,8,0.0,1,8,0.0,1,8,0.0,1,8,0.0,1,8,0.0,1,8,0.0,1,8,-9900,?,9,-9900,?,9,17.25,E,8,16.87,E,8,97.0,E,8,964.3861999999999,E,8,999.0,E,8,1.02,E,8,-9900,?,9,-9900,?,9,0.0,E,8,-9900,?,9,-9900,?,9,0.0,0.0,E,8
11/12/2022,07:00,463.867,1395.149,63.97,1,8,0.0,1,8,63.97,1,8,7676.4,1,8,0.0,1,8,7036.7,1,8,61.386,1,8,-9900,?,9,-9900,?,9,16.93,E,8,16.84,E,8,99.0,E,8,964.3861999999999,E,8,999.0,E,8,1.02,E,8,-9900,?,9,-9900,?,9,0.0,E,8,-9900,?,9,-9900,?,9,0.0,0.0,E,8
11/12/2022,08:00,763.314,1395.149,311.03,1,8,119.207,1,8,245.854,1,8,37323.6,1,8,11324.667,1,8,27043.953,1,8,143.134,1,8,-9900,?,9,-9900,?,9,20.62,E,8,17.28,E,8,81.0,E,8,964.3861999999999,E,8,999.0,E,8,1.02,E,8,-9900,?,9,-9900,?,9,0.0,E,8,-9900,?,9,-9900,?,9,0.0,0.0,E,8
11/12/2022,09:00,1021.508,1395.149,632.75,1,8,436.201,1,8,313.451,1,8,75930.0,1,8,41439.122,1,8,34479.592,1,8,136.304,1,8,-9900,?,9,-9900,?,9,23.53,E,8,17.63,E,8,69.0,E,8,964.3861999999999,E,8,999.0,E,8,1.02,E,8,-9900,?,9,-9900,?,9,0.0,E,8,-9900,?,9,-9900,?,9,0.0,0.0,E,8
11/12/2022,10:00,1220.668,1395.149,632.78,1,8,248.915,1,8,415.015,1,8,75933.6,1,8,23646.893,1,8,45651.624,1,8,151.0,1,8,-9900,?,9,-9900,?,9,24.99,E,8,17.8,E,8,64.0,E,8,964.3861999999999,E,8,999.0,E,8,1.02,E,8,-9900,?,9,-9900,?,9,0.0,E,8,-9900,?,9,-9900,?,9,0.0,0.0,E,8
11/12/2022,11:00,1347.182,1395.149,957.94,1,8,548.945,1,8,427.879,1,8,114952.8,1,8,52149.81,1,8,47066.708,1,8,141.051,1,8,-9900,?,9,-9900,?,9,27.14,E,8,18.05,E,8,57.0,E,8,964.3861999999999,E,8,999.0,E,8,1.02,E,8,-9900,?,9,-9900,?,9,0.0,E,8,-9900,?,9,-9900,?,9,0.0,0.0,E,8
11/12/2022,12:00,1392.424,1395.149,702.45,1,8,172.173,1,8,530.614,1,8,84294.0,1,8,16356.414,1,8,58367.505,1,8,169.23,1,8,-9900,?,9,-9900,?,9,27.74,E,8,18.12,E,8,55.0,E,8,964.3861999999999,E,8,999.0,E,8,1.02,E,8,-9900,?,9,-9900,?,9,0.0,E,8,-9900,?,9,-9900,?,9,0.0,0.0,E,8
11/12/2022,13:00,1353.322,1395.149,599.35,1,8,104.131,1,8,498.342,1,8,71922.0,1,8,9892.478,1,8,54817.665,1,8,163.533,1,8,-9900,?,9,-9900,?,9,27.88,E,8,18.13,E,8,55.0,E,8,964.3861999999999,E,8,999.0,E,8,1.02,E,8,-9900,?,9,-9900,?,9,0.0,E,8,-9900,?,9,-9900,?,9,0.0,0.0,E,8
11/12/2022,14:00,1232.562,1395.149,671.42,1,8,272.272,1,8,430.897,1,8,80570.4,1,8,25865.868,1,8,47398.724,1,8,155.264,1,8,-9900,?,9,-9900,?,9,28.16,E,8,18.16,E,8,54.0,E,8,964.3861999999999,E,8,999.0,E,8,1.02,E,8,-9900,?,9,-9900,?,9,0.0,E,8,-9900,?,9,-9900,?,9,0.0,0.0,E,8
11/12/2022,15:00,1038.409,1395.149,420.74,1,8,83.028,1,8,358.957,1,8,50488.8,1,8,7887.688,1,8,39485.233,1,8,153.549,1,8,-9900,?,9,-9900,?,9,27.6,E,8,18.1,E,8,56.0,E,8,964.3861999999999,E,8,999.0,E,8,1.02,E,8,-9900,?,9,-9900,?,9,0.0,E,8,-9900,?,9,-9900,?,9,0.0,0.0,E,8
11/12/2022,16:00,784.161,1395.149,248.86,1,8,41.318,1,8,225.651,1,8,29863.2,1,8,3925.208,1,8,24821.659,1,8,127.873,1,8,-9900,?,9,-9900,?,9,26.58,E,8,17.98,E,8,59.0,E,8,964.3861999999999,E,8,999.0,E,8,1.02,E,8,-9900,?,9,-9900,?,9,0.0,E,8,-9900,?,9,-9900,?,9,0.0,0.0,E,8
11/12/2022,17:00,487.333,1395.149,252.55,1,8,333.132,1,8,136.428,1,8,30306.0,1,8,31647.557,1,8,15007.082,1,8,124.582,1,8,-9900,?,9,-9900,?,9,25.75,E,8,17.89,E,8,61.0,E,8,964.3861999999999,E,8,999.0,E,8,1.02,E,8,-9900,?,9,-9900,?,9,0.0,E,8,-9900,?,9,-9900,?,9,0.0,0.0,E,8
11/12/2022,18:00,169.416,1395.149,61.27,1,8,151.922,1,8,43.151,1,8,7352.4,1,8,14432.608,1,8,4746.602,1,8,115.166,1,8,-9900,?,9,-9900,?,9,24.53,E,8,17.75,E,8,65.0,E,8,964.3861999999999,E,8,999.0,E,8,1.02,E,8,-9900,?,9,-9900,?,9,0.0,E,8,-9900,?,9,-9900,?,9,0.0,0.0,E,8
11/12/2022,19:00,0.0,1395.149,0.62,1,8,0.0,1,8,0.0,1,8,74.4,1,8,0.0,1,8,0.0,1,8,-0.0,1,8,-9900,?,9,-9900,?,9,23.56,E,8,17.63,E,8,69.0,E,8,964.3861999999999,E,8,999.0,E,8,1.02,E,8,-9900,?,9,-9900,?,9,0.0,E,8,-9900,?,9,-9900,?,9,0.0,0.0,E,8
11/12/2022,20:00,0.0,1395.149,0.0,1,8,0.0,1,8,0.0,1,8,0.0,1,8,0.0,1,8,0.0,1,8,-0.0,1,8,-9900,?,9,-9900,?,9,22.58,E,8,17.52,E,8,73.0,E,8,964.3861999999999,E,8,999.0,E,8,1.02,E,8,-9900,?,9,-9900,?,9,0.0,E,8,-9900,?,9,-9900,?,9,0.0,0.0,E,8
11/12/2022,21:00,0.0,1395.149,0.0,1,8,0.0,1,8,0.0,1,8,0.0,1,8,0.0,1,8,0.0,1,8,-0.0,1,8,-9900,?,9,-9900,?,9,21.6,E,8,17.4,E,8,77.0,E,8,964.3861999999999,E,8,999.0,E,8,1.02,E,8,-9900,?,9,-9900,?,9,0.0,E,8,-9900,?,9,-9900,?,9,0.0,0.0,E,8
11/12/2022,22:00,0.0,1395.149,0.0,1,8,0.0,1,8,0.0,1,8,0.0,1,8,0.0,1,8,0.0,1,8,-0.0,1,8,-9900,?,9,-9900,?,9,20.62,E,8,17.28,E,8,81.0,E,8,964.3861999999999,E,8,999.0,E,8,1.02,E,8,-9900,?,9,-9900,?,9,0.0,E,8,-9900,?,9,-9900,?,9,0.0,0.0,E,8
11/12/2022,23:00,0.0,1395.149,0.0,1,8,0.0,1,8,0.0,1,8,0.0,1,8,0.0,1,8,0.0,1,8,-0.0,1,8,-9900,?,9,-9900,?,9,19.65,E,8,17.17,E,8,85.0,E,8,964.3861999999999,E,8,999.0,E,8,1.02,E,8,-9900,?,9,-9900,?,9,0.0,E,8,-9900,?,9,-9900,?,9,0.0,0.0,E,8
11/12/2022,24:00,0.0,1395.149,0.0,1,8,0.0,1,8,0.0,1,8,0.0,1,8,0.0,1,8,0.0,1,8,-0.0,1,8,-9900,?,9,-9900,?,9,18.67,E,8,14.82,E,8,78.0,E,8,964.3861999999999,E,8,999.0,E,8,0.65,E,8,-9900,?,9,-9900,?,9,0.0,E,8,-9900,?,9,-9900,?,9,0.0,0.0,E,8
11/13/2022,01:00,0.0,1395.149,0.0,1,8,0.0,1,8,0.0,1,8,0.0,1,8,0.0,1,8,0.0,1,8,-0.0,1,8,-9900,?,9,-9900,?,9,18.18,E,8,14.61,E,8,79.0,E,8,964.3861999999999,E,8,999.0,E,8,0.65,E,8,-9900,?,9,-9900,?,9,0.0,E,8,-9900,?,9,-9900,?,9,0.0,0.0,E,8
11/13/2022,02:00,0.0,1395.149,0.0,1,8,0.0,1,8,0.0,1,8,0.0,1,8,0.0,1,8,0.0,1,8,-0.0,1,8,-9900,?,9,-9900,?,9,17.69,E,8,14.38,E,8,80.0,E,8,964.3861999999999,E,8,999.0,E,8,0.65,E,8,-9900,?,9,-9900,?,9,0.0,E,8,-9900,?,9,-9900,?,9,0.0,0.0,E,8
11/13/2022,03:00,0.0,1395.149,0.0,1,8,0.0,1,8,0.0,1,8,0.0,1,8,0.0,1,8,0.0,1,8,-0.0,1,8,-9900,?,9,-9900,?,9,17.21,E,8,14.16,E,8,82.0,E,8,964.3861999999999,E,8,999.0,E,8,0.65,E,8,-9900,?,9,-9900,?,9,0.0,E,8,-9900,?,9,-9900,?,9,0.0,0.0,E,8
11/13/2022,04:00,0.0,1395.807,0.0,1,8,0.0,1,8,0.0,1,8,0.0,1,8,0.0,1,8,0.0,1,8,-0.0,1,8,-9900,?,9,-9900,?,9,16.72,E,8,13.93,E,8,83.0,E,8,964.3861999999999,E,8,999.0,E,8,0.65,E,8,-9900,?,9,-9900,?,9,0.0,E,8,-9900,?,9,-9900,?,9,0.0,0.0,E,8
11/13/2022,05:00,0.0,1395.807,0.0,1,8,0.0,1,8,0.0,1,8,0.0,1,8,0.0,1,8,0.0,1,8,-0.0,1,8,-9900,?,9,-9900,?,9,16.28,E,8,13.73,E,8,84.0,E,8,964.3861999999999,E,8,999.0,E,8,0.65,E,8,-9900,?,9,-9900,?,9,0.0,E,8,-9900,?,9,-9900,?,9,0.0,0.0,E,8
11/13/2022,06:00,146.753,1395.807,0.0,1,8,0.0,1,8,0.0,1,8,0.0,1,8,0.0,1,8,0.0,1,8,0.0,1,8,-9900,?,9,-9900,?,9,15.96,E,8,13.57,E,8,85.0,E,8,964.3861999999999,E,8,999.0,E,8,0.65,E,8,-9900,?,9,-9900,?,9,0.0,E,8,-9900,?,9,-9900,?,9,0.0,0.0,E,8
11/13/2022,07:00,465.209,1395.807,96.75,1,8,0.0,1,8,96.75,1,8,11610.0,1,8,0.0,1,8,10642.5,1,8,92.616,1,8,-9900,?,9,-9900,?,9,15.64,E,8,13.42,E,8,86.0,E,8,964.3861999999999,E,8,999.0,E,8,0.65,E,8,-9900,?,9,-9900,?,9,0.0,E,8,-9900,?,9,-9900,?,9,0.0,0.0,E,8
11/13/2022,08:00,764.411,1395.807,279.31,1,8,45.564,1,8,254.374,1,8,33517.2,1,8,4328.6,1,8,27981.13,1,8,147.951,1,8,-9900,?,9,-9900,?,9,19.46,E,8,15.17,E,8,76.0,E,8,964.3861999999999,E,8,999.0,E,8,0.76,E,8,-9900,?,9,-9900,?,9,0.0,E,8,-9900,?,9,-9900,?,9,0.0,0.0,E,8
11/13/2022,09:00,1022.443,1395.807,454.68,1,8,100.518,1,8,381.068,1,8,54561.6,1,8,9549.183,1,8,41917.526,1,8,165.634,1,8,-9900,?,9,-9900,?,9,21.26,E,8,15.94,E,8,71.0,E,8,964.3861999999999,E,8,999.0,E,8,0.73,E,8,-9900,?,9,-9900,?,9,0.0,E,8,-9900,?,9,-9900,?,9,0.0,0.0,E,8
11/13/2022,10:00,1221.538,1395.807,600.99,1,8,214.637,1,8,413.168,1,8,72118.8,1,8,20390.53,1,8,45448.435,1,8,150.291,1,8,-9900,?,9,-9900,?,9,22.9,E,8,16.61,E,8,67.0,E,8,964.3861999999999,E,8,999.0,E,8,0.66,E,8,-9900,?,9,-9900,?,9,0.0,E,8,-9900,?,9,-9900,?,9,0.0,0.0,E,8
11/13/2022,11:00,1348.087,1395.807,705.89,1,8,124.761,1,8,585.397,1,8,84706.8,1,8,11852.328,1,8,64393.623,1,8,192.938,1,8,-9900,?,9,-9900,?,9,24.32,E,8,17.17,E,8,64.0,E,8,964.3861999999999,E,8,999.0,E,8,1.09,E,8,-9900,?,9,-9900,?,9,0.0,E,8,-9900,?,9,-9900,?,9,0.0,0.0,E,8
11/13/2022,12:00,1393.462,1395.807,761.42,1,8,143.946,1,8,617.716,1,8,91370.4,1,8,13674.851,1,8,67948.778,1,8,196.956,1,8,-9900,?,9,-9900,?,9,25.45,E,8,17.6,E,8,61.0,E,8,964.3861999999999,E,8,999.0,E,8,1.02,E,8,-9900,?,9,-9900,?,9,0.0,E,8,-9900,?,9,-9900,?,9,0.0,0.0,E,8
11/13/2022,13:00,1354.583,1395.807,763.52,1,8,299.04,1,8,473.317,1,8,91622.4,1,8,28408.803,1,8,52064.895,1,8,155.25,1,8,-9900,?,9,-9900,?,9,26.26,E,8,17.91,E,8,60.0,E,8,964.3861999999999,E,8,999.0,E,8,0.65,E,8,-9900,?,9,-9900,?,9,0.0,E,8,-9900,?,9,-9900,?,9,0.0,0.0,E,8
11/13/2022,14:00,1234.12,1395.807,712.05,1,8,326.821,1,8,423.111,1,8,85446.0,1,8,31048.011,1,8,46542.198,1,8,152.338,1,8,-9900,?,9,-9900,?,9,26.74,E,8,18.08,E,8,59.0,E,8,964.3861999999999,E,8,999.0,E,8,1.0,E,8,-9900,?,9,-9900,?,9,0.0,E,8,-9900,?,9,-9900,?,9,0.0,0.0,E,8
11/13/2022,15:00,1040.317,1395.807,610.77,1,8,390.264,1,8,319.968,1,8,73292.4,1,8,37075.115,1,8,35196.519,1,8,136.684,1,8,-9900,?,9,-9900,?,9,26.88,E,8,18.13,E,8,58.0,E,8,964.3861999999999,E,8,999.0,E,8,1.14,E,8,-9900,?,9,-9900,?,9,0.0,E,8,-9900,?,9,-9900,?,9,0.0,0.0,E,8
11/13/2022,16:00,786.446,1395.807,467.38,1,8,491.722,1,8,190.501,1,8,56085.6,1,8,46713.546,1,8,20955.162,1,8,107.691,1,8,-9900,?,9,-9900,?,9,26.58,E,8,18.02,E,8,59.0,E,8,964.3861999999999,E,8,999.0,E,8,1.93,E,8,-9900,?,9,-9900,?,9,0.0,E,8,-9900,?,9,-9900,?,9,0.0,0.0,E,8
11/13/2022,17:00,489.996,1395.807,293.82,1,8,445.772,1,8,137.655,1,8,35258.4,1,8,42348.345,1,8,15142.076,1,8,125.076,1,8,-9900,?,9,-9900,?,9,25.8,E,8,17.73,E,8,61.0,E,8,964.3861999999999,E,8,999.0,E,8,1.94,E,8,-9900,?,9,-9900,?,9,0.0,E,8,-9900,?,9,-9900,?,9,0.0,0.0,E,8
11/13/2022,18:00,172.4,1395.807,110.56,1,8,303.012,1,8,73.781,1,8,13267.2,1,8,28786.184,1,8,8115.905,1,8,193.488,1,8,-9900,?,9,-9900,?,9,24.61,E,8,17.28,E,8,63.0,E,8,964.3861999999999,E,8,999.0,E,8,1.96,E,8,-9900,?,9,-9900,?,9,0.0,E,8,-9900,?,9,-9900,?,9,0.0,0.0,E,8
11/13/2022,19:00,0.0,1395.807,0.12,1,8,0.0,1,8,0.0,1,8,14.4,1,8,0.0,1,8,0.0,1,8,-0.0,1,8,-9900,?,9,-9900,?,9,23.61,E,8,16.89,E,8,66.0,E,8,964.3861999999999,E,8,999.0,E,8,1.3,E,8,-9900,?,9,-9900,?,9,0.0,E,8,-9900,?,9,-9900,?,9,0.0,0.0,E,8
11/13/2022,20:00,0.0,1395.807,0.0,1,8,0.0,1,8,0.0,1,8,0.0,1,8,0.0,1,8,0.0,1,8,-0.0,1,8,-9900,?,9,-9900,?,9,22.6,E,8,16.49,E,8,68.0,E,8,964.3861999999999,E,8,999.0,E,8,1.38,E,8,-9900,?,9,-9900,?,9,0.0,E,8,-9900,?,9,-9900,?,9,0.0,0.0,E,8
11/13/2022,21:00,0.0,1395.807,0.0,1,8,0.0,1,8,0.0,1,8,0.0,1,8,0.0,1,8,0.0,1,8,-0.0,1,8,-9900,?,9,-9900,?,9,21.6,E,8,16.08,E,8,70.0,E,8,964.3861999999999,E,8,999.0,E,8,1.73,E,8,-9900,?,9,-9900,?,9,0.0,E,8,-9900,?,9,-9900,?,9,0.0,0.0,E,8
11/13/2022,22:00,0.0,1395.807,0.0,1,8,0.0,1,8,0.0,1,8,0.0,1,8,0.0,1,8,0.0,1,8,-0.0,1,8,-9900,?,9,-9900,?,9,20.59,E,8,15.66,E,8,73.0,E,8,964.3861999999999,E,8,999.0,E,8,1.03,E,8,-9900,?,9,-9900,?,9,0.0,E,8,-9900,?,9,-9900,?,9,0.0,0.0,E,8
11/13/2022,23:00,0.0,1395.807,0.0,1,8,0.0,1,8,0.0,1,8,0.0,1,8,0.0,1,8,0.0,1,8,-0.0,1,8,-9900,?,9,-9900,?,9,19.59,E,8,15.23,E,8,75.0,E,8,964.3861999999999,E,8,999.0,E,8,0.84,E,8,-9900,?,9,-9900,?,9,0.0,E,8,-9900,?,9,-9900,?,9,0.0,0.0,E,8
11/13/2022,24:00,0.0,1395.807,0.0,1,8,0.0,1,8,0.0,1,8,0.0,1,8,0.0,1,8,0.0,1,8,-0.0,1,8,-9900,?,9,-9900,?,9,18.58,E,8,14.27,E,8,75.0,E,8,964.3861999999999,E,8,999.0,E,8,1.33,E,8,-9900,?,9,-9900,?,9,0.0,E,8,-9900,?,9,-9900,?,9,0.0,0.0,E,8
11/14/2022,01:00,0.0,1395.807,0.0,1,8,0.0,1,8,0.0,1,8,0.0,1,8,0.0,1,8,0.0,1,8,-0.0,1,8,-9900,?,9,-9900,?,9,18.08,E,8,14.13,E,8,77.0,E,8,964.3861999999999,E,8,999.0,E,8,1.42,E,8,-9900,?,9,-9900,?,9,0.0,E,8,-9900,?,9,-9900,?,9,0.0,0.0,E,8
11/14/2022,02:00,0.0,1395.807,0.0,1,8,0.0,1,8,0.0,1,8,0.0,1,8,0.0,1,8,0.0,1,8,-0.0,1,8,-9900,?,9,-9900,?,9,17.58,E,8,13.99,E,8,79.0,E,8,964.3861999999999,E,8,999.0,E,8,1.01,E,8,-9900,?,9,-9900,?,9,0.0,E,8,-9900,?,9,-9900,?,9,0.0,0.0,E,8
11/14/2022,03:00,0.0,1395.807,0.0,1,8,0.0,1,8,0.0,1,8,0.0,1,8,0.0,1,8,0.0,1,8,-0.0,1,8,-9900,?,9,-9900,?,9,17.08,E,8,13.85,E,8,81.0,E,8,964.3861999999999,E,8,999.0,E,8,0.96,E,8,-9900,?,9,-9900,?,9,0.0,E,8,-9900,?,9,-9900,?,9,0.0,0.0,E,8
11/14/2022,04:00,0.0,1396.457,0.0,1,8,0.0,1,8,0.0,1,8,0.0,1,8,0.0,1,8,0.0,1,8,-0.0,1,8,-9900,?,9,-9900,?,9,16.58,E,8,13.71,E,8,83.0,E,8,964.3861999999999,E,8,999.0,E,8,0.96,E,8,-9900,?,9,-9900,?,9,0.0,E,8,-9900,?,9,-9900,?,9,0.0,0.0,E,8
11/14/2022,05:00,0.0,1396.457,0.0,1,8,0.0,1,8,0.0,1,8,0.0,1,8,0.0,1,8,0.0,1,8,-0.0,1,8,-9900,?,9,-9900,?,9,16.13,E,8,13.58,E,8,84.0,E,8,964.3861999999999,E,8,999.0,E,8,0.96,E,8,-9900,?,9,-9900,?,9,0.0,E,8,-9900,?,9,-9900,?,9,0.0,0.0,E,8
11/14/2022,06:00,148.265,1396.457,0.0,1,8,0.0,1,8,0.0,1,8,0.0,1,8,0.0,1,8,0.0,1,8,0.0,1,8,-9900,?,9,-9900,?,9,15.8,E,8,13.49,E,8,86.0,E,8,964.3861999999999,E,8,999.0,E,8,0.96,E,8,-9900,?,9,-9900,?,9,0.0,E,8,-9900,?,9,-9900,?,9,0.0,0.0,E,8
11/14/2022,07:00,466.432,1396.457,135.86,1,8,22.258,1,8,128.443,1,8,16303.2,1,8,2114.48,1,8,14128.712,1,8,122.688,1,8,-9900,?,9,-9900,?,9,15.47,E,8,13.39,E,8,87.0,E,8,964.3861999999999,E,8,999.0,E,8,1.01,E,8,-9900,?,9,-9900,?,9,0.0,E,8,-9900,?,9,-9900,?,9,0.0,0.0,E,8
11/14/2022,08:00,765.396,1396.457,294.54,1,8,78.823,1,8,251.367,1,8,35344.8,1,8,7488.143,1,8,27650.364,1,8,146.082,1,8,-9900,?,9,-9900,?,9,19.81,E,8,14.6,E,8,71.0,E,8,964.3861999999999,E,8,999.0,E,8,0.96,E,8,-9900,?,9,-9900,?,9,0.0,E,8,-9900,?,9,-9900,?,9,0.0,0.0,E,8
11/14/2022,09:00,1023.278,1396.457,540.6,1,8,223.484,1,8,376.88,1,8,64872.0,1,8,21231.003,1,8,41456.746,1,8,163.756,1,8,-9900,?,9,-9900,?,9,22.0,E,8,15.18,E,8,65.0,E,8,964.3861999999999,E,8,999.0,E,8,0.96,E,8,-9900,?,9,-9900,?,9,0.0,E,8,-9900,?,9,-9900,?,9,0.0,0.0,E,8
11/14/2022,10:00,1222.323,1396.457,734.82,1,8,351.903,1,8,426.826,1,8,88178.4,1,8,33430.826,1,8,46950.805,1,8,155.232,1,8,-9900,?,9,-9900,?,9,24.08,E,8,15.71,E,8,59.0,E,8,964.3861999999999,E,8,999.0,E,8,1.98,E,8,-9900,?,9,-9900,?,9,0.0,E,8,-9900,?,9,-9900,?,9,0.0,0.0,E,8
11/14/2022,11:00,1348.926,1396.457,763.82,1,8,274.764,1,8,498.414,1,8,91658.4,1,8,26102.603,1,8,54825.491,1,8,164.244,1,8,-9900,?,9,-9900,?,9,25.44,E,8,16.05,E,8,56.0,E,8,964.3861999999999,E,8,999.0,E,8,1.82,E,8,-9900,?,9,-9900,?,9,0.0,E,8,-9900,?,9,-9900,?,9,0.0,0.0,E,8
11/14/2022,12:00,1394.454,1396.457,783.93,1,8,255.372,1,8,528.925,1,8,94071.6,1,8,24260.312,1,8,58181.727,1,8,168.604,1,8,-9900,?,9,-9900,?,9,26.41,E,8,16.28,E,8,53.0,E,8,964.3861999999999,E,8,999.0,E,8,2.49,E,8,-9900,?,9,-9900,?,9,0.0,E,8,-9900,?,9,-9900,?,9,0.0,0.0,E,8
11/14/2022,13:00,1355.817,1396.457,616.38,1,8,149.395,1,8,471.335,1,8,73965.6,1,8,14192.518,1,8,51846.892,1,8,154.531,1,8,-9900,?,9,-9900,?,9,26.63,E,8,16.34,E,8,53.0,E,8,964.3861999999999,E,8,999.0,E,8,2.02,E,8,-9900,?,9,-9900,?,9,0.0,E,8,-9900,?,9,-9900,?,9,0.0,0.0,E,8
11/14/2022,14:00,1235.669,1396.457,728.53,1,8,314.078,1,8,450.637,1,8,87423.6,1,8,29837.44,1,8,49570.106,1,8,162.121,1,8,-9900,?,9,-9900,?,9,27.07,E,8,16.44,E,8,52.0,E,8,964.3861999999999,E,8,999.0,E,8,1.91,E,8,-9900,?,9,-9900,?,9,0.0,E,8,-9900,?,9,-9900,?,9,0.0,0.0,E,8
11/14/2022,15:00,1042.232,1396.457,705.08,1,8,560.962,1,8,286.509,1,8,84609.6,1,8,53291.419,1,8,31516.028,1,8,122.223,1,8,-9900,?,9,-9900,?,9,27.36,E,8,16.51,E,8,51.0,E,8,964.3861999999999,E,8,999.0,E,8,1.94,E,8,-9900,?,9,-9900,?,9,0.0,E,8,-9900,?,9,-9900,?,9,0.0,0.0,E,8
11/14/2022,16:00,788.752,1396.457,577.92,1,8,734.256,1,8,163.455,1,8,69350.4,1,8,69754.293,1,8,17980.007,1,8,92.174,1,8,-9900,?,9,-9900,?,9,27.32,E,8,16.5,E,8,51.0,E,8,964.3861999999999,E,8,999.0,E,8,2.7,E,8,-9900,?,9,-9900,?,9,0.0,E,8,-9900,?,9,-9900,?,9,0.0,0.0,E,8
11/14/2022,17:00,492.687,1396.457,400.35,1,8,648.189,1,8,172.128,1,8,48042.0,1,8,61577.968,1,8,18934.035,1,8,155.612,1,8,-9900,?,9,-9900,?,9,26.74,E,8,16.36,E,8,52.0,E,8,964.3861999999999,E,8,999.0,E,8,1.55,E,8,-9900,?,9,-9900,?,9,0.0,E,8,-9900,?,9,-9900,?,9,0.0,0.0,E,8
11/14/2022,18:00,175.414,1396.457,124.65,1,8,432.118,1,8,71.279,1,8,14958.0,1,8,41051.243,1,8,7840.66,1,8,183.698,1,8,-9900,?,9,-9900,?,9,25.46,E,8,16.05,E,8,56.0,E,8,964.3861999999999,E,8,999.0,E,8,2.04,E,8,-9900,?,9,-9900,?,9,0.0,E,8,-9900,?,9,-9900,?,9,0.0,0.0,E,8
11/14/2022,19:00,0.0,1396.457,0.29,1,8,0.0,1,8,0.0,1,8,34.8,1,8,0.0,1,8,0.0,1,8,-0.0,1,8,-9900,?,9,-9900,?,9,24.37,E,8,15.78,E,8,58.0,E,8,964.3861999999999,E,8,999.0,E,8,1.08,E,8,-9900,?,9,-9900,?,9,0.0,E,8,-9900,?,9,-9900,?,9,0.0,0.0,E,8
11/14/2022,20:00,0.0,1396.457,0.0,1,8,0.0,1,8,0.0,1,8,0.0,1,8,0.0,1,8,0.0,1,8,-0.0,1,8,-9900,?,9,-9900,?,9,23.27,E,8,15.5,E,8,61.0,E,8,964.3861999999999,E,8,999.0,E,8,0.96,E,8,-9900,?,9,-9900,?,9,0.0,E,8,-9900,?,9,-9900,?,9,0.0,0.0,E,8
11/14/2022,21:00,0.0,1396.457,0.0,1,8,0.0,1,8,0.0,1,8,0.0,1,8,0.0,1,8,0.0,1,8,-0.0,1,8,-9900,?,9,-9900,?,9,22.18,E,8,15.22,E,8,64.0,E,8,964.3861999999999,E,8,999.0,E,8,0.96,E,8,-9900,?,9,-9900,?,9,0.0,E,8,-9900,?,9,-9900,?,9,0.0,0.0,E,8
11/14/2022,22:00,0.0,1396.457,0.0,1,8,0.0,1,8,0.0,1,8,0.0,1,8,0.0,1,8,0.0,1,8,-0.0,1,8,-9900,?,9,-9900,?,9,21.09,E,8,14.94,E,8,67.0,E,8,964.3861999999999,E,8,999.0,E,8,0.96,E,8,-9900,?,9,-9900,?,9,0.0,E,8,-9900,?,9,-9900,?,9,0.0,0.0,E,8
11/14/2022,23:00,0.0,1396.457,0.0,1,8,0.0,1,8,0.0,1,8,0.0,1,8,0.0,1,8,0.0,1,8,-0.0,1,8,-9900,?,9,-9900,?,9,20.0,E,8,14.65,E,8,71.0,E,8,964.3861999999999,E,8,999.0,E,8,0.96,E,8,-9900,?,9,-9900,?,9,0.0,E,8,-9900,?,9,-9900,?,9,0.0,0.0,E,8
11/14/2022,24:00,0.0,1396.457,0.0,1,8,0.0,1,8,0.0,1,8,0.0,1,8,0.0,1,8,0.0,1,8,-0.0,1,8,-9900,?,9,-9900,?,9,18.9,E,8,14.51,E,8,75.0,E,8,964.3861999999999,E,8,999.0,E,8,1.0,E,8,-9900,?,9,-9900,?,9,0.0,E,8,-9900,?,9,-9900,?,9,0.0,0.0,E,8
11/15/2022,01:00,0.0,1396.457,0.0,1,8,0.0,1,8,0.0,1,8,0.0,1,8,0.0,1,8,0.0,1,8,-0.0,1,8,-9900,?,9,-9900,?,9,18.36,E,8,14.44,E,8,77.0,E,8,964.3861999999999,E,8,999.0,E,8,1.0,E,8,-9900,?,9,-9900,?,9,0.0,E,8,-9900,?,9,-9900,?,9,0.0,0.0,E,8
11/15/2022,02:00,0.0,1396.457,0.0,1,8,0.0,1,8,0.0,1,8,0.0,1,8,0.0,1,8,0.0,1,8,-0.0,1,8,-9900,?,9,-9900,?,9,17.81,E,8,14.36,E,8,80.0,E,8,964.3861999999999,E,8,999.0,E,8,1.0,E,8,-9900,?,9,-9900,?,9,0.0,E,8,-9900,?,9,-9900,?,9,0.0,0.0,E,8
11/15/2022,03:00,0.0,1396.457,0.0,1,8,0.0,1,8,0.0,1,8,0.0,1,8,0.0,1,8,0.0,1,8,-0.0,1,8,-9900,?,9,-9900,?,9,17.26,E,8,14.29,E,8,82.0,E,8,964.3861999999999,E,8,999.0,E,8,1.0,E,8,-9900,?,9,-9900,?,9,0.0,E,8,-9900,?,9,-9900,?,9,0.0,0.0,E,8
11/15/2022,04:00,0.0,1397.098,0.0,1,8,0.0,1,8,0.0,1,8,0.0,1,8,0.0,1,8,0.0,1,8,-0.0,1,8,-9900,?,9,-9900,?,9,16.72,E,8,14.21,E,8,85.0,E,8,964.3861999999999,E,8,999.0,E,8,1.0,E,8,-9900,?,9,-9900,?,9,0.0,E,8,-9900,?,9,-9900,?,9,0.0,0.0,E,8
11/15/2022,05:00,0.0,1397.098,0.0,1,8,0.0,1,8,0.0,1,8,0.0,1,8,0.0,1,8,0.0,1,8,-0.0,1,8,-9900,?,9,-9900,?,9,16.23,E,8,14.15,E,8,87.0,E,8,964.3861999999999,E,8,999.0,E,8,1.0,E,8,-9900,?,9,-9900,?,9,0.0,E,8,-9900,?,9,-9900,?,9,0.0,0.0,E,8
11/15/2022,06:00,149.656,1397.098,0.0,1,8,0.0,1,8,0.0,1,8,0.0,1,8,0.0,1,8,0.0,1,8,0.0,1,8,-9900,?,9,-9900,?,9,15.87,E,8,14.1,E,8,89.0,E,8,964.3861999999999,E,8,999.0,E,8,1.0,E,8,-9900,?,9,-9900,?,9,0.0,E,8,-9900,?,9,-9900,?,9,0.0,0.0,E,8
11/15/2022,07:00,467.536,1397.098,130.27,1,8,15.123,1,8,125.221,1,8,15632.4,1,8,1436.728,1,8,13774.265,1,8,119.381,1,8,-9900,?,9,-9900,?,9,15.51,E,8,14.05,E,8,90.0,E,8,964.3861999999999,E,8,999.0,E,8,1.0,E,8,-9900,?,9,-9900,?,9,0.0,E,8,-9900,?,9,-9900,?,9,0.0,0.0,E,8
11/15/2022,08:00,766.269,1397.098,367.08,1,8,191.274,1,8,262.243,1,8,44049.6,1,8,18171.05,1,8,28846.714,1,8,152.298,1,8,-9900,?,9,-9900,?,9,19.92,E,8,14.65,E,8,71.0,E,8,964.3861999999999,E,8,999.0,E,8,1.0,E,8,-9900,?,9,-9900,?,9,0.0,E,8,-9900,?,9,-9900,?,9,0.0,0.0,E,8
11/15/2022,09:00,1024.014,1397.098,598.3,1,8,340.235,1,8,348.985,1,8,71796.0,1,8,32322.344,1,8,38388.355,1,8,151.596,1,8,-9900,?,9,-9900,?,9,21.99,E,8,14.92,E,8,64.0,E,8,964.3861999999999,E,8,999.0,E,8,1.0,E,8,-9900,?,9,-9900,?,9,0.0,E,8,-9900,?,9,-9900,?,9,0.0,0.0,E,8
11/15/2022,10:00,1223.025,1397.098,778.43,1,8,446.485,1,8,387.61,1,8,93411.6,1,8,42416.117,1,8,42637.11,1,8,140.953,1,8,-9900,?,9,-9900,?,9,23.83,E,8,15.16,E,8,58.0,E,8,964.3861999999999,E,8,999.0,E,8,1.0,E,8,-9900,?,9,-9900,?,9,0.0,E,8,-9900,?,9,-9900,?,9,0.0,0.0,E,8
11/15/2022,11:00,1349.699,1397.098,907.47,1,8,496.987,1,8,427.354,1,8,108896.4,1,8,47213.798,1,8,47008.932,1,8,140.811,1,8,-9900,?,9,-9900,?,9,25.39,E,8,15.36,E,8,53.0,E,8,964.3861999999999,E,8,999.0,E,8,1.0,E,8,-9900,?,9,-9900,?,9,0.0,E,8,-9900,?,9,-9900,?,9,0.0,0.0,E,8
11/15/2022,12:00,1395.401,1397.098,963.82,1,8,508.762,1,8,455.677,1,8,115658.4,1,8,48332.379,1,8,50124.428,1,8,145.223,1,8,-9900,?,9,-9900,?,9,26.59,E,8,15.52,E,8,50.0,E,8,964.3861999999999,E,8,999.0,E,8,1.0,E,8,-9900,?,9,-9900,?,9,0.0,E,8,-9900,?,9,-9900,?,9,0.0,0.0,E,8
11/15/2022,13:00,1357.026,1397.098,986.12,1,8,618.759,1,8,385.119,1,8,118334.4,1,8,58782.104,1,8,42363.108,1,8,126.209,1,8,-9900,?,9,-9900,?,9,27.51,E,8,15.63,E,8,48.0,E,8,964.3861999999999,E,8,999.0,E,8,1.0,E,8,-9900,?,9,-9900,?,9,0.0,E,8,-9900,?,9,-9900,?,9,0.0,0.0,E,8
11/15/2022,14:00,1237.211,1397.098,909.84,1,8,736.216,1,8,257.931,1,8,109180.8,1,8,69940.557,1,8,28372.386,1,8,92.72,1,8,-9900,?,9,-9900,?,9,28.03,E,8,15.7,E,8,47.0,E,8,964.3861999999999,E,8,999.0,E,8,1.0,E,8,-9900,?,9,-9900,?,9,0.0,E,8,-9900,?,9,-9900,?,9,0.0,0.0,E,8
11/15/2022,15:00,1044.154,1397.098,782.17,1,8,848.869,1,8,147.895,1,8,93860.4,1,8,80642.588,1,8,16268.428,1,8,63.004,1,8,-9900,?,9,-9900,?,9,28.18,E,8,15.72,E,8,46.0,E,8,964.3861999999999,E,8,999.0,E,8,1.0,E,8,-9900,?,9,-9900,?,9,0.0,E,8,-9900,?,9,-9900,?,9,0.0,0.0,E,8
11/15/2022,16:00,791.076,1397.098,608.26,1,8,705.873,1,8,208.823,1,8,72991.2,1,8,67057.962,1,8,22970.514,1,8,117.464,1,8,-9900,?,9,-9900,?,9,27.86,E,8,15.68,E,8,47.0,E,8,964.3861999999999,E,8,999.0,E,8,1.32,E,8,-9900,?,9,-9900,?,9,0.0,E,8,-9900,?,9,-9900,?,9,0.0,0.0,E,8
11/15/2022,17:00,495.405,1397.098,395.48,1,8,649.132,1,8,165.765,1,8,47457.6,1,8,61667.578,1,8,18234.146,1,8,149.103,1,8,-9900,?,9,-9900,?,9,27.02,E,8,15.57,E,8,49.0,E,8,964.3861999999999,E,8,999.0,E,8,1.06,E,8,-9900,?,9,-9900,?,9,0.0,E,8,-9900,?,9,-9900,?,9,0.0,0.0,E,8
11/15/2022,18:00,178.458,1397.098,159.3,1,8,417.997,1,8,106.773,1,8,19116.0,1,8,39709.671,1,8,11745.066,1,8,270.462,1,8,-9900,?,9,-9900,?,9,25.72,E,8,15.41,E,8,52.0,E,8,964.3861999999999,E,8,999.0,E,8,1.0,E,8,-9900,?,9,-9900,?,9,0.0,E,8,-9900,?,9,-9900,?,9,0.0,0.0,E,8
11/15/2022,19:00,0.0,1397.098,0.87,1,8,0.0,1,8,0.0,1,8,104.4,1,8,0.0,1,8,0.0,1,8,-0.0,1,8,-9900,?,9,-9900,?,9,24.66,E,8,15.27,E,8,55.0,E,8,964.3861999999999,E,8,999.0,E,8,1.0,E,8,-9900,?,9,-9900,?,9,0.0,E,8,-9900,?,9,-9900,?,9,0.0,0.0,E,8
11/15/2022,20:00,0.0,1397.098,0.0,1,8,0.0,1,8,0.0,1,8,0.0,1,8,0.0,1,8,0.0,1,8,-0.0,1,8,-9900,?,9,-9900,?,9,23.6,E,8,15.13,E,8,59.0,E,8,964.3861999999999,E,8,999.0,E,8,1.0,E,8,-9900,?,9,-9900,?,9,0.0,E,8,-9900,?,9,-9900,?,9,0.0,0.0,E,8
11/15/2022,21:00,0.0,1397.098,0.0,1,8,0.0,1,8,0.0,1,8,0.0,1,8,0.0,1,8,0.0,1,8,-0.0,1,8,-9900,?,9,-9900,?,9,22.53,E,8,14.99,E,8,62.0,E,8,964.3861999999999,E,8,999.0,E,8,1.0,E,8,-9900,?,9,-9900,?,9,0.0,E,8,-9900,?,9,-9900,?,9,0.0,0.0,E,8
11/15/2022,22:00,0.0,1397.098,0.0,1,8,0.0,1,8,0.0,1,8,0.0,1,8,0.0,1,8,0.0,1,8,-0.0,1,8,-9900,?,9,-9900,?,9,21.47,E,8,14.85,E,8,65.0,E,8,964.3861999999999,E,8,999.0,E,8,1.0,E,8,-9900,?,9,-9900,?,9,0.0,E,8,-9900,?,9,-9900,?,9,0.0,0.0,E,8
11/15/2022,23:00,0.0,1397.098,0.0,1,8,0.0,1,8,0.0,1,8,0.0,1,8,0.0,1,8,0.0,1,8,-0.0,1,8,-9900,?,9,-9900,?,9,20.41,E,8,14.71,E,8,69.0,E,8,964.3861999999999,E,8,999.0,E,8,1.0,E,8,-9900,?,9,-9900,?,9,0.0,E,8,-9900,?,9,-9900,?,9,0.0,0.0,E,8
11/15/2022,24:00,0.0,1397.098,0.0,1,8,0.0,1,8,0.0,1,8,0.0,1,8,0.0,1,8,0.0,1,8,-0.0,1,8,-9900,?,9,-9900,?,9,19.35,E,8,14.89,E,8,75.0,E,8,964.3861999999999,E,8,999.0,E,8,1.02,E,8,-9900,?,9,-9900,?,9,0.0,E,8,-9900,?,9,-9900,?,9,0.0,0.0,E,8
11/16/2022,01:00,0.0,1397.098,0.0,1,8,0.0,1,8,0.0,1,8,0.0,1,8,0.0,1,8,0.0,1,8,-0.0,1,8,-9900,?,9,-9900,?,9,18.82,E,8,14.76,E,8,77.0,E,8,964.3861999999999,E,8,999.0,E,8,1.02,E,8,-9900,?,9,-9900,?,9,0.0,E,8,-9900,?,9,-9900,?,9,0.0,0.0,E,8
11/16/2022,02:00,0.0,1397.098,0.0,1,8,0.0,1,8,0.0,1,8,0.0,1,8,0.0,1,8,0.0,1,8,-0.0,1,8,-9900,?,9,-9900,?,9,18.29,E,8,14.62,E,8,79.0,E,8,964.3861999999999,E,8,999.0,E,8,1.02,E,8,-9900,?,9,-9900,?,9,0.0,E,8,-9900,?,9,-9900,?,9,0.0,0.0,E,8
11/16/2022,03:00,0.0,1397.098,0.0,1,8,0.0,1,8,0.0,1,8,0.0,1,8,0.0,1,8,0.0,1,8,-0.0,1,8,-9900,?,9,-9900,?,9,17.75,E,8,14.49,E,8,81.0,E,8,964.3861999999999,E,8,999.0,E,8,1.02,E,8,-9900,?,9,-9900,?,9,0.0,E,8,-9900,?,9,-9900,?,9,0.0,0.0,E,8
11/16/2022,04:00,0.0,1397.731,0.0,1,8,0.0,1,8,0.0,1,8,0.0,1,8,0.0,1,8,0.0,1,8,-0.0,1,8,-9900,?,9,-9900,?,9,17.22,E,8,14.35,E,8,83.0,E,8,964.3861999999999,E,8,999.0,E,8,1.02,E,8,-9900,?,9,-9900,?,9,0.0,E,8,-9900,?,9,-9900,?,9,0.0,0.0,E,8
11/16/2022,05:00,0.0,1397.731,0.0,1,8,0.0,1,8,0.0,1,8,0.0,1,8,0.0,1,8,0.0,1,8,-0.0,1,8,-9900,?,9,-9900,?,9,16.75,E,8,14.23,E,8,85.0,E,8,964.3861999999999,E,8,999.0,E,8,1.02,E,8,-9900,?,9,-9900,?,9,0.0,E,8,-9900,?,9,-9900,?,9,0.0,0.0,E,8
11/16/2022,06:00,150.928,1397.731,0.0,1,8,0.0,1,8,0.0,1,8,0.0,1,8,0.0,1,8,0.0,1,8,0.0,1,8,-9900,?,9,-9900,?,9,16.4,E,8,14.14,E,8,86.0,E,8,964.3861999999999,E,8,999.0,E,8,1.02,E,8,-9900,?,9,-9900,?,9,0.0,E,8,-9900,?,9,-9900,?,9,0.0,0.0,E,8
11/16/2022,07:00,468.52,1397.731,98.2,1,8,0.0,1,8,98.2,1,8,11784.0,1,8,0.0,1,8,10802.0,1,8,93.466,1,8,-9900,?,9,-9900,?,9,16.05,E,8,14.05,E,8,87.0,E,8,964.3861999999999,E,8,999.0,E,8,1.02,E,8,-9900,?,9,-9900,?,9,0.0,E,8,-9900,?,9,-9900,?,9,0.0,0.0,E,8
11/16/2022,08:00,767.032,1397.731,280.23,1,8,45.533,1,8,255.26,1,8,33627.6,1,8,4325.665,1,8,28078.567,1,8,148.162,1,8,-9900,?,9,-9900,?,9,20.11,E,8,15.08,E,8,72.0,E,8,964.3861999999999,E,8,999.0,E,8,1.02,E,8,-9900,?,9,-9900,?,9,0.0,E,8,-9900,?,9,-9900,?,9,0.0,0.0,E,8
11/16/2022,09:00,1024.652,1397.731,251.35,1,8,16.746,1,8,239.077,1,8,30162.0,1,8,1590.89,1,8,26298.443,1,8,103.835,1,8,-9900,?,9,-9900,?,9,20.56,E,8,15.19,E,8,71.0,E,8,964.3861999999999,E,8,999.0,E,8,1.02,E,8,-9900,?,9,-9900,?,9,0.0,E,8,-9900,?,9,-9900,?,9,0.0,0.0,E,8
11/16/2022,10:00,1223.644,1397.731,601.16,1,8,188.463,1,8,436.185,1,8,72139.2,1,8,17903.946,1,8,47980.358,1,8,158.609,1,8,-9900,?,9,-9900,?,9,22.66,E,8,15.7,E,8,64.0,E,8,964.3861999999999,E,8,999.0,E,8,1.02,E,8,-9900,?,9,-9900,?,9,0.0,E,8,-9900,?,9,-9900,?,9,0.0,0.0,E,8
11/16/2022,11:00,1350.409,1397.731,706.02,1,8,124.128,1,8,586.097,1,8,84722.4,1,8,11792.2,1,8,64470.623,1,8,193.102,1,8,-9900,?,9,-9900,?,9,24.37,E,8,16.1,E,8,59.0,E,8,964.3861999999999,E,8,999.0,E,8,1.02,E,8,-9900,?,9,-9900,?,9,0.0,E,8,-9900,?,9,-9900,?,9,0.0,0.0,E,8
11/16/2022,12:00,1396.304,1397.731,761.75,1,8,143.144,1,8,618.752,1,8,91410.0,1,8,13598.72,1,8,68062.7,1,8,197.156,1,8,-9900,?,9,-9900,?,9,25.7,E,8,16.41,E,8,56.0,E,8,964.3861999999999,E,8,999.0,E,8,1.02,E,8,-9900,?,9,-9900,?,9,0.0,E,8,-9900,?,9,-9900,?,9,0.0,0.0,E,8
11/16/2022,13:00,1358.21,1397.731,764.27,1,8,165.581,1,8,603.374,1,8,91712.4,1,8,15730.194,1,8,66371.091,1,8,197.652,1,8,-9900,?,9,-9900,?,9,26.67,E,8,16.63,E,8,54.0,E,8,964.3861999999999,E,8,999.0,E,8,1.02,E,8,-9900,?,9,-9900,?,9,0.0,E,8,-9900,?,9,-9900,?,9,0.0,0.0,E,8
11/16/2022,14:00,1238.746,1397.731,713.4,1,8,290.713,1,8,455.774,1,8,85608.0,1,8,27617.78,1,8,50135.178,1,8,163.71,1,8,-9900,?,9,-9900,?,9,27.26,E,8,16.76,E,8,52.0,E,8,964.3861999999999,E,8,999.0,E,8,1.02,E,8,-9900,?,9,-9900,?,9,0.0,E,8,-9900,?,9,-9900,?,9,0.0,0.0,E,8
11/16/2022,15:00,1046.086,1397.731,612.89,1,8,386.73,1,8,323.522,1,8,73546.8,1,8,36739.309,1,8,35587.393,1,8,137.629,1,8,-9900,?,9,-9900,?,9,27.47,E,8,16.81,E,8,52.0,E,8,964.3861999999999,E,8,999.0,E,8,1.02,E,8,-9900,?,9,-9900,?,9,0.0,E,8,-9900,?,9,-9900,?,9,0.0,0.0,E,8
11/16/2022,16:00,793.421,1397.731,470.33,1,8,450.865,1,8,214.555,1,8,56439.6,1,8,42832.174,1,8,23601.007,1,8,120.386,1,8,-9900,?,9,-9900,?,9,27.25,E,8,16.76,E,8,52.0,E,8,964.3861999999999,E,8,999.0,E,8,1.02,E,8,-9900,?,9,-9900,?,9,0.0,E,8,-9900,?,9,-9900,?,9,0.0,0.0,E,8
11/16/2022,17:00,498.148,1397.731,297.59,1,8,441.063,1,8,140.71,1,8,35710.8,1,8,41900.944,1,8,15478.069,1,8,125.923,1,8,-9900,?,9,-9900,?,9,26.49,E,8,16.59,E,8,54.0,E,8,964.3861999999999,E,8,999.0,E,8,1.02,E,8,-9900,?,9,-9900,?,9,0.0,E,8,-9900,?,9,-9900,?,9,0.0,0.0,E,8
11/16/2022,18:00,181.53,1397.731,114.75,1,8,400.742,1,8,63.522,1,8,13770.0,1,8,38070.524,1,8,6987.38,1,8,158.171,1,8,-9900,?,9,-9900,?,9,25.3,E,8,16.32,E,8,57.0,E,8,964.3861999999999,E,8,999.0,E,8,1.02,E,8,-9900,?,9,-9900,?,9,0.0,E,8,-9900,?,9,-9900,?,9,0.0,0.0,E,8
11/16/2022,19:00,0.0,1397.731,0.28,1,8,0.0,1,8,0.0,1,8,33.6,1,8,0.0,1,8,0.0,1,8,-0.0,1,8,-9900,?,9,-9900,?,9,24.3,E,8,16.08,E,8,60.0,E,8,964.3861999999999,E,8,999.0,E,8,1.02,E,8,-9900,?,9,-9900,?,9,0.0,E,8,-9900,?,9,-9900,?,9,0.0,0.0,E,8
11/16/2022,20:00,0.0,1397.731,0.0,1,8,0.0,1,8,0.0,1,8,0.0,1,8,0.0,1,8,0.0,1,8,-0.0,1,8,-9900,?,9,-9900,?,9,23.31,E,8,15.85,E,8,62.0,E,8,964.3861999999999,E,8,999.0,E,8,1.02,E,8,-9900,?,9,-9900,?,9,0.0,E,8,-9900,?,9,-9900,?,9,0.0,0.0,E,8
11/16/2022,21:00,0.0,1397.731,0.0,1,8,0.0,1,8,0.0,1,8,0.0,1,8,0.0,1,8,0.0,1,8,-0.0,1,8,-9900,?,9,-9900,?,9,22.31,E,8,15.61,E,8,65.0,E,8,964.3861999999999,E,8,999.0,E,8,1.02,E,8,-9900,?,9,-9900,?,9,0.0,E,8,-9900,?,9,-9900,?,9,0.0,0.0,E,8
11/16/2022,22:00,0.0,1397.731,0.0,1,8,0.0,1,8,0.0,1,8,0.0,1,8,0.0,1,8,0.0,1,8,-0.0,1,8,-9900,?,9,-9900,?,9,21.31,E,8,15.37,E,8,68.0,E,8,964.3861999999999,E,8,999.0,E,8,1.02,E,8,-9900,?,9,-9900,?,9,0.0,E,8,-9900,?,9,-9900,?,9,0.0,0.0,E,8
11/16/2022,23:00,0.0,1397.731,0.0,1,8,0.0,1,8,0.0,1,8,0.0,1,8,0.0,1,8,0.0,1,8,-0.0,1,8,-9900,?,9,-9900,?,9,20.32,E,8,15.13,E,8,72.0,E,8,964.3861999999999,E,8,999.0,E,8,1.02,E,8,-9900,?,9,-9900,?,9,0.0,E,8,-9900,?,9,-9900,?,9,0.0,0.0,E,8
11/16/2022,24:00,0.0,1397.731,0.0,1,8,0.0,1,8,0.0,1,8,0.0,1,8,0.0,1,8,0.0,1,8,-0.0,1,8,-9900,?,9,-9900,?,9,19.32,E,8,15.32,E,8,77.0,E,8,964.3861999999999,E,8,999.0,E,8,1.02,E,8,-9900,?,9,-9900,?,9,0.0,E,8,-9900,?,9,-9900,?,9,0.0,0.0,E,8
11/17/2022,01:00,0.0,1397.731,0.0,1,8,0.0,1,8,0.0,1,8,0.0,1,8,0.0,1,8,0.0,1,8,-0.0,1,8,-9900,?,9,-9900,?,9,18.82,E,8,15.19,E,8,79.0,E,8,964.3861999999999,E,8,999.0,E,8,1.02,E,8,-9900,?,9,-9900,?,9,0.0,E,8,-9900,?,9,-9900,?,9,0.0,0.0,E,8
11/17/2022,02:00,0.0,1397.731,0.0,1,8,0.0,1,8,0.0,1,8,0.0,1,8,0.0,1,8,0.0,1,8,-0.0,1,8,-9900,?,9,-9900,?,9,18.32,E,8,15.05,E,8,81.0,E,8,964.3861999999999,E,8,999.0,E,8,1.02,E,8,-9900,?,9,-9900,?,9,0.0,E,8,-9900,?,9,-9900,?,9,0.0,0.0,E,8
11/17/2022,03:00,0.0,1397.731,0.0,1,8,0.0,1,8,0.0,1,8,0.0,1,8,0.0,1,8,0.0,1,8,-0.0,1,8,-9900,?,9,-9900,?,9,17.82,E,8,14.91,E,8,83.0,E,8,964.3861999999999,E,8,999.0,E,8,1.02,E,8,-9900,?,9,-9900,?,9,0.0,E,8,-9900,?,9,-9900,?,9,0.0,0.0,E,8
11/17/2022,04:00,0.0,1398.354,0.0,1,8,0.0,1,8,0.0,1,8,0.0,1,8,0.0,1,8,0.0,1,8,-0.0,1,8,-9900,?,9,-9900,?,9,17.32,E,8,14.78,E,8,84.0,E,8,964.3861999999999,E,8,999.0,E,8,1.02,E,8,-9900,?,9,-9900,?,9,0.0,E,8,-9900,?,9,-9900,?,9,0.0,0.0,E,8
11/17/2022,05:00,0.0,1398.354,0.0,1,8,0.0,1,8,0.0,1,8,0.0,1,8,0.0,1,8,0.0,1,8,-0.0,1,8,-9900,?,9,-9900,?,9,16.88,E,8,14.65,E,8,86.0,E,8,964.3861999999999,E,8,999.0,E,8,1.02,E,8,-9900,?,9,-9900,?,9,0.0,E,8,-9900,?,9,-9900,?,9,0.0,0.0,E,8
11/17/2022,06:00,152.078,1398.354,0.0,1,8,0.0,1,8,0.0,1,8,0.0,1,8,0.0,1,8,0.0,1,8,0.0,1,8,-9900,?,9,-9900,?,9,16.55,E,8,14.56,E,8,88.0,E,8,964.3861999999999,E,8,999.0,E,8,1.02,E,8,-9900,?,9,-9900,?,9,0.0,E,8,-9900,?,9,-9900,?,9,0.0,0.0,E,8
11/17/2022,07:00,469.386,1398.354,105.85,1,8,0.0,1,8,105.85,1,8,12702.0,1,8,0.0,1,8,11643.5,1,8,100.605,1,8,-9900,?,9,-9900,?,9,16.22,E,8,14.47,E,8,89.0,E,8,964.3861999999999,E,8,999.0,E,8,1.02,E,8,-9900,?,9,-9900,?,9,0.0,E,8,-9900,?,9,-9900,?,9,0.0,0.0,E,8
11/17/2022,08:00,767.683,1398.354,300.98,1,8,85.357,1,8,254.152,1,8,36117.6,1,8,8108.899,1,8,27956.688,1,8,147.46,1,8,-9900,?,9,-9900,?,9,20.28,E,8,15.58,E,8,74.0,E,8,964.3861999999999,E,8,999.0,E,8,1.02,E,8,-9900,?,9,-9900,?,9,0.0,E,8,-9900,?,9,-9900,?,9,0.0,0.0,E,8
11/17/2022,09:00,1025.191,1398.354,488.46,1,8,132.558,1,8,391.301,1,8,58615.2,1,8,12593.017,1,8,43043.081,1,8,169.935,1,8,-9900,?,9,-9900,?,9,22.17,E,8,16.07,E,8,68.0,E,8,964.3861999999999,E,8,999.0,E,8,1.02,E,8,-9900,?,9,-9900,?,9,0.0,E,8,-9900,?,9,-9900,?,9,0.0,0.0,E,8
11/17/2022,10:00,1224.182,1398.354,645.06,1,8,282.383,1,8,397.871,1,8,77407.2,1,8,26826.39,1,8,43765.828,1,8,144.678,1,8,-9900,?,9,-9900,?,9,23.89,E,8,16.5,E,8,63.0,E,8,964.3861999999999,E,8,999.0,E,8,1.02,E,8,-9900,?,9,-9900,?,9,0.0,E,8,-9900,?,9,-9900,?,9,0.0,0.0,E,8
11/17/2022,11:00,1351.056,1398.354,757.57,1,8,164.115,1,8,599.009,1,8,90908.4,1,8,15590.937,1,8,65891.005,1,8,197.35,1,8,-9900,?,9,-9900,?,9,25.38,E,8,16.87,E,8,59.0,E,8,964.3861999999999,E,8,999.0,E,8,1.02,E,8,-9900,?,9,-9900,?,9,0.0,E,8,-9900,?,9,-9900,?,9,0.0,0.0,E,8
11/17/2022,12:00,1397.163,1398.354,817.46,1,8,339.141,1,8,478.608,1,8,98095.2,1,8,32218.362,1,8,52646.908,1,8,152.476,1,8,-9900,?,9,-9900,?,9,26.57,E,8,17.16,E,8,56.0,E,8,964.3861999999999,E,8,999.0,E,8,1.02,E,8,-9900,?,9,-9900,?,9,0.0,E,8,-9900,?,9,-9900,?,9,0.0,0.0,E,8
11/17/2022,13:00,1359.371,1398.354,820.35,1,8,381.189,1,8,449.794,1,8,98442.0,1,8,36212.912,1,8,49477.391,1,8,147.282,1,8,-9900,?,9,-9900,?,9,27.42,E,8,17.36,E,8,54.0,E,8,964.3861999999999,E,8,999.0,E,8,1.02,E,8,-9900,?,9,-9900,?,9,0.0,E,8,-9900,?,9,-9900,?,9,0.0,0.0,E,8
11/17/2022,14:00,1240.275,1398.354,766.02,1,8,439.585,1,8,376.16,1,8,91922.4,1,8,41760.54,1,8,41377.578,1,8,135.007,1,8,-9900,?,9,-9900,?,9,27.93,E,8,17.48,E,8,53.0,E,8,964.3861999999999,E,8,999.0,E,8,1.02,E,8,-9900,?,9,-9900,?,9,0.0,E,8,-9900,?,9,-9900,?,9,0.0,0.0,E,8
11/17/2022,15:00,1048.025,1398.354,658.46,1,8,521.809,1,8,267.469,1,8,79015.2,1,8,49571.88,1,8,29421.577,1,8,113.624,1,8,-9900,?,9,-9900,?,9,28.09,E,8,17.52,E,8,52.0,E,8,964.3861999999999,E,8,999.0,E,8,1.02,E,8,-9900,?,9,-9900,?,9,0.0,E,8,-9900,?,9,-9900,?,9,0.0,0.0,E,8
11/17/2022,16:00,795.784,1398.354,505.85,1,8,640.195,1,8,141.747,1,8,60702.0,1,8,60818.5,1,8,15592.147,1,8,79.332,1,8,-9900,?,9,-9900,?,9,27.78,E,8,17.45,E,8,53.0,E,8,964.3861999999999,E,8,999.0,E,8,1.02,E,8,-9900,?,9,-9900,?,9,0.0,E,8,-9900,?,9,-9900,?,9,0.0,0.0,E,8
11/17/2022,17:00,500.917,1398.354,320.81,1,8,540.499,1,8,127.575,1,8,38497.2,1,8,51347.358,1,8,14033.23,1,8,113.586,1,8,-9900,?,9,-9900,?,9,26.96,E,8,17.25,E,8,55.0,E,8,964.3861999999999,E,8,999.0,E,8,1.02,E,8,-9900,?,9,-9900,?,9,0.0,E,8,-9900,?,9,-9900,?,9,0.0,0.0,E,8
11/17/2022,18:00,184.629,1398.354,124.77,1,8,301.735,1,8,85.538,1,8,14972.4,1,8,28664.866,1,8,9409.155,1,8,209.407,1,8,-9900,?,9,-9900,?,9,25.73,E,8,16.96,E,8,58.0,E,8,964.3861999999999,E,8,999.0,E,8,1.02,E,8,-9900,?,9,-9900,?,9,0.0,E,8,-9900,?,9,-9900,?,9,0.0,0.0,E,8
11/17/2022,19:00,0.0,1398.354,0.38,1,8,0.0,1,8,0.0,1,8,45.6,1,8,0.0,1,8,0.0,1,8,-0.0,1,8,-9900,?,9,-9900,?,9,24.68,E,8,16.7,E,8,61.0,E,8,964.3861999999999,E,8,999.0,E,8,1.02,E,8,-9900,?,9,-9900,?,9,0.0,E,8,-9900,?,9,-9900,?,9,0.0,0.0,E,8
11/17/2022,20:00,0.0,1398.354,0.0,1,8,0.0,1,8,0.0,1,8,0.0,1,8,0.0,1,8,0.0,1,8,-0.0,1,8,-9900,?,9,-9900,?,9,23.63,E,8,16.44,E,8,64.0,E,8,964.3861999999999,E,8,999.0,E,8,1.02,E,8,-9900,?,9,-9900,?,9,0.0,E,8,-9900,?,9,-9900,?,9,0.0,0.0,E,8
11/17/2022,21:00,0.0,1398.354,0.0,1,8,0.0,1,8,0.0,1,8,0.0,1,8,0.0,1,8,0.0,1,8,-0.0,1,8,-9900,?,9,-9900,?,9,22.58,E,8,16.17,E,8,67.0,E,8,964.3861999999999,E,8,999.0,E,8,1.02,E,8,-9900,?,9,-9900,?,9,0.0,E,8,-9900,?,9,-9900,?,9,0.0,0.0,E,8
11/17/2022,22:00,0.0,1398.354,0.0,1,8,0.0,1,8,0.0,1,8,0.0,1,8,0.0,1,8,0.0,1,8,-0.0,1,8,-9900,?,9,-9900,?,9,21.53,E,8,15.9,E,8,70.0,E,8,964.3861999999999,E,8,999.0,E,8,1.02,E,8,-9900,?,9,-9900,?,9,0.0,E,8,-9900,?,9,-9900,?,9,0.0,0.0,E,8
11/17/2022,23:00,0.0,1398.354,0.0,1,8,0.0,1,8,0.0,1,8,0.0,1,8,0.0,1,8,0.0,1,8,-0.0,1,8,-9900,?,9,-9900,?,9,20.48,E,8,15.63,E,8,73.0,E,8,964.3861999999999,E,8,999.0,E,8,1.02,E,8,-9900,?,9,-9900,?,9,0.0,E,8,-9900,?,9,-9900,?,9,0.0,0.0,E,8
11/17/2022,24:00,0.0,1398.354,0.0,1,8,0.0,1,8,0.0,1,8,0.0,1,8,0.0,1,8,0.0,1,8,-0.0,1,8,-9900,?,9,-9900,?,9,19.43,E,8,14.57,E,8,73.0,E,8,964.3861999999999,E,8,999.0,E,8,0.47,E,8,-9900,?,9,-9900,?,9,0.0,E,8,-9900,?,9,-9900,?,9,0.0,0.0,E,8
11/18/2022,01:00,0.0,1398.354,0.0,1,8,0.0,1,8,0.0,1,8,0.0,1,8,0.0,1,8,0.0,1,8,-0.0,1,8,-9900,?,9,-9900,?,9,18.9,E,8,14.54,E,8,75.0,E,8,964.3861999999999,E,8,999.0,E,8,0.47,E,8,-9900,?,9,-9900,?,9,0.0,E,8,-9900,?,9,-9900,?,9,0.0,0.0,E,8
11/18/2022,02:00,0.0,1398.354,0.0,1,8,0.0,1,8,0.0,1,8,0.0,1,8,0.0,1,8,0.0,1,8,-0.0,1,8,-9900,?,9,-9900,?,9,18.38,E,8,14.52,E,8,78.0,E,8,964.3861999999999,E,8,999.0,E,8,0.47,E,8,-9900,?,9,-9900,?,9,0.0,E,8,-9900,?,9,-9900,?,9,0.0,0.0,E,8
11/18/2022,03:00,0.0,1398.354,0.0,1,8,0.0,1,8,0.0,1,8,0.0,1,8,0.0,1,8,0.0,1,8,-0.0,1,8,-9900,?,9,-9900,?,9,17.85,E,8,14.5,E,8,80.0,E,8,964.3861999999999,E,8,999.0,E,8,0.47,E,8,-9900,?,9,-9900,?,9,0.0,E,8,-9900,?,9,-9900,?,9,0.0,0.0,E,8
11/18/2022,04:00,0.0,1398.967,0.0,1,8,0.0,1,8,0.0,1,8,0.0,1,8,0.0,1,8,0.0,1,8,-0.0,1,8,-9900,?,9,-9900,?,9,17.33,E,8,14.47,E,8,83.0,E,8,964.3861999999999,E,8,999.0,E,8,0.47,E,8,-9900,?,9,-9900,?,9,0.0,E,8,-9900,?,9,-9900,?,9,0.0,0.0,E,8
11/18/2022,05:00,0.0,1398.967,0.0,1,8,0.0,1,8,0.0,1,8,0.0,1,8,0.0,1,8,0.0,1,8,-0.0,1,8,-9900,?,9,-9900,?,9,16.86,E,8,14.45,E,8,85.0,E,8,964.3861999999999,E,8,999.0,E,8,0.47,E,8,-9900,?,9,-9900,?,9,0.0,E,8,-9900,?,9,-9900,?,9,0.0,0.0,E,8
11/18/2022,06:00,153.107,1398.967,0.0,1,8,0.0,1,8,0.0,1,8,0.0,1,8,0.0,1,8,0.0,1,8,0.0,1,8,-9900,?,9,-9900,?,9,16.52,E,8,14.44,E,8,87.0,E,8,964.3861999999999,E,8,999.0,E,8,0.47,E,8,-9900,?,9,-9900,?,9,0.0,E,8,-9900,?,9,-9900,?,9,0.0,0.0,E,8
11/18/2022,07:00,470.132,1398.967,108.67,1,8,0.0,1,8,108.67,1,8,13040.4,1,8,0.0,1,8,11953.7,1,8,103.166,1,8,-9900,?,9,-9900,?,9,16.17,E,8,14.42,E,8,89.0,E,8,964.3861999999999,E,8,999.0,E,8,0.47,E,8,-9900,?,9,-9900,?,9,0.0,E,8,-9900,?,9,-9900,?,9,0.0,0.0,E,8
11/18/2022,08:00,768.225,1398.967,360.36,1,8,176.511,1,8,263.497,1,8,43243.2,1,8,16768.512,1,8,28984.694,1,8,152.841,1,8,-9900,?,9,-9900,?,9,20.36,E,8,14.61,E,8,69.0,E,8,964.3861999999999,E,8,999.0,E,8,0.47,E,8,-9900,?,9,-9900,?,9,0.0,E,8,-9900,?,9,-9900,?,9,0.0,0.0,E,8
11/18/2022,09:00,1025.634,1398.967,462.93,1,8,106.876,1,8,384.595,1,8,55551.6,1,8,10153.195,1,8,42305.481,1,8,167.024,1,8,-9900,?,9,-9900,?,9,21.72,E,8,14.67,E,8,64.0,E,8,964.3861999999999,E,8,999.0,E,8,0.47,E,8,-9900,?,9,-9900,?,9,0.0,E,8,-9900,?,9,-9900,?,9,0.0,0.0,E,8
11/18/2022,10:00,1224.64,1398.967,655.79,1,8,265.559,1,8,423.344,1,8,78694.8,1,8,25228.069,1,8,46567.81,1,8,153.95,1,8,-9900,?,9,-9900,?,9,23.26,E,8,14.74,E,8,58.0,E,8,964.3861999999999,E,8,999.0,E,8,0.47,E,8,-9900,?,9,-9900,?,9,0.0,E,8,-9900,?,9,-9900,?,9,0.0,0.0,E,8
11/18/2022,11:00,1351.642,1398.967,933.46,1,8,498.24,1,8,452.085,1,8,112015.2,1,8,47332.782,1,8,49729.337,1,8,148.945,1,8,-9900,?,9,-9900,?,9,25.18,E,8,14.82,E,8,52.0,E,8,964.3861999999999,E,8,999.0,E,8,0.47,E,8,-9900,?,9,-9900,?,9,0.0,E,8,-9900,?,9,-9900,?,9,0.0,0.0,E,8
11/18/2022,12:00,1397.981,1398.967,997.81,1,8,530.596,1,8,467.589,1,8,119737.2,1,8,50406.578,1,8,51434.758,1,8,148.943,1,8,-9900,?,9,-9900,?,9,26.65,E,8,14.88,E,8,48.0,E,8,964.3861999999999,E,8,999.0,E,8,0.47,E,8,-9900,?,9,-9900,?,9,0.0,E,8,-9900,?,9,-9900,?,9,0.0,0.0,E,8
11/18/2022,13:00,1360.508,1398.967,763.78,1,8,349.612,1,8,423.784,1,8,91653.6,1,8,33213.187,1,8,46616.28,1,8,138.71,1,8,-9900,?,9,-9900,?,9,27.1,E,8,14.9,E,8,47.0,E,8,964.3861999999999,E,8,999.0,E,8,0.55,E,8,-9900,?,9,-9900,?,9,0.0,E,8,-9900,?,9,-9900,?,9,0.0,0.0,E,8
11/18/2022,14:00,1241.799,1398.967,789.07,1,8,434.966,1,8,403.001,1,8,94688.4,1,8,41321.788,1,8,44330.126,1,8,144.526,1,8,-9900,?,9,-9900,?,9,27.5,E,8,14.92,E,8,46.0,E,8,964.3861999999999,E,8,999.0,E,8,0.86,E,8,-9900,?,9,-9900,?,9,0.0,E,8,-9900,?,9,-9900,?,9,0.0,0.0,E,8
11/18/2022,15:00,1049.973,1398.967,523.59,1,8,175.72,1,8,391.736,1,8,62830.8,1,8,16693.359,1,8,43091.006,1,8,166.178,1,8,-9900,?,9,-9900,?,9,27.13,E,8,14.9,E,8,47.0,E,8,964.3861999999999,E,8,999.0,E,8,1.68,E,8,-9900,?,9,-9900,?,9,0.0,E,8,-9900,?,9,-9900,?,9,0.0,0.0,E,8
11/18/2022,16:00,798.166,1398.967,427.2,1,8,281.504,1,8,266.689,1,8,51264.0,1,8,26742.848,1,8,29335.741,1,8,148.879,1,8,-9900,?,9,-9900,?,9,26.54,E,8,14.88,E,8,48.0,E,8,964.3861999999999,E,8,999.0,E,8,2.36,E,8,-9900,?,9,-9900,?,9,0.0,E,8,-9900,?,9,-9900,?,9,0.0,0.0,E,8
11/18/2022,17:00,503.71,1398.967,290.03,1,8,408.98,1,8,143.06,1,8,34803.6,1,8,38853.06,1,8,15736.645,1,8,126.72,1,8,-9900,?,9,-9900,?,9,25.67,E,8,14.84,E,8,51.0,E,8,964.3861999999999,E,8,999.0,E,8,3.03,E,8,-9900,?,9,-9900,?,9,0.0,E,8,-9900,?,9,-9900,?,9,0.0,0.0,E,8
11/18/2022,18:00,187.753,1398.967,133.87,1,8,356.107,1,8,86.783,1,8,16064.4,1,8,33830.138,1,8,9546.147,1,8,208.913,1,8,-9900,?,9,-9900,?,9,24.56,E,8,14.79,E,8,54.0,E,8,964.3861999999999,E,8,999.0,E,8,2.13,E,8,-9900,?,9,-9900,?,9,0.0,E,8,-9900,?,9,-9900,?,9,0.0,0.0,E,8
11/18/2022,19:00,0.0,1398.967,0.52,1,8,0.0,1,8,0.0,1,8,62.4,1,8,0.0,1,8,0.0,1,8,-0.0,1,8,-9900,?,9,-9900,?,9,23.57,E,8,14.75,E,8,57.0,E,8,964.3861999999999,E,8,999.0,E,8,1.67,E,8,-9900,?,9,-9900,?,9,0.0,E,8,-9900,?,9,-9900,?,9,0.0,0.0,E,8
11/18/2022,20:00,0.0,1398.967,0.0,1,8,0.0,1,8,0.0,1,8,0.0,1,8,0.0,1,8,0.0,1,8,-0.0,1,8,-9900,?,9,-9900,?,9,22.59,E,8,14.71,E,8,61.0,E,8,964.3861999999999,E,8,999.0,E,8,1.35,E,8,-9900,?,9,-9900,?,9,0.0,E,8,-9900,?,9,-9900,?,9,0.0,0.0,E,8
11/18/2022,21:00,0.0,1398.967,0.0,1,8,0.0,1,8,0.0,1,8,0.0,1,8,0.0,1,8,0.0,1,8,-0.0,1,8,-9900,?,9,-9900,?,9,21.6,E,8,14.66,E,8,64.0,E,8,964.3861999999999,E,8,999.0,E,8,1.24,E,8,-9900,?,9,-9900,?,9,0.0,E,8,-9900,?,9,-9900,?,9,0.0,0.0,E,8
11/18/2022,22:00,0.0,1398.967,0.0,1,8,0.0,1,8,0.0,1,8,0.0,1,8,0.0,1,8,0.0,1,8,-0.0,1,8,-9900,?,9,-9900,?,9,20.62,E,8,14.62,E,8,68.0,E,8,964.3861999999999,E,8,999.0,E,8,1.92,E,8,-9900,?,9,-9900,?,9,0.0,E,8,-9900,?,9,-9900,?,9,0.0,0.0,E,8
11/18/2022,23:00,0.0,1398.967,0.0,1,8,0.0,1,8,0.0,1,8,0.0,1,8,0.0,1,8,0.0,1,8,-0.0,1,8,-9900,?,9,-9900,?,9,19.63,E,8,14.58,E,8,72.0,E,8,964.3861999999999,E,8,999.0,E,8,1.54,E,8,-9900,?,9,-9900,?,9,0.0,E,8,-9900,?,9,-9900,?,9,0.0,0.0,E,8
11/18/2022,24:00,0.0,1398.967,0.0,1,8,0.0,1,8,0.0,1,8,0.0,1,8,0.0,1,8,0.0,1,8,-0.0,1,8,-9900,?,9,-9900,?,9,18.64,E,8,14.41,E,8,76.0,E,8,964.3861999999999,E,8,999.0,E,8,2.51,E,8,-9900,?,9,-9900,?,9,0.0,E,8,-9900,?,9,-9900,?,9,0.0,0.0,E,8
11/19/2022,01:00,0.0,1398.967,0.0,1,8,0.0,1,8,0.0,1,8,0.0,1,8,0.0,1,8,0.0,1,8,-0.0,1,8,-9900,?,9,-9900,?,9,18.15,E,8,14.41,E,8,78.0,E,8,964.3861999999999,E,8,999.0,E,8,2.1,E,8,-9900,?,9,-9900,?,9,0.0,E,8,-9900,?,9,-9900,?,9,0.0,0.0,E,8
11/19/2022,02:00,0.0,1398.967,0.0,1,8,0.0,1,8,0.0,1,8,0.0,1,8,0.0,1,8,0.0,1,8,-0.0,1,8,-9900,?,9,-9900,?,9,17.66,E,8,14.4,E,8,81.0,E,8,964.3861999999999,E,8,999.0,E,8,2.98,E,8,-9900,?,9,-9900,?,9,0.0,E,8,-9900,?,9,-9900,?,9,0.0,0.0,E,8
11/19/2022,03:00,0.0,1398.967,0.0,1,8,0.0,1,8,0.0,1,8,0.0,1,8,0.0,1,8,0.0,1,8,-0.0,1,8,-9900,?,9,-9900,?,9,17.16,E,8,14.4,E,8,83.0,E,8,964.3861999999999,E,8,999.0,E,8,2.82,E,8,-9900,?,9,-9900,?,9,0.0,E,8,-9900,?,9,-9900,?,9,0.0,0.0,E,8
11/19/2022,04:00,0.0,1399.571,0.0,1,8,0.0,1,8,0.0,1,8,0.0,1,8,0.0,1,8,0.0,1,8,-0.0,1,8,-9900,?,9,-9900,?,9,16.67,E,8,14.39,E,8,86.0,E,8,964.3861999999999,E,8,999.0,E,8,3.0,E,8,-9900,?,9,-9900,?,9,0.0,E,8,-9900,?,9,-9900,?,9,0.0,0.0,E,8
11/19/2022,05:00,0.0,1399.571,0.0,1,8,0.0,1,8,0.0,1,8,0.0,1,8,0.0,1,8,0.0,1,8,-0.0,1,8,-9900,?,9,-9900,?,9,16.23,E,8,14.39,E,8,88.0,E,8,964.3861999999999,E,8,999.0,E,8,3.07,E,8,-9900,?,9,-9900,?,9,0.0,E,8,-9900,?,9,-9900,?,9,0.0,0.0,E,8
11/19/2022,06:00,154.015,1399.571,0.0,1,8,0.0,1,8,0.0,1,8,0.0,1,8,0.0,1,8,0.0,1,8,0.0,1,8,-9900,?,9,-9900,?,9,15.91,E,8,14.38,E,8,90.0,E,8,964.3861999999999,E,8,999.0,E,8,3.67,E,8,-9900,?,9,-9900,?,9,0.0,E,8,-9900,?,9,-9900,?,9,0.0,0.0,E,8
11/19/2022,07:00,470.76,1399.571,85.51,1,8,0.0,1,8,85.51,1,8,10261.2,1,8,0.0,1,8,9406.1,1,8,81.105,1,8,-9900,?,9,-9900,?,9,15.58,E,8,14.38,E,8,92.0,E,8,964.3861999999999,E,8,999.0,E,8,3.75,E,8,-9900,?,9,-9900,?,9,0.0,E,8,-9900,?,9,-9900,?,9,0.0,0.0,E,8
11/19/2022,08:00,768.657,1399.571,241.76,1,8,22.778,1,8,229.259,1,8,29011.2,1,8,2163.905,1,8,25218.449,1,8,132.964,1,8,-9900,?,9,-9900,?,9,19.37,E,8,14.42,E,8,73.0,E,8,964.3861999999999,E,8,999.0,E,8,4.53,E,8,-9900,?,9,-9900,?,9,0.0,E,8,-9900,?,9,-9900,?,9,0.0,0.0,E,8
11/19/2022,09:00,1025.982,1399.571,391.9,1,8,77.121,1,8,335.38,1,8,47028.0,1,8,7326.46,1,8,36891.754,1,8,145.664,1,8,-9900,?,9,-9900,?,9,21.14,E,8,14.44,E,8,65.0,E,8,964.3861999999999,E,8,999.0,E,8,5.52,E,8,-9900,?,9,-9900,?,9,0.0,E,8,-9900,?,9,-9900,?,9,0.0,0.0,E,8
11/19/2022,10:00,1225.02,1399.571,517.39,1,8,116.332,1,8,415.575,1,8,62086.8,1,8,11051.575,1,8,45713.302,1,8,151.144,1,8,-9900,?,9,-9900,?,9,22.75,E,8,14.46,E,8,59.0,E,8,964.3861999999999,E,8,999.0,E,8,4.83,E,8,-9900,?,9,-9900,?,9,0.0,E,8,-9900,?,9,-9900,?,9,0.0,0.0,E,8
11/19/2022,11:00,1352.168,1399.571,607.68,1,8,67.379,1,8,542.585,1,8,72921.6,1,8,6400.995,1,8,59684.301,1,8,178.768,1,8,-9900,?,9,-9900,?,9,24.13,E,8,14.47,E,8,54.0,E,8,964.3861999999999,E,8,999.0,E,8,4.09,E,8,-9900,?,9,-9900,?,9,0.0,E,8,-9900,?,9,-9900,?,9,0.0,0.0,E,8
11/19/2022,12:00,1398.758,1399.571,655.9,1,8,77.619,1,8,578.326,1,8,78708.0,1,8,7373.833,1,8,63615.839,1,8,184.194,1,8,-9900,?,9,-9900,?,9,25.24,E,8,14.48,E,8,51.0,E,8,964.3861999999999,E,8,999.0,E,8,3.98,E,8,-9900,?,9,-9900,?,9,0.0,E,8,-9900,?,9,-9900,?,9,0.0,0.0,E,8
11/19/2022,13:00,1361.624,1399.571,658.53,1,8,90.172,1,8,570.804,1,8,79023.6,1,8,8566.321,1,8,62788.494,1,8,186.759,1,8,-9900,?,9,-9900,?,9,26.04,E,8,14.49,E,8,48.0,E,8,964.3861999999999,E,8,999.0,E,8,3.94,E,8,-9900,?,9,-9900,?,9,0.0,E,8,-9900,?,9,-9900,?,9,0.0,0.0,E,8
11/19/2022,14:00,1243.317,1399.571,615.38,1,8,217.624,1,8,422.068,1,8,73845.6,1,8,20674.284,1,8,46427.437,1,8,151.244,1,8,-9900,?,9,-9900,?,9,26.51,E,8,14.5,E,8,47.0,E,8,964.3861999999999,E,8,999.0,E,8,4.66,E,8,-9900,?,9,-9900,?,9,0.0,E,8,-9900,?,9,-9900,?,9,0.0,0.0,E,8
11/19/2022,15:00,1051.93,1399.571,529.61,1,8,172.51,1,8,399.979,1,8,63553.2,1,8,16388.473,1,8,43997.701,1,8,169.431,1,8,-9900,?,9,-9900,?,9,26.66,E,8,14.5,E,8,47.0,E,8,964.3861999999999,E,8,999.0,E,8,4.1,E,8,-9900,?,9,-9900,?,9,0.0,E,8,-9900,?,9,-9900,?,9,0.0,0.0,E,8
11/19/2022,16:00,800.566,1399.571,407.73,1,8,217.018,1,8,283.669,1,8,48927.6,1,8,20616.709,1,8,31203.555,1,8,157.95,1,8,-9900,?,9,-9900,?,9,26.38,E,8,14.5,E,8,47.0,E,8,964.3861999999999,E,8,999.0,E,8,4.29,E,8,-9900,?,9,-9900,?,9,0.0,E,8,-9900,?,9,-9900,?,9,0.0,0.0,E,8
11/19/2022,17:00,506.526,1399.571,259.8,1,8,319.209,1,8,144.496,1,8,31176.0,1,8,30324.862,1,8,15894.549,1,8,127.332,1,8,-9900,?,9,-9900,?,9,25.63,E,8,14.49,E,8,50.0,E,8,964.3861999999999,E,8,999.0,E,8,3.72,E,8,-9900,?,9,-9900,?,9,0.0,E,8,-9900,?,9,-9900,?,9,0.0,0.0,E,8
11/19/2022,18:00,190.901,1399.571,102.76,1,8,334.473,1,8,57.791,1,8,12331.2,1,8,31774.964,1,8,6357.016,1,8,136.823,1,8,-9900,?,9,-9900,?,9,24.48,E,8,14.47,E,8,53.0,E,8,964.3861999999999,E,8,999.0,E,8,2.44,E,8,-9900,?,9,-9900,?,9,0.0,E,8,-9900,?,9,-9900,?,9,0.0,0.0,E,8
11/19/2022,19:00,0.0,1399.571,0.5,1,8,0.0,1,8,0.0,1,8,60.0,1,8,0.0,1,8,0.0,1,8,-0.0,1,8,-9900,?,9,-9900,?,9,23.77,E,8,14.47,E,8,55.0,E,8,964.3861999999999,E,8,999.0,E,8,1.98,E,8,-9900,?,9,-9900,?,9,0.0,E,8,-9900,?,9,-9900,?,9,0.0,0.0,E,8
11/19/2022,20:00,0.0,1399.571,0.0,1,8,0.0,1,8,0.0,1,8,0.0,1,8,0.0,1,8,0.0,1,8,-0.0,1,8,-9900,?,9,-9900,?,9,23.06,E,8,14.46,E,8,58.0,E,8,964.3861999999999,E,8,999.0,E,8,1.09,E,8,-9900,?,9,-9900,?,9,0.0,E,8,-9900,?,9,-9900,?,9,0.0,0.0,E,8
11/19/2022,21:00,0.0,1399.571,0.0,1,8,0.0,1,8,0.0,1,8,0.0,1,8,0.0,1,8,0.0,1,8,-0.0,1,8,-9900,?,9,-9900,?,9,22.35,E,8,14.45,E,8,60.0,E,8,964.3861999999999,E,8,999.0,E,8,0.81,E,8,-9900,?,9,-9900,?,9,0.0,E,8,-9900,?,9,-9900,?,9,0.0,0.0,E,8
11/19/2022,22:00,0.0,1399.571,0.0,1,8,0.0,1,8,0.0,1,8,0.0,1,8,0.0,1,8,0.0,1,8,-0.0,1,8,-9900,?,9,-9900,?,9,21.64,E,8,14.44,E,8,63.0,E,8,964.3861999999999,E,8,999.0,E,8,0.81,E,8,-9900,?,9,-9900,?,9,0.0,E,8,-9900,?,9,-9900,?,9,0.0,0.0,E,8
11/19/2022,23:00,0.0,1399.571,0.0,1,8,0.0,1,8,0.0,1,8,0.0,1,8,0.0,1,8,0.0,1,8,-0.0,1,8,-9900,?,9,-9900,?,9,20.93,E,8,14.44,E,8,66.0,E,8,964.3861999999999,E,8,999.0,E,8,0.81,E,8,-9900,?,9,-9900,?,9,0.0,E,8,-9900,?,9,-9900,?,9,0.0,0.0,E,8
11/19/2022,24:00,0.0,1399.571,0.0,1,8,0.0,1,8,0.0,1,8,0.0,1,8,0.0,1,8,0.0,1,8,-0.0,1,8,-9900,?,9,-9900,?,9,20.22,E,8,17.63,E,8,85.0,E,8,964.3861999999999,E,8,999.0,E,8,0.72,E,8,-9900,?,9,-9900,?,9,0.0,E,8,-9900,?,9,-9900,?,9,0.0,0.0,E,8
11/20/2022,01:00,0.0,1399.571,0.0,1,8,0.0,1,8,0.0,1,8,0.0,1,8,0.0,1,8,0.0,1,8,-0.0,1,8,-9900,?,9,-9900,?,9,19.86,E,8,17.5,E,8,86.0,E,8,964.3861999999999,E,8,999.0,E,8,0.72,E,8,-9900,?,9,-9900,?,9,0.0,E,8,-9900,?,9,-9900,?,9,0.0,0.0,E,8
11/20/2022,02:00,0.0,1399.571,0.0,1,8,0.0,1,8,0.0,1,8,0.0,1,8,0.0,1,8,0.0,1,8,-0.0,1,8,-9900,?,9,-9900,?,9,19.51,E,8,17.38,E,8,87.0,E,8,964.3861999999999,E,8,999.0,E,8,0.72,E,8,-9900,?,9,-9900,?,9,0.0,E,8,-9900,?,9,-9900,?,9,0.0,0.0,E,8
11/20/2022,03:00,0.0,1399.571,0.0,1,8,0.0,1,8,0.0,1,8,0.0,1,8,0.0,1,8,0.0,1,8,-0.0,1,8,-9900,?,9,-9900,?,9,19.15,E,8,17.26,E,8,88.0,E,8,964.3861999999999,E,8,999.0,E,8,0.72,E,8,-9900,?,9,-9900,?,9,0.0,E,8,-9900,?,9,-9900,?,9,0.0,0.0,E,8
11/20/2022,04:00,0.0,1400.165,0.0,1,8,0.0,1,8,0.0,1,8,0.0,1,8,0.0,1,8,0.0,1,8,-0.0,1,8,-9900,?,9,-9900,?,9,18.8,E,8,17.13,E,8,90.0,E,8,964.3861999999999,E,8,999.0,E,8,0.72,E,8,-9900,?,9,-9900,?,9,0.0,E,8,-9900,?,9,-9900,?,9,0.0,0.0,E,8
11/20/2022,05:00,0.0,1400.165,0.0,1,8,0.0,1,8,0.0,1,8,0.0,1,8,0.0,1,8,0.0,1,8,-0.0,1,8,-9900,?,9,-9900,?,9,18.48,E,8,17.02,E,8,91.0,E,8,964.3861999999999,E,8,999.0,E,8,0.72,E,8,-9900,?,9,-9900,?,9,0.0,E,8,-9900,?,9,-9900,?,9,0.0,0.0,E,8
11/20/2022,06:00,154.801,1400.165,0.0,1,8,0.0,1,8,0.0,1,8,0.0,1,8,0.0,1,8,0.0,1,8,0.0,1,8,-9900,?,9,-9900,?,9,18.25,E,8,16.94,E,8,92.0,E,8,964.3861999999999,E,8,999.0,E,8,0.72,E,8,-9900,?,9,-9900,?,9,0.0,E,8,-9900,?,9,-9900,?,9,0.0,0.0,E,8
11/20/2022,07:00,471.269,1400.165,52.22,1,8,0.0,1,8,52.22,1,8,6266.4,1,8,0.0,1,8,5744.2,1,8,49.497,1,8,-9900,?,9,-9900,?,9,18.01,E,8,16.85,E,8,92.0,E,8,964.3861999999999,E,8,999.0,E,8,0.72,E,8,-9900,?,9,-9900,?,9,0.0,E,8,-9900,?,9,-9900,?,9,0.0,0.0,E,8
11/20/2022,08:00,768.981,1400.165,147.28,1,8,0.0,1,8,147.28,1,8,17673.6,1,8,0.0,1,8,16200.8,1,8,85.419,1,8,-9900,?,9,-9900,?,9,20.7,E,8,17.79,E,8,83.0,E,8,964.3861999999999,E,8,999.0,E,8,0.72,E,8,-9900,?,9,-9900,?,9,0.0,E,8,-9900,?,9,-9900,?,9,0.0,0.0,E,8
11/20/2022,09:00,1026.235,1400.165,238.65,1,8,5.626,1,8,234.527,1,8,28638.0,1,8,534.503,1,8,25798.001,1,8,101.879,1,8,-9900,?,9,-9900,?,9,21.95,E,8,18.21,E,8,79.0,E,8,964.3861999999999,E,8,999.0,E,8,0.72,E,8,-9900,?,9,-9900,?,9,0.0,E,8,-9900,?,9,-9900,?,9,0.0,0.0,E,8
11/20/2022,10:00,1225.322,1400.165,315.05,1,8,14.277,1,8,302.557,1,8,37806.0,1,8,1356.325,1,8,33281.253,1,8,110.059,1,8,-9900,?,9,-9900,?,9,23.09,E,8,18.59,E,8,75.0,E,8,964.3861999999999,E,8,999.0,E,8,0.72,E,8,-9900,?,9,-9900,?,9,0.0,E,8,-9900,?,9,-9900,?,9,0.0,0.0,E,8
11/20/2022,11:00,1352.636,1400.165,370.06,1,8,22.918,1,8,347.92,1,8,44407.2,1,8,2177.253,1,8,38271.199,1,8,114.64,1,8,-9900,?,9,-9900,?,9,24.07,E,8,18.91,E,8,72.0,E,8,964.3861999999999,E,8,999.0,E,8,0.8,E,8,-9900,?,9,-9900,?,9,0.0,E,8,-9900,?,9,-9900,?,9,0.0,0.0,E,8
11/20/2022,12:00,1399.496,1400.165,399.49,1,8,25.02,1,8,374.482,1,8,47938.8,1,8,2376.902,1,8,41193.013,1,8,119.258,1,8,-9900,?,9,-9900,?,9,24.86,E,8,19.16,E,8,70.0,E,8,964.3861999999999,E,8,999.0,E,8,1.43,E,8,-9900,?,9,-9900,?,9,0.0,E,8,-9900,?,9,-9900,?,9,0.0,0.0,E,8
11/20/2022,13:00,1362.719,1400.165,401.2,1,8,26.616,1,8,375.296,1,8,48144.0,1,8,2528.556,1,8,41282.545,1,8,122.745,1,8,-9900,?,9,-9900,?,9,25.42,E,8,19.33,E,8,69.0,E,8,964.3861999999999,E,8,999.0,E,8,1.78,E,8,-9900,?,9,-9900,?,9,0.0,E,8,-9900,?,9,-9900,?,9,0.0,0.0,E,8
11/20/2022,14:00,1244.831,1400.165,375.05,1,8,28.386,1,8,349.815,1,8,45006.0,1,8,2696.68,1,8,38479.651,1,8,125.254,1,8,-9900,?,9,-9900,?,9,25.76,E,8,19.44,E,8,68.0,E,8,964.3861999999999,E,8,999.0,E,8,2.41,E,8,-9900,?,9,-9900,?,9,0.0,E,8,-9900,?,9,-9900,?,9,0.0,0.0,E,8
11/20/2022,15:00,1053.896,1400.165,322.98,1,8,13.768,1,8,312.619,1,8,38757.6,1,8,1307.94,1,8,34388.134,1,8,132.235,1,8,-9900,?,9,-9900,?,9,25.87,E,8,19.47,E,8,67.0,E,8,964.3861999999999,E,8,999.0,E,8,1.89,E,8,-9900,?,9,-9900,?,9,0.0,E,8,-9900,?,9,-9900,?,9,0.0,0.0,E,8
11/20/2022,16:00,802.984,1400.165,248.92,1,8,12.702,1,8,241.64,1,8,29870.4,1,8,1206.663,1,8,26580.401,1,8,134.199,1,8,-9900,?,9,-9900,?,9,25.67,E,8,19.41,E,8,68.0,E,8,964.3861999999999,E,8,999.0,E,8,1.72,E,8,-9900,?,9,-9900,?,9,0.0,E,8,-9900,?,9,-9900,?,9,0.0,0.0,E,8
11/20/2022,17:00,509.364,1400.165,158.99,1,8,48.382,1,8,141.423,1,8,19078.8,1,8,4596.29,1,8,15556.496,1,8,123.979,1,8,-9900,?,9,-9900,?,9,25.14,E,8,19.25,E,8,69.0,E,8,964.3861999999999,E,8,999.0,E,8,1.36,E,8,-9900,?,9,-9900,?,9,0.0,E,8,-9900,?,9,-9900,?,9,0.0,0.0,E,8
11/20/2022,18:00,194.071,1400.165,63.41,1,8,84.914,1,8,51.804,1,8,7609.2,1,8,8066.824,1,8,5698.422,1,8,120.643,1,8,-9900,?,9,-9900,?,9,24.33,E,8,18.99,E,8,72.0,E,8,964.3861999999999,E,8,999.0,E,8,1.12,E,8,-9900,?,9,-9900,?,9,0.0,E,8,-9900,?,9,-9900,?,9,0.0,0.0,E,8
11/20/2022,19:00,0.0,1400.165,0.38,1,8,0.0,1,8,0.0,1,8,45.6,1,8,0.0,1,8,0.0,1,8,-0.0,1,8,-9900,?,9,-9900,?,9,23.46,E,8,18.71,E,8,74.0,E,8,964.3861999999999,E,8,999.0,E,8,0.97,E,8,-9900,?,9,-9900,?,9,0.0,E,8,-9900,?,9,-9900,?,9,0.0,0.0,E,8
11/20/2022,20:00,0.0,1400.165,0.0,1,8,0.0,1,8,0.0,1,8,0.0,1,8,0.0,1,8,0.0,1,8,-0.0,1,8,-9900,?,9,-9900,?,9,22.59,E,8,18.43,E,8,77.0,E,8,964.3861999999999,E,8,999.0,E,8,0.72,E,8,-9900,?,9,-9900,?,9,0.0,E,8,-9900,?,9,-9900,?,9,0.0,0.0,E,8
11/20/2022,21:00,0.0,1400.165,0.0,1,8,0.0,1,8,0.0,1,8,0.0,1,8,0.0,1,8,0.0,1,8,-0.0,1,8,-9900,?,9,-9900,?,9,21.72,E,8,18.14,E,8,80.0,E,8,964.3861999999999,E,8,999.0,E,8,0.89,E,8,-9900,?,9,-9900,?,9,0.0,E,8,-9900,?,9,-9900,?,9,0.0,0.0,E,8
11/20/2022,22:00,0.0,1400.165,0.0,1,8,0.0,1,8,0.0,1,8,0.0,1,8,0.0,1,8,0.0,1,8,-0.0,1,8,-9900,?,9,-9900,?,9,20.85,E,8,17.84,E,8,82.0,E,8,964.3861999999999,E,8,999.0,E,8,0.72,E,8,-9900,?,9,-9900,?,9,0.0,E,8,-9900,?,9,-9900,?,9,0.0,0.0,E,8
11/20/2022,23:00,0.0,1400.165,0.0,1,8,0.0,1,8,0.0,1,8,0.0,1,8,0.0,1,8,0.0,1,8,-0.0,1,8,-9900,?,9,-9900,?,9,19.98,E,8,17.55,E,8,85.0,E,8,964.3861999999999,E,8,999.0,E,8,0.72,E,8,-9900,?,9,-9900,?,9,0.0,E,8,-9900,?,9,-9900,?,9,0.0,0.0,E,8
11/20/2022,24:00,0.0,1400.165,0.0,1,8,0.0,1,8,0.0,1,8,0.0,1,8,0.0,1,8,0.0,1,8,-0.0,1,8,-9900,?,9,-9900,?,9,19.11,E,8,16.55,E,8,85.0,E,8,964.3861999999999,E,8,999.0,E,8,0.41,E,8,-9900,?,9,-9900,?,9,0.0,E,8,-9900,?,9,-9900,?,9,0.0,0.0,E,8
11/21/2022,01:00,0.0,1400.165,0.0,1,8,0.0,1,8,0.0,1,8,0.0,1,8,0.0,1,8,0.0,1,8,-0.0,1,8,-9900,?,9,-9900,?,9,18.68,E,8,16.32,E,8,86.0,E,8,964.3861999999999,E,8,999.0,E,8,0.41,E,8,-9900,?,9,-9900,?,9,0.0,E,8,-9900,?,9,-9900,?,9,0.0,0.0,E,8
11/21/2022,02:00,0.0,1400.165,0.0,1,8,0.0,1,8,0.0,1,8,0.0,1,8,0.0,1,8,0.0,1,8,-0.0,1,8,-9900,?,9,-9900,?,9,18.24,E,8,16.09,E,8,87.0,E,8,964.3861999999999,E,8,999.0,E,8,0.41,E,8,-9900,?,9,-9900,?,9,0.0,E,8,-9900,?,9,-9900,?,9,0.0,0.0,E,8
11/21/2022,03:00,0.0,1400.165,0.0,1,8,0.0,1,8,0.0,1,8,0.0,1,8,0.0,1,8,0.0,1,8,-0.0,1,8,-9900,?,9,-9900,?,9,17.81,E,8,15.86,E,8,88.0,E,8,964.3861999999999,E,8,999.0,E,8,0.41,E,8,-9900,?,9,-9900,?,9,0.0,E,8,-9900,?,9,-9900,?,9,0.0,0.0,E,8
11/21/2022,04:00,0.0,1400.749,0.0,1,8,0.0,1,8,0.0,1,8,0.0,1,8,0.0,1,8,0.0,1,8,-0.0,1,8,-9900,?,9,-9900,?,9,17.37,E,8,15.61,E,8,89.0,E,8,964.3861999999999,E,8,999.0,E,8,0.41,E,8,-9900,?,9,-9900,?,9,0.0,E,8,-9900,?,9,-9900,?,9,0.0,0.0,E,8
11/21/2022,05:00,0.0,1400.749,0.0,1,8,0.0,1,8,0.0,1,8,0.0,1,8,0.0,1,8,0.0,1,8,-0.0,1,8,-9900,?,9,-9900,?,9,16.99,E,8,15.4,E,8,90.0,E,8,964.3861999999999,E,8,999.0,E,8,0.41,E,8,-9900,?,9,-9900,?,9,0.0,E,8,-9900,?,9,-9900,?,9,0.0,0.0,E,8
11/21/2022,06:00,155.466,1400.749,0.0,1,8,0.0,1,8,0.0,1,8,0.0,1,8,0.0,1,8,0.0,1,8,0.0,1,8,-9900,?,9,-9900,?,9,16.7,E,8,15.24,E,8,91.0,E,8,964.3861999999999,E,8,999.0,E,8,0.41,E,8,-9900,?,9,-9900,?,9,0.0,E,8,-9900,?,9,-9900,?,9,0.0,0.0,E,8
11/21/2022,07:00,471.661,1400.749,72.4,1,8,0.0,1,8,72.4,1,8,8688.0,1,8,0.0,1,8,7964.0,1,8,68.597,1,8,-9900,?,9,-9900,?,9,16.41,E,8,15.08,E,8,91.0,E,8,964.3861999999999,E,8,999.0,E,8,0.41,E,8,-9900,?,9,-9900,?,9,0.0,E,8,-9900,?,9,-9900,?,9,0.0,0.0,E,8
11/21/2022,08:00,769.198,1400.749,203.82,1,8,16.327,1,8,194.86,1,8,24458.4,1,8,1551.105,1,8,21434.616,1,8,113.029,1,8,-9900,?,9,-9900,?,9,19.59,E,8,16.8,E,8,83.0,E,8,964.3861999999999,E,8,999.0,E,8,0.41,E,8,-9900,?,9,-9900,?,9,0.0,E,8,-9900,?,9,-9900,?,9,0.0,0.0,E,8
11/21/2022,09:00,1026.395,1400.749,330.17,1,8,28.974,1,8,308.945,1,8,39620.4,1,8,2752.537,1,8,33983.918,1,8,134.241,1,8,-9900,?,9,-9900,?,9,21.07,E,8,17.55,E,8,80.0,E,8,964.3861999999999,E,8,999.0,E,8,0.55,E,8,-9900,?,9,-9900,?,9,0.0,E,8,-9900,?,9,-9900,?,9,0.0,0.0,E,8
11/21/2022,10:00,1225.548,1400.749,435.87,1,8,36.247,1,8,404.159,1,8,52304.4,1,8,3443.501,1,8,44457.51,1,8,147.052,1,8,-9900,?,9,-9900,?,9,22.42,E,8,18.2,E,8,77.0,E,8,964.3861999999999,E,8,999.0,E,8,0.72,E,8,-9900,?,9,-9900,?,9,0.0,E,8,-9900,?,9,-9900,?,9,0.0,0.0,E,8
11/21/2022,11:00,1353.046,1400.749,512.02,1,8,58.412,1,8,455.598,1,8,61442.4,1,8,5549.186,1,8,50115.776,1,8,150.137,1,8,-9900,?,9,-9900,?,9,23.57,E,8,18.74,E,8,74.0,E,8,964.3861999999999,E,8,999.0,E,8,0.91,E,8,-9900,?,9,-9900,?,9,0.0,E,8,-9900,?,9,-9900,?,9,0.0,0.0,E,8
11/21/2022,12:00,1400.196,1400.749,552.85,1,8,65.488,1,8,487.388,1,8,66342.0,1,8,6221.367,1,8,53612.657,1,8,155.202,1,8,-9900,?,9,-9900,?,9,24.5,E,8,19.16,E,8,72.0,E,8,964.3861999999999,E,8,999.0,E,8,1.46,E,8,-9900,?,9,-9900,?,9,0.0,E,8,-9900,?,9,-9900,?,9,0.0,0.0,E,8
11/21/2022,13:00,1363.794,1400.749,555.37,1,8,85.446,1,8,472.179,1,8,66644.4,1,8,8117.416,1,8,51939.702,1,8,154.374,1,8,-9900,?,9,-9900,?,9,25.17,E,8,19.46,E,8,70.0,E,8,964.3861999999999,E,8,999.0,E,8,1.79,E,8,-9900,?,9,-9900,?,9,0.0,E,8,-9900,?,9,-9900,?,9,0.0,0.0,E,8
11/21/2022,14:00,1246.341,1400.749,519.39,1,8,57.089,1,8,468.598,1,8,62326.8,1,8,5423.48,1,8,51545.754,1,8,167.652,1,8,-9900,?,9,-9900,?,9,25.57,E,8,19.64,E,8,69.0,E,8,964.3861999999999,E,8,999.0,E,8,2.55,E,8,-9900,?,9,-9900,?,9,0.0,E,8,-9900,?,9,-9900,?,9,0.0,0.0,E,8
11/21/2022,15:00,1055.87,1400.749,447.56,1,8,66.166,1,8,397.696,1,8,53707.2,1,8,6285.775,1,8,43746.546,1,8,167.976,1,8,-9900,?,9,-9900,?,9,25.7,E,8,19.69,E,8,69.0,E,8,964.3861999999999,E,8,999.0,E,8,2.99,E,8,-9900,?,9,-9900,?,9,0.0,E,8,-9900,?,9,-9900,?,9,0.0,0.0,E,8
11/21/2022,16:00,805.419,1400.749,345.31,1,8,86.381,1,8,295.671,1,8,41437.2,1,8,8206.242,1,8,32523.789,1,8,163.778,1,8,-9900,?,9,-9900,?,9,25.48,E,8,19.6,E,8,69.0,E,8,964.3861999999999,E,8,999.0,E,8,2.35,E,8,-9900,?,9,-9900,?,9,0.0,E,8,-9900,?,9,-9900,?,9,0.0,0.0,E,8
11/21/2022,17:00,512.223,1400.749,221.07,1,8,177.87,1,8,156.149,1,8,26528.4,1,8,16897.627,1,8,17176.429,1,8,136.179,1,8,-9900,?,9,-9900,?,9,24.85,E,8,19.32,E,8,71.0,E,8,964.3861999999999,E,8,999.0,E,8,1.83,E,8,-9900,?,9,-9900,?,9,0.0,E,8,-9900,?,9,-9900,?,9,0.0,0.0,E,8
11/21/2022,18:00,197.261,1400.749,88.9,1,8,310.636,1,8,45.744,1,8,10668.0,1,8,29510.409,1,8,5031.81,1,8,104.807,1,8,-9900,?,9,-9900,?,9,23.89,E,8,18.88,E,8,73.0,E,8,964.3861999999999,E,8,999.0,E,8,2.0,E,8,-9900,?,9,-9900,?,9,0.0,E,8,-9900,?,9,-9900,?,9,0.0,0.0,E,8
11/21/2022,19:00,0.0,1400.749,0.64,1,8,0.0,1,8,0.0,1,8,76.8,1,8,0.0,1,8,0.0,1,8,-0.0,1,8,-9900,?,9,-9900,?,9,23.08,E,8,18.51,E,8,75.0,E,8,964.3861999999999,E,8,999.0,E,8,0.9,E,8,-9900,?,9,-9900,?,9,0.0,E,8,-9900,?,9,-9900,?,9,0.0,0.0,E,8
11/21/2022,20:00,0.0,1400.749,0.0,1,8,0.0,1,8,0.0,1,8,0.0,1,8,0.0,1,8,0.0,1,8,-0.0,1,8,-9900,?,9,-9900,?,9,22.27,E,8,18.13,E,8,77.0,E,8,964.3861999999999,E,8,999.0,E,8,0.47,E,8,-9900,?,9,-9900,?,9,0.0,E,8,-9900,?,9,-9900,?,9,0.0,0.0,E,8
11/21/2022,21:00,0.0,1400.749,0.0,1,8,0.0,1,8,0.0,1,8,0.0,1,8,0.0,1,8,0.0,1,8,-0.0,1,8,-9900,?,9,-9900,?,9,21.46,E,8,17.74,E,8,79.0,E,8,964.3861999999999,E,8,999.0,E,8,0.49,E,8,-9900,?,9,-9900,?,9,0.0,E,8,-9900,?,9,-9900,?,9,0.0,0.0,E,8
11/21/2022,22:00,0.0,1400.749,0.0,1,8,0.0,1,8,0.0,1,8,0.0,1,8,0.0,1,8,0.0,1,8,-0.0,1,8,-9900,?,9,-9900,?,9,20.65,E,8,17.34,E,8,81.0,E,8,964.3861999999999,E,8,999.0,E,8,0.55,E,8,-9900,?,9,-9900,?,9,0.0,E,8,-9900,?,9,-9900,?,9,0.0,0.0,E,8
11/21/2022,23:00,0.0,1400.749,0.0,1,8,0.0,1,8,0.0,1,8,0.0,1,8,0.0,1,8,0.0,1,8,-0.0,1,8,-9900,?,9,-9900,?,9,19.83,E,8,16.92,E,8,83.0,E,8,964.3861999999999,E,8,999.0,E,8,1.1,E,8,-9900,?,9,-9900,?,9,0.0,E,8,-9900,?,9,-9900,?,9,0.0,0.0,E,8
11/21/2022,24:00,0.0,1400.749,0.0,1,8,0.0,1,8,0.0,1,8,0.0,1,8,0.0,1,8,0.0,1,8,-0.0,1,8,-9900,?,9,-9900,?,9,19.02,E,8,16.37,E,8,89.0,E,8,964.3861999999999,E,8,999.0,E,8,4.15,E,8,-9900,?,9,-9900,?,9,0.017,E,8,-9900,?,9,-9900,?,9,0.17,99.0,E,8
11/22/2022,01:00,0.0,1400.749,0.0,1,8,0.0,1,8,0.0,1,8,0.0,1,8,0.0,1,8,0.0,1,8,-0.0,1,8,-9900,?,9,-9900,?,9,18.62,E,8,16.38,E,8,91.0,E,8,964.3861999999999,E,8,999.0,E,8,2.13,E,8,-9900,?,9,-9900,?,9,0.001,E,8,-9900,?,9,-9900,?,9,0.01,99.0,E,8
11/22/2022,02:00,0.0,1400.749,0.0,1,8,0.0,1,8,0.0,1,8,0.0,1,8,0.0,1,8,0.0,1,8,-0.0,1,8,-9900,?,9,-9900,?,9,18.21,E,8,16.39,E,8,88.0,E,8,964.3861999999999,E,8,999.0,E,8,4.33,E,8,-9900,?,9,-9900,?,9,0.0,E,8,-9900,?,9,-9900,?,9,0.0,0.0,E,8
11/22/2022,03:00,0.0,1400.749,0.0,1,8,0.0,1,8,0.0,1,8,0.0,1,8,0.0,1,8,0.0,1,8,-0.0,1,8,-9900,?,9,-9900,?,9,17.81,E,8,16.39,E,8,91.0,E,8,964.3861999999999,E,8,999.0,E,8,5.07,E,8,-9900,?,9,-9900,?,9,0.0,E,8,-9900,?,9,-9900,?,9,0.0,0.0,E,8
11/22/2022,04:00,0.0,1401.323,0.0,1,8,0.0,1,8,0.0,1,8,0.0,1,8,0.0,1,8,0.0,1,8,-0.0,1,8,-9900,?,9,-9900,?,9,17.4,E,8,16.4,E,8,98.0,E,8,964.3861999999999,E,8,999.0,E,8,3.66,E,8,-9900,?,9,-9900,?,9,0.007000000000000001,E,8,-9900,?,9,-9900,?,9,0.07,99.0,E,8
11/22/2022,05:00,0.0,1401.323,0.0,1,8,0.0,1,8,0.0,1,8,0.0,1,8,0.0,1,8,0.0,1,8,-0.0,1,8,-9900,?,9,-9900,?,9,17.04,E,8,16.4,E,8,95.0,E,8,964.3861999999999,E,8,999.0,E,8,2.47,E,8,-9900,?,9,-9900,?,9,0.0,E,8,-9900,?,9,-9900,?,9,0.0,0.0,E,8
11/22/2022,06:00,156.01,1401.323,0.0,1,8,0.0,1,8,0.0,1,8,0.0,1,8,0.0,1,8,0.0,1,8,0.0,1,8,-9900,?,9,-9900,?,9,16.77,E,8,16.4,E,8,97.0,E,8,964.3861999999999,E,8,999.0,E,8,3.13,E,8,-9900,?,9,-9900,?,9,0.0,E,8,-9900,?,9,-9900,?,9,0.0,0.0,E,8
11/22/2022,07:00,471.937,1401.323,57.45,1,8,0.0,1,8,57.45,1,8,6894.0,1,8,0.0,1,8,6319.5,1,8,54.423,1,8,-9900,?,9,-9900,?,9,16.5,E,8,16.41,E,8,99.0,E,8,964.3861999999999,E,8,999.0,E,8,4.03,E,8,-9900,?,9,-9900,?,9,0.0,E,8,-9900,?,9,-9900,?,9,0.0,0.0,E,8
11/22/2022,08:00,769.309,1401.323,133.17,1,8,0.0,1,8,133.17,1,8,15980.4,1,8,0.0,1,8,14648.7,1,8,77.266,1,8,-9900,?,9,-9900,?,9,19.98,E,8,16.36,E,8,79.0,E,8,964.3861999999999,E,8,999.0,E,8,2.18,E,8,-9900,?,9,-9900,?,9,0.0,E,8,-9900,?,9,-9900,?,9,0.0,0.0,E,8
11/22/2022,09:00,1026.464,1401.323,176.3,1,8,0.817,1,8,175.702,1,8,21156.0,1,8,77.605,1,8,19327.196,1,8,76.371,1,8,-9900,?,9,-9900,?,9,20.97,E,8,16.35,E,8,74.0,E,8,964.3861999999999,E,8,999.0,E,8,2.36,E,8,-9900,?,9,-9900,?,9,0.0,E,8,-9900,?,9,-9900,?,9,0.0,0.0,E,8
11/22/2022,10:00,1225.7,1401.323,157.42,1,8,0.911,1,8,156.623,1,8,18890.4,1,8,86.585,1,8,17228.516,1,8,57.003,1,8,-9900,?,9,-9900,?,9,21.29,E,8,16.35,E,8,72.0,E,8,964.3861999999999,E,8,999.0,E,8,1.8,E,8,-9900,?,9,-9900,?,9,0.0,E,8,-9900,?,9,-9900,?,9,0.0,0.0,E,8
11/22/2022,11:00,1353.4,1401.323,334.52,1,8,27.373,1,8,308.084,1,8,40142.4,1,8,2600.407,1,8,33889.234,1,8,101.541,1,8,-9900,?,9,-9900,?,9,22.77,E,8,16.33,E,8,66.0,E,8,964.3861999999999,E,8,999.0,E,8,1.74,E,8,-9900,?,9,-9900,?,9,0.0,E,8,-9900,?,9,-9900,?,9,0.0,0.0,E,8
11/22/2022,12:00,1400.859,1401.323,361.27,1,8,18.785,1,8,342.492,1,8,43352.4,1,8,1784.53,1,8,37674.087,1,8,109.055,1,8,-9900,?,9,-9900,?,9,23.92,E,8,16.31,E,8,61.0,E,8,964.3861999999999,E,8,999.0,E,8,1.74,E,8,-9900,?,9,-9900,?,9,0.0,E,8,-9900,?,9,-9900,?,9,0.0,0.0,E,8
11/22/2022,13:00,1364.85,1401.323,363.02,1,8,19.376,1,8,344.149,1,8,43562.4,1,8,1840.682,1,8,37856.389,1,8,112.475,1,8,-9900,?,9,-9900,?,9,24.76,E,8,16.3,E,8,63.0,E,8,964.3861999999999,E,8,999.0,E,8,1.74,E,8,-9900,?,9,-9900,?,9,0.004,E,8,-9900,?,9,-9900,?,9,0.04,99.0,E,8
11/22/2022,14:00,1247.847,1401.323,339.65,1,8,14.041,1,8,327.148,1,8,40758.0,1,8,1333.872,1,8,35986.278,1,8,116.951,1,8,-9900,?,9,-9900,?,9,25.27,E,8,16.29,E,8,56.0,E,8,964.3861999999999,E,8,999.0,E,8,1.74,E,8,-9900,?,9,-9900,?,9,0.0,E,8,-9900,?,9,-9900,?,9,0.0,0.0,E,8
11/22/2022,15:00,1057.852,1401.323,292.86,1,8,8.033,1,8,286.797,1,8,35143.2,1,8,763.154,1,8,31547.683,1,8,120.958,1,8,-9900,?,9,-9900,?,9,25.49,E,8,16.29,E,8,61.0,E,8,964.3861999999999,E,8,999.0,E,8,1.74,E,8,-9900,?,9,-9900,?,9,0.001,E,8,-9900,?,9,-9900,?,9,0.01,99.0,E,8
11/22/2022,16:00,807.87,1401.323,176.05,1,8,2.422,1,8,174.654,1,8,21126.0,1,8,230.134,1,8,19211.968,1,8,96.49,1,8,-9900,?,9,-9900,?,9,25.05,E,8,16.3,E,8,62.0,E,8,964.3861999999999,E,8,999.0,E,8,1.74,E,8,-9900,?,9,-9900,?,9,0.011,E,8,-9900,?,9,-9900,?,9,0.11,99.0,E,8
11/22/2022,17:00,515.101,1401.323,204.23,1,8,119.77,1,8,160.286,1,8,24507.6,1,8,11378.187,1,8,17631.51,1,8,139.06,1,8,-9900,?,9,-9900,?,9,24.85,E,8,16.3,E,8,63.0,E,8,964.3861999999999,E,8,999.0,E,8,1.74,E,8,-9900,?,9,-9900,?,9,0.053000000000000005,E,8,-9900,?,9,-9900,?,9,0.53,99.0,E,8
11/22/2022,18:00,200.469,1401.323,67.94,1,8,123.898,1,8,50.447,1,8,8152.8,1,8,11770.324,1,8,5549.183,1,8,113.734,1,8,-9900,?,9,-9900,?,9,23.99,E,8,16.31,E,8,66.0,E,8,964.3861999999999,E,8,999.0,E,8,1.74,E,8,-9900,?,9,-9900,?,9,0.027000000000000003,E,8,-9900,?,9,-9900,?,9,0.27,99.0,E,8
11/22/2022,19:00,0.0,1401.323,2.28,1,8,0.0,1,8,0.0,1,8,273.6,1,8,0.0,1,8,0.0,1,8,-0.0,1,8,-9900,?,9,-9900,?,9,23.21,E,8,16.32,E,8,69.0,E,8,964.3861999999999,E,8,999.0,E,8,1.74,E,8,-9900,?,9,-9900,?,9,0.003,E,8,-9900,?,9,-9900,?,9,0.03,99.0,E,8
11/22/2022,20:00,0.0,1401.323,0.0,1,8,0.0,1,8,0.0,1,8,0.0,1,8,0.0,1,8,0.0,1,8,-0.0,1,8,-9900,?,9,-9900,?,9,22.43,E,8,16.33,E,8,67.0,E,8,964.3861999999999,E,8,999.0,E,8,1.74,E,8,-9900,?,9,-9900,?,9,0.0,E,8,-9900,?,9,-9900,?,9,0.0,0.0,E,8
11/22/2022,21:00,0.0,1401.323,0.0,1,8,0.0,1,8,0.0,1,8,0.0,1,8,0.0,1,8,0.0,1,8,-0.0,1,8,-9900,?,9,-9900,?,9,21.65,E,8,16.34,E,8,71.0,E,8,964.3861999999999,E,8,999.0,E,8,1.74,E,8,-9900,?,9,-9900,?,9,0.0,E,8,-9900,?,9,-9900,?,9,0.0,0.0,E,8
11/22/2022,22:00,0.0,1401.323,0.0,1,8,0.0,1,8,0.0,1,8,0.0,1,8,0.0,1,8,0.0,1,8,-0.0,1,8,-9900,?,9,-9900,?,9,20.87,E,8,16.35,E,8,74.0,E,8,964.3861999999999,E,8,999.0,E,8,1.74,E,8,-9900,?,9,-9900,?,9,0.0,E,8,-9900,?,9,-9900,?,9,0.0,0.0,E,8
11/22/2022,23:00,0.0,1401.323,0.0,1,8,0.0,1,8,0.0,1,8,0.0,1,8,0.0,1,8,0.0,1,8,-0.0,1,8,-9900,?,9,-9900,?,9,20.09,E,8,16.36,E,8,94.0,E,8,964.3861999999999,E,8,999.0,E,8,1.74,E,8,-9900,?,9,-9900,?,9,0.877,E,8,-9900,?,9,-9900,?,9,8.77,99.0,E,8
11/22/2022,24:00,0.0,1401.323,0.0,1,8,0.0,1,8,0.0,1,8,0.0,1,8,0.0,1,8,0.0,1,8,-0.0,1,8,-9900,?,9,-9900,?,9,19.31,E,8,15.47,E,8,78.0,E,8,964.3861999999999,E,8,999.0,E,8,0.71,E,8,-9900,?,9,-9900,?,9,0.0,E,8,-9900,?,9,-9900,?,9,0.0,0.0,E,8
11/23/2022,01:00,0.0,1401.323,0.0,1,8,0.0,1,8,0.0,1,8,0.0,1,8,0.0,1,8,0.0,1,8,-0.0,1,8,-9900,?,9,-9900,?,9,18.93,E,8,15.48,E,8,80.0,E,8,964.3861999999999,E,8,999.0,E,8,0.71,E,8,-9900,?,9,-9900,?,9,0.0,E,8,-9900,?,9,-9900,?,9,0.0,0.0,E,8
11/23/2022,02:00,0.0,1401.323,0.0,1,8,0.0,1,8,0.0,1,8,0.0,1,8,0.0,1,8,0.0,1,8,-0.0,1,8,-9900,?,9,-9900,?,9,18.54,E,8,15.48,E,8,82.0,E,8,964.3861999999999,E,8,999.0,E,8,0.71,E,8,-9900,?,9,-9900,?,9,0.0,E,8,-9900,?,9,-9900,?,9,0.0,0.0,E,8
11/23/2022,03:00,0.0,1401.323,0.0,1,8,0.0,1,8,0.0,1,8,0.0,1,8,0.0,1,8,0.0,1,8,-0.0,1,8,-9900,?,9,-9900,?,9,18.15,E,8,15.48,E,8,84.0,E,8,964.3861999999999,E,8,999.0,E,8,0.71,E,8,-9900,?,9,-9900,?,9,0.0,E,8,-9900,?,9,-9900,?,9,0.0,0.0,E,8
11/23/2022,04:00,0.0,1401.886,0.0,1,8,0.0,1,8,0.0,1,8,0.0,1,8,0.0,1,8,0.0,1,8,-0.0,1,8,-9900,?,9,-9900,?,9,17.76,E,8,15.49,E,8,86.0,E,8,964.3861999999999,E,8,999.0,E,8,0.71,E,8,-9900,?,9,-9900,?,9,0.0,E,8,-9900,?,9,-9900,?,9,0.0,0.0,E,8
11/23/2022,05:00,0.0,1401.886,0.0,1,8,0.0,1,8,0.0,1,8,0.0,1,8,0.0,1,8,0.0,1,8,-0.0,1,8,-9900,?,9,-9900,?,9,17.41,E,8,15.49,E,8,88.0,E,8,964.3861999999999,E,8,999.0,E,8,0.71,E,8,-9900,?,9,-9900,?,9,0.0,E,8,-9900,?,9,-9900,?,9,0.0,0.0,E,8
11/23/2022,06:00,156.433,1401.886,0.0,1,8,0.0,1,8,0.0,1,8,0.0,1,8,0.0,1,8,0.0,1,8,0.0,1,8,-9900,?,9,-9900,?,9,17.16,E,8,15.49,E,8,89.0,E,8,964.3861999999999,E,8,999.0,E,8,0.71,E,8,-9900,?,9,-9900,?,9,0.0,E,8,-9900,?,9,-9900,?,9,0.0,0.0,E,8
11/23/2022,07:00,472.097,1401.886,95.57,1,8,0.0,1,8,95.57,1,8,11468.4,1,8,0.0,1,8,10512.7,1,8,90.54,1,8,-9900,?,9,-9900,?,9,16.9,E,8,15.49,E,8,91.0,E,8,964.3861999999999,E,8,999.0,E,8,0.71,E,8,-9900,?,9,-9900,?,9,0.0,E,8,-9900,?,9,-9900,?,9,0.0,0.0,E,8
11/23/2022,08:00,769.316,1401.886,268.36,1,8,37.133,1,8,247.996,1,8,32203.2,1,8,3527.674,1,8,27279.569,1,8,143.946,1,8,-9900,?,9,-9900,?,9,20.33,E,8,15.46,E,8,73.0,E,8,964.3861999999999,E,8,999.0,E,8,0.71,E,8,-9900,?,9,-9900,?,9,0.0,E,8,-9900,?,9,-9900,?,9,0.0,0.0,E,8
11/23/2022,09:00,1026.442,1401.886,434.58,1,8,82.786,1,8,373.98,1,8,52149.6,1,8,7864.708,1,8,41137.835,1,8,162.625,1,8,-9900,?,9,-9900,?,9,21.92,E,8,15.45,E,8,66.0,E,8,964.3861999999999,E,8,999.0,E,8,0.71,E,8,-9900,?,9,-9900,?,9,0.0,E,8,-9900,?,9,-9900,?,9,0.0,0.0,E,8
11/23/2022,10:00,1225.778,1401.886,573.78,1,8,176.599,1,8,419.379,1,8,68853.6,1,8,16776.943,1,8,46131.726,1,8,152.685,1,8,-9900,?,9,-9900,?,9,23.37,E,8,15.43,E,8,61.0,E,8,964.3861999999999,E,8,999.0,E,8,0.71,E,8,-9900,?,9,-9900,?,9,0.0,E,8,-9900,?,9,-9900,?,9,0.0,0.0,E,8
11/23/2022,11:00,1353.7,1401.886,674.24,1,8,102.435,1,8,575.328,1,8,80908.8,1,8,9731.307,1,8,63286.099,1,8,189.655,1,8,-9900,?,9,-9900,?,9,24.62,E,8,15.42,E,8,56.0,E,8,964.3861999999999,E,8,999.0,E,8,0.87,E,8,-9900,?,9,-9900,?,9,0.0,E,8,-9900,?,9,-9900,?,9,0.0,0.0,E,8
11/23/2022,12:00,1401.486,1401.886,728.32,1,8,118.007,1,8,610.347,1,8,87398.4,1,8,11210.68,1,8,67138.118,1,8,194.335,1,8,-9900,?,9,-9900,?,9,25.63,E,8,15.41,E,8,53.0,E,8,964.3861999999999,E,8,999.0,E,8,0.79,E,8,-9900,?,9,-9900,?,9,0.0,E,8,-9900,?,9,-9900,?,9,0.0,0.0,E,8
11/23/2022,13:00,1365.888,1401.886,732.07,1,8,136.554,1,8,599.025,1,8,87848.4,1,8,12972.63,1,8,65892.705,1,8,195.704,1,8,-9900,?,9,-9900,?,9,26.35,E,8,15.41,E,8,50.0,E,8,964.3861999999999,E,8,999.0,E,8,0.71,E,8,-9900,?,9,-9900,?,9,0.0,E,8,-9900,?,9,-9900,?,9,0.0,0.0,E,8
11/23/2022,14:00,1249.349,1401.886,685.23,1,8,326.6,1,8,394.189,1,8,82227.6,1,8,31026.966,1,8,43360.82,1,8,140.805,1,8,-9900,?,9,-9900,?,9,26.79,E,8,15.4,E,8,49.0,E,8,964.3861999999999,E,8,999.0,E,8,1.46,E,8,-9900,?,9,-9900,?,9,0.0,E,8,-9900,?,9,-9900,?,9,0.0,0.0,E,8
11/23/2022,15:00,1059.842,1401.886,591.23,1,8,295.442,1,8,367.922,1,8,70947.6,1,8,28066.969,1,8,40471.402,1,8,154.943,1,8,-9900,?,9,-9900,?,9,26.93,E,8,15.4,E,8,49.0,E,8,964.3861999999999,E,8,999.0,E,8,1.09,E,8,-9900,?,9,-9900,?,9,0.0,E,8,-9900,?,9,-9900,?,9,0.0,0.0,E,8
11/23/2022,16:00,810.336,1401.886,457.17,1,8,352.527,1,8,253.517,1,8,54860.4,1,8,33490.072,1,8,27886.842,1,8,139.688,1,8,-9900,?,9,-9900,?,9,26.69,E,8,15.4,E,8,49.0,E,8,964.3861999999999,E,8,999.0,E,8,1.22,E,8,-9900,?,9,-9900,?,9,0.0,E,8,-9900,?,9,-9900,?,9,0.0,0.0,E,8
11/23/2022,17:00,517.996,1401.886,294.08,1,8,440.933,1,8,131.455,1,8,35289.6,1,8,41888.681,1,8,14460.023,1,8,113.452,1,8,-9900,?,9,-9900,?,9,26.02,E,8,15.41,E,8,52.0,E,8,964.3861999999999,E,8,999.0,E,8,2.17,E,8,-9900,?,9,-9900,?,9,0.0,E,8,-9900,?,9,-9900,?,9,0.0,0.0,E,8
11/23/2022,18:00,203.693,1401.886,120.21,1,8,412.414,1,8,61.047,1,8,14425.2,1,8,39179.306,1,8,6715.133,1,8,135.454,1,8,-9900,?,9,-9900,?,9,24.99,E,8,15.42,E,8,55.0,E,8,964.3861999999999,E,8,999.0,E,8,2.06,E,8,-9900,?,9,-9900,?,9,0.0,E,8,-9900,?,9,-9900,?,9,0.0,0.0,E,8
11/23/2022,19:00,0.0,1401.886,1.23,1,8,0.0,1,8,0.0,1,8,147.6,1,8,0.0,1,8,0.0,1,8,-0.0,1,8,-9900,?,9,-9900,?,9,24.18,E,8,15.43,E,8,58.0,E,8,964.3861999999999,E,8,999.0,E,8,1.64,E,8,-9900,?,9,-9900,?,9,0.0,E,8,-9900,?,9,-9900,?,9,0.0,0.0,E,8
11/23/2022,20:00,0.0,1401.886,0.0,1,8,0.0,1,8,0.0,1,8,0.0,1,8,0.0,1,8,0.0,1,8,-0.0,1,8,-9900,?,9,-9900,?,9,23.36,E,8,15.43,E,8,61.0,E,8,964.3861999999999,E,8,999.0,E,8,1.6,E,8,-9900,?,9,-9900,?,9,0.0,E,8,-9900,?,9,-9900,?,9,0.0,0.0,E,8
11/23/2022,21:00,0.0,1401.886,0.0,1,8,0.0,1,8,0.0,1,8,0.0,1,8,0.0,1,8,0.0,1,8,-0.0,1,8,-9900,?,9,-9900,?,9,22.54,E,8,15.44,E,8,64.0,E,8,964.3861999999999,E,8,999.0,E,8,1.12,E,8,-9900,?,9,-9900,?,9,0.0,E,8,-9900,?,9,-9900,?,9,0.0,0.0,E,8
11/23/2022,22:00,0.0,1401.886,0.0,1,8,0.0,1,8,0.0,1,8,0.0,1,8,0.0,1,8,0.0,1,8,-0.0,1,8,-9900,?,9,-9900,?,9,21.72,E,8,15.45,E,8,67.0,E,8,964.3861999999999,E,8,999.0,E,8,1.12,E,8,-9900,?,9,-9900,?,9,0.0,E,8,-9900,?,9,-9900,?,9,0.0,0.0,E,8
11/23/2022,23:00,0.0,1401.886,0.0,1,8,0.0,1,8,0.0,1,8,0.0,1,8,0.0,1,8,0.0,1,8,-0.0,1,8,-9900,?,9,-9900,?,9,20.9,E,8,15.46,E,8,71.0,E,8,964.3861999999999,E,8,999.0,E,8,0.71,E,8,-9900,?,9,-9900,?,9,0.0,E,8,-9900,?,9,-9900,?,9,0.0,0.0,E,8
11/23/2022,24:00,0.0,1401.886,0.0,1,8,0.0,1,8,0.0,1,8,0.0,1,8,0.0,1,8,0.0,1,8,-0.0,1,8,-9900,?,9,-9900,?,9,20.09,E,8,16.52,E,8,79.0,E,8,964.3861999999999,E,8,999.0,E,8,1.02,E,8,-9900,?,9,-9900,?,9,0.0,E,8,-9900,?,9,-9900,?,9,0.0,0.0,E,8
11/24/2022,01:00,0.0,1401.886,0.0,1,8,0.0,1,8,0.0,1,8,0.0,1,8,0.0,1,8,0.0,1,8,-0.0,1,8,-9900,?,9,-9900,?,9,19.68,E,8,16.51,E,8,81.0,E,8,964.3861999999999,E,8,999.0,E,8,1.02,E,8,-9900,?,9,-9900,?,9,0.0,E,8,-9900,?,9,-9900,?,9,0.0,0.0,E,8
11/24/2022,02:00,0.0,1401.886,0.0,1,8,0.0,1,8,0.0,1,8,0.0,1,8,0.0,1,8,0.0,1,8,-0.0,1,8,-9900,?,9,-9900,?,9,19.27,E,8,16.49,E,8,83.0,E,8,964.3861999999999,E,8,999.0,E,8,1.02,E,8,-9900,?,9,-9900,?,9,0.0,E,8,-9900,?,9,-9900,?,9,0.0,0.0,E,8
11/24/2022,03:00,0.0,1401.886,0.0,1,8,0.0,1,8,0.0,1,8,0.0,1,8,0.0,1,8,0.0,1,8,-0.0,1,8,-9900,?,9,-9900,?,9,18.86,E,8,16.48,E,8,86.0,E,8,964.3861999999999,E,8,999.0,E,8,1.02,E,8,-9900,?,9,-9900,?,9,0.0,E,8,-9900,?,9,-9900,?,9,0.0,0.0,E,8
11/24/2022,04:00,0.0,1402.439,0.0,1,8,0.0,1,8,0.0,1,8,0.0,1,8,0.0,1,8,0.0,1,8,-0.0,1,8,-9900,?,9,-9900,?,9,18.45,E,8,16.47,E,8,93.0,E,8,964.3861999999999,E,8,999.0,E,8,1.02,E,8,-9900,?,9,-9900,?,9,0.097,E,8,-9900,?,9,-9900,?,9,0.97,99.0,E,8
11/24/2022,05:00,0.0,1402.439,0.0,1,8,0.0,1,8,0.0,1,8,0.0,1,8,0.0,1,8,0.0,1,8,-0.0,1,8,-9900,?,9,-9900,?,9,18.09,E,8,16.46,E,8,90.0,E,8,964.3861999999999,E,8,999.0,E,8,1.02,E,8,-9900,?,9,-9900,?,9,0.0,E,8,-9900,?,9,-9900,?,9,0.0,0.0,E,8
11/24/2022,06:00,156.736,1402.439,0.0,1,8,0.0,1,8,0.0,1,8,0.0,1,8,0.0,1,8,0.0,1,8,0.0,1,8,-9900,?,9,-9900,?,9,17.82,E,8,16.45,E,8,91.0,E,8,964.3861999999999,E,8,999.0,E,8,1.02,E,8,-9900,?,9,-9900,?,9,0.0,E,8,-9900,?,9,-9900,?,9,0.0,0.0,E,8
11/24/2022,07:00,472.142,1402.439,55.63,1,8,0.0,1,8,55.63,1,8,6675.6,1,8,0.0,1,8,6119.3,1,8,52.718,1,8,-9900,?,9,-9900,?,9,17.55,E,8,16.44,E,8,93.0,E,8,964.3861999999999,E,8,999.0,E,8,1.02,E,8,-9900,?,9,-9900,?,9,0.0,E,8,-9900,?,9,-9900,?,9,0.0,0.0,E,8
11/24/2022,08:00,769.219,1402.439,156.1,1,8,0.0,1,8,156.1,1,8,18732.0,1,8,0.0,1,8,17171.0,1,8,90.653,1,8,-9900,?,9,-9900,?,9,20.57,E,8,16.54,E,8,77.0,E,8,964.3861999999999,E,8,999.0,E,8,1.02,E,8,-9900,?,9,-9900,?,9,0.0,E,8,-9900,?,9,-9900,?,9,0.0,0.0,E,8
11/24/2022,09:00,1026.333,1402.439,252.79,1,8,5.439,1,8,248.811,1,8,30334.8,1,8,516.707,1,8,27369.169,1,8,108.249,1,8,-9900,?,9,-9900,?,9,21.97,E,8,16.58,E,8,71.0,E,8,964.3861999999999,E,8,999.0,E,8,1.02,E,8,-9900,?,9,-9900,?,9,0.0,E,8,-9900,?,9,-9900,?,9,0.0,0.0,E,8
11/24/2022,10:00,1225.786,1402.439,333.8,1,8,10.501,1,8,324.623,1,8,40056.0,1,8,997.548,1,8,35708.528,1,8,118.233,1,8,-9900,?,9,-9900,?,9,23.24,E,8,16.62,E,8,66.0,E,8,964.3861999999999,E,8,999.0,E,8,1.02,E,8,-9900,?,9,-9900,?,9,0.0,E,8,-9900,?,9,-9900,?,9,0.0,0.0,E,8
11/24/2022,11:00,1353.948,1402.439,392.32,1,8,22.724,1,8,370.382,1,8,47078.4,1,8,2158.758,1,8,40742.064,1,8,122.121,1,8,-9900,?,9,-9900,?,9,24.34,E,8,16.66,E,8,62.0,E,8,964.3861999999999,E,8,999.0,E,8,1.02,E,8,-9900,?,9,-9900,?,9,0.0,E,8,-9900,?,9,-9900,?,9,0.0,0.0,E,8
11/24/2022,12:00,1402.079,1402.439,423.89,1,8,24.988,1,8,398.909,1,8,50866.8,1,8,2373.846,1,8,43879.942,1,8,127.009,1,8,-9900,?,9,-9900,?,9,25.22,E,8,16.68,E,8,59.0,E,8,964.3861999999999,E,8,999.0,E,8,1.02,E,8,-9900,?,9,-9900,?,9,0.0,E,8,-9900,?,9,-9900,?,9,0.0,0.0,E,8
11/24/2022,13:00,1366.907,1402.439,426.22,1,8,27.078,1,8,399.828,1,8,51146.4,1,8,2572.43,1,8,43981.106,1,8,130.58,1,8,-9900,?,9,-9900,?,9,25.87,E,8,16.7,E,8,56.0,E,8,964.3861999999999,E,8,999.0,E,8,1.02,E,8,-9900,?,9,-9900,?,9,0.0,E,8,-9900,?,9,-9900,?,9,0.0,0.0,E,8
11/24/2022,14:00,1250.848,1402.439,399.12,1,8,21.433,1,8,380.005,1,8,47894.4,1,8,2036.16,1,8,41800.541,1,8,135.629,1,8,-9900,?,9,-9900,?,9,26.25,E,8,16.72,E,8,55.0,E,8,964.3861999999999,E,8,999.0,E,8,1.02,E,8,-9900,?,9,-9900,?,9,0.0,E,8,-9900,?,9,-9900,?,9,0.0,0.0,E,8
11/24/2022,15:00,1061.839,1402.439,344.6,1,8,17.307,1,8,331.499,1,8,41352.0,1,8,1644.194,1,8,36464.874,1,8,139.397,1,8,-9900,?,9,-9900,?,9,26.37,E,8,16.72,E,8,55.0,E,8,964.3861999999999,E,8,999.0,E,8,1.02,E,8,-9900,?,9,-9900,?,9,0.0,E,8,-9900,?,9,-9900,?,9,0.0,0.0,E,8
11/24/2022,16:00,812.816,1402.439,266.76,1,8,16.831,1,8,257.011,1,8,32011.2,1,8,1598.925,1,8,28271.207,1,8,141.236,1,8,-9900,?,9,-9900,?,9,26.17,E,8,16.71,E,8,56.0,E,8,964.3861999999999,E,8,999.0,E,8,1.02,E,8,-9900,?,9,-9900,?,9,0.0,E,8,-9900,?,9,-9900,?,9,0.0,0.0,E,8
11/24/2022,17:00,520.907,1402.439,172.0,1,8,36.39,1,8,158.508,1,8,20640.0,1,8,3457.03,1,8,17435.914,1,8,136.087,1,8,-9900,?,9,-9900,?,9,25.58,E,8,16.7,E,8,57.0,E,8,964.3861999999999,E,8,999.0,E,8,1.02,E,8,-9900,?,9,-9900,?,9,0.0,E,8,-9900,?,9,-9900,?,9,0.0,0.0,E,8
11/24/2022,18:00,206.93,1402.439,70.87,1,8,76.412,1,8,59.734,1,8,8504.4,1,8,7259.138,1,8,6570.765,1,8,130.471,1,8,-9900,?,9,-9900,?,9,24.68,E,8,16.67,E,8,61.0,E,8,964.3861999999999,E,8,999.0,E,8,1.02,E,8,-9900,?,9,-9900,?,9,0.0,E,8,-9900,?,9,-9900,?,9,0.0,0.0,E,8
11/24/2022,19:00,0.0,1402.439,0.85,1,8,0.0,1,8,0.0,1,8,102.0,1,8,0.0,1,8,0.0,1,8,-0.0,1,8,-9900,?,9,-9900,?,9,24.01,E,8,16.65,E,8,63.0,E,8,964.3861999999999,E,8,999.0,E,8,1.02,E,8,-9900,?,9,-9900,?,9,0.0,E,8,-9900,?,9,-9900,?,9,0.0,0.0,E,8
11/24/2022,20:00,0.0,1402.439,0.0,1,8,0.0,1,8,0.0,1,8,0.0,1,8,0.0,1,8,0.0,1,8,-0.0,1,8,-9900,?,9,-9900,?,9,23.33,E,8,16.62,E,8,70.0,E,8,964.3861999999999,E,8,999.0,E,8,1.02,E,8,-9900,?,9,-9900,?,9,0.001,E,8,-9900,?,9,-9900,?,9,0.01,99.0,E,8
11/24/2022,21:00,0.0,1402.439,0.0,1,8,0.0,1,8,0.0,1,8,0.0,1,8,0.0,1,8,0.0,1,8,-0.0,1,8,-9900,?,9,-9900,?,9,22.65,E,8,16.6,E,8,73.0,E,8,964.3861999999999,E,8,999.0,E,8,1.02,E,8,-9900,?,9,-9900,?,9,0.002,E,8,-9900,?,9,-9900,?,9,0.02,99.0,E,8
11/24/2022,22:00,0.0,1402.439,0.0,1,8,0.0,1,8,0.0,1,8,0.0,1,8,0.0,1,8,0.0,1,8,-0.0,1,8,-9900,?,9,-9900,?,9,21.98,E,8,16.58,E,8,71.0,E,8,964.3861999999999,E,8,999.0,E,8,1.02,E,8,-9900,?,9,-9900,?,9,0.0,E,8,-9900,?,9,-9900,?,9,0.0,0.0,E,8
11/24/2022,23:00,0.0,1402.439,0.0,1,8,0.0,1,8,0.0,1,8,0.0,1,8,0.0,1,8,0.0,1,8,-0.0,1,8,-9900,?,9,-9900,?,9,21.3,E,8,16.56,E,8,74.0,E,8,964.3861999999999,E,8,999.0,E,8,1.02,E,8,-9900,?,9,-9900,?,9,0.0,E,8,-9900,?,9,-9900,?,9,0.0,0.0,E,8
11/24/2022,24:00,0.0,1402.439,0.0,1,8,0.0,1,8,0.0,1,8,0.0,1,8,0.0,1,8,0.0,1,8,-0.0,1,8,-9900,?,9,-9900,?,9,20.62,E,8,16.67,E,8,78.0,E,8,964.3861999999999,E,8,999.0,E,8,0.51,E,8,-9900,?,9,-9900,?,9,0.0,E,8,-9900,?,9,-9900,?,9,0.0,0.0,E,8
11/25/2022,01:00,0.0,1402.439,0.0,1,8,0.0,1,8,0.0,1,8,0.0,1,8,0.0,1,8,0.0,1,8,-0.0,1,8,-9900,?,9,-9900,?,9,20.28,E,8,16.77,E,8,80.0,E,8,964.3861999999999,E,8,999.0,E,8,0.51,E,8,-9900,?,9,-9900,?,9,0.0,E,8,-9900,?,9,-9900,?,9,0.0,0.0,E,8
11/25/2022,02:00,0.0,1402.439,0.0,1,8,0.0,1,8,0.0,1,8,0.0,1,8,0.0,1,8,0.0,1,8,-0.0,1,8,-9900,?,9,-9900,?,9,19.95,E,8,16.88,E,8,82.0,E,8,964.3861999999999,E,8,999.0,E,8,0.51,E,8,-9900,?,9,-9900,?,9,0.0,E,8,-9900,?,9,-9900,?,9,0.0,0.0,E,8
11/25/2022,03:00,0.0,1402.439,0.0,1,8,0.0,1,8,0.0,1,8,0.0,1,8,0.0,1,8,0.0,1,8,-0.0,1,8,-9900,?,9,-9900,?,9,19.61,E,8,16.99,E,8,84.0,E,8,964.3861999999999,E,8,999.0,E,8,0.51,E,8,-9900,?,9,-9900,?,9,0.0,E,8,-9900,?,9,-9900,?,9,0.0,0.0,E,8
11/25/2022,04:00,0.0,1402.98,0.0,1,8,0.0,1,8,0.0,1,8,0.0,1,8,0.0,1,8,0.0,1,8,-0.0,1,8,-9900,?,9,-9900,?,9,19.27,E,8,17.09,E,8,87.0,E,8,964.3861999999999,E,8,999.0,E,8,0.51,E,8,-9900,?,9,-9900,?,9,0.0,E,8,-9900,?,9,-9900,?,9,0.0,0.0,E,8
11/25/2022,05:00,0.0,1402.98,0.0,1,8,0.0,1,8,0.0,1,8,0.0,1,8,0.0,1,8,0.0,1,8,-0.0,1,8,-9900,?,9,-9900,?,9,18.97,E,8,17.19,E,8,89.0,E,8,964.3861999999999,E,8,999.0,E,8,0.51,E,8,-9900,?,9,-9900,?,9,0.0,E,8,-9900,?,9,-9900,?,9,0.0,0.0,E,8
11/25/2022,06:00,156.921,1402.98,0.0,1,8,0.0,1,8,0.0,1,8,0.0,1,8,0.0,1,8,0.0,1,8,0.0,1,8,-9900,?,9,-9900,?,9,18.75,E,8,17.25,E,8,90.0,E,8,964.3861999999999,E,8,999.0,E,8,0.51,E,8,-9900,?,9,-9900,?,9,0.0,E,8,-9900,?,9,-9900,?,9,0.0,0.0,E,8
11/25/2022,07:00,472.074,1402.98,97.47,1,8,0.0,1,8,97.47,1,8,11696.4,1,8,0.0,1,8,10721.7,1,8,92.416,1,8,-9900,?,9,-9900,?,9,18.52,E,8,17.32,E,8,92.0,E,8,964.3861999999999,E,8,999.0,E,8,0.51,E,8,-9900,?,9,-9900,?,9,0.0,E,8,-9900,?,9,-9900,?,9,0.0,0.0,E,8
11/25/2022,08:00,769.021,1402.98,273.42,1,8,40.531,1,8,251.219,1,8,32810.4,1,8,3850.426,1,8,27634.074,1,8,145.986,1,8,-9900,?,9,-9900,?,9,22.01,E,8,16.22,E,8,69.0,E,8,964.3861999999999,E,8,999.0,E,8,0.51,E,8,-9900,?,9,-9900,?,9,0.0,E,8,-9900,?,9,-9900,?,9,0.0,0.0,E,8
11/25/2022,09:00,1026.136,1402.98,442.84,1,8,89.619,1,8,377.31,1,8,53140.8,1,8,8513.767,1,8,41504.09,1,8,164.25,1,8,-9900,?,9,-9900,?,9,23.63,E,8,15.68,E,8,61.0,E,8,964.3861999999999,E,8,999.0,E,8,0.51,E,8,-9900,?,9,-9900,?,9,0.0,E,8,-9900,?,9,-9900,?,9,0.0,0.0,E,8
11/25/2022,10:00,1225.724,1402.98,584.87,1,8,191.075,1,8,417.951,1,8,70184.4,1,8,18152.115,1,8,45974.627,1,8,152.291,1,8,-9900,?,9,-9900,?,9,25.1,E,8,15.17,E,8,54.0,E,8,964.3861999999999,E,8,999.0,E,8,0.51,E,8,-9900,?,9,-9900,?,9,0.0,E,8,-9900,?,9,-9900,?,9,0.0,0.0,E,8
11/25/2022,11:00,1354.144,1402.98,687.54,1,8,110.832,1,8,580.568,1,8,82504.8,1,8,10529.019,1,8,63862.532,1,8,191.47,1,8,-9900,?,9,-9900,?,9,26.37,E,8,14.72,E,8,48.0,E,8,964.3861999999999,E,8,999.0,E,8,0.6,E,8,-9900,?,9,-9900,?,9,0.0,E,8,-9900,?,9,-9900,?,9,0.0,0.0,E,8
11/25/2022,12:00,1402.638,1402.98,743.07,1,8,127.623,1,8,615.478,1,8,89168.4,1,8,12124.201,1,8,67702.58,1,8,195.961,1,8,-9900,?,9,-9900,?,9,27.39,E,8,14.35,E,8,44.0,E,8,964.3861999999999,E,8,999.0,E,8,0.75,E,8,-9900,?,9,-9900,?,9,0.0,E,8,-9900,?,9,-9900,?,9,0.0,0.0,E,8
11/25/2022,13:00,1367.91,1402.98,747.4,1,8,147.487,1,8,603.602,1,8,89688.0,1,8,14011.23,1,8,66396.252,1,8,197.061,1,8,-9900,?,9,-9900,?,9,28.14,E,8,14.08,E,8,42.0,E,8,964.3861999999999,E,8,999.0,E,8,1.59,E,8,-9900,?,9,-9900,?,9,0.0,E,8,-9900,?,9,-9900,?,9,0.0,0.0,E,8
11/25/2022,14:00,1252.344,1402.98,700.21,1,8,258.828,1,8,469.189,1,8,84025.2,1,8,24588.669,1,8,51610.825,1,8,167.324,1,8,-9900,?,9,-9900,?,9,28.58,E,8,13.91,E,8,40.0,E,8,964.3861999999999,E,8,999.0,E,8,1.7,E,8,-9900,?,9,-9900,?,9,0.0,E,8,-9900,?,9,-9900,?,9,0.0,0.0,E,8
11/25/2022,15:00,1063.843,1402.98,604.96,1,8,317.054,1,8,364.599,1,8,72595.2,1,8,30120.083,1,8,40105.87,1,8,153.085,1,8,-9900,?,9,-9900,?,9,28.73,E,8,13.86,E,8,40.0,E,8,964.3861999999999,E,8,999.0,E,8,2.26,E,8,-9900,?,9,-9900,?,9,0.0,E,8,-9900,?,9,-9900,?,9,0.0,0.0,E,8
11/25/2022,16:00,815.309,1402.98,468.84,1,8,376.071,1,8,250.421,1,8,56260.8,1,8,35726.722,1,8,27546.316,1,8,137.246,1,8,-9900,?,9,-9900,?,9,28.49,E,8,13.95,E,8,40.0,E,8,964.3861999999999,E,8,999.0,E,8,2.09,E,8,-9900,?,9,-9900,?,9,0.0,E,8,-9900,?,9,-9900,?,9,0.0,0.0,E,8
11/25/2022,17:00,523.831,1402.98,303.02,1,8,465.785,1,8,129.422,1,8,36362.4,1,8,44249.594,1,8,14236.37,1,8,110.534,1,8,-9900,?,9,-9900,?,9,27.82,E,8,14.2,E,8,43.0,E,8,964.3861999999999,E,8,999.0,E,8,1.66,E,8,-9900,?,9,-9900,?,9,0.0,E,8,-9900,?,9,-9900,?,9,0.0,0.0,E,8
11/25/2022,18:00,210.178,1402.98,125.86,1,8,420.928,1,8,63.555,1,8,15103.2,1,8,39988.202,1,8,6991.102,1,8,136.676,1,8,-9900,?,9,-9900,?,9,26.78,E,8,14.58,E,8,47.0,E,8,964.3861999999999,E,8,999.0,E,8,1.38,E,8,-9900,?,9,-9900,?,9,0.0,E,8,-9900,?,9,-9900,?,9,0.0,0.0,E,8
11/25/2022,19:00,0.0,1402.98,1.76,1,8,0.0,1,8,0.0,1,8,211.2,1,8,0.0,1,8,0.0,1,8,-0.0,1,8,-9900,?,9,-9900,?,9,25.8,E,8,14.93,E,8,51.0,E,8,964.3861999999999,E,8,999.0,E,8,1.68,E,8,-9900,?,9,-9900,?,9,0.0,E,8,-9900,?,9,-9900,?,9,0.0,0.0,E,8
11/25/2022,20:00,0.0,1402.98,0.0,1,8,0.0,1,8,0.0,1,8,0.0,1,8,0.0,1,8,0.0,1,8,-0.0,1,8,-9900,?,9,-9900,?,9,24.81,E,8,15.27,E,8,55.0,E,8,964.3861999999999,E,8,999.0,E,8,1.41,E,8,-9900,?,9,-9900,?,9,0.0,E,8,-9900,?,9,-9900,?,9,0.0,0.0,E,8
11/25/2022,21:00,0.0,1402.98,0.0,1,8,0.0,1,8,0.0,1,8,0.0,1,8,0.0,1,8,0.0,1,8,-0.0,1,8,-9900,?,9,-9900,?,9,23.82,E,8,15.61,E,8,65.0,E,8,964.3861999999999,E,8,999.0,E,8,1.38,E,8,-9900,?,9,-9900,?,9,0.001,E,8,-9900,?,9,-9900,?,9,0.01,99.0,E,8
11/25/2022,22:00,0.0,1402.98,0.0,1,8,0.0,1,8,0.0,1,8,0.0,1,8,0.0,1,8,0.0,1,8,-0.0,1,8,-9900,?,9,-9900,?,9,22.83,E,8,15.95,E,8,70.0,E,8,964.3861999999999,E,8,999.0,E,8,1.36,E,8,-9900,?,9,-9900,?,9,0.097,E,8,-9900,?,9,-9900,?,9,0.97,99.0,E,8
11/25/2022,23:00,0.0,1402.98,0.0,1,8,0.0,1,8,0.0,1,8,0.0,1,8,0.0,1,8,0.0,1,8,-0.0,1,8,-9900,?,9,-9900,?,9,21.84,E,8,16.27,E,8,75.0,E,8,964.3861999999999,E,8,999.0,E,8,0.97,E,8,-9900,?,9,-9900,?,9,0.002,E,8,-9900,?,9,-9900,?,9,0.02,99.0,E,8
11/25/2022,24:00,0.0,1402.98,0.0,1,8,0.0,1,8,0.0,1,8,0.0,1,8,0.0,1,8,0.0,1,8,-0.0,1,8,-9900,?,9,-9900,?,9,20.86,E,8,17.57,E,8,80.0,E,8,964.3861999999999,E,8,999.0,E,8,5.1,E,8,-9900,?,9,-9900,?,9,0.026000000000000002,E,8,-9900,?,9,-9900,?,9,0.26,99.0,E,8
11/26/2022,01:00,0.0,1402.98,0.0,1,8,0.0,1,8,0.0,1,8,0.0,1,8,0.0,1,8,0.0,1,8,-0.0,1,8,-9900,?,9,-9900,?,9,20.36,E,8,17.39,E,8,82.0,E,8,964.3861999999999,E,8,999.0,E,8,3.66,E,8,-9900,?,9,-9900,?,9,0.068,E,8,-9900,?,9,-9900,?,9,0.68,99.0,E,8
11/26/2022,02:00,0.0,1402.98,0.0,1,8,0.0,1,8,0.0,1,8,0.0,1,8,0.0,1,8,0.0,1,8,-0.0,1,8,-9900,?,9,-9900,?,9,19.87,E,8,17.2,E,8,83.0,E,8,964.3861999999999,E,8,999.0,E,8,4.07,E,8,-9900,?,9,-9900,?,9,0.009,E,8,-9900,?,9,-9900,?,9,0.09,99.0,E,8
11/26/2022,03:00,0.0,1402.98,0.0,1,8,0.0,1,8,0.0,1,8,0.0,1,8,0.0,1,8,0.0,1,8,-0.0,1,8,-9900,?,9,-9900,?,9,19.37,E,8,17.02,E,8,91.0,E,8,964.3861999999999,E,8,999.0,E,8,2.65,E,8,-9900,?,9,-9900,?,9,1.433,E,8,-9900,?,9,-9900,?,9,14.33,99.0,E,8
11/26/2022,04:00,0.0,1403.511,0.0,1,8,0.0,1,8,0.0,1,8,0.0,1,8,0.0,1,8,0.0,1,8,-0.0,1,8,-9900,?,9,-9900,?,9,18.88,E,8,16.83,E,8,85.0,E,8,964.3861999999999,E,8,999.0,E,8,1.97,E,8,-9900,?,9,-9900,?,9,0.034,E,8,-9900,?,9,-9900,?,9,0.34,99.0,E,8
11/26/2022,05:00,0.0,1403.511,0.0,1,8,0.0,1,8,0.0,1,8,0.0,1,8,0.0,1,8,0.0,1,8,-0.0,1,8,-9900,?,9,-9900,?,9,18.44,E,8,16.67,E,8,86.0,E,8,964.3861999999999,E,8,999.0,E,8,2.93,E,8,-9900,?,9,-9900,?,9,0.003,E,8,-9900,?,9,-9900,?,9,0.03,99.0,E,8
11/26/2022,06:00,156.987,1403.511,0.0,1,8,0.0,1,8,0.0,1,8,0.0,1,8,0.0,1,8,0.0,1,8,0.0,1,8,-9900,?,9,-9900,?,9,18.11,E,8,16.54,E,8,91.0,E,8,964.3861999999999,E,8,999.0,E,8,1.97,E,8,-9900,?,9,-9900,?,9,0.11599999999999999,E,8,-9900,?,9,-9900,?,9,1.16,99.0,E,8
11/26/2022,07:00,471.895,1403.511,65.29,1,8,0.0,1,8,65.29,1,8,7834.8,1,8,0.0,1,8,7181.9,1,8,61.952,1,8,-9900,?,9,-9900,?,9,17.79,E,8,16.42,E,8,88.0,E,8,964.3861999999999,E,8,999.0,E,8,1.97,E,8,-9900,?,9,-9900,?,9,0.047,E,8,-9900,?,9,-9900,?,9,0.47,99.0,E,8
11/26/2022,08:00,768.723,1403.511,183.16,1,8,6.72,1,8,179.482,1,8,21979.2,1,8,638.432,1,8,19742.986,1,8,104.379,1,8,-9900,?,9,-9900,?,9,20.59,E,8,17.47,E,8,81.0,E,8,964.3861999999999,E,8,999.0,E,8,2.45,E,8,-9900,?,9,-9900,?,9,0.001,E,8,-9900,?,9,-9900,?,9,0.01,99.0,E,8
11/26/2022,09:00,1025.856,1403.511,296.72,1,8,12.63,1,8,287.491,1,8,35606.4,1,8,1199.846,1,8,31623.994,1,8,125.232,1,8,-9900,?,9,-9900,?,9,21.89,E,8,17.94,E,8,75.0,E,8,964.3861999999999,E,8,999.0,E,8,2.3,E,8,-9900,?,9,-9900,?,9,0.0,E,8,-9900,?,9,-9900,?,9,0.0,0.0,E,8
11/26/2022,10:00,1225.595,1403.511,391.97,1,8,25.175,1,8,369.988,1,8,47036.4,1,8,2391.639,1,8,40698.7,1,8,134.88,1,8,-9900,?,9,-9900,?,9,23.08,E,8,18.36,E,8,76.0,E,8,964.3861999999999,E,8,999.0,E,8,1.97,E,8,-9900,?,9,-9900,?,9,0.005,E,8,-9900,?,9,-9900,?,9,0.05,99.0,E,8
11/26/2022,11:00,1354.29,1403.511,460.9,1,8,40.49,1,8,421.831,1,8,55308.0,1,8,3846.539,1,8,46401.402,1,8,139.156,1,8,-9900,?,9,-9900,?,9,24.1,E,8,18.71,E,8,70.0,E,8,964.3861999999999,E,8,999.0,E,8,1.97,E,8,-9900,?,9,-9900,?,9,0.0,E,8,-9900,?,9,-9900,?,9,0.0,0.0,E,8
11/26/2022,12:00,1403.165,1403.511,498.27,1,8,44.804,1,8,453.477,1,8,59792.4,1,8,4256.366,1,8,49882.493,1,8,144.382,1,8,-9900,?,9,-9900,?,9,24.93,E,8,18.99,E,8,68.0,E,8,964.3861999999999,E,8,999.0,E,8,1.98,E,8,-9900,?,9,-9900,?,9,0.0,E,8,-9900,?,9,-9900,?,9,0.0,0.0,E,8
11/26/2022,13:00,1368.896,1403.511,501.35,1,8,50.716,1,8,451.885,1,8,60162.0,1,8,4818.035,1,8,49707.394,1,8,147.479,1,8,-9900,?,9,-9900,?,9,25.52,E,8,19.18,E,8,67.0,E,8,964.3861999999999,E,8,999.0,E,8,2.86,E,8,-9900,?,9,-9900,?,9,0.0,E,8,-9900,?,9,-9900,?,9,0.0,0.0,E,8
11/26/2022,14:00,1253.836,1403.511,469.91,1,8,59.123,1,8,417.096,1,8,56389.2,1,8,5616.718,1,8,45880.525,1,8,148.625,1,8,-9900,?,9,-9900,?,9,25.88,E,8,19.3,E,8,66.0,E,8,964.3861999999999,E,8,999.0,E,8,2.93,E,8,-9900,?,9,-9900,?,9,0.0,E,8,-9900,?,9,-9900,?,9,0.0,0.0,E,8
11/26/2022,15:00,1065.853,1403.511,406.26,1,8,36.074,1,8,378.87,1,8,48751.2,1,8,3427.069,1,8,41675.733,1,8,158.837,1,8,-9900,?,9,-9900,?,9,26.0,E,8,19.34,E,8,66.0,E,8,964.3861999999999,E,8,999.0,E,8,3.59,E,8,-9900,?,9,-9900,?,9,0.0,E,8,-9900,?,9,-9900,?,9,0.0,0.0,E,8
11/26/2022,16:00,817.812,1403.511,315.21,1,8,55.044,1,8,283.155,1,8,37825.2,1,8,5229.198,1,8,31147.003,1,8,154.769,1,8,-9900,?,9,-9900,?,9,25.82,E,8,19.28,E,8,70.0,E,8,964.3861999999999,E,8,999.0,E,8,3.58,E,8,-9900,?,9,-9900,?,9,0.007000000000000001,E,8,-9900,?,9,-9900,?,9,0.07,99.0,E,8
11/26/2022,17:00,526.768,1403.511,204.21,1,8,112.729,1,8,161.975,1,8,24505.2,1,8,10709.255,1,8,17817.291,1,8,137.615,1,8,-9900,?,9,-9900,?,9,25.28,E,8,19.1,E,8,71.0,E,8,964.3861999999999,E,8,999.0,E,8,2.62,E,8,-9900,?,9,-9900,?,9,0.002,E,8,-9900,?,9,-9900,?,9,0.02,99.0,E,8
11/26/2022,18:00,213.434,1403.511,85.48,1,8,208.832,1,8,54.091,1,8,10257.6,1,8,19839.071,1,8,5950.051,1,8,114.552,1,8,-9900,?,9,-9900,?,9,24.45,E,8,18.82,E,8,69.0,E,8,964.3861999999999,E,8,999.0,E,8,1.97,E,8,-9900,?,9,-9900,?,9,0.0,E,8,-9900,?,9,-9900,?,9,0.0,0.0,E,8
11/26/2022,19:00,0.0,1403.511,1.37,1,8,0.0,1,8,0.0,1,8,164.4,1,8,0.0,1,8,0.0,1,8,-0.0,1,8,-9900,?,9,-9900,?,9,23.59,E,8,18.53,E,8,75.0,E,8,964.3861999999999,E,8,999.0,E,8,1.97,E,8,-9900,?,9,-9900,?,9,0.001,E,8,-9900,?,9,-9900,?,9,0.01,99.0,E,8
11/26/2022,20:00,0.0,1403.511,0.0,1,8,0.0,1,8,0.0,1,8,0.0,1,8,0.0,1,8,0.0,1,8,-0.0,1,8,-9900,?,9,-9900,?,9,22.73,E,8,18.23,E,8,76.0,E,8,964.3861999999999,E,8,999.0,E,8,2.47,E,8,-9900,?,9,-9900,?,9,0.012,E,8,-9900,?,9,-9900,?,9,0.12,99.0,E,8
11/26/2022,21:00,0.0,1403.511,0.0,1,8,0.0,1,8,0.0,1,8,0.0,1,8,0.0,1,8,0.0,1,8,-0.0,1,8,-9900,?,9,-9900,?,9,21.87,E,8,17.93,E,8,75.0,E,8,964.3861999999999,E,8,999.0,E,8,2.07,E,8,-9900,?,9,-9900,?,9,0.0,E,8,-9900,?,9,-9900,?,9,0.0,0.0,E,8
11/26/2022,22:00,0.0,1403.511,0.0,1,8,0.0,1,8,0.0,1,8,0.0,1,8,0.0,1,8,0.0,1,8,-0.0,1,8,-9900,?,9,-9900,?,9,21.01,E,8,17.62,E,8,80.0,E,8,964.3861999999999,E,8,999.0,E,8,1.99,E,8,-9900,?,9,-9900,?,9,0.02,E,8,-9900,?,9,-9900,?,9,0.2,99.0,E,8
11/26/2022,23:00,0.0,1403.511,0.0,1,8,0.0,1,8,0.0,1,8,0.0,1,8,0.0,1,8,0.0,1,8,-0.0,1,8,-9900,?,9,-9900,?,9,20.15,E,8,17.31,E,8,82.0,E,8,964.3861999999999,E,8,999.0,E,8,2.0,E,8,-9900,?,9,-9900,?,9,0.015,E,8,-9900,?,9,-9900,?,9,0.15,99.0,E,8
11/26/2022,24:00,0.0,1403.511,0.0,1,8,0.0,1,8,0.0,1,8,0.0,1,8,0.0,1,8,0.0,1,8,-0.0,1,8,-9900,?,9,-9900,?,9,19.29,E,8,15.98,E,8,81.0,E,8,964.3861999999999,E,8,999.0,E,8,0.81,E,8,-9900,?,9,-9900,?,9,0.0,E,8,-9900,?,9,-9900,?,9,0.0,0.0,E,8
11/27/2022,01:00,0.0,1403.511,0.0,1,8,0.0,1,8,0.0,1,8,0.0,1,8,0.0,1,8,0.0,1,8,-0.0,1,8,-9900,?,9,-9900,?,9,18.86,E,8,15.87,E,8,82.0,E,8,964.3861999999999,E,8,999.0,E,8,0.71,E,8,-9900,?,9,-9900,?,9,0.0,E,8,-9900,?,9,-9900,?,9,0.0,0.0,E,8
11/27/2022,02:00,0.0,1403.511,0.0,1,8,0.0,1,8,0.0,1,8,0.0,1,8,0.0,1,8,0.0,1,8,-0.0,1,8,-9900,?,9,-9900,?,9,18.43,E,8,15.76,E,8,84.0,E,8,964.3861999999999,E,8,999.0,E,8,0.71,E,8,-9900,?,9,-9900,?,9,0.0,E,8,-9900,?,9,-9900,?,9,0.0,0.0,E,8
11/27/2022,03:00,0.0,1403.511,0.0,1,8,0.0,1,8,0.0,1,8,0.0,1,8,0.0,1,8,0.0,1,8,-0.0,1,8,-9900,?,9,-9900,?,9,18.0,E,8,15.65,E,8,86.0,E,8,964.3861999999999,E,8,999.0,E,8,0.71,E,8,-9900,?,9,-9900,?,9,0.0,E,8,-9900,?,9,-9900,?,9,0.0,0.0,E,8
11/27/2022,04:00,0.0,1404.03,0.0,1,8,0.0,1,8,0.0,1,8,0.0,1,8,0.0,1,8,0.0,1,8,-0.0,1,8,-9900,?,9,-9900,?,9,17.57,E,8,15.54,E,8,87.0,E,8,964.3861999999999,E,8,999.0,E,8,0.71,E,8,-9900,?,9,-9900,?,9,0.0,E,8,-9900,?,9,-9900,?,9,0.0,0.0,E,8
11/27/2022,05:00,0.0,1404.03,0.0,1,8,0.0,1,8,0.0,1,8,0.0,1,8,0.0,1,8,0.0,1,8,-0.0,1,8,-9900,?,9,-9900,?,9,17.19,E,8,15.45,E,8,89.0,E,8,964.3861999999999,E,8,999.0,E,8,0.71,E,8,-9900,?,9,-9900,?,9,0.0,E,8,-9900,?,9,-9900,?,9,0.0,0.0,E,8
11/27/2022,06:00,156.936,1404.03,0.0,1,8,0.0,1,8,0.0,1,8,0.0,1,8,0.0,1,8,0.0,1,8,0.0,1,8,-9900,?,9,-9900,?,9,16.9,E,8,15.37,E,8,90.0,E,8,964.3861999999999,E,8,999.0,E,8,0.71,E,8,-9900,?,9,-9900,?,9,0.0,E,8,-9900,?,9,-9900,?,9,0.0,0.0,E,8
11/27/2022,07:00,471.606,1404.03,77.09,1,8,0.0,1,8,77.09,1,8,9250.8,1,8,0.0,1,8,8479.9,1,8,73.221,1,8,-9900,?,9,-9900,?,9,16.62,E,8,15.3,E,8,91.0,E,8,964.3861999999999,E,8,999.0,E,8,0.71,E,8,-9900,?,9,-9900,?,9,0.0,E,8,-9900,?,9,-9900,?,9,0.0,0.0,E,8
11/27/2022,08:00,768.327,1404.03,216.35,1,8,9.33,1,8,211.248,1,8,25962.0,1,8,886.39,1,8,23237.238,1,8,122.962,1,8,-9900,?,9,-9900,?,9,19.63,E,8,16.06,E,8,79.0,E,8,964.3861999999999,E,8,999.0,E,8,0.71,E,8,-9900,?,9,-9900,?,9,0.0,E,8,-9900,?,9,-9900,?,9,0.0,0.0,E,8
11/27/2022,09:00,1025.492,1404.03,328.5,1,8,13.624,1,8,318.551,1,8,39420.0,1,8,1294.324,1,8,35040.65,1,8,138.863,1,8,-9900,?,9,-9900,?,9,20.88,E,8,16.37,E,8,75.0,E,8,964.3861999999999,E,8,999.0,E,8,0.71,E,8,-9900,?,9,-9900,?,9,0.0,E,8,-9900,?,9,-9900,?,9,0.0,0.0,E,8
11/27/2022,10:00,1225.4,1404.03,349.74,1,8,2.669,1,8,347.411,1,8,41968.8,1,8,253.526,1,8,38215.215,1,8,126.716,1,8,-9900,?,9,-9900,?,9,21.61,E,8,16.54,E,8,72.0,E,8,964.3861999999999,E,8,999.0,E,8,0.71,E,8,-9900,?,9,-9900,?,9,0.0,E,8,-9900,?,9,-9900,?,9,0.0,0.0,E,8
11/27/2022,11:00,1354.389,1404.03,332.02,1,8,5.495,1,8,326.72,1,8,39842.4,1,8,522.004,1,8,35939.158,1,8,107.812,1,8,-9900,?,9,-9900,?,9,21.97,E,8,16.63,E,8,71.0,E,8,964.3861999999999,E,8,999.0,E,8,0.75,E,8,-9900,?,9,-9900,?,9,0.0,E,8,-9900,?,9,-9900,?,9,0.0,0.0,E,8
11/27/2022,12:00,1403.661,1404.03,804.56,1,8,298.087,1,8,506.551,1,8,96547.2,1,8,28318.286,1,8,55720.643,1,8,161.283,1,8,-9900,?,9,-9900,?,9,23.84,E,8,17.07,E,8,65.0,E,8,964.3861999999999,E,8,999.0,E,8,0.98,E,8,-9900,?,9,-9900,?,9,0.0,E,8,-9900,?,9,-9900,?,9,0.0,0.0,E,8
11/27/2022,13:00,1369.866,1404.03,1188.49,1,8,731.151,1,8,475.141,1,8,142618.8,1,8,69459.326,1,8,52265.475,1,8,155.016,1,8,-9900,?,9,-9900,?,9,26.29,E,8,17.63,E,8,58.0,E,8,964.3861999999999,E,8,999.0,E,8,1.98,E,8,-9900,?,9,-9900,?,9,0.0,E,8,-9900,?,9,-9900,?,9,0.0,0.0,E,8
11/27/2022,14:00,1255.325,1404.03,722.93,1,8,249.762,1,8,499.638,1,8,86751.6,1,8,23727.354,1,8,54960.169,1,8,177.893,1,8,-9900,?,9,-9900,?,9,26.94,E,8,17.78,E,8,57.0,E,8,964.3861999999999,E,8,999.0,E,8,3.07,E,8,-9900,?,9,-9900,?,9,0.0,E,8,-9900,?,9,-9900,?,9,0.0,0.0,E,8
11/27/2022,15:00,1067.869,1404.03,203.67,1,8,6.277,1,8,198.897,1,8,24440.4,1,8,596.344,1,8,21878.633,1,8,83.259,1,8,-9900,?,9,-9900,?,9,25.78,E,8,17.52,E,8,60.0,E,8,964.3861999999999,E,8,999.0,E,8,3.56,E,8,-9900,?,9,-9900,?,9,0.0,E,8,-9900,?,9,-9900,?,9,0.0,0.0,E,8
11/27/2022,16:00,820.326,1404.03,211.97,1,8,10.713,1,8,205.714,1,8,25436.4,1,8,1017.776,1,8,22628.546,1,8,112.137,1,8,-9900,?,9,-9900,?,9,24.88,E,8,17.31,E,8,62.0,E,8,964.3861999999999,E,8,999.0,E,8,2.82,E,8,-9900,?,9,-9900,?,9,0.0,E,8,-9900,?,9,-9900,?,9,0.0,0.0,E,8
11/27/2022,17:00,529.714,1404.03,124.61,1,8,0.0,1,8,124.61,1,8,14953.2,1,8,0.0,1,8,13707.1,1,8,105.317,1,8,-9900,?,9,-9900,?,9,23.87,E,8,17.08,E,8,65.0,E,8,964.3861999999999,E,8,999.0,E,8,2.02,E,8,-9900,?,9,-9900,?,9,0.0,E,8,-9900,?,9,-9900,?,9,0.0,0.0,E,8
11/27/2022,18:00,216.696,1404.03,131.75,1,8,224.761,1,8,97.452,1,8,15810.0,1,8,21352.291,1,8,10719.738,1,8,203.281,1,8,-9900,?,9,-9900,?,9,23.05,E,8,16.89,E,8,68.0,E,8,964.3861999999999,E,8,999.0,E,8,1.13,E,8,-9900,?,9,-9900,?,9,0.0,E,8,-9900,?,9,-9900,?,9,0.0,0.0,E,8
11/27/2022,19:00,0.0,1404.03,18.98,1,8,0.0,1,8,0.0,1,8,2277.6,1,8,0.0,1,8,0.0,1,8,-0.0,1,8,-9900,?,9,-9900,?,9,22.32,E,8,16.71,E,8,70.0,E,8,964.3861999999999,E,8,999.0,E,8,0.71,E,8,-9900,?,9,-9900,?,9,0.0,E,8,-9900,?,9,-9900,?,9,0.0,0.0,E,8
11/27/2022,20:00,0.0,1404.03,0.0,1,8,0.0,1,8,0.0,1,8,0.0,1,8,0.0,1,8,0.0,1,8,-0.0,1,8,-9900,?,9,-9900,?,9,21.6,E,8,16.54,E,8,72.0,E,8,964.3861999999999,E,8,999.0,E,8,0.71,E,8,-9900,?,9,-9900,?,9,0.0,E,8,-9900,?,9,-9900,?,9,0.0,0.0,E,8
11/27/2022,21:00,0.0,1404.03,0.0,1,8,0.0,1,8,0.0,1,8,0.0,1,8,0.0,1,8,0.0,1,8,-0.0,1,8,-9900,?,9,-9900,?,9,20.87,E,8,16.36,E,8,75.0,E,8,964.3861999999999,E,8,999.0,E,8,0.71,E,8,-9900,?,9,-9900,?,9,0.0,E,8,-9900,?,9,-9900,?,9,0.0,0.0,E,8
11/27/2022,22:00,0.0,1404.03,0.0,1,8,0.0,1,8,0.0,1,8,0.0,1,8,0.0,1,8,0.0,1,8,-0.0,1,8,-9900,?,9,-9900,?,9,20.15,E,8,16.19,E,8,77.0,E,8,964.3861999999999,E,8,999.0,E,8,0.71,E,8,-9900,?,9,-9900,?,9,0.0,E,8,-9900,?,9,-9900,?,9,0.0,0.0,E,8
11/27/2022,23:00,0.0,1404.03,0.0,1,8,0.0,1,8,0.0,1,8,0.0,1,8,0.0,1,8,0.0,1,8,-0.0,1,8,-9900,?,9,-9900,?,9,19.43,E,8,16.01,E,8,80.0,E,8,964.3861999999999,E,8,999.0,E,8,0.71,E,8,-9900,?,9,-9900,?,9,0.0,E,8,-9900,?,9,-9900,?,9,0.0,0.0,E,8
11/27/2022,24:00,0.0,1404.03,0.0,1,8,0.0,1,8,0.0,1,8,0.0,1,8,0.0,1,8,0.0,1,8,-0.0,1,8,-9900,?,9,-9900,?,9,18.7,E,8,15.93,E,8,83.0,E,8,964.3861999999999,E,8,999.0,E,8,0.73,E,8,-9900,?,9,-9900,?,9,0.0,E,8,-9900,?,9,-9900,?,9,0.0,0.0,E,8
11/28/2022,01:00,0.0,1404.03,0.0,1,8,0.0,1,8,0.0,1,8,0.0,1,8,0.0,1,8,0.0,1,8,-0.0,1,8,-9900,?,9,-9900,?,9,18.34,E,8,15.81,E,8,85.0,E,8,964.3861999999999,E,8,999.0,E,8,0.73,E,8,-9900,?,9,-9900,?,9,0.0,E,8,-9900,?,9,-9900,?,9,0.0,0.0,E,8
11/28/2022,02:00,0.0,1404.03,0.0,1,8,0.0,1,8,0.0,1,8,0.0,1,8,0.0,1,8,0.0,1,8,-0.0,1,8,-9900,?,9,-9900,?,9,17.98,E,8,15.69,E,8,86.0,E,8,964.3861999999999,E,8,999.0,E,8,0.73,E,8,-9900,?,9,-9900,?,9,0.0,E,8,-9900,?,9,-9900,?,9,0.0,0.0,E,8
11/28/2022,03:00,0.0,1404.03,0.0,1,8,0.0,1,8,0.0,1,8,0.0,1,8,0.0,1,8,0.0,1,8,-0.0,1,8,-9900,?,9,-9900,?,9,17.62,E,8,15.57,E,8,87.0,E,8,964.3861999999999,E,8,999.0,E,8,0.73,E,8,-9900,?,9,-9900,?,9,0.0,E,8,-9900,?,9,-9900,?,9,0.0,0.0,E,8
11/28/2022,04:00,0.0,1404.538,0.0,1,8,0.0,1,8,0.0,1,8,0.0,1,8,0.0,1,8,0.0,1,8,-0.0,1,8,-9900,?,9,-9900,?,9,17.26,E,8,15.44,E,8,89.0,E,8,964.3861999999999,E,8,999.0,E,8,0.73,E,8,-9900,?,9,-9900,?,9,0.0,E,8,-9900,?,9,-9900,?,9,0.0,0.0,E,8
11/28/2022,05:00,0.0,1404.538,0.0,1,8,0.0,1,8,0.0,1,8,0.0,1,8,0.0,1,8,0.0,1,8,-0.0,1,8,-9900,?,9,-9900,?,9,16.93,E,8,15.33,E,8,90.0,E,8,964.3861999999999,E,8,999.0,E,8,0.73,E,8,-9900,?,9,-9900,?,9,0.0,E,8,-9900,?,9,-9900,?,9,0.0,0.0,E,8
11/28/2022,06:00,156.769,1404.538,0.0,1,8,0.0,1,8,0.0,1,8,0.0,1,8,0.0,1,8,0.0,1,8,0.0,1,8,-9900,?,9,-9900,?,9,16.7,E,8,15.25,E,8,91.0,E,8,964.3861999999999,E,8,999.0,E,8,0.73,E,8,-9900,?,9,-9900,?,9,0.0,E,8,-9900,?,9,-9900,?,9,0.0,0.0,E,8
11/28/2022,07:00,471.208,1404.538,75.97,1,8,0.0,1,8,75.97,1,8,9116.4,1,8,0.0,1,8,8356.7,1,8,72.245,1,8,-9900,?,9,-9900,?,9,16.46,E,8,15.16,E,8,92.0,E,8,964.3861999999999,E,8,999.0,E,8,0.73,E,8,-9900,?,9,-9900,?,9,0.0,E,8,-9900,?,9,-9900,?,9,0.0,0.0,E,8
11/28/2022,08:00,767.835,1404.538,213.4,1,8,11.971,1,8,206.86,1,8,25608.0,1,8,1137.221,1,8,22754.634,1,8,120.529,1,8,-9900,?,9,-9900,?,9,20.16,E,8,16.41,E,8,79.0,E,8,964.3861999999999,E,8,999.0,E,8,0.73,E,8,-9900,?,9,-9900,?,9,0.0,E,8,-9900,?,9,-9900,?,9,0.0,0.0,E,8
11/28/2022,09:00,1025.048,1404.538,143.84,1,8,0.0,1,8,143.84,1,8,17260.8,1,8,0.0,1,8,15822.4,1,8,62.753,1,8,-9900,?,9,-9900,?,9,20.15,E,8,16.41,E,8,79.0,E,8,964.3861999999999,E,8,999.0,E,8,0.73,E,8,-9900,?,9,-9900,?,9,0.0,E,8,-9900,?,9,-9900,?,9,0.0,0.0,E,8
11/28/2022,10:00,1225.142,1404.538,457.29,1,8,53.212,1,8,410.879,1,8,54874.8,1,8,5055.099,1,8,45196.717,1,8,149.952,1,8,-9900,?,9,-9900,?,9,22.15,E,8,17.05,E,8,72.0,E,8,964.3861999999999,E,8,999.0,E,8,0.73,E,8,-9900,?,9,-9900,?,9,0.0,E,8,-9900,?,9,-9900,?,9,0.0,0.0,E,8
11/28/2022,11:00,1354.44,1404.538,538.01,1,8,70.468,1,8,470.057,1,8,64561.2,1,8,6694.47,1,8,51706.258,1,8,155.161,1,8,-9900,?,9,-9900,?,9,23.77,E,8,17.55,E,8,68.0,E,8,964.3861999999999,E,8,999.0,E,8,0.75,E,8,-9900,?,9,-9900,?,9,0.0,E,8,-9900,?,9,-9900,?,9,0.0,0.0,E,8
11/28/2022,12:00,1404.127,1404.538,582.0,1,8,89.707,1,8,492.319,1,8,69840.0,1,8,8522.151,1,8,54155.14,1,8,156.756,1,8,-9900,?,9,-9900,?,9,25.03,E,8,17.93,E,8,64.0,E,8,964.3861999999999,E,8,999.0,E,8,0.78,E,8,-9900,?,9,-9900,?,9,0.0,E,8,-9900,?,9,-9900,?,9,0.0,0.0,E,8
11/28/2022,13:00,1370.821,1404.538,586.03,1,8,103.605,1,8,484.913,1,8,70323.6,1,8,9842.507,1,8,53340.458,1,8,158.151,1,8,-9900,?,9,-9900,?,9,25.95,E,8,18.2,E,8,62.0,E,8,964.3861999999999,E,8,999.0,E,8,0.85,E,8,-9900,?,9,-9900,?,9,0.0,E,8,-9900,?,9,-9900,?,9,0.0,0.0,E,8
11/28/2022,14:00,1256.81,1404.538,549.81,1,8,79.123,1,8,479.014,1,8,65977.2,1,8,7516.67,1,8,52691.583,1,8,170.41,1,8,-9900,?,9,-9900,?,9,26.52,E,8,18.36,E,8,60.0,E,8,964.3861999999999,E,8,999.0,E,8,1.5,E,8,-9900,?,9,-9900,?,9,0.0,E,8,-9900,?,9,-9900,?,9,0.0,0.0,E,8
11/28/2022,15:00,1069.889,1404.538,476.0,1,8,79.986,1,8,415.084,1,8,57120.0,1,8,7598.71,1,8,45659.274,1,8,173.49,1,8,-9900,?,9,-9900,?,9,26.75,E,8,18.43,E,8,60.0,E,8,964.3861999999999,E,8,999.0,E,8,2.03,E,8,-9900,?,9,-9900,?,9,0.0,E,8,-9900,?,9,-9900,?,9,0.0,0.0,E,8
11/28/2022,16:00,822.848,1404.538,370.16,1,8,103.519,1,8,309.547,1,8,44419.2,1,8,9834.341,1,8,34050.201,1,8,168.281,1,8,-9900,?,9,-9900,?,9,26.61,E,8,18.39,E,8,60.0,E,8,964.3861999999999,E,8,999.0,E,8,1.62,E,8,-9900,?,9,-9900,?,9,0.0,E,8,-9900,?,9,-9900,?,9,0.0,0.0,E,8
11/28/2022,17:00,532.668,1404.538,240.94,1,8,208.648,1,8,161.948,1,8,28912.8,1,8,19821.514,1,8,17814.262,1,8,136.162,1,8,-9900,?,9,-9900,?,9,25.99,E,8,18.21,E,8,62.0,E,8,964.3861999999999,E,8,999.0,E,8,2.35,E,8,-9900,?,9,-9900,?,9,0.0,E,8,-9900,?,9,-9900,?,9,0.0,0.0,E,8
11/28/2022,18:00,219.962,1404.538,102.42,1,8,335.299,1,8,50.486,1,8,12290.4,1,8,31853.441,1,8,5553.411,1,8,103.752,1,8,-9900,?,9,-9900,?,9,24.96,E,8,17.91,E,8,64.0,E,8,964.3861999999999,E,8,999.0,E,8,1.31,E,8,-9900,?,9,-9900,?,9,0.0,E,8,-9900,?,9,-9900,?,9,0.0,0.0,E,8
11/28/2022,19:00,0.0,1404.538,2.14,1,8,0.0,1,8,0.0,1,8,256.8,1,8,0.0,1,8,0.0,1,8,-0.0,1,8,-9900,?,9,-9900,?,9,24.11,E,8,17.65,E,8,67.0,E,8,964.3861999999999,E,8,999.0,E,8,1.87,E,8,-9900,?,9,-9900,?,9,0.0,E,8,-9900,?,9,-9900,?,9,0.0,0.0,E,8
11/28/2022,20:00,0.0,1404.538,0.0,1,8,0.0,1,8,0.0,1,8,0.0,1,8,0.0,1,8,0.0,1,8,-0.0,1,8,-9900,?,9,-9900,?,9,23.25,E,8,17.39,E,8,69.0,E,8,964.3861999999999,E,8,999.0,E,8,0.85,E,8,-9900,?,9,-9900,?,9,0.0,E,8,-9900,?,9,-9900,?,9,0.0,0.0,E,8
11/28/2022,21:00,0.0,1404.538,0.0,1,8,0.0,1,8,0.0,1,8,0.0,1,8,0.0,1,8,0.0,1,8,-0.0,1,8,-9900,?,9,-9900,?,9,22.39,E,8,17.12,E,8,72.0,E,8,964.3861999999999,E,8,999.0,E,8,0.73,E,8,-9900,?,9,-9900,?,9,0.0,E,8,-9900,?,9,-9900,?,9,0.0,0.0,E,8
11/28/2022,22:00,0.0,1404.538,0.0,1,8,0.0,1,8,0.0,1,8,0.0,1,8,0.0,1,8,0.0,1,8,-0.0,1,8,-9900,?,9,-9900,?,9,21.54,E,8,16.86,E,8,74.0,E,8,964.3861999999999,E,8,999.0,E,8,0.88,E,8,-9900,?,9,-9900,?,9,0.0,E,8,-9900,?,9,-9900,?,9,0.0,0.0,E,8
11/28/2022,23:00,0.0,1404.538,0.0,1,8,0.0,1,8,0.0,1,8,0.0,1,8,0.0,1,8,0.0,1,8,-0.0,1,8,-9900,?,9,-9900,?,9,20.68,E,8,16.58,E,8,77.0,E,8,964.3861999999999,E,8,999.0,E,8,0.78,E,8,-9900,?,9,-9900,?,9,0.0,E,8,-9900,?,9,-9900,?,9,0.0,0.0,E,8
11/28/2022,24:00,0.0,1404.538,0.0,1,8,0.0,1,8,0.0,1,8,0.0,1,8,0.0,1,8,0.0,1,8,-0.0,1,8,-9900,?,9,-9900,?,9,19.83,E,8,15.83,E,8,77.0,E,8,964.3861999999999,E,8,999.0,E,8,1.41,E,8,-9900,?,9,-9900,?,9,0.0,E,8,-9900,?,9,-9900,?,9,0.0,0.0,E,8
11/29/2022,01:00,0.0,1404.538,0.0,1,8,0.0,1,8,0.0,1,8,0.0,1,8,0.0,1,8,0.0,1,8,-0.0,1,8,-9900,?,9,-9900,?,9,19.4,E,8,15.82,E,8,79.0,E,8,964.3861999999999,E,8,999.0,E,8,2.26,E,8,-9900,?,9,-9900,?,9,0.0,E,8,-9900,?,9,-9900,?,9,0.0,0.0,E,8
11/29/2022,02:00,0.0,1404.538,0.0,1,8,0.0,1,8,0.0,1,8,0.0,1,8,0.0,1,8,0.0,1,8,-0.0,1,8,-9900,?,9,-9900,?,9,18.97,E,8,15.8,E,8,81.0,E,8,964.3861999999999,E,8,999.0,E,8,1.45,E,8,-9900,?,9,-9900,?,9,0.0,E,8,-9900,?,9,-9900,?,9,0.0,0.0,E,8
11/29/2022,03:00,0.0,1404.538,0.0,1,8,0.0,1,8,0.0,1,8,0.0,1,8,0.0,1,8,0.0,1,8,-0.0,1,8,-9900,?,9,-9900,?,9,18.54,E,8,15.78,E,8,83.0,E,8,964.3861999999999,E,8,999.0,E,8,1.85,E,8,-9900,?,9,-9900,?,9,0.0,E,8,-9900,?,9,-9900,?,9,0.0,0.0,E,8
11/29/2022,04:00,0.0,1405.035,0.0,1,8,0.0,1,8,0.0,1,8,0.0,1,8,0.0,1,8,0.0,1,8,-0.0,1,8,-9900,?,9,-9900,?,9,18.11,E,8,15.76,E,8,86.0,E,8,964.3861999999999,E,8,999.0,E,8,1.09,E,8,-9900,?,9,-9900,?,9,0.0,E,8,-9900,?,9,-9900,?,9,0.0,0.0,E,8
11/29/2022,05:00,0.0,1405.035,0.0,1,8,0.0,1,8,0.0,1,8,0.0,1,8,0.0,1,8,0.0,1,8,-0.0,1,8,-9900,?,9,-9900,?,9,17.73,E,8,15.75,E,8,88.0,E,8,964.3861999999999,E,8,999.0,E,8,1.09,E,8,-9900,?,9,-9900,?,9,0.0,E,8,-9900,?,9,-9900,?,9,0.0,0.0,E,8
11/29/2022,06:00,156.488,1405.035,0.0,1,8,0.0,1,8,0.0,1,8,0.0,1,8,0.0,1,8,0.0,1,8,0.0,1,8,-9900,?,9,-9900,?,9,17.45,E,8,15.74,E,8,89.0,E,8,964.3861999999999,E,8,999.0,E,8,1.09,E,8,-9900,?,9,-9900,?,9,0.0,E,8,-9900,?,9,-9900,?,9,0.0,0.0,E,8
11/29/2022,07:00,470.703,1405.035,94.81,1,8,0.0,1,8,94.81,1,8,11377.2,1,8,0.0,1,8,10429.1,1,8,90.29,1,8,-9900,?,9,-9900,?,9,17.17,E,8,15.72,E,8,91.0,E,8,964.3861999999999,E,8,999.0,E,8,1.09,E,8,-9900,?,9,-9900,?,9,0.0,E,8,-9900,?,9,-9900,?,9,0.0,0.0,E,8
11/29/2022,08:00,767.249,1405.035,266.64,1,8,36.709,1,8,246.608,1,8,31996.8,1,8,3487.329,1,8,27126.906,1,8,143.849,1,8,-9900,?,9,-9900,?,9,20.75,E,8,15.87,E,8,73.0,E,8,964.3861999999999,E,8,999.0,E,8,1.09,E,8,-9900,?,9,-9900,?,9,0.0,E,8,-9900,?,9,-9900,?,9,0.0,0.0,E,8
11/29/2022,09:00,1024.525,1405.035,432.49,1,8,82.266,1,8,372.519,1,8,51898.8,1,8,7815.272,1,8,40977.056,1,8,162.658,1,8,-9900,?,9,-9900,?,9,22.41,E,8,15.94,E,8,66.0,E,8,964.3861999999999,E,8,999.0,E,8,1.09,E,8,-9900,?,9,-9900,?,9,0.0,E,8,-9900,?,9,-9900,?,9,0.0,0.0,E,8
11/29/2022,10:00,1224.821,1405.035,571.89,1,8,175.674,1,8,418.763,1,8,68626.8,1,8,16689.006,1,8,46063.918,1,8,152.923,1,8,-9900,?,9,-9900,?,9,23.94,E,8,16.0,E,8,61.0,E,8,964.3861999999999,E,8,999.0,E,8,1.09,E,8,-9900,?,9,-9900,?,9,0.0,E,8,-9900,?,9,-9900,?,9,0.0,0.0,E,8
11/29/2022,11:00,1354.447,1405.035,673.06,1,8,101.864,1,8,574.866,1,8,80767.2,1,8,9677.088,1,8,63235.222,1,8,189.824,1,8,-9900,?,9,-9900,?,9,25.25,E,8,16.06,E,8,56.0,E,8,964.3861999999999,E,8,999.0,E,8,1.09,E,8,-9900,?,9,-9900,?,9,0.0,E,8,-9900,?,9,-9900,?,9,0.0,0.0,E,8
11/29/2022,12:00,1404.564,1405.035,728.34,1,8,117.246,1,8,611.133,1,8,87400.8,1,8,11138.365,1,8,67224.67,1,8,194.595,1,8,-9900,?,9,-9900,?,9,26.31,E,8,16.1,E,8,53.0,E,8,964.3861999999999,E,8,999.0,E,8,1.09,E,8,-9900,?,9,-9900,?,9,0.0,E,8,-9900,?,9,-9900,?,9,0.0,0.0,E,8
11/29/2022,13:00,1371.762,1405.035,733.66,1,8,135.471,1,8,601.399,1,8,88039.2,1,8,12869.738,1,8,66153.897,1,8,196.077,1,8,-9900,?,9,-9900,?,9,27.08,E,8,16.13,E,8,51.0,E,8,964.3861999999999,E,8,999.0,E,8,1.09,E,8,-9900,?,9,-9900,?,9,0.0,E,8,-9900,?,9,-9900,?,9,0.0,0.0,E,8
11/29/2022,14:00,1258.292,1405.035,688.67,1,8,323.358,1,8,399.104,1,8,82640.4,1,8,30719.031,1,8,43901.484,1,8,141.864,1,8,-9900,?,9,-9900,?,9,27.55,E,8,16.15,E,8,49.0,E,8,964.3861999999999,E,8,999.0,E,8,1.56,E,8,-9900,?,9,-9900,?,9,0.0,E,8,-9900,?,9,-9900,?,9,0.0,0.0,E,8
11/29/2022,15:00,1071.913,1405.035,596.64,1,8,291.678,1,8,374.163,1,8,71596.8,1,8,27709.382,1,8,41157.98,1,8,156.146,1,8,-9900,?,9,-9900,?,9,27.71,E,8,16.15,E,8,49.0,E,8,964.3861999999999,E,8,999.0,E,8,2.01,E,8,-9900,?,9,-9900,?,9,0.0,E,8,-9900,?,9,-9900,?,9,0.0,0.0,E,8
11/29/2022,16:00,825.377,1405.035,464.5,1,8,346.599,1,8,261.006,1,8,55740.0,1,8,32926.94,1,8,28710.683,1,8,141.507,1,8,-9900,?,9,-9900,?,9,27.48,E,8,16.15,E,8,50.0,E,8,964.3861999999999,E,8,999.0,E,8,1.9,E,8,-9900,?,9,-9900,?,9,0.0,E,8,-9900,?,9,-9900,?,9,0.0,0.0,E,8
11/29/2022,17:00,535.628,1405.035,303.05,1,8,430.947,1,8,139.045,1,8,36366.0,1,8,40939.994,1,8,15294.964,1,8,116.298,1,8,-9900,?,9,-9900,?,9,26.8,E,8,16.12,E,8,51.0,E,8,964.3861999999999,E,8,999.0,E,8,1.84,E,8,-9900,?,9,-9900,?,9,0.0,E,8,-9900,?,9,-9900,?,9,0.0,0.0,E,8
11/29/2022,18:00,223.228,1405.035,129.8,1,8,401.244,1,8,66.732,1,8,15576.0,1,8,38118.157,1,8,7340.481,1,8,135.138,1,8,-9900,?,9,-9900,?,9,25.75,E,8,16.08,E,8,55.0,E,8,964.3861999999999,E,8,999.0,E,8,1.09,E,8,-9900,?,9,-9900,?,9,0.0,E,8,-9900,?,9,-9900,?,9,0.0,0.0,E,8
11/29/2022,19:00,0.0,1405.035,3.05,1,8,0.0,1,8,0.0,1,8,366.0,1,8,0.0,1,8,0.0,1,8,-0.0,1,8,-9900,?,9,-9900,?,9,24.76,E,8,16.04,E,8,58.0,E,8,964.3861999999999,E,8,999.0,E,8,1.09,E,8,-9900,?,9,-9900,?,9,0.0,E,8,-9900,?,9,-9900,?,9,0.0,0.0,E,8
11/29/2022,20:00,0.0,1405.035,0.0,1,8,0.0,1,8,0.0,1,8,0.0,1,8,0.0,1,8,0.0,1,8,-0.0,1,8,-9900,?,9,-9900,?,9,23.78,E,8,16.0,E,8,61.0,E,8,964.3861999999999,E,8,999.0,E,8,1.09,E,8,-9900,?,9,-9900,?,9,0.0,E,8,-9900,?,9,-9900,?,9,0.0,0.0,E,8
11/29/2022,21:00,0.0,1405.035,0.0,1,8,0.0,1,8,0.0,1,8,0.0,1,8,0.0,1,8,0.0,1,8,-0.0,1,8,-9900,?,9,-9900,?,9,22.8,E,8,15.96,E,8,65.0,E,8,964.3861999999999,E,8,999.0,E,8,1.09,E,8,-9900,?,9,-9900,?,9,0.0,E,8,-9900,?,9,-9900,?,9,0.0,0.0,E,8
11/29/2022,22:00,0.0,1405.035,0.0,1,8,0.0,1,8,0.0,1,8,0.0,1,8,0.0,1,8,0.0,1,8,-0.0,1,8,-9900,?,9,-9900,?,9,21.81,E,8,15.92,E,8,69.0,E,8,964.3861999999999,E,8,999.0,E,8,1.09,E,8,-9900,?,9,-9900,?,9,0.0,E,8,-9900,?,9,-9900,?,9,0.0,0.0,E,8
11/29/2022,23:00,0.0,1405.035,0.0,1,8,0.0,1,8,0.0,1,8,0.0,1,8,0.0,1,8,0.0,1,8,-0.0,1,8,-9900,?,9,-9900,?,9,20.83,E,8,15.88,E,8,73.0,E,8,964.3861999999999,E,8,999.0,E,8,1.09,E,8,-9900,?,9,-9900,?,9,0.0,E,8,-9900,?,9,-9900,?,9,0.0,0.0,E,8
11/29/2022,24:00,0.0,1405.035,0.0,1,8,0.0,1,8,0.0,1,8,0.0,1,8,0.0,1,8,0.0,1,8,-0.0,1,8,-9900,?,9,-9900,?,9,19.84,E,8,16.25,E,8,79.0,E,8,964.3861999999999,E,8,999.0,E,8,0.81,E,8,-9900,?,9,-9900,?,9,0.0,E,8,-9900,?,9,-9900,?,9,0.0,0.0,E,8
11/30/2022,01:00,0.0,1405.035,0.0,1,8,0.0,1,8,0.0,1,8,0.0,1,8,0.0,1,8,0.0,1,8,-0.0,1,8,-9900,?,9,-9900,?,9,19.35,E,8,16.13,E,8,81.0,E,8,964.3861999999999,E,8,999.0,E,8,0.81,E,8,-9900,?,9,-9900,?,9,0.0,E,8,-9900,?,9,-9900,?,9,0.0,0.0,E,8
11/30/2022,02:00,0.0,1405.035,0.0,1,8,0.0,1,8,0.0,1,8,0.0,1,8,0.0,1,8,0.0,1,8,-0.0,1,8,-9900,?,9,-9900,?,9,18.86,E,8,16.01,E,8,83.0,E,8,964.3861999999999,E,8,999.0,E,8,0.81,E,8,-9900,?,9,-9900,?,9,0.0,E,8,-9900,?,9,-9900,?,9,0.0,0.0,E,8
11/30/2022,03:00,0.0,1405.035,0.0,1,8,0.0,1,8,0.0,1,8,0.0,1,8,0.0,1,8,0.0,1,8,-0.0,1,8,-9900,?,9,-9900,?,9,18.37,E,8,15.88,E,8,85.0,E,8,964.3861999999999,E,8,999.0,E,8,0.81,E,8,-9900,?,9,-9900,?,9,0.0,E,8,-9900,?,9,-9900,?,9,0.0,0.0,E,8
11/30/2022,04:00,0.0,1405.519,0.0,1,8,0.0,1,8,0.0,1,8,0.0,1,8,0.0,1,8,0.0,1,8,-0.0,1,8,-9900,?,9,-9900,?,9,17.88,E,8,15.76,E,8,87.0,E,8,964.3861999999999,E,8,999.0,E,8,0.81,E,8,-9900,?,9,-9900,?,9,0.0,E,8,-9900,?,9,-9900,?,9,0.0,0.0,E,8
11/30/2022,05:00,0.0,1405.519,0.0,1,8,0.0,1,8,0.0,1,8,0.0,1,8,0.0,1,8,0.0,1,8,-0.0,1,8,-9900,?,9,-9900,?,9,17.44,E,8,15.64,E,8,89.0,E,8,964.3861999999999,E,8,999.0,E,8,0.81,E,8,-9900,?,9,-9900,?,9,0.0,E,8,-9900,?,9,-9900,?,9,0.0,0.0,E,8
11/30/2022,06:00,156.092,1405.519,0.0,1,8,0.0,1,8,0.0,1,8,0.0,1,8,0.0,1,8,0.0,1,8,0.0,1,8,-9900,?,9,-9900,?,9,17.11,E,8,15.56,E,8,90.0,E,8,964.3861999999999,E,8,999.0,E,8,0.81,E,8,-9900,?,9,-9900,?,9,0.0,E,8,-9900,?,9,-9900,?,9,0.0,0.0,E,8
11/30/2022,07:00,470.093,1405.519,112.4,1,8,0.0,1,8,112.4,1,8,13488.0,1,8,0.0,1,8,12364.0,1,8,107.218,1,8,-9900,?,9,-9900,?,9,16.79,E,8,15.47,E,8,91.0,E,8,964.3861999999999,E,8,999.0,E,8,0.81,E,8,-9900,?,9,-9900,?,9,0.0,E,8,-9900,?,9,-9900,?,9,0.0,0.0,E,8
11/30/2022,08:00,766.571,1405.519,329.82,1,8,122.205,1,8,263.215,1,8,39578.4,1,8,11609.497,1,8,28953.687,1,8,153.726,1,8,-9900,?,9,-9900,?,9,21.06,E,8,16.56,E,8,75.0,E,8,964.3861999999999,E,8,999.0,E,8,0.81,E,8,-9900,?,9,-9900,?,9,0.0,E,8,-9900,?,9,-9900,?,9,0.0,0.0,E,8
11/30/2022,09:00,1023.925,1405.519,600.28,1,8,362.535,1,8,336.241,1,8,72033.6,1,8,34440.825,1,8,36986.496,1,8,146.954,1,8,-9900,?,9,-9900,?,9,23.51,E,8,17.15,E,8,67.0,E,8,964.3861999999999,E,8,999.0,E,8,0.81,E,8,-9900,?,9,-9900,?,9,0.0,E,8,-9900,?,9,-9900,?,9,0.0,0.0,E,8
11/30/2022,10:00,1224.44,1405.519,827.02,1,8,547.118,1,8,350.434,1,8,99242.4,1,8,51976.191,1,8,38547.784,1,8,128.055,1,8,-9900,?,9,-9900,?,9,25.82,E,8,17.69,E,8,60.0,E,8,964.3861999999999,E,8,999.0,E,8,0.81,E,8,-9900,?,9,-9900,?,9,0.0,E,8,-9900,?,9,-9900,?,9,0.0,0.0,E,8
11/30/2022,11:00,1354.411,1405.519,827.5,1,8,397.268,1,8,444.687,1,8,99300.0,1,8,37740.415,1,8,48915.558,1,8,146.893,1,8,-9900,?,9,-9900,?,9,27.22,E,8,18.01,E,8,57.0,E,8,964.3861999999999,E,8,999.0,E,8,0.81,E,8,-9900,?,9,-9900,?,9,0.0,E,8,-9900,?,9,-9900,?,9,0.0,0.0,E,8
11/30/2022,12:00,1404.973,1405.519,648.47,1,8,120.65,1,8,527.867,1,8,77816.4,1,8,11461.783,1,8,58065.32,1,8,168.09,1,8,-9900,?,9,-9900,?,9,27.57,E,8,18.08,E,8,56.0,E,8,964.3861999999999,E,8,999.0,E,8,0.81,E,8,-9900,?,9,-9900,?,9,0.0,E,8,-9900,?,9,-9900,?,9,0.0,0.0,E,8
11/30/2022,13:00,1372.688,1405.519,493.45,1,8,39.628,1,8,454.748,1,8,59214.0,1,8,3764.632,1,8,50022.333,1,8,148.215,1,8,-9900,?,9,-9900,?,9,27.27,E,8,18.02,E,8,57.0,E,8,964.3861999999999,E,8,999.0,E,8,0.94,E,8,-9900,?,9,-9900,?,9,0.0,E,8,-9900,?,9,-9900,?,9,0.0,0.0,E,8
11/30/2022,14:00,1259.771,1405.519,353.4,1,8,32.281,1,8,324.468,1,8,42408.0,1,8,3066.725,1,8,35691.507,1,8,115.239,1,8,-9900,?,9,-9900,?,9,26.47,E,8,17.84,E,8,59.0,E,8,964.3861999999999,E,8,999.0,E,8,1.83,E,8,-9900,?,9,-9900,?,9,0.0,E,8,-9900,?,9,-9900,?,9,0.0,0.0,E,8
11/30/2022,15:00,1073.941,1405.519,661.73,1,8,417.212,1,8,343.01,1,8,79407.6,1,8,39635.106,1,8,37731.128,1,8,142.924,1,8,-9900,?,9,-9900,?,9,26.97,E,8,17.95,E,8,57.0,E,8,964.3861999999999,E,8,999.0,E,8,2.11,E,8,-9900,?,9,-9900,?,9,0.0,E,8,-9900,?,9,-9900,?,9,0.0,0.0,E,8
11/30/2022,16:00,827.911,1405.519,460.85,1,8,369.291,1,8,243.442,1,8,55302.0,1,8,35082.677,1,8,26778.574,1,8,131.625,1,8,-9900,?,9,-9900,?,9,26.71,E,8,17.89,E,8,58.0,E,8,964.3861999999999,E,8,999.0,E,8,1.84,E,8,-9900,?,9,-9900,?,9,0.0,E,8,-9900,?,9,-9900,?,9,0.0,0.0,E,8
11/30/2022,17:00,538.591,1405.519,235.59,1,8,206.45,1,8,156.612,1,8,28270.8,1,8,19612.795,1,8,17227.369,1,8,130.313,1,8,-9900,?,9,-9900,?,9,25.83,E,8,17.69,E,8,60.0,E,8,964.3861999999999,E,8,999.0,E,8,1.86,E,8,-9900,?,9,-9900,?,9,0.0,E,8,-9900,?,9,-9900,?,9,0.0,0.0,E,8
11/30/2022,18:00,226.492,1405.519,158.43,1,8,261.178,1,8,116.779,1,8,19011.6,1,8,24811.914,1,8,12845.723,1,8,233.094,1,8,-9900,?,9,-9900,?,9,24.794,E,8,17.448,E,8,63.2,E,8,964.3861999999999,E,8,999.0,E,8,1.298,E,8,-9900,?,9,-9900,?,9,0.0,E,8,-9900,?,9,-9900,?,9,0.0,0.0,E,8
11/30/2022,19:00,0.0,1405.519,66.26,1,8,0.0,1,8,0.0,1,8,7951.2,1,8,0.0,1,8,0.0,1,8,-0.0,1,8,-9900,?,9,-9900,?,9,23.86,E,8,17.23,E,8,66.0,E,8,964.3861999999999,E,8,999.0,E,8,1.092,E,8,-9900,?,9,-9900,?,9,0.0,E,8,-9900,?,9,-9900,?,9,0.0,0.0,E,8
11/30/2022,20:00,0.0,1405.519,19.142,1,8,0.0,1,8,0.0,1,8,2297.04,1,8,0.0,1,8,0.0,1,8,-0.0,1,8,-9900,?,9,-9900,?,9,22.924,E,8,17.008,E,8,69.0,E,8,964.3861999999999,E,8,999.0,E,8,0.882,E,8,-9900,?,9,-9900,?,9,0.0,E,8,-9900,?,9,-9900,?,9,0.0,0.0,E,8
11/30/2022,21:00,0.0,1405.519,0.654,1,8,0.0,1,8,0.0,1,8,78.48,1,8,0.0,1,8,0.0,1,8,-0.0,1,8,-9900,?,9,-9900,?,9,22.038,E,8,16.794,E,8,72.0,E,8,964.3861999999999,E,8,999.0,E,8,0.81,E,8,-9900,?,9,-9900,?,9,0.0,E,8,-9900,?,9,-9900,?,9,0.0,0.0,E,8
11/30/2022,22:00,0.0,1405.519,0.0,1,8,0.0,1,8,0.0,1,8,0.0,1,8,0.0,1,8,0.0,1,8,-0.0,1,8,-9900,?,9,-9900,?,9,21.32,E,8,16.602,E,8,74.2,E,8,964.3861999999999,E,8,999.0,E,8,0.892,E,8,-9900,?,9,-9900,?,9,0.0,E,8,-9900,?,9,-9900,?,9,0.0,0.0,E,8
11/30/2022,23:00,0.0,1405.519,0.0,1,8,0.0,1,8,0.0,1,8,0.0,1,8,0.0,1,8,0.0,1,8,-0.0,1,8,-9900,?,9,-9900,?,9,20.672,E,8,16.422,E,8,76.2,E,8,964.3861999999999,E,8,999.0,E,8,0.974,E,8,-9900,?,9,-9900,?,9,0.0,E,8,-9900,?,9,-9900,?,9,0.0,0.0,E,8
11/30/2021,24:00,0.0,1405.519,0.0,1,8,0.0,1,8,0.0,1,8,0.0,1,8,0.0,1,8,0.0,1,8,-0.0,1,8,-9900,?,9,-9900,?,9,20.094,E,8,16.254,E,8,78.0,E,8,964.3861999999999,E,8,999.0,E,8,0.988,E,8,-9900,?,9,-9900,?,9,0.0,E,8,-9900,?,9,-9900,?,9,0.0,0.0,E,8
12/01/2021,01:00,0.0,1405.519,0.0,1,8,0.0,1,8,0.0,1,8,0.0,1,8,0.0,1,8,0.0,1,8,-0.0,1,8,-9900,?,9,-9900,?,9,19.586,E,8,16.098,E,8,79.6,E,8,964.3861999999999,E,8,999.0,E,8,0.954,E,8,-9900,?,9,-9900,?,9,0.0,E,8,-9900,?,9,-9900,?,9,0.0,0.0,E,8
12/01/2021,02:00,0.0,1405.519,0.0,1,8,0.0,1,8,0.0,1,8,0.0,1,8,0.0,1,8,0.0,1,8,-0.0,1,8,-9900,?,9,-9900,?,9,19.146,E,8,15.956,E,8,81.0,E,8,964.3861999999999,E,8,999.0,E,8,0.938,E,8,-9900,?,9,-9900,?,9,0.0,E,8,-9900,?,9,-9900,?,9,0.0,0.0,E,8
12/01/2021,03:00,0.0,1405.519,0.0,1,8,0.0,1,8,0.0,1,8,0.0,1,8,0.0,1,8,0.0,1,8,-0.0,1,8,-9900,?,9,-9900,?,9,18.62,E,8,15.806,E,8,83.0,E,8,964.3861999999999,E,8,999.0,E,8,0.822,E,8,-9900,?,9,-9900,?,9,0.0,E,8,-9900,?,9,-9900,?,9,0.0,0.0,E,8
12/01/2021,04:00,0.0,1405.992,0.0,1,8,0.0,1,8,0.0,1,8,0.0,1,8,0.0,1,8,0.0,1,8,-0.0,1,8,-9900,?,9,-9900,?,9,18.132,E,8,15.664,E,8,84.8,E,8,964.3861999999999,E,8,999.0,E,8,0.682,E,8,-9900,?,9,-9900,?,9,0.0,E,8,-9900,?,9,-9900,?,9,0.0,0.0,E,8
12/01/2021,05:00,0.0,1405.992,20.624,1,8,0.0,1,8,0.0,1,8,2474.88,1,8,0.0,1,8,0.0,1,8,-0.0,1,8,-9900,?,9,-9900,?,9,17.678,E,8,15.532,E,8,86.6,E,8,964.3861999999999,E,8,999.0,E,8,0.61,E,8,-9900,?,9,-9900,?,9,0.0,E,8,-9900,?,9,-9900,?,9,0.0,0.0,E,8
12/01/2021,06:00,155.484,1405.992,0.0,1,8,0.0,1,8,0.0,1,8,0.0,1,8,0.0,1,8,0.0,1,8,0.0,1,8,-9900,?,9,-9900,?,9,17.24,E,8,15.4,E,8,88.0,E,8,964.3861999999999,E,8,999.0,E,8,0.52,E,8,-9900,?,9,-9900,?,9,0.0,E,8,-9900,?,9,-9900,?,9,0.0,0.0,E,8
12/01/2021,07:00,469.205,1405.992,103.12,1,8,0.0,1,8,103.12,1,8,12374.4,1,8,0.0,1,8,11343.2,1,8,98.587,1,8,-9900,?,9,-9900,?,9,16.88,E,8,15.3,E,8,90.0,E,8,964.3861999999999,E,8,999.0,E,8,0.52,E,8,-9900,?,9,-9900,?,9,0.0,E,8,-9900,?,9,-9900,?,9,0.0,0.0,E,8
12/01/2021,08:00,765.59,1405.992,291.14,1,8,75.783,1,8,249.904,1,8,34936.8,1,8,7199.363,1,8,27489.385,1,8,146.188,1,8,-9900,?,9,-9900,?,9,20.63,E,8,16.37,E,8,76.0,E,8,964.3861999999999,E,8,999.0,E,8,0.76,E,8,-9900,?,9,-9900,?,9,0.0,E,8,-9900,?,9,-9900,?,9,0.0,0.0,E,8
12/01/2021,09:00,1023.034,1405.992,472.92,1,8,121.606,1,8,384.459,1,8,56750.4,1,8,11552.615,1,8,42290.515,1,8,168.231,1,8,-9900,?,9,-9900,?,9,22.38,E,8,16.85,E,8,70.0,E,8,964.3861999999999,E,8,999.0,E,8,1.53,E,8,-9900,?,9,-9900,?,9,0.0,E,8,-9900,?,9,-9900,?,9,0.0,0.0,E,8
12/01/2021,10:00,1223.818,1405.992,625.94,1,8,152.101,1,8,493.559,1,8,75112.8,1,8,14449.639,1,8,54291.462,1,8,180.508,1,8,-9900,?,9,-9900,?,9,23.98,E,8,17.28,E,8,66.0,E,8,964.3861999999999,E,8,999.0,E,8,1.08,E,8,-9900,?,9,-9900,?,9,0.0,E,8,-9900,?,9,-9900,?,9,0.0,0.0,E,8
12/01/2021,11:00,1354.216,1405.992,737.28,1,8,147.187,1,8,595.517,1,8,88473.6,1,8,13982.736,1,8,65506.844,1,8,196.811,1,8,-9900,?,9,-9900,?,9,25.37,E,8,17.64,E,8,62.0,E,8,964.3861999999999,E,8,999.0,E,8,1.18,E,8,-9900,?,9,-9900,?,9,0.0,E,8,-9900,?,9,-9900,?,9,0.0,0.0,E,8
12/01/2021,12:00,1405.335,1405.992,798.48,1,8,303.665,1,8,494.957,1,8,95817.6,1,8,28848.134,1,8,54445.322,1,8,157.624,1,8,-9900,?,9,-9900,?,9,26.48,E,8,17.93,E,8,59.0,E,8,964.3861999999999,E,8,999.0,E,8,2.05,E,8,-9900,?,9,-9900,?,9,0.0,E,8,-9900,?,9,-9900,?,9,0.0,0.0,E,8
12/01/2021,13:00,1373.697,1405.992,805.05,1,8,349.147,1,8,463.927,1,8,96606.0,1,8,33168.996,1,8,51031.991,1,8,151.146,1,8,-9900,?,9,-9900,?,9,27.3,E,8,18.14,E,8,57.0,E,8,964.3861999999999,E,8,999.0,E,8,2.57,E,8,-9900,?,9,-9900,?,9,0.0,E,8,-9900,?,9,-9900,?,9,0.0,0.0,E,8
12/01/2021,14:00,1261.472,1405.992,756.54,1,8,377.542,1,8,417.829,1,8,90784.8,1,8,35866.494,1,8,45961.184,1,8,148.247,1,8,-9900,?,9,-9900,?,9,27.8,E,8,18.26,E,8,56.0,E,8,964.3861999999999,E,8,999.0,E,8,3.98,E,8,-9900,?,9,-9900,?,9,0.0,E,8,-9900,?,9,-9900,?,9,0.0,0.0,E,8
12/01/2021,15:00,1076.333,1405.992,656.47,1,8,449.637,1,8,312.329,1,8,78776.4,1,8,42715.562,1,8,34356.195,1,8,129.894,1,8,-9900,?,9,-9900,?,9,27.97,E,8,18.3,E,8,55.0,E,8,964.3861999999999,E,8,999.0,E,8,3.15,E,8,-9900,?,9,-9900,?,9,0.0,E,8,-9900,?,9,-9900,?,9,0.0,0.0,E,8
12/01/2021,16:00,830.945,1405.992,512.38,1,8,539.782,1,8,193.542,1,8,61485.6,1,8,51279.294,1,8,21289.591,1,8,104.297,1,8,-9900,?,9,-9900,?,9,27.74,E,8,18.25,E,8,56.0,E,8,964.3861999999999,E,8,999.0,E,8,4.9,E,8,-9900,?,9,-9900,?,9,0.0,E,8,-9900,?,9,-9900,?,9,0.0,0.0,E,8
12/01/2021,17:00,542.168,1405.992,336.02,1,8,571.656,1,8,115.949,1,8,40322.4,1,8,54307.333,1,8,12754.417,1,8,95.872,1,8,-9900,?,9,-9900,?,9,27.04,E,8,18.07,E,8,57.0,E,8,964.3861999999999,E,8,999.0,E,8,4.71,E,8,-9900,?,9,-9900,?,9,0.0,E,8,-9900,?,9,-9900,?,9,0.0,0.0,E,8
12/01/2021,18:00,230.455,1405.992,146.28,1,8,338.846,1,8,91.297,1,8,17553.6,1,8,32190.401,1,8,10042.712,1,8,179.096,1,8,-9900,?,9,-9900,?,9,25.94,E,8,17.79,E,8,60.0,E,8,964.3861999999999,E,8,999.0,E,8,4.8,E,8,-9900,?,9,-9900,?,9,0.0,E,8,-9900,?,9,-9900,?,9,0.0,0.0,E,8
12/01/2021,19:00,0.0,1405.992,4.39,1,8,0.0,1,8,0.0,1,8,526.8,1,8,0.0,1,8,0.0,1,8,-0.0,1,8,-9900,?,9,-9900,?,9,24.92,E,8,17.53,E,8,63.0,E,8,964.3861999999999,E,8,999.0,E,8,4.78,E,8,-9900,?,9,-9900,?,9,0.0,E,8,-9900,?,9,-9900,?,9,0.0,0.0,E,8
12/01/2021,20:00,0.0,1405.992,0.0,1,8,0.0,1,8,0.0,1,8,0.0,1,8,0.0,1,8,0.0,1,8,-0.0,1,8,-9900,?,9,-9900,?,9,23.9,E,8,17.26,E,8,66.0,E,8,964.3861999999999,E,8,999.0,E,8,3.67,E,8,-9900,?,9,-9900,?,9,0.0,E,8,-9900,?,9,-9900,?,9,0.0,0.0,E,8
12/01/2021,21:00,0.0,1405.992,0.0,1,8,0.0,1,8,0.0,1,8,0.0,1,8,0.0,1,8,0.0,1,8,-0.0,1,8,-9900,?,9,-9900,?,9,22.89,E,8,16.99,E,8,69.0,E,8,964.3861999999999,E,8,999.0,E,8,3.36,E,8,-9900,?,9,-9900,?,9,0.0,E,8,-9900,?,9,-9900,?,9,0.0,0.0,E,8
12/01/2021,22:00,0.0,1405.992,0.0,1,8,0.0,1,8,0.0,1,8,0.0,1,8,0.0,1,8,0.0,1,8,-0.0,1,8,-9900,?,9,-9900,?,9,21.87,E,8,16.72,E,8,72.0,E,8,964.3861999999999,E,8,999.0,E,8,2.92,E,8,-9900,?,9,-9900,?,9,0.0,E,8,-9900,?,9,-9900,?,9,0.0,0.0,E,8
12/01/2021,23:00,0.0,1405.992,0.0,1,8,0.0,1,8,0.0,1,8,0.0,1,8,0.0,1,8,0.0,1,8,-0.0,1,8,-9900,?,9,-9900,?,9,20.85,E,8,16.44,E,8,75.0,E,8,964.3861999999999,E,8,999.0,E,8,2.28,E,8,-9900,?,9,-9900,?,9,0.0,E,8,-9900,?,9,-9900,?,9,0.0,0.0,E,8
12/01/2021,24:00,0.0,1405.992,0.0,1,8,0.0,1,8,0.0,1,8,0.0,1,8,0.0,1,8,0.0,1,8,-0.0,1,8,-9900,?,9,-9900,?,9,19.83,E,8,14.83,E,8,72.0,E,8,964.3861999999999,E,8,999.0,E,8,9.86,E,8,-9900,?,9,-9900,?,9,0.0,E,8,-9900,?,9,-9900,?,9,0.0,0.0,E,8
12/02/2021,01:00,0.0,1405.992,0.0,1,8,0.0,1,8,0.0,1,8,0.0,1,8,0.0,1,8,0.0,1,8,-0.0,1,8,-9900,?,9,-9900,?,9,19.33,E,8,14.78,E,8,74.0,E,8,964.3861999999999,E,8,999.0,E,8,7.52,E,8,-9900,?,9,-9900,?,9,0.0,E,8,-9900,?,9,-9900,?,9,0.0,0.0,E,8
12/02/2021,02:00,0.0,1405.992,0.0,1,8,0.0,1,8,0.0,1,8,0.0,1,8,0.0,1,8,0.0,1,8,-0.0,1,8,-9900,?,9,-9900,?,9,18.82,E,8,14.72,E,8,77.0,E,8,964.3861999999999,E,8,999.0,E,8,8.89,E,8,-9900,?,9,-9900,?,9,0.0,E,8,-9900,?,9,-9900,?,9,0.0,0.0,E,8
12/02/2021,03:00,0.0,1405.992,0.0,1,8,0.0,1,8,0.0,1,8,0.0,1,8,0.0,1,8,0.0,1,8,-0.0,1,8,-9900,?,9,-9900,?,9,18.31,E,8,14.67,E,8,79.0,E,8,964.3861999999999,E,8,999.0,E,8,8.56,E,8,-9900,?,9,-9900,?,9,0.0,E,8,-9900,?,9,-9900,?,9,0.0,0.0,E,8
12/02/2021,04:00,0.0,1406.452,0.0,1,8,0.0,1,8,0.0,1,8,0.0,1,8,0.0,1,8,0.0,1,8,-0.0,1,8,-9900,?,9,-9900,?,9,17.8,E,8,14.61,E,8,81.0,E,8,964.3861999999999,E,8,999.0,E,8,5.58,E,8,-9900,?,9,-9900,?,9,0.0,E,8,-9900,?,9,-9900,?,9,0.0,0.0,E,8
12/02/2021,05:00,0.0,1406.452,0.0,1,8,0.0,1,8,0.0,1,8,0.0,1,8,0.0,1,8,0.0,1,8,-0.0,1,8,-9900,?,9,-9900,?,9,17.35,E,8,14.56,E,8,83.0,E,8,964.3861999999999,E,8,999.0,E,8,2.85,E,8,-9900,?,9,-9900,?,9,0.0,E,8,-9900,?,9,-9900,?,9,0.0,0.0,E,8
12/02/2021,06:00,154.83,1406.452,0.0,1,8,0.0,1,8,0.0,1,8,0.0,1,8,0.0,1,8,0.0,1,8,0.0,1,8,-9900,?,9,-9900,?,9,17.01,E,8,14.52,E,8,85.0,E,8,964.3861999999999,E,8,999.0,E,8,3.21,E,8,-9900,?,9,-9900,?,9,0.0,E,8,-9900,?,9,-9900,?,9,0.0,0.0,E,8
12/02/2021,07:00,468.356,1406.452,103.49,1,8,0.0,1,8,103.49,1,8,12418.8,1,8,0.0,1,8,11383.9,1,8,99.153,1,8,-9900,?,9,-9900,?,9,16.68,E,8,14.49,E,8,86.0,E,8,964.3861999999999,E,8,999.0,E,8,3.66,E,8,-9900,?,9,-9900,?,9,0.0,E,8,-9900,?,9,-9900,?,9,0.0,0.0,E,8
12/02/2021,08:00,764.703,1406.452,399.36,1,8,235.168,1,8,271.586,1,8,47923.2,1,8,22340.95,1,8,29874.452,1,8,159.108,1,8,-9900,?,9,-9900,?,9,21.23,E,8,14.98,E,8,67.0,E,8,964.3861999999999,E,8,999.0,E,8,2.38,E,8,-9900,?,9,-9900,?,9,0.0,E,8,-9900,?,9,-9900,?,9,0.0,0.0,E,8
12/02/2021,09:00,1022.263,1406.452,627.63,1,8,422.568,1,8,320.572,1,8,75315.6,1,8,40144.007,1,8,35262.89,1,8,140.427,1,8,-9900,?,9,-9900,?,9,23.51,E,8,15.23,E,8,59.0,E,8,964.3861999999999,E,8,999.0,E,8,2.38,E,8,-9900,?,9,-9900,?,9,0.0,E,8,-9900,?,9,-9900,?,9,0.0,0.0,E,8
12/02/2021,10:00,1223.305,1406.452,737.48,1,8,344.978,1,8,437.453,1,8,88497.6,1,8,32772.955,1,8,48119.811,1,8,160.108,1,8,-9900,?,9,-9900,?,9,25.14,E,8,15.4,E,8,54.0,E,8,964.3861999999999,E,8,999.0,E,8,2.38,E,8,-9900,?,9,-9900,?,9,0.0,E,8,-9900,?,9,-9900,?,9,0.0,0.0,E,8
12/02/2021,11:00,1354.087,1406.452,807.61,1,8,336.733,1,8,483.422,1,8,96913.2,1,8,31989.61,1,8,53176.437,1,8,159.833,1,8,-9900,?,9,-9900,?,9,26.38,E,8,15.53,E,8,51.0,E,8,964.3861999999999,E,8,999.0,E,8,2.38,E,8,-9900,?,9,-9900,?,9,0.0,E,8,-9900,?,9,-9900,?,9,0.0,0.0,E,8
12/02/2021,12:00,1405.689,1406.452,843.04,1,8,334.543,1,8,508.679,1,8,101164.8,1,8,31781.603,1,8,55954.645,1,8,162.005,1,8,-9900,?,9,-9900,?,9,27.31,E,8,15.63,E,8,48.0,E,8,964.3861999999999,E,8,999.0,E,8,2.77,E,8,-9900,?,9,-9900,?,9,0.0,E,8,-9900,?,9,-9900,?,9,0.0,0.0,E,8
12/02/2021,13:00,1374.599,1406.452,822.18,1,8,336.657,1,8,493.152,1,8,98661.6,1,8,31982.389,1,8,54246.758,1,8,160.615,1,8,-9900,?,9,-9900,?,9,27.92,E,8,15.69,E,8,47.0,E,8,964.3861999999999,E,8,999.0,E,8,2.38,E,8,-9900,?,9,-9900,?,9,0.0,E,8,-9900,?,9,-9900,?,9,0.0,0.0,E,8
12/02/2021,14:00,1262.951,1406.452,753.49,1,8,331.624,1,8,455.723,1,8,90418.8,1,8,31504.262,1,8,50129.531,1,8,161.555,1,8,-9900,?,9,-9900,?,9,28.22,E,8,15.72,E,8,46.0,E,8,964.3861999999999,E,8,999.0,E,8,2.38,E,8,-9900,?,9,-9900,?,9,0.0,E,8,-9900,?,9,-9900,?,9,0.0,0.0,E,8
12/02/2021,15:00,1078.376,1406.452,569.61,1,8,281.227,1,8,354.028,1,8,68353.2,1,8,26716.532,1,8,38943.1,1,8,147.005,1,8,-9900,?,9,-9900,?,9,27.99,E,8,15.7,E,8,47.0,E,8,964.3861999999999,E,8,999.0,E,8,2.38,E,8,-9900,?,9,-9900,?,9,0.0,E,8,-9900,?,9,-9900,?,9,0.0,0.0,E,8
12/02/2021,16:00,833.499,1406.452,331.51,1,8,86.01,1,8,280.566,1,8,39781.2,1,8,8170.921,1,8,30862.269,1,8,150.779,1,8,-9900,?,9,-9900,?,9,27.07,E,8,15.6,E,8,49.0,E,8,964.3861999999999,E,8,999.0,E,8,4.17,E,8,-9900,?,9,-9900,?,9,0.0,E,8,-9900,?,9,-9900,?,9,0.0,0.0,E,8
12/02/2021,17:00,545.146,1406.452,186.74,1,8,44.299,1,8,169.598,1,8,22408.8,1,8,4208.382,1,8,18655.768,1,8,139.508,1,8,-9900,?,9,-9900,?,9,25.92,E,8,15.48,E,8,52.0,E,8,964.3861999999999,E,8,999.0,E,8,6.45,E,8,-9900,?,9,-9900,?,9,0.0,E,8,-9900,?,9,-9900,?,9,0.0,0.0,E,8
12/02/2021,18:00,233.72,1406.452,147.14,1,8,406.743,1,8,80.209,1,8,17656.8,1,8,38640.59,1,8,8823.004,1,8,155.156,1,8,-9900,?,9,-9900,?,9,24.85,E,8,15.37,E,8,55.0,E,8,964.3861999999999,E,8,999.0,E,8,4.53,E,8,-9900,?,9,-9900,?,9,0.0,E,8,-9900,?,9,-9900,?,9,0.0,0.0,E,8
12/02/2021,19:00,0.0,1406.452,4.87,1,8,0.0,1,8,0.0,1,8,584.4,1,8,0.0,1,8,0.0,1,8,-0.0,1,8,-9900,?,9,-9900,?,9,23.96,E,8,15.27,E,8,58.0,E,8,964.3861999999999,E,8,999.0,E,8,2.38,E,8,-9900,?,9,-9900,?,9,0.0,E,8,-9900,?,9,-9900,?,9,0.0,0.0,E,8
12/02/2021,20:00,0.0,1406.452,0.0,1,8,0.0,1,8,0.0,1,8,0.0,1,8,0.0,1,8,0.0,1,8,-0.0,1,8,-9900,?,9,-9900,?,9,23.07,E,8,15.18,E,8,61.0,E,8,964.3861999999999,E,8,999.0,E,8,2.38,E,8,-9900,?,9,-9900,?,9,0.0,E,8,-9900,?,9,-9900,?,9,0.0,0.0,E,8
12/02/2021,21:00,0.0,1406.452,0.0,1,8,0.0,1,8,0.0,1,8,0.0,1,8,0.0,1,8,0.0,1,8,-0.0,1,8,-9900,?,9,-9900,?,9,22.18,E,8,15.09,E,8,64.0,E,8,964.3861999999999,E,8,999.0,E,8,2.38,E,8,-9900,?,9,-9900,?,9,0.0,E,8,-9900,?,9,-9900,?,9,0.0,0.0,E,8
12/02/2021,22:00,0.0,1406.452,0.0,1,8,0.0,1,8,0.0,1,8,0.0,1,8,0.0,1,8,0.0,1,8,-0.0,1,8,-9900,?,9,-9900,?,9,21.29,E,8,14.99,E,8,67.0,E,8,964.3861999999999,E,8,999.0,E,8,2.38,E,8,-9900,?,9,-9900,?,9,0.0,E,8,-9900,?,9,-9900,?,9,0.0,0.0,E,8
12/02/2021,23:00,0.0,1406.452,0.0,1,8,0.0,1,8,0.0,1,8,0.0,1,8,0.0,1,8,0.0,1,8,-0.0,1,8,-9900,?,9,-9900,?,9,20.4,E,8,14.89,E,8,70.0,E,8,964.3861999999999,E,8,999.0,E,8,2.38,E,8,-9900,?,9,-9900,?,9,0.0,E,8,-9900,?,9,-9900,?,9,0.0,0.0,E,8
12/02/2021,24:00,0.0,1406.452,0.0,1,8,0.0,1,8,0.0,1,8,0.0,1,8,0.0,1,8,0.0,1,8,-0.0,1,8,-9900,?,9,-9900,?,9,19.51,E,8,14.88,E,8,74.0,E,8,964.3861999999999,E,8,999.0,E,8,0.54,E,8,-9900,?,9,-9900,?,9,0.0,E,8,-9900,?,9,-9900,?,9,0.0,0.0,E,8
12/03/2021,01:00,0.0,1406.452,0.0,1,8,0.0,1,8,0.0,1,8,0.0,1,8,0.0,1,8,0.0,1,8,-0.0,1,8,-9900,?,9,-9900,?,9,19.06,E,8,14.9,E,8,76.0,E,8,964.3861999999999,E,8,999.0,E,8,0.54,E,8,-9900,?,9,-9900,?,9,0.0,E,8,-9900,?,9,-9900,?,9,0.0,0.0,E,8
12/03/2021,02:00,0.0,1406.452,0.0,1,8,0.0,1,8,0.0,1,8,0.0,1,8,0.0,1,8,0.0,1,8,-0.0,1,8,-9900,?,9,-9900,?,9,18.62,E,8,14.91,E,8,79.0,E,8,964.3861999999999,E,8,999.0,E,8,0.54,E,8,-9900,?,9,-9900,?,9,0.0,E,8,-9900,?,9,-9900,?,9,0.0,0.0,E,8
12/03/2021,03:00,0.0,1406.452,0.0,1,8,0.0,1,8,0.0,1,8,0.0,1,8,0.0,1,8,0.0,1,8,-0.0,1,8,-9900,?,9,-9900,?,9,18.17,E,8,14.93,E,8,81.0,E,8,964.3861999999999,E,8,999.0,E,8,0.54,E,8,-9900,?,9,-9900,?,9,0.0,E,8,-9900,?,9,-9900,?,9,0.0,0.0,E,8
12/03/2021,04:00,0.0,1406.901,0.0,1,8,0.0,1,8,0.0,1,8,0.0,1,8,0.0,1,8,0.0,1,8,-0.0,1,8,-9900,?,9,-9900,?,9,17.73,E,8,14.94,E,8,83.0,E,8,964.3861999999999,E,8,999.0,E,8,0.54,E,8,-9900,?,9,-9900,?,9,0.0,E,8,-9900,?,9,-9900,?,9,0.0,0.0,E,8
12/03/2021,05:00,0.0,1406.901,0.0,1,8,0.0,1,8,0.0,1,8,0.0,1,8,0.0,1,8,0.0,1,8,-0.0,1,8,-9900,?,9,-9900,?,9,17.33,E,8,14.96,E,8,85.0,E,8,964.3861999999999,E,8,999.0,E,8,0.54,E,8,-9900,?,9,-9900,?,9,0.0,E,8,-9900,?,9,-9900,?,9,0.0,0.0,E,8
12/03/2021,06:00,154.063,1406.901,0.0,1,8,0.0,1,8,0.0,1,8,0.0,1,8,0.0,1,8,0.0,1,8,0.0,1,8,-9900,?,9,-9900,?,9,17.04,E,8,14.97,E,8,87.0,E,8,964.3861999999999,E,8,999.0,E,8,0.54,E,8,-9900,?,9,-9900,?,9,0.0,E,8,-9900,?,9,-9900,?,9,0.0,0.0,E,8
12/03/2021,07:00,467.404,1406.901,123.28,1,8,7.767,1,8,120.706,1,8,14793.6,1,8,737.826,1,8,13277.637,1,8,115.922,1,8,-9900,?,9,-9900,?,9,16.75,E,8,14.98,E,8,89.0,E,8,964.3861999999999,E,8,999.0,E,8,0.54,E,8,-9900,?,9,-9900,?,9,0.0,E,8,-9900,?,9,-9900,?,9,0.0,0.0,E,8
12/03/2021,08:00,763.728,1406.901,338.99,1,8,144.196,1,8,260.769,1,8,40678.8,1,8,13698.636,1,8,28684.574,1,8,153.015,1,8,-9900,?,9,-9900,?,9,20.79,E,8,14.83,E,8,68.0,E,8,964.3861999999999,E,8,999.0,E,8,0.54,E,8,-9900,?,9,-9900,?,9,0.0,E,8,-9900,?,9,-9900,?,9,0.0,0.0,E,8
12/03/2021,09:00,1021.418,1406.901,593.95,1,8,338.915,1,8,347.961,1,8,71274.0,1,8,32196.901,1,8,38275.677,1,8,152.6,1,8,-9900,?,9,-9900,?,9,22.91,E,8,14.75,E,8,60.0,E,8,964.3861999999999,E,8,999.0,E,8,0.54,E,8,-9900,?,9,-9900,?,9,0.0,E,8,-9900,?,9,-9900,?,9,0.0,0.0,E,8
12/03/2021,10:00,1222.736,1406.901,749.96,1,8,387.04,1,8,413.616,1,8,89995.2,1,8,36768.791,1,8,45497.772,1,8,151.502,1,8,-9900,?,9,-9900,?,9,24.65,E,8,14.69,E,8,53.0,E,8,964.3861999999999,E,8,999.0,E,8,0.54,E,8,-9900,?,9,-9900,?,9,0.0,E,8,-9900,?,9,-9900,?,9,0.0,0.0,E,8
12/03/2021,11:00,1353.918,1406.901,899.0,1,8,461.84,1,8,454.563,1,8,107880.0,1,8,43874.832,1,8,50001.88,1,8,150.357,1,8,-9900,?,9,-9900,?,9,26.21,E,8,14.63,E,8,48.0,E,8,964.3861999999999,E,8,999.0,E,8,0.85,E,8,-9900,?,9,-9900,?,9,0.0,E,8,-9900,?,9,-9900,?,9,0.0,0.0,E,8
12/03/2021,12:00,1406.018,1406.901,1006.5,1,8,520.595,1,8,486.232,1,8,120780.0,1,8,49456.495,1,8,53485.527,1,8,154.87,1,8,-9900,?,9,-9900,?,9,27.57,E,8,14.58,E,8,45.0,E,8,964.3861999999999,E,8,999.0,E,8,1.39,E,8,-9900,?,9,-9900,?,9,0.0,E,8,-9900,?,9,-9900,?,9,0.0,0.0,E,8
12/03/2021,13:00,1375.49,1406.901,942.28,1,8,514.724,1,8,439.054,1,8,113073.6,1,8,48898.821,1,8,48295.957,1,8,142.949,1,8,-9900,?,9,-9900,?,9,28.38,E,8,14.55,E,8,42.0,E,8,964.3861999999999,E,8,999.0,E,8,1.59,E,8,-9900,?,9,-9900,?,9,0.0,E,8,-9900,?,9,-9900,?,9,0.0,0.0,E,8
12/03/2021,14:00,1264.427,1406.901,879.05,1,8,550.456,1,8,384.372,1,8,105486.0,1,8,52293.295,1,8,42280.932,1,8,136.145,1,8,-9900,?,9,-9900,?,9,28.85,E,8,14.53,E,8,41.0,E,8,964.3861999999999,E,8,999.0,E,8,2.39,E,8,-9900,?,9,-9900,?,9,0.0,E,8,-9900,?,9,-9900,?,9,0.0,0.0,E,8
12/03/2021,15:00,1080.421,1406.901,687.77,1,8,500.533,1,8,303.467,1,8,82532.4,1,8,47550.654,1,8,33381.361,1,8,125.812,1,8,-9900,?,9,-9900,?,9,28.83,E,8,14.53,E,8,41.0,E,8,964.3861999999999,E,8,999.0,E,8,3.25,E,8,-9900,?,9,-9900,?,9,0.0,E,8,-9900,?,9,-9900,?,9,0.0,0.0,E,8
12/03/2021,16:00,836.058,1406.901,492.76,1,8,405.356,1,8,252.005,1,8,59131.2,1,8,38508.797,1,8,27720.504,1,8,135.058,1,8,-9900,?,9,-9900,?,9,28.24,E,8,14.56,E,8,43.0,E,8,964.3861999999999,E,8,999.0,E,8,2.29,E,8,-9900,?,9,-9900,?,9,0.0,E,8,-9900,?,9,-9900,?,9,0.0,0.0,E,8
12/03/2021,17:00,548.125,1406.901,266.68,1,8,256.107,1,8,167.064,1,8,32001.6,1,8,24330.163,1,8,18376.999,1,8,136.717,1,8,-9900,?,9,-9900,?,9,27.15,E,8,14.6,E,8,46.0,E,8,964.3861999999999,E,8,999.0,E,8,2.16,E,8,-9900,?,9,-9900,?,9,0.0,E,8,-9900,?,9,-9900,?,9,0.0,0.0,E,8
12/03/2021,18:00,236.978,1406.901,126.05,1,8,379.14,1,8,62.795,1,8,15126.0,1,8,36018.333,1,8,6907.482,1,8,119.808,1,8,-9900,?,9,-9900,?,9,25.89,E,8,14.64,E,8,49.0,E,8,964.3861999999999,E,8,999.0,E,8,0.72,E,8,-9900,?,9,-9900,?,9,0.0,E,8,-9900,?,9,-9900,?,9,0.0,0.0,E,8
12/03/2021,19:00,0.0,1406.901,6.4,1,8,0.0,1,8,0.0,1,8,768.0,1,8,0.0,1,8,0.0,1,8,-0.0,1,8,-9900,?,9,-9900,?,9,25.31,E,8,14.67,E,8,51.0,E,8,964.3861999999999,E,8,999.0,E,8,0.57,E,8,-9900,?,9,-9900,?,9,0.0,E,8,-9900,?,9,-9900,?,9,0.0,0.0,E,8
12/03/2021,20:00,0.0,1406.901,0.0,1,8,0.0,1,8,0.0,1,8,0.0,1,8,0.0,1,8,0.0,1,8,-0.0,1,8,-9900,?,9,-9900,?,9,24.72,E,8,14.69,E,8,53.0,E,8,964.3861999999999,E,8,999.0,E,8,0.54,E,8,-9900,?,9,-9900,?,9,0.0,E,8,-9900,?,9,-9900,?,9,0.0,0.0,E,8
12/03/2021,21:00,0.0,1406.901,0.0,1,8,0.0,1,8,0.0,1,8,0.0,1,8,0.0,1,8,0.0,1,8,-0.0,1,8,-9900,?,9,-9900,?,9,24.14,E,8,14.71,E,8,55.0,E,8,964.3861999999999,E,8,999.0,E,8,0.54,E,8,-9900,?,9,-9900,?,9,0.0,E,8,-9900,?,9,-9900,?,9,0.0,0.0,E,8
12/03/2021,22:00,0.0,1406.901,0.0,1,8,0.0,1,8,0.0,1,8,0.0,1,8,0.0,1,8,0.0,1,8,-0.0,1,8,-9900,?,9,-9900,?,9,23.56,E,8,14.73,E,8,57.0,E,8,964.3861999999999,E,8,999.0,E,8,0.54,E,8,-9900,?,9,-9900,?,9,0.0,E,8,-9900,?,9,-9900,?,9,0.0,0.0,E,8
12/03/2021,23:00,0.0,1406.901,0.0,1,8,0.0,1,8,0.0,1,8,0.0,1,8,0.0,1,8,0.0,1,8,-0.0,1,8,-9900,?,9,-9900,?,9,22.98,E,8,14.75,E,8,59.0,E,8,964.3861999999999,E,8,999.0,E,8,0.54,E,8,-9900,?,9,-9900,?,9,0.0,E,8,-9900,?,9,-9900,?,9,0.0,0.0,E,8
12/03/2021,24:00,0.0,1406.901,0.0,1,8,0.0,1,8,0.0,1,8,0.0,1,8,0.0,1,8,0.0,1,8,-0.0,1,8,-9900,?,9,-9900,?,9,22.39,E,8,20.33,E,8,85.0,E,8,964.3861999999999,E,8,999.0,E,8,0.72,E,8,-9900,?,9,-9900,?,9,0.0,E,8,-9900,?,9,-9900,?,9,0.0,0.0,E,8
12/04/2021,01:00,0.0,1406.901,0.0,1,8,0.0,1,8,0.0,1,8,0.0,1,8,0.0,1,8,0.0,1,8,-0.0,1,8,-9900,?,9,-9900,?,9,22.1,E,8,20.23,E,8,86.0,E,8,964.3861999999999,E,8,999.0,E,8,0.72,E,8,-9900,?,9,-9900,?,9,0.0,E,8,-9900,?,9,-9900,?,9,0.0,0.0,E,8
12/04/2021,02:00,0.0,1406.901,0.0,1,8,0.0,1,8,0.0,1,8,0.0,1,8,0.0,1,8,0.0,1,8,-0.0,1,8,-9900,?,9,-9900,?,9,21.81,E,8,20.13,E,8,86.0,E,8,964.3861999999999,E,8,999.0,E,8,0.72,E,8,-9900,?,9,-9900,?,9,0.0,E,8,-9900,?,9,-9900,?,9,0.0,0.0,E,8
12/04/2021,03:00,0.0,1406.901,0.0,1,8,0.0,1,8,0.0,1,8,0.0,1,8,0.0,1,8,0.0,1,8,-0.0,1,8,-9900,?,9,-9900,?,9,21.52,E,8,20.03,E,8,87.0,E,8,964.3861999999999,E,8,999.0,E,8,0.72,E,8,-9900,?,9,-9900,?,9,0.0,E,8,-9900,?,9,-9900,?,9,0.0,0.0,E,8
12/04/2021,04:00,0.0,1407.337,0.0,1,8,0.0,1,8,0.0,1,8,0.0,1,8,0.0,1,8,0.0,1,8,-0.0,1,8,-9900,?,9,-9900,?,9,21.23,E,8,19.93,E,8,88.0,E,8,964.3861999999999,E,8,999.0,E,8,0.72,E,8,-9900,?,9,-9900,?,9,0.0,E,8,-9900,?,9,-9900,?,9,0.0,0.0,E,8
12/04/2021,05:00,0.0,1407.337,0.0,1,8,0.0,1,8,0.0,1,8,0.0,1,8,0.0,1,8,0.0,1,8,-0.0,1,8,-9900,?,9,-9900,?,9,20.97,E,8,19.84,E,8,89.0,E,8,964.3861999999999,E,8,999.0,E,8,0.72,E,8,-9900,?,9,-9900,?,9,0.0,E,8,-9900,?,9,-9900,?,9,0.0,0.0,E,8
12/04/2021,06:00,153.186,1407.337,0.0,1,8,0.0,1,8,0.0,1,8,0.0,1,8,0.0,1,8,0.0,1,8,0.0,1,8,-9900,?,9,-9900,?,9,20.78,E,8,19.77,E,8,89.0,E,8,964.3861999999999,E,8,999.0,E,8,0.72,E,8,-9900,?,9,-9900,?,9,0.0,E,8,-9900,?,9,-9900,?,9,0.0,0.0,E,8
12/04/2021,07:00,466.35,1407.337,60.96,1,8,0.0,1,8,60.96,1,8,7315.2,1,8,0.0,1,8,6705.6,1,8,58.695,1,8,-9900,?,9,-9900,?,9,20.59,E,8,19.71,E,8,94.0,E,8,964.3861999999999,E,8,999.0,E,8,0.72,E,8,-9900,?,9,-9900,?,9,0.001,E,8,-9900,?,9,-9900,?,9,0.01,99.0,E,8
12/04/2021,08:00,762.665,1407.337,260.87,1,8,60.468,1,8,228.124,1,8,31304.4,1,8,5744.479,1,8,25093.653,1,8,134.089,1,8,-9900,?,9,-9900,?,9,23.38,E,8,20.67,E,8,82.0,E,8,964.3861999999999,E,8,999.0,E,8,0.72,E,8,-9900,?,9,-9900,?,9,0.0,E,8,-9900,?,9,-9900,?,9,0.0,0.0,E,8
12/04/2021,09:00,1020.503,1407.337,702.74,1,8,560.696,1,8,296.27,1,8,84328.8,1,8,53266.146,1,8,32589.674,1,8,130.088,1,8,-9900,?,9,-9900,?,9,26.52,E,8,21.69,E,8,74.0,E,8,964.3861999999999,E,8,999.0,E,8,0.72,E,8,-9900,?,9,-9900,?,9,0.0,E,8,-9900,?,9,-9900,?,9,0.0,0.0,E,8
12/04/2021,10:00,1222.112,1407.337,432.9,1,8,66.629,1,8,375.046,1,8,51948.0,1,8,6329.738,1,8,41255.058,1,8,137.487,1,8,-9900,?,9,-9900,?,9,26.91,E,8,21.81,E,8,73.0,E,8,964.3861999999999,E,8,999.0,E,8,0.72,E,8,-9900,?,9,-9900,?,9,0.0,E,8,-9900,?,9,-9900,?,9,0.0,0.0,E,8
12/04/2021,11:00,1353.711,1407.337,208.21,1,8,9.764,1,8,198.818,1,8,24985.2,1,8,927.597,1,8,21869.991,1,8,65.794,1,8,-9900,?,9,-9900,?,9,26.37,E,8,21.64,E,8,74.0,E,8,964.3861999999999,E,8,999.0,E,8,0.72,E,8,-9900,?,9,-9900,?,9,0.0,E,8,-9900,?,9,-9900,?,9,0.0,0.0,E,8
12/04/2021,12:00,1406.324,1407.337,554.19,1,8,54.478,1,8,499.752,1,8,66502.8,1,8,5175.38,1,8,54972.668,1,8,159.19,1,8,-9900,?,9,-9900,?,9,27.01,E,8,21.84,E,8,72.0,E,8,964.3861999999999,E,8,999.0,E,8,1.41,E,8,-9900,?,9,-9900,?,9,0.0,E,8,-9900,?,9,-9900,?,9,0.0,0.0,E,8
12/04/2021,13:00,1376.37,1407.337,559.49,1,8,84.917,1,8,476.442,1,8,67138.8,1,8,8067.13,1,8,52408.671,1,8,155.071,1,8,-9900,?,9,-9900,?,9,27.48,E,8,21.99,E,8,71.0,E,8,964.3861999999999,E,8,999.0,E,8,1.33,E,8,-9900,?,9,-9900,?,9,0.0,E,8,-9900,?,9,-9900,?,9,0.0,0.0,E,8
12/04/2021,14:00,1265.901,1407.337,526.62,1,8,56.418,1,8,475.875,1,8,63194.4,1,8,5359.746,1,8,52346.262,1,8,168.411,1,8,-9900,?,9,-9900,?,9,27.76,E,8,22.07,E,8,71.0,E,8,964.3861999999999,E,8,999.0,E,8,2.55,E,8,-9900,?,9,-9900,?,9,0.0,E,8,-9900,?,9,-9900,?,9,0.0,0.0,E,8
12/04/2021,15:00,1082.469,1407.337,457.97,1,8,79.002,1,8,397.217,1,8,54956.4,1,8,7505.237,1,8,43693.832,1,8,164.418,1,8,-9900,?,9,-9900,?,9,27.85,E,8,22.1,E,8,70.0,E,8,964.3861999999999,E,8,999.0,E,8,2.62,E,8,-9900,?,9,-9900,?,9,0.0,E,8,-9900,?,9,-9900,?,9,0.0,0.0,E,8
12/04/2021,16:00,838.619,1407.337,358.69,1,8,83.581,1,8,308.912,1,8,43042.8,1,8,7940.158,1,8,33980.275,1,8,165.101,1,8,-9900,?,9,-9900,?,9,27.67,E,8,22.05,E,8,71.0,E,8,964.3861999999999,E,8,999.0,E,8,1.76,E,8,-9900,?,9,-9900,?,9,0.0,E,8,-9900,?,9,-9900,?,9,0.0,0.0,E,8
12/04/2021,17:00,551.102,1407.337,236.84,1,8,168.045,1,8,171.141,1,8,28420.8,1,8,15964.232,1,8,18825.492,1,8,139.338,1,8,-9900,?,9,-9900,?,9,27.2,E,8,21.9,E,8,72.0,E,8,964.3861999999999,E,8,999.0,E,8,0.72,E,8,-9900,?,9,-9900,?,9,0.0,E,8,-9900,?,9,-9900,?,9,0.0,0.0,E,8
12/04/2021,18:00,240.227,1407.337,105.31,1,8,301.024,1,8,54.403,1,8,12637.2,1,8,28597.256,1,8,5984.29,1,8,102.398,1,8,-9900,?,9,-9900,?,9,26.49,E,8,21.68,E,8,74.0,E,8,964.3861999999999,E,8,999.0,E,8,0.72,E,8,-9900,?,9,-9900,?,9,0.0,E,8,-9900,?,9,-9900,?,9,0.0,0.0,E,8
12/04/2021,19:00,0.0,1407.337,4.19,1,8,0.0,1,8,0.0,1,8,502.8,1,8,0.0,1,8,0.0,1,8,-0.0,1,8,-9900,?,9,-9900,?,9,25.83,E,8,21.47,E,8,75.0,E,8,964.3861999999999,E,8,999.0,E,8,0.72,E,8,-9900,?,9,-9900,?,9,0.0,E,8,-9900,?,9,-9900,?,9,0.0,0.0,E,8
12/04/2021,20:00,0.0,1407.337,0.0,1,8,0.0,1,8,0.0,1,8,0.0,1,8,0.0,1,8,0.0,1,8,-0.0,1,8,-9900,?,9,-9900,?,9,25.18,E,8,21.26,E,8,81.0,E,8,964.3861999999999,E,8,999.0,E,8,0.72,E,8,-9900,?,9,-9900,?,9,0.094,E,8,-9900,?,9,-9900,?,9,0.94,99.0,E,8
12/04/2021,21:00,0.0,1407.337,0.0,1,8,0.0,1,8,0.0,1,8,0.0,1,8,0.0,1,8,0.0,1,8,-0.0,1,8,-9900,?,9,-9900,?,9,24.53,E,8,21.05,E,8,83.0,E,8,964.3861999999999,E,8,999.0,E,8,0.72,E,8,-9900,?,9,-9900,?,9,0.004,E,8,-9900,?,9,-9900,?,9,0.04,99.0,E,8
12/04/2021,22:00,0.0,1407.337,0.0,1,8,0.0,1,8,0.0,1,8,0.0,1,8,0.0,1,8,0.0,1,8,-0.0,1,8,-9900,?,9,-9900,?,9,23.88,E,8,20.83,E,8,80.0,E,8,964.3861999999999,E,8,999.0,E,8,0.72,E,8,-9900,?,9,-9900,?,9,0.0,E,8,-9900,?,9,-9900,?,9,0.0,0.0,E,8
12/04/2021,23:00,0.0,1407.337,0.0,1,8,0.0,1,8,0.0,1,8,0.0,1,8,0.0,1,8,0.0,1,8,-0.0,1,8,-9900,?,9,-9900,?,9,23.23,E,8,20.62,E,8,86.0,E,8,964.3861999999999,E,8,999.0,E,8,0.72,E,8,-9900,?,9,-9900,?,9,0.001,E,8,-9900,?,9,-9900,?,9,0.01,99.0,E,8
12/04/2021,24:00,0.0,1407.337,0.0,1,8,0.0,1,8,0.0,1,8,0.0,1,8,0.0,1,8,0.0,1,8,-0.0,1,8,-9900,?,9,-9900,?,9,22.58,E,8,20.91,E,8,93.0,E,8,964.3861999999999,E,8,999.0,E,8,0.5,E,8,-9900,?,9,-9900,?,9,0.11200000000000002,E,8,-9900,?,9,-9900,?,9,1.12,99.0,E,8
12/05/2021,01:00,0.0,1407.337,0.0,1,8,0.0,1,8,0.0,1,8,0.0,1,8,0.0,1,8,0.0,1,8,-0.0,1,8,-9900,?,9,-9900,?,9,22.26,E,8,20.84,E,8,90.0,E,8,964.3861999999999,E,8,999.0,E,8,0.5,E,8,-9900,?,9,-9900,?,9,0.002,E,8,-9900,?,9,-9900,?,9,0.02,99.0,E,8
12/05/2021,02:00,0.0,1407.337,0.0,1,8,0.0,1,8,0.0,1,8,0.0,1,8,0.0,1,8,0.0,1,8,-0.0,1,8,-9900,?,9,-9900,?,9,21.93,E,8,20.77,E,8,91.0,E,8,964.3861999999999,E,8,999.0,E,8,0.5,E,8,-9900,?,9,-9900,?,9,0.006,E,8,-9900,?,9,-9900,?,9,0.06,99.0,E,8
12/05/2021,03:00,0.0,1407.337,0.0,1,8,0.0,1,8,0.0,1,8,0.0,1,8,0.0,1,8,0.0,1,8,-0.0,1,8,-9900,?,9,-9900,?,9,21.61,E,8,20.7,E,8,92.0,E,8,964.3861999999999,E,8,999.0,E,8,0.5,E,8,-9900,?,9,-9900,?,9,0.05500000000000001,E,8,-9900,?,9,-9900,?,9,0.55,99.0,E,8
12/05/2021,04:00,0.0,1407.76,0.0,1,8,0.0,1,8,0.0,1,8,0.0,1,8,0.0,1,8,0.0,1,8,-0.0,1,8,-9900,?,9,-9900,?,9,21.28,E,8,20.63,E,8,94.0,E,8,964.3861999999999,E,8,999.0,E,8,0.5,E,8,-9900,?,9,-9900,?,9,0.005,E,8,-9900,?,9,-9900,?,9,0.05,99.0,E,8
12/05/2021,05:00,0.0,1407.76,0.0,1,8,0.0,1,8,0.0,1,8,0.0,1,8,0.0,1,8,0.0,1,8,-0.0,1,8,-9900,?,9,-9900,?,9,20.99,E,8,20.56,E,8,95.0,E,8,964.3861999999999,E,8,999.0,E,8,0.5,E,8,-9900,?,9,-9900,?,9,0.036,E,8,-9900,?,9,-9900,?,9,0.36,99.0,E,8
12/05/2021,06:00,152.2,1407.76,0.0,1,8,0.0,1,8,0.0,1,8,0.0,1,8,0.0,1,8,0.0,1,8,0.0,1,8,-9900,?,9,-9900,?,9,20.78,E,8,20.51,E,8,99.0,E,8,964.3861999999999,E,8,999.0,E,8,0.5,E,8,-9900,?,9,-9900,?,9,0.155,E,8,-9900,?,9,-9900,?,9,1.55,99.0,E,8
12/05/2021,07:00,465.197,1407.76,16.97,1,8,0.0,1,8,16.97,1,8,2036.4,1,8,0.0,1,8,1866.7,1,8,16.385,1,8,-9900,?,9,-9900,?,9,20.56,E,8,20.46,E,8,96.0,E,8,964.3861999999999,E,8,999.0,E,8,0.67,E,8,-9900,?,9,-9900,?,9,0.02,E,8,-9900,?,9,-9900,?,9,0.2,99.0,E,8
12/05/2021,08:00,761.517,1407.76,48.5,1,8,0.0,1,8,48.5,1,8,5820.0,1,8,0.0,1,8,5335.0,1,8,28.559,1,8,-9900,?,9,-9900,?,9,22.47,E,8,20.89,E,8,90.0,E,8,964.3861999999999,E,8,999.0,E,8,0.93,E,8,-9900,?,9,-9900,?,9,0.008,E,8,-9900,?,9,-9900,?,9,0.08,99.0,E,8
12/05/2021,09:00,1019.518,1407.76,79.1,1,8,0.0,1,8,79.1,1,8,9492.0,1,8,0.0,1,8,8701.0,1,8,34.776,1,8,-9900,?,9,-9900,?,9,23.37,E,8,21.09,E,8,87.0,E,8,964.3861999999999,E,8,999.0,E,8,0.62,E,8,-9900,?,9,-9900,?,9,0.03,E,8,-9900,?,9,-9900,?,9,0.3,99.0,E,8
12/05/2021,10:00,1221.436,1407.76,104.94,1,8,0.0,1,8,104.94,1,8,12592.8,1,8,0.0,1,8,11543.4,1,8,38.503,1,8,-9900,?,9,-9900,?,9,24.19,E,8,21.27,E,8,85.0,E,8,964.3861999999999,E,8,999.0,E,8,0.5,E,8,-9900,?,9,-9900,?,9,0.016,E,8,-9900,?,9,-9900,?,9,0.16,99.0,E,8
12/05/2021,11:00,1353.468,1407.76,123.83,1,8,0.0,1,8,123.83,1,8,14859.6,1,8,0.0,1,8,13621.3,1,8,40.998,1,8,-9900,?,9,-9900,?,9,24.91,E,8,21.42,E,8,83.0,E,8,964.3861999999999,E,8,999.0,E,8,0.5,E,8,-9900,?,9,-9900,?,9,0.002,E,8,-9900,?,9,-9900,?,9,0.02,99.0,E,8
12/05/2021,12:00,1406.608,1407.76,134.33,1,8,0.0,1,8,134.33,1,8,16119.6,1,8,0.0,1,8,14776.3,1,8,42.794,1,8,-9900,?,9,-9900,?,9,25.48,E,8,21.54,E,8,81.0,E,8,964.3861999999999,E,8,999.0,E,8,0.8,E,8,-9900,?,9,-9900,?,9,0.001,E,8,-9900,?,9,-9900,?,9,0.01,99.0,E,8
12/05/2021,13:00,1377.238,1407.76,135.68,1,8,0.098,1,8,135.585,1,8,16281.6,1,8,9.266,1,8,14914.304,1,8,44.115,1,8,-9900,?,9,-9900,?,9,25.91,E,8,21.63,E,8,76.0,E,8,964.3861999999999,E,8,999.0,E,8,0.76,E,8,-9900,?,9,-9900,?,9,0.0,E,8,-9900,?,9,-9900,?,9,0.0,0.0,E,8
12/05/2021,14:00,1267.371,1407.76,127.78,1,8,0.0,1,8,127.78,1,8,15333.6,1,8,0.0,1,8,14055.8,1,8,45.182,1,8,-9900,?,9,-9900,?,9,26.17,E,8,21.69,E,8,76.0,E,8,964.3861999999999,E,8,999.0,E,8,0.88,E,8,-9900,?,9,-9900,?,9,0.0,E,8,-9900,?,9,-9900,?,9,0.0,0.0,E,8
12/05/2021,15:00,1084.517,1407.76,111.2,1,8,0.0,1,8,111.2,1,8,13344.0,1,8,0.0,1,8,12232.0,1,8,45.955,1,8,-9900,?,9,-9900,?,9,26.27,E,8,21.71,E,8,79.0,E,8,964.3861999999999,E,8,999.0,E,8,1.03,E,8,-9900,?,9,-9900,?,9,0.013000000000000001,E,8,-9900,?,9,-9900,?,9,0.13,99.0,E,8
12/05/2021,16:00,841.18,1407.76,87.2,1,8,0.0,1,8,87.2,1,8,10464.0,1,8,0.0,1,8,9592.0,1,8,46.477,1,8,-9900,?,9,-9900,?,9,26.16,E,8,21.69,E,8,79.0,E,8,964.3861999999999,E,8,999.0,E,8,0.8,E,8,-9900,?,9,-9900,?,9,0.025,E,8,-9900,?,9,-9900,?,9,0.25,99.0,E,8
12/05/2021,17:00,554.074,1407.76,57.71,1,8,0.0,1,8,57.71,1,8,6925.2,1,8,0.0,1,8,6348.1,1,8,46.747,1,8,-9900,?,9,-9900,?,9,25.81,E,8,21.61,E,8,80.0,E,8,964.3861999999999,E,8,999.0,E,8,1.15,E,8,-9900,?,9,-9900,?,9,0.044,E,8,-9900,?,9,-9900,?,9,0.44,99.0,E,8
12/05/2021,18:00,243.464,1407.76,25.83,1,8,0.0,1,8,25.83,1,8,3099.6,1,8,0.0,1,8,2841.3,1,8,47.974,1,8,-9900,?,9,-9900,?,9,25.25,E,8,21.49,E,8,82.0,E,8,964.3861999999999,E,8,999.0,E,8,1.43,E,8,-9900,?,9,-9900,?,9,0.004,E,8,-9900,?,9,-9900,?,9,0.04,99.0,E,8
12/05/2021,19:00,0.0,1407.76,1.12,1,8,0.0,1,8,0.0,1,8,134.4,1,8,0.0,1,8,0.0,1,8,-0.0,1,8,-9900,?,9,-9900,?,9,24.8,E,8,21.4,E,8,83.0,E,8,964.3861999999999,E,8,999.0,E,8,1.0,E,8,-9900,?,9,-9900,?,9,0.011,E,8,-9900,?,9,-9900,?,9,0.11,99.0,E,8
12/05/2021,20:00,0.0,1407.76,0.0,1,8,0.0,1,8,0.0,1,8,0.0,1,8,0.0,1,8,0.0,1,8,-0.0,1,8,-9900,?,9,-9900,?,9,24.35,E,8,21.3,E,8,84.0,E,8,964.3861999999999,E,8,999.0,E,8,1.54,E,8,-9900,?,9,-9900,?,9,0.068,E,8,-9900,?,9,-9900,?,9,0.68,99.0,E,8
12/05/2021,21:00,0.0,1407.76,0.0,1,8,0.0,1,8,0.0,1,8,0.0,1,8,0.0,1,8,0.0,1,8,-0.0,1,8,-9900,?,9,-9900,?,9,23.9,E,8,21.2,E,8,85.0,E,8,964.3861999999999,E,8,999.0,E,8,2.72,E,8,-9900,?,9,-9900,?,9,0.086,E,8,-9900,?,9,-9900,?,9,0.86,99.0,E,8
12/05/2021,22:00,0.0,1407.76,0.0,1,8,0.0,1,8,0.0,1,8,0.0,1,8,0.0,1,8,0.0,1,8,-0.0,1,8,-9900,?,9,-9900,?,9,23.45,E,8,21.11,E,8,90.0,E,8,964.3861999999999,E,8,999.0,E,8,1.99,E,8,-9900,?,9,-9900,?,9,0.25,E,8,-9900,?,9,-9900,?,9,2.5,99.0,E,8
12/05/2021,23:00,0.0,1407.76,0.0,1,8,0.0,1,8,0.0,1,8,0.0,1,8,0.0,1,8,0.0,1,8,-0.0,1,8,-9900,?,9,-9900,?,9,22.99,E,8,21.0,E,8,95.0,E,8,964.3861999999999,E,8,999.0,E,8,2.42,E,8,-9900,?,9,-9900,?,9,2.6510000000000002,E,8,-9900,?,9,-9900,?,9,26.51,99.0,E,8
12/05/2021,24:00,0.0,1407.76,0.0,1,8,0.0,1,8,0.0,1,8,0.0,1,8,0.0,1,8,0.0,1,8,-0.0,1,8,-9900,?,9,-9900,?,9,22.54,E,8,21.71,E,8,93.0,E,8,964.3861999999999,E,8,999.0,E,8,7.05,E,8,-9900,?,9,-9900,?,9,0.034,E,8,-9900,?,9,-9900,?,9,0.34,99.0,E,8
12/06/2021,01:00,0.0,1407.76,0.0,1,8,0.0,1,8,0.0,1,8,0.0,1,8,0.0,1,8,0.0,1,8,-0.0,1,8,-9900,?,9,-9900,?,9,22.32,E,8,21.61,E,8,90.0,E,8,964.3861999999999,E,8,999.0,E,8,5.32,E,8,-9900,?,9,-9900,?,9,0.0,E,8,-9900,?,9,-9900,?,9,0.0,0.0,E,8
12/06/2021,02:00,0.0,1407.76,0.0,1,8,0.0,1,8,0.0,1,8,0.0,1,8,0.0,1,8,0.0,1,8,-0.0,1,8,-9900,?,9,-9900,?,9,22.09,E,8,21.5,E,8,91.0,E,8,964.3861999999999,E,8,999.0,E,8,6.4,E,8,-9900,?,9,-9900,?,9,0.0,E,8,-9900,?,9,-9900,?,9,0.0,0.0,E,8
12/06/2021,03:00,0.0,1407.76,0.0,1,8,0.0,1,8,0.0,1,8,0.0,1,8,0.0,1,8,0.0,1,8,-0.0,1,8,-9900,?,9,-9900,?,9,21.87,E,8,21.39,E,8,94.0,E,8,964.3861999999999,E,8,999.0,E,8,4.13,E,8,-9900,?,9,-9900,?,9,0.001,E,8,-9900,?,9,-9900,?,9,0.01,99.0,E,8
12/06/2021,04:00,0.0,1408.17,0.0,1,8,0.0,1,8,0.0,1,8,0.0,1,8,0.0,1,8,0.0,1,8,-0.0,1,8,-9900,?,9,-9900,?,9,21.64,E,8,21.28,E,8,95.0,E,8,964.3861999999999,E,8,999.0,E,8,4.59,E,8,-9900,?,9,-9900,?,9,0.005,E,8,-9900,?,9,-9900,?,9,0.05,99.0,E,8
12/06/2021,05:00,0.0,1408.17,0.0,1,8,0.0,1,8,0.0,1,8,0.0,1,8,0.0,1,8,0.0,1,8,-0.0,1,8,-9900,?,9,-9900,?,9,21.44,E,8,21.19,E,8,92.0,E,8,964.3861999999999,E,8,999.0,E,8,3.8,E,8,-9900,?,9,-9900,?,9,0.0,E,8,-9900,?,9,-9900,?,9,0.0,0.0,E,8
12/06/2021,06:00,151.107,1408.17,0.0,1,8,0.0,1,8,0.0,1,8,0.0,1,8,0.0,1,8,0.0,1,8,0.0,1,8,-9900,?,9,-9900,?,9,21.29,E,8,21.11,E,8,92.0,E,8,964.3861999999999,E,8,999.0,E,8,4.49,E,8,-9900,?,9,-9900,?,9,0.0,E,8,-9900,?,9,-9900,?,9,0.0,0.0,E,8
12/06/2021,07:00,463.948,1408.17,9.44,1,8,0.0,1,8,9.44,1,8,1132.8,1,8,0.0,1,8,1038.4,1,8,9.142,1,8,-9900,?,9,-9900,?,9,21.14,E,8,21.04,E,8,93.0,E,8,964.3861999999999,E,8,999.0,E,8,2.77,E,8,-9900,?,9,-9900,?,9,0.0,E,8,-9900,?,9,-9900,?,9,0.0,0.0,E,8
12/06/2021,08:00,760.287,1408.17,27.1,1,8,0.0,1,8,27.1,1,8,3252.0,1,8,0.0,1,8,2981.0,1,8,15.988,1,8,-9900,?,9,-9900,?,9,22.42,E,8,21.65,E,8,90.0,E,8,964.3861999999999,E,8,999.0,E,8,2.2,E,8,-9900,?,9,-9900,?,9,0.0,E,8,-9900,?,9,-9900,?,9,0.0,0.0,E,8
12/06/2021,09:00,1018.467,1408.17,44.25,1,8,0.0,1,8,44.25,1,8,5310.0,1,8,0.0,1,8,4867.5,1,8,19.48,1,8,-9900,?,9,-9900,?,9,23.02,E,8,21.93,E,8,89.0,E,8,964.3861999999999,E,8,999.0,E,8,2.44,E,8,-9900,?,9,-9900,?,9,0.0,E,8,-9900,?,9,-9900,?,9,0.0,0.0,E,8
12/06/2021,10:00,1220.709,1408.17,58.74,1,8,0.0,1,8,58.74,1,8,7048.8,1,8,0.0,1,8,6461.4,1,8,21.571,1,8,-9900,?,9,-9900,?,9,23.58,E,8,22.19,E,8,88.0,E,8,964.3861999999999,E,8,999.0,E,8,2.98,E,8,-9900,?,9,-9900,?,9,0.0,E,8,-9900,?,9,-9900,?,9,0.0,0.0,E,8
12/06/2021,11:00,1353.189,1408.17,69.35,1,8,0.0,1,8,69.35,1,8,8322.0,1,8,0.0,1,8,7628.5,1,8,22.972,1,8,-9900,?,9,-9900,?,9,24.06,E,8,22.41,E,8,87.0,E,8,964.3861999999999,E,8,999.0,E,8,2.2,E,8,-9900,?,9,-9900,?,9,0.0,E,8,-9900,?,9,-9900,?,9,0.0,0.0,E,8
12/06/2021,12:00,1406.87,1408.17,75.27,1,8,0.0,1,8,75.27,1,8,9032.4,1,8,0.0,1,8,8279.7,1,8,23.981,1,8,-9900,?,9,-9900,?,9,24.45,E,8,22.58,E,8,90.0,E,8,964.3861999999999,E,8,999.0,E,8,2.2,E,8,-9900,?,9,-9900,?,9,0.001,E,8,-9900,?,9,-9900,?,9,0.01,99.0,E,8
12/06/2021,13:00,1378.095,1408.17,76.06,1,8,0.0,1,8,76.06,1,8,9127.2,1,8,0.0,1,8,8366.6,1,8,24.739,1,8,-9900,?,9,-9900,?,9,24.73,E,8,22.71,E,8,89.0,E,8,964.3861999999999,E,8,999.0,E,8,2.2,E,8,-9900,?,9,-9900,?,9,0.019,E,8,-9900,?,9,-9900,?,9,0.19,99.0,E,8
12/06/2021,14:00,1268.838,1408.17,71.67,1,8,0.0,1,8,71.67,1,8,8600.4,1,8,0.0,1,8,7883.7,1,8,25.32,1,8,-9900,?,9,-9900,?,9,24.91,E,8,22.79,E,8,89.0,E,8,964.3861999999999,E,8,999.0,E,8,2.2,E,8,-9900,?,9,-9900,?,9,0.071,E,8,-9900,?,9,-9900,?,9,0.71,99.0,E,8
12/06/2021,15:00,1086.565,1408.17,62.42,1,8,0.0,1,8,62.42,1,8,7490.4,1,8,0.0,1,8,6866.2,1,8,25.755,1,8,-9900,?,9,-9900,?,9,24.97,E,8,22.81,E,8,92.0,E,8,964.3861999999999,E,8,999.0,E,8,2.2,E,8,-9900,?,9,-9900,?,9,0.124,E,8,-9900,?,9,-9900,?,9,1.24,99.0,E,8
12/06/2021,16:00,843.74,1408.17,49.0,1,8,0.0,1,8,49.0,1,8,5880.0,1,8,0.0,1,8,5390.0,1,8,26.045,1,8,-9900,?,9,-9900,?,9,24.9,E,8,22.78,E,8,89.0,E,8,964.3861999999999,E,8,999.0,E,8,2.2,E,8,-9900,?,9,-9900,?,9,0.025,E,8,-9900,?,9,-9900,?,9,0.25,99.0,E,8
12/06/2021,17:00,557.04,1408.17,32.5,1,8,0.0,1,8,32.5,1,8,3900.0,1,8,0.0,1,8,3575.0,1,8,26.193,1,8,-9900,?,9,-9900,?,9,24.67,E,8,22.68,E,8,89.0,E,8,964.3861999999999,E,8,999.0,E,8,2.2,E,8,-9900,?,9,-9900,?,9,0.007000000000000001,E,8,-9900,?,9,-9900,?,9,0.07,99.0,E,8
12/06/2021,18:00,246.686,1408.17,14.65,1,8,0.0,1,8,14.65,1,8,1758.0,1,8,0.0,1,8,1611.5,1,8,26.856,1,8,-9900,?,9,-9900,?,9,24.3,E,8,22.52,E,8,90.0,E,8,964.3861999999999,E,8,999.0,E,8,2.2,E,8,-9900,?,9,-9900,?,9,0.003,E,8,-9900,?,9,-9900,?,9,0.03,99.0,E,8
12/06/2021,19:00,0.0,1408.17,0.69,1,8,0.0,1,8,0.0,1,8,82.8,1,8,0.0,1,8,0.0,1,8,-0.0,1,8,-9900,?,9,-9900,?,9,23.71,E,8,22.25,E,8,91.0,E,8,964.3861999999999,E,8,999.0,E,8,2.2,E,8,-9900,?,9,-9900,?,9,0.002,E,8,-9900,?,9,-9900,?,9,0.02,99.0,E,8
12/06/2021,20:00,0.0,1408.17,0.0,1,8,0.0,1,8,0.0,1,8,0.0,1,8,0.0,1,8,0.0,1,8,-0.0,1,8,-9900,?,9,-9900,?,9,23.11,E,8,21.97,E,8,92.0,E,8,964.3861999999999,E,8,999.0,E,8,2.2,E,8,-9900,?,9,-9900,?,9,0.014000000000000002,E,8,-9900,?,9,-9900,?,9,0.14,99.0,E,8
12/06/2021,21:00,0.0,1408.17,0.0,1,8,0.0,1,8,0.0,1,8,0.0,1,8,0.0,1,8,0.0,1,8,-0.0,1,8,-9900,?,9,-9900,?,9,22.52,E,8,21.7,E,8,99.0,E,8,964.3861999999999,E,8,999.0,E,8,2.2,E,8,-9900,?,9,-9900,?,9,1.636,E,8,-9900,?,9,-9900,?,9,16.36,99.0,E,8
12/06/2021,22:00,0.0,1408.17,0.0,1,8,0.0,1,8,0.0,1,8,0.0,1,8,0.0,1,8,0.0,1,8,-0.0,1,8,-9900,?,9,-9900,?,9,21.93,E,8,21.42,E,8,94.0,E,8,964.3861999999999,E,8,999.0,E,8,2.2,E,8,-9900,?,9,-9900,?,9,0.01,E,8,-9900,?,9,-9900,?,9,0.1,99.0,E,8
12/06/2021,23:00,0.0,1408.17,0.0,1,8,0.0,1,8,0.0,1,8,0.0,1,8,0.0,1,8,0.0,1,8,-0.0,1,8,-9900,?,9,-9900,?,9,21.34,E,8,21.14,E,8,95.0,E,8,964.3861999999999,E,8,999.0,E,8,2.2,E,8,-9900,?,9,-9900,?,9,0.048,E,8,-9900,?,9,-9900,?,9,0.48,99.0,E,8
12/06/2021,24:00,0.0,1408.17,0.0,1,8,0.0,1,8,0.0,1,8,0.0,1,8,0.0,1,8,0.0,1,8,-0.0,1,8,-9900,?,9,-9900,?,9,20.75,E,8,18.86,E,8,86.0,E,8,964.3861999999999,E,8,999.0,E,8,0.97,E,8,-9900,?,9,-9900,?,9,0.0,E,8,-9900,?,9,-9900,?,9,0.0,0.0,E,8
12/07/2021,01:00,0.0,1408.17,0.0,1,8,0.0,1,8,0.0,1,8,0.0,1,8,0.0,1,8,0.0,1,8,-0.0,1,8,-9900,?,9,-9900,?,9,20.46,E,8,18.63,E,8,86.0,E,8,964.3861999999999,E,8,999.0,E,8,0.97,E,8,-9900,?,9,-9900,?,9,0.0,E,8,-9900,?,9,-9900,?,9,0.0,0.0,E,8
12/07/2021,02:00,0.0,1408.17,0.0,1,8,0.0,1,8,0.0,1,8,0.0,1,8,0.0,1,8,0.0,1,8,-0.0,1,8,-9900,?,9,-9900,?,9,20.16,E,8,18.38,E,8,86.0,E,8,964.3861999999999,E,8,999.0,E,8,0.97,E,8,-9900,?,9,-9900,?,9,0.0,E,8,-9900,?,9,-9900,?,9,0.0,0.0,E,8
12/07/2021,03:00,0.0,1408.17,0.0,1,8,0.0,1,8,0.0,1,8,0.0,1,8,0.0,1,8,0.0,1,8,-0.0,1,8,-9900,?,9,-9900,?,9,19.87,E,8,18.14,E,8,90.0,E,8,964.3861999999999,E,8,999.0,E,8,0.97,E,8,-9900,?,9,-9900,?,9,0.008,E,8,-9900,?,9,-9900,?,9,0.08,99.0,E,8
12/07/2021,04:00,0.0,1408.568,0.0,1,8,0.0,1,8,0.0,1,8,0.0,1,8,0.0,1,8,0.0,1,8,-0.0,1,8,-9900,?,9,-9900,?,9,19.57,E,8,17.89,E,8,90.0,E,8,964.3861999999999,E,8,999.0,E,8,0.97,E,8,-9900,?,9,-9900,?,9,0.001,E,8,-9900,?,9,-9900,?,9,0.01,99.0,E,8
12/07/2021,05:00,0.0,1408.568,0.0,1,8,0.0,1,8,0.0,1,8,0.0,1,8,0.0,1,8,0.0,1,8,-0.0,1,8,-9900,?,9,-9900,?,9,19.31,E,8,17.66,E,8,87.0,E,8,964.3861999999999,E,8,999.0,E,8,0.97,E,8,-9900,?,9,-9900,?,9,0.0,E,8,-9900,?,9,-9900,?,9,0.0,0.0,E,8
12/07/2021,06:00,149.909,1408.568,0.0,1,8,0.0,1,8,0.0,1,8,0.0,1,8,0.0,1,8,0.0,1,8,0.0,1,8,-9900,?,9,-9900,?,9,19.12,E,8,17.5,E,8,87.0,E,8,964.3861999999999,E,8,999.0,E,8,0.97,E,8,-9900,?,9,-9900,?,9,0.0,E,8,-9900,?,9,-9900,?,9,0.0,0.0,E,8
12/07/2021,07:00,462.604,1408.568,61.35,1,8,0.0,1,8,61.35,1,8,7362.0,1,8,0.0,1,8,6748.5,1,8,59.604,1,8,-9900,?,9,-9900,?,9,18.92,E,8,17.32,E,8,87.0,E,8,964.3861999999999,E,8,999.0,E,8,0.97,E,8,-9900,?,9,-9900,?,9,0.0,E,8,-9900,?,9,-9900,?,9,0.0,0.0,E,8
12/07/2021,08:00,758.977,1408.568,176.86,1,8,5.036,1,8,174.148,1,8,21223.2,1,8,478.451,1,8,19156.305,1,8,102.951,1,8,-9900,?,9,-9900,?,9,21.49,E,8,19.45,E,8,85.0,E,8,964.3861999999999,E,8,999.0,E,8,0.97,E,8,-9900,?,9,-9900,?,9,0.0,E,8,-9900,?,9,-9900,?,9,0.0,0.0,E,8
12/07/2021,09:00,1017.351,1408.568,289.18,1,8,11.888,1,8,280.596,1,8,34701.6,1,8,1129.335,1,8,30865.592,1,8,123.696,1,8,-9900,?,9,-9900,?,9,22.71,E,8,20.38,E,8,84.0,E,8,964.3861999999999,E,8,999.0,E,8,0.97,E,8,-9900,?,9,-9900,?,9,0.0,E,8,-9900,?,9,-9900,?,9,0.0,0.0,E,8
12/07/2021,10:00,1219.934,1408.568,384.2,1,8,24.119,1,8,363.313,1,8,46104.0,1,8,2291.33,1,8,39964.409,1,8,133.541,1,8,-9900,?,9,-9900,?,9,23.83,E,8,21.19,E,8,83.0,E,8,964.3861999999999,E,8,999.0,E,8,0.97,E,8,-9900,?,9,-9900,?,9,0.0,E,8,-9900,?,9,-9900,?,9,0.0,0.0,E,8
12/07/2021,11:00,1352.877,1408.568,453.84,1,8,38.254,1,8,417.099,1,8,54460.8,1,8,3634.134,1,8,45880.924,1,8,138.236,1,8,-9900,?,9,-9900,?,9,24.8,E,8,21.86,E,8,82.0,E,8,964.3861999999999,E,8,999.0,E,8,0.97,E,8,-9900,?,9,-9900,?,9,0.0,E,8,-9900,?,9,-9900,?,9,0.0,0.0,E,8
12/07/2021,12:00,1407.111,1408.568,492.8,1,8,42.969,1,8,449.875,1,8,59136.0,1,8,4082.087,1,8,49486.265,1,8,143.348,1,8,-9900,?,9,-9900,?,9,25.59,E,8,22.39,E,8,81.0,E,8,964.3861999999999,E,8,999.0,E,8,0.97,E,8,-9900,?,9,-9900,?,9,0.0,E,8,-9900,?,9,-9900,?,9,0.0,0.0,E,8
12/07/2021,13:00,1378.942,1408.568,498.23,1,8,48.396,1,8,450.852,1,8,59787.6,1,8,4597.648,1,8,49593.744,1,8,146.596,1,8,-9900,?,9,-9900,?,9,26.17,E,8,22.76,E,8,81.0,E,8,964.3861999999999,E,8,999.0,E,8,0.97,E,8,-9900,?,9,-9900,?,9,0.0,E,8,-9900,?,9,-9900,?,9,0.0,0.0,E,8
12/07/2021,14:00,1270.3,1408.568,469.74,1,8,56.006,1,8,419.235,1,8,56368.8,1,8,5320.587,1,8,46115.838,1,8,147.982,1,8,-9900,?,9,-9900,?,9,26.53,E,8,22.99,E,8,80.0,E,8,964.3861999999999,E,8,999.0,E,8,0.97,E,8,-9900,?,9,-9900,?,9,0.0,E,8,-9900,?,9,-9900,?,9,0.0,0.0,E,8
12/07/2021,15:00,1088.61,1408.568,409.4,1,8,49.493,1,8,371.157,1,8,49128.0,1,8,4701.867,1,8,40827.238,1,8,152.897,1,8,-9900,?,9,-9900,?,9,26.66,E,8,23.08,E,8,80.0,E,8,964.3861999999999,E,8,999.0,E,8,0.97,E,8,-9900,?,9,-9900,?,9,0.0,E,8,-9900,?,9,-9900,?,9,0.0,0.0,E,8
12/07/2021,16:00,846.296,1408.568,321.75,1,8,50.915,1,8,291.175,1,8,38610.0,1,8,4836.961,1,8,32029.24,1,8,154.342,1,8,-9900,?,9,-9900,?,9,26.53,E,8,22.99,E,8,80.0,E,8,964.3861999999999,E,8,999.0,E,8,0.97,E,8,-9900,?,9,-9900,?,9,0.0,E,8,-9900,?,9,-9900,?,9,0.0,0.0,E,8
12/07/2021,17:00,559.995,1408.568,213.88,1,8,101.889,1,8,173.435,1,8,25665.6,1,8,9679.49,1,8,19077.884,1,8,139.077,1,8,-9900,?,9,-9900,?,9,26.05,E,8,22.69,E,8,84.0,E,8,964.3861999999999,E,8,999.0,E,8,0.97,E,8,-9900,?,9,-9900,?,9,0.002,E,8,-9900,?,9,-9900,?,9,0.02,99.0,E,8
12/07/2021,18:00,249.888,1408.568,97.02,1,8,159.481,1,8,68.97,1,8,11642.4,1,8,15150.67,1,8,7586.726,1,8,124.822,1,8,-9900,?,9,-9900,?,9,25.3,E,8,22.19,E,8,89.0,E,8,964.3861999999999,E,8,999.0,E,8,0.97,E,8,-9900,?,9,-9900,?,9,0.186,E,8,-9900,?,9,-9900,?,9,1.86,99.0,E,8
12/07/2021,19:00,0.0,1408.568,4.92,1,8,0.0,1,8,0.0,1,8,590.4,1,8,0.0,1,8,0.0,1,8,-0.0,1,8,-9900,?,9,-9900,?,9,24.52,E,8,21.67,E,8,86.0,E,8,964.3861999999999,E,8,999.0,E,8,0.97,E,8,-9900,?,9,-9900,?,9,0.003,E,8,-9900,?,9,-9900,?,9,0.03,99.0,E,8
12/07/2021,20:00,0.0,1408.568,0.0,1,8,0.0,1,8,0.0,1,8,0.0,1,8,0.0,1,8,0.0,1,8,-0.0,1,8,-9900,?,9,-9900,?,9,23.73,E,8,21.11,E,8,83.0,E,8,964.3861999999999,E,8,999.0,E,8,0.97,E,8,-9900,?,9,-9900,?,9,0.0,E,8,-9900,?,9,-9900,?,9,0.0,0.0,E,8
12/07/2021,21:00,0.0,1408.568,0.0,1,8,0.0,1,8,0.0,1,8,0.0,1,8,0.0,1,8,0.0,1,8,-0.0,1,8,-9900,?,9,-9900,?,9,22.94,E,8,20.55,E,8,84.0,E,8,964.3861999999999,E,8,999.0,E,8,0.97,E,8,-9900,?,9,-9900,?,9,0.0,E,8,-9900,?,9,-9900,?,9,0.0,0.0,E,8
12/07/2021,22:00,0.0,1408.568,0.0,1,8,0.0,1,8,0.0,1,8,0.0,1,8,0.0,1,8,0.0,1,8,-0.0,1,8,-9900,?,9,-9900,?,9,22.16,E,8,19.97,E,8,85.0,E,8,964.3861999999999,E,8,999.0,E,8,0.97,E,8,-9900,?,9,-9900,?,9,0.0,E,8,-9900,?,9,-9900,?,9,0.0,0.0,E,8
12/07/2021,23:00,0.0,1408.568,0.0,1,8,0.0,1,8,0.0,1,8,0.0,1,8,0.0,1,8,0.0,1,8,-0.0,1,8,-9900,?,9,-9900,?,9,21.37,E,8,19.36,E,8,85.0,E,8,964.3861999999999,E,8,999.0,E,8,0.97,E,8,-9900,?,9,-9900,?,9,0.0,E,8,-9900,?,9,-9900,?,9,0.0,0.0,E,8
12/07/2021,24:00,0.0,1408.568,0.0,1,8,0.0,1,8,0.0,1,8,0.0,1,8,0.0,1,8,0.0,1,8,-0.0,1,8,-9900,?,9,-9900,?,9,20.58,E,8,18.28,E,8,86.0,E,8,964.3861999999999,E,8,999.0,E,8,0.97,E,8,-9900,?,9,-9900,?,9,0.0,E,8,-9900,?,9,-9900,?,9,0.0,0.0,E,8
12/08/2021,01:00,0.0,1408.568,0.0,1,8,0.0,1,8,0.0,1,8,0.0,1,8,0.0,1,8,0.0,1,8,-0.0,1,8,-9900,?,9,-9900,?,9,20.19,E,8,18.01,E,8,87.0,E,8,964.3861999999999,E,8,999.0,E,8,0.97,E,8,-9900,?,9,-9900,?,9,0.0,E,8,-9900,?,9,-9900,?,9,0.0,0.0,E,8
12/08/2021,02:00,0.0,1408.568,0.0,1,8,0.0,1,8,0.0,1,8,0.0,1,8,0.0,1,8,0.0,1,8,-0.0,1,8,-9900,?,9,-9900,?,9,19.79,E,8,17.74,E,8,87.0,E,8,964.3861999999999,E,8,999.0,E,8,0.97,E,8,-9900,?,9,-9900,?,9,0.0,E,8,-9900,?,9,-9900,?,9,0.0,0.0,E,8
12/08/2021,03:00,0.0,1408.568,0.0,1,8,0.0,1,8,0.0,1,8,0.0,1,8,0.0,1,8,0.0,1,8,-0.0,1,8,-9900,?,9,-9900,?,9,19.4,E,8,17.46,E,8,88.0,E,8,964.3861999999999,E,8,999.0,E,8,0.97,E,8,-9900,?,9,-9900,?,9,0.0,E,8,-9900,?,9,-9900,?,9,0.0,0.0,E,8
12/08/2021,04:00,0.0,1408.952,0.0,1,8,0.0,1,8,0.0,1,8,0.0,1,8,0.0,1,8,0.0,1,8,-0.0,1,8,-9900,?,9,-9900,?,9,19.01,E,8,17.18,E,8,89.0,E,8,964.3861999999999,E,8,999.0,E,8,0.97,E,8,-9900,?,9,-9900,?,9,0.0,E,8,-9900,?,9,-9900,?,9,0.0,0.0,E,8
12/08/2021,05:00,0.0,1408.952,0.0,1,8,0.0,1,8,0.0,1,8,0.0,1,8,0.0,1,8,0.0,1,8,-0.0,1,8,-9900,?,9,-9900,?,9,18.66,E,8,16.93,E,8,89.0,E,8,964.3861999999999,E,8,999.0,E,8,0.97,E,8,-9900,?,9,-9900,?,9,0.0,E,8,-9900,?,9,-9900,?,9,0.0,0.0,E,8
12/08/2021,06:00,148.608,1408.952,0.0,1,8,0.0,1,8,0.0,1,8,0.0,1,8,0.0,1,8,0.0,1,8,0.0,1,8,-9900,?,9,-9900,?,9,18.4,E,8,16.73,E,8,90.0,E,8,964.3861999999999,E,8,999.0,E,8,0.97,E,8,-9900,?,9,-9900,?,9,0.0,E,8,-9900,?,9,-9900,?,9,0.0,0.0,E,8
12/08/2021,07:00,461.168,1408.952,76.1,1,8,0.0,1,8,76.1,1,8,9132.0,1,8,0.0,1,8,8371.0,1,8,74.186,1,8,-9900,?,9,-9900,?,9,18.14,E,8,16.54,E,8,90.0,E,8,964.3861999999999,E,8,999.0,E,8,0.97,E,8,-9900,?,9,-9900,?,9,0.0,E,8,-9900,?,9,-9900,?,9,0.0,0.0,E,8
12/08/2021,08:00,757.589,1408.952,182.45,1,8,7.8,1,8,178.259,1,8,21894.0,1,8,740.996,1,8,19608.491,1,8,105.603,1,8,-9900,?,9,-9900,?,9,20.71,E,8,18.37,E,8,86.0,E,8,964.3861999999999,E,8,999.0,E,8,0.97,E,8,-9900,?,9,-9900,?,9,0.0,E,8,-9900,?,9,-9900,?,9,0.0,0.0,E,8
12/08/2021,09:00,1016.173,1408.952,340.72,1,8,34.585,1,8,315.783,1,8,40886.4,1,8,3285.61,1,8,34736.118,1,8,139.407,1,8,-9900,?,9,-9900,?,9,22.11,E,8,19.29,E,8,84.0,E,8,964.3861999999999,E,8,999.0,E,8,0.97,E,8,-9900,?,9,-9900,?,9,0.0,E,8,-9900,?,9,-9900,?,9,0.0,0.0,E,8
12/08/2021,10:00,1219.113,1408.952,377.89,1,8,27.981,1,8,353.682,1,8,45346.8,1,8,2658.162,1,8,38904.999,1,8,130.124,1,8,-9900,?,9,-9900,?,9,23.0,E,8,19.85,E,8,82.0,E,8,964.3861999999999,E,8,999.0,E,8,0.97,E,8,-9900,?,9,-9900,?,9,0.0,E,8,-9900,?,9,-9900,?,9,0.0,0.0,E,8
12/08/2021,11:00,1352.533,1408.952,183.87,1,8,7.333,1,8,176.83,1,8,22064.4,1,8,696.682,1,8,19451.337,1,8,58.636,1,8,-9900,?,9,-9900,?,9,22.76,E,8,19.7,E,8,82.0,E,8,964.3861999999999,E,8,999.0,E,8,0.97,E,8,-9900,?,9,-9900,?,9,0.0,E,8,-9900,?,9,-9900,?,9,0.0,0.0,E,8
12/08/2021,12:00,1407.332,1408.952,581.69,1,8,77.77,1,8,504.009,1,8,69802.8,1,8,7388.163,1,8,55441.029,1,8,160.616,1,8,-9900,?,9,-9900,?,9,23.92,E,8,20.41,E,8,80.0,E,8,964.3861999999999,E,8,999.0,E,8,0.97,E,8,-9900,?,9,-9900,?,9,0.0,E,8,-9900,?,9,-9900,?,9,0.0,0.0,E,8
12/08/2021,13:00,1379.778,1408.952,581.67,1,8,85.572,1,8,497.871,1,8,69800.4,1,8,8129.369,1,8,54765.774,1,8,161.83,1,8,-9900,?,9,-9900,?,9,24.75,E,8,20.9,E,8,79.0,E,8,964.3861999999999,E,8,999.0,E,8,0.97,E,8,-9900,?,9,-9900,?,9,0.0,E,8,-9900,?,9,-9900,?,9,0.0,0.0,E,8
12/08/2021,14:00,1271.758,1408.952,801.17,1,8,448.882,1,8,396.025,1,8,96140.4,1,8,42643.756,1,8,43562.716,1,8,139.667,1,8,-9900,?,9,-9900,?,9,25.91,E,8,21.57,E,8,76.0,E,8,964.3861999999999,E,8,999.0,E,8,0.97,E,8,-9900,?,9,-9900,?,9,0.0,E,8,-9900,?,9,-9900,?,9,0.0,0.0,E,8
12/08/2021,15:00,1090.652,1408.952,737.8,1,8,626.113,1,8,253.229,1,8,88536.0,1,8,59480.722,1,8,27855.209,1,8,104.15,1,8,-9900,?,9,-9900,?,9,26.68,E,8,21.99,E,8,75.0,E,8,964.3861999999999,E,8,999.0,E,8,0.97,E,8,-9900,?,9,-9900,?,9,0.0,E,8,-9900,?,9,-9900,?,9,0.0,0.0,E,8
12/08/2021,16:00,848.846,1408.952,499.63,1,8,417.365,1,8,248.311,1,8,59955.6,1,8,39649.713,1,8,27314.219,1,8,131.262,1,8,-9900,?,9,-9900,?,9,26.82,E,8,22.07,E,8,75.0,E,8,964.3861999999999,E,8,999.0,E,8,0.97,E,8,-9900,?,9,-9900,?,9,0.0,E,8,-9900,?,9,-9900,?,9,0.0,0.0,E,8
12/08/2021,17:00,562.939,1408.952,253.75,1,8,199.777,1,8,174.053,1,8,30450.0,1,8,18978.814,1,8,19145.782,1,8,138.877,1,8,-9900,?,9,-9900,?,9,26.26,E,8,21.76,E,8,76.0,E,8,964.3861999999999,E,8,999.0,E,8,0.97,E,8,-9900,?,9,-9900,?,9,0.0,E,8,-9900,?,9,-9900,?,9,0.0,0.0,E,8
12/08/2021,18:00,253.07,1408.952,115.84,1,8,361.448,1,8,51.463,1,8,13900.8,1,8,34337.535,1,8,5660.889,1,8,91.972,1,8,-9900,?,9,-9900,?,9,25.4,E,8,21.28,E,8,77.0,E,8,964.3861999999999,E,8,999.0,E,8,0.97,E,8,-9900,?,9,-9900,?,9,0.0,E,8,-9900,?,9,-9900,?,9,0.0,0.0,E,8
12/08/2021,19:00,0.0,1408.952,6.31,1,8,0.0,1,8,0.0,1,8,757.2,1,8,0.0,1,8,0.0,1,8,-0.0,1,8,-9900,?,9,-9900,?,9,24.49,E,8,20.75,E,8,79.0,E,8,964.3861999999999,E,8,999.0,E,8,0.97,E,8,-9900,?,9,-9900,?,9,0.0,E,8,-9900,?,9,-9900,?,9,0.0,0.0,E,8
12/08/2021,20:00,0.0,1408.952,0.0,1,8,0.0,1,8,0.0,1,8,0.0,1,8,0.0,1,8,0.0,1,8,-0.0,1,8,-9900,?,9,-9900,?,9,23.58,E,8,20.2,E,8,81.0,E,8,964.3861999999999,E,8,999.0,E,8,0.97,E,8,-9900,?,9,-9900,?,9,0.0,E,8,-9900,?,9,-9900,?,9,0.0,0.0,E,8
12/08/2021,21:00,0.0,1408.952,0.0,1,8,0.0,1,8,0.0,1,8,0.0,1,8,0.0,1,8,0.0,1,8,-0.0,1,8,-9900,?,9,-9900,?,9,22.67,E,8,19.64,E,8,83.0,E,8,964.3861999999999,E,8,999.0,E,8,0.97,E,8,-9900,?,9,-9900,?,9,0.0,E,8,-9900,?,9,-9900,?,9,0.0,0.0,E,8
12/08/2021,22:00,0.0,1408.952,0.0,1,8,0.0,1,8,0.0,1,8,0.0,1,8,0.0,1,8,0.0,1,8,-0.0,1,8,-9900,?,9,-9900,?,9,21.75,E,8,19.06,E,8,84.0,E,8,964.3861999999999,E,8,999.0,E,8,0.97,E,8,-9900,?,9,-9900,?,9,0.0,E,8,-9900,?,9,-9900,?,9,0.0,0.0,E,8
12/08/2021,23:00,0.0,1408.952,0.0,1,8,0.0,1,8,0.0,1,8,0.0,1,8,0.0,1,8,0.0,1,8,-0.0,1,8,-9900,?,9,-9900,?,9,20.84,E,8,18.46,E,8,86.0,E,8,964.3861999999999,E,8,999.0,E,8,0.97,E,8,-9900,?,9,-9900,?,9,0.0,E,8,-9900,?,9,-9900,?,9,0.0,0.0,E,8
12/08/2021,24:00,0.0,1408.952,0.0,1,8,0.0,1,8,0.0,1,8,0.0,1,8,0.0,1,8,0.0,1,8,-0.0,1,8,-9900,?,9,-9900,?,9,19.93,E,8,16.34,E,8,79.0,E,8,964.3861999999999,E,8,999.0,E,8,0.97,E,8,-9900,?,9,-9900,?,9,0.0,E,8,-9900,?,9,-9900,?,9,0.0,0.0,E,8
12/09/2021,01:00,0.0,1408.952,0.0,1,8,0.0,1,8,0.0,1,8,0.0,1,8,0.0,1,8,0.0,1,8,-0.0,1,8,-9900,?,9,-9900,?,9,19.47,E,8,16.13,E,8,81.0,E,8,964.3861999999999,E,8,999.0,E,8,0.97,E,8,-9900,?,9,-9900,?,9,0.0,E,8,-9900,?,9,-9900,?,9,0.0,0.0,E,8
12/09/2021,02:00,0.0,1408.952,0.0,1,8,0.0,1,8,0.0,1,8,0.0,1,8,0.0,1,8,0.0,1,8,-0.0,1,8,-9900,?,9,-9900,?,9,19.02,E,8,15.93,E,8,82.0,E,8,964.3861999999999,E,8,999.0,E,8,0.97,E,8,-9900,?,9,-9900,?,9,0.0,E,8,-9900,?,9,-9900,?,9,0.0,0.0,E,8
12/09/2021,03:00,0.0,1408.952,0.0,1,8,0.0,1,8,0.0,1,8,0.0,1,8,0.0,1,8,0.0,1,8,-0.0,1,8,-9900,?,9,-9900,?,9,18.56,E,8,15.72,E,8,83.0,E,8,964.3861999999999,E,8,999.0,E,8,0.97,E,8,-9900,?,9,-9900,?,9,0.0,E,8,-9900,?,9,-9900,?,9,0.0,0.0,E,8
12/09/2021,04:00,0.0,1409.324,0.0,1,8,0.0,1,8,0.0,1,8,0.0,1,8,0.0,1,8,0.0,1,8,-0.0,1,8,-9900,?,9,-9900,?,9,18.11,E,8,15.51,E,8,84.0,E,8,964.3861999999999,E,8,999.0,E,8,0.97,E,8,-9900,?,9,-9900,?,9,0.0,E,8,-9900,?,9,-9900,?,9,0.0,0.0,E,8
12/09/2021,05:00,0.0,1409.324,0.0,1,8,0.0,1,8,0.0,1,8,0.0,1,8,0.0,1,8,0.0,1,8,-0.0,1,8,-9900,?,9,-9900,?,9,17.7,E,8,15.32,E,8,85.0,E,8,964.3861999999999,E,8,999.0,E,8,0.97,E,8,-9900,?,9,-9900,?,9,0.0,E,8,-9900,?,9,-9900,?,9,0.0,0.0,E,8
12/09/2021,06:00,147.207,1409.324,0.0,1,8,0.0,1,8,0.0,1,8,0.0,1,8,0.0,1,8,0.0,1,8,0.0,1,8,-9900,?,9,-9900,?,9,17.4,E,8,15.18,E,8,86.0,E,8,964.3861999999999,E,8,999.0,E,8,0.97,E,8,-9900,?,9,-9900,?,9,0.0,E,8,-9900,?,9,-9900,?,9,0.0,0.0,E,8
12/09/2021,07:00,459.643,1409.324,97.8,1,8,0.0,1,8,97.8,1,8,11736.0,1,8,0.0,1,8,10758.0,1,8,95.683,1,8,-9900,?,9,-9900,?,9,17.1,E,8,15.03,E,8,87.0,E,8,964.3861999999999,E,8,999.0,E,8,0.97,E,8,-9900,?,9,-9900,?,9,0.0,E,8,-9900,?,9,-9900,?,9,0.0,0.0,E,8
12/09/2021,08:00,756.126,1409.324,284.78,1,8,73.655,1,8,245.291,1,8,34173.6,1,8,6997.224,1,8,26982.064,1,8,145.634,1,8,-9900,?,9,-9900,?,9,20.51,E,8,16.59,E,8,78.0,E,8,964.3861999999999,E,8,999.0,E,8,0.97,E,8,-9900,?,9,-9900,?,9,0.0,E,8,-9900,?,9,-9900,?,9,0.0,0.0,E,8
12/09/2021,09:00,1014.935,1409.324,467.04,1,8,120.723,1,8,380.124,1,8,56044.8,1,8,11468.729,1,8,41813.615,1,8,168.061,1,8,-9900,?,9,-9900,?,9,22.14,E,8,17.29,E,8,73.0,E,8,964.3861999999999,E,8,999.0,E,8,0.97,E,8,-9900,?,9,-9900,?,9,0.0,E,8,-9900,?,9,-9900,?,9,0.0,0.0,E,8
12/09/2021,10:00,1218.246,1409.324,621.49,1,8,151.791,1,8,490.292,1,8,74578.8,1,8,14420.11,1,8,53932.159,1,8,180.561,1,8,-9900,?,9,-9900,?,9,23.65,E,8,17.91,E,8,70.0,E,8,964.3861999999999,E,8,999.0,E,8,0.97,E,8,-9900,?,9,-9900,?,9,0.0,E,8,-9900,?,9,-9900,?,9,0.0,0.0,E,8
12/09/2021,11:00,1352.158,1409.324,734.98,1,8,147.067,1,8,593.882,1,8,88197.6,1,8,13971.344,1,8,65327.043,1,8,197.036,1,8,-9900,?,9,-9900,?,9,24.96,E,8,18.43,E,8,67.0,E,8,964.3861999999999,E,8,999.0,E,8,0.97,E,8,-9900,?,9,-9900,?,9,0.0,E,8,-9900,?,9,-9900,?,9,0.0,0.0,E,8
12/09/2021,12:00,1407.534,1409.324,798.87,1,8,303.283,1,8,495.972,1,8,95864.4,1,8,28811.88,1,8,54556.963,1,8,158.074,1,8,-9900,?,9,-9900,?,9,26.02,E,8,18.84,E,8,64.0,E,8,964.3861999999999,E,8,999.0,E,8,0.97,E,8,-9900,?,9,-9900,?,9,0.0,E,8,-9900,?,9,-9900,?,9,0.0,0.0,E,8
12/09/2021,13:00,1380.603,1409.324,808.49,1,8,348.242,1,8,467.349,1,8,97018.8,1,8,33082.977,1,8,51408.412,1,8,151.858,1,8,-9900,?,9,-9900,?,9,26.8,E,8,19.14,E,8,62.0,E,8,964.3861999999999,E,8,999.0,E,8,0.97,E,8,-9900,?,9,-9900,?,9,0.0,E,8,-9900,?,9,-9900,?,9,0.0,0.0,E,8
12/09/2021,14:00,1273.209,1409.324,763.12,1,8,375.686,1,8,423.741,1,8,91574.4,1,8,35690.143,1,8,46611.515,1,8,149.311,1,8,-9900,?,9,-9900,?,9,27.29,E,8,19.32,E,8,61.0,E,8,964.3861999999999,E,8,999.0,E,8,0.97,E,8,-9900,?,9,-9900,?,9,0.0,E,8,-9900,?,9,-9900,?,9,0.0,0.0,E,8
12/09/2021,15:00,1092.69,1409.324,666.09,1,8,450.715,1,8,316.706,1,8,79930.8,1,8,42817.879,1,8,34837.664,1,8,130.048,1,8,-9900,?,9,-9900,?,9,27.47,E,8,19.39,E,8,61.0,E,8,964.3861999999999,E,8,999.0,E,8,0.97,E,8,-9900,?,9,-9900,?,9,0.0,E,8,-9900,?,9,-9900,?,9,0.0,0.0,E,8
12/09/2021,16:00,851.388,1409.324,524.67,1,8,533.197,1,8,202.724,1,8,62960.4,1,8,50653.697,1,8,22299.692,1,8,106.871,1,8,-9900,?,9,-9900,?,9,27.3,E,8,19.33,E,8,61.0,E,8,964.3861999999999,E,8,999.0,E,8,0.97,E,8,-9900,?,9,-9900,?,9,0.0,E,8,-9900,?,9,-9900,?,9,0.0,0.0,E,8
12/09/2021,17:00,565.868,1409.324,350.27,1,8,562.758,1,8,124.655,1,8,42032.4,1,8,53462.044,1,8,13712.058,1,8,98.972,1,8,-9900,?,9,-9900,?,9,26.67,E,8,19.09,E,8,63.0,E,8,964.3861999999999,E,8,999.0,E,8,0.97,E,8,-9900,?,9,-9900,?,9,0.0,E,8,-9900,?,9,-9900,?,9,0.0,0.0,E,8
12/09/2021,18:00,256.227,1409.324,160.91,1,8,415.572,1,8,85.974,1,8,19309.2,1,8,39479.382,1,8,9457.121,1,8,151.765,1,8,-9900,?,9,-9900,?,9,25.68,E,8,18.71,E,8,65.0,E,8,964.3861999999999,E,8,999.0,E,8,0.97,E,8,-9900,?,9,-9900,?,9,0.0,E,8,-9900,?,9,-9900,?,9,0.0,0.0,E,8
12/09/2021,19:00,0.0,1409.324,9.39,1,8,0.0,1,8,0.0,1,8,1126.8,1,8,0.0,1,8,0.0,1,8,-0.0,1,8,-9900,?,9,-9900,?,9,24.72,E,8,18.34,E,8,67.0,E,8,964.3861999999999,E,8,999.0,E,8,0.97,E,8,-9900,?,9,-9900,?,9,0.0,E,8,-9900,?,9,-9900,?,9,0.0,0.0,E,8
12/09/2021,20:00,0.0,1409.324,0.0,1,8,0.0,1,8,0.0,1,8,0.0,1,8,0.0,1,8,0.0,1,8,-0.0,1,8,-9900,?,9,-9900,?,9,23.77,E,8,17.96,E,8,69.0,E,8,964.3861999999999,E,8,999.0,E,8,0.97,E,8,-9900,?,9,-9900,?,9,0.0,E,8,-9900,?,9,-9900,?,9,0.0,0.0,E,8
12/09/2021,21:00,0.0,1409.324,0.0,1,8,0.0,1,8,0.0,1,8,0.0,1,8,0.0,1,8,0.0,1,8,-0.0,1,8,-9900,?,9,-9900,?,9,22.82,E,8,17.57,E,8,72.0,E,8,964.3861999999999,E,8,999.0,E,8,0.97,E,8,-9900,?,9,-9900,?,9,0.0,E,8,-9900,?,9,-9900,?,9,0.0,0.0,E,8
12/09/2021,22:00,0.0,1409.324,0.0,1,8,0.0,1,8,0.0,1,8,0.0,1,8,0.0,1,8,0.0,1,8,-0.0,1,8,-9900,?,9,-9900,?,9,21.86,E,8,17.17,E,8,74.0,E,8,964.3861999999999,E,8,999.0,E,8,0.97,E,8,-9900,?,9,-9900,?,9,0.0,E,8,-9900,?,9,-9900,?,9,0.0,0.0,E,8
12/09/2021,23:00,0.0,1409.324,0.0,1,8,0.0,1,8,0.0,1,8,0.0,1,8,0.0,1,8,0.0,1,8,-0.0,1,8,-9900,?,9,-9900,?,9,20.91,E,8,16.76,E,8,77.0,E,8,964.3861999999999,E,8,999.0,E,8,0.97,E,8,-9900,?,9,-9900,?,9,0.0,E,8,-9900,?,9,-9900,?,9,0.0,0.0,E,8
12/09/2021,24:00,0.0,1409.324,0.0,1,8,0.0,1,8,0.0,1,8,0.0,1,8,0.0,1,8,0.0,1,8,-0.0,1,8,-9900,?,9,-9900,?,9,19.96,E,8,14.84,E,8,72.0,E,8,964.3861999999999,E,8,999.0,E,8,0.92,E,8,-9900,?,9,-9900,?,9,0.0,E,8,-9900,?,9,-9900,?,9,0.0,0.0,E,8
12/10/2021,01:00,0.0,1409.324,0.0,1,8,0.0,1,8,0.0,1,8,0.0,1,8,0.0,1,8,0.0,1,8,-0.0,1,8,-9900,?,9,-9900,?,9,19.48,E,8,14.77,E,8,74.0,E,8,964.3861999999999,E,8,999.0,E,8,0.92,E,8,-9900,?,9,-9900,?,9,0.0,E,8,-9900,?,9,-9900,?,9,0.0,0.0,E,8
12/10/2021,02:00,0.0,1409.324,0.0,1,8,0.0,1,8,0.0,1,8,0.0,1,8,0.0,1,8,0.0,1,8,-0.0,1,8,-9900,?,9,-9900,?,9,19.0,E,8,14.7,E,8,76.0,E,8,964.3861999999999,E,8,999.0,E,8,0.92,E,8,-9900,?,9,-9900,?,9,0.0,E,8,-9900,?,9,-9900,?,9,0.0,0.0,E,8
12/10/2021,03:00,0.0,1409.324,0.0,1,8,0.0,1,8,0.0,1,8,0.0,1,8,0.0,1,8,0.0,1,8,-0.0,1,8,-9900,?,9,-9900,?,9,18.53,E,8,14.63,E,8,78.0,E,8,964.3861999999999,E,8,999.0,E,8,0.92,E,8,-9900,?,9,-9900,?,9,0.0,E,8,-9900,?,9,-9900,?,9,0.0,0.0,E,8
12/10/2021,04:00,0.0,1409.682,0.0,1,8,0.0,1,8,0.0,1,8,0.0,1,8,0.0,1,8,0.0,1,8,-0.0,1,8,-9900,?,9,-9900,?,9,18.05,E,8,14.57,E,8,80.0,E,8,964.3861999999999,E,8,999.0,E,8,0.92,E,8,-9900,?,9,-9900,?,9,0.0,E,8,-9900,?,9,-9900,?,9,0.0,0.0,E,8
12/10/2021,05:00,0.0,1409.682,0.0,1,8,0.0,1,8,0.0,1,8,0.0,1,8,0.0,1,8,0.0,1,8,-0.0,1,8,-9900,?,9,-9900,?,9,17.63,E,8,14.5,E,8,81.0,E,8,964.3861999999999,E,8,999.0,E,8,0.92,E,8,-9900,?,9,-9900,?,9,0.0,E,8,-9900,?,9,-9900,?,9,0.0,0.0,E,8
12/10/2021,06:00,145.708,1409.682,0.0,1,8,0.0,1,8,0.0,1,8,0.0,1,8,0.0,1,8,0.0,1,8,0.0,1,8,-9900,?,9,-9900,?,9,17.31,E,8,14.46,E,8,83.0,E,8,964.3861999999999,E,8,999.0,E,8,0.92,E,8,-9900,?,9,-9900,?,9,0.0,E,8,-9900,?,9,-9900,?,9,0.0,0.0,E,8
12/10/2021,07:00,458.03,1409.682,111.21,1,8,0.0,1,8,111.21,1,8,13345.2,1,8,0.0,1,8,12233.1,1,8,109.216,1,8,-9900,?,9,-9900,?,9,17.0,E,8,14.41,E,8,84.0,E,8,964.3861999999999,E,8,999.0,E,8,0.92,E,8,-9900,?,9,-9900,?,9,0.0,E,8,-9900,?,9,-9900,?,9,0.0,0.0,E,8
12/10/2021,08:00,754.59,1409.682,329.75,1,8,137.215,1,8,256.354,1,8,39570.0,1,8,13035.408,1,8,28198.91,1,8,152.552,1,8,-9900,?,9,-9900,?,9,20.54,E,8,14.92,E,8,70.0,E,8,964.3861999999999,E,8,999.0,E,8,0.92,E,8,-9900,?,9,-9900,?,9,0.0,E,8,-9900,?,9,-9900,?,9,0.0,0.0,E,8
12/10/2021,09:00,1013.64,1409.682,549.02,1,8,251.553,1,8,368.189,1,8,65882.4,1,8,23897.535,1,8,40500.787,1,8,163.034,1,8,-9900,?,9,-9900,?,9,22.31,E,8,15.16,E,8,63.0,E,8,964.3861999999999,E,8,999.0,E,8,0.92,E,8,-9900,?,9,-9900,?,9,0.0,E,8,-9900,?,9,-9900,?,9,0.0,0.0,E,8
12/10/2021,10:00,1217.337,1409.682,751.19,1,8,410.279,1,8,396.928,1,8,90142.8,1,8,38976.47,1,8,43662.035,1,8,146.324,1,8,-9900,?,9,-9900,?,9,24.0,E,8,15.4,E,8,58.0,E,8,964.3861999999999,E,8,999.0,E,8,0.92,E,8,-9900,?,9,-9900,?,9,0.0,E,8,-9900,?,9,-9900,?,9,0.0,0.0,E,8
12/10/2021,11:00,1351.753,1409.682,913.34,1,8,510.668,1,8,423.669,1,8,109600.8,1,8,48513.471,1,8,46603.645,1,8,140.641,1,8,-9900,?,9,-9900,?,9,25.54,E,8,15.6,E,8,54.0,E,8,964.3861999999999,E,8,999.0,E,8,0.92,E,8,-9900,?,9,-9900,?,9,0.0,E,8,-9900,?,9,-9900,?,9,0.0,0.0,E,8
12/10/2021,12:00,1407.718,1409.682,949.97,1,8,486.547,1,8,464.101,1,8,113996.4,1,8,46221.98,1,8,51051.119,1,8,147.934,1,8,-9900,?,9,-9900,?,9,26.66,E,8,15.75,E,8,51.0,E,8,964.3861999999999,E,8,999.0,E,8,0.92,E,8,-9900,?,9,-9900,?,9,0.0,E,8,-9900,?,9,-9900,?,9,0.0,0.0,E,8
12/10/2021,13:00,1381.418,1409.682,977.73,1,8,548.721,1,8,440.017,1,8,117327.6,1,8,52128.505,1,8,48401.89,1,8,142.929,1,8,-9900,?,9,-9900,?,9,27.52,E,8,15.87,E,8,49.0,E,8,964.3861999999999,E,8,999.0,E,8,0.92,E,8,-9900,?,9,-9900,?,9,0.0,E,8,-9900,?,9,-9900,?,9,0.0,0.0,E,8
12/10/2021,14:00,1274.655,1409.682,908.61,1,8,636.031,1,8,333.539,1,8,109033.2,1,8,60422.956,1,8,36689.315,1,8,117.423,1,8,-9900,?,9,-9900,?,9,28.04,E,8,15.94,E,8,47.0,E,8,964.3861999999999,E,8,999.0,E,8,0.92,E,8,-9900,?,9,-9900,?,9,0.0,E,8,-9900,?,9,-9900,?,9,0.0,0.0,E,8
12/10/2021,15:00,1094.721,1409.682,786.09,1,8,754.006,1,8,200.662,1,8,94330.8,1,8,71630.551,1,8,22072.87,1,8,82.266,1,8,-9900,?,9,-9900,?,9,28.21,E,8,15.96,E,8,47.0,E,8,964.3861999999999,E,8,999.0,E,8,0.92,E,8,-9900,?,9,-9900,?,9,0.0,E,8,-9900,?,9,-9900,?,9,0.0,0.0,E,8
12/10/2021,16:00,853.92,1409.682,625.88,1,8,871.467,1,8,98.253,1,8,75105.6,1,8,82789.331,1,8,10807.828,1,8,51.656,1,8,-9900,?,9,-9900,?,9,28.02,E,8,15.93,E,8,47.0,E,8,964.3861999999999,E,8,999.0,E,8,1.03,E,8,-9900,?,9,-9900,?,9,0.0,E,8,-9900,?,9,-9900,?,9,0.0,0.0,E,8
12/10/2021,17:00,568.78,1409.682,418.68,1,8,666.524,1,8,150.153,1,8,50241.6,1,8,63319.736,1,8,16516.856,1,8,118.635,1,8,-9900,?,9,-9900,?,9,27.34,E,8,15.84,E,8,49.0,E,8,964.3861999999999,E,8,999.0,E,8,0.92,E,8,-9900,?,9,-9900,?,9,0.0,E,8,-9900,?,9,-9900,?,9,0.0,0.0,E,8
12/10/2021,18:00,259.357,1409.682,204.56,1,8,564.055,1,8,101.613,1,8,24547.2,1,8,53585.232,1,8,11177.47,1,8,177.219,1,8,-9900,?,9,-9900,?,9,26.29,E,8,15.7,E,8,52.0,E,8,964.3861999999999,E,8,999.0,E,8,1.08,E,8,-9900,?,9,-9900,?,9,0.0,E,8,-9900,?,9,-9900,?,9,0.0,0.0,E,8
12/10/2021,19:00,0.0,1409.682,13.4,1,8,0.0,1,8,0.0,1,8,1608.0,1,8,0.0,1,8,0.0,1,8,-0.0,1,8,-9900,?,9,-9900,?,9,25.29,E,8,15.57,E,8,54.0,E,8,964.3861999999999,E,8,999.0,E,8,1.43,E,8,-9900,?,9,-9900,?,9,0.0,E,8,-9900,?,9,-9900,?,9,0.0,0.0,E,8
12/10/2021,20:00,0.0,1409.682,0.0,1,8,0.0,1,8,0.0,1,8,0.0,1,8,0.0,1,8,0.0,1,8,-0.0,1,8,-9900,?,9,-9900,?,9,24.3,E,8,15.44,E,8,57.0,E,8,964.3861999999999,E,8,999.0,E,8,1.14,E,8,-9900,?,9,-9900,?,9,0.0,E,8,-9900,?,9,-9900,?,9,0.0,0.0,E,8
12/10/2021,21:00,0.0,1409.682,0.0,1,8,0.0,1,8,0.0,1,8,0.0,1,8,0.0,1,8,0.0,1,8,-0.0,1,8,-9900,?,9,-9900,?,9,23.3,E,8,15.3,E,8,60.0,E,8,964.3861999999999,E,8,999.0,E,8,0.92,E,8,-9900,?,9,-9900,?,9,0.0,E,8,-9900,?,9,-9900,?,9,0.0,0.0,E,8
12/10/2021,22:00,0.0,1409.682,0.0,1,8,0.0,1,8,0.0,1,8,0.0,1,8,0.0,1,8,0.0,1,8,-0.0,1,8,-9900,?,9,-9900,?,9,22.3,E,8,15.16,E,8,63.0,E,8,964.3861999999999,E,8,999.0,E,8,1.14,E,8,-9900,?,9,-9900,?,9,0.0,E,8,-9900,?,9,-9900,?,9,0.0,0.0,E,8
12/10/2021,23:00,0.0,1409.682,0.0,1,8,0.0,1,8,0.0,1,8,0.0,1,8,0.0,1,8,0.0,1,8,-0.0,1,8,-9900,?,9,-9900,?,9,21.3,E,8,15.02,E,8,67.0,E,8,964.3861999999999,E,8,999.0,E,8,0.92,E,8,-9900,?,9,-9900,?,9,0.0,E,8,-9900,?,9,-9900,?,9,0.0,0.0,E,8
12/10/2021,24:00,0.0,1409.682,0.0,1,8,0.0,1,8,0.0,1,8,0.0,1,8,0.0,1,8,0.0,1,8,-0.0,1,8,-9900,?,9,-9900,?,9,20.3,E,8,15.15,E,8,72.0,E,8,964.3861999999999,E,8,999.0,E,8,0.59,E,8,-9900,?,9,-9900,?,9,0.0,E,8,-9900,?,9,-9900,?,9,0.0,0.0,E,8
12/11/2021,01:00,0.0,1409.682,0.0,1,8,0.0,1,8,0.0,1,8,0.0,1,8,0.0,1,8,0.0,1,8,-0.0,1,8,-9900,?,9,-9900,?,9,19.8,E,8,15.02,E,8,73.0,E,8,964.3861999999999,E,8,999.0,E,8,0.59,E,8,-9900,?,9,-9900,?,9,0.0,E,8,-9900,?,9,-9900,?,9,0.0,0.0,E,8
12/11/2021,02:00,0.0,1409.682,0.0,1,8,0.0,1,8,0.0,1,8,0.0,1,8,0.0,1,8,0.0,1,8,-0.0,1,8,-9900,?,9,-9900,?,9,19.31,E,8,14.89,E,8,75.0,E,8,964.3861999999999,E,8,999.0,E,8,0.59,E,8,-9900,?,9,-9900,?,9,0.0,E,8,-9900,?,9,-9900,?,9,0.0,0.0,E,8
12/11/2021,03:00,0.0,1409.682,0.0,1,8,0.0,1,8,0.0,1,8,0.0,1,8,0.0,1,8,0.0,1,8,-0.0,1,8,-9900,?,9,-9900,?,9,18.81,E,8,14.76,E,8,77.0,E,8,964.3861999999999,E,8,999.0,E,8,0.59,E,8,-9900,?,9,-9900,?,9,0.0,E,8,-9900,?,9,-9900,?,9,0.0,0.0,E,8
12/11/2021,04:00,0.0,1410.027,0.0,1,8,0.0,1,8,0.0,1,8,0.0,1,8,0.0,1,8,0.0,1,8,-0.0,1,8,-9900,?,9,-9900,?,9,18.31,E,8,14.63,E,8,79.0,E,8,964.3861999999999,E,8,999.0,E,8,0.59,E,8,-9900,?,9,-9900,?,9,0.0,E,8,-9900,?,9,-9900,?,9,0.0,0.0,E,8
12/11/2021,05:00,0.0,1410.027,0.0,1,8,0.0,1,8,0.0,1,8,0.0,1,8,0.0,1,8,0.0,1,8,-0.0,1,8,-9900,?,9,-9900,?,9,17.87,E,8,14.51,E,8,80.0,E,8,964.3861999999999,E,8,999.0,E,8,0.59,E,8,-9900,?,9,-9900,?,9,0.0,E,8,-9900,?,9,-9900,?,9,0.0,0.0,E,8
12/11/2021,06:00,144.112,1410.027,0.0,1,8,0.0,1,8,0.0,1,8,0.0,1,8,0.0,1,8,0.0,1,8,0.0,1,8,-9900,?,9,-9900,?,9,17.54,E,8,14.42,E,8,81.0,E,8,964.3861999999999,E,8,999.0,E,8,0.59,E,8,-9900,?,9,-9900,?,9,0.0,E,8,-9900,?,9,-9900,?,9,0.0,0.0,E,8
12/11/2021,07:00,456.331,1410.027,116.14,1,8,3.449,1,8,115.026,1,8,13936.8,1,8,327.678,1,8,12652.912,1,8,113.415,1,8,-9900,?,9,-9900,?,9,17.21,E,8,14.34,E,8,83.0,E,8,964.3861999999999,E,8,999.0,E,8,0.59,E,8,-9900,?,9,-9900,?,9,0.0,E,8,-9900,?,9,-9900,?,9,0.0,0.0,E,8
12/11/2021,08:00,752.983,1410.027,341.04,1,8,158.455,1,8,256.484,1,8,40924.8,1,8,15053.208,1,8,28213.243,1,8,152.993,1,8,-9900,?,9,-9900,?,9,20.76,E,8,15.27,E,8,70.0,E,8,964.3861999999999,E,8,999.0,E,8,0.59,E,8,-9900,?,9,-9900,?,9,0.0,E,8,-9900,?,9,-9900,?,9,0.0,0.0,E,8
12/11/2021,09:00,1012.289,1410.027,558.45,1,8,281.68,1,8,356.282,1,8,67014.0,1,8,26759.611,1,8,39190.969,1,8,158.011,1,8,-9900,?,9,-9900,?,9,22.46,E,8,15.7,E,8,65.0,E,8,964.3861999999999,E,8,999.0,E,8,0.59,E,8,-9900,?,9,-9900,?,9,0.0,E,8,-9900,?,9,-9900,?,9,0.0,0.0,E,8
12/11/2021,10:00,1216.387,1410.027,754.53,1,8,421.306,1,8,391.119,1,8,90543.6,1,8,40024.079,1,8,43023.074,1,8,144.331,1,8,-9900,?,9,-9900,?,9,24.08,E,8,16.1,E,8,61.0,E,8,964.3861999999999,E,8,999.0,E,8,0.62,E,8,-9900,?,9,-9900,?,9,0.0,E,8,-9900,?,9,-9900,?,9,0.0,0.0,E,8
12/11/2021,11:00,1351.321,1410.027,901.6,1,8,498.65,1,8,423.724,1,8,108192.0,1,8,47371.734,1,8,46609.602,1,8,140.739,1,8,-9900,?,9,-9900,?,9,25.5,E,8,16.44,E,8,57.0,E,8,964.3861999999999,E,8,999.0,E,8,1.31,E,8,-9900,?,9,-9900,?,9,0.0,E,8,-9900,?,9,-9900,?,9,0.0,0.0,E,8
12/11/2021,12:00,1407.884,1410.027,973.47,1,8,515.254,1,8,459.0,1,8,116816.4,1,8,48949.103,1,8,50489.959,1,8,146.327,1,8,-9900,?,9,-9900,?,9,26.64,E,8,16.71,E,8,54.0,E,8,964.3861999999999,E,8,999.0,E,8,1.57,E,8,-9900,?,9,-9900,?,9,0.0,E,8,-9900,?,9,-9900,?,9,0.0,0.0,E,8
12/11/2021,13:00,1382.223,1410.027,989.19,1,8,617.544,1,8,383.83,1,8,118702.8,1,8,58666.718,1,8,42221.302,1,8,124.636,1,8,-9900,?,9,-9900,?,9,27.49,E,8,16.91,E,8,52.0,E,8,964.3861999999999,E,8,999.0,E,8,2.11,E,8,-9900,?,9,-9900,?,9,0.0,E,8,-9900,?,9,-9900,?,9,0.0,0.0,E,8
12/11/2021,14:00,1276.093,1410.027,944.27,1,8,787.67,1,8,231.464,1,8,113312.4,1,8,74828.648,1,8,25461.065,1,8,81.415,1,8,-9900,?,9,-9900,?,9,28.04,E,8,17.03,E,8,51.0,E,8,964.3861999999999,E,8,999.0,E,8,1.56,E,8,-9900,?,9,-9900,?,9,0.0,E,8,-9900,?,9,-9900,?,9,0.0,0.0,E,8
12/11/2021,15:00,1096.746,1410.027,819.49,1,8,912.518,1,8,109.852,1,8,98338.8,1,8,86689.196,1,8,12083.755,1,8,44.964,1,8,-9900,?,9,-9900,?,9,28.25,E,8,17.08,E,8,50.0,E,8,964.3861999999999,E,8,999.0,E,8,2.34,E,8,-9900,?,9,-9900,?,9,0.0,E,8,-9900,?,9,-9900,?,9,0.0,0.0,E,8
12/11/2021,16:00,856.441,1410.027,634.95,1,8,918.687,1,8,77.226,1,8,76194.0,1,8,87275.218,1,8,8494.844,1,8,40.491,1,8,-9900,?,9,-9900,?,9,28.05,E,8,17.03,E,8,51.0,E,8,964.3861999999999,E,8,999.0,E,8,2.21,E,8,-9900,?,9,-9900,?,9,0.0,E,8,-9900,?,9,-9900,?,9,0.0,0.0,E,8
12/11/2021,17:00,571.672,1410.027,434.81,1,8,764.261,1,8,125.412,1,8,52177.2,1,8,72604.837,1,8,13795.275,1,8,98.608,1,8,-9900,?,9,-9900,?,9,27.4,E,8,16.88,E,8,52.0,E,8,964.3861999999999,E,8,999.0,E,8,1.45,E,8,-9900,?,9,-9900,?,9,0.0,E,8,-9900,?,9,-9900,?,9,0.0,0.0,E,8
12/11/2021,18:00,262.457,1410.027,209.34,1,8,585.41,1,8,101.225,1,8,25120.8,1,8,55613.919,1,8,11134.798,1,8,174.468,1,8,-9900,?,9,-9900,?,9,26.37,E,8,16.64,E,8,55.0,E,8,964.3861999999999,E,8,999.0,E,8,1.25,E,8,-9900,?,9,-9900,?,9,0.0,E,8,-9900,?,9,-9900,?,9,0.0,0.0,E,8
12/11/2021,19:00,0.0,1410.027,16.91,1,8,0.0,1,8,0.0,1,8,2029.2,1,8,0.0,1,8,0.0,1,8,-0.0,1,8,-9900,?,9,-9900,?,9,25.32,E,8,16.39,E,8,57.0,E,8,964.3861999999999,E,8,999.0,E,8,0.59,E,8,-9900,?,9,-9900,?,9,0.0,E,8,-9900,?,9,-9900,?,9,0.0,0.0,E,8
12/11/2021,20:00,0.0,1410.027,0.0,1,8,0.0,1,8,0.0,1,8,0.0,1,8,0.0,1,8,0.0,1,8,-0.0,1,8,-9900,?,9,-9900,?,9,24.28,E,8,16.14,E,8,60.0,E,8,964.3861999999999,E,8,999.0,E,8,0.59,E,8,-9900,?,9,-9900,?,9,0.0,E,8,-9900,?,9,-9900,?,9,0.0,0.0,E,8
12/11/2021,21:00,0.0,1410.027,0.0,1,8,0.0,1,8,0.0,1,8,0.0,1,8,0.0,1,8,0.0,1,8,-0.0,1,8,-9900,?,9,-9900,?,9,23.23,E,8,15.89,E,8,63.0,E,8,964.3861999999999,E,8,999.0,E,8,0.59,E,8,-9900,?,9,-9900,?,9,0.0,E,8,-9900,?,9,-9900,?,9,0.0,0.0,E,8
12/11/2021,22:00,0.0,1410.027,0.0,1,8,0.0,1,8,0.0,1,8,0.0,1,8,0.0,1,8,0.0,1,8,-0.0,1,8,-9900,?,9,-9900,?,9,22.18,E,8,15.63,E,8,66.0,E,8,964.3861999999999,E,8,999.0,E,8,0.59,E,8,-9900,?,9,-9900,?,9,0.0,E,8,-9900,?,9,-9900,?,9,0.0,0.0,E,8
12/11/2021,23:00,0.0,1410.027,0.0,1,8,0.0,1,8,0.0,1,8,0.0,1,8,0.0,1,8,0.0,1,8,-0.0,1,8,-9900,?,9,-9900,?,9,21.14,E,8,15.36,E,8,69.0,E,8,964.3861999999999,E,8,999.0,E,8,0.59,E,8,-9900,?,9,-9900,?,9,0.0,E,8,-9900,?,9,-9900,?,9,0.0,0.0,E,8
12/11/2021,24:00,0.0,1410.027,0.0,1,8,0.0,1,8,0.0,1,8,0.0,1,8,0.0,1,8,0.0,1,8,-0.0,1,8,-9900,?,9,-9900,?,9,20.09,E,8,14.72,E,8,71.0,E,8,964.3861999999999,E,8,999.0,E,8,0.53,E,8,-9900,?,9,-9900,?,9,0.0,E,8,-9900,?,9,-9900,?,9,0.0,0.0,E,8
12/12/2021,01:00,0.0,1410.027,0.0,1,8,0.0,1,8,0.0,1,8,0.0,1,8,0.0,1,8,0.0,1,8,-0.0,1,8,-9900,?,9,-9900,?,9,19.57,E,8,14.62,E,8,73.0,E,8,964.3861999999999,E,8,999.0,E,8,0.53,E,8,-9900,?,9,-9900,?,9,0.0,E,8,-9900,?,9,-9900,?,9,0.0,0.0,E,8
12/12/2021,02:00,0.0,1410.027,0.0,1,8,0.0,1,8,0.0,1,8,0.0,1,8,0.0,1,8,0.0,1,8,-0.0,1,8,-9900,?,9,-9900,?,9,19.04,E,8,14.52,E,8,75.0,E,8,964.3861999999999,E,8,999.0,E,8,0.53,E,8,-9900,?,9,-9900,?,9,0.0,E,8,-9900,?,9,-9900,?,9,0.0,0.0,E,8
12/12/2021,03:00,0.0,1410.027,0.0,1,8,0.0,1,8,0.0,1,8,0.0,1,8,0.0,1,8,0.0,1,8,-0.0,1,8,-9900,?,9,-9900,?,9,18.52,E,8,14.43,E,8,77.0,E,8,964.3861999999999,E,8,999.0,E,8,0.53,E,8,-9900,?,9,-9900,?,9,0.0,E,8,-9900,?,9,-9900,?,9,0.0,0.0,E,8
12/12/2021,04:00,0.0,1410.358,0.0,1,8,0.0,1,8,0.0,1,8,0.0,1,8,0.0,1,8,0.0,1,8,-0.0,1,8,-9900,?,9,-9900,?,9,18.0,E,8,14.33,E,8,79.0,E,8,964.3861999999999,E,8,999.0,E,8,0.53,E,8,-9900,?,9,-9900,?,9,0.0,E,8,-9900,?,9,-9900,?,9,0.0,0.0,E,8
12/12/2021,05:00,0.0,1410.358,0.0,1,8,0.0,1,8,0.0,1,8,0.0,1,8,0.0,1,8,0.0,1,8,-0.0,1,8,-9900,?,9,-9900,?,9,17.53,E,8,14.24,E,8,81.0,E,8,964.3861999999999,E,8,999.0,E,8,0.53,E,8,-9900,?,9,-9900,?,9,0.0,E,8,-9900,?,9,-9900,?,9,0.0,0.0,E,8
12/12/2021,06:00,142.422,1410.358,0.0,1,8,0.0,1,8,0.0,1,8,0.0,1,8,0.0,1,8,0.0,1,8,0.0,1,8,-9900,?,9,-9900,?,9,17.19,E,8,14.18,E,8,82.0,E,8,964.3861999999999,E,8,999.0,E,8,0.53,E,8,-9900,?,9,-9900,?,9,0.0,E,8,-9900,?,9,-9900,?,9,0.0,0.0,E,8
12/12/2021,07:00,454.549,1410.358,128.9,1,8,18.238,1,8,123.037,1,8,15468.0,1,8,1732.565,1,8,13534.051,1,8,121.82,1,8,-9900,?,9,-9900,?,9,16.84,E,8,14.11,E,8,83.0,E,8,964.3861999999999,E,8,999.0,E,8,0.53,E,8,-9900,?,9,-9900,?,9,0.0,E,8,-9900,?,9,-9900,?,9,0.0,0.0,E,8
12/12/2021,08:00,751.307,1410.358,355.19,1,8,187.513,1,8,255.374,1,8,42622.8,1,8,17813.781,1,8,28091.152,1,8,152.707,1,8,-9900,?,9,-9900,?,9,21.02,E,8,14.89,E,8,67.0,E,8,964.3861999999999,E,8,999.0,E,8,0.53,E,8,-9900,?,9,-9900,?,9,0.0,E,8,-9900,?,9,-9900,?,9,0.0,0.0,E,8
12/12/2021,09:00,1010.884,1410.358,520.45,1,8,196.81,1,8,379.424,1,8,62454.0,1,8,18696.968,1,8,41736.649,1,8,168.548,1,8,-9900,?,9,-9900,?,9,22.62,E,8,15.18,E,8,62.0,E,8,964.3861999999999,E,8,999.0,E,8,0.53,E,8,-9900,?,9,-9900,?,9,0.0,E,8,-9900,?,9,-9900,?,9,0.0,0.0,E,8
12/12/2021,10:00,1215.397,1410.358,629.66,1,8,193.094,1,8,463.276,1,8,75559.2,1,8,18343.893,1,8,50960.318,1,8,171.137,1,8,-9900,?,9,-9900,?,9,23.9,E,8,15.41,E,8,58.0,E,8,964.3861999999999,E,8,999.0,E,8,0.53,E,8,-9900,?,9,-9900,?,9,0.0,E,8,-9900,?,9,-9900,?,9,0.0,0.0,E,8
12/12/2021,11:00,1350.861,1410.358,796.05,1,8,306.854,1,8,502.148,1,8,95526.0,1,8,29151.148,1,8,55236.314,1,8,166.883,1,8,-9900,?,9,-9900,?,9,25.23,E,8,15.64,E,8,55.0,E,8,964.3861999999999,E,8,999.0,E,8,0.53,E,8,-9900,?,9,-9900,?,9,0.0,E,8,-9900,?,9,-9900,?,9,0.0,0.0,E,8
12/12/2021,12:00,1408.033,1410.358,855.45,1,8,356.783,1,8,499.255,1,8,102654.0,1,8,33894.384,1,8,54918.09,1,8,159.18,1,8,-9900,?,9,-9900,?,9,26.3,E,8,15.83,E,8,52.0,E,8,964.3861999999999,E,8,999.0,E,8,0.53,E,8,-9900,?,9,-9900,?,9,0.0,E,8,-9900,?,9,-9900,?,9,0.0,0.0,E,8
12/12/2021,13:00,1383.017,1410.358,907.31,1,8,446.208,1,8,469.758,1,8,108877.2,1,8,42389.717,1,8,51673.341,1,8,152.486,1,8,-9900,?,9,-9900,?,9,27.18,E,8,15.98,E,8,50.0,E,8,964.3861999999999,E,8,999.0,E,8,1.35,E,8,-9900,?,9,-9900,?,9,0.0,E,8,-9900,?,9,-9900,?,9,0.0,0.0,E,8
12/12/2021,14:00,1277.524,1410.358,871.55,1,8,525.409,1,8,395.657,1,8,104586.0,1,8,49913.884,1,8,43522.215,1,8,139.045,1,8,-9900,?,9,-9900,?,9,27.77,E,8,16.08,E,8,48.0,E,8,964.3861999999999,E,8,999.0,E,8,3.01,E,8,-9900,?,9,-9900,?,9,0.0,E,8,-9900,?,9,-9900,?,9,0.0,0.0,E,8
12/12/2021,15:00,1098.761,1410.358,776.47,1,8,708.638,1,8,224.499,1,8,93176.4,1,8,67320.621,1,8,24694.927,1,8,91.743,1,8,-9900,?,9,-9900,?,9,28.05,E,8,16.12,E,8,48.0,E,8,964.3861999999999,E,8,999.0,E,8,2.73,E,8,-9900,?,9,-9900,?,9,0.0,E,8,-9900,?,9,-9900,?,9,0.0,0.0,E,8
12/12/2021,16:00,858.948,1410.358,578.58,1,8,696.915,1,8,154.35,1,8,69429.6,1,8,66206.931,1,8,16978.492,1,8,80.711,1,8,-9900,?,9,-9900,?,9,27.84,E,8,16.09,E,8,48.0,E,8,964.3861999999999,E,8,999.0,E,8,2.76,E,8,-9900,?,9,-9900,?,9,0.0,E,8,-9900,?,9,-9900,?,9,0.0,0.0,E,8
12/12/2021,17:00,574.542,1410.358,374.2,1,8,605.743,1,8,127.798,1,8,44904.0,1,8,57545.542,1,8,14057.753,1,8,100.004,1,8,-9900,?,9,-9900,?,9,27.13,E,8,15.97,E,8,50.0,E,8,964.3861999999999,E,8,999.0,E,8,2.08,E,8,-9900,?,9,-9900,?,9,0.0,E,8,-9900,?,9,-9900,?,9,0.0,0.0,E,8
12/12/2021,18:00,265.524,1410.358,181.6,1,8,580.487,1,8,73.148,1,8,21792.0,1,8,55146.262,1,8,8046.286,1,8,124.626,1,8,-9900,?,9,-9900,?,9,26.06,E,8,15.78,E,8,53.0,E,8,964.3861999999999,E,8,999.0,E,8,1.2,E,8,-9900,?,9,-9900,?,9,0.0,E,8,-9900,?,9,-9900,?,9,0.0,0.0,E,8
12/12/2021,19:00,0.0,1410.358,18.25,1,8,0.0,1,8,0.0,1,8,2190.0,1,8,0.0,1,8,0.0,1,8,-0.0,1,8,-9900,?,9,-9900,?,9,25.02,E,8,15.6,E,8,55.0,E,8,964.3861999999999,E,8,999.0,E,8,0.97,E,8,-9900,?,9,-9900,?,9,0.0,E,8,-9900,?,9,-9900,?,9,0.0,0.0,E,8
12/12/2021,20:00,0.0,1410.358,0.0,1,8,0.0,1,8,0.0,1,8,0.0,1,8,0.0,1,8,0.0,1,8,-0.0,1,8,-9900,?,9,-9900,?,9,23.98,E,8,15.42,E,8,58.0,E,8,964.3861999999999,E,8,999.0,E,8,0.62,E,8,-9900,?,9,-9900,?,9,0.0,E,8,-9900,?,9,-9900,?,9,0.0,0.0,E,8
12/12/2021,21:00,0.0,1410.358,0.0,1,8,0.0,1,8,0.0,1,8,0.0,1,8,0.0,1,8,0.0,1,8,-0.0,1,8,-9900,?,9,-9900,?,9,22.94,E,8,15.24,E,8,61.0,E,8,964.3861999999999,E,8,999.0,E,8,0.53,E,8,-9900,?,9,-9900,?,9,0.0,E,8,-9900,?,9,-9900,?,9,0.0,0.0,E,8
12/12/2021,22:00,0.0,1410.358,0.0,1,8,0.0,1,8,0.0,1,8,0.0,1,8,0.0,1,8,0.0,1,8,-0.0,1,8,-9900,?,9,-9900,?,9,21.89,E,8,15.05,E,8,65.0,E,8,964.3861999999999,E,8,999.0,E,8,0.53,E,8,-9900,?,9,-9900,?,9,0.0,E,8,-9900,?,9,-9900,?,9,0.0,0.0,E,8
12/12/2021,23:00,0.0,1410.358,0.0,1,8,0.0,1,8,0.0,1,8,0.0,1,8,0.0,1,8,0.0,1,8,-0.0,1,8,-9900,?,9,-9900,?,9,20.85,E,8,14.86,E,8,68.0,E,8,964.3861999999999,E,8,999.0,E,8,0.53,E,8,-9900,?,9,-9900,?,9,0.0,E,8,-9900,?,9,-9900,?,9,0.0,0.0,E,8
12/12/2021,24:00,0.0,1410.358,0.0,1,8,0.0,1,8,0.0,1,8,0.0,1,8,0.0,1,8,0.0,1,8,-0.0,1,8,-9900,?,9,-9900,?,9,19.81,E,8,14.47,E,8,71.0,E,8,964.3861999999999,E,8,999.0,E,8,0.92,E,8,-9900,?,9,-9900,?,9,0.0,E,8,-9900,?,9,-9900,?,9,0.0,0.0,E,8
12/13/2021,01:00,0.0,1410.358,0.0,1,8,0.0,1,8,0.0,1,8,0.0,1,8,0.0,1,8,0.0,1,8,-0.0,1,8,-9900,?,9,-9900,?,9,19.29,E,8,14.39,E,8,73.0,E,8,964.3861999999999,E,8,999.0,E,8,0.92,E,8,-9900,?,9,-9900,?,9,0.0,E,8,-9900,?,9,-9900,?,9,0.0,0.0,E,8
12/13/2021,02:00,0.0,1410.358,0.0,1,8,0.0,1,8,0.0,1,8,0.0,1,8,0.0,1,8,0.0,1,8,-0.0,1,8,-9900,?,9,-9900,?,9,18.77,E,8,14.3,E,8,75.0,E,8,964.3861999999999,E,8,999.0,E,8,0.92,E,8,-9900,?,9,-9900,?,9,0.0,E,8,-9900,?,9,-9900,?,9,0.0,0.0,E,8
12/13/2021,03:00,0.0,1410.358,0.0,1,8,0.0,1,8,0.0,1,8,0.0,1,8,0.0,1,8,0.0,1,8,-0.0,1,8,-9900,?,9,-9900,?,9,18.25,E,8,14.21,E,8,77.0,E,8,964.3861999999999,E,8,999.0,E,8,0.92,E,8,-9900,?,9,-9900,?,9,0.0,E,8,-9900,?,9,-9900,?,9,0.0,0.0,E,8
12/13/2021,04:00,0.0,1410.675,0.0,1,8,0.0,1,8,0.0,1,8,0.0,1,8,0.0,1,8,0.0,1,8,-0.0,1,8,-9900,?,9,-9900,?,9,17.73,E,8,14.12,E,8,79.0,E,8,964.3861999999999,E,8,999.0,E,8,0.92,E,8,-9900,?,9,-9900,?,9,0.0,E,8,-9900,?,9,-9900,?,9,0.0,0.0,E,8
12/13/2021,05:00,0.0,1410.675,0.0,1,8,0.0,1,8,0.0,1,8,0.0,1,8,0.0,1,8,0.0,1,8,-0.0,1,8,-9900,?,9,-9900,?,9,17.27,E,8,14.04,E,8,81.0,E,8,964.3861999999999,E,8,999.0,E,8,0.92,E,8,-9900,?,9,-9900,?,9,0.0,E,8,-9900,?,9,-9900,?,9,0.0,0.0,E,8
12/13/2021,06:00,140.639,1410.675,0.0,1,8,0.0,1,8,0.0,1,8,0.0,1,8,0.0,1,8,0.0,1,8,0.0,1,8,-9900,?,9,-9900,?,9,16.92,E,8,13.98,E,8,82.0,E,8,964.3861999999999,E,8,999.0,E,8,0.92,E,8,-9900,?,9,-9900,?,9,0.0,E,8,-9900,?,9,-9900,?,9,0.0,0.0,E,8
12/13/2021,07:00,452.686,1410.675,133.9,1,8,25.787,1,8,125.646,1,8,16068.0,1,8,2449.789,1,8,13821.028,1,8,124.946,1,8,-9900,?,9,-9900,?,9,16.58,E,8,13.92,E,8,84.0,E,8,964.3861999999999,E,8,999.0,E,8,0.92,E,8,-9900,?,9,-9900,?,9,0.0,E,8,-9900,?,9,-9900,?,9,0.0,0.0,E,8
12/13/2021,08:00,749.565,1410.675,399.03,1,8,256.687,1,8,262.74,1,8,47883.6,1,8,24385.251,1,8,28901.449,1,8,157.514,1,8,-9900,?,9,-9900,?,9,20.46,E,8,14.59,E,8,69.0,E,8,964.3861999999999,E,8,999.0,E,8,0.92,E,8,-9900,?,9,-9900,?,9,0.0,E,8,-9900,?,9,-9900,?,9,0.0,0.0,E,8
12/13/2021,09:00,1009.428,1410.675,657.0,1,8,521.285,1,8,284.092,1,8,78840.0,1,8,49522.115,1,8,31250.074,1,8,126.41,1,8,-9900,?,9,-9900,?,9,22.36,E,8,14.9,E,8,62.0,E,8,964.3861999999999,E,8,999.0,E,8,0.92,E,8,-9900,?,9,-9900,?,9,0.0,E,8,-9900,?,9,-9900,?,9,0.0,0.0,E,8
12/13/2021,10:00,1214.369,1410.675,877.09,1,8,670.786,1,8,299.708,1,8,105250.8,1,8,63724.679,1,8,32967.874,1,8,110.833,1,8,-9900,?,9,-9900,?,9,24.12,E,8,15.19,E,8,57.0,E,8,964.3861999999999,E,8,999.0,E,8,0.92,E,8,-9900,?,9,-9900,?,9,0.0,E,8,-9900,?,9,-9900,?,9,0.0,0.0,E,8
12/13/2021,11:00,1350.376,1410.675,1041.85,1,8,828.637,1,8,248.655,1,8,125022.0,1,8,78720.483,1,8,27351.996,1,8,82.686,1,8,-9900,?,9,-9900,?,9,25.65,E,8,15.44,E,8,53.0,E,8,964.3861999999999,E,8,999.0,E,8,0.92,E,8,-9900,?,9,-9900,?,9,0.0,E,8,-9900,?,9,-9900,?,9,0.0,0.0,E,8
12/13/2021,12:00,1408.166,1410.675,1131.35,1,8,921.495,1,8,211.495,1,8,135762.0,1,8,87542.017,1,8,23264.453,1,8,67.441,1,8,-9900,?,9,-9900,?,9,26.89,E,8,15.64,E,8,50.0,E,8,964.3861999999999,E,8,999.0,E,8,0.92,E,8,-9900,?,9,-9900,?,9,0.0,E,8,-9900,?,9,-9900,?,9,0.0,0.0,E,8
12/13/2021,13:00,1383.801,1410.675,1150.15,1,8,977.005,1,8,191.769,1,8,138018.0,1,8,92815.446,1,8,21094.587,1,8,62.228,1,8,-9900,?,9,-9900,?,9,27.81,E,8,15.78,E,8,47.0,E,8,964.3861999999999,E,8,999.0,E,8,0.92,E,8,-9900,?,9,-9900,?,9,0.0,E,8,-9900,?,9,-9900,?,9,0.0,0.0,E,8
12/13/2021,14:00,1278.947,1410.675,1083.41,1,8,1013.008,1,8,165.054,1,8,130009.2,1,8,96235.766,1,8,18155.969,1,8,57.953,1,8,-9900,?,9,-9900,?,9,28.38,E,8,15.87,E,8,46.0,E,8,964.3861999999999,E,8,999.0,E,8,0.92,E,8,-9900,?,9,-9900,?,9,0.0,E,8,-9900,?,9,-9900,?,9,0.0,0.0,E,8
12/13/2021,15:00,1100.767,1410.675,947.84,1,8,893.589,1,8,250.693,1,8,113740.8,1,8,84890.935,1,8,27576.241,1,8,102.284,1,8,-9900,?,9,-9900,?,9,28.61,E,8,15.91,E,8,46.0,E,8,964.3861999999999,E,8,999.0,E,8,1.41,E,8,-9900,?,9,-9900,?,9,0.0,E,8,-9900,?,9,-9900,?,9,0.0,0.0,E,8
12/13/2021,16:00,861.44,1410.675,748.47,1,8,842.883,1,8,234.01,1,8,89816.4,1,8,80073.918,1,8,25741.13,1,8,122.04,1,8,-9900,?,9,-9900,?,9,28.42,E,8,15.88,E,8,46.0,E,8,964.3861999999999,E,8,999.0,E,8,1.16,E,8,-9900,?,9,-9900,?,9,0.0,E,8,-9900,?,9,-9900,?,9,0.0,0.0,E,8
12/13/2021,17:00,577.389,1410.675,502.3,1,8,768.248,1,8,188.311,1,8,60276.0,1,8,72983.599,1,8,20714.255,1,8,146.661,1,8,-9900,?,9,-9900,?,9,27.71,E,8,15.77,E,8,48.0,E,8,964.3861999999999,E,8,999.0,E,8,1.4,E,8,-9900,?,9,-9900,?,9,0.0,E,8,-9900,?,9,-9900,?,9,0.0,0.0,E,8
12/13/2021,18:00,268.556,1410.675,235.59,1,8,631.641,1,8,116.24,1,8,28270.8,1,8,60005.886,1,8,12786.418,1,8,195.819,1,8,-9900,?,9,-9900,?,9,26.57,E,8,15.59,E,8,50.0,E,8,964.3861999999999,E,8,999.0,E,8,0.92,E,8,-9900,?,9,-9900,?,9,0.0,E,8,-9900,?,9,-9900,?,9,0.0,0.0,E,8
12/13/2021,19:00,0.0,1410.675,17.11,1,8,0.0,1,8,0.0,1,8,2053.2,1,8,0.0,1,8,0.0,1,8,-0.0,1,8,-9900,?,9,-9900,?,9,25.57,E,8,15.43,E,8,53.0,E,8,964.3861999999999,E,8,999.0,E,8,0.92,E,8,-9900,?,9,-9900,?,9,0.0,E,8,-9900,?,9,-9900,?,9,0.0,0.0,E,8
12/13/2021,20:00,0.0,1410.675,0.0,1,8,0.0,1,8,0.0,1,8,0.0,1,8,0.0,1,8,0.0,1,8,-0.0,1,8,-9900,?,9,-9900,?,9,24.58,E,8,15.27,E,8,56.0,E,8,964.3861999999999,E,8,999.0,E,8,0.92,E,8,-9900,?,9,-9900,?,9,0.0,E,8,-9900,?,9,-9900,?,9,0.0,0.0,E,8
12/13/2021,21:00,0.0,1410.675,0.0,1,8,0.0,1,8,0.0,1,8,0.0,1,8,0.0,1,8,0.0,1,8,-0.0,1,8,-9900,?,9,-9900,?,9,23.59,E,8,15.11,E,8,58.0,E,8,964.3861999999999,E,8,999.0,E,8,0.92,E,8,-9900,?,9,-9900,?,9,0.0,E,8,-9900,?,9,-9900,?,9,0.0,0.0,E,8
12/13/2021,22:00,0.0,1410.675,0.0,1,8,0.0,1,8,0.0,1,8,0.0,1,8,0.0,1,8,0.0,1,8,-0.0,1,8,-9900,?,9,-9900,?,9,22.59,E,8,14.94,E,8,61.0,E,8,964.3861999999999,E,8,999.0,E,8,0.92,E,8,-9900,?,9,-9900,?,9,0.0,E,8,-9900,?,9,-9900,?,9,0.0,0.0,E,8
12/13/2021,23:00,0.0,1410.675,0.0,1,8,0.0,1,8,0.0,1,8,0.0,1,8,0.0,1,8,0.0,1,8,-0.0,1,8,-9900,?,9,-9900,?,9,21.6,E,8,14.78,E,8,65.0,E,8,964.3861999999999,E,8,999.0,E,8,0.92,E,8,-9900,?,9,-9900,?,9,0.0,E,8,-9900,?,9,-9900,?,9,0.0,0.0,E,8
12/13/2021,24:00,0.0,1410.675,0.0,1,8,0.0,1,8,0.0,1,8,0.0,1,8,0.0,1,8,0.0,1,8,-0.0,1,8,-9900,?,9,-9900,?,9,20.61,E,8,17.06,E,8,80.0,E,8,964.3861999999999,E,8,999.0,E,8,0.61,E,8,-9900,?,9,-9900,?,9,0.0,E,8,-9900,?,9,-9900,?,9,0.0,0.0,E,8
12/14/2021,01:00,0.0,1410.675,0.0,1,8,0.0,1,8,0.0,1,8,0.0,1,8,0.0,1,8,0.0,1,8,-0.0,1,8,-9900,?,9,-9900,?,9,20.11,E,8,16.96,E,8,82.0,E,8,964.3861999999999,E,8,999.0,E,8,0.61,E,8,-9900,?,9,-9900,?,9,0.0,E,8,-9900,?,9,-9900,?,9,0.0,0.0,E,8
12/14/2021,02:00,0.0,1410.675,0.0,1,8,0.0,1,8,0.0,1,8,0.0,1,8,0.0,1,8,0.0,1,8,-0.0,1,8,-9900,?,9,-9900,?,9,19.62,E,8,16.87,E,8,84.0,E,8,964.3861999999999,E,8,999.0,E,8,0.61,E,8,-9900,?,9,-9900,?,9,0.0,E,8,-9900,?,9,-9900,?,9,0.0,0.0,E,8
12/14/2021,03:00,0.0,1410.675,0.0,1,8,0.0,1,8,0.0,1,8,0.0,1,8,0.0,1,8,0.0,1,8,-0.0,1,8,-9900,?,9,-9900,?,9,19.12,E,8,16.77,E,8,86.0,E,8,964.3861999999999,E,8,999.0,E,8,0.61,E,8,-9900,?,9,-9900,?,9,0.0,E,8,-9900,?,9,-9900,?,9,0.0,0.0,E,8
12/14/2021,04:00,0.0,1410.979,0.0,1,8,0.0,1,8,0.0,1,8,0.0,1,8,0.0,1,8,0.0,1,8,-0.0,1,8,-9900,?,9,-9900,?,9,18.62,E,8,16.66,E,8,88.0,E,8,964.3861999999999,E,8,999.0,E,8,0.61,E,8,-9900,?,9,-9900,?,9,0.0,E,8,-9900,?,9,-9900,?,9,0.0,0.0,E,8
12/14/2021,05:00,0.0,1410.979,0.0,1,8,0.0,1,8,0.0,1,8,0.0,1,8,0.0,1,8,0.0,1,8,-0.0,1,8,-9900,?,9,-9900,?,9,18.18,E,8,16.58,E,8,90.0,E,8,964.3861999999999,E,8,999.0,E,8,0.61,E,8,-9900,?,9,-9900,?,9,0.0,E,8,-9900,?,9,-9900,?,9,0.0,0.0,E,8
12/14/2021,06:00,138.766,1410.979,0.0,1,8,0.0,1,8,0.0,1,8,0.0,1,8,0.0,1,8,0.0,1,8,0.0,1,8,-9900,?,9,-9900,?,9,17.86,E,8,16.51,E,8,91.0,E,8,964.3861999999999,E,8,999.0,E,8,0.61,E,8,-9900,?,9,-9900,?,9,0.0,E,8,-9900,?,9,-9900,?,9,0.0,0.0,E,8
12/14/2021,07:00,450.744,1410.979,61.34,1,8,0.0,1,8,61.34,1,8,7360.8,1,8,0.0,1,8,6747.4,1,8,61.276,1,8,-9900,?,9,-9900,?,9,17.53,E,8,16.44,E,8,93.0,E,8,964.3861999999999,E,8,999.0,E,8,0.61,E,8,-9900,?,9,-9900,?,9,0.0,E,8,-9900,?,9,-9900,?,9,0.0,0.0,E,8
12/14/2021,08:00,747.758,1410.979,115.78,1,8,0.0,1,8,115.78,1,8,13893.6,1,8,0.0,1,8,12735.8,1,8,69.593,1,8,-9900,?,9,-9900,?,9,19.86,E,8,16.91,E,8,88.0,E,8,964.3861999999999,E,8,999.0,E,8,1.0,E,8,-9900,?,9,-9900,?,9,0.001,E,8,-9900,?,9,-9900,?,9,0.01,99.0,E,8
12/14/2021,09:00,1007.921,1410.979,305.29,1,8,21.652,1,8,289.827,1,8,36634.8,1,8,2056.965,1,8,31880.996,1,8,129.183,1,8,-9900,?,9,-9900,?,9,21.76,E,8,17.29,E,8,75.0,E,8,964.3861999999999,E,8,999.0,E,8,1.02,E,8,-9900,?,9,-9900,?,9,0.0,E,8,-9900,?,9,-9900,?,9,0.0,0.0,E,8
12/14/2021,10:00,1213.306,1410.979,408.16,1,8,30.209,1,8,382.185,1,8,48979.2,1,8,2869.899,1,8,42040.401,1,8,141.488,1,8,-9900,?,9,-9900,?,9,23.39,E,8,17.61,E,8,69.0,E,8,964.3861999999999,E,8,999.0,E,8,0.62,E,8,-9900,?,9,-9900,?,9,0.0,E,8,-9900,?,9,-9900,?,9,0.0,0.0,E,8
12/14/2021,11:00,1349.866,1410.979,484.26,1,8,48.869,1,8,437.509,1,8,58111.2,1,8,4642.578,1,8,48125.953,1,8,145.572,1,8,-9900,?,9,-9900,?,9,24.77,E,8,17.87,E,8,65.0,E,8,964.3861999999999,E,8,999.0,E,8,0.9,E,8,-9900,?,9,-9900,?,9,0.0,E,8,-9900,?,9,-9900,?,9,0.0,0.0,E,8
12/14/2021,12:00,1408.283,1410.979,527.79,1,8,54.425,1,8,473.469,1,8,63334.8,1,8,5170.352,1,8,52081.622,1,8,150.999,1,8,-9900,?,9,-9900,?,9,25.88,E,8,18.08,E,8,62.0,E,8,964.3861999999999,E,8,999.0,E,8,0.96,E,8,-9900,?,9,-9900,?,9,0.0,E,8,-9900,?,9,-9900,?,9,0.0,0.0,E,8
12/14/2021,13:00,1384.574,1410.979,535.54,1,8,61.976,1,8,474.724,1,8,64264.8,1,8,5887.723,1,8,52219.69,1,8,153.993,1,8,-9900,?,9,-9900,?,9,26.7,E,8,18.23,E,8,59.0,E,8,964.3861999999999,E,8,999.0,E,8,1.87,E,8,-9900,?,9,-9900,?,9,0.0,E,8,-9900,?,9,-9900,?,9,0.0,0.0,E,8
12/14/2021,14:00,1280.361,1410.979,506.97,1,8,72.375,1,8,441.299,1,8,60836.4,1,8,6875.624,1,8,48542.895,1,8,154.81,1,8,-9900,?,9,-9900,?,9,27.22,E,8,18.33,E,8,58.0,E,8,964.3861999999999,E,8,999.0,E,8,1.72,E,8,-9900,?,9,-9900,?,9,0.0,E,8,-9900,?,9,-9900,?,9,0.0,0.0,E,8
12/14/2021,15:00,1102.762,1410.979,444.14,1,8,64.006,1,8,394.125,1,8,53296.8,1,8,6080.578,1,8,43353.735,1,8,160.548,1,8,-9900,?,9,-9900,?,9,27.44,E,8,18.37,E,8,57.0,E,8,964.3861999999999,E,8,999.0,E,8,1.83,E,8,-9900,?,9,-9900,?,9,0.0,E,8,-9900,?,9,-9900,?,9,0.0,0.0,E,8
12/14/2021,16:00,863.915,1410.979,351.77,1,8,67.027,1,8,310.751,1,8,42212.4,1,8,6367.537,1,8,34182.599,1,8,161.631,1,8,-9900,?,9,-9900,?,9,27.33,E,8,18.35,E,8,62.0,E,8,964.3861999999999,E,8,999.0,E,8,1.43,E,8,-9900,?,9,-9900,?,9,0.028000000000000004,E,8,-9900,?,9,-9900,?,9,0.28,99.0,E,8
12/14/2021,17:00,580.209,1410.979,237.27,1,8,122.037,1,8,187.159,1,8,28472.4,1,8,11593.53,1,8,20587.481,1,8,145.084,1,8,-9900,?,9,-9900,?,9,26.78,E,8,18.24,E,8,64.0,E,8,964.3861999999999,E,8,999.0,E,8,1.92,E,8,-9900,?,9,-9900,?,9,0.014000000000000002,E,8,-9900,?,9,-9900,?,9,0.14,99.0,E,8
12/14/2021,18:00,271.55,1410.979,112.22,1,8,250.243,1,8,64.411,1,8,13466.4,1,8,23773.092,1,8,7085.256,1,8,107.317,1,8,-9900,?,9,-9900,?,9,25.85,E,8,18.07,E,8,77.0,E,8,964.3861999999999,E,8,999.0,E,8,1.47,E,8,-9900,?,9,-9900,?,9,0.542,E,8,-9900,?,9,-9900,?,9,5.42,99.0,E,8
12/14/2021,19:00,0.0,1410.979,8.77,1,8,0.0,1,8,0.0,1,8,1052.4,1,8,0.0,1,8,0.0,1,8,-0.0,1,8,-9900,?,9,-9900,?,9,25.14,E,8,17.94,E,8,69.0,E,8,964.3861999999999,E,8,999.0,E,8,1.01,E,8,-9900,?,9,-9900,?,9,0.004,E,8,-9900,?,9,-9900,?,9,0.04,99.0,E,8
12/14/2021,20:00,0.0,1410.979,0.0,1,8,0.0,1,8,0.0,1,8,0.0,1,8,0.0,1,8,0.0,1,8,-0.0,1,8,-9900,?,9,-9900,?,9,24.43,E,8,17.8,E,8,71.0,E,8,964.3861999999999,E,8,999.0,E,8,0.61,E,8,-9900,?,9,-9900,?,9,0.001,E,8,-9900,?,9,-9900,?,9,0.01,99.0,E,8
12/14/2021,21:00,0.0,1410.979,0.0,1,8,0.0,1,8,0.0,1,8,0.0,1,8,0.0,1,8,0.0,1,8,-0.0,1,8,-9900,?,9,-9900,?,9,23.72,E,8,17.67,E,8,73.0,E,8,964.3861999999999,E,8,999.0,E,8,0.8,E,8,-9900,?,9,-9900,?,9,0.002,E,8,-9900,?,9,-9900,?,9,0.02,99.0,E,8
12/14/2021,22:00,0.0,1410.979,0.0,1,8,0.0,1,8,0.0,1,8,0.0,1,8,0.0,1,8,0.0,1,8,-0.0,1,8,-9900,?,9,-9900,?,9,23.01,E,8,17.53,E,8,76.0,E,8,964.3861999999999,E,8,999.0,E,8,0.61,E,8,-9900,?,9,-9900,?,9,0.008,E,8,-9900,?,9,-9900,?,9,0.08,99.0,E,8
12/14/2021,23:00,0.0,1410.979,0.0,1,8,0.0,1,8,0.0,1,8,0.0,1,8,0.0,1,8,0.0,1,8,-0.0,1,8,-9900,?,9,-9900,?,9,22.3,E,8,17.4,E,8,73.0,E,8,964.3861999999999,E,8,999.0,E,8,0.61,E,8,-9900,?,9,-9900,?,9,0.0,E,8,-9900,?,9,-9900,?,9,0.0,0.0,E,8
12/14/2021,24:00,0.0,1410.979,0.0,1,8,0.0,1,8,0.0,1,8,0.0,1,8,0.0,1,8,0.0,1,8,-0.0,1,8,-9900,?,9,-9900,?,9,21.59,E,8,17.63,E,8,78.0,E,8,964.3861999999999,E,8,999.0,E,8,0.97,E,8,-9900,?,9,-9900,?,9,0.0,E,8,-9900,?,9,-9900,?,9,0.0,0.0,E,8
12/15/2021,01:00,0.0,1410.979,0.0,1,8,0.0,1,8,0.0,1,8,0.0,1,8,0.0,1,8,0.0,1,8,-0.0,1,8,-9900,?,9,-9900,?,9,21.23,E,8,17.62,E,8,79.0,E,8,964.3861999999999,E,8,999.0,E,8,0.97,E,8,-9900,?,9,-9900,?,9,0.0,E,8,-9900,?,9,-9900,?,9,0.0,0.0,E,8
12/15/2021,02:00,0.0,1410.979,0.0,1,8,0.0,1,8,0.0,1,8,0.0,1,8,0.0,1,8,0.0,1,8,-0.0,1,8,-9900,?,9,-9900,?,9,20.88,E,8,17.61,E,8,81.0,E,8,964.3861999999999,E,8,999.0,E,8,0.97,E,8,-9900,?,9,-9900,?,9,0.0,E,8,-9900,?,9,-9900,?,9,0.0,0.0,E,8
12/15/2021,03:00,0.0,1410.979,0.0,1,8,0.0,1,8,0.0,1,8,0.0,1,8,0.0,1,8,0.0,1,8,-0.0,1,8,-9900,?,9,-9900,?,9,20.52,E,8,17.61,E,8,83.0,E,8,964.3861999999999,E,8,999.0,E,8,0.97,E,8,-9900,?,9,-9900,?,9,0.0,E,8,-9900,?,9,-9900,?,9,0.0,0.0,E,8
12/15/2021,04:00,0.0,1411.268,0.0,1,8,0.0,1,8,0.0,1,8,0.0,1,8,0.0,1,8,0.0,1,8,-0.0,1,8,-9900,?,9,-9900,?,9,20.17,E,8,17.6,E,8,85.0,E,8,964.3861999999999,E,8,999.0,E,8,0.97,E,8,-9900,?,9,-9900,?,9,0.0,E,8,-9900,?,9,-9900,?,9,0.0,0.0,E,8
12/15/2021,05:00,0.0,1411.268,0.0,1,8,0.0,1,8,0.0,1,8,0.0,1,8,0.0,1,8,0.0,1,8,-0.0,1,8,-9900,?,9,-9900,?,9,19.85,E,8,17.59,E,8,86.0,E,8,964.3861999999999,E,8,999.0,E,8,0.97,E,8,-9900,?,9,-9900,?,9,0.0,E,8,-9900,?,9,-9900,?,9,0.0,0.0,E,8
12/15/2021,06:00,136.805,1411.268,0.0,1,8,0.0,1,8,0.0,1,8,0.0,1,8,0.0,1,8,0.0,1,8,0.0,1,8,-9900,?,9,-9900,?,9,19.62,E,8,17.59,E,8,88.0,E,8,964.3861999999999,E,8,999.0,E,8,0.97,E,8,-9900,?,9,-9900,?,9,0.0,E,8,-9900,?,9,-9900,?,9,0.0,0.0,E,8
12/15/2021,07:00,448.726,1411.268,89.72,1,8,0.0,1,8,89.72,1,8,10766.4,1,8,0.0,1,8,9869.2,1,8,90.05,1,8,-9900,?,9,-9900,?,9,19.39,E,8,17.58,E,8,89.0,E,8,964.3861999999999,E,8,999.0,E,8,0.97,E,8,-9900,?,9,-9900,?,9,0.0,E,8,-9900,?,9,-9900,?,9,0.0,0.0,E,8
12/15/2021,08:00,745.889,1411.268,271.86,1,8,84.604,1,8,227.179,1,8,32623.2,1,8,8037.339,1,8,24989.663,1,8,136.925,1,8,-9900,?,9,-9900,?,9,22.38,E,8,17.64,E,8,74.0,E,8,964.3861999999999,E,8,999.0,E,8,0.97,E,8,-9900,?,9,-9900,?,9,0.0,E,8,-9900,?,9,-9900,?,9,0.0,0.0,E,8
12/15/2021,09:00,1006.367,1411.268,450.9,1,8,109.528,1,8,372.819,1,8,54108.0,1,8,10405.125,1,8,41010.054,1,8,166.466,1,8,-9900,?,9,-9900,?,9,23.87,E,8,17.67,E,8,68.0,E,8,964.3861999999999,E,8,999.0,E,8,0.97,E,8,-9900,?,9,-9900,?,9,0.0,E,8,-9900,?,9,-9900,?,9,0.0,0.0,E,8
12/15/2021,10:00,1212.207,1411.268,603.46,1,8,138.642,1,8,484.386,1,8,72415.2,1,8,13170.96,1,8,53282.498,1,8,179.523,1,8,-9900,?,9,-9900,?,9,25.25,E,8,17.7,E,8,62.0,E,8,964.3861999999999,E,8,999.0,E,8,0.97,E,8,-9900,?,9,-9900,?,9,0.0,E,8,-9900,?,9,-9900,?,9,0.0,0.0,E,8
12/15/2021,11:00,1349.332,1411.268,716.49,1,8,134.549,1,8,587.849,1,8,85978.8,1,8,12782.174,1,8,64663.418,1,8,195.713,1,8,-9900,?,9,-9900,?,9,26.45,E,8,17.73,E,8,58.0,E,8,964.3861999999999,E,8,999.0,E,8,0.97,E,8,-9900,?,9,-9900,?,9,0.0,E,8,-9900,?,9,-9900,?,9,0.0,0.0,E,8
12/15/2021,12:00,1408.384,1411.268,781.34,1,8,154.676,1,8,626.98,1,8,93760.8,1,8,14694.232,1,8,68967.815,1,8,199.983,1,8,-9900,?,9,-9900,?,9,27.43,E,8,17.75,E,8,55.0,E,8,964.3861999999999,E,8,999.0,E,8,0.97,E,8,-9900,?,9,-9900,?,9,0.0,E,8,-9900,?,9,-9900,?,9,0.0,0.0,E,8
12/15/2021,13:00,1385.337,1411.268,793.25,1,8,318.816,1,8,480.296,1,8,95190.0,1,8,30287.493,1,8,52832.543,1,8,155.746,1,8,-9900,?,9,-9900,?,9,28.15,E,8,17.76,E,8,53.0,E,8,964.3861999999999,E,8,999.0,E,8,0.97,E,8,-9900,?,9,-9900,?,9,0.0,E,8,-9900,?,9,-9900,?,9,0.0,0.0,E,8
12/15/2021,14:00,1281.766,1411.268,751.37,1,8,370.755,1,8,414.658,1,8,90164.4,1,8,35221.698,1,8,45612.36,1,8,145.334,1,8,-9900,?,9,-9900,?,9,28.61,E,8,17.77,E,8,51.0,E,8,964.3861999999999,E,8,999.0,E,8,0.97,E,8,-9900,?,9,-9900,?,9,0.0,E,8,-9900,?,9,-9900,?,9,0.0,0.0,E,8
12/15/2021,15:00,1104.745,1411.268,658.74,1,8,408.559,1,8,338.978,1,8,79048.8,1,8,38813.08,1,8,37287.63,1,8,137.864,1,8,-9900,?,9,-9900,?,9,28.8,E,8,17.77,E,8,51.0,E,8,964.3861999999999,E,8,999.0,E,8,0.97,E,8,-9900,?,9,-9900,?,9,0.0,E,8,-9900,?,9,-9900,?,9,0.0,0.0,E,8
12/15/2021,16:00,866.372,1411.268,522.29,1,8,473.952,1,8,231.474,1,8,62674.8,1,8,45025.477,1,8,25462.115,1,8,120.079,1,8,-9900,?,9,-9900,?,9,28.67,E,8,17.77,E,8,51.0,E,8,964.3861999999999,E,8,999.0,E,8,0.97,E,8,-9900,?,9,-9900,?,9,0.0,E,8,-9900,?,9,-9900,?,9,0.0,0.0,E,8
12/15/2021,17:00,583.0,1411.268,352.96,1,8,568.076,1,8,118.618,1,8,42355.2,1,8,53967.205,1,8,13047.975,1,8,91.529,1,8,-9900,?,9,-9900,?,9,28.13,E,8,17.76,E,8,53.0,E,8,964.3861999999999,E,8,999.0,E,8,0.97,E,8,-9900,?,9,-9900,?,9,0.0,E,8,-9900,?,9,-9900,?,9,0.0,0.0,E,8
12/15/2021,18:00,274.504,1411.268,167.85,1,8,409.175,1,8,88.831,1,8,20142.0,1,8,38871.649,1,8,9771.433,1,8,146.418,1,8,-9900,?,9,-9900,?,9,27.25,E,8,17.74,E,8,56.0,E,8,964.3861999999999,E,8,999.0,E,8,0.97,E,8,-9900,?,9,-9900,?,9,0.0,E,8,-9900,?,9,-9900,?,9,0.0,0.0,E,8
12/15/2021,19:00,0.0,1411.268,13.78,1,8,0.0,1,8,0.0,1,8,1653.6,1,8,0.0,1,8,0.0,1,8,-0.0,1,8,-9900,?,9,-9900,?,9,26.32,E,8,17.72,E,8,59.0,E,8,964.3861999999999,E,8,999.0,E,8,0.97,E,8,-9900,?,9,-9900,?,9,0.0,E,8,-9900,?,9,-9900,?,9,0.0,0.0,E,8
12/15/2021,20:00,0.0,1411.268,0.0,1,8,0.0,1,8,0.0,1,8,0.0,1,8,0.0,1,8,0.0,1,8,-0.0,1,8,-9900,?,9,-9900,?,9,25.39,E,8,17.7,E,8,62.0,E,8,964.3861999999999,E,8,999.0,E,8,0.97,E,8,-9900,?,9,-9900,?,9,0.0,E,8,-9900,?,9,-9900,?,9,0.0,0.0,E,8
12/15/2021,21:00,0.0,1411.268,0.0,1,8,0.0,1,8,0.0,1,8,0.0,1,8,0.0,1,8,0.0,1,8,-0.0,1,8,-9900,?,9,-9900,?,9,24.46,E,8,17.69,E,8,65.0,E,8,964.3861999999999,E,8,999.0,E,8,0.97,E,8,-9900,?,9,-9900,?,9,0.0,E,8,-9900,?,9,-9900,?,9,0.0,0.0,E,8
12/15/2021,22:00,0.0,1411.268,0.0,1,8,0.0,1,8,0.0,1,8,0.0,1,8,0.0,1,8,0.0,1,8,-0.0,1,8,-9900,?,9,-9900,?,9,23.54,E,8,17.67,E,8,69.0,E,8,964.3861999999999,E,8,999.0,E,8,0.97,E,8,-9900,?,9,-9900,?,9,0.0,E,8,-9900,?,9,-9900,?,9,0.0,0.0,E,8
12/15/2021,23:00,0.0,1411.268,0.0,1,8,0.0,1,8,0.0,1,8,0.0,1,8,0.0,1,8,0.0,1,8,-0.0,1,8,-9900,?,9,-9900,?,9,22.61,E,8,17.65,E,8,73.0,E,8,964.3861999999999,E,8,999.0,E,8,0.97,E,8,-9900,?,9,-9900,?,9,0.0,E,8,-9900,?,9,-9900,?,9,0.0,0.0,E,8
12/15/2021,24:00,0.0,1411.268,0.0,1,8,0.0,1,8,0.0,1,8,0.0,1,8,0.0,1,8,0.0,1,8,-0.0,1,8,-9900,?,9,-9900,?,9,21.68,E,8,17.02,E,8,74.0,E,8,964.3861999999999,E,8,999.0,E,8,0.97,E,8,-9900,?,9,-9900,?,9,0.0,E,8,-9900,?,9,-9900,?,9,0.0,0.0,E,8
12/16/2021,01:00,0.0,1411.268,0.0,1,8,0.0,1,8,0.0,1,8,0.0,1,8,0.0,1,8,0.0,1,8,-0.0,1,8,-9900,?,9,-9900,?,9,21.22,E,8,16.94,E,8,76.0,E,8,964.3861999999999,E,8,999.0,E,8,0.97,E,8,-9900,?,9,-9900,?,9,0.0,E,8,-9900,?,9,-9900,?,9,0.0,0.0,E,8
12/16/2021,02:00,0.0,1411.268,0.0,1,8,0.0,1,8,0.0,1,8,0.0,1,8,0.0,1,8,0.0,1,8,-0.0,1,8,-9900,?,9,-9900,?,9,20.75,E,8,16.85,E,8,78.0,E,8,964.3861999999999,E,8,999.0,E,8,0.97,E,8,-9900,?,9,-9900,?,9,0.0,E,8,-9900,?,9,-9900,?,9,0.0,0.0,E,8
12/16/2021,03:00,0.0,1411.268,0.0,1,8,0.0,1,8,0.0,1,8,0.0,1,8,0.0,1,8,0.0,1,8,-0.0,1,8,-9900,?,9,-9900,?,9,20.29,E,8,16.77,E,8,80.0,E,8,964.3861999999999,E,8,999.0,E,8,0.97,E,8,-9900,?,9,-9900,?,9,0.0,E,8,-9900,?,9,-9900,?,9,0.0,0.0,E,8
12/16/2021,04:00,0.0,1411.544,0.0,1,8,0.0,1,8,0.0,1,8,0.0,1,8,0.0,1,8,0.0,1,8,-0.0,1,8,-9900,?,9,-9900,?,9,19.83,E,8,16.69,E,8,82.0,E,8,964.3861999999999,E,8,999.0,E,8,0.97,E,8,-9900,?,9,-9900,?,9,0.0,E,8,-9900,?,9,-9900,?,9,0.0,0.0,E,8
12/16/2021,05:00,0.0,1411.544,0.0,1,8,0.0,1,8,0.0,1,8,0.0,1,8,0.0,1,8,0.0,1,8,-0.0,1,8,-9900,?,9,-9900,?,9,19.42,E,8,16.61,E,8,83.0,E,8,964.3861999999999,E,8,999.0,E,8,0.97,E,8,-9900,?,9,-9900,?,9,0.0,E,8,-9900,?,9,-9900,?,9,0.0,0.0,E,8
12/16/2021,06:00,134.757,1411.544,0.0,1,8,0.0,1,8,0.0,1,8,0.0,1,8,0.0,1,8,0.0,1,8,0.0,1,8,-9900,?,9,-9900,?,9,19.11,E,8,16.56,E,8,85.0,E,8,964.3861999999999,E,8,999.0,E,8,0.97,E,8,-9900,?,9,-9900,?,9,0.0,E,8,-9900,?,9,-9900,?,9,0.0,0.0,E,8
12/16/2021,07:00,446.632,1411.544,129.0,1,8,21.564,1,8,122.195,1,8,15480.0,1,8,2048.565,1,8,13441.409,1,8,123.247,1,8,-9900,?,9,-9900,?,9,18.8,E,8,16.5,E,8,86.0,E,8,964.3861999999999,E,8,999.0,E,8,0.97,E,8,-9900,?,9,-9900,?,9,0.0,E,8,-9900,?,9,-9900,?,9,0.0,0.0,E,8
12/16/2021,08:00,743.96,1411.544,328.79,1,8,152.574,1,8,248.437,1,8,39454.8,1,8,14494.492,1,8,27328.034,1,8,150.156,1,8,-9900,?,9,-9900,?,9,22.84,E,8,17.22,E,8,70.0,E,8,964.3861999999999,E,8,999.0,E,8,0.97,E,8,-9900,?,9,-9900,?,9,0.0,E,8,-9900,?,9,-9900,?,9,0.0,0.0,E,8
12/16/2021,09:00,1004.766,1411.544,526.89,1,8,203.343,1,8,382.188,1,8,63226.8,1,8,19317.59,1,8,42040.632,1,8,170.954,1,8,-9900,?,9,-9900,?,9,24.59,E,8,17.52,E,8,64.0,E,8,964.3861999999999,E,8,999.0,E,8,0.97,E,8,-9900,?,9,-9900,?,9,0.0,E,8,-9900,?,9,-9900,?,9,0.0,0.0,E,8
12/16/2021,10:00,1211.075,1411.544,607.94,1,8,143.484,1,8,484.847,1,8,72952.8,1,8,13630.944,1,8,53333.172,1,8,179.897,1,8,-9900,?,9,-9900,?,9,25.82,E,8,17.73,E,8,60.0,E,8,964.3861999999999,E,8,999.0,E,8,0.97,E,8,-9900,?,9,-9900,?,9,0.0,E,8,-9900,?,9,-9900,?,9,0.0,0.0,E,8
12/16/2021,11:00,1348.776,1411.544,688.2,1,8,114.742,1,8,578.564,1,8,82584.0,1,8,10900.47,1,8,63641.989,1,8,192.738,1,8,-9900,?,9,-9900,?,9,26.84,E,8,17.9,E,8,58.0,E,8,964.3861999999999,E,8,999.0,E,8,0.97,E,8,-9900,?,9,-9900,?,9,0.0,E,8,-9900,?,9,-9900,?,9,0.0,0.0,E,8
12/16/2021,12:00,1408.471,1411.544,650.88,1,8,138.594,1,8,512.588,1,8,78105.6,1,8,13166.436,1,8,56384.661,1,8,163.518,1,8,-9900,?,9,-9900,?,9,27.42,E,8,18.0,E,8,56.0,E,8,964.3861999999999,E,8,999.0,E,8,0.97,E,8,-9900,?,9,-9900,?,9,0.0,E,8,-9900,?,9,-9900,?,9,0.0,0.0,E,8
12/16/2021,13:00,1386.089,1411.544,583.9,1,8,85.27,1,8,500.169,1,8,70068.0,1,8,8100.657,1,8,55018.54,1,8,162.134,1,8,-9900,?,9,-9900,?,9,27.65,E,8,18.04,E,8,55.0,E,8,964.3861999999999,E,8,999.0,E,8,0.97,E,8,-9900,?,9,-9900,?,9,0.0,E,8,-9900,?,9,-9900,?,9,0.0,0.0,E,8
12/16/2021,14:00,1283.16,1411.544,712.61,1,8,276.442,1,8,461.326,1,8,85513.2,1,8,26262.009,1,8,50745.905,1,8,161.547,1,8,-9900,?,9,-9900,?,9,28.12,E,8,18.12,E,8,54.0,E,8,964.3861999999999,E,8,999.0,E,8,0.97,E,8,-9900,?,9,-9900,?,9,0.0,E,8,-9900,?,9,-9900,?,9,0.0,0.0,E,8
12/16/2021,15:00,1106.714,1411.544,769.45,1,8,614.123,1,8,288.038,1,8,92334.0,1,8,58341.732,1,8,31684.218,1,8,116.961,1,8,-9900,?,9,-9900,?,9,28.59,E,8,18.19,E,8,53.0,E,8,964.3861999999999,E,8,999.0,E,8,0.97,E,8,-9900,?,9,-9900,?,9,0.0,E,8,-9900,?,9,-9900,?,9,0.0,0.0,E,8
12/16/2021,16:00,868.807,1411.544,681.4,1,8,791.647,1,8,194.375,1,8,81768.0,1,8,75206.43,1,8,21381.227,1,8,100.57,1,8,-9900,?,9,-9900,?,9,28.81,E,8,18.23,E,8,52.0,E,8,964.3861999999999,E,8,999.0,E,8,0.97,E,8,-9900,?,9,-9900,?,9,0.0,E,8,-9900,?,9,-9900,?,9,0.0,0.0,E,8
12/16/2021,17:00,585.761,1411.544,528.99,1,8,760.482,1,8,213.848,1,8,63478.8,1,8,72245.807,1,8,23523.254,1,8,164.262,1,8,-9900,?,9,-9900,?,9,28.71,E,8,18.21,E,8,53.0,E,8,964.3861999999999,E,8,999.0,E,8,0.97,E,8,-9900,?,9,-9900,?,9,0.0,E,8,-9900,?,9,-9900,?,9,0.0,0.0,E,8
12/16/2021,18:00,277.416,1411.544,297.49,1,8,508.839,1,8,198.187,1,8,35698.8,1,8,48339.721,1,8,21800.549,1,8,323.253,1,8,-9900,?,9,-9900,?,9,28.04,E,8,18.1,E,8,54.0,E,8,964.3861999999999,E,8,999.0,E,8,0.97,E,8,-9900,?,9,-9900,?,9,0.0,E,8,-9900,?,9,-9900,?,9,0.0,0.0,E,8
12/16/2021,19:00,0.0,1411.544,28.37,1,8,0.0,1,8,0.0,1,8,3404.4,1,8,0.0,1,8,0.0,1,8,-0.0,1,8,-9900,?,9,-9900,?,9,26.85,E,8,17.91,E,8,58.0,E,8,964.3861999999999,E,8,999.0,E,8,0.97,E,8,-9900,?,9,-9900,?,9,0.0,E,8,-9900,?,9,-9900,?,9,0.0,0.0,E,8
12/16/2021,20:00,0.0,1411.544,0.0,1,8,0.0,1,8,0.0,1,8,0.0,1,8,0.0,1,8,0.0,1,8,-0.0,1,8,-9900,?,9,-9900,?,9,25.65,E,8,17.7,E,8,61.0,E,8,964.3861999999999,E,8,999.0,E,8,0.97,E,8,-9900,?,9,-9900,?,9,0.0,E,8,-9900,?,9,-9900,?,9,0.0,0.0,E,8
12/16/2021,21:00,0.0,1411.544,0.0,1,8,0.0,1,8,0.0,1,8,0.0,1,8,0.0,1,8,0.0,1,8,-0.0,1,8,-9900,?,9,-9900,?,9,24.46,E,8,17.5,E,8,65.0,E,8,964.3861999999999,E,8,999.0,E,8,0.97,E,8,-9900,?,9,-9900,?,9,0.0,E,8,-9900,?,9,-9900,?,9,0.0,0.0,E,8
12/16/2021,22:00,0.0,1411.544,0.0,1,8,0.0,1,8,0.0,1,8,0.0,1,8,0.0,1,8,0.0,1,8,-0.0,1,8,-9900,?,9,-9900,?,9,23.27,E,8,17.3,E,8,69.0,E,8,964.3861999999999,E,8,999.0,E,8,0.97,E,8,-9900,?,9,-9900,?,9,0.0,E,8,-9900,?,9,-9900,?,9,0.0,0.0,E,8
12/16/2021,23:00,0.0,1411.544,0.0,1,8,0.0,1,8,0.0,1,8,0.0,1,8,0.0,1,8,0.0,1,8,-0.0,1,8,-9900,?,9,-9900,?,9,22.08,E,8,17.09,E,8,73.0,E,8,964.3861999999999,E,8,999.0,E,8,0.97,E,8,-9900,?,9,-9900,?,9,0.0,E,8,-9900,?,9,-9900,?,9,0.0,0.0,E,8
12/16/2021,24:00,0.0,1411.544,0.0,1,8,0.0,1,8,0.0,1,8,0.0,1,8,0.0,1,8,0.0,1,8,-0.0,1,8,-9900,?,9,-9900,?,9,20.88,E,8,15.19,E,8,69.0,E,8,964.3861999999999,E,8,999.0,E,8,0.32,E,8,-9900,?,9,-9900,?,9,0.0,E,8,-9900,?,9,-9900,?,9,0.0,0.0,E,8
12/17/2021,01:00,0.0,1411.544,0.0,1,8,0.0,1,8,0.0,1,8,0.0,1,8,0.0,1,8,0.0,1,8,-0.0,1,8,-9900,?,9,-9900,?,9,20.29,E,8,15.16,E,8,72.0,E,8,964.3861999999999,E,8,999.0,E,8,0.32,E,8,-9900,?,9,-9900,?,9,0.0,E,8,-9900,?,9,-9900,?,9,0.0,0.0,E,8
12/17/2021,02:00,0.0,1411.544,0.0,1,8,0.0,1,8,0.0,1,8,0.0,1,8,0.0,1,8,0.0,1,8,-0.0,1,8,-9900,?,9,-9900,?,9,19.69,E,8,15.12,E,8,74.0,E,8,964.3861999999999,E,8,999.0,E,8,0.32,E,8,-9900,?,9,-9900,?,9,0.0,E,8,-9900,?,9,-9900,?,9,0.0,0.0,E,8
12/17/2021,03:00,0.0,1411.544,0.0,1,8,0.0,1,8,0.0,1,8,0.0,1,8,0.0,1,8,0.0,1,8,-0.0,1,8,-9900,?,9,-9900,?,9,19.1,E,8,15.08,E,8,77.0,E,8,964.3861999999999,E,8,999.0,E,8,0.32,E,8,-9900,?,9,-9900,?,9,0.0,E,8,-9900,?,9,-9900,?,9,0.0,0.0,E,8
12/17/2021,04:00,0.0,1411.805,0.0,1,8,0.0,1,8,0.0,1,8,0.0,1,8,0.0,1,8,0.0,1,8,-0.0,1,8,-9900,?,9,-9900,?,9,18.5,E,8,15.04,E,8,80.0,E,8,964.3861999999999,E,8,999.0,E,8,0.32,E,8,-9900,?,9,-9900,?,9,0.0,E,8,-9900,?,9,-9900,?,9,0.0,0.0,E,8
12/17/2021,05:00,0.0,1411.805,0.0,1,8,0.0,1,8,0.0,1,8,0.0,1,8,0.0,1,8,0.0,1,8,-0.0,1,8,-9900,?,9,-9900,?,9,17.97,E,8,15.01,E,8,82.0,E,8,964.3861999999999,E,8,999.0,E,8,0.32,E,8,-9900,?,9,-9900,?,9,0.0,E,8,-9900,?,9,-9900,?,9,0.0,0.0,E,8
12/17/2021,06:00,132.626,1411.805,0.0,1,8,0.0,1,8,0.0,1,8,0.0,1,8,0.0,1,8,0.0,1,8,0.0,1,8,-9900,?,9,-9900,?,9,17.58,E,8,14.99,E,8,84.0,E,8,964.3861999999999,E,8,999.0,E,8,0.32,E,8,-9900,?,9,-9900,?,9,0.0,E,8,-9900,?,9,-9900,?,9,0.0,0.0,E,8
12/17/2021,07:00,444.466,1411.805,121.14,1,8,12.208,1,8,117.307,1,8,14536.8,1,8,1159.729,1,8,12903.755,1,8,118.919,1,8,-9900,?,9,-9900,?,9,17.18,E,8,14.96,E,8,86.0,E,8,964.3861999999999,E,8,999.0,E,8,0.32,E,8,-9900,?,9,-9900,?,9,0.0,E,8,-9900,?,9,-9900,?,9,0.0,0.0,E,8
12/17/2021,08:00,741.972,1411.805,373.96,1,8,232.546,1,8,251.839,1,8,44875.2,1,8,22091.913,1,8,27702.324,1,8,152.649,1,8,-9900,?,9,-9900,?,9,20.97,E,8,15.2,E,8,69.0,E,8,964.3861999999999,E,8,999.0,E,8,0.32,E,8,-9900,?,9,-9900,?,9,0.0,E,8,-9900,?,9,-9900,?,9,0.0,0.0,E,8
12/17/2021,09:00,1003.122,1411.805,620.61,1,8,436.948,1,8,310.237,1,8,74473.2,1,8,41510.053,1,8,34126.12,1,8,139.024,1,8,-9900,?,9,-9900,?,9,22.87,E,8,15.31,E,8,62.0,E,8,964.3861999999999,E,8,999.0,E,8,0.6,E,8,-9900,?,9,-9900,?,9,0.0,E,8,-9900,?,9,-9900,?,9,0.0,0.0,E,8
12/17/2021,10:00,1209.912,1411.805,824.92,1,8,555.461,1,8,348.943,1,8,98990.4,1,8,52768.785,1,8,38383.711,1,8,129.62,1,8,-9900,?,9,-9900,?,9,24.6,E,8,15.42,E,8,56.0,E,8,964.3861999999999,E,8,999.0,E,8,0.81,E,8,-9900,?,9,-9900,?,9,0.0,E,8,-9900,?,9,-9900,?,9,0.0,0.0,E,8
12/17/2021,11:00,1348.198,1411.805,982.19,1,8,646.008,1,8,365.305,1,8,117862.8,1,8,61370.734,1,8,40183.521,1,8,121.77,1,8,-9900,?,9,-9900,?,9,26.11,E,8,15.51,E,8,52.0,E,8,964.3861999999999,E,8,999.0,E,8,0.88,E,8,-9900,?,9,-9900,?,9,0.0,E,8,-9900,?,9,-9900,?,9,0.0,0.0,E,8
12/17/2021,12:00,1408.543,1411.805,1067.86,1,8,741.794,1,8,327.781,1,8,128143.2,1,8,70470.404,1,8,36055.95,1,8,104.578,1,8,-9900,?,9,-9900,?,9,27.34,E,8,15.59,E,8,48.0,E,8,964.3861999999999,E,8,999.0,E,8,0.95,E,8,-9900,?,9,-9900,?,9,0.0,E,8,-9900,?,9,-9900,?,9,0.0,0.0,E,8
12/17/2021,13:00,1386.83,1411.805,1086.38,1,8,859.915,1,8,241.686,1,8,130365.6,1,8,81691.965,1,8,26585.429,1,8,78.317,1,8,-9900,?,9,-9900,?,9,28.26,E,8,15.64,E,8,46.0,E,8,964.3861999999999,E,8,999.0,E,8,1.63,E,8,-9900,?,9,-9900,?,9,0.0,E,8,-9900,?,9,-9900,?,9,0.0,0.0,E,8
12/17/2021,14:00,1284.544,1411.805,1027.04,1,8,929.436,1,8,181.436,1,8,123244.8,1,8,88296.413,1,8,19957.97,1,8,63.478,1,8,-9900,?,9,-9900,?,9,28.84,E,8,15.68,E,8,44.0,E,8,964.3861999999999,E,8,999.0,E,8,2.13,E,8,-9900,?,9,-9900,?,9,0.0,E,8,-9900,?,9,-9900,?,9,0.0,0.0,E,8
12/17/2021,15:00,1108.667,1411.805,897.68,1,8,892.968,1,8,196.575,1,8,107721.6,1,8,84831.998,1,8,21623.225,1,8,79.695,1,8,-9900,?,9,-9900,?,9,29.07,E,8,15.69,E,8,44.0,E,8,964.3861999999999,E,8,999.0,E,8,1.96,E,8,-9900,?,9,-9900,?,9,0.0,E,8,-9900,?,9,-9900,?,9,0.0,0.0,E,8
12/17/2021,16:00,871.22,1411.805,715.18,1,8,843.208,1,8,195.087,1,8,85821.6,1,8,80104.766,1,8,21459.615,1,8,100.678,1,8,-9900,?,9,-9900,?,9,28.91,E,8,15.68,E,8,44.0,E,8,964.3861999999999,E,8,999.0,E,8,1.8,E,8,-9900,?,9,-9900,?,9,0.0,E,8,-9900,?,9,-9900,?,9,0.0,0.0,E,8
12/17/2021,17:00,588.489,1411.805,477.6,1,8,776.827,1,8,154.24,1,8,57312.0,1,8,73798.545,1,8,16966.445,1,8,117.947,1,8,-9900,?,9,-9900,?,9,28.21,E,8,15.64,E,8,46.0,E,8,964.3861999999999,E,8,999.0,E,8,1.8,E,8,-9900,?,9,-9900,?,9,0.0,E,8,-9900,?,9,-9900,?,9,0.0,0.0,E,8
12/17/2021,18:00,280.283,1411.805,227.96,1,8,602.406,1,8,109.187,1,8,27355.2,1,8,57228.558,1,8,12010.576,1,8,176.276,1,8,-9900,?,9,-9900,?,9,27.09,E,8,15.57,E,8,49.0,E,8,964.3861999999999,E,8,999.0,E,8,1.32,E,8,-9900,?,9,-9900,?,9,0.0,E,8,-9900,?,9,-9900,?,9,0.0,0.0,E,8
12/17/2021,19:00,0.0,1411.805,17.78,1,8,0.0,1,8,0.0,1,8,2133.6,1,8,0.0,1,8,0.0,1,8,-0.0,1,8,-9900,?,9,-9900,?,9,25.73,E,8,15.49,E,8,53.0,E,8,964.3861999999999,E,8,999.0,E,8,1.45,E,8,-9900,?,9,-9900,?,9,0.0,E,8,-9900,?,9,-9900,?,9,0.0,0.0,E,8
12/17/2021,20:00,0.0,1411.805,0.0,1,8,0.0,1,8,0.0,1,8,0.0,1,8,0.0,1,8,0.0,1,8,-0.0,1,8,-9900,?,9,-9900,?,9,24.64,E,8,15.42,E,8,56.0,E,8,964.3861999999999,E,8,999.0,E,8,1.2,E,8,-9900,?,9,-9900,?,9,0.0,E,8,-9900,?,9,-9900,?,9,0.0,0.0,E,8
12/17/2021,21:00,0.0,1411.805,0.0,1,8,0.0,1,8,0.0,1,8,0.0,1,8,0.0,1,8,0.0,1,8,-0.0,1,8,-9900,?,9,-9900,?,9,23.55,E,8,15.36,E,8,60.0,E,8,964.3861999999999,E,8,999.0,E,8,1.49,E,8,-9900,?,9,-9900,?,9,0.0,E,8,-9900,?,9,-9900,?,9,0.0,0.0,E,8
12/17/2021,22:00,0.0,1411.805,0.0,1,8,0.0,1,8,0.0,1,8,0.0,1,8,0.0,1,8,0.0,1,8,-0.0,1,8,-9900,?,9,-9900,?,9,22.46,E,8,15.29,E,8,63.0,E,8,964.3861999999999,E,8,999.0,E,8,1.13,E,8,-9900,?,9,-9900,?,9,0.0,E,8,-9900,?,9,-9900,?,9,0.0,0.0,E,8
12/17/2021,23:00,0.0,1411.805,0.0,1,8,0.0,1,8,0.0,1,8,0.0,1,8,0.0,1,8,0.0,1,8,-0.0,1,8,-9900,?,9,-9900,?,9,21.36,E,8,15.22,E,8,68.0,E,8,964.3861999999999,E,8,999.0,E,8,1.28,E,8,-9900,?,9,-9900,?,9,0.0,E,8,-9900,?,9,-9900,?,9,0.0,0.0,E,8
12/17/2021,24:00,0.0,1411.805,0.0,1,8,0.0,1,8,0.0,1,8,0.0,1,8,0.0,1,8,0.0,1,8,-0.0,1,8,-9900,?,9,-9900,?,9,20.27,E,8,15.55,E,8,74.0,E,8,964.3861999999999,E,8,999.0,E,8,4.2,E,8,-9900,?,9,-9900,?,9,0.0,E,8,-9900,?,9,-9900,?,9,0.0,0.0,E,8
12/18/2021,01:00,0.0,1411.805,0.0,1,8,0.0,1,8,0.0,1,8,0.0,1,8,0.0,1,8,0.0,1,8,-0.0,1,8,-9900,?,9,-9900,?,9,19.73,E,8,15.47,E,8,76.0,E,8,964.3861999999999,E,8,999.0,E,8,3.75,E,8,-9900,?,9,-9900,?,9,0.0,E,8,-9900,?,9,-9900,?,9,0.0,0.0,E,8
12/18/2021,02:00,0.0,1411.805,0.0,1,8,0.0,1,8,0.0,1,8,0.0,1,8,0.0,1,8,0.0,1,8,-0.0,1,8,-9900,?,9,-9900,?,9,19.18,E,8,15.39,E,8,78.0,E,8,964.3861999999999,E,8,999.0,E,8,3.92,E,8,-9900,?,9,-9900,?,9,0.0,E,8,-9900,?,9,-9900,?,9,0.0,0.0,E,8
12/18/2021,03:00,0.0,1411.805,0.0,1,8,0.0,1,8,0.0,1,8,0.0,1,8,0.0,1,8,0.0,1,8,-0.0,1,8,-9900,?,9,-9900,?,9,18.64,E,8,15.31,E,8,80.0,E,8,964.3861999999999,E,8,999.0,E,8,3.0,E,8,-9900,?,9,-9900,?,9,0.0,E,8,-9900,?,9,-9900,?,9,0.0,0.0,E,8
12/18/2021,04:00,0.0,1412.053,0.0,1,8,0.0,1,8,0.0,1,8,0.0,1,8,0.0,1,8,0.0,1,8,-0.0,1,8,-9900,?,9,-9900,?,9,18.09,E,8,15.23,E,8,83.0,E,8,964.3861999999999,E,8,999.0,E,8,2.75,E,8,-9900,?,9,-9900,?,9,0.0,E,8,-9900,?,9,-9900,?,9,0.0,0.0,E,8
12/18/2021,05:00,0.0,1412.053,0.0,1,8,0.0,1,8,0.0,1,8,0.0,1,8,0.0,1,8,0.0,1,8,-0.0,1,8,-9900,?,9,-9900,?,9,17.61,E,8,15.16,E,8,85.0,E,8,964.3861999999999,E,8,999.0,E,8,2.65,E,8,-9900,?,9,-9900,?,9,0.0,E,8,-9900,?,9,-9900,?,9,0.0,0.0,E,8
12/18/2021,06:00,130.413,1412.053,0.0,1,8,0.0,1,8,0.0,1,8,0.0,1,8,0.0,1,8,0.0,1,8,0.0,1,8,-9900,?,9,-9900,?,9,17.25,E,8,15.11,E,8,87.0,E,8,964.3861999999999,E,8,999.0,E,8,1.85,E,8,-9900,?,9,-9900,?,9,0.0,E,8,-9900,?,9,-9900,?,9,0.0,0.0,E,8
12/18/2021,07:00,442.23,1412.053,77.55,1,8,0.0,1,8,77.55,1,8,9306.0,1,8,0.0,1,8,8530.5,1,8,79.03,1,8,-9900,?,9,-9900,?,9,16.89,E,8,15.06,E,8,88.0,E,8,964.3861999999999,E,8,999.0,E,8,1.6,E,8,-9900,?,9,-9900,?,9,0.0,E,8,-9900,?,9,-9900,?,9,0.0,0.0,E,8
12/18/2021,08:00,739.928,1412.053,251.98,1,8,34.494,1,8,233.919,1,8,30237.6,1,8,3276.922,1,8,25731.074,1,8,142.204,1,8,-9900,?,9,-9900,?,9,19.6,E,8,15.45,E,8,76.0,E,8,964.3861999999999,E,8,999.0,E,8,1.6,E,8,-9900,?,9,-9900,?,9,0.0,E,8,-9900,?,9,-9900,?,9,0.0,0.0,E,8
12/18/2021,09:00,1001.434,1412.053,477.73,1,8,156.012,1,8,367.118,1,8,57327.6,1,8,14821.16,1,8,40382.929,1,8,164.82,1,8,-9900,?,9,-9900,?,9,21.32,E,8,15.69,E,8,70.0,E,8,964.3861999999999,E,8,999.0,E,8,2.2,E,8,-9900,?,9,-9900,?,9,0.0,E,8,-9900,?,9,-9900,?,9,0.0,0.0,E,8
12/18/2021,10:00,1208.718,1412.053,671.07,1,8,266.944,1,8,442.59,1,8,80528.4,1,8,25359.713,1,8,48684.907,1,8,164.598,1,8,-9900,?,9,-9900,?,9,22.97,E,8,15.93,E,8,64.0,E,8,964.3861999999999,E,8,999.0,E,8,1.6,E,8,-9900,?,9,-9900,?,9,0.0,E,8,-9900,?,9,-9900,?,9,0.0,0.0,E,8
12/18/2021,11:00,1347.6,1412.053,842.14,1,8,405.424,1,8,455.233,1,8,101056.8,1,8,38515.257,1,8,50075.611,1,8,151.84,1,8,-9900,?,9,-9900,?,9,24.53,E,8,16.14,E,8,59.0,E,8,964.3861999999999,E,8,999.0,E,8,1.89,E,8,-9900,?,9,-9900,?,9,0.0,E,8,-9900,?,9,-9900,?,9,0.0,0.0,E,8
12/18/2021,12:00,1408.601,1412.053,851.73,1,8,323.751,1,8,528.77,1,8,102207.6,1,8,30756.389,1,8,58164.743,1,8,168.726,1,8,-9900,?,9,-9900,?,9,25.59,E,8,16.29,E,8,56.0,E,8,964.3861999999999,E,8,999.0,E,8,1.6,E,8,-9900,?,9,-9900,?,9,0.0,E,8,-9900,?,9,-9900,?,9,0.0,0.0,E,8
12/18/2021,13:00,1387.56,1412.053,917.81,1,8,451.335,1,8,474.308,1,8,110137.2,1,8,42876.871,1,8,52173.848,1,8,153.643,1,8,-9900,?,9,-9900,?,9,26.5,E,8,16.41,E,8,53.0,E,8,964.3861999999999,E,8,999.0,E,8,2.91,E,8,-9900,?,9,-9900,?,9,0.0,E,8,-9900,?,9,-9900,?,9,0.0,0.0,E,8
12/18/2021,14:00,1285.915,1412.053,895.24,1,8,590.853,1,8,357.2,1,8,107428.8,1,8,56131.033,1,8,39292.004,1,8,124.861,1,8,-9900,?,9,-9900,?,9,27.14,E,8,16.5,E,8,52.0,E,8,964.3861999999999,E,8,999.0,E,8,3.86,E,8,-9900,?,9,-9900,?,9,0.0,E,8,-9900,?,9,-9900,?,9,0.0,0.0,E,8
12/18/2021,15:00,1110.605,1412.053,758.95,1,8,515.788,1,8,353.347,1,8,91074.0,1,8,48999.852,1,8,38868.176,1,8,143.028,1,8,-9900,?,9,-9900,?,9,27.39,E,8,16.53,E,8,51.0,E,8,964.3861999999999,E,8,999.0,E,8,4.44,E,8,-9900,?,9,-9900,?,9,0.0,E,8,-9900,?,9,-9900,?,9,0.0,0.0,E,8
12/18/2021,16:00,873.609,1412.053,555.88,1,8,567.567,1,8,204.904,1,8,66705.6,1,8,53918.849,1,8,22539.416,1,8,105.473,1,8,-9900,?,9,-9900,?,9,27.16,E,8,16.5,E,8,52.0,E,8,964.3861999999999,E,8,999.0,E,8,2.19,E,8,-9900,?,9,-9900,?,9,0.0,E,8,-9900,?,9,-9900,?,9,0.0,0.0,E,8
12/18/2021,17:00,591.182,1412.053,361.53,1,8,594.058,1,8,113.158,1,8,43383.6,1,8,56435.511,1,8,12447.325,1,8,86.151,1,8,-9900,?,9,-9900,?,9,26.48,E,8,16.41,E,8,53.0,E,8,964.3861999999999,E,8,999.0,E,8,1.81,E,8,-9900,?,9,-9900,?,9,0.0,E,8,-9900,?,9,-9900,?,9,0.0,0.0,E,8
12/18/2021,18:00,283.102,1412.053,156.88,1,8,537.017,1,8,49.939,1,8,18825.6,1,8,51016.613,1,8,5493.257,1,8,79.823,1,8,-9900,?,9,-9900,?,9,25.43,E,8,16.26,E,8,56.0,E,8,964.3861999999999,E,8,999.0,E,8,1.6,E,8,-9900,?,9,-9900,?,9,0.0,E,8,-9900,?,9,-9900,?,9,0.0,0.0,E,8
12/18/2021,19:00,0.0,1412.053,17.8,1,8,0.0,1,8,0.0,1,8,2136.0,1,8,0.0,1,8,0.0,1,8,-0.0,1,8,-9900,?,9,-9900,?,9,24.25,E,8,16.1,E,8,60.0,E,8,964.3861999999999,E,8,999.0,E,8,2.29,E,8,-9900,?,9,-9900,?,9,0.0,E,8,-9900,?,9,-9900,?,9,0.0,0.0,E,8
12/18/2021,20:00,0.0,1412.053,0.0,1,8,0.0,1,8,0.0,1,8,0.0,1,8,0.0,1,8,0.0,1,8,-0.0,1,8,-9900,?,9,-9900,?,9,23.33,E,8,15.98,E,8,63.0,E,8,964.3861999999999,E,8,999.0,E,8,2.19,E,8,-9900,?,9,-9900,?,9,0.0,E,8,-9900,?,9,-9900,?,9,0.0,0.0,E,8
12/18/2021,21:00,0.0,1412.053,0.0,1,8,0.0,1,8,0.0,1,8,0.0,1,8,0.0,1,8,0.0,1,8,-0.0,1,8,-9900,?,9,-9900,?,9,22.42,E,8,15.85,E,8,66.0,E,8,964.3861999999999,E,8,999.0,E,8,2.58,E,8,-9900,?,9,-9900,?,9,0.0,E,8,-9900,?,9,-9900,?,9,0.0,0.0,E,8
12/18/2021,22:00,0.0,1412.053,0.0,1,8,0.0,1,8,0.0,1,8,0.0,1,8,0.0,1,8,0.0,1,8,-0.0,1,8,-9900,?,9,-9900,?,9,21.5,E,8,15.72,E,8,69.0,E,8,964.3861999999999,E,8,999.0,E,8,2.5,E,8,-9900,?,9,-9900,?,9,0.0,E,8,-9900,?,9,-9900,?,9,0.0,0.0,E,8
12/18/2021,23:00,0.0,1412.053,0.0,1,8,0.0,1,8,0.0,1,8,0.0,1,8,0.0,1,8,0.0,1,8,-0.0,1,8,-9900,?,9,-9900,?,9,20.58,E,8,15.59,E,8,73.0,E,8,964.3861999999999,E,8,999.0,E,8,2.27,E,8,-9900,?,9,-9900,?,9,0.0,E,8,-9900,?,9,-9900,?,9,0.0,0.0,E,8
12/18/2021,24:00,0.0,1412.053,0.0,1,8,0.0,1,8,0.0,1,8,0.0,1,8,0.0,1,8,0.0,1,8,-0.0,1,8,-9900,?,9,-9900,?,9,19.67,E,8,15.76,E,8,78.0,E,8,964.3861999999999,E,8,999.0,E,8,0.69,E,8,-9900,?,9,-9900,?,9,0.0,E,8,-9900,?,9,-9900,?,9,0.0,0.0,E,8
12/19/2021,01:00,0.0,1412.053,0.0,1,8,0.0,1,8,0.0,1,8,0.0,1,8,0.0,1,8,0.0,1,8,-0.0,1,8,-9900,?,9,-9900,?,9,19.21,E,8,15.61,E,8,79.0,E,8,964.3861999999999,E,8,999.0,E,8,0.67,E,8,-9900,?,9,-9900,?,9,0.0,E,8,-9900,?,9,-9900,?,9,0.0,0.0,E,8
12/19/2021,02:00,0.0,1412.053,0.0,1,8,0.0,1,8,0.0,1,8,0.0,1,8,0.0,1,8,0.0,1,8,-0.0,1,8,-9900,?,9,-9900,?,9,18.75,E,8,15.46,E,8,81.0,E,8,964.3861999999999,E,8,999.0,E,8,0.67,E,8,-9900,?,9,-9900,?,9,0.0,E,8,-9900,?,9,-9900,?,9,0.0,0.0,E,8
12/19/2021,03:00,0.0,1412.053,0.0,1,8,0.0,1,8,0.0,1,8,0.0,1,8,0.0,1,8,0.0,1,8,-0.0,1,8,-9900,?,9,-9900,?,9,18.3,E,8,15.31,E,8,82.0,E,8,964.3861999999999,E,8,999.0,E,8,0.67,E,8,-9900,?,9,-9900,?,9,0.0,E,8,-9900,?,9,-9900,?,9,0.0,0.0,E,8
12/19/2021,04:00,0.0,1412.286,0.0,1,8,0.0,1,8,0.0,1,8,0.0,1,8,0.0,1,8,0.0,1,8,-0.0,1,8,-9900,?,9,-9900,?,9,17.84,E,8,15.16,E,8,84.0,E,8,964.3861999999999,E,8,999.0,E,8,0.67,E,8,-9900,?,9,-9900,?,9,0.0,E,8,-9900,?,9,-9900,?,9,0.0,0.0,E,8
12/19/2021,05:00,0.0,1412.286,0.0,1,8,0.0,1,8,0.0,1,8,0.0,1,8,0.0,1,8,0.0,1,8,-0.0,1,8,-9900,?,9,-9900,?,9,17.43,E,8,15.02,E,8,85.0,E,8,964.3861999999999,E,8,999.0,E,8,0.67,E,8,-9900,?,9,-9900,?,9,0.0,E,8,-9900,?,9,-9900,?,9,0.0,0.0,E,8
12/19/2021,06:00,128.121,1412.286,0.0,1,8,0.0,1,8,0.0,1,8,0.0,1,8,0.0,1,8,0.0,1,8,0.0,1,8,-9900,?,9,-9900,?,9,17.13,E,8,14.92,E,8,86.0,E,8,964.3861999999999,E,8,999.0,E,8,0.67,E,8,-9900,?,9,-9900,?,9,0.0,E,8,-9900,?,9,-9900,?,9,0.0,0.0,E,8
12/19/2021,07:00,439.925,1412.286,100.8,1,8,0.0,1,8,100.8,1,8,12096.0,1,8,0.0,1,8,11088.0,1,8,103.282,1,8,-9900,?,9,-9900,?,9,16.83,E,8,14.82,E,8,87.0,E,8,964.3861999999999,E,8,999.0,E,8,0.67,E,8,-9900,?,9,-9900,?,9,0.0,E,8,-9900,?,9,-9900,?,9,0.0,0.0,E,8
12/19/2021,08:00,737.83,1412.286,304.39,1,8,110.807,1,8,246.545,1,8,36526.8,1,8,10526.66,1,8,27120.004,1,8,150.332,1,8,-9900,?,9,-9900,?,9,20.3,E,8,15.96,E,8,76.0,E,8,964.3861999999999,E,8,999.0,E,8,0.67,E,8,-9900,?,9,-9900,?,9,0.0,E,8,-9900,?,9,-9900,?,9,0.0,0.0,E,8
12/19/2021,09:00,999.706,1412.286,478.42,1,8,140.184,1,8,379.218,1,8,57410.4,1,8,13317.497,1,8,41713.946,1,8,170.575,1,8,-9900,?,9,-9900,?,9,21.88,E,8,16.46,E,8,71.0,E,8,964.3861999999999,E,8,999.0,E,8,0.67,E,8,-9900,?,9,-9900,?,9,0.0,E,8,-9900,?,9,-9900,?,9,0.0,0.0,E,8
12/19/2021,10:00,1207.494,1412.286,623.25,1,8,160.775,1,8,485.803,1,8,74790.0,1,8,15273.619,1,8,53438.375,1,8,180.882,1,8,-9900,?,9,-9900,?,9,23.28,E,8,16.88,E,8,67.0,E,8,964.3861999999999,E,8,999.0,E,8,0.67,E,8,-9900,?,9,-9900,?,9,0.0,E,8,-9900,?,9,-9900,?,9,0.0,0.0,E,8
12/19/2021,11:00,1346.982,1412.286,737.51,1,8,285.953,1,8,464.787,1,8,88501.2,1,8,27165.537,1,8,51126.616,1,8,155.124,1,8,-9900,?,9,-9900,?,9,24.52,E,8,17.25,E,8,63.0,E,8,964.3861999999999,E,8,999.0,E,8,0.67,E,8,-9900,?,9,-9900,?,9,0.0,E,8,-9900,?,9,-9900,?,9,0.0,0.0,E,8
12/19/2021,12:00,1408.645,1412.286,869.1,1,8,424.89,1,8,445.305,1,8,104292.0,1,8,40364.596,1,8,48983.6,1,8,142.112,1,8,-9900,?,9,-9900,?,9,25.72,E,8,17.6,E,8,60.0,E,8,964.3861999999999,E,8,999.0,E,8,0.67,E,8,-9900,?,9,-9900,?,9,0.0,E,8,-9900,?,9,-9900,?,9,0.0,0.0,E,8
12/19/2021,13:00,1388.279,1412.286,881.27,1,8,479.763,1,8,409.667,1,8,105752.4,1,8,45577.461,1,8,45063.416,1,8,132.658,1,8,-9900,?,9,-9900,?,9,26.61,E,8,17.86,E,8,58.0,E,8,964.3861999999999,E,8,999.0,E,8,1.27,E,8,-9900,?,9,-9900,?,9,0.0,E,8,-9900,?,9,-9900,?,9,0.0,0.0,E,8
12/19/2021,14:00,1287.273,1412.286,903.74,1,8,606.247,1,8,351.19,1,8,108448.8,1,8,57593.46,1,8,38630.867,1,8,122.651,1,8,-9900,?,9,-9900,?,9,27.32,E,8,18.06,E,8,56.0,E,8,964.3861999999999,E,8,999.0,E,8,1.29,E,8,-9900,?,9,-9900,?,9,0.0,E,8,-9900,?,9,-9900,?,9,0.0,0.0,E,8
12/19/2021,15:00,1112.524,1412.286,749.69,1,8,632.255,1,8,251.722,1,8,89962.8,1,8,60064.248,1,8,27689.44,1,8,101.733,1,8,-9900,?,9,-9900,?,9,27.58,E,8,18.13,E,8,56.0,E,8,964.3861999999999,E,8,999.0,E,8,2.07,E,8,-9900,?,9,-9900,?,9,0.0,E,8,-9900,?,9,-9900,?,9,0.0,0.0,E,8
12/19/2021,16:00,875.971,1412.286,577.08,1,8,628.369,1,8,187.517,1,8,69249.6,1,8,59695.009,1,8,20626.844,1,8,96.278,1,8,-9900,?,9,-9900,?,9,27.44,E,8,18.09,E,8,56.0,E,8,964.3861999999999,E,8,999.0,E,8,2.61,E,8,-9900,?,9,-9900,?,9,0.0,E,8,-9900,?,9,-9900,?,9,0.0,0.0,E,8
12/19/2021,17:00,593.838,1412.286,463.11,1,8,684.619,1,8,175.632,1,8,55573.2,1,8,65038.818,1,8,19319.511,1,8,133.137,1,8,-9900,?,9,-9900,?,9,27.01,E,8,17.97,E,8,57.0,E,8,964.3861999999999,E,8,999.0,E,8,1.64,E,8,-9900,?,9,-9900,?,9,0.0,E,8,-9900,?,9,-9900,?,9,0.0,0.0,E,8
12/19/2021,18:00,285.871,1412.286,223.53,1,8,571.17,1,8,108.679,1,8,26823.6,1,8,54261.11,1,8,11954.695,1,8,172.039,1,8,-9900,?,9,-9900,?,9,26.08,E,8,17.71,E,8,59.0,E,8,964.3861999999999,E,8,999.0,E,8,1.06,E,8,-9900,?,9,-9900,?,9,0.0,E,8,-9900,?,9,-9900,?,9,0.0,0.0,E,8
12/19/2021,19:00,0.0,1412.286,29.33,1,8,0.0,1,8,0.0,1,8,3519.6,1,8,0.0,1,8,0.0,1,8,-0.0,1,8,-9900,?,9,-9900,?,9,24.86,E,8,17.35,E,8,63.0,E,8,964.3861999999999,E,8,999.0,E,8,0.76,E,8,-9900,?,9,-9900,?,9,0.0,E,8,-9900,?,9,-9900,?,9,0.0,0.0,E,8
12/19/2021,20:00,0.0,1412.286,0.0,1,8,0.0,1,8,0.0,1,8,0.0,1,8,0.0,1,8,0.0,1,8,-0.0,1,8,-9900,?,9,-9900,?,9,23.9,E,8,17.07,E,8,65.0,E,8,964.3861999999999,E,8,999.0,E,8,1.47,E,8,-9900,?,9,-9900,?,9,0.0,E,8,-9900,?,9,-9900,?,9,0.0,0.0,E,8
12/19/2021,21:00,0.0,1412.286,0.0,1,8,0.0,1,8,0.0,1,8,0.0,1,8,0.0,1,8,0.0,1,8,-0.0,1,8,-9900,?,9,-9900,?,9,22.95,E,8,16.78,E,8,68.0,E,8,964.3861999999999,E,8,999.0,E,8,1.12,E,8,-9900,?,9,-9900,?,9,0.0,E,8,-9900,?,9,-9900,?,9,0.0,0.0,E,8
12/19/2021,22:00,0.0,1412.286,0.0,1,8,0.0,1,8,0.0,1,8,0.0,1,8,0.0,1,8,0.0,1,8,-0.0,1,8,-9900,?,9,-9900,?,9,22.0,E,8,16.49,E,8,70.0,E,8,964.3861999999999,E,8,999.0,E,8,1.19,E,8,-9900,?,9,-9900,?,9,0.0,E,8,-9900,?,9,-9900,?,9,0.0,0.0,E,8
12/19/2021,23:00,0.0,1412.286,0.0,1,8,0.0,1,8,0.0,1,8,0.0,1,8,0.0,1,8,0.0,1,8,-0.0,1,8,-9900,?,9,-9900,?,9,21.04,E,8,16.19,E,8,73.0,E,8,964.3861999999999,E,8,999.0,E,8,0.67,E,8,-9900,?,9,-9900,?,9,0.0,E,8,-9900,?,9,-9900,?,9,0.0,0.0,E,8
12/19/2021,24:00,0.0,1412.286,0.0,1,8,0.0,1,8,0.0,1,8,0.0,1,8,0.0,1,8,0.0,1,8,-0.0,1,8,-9900,?,9,-9900,?,9,20.09,E,8,15.78,E,8,76.0,E,8,964.3861999999999,E,8,999.0,E,8,0.35,E,8,-9900,?,9,-9900,?,9,0.0,E,8,-9900,?,9,-9900,?,9,0.0,0.0,E,8
12/20/2021,01:00,0.0,1412.286,0.0,1,8,0.0,1,8,0.0,1,8,0.0,1,8,0.0,1,8,0.0,1,8,-0.0,1,8,-9900,?,9,-9900,?,9,19.61,E,8,15.68,E,8,78.0,E,8,964.3861999999999,E,8,999.0,E,8,0.35,E,8,-9900,?,9,-9900,?,9,0.0,E,8,-9900,?,9,-9900,?,9,0.0,0.0,E,8
12/20/2021,02:00,0.0,1412.286,0.0,1,8,0.0,1,8,0.0,1,8,0.0,1,8,0.0,1,8,0.0,1,8,-0.0,1,8,-9900,?,9,-9900,?,9,19.14,E,8,15.59,E,8,79.0,E,8,964.3861999999999,E,8,999.0,E,8,0.35,E,8,-9900,?,9,-9900,?,9,0.0,E,8,-9900,?,9,-9900,?,9,0.0,0.0,E,8
12/20/2021,03:00,0.0,1412.286,0.0,1,8,0.0,1,8,0.0,1,8,0.0,1,8,0.0,1,8,0.0,1,8,-0.0,1,8,-9900,?,9,-9900,?,9,18.66,E,8,15.49,E,8,81.0,E,8,964.3861999999999,E,8,999.0,E,8,0.57,E,8,-9900,?,9,-9900,?,9,0.0,E,8,-9900,?,9,-9900,?,9,0.0,0.0,E,8
12/20/2021,04:00,0.0,1412.504,0.0,1,8,0.0,1,8,0.0,1,8,0.0,1,8,0.0,1,8,0.0,1,8,-0.0,1,8,-9900,?,9,-9900,?,9,18.18,E,8,15.39,E,8,83.0,E,8,964.3861999999999,E,8,999.0,E,8,0.47,E,8,-9900,?,9,-9900,?,9,0.0,E,8,-9900,?,9,-9900,?,9,0.0,0.0,E,8
12/20/2021,05:00,0.0,1412.504,0.0,1,8,0.0,1,8,0.0,1,8,0.0,1,8,0.0,1,8,0.0,1,8,-0.0,1,8,-9900,?,9,-9900,?,9,17.76,E,8,15.3,E,8,85.0,E,8,964.3861999999999,E,8,999.0,E,8,0.62,E,8,-9900,?,9,-9900,?,9,0.0,E,8,-9900,?,9,-9900,?,9,0.0,0.0,E,8
12/20/2021,06:00,125.752,1412.504,0.0,1,8,0.0,1,8,0.0,1,8,0.0,1,8,0.0,1,8,0.0,1,8,0.0,1,8,-9900,?,9,-9900,?,9,17.45,E,8,15.24,E,8,86.0,E,8,964.3861999999999,E,8,999.0,E,8,0.73,E,8,-9900,?,9,-9900,?,9,0.0,E,8,-9900,?,9,-9900,?,9,0.0,0.0,E,8
12/20/2021,07:00,437.554,1412.504,93.85,1,8,0.0,1,8,93.85,1,8,11262.0,1,8,0.0,1,8,10323.5,1,8,96.7,1,8,-9900,?,9,-9900,?,9,17.13,E,8,15.17,E,8,88.0,E,8,964.3861999999999,E,8,999.0,E,8,1.45,E,8,-9900,?,9,-9900,?,9,0.0,E,8,-9900,?,9,-9900,?,9,0.0,0.0,E,8
12/20/2021,08:00,735.68,1412.504,350.21,1,8,195.974,1,8,248.22,1,8,42025.2,1,8,18617.519,1,8,27304.244,1,8,151.82,1,8,-9900,?,9,-9900,?,9,21.04,E,8,15.97,E,8,72.0,E,8,964.3861999999999,E,8,999.0,E,8,1.63,E,8,-9900,?,9,-9900,?,9,0.0,E,8,-9900,?,9,-9900,?,9,0.0,0.0,E,8
12/20/2021,09:00,997.939,1412.504,534.04,1,8,230.934,1,8,370.932,1,8,64084.8,1,8,21938.757,1,8,40802.544,1,8,167.17,1,8,-9900,?,9,-9900,?,9,22.88,E,8,16.33,E,8,66.0,E,8,964.3861999999999,E,8,999.0,E,8,1.3,E,8,-9900,?,9,-9900,?,9,0.0,E,8,-9900,?,9,-9900,?,9,0.0,0.0,E,8
12/20/2021,10:00,1206.244,1412.504,678.56,1,8,272.573,1,8,445.815,1,8,81427.2,1,8,25894.405,1,8,49039.658,1,8,166.191,1,8,-9900,?,9,-9900,?,9,24.43,E,8,16.64,E,8,61.0,E,8,964.3861999999999,E,8,999.0,E,8,0.96,E,8,-9900,?,9,-9900,?,9,0.0,E,8,-9900,?,9,-9900,?,9,0.0,0.0,E,8
12/20/2021,11:00,1346.344,1412.504,989.65,1,8,679.899,1,8,341.616,1,8,118758.0,1,8,64590.405,1,8,37577.753,1,8,114.087,1,8,-9900,?,9,-9900,?,9,26.46,E,8,17.02,E,8,56.0,E,8,964.3861999999999,E,8,999.0,E,8,0.95,E,8,-9900,?,9,-9900,?,9,0.0,E,8,-9900,?,9,-9900,?,9,0.0,0.0,E,8
12/20/2021,12:00,1408.676,1412.504,985.81,1,8,579.358,1,8,408.024,1,8,118297.2,1,8,55038.997,1,8,44882.586,1,8,130.231,1,8,-9900,?,9,-9900,?,9,27.8,E,8,17.27,E,8,52.0,E,8,964.3861999999999,E,8,999.0,E,8,1.04,E,8,-9900,?,9,-9900,?,9,0.0,E,8,-9900,?,9,-9900,?,9,0.0,0.0,E,8
12/20/2021,13:00,1388.985,1412.504,871.17,1,8,461.826,1,8,417.038,1,8,104540.4,1,8,43873.495,1,8,45874.175,1,8,134.996,1,8,-9900,?,9,-9900,?,9,28.47,E,8,17.4,E,8,51.0,E,8,964.3861999999999,E,8,999.0,E,8,1.07,E,8,-9900,?,9,-9900,?,9,0.0,E,8,-9900,?,9,-9900,?,9,0.0,0.0,E,8
12/20/2021,14:00,1288.618,1412.504,803.73,1,8,487.651,1,8,358.876,1,8,96447.6,1,8,46326.834,1,8,39476.338,1,8,125.223,1,8,-9900,?,9,-9900,?,9,28.83,E,8,17.46,E,8,50.0,E,8,964.3861999999999,E,8,999.0,E,8,1.65,E,8,-9900,?,9,-9900,?,9,0.0,E,8,-9900,?,9,-9900,?,9,0.0,0.0,E,8
12/20/2021,15:00,1114.424,1412.504,674.26,1,8,425.032,1,8,338.982,1,8,80911.2,1,8,40378.061,1,8,37288.012,1,8,136.787,1,8,-9900,?,9,-9900,?,9,28.85,E,8,17.47,E,8,50.0,E,8,964.3861999999999,E,8,999.0,E,8,2.02,E,8,-9900,?,9,-9900,?,9,0.0,E,8,-9900,?,9,-9900,?,9,0.0,0.0,E,8
12/20/2021,16:00,878.306,1412.504,526.63,1,8,479.462,1,8,228.636,1,8,63195.6,1,8,45548.846,1,8,25149.963,1,8,117.096,1,8,-9900,?,9,-9900,?,9,28.43,E,8,17.39,E,8,51.0,E,8,964.3861999999999,E,8,999.0,E,8,1.66,E,8,-9900,?,9,-9900,?,9,0.0,E,8,-9900,?,9,-9900,?,9,0.0,0.0,E,8
12/20/2021,17:00,596.454,1412.504,345.14,1,8,487.506,1,8,139.559,1,8,41416.8,1,8,46313.035,1,8,15351.48,1,8,105.343,1,8,-9900,?,9,-9900,?,9,27.6,E,8,17.24,E,8,53.0,E,8,964.3861999999999,E,8,999.0,E,8,1.78,E,8,-9900,?,9,-9900,?,9,0.0,E,8,-9900,?,9,-9900,?,9,0.0,0.0,E,8
12/20/2021,18:00,288.588,1412.504,171.9,1,8,395.322,1,8,91.656,1,8,20628.0,1,8,37555.588,1,8,10082.11,1,8,143.729,1,8,-9900,?,9,-9900,?,9,26.47,E,8,17.02,E,8,56.0,E,8,964.3861999999999,E,8,999.0,E,8,1.59,E,8,-9900,?,9,-9900,?,9,0.0,E,8,-9900,?,9,-9900,?,9,0.0,0.0,E,8
12/20/2021,19:00,0.0,1412.504,21.21,1,8,0.0,1,8,0.0,1,8,2545.2,1,8,0.0,1,8,0.0,1,8,-0.0,1,8,-9900,?,9,-9900,?,9,25.17,E,8,16.78,E,8,59.0,E,8,964.3861999999999,E,8,999.0,E,8,1.13,E,8,-9900,?,9,-9900,?,9,0.0,E,8,-9900,?,9,-9900,?,9,0.0,0.0,E,8
12/20/2021,20:00,0.0,1412.504,0.0,1,8,0.0,1,8,0.0,1,8,0.0,1,8,0.0,1,8,0.0,1,8,-0.0,1,8,-9900,?,9,-9900,?,9,24.22,E,8,16.6,E,8,62.0,E,8,964.3861999999999,E,8,999.0,E,8,0.57,E,8,-9900,?,9,-9900,?,9,0.0,E,8,-9900,?,9,-9900,?,9,0.0,0.0,E,8
12/20/2021,21:00,0.0,1412.504,0.0,1,8,0.0,1,8,0.0,1,8,0.0,1,8,0.0,1,8,0.0,1,8,-0.0,1,8,-9900,?,9,-9900,?,9,23.28,E,8,16.41,E,8,65.0,E,8,964.3861999999999,E,8,999.0,E,8,0.35,E,8,-9900,?,9,-9900,?,9,0.0,E,8,-9900,?,9,-9900,?,9,0.0,0.0,E,8
12/20/2021,22:00,0.0,1412.504,0.0,1,8,0.0,1,8,0.0,1,8,0.0,1,8,0.0,1,8,0.0,1,8,-0.0,1,8,-9900,?,9,-9900,?,9,22.33,E,8,16.23,E,8,68.0,E,8,964.3861999999999,E,8,999.0,E,8,0.35,E,8,-9900,?,9,-9900,?,9,0.0,E,8,-9900,?,9,-9900,?,9,0.0,0.0,E,8
12/20/2021,23:00,0.0,1412.504,0.0,1,8,0.0,1,8,0.0,1,8,0.0,1,8,0.0,1,8,0.0,1,8,-0.0,1,8,-9900,?,9,-9900,?,9,21.38,E,8,16.04,E,8,71.0,E,8,964.3861999999999,E,8,999.0,E,8,0.35,E,8,-9900,?,9,-9900,?,9,0.0,E,8,-9900,?,9,-9900,?,9,0.0,0.0,E,8
12/20/2021,24:00,0.0,1412.504,0.0,1,8,0.0,1,8,0.0,1,8,0.0,1,8,0.0,1,8,0.0,1,8,-0.0,1,8,-9900,?,9,-9900,?,9,20.43,E,8,15.82,E,8,71.0,E,8,964.3861999999999,E,8,999.0,E,8,0.89,E,8,-9900,?,9,-9900,?,9,0.0,E,8,-9900,?,9,-9900,?,9,0.0,0.0,E,8
12/21/2021,01:00,0.0,1412.504,0.0,1,8,0.0,1,8,0.0,1,8,0.0,1,8,0.0,1,8,0.0,1,8,-0.0,1,8,-9900,?,9,-9900,?,9,19.95,E,8,15.71,E,8,73.0,E,8,964.3861999999999,E,8,999.0,E,8,0.89,E,8,-9900,?,9,-9900,?,9,0.0,E,8,-9900,?,9,-9900,?,9,0.0,0.0,E,8
12/21/2021,02:00,0.0,1412.504,0.0,1,8,0.0,1,8,0.0,1,8,0.0,1,8,0.0,1,8,0.0,1,8,-0.0,1,8,-9900,?,9,-9900,?,9,19.48,E,8,15.61,E,8,74.0,E,8,964.3861999999999,E,8,999.0,E,8,0.89,E,8,-9900,?,9,-9900,?,9,0.0,E,8,-9900,?,9,-9900,?,9,0.0,0.0,E,8
12/21/2021,03:00,0.0,1412.504,0.0,1,8,0.0,1,8,0.0,1,8,0.0,1,8,0.0,1,8,0.0,1,8,-0.0,1,8,-9900,?,9,-9900,?,9,19.01,E,8,15.51,E,8,76.0,E,8,964.3861999999999,E,8,999.0,E,8,0.89,E,8,-9900,?,9,-9900,?,9,0.0,E,8,-9900,?,9,-9900,?,9,0.0,0.0,E,8
12/21/2021,04:00,0.0,1412.709,0.0,1,8,0.0,1,8,0.0,1,8,0.0,1,8,0.0,1,8,0.0,1,8,-0.0,1,8,-9900,?,9,-9900,?,9,18.53,E,8,15.4,E,8,78.0,E,8,964.3861999999999,E,8,999.0,E,8,0.89,E,8,-9900,?,9,-9900,?,9,0.0,E,8,-9900,?,9,-9900,?,9,0.0,0.0,E,8
12/21/2021,05:00,0.0,1412.709,0.0,1,8,0.0,1,8,0.0,1,8,0.0,1,8,0.0,1,8,0.0,1,8,-0.0,1,8,-9900,?,9,-9900,?,9,18.11,E,8,15.31,E,8,79.0,E,8,964.3861999999999,E,8,999.0,E,8,0.89,E,8,-9900,?,9,-9900,?,9,0.0,E,8,-9900,?,9,-9900,?,9,0.0,0.0,E,8
12/21/2021,06:00,123.308,1412.709,0.0,1,8,0.0,1,8,0.0,1,8,0.0,1,8,0.0,1,8,0.0,1,8,0.0,1,8,-9900,?,9,-9900,?,9,17.8,E,8,15.24,E,8,80.0,E,8,964.3861999999999,E,8,999.0,E,8,0.89,E,8,-9900,?,9,-9900,?,9,0.0,E,8,-9900,?,9,-9900,?,9,0.0,0.0,E,8
12/21/2021,07:00,435.119,1412.709,73.22,1,8,0.0,1,8,73.22,1,8,8786.4,1,8,0.0,1,8,8054.2,1,8,75.879,1,8,-9900,?,9,-9900,?,9,17.48,E,8,15.17,E,8,86.0,E,8,964.3861999999999,E,8,999.0,E,8,0.89,E,8,-9900,?,9,-9900,?,9,0.001,E,8,-9900,?,9,-9900,?,9,0.01,99.0,E,8
12/21/2021,08:00,733.48,1412.709,234.49,1,8,25.572,1,8,221.224,1,8,28138.8,1,8,2429.297,1,8,24334.612,1,8,135.735,1,8,-9900,?,9,-9900,?,9,20.78,E,8,15.89,E,8,70.0,E,8,964.3861999999999,E,8,999.0,E,8,0.89,E,8,-9900,?,9,-9900,?,9,0.0,E,8,-9900,?,9,-9900,?,9,0.0,0.0,E,8
12/21/2021,09:00,996.135,1412.709,394.61,1,8,65.577,1,8,348.384,1,8,47353.2,1,8,6229.83,1,8,38322.206,1,8,157.315,1,8,-9900,?,9,-9900,?,9,22.49,E,8,16.26,E,8,65.0,E,8,964.3861999999999,E,8,999.0,E,8,0.89,E,8,-9900,?,9,-9900,?,9,0.0,E,8,-9900,?,9,-9900,?,9,0.0,0.0,E,8
12/21/2021,10:00,1204.967,1412.709,531.88,1,8,143.514,1,8,409.484,1,8,63825.6,1,8,13633.825,1,8,45043.193,1,8,152.831,1,8,-9900,?,9,-9900,?,9,24.09,E,8,16.59,E,8,61.0,E,8,964.3861999999999,E,8,999.0,E,8,0.89,E,8,-9900,?,9,-9900,?,9,0.0,E,8,-9900,?,9,-9900,?,9,0.0,0.0,E,8
12/21/2021,11:00,1345.688,1412.709,634.43,1,8,83.638,1,8,554.763,1,8,76131.6,1,8,7945.58,1,8,61023.88,1,8,185.387,1,8,-9900,?,9,-9900,?,9,25.48,E,8,16.87,E,8,58.0,E,8,964.3861999999999,E,8,999.0,E,8,0.89,E,8,-9900,?,9,-9900,?,9,0.0,E,8,-9900,?,9,-9900,?,9,0.0,0.0,E,8
12/21/2021,12:00,1408.692,1412.709,694.4,1,8,96.203,1,8,598.471,1,8,83328.0,1,8,9139.278,1,8,65831.78,1,8,191.043,1,8,-9900,?,9,-9900,?,9,26.63,E,8,17.1,E,8,55.0,E,8,964.3861999999999,E,8,999.0,E,8,1.26,E,8,-9900,?,9,-9900,?,9,0.0,E,8,-9900,?,9,-9900,?,9,0.0,0.0,E,8
12/21/2021,13:00,1389.68,1412.709,707.36,1,8,110.892,1,8,598.276,1,8,84883.2,1,8,10534.766,1,8,65810.411,1,8,193.595,1,8,-9900,?,9,-9900,?,9,27.48,E,8,17.27,E,8,53.0,E,8,964.3861999999999,E,8,999.0,E,8,1.05,E,8,-9900,?,9,-9900,?,9,0.0,E,8,-9900,?,9,-9900,?,9,0.0,0.0,E,8
12/21/2021,14:00,1289.948,1412.709,672.38,1,8,130.009,1,8,553.675,1,8,80685.6,1,8,12350.899,1,8,60904.249,1,8,193.024,1,8,-9900,?,9,-9900,?,9,28.03,E,8,17.38,E,8,52.0,E,8,964.3861999999999,E,8,999.0,E,8,0.89,E,8,-9900,?,9,-9900,?,9,0.0,E,8,-9900,?,9,-9900,?,9,0.0,0.0,E,8
12/21/2021,15:00,1116.303,1412.709,592.01,1,8,190.528,1,8,441.484,1,8,71041.2,1,8,18100.174,1,8,48563.224,1,8,177.874,1,8,-9900,?,9,-9900,?,9,28.27,E,8,17.43,E,8,51.0,E,8,964.3861999999999,E,8,999.0,E,8,1.08,E,8,-9900,?,9,-9900,?,9,0.0,E,8,-9900,?,9,-9900,?,9,0.0,0.0,E,8
12/21/2021,16:00,880.61,1412.709,472.25,1,8,320.767,1,8,272.393,1,8,56670.0,1,8,30472.82,1,8,29963.229,1,8,139.16,1,8,-9900,?,9,-9900,?,9,28.15,E,8,17.4,E,8,52.0,E,8,964.3861999999999,E,8,999.0,E,8,1.3,E,8,-9900,?,9,-9900,?,9,0.0,E,8,-9900,?,9,-9900,?,9,0.0,0.0,E,8
12/21/2021,17:00,599.029,1412.709,322.64,1,8,383.815,1,8,160.108,1,8,38716.8,1,8,36462.428,1,8,17611.878,1,8,120.35,1,8,-9900,?,9,-9900,?,9,27.57,E,8,17.29,E,8,53.0,E,8,964.3861999999999,E,8,999.0,E,8,1.42,E,8,-9900,?,9,-9900,?,9,0.0,E,8,-9900,?,9,-9900,?,9,0.0,0.0,E,8
12/21/2021,18:00,291.251,1412.709,157.98,1,8,475.78,1,8,60.516,1,8,18957.6,1,8,45199.061,1,8,6656.706,1,8,94.032,1,8,-9900,?,9,-9900,?,9,26.57,E,8,17.09,E,8,55.0,E,8,964.3861999999999,E,8,999.0,E,8,0.89,E,8,-9900,?,9,-9900,?,9,0.0,E,8,-9900,?,9,-9900,?,9,0.0,0.0,E,8
12/21/2021,19:00,0.0,1412.709,16.63,1,8,0.0,1,8,0.0,1,8,1995.6,1,8,0.0,1,8,0.0,1,8,-0.0,1,8,-9900,?,9,-9900,?,9,25.34,E,8,16.84,E,8,62.0,E,8,964.3861999999999,E,8,999.0,E,8,1.12,E,8,-9900,?,9,-9900,?,9,0.001,E,8,-9900,?,9,-9900,?,9,0.01,99.0,E,8
12/21/2021,20:00,0.0,1412.709,0.0,1,8,0.0,1,8,0.0,1,8,0.0,1,8,0.0,1,8,0.0,1,8,-0.0,1,8,-9900,?,9,-9900,?,9,24.47,E,8,16.67,E,8,64.0,E,8,964.3861999999999,E,8,999.0,E,8,0.89,E,8,-9900,?,9,-9900,?,9,0.094,E,8,-9900,?,9,-9900,?,9,0.94,99.0,E,8
12/21/2021,21:00,0.0,1412.709,0.0,1,8,0.0,1,8,0.0,1,8,0.0,1,8,0.0,1,8,0.0,1,8,-0.0,1,8,-9900,?,9,-9900,?,9,23.6,E,8,16.49,E,8,67.0,E,8,964.3861999999999,E,8,999.0,E,8,0.89,E,8,-9900,?,9,-9900,?,9,0.004,E,8,-9900,?,9,-9900,?,9,0.04,99.0,E,8
12/21/2021,22:00,0.0,1412.709,0.0,1,8,0.0,1,8,0.0,1,8,0.0,1,8,0.0,1,8,0.0,1,8,-0.0,1,8,-9900,?,9,-9900,?,9,22.73,E,8,16.31,E,8,65.0,E,8,964.3861999999999,E,8,999.0,E,8,0.89,E,8,-9900,?,9,-9900,?,9,0.0,E,8,-9900,?,9,-9900,?,9,0.0,0.0,E,8
12/21/2021,23:00,0.0,1412.709,0.0,1,8,0.0,1,8,0.0,1,8,0.0,1,8,0.0,1,8,0.0,1,8,-0.0,1,8,-9900,?,9,-9900,?,9,21.86,E,8,16.12,E,8,67.0,E,8,964.3861999999999,E,8,999.0,E,8,0.89,E,8,-9900,?,9,-9900,?,9,0.0,E,8,-9900,?,9,-9900,?,9,0.0,0.0,E,8
12/21/2021,24:00,0.0,1412.709,0.0,1,8,0.0,1,8,0.0,1,8,0.0,1,8,0.0,1,8,0.0,1,8,-0.0,1,8,-9900,?,9,-9900,?,9,20.99,E,8,15.94,E,8,72.0,E,8,964.3861999999999,E,8,999.0,E,8,0.44,E,8,-9900,?,9,-9900,?,9,0.0,E,8,-9900,?,9,-9900,?,9,0.0,0.0,E,8
12/22/2021,01:00,0.0,1412.709,0.0,1,8,0.0,1,8,0.0,1,8,0.0,1,8,0.0,1,8,0.0,1,8,-0.0,1,8,-9900,?,9,-9900,?,9,20.56,E,8,15.83,E,8,74.0,E,8,964.3861999999999,E,8,999.0,E,8,0.44,E,8,-9900,?,9,-9900,?,9,0.0,E,8,-9900,?,9,-9900,?,9,0.0,0.0,E,8
12/22/2021,02:00,0.0,1412.709,0.0,1,8,0.0,1,8,0.0,1,8,0.0,1,8,0.0,1,8,0.0,1,8,-0.0,1,8,-9900,?,9,-9900,?,9,20.12,E,8,15.71,E,8,75.0,E,8,964.3861999999999,E,8,999.0,E,8,0.44,E,8,-9900,?,9,-9900,?,9,0.0,E,8,-9900,?,9,-9900,?,9,0.0,0.0,E,8
12/22/2021,03:00,0.0,1412.709,0.0,1,8,0.0,1,8,0.0,1,8,0.0,1,8,0.0,1,8,0.0,1,8,-0.0,1,8,-9900,?,9,-9900,?,9,19.69,E,8,15.6,E,8,77.0,E,8,964.3861999999999,E,8,999.0,E,8,0.44,E,8,-9900,?,9,-9900,?,9,0.0,E,8,-9900,?,9,-9900,?,9,0.0,0.0,E,8
12/22/2021,04:00,0.0,1412.898,0.0,1,8,0.0,1,8,0.0,1,8,0.0,1,8,0.0,1,8,0.0,1,8,-0.0,1,8,-9900,?,9,-9900,?,9,19.25,E,8,15.49,E,8,78.0,E,8,964.3861999999999,E,8,999.0,E,8,0.44,E,8,-9900,?,9,-9900,?,9,0.0,E,8,-9900,?,9,-9900,?,9,0.0,0.0,E,8
12/22/2021,05:00,0.0,1412.898,0.0,1,8,0.0,1,8,0.0,1,8,0.0,1,8,0.0,1,8,0.0,1,8,-0.0,1,8,-9900,?,9,-9900,?,9,18.87,E,8,15.39,E,8,80.0,E,8,964.3861999999999,E,8,999.0,E,8,0.44,E,8,-9900,?,9,-9900,?,9,0.0,E,8,-9900,?,9,-9900,?,9,0.0,0.0,E,8
12/22/2021,06:00,120.792,1412.898,0.0,1,8,0.0,1,8,0.0,1,8,0.0,1,8,0.0,1,8,0.0,1,8,0.0,1,8,-9900,?,9,-9900,?,9,18.58,E,8,15.31,E,8,81.0,E,8,964.3861999999999,E,8,999.0,E,8,0.44,E,8,-9900,?,9,-9900,?,9,0.0,E,8,-9900,?,9,-9900,?,9,0.0,0.0,E,8
12/22/2021,07:00,432.623,1412.898,92.02,1,8,0.0,1,8,92.02,1,8,11042.4,1,8,0.0,1,8,10122.2,1,8,95.928,1,8,-9900,?,9,-9900,?,9,18.29,E,8,15.23,E,8,82.0,E,8,964.3861999999999,E,8,999.0,E,8,0.44,E,8,-9900,?,9,-9900,?,9,0.0,E,8,-9900,?,9,-9900,?,9,0.0,0.0,E,8
12/22/2021,08:00,731.232,1412.898,265.08,1,8,46.353,1,8,241.11,1,8,31809.6,1,8,4403.553,1,8,26522.05,1,8,148.412,1,8,-9900,?,9,-9900,?,9,21.36,E,8,16.04,E,8,71.0,E,8,964.3861999999999,E,8,999.0,E,8,0.44,E,8,-9900,?,9,-9900,?,9,0.0,E,8,-9900,?,9,-9900,?,9,0.0,0.0,E,8
12/22/2021,09:00,994.295,1412.898,390.34,1,8,67.617,1,8,342.77,1,8,46840.8,1,8,6423.655,1,8,37704.702,1,8,155.088,1,8,-9900,?,9,-9900,?,9,22.58,E,8,16.34,E,8,67.0,E,8,964.3861999999999,E,8,999.0,E,8,0.45,E,8,-9900,?,9,-9900,?,9,0.0,E,8,-9900,?,9,-9900,?,9,0.0,0.0,E,8
12/22/2021,10:00,1203.664,1412.898,533.3,1,8,145.878,1,8,409.039,1,8,63996.0,1,8,13858.4,1,8,44994.261,1,8,152.851,1,8,-9900,?,9,-9900,?,9,23.8,E,8,16.65,E,8,64.0,E,8,964.3861999999999,E,8,999.0,E,8,0.71,E,8,-9900,?,9,-9900,?,9,0.0,E,8,-9900,?,9,-9900,?,9,0.0,0.0,E,8
12/22/2021,11:00,1345.015,1412.898,626.77,1,8,131.804,1,8,501.303,1,8,75212.4,1,8,12521.345,1,8,55143.3,1,8,167.628,1,8,-9900,?,9,-9900,?,9,24.85,E,8,16.91,E,8,61.0,E,8,964.3861999999999,E,8,999.0,E,8,0.65,E,8,-9900,?,9,-9900,?,9,0.0,E,8,-9900,?,9,-9900,?,9,0.0,0.0,E,8
12/22/2021,12:00,1408.696,1412.898,864.42,1,8,400.495,1,8,465.116,1,8,103730.4,1,8,38047.068,1,8,51162.802,1,8,148.493,1,8,-9900,?,9,-9900,?,9,26.24,E,8,17.24,E,8,57.0,E,8,964.3861999999999,E,8,999.0,E,8,1.21,E,8,-9900,?,9,-9900,?,9,0.0,E,8,-9900,?,9,-9900,?,9,0.0,0.0,E,8
12/22/2021,13:00,1390.361,1412.898,926.76,1,8,523.192,1,8,411.918,1,8,111211.2,1,8,49703.268,1,8,45310.982,1,8,133.244,1,8,-9900,?,9,-9900,?,9,27.38,E,8,17.51,E,8,54.0,E,8,964.3861999999999,E,8,999.0,E,8,1.41,E,8,-9900,?,9,-9900,?,9,0.0,E,8,-9900,?,9,-9900,?,9,0.0,0.0,E,8
12/22/2021,14:00,1291.261,1412.898,925.75,1,8,658.878,1,8,323.629,1,8,111090.0,1,8,62593.451,1,8,35599.243,1,8,112.725,1,8,-9900,?,9,-9900,?,9,28.23,E,8,17.71,E,8,52.0,E,8,964.3861999999999,E,8,999.0,E,8,1.67,E,8,-9900,?,9,-9900,?,9,0.0,E,8,-9900,?,9,-9900,?,9,0.0,0.0,E,8
12/22/2021,15:00,1118.16,1412.898,713.15,1,8,511.891,1,8,308.113,1,8,85578.0,1,8,48629.653,1,8,33892.467,1,8,123.949,1,8,-9900,?,9,-9900,?,9,28.49,E,8,17.77,E,8,52.0,E,8,964.3861999999999,E,8,999.0,E,8,2.44,E,8,-9900,?,9,-9900,?,9,0.0,E,8,-9900,?,9,-9900,?,9,0.0,0.0,E,8
12/22/2021,16:00,882.882,1412.898,672.86,1,8,766.79,1,8,193.933,1,8,80743.2,1,8,72845.06,1,8,21332.653,1,8,98.835,1,8,-9900,?,9,-9900,?,9,28.63,E,8,17.8,E,8,51.0,E,8,964.3861999999999,E,8,999.0,E,8,2.09,E,8,-9900,?,9,-9900,?,9,0.0,E,8,-9900,?,9,-9900,?,9,0.0,0.0,E,8
12/22/2021,17:00,601.559,1412.898,492.04,1,8,781.915,1,8,159.569,1,8,59044.8,1,8,74281.919,1,8,17552.54,1,8,119.455,1,8,-9900,?,9,-9900,?,9,28.34,E,8,17.73,E,8,52.0,E,8,964.3861999999999,E,8,999.0,E,8,2.19,E,8,-9900,?,9,-9900,?,9,0.0,E,8,-9900,?,9,-9900,?,9,0.0,0.0,E,8
12/22/2021,18:00,293.856,1412.898,238.44,1,8,578.351,1,8,118.906,1,8,28612.8,1,8,54943.373,1,8,13079.696,1,8,183.129,1,8,-9900,?,9,-9900,?,9,27.48,E,8,17.53,E,8,54.0,E,8,964.3861999999999,E,8,999.0,E,8,1.51,E,8,-9900,?,9,-9900,?,9,0.0,E,8,-9900,?,9,-9900,?,9,0.0,0.0,E,8
12/22/2021,19:00,0.0,1412.898,36.86,1,8,0.0,1,8,0.0,1,8,4423.2,1,8,0.0,1,8,0.0,1,8,-0.0,1,8,-9900,?,9,-9900,?,9,26.3,E,8,17.25,E,8,57.0,E,8,964.3861999999999,E,8,999.0,E,8,1.3,E,8,-9900,?,9,-9900,?,9,0.0,E,8,-9900,?,9,-9900,?,9,0.0,0.0,E,8
12/22/2021,20:00,0.0,1412.898,0.0,1,8,0.0,1,8,0.0,1,8,0.0,1,8,0.0,1,8,0.0,1,8,-0.0,1,8,-9900,?,9,-9900,?,9,25.3,E,8,17.01,E,8,60.0,E,8,964.3861999999999,E,8,999.0,E,8,1.13,E,8,-9900,?,9,-9900,?,9,0.0,E,8,-9900,?,9,-9900,?,9,0.0,0.0,E,8
12/22/2021,21:00,0.0,1412.898,0.0,1,8,0.0,1,8,0.0,1,8,0.0,1,8,0.0,1,8,0.0,1,8,-0.0,1,8,-9900,?,9,-9900,?,9,24.31,E,8,16.77,E,8,62.0,E,8,964.3861999999999,E,8,999.0,E,8,0.93,E,8,-9900,?,9,-9900,?,9,0.0,E,8,-9900,?,9,-9900,?,9,0.0,0.0,E,8
12/22/2021,22:00,0.0,1412.898,0.0,1,8,0.0,1,8,0.0,1,8,0.0,1,8,0.0,1,8,0.0,1,8,-0.0,1,8,-9900,?,9,-9900,?,9,23.32,E,8,16.53,E,8,65.0,E,8,964.3861999999999,E,8,999.0,E,8,0.85,E,8,-9900,?,9,-9900,?,9,0.0,E,8,-9900,?,9,-9900,?,9,0.0,0.0,E,8
12/22/2021,23:00,0.0,1412.898,0.0,1,8,0.0,1,8,0.0,1,8,0.0,1,8,0.0,1,8,0.0,1,8,-0.0,1,8,-9900,?,9,-9900,?,9,22.32,E,8,16.28,E,8,68.0,E,8,964.3861999999999,E,8,999.0,E,8,0.74,E,8,-9900,?,9,-9900,?,9,0.0,E,8,-9900,?,9,-9900,?,9,0.0,0.0,E,8
12/22/2021,24:00,0.0,1412.898,0.0,1,8,0.0,1,8,0.0,1,8,0.0,1,8,0.0,1,8,0.0,1,8,-0.0,1,8,-9900,?,9,-9900,?,9,21.33,E,8,15.31,E,8,68.0,E,8,964.3861999999999,E,8,999.0,E,8,1.85,E,8,-9900,?,9,-9900,?,9,0.0,E,8,-9900,?,9,-9900,?,9,0.0,0.0,E,8
12/23/2021,01:00,0.0,1412.898,0.0,1,8,0.0,1,8,0.0,1,8,0.0,1,8,0.0,1,8,0.0,1,8,-0.0,1,8,-9900,?,9,-9900,?,9,20.83,E,8,15.3,E,8,70.0,E,8,964.3861999999999,E,8,999.0,E,8,2.8,E,8,-9900,?,9,-9900,?,9,0.0,E,8,-9900,?,9,-9900,?,9,0.0,0.0,E,8
12/23/2021,02:00,0.0,1412.898,0.0,1,8,0.0,1,8,0.0,1,8,0.0,1,8,0.0,1,8,0.0,1,8,-0.0,1,8,-9900,?,9,-9900,?,9,20.33,E,8,15.28,E,8,72.0,E,8,964.3861999999999,E,8,999.0,E,8,2.78,E,8,-9900,?,9,-9900,?,9,0.0,E,8,-9900,?,9,-9900,?,9,0.0,0.0,E,8
12/23/2021,03:00,0.0,1412.898,0.0,1,8,0.0,1,8,0.0,1,8,0.0,1,8,0.0,1,8,0.0,1,8,-0.0,1,8,-9900,?,9,-9900,?,9,19.83,E,8,15.26,E,8,74.0,E,8,964.3861999999999,E,8,999.0,E,8,2.9,E,8,-9900,?,9,-9900,?,9,0.0,E,8,-9900,?,9,-9900,?,9,0.0,0.0,E,8
12/23/2021,04:00,0.0,1413.073,0.0,1,8,0.0,1,8,0.0,1,8,0.0,1,8,0.0,1,8,0.0,1,8,-0.0,1,8,-9900,?,9,-9900,?,9,19.34,E,8,15.24,E,8,77.0,E,8,964.3861999999999,E,8,999.0,E,8,1.95,E,8,-9900,?,9,-9900,?,9,0.0,E,8,-9900,?,9,-9900,?,9,0.0,0.0,E,8
12/23/2021,05:00,0.0,1413.073,0.0,1,8,0.0,1,8,0.0,1,8,0.0,1,8,0.0,1,8,0.0,1,8,-0.0,1,8,-9900,?,9,-9900,?,9,18.9,E,8,15.22,E,8,79.0,E,8,964.3861999999999,E,8,999.0,E,8,1.76,E,8,-9900,?,9,-9900,?,9,0.0,E,8,-9900,?,9,-9900,?,9,0.0,0.0,E,8
12/23/2021,06:00,118.206,1413.073,0.0,1,8,0.0,1,8,0.0,1,8,0.0,1,8,0.0,1,8,0.0,1,8,0.0,1,8,-9900,?,9,-9900,?,9,18.57,E,8,15.21,E,8,80.0,E,8,964.3861999999999,E,8,999.0,E,8,3.23,E,8,-9900,?,9,-9900,?,9,0.0,E,8,-9900,?,9,-9900,?,9,0.0,0.0,E,8
12/23/2021,07:00,430.067,1413.073,111.56,1,8,5.46,1,8,109.903,1,8,13387.2,1,8,518.691,1,8,12089.328,1,8,115.27,1,8,-9900,?,9,-9900,?,9,18.24,E,8,15.2,E,8,82.0,E,8,964.3861999999999,E,8,999.0,E,8,2.81,E,8,-9900,?,9,-9900,?,9,0.0,E,8,-9900,?,9,-9900,?,9,0.0,0.0,E,8
12/23/2021,08:00,728.937,1413.073,344.19,1,8,191.379,1,8,245.547,1,8,41302.8,1,8,18180.968,1,8,27010.119,1,8,151.638,1,8,-9900,?,9,-9900,?,9,22.14,E,8,15.35,E,8,65.0,E,8,964.3861999999999,E,8,999.0,E,8,3.06,E,8,-9900,?,9,-9900,?,9,0.0,E,8,-9900,?,9,-9900,?,9,0.0,0.0,E,8
12/23/2021,09:00,992.421,1413.073,562.17,1,8,316.378,1,8,340.04,1,8,67460.4,1,8,30055.914,1,8,37404.428,1,8,154.163,1,8,-9900,?,9,-9900,?,9,24.05,E,8,15.42,E,8,58.0,E,8,964.3861999999999,E,8,999.0,E,8,3.25,E,8,-9900,?,9,-9900,?,9,0.0,E,8,-9900,?,9,-9900,?,9,0.0,0.0,E,8
12/23/2021,10:00,1202.338,1413.073,748.3,1,8,424.344,1,8,387.28,1,8,89796.0,1,8,40312.701,1,8,42600.772,1,8,144.898,1,8,-9900,?,9,-9900,?,9,25.8,E,8,15.48,E,8,52.0,E,8,964.3861999999999,E,8,999.0,E,8,2.79,E,8,-9900,?,9,-9900,?,9,0.0,E,8,-9900,?,9,-9900,?,9,0.0,0.0,E,8
12/23/2021,11:00,1344.325,1413.073,837.21,1,8,426.43,1,8,431.539,1,8,100465.2,1,8,40510.855,1,8,47469.285,1,8,144.392,1,8,-9900,?,9,-9900,?,9,27.15,E,8,15.53,E,8,49.0,E,8,964.3861999999999,E,8,999.0,E,8,2.68,E,8,-9900,?,9,-9900,?,9,0.0,E,8,-9900,?,9,-9900,?,9,0.0,0.0,E,8
12/23/2021,12:00,1408.686,1413.073,940.87,1,8,451.521,1,8,490.751,1,8,112904.4,1,8,42894.526,1,8,53982.639,1,8,156.698,1,8,-9900,?,9,-9900,?,9,28.35,E,8,15.58,E,8,45.0,E,8,964.3861999999999,E,8,999.0,E,8,4.12,E,8,-9900,?,9,-9900,?,9,0.0,E,8,-9900,?,9,-9900,?,9,0.0,0.0,E,8
12/23/2021,13:00,1391.029,1413.073,846.55,1,8,343.731,1,8,508.184,1,8,101586.0,1,8,32654.48,1,8,55900.237,1,8,164.325,1,8,-9900,?,9,-9900,?,9,28.97,E,8,15.6,E,8,44.0,E,8,964.3861999999999,E,8,999.0,E,8,3.22,E,8,-9900,?,9,-9900,?,9,0.0,E,8,-9900,?,9,-9900,?,9,0.0,0.0,E,8
12/23/2021,14:00,1292.558,1413.073,813.41,1,8,452.17,1,8,399.827,1,8,97609.2,1,8,42956.174,1,8,43980.99,1,8,139.143,1,8,-9900,?,9,-9900,?,9,29.37,E,8,15.62,E,8,43.0,E,8,964.3861999999999,E,8,999.0,E,8,3.33,E,8,-9900,?,9,-9900,?,9,0.0,E,8,-9900,?,9,-9900,?,9,0.0,0.0,E,8
12/23/2021,15:00,1119.992,1413.073,688.22,1,8,425.61,1,8,350.944,1,8,82586.4,1,8,40432.908,1,8,38603.79,1,8,140.965,1,8,-9900,?,9,-9900,?,9,29.44,E,8,15.62,E,8,43.0,E,8,964.3861999999999,E,8,999.0,E,8,4.28,E,8,-9900,?,9,-9900,?,9,0.0,E,8,-9900,?,9,-9900,?,9,0.0,0.0,E,8
12/23/2021,16:00,885.119,1413.073,591.38,1,8,657.698,1,8,179.599,1,8,70965.6,1,8,62481.264,1,8,19755.929,1,8,91.309,1,8,-9900,?,9,-9900,?,9,29.26,E,8,15.61,E,8,43.0,E,8,964.3861999999999,E,8,999.0,E,8,3.56,E,8,-9900,?,9,-9900,?,9,0.0,E,8,-9900,?,9,-9900,?,9,0.0,0.0,E,8
12/23/2021,17:00,604.043,1413.073,408.9,1,8,661.411,1,8,126.537,1,8,49068.0,1,8,62834.077,1,8,13919.077,1,8,94.348,1,8,-9900,?,9,-9900,?,9,28.63,E,8,15.59,E,8,45.0,E,8,964.3861999999999,E,8,999.0,E,8,3.95,E,8,-9900,?,9,-9900,?,9,0.0,E,8,-9900,?,9,-9900,?,9,0.0,0.0,E,8
12/23/2021,18:00,296.401,1413.073,213.42,1,8,599.709,1,8,88.4,1,8,25610.4,1,8,56972.362,1,8,9724.047,1,8,134.979,1,8,-9900,?,9,-9900,?,9,27.62,E,8,15.55,E,8,47.0,E,8,964.3861999999999,E,8,999.0,E,8,3.03,E,8,-9900,?,9,-9900,?,9,0.0,E,8,-9900,?,9,-9900,?,9,0.0,0.0,E,8
12/23/2021,19:00,0.0,1413.073,34.66,1,8,0.0,1,8,0.0,1,8,4159.2,1,8,0.0,1,8,0.0,1,8,-0.0,1,8,-9900,?,9,-9900,?,9,26.38,E,8,15.51,E,8,51.0,E,8,964.3861999999999,E,8,999.0,E,8,1.95,E,8,-9900,?,9,-9900,?,9,0.0,E,8,-9900,?,9,-9900,?,9,0.0,0.0,E,8
12/23/2021,20:00,0.0,1413.073,0.0,1,8,0.0,1,8,0.0,1,8,0.0,1,8,0.0,1,8,0.0,1,8,-0.0,1,8,-9900,?,9,-9900,?,9,25.41,E,8,15.47,E,8,54.0,E,8,964.3861999999999,E,8,999.0,E,8,1.38,E,8,-9900,?,9,-9900,?,9,0.0,E,8,-9900,?,9,-9900,?,9,0.0,0.0,E,8
12/23/2021,21:00,0.0,1413.073,0.0,1,8,0.0,1,8,0.0,1,8,0.0,1,8,0.0,1,8,0.0,1,8,-0.0,1,8,-9900,?,9,-9900,?,9,24.45,E,8,15.43,E,8,57.0,E,8,964.3861999999999,E,8,999.0,E,8,1.67,E,8,-9900,?,9,-9900,?,9,0.0,E,8,-9900,?,9,-9900,?,9,0.0,0.0,E,8
12/23/2021,22:00,0.0,1413.073,0.0,1,8,0.0,1,8,0.0,1,8,0.0,1,8,0.0,1,8,0.0,1,8,-0.0,1,8,-9900,?,9,-9900,?,9,23.49,E,8,15.4,E,8,60.0,E,8,964.3861999999999,E,8,999.0,E,8,1.9,E,8,-9900,?,9,-9900,?,9,0.0,E,8,-9900,?,9,-9900,?,9,0.0,0.0,E,8
12/23/2021,23:00,0.0,1413.073,0.0,1,8,0.0,1,8,0.0,1,8,0.0,1,8,0.0,1,8,0.0,1,8,-0.0,1,8,-9900,?,9,-9900,?,9,22.53,E,8,15.36,E,8,63.0,E,8,964.3861999999999,E,8,999.0,E,8,1.38,E,8,-9900,?,9,-9900,?,9,0.0,E,8,-9900,?,9,-9900,?,9,0.0,0.0,E,8
12/23/2021,24:00,0.0,1413.073,0.0,1,8,0.0,1,8,0.0,1,8,0.0,1,8,0.0,1,8,0.0,1,8,-0.0,1,8,-9900,?,9,-9900,?,9,21.56,E,8,18.55,E,8,82.0,E,8,964.3861999999999,E,8,999.0,E,8,0.39,E,8,-9900,?,9,-9900,?,9,0.0,E,8,-9900,?,9,-9900,?,9,0.0,0.0,E,8
12/24/2021,01:00,0.0,1413.073,0.0,1,8,0.0,1,8,0.0,1,8,0.0,1,8,0.0,1,8,0.0,1,8,-0.0,1,8,-9900,?,9,-9900,?,9,21.08,E,8,18.42,E,8,84.0,E,8,964.3861999999999,E,8,999.0,E,8,0.39,E,8,-9900,?,9,-9900,?,9,0.0,E,8,-9900,?,9,-9900,?,9,0.0,0.0,E,8
12/24/2021,02:00,0.0,1413.073,0.0,1,8,0.0,1,8,0.0,1,8,0.0,1,8,0.0,1,8,0.0,1,8,-0.0,1,8,-9900,?,9,-9900,?,9,20.6,E,8,18.28,E,8,86.0,E,8,964.3861999999999,E,8,999.0,E,8,0.56,E,8,-9900,?,9,-9900,?,9,0.0,E,8,-9900,?,9,-9900,?,9,0.0,0.0,E,8
12/24/2021,03:00,0.0,1413.073,0.0,1,8,0.0,1,8,0.0,1,8,0.0,1,8,0.0,1,8,0.0,1,8,-0.0,1,8,-9900,?,9,-9900,?,9,20.12,E,8,18.14,E,8,88.0,E,8,964.3861999999999,E,8,999.0,E,8,0.63,E,8,-9900,?,9,-9900,?,9,0.0,E,8,-9900,?,9,-9900,?,9,0.0,0.0,E,8
12/24/2021,04:00,0.0,1413.234,0.0,1,8,0.0,1,8,0.0,1,8,0.0,1,8,0.0,1,8,0.0,1,8,-0.0,1,8,-9900,?,9,-9900,?,9,19.64,E,8,18.0,E,8,90.0,E,8,964.3861999999999,E,8,999.0,E,8,0.95,E,8,-9900,?,9,-9900,?,9,0.0,E,8,-9900,?,9,-9900,?,9,0.0,0.0,E,8
12/24/2021,05:00,0.0,1413.234,0.0,1,8,0.0,1,8,0.0,1,8,0.0,1,8,0.0,1,8,0.0,1,8,-0.0,1,8,-9900,?,9,-9900,?,9,19.21,E,8,17.87,E,8,91.0,E,8,964.3861999999999,E,8,999.0,E,8,0.97,E,8,-9900,?,9,-9900,?,9,0.0,E,8,-9900,?,9,-9900,?,9,0.0,0.0,E,8
12/24/2021,06:00,115.552,1413.234,0.0,1,8,0.0,1,8,0.0,1,8,0.0,1,8,0.0,1,8,0.0,1,8,0.0,1,8,-9900,?,9,-9900,?,9,18.89,E,8,17.78,E,8,93.0,E,8,964.3861999999999,E,8,999.0,E,8,0.55,E,8,-9900,?,9,-9900,?,9,0.0,E,8,-9900,?,9,-9900,?,9,0.0,0.0,E,8
12/24/2021,07:00,427.454,1413.234,59.51,1,8,0.0,1,8,59.51,1,8,7141.2,1,8,0.0,1,8,6546.1,1,8,62.807,1,8,-9900,?,9,-9900,?,9,18.57,E,8,17.69,E,8,94.0,E,8,964.3861999999999,E,8,999.0,E,8,0.86,E,8,-9900,?,9,-9900,?,9,0.0,E,8,-9900,?,9,-9900,?,9,0.0,0.0,E,8
12/24/2021,08:00,726.599,1413.234,197.16,1,8,18.416,1,8,187.699,1,8,23659.2,1,8,1749.564,1,8,20646.899,1,8,116.301,1,8,-9900,?,9,-9900,?,9,21.74,E,8,18.6,E,8,82.0,E,8,964.3861999999999,E,8,999.0,E,8,0.84,E,8,-9900,?,9,-9900,?,9,0.0,E,8,-9900,?,9,-9900,?,9,0.0,0.0,E,8
12/24/2021,09:00,990.515,1413.234,334.62,1,8,36.339,1,8,309.158,1,8,40154.4,1,8,3452.246,1,8,34007.375,1,8,140.448,1,8,-9900,?,9,-9900,?,9,23.43,E,8,19.08,E,8,76.0,E,8,964.3861999999999,E,8,999.0,E,8,1.14,E,8,-9900,?,9,-9900,?,9,0.0,E,8,-9900,?,9,-9900,?,9,0.0,0.0,E,8
12/24/2021,10:00,1200.989,1413.234,452.84,1,8,46.619,1,8,413.227,1,8,54340.8,1,8,4428.809,1,8,45454.953,1,8,154.797,1,8,-9900,?,9,-9900,?,9,25.0,E,8,19.5,E,8,71.0,E,8,964.3861999999999,E,8,999.0,E,8,1.31,E,8,-9900,?,9,-9900,?,9,0.0,E,8,-9900,?,9,-9900,?,9,0.0,0.0,E,8
12/24/2021,11:00,1343.618,1413.234,541.52,1,8,44.703,1,8,499.021,1,8,64982.4,1,8,4246.762,1,8,54892.266,1,8,167.078,1,8,-9900,?,9,-9900,?,9,26.39,E,8,19.87,E,8,67.0,E,8,964.3861999999999,E,8,999.0,E,8,1.51,E,8,-9900,?,9,-9900,?,9,0.0,E,8,-9900,?,9,-9900,?,9,0.0,0.0,E,8
12/24/2021,12:00,1408.663,1413.234,593.85,1,8,51.171,1,8,542.844,1,8,71262.0,1,8,4861.262,1,8,59712.884,1,8,173.354,1,8,-9900,?,9,-9900,?,9,27.52,E,8,20.16,E,8,64.0,E,8,964.3861999999999,E,8,999.0,E,8,1.03,E,8,-9900,?,9,-9900,?,9,0.0,E,8,-9900,?,9,-9900,?,9,0.0,0.0,E,8
12/24/2021,13:00,1391.684,1413.234,605.97,1,8,111.293,1,8,496.375,1,8,72716.4,1,8,10572.838,1,8,54601.255,1,8,160.449,1,8,-9900,?,9,-9900,?,9,28.38,E,8,20.39,E,8,61.0,E,8,964.3861999999999,E,8,999.0,E,8,0.98,E,8,-9900,?,9,-9900,?,9,0.0,E,8,-9900,?,9,-9900,?,9,0.0,0.0,E,8
12/24/2021,14:00,1293.836,1413.234,577.01,1,8,130.91,1,8,457.167,1,8,69241.2,1,8,12436.434,1,8,50288.358,1,8,158.959,1,8,-9900,?,9,-9900,?,9,28.93,E,8,20.52,E,8,60.0,E,8,964.3861999999999,E,8,999.0,E,8,1.66,E,8,-9900,?,9,-9900,?,9,0.0,E,8,-9900,?,9,-9900,?,9,0.0,0.0,E,8
12/24/2021,15:00,1121.798,1413.234,509.08,1,8,102.515,1,8,427.719,1,8,61089.6,1,8,9738.938,1,8,47049.139,1,8,171.547,1,8,-9900,?,9,-9900,?,9,29.17,E,8,20.59,E,8,59.0,E,8,964.3861999999999,E,8,999.0,E,8,1.56,E,8,-9900,?,9,-9900,?,9,0.0,E,8,-9900,?,9,-9900,?,9,0.0,0.0,E,8
12/24/2021,16:00,887.321,1413.234,407.24,1,8,106.811,1,8,340.207,1,8,48868.8,1,8,10147.019,1,8,37422.821,1,8,172.553,1,8,-9900,?,9,-9900,?,9,29.08,E,8,20.56,E,8,60.0,E,8,964.3861999999999,E,8,999.0,E,8,2.08,E,8,-9900,?,9,-9900,?,9,0.0,E,8,-9900,?,9,-9900,?,9,0.0,0.0,E,8
12/24/2021,17:00,606.478,1413.234,279.58,1,8,190.555,1,8,197.911,1,8,33549.6,1,8,18102.726,1,8,21770.157,1,8,146.987,1,8,-9900,?,9,-9900,?,9,28.51,E,8,20.42,E,8,61.0,E,8,964.3861999999999,E,8,999.0,E,8,1.89,E,8,-9900,?,9,-9900,?,9,0.0,E,8,-9900,?,9,-9900,?,9,0.0,0.0,E,8
12/24/2021,18:00,298.885,1413.234,138.63,1,8,358.116,1,8,63.35,1,8,16635.6,1,8,34021.026,1,8,6968.485,1,8,95.927,1,8,-9900,?,9,-9900,?,9,27.55,E,8,20.17,E,8,64.0,E,8,964.3861999999999,E,8,999.0,E,8,1.2,E,8,-9900,?,9,-9900,?,9,0.0,E,8,-9900,?,9,-9900,?,9,0.0,0.0,E,8
12/24/2021,19:00,0.0,1413.234,16.07,1,8,0.0,1,8,0.0,1,8,1928.4,1,8,0.0,1,8,0.0,1,8,-0.0,1,8,-9900,?,9,-9900,?,9,26.34,E,8,19.86,E,8,67.0,E,8,964.3861999999999,E,8,999.0,E,8,0.92,E,8,-9900,?,9,-9900,?,9,0.0,E,8,-9900,?,9,-9900,?,9,0.0,0.0,E,8
12/24/2021,20:00,0.0,1413.234,0.0,1,8,0.0,1,8,0.0,1,8,0.0,1,8,0.0,1,8,0.0,1,8,-0.0,1,8,-9900,?,9,-9900,?,9,25.44,E,8,19.62,E,8,70.0,E,8,964.3861999999999,E,8,999.0,E,8,0.43,E,8,-9900,?,9,-9900,?,9,0.0,E,8,-9900,?,9,-9900,?,9,0.0,0.0,E,8
12/24/2021,21:00,0.0,1413.234,0.0,1,8,0.0,1,8,0.0,1,8,0.0,1,8,0.0,1,8,0.0,1,8,-0.0,1,8,-9900,?,9,-9900,?,9,24.54,E,8,19.38,E,8,72.0,E,8,964.3861999999999,E,8,999.0,E,8,0.39,E,8,-9900,?,9,-9900,?,9,0.0,E,8,-9900,?,9,-9900,?,9,0.0,0.0,E,8
12/24/2021,22:00,0.0,1413.234,0.0,1,8,0.0,1,8,0.0,1,8,0.0,1,8,0.0,1,8,0.0,1,8,-0.0,1,8,-9900,?,9,-9900,?,9,23.64,E,8,19.13,E,8,75.0,E,8,964.3861999999999,E,8,999.0,E,8,0.39,E,8,-9900,?,9,-9900,?,9,0.0,E,8,-9900,?,9,-9900,?,9,0.0,0.0,E,8
12/24/2021,23:00,0.0,1413.234,0.0,1,8,0.0,1,8,0.0,1,8,0.0,1,8,0.0,1,8,0.0,1,8,-0.0,1,8,-9900,?,9,-9900,?,9,22.74,E,8,18.88,E,8,78.0,E,8,964.3861999999999,E,8,999.0,E,8,0.66,E,8,-9900,?,9,-9900,?,9,0.0,E,8,-9900,?,9,-9900,?,9,0.0,0.0,E,8
12/24/2021,24:00,0.0,1413.234,0.0,1,8,0.0,1,8,0.0,1,8,0.0,1,8,0.0,1,8,0.0,1,8,-0.0,1,8,-9900,?,9,-9900,?,9,21.84,E,8,16.54,E,8,71.0,E,8,964.3861999999999,E,8,999.0,E,8,3.49,E,8,-9900,?,9,-9900,?,9,0.0,E,8,-9900,?,9,-9900,?,9,0.0,0.0,E,8
12/25/2021,01:00,0.0,1413.234,0.0,1,8,0.0,1,8,0.0,1,8,0.0,1,8,0.0,1,8,0.0,1,8,-0.0,1,8,-9900,?,9,-9900,?,9,21.39,E,8,16.56,E,8,73.0,E,8,964.3861999999999,E,8,999.0,E,8,3.33,E,8,-9900,?,9,-9900,?,9,0.0,E,8,-9900,?,9,-9900,?,9,0.0,0.0,E,8
12/25/2021,02:00,0.0,1413.234,0.0,1,8,0.0,1,8,0.0,1,8,0.0,1,8,0.0,1,8,0.0,1,8,-0.0,1,8,-9900,?,9,-9900,?,9,20.94,E,8,16.59,E,8,76.0,E,8,964.3861999999999,E,8,999.0,E,8,1.95,E,8,-9900,?,9,-9900,?,9,0.0,E,8,-9900,?,9,-9900,?,9,0.0,0.0,E,8
12/25/2021,03:00,0.0,1413.234,0.0,1,8,0.0,1,8,0.0,1,8,0.0,1,8,0.0,1,8,0.0,1,8,-0.0,1,8,-9900,?,9,-9900,?,9,20.49,E,8,16.61,E,8,78.0,E,8,964.3861999999999,E,8,999.0,E,8,2.66,E,8,-9900,?,9,-9900,?,9,0.0,E,8,-9900,?,9,-9900,?,9,0.0,0.0,E,8
12/25/2021,04:00,0.0,1413.379,0.0,1,8,0.0,1,8,0.0,1,8,0.0,1,8,0.0,1,8,0.0,1,8,-0.0,1,8,-9900,?,9,-9900,?,9,20.04,E,8,16.64,E,8,80.0,E,8,964.3861999999999,E,8,999.0,E,8,4.55,E,8,-9900,?,9,-9900,?,9,0.0,E,8,-9900,?,9,-9900,?,9,0.0,0.0,E,8
12/25/2021,05:00,0.0,1413.379,0.0,1,8,0.0,1,8,0.0,1,8,0.0,1,8,0.0,1,8,0.0,1,8,-0.0,1,8,-9900,?,9,-9900,?,9,19.64,E,8,16.66,E,8,82.0,E,8,964.3861999999999,E,8,999.0,E,8,4.46,E,8,-9900,?,9,-9900,?,9,0.0,E,8,-9900,?,9,-9900,?,9,0.0,0.0,E,8
12/25/2021,06:00,112.834,1413.379,0.0,1,8,0.0,1,8,0.0,1,8,0.0,1,8,0.0,1,8,0.0,1,8,0.0,1,8,-9900,?,9,-9900,?,9,19.34,E,8,16.67,E,8,84.0,E,8,964.3861999999999,E,8,999.0,E,8,4.09,E,8,-9900,?,9,-9900,?,9,0.0,E,8,-9900,?,9,-9900,?,9,0.0,0.0,E,8
12/25/2021,07:00,424.785,1413.379,102.6,1,8,0.0,1,8,102.6,1,8,12312.0,1,8,0.0,1,8,11286.0,1,8,108.981,1,8,-9900,?,9,-9900,?,9,19.05,E,8,16.69,E,8,86.0,E,8,964.3861999999999,E,8,999.0,E,8,3.97,E,8,-9900,?,9,-9900,?,9,0.0,E,8,-9900,?,9,-9900,?,9,0.0,0.0,E,8
12/25/2021,08:00,724.219,1413.379,344.78,1,8,191.4,1,8,246.787,1,8,41373.6,1,8,18183.029,1,8,27146.533,1,8,153.433,1,8,-9900,?,9,-9900,?,9,22.28,E,8,16.51,E,8,69.0,E,8,964.3861999999999,E,8,999.0,E,8,4.4,E,8,-9900,?,9,-9900,?,9,0.0,E,8,-9900,?,9,-9900,?,9,0.0,0.0,E,8
12/25/2021,09:00,988.579,1413.379,590.21,1,8,375.947,1,8,327.337,1,8,70825.2,1,8,35714.951,1,8,36007.074,1,8,149.014,1,8,-9900,?,9,-9900,?,9,24.05,E,8,16.41,E,8,62.0,E,8,964.3861999999999,E,8,999.0,E,8,3.16,E,8,-9900,?,9,-9900,?,9,0.0,E,8,-9900,?,9,-9900,?,9,0.0,0.0,E,8
12/25/2021,10:00,1199.618,1413.379,801.06,1,8,530.261,1,8,351.048,1,8,96127.2,1,8,50374.774,1,8,38615.24,1,8,131.668,1,8,-9900,?,9,-9900,?,9,25.7,E,8,16.32,E,8,56.0,E,8,964.3861999999999,E,8,999.0,E,8,4.49,E,8,-9900,?,9,-9900,?,9,0.0,E,8,-9900,?,9,-9900,?,9,0.0,0.0,E,8
12/25/2021,11:00,1342.896,1413.379,955.48,1,8,585.242,1,8,399.441,1,8,114657.6,1,8,55598.008,1,8,43938.456,1,8,133.823,1,8,-9900,?,9,-9900,?,9,27.14,E,8,16.24,E,8,51.0,E,8,964.3861999999999,E,8,999.0,E,8,4.72,E,8,-9900,?,9,-9900,?,9,0.0,E,8,-9900,?,9,-9900,?,9,0.0,0.0,E,8
12/25/2021,12:00,1408.627,1413.379,1057.46,1,8,709.861,1,8,349.987,1,8,126895.2,1,8,67436.803,1,8,38498.585,1,8,111.78,1,8,-9900,?,9,-9900,?,9,28.34,E,8,16.17,E,8,47.0,E,8,964.3861999999999,E,8,999.0,E,8,4.43,E,8,-9900,?,9,-9900,?,9,0.0,E,8,-9900,?,9,-9900,?,9,0.0,0.0,E,8
12/25/2021,13:00,1392.323,1413.379,1078.58,1,8,824.066,1,8,266.798,1,8,129429.6,1,8,78286.281,1,8,29347.753,1,8,86.209,1,8,-9900,?,9,-9900,?,9,29.24,E,8,16.12,E,8,45.0,E,8,964.3861999999999,E,8,999.0,E,8,2.82,E,8,-9900,?,9,-9900,?,9,0.0,E,8,-9900,?,9,-9900,?,9,0.0,0.0,E,8
12/25/2021,14:00,1295.095,1413.379,1031.73,1,8,941.667,1,8,168.919,1,8,123807.6,1,8,89458.318,1,8,18581.055,1,8,58.683,1,8,-9900,?,9,-9900,?,9,29.84,E,8,16.09,E,8,43.0,E,8,964.3861999999999,E,8,999.0,E,8,3.71,E,8,-9900,?,9,-9900,?,9,0.0,E,8,-9900,?,9,-9900,?,9,0.0,0.0,E,8
12/25/2021,15:00,1123.577,1413.379,906.49,1,8,888.867,1,8,199.999,1,8,108778.8,1,8,84442.384,1,8,21999.874,1,8,80.095,1,8,-9900,?,9,-9900,?,9,30.1,E,8,16.08,E,8,42.0,E,8,964.3861999999999,E,8,999.0,E,8,2.96,E,8,-9900,?,9,-9900,?,9,0.0,E,8,-9900,?,9,-9900,?,9,0.0,0.0,E,8
12/25/2021,16:00,889.484,1413.379,722.1,1,8,842.982,1,8,191.822,1,8,86652.0,1,8,80083.328,1,8,21100.439,1,8,97.065,1,8,-9900,?,9,-9900,?,9,30.0,E,8,16.08,E,8,43.0,E,8,964.3861999999999,E,8,999.0,E,8,3.02,E,8,-9900,?,9,-9900,?,9,0.0,E,8,-9900,?,9,-9900,?,9,0.0,0.0,E,8
12/25/2021,17:00,608.862,1413.379,497.75,1,8,693.586,1,8,199.346,1,8,59730.0,1,8,65890.687,1,8,21928.094,1,8,147.487,1,8,-9900,?,9,-9900,?,9,29.41,E,8,16.11,E,8,44.0,E,8,964.3861999999999,E,8,999.0,E,8,1.35,E,8,-9900,?,9,-9900,?,9,0.0,E,8,-9900,?,9,-9900,?,9,0.0,0.0,E,8
12/25/2021,18:00,301.305,1413.379,249.3,1,8,620.696,1,8,117.767,1,8,29916.0,1,8,58966.081,1,8,12954.39,1,8,176.896,1,8,-9900,?,9,-9900,?,9,28.41,E,8,16.17,E,8,47.0,E,8,964.3861999999999,E,8,999.0,E,8,1.64,E,8,-9900,?,9,-9900,?,9,0.0,E,8,-9900,?,9,-9900,?,9,0.0,0.0,E,8
12/25/2021,19:00,0.0,1413.379,31.38,1,8,0.0,1,8,0.0,1,8,3765.6,1,8,0.0,1,8,0.0,1,8,-0.0,1,8,-9900,?,9,-9900,?,9,27.16,E,8,16.24,E,8,51.0,E,8,964.3861999999999,E,8,999.0,E,8,1.15,E,8,-9900,?,9,-9900,?,9,0.0,E,8,-9900,?,9,-9900,?,9,0.0,0.0,E,8
12/25/2021,20:00,0.0,1413.379,0.0,1,8,0.0,1,8,0.0,1,8,0.0,1,8,0.0,1,8,0.0,1,8,-0.0,1,8,-9900,?,9,-9900,?,9,26.0,E,8,16.31,E,8,55.0,E,8,964.3861999999999,E,8,999.0,E,8,1.15,E,8,-9900,?,9,-9900,?,9,0.0,E,8,-9900,?,9,-9900,?,9,0.0,0.0,E,8
12/25/2021,21:00,0.0,1413.379,0.0,1,8,0.0,1,8,0.0,1,8,0.0,1,8,0.0,1,8,0.0,1,8,-0.0,1,8,-9900,?,9,-9900,?,9,24.85,E,8,16.37,E,8,59.0,E,8,964.3861999999999,E,8,999.0,E,8,1.15,E,8,-9900,?,9,-9900,?,9,0.0,E,8,-9900,?,9,-9900,?,9,0.0,0.0,E,8
12/25/2021,22:00,0.0,1413.379,0.0,1,8,0.0,1,8,0.0,1,8,0.0,1,8,0.0,1,8,0.0,1,8,-0.0,1,8,-9900,?,9,-9900,?,9,23.69,E,8,16.43,E,8,63.0,E,8,964.3861999999999,E,8,999.0,E,8,1.15,E,8,-9900,?,9,-9900,?,9,0.0,E,8,-9900,?,9,-9900,?,9,0.0,0.0,E,8
12/25/2021,23:00,0.0,1413.379,0.0,1,8,0.0,1,8,0.0,1,8,0.0,1,8,0.0,1,8,0.0,1,8,-0.0,1,8,-9900,?,9,-9900,?,9,22.54,E,8,16.5,E,8,68.0,E,8,964.3861999999999,E,8,999.0,E,8,1.15,E,8,-9900,?,9,-9900,?,9,0.0,E,8,-9900,?,9,-9900,?,9,0.0,0.0,E,8
12/25/2021,24:00,0.0,1413.379,0.0,1,8,0.0,1,8,0.0,1,8,0.0,1,8,0.0,1,8,0.0,1,8,-0.0,1,8,-9900,?,9,-9900,?,9,21.38,E,8,15.97,E,8,71.0,E,8,964.3861999999999,E,8,999.0,E,8,0.66,E,8,-9900,?,9,-9900,?,9,0.0,E,8,-9900,?,9,-9900,?,9,0.0,0.0,E,8
12/26/2021,01:00,0.0,1413.379,0.0,1,8,0.0,1,8,0.0,1,8,0.0,1,8,0.0,1,8,0.0,1,8,-0.0,1,8,-9900,?,9,-9900,?,9,20.81,E,8,15.91,E,8,73.0,E,8,964.3861999999999,E,8,999.0,E,8,0.66,E,8,-9900,?,9,-9900,?,9,0.0,E,8,-9900,?,9,-9900,?,9,0.0,0.0,E,8
12/26/2021,02:00,0.0,1413.379,0.0,1,8,0.0,1,8,0.0,1,8,0.0,1,8,0.0,1,8,0.0,1,8,-0.0,1,8,-9900,?,9,-9900,?,9,20.23,E,8,15.86,E,8,75.0,E,8,964.3861999999999,E,8,999.0,E,8,0.66,E,8,-9900,?,9,-9900,?,9,0.0,E,8,-9900,?,9,-9900,?,9,0.0,0.0,E,8
12/26/2021,03:00,0.0,1413.379,0.0,1,8,0.0,1,8,0.0,1,8,0.0,1,8,0.0,1,8,0.0,1,8,-0.0,1,8,-9900,?,9,-9900,?,9,19.65,E,8,15.8,E,8,78.0,E,8,964.3861999999999,E,8,999.0,E,8,0.66,E,8,-9900,?,9,-9900,?,9,0.0,E,8,-9900,?,9,-9900,?,9,0.0,0.0,E,8
12/26/2021,04:00,0.0,1413.51,0.0,1,8,0.0,1,8,0.0,1,8,0.0,1,8,0.0,1,8,0.0,1,8,-0.0,1,8,-9900,?,9,-9900,?,9,19.07,E,8,15.74,E,8,81.0,E,8,964.3861999999999,E,8,999.0,E,8,0.66,E,8,-9900,?,9,-9900,?,9,0.0,E,8,-9900,?,9,-9900,?,9,0.0,0.0,E,8
12/26/2021,05:00,0.0,1413.51,0.0,1,8,0.0,1,8,0.0,1,8,0.0,1,8,0.0,1,8,0.0,1,8,-0.0,1,8,-9900,?,9,-9900,?,9,18.56,E,8,15.68,E,8,83.0,E,8,964.3861999999999,E,8,999.0,E,8,0.66,E,8,-9900,?,9,-9900,?,9,0.0,E,8,-9900,?,9,-9900,?,9,0.0,0.0,E,8
12/26/2021,06:00,110.054,1413.51,0.0,1,8,0.0,1,8,0.0,1,8,0.0,1,8,0.0,1,8,0.0,1,8,0.0,1,8,-9900,?,9,-9900,?,9,18.18,E,8,15.65,E,8,85.0,E,8,964.3861999999999,E,8,999.0,E,8,0.66,E,8,-9900,?,9,-9900,?,9,0.0,E,8,-9900,?,9,-9900,?,9,0.0,0.0,E,8
12/26/2021,07:00,422.065,1413.51,101.88,1,8,0.0,1,8,101.88,1,8,12225.6,1,8,0.0,1,8,11206.8,1,8,108.928,1,8,-9900,?,9,-9900,?,9,17.8,E,8,15.61,E,8,86.0,E,8,964.3861999999999,E,8,999.0,E,8,0.66,E,8,-9900,?,9,-9900,?,9,0.0,E,8,-9900,?,9,-9900,?,9,0.0,0.0,E,8
12/26/2021,08:00,721.798,1413.51,344.9,1,8,194.595,1,8,245.614,1,8,41388.0,1,8,18486.482,1,8,27017.561,1,8,153.231,1,8,-9900,?,9,-9900,?,9,21.18,E,8,15.95,E,8,72.0,E,8,964.3861999999999,E,8,999.0,E,8,0.66,E,8,-9900,?,9,-9900,?,9,0.0,E,8,-9900,?,9,-9900,?,9,0.0,0.0,E,8
12/26/2021,09:00,986.613,1413.51,588.08,1,8,374.303,1,8,326.902,1,8,70569.6,1,8,35558.798,1,8,35959.171,1,8,149.126,1,8,-9900,?,9,-9900,?,9,23.02,E,8,16.14,E,8,65.0,E,8,964.3861999999999,E,8,999.0,E,8,0.66,E,8,-9900,?,9,-9900,?,9,0.0,E,8,-9900,?,9,-9900,?,9,0.0,0.0,E,8
12/26/2021,10:00,1198.227,1413.51,796.53,1,8,525.035,1,8,351.511,1,8,95583.6,1,8,49878.306,1,8,38666.217,1,8,132.008,1,8,-9900,?,9,-9900,?,9,24.73,E,8,16.31,E,8,59.0,E,8,964.3861999999999,E,8,999.0,E,8,0.66,E,8,-9900,?,9,-9900,?,9,0.0,E,8,-9900,?,9,-9900,?,9,0.0,0.0,E,8
12/26/2021,11:00,1342.159,1413.51,955.45,1,8,587.052,1,8,398.049,1,8,114654.0,1,8,55769.953,1,8,43785.388,1,8,133.443,1,8,-9900,?,9,-9900,?,9,26.24,E,8,16.46,E,8,54.0,E,8,964.3861999999999,E,8,999.0,E,8,0.66,E,8,-9900,?,9,-9900,?,9,0.0,E,8,-9900,?,9,-9900,?,9,0.0,0.0,E,8
12/26/2021,12:00,1408.577,1413.51,1051.23,1,8,690.194,1,8,363.446,1,8,126147.6,1,8,65568.418,1,8,39979.083,1,8,116.094,1,8,-9900,?,9,-9900,?,9,27.48,E,8,16.58,E,8,51.0,E,8,964.3861999999999,E,8,999.0,E,8,0.74,E,8,-9900,?,9,-9900,?,9,0.0,E,8,-9900,?,9,-9900,?,9,0.0,0.0,E,8
12/26/2021,13:00,1392.947,1413.51,1075.62,1,8,813.537,1,8,273.925,1,8,129074.4,1,8,77285.99,1,8,30131.739,1,8,88.481,1,8,-9900,?,9,-9900,?,9,28.43,E,8,16.67,E,8,48.0,E,8,964.3861999999999,E,8,999.0,E,8,1.38,E,8,-9900,?,9,-9900,?,9,0.0,E,8,-9900,?,9,-9900,?,9,0.0,0.0,E,8
12/26/2021,14:00,1296.333,1413.51,1032.58,1,8,941.099,1,8,169.544,1,8,123909.6,1,8,89404.377,1,8,18649.831,1,8,58.849,1,8,-9900,?,9,-9900,?,9,29.05,E,8,16.73,E,8,47.0,E,8,964.3861999999999,E,8,999.0,E,8,2.2,E,8,-9900,?,9,-9900,?,9,0.0,E,8,-9900,?,9,-9900,?,9,0.0,0.0,E,8
12/26/2021,15:00,1125.326,1413.51,919.27,1,8,870.818,1,8,226.11,1,8,110312.4,1,8,82727.749,1,8,24872.093,1,8,90.42,1,8,-9900,?,9,-9900,?,9,29.35,E,8,16.76,E,8,46.0,E,8,964.3861999999999,E,8,999.0,E,8,2.43,E,8,-9900,?,9,-9900,?,9,0.0,E,8,-9900,?,9,-9900,?,9,0.0,0.0,E,8
12/26/2021,16:00,891.606,1413.51,737.13,1,8,848.251,1,8,202.313,1,8,88455.6,1,8,80583.809,1,8,22254.384,1,8,102.139,1,8,-9900,?,9,-9900,?,9,29.28,E,8,16.76,E,8,46.0,E,8,964.3861999999999,E,8,999.0,E,8,2.13,E,8,-9900,?,9,-9900,?,9,0.0,E,8,-9900,?,9,-9900,?,9,0.0,0.0,E,8
12/26/2021,17:00,611.192,1413.51,511.96,1,8,785.18,1,8,172.884,1,8,61435.2,1,8,74592.107,1,8,19017.23,1,8,127.432,1,8,-9900,?,9,-9900,?,9,28.7,E,8,16.7,E,8,48.0,E,8,964.3861999999999,E,8,999.0,E,8,1.31,E,8,-9900,?,9,-9900,?,9,0.0,E,8,-9900,?,9,-9900,?,9,0.0,0.0,E,8
12/26/2021,18:00,303.657,1413.51,260.03,1,8,656.545,1,8,119.814,1,8,31203.6,1,8,62371.809,1,8,13179.521,1,8,178.576,1,8,-9900,?,9,-9900,?,9,27.68,E,8,16.6,E,8,50.0,E,8,964.3861999999999,E,8,999.0,E,8,0.66,E,8,-9900,?,9,-9900,?,9,0.0,E,8,-9900,?,9,-9900,?,9,0.0,0.0,E,8
12/26/2021,19:00,0.581,1413.51,34.87,1,8,0.0,1,8,0.0,1,8,4184.4,1,8,0.0,1,8,0.0,1,8,-0.0,1,8,-9900,?,9,-9900,?,9,26.36,E,8,16.47,E,8,54.0,E,8,964.3861999999999,E,8,999.0,E,8,0.86,E,8,-9900,?,9,-9900,?,9,0.0,E,8,-9900,?,9,-9900,?,9,0.0,0.0,E,8
12/26/2021,20:00,0.0,1413.51,0.0,1,8,0.0,1,8,0.0,1,8,0.0,1,8,0.0,1,8,0.0,1,8,-0.0,1,8,-9900,?,9,-9900,?,9,25.27,E,8,16.36,E,8,57.0,E,8,964.3861999999999,E,8,999.0,E,8,0.67,E,8,-9900,?,9,-9900,?,9,0.0,E,8,-9900,?,9,-9900,?,9,0.0,0.0,E,8
12/26/2021,21:00,0.0,1413.51,0.0,1,8,0.0,1,8,0.0,1,8,0.0,1,8,0.0,1,8,0.0,1,8,-0.0,1,8,-9900,?,9,-9900,?,9,24.18,E,8,16.25,E,8,61.0,E,8,964.3861999999999,E,8,999.0,E,8,0.93,E,8,-9900,?,9,-9900,?,9,0.0,E,8,-9900,?,9,-9900,?,9,0.0,0.0,E,8
12/26/2021,22:00,0.0,1413.51,0.0,1,8,0.0,1,8,0.0,1,8,0.0,1,8,0.0,1,8,0.0,1,8,-0.0,1,8,-9900,?,9,-9900,?,9,23.09,E,8,16.15,E,8,64.0,E,8,964.3861999999999,E,8,999.0,E,8,1.28,E,8,-9900,?,9,-9900,?,9,0.0,E,8,-9900,?,9,-9900,?,9,0.0,0.0,E,8
12/26/2021,23:00,0.0,1413.51,0.0,1,8,0.0,1,8,0.0,1,8,0.0,1,8,0.0,1,8,0.0,1,8,-0.0,1,8,-9900,?,9,-9900,?,9,22.0,E,8,16.04,E,8,68.0,E,8,964.3861999999999,E,8,999.0,E,8,0.75,E,8,-9900,?,9,-9900,?,9,0.0,E,8,-9900,?,9,-9900,?,9,0.0,0.0,E,8
12/26/2021,24:00,0.0,1413.51,0.0,1,8,0.0,1,8,0.0,1,8,0.0,1,8,0.0,1,8,0.0,1,8,-0.0,1,8,-9900,?,9,-9900,?,9,20.91,E,8,16.36,E,8,75.0,E,8,964.3861999999999,E,8,999.0,E,8,0.59,E,8,-9900,?,9,-9900,?,9,0.0,E,8,-9900,?,9,-9900,?,9,0.0,0.0,E,8
12/27/2021,01:00,0.0,1413.51,0.0,1,8,0.0,1,8,0.0,1,8,0.0,1,8,0.0,1,8,0.0,1,8,-0.0,1,8,-9900,?,9,-9900,?,9,20.36,E,8,16.26,E,8,77.0,E,8,964.3861999999999,E,8,999.0,E,8,0.59,E,8,-9900,?,9,-9900,?,9,0.0,E,8,-9900,?,9,-9900,?,9,0.0,0.0,E,8
12/27/2021,02:00,0.0,1413.51,0.0,1,8,0.0,1,8,0.0,1,8,0.0,1,8,0.0,1,8,0.0,1,8,-0.0,1,8,-9900,?,9,-9900,?,9,19.82,E,8,16.17,E,8,79.0,E,8,964.3861999999999,E,8,999.0,E,8,0.57,E,8,-9900,?,9,-9900,?,9,0.0,E,8,-9900,?,9,-9900,?,9,0.0,0.0,E,8
12/27/2021,03:00,0.0,1413.51,0.0,1,8,0.0,1,8,0.0,1,8,0.0,1,8,0.0,1,8,0.0,1,8,-0.0,1,8,-9900,?,9,-9900,?,9,19.27,E,8,16.07,E,8,81.0,E,8,964.3861999999999,E,8,999.0,E,8,0.57,E,8,-9900,?,9,-9900,?,9,0.0,E,8,-9900,?,9,-9900,?,9,0.0,0.0,E,8
12/27/2021,04:00,0.0,1413.626,0.0,1,8,0.0,1,8,0.0,1,8,0.0,1,8,0.0,1,8,0.0,1,8,-0.0,1,8,-9900,?,9,-9900,?,9,18.72,E,8,15.97,E,8,84.0,E,8,964.3861999999999,E,8,999.0,E,8,0.57,E,8,-9900,?,9,-9900,?,9,0.0,E,8,-9900,?,9,-9900,?,9,0.0,0.0,E,8
12/27/2021,05:00,0.0,1413.626,0.0,1,8,0.0,1,8,0.0,1,8,0.0,1,8,0.0,1,8,0.0,1,8,-0.0,1,8,-9900,?,9,-9900,?,9,18.24,E,8,15.89,E,8,86.0,E,8,964.3861999999999,E,8,999.0,E,8,0.57,E,8,-9900,?,9,-9900,?,9,0.0,E,8,-9900,?,9,-9900,?,9,0.0,0.0,E,8
12/27/2021,06:00,107.214,1413.626,0.0,1,8,0.0,1,8,0.0,1,8,0.0,1,8,0.0,1,8,0.0,1,8,0.0,1,8,-9900,?,9,-9900,?,9,17.88,E,8,15.82,E,8,87.0,E,8,964.3861999999999,E,8,999.0,E,8,0.57,E,8,-9900,?,9,-9900,?,9,0.0,E,8,-9900,?,9,-9900,?,9,0.0,0.0,E,8
12/27/2021,07:00,419.293,1413.626,96.72,1,8,0.0,1,8,96.72,1,8,11606.4,1,8,0.0,1,8,10639.2,1,8,104.108,1,8,-9900,?,9,-9900,?,9,17.52,E,8,15.76,E,8,89.0,E,8,964.3861999999999,E,8,999.0,E,8,0.57,E,8,-9900,?,9,-9900,?,9,0.0,E,8,-9900,?,9,-9900,?,9,0.0,0.0,E,8
12/27/2021,08:00,719.34,1413.626,255.98,1,8,43.151,1,8,234.04,1,8,30717.6,1,8,4099.376,1,8,25744.437,1,8,146.523,1,8,-9900,?,9,-9900,?,9,20.95,E,8,16.37,E,8,75.0,E,8,964.3861999999999,E,8,999.0,E,8,0.57,E,8,-9900,?,9,-9900,?,9,0.0,E,8,-9900,?,9,-9900,?,9,0.0,0.0,E,8
12/27/2021,09:00,984.621,1413.626,268.87,1,8,10.313,1,8,261.689,1,8,32264.4,1,8,979.751,1,8,28785.778,1,8,119.629,1,8,-9900,?,9,-9900,?,9,21.55,E,8,16.47,E,8,72.0,E,8,964.3861999999999,E,8,999.0,E,8,0.57,E,8,-9900,?,9,-9900,?,9,0.0,E,8,-9900,?,9,-9900,?,9,0.0,0.0,E,8
12/27/2021,10:00,1196.817,1413.626,467.05,1,8,109.036,1,8,374.747,1,8,56046.0,1,8,10358.455,1,8,41222.208,1,8,140.911,1,8,-9900,?,9,-9900,?,9,22.81,E,8,16.69,E,8,68.0,E,8,964.3861999999999,E,8,999.0,E,8,0.57,E,8,-9900,?,9,-9900,?,9,0.0,E,8,-9900,?,9,-9900,?,9,0.0,0.0,E,8
12/27/2021,11:00,1341.407,1413.626,892.55,1,8,445.746,1,8,469.59,1,8,107106.0,1,8,42345.877,1,8,51654.893,1,8,157.528,1,8,-9900,?,9,-9900,?,9,25.23,E,8,17.1,E,8,60.0,E,8,964.3861999999999,E,8,999.0,E,8,0.57,E,8,-9900,?,9,-9900,?,9,0.0,E,8,-9900,?,9,-9900,?,9,0.0,0.0,E,8
12/27/2021,12:00,1408.514,1413.626,855.38,1,8,373.813,1,8,482.919,1,8,102645.6,1,8,35512.255,1,8,53121.14,1,8,154.276,1,8,-9900,?,9,-9900,?,9,26.71,E,8,17.34,E,8,56.0,E,8,964.3861999999999,E,8,999.0,E,8,0.68,E,8,-9900,?,9,-9900,?,9,0.0,E,8,-9900,?,9,-9900,?,9,0.0,0.0,E,8
12/27/2021,13:00,1393.555,1413.626,705.77,1,8,179.164,1,8,529.152,1,8,84692.4,1,8,17020.55,1,8,58206.671,1,8,170.861,1,8,-9900,?,9,-9900,?,9,27.36,E,8,17.45,E,8,54.0,E,8,964.3861999999999,E,8,999.0,E,8,1.23,E,8,-9900,?,9,-9900,?,9,0.0,E,8,-9900,?,9,-9900,?,9,0.0,0.0,E,8
12/27/2021,14:00,1297.55,1413.626,739.25,1,8,310.473,1,8,454.286,1,8,88710.0,1,8,29494.947,1,8,49971.487,1,8,157.548,1,8,-9900,?,9,-9900,?,9,27.93,E,8,17.54,E,8,53.0,E,8,964.3861999999999,E,8,999.0,E,8,1.77,E,8,-9900,?,9,-9900,?,9,0.0,E,8,-9900,?,9,-9900,?,9,0.0,0.0,E,8
12/27/2021,15:00,1127.045,1413.626,833.19,1,8,762.909,1,8,225.046,1,8,99982.8,1,8,72476.393,1,8,24755.056,1,8,89.864,1,8,-9900,?,9,-9900,?,9,28.57,E,8,17.64,E,8,51.0,E,8,964.3861999999999,E,8,999.0,E,8,1.33,E,8,-9900,?,9,-9900,?,9,0.0,E,8,-9900,?,9,-9900,?,9,0.0,0.0,E,8
12/27/2021,16:00,893.686,1413.626,543.95,1,8,460.591,1,8,252.895,1,8,65274.0,1,8,43756.167,1,8,27818.475,1,8,127.389,1,8,-9900,?,9,-9900,?,9,28.49,E,8,17.63,E,8,51.0,E,8,964.3861999999999,E,8,999.0,E,8,1.66,E,8,-9900,?,9,-9900,?,9,0.0,E,8,-9900,?,9,-9900,?,9,0.0,0.0,E,8
12/27/2021,17:00,613.467,1413.626,251.99,1,8,148.239,1,8,187.74,1,8,30238.8,1,8,14082.735,1,8,20651.386,1,8,137.878,1,8,-9900,?,9,-9900,?,9,27.55,E,8,17.48,E,8,54.0,E,8,964.3861999999999,E,8,999.0,E,8,2.76,E,8,-9900,?,9,-9900,?,9,0.0,E,8,-9900,?,9,-9900,?,9,0.0,0.0,E,8
12/27/2021,18:00,305.941,1413.626,187.17,1,8,376.006,1,8,106.263,1,8,22460.4,1,8,35720.525,1,8,11688.979,1,8,157.197,1,8,-9900,?,9,-9900,?,9,26.58,E,8,17.32,E,8,56.0,E,8,964.3861999999999,E,8,999.0,E,8,2.61,E,8,-9900,?,9,-9900,?,9,0.0,E,8,-9900,?,9,-9900,?,9,0.0,0.0,E,8
12/27/2021,19:00,2.362,1413.626,23.54,1,8,0.0,1,8,0.0,1,8,2824.8,1,8,0.0,1,8,0.0,1,8,-0.0,1,8,-9900,?,9,-9900,?,9,25.35,E,8,17.12,E,8,60.0,E,8,964.3861999999999,E,8,999.0,E,8,1.47,E,8,-9900,?,9,-9900,?,9,0.0,E,8,-9900,?,9,-9900,?,9,0.0,0.0,E,8
12/27/2021,20:00,0.0,1413.626,0.0,1,8,0.0,1,8,0.0,1,8,0.0,1,8,0.0,1,8,0.0,1,8,-0.0,1,8,-9900,?,9,-9900,?,9,24.59,E,8,16.99,E,8,62.0,E,8,964.3861999999999,E,8,999.0,E,8,1.25,E,8,-9900,?,9,-9900,?,9,0.0,E,8,-9900,?,9,-9900,?,9,0.0,0.0,E,8
12/27/2021,21:00,0.0,1413.626,0.0,1,8,0.0,1,8,0.0,1,8,0.0,1,8,0.0,1,8,0.0,1,8,-0.0,1,8,-9900,?,9,-9900,?,9,23.82,E,8,16.86,E,8,65.0,E,8,964.3861999999999,E,8,999.0,E,8,0.98,E,8,-9900,?,9,-9900,?,9,0.0,E,8,-9900,?,9,-9900,?,9,0.0,0.0,E,8
12/27/2021,22:00,0.0,1413.626,0.0,1,8,0.0,1,8,0.0,1,8,0.0,1,8,0.0,1,8,0.0,1,8,-0.0,1,8,-9900,?,9,-9900,?,9,23.06,E,8,16.73,E,8,67.0,E,8,964.3861999999999,E,8,999.0,E,8,0.66,E,8,-9900,?,9,-9900,?,9,0.0,E,8,-9900,?,9,-9900,?,9,0.0,0.0,E,8
12/27/2021,23:00,0.0,1413.626,0.0,1,8,0.0,1,8,0.0,1,8,0.0,1,8,0.0,1,8,0.0,1,8,-0.0,1,8,-9900,?,9,-9900,?,9,22.3,E,8,16.6,E,8,70.0,E,8,964.3861999999999,E,8,999.0,E,8,0.57,E,8,-9900,?,9,-9900,?,9,0.0,E,8,-9900,?,9,-9900,?,9,0.0,0.0,E,8
12/27/2021,24:00,0.0,1413.626,0.0,1,8,0.0,1,8,0.0,1,8,0.0,1,8,0.0,1,8,0.0,1,8,-0.0,1,8,-9900,?,9,-9900,?,9,21.53,E,8,17.96,E,8,80.0,E,8,964.3861999999999,E,8,999.0,E,8,0.8,E,8,-9900,?,9,-9900,?,9,0.0,E,8,-9900,?,9,-9900,?,9,0.0,0.0,E,8
12/28/2021,01:00,0.0,1413.626,0.0,1,8,0.0,1,8,0.0,1,8,0.0,1,8,0.0,1,8,0.0,1,8,-0.0,1,8,-9900,?,9,-9900,?,9,21.15,E,8,17.92,E,8,81.0,E,8,964.3861999999999,E,8,999.0,E,8,0.8,E,8,-9900,?,9,-9900,?,9,0.0,E,8,-9900,?,9,-9900,?,9,0.0,0.0,E,8
12/28/2021,02:00,0.0,1413.626,0.0,1,8,0.0,1,8,0.0,1,8,0.0,1,8,0.0,1,8,0.0,1,8,-0.0,1,8,-9900,?,9,-9900,?,9,20.77,E,8,17.88,E,8,83.0,E,8,964.3861999999999,E,8,999.0,E,8,0.8,E,8,-9900,?,9,-9900,?,9,0.0,E,8,-9900,?,9,-9900,?,9,0.0,0.0,E,8
12/28/2021,03:00,0.0,1413.626,0.0,1,8,0.0,1,8,0.0,1,8,0.0,1,8,0.0,1,8,0.0,1,8,-0.0,1,8,-9900,?,9,-9900,?,9,20.39,E,8,17.84,E,8,85.0,E,8,964.3861999999999,E,8,999.0,E,8,0.8,E,8,-9900,?,9,-9900,?,9,0.0,E,8,-9900,?,9,-9900,?,9,0.0,0.0,E,8
12/28/2021,04:00,0.0,1413.727,0.0,1,8,0.0,1,8,0.0,1,8,0.0,1,8,0.0,1,8,0.0,1,8,-0.0,1,8,-9900,?,9,-9900,?,9,20.0,E,8,17.8,E,8,87.0,E,8,964.3861999999999,E,8,999.0,E,8,0.8,E,8,-9900,?,9,-9900,?,9,0.0,E,8,-9900,?,9,-9900,?,9,0.0,0.0,E,8
12/28/2021,05:00,0.0,1413.727,0.0,1,8,0.0,1,8,0.0,1,8,0.0,1,8,0.0,1,8,0.0,1,8,-0.0,1,8,-9900,?,9,-9900,?,9,19.67,E,8,17.77,E,8,88.0,E,8,964.3861999999999,E,8,999.0,E,8,0.8,E,8,-9900,?,9,-9900,?,9,0.0,E,8,-9900,?,9,-9900,?,9,0.0,0.0,E,8
12/28/2021,06:00,104.318,1413.727,0.0,1,8,0.0,1,8,0.0,1,8,0.0,1,8,0.0,1,8,0.0,1,8,0.0,1,8,-9900,?,9,-9900,?,9,19.41,E,8,17.74,E,8,90.0,E,8,964.3861999999999,E,8,999.0,E,8,0.8,E,8,-9900,?,9,-9900,?,9,0.0,E,8,-9900,?,9,-9900,?,9,0.0,0.0,E,8
12/28/2021,07:00,416.474,1413.727,74.63,1,8,0.0,1,8,74.63,1,8,8955.6,1,8,0.0,1,8,8209.3,1,8,80.884,1,8,-9900,?,9,-9900,?,9,19.16,E,8,17.72,E,8,91.0,E,8,964.3861999999999,E,8,999.0,E,8,0.8,E,8,-9900,?,9,-9900,?,9,0.0,E,8,-9900,?,9,-9900,?,9,0.0,0.0,E,8
12/28/2021,08:00,716.846,1413.727,260.58,1,8,86.249,1,8,216.884,1,8,31269.6,1,8,8193.637,1,8,23857.192,1,8,136.265,1,8,-9900,?,9,-9900,?,9,22.01,E,8,18.0,E,8,78.0,E,8,964.3861999999999,E,8,999.0,E,8,0.8,E,8,-9900,?,9,-9900,?,9,0.0,E,8,-9900,?,9,-9900,?,9,0.0,0.0,E,8
12/28/2021,09:00,982.602,1413.727,447.83,1,8,119.998,1,8,364.453,1,8,53739.6,1,8,11399.775,1,8,40089.786,1,8,166.961,1,8,-9900,?,9,-9900,?,9,23.59,E,8,18.16,E,8,71.0,E,8,964.3861999999999,E,8,999.0,E,8,0.8,E,8,-9900,?,9,-9900,?,9,0.0,E,8,-9900,?,9,-9900,?,9,0.0,0.0,E,8
12/28/2021,10:00,1195.388,1413.727,609.54,1,8,218.011,1,8,425.22,1,8,73144.8,1,8,20711.066,1,8,46774.25,1,8,160.093,1,8,-9900,?,9,-9900,?,9,25.07,E,8,18.31,E,8,66.0,E,8,964.3861999999999,E,8,999.0,E,8,0.8,E,8,-9900,?,9,-9900,?,9,0.0,E,8,-9900,?,9,-9900,?,9,0.0,0.0,E,8
12/28/2021,11:00,1340.64,1413.727,731.5,1,8,151.212,1,8,588.11,1,8,87780.0,1,8,14365.186,1,8,64692.056,1,8,197.413,1,8,-9900,?,9,-9900,?,9,26.37,E,8,18.43,E,8,61.0,E,8,964.3861999999999,E,8,999.0,E,8,0.8,E,8,-9900,?,9,-9900,?,9,0.0,E,8,-9900,?,9,-9900,?,9,0.0,0.0,E,8
12/28/2021,12:00,1408.436,1413.727,804.33,1,8,312.363,1,8,493.137,1,8,96519.6,1,8,29674.457,1,8,54245.061,1,8,157.56,1,8,-9900,?,9,-9900,?,9,27.44,E,8,18.54,E,8,58.0,E,8,964.3861999999999,E,8,999.0,E,8,0.8,E,8,-9900,?,9,-9900,?,9,0.0,E,8,-9900,?,9,-9900,?,9,0.0,0.0,E,8
12/28/2021,13:00,1394.147,1413.727,822.64,1,8,358.016,1,8,469.585,1,8,98716.8,1,8,34011.53,1,8,51654.394,1,8,151.574,1,8,-9900,?,9,-9900,?,9,28.26,E,8,18.62,E,8,55.0,E,8,964.3861999999999,E,8,999.0,E,8,0.8,E,8,-9900,?,9,-9900,?,9,0.0,E,8,-9900,?,9,-9900,?,9,0.0,0.0,E,8
12/28/2021,14:00,1298.742,1413.727,785.11,1,8,408.174,1,8,410.155,1,8,94213.2,1,8,38776.493,1,8,45117.097,1,8,142.123,1,8,-9900,?,9,-9900,?,9,28.78,E,8,18.67,E,8,54.0,E,8,964.3861999999999,E,8,999.0,E,8,0.8,E,8,-9900,?,9,-9900,?,9,0.0,E,8,-9900,?,9,-9900,?,9,0.0,0.0,E,8
12/28/2021,15:00,1128.73,1413.727,694.46,1,8,466.99,1,8,321.674,1,8,83335.2,1,8,44364.083,1,8,35384.126,1,8,128.267,1,8,-9900,?,9,-9900,?,9,29.02,E,8,18.69,E,8,53.0,E,8,964.3861999999999,E,8,999.0,E,8,2.03,E,8,-9900,?,9,-9900,?,9,0.0,E,8,-9900,?,9,-9900,?,9,0.0,0.0,E,8
12/28/2021,16:00,895.721,1413.727,557.46,1,8,544.15,1,8,212.844,1,8,66895.2,1,8,51694.221,1,8,23412.834,1,8,106.978,1,8,-9900,?,9,-9900,?,9,28.96,E,8,18.68,E,8,53.0,E,8,964.3861999999999,E,8,999.0,E,8,1.78,E,8,-9900,?,9,-9900,?,9,0.0,E,8,-9900,?,9,-9900,?,9,0.0,0.0,E,8
12/28/2021,17:00,615.684,1413.727,384.96,1,8,567.846,1,8,137.969,1,8,46195.2,1,8,53945.397,1,8,15176.572,1,8,100.967,1,8,-9900,?,9,-9900,?,9,28.45,E,8,18.63,E,8,55.0,E,8,964.3861999999999,E,8,999.0,E,8,1.68,E,8,-9900,?,9,-9900,?,9,0.0,E,8,-9900,?,9,-9900,?,9,0.0,0.0,E,8
12/28/2021,18:00,308.152,1413.727,193.7,1,8,568.621,1,8,70.462,1,8,23244.0,1,8,54019.027,1,8,7750.776,1,8,103.486,1,8,-9900,?,9,-9900,?,9,27.56,E,8,18.55,E,8,57.0,E,8,964.3861999999999,E,8,999.0,E,8,1.04,E,8,-9900,?,9,-9900,?,9,0.0,E,8,-9900,?,9,-9900,?,9,0.0,0.0,E,8
12/28/2021,19:00,4.076,1413.727,24.95,1,8,0.0,1,8,0.0,1,8,2994.0,1,8,0.0,1,8,0.0,1,8,-0.0,1,8,-9900,?,9,-9900,?,9,26.44,E,8,18.44,E,8,61.0,E,8,964.3861999999999,E,8,999.0,E,8,1.32,E,8,-9900,?,9,-9900,?,9,0.0,E,8,-9900,?,9,-9900,?,9,0.0,0.0,E,8
12/28/2021,20:00,0.0,1413.727,0.0,1,8,0.0,1,8,0.0,1,8,0.0,1,8,0.0,1,8,0.0,1,8,-0.0,1,8,-9900,?,9,-9900,?,9,25.55,E,8,18.35,E,8,64.0,E,8,964.3861999999999,E,8,999.0,E,8,0.93,E,8,-9900,?,9,-9900,?,9,0.0,E,8,-9900,?,9,-9900,?,9,0.0,0.0,E,8
12/28/2021,21:00,0.0,1413.727,0.0,1,8,0.0,1,8,0.0,1,8,0.0,1,8,0.0,1,8,0.0,1,8,-0.0,1,8,-9900,?,9,-9900,?,9,24.67,E,8,18.27,E,8,67.0,E,8,964.3861999999999,E,8,999.0,E,8,0.8,E,8,-9900,?,9,-9900,?,9,0.0,E,8,-9900,?,9,-9900,?,9,0.0,0.0,E,8
12/28/2021,22:00,0.0,1413.727,0.0,1,8,0.0,1,8,0.0,1,8,0.0,1,8,0.0,1,8,0.0,1,8,-0.0,1,8,-9900,?,9,-9900,?,9,23.78,E,8,18.18,E,8,70.0,E,8,964.3861999999999,E,8,999.0,E,8,0.8,E,8,-9900,?,9,-9900,?,9,0.0,E,8,-9900,?,9,-9900,?,9,0.0,0.0,E,8
12/28/2021,23:00,0.0,1413.727,0.0,1,8,0.0,1,8,0.0,1,8,0.0,1,8,0.0,1,8,0.0,1,8,-0.0,1,8,-9900,?,9,-9900,?,9,22.89,E,8,18.09,E,8,74.0,E,8,964.3861999999999,E,8,999.0,E,8,0.8,E,8,-9900,?,9,-9900,?,9,0.0,E,8,-9900,?,9,-9900,?,9,0.0,0.0,E,8
12/28/2021,24:00,0.0,1413.727,0.0,1,8,0.0,1,8,0.0,1,8,0.0,1,8,0.0,1,8,0.0,1,8,-0.0,1,8,-9900,?,9,-9900,?,9,22.0,E,8,17.84,E,8,77.0,E,8,964.3861999999999,E,8,999.0,E,8,0.76,E,8,-9900,?,9,-9900,?,9,0.0,E,8,-9900,?,9,-9900,?,9,0.0,0.0,E,8
12/29/2021,01:00,0.0,1413.727,0.0,1,8,0.0,1,8,0.0,1,8,0.0,1,8,0.0,1,8,0.0,1,8,-0.0,1,8,-9900,?,9,-9900,?,9,21.56,E,8,17.81,E,8,79.0,E,8,964.3861999999999,E,8,999.0,E,8,0.76,E,8,-9900,?,9,-9900,?,9,0.0,E,8,-9900,?,9,-9900,?,9,0.0,0.0,E,8
12/29/2021,02:00,0.0,1413.727,0.0,1,8,0.0,1,8,0.0,1,8,0.0,1,8,0.0,1,8,0.0,1,8,-0.0,1,8,-9900,?,9,-9900,?,9,21.12,E,8,17.78,E,8,81.0,E,8,964.3861999999999,E,8,999.0,E,8,0.76,E,8,-9900,?,9,-9900,?,9,0.0,E,8,-9900,?,9,-9900,?,9,0.0,0.0,E,8
12/29/2021,03:00,0.0,1413.727,0.0,1,8,0.0,1,8,0.0,1,8,0.0,1,8,0.0,1,8,0.0,1,8,-0.0,1,8,-9900,?,9,-9900,?,9,20.67,E,8,17.74,E,8,83.0,E,8,964.3861999999999,E,8,999.0,E,8,0.76,E,8,-9900,?,9,-9900,?,9,0.0,E,8,-9900,?,9,-9900,?,9,0.0,0.0,E,8
12/29/2021,04:00,0.0,1413.813,0.0,1,8,0.0,1,8,0.0,1,8,0.0,1,8,0.0,1,8,0.0,1,8,-0.0,1,8,-9900,?,9,-9900,?,9,20.23,E,8,17.71,E,8,85.0,E,8,964.3861999999999,E,8,999.0,E,8,0.76,E,8,-9900,?,9,-9900,?,9,0.0,E,8,-9900,?,9,-9900,?,9,0.0,0.0,E,8
12/29/2021,05:00,0.0,1413.813,0.0,1,8,0.0,1,8,0.0,1,8,0.0,1,8,0.0,1,8,0.0,1,8,-0.0,1,8,-9900,?,9,-9900,?,9,19.84,E,8,17.68,E,8,87.0,E,8,964.3861999999999,E,8,999.0,E,8,0.76,E,8,-9900,?,9,-9900,?,9,0.0,E,8,-9900,?,9,-9900,?,9,0.0,0.0,E,8
12/29/2021,06:00,101.368,1413.813,0.0,1,8,0.0,1,8,0.0,1,8,0.0,1,8,0.0,1,8,0.0,1,8,0.0,1,8,-9900,?,9,-9900,?,9,19.54,E,8,17.66,E,8,88.0,E,8,964.3861999999999,E,8,999.0,E,8,0.76,E,8,-9900,?,9,-9900,?,9,0.0,E,8,-9900,?,9,-9900,?,9,0.0,0.0,E,8
12/29/2021,07:00,413.61,1413.813,72.41,1,8,0.0,1,8,72.41,1,8,8689.2,1,8,0.0,1,8,7965.1,1,8,79.029,1,8,-9900,?,9,-9900,?,9,19.25,E,8,17.64,E,8,90.0,E,8,964.3861999999999,E,8,999.0,E,8,0.76,E,8,-9900,?,9,-9900,?,9,0.0,E,8,-9900,?,9,-9900,?,9,0.0,0.0,E,8
12/29/2021,08:00,714.318,1413.813,380.55,1,8,300.825,1,8,228.69,1,8,45666.0,1,8,28578.363,1,8,25155.934,1,8,144.201,1,8,-9900,?,9,-9900,?,9,23.12,E,8,17.92,E,8,72.0,E,8,964.3861999999999,E,8,999.0,E,8,0.76,E,8,-9900,?,9,-9900,?,9,0.0,E,8,-9900,?,9,-9900,?,9,0.0,0.0,E,8
12/29/2021,09:00,980.56,1413.813,521.45,1,8,174.777,1,8,400.271,1,8,62574.0,1,8,16603.822,1,8,44029.763,1,8,183.764,1,8,-9900,?,9,-9900,?,9,24.8,E,8,18.05,E,8,66.0,E,8,964.3861999999999,E,8,999.0,E,8,0.76,E,8,-9900,?,9,-9900,?,9,0.0,E,8,-9900,?,9,-9900,?,9,0.0,0.0,E,8
12/29/2021,10:00,1193.942,1413.813,626.5,1,8,173.493,1,8,480.006,1,8,75180.0,1,8,16481.793,1,8,52800.622,1,8,180.949,1,8,-9900,?,9,-9900,?,9,26.09,E,8,18.14,E,8,61.0,E,8,964.3861999999999,E,8,999.0,E,8,0.76,E,8,-9900,?,9,-9900,?,9,0.0,E,8,-9900,?,9,-9900,?,9,0.0,0.0,E,8
12/29/2021,11:00,1339.86,1413.813,651.55,1,8,95.327,1,8,561.213,1,8,78186.0,1,8,9056.024,1,8,61733.401,1,8,188.506,1,8,-9900,?,9,-9900,?,9,26.95,E,8,18.2,E,8,58.0,E,8,964.3861999999999,E,8,999.0,E,8,1.02,E,8,-9900,?,9,-9900,?,9,0.0,E,8,-9900,?,9,-9900,?,9,0.0,0.0,E,8
12/29/2021,12:00,1408.345,1413.813,698.14,1,8,98.592,1,8,599.93,1,8,83776.8,1,8,9366.225,1,8,65992.264,1,8,191.705,1,8,-9900,?,9,-9900,?,9,27.65,E,8,18.26,E,8,56.0,E,8,964.3861999999999,E,8,999.0,E,8,1.06,E,8,-9900,?,9,-9900,?,9,0.0,E,8,-9900,?,9,-9900,?,9,0.0,0.0,E,8
12/29/2021,13:00,1394.72,1413.813,742.58,1,8,132.711,1,8,611.662,1,8,89109.6,1,8,12607.564,1,8,67282.83,1,8,197.365,1,8,-9900,?,9,-9900,?,9,28.26,E,8,18.3,E,8,54.0,E,8,964.3861999999999,E,8,999.0,E,8,1.22,E,8,-9900,?,9,-9900,?,9,0.0,E,8,-9900,?,9,-9900,?,9,0.0,0.0,E,8
12/29/2021,14:00,1299.909,1413.813,728.45,1,8,308.999,1,8,444.361,1,8,87414.0,1,8,29354.891,1,8,48879.7,1,8,153.847,1,8,-9900,?,9,-9900,?,9,28.69,E,8,18.33,E,8,53.0,E,8,964.3861999999999,E,8,999.0,E,8,1.4,E,8,-9900,?,9,-9900,?,9,0.0,E,8,-9900,?,9,-9900,?,9,0.0,0.0,E,8
12/29/2021,15:00,1130.38,1413.813,627.67,1,8,290.842,1,8,395.173,1,8,75320.4,1,8,27629.967,1,8,43469.048,1,8,157.354,1,8,-9900,?,9,-9900,?,9,28.83,E,8,18.34,E,8,53.0,E,8,964.3861999999999,E,8,999.0,E,8,1.72,E,8,-9900,?,9,-9900,?,9,0.0,E,8,-9900,?,9,-9900,?,9,0.0,0.0,E,8
12/29/2021,16:00,897.708,1413.813,610.42,1,8,679.142,1,8,179.382,1,8,73250.4,1,8,64518.519,1,8,19732.046,1,8,89.965,1,8,-9900,?,9,-9900,?,9,28.92,E,8,18.35,E,8,52.0,E,8,964.3861999999999,E,8,999.0,E,8,1.41,E,8,-9900,?,9,-9900,?,9,0.0,E,8,-9900,?,9,-9900,?,9,0.0,0.0,E,8
12/29/2021,17:00,617.84,1413.813,412.26,1,8,746.558,1,8,86.416,1,8,49471.2,1,8,70922.976,1,8,9505.739,1,8,63.023,1,8,-9900,?,9,-9900,?,9,28.51,E,8,18.32,E,8,54.0,E,8,964.3861999999999,E,8,999.0,E,8,1.26,E,8,-9900,?,9,-9900,?,9,0.0,E,8,-9900,?,9,-9900,?,9,0.0,0.0,E,8
12/29/2021,18:00,310.29,1413.813,194.71,1,8,567.584,1,8,70.841,1,8,23365.2,1,8,53920.442,1,8,7792.518,1,8,103.324,1,8,-9900,?,9,-9900,?,9,27.65,E,8,18.26,E,8,56.0,E,8,964.3861999999999,E,8,999.0,E,8,1.8,E,8,-9900,?,9,-9900,?,9,0.0,E,8,-9900,?,9,-9900,?,9,0.0,0.0,E,8
12/29/2021,19:00,5.723,1413.813,35.69,1,8,0.0,1,8,0.0,1,8,4282.8,1,8,0.0,1,8,0.0,1,8,-0.0,1,8,-9900,?,9,-9900,?,9,26.56,E,8,18.18,E,8,60.0,E,8,964.3861999999999,E,8,999.0,E,8,1.01,E,8,-9900,?,9,-9900,?,9,0.0,E,8,-9900,?,9,-9900,?,9,0.0,0.0,E,8
12/29/2021,20:00,0.0,1413.813,0.0,1,8,0.0,1,8,0.0,1,8,0.0,1,8,0.0,1,8,0.0,1,8,-0.0,1,8,-9900,?,9,-9900,?,9,25.67,E,8,18.11,E,8,63.0,E,8,964.3861999999999,E,8,999.0,E,8,0.76,E,8,-9900,?,9,-9900,?,9,0.0,E,8,-9900,?,9,-9900,?,9,0.0,0.0,E,8
12/29/2021,21:00,0.0,1413.813,0.0,1,8,0.0,1,8,0.0,1,8,0.0,1,8,0.0,1,8,0.0,1,8,-0.0,1,8,-9900,?,9,-9900,?,9,24.77,E,8,18.05,E,8,66.0,E,8,964.3861999999999,E,8,999.0,E,8,0.76,E,8,-9900,?,9,-9900,?,9,0.0,E,8,-9900,?,9,-9900,?,9,0.0,0.0,E,8
12/29/2021,22:00,0.0,1413.813,0.0,1,8,0.0,1,8,0.0,1,8,0.0,1,8,0.0,1,8,0.0,1,8,-0.0,1,8,-9900,?,9,-9900,?,9,23.88,E,8,17.98,E,8,69.0,E,8,964.3861999999999,E,8,999.0,E,8,0.81,E,8,-9900,?,9,-9900,?,9,0.0,E,8,-9900,?,9,-9900,?,9,0.0,0.0,E,8
12/29/2021,23:00,0.0,1413.813,0.0,1,8,0.0,1,8,0.0,1,8,0.0,1,8,0.0,1,8,0.0,1,8,-0.0,1,8,-9900,?,9,-9900,?,9,22.98,E,8,17.91,E,8,73.0,E,8,964.3861999999999,E,8,999.0,E,8,0.76,E,8,-9900,?,9,-9900,?,9,0.0,E,8,-9900,?,9,-9900,?,9,0.0,0.0,E,8
12/29/2021,24:00,0.0,1413.813,0.0,1,8,0.0,1,8,0.0,1,8,0.0,1,8,0.0,1,8,0.0,1,8,-0.0,1,8,-9900,?,9,-9900,?,9,22.09,E,8,19.91,E,8,87.0,E,8,964.3861999999999,E,8,999.0,E,8,0.86,E,8,-9900,?,9,-9900,?,9,0.0,E,8,-9900,?,9,-9900,?,9,0.0,0.0,E,8
12/30/2021,01:00,0.0,1413.813,0.0,1,8,0.0,1,8,0.0,1,8,0.0,1,8,0.0,1,8,0.0,1,8,-0.0,1,8,-9900,?,9,-9900,?,9,21.64,E,8,19.8,E,8,89.0,E,8,964.3861999999999,E,8,999.0,E,8,0.93,E,8,-9900,?,9,-9900,?,9,0.0,E,8,-9900,?,9,-9900,?,9,0.0,0.0,E,8
12/30/2021,02:00,0.0,1413.813,0.0,1,8,0.0,1,8,0.0,1,8,0.0,1,8,0.0,1,8,0.0,1,8,-0.0,1,8,-9900,?,9,-9900,?,9,21.2,E,8,19.69,E,8,91.0,E,8,964.3861999999999,E,8,999.0,E,8,1.76,E,8,-9900,?,9,-9900,?,9,0.0,E,8,-9900,?,9,-9900,?,9,0.0,0.0,E,8
12/30/2021,03:00,0.0,1413.813,0.0,1,8,0.0,1,8,0.0,1,8,0.0,1,8,0.0,1,8,0.0,1,8,-0.0,1,8,-9900,?,9,-9900,?,9,20.75,E,8,19.58,E,8,92.0,E,8,964.3861999999999,E,8,999.0,E,8,1.06,E,8,-9900,?,9,-9900,?,9,0.0,E,8,-9900,?,9,-9900,?,9,0.0,0.0,E,8
12/30/2021,04:00,0.0,1413.884,0.0,1,8,0.0,1,8,0.0,1,8,0.0,1,8,0.0,1,8,0.0,1,8,-0.0,1,8,-9900,?,9,-9900,?,9,20.3,E,8,19.47,E,8,94.0,E,8,964.3861999999999,E,8,999.0,E,8,0.86,E,8,-9900,?,9,-9900,?,9,0.0,E,8,-9900,?,9,-9900,?,9,0.0,0.0,E,8
12/30/2021,05:00,0.0,1413.884,0.0,1,8,0.0,1,8,0.0,1,8,0.0,1,8,0.0,1,8,0.0,1,8,-0.0,1,8,-9900,?,9,-9900,?,9,19.9,E,8,19.37,E,8,96.0,E,8,964.3861999999999,E,8,999.0,E,8,1.26,E,8,-9900,?,9,-9900,?,9,0.0,E,8,-9900,?,9,-9900,?,9,0.0,0.0,E,8
12/30/2021,06:00,98.367,1413.884,0.0,1,8,0.0,1,8,0.0,1,8,0.0,1,8,0.0,1,8,0.0,1,8,0.0,1,8,-9900,?,9,-9900,?,9,19.61,E,8,19.29,E,8,98.0,E,8,964.3861999999999,E,8,999.0,E,8,0.86,E,8,-9900,?,9,-9900,?,9,0.0,E,8,-9900,?,9,-9900,?,9,0.0,0.0,E,8
12/30/2021,07:00,410.702,1413.884,47.42,1,8,0.0,1,8,47.42,1,8,5690.4,1,8,0.0,1,8,5216.2,1,8,52.126,1,8,-9900,?,9,-9900,?,9,19.31,E,8,19.22,E,8,99.0,E,8,964.3861999999999,E,8,999.0,E,8,1.13,E,8,-9900,?,9,-9900,?,9,0.0,E,8,-9900,?,9,-9900,?,9,0.0,0.0,E,8
12/30/2021,08:00,711.759,1413.884,170.54,1,8,5.864,1,8,167.591,1,8,20464.8,1,8,557.035,1,8,18434.988,1,8,106.061,1,8,-9900,?,9,-9900,?,9,21.67,E,8,19.81,E,8,89.0,E,8,964.3861999999999,E,8,999.0,E,8,0.88,E,8,-9900,?,9,-9900,?,9,0.0,E,8,-9900,?,9,-9900,?,9,0.0,0.0,E,8
12/30/2021,09:00,978.495,1413.884,295.08,1,8,23.096,1,8,279.101,1,8,35409.6,1,8,2194.114,1,8,30701.142,1,8,128.412,1,8,-9900,?,9,-9900,?,9,23.02,E,8,20.14,E,8,83.0,E,8,964.3861999999999,E,8,999.0,E,8,1.01,E,8,-9900,?,9,-9900,?,9,0.0,E,8,-9900,?,9,-9900,?,9,0.0,0.0,E,8
12/30/2021,10:00,1192.481,1413.884,402.86,1,8,31.051,1,8,376.674,1,8,48343.2,1,8,2949.859,1,8,41434.179,1,8,142.177,1,8,-9900,?,9,-9900,?,9,24.27,E,8,20.44,E,8,79.0,E,8,964.3861999999999,E,8,999.0,E,8,0.86,E,8,-9900,?,9,-9900,?,9,0.0,E,8,-9900,?,9,-9900,?,9,0.0,0.0,E,8
12/30/2021,11:00,1339.067,1413.884,484.37,1,8,50.776,1,8,436.282,1,8,58124.4,1,8,4823.747,1,8,47991.046,1,8,146.637,1,8,-9900,?,9,-9900,?,9,25.38,E,8,20.71,E,8,75.0,E,8,964.3861999999999,E,8,999.0,E,8,1.09,E,8,-9900,?,9,-9900,?,9,0.0,E,8,-9900,?,9,-9900,?,9,0.0,0.0,E,8
12/30/2021,12:00,1408.24,1413.884,533.31,1,8,56.738,1,8,476.799,1,8,63997.2,1,8,5390.122,1,8,52447.836,1,8,152.378,1,8,-9900,?,9,-9900,?,9,26.29,E,8,20.92,E,8,72.0,E,8,964.3861999999999,E,8,999.0,E,8,1.19,E,8,-9900,?,9,-9900,?,9,0.0,E,8,-9900,?,9,-9900,?,9,0.0,0.0,E,8
12/30/2021,13:00,1395.274,1413.884,546.07,1,8,64.622,1,8,482.299,1,8,65528.4,1,8,6139.086,1,8,53052.903,1,8,155.569,1,8,-9900,?,9,-9900,?,9,26.99,E,8,21.08,E,8,70.0,E,8,964.3861999999999,E,8,999.0,E,8,0.86,E,8,-9900,?,9,-9900,?,9,0.0,E,8,-9900,?,9,-9900,?,9,0.0,0.0,E,8
12/30/2021,14:00,1301.05,1413.884,521.73,1,8,85.271,1,8,443.268,1,8,62607.6,1,8,8100.727,1,8,48759.52,1,8,153.342,1,8,-9900,?,9,-9900,?,9,27.44,E,8,21.19,E,8,68.0,E,8,964.3861999999999,E,8,999.0,E,8,0.86,E,8,-9900,?,9,-9900,?,9,0.0,E,8,-9900,?,9,-9900,?,9,0.0,0.0,E,8
12/30/2021,15:00,1131.992,1413.884,462.06,1,8,66.351,1,8,408.946,1,8,55447.2,1,8,6303.338,1,8,44984.113,1,8,162.614,1,8,-9900,?,9,-9900,?,9,27.65,E,8,21.23,E,8,68.0,E,8,964.3861999999999,E,8,999.0,E,8,0.86,E,8,-9900,?,9,-9900,?,9,0.0,E,8,-9900,?,9,-9900,?,9,0.0,0.0,E,8
12/30/2021,16:00,899.646,1413.884,371.5,1,8,69.021,1,8,327.601,1,8,44580.0,1,8,6557.029,1,8,36036.119,1,8,163.955,1,8,-9900,?,9,-9900,?,9,27.6,E,8,21.22,E,8,68.0,E,8,964.3861999999999,E,8,999.0,E,8,0.86,E,8,-9900,?,9,-9900,?,9,0.0,E,8,-9900,?,9,-9900,?,9,0.0,0.0,E,8
12/30/2021,17:00,619.932,1413.884,257.21,1,8,124.057,1,8,202.883,1,8,30865.2,1,8,11785.414,1,8,22317.092,1,8,147.468,1,8,-9900,?,9,-9900,?,9,27.18,E,8,21.13,E,8,69.0,E,8,964.3861999999999,E,8,999.0,E,8,0.86,E,8,-9900,?,9,-9900,?,9,0.0,E,8,-9900,?,9,-9900,?,9,0.0,0.0,E,8
12/30/2021,18:00,312.35,1413.884,130.26,1,8,188.872,1,8,88.766,1,8,15631.2,1,8,17942.796,1,8,9764.276,1,8,128.612,1,8,-9900,?,9,-9900,?,9,26.43,E,8,20.95,E,8,71.0,E,8,964.3861999999999,E,8,999.0,E,8,0.86,E,8,-9900,?,9,-9900,?,9,0.0,E,8,-9900,?,9,-9900,?,9,0.0,0.0,E,8
12/30/2021,19:00,7.299,1413.884,17.53,1,8,0.0,1,8,0.0,1,8,2103.6,1,8,0.0,1,8,0.0,1,8,-0.0,1,8,-9900,?,9,-9900,?,9,25.49,E,8,20.73,E,8,74.0,E,8,964.3861999999999,E,8,999.0,E,8,0.86,E,8,-9900,?,9,-9900,?,9,0.0,E,8,-9900,?,9,-9900,?,9,0.0,0.0,E,8
12/30/2021,20:00,0.0,1413.884,0.0,1,8,0.0,1,8,0.0,1,8,0.0,1,8,0.0,1,8,0.0,1,8,-0.0,1,8,-9900,?,9,-9900,?,9,24.65,E,8,20.53,E,8,77.0,E,8,964.3861999999999,E,8,999.0,E,8,0.86,E,8,-9900,?,9,-9900,?,9,0.0,E,8,-9900,?,9,-9900,?,9,0.0,0.0,E,8
12/30/2021,21:00,0.0,1413.884,0.0,1,8,0.0,1,8,0.0,1,8,0.0,1,8,0.0,1,8,0.0,1,8,-0.0,1,8,-9900,?,9,-9900,?,9,23.8,E,8,20.33,E,8,80.0,E,8,964.3861999999999,E,8,999.0,E,8,0.86,E,8,-9900,?,9,-9900,?,9,0.0,E,8,-9900,?,9,-9900,?,9,0.0,0.0,E,8
12/30/2021,22:00,0.0,1413.884,0.0,1,8,0.0,1,8,0.0,1,8,0.0,1,8,0.0,1,8,0.0,1,8,-0.0,1,8,-9900,?,9,-9900,?,9,22.96,E,8,20.13,E,8,84.0,E,8,964.3861999999999,E,8,999.0,E,8,0.86,E,8,-9900,?,9,-9900,?,9,0.0,E,8,-9900,?,9,-9900,?,9,0.0,0.0,E,8
12/30/2021,23:00,0.0,1413.884,0.0,1,8,0.0,1,8,0.0,1,8,0.0,1,8,0.0,1,8,0.0,1,8,-0.0,1,8,-9900,?,9,-9900,?,9,22.12,E,8,19.92,E,8,87.0,E,8,964.3861999999999,E,8,999.0,E,8,0.86,E,8,-9900,?,9,-9900,?,9,0.0,E,8,-9900,?,9,-9900,?,9,0.0,0.0,E,8
12/30/2021,24:00,0.0,1413.884,0.0,1,8,0.0,1,8,0.0,1,8,0.0,1,8,0.0,1,8,0.0,1,8,-0.0,1,8,-9900,?,9,-9900,?,9,21.28,E,8,17.41,E,8,78.0,E,8,964.3861999999999,E,8,999.0,E,8,0.41,E,8,-9900,?,9,-9900,?,9,0.0,E,8,-9900,?,9,-9900,?,9,0.0,0.0,E,8
12/31/2021,01:00,0.0,1413.884,0.0,1,8,0.0,1,8,0.0,1,8,0.0,1,8,0.0,1,8,0.0,1,8,-0.0,1,8,-9900,?,9,-9900,?,9,20.86,E,8,17.33,E,8,80.0,E,8,964.3861999999999,E,8,999.0,E,8,0.41,E,8,-9900,?,9,-9900,?,9,0.0,E,8,-9900,?,9,-9900,?,9,0.0,0.0,E,8
12/31/2021,02:00,0.0,1413.884,0.0,1,8,0.0,1,8,0.0,1,8,0.0,1,8,0.0,1,8,0.0,1,8,-0.0,1,8,-9900,?,9,-9900,?,9,20.44,E,8,17.25,E,8,81.0,E,8,964.3861999999999,E,8,999.0,E,8,0.41,E,8,-9900,?,9,-9900,?,9,0.0,E,8,-9900,?,9,-9900,?,9,0.0,0.0,E,8
12/31/2021,03:00,0.0,1413.884,0.0,1,8,0.0,1,8,0.0,1,8,0.0,1,8,0.0,1,8,0.0,1,8,-0.0,1,8,-9900,?,9,-9900,?,9,20.02,E,8,17.16,E,8,83.0,E,8,964.3861999999999,E,8,999.0,E,8,0.41,E,8,-9900,?,9,-9900,?,9,0.0,E,8,-9900,?,9,-9900,?,9,0.0,0.0,E,8
12/31/2021,04:00,0.0,1413.941,0.0,1,8,0.0,1,8,0.0,1,8,0.0,1,8,0.0,1,8,0.0,1,8,-0.0,1,8,-9900,?,9,-9900,?,9,19.6,E,8,17.08,E,8,85.0,E,8,964.3861999999999,E,8,999.0,E,8,0.41,E,8,-9900,?,9,-9900,?,9,0.0,E,8,-9900,?,9,-9900,?,9,0.0,0.0,E,8
12/31/2021,05:00,0.0,1413.941,0.0,1,8,0.0,1,8,0.0,1,8,0.0,1,8,0.0,1,8,0.0,1,8,-0.0,1,8,-9900,?,9,-9900,?,9,19.22,E,8,17.0,E,8,86.0,E,8,964.3861999999999,E,8,999.0,E,8,0.41,E,8,-9900,?,9,-9900,?,9,0.0,E,8,-9900,?,9,-9900,?,9,0.0,0.0,E,8
12/31/2021,06:00,95.32,1413.941,0.0,1,8,0.0,1,8,0.0,1,8,0.0,1,8,0.0,1,8,0.0,1,8,0.0,1,8,-9900,?,9,-9900,?,9,18.95,E,8,16.95,E,8,88.0,E,8,964.3861999999999,E,8,999.0,E,8,0.41,E,8,-9900,?,9,-9900,?,9,0.0,E,8,-9900,?,9,-9900,?,9,0.0,0.0,E,8
12/31/2021,07:00,407.755,1413.941,46.46,1,8,0.0,1,8,46.46,1,8,5575.2,1,8,0.0,1,8,5110.6,1,8,51.445,1,8,-9900,?,9,-9900,?,9,18.67,E,8,16.89,E,8,89.0,E,8,964.3861999999999,E,8,999.0,E,8,0.41,E,8,-9900,?,9,-9900,?,9,0.0,E,8,-9900,?,9,-9900,?,9,0.0,0.0,E,8
12/31/2021,08:00,709.171,1413.941,169.69,1,8,5.669,1,8,166.849,1,8,20362.8,1,8,538.514,1,8,18353.43,1,8,105.982,1,8,-9900,?,9,-9900,?,9,21.14,E,8,17.39,E,8,79.0,E,8,964.3861999999999,E,8,999.0,E,8,0.41,E,8,-9900,?,9,-9900,?,9,0.0,E,8,-9900,?,9,-9900,?,9,0.0,0.0,E,8
12/31/2021,09:00,976.41,1413.941,294.64,1,8,23.165,1,8,278.649,1,8,35356.8,1,8,2200.635,1,8,30651.349,1,8,128.483,1,8,-9900,?,9,-9900,?,9,22.56,E,8,17.67,E,8,73.0,E,8,964.3861999999999,E,8,999.0,E,8,0.55,E,8,-9900,?,9,-9900,?,9,0.0,E,8,-9900,?,9,-9900,?,9,0.0,0.0,E,8
12/31/2021,10:00,1191.004,1413.941,402.89,1,8,31.221,1,8,376.595,1,8,48346.8,1,8,2965.971,1,8,41425.45,1,8,142.329,1,8,-9900,?,9,-9900,?,9,23.89,E,8,17.92,E,8,69.0,E,8,964.3861999999999,E,8,999.0,E,8,0.59,E,8,-9900,?,9,-9900,?,9,0.0,E,8,-9900,?,9,-9900,?,9,0.0,0.0,E,8
12/31/2021,11:00,1338.261,1413.941,484.85,1,8,51.091,1,8,436.495,1,8,58182.0,1,8,4853.65,1,8,48014.473,1,8,146.803,1,8,-9900,?,9,-9900,?,9,25.06,E,8,18.15,E,8,65.0,E,8,964.3861999999999,E,8,999.0,E,8,0.9,E,8,-9900,?,9,-9900,?,9,0.0,E,8,-9900,?,9,-9900,?,9,0.0,0.0,E,8
12/31/2021,12:00,1408.12,1413.941,534.21,1,8,57.115,1,8,477.33,1,8,64105.2,1,8,5425.959,1,8,52506.29,1,8,152.567,1,8,-9900,?,9,-9900,?,9,26.03,E,8,18.33,E,8,62.0,E,8,964.3861999999999,E,8,999.0,E,8,1.64,E,8,-9900,?,9,-9900,?,9,0.0,E,8,-9900,?,9,-9900,?,9,0.0,0.0,E,8
12/31/2021,13:00,1395.809,1413.941,547.3,1,8,65.065,1,8,483.07,1,8,65676.0,1,8,6181.164,1,8,53137.697,1,8,155.765,1,8,-9900,?,9,-9900,?,9,26.76,E,8,18.47,E,8,60.0,E,8,964.3861999999999,E,8,999.0,E,8,1.77,E,8,-9900,?,9,-9900,?,9,0.0,E,8,-9900,?,9,-9900,?,9,0.0,0.0,E,8
12/31/2021,14:00,1302.162,1413.941,523.19,1,8,85.866,1,8,444.116,1,8,62782.8,1,8,8157.276,1,8,48852.783,1,8,153.51,1,8,-9900,?,9,-9900,?,9,27.24,E,8,18.56,E,8,59.0,E,8,964.3861999999999,E,8,999.0,E,8,1.76,E,8,-9900,?,9,-9900,?,9,0.0,E,8,-9900,?,9,-9900,?,9,0.0,0.0,E,8
12/31/2021,15:00,1133.565,1413.941,463.63,1,8,66.816,1,8,410.072,1,8,55635.6,1,8,6347.554,1,8,45107.881,1,8,162.842,1,8,-9900,?,9,-9900,?,9,27.47,E,8,18.6,E,8,58.0,E,8,964.3861999999999,E,8,999.0,E,8,1.78,E,8,-9900,?,9,-9900,?,9,0.0,E,8,-9900,?,9,-9900,?,9,0.0,0.0,E,8
12/31/2021,16:00,901.531,1413.941,373.04,1,8,69.492,1,8,328.751,1,8,44764.8,1,8,6601.706,1,8,36162.609,1,8,164.193,1,8,-9900,?,9,-9900,?,9,27.42,E,8,18.59,E,8,58.0,E,8,964.3861999999999,E,8,999.0,E,8,2.04,E,8,-9900,?,9,-9900,?,9,0.0,E,8,-9900,?,9,-9900,?,9,0.0,0.0,E,8
12/31/2021,17:00,621.958,1413.941,258.6,1,8,136.416,1,8,198.667,1,8,31032.0,1,8,12959.483,1,8,21853.383,1,8,143.938,1,8,-9900,?,9,-9900,?,9,26.98,E,8,18.51,E,8,59.0,E,8,964.3861999999999,E,8,999.0,E,8,2.17,E,8,-9900,?,9,-9900,?,9,0.0,E,8,-9900,?,9,-9900,?,9,0.0,0.0,E,8
12/31/2021,18:00,314.33,1413.941,156.204,1,8,412.361,1,8,65.034,1,8,18744.48,1,8,39174.332,1,8,7153.701,1,8,93.629,1,8,-9900,?,9,-9900,?,9,26.024,E,8,18.328,E,8,62.2,E,8,964.3861999999999,E,8,999.0,E,8,1.778,E,8,-9900,?,9,-9900,?,9,0.0,E,8,-9900,?,9,-9900,?,9,0.0,0.0,E,8
12/31/2021,19:00,8.803,1413.941,81.596,1,8,0.0,1,8,0.0,1,8,9791.52,1,8,0.0,1,8,0.0,1,8,-0.0,1,8,-9900,?,9,-9900,?,9,25.228,E,8,18.178,E,8,64.6,E,8,964.3861999999999,E,8,999.0,E,8,1.472,E,8,-9900,?,9,-9900,?,9,0.0,E,8,-9900,?,9,-9900,?,9,0.0,0.0,E,8
12/31/2021,20:00,0.0,1413.941,29.876,1,8,0.0,1,8,0.0,1,8,3585.12,1,8,0.0,1,8,0.0,1,8,-0.0,1,8,-9900,?,9,-9900,?,9,24.344,E,8,18.01,E,8,67.4,E,8,964.3861999999999,E,8,999.0,E,8,1.196,E,8,-9900,?,9,-9900,?,9,0.0,E,8,-9900,?,9,-9900,?,9,0.0,0.0,E,8
12/31/2021,21:00,0.0,1413.941,3.606,1,8,0.0,1,8,0.0,1,8,432.72,1,8,0.0,1,8,0.0,1,8,-0.0,1,8,-9900,?,9,-9900,?,9,23.44,E,8,17.836,E,8,70.4,E,8,964.3861999999999,E,8,999.0,E,8,0.828,E,8,-9900,?,9,-9900,?,9,0.0,E,8,-9900,?,9,-9900,?,9,0.0,0.0,E,8
12/31/2021,22:00,0.0,1413.941,0.0,1,8,0.0,1,8,0.0,1,8,0.0,1,8,0.0,1,8,0.0,1,8,-0.0,1,8,-9900,?,9,-9900,?,9,23.128,E,8,18.358,E,8,73.8,E,8,964.3861999999999,E,8,999.0,E,8,0.718,E,8,-9900,?,9,-9900,?,9,0.0,E,8,-9900,?,9,-9900,?,9,0.0,0.0,E,8
12/31/2021,23:00,0.0,1413.941,0.0,1,8,0.0,1,8,0.0,1,8,0.0,1,8,0.0,1,8,0.0,1,8,-0.0,1,8,-9900,?,9,-9900,?,9,22.898,E,8,18.878,E,8,77.0,E,8,964.3861999999999,E,8,999.0,E,8,0.718,E,8,-9900,?,9,-9900,?,9,0.0,E,8,-9900,?,9,-9900,?,9,0.0,0.0,E,8
12/31/2017,24:00,0.0,1413.982,0.0,1,8,0.0,1,8,0.0,1,8,0.0,1,8,0.0,1,8,0.0,1,8,-0.0,1,8,-9900,?,9,-9900,?,9,22.75,E,8,19.396,E,8,80.0,E,8,964.3861999999999,E,8,999.0,E,8,0.804,E,8,-9900,?,9,-9900,?,9,0.0,E,8,-9900,?,9,-9900,?,9,0.0,0.0,E,8
